Pos	A	C	G	T	Other	Total
1	0	0	0	0	0	0
2	0	0	0	0	0	0
3	0	0	0	0	0	0
4	4	0	0	0	0	4
5	7	0	0	0	0	7
6	7	0	0	0	0	7
7	0	0	9	0	0	9
8	0	0	14	0	0	14
9	0	0	0	23	0	23
10	0	0	0	33	0	33
11	0	0	0	36	0	36
12	77	0	0	2	0	79
13	1	0	0	249	0	250
14	583	0	0	8	0	591
15	0	964	0	0	0	964
16	0	1794	0	2	0	1796
17	10	0	0	3899	0	3909
18	14	0	0	4239	0	4253
19	2	5376	2	9	0	5389
20	1	5897	1	3	0	5902
21	0	6586	0	14	0	6600
22	6818	1	2	55	0	6876
23	7	4	6918	1	0	6930
24	10	9	6718	2	0	6739
25	10	0	1	7500	0	7511
26	7946	1	1	39	0	7987
27	8113	0	0	18	0	8131
28	5	8183	7	6	0	8201
29	9495	3	2	47	0	9547
30	10032	1	4	52	0	10089
31	10297	0	0	43	0	10340
32	4	10358	1	9	0	10372
33	3	10742	8	5	0	10758
34	11192	3	0	31	0	11226
35	11353	1	1	34	0	11389
36	3	11482	2	5	0	11492
37	3	12158	6	9	0	12176
38	12296	3	2	34	0	12335
39	12325	1	0	22	0	12348
40	6	12312	4	10	0	12332
41	9	4	0	12847	0	12860
42	4	2	0	12909	0	12915
43	10	0	0	12864	0	12874
44	2	12819	2	6	0	12829
45	7	9	12611	1	0	12628
46	11812	6	8	23	0	11849
47	4	0	1	13143	0	13148
48	2	13034	4	12	0	13052
49	3	4	0	13351	0	13358
50	1	13253	3	11	0	13268
51	10	6	1	13405	0	13422
52	10	5	0	13488	0	13503
53	2	14	13530	10	0	13556
54	12	2	8	13319	0	13341
55	13533	1	6	38	0	13578
56	10	7	13328	4	0	13349
57	13004	2	14	36	0	13056
58	19	1	4	13735	0	13759
59	5	13689	5	19	0	13718
60	8	11	1	13963	0	13983
61	8	9	13924	19	0	13960
62	18	11	12	13558	0	13599
63	5	1	4	13979	0	13989
64	1	14062	7	51	0	14121
65	9	12	1	14354	0	14376
66	32	14142	12	19	0	14205
67	5	12	2	14382	0	14401
68	14301	5	3	64	0	14373
69	14051	3	1	48	0	14103
70	14159	2	0	43	0	14204
71	30	14345	5	27	0	14407
72	30	25	14023	2	0	14080
73	13786	8	21	50	0	13865
74	14657	3	13	32	0	14705
75	33	14928	8	14	0	14983
76	32	36	1	12936	0	13005
77	16	19	0	13091	0	13126
78	20	10	9	11996	0	12035
79	12136	2	2	170	0	12310
80	12209	1	1	91	0	12302
81	12196	2	1	68	0	12267
82	12388	1	5	60	0	12454
83	141	4	3	12301	0	12449
84	56	12265	8	83	0	12412
85	40	79	2	12688	0	12809
86	24	54	12654	103	0	12835
87	54	11	92	12761	0	12918
88	24	19	13146	140	0	13329
89	56	4	124	13040	0	13224
90	23	24	13502	143	0	13692
91	33	23	13176	74	0	13306
92	18	13875	204	43	0	14140
93	48	150	66	14240	0	14504
94	23	59	14821	168	0	15071
95	66	27	179	14396	0	14668
96	15	14744	79	178	0	15016
97	14925	162	42	149	0	15278
98	154	15555	40	55	0	15804
99	105	187	30	15346	0	15668
100	26	15714	29	165	0	15934
101	28	199	15176	71	0	15474
102	28	102	14882	57	0	15069
103	22	15398	240	48	0	15708
104	54	196	91	15643	0	15984
105	29	98	15722	189	0	16038
106	23	15599	211	117	0	15950
107	15552	214	85	118	0	15969
108	213	86	44	15744	0	16087
109	83	60	16102	192	0	16437
110	44	16089	201	106	0	16440
111	73	202	89	16275	0	16639
112	61	93	57	16305	0	16516
113	15776	53	49	324	0	16202
114	190	62	15931	118	0	16301
115	112	45	190	15726	0	16073
116	44	45	15632	219	0	15940
117	38	14332	223	127	0	14720
118	13779	199	118	130	0	14226
119	168	13556	75	87	0	13886
120	103	220	74	12936	0	13333
121	40	12931	56	204	0	13231
122	12566	225	60	142	0	12993
123	202	12756	60	85	0	13103
124	93	249	12477	88	0	12907
125	61	12565	215	68	0	12909
126	12165	250	104	102	0	12621
127	220	140	12439	69	0	12868
128	137	106	228	12400	0	12871
129	11972	78	139	254	0	12443
130	262	80	78	11702	0	12122
131	11798	64	83	319	0	12264
132	11880	92	69	167	0	12208
133	367	59	79	11642	0	12147
134	161	81	70	11755	0	12067
135	11459	73	58	394	0	11984
136	11408	64	57	212	0	11741
137	377	76	63	11137	0	11653
138	11150	75	67	334	0	11626
139	11288	73	51	206	0	11618
140	374	11126	74	133	0	11707
141	203	275	51	11244	0	11773
142	11265	134	74	328	0	11801
143	11529	82	63	230	0	11904
144	388	86	70	11340	0	11884
145	223	68	74	11599	0	11964
146	11365	70	81	423	0	11939
147	321	11395	67	219	0	12002
148	187	275	74	11439	0	11975
149	141	160	11380	334	0	12015
150	161	108	262	11099	0	11630
151	114	11236	121	349	0	11820
152	104	280	11216	208	0	11808
153	136	153	288	11040	0	11617
154	168	125	122	10786	0	11201
155	113	98	11207	395	0	11813
156	10425	100	294	268	0	11087
157	322	11363	151	178	0	12014
158	11344	315	112	188	0	11959
159	353	131	11324	162	0	11970
160	191	124	11371	137	0	11823
161	10778	101	342	187	0	11408
162	329	11356	165	159	0	12009
163	11300	283	129	203	0	11915
164	356	11352	105	145	0	11958
165	226	324	11305	150	0	12005
166	11009	170	300	188	0	11667
167	387	131	11472	136	0	12126
168	237	118	326	11317	0	11998
169	11327	105	172	394	0	11998
170	11361	103	124	245	0	11833
171	425	11125	131	158	0	11839
172	239	354	109	10786	0	11488
173	178	10904	111	364	0	11557
174	186	299	10728	210	0	11423
175	188	224	277	9968	0	10657
176	155	9894	161	324	0	10534
177	155	277	121	9891	0	10444
178	9365	158	118	333	0	9974
179	293	134	106	9462	0	9995
180	166	9429	119	294	0	10008
181	159	261	101	9565	0	10086
182	141	147	115	9598	0	10001
183	135	9455	127	316	0	10033
184	150	260	106	9542	0	10058
185	128	142	9314	327	0	9911
186	131	9243	228	221	0	9823
187	8630	225	140	188	0	9183
188	249	132	8733	153	0	9267
189	155	122	8538	159	0	8974
190	135	8384	249	146	0	8914
191	169	221	170	7979	0	8539
192	133	164	7819	209	0	8325
193	147	6690	195	168	0	7200
194	158	189	111	7043	0	7501
195	150	132	96	7164	0	7542
196	6979	130	87	239	0	7435
197	211	7031	86	159	0	7487
198	148	194	6597	145	0	7084
199	148	128	6609	142	0	7027
200	161	125	174	6598	0	7058
201	146	120	133	7575	0	7974
202	144	99	126	7819	0	8188
203	113	8984	81	355	0	9533
204	141	362	9296	224	0	10023
205	130	188	382	9565	0	10265
206	123	10160	189	443	0	10915
207	146	10980	105	250	0	11481
208	135	548	11427	218	0	12328
209	157	264	508	11292	0	12221
210	152	168	12483	600	0	13403
211	153	141	612	12408	0	13314
212	165	121	248	13138	0	13672
213	157	129	12767	770	0	13823
214	130	12610	620	410	0	13770
215	12389	594	281	306	0	13570
216	615	299	12729	211	0	13854
217	309	12626	622	170	0	13727
218	227	13308	294	190	0	14019
219	175	779	12696	208	0	13858
220	12374	352	632	219	0	13577
221	708	261	314	11369	0	12652
222	315	12688	212	584	0	13799
223	12706	671	176	311	0	13864
224	743	315	180	11950	0	13188
225	326	12560	155	661	0	13702
226	12687	641	176	363	0	13867
227	687	343	12328	251	0	13609
228	349	12404	608	241	0	13602
229	12036	636	318	272	0	13262
230	638	12216	197	251	0	13302
231	11984	738	161	213	0	13096
232	761	387	146	11363	0	12657
233	359	11554	175	638	0	12726
234	303	643	160	11761	0	12867
235	11542	366	171	740	0	12819
236	692	269	11402	367	0	12730
237	344	225	11726	330	0	12625
238	334	248	763	11095	0	12440
239	270	249	368	11511	0	12398
240	251	240	270	11290	0	12051
241	184	11023	251	877	0	12335
242	207	672	10828	467	0	12174
243	249	380	667	10274	0	11570
244	204	10512	388	692	0	11796
245	219	11101	287	402	0	12009
246	200	839	10849	293	0	12181
247	187	463	11035	258	0	11943
248	204	334	11331	251	0	12120
249	203	282	894	10674	0	12053
250	158	291	11055	710	0	12214
251	250	279	768	10866	0	12163
252	183	268	11072	762	0	12285
253	10365	292	779	429	0	11865
254	671	11161	423	315	0	12570
255	343	12374	363	255	0	13335
256	279	898	12572	258	0	14007
257	12116	497	795	287	0	13695
258	12913	374	445	244	0	13976
259	13049	278	364	302	0	13993
260	1002	271	12248	276	0	13797
261	472	294	12768	279	0	13813
262	341	304	968	12297	0	13910
263	12420	283	501	854	0	14058
264	12781	305	403	470	0	13959
265	936	262	12273	381	0	13852
266	12373	270	880	292	0	13815
267	893	288	517	12154	0	13852
268	406	293	12489	872	0	14060
269	345	277	12755	493	0	13870
270	11839	300	1069	426	0	13634
271	778	285	12633	372	0	14068
272	12199	274	1012	398	0	13883
273	870	309	12569	324	0	14072
274	440	11783	1084	349	0	13656
275	376	12719	644	335	0	14074
276	324	970	546	12015	0	13855
277	323	527	517	12887	0	14254
278	311	394	12507	1011	0	14223
279	353	352	1006	12016	0	13727
280	338	11819	612	930	0	13699
281	352	12385	555	479	0	13771
282	379	13074	438	407	0	14298
283	384	1125	446	12364	0	14319
284	362	650	12454	846	0	14312
285	363	491	12818	497	0	14169
286	425	378	1183	12227	0	14213
287	404	351	698	12691	0	14144
288	428	390	499	12039	0	13356
289	392	12258	488	1069	0	14207
290	12286	890	434	613	0	14223
291	12510	505	457	487	0	13959
292	1036	12415	427	451	0	14329
293	599	956	12548	394	0	14497
294	12608	539	983	401	0	14531
295	963	425	12889	404	0	14681
296	12618	376	1069	386	0	14449
297	13072	371	654	409	0	14506
298	13049	373	575	424	0	14421
299	12917	341	477	500	0	14235
300	1066	12480	510	482	0	14538
301	11470	829	416	473	0	13188
302	915	11420	431	472	0	13238
303	9872	767	458	341	0	11438
304	702	9526	444	349	0	11021
305	436	689	8615	343	0	10083
306	379	722	651	7315	0	9067
307	324	7553	492	496	0	8865
308	298	7434	487	364	0	8583
309	6674	517	437	443	0	8071
310	6297	304	341	322	0	7264
311	467	6340	286	358	0	7451
312	323	401	326	6049	0	7099
313	326	6501	390	315	0	7532
314	6565	489	285	267	0	7606
315	505	353	6528	216	0	7602
316	363	323	493	6234	0	7413
317	345	330	365	6292	0	7332
318	328	332	329	6436	0	7425
319	348	234	6423	441	0	7446
320	364	6234	415	269	0	7282
321	316	6592	321	288	0	7517
322	343	462	286	6510	0	7601
323	380	293	6666	361	0	7700
324	325	288	439	6528	0	7580
325	317	331	342	6700	0	7690
326	385	269	294	6734	0	7682
327	284	269	376	6790	0	7719
328	6605	302	312	461	0	7680
329	489	6602	305	315	0	7711
330	6660	440	313	305	0	7718
331	460	321	6655	271	0	7707
332	299	292	6792	330	0	7713
333	339	316	468	5968	0	7091
334	306	267	346	6624	0	7543
335	321	6813	372	419	0	7925
336	250	343	6998	367	0	7958
337	233	6932	539	369	0	8073
338	233	354	7098	418	0	8103
339	6547	259	459	399	0	7664
340	392	7086	355	322	0	8155
341	277	454	7184	265	0	8180
342	299	313	481	6987	0	8080
343	255	294	7198	419	0	8166
344	255	7153	498	247	0	8153
345	262	403	408	6879	0	7952
346	283	7040	400	410	0	8133
347	256	342	7239	312	0	8149
348	300	241	502	6951	0	7994
349	7024	243	342	443	0	8052
350	463	6929	355	260	0	8007
351	382	408	6902	244	0	7936
352	339	397	451	6424	0	7611
353	379	273	6807	332	0	7791
354	303	292	6181	216	0	6992
355	284	5690	454	210	0	6638
356	297	249	349	4958	0	5853
357	360	193	239	4974	0	5766
358	362	160	249	4929	0	5700
359	329	169	5074	261	0	5833
360	261	187	5040	205	0	5693
361	4592	192	384	209	0	5377
362	295	197	4933	268	0	5693
363	4705	172	292	205	0	5374
364	324	4785	282	207	0	5598
365	244	228	314	4708	0	5494
366	276	4932	229	253	0	5690
367	194	5133	226	269	0	5822
368	193	284	5102	160	0	5739
369	205	220	318	4919	0	5662
370	251	212	5015	226	0	5704
371	175	210	4813	170	0	5368
372	4742	200	272	172	0	5386
373	231	203	5067	182	0	5683
374	183	266	4870	199	0	5518
375	4671	253	230	213	0	5367
376	195	197	4897	278	0	5567
377	201	177	5002	240	0	5620
378	178	186	267	4718	0	5349
379	161	4995	154	244	0	5554
380	160	320	141	4970	0	5591
381	150	274	154	4909	0	5487
382	4971	220	139	244	0	5574
383	207	144	168	4949	0	5468
384	202	4995	205	193	0	5595
385	4992	186	183	187	0	5548
386	223	148	4953	220	0	5544
387	4775	136	155	197	0	5263
388	249	161	5255	137	0	5802
389	235	194	5397	69	0	5895
390	248	5698	182	77	0	6205
391	5778	202	138	89	0	6207
392	224	5911	145	74	0	6354
393	204	184	5844	71	0	6303
394	230	142	167	5361	0	5900
395	182	5877	173	137	0	6369
396	6007	191	94	110	0	6402
397	6021	139	78	101	0	6339
398	279	5955	76	90	0	6400
399	6066	215	92	81	0	6454
400	181	199	82	5878	0	6340
401	142	6097	85	155	0	6479
402	94	208	88	6263	0	6653
403	94	146	81	6625	0	6946
404	6675	130	75	208	0	7088
405	6540	83	105	157	0	6885
406	6586	94	74	127	0	6881
407	189	115	6530	91	0	6925
408	6409	100	157	102	0	6768
409	203	93	104	6643	0	7043
410	137	79	6649	172	0	7037
411	58	88	6374	144	0	6664
412	54	6427	207	129	0	6817
413	6024	162	110	131	0	6427
414	132	6285	103	95	0	6615
415	83	139	116	6200	0	6538
416	64	102	84	6313	0	6563
417	54	72	6342	210	0	6678
418	75	61	159	6069	0	6364
419	53	67	6408	166	0	6694
420	45	112	6088	113	0	6358
421	48	6316	153	120	0	6637
422	55	110	114	6244	0	6523
423	70	82	112	6217	0	6481
424	6127	72	81	188	0	6468
425	104	71	6128	134	0	6437
426	71	55	131	6307	0	6564
427	6330	47	110	155	0	6642
428	117	70	6344	102	0	6633
429	6157	85	138	94	0	6474
430	6407	65	115	81	0	6668
431	135	72	6621	54	0	6882
432	88	62	172	6394	0	6716
433	54	52	116	6590	0	6812
434	42	66	6706	159	0	6973
435	6442	68	151	95	0	6756
436	6702	80	122	71	0	6975
437	6553	76	103	72	0	6804
438	6614	51	108	71	0	6844
439	6565	65	85	79	0	6794
440	133	108	5623	92	0	5956
441	74	59	6513	83	0	6729
442	57	6585	152	94	0	6888
443	58	110	6714	64	0	6946
444	55	81	127	6576	0	6839
445	138	63	105	5051	0	5357
446	78	71	79	6714	0	6942
447	63	40	101	6785	0	6989
448	74	35	6810	166	0	7085
449	83	6618	125	92	0	6918
450	58	7008	112	60	0	7238
451	53	116	93	6761	0	7023
452	50	7077	82	146	0	7355
453	7026	108	86	81	0	7301
454	7023	69	71	82	0	7245
455	159	7285	59	69	0	7572
456	104	110	58	7327	0	7599
457	79	60	65	7531	0	7735
458	70	53	7568	171	0	7862
459	6975	49	151	103	0	7278
460	7732	49	98	75	0	7954
461	181	7938	68	62	0	8249
462	8039	122	88	77	0	8326
463	187	84	8118	70	0	8459
464	115	8045	135	84	0	8379
465	86	8335	104	78	0	8603
466	85	8430	91	68	0	8674
467	91	174	87	8288	0	8640
468	8226	96	82	167	0	8571
469	198	60	80	8375	0	8713
470	133	56	8648	180	0	9017
471	123	59	199	8572	0	8953
472	91	67	8847	205	0	9210
473	89	59	223	8496	0	8867
474	96	65	136	8382	0	8679
475	88	8740	94	236	0	9158
476	8860	170	97	167	0	9294
477	220	99	92	8650	0	9061
478	153	8880	68	202	0	9303
479	8880	187	78	145	0	9290
480	7595	128	93	173	0	7989
481	8936	77	79	145	0	9237
482	248	8858	82	112	0	9300
483	152	181	8881	106	0	9320
484	120	127	188	8787	0	9222
485	136	82	124	8574	0	8916
486	108	8792	95	256	0	9251
487	132	180	8708	145	0	9165
488	101	110	8508	110	0	8829
489	8189	81	244	105	0	8619
490	209	91	126	8284	0	8710
491	141	75	8566	192	0	8974
492	101	8738	177	144	0	9160
493	120	150	131	8322	0	8723
494	99	8840	98	180	0	9217
495	109	173	8699	128	0	9109
496	8186	105	182	129	0	8602
497	8614	85	135	112	0	8946
498	234	8693	88	97	0	9112
499	165	154	74	8624	0	9017
500	114	109	8634	203	0	9060
501	103	8516	173	141	0	8933
502	8216	157	117	126	0	8616
503	182	8019	72	99	0	8372
504	136	8118	74	93	0	8421
505	132	190	69	7970	0	8361
506	112	8090	67	148	0	8417
507	8006	148	97	112	0	8363
508	188	109	70	8037	0	8404
509	108	79	7791	171	0	8149
510	76	74	7585	106	0	7841
511	83	73	201	7620	0	7977
512	60	7716	117	161	0	8054
513	7756	158	68	115	0	8097
514	140	127	66	7585	0	7918
515	88	89	7644	179	0	8000
516	75	63	144	7713	0	7995
517	75	68	125	7754	0	8022
518	7659	63	69	231	0	8022
519	157	55	96	7639	0	7947
520	102	77	7536	178	0	7893
521	92	85	7344	121	0	7642
522	79	74	179	7536	0	7868
523	83	64	107	7597	0	7851
524	96	78	7681	204	0	8059
525	6802	77	168	148	0	7195
526	162	79	7564	120	0	7925
527	136	7501	153	130	0	7920
528	106	141	133	7697	0	8077
529	108	107	7698	161	0	8074
530	115	69	7504	123	0	7811
531	79	84	207	7303	0	7673
532	7386	87	123	218	0	7814
533	144	70	7460	177	0	7851
534	114	7446	181	113	0	7854
535	7509	150	127	116	0	7902
536	194	116	7532	102	0	7944
537	7223	76	176	115	0	7590
538	7584	70	131	110	0	7895
539	213	7871	80	107	0	8271
540	131	160	100	7553	0	7944
541	89	7763	98	153	0	8103
542	80	159	7616	135	0	7990
543	7508	139	165	131	0	7943
544	7866	85	120	128	0	8199
545	191	91	7889	123	0	8294
546	146	99	7719	95	0	8059
547	102	8052	213	101	0	8468
548	8207	177	138	113	0	8635
549	193	131	102	8146	0	8572
550	128	118	89	7845	0	8180
551	106	8078	88	208	0	8480
552	7999	180	95	148	0	8422
553	179	138	8169	112	0	8598
554	141	93	181	8647	0	9062
555	8896	96	124	235	0	9351
556	217	9128	76	170	0	9591
557	144	213	9921	122	0	10400
558	100	137	10082	92	0	10411
559	139	98	348	9638	0	10223
560	93	10112	181	284	0	10670
561	94	319	10234	144	0	10791
562	120	166	303	9935	0	10524
563	10214	102	184	332	0	10832
564	297	107	10499	178	0	11081
565	200	110	316	10356	0	10982
566	100	86	10611	356	0	11153
567	97	64	10874	172	0	11207
568	102	100	418	10606	0	11226
569	84	68	10959	353	0	11464
570	9050	68	397	237	0	9752
571	314	70	10696	137	0	11217
572	9974	67	344	138	0	10523
573	301	10454	222	108	0	11085
574	10832	285	120	162	0	11399
575	297	11072	134	100	0	11603
576	210	314	116	11025	0	11665
577	137	167	111	11446	0	11861
578	117	98	11178	396	0	11789
579	109	88	11244	190	0	11631
580	113	71	457	11326	0	11967
581	98	88	11530	358	0	12074
582	127	76	406	10924	0	11533
583	75	11114	258	348	0	11795
584	95	11748	167	213	0	12223
585	120	415	148	11445	0	12128
586	126	217	141	11661	0	12145
587	96	134	11498	427	0	12155
588	103	104	395	11190	0	11792
589	101	11093	221	393	0	11808
590	78	11248	194	245	0	11765
591	74	11485	182	176	0	11917
592	100	432	145	10637	0	11314
593	88	10937	156	354	0	11535
594	10676	365	150	226	0	11417
595	327	184	164	10688	0	11363
596	177	142	10644	399	0	11362
597	156	121	372	10564	0	11213
598	95	127	10871	428	0	11521
599	80	123	10868	251	0	11322
600	88	114	10977	185	0	11364
601	90	10774	475	179	0	11518
602	99	335	11020	149	0	11603
603	10716	194	435	179	0	11524
604	11021	150	252	179	0	11602
605	11273	142	178	172	0	11765
606	451	119	193	11066	0	11829
607	11049	96	175	446	0	11766
608	343	10702	212	260	0	11517
609	182	11409	206	199	0	11996
610	11266	395	220	200	0	12081
611	346	196	11448	172	0	12162
612	200	154	421	11259	0	12034
613	153	145	11590	384	0	12272
614	135	145	11543	252	0	12075
615	127	11515	509	200	0	12351
616	171	354	311	10806	0	11642
617	144	203	234	11759	0	12340
618	11423	162	221	511	0	12317
619	369	11445	192	300	0	12306
620	207	11801	209	217	0	12434
621	169	442	11650	205	0	12466
622	141	11845	434	191	0	12611
623	11534	420	300	198	0	12452
624	11595	268	275	208	0	12346
625	437	196	11865	193	0	12691
626	233	186	12010	189	0	12618
627	195	167	552	11245	0	12159
628	164	182	366	11372	0	12084
629	151	11448	302	520	0	12421
630	161	405	273	11488	0	12327
631	173	258	257	11541	0	12229
632	161	11462	244	533	0	12400
633	188	395	252	11575	0	12410
634	178	252	262	11358	0	12050
635	166	11180	244	545	0	12135
636	160	402	11226	324	0	12112
637	179	239	496	11447	0	12361
638	11386	200	321	509	0	12416
639	11195	189	296	327	0	12007
640	494	198	10978	249	0	11919
641	10617	202	462	270	0	11551
642	11098	214	304	263	0	11879
643	459	10982	276	270	0	11987
644	255	428	10739	267	0	11689
645	195	295	10891	251	0	11632
646	182	224	543	11180	0	12129
647	11298	177	347	542	0	12364
648	11984	178	315	356	0	12833
649	530	170	297	12828	0	13825
650	13853	199	236	598	0	14886
651	14395	210	282	348	0	15235
652	14166	216	247	329	0	14958
653	646	213	13935	272	0	15066
654	368	197	13915	244	0	14724
655	13413	158	665	283	0	14519
656	532	173	13704	249	0	14658
657	252	12671	551	217	0	13691
658	222	386	386	12471	0	13465
659	187	224	12744	468	0	13623
660	175	200	12623	263	0	13261
661	214	186	523	12013	0	12936
662	168	145	12519	462	0	13294
663	210	127	12186	280	0	12803
664	182	11044	528	220	0	11974
665	170	12072	303	232	0	12777
666	11982	394	303	203	0	12882
667	373	233	252	11812	0	12670
668	11863	174	237	421	0	12695
669	371	154	11727	247	0	12499
670	274	150	400	11549	0	12373
671	209	169	280	11879	0	12537
672	11576	169	235	455	0	12435
673	350	11683	210	286	0	12529
674	230	379	10788	228	0	11625
675	171	256	11113	208	0	11748
676	162	11322	433	245	0	12162
677	162	359	11302	230	0	12053
678	168	11097	459	199	0	11923
679	153	10936	291	231	0	11611
680	199	410	10675	229	0	11513
681	10301	211	420	228	0	11160
682	381	177	257	10962	0	11777
683	209	11221	228	361	0	12019
684	213	384	210	11318	0	12125
685	11263	209	202	446	0	12120
686	11387	189	214	291	0	12081
687	11333	177	266	205	0	11981
688	396	177	11066	228	0	11867
689	269	189	416	10773	0	11647
690	188	11275	242	342	0	12047
691	11652	377	218	254	0	12501
692	382	209	225	11733	0	12549
693	268	217	214	11558	0	12257
694	262	176	190	12092	0	12720
695	227	147	11674	450	0	12498
696	10700	143	441	283	0	11567
697	394	11569	281	230	0	12474
698	277	311	265	11651	0	12504
699	243	192	255	11791	0	12481
700	11601	149	228	423	0	12401
701	419	173	10984	259	0	11835
702	278	162	11619	186	0	12245
703	268	11472	427	197	0	12364
704	263	345	11855	188	0	12651
705	11039	219	400	210	0	11868
706	382	11794	267	237	0	12680
707	260	375	11955	211	0	12801
708	11114	245	433	220	0	12012
709	423	208	12322	185	0	13138
710	292	12312	442	200	0	13246
711	245	365	312	12329	0	13251
712	215	228	235	12701	0	13379
713	195	171	12405	471	0	13242
714	229	158	12151	257	0	12795
715	240	12188	480	213	0	13121
716	12027	376	292	252	0	12947
717	396	12450	260	234	0	13340
718	323	375	253	12348	0	13299
719	234	298	12367	401	0	13300
720	11265	214	438	269	0	12186
721	435	157	315	12043	0	12950
722	284	11720	274	408	0	12686
723	262	12495	269	254	0	13280
724	241	409	269	12384	0	13303
725	227	247	269	12667	0	13410
726	12356	192	265	502	0	13315
727	421	186	250	12623	0	13480
728	268	189	12505	490	0	13452
729	12176	202	454	295	0	13127
730	12817	169	275	316	0	13577
731	499	164	12739	272	0	13674
732	12609	194	449	242	0	13494
733	485	172	298	13126	0	14081
734	343	159	251	13292	0	14045
735	305	185	243	13394	0	14127
736	289	166	270	12956	0	13681
737	269	13028	245	509	0	14051
738	13311	405	254	285	0	14255
739	13696	225	239	278	0	14438
740	576	198	13791	230	0	14795
741	13977	144	510	251	0	14882
742	14950	159	321	258	0	15688
743	15226	200	266	248	0	15940
744	15723	176	284	229	0	16412
745	749	15193	263	205	0	16410
746	434	526	215	14946	0	16121
747	332	267	14908	534	0	16041
748	348	180	13940	326	0	14794
749	12280	194	642	323	0	13439
750	12577	142	337	191	0	13247
751	583	11894	230	200	0	12907
752	11991	357	260	201	0	12809
753	453	12013	295	168	0	12929
754	325	375	250	12024	0	12974
755	12413	219	214	423	0	13269
756	12240	204	242	254	0	12940
757	12332	201	195	251	0	12979
758	486	12038	196	266	0	12986
759	12238	371	258	188	0	13055
760	512	213	221	12111	0	13057
761	12307	192	193	461	0	13153
762	497	179	11905	232	0	12813
763	333	11977	406	207	0	12923
764	12170	421	197	240	0	13028
765	501	257	12090	198	0	13046
766	381	169	389	11967	0	12906
767	289	180	12263	439	0	13171
768	309	154	11988	231	0	12682
769	316	182	477	11987	0	12962
770	254	186	12385	459	0	13284
771	276	156	455	12259	0	13146
772	348	180	260	12471	0	13259
773	12547	184	268	473	0	13472
774	465	12487	260	265	0	13477
775	286	12884	224	247	0	13641
776	252	13280	201	255	0	13988
777	243	493	12921	231	0	13888
778	318	285	434	12556	0	13593
779	271	237	13152	443	0	14103
780	12325	188	461	300	0	13274
781	13017	181	254	275	0	13727
782	520	13040	222	258	0	14040
783	356	414	207	12826	0	13803
784	350	13054	205	471	0	14080
785	13317	397	195	293	0	14202
786	600	228	186	13152	0	14166
787	369	244	13143	437	0	14193
788	307	12896	436	310	0	13949
789	302	412	13017	321	0	14052
790	334	261	433	12876	0	13904
791	326	203	12970	513	0	14012
792	12057	178	500	379	0	13114
793	514	222	12906	298	0	13940
794	327	12870	516	292	0	14005
795	336	415	366	12930	0	14047
796	352	235	285	13299	0	14171
797	13084	243	264	539	0	14130
798	13167	198	263	388	0	14016
799	567	12874	247	327	0	14015
800	390	426	12812	275	0	13903
801	317	265	12704	244	0	13530
802	12403	241	543	276	0	13463
803	587	269	12747	259	0	13862
804	378	238	12456	235	0	13307
805	363	248	12450	251	0	13312
806	335	274	12430	233	0	13272
807	356	12350	603	242	0	13551
808	12528	432	387	259	0	13606
809	577	274	341	12090	0	13282
810	12157	266	311	494	0	13228
811	581	11933	313	333	0	13160
812	12025	437	292	343	0	13097
813	602	12293	322	257	0	13474
814	452	481	270	12104	0	13307
815	397	12759	248	477	0	13881
816	443	504	12505	296	0	13748
817	366	12984	505	294	0	14149
818	352	533	358	14021	0	15264
819	14158	312	344	578	0	15392
820	692	260	300	14152	0	15404
821	472	259	14045	620	0	15396
822	443	294	576	13553	0	14866
823	410	13937	368	593	0	15308
824	404	534	13928	430	0	15296
825	13895	285	605	397	0	15182
826	760	259	354	14394	0	15767
827	14226	259	355	663	0	15503
828	14382	279	353	413	0	15427
829	811	14285	330	342	0	15768
830	13998	544	351	376	0	15269
831	14445	321	356	353	0	15475
832	833	14117	319	309	0	15578
833	532	525	318	14161	0	15536
834	490	369	315	14157	0	15331
835	440	14043	325	650	0	15458
836	442	592	289	14455	0	15778
837	457	389	14256	604	0	15706
838	519	333	586	14031	0	15469
839	451	287	13999	624	0	15361
840	469	285	13114	383	0	14251
841	497	12750	626	329	0	14202
842	472	12876	391	309	0	14048
843	470	13255	354	309	0	14388
844	431	634	328	12433	0	13826
845	339	448	12636	502	0	13925
846	12064	314	568	388	0	13334
847	529	294	455	12730	0	14008
848	403	277	12831	498	0	14009
849	451	302	12595	334	0	13682
850	433	12873	523	335	0	14164
851	375	568	367	12710	0	14020
852	12647	371	323	524	0	13865
853	517	12450	297	400	0	13664
854	401	12380	319	360	0	13460
855	431	12450	307	337	0	13525
856	416	586	351	12227	0	13580
857	366	12824	301	541	0	14032
858	374	579	371	13437	0	14761
859	362	430	338	13851	0	14981
860	322	335	13579	763	0	14999
861	11852	328	683	503	0	13366
862	589	314	13962	395	0	15260
863	420	396	656	13713	0	15185
864	356	312	14144	645	0	15457
865	278	13838	725	519	0	15360
866	13753	620	538	477	0	15388
867	611	434	470	13476	0	14991
868	404	376	442	14048	0	15270
869	13737	357	367	867	0	15328
870	13654	308	421	557	0	14940
871	14067	360	343	486	0	15256
872	760	376	13670	426	0	15232
873	13004	368	639	393	0	14404
874	659	13388	456	359	0	14862
875	463	13738	381	366	0	14948
876	381	821	400	13122	0	14724
877	409	477	430	13102	0	14418
878	366	13079	371	836	0	14652
879	437	648	386	13228	0	14699
880	13015	461	336	795	0	14607
881	729	455	12983	492	0	14659
882	461	13034	628	450	0	14573
883	12431	687	479	507	0	14104
884	627	12957	423	418	0	14425
885	521	727	12772	390	0	14410
886	418	488	700	12698	0	14304
887	374	384	12929	751	0	14438
888	342	12705	768	495	0	14310
889	390	658	576	12728	0	14352
890	388	481	12674	749	0	14292
891	378	398	12793	529	0	14098
892	486	397	807	12640	0	14330
893	12553	398	594	773	0	14318
894	12757	451	430	568	0	14206
895	12936	385	375	559	0	14255
896	878	416	12784	438	0	14516
897	619	12805	692	407	0	14523
898	519	685	507	12833	0	14544
899	425	525	471	12729	0	14150
900	402	12857	519	760	0	14538
901	12830	724	467	545	0	14566
902	741	528	416	12988	0	14673
903	459	461	13004	770	0	14694
904	392	12946	746	554	0	14638
905	12506	724	533	535	0	14298
906	645	12906	423	525	0	14499
907	547	788	364	12654	0	14353
908	479	597	334	12910	0	14320
909	462	458	348	13045	0	14313
910	435	496	12541	899	0	14371
911	441	497	612	12419	0	13969
912	419	12210	475	806	0	13910
913	384	12423	383	655	0	13845
914	383	833	11834	548	0	13598
915	10784	601	668	577	0	12630
916	11685	463	517	559	0	13224
917	755	11481	403	565	0	13204
918	10565	645	362	613	0	12185
919	10521	467	323	554	0	11865
920	706	10587	383	541	0	12217
921	559	629	396	10688	0	12272
922	459	516	10868	742	0	12585
923	437	514	10529	564	0	12044
924	10536	449	708	522	0	12215
925	760	10820	425	489	0	12494
926	517	713	336	10943	0	12509
927	466	501	347	11059	0	12373
928	450	486	313	11032	0	12281
929	10628	481	326	856	0	12291
930	648	469	344	10817	0	12278
931	488	447	356	10950	0	12241
932	329	504	10402	879	0	12114
933	9497	432	618	691	0	11238
934	530	10240	477	573	0	11820
935	10127	663	408	543	0	11741
936	561	10086	421	501	0	11569
937	445	637	427	10091	0	11600
938	9919	489	398	743	0	11549
939	10136	444	430	541	0	11551
940	664	437	9860	444	0	11405
941	10009	453	560	478	0	11500
942	658	464	10115	409	0	11646
943	486	417	9869	398	0	11170
944	396	389	9818	462	0	11065
945	369	360	10677	420	0	11826
946	392	372	747	10543	0	12054
947	361	344	10746	784	0	12235
948	378	376	717	10587	0	12058
949	10501	355	485	798	0	12139
950	699	403	368	10559	0	12029
951	10326	364	335	857	0	11882
952	720	10342	337	547	0	11946
953	495	704	313	10457	0	11969
954	417	531	10249	755	0	11952
955	371	10633	612	580	0	12196
956	399	668	408	10413	0	11888
957	350	421	10314	787	0	11872
958	335	9831	618	605	0	11389
959	367	10063	410	528	0	11368
960	387	643	9886	383	0	11299
961	453	409	624	9486	0	10972
962	345	335	9576	639	0	10895
963	8924	297	641	508	0	10370
964	9362	294	414	439	0	10509
965	668	9205	329	340	0	10542
966	9396	555	227	389	0	10567
967	677	344	243	9340	0	10604
968	432	321	9090	665	0	10508
969	8820	257	541	437	0	10055
970	659	266	8976	366	0	10267
971	483	8849	573	312	0	10217
972	9050	583	441	309	0	10383
973	620	403	338	9018	0	10379
974	338	408	9042	605	0	10393
975	8867	354	552	442	0	10215
976	9006	297	342	495	0	10140
977	9148	264	308	428	0	10148
978	695	320	301	8865	0	10181
979	450	270	279	9217	0	10216
980	389	251	8871	688	0	10199
981	305	8694	618	450	0	10067
982	327	581	357	8660	0	9925
983	369	322	332	9104	0	10127
984	269	341	8856	659	0	10125
985	275	240	8989	442	0	9946
986	297	224	653	8864	0	10038
987	8533	228	468	645	0	9874
988	544	8696	344	390	0	9974
989	8716	519	251	466	0	9952
990	614	8685	329	365	0	9993
991	390	541	8752	321	0	10004
992	371	309	8937	374	0	9991
993	8653	267	608	334	0	9862
994	9667	251	407	292	0	10617
995	714	9378	311	320	0	10723
996	409	545	9260	356	0	10570
997	367	349	583	9157	0	10456
998	316	306	366	9098	0	10086
999	284	9144	338	768	0	10534
1000	310	600	279	9409	0	10598
1001	316	371	9309	701	0	10697
1002	9005	331	601	470	0	10407
1003	9499	249	406	401	0	10555
1004	9346	295	349	344	0	10334
1005	9788	255	279	317	0	10639
1006	816	274	9145	322	0	10557
1007	9215	214	591	388	0	10408
1008	728	209	9221	365	0	10523
1009	424	8997	695	351	0	10467
1010	402	533	454	9260	0	10649
1011	9442	306	372	655	0	10775
1012	686	343	318	9836	0	11183
1013	440	249	9893	680	0	11262
1014	9956	183	671	414	0	11224
1015	10482	186	379	380	0	11427
1016	883	199	357	10002	0	11441
1017	556	216	309	10428	0	11509
1018	450	183	10058	775	0	11466
1019	384	10026	635	502	0	11547
1020	9854	549	418	438	0	11259
1021	674	284	9591	345	0	10894
1022	9187	248	657	326	0	10418
1023	744	9283	418	290	0	10735
1024	9394	514	364	307	0	10579
1025	735	9051	280	320	0	10386
1026	435	9303	291	372	0	10401
1027	447	608	302	9190	0	10547
1028	378	344	283	9508	0	10513
1029	404	289	286	9553	0	10532
1030	361	220	269	9681	0	10531
1031	305	236	9210	786	0	10537
1032	9011	211	664	441	0	10327
1033	9567	220	353	378	0	10518
1034	9731	225	375	306	0	10637
1035	856	234	289	9261	0	10640
1036	567	211	285	9601	0	10664
1037	9501	189	303	746	0	10739
1038	9643	157	305	490	0	10595
1039	9752	198	300	389	0	10639
1040	846	182	317	9194	0	10539
1041	556	207	285	9292	0	10340
1042	421	200	8847	669	0	10137
1043	367	191	8689	493	0	9740
1044	348	8476	681	431	0	9936
1045	7810	451	512	370	0	9143
1046	7844	254	320	373	0	8791
1047	7913	243	302	346	0	8804
1048	659	218	7788	356	0	9021
1049	7867	210	421	329	0	8827
1050	8077	192	298	374	0	8941
1051	8217	207	305	284	0	9013
1052	643	228	262	7848	0	8981
1053	472	187	270	7946	0	8875
1054	455	204	305	7889	0	8853
1055	393	239	7079	568	0	8279
1056	6825	165	423	471	0	7884
1057	539	7035	346	328	0	8248
1058	6620	364	248	288	0	7520
1059	527	6300	252	273	0	7352
1060	434	6397	273	283	0	7387
1061	424	322	257	6347	0	7350
1062	404	245	283	6196	0	7128
1063	444	6081	205	406	0	7136
1064	6257	292	193	326	0	7068
1065	6273	261	226	273	0	7033
1066	544	184	219	6075	0	7022
1067	421	162	6069	442	0	7094
1068	396	155	5908	299	0	6758
1069	402	147	6067	310	0	6926
1070	351	164	6082	282	0	6879
1071	5847	209	402	260	0	6718
1072	5997	154	291	277	0	6719
1073	492	128	259	5786	0	6665
1074	407	113	5709	391	0	6620
1075	439	142	295	5843	0	6719
1076	379	5796	235	376	0	6786
1077	364	6487	223	329	0	7403
1078	6667	286	211	380	0	7544
1079	6768	220	223	321	0	7532
1080	6862	198	235	297	0	7592
1081	447	203	188	6780	0	7618
1082	370	144	213	6947	0	7674
1083	359	164	218	6938	0	7679
1084	383	157	242	6872	0	7654
1085	350	161	6825	402	0	7738
1086	366	141	281	6904	0	7692
1087	7295	161	220	395	0	8071
1088	472	173	220	7266	0	8131
1089	395	159	202	7413	0	8169
1090	357	196	217	7343	0	8113
1091	325	6947	247	435	0	7954
1092	343	6968	216	354	0	7881
1093	330	7247	195	319	0	8091
1094	364	271	166	6749	0	7550
1095	301	227	181	6801	0	7510
1096	6825	147	194	376	0	7542
1097	6874	132	146	361	0	7513
1098	6964	130	164	304	0	7562
1099	444	175	128	6831	0	7578
1100	337	139	158	6883	0	7517
1101	334	6557	196	333	0	7420
1102	378	6840	141	253	0	7612
1103	7023	212	143	222	0	7600
1104	462	136	133	6849	0	7580
1105	6989	111	152	326	0	7578
1106	7155	113	173	267	0	7708
1107	410	102	148	7062	0	7722
1108	275	7257	178	330	0	8040
1109	7574	237	122	281	0	8214
1110	7828	141	108	301	0	8378
1111	441	109	7871	232	0	8653
1112	7499	85	191	310	0	8085
1113	308	7532	181	217	0	8238
1114	318	174	113	7954	0	8559
1115	8677	130	98	300	0	9205
1116	313	113	111	8634	0	9171
1117	243	118	112	8642	0	9115
1118	223	8571	131	279	0	9204
1119	8648	244	103	202	0	9197
1120	8765	136	97	196	0	9194
1121	328	8516	97	180	0	9121
1122	276	9007	66	179	0	9528
1123	9062	241	84	231	0	9618
1124	9086	153	64	212	0	9515
1125	288	178	8613	188	0	9267
1126	245	130	8034	196	0	8605
1127	211	77	8843	242	0	9373
1128	197	71	199	9164	0	9631
1129	215	54	129	9311	0	9709
1130	191	57	9135	323	0	9706
1131	8926	70	210	226	0	9432
1132	9608	74	89	193	0	9964
1133	9712	50	72	172	0	10006
1134	9607	48	66	197	0	9918
1135	319	49	10135	226	0	10729
1136	10227	68	153	238	0	10686
1137	10469	72	126	186	0	10853
1138	10468	68	100	163	0	10799
1139	10663	75	90	153	0	10981
1140	10559	60	89	206	0	10914
1141	288	72	10539	170	0	11069
1142	222	10499	228	100	0	11049
1143	212	155	137	10506	0	11010
1144	183	135	83	10840	0	11241
1145	189	98	10708	213	0	11208
1146	10002	70	143	164	0	10379
1147	284	65	93	10696	0	11138
1148	191	63	10790	200	0	11244
1149	212	67	9982	160	0	10421
1150	172	10865	187	142	0	11366
1151	184	138	100	11151	0	11573
1152	143	97	69	11300	0	11609
1153	133	81	69	11180	0	11463
1154	11214	79	71	297	0	11661
1155	226	72	78	11235	0	11611
1156	165	78	11001	212	0	11456
1157	155	116	9887	131	0	10289
1158	143	88	11321	131	0	11683
1159	152	73	174	11599	0	11998
1160	11913	70	100	238	0	12321
1161	189	64	11875	157	0	12285
1162	11704	55	165	159	0	12083
1163	13390	61	100	162	0	13713
1164	290	54	91	13747	0	14182
1165	196	51	81	13749	0	14077
1166	139	13651	85	250	0	14125
1167	119	141	13699	156	0	14115
1168	13308	66	195	160	0	13729
1169	232	63	109	14230	0	14634
1170	132	14137	95	218	0	14582
1171	144	164	63	14407	0	14778
1172	128	86	14341	219	0	14774
1173	136	75	163	14022	0	14396
1174	118	14140	101	231	0	14590
1175	120	163	64	14301	0	14648
1176	14187	98	57	245	0	14587
1177	220	86	48	13860	0	14214
1178	158	13508	50	230	0	13946
1179	124	13882	69	160	0	14235
1180	13324	164	63	179	0	13730
1181	199	98	13932	130	0	14359
1182	154	70	154	13708	0	14086
1183	146	44	79	14375	0	14644
1184	93	56	14303	269	0	14721
1185	101	14276	179	160	0	14716
1186	102	174	14336	133	0	14745
1187	142	86	159	14115	0	14502
1188	97	14491	74	203	0	14865
1189	14784	150	52	182	0	15168
1190	166	14682	73	114	0	15035
1191	114	14992	57	66	0	15229
1192	15203	168	59	140	0	15570
1193	15364	105	50	145	0	15664
1194	15682	70	50	143	0	15945
1195	216	56	48	15753	0	16073
1196	133	51	15611	168	0	15963
1197	15110	57	122	146	0	15435
1198	16120	38	75	136	0	16369
1199	243	49	60	16689	0	17041
1200	124	52	16693	211	0	17080
1201	106	16604	167	111	0	16988
1202	16615	191	75	162	0	17043
1203	17201	73	65	122	0	17461
1204	242	17324	60	93	0	17719
1205	138	17736	66	66	0	18006
1206	17704	206	48	128	0	18086
1207	17629	92	53	138	0	17912
1208	17391	76	47	123	0	17637
1209	280	59	55	17303	0	17697
1210	137	57	17352	200	0	17746
1211	177	50	184	16711	0	17122
1212	110	51	17016	211	0	17388
1213	93	16472	201	100	0	16866
1214	80	16763	82	101	0	17026
1215	104	182	72	15732	0	16090
1216	113	85	49	15981	0	16228
1217	117	72	52	15684	0	15925
1218	88	15939	45	196	0	16268
1219	15780	168	52	168	0	16168
1220	15645	69	50	159	0	15923
1221	193	16039	74	73	0	16379
1222	132	170	51	15673	0	16026
1223	108	15851	51	157	0	16167
1224	127	180	61	15797	0	16165
1225	97	15894	57	181	0	16229
1226	15871	189	58	154	0	16272
1227	229	73	57	15733	0	16092
1228	107	94	15570	192	0	15963
1229	15132	65	166	161	0	15524
1230	15501	69	59	170	0	15799
1231	207	63	15485	94	0	15849
1232	166	63	161	15418	0	15808
1233	124	81	15679	193	0	16077
1234	132	76	172	15572	0	15952
1235	87	79	15088	214	0	15468
1236	14024	74	177	153	0	14428
1237	217	69	79	14643	0	15008
1238	103	14580	67	207	0	14957
1239	14956	199	61	165	0	15381
1240	235	93	57	15066	0	15451
1241	124	83	56	15119	0	15382
1242	102	93	15000	255	0	15450
1243	115	73	185	15359	0	15732
1244	86	91	15848	302	0	16327
1245	98	83	16101	124	0	16406
1246	116	77	289	16867	0	17349
1247	96	75	18103	341	0	18615
1248	17590	66	366	205	0	18227
1249	20737	80	131	212	0	21160
1250	21716	75	108	200	0	22099
1251	749	22787	98	121	0	23755
1252	346	617	82	23085	0	24130
1253	244	210	94	22771	0	23319
1254	163	23785	103	752	0	24803
1255	23592	694	95	416	0	24797
1256	779	266	99	23664	0	24808
1257	295	181	24002	769	0	25247
1258	217	140	23243	329	0	23929
1259	155	23091	858	256	0	24360
1260	23159	701	341	257	0	24458
1261	786	282	23166	164	0	24398
1262	21820	183	770	240	0	23013
1263	782	21679	309	199	0	22969
1264	363	707	21928	179	0	23177
1265	242	291	21265	201	0	21999
1266	201	212	22183	161	0	22757
1267	200	21244	982	189	0	22615
1268	176	715	21587	172	0	22650
1269	20791	301	904	196	0	22192
1270	828	216	416	20118	0	21578
1271	408	200	265	21718	0	22591
1272	362	166	239	21981	0	22748
1273	319	179	183	22089	0	22770
1274	264	159	21444	1042	0	22909
1275	270	158	769	21368	0	22565
1276	263	164	371	21982	0	22780
1277	21147	154	276	1072	0	22649
1278	21743	149	279	555	0	22726
1279	20451	169	243	499	0	21362
1280	994	167	21005	295	0	22461
1281	502	21114	766	276	0	22658
1282	336	22596	409	260	0	23601
1283	20832	925	318	326	0	22401
1284	796	21860	288	284	0	23228
1285	442	938	269	21506	0	23155
1286	386	427	276	22387	0	23476
1287	266	301	21766	1082	0	23415
1288	242	21268	916	567	0	22993
1289	251	850	21054	378	0	22533
1290	20247	381	952	378	0	21958
1291	21724	250	488	318	0	22780
1292	1130	239	402	21012	0	22783
1293	549	230	321	21082	0	22182
1294	400	202	281	21229	0	22112
1295	422	205	246	21365	0	22238
1296	321	205	20631	1301	0	22458
1297	330	170	916	20641	0	22057
1298	256	199	20465	1196	0	22116
1299	252	217	19955	606	0	21030
1300	255	19829	1128	447	0	21659
1301	19708	845	534	459	0	21546
1302	932	20340	393	387	0	22052
1303	526	950	313	19780	0	21569
1304	347	475	20636	1033	0	22491
1305	19842	321	989	590	0	21742
1306	1018	283	20543	441	0	22285
1307	20424	253	1098	438	0	22213
1308	21134	234	569	403	0	22340
1309	1286	226	420	21184	0	23116
1310	683	243	419	21334	0	22679
1311	505	232	343	21843	0	22923
1312	381	272	20714	1426	0	22793
1313	20038	272	1099	746	0	22155
1314	1053	20376	561	603	0	22593
1315	589	978	462	20710	0	22739
1316	20685	426	455	1233	0	22799
1317	21408	340	389	705	0	22842
1318	21642	318	381	589	0	22930
1319	1558	297	20309	523	0	22687
1320	20956	290	1109	547	0	22902
1321	21555	316	572	626	0	23069
1322	1482	307	19017	629	0	21435
1323	750	332	21628	559	0	23269
1324	664	275	1454	21067	0	23460
1325	567	295	21665	1275	0	23802
1326	497	20313	1447	732	0	22989
1327	489	21820	849	573	0	23731
1328	20749	1262	680	540	0	23231
1329	1296	21555	585	459	0	23895
1330	839	1242	570	21464	0	24115
1331	20613	604	564	1281	0	23062
1332	1343	21511	505	721	0	24080
1333	809	1212	515	21472	0	24008
1334	627	538	578	22303	0	24046
1335	522	421	21403	1630	0	23976
1336	596	385	1328	21484	0	23793
1337	500	367	21445	1576	0	23888
1338	539	363	21667	949	0	23518
1339	651	303	1496	20861	0	23311
1340	577	324	780	21797	0	23478
1341	20881	288	612	1796	0	23577
1342	1281	22095	584	1042	0	25002
1343	809	1217	531	22023	0	24580
1344	664	750	491	22501	0	24406
1345	20915	417	493	1817	0	23642
1346	1463	20016	496	996	0	22971
1347	794	19368	516	783	0	21461
1348	663	18610	465	664	0	20402
1349	566	16749	443	529	0	18287
1350	13831	1104	646	509	0	16090
1351	13481	625	389	532	0	15027
1352	13011	447	352	642	0	14452
1353	13068	350	340	597	0	14355
1354	1050	469	340	12441	0	14300
1355	688	372	12228	940	0	14228
1356	486	12061	854	682	0	14083
1357	478	764	612	12091	0	13945
1358	457	424	12181	916	0	13978
1359	482	488	837	12035	0	13842
1360	562	375	507	12376	0	13820
1361	431	353	12029	1060	0	13873
1362	568	346	847	11979	0	13740
1363	479	428	564	11669	0	13140
1364	11916	326	565	1114	0	13921
1365	12149	340	512	727	0	13728
1366	12223	317	504	620	0	13664
1367	12318	430	363	576	0	13687
1368	1097	360	446	11747	0	13650
1369	740	321	321	12203	0	13585
1370	571	312	316	12479	0	13678
1371	11639	330	338	1316	0	13623
1372	987	319	328	11939	0	13573
1373	603	336	372	12296	0	13607
1374	539	296	11443	1182	0	13460
1375	582	281	766	11394	0	13023
1376	558	10710	433	1160	0	12861
1377	652	11619	367	698	0	13336
1378	11328	813	357	622	0	13120
1379	1024	429	10969	585	0	13007
1380	567	10676	883	558	0	12684
1381	10543	862	455	564	0	12424
1382	892	532	386	10543	0	12353
1383	601	403	10370	960	0	12334
1384	525	428	721	10239	0	11913
1385	470	10400	439	1104	0	12413
1386	10359	680	404	792	0	12235
1387	851	10583	468	601	0	12503
1388	10695	817	357	615	0	12484
1389	11151	412	410	550	0	12523
1390	1101	339	339	10827	0	12606
1391	725	322	326	10788	0	12161
1392	580	10424	324	1161	0	12489
1393	10665	718	315	835	0	12533
1394	882	408	10433	746	0	12469
1395	10374	350	754	687	0	12165
1396	10603	353	527	564	0	12047
1397	1011	323	9972	605	0	11911
1398	639	385	797	9799	0	11620
1399	9806	349	522	903	0	11580
1400	925	430	9569	592	0	11516
1401	678	344	9511	549	0	11082
1402	8800	406	779	518	0	10503
1403	821	8617	466	613	0	10517
1404	604	8315	478	478	0	9875
1405	687	686	390	7973	0	9736
1406	530	411	7925	751	0	9617
1407	7756	304	600	578	0	9238
1408	857	308	7721	560	0	9446
1409	529	7171	579	618	0	8897
1410	7223	581	360	635	0	8799
1411	726	433	333	7289	0	8781
1412	7328	329	378	731	0	8766
1413	838	353	6971	544	0	8706
1414	581	411	564	6881	0	8437
1415	502	7072	353	791	0	8718
1416	550	597	312	7192	0	8651
1417	584	382	302	7420	0	8688
1418	560	373	7085	739	0	8757
1419	489	6724	679	533	0	8425
1420	515	6991	403	479	0	8388
1421	496	606	6586	426	0	8114
1422	6174	375	625	487	0	7661
1423	6456	364	437	489	0	7746
1424	670	345	313	6306	0	7634
1425	5975	387	332	652	0	7346
1426	597	5753	287	441	0	7078
1427	433	6125	221	466	0	7245
1428	5984	619	212	465	0	7280
1429	629	463	215	5982	0	7289
1430	6053	341	226	725	0	7345
1431	6315	305	236	510	0	7366
1432	643	347	226	6007	0	7223
1433	440	281	5723	740	0	7184
1434	5787	249	482	535	0	7053
1435	6032	253	379	454	0	7118
1436	628	263	280	5876	0	7047
1437	434	5684	331	610	0	7059
1438	399	429	302	5911	0	7041
1439	374	284	5600	732	0	6990
1440	388	299	5600	505	0	6792
1441	449	5533	435	425	0	6842
1442	370	485	246	4100	0	5201
1443	356	266	183	4079	0	4884
1444	363	254	3696	481	0	4794
1445	3711	278	237	344	0	4570
1446	3894	321	193	299	0	4707
1447	3907	310	180	291	0	4688
1448	3959	278	139	310	0	4686
1449	417	3721	176	305	0	4619
1450	417	3852	184	291	0	4744
1451	4040	260	157	327	0	4784
1452	456	198	169	4067	0	4890
1453	384	180	182	4134	0	4880
1454	290	3952	202	469	0	4913
1455	293	264	240	4160	0	4957
1456	289	266	162	4071	0	4788
1457	272	3947	183	474	0	4876
1458	268	231	4003	355	0	4857
1459	257	200	278	4129	0	4864
1460	4031	182	194	455	0	4862
1461	4059	164	213	332	0	4768
1462	386	170	3832	336	0	4724
1463	324	186	3758	297	0	4565
1464	371	172	3754	249	0	4546
1465	379	153	267	3714	0	4513
1466	343	173	3640	337	0	4493
1467	317	157	3646	281	0	4401
1468	257	177	263	3704	0	4401
1469	262	3742	169	382	0	4555
1470	273	231	3716	328	0	4548
1471	285	3771	263	240	0	4559
1472	3778	252	184	280	0	4494
1473	314	3737	212	262	0	4525
1474	241	264	232	3789	0	4526
1475	3858	190	163	316	0	4527
1476	316	221	197	3756	0	4490
1477	254	204	183	3849	0	4490
1478	299	152	3855	288	0	4594
1479	238	3659	294	195	0	4386
1480	210	3929	203	178	0	4520
1481	253	258	174	3726	0	4411
1482	211	175	161	3792	0	4339
1483	210	164	204	3673	0	4251
1484	204	150	3511	326	0	4191
1485	213	206	3340	173	0	3932
1486	3228	154	233	167	0	3782
1487	288	169	3261	157	0	3875
1488	280	106	3230	148	0	3764
1489	239	3070	226	155	0	3690
1490	179	185	145	3165	0	3674
1491	169	135	3124	261	0	3689
1492	165	177	215	3079	0	3636
1493	227	114	3227	197	0	3765
1494	179	105	289	3218	0	3791
1495	215	106	3408	205	0	3934
1496	213	98	205	3355	0	3871
1497	134	95	219	3406	0	3854
1498	129	3388	158	254	0	3929
1499	177	174	138	3426	0	3915
1500	122	3435	203	194	0	3954
1501	139	178	167	3513	0	3997
1502	157	142	117	3558	0	3974
1503	3420	174	112	233	0	3939
1504	190	151	111	3469	0	3921
1505	130	98	3419	267	0	3914
1506	143	88	223	3406	0	3860
1507	161	84	144	3495	0	3884
1508	106	99	3370	236	0	3811
1509	106	144	3304	147	0	3701
1510	153	86	184	3275	0	3698
1511	113	79	115	3415	0	3722
1512	127	82	3317	238	0	3764
1513	84	3174	195	178	0	3631
1514	87	3372	107	186	0	3752
1515	3287	205	108	171	0	3771
1516	166	119	90	3454	0	3829
1517	3480	97	88	249	0	3914
1518	3436	93	136	154	0	3819
1519	179	3476	98	127	0	3880
1520	3481	192	89	134	0	3896
1521	3536	94	119	117	0	3866
1522	222	72	3426	115	0	3835
1523	148	65	151	3455	0	3819
1524	125	63	3542	206	0	3936
1525	123	81	140	3596	0	3940
1526	76	103	3571	187	0	3937
1527	90	3420	150	128	0	3788
1528	123	3500	74	115	0	3812
1529	99	136	74	3440	0	3749
1530	3334	76	86	163	0	3659
1531	179	60	71	3238	0	3548
1532	85	50	70	3331	0	3536
1533	71	51	3283	168	0	3573
1534	88	47	3251	110	0	3496
1535	77	51	3245	114	0	3487
1536	61	59	151	3219	0	3490
1537	51	73	107	3131	0	3362
1538	42	3156	98	173	0	3469
1539	55	3309	100	100	0	3564
1540	3230	136	89	99	0	3554
1541	94	3314	65	98	0	3571
1542	58	118	3279	97	0	3552
1543	48	65	127	3251	0	3491
1544	56	54	3364	144	0	3618
1545	59	3337	149	93	0	3638
1546	57	92	74	3428	0	3651
1547	3256	66	83	138	0	3543
1548	105	62	3307	101	0	3575
1549	44	3316	111	106	0	3577
1550	53	132	3305	78	0	3568
1551	50	3273	133	84	0	3540
1552	55	124	71	3132	0	3382
1553	3105	59	61	149	0	3374
1554	3087	54	63	112	0	3316
1555	83	3061	63	100	0	3307
1556	3092	97	62	88	0	3339
1557	90	64	72	3120	0	3346
1558	3079	56	69	135	0	3339
1559	93	38	3164	102	0	3397
1560	59	34	3177	89	0	3359
1561	55	45	134	3056	0	3290
1562	42	44	94	3262	0	3442
1563	31	58	3222	121	0	3432
1564	37	41	126	3234	0	3438
1565	3204	48	76	131	0	3459
1566	3201	44	81	99	0	3425
1567	96	3102	70	93	0	3361
1568	57	3147	67	86	0	3357
1569	3029	111	69	78	0	3287
1570	88	70	68	3064	0	3290
1571	3023	65	70	117	0	3275
1572	100	3004	59	81	0	3244
1573	2978	97	49	106	0	3230
1574	106	67	2924	81	0	3178
1575	62	45	2912	92	0	3111
1576	60	41	114	2882	0	3097
1577	46	53	2948	105	0	3152
1578	38	47	104	2866	0	3055
1579	50	38	65	2799	0	2952
1580	42	39	3001	114	0	3196
1581	35	40	96	3004	0	3175
1582	56	29	61	3238	0	3384
1583	35	41	3326	139	0	3541
1584	34	33	3343	82	0	3492
1585	3300	32	128	83	0	3543
1586	91	35	3540	61	0	3727
1587	3609	29	121	80	0	3839
1588	3913	35	75	74	0	4097
1589	138	47	3960	58	0	4203
1590	66	36	4101	78	0	4281
1591	60	44	175	3933	0	4212
1592	39	25	84	3863	0	4011
1593	38	3879	70	154	0	4141
1594	37	4090	62	87	0	4276
1595	26	129	3969	81	0	4205
1596	3792	61	131	78	0	4062
1597	3919	48	70	65	0	4102
1598	144	46	3874	57	0	4121
1599	74	36	3885	60	0	4055
1600	60	32	160	3740	0	3992
1601	35	3878	76	141	0	4130
1602	48	115	57	3953	0	4173
1603	61	51	48	4052	0	4212
1604	3988	41	48	167	0	4244
1605	4044	32	54	88	0	4218
1606	156	27	47	4122	0	4352
1607	75	29	4145	137	0	4386
1608	3880	27	145	93	0	4145
1609	126	4154	76	56	0	4412
1610	4259	111	54	66	0	4490
1611	4177	54	49	77	0	4357
1612	142	4176	61	48	0	4427
1613	81	4320	45	47	0	4493
1614	73	142	49	4237	0	4501
1615	52	64	55	4247	0	4418
1616	54	4153	47	167	0	4421
1617	58	125	58	4202	0	4443
1618	59	62	48	4295	0	4464
1619	45	56	4213	165	0	4479
1620	4097	36	145	82	0	4360
1621	4263	41	77	66	0	4447
1622	4336	30	57	76	0	4499
1623	177	36	63	4216	0	4492
1624	4155	37	64	155	0	4411
1625	160	4056	50	80	0	4346
1626	84	127	56	3879	0	4146
1627	59	3935	55	128	0	4177
1628	58	4196	43	84	0	4381
1629	4182	139	49	63	0	4433
1630	4215	67	51	56	0	4389
1631	4192	46	47	75	0	4360
1632	4205	42	48	61	0	4356
1633	4224	41	57	57	0	4379
1634	166	53	4154	56	0	4429
1635	4117	44	148	66	0	4375
1636	160	32	4293	65	0	4550
1637	4176	49	141	57	0	4423
1638	4301	46	74	59	0	4480
1639	4297	46	68	59	0	4470
1640	177	41	4316	71	0	4605
1641	112	50	130	4225	0	4517
1642	77	4531	67	123	0	4798
1643	4633	119	53	85	0	4890
1644	4660	61	60	73	0	4854
1645	203	4682	48	43	0	4976
1646	4821	128	42	61	0	5052
1647	194	62	55	4670	0	4981
1648	113	4755	56	118	0	5042
1649	4804	136	41	80	0	5061
1650	4878	66	44	72	0	5060
1651	186	56	45	4826	0	5113
1652	4925	46	37	150	0	5158
1653	183	53	45	4944	0	5225
1654	120	39	46	5005	0	5210
1655	100	51	4887	167	0	5205
1656	113	44	127	4859	0	5143
1657	100	41	78	4999	0	5218
1658	88	44	4925	171	0	5228
1659	87	45	4903	94	0	5129
1660	83	43	170	4980	0	5276
1661	85	43	5044	158	0	5330
1662	4745	31	141	108	0	5025
1663	162	5161	78	68	0	5469
1664	110	117	49	5286	0	5562
1665	94	60	50	5361	0	5565
1666	95	47	51	5365	0	5558
1667	5366	57	39	181	0	5643
1668	5386	50	40	96	0	5572
1669	5527	35	46	83	0	5691
1670	199	5406	41	72	0	5718
1671	133	117	41	5529	0	5820
1672	111	61	34	5651	0	5857
1673	5599	48	38	184	0	5869
1674	5601	51	56	97	0	5805
1675	195	49	39	5607	0	5890
1676	112	35	5581	159	0	5887
1677	5557	37	131	102	0	5827
1678	5781	37	62	90	0	5970
1679	202	34	5778	71	0	6085
1680	5455	33	124	70	0	5682
1681	164	36	5863	87	0	6150
1682	5833	40	128	81	0	6082
1683	166	69	72	5979	0	6286
1684	117	6375	63	125	0	6680
1685	122	114	6566	73	0	6875
1686	92	6523	138	53	0	6806
1687	95	6343	65	61	0	6564
1688	6728	132	61	76	0	6997
1689	142	50	41	6635	0	6868
1690	90	39	42	6568	0	6739
1691	6736	26	34	145	0	6941
1692	125	31	29	6808	0	6993
1693	82	39	36	6775	0	6932
1694	78	41	31	6780	0	6930
1695	78	27	47	6704	0	6856
1696	76	31	6740	119	0	6966
1697	76	31	6508	79	0	6694
1698	59	6674	102	75	0	6910
1699	6852	88	68	66	0	7074
1700	124	41	34	6996	0	7195
1701	77	6959	34	114	0	7184
1702	77	95	31	7357	0	7560
1703	93	46	24	7377	0	7540
1704	85	46	23	7326	0	7480
1705	81	43	24	7433	0	7581
1706	73	38	24	7389	0	7524
1707	62	7269	36	130	0	7497
1708	76	91	26	7435	0	7628
1709	81	63	7226	108	0	7478
1710	77	7224	71	76	0	7448
1711	71	73	37	7332	0	7513
1712	66	50	30	7352	0	7498
1713	63	7183	30	125	0	7401
1714	70	7331	26	83	0	7510
1715	7252	81	32	94	0	7459
1716	93	7213	38	69	0	7413
1717	7285	85	35	79	0	7484
1718	7319	45	26	85	0	7475
1719	127	38	7553	59	0	7777
1720	109	38	70	7263	0	7480
1721	71	34	7711	105	0	7921
1722	61	7813	66	72	0	8012
1723	88	93	40	7242	0	7463
1724	84	48	21	7832	0	7985
1725	65	51	24	7921	0	8061
1726	72	31	24	8000	0	8127
1727	59	38	8160	125	0	8382
1728	58	46	78	8124	0	8306
1729	54	30	8323	102	0	8509
1730	61	25	8183	77	0	8346
1731	7877	23	104	77	0	8081
1732	8506	20	45	71	0	8642
1733	8635	22	37	61	0	8755
1734	124	8417	28	64	0	8633
1735	81	81	33	8644	0	8839
1736	59	40	8889	106	0	9094
1737	64	42	82	8834	0	9022
1738	56	25	9213	117	0	9411
1739	9061	21	90	97	0	9269
1740	9197	29	42	80	0	9348
1741	9125	20	41	77	0	9263
1742	122	42	8748	49	0	8961
1743	77	32	8706	53	0	8868
1744	76	36	90	9019	0	9221
1745	80	32	42	8578	0	8732
1746	46	24	28	9240	0	9338
1747	50	12	9226	121	0	9409
1748	47	28	8414	84	0	8573
1749	8871	22	91	76	0	9060
1750	91	13	58	9450	0	9612
1751	60	18	38	9558	0	9674
1752	9719	24	35	146	0	9924
1753	93	21	37	9788	0	9939
1754	10454	23	42	165	0	10684
1755	10778	22	48	113	0	10961
1756	10727	28	40	100	0	10895
1757	121	18	10963	64	0	11166
1758	70	10893	94	72	0	11129
1759	11359	76	50	71	0	11556
1760	115	45	32	11340	0	11532
1761	82	20	22	11322	0	11446
1762	51	11337	31	137	0	11556
1763	11348	72	26	125	0	11571
1764	11260	36	23	112	0	11431
1765	11404	25	31	90	0	11550
1766	120	11470	29	69	0	11688
1767	12139	94	29	96	0	12358
1768	12116	37	32	100	0	12285
1769	12114	27	38	80	0	12259
1770	145	25	30	11973	0	12173
1771	90	13	26	12124	0	12253
1772	57	32	12266	143	0	12498
1773	87	22	94	11920	0	12123
1774	80	35	54	12089	0	12258
1775	60	36	12341	128	0	12565
1776	11671	33	91	108	0	11903
1777	12499	30	43	86	0	12658
1778	125	39	38	12366	0	12568
1779	68	12093	34	116	0	12311
1780	46	12357	38	67	0	12508
1781	59	130	24	12204	0	12417
1782	45	66	11925	150	0	12186
1783	74	36	86	11481	0	11677
1784	41	39	11731	106	0	11917
1785	47	37	11392	64	0	11540
1786	53	22	63	11824	0	11962
1787	12025	23	39	124	0	12211
1788	11737	22	29	94	0	11882
1789	94	12	27	12001	0	12134
1790	50	18	26	11947	0	12041
1791	43	23	20	12091	0	12177
1792	49	22	29	12005	0	12105
1793	12117	12	30	144	0	12303
1794	11915	20	41	108	0	12084
1795	11882	18	29	104	0	12033
1796	74	30	11942	48	0	12094
1797	70	22	63	11829	0	11984
1798	52	27	22	12251	0	12352
1799	12180	21	23	122	0	12346
1800	64	11944	35	65	0	12108
1801	11948	56	30	106	0	12140
1802	12009	31	24	105	0	12169
1803	12016	23	24	98	0	12161
1804	11973	24	21	100	0	12118
1805	105	32	12116	37	0	12290
1806	68	50	11197	54	0	11369
1807	12495	18	84	67	0	12664
1808	12854	19	33	83	0	12989
1809	12835	22	29	77	0	12963
1810	12959	26	28	91	0	13104
1811	132	25	13379	58	0	13594
1812	72	13990	146	32	0	14240
1813	84	141	42	14823	0	15090
1814	15653	54	30	269	0	16006
1815	15921	22	40	142	0	16125
1816	16775	26	26	123	0	16950
1817	17084	16	36	92	0	17228
1818	17208	13	27	108	0	17356
1819	16687	13	38	97	0	16835
1820	396	45	15573	53	0	16067
1821	206	29	16008	54	0	16297
1822	172	39	302	15878	0	16391
1823	113	26	16363	252	0	16754
1824	85	15837	291	137	0	16350
1825	86	16161	145	85	0	16477
1826	119	283	86	16697	0	17185
1827	98	115	17052	255	0	17520
1828	113	73	16088	121	0	16395
1829	16306	44	356	136	0	16842
1830	17997	43	169	106	0	18315
1831	505	36	87	18092	0	18720
1832	18495	32	76	435	0	19038
1833	496	28	70	18301	0	18895
1834	267	32	64	18463	0	18826
1835	152	27	18594	533	0	19306
1836	130	28	17860	225	0	18243
1837	161	32	517	17749	0	18459
1838	122	36	17937	444	0	18539
1839	16797	20	459	280	0	17556
1840	18047	29	220	201	0	18497
1841	578	18092	146	127	0	18943
1842	18408	387	98	173	0	19066
1843	541	156	17985	114	0	18796
1844	17775	67	443	144	0	18429
1845	18461	38	219	152	0	18870
1846	18605	40	150	140	0	18935
1847	709	36	107	17608	0	18460
1848	333	17836	129	413	0	18711
1849	18113	400	104	279	0	18896
1850	18332	161	100	175	0	18768
1851	687	88	99	18120	0	18994
1852	18223	60	96	573	0	18952
1853	609	18105	108	266	0	19088
1854	379	444	89	17765	0	18677
1855	262	182	17399	530	0	18373
1856	15614	105	489	348	0	16556
1857	626	71	17280	163	0	18140
1858	396	64	533	16906	0	17899
1859	269	16968	254	512	0	18003
1860	231	18568	172	269	0	19240
1861	290	659	140	18702	0	19791
1862	279	19013	179	634	0	20105
1863	270	768	124	24562	0	25724
1864	290	320	125	26116	0	26851
1865	299	186	143	26724	0	27352
1866	25296	172	107	1545	0	27120
1867	1236	155	113	25512	0	27016
1868	571	140	24739	1318	0	26768
1869	393	24784	1017	632	0	26826
1870	24970	1034	421	454	0	26879
1871	1356	404	216	24901	0	26877
1872	694	224	181	25673	0	26772
1873	500	189	175	26244	0	27108
1874	396	190	24739	1620	0	26945
1875	343	24764	1147	744	0	26998
1876	24991	1117	459	605	0	27172
1877	1316	481	279	23975	0	26051
1878	585	25254	260	1306	0	27405
1879	25154	1211	241	779	0	27385
1880	1279	546	24849	528	0	27202
1881	24787	316	1225	491	0	26819
1882	1416	301	25320	370	0	27407
1883	739	282	25413	401	0	26835
1884	516	24858	1528	406	0	27308
1885	513	1221	652	24091	0	26477
1886	419	521	24445	1388	0	26773
1887	389	23458	1367	745	0	25959
1888	458	1242	645	23125	0	25470
1889	379	23600	436	1389	0	25804
1890	342	1307	23681	772	0	26102
1891	416	651	1302	23499	0	25868
1892	359	446	23913	1502	0	26220
1893	472	337	1416	23719	0	25944
1894	462	360	688	24696	0	26206
1895	385	314	23653	1884	0	26236
1896	451	285	1450	24024	0	26210
1897	22901	321	721	1760	0	25703
1898	1325	23220	534	1060	0	26139
1899	743	1291	23395	764	0	26193
1900	22964	630	1414	702	0	25710
1901	1571	418	716	22499	0	25204
1902	808	23265	534	1545	0	26152
1903	23757	1343	490	906	0	26496
1904	24706	693	460	738	0	26597
1905	1879	495	461	23037	0	25872
1906	983	444	420	24012	0	25859
1907	718	402	414	24361	0	25895
1908	616	420	415	23900	0	25351
1909	539	22448	458	2130	0	25575
1910	623	1573	444	21798	0	24438
1911	532	21373	414	1798	0	24117
1912	466	21487	434	1190	0	23577
1913	458	21585	418	939	0	23400
1914	521	1668	19618	895	0	22702
1915	446	20322	1350	873	0	22991
1916	18739	1445	724	912	0	21820
1917	1310	18882	556	831	0	21579
1918	806	1358	515	17499	0	20178
1919	613	18963	469	1593	0	21638
1920	565	1454	491	19140	0	21650
1921	566	830	538	19920	0	21854
1922	539	705	18582	1951	0	21777
1923	18017	624	1325	1256	0	21222
1924	18784	655	709	1072	0	21220
1925	18936	614	555	1021	0	21126
1926	1600	17974	554	1088	0	21216
1927	906	1377	599	17954	0	20836
1928	697	803	17408	1759	0	20667
1929	672	17195	1356	1171	0	20394
1930	701	1440	778	15056	0	17975
1931	643	16343	552	1489	0	19027
1932	16181	1294	547	1018	0	19040
1933	16522	858	551	890	0	18821
1934	16877	672	578	840	0	18967
1935	16855	623	665	771	0	18914
1936	1577	630	627	16019	0	18853
1937	933	649	569	16219	0	18370
1938	743	15775	612	1643	0	18773
1939	746	1354	495	16465	0	19060
1940	643	823	15667	1740	0	18873
1941	576	709	1204	16048	0	18537
1942	517	693	15370	1734	0	18314
1943	482	15075	1278	1270	0	18105
1944	483	1314	15239	1067	0	18103
1945	540	847	1329	15532	0	18248
1946	529	685	15496	1696	0	18406
1947	552	633	1358	15750	0	18293
1948	568	692	795	16198	0	18253
1949	612	620	653	16339	0	18224
1950	615	674	600	16255	0	18144
1951	15015	655	547	1902	0	18119
1952	1246	15169	488	1325	0	18228
1953	14996	1344	487	1158	0	17985
1954	1256	885	14279	1078	0	17498
1955	14532	659	1117	1071	0	17379
1956	15276	636	633	1086	0	17631
1957	1582	653	14327	990	0	17552
1958	1061	605	14192	1009	0	16867
1959	781	13492	1243	1012	0	16528
1960	627	13308	677	989	0	15601
1961	549	1317	11928	1048	0	14842
1962	492	10853	959	1015	0	13319
1963	387	841	567	6698	0	8493
1964	5464	457	402	983	0	7306
1965	477	398	329	5769	0	6973
1966	5408	388	347	781	0	6924
1967	5290	421	387	746	0	6844
1968	468	5447	493	553	0	6961
1969	5411	613	383	551	0	6958
1970	5555	495	354	550	0	6954
1971	523	390	353	5598	0	6864
1972	5347	382	372	803	0	6904
1973	435	5406	367	711	0	6919
1974	405	498	482	5580	0	6965
1975	5443	555	385	589	0	6972
1976	534	442	5360	544	0	6880
1977	5291	445	388	629	0	6753
1978	442	508	393	5512	0	6855
1979	518	404	5368	559	0	6849
1980	390	349	5342	508	0	6589
1981	5261	349	514	490	0	6614
1982	5252	368	548	491	0	6659
1983	386	398	475	5312	0	6571
1984	328	491	349	5360	0	6528
1985	296	366	322	5527	0	6511
1986	276	5274	388	609	0	6547
1987	5151	560	297	530	0	6538
1988	333	5329	262	601	0	6525
1989	5185	525	279	509	0	6498
1990	382	433	5192	442	0	6449
1991	340	334	364	5428	0	6466
1992	5279	331	397	548	0	6555
1993	400	305	264	5543	0	6512
1994	332	319	224	5568	0	6443
1995	321	5022	346	600	0	6289
1996	5145	383	193	618	0	6339
1997	478	5368	174	462	0	6482
1998	347	540	205	5471	0	6563
1999	321	367	5310	483	0	6481
2000	4783	338	287	505	0	5913
2001	373	363	5026	485	0	6247
2002	4785	452	268	413	0	5918
2003	502	5135	230	366	0	6233
2004	483	402	177	4972	0	6034
2005	299	5115	173	581	0	6168
2006	5051	416	163	586	0	6216
2007	326	386	175	5274	0	6161
2008	284	376	168	5408	0	6236
2009	274	393	4925	499	0	6091
2010	4730	345	270	432	0	5777
2011	378	404	200	5125	0	6107
2012	310	370	4952	390	0	6022
2013	275	5027	317	330	0	5949
2014	271	368	321	5037	0	5997
2015	5045	330	226	407	0	6008
2016	428	251	222	5104	0	6005
2017	293	299	5032	437	0	6061
2018	5263	246	280	394	0	6183
2019	358	281	234	5451	0	6324
2020	279	204	5668	507	0	6658
2021	270	164	375	5902	0	6711
2022	270	160	309	5863	0	6602
2023	345	5801	202	447	0	6795
2024	5864	336	153	348	0	6701
2025	454	5799	176	294	0	6723
2026	5882	412	140	315	0	6749
2027	427	253	177	5737	0	6594
2028	292	5775	212	442	0	6721
2029	246	366	186	5859	0	6657
2030	208	253	5616	466	0	6543
2031	5457	217	329	323	0	6326
2032	425	170	240	5558	0	6393
2033	292	134	198	5651	0	6275
2034	258	116	219	5769	0	6362
2035	208	135	5427	516	0	6286
2036	172	122	5396	399	0	6089
2037	121	5372	408	344	0	6245
2038	133	341	261	5313	0	6048
2039	5119	183	222	446	0	5970
2040	297	5194	216	287	0	5994
2041	225	284	166	5447	0	6122
2042	5385	194	208	374	0	6161
2043	5489	165	153	295	0	6102
2044	392	5377	167	228	0	6164
2045	5855	287	140	251	0	6533
2046	6295	169	185	211	0	6860
2047	476	147	129	6377	0	7129
2048	279	6285	112	443	0	7119
2049	229	359	130	6571	0	7289
2050	6458	180	128	467	0	7233
2051	444	173	6416	219	0	7252
2052	260	187	358	6349	0	7154
2053	260	123	205	6598	0	7186
2054	178	134	6386	458	0	7156
2055	220	112	353	6418	0	7103
2056	6370	109	195	441	0	7115
2057	5989	122	159	283	0	6553
2058	430	103	127	6288	0	6948
2059	246	120	6157	420	0	6943
2060	167	114	6077	256	0	6614
2061	155	5891	406	207	0	6659
2062	138	6288	197	178	0	6801
2063	152	364	125	5947	0	6588
2064	5800	166	98	399	0	6463
2065	337	5861	99	224	0	6521
2066	5801	334	97	185	0	6417
2067	410	142	72	5766	0	6390
2068	224	120	78	5880	0	6302
2069	5543	88	64	465	0	6160
2070	332	5586	85	267	0	6270
2071	5714	310	86	193	0	6303
2072	395	157	5436	170	0	6158
2073	189	141	5488	161	0	5979
2074	182	103	352	5278	0	5915
2075	171	88	5323	383	0	5965
2076	147	87	5316	216	0	5766
2077	151	113	361	5066	0	5691
2078	155	90	5191	353	0	5789
2079	154	74	346	5107	0	5681
2080	135	96	192	5234	0	5657
2081	136	87	5153	464	0	5840
2082	163	78	313	5149	0	5703
2083	141	100	188	5123	0	5552
2084	134	4969	160	456	0	5719
2085	5018	288	137	288	0	5731
2086	353	172	4990	239	0	5754
2087	196	121	321	5054	0	5692
2088	164	103	194	5250	0	5711
2089	153	106	4953	464	0	5676
2090	4704	98	340	314	0	5456
2091	337	4899	194	262	0	5692
2092	203	282	158	4998	0	5641
2093	166	148	144	5120	0	5578
2094	123	4896	142	500	0	5661
2095	144	320	4881	308	0	5653
2096	156	4970	323	271	0	5720
2097	4840	347	195	212	0	5594
2098	325	186	4750	220	0	5481
2099	212	141	306	4798	0	5457
2100	186	118	4780	399	0	5483
2101	156	123	4823	268	0	5370
2102	163	4693	374	230	0	5460
2103	173	307	208	4581	0	5269
2104	4586	160	162	388	0	5296
2105	4639	147	160	278	0	5224
2106	375	4612	147	232	0	5366
2107	219	258	165	4790	0	5432
2108	4672	161	149	427	0	5409
2109	4857	133	152	283	0	5425
2110	377	4726	152	236	0	5491
2111	4859	273	148	245	0	5525
2112	336	150	170	4785	0	5441
2113	197	4875	139	396	0	5607
2114	188	282	143	5124	0	5737
2115	205	176	134	5158	0	5673
2116	189	149	131	5204	0	5673
2117	197	118	4883	435	0	5633
2118	174	132	4476	289	0	5071
2119	156	4463	320	278	0	5217
2120	4071	233	185	228	0	4717
2121	231	3965	143	257	0	4596
2122	164	220	123	4056	0	4563
2123	159	183	4124	289	0	4755
2124	155	124	228	4115	0	4622
2125	127	133	165	4238	0	4663
2126	150	132	137	4345	0	4764
2127	4158	113	140	350	0	4761
2128	203	142	123	4305	0	4773
2129	166	108	4490	320	0	5084
2130	4303	100	258	255	0	4916
2131	4456	104	167	240	0	4967
2132	4593	113	150	228	0	5084
2133	4624	93	134	262	0	5113
2134	4632	105	136	216	0	5089
2135	258	4472	162	215	0	5107
2136	204	184	132	4446	0	4966
2137	179	4513	105	272	0	5069
2138	4560	180	112	232	0	5084
2139	4587	140	109	192	0	5028
2140	4505	121	105	190	0	4921
2141	284	4273	121	197	0	4875
2142	206	4265	106	176	0	4753
2143	186	4362	105	156	0	4809
2144	173	221	4244	191	0	4829
2145	193	184	187	3663	0	4227
2146	139	3274	116	215	0	3744
2147	102	3071	114	195	0	3482
2148	88	119	107	3157	0	3471
2149	113	93	100	3108	0	3414
2150	128	71	3113	163	0	3475
2151	2983	85	143	141	0	3352
2152	121	69	84	3282	0	3556
2153	83	74	113	3270	0	3540
2154	101	89	3191	157	0	3538
2155	107	79	3021	160	0	3367
2156	116	3268	126	116	0	3626
2157	128	96	78	3379	0	3681
2158	91	85	97	3418	0	3691
2159	79	97	3354	129	0	3659
2160	3087	86	120	126	0	3419
2161	3344	112	93	122	0	3671
2162	108	116	3377	109	0	3710
2163	3332	73	84	150	0	3639
2164	128	87	3428	117	0	3760
2165	3428	93	85	125	0	3731
2166	3563	74	89	117	0	3843
2167	104	61	3580	144	0	3889
2168	80	77	102	3594	0	3853
2169	123	71	87	3439	0	3720
2170	90	76	107	3778	0	4051
2171	3743	63	88	155	0	4049
2172	3698	58	121	131	0	4008
2173	83	49	3848	127	0	4107
2174	70	69	3617	137	0	3893
2175	3828	56	152	115	0	4151
2176	3951	52	117	126	0	4246
2177	94	62	3921	137	0	4214
2178	83	58	3822	109	0	4072
2179	78	53	106	3936	0	4173
2180	51	70	4033	163	0	4317
2181	73	41	123	3921	0	4158
2182	4111	54	68	181	0	4414
2183	108	65	4314	116	0	4603
2184	4153	81	110	107	0	4451
2185	157	52	4804	74	0	5087
2186	91	56	146	4760	0	5053
2187	77	56	75	5059	0	5267
2188	74	45	69	5086	0	5274
2189	80	5075	83	161	0	5399
2190	126	127	62	4676	0	4991
2191	74	97	53	5172	0	5396
2192	5077	69	52	185	0	5383
2193	136	66	5025	117	0	5344
2194	4671	81	117	97	0	4966
2195	140	51	5040	63	0	5294
2196	4583	58	124	82	0	4847
2197	175	4955	71	56	0	5257
2198	86	105	4952	80	0	5223
2199	81	60	4884	78	0	5103
2200	101	56	156	4385	0	4698
2201	81	64	88	4912	0	5145
2202	69	64	5007	158	0	5298
2203	78	50	4975	106	0	5209
2204	102	43	5508	72	0	5725
2205	5834	58	121	87	0	6100
2206	5990	51	51	106	0	6198
2207	5972	49	53	73	0	6147
2208	190	35	42	5844	0	6111
2209	91	52	38	6011	0	6192
2210	71	47	6292	154	0	6564
2211	75	47	101	6113	0	6336
2212	77	41	65	5875	0	6058
2213	6220	42	54	159	0	6475
2214	6180	33	47	112	0	6372
2215	6321	26	38	92	0	6477
2216	145	23	54	6255	0	6477
2217	92	21	71	6234	0	6418
2218	75	27	63	6312	0	6477
2219	6271	43	44	139	0	6497
2220	128	34	32	6190	0	6384
2221	69	6233	33	122	0	6457
2222	72	85	42	6210	0	6409
2223	59	6084	46	124	0	6313
2224	6109	84	41	98	0	6332
2225	5987	40	32	82	0	6141
2226	135	5991	43	70	0	6239
2227	95	6197	37	58	0	6387
2228	82	103	43	6163	0	6391
2229	80	42	6028	106	0	6256
2230	89	42	91	5771	0	5993
2231	73	30	6050	124	0	6277
2232	76	6015	101	68	0	6260
2233	82	103	47	6091	0	6323
2234	69	46	41	6187	0	6343
2235	50	49	6455	135	0	6689
2236	54	38	108	6358	0	6558
2237	63	36	6533	114	0	6746
2238	6354	23	120	85	0	6582
2239	6647	26	59	58	0	6790
2240	6710	29	46	69	0	6854
2241	122	28	40	6608	0	6798
2242	65	26	38	6674	0	6803
2243	47	18	6805	136	0	7006
2244	52	28	109	6639	0	6828
2245	30	6738	72	132	0	6972
2246	48	78	6901	78	0	7105
2247	53	39	6735	56	0	6883
2248	89	25	130	6253	0	6497
2249	51	30	6899	117	0	7097
2250	54	20	6730	79	0	6883
2251	6511	16	130	102	0	6759
2252	103	7448	69	81	0	7701
2253	7727	78	57	100	0	7962
2254	7785	33	55	76	0	7949
2255	7851	23	52	68	0	7994
2256	147	17	37	7745	0	7946
2257	78	23	61	7912	0	8074
2258	74	15	7925	135	0	8149
2259	71	15	120	7709	0	7915
2260	59	7882	71	121	0	8133
2261	8028	78	55	98	0	8259
2262	115	7917	49	77	0	8158
2263	71	7984	52	73	0	8180
2264	67	104	48	8064	0	8283
2265	59	46	8144	129	0	8378
2266	68	25	108	8019	0	8220
2267	46	30	8100	133	0	8309
2268	57	8018	109	87	0	8271
2269	8090	77	70	84	0	8321
2270	8184	36	61	89	0	8370
2271	8461	33	44	103	0	8641
2272	133	32	8773	57	0	8995
2273	89	44	8159	69	0	8361
2274	8700	16	115	121	0	8952
2275	9027	26	72	93	0	9218
2276	9085	22	64	89	0	9260
2277	131	28	42	9033	0	9234
2278	79	26	55	9169	0	9329
2279	9259	26	50	142	0	9477
2280	9100	24	57	128	0	9309
2281	118	29	9307	86	0	9540
2282	71	34	8898	80	0	9083
2283	8707	24	96	103	0	8930
2284	94	27	9039	70	0	9230
2285	8483	25	82	90	0	8680
2286	66	30	8732	83	0	8911
2287	77	25	59	8498	0	8659
2288	55	34	9013	75	0	9177
2289	64	33	57	8955	0	9109
2290	59	27	55	9108	0	9249
2291	57	9236	58	81	0	9432
2292	9435	35	41	93	0	9604
2293	69	32	9596	45	0	9742
2294	9069	15	59	89	0	9232
2295	60	9654	64	45	0	9823
2296	10041	33	44	81	0	10199
2297	66	39	50	10045	0	10200
2298	60	27	52	10117	0	10256
2299	50	10394	62	87	0	10593
2300	54	43	45	10724	0	10866
2301	57	32	41	10767	0	10897
2302	55	25	41	10833	0	10954
2303	10567	26	53	151	0	10797
2304	9924	18	42	113	0	10097
2305	121	19	9899	68	0	10107
2306	81	9921	84	56	0	10142
2307	74	59	44	10175	0	10352
2308	54	46	40	10432	0	10572
2309	45	37	10502	132	0	10716
2310	65	18	102	9979	0	10164
2311	10204	16	53	181	0	10454
2312	10265	18	49	120	0	10452
2313	10393	25	31	104	0	10553
2314	185	29	27	10506	0	10747
2315	11045	19	38	178	0	11280
2316	11034	21	25	150	0	11230
2317	11146	27	33	112	0	11318
2318	164	23	38	11145	0	11370
2319	121	26	34	11157	0	11338
2320	96	29	29	11243	0	11397
2321	80	43	33	10948	0	11104
2322	74	33	31	11001	0	11139
2323	50	37	10963	170	0	11220
2324	62	33	10797	91	0	10983
2325	61	10758	137	81	0	11037
2326	61	108	74	10974	0	11217
2327	53	52	67	11053	0	11225
2328	70	45	30	11133	0	11278
2329	56	30	11019	183	0	11288
2330	72	15	124	10786	0	10997
2331	58	23	10923	166	0	11170
2332	59	37	140	10810	0	11046
2333	60	20	11278	167	0	11525
2334	48	11186	130	112	0	11476
2335	74	100	66	11141	0	11381
2336	66	49	11004	170	0	11289
2337	9638	36	140	149	0	9963
2338	141	10975	84	76	0	11276
2339	109	106	58	11143	0	11416
2340	72	11165	47	156	0	11440
2341	74	119	51	11122	0	11366
2342	11241	48	63	206	0	11558
2343	142	44	56	11137	0	11379
2344	65	11027	62	174	0	11328
2345	11053	120	51	122	0	11346
2346	167	36	50	11256	0	11509
2347	91	71	53	11416	0	11631
2348	11635	27	46	252	0	11960
2349	213	32	47	12767	0	13059
2350	128	20	56	15519	0	15723
2351	103	32	15888	539	0	16562
2352	75	48	15802	218	0	16143
2353	93	32	610	15416	0	16151
2354	79	35	15756	543	0	16413
2355	74	42	15664	219	0	15999
2356	14560	19	659	243	0	15481
2357	534	31	15760	122	0	16447
2358	170	15545	658	123	0	16496
2359	213	504	220	15521	0	16458
2360	15951	165	182	599	0	16897
2361	16379	112	113	281	0	16885
2362	16294	61	98	270	0	16723
2363	763	15985	116	146	0	17010
2364	407	537	110	15838	0	16892
2365	274	162	119	16390	0	16945
2366	15441	134	115	828	0	16518
2367	16189	75	112	403	0	16779
2368	16383	58	102	289	0	16832
2369	868	55	15972	170	0	17065
2370	405	15864	627	164	0	17060
2371	267	18126	284	140	0	18817
2372	261	843	226	17059	0	18389
2373	226	367	132	18037	0	18762
2374	188	216	17796	1026	0	19226
2375	17375	121	801	563	0	18860
2376	18434	92	361	399	0	19286
2377	1112	90	274	17819	0	19295
2378	652	88	143	18285	0	19168
2379	470	90	116	18655	0	19331
2380	17964	90	99	1279	0	19432
2381	924	91	17453	654	0	19122
2382	460	105	17921	430	0	18916
2383	432	120	1031	17302	0	18885
2384	243	102	17685	959	0	18989
2385	16987	74	995	573	0	18629
2386	17628	69	471	468	0	18636
2387	18004	63	350	341	0	18758
2388	1296	16738	230	304	0	18568
2389	17169	762	201	292	0	18424
2390	1154	371	186	16661	0	18372
2391	620	263	177	17034	0	18094
2392	497	128	183	17501	0	18309
2393	313	116	16380	1387	0	18196
2394	382	118	919	16074	0	17493
2395	330	16159	488	1143	0	18120
2396	15845	776	359	678	0	17658
2397	932	16270	251	558	0	18011
2398	555	918	15930	440	0	17843
2399	495	16109	881	379	0	17864
2400	15458	952	499	405	0	17314
2401	975	15602	431	374	0	17382
2402	622	960	304	14096	0	15982
2403	452	15536	310	951	0	17249
2404	15469	980	288	589	0	17326
2405	16038	450	271	485	0	17244
2406	15301	378	294	437	0	16410
2407	1345	278	15292	394	0	17309
2408	780	282	15377	369	0	16808
2409	625	226	15371	377	0	16599
2410	14930	248	1266	402	0	16846
2411	1139	216	669	14693	0	16717
2412	705	267	452	15259	0	16683
2413	567	241	14549	1231	0	16588
2414	458	265	885	14831	0	16439
2415	13907	243	503	1241	0	15894
2416	1043	13874	434	712	0	16063
2417	14423	824	384	559	0	16190
2418	1225	474	14026	432	0	16157
2419	14382	392	933	421	0	16128
2420	14900	297	571	411	0	16179
2421	15045	270	478	449	0	16242
2422	1443	275	13994	429	0	16141
2423	924	243	982	14027	0	16176
2424	714	212	14235	1033	0	16194
2425	634	223	1076	14278	0	16211
2426	526	224	14381	1168	0	16299
2427	526	226	1129	14270	0	16151
2428	536	226	660	14914	0	16336
2429	14296	207	518	1345	0	16366
2430	14548	205	411	879	0	16043
2431	15027	180	442	680	0	16329
2432	1538	209	427	13877	0	16051
2433	893	12573	472	1123	0	15061
2434	743	14042	395	747	0	15927
2435	13939	1017	353	658	0	15967
2436	1191	584	13591	537	0	15903
2437	13896	413	1015	513	0	15837
2438	1317	306	13838	496	0	15957
2439	14301	276	1103	476	0	16156
2440	13655	268	652	549	0	15124
2441	1435	233	14057	514	0	16239
2442	14478	238	1058	519	0	16293
2443	14840	233	668	517	0	16258
2444	15019	280	534	496	0	16329
2445	1600	13926	433	513	0	16472
2446	1056	931	404	13901	0	16292
2447	789	494	13804	1089	0	16176
2448	773	370	13984	704	0	15831
2449	664	12531	1199	621	0	15015
2450	575	10301	699	445	0	12020
2451	594	611	611	9154	0	10970
2452	8910	428	475	642	0	10455
2453	756	8922	377	596	0	10651
2454	704	467	410	8871	0	10452
2455	675	8921	396	602	0	10594
2456	9250	525	331	504	0	10610
2457	792	409	396	8930	0	10527
2458	661	426	8800	638	0	10525
2459	619	8414	532	591	0	10156
2460	594	8668	480	474	0	10216
2461	657	543	391	8058	0	9649
2462	595	8534	342	552	0	10023
2463	553	578	338	8595	0	10064
2464	8621	398	312	725	0	10056
2465	8762	345	325	603	0	10035
2466	9079	278	316	482	0	10155
2467	9177	264	327	407	0	10175
2468	989	286	8608	359	0	10242
2469	713	8182	562	390	0	9847
2470	577	8392	447	421	0	9837
2471	441	7118	318	345	0	8222
2472	441	6710	297	399	0	7847
2473	6619	316	328	427	0	7690
2474	6529	240	361	322	0	7452
2475	6744	226	265	307	0	7542
2476	6762	223	240	310	0	7535
2477	539	207	6348	376	0	7470
2478	6823	200	326	408	0	7757
2479	7037	184	320	387	0	7928
2480	7176	210	305	270	0	7961
2481	505	188	397	6847	0	7937
2482	456	196	336	6952	0	7940
2483	7127	214	269	414	0	8024
2484	491	217	313	6915	0	7936
2485	516	6859	245	301	0	7921
2486	556	275	209	7003	0	8043
2487	489	267	197	7048	0	8001
2488	386	7164	234	352	0	8136
2489	437	292	233	7214	0	8176
2490	350	219	264	7292	0	8125
2491	7191	194	222	468	0	8075
2492	407	231	6777	353	0	7768
2493	6787	203	351	300	0	7641
2494	416	229	6866	279	0	7790
2495	374	277	6569	226	0	7446
2496	441	240	6738	202	0	7621
2497	6761	275	344	239	0	7619
2498	436	207	7207	189	0	8039
2499	7148	247	319	232	0	7946
2500	7370	184	256	238	0	8048
2501	7424	232	210	220	0	8086
2502	441	7229	215	242	0	8127
2503	7492	269	229	203	0	8193
2504	482	7408	243	205	0	8338
2505	465	187	236	7558	0	8446
2506	412	173	249	7523	0	8357
2507	380	7397	330	254	0	8361
2508	358	7441	305	220	0	8324
2509	341	7651	285	220	0	8497
2510	7844	213	211	228	0	8496
2511	419	7685	159	286	0	8549
2512	7928	212	212	246	0	8598
2513	359	190	7677	230	0	8456
2514	7690	168	241	268	0	8367
2515	8006	168	188	196	0	8558
2516	440	230	7702	152	0	8524
2517	414	139	262	7598	0	8413
2518	343	149	7853	232	0	8577
2519	403	134	251	7674	0	8462
2520	387	137	187	7736	0	8447
2521	7982	155	188	237	0	8562
2522	7871	142	237	249	0	8499
2523	351	7710	187	256	0	8504
2524	7913	200	246	208	0	8567
2525	380	187	7811	208	0	8586
2526	7853	167	289	173	0	8482
2527	355	144	8178	221	0	8898
2528	335	156	7979	188	0	8658
2529	8506	131	282	147	0	9066
2530	8775	153	176	115	0	9219
2531	433	166	8688	96	0	9383
2532	328	161	224	8288	0	9001
2533	263	181	183	8741	0	9368
2534	261	206	8643	223	0	9333
2535	280	133	262	8352	0	9027
2536	231	8131	240	217	0	8819
2537	290	216	139	8703	0	9348
2538	212	171	188	8566	0	9137
2539	250	136	8405	237	0	9028
2540	7782	139	206	170	0	8297
2541	8306	145	176	124	0	8751
2542	8257	126	102	140	0	8625
2543	8222	129	101	124	0	8576
2544	334	7946	99	114	0	8493
2545	205	242	98	7792	0	8337
2546	155	164	7740	223	0	8282
2547	154	130	7693	134	0	8111
2548	136	136	241	7454	0	7967
2549	127	140	7717	200	0	8184
2550	7433	127	172	168	0	7900
2551	220	103	111	7709	0	8143
2552	203	108	73	7686	0	8070
2553	151	116	73	7676	0	8016
2554	7552	90	69	270	0	7981
2555	241	7547	71	136	0	7995
2556	7530	182	82	125	0	7919
2557	7519	114	87	128	0	7848
2558	270	7279	102	89	0	7740
2559	178	7443	80	75	0	7776
2560	7537	227	63	102	0	7929
2561	248	126	64	7527	0	7965
2562	178	102	58	7442	0	7780
2563	7706	77	55	254	0	8092
2564	269	66	7547	108	0	7990
2565	7397	54	191	100	0	7742
2566	7675	66	94	106	0	7941
2567	279	7746	77	76	0	8178
2568	8136	168	67	108	0	8479
2569	8142	119	61	115	0	8437
2570	304	8875	46	76	0	9301
2571	159	9151	59	58	0	9427
2572	147	315	48	8884	0	9394
2573	9049	128	37	283	0	9497
2574	319	9279	54	125	0	9777
2575	197	280	56	9373	0	9906
2576	9581	121	56	314	0	10072
2577	345	84	9467	153	0	10049
2578	211	69	284	9178	0	9742
2579	139	58	9419	326	0	9942
2580	8946	40	346	192	0	9524
2581	9458	58	157	153	0	9826
2582	433	48	9274	123	0	9878
2583	233	9142	322	97	0	9794
2584	211	292	147	9249	0	9899
2585	134	157	9396	320	0	10007
2586	154	91	331	9281	0	9857
2587	166	78	159	9544	0	9947
2588	120	86	9371	425	0	10002
2589	8870	64	370	254	0	9558
2590	9469	73	180	184	0	9906
2591	461	65	9426	132	0	10084
2592	248	9393	378	126	0	10145
2593	229	303	196	9088	0	9816
2594	172	9341	146	326	0	9985
2595	141	9608	125	167	0	10041
2596	9420	409	115	160	0	10104
2597	425	196	88	9385	0	10094
2598	246	139	93	9446	0	9924
2599	169	131	9282	439	0	10021
2600	181	89	9217	231	0	9718
2601	181	79	449	9040	0	9749
2602	172	97	211	9347	0	9827
2603	141	94	9136	472	0	9843
2604	142	100	9242	250	0	9734
2605	175	95	441	8971	0	9682
2606	9043	100	215	469	0	9827
2607	381	9112	180	229	0	9902
2608	9110	374	135	206	0	9825
2609	456	9051	132	159	0	9798
2610	263	9364	139	153	0	9919
2611	9083	455	122	178	0	9838
2612	441	232	9123	160	0	9956
2613	293	140	412	9102	0	9947
2614	251	133	203	9401	0	9988
2615	216	110	187	10106	0	10619
2616	175	118	10021	569	0	10883
2617	201	111	436	10064	0	10812
2618	10198	117	239	562	0	11116
2619	474	122	190	10564	0	11350
2620	302	128	152	11078	0	11660
2621	10876	95	163	673	0	11807
2622	10956	94	133	412	0	11595
2623	617	10649	154	276	0	11696
2624	338	417	10839	218	0	11812
2625	271	191	10814	211	0	11487
2626	233	156	10892	211	0	11492
2627	180	10296	623	212	0	11311
2628	218	434	358	9948	0	10958
2629	199	207	241	10399	0	11046
2630	10102	158	184	634	0	11078
2631	525	144	168	10003	0	10840
2632	273	137	9893	586	0	10889
2633	262	135	465	9966	0	10828
2634	229	124	252	10182	0	10787
2635	187	152	9843	651	0	10833
2636	185	9689	502	398	0	10774
2637	233	420	287	8942	0	9882
2638	194	9680	245	550	0	10669
2639	196	482	9681	358	0	10717
2640	9555	238	545	302	0	10640
2641	9897	177	288	288	0	10650
2642	10059	164	225	289	0	10737
2643	634	159	229	9605	0	10627
2644	348	9691	225	558	0	10822
2645	9671	456	211	390	0	10728
2646	9964	239	222	335	0	10760
2647	9951	215	200	305	0	10671
2648	676	161	9523	292	0	10652
2649	9393	170	505	296	0	10364
2650	625	9470	290	273	0	10658
2651	9443	490	231	273	0	10437
2652	588	9617	219	276	0	10700
2653	9758	510	187	295	0	10750
2654	606	295	9659	286	0	10846
2655	9665	216	485	270	0	10636
2656	10036	187	295	253	0	10771
2657	8602	188	266	353	0	9409
2658	10127	183	205	256	0	10771
2659	679	192	9547	272	0	10690
2660	460	183	498	9517	0	10658
2661	9604	159	303	529	0	10595
2662	630	9417	243	336	0	10626
2663	430	456	223	9396	0	10505
2664	355	260	9217	545	0	10377
2665	368	233	480	9299	0	10380
2666	351	207	9236	584	0	10378
2667	301	8729	542	364	0	9936
2668	307	8453	320	304	0	9384
2669	288	8567	246	317	0	9418
2670	314	490	242	7552	0	8598
2671	294	277	212	7451	0	8234
2672	279	216	7162	496	0	8153
2673	284	6865	373	340	0	7862
2674	6574	328	270	301	0	7473
2675	381	6256	241	286	0	7164
2676	326	6293	237	250	0	7106
2677	324	338	231	6101	0	6994
2678	6040	227	222	412	0	6901
2679	6122	188	253	302	0	6865
2680	446	171	213	6041	0	6871
2681	6044	176	206	379	0	6805
2682	391	187	235	5996	0	6809
2683	265	195	5880	422	0	6762
2684	5886	178	351	321	0	6736
2685	380	183	263	5916	0	6742
2686	265	176	5717	410	0	6568
2687	253	197	5662	332	0	6444
2688	243	191	362	5793	0	6589
2689	5882	185	255	369	0	6691
2690	5903	188	216	290	0	6597
2691	374	5863	210	286	0	6733
2692	6182	316	220	282	0	7000
2693	6198	229	194	298	0	6919
2694	6254	214	200	293	0	6961
2695	395	6218	205	270	0	7088
2696	6396	280	188	266	0	7130
2697	6480	181	193	312	0	7166
2698	408	172	217	6379	0	7176
2699	6301	161	228	366	0	7056
2700	397	6078	211	287	0	6973
2701	310	6281	180	277	0	7048
2702	306	297	172	6335	0	7110
2703	301	202	224	6356	0	7083
2704	288	6390	195	334	0	7207
2705	6456	291	159	286	0	7192
2706	410	6231	174	236	0	7051
2707	6306	333	172	217	0	7028
2708	429	6324	180	212	0	7145
2709	335	295	157	6205	0	6992
2710	298	6429	162	310	0	7199
2711	6487	279	195	277	0	7238
2712	6425	183	197	251	0	7056
2713	6441	153	154	260	0	7008
2714	399	154	6021	274	0	6848
2715	326	130	5541	260	0	6257
2716	282	5406	293	207	0	6188
2717	273	210	5330	240	0	6053
2718	316	184	5062	204	0	5766
2719	276	201	230	4485	0	5192
2720	242	165	4680	263	0	5350
2721	274	4608	194	202	0	5278
2722	4664	188	190	173	0	5215
2723	253	4538	173	172	0	5136
2724	234	4585	196	164	0	5179
2725	4653	189	180	188	0	5210
2726	4691	166	184	184	0	5225
2727	254	4751	130	175	0	5310
2728	4873	192	99	205	0	5369
2729	4823	141	113	225	0	5302
2730	4848	169	124	160	0	5301
2731	264	141	4562	196	0	5163
2732	242	143	4440	155	0	4980
2733	245	149	148	4641	0	5183
2734	244	142	137	4631	0	5154
2735	4834	175	146	156	0	5311
2736	267	4736	98	118	0	5219
2737	252	163	105	4815	0	5335
2738	244	174	107	4818	0	5343
2739	256	141	126	4824	0	5347
2740	291	120	96	4804	0	5311
2741	284	124	4832	161	0	5401
2742	264	136	4747	112	0	5259
2743	229	128	134	4976	0	5467
2744	237	158	5029	121	0	5545
2745	4983	137	149	100	0	5369
2746	283	115	126	5085	0	5609
2747	265	118	5082	132	0	5597
2748	4769	116	159	140	0	5184
2749	264	5074	123	93	0	5554
2750	5193	192	100	108	0	5593
2751	253	5283	94	103	0	5733
2752	201	178	96	5192	0	5667
2753	194	123	5203	136	0	5656
2754	183	106	149	5006	0	5444
2755	185	107	4992	160	0	5444
2756	4985	107	140	115	0	5347
2757	189	97	93	5179	0	5558
2758	5247	109	85	171	0	5612
2759	172	118	5173	112	0	5575
2760	5273	119	111	156	0	5659
2761	5729	119	84	129	0	6061
2762	193	125	5725	108	0	6151
2763	140	98	143	5629	0	6010
2764	111	110	5813	157	0	6191
2765	112	5810	126	129	0	6177
2766	5782	168	103	106	0	6159
2767	5769	141	65	97	0	6072
2768	179	114	5748	86	0	6127
2769	128	101	5679	93	0	6001
2770	141	83	128	5637	0	5989
2771	121	70	76	5819	0	6086
2772	5899	65	68	166	0	6198
2773	175	5846	61	79	0	6161
2774	5986	125	57	90	0	6258
2775	6004	99	45	90	0	6238
2776	195	70	5818	77	0	6160
2777	5610	57	129	96	0	5892
2778	195	48	5882	71	0	6196
2779	134	54	109	5981	0	6278
2780	125	47	6197	124	0	6493
2781	138	51	113	6104	0	6406
2782	100	57	6255	139	0	6551
2783	6048	56	136	77	0	6317
2784	6267	48	77	69	0	6461
2785	169	53	58	6195	0	6475
2786	6380	54	61	126	0	6621
2787	174	58	51	6435	0	6718
2788	130	6440	41	111	0	6722
2789	6505	105	42	94	0	6746
2790	162	6432	44	48	0	6686
2791	124	136	41	6380	0	6681
2792	111	73	44	6188	0	6416
2793	111	52	37	6150	0	6350
2794	96	59	48	6070	0	6273
2795	83	75	5911	151	0	6220
2796	5392	48	98	107	0	5645
2797	5818	55	51	85	0	6009
2798	156	5773	51	69	0	6049
2799	99	122	49	5829	0	6099
2800	74	68	53	5900	0	6095
2801	68	49	5725	131	0	5973
2802	5539	49	103	95	0	5786
2803	138	50	60	5763	0	6011
2804	96	48	5671	101	0	5916
2805	5583	42	109	81	0	5815
2806	5746	37	64	74	0	5921
2807	5783	29	55	65	0	5932
2808	151	48	5587	44	0	5830
2809	99	28	5238	53	0	5418
2810	5376	32	117	51	0	5576
2811	138	20	65	5496	0	5719
2812	77	20	62	5583	0	5742
2813	58	31	5569	114	0	5772
2814	5348	23	130	58	0	5559
2815	117	25	64	5672	0	5878
2816	5820	28	52	125	0	6025
2817	5859	18	49	88	0	6014
2818	5918	25	39	78	0	6060
2819	128	18	6078	50	0	6274
2820	83	28	100	6086	0	6297
2821	6147	22	43	133	0	6345
2822	132	6240	51	52	0	6475
2823	71	95	36	6364	0	6566
2824	52	37	34	6404	0	6527
2825	6312	27	37	140	0	6516
2826	6298	14	34	86	0	6432
2827	151	13	43	6207	0	6414
2828	74	22	6136	107	0	6339
2829	5943	10	120	87	0	6160
2830	130	18	6138	58	0	6344
2831	6213	9	131	69	0	6422
2832	6395	17	50	58	0	6520
2833	155	18	6370	47	0	6590
2834	98	15	145	6364	0	6622
2835	67	15	6747	155	0	6984
2836	67	7058	151	76	0	7352
2837	78	149	62	6896	0	7185
2838	58	7252	52	172	0	7534
2839	73	166	52	7461	0	7752
2840	56	50	7607	210	0	7923
2841	63	7499	218	87	0	7867
2842	74	7898	75	51	0	8098
2843	79	230	53	7826	0	8188
2844	7899	65	45	242	0	8251
2845	242	38	48	8632	0	8960
2846	8807	28	48	313	0	9196
2847	300	9013	43	128	0	9484
2848	9874	275	38	89	0	10276
2849	375	96	10187	61	0	10719
2850	180	52	339	10034	0	10605
2851	119	44	114	10170	0	10447
2852	84	42	10067	450	0	10643
2853	9638	45	357	198	0	10238
2854	10139	31	134	150	0	10454
2855	466	9925	93	85	0	10569
2856	246	354	69	9273	0	9942
2857	138	9882	73	344	0	10437
2858	128	372	9800	140	0	10440
2859	102	139	10047	123	0	10411
2860	125	92	472	9513	0	10202
2861	9489	69	184	398	0	10140
2862	384	9333	123	169	0	10009
2863	9487	354	94	129	0	10064
2864	418	144	9245	109	0	9916
2865	9342	88	375	136	0	9941
2866	9731	78	155	129	0	10093
2867	503	69	9488	97	0	10157
2868	255	79	400	9310	0	10044
2869	9556	65	179	420	0	10220
2870	9712	69	103	210	0	10094
2871	9774	80	89	179	0	10122
2872	551	83	97	9385	0	10116
2873	276	76	9332	379	0	10063
2874	9260	65	393	205	0	9923
2875	482	57	9501	130	0	10170
2876	269	65	426	9281	0	10041
2877	215	69	188	9501	0	9973
2878	199	9362	128	486	0	10175
2879	175	362	9382	211	0	10130
2880	173	8965	399	176	0	9713
2881	169	9447	190	161	0	9967
2882	185	459	153	9141	0	9938
2883	184	169	9187	432	0	9972
2884	201	106	431	9171	0	9909
2885	167	109	9263	477	0	10016
2886	225	80	418	9079	0	9802
2887	197	110	213	9224	0	9744
2888	172	115	8782	530	0	9599
2889	164	113	442	8764	0	9483
2890	165	98	8872	488	0	9623
2891	168	79	8878	273	0	9398
2892	137	8681	538	222	0	9578
2893	8759	379	260	225	0	9623
2894	458	173	8782	172	0	9585
2895	8632	130	456	194	0	9412
2896	530	110	245	8826	0	9711
2897	264	111	8754	477	0	9606
2898	197	8677	490	268	0	9632
2899	202	403	272	8727	0	9604
2900	177	182	8834	471	0	9664
2901	207	147	480	8357	0	9191
2902	183	8710	269	488	0	9650
2903	8827	420	194	285	0	9726
2904	527	193	196	8864	0	9780
2905	8733	133	207	507	0	9580
2906	8955	139	205	283	0	9582
2907	9043	98	186	257	0	9584
2908	9072	132	219	228	0	9651
2909	8973	109	197	232	0	9511
2910	619	8409	197	228	0	9453
2911	348	406	203	8557	0	9514
2912	302	192	173	8815	0	9482
2913	283	163	179	8822	0	9447
2914	235	151	8355	621	0	9362
2915	240	8290	496	338	0	9364
2916	8555	427	269	281	0	9532
2917	8693	198	218	272	0	9381
2918	641	8210	219	235	0	9305
2919	304	8586	204	277	0	9371
2920	8358	525	196	244	0	9323
2921	570	250	8133	259	0	9212
2922	337	214	517	7944	0	9012
2923	8020	176	289	555	0	9040
2924	580	163	227	7829	0	8799
2925	343	7807	220	541	0	8911
2926	303	447	214	8021	0	8985
2927	256	260	7971	570	0	9057
2928	7836	163	539	366	0	8904
2929	8321	180	311	289	0	9101
2930	668	165	257	7967	0	9057
2931	386	166	232	8255	0	9039
2932	7847	166	232	633	0	8878
2933	584	7676	209	387	0	8856
2934	339	445	218	7663	0	8665
2935	295	264	213	7764	0	8536
2936	6989	202	194	618	0	8003
2937	522	6929	198	351	0	8000
2938	6836	427	166	322	0	7751
2939	504	6528	188	310	0	7530
2940	341	6735	213	248	0	7537
2941	6519	473	186	249	0	7427
2942	492	6432	192	246	0	7362
2943	329	449	195	6179	0	7152
2944	322	231	6020	462	0	7035
2945	259	179	5304	326	0	6068
2946	269	154	5128	248	0	5799
2947	221	4929	417	243	0	5810
2948	4167	287	286	193	0	4933
2949	326	169	230	3665	0	4390
2950	251	155	175	3746	0	4327
2951	226	135	3591	365	0	4317
2952	3624	143	300	222	0	4289
2953	367	130	184	3709	0	4390
2954	286	143	164	3778	0	4371
2955	211	170	163	3798	0	4342
2956	3612	115	166	363	0	4256
2957	272	185	3542	230	0	4229
2958	3564	127	295	201	0	4187
2959	309	123	221	3560	0	4213
2960	244	119	3538	316	0	4217
2961	3563	133	219	219	0	4134
2962	330	155	3591	177	0	4253
2963	295	102	258	3533	0	4188
2964	189	105	3667	287	0	4248
2965	245	107	3523	222	0	4097
2966	3357	92	272	225	0	3946
2967	251	111	3417	201	0	3980
2968	191	112	256	3387	0	3946
2969	3366	115	177	284	0	3942
2970	284	127	164	3359	0	3934
2971	230	126	3304	269	0	3929
2972	169	120	3369	265	0	3923
2973	154	3316	310	217	0	3997
2974	208	190	203	3331	0	3932
2975	3172	144	211	278	0	3805
2976	210	3137	168	258	0	3773
2977	3148	222	129	265	0	3764
2978	230	174	161	3191	0	3756
2979	3119	126	198	285	0	3728
2980	240	3116	144	216	0	3716
2981	171	234	136	3144	0	3685
2982	3095	137	149	305	0	3686
2983	246	3084	168	213	0	3711
2984	205	188	143	3175	0	3711
2985	185	129	160	3190	0	3664
2986	3150	125	131	311	0	3717
2987	260	113	135	3204	0	3712
2988	215	111	170	3214	0	3710
2989	192	115	118	3319	0	3744
2990	181	126	3094	277	0	3678
2991	3107	129	236	202	0	3674
2992	258	161	131	3599	0	4149
2993	232	135	3736	276	0	4379
2994	3771	111	268	200	0	4350
2995	367	114	3845	184	0	4510
2996	220	111	219	3898	0	4448
2997	197	3887	173	271	0	4528
2998	207	264	101	4034	0	4606
2999	196	142	3985	329	0	4652
3000	184	129	4185	228	0	4726
3001	195	122	242	4217	0	4776
3002	190	141	4104	320	0	4755
3003	4100	107	262	204	0	4673
3004	317	96	4081	217	0	4711
3005	237	108	221	4061	0	4627
3006	219	114	130	4186	0	4649
3007	203	108	115	4180	0	4606
3008	4074	97	113	337	0	4621
3009	4140	106	88	262	0	4596
3010	4221	133	111	188	0	4653
3011	325	98	95	4134	0	4652
3012	220	88	104	4225	0	4637
3013	179	82	3957	349	0	4567
3014	155	113	4028	217	0	4513
3015	158	3943	222	205	0	4528
3016	201	224	133	3557	0	4115
3017	173	128	117	3525	0	3943
3018	134	3543	102	256	0	4035
3019	3532	183	99	198	0	4012
3020	244	3474	98	178	0	3994
3021	3524	175	120	164	0	3983
3022	232	111	88	3510	0	3941
3023	3523	96	87	249	0	3955
3024	209	100	78	3551	0	3938
3025	159	95	3421	245	0	3920
3026	129	81	174	3536	0	3920
3027	3432	75	103	249	0	3859
3028	239	79	76	3459	0	3853
3029	166	74	76	3511	0	3827
3030	110	86	3347	271	0	3814
3031	128	68	159	3457	0	3812
3032	122	85	98	3456	0	3761
3033	96	3336	98	245	0	3775
3034	98	151	93	3482	0	3824
3035	101	84	74	3573	0	3832
3036	117	78	85	3490	0	3770
3037	82	3328	80	240	0	3730
3038	99	148	79	3327	0	3653
3039	3147	87	56	236	0	3526
3040	153	3041	76	157	0	3427
3041	101	2938	66	145	0	3250
3042	77	2923	83	130	0	3213
3043	80	120	92	2823	0	3115
3044	71	2713	116	192	0	3092
3045	64	2889	110	126	0	3189
3046	2829	137	93	141	0	3200
3047	146	66	2766	128	0	3106
3048	2737	73	139	131	0	3080
3049	147	76	85	2841	0	3149
3050	85	57	2774	198	0	3114
3051	2696	43	174	158	0	3071
3052	140	56	2743	139	0	3078
3053	81	57	2772	151	0	3061
3054	2796	47	196	126	0	3165
3055	172	32	136	2961	0	3301
3056	106	52	2960	192	0	3310
3057	2903	41	172	182	0	3298
3058	3035	45	112	169	0	3361
3059	180	48	2985	162	0	3375
3060	3050	43	169	143	0	3405
3061	3168	45	108	133	0	3454
3062	233	31	2981	142	0	3387
3063	2982	46	168	161	0	3357
3064	3073	34	125	140	0	3372
3065	198	35	2957	135	0	3325
3066	145	50	3173	119	0	3487
3067	110	63	189	3240	0	3602
3068	125	44	3249	216	0	3634
3069	3254	58	170	153	0	3635
3070	184	64	123	3234	0	3605
3071	126	71	91	3332	0	3620
3072	133	75	3166	225	0	3599
3073	134	58	172	3192	0	3556
3074	115	70	3181	232	0	3598
3075	3203	48	166	187	0	3604
3076	3312	49	128	157	0	3646
3077	215	45	3225	168	0	3653
3078	3280	42	152	166	0	3640
3079	3367	38	98	180	0	3683
3080	207	48	3298	161	0	3714
3081	3326	36	179	194	0	3735
3082	3416	42	122	164	0	3744
3083	206	46	3327	171	0	3750
3084	3323	46	179	166	0	3714
3085	175	52	3371	183	0	3781
3086	123	45	175	3433	0	3776
3087	104	30	110	3495	0	3739
3088	92	60	83	3562	0	3797
3089	80	55	3350	263	0	3748
3090	3164	50	149	211	0	3574
3091	190	54	3263	153	0	3660
3092	89	2696	153	147	0	3085
3093	95	2595	107	102	0	2899
3094	2539	78	88	116	0	2821
3095	111	51	108	2437	0	2707
3096	94	2404	56	145	0	2699
3097	2383	85	64	113	0	2645
3098	2351	40	71	117	0	2579
3099	114	2366	77	88	0	2645
3100	83	66	90	2209	0	2448
3101	90	2242	53	121	0	2506
3102	2315	70	69	85	0	2539
3103	2322	47	57	90	0	2516
3104	119	36	80	2249	0	2484
3105	2256	37	49	135	0	2477
3106	121	35	63	2278	0	2497
3107	90	47	2201	127	0	2465
3108	2189	39	83	102	0	2413
3109	127	28	2180	90	0	2425
3110	102	35	83	2209	0	2429
3111	2212	40	75	129	0	2456
3112	113	31	65	2254	0	2463
3113	73	28	2211	117	0	2429
3114	74	44	2144	90	0	2352
3115	70	56	109	2191	0	2426
3116	2184	32	62	138	0	2416
3117	112	2184	64	105	0	2465
3118	81	82	68	2245	0	2476
3119	102	42	2245	102	0	2491
3120	2241	44	73	75	0	2433
3121	2370	32	68	73	0	2543
3122	123	29	2268	90	0	2510
3123	2344	32	91	66	0	2533
3124	112	29	77	2398	0	2616
3125	87	35	2366	97	0	2585
3126	2309	29	87	109	0	2534
3127	118	22	68	2339	0	2547
3128	76	27	67	2320	0	2490
3129	2323	22	56	133	0	2534
3130	92	2195	81	84	0	2452
3131	80	2274	52	88	0	2494
3132	2304	80	53	89	0	2526
3133	2261	64	52	59	0	2436
3134	118	30	2294	62	0	2504
3135	92	37	2208	61	0	2398
3136	69	27	105	2246	0	2447
3137	2291	41	68	78	0	2478
3138	2272	23	55	77	0	2427
3139	2309	21	63	50	0	2443
3140	111	2222	61	38	0	2432
3141	94	2286	51	36	0	2467
3142	81	73	54	2337	0	2545
3143	81	34	58	2320	0	2493
3144	81	37	54	2404	0	2576
3145	68	40	2431	91	0	2630
3146	92	21	2181	61	0	2355
3147	2397	10	123	50	0	2580
3148	2527	4	83	54	0	2668
3149	116	10	77	2463	0	2666
3150	91	13	76	2447	0	2627
3151	89	13	60	2519	0	2681
3152	86	12	2452	101	0	2651
3153	64	11	2469	63	0	2607
3154	77	20	95	2454	0	2646
3155	60	11	2494	89	0	2654
3156	60	2346	103	55	0	2564
3157	72	2452	63	47	0	2634
3158	2472	59	53	48	0	2632
3159	86	2407	70	38	0	2601
3160	90	53	49	2420	0	2612
3161	69	32	52	2457	0	2610
3162	62	2527	60	78	0	2727
3163	71	60	35	2613	0	2779
3164	56	32	2568	96	0	2752
3165	47	2532	96	70	0	2745
3166	48	55	71	2445	0	2619
3167	49	27	2406	90	0	2572
3168	45	2339	96	48	0	2528
3169	66	48	46	2313	0	2473
3170	42	2359	40	86	0	2527
3171	47	57	39	2379	0	2522
3172	53	40	50	2282	0	2425
3173	49	2289	39	85	0	2462
3174	2271	53	49	50	0	2423
3175	2242	32	27	41	0	2342
3176	99	2192	31	39	0	2361
3177	54	2268	50	36	0	2408
3178	69	67	28	2267	0	2431
3179	55	32	2243	75	0	2405
3180	2157	33	81	52	0	2323
3181	2218	24	37	42	0	2321
3182	92	26	2190	36	0	2344
3183	2170	22	72	38	0	2302
3184	2258	24	43	32	0	2357
3185	82	17	2198	40	0	2337
3186	2107	19	65	54	0	2245
3187	72	31	2263	48	0	2414
3188	52	2278	60	43	0	2433
3189	2327	55	44	34	0	2460
3190	2361	41	27	29	0	2458
3191	88	29	2294	35	0	2446
3192	2348	36	67	27	0	2478
3193	2475	26	38	35	0	2574
3194	105	10	2444	33	0	2592
3195	2491	20	65	34	0	2610
3196	2585	24	34	26	0	2669
3197	96	10	2491	33	0	2630
3198	2587	18	67	23	0	2695
3199	88	21	33	2511	0	2653
3200	58	18	27	2541	0	2644
3201	32	23	2503	85	0	2643
3202	47	22	2421	40	0	2530
3203	43	16	71	2529	0	2659
3204	37	15	55	2585	0	2692
3205	2725	14	36	72	0	2847
3206	65	14	2666	55	0	2800
3207	2723	16	70	32	0	2841
3208	89	23	38	2798	0	2948
3209	47	15	2838	71	0	2971
3210	2912	16	74	51	0	3053
3211	89	18	38	3122	0	3267
3212	55	12	3155	80	0	3302
3213	3102	13	79	49	0	3243
3214	87	9	47	3225	0	3368
3215	3305	12	32	88	0	3437
3216	77	15	3489	41	0	3622
3217	63	10	71	3325	0	3469
3218	39	3576	38	69	0	3722
3219	3621	76	30	54	0	3781
3220	3656	32	22	29	0	3739
3221	102	3731	22	34	0	3889
3222	3808	69	31	40	0	3948
3223	3781	32	21	35	0	3869
3224	3803	15	23	35	0	3876
3225	113	3694	39	27	0	3873
3226	78	82	24	3764	0	3948
3227	44	29	3801	85	0	3959
3228	49	17	90	3719	0	3875
3229	58	16	31	3794	0	3899
3230	44	12	3806	113	0	3975
3231	31	17	3752	50	0	3850
3232	60	23	103	3558	0	3744
3233	35	3807	46	74	0	3962
3234	3867	76	38	46	0	4027
3235	3855	36	32	42	0	3965
3236	121	3951	19	36	0	4127
3237	4011	81	31	31	0	4154
3238	4074	37	24	25	0	4160
3239	125	30	4002	30	0	4187
3240	3910	28	79	37	0	4054
3241	114	4090	46	31	0	4281
3242	59	77	4030	39	0	4205
3243	50	38	3880	34	0	4002
3244	41	3988	98	31	0	4158
3245	3997	68	61	37	0	4163
3246	98	37	4069	27	0	4231
3247	53	34	80	4078	0	4245
3248	46	28	4102	92	0	4268
3249	3965	27	100	43	0	4135
3250	108	27	4724	33	0	4892
3251	60	33	4613	37	0	4743
3252	4670	34	105	28	0	4837
3253	114	4857	49	24	0	5044
3254	5013	78	38	39	0	5168
3255	5070	40	42	38	0	5190
3256	121	38	32	5055	0	5246
3257	57	5456	33	87	0	5633
3258	5566	74	42	57	0	5739
3259	100	44	5590	30	0	5764
3260	5444	34	81	43	0	5602
3261	95	5610	55	28	0	5788
3262	5562	71	48	26	0	5707
3263	5590	31	25	35	0	5681
3264	105	5622	39	18	0	5784
3265	68	68	33	5719	0	5888
3266	5764	27	38	78	0	5907
3267	91	5728	40	32	0	5891
3268	70	75	26	5794	0	5965
3269	5935	38	29	75	0	6077
3270	105	25	27	6103	0	6260
3271	75	24	30	6090	0	6219
3272	44	6149	31	93	0	6317
3273	6157	84	31	57	0	6329
3274	6260	32	31	41	0	6364
3275	6387	27	30	32	0	6476
3276	123	6487	31	30	0	6671
3277	6585	90	30	42	0	6747
3278	6621	39	24	40	0	6724
3279	139	30	29	6525	0	6723
3280	93	28	25	6577	0	6723
3281	73	31	6540	110	0	6754
3282	58	32	87	6401	0	6578
3283	85	31	43	6282	0	6441
3284	62	29	6511	114	0	6716
3285	5876	15	92	92	0	6075
3286	118	39	6534	42	0	6733
3287	79	33	6605	35	0	6752
3288	74	32	106	6588	0	6800
3289	82	25	45	6631	0	6783
3290	62	6792	41	103	0	6998
3291	6772	93	27	81	0	6973
3292	6726	51	31	46	0	6854
3293	148	6724	32	33	0	6937
3294	76	7033	30	53	0	7192
3295	67	126	30	7011	0	7234
3296	48	7267	36	113	0	7464
3297	7253	120	30	81	0	7484
3298	7273	49	25	65	0	7412
3299	174	45	33	7190	0	7442
3300	97	32	35	7299	0	7463
3301	7271	33	37	167	0	7508
3302	154	30	7037	68	0	7289
3303	7043	18	130	71	0	7262
3304	177	26	7020	49	0	7272
3305	6962	35	131	54	0	7182
3306	167	18	56	7058	0	7299
3307	82	35	7155	122	0	7394
3308	74	27	7016	60	0	7177
3309	6970	35	136	54	0	7195
3310	7154	31	70	68	0	7323
3311	145	7210	45	40	0	7440
3312	92	109	33	7524	0	7758
3313	77	37	36	7694	0	7844
3314	7603	34	31	187	0	7855
3315	154	7512	34	77	0	7777
3316	7318	121	39	67	0	7545
3317	171	7200	35	46	0	7452
3318	79	7256	27	29	0	7391
3319	7159	154	30	50	0	7393
3320	164	68	6988	20	0	7240
3321	94	44	111	6934	0	7183
3322	62	46	55	7054	0	7217
3323	64	29	7012	157	0	7262
3324	73	19	130	6917	0	7139
3325	113	41	54	6209	0	6417
3326	51	6973	40	174	0	7238
3327	7002	126	37	87	0	7252
3328	150	53	7002	71	0	7276
3329	6767	47	114	75	0	7003
3330	158	6997	63	37	0	7255
3331	93	115	46	7132	0	7386
3332	7343	57	34	150	0	7584
3333	160	48	39	7359	0	7606
3334	105	32	26	7420	0	7583
3335	69	29	7300	174	0	7572
3336	6871	29	121	107	0	7128
3337	7269	32	62	88	0	7451
3338	190	29	7262	47	0	7528
3339	104	22	139	7183	0	7448
3340	87	37	7240	131	0	7495
3341	7015	47	138	96	0	7296
3342	7406	24	68	75	0	7573
3343	191	26	48	7302	0	7567
3344	7387	40	38	156	0	7621
3345	184	32	7670	81	0	7967
3346	105	23	138	7649	0	7915
3347	93	27	48	7666	0	7834
3348	74	23	45	7923	0	8065
3349	71	23	49	7889	0	8032
3350	7153	27	32	220	0	7432
3351	146	25	7000	109	0	7280
3352	105	23	136	7093	0	7357
3353	76	31	6992	154	0	7253
3354	74	36	6824	96	0	7030
3355	83	27	173	6848	0	7131
3356	75	22	87	7006	0	7190
3357	6608	24	54	221	0	6907
3358	160	23	47	6652	0	6882
3359	112	36	28	6693	0	6869
3360	88	21	23	6797	0	6929
3361	6610	34	37	232	0	6913
3362	6742	32	42	130	0	6946
3363	6821	24	35	109	0	6989
3364	6667	29	51	90	0	6837
3365	210	6882	37	85	0	7214
3366	125	158	26	6960	0	7269
3367	87	75	43	7146	0	7351
3368	7255	34	42	261	0	7592
3369	193	7600	36	155	0	7984
3370	130	178	23	8166	0	8497
3371	86	93	8671	255	0	9105
3372	9039	42	239	155	0	9475
3373	348	9720	98	100	0	10266
3374	10141	301	70	84	0	10596
3375	10553	128	46	92	0	10819
3376	513	76	43	10220	0	10852
3377	236	56	10187	376	0	10855
3378	173	41	332	10539	0	11085
3379	10607	23	157	454	0	11241
3380	422	40	90	10683	0	11235
3381	10700	28	69	471	0	11268
3382	422	10495	72	242	0	11231
3383	11056	347	54	166	0	11623
3384	497	144	61	11073	0	11775
3385	284	80	53	11905	0	12322
3386	11939	78	57	544	0	12618
3387	12011	52	51	279	0	12393
3388	12129	41	45	194	0	12409
3389	12082	58	52	182	0	12374
3390	12180	44	46	133	0	12403
3391	703	57	40	11579	0	12379
3392	350	58	11256	464	0	12128
3393	220	11353	355	277	0	12205
3394	11280	356	155	209	0	12000
3395	484	187	10841	164	0	11676
3396	10802	96	382	162	0	11442
3397	535	10797	173	127	0	11632
3398	11308	355	91	133	0	11887
3399	571	152	92	11069	0	11884
3400	389	84	65	11401	0	11939
3401	285	89	11222	520	0	12116
3402	295	55	380	11227	0	11957
3403	237	54	11512	515	0	12318
3404	236	66	11449	297	0	12048
3405	11616	71	512	201	0	12400
3406	12178	77	244	214	0	12713
3407	631	83	11716	188	0	12618
3408	11642	82	421	191	0	12336
3409	12176	67	188	184	0	12615
3410	669	90	11534	192	0	12485
3411	396	11533	421	187	0	12537
3412	371	378	202	12143	0	13094
3413	12520	161	143	472	0	13296
3414	12808	106	145	312	0	13371
3415	12912	107	108	225	0	13352
3416	12965	87	127	216	0	13395
3417	13006	71	135	217	0	13429
3418	734	85	12356	169	0	13344
3419	466	93	12692	167	0	13418
3420	424	90	491	12792	0	13797
3421	13137	89	269	486	0	13981
3422	13435	84	185	294	0	13998
3423	13433	91	174	261	0	13959
3424	13089	76	141	289	0	13595
3425	729	12627	158	249	0	13763
3426	502	13531	161	235	0	14429
3427	13672	434	150	250	0	14506
3428	13877	194	154	271	0	14496
3429	725	13506	169	226	0	14626
3430	13985	400	135	256	0	14776
3431	738	192	13422	220	0	14572
3432	551	121	419	13383	0	14474
3433	452	128	13373	469	0	14422
3434	463	110	13230	306	0	14109
3435	469	89	531	13430	0	14519
3436	468	97	279	13827	0	14671
3437	476	96	13866	546	0	14984
3438	477	109	440	13347	0	14373
3439	455	96	258	14082	0	14891
3440	14040	118	212	638	0	15008
3441	14174	115	206	356	0	14851
3442	790	120	197	13919	0	15026
3443	542	130	13775	508	0	14955
3444	465	13851	471	314	0	15101
3445	13897	397	283	293	0	14870
3446	719	180	14086	277	0	15262
3447	491	13473	502	277	0	14743
3448	424	14399	298	273	0	15394
3449	14580	444	247	303	0	15574
3450	14902	219	247	283	0	15651
3451	778	166	236	14541	0	15721
3452	538	141	15073	512	0	16264
3453	524	106	515	15086	0	16231
3454	483	129	321	15343	0	16276
3455	466	138	255	15617	0	16476
3456	15444	117	237	658	0	16456
3457	725	14843	239	403	0	16210
3458	540	15811	211	294	0	16856
3459	471	515	213	15545	0	16744
3460	492	264	201	16092	0	17049
3461	15896	202	201	702	0	17001
3462	15702	164	199	434	0	16499
3463	15948	144	200	353	0	16645
3464	872	15372	194	320	0	16758
3465	15586	374	228	272	0	16460
3466	774	256	211	15088	0	16329
3467	545	178	14745	515	0	15983
3468	499	165	13709	334	0	14707
3469	13746	134	517	318	0	14715
3470	619	128	13567	288	0	14602
3471	427	136	12616	227	0	13406
3472	11596	105	363	267	0	12331
3473	450	139	11599	186	0	12374
3474	363	108	11278	194	0	11943
3475	375	93	261	10911	0	11640
3476	276	100	11506	270	0	12152
3477	327	89	235	10949	0	11600
3478	334	94	163	10910	0	11501
3479	348	76	11488	245	0	12157
3480	265	11427	213	230	0	12135
3481	11564	153	166	210	0	12093
3482	351	145	11730	159	0	12385
3483	324	104	11553	147	0	12128
3484	9996	86	209	228	0	10519
3485	326	78	11079	183	0	11666
3486	313	10596	199	118	0	11226
3487	331	9631	168	126	0	10256
3488	304	134	138	10921	0	11497
3489	271	110	160	10668	0	11209
3490	11242	93	137	254	0	11726
3491	10989	92	149	259	0	11489
3492	11066	82	180	188	0	11516
3493	284	120	153	11046	0	11603
3494	11213	93	134	224	0	11664
3495	10970	72	168	193	0	11403
3496	296	92	11043	155	0	11586
3497	249	116	10481	133	0	10979
3498	229	10952	206	144	0	11531
3499	187	120	161	11220	0	11688
3500	11224	83	145	249	0	11701
3501	261	10871	170	150	0	11452
3502	240	130	126	11134	0	11630
3503	11000	94	157	210	0	11461
3504	10750	81	165	178	0	11174
3505	295	10750	120	125	0	11290
3506	10867	113	133	181	0	11294
3507	10729	86	160	142	0	11117
3508	297	81	130	10615	0	11123
3509	244	81	10785	169	0	11279
3510	176	10415	208	141	0	10940
3511	177	10540	114	152	0	10983
3512	10044	129	103	179	0	10455
3513	289	76	92	9804	0	10261
3514	205	81	9851	161	0	10298
3515	191	9694	141	148	0	10174
3516	9872	114	108	178	0	10272
3517	9881	95	89	165	0	10230
3518	236	84	9857	106	0	10283
3519	202	80	175	9509	0	9966
3520	168	99	100	10051	0	10418
3521	185	92	10721	189	0	11187
3522	11039	70	205	175	0	11489
3523	13698	85	128	145	0	14056
3524	489	91	92	15689	0	16361
3525	257	16181	131	498	0	17067
3526	236	550	83	17160	0	18029
3527	157	253	17015	705	0	18130
3528	16748	147	619	406	0	17920
3529	742	117	287	17515	0	18661
3530	358	112	17375	756	0	18601
3531	16815	85	731	438	0	18069
3532	764	87	352	17261	0	18464
3533	435	84	252	17562	0	18333
3534	17112	69	198	1003	0	18382
3535	762	17062	188	508	0	18520
3536	17244	613	133	420	0	18410
3537	881	292	148	17035	0	18356
3538	17236	192	118	833	0	18379
3539	893	150	16729	479	0	18251
3540	526	16734	683	344	0	18287
3541	468	635	337	17157	0	18597
3542	17274	334	223	854	0	18685
3543	824	17181	202	482	0	18689
3544	581	730	194	17449	0	18954
3545	17539	361	165	936	0	19001
3546	17598	248	183	541	0	18570
3547	1166	214	170	16923	0	18473
3548	654	227	16567	938	0	18386
3549	459	186	16695	581	0	17921
3550	16497	162	908	482	0	18049
3551	960	16153	456	419	0	17988
3552	561	16467	332	362	0	17722
3553	15995	885	252	383	0	17515
3554	925	16355	244	348	0	17872
3555	678	873	218	16127	0	17896
3556	564	467	209	16845	0	18085
3557	16530	368	191	1128	0	18217
3558	16416	323	176	659	0	17574
3559	16615	264	161	532	0	17572
3560	1288	233	15460	420	0	17401
3561	905	182	723	15630	0	17440
3562	629	193	15659	928	0	17409
3563	562	175	15658	557	0	16952
3564	518	209	16230	423	0	17380
3565	504	212	1124	15587	0	17427
3566	397	213	16114	964	0	17688
3567	419	221	16488	549	0	17677
3568	412	231	1210	15872	0	17725
3569	16059	204	659	1000	0	17922
3570	991	189	16134	599	0	17913
3571	650	198	990	15800	0	17638
3572	565	174	599	16502	0	17840
3573	449	193	16145	1212	0	17999
3574	501	180	937	16215	0	17833
3575	454	199	16224	1130	0	18007
3576	486	217	1000	15949	0	17652
3577	450	195	619	16393	0	17657
3578	430	167	519	16570	0	17686
3579	401	169	469	16540	0	17579
3580	15397	160	427	1504	0	17488
3581	15801	171	436	908	0	17316
3582	1209	197	15121	697	0	17224
3583	735	14658	952	663	0	17008
3584	571	750	15338	590	0	17249
3585	492	380	15597	583	0	17052
3586	14873	249	1239	574	0	16935
3587	1018	15042	803	555	0	17418
3588	15381	774	636	544	0	17335
3589	1067	15347	606	537	0	17557
3590	15579	885	590	508	0	17562
3591	16168	471	518	557	0	17714
3592	1349	360	488	15228	0	17425
3593	820	15278	466	1102	0	17666
3594	679	874	426	15718	0	17697
3595	589	490	407	16343	0	17829
3596	540	336	15432	1474	0	17782
3597	549	15360	1038	937	0	17884
3598	562	851	643	15800	0	17856
3599	15043	486	570	1300	0	17399
3600	16136	355	524	891	0	17906
3601	16351	323	493	762	0	17929
3602	1365	15559	483	716	0	18123
3603	16263	933	475	649	0	18320
3604	1367	16575	446	634	0	19022
3605	1003	1087	405	17076	0	19571
3606	746	618	16864	1283	0	19511
3607	733	433	1109	16843	0	19118
3608	640	16662	697	1386	0	19385
3609	642	1032	552	17187	0	19413
3610	628	607	480	17541	0	19256
3611	586	16939	470	1594	0	19589
3612	17220	1165	452	1043	0	19880
3613	1271	711	425	17295	0	19702
3614	863	564	16709	1435	0	19571
3615	780	458	1112	17214	0	19564
3616	753	448	668	17933	0	19802
3617	640	440	16980	1784	0	19844
3618	728	394	1131	16624	0	18877
3619	647	16603	695	1594	0	19539
3620	693	1060	16773	1079	0	19605
3621	668	671	16480	901	0	18720
3622	618	15070	1371	814	0	17873
3623	522	13344	824	760	0	15450
3624	482	11127	487	727	0	12823
3625	9717	897	540	634	0	11788
3626	9438	483	446	632	0	10999
3627	9391	394	438	579	0	10802
3628	950	336	375	9153	0	10814
3629	612	325	8909	857	0	10703
3630	531	355	693	9022	0	10601
3631	558	334	478	9273	0	10643
3632	8902	349	433	1028	0	10712
3633	9038	333	360	814	0	10545
3634	838	8839	397	625	0	10699
3635	8950	651	415	588	0	10604
3636	9149	427	443	608	0	10627
3637	9317	348	425	649	0	10739
3638	862	342	8842	556	0	10602
3639	565	318	8926	591	0	10400
3640	505	380	750	8805	0	10440
3641	433	352	8766	845	0	10396
3642	8412	344	643	628	0	10027
3643	8648	365	499	561	0	10073
3644	718	326	8257	540	0	9841
3645	8164	291	613	541	0	9609
3646	741	7999	472	519	0	9731
3647	8215	525	483	521	0	9744
3648	675	376	447	8207	0	9705
3649	560	351	415	7974	0	9300
3650	535	7948	427	680	0	9590
3651	8035	578	365	573	0	9551
3652	8151	448	353	522	0	9474
3653	753	7955	403	449	0	9560
3654	529	514	373	7960	0	9376
3655	456	335	395	8070	0	9256
3656	395	7677	404	829	0	9305
3657	494	461	399	7947	0	9301
3658	489	339	415	8145	0	9388
3659	7815	307	446	753	0	9321
3660	7843	285	459	609	0	9196
3661	685	258	7666	582	0	9191
3662	7563	271	674	493	0	9001
3663	612	303	7726	484	0	9125
3664	450	299	628	7605	0	8982
3665	387	272	7457	793	0	8909
3666	373	7182	631	631	0	8817
3667	362	468	453	7406	0	8689
3668	424	309	334	7640	0	8707
3669	7256	280	326	820	0	8682
3670	603	314	334	7305	0	8556
3671	428	318	6889	776	0	8411
3672	6877	272	529	664	0	8342
3673	7162	330	433	514	0	8439
3674	7298	311	358	534	0	8501
3675	7303	298	352	503	0	8456
3676	703	313	277	7433	0	8726
3677	528	317	300	7732	0	8877
3678	456	307	240	8185	0	9188
3679	427	319	290	8269	0	9305
3680	7877	303	307	797	0	9284
3681	8079	319	285	531	0	9214
3682	730	356	342	7469	0	8897
3683	497	7515	318	668	0	8998
3684	7604	599	325	503	0	9031
3685	689	412	7327	462	0	8890
3686	563	7451	481	430	0	8925
3687	7257	612	270	433	0	8572
3688	716	7161	247	409	0	8533
3689	480	642	6957	414	0	8493
3690	7202	336	474	457	0	8469
3691	7322	318	323	463	0	8426
3692	680	327	6893	479	0	8379
3693	484	350	470	7206	0	8510
3694	419	280	298	7373	0	8370
3695	387	7045	275	775	0	8482
3696	388	551	289	7291	0	8519
3697	6968	415	224	702	0	8309
3698	628	6981	249	507	0	8365
3699	497	518	209	6842	0	8066
3700	464	326	199	7008	0	7997
3701	370	288	6515	659	0	7832
3702	334	6520	459	497	0	7810
3703	6132	483	298	416	0	7329
3704	470	5276	249	369	0	6364
3705	314	5082	211	441	0	6048
3706	4893	435	276	394	0	5998
3707	396	300	220	4925	0	5841
3708	279	314	196	5033	0	5822
3709	4815	231	193	581	0	5820
3710	451	222	205	4937	0	5815
3711	350	274	180	5043	0	5847
3712	5015	198	196	507	0	5916
3713	446	185	224	4946	0	5801
3714	295	4795	257	458	0	5805
3715	4880	347	184	399	0	5810
3716	386	249	4646	331	0	5612
3717	271	4456	367	307	0	5401
3718	270	387	194	4459	0	5310
3719	228	274	4257	374	0	5133
3720	260	172	4292	244	0	4968
3721	271	239	326	3947	0	4783
3722	4026	181	177	323	0	4707
3723	360	183	146	3920	0	4609
3724	317	143	107	4006	0	4573
3725	290	111	111	4071	0	4583
3726	260	121	117	4067	0	4565
3727	260	107	105	4102	0	4574
3728	219	101	3760	411	0	4491
3729	225	107	3756	258	0	4346
3730	247	82	258	3828	0	4415
3731	229	94	3728	360	0	4411
3732	258	3666	242	225	0	4391
3733	261	228	131	3796	0	4416
3734	231	150	3646	319	0	4346
3735	3468	132	225	236	0	4061
3736	363	3506	137	205	0	4211
3737	238	3441	117	224	0	4020
3738	179	3571	161	209	0	4120
3739	209	266	124	3530	0	4129
3740	3508	139	128	355	0	4130
3741	310	135	118	3549	0	4112
3742	3486	104	116	353	0	4059
3743	337	3304	103	238	0	3982
3744	3477	235	114	224	0	4050
3745	334	155	82	3498	0	4069
3746	224	162	81	3548	0	4015
3747	204	3363	93	352	0	4012
3748	188	255	94	3510	0	4047
3749	188	136	91	3627	0	4042
3750	209	146	106	3551	0	4012
3751	3346	128	99	388	0	3961
3752	3257	98	110	288	0	3753
3753	281	138	3205	258	0	3882
3754	3270	113	204	261	0	3848
3755	286	128	3289	238	0	3941
3756	217	135	207	3364	0	3923
3757	198	111	106	3502	0	3917
3758	183	100	97	3574	0	3954
3759	190	88	3283	368	0	3929
3760	189	99	219	3417	0	3924
3761	180	87	3399	344	0	4010
3762	178	87	239	3502	0	4006
3763	3439	99	126	347	0	4011
3764	266	109	3366	266	0	4007
3765	3470	118	218	220	0	4026
3766	296	103	110	3562	0	4071
3767	3526	116	83	331	0	4056
3768	291	3448	86	247	0	4072
3769	190	195	98	3647	0	4130
3770	162	122	3602	329	0	4215
3771	173	109	216	3671	0	4169
3772	191	110	106	3650	0	4057
3773	179	3492	93	326	0	4090
3774	172	193	3433	214	0	4012
3775	158	3471	174	209	0	4012
3776	3202	187	91	238	0	3718
3777	194	3151	88	212	0	3645
3778	2918	160	113	217	0	3408
3779	2949	104	81	185	0	3319
3780	2951	108	81	164	0	3304
3781	196	100	75	2946	0	3317
3782	137	97	2872	217	0	3323
3783	135	113	138	2838	0	3224
3784	117	2874	106	204	0	3301
3785	119	157	99	2937	0	3312
3786	2844	122	86	218	0	3270
3787	156	2906	70	156	0	3288
3788	133	162	85	2878	0	3258
3789	103	90	96	2927	0	3216
3790	2810	89	67	235	0	3201
3791	177	90	2757	159	0	3183
3792	98	2711	137	177	0	3123
3793	97	136	67	2695	0	2995
3794	98	98	2514	202	0	2912
3795	95	95	100	2504	0	2794
3796	84	2437	64	203	0	2788
3797	91	114	67	2602	0	2874
3798	77	92	71	2592	0	2832
3799	75	72	54	2610	0	2811
3800	66	74	2487	202	0	2829
3801	2429	72	111	148	0	2760
3802	123	83	73	2723	0	3002
3803	2896	72	57	179	0	3204
3804	3000	74	62	126	0	3262
3805	3068	53	55	130	0	3306
3806	3020	57	62	139	0	3278
3807	3110	50	42	147	0	3349
3808	161	51	56	3055	0	3323
3809	82	2965	44	201	0	3292
3810	81	96	61	3002	0	3240
3811	76	2922	51	184	0	3233
3812	92	98	47	2836	0	3073
3813	2759	77	53	168	0	3057
3814	123	65	56	2770	0	3014
3815	73	44	2746	160	0	3023
3816	2608	48	106	114	0	2876
3817	100	2757	63	114	0	3034
3818	2767	84	56	104	0	3011
3819	2741	51	70	98	0	2960
3820	2692	40	55	103	0	2890
3821	117	2698	34	118	0	2967
3822	99	73	29	2728	0	2929
3823	67	52	44	2775	0	2938
3824	53	59	2655	146	0	2913
3825	63	36	84	2611	0	2794
3826	66	37	42	2603	0	2748
3827	63	24	64	2696	0	2847
3828	52	2671	61	132	0	2916
3829	2684	85	54	106	0	2929
3830	2663	49	45	106	0	2863
3831	118	54	2735	77	0	2984
3832	82	2711	73	86	0	2952
3833	91	98	44	2786	0	3019
3834	71	50	56	2853	0	3030
3835	81	57	41	2845	0	3024
3836	69	59	29	2896	0	3053
3837	69	54	34	2888	0	3045
3838	48	45	2778	171	0	3042
3839	69	34	2682	128	0	2913
3840	2837	43	84	102	0	3066
3841	2970	36	54	108	0	3168
3842	2999	31	38	93	0	3161
3843	135	47	40	2966	0	3188
3844	97	32	2912	131	0	3172
3845	2864	40	78	109	0	3091
3846	2961	31	58	112	0	3162
3847	124	39	2882	86	0	3131
3848	2881	32	80	118	0	3111
3849	131	33	3084	88	0	3336
3850	83	25	110	3139	0	3357
3851	77	27	3165	130	0	3399
3852	3073	25	113	90	0	3301
3853	3204	29	58	89	0	3380
3854	3246	24	51	90	0	3411
3855	3219	27	55	82	0	3383
3856	130	31	3250	80	0	3491
3857	83	3237	95	89	0	3504
3858	3353	81	47	73	0	3554
3859	3360	43	51	64	0	3518
3860	134	40	3350	58	0	3582
3861	99	37	91	3226	0	3453
3862	84	19	44	3360	0	3507
3863	57	36	3254	134	0	3481
3864	3112	36	104	92	0	3344
3865	3273	22	38	89	0	3422
3866	122	3264	42	70	0	3498
3867	3402	85	41	60	0	3588
3868	3396	44	30	66	0	3536
3869	3463	46	36	50	0	3595
3870	3381	37	49	46	0	3513
3871	154	33	3242	45	0	3474
3872	3287	34	77	53	0	3451
3873	135	55	52	3224	0	3466
3874	79	3282	38	112	0	3511
3875	73	80	3238	65	0	3456
3876	71	3266	83	64	0	3484
3877	70	93	33	3171	0	3367
3878	63	32	3193	101	0	3389
3879	3032	29	76	49	0	3186
3880	112	27	3138	44	0	3321
3881	3142	25	64	58	0	3289
3882	119	18	44	3139	0	3320
3883	85	24	36	3148	0	3293
3884	65	3078	38	84	0	3265
3885	67	3207	34	58	0	3366
3886	65	65	27	3337	0	3494
3887	3299	41	35	87	0	3462
3888	3285	35	38	62	0	3420
3889	3312	30	28	69	0	3439
3890	99	24	3311	55	0	3489
3891	3281	19	82	50	0	3432
3892	111	23	3408	36	0	3578
3893	82	15	3267	51	0	3415
3894	3344	20	87	45	0	3496
3895	3484	13	43	53	0	3593
3896	105	33	3448	34	0	3620
3897	78	31	71	3392	0	3572
3898	83	26	30	3544	0	3683
3899	3565	14	38	88	0	3705
3900	3538	18	36	50	0	3642
3901	128	18	3729	45	0	3920
3902	72	3576	71	50	0	3769
3903	78	3473	42	42	0	3635
3904	3456	37	39	43	0	3575
3905	83	28	21	3406	0	3538
3906	60	17	27	3478	0	3582
3907	58	25	21	3501	0	3605
3908	3454	24	23	61	0	3562
3909	84	23	19	3495	0	3621
3910	3582	13	23	63	0	3681
3911	3683	22	38	36	0	3779
3912	91	3937	22	42	0	4092
3913	70	44	29	4299	0	4442
3914	55	24	4312	85	0	4476
3915	4219	23	76	49	0	4367
3916	4416	21	40	53	0	4530
3917	4434	23	28	51	0	4536
3918	122	12	4528	29	0	4691
3919	86	17	79	4526	0	4708
3920	4681	10	48	84	0	4823
3921	4551	20	34	55	0	4660
3922	4574	14	30	54	0	4672
3923	115	4492	31	52	0	4690
3924	83	4827	38	36	0	4984
3925	78	77	31	4896	0	5082
3926	68	45	28	4871	0	5012
3927	57	4849	39	104	0	5049
3928	4899	73	25	62	0	5059
3929	114	40	4957	38	0	5149
3930	81	33	77	4998	0	5189
3931	59	23	49	4964	0	5095
3932	71	29	4941	98	0	5139
3933	4693	23	77	92	0	4885
3934	5026	17	46	66	0	5155
3935	116	4901	49	49	0	5115
3936	5017	75	36	48	0	5176
3937	126	46	5205	45	0	5422
3938	5296	20	87	53	0	5456
3939	129	17	5360	38	0	5544
3940	5350	19	95	46	0	5510
3941	5558	11	50	47	0	5666
3942	5555	11	40	37	0	5643
3943	5515	22	51	46	0	5634
3944	144	5434	44	26	0	5648
3945	5674	69	31	26	0	5800
3946	5778	35	25	53	0	5891
3947	123	29	5772	31	0	5955
3948	5732	24	80	24	0	5860
3949	134	26	51	5770	0	5981
3950	105	13	5745	81	0	5944
3951	5794	17	99	41	0	5951
3952	138	15	44	5923	0	6120
3953	6129	33	36	83	0	6281
3954	6594	25	37	66	0	6722
3955	145	20	6769	36	0	6970
3956	6713	24	91	51	0	6879
3957	6934	28	62	49	0	7073
3958	6973	14	33	46	0	7066
3959	7029	15	52	39	0	7135
3960	163	16	38	6883	0	7100
3961	109	6840	37	90	0	7076
3962	6780	76	31	80	0	6967
3963	7090	30	33	55	0	7208
3964	7097	34	28	39	0	7198
3965	170	27	7011	28	0	7236
3966	113	6997	89	26	0	7225
3967	122	65	42	7044	0	7273
3968	110	36	39	7142	0	7327
3969	86	29	7290	109	0	7514
3970	98	35	100	7210	0	7443
3971	74	25	7333	115	0	7547
3972	80	28	113	7292	0	7513
3973	81	25	52	7402	0	7560
3974	66	34	7519	128	0	7747
3975	7272	23	110	88	0	7493
3976	7626	27	60	86	0	7799
3977	150	21	7767	62	0	8000
3978	7594	17	102	77	0	7790
3979	7886	10	60	62	0	8018
3980	169	16	8012	44	0	8241
3981	112	28	99	7879	0	8118
3982	87	24	59	8027	0	8197
3983	8147	13	51	141	0	8352
3984	143	8229	47	73	0	8492
3985	7701	109	43	119	0	7972
3986	8240	40	41	63	0	8384
3987	177	8474	38	32	0	8721
3988	8653	84	32	57	0	8826
3989	8638	34	52	60	0	8784
3990	171	8516	59	43	0	8789
3991	134	94	31	8594	0	8853
3992	94	8629	40	119	0	8882
3993	87	121	35	8766	0	9009
3994	77	50	8682	143	0	8952
3995	91	56	8424	56	0	8627
3996	8385	37	137	81	0	8640
3997	8738	19	77	93	0	8927
3998	185	32	8768	40	0	9025
3999	8682	33	123	60	0	8898
4000	9027	22	60	58	0	9167
4001	8792	22	61	72	0	8947
4002	195	8831	45	59	0	9130
4003	131	111	39	9069	0	9350
4004	9059	52	46	132	0	9289
4005	8978	35	28	110	0	9151
4006	190	26	9043	75	0	9334
4007	142	19	128	8965	0	9254
4008	140	29	51	9136	0	9356
4009	101	9050	59	143	0	9353
4010	92	9435	44	72	0	9643
4011	102	149	25	9211	0	9487
4012	77	9263	38	129	0	9507
4013	9019	136	30	85	0	9270
4014	152	9314	47	50	0	9563
4015	9434	134	28	70	0	9666
4016	204	60	9479	26	0	9769
4017	9602	51	141	72	0	9866
4018	10182	26	75	61	0	10344
4019	10206	33	45	74	0	10358
4020	10114	28	34	65	0	10241
4021	306	9880	32	42	0	10260
4022	171	183	32	10072	0	10458
4023	126	85	30	10045	0	10286
4024	86	71	9879	240	0	10276
4025	115	46	189	9673	0	10023
4026	109	27	79	10035	0	10250
4027	10088	36	75	278	0	10477
4028	242	10163	52	133	0	10590
4029	147	202	42	10364	0	10755
4030	153	73	35	10586	0	10847
4031	108	58	43	10697	0	10906
4032	10544	44	44	337	0	10969
4033	288	41	31	10639	0	10999
4034	10735	34	30	281	0	11080
4035	310	53	51	10700	0	11114
4036	173	30	38	10946	0	11187
4037	129	40	10323	307	0	10799
4038	9491	42	224	179	0	9936
4039	274	10225	96	106	0	10701
4040	10686	209	66	116	0	11077
4041	323	92	40	10565	0	11020
4042	187	67	35	10805	0	11094
4043	10895	51	36	333	0	11315
4044	11084	45	46	189	0	11364
4045	416	29	43	11457	0	11945
4046	208	40	11516	338	0	12102
4047	167	33	11322	152	0	11674
4048	132	12027	328	138	0	12625
4049	12301	320	145	128	0	12894
4050	12504	103	81	128	0	12816
4051	492	81	58	12331	0	12962
4052	220	12497	44	394	0	13155
4053	194	350	55	12571	0	13170
4054	156	114	51	12228	0	12549
4055	137	11609	51	471	0	12268
4056	11656	346	37	238	0	12277
4057	445	129	57	11745	0	12376
4058	202	11778	57	405	0	12442
4059	170	12532	38	197	0	12937
4060	12362	425	58	177	0	13022
4061	441	172	12146	115	0	12874
4062	12369	107	352	152	0	12980
4063	530	91	133	12453	0	13207
4064	247	71	87	12604	0	13009
4065	172	12466	72	501	0	13211
4066	188	384	63	12650	0	13285
4067	139	164	12596	513	0	13412
4068	133	12323	359	256	0	13071
4069	136	12861	144	205	0	13346
4070	12545	449	98	213	0	13305
4071	416	12733	82	154	0	13385
4072	250	425	54	12665	0	13394
4073	183	12699	66	446	0	13394
4074	189	416	60	12860	0	13525
4075	179	186	66	13082	0	13513
4076	158	143	12548	552	0	13401
4077	180	127	366	12373	0	13046
4078	202	117	132	12916	0	13367
4079	12499	123	108	607	0	13337
4080	451	111	12445	315	0	13322
4081	258	122	378	12802	0	13560
4082	197	128	12676	523	0	13524
4083	12441	132	409	304	0	13286
4084	482	13022	172	246	0	13922
4085	13670	458	116	249	0	14493
4086	542	225	98	13945	0	14810
4087	292	191	77	14144	0	14704
4088	227	177	13631	653	0	14688
4089	12644	141	426	409	0	13620
4090	537	13878	185	294	0	14894
4091	13764	510	131	274	0	14679
4092	602	231	105	13949	0	14887
4093	282	14054	115	580	0	15031
4094	14112	519	92	338	0	15061
4095	574	14361	107	267	0	15309
4096	319	560	97	14385	0	15361
4097	269	225	100	14698	0	15292
4098	230	205	88	14594	0	15117
4099	207	14085	101	728	0	15121
4100	238	493	90	14394	0	15215
4101	221	246	103	14701	0	15271
4102	14022	209	84	766	0	15081
4103	14264	204	93	436	0	14997
4104	14336	193	75	363	0	14967
4105	723	192	13819	275	0	15009
4106	13926	180	463	313	0	14882
4107	14442	175	178	299	0	15094
4108	14073	180	134	327	0	14714
4109	702	195	13257	297	0	14451
4110	13566	179	435	299	0	14479
4111	670	161	185	13928	0	14944
4112	323	169	13653	647	0	14792
4113	285	13562	477	377	0	14701
4114	287	542	181	13129	0	14139
4115	259	12820	160	597	0	13836
4116	259	13306	152	327	0	14044
4117	12707	506	117	307	0	13637
4118	536	254	103	12566	0	13459
4119	12711	168	92	553	0	13524
4120	555	175	108	12631	0	13469
4121	12644	156	107	589	0	13496
4122	550	164	108	12677	0	13499
4123	12643	147	109	583	0	13482
4124	549	171	12047	321	0	13088
4125	314	179	375	12330	0	13198
4126	288	164	12258	563	0	13273
4127	279	161	11542	346	0	12328
4128	210	183	12215	305	0	12913
4129	248	192	469	11961	0	12870
4130	215	154	11964	577	0	12910
4131	11825	159	403	379	0	12766
4132	509	156	177	12157	0	12999
4133	279	137	12647	565	0	13628
4134	309	129	378	12656	0	13472
4135	247	149	169	12938	0	13503
4136	243	130	13098	607	0	14078
4137	258	129	412	13097	0	13896
4138	281	141	191	13104	0	13717
4139	237	13180	184	551	0	14152
4140	13197	368	143	380	0	14088
4141	13316	162	153	349	0	13980
4142	549	160	12734	282	0	13725
4143	12450	119	401	278	0	13248
4144	544	121	12215	231	0	13111
4145	257	112	11539	270	0	12178
4146	248	130	11688	221	0	12287
4147	252	184	421	11255	0	12112
4148	224	136	11292	381	0	12033
4149	227	121	301	10955	0	11604
4150	227	115	165	11084	0	11591
4151	198	119	128	11150	0	11595
4152	176	158	129	11068	0	11531
4153	10748	120	125	470	0	11463
4154	10811	129	107	349	0	11396
4155	344	10994	132	240	0	11710
4156	270	263	103	11315	0	11951
4157	204	156	11334	366	0	12060
4158	163	11595	306	252	0	12316
4159	175	348	159	11903	0	12585
4160	193	154	11879	447	0	12673
4161	191	123	381	11502	0	12197
4162	181	110	11697	463	0	12451
4163	140	92	11503	332	0	12067
4164	162	106	374	11786	0	12428
4165	172	104	197	11890	0	12363
4166	11755	97	164	508	0	12524
4167	394	102	165	11774	0	12435
4168	11607	128	120	485	0	12340
4169	383	11362	151	246	0	12142
4170	233	11734	124	251	0	12342
4171	183	348	149	11869	0	12549
4172	11772	157	128	486	0	12543
4173	359	11897	137	263	0	12656
4174	214	302	122	12382	0	13020
4175	12461	125	134	511	0	13231
4176	12617	115	148	287	0	13167
4177	12291	93	113	327	0	12824
4178	12287	88	117	300	0	12792
4179	12781	82	128	216	0	13207
4180	484	93	12047	205	0	12829
4181	231	94	11795	218	0	12338
4182	223	11815	390	186	0	12614
4183	254	318	170	11873	0	12615
4184	207	155	11941	371	0	12674
4185	211	99	11646	200	0	12156
4186	200	98	350	11469	0	12117
4187	152	76	12149	393	0	12770
4188	188	80	12194	181	0	12643
4189	175	15139	422	170	0	15906
4190	15372	509	176	178	0	16235
4191	543	16744	151	169	0	17607
4192	255	570	135	17171	0	18131
4193	17408	230	139	656	0	18433
4194	652	17701	121	305	0	18779
4195	302	623	138	17537	0	18600
4196	179	214	17640	722	0	18755
4197	17538	143	612	395	0	18688
4198	18324	123	229	292	0	18968
4199	18750	145	160	225	0	19280
4200	922	97	151	18258	0	19428
4201	399	101	18242	766	0	19508
4202	311	17986	686	285	0	19268
4203	343	629	259	18430	0	19661
4204	18433	234	214	769	0	19650
4205	772	170	18283	301	0	19526
4206	370	17632	702	249	0	18953
4207	315	648	18334	166	0	19463
4208	17817	246	763	241	0	19067
4209	19000	156	337	248	0	19741
4210	19160	130	240	221	0	19751
4211	950	129	18165	203	0	19447
4212	415	17897	738	233	0	19283
4213	371	674	343	17942	0	19330
4214	299	267	229	18630	0	19425
4215	280	209	181	18813	0	19483
4216	232	151	18175	955	0	19513
4217	17487	110	739	476	0	18812
4218	792	137	18335	303	0	19567
4219	18299	120	812	311	0	19542
4220	19037	132	348	275	0	19792
4221	19153	117	271	248	0	19789
4222	18961	134	215	301	0	19611
4223	1068	135	18331	217	0	19751
4224	559	139	796	18249	0	19743
4225	390	160	18279	779	0	19608
4226	334	17438	873	375	0	19020
4227	296	18769	415	307	0	19787
4228	18335	826	323	302	0	19786
4229	18229	385	269	310	0	19193
4230	1005	18521	272	280	0	20078
4231	18940	759	272	279	0	20250
4232	1017	366	16487	303	0	18173
4233	17971	253	721	317	0	19262
4234	1052	18349	399	266	0	20066
4235	18940	806	286	297	0	20329
4236	18952	354	310	275	0	19891
4237	1245	275	271	18075	0	19866
4238	659	265	247	18685	0	19856
4239	18350	264	260	1025	0	19899
4240	1114	271	267	18307	0	19959
4241	18482	209	299	999	0	19989
4242	1205	254	282	18320	0	20061
4243	18332	246	302	970	0	19850
4244	18594	235	250	477	0	19556
4245	1272	17310	315	363	0	19260
4246	741	18401	275	333	0	19750
4247	17788	997	294	359	0	19438
4248	1115	17997	294	343	0	19749
4249	692	945	300	17671	0	19608
4250	614	446	284	18360	0	19704
4251	17509	371	305	1197	0	19382
4252	1140	17347	346	589	0	19422
4253	759	17240	298	451	0	18748
4254	641	17933	343	415	0	19332
4255	663	1094	17084	387	0	19228
4256	631	523	17172	368	0	18694
4257	639	458	17331	356	0	18784
4258	641	462	1075	14935	0	17113
4259	640	16262	522	864	0	18288
4260	16552	836	414	556	0	18358
4261	1118	520	16093	467	0	18198
4262	740	460	16172	425	0	17797
4263	701	394	16792	388	0	18275
4264	741	381	1051	16109	0	18282
4265	687	398	606	16646	0	18337
4266	782	383	436	16857	0	18458
4267	16579	355	431	1082	0	18447
4268	16725	405	373	583	0	18086
4269	17040	392	415	487	0	18334
4270	1402	407	410	16072	0	18291
4271	875	379	15823	913	0	17990
4272	745	424	16251	542	0	17962
4273	756	367	1035	16001	0	18159
4274	746	338	614	16201	0	17899
4275	15781	339	500	1106	0	17726
4276	1213	15316	456	658	0	17643
4277	15840	795	421	541	0	17597
4278	1288	15336	417	494	0	17535
4279	961	886	391	15388	0	17626
4280	803	519	15313	954	0	17589
4281	820	464	871	15356	0	17511
4282	15709	425	520	1055	0	17709
4283	1236	376	15264	688	0	17564
4284	15116	395	896	612	0	17019
4285	1318	362	14877	511	0	17068
4286	945	391	14604	508	0	16448
4287	13951	404	1052	505	0	15912
4288	1239	416	14018	448	0	16121
4289	808	445	10890	391	0	12534
4290	779	10344	815	411	0	12349
4291	9112	658	635	438	0	10843
4292	8668	391	429	437	0	9925
4293	8640	345	341	399	0	9725
4294	802	360	8030	385	0	9577
4295	8048	288	473	466	0	9275
4296	737	7935	507	347	0	9526
4297	8233	428	389	328	0	9378
4298	782	330	7903	344	0	9359
4299	677	363	460	7549	0	9049
4300	567	278	7587	540	0	8972
4301	543	7481	530	399	0	8953
4302	560	406	429	7346	0	8741
4303	562	358	344	7501	0	8765
4304	7797	279	326	474	0	8876
4305	7733	276	417	357	0	8783
4306	7709	315	364	347	0	8735
4307	7669	260	413	316	0	8658
4308	7650	249	342	333	0	8574
4309	723	271	7259	341	0	8594
4310	630	297	382	7197	0	8506
4311	531	286	7590	421	0	8828
4312	521	353	387	7527	0	8788
4313	7810	247	332	525	0	8914
4314	7929	265	335	459	0	8988
4315	7947	292	308	418	0	8965
4316	8009	273	392	304	0	8978
4317	743	280	7895	274	0	9192
4318	608	275	441	7765	0	9089
4319	611	263	7900	405	0	9179
4320	628	7802	398	321	0	9149
4321	549	7874	337	323	0	9083
4322	560	412	303	7685	0	8960
4323	449	336	369	8494	0	9648
4324	473	307	300	8656	0	9736
4325	420	318	333	9178	0	10249
4326	9127	338	256	532	0	10253
4327	622	8988	247	404	0	10261
4328	9012	386	240	361	0	9999
4329	664	325	253	8687	0	9929
4330	540	318	245	8575	0	9678
4331	499	8630	260	489	0	9878
4332	489	370	311	8680	0	9850
4333	8744	316	270	508	0	9838
4334	549	8233	267	413	0	9462
4335	463	8112	249	393	0	9217
4336	8183	405	237	372	0	9197
4337	489	298	234	8170	0	9191
4338	430	7931	250	527	0	9138
4339	448	376	241	8198	0	9263
4340	8223	293	260	514	0	9290
4341	546	258	274	8112	0	9190
4342	404	237	291	8229	0	9161
4343	8141	258	280	499	0	9178
4344	481	260	300	8063	0	9104
4345	338	8058	279	423	0	9098
4346	316	384	289	8037	0	9026
4347	306	7980	299	415	0	9000
4348	285	373	289	8099	0	9046
4349	7978	240	265	520	0	9003
4350	8115	206	282	405	0	9008
4351	500	194	257	8094	0	9045
4352	305	209	8001	396	0	8911
4353	7639	181	440	345	0	8605
4354	405	194	7919	282	0	8800
4355	7854	117	452	326	0	8749
4356	7930	124	356	291	0	8701
4357	455	133	7746	300	0	8634
4358	320	7485	404	296	0	8505
4359	7658	277	296	272	0	8503
4360	7759	140	266	298	0	8463
4361	412	108	7833	277	0	8630
4362	7737	97	396	279	0	8509
4363	7708	115	275	286	0	8384
4364	7802	89	201	310	0	8402
4365	476	98	186	7597	0	8357
4366	375	97	194	7665	0	8331
4367	313	7453	217	370	0	8353
4368	321	228	202	7676	0	8427
4369	292	146	197	7733	0	8368
4370	237	117	7519	400	0	8273
4371	234	123	7211	235	0	7803
4372	6884	108	351	232	0	7575
4373	7269	122	214	243	0	7848
4374	427	7098	177	189	0	7891
4375	315	264	162	7251	0	7992
4376	249	174	7410	313	0	8146
4377	266	121	316	7508	0	8211
4378	251	120	198	7537	0	8106
4379	241	71	191	7913	0	8416
4380	194	7731	217	383	0	8525
4381	224	244	159	7945	0	8572
4382	235	114	158	8119	0	8626
4383	204	102	7968	316	0	8590
4384	227	77	7986	189	0	8479
4385	7606	84	376	172	0	8238
4386	8030	89	201	151	0	8471
4387	401	89	121	8283	0	8894
4388	211	83	115	8180	0	8589
4389	179	87	96	8379	0	8741
4390	156	88	7829	438	0	8511
4391	183	7733	276	234	0	8426
4392	165	278	7736	197	0	8376
4393	7619	128	319	196	0	8262
4394	378	97	7781	179	0	8435
4395	7705	95	332	182	0	8314
4396	7673	79	149	196	0	8097
4397	7896	78	126	187	0	8287
4398	463	79	94	7580	0	8216
4399	239	76	7527	401	0	8243
4400	206	7556	304	229	0	8295
4401	198	324	129	7545	0	8196
4402	178	115	116	7903	0	8312
4403	175	95	7839	456	0	8565
4404	172	7791	345	257	0	8565
4405	8080	344	157	221	0	8802
4406	454	8469	120	169	0	9212
4407	9114	397	100	194	0	9805
4408	520	165	102	9217	0	10004
4409	250	143	9457	513	0	10363
4410	230	9593	411	295	0	10529
4411	9690	417	198	257	0	10562
4412	509	203	9617	212	0	10541
4413	9633	145	441	214	0	10433
4414	9965	119	168	231	0	10483
4415	589	126	9610	215	0	10540
4416	9582	130	423	244	0	10379
4417	9727	130	188	229	0	10274
4418	9573	135	170	230	0	10108
4419	633	9189	128	228	0	10178
4420	9083	429	110	238	0	9860
4421	552	9138	112	214	0	10016
4422	306	486	8957	211	0	9960
4423	280	8899	418	237	0	9834
4424	8506	435	232	233	0	9406
4425	8643	223	147	230	0	9243
4426	8776	165	139	200	0	9280
4427	658	161	115	8267	0	9201
4428	412	132	129	8599	0	9272
4429	8237	141	113	587	0	9078
4430	8687	153	118	301	0	9259
4431	591	158	136	8293	0	9178
4432	379	149	8188	465	0	9181
4433	314	7811	399	254	0	8778
4434	278	8342	201	220	0	9041
4435	311	457	169	8118	0	9055
4436	290	208	8128	454	0	9080
4437	312	178	393	7756	0	8639
4438	271	7914	191	479	0	8855
4439	310	361	165	8068	0	8904
4440	258	199	7967	499	0	8923
4441	313	167	407	8030	0	8917
4442	265	160	8380	511	0	9316
4443	327	126	457	8355	0	9265
4444	263	162	8575	502	0	9502
4445	281	149	8655	273	0	9358
4446	8390	143	512	240	0	9285
4447	8859	141	275	210	0	9485
4448	8931	127	221	239	0	9518
4449	638	8467	203	214	0	9522
4450	416	400	180	8671	0	9667
4451	8527	190	185	494	0	9396
4452	8923	183	189	317	0	9612
4453	8941	136	223	256	0	9556
4454	617	157	8654	205	0	9633
4455	421	8016	470	193	0	9100
4456	357	8779	249	220	0	9605
4457	8738	443	259	211	0	9651
4458	550	264	195	8636	0	9645
4459	8718	205	188	474	0	9585
4460	606	159	8475	291	0	9531
4461	377	170	470	8389	0	9406
4462	380	157	266	8584	0	9387
4463	374	170	237	8350	0	9131
4464	346	8396	195	574	0	9511
4465	8505	433	217	332	0	9487
4466	8649	214	210	286	0	9359
4467	630	8431	214	218	0	9493
4468	454	405	204	8457	0	9520
4469	8548	234	200	504	0	9486
4470	612	220	215	8441	0	9488
4471	8522	194	199	552	0	9467
4472	629	8313	206	320	0	9468
4473	8426	440	200	296	0	9362
4474	615	259	8145	267	0	9286
4475	376	8150	460	240	0	9226
4476	403	438	8078	236	0	9155
4477	388	284	491	7841	0	9004
4478	7874	198	270	500	0	8842
4479	8008	185	234	328	0	8755
4480	8015	204	199	274	0	8692
4481	657	195	204	7622	0	8678
4482	7785	161	235	459	0	8640
4483	642	175	197	7594	0	8608
4484	7692	177	214	484	0	8567
4485	7938	161	215	309	0	8623
4486	662	192	7544	256	0	8654
4487	436	176	7172	254	0	8038
4488	371	191	7155	253	0	7970
4489	364	214	424	6840	0	7842
4490	7129	178	306	363	0	7976
4491	518	208	225	7078	0	8029
4492	400	171	245	7313	0	8129
4493	7611	174	213	458	0	8456
4494	7698	181	199	301	0	8379
4495	7760	170	204	257	0	8391
4496	7847	153	180	231	0	8411
4497	617	167	177	7444	0	8405
4498	7585	153	190	433	0	8361
4499	540	7316	228	258	0	8342
4500	7480	348	194	277	0	8299
4501	7555	226	188	255	0	8224
4502	551	203	7021	232	0	8007
4503	6913	167	331	206	0	7617
4504	558	188	6619	186	0	7551
4505	429	175	6195	166	0	6965
4506	359	203	6111	195	0	6868
4507	407	202	308	5187	0	6104
4508	346	143	5248	282	0	6019
4509	373	139	251	4810	0	5573
4510	322	171	4903	217	0	5613
4511	393	121	5066	152	0	5732
4512	340	129	235	4955	0	5659
4513	354	122	177	5169	0	5822
4514	330	135	5353	204	0	6022
4515	5298	111	215	186	0	5810
4516	359	148	135	5348	0	5990
4517	347	126	146	5408	0	6027
4518	5576	141	128	221	0	6066
4519	317	156	137	5533	0	6143
4520	299	122	5505	211	0	6137
4521	246	152	5149	211	0	5758
4522	251	114	192	5216	0	5773
4523	246	137	5255	211	0	5849
4524	283	5363	144	194	0	5984
4525	274	113	135	5394	0	5916
4526	5494	86	127	238	0	5945
4527	221	109	5381	221	0	5932
4528	5265	108	138	255	0	5766
4529	257	96	145	5629	0	6127
4530	248	92	141	5629	0	6110
4531	220	98	122	5706	0	6146
4532	204	107	178	5637	0	6126
4533	5698	131	141	251	0	6221
4534	213	6070	136	195	0	6614
4535	199	149	137	6247	0	6732
4536	233	93	154	6243	0	6723
4537	214	77	133	6300	0	6724
4538	219	112	129	6225	0	6685
4539	6220	84	139	260	0	6703
4540	261	6056	153	179	0	6649
4541	6107	123	123	220	0	6573
4542	282	5647	150	148	0	6227
4543	237	5752	118	173	0	6280
4544	5746	146	152	142	0	6186
4545	287	111	5738	125	0	6261
4546	271	91	153	5736	0	6251
4547	5958	85	100	213	0	6356
4548	6041	79	86	183	0	6389
4549	5336	121	104	181	0	5742
4550	6110	83	79	192	0	6464
4551	315	6212	82	143	0	6752
4552	6464	152	86	164	0	6866
4553	6655	95	81	156	0	6987
4554	300	6839	102	133	0	7374
4555	219	223	83	7024	0	7549
4556	198	135	7015	257	0	7605
4557	225	89	196	7050	0	7560
4558	7049	65	126	325	0	7565
4559	330	75	7183	165	0	7753
4560	196	7039	250	166	0	7651
4561	182	192	7263	174	0	7811
4562	202	107	203	6894	0	7406
4563	196	7041	102	261	0	7600
4564	7235	226	93	166	0	7720
4565	315	7208	74	124	0	7721
4566	257	210	80	7228	0	7775
4567	201	124	77	7443	0	7845
4568	7328	85	71	316	0	7800
4569	345	54	83	7184	0	7666
4570	194	7202	83	270	0	7749
4571	7339	181	102	170	0	7792
4572	7469	110	82	136	0	7797
4573	335	7342	93	102	0	7872
4574	7489	177	101	121	0	7888
4575	300	7334	90	109	0	7833
4576	7341	187	86	146	0	7760
4577	308	7274	81	120	0	7783
4578	243	189	83	7019	0	7534
4579	214	86	66	7471	0	7837
4580	7472	57	58	283	0	7870
4581	7594	51	62	185	0	7892
4582	317	7385	68	120	0	7890
4583	192	189	7275	130	0	7786
4584	7521	94	209	115	0	7939
4585	318	62	104	7533	0	8017
4586	177	7506	104	217	0	8004
4587	157	189	93	7666	0	8105
4588	7680	79	74	273	0	8106
4589	7738	76	65	155	0	8034
4590	7820	71	45	135	0	8071
4591	348	64	48	7600	0	8060
4592	183	67	7499	243	0	7992
4593	7144	53	195	152	0	7544
4594	7380	64	84	117	0	7645
4595	7550	48	72	108	0	7778
4596	336	7234	60	75	0	7705
4597	188	211	74	7348	0	7821
4598	157	7504	62	219	0	7942
4599	138	242	59	7527	0	7966
4600	135	111	57	7753	0	8056
4601	126	82	7923	287	0	8418
4602	123	54	246	8486	0	8909
4603	121	66	92	8897	0	9176
4604	8813	53	87	398	0	9351
4605	329	8855	58	187	0	9429
4606	8925	293	63	137	0	9418
4607	9440	121	45	121	0	9727
4608	434	95	40	9199	0	9768
4609	197	79	9279	334	0	9889
4610	157	8983	283	165	0	9588
4611	117	9208	106	134	0	9565
4612	8861	386	75	146	0	9468
4613	355	9066	49	122	0	9592
4614	223	332	55	8823	0	9433
4615	174	146	54	9186	0	9560
4616	132	111	8891	422	0	9556
4617	116	87	8809	201	0	9213
4618	131	8814	355	138	0	9438
4619	154	357	127	8856	0	9494
4620	8843	151	83	384	0	9461
4621	395	129	58	8973	0	9555
4622	185	118	9007	404	0	9714
4623	162	108	331	8979	0	9580
4624	8740	109	121	429	0	9399
4625	8853	113	84	232	0	9282
4626	440	8682	66	183	0	9371
4627	8740	351	65	184	0	9340
4628	423	8749	70	129	0	9371
4629	8748	378	55	162	0	9343
4630	463	178	71	8524	0	9236
4631	199	152	8433	383	0	9167
4632	186	125	8305	181	0	8797
4633	161	8523	369	169	0	9222
4634	166	356	135	8162	0	8819
4635	193	170	97	8425	0	8885
4636	8285	141	56	443	0	8925
4637	8493	108	62	255	0	8918
4638	8649	93	62	210	0	9014
4639	490	109	68	8362	0	9029
4640	272	114	87	8574	0	9047
4641	227	133	74	8691	0	9125
4642	184	121	8362	442	0	9109
4643	178	120	8352	223	0	8873
4644	8273	119	357	173	0	8922
4645	8401	111	142	201	0	8855
4646	444	111	8276	156	0	8987
4647	8173	98	333	178	0	8782
4648	8173	100	121	203	0	8597
4649	441	101	7983	164	0	8689
4650	246	7902	321	164	0	8633
4651	244	341	130	7770	0	8485
4652	209	140	7832	356	0	8537
4653	190	7949	292	212	0	8643
4654	199	312	134	7423	0	8068
4655	159	7648	122	352	0	8281
4656	157	321	7470	187	0	8135
4657	172	141	7600	177	0	8090
4658	179	141	334	7598	0	8252
4659	7652	118	170	360	0	8300
4660	415	117	117	7676	0	8325
4661	7694	133	123	370	0	8320
4662	427	92	98	7751	0	8368
4663	229	136	7619	373	0	8357
4664	7485	96	320	249	0	8150
4665	382	123	7708	166	0	8379
4666	7768	123	322	208	0	8421
4667	402	113	174	7674	0	8363
4668	235	7742	112	342	0	8431
4669	196	305	111	7784	0	8396
4670	191	7905	108	390	0	8594
4671	215	317	122	7614	0	8268
4672	198	7942	144	355	0	8639
4673	7849	329	125	260	0	8563
4674	8042	183	115	215	0	8555
4675	8020	132	116	223	0	8491
4676	478	142	7714	157	0	8491
4677	279	117	311	7814	0	8521
4678	219	116	7907	379	0	8621
4679	226	7530	326	252	0	8334
4680	196	7907	196	195	0	8494
4681	7722	356	156	185	0	8419
4682	384	202	7676	155	0	8417
4683	260	7633	322	146	0	8361
4684	212	339	158	7790	0	8499
4685	7712	160	127	424	0	8423
4686	363	7799	134	248	0	8544
4687	7955	335	150	205	0	8645
4688	422	164	7897	194	0	8677
4689	262	148	335	8061	0	8806
4690	228	121	174	8303	0	8826
4691	198	129	162	8557	0	9046
4692	203	8275	153	468	0	9099
4693	251	341	138	7995	0	8725
4694	222	188	8344	402	0	9156
4695	210	159	346	8330	0	9045
4696	215	147	175	8561	0	9098
4697	212	117	160	8514	0	9003
4698	189	8179	148	453	0	8969
4699	175	341	140	8288	0	8944
4700	231	181	146	8270	0	8828
4701	154	7695	164	461	0	8474
4702	7102	278	145	286	0	7811
4703	303	6893	121	257	0	7574
4704	197	6863	140	208	0	7408
4705	185	323	137	6811	0	7456
4706	189	177	6651	355	0	7372
4707	6115	130	248	244	0	6737
4708	276	114	146	6498	0	7034
4709	175	133	6256	324	0	6888
4710	157	6271	246	222	0	6896
4711	146	292	144	6341	0	6923
4712	157	144	6344	338	0	6983
4713	165	148	244	6234	0	6791
4714	155	124	156	6370	0	6805
4715	6114	86	156	376	0	6732
4716	247	6086	163	237	0	6733
4717	6145	227	143	207	0	6722
4718	266	170	6171	186	0	6793
4719	190	6146	234	200	0	6770
4720	188	216	6234	174	0	6812
4721	163	142	250	6302	0	6857
4722	6262	117	169	288	0	6836
4723	270	121	118	6294	0	6803
4724	6330	112	125	296	0	6863
4725	6455	117	123	209	0	6904
4726	297	145	126	6507	0	7075
4727	211	119	6618	290	0	7238
4728	144	138	6769	210	0	7261
4729	181	106	282	6993	0	7562
4730	165	95	157	7226	0	7643
4731	7056	93	179	348	0	7676
4732	286	95	158	7065	0	7604
4733	178	6905	116	350	0	7549
4734	171	222	132	7108	0	7633
4735	139	134	123	7267	0	7663
4736	7079	105	97	400	0	7681
4737	328	7023	113	245	0	7709
4738	212	247	120	7166	0	7745
4739	160	142	103	7250	0	7655
4740	117	6971	127	420	0	7635
4741	127	259	121	7199	0	7706
4742	139	149	149	7140	0	7577
4743	137	6877	139	373	0	7526
4744	175	260	104	7072	0	7611
4745	155	155	106	7050	0	7466
4746	123	6820	124	381	0	7448
4747	150	269	95	7007	0	7521
4748	6846	162	95	382	0	7485
4749	6950	145	104	276	0	7475
4750	6786	145	106	236	0	7273
4751	6833	138	104	232	0	7307
4752	295	6565	106	223	0	7189
4753	6285	281	92	208	0	6866
4754	245	6085	92	225	0	6647
4755	146	6130	97	188	0	6561
4756	150	260	107	6059	0	6576
4757	129	166	6022	285	0	6602
4758	5767	117	183	263	0	6330
4759	6099	112	112	203	0	6526
4760	256	124	6177	218	0	6775
4761	6184	116	181	201	0	6682
4762	6404	109	99	219	0	6831
4763	255	6184	120	188	0	6747
4764	6788	213	76	207	0	7284
4765	239	146	117	6728	0	7230
4766	194	141	64	6769	0	7168
4767	136	118	77	6849	0	7180
4768	143	160	65	6814	0	7182
4769	6650	140	70	354	0	7214
4770	239	136	66	6692	0	7133
4771	177	105	79	6734	0	7095
4772	139	134	6444	319	0	7036
4773	5966	108	177	232	0	6483
4774	6514	116	112	212	0	6954
4775	6567	112	78	205	0	6962
4776	270	6323	99	200	0	6892
4777	134	6483	92	196	0	6905
4778	6420	255	85	203	0	6963
4779	223	155	71	6513	0	6962
4780	137	6528	75	313	0	7053
4781	146	214	66	6574	0	7000
4782	105	6509	80	319	0	7013
4783	6498	225	70	235	0	7028
4784	207	6492	53	229	0	6981
4785	159	223	42	6514	0	6938
4786	135	139	71	6651	0	6996
4787	131	114	6513	315	0	7073
4788	105	6759	196	235	0	7295
4789	130	232	89	7120	0	7571
4790	109	167	7111	346	0	7733
4791	99	142	7193	266	0	7700
4792	119	140	267	7359	0	7885
4793	104	116	139	7486	0	7845
4794	96	7043	105	431	0	7675
4795	100	7464	72	299	0	7935
4796	118	339	66	7513	0	8036
4797	7420	194	50	391	0	8055
4798	298	148	50	7856	0	8352
4799	7893	131	60	393	0	8477
4800	8200	103	49	283	0	8635
4801	8309	125	68	226	0	8728
4802	412	119	8079	180	0	8790
4803	8138	124	254	207	0	8723
4804	352	114	142	8220	0	8828
4805	232	100	105	8345	0	8782
4806	180	86	8102	435	0	8803
4807	132	72	8083	296	0	8583
4808	161	103	314	7949	0	8527
4809	137	7647	184	367	0	8335
4810	138	8057	109	239	0	8543
4811	173	341	78	8058	0	8650
4812	8013	175	76	372	0	8636
4813	323	128	68	8106	0	8625
4814	223	118	62	8129	0	8532
4815	178	7903	66	423	0	8570
4816	156	272	75	8185	0	8688
4817	144	172	8098	374	0	8788
4818	132	138	7723	255	0	8248
4819	7602	98	310	255	0	8265
4820	304	7872	184	185	0	8545
4821	7960	277	107	214	0	8558
4822	8104	144	82	218	0	8548
4823	393	121	73	7721	0	8308
4824	246	7868	66	328	0	8508
4825	198	288	67	8123	0	8676
4826	7952	170	62	408	0	8592
4827	302	7816	74	267	0	8459
4828	7577	262	92	235	0	8166
4829	312	7533	68	194	0	8107
4830	7632	287	36	218	0	8173
4831	7712	196	38	196	0	8142
4832	341	7457	65	211	0	8074
4833	239	283	65	7601	0	8188
4834	7624	150	60	356	0	8190
4835	324	153	7216	210	0	7903
4836	219	135	7212	179	0	7745
4837	206	119	249	7249	0	7823
4838	7347	117	132	314	0	7910
4839	289	120	76	7444	0	7929
4840	7441	114	66	342	0	7963
4841	311	119	7421	228	0	8079
4842	7633	109	188	223	0	8153
4843	8005	113	124	174	0	8416
4844	356	96	109	7887	0	8448
4845	281	98	72	7973	0	8424
4846	210	101	64	8041	0	8416
4847	171	7843	83	364	0	8461
4848	190	231	65	7901	0	8387
4849	210	122	63	8119	0	8514
4850	7931	138	74	354	0	8497
4851	8027	103	68	258	0	8456
4852	356	109	7738	195	0	8398
4853	7698	85	219	184	0	8186
4854	328	99	7759	174	0	8360
4855	7425	88	240	195	0	7948
4856	337	100	7665	150	0	8252
4857	239	81	7580	154	0	8054
4858	194	75	292	7451	0	8012
4859	177	81	7519	277	0	8054
4860	7175	80	242	259	0	7756
4861	300	77	143	7556	0	8076
4862	7598	94	122	301	0	8115
4863	7661	80	114	227	0	8082
4864	7306	79	87	198	0	7670
4865	7249	96	77	173	0	7595
4866	395	76	7026	192	0	7689
4867	269	82	233	7074	0	7658
4868	198	67	7212	300	0	7777
4869	190	79	248	7175	0	7692
4870	7143	84	170	343	0	7740
4871	323	93	126	7244	0	7786
4872	7282	91	103	369	0	7845
4873	341	76	104	7349	0	7870
4874	226	84	116	7468	0	7894
4875	7364	86	100	373	0	7923
4876	304	7169	82	294	0	7849
4877	7374	236	97	193	0	7900
4878	330	7251	81	196	0	7858
4879	229	245	87	7467	0	8028
4880	7308	150	92	322	0	7872
4881	304	105	7168	246	0	7823
4882	221	85	229	7389	0	7924
4883	7421	90	153	299	0	7963
4884	7574	81	116	246	0	8017
4885	409	91	97	7534	0	8131
4886	271	7450	94	317	0	8132
4887	208	7551	96	222	0	8077
4888	181	359	86	7163	0	7789
4889	7123	158	95	333	0	7709
4890	296	6777	91	211	0	7375
4891	178	6601	85	167	0	7031
4892	6422	238	83	159	0	6902
4893	253	6368	75	143	0	6839
4894	6563	223	77	144	0	7007
4895	289	130	64	6484	0	6967
4896	191	86	71	6564	0	6912
4897	182	6279	62	283	0	6806
4898	165	6324	62	200	0	6751
4899	6021	202	69	169	0	6461
4900	252	6048	67	125	0	6492
4901	167	6493	76	126	0	6862
4902	182	230	78	6494	0	6984
4903	6619	153	66	267	0	7105
4904	259	117	6852	184	0	7412
4905	6973	87	228	191	0	7479
4906	335	76	162	7528	0	8101
4907	221	95	7638	314	0	8268
4908	162	92	7836	220	0	8310
4909	162	106	340	7966	0	8574
4910	143	92	8215	361	0	8811
4911	8088	73	356	243	0	8760
4912	8389	85	192	179	0	8845
4913	451	79	8227	175	0	8932
4914	306	84	329	8186	0	8905
4915	226	90	194	8284	0	8794
4916	8430	65	133	451	0	9079
4917	390	72	134	8117	0	8713
4918	269	8117	112	377	0	8875
4919	8280	283	88	244	0	8895
4920	414	8120	91	164	0	8789
4921	279	8511	74	161	0	9025
4922	234	398	79	8333	0	9044
4923	213	211	62	8558	0	9044
4924	186	148	82	8584	0	9000
4925	161	120	8080	492	0	8853
4926	7652	92	288	338	0	8370
4927	375	7915	178	209	0	8677
4928	8173	307	104	195	0	8779
4929	8323	195	95	172	0	8785
4930	530	124	88	8085	0	8827
4931	337	8002	68	377	0	8784
4932	232	312	91	8389	0	9024
4933	222	180	86	8600	0	9088
4934	8448	116	92	553	0	9209
4935	8546	102	97	333	0	9078
4936	505	93	8149	222	0	8969
4937	8546	83	290	212	0	9131
4938	473	8536	173	169	0	9351
4939	8800	313	116	192	0	9421
4940	473	9028	106	170	0	9777
4941	336	365	95	8959	0	9755
4942	231	219	87	9047	0	9584
4943	224	8797	81	535	0	9637
4944	215	386	78	9169	0	9848
4945	214	204	75	9312	0	9805
4946	200	151	94	9167	0	9612
4947	192	8881	67	574	0	9714
4948	225	363	76	9142	0	9806
4949	179	209	91	9275	0	9754
4950	200	148	79	9410	0	9837
4951	178	144	8784	604	0	9710
4952	8512	124	343	408	0	9387
4953	438	113	8902	292	0	9745
4954	8856	134	396	239	0	9625
4955	489	111	8974	229	0	9803
4956	8958	116	410	222	0	9706
4957	9230	123	237	243	0	9833
4958	568	104	8982	246	0	9900
4959	382	108	366	9006	0	9862
4960	287	114	8709	468	0	9578
4961	8703	104	373	325	0	9505
4962	494	112	9205	254	0	10065
4963	339	125	9072	229	0	9765
4964	8989	118	513	209	0	9829
4965	494	9032	287	222	0	10035
4966	313	342	208	9335	0	10198
4967	9423	222	183	471	0	10299
4968	508	147	137	9526	0	10318
4969	357	136	154	9717	0	10364
4970	9501	112	141	614	0	10368
4971	9631	112	136	396	0	10275
4972	600	120	9238	267	0	10225
4973	398	104	9309	283	0	10094
4974	299	125	482	9376	0	10282
4975	257	122	9531	495	0	10405
4976	221	138	452	9574	0	10385
4977	259	115	272	9561	0	10207
4978	256	118	175	9952	0	10501
4979	9425	111	175	698	0	10409
4980	472	9479	151	426	0	10528
4981	9670	370	126	385	0	10551
4982	9796	239	132	314	0	10481
4983	613	9542	135	278	0	10568
4984	9514	389	140	287	0	10330
4985	493	235	9231	272	0	10231
4986	360	172	327	9290	0	10149
4987	9392	185	213	464	0	10254
4988	469	123	9001	316	0	9909
4989	9080	129	315	284	0	9808
4990	458	9584	187	255	0	10484
4991	10420	348	157	260	0	11185
4992	10633	202	143	259	0	11237
4993	629	10671	126	231	0	11657
4994	11084	406	150	241	0	11881
4995	587	214	140	11112	0	12053
4996	431	165	147	11394	0	12137
4997	11128	183	136	603	0	12050
4998	10982	137	129	381	0	11629
4999	654	10768	139	294	0	11855
5000	424	11024	123	236	0	11807
5001	302	496	115	10393	0	11306
5002	236	10395	121	484	0	11236
5003	276	10785	124	329	0	11514
5004	10274	399	150	247	0	11070
5005	450	10233	146	208	0	11037
5006	9862	329	133	221	0	10545
5007	409	10073	135	197	0	10814
5008	249	334	9980	191	0	10754
5009	234	10043	272	219	0	10768
5010	9904	315	184	243	0	10646
5011	9926	190	127	202	0	10445
5012	455	140	9690	185	0	10470
5013	300	129	284	9370	0	10083
5014	258	123	153	9995	0	10529
5015	221	128	9778	415	0	10542
5016	242	133	259	9583	0	10217
5017	202	131	9755	382	0	10470
5018	187	158	9409	268	0	10022
5019	9378	134	310	259	0	10081
5020	339	9631	181	204	0	10355
5021	9683	298	140	220	0	10341
5022	370	173	121	9745	0	10409
5023	277	122	9756	356	0	10511
5024	231	141	270	9576	0	10218
5025	225	9740	184	329	0	10478
5026	10018	268	140	233	0	10659
5027	10078	196	98	218	0	10590
5028	450	137	100	9988	0	10675
5029	298	122	9748	327	0	10495
5030	9403	99	244	284	0	10030
5031	356	9642	169	191	0	10358
5032	9779	264	142	210	0	10395
5033	398	186	110	9706	0	10400
5034	9803	138	113	317	0	10371
5035	425	129	106	9710	0	10370
5036	256	150	9621	331	0	10358
5037	249	110	9198	256	0	9813
5038	9170	131	280	271	0	9852
5039	338	9554	170	203	0	10265
5040	9597	257	125	189	0	10168
5041	9547	149	119	210	0	10025
5042	336	9468	101	183	0	10088
5043	9523	267	101	185	0	10076
5044	327	149	9753	196	0	10425
5045	271	129	211	9887	0	10498
5046	233	132	158	9921	0	10444
5047	232	116	121	10175	0	10644
5048	198	112	9914	349	0	10573
5049	222	119	9867	230	0	10438
5050	213	103	292	9956	0	10564
5051	209	9791	230	225	0	10455
5052	214	10308	160	162	0	10844
5053	10346	273	145	169	0	10933
5054	10458	165	134	170	0	10927
5055	370	10553	157	145	0	11225
5056	281	255	119	10815	0	11470
5057	244	159	123	11005	0	11531
5058	11031	134	140	353	0	11658
5059	340	125	132	11216	0	11813
5060	279	115	142	11138	0	11674
5061	242	130	140	11284	0	11796
5062	230	122	10652	348	0	11352
5063	231	122	9689	214	0	10256
5064	10372	113	289	244	0	11018
5065	332	110	174	10953	0	11569
5066	248	93	10812	343	0	11496
5067	219	113	10525	234	0	11091
5068	10572	109	332	239	0	11252
5069	392	108	11896	188	0	12584
5070	276	12157	345	172	0	12950
5071	238	328	191	13075	0	13832
5072	204	187	13033	396	0	13820
5073	12690	155	389	266	0	13500
5074	469	144	186	13757	0	14556
5075	292	109	13661	482	0	14544
5076	253	122	407	13844	0	14626
5077	248	127	196	14140	0	14711
5078	14028	125	138	617	0	14908
5079	520	14014	142	284	0	14960
5080	320	448	145	14006	0	14919
5081	14105	222	111	490	0	14928
5082	14326	188	84	281	0	14879
5083	14404	145	110	205	0	14864
5084	14600	116	122	191	0	15029
5085	724	112	115	14077	0	15028
5086	13963	118	123	517	0	14721
5087	14150	105	135	277	0	14667
5088	13598	124	114	260	0	14096
5089	13836	112	105	222	0	14275
5090	700	12764	93	194	0	13751
5091	322	12314	94	158	0	12888
5092	290	406	86	12041	0	12823
5093	199	11860	80	378	0	12517
5094	11840	364	99	242	0	12545
5095	435	174	65	11823	0	12497
5096	11757	145	75	434	0	12411
5097	12029	126	91	200	0	12446
5098	533	125	66	11995	0	12719
5099	278	153	78	12045	0	12554
5100	209	11915	100	410	0	12634
5101	11913	333	73	312	0	12631
5102	398	11863	97	169	0	12527
5103	12051	355	70	159	0	12635
5104	470	195	74	12001	0	12740
5105	267	151	11809	359	0	12586
5106	11680	111	304	238	0	12333
5107	11362	117	149	222	0	11850
5108	500	85	11162	152	0	11899
5109	303	119	11173	145	0	11740
5110	291	77	370	11034	0	11772
5111	11810	69	189	411	0	12479
5112	12248	72	137	268	0	12725
5113	12512	67	96	253	0	12928
5114	12776	74	108	211	0	13169
5115	599	12275	127	175	0	13176
5116	12927	359	111	200	0	13597
5117	573	166	116	12640	0	13495
5118	366	145	108	12849	0	13468
5119	315	100	86	13269	0	13770
5120	266	114	102	13470	0	13952
5121	13195	96	100	616	0	14007
5122	575	79	83	13840	0	14577
5123	304	93	13493	557	0	14447
5124	283	80	442	13899	0	14704
5125	275	88	186	14194	0	14743
5126	270	93	152	14172	0	14687
5127	276	97	94	14174	0	14641
5128	13615	82	94	799	0	14590
5129	563	13331	119	399	0	14412
5130	365	13770	100	266	0	14501
5131	315	569	77	13634	0	14595
5132	13400	261	97	619	0	14377
5133	13984	142	86	378	0	14590
5134	703	102	102	13806	0	14713
5135	409	106	13271	611	0	14397
5136	13428	109	455	397	0	14389
5137	683	83	218	13938	0	14922
5138	398	104	13725	620	0	14847
5139	13274	117	477	423	0	14291
5140	670	13682	219	312	0	14883
5141	15143	501	164	271	0	16079
5142	822	15498	122	254	0	16696
5143	552	681	93	15595	0	16921
5144	369	15953	138	746	0	17206
5145	342	787	85	16538	0	17752
5146	15876	370	104	1002	0	17352
5147	813	16082	106	558	0	17559
5148	508	744	15919	377	0	17548
5149	406	405	681	16157	0	17649
5150	317	266	16146	866	0	17595
5151	348	192	787	16023	0	17350
5152	360	140	377	16664	0	17541
5153	307	151	15870	1145	0	17473
5154	14547	170	727	759	0	16203
5155	856	150	15684	502	0	17192
5156	499	171	15652	407	0	16729
5157	423	15195	973	390	0	16981
5158	384	702	482	15347	0	16915
5159	345	406	336	15814	0	16901
5160	371	268	223	15635	0	16497
5161	350	184	176	16252	0	16962
5162	276	168	15121	1294	0	16859
5163	14391	152	752	807	0	16102
5164	868	137	15296	554	0	16855
5165	607	130	876	15050	0	16663
5166	14888	136	481	953	0	16458
5167	851	14767	361	643	0	16622
5168	609	758	251	14610	0	16228
5169	13948	406	221	911	0	15486
5170	846	13208	202	612	0	14868
5171	516	13344	176	473	0	14509
5172	13051	854	164	408	0	14477
5173	793	13141	158	371	0	14463
5174	12704	750	177	404	0	14035
5175	872	12749	167	336	0	14124
5176	12863	736	138	386	0	14123
5177	13067	455	137	367	0	14026
5178	1038	12717	125	325	0	14205
5179	641	712	151	12640	0	14144
5180	514	396	12270	776	0	13956
5181	12426	299	569	545	0	13839
5182	845	233	364	12377	0	13819
5183	600	11702	252	798	0	13352
5184	462	12556	192	541	0	13751
5185	368	767	188	12620	0	13943
5186	12409	487	195	828	0	13919
5187	774	335	12218	561	0	13888
5188	552	259	594	12622	0	14027
5189	423	236	368	12998	0	14025
5190	344	245	251	13288	0	14128
5191	300	224	214	13013	0	13751
5192	308	12212	211	1112	0	13843
5193	348	669	165	12776	0	13958
5194	289	426	12176	982	0	13873
5195	284	323	12242	679	0	13528
5196	287	252	12474	555	0	13568
5197	314	229	918	12179	0	13640
5198	11862	236	500	863	0	13461
5199	740	238	11790	624	0	13392
5200	502	251	12113	504	0	13370
5201	460	232	880	11871	0	13443
5202	11771	268	510	885	0	13434
5203	760	11707	371	640	0	13478
5204	11931	704	269	549	0	13453
5205	911	445	275	11858	0	13489
5206	572	363	11826	863	0	13624
5207	484	313	683	11599	0	13079
5208	318	11771	479	949	0	13517
5209	12113	672	373	672	0	13830
5210	827	445	11986	556	0	13814
5211	539	11780	724	466	0	13509
5212	11674	720	478	474	0	13346
5213	863	459	351	11587	0	13260
5214	543	368	304	12038	0	13253
5215	11714	321	281	1104	0	13420
5216	12044	232	271	805	0	13352
5217	12563	281	257	628	0	13729
5218	1140	270	234	11859	0	13503
5219	662	11432	258	1007	0	13359
5220	11693	723	243	739	0	13398
5221	877	11617	280	596	0	13370
5222	11211	792	277	526	0	12806
5223	941	10893	291	434	0	12559
5224	569	790	261	10792	0	12412
5225	10734	488	263	936	0	12421
5226	10987	411	239	703	0	12340
5227	11283	310	236	568	0	12397
5228	11413	324	222	469	0	12428
5229	11389	321	241	469	0	12420
5230	1135	355	10511	429	0	12430
5231	778	318	684	10636	0	12416
5232	625	275	10690	816	0	12406
5233	538	294	10795	598	0	12225
5234	10649	300	879	546	0	12374
5235	10960	287	612	433	0	12292
5236	11134	271	430	440	0	12275
5237	1176	269	302	10435	0	12182
5238	10482	300	309	859	0	11950
5239	974	9959	306	622	0	11861
5240	699	10227	258	525	0	11709
5241	539	9424	279	407	0	10649
5242	8529	728	249	425	0	9931
5243	637	8469	257	435	0	9798
5244	8130	637	256	383	0	9406
5245	8111	284	245	449	0	9089
5246	749	278	7697	367	0	9091
5247	473	312	520	7666	0	8971
5248	403	253	380	8139	0	9175
5249	8009	220	289	764	0	9282
5250	8226	240	311	470	0	9247
5251	708	238	253	8075	0	9274
5252	485	257	7796	672	0	9210
5253	455	246	8029	407	0	9137
5254	468	248	555	8044	0	9315
5255	404	265	393	8103	0	9165
5256	384	241	311	8387	0	9323
5257	7966	312	202	702	0	9182
5258	8155	266	190	540	0	9151
5259	671	7862	199	481	0	9213
5260	531	478	194	8067	0	9270
5261	434	337	205	8203	0	9179
5262	415	7936	256	668	0	9275
5263	510	494	206	8136	0	9346
5264	8156	316	259	626	0	9357
5265	667	274	172	8211	0	9324
5266	532	271	179	8362	0	9344
5267	8100	337	168	649	0	9254
5268	8159	263	174	503	0	9099
5269	8290	285	185	357	0	9117
5270	771	327	173	7804	0	9075
5271	489	313	7388	571	0	8761
5272	520	256	7352	377	0	8505
5273	417	261	7410	369	0	8457
5274	438	6997	505	327	0	8267
5275	7094	487	309	316	0	8206
5276	634	262	6879	347	0	8122
5277	6912	238	418	338	0	7906
5278	609	231	266	6882	0	7988
5279	6583	210	257	639	0	7689
5280	7106	209	269	407	0	7991
5281	667	6835	201	387	0	8090
5282	7185	376	191	406	0	8158
5283	7298	295	204	331	0	8128
5284	629	6942	196	352	0	8119
5285	500	366	199	7186	0	8251
5286	480	219	7018	528	0	8245
5287	366	214	457	7038	0	8075
5288	368	188	261	7317	0	8134
5289	7172	178	221	660	0	8231
5290	563	180	216	7237	0	8196
5291	420	7083	223	576	0	8302
5292	415	439	207	7286	0	8347
5293	394	212	197	7588	0	8391
5294	397	211	7210	554	0	8372
5295	414	6898	461	392	0	8165
5296	399	7306	305	322	0	8332
5297	7197	460	216	339	0	8212
5298	630	7331	172	285	0	8418
5299	459	463	210	7313	0	8445
5300	433	283	7256	466	0	8438
5301	386	7308	396	383	0	8473
5302	7578	433	210	310	0	8531
5303	635	298	184	7381	0	8498
5304	501	229	145	7675	0	8550
5305	419	181	7323	639	0	8562
5306	413	190	398	7274	0	8275
5307	403	198	204	7595	0	8400
5308	7348	244	155	590	0	8337
5309	7237	181	142	396	0	7956
5310	638	6751	184	323	0	7896
5311	6706	376	119	273	0	7474
5312	623	6337	113	261	0	7334
5313	474	359	106	5983	0	6922
5314	422	5917	106	426	0	6871
5315	409	6132	128	296	0	6965
5316	6015	361	115	270	0	6761
5317	5919	224	116	250	0	6509
5318	474	5636	116	252	0	6478
5319	5841	335	109	226	0	6511
5320	5905	216	108	232	0	6461
5321	6043	206	132	214	0	6595
5322	502	143	104	5946	0	6695
5323	6036	179	108	321	0	6644
5324	436	137	5544	277	0	6394
5325	5801	122	211	211	0	6345
5326	469	136	5773	178	0	6556
5327	369	134	229	5902	0	6634
5328	313	145	164	6089	0	6711
5329	304	136	5925	342	0	6707
5330	5810	136	271	269	0	6486
5331	6097	117	174	261	0	6649
5332	392	124	6223	199	0	6938
5333	314	111	261	6136	0	6822
5334	304	115	124	6252	0	6795
5335	271	122	93	6469	0	6955
5336	6353	118	83	357	0	6911
5337	6367	115	102	281	0	6865
5338	376	149	89	6119	0	6733
5339	245	5904	86	268	0	6503
5340	205	5873	83	207	0	6368
5341	5664	250	77	192	0	6183
5342	279	5602	80	174	0	6135
5343	213	5507	72	163	0	5955
5344	209	177	92	5157	0	5635
5345	179	119	5073	226	0	5597
5346	145	4969	140	207	0	5461
5347	162	130	102	5052	0	5446
5348	173	5018	86	211	0	5488
5349	172	138	64	5048	0	5422
5350	5042	87	69	238	0	5436
5351	195	5061	81	205	0	5542
5352	5145	117	101	206	0	5569
5353	5058	93	93	181	0	5425
5354	203	87	4901	187	0	5378
5355	4971	85	103	187	0	5346
5356	203	75	83	5161	0	5522
5357	165	89	5073	190	0	5517
5358	159	5056	106	138	0	5459
5359	150	149	75	5034	0	5408
5360	141	121	59	5067	0	5388
5361	5041	93	71	216	0	5421
5362	178	94	75	5021	0	5368
5363	133	96	61	5072	0	5362
5364	5058	79	56	199	0	5392
5365	174	4956	57	169	0	5356
5366	4951	110	58	162	0	5281
5367	205	86	4891	112	0	5294
5368	4666	98	97	131	0	4992
5369	186	96	5039	109	0	5430
5370	144	5108	116	120	0	5488
5371	5144	119	110	138	0	5511
5372	4993	113	100	133	0	5339
5373	172	90	5073	108	0	5443
5374	146	93	5032	111	0	5382
5375	138	93	5144	102	0	5477
5376	137	5424	128	121	0	5810
5377	129	123	70	5579	0	5901
5378	123	95	5857	174	0	6249
5379	133	98	5671	117	0	6019
5380	132	90	145	5796	0	6163
5381	105	105	5952	184	0	6346
5382	5876	113	139	137	0	6265
5383	6849	84	75	150	0	7158
5384	263	90	6778	131	0	7262
5385	152	6808	212	108	0	7280
5386	125	221	114	6807	0	7267
5387	102	128	6910	262	0	7402
5388	107	6800	197	169	0	7273
5389	123	231	99	6733	0	7186
5390	6778	117	90	254	0	7239
5391	6788	112	82	161	0	7143
5392	245	6851	57	136	0	7289
5393	174	207	67	6899	0	7347
5394	121	133	70	6979	0	7303
5395	117	119	58	6884	0	7178
5396	115	99	65	7019	0	7298
5397	110	91	6784	296	0	7281
5398	112	84	185	6816	0	7197
5399	101	75	6736	251	0	7163
5400	85	6606	218	142	0	7051
5401	6580	200	106	151	0	7037
5402	222	6859	72	122	0	7275
5403	140	203	61	6927	0	7331
5404	128	99	51	7005	0	7283
5405	6867	74	61	291	0	7293
5406	223	63	54	6940	0	7280
5407	147	6756	39	235	0	7177
5408	135	194	34	6948	0	7311
5409	110	118	39	7003	0	7270
5410	6878	95	43	279	0	7295
5411	206	75	6710	159	0	7150
5412	115	6611	144	113	0	6983
5413	103	6925	72	96	0	7196
5414	81	224	66	6762	0	7133
5415	6651	118	44	214	0	7027
5416	191	6637	39	123	0	6990
5417	133	172	46	6752	0	7103
5418	98	99	6633	194	0	7024
5419	79	88	162	6658	0	6987
5420	6703	58	83	235	0	7079
5421	6655	44	70	143	0	6912
5422	248	46	55	6536	0	6885
5423	6605	57	54	224	0	6940
5424	6598	60	60	151	0	6869
5425	227	64	6463	110	0	6864
5426	6277	49	173	121	0	6620
5427	220	6468	85	93	0	6866
5428	6566	173	69	98	0	6906
5429	209	88	6435	98	0	6830
5430	116	81	166	6527	0	6890
5431	6665	46	84	230	0	7025
5432	219	48	6342	124	0	6733
5433	127	61	6359	108	0	6655
5434	108	55	218	6321	0	6702
5435	85	57	6552	214	0	6908
5436	6433	50	215	129	0	6827
5437	200	60	6700	112	0	7072
5438	136	49	213	6694	0	7092
5439	110	61	105	6928	0	7204
5440	7071	48	84	290	0	7493
5441	234	53	7112	155	0	7554
5442	129	64	7547	115	0	7855
5443	123	56	287	7837	0	8303
5444	75	51	8045	287	0	8458
5445	7810	43	321	173	0	8347
5446	292	45	155	8017	0	8509
5447	152	43	8028	321	0	8544
5448	120	41	308	7971	0	8440
5449	112	37	163	8209	0	8521
5450	8130	38	94	406	0	8668
5451	302	37	8081	203	0	8623
5452	7824	53	299	153	0	8329
5453	326	45	8339	124	0	8834
5454	8143	43	339	131	0	8656
5455	8349	38	200	142	0	8729
5456	8415	41	128	152	0	8736
5457	409	8072	108	123	0	8712
5458	8296	256	99	130	0	8781
5459	8394	121	108	126	0	8749
5460	417	66	92	8217	0	8792
5461	236	54	8109	344	0	8743
5462	7932	46	312	220	0	8510
5463	340	49	8343	168	0	8900
5464	222	56	359	8111	0	8748
5465	198	47	182	8562	0	8989
5466	8467	44	141	423	0	9075
5467	359	8532	128	230	0	9249
5468	243	254	109	8521	0	9127
5469	183	133	109	8733	0	9158
5470	162	84	8525	405	0	9176
5471	179	55	308	8467	0	9009
5472	177	47	188	8713	0	9125
5473	169	62	151	8520	0	8902
5474	137	8287	136	443	0	9003
5475	8216	248	129	281	0	8874
5476	8260	133	109	231	0	8733
5477	423	8135	102	191	0	8851
5478	7935	262	126	139	0	8462
5479	361	132	111	8160	0	8764
5480	207	84	8350	369	0	9010
5481	166	8246	314	236	0	8962
5482	150	8729	182	181	0	9242
5483	8263	313	126	179	0	8881
5484	8664	142	128	174	0	9108
5485	402	112	87	8553	0	9154
5486	226	68	96	8773	0	9163
5487	191	81	126	8799	0	9197
5488	8504	97	94	453	0	9148
5489	344	78	8385	263	0	9070
5490	8465	64	296	224	0	9049
5491	404	59	163	8563	0	9189
5492	254	92	126	8459	0	8931
5493	166	8317	115	454	0	9052
5494	179	280	96	8686	0	9241
5495	211	108	110	8899	0	9328
5496	166	86	8755	461	0	9468
5497	182	8778	311	256	0	9527
5498	9041	270	163	258	0	9732
5499	8812	136	137	239	0	9324
5500	9287	101	122	193	0	9703
5501	9304	81	109	190	0	9684
5502	456	115	8661	180	0	9412
5503	8616	68	316	227	0	9227
5504	430	92	8754	197	0	9473
5505	288	62	333	8616	0	9299
5506	200	8772	185	399	0	9556
5507	204	297	137	8992	0	9630
5508	204	143	137	9170	0	9654
5509	197	102	8933	476	0	9708
5510	8583	74	322	299	0	9278
5511	8946	85	216	235	0	9482
5512	447	8665	143	234	0	9489
5513	278	308	8830	192	0	9608
5514	260	131	337	8945	0	9673
5515	229	96	8952	405	0	9682
5516	209	107	8849	284	0	9449
5517	230	87	403	8900	0	9620
5518	219	89	8962	416	0	9686
5519	240	85	351	8965	0	9641
5520	276	68	9190	416	0	9950
5521	277	78	369	9123	0	9847
5522	9184	72	232	473	0	9961
5523	9364	76	152	330	0	9922
5524	9288	89	171	271	0	9819
5525	9226	76	176	251	0	9729
5526	531	9037	161	193	0	9922
5527	324	305	154	9202	0	9985
5528	294	141	147	9428	0	10010
5529	212	105	9121	492	0	9930
5530	264	84	347	9075	0	9770
5531	211	86	9052	469	0	9818
5532	198	72	8769	295	0	9334
5533	8496	88	424	246	0	9254
5534	380	8927	249	260	0	9816
5535	9136	280	182	253	0	9851
5536	9292	135	159	253	0	9839
5537	464	9210	169	237	0	10080
5538	9363	293	158	297	0	10111
5539	425	129	9286	277	0	10117
5540	308	9168	353	212	0	10041
5541	9241	278	254	234	0	10007
5542	409	150	8806	214	0	9579
5543	8334	96	279	264	0	8973
5544	352	8525	204	200	0	9281
5545	8601	242	151	208	0	9202
5546	8545	111	151	254	0	9061
5547	388	8283	185	176	0	9032
5548	248	8286	135	205	0	8874
5549	230	8518	132	201	0	9081
5550	252	266	146	8609	0	9273
5551	202	141	183	8698	0	9224
5552	8721	105	134	354	0	9314
5553	8493	90	181	221	0	8985
5554	425	105	8316	178	0	9024
5555	304	97	8003	189	0	8593
5556	231	91	8359	179	0	8860
5557	202	137	292	8367	0	8998
5558	214	100	8552	317	0	9183
5559	227	71	282	8492	0	9072
5560	8533	87	170	396	0	9186
5561	339	89	8588	218	0	9234
5562	8451	90	273	239	0	9053
5563	8577	96	192	214	0	9079
5564	350	125	8590	231	0	9296
5565	237	8697	292	218	0	9444
5566	263	242	165	8716	0	9386
5567	189	171	8788	315	0	9463
5568	197	101	315	8656	0	9269
5569	173	113	195	9651	0	10132
5570	9396	98	167	423	0	10084
5571	398	101	122	9461	0	10082
5572	223	109	9356	398	0	10086
5573	233	98	311	9395	0	10037
5574	9526	115	177	413	0	10231
5575	411	9506	166	193	0	10276
5576	9678	313	159	180	0	10330
5577	433	204	136	9529	0	10302
5578	265	118	9503	356	0	10242
5579	210	103	9161	218	0	9692
5580	179	108	9150	165	0	9602
5581	181	8730	354	158	0	9423
5582	8435	297	193	189	0	9114
5583	356	8164	152	126	0	8798
5584	7912	209	102	176	0	8399
5585	269	7700	128	172	0	8269
5586	170	188	135	7798	0	8291
5587	171	83	121	7867	0	8242
5588	176	91	121	7826	0	8214
5589	139	7739	158	289	0	8325
5590	190	193	111	8168	0	8662
5591	143	102	131	9224	0	9600
5592	9543	92	120	403	0	10158
5593	385	100	122	10073	0	10680
5594	180	91	10560	427	0	11258
5595	10323	74	401	236	0	11034
5596	10662	88	229	172	0	11151
5597	512	10577	152	132	0	11373
5598	10701	368	121	154	0	11344
5599	11092	156	134	114	0	11496
5600	592	121	126	10734	0	11573
5601	336	85	124	11053	0	11598
5602	229	80	160	11369	0	11838
5603	11089	72	131	597	0	11889
5604	11314	99	139	323	0	11875
5605	564	97	10921	218	0	11800
5606	10930	118	407	216	0	11671
5607	11295	76	186	222	0	11779
5608	11284	86	167	214	0	11751
5609	645	79	10780	152	0	11656
5610	347	113	10911	153	0	11524
5611	317	75	514	10867	0	11773
5612	227	91	11133	488	0	11939
5613	249	80	540	10813	0	11682
5614	283	84	241	10246	0	10854
5615	230	10926	239	521	0	11916
5616	11068	398	206	304	0	11976
5617	578	168	11158	230	0	12134
5618	11341	129	509	187	0	12166
5619	667	106	238	11463	0	12474
5620	11379	99	182	542	0	12202
5621	631	10935	166	301	0	12033
5622	349	11702	142	265	0	12458
5623	369	531	125	11505	0	12530
5624	317	240	140	11916	0	12613
5625	261	165	11520	659	0	12605
5626	282	134	526	11549	0	12491
5627	11181	115	231	705	0	12232
5628	622	11149	211	326	0	12308
5629	364	462	11330	234	0	12390
5630	348	194	543	11281	0	12366
5631	287	167	11488	574	0	12516
5632	307	132	607	11424	0	12470
5633	287	121	11554	649	0	12611
5634	241	152	11418	329	0	12140
5635	283	141	610	11256	0	12290
5636	11308	142	315	611	0	12376
5637	11345	144	264	322	0	12075
5638	11159	113	204	324	0	11800
5639	759	10728	214	257	0	11958
5640	11087	494	215	248	0	12044
5641	11109	212	209	248	0	11778
5642	706	185	10636	247	0	11774
5643	417	10494	539	240	0	11690
5644	324	508	273	10514	0	11619
5645	10494	205	240	601	0	11540
5646	609	10389	195	371	0	11564
5647	10761	512	197	312	0	11782
5648	10975	230	198	318	0	11721
5649	10986	177	192	303	0	11658
5650	10990	147	209	286	0	11632
5651	813	138	200	10495	0	11646
5652	10673	136	218	631	0	11658
5653	725	143	216	10452	0	11536
5654	410	10094	258	659	0	11421
5655	398	443	224	10562	0	11627
5656	10530	175	259	668	0	11632
5657	708	174	10268	420	0	11570
5658	487	141	552	10436	0	11616
5659	10402	158	259	659	0	11478
5660	718	10192	256	387	0	11553
5661	10472	471	206	356	0	11505
5662	10859	231	195	306	0	11591
5663	807	10386	211	323	0	11727
5664	10613	492	225	309	0	11639
5665	764	250	9945	308	0	11267
5666	481	204	9896	334	0	10915
5667	9859	174	598	326	0	10957
5668	763	195	9763	279	0	11000
5669	521	162	536	8966	0	10185
5670	506	8949	284	529	0	10268
5671	9285	454	237	379	0	10355
5672	722	8954	238	309	0	10223
5673	493	8916	221	331	0	9961
5674	468	532	222	9367	0	10589
5675	435	320	185	9536	0	10476
5676	464	210	217	9473	0	10364
5677	397	197	231	9570	0	10395
5678	391	181	9055	683	0	10310
5679	400	182	504	9029	0	10115
5680	385	182	290	9339	0	10196
5681	9062	223	249	652	0	10186
5682	669	212	215	9050	0	10146
5683	458	209	8660	650	0	9977
5684	8814	191	446	408	0	9859
5685	666	226	259	8976	0	10127
5686	504	175	9084	597	0	10360
5687	473	176	488	9025	0	10162
5688	410	8983	286	641	0	10320
5689	9260	427	262	408	0	10357
5690	642	223	8837	406	0	10108
5691	435	7854	437	341	0	9067
5692	7535	355	247	324	0	8461
5693	516	6708	250	319	0	7793
5694	397	6342	208	273	0	7220
5695	6398	267	235	275	0	7175
5696	490	5970	177	274	0	6911
5697	361	6037	205	262	0	6865
5698	449	231	192	5901	0	6773
5699	325	179	5760	353	0	6617
5700	337	5767	268	293	0	6665
5701	310	226	183	5894	0	6613
5702	290	5666	198	341	0	6495
5703	5825	220	200	260	0	6505
5704	367	144	5624	264	0	6399
5705	302	159	287	5701	0	6449
5706	5951	132	196	326	0	6605
5707	393	153	176	5948	0	6670
5708	326	153	5824	311	0	6614
5709	5686	160	284	240	0	6370
5710	6013	147	201	264	0	6625
5711	347	6108	185	285	0	6925
5712	286	229	194	6239	0	6948
5713	273	152	169	6420	0	7014
5714	6417	181	147	339	0	7084
5715	6318	192	156	231	0	6897
5716	358	181	6246	245	0	7030
5717	307	6131	258	218	0	6914
5718	6365	234	147	261	0	7007
5719	347	167	167	6278	0	6959
5720	294	182	6300	274	0	7050
5721	250	187	6028	209	0	6674
5722	249	198	202	6104	0	6753
5723	6183	141	165	305	0	6794
5724	281	6023	153	251	0	6708
5725	6707	173	164	234	0	7278
5726	319	118	167	6831	0	7435
5727	261	154	134	6874	0	7423
5728	256	126	173	6948	0	7503
5729	7022	119	152	263	0	7556
5730	275	6949	156	200	0	7580
5731	255	174	152	7164	0	7745
5732	252	124	134	7211	0	7721
5733	236	167	7065	204	0	7672
5734	238	131	173	6983	0	7525
5735	262	117	7120	239	0	7738
5736	264	6952	160	144	0	7520
5737	299	143	101	7116	0	7659
5738	7071	128	115	217	0	7531
5739	270	150	6845	155	0	7420
5740	282	121	110	6989	0	7502
5741	230	115	6848	195	0	7388
5742	6567	133	149	156	0	7005
5743	241	134	6917	183	0	7475
5744	232	115	140	6775	0	7262
5745	7028	107	88	240	0	7463
5746	239	6344	97	179	0	6859
5747	6835	134	110	161	0	7240
5748	247	6333	77	182	0	6839
5749	213	147	81	7067	0	7508
5750	186	113	6845	201	0	7345
5751	177	120	6605	173	0	7075
5752	171	101	128	6986	0	7386
5753	7165	114	98	192	0	7569
5754	6961	108	106	151	0	7326
5755	199	85	100	7025	0	7409
5756	175	73	115	7144	0	7507
5757	7071	101	99	196	0	7467
5758	181	6681	96	148	0	7106
5759	145	7117	101	119	0	7482
5760	7230	175	97	112	0	7614
5761	215	98	7039	104	0	7456
5762	137	110	153	7095	0	7495
5763	100	110	7155	171	0	7536
5764	123	82	134	7224	0	7563
5765	103	80	7211	170	0	7564
5766	90	101	6896	132	0	7219
5767	85	90	128	7324	0	7627
5768	74	6941	86	190	0	7291
5769	7369	136	53	158	0	7716
5770	124	7307	54	129	0	7614
5771	98	120	67	7564	0	7849
5772	7555	84	71	180	0	7890
5773	126	62	71	7779	0	8038
5774	7689	42	72	204	0	8007
5775	7636	48	64	175	0	7923
5776	7709	56	70	141	0	7976
5777	152	7415	83	110	0	7760
5778	7829	107	77	109	0	8122
5779	137	78	56	7917	0	8188
5780	8117	57	66	149	0	8389
5781	165	62	40	8230	0	8497
5782	8246	55	63	185	0	8549
5783	8452	49	58	85	0	8644
5784	171	8261	46	90	0	8568
5785	97	146	44	8995	0	9282
5786	85	52	48	9031	0	9216
5787	67	9263	40	200	0	9570
5788	65	247	28	9637	0	9977
5789	9581	80	33	278	0	9972
5790	10024	71	34	135	0	10264
5791	9940	59	25	90	0	10114
5792	318	48	10124	71	0	10561
5793	10380	36	229	93	0	10738
5794	11026	39	76	70	0	11211
5795	11164	39	48	79	0	11330
5796	363	10909	31	79	0	11382
5797	173	253	41	11098	0	11565
5798	117	94	36	11362	0	11609
5799	96	68	22	11271	0	11457
5800	99	35	10934	389	0	11457
5801	113	37	275	10947	0	11372
5802	11154	27	84	374	0	11639
5803	343	27	75	11228	0	11673
5804	168	37	34	11598	0	11837
5805	135	41	11231	373	0	11780
5806	106	11033	290	182	0	11611
5807	11516	292	85	150	0	12043
5808	347	96	59	11577	0	12079
5809	11594	63	49	373	0	12079
5810	363	65	11259	162	0	11849
5811	10694	34	285	162	0	11175
5812	365	11488	99	140	0	12092
5813	161	276	11430	99	0	11966
5814	122	107	11541	102	0	11872
5815	158	68	339	11085	0	11650
5816	107	61	11875	321	0	12364
5817	85	11685	312	156	0	12238
5818	129	264	125	11636	0	12154
5819	121	91	89	11942	0	12243
5820	125	87	58	12019	0	12289
5821	11655	48	90	422	0	12215
5822	332	11597	72	199	0	12200
5823	184	277	50	11957	0	12468
5824	149	106	79	12175	0	12509
5825	11603	81	71	405	0	12160
5826	320	11521	59	220	0	12120
5827	11733	281	80	188	0	12282
5828	11755	126	69	163	0	12113
5829	11692	84	66	182	0	12024
5830	434	71	11399	148	0	12052
5831	230	56	297	11232	0	11815
5832	181	11286	124	359	0	11950
5833	146	11731	97	191	0	12165
5834	153	354	73	11557	0	12137
5835	140	11471	85	350	0	12046
5836	12093	338	72	225	0	12728
5837	361	153	11926	172	0	12612
5838	11726	101	309	184	0	12320
5839	12472	91	120	161	0	12844
5840	454	92	85	12448	0	13079
5841	12584	82	89	415	0	13170
5842	409	13177	93	213	0	13892
5843	13477	349	89	252	0	14167
5844	13759	150	86	212	0	14207
5845	14612	101	98	214	0	15025
5846	589	113	14524	154	0	15380
5847	339	120	14669	141	0	15269
5848	262	95	479	14688	0	15524
5849	242	14343	216	459	0	15260
5850	227	15028	161	248	0	15664
5851	198	508	123	14921	0	15750
5852	14962	254	95	527	0	15838
5853	526	162	92	15030	0	15810
5854	315	136	92	15430	0	15973
5855	15125	107	121	658	0	16011
5856	522	15020	104	388	0	16034
5857	348	420	14922	249	0	15939
5858	298	232	14754	214	0	15498
5859	15120	165	489	250	0	16024
5860	541	121	276	15042	0	15980
5861	303	149	15377	539	0	16368
5862	294	140	450	15088	0	15972
5863	280	141	230	15201	0	15852
5864	263	144	147	15623	0	16177
5865	244	125	166	15377	0	15912
5866	257	14803	160	692	0	15912
5867	260	449	118	15303	0	16130
5868	15010	233	145	645	0	16033
5869	528	14996	170	369	0	16063
5870	15354	465	140	357	0	16316
5871	15588	237	149	353	0	16327
5872	15720	202	132	319	0	16373
5873	755	173	15192	255	0	16375
5874	15098	135	441	340	0	16014
5875	15721	152	233	315	0	16421
5876	15503	150	197	342	0	16192
5877	15781	181	159	318	0	16439
5878	740	15325	148	336	0	16549
5879	15521	468	142	357	0	16488
5880	697	303	15183	277	0	16460
5881	474	207	411	15125	0	16217
5882	450	194	241	15445	0	16330
5883	15540	153	190	717	0	16600
5884	675	15078	186	464	0	16403
5885	14959	443	164	397	0	15963
5886	630	14791	161	332	0	15914
5887	14615	445	155	325	0	15540
5888	14623	238	148	340	0	15349
5889	645	15023	178	274	0	16120
5890	15394	405	161	311	0	16271
5891	15988	224	188	299	0	16699
5892	688	14819	196	307	0	16010
5893	507	15291	179	301	0	16278
5894	16023	513	205	339	0	17080
5895	703	338	159	16343	0	17543
5896	16484	280	168	702	0	17634
5897	17103	222	147	538	0	18010
5898	17377	182	170	463	0	18192
5899	17501	174	176	423	0	18274
5900	948	16520	221	311	0	18000
5901	574	17231	169	337	0	18311
5902	17349	705	176	327	0	18557
5903	778	385	16997	340	0	18500
5904	561	285	570	16839	0	18255
5905	459	249	394	17417	0	18519
5906	17112	275	252	845	0	18484
5907	860	16873	202	490	0	18425
5908	579	625	162	16972	0	18338
5909	533	354	193	17557	0	18637
5910	17322	288	261	881	0	18752
5911	905	263	183	17465	0	18816
5912	17460	311	190	903	0	18864
5913	17650	247	234	579	0	18710
5914	17831	242	205	450	0	18728
5915	1112	271	153	17307	0	18843
5916	722	258	210	17708	0	18898
5917	545	295	18181	978	0	19999
5918	570	250	17964	612	0	19396
5919	18289	257	896	560	0	20002
5920	1112	202	434	18970	0	20718
5921	770	269	19816	912	0	21767
5922	607	306	20108	562	0	21583
5923	564	245	1123	20015	0	21947
5924	524	244	20159	1103	0	22030
5925	628	261	1006	20063	0	21958
5926	564	294	540	20541	0	21939
5927	571	253	20024	1349	0	22197
5928	637	238	965	20296	0	22136
5929	665	267	563	19826	0	21321
5930	570	234	400	21176	0	22380
5931	496	266	20063	1543	0	22368
5932	544	307	968	20768	0	22587
5933	20550	279	533	1390	0	22752
5934	1260	20410	333	861	0	22864
5935	20979	1006	310	604	0	22899
5936	1443	532	20282	503	0	22760
5937	20785	317	1045	556	0	22703
5938	21410	283	603	512	0	22808
5939	21621	256	429	526	0	22832
5940	1742	253	360	20452	0	22807
5941	1136	273	355	21013	0	22777
5942	775	301	19274	1542	0	21892
5943	18603	235	1054	989	0	20881
5944	1413	18301	608	760	0	21082
5945	940	17888	438	596	0	19862
5946	663	18429	460	595	0	20147
5947	668	1220	405	17597	0	19890
5948	17399	639	321	1334	0	19693
5949	17835	488	287	925	0	19535
5950	1547	378	16929	698	0	19552
5951	1049	272	1010	17154	0	19485
5952	854	309	556	17757	0	19476
5953	687	298	16869	1573	0	19427
5954	704	298	16746	1003	0	18751
5955	16620	319	1235	768	0	18942
5956	1334	16566	692	678	0	19270
5957	17299	918	570	626	0	19413
5958	17741	510	461	679	0	19391
5959	1736	358	341	16924	0	19359
5960	1096	310	346	17695	0	19447
5961	16964	292	418	1589	0	19263
5962	1478	292	357	17104	0	19231
5963	1051	308	321	17562	0	19242
5964	16998	332	316	1667	0	19313
5965	1527	338	349	17146	0	19360
5966	17366	362	346	1387	0	19461
5967	17841	306	327	953	0	19427
5968	1839	326	16429	690	0	19284
5969	17117	354	1018	632	0	19121
5970	17523	286	605	667	0	19081
5971	17529	258	484	679	0	18950
5972	1907	300	13643	683	0	16533
5973	16416	263	958	672	0	18309
5974	1644	15617	543	680	0	18484
5975	16680	913	411	710	0	18714
5976	17144	505	407	663	0	18719
5977	1786	393	345	16294	0	18818
5978	1216	379	342	16593	0	18530
5979	1002	15999	370	1506	0	18877
5980	880	923	383	16691	0	18877
5981	909	520	339	17269	0	19037
5982	16722	401	349	1638	0	19110
5983	1603	343	348	16648	0	18942
5984	1153	350	333	17089	0	18925
5985	1012	313	377	16998	0	18700
5986	871	15671	388	1678	0	18608
5987	15975	915	390	1034	0	18314
5988	1526	15641	397	833	0	18397
5989	15325	1012	341	783	0	17461
5990	1586	543	14104	682	0	16915
5991	13977	357	910	739	0	15983
5992	1409	347	13502	790	0	16048
5993	999	12982	967	739	0	15687
5994	12860	744	624	804	0	15032
5995	12764	439	431	816	0	14450
5996	1425	11446	380	729	0	13980
5997	1035	11635	348	691	0	13709
5998	11707	856	357	704	0	13624
5999	12052	456	367	702	0	13577
6000	1286	412	374	11458	0	13530
6001	989	321	355	11903	0	13568
6002	852	252	11036	1240	0	13380
6003	11179	264	778	876	0	13097
6004	1160	248	490	11231	0	13129
6005	878	10804	412	1132	0	13226
6006	866	622	375	11369	0	13232
6007	790	423	372	11595	0	13180
6008	695	298	10790	1324	0	13107
6009	762	222	740	11329	0	13053
6010	10980	247	537	1161	0	12925
6011	1020	10182	465	970	0	12637
6012	864	10379	421	763	0	12427
6013	10653	707	427	732	0	12519
6014	10791	432	476	710	0	12409
6015	10735	313	430	845	0	12323
6016	1190	9730	459	753	0	12132
6017	717	9217	510	667	0	11111
6018	9885	565	474	677	0	11601
6019	10160	344	433	686	0	11623
6020	983	9111	413	756	0	11263
6021	654	8192	488	616	0	9950
6022	8279	497	489	611	0	9876
6023	769	334	325	8314	0	9742
6024	8216	285	416	804	0	9721
6025	820	276	268	8274	0	9638
6026	679	7786	289	871	0	9625
6027	625	8173	359	627	0	9784
6028	8670	518	233	687	0	10108
6029	8739	380	218	691	0	10028
6030	9046	304	228	642	0	10220
6031	966	8496	336	509	0	10307
6032	793	479	8018	569	0	9859
6033	807	8101	442	417	0	9767
6034	8247	681	290	398	0	9616
6035	8285	405	259	403	0	9352
6036	963	332	7617	376	0	9288
6037	856	7434	438	388	0	9116
6038	816	492	258	7489	0	9055
6039	708	371	249	7438	0	8766
6040	577	6762	237	794	0	8370
6041	532	532	7150	603	0	8817
6042	7577	349	499	451	0	8876
6043	834	376	258	7547	0	9015
6044	7753	394	205	640	0	8992
6045	7958	400	195	488	0	9041
6046	861	337	165	7978	0	9341
6047	664	259	181	8476	0	9580
6048	667	239	176	8654	0	9736
6049	664	221	175	8775	0	9835
6050	8459	220	276	839	0	9794
6051	8682	224	200	648	0	9754
6052	905	205	8133	558	0	9801
6053	678	224	505	8456	0	9863
6054	637	238	310	8672	0	9857
6055	683	229	167	8818	0	9897
6056	581	295	8150	769	0	9795
6057	640	223	389	8362	0	9614
6058	8465	201	216	707	0	9589
6059	837	207	174	8361	0	9579
6060	604	206	8005	795	0	9610
6061	642	171	413	8350	0	9576
6062	516	206	8154	768	0	9644
6063	8516	191	439	545	0	9691
6064	875	198	227	8513	0	9813
6065	8712	206	185	721	0	9824
6066	8836	198	150	444	0	9628
6067	944	207	140	8449	0	9740
6068	8782	221	184	659	0	9846
6069	840	217	168	8515	0	9740
6070	616	8707	137	656	0	10116
6071	9292	490	127	500	0	10409
6072	9353	297	149	427	0	10226
6073	9500	261	114	419	0	10294
6074	804	291	113	9130	0	10338
6075	595	216	107	9381	0	10299
6076	478	236	95	9528	0	10337
6077	371	247	8622	889	0	10129
6078	360	8640	385	602	0	9987
6079	417	541	203	8664	0	9825
6080	364	301	8346	690	0	9701
6081	8445	242	431	478	0	9596
6082	696	218	215	8577	0	9706
6083	417	224	8256	659	0	9556
6084	8653	201	402	439	0	9695
6085	647	229	236	8722	0	9834
6086	483	267	148	8854	0	9752
6087	430	209	179	9014	0	9832
6088	8884	260	123	636	0	9903
6089	9085	155	163	407	0	9810
6090	8983	171	182	317	0	9653
6091	715	8184	169	254	0	9322
6092	427	8636	156	272	0	9491
6093	8758	511	114	272	0	9655
6094	617	267	8365	293	0	9542
6095	435	175	338	8401	0	9349
6096	325	199	167	8755	0	9446
6097	8502	166	144	615	0	9427
6098	8395	141	93	421	0	9050
6099	595	8176	121	337	0	9229
6100	387	400	112	8428	0	9327
6101	323	207	8147	535	0	9212
6102	313	151	8289	373	0	9126
6103	315	139	425	8409	0	9288
6104	269	136	193	8821	0	9419
6105	8452	157	136	633	0	9378
6106	540	119	119	8656	0	9434
6107	8871	135	108	603	0	9717
6108	8891	124	139	384	0	9538
6109	584	149	8512	304	0	9549
6110	8832	128	325	282	0	9567
6111	9116	145	182	235	0	9678
6112	9204	125	127	249	0	9705
6113	648	8621	111	258	0	9638
6114	400	8856	97	252	0	9605
6115	338	417	97	8762	0	9614
6116	280	211	8589	490	0	9570
6117	242	8380	322	328	0	9272
6118	276	313	166	7864	0	8619
6119	274	149	116	7815	0	8354
6120	236	7600	90	426	0	8352
6121	7751	277	97	284	0	8409
6122	7922	143	81	258	0	8404
6123	449	101	7732	245	0	8527
6124	7675	75	248	254	0	8252
6125	391	94	7641	233	0	8359
6126	7180	114	249	235	0	7778
6127	385	107	7384	198	0	8074
6128	308	7009	239	177	0	7733
6129	243	189	158	6861	0	7451
6130	236	106	118	6912	0	7372
6131	6882	96	99	336	0	7413
6132	6924	67	131	252	0	7374
6133	6851	89	86	234	0	7260
6134	336	72	6779	214	0	7401
6135	274	58	178	6891	0	7401
6136	220	63	145	7088	0	7516
6137	7050	87	94	327	0	7558
6138	290	6953	83	264	0	7590
6139	7425	162	94	240	0	7921
6140	306	114	88	7578	0	8086
6141	224	70	103	7775	0	8172
6142	236	71	80	7807	0	8194
6143	192	62	83	7894	0	8231
6144	214	51	77	7895	0	8237
6145	207	7373	80	360	0	8020
6146	170	7202	79	277	0	7728
6147	145	6956	79	227	0	7407
6148	164	134	80	7057	0	7435
6149	169	71	6766	256	0	7262
6150	6278	70	151	204	0	6703
6151	230	6943	104	169	0	7446
6152	167	108	113	7055	0	7443
6153	161	53	83	7165	0	7462
6154	7146	57	85	277	0	7565
6155	7025	59	72	224	0	7380
6156	7161	52	108	175	0	7496
6157	248	49	78	7464	0	7839
6158	213	54	7441	207	0	7915
6159	159	59	7518	208	0	7944
6160	159	46	186	7739	0	8130
6161	168	59	7729	239	0	8195
6162	7460	59	160	171	0	7850
6163	245	75	72	7636	0	8028
6164	177	77	7618	228	0	8100
6165	210	52	131	7495	0	7888
6166	175	51	7859	219	0	8304
6167	154	65	8101	202	0	8522
6168	170	74	151	8592	0	8987
6169	135	79	8857	262	0	9333
6170	143	103	8348	165	0	8759
6171	179	8070	233	139	0	8621
6172	185	184	131	8637	0	9137
6173	9046	84	89	281	0	9500
6174	229	53	88	9033	0	9403
6175	157	48	92	9312	0	9609
6176	121	67	9161	302	0	9651
6177	8555	67	205	205	0	9032
6178	237	87	114	9333	0	9771
6179	174	57	87	9595	0	9913
6180	9413	40	91	303	0	9847
6181	281	33	81	9514	0	9909
6182	9530	44	74	300	0	9948
6183	9507	50	93	204	0	9854
6184	9492	52	60	178	0	9782
6185	279	9135	55	161	0	9630
6186	9409	172	54	178	0	9813
6187	256	9250	56	124	0	9686
6188	204	180	54	9406	0	9844
6189	9472	92	55	234	0	9853
6190	236	9393	62	147	0	9838
6191	9532	205	49	146	0	9932
6192	247	9436	66	91	0	9840
6193	9398	195	58	134	0	9785
6194	249	9250	76	115	0	9690
6195	143	9506	54	136	0	9839
6196	145	10015	62	118	0	10340
6197	143	253	61	9719	0	10176
6198	125	9967	47	208	0	10347
6199	107	233	70	9965	0	10375
6200	108	105	62	10104	0	10379
6201	117	81	77	10053	0	10328
6202	114	55	66	10117	0	10352
6203	9900	59	42	338	0	10339
6204	10064	42	46	215	0	10367
6205	315	55	9817	117	0	10304
6206	10144	57	175	150	0	10526
6207	10619	50	92	120	0	10881
6208	10972	58	73	113	0	11216
6209	354	55	10724	92	0	11225
6210	179	67	10865	67	0	11178
6211	10788	55	287	116	0	11246
6212	326	67	11380	85	0	11858
6213	143	11802	299	104	0	12348
6214	148	293	125	11959	0	12525
6215	12331	120	88	351	0	12890
6216	12423	83	79	198	0	12783
6217	12520	72	66	157	0	12815
6218	449	63	56	12332	0	12900
6219	228	62	68	12648	0	13006
6220	173	70	12497	380	0	13120
6221	186	37	297	12531	0	13051
6222	159	54	134	12947	0	13294
6223	12630	52	105	462	0	13249
6224	351	12635	81	259	0	13326
6225	12901	284	71	187	0	13443
6226	418	123	66	12925	0	13532
6227	12758	95	60	392	0	13305
6228	12722	73	60	240	0	13095
6229	12380	58	71	230	0	12739
6230	473	12152	62	142	0	12829
6231	242	12638	69	134	0	13083
6232	234	342	64	12654	0	13294
6233	12765	169	66	407	0	13407
6234	422	99	60	12641	0	13222
6235	217	81	62	12909	0	13269
6236	197	86	12635	438	0	13356
6237	186	81	286	12558	0	13111
6238	177	78	133	12639	0	13027
6239	168	74	90	12708	0	13040
6240	129	62	12305	535	0	13031
6241	137	62	12030	287	0	12516
6242	130	12099	379	243	0	12851
6243	12197	289	176	207	0	12869
6244	377	146	124	12358	0	13005
6245	223	129	12326	386	0	13064
6246	214	84	323	12320	0	12941
6247	187	78	159	13195	0	13619
6248	12932	65	131	514	0	13642
6249	12967	67	89	307	0	13430
6250	457	12815	118	187	0	13577
6251	12884	316	82	199	0	13481
6252	12938	149	94	197	0	13378
6253	533	112	86	12813	0	13544
6254	314	101	12606	399	0	13420
6255	237	12610	338	242	0	13427
6256	12729	322	153	227	0	13431
6257	13017	150	121	214	0	13502
6258	506	12996	97	210	0	13809
6259	337	340	109	13535	0	14321
6260	14009	173	87	503	0	14772
6261	14317	122	101	295	0	14835
6262	604	110	79	14296	0	15089
6263	14325	96	98	540	0	15059
6264	15263	93	95	336	0	15787
6265	15544	107	92	281	0	16024
6266	726	97	15195	213	0	16231
6267	392	14763	431	224	0	15810
6268	326	15309	187	201	0	16023
6269	14672	529	121	251	0	15573
6270	575	14764	105	182	0	15626
6271	353	507	14577	165	0	15602
6272	335	227	400	14613	0	15575
6273	14637	180	171	530	0	15518
6274	591	154	127	14667	0	15539
6275	14730	136	106	604	0	15576
6276	14867	132	118	325	0	15442
6277	14856	121	94	296	0	15367
6278	716	14083	116	249	0	15164
6279	399	15161	111	248	0	15919
6280	15125	514	110	249	0	15998
6281	14995	266	80	284	0	15625
6282	15357	187	94	240	0	15878
6283	818	148	108	14834	0	15908
6284	14936	151	104	561	0	15752
6285	714	14282	110	297	0	15403
6286	439	15066	99	259	0	15863
6287	394	567	110	14928	0	15999
6288	344	273	14637	565	0	15819
6289	361	218	14529	311	0	15419
6290	377	204	502	14676	0	15759
6291	372	164	14770	560	0	15866
6292	342	177	495	14832	0	15846
6293	14983	194	216	606	0	15999
6294	664	168	174	14983	0	15989
6295	14877	159	138	626	0	15800
6296	645	14385	151	359	0	15540
6297	397	479	14443	326	0	15645
6298	408	271	440	14200	0	15319
6299	397	184	214	14904	0	15699
6300	341	160	14572	680	0	15753
6301	369	171	458	14344	0	15342
6302	360	14558	233	642	0	15793
6303	429	464	183	15004	0	16080
6304	388	263	174	15330	0	16155
6305	368	196	176	15759	0	16499
6306	383	151	15327	830	0	16691
6307	377	174	14503	450	0	15504
6308	13620	150	608	380	0	14758
6309	599	145	13949	332	0	15025
6310	397	13717	566	299	0	14979
6311	13876	422	290	307	0	14895
6312	573	13823	240	288	0	14924
6313	13513	503	191	308	0	14515
6314	13664	238	179	322	0	14403
6315	13570	232	140	262	0	14204
6316	13624	169	152	286	0	14231
6317	714	12834	137	289	0	13974
6318	464	13239	142	296	0	14141
6319	13337	489	150	336	0	14312
6320	610	274	12914	280	0	14078
6321	450	229	402	12803	0	13884
6322	388	193	212	13239	0	14032
6323	409	177	12824	584	0	13994
6324	12132	229	396	380	0	13137
6325	13094	197	242	315	0	13848
6326	13063	179	189	325	0	13756
6327	762	12631	176	250	0	13819
6328	13389	461	172	253	0	14275
6329	706	272	162	12935	0	14075
6330	449	13599	160	493	0	14701
6331	13965	499	178	341	0	14983
6332	14236	290	148	361	0	15035
6333	15075	256	144	285	0	15760
6334	880	200	156	14634	0	15870
6335	553	196	160	14823	0	15732
6336	424	14269	235	711	0	15639
6337	383	509	14364	518	0	15774
6338	438	285	500	14589	0	15812
6339	429	226	290	14590	0	15535
6340	435	201	265	15323	0	16224
6341	345	243	14723	795	0	16106
6342	14615	232	515	473	0	15835
6343	808	230	261	15028	0	16327
6344	485	192	15005	707	0	16389
6345	436	178	612	15002	0	16228
6346	15182	204	296	796	0	16478
6347	782	15159	217	480	0	16638
6348	596	546	183	15608	0	16933
6349	508	334	15412	699	0	16953
6350	14878	306	553	489	0	16226
6351	15745	195	321	378	0	16639
6352	940	225	15331	323	0	16819
6353	639	225	603	14435	0	15902
6354	428	15030	410	662	0	16530
6355	15447	664	260	425	0	16796
6356	858	326	14925	341	0	16450
6357	14733	262	646	347	0	15988
6358	881	277	14541	290	0	15989
6359	514	240	13767	349	0	14870
6360	13271	192	683	293	0	14439
6361	766	13474	382	291	0	14913
6362	531	488	13351	298	0	14668
6363	423	13109	566	292	0	14390
6364	458	533	12683	265	0	13939
6365	385	12717	547	264	0	13913
6366	12149	521	399	272	0	13341
6367	594	362	11824	280	0	13060
6368	428	318	11648	268	0	12662
6369	431	212	11550	272	0	12465
6370	11273	260	632	266	0	12431
6371	11570	185	428	256	0	12439
6372	651	167	282	11435	0	12535
6373	535	170	11667	494	0	12866
6374	384	186	11675	426	0	12671
6375	11768	189	556	301	0	12814
6376	640	221	347	11844	0	13052
6377	11975	196	283	531	0	12985
6378	12058	219	271	374	0	12922
6379	681	224	259	11357	0	12521
6380	530	11214	253	501	0	12498
6381	450	422	264	11476	0	12612
6382	408	256	263	11702	0	12629
6383	319	250	11390	657	0	12616
6384	344	11003	515	417	0	12279
6385	278	11560	353	370	0	12561
6386	319	522	319	11242	0	12402
6387	290	293	11297	569	0	12449
6388	289	11174	573	376	0	12412
6389	319	392	11324	327	0	12362
6390	10874	264	539	387	0	12064
6391	11435	198	423	333	0	12389
6392	624	211	11212	334	0	12381
6393	11251	185	502	301	0	12239
6394	632	188	362	11349	0	12531
6395	464	11698	292	522	0	12976
6396	378	454	278	12016	0	13126
6397	11723	288	328	555	0	12894
6398	11898	205	291	449	0	12843
6399	11949	209	274	364	0	12796
6400	11964	194	309	278	0	12745
6401	684	11211	293	314	0	12502
6402	476	11505	272	267	0	12520
6403	11453	471	286	326	0	12536
6404	596	289	11465	295	0	12645
6405	454	311	490	11132	0	12387
6406	410	11641	383	455	0	12889
6407	386	437	359	11628	0	12810
6408	371	11985	262	492	0	13110
6409	338	540	282	12151	0	13311
6410	348	345	12099	537	0	13329
6411	11865	268	496	368	0	12997
6412	12325	244	325	291	0	13185
6413	750	196	12007	246	0	13199
6414	11940	185	540	274	0	12939
6415	12286	185	349	259	0	13079
6416	789	195	11821	221	0	13026
6417	506	222	568	11453	0	12749
6418	11917	204	364	554	0	13039
6419	720	177	11761	311	0	12969
6420	506	160	586	11521	0	12773
6421	389	155	12155	605	0	13304
6422	363	196	12019	351	0	12929
6423	11875	156	695	306	0	13032
6424	12600	165	408	254	0	13427
6425	12664	165	293	302	0	13424
6426	13017	184	279	258	0	13738
6427	832	233	246	12358	0	13669
6428	531	11649	272	576	0	13028
6429	388	12244	265	393	0	13290
6430	354	581	278	11800	0	13013
6431	11948	278	267	566	0	13059
6432	691	11449	290	320	0	12750
6433	391	11382	253	258	0	12284
6434	11247	496	260	288	0	12291
6435	601	237	224	11120	0	12182
6436	11137	228	260	542	0	12167
6437	581	11063	275	316	0	12235
6438	11460	450	247	307	0	12464
6439	631	217	11756	277	0	12881
6440	12755	194	558	282	0	13789
6441	13459	169	351	214	0	14193
6442	13793	160	281	211	0	14445
6443	900	200	12035	254	0	13389
6444	13255	173	583	247	0	14258
6445	785	13115	336	229	0	14465
6446	510	554	13088	178	0	14330
6447	418	354	624	12482	0	13878
6448	400	206	361	12385	0	13352
6449	348	12440	321	635	0	13744
6450	408	518	278	12663	0	13867
6451	379	261	274	12954	0	13868
6452	309	242	12484	677	0	13712
6453	11690	200	647	390	0	12927
6454	684	234	12624	230	0	13772
6455	472	141	696	12360	0	13669
6456	328	174	12802	562	0	13866
6457	388	159	680	12639	0	13866
6458	12967	158	426	646	0	14197
6459	13558	167	317	362	0	14404
6460	882	159	271	13206	0	14518
6461	465	205	13530	632	0	14832
6462	408	158	676	13374	0	14616
6463	318	178	13455	671	0	14622
6464	12812	154	706	388	0	14060
6465	13638	182	392	289	0	14501
6466	13457	134	263	291	0	14145
6467	13541	129	273	271	0	14214
6468	921	12568	260	255	0	14004
6469	569	562	247	12887	0	14265
6470	12833	265	210	689	0	13997
6471	815	12404	204	379	0	13802
6472	509	12933	217	294	0	13953
6473	416	686	12137	249	0	13488
6474	12139	322	627	240	0	13328
6475	12731	214	329	226	0	13500
6476	902	210	11950	244	0	13306
6477	590	181	608	11846	0	13225
6478	498	194	350	12454	0	13496
6479	382	194	12130	783	0	13489
6480	382	181	664	12085	0	13312
6481	12167	174	366	771	0	13478
6482	798	194	11709	419	0	13120
6483	502	174	12255	298	0	13229
6484	12005	184	783	276	0	13248
6485	799	207	12198	253	0	13457
6486	12081	174	729	283	0	13267
6487	834	11859	454	254	0	13401
6488	12401	597	306	250	0	13554
6489	909	288	288	12012	0	13497
6490	605	203	259	12443	0	13510
6491	12367	203	216	799	0	13585
6492	840	198	261	12272	0	13571
6493	12327	183	264	767	0	13541
6494	884	12011	211	482	0	13588
6495	584	616	220	11690	0	13110
6496	496	312	224	12221	0	13253
6497	11921	217	229	836	0	13203
6498	12135	176	228	471	0	13010
6499	12232	182	207	362	0	12983
6500	1050	11122	228	318	0	12718
6501	618	11738	220	292	0	12868
6502	11722	697	232	305	0	12956
6503	890	323	11176	294	0	12683
6504	551	10982	638	298	0	12469
6505	10524	559	377	317	0	11777
6506	10213	317	291	287	0	11108
6507	10239	213	249	281	0	10982
6508	845	231	236	9555	0	10867
6509	9979	166	246	594	0	10985
6510	10085	121	264	370	0	10840
6511	935	161	224	9360	0	10680
6512	9761	182	244	564	0	10751
6513	803	170	9116	373	0	10462
6514	642	159	502	9309	0	10612
6515	537	158	345	9594	0	10634
6516	471	170	295	9878	0	10814
6517	9652	157	255	759	0	10823
6518	9944	167	254	475	0	10840
6519	10074	168	259	392	0	10893
6520	9946	152	226	402	0	10726
6521	9799	140	263	302	0	10504
6522	926	144	250	8999	0	10319
6523	701	147	236	9242	0	10326
6524	9122	166	203	676	0	10167
6525	782	8549	206	461	0	9998
6526	8947	420	203	381	0	9951
6527	718	282	8176	379	0	9555
6528	9014	265	427	324	0	10030
6529	9529	225	277	320	0	10351
6530	869	175	9354	334	0	10732
6531	10137	165	554	271	0	11127
6532	882	204	9878	266	0	11230
6533	664	192	10552	240	0	11648
6534	636	173	710	10252	0	11771
6535	557	145	454	11007	0	12163
6536	510	150	10702	796	0	12158
6537	494	174	10874	516	0	12058
6538	501	10057	750	402	0	11710
6539	467	10179	492	373	0	11511
6540	8968	508	367	329	0	10172
6541	692	8987	290	310	0	10279
6542	8989	435	257	301	0	9982
6543	676	8529	292	297	0	9794
6544	8799	442	263	281	0	9785
6545	648	321	8132	279	0	9380
6546	8423	229	476	337	0	9465
6547	655	198	317	8275	0	9445
6548	512	8232	279	523	0	9546
6549	489	401	255	8546	0	9691
6550	8571	251	245	575	0	9642
6551	8794	233	254	419	0	9700
6552	764	178	282	8424	0	9648
6553	637	134	8229	487	0	9487
6554	509	148	8026	415	0	9098
6555	454	8172	530	394	0	9550
6556	463	374	406	8297	0	9540
6557	434	245	8198	533	0	9410
6558	526	7563	446	358	0	8893
6559	499	342	345	7767	0	8953
6560	462	229	283	7945	0	8919
6561	7554	222	301	535	0	8612
6562	599	210	277	7436	0	8522
6563	537	217	7241	461	0	8456
6564	572	219	348	7281	0	8420
6565	7328	213	271	468	0	8280
6566	643	224	7056	369	0	8292
6567	7265	213	383	316	0	8177
6568	629	7248	290	309	0	8476
6569	7719	358	231	328	0	8636
6570	7846	272	245	271	0	8634
6571	664	278	253	7362	0	8557
6572	529	194	253	7541	0	8517
6573	474	7155	262	572	0	8463
6574	485	310	228	7670	0	8693
6575	7528	222	255	557	0	8562
6576	581	200	7261	409	0	8451
6577	525	149	412	7373	0	8459
6578	440	7179	349	520	0	8488
6579	425	329	323	7556	0	8633
6580	405	276	252	7711	0	8644
6581	7663	236	206	524	0	8629
6582	582	7259	265	425	0	8531
6583	539	362	243	7465	0	8609
6584	7547	268	209	507	0	8531
6585	619	224	193	7486	0	8522
6586	554	230	155	7669	0	8608
6587	7781	216	166	624	0	8787
6588	7851	164	169	508	0	8692
6589	660	195	7481	453	0	8789
6590	7713	183	334	382	0	8612
6591	8020	181	246	353	0	8800
6592	8041	190	206	360	0	8797
6593	741	7231	199	311	0	8482
6594	566	7427	188	324	0	8505
6595	520	437	180	7540	0	8677
6596	7655	333	199	469	0	8656
6597	7839	252	197	385	0	8673
6598	757	225	196	7514	0	8692
6599	583	235	7448	462	0	8728
6600	7787	240	348	376	0	8751
6601	8297	234	279	326	0	9136
6602	693	177	259	7920	0	9049
6603	548	182	232	8137	0	9099
6604	8219	184	193	543	0	9139
6605	681	156	168	8028	0	9033
6606	500	7784	203	546	0	9033
6607	489	315	234	8220	0	9258
6608	8245	248	195	539	0	9227
6609	628	188	7902	446	0	9164
6610	7753	165	381	420	0	8719
6611	592	171	7910	375	0	9048
6612	510	152	432	8061	0	9155
6613	8276	170	319	518	0	9283
6614	607	151	232	8282	0	9272
6615	475	178	222	8401	0	9276
6616	8212	161	217	618	0	9208
6617	613	162	7924	436	0	9135
6618	535	187	8131	355	0	9208
6619	436	197	466	8370	0	9469
6620	410	192	328	8708	0	9638
6621	392	189	265	8873	0	9719
6622	394	186	8586	614	0	9780
6623	8471	178	378	493	0	9520
6624	9021	173	324	369	0	9887
6625	9064	193	314	333	0	9904
6626	9098	177	276	343	0	9894
6627	663	8301	258	385	0	9607
6628	503	8303	250	372	0	9428
6629	379	8273	277	372	0	9301
6630	343	335	275	7372	0	8325
6631	353	226	269	7433	0	8281
6632	290	214	7029	406	0	7939
6633	320	6329	279	343	0	7271
6634	317	226	204	6239	0	6986
6635	6063	210	196	337	0	6806
6636	294	5959	218	295	0	6766
6637	312	220	204	5978	0	6714
6638	316	5971	150	299	0	6736
6639	6164	211	136	313	0	6824
6640	359	175	145	6045	0	6724
6641	316	201	5764	301	0	6582
6642	332	160	5540	299	0	6331
6643	312	155	192	5920	0	6579
6644	349	106	162	5872	0	6489
6645	292	122	154	6144	0	6712
6646	6079	132	149	363	0	6723
6647	299	152	5896	308	0	6655
6648	275	5772	185	284	0	6516
6649	309	169	146	5989	0	6613
6650	298	158	5827	275	0	6558
6651	263	5823	160	328	0	6574
6652	249	163	156	6164	0	6732
6653	218	148	6038	321	0	6725
6654	246	139	174	6085	0	6644
6655	243	147	128	6162	0	6680
6656	6165	115	128	360	0	6768
6657	6109	100	150	300	0	6659
6658	309	111	109	6165	0	6694
6659	6151	107	120	323	0	6701
6660	282	105	5960	303	0	6650
6661	286	112	139	6183	0	6720
6662	261	108	6138	306	0	6813
6663	273	80	157	6343	0	6853
6664	280	6012	126	275	0	6693
6665	273	6183	100	262	0	6818
6666	249	6343	114	247	0	6953
6667	291	165	99	6428	0	6983
6668	276	139	72	7199	0	7686
6669	247	123	7068	349	0	7787
6670	241	101	7173	307	0	7822
6671	233	125	7553	256	0	8167
6672	8034	84	282	299	0	8699
6673	419	120	139	8528	0	9206
6674	8804	97	124	462	0	9487
6675	480	9020	110	292	0	9902
6676	283	364	137	9375	0	10159
6677	9608	163	79	559	0	10409
6678	542	138	86	9682	0	10448
6679	9683	83	90	603	0	10459
6680	569	104	9617	327	0	10617
6681	370	9740	371	256	0	10737
6682	302	388	174	10101	0	10965
6683	10085	165	156	539	0	10945
6684	10363	120	119	309	0	10911
6685	618	108	138	10179	0	11043
6686	368	109	114	10432	0	11023
6687	10040	102	119	615	0	10876
6688	605	97	127	9850	0	10679
6689	331	99	9660	564	0	10654
6690	332	9507	422	311	0	10572
6691	317	384	199	9880	0	10780
6692	9895	182	166	566	0	10809
6693	10016	167	121	340	0	10644
6694	606	132	9825	315	0	10878
6695	370	9400	416	317	0	10503
6696	320	10145	199	304	0	10968
6697	306	471	170	10192	0	11139
6698	282	193	153	10472	0	11100
6699	257	148	170	10394	0	10969
6700	261	125	122	10461	0	10969
6701	268	9728	117	758	0	10871
6702	243	422	136	10166	0	10967
6703	261	194	116	10498	0	11069
6704	10074	153	133	746	0	11106
6705	10221	121	133	479	0	10954
6706	667	9978	124	329	0	11098
6707	10311	428	130	350	0	11219
6708	10598	212	150	286	0	11246
6709	10591	192	161	259	0	11203
6710	685	141	9922	303	0	11051
6711	386	129	483	10083	0	11081
6712	277	120	218	10638	0	11253
6713	223	116	10070	730	0	11139
6714	225	114	466	10157	0	10962
6715	231	135	222	9867	0	10455
6716	9973	112	165	774	0	11024
6717	562	124	9870	423	0	10979
6718	322	138	466	9755	0	10681
6719	9612	148	203	686	0	10649
6720	554	9494	143	394	0	10585
6721	9670	478	116	337	0	10601
6722	9706	248	115	305	0	10374
6723	689	9215	111	276	0	10291
6724	410	489	110	9381	0	10390
6725	9433	260	87	607	0	10387
6726	588	9300	113	358	0	10359
6727	330	502	103	9473	0	10408
6728	9292	239	92	657	0	10280
6729	9375	145	120	412	0	10052
6730	665	8941	119	323	0	10048
6731	9268	456	131	327	0	10182
6732	625	195	111	9264	0	10195
6733	9304	156	101	626	0	10187
6734	632	132	8913	387	0	10064
6735	370	116	458	9117	0	10061
6736	295	146	196	9379	0	10016
6737	8977	132	143	749	0	10001
6738	594	8742	139	420	0	9895
6739	8845	462	115	359	0	9781
6740	633	8698	135	307	0	9773
6741	361	503	8370	308	0	9542
6742	305	259	8512	287	0	9363
6743	314	219	501	8407	0	9441
6744	270	173	8376	630	0	9449
6745	295	168	477	8542	0	9482
6746	318	145	211	8589	0	9263
6747	300	154	187	8951	0	9592
6748	8661	172	125	768	0	9726
6749	8791	145	140	491	0	9567
6750	9093	178	138	376	0	9785
6751	787	8512	139	342	0	9780
6752	457	9506	110	371	0	10444
6753	399	620	9744	330	0	11093
6754	347	341	577	10144	0	11409
6755	329	245	10019	804	0	11397
6756	344	213	648	10199	0	11404
6757	323	200	308	10629	0	11460
6758	338	162	239	10760	0	11499
6759	308	170	9823	1051	0	11352
6760	336	159	663	10175	0	11333
6761	9901	158	336	980	0	11375
6762	775	9585	261	569	0	11190
6763	495	597	203	10068	0	11363
6764	9992	331	177	912	0	11412
6765	10273	236	174	597	0	11280
6766	953	208	203	9793	0	11157
6767	570	196	181	9928	0	10875
6768	9074	161	200	1007	0	10442
6769	802	183	194	9070	0	10249
6770	8391	169	196	896	0	9652
6771	771	151	177	8258	0	9357
6772	537	162	7345	795	0	8839
6773	390	6681	449	591	0	8111
6774	375	7063	242	476	0	8156
6775	375	526	162	6568	0	7631
6776	370	278	170	6694	0	7512
6777	6371	204	132	673	0	7380
6778	533	164	159	6503	0	7359
6779	411	196	145	6553	0	7305
6780	340	192	166	6192	0	6890
6781	330	5669	119	731	0	6849
6782	348	355	115	6152	0	6970
6783	363	218	138	6245	0	6964
6784	368	182	128	6278	0	6956
6785	5703	191	149	777	0	6820
6786	490	5671	137	561	0	6859
6787	389	369	143	6064	0	6965
6788	337	253	152	6262	0	7004
6789	312	191	180	6273	0	6956
6790	5847	195	126	771	0	6939
6791	508	177	129	6101	0	6915
6792	396	162	142	6184	0	6884
6793	350	189	5435	727	0	6701
6794	301	5346	332	507	0	6486
6795	314	380	171	5711	0	6576
6796	5361	257	147	673	0	6438
6797	479	5278	135	528	0	6420
6798	5357	350	120	473	0	6300
6799	5472	247	125	453	0	6297
6800	524	168	137	5442	0	6271
6801	402	196	114	5597	0	6309
6802	357	166	5230	642	0	6395
6803	335	137	301	5724	0	6497
6804	372	165	5423	605	0	6565
6805	367	165	323	5770	0	6625
6806	5425	183	207	580	0	6395
6807	517	5392	168	440	0	6517
6808	365	331	161	5916	0	6773
6809	341	206	175	6048	0	6770
6810	283	173	214	6049	0	6719
6811	284	163	147	6145	0	6739
6812	5669	146	137	769	0	6721
6813	425	5507	165	571	0	6668
6814	356	307	123	6080	0	6866
6815	5877	215	138	638	0	6868
6816	505	194	5549	491	0	6739
6817	5750	191	309	458	0	6708
6818	5981	203	183	414	0	6781
6819	606	204	5634	349	0	6793
6820	412	231	311	5933	0	6887
6821	6106	156	210	584	0	7056
6822	514	6024	142	525	0	7205
6823	6375	368	174	414	0	7331
6824	6519	217	126	465	0	7327
6825	6596	170	128	458	0	7352
6826	576	171	118	6507	0	7372
6827	411	154	157	6857	0	7579
6828	370	7050	122	638	0	8180
6829	384	371	117	7478	0	8350
6830	7346	306	133	642	0	8427
6831	534	168	7131	487	0	8320
6832	7081	130	395	481	0	8087
6833	7645	133	229	457	0	8464
6834	556	115	211	7554	0	8436
6835	374	126	148	7839	0	8487
6836	7497	159	125	749	0	8530
6837	7551	144	144	525	0	8364
6838	7155	178	170	460	0	7963
6839	619	123	7141	416	0	8299
6840	394	7152	382	376	0	8304
6841	7319	365	222	423	0	8329
6842	508	206	177	7455	0	8346
6843	368	7173	138	655	0	8334
6844	310	366	139	7555	0	8370
6845	7359	208	118	715	0	8400
6846	541	127	122	7626	0	8416
6847	391	151	7165	664	0	8371
6848	326	6988	307	487	0	8108
6849	293	7419	187	402	0	8301
6850	251	393	6894	393	0	7931
6851	6221	272	344	396	0	7233
6852	385	6263	213	343	0	7204
6853	261	238	174	5757	0	6430
6854	5545	136	91	498	0	6270
6855	298	5336	123	376	0	6133
6856	231	205	89	5669	0	6194
6857	5547	128	75	460	0	6210
6858	315	91	69	5702	0	6177
6859	5589	110	96	396	0	6191
6860	282	129	5412	358	0	6181
6861	287	5532	141	283	0	6243
6862	5879	222	88	273	0	6462
6863	5795	135	70	330	0	6330
6864	5824	117	59	284	0	6284
6865	349	99	5361	271	0	6080
6866	5553	90	136	291	0	6070
6867	5801	87	98	292	0	6278
6868	364	96	70	5754	0	6284
6869	5779	92	69	377	0	6317
6870	286	5562	83	258	0	6189
6871	204	191	77	5802	0	6274
6872	172	153	5590	273	0	6188
6873	163	118	145	5731	0	6157
6874	178	117	81	5880	0	6256
6875	5769	94	58	352	0	6273
6876	5729	92	65	289	0	6175
6877	293	99	5510	238	0	6140
6878	5531	84	146	257	0	6018
6879	248	91	5538	240	0	6117
6880	231	68	142	5678	0	6119
6881	167	95	5623	271	0	6156
6882	176	74	163	5698	0	6111
6883	184	5543	104	264	0	6095
6884	166	167	5564	233	0	6130
6885	179	115	5724	192	0	6210
6886	206	99	219	4911	0	5435
6887	5845	93	107	278	0	6323
6888	5896	77	76	242	0	6291
6889	5954	67	64	225	0	6310
6890	312	76	90	5823	0	6301
6891	239	90	69	5932	0	6330
6892	183	78	53	6005	0	6319
6893	174	73	86	5959	0	6292
6894	155	89	5645	294	0	6183
6895	177	82	174	5618	0	6051
6896	188	5480	92	269	0	6029
6897	165	169	84	5731	0	6149
6898	5666	110	80	284	0	6140
6899	282	74	5544	185	0	6085
6900	5272	70	191	171	0	5704
6901	259	67	5655	169	0	6150
6902	177	76	5663	135	0	6051
6903	166	5466	217	149	0	5998
6904	214	200	111	4939	0	5464
6905	142	103	98	5501	0	5844
6906	181	4752	84	282	0	5299
6907	5864	232	66	179	0	6341
6908	320	116	52	6180	0	6668
6909	205	71	75	6768	0	7119
6910	173	64	79	7184	0	7500
6911	7755	74	52	487	0	8368
6912	8455	64	66	239	0	8824
6913	514	77	81	8216	0	8888
6914	276	68	56	8408	0	8808
6915	8150	55	71	507	0	8783
6916	483	55	72	8136	0	8746
6917	261	67	86	8374	0	8788
6918	218	60	57	8538	0	8873
6919	186	70	7896	529	0	8681
6920	7635	52	331	355	0	8373
6921	8043	57	123	231	0	8454
6922	523	71	7505	199	0	8298
6923	309	80	332	7051	0	7772
6924	219	7280	149	438	0	8086
6925	7271	319	107	284	0	7981
6926	406	7239	95	244	0	7984
6927	252	7136	65	199	0	7652
6928	225	397	77	6638	0	7337
6929	6581	136	90	425	0	7232
6930	6885	108	66	222	0	7281
6931	464	94	97	6593	0	7248
6932	275	68	71	6804	0	7218
6933	222	93	57	6795	0	7167
6934	202	93	63	6767	0	7125
6935	167	78	63	6711	0	7019
6936	173	6274	56	494	0	6997
6937	166	310	65	6607	0	7148
6938	6445	119	51	488	0	7103
6939	6664	105	72	266	0	7107
6940	6616	105	57	258	0	7036
6941	466	6321	65	237	0	7089
6942	274	300	51	6458	0	7083
6943	180	152	6301	459	0	7092
6944	6279	94	283	301	0	6957
6945	429	94	103	6424	0	7050
6946	6309	84	80	462	0	6935
6947	6295	68	76	262	0	6701
6948	6327	103	58	210	0	6698
6949	486	87	57	6036	0	6666
6950	6055	71	80	421	0	6627
6951	485	69	56	6029	0	6639
6952	272	60	61	6292	0	6685
6953	6076	61	55	482	0	6674
6954	465	59	39	6161	0	6724
6955	6058	63	56	505	0	6682
6956	6260	63	56	295	0	6674
6957	512	60	44	6092	0	6708
6958	268	49	41	6323	0	6681
6959	273	53	40	6356	0	6722
6960	237	50	5705	539	0	6531
6961	198	54	5810	349	0	6411
6962	239	38	328	5808	0	6413
6963	242	42	120	5977	0	6381
6964	191	53	91	6094	0	6429
6965	209	56	65	6049	0	6379
6966	164	55	69	6121	0	6409
6967	5612	46	83	587	0	6328
6968	428	5434	73	350	0	6285
6969	258	275	75	5788	0	6396
6970	5698	104	90	529	0	6421
6971	460	76	57	5816	0	6409
6972	246	63	87	5986	0	6382
6973	5619	56	71	599	0	6345
6974	5800	77	62	370	0	6309
6975	484	75	5391	336	0	6286
6976	291	57	286	5677	0	6311
6977	275	49	5435	517	0	6276
6978	221	62	319	5695	0	6297
6979	252	46	130	5803	0	6231
6980	245	60	89	5895	0	6289
6981	189	58	5351	651	0	6249
6982	201	5071	317	426	0	6015
6983	193	5498	124	354	0	6169
6984	194	317	116	5571	0	6198
6985	5356	123	100	564	0	6143
6986	421	94	5192	392	0	6099
6987	252	80	5441	361	0	6134
6988	250	61	356	5521	0	6188
6989	214	73	159	5609	0	6055
6990	190	5299	146	620	0	6255
6991	192	310	98	5641	0	6241
6992	203	137	96	5951	0	6387
6993	204	102	98	6036	0	6440
6994	5606	95	113	662	0	6476
6995	5839	99	89	451	0	6478
6996	485	97	93	5827	0	6502
6997	303	5449	88	585	0	6425
6998	298	297	97	5751	0	6443
6999	5491	131	102	622	0	6346
7000	427	5426	101	433	0	6387
7001	281	306	84	5340	0	6011
7002	247	5222	98	522	0	6089
7003	5279	336	76	397	0	6088
7004	5201	158	77	398	0	5834
7005	426	5065	67	390	0	5948
7006	304	5144	66	305	0	5819
7007	293	323	4636	299	0	5551
7008	215	4340	225	351	0	5131
7009	211	275	96	3962	0	4544
7010	224	111	3526	470	0	4331
7011	232	2600	145	318	0	3295
7012	238	117	61	2396	0	2812
7013	158	78	53	2452	0	2741
7014	146	83	55	2408	0	2692
7015	2245	70	65	284	0	2664
7016	235	63	2003	284	0	2585
7017	164	94	2029	270	0	2557
7018	156	84	111	2248	0	2599
7019	162	79	2247	268	0	2756
7020	233	86	127	2308	0	2754
7021	226	84	75	2258	0	2643
7022	159	96	106	2383	0	2744
7023	161	89	57	2434	0	2741
7024	2278	132	44	282	0	2736
7025	2337	84	48	236	0	2705
7026	222	113	52	2377	0	2764
7027	175	113	2341	284	0	2913
7028	173	64	90	2595	0	2922
7029	200	2301	54	291	0	2846
7030	206	97	45	2525	0	2873
7031	2402	61	44	356	0	2863
7032	2444	60	45	323	0	2872
7033	211	55	58	2573	0	2897
7034	178	45	66	2596	0	2885
7035	156	63	54	2626	0	2899
7036	2416	104	64	301	0	2885
7037	192	69	2331	269	0	2861
7038	183	52	2294	240	0	2769
7039	199	2235	116	219	0	2769
7040	2391	103	75	236	0	2805
7041	168	103	70	2478	0	2819
7042	127	77	2367	293	0	2864
7043	156	2286	147	216	0	2805
7044	171	2416	68	227	0	2882
7045	151	100	48	2634	0	2933
7046	187	58	53	2636	0	2934
7047	173	2427	64	259	0	2923
7048	168	90	46	2689	0	2993
7049	126	67	45	2746	0	2984
7050	2583	68	54	273	0	2978
7051	171	2445	60	269	0	2945
7052	133	86	58	2656	0	2933
7053	159	53	2415	271	0	2898
7054	120	48	116	2544	0	2828
7055	2472	55	89	245	0	2861
7056	167	2414	89	209	0	2879
7057	76	96	78	2645	0	2895
7058	61	70	2429	305	0	2865
7059	65	83	2561	249	0	2958
7060	71	77	172	2732	0	3052
7061	68	80	110	2868	0	3126
7062	2715	71	73	298	0	3157
7063	143	2885	59	216	0	3303
7064	2944	140	66	221	0	3371
7065	145	86	2960	225	0	3416
7066	2972	76	120	223	0	3391
7067	196	84	3144	157	0	3581
7068	3076	116	132	168	0	3492
7069	3244	74	60	224	0	3602
7070	192	67	3262	178	0	3699
7071	123	61	3222	213	0	3619
7072	106	3218	142	192	0	3658
7073	132	147	74	3438	0	3791
7074	3449	74	74	230	0	3827
7075	146	87	92	3525	0	3850
7076	90	65	80	3650	0	3885
7077	75	73	105	3662	0	3915
7078	47	99	3503	260	0	3909
7079	3306	87	118	201	0	3712
7080	3613	79	64	170	0	3926
7081	162	3630	94	118	0	4004
7082	94	203	54	3654	0	4005
7083	64	3790	58	175	0	4087
7084	86	172	43	3889	0	4190
7085	3810	80	58	215	0	4163
7086	145	3779	95	119	0	4138
7087	69	157	85	3741	0	4052
7088	3636	80	49	246	0	4011
7089	3725	77	26	166	0	3994
7090	171	83	31	3675	0	3960
7091	83	65	3607	220	0	3975
7092	81	66	100	3548	0	3795
7093	55	3601	44	212	0	3912
7094	3652	116	31	95	0	3894
7095	160	3590	31	80	0	3861
7096	71	148	27	3646	0	3892
7097	3652	105	21	162	0	3940
7098	143	72	25	3769	0	4009
7099	101	54	26	3827	0	4008
7100	62	84	3719	140	0	4005
7101	42	3719	104	96	0	3961
7102	3674	148	38	74	0	3934
7103	3457	65	46	51	0	3619
7104	105	3605	28	59	0	3797
7105	51	3674	37	44	0	3806
7106	37	129	33	3577	0	3776
7107	3519	48	44	116	0	3727
7108	95	3513	23	54	0	3685
7109	37	89	20	3586	0	3732
7110	36	27	3523	110	0	3696
7111	32	34	91	3544	0	3701
7112	3574	20	29	127	0	3750
7113	91	3608	27	62	0	3788
7114	44	83	16	3726	0	3869
7115	44	32	3630	99	0	3805
7116	24	31	3664	54	0	3773
7117	34	20	99	3711	0	3864
7118	25	23	42	3783	0	3873
7119	33	3604	30	134	0	3801
7120	36	92	22	3662	0	3812
7121	3678	37	14	143	0	3872
7122	104	35	20	3743	0	3902
7123	3748	24	20	132	0	3924
7124	123	3732	17	57	0	3929
7125	49	3871	20	52	0	3992
7126	55	103	24	3927	0	4109
7127	46	48	25	3855	0	3974
7128	39	26	3759	126	0	3950
7129	44	35	101	3719	0	3899
7130	3718	31	33	140	0	3922
7131	128	23	3735	54	0	3940
7132	56	26	98	3828	0	4008
7133	55	32	3963	120	0	4170
7134	31	28	118	3995	0	4172
7135	43	30	40	4028	0	4141
7136	40	21	40	4146	0	4247
7137	48	22	4026	153	0	4249
7138	41	28	111	3994	0	4174
7139	24	4056	42	146	0	4268
7140	41	105	38	4142	0	4326
7141	43	46	26	4150	0	4265
7142	4046	45	22	166	0	4279
7143	129	26	3997	78	0	4230
7144	46	41	110	4041	0	4238
7145	49	24	3989	152	0	4214
7146	51	32	3938	66	0	4087
7147	54	36	117	4096	0	4303
7148	57	24	52	4038	0	4171
7149	45	39	44	4268	0	4396
7150	4191	29	30	183	0	4433
7151	126	31	4169	97	0	4423
7152	4348	28	106	94	0	4576
7153	132	38	41	4619	0	4830
7154	57	36	38	4813	0	4944
7155	65	4886	25	173	0	5149
7156	46	119	34	5063	0	5262
7157	53	34	24	5112	0	5223
7158	52	44	34	5114	0	5244
7159	4761	28	27	179	0	4995
7160	129	30	4602	95	0	4856
7161	4302	21	101	98	0	4522
7162	123	4644	49	61	0	4877
7163	4567	110	32	72	0	4781
7164	124	4443	24	50	0	4641
7165	58	4519	27	54	0	4658
7166	67	101	21	4446	0	4635
7167	4477	43	29	125	0	4674
7168	97	28	27	4576	0	4728
7169	44	4473	19	131	0	4667
7170	52	4762	22	66	0	4902
7171	30	112	26	4753	0	4921
7172	34	57	13	4812	0	4916
7173	24	4768	24	142	0	4958
7174	46	105	17	4979	0	5147
7175	47	33	18	5072	0	5170
7176	37	40	16	5163	0	5256
7177	5023	25	28	178	0	5254
7178	104	24	4995	93	0	5216
7179	5017	30	100	78	0	5225
7180	5381	29	30	54	0	5494
7181	5264	29	30	61	0	5384
7182	130	5108	15	67	0	5320
7183	53	103	13	5159	0	5328
7184	5202	33	15	122	0	5372
7185	97	36	18	5283	0	5434
7186	5300	31	20	119	0	5470
7187	86	5630	16	73	0	5805
7188	5875	83	15	75	0	6048
7189	6028	37	17	57	0	6139
7190	6086	32	16	71	0	6205
7191	112	24	20	6063	0	6219
7192	58	23	23	6241	0	6345
7193	6258	28	17	126	0	6429
7194	97	6198	14	63	0	6372
7195	38	6215	24	65	0	6342
7196	6441	81	17	65	0	6604
7197	81	47	21	6467	0	6616
7198	53	29	19	6489	0	6590
7199	45	20	15	6623	0	6703
7200	36	6473	21	145	0	6675
7201	6607	92	18	89	0	6806
7202	99	42	22	6703	0	6866
7203	48	6723	18	131	0	6920
7204	55	92	14	7040	0	7201
7205	41	49	13	7122	0	7225
7206	29	36	22	7090	0	7177
7207	40	28	19	7157	0	7244
7208	7046	29	22	175	0	7272
7209	7033	23	16	112	0	7184
7210	7220	31	18	92	0	7361
7211	152	22	16	7216	0	7406
7212	72	26	7071	140	0	7309
7213	62	33	6457	103	0	6655
7214	40	27	6870	81	0	7018
7215	7350	15	125	79	0	7569
7216	114	24	64	7464	0	7666
7217	65	28	32	7453	0	7578
7218	65	16	19	7599	0	7699
7219	7502	29	13	194	0	7738
7220	7516	24	24	112	0	7676
7221	136	7793	23	88	0	8040
7222	80	86	19	7987	0	8172
7223	70	38	7845	124	0	8077
7224	42	7901	84	92	0	8119
7225	42	89	41	8017	0	8189
7226	35	39	32	8095	0	8201
7227	47	39	20	8006	0	8112
7228	58	43	22	7843	0	7966
7229	45	26	7813	168	0	8052
7230	61	26	7460	98	0	7645
7231	42	7903	104	84	0	8133
7232	40	84	46	8039	0	8209
7233	41	48	39	7945	0	8073
7234	7796	37	22	179	0	8034
7235	100	31	7859	97	0	8087
7236	61	29	80	7915	0	8085
7237	56	26	43	8180	0	8305
7238	45	29	8248	142	0	8464
7239	41	8195	77	100	0	8413
7240	8295	88	35	100	0	8518
7241	94	39	8238	84	0	8455
7242	7998	46	83	77	0	8204
7243	116	29	8549	61	0	8755
7244	67	23	84	8661	0	8835
7245	41	40	8683	121	0	8885
7246	49	22	8655	86	0	8812
7247	49	21	101	8862	0	9033
7248	135	39	84	7208	0	7466
7249	53	22	37	9212	0	9324
7250	49	27	24	8974	0	9074
7251	50	27	22	8966	0	9065
7252	47	27	9023	146	0	9243
7253	51	30	8403	89	0	8573
7254	34	8969	91	83	0	9177
7255	8977	78	42	78	0	9175
7256	106	48	32	9061	0	9247
7257	9126	31	32	142	0	9331
7258	112	33	20	9164	0	9329
7259	9374	15	19	161	0	9569
7260	119	18	26	9437	0	9600
7261	65	23	13	9586	0	9687
7262	47	9530	20	150	0	9747
7263	47	94	20	9801	0	9962
7264	47	45	19	9836	0	9947
7265	43	34	24	9801	0	9902
7266	44	26	12	9798	0	9880
7267	32	9494	28	170	0	9724
7268	9477	79	25	134	0	9715
7269	102	9462	14	67	0	9645
7270	58	88	15	9326	0	9487
7271	9149	32	14	137	0	9332
7272	92	33	8881	79	0	9085
7273	58	27	8823	55	0	8963
7274	58	39	85	8605	0	8787
7275	38	19	44	8977	0	9078
7276	41	24	25	8977	0	9067
7277	64	23	21	8385	0	8493
7278	32	16	21	8764	0	8833
7279	42	8572	18	124	0	8756
7280	37	58	20	8745	0	8860
7281	8645	37	15	143	0	8840
7282	88	26	16	8771	0	8901
7283	45	29	8796	116	0	8986
7284	49	20	77	8678	0	8824
7285	8750	12	34	154	0	8950
7286	87	9074	31	67	0	9259
7287	51	82	20	9354	0	9507
7288	48	23	15	9648	0	9734
7289	32	32	9765	193	0	10022
7290	34	25	11925	95	0	12079
7291	14024	21	347	97	0	14489
7292	471	22	143	14354	0	14990
7293	213	24	90	15166	0	15493
7294	151	28	15587	693	0	16459
7295	100	25	15924	371	0	16420
7296	56	15810	718	273	0	16857
7297	79	514	353	15797	0	16743
7298	39	220	16070	586	0	16915
7299	40	15935	643	309	0	16927
7300	15937	586	301	245	0	17069
7301	16605	264	202	195	0	17266
7302	790	166	163	15872	0	16991
7303	395	16202	125	589	0	17311
7304	16235	601	96	365	0	17297
7305	735	278	104	15298	0	16415
7306	341	199	15994	640	0	17174
7307	217	16134	588	351	0	17290
7308	16062	605	314	283	0	17264
7309	16638	300	200	238	0	17376
7310	893	219	161	16158	0	17431
7311	518	152	106	16658	0	17434
7312	321	121	16117	852	0	17411
7313	307	94	596	16326	0	17323
7314	283	115	320	15544	0	16262
7315	207	95	200	16560	0	17062
7316	213	69	161	16651	0	17094
7317	174	97	132	16139	0	16542
7318	140	15778	136	1097	0	17151
7319	15782	597	112	669	0	17160
7320	665	270	15801	468	0	17204
7321	332	15520	595	396	0	16843
7322	308	627	308	15884	0	17127
7323	15782	303	251	831	0	17167
7324	702	206	219	16072	0	17199
7325	394	186	144	16372	0	17096
7326	315	123	138	16574	0	17150
7327	250	119	144	16684	0	17197
7328	189	142	15490	1232	0	17053
7329	180	15630	655	775	0	17240
7330	15648	652	348	579	0	17227
7331	726	334	15672	461	0	17193
7332	417	257	747	15808	0	17229
7333	15741	206	401	913	0	17261
7334	759	15610	302	582	0	17253
7335	16009	637	261	511	0	17418
7336	894	421	202	15028	0	16545
7337	570	258	170	16405	0	17403
7338	432	209	187	16369	0	17197
7339	343	188	136	16568	0	17235
7340	15401	156	177	1352	0	17086
7341	787	188	172	15990	0	17137
7342	534	142	159	16413	0	17248
7343	15156	162	159	1311	0	16788
7344	843	145	14825	850	0	16663
7345	533	146	675	15395	0	16749
7346	14738	157	374	1099	0	16368
7347	15151	147	238	736	0	16272
7348	1058	127	205	14819	0	16209
7349	620	123	217	14923	0	15883
7350	465	13656	171	1247	0	15539
7351	399	611	184	14499	0	15693
7352	349	346	161	14649	0	15505
7353	282	236	13342	1397	0	15257
7354	271	210	13350	940	0	14771
7355	283	13162	906	756	0	15107
7356	283	632	516	13500	0	14931
7357	283	384	376	14162	0	15205
7358	13390	316	309	1245	0	15260
7359	801	246	248	13699	0	14994
7360	492	237	12979	1237	0	14945
7361	411	217	715	13659	0	15002
7362	368	213	12849	1245	0	14675
7363	311	196	13256	890	0	14653
7364	310	218	1007	13050	0	14585
7365	311	194	607	13752	0	14864
7366	13011	198	427	1346	0	14982
7367	13456	196	348	968	0	14968
7368	1058	199	305	13483	0	15045
7369	13531	185	258	1235	0	15209
7370	13896	148	249	888	0	15181
7371	1193	167	278	13686	0	15324
7372	785	192	251	14154	0	15382
7373	13560	165	240	1413	0	15378
7374	13467	146	287	989	0	14889
7375	1141	171	236	13368	0	14916
7376	758	12520	251	1323	0	14852
7377	622	657	233	13489	0	15001
7378	529	374	233	13927	0	15063
7379	404	281	12594	1601	0	14880
7380	453	234	715	13696	0	15098
7381	12530	182	417	1496	0	14625
7382	840	12593	382	1124	0	14939
7383	13020	691	317	929	0	14957
7384	13191	409	276	813	0	14689
7385	13538	319	263	745	0	14865
7386	1338	351	229	12537	0	14455
7387	903	242	11307	1223	0	13675
7388	729	219	11185	922	0	13055
7389	545	10668	928	820	0	12961
7390	419	8725	490	707	0	10341
7391	386	6168	288	539	0	7381
7392	342	5733	293	574	0	6942
7393	372	349	5296	558	0	6575
7394	4406	284	395	512	0	5597
7395	382	172	272	4543	0	5369
7396	312	218	196	4520	0	5246
7397	320	178	195	4490	0	5183
7398	325	4084	224	549	0	5182
7399	4115	261	183	525	0	5084
7400	388	198	3988	472	0	5046
7401	359	3825	203	467	0	4854
7402	302	206	178	4212	0	4898
7403	3990	205	169	532	0	4896
7404	376	164	158	4162	0	4860
7405	298	160	3771	553	0	4782
7406	276	143	3766	488	0	4673
7407	267	194	224	4106	0	4791
7408	315	122	172	4166	0	4775
7409	3942	122	175	531	0	4770
7410	276	108	3799	584	0	4767
7411	3779	117	200	563	0	4659
7412	3864	132	221	480	0	4697
7413	313	119	162	4166	0	4760
7414	277	122	3856	534	0	4789
7415	232	144	180	4219	0	4775
7416	3985	128	168	550	0	4831
7417	293	3847	177	482	0	4799
7418	4033	221	161	437	0	4852
7419	353	146	161	4271	0	4931
7420	254	4162	191	468	0	5075
7421	249	212	149	4501	0	5111
7422	216	142	158	4614	0	5130
7423	290	4201	128	509	0	5128
7424	270	158	131	4637	0	5196
7425	245	114	161	4790	0	5310
7426	236	104	157	4918	0	5415
7427	227	106	4627	548	0	5508
7428	252	4554	280	407	0	5493
7429	4835	241	164	386	0	5626
7430	377	120	170	5073	0	5740
7431	288	5119	176	452	0	6035
7432	5518	211	127	451	0	6307
7433	390	138	135	5702	0	6365
7434	305	155	115	5759	0	6334
7435	294	101	112	5767	0	6274
7436	223	97	105	5780	0	6205
7437	5404	71	112	651	0	6238
7438	372	81	126	5685	0	6264
7439	264	87	146	5754	0	6251
7440	5526	96	111	554	0	6287
7441	394	102	120	5674	0	6290
7442	271	77	5352	568	0	6268
7443	283	87	272	5607	0	6249
7444	5300	107	219	472	0	6098
7445	378	88	142	5541	0	6149
7446	291	104	5262	503	0	6160
7447	247	112	5203	393	0	5955
7448	5306	96	331	413	0	6146
7449	5601	109	188	373	0	6271
7450	5619	138	153	366	0	6276
7451	5657	87	152	366	0	6262
7452	435	96	5434	309	0	6274
7453	287	96	313	5552	0	6248
7454	224	95	212	5751	0	6282
7455	5523	102	140	495	0	6260
7456	360	71	132	5712	0	6275
7457	254	69	5405	489	0	6217
7458	259	70	279	5636	0	6244
7459	214	76	5532	450	0	6272
7460	222	5442	313	291	0	6268
7461	5671	218	180	306	0	6375
7462	355	118	156	5711	0	6340
7463	260	75	5457	395	0	6187
7464	248	71	234	5644	0	6197
7465	232	70	135	5938	0	6375
7466	246	75	5628	451	0	6400
7467	268	75	237	5833	0	6413
7468	5788	73	134	440	0	6435
7469	377	78	5308	285	0	6048
7470	5492	72	230	246	0	6040
7471	346	5363	136	257	0	6102
7472	218	231	5362	247	0	6058
7473	207	142	5488	180	0	6017
7474	210	118	287	4764	0	5379
7475	146	100	148	5260	0	5654
7476	120	116	5152	364	0	5752
7477	131	69	261	5255	0	5716
7478	5205	71	161	342	0	5779
7479	5340	64	134	224	0	5762
7480	317	76	92	5238	0	5723
7481	221	76	89	5214	0	5600
7482	156	5191	98	274	0	5719
7483	5349	199	82	185	0	5815
7484	267	94	100	5371	0	5832
7485	162	5385	93	279	0	5919
7486	5531	182	94	218	0	6025
7487	5580	97	107	190	0	5974
7488	246	5611	121	130	0	6108
7489	129	213	54	5702	0	6098
7490	132	100	58	5797	0	6087
7491	106	63	5504	321	0	5994
7492	97	53	214	5555	0	5919
7493	5494	44	104	326	0	5968
7494	265	41	63	5554	0	5923
7495	153	34	5369	318	0	5874
7496	5376	51	220	214	0	5861
7497	274	45	113	5511	0	5943
7498	147	40	5410	327	0	5924
7499	143	32	227	5499	0	5901
7500	109	46	5455	329	0	5939
7501	135	39	236	5531	0	5941
7502	103	41	134	5726	0	6004
7503	5449	28	98	377	0	5952
7504	249	5396	83	232	0	5960
7505	5505	183	89	191	0	5968
7506	5569	77	75	197	0	5918
7507	5593	52	96	172	0	5913
7508	317	5370	84	170	0	5941
7509	185	188	5374	159	0	5906
7510	143	80	234	5449	0	5906
7511	5481	52	118	321	0	5972
7512	5616	50	105	205	0	5976
7513	315	44	85	5465	0	5909
7514	5421	38	100	326	0	5885
7515	306	54	5245	220	0	5825
7516	5293	46	241	185	0	5765
7517	309	48	5284	181	0	5822
7518	196	5145	244	166	0	5751
7519	5161	180	135	165	0	5641
7520	5092	83	115	165	0	5455
7521	288	4931	107	174	0	5500
7522	5025	186	92	174	0	5477
7523	5038	77	85	157	0	5357
7524	324	55	4720	171	0	5270
7525	4591	53	215	189	0	5048
7526	258	52	4488	167	0	4965
7527	186	49	223	4147	0	4605
7528	144	4197	133	253	0	4727
7529	158	155	4204	155	0	4672
7530	3890	86	194	211	0	4381
7531	3742	71	126	140	0	4079
7532	221	45	78	3562	0	3906
7533	132	50	3433	206	0	3821
7534	135	44	149	3482	0	3810
7535	3466	36	74	229	0	3805
7536	193	3403	90	171	0	3857
7537	3504	96	99	132	0	3831
7538	3525	42	89	146	0	3802
7539	193	3385	80	136	0	3794
7540	148	103	93	3482	0	3826
7541	3573	51	64	178	0	3866
7542	209	47	90	3540	0	3886
7543	138	51	88	3689	0	3966
7544	138	47	3690	200	0	4075
7545	134	40	166	3717	0	4057
7546	115	38	116	3789	0	4058
7547	3716	38	91	211	0	4056
7548	3776	34	86	149	0	4045
7549	231	37	78	3727	0	4073
7550	160	43	3613	192	0	4008
7551	142	49	3575	125	0	3891
7552	138	45	171	3632	0	3986
7553	120	38	3733	211	0	4102
7554	109	49	170	3775	0	4103
7555	125	39	111	3785	0	4060
7556	3792	40	93	237	0	4162
7557	180	40	3754	130	0	4104
7558	3684	47	138	151	0	4020
7559	3754	48	97	128	0	4027
7560	207	42	3609	106	0	3964
7561	124	48	3572	122	0	3866
7562	119	97	153	3443	0	3812
7563	106	3314	113	158	0	3691
7564	110	3407	90	141	0	3748
7565	126	114	67	3279	0	3586
7566	117	55	80	3179	0	3431
7567	105	39	78	3298	0	3520
7568	117	45	56	3317	0	3535
7569	3192	55	73	168	0	3488
7570	173	33	72	3195	0	3473
7571	103	40	3117	176	0	3436
7572	101	38	128	3095	0	3362
7573	110	3005	79	152	0	3346
7574	106	74	70	3107	0	3357
7575	3059	50	62	175	0	3346
7576	167	47	67	3077	0	3358
7577	124	37	3029	149	0	3339
7578	114	2913	107	116	0	3250
7579	98	101	62	3020	0	3281
7580	2989	55	50	172	0	3266
7581	3077	38	51	114	0	3280
7582	152	63	52	2986	0	3253
7583	127	44	2792	133	0	3096
7584	117	34	2636	98	0	2885
7585	2732	48	115	85	0	2980
7586	171	30	2744	76	0	3021
7587	113	32	2684	75	0	2904
7588	87	51	115	2548	0	2801
7589	2673	31	85	134	0	2923
7590	2668	26	69	95	0	2858
7591	2726	22	71	76	0	2895
7592	147	29	2790	78	0	3044
7593	121	26	2768	68	0	2983
7594	92	2928	102	79	0	3201
7595	85	72	76	2908	0	3141
7596	93	33	61	3003	0	3190
7597	94	29	50	2888	0	3061
7598	80	32	68	3002	0	3182
7599	87	29	2955	121	0	3192
7600	71	2993	104	83	0	3251
7601	3198	72	55	81	0	3406
7602	3535	49	45	58	0	3687
7603	3653	32	39	58	0	3782
7604	191	3648	44	51	0	3934
7605	125	112	51	3752	0	4040
7606	4017	52	40	151	0	4260
7607	178	4051	51	79	0	4359
7608	4038	151	48	72	0	4309
7609	185	4056	52	49	0	4342
7610	4128	126	36	67	0	4357
7611	4187	55	46	55	0	4343
7612	224	42	40	4121	0	4427
7613	109	28	27	4339	0	4503
7614	87	30	4179	187	0	4483
7615	81	44	4106	81	0	4312
7616	4162	28	193	58	0	4441
7617	4355	29	85	48	0	4517
7618	235	40	52	4177	0	4504
7619	125	29	37	4307	0	4498
7620	89	19	4136	213	0	4457
7621	80	44	160	4125	0	4409
7622	77	24	4165	192	0	4458
7623	86	23	177	4165	0	4451
7624	63	30	88	4353	0	4534
7625	4227	17	53	243	0	4540
7626	4284	24	46	132	0	4486
7627	238	26	42	4231	0	4537
7628	124	33	39	4315	0	4511
7629	81	19	4150	238	0	4488
7630	81	21	168	4185	0	4455
7631	64	17	4184	232	0	4497
7632	4119	19	186	123	0	4447
7633	196	22	83	4266	0	4567
7634	4225	20	68	226	0	4539
7635	205	4133	48	129	0	4515
7636	4302	150	43	112	0	4607
7637	220	60	43	4259	0	4582
7638	126	34	54	4281	0	4495
7639	88	4193	52	235	0	4568
7640	98	158	41	4318	0	4615
7641	80	66	4180	221	0	4547
7642	79	34	166	4257	0	4536
7643	66	25	4123	234	0	4448
7644	74	3919	175	141	0	4309
7645	75	135	91	4033	0	4334
7646	72	63	3966	203	0	4304
7647	81	42	3902	133	0	4158
7648	87	21	201	3887	0	4196
7649	3836	27	107	216	0	4186
7650	162	21	3807	140	0	4130
7651	99	21	183	3812	0	4115
7652	3825	23	99	229	0	4176
7653	175	3697	71	132	0	4075
7654	3963	143	54	115	0	4275
7655	199	62	53	3955	0	4269
7656	124	36	44	4058	0	4262
7657	93	25	58	4117	0	4293
7658	3968	33	60	261	0	4322
7659	183	31	58	4079	0	4351
7660	108	23	71	4218	0	4420
7661	3955	24	66	264	0	4309
7662	189	28	3906	152	0	4275
7663	118	44	149	3987	0	4298
7664	80	30	3975	228	0	4313
7665	3888	36	177	163	0	4264
7666	203	34	96	4018	0	4351
7667	130	35	4000	219	0	4384
7668	3930	38	156	157	0	4281
7669	4143	23	92	142	0	4400
7670	225	32	4169	127	0	4553
7671	145	37	169	4188	0	4539
7672	105	44	101	4361	0	4611
7673	109	37	4286	243	0	4675
7674	79	4231	189	165	0	4664
7675	94	133	4386	138	0	4751
7676	4236	75	187	132	0	4630
7677	197	49	4472	130	0	4848
7678	4309	24	205	145	0	4683
7679	193	27	4511	127	0	4858
7680	4423	21	198	121	0	4763
7681	217	4496	133	113	0	4959
7682	130	135	91	4588	0	4944
7683	102	66	85	4748	0	5001
7684	109	49	4611	255	0	5024
7685	103	40	193	4491	0	4827
7686	91	4468	123	245	0	4927
7687	4483	124	93	176	0	4876
7688	208	4467	83	154	0	4912
7689	137	150	72	4544	0	4903
7690	4538	67	70	240	0	4915
7691	205	4512	79	168	0	4964
7692	4492	144	81	153	0	4870
7693	220	89	4457	143	0	4909
7694	136	55	206	4527	0	4924
7695	113	40	124	4614	0	4891
7696	112	29	94	4740	0	4975
7697	4571	43	75	296	0	4985
7698	4649	43	85	189	0	4966
7699	4707	44	90	145	0	4986
7700	4648	45	75	139	0	4907
7701	284	34	4237	132	0	4687
7702	3833	33	154	124	0	4144
7703	189	3766	100	121	0	4176
7704	110	3781	78	116	0	4085
7705	3787	122	110	119	0	4138
7706	3746	60	67	112	0	3985
7707	167	48	49	3626	0	3890
7708	3660	29	62	164	0	3915
7709	3721	39	58	132	0	3950
7710	4025	29	67	98	0	4219
7711	184	27	60	3957	0	4228
7712	112	3830	82	166	0	4190
7713	75	3932	64	137	0	4208
7714	72	109	75	3993	0	4249
7715	3906	58	80	157	0	4201
7716	153	3954	52	110	0	4269
7717	118	81	56	3990	0	4245
7718	73	49	3962	160	0	4244
7719	3684	37	117	132	0	3970
7720	126	3894	84	116	0	4220
7721	94	4033	74	95	0	4296
7722	4012	109	62	104	0	4287
7723	138	66	4033	103	0	4340
7724	118	48	100	3967	0	4233
7725	95	4044	74	128	0	4341
7726	108	82	51	4176	0	4417
7727	78	57	51	4151	0	4337
7728	73	3704	62	190	0	4029
7729	78	92	70	4252	0	4492
7730	88	53	52	4303	0	4496
7731	4211	41	71	170	0	4493
7732	142	4111	39	115	0	4407
7733	4182	91	54	115	0	4442
7734	170	62	46	4139	0	4417
7735	96	4162	50	146	0	4454
7736	100	102	4134	97	0	4433
7737	77	60	101	4220	0	4458
7738	79	46	70	4389	0	4584
7739	68	64	4390	152	0	4674
7740	4255	37	110	131	0	4533
7741	129	36	84	4837	0	5086
7742	4842	40	63	189	0	5134
7743	182	47	4701	105	0	5035
7744	112	52	155	4818	0	5137
7745	87	35	5037	202	0	5361
7746	70	44	186	5076	0	5376
7747	82	31	100	5243	0	5456
7748	5124	43	53	256	0	5476
7749	198	5124	52	130	0	5504
7750	5202	143	64	120	0	5529
7751	208	85	5118	93	0	5504
7752	136	50	162	5214	0	5562
7753	88	60	5334	189	0	5671
7754	4711	33	173	136	0	5053
7755	5192	40	83	116	0	5431
7756	221	51	5126	90	0	5488
7757	5098	36	171	103	0	5408
7758	5324	36	85	99	0	5544
7759	237	33	66	5225	0	5561
7760	126	49	5090	203	0	5468
7761	120	45	5159	104	0	5428
7762	92	36	227	5227	0	5582
7763	94	35	109	5254	0	5492
7764	73	5073	103	222	0	5471
7765	100	5306	54	131	0	5591
7766	5279	197	61	116	0	5653
7767	213	83	71	5229	0	5596
7768	133	5120	67	180	0	5500
7769	108	5355	62	117	0	5642
7770	5107	194	78	111	0	5490
7771	203	90	55	5163	0	5511
7772	105	5177	53	214	0	5549
7773	106	175	63	5182	0	5526
7774	102	94	59	5237	0	5492
7775	93	66	61	5268	0	5488
7776	5084	49	53	264	0	5450
7777	206	4966	72	122	0	5366
7778	137	169	46	5072	0	5424
7779	113	78	60	5123	0	5374
7780	122	66	39	5170	0	5397
7781	80	72	4850	255	0	5257
7782	4705	43	158	168	0	5074
7783	214	44	92	4930	0	5280
7784	4846	45	69	241	0	5201
7785	4914	50	48	156	0	5168
7786	4928	62	47	116	0	5153
7787	273	45	4750	83	0	5151
7788	137	4744	172	73	0	5126
7789	113	177	68	4743	0	5101
7790	101	83	4708	197	0	5089
7791	93	73	4578	110	0	4854
7792	116	54	180	4385	0	4735
7793	82	4375	103	185	0	4745
7794	4453	153	62	131	0	4799
7795	4621	82	35	127	0	4865
7796	4680	50	39	122	0	4891
7797	4720	48	45	94	0	4907
7798	231	50	4538	86	0	4905
7799	4501	46	140	117	0	4804
7800	209	4619	66	74	0	4968
7801	116	149	63	4700	0	5028
7802	112	82	40	4818	0	5052
7803	4740	76	36	213	0	5065
7804	188	49	40	4770	0	5047
7805	115	36	4602	203	0	4956
7806	4459	47	144	118	0	4768
7807	4622	45	75	106	0	4848
7808	4674	28	61	102	0	4865
7809	222	47	4414	98	0	4781
7810	4095	42	130	86	0	4353
7811	168	4128	77	75	0	4448
7812	4163	128	63	88	0	4442
7813	152	82	50	4066	0	4350
7814	90	57	39	4123	0	4309
7815	77	3999	45	176	0	4297
7816	73	132	46	4048	0	4299
7817	69	4022	35	176	0	4302
7818	77	152	44	4014	0	4287
7819	94	3960	36	158	0	4248
7820	84	142	30	4009	0	4265
7821	71	3997	42	173	0	4283
7822	84	136	50	4100	0	4370
7823	75	4104	35	181	0	4395
7824	4404	162	46	115	0	4727
7825	187	76	39	4491	0	4793
7826	102	53	43	4631	0	4829
7827	88	40	44	4857	0	5029
7828	75	44	49	4884	0	5052
7829	75	34	4676	308	0	5093
7830	76	41	186	4820	0	5123
7831	108	34	82	4940	0	5164
7832	4769	34	68	297	0	5168
7833	4841	26	53	187	0	5107
7834	265	4817	45	121	0	5248
7835	160	187	44	4852	0	5243
7836	115	88	54	5242	0	5499
7837	5215	57	57	338	0	5667
7838	259	48	4934	194	0	5435
7839	4911	31	213	153	0	5308
7840	300	5026	94	97	0	5517
7841	4789	200	69	100	0	5158
7842	4837	94	58	93	0	5082
7843	283	4610	44	101	0	5038
7844	157	4788	50	92	0	5087
7845	139	240	58	4494	0	4931
7846	77	116	4456	215	0	4864
7847	4341	64	176	148	0	4729
7848	216	58	4410	116	0	4800
7849	4352	60	193	99	0	4704
7850	250	43	4397	72	0	4762
7851	135	4294	210	78	0	4717
7852	111	184	106	4314	0	4715
7853	4202	106	70	218	0	4596
7854	4344	78	48	136	0	4606
7855	294	56	44	4291	0	4685
7856	4435	49	61	242	0	4787
7857	4526	63	31	144	0	4764
7858	288	4378	51	112	0	4829
7859	4479	201	41	124	0	4845
7860	244	4452	63	111	0	4870
7861	174	212	44	4456	0	4886
7862	4413	124	48	254	0	4839
7863	4594	76	36	175	0	4881
7864	4665	84	30	128	0	4907
7865	334	76	4398	96	0	4904
7866	186	73	4520	85	0	4864
7867	161	47	242	4599	0	5049
7868	113	76	114	4888	0	5191
7869	101	5085	70	322	0	5578
7870	5119	243	52	188	0	5602
7871	320	122	49	5160	0	5651
7872	201	94	43	5285	0	5623
7873	135	65	5098	380	0	5678
7874	119	4944	246	211	0	5520
7875	122	5293	118	148	0	5681
7876	150	308	69	5240	0	5767
7877	5202	169	51	321	0	5743
7878	320	97	60	5255	0	5732
7879	192	54	64	5459	0	5769
7880	5266	54	61	402	0	5783
7881	5441	73	73	196	0	5783
7882	416	70	43	5297	0	5826
7883	233	70	5188	314	0	5805
7884	198	51	248	5321	0	5818
7885	144	67	126	5505	0	5842
7886	5326	56	87	415	0	5884
7887	323	73	81	5407	0	5884
7888	5430	73	58	363	0	5924
7889	361	69	5344	204	0	5978
7890	213	51	265	5589	0	6118
7891	179	59	148	5777	0	6163
7892	157	71	65	5900	0	6193
7893	151	73	58	5882	0	6164
7894	172	61	47	5781	0	6061
7895	134	64	5358	472	0	6028
7896	5331	51	272	277	0	5931
7897	371	50	161	5419	0	6001
7898	217	62	5235	386	0	5900
7899	171	72	5369	238	0	5850
7900	166	68	342	5320	0	5896
7901	5255	64	165	414	0	5898
7902	5403	70	82	274	0	5829
7903	5570	65	93	215	0	5943
7904	477	60	65	5183	0	5785
7905	250	5199	73	408	0	5930
7906	5382	283	83	256	0	6004
7907	5572	140	90	210	0	6012
7908	5620	104	76	189	0	5989
7909	5674	90	65	163	0	5992
7910	488	71	72	5372	0	6003
7911	276	73	5203	395	0	5947
7912	190	54	286	5405	0	5935
7913	161	78	5235	449	0	5923
7914	5246	44	315	299	0	5904
7915	5485	52	153	237	0	5927
7916	477	70	5153	198	0	5898
7917	5245	65	309	208	0	5827
7918	5588	70	155	220	0	6033
7919	492	61	111	5321	0	5985
7920	297	5252	83	407	0	6039
7921	5461	263	80	272	0	6076
7922	438	144	92	5209	0	5883
7923	276	4998	89	399	0	5762
7924	202	264	98	5067	0	5631
7925	183	128	4868	387	0	5566
7926	189	4864	252	263	0	5568
7927	4772	246	139	243	0	5400
7928	4851	122	123	189	0	5285
7929	4818	76	93	193	0	5180
7930	4896	46	90	192	0	5224
7931	425	65	96	4541	0	5127
7932	284	4477	83	315	0	5159
7933	4437	217	91	233	0	4978
7934	315	143	4427	197	0	5082
7935	253	4294	233	170	0	4950
7936	207	182	4079	181	0	4649
7937	211	112	204	3778	0	4305
7938	201	3457	149	216	0	4023
7939	214	183	76	3947	0	4420
7940	199	108	3988	242	0	4537
7941	220	77	192	3987	0	4476
7942	170	77	114	4189	0	4550
7943	166	89	87	4242	0	4584
7944	4046	67	83	333	0	4529
7945	283	3927	88	227	0	4525
7946	224	174	95	4084	0	4577
7947	4008	87	106	274	0	4475
7948	277	3976	105	183	0	4541
7949	4087	169	102	191	0	4549
7950	293	120	4039	146	0	4598
7951	236	95	170	4023	0	4524
7952	195	4001	108	274	0	4578
7953	4107	169	94	196	0	4566
7954	296	107	3926	167	0	4496
7955	206	3700	181	188	0	4275
7956	204	184	106	3808	0	4302
7957	186	124	82	3893	0	4285
7958	3799	87	82	283	0	4251
7959	268	73	84	3782	0	4207
7960	191	87	3602	264	0	4144
7961	187	62	158	3616	0	4023
7962	164	70	3608	256	0	4098
7963	168	66	183	3526	0	3943
7964	152	3494	124	240	0	4010
7965	3578	152	93	186	0	4009
7966	3534	81	97	181	0	3893
7967	235	3293	80	185	0	3793
7968	147	3177	80	151	0	3555
7969	154	122	50	3030	0	3356
7970	2946	54	69	224	0	3293
7971	167	60	79	2939	0	3245
7972	2934	50	65	211	0	3260
7973	151	2788	82	162	0	3183
7974	118	106	68	2942	0	3234
7975	121	74	2835	186	0	3216
7976	139	31	105	2929	0	3204
7977	136	46	70	2976	0	3228
7978	3003	52	47	199	0	3301
7979	178	2935	63	166	0	3342
7980	142	81	72	3080	0	3375
7981	3075	56	60	191	0	3382
7982	155	33	3035	153	0	3376
7983	3012	39	116	128	0	3295
7984	169	37	52	3155	0	3413
7985	132	3079	66	187	0	3464
7986	3177	79	78	125	0	3459
7987	161	56	3176	127	0	3520
7988	127	31	3126	124	0	3408
7989	112	3099	129	106	0	3446
7990	3090	62	73	124	0	3349
7991	131	37	50	3112	0	3330
7992	94	42	72	3106	0	3314
7993	3104	44	63	136	0	3347
7994	134	38	3042	116	0	3330
7995	127	47	93	3137	0	3404
7996	141	42	3294	96	0	3573
7997	119	46	86	3288	0	3539
7998	107	3356	72	112	0	3647
7999	122	66	64	3488	0	3740
8000	122	49	3389	124	0	3684
8001	3393	42	73	89	0	3597
8002	163	44	52	3499	0	3758
8003	120	52	3512	109	0	3793
8004	98	50	89	3483	0	3720
8005	123	47	41	3543	0	3754
8006	111	40	3484	102	0	3737
8007	109	52	3411	70	0	3642
8008	106	37	96	3572	0	3811
8009	96	39	3581	110	0	3826
8010	3520	43	84	98	0	3745
8011	114	41	72	3637	0	3864
8012	3648	31	46	117	0	3842
8013	107	47	3605	68	0	3827
8014	93	45	76	3672	0	3886
8015	81	40	3909	90	0	4120
8016	71	3851	89	62	0	4073
8017	69	86	3900	57	0	4112
8018	70	51	3720	73	0	3914
8019	3674	49	74	75	0	3872
8020	3836	66	39	61	0	4002
8021	116	32	3934	65	0	4147
8022	65	32	82	3773	0	3952
8023	51	52	44	3922	0	4069
8024	46	35	4043	104	0	4228
8025	54	3916	79	56	0	4105
8026	3857	84	51	47	0	4039
8027	100	48	4036	49	0	4233
8028	77	27	80	4029	0	4213
8029	47	38	47	4140	0	4272
8030	4202	32	36	106	0	4376
8031	4217	33	51	70	0	4371
8032	4225	42	40	67	0	4374
8033	4232	33	41	65	0	4371
8034	81	23	52	4243	0	4399
8035	42	33	4432	92	0	4599
8036	38	36	72	4470	0	4616
8037	44	22	50	4526	0	4642
8038	53	27	29	4724	0	4833
8039	49	26	4621	114	0	4810
8040	4404	23	81	84	0	4592
8041	97	16	54	4699	0	4866
8042	58	24	4860	113	0	5055
8043	37	4953	98	83	0	5171
8044	48	76	47	5094	0	5265
8045	49	50	31	5157	0	5287
8046	5098	28	30	130	0	5286
8047	105	5174	46	60	0	5385
8048	52	90	5204	49	0	5395
8049	42	36	86	5159	0	5323
8050	36	21	56	5254	0	5367
8051	5162	23	35	142	0	5362
8052	5166	17	27	91	0	5301
8053	130	18	37	5266	0	5451
8054	5261	24	42	122	0	5449
8055	94	5284	36	70	0	5484
8056	51	83	5567	70	0	5771
8057	54	39	95	5587	0	5775
8058	58	24	43	5762	0	5887
8059	40	18	37	5788	0	5883
8060	42	16	33	5701	0	5792
8061	35	5673	30	132	0	5870
8062	5630	94	39	74	0	5837
8063	103	38	30	5694	0	5865
8064	60	5889	29	123	0	6101
8065	6030	86	31	88	0	6235
8066	6054	45	24	69	0	6192
8067	118	6113	25	62	0	6318
8068	66	88	31	6275	0	6460
8069	44	39	26	6393	0	6502
8070	59	20	27	6280	0	6386
8071	37	21	26	6391	0	6475
8072	6456	19	30	168	0	6673
8073	6607	29	20	86	0	6742
8074	158	6583	30	64	0	6835
8075	62	135	6614	61	0	6872
8076	54	48	140	6648	0	6890
8077	6753	31	54	178	0	7016
8078	162	6557	33	101	0	6853
8079	66	6694	29	66	0	6855
8080	6818	163	30	54	0	7065
8081	6984	57	30	60	0	7131
8082	213	24	34	6848	0	7119
8083	73	37	6999	192	0	7301
8084	77	37	6996	90	0	7200
8085	7314	32	190	84	0	7620
8086	7745	26	67	65	0	7903
8087	7761	24	42	58	0	7885
8088	7740	23	29	57	0	7849
8089	7700	30	36	60	0	7826
8090	207	7701	49	49	0	8006
8091	100	156	31	7733	0	8020
8092	65	8002	29	165	0	8261
8093	8156	146	31	90	0	8423
8094	8118	57	31	75	0	8281
8095	8090	22	32	70	0	8214
8096	8081	27	34	59	0	8201
8097	200	7875	33	58	0	8166
8098	7948	149	32	68	0	8197
8099	191	7881	35	54	0	8161
8100	107	146	27	7966	0	8246
8101	7975	48	30	190	0	8243
8102	188	35	8062	80	0	8365
8103	115	30	148	7883	0	8176
8104	82	28	54	8222	0	8386
8105	72	30	8201	193	0	8496
8106	60	8166	149	90	0	8465
8107	8235	140	67	79	0	8521
8108	8235	59	36	76	0	8406
8109	208	8115	41	62	0	8426
8110	118	139	32	8208	0	8497
8111	62	72	8339	181	0	8654
8112	60	8607	150	99	0	8916
8113	8572	150	58	95	0	8875
8114	186	70	8592	50	0	8898
8115	7932	49	150	76	0	8207
8116	8469	34	63	78	0	8644
8117	220	33	8659	57	0	8969
8118	95	8654	149	65	0	8963
8119	103	143	64	8513	0	8823
8120	83	71	8826	154	0	9134
8121	8303	49	143	103	0	8598
8122	8742	43	58	83	0	8926
8123	189	8718	47	66	0	9020
8124	104	146	37	8816	0	9103
8125	87	66	38	9026	0	9217
8126	78	51	8912	192	0	9233
8127	75	9011	137	83	0	9306
8128	9325	146	56	99	0	9626
8129	9449	58	34	101	0	9642
8130	9493	44	25	93	0	9655
8131	225	43	9315	59	0	9642
8132	9131	45	143	88	0	9407
8133	9559	39	64	83	0	9745
8134	212	48	45	9509	0	9814
8135	122	42	9293	168	0	9625
8136	106	40	132	9186	0	9464
8137	91	51	9367	169	0	9678
8138	95	47	121	9178	0	9441
8139	79	9223	64	151	0	9517
8140	86	9606	40	79	0	9811
8141	77	166	29	9717	0	9989
8142	97	62	43	9323	0	9525
8143	9405	36	28	201	0	9670
8144	164	43	9308	78	0	9593
8145	8999	40	114	93	0	9246
8146	163	9448	59	63	0	9733
8147	9517	141	39	83	0	9780
8148	9544	64	27	115	0	9750
8149	184	49	32	9500	0	9765
8150	110	38	9719	146	0	10013
8151	94	44	117	9737	0	9992
8152	93	10054	51	137	0	10335
8153	93	145	38	10165	0	10441
8154	77	75	38	10287	0	10477
8155	10127	49	36	202	0	10414
8156	196	40	30	9854	0	10120
8157	115	9692	30	162	0	9999
8158	80	155	30	9919	0	10184
8159	9936	74	31	197	0	10238
8160	179	9966	37	79	0	10261
8161	115	150	32	10214	0	10511
8162	91	75	34	10312	0	10512
8163	106	51	29	10531	0	10717
8164	117	43	34	10318	0	10512
8165	10460	47	24	263	0	10794
8166	236	51	35	10618	0	10940
8167	133	49	35	10852	0	11069
8168	126	47	29	11029	0	11231
8169	84	11068	38	302	0	11492
8170	10995	237	34	172	0	11438
8171	299	116	11080	88	0	11583
8172	143	11106	219	76	0	11544
8173	10821	219	95	100	0	11235
8174	262	110	11031	79	0	11482
8175	134	10997	210	75	0	11416
8176	147	248	86	10714	0	11195
8177	91	11077	78	195	0	11441
8178	104	240	10881	94	0	11319
8179	110	104	10911	76	0	11201
8180	86	10960	244	75	0	11365
8181	10912	198	115	90	0	11315
8182	10876	104	75	102	0	11157
8183	248	91	10461	70	0	10870
8184	148	66	9837	63	0	10114
8185	120	60	10159	50	0	10389
8186	112	69	261	9882	0	10324
8187	138	46	119	9862	0	10165
8188	109	65	83	10265	0	10522
8189	73	71	10381	273	0	10798
8190	109	43	209	9907	0	10268
8191	93	61	100	10276	0	10530
8192	77	66	10080	274	0	10497
8193	9587	47	217	181	0	10032
8194	255	56	111	10335	0	10757
8195	164	44	89	10292	0	10589
8196	107	10398	80	301	0	10886
8197	10402	227	77	187	0	10893
8198	254	107	10365	133	0	10859
8199	10160	90	226	137	0	10613
8200	307	59	115	10380	0	10861
8201	151	52	10463	261	0	10927
8202	135	58	260	10259	0	10712
8203	10289	61	128	331	0	10809
8204	265	61	10231	162	0	10719
8205	9977	61	260	160	0	10458
8206	10266	42	139	128	0	10575
8207	10319	42	121	125	0	10607
8208	356	10062	89	114	0	10621
8209	193	241	79	10345	0	10858
8210	10544	103	74	304	0	11025
8211	10491	94	74	184	0	10843
8212	10564	46	75	166	0	10851
8213	414	47	10196	107	0	10764
8214	10570	45	278	114	0	11007
8215	406	44	142	11130	0	11722
8216	192	49	11170	359	0	11770
8217	168	50	347	11514	0	12079
8218	157	42	149	11759	0	12107
8219	120	59	11732	513	0	12424
8220	146	46	403	11930	0	12525
8221	143	42	185	12495	0	12865
8222	103	50	13861	613	0	14627
8223	14390	46	527	341	0	15304
8224	15955	33	292	266	0	16546
8225	879	41	192	16291	0	17403
8226	432	48	16187	732	0	17399
8227	369	43	681	15896	0	16989
8228	253	15721	354	821	0	17149
8229	269	599	225	15970	0	17063
8230	211	283	189	16565	0	17248
8231	15879	169	161	1126	0	17335
8232	16054	145	137	661	0	16997
8233	16631	97	125	481	0	17334
8234	1125	89	116	16055	0	17385
8235	671	78	122	16542	0	17413
8236	431	83	15712	1098	0	17324
8237	423	80	681	15469	0	16653
8238	286	15498	365	1019	0	17168
8239	15647	632	230	653	0	17162
8240	803	15494	201	467	0	16965
8241	15645	769	170	418	0	17002
8242	948	397	177	14711	0	16233
8243	534	15147	144	871	0	16696
8244	15261	774	151	541	0	16727
8245	15715	424	134	425	0	16698
8246	1147	288	130	15004	0	16569
8247	659	14935	131	932	0	16657
8248	534	740	131	15261	0	16666
8249	384	426	14850	1006	0	16666
8250	14481	272	701	659	0	16113
8251	880	14674	385	504	0	16443
8252	14674	792	257	444	0	16167
8253	1039	426	203	14519	0	16187
8254	14920	290	189	950	0	16349
8255	1056	253	14570	605	0	16484
8256	15211	208	750	482	0	16651
8257	15509	178	414	465	0	16566
8258	1310	171	14892	415	0	16788
8259	872	163	839	14784	0	16658
8260	650	170	459	15344	0	16623
8261	14769	162	326	1238	0	16495
8262	1053	14371	287	770	0	16481
8263	732	781	249	14379	0	16141
8264	541	421	13987	1047	0	15996
8265	490	275	13990	729	0	15484
8266	441	13542	960	552	0	15495
8267	452	737	13596	488	0	15273
8268	13004	468	885	498	0	14855
8269	910	288	562	12790	0	14550
8270	13205	234	394	889	0	14722
8271	975	246	12872	600	0	14693
8272	685	214	826	12904	0	14629
8273	535	212	504	13423	0	14674
8274	474	223	12702	1144	0	14543
8275	475	185	858	12965	0	14483
8276	12508	213	522	1082	0	14325
8277	13123	194	369	753	0	14439
8278	1157	183	338	12807	0	14485
8279	12782	193	329	1064	0	14368
8280	13086	150	301	724	0	14261
8281	1283	12139	280	601	0	14303
8282	900	656	252	12537	0	14345
8283	12720	377	260	1023	0	14380
8284	1169	240	265	12773	0	14447
8285	12665	231	280	1127	0	14303
8286	1125	221	262	12605	0	14213
8287	808	229	12155	1152	0	14344
8288	642	12052	758	825	0	14277
8289	682	709	462	10789	0	12642
8290	595	12078	343	1015	0	14031
8291	11948	775	328	782	0	13833
8292	1056	11706	300	591	0	13653
8293	732	11884	284	568	0	13468
8294	617	1008	288	11531	0	13444
8295	11534	568	270	1050	0	13422
8296	1009	439	273	11663	0	13384
8297	11602	395	279	1061	0	13337
8298	11673	356	248	837	0	13114
8299	1247	11273	233	657	0	13410
8300	11831	776	258	612	0	13477
8301	12038	504	265	543	0	13350
8302	12190	390	262	513	0	13355
8303	1460	342	10949	471	0	13222
8304	1049	307	724	11077	0	13157
8305	850	283	446	11649	0	13228
8306	784	254	10749	1200	0	12987
8307	11328	246	769	815	0	13158
8308	11797	238	492	698	0	13225
8309	11854	235	384	658	0	13131
8310	11599	214	358	601	0	12772
8311	1474	10448	278	611	0	12811
8312	11078	669	303	563	0	12613
8313	1381	431	290	10475	0	12577
8314	1030	327	9384	968	0	11709
8315	9819	288	651	692	0	11450
8316	1161	9452	443	585	0	11641
8317	9214	615	312	605	0	10746
8318	1023	8591	329	528	0	10471
8319	809	8288	300	510	0	9907
8320	635	8176	253	552	0	9616
8321	690	8122	242	508	0	9562
8322	563	673	6199	431	0	7866
8323	598	515	443	4969	0	6525
8324	497	298	4233	529	0	5557
8325	3529	225	327	495	0	4576
8326	449	3344	304	405	0	4502
8327	405	3372	205	417	0	4399
8328	412	371	150	3378	0	4311
8329	397	263	164	3489	0	4313
8330	429	219	3163	493	0	4304
8331	507	208	3162	334	0	4211
8332	501	200	245	3283	0	4229
8333	471	210	3171	404	0	4256
8334	411	3132	243	412	0	4198
8335	352	270	217	3280	0	4119
8336	405	213	232	3433	0	4283
8337	352	242	3217	441	0	4252
8338	420	277	209	3288	0	4194
8339	3483	222	181	355	0	4241
8340	493	268	174	3303	0	4238
8341	453	236	151	3346	0	4186
8342	349	233	3151	450	0	4183
8343	3217	262	209	328	0	4016
8344	490	3216	187	293	0	4186
8345	489	230	177	3304	0	4200
8346	363	223	3202	406	0	4194
8347	363	255	242	3291	0	4151
8348	3347	187	203	407	0	4144
8349	432	170	3292	303	0	4197
8350	439	198	249	3277	0	4163
8351	379	243	3285	307	0	4214
8352	434	3261	215	283	0	4193
8353	362	232	3222	337	0	4153
8354	406	3121	259	272	0	4058
8355	322	201	2989	246	0	3758
8356	392	185	236	2654	0	3467
8357	360	2618	199	270	0	3447
8358	2761	197	220	255	0	3433
8359	332	145	130	2822	0	3429
8360	2855	136	129	355	0	3475
8361	428	155	127	2843	0	3553
8362	286	232	135	2929	0	3582
8363	2920	170	161	346	0	3597
8364	2963	125	228	264	0	3580
8365	320	149	227	3050	0	3746
8366	288	196	3093	258	0	3835
8367	306	3088	239	182	0	3815
8368	339	181	3061	222	0	3803
8369	287	3148	158	258	0	3851
8370	3288	201	120	194	0	3803
8371	303	150	3063	217	0	3733
8372	245	163	3014	243	0	3665
8373	265	123	163	3064	0	3615
8374	3121	151	164	239	0	3675
8375	314	128	3050	256	0	3748
8376	349	3275	109	177	0	3910
8377	3514	172	78	185	0	3949
8378	3500	157	89	222	0	3968
8379	3593	161	68	143	0	3965
8380	3585	161	66	166	0	3978
8381	3518	234	80	134	0	3966
8382	286	142	3314	215	0	3957
8383	293	150	124	3256	0	3823
8384	221	3249	86	254	0	3810
8385	3468	159	99	169	0	3895
8386	230	3392	93	199	0	3914
8387	3269	166	144	125	0	3704
8388	3237	211	71	108	0	3627
8389	233	3175	48	142	0	3598
8390	3307	215	61	97	0	3680
8391	301	154	50	3167	0	3672
8392	215	173	55	3240	0	3683
8393	181	166	3156	146	0	3649
8394	191	3263	105	169	0	3728
8395	227	123	62	3325	0	3737
8396	200	94	75	3369	0	3738
8397	246	93	67	3303	0	3709
8398	222	110	3196	112	0	3640
8399	3132	138	98	86	0	3454
8400	264	94	68	3241	0	3667
8401	3400	85	80	106	0	3671
8402	236	82	73	3301	0	3692
8403	144	63	3400	137	0	3744
8404	105	77	3298	157	0	3637
8405	3262	71	126	132	0	3591
8406	3463	80	103	77	0	3723
8407	233	3335	54	51	0	3673
8408	192	113	3279	54	0	3638
8409	168	98	77	3231	0	3574
8410	173	104	71	2583	0	2931
8411	3432	133	41	102	0	3708
8412	3472	82	59	87	0	3700
8413	3442	69	64	102	0	3677
8414	101	69	3404	62	0	3636
8415	3456	76	84	47	0	3663
8416	98	112	59	3432	0	3701
8417	91	79	39	3437	0	3646
8418	51	102	34	3458	0	3645
8419	25	3445	46	88	0	3604
8420	3338	92	46	76	0	3552
8421	72	57	49	3358	0	3536
8422	55	28	3351	83	0	3517
8423	42	24	84	3306	0	3456
8424	44	3305	56	76	0	3481
8425	3379	55	29	65	0	3528
8426	63	42	40	3373	0	3518
8427	61	33	30	3338	0	3462
8428	44	26	3344	92	0	3506
8429	42	16	69	3306	0	3433
8430	45	3336	56	75	0	3512
8431	33	62	40	3442	0	3577
8432	38	35	3412	85	0	3570
8433	3141	23	76	64	0	3304
8434	3389	43	34	48	0	3514
8435	82	3425	39	46	0	3592
8436	3364	63	32	63	0	3522
8437	3506	29	38	40	0	3613
8438	93	3441	26	52	0	3612
8439	53	70	29	3548	0	3700
8440	3671	19	31	92	0	3813
8441	73	3769	28	61	0	3931
8442	47	70	3817	33	0	3967
8443	3760	36	80	57	0	3933
8444	3949	33	37	42	0	4061
8445	3961	22	31	58	0	4072
8446	3946	22	38	45	0	4051
8447	93	4081	32	39	0	4245
8448	4174	59	27	43	0	4303
8449	4228	32	29	36	0	4325
8450	4292	26	30	41	0	4389
8451	105	25	36	4292	0	4458
8452	4355	27	23	86	0	4491
8453	102	4560	27	41	0	4730
8454	60	92	4743	35	0	4930
8455	59	34	89	4933	0	5115
8456	5035	22	52	112	0	5221
8457	131	25	5044	50	0	5250
8458	85	22	101	5081	0	5289
8459	68	23	5107	113	0	5311
8460	51	5039	110	73	0	5273
8461	61	93	60	4967	0	5181
8462	43	55	5025	120	0	5243
8463	49	4992	112	60	0	5213
8464	77	107	44	4985	0	5213
8465	4947	46	51	122	0	5166
8466	4950	33	40	73	0	5096
8467	4986	29	35	56	0	5106
8468	4962	25	36	51	0	5074
8469	4983	28	28	39	0	5078
8470	162	26	4886	39	0	5113
8471	4905	21	101	40	0	5067
8472	5093	19	60	39	0	5211
8473	166	19	40	4995	0	5220
8474	5058	16	33	122	0	5229
8475	4976	31	20	65	0	5092
8476	152	4847	28	51	0	5078
8477	93	106	29	4877	0	5105
8478	92	43	24	4951	0	5110
8479	4895	28	25	147	0	5095
8480	147	4763	27	74	0	5011
8481	80	4937	30	58	0	5105
8482	80	133	29	4972	0	5214
8483	81	64	24	5074	0	5243
8484	64	46	27	5014	0	5151
8485	67	32	18	5139	0	5256
8486	4997	21	27	194	0	5239
8487	5019	30	20	95	0	5164
8488	166	25	5025	61	0	5277
8489	103	34	101	4964	0	5202
8490	84	28	54	5114	0	5280
8491	56	28	5017	172	0	5273
8492	4823	20	112	103	0	5058
8493	141	4969	48	81	0	5239
8494	4978	119	37	67	0	5201
8495	179	43	28	4986	0	5236
8496	99	42	5048	140	0	5329
8497	84	19	114	5126	0	5343
8498	62	27	5264	164	0	5517
8499	69	5300	136	78	0	5583
8500	5263	129	54	71	0	5517
8501	5335	50	48	67	0	5500
8502	177	5264	36	60	0	5537
8503	112	125	29	5248	0	5514
8504	5178	44	39	159	0	5420
8505	163	5142	32	83	0	5420
8506	94	125	37	5223	0	5479
8507	5262	57	27	158	0	5504
8508	175	41	5177	72	0	5465
8509	5089	30	117	85	0	5321
8510	172	5242	50	65	0	5529
8511	5268	126	38	65	0	5497
8512	5282	64	34	58	0	5438
8513	194	47	5120	64	0	5425
8514	127	33	121	5012	0	5293
8515	107	31	51	5262	0	5451
8516	86	32	5194	177	0	5489
8517	76	38	131	5135	0	5380
8518	110	40	60	4900	0	5110
8519	5279	32	52	190	0	5553
8520	5331	36	39	111	0	5517
8521	202	31	37	5281	0	5551
8522	108	39	5265	153	0	5565
8523	104	42	127	5266	0	5539
8524	83	43	60	5428	0	5614
8525	82	38	5390	190	0	5700
8526	92	30	128	5479	0	5729
8527	5431	27	59	181	0	5698
8528	5462	33	51	107	0	5653
8529	195	5360	53	73	0	5681
8530	5486	135	25	76	0	5722
8531	5540	54	33	86	0	5713
8532	195	5459	43	72	0	5769
8533	5607	133	39	74	0	5853
8534	5670	59	37	82	0	5848
8535	5775	49	43	81	0	5948
8536	226	38	5517	79	0	5860
8537	5573	30	135	88	0	5826
8538	198	41	66	5712	0	6017
8539	5734	34	47	190	0	6005
8540	225	40	5612	80	0	5957
8541	128	5464	141	69	0	5802
8542	5528	146	64	88	0	5826
8543	213	5568	52	67	0	5900
8544	137	148	40	5594	0	5919
8545	123	57	39	5745	0	5964
8546	5694	51	35	224	0	6004
8547	5631	37	38	120	0	5826
8548	240	26	5412	86	0	5764
8549	141	35	5066	73	0	5315
8550	112	35	5234	71	0	5452
8551	97	55	192	5145	0	5489
8552	84	41	5141	182	0	5448
8553	82	45	4914	85	0	5126
8554	101	85	172	4641	0	4999
8555	4835	32	84	187	0	5138
8556	4891	24	54	86	0	5055
8557	4880	34	55	78	0	5047
8558	4898	27	48	75	0	5048
8559	187	24	42	4830	0	5083
8560	98	40	47	4932	0	5117
8561	80	25	5045	154	0	5304
8562	69	28	127	4957	0	5181
8563	102	42	54	4800	0	4998
8564	5208	25	33	169	0	5435
8565	5210	31	43	86	0	5370
8566	196	17	32	5143	0	5388
8567	5203	15	30	175	0	5423
8568	5308	18	37	89	0	5452
8569	201	22	44	5312	0	5579
8570	122	18	39	5352	0	5531
8571	97	21	5179	183	0	5480
8572	90	35	5058	87	0	5270
8573	85	32	155	5239	0	5511
8574	86	35	71	5380	0	5572
8575	75	27	5297	191	0	5590
8576	5039	39	125	122	0	5325
8577	5232	21	59	96	0	5408
8578	196	22	5139	78	0	5435
8579	109	5155	139	65	0	5468
8580	5350	121	61	71	0	5603
8581	165	53	5567	65	0	5850
8582	100	38	142	5522	0	5802
8583	87	18	77	5752	0	5934
8584	5849	16	48	204	0	6117
8585	6108	16	52	117	0	6293
8586	202	22	43	6139	0	6406
8587	109	14	41	6461	0	6625
8588	6406	16	55	188	0	6665
8589	6488	15	53	116	0	6672
8590	6407	22	36	101	0	6566
8591	217	28	6426	65	0	6736
8592	154	22	145	6389	0	6710
8593	105	31	70	6650	0	6856
8594	6637	23	54	219	0	6933
8595	177	6637	40	124	0	6978
8596	7045	131	49	100	0	7325
8597	227	7083	53	85	0	7448
8598	128	179	42	7384	0	7733
8599	101	71	45	7524	0	7741
8600	100	38	7323	249	0	7710
8601	111	30	201	7325	0	7667
8602	90	31	7291	247	0	7659
8603	81	28	220	7350	0	7679
8604	99	24	88	7401	0	7612
8605	74	7029	80	274	0	7457
8606	77	7434	70	137	0	7718
8607	89	217	43	7331	0	7680
8608	92	77	54	7566	0	7789
8609	107	55	46	7661	0	7869
8610	103	42	46	7636	0	7827
8611	105	23	35	7802	0	7965
8612	81	42	7500	323	0	7946
8613	97	29	225	7473	0	7824
8614	64	24	91	7755	0	7934
8615	66	16	7365	350	0	7797
8616	64	7210	237	174	0	7685
8617	91	189	93	7418	0	7791
8618	67	62	7344	296	0	7769
8619	76	7382	237	146	0	7841
8620	86	202	96	7543	0	7927
8621	7668	72	72	304	0	8116
8622	258	55	60	7683	0	8056
8623	129	39	50	7816	0	8034
8624	104	36	63	7920	0	8123
8625	88	23	43	7795	0	7949
8626	68	7316	50	388	0	7822
8627	92	193	64	7715	0	8064
8628	7929	83	51	340	0	8403
8629	250	49	43	8107	0	8449
8630	117	43	59	8108	0	8327
8631	111	47	53	8256	0	8467
8632	7867	36	47	400	0	8350
8633	8004	30	59	213	0	8306
8634	283	40	54	8044	0	8421
8635	7666	29	53	339	0	8087
8636	7889	36	50	197	0	8172
8637	271	7813	52	159	0	8295
8638	7811	200	44	179	0	8234
8639	252	7712	54	133	0	8151
8640	116	7823	63	131	0	8133
8641	92	243	57	7894	0	8286
8642	75	101	7913	298	0	8387
8643	97	70	184	7784	0	8135
8644	85	43	79	7969	0	8176
8645	73	7731	75	324	0	8203
8646	7784	168	57	204	0	8213
8647	234	70	55	7876	0	8235
8648	108	63	8241	285	0	8697
8649	88	64	189	8233	0	8574
8650	84	8251	91	290	0	8716
8651	8347	174	70	197	0	8788
8652	208	78	64	8479	0	8829
8653	100	73	8417	290	0	8880
8654	110	42	168	8450	0	8770
8655	87	8184	77	296	0	8644
8656	94	176	67	8464	0	8801
8657	8519	88	48	323	0	8978
8658	8707	72	60	225	0	9064
8659	8744	54	43	232	0	9073
8660	273	8743	54	194	0	9264
8661	8746	216	63	172	0	9197
8662	272	107	44	8825	0	9248
8663	8701	65	43	363	0	9172
8664	276	8684	48	219	0	9227
8665	154	207	43	8953	0	9357
8666	101	98	8850	345	0	9394
8667	8177	85	214	223	0	8699
8668	243	8795	98	196	0	9332
8669	129	209	81	8870	0	9289
8670	113	106	66	9060	0	9345
8671	98	78	71	8838	0	9085
8672	96	79	70	8630	0	8875
8673	82	8552	52	393	0	9079
8674	8680	203	51	278	0	9212
8675	8754	118	55	198	0	9125
8676	289	108	8756	171	0	9324
8677	195	73	186	8844	0	9298
8678	118	58	8871	332	0	9379
8679	8626	69	213	213	0	9121
8680	8894	72	80	225	0	9271
8681	8585	67	85	200	0	8937
8682	305	62	53	8448	0	8868
8683	162	8242	51	348	0	8803
8684	8418	210	45	231	0	8904
8685	276	109	46	8345	0	8776
8686	8290	99	48	343	0	8780
8687	276	77	7790	233	0	8376
8688	170	82	7591	170	0	8013
8689	7874	72	210	177	0	8333
8690	279	76	98	7901	0	8354
8691	7769	66	78	337	0	8250
8692	259	7717	62	239	0	8277
8693	7838	205	55	212	0	8310
8694	7937	107	48	215	0	8307
8695	281	121	7720	157	0	8279
8696	153	86	6932	154	0	7325
8697	118	7085	188	162	0	7553
8698	95	160	114	7132	0	7501
8699	7057	75	80	300	0	7512
8700	184	60	82	7100	0	7426
8701	129	66	53	7256	0	7504
8702	121	81	6968	250	0	7420
8703	6766	59	127	228	0	7180
8704	194	68	70	7244	0	7576
8705	122	91	7012	247	0	7472
8706	115	97	6762	166	0	7140
8707	106	78	155	7065	0	7404
8708	97	58	7015	250	0	7420
8709	104	68	6912	171	0	7255
8710	107	59	156	6623	0	6945
8711	104	61	7197	228	0	7590
8712	96	63	140	7061	0	7360
8713	103	6822	78	233	0	7236
8714	7304	136	58	194	0	7692
8715	175	7337	66	129	0	7707
8716	140	159	47	7421	0	7767
8717	88	7536	64	202	0	7890
8718	103	137	7725	154	0	8119
8719	126	113	161	8837	0	9237
8720	94	73	10449	369	0	10985
8721	10274	57	341	219	0	10891
8722	403	11185	137	172	0	11897
8723	11391	365	78	177	0	12011
8724	459	154	58	11261	0	11932
8725	11380	106	58	486	0	12030
8726	490	101	11165	207	0	11963
8727	243	11259	380	174	0	12056
8728	11131	384	152	160	0	11827
8729	500	158	117	10612	0	11387
8730	228	11125	95	428	0	11876
8731	223	412	80	11276	0	11991
8732	11351	167	58	543	0	12119
8733	497	12179	62	225	0	12963
8734	12186	491	69	198	0	12944
8735	592	254	11942	118	0	12906
8736	11981	149	449	135	0	12714
8737	642	121	162	11967	0	12892
8738	11925	100	137	554	0	12716
8739	553	11821	107	252	0	12733
8740	316	492	89	11912	0	12809
8741	259	181	75	12371	0	12886
8742	191	152	11641	643	0	12627
8743	213	130	464	11522	0	12329
8744	217	87	181	11998	0	12483
8745	201	118	127	12056	0	12502
8746	193	81	111	12159	0	12544
8747	152	91	11674	745	0	12662
8748	145	11191	515	352	0	12203
8749	196	481	201	11389	0	12267
8750	11095	201	131	649	0	12076
8751	11437	151	111	329	0	12028
8752	640	11336	105	253	0	12334
8753	11379	512	87	274	0	12252
8754	11555	208	92	245	0	12100
8755	11567	163	102	213	0	12045
8756	765	11129	107	196	0	12197
8757	11094	503	94	199	0	11890
8758	726	229	84	10612	0	11651
8759	356	177	10441	561	0	11535
8760	241	10488	472	298	0	11499
8761	262	506	193	10536	0	11497
8762	225	213	10329	580	0	11347
8763	10325	162	461	293	0	11241
8764	596	154	200	10367	0	11317
8765	321	122	159	10629	0	11231
8766	274	128	122	10636	0	11160
8767	263	116	110	10670	0	11159
8768	205	122	10026	731	0	11084
8769	9472	135	459	421	0	10487
8770	566	9954	218	312	0	11050
8771	10065	464	168	284	0	10981
8772	598	10097	147	220	0	11062
8773	10239	539	113	234	0	11125
8774	676	223	99	10119	0	11117
8775	353	166	9966	572	0	11057
8776	274	135	10141	323	0	10873
8777	266	132	577	9930	0	10905
8778	253	140	261	10152	0	10806
8779	242	131	180	10378	0	10931
8780	9863	121	152	767	0	10903
8781	594	139	9748	398	0	10879
8782	335	183	495	9257	0	10270
8783	279	9700	226	596	0	10801
8784	9784	511	181	336	0	10812
8785	634	231	9644	282	0	10791
8786	327	9612	528	273	0	10740
8787	289	494	9784	263	0	10830
8788	259	236	572	9778	0	10845
8789	236	201	9751	608	0	10796
8790	241	184	9946	357	0	10728
8791	240	152	614	9871	0	10877
8792	222	167	9790	649	0	10828
8793	251	159	9963	346	0	10719
8794	252	119	660	9651	0	10682
8795	9545	143	320	691	0	10699
8796	585	145	9578	375	0	10683
8797	327	155	585	9437	0	10504
8798	254	150	313	9839	0	10556
8799	9414	147	250	775	0	10586
8800	606	125	213	9640	0	10584
8801	9377	162	217	738	0	10494
8802	655	9206	216	439	0	10516
8803	354	506	192	9673	0	10725
8804	9609	237	206	701	0	10753
8805	9900	180	227	426	0	10733
8806	749	163	209	9728	0	10849
8807	388	181	9444	749	0	10762
8808	9334	148	552	442	0	10476
8809	638	9476	314	379	0	10807
8810	9119	527	247	395	0	10288
8811	9647	259	232	382	0	10520
8812	9782	202	225	350	0	10559
8813	845	181	9177	317	0	10520
8814	499	9134	539	324	0	10496
8815	393	546	290	9166	0	10395
8816	366	316	227	9458	0	10367
8817	351	210	8963	773	0	10297
8818	295	8408	580	485	0	9768
8819	315	7381	261	405	0	8362
8820	275	6056	222	306	0	6859
8821	5530	359	292	287	0	6468
8822	386	266	180	5038	0	5870
8823	341	189	150	5080	0	5760
8824	270	187	4831	433	0	5721
8825	4796	150	229	339	0	5514
8826	337	151	253	4930	0	5671
8827	308	194	194	4984	0	5680
8828	281	156	4728	446	0	5611
8829	256	4703	263	372	0	5594
8830	265	287	197	4847	0	5596
8831	263	167	4722	430	0	5582
8832	274	4339	245	312	0	5170
8833	3895	232	189	271	0	4587
8834	301	162	3828	281	0	4572
8835	242	134	215	3840	0	4431
8836	248	3755	176	344	0	4523
8837	3850	165	145	350	0	4510
8838	263	121	194	3944	0	4522
8839	3895	179	153	313	0	4540
8840	3881	135	147	347	0	4510
8841	245	3828	150	317	0	4540
8842	3990	175	171	253	0	4589
8843	4113	132	178	297	0	4720
8844	255	145	4135	267	0	4802
8845	4137	124	173	263	0	4697
8846	264	143	4123	235	0	4765
8847	4111	125	218	218	0	4672
8848	4169	173	141	231	0	4714
8849	253	113	4103	246	0	4715
8850	262	112	186	4131	0	4691
8851	254	131	4139	211	0	4735
8852	192	162	3842	230	0	4426
8853	215	115	4153	220	0	4703
8854	250	124	171	4157	0	4702
8855	214	95	190	4459	0	4958
8856	139	146	147	4527	0	4959
8857	190	93	172	4603	0	5058
8858	165	90	4675	296	0	5226
8859	150	90	225	4657	0	5122
8860	155	4500	159	272	0	5086
8861	166	139	4864	250	0	5419
8862	173	104	225	4839	0	5341
8863	199	93	5016	254	0	5562
8864	148	4841	221	229	0	5439
8865	162	4989	152	260	0	5563
8866	141	168	171	5078	0	5558
8867	168	108	5037	257	0	5570
8868	122	123	4962	245	0	5452
8869	204	97	221	5034	0	5556
8870	149	121	187	4994	0	5451
8871	179	92	163	5145	0	5579
8872	124	136	5109	248	0	5617
8873	168	4980	200	235	0	5583
8874	121	5198	175	227	0	5721
8875	158	148	203	5252	0	5761
8876	132	122	5233	229	0	5716
8877	103	116	5150	230	0	5599
8878	123	5358	235	209	0	5925
8879	5416	152	191	217	0	5976
8880	226	5511	145	172	0	6054
8881	140	160	5771	129	0	6200
8882	5647	127	223	177	0	6174
8883	199	128	204	5927	0	6458
8884	6122	95	162	248	0	6627
8885	224	68	173	6179	0	6644
8886	199	99	134	6256	0	6688
8887	6246	75	182	312	0	6815
8888	215	6350	137	248	0	6950
8889	166	177	6350	176	0	6869
8890	150	6383	243	157	0	6933
8891	6435	188	155	200	0	6978
8892	238	6461	146	148	0	6993
8893	6510	216	114	147	0	6987
8894	6525	153	89	188	0	6955
8895	352	6462	88	129	0	7031
8896	209	205	101	6505	0	7020
8897	6498	120	71	297	0	6986
8898	6528	109	100	211	0	6948
8899	352	88	74	6388	0	6902
8900	205	113	6245	253	0	6816
8901	186	104	6226	145	0	6661
8902	158	99	237	6390	0	6884
8903	134	103	6335	221	0	6793
8904	6046	81	210	152	0	6489
8905	249	6196	135	103	0	6683
8906	176	197	85	6333	0	6791
8907	129	120	90	6445	0	6784
8908	130	104	84	6373	0	6691
8909	97	117	88	6296	0	6598
8910	98	112	50	6419	0	6679
8911	82	84	6239	257	0	6662
8912	85	6223	178	160	0	6646
8913	6266	180	143	111	0	6700
8914	178	135	69	6218	0	6600
8915	96	82	67	6294	0	6539
8916	63	67	52	6351	0	6533
8917	61	6178	68	271	0	6578
8918	64	181	54	6384	0	6683
8919	51	116	54	6463	0	6684
8920	6201	64	62	273	0	6600
8921	186	6005	41	163	0	6395
8922	96	6166	58	119	0	6439
8923	63	222	50	6242	0	6577
8924	6176	101	54	230	0	6561
8925	183	72	6190	133	0	6578
8926	5888	53	166	146	0	6253
8927	190	46	6398	103	0	6737
8928	118	52	187	6380	0	6737
8929	82	60	86	6530	0	6758
8930	55	58	57	6497	0	6667
8931	57	56	54	6483	0	6650
8932	82	46	47	6300	0	6475
8933	6300	45	49	271	0	6665
8934	191	36	6194	147	0	6568
8935	109	48	169	6333	0	6659
8936	68	51	6562	214	0	6895
8937	57	6513	185	152	0	6907
8938	6471	169	105	120	0	6865
8939	183	86	6738	99	0	7106
8940	115	60	182	6792	0	7149
8941	69	45	106	7036	0	7256
8942	56	42	7000	301	0	7399
8943	58	41	6962	161	0	7222
8944	88	46	259	6509	0	6902
8945	6935	53	123	267	0	7378
8946	7038	47	75	180	0	7340
8947	271	6903	72	116	0	7362
8948	7107	201	63	110	0	7481
8949	251	105	62	6847	0	7265
8950	109	7127	69	260	0	7565
8951	85	209	57	7306	0	7657
8952	60	106	7393	262	0	7821
8953	62	74	214	7146	0	7496
8954	95	44	124	7376	0	7639
8955	7124	60	67	334	0	7585
8956	209	7067	68	188	0	7532
8957	7023	190	74	143	0	7430
8958	217	6951	66	117	0	7351
8959	6702	215	54	127	0	7098
8960	202	6628	63	130	0	7023
8961	107	6680	88	105	0	6980
8962	6648	218	78	124	0	7068
8963	211	110	77	6472	0	6870
8964	116	6581	66	205	0	6968
8965	6708	194	57	153	0	7112
8966	6781	96	67	128	0	7072
8967	6901	83	57	131	0	7172
8968	6853	65	61	118	0	7097
8969	249	6782	57	113	0	7201
8970	130	174	61	6976	0	7341
8971	90	98	63	7124	0	7375
8972	7055	87	63	273	0	7478
8973	231	68	52	7006	0	7357
8974	6914	81	55	248	0	7298
8975	215	80	6717	148	0	7160
8976	6559	72	172	138	0	6941
8977	231	81	6727	98	0	7137
8978	135	112	165	6601	0	7013
8979	6663	67	74	246	0	7050
8980	208	6524	62	150	0	6944
8981	6389	170	47	143	0	6749
8982	192	6218	55	130	0	6595
8983	132	149	58	6600	0	6939
8984	125	83	6281	197	0	6686
8985	5789	89	125	172	0	6175
8986	157	6206	82	128	0	6573
8987	124	143	59	6270	0	6596
8988	112	100	47	6190	0	6449
8989	104	67	62	6135	0	6368
8990	91	75	6083	202	0	6451
8991	102	6024	115	136	0	6377
8992	6041	132	61	145	0	6379
8993	6096	80	55	144	0	6375
8994	157	6020	56	121	0	6354
8995	6190	121	43	144	0	6498
8996	142	73	51	6239	0	6505
8997	110	6063	68	174	0	6415
8998	6135	102	57	147	0	6441
8999	135	88	5960	126	0	6309
9000	96	6027	115	123	0	6361
9001	95	112	68	6176	0	6451
9002	90	70	57	6297	0	6514
9003	86	55	6066	194	0	6401
9004	89	60	91	5973	0	6213
9005	74	67	6016	196	0	6353
9006	98	49	101	5971	0	6219
9007	91	61	74	6082	0	6308
9008	87	68	59	6075	0	6289
9009	104	51	50	6095	0	6300
9010	89	67	6026	194	0	6376
9011	99	77	6185	127	0	6488
9012	79	7032	160	121	0	7392
9013	104	188	82	7485	0	7859
9014	88	106	7739	266	0	8199
9015	78	7715	206	168	0	8167
9016	96	215	102	8032	0	8445
9017	92	121	8207	264	0	8684
9018	7794	80	228	205	0	8307
9019	8722	67	101	151	0	9041
9020	372	62	63	8647	0	9144
9021	162	85	8605	303	0	9155
9022	136	62	279	8569	0	9046
9023	8683	59	116	374	0	9232
9024	302	8788	102	176	0	9368
9025	9042	268	75	163	0	9548
9026	9224	120	62	146	0	9552
9027	391	87	65	8803	0	9346
9028	219	59	65	8971	0	9314
9029	142	76	66	9120	0	9404
9030	128	64	65	9075	0	9332
9031	133	71	66	9045	0	9315
9032	8869	77	55	424	0	9425
9033	9032	79	66	236	0	9413
9034	9043	69	60	186	0	9358
9035	416	78	8433	146	0	9073
9036	8469	69	261	142	0	8941
9037	387	80	117	8467	0	9051
9038	200	76	8377	342	0	8995
9039	153	8209	282	209	0	8853
9040	129	273	144	8191	0	8737
9041	136	137	74	8341	0	8688
9042	131	8233	79	364	0	8807
9043	149	273	71	8515	0	9008
9044	138	156	8312	353	0	8959
9045	164	103	8541	194	0	9002
9046	128	89	370	8601	0	9188
9047	8493	96	164	396	0	9149
9048	8613	63	86	251	0	9013
9049	415	88	8404	167	0	9074
9050	220	7904	285	165	0	8574
9051	152	8317	152	168	0	8789
9052	7887	344	117	173	0	8521
9053	369	171	7921	149	0	8610
9054	242	109	290	7900	0	8541
9055	7950	86	148	382	0	8566
9056	390	7635	108	215	0	8348
9057	229	8066	88	160	0	8543
9058	7904	388	75	161	0	8528
9059	405	166	66	8030	0	8667
9060	8387	113	90	397	0	8987
9061	426	86	77	9214	0	9803
9062	265	83	79	9532	0	9959
9063	192	85	9292	578	0	10147
9064	198	90	402	9668	0	10358
9065	175	86	199	9986	0	10446
9066	9737	75	121	643	0	10576
9067	507	78	92	9938	0	10615
9068	267	77	9668	594	0	10606
9069	9559	89	446	335	0	10429
9070	493	69	232	9779	0	10573
9071	9760	71	145	600	0	10576
9072	520	9215	117	354	0	10206
9073	307	9855	104	256	0	10522
9074	9675	531	135	229	0	10570
9075	9969	260	117	209	0	10555
9076	644	155	114	9696	0	10609
9077	366	110	9542	537	0	10555
9078	269	99	447	9797	0	10612
9079	9549	95	244	629	0	10517
9080	529	9497	159	343	0	10528
9081	315	468	108	9675	0	10566
9082	9606	238	100	575	0	10519
9083	557	160	9209	323	0	10249
9084	9337	127	451	314	0	10229
9085	9114	104	226	315	0	9759
9086	652	114	9268	236	0	10270
9087	368	113	9542	236	0	10259
9088	311	100	603	9162	0	10176
9089	253	101	280	9551	0	10185
9090	230	9488	183	665	0	10566
9091	251	457	136	9752	0	10596
9092	199	209	9646	676	0	10730
9093	261	137	511	9889	0	10798
9094	222	107	280	10519	0	11128
9095	209	91	9926	783	0	11009
9096	237	9724	514	437	0	10912
9097	205	469	267	10073	0	11014
9098	199	248	195	10480	0	11122
9099	10055	164	153	790	0	11162
9100	579	107	149	10285	0	11120
9101	326	112	9853	723	0	11014
9102	9756	110	524	470	0	10860
9103	10241	122	271	365	0	10999
9104	10359	126	215	288	0	10988
9105	771	129	9725	305	0	10930
9106	441	104	543	9752	0	10840
9107	349	114	277	10132	0	10872
9108	273	94	229	10368	0	10964
9109	9671	85	198	831	0	10785
9110	612	9531	172	486	0	10801
9111	356	448	9045	382	0	10231
9112	281	8638	494	323	0	9736
9113	218	8396	265	332	0	9211
9114	222	8211	196	336	0	8965
9115	269	539	200	7852	0	8860
9116	219	253	7652	572	0	8696
9117	7008	165	434	382	0	7989
9118	501	7314	266	303	0	8384
9119	7176	347	185	317	0	8025
9120	472	7200	183	291	0	8146
9121	7316	404	159	298	0	8177
9122	477	7347	139	305	0	8268
9123	331	427	7399	280	0	8437
9124	301	269	367	7356	0	8293
9125	291	194	232	7740	0	8457
9126	7525	150	175	613	0	8463
9127	481	135	178	8043	0	8837
9128	318	159	7824	620	0	8921
9129	260	157	426	8096	0	8939
9130	246	157	7932	625	0	8960
9131	224	7802	456	453	0	8935
9132	288	393	268	7598	0	8547
9133	279	7931	197	542	0	8949
9134	7998	458	198	339	0	8993
9135	542	250	209	7989	0	8990
9136	340	186	7901	556	0	8983
9137	269	169	7920	380	0	8738
9138	7706	175	566	344	0	8791
9139	466	184	310	7888	0	8848
9140	309	160	7721	593	0	8783
9141	255	157	7540	417	0	8369
9142	210	7520	532	336	0	8598
9143	223	399	340	7023	0	7985
9144	207	7330	281	479	0	8297
9145	231	428	228	7281	0	8168
9146	7245	233	184	581	0	8243
9147	488	181	196	7392	0	8257
9148	319	164	189	7614	0	8286
9149	7372	158	196	659	0	8385
9150	463	171	157	7888	0	8679
9151	346	196	161	7867	0	8570
9152	297	7814	182	637	0	8930
9153	7966	390	199	431	0	8986
9154	8236	211	176	368	0	8991
9155	604	177	186	8048	0	9015
9156	352	182	178	8245	0	8957
9157	281	153	175	8269	0	8878
9158	262	7481	168	724	0	8635
9159	217	7890	160	531	0	8798
9160	296	445	164	7640	0	8545
9161	6561	211	153	587	0	7512
9162	6528	170	160	413	0	7271
9163	407	6227	190	310	0	7134
9164	5931	309	155	313	0	6708
9165	359	5724	145	317	0	6545
9166	286	5777	175	271	0	6509
9167	255	330	150	5685	0	6420
9168	5514	190	174	424	0	6302
9169	372	5279	158	294	0	6103
9170	231	5525	142	311	0	6209
9171	246	325	139	5488	0	6198
9172	189	246	142	5686	0	6263
9173	179	218	5385	437	0	6219
9174	5340	168	270	303	0	6081
9175	5408	149	180	274	0	6011
9176	357	141	5383	326	0	6207
9177	216	138	5446	296	0	6096
9178	213	131	339	5572	0	6255
9179	237	133	201	5727	0	6298
9180	181	5587	146	448	0	6362
9181	188	286	156	5791	0	6421
9182	194	186	5616	420	0	6416
9183	182	153	318	5720	0	6373
9184	191	159	187	5834	0	6371
9185	5556	156	151	483	0	6346
9186	310	151	5475	345	0	6281
9187	5313	117	330	311	0	6071
9188	315	155	5364	285	0	6119
9189	197	136	288	5348	0	5969
9190	165	173	5145	398	0	5881
9191	175	160	5184	293	0	5812
9192	155	162	343	5092	0	5752
9193	4737	132	236	464	0	5569
9194	4794	148	161	317	0	5420
9195	351	4817	167	228	0	5563
9196	4777	320	122	247	0	5466
9197	4785	173	143	269	0	5370
9198	372	4664	124	244	0	5404
9199	256	262	123	4837	0	5478
9200	181	182	145	4970	0	5478
9201	178	143	163	4962	0	5446
9202	191	166	122	4946	0	5425
9203	187	125	4701	420	0	5433
9204	4603	126	262	289	0	5280
9205	282	141	190	4810	0	5423
9206	191	130	139	4876	0	5336
9207	157	4775	103	429	0	5464
9208	148	280	111	5001	0	5540
9209	154	213	4742	352	0	5461
9210	4657	196	257	249	0	5359
9211	282	155	4897	227	0	5561
9212	173	173	249	4845	0	5440
9213	4865	162	140	351	0	5518
9214	270	4969	123	278	0	5640
9215	184	246	113	5257	0	5800
9216	165	178	5137	352	0	5832
9217	185	135	239	5243	0	5802
9218	5147	141	162	338	0	5788
9219	283	114	5115	273	0	5785
9220	191	122	5042	237	0	5592
9221	150	4962	299	224	0	5635
9222	4817	265	170	218	0	5470
9223	257	4743	154	196	0	5350
9224	158	244	4589	243	0	5234
9225	143	136	4491	216	0	4986
9226	154	4366	273	182	0	4975
9227	3940	212	149	217	0	4518
9228	196	3911	126	199	0	4432
9229	154	189	120	3901	0	4364
9230	117	146	113	3987	0	4363
9231	96	116	3896	296	0	4404
9232	133	90	182	3937	0	4342
9233	108	113	3956	259	0	4436
9234	3829	84	188	209	0	4310
9235	3974	75	139	198	0	4386
9236	4011	83	123	164	0	4381
9237	229	94	3866	162	0	4351
9238	3927	85	179	161	0	4352
9239	203	98	103	3845	0	4249
9240	135	3868	99	244	0	4346
9241	3859	173	95	192	0	4319
9242	194	137	3729	154	0	4214
9243	3784	93	152	174	0	4203
9244	3886	101	92	161	0	4240
9245	244	77	3692	164	0	4177
9246	155	3724	149	141	0	4169
9247	109	167	104	3775	0	4155
9248	125	108	3701	225	0	4159
9249	129	80	3622	163	0	3994
9250	101	124	160	3220	0	3605
9251	111	82	3143	192	0	3528
9252	102	75	128	3075	0	3380
9253	116	71	94	2900	0	3181
9254	113	89	61	3101	0	3364
9255	88	74	3007	203	0	3372
9256	81	74	120	3050	0	3325
9257	99	74	3023	175	0	3371
9258	100	84	111	3066	0	3361
9259	3080	91	99	152	0	3422
9260	151	59	64	3170	0	3444
9261	116	3197	67	162	0	3542
9262	84	134	71	3339	0	3628
9263	3311	87	80	184	0	3662
9264	146	3335	91	126	0	3698
9265	106	139	63	3434	0	3742
9266	3408	101	68	170	0	3747
9267	155	48	3421	132	0	3756
9268	115	56	159	3431	0	3761
9269	62	55	3470	196	0	3783
9270	80	39	3485	127	0	3731
9271	73	50	187	3421	0	3731
9272	3413	31	121	198	0	3763
9273	133	39	3360	124	0	3656
9274	3392	25	161	96	0	3674
9275	151	35	119	3482	0	3787
9276	98	35	3462	174	0	3769
9277	84	25	3437	122	0	3668
9278	60	56	3498	100	0	3714
9279	97	44	162	3257	0	3560
9280	3272	47	137	160	0	3616
9281	136	3252	84	119	0	3591
9282	100	96	85	3266	0	3547
9283	83	61	83	3359	0	3586
9284	3307	42	81	172	0	3602
9285	3341	50	75	113	0	3579
9286	162	3263	83	85	0	3593
9287	3358	110	70	78	0	3616
9288	3352	57	85	94	0	3588
9289	161	49	77	3295	0	3582
9290	90	46	3297	148	0	3581
9291	3270	39	131	113	0	3553
9292	130	47	100	3397	0	3674
9293	101	35	67	3442	0	3645
9294	3382	46	65	165	0	3658
9295	157	40	59	3220	0	3476
9296	104	42	74	3293	0	3513
9297	3217	46	55	184	0	3502
9298	138	3245	60	121	0	3564
9299	3260	98	69	98	0	3525
9300	135	51	3250	96	0	3532
9301	3286	37	143	92	0	3558
9302	153	28	89	3318	0	3588
9303	99	3340	73	138	0	3650
9304	88	104	62	3430	0	3684
9305	89	60	73	3447	0	3669
9306	77	44	65	3481	0	3667
9307	3373	42	72	153	0	3640
9308	130	3236	69	110	0	3545
9309	82	3316	87	67	0	3552
9310	3319	108	78	69	0	3574
9311	123	58	3366	71	0	3618
9312	95	51	3298	67	0	3511
9313	3213	49	135	71	0	3468
9314	119	43	3244	65	0	3471
9315	74	36	113	3103	0	3326
9316	76	36	95	2861	0	3068
9317	65	37	63	3175	0	3340
9318	74	33	68	3118	0	3293
9319	61	2987	68	120	0	3236
9320	58	81	65	3152	0	3356
9321	55	52	3121	112	0	3340
9322	60	40	98	3116	0	3314
9323	49	41	3047	120	0	3257
9324	53	24	3022	87	0	3186
9325	58	26	115	3122	0	3321
9326	60	36	3159	112	0	3367
9327	69	34	87	3135	0	3325
9328	3156	26	60	127	0	3369
9329	103	31	3165	87	0	3386
9330	3085	27	92	86	0	3290
9331	115	25	76	3125	0	3341
9332	69	25	3108	111	0	3313
9333	64	3025	100	77	0	3266
9334	66	60	69	3173	0	3368
9335	74	38	3264	107	0	3483
9336	60	29	106	3263	0	3458
9337	3334	24	74	122	0	3554
9338	3384	20	57	90	0	3551
9339	3453	27	56	74	0	3610
9340	122	33	50	3479	0	3684
9341	82	26	52	3560	0	3720
9342	56	22	68	3622	0	3768
9343	3595	16	51	162	0	3824
9344	107	3644	63	84	0	3898
9345	60	76	57	3770	0	3963
9346	69	49	43	3862	0	4023
9347	3775	31	44	185	0	4035
9348	117	3850	50	111	0	4128
9349	70	94	45	4100	0	4309
9350	4088	47	45	163	0	4343
9351	4133	43	39	121	0	4336
9352	182	25	41	4093	0	4341
9353	4144	27	34	178	0	4383
9354	167	21	41	4176	0	4405
9355	86	38	4121	195	0	4440
9356	94	19	124	4218	0	4455
9357	70	33	74	4294	0	4471
9358	81	23	47	4347	0	4498
9359	4137	27	40	221	0	4425
9360	140	4067	39	140	0	4386
9361	4008	106	33	115	0	4262
9362	143	3904	54	88	0	4189
9363	108	3984	40	71	0	4203
9364	3947	141	36	92	0	4216
9365	133	3932	41	92	0	4198
9366	96	113	54	4000	0	4263
9367	3948	51	40	166	0	4205
9368	3982	38	44	124	0	4188
9369	168	36	45	3974	0	4223
9370	117	32	39	3951	0	4139
9371	77	3940	43	162	0	4222
9372	4060	95	27	133	0	4315
9373	4017	60	39	92	0	4208
9374	159	4081	23	85	0	4348
9375	107	4172	32	78	0	4389
9376	73	138	36	4231	0	4478
9377	4191	70	34	169	0	4464
9378	152	53	33	4192	0	4430
9379	116	44	17	4311	0	4488
9380	93	40	4092	198	0	4423
9381	75	50	4085	119	0	4329
9382	80	37	131	4154	0	4402
9383	76	42	4114	169	0	4401
9384	88	4083	132	103	0	4406
9385	79	143	57	4137	0	4416
9386	77	85	32	4256	0	4450
9387	84	49	33	4280	0	4446
9388	71	40	4129	223	0	4463
9389	62	32	3979	162	0	4235
9390	3980	39	158	115	0	4292
9391	153	4096	79	95	0	4423
9392	4107	116	53	107	0	4383
9393	179	62	37	4113	0	4391
9394	4184	49	29	183	0	4445
9395	177	47	41	4146	0	4411
9396	81	4164	36	196	0	4477
9397	4228	124	38	145	0	4535
9398	149	85	4088	107	0	4429
9399	92	4088	118	92	0	4390
9400	4064	138	68	85	0	4355
9401	168	80	51	3958	0	4257
9402	103	3908	35	170	0	4216
9403	85	134	34	4094	0	4347
9404	4033	79	40	188	0	4340
9405	154	65	29	4094	0	4342
9406	4048	51	42	196	0	4337
9407	169	55	3938	118	0	4280
9408	119	40	126	4012	0	4297
9409	3951	42	76	195	0	4264
9410	176	47	3846	129	0	4198
9411	95	3724	136	116	0	4071
9412	92	135	78	3707	0	4012
9413	76	67	3673	188	0	4004
9414	71	65	3705	114	0	3955
9415	73	51	155	3743	0	4022
9416	62	55	3711	185	0	4013
9417	69	45	3661	128	0	3903
9418	57	44	160	3660	0	3921
9419	3642	44	88	193	0	3967
9420	149	33	72	3699	0	3953
9421	82	42	68	3779	0	3971
9422	77	41	3711	217	0	4046
9423	75	41	142	3840	0	4098
9424	3860	39	104	189	0	4192
9425	155	48	3821	135	0	4159
9426	104	3761	135	114	0	4114
9427	85	121	83	3920	0	4209
9428	3844	68	68	209	0	4189
9429	158	59	56	3865	0	4138
9430	114	3778	54	198	0	4144
9431	97	131	3844	130	0	4202
9432	74	86	137	4005	0	4302
9433	4175	69	82	185	0	4511
9434	163	60	4093	141	0	4457
9435	119	50	141	4282	0	4592
9436	4423	44	83	218	0	4768
9437	4652	51	60	160	0	4923
9438	256	4608	51	111	0	5026
9439	4659	160	60	118	0	4997
9440	230	87	49	4590	0	4956
9441	128	59	4596	231	0	5014
9442	81	4394	168	161	0	4804
9443	92	4619	83	125	0	4919
9444	107	218	61	4458	0	4844
9445	83	98	57	4593	0	4831
9446	86	69	4339	231	0	4725
9447	77	4247	150	150	0	4624
9448	70	4354	98	111	0	4633
9449	69	173	71	4195	0	4508
9450	4087	95	59	197	0	4438
9451	181	4050	45	119	0	4395
9452	96	135	48	4210	0	4489
9453	4304	88	46	192	0	4630
9454	164	59	48	4365	0	4636
9455	112	58	53	4299	0	4522
9456	79	59	41	4362	0	4541
9457	90	54	49	4371	0	4564
9458	4205	63	48	243	0	4559
9459	164	45	42	4306	0	4557
9460	106	61	4107	182	0	4456
9461	4042	64	134	138	0	4378
9462	148	71	4088	115	0	4422
9463	89	56	4152	108	0	4405
9464	96	50	159	4170	0	4475
9465	82	66	98	4260	0	4506
9466	71	42	75	4355	0	4543
9467	4246	47	49	237	0	4579
9468	165	46	4166	128	0	4505
9469	4157	40	127	145	0	4469
9470	4335	49	81	114	0	4579
9471	188	53	4214	108	0	4563
9472	4129	42	138	137	0	4446
9473	176	47	4244	94	0	4561
9474	92	4191	150	105	0	4538
9475	97	126	103	4206	0	4532
9476	77	72	78	4261	0	4488
9477	83	58	75	4186	0	4402
9478	76	46	53	4212	0	4387
9479	64	42	4113	227	0	4446
9480	70	35	4116	140	0	4361
9481	62	49	165	4143	0	4419
9482	57	42	4192	175	0	4466
9483	3971	51	147	130	0	4299
9484	4198	47	78	121	0	4444
9485	159	36	76	4199	0	4470
9486	4180	43	62	182	0	4467
9487	156	4186	70	122	0	4534
9488	4238	113	72	116	0	4539
9489	153	71	4276	88	0	4588
9490	112	47	127	4227	0	4513
9491	75	4243	89	157	0	4564
9492	4372	113	60	129	0	4674
9493	132	58	63	4434	0	4687
9494	94	49	4333	163	0	4639
9495	66	43	120	4351	0	4580
9496	4304	44	95	165	0	4608
9497	139	40	4318	115	0	4612
9498	100	46	127	4370	0	4643
9499	92	37	80	4451	0	4660
9500	80	37	4381	187	0	4685
9501	73	4257	121	132	0	4583
9502	112	3474	104	127	0	3817
9503	77	118	72	4413	0	4680
9504	87	71	71	4468	0	4697
9505	76	44	54	4559	0	4733
9506	4401	42	64	213	0	4720
9507	4466	33	77	158	0	4734
9508	170	40	58	4485	0	4753
9509	4467	45	80	174	0	4766
9510	145	4406	62	133	0	4746
9511	102	106	58	4580	0	4846
9512	81	62	70	4645	0	4858
9513	80	50	61	4689	0	4880
9514	4388	42	80	204	0	4714
9515	129	4305	71	146	0	4651
9516	90	118	55	4470	0	4733
9517	4391	69	55	198	0	4713
9518	139	48	57	4509	0	4753
9519	104	49	30	4515	0	4698
9520	85	4220	42	219	0	4566
9521	94	4422	43	138	0	4697
9522	77	146	53	4426	0	4702
9523	83	71	57	4423	0	4634
9524	4207	57	55	199	0	4518
9525	132	56	53	4260	0	4501
9526	97	49	4123	202	0	4471
9527	77	58	109	4138	0	4382
9528	58	4048	66	211	0	4383
9529	4167	114	52	138	0	4471
9530	139	74	52	4211	0	4476
9531	90	45	54	4173	0	4362
9532	83	4069	47	194	0	4393
9533	3962	103	46	146	0	4257
9534	138	4019	53	120	0	4330
9535	93	124	34	4006	0	4257
9536	80	53	3839	161	0	4133
9537	95	66	85	3579	0	3825
9538	3588	49	50	169	0	3856
9539	123	3573	47	110	0	3853
9540	67	96	39	3640	0	3842
9541	55	3515	48	148	0	3766
9542	45	114	50	3617	0	3826
9543	47	74	3535	153	0	3809
9544	51	46	97	3503	0	3697
9545	47	35	54	3573	0	3709
9546	51	35	44	3633	0	3763
9547	3413	40	43	182	0	3678
9548	3492	48	39	108	0	3687
9549	131	3474	33	96	0	3734
9550	3512	94	35	102	0	3743
9551	122	3419	37	91	0	3669
9552	57	3502	41	98	0	3698
9553	3337	94	38	111	0	3580
9554	113	46	3268	109	0	3536
9555	64	29	98	3328	0	3519
9556	61	33	38	3430	0	3562
9557	63	27	33	3493	0	3616
9558	3372	24	42	168	0	3606
9559	122	3287	39	98	0	3546
9560	64	89	47	3391	0	3591
9561	53	3398	45	139	0	3635
9562	3605	108	44	97	0	3854
9563	121	53	47	3601	0	3822
9564	67	38	30	4191	0	4326
9565	54	4427	33	212	0	4726
9566	55	151	25	4754	0	4985
9567	64	73	28	4867	0	5032
9568	4655	51	46	251	0	5003
9569	183	4510	41	154	0	4888
9570	100	4735	35	111	0	4981
9571	83	208	33	4643	0	4967
9572	61	108	4494	213	0	4876
9573	42	72	4514	147	0	4775
9574	59	63	199	4522	0	4843
9575	52	50	4473	243	0	4818
9576	50	52	190	4517	0	4809
9577	55	42	89	4398	0	4584
9578	60	38	64	4723	0	4885
9579	4437	47	56	307	0	4847
9580	204	41	46	4565	0	4856
9581	108	49	33	4551	0	4741
9582	76	4405	49	271	0	4801
9583	79	178	32	4636	0	4925
9584	53	95	4455	279	0	4882
9585	60	70	173	4580	0	4883
9586	69	55	75	4713	0	4912
9587	4374	53	64	304	0	4795
9588	192	39	30	4518	0	4779
9589	121	44	34	4513	0	4712
9590	71	54	26	4591	0	4742
9591	4162	58	30	336	0	4586
9592	182	4218	23	201	0	4624
9593	97	178	30	4376	0	4681
9594	71	96	43	4473	0	4683
9595	63	62	4193	325	0	4643
9596	67	47	166	4371	0	4651
9597	4051	54	90	311	0	4506
9598	193	4091	45	207	0	4536
9599	110	185	36	4177	0	4508
9600	81	109	32	4264	0	4486
9601	63	85	3997	322	0	4467
9602	3861	80	176	216	0	4333
9603	196	3961	73	183	0	4413
9604	4022	189	48	164	0	4423
9605	206	101	45	4065	0	4417
9606	113	82	34	4176	0	4405
9607	88	53	31	4245	0	4417
9608	71	62	47	4262	0	4442
9609	3993	65	27	361	0	4446
9610	195	83	28	4001	0	4307
9611	97	3801	44	311	0	4253
9612	85	199	37	4007	0	4328
9613	70	103	42	4182	0	4397
9614	3922	69	44	343	0	4378
9615	195	3840	50	243	0	4328
9616	109	191	22	4088	0	4410
9617	3923	97	40	311	0	4371
9618	4057	92	21	247	0	4417
9619	249	71	33	4087	0	4440
9620	120	78	3858	315	0	4371
9621	3922	69	163	214	0	4368
9622	196	73	79	4102	0	4450
9623	110	58	3969	301	0	4438
9624	99	53	180	4164	0	4496
9625	70	65	95	4285	0	4515
9626	74	45	77	4288	0	4484
9627	86	4118	38	357	0	4599
9628	86	180	33	4364	0	4663
9629	87	104	24	4475	0	4690
9630	77	86	39	4481	0	4683
9631	82	69	48	4483	0	4682
9632	75	64	46	4452	0	4637
9633	73	77	44	4457	0	4651
9634	3993	63	48	394	0	4498
9635	176	56	3861	266	0	4359
9636	98	3755	151	251	0	4255
9637	3791	156	84	200	0	4231
9638	191	3748	51	197	0	4187
9639	3718	180	41	186	0	4125
9640	189	104	34	3771	0	4098
9641	3725	82	43	301	0	4151
9642	205	57	43	3828	0	4133
9643	124	81	49	3745	0	3999
9644	121	3655	37	314	0	4127
9645	3751	153	42	250	0	4196
9646	174	95	3745	220	0	4234
9647	120	85	135	3940	0	4280
9648	112	69	3812	285	0	4278
9649	105	76	3692	206	0	4079
9650	3798	63	163	198	0	4222
9651	175	81	93	3914	0	4263
9652	104	61	3787	291	0	4243
9653	108	46	3937	241	0	4332
9654	85	66	172	4034	0	4357
9655	88	49	100	4230	0	4467
9656	4063	70	84	320	0	4537
9657	187	64	45	4268	0	4564
9658	127	50	4195	308	0	4680
9659	98	55	139	4403	0	4695
9660	80	75	95	4409	0	4659
9661	86	4305	69	323	0	4783
9662	4222	134	71	250	0	4677
9663	143	4199	64	220	0	4626
9664	3764	127	59	211	0	4161
9665	118	3185	38	172	0	3513
9666	67	3028	43	171	0	3309
9667	81	59	54	3093	0	3287
9668	71	48	66	3059	0	3244
9669	71	52	53	3016	0	3192
9670	2865	52	42	174	0	3133
9671	46	45	2863	180	0	3134
9672	64	37	63	2916	0	3080
9673	2787	39	66	178	0	3070
9674	67	2769	48	172	0	3056
9675	55	2815	55	166	0	3091
9676	73	48	32	3030	0	3183
9677	59	49	28	3070	0	3206
9678	66	49	25	3096	0	3236
9679	66	3038	40	161	0	3305
9680	66	35	41	3217	0	3359
9681	62	44	3049	160	0	3315
9682	67	48	2794	140	0	3049
9683	2949	36	50	157	0	3192
9684	53	25	56	3174	0	3308
9685	3121	40	36	150	0	3347
9686	3095	32	41	152	0	3320
9687	75	3168	27	133	0	3403
9688	3301	42	33	151	0	3527
9689	3373	46	26	159	0	3604
9690	55	36	34	3501	0	3626
9691	70	35	36	3516	0	3657
9692	64	49	3489	128	0	3730
9693	66	3566	35	130	0	3797
9694	73	54	41	3233	0	3401
9695	48	36	43	3722	0	3849
9696	3647	29	33	154	0	3863
9697	81	40	39	3698	0	3858
9698	3728	54	28	114	0	3924
9699	76	35	30	3809	0	3950
9700	64	3795	33	130	0	4022
9701	4035	50	46	125	0	4256
9702	79	35	28	4472	0	4614
9703	64	48	22	4766	0	4900
9704	78	27	20	5103	0	5228
9705	57	38	4973	206	0	5274
9706	48	37	97	5076	0	5258
9707	5113	29	48	237	0	5427
9708	138	22	29	5425	0	5614
9709	98	28	37	5850	0	6013
9710	58	36	29	5942	0	6065
9711	48	5761	34	257	0	6100
9712	49	6026	24	154	0	6253
9713	5980	171	29	133	0	6313
9714	168	6061	35	108	0	6372
9715	6094	172	30	123	0	6419
9716	6183	72	30	118	0	6403
9717	6206	39	32	107	0	6384
9718	223	40	6062	99	0	6424
9719	98	6212	156	119	0	6585
9720	6333	149	75	120	0	6677
9721	199	64	31	6423	0	6717
9722	98	54	25	6515	0	6692
9723	86	54	33	6499	0	6672
9724	67	6277	29	249	0	6622
9725	68	158	26	6395	0	6647
9726	6286	71	29	240	0	6626
9727	189	52	28	6264	0	6533
9728	103	38	29	6391	0	6561
9729	71	29	6207	267	0	6574
9730	68	36	6322	131	0	6557
9731	71	33	198	6395	0	6697
9732	71	25	76	6534	0	6706
9733	52	6455	45	270	0	6822
9734	78	152	36	6578	0	6844
9735	71	79	44	6695	0	6889
9736	69	51	30	6741	0	6891
9737	6514	46	33	287	0	6880
9738	179	44	6562	146	0	6931
9739	109	41	151	6729	0	7030
9740	6740	46	64	232	0	7082
9741	6760	33	52	132	0	6977
9742	223	40	46	6663	0	6972
9743	115	34	40	6798	0	6987
9744	6588	47	38	267	0	6940
9745	199	6495	38	136	0	6868
9746	97	6700	38	116	0	6951
9747	66	192	37	6778	0	7073
9748	6775	75	47	251	0	7148
9749	6868	59	34	144	0	7105
9750	6835	47	22	130	0	7034
9751	236	33	6832	119	0	7220
9752	6570	46	163	108	0	6887
9753	226	39	6728	87	0	7080
9754	6540	35	176	109	0	6860
9755	190	6633	72	117	0	7012
9756	123	174	6645	88	0	7030
9757	83	87	171	6716	0	7057
9758	74	64	6741	230	0	7109
9759	88	49	169	6821	0	7127
9760	6806	36	68	256	0	7166
9761	209	47	6872	136	0	7264
9762	116	37	170	6934	0	7257
9763	85	7200	82	202	0	7569
9764	87	151	55	7492	0	7785
9765	92	69	40	7505	0	7706
9766	78	51	50	7274	0	7453
9767	7396	36	41	291	0	7764
9768	7452	40	45	176	0	7713
9769	239	42	34	7465	0	7780
9770	124	43	7252	251	0	7670
9771	96	55	7125	156	0	7432
9772	81	40	208	7478	0	7807
9773	83	49	7640	260	0	8032
9774	108	45	191	7699	0	8043
9775	104	55	81	7480	0	7720
9776	108	42	53	7797	0	8000
9777	104	7377	70	296	0	7847
9778	103	7301	53	168	0	7625
9779	96	197	59	7689	0	8041
9780	100	104	48	7703	0	7955
9781	79	67	71	7769	0	7986
9782	7598	45	51	327	0	8021
9783	211	61	7676	182	0	8130
9784	141	42	193	7786	0	8162
9785	7754	49	82	293	0	8178
9786	216	7701	82	182	0	8181
9787	121	191	62	7966	0	8340
9788	98	90	44	8079	0	8311
9789	87	59	53	7984	0	8183
9790	82	49	42	7981	0	8154
9791	82	49	7647	331	0	8109
9792	7255	49	183	233	0	7720
9793	7652	61	77	177	0	7967
9794	251	45	7617	152	0	8065
9795	7524	35	194	176	0	7929
9796	7738	40	98	176	0	8052
9797	254	49	7754	142	0	8199
9798	126	7924	207	159	0	8416
9799	107	175	108	8089	0	8479
9800	77	83	8248	272	0	8680
9801	100	7944	174	196	0	8414
9802	93	152	7621	164	0	8030
9803	84	7380	163	157	0	7784
9804	90	116	86	7286	0	7578
9805	84	50	7217	189	0	7540
9806	119	53	127	7070	0	7369
9807	89	45	7377	174	0	7685
9808	81	7212	117	142	0	7552
9809	6913	75	67	127	0	7182
9810	85	6829	50	118	0	7082
9811	61	7094	49	107	0	7311
9812	89	92	44	7144	0	7369
9813	81	44	39	7182	0	7346
9814	59	60	37	7134	0	7290
9815	80	41	41	7024	0	7186
9816	69	31	38	7302	0	7440
9817	81	32	7817	98	0	8028
9818	69	28	74	7642	0	7813
9819	60	51	53	7944	0	8108
9820	8040	28	44	155	0	8267
9821	8081	21	38	120	0	8260
9822	8135	23	50	124	0	8332
9823	109	31	35	8286	0	8461
9824	9036	60	49	139	0	9284
9825	9686	32	47	129	0	9894
9826	10040	35	37	119	0	10231
9827	159	35	9883	104	0	10181
9828	9711	32	131	129	0	10003
9829	10199	17	77	111	0	10404
9830	10226	15	82	101	0	10424
9831	215	35	47	10304	0	10601
9832	105	44	10340	184	0	10673
9833	94	39	136	10340	0	10609
9834	10665	27	65	239	0	10996
9835	170	20	54	10849	0	11093
9836	106	11167	53	181	0	11507
9837	108	122	49	11534	0	11813
9838	11518	45	56	226	0	11845
9839	11635	38	60	146	0	11879
9840	11661	44	43	100	0	11848
9841	237	34	11822	94	0	12187
9842	148	28	167	11673	0	12016
9843	98	32	68	12231	0	12429
9844	84	31	12159	233	0	12507
9845	65	11805	177	136	0	12183
9846	80	173	11935	92	0	12280
9847	88	66	187	12087	0	12428
9848	12165	38	94	235	0	12532
9849	219	36	12447	110	0	12812
9850	132	34	178	12493	0	12837
9851	83	27	12623	217	0	12950
9852	12318	27	224	138	0	12707
9853	205	23	98	12832	0	13158
9854	119	32	13266	230	0	13647
9855	119	48	188	13139	0	13494
9856	78	43	13470	247	0	13838
9857	56	13549	212	171	0	13988
9858	84	157	105	13704	0	14050
9859	13763	68	75	271	0	14177
9860	239	42	78	13830	0	14189
9861	135	29	65	13660	0	13889
9862	13545	25	71	308	0	13949
9863	227	12880	65	151	0	13323
9864	123	13232	56	143	0	13554
9865	107	204	70	13291	0	13672
9866	62	13278	72	258	0	13670
9867	84	187	56	13533	0	13860
9868	91	78	63	13623	0	13855
9869	13496	54	56	355	0	13961
9870	201	13374	87	156	0	13818
9871	112	192	13291	131	0	13726
9872	92	13698	185	121	0	14096
9873	13551	190	100	139	0	13980
9874	13834	88	68	149	0	14139
9875	283	54	68	13707	0	14112
9876	13878	45	56	304	0	14283
9877	259	59	55	13938	0	14311
9878	13868	54	52	313	0	14287
9879	14109	48	50	197	0	14404
9880	308	40	61	14486	0	14895
9881	14511	33	42	336	0	14922
9882	306	48	14465	126	0	14945
9883	14091	43	219	153	0	14506
9884	290	42	96	14523	0	14951
9885	14706	33	74	292	0	15105
9886	294	14743	66	158	0	15261
9887	187	201	65	14760	0	15213
9888	135	93	65	14880	0	15173
9889	14733	47	63	383	0	15226
9890	305	63	14587	154	0	15109
9891	153	14496	233	146	0	15028
9892	159	208	104	14752	0	15223
9893	123	14667	85	276	0	15151
9894	139	218	72	14972	0	15401
9895	170	98	54	14618	0	14940
9896	140	61	57	15024	0	15282
9897	14817	79	63	365	0	15324
9898	292	64	55	14689	0	15100
9899	14733	59	42	376	0	15210
9900	14676	57	59	235	0	15027
9901	347	51	61	14767	0	15226
9902	14699	52	73	349	0	15173
9903	14599	47	61	251	0	14958
9904	346	64	14568	150	0	15128
9905	222	53	228	14252	0	14755
9906	14653	68	120	342	0	15183
9907	283	14483	98	183	0	15047
9908	14736	208	68	212	0	15224
9909	14793	94	56	194	0	15137
9910	384	73	14317	128	0	14902
9911	228	50	236	13837	0	14351
9912	14946	41	115	370	0	15472
9913	349	60	88	15168	0	15665
9914	222	54	76	15436	0	15788
9915	179	51	71	15708	0	16009
9916	158	44	77	16278	0	16557
9917	15954	45	63	551	0	16613
9918	420	61	16086	263	0	16830
9919	280	56	338	16762	0	17436
9920	183	67	18052	487	0	18789
9921	180	59	18534	254	0	19027
9922	18453	49	748	278	0	19528
9923	713	49	19808	173	0	20743
9924	393	19051	718	150	0	20312
9925	18969	588	400	187	0	20144
9926	19362	297	178	180	0	20017
9927	959	114	122	18699	0	19894
9928	509	83	19022	629	0	20243
9929	274	82	18910	374	0	19640
9930	19091	56	847	260	0	20254
9931	744	50	416	19449	0	20659
9932	19714	56	212	737	0	20719
9933	765	19941	157	387	0	21250
9934	20114	605	132	287	0	21138
9935	20185	316	104	253	0	20858
9936	981	19563	128	170	0	20842
9937	569	636	114	19667	0	20986
9938	19681	329	107	734	0	20851
9939	811	153	19553	399	0	20916
9940	462	19588	698	225	0	20973
9941	337	645	381	19488	0	20851
9942	19563	341	201	779	0	20884
9943	760	19673	161	434	0	21028
9944	20149	688	149	275	0	21261
9945	864	386	19666	180	0	21096
9946	19679	195	690	210	0	20774
9947	885	149	20054	180	0	21268
9948	19729	121	787	221	0	20858
9949	19708	111	428	251	0	20498
9950	1138	111	19105	185	0	20539
9951	595	19166	751	184	0	20696
9952	466	683	406	18577	0	20132
9953	325	378	19359	729	0	20791
9954	305	18859	754	443	0	20361
9955	375	712	421	18412	0	19920
9956	343	402	278	19313	0	20336
9957	283	231	18688	1015	0	20217
9958	395	166	771	18237	0	19569
9959	370	153	476	19048	0	20047
9960	296	162	18579	1105	0	20142
9961	357	146	833	17918	0	19254
9962	296	18421	512	854	0	20083
9963	18713	751	310	545	0	20319
9964	910	397	293	18396	0	19996
9965	581	18658	293	853	0	20385
9966	467	755	299	17696	0	19217
9967	395	19177	312	818	0	20702
9968	384	846	18811	526	0	20567
9969	412	19176	844	375	0	20807
9970	18936	868	505	372	0	20681
9971	19258	523	338	348	0	20467
9972	19658	306	298	382	0	20644
9973	1321	260	19307	291	0	21179
9974	759	236	19465	338	0	20798
9975	506	19793	1142	361	0	21802
9976	507	861	643	19021	0	21032
9977	472	20489	399	873	0	22233
9978	538	1023	292	18558	0	20411
9979	477	20674	292	912	0	22355
9980	20631	1034	284	617	0	22566
9981	22512	619	276	445	0	23852
9982	1519	390	295	22773	0	24977
9983	923	325	22537	1134	0	24919
9984	22233	312	1093	768	0	24406
9985	1286	22892	676	514	0	25368
9986	910	1060	462	22585	0	25017
9987	725	654	369	22605	0	24353
9988	548	23202	372	1419	0	25541
9989	23328	1177	345	833	0	25683
9990	1349	702	23097	493	0	25641
9991	931	504	1154	23093	0	25682
9992	23305	400	721	1243	0	25669
9993	23627	327	511	826	0	25291
9994	1695	22985	451	570	0	25701
9995	1081	1130	417	22437	0	25065
9996	687	23569	398	1232	0	25886
9997	23876	1280	394	835	0	26385
9998	1362	792	23642	562	0	26358
9999	900	575	23898	536	0	25909
10000	738	426	1533	23264	0	25961
10001	632	397	903	23459	0	25391
10002	568	23435	579	1579	0	26161
10003	607	1163	476	23858	0	26104
10004	548	749	23338	1501	0	26136
10005	23067	524	1234	981	0	25806
10006	1350	482	781	23794	0	26407
10007	922	462	23599	1389	0	26372
10008	736	434	1288	23762	0	26220
10009	603	433	814	23634	0	25484
10010	518	23525	604	1692	0	26339
10011	589	1216	484	23940	0	26229
10012	597	821	476	23754	0	25648
10013	562	585	503	23975	0	25625
10014	22174	493	416	1919	0	25002
10015	1319	21470	464	1142	0	24395
10016	907	21988	437	744	0	24076
10017	21132	1343	409	680	0	23564
10018	20828	811	473	593	0	22705
10019	1532	19464	459	544	0	21999
10020	858	18883	422	492	0	20655
10021	17032	985	437	478	0	18932
10022	973	16649	325	463	0	18410
10023	577	16757	360	446	0	18140
10024	16290	985	349	467	0	18091
10025	909	16355	265	439	0	17968
10026	16312	820	260	496	0	17888
10027	16064	542	295	533	0	17434
10028	16172	464	372	451	0	17459
10029	1041	15501	395	451	0	17388
10030	787	15868	267	424	0	17346
10031	597	956	239	15454	0	17246
10032	578	15612	228	838	0	17256
10033	516	1016	249	16047	0	17828
10034	16318	615	248	911	0	18092
10035	995	534	260	16044	0	17833
10036	635	15948	289	956	0	17828
10037	15760	857	274	736	0	17627
10038	1008	15471	269	548	0	17296
10039	660	16238	354	477	0	17729
10040	562	1152	287	15334	0	17335
10041	469	15968	278	929	0	17644
10042	15823	943	306	618	0	17690
10043	850	714	15369	535	0	17468
10044	680	15461	700	495	0	17336
10045	526	831	563	15520	0	17440
10046	529	624	15387	885	0	17425
10047	501	505	792	15329	0	17127
10048	541	483	476	15666	0	17166
10049	550	467	354	15880	0	17251
10050	417	477	388	15896	0	17178
10051	400	553	15132	1181	0	17266
10052	370	15118	700	937	0	17125
10053	14906	875	551	731	0	17063
10054	788	708	14665	648	0	16809
10055	14711	543	709	730	0	16693
10056	880	494	14925	677	0	16976
10057	649	458	844	15069	0	17020
10058	538	460	14894	1044	0	16936
10059	428	445	15191	822	0	16886
10060	484	450	963	15079	0	16976
10061	515	483	574	14614	0	16186
10062	501	558	379	15741	0	17179
10063	573	447	342	15593	0	16955
10064	15075	492	307	1304	0	17178
10065	854	581	14844	849	0	17128
10066	15078	435	674	788	0	16975
10067	15385	558	447	598	0	16988
10068	15465	458	449	565	0	16937
10069	15460	511	317	548	0	16836
10070	15684	459	275	526	0	16944
10071	1322	430	247	14870	0	16869
10072	878	415	14008	922	0	16223
10073	630	463	13761	628	0	15482
10074	497	13787	813	628	0	15725
10075	13188	827	521	527	0	15063
10076	786	562	307	12931	0	14586
10077	586	574	261	12780	0	14201
10078	544	12323	262	916	0	14045
10079	518	12330	214	697	0	13759
10080	554	12385	222	592	0	13753
10081	10780	704	240	537	0	12261
10082	612	467	191	9706	0	10976
10083	400	9299	286	627	0	10612
10084	455	498	221	9423	0	10597
10085	356	451	9177	631	0	10615
10086	317	390	9501	570	0	10778
10087	366	327	412	10347	0	11452
10088	10611	426	288	608	0	11933
10089	11384	324	227	491	0	12426
10090	11447	315	290	453	0	12505
10091	706	338	11082	490	0	12616
10092	590	335	431	11191	0	12547
10093	479	331	290	11782	0	12882
10094	350	427	11176	706	0	12659
10095	10525	325	464	631	0	11945
10096	564	412	11305	451	0	12732
10097	473	275	11121	390	0	12259
10098	349	251	11269	378	0	12247
10099	306	248	726	10748	0	12028
10100	303	284	332	11259	0	12178
10101	263	252	11095	828	0	12438
10102	284	370	494	11318	0	12466
10103	11324	245	311	816	0	12696
10104	593	236	344	11705	0	12878
10105	474	253	11631	721	0	13079
10106	316	229	12136	586	0	13267
10107	287	234	698	12137	0	13356
10108	12461	242	343	819	0	13865
10109	604	13149	263	571	0	14587
10110	13580	735	215	423	0	14953
10111	13947	381	196	505	0	15029
10112	912	309	13704	429	0	15354
10113	611	249	621	13919	0	15400
10114	14158	268	377	736	0	15539
10115	14016	325	304	482	0	15127
10116	901	13867	266	360	0	15394
10117	663	625	258	13827	0	15373
10118	509	373	232	14417	0	15531
10119	387	321	13804	863	0	15375
10120	390	283	626	13756	0	15055
10121	349	222	13817	852	0	15240
10122	330	238	13743	535	0	14846
10123	354	214	840	13605	0	15013
10124	13423	181	476	816	0	14896
10125	738	13122	343	536	0	14739
10126	13274	565	320	452	0	14611
10127	13511	320	279	400	0	14510
10128	912	13121	274	365	0	14672
10129	561	636	281	12740	0	14218
10130	12798	394	273	696	0	14161
10131	744	12793	278	484	0	14299
10132	12725	607	226	439	0	13997
10133	743	12113	258	384	0	13498
10134	504	546	230	11807	0	13087
10135	432	315	230	12151	0	13128
10136	11758	296	221	774	0	13049
10137	11732	235	207	532	0	12706
10138	734	11576	256	427	0	12993
10139	485	509	11355	406	0	12755
10140	407	284	11252	415	0	12358
10141	391	262	687	10810	0	12150
10142	366	11133	443	642	0	12584
10143	334	436	421	11584	0	12775
10144	310	306	339	11622	0	12577
10145	347	193	304	11751	0	12595
10146	315	199	11393	809	0	12716
10147	346	189	11238	598	0	12371
10148	314	11409	685	498	0	12906
10149	331	479	411	11714	0	12935
10150	317	315	316	12301	0	13249
10151	335	250	11816	772	0	13173
10152	10931	274	599	539	0	12343
10153	695	195	389	12033	0	13312
10154	448	171	11961	721	0	13301
10155	11361	170	639	559	0	12729
10156	638	11676	458	476	0	13248
10157	468	469	12250	435	0	13622
10158	404	285	646	12336	0	13671
10159	12318	225	437	729	0	13709
10160	656	196	12336	543	0	13731
10161	470	178	635	12502	0	13785
10162	418	138	443	12642	0	13641
10163	377	183	365	13639	0	14564
10164	13463	158	339	917	0	14877
10165	708	12926	338	623	0	14595
10166	527	549	247	13411	0	14734
10167	427	339	13374	812	0	14952
10168	453	239	658	13178	0	14528
10169	376	12887	430	794	0	14487
10170	307	13826	357	587	0	15077
10171	13471	708	310	558	0	15047
10172	13888	400	330	462	0	15080
10173	873	309	13479	394	0	15055
10174	13277	330	629	414	0	14650
10175	790	13526	393	408	0	15117
10176	13990	586	315	440	0	15331
10177	837	377	275	13880	0	15369
10178	517	334	13927	760	0	15538
10179	478	294	664	13988	0	15424
10180	419	279	14011	807	0	15516
10181	13775	202	727	585	0	15289
10182	744	217	484	14123	0	15568
10183	469	14482	350	832	0	16133
10184	452	583	285	14951	0	16271
10185	397	370	14731	847	0	16345
10186	337	14290	676	654	0	15957
10187	13565	603	423	535	0	15126
10188	664	13053	338	411	0	14466
10189	413	12953	319	389	0	14074
10190	375	650	312	12390	0	13727
10191	282	12634	285	641	0	13842
10192	280	580	281	12918	0	14059
10193	295	360	12558	712	0	13925
10194	11726	288	578	520	0	13112
10195	12653	247	352	382	0	13634
10196	726	223	12348	341	0	13638
10197	12002	227	595	347	0	13171
10198	626	12236	379	345	0	13586
10199	12603	513	267	372	0	13755
10200	677	326	240	12440	0	13683
10201	451	272	12460	593	0	13776
10202	355	12545	500	451	0	13851
10203	385	478	336	12619	0	13818
10204	304	335	235	12910	0	13784
10205	12204	250	250	736	0	13440
10206	11762	211	253	482	0	12708
10207	645	11345	210	394	0	12594
10208	447	10879	188	301	0	11815
10209	300	10677	161	251	0	11389
10210	309	405	170	10277	0	11161
10211	10191	208	175	411	0	10985
10212	9995	181	197	311	0	10684
10213	394	179	165	9930	0	10668
10214	302	150	143	10059	0	10654
10215	9906	161	148	451	0	10666
10216	354	189	164	10076	0	10783
10217	239	153	10022	436	0	10850
10218	9814	178	261	377	0	10630
10219	10197	178	219	300	0	10894
10220	404	176	10264	281	0	11125
10221	10504	184	326	249	0	11263
10222	362	183	228	10820	0	11593
10223	300	170	150	10941	0	11561
10224	280	175	125	11104	0	11684
10225	10796	222	130	442	0	11590
10226	410	10986	106	282	0	11784
10227	314	323	117	11094	0	11848
10228	253	10915	134	339	0	11641
10229	10903	329	121	329	0	11682
10230	412	196	138	11027	0	11773
10231	279	242	129	11022	0	11672
10232	250	10941	129	417	0	11737
10233	226	338	10785	289	0	11638
10234	193	214	296	11074	0	11777
10235	11083	166	187	488	0	11924
10236	11909	152	178	341	0	12580
10237	538	158	12379	262	0	13337
10238	299	203	419	12647	0	13568
10239	179	12935	326	541	0	13981
10240	199	460	213	13417	0	14289
10241	13150	281	172	662	0	14265
10242	13326	248	161	419	0	14154
10243	654	193	131	13127	0	14105
10244	356	12945	161	608	0	14070
10245	13795	469	147	434	0	14845
10246	581	274	185	14200	0	15240
10247	14115	221	181	656	0	15173
10248	14889	216	137	414	0	15656
10249	729	170	146	14768	0	15813
10250	463	164	136	14948	0	15711
10251	366	143	169	15272	0	15950
10252	302	14907	151	813	0	16173
10253	288	501	135	15375	0	16299
10254	292	317	172	15405	0	16186
10255	294	232	14655	816	0	15997
10256	244	228	14251	520	0	15243
10257	267	182	660	14498	0	15607
10258	14252	187	307	766	0	15512
10259	592	14277	212	458	0	15539
10260	14245	531	189	441	0	15406
10261	669	334	14102	367	0	15472
10262	401	254	13748	331	0	14734
10263	277	13893	607	339	0	15116
10264	321	525	327	13915	0	15088
10265	243	350	13958	530	0	15081
10266	225	229	14064	380	0	14898
10267	258	179	612	13860	0	14909
10268	13895	153	321	614	0	14983
10269	13983	188	228	383	0	14782
10270	686	177	180	13853	0	14896
10271	435	153	14535	562	0	15685
10272	363	138	449	14720	0	15670
10273	281	147	323	14634	0	15385
10274	239	14612	219	643	0	15713
10275	14674	462	168	435	0	15739
10276	14769	273	166	388	0	15596
10277	626	14689	166	298	0	15779
10278	392	470	184	14224	0	15270
10279	281	14455	155	586	0	15477
10280	14441	512	141	412	0	15506
10281	571	321	14079	299	0	15270
10282	357	255	13525	293	0	14430
10283	270	240	13447	245	0	14202
10284	247	181	575	13462	0	14465
10285	218	165	347	13615	0	14345
10286	13485	187	209	638	0	14519
10287	538	141	157	13671	0	14507
10288	345	187	133	14100	0	14765
10289	267	142	14404	654	0	15467
10290	252	132	13771	425	0	14580
10291	13751	142	526	357	0	14776
10292	491	14177	307	285	0	15260
10293	14613	390	227	293	0	15523
10294	584	226	197	14514	0	15521
10295	379	169	161	14591	0	15300
10296	260	14244	176	621	0	15301
10297	277	412	134	14592	0	15415
10298	14221	253	130	640	0	15244
10299	505	178	130	14469	0	15282
10300	328	159	14264	609	0	15360
10301	249	13923	420	458	0	15050
10302	13821	429	248	354	0	14852
10303	14232	243	172	361	0	15008
10304	14257	171	158	352	0	14938
10305	14465	145	131	332	0	15073
10306	694	141	145	14085	0	15065
10307	430	137	136	14413	0	15116
10308	306	155	13985	674	0	15120
10309	318	132	394	14230	0	15074
10310	258	125	14165	626	0	15174
10311	247	126	459	14280	0	15112
10312	14120	103	292	658	0	15173
10313	474	14346	207	433	0	15460
10314	372	375	191	14655	0	15593
10315	304	238	161	15086	0	15789
10316	14724	156	162	730	0	15772
10317	14304	141	178	509	0	15132
10318	653	124	14142	387	0	15306
10319	408	14130	454	332	0	15324
10320	295	407	270	14254	0	15226
10321	279	244	194	14473	0	15190
10322	14039	161	213	757	0	15170
10323	14005	143	195	524	0	14867
10324	645	162	13936	371	0	15114
10325	438	142	13774	314	0	14668
10326	341	140	563	13571	0	14615
10327	303	128	320	14045	0	14796
10328	236	151	13623	742	0	14752
10329	13099	130	499	513	0	14241
10330	575	144	303	13804	0	14826
10331	13672	127	244	680	0	14723
10332	574	13400	199	457	0	14630
10333	13814	409	199	401	0	14823
10334	604	247	14409	360	0	15620
10335	427	14094	462	336	0	15319
10336	313	13807	252	306	0	14678
10337	12842	351	258	350	0	13801
10338	12519	203	165	372	0	13259
10339	440	143	166	12352	0	13101
10340	294	12087	157	454	0	12992
10341	269	12437	165	317	0	13188
10342	246	307	156	12653	0	13362
10343	12535	180	141	511	0	13367
10344	12483	166	137	409	0	13195
10345	438	111	11966	292	0	12807
10346	11384	144	274	324	0	12126
10347	358	12334	203	261	0	13156
10348	12712	293	147	302	0	13454
10349	421	15041	163	296	0	15921
10350	268	16777	165	268	0	17478
10351	249	811	166	18308	0	19534
10352	19448	432	170	914	0	20964
10353	20265	259	168	550	0	21242
10354	1274	175	19415	355	0	21219
10355	742	182	934	19525	0	21383
10356	19861	118	472	1095	0	21546
10357	1168	118	314	20162	0	21762
10358	20257	122	195	1210	0	21784
10359	20733	155	223	670	0	21781
10360	1393	127	19863	442	0	21825
10361	848	113	944	19424	0	21329
10362	578	120	471	20414	0	21583
10363	483	156	309	20668	0	21616
10364	374	151	19418	1486	0	21429
10365	380	140	1005	19580	0	21105
10366	386	119	483	19238	0	20226
10367	330	19042	348	1400	0	21120
10368	331	927	18864	792	0	20914
10369	316	19375	974	615	0	21280
10370	19276	1042	469	535	0	21322
10371	1145	502	359	18486	0	20492
10372	736	348	246	18275	0	19605
10373	454	18355	278	1370	0	20457
10374	18394	988	228	800	0	20410
10375	19077	457	212	624	0	20370
10376	1471	17891	224	518	0	20104
10377	765	19046	208	498	0	20517
10378	18744	1248	195	462	0	20649
10379	1196	638	18285	416	0	20535
10380	743	400	18465	377	0	19985
10381	17846	286	1267	465	0	19864
10382	1058	18424	718	403	0	20603
10383	18851	991	439	428	0	20709
10384	1256	530	18355	418	0	20559
10385	18709	376	967	495	0	20547
10386	1332	19088	522	380	0	21322
10387	810	1067	349	19225	0	21451
10388	718	555	280	19686	0	21239
10389	626	447	315	18376	0	19764
10390	604	306	269	19350	0	20529
10391	515	364	216	18906	0	20001
10392	504	18261	219	1694	0	20678
10393	18413	1009	252	1046	0	20720
10394	1271	518	18128	752	0	20669
10395	830	448	985	18570	0	20833
10396	621	354	18628	1280	0	20883
10397	597	334	1164	18705	0	20800
10398	565	274	642	19392	0	20873
10399	18561	257	519	1652	0	20989
10400	1200	275	18273	1027	0	20775
10401	724	18217	1092	766	0	20799
10402	649	1016	592	18632	0	20889
10403	558	553	437	19431	0	20979
10404	496	461	18470	1634	0	21061
10405	511	369	1070	18873	0	20823
10406	449	380	601	19719	0	21149
10407	18187	315	452	1803	0	20757
10408	1142	18442	341	1132	0	21057
10409	18656	1041	353	892	0	20942
10410	19277	606	327	747	0	20957
10411	1607	459	269	18683	0	21018
10412	1024	409	18177	1339	0	20949
10413	743	400	18636	873	0	20652
10414	656	342	1367	18265	0	20630
10415	639	354	778	18099	0	19870
10416	557	17992	609	1582	0	20740
10417	18099	1031	498	1062	0	20690
10418	1230	17876	506	813	0	20425
10419	807	18877	429	734	0	20847
10420	18449	1407	343	777	0	20976
10421	1425	831	315	18152	0	20723
10422	915	18872	397	1352	0	21536
10423	800	1201	358	19275	0	21634
10424	605	721	18633	1571	0	21530
10425	567	545	18957	1112	0	21181
10426	550	428	1394	19108	0	21480
10427	518	428	19125	1579	0	21650
10428	531	391	1330	19209	0	21461
10429	580	392	769	19441	0	21182
10430	504	414	599	20193	0	21710
10431	18651	409	449	2010	0	21519
10432	1233	18129	501	1194	0	21057
10433	740	19329	433	1021	0	21523
10434	17975	1394	399	901	0	20669
10435	18733	847	358	848	0	20786
10436	1596	626	373	18150	0	20745
10437	965	545	17894	1433	0	20837
10438	740	522	1108	18364	0	20734
10439	651	452	18060	1631	0	20794
10440	611	17899	1234	1101	0	20845
10441	547	1153	714	18647	0	21061
10442	18312	689	581	1540	0	21122
10443	1301	547	473	18808	0	21129
10444	818	495	17923	1610	0	20846
10445	17511	448	1140	1141	0	20240
10446	1390	435	18134	908	0	20867
10447	955	459	17869	813	0	20096
10448	760	16754	1395	831	0	19740
10449	586	14666	803	710	0	16765
10450	574	13741	554	682	0	15551
10451	10623	792	521	768	0	12704
10452	10094	401	387	637	0	11519
10453	654	316	330	9968	0	11268
10454	470	312	411	9923	0	11116
10455	405	312	317	10299	0	11333
10456	520	9812	329	671	0	11332
10457	9948	390	315	720	0	11373
10458	566	9829	347	562	0	11304
10459	479	397	349	10197	0	11422
10460	9817	379	430	649	0	11275
10461	421	321	366	10096	0	11204
10462	365	310	346	10270	0	11291
10463	9928	319	357	784	0	11388
10464	9749	343	415	574	0	11081
10465	424	354	9828	602	0	11208
10466	374	350	9617	562	0	10903
10467	396	436	9813	469	0	11114
10468	353	351	511	9950	0	11165
10469	381	432	339	10100	0	11252
10470	417	10053	285	567	0	11322
10471	10148	364	275	650	0	11437
10472	416	352	304	10407	0	11479
10473	400	421	274	10477	0	11572
10474	456	10389	253	577	0	11675
10475	451	10902	285	473	0	12111
10476	360	481	312	11190	0	12343
10477	347	391	317	12186	0	13241
10478	12113	298	315	718	0	13444
10479	12138	239	381	610	0	13368
10480	547	260	412	12206	0	13425
10481	440	274	11995	695	0	13404
10482	349	345	11587	564	0	12845
10483	451	245	503	11990	0	13189
10484	309	271	438	11811	0	12829
10485	358	11502	309	772	0	12941
10486	11161	506	291	661	0	12619
10487	449	316	254	11630	0	12649
10488	309	253	11340	793	0	12695
10489	295	247	458	11750	0	12750
10490	287	245	11423	776	0	12731
10491	285	243	11455	583	0	12566
10492	269	327	561	11677	0	12834
10493	11616	185	387	693	0	12881
10494	413	218	11648	537	0	12816
10495	287	200	517	11667	0	12671
10496	267	237	12082	620	0	13206
10497	269	214	450	12212	0	13145
10498	287	237	295	12222	0	13041
10499	352	233	11894	650	0	13129
10500	258	247	11576	488	0	12569
10501	304	296	508	10917	0	12025
10502	266	225	342	11946	0	12779
10503	266	176	323	12092	0	12857
10504	259	181	369	11861	0	12670
10505	11501	215	273	770	0	12759
10506	11572	210	247	606	0	12635
10507	532	11498	263	426	0	12719
10508	11613	468	259	410	0	12750
10509	506	244	252	11818	0	12820
10510	11771	225	254	594	0	12844
10511	426	210	11595	469	0	12700
10512	11570	198	502	461	0	12731
10513	431	207	340	11808	0	12786
10514	296	209	255	12224	0	12984
10515	12022	202	233	655	0	13112
10516	443	282	221	12929	0	13875
10517	333	226	13339	633	0	14531
10518	13230	226	519	474	0	14449
10519	536	13891	305	407	0	15139
10520	334	470	269	14617	0	15690
10521	233	235	15506	751	0	16725
10522	249	231	630	15418	0	16528
10523	200	141	15545	831	0	16717
10524	228	150	746	15543	0	16667
10525	200	15486	390	818	0	16894
10526	261	543	273	15775	0	16852
10527	196	16092	276	808	0	17372
10528	336	671	217	15605	0	16829
10529	273	296	182	17159	0	17910
10530	248	232	230	17290	0	18000
10531	303	206	220	17268	0	17997
10532	258	234	200	17334	0	18026
10533	200	192	16519	1051	0	17962
10534	309	123	693	16649	0	17774
10535	254	123	355	17151	0	17883
10536	16399	122	309	1066	0	17896
10537	615	16387	307	656	0	17965
10538	16506	658	223	541	0	17928
10539	744	269	248	16667	0	17928
10540	315	268	16593	859	0	18035
10541	219	16553	689	549	0	18010
10542	16398	615	326	471	0	17810
10543	657	16283	262	436	0	17638
10544	257	17036	268	375	0	17936
10545	16614	765	193	410	0	17982
10546	725	337	226	17622	0	18910
10547	17556	231	184	904	0	18875
10548	815	221	135	17361	0	18532
10549	343	182	17127	933	0	18585
10550	239	169	17289	511	0	18208
10551	16425	127	818	473	0	17843
10552	17345	114	357	411	0	18227
10553	894	121	277	16791	0	18083
10554	428	123	213	17277	0	18041
10555	16264	115	160	1115	0	17654
10556	758	16069	160	573	0	17560
10557	347	16861	161	455	0	17824
10558	16403	812	147	423	0	17785
10559	16752	339	163	407	0	17661
10560	955	16367	173	328	0	17823
10561	511	738	150	16459	0	17858
10562	358	301	16249	887	0	17795
10563	288	207	16484	533	0	17512
10564	16007	179	894	432	0	17512
10565	829	174	16380	383	0	17766
10566	428	145	830	15991	0	17394
10567	378	141	366	16029	0	16914
10568	306	15903	247	1028	0	17484
10569	15977	718	220	603	0	17518
10570	851	330	207	16058	0	17446
10571	445	245	15692	948	0	17330
10572	323	15684	742	574	0	17323
10573	358	735	331	15819	0	17243
10574	284	341	15518	966	0	17109
10575	274	274	15343	578	0	16469
10576	251	14901	892	457	0	16501
10577	13920	665	368	492	0	15445
10578	696	14082	338	405	0	15521
10579	14035	628	287	431	0	15381
10580	724	336	13743	425	0	15228
10581	13455	238	690	410	0	14793
10582	702	13809	404	404	0	15319
10583	424	614	286	14003	0	15327
10584	351	318	273	14652	0	15594
10585	14083	291	241	972	0	15587
10586	719	246	13982	570	0	15517
10587	13951	232	668	530	0	15381
10588	14397	223	384	444	0	15448
10589	821	241	13693	456	0	15211
10590	448	226	14149	404	0	15227
10591	385	239	827	13712	0	15163
10592	13809	240	379	886	0	15314
10593	14125	226	340	504	0	15195
10594	842	13702	347	449	0	15340
10595	523	632	277	14034	0	15466
10596	434	337	261	14019	0	15051
10597	420	275	231	14089	0	15015
10598	380	253	239	14354	0	15226
10599	13708	209	300	1078	0	15295
10600	842	209	269	14221	0	15541
10601	496	261	13854	920	0	15531
10602	432	232	13857	591	0	15112
10603	13437	206	810	527	0	14980
10604	812	13444	443	504	0	15203
10605	505	14199	357	429	0	15490
10606	493	761	310	14113	0	15677
10607	446	438	267	14562	0	15713
10608	464	305	275	14471	0	15515
10609	373	298	278	14828	0	15777
10610	406	246	14045	1105	0	15802
10611	364	254	719	14219	0	15556
10612	454	241	363	14478	0	15536
10613	339	280	13557	1124	0	15300
10614	12773	240	742	728	0	14483
10615	794	13232	428	603	0	15057
10616	12733	606	319	585	0	14243
10617	710	351	12154	492	0	13707
10618	512	245	11726	443	0	12926
10619	335	11535	694	459	0	13023
10620	10526	636	589	533	0	12284
10621	9882	313	350	463	0	11008
10622	9963	239	295	493	0	10990
10623	611	9588	289	412	0	10900
10624	9551	475	210	470	0	10706
10625	564	345	9421	410	0	10740
10626	329	9453	457	457	0	10696
10627	9137	509	280	429	0	10355
10628	511	9220	248	426	0	10405
10629	9053	421	227	448	0	10149
10630	8780	245	234	477	0	9736
10631	556	200	8866	405	0	10027
10632	365	8877	445	372	0	10059
10633	8894	399	326	360	0	9979
10634	525	228	8828	364	0	9945
10635	368	8798	419	350	0	9935
10636	446	439	248	8687	0	9820
10637	362	347	8632	440	0	9781
10638	414	234	8460	337	0	9445
10639	317	246	424	8621	0	9608
10640	8484	228	356	462	0	9530
10641	460	8401	263	313	0	9437
10642	403	387	8309	281	0	9380
10643	325	303	8146	279	0	9053
10644	7853	273	410	304	0	8840
10645	504	8184	293	292	0	9273
10646	7527	248	255	362	0	8392
10647	444	7272	234	265	0	8215
10648	7380	282	233	327	0	8222
10649	7194	192	303	265	0	7954
10650	397	6998	280	225	0	7900
10651	382	261	203	7159	0	8005
10652	7565	205	186	379	0	8335
10653	366	195	174	7755	0	8490
10654	280	193	177	8147	0	8797
10655	8083	199	217	380	0	8879
10656	338	8098	218	271	0	8925
10657	8182	335	188	291	0	8996
10658	435	205	8024	208	0	8872
10659	350	198	319	8096	0	8963
10660	254	207	241	8205	0	8907
10661	8045	159	271	460	0	8935
10662	8123	145	281	306	0	8855
10663	387	159	251	8087	0	8884
10664	314	164	8070	359	0	8907
10665	266	154	337	8045	0	8802
10666	203	161	223	8203	0	8790
10667	219	166	209	8224	0	8818
10668	255	181	175	8214	0	8825
10669	8054	158	199	438	0	8849
10670	357	155	8014	298	0	8824
10671	239	8003	352	242	0	8836
10672	243	299	225	7986	0	8753
10673	212	179	227	8282	0	8900
10674	208	180	8143	376	0	8907
10675	231	157	8040	261	0	8689
10676	236	190	308	8289	0	9023
10677	262	150	205	8442	0	9059
10678	228	156	8171	429	0	8984
10679	281	101	323	8185	0	8890
10680	8310	117	239	436	0	9102
10681	393	8409	192	294	0	9288
10682	251	294	8420	274	0	9239
10683	239	8418	317	273	0	9247
10684	242	291	203	8565	0	9301
10685	246	182	8480	358	0	9266
10686	247	8316	346	253	0	9162
10687	254	265	205	8538	0	9262
10688	231	161	8587	368	0	9347
10689	188	143	357	8555	0	9243
10690	208	117	224	8652	0	9201
10691	8528	128	162	512	0	9330
10692	416	126	138	8635	0	9315
10693	8609	117	166	478	0	9370
10694	8432	164	152	341	0	9089
10695	8473	126	137	353	0	9089
10696	409	117	156	8432	0	9114
10697	234	123	8150	447	0	8954
10698	212	117	8016	335	0	8680
10699	8052	120	335	278	0	8785
10700	311	104	8105	253	0	8773
10701	7689	108	357	218	0	8372
10702	317	7768	236	208	0	8529
10703	7919	244	157	249	0	8569
10704	318	178	7978	191	0	8665
10705	193	145	8189	202	0	8729
10706	193	112	310	8306	0	8921
10707	158	88	8567	400	0	9213
10708	137	86	8904	258	0	9385
10709	187	75	403	8995	0	9660
10710	165	109	269	9443	0	9986
10711	177	109	180	9785	0	10251
10712	172	9576	164	499	0	10411
10713	180	352	181	9396	0	10109
10714	179	9894	139	411	0	10623
10715	9856	411	146	258	0	10671
10716	10102	190	161	199	0	10652
10717	492	163	138	9588	0	10381
10718	289	9559	160	379	0	10387
10719	196	375	9747	240	0	10558
10720	9858	181	389	200	0	10628
10721	468	143	220	9831	0	10662
10722	273	95	167	10100	0	10635
10723	238	128	129	10284	0	10779
10724	9868	84	143	608	0	10703
10725	419	9366	142	342	0	10269
10726	238	9826	109	252	0	10425
10727	9469	461	130	191	0	10251
10728	411	9576	157	184	0	10328
10729	9600	415	128	176	0	10319
10730	9663	208	124	219	0	10214
10731	550	9271	140	181	0	10142
10732	323	402	138	9117	0	9980
10733	207	9306	113	456	0	10082
10734	210	410	136	9421	0	10177
10735	238	205	120	10035	0	10598
10736	9855	175	107	671	0	10808
10737	10404	146	112	383	0	11045
10738	623	115	113	10259	0	11110
10739	337	157	9927	542	0	10963
10740	9815	116	429	345	0	10705
10741	517	9911	212	276	0	10916
10742	339	438	181	9952	0	10910
10743	269	222	138	10349	0	10978
10744	224	198	119	10481	0	11022
10745	9768	148	99	766	0	10781
10746	9866	161	96	471	0	10594
10747	620	9205	113	369	0	10307
10748	393	9624	84	292	0	10393
10749	325	521	97	9512	0	10455
10750	271	282	103	9870	0	10526
10751	268	207	9417	673	0	10565
10752	243	177	421	9471	0	10312
10753	206	165	9108	666	0	10145
10754	161	137	8738	431	0	9467
10755	211	8489	521	362	0	9583
10756	240	449	276	8565	0	9530
10757	8602	206	174	608	0	9590
10758	494	200	164	8620	0	9478
10759	299	170	8404	608	0	9481
10760	8357	165	393	424	0	9339
10761	8679	157	225	359	0	9420
10762	626	142	8363	270	0	9401
10763	384	143	399	8691	0	9617
10764	8539	129	284	600	0	9552
10765	546	8514	237	380	0	9677
10766	8754	458	159	368	0	9739
10767	9065	238	165	377	0	9845
10768	653	211	148	8846	0	9858
10769	407	153	154	9306	0	10020
10770	9027	165	169	719	0	10080
10771	625	155	140	9271	0	10191
10772	384	154	8979	680	0	10197
10773	8873	147	472	457	0	9949
10774	9192	142	268	393	0	9995
10775	683	8661	224	318	0	9886
10776	404	9014	157	329	0	9904
10777	321	549	154	8649	0	9673
10778	275	8892	162	585	0	9914
10779	269	506	159	9048	0	9982
10780	8811	269	130	654	0	9864
10781	8758	244	131	414	0	9547
10782	612	8349	166	383	0	9510
10783	8441	474	145	334	0	9394
10784	610	8412	150	315	0	9487
10785	8516	512	143	300	0	9471
10786	8751	275	137	304	0	9467
10787	701	221	8193	297	0	9412
10788	8282	176	428	349	0	9235
10789	648	7953	250	285	0	9136
10790	439	8398	173	293	0	9303
10791	8456	560	140	269	0	9425
10792	646	310	142	8383	0	9481
10793	468	236	8191	547	0	9442
10794	414	192	406	8414	0	9426
10795	348	233	227	8711	0	9519
10796	330	182	8217	671	0	9400
10797	8009	184	439	440	0	9072
10798	560	8094	282	360	0	9296
10799	8246	452	189	329	0	9216
10800	664	278	150	8016	0	9108
10801	8087	248	158	556	0	9049
10802	672	7896	119	376	0	9063
10803	441	504	123	8012	0	9080
10804	7945	288	164	594	0	8991
10805	603	257	7443	407	0	8710
10806	391	199	6996	386	0	7972
10807	6694	177	484	319	0	7674
10808	544	6492	259	302	0	7597
10809	325	5982	155	292	0	6754
10810	363	425	151	5505	0	6444
10811	290	5502	116	448	0	6356
10812	311	416	104	5592	0	6423
10813	269	253	118	5811	0	6451
10814	305	228	103	5695	0	6331
10815	308	5388	113	488	0	6297
10816	291	331	141	5479	0	6242
10817	276	222	5241	438	0	6177
10818	273	5238	249	282	0	6042
10819	228	321	177	4927	0	5653
10820	265	4890	126	374	0	5655
10821	4931	299	101	326	0	5657
10822	4953	202	110	311	0	5576
10823	5025	188	114	276	0	5603
10824	454	4956	103	232	0	5745
10825	316	344	103	4953	0	5716
10826	291	254	4854	334	0	5733
10827	315	217	4786	243	0	5561
10828	4795	199	247	290	0	5531
10829	4961	176	168	257	0	5562
10830	411	167	132	5044	0	5754
10831	313	196	112	5218	0	5839
10832	248	186	5057	447	0	5938
10833	254	4996	252	327	0	5829
10834	265	5039	144	311	0	5759
10835	228	270	4646	274	0	5418
10836	277	186	210	4353	0	5026
10837	273	155	137	3858	0	4423
10838	219	131	135	4384	0	4869
10839	226	150	138	4355	0	4869
10840	4302	146	86	338	0	4872
10841	302	165	4060	229	0	4756
10842	4145	127	169	261	0	4702
10843	304	142	118	4214	0	4778
10844	4223	133	110	299	0	4765
10845	323	149	93	4210	0	4775
10846	255	137	4147	277	0	4816
10847	199	174	199	4243	0	4815
10848	180	169	4285	293	0	4927
10849	195	124	209	4373	0	4901
10850	180	117	4432	306	0	5035
10851	193	4426	228	191	0	5038
10852	181	193	146	4484	0	5004
10853	179	144	146	4496	0	4965
10854	188	4466	132	251	0	5037
10855	4607	216	88	191	0	5102
10856	262	143	87	4613	0	5105
10857	267	112	90	4600	0	5069
10858	4681	102	81	281	0	5145
10859	4682	128	129	191	0	5130
10860	4826	116	87	161	0	5190
10861	4848	127	74	172	0	5221
10862	305	126	4490	141	0	5062
10863	4570	119	156	182	0	5027
10864	4760	108	104	165	0	5137
10865	303	148	87	4491	0	5029
10866	244	138	72	4495	0	4949
10867	4459	116	61	246	0	4882
10868	239	4369	78	198	0	4884
10869	182	168	68	4351	0	4769
10870	202	119	4349	211	0	4881
10871	153	4257	123	179	0	4712
10872	4183	164	121	147	0	4615
10873	4247	111	76	139	0	4573
10874	4210	150	62	114	0	4536
10875	4241	153	63	130	0	4587
10876	205	135	56	4153	0	4549
10877	143	113	4084	183	0	4523
10878	158	134	4233	111	0	4636
10879	161	107	116	4505	0	4889
10880	4807	95	86	164	0	5152
10881	258	106	60	4776	0	5200
10882	170	121	4810	173	0	5274
10883	4926	98	144	127	0	5295
10884	4986	95	100	126	0	5307
10885	259	82	91	4996	0	5428
10886	178	90	5161	166	0	5595
10887	135	84	5208	145	0	5572
10888	5000	89	164	138	0	5391
10889	192	5190	107	109	0	5598
10890	110	171	5269	123	0	5673
10891	136	88	136	5225	0	5585
10892	5250	73	102	231	0	5656
10893	167	5118	99	151	0	5535
10894	112	5190	78	152	0	5532
10895	5199	183	70	121	0	5573
10896	177	102	82	5228	0	5589
10897	5591	83	66	187	0	5927
10898	204	86	55	5691	0	6036
10899	158	69	65	5747	0	6039
10900	106	75	5605	237	0	6023
10901	128	73	5291	130	0	5622
10902	92	96	5634	105	0	5927
10903	107	49	190	5709	0	6055
10904	5760	58	122	191	0	6131
10905	185	65	5730	109	0	6089
10906	111	55	168	5770	0	6104
10907	108	69	5888	197	0	6262
10908	67	6036	164	128	0	6395
10909	79	155	107	6124	0	6465
10910	92	77	66	6183	0	6418
10911	85	67	66	6237	0	6455
10912	6128	58	57	249	0	6492
10913	182	46	70	6172	0	6470
10914	127	42	76	6245	0	6490
10915	6135	68	67	246	0	6516
10916	181	56	6093	142	0	6472
10917	6036	46	164	141	0	6387
10918	6139	42	83	116	0	6380
10919	223	34	6064	86	0	6407
10920	5933	45	166	94	0	6238
10921	238	38	81	6228	0	6585
10922	116	38	6359	199	0	6712
10923	6321	27	159	147	0	6654
10924	6493	38	98	113	0	6742
10925	215	34	80	6444	0	6773
10926	132	34	86	6484	0	6736
10927	126	20	69	6541	0	6756
10928	6364	15	74	254	0	6707
10929	171	6369	69	161	0	6770
10930	6243	111	62	134	0	6550
10931	175	5996	81	88	0	6340
10932	109	6016	75	92	0	6292
10933	89	137	74	6098	0	6398
10934	91	65	67	6158	0	6381
10935	91	47	62	6079	0	6279
10936	85	40	42	6117	0	6284
10937	84	30	5958	225	0	6297
10938	5815	38	146	141	0	6140
10939	176	36	76	6098	0	6386
10940	116	36	6087	189	0	6428
10941	113	39	133	6120	0	6405
10942	104	26	72	6326	0	6528
10943	102	28	6441	207	0	6778
10944	101	33	138	6474	0	6746
10945	98	30	83	6446	0	6657
10946	6452	33	88	232	0	6805
10947	153	28	6536	150	0	6867
10948	6265	22	145	144	0	6576
10949	173	6517	87	121	0	6898
10950	6498	108	76	130	0	6812
10951	6411	51	57	140	0	6659
10952	199	39	76	6411	0	6725
10953	126	34	6387	199	0	6746
10954	107	6652	151	138	0	7048
10955	113	117	81	6600	0	6911
10956	116	6876	73	192	0	7257
10957	6955	142	62	145	0	7304
10958	205	72	6809	116	0	7202
10959	124	57	6791	112	0	7084
10960	123	46	189	6789	0	7147
10961	113	49	7042	202	0	7406
10962	105	44	179	7085	0	7413
10963	118	34	96	7032	0	7280
10964	7231	36	67	266	0	7600
10965	201	7230	79	156	0	7666
10966	125	135	84	7469	0	7813
10967	111	63	64	7583	0	7821
10968	94	48	91	7516	0	7749
10969	94	7262	78	246	0	7680
10970	81	7408	74	172	0	7735
10971	7292	168	73	168	0	7701
10972	7336	85	63	148	0	7632
10973	7306	48	80	138	0	7572
10974	242	43	7155	129	0	7569
10975	147	55	168	7150	0	7520
10976	106	55	7120	226	0	7507
10977	98	7098	173	162	0	7531
10978	6929	135	99	146	0	7309
10979	172	68	6851	124	0	7215
10980	124	56	155	6686	0	7021
10981	85	53	6838	196	0	7172
10982	6611	42	145	140	0	6938
10983	6877	36	95	120	0	7128
10984	6908	43	82	122	0	7155
10985	6820	30	73	132	0	7055
10986	180	38	6941	110	0	7269
10987	6702	35	152	122	0	7011
10988	6922	35	93	114	0	7164
10989	165	6826	77	104	0	7172
10990	6878	104	87	96	0	7165
10991	6947	63	66	109	0	7185
10992	190	48	61	6746	0	7045
10993	103	7005	60	181	0	7349
10994	7425	125	60	138	0	7748
10995	7957	68	55	125	0	8205
10996	246	64	8720	106	0	9136
10997	152	46	8846	88	0	9132
10998	127	37	9162	106	0	9432
10999	96	48	375	8939	0	9458
11000	9012	36	179	307	0	9534
11001	277	8974	134	163	0	9548
11002	9014	250	97	157	0	9518
11003	335	9074	67	116	0	9592
11004	9011	281	59	117	0	9468
11005	328	8872	86	93	0	9379
11006	162	9164	71	101	0	9498
11007	8883	309	78	123	0	9393
11008	282	9028	59	95	0	9464
11009	181	287	61	8960	0	9489
11010	141	121	8946	281	0	9489
11011	117	86	9014	156	0	9373
11012	121	71	327	8758	0	9277
11013	129	59	159	9109	0	9456
11014	106	56	9041	359	0	9562
11015	125	67	271	8898	0	9361
11016	125	49	133	9118	0	9425
11017	9016	54	113	380	0	9563
11018	313	8978	99	189	0	9579
11019	190	265	79	8716	0	9250
11020	151	9124	78	286	0	9639
11021	9019	309	75	172	0	9575
11022	294	9055	76	154	0	9579
11023	9051	303	81	130	0	9565
11024	9127	143	73	112	0	9455
11025	418	103	63	8855	0	9439
11026	223	84	88	8981	0	9376
11027	192	88	63	9109	0	9452
11028	167	77	95	9150	0	9489
11029	105	101	8731	434	0	9371
11030	8154	86	262	285	0	8787
11031	326	8693	138	171	0	9328
11032	215	303	104	8943	0	9565
11033	164	162	94	9115	0	9535
11034	131	9017	75	406	0	9629
11035	8991	310	83	261	0	9645
11036	317	9144	92	168	0	9721
11037	209	353	78	9186	0	9826
11038	184	175	75	9447	0	9881
11039	149	131	62	9491	0	9833
11040	127	96	86	9512	0	9821
11041	9122	88	96	511	0	9817
11042	340	83	9095	269	0	9787
11043	190	93	311	8896	0	9490
11044	174	93	166	9055	0	9488
11045	148	91	119	9164	0	9522
11046	160	84	89	9160	0	9493
11047	8683	79	89	534	0	9385
11048	363	105	8657	257	0	9382
11049	225	129	285	8356	0	8995
11050	184	8310	148	357	0	8999
11051	148	8769	114	219	0	9250
11052	8597	390	88	216	0	9291
11053	355	216	8521	170	0	9262
11054	8071	163	280	152	0	8666
11055	380	115	8277	156	0	8928
11056	216	100	299	8101	0	8716
11057	8239	92	156	383	0	8870
11058	298	8220	128	253	0	8899
11059	192	270	115	7990	0	8567
11060	161	7806	112	354	0	8433
11061	8133	319	102	223	0	8777
11062	8208	166	90	207	0	8671
11063	366	129	68	8182	0	8745
11064	246	120	7879	356	0	8601
11065	176	150	7851	231	0	8408
11066	140	121	320	7746	0	8327
11067	135	7752	188	342	0	8417
11068	158	305	125	8166	0	8754
11069	158	199	96	7949	0	8402
11070	159	163	72	7936	0	8330
11071	186	99	7901	471	0	8657
11072	157	122	275	7944	0	8498
11073	161	84	149	8091	0	8485
11074	121	7816	141	419	0	8497
11075	131	272	98	7835	0	8336
11076	107	178	92	8353	0	8730
11077	128	143	88	8448	0	8807
11078	162	96	106	8454	0	8818
11079	146	90	102	8335	0	8673
11080	136	88	92	8331	0	8647
11081	123	118	102	8151	0	8494
11082	136	113	77	8031	0	8357
11083	126	104	7485	532	0	8247
11084	162	104	266	7668	0	8200
11085	7530	98	167	448	0	8243
11086	312	94	140	7441	0	7987
11087	225	80	7436	466	0	8207
11088	7199	126	263	318	0	7906
11089	7697	109	134	260	0	8200
11090	7720	120	116	239	0	8195
11091	7764	93	83	241	0	8181
11092	463	91	72	7670	0	8296
11093	242	108	7454	441	0	8245
11094	184	7128	279	310	0	7901
11095	153	6765	165	251	0	7334
11096	119	246	173	5703	0	6241
11097	93	105	118	5655	0	5971
11098	96	88	97	5531	0	5812
11099	109	71	60	5785	0	6025
11100	98	96	52	6410	0	6656
11101	6681	107	64	361	0	7213
11102	277	6676	71	226	0	7250
11103	144	7043	52	223	0	7462
11104	149	322	47	7163	0	7681
11105	93	203	62	7378	0	7736
11106	117	125	55	7336	0	7633
11107	101	99	54	7397	0	7651
11108	109	83	6864	491	0	7547
11109	78	6731	253	316	0	7378
11110	98	243	143	6931	0	7415
11111	6709	138	121	405	0	7373
11112	293	105	57	6967	0	7422
11113	133	89	6781	473	0	7476
11114	102	89	6635	301	0	7127
11115	114	79	6987	272	0	7452
11116	109	87	327	6914	0	7437
11117	7045	80	159	415	0	7699
11118	294	100	97	7195	0	7686
11119	161	87	77	7498	0	7823
11120	7263	95	79	469	0	7906
11121	319	96	74	7494	0	7983
11122	197	96	81	7685	0	8059
11123	145	79	7693	462	0	8379
11124	109	7770	267	322	0	8468
11125	101	266	126	8211	0	8704
11126	7983	119	111	464	0	8677
11127	288	89	83	8255	0	8715
11128	168	78	8071	458	0	8775
11129	145	70	286	8204	0	8705
11130	121	8077	137	459	0	8794
11131	106	300	98	8384	0	8888
11132	106	133	8205	498	0	8942
11133	76	8572	283	325	0	9256
11134	114	325	150	8948	0	9537
11135	119	161	127	9865	0	10272
11136	105	135	78	10076	0	10394
11137	82	65	85	10247	0	10479
11138	76	78	9627	686	0	10467
11139	86	9684	366	419	0	10555
11140	9722	346	185	340	0	10593
11141	10050	157	139	278	0	10624
11142	470	127	132	9922	0	10651
11143	227	89	9740	572	0	10628
11144	9587	68	378	391	0	10424
11145	392	97	188	10062	0	10739
11146	196	72	10159	564	0	10991
11147	209	83	390	10293	0	10975
11148	140	82	193	10436	0	10851
11149	130	100	153	10680	0	11063
11150	109	99	10505	682	0	11395
11151	169	97	371	10173	0	10810
11152	135	10462	203	564	0	11364
11153	10566	344	181	367	0	11458
11154	10678	157	120	346	0	11301
11155	10745	129	112	326	0	11312
11156	514	10416	108	319	0	11357
11157	10517	354	111	302	0	11284
11158	461	187	111	10408	0	11167
11159	10289	145	115	564	0	11113
11160	10473	104	107	380	0	11064
11161	523	104	10025	336	0	10988
11162	292	10020	378	279	0	10969
11163	10144	361	198	288	0	10991
11164	444	178	186	10187	0	10995
11165	235	155	10052	535	0	10977
11166	206	10081	379	361	0	11027
11167	9990	368	158	372	0	10888
11168	422	159	149	10163	0	10893
11169	257	140	128	10344	0	10869
11170	220	97	112	10366	0	10795
11171	164	9925	117	674	0	10880
11172	185	362	100	10215	0	10862
11173	165	9891	97	610	0	10763
11174	172	392	125	10246	0	10935
11175	155	206	10006	605	0	10972
11176	193	159	367	10215	0	10934
11177	180	111	195	10421	0	10907
11178	185	85	161	10603	0	11034
11179	131	97	10022	749	0	10999
11180	165	100	373	10192	0	10830
11181	151	104	210	10558	0	11023
11182	157	118	184	10624	0	11083
11183	152	120	128	10664	0	11064
11184	186	108	150	10703	0	11147
11185	164	113	10124	754	0	11155
11186	183	107	391	10366	0	11047
11187	188	103	212	10414	0	10917
11188	9768	90	174	712	0	10744
11189	414	9531	136	477	0	10558
11190	271	9957	113	413	0	10754
11191	226	430	112	10022	0	10790
11192	162	239	128	10076	0	10605
11193	135	9505	125	700	0	10465
11194	150	373	107	9727	0	10357
11195	143	9455	120	648	0	10366
11196	158	411	129	9687	0	10385
11197	156	212	109	9749	0	10226
11198	154	171	9113	663	0	10101
11199	143	8776	354	470	0	9743
11200	150	8539	154	408	0	9251
11201	7673	308	141	331	0	8453
11202	249	7658	126	285	0	8318
11203	168	332	100	7560	0	8160
11204	153	156	7221	464	0	7994
11205	148	139	223	7391	0	7901
11206	7166	117	144	503	0	7930
11207	247	126	7279	339	0	7991
11208	158	7395	273	305	0	8131
11209	228	297	150	6710	0	7385
11210	145	155	114	7870	0	8284
11211	7634	119	132	484	0	8369
11212	230	126	117	7891	0	8364
11213	185	109	139	7866	0	8299
11214	148	124	112	7899	0	8283
11215	134	99	114	7845	0	8192
11216	7379	103	112	536	0	8130
11217	7394	114	88	428	0	8024
11218	289	105	91	7609	0	8094
11219	7306	105	108	483	0	8002
11220	297	109	85	7272	0	7763
11221	163	106	6905	479	0	7653
11222	137	119	6659	383	0	7298
11223	138	128	274	6369	0	6909
11224	132	6292	141	426	0	6991
11225	120	225	127	6470	0	6942
11226	6231	144	110	434	0	6919
11227	223	148	94	6478	0	6943
11228	6214	106	114	472	0	6906
11229	256	119	90	6473	0	6938
11230	160	102	6333	444	0	7039
11231	127	6236	220	326	0	6909
11232	122	6458	140	328	0	7048
11233	129	263	108	5872	0	6372
11234	102	140	5643	388	0	6273
11235	88	4906	132	271	0	5397
11236	136	114	113	4831	0	5194
11237	4637	89	82	293	0	5101
11238	129	89	4686	220	0	5124
11239	118	122	96	4751	0	5087
11240	139	78	89	4915	0	5221
11241	122	97	4746	239	0	5204
11242	126	79	4438	216	0	4859
11243	97	109	4741	187	0	5134
11244	125	77	116	4885	0	5203
11245	88	79	4892	249	0	5308
11246	4672	87	119	207	0	5085
11247	138	67	73	5240	0	5518
11248	104	82	5773	248	0	6207
11249	111	5928	123	214	0	6376
11250	95	137	5813	184	0	6229
11251	89	104	130	5844	0	6167
11252	5917	113	77	238	0	6345
11253	204	85	50	6123	0	6462
11254	149	76	62	6247	0	6534
11255	6634	78	62	294	0	7068
11256	200	106	37	6892	0	7235
11257	135	62	6879	297	0	7373
11258	6759	68	178	238	0	7243
11259	213	6991	89	192	0	7485
11260	7127	191	76	196	0	7590
11261	202	122	87	7200	0	7611
11262	104	126	7046	283	0	7559
11263	104	98	7066	218	0	7486
11264	68	76	214	7196	0	7554
11265	68	76	128	7176	0	7448
11266	40	83	7073	350	0	7546
11267	81	54	6823	242	0	7200
11268	6908	71	217	234	0	7430
11269	161	73	107	7219	0	7560
11270	7141	61	69	352	0	7623
11271	184	81	78	7250	0	7593
11272	81	93	7311	314	0	7799
11273	59	75	7592	232	0	7958
11274	65	57	229	7779	0	8130
11275	62	57	143	8001	0	8263
11276	47	56	8039	377	0	8519
11277	7932	63	217	262	0	8474
11278	224	51	112	8475	0	8862
11279	8805	53	100	345	0	9303
11280	262	9777	77	227	0	10343
11281	123	310	56	10134	0	10623
11282	10047	137	64	460	0	10708
11283	331	95	10083	241	0	10750
11284	150	57	312	10264	0	10783
11285	103	70	158	10354	0	10685
11286	89	57	102	10647	0	10895
11287	80	62	10200	545	0	10887
11288	121	65	322	10145	0	10653
11289	88	10234	156	412	0	10890
11290	73	341	100	10442	0	10956
11291	64	138	10277	467	0	10946
11292	74	108	10487	237	0	10906
11293	78	74	423	10418	0	10993
11294	84	53	200	10671	0	11008
11295	76	58	123	10874	0	11131
11296	85	51	87	10931	0	11154
11297	10464	42	101	583	0	11190
11298	10625	58	72	293	0	11048
11299	448	63	10349	199	0	11059
11300	193	10559	337	208	0	11297
11301	157	301	166	10915	0	11539
11302	11060	115	102	471	0	11748
11303	10069	101	114	339	0	10623
11304	11343	42	91	238	0	11714
11305	11462	42	88	214	0	11806
11306	476	49	11087	164	0	11776
11307	10816	42	365	163	0	11386
11308	437	10724	165	162	0	11488
11309	226	315	132	10976	0	11649
11310	131	125	11046	449	0	11751
11311	142	75	360	11004	0	11581
11312	104	53	11046	492	0	11695
11313	135	28	417	11077	0	11657
11314	138	59	174	11453	0	11824
11315	11154	36	140	577	0	11907
11316	424	50	118	11294	0	11886
11317	199	45	11250	501	0	11995
11318	172	63	372	11642	0	12249
11319	11517	41	199	554	0	12311
11320	420	56	157	11754	0	12387
11321	197	50	11604	503	0	12354
11322	141	11476	414	292	0	12323
11323	11797	324	195	270	0	12586
11324	405	129	154	11399	0	12087
11325	209	11965	119	453	0	12746
11326	11931	328	132	290	0	12681
11327	403	141	11901	220	0	12665
11328	212	11803	401	213	0	12629
11329	197	327	205	12015	0	12744
11330	118	138	11899	482	0	12637
11331	124	105	418	11677	0	12324
11332	11647	81	197	554	0	12479
11333	412	57	11539	305	0	12313
11334	219	61	390	11658	0	12328
11335	191	59	11723	477	0	12450
11336	174	62	454	11636	0	12326
11337	149	52	233	12034	0	12468
11338	11583	73	162	605	0	12423
11339	413	11580	135	355	0	12483
11340	231	324	141	11928	0	12624
11341	11789	128	118	532	0	12567
11342	11943	100	159	286	0	12488
11343	488	73	137	11664	0	12362
11344	243	11231	157	494	0	12125
11345	197	11782	122	305	0	12406
11346	149	386	145	11603	0	12283
11347	168	158	125	11661	0	12112
11348	10717	113	138	548	0	11516
11349	384	68	131	10694	0	11277
11350	181	67	10250	517	0	11015
11351	9736	63	326	327	0	10452
11352	362	9969	183	293	0	10807
11353	10055	279	171	234	0	10739
11354	399	130	10098	258	0	10885
11355	208	10119	348	209	0	10884
11356	9997	273	197	270	0	10737
11357	10100	117	164	219	0	10600
11358	418	110	9954	165	0	10647
11359	9829	95	312	210	0	10446
11360	10071	69	180	207	0	10527
11361	382	10010	149	201	0	10742
11362	246	266	118	10262	0	10892
11363	199	125	10084	400	0	10808
11364	171	102	336	10381	0	10990
11365	132	95	10563	466	0	11256
11366	162	80	385	10503	0	11130
11367	10690	68	191	509	0	11458
11368	414	68	165	11032	0	11679
11369	206	85	11660	490	0	12441
11370	11935	63	402	311	0	12711
11371	471	67	234	12289	0	13061
11372	256	62	11977	533	0	12828
11373	11526	54	467	318	0	12365
11374	492	66	213	11853	0	12624
11375	255	96	11571	516	0	12438
11376	246	86	11264	302	0	11898
11377	216	124	497	11138	0	11975
11378	168	67	11339	497	0	12071
11379	167	10801	450	291	0	11709
11380	149	285	221	9794	0	10449
11381	9636	126	152	422	0	10336
11382	323	105	9607	247	0	10282
11383	191	72	9551	256	0	10070
11384	9003	60	382	243	0	9688
11385	317	65	9600	222	0	10204
11386	9101	53	370	237	0	9761
11387	339	59	9515	185	0	10098
11388	236	77	342	9325	0	9980
11389	185	81	9545	346	0	10157
11390	159	67	366	9424	0	10016
11391	141	77	9698	391	0	10307
11392	163	58	9440	262	0	9923
11393	8938	62	386	248	0	9634
11394	290	9316	274	202	0	10082
11395	9612	234	189	191	0	10226
11396	343	9555	163	175	0	10236
11397	279	257	141	9654	0	10331
11398	231	135	172	9888	0	10426
11399	9824	117	167	386	0	10494
11400	351	76	145	9668	0	10240
11401	226	58	9569	385	0	10238
11402	9116	63	303	267	0	9749
11403	9421	48	223	220	0	9912
11404	433	56	195	9261	0	9945
11405	258	85	9378	338	0	10059
11406	203	78	329	9266	0	9876
11407	159	9225	233	385	0	10002
11408	159	256	175	9475	0	10065
11409	164	127	167	9740	0	10198
11410	149	121	9350	434	0	10054
11411	8454	83	335	332	0	9204
11412	313	9138	224	246	0	9921
11413	9178	251	178	240	0	9847
11414	391	9239	148	210	0	9988
11415	245	296	148	9049	0	9738
11416	186	9321	167	341	0	10015
11417	162	283	9125	269	0	9839
11418	183	152	323	8692	0	9350
11419	188	109	215	8880	0	9392
11420	164	71	206	9190	0	9631
11421	8866	84	190	470	0	9610
11422	354	104	152	8976	0	9586
11423	8758	97	153	445	0	9453
11424	8877	99	151	300	0	9427
11425	8753	98	151	274	0	9276
11426	450	101	8556	207	0	9314
11427	297	88	331	8601	0	9317
11428	223	88	244	8993	0	9548
11429	187	91	222	9246	0	9746
11430	9364	73	190	529	0	10156
11431	401	80	150	9574	0	10205
11432	272	72	185	9906	0	10435
11433	10197	84	164	553	0	10998
11434	427	73	186	10480	0	11166
11435	275	74	10562	542	0	11453
11436	237	75	10777	356	0	11445
11437	231	56	552	10850	0	11689
11438	10717	75	304	552	0	11648
11439	10663	76	259	337	0	11335
11440	622	76	177	10554	0	11429
11441	358	77	10460	507	0	11402
11442	258	10193	471	318	0	11240
11443	213	386	283	10505	0	11387
11444	191	178	222	10812	0	11403
11445	212	128	210	10842	0	11392
11446	10503	86	184	686	0	11459
11447	497	70	10506	395	0	11468
11448	10475	63	498	320	0	11356
11449	577	69	263	10289	0	11198
11450	307	10392	239	491	0	11429
11451	10594	387	181	331	0	11493
11452	10666	162	191	305	0	11324
11453	604	134	10759	234	0	11731
11454	329	9916	476	265	0	10986
11455	252	10356	271	245	0	11124
11456	10190	414	222	269	0	11095
11457	498	193	185	10181	0	11057
11458	331	130	162	10216	0	10839
11459	258	97	161	10133	0	10649
11460	210	9365	163	664	0	10402
11461	175	10038	176	372	0	10761
11462	9790	438	147	324	0	10699
11463	484	207	151	9797	0	10639
11464	240	140	10248	509	0	11137
11465	258	92	479	10695	0	11524
11466	196	108	11551	619	0	12474
11467	205	78	11642	377	0	12302
11468	192	110	11737	283	0	12322
11469	151	10326	737	203	0	11417
11470	234	400	435	9572	0	10641
11471	138	10015	296	487	0	10936
11472	179	459	255	9475	0	10368
11473	186	232	175	10359	0	10952
11474	10004	176	166	694	0	11040
11475	480	124	159	10235	0	10998
11476	9959	105	146	660	0	10870
11477	10171	101	126	427	0	10825
11478	639	94	137	9749	0	10619
11479	357	9582	121	576	0	10636
11480	308	389	137	9514	0	10348
11481	251	9627	127	565	0	10570
11482	221	464	154	9820	0	10659
11483	172	259	9662	594	0	10687
11484	197	178	459	9824	0	10658
11485	170	156	251	10166	0	10743
11486	9539	121	201	755	0	10616
11487	448	9516	181	496	0	10641
11488	299	417	159	9843	0	10718
11489	260	217	143	9862	0	10482
11490	206	9501	146	704	0	10557
11491	216	466	126	9809	0	10617
11492	9041	248	130	748	0	10167
11493	9600	211	98	469	0	10378
11494	599	9297	100	393	0	10389
11495	441	469	106	9465	0	10481
11496	9155	261	101	646	0	10163
11497	524	9260	126	446	0	10356
11498	363	499	124	8850	0	9836
11499	286	9250	128	624	0	10288
11500	9224	500	127	470	0	10321
11501	551	309	8986	342	0	10188
11502	341	239	9090	324	0	9994
11503	310	198	559	9171	0	10238
11504	226	187	9203	653	0	10269
11505	238	148	586	9179	0	10151
11506	9067	150	344	705	0	10266
11507	511	152	9228	498	0	10389
11508	356	145	511	9387	0	10399
11509	289	157	295	9757	0	10498
11510	9385	145	228	810	0	10568
11511	554	9393	192	522	0	10661
11512	9539	493	154	437	0	10623
11513	9648	288	154	413	0	10503
11514	684	9245	142	362	0	10433
11515	455	475	156	9488	0	10574
11516	333	327	9213	608	0	10481
11517	299	239	459	9306	0	10303
11518	273	9222	270	699	0	10464
11519	9485	506	215	507	0	10713
11520	540	297	182	9742	0	10761
11521	361	257	9582	693	0	10893
11522	308	220	439	9935	0	10902
11523	288	195	289	10194	0	10966
11524	277	165	221	10391	0	11054
11525	239	166	191	10451	0	11047
11526	248	179	201	10157	0	10785
11527	207	163	9437	1006	0	10813
11528	256	164	9223	669	0	10312
11529	223	8932	562	554	0	10271
11530	187	9137	331	455	0	10110
11531	8810	560	267	383	0	10020
11532	492	353	8686	362	0	9893
11533	8183	272	465	341	0	9261
11534	503	223	7964	328	0	9018
11535	356	164	7656	295	0	8471
11536	258	159	541	7464	0	8422
11537	7770	155	335	533	0	8793
11538	449	141	248	7987	0	8825
11539	310	172	199	8187	0	8868
11540	211	151	8415	695	0	9472
11541	226	155	353	8752	0	9486
11542	203	153	243	8827	0	9426
11543	172	143	202	8980	0	9497
11544	201	159	167	8951	0	9478
11545	222	130	145	9030	0	9527
11546	8500	159	143	724	0	9526
11547	393	137	147	8776	0	9453
11548	291	146	8229	628	0	9294
11549	218	186	330	8525	0	9259
11550	200	165	8255	585	0	9205
11551	238	167	379	8436	0	9220
11552	182	159	8513	577	0	9431
11553	164	154	424	8202	0	8944
11554	139	150	303	8567	0	9159
11555	140	151	8164	642	0	9097
11556	7540	126	361	524	0	8551
11557	313	127	8325	441	0	9206
11558	257	134	369	8532	0	9292
11559	8533	128	289	531	0	9481
11560	358	146	237	8726	0	9467
11561	299	133	184	8829	0	9445
11562	239	117	8574	579	0	9509
11563	186	8217	332	503	0	9238
11564	148	7636	249	397	0	8430
11565	141	7464	192	337	0	8134
11566	133	188	189	6361	0	6871
11567	6204	124	145	267	0	6740
11568	158	105	114	6287	0	6664
11569	114	122	93	6265	0	6594
11570	106	101	78	6365	0	6650
11571	128	105	82	6298	0	6613
11572	118	6136	88	268	0	6610
11573	105	113	84	6453	0	6755
11574	120	88	94	6413	0	6715
11575	118	6264	90	252	0	6724
11576	6407	130	80	232	0	6849
11577	144	88	97	6510	0	6839
11578	6475	96	91	249	0	6911
11579	6381	119	93	212	0	6805
11580	135	6498	82	223	0	6938
11581	119	126	98	6985	0	7328
11582	100	93	6819	237	0	7249
11583	93	97	6615	209	0	7014
11584	106	64	125	6837	0	7132
11585	6876	78	83	256	0	7293
11586	7006	87	91	208	0	7392
11587	129	95	85	7080	0	7389
11588	7074	87	84	243	0	7488
11589	140	6983	89	183	0	7395
11590	7160	129	88	190	0	7567
11591	132	7389	83	190	0	7794
11592	123	97	91	7646	0	7957
11593	115	80	103	7665	0	7963
11594	97	7546	84	203	0	7930
11595	7518	92	114	205	0	7929
11596	120	79	7407	167	0	7773
11597	86	80	133	7566	0	7865
11598	97	57	7595	183	0	7932
11599	88	62	137	7541	0	7828
11600	7645	49	123	209	0	8026
11601	108	40	114	7745	0	8007
11602	7628	50	110	193	0	7981
11603	7524	47	95	192	0	7858
11604	121	46	102	7608	0	7877
11605	100	54	7529	183	0	7866
11606	97	7816	105	160	0	8178
11607	73	89	90	7899	0	8151
11608	7736	51	77	203	0	8067
11609	100	64	7542	161	0	7867
11610	100	57	113	7571	0	7841
11611	88	64	81	7586	0	7819
11612	75	51	77	7759	0	7962
11613	7658	49	64	212	0	7983
11614	85	48	75	7606	0	7814
11615	55	30	86	7790	0	7961
11616	47	40	7650	200	0	7937
11617	54	36	112	7682	0	7884
11618	60	52	72	7793	0	7977
11619	59	27	73	7955	0	8114
11620	45	7716	75	198	0	8034
11621	57	55	73	7726	0	7911
11622	50	44	63	7664	0	7821
11623	7344	38	67	209	0	7658
11624	83	42	7285	138	0	7548
11625	62	37	6847	124	0	7070
11626	48	7279	113	115	0	7555
11627	37	64	105	7601	0	7807
11628	7512	52	80	138	0	7782
11629	84	42	53	7480	0	7659
11630	73	36	49	7500	0	7658
11631	74	14	51	7603	0	7742
11632	46	21	65	7447	0	7579
11633	51	18	48	7430	0	7547
11634	35	13	7385	139	0	7572
11635	45	15	71	7352	0	7483
11636	7323	12	47	163	0	7545
11637	60	7031	42	123	0	7256
11638	50	49	44	7247	0	7390
11639	34	35	48	7267	0	7384
11640	25	23	6956	140	0	7144
11641	43	36	70	6740	0	6889
11642	34	18	47	7108	0	7207
11643	7187	19	40	184	0	7430
11644	75	7368	36	111	0	7590
11645	61	74	29	7589	0	7753
11646	49	40	40	7644	0	7773
11647	40	36	34	7708	0	7818
11648	21	21	7724	162	0	7928
11649	33	29	7192	117	0	7371
11650	28	7528	135	83	0	7774
11651	26	7899	71	78	0	8074
11652	35	118	47	7845	0	8045
11653	32	7576	49	163	0	7820
11654	45	133	21	8643	0	8842
11655	42	61	33	9455	0	9591
11656	46	37	26	9939	0	10048
11657	35	30	32	11130	0	11227
11658	28	33	11199	464	0	11724
11659	51	27	285	11217	0	11580
11660	35	21	153	11536	0	11745
11661	35	29	99	11836	0	11999
11662	11113	30	54	644	0	11841
11663	306	11415	63	343	0	12127
11664	189	320	36	10958	0	11503
11665	103	11582	57	446	0	12188
11666	11153	409	37	358	0	11957
11667	10220	209	39	361	0	10829
11668	400	11459	49	206	0	12114
11669	250	11996	27	176	0	12449
11670	145	553	11481	141	0	12320
11671	108	12033	325	159	0	12625
11672	124	517	171	11761	0	12573
11673	11824	283	99	503	0	12709
11674	406	12137	73	269	0	12885
11675	227	490	69	12285	0	13071
11676	172	310	62	12524	0	13068
11677	122	213	77	12873	0	13285
11678	12363	149	53	759	0	13324
11679	433	175	12187	433	0	13228
11680	11749	139	369	336	0	12593
11681	505	12075	200	253	0	13033
11682	283	439	127	12297	0	13146
11683	208	263	12051	559	0	13081
11684	11528	173	429	408	0	12538
11685	507	12056	226	259	0	13048
11686	309	475	166	11861	0	12811
11687	204	12132	112	522	0	12970
11688	172	540	98	12331	0	13141
11689	179	306	82	12657	0	13224
11690	132	240	12083	693	0	13148
11691	129	174	11849	469	0	12621
11692	135	183	567	11982	0	12867
11693	102	156	12118	656	0	13032
11694	127	139	525	12100	0	12891
11695	170	123	311	11894	0	12498
11696	127	108	218	12669	0	13122
11697	12022	123	182	866	0	13193
11698	472	96	184	12533	0	13285
11699	251	122	12205	752	0	13330
11700	12192	102	476	539	0	13309
11701	498	114	283	12689	0	13584
11702	325	119	197	12998	0	13639
11703	12500	117	124	889	0	13630
11704	487	12704	155	595	0	13941
11705	327	450	141	13154	0	14072
11706	242	265	140	13114	0	13761
11707	12508	195	149	874	0	13726
11708	527	146	12346	620	0	13639
11709	341	146	468	12646	0	13601
11710	255	133	282	12924	0	13594
11711	178	164	195	12822	0	13359
11712	198	12293	132	953	0	13576
11713	191	458	153	12868	0	13670
11714	12355	280	114	859	0	13608
11715	483	12369	166	600	0	13618
11716	12260	482	132	558	0	13432
11717	584	12484	112	458	0	13638
11718	12479	567	127	510	0	13683
11719	642	349	12194	402	0	13587
11720	367	318	12163	387	0	13235
11721	12187	217	603	436	0	13443
11722	577	237	12566	391	0	13771
11723	436	196	554	12461	0	13647
11724	392	214	363	11465	0	12434
11725	244	163	302	13066	0	13775
11726	12494	176	218	955	0	13843
11727	567	162	12247	623	0	13599
11728	12319	154	526	535	0	13534
11729	656	173	362	12930	0	14121
11730	12837	162	249	861	0	14109
11731	697	192	186	13198	0	14273
11732	13481	175	202	902	0	14760
11733	802	186	171	14402	0	15561
11734	452	184	14441	928	0	16005
11735	14638	174	620	637	0	16069
11736	15404	178	371	535	0	16488
11737	1004	147	275	15205	0	16631
11738	593	161	202	15271	0	16227
11739	415	14970	236	1105	0	16726
11740	14730	594	219	760	0	16303
11741	770	14985	220	599	0	16574
11742	14829	699	204	528	0	16260
11743	906	366	14553	475	0	16300
11744	553	305	14457	466	0	15781
11745	419	234	14268	501	0	15422
11746	13940	219	896	492	0	15547
11747	834	14163	456	463	0	15916
11748	554	651	363	14176	0	15744
11749	14030	367	308	916	0	15621
11750	808	14027	295	618	0	15748
11751	576	765	252	13625	0	15218
11752	430	13478	222	893	0	15023
11753	352	13346	216	631	0	14545
11754	360	13569	213	505	0	14647
11755	12167	782	227	503	0	13679
11756	640	12026	203	436	0	13305
11757	392	10701	161	393	0	11647
11758	306	10610	201	345	0	11462
11759	10280	531	194	421	0	11426
11760	10463	285	167	418	0	11333
11761	574	245	9959	365	0	11143
11762	9931	215	384	336	0	10866
11763	10281	251	244	323	0	11099
11764	624	214	196	10090	0	11124
11765	10264	238	174	572	0	11248
11766	607	212	9990	372	0	11181
11767	398	10547	378	341	0	11664
11768	10639	498	242	348	0	11727
11769	555	328	189	10956	0	12028
11770	10963	248	240	590	0	12041
11771	586	254	10458	378	0	11676
11772	10588	187	441	408	0	11624
11773	636	186	221	10835	0	11878
11774	330	267	10634	581	0	11812
11775	293	10123	420	449	0	11285
11776	270	10730	214	414	0	11628
11777	276	542	188	10393	0	11399
11778	354	293	198	10227	0	11072
11779	263	10330	235	548	0	11376
11780	10395	449	184	378	0	11406
11781	10392	288	195	346	0	11221
11782	10384	213	187	369	0	11153
11783	605	10179	228	310	0	11322
11784	440	400	175	9821	0	10836
11785	324	10323	161	494	0	11302
11786	10280	473	166	414	0	11333
11787	10355	303	133	391	0	11182
11788	602	10112	144	351	0	11209
11789	10322	433	178	373	0	11306
11790	605	243	217	10235	0	11300
11791	396	213	213	10450	0	11272
11792	10385	190	179	655	0	11409
11793	10231	187	201	425	0	11044
11794	10371	176	155	405	0	11107
11795	661	171	141	10182	0	11155
11796	448	176	136	10479	0	11239
11797	399	181	9936	617	0	11133
11798	357	187	386	10045	0	10975
11799	333	209	233	10078	0	10853
11800	371	217	9504	616	0	10708
11801	317	225	9124	442	0	10108
11802	332	220	9600	374	0	10526
11803	380	242	485	9461	0	10568
11804	319	271	9367	516	0	10473
11805	313	242	479	9327	0	10361
11806	373	207	236	9608	0	10424
11807	375	219	9334	563	0	10491
11808	301	218	9466	373	0	10358
11809	342	200	487	9382	0	10411
11810	311	212	9797	582	0	10902
11811	324	214	9774	369	0	10681
11812	315	9822	522	280	0	10939
11813	10084	442	287	323	0	11136
11814	10254	282	235	277	0	11048
11815	10241	272	221	266	0	11000
11816	731	9750	187	258	0	10926
11817	449	10157	181	244	0	11031
11818	426	500	189	10067	0	11182
11819	338	275	247	10197	0	11057
11820	320	243	9845	585	0	10993
11821	398	164	459	9899	0	10920
11822	9887	171	316	608	0	10982
11823	585	198	222	9544	0	10549
11824	371	9764	188	586	0	10909
11825	10269	447	185	395	0	11296
11826	10498	268	181	325	0	11272
11827	10608	246	230	282	0	11366
11828	754	235	10107	247	0	11343
11829	430	231	422	10564	0	11647
11830	11243	185	247	581	0	12256
11831	651	196	11353	347	0	12547
11832	408	10797	566	289	0	12060
11833	313	10598	285	273	0	11469
11834	9831	523	261	224	0	10839
11835	574	9670	166	213	0	10623
11836	382	478	161	9346	0	10367
11837	273	305	9431	459	0	10468
11838	277	261	376	9396	0	10310
11839	9383	264	200	477	0	10324
11840	499	9381	177	235	0	10292
11841	9337	507	146	217	0	10207
11842	563	262	9154	167	0	10146
11843	309	257	432	8817	0	9815
11844	256	9453	242	403	0	10354
11845	257	439	205	9656	0	10557
11846	9846	268	152	435	0	10701
11847	10000	260	107	279	0	10646
11848	9988	207	128	268	0	10591
11849	10157	201	132	194	0	10684
11850	562	211	131	9685	0	10589
11851	301	179	9886	444	0	10810
11852	289	214	344	9579	0	10426
11853	249	9876	171	414	0	10710
11854	10040	388	139	267	0	10834
11855	488	209	9873	193	0	10763
11856	9710	181	367	188	0	10446
11857	474	178	188	9977	0	10817
11858	314	145	10220	391	0	11070
11859	308	113	365	10187	0	10973
11860	10417	130	187	461	0	11195
11861	10549	121	204	260	0	11134
11862	10588	111	150	242	0	11091
11863	550	140	10304	194	0	11188
11864	342	138	337	10262	0	11079
11865	279	150	10484	413	0	11326
11866	215	10413	384	257	0	11269
11867	10056	343	203	235	0	10837
11868	407	9749	164	230	0	10550
11869	9643	305	130	254	0	10332
11870	442	172	140	9252	0	10006
11871	287	9408	156	328	0	10179
11872	9593	287	143	237	0	10260
11873	369	189	9480	212	0	10250
11874	280	144	303	9506	0	10233
11875	9645	159	146	381	0	10331
11876	383	142	9573	230	0	10328
11877	281	120	271	9375	0	10047
11878	239	9221	179	329	0	9968
11879	267	297	132	9753	0	10449
11880	291	151	126	9888	0	10456
11881	9737	136	138	410	0	10421
11882	405	9559	146	231	0	10341
11883	257	306	120	9570	0	10253
11884	206	9700	148	372	0	10426
11885	225	279	163	9699	0	10366
11886	247	9829	152	355	0	10583
11887	9901	279	140	271	0	10591
11888	387	181	9967	203	0	10738
11889	267	116	324	9925	0	10632
11890	217	93	197	10072	0	10579
11891	208	113	172	10155	0	10648
11892	245	97	162	10006	0	10510
11893	225	100	9835	438	0	10598
11894	208	9925	308	298	0	10739
11895	10063	264	213	273	0	10813
11896	10175	155	182	249	0	10761
11897	372	10052	188	215	0	10827
11898	10238	260	187	256	0	10941
11899	10264	166	177	253	0	10860
11900	374	10310	191	221	0	11096
11901	270	283	171	10195	0	10919
11902	225	10424	163	308	0	11120
11903	10375	275	159	235	0	11044
11904	370	172	10249	204	0	10995
11905	9602	145	276	257	0	10280
11906	359	122	10412	216	0	11109
11907	255	135	327	10324	0	11041
11908	10408	123	184	378	0	11093
11909	383	140	10165	222	0	10910
11910	9840	119	288	224	0	10471
11911	10293	140	183	199	0	10815
11912	449	152	121	10058	0	10780
11913	293	10122	142	304	0	10861
11914	10424	294	109	237	0	11064
11915	404	203	99	10275	0	10981
11916	272	10058	106	318	0	10754
11917	10289	300	97	237	0	10923
11918	386	165	131	10327	0	11009
11919	249	10510	145	333	0	11237
11920	235	274	134	10940	0	11583
11921	10963	152	122	406	0	11643
11922	10985	146	106	251	0	11488
11923	11026	130	105	219	0	11480
11924	433	139	122	10671	0	11365
11925	292	135	108	10719	0	11254
11926	271	124	10592	350	0	11337
11927	234	152	271	10621	0	11278
11928	218	128	10963	344	0	11653
11929	225	116	10191	208	0	10740
11930	171	118	9613	154	0	10056
11931	152	9845	230	135	0	10362
11932	186	231	143	9498	0	10058
11933	156	10691	84	205	0	11136
11934	10948	244	92	168	0	11452
11935	11084	139	97	173	0	11493
11936	340	103	92	11422	0	11957
11937	209	73	11696	329	0	12307
11938	198	92	283	11640	0	12213
11939	180	85	11921	365	0	12551
11940	184	108	310	11576	0	12178
11941	176	11669	156	346	0	12347
11942	163	12242	134	194	0	12733
11943	12004	340	105	207	0	12656
11944	368	188	11941	147	0	12644
11945	243	109	295	11756	0	12403
11946	221	106	121	12084	0	12532
11947	12042	93	108	424	0	12667
11948	386	12030	109	224	0	12749
11949	12117	300	105	203	0	12725
11950	366	12266	123	181	0	12936
11951	12057	315	116	201	0	12689
11952	12281	165	112	184	0	12742
11953	450	163	101	12123	0	12837
11954	269	105	12135	353	0	12862
11955	11643	98	338	233	0	12312
11956	399	12158	157	173	0	12887
11957	12300	309	119	210	0	12938
11958	413	159	123	11807	0	12502
11959	247	109	113	11864	0	12333
11960	223	11682	102	401	0	12408
11961	243	323	72	11535	0	12173
11962	201	11784	96	362	0	12443
11963	199	331	94	11698	0	12322
11964	175	183	86	11661	0	12105
11965	11231	147	105	453	0	11936
11966	367	170	11169	227	0	11933
11967	230	11165	275	175	0	11845
11968	211	327	125	11358	0	12021
11969	11356	169	100	421	0	12046
11970	11626	134	86	242	0	12088
11971	11496	135	82	227	0	11940
11972	466	131	11281	168	0	12046
11973	11362	98	350	213	0	12023
11974	450	114	137	11547	0	12248
11975	11486	106	116	447	0	12155
11976	451	11208	114	206	0	11979
11977	248	367	97	11477	0	12189
11978	11338	186	80	464	0	12068
11979	439	11474	76	257	0	12246
11980	260	376	80	11670	0	12386
11981	226	194	11432	435	0	12287
11982	11706	158	329	269	0	12462
11983	12400	139	125	252	0	12916
11984	558	153	12055	187	0	12953
11985	287	11735	378	174	0	12574
11986	249	12302	173	164	0	12888
11987	247	465	139	12119	0	12970
11988	237	198	120	11838	0	12393
11989	190	164	99	12389	0	12842
11990	193	142	12218	588	0	13141
11991	12096	130	400	341	0	12967
11992	12969	117	184	280	0	13550
11993	13220	133	149	226	0	13728
11994	13317	131	117	207	0	13772
11995	13385	153	123	193	0	13854
11996	13605	144	107	220	0	14076
11997	764	131	122	13729	0	14746
11998	411	116	13526	583	0	14636
11999	310	139	14028	278	0	14755
12000	298	143	580	13897	0	14918
12001	280	153	245	14072	0	14750
12002	276	137	170	14101	0	14684
12003	283	14066	149	744	0	15242
12004	14160	571	142	396	0	15269
12005	713	14467	123	306	0	15609
12006	379	625	140	14360	0	15504
12007	14188	234	115	769	0	15306
12008	726	14254	137	337	0	15454
12009	419	628	123	14382	0	15552
12010	350	265	105	14895	0	15615
12011	318	203	103	14864	0	15488
12012	257	14229	117	889	0	15492
12013	299	645	115	14612	0	15671
12014	266	283	14272	855	0	15676
12015	301	203	639	14713	0	15856
12016	311	189	205	15266	0	15971
12017	308	160	162	16035	0	16665
12018	308	186	120	16446	0	17060
12019	260	196	15567	1136	0	17159
12020	245	15641	726	618	0	17230
12021	278	785	292	15942	0	17297
12022	283	320	209	16805	0	17617
12023	267	260	171	16597	0	17295
12024	219	15415	176	1285	0	17095
12025	193	16741	158	715	0	17807
12026	16066	971	148	595	0	17780
12027	936	431	140	15975	0	17482
12028	385	305	15530	1057	0	17277
12029	306	15588	795	547	0	17236
12030	15192	837	340	559	0	16928
12031	867	390	14973	453	0	16683
12032	401	324	15010	463	0	16198
12033	315	291	14910	402	0	15918
12034	365	314	1008	14050	0	15737
12035	313	220	14285	923	0	15741
12036	239	13516	898	582	0	15235
12037	259	708	456	13341	0	14764
12038	217	345	13391	955	0	14908
12039	265	302	818	13299	0	14684
12040	13042	267	383	992	0	14684
12041	746	285	13081	563	0	14675
12042	12806	263	750	534	0	14353
12043	844	13321	413	433	0	15011
12044	13437	752	357	437	0	14983
12045	921	380	258	13439	0	14998
12046	13453	290	286	969	0	14998
12047	13769	259	284	548	0	14860
12048	13448	318	254	468	0	14488
12049	1092	13206	229	428	0	14955
12050	13475	759	266	428	0	14928
12051	13835	373	273	415	0	14896
12052	1091	324	13068	364	0	14847
12053	614	13078	738	443	0	14873
12054	520	740	432	13197	0	14889
12055	494	375	339	13722	0	14930
12056	449	367	256	13931	0	15003
12057	427	299	13135	1140	0	15001
12058	398	262	745	13500	0	14905
12059	386	282	13276	1137	0	15081
12060	13210	272	814	728	0	15024
12061	13974	230	434	641	0	15279
12062	1069	275	13631	520	0	15495
12063	13705	297	784	522	0	15308
12064	14286	224	431	587	0	15528
12065	14639	227	360	482	0	15708
12066	1244	217	361	13892	0	15714
12067	750	274	13831	936	0	15791
12068	558	13933	774	643	0	15908
12069	611	744	435	14149	0	15939
12070	536	415	14160	968	0	16079
12071	494	300	13791	680	0	15265
12072	13325	307	983	572	0	15187
12073	871	14055	526	559	0	16011
12074	14401	700	413	605	0	16119
12075	14758	384	366	555	0	16063
12076	988	14402	407	516	0	16313
12077	14602	756	364	551	0	16273
12078	1027	418	14682	499	0	16626
12079	672	351	14654	466	0	16143
12080	589	282	14744	483	0	16098
12081	519	14064	994	421	0	15998
12082	13942	684	594	426	0	15646
12083	14203	385	449	460	0	15497
12084	977	13390	430	445	0	15242
12085	618	14196	363	448	0	15625
12086	505	823	398	13899	0	15625
12087	494	495	351	14259	0	15599
12088	13994	366	332	1038	0	15730
12089	803	13951	363	678	0	15795
12090	13978	698	400	508	0	15584
12091	13988	427	329	414	0	15158
12092	1035	399	13360	453	0	15247
12093	704	13195	671	432	0	15002
12094	635	660	417	13269	0	14981
12095	13198	435	366	735	0	14734
12096	834	356	354	12989	0	14533
12097	12541	289	341	823	0	13994
12098	741	282	12206	525	0	13754
12099	549	11688	651	485	0	13373
12100	434	12205	412	490	0	13541
12101	439	625	351	11622	0	13037
12102	405	12027	314	634	0	13380
12103	11942	633	288	512	0	13375
12104	640	448	11669	419	0	13176
12105	11300	396	516	481	0	12693
12106	622	295	11921	507	0	13345
12107	537	296	543	11918	0	13294
12108	453	345	362	12055	0	13215
12109	441	290	329	12305	0	13365
12110	12017	292	275	817	0	13401
12111	629	252	12063	574	0	13518
12112	472	321	516	12061	0	13370
12113	428	235	385	12243	0	13291
12114	395	11513	374	672	0	12954
12115	380	11513	292	559	0	12744
12116	397	11834	294	445	0	12970
12117	328	460	256	11287	0	12331
12118	326	262	263	10847	0	11698
12119	243	10196	322	390	0	11151
12120	245	10361	245	288	0	11139
12121	10131	268	228	364	0	10991
12122	337	195	214	10279	0	11025
12123	229	10063	232	330	0	10854
12124	10214	284	234	219	0	10951
12125	310	234	212	10440	0	11196
12126	11367	151	257	276	0	12051
12127	351	157	235	11578	0	12321
12128	273	171	11734	299	0	12477
12129	284	11693	321	202	0	12500
12130	11524	225	235	240	0	12224
12131	383	152	11829	166	0	12530
12132	292	11641	389	148	0	12470
12133	269	226	277	11604	0	12376
12134	275	145	204	11808	0	12432
12135	279	179	217	11301	0	11976
12136	286	206	163	11121	0	11776
12137	250	158	11481	333	0	12222
12138	249	11422	303	210	0	12184
12139	291	192	168	11552	0	12203
12140	11376	141	192	284	0	11993
12141	322	11497	207	181	0	12207
12142	340	207	152	11901	0	12600
12143	275	219	11734	265	0	12493
12144	322	11748	245	199	0	12514
12145	289	223	180	11084	0	11776
12146	313	12146	172	239	0	12870
12147	12407	293	146	201	0	13047
12148	12416	176	134	193	0	12919
12149	420	228	11932	142	0	12722
12150	11894	140	288	181	0	12503
12151	12336	118	196	199	0	12849
12152	394	143	11899	144	0	12580
12153	261	11873	299	167	0	12600
12154	260	263	187	11829	0	12539
12155	218	153	175	12318	0	12864
12156	12107	154	156	433	0	12850
12157	359	107	199	12185	0	12850
12158	250	126	12117	368	0	12861
12159	11472	109	354	202	0	12137
12160	448	119	11807	139	0	12513
12161	290	11846	329	122	0	12587
12162	11585	273	226	134	0	12218
12163	423	140	11666	135	0	12364
12164	316	171	11153	103	0	11743
12165	290	11468	314	122	0	12194
12166	201	279	225	11622	0	12327
12167	166	197	11500	258	0	12121
12168	214	227	310	10117	0	10868
12169	172	144	186	11228	0	11730
12170	153	150	11045	307	0	11655
12171	159	10818	335	209	0	11521
12172	226	283	166	10959	0	11634
12173	10678	249	151	276	0	11354
12174	10691	173	95	192	0	11151
12175	405	133	112	10606	0	11256
12176	230	197	10487	271	0	11185
12177	233	137	10667	166	0	11203
12178	154	121	375	10493	0	11143
12179	139	116	10488	295	0	11038
12180	10057	122	337	209	0	10725
12181	334	159	145	10495	0	11133
12182	253	115	130	10636	0	11134
12183	211	10533	101	346	0	11191
12184	140	311	91	10782	0	11324
12185	127	212	10395	337	0	11071
12186	9840	132	257	263	0	10492
12187	10364	106	137	254	0	10861
12188	400	100	10487	153	0	11140
12189	239	143	278	10861	0	11521
12190	216	103	149	11327	0	11795
12191	178	110	11214	411	0	11913
12192	157	81	390	11316	0	11944
12193	163	129	173	11359	0	11824
12194	123	11845	164	527	0	12659
12195	171	372	101	12343	0	12987
12196	128	152	113	12799	0	13192
12197	12684	133	109	622	0	13548
12198	13011	94	145	370	0	13620
12199	13308	128	112	267	0	13815
12200	13239	123	102	205	0	13669
12201	13222	103	78	221	0	13624
12202	662	125	12448	184	0	13419
12203	377	87	446	12395	0	13305
12204	263	74	232	12885	0	13454
12205	199	75	12584	626	0	13484
12206	11940	75	506	376	0	12897
12207	12521	76	201	295	0	13093
12208	597	89	11582	220	0	12488
12209	12381	62	416	230	0	13089
12210	12904	61	184	191	0	13340
12211	645	57	12453	160	0	13315
12212	388	57	488	11956	0	12889
12213	249	12404	236	490	0	13379
12214	229	443	161	13005	0	13838
12215	203	177	135	13296	0	13811
12216	202	128	116	13178	0	13624
12217	174	65	12709	754	0	13702
12218	12384	63	520	368	0	13335
12219	13001	56	226	277	0	13560
12220	687	79	180	12599	0	13545
12221	352	67	12435	570	0	13424
12222	307	67	516	12393	0	13283
12223	213	56	12632	674	0	13575
12224	177	73	12931	329	0	13510
12225	153	12642	660	280	0	13735
12226	221	403	309	11932	0	12865
12227	11827	155	213	585	0	12780
12228	11556	112	178	317	0	12163
12229	11819	94	139	270	0	12322
12230	702	67	148	11439	0	12356
12231	335	12066	165	543	0	13109
12232	285	444	141	12523	0	13393
12233	199	183	13099	663	0	14144
12234	13930	133	547	365	0	14975
12235	15204	81	244	306	0	15835
12236	853	79	203	14900	0	16035
12237	431	75	198	15326	0	16030
12238	358	76	142	15564	0	16140
12239	280	78	14825	905	0	16088
12240	13700	61	640	508	0	14909
12241	726	14310	298	342	0	15676
12242	330	14467	215	307	0	15319
12243	254	624	14269	250	0	15397
12244	326	236	636	13891	0	15089
12245	255	163	14191	705	0	15314
12246	13648	141	691	371	0	14851
12247	754	97	282	13967	0	15100
12248	388	82	13905	711	0	15086
12249	298	14129	642	398	0	15467
12250	14204	520	302	364	0	15390
12251	732	198	14424	301	0	15655
12252	342	13848	684	285	0	15159
12253	283	14808	343	265	0	15699
12254	14593	675	240	322	0	15830
12255	747	269	229	14610	0	15855
12256	374	169	15105	748	0	16396
12257	296	15033	688	438	0	16455
12258	15204	598	361	344	0	16507
12259	15580	236	284	306	0	16406
12260	814	15172	285	290	0	16561
12261	412	661	15455	282	0	16810
12262	389	284	692	15501	0	16866
12263	15598	188	377	777	0	16940
12264	15949	170	301	435	0	16855
12265	859	185	15479	347	0	16870
12266	518	161	710	15250	0	16639
12267	445	139	361	15997	0	16942
12268	370	138	15675	915	0	17098
12269	338	149	15654	489	0	16630
12270	15620	158	856	389	0	17023
12271	16285	184	412	378	0	17259
12272	16406	135	346	379	0	17266
12273	16611	175	300	307	0	17393
12274	1032	157	15626	310	0	17125
12275	15957	129	705	400	0	17191
12276	971	128	419	15814	0	17332
12277	534	157	16094	810	0	17595
12278	442	147	16191	506	0	17286
12279	400	15865	880	404	0	17549
12280	430	620	435	15821	0	17306
12281	369	294	16111	775	0	17549
12282	15617	217	808	468	0	17110
12283	872	227	441	14467	0	16007
12284	511	15864	353	719	0	17447
12285	16128	596	406	458	0	17588
12286	16520	263	317	444	0	17544
12287	1023	202	15977	365	0	17567
12288	610	15629	808	369	0	17416
12289	486	568	414	15413	0	16881
12290	15309	272	362	765	0	16708
12291	821	250	356	15168	0	16595
12292	504	207	14723	755	0	16189
12293	13483	186	648	491	0	14808
12294	739	13900	400	377	0	15416
12295	485	13158	337	336	0	14316
12296	435	14104	295	356	0	15190
12297	13888	541	360	341	0	15130
12298	13923	250	324	313	0	14810
12299	14011	222	284	280	0	14797
12300	802	186	287	13585	0	14860
12301	511	196	13652	562	0	14921
12302	448	196	585	13741	0	14970
12303	13891	180	388	637	0	15096
12304	683	173	318	13961	0	15135
12305	14141	183	343	658	0	15325
12306	14324	177	310	365	0	15176
12307	14086	187	332	341	0	14946
12308	731	13798	296	326	0	15151
12309	13976	469	292	366	0	15103
12310	738	270	13676	291	0	14975
12311	491	196	13777	287	0	14751
12312	461	13427	613	277	0	14778
12313	452	491	367	13108	0	14418
12314	13089	251	303	586	0	14229
12315	639	192	12894	406	0	14131
12316	12710	172	568	359	0	13809
12317	693	184	387	12626	0	13890
12318	506	12790	299	515	0	14110
12319	441	439	320	13221	0	14421
12320	407	248	13152	544	0	14351
12321	12540	252	559	374	0	13725
12322	636	196	13307	337	0	14476
12323	447	185	12935	278	0	13845
12324	12468	196	593	280	0	13537
12325	673	12634	341	242	0	13890
12326	13042	437	282	327	0	14088
12327	13287	258	263	300	0	14108
12328	743	216	12708	281	0	13948
12329	12567	190	551	295	0	13603
12330	655	196	12521	305	0	13677
12331	446	226	11802	279	0	12753
12332	390	197	11835	301	0	12723
12333	374	11009	610	261	0	12254
12334	9885	356	460	305	0	11006
12335	9556	205	284	247	0	10292
12336	9478	174	232	272	0	10156
12337	9420	164	237	298	0	10119
12338	424	185	9302	234	0	10145
12339	344	171	391	9175	0	10081
12340	366	186	278	9281	0	10111
12341	9433	198	278	304	0	10213
12342	390	9320	241	194	0	10145
12343	318	268	289	9240	0	10115
12344	9274	175	267	317	0	10033
12345	396	175	9300	209	0	10080
12346	403	150	332	8988	0	9873
12347	309	183	9324	286	0	10102
12348	297	9092	367	176	0	9932
12349	366	293	238	8690	0	9587
12350	8748	177	229	265	0	9419
12351	368	180	276	8657	0	9481
12352	299	216	8728	277	0	9520
12353	326	8662	300	181	0	9469
12354	8687	209	231	199	0	9326
12355	388	153	8555	207	0	9303
12356	8041	163	343	172	0	8719
12357	408	8286	215	161	0	9070
12358	8496	215	195	178	0	9084
12359	8527	129	195	167	0	9018
12360	412	159	226	8351	0	9148
12361	307	97	8386	264	0	9054
12362	291	8290	285	272	0	9138
12363	356	195	240	8623	0	9414
12364	334	137	247	8772	0	9490
12365	318	92	247	9272	0	9929
12366	263	116	204	9721	0	10304
12367	289	10833	201	418	0	11741
12368	11385	349	248	229	0	12211
12369	552	11464	250	145	0	12411
12370	425	396	191	11880	0	12892
12371	12364	185	179	467	0	13195
12372	694	154	167	12244	0	13259
12373	387	143	12196	486	0	13212
12374	274	12072	527	270	0	13143
12375	345	431	255	12201	0	13232
12376	277	221	219	12697	0	13414
12377	11951	168	267	564	0	12950
12378	552	189	11808	285	0	12834
12379	11603	229	473	268	0	12573
12380	11959	175	246	260	0	12640
12381	12048	139	226	224	0	12637
12382	758	151	11546	190	0	12645
12383	451	167	479	11309	0	12406
12384	391	211	231	11651	0	12484
12385	364	151	11589	583	0	12687
12386	332	146	11824	300	0	12602
12387	11794	154	623	274	0	12845
12388	663	161	301	11896	0	13021
12389	12184	144	214	612	0	13154
12390	12653	133	183	338	0	13307
12391	768	144	194	12357	0	13463
12392	429	122	12996	572	0	14119
12393	12866	132	567	343	0	13908
12394	753	151	270	13341	0	14515
12395	445	132	13354	621	0	14552
12396	365	13118	609	331	0	14423
12397	13167	512	296	283	0	14258
12398	757	13216	225	254	0	14452
12399	570	555	190	12085	0	13400
12400	373	13414	254	604	0	14645
12401	13120	581	275	360	0	14336
12402	13469	257	234	351	0	14311
12403	847	13116	197	305	0	14465
12404	13337	560	196	334	0	14427
12405	13402	242	248	288	0	14180
12406	903	12832	236	251	0	14222
12407	13155	594	216	300	0	14265
12408	873	292	225	12798	0	14188
12409	579	203	219	13184	0	14185
12410	13037	165	290	754	0	14246
12411	877	177	248	12180	0	13482
12412	525	12558	206	670	0	13959
12413	12643	590	209	402	0	13844
12414	12819	278	238	337	0	13672
12415	849	12620	256	297	0	14022
12416	12853	613	229	282	0	13977
12417	13208	301	217	275	0	14001
12418	942	261	229	12520	0	13952
12419	619	188	12434	677	0	13918
12420	524	12351	610	357	0	13842
12421	12696	580	290	324	0	13890
12422	12955	301	246	298	0	13800
12423	970	240	12221	294	0	13725
12424	12509	192	612	318	0	13631
12425	925	256	11946	257	0	13384
12426	12319	186	649	282	0	13436
12427	931	220	327	12053	0	13531
12428	552	258	11918	679	0	13407
12429	534	235	12230	332	0	13331
12430	473	262	719	11900	0	13354
12431	468	259	330	12219	0	13276
12432	463	255	11663	763	0	13144
12433	505	227	614	11714	0	13060
12434	514	228	11700	705	0	13147
12435	548	226	634	11682	0	13090
12436	536	237	344	11655	0	12772
12437	530	11089	247	794	0	12660
12438	502	11215	252	480	0	12449
12439	466	11926	258	444	0	13094
12440	498	698	272	11677	0	13145
12441	482	346	238	12157	0	13223
12442	425	273	11494	923	0	13115
12443	11262	249	657	556	0	12724
12444	11963	250	354	468	0	13035
12445	978	11444	305	388	0	13115
12446	11798	608	246	453	0	13105
12447	905	344	297	11552	0	13098
12448	11804	282	278	774	0	13138
12449	12170	231	262	529	0	13192
12450	1016	248	264	11689	0	13217
12451	11520	243	270	818	0	12851
12452	878	11000	291	499	0	12668
12453	598	11521	265	397	0	12781
12454	576	769	265	10792	0	12402
12455	539	11407	276	714	0	12936
12456	565	692	258	11216	0	12731
12457	537	369	266	11565	0	12737
12458	11263	288	257	862	0	12670
12459	896	10871	240	590	0	12597
12460	10950	608	264	514	0	12336
12461	10986	356	291	434	0	12067
12462	927	10680	272	437	0	12316
12463	10785	621	227	466	0	12099
12464	870	328	10175	482	0	11855
12465	596	9835	539	484	0	11454
12466	9689	523	320	437	0	10969
12467	679	353	8484	367	0	9883
12468	513	7663	403	306	0	8885
12469	459	7884	234	344	0	8921
12470	7278	448	243	315	0	8284
12471	7172	273	188	286	0	7919
12472	7122	259	175	305	0	7861
12473	612	6838	194	279	0	7923
12474	484	388	163	7036	0	8071
12475	7130	279	171	451	0	8031
12476	7243	253	170	351	0	8017
12477	634	215	188	7021	0	8058
12478	464	222	6993	411	0	8090
12479	471	216	6918	288	0	7893
12480	467	198	362	7008	0	8035
12481	454	210	245	7181	0	8090
12482	411	228	7079	431	0	8149
12483	392	192	337	7008	0	7929
12484	352	7047	227	454	0	8080
12485	7143	370	223	315	0	8051
12486	542	253	230	6916	0	7941
12487	6878	219	175	420	0	7692
12488	478	6664	155	369	0	7666
12489	466	6799	155	290	0	7710
12490	6895	332	160	279	0	7666
12491	460	250	6468	285	0	7463
12492	5698	238	275	228	0	6439
12493	443	5634	179	242	0	6498
12494	338	249	140	5500	0	6227
12495	5408	217	197	264	0	6086
12496	366	249	128	5321	0	6064
12497	5542	215	137	271	0	6165
12498	5474	209	131	260	0	6074
12499	351	5513	133	261	0	6258
12500	5531	271	122	235	0	6159
12501	381	5330	144	176	0	6031
12502	5541	209	124	207	0	6081
12503	312	257	104	5422	0	6095
12504	5615	157	149	238	0	6159
12505	342	157	121	5647	0	6267
12506	5849	212	121	250	0	6432
12507	5945	174	126	248	0	6493
12508	5976	164	144	253	0	6537
12509	6009	178	97	274	0	6558
12510	6047	173	125	218	0	6563
12511	302	160	126	6055	0	6643
12512	5973	197	123	283	0	6576
12513	346	5790	115	203	0	6454
12514	299	218	5759	167	0	6443
12515	278	207	146	5868	0	6499
12516	294	165	6028	214	0	6701
12517	277	164	164	6218	0	6823
12518	229	137	6233	281	0	6880
12519	6220	130	220	229	0	6799
12520	268	183	142	6432	0	7025
12521	265	138	6317	231	0	6951
12522	241	134	6370	214	0	6959
12523	229	141	227	6712	0	7309
12524	7422	136	123	266	0	7947
12525	257	7686	151	197	0	8291
12526	7834	212	97	224	0	8367
12527	7898	190	94	240	0	8422
12528	315	7820	128	173	0	8436
12529	8115	219	117	204	0	8655
12530	291	194	68	8143	0	8696
12531	233	172	86	8155	0	8646
12532	205	151	103	8266	0	8725
12533	8211	134	80	343	0	8768
12534	261	8228	111	199	0	8799
12535	229	226	66	8407	0	8928
12536	204	189	65	8498	0	8956
12537	8427	196	54	272	0	8949
12538	291	198	51	8359	0	8899
12539	224	164	8458	254	0	9100
12540	208	8807	170	197	0	9382
12541	8992	263	107	185	0	9547
12542	347	157	86	8821	0	9411
12543	286	9087	66	226	0	9665
12544	9209	288	54	166	0	9717
12545	338	221	8930	108	0	9597
12546	247	9103	183	133	0	9666
12547	9274	269	96	162	0	9801
12548	349	170	65	9149	0	9733
12549	257	112	54	9275	0	9698
12550	184	120	9115	313	0	9732
12551	207	127	172	9213	0	9719
12552	154	130	9771	259	0	10314
12553	148	137	9231	187	0	9703
12554	136	135	9748	128	0	10147
12555	9788	101	278	134	0	10301
12556	10057	87	147	138	0	10429
12557	10333	81	100	104	0	10618
12558	348	82	84	10052	0	10566
12559	200	10012	78	195	0	10485
12560	181	10327	60	128	0	10696
12561	10462	265	68	122	0	10917
12562	10528	148	52	124	0	10852
12563	283	10533	85	71	0	10972
12564	10499	213	76	97	0	10885
12565	255	144	10155	62	0	10616
12566	188	81	10110	66	0	10445
12567	166	73	240	9692	0	10171
12568	132	74	109	10452	0	10767
12569	127	70	10347	253	0	10797
12570	160	62	192	10150	0	10564
12571	10326	64	112	276	0	10778
12572	244	68	10263	151	0	10726
12573	10088	64	212	135	0	10499
12574	261	52	137	10536	0	10986
12575	178	56	10727	226	0	11187
12576	129	10887	201	141	0	11358
12577	11017	169	130	143	0	11459
12578	241	106	10813	95	0	11255
12579	10647	74	206	137	0	11064
12580	264	62	127	10853	0	11306
12581	10930	53	91	251	0	11325
12582	259	66	11373	134	0	11832
12583	195	58	210	11556	0	12019
12584	11959	59	117	243	0	12378
12585	12228	44	86	176	0	12534
12586	12643	44	86	126	0	12899
12587	12775	60	70	108	0	13013
12588	344	61	68	12304	0	12777
12589	233	51	62	12350	0	12696
12590	157	55	12270	291	0	12773
12591	161	56	211	12260	0	12688
12592	187	49	120	12013	0	12369
12593	122	12536	87	328	0	13073
12594	12815	209	81	209	0	13314
12595	13176	108	86	150	0	13520
12596	356	13416	72	147	0	13991
12597	229	274	72	13462	0	14037
12598	186	133	61	13759	0	14139
12599	13266	80	69	424	0	13839
12600	361	80	13657	220	0	14318
12601	213	61	291	13937	0	14502
12602	142	57	14125	388	0	14712
12603	13682	43	328	235	0	14288
12604	14254	64	166	188	0	14672
12605	14398	53	127	155	0	14733
12606	482	71	98	13922	0	14573
12607	314	49	73	13989	0	14425
12608	13984	55	81	451	0	14571
12609	403	66	13679	245	0	14393
12610	256	51	307	13861	0	14475
12611	14024	47	175	407	0	14653
12612	403	56	124	14127	0	14710
12613	255	63	14611	378	0	15307
12614	200	64	13981	224	0	14469
12615	14077	53	385	219	0	14734
12616	397	14515	190	154	0	15256
12617	14970	259	156	200	0	15585
12618	15177	126	135	192	0	15630
12619	462	85	106	15084	0	15737
12620	293	65	109	15042	0	15509
12621	207	14899	117	437	0	15660
12622	14936	261	109	292	0	15598
12623	397	14934	109	199	0	15639
12624	237	14823	92	169	0	15321
12625	222	341	84	14384	0	15031
12626	14338	169	98	355	0	14960
12627	14545	105	84	238	0	14972
12628	427	96	76	14369	0	14968
12629	267	98	78	14208	0	14651
12630	246	70	96	14279	0	14691
12631	14009	73	92	456	0	14630
12632	365	83	13971	263	0	14682
12633	220	13934	282	238	0	14674
12634	13981	239	154	236	0	14610
12635	393	145	134	13887	0	14559
12636	258	112	13892	336	0	14598
12637	231	90	13449	230	0	14000
12638	193	13763	319	208	0	14483
12639	203	14087	186	178	0	14654
12640	217	268	149	13710	0	14344
12641	186	12178	178	269	0	12811
12642	193	242	107	13308	0	13850
12643	207	131	90	13586	0	14014
12644	13590	99	129	350	0	14168
12645	331	86	142	13527	0	14086
12646	242	85	106	13704	0	14137
12647	207	93	13471	345	0	14116
12648	215	70	233	13726	0	14244
12649	13744	71	154	417	0	14386
12650	13841	77	132	272	0	14322
12651	370	14205	118	180	0	14873
12652	13840	258	108	211	0	14417
12653	416	149	13658	165	0	14388
12654	242	13850	306	174	0	14572
12655	227	308	141	14056	0	14732
12656	207	154	113	14341	0	14815
12657	226	108	111	14380	0	14825
12658	14160	103	99	551	0	14913
12659	13651	110	94	337	0	14192
12660	431	97	13847	220	0	14595
12661	262	80	13541	216	0	14099
12662	234	80	13785	181	0	14280
12663	214	13653	379	189	0	14435
12664	216	14055	203	191	0	14665
12665	13962	353	162	249	0	14726
12666	14075	148	145	231	0	14599
12667	486	98	121	14154	0	14859
12668	279	103	119	14087	0	14588
12669	216	14119	151	441	0	14927
12670	207	280	132	14471	0	15090
12671	203	146	14259	437	0	15045
12672	182	14228	347	274	0	15031
12673	228	332	168	14512	0	15240
12674	199	145	14618	426	0	15388
12675	245	111	340	13801	0	14497
12676	179	14247	159	435	0	15020
12677	14574	339	116	304	0	15333
12678	14715	158	131	257	0	15261
12679	15158	109	120	259	0	15646
12680	559	113	107	15052	0	15831
12681	298	125	104	15576	0	16103
12682	15121	126	107	592	0	15946
12683	530	15022	112	337	0	16001
12684	15264	413	96	298	0	16071
12685	562	208	15691	223	0	16684
12686	15807	137	493	242	0	16679
12687	16522	112	177	261	0	17072
12688	758	112	156	16171	0	17197
12689	16475	103	136	698	0	17412
12690	17064	104	121	371	0	17660
12691	851	121	124	16768	0	17864
12692	377	117	16501	691	0	17686
12693	15933	127	568	376	0	17004
12694	754	127	16661	248	0	17790
12695	411	16876	592	247	0	18126
12696	350	524	267	17131	0	18272
12697	292	222	164	18058	0	18736
12698	18913	132	124	870	0	20039
12699	793	133	18967	375	0	20268
12700	400	121	690	18093	0	19304
12701	283	18568	285	808	0	19944
12702	260	19094	241	352	0	19947
12703	300	829	177	19062	0	20368
12704	265	330	18777	803	0	20175
12705	295	218	693	18994	0	20200
12706	280	169	251	19269	0	19969
12707	245	167	18431	992	0	19835
12708	247	18820	719	469	0	20255
12709	18228	688	306	408	0	19630
12710	744	18921	235	310	0	20210
12711	397	782	159	18878	0	20216
12712	18151	348	150	859	0	19508
12713	753	18210	184	372	0	19519
12714	357	759	17981	328	0	19425
12715	17519	311	714	331	0	18875
12716	780	18367	297	250	0	19694
12717	18346	788	196	289	0	19619
12718	927	347	17587	215	0	19076
12719	17663	259	693	321	0	18936
12720	915	194	295	17724	0	19128
12721	441	213	17588	825	0	19067
12722	344	193	761	17109	0	18407
12723	308	17148	343	835	0	18634
12724	292	771	231	17729	0	19023
12725	291	343	198	18071	0	18903
12726	280	239	17127	1019	0	18665
12727	315	206	744	17445	0	18710
12728	268	250	14891	1020	0	16429
12729	233	17267	697	521	0	18718
12730	267	759	342	17386	0	18754
12731	242	353	17489	916	0	19000
12732	230	17249	847	432	0	18758
12733	220	18412	363	376	0	19371
12734	261	975	17794	326	0	19356
12735	259	406	18137	317	0	19119
12736	275	284	994	17576	0	19129
12737	17336	238	461	942	0	18977
12738	838	17413	318	477	0	19046
12739	413	840	271	17308	0	18832
12740	17200	370	253	981	0	18804
12741	911	17513	216	460	0	19100
12742	17243	889	208	461	0	18801
12743	940	17721	241	365	0	19267
12744	17751	908	266	349	0	19274
12745	17930	379	244	416	0	18969
12746	18286	320	248	377	0	19231
12747	1133	18531	241	367	0	20272
12748	650	886	228	18634	0	20398
12749	474	425	18273	986	0	20158
12750	401	18300	893	521	0	20115
12751	398	960	389	17830	0	19577
12752	404	439	351	18310	0	19504
12753	340	366	17343	1099	0	19148
12754	336	17113	880	575	0	18904
12755	16796	904	395	533	0	18628
12756	927	16970	332	423	0	18652
12757	556	913	286	16840	0	18595
12758	410	481	16772	967	0	18630
12759	16313	383	883	492	0	18071
12760	956	360	419	16936	0	18671
12761	438	320	16716	1023	0	18497
12762	15900	304	944	572	0	17720
12763	934	16384	459	486	0	18263
12764	16544	945	338	480	0	18307
12765	16996	497	306	441	0	18240
12766	1138	403	294	16503	0	18338
12767	573	361	16366	1037	0	18337
12768	507	16240	892	551	0	18190
12769	390	949	16199	482	0	18020
12770	397	483	952	15843	0	17675
12771	372	464	496	16642	0	17974
12772	15868	422	407	1176	0	17873
12773	959	344	15794	647	0	17744
12774	510	15567	903	523	0	17503
12775	454	916	474	15465	0	17309
12776	445	470	394	16122	0	17431
12777	15292	403	363	1120	0	17178
12778	957	15346	289	665	0	17257
12779	610	888	290	15041	0	16829
12780	14382	517	310	1044	0	16253
12781	914	14505	260	614	0	16293
12782	14264	883	295	461	0	15903
12783	14363	529	286	447	0	15625
12784	1072	13727	328	415	0	15542
12785	12511	774	355	371	0	14011
12786	905	12378	298	338	0	13919
12787	12349	752	272	395	0	13768
12788	12359	417	257	455	0	13488
12789	886	12033	282	386	0	13587
12790	11648	710	251	383	0	12992
12791	11932	410	290	430	0	13062
12792	11950	427	289	385	0	13051
12793	879	339	11244	403	0	12865
12794	474	323	10986	371	0	12154
12795	390	391	10858	334	0	11973
12796	10330	351	778	379	0	11838
12797	664	313	10097	420	0	11494
12798	455	305	8865	305	0	9930
12799	401	319	681	7830	0	9231
12800	7882	306	374	604	0	9166
12801	524	373	7858	361	0	9116
12802	359	336	8243	366	0	9304
12803	375	272	542	8160	0	9349
12804	359	289	412	8269	0	9329
12805	325	315	280	8440	0	9360
12806	331	276	8112	679	0	9398
12807	348	292	522	8173	0	9335
12808	8028	338	314	600	0	9280
12809	627	8126	296	355	0	9404
12810	392	589	253	8090	0	9324
12811	365	337	243	8447	0	9392
12812	377	294	8165	573	0	9409
12813	317	8162	492	355	0	9326
12814	8071	510	350	356	0	9287
12815	589	8118	311	293	0	9311
12816	376	583	267	8123	0	9349
12817	372	323	8092	563	0	9350
12818	324	267	577	8532	0	9700
12819	352	277	309	8886	0	9824
12820	8795	273	279	724	0	10071
12821	543	255	321	8679	0	9798
12822	363	8753	258	645	0	10019
12823	351	9532	252	386	0	10521
12824	315	614	9314	363	0	10606
12825	9343	384	542	329	0	10598
12826	583	338	378	9444	0	10743
12827	426	282	274	9726	0	10708
12828	388	258	299	9882	0	10827
12829	9792	305	231	716	0	11044
12830	591	9886	230	502	0	11209
12831	9893	558	258	358	0	11067
12832	646	389	9358	304	0	10697
12833	436	333	9318	310	0	10397
12834	9682	258	617	298	0	10855
12835	633	282	383	9584	0	10882
12836	465	250	265	9887	0	10867
12837	448	272	222	10043	0	10985
12838	337	298	9679	689	0	11003
12839	9668	250	490	497	0	10905
12840	10054	243	311	365	0	10973
12841	9889	285	250	314	0	10738
12842	770	224	232	9451	0	10677
12843	478	264	9246	567	0	10555
12844	418	233	9150	389	0	10190
12845	373	234	9467	339	0	10413
12846	368	9095	599	309	0	10371
12847	358	491	368	8271	0	9488
12848	8153	277	283	544	0	9257
12849	481	231	8176	364	0	9252
12850	8266	267	422	330	0	9285
12851	511	194	283	8437	0	9425
12852	395	190	249	8438	0	9272
12853	330	8041	276	514	0	9161
12854	352	8249	238	347	0	9186
12855	370	8612	221	295	0	9498
12856	343	466	235	8574	0	9618
12857	8525	247	246	519	0	9537
12858	8682	189	280	355	0	9506
12859	600	185	8343	293	0	9421
12860	8372	175	416	344	0	9307
12861	525	171	8411	278	0	9385
12862	438	182	386	8344	0	9350
12863	327	226	8334	454	0	9341
12864	8419	169	406	322	0	9316
12865	506	186	288	8569	0	9549
12866	348	180	8800	465	0	9793
12867	302	180	8483	320	0	9285
12868	8492	231	415	306	0	9444
12869	8919	174	286	309	0	9688
12870	509	8907	232	297	0	9945
12871	373	355	193	9162	0	10083
12872	383	217	9043	384	0	10027
12873	298	197	9056	263	0	9814
12874	320	196	392	9116	0	10024
12875	9197	155	269	451	0	10072
12876	412	9058	210	320	0	10000
12877	384	281	208	9309	0	10182
12878	9379	253	196	379	0	10207
12879	460	169	189	9356	0	10174
12880	382	9245	195	365	0	10187
12881	282	336	201	9515	0	10334
12882	9535	170	199	385	0	10289
12883	456	143	199	9540	0	10338
12884	9596	142	214	420	0	10372
12885	438	9716	205	275	0	10634
12886	9864	306	213	233	0	10616
12887	439	168	9602	230	0	10439
12888	9411	127	377	241	0	10156
12889	9883	134	274	218	0	10509
12890	465	9707	219	223	0	10614
12891	299	249	236	9726	0	10510
12892	251	160	9644	364	0	10419
12893	199	132	9328	299	0	9958
12894	8924	113	409	260	0	9706
12895	8974	112	266	260	0	9612
12896	371	8946	210	203	0	9730
12897	243	9119	204	232	0	9798
12898	9015	241	197	238	0	9691
12899	313	8880	161	257	0	9611
12900	250	9162	161	237	0	9810
12901	201	255	197	9180	0	9833
12902	185	156	185	8997	0	9523
12903	187	130	8877	391	0	9585
12904	205	113	248	8890	0	9456
12905	8836	107	179	400	0	9522
12906	316	104	8780	274	0	9474
12907	248	124	8621	234	0	9227
12908	239	130	284	8628	0	9281
12909	216	140	197	8907	0	9460
12910	224	117	169	8996	0	9506
12911	198	102	8770	366	0	9436
12912	212	133	275	8607	0	9227
12913	201	152	173	9029	0	9555
12914	8894	105	167	328	0	9494
12915	281	8718	165	227	0	9391
12916	8843	176	160	232	0	9411
12917	283	133	8728	194	0	9338
12918	7868	111	220	227	0	8426
12919	258	8418	172	210	0	9058
12920	8082	123	139	204	0	8548
12921	231	7913	133	190	0	8467
12922	7554	169	155	161	0	8039
12923	186	7287	144	156	0	7773
12924	175	7261	162	145	0	7743
12925	197	114	140	7318	0	7769
12926	7349	78	120	235	0	7782
12927	7310	74	117	206	0	7707
12928	7348	83	127	190	0	7748
12929	195	83	7177	134	0	7589
12930	175	89	7082	134	0	7480
12931	186	76	156	7300	0	7718
12932	138	7263	160	153	0	7714
12933	139	7497	150	120	0	7906
12934	166	115	114	7322	0	7717
12935	7249	75	126	207	0	7657
12936	7295	71	100	193	0	7659
12937	7356	78	109	170	0	7713
12938	193	69	7326	118	0	7706
12939	180	70	166	7434	0	7850
12940	171	69	7615	151	0	8006
12941	7546	71	146	145	0	7908
12942	7757	72	107	162	0	8098
12943	185	78	7748	119	0	8130
12944	152	73	205	7648	0	8078
12945	7766	81	142	175	0	8164
12946	189	95	100	7935	0	8319
12947	155	62	78	8081	0	8376
12948	172	70	86	8278	0	8606
12949	8849	69	109	241	0	9268
12950	233	56	110	9424	0	9823
12951	9696	46	88	289	0	10119
12952	276	10221	89	180	0	10766
12953	192	255	66	10652	0	11165
12954	158	165	86	10811	0	11220
12955	141	109	71	10801	0	11122
12956	10557	67	84	446	0	11154
12957	341	62	95	10553	0	11051
12958	234	57	84	10714	0	11089
12959	10688	59	82	439	0	11268
12960	10849	53	71	253	0	11226
12961	10825	76	86	186	0	11173
12962	467	51	10332	154	0	11004
12963	259	74	9991	115	0	10439
12964	10566	74	351	154	0	11145
12965	368	57	173	10479	0	11077
12966	239	64	118	10334	0	10755
12967	10388	66	95	449	0	10998
12968	10253	56	74	277	0	10660
12969	10290	58	57	218	0	10623
12970	438	9948	65	171	0	10622
12971	10148	269	72	158	0	10647
12972	10035	150	83	153	0	10421
12973	460	9723	78	143	0	10404
12974	274	10001	73	144	0	10492
12975	228	338	69	9993	0	10628
12976	10217	191	64	340	0	10812
12977	10304	86	58	264	0	10712
12978	10357	83	73	177	0	10690
12979	529	72	57	10027	0	10685
12980	10139	76	62	383	0	10660
12981	423	79	9795	239	0	10536
12982	9830	69	273	190	0	10362
12983	450	80	9851	146	0	10527
12984	287	90	9618	137	0	10132
12985	228	95	343	9410	0	10076
12986	9578	80	176	354	0	10188
12987	396	77	119	9588	0	10180
12988	257	86	9553	391	0	10287
12989	211	71	9660	264	0	10206
12990	223	81	338	9633	0	10275
12991	9627	51	162	425	0	10265
12992	415	9674	130	234	0	10453
12993	300	268	115	9932	0	10615
12994	260	128	110	10190	0	10688
12995	193	82	9968	460	0	10703
12996	196	85	9787	279	0	10347
12997	212	72	358	10041	0	10683
12998	10032	56	207	429	0	10724
12999	379	79	9908	306	0	10672
13000	312	61	309	9921	0	10603
13001	276	53	173	10016	0	10518
13002	241	53	119	10247	0	10660
13003	9869	55	108	546	0	10578
13004	411	75	9119	331	0	9936
13005	333	9709	260	246	0	10548
13006	260	267	171	9952	0	10650
13007	226	153	9933	393	0	10705
13008	218	9602	334	296	0	10450
13009	245	10101	196	244	0	10786
13010	10081	361	136	250	0	10828
13011	439	10126	115	224	0	10904
13012	10283	326	107	249	0	10965
13013	477	153	10016	236	0	10882
13014	354	118	329	10135	0	10936
13015	10232	96	189	448	0	10965
13016	465	10224	137	314	0	11140
13017	330	320	10237	266	0	11153
13018	322	182	346	9383	0	10233
13019	270	10281	231	371	0	11153
13020	251	337	159	10613	0	11360
13021	10407	198	139	490	0	11234
13022	462	10640	148	324	0	11574
13023	10956	363	117	277	0	11713
13024	11123	198	122	265	0	11708
13025	607	137	10854	225	0	11823
13026	396	11248	422	239	0	12305
13027	349	396	229	11947	0	12921
13028	304	236	12551	509	0	13600
13029	286	141	13695	319	0	14441
13030	265	135	690	13956	0	15046
13031	14354	125	341	689	0	15509
13032	14614	107	239	395	0	15355
13033	891	112	177	14395	0	15575
13034	464	137	14371	729	0	15701
13035	350	14412	604	418	0	15784
13036	14907	578	290	331	0	16106
13037	15185	260	222	295	0	15962
13038	899	14749	193	311	0	16152
13039	15165	623	184	285	0	16257
13040	842	295	14583	210	0	15930
13041	14697	200	646	244	0	15787
13042	14516	170	314	305	0	15305
13043	879	138	14619	260	0	15896
13044	545	118	672	14456	0	15791
13045	363	127	14570	736	0	15796
13046	350	13860	707	388	0	15305
13047	321	14495	355	309	0	15480
13048	328	716	261	13627	0	14932
13049	298	317	13649	652	0	14916
13050	238	12598	606	345	0	13787
13051	261	13074	298	249	0	13882
13052	11717	630	225	265	0	12837
13053	12017	261	159	268	0	12705
13054	689	177	169	11803	0	12838
13055	432	128	179	11711	0	12450
13056	330	11785	159	583	0	12857
13057	11807	443	160	378	0	12788
13058	12092	210	174	279	0	12755
13059	651	11839	194	195	0	12879
13060	428	464	191	11963	0	13046
13061	316	236	11860	510	0	12922
13062	329	210	487	11880	0	12906
13063	12034	171	270	593	0	13068
13064	612	150	233	12121	0	13116
13065	384	172	179	12552	0	13287
13066	12437	159	197	661	0	13454
13067	642	152	159	12150	0	13103
13068	361	12098	182	550	0	13191
13069	347	487	162	12367	0	13363
13070	283	256	180	12698	0	13417
13071	265	231	186	12450	0	13132
13072	279	12221	179	617	0	13296
13073	276	520	163	12336	0	13295
13074	251	269	12055	619	0	13194
13075	274	209	509	12041	0	13033
13076	241	177	12017	640	0	13075
13077	257	11788	541	348	0	12934
13078	295	475	258	12085	0	13113
13079	286	232	230	12356	0	13104
13080	252	219	219	12399	0	13089
13081	235	177	219	12372	0	13003
13082	233	191	11770	736	0	12930
13083	214	11687	532	419	0	12852
13084	240	517	267	12100	0	13124
13085	211	253	12069	668	0	13201
13086	255	218	556	12171	0	13200
13087	12159	186	305	710	0	13360
13088	559	191	11722	410	0	12882
13089	11787	208	532	358	0	12885
13090	663	174	291	12113	0	13241
13091	362	200	11994	653	0	13209
13092	295	11832	534	399	0	13060
13093	263	533	285	11933	0	13014
13094	239	279	12140	662	0	13320
13095	267	11997	587	373	0	13224
13096	275	535	303	12198	0	13311
13097	12048	309	257	685	0	13299
13098	12525	254	221	432	0	13432
13099	12635	210	237	374	0	13456
13100	758	212	12182	327	0	13479
13101	433	12372	565	308	0	13678
13102	353	581	290	12520	0	13744
13103	311	297	295	13288	0	14191
13104	13148	278	240	793	0	14459
13105	614	13462	232	477	0	14785
13106	13555	670	220	409	0	14854
13107	13595	356	224	360	0	14535
13108	14066	297	197	351	0	14911
13109	864	262	13364	302	0	14792
13110	13669	245	615	310	0	14839
13111	831	227	291	13729	0	15078
13112	498	188	285	13998	0	14969
13113	13622	221	202	885	0	14930
13114	766	219	210	13501	0	14696
13115	402	13227	215	830	0	14674
13116	373	650	195	13354	0	14572
13117	12991	315	204	870	0	14380
13118	744	277	12675	488	0	14184
13119	405	12700	586	439	0	14130
13120	402	589	293	12774	0	14058
13121	12703	308	258	746	0	14015
13122	745	267	12415	435	0	13862
13123	471	324	583	12310	0	13688
13124	380	193	12155	792	0	13520
13125	355	193	11892	457	0	12897
13126	283	198	11592	417	0	12490
13127	298	185	11340	371	0	12194
13128	269	189	10780	316	0	11554
13129	8928	199	649	328	0	10104
13130	450	8866	313	311	0	9940
13131	8631	329	237	263	0	9460
13132	8549	231	188	290	0	9258
13133	422	8349	198	276	0	9245
13134	291	8584	221	243	0	9339
13135	8537	355	186	259	0	9337
13136	8517	238	175	259	0	9189
13137	446	202	189	8201	0	9038
13138	317	8290	174	361	0	9142
13139	8421	258	204	306	0	9189
13140	359	8254	202	270	0	9085
13141	287	298	181	8389	0	9155
13142	8370	199	164	422	0	9155
13143	8425	185	192	306	0	9108
13144	388	176	156	8419	0	9139
13145	240	174	202	8517	0	9133
13146	215	211	8221	426	0	9073
13147	202	174	287	8285	0	8948
13148	220	140	8285	430	0	9075
13149	211	149	316	8033	0	8709
13150	204	168	172	8313	0	8857
13151	8113	143	172	448	0	8876
13152	8171	131	140	328	0	8770
13153	379	115	7958	303	0	8755
13154	7892	110	308	304	0	8614
13155	343	140	191	8145	0	8819
13156	249	127	8162	416	0	8954
13157	254	110	312	8225	0	8901
13158	217	107	202	8798	0	9324
13159	201	113	8628	462	0	9404
13160	197	116	342	8804	0	9459
13161	199	109	9027	454	0	9789
13162	207	108	351	9493	0	10159
13163	9959	104	221	512	0	10796
13164	408	10175	167	363	0	11113
13165	10432	349	148	338	0	11267
13166	478	10571	166	285	0	11500
13167	10518	410	140	305	0	11373
13168	468	10505	180	255	0	11408
13169	10424	416	160	278	0	11278
13170	475	10550	154	259	0	11438
13171	342	407	148	10588	0	11485
13172	255	260	10520	483	0	11518
13173	256	186	10418	342	0	11202
13174	239	166	492	10468	0	11365
13175	10466	133	296	529	0	11424
13176	457	10577	226	334	0	11594
13177	338	405	196	10708	0	11647
13178	243	263	10698	507	0	11711
13179	233	182	10821	362	0	11598
13180	238	159	532	10286	0	11215
13181	217	10736	349	452	0	11754
13182	10763	384	248	330	0	11725
13183	485	253	10992	261	0	11991
13184	341	161	10803	246	0	11551
13185	276	10942	557	222	0	11997
13186	10934	386	365	247	0	11932
13187	11174	269	268	227	0	11938
13188	578	179	222	11025	0	12004
13189	11164	151	218	495	0	12028
13190	11155	144	219	348	0	11866
13191	575	11013	198	252	0	12038
13192	11255	400	182	242	0	12079
13193	585	263	11209	196	0	12253
13194	421	194	435	10979	0	12029
13195	338	179	295	11109	0	11921
13196	10963	140	220	569	0	11892
13197	520	10840	201	343	0	11904
13198	10948	393	145	302	0	11788
13199	558	11042	185	208	0	11993
13200	376	11129	178	205	0	11888
13201	280	487	10776	216	0	11759
13202	287	297	10507	216	0	11307
13203	10008	201	449	218	0	10876
13204	10281	188	304	208	0	10981
13205	532	180	9882	175	0	10769
13206	368	9336	358	169	0	10231
13207	304	9695	258	167	0	10424
13208	9631	382	226	174	0	10413
13209	9712	247	184	183	0	10326
13210	472	192	173	9674	0	10511
13211	9882	144	200	374	0	10600
13212	397	138	203	9827	0	10565
13213	308	142	9754	341	0	10545
13214	261	158	9322	242	0	9983
13215	9743	163	372	212	0	10490
13216	393	139	257	9731	0	10520
13217	300	10294	206	264	0	11064
13218	10469	281	199	245	0	11194
13219	10521	226	202	182	0	11131
13220	439	138	10460	183	0	11220
13221	10490	114	334	178	0	11116
13222	10950	93	279	155	0	11477
13223	458	125	202	10644	0	11429
13224	307	10377	218	307	0	11209
13225	254	10725	203	174	0	11356
13226	258	364	157	11052	0	11831
13227	243	248	150	10855	0	11496
13228	260	175	129	11140	0	11704
13229	263	172	10852	446	0	11733
13230	252	175	10549	276	0	11252
13231	245	159	397	10622	0	11423
13232	244	142	10886	341	0	11613
13233	200	173	10795	236	0	11404
13234	193	151	419	10607	0	11370
13235	198	156	11333	397	0	12084
13236	221	11177	409	268	0	12075
13237	11644	347	264	271	0	12526
13238	424	220	212	11546	0	12402
13239	296	11588	189	395	0	12468
13240	215	384	11900	279	0	12778
13241	220	203	427	11969	0	12819
13242	197	159	12615	425	0	13396
13243	229	126	458	12529	0	13342
13244	210	127	277	13115	0	13729
13245	206	146	13195	565	0	14112
13246	220	142	461	12887	0	13710
13247	200	12950	284	497	0	13931
13248	201	409	231	13566	0	14407
13249	198	253	13465	506	0	14422
13250	224	175	434	13415	0	14248
13251	13248	133	305	579	0	14265
13252	469	13340	232	358	0	14399
13253	328	414	229	13577	0	14548
13254	221	249	13845	484	0	14799
13255	230	13258	447	355	0	14290
13256	179	13814	303	256	0	14552
13257	194	522	13450	245	0	14411
13258	234	297	427	12939	0	13897
13259	222	231	274	13030	0	13757
13260	188	185	13085	554	0	14012
13261	195	12303	444	358	0	13300
13262	199	12639	285	239	0	13362
13263	11767	416	198	182	0	12563
13264	315	11850	164	163	0	12492
13265	11632	357	133	157	0	12279
13266	332	241	132	11376	0	12081
13267	11844	147	149	359	0	12499
13268	310	182	11762	202	0	12456
13269	11614	136	290	216	0	12256
13270	346	183	213	11868	0	12610
13271	188	12039	179	343	0	12749
13272	12266	277	194	240	0	12977
13273	324	179	212	12252	0	12967
13274	191	12234	169	348	0	12942
13275	204	13042	144	225	0	13615
13276	12953	350	168	212	0	13683
13277	13112	190	136	224	0	13662
13278	13257	160	176	164	0	13757
13279	392	134	157	12801	0	13484
13280	204	12458	127	315	0	13104
13281	187	12902	134	189	0	13412
13282	229	298	137	12931	0	13595
13283	12797	172	159	345	0	13473
13284	12296	144	160	252	0	12852
13285	12759	159	118	192	0	13228
13286	421	136	12333	144	0	13034
13287	293	136	12206	152	0	12787
13288	13080	139	280	208	0	13707
13289	373	141	156	13045	0	13715
13290	221	157	130	13182	0	13690
13291	191	145	135	13038	0	13509
13292	197	109	129	13199	0	13634
13293	163	113	12863	387	0	13526
13294	157	107	303	12767	0	13334
13295	126	124	12866	383	0	13499
13296	11883	151	312	250	0	12596
13297	274	12872	189	169	0	13504
13298	222	294	143	13202	0	13861
13299	181	194	116	13124	0	13615
13300	12942	148	120	417	0	13627
13301	12859	103	147	262	0	13371
13302	12900	115	155	207	0	13377
13303	12893	105	140	209	0	13347
13304	390	115	12796	180	0	13481
13305	215	108	12585	177	0	13085
13306	188	119	325	12706	0	13338
13307	12885	142	167	389	0	13583
13308	12737	98	143	284	0	13262
13309	354	108	12621	190	0	13273
13310	239	95	292	12444	0	13070
13311	12567	84	172	382	0	13205
13312	329	111	157	12693	0	13290
13313	182	124	12934	362	0	13602
13314	182	96	313	12750	0	13341
13315	13007	115	172	418	0	13712
13316	278	13702	144	269	0	14393
13317	13705	294	145	235	0	14379
13318	13732	161	118	250	0	14261
13319	13839	142	137	232	0	14350
13320	372	115	158	13725	0	14370
13321	13561	112	139	384	0	14196
13322	313	13772	140	243	0	14468
13323	179	14383	136	225	0	14923
13324	169	404	117	14203	0	14893
13325	14408	210	135	387	0	15140
13326	354	15023	124	271	0	15772
13327	16769	342	125	286	0	17522
13328	17812	183	132	250	0	18377
13329	644	18493	156	178	0	19471
13330	331	545	146	18772	0	19794
13331	268	273	119	19387	0	20047
13332	211	220	19037	722	0	20190
13333	274	155	557	18743	0	19729
13334	184	172	18909	753	0	20018
13335	174	18407	631	389	0	19601
13336	218	589	251	18725	0	19783
13337	17962	268	207	712	0	19149
13338	18364	179	182	452	0	19177
13339	745	179	148	18317	0	19389
13340	354	180	17923	678	0	19135
13341	16713	159	540	473	0	17885
13342	594	17117	305	331	0	18347
13343	342	17012	187	310	0	17851
13344	273	17479	161	274	0	18187
13345	281	693	171	16728	0	17873
13346	226	357	17123	582	0	18288
13347	256	273	492	16908	0	17929
13348	191	222	17036	644	0	18093
13349	196	192	16801	323	0	17512
13350	161	208	17278	305	0	17952
13351	252	191	685	16381	0	17509
13352	197	194	351	17446	0	18188
13353	180	137	277	17690	0	18284
13354	210	140	246	17165	0	17761
13355	17040	161	218	840	0	18259
13356	516	16974	201	464	0	18155
13357	17106	484	205	405	0	18200
13358	578	17413	187	341	0	18519
13359	359	546	122	17602	0	18629
13360	291	285	153	18229	0	18958
13361	17922	246	111	783	0	19062
13362	18249	181	103	492	0	19025
13363	18545	180	106	353	0	19184
13364	18343	212	102	347	0	19004
13365	18328	143	102	351	0	18924
13366	806	17735	122	303	0	18966
13367	17422	500	111	309	0	18342
13368	710	17346	126	258	0	18440
13369	17440	534	121	256	0	18351
13370	749	284	17127	240	0	18400
13371	467	225	469	16834	0	17995
13372	412	17325	241	495	0	18473
13373	368	524	147	17448	0	18487
13374	310	323	17232	608	0	18473
13375	314	237	495	16424	0	17470
13376	16327	185	258	748	0	17518
13377	600	16334	204	430	0	17568
13378	373	16801	187	335	0	17696
13379	306	626	16909	338	0	18179
13380	290	355	518	16615	0	17778
13381	271	17250	276	631	0	18428
13382	284	561	203	17739	0	18787
13383	270	314	17494	667	0	18745
13384	243	17085	531	408	0	18267
13385	241	570	17129	345	0	18285
13386	262	336	17026	300	0	17924
13387	269	293	645	16805	0	18012
13388	17124	241	321	694	0	18380
13389	593	244	277	17421	0	18535
13390	348	224	17523	701	0	18796
13391	333	194	613	17788	0	18928
13392	274	209	18378	736	0	19597
13393	276	233	18089	444	0	19042
13394	18095	203	785	466	0	19549
13395	19362	185	458	417	0	20422
13396	19522	195	348	421	0	20486
13397	832	196	19011	385	0	20424
13398	462	194	19220	334	0	20210
13399	400	162	808	18700	0	20070
13400	378	185	489	19215	0	20267
13401	19202	185	356	869	0	20612
13402	770	163	318	19262	0	20513
13403	432	198	19279	802	0	20711
13404	371	183	18615	525	0	19694
13405	293	19006	805	455	0	20559
13406	346	595	431	19519	0	20891
13407	341	356	19745	771	0	21213
13408	356	244	692	19353	0	20645
13409	19509	211	470	887	0	21077
13410	708	231	19756	558	0	21253
13411	461	206	748	19657	0	21072
13412	387	234	442	20167	0	21230
13413	343	204	19578	959	0	21084
13414	374	196	758	19194	0	20522
13415	339	180	19307	896	0	20722
13416	17803	186	801	630	0	19420
13417	753	188	456	18261	0	19658
13418	467	18070	382	841	0	19760
13419	18177	618	360	592	0	19747
13420	18254	312	331	559	0	19456
13421	868	17980	314	433	0	19595
13422	648	1060	285	16228	0	18221
13423	377	16569	286	688	0	17920
13424	321	16877	247	520	0	17965
13425	430	642	15852	414	0	17338
13426	332	15652	566	383	0	16933
13427	348	508	13828	316	0	15000
13428	11551	262	413	363	0	12589
13429	11560	219	281	352	0	12412
13430	354	11779	247	300	0	12680
13431	272	11746	238	321	0	12577
13432	234	12016	272	251	0	12773
13433	12003	346	201	327	0	12877
13434	375	237	227	12199	0	13038
13435	286	244	12693	375	0	13598
13436	218	12799	347	344	0	13708
13437	264	342	243	13122	0	13971
13438	278	238	226	13006	0	13748
13439	199	14882	219	493	0	15793
13440	15704	476	230	416	0	16826
13441	586	278	16435	270	0	17569
13442	366	242	574	19363	0	20545
13443	207	21839	345	837	0	23228
13444	21724	939	267	466	0	23396
13445	966	415	21651	368	0	23400
13446	465	21246	967	299	0	22977
13447	369	957	474	21405	0	23205
13448	259	432	21476	983	0	23150
13449	20614	283	1034	543	0	22474
13450	1038	245	497	21007	0	22787
13451	465	219	21093	1080	0	22857
13452	331	20962	974	598	0	22865
13453	20402	940	472	461	0	22275
13454	940	21186	324	381	0	22831
13455	21114	1056	277	335	0	22782
13456	21636	544	266	292	0	22738
13457	1388	346	221	20502	0	22457
13458	625	20081	248	970	0	21924
13459	437	928	20234	557	0	22156
13460	423	457	1021	20087	0	21988
13461	559	381	562	17814	0	19316
13462	405	238	394	20629	0	21666
13463	399	250	317	20726	0	21692
13464	426	231	283	20920	0	21860
13465	19875	259	285	1500	0	21919
13466	19665	291	299	781	0	21036
13467	19844	262	289	547	0	20942
13468	1282	19178	281	482	0	21223
13469	677	979	19698	364	0	21718
13470	456	470	19818	376	0	21120
13471	339	323	20356	396	0	21414
13472	332	329	1365	19157	0	21183
13473	358	290	698	19947	0	21293
13474	362	242	501	20283	0	21388
13475	266	275	19311	1552	0	21404
13476	314	18879	1094	845	0	21132
13477	310	987	19358	589	0	21244
13478	333	517	19938	459	0	21247
13479	399	339	1362	18859	0	20959
13480	288	308	19474	1177	0	21247
13481	389	289	1289	18964	0	20931
13482	18635	284	740	1328	0	20987
13483	19164	252	558	779	0	20753
13484	1340	307	18616	553	0	20816
13485	773	236	1212	18458	0	20679
13486	497	252	18901	1240	0	20890
13487	360	18607	1309	772	0	21048
13488	18658	1067	726	603	0	21054
13489	1132	550	18702	533	0	20917
13490	638	17806	1303	500	0	20247
13491	438	18220	749	534	0	19941
13492	435	18329	615	510	0	19889
13493	409	1409	16993	476	0	19287
13494	543	718	1158	15730	0	18149
13495	466	16577	714	1147	0	18904
13496	520	1129	561	16542	0	18752
13497	502	585	553	17207	0	18847
13498	15986	466	578	1569	0	18599
13499	1079	16178	505	957	0	18719
13500	15998	1095	506	792	0	18391
13501	1211	15668	517	664	0	18060
13502	695	16672	430	638	0	18435
13503	558	1413	15867	558	0	18396
13504	543	811	1211	15546	0	18111
13505	475	603	15829	1231	0	18138
13506	467	15428	1249	773	0	17917
13507	474	1159	15655	613	0	17901
13508	453	655	15940	647	0	17695
13509	460	15523	1430	651	0	18064
13510	14880	1211	839	668	0	17598
13511	1076	15509	617	720	0	17922
13512	15469	1230	612	699	0	18010
13513	1211	768	15258	713	0	17950
13514	699	540	15746	727	0	17712
13515	500	15240	1473	693	0	17906
13516	15070	1169	858	643	0	17740
13517	1196	15285	665	611	0	17757
13518	746	1284	647	15212	0	17889
13519	15431	741	631	1183	0	17986
13520	1292	628	15320	738	0	17978
13521	713	637	1316	15429	0	18095
13522	15022	557	844	1342	0	17765
13523	1226	15217	735	769	0	17947
13524	751	1247	643	15388	0	18029
13525	526	739	15297	1368	0	17930
13526	15103	610	1342	909	0	17964
13527	1211	573	877	15437	0	18098
13528	678	568	15332	1352	0	17930
13529	544	553	1363	14945	0	17405
13530	526	15034	878	1421	0	17859
13531	466	1231	15152	979	0	17828
13532	547	746	1336	15001	0	17630
13533	14586	554	802	1452	0	17394
13534	1338	514	730	14545	0	17127
13535	13683	515	641	1423	0	16262
13536	1265	13539	679	884	0	16367
13537	13525	1186	698	689	0	16098
13538	1249	770	13122	711	0	15852
13539	795	642	12132	592	0	14161
13540	638	574	10965	553	0	12730
13541	504	9617	1423	653	0	12197
13542	488	675	992	4376	0	6531
13543	366	590	563	3993	0	5512
13544	485	376	530	3936	0	5327
13545	360	419	574	3927	0	5280
13546	378	474	3855	586	0	5293
13547	3532	405	529	599	0	5065
13548	480	3768	565	488	0	5301
13549	3881	397	484	494	0	5256
13550	424	344	508	3968	0	5244
13551	386	3912	558	524	0	5380
13552	406	525	420	4121	0	5472
13553	4060	390	443	548	0	5441
13554	470	4175	434	478	0	5557
13555	4266	389	439	482	0	5576
13556	4237	367	458	467	0	5529
13557	398	395	449	4361	0	5603
13558	320	431	4303	496	0	5550
13559	4027	367	630	493	0	5517
13560	317	341	498	4582	0	5738
13561	4311	334	478	611	0	5734
13562	4411	375	439	583	0	5808
13563	4423	315	442	592	0	5772
13564	391	332	4580	520	0	5823
13565	439	345	500	4406	0	5690
13566	4514	358	467	421	0	5760
13567	451	375	4715	347	0	5888
13568	250	4753	580	368	0	5951
13569	302	398	622	4384	0	5706
13570	263	368	4944	407	0	5982
13571	275	379	4823	393	0	5870
13572	297	366	495	4790	0	5948
13573	284	377	433	4926	0	6020
13574	277	370	469	4867	0	5983
13575	252	396	539	4720	0	5907
13576	251	487	4859	341	0	5938
13577	280	4769	620	305	0	5974
13578	255	403	537	4909	0	6104
13579	4960	359	426	432	0	6177
13580	4878	419	456	323	0	6076
13581	4953	401	346	364	0	6064
13582	456	393	335	4871	0	6055
13583	400	391	350	4857	0	5998
13584	276	4758	455	329	0	5818
13585	250	4947	364	409	0	5970
13586	268	468	434	4784	0	5954
13587	4711	498	340	306	0	5855
13588	4769	379	321	287	0	5756
13589	4688	413	392	242	0	5735
13590	4663	510	256	275	0	5704
13591	4703	447	291	253	0	5694
13592	264	4846	340	270	0	5720
13593	261	335	365	4876	0	5837
13594	4905	325	317	371	0	5918
13595	4928	382	295	313	0	5918
13596	295	295	285	4999	0	5874
13597	298	288	309	5038	0	5933
13598	336	310	5093	247	0	5986
13599	270	345	336	4817	0	5768
13600	341	291	291	4965	0	5888
13601	251	348	5221	246	0	6066
13602	245	332	330	5105	0	6012
13603	253	5328	370	273	0	6224
13604	250	250	5360	270	0	6130
13605	243	5341	384	209	0	6177
13606	274	305	299	5210	0	6088
13607	261	231	331	5316	0	6139
13608	243	5245	302	238	0	6028
13609	235	5394	271	192	0	6092
13610	5534	214	229	231	0	6208
13611	5428	240	232	232	0	6132
13612	284	156	5392	221	0	6053
13613	5476	147	298	266	0	6187
13614	5822	186	243	222	0	6473
13615	5883	215	162	225	0	6485
13616	5870	145	172	227	0	6414
13617	220	184	5641	238	0	6283
13618	237	97	5302	273	0	5909
13619	5733	112	223	219	0	6287
13620	175	5855	242	208	0	6480
13621	175	142	5950	234	0	6501
13622	5904	139	171	180	0	6394
13623	5915	151	152	213	0	6431
13624	176	84	5863	204	0	6327
13625	5919	84	203	143	0	6349
13626	211	81	128	6557	0	6977
13627	122	75	6742	197	0	7136
13628	6252	80	208	152	0	6692
13629	135	6770	127	134	0	7166
13630	7078	143	128	110	0	7459
13631	7703	61	142	139	0	8045
13632	160	57	79	7740	0	8036
13633	168	57	87	7570	0	7882
13634	97	54	73	7870	0	8094
13635	7878	72	70	104	0	8124
13636	8082	88	70	68	0	8308
13637	146	31	77	8066	0	8320
13638	63	30	126	7962	0	8181
13639	40	33	7879	110	0	8062
13640	7548	39	97	93	0	7777
13641	80	34	38	8164	0	8316
13642	56	19	19	8125	0	8219
13643	35	7966	22	128	0	8151
13644	35	78	16	8181	0	8310
13645	46	34	15	8110	0	8205
13646	8011	23	23	135	0	8192
13647	101	8112	19	68	0	8300
13648	79	81	15	8278	0	8453
13649	63	38	13	8183	0	8297
13650	44	23	11	8276	0	8354
13651	37	25	8134	135	0	8331
13652	62	18	77	7937	0	8094
13653	7930	18	37	138	0	8123
13654	97	25	7833	85	0	8040
13655	81	12	82	7998	0	8173
13656	51	12	55	8234	0	8352
13657	8202	10	24	174	0	8410
13658	7998	12	28	121	0	8159
13659	139	16	7996	64	0	8215
13660	7356	25	89	93	0	7563
13661	119	18	7961	55	0	8153
13662	7962	17	90	84	0	8153
13663	130	8539	64	55	0	8788
13664	8889	103	30	68	0	9090
13665	135	8855	27	88	0	9105
13666	9223	131	23	72	0	9449
13667	143	9398	31	47	0	9619
13668	94	144	25	9567	0	9830
13669	65	68	24	9559	0	9716
13670	76	39	21	9544	0	9680
13671	44	9208	27	204	0	9483
13672	46	128	30	9399	0	9603
13673	53	9361	19	196	0	9629
13674	51	149	21	9586	0	9807
13675	9538	64	26	204	0	9832
13676	9462	44	24	133	0	9663
13677	212	9393	25	67	0	9697
13678	127	138	31	9490	0	9786
13679	9420	63	15	196	0	9694
13680	189	9452	24	88	0	9753
13681	116	9609	26	66	0	9817
13682	9584	200	23	90	0	9897
13683	9632	94	19	88	0	9833
13684	216	9547	27	58	0	9848
13685	9593	171	16	80	0	9860
13686	206	102	19	9584	0	9911
13687	120	56	9761	180	0	10117
13688	9654	54	146	125	0	9979
13689	9944	41	56	107	0	10148
13690	238	65	9876	66	0	10245
13691	9991	37	159	97	0	10284
13692	10334	45	64	111	0	10554
13693	10637	39	36	112	0	10824
13694	259	10443	39	52	0	10793
13695	10683	179	16	95	0	10973
13696	10770	97	22	92	0	10981
13697	295	58	27	10672	0	11052
13698	189	60	21	10716	0	10986
13699	125	46	22	10961	0	11154
13700	10837	63	19	297	0	11216
13701	250	63	19	10782	0	11114
13702	10900	56	23	262	0	11241
13703	10978	46	25	172	0	11221
13704	302	56	33	10895	0	11286
13705	201	39	23	11077	0	11340
13706	153	55	29	11272	0	11509
13707	11208	54	26	340	0	11628
13708	271	11114	27	161	0	11573
13709	193	206	27	11376	0	11802
13710	149	127	29	11535	0	11840
13711	11358	75	29	369	0	11831
13712	11434	60	16	216	0	11726
13713	364	58	10999	137	0	11558
13714	224	60	10948	123	0	11355
13715	11856	51	301	129	0	12337
13716	384	46	122	12238	0	12790
13717	207	50	69	13836	0	14162
13718	163	62	13717	570	0	14512
13719	189	46	416	13549	0	14200
13720	139	13565	160	558	0	14422
13721	149	14415	90	257	0	14911
13722	13995	545	54	194	0	14788
13723	533	217	13786	159	0	14695
13724	263	14238	416	145	0	15062
13725	230	477	140	14530	0	15377
13726	167	185	14296	532	0	15180
13727	190	128	460	13882	0	14660
13728	164	91	172	14251	0	14678
13729	149	89	13986	685	0	14909
13730	154	13964	482	305	0	14905
13731	202	463	185	13510	0	14360
13732	13473	199	130	612	0	14414
13733	13734	128	100	313	0	14275
13734	13846	112	66	233	0	14257
13735	703	13365	99	206	0	14373
13736	13501	473	90	190	0	14254
13737	609	197	89	13443	0	14338
13738	289	162	13175	542	0	14168
13739	12907	136	442	332	0	13817
13740	557	13360	172	257	0	14346
13741	286	463	128	13435	0	14312
13742	258	209	103	13572	0	14142
13743	198	13223	99	655	0	14175
13744	219	511	86	13689	0	14505
13745	244	195	94	13928	0	14461
13746	246	139	96	14286	0	14767
13747	13642	132	100	765	0	14639
13748	13757	130	105	395	0	14387
13749	643	134	13579	287	0	14643
13750	349	129	458	13617	0	14553
13751	296	143	188	14217	0	14844
13752	255	139	141	14379	0	14914
13753	13914	154	114	741	0	14923
13754	572	145	13495	395	0	14607
13755	13209	122	459	366	0	14156
13756	13984	129	210	300	0	14623
13757	722	130	157	13791	0	14800
13758	13891	114	131	686	0	14822
13759	646	132	13348	373	0	14499
13760	13331	132	433	360	0	14256
13761	667	14566	191	327	0	15751
13762	362	519	14369	257	0	15507
13763	314	242	14534	247	0	15337
13764	333	204	595	14159	0	15291
13765	287	170	14360	658	0	15475
13766	13768	136	565	414	0	14883
13767	646	13880	245	333	0	15104
13768	14006	527	169	329	0	15031
13769	706	223	139	14097	0	15165
13770	375	190	13910	688	0	15163
13771	294	180	13970	374	0	14818
13772	318	134	628	14182	0	15262
13773	14173	160	298	729	0	15360
13774	632	13891	213	447	0	15183
13775	361	14524	175	389	0	15449
13776	14338	613	192	356	0	15499
13777	647	14472	193	332	0	15644
13778	14582	587	167	339	0	15675
13779	723	301	198	14427	0	15649
13780	14461	204	184	690	0	15539
13781	743	182	200	14479	0	15604
13782	14555	154	198	746	0	15653
13783	748	170	188	14441	0	15547
13784	415	14194	198	720	0	15527
13785	14380	544	213	449	0	15586
13786	724	14277	192	390	0	15583
13787	400	576	13845	323	0	15144
13788	418	288	543	13313	0	14562
13789	360	13986	273	620	0	15239
13790	13720	538	231	407	0	14896
13791	13788	277	192	364	0	14621
13792	786	13489	186	334	0	14795
13793	457	596	13376	303	0	14732
13794	385	313	530	13050	0	14278
13795	330	13019	289	691	0	14329
13796	364	533	247	13562	0	14706
13797	351	301	210	13836	0	14698
13798	13382	250	180	838	0	14650
13799	674	13188	203	506	0	14571
13800	462	553	169	13565	0	14749
13801	13452	323	190	768	0	14733
13802	13524	240	212	490	0	14466
13803	13518	223	213	430	0	14384
13804	844	242	194	13049	0	14329
13805	12934	219	182	768	0	14103
13806	744	12753	202	473	0	14172
13807	12797	563	225	432	0	14017
13808	695	12731	186	418	0	14030
13809	12785	569	193	428	0	13975
13810	12916	314	174	423	0	13827
13811	820	305	197	12494	0	13816
13812	513	217	12442	655	0	13827
13813	413	226	12114	429	0	13182
13814	377	12243	555	418	0	13593
13815	11952	507	300	418	0	13177
13816	628	297	11611	386	0	12922
13817	9506	248	373	377	0	10504
13818	462	9461	277	272	0	10472
13819	345	9728	196	341	0	10610
13820	324	386	209	9978	0	10897
13821	327	10224	179	386	0	11116
13822	355	357	10358	326	0	11396
13823	364	238	382	10120	0	11104
13824	308	10750	234	430	0	11722
13825	294	405	190	10961	0	11850
13826	10818	257	234	515	0	11824
13827	506	202	177	10987	0	11872
13828	362	236	11007	542	0	12147
13829	332	11064	405	350	0	12151
13830	337	442	225	11086	0	12090
13831	367	277	156	11325	0	12125
13832	402	230	158	11515	0	12305
13833	11235	203	161	617	0	12216
13834	11250	205	150	405	0	12010
13835	594	262	10912	323	0	12091
13836	458	213	10728	311	0	11710
13837	318	10955	421	385	0	12079
13838	11252	376	273	354	0	12255
13839	597	276	164	11198	0	12235
13840	406	240	166	11280	0	12092
13841	378	211	166	11375	0	12130
13842	342	197	147	11441	0	12127
13843	347	233	10836	598	0	12014
13844	10673	176	370	482	0	11701
13845	559	175	236	12088	0	13058
13846	418	168	11944	635	0	13165
13847	12377	192	472	427	0	13468
13848	13905	175	298	341	0	14719
13849	844	172	15326	277	0	16619
13850	498	193	15968	326	0	16985
13851	440	172	831	15726	0	17169
13852	15997	175	415	862	0	17449
13853	16557	169	279	438	0	17443
13854	1029	196	293	15643	0	17161
13855	649	179	252	16360	0	17440
13856	463	205	15970	931	0	17569
13857	442	217	742	15856	0	17257
13858	428	218	15827	884	0	17357
13859	15147	176	825	557	0	16705
13860	894	15693	421	384	0	17392
13861	15071	720	293	372	0	16456
13862	854	14990	322	308	0	16474
13863	14890	731	305	325	0	16251
13864	950	349	226	14496	0	16021
13865	569	278	233	14950	0	16030
13866	14824	231	197	938	0	16190
13867	15038	261	180	531	0	16010
13868	15176	216	193	400	0	15985
13869	15363	207	167	403	0	16140
13870	1080	208	14357	358	0	16003
13871	14470	194	719	342	0	15725
13872	15070	208	311	386	0	15975
13873	15240	206	222	321	0	15989
13874	1224	239	177	14381	0	16021
13875	14158	249	196	848	0	15451
13876	1110	13900	198	446	0	15654
13877	733	713	187	14120	0	15753
13878	688	313	201	14639	0	15841
13879	529	260	13961	1019	0	15769
13880	590	196	662	13848	0	15296
13881	474	14006	342	976	0	15798
13882	14035	699	260	590	0	15584
13883	924	14088	242	521	0	15775
13884	14320	790	201	491	0	15802
13885	1076	371	240	14151	0	15838
13886	14059	324	227	913	0	15523
13887	991	13751	261	539	0	15542
13888	14151	721	218	452	0	15542
13889	14530	444	190	410	0	15574
13890	1267	292	208	13893	0	15660
13891	784	257	169	14505	0	15715
13892	608	251	13698	1055	0	15612
13893	572	245	692	14012	0	15521
13894	569	244	317	14418	0	15548
13895	576	207	13720	1123	0	15626
13896	575	197	703	14144	0	15619
13897	530	168	13771	1068	0	15537
13898	13822	174	797	614	0	15407
13899	1082	208	407	13826	0	15523
13900	699	167	13470	963	0	15299
13901	13719	171	771	578	0	15239
13902	1096	176	402	13848	0	15522
13903	711	188	13713	966	0	15578
13904	14070	182	759	641	0	15652
13905	1077	170	396	14129	0	15772
13906	652	197	318	14588	0	15755
13907	14312	161	297	1128	0	15898
13908	1026	184	292	14244	0	15746
13909	690	154	286	14649	0	15779
13910	611	181	287	14166	0	15245
13911	528	13635	273	1205	0	15641
13912	13556	689	268	796	0	15309
13913	14109	332	278	558	0	15277
13914	1199	268	220	13635	0	15322
13915	13827	197	222	1054	0	15300
13916	14065	164	215	691	0	15135
13917	14193	202	216	590	0	15201
13918	11618	203	279	651	0	12751
13919	13878	174	235	573	0	14860
13920	1243	145	12330	541	0	14259
13921	756	173	12115	528	0	13572
13922	11980	135	831	520	0	13466
13923	1042	11461	447	507	0	13457
13924	680	581	333	11514	0	13108
13925	591	270	11250	924	0	13035
13926	565	210	11480	577	0	12832
13927	543	186	839	11277	0	12845
13928	11292	155	524	952	0	12923
13929	926	169	362	11413	0	12870
13930	670	153	11008	984	0	12815
13931	11546	128	697	674	0	13045
13932	981	120	419	11653	0	13173
13933	715	133	345	11918	0	13111
13934	639	109	327	12158	0	13233
13935	572	116	299	12107	0	13094
13936	557	130	11233	1123	0	13043
13937	580	130	688	11641	0	13039
13938	11495	150	368	1064	0	13077
13939	966	115	10822	752	0	12655
13940	11153	147	662	698	0	12660
13941	11771	123	405	615	0	12914
13942	11732	123	350	605	0	12810
13943	11642	115	320	549	0	12626
13944	1204	10526	293	554	0	12577
13945	757	9696	283	500	0	11236
13946	689	9919	326	442	0	11376
13947	9399	570	340	497	0	10806
13948	883	243	8342	448	0	9916
13949	6439	166	541	376	0	7522
13950	604	144	336	5966	0	7050
13951	5952	118	221	584	0	6875
13952	650	130	215	5829	0	6824
13953	6008	119	188	531	0	6846
13954	550	139	195	5955	0	6839
13955	483	128	202	6187	0	7000
13956	5950	152	247	510	0	6859
13957	546	6152	224	454	0	7376
13958	508	223	6215	369	0	7315
13959	559	6112	259	327	0	7257
13960	485	300	5896	334	0	7015
13961	538	207	223	5669	0	6637
13962	5988	192	203	382	0	6765
13963	556	107	152	5832	0	6647
13964	5843	97	186	509	0	6635
13965	517	5867	163	407	0	6954
13966	525	170	6000	332	0	7027
13967	523	5873	224	313	0	6933
13968	487	6069	175	325	0	7056
13969	6120	150	203	319	0	6792
13970	5895	127	254	330	0	6606
13971	467	5728	153	338	0	6686
13972	440	179	138	6004	0	6761
13973	386	142	166	6060	0	6754
13974	6060	118	149	454	0	6781
13975	376	143	5898	348	0	6765
13976	324	180	5628	363	0	6495
13977	295	131	217	6043	0	6686
13978	310	102	5908	427	0	6747
13979	5623	111	258	358	0	6350
13980	5970	122	169	360	0	6621
13981	372	5810	144	316	0	6642
13982	397	165	5988	282	0	6832
13983	348	165	211	6107	0	6831
13984	372	88	6301	401	0	7162
13985	335	65	213	6461	0	7074
13986	6567	94	159	393	0	7213
13987	348	6439	186	309	0	7282
13988	351	120	6623	319	0	7413
13989	331	6670	232	328	0	7561
13990	251	6960	204	373	0	7788
13991	7193	135	214	351	0	7893
13992	6995	79	230	322	0	7626
13993	340	77	7083	332	0	7832
13994	290	7141	241	324	0	7996
13995	274	128	219	7450	0	8071
13996	263	76	173	7510	0	8022
13997	307	60	209	7378	0	7954
13998	341	60	7402	349	0	8152
13999	262	68	230	7412	0	7972
14000	290	63	209	7727	0	8289
14001	7799	90	119	340	0	8348
14002	7761	72	126	325	0	8284
14003	7702	66	167	250	0	8185
14004	7574	53	91	293	0	8011
14005	7523	66	90	315	0	7994
14006	348	7270	113	266	0	7997
14007	7482	143	91	222	0	7938
14008	325	100	7200	252	0	7877
14009	284	74	177	7284	0	7819
14010	7426	83	131	277	0	7917
14011	333	7286	129	167	0	7915
14012	7659	118	101	184	0	8062
14013	7808	73	106	185	0	8172
14014	322	68	101	7796	0	8287
14015	300	65	137	7723	0	8225
14016	264	7892	142	204	0	8502
14017	253	126	129	8241	0	8749
14018	226	81	8408	213	0	8928
14019	218	68	212	8521	0	9019
14020	155	63	8626	241	0	9085
14021	8108	67	230	201	0	8606
14022	264	73	125	8707	0	9169
14023	164	107	8734	260	0	9265
14024	121	8516	211	217	0	9065
14025	139	8742	158	156	0	9195
14026	8813	150	140	166	0	9269
14027	241	84	73	8914	0	9312
14028	201	54	9065	208	0	9528
14029	131	8985	158	167	0	9441
14030	142	135	9076	110	0	9463
14031	8762	91	143	147	0	9143
14032	8958	66	78	152	0	9254
14033	9048	65	83	147	0	9343
14034	246	61	55	9054	0	9416
14035	144	61	8975	171	0	9351
14036	130	8961	176	81	0	9348
14037	154	140	71	9189	0	9554
14038	150	97	8921	112	0	9280
14039	128	64	8604	74	0	8870
14040	142	64	123	8975	0	9304
14041	9236	69	63	139	0	9507
14042	194	58	45	9185	0	9482
14043	116	63	43	9359	0	9581
14044	56	83	9402	151	0	9692
14045	88	62	116	9292	0	9558
14046	96	58	53	9328	0	9535
14047	66	33	9516	154	0	9769
14048	66	39	9235	77	0	9417
14049	82	28	140	9393	0	9643
14050	54	37	9558	141	0	9790
14051	66	31	125	9541	0	9763
14052	9648	21	74	174	0	9917
14053	129	9809	54	89	0	10081
14054	82	112	42	10020	0	10256
14055	46	56	9799	148	0	10049
14056	8602	35	136	120	0	8893
14057	123	9272	72	60	0	9527
14058	9298	113	46	84	0	9541
14059	134	52	47	9328	0	9561
14060	85	35	58	9276	0	9454
14061	9480	37	33	192	0	9742
14062	137	36	9498	83	0	9754
14063	9268	29	125	97	0	9519
14064	147	30	71	9606	0	9854
14065	9316	40	60	158	0	9574
14066	9332	34	44	106	0	9516
14067	180	34	45	9421	0	9680
14068	88	9612	45	159	0	9904
14069	9891	137	47	116	0	10191
14070	9933	65	33	115	0	10146
14071	235	45	9940	61	0	10281
14072	9753	32	169	103	0	10057
14073	226	34	80	9968	0	10308
14074	122	9994	74	184	0	10374
14075	94	153	58	9924	0	10229
14076	75	10013	57	177	0	10322
14077	10069	171	42	126	0	10408
14078	10272	85	40	97	0	10494
14079	280	46	52	10634	0	11012
14080	125	53	10516	222	0	10916
14081	95	65	10381	128	0	10669
14082	97	42	260	10849	0	11248
14083	10914	40	132	274	0	11360
14084	11485	38	92	181	0	11796
14085	364	11604	70	112	0	12150
14086	188	278	46	11796	0	12308
14087	122	131	12141	319	0	12713
14088	101	104	12510	159	0	12874
14089	87	69	466	13401	0	14023
14090	14354	43	202	502	0	15101
14091	544	34	123	14628	0	15329
14092	230	48	14387	563	0	15228
14093	14373	52	491	284	0	15200
14094	570	38	208	14445	0	15261
14095	274	39	151	14784	0	15248
14096	198	34	107	14660	0	14999
14097	115	14368	101	730	0	15314
14098	116	457	14460	348	0	15381
14099	131	171	14697	240	0	15239
14100	136	109	646	14601	0	15492
14101	123	68	14716	578	0	15485
14102	14304	62	625	313	0	15304
14103	571	52	271	14555	0	15449
14104	293	46	191	14767	0	15297
14105	220	56	150	14813	0	15239
14106	131	14479	158	759	0	15527
14107	14762	486	150	416	0	15814
14108	602	189	117	14907	0	15815
14109	14651	123	115	721	0	15610
14110	633	14653	111	344	0	15741
14111	14684	532	98	337	0	15651
14112	14442	223	132	276	0	15073
14113	14802	137	116	271	0	15326
14114	790	14031	108	222	0	15151
14115	401	14505	117	190	0	15213
14116	13923	641	115	220	0	14899
14117	631	14054	107	203	0	14995
14118	313	619	13607	185	0	14724
14119	237	13124	520	212	0	14093
14120	206	13905	226	185	0	14522
14121	13513	693	173	172	0	14551
14122	610	318	13293	162	0	14383
14123	282	253	13371	160	0	14066
14124	268	178	678	12993	0	14117
14125	13304	153	340	579	0	14376
14126	618	135	13403	286	0	14442
14127	344	114	581	13375	0	14414
14128	260	145	13024	606	0	14035
14129	222	174	12787	304	0	13487
14130	12400	129	707	270	0	13506
14131	600	122	12941	184	0	13847
14132	345	115	664	12595	0	13719
14133	284	124	335	12758	0	13501
14134	227	12383	258	694	0	13562
14135	204	13034	231	381	0	13850
14136	240	629	187	12683	0	13739
14137	202	299	12745	637	0	13883
14138	222	225	625	12702	0	13774
14139	217	164	320	13261	0	13962
14140	181	146	12956	836	0	14119
14141	210	130	618	13127	0	14085
14142	13076	155	357	801	0	14389
14143	615	172	13003	429	0	14219
14144	12858	129	683	393	0	14063
14145	747	116	391	12986	0	14240
14146	383	130	333	13514	0	14360
14147	312	13383	259	886	0	14840
14148	287	576	253	13711	0	14827
14149	243	284	220	14343	0	15090
14150	13740	224	223	1015	0	15202
14151	719	184	252	14021	0	15176
14152	425	173	220	14452	0	15270
14153	13533	166	210	1069	0	14978
14154	743	158	266	13846	0	15013
14155	416	174	245	13450	0	14285
14156	314	13412	234	1018	0	14978
14157	13590	594	251	628	0	15063
14158	785	288	211	13764	0	15048
14159	439	238	199	14232	0	15108
14160	351	209	13407	1044	0	15011
14161	350	184	662	13603	0	14799
14162	312	157	337	14149	0	14955
14163	13287	161	285	1130	0	14863
14164	13626	209	219	699	0	14753
14165	919	190	210	13673	0	14992
14166	530	183	13084	931	0	14728
14167	395	12446	692	580	0	14113
14168	351	13116	386	492	0	14345
14169	350	690	307	13015	0	14362
14170	12884	354	232	919	0	14389
14171	766	277	213	13193	0	14449
14172	13128	248	200	951	0	14527
14173	826	245	199	13374	0	14644
14174	472	212	212	13712	0	14608
14175	12933	213	236	1054	0	14436
14176	13031	234	236	650	0	14151
14177	922	12706	213	548	0	14389
14178	528	13457	224	500	0	14709
14179	432	715	230	12640	0	14017
14180	396	388	251	13012	0	14047
14181	337	303	12265	916	0	13821
14182	11224	234	594	681	0	12733
14183	712	11685	356	522	0	13275
14184	371	11475	268	491	0	12605
14185	11009	602	270	465	0	12346
14186	599	307	10839	457	0	12202
14187	416	226	10515	381	0	11538
14188	332	204	9876	415	0	10827
14189	290	8824	495	402	0	10011
14190	331	310	302	7986	0	8929
14191	268	200	216	7919	0	8603
14192	242	195	256	7914	0	8607
14193	7520	183	221	496	0	8420
14194	7512	196	168	455	0	8331
14195	346	7462	171	408	0	8387
14196	297	279	185	7770	0	8531
14197	241	250	7642	441	0	8574
14198	212	7598	349	347	0	8506
14199	7466	289	244	364	0	8363
14200	327	223	7510	361	0	8421
14201	6856	210	322	343	0	7731
14202	389	197	7427	315	0	8328
14203	280	197	247	7392	0	8116
14204	247	7372	185	439	0	8243
14205	7480	260	172	400	0	8312
14206	339	7566	168	305	0	8378
14207	7545	271	162	331	0	8309
14208	361	202	151	7566	0	8280
14209	322	225	7555	357	0	8459
14210	273	233	253	7818	0	8577
14211	293	176	182	8636	0	9287
14212	264	185	8437	451	0	9337
14213	8053	184	318	379	0	8934
14214	329	8641	198	341	0	9509
14215	8659	359	192	317	0	9527
14216	376	8784	180	328	0	9668
14217	251	365	186	9132	0	9934
14218	202	223	9047	480	0	9952
14219	10104	186	375	404	0	11069
14220	464	10551	230	339	0	11584
14221	304	415	210	10617	0	11546
14222	261	221	219	11226	0	11927
14223	11510	148	226	703	0	12587
14224	12161	130	188	530	0	13009
14225	678	12242	187	392	0	13499
14226	12981	506	211	407	0	14105
14227	13268	243	167	410	0	14088
14228	13616	193	166	374	0	14349
14229	817	200	13183	343	0	14543
14230	444	12848	569	389	0	14250
14231	321	13688	283	358	0	14650
14232	307	705	185	12883	0	14080
14233	290	343	137	13671	0	14441
14234	13211	260	135	931	0	14537
14235	675	13180	139	532	0	14526
14236	13324	621	118	476	0	14539
14237	792	302	155	13155	0	14404
14238	436	231	127	13679	0	14473
14239	13065	189	110	982	0	14346
14240	13138	163	168	583	0	14052
14241	857	159	12524	468	0	14008
14242	519	194	552	12628	0	13893
14243	358	172	12399	791	0	13720
14244	343	181	12368	480	0	13372
14245	295	179	12511	440	0	13425
14246	11866	196	723	436	0	13221
14247	730	202	314	11771	0	13017
14248	429	167	201	11961	0	12758
14249	350	158	160	12345	0	13013
14250	344	159	11704	863	0	13070
14251	331	165	520	11904	0	12920
14252	325	146	266	12326	0	13063
14253	11748	152	187	912	0	12999
14254	12002	161	161	565	0	12889
14255	12276	154	149	434	0	13013
14256	12313	192	135	376	0	13016
14257	956	170	141	11757	0	13024
14258	11962	138	156	789	0	13045
14259	824	186	151	11885	0	13046
14260	478	180	11160	770	0	12588
14261	11522	183	512	536	0	12753
14262	756	11519	254	404	0	12933
14263	546	570	189	11424	0	12729
14264	466	318	171	11645	0	12600
14265	396	11530	169	782	0	12877
14266	11460	608	177	474	0	12719
14267	752	11363	149	376	0	12640
14268	453	662	11192	336	0	12643
14269	405	322	11384	324	0	12435
14270	11100	265	662	323	0	12350
14271	11586	217	325	348	0	12476
14272	834	208	11052	311	0	12405
14273	11116	192	596	355	0	12259
14274	811	183	11003	321	0	12318
14275	11131	191	644	276	0	12242
14276	830	204	11009	274	0	12317
14277	515	218	11271	283	0	12287
14278	414	213	714	10477	0	11818
14279	423	155	390	10834	0	11802
14280	10775	164	328	809	0	12076
14281	10894	152	297	463	0	11806
14282	11070	173	243	362	0	11848
14283	11266	165	246	337	0	12014
14284	939	10494	244	289	0	11966
14285	620	527	223	10350	0	11720
14286	471	10598	232	649	0	11950
14287	457	578	230	10705	0	11970
14288	414	283	226	10915	0	11838
14289	410	205	218	10962	0	11795
14290	401	178	10220	921	0	11720
14291	10074	174	590	552	0	11390
14292	787	9737	329	439	0	11292
14293	511	10468	256	371	0	11606
14294	471	681	10266	346	0	11764
14295	449	329	610	10264	0	11652
14296	453	251	312	10592	0	11608
14297	10281	208	284	849	0	11622
14298	827	194	241	10284	0	11546
14299	543	184	216	10615	0	11558
14300	463	175	269	10701	0	11608
14301	458	171	261	10789	0	11679
14302	10219	183	244	976	0	11622
14303	10586	162	247	585	0	11580
14304	10762	191	240	473	0	11666
14305	1015	184	286	10311	0	11796
14306	10521	179	266	800	0	11766
14307	948	189	258	10493	0	11888
14308	572	161	282	11020	0	12035
14309	512	145	10220	960	0	11837
14310	487	167	10130	616	0	11400
14311	446	151	9707	507	0	10811
14312	9397	159	835	433	0	10824
14313	894	179	426	8777	0	10276
14314	565	8954	337	736	0	10592
14315	9398	542	243	506	0	10689
14316	877	279	8926	469	0	10551
14317	8865	226	606	473	0	10170
14318	889	8331	372	463	0	10055
14319	7689	451	289	397	0	8826
14320	799	278	265	7190	0	8532
14321	7159	225	232	676	0	8292
14322	766	6533	213	508	0	8020
14323	602	6414	244	410	0	7670
14324	5941	423	241	376	0	6981
14325	636	5610	245	333	0	6824
14326	551	4552	196	326	0	5625
14327	525	4506	192	373	0	5596
14328	4394	291	261	351	0	5297
14329	4156	213	291	352	0	5012
14330	4109	284	220	358	0	4971
14331	462	280	180	4033	0	4955
14332	371	168	203	4216	0	4958
14333	419	138	3855	499	0	4911
14334	499	129	270	4028	0	4926
14335	439	228	3957	386	0	5010
14336	425	148	295	4148	0	5016
14337	358	116	249	4334	0	5057
14338	4112	107	250	558	0	5027
14339	4246	95	261	384	0	4986
14340	514	3892	269	329	0	5004
14341	383	177	350	4122	0	5032
14342	341	119	4240	482	0	5182
14343	326	133	389	4277	0	5125
14344	321	138	344	4314	0	5117
14345	314	118	360	4411	0	5203
14346	439	102	4204	420	0	5165
14347	340	114	4011	439	0	4904
14348	4161	102	264	468	0	4995
14349	381	97	231	4498	0	5207
14350	361	103	4328	402	0	5194
14351	4209	95	265	424	0	4993
14352	425	4232	153	431	0	5241
14353	4647	187	179	304	0	5317
14354	555	150	4495	238	0	5438
14355	4672	140	215	272	0	5299
14356	489	157	181	4553	0	5380
14357	330	138	4515	445	0	5428
14358	358	4426	218	347	0	5349
14359	4559	206	168	412	0	5345
14360	369	148	258	4557	0	5332
14361	350	196	207	4495	0	5248
14362	300	4597	182	297	0	5376
14363	263	232	183	4666	0	5344
14364	255	152	4537	392	0	5336
14365	261	4551	236	267	0	5315
14366	4712	209	192	233	0	5346
14367	339	177	216	4586	0	5318
14368	273	113	285	4599	0	5270
14369	294	106	4577	282	0	5259
14370	352	92	278	4540	0	5262
14371	378	87	4647	293	0	5405
14372	279	4570	303	253	0	5405
14373	4733	170	201	250	0	5354
14374	4724	100	240	247	0	5311
14375	4789	115	157	255	0	5316
14376	328	4730	201	276	0	5535
14377	252	160	199	4889	0	5500
14378	225	129	112	5010	0	5476
14379	256	120	131	4348	0	4855
14380	4895	114	92	342	0	5443
14381	4866	120	90	277	0	5353
14382	341	115	97	4880	0	5433
14383	267	123	5022	283	0	5695
14384	200	156	160	5164	0	5680
14385	173	128	115	5291	0	5707
14386	171	156	133	5213	0	5673
14387	157	118	116	5295	0	5686
14388	5182	92	109	376	0	5759
14389	236	98	124	5338	0	5796
14390	186	99	159	5367	0	5811
14391	235	5294	93	260	0	5882
14392	201	191	78	5547	0	6017
14393	153	5536	93	310	0	6092
14394	199	166	116	5678	0	6159
14395	5610	88	69	376	0	6143
14396	252	5582	80	282	0	6196
14397	5686	140	67	241	0	6134
14398	276	86	5608	233	0	6203
14399	189	75	144	5789	0	6197
14400	170	64	5813	306	0	6353
14401	178	55	184	5877	0	6294
14402	211	68	98	5872	0	6249
14403	201	5692	111	226	0	6230
14404	184	5801	106	183	0	6274
14405	117	6005	119	184	0	6425
14406	5990	138	90	163	0	6381
14407	163	5710	93	173	0	6139
14408	114	5703	97	144	0	6058
14409	133	135	134	5708	0	6110
14410	5794	94	132	132	0	6152
14411	168	5993	88	81	0	6330
14412	6062	128	51	105	0	6346
14413	6121	87	39	119	0	6366
14414	153	115	6172	77	0	6517
14415	154	78	91	6075	0	6398
14416	105	81	87	6295	0	6568
14417	99	79	34	6329	0	6541
14418	92	87	25	6215	0	6419
14419	71	59	6055	144	0	6329
14420	67	52	5376	106	0	5601
14421	5630	59	76	84	0	5849
14422	95	5933	32	68	0	6128
14423	56	5992	39	61	0	6148
14424	6045	87	28	58	0	6218
14425	82	5946	29	50	0	6107
14426	50	95	25	6060	0	6230
14427	6055	46	36	121	0	6258
14428	97	44	6049	63	0	6253
14429	74	29	70	6213	0	6386
14430	39	34	6239	113	0	6425
14431	6073	29	89	89	0	6280
14432	83	44	6757	65	0	6949
14433	6803	25	95	67	0	6990
14434	7144	32	44	86	0	7306
14435	7146	33	43	66	0	7288
14436	7147	41	32	70	0	7290
14437	7190	29	29	71	0	7319
14438	133	31	30	7204	0	7398
14439	7497	36	25	136	0	7694
14440	105	35	33	7524	0	7697
14441	61	28	28	7579	0	7696
14442	60	23	37	7551	0	7671
14443	43	38	7447	134	0	7662
14444	55	29	88	7346	0	7518
14445	52	30	36	7606	0	7724
14446	51	34	7418	121	0	7624
14447	6782	26	101	86	0	6995
14448	121	32	35	7587	0	7775
14449	53	33	7566	116	0	7768
14450	60	37	7308	50	0	7455
14451	56	35	82	7354	0	7527
14452	54	30	7606	113	0	7803
14453	60	27	85	7665	0	7837
14454	49	27	44	7636	0	7756
14455	40	7558	53	115	0	7766
14456	28	7715	32	103	0	7878
14457	7759	89	43	88	0	7979
14458	94	50	25	7866	0	8035
14459	71	29	24	7750	0	7874
14460	50	36	27	8016	0	8129
14461	45	34	8044	129	0	8252
14462	50	37	77	7894	0	8058
14463	8029	33	40	154	0	8256
14464	109	22	8145	72	0	8348
14465	55	38	80	8336	0	8509
14466	64	23	45	8341	0	8473
14467	45	25	31	8553	0	8654
14468	35	8766	44	140	0	8985
14469	8914	96	32	110	0	9152
14470	9196	48	30	105	0	9379
14471	156	9581	31	68	0	9836
14472	90	137	30	10046	0	10303
14473	82	63	10051	171	0	10367
14474	80	58	9570	96	0	9804
14475	10101	32	202	110	0	10445
14476	206	33	106	10417	0	10762
14477	10768	28	70	241	0	11107
14478	234	10858	43	130	0	11265
14479	113	11268	47	101	0	11529
14480	11202	279	27	101	0	11609
14481	247	11633	35	69	0	11984
14482	150	260	24	11720	0	12154
14483	110	127	35	11468	0	11740
14484	78	12056	27	313	0	12474
14485	12119	276	30	197	0	12622
14486	278	128	12248	105	0	12759
14487	11718	71	242	134	0	12165
14488	335	65	12461	74	0	12935
14489	11436	55	296	135	0	11922
14490	354	56	12489	79	0	12978
14491	163	12334	339	66	0	12902
14492	155	274	141	12382	0	12952
14493	12262	135	99	315	0	12811
14494	311	87	12112	150	0	12660
14495	149	60	12200	107	0	12516
14496	146	76	347	11888	0	12457
14497	101	58	12387	279	0	12825
14498	98	59	337	12037	0	12531
14499	158	40	149	11875	0	12222
14500	74	39	12366	377	0	12856
14501	121	42	310	12131	0	12604
14502	12498	41	160	402	0	13101
14503	296	12447	124	178	0	13045
14504	12669	279	94	152	0	13194
14505	381	127	73	12443	0	13024
14506	12518	85	79	357	0	13039
14507	12813	63	92	187	0	13155
14508	410	56	72	12621	0	13159
14509	213	12801	86	336	0	13436
14510	12944	261	78	213	0	13496
14511	330	131	12564	148	0	13173
14512	181	96	12489	129	0	12895
14513	12293	54	381	125	0	12853
14514	365	53	204	12391	0	13013
14515	173	66	12488	342	0	13069
14516	159	50	327	12386	0	12922
14517	12552	48	164	416	0	13180
14518	12758	60	135	254	0	13207
14519	12828	54	97	216	0	13195
14520	459	12940	116	131	0	13646
14521	279	297	76	13145	0	13797
14522	209	131	89	13307	0	13736
14523	13130	109	93	434	0	13766
14524	383	13000	98	236	0	13717
14525	13101	295	99	204	0	13699
14526	413	143	91	13000	0	13647
14527	13015	110	96	354	0	13575
14528	404	91	12451	215	0	13161
14529	241	12531	314	176	0	13262
14530	243	298	174	12157	0	12872
14531	177	12746	139	325	0	13387
14532	195	322	121	12470	0	13108
14533	12335	169	93	434	0	13031
14534	394	128	11878	228	0	12628
14535	11629	92	312	214	0	12247
14536	411	12188	181	146	0	12926
14537	272	306	135	12503	0	13216
14538	214	146	112	12766	0	13238
14539	12301	122	96	478	0	12997
14540	383	99	12061	268	0	12811
14541	251	110	313	12241	0	12915
14542	218	92	165	12331	0	12806
14543	182	103	156	12344	0	12785
14544	171	79	116	12488	0	12854
14545	12150	84	137	523	0	12894
14546	12081	93	128	348	0	12650
14547	474	85	12101	225	0	12885
14548	285	120	11606	199	0	12210
14549	12123	89	387	220	0	12819
14550	12652	76	234	220	0	13182
14551	507	85	156	12417	0	13165
14552	328	86	136	12491	0	13041
14553	12290	93	114	517	0	13014
14554	392	12114	141	324	0	12971
14555	280	287	122	12314	0	13003
14556	254	155	108	12549	0	13066
14557	248	121	12069	484	0	12922
14558	205	107	347	12120	0	12779
14559	215	104	12206	476	0	13001
14560	197	82	398	12170	0	12847
14561	12013	99	203	489	0	12804
14562	438	72	178	12134	0	12822
14563	279	94	11942	473	0	12788
14564	223	11424	357	336	0	12340
14565	252	295	189	11961	0	12697
14566	204	175	11853	450	0	12682
14567	221	11794	347	282	0	12644
14568	225	318	197	11785	0	12525
14569	221	170	11538	418	0	12347
14570	9726	151	338	344	0	10559
14571	360	10937	200	246	0	11743
14572	220	10528	159	243	0	11150
14573	212	10708	139	208	0	11267
14574	212	326	149	10345	0	11032
14575	169	164	10581	347	0	11261
14576	174	10473	285	234	0	11166
14577	195	287	172	10484	0	11138
14578	11284	131	149	360	0	11924
14579	338	118	119	14558	0	15133
14580	206	101	16747	567	0	17621
14581	178	16807	617	285	0	17887
14582	16391	604	238	271	0	17504
14583	667	16798	178	212	0	17855
14584	302	687	16079	187	0	17255
14585	228	16196	654	214	0	17292
14586	278	688	321	15650	0	16937
14587	194	350	15733	628	0	16905
14588	199	15608	688	325	0	16820
14589	248	722	291	15279	0	16540
14590	242	334	235	15433	0	16244
14591	149	15493	247	771	0	16660
14592	184	714	218	15605	0	16721
14593	157	334	15481	796	0	16768
14594	143	274	15834	422	0	16673
14595	188	240	785	15590	0	16803
14596	15306	212	344	898	0	16760
14597	15587	226	271	494	0	16578
14598	789	192	235	15115	0	16331
14599	341	15241	258	824	0	16664
14600	309	681	288	15311	0	16589
14601	15116	321	245	858	0	16540
14602	802	215	190	15094	0	16301
14603	464	230	167	15493	0	16354
14604	14910	209	155	984	0	16258
14605	744	14784	139	542	0	16209
14606	379	686	143	14997	0	16205
14607	14766	319	153	914	0	16152
14608	779	225	14263	545	0	15812
14609	14280	206	646	475	0	15607
14610	872	196	277	14537	0	15882
14611	14528	243	216	905	0	15892
14612	14783	219	207	555	0	15764
14613	13959	204	203	506	0	14872
14614	906	14193	233	432	0	15764
14615	542	664	14144	346	0	15696
14616	461	14428	664	367	0	15920
14617	14306	722	274	377	0	15679
14618	875	14379	205	359	0	15818
14619	563	766	175	14382	0	15886
14620	13869	415	198	829	0	15311
14621	829	14027	209	438	0	15503
14622	418	840	13965	397	0	15620
14623	437	450	689	14038	0	15614
14624	395	363	14066	850	0	15674
14625	380	14144	733	541	0	15798
14626	384	810	359	13911	0	15464
14627	377	429	296	14490	0	15592
14628	347	356	309	14511	0	15523
14629	333	348	277	14059	0	15017
14630	273	13940	293	1075	0	15581
14631	13717	824	250	652	0	15443
14632	767	406	13676	603	0	15452
14633	437	360	695	13927	0	15419
14634	13613	343	340	1082	0	15378
14635	825	296	13651	660	0	15432
14636	423	13582	764	548	0	15317
14637	421	821	410	13353	0	15005
14638	358	453	13468	950	0	15229
14639	349	13534	849	622	0	15354
14640	13057	802	426	629	0	14914
14641	827	13520	376	508	0	15231
14642	478	916	312	13447	0	15153
14643	377	507	321	14119	0	15324
14644	13291	467	325	1117	0	15200
14645	822	13463	321	679	0	15285
14646	499	919	347	13636	0	15401
14647	13199	564	305	1032	0	15100
14648	13272	468	322	729	0	14791
14649	985	13135	262	637	0	15019
14650	13177	917	247	603	0	14944
14651	13608	572	267	540	0	14987
14652	1108	513	267	13106	0	14994
14653	612	488	12726	1053	0	14879
14654	593	430	764	12897	0	14684
14655	566	416	425	13266	0	14673
14656	472	453	12500	1175	0	14600
14657	498	12386	801	754	0	14439
14658	475	892	407	12643	0	14417
14659	442	501	334	13162	0	14439
14660	475	403	354	13304	0	14536
14661	430	399	345	12901	0	14075
14662	417	12367	346	1317	0	14447
14663	12482	874	307	860	0	14523
14664	12716	528	288	728	0	14260
14665	12676	428	266	760	0	14130
14666	1057	11972	262	753	0	14044
14667	640	884	252	12205	0	13981
14668	532	559	11773	1141	0	14005
14669	554	497	738	11803	0	13592
14670	585	12057	364	1060	0	14066
14671	11885	875	255	765	0	13780
14672	12108	514	296	661	0	13579
14673	11977	497	302	653	0	13429
14674	1052	11345	309	638	0	13344
14675	622	11007	333	640	0	12602
14676	575	11531	341	570	0	13017
14677	632	972	10894	548	0	13046
14678	586	681	10092	519	0	11878
14679	506	751	665	5751	0	7673
14680	4287	338	415	530	0	5570
14681	3895	401	250	414	0	4960
14682	466	366	206	3978	0	5016
14683	353	368	244	3937	0	4902
14684	342	368	257	3979	0	4946
14685	322	360	223	4061	0	4966
14686	3913	312	219	543	0	4987
14687	4027	323	240	462	0	5052
14688	373	4151	203	453	0	5180
14689	4165	367	175	503	0	5210
14690	4236	287	182	504	0	5209
14691	4292	344	181	428	0	5245
14692	440	258	3749	468	0	4915
14693	4158	241	319	389	0	5107
14694	431	4147	278	383	0	5239
14695	397	331	198	4400	0	5326
14696	427	284	166	4399	0	5276
14697	418	4158	172	470	0	5218
14698	321	335	166	4547	0	5369
14699	4365	329	170	512	0	5376
14700	394	293	142	4556	0	5385
14701	424	227	4186	509	0	5346
14702	4269	248	220	471	0	5208
14703	418	4405	169	460	0	5452
14704	431	375	159	4506	0	5471
14705	355	361	165	4606	0	5487
14706	354	282	172	4709	0	5517
14707	404	244	4430	452	0	5530
14708	369	4425	301	353	0	5448
14709	394	332	188	4572	0	5486
14710	361	267	4335	446	0	5409
14711	393	264	231	4410	0	5298
14712	362	269	4267	383	0	5281
14713	336	300	234	4264	0	5134
14714	272	4308	214	361	0	5155
14715	255	362	230	4279	0	5126
14716	4181	361	154	400	0	5096
14717	4237	281	158	361	0	5037
14718	332	320	4018	351	0	5021
14719	284	234	3839	387	0	4744
14720	292	245	4252	312	0	5101
14721	234	286	270	4381	0	5171
14722	218	213	248	4581	0	5260
14723	220	186	200	4706	0	5312
14724	190	4548	216	457	0	5411
14725	187	346	149	4724	0	5406
14726	210	232	119	4929	0	5490
14727	219	215	126	5102	0	5662
14728	4833	183	136	528	0	5680
14729	4903	223	119	375	0	5620
14730	375	266	4763	297	0	5701
14731	333	208	4749	255	0	5545
14732	4909	178	304	294	0	5685
14733	5110	177	191	333	0	5811
14734	395	195	5046	279	0	5915
14735	271	213	4986	232	0	5702
14736	5000	248	269	245	0	5762
14737	5171	203	161	308	0	5843
14738	342	203	5125	253	0	5923
14739	274	242	218	5089	0	5823
14740	292	199	112	5255	0	5858
14741	227	5309	123	389	0	6048
14742	215	286	106	5553	0	6160
14743	252	170	5622	424	0	6468
14744	294	189	214	5728	0	6425
14745	238	220	137	5873	0	6468
14746	213	169	5614	427	0	6423
14747	5556	138	233	300	0	6227
14748	5846	145	161	223	0	6375
14749	374	196	115	5671	0	6356
14750	298	132	115	5847	0	6392
14751	5767	110	113	415	0	6405
14752	5716	119	122	335	0	6292
14753	5327	123	159	290	0	5899
14754	5764	129	119	273	0	6285
14755	303	5577	113	266	0	6259
14756	5556	267	142	240	0	6205
14757	265	5581	113	208	0	6167
14758	193	270	81	5634	0	6178
14759	186	151	75	5654	0	6066
14760	180	5440	71	366	0	6057
14761	176	254	72	5572	0	6074
14762	209	195	71	5475	0	5950
14763	230	5440	80	274	0	6024
14764	230	242	92	5425	0	5989
14765	186	167	87	5568	0	6008
14766	125	178	77	5628	0	6008
14767	108	111	5398	356	0	5973
14768	119	5251	250	196	0	5816
14769	144	235	103	5112	0	5594
14770	152	5289	81	203	0	5725
14771	5265	238	67	136	0	5706
14772	268	126	5106	122	0	5622
14773	146	107	4999	106	0	5358
14774	4874	121	222	98	0	5315
14775	191	105	122	4950	0	5368
14776	97	80	4799	200	0	5176
14777	96	47	4741	128	0	5012
14778	77	41	189	4635	0	4942
14779	4547	36	98	198	0	4879
14780	4639	32	57	125	0	4853
14781	193	42	47	4599	0	4881
14782	109	36	4466	210	0	4821
14783	89	4560	144	132	0	4925
14784	73	138	75	4602	0	4888
14785	76	68	4542	191	0	4877
14786	75	4491	153	131	0	4850
14787	90	144	73	4483	0	4790
14788	4433	62	72	187	0	4754
14789	170	49	59	4313	0	4591
14790	92	4324	65	183	0	4664
14791	4347	132	58	132	0	4669
14792	164	68	4469	106	0	4807
14793	85	4364	150	98	0	4697
14794	68	140	4405	99	0	4712
14795	4253	53	156	112	0	4574
14796	172	45	86	4219	0	4522
14797	88	58	71	4439	0	4656
14798	4395	33	63	209	0	4700
14799	167	36	56	4449	0	4708
14800	82	25	4332	203	0	4642
14801	4088	32	170	112	0	4402
14802	157	4271	79	103	0	4610
14803	84	122	81	4239	0	4526
14804	4191	75	56	191	0	4513
14805	146	4153	48	141	0	4488
14806	93	125	70	4317	0	4605
14807	4222	53	56	199	0	4530
14808	155	44	68	4247	0	4514
14809	93	4152	59	186	0	4490
14810	87	134	4212	107	0	4540
14811	60	68	141	4352	0	4621
14812	105	45	71	4152	0	4373
14813	4333	35	54	206	0	4628
14814	166	50	54	4374	0	4644
14815	4349	39	57	194	0	4639
14816	4405	33	50	130	0	4618
14817	207	41	36	4326	0	4610
14818	94	4313	62	190	0	4659
14819	89	134	58	4307	0	4588
14820	3966	83	42	211	0	4302
14821	162	3964	43	145	0	4314
14822	87	4114	39	115	0	4355
14823	4065	140	39	129	0	4373
14824	4156	75	43	100	0	4374
14825	171	4085	44	110	0	4410
14826	4171	150	52	94	0	4467
14827	4193	67	53	98	0	4411
14828	210	46	51	4145	0	4452
14829	122	50	4231	167	0	4570
14830	84	41	163	4321	0	4609
14831	74	42	4434	191	0	4741
14832	95	44	165	4426	0	4730
14833	97	36	4460	189	0	4782
14834	4330	34	189	120	0	4673
14835	165	38	110	4394	0	4707
14836	4557	35	73	199	0	4864
14837	226	41	50	4474	0	4791
14838	104	4543	64	232	0	4943
14839	4648	155	54	162	0	5019
14840	191	81	4353	133	0	4758
14841	4294	72	139	122	0	4627
14842	182	4344	89	103	0	4718
14843	4110	129	71	106	0	4416
14844	4150	68	53	112	0	4383
14845	200	4065	41	106	0	4412
14846	128	139	56	4242	0	4565
14847	4243	88	34	176	0	4541
14848	208	4199	50	107	0	4564
14849	124	153	39	4339	0	4655
14850	4351	90	38	218	0	4697
14851	229	83	41	4310	0	4663
14852	152	54	33	4383	0	4622
14853	118	69	32	4455	0	4674
14854	98	67	4199	265	0	4629
14855	89	83	139	4291	0	4602
14856	4302	68	66	240	0	4676
14857	195	73	4239	139	0	4646
14858	121	63	147	4334	0	4665
14859	87	61	78	4478	0	4704
14860	90	70	4259	253	0	4672
14861	4193	55	166	197	0	4611
14862	4423	42	81	165	0	4711
14863	211	72	4390	113	0	4786
14864	143	50	163	4397	0	4753
14865	104	43	93	4680	0	4920
14866	83	47	4752	267	0	5149
14867	97	51	195	4819	0	5162
14868	88	55	90	4896	0	5129
14869	92	39	4997	268	0	5396
14870	4877	59	191	150	0	5277
14871	230	31	98	5196	0	5555
14872	5167	31	97	248	0	5543
14873	5239	32	83	160	0	5514
14874	272	39	5161	136	0	5608
14875	155	27	208	5181	0	5571
14876	5288	40	116	258	0	5702
14877	225	5347	86	153	0	5811
14878	160	172	70	5607	0	6009
14879	143	82	52	5725	0	6002
14880	126	68	39	5892	0	6125
14881	99	63	5650	326	0	6138
14882	5247	37	227	203	0	5714
14883	255	58	98	5559	0	5970
14884	148	50	85	5692	0	5975
14885	126	38	5521	309	0	5994
14886	115	57	205	5501	0	5878
14887	92	37	107	5769	0	6005
14888	5489	37	80	359	0	5965
14889	253	5438	70	203	0	5964
14890	134	200	5470	152	0	5956
14891	5515	84	202	138	0	5939
14892	272	58	127	5427	0	5884
14893	143	61	5435	277	0	5916
14894	122	35	5484	187	0	5828
14895	121	39	249	5608	0	6017
14896	93	28	5731	303	0	6155
14897	109	58	5613	176	0	5956
14898	98	5485	267	152	0	6002
14899	101	169	131	5950	0	6351
14900	84	95	5916	267	0	6362
14901	110	70	218	5930	0	6328
14902	6275	51	115	318	0	6759
14903	251	40	91	6398	0	6780
14904	145	44	77	6615	0	6881
14905	6347	53	83	344	0	6827
14906	6505	39	74	215	0	6833
14907	305	45	76	6660	0	7086
14908	158	45	6636	306	0	7145
14909	123	6544	250	188	0	7105
14910	96	183	141	6807	0	7227
14911	6675	84	94	329	0	7182
14912	6763	56	102	193	0	7114
14913	319	6541	85	154	0	7099
14914	162	6837	67	185	0	7251
14915	6852	238	84	154	0	7328
14916	6934	105	90	179	0	7308
14917	312	89	7096	142	0	7639
14918	186	62	232	7018	0	7498
14919	142	7219	141	281	0	7783
14920	7565	205	102	206	0	8078
14921	275	126	91	7492	0	7984
14922	164	7239	83	307	0	7793
14923	149	209	7281	190	0	7829
14924	142	123	227	7080	0	7572
14925	115	7460	127	274	0	7976
14926	7533	194	110	189	0	8026
14927	7597	89	94	159	0	7939
14928	282	7459	87	139	0	7967
14929	7412	182	88	125	0	7807
14930	7330	104	72	159	0	7665
14931	267	7101	88	128	0	7584
14932	145	7324	88	120	0	7677
14933	137	216	79	7263	0	7695
14934	7293	101	54	259	0	7707
14935	219	96	7451	159	0	7925
14936	7124	60	190	148	0	7522
14937	221	7483	88	145	0	7937
14938	7566	175	84	136	0	7961
14939	7642	65	83	134	0	7924
14940	7741	69	82	117	0	8009
14941	252	70	61	7556	0	7939
14942	152	7467	69	216	0	7904
14943	7654	150	62	145	0	8011
14944	208	117	7556	111	0	7992
14945	137	7539	167	128	0	7971
14946	114	150	96	7970	0	8330
14947	90	98	7618	204	0	8010
14948	103	70	7493	147	0	7813
14949	116	58	185	7588	0	7947
14950	125	59	101	8012	0	8297
14951	113	52	88	8120	0	8373
14952	102	56	74	7976	0	8208
14953	90	7669	80	255	0	8094
14954	101	8010	75	168	0	8354
14955	8107	182	76	137	0	8502
14956	190	97	66	8153	0	8506
14957	147	69	83	8185	0	8484
14958	113	60	61	8404	0	8638
14959	8266	56	74	266	0	8662
14960	8317	60	79	172	0	8628
14961	251	58	65	8316	0	8690
14962	8497	52	63	245	0	8857
14963	8461	51	86	167	0	8765
14964	8571	55	55	161	0	8842
14965	243	61	64	8371	0	8739
14966	155	60	7888	201	0	8304
14967	114	67	7192	174	0	7547
14968	115	77	7636	123	0	7951
14969	108	62	8113	103	0	8386
14970	132	67	191	8041	0	8431
14971	8111	50	110	215	0	8486
14972	8041	64	86	143	0	8334
14973	227	41	7974	129	0	8371
14974	134	69	7898	123	0	8224
14975	129	8600	146	124	0	8999
14976	135	129	98	8778	0	9140
14977	8780	106	71	196	0	9153
14978	159	62	8704	144	0	9069
14979	8412	55	119	158	0	8744
14980	155	8930	104	124	0	9313
14981	129	119	89	9202	0	9539
14982	124	80	73	9480	0	9757
14983	117	53	62	9317	0	9549
14984	9525	64	75	256	0	9920
14985	198	52	75	9518	0	9843
14986	142	61	53	9653	0	9909
14987	9615	66	58	258	0	9997
14988	202	65	68	9576	0	9911
14989	145	82	9651	176	0	10054
14990	9405	47	179	157	0	9788
14991	204	68	112	9809	0	10193
14992	148	57	74	9734	0	10013
14993	105	9651	95	212	0	10063
14994	9743	133	75	181	0	10132
14995	9861	85	66	153	0	10165
14996	220	73	79	9727	0	10099
14997	139	83	9703	173	0	10098
14998	8894	75	144	175	0	9288
14999	217	55	9703	119	0	10094
15000	178	57	166	9622	0	10023
15001	139	51	98	10103	0	10391
15002	9926	72	48	249	0	10295
15003	220	63	55	10104	0	10442
15004	163	58	10010	239	0	10470
15005	9631	61	159	175	0	10026
15006	248	61	10516	94	0	10919
15007	146	72	10518	107	0	10843
15008	10825	66	245	129	0	11265
15009	282	76	112	11205	0	11675
15010	180	11470	90	215	0	11955
15011	11719	197	66	165	0	12147
15012	11686	120	63	129	0	11998
15013	313	94	11550	96	0	12053
15014	11448	78	202	103	0	11831
15015	312	71	119	11720	0	12222
15016	191	59	11796	223	0	12269
15017	121	11464	216	161	0	11962
15018	11533	194	125	134	0	11986
15019	235	11673	91	97	0	12096
15020	179	213	64	11636	0	12092
15021	131	112	68	11758	0	12069
15022	132	88	61	11724	0	12005
15023	137	63	59	11373	0	11632
15024	108	11290	56	299	0	11753
15025	118	202	11031	167	0	11518
15026	112	11204	185	124	0	11625
15027	11162	203	104	113	0	11582
15028	228	129	77	11193	0	11627
15029	11292	77	61	260	0	11690
15030	268	75	57	11359	0	11759
15031	11593	73	47	285	0	11998
15032	254	11715	46	185	0	12200
15033	12080	186	66	162	0	12494
15034	12155	86	55	155	0	12451
15035	11810	70	72	139	0	12091
15036	11867	66	56	141	0	12130
15037	324	11677	56	102	0	12159
15038	215	183	11661	95	0	12154
15039	185	91	201	11668	0	12145
15040	11820	65	108	274	0	12267
15041	12036	53	78	199	0	12366
15042	318	67	81	12103	0	12569
15043	200	59	12366	264	0	12889
15044	172	56	236	12159	0	12623
15045	128	12414	120	279	0	12941
15046	12634	221	89	176	0	13120
15047	319	91	74	12809	0	13293
15048	166	12423	87	316	0	12992
15049	147	13060	71	192	0	13470
15050	120	13477	59	167	0	13823
15051	142	350	81	13592	0	14165
15052	13645	154	59	368	0	14226
15053	333	13724	52	202	0	14311
15054	214	291	58	14065	0	14628
15055	13968	153	50	384	0	14555
15056	356	83	69	14097	0	14605
15057	13966	79	75	402	0	14522
15058	14182	84	60	240	0	14566
15059	436	14366	73	182	0	15057
15060	298	300	65	13883	0	14546
15061	188	14580	72	329	0	15169
15062	14557	333	63	202	0	15155
15063	14546	150	78	200	0	14974
15064	14801	120	91	169	0	15181
15065	514	91	73	14583	0	15261
15066	277	89	14366	358	0	15090
15067	13958	87	290	245	0	14580
15068	14613	87	136	191	0	15027
15069	506	81	104	14152	0	14843
15070	279	14367	77	359	0	15082
15071	233	317	86	14617	0	15253
15072	230	166	68	14943	0	15407
15073	14824	116	74	497	0	15511
15074	14651	86	89	293	0	15119
15075	491	119	13958	194	0	14762
15076	322	91	304	13895	0	14612
15077	14110	87	133	431	0	14761
15078	447	88	115	14137	0	14787
15079	273	105	14045	444	0	14867
15080	234	13314	309	265	0	14122
15081	196	14357	147	226	0	14926
15082	15499	388	101	247	0	16235
15083	508	204	91	16388	0	17191
15084	301	155	69	18394	0	18919
15085	18258	109	73	777	0	19217
15086	709	125	17999	372	0	19205
15087	405	103	560	18193	0	19261
15088	277	128	18425	704	0	19534
15089	235	18374	625	387	0	19621
15090	18975	598	257	315	0	20145
15091	19572	276	166	285	0	20299
15092	20000	195	137	272	0	20604
15093	978	171	19138	201	0	20488
15094	19493	159	596	236	0	20484
15095	20373	129	277	241	0	21020
15096	996	127	199	19850	0	21172
15097	16660	168	248	878	0	17954
15098	785	129	19419	360	0	20693
15099	19013	152	621	344	0	20130
15100	917	118	19279	259	0	20573
15101	542	19656	650	246	0	21094
15102	489	651	303	18171	0	19614
15103	399	19654	224	647	0	20924
15104	361	654	19341	341	0	20697
15105	348	19655	635	292	0	20930
15106	18866	686	322	259	0	20133
15107	736	18451	222	225	0	19634
15108	477	18613	174	213	0	19477
15109	373	755	18030	258	0	19416
15110	384	419	591	17749	0	19143
15111	18174	302	263	664	0	19403
15112	778	228	17912	338	0	19256
15113	432	18014	623	321	0	19390
15114	419	646	286	18002	0	19353
15115	328	368	18276	682	0	19654
15116	359	281	18100	398	0	19138
15117	371	241	744	18216	0	19572
15118	355	233	18415	724	0	19727
15119	381	253	719	16676	0	18029
15120	336	17555	394	729	0	19014
15121	353	626	301	17640	0	18920
15122	327	17961	251	764	0	19303
15123	396	706	236	18234	0	19572
15124	18069	392	255	788	0	19504
15125	809	313	228	18008	0	19358
15126	489	17932	235	761	0	19417
15127	455	668	191	18471	0	19785
15128	415	369	18133	811	0	19728
15129	414	275	628	18378	0	19695
15130	18260	252	371	846	0	19729
15131	810	268	17707	488	0	19273
15132	528	289	675	17623	0	19115
15133	17366	259	369	807	0	18801
15134	781	17162	295	503	0	18741
15135	549	688	282	17322	0	18841
15136	17632	382	262	798	0	19074
15137	870	341	249	17598	0	19058
15138	548	284	17332	831	0	18995
15139	16799	285	671	563	0	18318
15140	852	17020	379	432	0	18683
15141	544	17608	317	422	0	18891
15142	17558	789	308	397	0	19052
15143	17439	439	301	394	0	18573
15144	957	376	266	17002	0	18601
15145	17213	339	257	763	0	18572
15146	899	340	16461	462	0	18162
15147	16574	290	619	477	0	17960
15148	845	16569	382	420	0	18216
15149	16798	627	340	410	0	18175
15150	837	406	16450	374	0	18067
15151	596	339	632	16515	0	18082
15152	521	295	415	16753	0	17984
15153	477	337	341	15633	0	16788
15154	463	16310	321	830	0	17924
15155	16568	612	325	531	0	18036
15156	832	378	283	15403	0	16896
15157	585	15813	297	743	0	17438
15158	17183	621	309	505	0	18618
15159	16920	409	304	462	0	18095
15160	17168	338	275	467	0	18248
15161	17094	279	319	467	0	18159
15162	16911	275	327	431	0	17944
15163	1039	275	299	16492	0	18105
15164	689	270	323	16638	0	17920
15165	16455	296	292	884	0	17927
15166	838	294	321	16451	0	17904
15167	625	334	285	16595	0	17839
15168	546	300	15522	920	0	17288
15169	15920	341	609	625	0	17495
15170	16564	303	412	592	0	17871
15171	16762	317	352	503	0	17934
15172	953	359	320	15238	0	16870
15173	671	15891	319	734	0	17615
15174	17095	642	331	538	0	18606
15175	16772	375	345	514	0	18006
15176	1010	317	351	17654	0	19332
15177	17936	317	330	823	0	19406
15178	995	395	14316	681	0	16387
15179	676	18387	650	491	0	20204
15180	615	19138	444	495	0	20692
15181	595	943	18609	470	0	20617
15182	536	16982	810	441	0	18769
15183	497	16565	463	469	0	17994
15184	14721	626	378	451	0	16176
15185	713	14353	298	347	0	15711
15186	503	621	327	14470	0	15921
15187	14768	392	266	666	0	16092
15188	695	316	14178	429	0	15618
15189	14128	346	464	438	0	15376
15190	752	312	13901	359	0	15324
15191	600	265	13665	337	0	14867
15192	13360	243	582	339	0	14524
15193	625	241	13699	325	0	14890
15194	526	13156	526	297	0	14505
15195	530	451	338	13000	0	14319
15196	13044	311	301	601	0	14257
15197	580	12690	254	365	0	13889
15198	398	483	285	12894	0	14060
15199	438	329	12753	522	0	14042
15200	366	320	473	12726	0	13885
15201	12460	353	286	605	0	13704
15202	533	244	12327	429	0	13533
15203	422	290	414	12321	0	13447
15204	12460	250	345	544	0	13599
15205	12700	282	276	395	0	13653
15206	706	232	217	12500	0	13655
15207	507	273	198	12664	0	13642
15208	409	294	12703	574	0	13980
15209	347	215	12339	422	0	13323
15210	12466	182	509	480	0	13637
15211	13040	177	314	359	0	13890
15212	594	12643	316	322	0	13875
15213	12880	444	231	304	0	13859
15214	13376	265	169	382	0	14192
15215	582	261	13730	301	0	14874
15216	432	14060	471	263	0	15226
15217	14221	412	233	370	0	15236
15218	14317	272	265	280	0	15134
15219	14587	222	165	301	0	15275
15220	688	258	131	14163	0	15240
15221	488	165	128	14366	0	15147
15222	387	14076	116	571	0	15150
15223	351	388	105	14568	0	15412
15224	14413	247	145	563	0	15368
15225	543	202	115	14505	0	15365
15226	381	249	14062	539	0	15231
15227	350	164	13772	395	0	14681
15228	347	161	514	14012	0	15034
15229	330	135	14290	554	0	15309
15230	369	118	13939	357	0	14783
15231	331	136	573	13844	0	14884
15232	316	145	293	14485	0	15239
15233	340	123	14371	560	0	15394
15234	288	198	14213	346	0	15045
15235	286	14394	496	336	0	15512
15236	14665	372	288	260	0	15585
15237	529	14831	218	277	0	15855
15238	14998	449	210	223	0	15880
15239	15311	255	177	180	0	15923
15240	644	15092	132	193	0	16061
15241	15319	529	112	216	0	16176
15242	727	273	116	15065	0	16181
15243	474	213	15137	450	0	16274
15244	391	151	400	15063	0	16005
15245	345	151	210	15638	0	16344
15246	14791	138	233	638	0	15800
15247	15035	133	137	389	0	15694
15248	15230	163	123	302	0	15818
15249	15291	119	99	259	0	15768
15250	14671	124	159	232	0	15186
15251	768	13795	138	228	0	14929
15252	504	377	119	14331	0	15331
15253	399	204	14271	493	0	15367
15254	353	201	399	14361	0	15314
15255	357	135	221	14565	0	15278
15256	291	98	181	15384	0	15954
15257	15711	162	138	713	0	16724
15258	710	108	135	15800	0	16753
15259	16200	100	121	775	0	17196
15260	805	120	16296	393	0	17614
15261	501	99	588	18743	0	19931
15262	399	103	19352	861	0	20715
15263	19280	94	839	467	0	20680
15264	956	107	349	19664	0	21076
15265	516	96	19715	908	0	21235
15266	410	113	850	19910	0	21283
15267	20019	100	374	1088	0	21581
15268	939	116	19808	462	0	21325
15269	19890	100	840	416	0	21246
15270	20882	90	411	316	0	21699
15271	20803	107	313	251	0	21474
15272	20467	120	231	290	0	21108
15273	1294	19384	199	190	0	21067
15274	630	18707	181	197	0	19715
15275	467	18461	194	184	0	19306
15276	368	1006	176	16375	0	17925
15277	292	16833	172	642	0	17939
15278	16426	706	181	327	0	17640
15279	729	15996	197	223	0	17145
15280	401	16541	166	216	0	17324
15281	358	777	179	16226	0	17540
15282	317	358	185	16831	0	17691
15283	16334	264	151	873	0	17622
15284	850	156	155	16431	0	17592
15285	432	178	15885	792	0	17287
15286	392	142	15242	417	0	16193
15287	340	127	16033	305	0	16805
15288	373	133	889	15399	0	16794
15289	380	139	405	16704	0	17628
15290	306	166	16115	890	0	17477
15291	298	183	15903	440	0	16824
15292	288	176	16664	355	0	17483
15293	16434	175	961	309	0	17879
15294	852	207	440	16665	0	18164
15295	477	209	292	17241	0	18219
15296	16911	204	265	994	0	18374
15297	870	197	227	16818	0	18112
15298	449	16360	229	972	0	18010
15299	395	17344	248	495	0	18482
15300	362	820	219	17212	0	18613
15301	17108	387	229	963	0	18687
15302	17429	224	255	584	0	18492
15303	17707	165	273	469	0	18614
15304	1116	141	255	17156	0	18668
15305	570	156	16781	926	0	18433
15306	461	143	854	16900	0	18358
15307	384	159	16821	959	0	18323
15308	16143	129	915	558	0	17745
15309	957	151	502	16400	0	18010
15310	16142	144	356	1015	0	17657
15311	970	163	16123	567	0	17823
15312	15239	172	848	516	0	16775
15313	1043	207	16444	390	0	18084
15314	620	15343	833	441	0	17237
15315	484	15874	443	429	0	17230
15316	15306	858	313	444	0	16921
15317	1016	417	271	15186	0	16890
15318	650	305	15092	875	0	16922
15319	538	14710	779	534	0	16561
15320	441	15698	395	498	0	17032
15321	445	867	351	15511	0	17174
15322	15468	447	330	981	0	17226
15323	15752	324	355	627	0	17058
15324	1057	15299	357	530	0	17243
15325	15748	735	337	520	0	17340
15326	1070	396	368	15552	0	17386
15327	643	283	15355	971	0	17252
15328	550	15336	874	613	0	17373
15329	519	746	521	15585	0	17371
15330	475	436	445	16001	0	17357
15331	15557	334	343	1162	0	17396
15332	992	285	15185	678	0	17140
15333	15289	265	844	547	0	16945
15334	15869	307	516	482	0	17174
15335	1155	334	418	15269	0	17176
15336	751	317	324	15810	0	17202
15337	15165	329	308	1142	0	16944
15338	1058	294	328	15277	0	16957
15339	696	275	14805	1070	0	16846
15340	566	315	14668	665	0	16214
15341	537	14173	973	559	0	16242
15342	540	15393	527	575	0	17035
15343	568	883	434	14428	0	16313
15344	522	14549	355	1004	0	16430
15345	14827	857	355	733	0	16772
15346	1012	14980	336	595	0	16923
15347	719	853	339	15091	0	17002
15348	620	492	347	15640	0	17099
15349	542	372	14965	1197	0	17076
15350	620	308	849	15126	0	16903
15351	560	274	516	15657	0	17007
15352	520	15266	446	1246	0	17478
15353	527	815	402	15610	0	17354
15354	524	463	404	16156	0	17547
15355	555	353	15193	1330	0	17431
15356	520	14814	919	869	0	17122
15357	566	1078	529	13371	0	15544
15358	509	13591	439	952	0	15491
15359	566	786	12956	654	0	14962
15360	445	12678	795	613	0	14531
15361	10241	669	551	590	0	12051
15362	9869	459	406	483	0	11217
15363	9838	369	305	470	0	10982
15364	676	9508	303	519	0	11006
15365	9610	479	403	431	0	10923
15366	642	388	310	9458	0	10798
15367	9281	370	291	605	0	10547
15368	598	9025	294	525	0	10442
15369	9060	521	236	500	0	10317
15370	9242	396	281	477	0	10396
15371	709	9185	307	403	0	10604
15372	504	562	9181	429	0	10676
15373	398	479	462	10066	0	11405
15374	341	422	10524	707	0	11994
15375	352	380	588	10946	0	12266
15376	358	309	414	11718	0	12799
15377	341	372	11540	873	0	13126
15378	405	314	649	11740	0	13108
15379	11648	345	414	914	0	13321
15380	666	320	11687	612	0	13285
15381	479	11557	688	564	0	13288
15382	442	575	449	11564	0	13030
15383	476	355	355	12127	0	13313
15384	331	303	11701	1003	0	13338
15385	361	265	711	11403	0	12740
15386	352	11464	513	846	0	13175
15387	11297	597	428	623	0	12945
15388	692	11460	329	554	0	13035
15389	10849	639	278	557	0	12323
15390	680	10770	337	493	0	12280
15391	438	11125	356	456	0	12375
15392	429	680	10606	460	0	12175
15393	448	444	608	10563	0	12063
15394	384	362	342	10639	0	11727
15395	396	345	285	11046	0	12072
15396	419	11015	240	934	0	12608
15397	372	666	272	11472	0	12782
15398	11299	463	283	882	0	12927
15399	740	424	290	11515	0	12969
15400	11429	333	258	1013	0	13033
15401	863	291	11224	628	0	13006
15402	11523	292	681	542	0	13038
15403	869	324	423	11483	0	13099
15404	506	341	343	12260	0	13450
15405	11996	314	352	1030	0	13692
15406	812	324	11836	695	0	13667
15407	460	11848	771	538	0	13617
15408	500	749	405	12202	0	13856
15409	12089	460	318	1002	0	13869
15410	12585	393	269	616	0	13863
15411	934	356	328	12310	0	13928
15412	611	354	11919	879	0	13763
15413	11552	364	733	611	0	13260
15414	805	394	11647	536	0	13382
15415	515	403	717	11697	0	13332
15416	449	346	11646	938	0	13379
15417	387	336	722	11786	0	13231
15418	362	298	11458	1016	0	13134
15419	357	11305	775	651	0	13088
15420	374	775	448	10338	0	11935
15421	393	11481	306	880	0	13060
15422	11533	768	263	639	0	13203
15423	11898	437	261	554	0	13150
15424	899	413	11255	487	0	13054
15425	614	306	694	11384	0	12998
15426	11457	297	413	1012	0	13179
15427	789	288	374	11586	0	13037
15428	478	318	297	11792	0	12885
15429	412	284	11023	1132	0	12851
15430	10642	246	716	804	0	12408
15431	826	298	11104	562	0	12790
15432	486	288	828	11190	0	12792
15433	434	292	11155	974	0	12855
15434	10994	258	767	712	0	12731
15435	11291	249	476	676	0	12692
15436	11406	276	397	596	0	12675
15437	923	297	333	11165	0	12718
15438	481	308	10778	975	0	12542
15439	344	313	11105	624	0	12386
15440	345	340	873	10141	0	11699
15441	334	10721	456	851	0	12362
15442	10492	717	363	581	0	12153
15443	719	430	305	10687	0	12141
15444	453	356	10424	903	0	12136
15445	444	281	703	10772	0	12200
15446	339	292	10837	994	0	12462
15447	323	257	783	11103	0	12466
15448	332	272	10962	971	0	12537
15449	358	219	11038	610	0	12225
15450	304	10558	816	642	0	12320
15451	325	616	10746	544	0	12231
15452	330	397	10843	468	0	12038
15453	398	273	840	9059	0	10570
15454	351	214	515	9901	0	10981
15455	336	10001	438	826	0	11601
15456	10116	558	341	596	0	11611
15457	683	10009	365	491	0	11548
15458	432	611	380	10207	0	11630
15459	10219	276	376	773	0	11644
15460	728	266	315	10352	0	11661
15461	10383	186	313	856	0	11738
15462	782	195	328	10590	0	11895
15463	431	183	10512	832	0	11958
15464	370	202	669	10727	0	11968
15465	368	185	440	11106	0	12099
15466	10676	188	359	937	0	12160
15467	10785	190	356	589	0	11920
15468	10735	216	334	514	0	11799
15469	823	9920	374	459	0	11576
15470	492	10219	365	437	0	11513
15471	10148	600	370	435	0	11553
15472	606	312	10169	485	0	11572
15473	365	209	9766	493	0	10833
15474	353	333	739	8690	0	10115
15475	306	166	8763	671	0	9906
15476	279	178	8323	535	0	9315
15477	7782	169	634	432	0	9017
15478	8053	142	415	453	0	9063
15479	614	7819	307	392	0	9132
15480	383	8245	317	393	0	9338
15481	351	494	300	7292	0	8437
15482	318	8129	292	539	0	9278
15483	8345	398	247	484	0	9474
15484	508	226	322	8104	0	9160
15485	372	8180	262	579	0	9393
15486	8498	403	275	390	0	9566
15487	548	236	8411	334	0	9529
15488	367	265	8370	347	0	9349
15489	8166	175	525	391	0	9257
15490	488	209	8235	350	0	9282
15491	8092	172	484	329	0	9077
15492	517	120	381	8318	0	9336
15493	338	161	8285	557	0	9341
15494	297	7864	448	468	0	9077
15495	309	8213	348	386	0	9256
15496	7621	381	282	314	0	8598
15497	402	7598	275	345	0	8620
15498	7461	260	262	308	0	8291
15499	7380	145	274	352	0	8151
15500	465	7179	262	254	0	8160
15501	281	229	302	7344	0	8156
15502	329	173	7332	346	0	8180
15503	255	7490	366	336	0	8447
15504	299	334	271	7483	0	8387
15505	289	155	261	7984	0	8689
15506	7686	127	288	434	0	8535
15507	397	179	234	7663	0	8473
15508	284	107	7594	458	0	8443
15509	260	7471	371	299	0	8401
15510	285	248	273	7710	0	8516
15511	7675	131	259	453	0	8518
15512	7936	146	312	256	0	8650
15513	466	121	228	7953	0	8768
15514	8143	116	289	415	0	8963
15515	398	124	8184	321	0	9027
15516	279	145	442	8192	0	9058
15517	226	134	8425	477	0	9262
15518	242	143	453	8997	0	9835
15519	211	184	255	9070	0	9720
15520	231	104	232	9194	0	9761
15521	217	162	207	9080	0	9666
15522	256	103	209	9078	0	9646
15523	8838	89	192	606	0	9725
15524	8974	92	258	356	0	9680
15525	489	8779	201	339	0	9808
15526	9070	331	183	304	0	9888
15527	500	168	182	9086	0	9936
15528	303	114	194	9344	0	9955
15529	253	114	257	9294	0	9918
15530	255	109	9229	566	0	10159
15531	214	124	486	8775	0	9599
15532	193	9036	239	562	0	10030
15533	9169	354	253	304	0	10080
15534	9275	163	176	305	0	9919
15535	569	123	8905	265	0	9862
15536	311	8908	423	253	0	9895
15537	234	351	257	9128	0	9970
15538	193	201	9183	503	0	10080
15539	210	154	475	8573	0	9412
15540	184	8841	220	547	0	9792
15541	8655	431	189	348	0	9623
15542	480	8832	170	287	0	9769
15543	234	418	8888	299	0	9839
15544	223	202	8914	253	0	9592
15545	205	8572	478	290	0	9545
15546	167	8787	325	240	0	9519
15547	8389	457	193	289	0	9328
15548	8603	255	215	234	0	9307
15549	523	152	232	8459	0	9366
15550	272	195	8366	468	0	9301
15551	237	155	428	8386	0	9206
15552	240	163	237	8608	0	9248
15553	8307	136	154	608	0	9205
15554	8387	149	160	350	0	9046
15555	520	187	124	8716	0	9547
15556	342	142	8705	493	0	9682
15557	241	8814	388	320	0	9763
15558	8831	396	202	311	0	9740
15559	523	9098	158	253	0	10032
15560	297	436	143	9368	0	10244
15561	287	236	147	9853	0	10523
15562	226	183	152	9863	0	10424
15563	235	168	168	9663	0	10234
15564	9236	147	142	718	0	10243
15565	540	140	157	9227	0	10064
15566	340	9005	121	597	0	10063
15567	275	469	122	9307	0	10173
15568	9016	215	138	603	0	9972
15569	499	9043	149	325	0	10016
15570	258	477	149	9189	0	10073
15571	228	248	8879	583	0	9938
15572	8857	188	461	335	0	9841
15573	519	141	229	9055	0	9944
15574	271	168	8847	568	0	9854
15575	261	168	8841	301	0	9571
15576	235	168	510	8734	0	9647
15577	8661	174	266	566	0	9667
15578	8842	151	182	360	0	9535
15579	522	8871	148	344	0	9885
15580	8881	425	133	307	0	9746
15581	9079	206	119	350	0	9754
15582	9013	177	144	327	0	9661
15583	9058	136	137	297	0	9628
15584	649	141	124	8713	0	9627
15585	377	162	136	8929	0	9604
15586	309	162	8353	596	0	9420
15587	269	7852	429	384	0	8934
15588	228	8352	210	362	0	9152
15589	254	449	8229	298	0	9230
15590	8127	228	431	328	0	9114
15591	494	208	215	8349	0	9266
15592	8383	170	176	602	0	9331
15593	8502	142	143	390	0	9177
15594	598	161	8019	328	0	9106
15595	369	153	397	8166	0	9085
15596	8209	152	211	566	0	9138
15597	558	146	160	8263	0	9127
15598	349	160	8062	567	0	9138
15599	326	223	383	7787	0	8719
15600	269	7963	203	572	0	9007
15601	260	8327	167	393	0	9147
15602	256	432	7951	339	0	8978
15603	229	7789	414	325	0	8757
15604	7436	410	223	319	0	8388
15605	7360	198	164	324	0	8046
15606	513	163	166	7212	0	8054
15607	346	129	160	7358	0	7993
15608	293	170	156	7464	0	8083
15609	7142	167	135	558	0	8002
15610	462	7088	155	363	0	8068
15611	7128	325	140	344	0	7937
15612	7145	190	111	334	0	7780
15613	515	6904	139	300	0	7858
15614	6813	314	128	301	0	7556
15615	421	6657	153	292	0	7523
15616	6752	308	157	330	0	7547
15617	425	202	6547	271	0	7445
15618	5795	211	259	295	0	6560
15619	349	5838	151	294	0	6632
15620	275	257	154	5942	0	6628
15621	268	174	137	6213	0	6792
15622	254	167	120	6234	0	6775
15623	6260	165	129	424	0	6978
15624	434	144	107	6358	0	7043
15625	285	172	6065	400	0	6922
15626	6006	127	261	307	0	6701
15627	353	155	6012	313	0	6833
15628	261	173	294	6117	0	6845
15629	242	170	6109	393	0	6914
15630	246	166	286	5949	0	6647
15631	248	5983	162	367	0	6760
15632	254	304	144	5978	0	6680
15633	228	5948	155	382	0	6713
15634	240	293	161	6103	0	6797
15635	6100	178	165	403	0	6846
15636	360	194	115	6294	0	6963
15637	6292	147	126	423	0	6988
15638	375	150	5920	290	0	6735
15639	6017	151	264	283	0	6715
15640	6232	187	154	237	0	6810
15641	6312	159	144	220	0	6835
15642	419	184	133	6170	0	6906
15643	6115	133	153	368	0	6769
15644	394	145	5815	247	0	6601
15645	5923	154	228	283	0	6588
15646	389	153	5840	234	0	6616
15647	5970	122	265	221	0	6578
15648	393	120	159	6103	0	6775
15649	289	113	6053	384	0	6839
15650	292	103	277	6104	0	6776
15651	274	107	119	6299	0	6799
15652	255	125	6026	398	0	6804
15653	5758	113	233	305	0	6409
15654	377	6109	153	258	0	6897
15655	6076	229	130	254	0	6689
15656	355	5825	131	227	0	6538
15657	5734	230	112	253	0	6329
15658	318	133	5532	210	0	6193
15659	5079	150	199	239	0	5667
15660	282	5143	113	230	0	5768
15661	185	166	140	5123	0	5614
15662	209	110	111	5205	0	5635
15663	200	101	113	5206	0	5620
15664	244	97	5105	238	0	5684
15665	231	100	153	5161	0	5645
15666	187	125	5421	226	0	5959
15667	5614	103	175	234	0	6126
15668	6126	75	120	188	0	6509
15669	316	105	125	6210	0	6756
15670	220	82	6300	261	0	6863
15671	6117	88	228	173	0	6606
15672	315	81	7541	171	0	8108
15673	235	86	261	7431	0	8013
15674	212	87	165	7774	0	8238
15675	209	82	138	7960	0	8389
15676	184	86	113	8127	0	8510
15677	7826	77	121	357	0	8381
15678	366	7808	95	205	0	8474
15679	234	282	7467	164	0	8147
15680	210	7545	252	178	0	8185
15681	7646	252	141	166	0	8205
15682	362	117	97	7663	0	8239
15683	7817	88	111	328	0	8344
15684	331	98	99	7815	0	8343
15685	207	97	106	7879	0	8289
15686	152	105	121	7962	0	8340
15687	176	103	7654	369	0	8302
15688	164	7505	248	206	0	8123
15689	181	228	7748	170	0	8327
15690	180	127	260	7809	0	8376
15691	7913	86	139	360	0	8498
15692	7935	94	110	222	0	8361
15693	7996	70	102	207	0	8375
15694	350	7835	113	177	0	8475
15695	8180	239	84	191	0	8694
15696	357	110	88	8181	0	8736
15697	187	105	85	8315	0	8692
15698	180	98	103	8345	0	8726
15699	161	8199	75	368	0	8803
15700	159	276	95	7913	0	8443
15701	170	8104	77	312	0	8663
15702	8184	271	81	205	0	8741
15703	8318	124	64	201	0	8707
15704	376	91	69	8286	0	8822
15705	220	90	8024	338	0	8672
15706	7883	84	238	240	0	8445
15707	331	83	98	8373	0	8885
15708	198	81	8217	339	0	8835
15709	8039	81	233	199	0	8552
15710	342	88	103	8391	0	8924
15711	8389	65	94	336	0	8884
15712	328	8192	69	195	0	8784
15713	208	240	72	8237	0	8757
15714	179	8445	75	308	0	9007
15715	159	238	76	8641	0	9114
15716	149	8600	100	320	0	9169
15717	147	224	84	8879	0	9334
15718	135	112	8675	316	0	9238
15719	7142	87	221	277	0	7727
15720	270	8596	122	155	0	9143
15721	157	196	8436	175	0	8964
15722	8296	102	214	166	0	8778
15723	275	76	103	8736	0	9190
15724	177	63	8572	272	0	9084
15725	125	8627	219	179	0	9150
15726	163	190	123	8907	0	9383
15727	137	109	8911	276	0	9433
15728	158	79	189	9003	0	9429
15729	144	72	109	9267	0	9592
15730	135	72	9264	328	0	9799
15731	140	100	211	9378	0	9829
15732	143	82	9515	301	0	10041
15733	129	88	234	9676	0	10127
15734	133	67	10015	308	0	10523
15735	158	71	234	10008	0	10471
15736	152	65	137	10016	0	10370
15737	138	64	112	10028	0	10342
15738	128	9903	111	327	0	10469
15739	9968	189	109	258	0	10524
15740	10116	90	104	205	0	10515
15741	294	66	114	10297	0	10771
15742	10264	79	108	356	0	10807
15743	276	88	10268	213	0	10845
15744	154	10331	241	188	0	10914
15745	10482	204	128	229	0	11043
15746	268	10543	105	186	0	11102
15747	166	220	97	10726	0	11209
15748	138	121	80	10921	0	11260
15749	10495	94	106	368	0	11063
15750	273	83	85	10622	0	11063
15751	146	94	10449	332	0	11021
15752	120	10305	232	234	0	10891
15753	10492	240	106	188	0	11026
15754	290	109	78	10487	0	10964
15755	151	10586	92	330	0	11159
15756	152	242	83	10624	0	11101
15757	138	10792	74	318	0	11322
15758	10811	234	85	255	0	11385
15759	10850	129	91	203	0	11273
15760	326	91	10594	185	0	11196
15761	164	100	10482	175	0	10921
15762	133	87	252	10600	0	11072
15763	133	10676	118	329	0	11256
15764	135	229	110	10957	0	11431
15765	10816	109	73	385	0	11383
15766	284	90	10521	198	0	11093
15767	173	85	211	10128	0	10597
15768	125	69	10048	304	0	10546
15769	122	72	9559	195	0	9948
15770	113	10068	222	155	0	10558
15771	158	235	133	9650	0	10176
15772	8900	96	86	242	0	9324
15773	158	58	8896	156	0	9268
15774	100	8778	106	154	0	9138
15775	8726	102	73	150	0	9051
15776	127	84	58	8906	0	9175
15777	8978	83	65	179	0	9305
15778	8944	85	58	151	0	9238
15779	8974	61	62	168	0	9265
15780	137	66	9338	111	0	9652
15781	8812	63	116	139	0	9130
15782	9383	53	65	166	0	9667
15783	160	9464	61	94	0	9779
15784	108	109	49	9632	0	9898
15785	95	66	61	9535	0	9757
15786	84	57	64	9723	0	9928
15787	9619	62	61	206	0	9948
15788	9262	73	65	158	0	9558
15789	144	82	9424	117	0	9767
15790	101	53	120	9378	0	9652
15791	98	9349	58	168	0	9673
15792	9442	115	56	149	0	9762
15793	152	63	9422	105	0	9742
15794	97	81	123	9182	0	9483
15795	102	55	68	9387	0	9612
15796	69	9243	64	190	0	9566
15797	71	126	64	9410	0	9671
15798	94	71	58	8850	0	9073
15799	73	65	54	9347	0	9539
15800	9200	61	60	214	0	9535
15801	142	51	62	9183	0	9438
15802	103	61	58	9204	0	9426
15803	9182	56	55	213	0	9506
15804	150	42	59	9373	0	9624
15805	84	10117	63	184	0	10448
15806	10563	175	51	151	0	10940
15807	11044	82	62	149	0	11337
15808	11481	88	62	139	0	11770
15809	12588	55	44	140	0	12827
15810	398	13385	55	106	0	13944
15811	15002	342	44	124	0	15512
15812	15385	160	45	151	0	15741
15813	600	112	49	15124	0	15885
15814	265	93	14787	489	0	15634
15815	207	63	422	14783	0	15475
15816	168	75	171	14982	0	15396
15817	140	53	110	14877	0	15180
15818	128	57	88	14916	0	15189
15819	139	51	65	15051	0	15306
15820	14285	62	60	763	0	15170
15821	539	58	71	14536	0	15204
15822	254	65	14386	624	0	15329
15823	196	36	460	14183	0	14875
15824	118	14210	198	603	0	15129
15825	139	446	115	14328	0	15028
15826	90	169	14255	633	0	15147
15827	12878	113	476	386	0	13853
15828	13864	78	185	307	0	14434
15829	627	78	14078	216	0	14999
15830	287	13908	506	186	0	14887
15831	14206	431	206	238	0	15081
15832	14328	184	146	212	0	14870
15833	14484	122	114	206	0	14926
15834	14148	91	100	215	0	14554
15835	815	86	78	13612	0	14591
15836	424	83	13450	565	0	14522
15837	349	62	470	13633	0	14514
15838	272	83	217	14149	0	14721
15839	220	97	13687	723	0	14727
15840	211	85	13635	394	0	14325
15841	13226	79	614	331	0	14250
15842	626	13454	292	244	0	14616
15843	360	449	223	13513	0	14545
15844	248	198	13350	638	0	14434
15845	12760	131	532	413	0	13836
15846	583	142	13257	329	0	14311
15847	13025	73	605	352	0	14055
15848	662	13107	309	287	0	14365
15849	433	470	184	13260	0	14347
15850	302	209	13116	650	0	14277
15851	12513	158	566	411	0	13648
15852	638	12849	291	280	0	14058
15853	385	13646	224	255	0	14510
15854	331	623	183	13475	0	14612
15855	269	315	175	14074	0	14833
15856	14186	223	174	793	0	15376
15857	727	14050	159	463	0	15399
15858	457	570	175	14423	0	15625
15859	14171	263	144	807	0	15385
15860	14866	222	161	456	0	15705
15861	15233	163	183	391	0	15970
15862	1055	121	14808	336	0	16320
15863	598	139	15312	322	0	16371
15864	15720	124	817	384	0	17045
15865	886	15595	445	354	0	17280
15866	481	16280	304	352	0	17417
15867	457	856	217	15320	0	16850
15868	340	15997	235	876	0	17448
15869	16040	850	214	521	0	17625
15870	975	391	208	15886	0	17460
15871	525	269	15573	955	0	17322
15872	15692	218	797	521	0	17228
15873	16280	207	398	438	0	17323
15874	1163	219	302	15673	0	17357
15875	702	199	263	16141	0	17305
15876	569	193	241	16349	0	17352
15877	530	182	224	16252	0	17188
15878	452	216	14949	1241	0	16858
15879	416	14930	781	746	0	16873
15880	480	769	432	13607	0	15288
15881	448	14871	300	921	0	16540
15882	472	887	273	13680	0	15312
15883	424	14749	234	1044	0	16451
15884	14580	901	267	633	0	16381
15885	14871	416	248	596	0	16131
15886	1142	14505	266	499	0	16412
15887	14845	839	258	492	0	16434
15888	1138	446	259	14594	0	16437
15889	14579	358	249	1030	0	16216
15890	1146	14361	271	582	0	16360
15891	14719	829	251	548	0	16347
15892	15187	447	290	441	0	16365
15893	1297	387	259	14415	0	16358
15894	774	347	14231	974	0	16326
15895	629	14044	809	626	0	16108
15896	579	847	443	14553	0	16422
15897	14559	501	336	1074	0	16470
15898	1052	458	14235	647	0	16392
15899	720	356	788	14256	0	16120
15900	638	324	445	14888	0	16295
15901	14563	314	343	1227	0	16447
15902	14895	312	302	748	0	16257
15903	14807	312	276	661	0	16056
15904	1332	13926	280	581	0	16119
15905	13729	798	253	563	0	15343
15906	1150	427	12435	567	0	14579
15907	757	351	12130	536	0	13774
15908	624	336	12176	502	0	13638
15909	621	532	898	10204	0	12255
15910	509	284	9826	708	0	11327
15911	8554	267	544	478	0	9843
15912	698	248	310	8342	0	9598
15913	481	223	8247	676	0	9627
15914	8599	214	536	494	0	9843
15915	670	211	285	8756	0	9922
15916	490	255	295	9015	0	10055
15917	8941	240	242	779	0	10202
15918	668	222	268	9243	0	10401
15919	549	229	9051	687	0	10516
15920	522	233	514	9297	0	10566
15921	445	247	9307	699	0	10698
15922	442	246	578	9282	0	10548
15923	9151	239	342	703	0	10435
15924	696	8761	315	444	0	10216
15925	497	9240	291	465	0	10493
15926	481	538	335	9083	0	10437
15927	510	328	269	9210	0	10317
15928	480	8756	285	670	0	10191
15929	431	8987	284	487	0	10189
15930	467	560	246	8858	0	10131
15931	478	337	255	9023	0	10093
15932	8772	255	240	702	0	9969
15933	708	8319	261	505	0	9793
15934	495	8362	268	459	0	9584
15935	429	8822	276	461	0	9988
15936	8489	610	311	433	0	9843
15937	611	339	8349	463	0	9762
15938	8355	311	492	452	0	9610
15939	659	283	349	8365	0	9656
15940	448	7889	336	578	0	9251
15941	461	8568	246	439	0	9714
15942	8499	599	226	406	0	9730
15943	694	356	238	8301	0	9589
15944	478	8823	263	621	0	10185
15945	9135	544	242	440	0	10361
15946	9242	346	246	440	0	10274
15947	754	331	8849	396	0	10330
15948	9056	309	445	440	0	10250
15949	9353	323	289	423	0	10388
15950	738	269	286	9010	0	10303
15951	512	8679	214	622	0	10027
15952	446	9102	185	446	0	10179
15953	422	630	171	8894	0	10117
15954	8550	366	194	705	0	9815
15955	648	360	7750	460	0	9218
15956	514	327	7545	389	0	8775
15957	463	320	7403	367	0	8553
15958	448	254	7549	389	0	8640
15959	455	7383	483	335	0	8656
15960	459	7502	291	281	0	8533
15961	448	469	6838	306	0	8061
15962	325	368	6777	300	0	7770
15963	365	6112	436	303	0	7216
15964	358	391	213	5802	0	6764
15965	301	354	5836	347	0	6838
15966	294	305	242	5834	0	6675
15967	282	241	168	6204	0	6895
15968	309	227	200	6298	0	7034
15969	341	192	162	6623	0	7318
15970	281	190	6404	485	0	7360
15971	318	187	287	6313	0	7105
15972	6494	161	183	431	0	7269
15973	453	183	6210	338	0	7184
15974	6309	170	271	405	0	7155
15975	410	171	179	6704	0	7464
15976	308	179	6574	434	0	7495
15977	6575	188	306	347	0	7416
15978	378	231	250	6693	0	7552
15979	6815	228	175	387	0	7605
15980	380	226	147	6712	0	7465
15981	321	6637	157	373	0	7488
15982	274	320	6833	275	0	7702
15983	314	226	266	6939	0	7745
15984	7103	175	189	339	0	7806
15985	7169	156	173	245	0	7743
15986	7150	179	149	269	0	7747
15987	7140	180	160	245	0	7725
15988	7071	143	159	265	0	7638
15989	454	6872	159	202	0	7687
15990	7055	295	164	252	0	7766
15991	456	175	6794	189	0	7614
15992	6896	145	289	253	0	7583
15993	365	137	237	6706	0	7445
15994	235	156	6933	319	0	7643
15995	221	185	6728	246	0	7380
15996	223	133	317	6858	0	7531
15997	6968	97	235	348	0	7648
15998	330	6737	225	246	0	7538
15999	6823	229	144	313	0	7509
16000	385	6877	141	204	0	7607
16001	304	280	134	7104	0	7822
16002	307	156	149	7247	0	7859
16003	7258	159	135	341	0	7893
16004	336	171	154	7247	0	7908
16005	228	130	7170	333	0	7861
16006	7109	123	303	253	0	7788
16007	291	105	241	7309	0	7946
16008	212	115	170	7332	0	7829
16009	186	108	7146	359	0	7799
16010	6576	112	282	268	0	7238
16011	7209	104	159	219	0	7691
16012	328	7154	125	206	0	7813
16013	211	254	7032	171	0	7668
16014	209	186	6781	181	0	7357
16015	193	155	247	6691	0	7286
16016	185	120	154	6651	0	7110
16017	195	6686	142	306	0	7329
16018	151	245	6504	226	0	7126
16019	168	151	254	6304	0	6877
16020	150	135	6515	291	0	7091
16021	161	126	246	6259	0	6792
16022	169	6396	148	277	0	6990
16023	172	264	106	6589	0	7131
16024	152	196	107	6602	0	7057
16025	160	176	110	6572	0	7018
16026	6478	128	120	339	0	7065
16027	256	123	6376	246	0	7001
16028	184	6633	234	161	0	7212
16029	180	257	123	7044	0	7604
16030	7203	155	112	321	0	7791
16031	296	133	116	7376	0	7921
16032	7438	115	115	317	0	7985
16033	309	128	7504	175	0	8116
16034	7550	120	255	147	0	8072
16035	359	113	145	7791	0	8408
16036	221	91	7812	300	0	8424
16037	181	7777	299	178	0	8435
16038	185	237	152	7745	0	8319
16039	168	133	131	8039	0	8471
16040	7786	143	116	355	0	8400
16041	308	7663	107	209	0	8287
16042	213	7519	121	168	0	8021
16043	154	7894	116	167	0	8331
16044	7303	308	120	166	0	7897
16045	314	7269	122	131	0	7836
16046	217	219	135	7203	0	7774
16047	157	122	129	7320	0	7728
16048	7186	114	107	320	0	7727
16049	270	7130	109	202	0	7711
16050	163	226	94	7313	0	7796
16051	7310	153	124	285	0	7872
16052	7350	105	104	220	0	7779
16053	7371	79	117	200	0	7767
16054	322	7220	123	144	0	7809
16055	7250	214	140	144	0	7748
16056	254	119	116	7168	0	7657
16057	157	6921	113	273	0	7464
16058	129	7140	119	183	0	7571
16059	128	253	80	7147	0	7608
16060	7020	156	97	260	0	7533
16061	7163	85	103	197	0	7548
16062	262	104	80	6988	0	7434
16063	167	6818	83	259	0	7327
16064	6838	188	93	207	0	7326
16065	263	110	6605	155	0	7133
16066	163	103	6409	164	0	6839
16067	6414	82	197	171	0	6864
16068	263	90	6385	168	0	6906
16069	169	84	194	6021	0	6468
16070	6120	77	112	252	0	6561
16071	245	72	75	6265	0	6657
16072	209	83	6155	213	0	6660
16073	168	6167	193	155	0	6683
16074	171	170	99	6372	0	6812
16075	152	101	6267	219	0	6739
16076	5995	90	192	164	0	6441
16077	257	88	77	6263	0	6685
16078	175	81	6217	232	0	6705
16079	170	90	163	6145	0	6568
16080	148	6112	79	240	0	6579
16081	150	204	72	6337	0	6763
16082	139	106	104	6306	0	6655
16083	145	105	77	6156	0	6483
16084	173	6072	83	253	0	6581
16085	6254	167	79	187	0	6687
16086	266	98	82	6288	0	6734
16087	208	86	87	6319	0	6700
16088	168	90	89	6416	0	6763
16089	127	119	6285	283	0	6814
16090	159	85	188	6341	0	6773
16091	6406	98	125	276	0	6905
16092	235	6397	85	192	0	6909
16093	145	194	85	6608	0	7032
16094	129	105	104	6717	0	7055
16095	6515	105	100	320	0	7040
16096	239	6552	75	215	0	7081
16097	6644	234	73	177	0	7128
16098	6836	146	76	173	0	7231
16099	307	105	70	6787	0	7269
16100	6738	123	62	316	0	7239
16101	238	6551	79	241	0	7109
16102	6630	211	75	219	0	7135
16103	297	119	68	6838	0	7322
16104	7385	95	79	338	0	7897
16105	7690	106	88	217	0	8101
16106	360	101	7224	189	0	7874
16107	7692	78	219	222	0	8211
16108	8042	82	115	208	0	8447
16109	8301	110	101	189	0	8701
16110	455	112	8522	152	0	9241
16111	241	8610	331	164	0	9346
16112	194	382	128	8704	0	9408
16113	8695	173	130	416	0	9414
16114	409	8651	98	239	0	9397
16115	8774	384	62	232	0	9452
16116	496	171	58	8894	0	9619
16117	251	150	8775	435	0	9611
16118	9051	135	348	235	0	9769
16119	498	109	131	9351	0	10089
16120	285	97	9336	449	0	10167
16121	9416	118	376	270	0	10180
16122	533	128	9599	188	0	10448
16123	314	121	404	9847	0	10686
16124	277	99	188	10460	0	11024
16125	10243	117	123	631	0	11114
16126	10411	112	133	341	0	10997
16127	645	10137	109	245	0	11136
16128	10318	454	92	264	0	11128
16129	621	208	9695	197	0	10721
16130	391	162	9716	175	0	10444
16131	9420	145	495	222	0	10282
16132	583	9497	239	175	0	10494
16133	9321	405	176	182	0	10084
16134	534	9227	145	183	0	10089
16135	9242	430	126	206	0	10004
16136	563	245	125	8958	0	9891
16137	350	191	8934	444	0	9919
16138	322	148	369	9017	0	9856
16139	268	136	183	9389	0	9976
16140	9199	116	139	580	0	10034
16141	551	150	8958	288	0	9947
16142	8937	144	398	248	0	9727
16143	557	8891	197	208	0	9853
16144	9134	423	151	198	0	9906
16145	604	220	145	8899	0	9868
16146	363	153	8851	478	0	9845
16147	331	168	404	8908	0	9811
16148	9070	152	187	511	0	9920
16149	572	125	166	9045	0	9908
16150	374	107	143	9057	0	9681
16151	341	8589	122	568	0	9620
16152	294	396	133	8951	0	9774
16153	280	201	8733	536	0	9750
16154	298	159	394	8846	0	9697
16155	281	123	223	9160	0	9787
16156	8834	127	174	633	0	9768
16157	526	131	167	8920	0	9744
16158	344	103	8688	581	0	9716
16159	299	8609	412	370	0	9690
16160	368	382	206	8761	0	9717
16161	282	202	192	8982	0	9658
16162	8757	156	190	621	0	9724
16163	515	8487	166	376	0	9544
16164	370	386	165	8783	0	9704
16165	8509	194	160	596	0	9459
16166	8961	166	169	382	0	9678
16167	669	134	141	8817	0	9761
16168	380	138	8752	600	0	9870
16169	8934	108	435	390	0	9867
16170	592	123	211	9332	0	10258
16171	9245	114	190	632	0	10181
16172	9410	102	185	427	0	10124
16173	652	8878	181	315	0	10026
16174	9035	417	148	336	0	9936
16175	636	8884	145	304	0	9969
16176	446	430	136	9028	0	10040
16177	389	247	129	9055	0	9820
16178	347	8943	162	570	0	10022
16179	9122	462	131	437	0	10152
16180	9242	212	158	366	0	9978
16181	707	163	8678	325	0	9873
16182	436	163	8739	291	0	9629
16183	385	158	502	8902	0	9947
16184	9022	154	245	568	0	9989
16185	654	148	193	8966	0	9961
16186	417	123	190	9383	0	10113
16187	348	133	8981	693	0	10155
16188	337	133	8932	445	0	9847
16189	341	145	9149	372	0	10007
16190	8800	151	553	325	0	9829
16191	9095	132	305	304	0	9836
16192	662	8512	251	298	0	9723
16193	437	8925	203	265	0	9830
16194	430	482	167	8822	0	9901
16195	365	267	8769	543	0	9944
16196	8687	197	434	392	0	9710
16197	574	175	9008	306	0	10063
16198	422	148	471	8913	0	9954
16199	356	118	285	9290	0	10049
16200	347	136	220	9316	0	10019
16201	332	126	206	9458	0	10122
16202	9146	115	201	717	0	10179
16203	580	137	182	9210	0	10109
16204	363	124	8531	608	0	9626
16205	7993	111	402	417	0	8923
16206	544	123	8253	320	0	9240
16207	363	127	8065	287	0	8842
16208	337	7847	471	277	0	8932
16209	281	301	289	7263	0	8134
16210	7123	144	243	402	0	7912
16211	391	161	157	7181	0	7890
16212	296	138	7013	409	0	7856
16213	278	113	263	7201	0	7855
16214	7094	125	187	428	0	7834
16215	387	7007	166	312	0	7872
16216	7011	220	171	312	0	7714
16217	380	6813	168	258	0	7619
16218	6873	221	163	283	0	7540
16219	357	6578	151	240	0	7326
16220	281	6646	157	206	0	7290
16221	269	238	6436	215	0	7158
16222	218	6285	278	206	0	6987
16223	5879	177	153	224	0	6433
16224	246	134	122	5791	0	6293
16225	5785	97	115	245	0	6242
16226	287	5768	103	197	0	6355
16227	5736	196	105	204	0	6241
16228	269	104	5805	167	0	6345
16229	195	114	214	5765	0	6288
16230	182	5864	154	229	0	6429
16231	185	168	119	6172	0	6644
16232	178	122	108	6277	0	6685
16233	6757	87	96	336	0	7276
16234	283	6854	103	233	0	7473
16235	7038	241	96	208	0	7583
16236	312	104	7042	229	0	7687
16237	203	88	6862	200	0	7353
16238	171	6930	305	180	0	7586
16239	163	245	162	7087	0	7657
16240	174	114	7092	334	0	7714
16241	197	109	301	6712	0	7319
16242	192	103	135	7315	0	7745
16243	144	116	7003	366	0	7629
16244	161	91	7030	241	0	7523
16245	145	87	7277	228	0	7737
16246	130	86	7355	222	0	7793
16247	146	7488	329	234	0	8197
16248	184	240	201	7488	0	8113
16249	130	125	140	7871	0	8266
16250	131	114	7598	399	0	8242
16251	169	110	286	7521	0	8086
16252	138	80	7947	389	0	8554
16253	155	78	333	7926	0	8492
16254	143	98	175	7983	0	8399
16255	122	7890	133	417	0	8562
16256	167	241	109	8126	0	8643
16257	151	124	133	8096	0	8504
16258	140	108	141	8169	0	8558
16259	141	119	7909	388	0	8557
16260	117	7817	293	270	0	8497
16261	7848	248	166	250	0	8512
16262	7993	138	123	214	0	8468
16263	354	122	121	7905	0	8502
16264	216	102	115	7863	0	8296
16265	177	7900	109	372	0	8558
16266	7941	221	144	247	0	8553
16267	278	8019	143	208	0	8648
16268	7849	247	150	179	0	8425
16269	335	140	7680	153	0	8308
16270	7305	111	253	209	0	7878
16271	305	7616	155	167	0	8243
16272	188	243	128	7706	0	8265
16273	140	144	127	7746	0	8157
16274	132	7601	130	337	0	8200
16275	7723	256	125	241	0	8345
16276	267	132	136	7950	0	8485
16277	168	99	123	8168	0	8558
16278	8035	106	112	383	0	8636
16279	8233	91	114	237	0	8675
16280	335	83	8064	196	0	8678
16281	8169	80	292	179	0	8720
16282	337	69	168	8346	0	8920
16283	163	74	8340	348	0	8925
16284	156	79	307	8254	0	8796
16285	121	73	8265	357	0	8816
16286	116	72	8298	212	0	8698
16287	125	81	338	8177	0	8721
16288	107	82	8318	339	0	8846
16289	100	8225	313	217	0	8855
16290	121	264	180	8261	0	8826
16291	124	131	143	8652	0	9050
16292	95	112	8467	374	0	9048
16293	98	8427	297	227	0	9049
16294	8454	269	154	197	0	9074
16295	281	115	141	8659	0	9196
16296	8611	100	112	370	0	9193
16297	314	8547	116	204	0	9181
16298	155	286	8648	208	0	9297
16299	129	123	313	8588	0	9153
16300	8538	112	179	390	0	9219
16301	310	96	8543	200	0	9149
16302	8088	94	304	211	0	8697
16303	312	8263	187	162	0	8924
16304	150	8350	163	143	0	8806
16305	8298	308	144	144	0	8894
16306	279	165	148	8246	0	8838
16307	160	114	133	8214	0	8621
16308	98	8255	114	368	0	8835
16309	103	271	110	8466	0	8950
16310	133	124	117	8570	0	8944
16311	8317	111	101	433	0	8962
16312	282	86	117	8392	0	8877
16313	148	111	8340	357	0	8956
16314	135	85	285	8338	0	8843
16315	116	107	170	8610	0	9003
16316	114	110	8446	385	0	9055
16317	97	103	285	8426	0	8911
16318	8134	96	160	406	0	8796
16319	8050	99	125	275	0	8549
16320	8176	81	121	235	0	8613
16321	341	85	123	8105	0	8654
16322	167	105	8014	369	0	8655
16323	157	8009	274	242	0	8682
16324	136	247	152	8226	0	8761
16325	134	136	8176	341	0	8787
16326	135	102	251	8101	0	8589
16327	109	103	153	8298	0	8663
16328	7943	85	114	404	0	8546
16329	262	8039	119	233	0	8653
16330	158	225	7886	198	0	8467
16331	7270	105	253	239	0	7867
16332	266	7635	155	193	0	8249
16333	120	7216	125	172	0	7633
16334	7207	209	139	168	0	7723
16335	221	109	99	7307	0	7736
16336	110	98	7999	245	0	8452
16337	115	73	226	7942	0	8356
16338	90	8018	121	294	0	8523
16339	8136	186	130	217	0	8669
16340	220	111	120	8229	0	8680
16341	8330	73	100	324	0	8827
16342	216	82	84	8289	0	8671
16343	120	8522	109	275	0	9026
16344	8718	218	106	212	0	9254
16345	8745	94	100	203	0	9142
16346	272	8687	106	170	0	9235
16347	8534	248	83	188	0	9053
16348	287	123	91	8410	0	8911
16349	144	8355	97	307	0	8903
16350	8451	219	102	196	0	8968
16351	256	8466	81	206	0	9009
16352	8327	243	103	188	0	8861
16353	285	124	60	8402	0	8871
16354	8454	107	82	332	0	8975
16355	8515	109	75	202	0	8901
16356	8549	94	70	202	0	8915
16357	324	90	84	8455	0	8953
16358	205	108	72	8625	0	9010
16359	8492	92	82	331	0	8997
16360	288	98	8450	206	0	9042
16361	195	94	219	8467	0	8975
16362	166	8624	107	303	0	9200
16363	165	236	77	8840	0	9318
16364	160	139	92	8954	0	9345
16365	140	134	8698	358	0	9330
16366	199	91	236	9079	0	9605
16367	138	9475	131	355	0	10099
16368	180	330	90	9969	0	10569
16369	159	167	10639	408	0	11373
16370	188	123	369	10668	0	11348
16371	153	108	170	11252	0	11683
16372	10879	87	120	630	0	11716
16373	10979	75	101	352	0	11507
16374	587	100	80	10751	0	11518
16375	315	10426	83	526	0	11350
16376	202	10838	102	301	0	11443
16377	186	470	10515	262	0	11433
16378	195	241	408	10503	0	11347
16379	10510	131	204	518	0	11363
16380	448	118	165	10602	0	11333
16381	234	112	10559	536	0	11441
16382	201	122	397	10613	0	11333
16383	192	105	212	10871	0	11380
16384	174	102	130	11095	0	11501
16385	139	118	10626	658	0	11541
16386	146	10594	416	373	0	11529
16387	10563	395	182	332	0	11472
16388	10757	201	144	284	0	11386
16389	577	164	110	10460	0	11311
16390	320	114	10388	532	0	11354
16391	216	10461	402	316	0	11395
16392	225	428	208	10115	0	10976
16393	168	10332	123	496	0	11119
16394	170	10845	113	282	0	11410
16395	10425	481	106	284	0	11296
16396	437	261	10425	231	0	11354
16397	270	188	10401	196	0	11055
16398	250	136	454	10300	0	11140
16399	216	116	211	10797	0	11340
16400	190	107	10611	578	0	11486
16401	201	132	399	10449	0	11181
16402	165	130	10548	562	0	11405
16403	9893	114	439	366	0	10812
16404	436	137	209	10597	0	11379
16405	250	119	10808	551	0	11728
16406	253	102	380	10414	0	11149
16407	176	11159	203	536	0	12074
16408	11079	389	153	381	0	12002
16409	424	11145	139	293	0	12001
16410	11209	442	122	295	0	12068
16411	485	221	10956	223	0	11885
16412	11014	185	389	290	0	11878
16413	499	141	228	11255	0	12123
16414	267	127	11186	533	0	12113
16415	224	99	431	11204	0	11958
16416	189	105	11035	568	0	11897
16417	10360	117	428	385	0	11290
16418	452	11059	238	275	0	12024
16419	309	376	187	10736	0	11608
16420	200	11314	168	461	0	12143
16421	11209	443	135	370	0	12157
16422	11350	238	143	300	0	12031
16423	547	11240	148	276	0	12211
16424	317	413	148	11294	0	12172
16425	241	231	122	11557	0	12151
16426	228	191	109	11578	0	12106
16427	11174	178	131	684	0	12167
16428	448	11092	147	401	0	12088
16429	286	423	140	11185	0	12034
16430	229	219	157	11428	0	12033
16431	10994	179	138	664	0	11975
16432	468	143	10758	386	0	11755
16433	275	140	10591	349	0	11355
16434	10202	125	504	301	0	11132
16435	455	114	10448	289	0	11306
16436	235	148	9750	240	0	10373
16437	231	134	463	9439	0	10267
16438	9573	139	278	460	0	10450
16439	426	142	182	9597	0	10347
16440	274	113	9430	505	0	10322
16441	9019	141	370	334	0	9864
16442	427	114	9345	299	0	10185
16443	239	9411	403	246	0	10299
16444	233	366	242	9558	0	10399
16445	9582	196	158	469	0	10405
16446	383	172	155	9655	0	10365
16447	252	123	155	9870	0	10400
16448	9818	106	159	534	0	10617
16449	385	117	129	9981	0	10612
16450	261	112	158	10207	0	10738
16451	190	130	9981	533	0	10834
16452	200	118	319	10027	0	10664
16453	9988	95	221	515	0	10819
16454	10004	109	159	362	0	10634
16455	10040	104	160	290	0	10594
16456	490	106	142	9820	0	10558
16457	260	9714	133	451	0	10558
16458	9836	304	161	331	0	10632
16459	365	9886	143	285	0	10679
16460	9849	336	155	248	0	10588
16461	410	186	129	9904	0	10629
16462	9750	148	146	418	0	10462
16463	9713	124	123	349	0	10309
16464	9754	113	142	296	0	10305
16465	424	9474	147	229	0	10274
16466	229	9264	147	223	0	9863
16467	8750	248	133	235	0	9366
16468	263	8651	117	213	0	9244
16469	155	7844	144	164	0	8307
16470	134	7687	100	206	0	8127
16471	7629	134	124	240	0	8127
16472	211	104	90	7598	0	8003
16473	156	96	94	7632	0	7978
16474	7638	86	121	229	0	8074
16475	163	120	7904	168	0	8355
16476	157	109	150	8594	0	9010
16477	134	81	141	8767	0	9123
16478	134	69	114	9647	0	9964
16479	160	71	97	9949	0	10277
16480	101	9980	83	447	0	10611
16481	117	11906	108	247	0	12378
16482	11952	444	85	245	0	12726
16483	438	217	93	12106	0	12854
16484	259	161	83	12461	0	12964
16485	205	109	12077	571	0	12962
16486	172	124	431	12173	0	12900
16487	150	99	12265	581	0	13095
16488	179	99	495	12426	0	13199
16489	128	93	12887	620	0	13728
16490	100	12792	565	325	0	13782
16491	139	493	240	13023	0	13895
16492	12930	211	177	626	0	13944
16493	13224	192	140	317	0	13873
16494	653	125	116	13013	0	13907
16495	338	101	12946	587	0	13972
16496	258	97	12898	308	0	13561
16497	12168	106	620	349	0	13243
16498	514	12670	315	257	0	13756
16499	12982	473	213	273	0	13941
16500	13121	211	162	264	0	13758
16501	689	177	12684	211	0	13761
16502	414	112	544	12562	0	13632
16503	356	101	288	12844	0	13589
16504	241	108	218	13527	0	14094
16505	230	100	190	13021	0	13541
16506	267	107	144	12831	0	13349
16507	191	120	12152	859	0	13322
16508	213	102	12203	491	0	13009
16509	225	120	693	12214	0	13252
16510	254	87	346	12639	0	13326
16511	229	97	278	12898	0	13502
16512	12333	103	178	903	0	13517
16513	650	80	164	12567	0	13461
16514	12450	93	180	849	0	13572
16515	729	69	177	12848	0	13823
16516	12825	68	172	884	0	13949
16517	13267	91	174	528	0	14060
16518	13066	106	155	464	0	13791
16519	13142	78	155	409	0	13784
16520	13201	113	139	356	0	13809
16521	956	88	145	12661	0	13850
16522	12673	90	140	780	0	13683
16523	788	12328	151	489	0	13756
16524	12751	499	125	475	0	13850
16525	820	203	138	12891	0	14052
16526	453	155	12609	812	0	14029
16527	429	102	583	12976	0	14090
16528	339	118	12783	867	0	14107
16529	337	78	700	12949	0	14064
16530	353	106	308	13509	0	14276
16531	318	110	12861	946	0	14235
16532	352	87	13019	575	0	14033
16533	327	73	768	13180	0	14348
16534	13076	78	398	872	0	14424
16535	725	64	12999	566	0	14354
16536	419	12879	677	480	0	14455
16537	365	523	13398	440	0	14726
16538	13316	218	712	406	0	14652
16539	774	180	363	13481	0	14798
16540	13638	112	329	832	0	14911
16541	13924	91	235	552	0	14802
16542	945	95	265	13624	0	14929
16543	533	102	13095	896	0	14626
16544	463	104	629	13235	0	14431
16545	363	97	352	13533	0	14345
16546	12787	67	291	1063	0	14208
16547	760	12805	260	657	0	14482
16548	510	540	247	13236	0	14533
16549	419	226	12818	903	0	14366
16550	12427	191	672	620	0	13910
16551	783	12489	393	511	0	14176
16552	526	540	294	12991	0	14351
16553	449	255	253	13262	0	14219
16554	416	191	232	13555	0	14394
16555	12798	126	227	1156	0	14307
16556	13296	126	229	723	0	14374
16557	968	112	251	13195	0	14526
16558	565	135	12767	928	0	14395
16559	439	12697	707	610	0	14453
16560	12924	550	340	576	0	14390
16561	13440	246	305	515	0	14506
16562	1001	194	230	13081	0	14506
16563	639	134	219	13725	0	14717
16564	503	138	13146	1064	0	14851
16565	365	13211	711	690	0	14977
16566	13699	606	338	586	0	15229
16567	13778	289	305	509	0	14881
16568	967	13350	255	486	0	15058
16569	13727	635	227	471	0	15060
16570	981	266	209	13570	0	15026
16571	525	210	13262	959	0	14956
16572	520	141	709	13658	0	15028
16573	385	161	13267	1061	0	14874
16574	12993	126	769	675	0	14563
16575	842	12863	403	613	0	14721
16576	508	596	287	12292	0	13683
16577	428	265	11860	867	0	13420
16578	382	188	11475	563	0	12608
16579	10673	155	649	563	0	12040
16580	701	10528	379	420	0	12028
16581	9427	431	308	379	0	10545
16582	9113	192	229	388	0	9922
16583	9068	138	227	438	0	9871
16584	583	130	234	8759	0	9706
16585	383	116	8572	560	0	9631
16586	361	8430	403	431	0	9625
16587	351	307	305	8653	0	9616
16588	349	140	8523	552	0	9564
16589	310	148	7965	384	0	8807
16590	324	164	389	7915	0	8792
16591	328	134	7753	481	0	8696
16592	7469	103	363	366	0	8301
16593	479	117	230	7787	0	8613
16594	338	112	237	8103	0	8790
16595	7897	108	283	512	0	8800
16596	447	7670	255	378	0	8750
16597	8246	247	228	388	0	9109
16598	429	185	216	8246	0	9076
16599	393	119	208	8255	0	8975
16600	385	96	201	8268	0	8950
16601	331	91	249	8098	0	8769
16602	7916	95	180	617	0	8808
16603	402	104	7779	457	0	8742
16604	333	7553	326	409	0	8621
16605	314	238	202	7935	0	8689
16606	7480	132	178	542	0	8332
16607	7836	113	233	376	0	8558
16608	433	7613	240	349	0	8635
16609	7702	234	169	390	0	8495
16610	421	7505	173	376	0	8475
16611	338	7822	177	369	0	8706
16612	373	225	176	8039	0	8813
16613	346	146	7891	442	0	8825
16614	372	146	272	7837	0	8627
16615	7806	120	198	444	0	8568
16616	436	7459	169	351	0	8415
16617	377	208	187	7722	0	8494
16618	365	146	7929	373	0	8813
16619	7991	164	297	316	0	8768
16620	8335	143	197	337	0	9012
16621	8344	133	202	356	0	9035
16622	402	139	8041	278	0	8860
16623	7850	164	300	294	0	8608
16624	380	7952	231	286	0	8849
16625	283	217	204	7852	0	8556
16626	217	7908	241	387	0	8753
16627	8070	220	232	330	0	8852
16628	7810	137	264	298	0	8509
16629	369	135	8030	289	0	8823
16630	264	7930	276	304	0	8774
16631	268	213	278	8092	0	8851
16632	257	166	223	8182	0	8828
16633	266	133	194	8093	0	8686
16634	311	125	170	8047	0	8653
16635	252	142	207	8288	0	8889
16636	238	167	7879	392	0	8676
16637	265	7727	300	271	0	8563
16638	7836	236	159	316	0	8547
16639	361	138	7899	296	0	8694
16640	314	8036	264	237	0	8851
16641	8234	254	172	262	0	8922
16642	368	169	8353	272	0	9162
16643	8156	158	314	265	0	8893
16644	8182	133	185	322	0	8822
16645	8416	130	161	264	0	8971
16646	450	8246	137	228	0	9061
16647	287	306	8084	225	0	8902
16648	195	8217	285	256	0	8953
16649	277	266	197	7163	0	7903
16650	241	8224	153	303	0	8921
16651	8270	320	132	237	0	8959
16652	8486	172	107	271	0	9036
16653	8309	127	135	264	0	8835
16654	444	127	8361	211	0	9143
16655	317	8713	279	177	0	9486
16656	289	273	160	9546	0	10268
16657	10112	174	154	447	0	10887
16658	444	10025	170	228	0	10867
16659	323	429	114	10205	0	11071
16660	274	217	10390	431	0	11312
16661	10359	169	424	268	0	11220
16662	501	149	10990	239	0	11879
16663	332	105	11312	207	0	11956
16664	10570	163	614	166	0	11513
16665	532	169	10903	129	0	11733
16666	10401	117	476	168	0	11162
16667	538	10317	299	126	0	11280
16668	10842	425	202	140	0	11609
16669	588	217	164	10734	0	11703
16670	363	140	171	10811	0	11485
16671	248	124	193	11155	0	11720
16672	10783	114	159	627	0	11683
16673	10849	100	173	339	0	11461
16674	10983	107	140	219	0	11449
16675	642	10467	106	166	0	11381
16676	404	378	117	10721	0	11620
16677	280	205	10559	429	0	11473
16678	266	132	429	10256	0	11083
16679	209	10087	244	471	0	11011
16680	217	403	146	10390	0	11156
16681	217	211	127	10606	0	11161
16682	10421	144	114	594	0	11273
16683	522	122	105	10517	0	11266
16684	289	112	10233	554	0	11188
16685	226	104	10249	315	0	10894
16686	215	116	527	10321	0	11179
16687	10233	90	292	561	0	11176
16688	522	95	194	10303	0	11114
16689	328	104	151	10713	0	11296
16690	248	90	10373	644	0	11355
16691	197	10167	440	398	0	11202
16692	238	379	234	10508	0	11359
16693	10296	196	175	551	0	11218
16694	468	10218	146	357	0	11189
16695	352	410	128	10420	0	11310
16696	227	257	10306	531	0	11321
16697	251	159	401	10215	0	11026
16698	9946	124	253	593	0	10916
16699	485	9820	171	381	0	10857
16700	315	421	10055	282	0	11073
16701	275	240	443	9980	0	10938
16702	197	187	10241	557	0	11182
16703	9988	143	480	357	0	10968
16704	10362	138	282	297	0	11079
16705	603	125	10189	267	0	11184
16706	413	114	467	10116	0	11110
16707	262	142	10390	515	0	11309
16708	225	10211	501	341	0	11278
16709	234	416	319	10457	0	11426
16710	206	254	10435	542	0	11437
16711	237	193	498	9904	0	10832
16712	191	10106	332	547	0	11176
16713	239	402	247	10327	0	11215
16714	244	215	10123	573	0	11155
16715	9693	203	490	362	0	10748
16716	501	10048	307	310	0	11166
16717	10361	430	251	291	0	11333
16718	583	248	9980	262	0	11073
16719	9825	178	471	279	0	10753
16720	582	169	9865	238	0	10854
16721	9850	139	557	275	0	10821
16722	10336	125	350	254	0	11065
16723	688	146	261	9988	0	11083
16724	441	174	222	10370	0	11207
16725	10285	158	206	658	0	11307
16726	575	10132	224	419	0	11350
16727	10533	428	227	325	0	11513
16728	633	239	212	10362	0	11446
16729	399	10188	228	568	0	11383
16730	346	456	192	10728	0	11722
16731	301	252	215	10969	0	11737
16732	296	192	183	10896	0	11567
16733	253	10431	192	785	0	11661
16734	10601	431	205	480	0	11717
16735	559	266	206	10681	0	11712
16736	392	196	10376	590	0	11554
16737	303	195	10139	436	0	11073
16738	296	135	10298	357	0	11086
16739	10176	151	623	326	0	11276
16740	10423	146	353	310	0	11232
16741	654	154	10096	273	0	11177
16742	443	133	489	9519	0	10584
16743	363	155	316	9933	0	10767
16744	285	166	10036	649	0	11136
16745	245	146	9931	465	0	10787
16746	254	126	585	10190	0	11155
16747	10161	137	368	581	0	11247
16748	10149	154	245	424	0	10972
16749	10215	133	235	367	0	10950
16750	650	9695	244	301	0	10890
16751	428	10051	199	316	0	10994
16752	329	459	239	10078	0	11105
16753	9987	250	234	546	0	11017
16754	488	187	9703	393	0	10771
16755	9026	152	449	352	0	9979
16756	473	8506	271	324	0	9574
16757	310	8091	217	216	0	8834
16758	7918	347	203	251	0	8719
16759	322	7756	209	280	0	8567
16760	236	7593	239	192	0	8260
16761	7548	292	207	245	0	8292
16762	297	7364	200	194	0	8055
16763	240	181	178	7231	0	7830
16764	222	136	147	7286	0	7791
16765	7164	115	177	313	0	7769
16766	7206	133	137	234	0	7710
16767	257	7173	139	229	0	7798
16768	244	7213	127	227	0	7811
16769	186	202	7056	233	0	7677
16770	7149	125	219	266	0	7759
16771	7518	106	160	237	0	8021
16772	7726	119	143	188	0	8176
16773	333	97	131	7743	0	8304
16774	254	122	122	8032	0	8530
16775	8094	139	149	338	0	8720
16776	264	96	128	8283	0	8771
16777	197	101	8295	308	0	8901
16778	150	115	253	8276	0	8794
16779	177	8399	159	329	0	9064
16780	160	208	157	8690	0	9215
16781	174	131	113	8897	0	9315
16782	199	102	137	8983	0	9421
16783	8745	123	143	406	0	9417
16784	277	8676	166	258	0	9377
16785	211	224	163	8930	0	9528
16786	169	153	8804	336	0	9462
16787	214	125	8351	228	0	8918
16788	154	112	312	8636	0	9214
16789	152	110	193	8761	0	9216
16790	8490	99	193	350	0	9132
16791	310	153	121	8420	0	9004
16792	215	8346	100	371	0	9032
16793	202	241	8605	215	0	9263
16794	181	173	267	8715	0	9336
16795	148	124	8881	378	0	9531
16796	157	114	310	8854	0	9435
16797	8856	89	195	347	0	9487
16798	8968	101	139	239	0	9447
16799	336	8797	136	194	0	9463
16800	230	232	157	8980	0	9599
16801	9127	142	135	346	0	9750
16802	9178	116	156	240	0	9690
16803	9327	97	122	219	0	9765
16804	9300	90	140	192	0	9722
16805	9230	97	149	190	0	9666
16806	348	8912	141	210	0	9611
16807	9064	238	154	191	0	9647
16808	320	188	8858	167	0	9533
16809	251	113	238	9004	0	9606
16810	9070	103	177	338	0	9688
16811	9120	84	119	253	0	9576
16812	9066	133	117	195	0	9511
16813	349	106	8883	194	0	9532
16814	261	81	265	8945	0	9552
16815	9297	88	144	286	0	9815
16816	321	9166	113	195	0	9795
16817	9549	222	107	179	0	10057
16818	9407	133	112	185	0	9837
16819	9501	111	112	161	0	9885
16820	375	95	122	9392	0	9984
16821	9606	84	88	347	0	10125
16822	383	75	9331	217	0	10006
16823	236	94	9204	209	0	9743
16824	9329	85	286	217	0	9917
16825	335	98	9509	146	0	10088
16826	8974	132	247	159	0	9512
16827	326	92	9249	140	0	9807
16828	221	86	236	9095	0	9638
16829	9094	99	146	284	0	9623
16830	303	8908	100	210	0	9521
16831	9190	199	98	190	0	9677
16832	284	8873	90	170	0	9417
16833	201	9314	104	125	0	9744
16834	200	225	107	9524	0	10056
16835	178	112	100	9524	0	9914
16836	191	87	128	9438	0	9844
16837	157	87	9357	273	0	9874
16838	9114	77	238	180	0	9609
16839	9818	71	113	148	0	10150
16840	9846	82	83	146	0	10157
16841	9856	64	105	159	0	10184
16842	9835	78	71	173	0	10157
16843	369	79	9082	132	0	9662
16844	232	84	9261	111	0	9688
16845	204	72	258	9502	0	10036
16846	190	57	9587	273	0	10107
16847	9549	73	244	164	0	10030
16848	359	10034	124	125	0	10642
16849	233	277	85	10676	0	11271
16850	10888	155	78	345	0	11466
16851	405	116	61	11055	0	11637
16852	246	84	11015	390	0	11735
16853	219	70	11009	211	0	11509
16854	191	65	417	11311	0	11984
16855	175	63	11343	376	0	11957
16856	10954	86	371	224	0	11635
16857	410	68	193	11314	0	11985
16858	249	70	11287	379	0	11985
16859	185	11171	345	222	0	11923
16860	204	296	155	11482	0	12137
16861	162	142	11525	389	0	12218
16862	179	95	361	11274	0	11909
16863	160	78	206	11526	0	11970
16864	146	61	11458	526	0	12191
16865	196	59	388	11436	0	12079
16866	169	65	208	11303	0	11745
16867	189	64	135	11726	0	12114
16868	11187	74	131	592	0	11984
16869	416	10895	122	337	0	11770
16870	262	11270	122	235	0	11889
16871	216	406	10911	205	0	11738
16872	10525	177	369	201	0	11272
16873	402	118	10729	191	0	11440
16874	259	96	10594	187	0	11136
16875	212	73	454	10336	0	11075
16876	10402	65	250	430	0	11147
16877	363	10269	200	280	0	11112
16878	10356	269	145	270	0	11040
16879	10393	174	139	216	0	10922
16880	461	10341	123	212	0	11137
16881	10400	299	117	217	0	11033
16882	10315	150	141	213	0	10819
16883	491	10242	136	158	0	11027
16884	280	303	139	10422	0	11144
16885	230	168	133	10746	0	11277
16886	10805	109	160	445	0	11519
16887	388	10813	151	265	0	11617
16888	11237	287	130	238	0	11892
16889	11404	182	118	225	0	11929
16890	11932	112	105	187	0	12336
16891	586	100	119	11595	0	12400
16892	370	123	111	11960	0	12564
16893	11754	84	143	510	0	12491
16894	12021	91	117	310	0	12539
16895	12163	73	130	243	0	12609
16896	629	77	117	12261	0	13084
16897	422	81	12229	469	0	13201
16898	347	84	401	12621	0	13453
16899	313	102	208	13563	0	14186
16900	247	95	13355	685	0	14382
16901	269	99	14417	360	0	15145
16902	272	98	750	14635	0	15755
16903	253	97	14790	667	0	15807
16904	14844	87	697	400	0	16028
16905	731	74	388	15080	0	16273
16906	455	68	237	15712	0	16472
16907	15582	66	198	945	0	16791
16908	794	77	201	15679	0	16751
16909	501	76	180	15927	0	16684
16910	371	85	155	16150	0	16761
16911	356	69	148	16277	0	16850
16912	288	81	15336	1033	0	16738
16913	276	78	643	15718	0	16715
16914	252	71	15311	941	0	16575
16915	265	15253	718	588	0	16824
16916	275	561	422	15503	0	16761
16917	241	282	15178	868	0	16569
16918	14162	160	729	620	0	15671
16919	753	14858	420	416	0	16447
16920	15329	575	274	432	0	16610
16921	827	316	252	14812	0	16207
16922	477	14754	273	776	0	16280
16923	14881	593	253	600	0	16327
16924	763	14954	245	446	0	16408
16925	15169	651	229	428	0	16477
16926	853	368	221	14989	0	16431
16927	15210	226	232	856	0	16524
16928	836	15107	230	588	0	16761
16929	15371	647	196	471	0	16685
16930	853	404	14817	415	0	16489
16931	584	233	685	15113	0	16615
16932	14914	192	428	914	0	16448
16933	15286	177	306	643	0	16412
16934	1063	179	276	14861	0	16379
16935	614	162	14632	943	0	16351
16936	436	13684	703	668	0	15491
16937	381	14891	479	469	0	16220
16938	14994	807	299	482	0	16582
16939	869	446	298	14802	0	16415
16940	617	280	262	15304	0	16463
16941	14878	227	250	1168	0	16523
16942	15059	194	295	723	0	16271
16943	1062	222	14649	537	0	16470
16944	681	209	707	14807	0	16404
16945	463	190	14557	976	0	16186
16946	422	14237	770	705	0	16134
16947	13901	623	456	607	0	15587
16948	778	13774	335	518	0	15405
16949	543	13851	301	478	0	15173
16950	453	750	284	13721	0	15208
16951	13203	413	322	886	0	14824
16952	721	13132	326	611	0	14790
16953	13158	627	259	566	0	14610
16954	794	12952	301	452	0	14499
16955	560	658	277	13209	0	14704
16956	13109	425	237	862	0	14633
16957	801	331	12967	619	0	14718
16958	636	301	601	13093	0	14631
16959	486	292	12919	871	0	14568
16960	463	12079	634	669	0	13845
16961	423	12993	449	518	0	14383
16962	12593	744	292	535	0	14164
16963	748	12888	276	524	0	14436
16964	12919	707	306	499	0	14431
16965	13221	435	249	544	0	14449
16966	936	358	12494	480	0	14268
16967	12708	322	621	427	0	14078
16968	905	339	12772	412	0	14428
16969	637	12707	654	389	0	14387
16970	12942	672	423	430	0	14467
16971	845	12771	337	415	0	14368
16972	724	663	279	12899	0	14565
16973	13117	474	279	759	0	14629
16974	898	349	268	13063	0	14578
16975	667	318	12889	836	0	14710
16976	549	357	574	13022	0	14502
16977	528	335	395	13316	0	14574
16978	13012	286	309	967	0	14574
16979	854	347	12569	680	0	14450
16980	12864	302	637	531	0	14334
16981	13468	302	402	519	0	14691
16982	1047	264	343	13162	0	14816
16983	731	314	296	13464	0	14805
16984	13162	251	292	1040	0	14745
16985	911	12772	322	656	0	14661
16986	727	647	230	12886	0	14490
16987	573	407	12360	853	0	14193
16988	542	352	11786	597	0	13277
16989	514	12268	717	561	0	14060
16990	495	632	452	12032	0	13611
16991	479	415	352	12337	0	13583
16992	11823	318	279	1029	0	13449
16993	861	276	282	11830	0	13249
16994	11420	301	292	888	0	12901
16995	783	10882	291	659	0	12615
16996	544	10767	313	519	0	12143
16997	476	11156	265	509	0	12406
16998	10689	645	271	558	0	12163
16999	10060	407	258	528	0	11253
17000	770	9553	268	437	0	11028
17001	8445	393	271	395	0	9504
17002	491	7983	213	390	0	9077
17003	374	385	235	7847	0	8841
17004	402	7766	179	441	0	8788
17005	7759	379	175	472	0	8785
17006	7806	269	155	408	0	8638
17007	511	258	178	7488	0	8435
17008	7537	259	178	428	0	8402
17009	424	271	157	7485	0	8337
17010	339	7413	183	476	0	8411
17011	348	332	180	7534	0	8394
17012	333	7459	198	372	0	8362
17013	7527	323	184	319	0	8353
17014	420	300	7179	260	0	8159
17015	7006	286	231	283	0	7806
17016	410	256	187	7127	0	7980
17017	388	249	6947	314	0	7898
17018	6882	283	210	280	0	7655
17019	452	271	7097	236	0	8056
17020	381	260	211	6947	0	7799
17021	346	219	148	7151	0	7864
17022	361	247	131	7047	0	7786
17023	360	209	154	7025	0	7748
17024	292	6886	147	373	0	7698
17025	315	312	153	7332	0	8112
17026	7355	234	143	381	0	8113
17027	425	226	7138	260	0	8049
17028	310	7501	251	250	0	8312
17029	7729	331	168	263	0	8491
17030	8356	249	184	234	0	9023
17031	503	238	116	9234	0	10091
17032	389	194	9159	462	0	10204
17033	332	204	383	9298	0	10217
17034	288	192	237	10160	0	10877
17035	276	207	9940	610	0	11033
17036	230	10369	463	367	0	11429
17037	10574	573	269	268	0	11684
17038	10764	325	176	260	0	11525
17039	10974	229	166	291	0	11660
17040	815	212	149	10522	0	11698
17041	584	191	141	11065	0	11981
17042	11161	237	123	742	0	12263
17043	701	181	147	10676	0	11705
17044	444	10838	131	674	0	12087
17045	11330	554	172	434	0	12490
17046	11536	384	130	323	0	12373
17047	12530	218	143	282	0	13173
17048	12677	250	125	253	0	13305
17049	1031	229	11558	210	0	13028
17050	605	210	11756	227	0	12798
17051	513	185	718	11553	0	12969
17052	449	178	354	12008	0	12989
17053	345	156	11646	858	0	13005
17054	329	183	11883	485	0	12880
17055	359	153	768	11753	0	13033
17056	11790	162	421	752	0	13125
17057	787	140	286	11767	0	12980
17058	508	140	11694	738	0	13080
17059	379	11826	642	485	0	13332
17060	12029	602	369	363	0	13363
17061	12496	329	244	342	0	13411
17062	12722	191	230	314	0	13457
17063	12698	190	223	286	0	13397
17064	1043	149	11700	289	0	13181
17065	665	121	631	11855	0	13272
17066	12036	147	398	743	0	13324
17067	876	138	277	12019	0	13310
17068	575	153	288	11766	0	12782
17069	424	11438	233	915	0	13010
17070	465	563	162	12040	0	13230
17071	11686	316	175	912	0	13089
17072	773	11578	197	587	0	13135
17073	11815	615	183	447	0	13060
17074	838	11636	176	371	0	13021
17075	606	626	186	10996	0	12414
17076	468	11051	165	741	0	12425
17077	432	11743	177	496	0	12848
17078	11542	808	188	385	0	12923
17079	832	429	11243	357	0	12861
17080	581	254	11081	370	0	12286
17081	431	247	11121	354	0	12153
17082	10528	222	792	392	0	11934
17083	721	10587	457	348	0	12113
17084	512	11172	261	313	0	12258
17085	10701	824	207	316	0	12048
17086	789	10599	195	295	0	11878
17087	557	11198	205	273	0	12233
17088	470	849	197	11005	0	12521
17089	415	507	10910	696	0	12528
17090	372	349	11179	524	0	12424
17091	380	317	744	11219	0	12660
17092	11082	282	427	747	0	12538
17093	789	11116	319	496	0	12720
17094	595	666	253	11298	0	12812
17095	483	460	11091	693	0	12727
17096	479	339	11040	460	0	12318
17097	446	316	774	11054	0	12590
17098	11043	266	439	772	0	12520
17099	11394	257	324	528	0	12503
17100	998	260	10842	355	0	12455
17101	11081	258	676	362	0	12377
17102	915	253	11099	364	0	12631
17103	638	212	741	10571	0	12162
17104	516	10826	547	680	0	12569
17105	11384	593	377	514	0	12868
17106	868	393	327	11391	0	12979
17107	645	270	290	11488	0	12693
17108	502	222	325	11967	0	13016
17109	449	240	337	11984	0	13010
17110	435	196	11211	1047	0	12889
17111	462	10944	750	645	0	12801
17112	481	623	490	11389	0	12983
17113	11314	365	343	850	0	12872
17114	866	253	396	11423	0	12938
17115	606	223	385	11689	0	12903
17116	471	264	11067	1043	0	12845
17117	489	221	10652	750	0	12112
17118	446	10508	876	562	0	12392
17119	410	11204	539	519	0	12672
17120	426	771	389	11295	0	12881
17121	11150	443	333	924	0	12850
17122	818	317	10969	673	0	12777
17123	605	11092	674	536	0	12907
17124	528	696	443	10840	0	12507
17125	463	11073	305	809	0	12650
17126	437	707	302	10888	0	12334
17127	397	10949	269	840	0	12455
17128	437	699	248	10759	0	12143
17129	10244	447	272	837	0	11800
17130	707	9606	287	572	0	11172
17131	406	560	239	8676	0	9881
17132	8295	337	264	623	0	9519
17133	555	7974	236	433	0	9198
17134	359	7338	195	440	0	8332
17135	343	7308	244	431	0	8326
17136	330	430	237	6921	0	7918
17137	295	303	197	6811	0	7606
17138	285	6670	178	435	0	7568
17139	326	337	158	6821	0	7642
17140	290	251	6696	450	0	7687
17141	245	6739	296	338	0	7618
17142	278	427	234	6270	0	7209
17143	254	6340	201	360	0	7155
17144	237	339	6123	268	0	6967
17145	264	6129	275	276	0	6944
17146	5695	278	200	246	0	6419
17147	311	180	168	5619	0	6278
17148	5636	159	175	271	0	6241
17149	238	192	5534	232	0	6196
17150	213	173	263	5667	0	6316
17151	184	165	5739	320	0	6408
17152	170	172	223	5840	0	6405
17153	5929	187	211	270	0	6597
17154	240	165	199	6003	0	6607
17155	6027	147	145	333	0	6652
17156	270	6069	134	223	0	6696
17157	6068	205	147	260	0	6680
17158	217	187	6124	207	0	6735
17159	179	6208	185	191	0	6763
17160	237	240	124	6191	0	6792
17161	283	186	112	6217	0	6798
17162	231	158	6091	249	0	6729
17163	209	6098	172	209	0	6688
17164	160	205	188	6221	0	6774
17165	165	6173	145	276	0	6759
17166	181	243	123	6218	0	6765
17167	125	6170	122	288	0	6705
17168	6087	218	113	259	0	6677
17169	178	221	119	6207	0	6725
17170	132	200	6101	251	0	6684
17171	168	6150	141	190	0	6649
17172	139	6382	141	172	0	6834
17173	159	226	6286	141	0	6812
17174	98	6449	176	171	0	6894
17175	126	198	134	6472	0	6930
17176	128	198	6467	182	0	6975
17177	107	220	168	6376	0	6871
17178	156	156	133	6603	0	7048
17179	120	128	6585	186	0	7019
17180	6137	142	210	191	0	6680
17181	138	156	146	6785	0	7225
17182	150	134	7136	191	0	7611
17183	94	7186	164	180	0	7624
17184	7223	201	123	166	0	7713
17185	153	7233	103	177	0	7666
17186	124	179	112	7386	0	7801
17187	7234	159	106	218	0	7717
17188	127	128	93	7317	0	7665
17189	110	97	7468	205	0	7880
17190	105	106	176	7437	0	7824
17191	88	111	7389	235	0	7823
17192	7077	105	131	203	0	7516
17193	136	127	7432	154	0	7849
17194	7392	82	140	227	0	7841
17195	7545	104	126	169	0	7944
17196	133	95	7719	152	0	8099
17197	106	90	7201	179	0	7576
17198	114	7728	112	142	0	8096
17199	8054	137	85	160	0	8436
17200	114	100	119	8317	0	8650
17201	113	93	78	8303	0	8587
17202	8776	102	91	234	0	9203
17203	8875	98	69	245	0	9287
17204	8986	123	74	165	0	9348
17205	9014	105	55	158	0	9332
17206	126	90	71	9019	0	9306
17207	9037	96	61	225	0	9419
17208	107	91	50	9120	0	9368
17209	85	93	67	9022	0	9267
17210	61	104	90	9124	0	9379
17211	59	121	8927	167	0	9274
17212	57	8716	96	151	0	9020
17213	85	8917	66	100	0	9168
17214	47	144	53	9095	0	9339
17215	8983	97	49	187	0	9316
17216	92	89	85	8967	0	9233
17217	9007	99	62	160	0	9328
17218	104	106	9251	95	0	9556
17219	9015	103	71	129	0	9318
17220	106	81	47	9566	0	9800
17221	9757	84	50	150	0	10041
17222	9642	75	54	115	0	9886
17223	9700	82	29	112	0	9923
17224	107	70	25	9780	0	9982
17225	63	93	9608	119	0	9883
17226	75	59	72	9635	0	9841
17227	10001	73	45	143	0	10262
17228	109	75	10651	80	0	10915
17229	104	55	87	11226	0	11472
17230	11648	59	47	197	0	11951
17231	129	45	11728	105	0	12007
17232	12112	45	120	106	0	12383
17233	12790	49	61	94	0	12994
17234	203	42	45	12924	0	13214
17235	110	44	45	13127	0	13326
17236	13211	32	28	259	0	13530
17237	189	31	25	13550	0	13795
17238	13498	27	49	265	0	13839
17239	205	13413	45	148	0	13811
17240	113	13635	42	80	0	13870
17241	85	229	39	13594	0	13947
17242	70	102	13699	213	0	14084
17243	57	13667	197	106	0	14027
17244	13474	204	81	122	0	13881
17245	213	13369	45	72	0	13699
17246	121	215	13337	51	0	13724
17247	131	80	190	13119	0	13520
17248	76	74	13691	207	0	14048
17249	56	13876	218	115	0	14265
17250	81	199	95	13898	0	14273
17251	49	13809	71	224	0	14153
17252	64	208	13799	99	0	14170
17253	88	101	187	13638	0	14014
17254	53	75	13948	216	0	14292
17255	78	58	207	13711	0	14054
17256	13843	39	105	264	0	14251
17257	216	60	13606	121	0	14003
17258	12697	37	217	142	0	13093
17259	225	51	13512	85	0	13873
17260	133	32	220	13494	0	13879
17261	82	58	14024	228	0	14392
17262	106	38	231	13905	0	14280
17263	104	53	95	14170	0	14422
17264	106	31	79	13937	0	14153
17265	74	38	68	14259	0	14439
17266	74	44	14841	307	0	15266
17267	14280	34	211	248	0	14773
17268	246	31	104	15866	0	16247
17269	15909	37	86	297	0	16329
17270	16221	35	63	195	0	16514
17271	16515	39	70	169	0	16793
17272	371	34	70	16672	0	17147
17273	203	42	65	17016	0	17326
17274	132	18222	70	371	0	18795
17275	19809	355	47	253	0	20464
17276	20855	158	68	192	0	21273
17277	21145	89	49	186	0	21469
17278	792	79	20786	109	0	21766
17279	429	56	508	20830	0	21823
17280	278	50	20944	557	0	21829
17281	20589	51	586	317	0	21543
17282	21186	48	285	231	0	21750
17283	802	48	180	20750	0	21780
17284	449	43	113	20600	0	21205
17285	255	20896	113	707	0	21971
17286	21299	500	92	404	0	22295
17287	21544	209	89	315	0	22157
17288	780	21057	104	247	0	22188
17289	21488	548	101	191	0	22328
17290	766	267	81	21281	0	22395
17291	481	139	92	21743	0	22455
17292	21631	112	92	823	0	22658
17293	726	105	21155	374	0	22360
17294	21057	64	524	351	0	21996
17295	21772	56	261	334	0	22423
17296	825	21034	168	203	0	22230
17297	21610	513	128	220	0	22471
17298	814	252	20997	178	0	22241
17299	521	162	535	21103	0	22321
17300	21350	146	255	660	0	22411
17301	788	120	179	21275	0	22362
17302	456	96	20672	726	0	21950
17303	385	83	601	20117	0	21186
17304	300	21457	282	736	0	22775
17305	338	553	206	22123	0	23220
17306	319	237	157	22640	0	23353
17307	321	159	148	22188	0	22816
17308	281	145	122	22683	0	23231
17309	256	124	21858	996	0	23234
17310	277	110	600	22062	0	23049
17311	21982	109	279	926	0	23296
17312	724	21708	206	507	0	23145
17313	446	584	177	22557	0	23764
17314	318	271	22441	814	0	23844
17315	320	173	616	22744	0	23853
17316	22773	156	305	907	0	24141
17317	22984	113	238	580	0	23915
17318	22684	91	210	461	0	23446
17319	1069	111	190	22371	0	23741
17320	624	120	22144	803	0	23691
17321	448	21781	648	531	0	23408
17322	22248	581	343	452	0	23624
17323	868	281	241	22112	0	23502
17324	532	201	218	22535	0	23486
17325	452	166	21866	981	0	23465
17326	407	21146	639	621	0	22813
17327	380	22271	341	489	0	23481
17328	395	788	266	21255	0	22704
17329	358	396	20612	813	0	22179
17330	19193	243	639	586	0	20661
17331	823	222	19487	439	0	20971
17332	18798	186	644	460	0	20088
17333	882	19826	334	399	0	21441
17334	545	564	19586	350	0	21045
17335	19052	293	607	437	0	20389
17336	813	19354	355	351	0	20873
17337	20127	609	268	388	0	21392
17338	842	358	19696	297	0	21193
17339	518	19895	580	344	0	21337
17340	20227	572	342	400	0	21541
17341	804	320	19742	345	0	21211
17342	19820	215	642	356	0	21033
17343	826	218	382	19799	0	21225
17344	20118	196	281	729	0	21324
17345	818	209	279	20025	0	21331
17346	20132	182	262	782	0	21358
17347	853	192	19731	523	0	21299
17348	564	176	561	20099	0	21400
17349	482	183	357	20149	0	21171
17350	368	165	19650	934	0	21117
17351	425	189	631	19701	0	20946
17352	462	16212	512	878	0	18064
17353	412	543	290	21214	0	22459
17354	382	283	306	22158	0	23129
17355	403	226	249	23839	0	24717
17356	381	224	23241	1291	0	25137
17357	22952	182	851	817	0	24802
17358	1138	145	495	25058	0	26836
17359	667	148	25293	1217	0	27325
17360	24696	144	1022	823	0	26685
17361	26023	174	552	618	0	27367
17362	26976	174	366	529	0	28045
17363	1719	183	305	26140	0	28347
17364	970	186	274	28818	0	30248
17365	731	166	233	28580	0	29710
17366	538	27648	305	1879	0	30370
17367	27612	1190	261	1077	0	30140
17368	28103	547	244	820	0	29714
17369	1952	344	277	27284	0	29857
17370	1032	277	26557	1512	0	29378
17371	791	215	26955	867	0	28828
17372	573	24933	1644	730	0	27880
17373	535	26858	805	610	0	28808
17374	24447	1468	533	636	0	27084
17375	1372	23823	344	448	0	25987
17376	23771	1138	244	490	0	25643
17377	23811	495	239	531	0	25076
17378	23847	334	342	476	0	24999
17379	1709	251	251	23093	0	25304
17380	983	233	311	24884	0	26411
17381	25080	214	245	1632	0	27171
17382	1558	215	229	25537	0	27539
17383	788	272	24916	1554	0	27530
17384	25409	264	1112	919	0	27704
17385	1509	332	524	25247	0	27612
17386	964	271	379	26014	0	27628
17387	811	244	300	26650	0	28005
17388	617	324	25125	1789	0	27855
17389	23913	241	1149	1072	0	26375
17390	1452	220	25165	783	0	27620
17391	924	231	1372	24974	0	27501
17392	736	257	25405	1469	0	27867
17393	731	207	1435	25021	0	27394
17394	717	227	663	26124	0	27731
17395	576	240	25765	1914	0	28495
17396	607	320	1336	24085	0	26348
17397	606	25596	659	1595	0	28456
17398	25822	1173	520	1033	0	28548
17399	26806	495	380	908	0	28589
17400	1908	345	387	26132	0	28772
17401	969	243	25916	1729	0	28857
17402	688	24439	1441	1005	0	27573
17403	574	26481	710	887	0	28652
17404	24912	1509	506	794	0	27721
17405	1473	687	24459	766	0	27385
17406	24646	396	1325	817	0	27184
17407	1647	326	731	24700	0	27404
17408	1008	252	547	25707	0	27514
17409	24242	274	522	2001	0	27039
17410	1548	24046	426	1233	0	27253
17411	998	1180	24427	858	0	27463
17412	813	668	1345	24244	0	27070
17413	632	404	24691	1731	0	27458
17414	649	24011	1574	1035	0	27269
17415	672	1242	834	24765	0	27513
17416	24333	637	588	1778	0	27336
17417	25271	416	528	1113	0	27328
17418	1993	447	24089	818	0	27347
17419	1106	24023	1398	827	0	27354
17420	24263	1270	875	779	0	27187
17421	1648	24438	644	710	0	27440
17422	1063	1438	532	24331	0	27364
17423	24406	750	494	1759	0	27409
17424	1677	525	513	24803	0	27518
17425	1005	471	23951	1847	0	27274
17426	886	450	1427	24540	0	27303
17427	764	481	24241	1824	0	27310
17428	801	361	1564	24356	0	27082
17429	23977	404	967	1854	0	27202
17430	1723	23881	693	1136	0	27433
17431	24563	1379	580	942	0	27464
17432	1899	749	551	24175	0	27374
17433	1182	587	533	24882	0	27184
17434	903	537	21787	2148	0	25375
17435	866	453	23963	1261	0	26543
17436	803	23587	1732	1030	0	27152
17437	824	1374	23904	949	0	27051
17438	22510	698	1781	909	0	25898
17439	1802	23071	955	889	0	26717
17440	1095	24148	718	921	0	26882
17441	879	24759	660	931	0	27229
17442	875	1910	601	24055	0	27441
17443	799	973	24053	1934	0	27759
17444	770	24295	1623	1284	0	27972
17445	812	1517	966	23017	0	26312
17446	784	24569	738	1867	0	27958
17447	24182	1627	731	1275	0	27815
17448	25265	854	616	1102	0	27837
17449	2134	683	606	24501	0	27924
17450	1302	564	679	25235	0	27780
17451	23666	553	643	2315	0	27177
17452	1796	22840	633	1445	0	26714
17453	1083	23776	606	1167	0	26632
17454	953	1797	577	22202	0	25529
17455	793	813	20355	1837	0	23798
17456	735	20030	1379	1138	0	23282
17457	19078	1222	768	957	0	22025
17458	1364	18192	656	926	0	21138
17459	864	18658	649	808	0	20979
17460	17813	1333	554	777	0	20477
17461	1385	18062	482	752	0	20681
17462	909	1224	17302	786	0	20221
17463	735	17426	1073	833	0	20067
17464	15211	1057	605	834	0	17707
17465	935	14941	541	729	0	17146
17466	14924	1001	499	671	0	17095
17467	1126	653	447	14727	0	16953
17468	830	562	423	15328	0	17143
17469	617	543	14928	1112	0	17200
17470	556	15032	884	785	0	17257
17471	595	875	584	15540	0	17594
17472	15319	698	448	1002	0	17467
17473	15470	660	407	756	0	17293
17474	1113	15454	405	660	0	17632
17475	748	913	437	15690	0	17788
17476	15792	556	402	1062	0	17812
17477	16020	446	455	812	0	17733
17478	1084	517	15071	703	0	17375
17479	712	456	14366	746	0	16280
17480	621	476	14204	693	0	15994
17481	607	13577	845	645	0	15674
17482	12921	664	639	721	0	14945
17483	713	12721	571	628	0	14633
17484	12762	709	428	624	0	14523
17485	734	13159	419	665	0	14977
17486	504	692	467	13687	0	15350
17487	13659	509	412	896	0	15476
17488	749	449	13637	555	0	15390
17489	13479	454	680	549	0	15162
17490	13914	466	515	545	0	15440
17491	795	13690	402	606	0	15493
17492	539	14173	472	505	0	15689
17493	14496	749	368	570	0	16183
17494	735	555	14664	537	0	16491
17495	14090	509	694	486	0	15779
17496	14585	480	457	507	0	16029
17497	827	569	342	14232	0	15970
17498	14726	479	349	630	0	16184
17499	842	443	322	14759	0	16366
17500	565	441	373	15074	0	16453
17501	494	493	410	14780	0	16177
17502	442	14741	355	711	0	16249
17503	14758	766	317	582	0	16423
17504	15069	505	349	465	0	16388
17505	751	460	416	14809	0	16436
17506	635	426	329	14697	0	16087
17507	522	14652	298	784	0	16256
17508	14703	702	323	596	0	16324
17509	674	564	14378	480	0	16096
17510	538	548	551	14611	0	16248
17511	483	477	14500	631	0	16091
17512	432	477	625	14514	0	16048
17513	388	499	14631	681	0	16199
17514	492	524	521	14292	0	15829
17515	14551	446	310	751	0	16058
17516	754	433	14605	459	0	16251
17517	14402	435	500	479	0	15816
17518	664	15338	424	421	0	16847
17519	482	679	315	15696	0	17172
17520	488	465	313	15998	0	17264
17521	16167	533	267	735	0	17702
17522	644	422	268	16721	0	18055
17523	502	426	16552	700	0	18180
17524	16224	404	483	567	0	17678
17525	17213	411	399	453	0	18476
17526	17209	395	310	511	0	18425
17527	17207	425	293	448	0	18373
17528	709	16897	272	394	0	18272
17529	539	646	233	17069	0	18487
17530	17084	519	272	539	0	18414
17531	616	480	228	16854	0	18178
17532	16641	394	232	650	0	17917
17533	562	434	16207	398	0	17601
17534	418	441	16246	273	0	17378
17535	428	514	486	15247	0	16675
17536	347	15948	271	466	0	17032
17537	339	16453	281	345	0	17418
17538	16103	585	187	374	0	17249
17539	495	503	15863	312	0	17173
17540	14465	457	311	387	0	15620
17541	488	15846	214	323	0	16871
17542	15885	428	190	369	0	16872
17543	473	365	196	15602	0	16636
17544	367	393	15699	410	0	16869
17545	417	282	233	15631	0	16563
17546	372	314	180	15668	0	16534
17547	356	15446	170	415	0	16387
17548	361	15923	142	303	0	16729
17549	283	416	164	15877	0	16740
17550	283	15985	165	394	0	16827
17551	337	434	15647	192	0	16610
17552	272	407	14957	209	0	15845
17553	14246	292	335	252	0	15125
17554	15488	233	230	241	0	16192
17555	426	15288	203	169	0	16086
17556	332	381	148	15159	0	16020
17557	337	252	136	15333	0	16058
17558	294	241	15211	312	0	16058
17559	294	220	242	14411	0	15167
17560	255	14974	188	337	0	15754
17561	225	323	14635	222	0	15405
17562	252	215	14470	209	0	15146
17563	240	13895	330	174	0	14639
17564	285	279	14492	173	0	15229
17565	283	177	282	14366	0	15108
17566	326	159	181	13281	0	13947
17567	255	135	14786	371	0	15547
17568	251	171	254	14415	0	15091
17569	218	14148	183	342	0	14891
17570	243	14755	151	212	0	15361
17571	259	280	123	14616	0	15278
17572	241	170	14822	291	0	15524
17573	193	14900	282	208	0	15583
17574	230	277	153	14827	0	15487
17575	202	125	14604	246	0	15177
17576	13513	108	231	204	0	14056
17577	14414	109	137	185	0	14845
17578	14404	101	157	160	0	14822
17579	263	104	156	14173	0	14696
17580	215	93	125	14431	0	14864
17581	187	121	14833	227	0	15368
17582	201	92	196	14598	0	15087
17583	193	103	113	14835	0	15244
17584	175	103	14825	255	0	15358
17585	12477	89	202	246	0	13014
17586	236	13761	121	191	0	14309
17587	13853	169	83	193	0	14298
17588	241	13697	109	154	0	14201
17589	188	176	86	13878	0	14328
17590	171	118	13840	223	0	14352
17591	191	107	170	13290	0	13758
17592	146	101	13510	247	0	14004
17593	11283	78	188	217	0	11766
17594	224	63	12596	149	0	13032
17595	177	67	193	12049	0	12486
17596	158	69	12449	215	0	12891
17597	127	12552	178	181	0	13038
17598	167	143	105	12788	0	13203
17599	160	83	94	12598	0	12935
17600	143	89	87	13057	0	13376
17601	110	66	12924	306	0	13406
17602	122	86	12956	188	0	13352
17603	140	95	249	13209	0	13693
17604	146	71	146	15627	0	15990
17605	124	62	130	17046	0	17362
17606	17486	73	99	688	0	18346
17607	521	87	122	18338	0	19068
17608	274	80	19301	591	0	20246
17609	20183	60	599	346	0	21188
17610	702	85	277	21206	0	22270
17611	22158	65	188	799	0	23210
17612	22872	62	136	463	0	23533
17613	1068	58	116	22578	0	23820
17614	22820	63	142	886	0	23911
17615	23126	68	113	501	0	23808
17616	1077	82	22239	298	0	23696
17617	560	22333	732	224	0	23849
17618	414	702	356	21398	0	22870
17619	310	322	217	22690	0	23539
17620	22250	174	137	1134	0	23695
17621	22329	104	142	582	0	23157
17622	22321	81	128	432	0	22962
17623	1228	78	20936	256	0	22498
17624	646	21038	766	219	0	22669
17625	21179	724	369	292	0	22564
17626	942	21437	241	203	0	22823
17627	21652	868	156	278	0	22954
17628	1072	387	142	21355	0	22956
17629	21520	235	148	930	0	22833
17630	21950	159	142	502	0	22753
17631	22366	111	140	430	0	23047
17632	1302	147	21536	258	0	23243
17633	22061	127	770	321	0	23279
17634	1077	22075	398	278	0	23828
17635	22830	774	262	278	0	24144
17636	23242	394	169	286	0	24091
17637	23556	253	167	280	0	24256
17638	1445	165	170	22038	0	23818
17639	769	22381	152	865	0	24167
17640	22750	812	158	524	0	24244
17641	1117	423	22323	341	0	24204
17642	729	22523	840	261	0	24353
17643	630	866	400	20907	0	22803
17644	468	22636	262	822	0	24188
17645	22613	970	186	493	0	24262
17646	23491	476	167	384	0	24518
17647	1444	304	175	22851	0	24774
17648	826	259	22462	980	0	24527
17649	579	22521	897	567	0	24564
17650	693	922	454	18830	0	20899
17651	584	454	299	23232	0	24569
17652	526	291	236	24491	0	25544
17653	23827	214	203	1476	0	25720
17654	24484	240	195	748	0	25667
17655	24921	209	184	509	0	25823
17656	25237	220	206	451	0	26114
17657	1743	240	161	24224	0	26368
17658	1018	208	24411	1145	0	26782
17659	754	232	952	24933	0	26871
17660	707	188	488	25437	0	26820
17661	653	210	311	25696	0	26870
17662	686	177	261	25972	0	27096
17663	25090	207	234	1660	0	27191
17664	1472	208	216	25284	0	27180
17665	25160	178	286	1478	0	27102
17666	25817	197	222	892	0	27128
17667	1755	233	24275	699	0	26962
17668	1212	214	24110	575	0	26111
17669	943	203	25139	589	0	26874
17670	866	226	1381	24396	0	26869
17671	814	223	24861	1322	0	27220
17672	833	191	1215	24428	0	26667
17673	801	243	629	25002	0	26675
17674	24835	219	426	1681	0	27161
17675	1569	269	328	24508	0	26674
17676	1132	24671	330	1485	0	27618
17677	25620	966	346	940	0	27872
17678	1625	25518	325	717	0	28185
17679	1124	1106	25349	678	0	28257
17680	850	25879	1116	665	0	28510
17681	25630	1189	625	656	0	28100
17682	1643	626	426	25372	0	28067
17683	1192	457	24849	1363	0	27861
17684	25484	327	1113	899	0	27823
17685	1759	349	604	25510	0	28222
17686	1237	359	25355	1334	0	28285
17687	1093	350	1118	25694	0	28255
17688	973	361	661	26283	0	28278
17689	989	293	509	26283	0	28074
17690	920	25266	413	1792	0	28391
17691	26122	1097	401	1070	0	28690
17692	1776	587	358	25586	0	28307
17693	1232	25552	393	1413	0	28590
17694	1085	1136	336	26282	0	28839
17695	939	698	25626	1583	0	28846
17696	962	25818	1115	1019	0	28914
17697	25868	1147	668	900	0	28583
17698	26277	737	506	765	0	28285
17699	1979	500	358	25465	0	28302
17700	1311	430	395	26241	0	28377
17701	25781	393	419	1841	0	28434
17702	25539	377	471	1189	0	27576
17703	1944	24838	361	949	0	28092
17704	23412	978	343	860	0	25593
17705	1596	542	21360	760	0	24258
17706	1208	416	20750	672	0	23046
17707	971	20006	933	762	0	22672
17708	822	19941	632	671	0	22066
17709	18596	785	543	621	0	20545
17710	1153	17965	350	636	0	20104
17711	17987	683	325	582	0	19577
17712	17669	416	332	569	0	18986
17713	17464	341	314	705	0	18824
17714	1223	339	293	16984	0	18839
17715	17447	318	300	809	0	18874
17716	1077	324	16561	586	0	18548
17717	861	412	16383	538	0	18194
17718	713	16544	647	698	0	18602
17719	747	554	16779	656	0	18736
17720	899	398	561	16252	0	18110
17721	813	362	16715	783	0	18673
17722	817	356	16365	605	0	18143
17723	734	370	736	16614	0	18454
17724	16895	440	413	805	0	18553
17725	17117	363	340	645	0	18465
17726	1048	451	16964	540	0	19003
17727	16912	302	567	645	0	18426
17728	984	299	17158	617	0	19058
17729	17310	324	601	625	0	18860
17730	18197	284	420	522	0	19423
17731	1200	263	338	17650	0	19451
17732	765	278	465	17122	0	18630
17733	784	16363	339	872	0	18358
17734	673	17053	321	655	0	18702
17735	814	602	331	16754	0	18501
17736	736	394	334	17015	0	18479
17737	16583	370	312	920	0	18185
17738	753	16131	307	835	0	18026
17739	16217	665	336	698	0	17916
17740	920	16054	337	553	0	17864
17741	617	575	16042	589	0	17823
17742	584	479	534	16078	0	17675
17743	16064	334	361	923	0	17682
17744	16563	393	349	706	0	18011
17745	976	16663	314	628	0	18581
17746	743	17066	312	637	0	18758
17747	570	17879	336	686	0	19471
17748	535	665	433	18949	0	20582
17749	506	450	18968	972	0	20896
17750	522	18887	698	764	0	20871
17751	563	624	400	19340	0	20927
17752	540	323	356	19775	0	20994
17753	570	291	18958	1059	0	20878
17754	597	235	18726	684	0	20242
17755	18348	209	854	673	0	20084
17756	910	222	19351	598	0	21081
17757	18844	234	804	717	0	20599
17758	18670	228	517	618	0	20033
17759	18721	215	385	682	0	20003
17760	18689	256	322	646	0	19913
17761	1067	236	17710	578	0	19591
17762	625	17769	728	607	0	19729
17763	671	660	479	17906	0	19716
17764	443	401	18051	921	0	19816
17765	570	313	771	17578	0	19232
17766	535	16222	549	830	0	18136
17767	443	684	510	18338	0	19975
17768	458	380	433	18553	0	19824
17769	432	318	434	18277	0	19461
17770	17999	299	303	1151	0	19752
17771	890	278	364	18084	0	19616
17772	600	304	288	18322	0	19514
17773	509	318	267	18266	0	19360
17774	469	17224	290	1035	0	19018
17775	17145	743	283	719	0	18890
17776	802	16485	253	529	0	18069
17777	547	16710	288	395	0	17940
17778	519	879	282	16525	0	18205
17779	452	483	327	16829	0	18091
17780	16439	403	258	1007	0	18107
17781	904	238	270	16849	0	18261
17782	16937	247	256	1036	0	18476
17783	20318	229	314	597	0	21458
17784	1333	252	224	20074	0	21883
17785	693	271	207	20387	0	21558
17786	490	20408	283	1377	0	22558
17787	21010	1058	210	875	0	23153
17788	1174	21885	183	665	0	23907
17789	22035	1282	197	522	0	24036
17790	1350	664	21251	373	0	23638
17791	21732	418	1036	426	0	23612
17792	23043	325	473	468	0	24309
17793	1625	346	310	21859	0	24140
17794	783	303	21929	1306	0	24321
17795	593	21861	1153	743	0	24350
17796	617	1231	457	22545	0	24850
17797	533	559	22640	1305	0	25037
17798	610	389	1175	22646	0	24820
17799	22215	298	525	1515	0	24553
17800	1407	267	22031	744	0	24449
17801	776	21500	1222	484	0	23982
17802	584	22893	597	357	0	24431
17803	655	1533	389	19196	0	21773
17804	449	22310	358	1020	0	24137
17805	21978	1321	344	599	0	24242
17806	22500	562	306	532	0	23900
17807	22797	435	272	445	0	23949
17808	1732	367	21091	340	0	23530
17809	21830	340	1149	407	0	23726
17810	1528	325	524	21228	0	23605
17811	799	301	377	21977	0	23454
17812	656	282	312	22202	0	23452
17813	575	289	290	22298	0	23452
17814	471	294	21053	1779	0	23597
17815	472	283	21255	881	0	22891
17816	442	275	21427	643	0	22787
17817	19994	270	1589	584	0	22437
17818	1358	20376	707	540	0	22981
17819	764	1203	460	20450	0	22877
17820	20269	573	329	1530	0	22701
17821	1382	20379	337	837	0	22935
17822	742	21603	368	611	0	23324
17823	20782	1538	306	581	0	23207
17824	21525	708	293	549	0	23075
17825	1691	20903	334	501	0	23429
17826	986	1295	322	19392	0	21995
17827	677	20439	334	1386	0	22836
17828	20340	1364	330	780	0	22814
17829	20423	695	312	660	0	22090
17830	20794	524	294	585	0	22197
17831	1863	19416	283	595	0	22157
17832	1004	1296	286	19884	0	22470
17833	719	716	19448	1466	0	22349
17834	664	590	1157	19807	0	22218
17835	609	490	560	20787	0	22446
17836	573	490	19472	1777	0	22312
17837	19503	448	1217	970	0	22138
17838	1561	458	615	19947	0	22581
17839	942	505	428	20136	0	22011
17840	762	19642	373	1761	0	22538
17841	19760	1333	396	990	0	22479
17842	1591	715	349	19434	0	22089
17843	907	19490	362	1570	0	22329
17844	19014	1321	364	949	0	21648
17845	1473	18917	372	747	0	21509
17846	18234	1356	365	697	0	20652
17847	1560	706	17463	648	0	20377
17848	861	529	16221	652	0	18263
17849	673	433	16019	595	0	17720
17850	586	15649	1355	609	0	18199
17851	652	1100	694	14191	0	16637
17852	609	15078	492	1180	0	17359
17853	15306	1145	447	724	0	17622
17854	1255	681	15124	614	0	17674
17855	15268	505	1009	576	0	17358
17856	15819	467	600	579	0	17465
17857	1529	479	414	15140	0	17562
17858	15568	460	336	1226	0	17590
17859	1460	465	346	15417	0	17688
17860	907	467	14978	1277	0	17629
17861	14993	448	1034	835	0	17310
17862	1269	15005	571	652	0	17497
17863	860	1063	419	15357	0	17699
17864	15406	611	427	1268	0	17712
17865	1331	524	356	15528	0	17739
17866	798	546	14837	1363	0	17544
17867	720	439	976	15107	0	17242
17868	642	14947	575	1357	0	17521
17869	15209	1069	397	904	0	17579
17870	1337	604	369	15181	0	17491
17871	15413	515	382	1326	0	17636
17872	1403	484	330	15382	0	17599
17873	889	484	332	15362	0	17067
17874	781	15030	335	1398	0	17544
17875	15021	1138	321	889	0	17369
17876	1356	15634	313	682	0	17985
17877	906	1228	326	14707	0	17167
17878	758	15040	318	1259	0	17375
17879	15055	1075	340	842	0	17312
17880	15163	639	375	717	0	16894
17881	15223	528	355	731	0	16837
17882	1548	13962	390	633	0	16533
17883	831	11240	317	581	0	12969
17884	10912	785	335	680	0	12712
17885	820	10847	346	638	0	12651
17886	662	854	371	10263	0	12150
17887	718	519	9889	677	0	11803
17888	9267	530	510	532	0	10839
17889	9610	425	367	532	0	10934
17890	9473	422	433	472	0	10800
17891	850	9242	299	504	0	10895
17892	9381	584	279	478	0	10722
17893	719	502	9075	549	0	10845
17894	576	9076	512	444	0	10608
17895	563	684	312	8663	0	10222
17896	519	8533	317	622	0	9991
17897	8373	427	400	472	0	9672
17898	566	8351	312	563	0	9792
17899	627	436	279	8433	0	9775
17900	520	8393	366	461	0	9740
17901	478	546	271	8613	0	9908
17902	499	491	239	8452	0	9681
17903	458	366	8298	580	0	9702
17904	484	423	328	8166	0	9401
17905	8389	310	276	491	0	9466
17906	8346	302	268	463	0	9379
17907	643	306	277	8327	0	9553
17908	499	337	8172	454	0	9462
17909	569	328	273	8199	0	9369
17910	8263	348	219	614	0	9444
17911	8584	344	203	577	0	9708
17912	8761	338	206	549	0	9854
17913	514	8978	248	435	0	10175
17914	9181	403	332	396	0	10312
17915	481	400	8900	335	0	10116
17916	9555	354	359	347	0	10615
17917	626	391	189	9731	0	10937
17918	482	450	176	9801	0	10909
17919	473	334	185	9961	0	10953
17920	9867	354	155	460	0	10836
17921	9631	406	171	365	0	10573
17922	519	421	146	9615	0	10701
17923	536	291	9678	419	0	10924
17924	488	296	245	9818	0	10847
17925	400	342	178	9790	0	10710
17926	385	287	9573	506	0	10751
17927	413	9766	225	380	0	10784
17928	486	312	158	9979	0	10935
17929	10233	253	175	422	0	11083
17930	500	264	165	10138	0	11067
17931	336	346	159	10231	0	11072
17932	10275	253	175	529	0	11232
17933	370	10100	240	381	0	11091
17934	364	10291	171	390	0	11216
17935	10245	315	185	412	0	11157
17936	422	256	10214	268	0	11160
17937	9859	244	245	308	0	10656
17938	386	233	10691	343	0	11653
17939	303	10961	236	316	0	11816
17940	11070	368	160	259	0	11857
17941	11264	255	149	252	0	11920
17942	11272	233	123	309	0	11937
17943	11214	298	123	221	0	11856
17944	480	225	10985	202	0	11892
17945	365	258	210	10797	0	11630
17946	11216	168	174	294	0	11852
17947	352	166	11457	210	0	12185
17948	288	170	11222	194	0	11874
17949	262	11178	263	191	0	11894
17950	11370	315	135	228	0	12048
17951	356	176	91	11319	0	11942
17952	11371	209	99	283	0	11962
17953	390	11445	99	214	0	12148
17954	274	214	161	12181	0	12830
17955	343	146	78	12195	0	12762
17956	322	137	69	12578	0	13106
17957	246	121	12628	414	0	13409
17958	261	12783	202	276	0	13522
17959	13617	281	121	289	0	14308
17960	410	185	147	13633	0	14375
17961	13698	161	52	415	0	14326
17962	13569	213	64	287	0	14133
17963	479	152	46	13635	0	14312
17964	327	146	13776	377	0	14626
17965	240	143	251	13841	0	14475
17966	201	13833	189	377	0	14600
17967	209	358	62	14262	0	14891
17968	229	263	13910	361	0	14763
17969	13907	154	242	277	0	14580
17970	443	138	109	14303	0	14993
17971	14233	135	65	416	0	14849
17972	409	141	13908	265	0	14723
17973	13290	147	253	229	0	13919
17974	403	172	13861	135	0	14571
17975	13181	144	268	147	0	13740
17976	375	13494	120	141	0	14130
17977	226	13907	86	185	0	14404
17978	212	383	74	13881	0	14550
17979	307	164	70	12908	0	13449
17980	235	107	69	13965	0	14376
17981	13984	97	66	418	0	14565
17982	336	126	62	14163	0	14687
17983	204	92	14062	316	0	14674
17984	13403	75	252	243	0	13973
17985	310	14210	134	156	0	14810
17986	14362	277	100	173	0	14912
17987	14188	101	91	174	0	14554
17988	404	103	14190	109	0	14806
17989	292	63	273	13879	0	14507
17990	186	86	118	14855	0	15245
17991	161	92	14865	388	0	15506
17992	137	14722	299	216	0	15374
17993	14662	296	123	225	0	15306
17994	14849	120	95	207	0	15271
17995	449	75	73	14997	0	15594
17996	254	81	76	15038	0	15449
17997	181	62	93	15770	0	16106
17998	15315	60	84	534	0	15993
17999	409	15508	88	259	0	16264
18000	15724	342	88	220	0	16374
18001	15763	120	80	188	0	16151
18002	510	77	16144	134	0	16865
18003	308	70	408	15623	0	16409
18004	187	16388	171	494	0	17240
18005	208	400	106	17021	0	17735
18006	220	171	99	17667	0	18157
18007	170	132	17817	632	0	18751
18008	18138	92	476	353	0	19059
18009	20023	68	195	292	0	20578
18010	20805	83	126	262	0	21276
18011	915	70	109	20104	0	21198
18012	442	87	76	20070	0	20675
18013	256	19581	126	835	0	20798
18014	226	20705	118	415	0	21464
18015	20214	811	111	310	0	21446
18016	784	19791	129	221	0	20925
18017	389	731	19632	226	0	20978
18018	362	295	694	19809	0	21160
18019	20160	193	267	868	0	21488
18020	886	128	19811	409	0	21234
18021	447	143	19746	279	0	20615
18022	19936	149	894	306	0	21285
18023	20365	136	369	275	0	21145
18024	1114	147	198	19731	0	21190
18025	530	163	19752	846	0	21291
18026	407	152	746	19922	0	21227
18027	317	185	19283	902	0	20687
18028	301	176	20126	449	0	21052
18029	306	20123	918	331	0	21678
18030	20325	758	399	301	0	21783
18031	20565	324	282	337	0	21508
18032	1067	19981	248	299	0	21595
18033	598	797	216	19895	0	21506
18034	498	343	222	20365	0	21428
18035	421	226	220	20778	0	21645
18036	20050	169	264	1131	0	21614
18037	938	19738	251	540	0	21467
18038	19585	766	236	439	0	21026
18039	19757	348	249	403	0	20757
18040	1141	258	18821	325	0	20545
18041	599	18871	802	339	0	20611
18042	524	780	415	19090	0	20809
18043	382	401	19117	898	0	20798
18044	18675	275	794	564	0	20308
18045	19561	214	404	451	0	20630
18046	19639	239	285	442	0	20605
18047	19524	210	286	357	0	20377
18048	1271	208	240	18567	0	20286
18049	672	230	18359	923	0	20184
18050	599	190	824	18510	0	20123
18051	18523	208	430	1004	0	20165
18052	18821	202	289	596	0	19908
18053	1176	17897	260	429	0	19762
18054	17868	726	289	422	0	19305
18055	1043	359	17336	395	0	19133
18056	628	286	17257	352	0	18523
18057	16723	218	956	360	0	18257
18058	1005	16702	455	335	0	18497
18059	676	664	291	15761	0	17392
18060	515	15887	293	762	0	17457
18061	547	675	226	16277	0	17725
18062	534	341	234	16443	0	17552
18063	485	287	251	16935	0	17958
18064	16069	230	276	1013	0	17588
18065	16581	235	222	610	0	17648
18066	16578	273	261	404	0	17516
18067	1104	250	15741	395	0	17490
18068	15945	239	730	376	0	17290
18069	1040	222	445	16311	0	18018
18070	660	188	347	17306	0	18501
18071	589	210	17049	998	0	18846
18072	583	219	795	18716	0	20313
18073	19555	212	426	1125	0	21318
18074	1200	198	19257	626	0	21281
18075	707	234	954	19448	0	21343
18076	19620	191	489	1166	0	21466
18077	19953	232	362	667	0	21214
18078	1410	237	19289	505	0	21441
18079	857	216	19754	437	0	21264
18080	643	219	1178	19713	0	21753
18081	20036	196	589	1150	0	21971
18082	20557	228	420	670	0	21875
18083	1463	216	349	19186	0	21214
18084	832	19573	324	1082	0	21811
18085	19868	921	322	684	0	21795
18086	1267	19871	360	525	0	22023
18087	849	969	307	20003	0	22128
18088	685	418	19755	1146	0	22004
18089	593	280	19640	658	0	21171
18090	584	253	20001	499	0	21337
18091	617	222	1301	19048	0	21188
18092	598	237	631	19744	0	21210
18093	19213	211	476	1325	0	21225
18094	1251	18809	375	733	0	21168
18095	19288	899	336	637	0	21160
18096	1363	436	356	17998	0	20153
18097	781	18193	337	1097	0	20408
18098	659	19290	334	657	0	20940
18099	655	1111	358	18801	0	20925
18100	18755	513	342	1150	0	20760
18101	1218	18716	357	666	0	20957
18102	18043	872	376	572	0	19863
18103	1186	18288	332	517	0	20323
18104	18215	970	349	466	0	20000
18105	1224	485	17445	445	0	19599
18106	734	384	17287	488	0	18893
18107	663	16712	1069	399	0	18843
18108	15580	867	627	430	0	17504
18109	961	14455	386	368	0	16170
18110	647	13834	339	345	0	15165
18111	588	783	304	13838	0	15513
18112	13860	413	284	838	0	15395
18113	842	13911	300	476	0	15529
18114	13626	708	289	400	0	15023
18115	925	13446	288	320	0	14979
18116	13419	669	277	356	0	14721
18117	825	13138	369	318	0	14650
18118	537	13430	292	389	0	14648
18119	557	677	286	12766	0	14286
18120	465	13080	367	603	0	14515
18121	13067	639	339	431	0	14476
18122	830	375	12851	342	0	14398
18123	601	305	601	12948	0	14455
18124	484	296	13040	718	0	14538
18125	465	262	675	12903	0	14305
18126	467	269	366	13241	0	14343
18127	446	287	12397	805	0	13935
18128	11373	285	640	516	0	12814
18129	791	12019	366	391	0	13567
18130	12355	639	271	391	0	13656
18131	907	12168	258	377	0	13710
18132	585	685	255	12309	0	13834
18133	12409	398	259	718	0	13784
18134	12613	301	270	501	0	13685
18135	12757	286	262	467	0	13772
18136	1032	252	248	12266	0	13798
18137	656	337	252	12344	0	13589
18138	568	12571	259	741	0	14139
18139	12852	591	291	475	0	14209
18140	13220	326	304	417	0	14267
18141	13234	344	286	327	0	14191
18142	13158	275	267	438	0	14138
18143	930	12377	289	369	0	13965
18144	681	580	263	12662	0	14186
18145	585	371	12443	653	0	14052
18146	12424	304	559	475	0	13762
18147	13309	281	322	405	0	14317
18148	940	287	12740	367	0	14334
18149	577	336	13047	312	0	14272
18150	551	286	690	12913	0	14440
18151	476	288	378	13491	0	14633
18152	494	307	290	13729	0	14820
18153	13308	340	254	836	0	14738
18154	822	316	245	13397	0	14780
18155	526	247	13012	813	0	14598
18156	461	284	679	13228	0	14652
18157	452	283	13321	782	0	14838
18158	430	310	664	13310	0	14714
18159	416	277	362	14193	0	15248
18160	414	287	13808	898	0	15407
18161	12978	287	674	596	0	14535
18162	823	13802	371	476	0	15472
18163	14202	673	309	434	0	15618
18164	915	384	239	14482	0	16020
18165	14598	358	249	810	0	16015
18166	952	14728	230	501	0	16411
18167	606	15784	259	432	0	17081
18168	535	1015	242	16132	0	17924
18169	478	547	16428	905	0	18358
18170	400	408	16082	544	0	17434
18171	393	16021	1021	459	0	17894
18172	14049	765	526	430	0	15770
18173	859	418	366	13629	0	15272
18174	13554	369	364	694	0	14981
18175	819	13259	270	490	0	14838
18176	602	13837	230	424	0	15093
18177	536	858	241	13677	0	15312
18178	13643	540	279	709	0	15171
18179	13832	421	266	496	0	15015
18180	912	379	13200	407	0	14898
18181	636	321	12887	340	0	14184
18182	12872	325	732	333	0	14262
18183	742	12942	417	364	0	14465
18184	13015	761	337	314	0	14427
18185	914	448	258	12710	0	14330
18186	537	436	12563	647	0	14183
18187	12109	322	603	514	0	13548
18188	715	12253	440	378	0	13786
18189	482	12737	401	280	0	13900
18190	449	809	296	12401	0	13955
18191	12654	507	203	723	0	14087
18192	750	366	204	12840	0	14160
18193	13199	356	195	692	0	14442
18194	787	444	12445	397	0	14073
18195	12820	331	512	349	0	14012
18196	13245	327	280	420	0	14272
18197	927	371	12450	257	0	14005
18198	12233	357	549	313	0	13452
18199	833	12168	356	298	0	13655
18200	614	599	284	12087	0	13584
18201	513	12481	270	512	0	13776
18202	12731	704	204	345	0	13984
18203	775	492	204	12234	0	13705
18204	574	12079	228	626	0	13507
18205	465	619	267	12262	0	13613
18206	423	12411	205	654	0	13693
18207	393	750	165	12556	0	13864
18208	12558	451	180	692	0	13881
18209	722	352	182	12616	0	13872
18210	528	318	12198	677	0	13721
18211	12121	257	510	541	0	13429
18212	764	286	333	12398	0	13781
18213	494	274	12065	697	0	13530
18214	456	276	11612	462	0	12806
18215	419	254	12397	406	0	13476
18216	427	231	752	11990	0	13400
18217	382	266	464	12701	0	13813
18218	360	253	339	12850	0	13802
18219	369	202	273	13002	0	13846
18220	12572	238	269	930	0	14009
18221	12985	192	261	612	0	14050
18222	13131	202	279	501	0	14113
18223	13464	201	236	471	0	14372
18224	978	176	229	13006	0	14389
18225	615	207	13073	748	0	14643
18226	13125	187	536	549	0	14397
18227	13894	221	353	429	0	14897
18228	965	184	310	13462	0	14921
18229	677	219	244	13910	0	15050
18230	13870	235	203	872	0	15180
18231	823	227	205	13298	0	14553
18232	542	13029	229	888	0	14688
18233	13587	510	258	576	0	14931
18234	13625	329	229	447	0	14630
18235	971	267	13456	436	0	15130
18236	671	225	606	13596	0	15098
18237	520	192	378	14377	0	15467
18238	13984	230	324	900	0	15438
18239	14313	199	258	616	0	15386
18240	1015	200	239	13984	0	15438
18241	674	192	13773	806	0	15445
18242	592	185	13790	579	0	15146
18243	494	200	762	14087	0	15543
18244	438	178	501	14455	0	15572
18245	13923	171	379	972	0	15445
18246	850	13411	308	616	0	15185
18247	592	13430	275	531	0	14828
18248	477	14036	290	467	0	15270
18249	493	739	293	13704	0	15229
18250	13563	406	264	832	0	15065
18251	13700	329	207	597	0	14833
18252	908	13419	206	506	0	15039
18253	13906	615	213	407	0	15141
18254	866	407	205	13678	0	15156
18255	543	330	13561	758	0	15192
18256	510	268	572	13378	0	14728
18257	486	219	371	13795	0	14871
18258	490	242	292	13767	0	14791
18259	13043	251	234	949	0	14477
18260	721	262	219	12758	0	13960
18261	556	12384	209	805	0	13954
18262	12411	531	215	584	0	13741
18263	724	12147	210	462	0	13543
18264	500	11843	199	432	0	12974
18265	453	12123	197	372	0	13145
18266	372	595	11038	337	0	12342
18267	371	10786	416	332	0	11905
18268	326	354	9615	383	0	10678
18269	8829	235	364	330	0	9758
18270	9265	214	252	311	0	10042
18271	413	236	9382	295	0	10326
18272	9554	185	218	298	0	10255
18273	9978	147	178	354	0	10657
18274	448	171	9779	265	0	10663
18275	352	10105	220	251	0	10928
18276	332	326	159	10189	0	11006
18277	10378	207	160	405	0	11150
18278	442	174	135	10319	0	11070
18279	10736	167	175	339	0	11417
18280	10621	170	200	310	0	11301
18281	402	180	10495	249	0	11326
18282	10489	172	216	284	0	11161
18283	376	10866	172	270	0	11684
18284	11139	234	159	299	0	11831
18285	409	150	143	11211	0	11913
18286	319	167	11128	340	0	11954
18287	333	163	214	11017	0	11727
18288	11082	194	129	402	0	11807
18289	340	11003	142	319	0	11804
18290	304	200	10974	336	0	11814
18291	382	139	204	10625	0	11350
18292	303	158	11019	384	0	11864
18293	298	11101	261	276	0	11936
18294	11194	227	198	293	0	11912
18295	395	172	140	11208	0	11915
18296	322	159	11110	343	0	11934
18297	272	177	10360	289	0	11098
18298	11158	149	248	307	0	11862
18299	349	195	161	11350	0	12055
18300	279	149	152	11405	0	11985
18301	275	176	11293	389	0	12133
18302	278	142	11145	322	0	11887
18303	247	11693	283	312	0	12535
18304	271	245	192	11929	0	12637
18305	253	145	157	11921	0	12476
18306	238	11787	165	403	0	12593
18307	262	212	11560	354	0	12388
18308	11268	148	252	349	0	12017
18309	369	116	183	12073	0	12741
18310	316	117	12112	357	0	12902
18311	316	113	264	11734	0	12427
18312	220	11963	185	444	0	12812
18313	266	230	11932	281	0	12709
18314	11303	147	284	317	0	12051
18315	362	154	12000	262	0	12778
18316	314	151	11505	286	0	12256
18317	273	148	11301	302	0	12024
18318	248	130	12227	296	0	12901
18319	285	138	329	12295	0	13047
18320	288	125	12986	399	0	13798
18321	308	121	353	12688	0	13470
18322	281	12904	199	427	0	13811
18323	13726	331	180	317	0	14554
18324	481	183	141	13954	0	14759
18325	282	170	13850	490	0	14792
18326	285	13638	411	310	0	14644
18327	294	375	205	13997	0	14871
18328	13883	208	178	570	0	14839
18329	425	13935	157	358	0	14875
18330	329	407	140	14290	0	15166
18331	14385	208	149	543	0	15285
18332	467	201	14064	323	0	15055
18333	14024	155	406	287	0	14872
18334	505	177	14434	228	0	15344
18335	13665	163	459	262	0	14549
18336	13942	156	215	288	0	14601
18337	504	140	13596	267	0	14507
18338	342	13401	390	186	0	14319
18339	345	376	221	12934	0	13876
18340	201	219	13731	457	0	14608
18341	227	198	431	13038	0	13894
18342	196	163	258	13434	0	14051
18343	192	144	13563	541	0	14440
18344	171	171	13436	314	0	14092
18345	215	169	445	13519	0	14348
18346	13808	178	240	483	0	14709
18347	411	13560	178	259	0	14408
18348	236	13959	175	223	0	14593
18349	13971	424	132	257	0	14784
18350	14305	219	148	221	0	14893
18351	512	181	160	14170	0	15023
18352	273	167	151	14400	0	14991
18353	229	127	136	14654	0	15146
18354	14150	133	133	612	0	15028
18355	360	13636	184	310	0	14490
18356	210	14063	160	275	0	14708
18357	185	427	133	14188	0	14933
18358	207	213	128	14393	0	14941
18359	190	188	122	14367	0	14867
18360	14087	155	133	571	0	14946
18361	381	14293	118	283	0	15075
18362	14536	364	160	213	0	15273
18363	452	264	14442	147	0	15305
18364	222	14598	401	157	0	15378
18365	217	388	226	14615	0	15446
18366	14627	192	195	479	0	15493
18367	447	154	14545	234	0	15380
18368	280	137	14501	195	0	15113
18369	232	135	510	14449	0	15326
18370	219	106	291	14780	0	15396
18371	157	113	222	14618	0	15110
18372	194	118	174	14074	0	14560
18373	191	126	151	14142	0	14610
18374	175	13630	182	631	0	14618
18375	173	383	186	13948	0	14690
18376	13559	203	187	590	0	14539
18377	420	13765	162	369	0	14716
18378	13740	408	159	309	0	14616
18379	498	227	13533	257	0	14515
18380	310	176	13580	227	0	14293
18381	235	147	549	14211	0	15142
18382	221	137	16766	536	0	17660
18383	201	151	705	16588	0	17645
18384	231	123	376	16651	0	17381
18385	17003	118	271	982	0	18374
18386	17220	137	251	518	0	18126
18387	872	17431	232	374	0	18909
18388	441	18690	211	309	0	19651
18389	322	932	186	18532	0	19972
18390	18615	410	214	914	0	20153
18391	804	298	18687	509	0	20298
18392	463	217	807	18687	0	20174
18393	365	177	410	19198	0	20150
18394	283	161	18659	1084	0	20187
18395	212	18515	863	651	0	20241
18396	291	776	445	18429	0	19941
18397	225	372	19001	968	0	20566
18398	254	265	894	18820	0	20233
18399	17936	199	436	1145	0	19716
18400	790	17985	339	613	0	19727
18401	384	18752	319	476	0	19931
18402	364	985	249	18443	0	20041
18403	17900	462	247	1037	0	19646
18404	804	18041	285	650	0	19780
18405	18347	862	229	558	0	19996
18406	979	440	18124	434	0	19977
18407	538	347	18873	401	0	20159
18408	447	312	1067	17995	0	19821
18409	356	254	561	19434	0	20605
18410	18648	253	414	1288	0	20603
18411	1040	245	325	18903	0	20513
18412	530	281	18582	1184	0	20577
18413	457	298	908	18578	0	20241
18414	414	268	508	19415	0	20605
18415	350	245	18339	1390	0	20324
18416	17490	259	978	819	0	19546
18417	955	286	561	18611	0	20413
18418	17943	282	419	1216	0	19860
18419	972	17121	385	796	0	19274
18420	17115	784	369	672	0	18940
18421	923	16723	309	654	0	18609
18422	575	17260	356	560	0	18751
18423	492	978	359	16367	0	18196
18424	15970	507	346	1060	0	17883
18425	16214	451	337	667	0	17669
18426	1000	419	286	15954	0	17659
18427	15931	322	301	1066	0	17620
18428	16259	316	321	685	0	17581
18429	1105	338	283	16029	0	17755
18430	15498	288	278	1126	0	17190
18431	1014	15561	365	655	0	17595
18432	15837	794	371	691	0	17693
18433	1031	426	15152	640	0	17249
18434	16001	365	795	613	0	17774
18435	1052	316	449	16128	0	17945
18436	687	274	395	16700	0	18056
18437	518	266	425	16827	0	18036
18438	482	364	349	16699	0	17894
18439	460	269	294	16656	0	17679
18440	454	14837	367	1348	0	17006
18441	430	16048	328	953	0	17759
18442	15802	873	289	852	0	17816
18443	932	542	15549	692	0	17715
18444	15557	467	762	655	0	17441
18445	1059	430	15643	669	0	17801
18446	722	372	859	15581	0	17534
18447	632	429	428	16235	0	17724
18448	15591	397	323	1325	0	17636
18449	1102	381	15406	801	0	17690
18450	743	416	720	15792	0	17671
18451	633	315	16103	1220	0	18271
18452	539	16293	884	879	0	18595
18453	616	795	452	17000	0	18863
18454	16807	474	405	1222	0	18908
18455	16580	452	376	868	0	18276
18456	17112	390	369	826	0	18697
18457	1260	16400	357	803	0	18820
18458	823	17370	350	730	0	19273
18459	15910	1037	321	796	0	18064
18460	1033	16946	339	776	0	19094
18461	708	17345	374	701	0	19128
18462	617	1034	16557	725	0	18933
18463	513	16351	819	805	0	18488
18464	513	16804	512	720	0	18549
18465	569	1037	391	16668	0	18665
18466	550	633	16415	1149	0	18747
18467	536	530	16100	826	0	17992
18468	15823	426	986	771	0	18006
18469	1052	407	16403	725	0	18587
18470	16614	384	972	670	0	18640
18471	1082	439	566	16542	0	18629
18472	716	16513	441	1232	0	18902
18473	17297	831	399	843	0	19370
18474	18091	557	413	730	0	19791
18475	1271	425	397	17752	0	19845
18476	855	417	392	18161	0	19825
18477	708	423	429	18322	0	19882
18478	17569	364	349	1447	0	19729
18479	16402	395	428	992	0	18217
18480	17766	414	348	791	0	19319
18481	1290	16477	335	731	0	18833
18482	14563	682	402	571	0	16218
18483	890	13608	303	603	0	15404
18484	632	13730	250	695	0	15307
18485	669	690	327	12977	0	14663
18486	557	12934	325	722	0	14538
18487	12489	628	262	615	0	13994
18488	666	471	293	12272	0	13702
18489	11949	390	255	776	0	13370
18490	711	11403	266	557	0	12937
18491	498	11916	373	488	0	13275
18492	12052	547	288	585	0	13472
18493	618	12157	262	592	0	13629
18494	527	505	328	12327	0	13687
18495	465	468	284	12476	0	13693
18496	12362	318	225	806	0	13711
18497	651	299	312	12464	0	13726
18498	505	328	12469	703	0	14005
18499	579	314	414	12712	0	14019
18500	13030	413	255	672	0	14370
18501	682	13339	253	468	0	14742
18502	14072	581	206	583	0	15442
18503	13934	361	223	502	0	15020
18504	14376	395	220	442	0	15433
18505	923	299	13767	409	0	15398
18506	544	263	13480	435	0	14722
18507	13258	264	660	434	0	14616
18508	711	13393	320	516	0	14940
18509	520	528	230	13786	0	15064
18510	551	363	222	13734	0	14870
18511	454	13161	197	772	0	14584
18512	385	13726	293	479	0	14883
18513	471	597	210	13777	0	15055
18514	445	363	200	14002	0	15010
18515	465	302	13344	690	0	14801
18516	518	334	12671	449	0	13972
18517	13198	289	509	509	0	14505
18518	14104	293	243	408	0	15048
18519	812	386	214	13647	0	15059
18520	597	326	13590	618	0	15131
18521	503	361	462	13577	0	14903
18522	13707	395	241	648	0	14991
18523	699	277	13499	501	0	14976
18524	560	229	490	13805	0	15084
18525	552	258	13766	604	0	15180
18526	434	13527	494	500	0	14955
18527	468	522	13669	388	0	15047
18528	507	331	512	13301	0	14651
18529	13731	295	299	668	0	14993
18530	689	289	234	13915	0	15127
18531	13800	358	232	663	0	15053
18532	14162	286	222	442	0	15112
18533	13860	257	263	425	0	14805
18534	776	258	13246	371	0	14651
18535	13555	240	467	452	0	14714
18536	686	239	292	13682	0	14899
18537	495	262	247	13896	0	14900
18538	365	276	13556	719	0	14916
18539	430	262	468	13623	0	14783
18540	13760	304	319	640	0	15023
18541	612	13741	236	407	0	14996
18542	14053	505	239	389	0	15186
18543	14208	301	272	359	0	15140
18544	14446	247	227	340	0	15260
18545	746	249	263	13894	0	15152
18546	456	238	14029	632	0	15355
18547	426	230	480	14464	0	15600
18548	486	220	285	14671	0	15662
18549	14501	233	276	707	0	15717
18550	14257	222	228	502	0	15209
18551	786	246	13730	328	0	15090
18552	523	318	484	13656	0	14981
18553	416	266	13796	643	0	15121
18554	14043	221	532	395	0	15191
18555	772	15265	310	286	0	16633
18556	15470	627	213	297	0	16607
18557	744	15679	225	271	0	16919
18558	15632	718	182	281	0	16813
18559	816	15573	194	270	0	16853
18560	464	718	193	15522	0	16897
18561	417	377	170	16093	0	17057
18562	15852	242	222	808	0	17124
18563	15929	237	180	448	0	16794
18564	16138	209	192	370	0	16909
18565	15615	168	193	395	0	16371
18566	16017	160	227	320	0	16724
18567	1001	161	221	15168	0	16551
18568	636	15090	158	691	0	16575
18569	493	584	159	14988	0	16224
18570	452	14961	127	739	0	16279
18571	444	640	104	14685	0	15873
18572	402	14858	117	726	0	16103
18573	491	633	114	14690	0	15928
18574	445	286	14027	751	0	15509
18575	13520	206	518	489	0	14733
18576	767	13871	236	376	0	15250
18577	14144	574	170	349	0	15237
18578	835	304	13706	289	0	15134
18579	13730	224	521	284	0	14759
18580	817	229	14198	263	0	15507
18581	476	256	574	14188	0	15494
18582	367	15089	283	674	0	16413
18583	341	675	15316	388	0	16720
18584	353	339	664	15452	0	16808
18585	14825	241	349	813	0	16228
18586	815	216	235	15687	0	16953
18587	553	191	187	16041	0	16972
18588	447	177	178	16351	0	17153
18589	381	165	15532	990	0	17068
18590	387	186	642	15460	0	16675
18591	329	15118	347	853	0	16647
18592	381	643	240	15401	0	16665
18593	362	333	193	15684	0	16572
18594	15147	208	196	1037	0	16588
18595	841	198	187	15538	0	16764
18596	492	180	15455	917	0	17044
18597	377	168	15561	586	0	16692
18598	327	155	15675	472	0	16629
18599	309	15085	888	428	0	16710
18600	14850	655	478	390	0	16373
18601	759	14636	290	344	0	16029
18602	14326	668	252	346	0	15592
18603	863	323	223	14072	0	15481
18604	505	239	14228	758	0	15730
18605	389	205	14148	475	0	15217
18606	291	14358	826	415	0	15890
18607	328	631	437	14471	0	15867
18608	322	353	316	14943	0	15934
18609	327	264	261	15173	0	16025
18610	264	248	14520	1066	0	16098
18611	13730	241	713	622	0	15306
18612	776	228	14548	497	0	16049
18613	547	175	800	14311	0	15833
18614	454	180	467	15032	0	16133
18615	391	197	14486	985	0	16059
18616	13854	188	780	650	0	15472
18617	813	14366	428	509	0	16116
18618	14650	648	367	462	0	16127
18619	884	358	283	14198	0	15723
18620	516	14260	284	879	0	15939
18621	449	681	289	14751	0	16170
18622	14619	353	246	1005	0	16223
18623	861	277	295	14647	0	16080
18624	558	214	14122	1019	0	15913
18625	14017	244	739	631	0	15631
18626	14609	243	400	536	0	15788
18627	1001	255	14005	487	0	15748
18628	644	224	724	14213	0	15805
18629	14433	217	433	939	0	16022
18630	937	252	324	14205	0	15718
18631	617	245	286	14239	0	15387
18632	550	224	274	14311	0	15359
18633	506	207	277	14457	0	15447
18634	422	206	13561	1187	0	15376
18635	482	205	734	13847	0	15268
18636	402	238	13534	1088	0	15262
18637	13302	226	817	730	0	15075
18638	13910	208	518	621	0	15257
18639	13938	229	359	581	0	15107
18640	14066	220	338	519	0	15143
18641	1142	252	311	13347	0	15052
18642	13384	211	323	1006	0	14924
18643	1040	203	12854	708	0	14805
18644	646	203	12905	633	0	14387
18645	12470	200	850	657	0	14177
18646	908	12104	556	567	0	14135
18647	572	12357	417	615	0	13961
18648	593	748	355	12214	0	13910
18649	524	409	12043	932	0	13908
18650	11659	324	742	693	0	13418
18651	862	278	12114	566	0	13820
18652	573	11279	736	588	0	13176
18653	540	579	11307	513	0	12939
18654	513	10578	699	465	0	12255
18655	9497	660	447	481	0	11085
18656	708	9198	358	452	0	10716
18657	497	8958	337	456	0	10248
18658	479	562	314	8961	0	10316
18659	413	406	8714	683	0	10216
18660	395	299	545	8669	0	9908
18661	374	253	420	8971	0	10018
18662	409	251	8504	782	0	9946
18663	434	237	572	8333	0	9576
18664	404	8102	454	719	0	9679
18665	387	439	382	8707	0	9915
18666	8501	374	333	721	0	9929
18667	549	286	341	8769	0	9945
18668	413	283	8505	764	0	9965
18669	409	235	568	8731	0	9943
18670	324	257	8569	772	0	9922
18671	8384	256	571	623	0	9834
18672	543	259	447	8734	0	9983
18673	8653	230	430	759	0	10072
18674	634	208	8620	574	0	10036
18675	8285	211	594	523	0	9613
18676	634	8565	434	496	0	10129
18677	469	435	8801	508	0	10213
18678	393	307	641	8749	0	10090
18679	384	217	8815	719	0	10135
18680	333	8070	658	544	0	9605
18681	329	8665	452	523	0	9969
18682	7730	481	350	512	0	9073
18683	474	8013	362	459	0	9308
18684	8108	404	312	538	0	9362
18685	592	252	322	8242	0	9408
18686	393	225	7978	694	0	9290
18687	317	8011	538	534	0	9400
18688	331	382	384	8355	0	9452
18689	314	246	400	8563	0	9523
18690	338	253	299	8770	0	9660
18691	321	238	293	8589	0	9441
18692	326	7856	271	760	0	9213
18693	292	8425	306	573	0	9596
18694	8164	390	344	450	0	9348
18695	477	8040	334	420	0	9271
18696	326	370	384	7802	0	8882
18697	322	247	7734	500	0	8803
18698	289	7558	459	418	0	8724
18699	317	387	311	7598	0	8613
18700	386	256	260	7612	0	8514
18701	322	7520	223	549	0	8614
18702	7411	348	250	440	0	8449
18703	415	212	7342	430	0	8399
18704	6762	197	459	382	0	7800
18705	420	6957	335	355	0	8067
18706	6528	352	259	349	0	7488
18707	395	6562	208	390	0	7555
18708	313	288	243	6970	0	7814
18709	308	203	215	7145	0	7871
18710	6926	181	262	481	0	7850
18711	462	169	241	7001	0	7873
18712	303	164	6909	470	0	7846
18713	270	6547	359	386	0	7562
18714	244	6859	252	369	0	7724
18715	288	331	256	6838	0	7713
18716	296	226	6780	426	0	7728
18717	274	233	317	6783	0	7607
18718	308	182	213	6913	0	7616
18719	248	172	6674	489	0	7583
18720	252	193	6507	356	0	7308
18721	248	6656	358	344	0	7606
18722	6800	270	238	314	0	7622
18723	395	160	222	6692	0	7469
18724	271	6447	250	393	0	7361
18725	6743	287	204	305	0	7539
18726	411	180	203	6737	0	7531
18727	251	169	238	6757	0	7415
18728	220	6505	211	469	0	7405
18729	269	293	175	6651	0	7388
18730	6564	191	198	463	0	7416
18731	342	179	198	6665	0	7384
18732	249	167	205	6796	0	7417
18733	219	177	6507	435	0	7338
18734	216	167	6248	280	0	6911
18735	6431	162	366	283	0	7242
18736	360	180	259	6477	0	7276
18737	294	169	193	6566	0	7222
18738	270	192	171	6662	0	7295
18739	247	176	6448	395	0	7266
18740	6415	182	309	266	0	7172
18741	317	183	182	6586	0	7268
18742	210	160	181	6734	0	7285
18743	6446	167	221	366	0	7200
18744	258	6427	191	262	0	7138
18745	199	296	6400	229	0	7124
18746	143	227	293	6272	0	6935
18747	130	6453	179	359	0	7121
18748	130	289	170	6651	0	7240
18749	6423	192	197	356	0	7168
18750	306	181	139	6499	0	7125
18751	6363	159	171	382	0	7075
18752	6397	172	142	259	0	6970
18753	300	147	146	6295	0	6888
18754	181	6138	125	337	0	6781
18755	167	6431	117	255	0	6970
18756	122	309	6301	236	0	6968
18757	133	200	253	6042	0	6628
18758	127	162	143	6453	0	6885
18759	139	129	138	6540	0	6946
18760	6260	122	119	442	0	6943
18761	260	137	106	6442	0	6945
18762	157	131	6295	384	0	6967
18763	6325	112	244	275	0	6956
18764	273	155	138	6589	0	7155
18765	171	125	113	6763	0	7172
18766	155	126	6488	387	0	7156
18767	6323	126	262	260	0	6971
18768	253	109	156	6693	0	7211
18769	144	128	6753	368	0	7393
18770	151	118	248	6775	0	7292
18771	156	111	144	6361	0	6772
18772	124	6741	126	371	0	7362
18773	6697	262	109	253	0	7321
18774	6649	158	113	244	0	7164
18775	299	6622	105	230	0	7256
18776	6540	275	103	222	0	7140
18777	6504	158	116	225	0	7003
18778	301	140	95	6485	0	7021
18779	173	118	6202	338	0	6831
18780	144	129	5980	233	0	6486
18781	107	126	5845	211	0	6289
18782	137	93	5823	204	0	6257
18783	123	127	231	5405	0	5886
18784	119	96	118	5604	0	5937
18785	95	101	81	5578	0	5855
18786	102	91	95	5652	0	5940
18787	5551	100	66	309	0	6026
18788	199	5743	74	226	0	6242
18789	5786	193	74	213	0	6266
18790	219	112	5706	179	0	6216
18791	126	95	5911	168	0	6300
18792	110	134	212	6016	0	6472
18793	6067	77	140	289	0	6573
18794	5922	78	99	184	0	6283
18795	227	5963	75	169	0	6434
18796	129	6220	92	151	0	6592
18797	130	193	88	6222	0	6633
18798	6096	127	85	246	0	6554
18799	196	6204	62	174	0	6636
18800	6206	182	71	176	0	6635
18801	6316	116	74	156	0	6662
18802	6334	88	65	143	0	6630
18803	249	63	6273	140	0	6725
18804	167	6341	175	111	0	6794
18805	6325	176	93	141	0	6735
18806	6378	104	61	148	0	6691
18807	229	6118	68	120	0	6535
18808	115	5924	45	149	0	6233
18809	5935	143	70	149	0	6297
18810	185	92	62	5937	0	6276
18811	118	75	5895	186	0	6274
18812	5798	57	137	147	0	6139
18813	165	81	92	6051	0	6389
18814	103	6214	75	194	0	6586
18815	109	132	64	6444	0	6749
18816	83	82	6419	207	0	6791
18817	105	63	155	6423	0	6746
18818	6748	61	94	225	0	7128
18819	172	59	87	6883	0	7201
18820	135	53	81	7005	0	7274
18821	98	73	7075	236	0	7482
18822	127	49	133	6850	0	7159
18823	88	7044	83	223	0	7438
18824	7081	144	58	196	0	7479
18825	6988	87	66	146	0	7287
18826	208	64	7041	157	0	7470
18827	153	65	142	6908	0	7268
18828	110	6839	82	212	0	7243
18829	102	7152	60	167	0	7481
18830	7210	158	81	145	0	7594
18831	187	95	56	7332	0	7670
18832	139	78	7269	201	0	7687
18833	109	56	7102	162	0	7429
18834	117	50	209	7331	0	7707
18835	7325	51	116	236	0	7728
18836	7357	50	80	177	0	7664
18837	225	60	53	7601	0	7939
18838	141	60	7623	223	0	8047
18839	119	7656	170	140	0	8085
18840	7692	148	100	140	0	8080
18841	177	7723	73	138	0	8111
18842	7821	160	73	139	0	8193
18843	212	107	58	7804	0	8181
18844	156	78	7757	200	0	8191
18845	113	65	168	7687	0	8033
18846	7759	57	106	245	0	8167
18847	202	72	7731	150	0	8155
18848	147	7764	161	126	0	8198
18849	148	149	90	7897	0	8284
18850	7957	95	73	222	0	8347
18851	208	68	7963	146	0	8385
18852	162	76	147	8020	0	8405
18853	132	59	114	8244	0	8549
18854	110	72	8246	246	0	8674
18855	118	67	186	8069	0	8440
18856	91	49	8213	238	0	8591
18857	7710	62	185	180	0	8137
18858	202	50	118	8584	0	8954
18859	150	52	8946	227	0	9375
18860	130	9082	203	132	0	9547
18861	9382	171	102	162	0	9817
18862	10095	99	103	131	0	10428
18863	292	77	73	10729	0	11171
18864	177	10946	83	291	0	11497
18865	11128	249	82	197	0	11656
18866	330	114	81	11114	0	11639
18867	181	87	11076	321	0	11665
18868	10673	77	283	189	0	11222
18869	341	10928	133	120	0	11522
18870	189	271	96	11127	0	11683
18871	11156	129	81	329	0	11695
18872	341	103	10936	155	0	11535
18873	183	93	11080	108	0	11464
18874	174	64	345	10803	0	11386
18875	127	82	11342	310	0	11861
18876	149	55	337	10941	0	11482
18877	117	11036	173	306	0	11632
18878	105	274	121	11601	0	12101
18879	11426	108	107	380	0	12021
18880	310	93	11443	183	0	12029
18881	158	11556	312	125	0	12151
18882	141	288	133	11658	0	12220
18883	121	130	11894	330	0	12475
18884	143	93	294	11350	0	11880
18885	111	11425	142	312	0	11990
18886	85	11938	109	179	0	12311
18887	11497	299	89	168	0	12053
18888	254	11760	92	103	0	12209
18889	143	292	11343	98	0	11876
18890	10574	131	264	133	0	11102
18891	287	97	11446	76	0	11906
18892	175	79	253	10686	0	11193
18893	122	76	11395	238	0	11831
18894	112	11334	253	134	0	11833
18895	126	241	129	11322	0	11818
18896	109	116	87	11357	0	11669
18897	118	85	91	11172	0	11466
18898	93	88	11281	325	0	11787
18899	126	83	237	10981	0	11427
18900	106	77	109	11428	0	11720
18901	11139	65	89	353	0	11646
18902	11071	81	89	200	0	11441
18903	301	71	11135	136	0	11643
18904	139	10925	245	148	0	11457
18905	138	224	11173	104	0	11639
18906	135	111	262	11225	0	11733
18907	98	105	11593	264	0	12060
18908	110	93	273	11378	0	11854
18909	106	68	156	11805	0	12135
18910	69	66	11614	370	0	12119
18911	10472	76	291	228	0	11067
18912	257	11743	149	170	0	12319
18913	141	229	108	12007	0	12485
18914	87	111	12224	306	0	12728
18915	95	101	11553	198	0	11947
18916	11196	90	317	194	0	11797
18917	258	11850	182	155	0	12445
18918	159	233	119	11990	0	12501
18919	12137	114	130	318	0	12699
18920	299	100	88	12241	0	12728
18921	161	99	128	12501	0	12889
18922	112	77	12389	385	0	12963
18923	11628	88	283	225	0	12224
18924	12568	62	162	201	0	12993
18925	343	73	131	12634	0	13181
18926	12562	74	145	336	0	13117
18927	335	71	98	12621	0	13125
18928	176	12045	129	339	0	12689
18929	135	12814	109	199	0	13257
18930	124	297	100	12928	0	13449
18931	12644	127	113	384	0	13268
18932	306	98	108	12792	0	13304
18933	12814	83	130	369	0	13396
18934	12921	85	94	253	0	13353
18935	389	67	103	12881	0	13440
18936	220	89	106	13060	0	13475
18937	157	80	12850	399	0	13486
18938	157	94	12847	213	0	13311
18939	138	77	342	12984	0	13541
18940	136	82	13621	357	0	14196
18941	13306	85	352	265	0	14008
18942	366	71	194	14501	0	15132
18943	171	84	15204	444	0	15903
18944	14914	78	453	298	0	15743
18945	16492	70	250	238	0	17050
18946	631	17066	157	186	0	18040
18947	349	448	161	17620	0	18578
18948	214	254	17915	535	0	18918
18949	17628	143	508	382	0	18661
18950	18567	112	299	291	0	19269
18951	683	95	18328	217	0	19323
18952	18430	80	544	247	0	19301
18953	651	95	290	18307	0	19343
18954	402	83	222	18694	0	19401
18955	18412	94	174	759	0	19439
18956	18606	83	173	444	0	19306
18957	783	116	161	18281	0	19341
18958	440	92	18187	628	0	19347
18959	276	17506	538	368	0	18688
18960	229	464	17785	244	0	18722
18961	259	248	17441	225	0	18173
18962	196	16971	691	215	0	18073
18963	226	434	376	15963	0	16999
18964	198	250	220	16338	0	17006
18965	177	153	16052	589	0	16971
18966	223	116	459	15827	0	16625
18967	16095	98	306	584	0	17083
18968	484	96	16233	349	0	17162
18969	16174	109	467	329	0	17079
18970	16760	87	328	282	0	17457
18971	16979	82	237	260	0	17558
18972	717	100	16302	202	0	17321
18973	405	118	16441	202	0	17166
18974	315	102	621	16229	0	17267
18975	290	102	404	15794	0	16590
18976	204	16353	262	608	0	17427
18977	16358	413	221	413	0	17405
18978	16454	225	207	330	0	17216
18979	639	16303	219	248	0	17409
18980	16563	411	185	293	0	17452
18981	557	16293	206	253	0	17309
18982	16558	449	190	273	0	17470
18983	621	253	199	16107	0	17180
18984	372	208	16076	517	0	17173
18985	298	163	15852	355	0	16668
18986	292	146	627	15916	0	16981
18987	275	114	385	16126	0	16900
18988	224	118	15882	654	0	16878
18989	242	113	550	15509	0	16414
18990	293	103	349	15445	0	16190
18991	15662	92	266	761	0	16781
18992	15875	91	225	514	0	16705
18993	15731	89	208	368	0	16396
18994	709	110	15256	260	0	16335
18995	432	15191	494	279	0	16396
18996	356	383	326	15570	0	16635
18997	300	228	15779	538	0	16845
18998	275	15742	543	343	0	16903
18999	16035	414	356	335	0	17140
19000	591	252	261	16096	0	17200
19001	420	159	230	16426	0	17235
19002	16213	105	210	741	0	17269
19003	601	134	220	16287	0	17242
19004	438	134	209	16365	0	17146
19005	16197	127	194	818	0	17336
19006	596	114	15920	508	0	17138
19007	439	15687	523	343	0	16992
19008	15905	431	317	354	0	17007
19009	618	246	16031	303	0	17198
19010	15723	172	556	313	0	16764
19011	665	16244	366	287	0	17562
19012	16323	446	275	328	0	17372
19013	16373	262	230	333	0	17198
19014	16051	160	227	344	0	16782
19015	802	148	237	15524	0	16711
19016	539	128	203	15704	0	16574
19017	381	15316	209	717	0	16623
19018	344	15493	214	491	0	16542
19019	385	15774	211	342	0	16712
19020	15594	553	216	338	0	16701
19021	630	295	15210	300	0	16435
19022	484	194	481	15139	0	16298
19023	394	154	331	15234	0	16113
19024	341	15038	220	686	0	16285
19025	340	438	211	15381	0	16370
19026	367	286	195	15184	0	16032
19027	308	15285	208	695	0	16496
19028	15188	476	204	492	0	16360
19029	593	15388	199	339	0	16519
19030	433	480	14954	324	0	16191
19031	14802	284	457	360	0	15903
19032	582	15222	343	303	0	16450
19033	15237	448	226	330	0	16241
19034	663	288	211	15095	0	16257
19035	470	195	222	15200	0	16087
19036	356	185	14973	658	0	16172
19037	354	167	14802	407	0	15730
19038	331	194	617	14739	0	15881
19039	14688	157	359	591	0	15795
19040	14328	134	279	421	0	15162
19041	716	14142	226	291	0	15375
19042	416	13824	202	271	0	14713
19043	302	13589	202	241	0	14334
19044	362	443	223	12578	0	13606
19045	12397	203	232	445	0	13277
19046	12227	185	155	270	0	12837
19047	12199	127	168	271	0	12765
19048	494	141	11932	189	0	12756
19049	363	13925	371	181	0	14840
19050	323	406	212	15592	0	16533
19051	16143	203	192	626	0	17164
19052	741	138	152	16475	0	17506
19053	362	136	123	17620	0	18241
19054	17332	114	141	988	0	18575
19055	18955	124	143	450	0	19672
19056	1029	150	18588	274	0	20041
19057	511	138	785	18748	0	20182
19058	283	165	18771	864	0	20083
19059	316	179	870	18680	0	20045
19060	236	146	18734	941	0	20057
19061	302	135	905	18580	0	19922
19062	18031	173	370	1018	0	19592
19063	869	17876	250	564	0	19559
19064	409	19100	230	379	0	20118
19065	399	968	218	16932	0	18517
19066	284	19074	190	846	0	20394
19067	18981	901	171	444	0	20497
19068	18948	376	207	339	0	19870
19069	1180	232	18112	283	0	19807
19070	581	17967	823	293	0	19664
19071	507	821	368	18199	0	19895
19072	352	375	18355	892	0	19974
19073	18122	241	897	555	0	19815
19074	1017	210	402	18336	0	19965
19075	496	227	18382	996	0	20101
19076	385	248	894	18531	0	20058
19077	18457	227	372	1049	0	20105
19078	987	213	18193	500	0	19893
19079	18196	234	875	381	0	19686
19080	19010	219	412	348	0	19989
19081	1279	208	236	18315	0	20038
19082	608	207	18102	971	0	19888
19083	402	193	18143	575	0	19313
19084	17805	173	1111	450	0	19539
19085	18631	142	558	403	0	19734
19086	1211	187	18009	388	0	19795
19087	717	161	932	17906	0	19716
19088	530	161	529	18008	0	19228
19089	411	17747	347	1168	0	19673
19090	471	828	287	18387	0	19973
19091	18384	374	297	1115	0	20170
19092	1146	233	257	18485	0	20121
19093	653	208	18079	1097	0	20037
19094	17843	209	971	646	0	19669
19095	1078	205	483	18023	0	19789
19096	589	240	17867	1077	0	19773
19097	456	17480	966	622	0	19524
19098	17145	918	489	531	0	19083
19099	1055	17652	382	471	0	19560
19100	17803	944	312	498	0	19557
19101	1153	464	17299	464	0	19380
19102	686	16708	936	461	0	18791
19103	522	17824	520	449	0	19315
19104	521	1089	363	17114	0	19087
19105	530	537	334	17802	0	19203
19106	412	379	17016	1303	0	19110
19107	483	334	986	17381	0	19184
19108	17061	263	529	1237	0	19090
19109	1123	280	16730	662	0	18795
19110	733	270	1008	16722	0	18733
19111	548	287	16596	1126	0	18557
19112	15905	304	1052	739	0	18000
19113	1112	16363	612	558	0	18645
19114	16599	936	451	570	0	18556
19115	17261	544	362	562	0	18729
19116	17504	340	406	525	0	18775
19117	1413	380	16230	497	0	18520
19118	803	16208	1047	486	0	18544
19119	643	1025	596	16266	0	18530
19120	572	517	464	17521	0	19074
19121	17558	359	443	1442	0	19802
19122	1309	308	416	17955	0	19988
19123	17972	329	407	1458	0	20166
19124	18424	309	502	838	0	20073
19125	18703	279	403	702	0	20087
19126	18846	313	397	587	0	20143
19127	1753	304	428	17562	0	20047
19128	18017	287	377	1296	0	19977
19129	1488	328	16946	743	0	19505
19130	17351	293	1147	630	0	19421
19131	18235	293	638	553	0	19719
19132	1731	281	16583	755	0	19350
19133	17431	277	1188	535	0	19431
19134	18181	271	668	548	0	19668
19135	1703	286	550	17122	0	19661
19136	1038	270	470	17858	0	19636
19137	17061	488	494	1545	0	19588
19138	1558	271	422	17250	0	19501
19139	1082	256	414	17236	0	18988
19140	829	15969	430	1568	0	18796
19141	799	926	420	16781	0	18926
19142	16327	455	436	1387	0	18605
19143	1443	302	418	16332	0	18495
19144	977	261	419	16401	0	18058
19145	785	14777	442	1533	0	17537
19146	780	913	391	14937	0	17021
19147	854	436	395	14995	0	16680
19148	14122	320	444	1472	0	16358
19149	1361	373	355	11788	0	13877
19150	815	228	9629	1180	0	11852
19151	713	8453	709	778	0	10653
19152	584	8569	458	698	0	10309
19153	8047	637	424	645	0	9753
19154	921	7953	334	528	0	9736
19155	7058	495	368	521	0	8442
19156	777	6606	378	498	0	8259
19157	6913	468	308	560	0	8249
19158	758	311	355	6911	0	8335
19159	589	288	323	7045	0	8245
19160	555	6719	305	774	0	8353
19161	560	501	251	7158	0	8470
19162	543	332	6779	753	0	8407
19163	6748	356	488	571	0	8163
19164	734	7072	338	549	0	8693
19165	7226	475	312	528	0	8541
19166	7323	342	323	475	0	8463
19167	7476	263	308	443	0	8490
19168	946	216	300	6896	0	8358
19169	655	222	342	7036	0	8255
19170	549	6700	300	754	0	8303
19171	6879	459	292	653	0	8283
19172	763	6717	326	497	0	8303
19173	7212	496	261	466	0	8435
19174	788	287	6889	531	0	8495
19175	7376	269	565	466	0	8676
19176	846	221	336	7380	0	8783
19177	658	184	7148	763	0	8753
19178	579	192	7382	528	0	8681
19179	565	213	648	7400	0	8826
19180	534	183	7348	769	0	8834
19181	519	211	609	7439	0	8778
19182	7199	177	438	786	0	8600
19183	775	208	384	7250	0	8617
19184	677	186	6899	753	0	8515
19185	547	6634	521	572	0	8274
19186	525	7066	382	444	0	8417
19187	474	599	253	7041	0	8367
19188	6995	326	221	771	0	8313
19189	711	321	236	7050	0	8318
19190	593	228	247	7243	0	8311
19191	585	212	213	7345	0	8355
19192	494	196	229	7459	0	8378
19193	468	191	6918	823	0	8400
19194	510	211	6853	577	0	8151
19195	6925	217	581	522	0	8245
19196	7288	215	363	451	0	8317
19197	878	241	246	6944	0	8309
19198	671	196	229	7207	0	8303
19199	518	225	6717	804	0	8264
19200	518	6708	489	550	0	8265
19201	6864	478	350	503	0	8195
19202	7176	307	228	490	0	8201
19203	802	260	226	6956	0	8244
19204	576	144	6704	813	0	8237
19205	546	170	482	6807	0	8005
19206	482	6620	317	743	0	8162
19207	482	414	6736	607	0	8239
19208	6992	253	483	470	0	8198
19209	754	192	311	7021	0	8278
19210	7165	193	218	778	0	8354
19211	803	177	6653	519	0	8152
19212	7044	184	435	488	0	8151
19213	824	204	260	6918	0	8206
19214	7061	169	209	700	0	8139
19215	832	176	171	6799	0	7978
19216	588	6256	172	733	0	7749
19217	481	6645	200	558	0	7884
19218	506	512	125	6656	0	7799
19219	413	243	6218	730	0	7604
19220	439	6015	383	541	0	7378
19221	479	363	216	5670	0	6728
19222	5426	207	188	617	0	6438
19223	5544	150	126	418	0	6238
19224	695	132	131	5303	0	6261
19225	534	138	129	5362	0	6163
19226	418	4857	148	597	0	6020
19227	355	5244	134	449	0	6182
19228	5257	392	134	385	0	6168
19229	492	239	165	5243	0	6139
19230	401	184	113	5441	0	6139
19231	337	136	5024	640	0	6137
19232	260	143	341	5295	0	6039
19233	285	141	178	5385	0	5989
19234	269	137	138	5489	0	6033
19235	219	155	5003	686	0	6063
19236	233	140	288	5371	0	6032
19237	5129	157	170	593	0	6049
19238	393	150	4925	458	0	5926
19239	5259	155	285	402	0	6101
19240	397	187	168	5465	0	6217
19241	274	140	116	5730	0	6260
19242	243	153	124	5832	0	6352
19243	206	133	5385	620	0	6344
19244	5250	132	304	464	0	6150
19245	379	5684	188	308	0	6559
19246	5761	325	138	316	0	6540
19247	388	5747	157	263	0	6555
19248	277	345	133	5835	0	6590
19249	5813	199	124	441	0	6577
19250	393	138	5614	296	0	6441
19251	5583	144	309	258	0	6294
19252	403	124	5702	223	0	6452
19253	265	114	341	5661	0	6381
19254	203	101	5602	393	0	6299
19255	198	5440	348	268	0	6254
19256	201	265	195	5360	0	6021
19257	5169	157	130	404	0	5860
19258	309	109	111	5134	0	5663
19259	196	4873	115	370	0	5554
19260	153	260	117	5063	0	5593
19261	4873	143	112	374	0	5502
19262	4826	105	127	250	0	5308
19263	378	4628	112	207	0	5325
19264	201	4430	92	189	0	4912
19265	181	209	104	4348	0	4842
19266	175	103	122	4411	0	4811
19267	4254	110	99	333	0	4796
19268	4259	84	102	247	0	4692
19269	261	4187	98	197	0	4743
19270	193	186	107	4214	0	4700
19271	169	121	106	4327	0	4723
19272	155	90	4148	312	0	4705
19273	143	4043	189	228	0	4603
19274	122	3998	143	210	0	4473
19275	107	182	133	3827	0	4249
19276	118	102	3687	249	0	4156
19277	122	93	3627	178	0	4020
19278	113	77	199	3678	0	4067
19279	134	67	108	3768	0	4077
19280	106	63	3651	264	0	4084
19281	123	74	160	3724	0	4081
19282	110	77	3753	233	0	4173
19283	3859	91	143	190	0	4283
19284	179	76	108	3984	0	4347
19285	137	70	3964	250	0	4421
19286	119	79	4027	193	0	4418
19287	112	82	197	4359	0	4750
19288	104	73	4627	267	0	5071
19289	111	67	4655	204	0	5037
19290	101	4558	223	189	0	5071
19291	4715	164	126	185	0	5190
19292	216	98	4856	138	0	5308
19293	160	87	193	4804	0	5244
19294	124	82	132	4932	0	5270
19295	131	61	100	5104	0	5396
19296	105	53	4877	313	0	5348
19297	90	75	188	4900	0	5253
19298	4847	71	113	290	0	5321
19299	212	68	105	4884	0	5269
19300	137	75	4818	258	0	5288
19301	117	72	189	4894	0	5272
19302	4897	55	123	270	0	5345
19303	4954	67	85	213	0	5319
19304	4974	63	102	163	0	5302
19305	274	51	92	4887	0	5304
19306	4902	56	71	269	0	5298
19307	4888	55	91	180	0	5214
19308	4921	64	73	171	0	5229
19309	253	4660	74	161	0	5148
19310	4810	153	72	138	0	5173
19311	248	87	65	4797	0	5197
19312	145	72	4666	266	0	5149
19313	115	4666	172	165	0	5118
19314	4748	174	105	151	0	5178
19315	218	91	71	4803	0	5183
19316	131	75	86	4804	0	5096
19317	112	4609	70	258	0	5049
19318	87	4800	67	184	0	5138
19319	4568	183	76	161	0	4988
19320	198	4607	69	120	0	4994
19321	4538	176	63	119	0	4896
19322	213	4500	58	112	0	4883
19323	4499	165	56	134	0	4854
19324	202	4444	53	124	0	4823
19325	125	4644	62	117	0	4948
19326	4573	191	58	113	0	4935
19327	198	108	4450	113	0	4869
19328	124	4514	158	97	0	4893
19329	111	157	95	4573	0	4936
19330	96	93	81	4724	0	4994
19331	78	79	80	4664	0	4901
19332	117	59	58	4722	0	4956
19333	85	69	4610	267	0	5031
19334	4623	49	144	172	0	4988
19335	197	61	84	4917	0	5259
19336	4975	64	79	228	0	5346
19337	5233	56	66	127	0	5482
19338	5339	68	52	111	0	5570
19339	5211	54	47	109	0	5421
19340	287	66	4946	89	0	5388
19341	173	66	171	5000	0	5410
19342	126	65	5002	219	0	5412
19343	96	4889	217	143	0	5345
19344	121	187	112	4622	0	5042
19345	92	107	84	4853	0	5136
19346	88	86	66	4872	0	5112
19347	93	71	55	4850	0	5069
19348	84	48	4691	306	0	5129
19349	103	42	174	4743	0	5062
19350	100	53	101	4886	0	5140
19351	4812	41	82	277	0	5212
19352	4980	46	87	167	0	5280
19353	269	45	63	5006	0	5383
19354	160	51	52	5149	0	5412
19355	136	50	57	5223	0	5466
19356	5097	61	46	351	0	5555
19357	5272	45	48	208	0	5573
19358	5102	39	59	178	0	5378
19359	5282	51	48	131	0	5512
19360	321	5122	37	126	0	5606
19361	5286	187	54	118	0	5645
19362	5371	90	46	119	0	5626
19363	312	71	41	5171	0	5595
19364	182	64	38	5263	0	5547
19365	5082	41	43	333	0	5499
19366	240	4899	50	222	0	5411
19367	151	5195	48	163	0	5557
19368	5383	241	35	131	0	5790
19369	289	116	41	5430	0	5876
19370	172	88	47	5520	0	5827
19371	143	58	40	5644	0	5885
19372	124	37	54	5658	0	5873
19373	118	43	52	5549	0	5762
19374	101	5296	46	345	0	5788
19375	117	196	36	5441	0	5790
19376	5392	78	58	297	0	5825
19377	245	73	58	5399	0	5775
19378	150	70	41	5508	0	5769
19379	5326	61	47	322	0	5756
19380	250	5302	47	204	0	5803
19381	155	194	50	5333	0	5732
19382	119	5316	44	278	0	5757
19383	124	233	56	5307	0	5720
19384	103	108	5109	267	0	5587
19385	4786	75	168	179	0	5208
19386	213	4978	82	149	0	5422
19387	4799	165	48	146	0	5158
19388	228	74	4589	128	0	5019
19389	152	64	153	4354	0	4723
19390	101	4295	67	206	0	4669
19391	99	4490	57	153	0	4799
19392	4422	173	53	142	0	4790
19393	209	87	30	4502	0	4828
19394	121	81	4606	219	0	5027
19395	118	43	122	4797	0	5080
19396	96	44	4716	237	0	5093
19397	4490	47	149	162	0	4848
19398	210	60	4727	113	0	5110
19399	147	54	142	4732	0	5075
19400	122	4831	63	203	0	5219
19401	109	144	41	4918	0	5212
19402	122	4901	43	197	0	5263
19403	5048	169	31	151	0	5399
19404	226	90	31	5202	0	5549
19405	135	79	5272	222	0	5708
19406	139	61	5014	135	0	5349
19407	5266	51	157	136	0	5610
19408	5626	70	81	104	0	5881
19409	5604	72	50	119	0	5845
19410	5588	59	46	114	0	5807
19411	254	5433	37	118	0	5842
19412	5619	166	39	129	0	5953
19413	5696	92	33	117	0	5938
19414	234	87	5398	131	0	5850
19415	168	68	131	5459	0	5826
19416	5621	64	65	225	0	5975
19417	220	82	5375	120	0	5797
19418	138	64	150	5494	0	5846
19419	138	61	5678	211	0	6088
19420	124	64	139	5669	0	5996
19421	112	5781	71	225	0	6189
19422	5958	165	43	160	0	6326
19423	207	91	5718	135	0	6151
19424	5779	77	143	134	0	6133
19425	221	65	80	5900	0	6266
19426	5987	36	54	264	0	6341
19427	222	54	57	6018	0	6351
19428	6422	51	32	289	0	6794
19429	224	54	6136	173	0	6587
19430	6593	40	146	174	0	6953
19431	216	58	84	6749	0	7107
19432	130	43	58	6876	0	7107
19433	6728	49	56	266	0	7099
19434	245	46	40	6726	0	7057
19435	145	47	6515	239	0	6946
19436	151	50	127	6497	0	6825
19437	6258	48	66	248	0	6620
19438	179	6027	64	165	0	6435
19439	107	6165	59	122	0	6453
19440	6178	124	36	147	0	6485
19441	161	6380	36	109	0	6686
19442	110	107	45	6347	0	6609
19443	6346	62	34	191	0	6633
19444	6321	45	33	141	0	6540
19445	6294	42	28	145	0	6509
19446	154	40	6231	116	0	6541
19447	134	46	79	6256	0	6515
19448	93	6280	52	158	0	6583
19449	96	93	35	6429	0	6653
19450	92	64	6483	160	0	6799
19451	98	6235	74	102	0	6509
19452	96	89	44	6473	0	6702
19453	6311	51	37	140	0	6539
19454	106	6267	24	119	0	6516
19455	87	68	6442	101	0	6698
19456	105	58	73	6288	0	6524
19457	102	46	6421	102	0	6671
19458	87	45	73	6236	0	6441
19459	6529	60	38	149	0	6776
19460	120	33	34	6623	0	6810
19461	6622	44	38	134	0	6838
19462	6667	48	30	121	0	6866
19463	139	6733	31	89	0	6992
19464	6902	86	31	104	0	7123
19465	111	6812	40	81	0	7044
19466	86	96	6854	86	0	7122
19467	107	66	85	6666	0	6924
19468	76	50	49	7229	0	7404
19469	73	36	6952	159	0	7220
19470	52	6933	96	118	0	7199
19471	7095	89	64	107	0	7355
19472	7266	68	30	113	0	7477
19473	143	44	49	7388	0	7624
19474	102	41	36	7326	0	7505
19475	85	34	36	7588	0	7743
19476	7444	36	44	158	0	7682
19477	118	36	7169	108	0	7431
19478	92	41	7181	81	0	7395
19479	81	41	127	7355	0	7604
19480	67	40	7375	115	0	7597
19481	77	48	7229	91	0	7445
19482	75	44	121	7140	0	7380
19483	57	35	7591	116	0	7799
19484	71	7509	107	78	0	7765
19485	80	82	67	7705	0	7934
19486	60	68	7863	116	0	8107
19487	82	32	111	7714	0	7939
19488	54	7503	84	128	0	7769
19489	64	91	59	7780	0	7994
19490	71	63	7798	119	0	8051
19491	80	39	99	7478	0	7696
19492	7667	29	67	146	0	7909
19493	102	33	7641	88	0	7864
19494	7077	26	105	94	0	7302
19495	129	7518	76	62	0	7785
19496	7690	82	62	79	0	7913
19497	145	51	52	7730	0	7978
19498	85	7737	51	121	0	7994
19499	7992	99	43	121	0	8255
19500	157	63	42	8101	0	8363
19501	103	44	8118	143	0	8408
19502	73	8135	132	96	0	8436
19503	88	116	75	8249	0	8528
19504	8067	51	62	175	0	8355
19505	7835	43	47	110	0	8035
19506	202	37	46	7835	0	8120
19507	121	34	7740	155	0	8050
19508	7130	25	131	121	0	7407
19509	155	40	7686	69	0	7950
19510	113	34	143	7579	0	7869
19511	7718	30	104	160	0	8012
19512	149	7628	71	104	0	7952
19513	7710	119	54	118	0	8001
19514	172	71	7555	76	0	7874
19515	7635	43	140	91	0	7909
19516	176	43	81	7816	0	8116
19517	126	24	68	7995	0	8213
19518	79	30	7925	192	0	8226
19519	91	35	142	7636	0	7904
19520	7771	38	78	212	0	8099
19521	156	28	67	7778	0	8029
19522	116	7725	57	174	0	8072
19523	90	122	48	7784	0	8044
19524	74	7800	61	172	0	8107
19525	78	139	7709	114	0	8040
19526	7330	77	133	113	0	7653
19527	161	44	87	7812	0	8104
19528	107	49	7392	167	0	7715
19529	85	7307	138	116	0	7646
19530	85	138	80	7218	0	7521
19531	61	68	67	7290	0	7486
19532	7185	49	49	229	0	7512
19533	161	50	53	7299	0	7563
19534	7327	41	48	229	0	7645
19535	7368	37	57	132	0	7594
19536	229	7381	39	97	0	7746
19537	7616	170	57	98	0	7941
19538	226	75	56	8222	0	8579
19539	120	62	8154	238	0	8574
19540	8093	44	215	150	0	8502
19541	245	35	87	8082	0	8449
19542	112	47	7992	264	0	8415
19543	7651	43	222	143	0	8059
19544	259	43	93	8029	0	8424
19545	129	8108	84	255	0	8576
19546	114	211	76	7986	0	8387
19547	74	8115	58	278	0	8525
19548	7998	236	65	168	0	8467
19549	243	97	8139	120	0	8599
19550	131	8072	226	112	0	8541
19551	113	212	101	8168	0	8594
19552	97	94	8173	247	0	8611
19553	63	96	7827	149	0	8135
19554	80	8071	266	111	0	8528
19555	100	235	125	8090	0	8550
19556	98	90	94	8497	0	8779
19557	97	84	70	10005	0	10256
19558	10369	68	67	445	0	10949
19559	365	65	11299	201	0	11930
19560	171	11431	410	144	0	12156
19561	149	393	175	11418	0	12135
19562	110	165	116	12138	0	12529
19563	75	109	11745	600	0	12529
19564	115	73	449	11849	0	12486
19565	86	63	11761	574	0	12484
19566	96	69	11551	242	0	11958
19567	96	58	11750	190	0	12094
19568	135	63	600	10954	0	11752
19569	97	57	296	11431	0	11881
19570	96	65	180	11861	0	12202
19571	11355	61	125	678	0	12219
19572	426	11360	121	332	0	12239
19573	11568	411	136	246	0	12361
19574	11462	167	99	220	0	11948
19575	11953	117	127	173	0	12370
19576	591	11786	124	165	0	12666
19577	12033	432	107	178	0	12750
19578	12318	184	106	166	0	12774
19579	664	139	91	11883	0	12777
19580	342	85	96	12243	0	12766
19581	256	88	97	12490	0	12931
19582	162	100	11887	728	0	12877
19583	11520	75	487	382	0	12464
19584	544	98	237	11877	0	12756
19585	11676	68	187	623	0	12554
19586	569	11387	131	498	0	12585
19587	319	439	131	11716	0	12605
19588	244	209	123	12144	0	12720
19589	11809	130	120	735	0	12794
19590	570	95	112	12030	0	12807
19591	11067	98	130	770	0	12065
19592	11948	97	106	388	0	12539
19593	676	11259	121	319	0	12375
19594	349	11833	128	234	0	12544
19595	325	591	115	11284	0	12315
19596	183	11663	123	586	0	12555
19597	221	572	117	11703	0	12613
19598	178	248	11450	673	0	12549
19599	183	175	11191	359	0	11908
19600	10782	124	581	340	0	11827
19601	11279	94	278	284	0	11935
19602	630	10950	203	249	0	12032
19603	11138	478	128	270	0	12014
19604	603	11450	149	233	0	12435
19605	323	537	142	11564	0	12566
19606	290	231	146	11890	0	12557
19607	220	184	138	11901	0	12443
19608	225	131	159	12068	0	12583
19609	11481	118	158	830	0	12587
19610	554	11499	167	465	0	12685
19611	11705	471	138	386	0	12700
19612	12031	237	138	326	0	12732
19613	715	190	11441	292	0	12638
19614	11412	172	462	304	0	12350
19615	659	11369	241	293	0	12562
19616	387	508	180	11495	0	12570
19617	325	259	150	11552	0	12286
19618	257	11303	154	718	0	12432
19619	11499	538	159	459	0	12655
19620	627	247	11244	383	0	12501
19621	11321	211	508	343	0	12383
19622	697	186	11412	339	0	12634
19623	413	167	584	11444	0	12608
19624	385	187	287	11909	0	12768
19625	303	195	280	12162	0	12940
19626	11859	205	204	924	0	13192
19627	607	194	11864	605	0	13270
19628	11979	185	559	535	0	13258
19629	12450	184	357	465	0	13456
19630	12497	156	287	467	0	13407
19631	12579	158	276	405	0	13418
19632	892	152	273	12164	0	13481
19633	525	143	11943	765	0	13376
19634	440	174	550	12099	0	13263
19635	403	176	11882	824	0	13285
19636	362	216	11673	554	0	12805
19637	400	11635	574	475	0	13084
19638	393	505	332	10986	0	12216
19639	409	296	262	11325	0	12292
19640	471	265	191	10283	0	11210
19641	425	193	200	11351	0	12169
19642	11147	192	212	782	0	12333
19643	11367	198	190	518	0	12273
19644	781	185	185	11104	0	12255
19645	500	212	10678	735	0	12125
19646	409	185	469	11069	0	12132
19647	346	204	291	11416	0	12257
19648	361	178	10872	870	0	12281
19649	384	184	501	11056	0	12125
19650	10885	205	300	800	0	12190
19651	11111	179	239	596	0	12125
19652	11231	182	235	527	0	12175
19653	820	178	219	11020	0	12237
19654	11003	174	210	736	0	12123
19655	10915	164	211	573	0	11863
19656	774	186	10299	509	0	11768
19657	480	118	8355	455	0	9408
19658	445	139	8147	390	0	9121
19659	7013	126	403	368	0	7910
19660	384	6962	209	360	0	7915
19661	6960	194	188	396	0	7738
19662	398	7170	160	373	0	8101
19663	340	202	216	7280	0	8038
19664	319	137	158	7420	0	8034
19665	310	127	238	7342	0	8017
19666	297	131	7228	366	0	8022
19667	6826	138	273	332	0	7569
19668	358	143	144	7326	0	7971
19669	311	133	7042	435	0	7921
19670	300	148	6689	393	0	7530
19671	6921	127	183	309	0	7540
19672	355	7115	146	289	0	7905
19673	7235	192	128	288	0	7843
19674	7139	116	130	321	0	7706
19675	423	6862	130	283	0	7698
19676	6885	255	131	314	0	7585
19677	401	140	6879	305	0	7725
19678	378	127	6713	270	0	7488
19679	283	113	6980	371	0	7747
19680	300	112	181	7118	0	7711
19681	265	142	7022	365	0	7794
19682	6830	115	227	288	0	7460
19683	7094	134	123	272	0	7623
19684	318	133	6973	333	0	7757
19685	344	131	159	7046	0	7680
19686	7165	208	139	295	0	7807
19687	272	7256	145	315	0	7988
19688	255	7352	150	299	0	8056
19689	7437	175	148	261	0	8021
19690	266	132	7421	298	0	8117
19691	299	138	136	7181	0	7754
19692	267	137	126	7235	0	7765
19693	222	165	131	7338	0	7856
19694	210	7281	113	252	0	7856
19695	238	146	126	6861	0	7371
19696	7845	140	103	282	0	8370
19697	262	101	116	8178	0	8657
19698	231	8109	174	281	0	8795
19699	8444	147	181	234	0	9006
19700	350	97	104	8464	0	9015
19701	291	86	121	8695	0	9193
19702	8909	134	116	296	0	9455
19703	9050	80	102	249	0	9481
19704	306	119	125	8910	0	9460
19705	9150	80	102	363	0	9695
19706	9208	68	108	296	0	9680
19707	358	9149	113	266	0	9886
19708	9398	178	112	244	0	9932
19709	392	9177	122	182	0	9873
19710	273	235	128	9313	0	9949
19711	266	98	9409	298	0	10071
19712	265	75	258	9337	0	9935
19713	214	52	200	9517	0	9983
19714	233	68	144	9776	0	10221
19715	9637	88	130	399	0	10254
19716	318	9560	122	288	0	10288
19717	9940	175	113	271	0	10499
19718	347	10159	118	193	0	10817
19719	10469	196	109	213	0	10987
19720	10499	90	155	196	0	10940
19721	10605	62	105	211	0	10983
19722	10439	44	165	213	0	10861
19723	379	42	10280	244	0	10945
19724	266	36	259	10373	0	10934
19725	239	44	158	10787	0	11228
19726	250	42	10541	369	0	11202
19727	10122	68	310	237	0	10737
19728	392	52	146	10456	0	11046
19729	268	55	10298	343	0	10964
19730	248	46	10178	233	0	10705
19731	237	31	313	10540	0	11121
19732	163	44	10760	375	0	11342
19733	191	42	329	10584	0	11146
19734	178	37	165	10777	0	11157
19735	140	31	10544	399	0	11114
19736	10085	36	307	276	0	10704
19737	323	80	151	10560	0	11114
19738	215	34	10527	369	0	11145
19739	190	32	274	10636	0	11132
19740	10632	25	143	431	0	11231
19741	336	27	10555	244	0	11162
19742	10276	28	255	203	0	10762
19743	10937	29	140	173	0	11279
19744	387	24	120	10782	0	11313
19745	251	27	141	10714	0	11133
19746	181	30	10592	376	0	11179
19747	186	29	270	10580	0	11065
19748	218	31	178	9779	0	10206
19749	168	34	113	10757	0	11072
19750	179	30	10429	353	0	10991
19751	10168	29	254	189	0	10640
19752	10555	31	133	179	0	10898
19753	10735	29	107	183	0	11054
19754	10999	34	101	135	0	11269
19755	405	35	92	10840	0	11372
19756	10809	34	114	324	0	11281
19757	10898	33	117	176	0	11224
19758	8769	85	123	299	0	9276
19759	10853	28	78	166	0	11125
19760	375	10635	91	132	0	11233
19761	10933	198	73	134	0	11338
19762	10789	88	75	136	0	11088
19763	403	10610	82	122	0	11217
19764	10811	241	77	141	0	11270
19765	389	84	83	10746	0	11302
19766	232	45	103	10889	0	11269
19767	10725	39	73	399	0	11236
19768	360	10436	83	225	0	11104
19769	214	10685	97	156	0	11152
19770	200	292	75	10781	0	11348
19771	155	116	10840	344	0	11455
19772	172	83	290	10627	0	11172
19773	174	56	116	10970	0	11316
19774	10718	54	100	418	0	11290
19775	10896	44	91	241	0	11272
19776	422	52	79	10781	0	11334
19777	246	48	10625	357	0	11276
19778	206	51	301	10672	0	11230
19779	10831	47	122	425	0	11425
19780	359	46	11089	233	0	11727
19781	215	11158	323	204	0	11900
19782	11565	277	146	180	0	12168
19783	447	108	109	11513	0	12177
19784	264	75	101	11609	0	12049
19785	229	68	81	11913	0	12291
19786	198	48	11422	533	0	12201
19787	10525	44	346	316	0	11231
19788	448	58	11017	224	0	11747
19789	261	10919	361	203	0	11744
19790	253	298	184	11094	0	11829
19791	246	123	143	11371	0	11883
19792	232	88	97	11871	0	12288
19793	197	69	11503	587	0	12356
19794	181	93	11388	340	0	12002
19795	180	60	11609	259	0	12108
19796	192	11387	480	211	0	12270
19797	227	323	239	11379	0	12168
19798	11536	148	165	468	0	12317
19799	12178	82	136	290	0	12686
19800	581	75	12362	252	0	13270
19801	299	12506	427	229	0	13461
19802	247	400	12528	196	0	13371
19803	192	12933	480	197	0	13802
19804	12435	468	286	256	0	13445
19805	12476	207	188	192	0	13063
19806	595	12284	156	176	0	13211
19807	12469	434	122	197	0	13222
19808	602	184	125	12254	0	13165
19809	366	141	120	12590	0	13217
19810	12427	101	133	620	0	13281
19811	12197	87	145	343	0	12772
19812	12285	91	122	295	0	12793
19813	659	11719	139	242	0	12759
19814	383	12434	137	222	0	13176
19815	12400	499	132	225	0	13256
19816	577	238	12225	199	0	13239
19817	379	226	447	11902	0	12954
19818	11684	140	218	519	0	12561
19819	562	11232	176	291	0	12261
19820	367	11833	154	249	0	12603
19821	11904	470	169	219	0	12762
19822	564	256	11532	200	0	12552
19823	11361	174	440	201	0	12176
19824	561	146	11196	215	0	12118
19825	306	150	11230	227	0	11913
19826	325	111	523	11144	0	12103
19827	263	127	11529	467	0	12386
19828	11165	118	494	292	0	12069
19829	11641	116	288	251	0	12296
19830	11811	112	238	229	0	12390
19831	11813	101	168	246	0	12328
19832	677	116	193	11271	0	12257
19833	11416	109	178	487	0	12190
19834	626	11076	147	308	0	12157
19835	378	387	191	10949	0	11905
19836	331	11471	174	443	0	12419
19837	11981	420	158	304	0	12863
19838	12037	206	195	245	0	12683
19839	675	178	139	11764	0	12756
19840	12025	155	155	479	0	12814
19841	12237	138	164	302	0	12841
19842	702	144	142	11905	0	12893
19843	493	126	124	11997	0	12740
19844	411	124	155	12220	0	12910
19845	364	147	11621	629	0	12761
19846	361	124	11207	357	0	12049
19847	305	160	11711	308	0	12484
19848	335	159	520	11777	0	12791
19849	346	139	12095	496	0	13076
19850	364	151	517	11954	0	12986
19851	341	137	12788	560	0	13826
19852	330	136	12401	343	0	13210
19853	12114	154	526	315	0	13109
19854	616	12277	297	250	0	13440
19855	12714	426	237	269	0	13646
19856	633	235	215	12458	0	13541
19857	423	199	212	12787	0	13621
19858	322	181	12669	564	0	13736
19859	329	12585	469	355	0	13738
19860	307	413	295	13000	0	14015
19861	301	228	12989	545	0	14063
19862	320	12667	448	298	0	13733
19863	302	399	295	12719	0	13715
19864	12678	229	237	546	0	13690
19865	12741	177	218	384	0	13520
19866	608	172	208	12697	0	13685
19867	12790	172	227	508	0	13697
19868	569	12640	214	327	0	13750
19869	392	403	204	13022	0	14021
19870	331	269	13072	506	0	14178
19871	326	205	435	13055	0	14021
19872	308	161	13115	556	0	14140
19873	12788	162	479	375	0	13804
19874	602	126	300	13258	0	14286
19875	390	13268	254	495	0	14407
19876	357	451	195	13761	0	14764
19877	312	218	13613	567	0	14710
19878	293	213	13320	395	0	14221
19879	306	162	13182	313	0	13963
19880	12464	178	602	284	0	13528
19881	479	12792	358	247	0	13876
19882	332	345	274	12792	0	13743
19883	12803	217	258	473	0	13751
19884	491	12815	222	314	0	13842
19885	13363	367	237	316	0	14283
19886	13674	224	243	256	0	14397
19887	13740	203	229	238	0	14410
19888	13934	163	227	247	0	14571
19889	600	164	13450	231	0	14445
19890	13073	155	415	252	0	13895
19891	530	148	13324	234	0	14236
19892	12279	149	419	230	0	13077
19893	510	147	281	12997	0	13935
19894	360	144	12858	341	0	13703
19895	327	12508	364	229	0	13428
19896	343	439	243	12086	0	13111
19897	290	12171	231	309	0	13001
19898	327	12357	176	229	0	13089
19899	11591	269	207	217	0	12284
19900	368	201	11392	159	0	12120
19901	292	11062	231	158	0	11743
19902	10951	205	232	184	0	11572
19903	323	10911	143	145	0	11522
19904	11049	165	149	193	0	11556
19905	326	141	135	10865	0	11467
19906	11037	149	145	213	0	11544
19907	306	113	127	10825	0	11371
19908	10905	113	149	258	0	11425
19909	298	101	135	10896	0	11430
19910	280	11048	152	191	0	11671
19911	250	156	150	11335	0	11891
19912	11358	114	168	208	0	11848
19913	232	11144	161	176	0	11713
19914	223	199	140	11194	0	11756
19915	11308	117	151	232	0	11808
19916	238	95	182	11280	0	11795
19917	219	102	146	11183	0	11650
19918	248	98	11357	184	0	11887
19919	185	148	10993	162	0	11488
19920	205	118	190	11051	0	11564
19921	229	82	11712	200	0	12223
19922	196	70	224	11555	0	12045
19923	250	83	181	10363	0	10877
19924	185	69	180	11704	0	12138
19925	189	79	11676	203	0	12147
19926	196	89	170	11018	0	11473
19927	183	76	164	11321	0	11744
19928	210	11390	121	227	0	11948
19929	191	128	121	11584	0	12024
19930	11595	96	121	252	0	12064
19931	236	99	112	11817	0	12264
19932	170	96	12980	254	0	13500
19933	12309	86	266	238	0	12899
19934	292	13727	215	176	0	14410
19935	256	254	159	14007	0	14676
19936	202	193	13735	346	0	14476
19937	12868	96	322	307	0	13593
19938	356	13578	231	236	0	14401
19939	13799	275	193	243	0	14510
19940	415	183	149	13692	0	14439
19941	13665	141	154	385	0	14345
19942	348	107	13606	288	0	14349
19943	254	13308	331	240	0	14133
19944	186	14393	261	204	0	15044
19945	14423	346	214	211	0	15194
19946	14474	239	185	178	0	15076
19947	420	169	14428	143	0	15160
19948	13949	139	311	195	0	14594
19949	14370	117	257	145	0	14889
19950	14487	92	169	190	0	14938
19951	486	13666	176	120	0	14448
19952	370	13928	142	109	0	14549
19953	13948	384	87	171	0	14590
19954	14146	256	96	159	0	14657
19955	461	14077	112	136	0	14786
19956	327	315	84	14186	0	14912
19957	224	219	14072	313	0	14828
19958	13616	159	317	230	0	14322
19959	13191	176	229	266	0	13862
19960	14510	112	146	226	0	14994
19961	483	14230	149	131	0	14993
19962	317	308	14353	130	0	15108
19963	14586	191	281	171	0	15229
19964	437	128	202	14794	0	15561
19965	325	139	139	14757	0	15360
19966	239	96	123	15327	0	15785
19967	191	101	15016	440	0	15748
19968	226	104	280	14721	0	15331
19969	146	96	14954	406	0	15602
19970	156	14437	349	251	0	15193
19971	14250	252	222	249	0	14973
19972	308	14261	192	148	0	14909
19973	270	14463	127	111	0	14971
19974	14365	373	133	159	0	15030
19975	342	14656	87	85	0	15170
19976	270	325	95	14305	0	14995
19977	202	14298	116	234	0	14850
19978	14213	335	98	218	0	14864
19979	329	14349	104	128	0	14910
19980	292	351	51	14438	0	15132
19981	196	258	14359	285	0	15098
19982	187	170	235	14516	0	15108
19983	192	14514	186	345	0	15237
19984	162	326	141	14807	0	15436
19985	188	204	102	14515	0	15009
19986	222	167	96	13978	0	14463
19987	192	104	75	14743	0	15114
19988	161	115	93	14862	0	15231
19989	143	106	111	15034	0	15394
19990	157	93	14816	584	0	15650
19991	14394	108	348	413	0	15263
19992	417	102	204	16047	0	16770
19993	247	103	15952	530	0	16832
19994	202	124	15942	301	0	16569
19995	165	123	561	16195	0	17044
19996	16379	106	344	549	0	17378
19997	468	140	16045	310	0	16963
19998	15787	125	497	264	0	16673
19999	575	107	16601	196	0	17479
20000	382	93	543	16484	0	17502
20001	315	119	290	17066	0	17790
20002	218	122	16768	609	0	17717
20003	15878	111	486	435	0	16910
20004	537	110	294	16608	0	17549
20005	332	94	16570	560	0	17556
20006	275	118	16607	347	0	17347
20007	272	94	640	15670	0	16676
20008	206	16518	385	501	0	17610
20009	16798	419	278	384	0	17879
20010	16658	259	219	281	0	17417
20011	677	197	16583	246	0	17703
20012	480	139	503	16087	0	17209
20013	16731	136	308	577	0	17752
20014	614	115	16653	356	0	17738
20015	16201	101	539	338	0	17179
20016	638	16129	343	281	0	17391
20017	431	435	299	16732	0	17897
20018	366	243	219	17132	0	17960
20019	17163	195	206	763	0	18327
20020	633	157	190	17292	0	18272
20021	403	118	178	17169	0	17868
20022	330	126	158	17451	0	18065
20023	16795	107	168	941	0	18011
20024	615	122	16593	545	0	17875
20025	16540	124	544	443	0	17651
20026	16817	98	338	377	0	17630
20027	17334	105	246	307	0	17992
20028	904	134	217	16712	0	17967
20029	544	105	16890	639	0	18178
20030	416	16148	588	391	0	17543
20031	325	16589	343	360	0	17617
20032	245	16246	233	285	0	17009
20033	251	570	16294	241	0	17356
20034	261	304	472	17776	0	18813
20035	18255	173	286	730	0	19444
20036	20032	147	245	452	0	20876
20037	958	111	186	20744	0	21999
20038	521	128	20519	861	0	22029
20039	442	112	20737	456	0	21747
20040	353	106	926	20859	0	22244
20041	308	130	21127	881	0	22446
20042	310	120	963	21048	0	22441
20043	320	132	481	20793	0	21726
20044	257	20634	373	1125	0	22389
20045	332	693	303	21315	0	22643
20046	332	329	243	22045	0	22949
20047	21186	223	276	1295	0	22980
20048	947	162	266	21625	0	23000
20049	574	159	260	21998	0	22991
20050	20966	142	255	1346	0	22709
20051	902	20843	287	783	0	22815
20052	21219	745	266	652	0	22882
20053	1038	381	20708	514	0	22641
20054	20765	282	844	557	0	22448
20055	21164	230	523	480	0	22397
20056	1242	198	20312	443	0	22195
20057	717	151	20538	421	0	21827
20058	604	148	1139	19715	0	21606
20059	19904	125	637	1111	0	21777
20060	1020	152	19663	669	0	21504
20061	689	159	1016	19632	0	21496
20062	490	135	19635	1136	0	21396
20063	473	143	1097	19418	0	21131
20064	474	125	667	19957	0	21223
20065	19146	135	530	1439	0	21250
20066	19177	119	446	977	0	20719
20067	20021	133	417	744	0	21315
20068	1384	164	19400	632	0	21580
20069	821	158	19755	568	0	21302
20070	647	167	1210	19264	0	21288
20071	596	156	715	19804	0	21271
20072	546	173	577	20367	0	21663
20073	19200	168	479	1538	0	21385
20074	1033	19063	445	994	0	21535
20075	18920	797	389	828	0	20934
20076	18855	384	399	721	0	20359
20077	1348	18186	408	610	0	20552
20078	892	19028	399	560	0	20879
20079	18799	961	419	692	0	20871
20080	1165	473	408	18348	0	20394
20081	764	18132	433	1279	0	20608
20082	737	827	379	18716	0	20659
20083	685	448	18068	1319	0	20520
20084	648	332	951	18479	0	20410
20085	18159	229	704	1431	0	20523
20086	1120	227	17903	972	0	20222
20087	780	197	17965	841	0	19783
20088	700	404	1304	16283	0	18691
20089	611	15868	802	1269	0	18550
20090	559	16241	640	933	0	18373
20091	531	17034	536	852	0	18953
20092	16136	940	441	823	0	18340
20093	16251	514	468	746	0	17979
20094	15785	329	442	797	0	17353
20095	1247	15342	454	802	0	17845
20096	16044	656	395	735	0	17830
20097	15956	432	443	683	0	17514
20098	1309	423	15236	625	0	17593
20099	959	14714	946	564	0	17183
20100	777	742	692	15055	0	17266
20101	14972	459	543	1088	0	17062
20102	1143	355	14639	795	0	16932
20103	872	314	903	14227	0	16316
20104	719	14366	673	1129	0	16887
20105	658	690	588	14706	0	16642
20106	701	448	513	15060	0	16722
20107	14770	358	498	1325	0	16951
20108	15046	347	456	989	0	16838
20109	1289	319	486	14812	0	16906
20110	898	315	14355	1187	0	16755
20111	768	321	14339	904	0	16332
20112	14386	299	1021	828	0	16534
20113	1242	296	14521	693	0	16752
20114	969	287	1003	13244	0	15503
20115	795	13655	725	977	0	16152
20116	13861	714	613	840	0	16028
20117	1073	13710	524	812	0	16119
20118	14144	742	508	829	0	16223
20119	1181	468	460	13994	0	16103
20120	882	414	452	14375	0	16123
20121	14047	409	401	1263	0	16120
20122	14383	363	424	901	0	16071
20123	1384	394	419	13958	0	16155
20124	999	410	434	14255	0	16098
20125	944	402	13459	1126	0	15931
20126	792	397	13469	864	0	15522
20127	13445	385	998	783	0	15611
20128	1001	385	13039	737	0	15162
20129	13204	344	964	764	0	15276
20130	13491	351	655	748	0	15245
20131	1214	340	12733	703	0	14990
20132	953	11940	840	665	0	14398
20133	816	12504	693	583	0	14596
20134	634	576	10095	549	0	11854
20135	681	625	786	8355	0	10447
20136	7646	293	528	697	0	9164
20137	7458	196	390	580	0	8624
20138	8251	169	433	486	0	9339
20139	9449	174	407	482	0	10512
20140	9688	186	331	536	0	10741
20141	789	9565	360	478	0	11192
20142	9577	482	305	529	0	10893
20143	722	9348	251	509	0	10830
20144	9312	601	239	432	0	10584
20145	757	325	8760	463	0	10305
20146	603	241	483	8676	0	10003
20147	621	200	322	8503	0	9646
20148	475	8434	281	737	0	9927
20149	8690	514	261	516	0	9981
20150	9022	323	262	358	0	9965
20151	840	326	274	8505	0	9945
20152	691	214	307	8771	0	9983
20153	8757	207	344	675	0	9983
20154	825	170	300	8674	0	9969
20155	605	172	309	8893	0	9979
20156	8701	204	362	724	0	9991
20157	676	199	355	8732	0	9962
20158	8752	199	264	738	0	9953
20159	8949	190	254	506	0	9899
20160	797	182	8484	417	0	9880
20161	8683	192	499	493	0	9867
20162	8813	199	388	412	0	9812
20163	8905	206	259	437	0	9807
20164	845	202	8199	413	0	9659
20165	692	181	486	8135	0	9494
20166	609	198	302	8488	0	9597
20167	517	196	8181	648	0	9542
20168	8128	188	595	442	0	9353
20169	712	199	365	8063	0	9339
20170	495	226	7842	671	0	9234
20171	447	235	8095	468	0	9245
20172	459	214	541	8181	0	9395
20173	447	245	8206	592	0	9490
20174	446	281	515	8192	0	9434
20175	502	215	289	8485	0	9491
20176	421	260	8136	656	0	9473
20177	369	282	505	7968	0	9124
20178	377	7812	308	633	0	9130
20179	401	8414	267	427	0	9509
20180	8237	536	264	416	0	9453
20181	8368	346	247	344	0	9305
20182	673	8064	269	402	0	9408
20183	8338	429	317	330	0	9414
20184	8549	260	244	356	0	9409
20185	751	233	276	8168	0	9428
20186	505	227	295	8421	0	9448
20187	8191	211	232	651	0	9285
20188	666	7877	174	424	0	9141
20189	504	8300	185	271	0	9260
20190	502	584	167	8080	0	9333
20191	471	338	7999	529	0	9337
20192	8052	235	467	366	0	9120
20193	8355	187	287	348	0	9177
20194	8240	195	221	329	0	8985
20195	802	7891	202	294	0	9189
20196	588	444	205	7863	0	9100
20197	497	269	205	8242	0	9213
20198	8059	220	235	680	0	9194
20199	664	7920	199	467	0	9250
20200	542	444	209	8041	0	9236
20201	528	263	191	8274	0	9256
20202	466	229	181	8377	0	9253
20203	8066	210	177	763	0	9216
20204	713	7851	171	527	0	9262
20205	516	486	177	7750	0	8929
20206	497	7910	202	646	0	9255
20207	8024	502	201	423	0	9150
20208	705	276	7690	415	0	9086
20209	7877	193	505	382	0	8957
20210	745	180	7658	342	0	8925
20211	534	197	509	7418	0	8658
20212	7523	185	281	591	0	8580
20213	673	197	7203	437	0	8510
20214	7494	174	403	399	0	8470
20215	7763	184	268	351	0	8566
20216	7877	144	202	374	0	8597
20217	804	158	192	7340	0	8494
20218	560	135	205	7522	0	8422
20219	503	110	180	7739	0	8532
20220	7479	125	208	696	0	8508
20221	686	7291	218	457	0	8652
20222	7716	352	219	372	0	8659
20223	7941	184	217	333	0	8675
20224	717	164	7419	329	0	8629
20225	7661	137	457	320	0	8575
20226	7974	133	291	323	0	8721
20227	732	152	271	7628	0	8783
20228	524	158	212	7765	0	8659
20229	443	160	215	7897	0	8715
20230	7632	152	194	652	0	8630
20231	7589	169	200	453	0	8411
20232	7481	139	191	360	0	8171
20233	691	6668	179	315	0	7853
20234	450	6465	166	319	0	7400
20235	409	6586	160	324	0	7479
20236	6583	386	164	341	0	7474
20237	554	231	6201	330	0	7316
20238	426	174	5336	301	0	6237
20239	4259	150	264	254	0	4927
20240	436	137	4166	231	0	4970
20241	299	179	171	3641	0	4290
20242	362	3441	123	247	0	4173
20243	3839	208	134	232	0	4413
20244	3911	128	105	249	0	4393
20245	3902	106	164	252	0	4424
20246	285	115	117	4134	0	4651
20247	273	96	4011	357	0	4737
20248	293	156	3827	260	0	4536
20249	4142	99	110	264	0	4615
20250	4263	110	118	258	0	4749
20251	4161	109	99	297	0	4666
20252	288	105	112	4249	0	4754
20253	358	94	113	4179	0	4744
20254	296	107	4046	275	0	4724
20255	4080	91	145	273	0	4589
20256	337	98	115	4325	0	4875
20257	256	96	118	4366	0	4836
20258	325	96	117	4299	0	4837
20259	313	4187	128	220	0	4848
20260	268	113	176	4303	0	4860
20261	305	114	123	4267	0	4809
20262	4349	94	118	241	0	4802
20263	299	118	4093	200	0	4710
20264	4047	100	191	241	0	4579
20265	4255	95	132	292	0	4774
20266	235	97	120	4295	0	4747
20267	205	103	172	4248	0	4728
20268	4263	106	126	224	0	4719
20269	225	114	4042	255	0	4636
20270	204	4049	185	204	0	4642
20271	217	127	160	4106	0	4610
20272	4102	117	105	260	0	4584
20273	221	117	137	4000	0	4475
20274	210	116	3879	253	0	4458
20275	227	108	3779	238	0	4352
20276	3991	118	130	182	0	4421
20277	251	108	71	4182	0	4612
20278	231	175	4008	165	0	4579
20279	4094	167	54	167	0	4482
20280	4434	115	54	161	0	4764
20281	273	109	49	4332	0	4763
20282	234	141	60	4327	0	4762
20283	251	4286	56	177	0	4770
20284	4598	99	53	166	0	4916
20285	198	111	67	4551	0	4927
20286	200	102	63	4586	0	4951
20287	242	99	4512	149	0	5002
20288	4314	131	80	155	0	4680
20289	4546	127	71	148	0	4892
20290	203	4372	63	189	0	4827
20291	186	75	4319	157	0	4737
20292	230	78	4244	146	0	4698
20293	242	82	53	4275	0	4652
20294	4537	77	49	156	0	4819
20295	180	116	44	4459	0	4799
20296	4623	88	51	193	0	4955
20297	4682	82	34	184	0	4982
20298	4703	74	60	132	0	4969
20299	167	107	50	4591	0	4915
20300	170	63	59	4584	0	4876
20301	4702	56	69	171	0	4998
20302	174	60	4685	131	0	5050
20303	4453	63	70	97	0	4683
20304	4533	87	63	90	0	4773
20305	159	51	4628	101	0	4939
20306	154	76	4504	79	0	4813
20307	184	4540	65	76	0	4865
20308	151	37	90	4658	0	4936
20309	4530	43	60	103	0	4736
20310	145	31	81	4669	0	4926
20311	152	33	4656	101	0	4942
20312	169	4536	46	72	0	4823
20313	143	4588	65	67	0	4863
20314	152	51	36	4744	0	4983
20315	157	38	30	4646	0	4871
20316	143	4568	34	78	0	4823
20317	114	38	4519	108	0	4779
20318	4283	43	35	119	0	4480
20319	4661	35	37	107	0	4840
20320	136	4636	35	50	0	4857
20321	4598	71	28	49	0	4746
20322	141	33	30	4452	0	4656
20323	4506	29	27	54	0	4616
20324	92	28	48	4385	0	4553
20325	95	4518	28	54	0	4695
20326	92	46	4452	59	0	4649
20327	72	37	31	4768	0	4908
20328	72	27	37	4629	0	4765
20329	68	27	26	5108	0	5229
20330	5251	35	21	91	0	5398
20331	133	32	16	5274	0	5455
20332	68	38	5604	92	0	5802
20333	46	46	5730	40	0	5862
20334	5820	35	157	44	0	6056
20335	149	27	6079	13	0	6268
20336	6135	5	167	23	0	6330
20337	166	3	76	6680	0	6925
20338	80	7	39	7011	0	7137
20339	51	6	20	7471	0	7548
20340	37	3	18	7427	0	7485
20341	7221	2	11	305	0	7539
20342	212	6	7240	103	0	7561
20343	105	3	206	7019	0	7333
20344	46	7403	68	217	0	7734
20345	7432	205	36	99	0	7772
20346	240	56	25	7227	0	7548
20347	7173	31	20	259	0	7483
20348	266	16	7087	93	0	7462
20349	114	9	230	6734	0	7087
20350	63	7018	75	229	0	7385
20351	7140	220	53	105	0	7518
20352	256	62	7060	80	0	7458
20353	110	35	235	6981	0	7361
20354	91	21	79	7318	0	7509
20355	7095	16	64	327	0	7502
20356	255	22	6994	149	0	7420
20357	102	28	7161	90	0	7381
20358	95	21	298	7051	0	7465
20359	61	13	7133	275	0	7482
20360	47	17	7272	122	0	7458
20361	87	14	305	7089	0	7495
20362	69	21	129	7311	0	7530
20363	75	18	81	7605	0	7779
20364	7348	16	66	371	0	7801
20365	265	7406	63	169	0	7903
20366	7535	240	71	113	0	7959
20367	329	76	60	7467	0	7932
20368	127	7527	54	303	0	8011
20369	101	250	57	7845	0	8253
20370	7909	81	61	378	0	8429
20371	304	8186	50	176	0	8716
20372	149	290	61	8526	0	9026
20373	96	86	8497	388	0	9067
20374	8420	62	344	196	0	9022
20375	363	52	116	8539	0	9070
20376	158	35	79	8807	0	9079
20377	121	42	8393	465	0	9021
20378	99	45	8488	208	0	8840
20379	8171	31	419	180	0	8801
20380	369	8058	165	141	0	8733
20381	168	336	104	8177	0	8785
20382	8248	119	88	398	0	8853
20383	396	80	8195	198	0	8869
20384	164	8096	356	166	0	8782
20385	137	328	162	8177	0	8804
20386	8158	110	126	441	0	8835
20387	8202	82	110	214	0	8608
20388	8410	55	94	189	0	8748
20389	484	8022	103	168	0	8777
20390	200	333	8084	158	0	8775
20391	189	117	382	8193	0	8881
20392	176	89	199	7589	0	8053
20393	124	57	139	8503	0	8823
20394	119	63	119	8573	0	8874
20395	8155	52	81	579	0	8867
20396	8249	79	109	289	0	8726
20397	502	60	7911	221	0	8694
20398	235	73	7978	199	0	8485
20399	7779	59	438	187	0	8463
20400	8130	68	207	177	0	8582
20401	522	75	136	7635	0	8368
20402	246	7736	110	461	0	8553
20403	7778	354	121	254	0	8507
20404	445	7561	124	231	0	8361
20405	218	7797	101	222	0	8338
20406	208	421	108	7904	0	8641
20407	186	157	109	8244	0	8696
20408	166	107	125	8260	0	8658
20409	172	99	130	8282	0	8683
20410	144	70	7775	592	0	8581
20411	7662	80	407	336	0	8485
20412	8101	90	179	273	0	8643
20413	539	64	160	7780	0	8543
20414	271	97	143	7983	0	8494
20415	7749	96	125	579	0	8549
20416	492	99	7299	319	0	8209
20417	7711	98	392	281	0	8482
20418	8055	95	188	261	0	8599
20419	548	96	7602	263	0	8509
20420	7958	95	400	251	0	8704
20421	527	96	191	8005	0	8819
20422	283	102	170	8245	0	8800
20423	223	87	158	8332	0	8800
20424	241	85	145	8349	0	8820
20425	7806	87	138	647	0	8678
20426	509	76	134	7875	0	8594
20427	254	77	154	7610	0	8095
20428	233	6701	137	603	0	7674
20429	195	7119	151	356	0	7821
20430	241	336	137	7127	0	7841
20431	6977	127	139	505	0	7748
20432	455	103	133	6621	0	7312
20433	247	100	6070	446	0	6863
20434	208	93	5727	282	0	6310
20435	5617	90	341	263	0	6311
20436	383	5669	157	259	0	6468
20437	5247	227	153	267	0	5894
20438	340	116	5109	268	0	5833
20439	208	177	236	4743	0	5364
20440	4698	79	133	337	0	5247
20441	279	4633	126	218	0	5256
20442	4628	170	139	233	0	5170
20443	259	102	4937	208	0	5506
20444	191	107	185	4926	0	5409
20445	214	89	107	5074	0	5484
20446	5094	86	106	337	0	5623
20447	5155	69	126	222	0	5572
20448	5287	80	146	198	0	5711
20449	5272	88	102	202	0	5664
20450	5325	104	104	192	0	5725
20451	276	5171	133	182	0	5762
20452	198	130	126	5400	0	5854
20453	5432	74	109	317	0	5932
20454	254	82	91	5473	0	5900
20455	201	72	111	5446	0	5830
20456	168	78	129	5491	0	5866
20457	198	5194	103	285	0	5780
20458	5335	145	111	260	0	5851
20459	222	113	107	5396	0	5838
20460	5251	81	100	295	0	5727
20461	5201	90	76	239	0	5606
20462	247	5035	83	215	0	5580
20463	5156	159	77	236	0	5628
20464	265	106	4958	197	0	5526
20465	4995	94	148	183	0	5420
20466	269	111	82	5046	0	5508
20467	160	93	4961	256	0	5470
20468	178	4931	163	206	0	5478
20469	198	132	4922	195	0	5447
20470	183	4665	129	171	0	5148
20471	4492	135	120	197	0	4944
20472	4445	73	106	196	0	4820
20473	4434	56	117	160	0	4767
20474	194	4265	90	166	0	4715
20475	4312	76	91	198	0	4677
20476	163	68	4172	187	0	4590
20477	182	62	4222	141	0	4607
20478	176	66	108	4258	0	4608
20479	185	89	68	4493	0	4835
20480	142	4416	70	180	0	4808
20481	4554	83	73	199	0	4909
20482	191	59	79	4619	0	4948
20483	144	4464	79	191	0	4878
20484	131	95	68	4742	0	5036
20485	4684	67	60	227	0	5038
20486	4549	65	55	197	0	4866
20487	193	66	4324	155	0	4738
20488	169	67	92	4454	0	4782
20489	128	75	4386	174	0	4763
20490	151	48	107	4482	0	4788
20491	136	45	4445	204	0	4830
20492	142	43	91	4530	0	4806
20493	125	70	4471	190	0	4856
20494	158	66	101	4484	0	4809
20495	183	61	4527	146	0	4917
20496	153	61	99	4538	0	4851
20497	122	51	101	4671	0	4945
20498	116	4622	74	195	0	5007
20499	147	79	55	4893	0	5174
20500	133	66	4713	184	0	5096
20501	115	64	83	4776	0	5038
20502	128	64	56	4784	0	5032
20503	4815	52	44	194	0	5105
20504	139	64	44	4892	0	5139
20505	118	51	42	4860	0	5071
20506	120	31	4604	202	0	4957
20507	4510	30	83	183	0	4806
20508	143	32	59	4813	0	5047
20509	140	28	62	4826	0	5056
20510	129	37	77	4843	0	5086
20511	4856	29	64	182	0	5131
20512	150	31	43	4907	0	5131
20513	100	36	39	4939	0	5114
20514	4830	38	42	201	0	5111
20515	145	4788	50	134	0	5117
20516	110	68	47	4806	0	5031
20517	112	45	40	4794	0	4991
20518	83	51	4648	163	0	4945
20519	4009	47	90	147	0	4293
20520	137	45	41	4588	0	4811
20521	72	35	4464	163	0	4734
20522	4500	32	69	144	0	4745
20523	106	30	56	4795	0	4987
20524	98	33	44	4869	0	5044
20525	93	42	36	4905	0	5076
20526	81	35	36	4953	0	5105
20527	62	45	5146	152	0	5405
20528	63	44	111	5368	0	5586
20529	70	37	55	6434	0	6596
20530	56	35	7281	282	0	7654
20531	7500	27	270	171	0	7968
20532	8048	24	145	123	0	8340
20533	8221	24	89	105	0	8439
20534	519	16	75	7882	0	8492
20535	8117	30	46	355	0	8548
20536	8402	26	35	199	0	8662
20537	579	18	27	8161	0	8785
20538	8100	20	39	405	0	8564
20539	8210	16	26	231	0	8483
20540	8235	12	31	168	0	8446
20541	8309	22	39	138	0	8508
20542	627	21	28	7716	0	8392
20543	345	7332	23	371	0	8071
20544	240	7515	35	202	0	7992
20545	191	7753	37	137	0	8118
20546	7323	484	16	153	0	7976
20547	7690	238	23	105	0	8056
20548	526	162	7223	103	0	8014
20549	7568	113	316	109	0	8106
20550	565	65	150	7520	0	8300
20551	354	52	99	7687	0	8192
20552	253	39	77	7880	0	8249
20553	7505	44	45	569	0	8163
20554	472	45	43	7546	0	8106
20555	289	7240	34	499	0	8062
20556	227	323	32	7603	0	8185
20557	184	176	7577	482	0	8419
20558	171	114	327	7804	0	8416
20559	7686	107	168	473	0	8434
20560	448	64	7643	284	0	8439
20561	297	52	376	7705	0	8430
20562	248	52	186	7756	0	8242
20563	211	44	122	7970	0	8347
20564	163	7692	98	596	0	8549
20565	190	356	60	7963	0	8569
20566	7806	165	53	574	0	8598
20567	7943	98	56	353	0	8450
20568	596	82	7512	229	0	8419
20569	329	56	7738	210	0	8333
20570	272	54	461	7670	0	8457
20571	245	38	233	8064	0	8580
20572	171	42	7796	605	0	8614
20573	205	57	404	7511	0	8177
20574	163	7665	217	523	0	8568
20575	7969	364	139	367	0	8839
20576	8151	188	118	258	0	8715
20577	8261	114	76	246	0	8697
20578	646	126	7830	179	0	8781
20579	420	70	382	8055	0	8927
20580	297	51	7936	507	0	8791
20581	7798	42	453	308	0	8601
20582	521	7806	250	246	0	8823
20583	296	354	162	7983	0	8795
20584	7948	183	139	543	0	8813
20585	546	130	83	8049	0	8808
20586	368	101	105	8339	0	8913
20587	285	71	7820	652	0	8828
20588	7668	82	397	412	0	8559
20589	549	7804	228	312	0	8893
20590	369	348	174	8089	0	8980
20591	8047	165	136	561	0	8909
20592	580	111	110	8167	0	8968
20593	8086	123	105	596	0	8910
20594	570	7912	98	415	0	8995
20595	8282	390	86	318	0	9076
20596	616	213	8013	274	0	9116
20597	8266	164	391	241	0	9062
20598	8401	135	229	248	0	9013
20599	8582	92	175	202	0	9051
20600	774	86	147	8018	0	9025
20601	503	106	151	7905	0	8665
20602	380	90	128	8261	0	8859
20603	333	7668	93	711	0	8805
20604	8000	398	84	495	0	8977
20605	635	191	94	8077	0	8997
20606	418	121	112	8326	0	8977
20607	361	138	100	8411	0	9010
20608	7999	112	106	744	0	8961
20609	610	107	89	8181	0	8987
20610	408	96	7704	687	0	8895
20611	332	7722	391	484	0	8929
20612	334	397	216	8092	0	9039
20613	295	238	158	8346	0	9037
20614	298	163	149	8465	0	9075
20615	270	172	7786	765	0	8993
20616	275	105	7949	537	0	8866
20617	293	102	526	8234	0	9155
20618	284	97	8332	673	0	9386
20619	270	90	508	8600	0	9468
20620	8480	78	311	744	0	9613
20621	8916	97	200	527	0	9740
20622	8992	117	176	406	0	9691
20623	743	113	8328	390	0	9574
20624	8458	115	444	359	0	9376
20625	713	100	257	8587	0	9657
20626	490	94	8317	583	0	9484
20627	361	98	8196	438	0	9093
20628	343	7754	541	391	0	9029
20629	276	7163	314	317	0	8070
20630	6302	276	258	267	0	7103
20631	379	122	132	6013	0	6646
20632	297	113	5807	309	0	6526
20633	242	94	200	5941	0	6477
20634	5995	87	135	363	0	6580
20635	318	88	6183	267	0	6856
20636	6248	84	200	258	0	6790
20637	6613	78	150	275	0	7116
20638	6695	87	120	240	0	7142
20639	358	6370	112	248	0	7088
20640	6718	186	112	251	0	7267
20641	350	102	91	6757	0	7300
20642	226	97	127	6720	0	7170
20643	212	111	110	6824	0	7257
20644	187	118	116	6797	0	7218
20645	6576	93	123	369	0	7161
20646	303	6320	126	255	0	7004
20647	198	6176	122	258	0	6754
20648	190	6410	154	211	0	6965
20649	6481	190	127	228	0	7026
20650	6484	96	120	252	0	6952
20651	6471	70	127	239	0	6907
20652	6453	73	110	239	0	6875
20653	326	73	98	6464	0	6961
20654	224	68	114	6471	0	6877
20655	6418	82	102	334	0	6936
20656	267	6246	127	262	0	6902
20657	6206	155	151	212	0	6724
20658	6307	93	109	232	0	6741
20659	322	81	95	6276	0	6774
20660	188	6158	139	301	0	6786
20661	189	162	101	6505	0	6957
20662	6387	98	95	337	0	6917
20663	264	96	6385	218	0	6963
20664	184	92	185	6342	0	6803
20665	160	6328	119	305	0	6912
20666	6429	156	115	224	0	6924
20667	6377	97	110	195	0	6779
20668	279	97	6405	155	0	6936
20669	200	6205	221	160	0	6786
20670	196	146	6371	167	0	6880
20671	190	99	180	6286	0	6755
20672	168	63	6284	262	0	6777
20673	171	64	6130	192	0	6557
20674	170	6066	187	169	0	6592
20675	6109	140	117	171	0	6537
20676	6211	86	89	164	0	6550
20677	263	6159	87	167	0	6676
20678	181	6186	108	162	0	6637
20679	162	168	5901	170	0	6401
20680	160	107	5686	139	0	6092
20681	160	91	5944	143	0	6338
20682	159	86	181	6003	0	6429
20683	133	68	6016	259	0	6476
20684	174	53	157	5900	0	6284
20685	144	65	87	5860	0	6156
20686	141	60	5916	252	0	6369
20687	126	5794	177	167	0	6264
20688	149	146	91	5942	0	6328
20689	5955	110	80	219	0	6364
20690	217	61	88	5945	0	6311
20691	156	65	5925	219	0	6365
20692	135	5801	170	153	0	6259
20693	139	6119	89	143	0	6490
20694	133	180	75	6070	0	6458
20695	6009	65	88	231	0	6393
20696	5996	55	92	171	0	6314
20697	261	51	85	5875	0	6272
20698	172	5978	79	204	0	6433
20699	150	147	74	6193	0	6564
20700	117	92	84	6394	0	6687
20701	118	59	78	6465	0	6720
20702	6611	73	76	315	0	7075
20703	248	6625	81	170	0	7124
20704	6720	198	86	182	0	7186
20705	6852	95	86	193	0	7226
20706	6912	72	85	159	0	7228
20707	7112	76	84	143	0	7415
20708	356	64	74	6928	0	7422
20709	187	61	6918	265	0	7431
20710	133	6880	257	148	0	7418
20711	6981	248	123	140	0	7492
20712	7174	117	94	145	0	7530
20713	7355	59	70	150	0	7634
20714	370	51	7032	120	0	7573
20715	7001	43	286	109	0	7439
20716	7252	60	133	115	0	7560
20717	374	61	85	7084	0	7604
20718	202	62	6775	255	0	7294
20719	152	6601	232	159	0	7144
20720	178	240	122	6618	0	7158
20721	6583	119	77	245	0	7024
20722	321	75	73	6496	0	6965
20723	181	65	81	6738	0	7065
20724	6856	52	58	326	0	7292
20725	299	55	6684	169	0	7207
20726	6749	61	261	126	0	7197
20727	6814	61	126	99	0	7100
20728	6839	84	64	92	0	7079
20729	6848	70	50	93	0	7061
20730	416	49	6436	71	0	6972
20731	228	46	239	6397	0	6910
20732	140	61	6415	267	0	6883
20733	135	58	264	6270	0	6727
20734	123	46	6258	285	0	6712
20735	5649	45	249	176	0	6119
20736	297	5549	118	107	0	6071
20737	173	5760	74	84	0	6091
20738	174	289	60	5915	0	6438
20739	132	126	58	6197	0	6513
20740	126	6349	52	364	0	6891
20741	6445	286	52	194	0	6977
20742	6940	115	46	158	0	7259
20743	7228	76	62	118	0	7484
20744	7671	59	63	87	0	7880
20745	523	68	58	7343	0	7992
20746	278	69	53	7747	0	8147
20747	7706	60	45	501	0	8312
20748	479	57	62	7671	0	8269
20749	255	59	7374	434	0	8122
20750	203	60	7563	196	0	8022
20751	180	54	458	7560	0	8252
20752	155	57	7581	415	0	8208
20753	7458	50	424	236	0	8168
20754	448	56	191	7568	0	8263
20755	7673	54	121	450	0	8298
20756	499	65	7561	213	0	8338
20757	274	52	394	7628	0	8348
20758	206	47	7751	423	0	8427
20759	137	7600	459	240	0	8436
20760	7525	371	211	192	0	8299
20761	7738	161	136	147	0	8182
20762	556	7384	104	151	0	8195
20763	7461	370	114	131	0	8076
20764	528	177	104	7265	0	8074
20765	287	112	112	7572	0	8083
20766	7334	72	110	534	0	8050
20767	487	7025	123	274	0	7909
20768	309	7374	107	184	0	7974
20769	277	461	111	7138	0	7987
20770	7117	206	101	467	0	7891
20771	7391	133	105	266	0	7895
20772	7450	89	118	202	0	7859
20773	653	105	6920	161	0	7839
20774	370	110	7075	157	0	7712
20775	286	6888	503	156	0	7833
20776	6968	412	239	151	0	7770
20777	572	180	153	6787	0	7692
20778	6941	122	130	465	0	7658
20779	7183	90	129	254	0	7656
20780	650	88	130	6790	0	7658
20781	394	96	6724	480	0	7694
20782	6915	88	416	283	0	7702
20783	572	82	214	6869	0	7737
20784	355	96	6829	496	0	7776
20785	6930	98	421	295	0	7744
20786	7191	81	223	253	0	7748
20787	679	80	174	6855	0	7788
20788	405	93	6749	513	0	7760
20789	339	89	428	6630	0	7486
20790	266	6736	244	528	0	7774
20791	300	393	6729	289	0	7711
20792	305	6830	424	228	0	7787
20793	6843	434	231	204	0	7712
20794	7070	188	175	225	0	7658
20795	7164	128	146	202	0	7640
20796	7170	97	143	224	0	7634
20797	738	93	141	6648	0	7620
20798	6687	105	162	498	0	7452
20799	636	111	125	6509	0	7381
20800	6363	78	167	531	0	7139
20801	603	5991	143	315	0	7052
20802	413	329	134	5692	0	6568
20803	353	5721	131	413	0	6618
20804	5862	355	131	272	0	6620
20805	5943	155	143	233	0	6474
20806	603	5519	116	223	0	6461
20807	438	314	142	5478	0	6372
20808	344	186	5313	427	0	6270
20809	324	150	346	5392	0	6212
20810	281	121	5328	447	0	6177
20811	341	117	375	4978	0	5811
20812	306	5111	220	412	0	6049
20813	5205	281	171	280	0	5937
20814	5314	144	170	246	0	5874
20815	560	143	141	5068	0	5912
20816	5400	104	144	431	0	6079
20817	513	121	147	5315	0	6096
20818	329	121	148	5491	0	6089
20819	354	127	126	5534	0	6141
20820	5435	122	123	530	0	6210
20821	5630	121	133	295	0	6179
20822	5654	104	129	278	0	6165
20823	583	5097	135	241	0	6056
20824	5239	265	139	235	0	5878
20825	530	4913	132	220	0	5795
20826	5117	305	122	244	0	5788
20827	545	169	137	4895	0	5746
20828	366	169	128	5138	0	5801
20829	5063	130	129	461	0	5783
20830	5116	145	141	318	0	5720
20831	555	4774	119	289	0	5737
20832	5083	309	136	234	0	5762
20833	554	177	109	4872	0	5712
20834	392	155	145	5009	0	5701
20835	5004	108	114	468	0	5694
20836	507	119	4694	317	0	5637
20837	360	4575	291	278	0	5504
20838	356	279	161	4251	0	5047
20839	304	157	3909	347	0	4717
20840	327	187	204	3719	0	4437
20841	3781	95	172	328	0	4376
20842	395	3221	137	273	0	4026
20843	315	3011	141	237	0	3704
20844	311	2771	117	211	0	3410
20845	254	179	133	2689	0	3255
20846	2679	118	152	242	0	3191
20847	303	111	117	2610	0	3141
20848	2662	96	113	252	0	3123
20849	2629	108	151	209	0	3097
20850	288	113	139	2543	0	3083
20851	2604	106	113	236	0	3059
20852	276	123	127	2552	0	3078
20853	264	120	2510	198	0	3092
20854	2633	121	117	204	0	3075
20855	285	117	2721	192	0	3315
20856	2755	127	153	139	0	3174
20857	295	115	2624	197	0	3231
20858	259	102	138	2611	0	3110
20859	241	121	97	2670	0	3129
20860	2792	116	65	205	0	3178
20861	305	93	71	2749	0	3218
20862	2847	108	85	222	0	3262
20863	303	2702	73	169	0	3247
20864	3068	128	75	172	0	3443
20865	243	131	66	3062	0	3502
20866	255	113	80	3049	0	3497
20867	229	100	66	3104	0	3499
20868	217	130	73	3079	0	3499
20869	214	73	2943	234	0	3464
20870	231	77	2874	160	0	3342
20871	205	78	142	3012	0	3437
20872	219	87	3020	168	0	3494
20873	197	2970	139	161	0	3467
20874	203	116	117	3078	0	3514
20875	194	93	3042	197	0	3526
20876	237	75	2953	152	0	3417
20877	174	73	118	3194	0	3559
20878	213	57	85	3201	0	3556
20879	190	3121	79	213	0	3603
20880	187	127	60	3325	0	3699
20881	150	89	3242	230	0	3711
20882	3252	79	148	150	0	3629
20883	261	84	55	3378	0	3778
20884	3424	76	78	204	0	3782
20885	3504	84	66	157	0	3811
20886	3612	72	71	134	0	3889
20887	220	87	3443	181	0	3931
20888	176	79	3459	134	0	3848
20889	3275	76	138	162	0	3651
20890	221	101	3512	130	0	3964
20891	200	88	121	3426	0	3835
20892	181	77	61	3565	0	3884
20893	181	86	3452	200	0	3919
20894	195	3452	104	153	0	3904
20895	3554	126	66	147	0	3893
20896	223	3521	60	144	0	3948
20897	155	3679	46	170	0	4050
20898	3716	135	69	141	0	4061
20899	190	95	3689	142	0	4116
20900	142	77	3720	123	0	4062
20901	138	92	136	3675	0	4041
20902	3787	61	76	193	0	4117
20903	184	3773	55	125	0	4137
20904	3902	125	51	131	0	4209
20905	197	70	3913	113	0	4293
20906	122	4187	118	120	0	4547
20907	118	121	83	4334	0	4656
20908	108	72	4328	204	0	4712
20909	124	66	124	4413	0	4727
20910	153	57	85	3870	0	4165
20911	126	64	47	4482	0	4719
20912	117	66	45	4478	0	4706
20913	4373	60	47	216	0	4696
20914	4395	53	49	144	0	4641
20915	209	53	4307	133	0	4702
20916	4176	51	131	120	0	4478
20917	210	4203	70	98	0	4581
20918	4268	136	49	110	0	4563
20919	206	71	4212	100	0	4589
20920	132	60	143	4168	0	4503
20921	121	48	4220	175	0	4564
20922	107	48	4235	102	0	4492
20923	96	66	157	4184	0	4503
20924	100	40	80	4263	0	4483
20925	73	60	4161	207	0	4501
20926	93	4044	148	110	0	4395
20927	86	4191	76	93	0	4446
20928	78	145	53	4225	0	4501
20929	4131	60	58	172	0	4421
20930	160	4276	67	91	0	4594
20931	76	146	4262	86	0	4570
20932	83	67	4189	69	0	4408
20933	57	55	4337	83	0	4532
20934	53	42	179	4139	0	4413
20935	4248	42	83	165	0	4538
20936	123	4176	89	97	0	4485
20937	71	130	4173	78	0	4452
20938	47	4167	152	73	0	4439
20939	54	139	84	4226	0	4503
20940	49	60	4222	163	0	4494
20941	50	4254	143	78	0	4525
20942	61	140	77	4211	0	4489
20943	55	65	70	4393	0	4583
20944	48	49	4406	161	0	4664
20945	46	42	157	4260	0	4505
20946	53	4261	83	160	0	4557
20947	48	124	4279	89	0	4540
20948	4165	58	153	86	0	4462
20949	146	52	79	4332	0	4609
20950	59	44	77	4344	0	4524
20951	68	4322	67	162	0	4619
20952	4282	134	72	94	0	4582
20953	139	66	4223	82	0	4510
20954	4169	55	154	74	0	4452
20955	142	46	76	4115	0	4379
20956	68	4084	77	144	0	4373
20957	58	109	69	4192	0	4428
20958	49	44	65	4310	0	4468
20959	4194	53	55	169	0	4471
20960	4313	42	72	96	0	4523
20961	151	38	61	4292	0	4542
20962	69	45	4210	157	0	4481
20963	3899	48	135	103	0	4185
20964	137	4125	70	88	0	4420
20965	67	126	59	4157	0	4409
20966	69	46	67	4286	0	4468
20967	55	54	68	4324	0	4501
20968	58	45	4183	189	0	4475
20969	45	42	158	4156	0	4401
20970	52	4177	91	165	0	4485
20971	54	124	71	4183	0	4432
20972	50	4180	65	161	0	4456
20973	70	132	59	4171	0	4432
20974	61	57	4092	182	0	4392
20975	3844	57	160	98	0	4159
20976	139	53	88	4152	0	4432
20977	72	49	4112	163	0	4396
20978	54	4081	137	113	0	4385
20979	4025	126	93	100	0	4344
20980	122	77	3986	107	0	4292
20981	3976	52	141	100	0	4269
20982	120	48	98	4132	0	4398
20983	96	44	64	4150	0	4354
20984	67	4090	67	153	0	4377
20985	4102	122	62	103	0	4389
20986	4025	70	65	93	0	4253
20987	130	4156	80	87	0	4453
20988	79	119	69	4203	0	4470
20989	76	62	81	4234	0	4453
20990	71	49	68	4231	0	4419
20991	44	53	4091	175	0	4363
20992	3966	49	118	126	0	4259
20993	115	65	80	4122	0	4382
20994	81	61	59	4168	0	4369
20995	62	63	4071	158	0	4354
20996	56	59	3995	101	0	4211
20997	66	48	151	4134	0	4399
20998	59	51	4189	151	0	4450
20999	4027	50	137	128	0	4342
21000	108	46	87	4203	0	4444
21001	86	59	55	4311	0	4511
21002	62	44	4410	175	0	4691
21003	57	44	130	4492	0	4723
21004	49	40	4579	151	0	4819
21005	54	4379	132	103	0	4668
21006	4091	101	86	104	0	4382
21007	4036	52	72	99	0	4259
21008	102	4013	49	90	0	4254
21009	69	79	58	4120	0	4326
21010	51	55	4101	128	0	4335
21011	49	39	110	4118	0	4316
21012	4083	34	70	135	0	4322
21013	90	4131	54	91	0	4366
21014	4164	87	60	84	0	4395
21015	89	59	52	4160	0	4360
21016	4139	42	67	120	0	4368
21017	96	4131	67	84	0	4378
21018	4140	91	62	80	0	4373
21019	81	45	4086	97	0	4309
21020	53	4097	98	89	0	4337
21021	40	81	89	4201	0	4411
21022	4328	57	65	134	0	4584
21023	4402	40	60	108	0	4610
21024	113	39	57	4420	0	4629
21025	4433	59	53	134	0	4679
21026	4428	66	42	105	0	4641
21027	4521	58	46	100	0	4725
21028	111	48	54	4500	0	4713
21029	74	55	4498	112	0	4739
21030	50	53	4185	96	0	4384
21031	55	24	4359	82	0	4520
21032	4369	42	123	64	0	4598
21033	106	36	64	4491	0	4697
21034	58	4519	49	122	0	4748
21035	69	92	44	4553	0	4758
21036	51	4647	47	102	0	4847
21037	4747	101	43	97	0	4988
21038	89	60	50	4876	0	5075
21039	74	29	47	4987	0	5137
21040	5006	43	49	159	0	5257
21041	112	38	36	5063	0	5249
21042	80	48	33	5169	0	5330
21043	5185	33	35	183	0	5436
21044	116	36	5186	93	0	5431
21045	85	35	120	5228	0	5468
21046	52	37	5234	154	0	5477
21047	5154	34	117	103	0	5408
21048	136	33	57	5354	0	5580
21049	5377	24	42	174	0	5617
21050	139	36	47	5481	0	5703
21051	92	43	5573	144	0	5852
21052	64	36	119	5727	0	5946
21053	5842	23	70	191	0	6126
21054	130	5904	46	115	0	6195
21055	91	119	5881	80	0	6171
21056	5583	48	127	104	0	5862
21057	140	5782	56	101	0	6079
21058	85	5875	41	97	0	6098
21059	68	6396	47	76	0	6587
21060	75	158	38	6755	0	7026
21061	6829	58	58	217	0	7162
21062	7145	35	53	99	0	7332
21063	223	48	6946	82	0	7299
21064	6835	34	165	106	0	7140
21065	186	6897	70	94	0	7247
21066	103	163	52	7106	0	7424
21067	7316	60	45	232	0	7653
21068	7437	41	51	113	0	7642
21069	7487	45	42	97	0	7671
21070	7397	38	45	90	0	7570
21071	7497	43	37	78	0	7655
21072	251	41	46	7363	0	7701
21073	121	41	7355	194	0	7711
21074	100	36	173	7460	0	7769
21075	102	32	72	7618	0	7824
21076	7495	37	53	236	0	7821
21077	214	7320	58	111	0	7703
21078	7495	159	49	94	0	7797
21079	7675	58	44	94	0	7871
21080	7818	43	42	88	0	7991
21081	7886	29	48	110	0	8073
21082	271	35	7586	78	0	7970
21083	7594	44	176	97	0	7911
21084	7847	40	70	95	0	8052
21085	6943	38	47	148	0	7176
21086	7876	33	38	74	0	8021
21087	298	37	35	7542	0	7912
21088	146	45	7363	216	0	7770
21089	7273	25	167	135	0	7600
21090	263	7419	89	81	0	7852
21091	152	168	66	7392	0	7778
21092	129	7555	62	207	0	7953
21093	144	162	57	7767	0	8130
21094	7796	76	48	238	0	8158
21095	7889	40	62	119	0	8110
21096	7905	53	49	95	0	8102
21097	292	41	7343	100	0	7776
21098	7460	43	177	89	0	7769
21099	291	40	7259	82	0	7672
21100	196	43	7064	83	0	7386
21101	148	40	7305	75	0	7568
21102	166	40	219	6753	0	7178
21103	152	40	99	7114	0	7405
21104	147	42	62	7107	0	7358
21105	144	53	64	7022	0	7283
21106	160	46	62	6759	0	7027
21107	140	46	56	7007	0	7249
21108	123	7021	52	250	0	7446
21109	6975	173	53	133	0	7334
21110	239	7032	63	99	0	7433
21111	190	175	45	7118	0	7528
21112	143	85	46	7270	0	7544
21113	7138	44	60	270	0	7512
21114	282	7023	55	127	0	7487
21115	7189	169	56	120	0	7534
21116	282	80	57	7082	0	7501
21117	206	56	57	7142	0	7461
21118	167	45	70	7193	0	7475
21119	151	47	7025	264	0	7487
21120	172	49	194	6971	0	7386
21121	144	57	6870	258	0	7329
21122	132	53	6607	173	0	6965
21123	156	52	6971	122	0	7301
21124	164	45	211	7056	0	7476
21125	155	52	100	7287	0	7594
21126	158	46	67	7446	0	7717
21127	7410	60	63	291	0	7824
21128	272	67	72	7679	0	8090
21129	7773	54	79	292	0	8198
21130	297	7726	87	174	0	8284
21131	8245	196	77	163	0	8681
21132	8636	86	69	158	0	8949
21133	366	8674	63	134	0	9237
21134	8726	241	56	158	0	9181
21135	8861	81	66	160	0	9168
21136	9004	70	61	161	0	9296
21137	8987	53	96	156	0	9292
21138	421	54	8561	139	0	9175
21139	214	8500	247	130	0	9091
21140	232	216	98	8426	0	8972
21141	8457	101	100	305	0	8963
21142	347	67	8357	182	0	8953
21143	224	8233	228	160	0	8845
21144	195	213	119	8033	0	8560
21145	188	8206	78	270	0	8742
21146	207	217	86	8263	0	8773
21147	215	120	81	8354	0	8770
21148	193	90	8198	327	0	8808
21149	200	84	8079	166	0	8529
21150	7733	55	267	175	0	8230
21151	342	67	8070	122	0	8601
21152	211	70	7958	122	0	8361
21153	207	74	269	7685	0	8235
21154	191	94	133	7649	0	8067
21155	178	7560	126	308	0	8172
21156	174	8169	130	166	0	8639
21157	156	286	8185	140	0	8767
21158	178	164	260	8338	0	8940
21159	160	117	8184	311	0	8772
21160	155	64	7486	187	0	7892
21161	154	7441	284	139	0	8018
21162	189	187	151	7241	0	7768
21163	7285	107	121	253	0	7766
21164	334	81	74	7311	0	7800
21165	7364	92	76	271	0	7803
21166	7345	64	86	185	0	7680
21167	7299	47	86	164	0	7596
21168	376	50	7015	113	0	7554
21169	7156	55	226	126	0	7563
21170	344	73	127	7250	0	7794
21171	7332	59	119	287	0	7797
21172	7444	60	96	214	0	7814
21173	308	7164	124	169	0	7765
21174	7273	198	81	176	0	7728
21175	321	103	7140	158	0	7722
21176	7113	87	226	133	0	7559
21177	7269	94	128	132	0	7623
21178	357	7116	97	127	0	7697
21179	7236	199	103	121	0	7659
21180	374	91	90	6838	0	7393
21181	250	78	93	6878	0	7299
21182	187	6719	119	271	0	7296
21183	220	203	87	6885	0	7395
21184	190	97	91	7012	0	7390
21185	162	86	6805	325	0	7378
21186	167	97	6706	210	0	7180
21187	6576	77	240	220	0	7113
21188	6897	79	169	157	0	7302
21189	351	77	116	6846	0	7390
21190	193	99	6851	274	0	7417
21191	179	6737	247	174	0	7337
21192	177	237	133	6776	0	7323
21193	154	100	6787	318	0	7359
21194	6604	87	240	209	0	7140
21195	310	79	144	6979	0	7512
21196	193	7008	115	298	0	7614
21197	178	223	111	7117	0	7629
21198	176	100	116	7258	0	7650
21199	158	88	148	7336	0	7730
21200	7148	76	120	396	0	7740
21201	317	79	127	7207	0	7730
21202	7234	79	102	389	0	7804
21203	7365	57	83	261	0	7766
21204	370	84	7116	206	0	7776
21205	210	7155	267	181	0	7813
21206	209	273	128	6603	0	7213
21207	166	7458	127	307	0	8058
21208	7571	312	115	203	0	8201
21209	356	141	114	7600	0	8211
21210	202	137	7516	343	0	8198
21211	193	108	7448	218	0	7967
21212	172	97	7509	197	0	7975
21213	7358	86	373	208	0	8025
21214	358	7497	172	192	0	8219
21215	7481	283	154	194	0	8112
21216	405	7544	127	161	0	8237
21217	241	311	129	7525	0	8206
21218	223	147	136	7506	0	8012
21219	203	7561	136	360	0	8260
21220	170	296	7541	238	0	8245
21221	173	7652	343	185	0	8353
21222	7550	311	166	200	0	8227
21223	383	167	139	7308	0	7997
21224	209	149	7122	338	0	7818
21225	205	122	7145	201	0	7673
21226	210	109	358	7032	0	7709
21227	214	107	6954	320	0	7595
21228	166	111	6598	200	0	7075
21229	6141	103	338	174	0	6756
21230	321	6258	185	135	0	6899
21231	5930	246	141	161	0	6478
21232	353	131	5737	146	0	6367
21233	192	5400	270	142	0	6004
21234	173	5601	158	151	0	6083
21235	189	302	152	5404	0	6047
21236	165	141	139	5599	0	6044
21237	157	112	138	5710	0	6117
21238	139	105	5581	333	0	6158
21239	149	114	304	5543	0	6110
21240	136	103	145	5783	0	6167
21241	5607	102	137	370	0	6216
21242	260	5519	152	216	0	6147
21243	159	269	130	5649	0	6207
21244	5564	150	130	334	0	6178
21245	5613	132	129	207	0	6081
21246	340	99	129	5560	0	6128
21247	187	102	5531	319	0	6139
21248	179	75	303	5569	0	6126
21249	111	101	5617	335	0	6164
21250	5604	87	305	224	0	6220
21251	6183	81	180	207	0	6651
21252	375	101	152	6355	0	6983
21253	213	88	6418	361	0	7080
21254	170	6750	316	222	0	7458
21255	170	331	6883	157	0	7541
21256	156	181	369	6142	0	6848
21257	134	6489	197	337	0	7157
21258	6191	300	139	223	0	6853
21259	363	119	140	5999	0	6621
21260	180	6084	138	329	0	6731
21261	6235	293	109	178	0	6815
21262	387	115	101	6162	0	6765
21263	205	6154	112	329	0	6800
21264	201	292	120	6198	0	6811
21265	177	141	6112	336	0	6766
21266	5970	121	276	189	0	6556
21267	6173	113	132	163	0	6581
21268	388	114	5881	156	0	6539
21269	209	5828	299	162	0	6498
21270	5893	290	134	200	0	6517
21271	368	132	133	5841	0	6474
21272	221	127	130	5892	0	6370
21273	193	121	111	5962	0	6387
21274	192	102	112	5979	0	6385
21275	185	92	149	5949	0	6375
21276	5705	104	121	444	0	6374
21277	5932	111	106	249	0	6398
21278	388	124	103	5758	0	6373
21279	220	116	114	5948	0	6398
21280	164	101	5668	439	0	6372
21281	146	118	5757	254	0	6275
21282	5590	113	347	240	0	6290
21283	330	100	197	5695	0	6322
21284	192	92	5630	402	0	6316
21285	158	94	347	5692	0	6291
21286	5618	95	184	435	0	6332
21287	5874	94	152	258	0	6378
21288	423	90	118	5747	0	6378
21289	219	84	134	5939	0	6376
21290	5754	113	133	445	0	6445
21291	364	116	140	5707	0	6327
21292	198	5634	135	426	0	6393
21293	199	324	118	5707	0	6348
21294	200	132	112	5860	0	6304
21295	144	127	5483	458	0	6212
21296	153	121	5420	272	0	5966
21297	150	5459	325	278	0	6212
21298	5392	261	188	256	0	6097
21299	5416	135	156	252	0	5959
21300	5501	117	159	207	0	5984
21301	395	5174	140	220	0	5929
21302	259	5457	148	183	0	6047
21303	5300	321	124	205	0	5950
21304	329	5389	175	179	0	6072
21305	190	350	5197	212	0	5949
21306	164	5252	304	215	0	5935
21307	173	304	5083	210	0	5770
21308	4890	174	296	220	0	5580
21309	5090	138	164	247	0	5639
21310	336	4952	193	211	0	5692
21311	5135	279	159	216	0	5789
21312	5555	155	152	181	0	6043
21313	5661	148	127	211	0	6147
21314	401	168	139	5503	0	6211
21315	5578	138	135	391	0	6242
21316	391	146	5326	235	0	6098
21317	5472	130	326	240	0	6168
21318	390	133	180	5587	0	6290
21319	233	139	5427	388	0	6187
21320	235	141	5539	230	0	6145
21321	246	117	349	5503	0	6215
21322	195	122	192	5746	0	6255
21323	5565	101	168	475	0	6309
21324	371	96	170	5667	0	6304
21325	240	89	5531	435	0	6295
21326	240	121	285	5537	0	6183
21327	193	5621	209	420	0	6443
21328	5773	278	192	258	0	6501
21329	409	153	129	5802	0	6493
21330	227	156	5635	422	0	6440
21331	236	5599	303	261	0	6399
21332	5541	267	176	267	0	6251
21333	367	145	166	5627	0	6305
21334	232	148	5523	392	0	6295
21335	232	5444	279	280	0	6235
21336	5503	258	163	273	0	6197
21337	5513	112	133	254	0	6012
21338	5563	118	143	244	0	6068
21339	408	110	155	5395	0	6068
21340	270	103	115	5580	0	6068
21341	5448	100	127	380	0	6055
21342	332	5254	129	292	0	6007
21343	5435	248	132	259	0	6074
21344	371	128	117	5479	0	6095
21345	5632	109	118	358	0	6217
21346	384	112	125	5537	0	6158
21347	277	118	128	5611	0	6134
21348	250	83	97	5715	0	6145
21349	247	120	115	5670	0	6152
21350	241	101	5232	377	0	5951
21351	194	100	4884	284	0	5462
21352	4434	97	243	250	0	5024
21353	269	105	4547	200	0	5121
21354	183	104	3998	182	0	4467
21355	3849	86	236	181	0	4352
21356	4033	80	160	191	0	4464
21357	265	100	114	4272	0	4751
21358	4412	62	85	243	0	4802
21359	244	4303	93	214	0	4854
21360	4539	135	83	195	0	4952
21361	4526	116	84	174	0	4900
21362	4667	87	90	194	0	5038
21363	283	94	74	4639	0	5090
21364	202	4395	115	232	0	4944
21365	174	4584	110	197	0	5065
21366	4755	123	97	183	0	5158
21367	4814	101	104	168	0	5187
21368	251	93	103	4798	0	5245
21369	210	85	78	4808	0	5181
21370	190	4658	88	245	0	5181
21371	4779	106	90	225	0	5200
21372	218	103	4715	194	0	5230
21373	185	74	141	4814	0	5214
21374	197	62	102	4882	0	5243
21375	159	59	4833	240	0	5291
21376	172	73	149	4810	0	5204
21377	166	3892	129	244	0	4431
21378	153	115	105	5022	0	5395
21379	152	91	98	4961	0	5302
21380	138	4545	120	215	0	5018
21381	134	4892	94	185	0	5305
21382	198	133	75	5009	0	5415
21383	5031	98	67	230	0	5426
21384	180	90	90	5052	0	5412
21385	153	82	72	5122	0	5429
21386	174	5164	70	183	0	5591
21387	175	121	71	5410	0	5777
21388	150	97	61	5378	0	5686
21389	133	97	81	5427	0	5738
21390	5395	87	69	220	0	5771
21391	189	73	74	5428	0	5764
21392	161	77	74	5403	0	5715
21393	142	83	67	5451	0	5743
21394	133	83	5240	212	0	5668
21395	4845	66	150	164	0	5225
21396	199	5167	104	142	0	5612
21397	5343	131	89	125	0	5688
21398	216	83	74	5329	0	5702
21399	160	79	5163	167	0	5569
21400	5057	72	107	143	0	5379
21401	176	81	6004	122	0	6383
21402	154	83	129	6139	0	6505
21403	6492	49	93	163	0	6797
21404	6436	67	83	138	0	6724
21405	6625	37	80	146	0	6888
21406	187	68	47	6643	0	6945
21407	164	36	62	6724	0	6986
21408	131	51	54	6792	0	7028
21409	129	6382	76	173	0	6760
21410	110	6373	54	168	0	6705
21411	129	6383	47	154	0	6713
21412	104	6418	66	104	0	6692
21413	104	57	63	6614	0	6838
21414	83	45	57	6605	0	6790
21415	6579	37	42	128	0	6786
21416	6430	33	68	119	0	6650
21417	6566	37	55	105	0	6763
21418	79	38	45	6576	0	6738
21419	73	38	58	6606	0	6775
21420	6591	39	48	121	0	6799
21421	6420	37	47	118	0	6622
21422	88	30	6337	112	0	6567
21423	85	41	6085	92	0	6303
21424	76	44	6206	89	0	6415
21425	86	42	6733	68	0	6929
21426	80	29	55	6777	0	6941
21427	6865	43	34	92	0	7034
21428	103	6711	35	80	0	6929
21429	67	43	28	7060	0	7198
21430	77	25	7068	91	0	7261
21431	59	7387	44	79	0	7569
21432	74	48	38	7660	0	7820
21433	67	29	7564	103	0	7763
21434	87	26	62	7437	0	7612
21435	72	39	32	7651	0	7794
21436	7807	17	28	112	0	7964
21437	88	21	28	7841	0	7978
21438	63	35	7808	79	0	7985
21439	71	26	40	7790	0	7927
21440	43	8379	40	97	0	8559
21441	69	43	25	8786	0	8923
21442	59	36	20	8847	0	8962
21443	66	18	32	8807	0	8923
21444	9054	9	26	126	0	9215
21445	9030	11	21	83	0	9145
21446	9169	14	23	102	0	9308
21447	9126	16	31	92	0	9265
21448	56	23	8978	56	0	9113
21449	8820	17	33	71	0	8941
21450	9137	16	41	62	0	9256
21451	46	66	8902	38	0	9052
21452	56	29	9113	41	0	9239
21453	38	28	36	9319	0	9421
21454	30	9356	30	47	0	9463
21455	9737	26	10	62	0	9835
21456	9925	25	8	58	0	10016
21457	9947	19	7	68	0	10041
21458	56	14	11	9950	0	10031
21459	37	10205	15	50	0	10307
21460	10575	26	9	92	0	10702
21461	10695	24	17	63	0	10799
21462	60	21	15	10625	0	10721
21463	35	23	10380	62	0	10500
21464	10396	29	30	57	0	10512
21465	43	19	18	10894	0	10974
21466	11030	10	15	84	0	11139
21467	52	19	12	11191	0	11274
21468	39	18	11039	59	0	11155
21469	11557	21	35	86	0	11699
21470	46	28	18	11959	0	12051
21471	51	13	7	11894	0	11965
21472	31	8	23	12014	0	12076
21473	30	13	13	11951	0	12007
21474	12066	18	13	84	0	12181
21475	36	15	17	12070	0	12138
21476	36	11969	15	63	0	12083
21477	25	49	10	12327	0	12411
21478	21	12282	11	76	0	12390
21479	34	55	9	12577	0	12675
21480	30	30	9	12649	0	12718
21481	17	12528	10	90	0	12645
21482	26	49	7	12795	0	12877
21483	46	27	7	12716	0	12796
21484	12718	12	7	129	0	12866
21485	71	22	12852	49	0	12994
21486	44	17	55	12936	0	13052
21487	13059	7	26	127	0	13219
21488	13027	10	19	78	0	13134
21489	13079	11	9	75	0	13174
21490	127	10	13005	24	0	13166
21491	55	18	12927	36	0	13036
21492	52	22	128	13324	0	13526
21493	13658	13	51	146	0	13868
21494	111	13	13467	42	0	13633
21495	13115	13	106	86	0	13320
21496	130	13678	44	44	0	13896
21497	77	94	29	14495	0	14695
21498	67	29	21	14683	0	14800
21499	14822	25	28	160	0	15035
21500	132	19	17	14963	0	15131
21501	14339	9	17	179	0	14544
21502	14448	16	13	102	0	14579
21503	151	14	12	14300	0	14477
21504	85	12	21	14371	0	14489
21505	14472	13	14	175	0	14674
21506	117	9	14894	84	0	15104
21507	14624	8	101	137	0	14870
21508	147	15	15532	38	0	15732
21509	15659	17	118	89	0	15883
21510	16529	15	36	95	0	16675
21511	16400	13	38	93	0	16544
21512	16262	12	22	85	0	16381
21513	162	16033	22	39	0	16256
21514	16560	94	21	84	0	16759
21515	16748	24	22	81	0	16875
21516	158	17125	25	39	0	17347
21517	17370	105	20	101	0	17596
21518	161	42	17127	39	0	17369
21519	16841	25	111	82	0	17059
21520	187	33	17201	25	0	17446
21521	98	13	144	17298	0	17553
21522	89	14	48	17462	0	17613
21523	64	31	17254	156	0	17505
21524	94	8	136	17221	0	17459
21525	430	132	214	10843	0	11619
21526	17987	20	51	225	0	18283
21527	192	17	29	18125	0	18363
21528	111	22	22	18084	0	18239
21529	116	13	25	18256	0	18410
21530	66	17738	44	229	0	18077
21531	75	148	29	17944	0	18196
21532	17987	45	35	264	0	18331
21533	224	47	18087	86	0	18444
21534	111	22	197	18341	0	18671
21535	94	21	18401	242	0	18758
21536	18137	14	235	150	0	18536
21537	302	22	78	19640	0	20042
21538	126	18	22781	333	0	23258
21539	162	23	514	22902	0	23601
21540	119	20	325	22966	0	23430
21541	75	22661	228	891	0	23855
21542	93	516	136	23924	0	24669
21543	126	324	54	25225	0	25729
21544	65	238	24494	1122	0	25919
21545	139	116	643	24580	0	25478
21546	123	48	384	25283	0	25838
21547	24233	27	287	1234	0	25781
21548	24296	36	183	809	0	25324
21549	1004	24163	93	498	0	25758
21550	24822	659	82	378	0	25941
21551	25062	389	89	330	0	25870
21552	1184	25269	115	273	0	26841
21553	770	786	111	25254	0	26921
21554	25616	422	91	956	0	27085
21555	25763	296	78	677	0	26814
21556	25414	176	95	557	0	26242
21557	1373	24411	111	359	0	26254
21558	882	738	24914	284	0	26818
21559	25470	451	727	329	0	26977
21560	26034	355	438	330	0	27157
21561	1345	25591	313	285	0	27534
21562	26218	857	190	336	0	27601
21563	26934	502	141	308	0	27885
21564	1649	374	111	26047	0	28181
21565	1002	270	25887	1046	0	28205
21566	767	210	849	26488	0	28314
21567	589	145	520	27033	0	28287
21568	524	153	342	27403	0	28422
21569	416	197	25706	1670	0	27989
21570	527	176	924	25273	0	26900
21571	495	174	503	26555	0	27727
21572	489	128	386	26964	0	27967
21573	510	145	234	27028	0	27917
21574	462	172	190	27019	0	27843
21575	384	25570	177	2006	0	28137
21576	478	890	170	26766	0	28304
21577	439	538	207	27748	0	28932
21578	325	397	26266	1854	0	28842
21579	443	234	982	28519	0	30178
21580	452	164	566	29331	0	30513
21581	436	161	409	30412	0	31418
21582	397	187	297	31187	0	32068
21583	29519	173	258	2528	0	32478
21584	1425	178	188	30826	0	32617
21585	916	216	199	31222	0	32553
21586	663	243	28863	2360	0	32129
21587	562	27588	1184	1578	0	30912
21588	448	29657	715	1274	0	32094
21589	28551	1491	550	1140	0	31732
21590	1232	29288	423	992	0	31935
21591	866	1432	278	29136	0	31712
21592	28712	831	198	2017	0	31758
21593	1438	540	28433	1478	0	31889
21594	971	392	1218	29001	0	31582
21595	694	28568	786	1977	0	32025
21596	604	1219	491	28906	0	31220
21597	440	28873	373	2164	0	31850
21598	527	1520	284	29612	0	31943
21599	28650	937	228	2246	0	32061
21600	1530	718	28859	1506	0	32613
21601	1132	504	1243	28458	0	31337
21602	773	28865	834	2037	0	32509
21603	28888	1355	579	1514	0	32336
21604	1597	904	28564	1263	0	32328
21605	1096	679	1311	28885	0	31971
21606	818	539	28126	2098	0	31581
21607	805	419	1592	28415	0	31231
21608	649	370	27441	2310	0	30770
21609	632	421	1694	27381	0	30128
21610	572	404	1076	27998	0	30050
21611	26181	447	716	2694	0	30038
21612	27198	472	524	1840	0	30034
21613	2186	464	422	26453	0	29525
21614	1375	25703	422	2218	0	29718
21615	1055	1410	395	26969	0	29829
21616	787	886	418	27159	0	29250
21617	24860	617	481	2900	0	28858
21618	1544	24963	511	2076	0	29094
21619	25355	1492	435	1689	0	28971
21620	25867	962	407	1481	0	28717
21621	2208	23890	408	1375	0	27881
21622	1375	25733	405	1415	0	28928
21623	25243	1893	410	1446	0	28992
21624	1905	1129	24232	1460	0	28726
21625	24882	794	1449	1488	0	28613
21626	25188	663	956	1421	0	28228
21627	2396	23756	698	1314	0	28164
21628	1672	1562	578	22274	0	26086
21629	1231	24071	530	2168	0	28000
21630	23868	1780	571	1736	0	27955
21631	24724	1258	545	1523	0	28050
21632	2356	912	533	23904	0	27705
21633	1721	732	513	24714	0	27680
21634	22848	680	475	2843	0	26846
21635	1924	22192	438	2213	0	26767
21636	1477	21948	438	1751	0	25614
21637	1233	21850	478	1527	0	25088
21638	819	17848	458	1238	0	20363
21639	762	18130	384	1301	0	20577
21640	864	1586	407	17511	0	20368
21641	822	1005	16342	1825	0	19994
21642	810	16539	916	1452	0	19717
21643	15748	1270	516	1177	0	18711
21644	1422	845	517	15513	0	18297
21645	15374	706	411	1635	0	18126
21646	1378	15093	391	1314	0	18176
21647	15390	1195	428	1089	0	18102
21648	1453	15176	478	1020	0	18127
21649	1075	1264	448	15413	0	18200
21650	15324	802	475	1518	0	18119
21651	15820	734	411	1218	0	18183
21652	1540	784	413	15471	0	18208
21653	1061	695	383	15797	0	17936
21654	995	14826	368	1807	0	17996
21655	1047	1158	370	15471	0	18046
21656	1022	771	344	15876	0	18013
21657	831	851	358	15668	0	17708
21658	776	14237	444	1910	0	17367
21659	13555	1070	331	1378	0	16334
21660	1260	13521	349	1176	0	16306
21661	13260	1221	325	1119	0	15925
21662	1255	13161	339	1069	0	15824
21663	1002	1095	12483	1074	0	15654
21664	849	812	713	13021	0	15395
21665	733	691	12312	1433	0	15169
21666	708	660	12193	1258	0	14819
21667	690	664	901	12491	0	14746
21668	695	670	11918	1468	0	14751
21669	746	640	911	12278	0	14575
21670	748	578	563	12577	0	14466
21671	742	645	419	12863	0	14669
21672	12020	624	363	1696	0	14703
21673	1082	643	327	12528	0	14580
21674	875	591	318	12648	0	14432
21675	11601	680	331	1542	0	14154
21676	1100	11126	297	1285	0	13808
21677	864	10519	330	1184	0	12897
21678	727	10897	396	1007	0	13027
21679	637	1118	278	9167	0	11200
21680	608	678	8306	1206	0	10798
21681	7422	654	488	999	0	9563
21682	818	7380	313	900	0	9411
21683	7194	697	265	713	0	8869
21684	7060	605	251	783	0	8699
21685	7058	543	252	794	0	8647
21686	761	619	6696	589	0	8665
21687	625	698	395	6888	0	8606
21688	594	762	270	7012	0	8638
21689	730	542	268	7066	0	8606
21690	587	623	254	6936	0	8400
21691	549	6764	255	893	0	8461
21692	6852	629	236	677	0	8394
21693	668	490	6245	591	0	7994
21694	6061	472	377	714	0	7624
21695	662	604	244	5817	0	7327
21696	553	5598	224	738	0	7113
21697	523	5881	227	604	0	7235
21698	538	657	233	5396	0	6824
21699	588	5238	237	649	0	6712
21700	4694	469	355	522	0	6040
21701	529	410	4196	596	0	5731
21702	482	516	252	4274	0	5524
21703	586	398	211	4375	0	5570
21704	473	356	304	4414	0	5547
21705	414	382	210	4513	0	5519
21706	4402	383	288	583	0	5656
21707	450	4519	179	618	0	5766
21708	4865	451	252	481	0	6049
21709	469	395	114	5107	0	6085
21710	467	384	74	5289	0	6214
21711	567	5280	89	505	0	6441
21712	5621	480	83	404	0	6588
21713	5575	440	82	451	0	6548
21714	538	5527	89	351	0	6505
21715	447	516	92	5135	0	6190
21716	450	5280	83	505	0	6318
21717	5347	492	100	317	0	6256
21718	496	541	4955	253	0	6245
21719	518	384	4749	264	0	5915
21720	4942	370	217	247	0	5776
21721	408	5090	126	279	0	5903
21722	369	507	109	4930	0	5915
21723	433	339	113	4988	0	5873
21724	350	269	4887	397	0	5903
21725	410	280	178	4958	0	5826
21726	392	301	90	5020	0	5803
21727	248	5023	83	418	0	5772
21728	243	411	58	5009	0	5721
21729	258	430	63	4920	0	5671
21730	4835	321	73	365	0	5594
21731	405	4682	69	302	0	5458
21732	211	4785	93	345	0	5434
21733	206	361	85	4814	0	5466
21734	239	284	86	4810	0	5419
21735	150	306	119	4742	0	5317
21736	131	4718	87	360	0	5296
21737	144	337	77	4768	0	5326
21738	150	231	72	4779	0	5232
21739	154	212	69	4786	0	5221
21740	169	150	72	4793	0	5184
21741	155	4447	93	376	0	5071
21742	176	4773	63	259	0	5271
21743	4690	267	44	265	0	5266
21744	4739	198	55	257	0	5249
21745	321	160	57	4736	0	5274
21746	186	188	4644	310	0	5328
21747	170	151	167	4836	0	5324
21748	126	182	78	4940	0	5326
21749	4692	135	86	385	0	5298
21750	237	4734	79	282	0	5332
21751	164	207	57	4896	0	5324
21752	127	162	62	4967	0	5318
21753	111	144	4648	369	0	5272
21754	93	146	4705	262	0	5206
21755	109	109	187	4804	0	5209
21756	103	114	117	4790	0	5124
21757	81	4646	95	308	0	5130
21758	82	4824	74	230	0	5210
21759	4699	217	98	173	0	5187
21760	186	148	69	4858	0	5261
21761	139	104	4781	249	0	5273
21762	88	4779	170	176	0	5213
21763	74	162	126	4930	0	5292
21764	4784	91	81	305	0	5261
21765	171	75	91	4970	0	5307
21766	4774	81	85	274	0	5214
21767	155	4832	55	225	0	5267
21768	4717	165	47	208	0	5137
21769	185	110	34	4903	0	5232
21770	117	89	4952	268	0	5426
21771	108	85	131	4994	0	5318
21772	96	5121	69	232	0	5518
21773	82	204	44	5199	0	5529
21774	73	5375	43	256	0	5747
21775	106	230	36	5570	0	5942
21776	65	155	5401	262	0	5883
21777	59	130	5311	157	0	5657
21778	65	106	5455	134	0	5760
21779	5299	62	239	153	0	5753
21780	203	5311	116	127	0	5757
21781	130	5534	70	98	0	5832
21782	5350	247	55	116	0	5768
21783	5471	131	51	116	0	5769
21784	271	91	51	5355	0	5768
21785	133	83	5333	250	0	5799
21786	79	62	5223	169	0	5533
21787	76	67	223	5225	0	5591
21788	5187	70	115	268	0	5640
21789	191	5202	76	171	0	5640
21790	106	208	54	5289	0	5657
21791	5178	118	53	269	0	5618
21792	5261	92	58	163	0	5574
21793	238	80	5117	142	0	5577
21794	4948	64	182	132	0	5326
21795	230	77	5176	119	0	5602
21796	118	81	5283	121	0	5603
21797	113	101	207	5103	0	5524
21798	105	75	98	5253	0	5531
21799	101	72	95	5365	0	5633
21800	85	68	5123	306	0	5582
21801	5099	67	206	180	0	5552
21802	212	78	108	5360	0	5758
21803	5206	71	72	289	0	5638
21804	5283	70	52	194	0	5599
21805	255	5205	72	148	0	5680
21806	130	5370	62	140	0	5702
21807	113	5413	70	123	0	5719
21808	123	229	83	4924	0	5359
21809	59	102	4921	232	0	5314
21810	81	123	175	4541	0	4920
21811	74	4487	89	206	0	4856
21812	89	4508	74	112	0	4783
21813	91	189	58	4457	0	4795
21814	4343	99	54	216	0	4712
21815	156	4261	59	148	0	4624
21816	77	4380	55	135	0	4647
21817	4468	180	63	108	0	4819
21818	175	103	83	4457	0	4818
21819	95	79	65	4538	0	4777
21820	115	74	42	4600	0	4831
21821	4341	92	42	248	0	4723
21822	4435	85	52	159	0	4731
21823	203	69	49	4458	0	4779
21824	100	65	4259	215	0	4639
21825	4272	55	150	152	0	4629
21826	178	64	67	4407	0	4716
21827	86	76	4264	218	0	4644
21828	75	63	4269	158	0	4565
21829	80	52	177	4497	0	4806
21830	91	54	4715	214	0	5074
21831	75	84	178	5003	0	5340
21832	82	79	85	4999	0	5245
21833	86	46	68	5471	0	5671
21834	5308	53	58	303	0	5722
21835	208	61	60	5383	0	5712
21836	110	64	63	5471	0	5708
21837	86	66	56	5491	0	5699
21838	75	66	60	5488	0	5689
21839	76	53	5146	327	0	5602
21840	66	5166	182	192	0	5606
21841	58	204	73	5207	0	5542
21842	67	112	71	5085	0	5335
21843	88	4843	68	253	0	5252
21844	77	5155	74	159	0	5465
21845	5051	210	70	163	0	5494
21846	194	4959	78	138	0	5369
21847	90	215	62	4967	0	5334
21848	94	111	4939	252	0	5396
21849	4797	82	182	134	0	5195
21850	198	68	4859	157	0	5282
21851	4761	54	217	140	0	5172
21852	4944	58	99	131	0	5232
21853	242	59	4905	116	0	5322
21854	144	53	214	4653	0	5064
21855	116	4799	81	268	0	5264
21856	101	193	82	5136	0	5512
21857	5183	110	81	266	0	5640
21858	5339	93	65	159	0	5656
21859	257	5223	85	149	0	5714
21860	5332	193	81	143	0	5749
21861	258	89	88	5207	0	5642
21862	5218	85	77	282	0	5662
21863	5384	71	72	173	0	5700
21864	284	67	59	5332	0	5742
21865	5296	62	66	306	0	5730
21866	5239	68	81	169	0	5557
21867	259	64	5148	166	0	5637
21868	5117	66	214	147	0	5544
21869	255	67	5125	127	0	5574
21870	106	71	4908	131	0	5216
21871	117	4936	215	145	0	5413
21872	124	196	89	4726	0	5135
21873	95	92	4807	227	0	5221
21874	112	86	4671	126	0	4995
21875	4747	75	195	125	0	5142
21876	170	67	128	4829	0	5194
21877	134	53	112	4970	0	5269
21878	117	57	90	5049	0	5313
21879	108	65	74	5055	0	5302
21880	101	80	66	5084	0	5331
21881	95	71	4912	262	0	5340
21882	115	51	4931	149	0	5246
21883	109	42	197	5045	0	5393
21884	4982	45	112	235	0	5374
21885	207	4923	99	136	0	5365
21886	125	150	87	5034	0	5396
21887	5030	69	61	244	0	5404
21888	218	4993	50	148	0	5409
21889	119	184	59	5121	0	5483
21890	126	71	69	5222	0	5488
21891	112	56	70	5243	0	5481
21892	5113	52	63	268	0	5496
21893	195	49	5030	167	0	5441
21894	5029	45	162	160	0	5396
21895	225	51	97	5140	0	5513
21896	124	61	88	5016	0	5289
21897	94	4994	63	245	0	5396
21898	95	157	4948	169	0	5369
21899	4909	77	160	153	0	5299
21900	5113	66	90	132	0	5401
21901	219	57	5050	130	0	5456
21902	4842	45	162	129	0	5178
21903	224	5046	86	100	0	5456
21904	119	5157	70	119	0	5465
21905	103	5204	60	101	0	5468
21906	4930	201	47	139	0	5317
21907	169	90	4996	118	0	5373
21908	108	77	163	4782	0	5130
21909	84	4710	85	201	0	5080
21910	86	4842	74	132	0	5134
21911	70	4868	70	118	0	5126
21912	113	185	63	3948	0	4309
21913	4699	74	61	194	0	5028
21914	157	4746	54	123	0	5080
21915	103	139	43	4858	0	5143
21916	85	66	43	4930	0	5124
21917	4723	50	48	228	0	5049
21918	172	49	40	4775	0	5036
21919	119	40	61	4855	0	5075
21920	96	40	4730	236	0	5102
21921	110	41	136	4776	0	5063
21922	98	42	89	4921	0	5150
21923	4824	52	68	237	0	5181
21924	4856	48	68	160	0	5132
21925	208	54	48	4856	0	5166
21926	4699	58	71	208	0	5036
21927	4797	60	63	140	0	5060
21928	203	4709	68	106	0	5086
21929	102	143	4580	120	0	4945
21930	86	4398	141	122	0	4747
21931	107	136	66	4071	0	4380
21932	3940	76	49	152	0	4217
21933	116	3828	58	116	0	4118
21934	118	91	42	3876	0	4127
21935	3837	69	47	157	0	4110
21936	3850	42	45	130	0	4067
21937	126	51	55	3903	0	4135
21938	94	76	3893	131	0	4194
21939	88	53	95	4015	0	4251
21940	86	57	57	4108	0	4308
21941	85	58	4024	128	0	4295
21942	78	63	87	4003	0	4231
21943	90	54	52	4068	0	4264
21944	4187	67	46	128	0	4428
21945	135	34	42	4236	0	4447
21946	98	46	41	4246	0	4431
21947	4205	40	41	156	0	4442
21948	4104	41	55	98	0	4298
21949	4098	37	37	93	0	4265
21950	131	39	4038	79	0	4287
21951	114	40	82	4010	0	4246
21952	96	4034	55	110	0	4295
21953	87	80	50	4222	0	4439
21954	75	63	4244	115	0	4497
21955	91	45	71	4028	0	4235
21956	77	44	4115	114	0	4350
21957	3856	42	81	87	0	4066
21958	4003	43	50	79	0	4175
21959	92	30	30	4071	0	4223
21960	101	23	45	4042	0	4211
21961	64	28	48	4043	0	4183
21962	60	4060	44	122	0	4286
21963	4094	50	41	95	0	4280
21964	4118	38	42	98	0	4296
21965	97	34	49	4100	0	4280
21966	77	34	43	4089	0	4243
21967	61	35	48	4111	0	4255
21968	53	37	45	4119	0	4254
21969	46	29	4007	118	0	4200
21970	64	30	70	4021	0	4185
21971	3903	48	46	116	0	4113
21972	3851	31	39	110	0	4031
21973	96	29	31	3797	0	3953
21974	60	36	3679	106	0	3881
21975	3504	27	57	93	0	3681
21976	82	34	38	3672	0	3826
21977	57	3533	25	108	0	3723
21978	46	3660	21	94	0	3821
21979	3694	65	23	94	0	3876
21980	73	43	35	3794	0	3945
21981	70	26	41	3850	0	3987
21982	61	32	38	3975	0	4106
21983	62	44	20	4041	0	4167
21984	53	34	27	4263	0	4377
21985	55	39	4176	138	0	4408
21986	55	37	4123	98	0	4313
21987	67	39	4132	69	0	4307
21988	54	39	117	4159	0	4369
21989	51	34	4238	125	0	4448
21990	55	30	98	4182	0	4365
21991	53	38	51	4223	0	4365
21992	57	43	41	4421	0	4562
21993	4364	46	49	155	0	4614
21994	120	42	23	4379	0	4564
21995	78	29	33	4456	0	4596
21996	4383	30	27	168	0	4608
21997	115	4389	29	103	0	4636
21998	54	4574	38	96	0	4762
21999	4528	133	32	85	0	4778
22000	123	4612	33	80	0	4848
22001	4594	117	35	93	0	4839
22002	4646	61	44	83	0	4834
22003	4627	59	27	89	0	4802
22004	4573	40	28	90	0	4731
22005	4596	33	22	97	0	4748
22006	172	4516	22	80	0	4790
22007	4581	101	22	97	0	4801
22008	4691	59	22	81	0	4853
22009	167	4672	19	71	0	4929
22010	5115	106	18	83	0	5322
22011	5314	63	21	80	0	5478
22012	5740	50	18	75	0	5883
22013	6011	33	21	88	0	6153
22014	285	42	6133	74	0	6534
22015	175	35	172	6492	0	6874
22016	124	35	80	6753	0	6992
22017	108	40	6598	285	0	7031
22018	96	25	6525	146	0	6792
22019	6536	30	264	120	0	6950
22020	276	29	130	6600	0	7035
22021	167	39	6636	243	0	7085
22022	126	35	6666	126	0	6953
22023	6596	31	291	101	0	7019
22024	6854	26	131	89	0	7100
22025	6898	33	79	86	0	7096
22026	357	21	6689	76	0	7143
22027	230	19	236	6654	0	7139
22028	132	32	6801	239	0	7204
22029	6693	15	267	155	0	7130
22030	262	24	6909	105	0	7300
22031	182	17	272	6778	0	7249
22032	166	15	148	6747	0	7076
22033	108	6900	113	308	0	7429
22034	7037	199	92	176	0	7504
22035	304	83	7033	114	0	7534
22036	7063	44	273	106	0	7486
22037	322	39	7263	90	0	7714
22038	219	27	309	6962	0	7517
22039	157	33	160	7190	0	7540
22040	156	23	116	7285	0	7580
22041	7032	26	116	388	0	7562
22042	345	32	99	6971	0	7447
22043	228	29	99	7119	0	7475
22044	167	6821	97	390	0	7475
22045	156	214	100	7053	0	7523
22046	6906	97	114	366	0	7483
22047	332	52	6887	204	0	7475
22048	226	41	281	6920	0	7468
22049	163	39	6936	338	0	7476
22050	169	6673	336	190	0	7368
22051	144	215	6938	172	0	7469
22052	6798	113	331	156	0	7398
22053	7071	68	197	161	0	7497
22054	417	41	160	6797	0	7415
22055	6890	40	144	365	0	7439
22056	7013	35	142	237	0	7427
22057	441	42	142	6864	0	7489
22058	283	44	119	7045	0	7491
22059	181	45	6805	438	0	7469
22060	162	6667	332	263	0	7424
22061	6766	237	199	203	0	7405
22062	372	6613	131	197	0	7313
22063	258	278	126	6689	0	7351
22064	215	123	144	6826	0	7308
22065	216	89	136	6856	0	7297
22066	188	68	148	6892	0	7296
22067	182	57	6569	473	0	7281
22068	6400	52	357	286	0	7095
22069	6803	60	187	247	0	7297
22070	441	44	162	6661	0	7308
22071	6727	65	116	423	0	7331
22072	437	53	118	6759	0	7367
22073	269	64	6586	431	0	7350
22074	244	61	328	6599	0	7232
22075	216	6458	186	438	0	7298
22076	197	232	171	6432	0	7032
22077	185	6472	131	432	0	7220
22078	175	274	155	6295	0	6899
22079	171	6372	127	432	0	7102
22080	6299	282	137	272	0	6990
22081	348	149	6174	274	0	6945
22082	237	5817	326	246	0	6626
22083	199	6066	189	248	0	6702
22084	227	286	171	5832	0	6516
22085	233	133	141	5914	0	6421
22086	220	99	156	5908	0	6383
22087	199	92	134	5968	0	6393
22088	192	5590	161	449	0	6392
22089	202	251	143	5775	0	6371
22090	212	145	145	5853	0	6355
22091	5599	108	145	466	0	6318
22092	359	106	136	5706	0	6307
22093	229	98	5439	438	0	6204
22094	211	98	5359	320	0	5988
22095	5197	87	319	288	0	5891
22096	324	5252	187	263	0	6026
22097	214	5414	159	245	0	6032
22098	210	289	154	5247	0	5900
22099	196	164	147	5389	0	5896
22100	201	136	5110	385	0	5832
22101	4936	99	256	326	0	5617
22102	5216	100	186	264	0	5766
22103	360	84	5234	284	0	5962
22104	245	96	5161	258	0	5760
22105	5163	94	320	272	0	5849
22106	5400	115	203	253	0	5971
22107	5409	87	153	259	0	5908
22108	5312	107	143	245	0	5807
22109	380	4969	136	253	0	5738
22110	4808	198	127	227	0	5360
22111	319	125	4447	221	0	5112
22112	221	86	4066	188	0	4561
22113	176	91	4067	200	0	4534
22114	181	199	286	3184	0	3850
22115	3085	76	152	243	0	3556
22116	3080	58	123	220	0	3481
22117	175	49	144	3110	0	3478
22118	159	59	143	2988	0	3349
22119	163	51	113	3194	0	3521
22120	131	3238	124	232	0	3725
22121	3372	109	145	166	0	3792
22122	3427	65	139	166	0	3797
22123	3472	54	105	165	0	3796
22124	3478	62	101	136	0	3777
22125	3453	77	99	167	0	3796
22126	177	55	127	3355	0	3714
22127	136	3199	114	212	0	3661
22128	113	110	133	3187	0	3543
22129	157	83	91	3222	0	3553
22130	3137	68	126	186	0	3517
22131	150	76	3027	202	0	3455
22132	132	56	2878	179	0	3245
22133	143	99	2883	156	0	3281
22134	3178	53	132	153	0	3516
22135	3237	54	106	176	0	3573
22136	166	57	116	3330	0	3669
22137	125	62	95	3279	0	3561
22138	123	70	75	3345	0	3613
22139	123	75	3221	216	0	3635
22140	114	67	87	3290	0	3558
22141	134	58	3432	206	0	3830
22142	100	62	112	3511	0	3785
22143	92	74	64	3566	0	3796
22144	92	93	100	3644	0	3929
22145	3593	76	67	203	0	3939
22146	3639	62	83	135	0	3919
22147	134	66	3560	151	0	3911
22148	3544	58	98	162	0	3862
22149	3627	62	77	161	0	3927
22150	123	84	88	3646	0	3941
22151	3716	65	90	155	0	4026
22152	163	58	68	3727	0	4016
22153	128	67	48	3776	0	4019
22154	112	58	3633	164	0	3967
22155	3513	60	63	166	0	3802
22156	136	60	65	3791	0	4052
22157	85	77	3822	189	0	4173
22158	79	66	3965	163	0	4273
22159	64	77	116	3965	0	4222
22160	82	102	64	3980	0	4228
22161	4070	60	50	180	0	4360
22162	104	84	50	4134	0	4372
22163	88	50	42	4153	0	4333
22164	78	48	69	4228	0	4423
22165	74	45	58	4475	0	4652
22166	4572	55	65	181	0	4873
22167	4584	46	82	159	0	4871
22168	4773	64	56	107	0	5000
22169	4869	45	47	146	0	5107
22170	146	58	49	5025	0	5278
22171	5073	50	61	185	0	5369
22172	149	53	59	5103	0	5364
22173	5089	56	73	178	0	5396
22174	135	79	65	5107	0	5386
22175	97	70	55	5105	0	5327
22176	83	5099	45	186	0	5413
22177	83	134	51	5226	0	5494
22178	5150	70	55	189	0	5464
22179	5047	67	45	117	0	5276
22180	179	55	5111	93	0	5438
22181	97	5156	132	92	0	5477
22182	5201	115	77	102	0	5495
22183	143	5325	56	84	0	5608
22184	5327	99	45	117	0	5588
22185	149	5467	55	92	0	5763
22186	106	106	5509	87	0	5808
22187	85	5450	112	90	0	5737
22188	80	5552	76	75	0	5783
22189	74	107	68	5759	0	6008
22190	5859	56	54	158	0	6127
22191	170	35	59	5854	0	6118
22192	102	40	41	5906	0	6089
22193	5896	33	49	167	0	6145
22194	6005	27	50	108	0	6190
22195	196	29	42	5956	0	6223
22196	128	37	36	5943	0	6144
22197	90	23	44	5997	0	6154
22198	5885	21	48	170	0	6124
22199	171	24	5852	77	0	6124
22200	111	25	121	5851	0	6108
22201	113	27	6044	117	0	6301
22202	85	5939	114	79	0	6217
22203	82	95	5851	57	0	6085
22204	80	52	118	5782	0	6032
22205	84	41	5797	130	0	6052
22206	5655	30	125	77	0	5887
22207	139	25	62	5918	0	6144
22208	79	6047	50	126	0	6302
22209	73	102	26	6078	0	6279
22210	72	5992	40	125	0	6229
22211	51	6054	31	89	0	6225
22212	55	6115	32	70	0	6272
22213	60	127	21	5786	0	5994
22214	51	5868	19	146	0	6084
22215	5806	103	17	88	0	6014
22216	127	60	5624	64	0	5875
22217	90	45	5403	73	0	5611
22218	70	38	5618	56	0	5782
22219	78	23	114	5725	0	5940
22220	74	34	45	5527	0	5680
22221	73	27	32	5497	0	5629
22222	74	21	33	5579	0	5707
22223	89	26	41	5346	0	5502
22224	67	5583	31	159	0	5840
22225	61	106	5454	113	0	5734
22226	79	55	5348	78	0	5560
22227	67	5609	116	82	0	5874
22228	68	105	54	5764	0	5991
22229	68	62	38	5849	0	6017
22230	77	37	44	5822	0	5980
22231	5747	33	39	182	0	6001
22232	147	42	5649	99	0	5937
22233	5471	41	118	114	0	5744
22234	5612	30	59	92	0	5793
22235	148	5447	39	91	0	5725
22236	72	5599	40	85	0	5796
22237	5623	119	34	99	0	5875
22238	153	63	34	5615	0	5865
22239	85	45	31	5830	0	5991
22240	67	53	5898	174	0	6192
22241	63	60	5700	89	0	5912
22242	71	54	139	5885	0	6149
22243	5982	45	76	181	0	6284
22244	140	57	6201	115	0	6513
22245	6322	40	151	111	0	6624
22246	186	47	54	6541	0	6828
22247	104	44	58	6880	0	7086
22248	83	45	41	7125	0	7294
22249	67	44	6971	256	0	7338
22250	66	6757	173	136	0	7132
22251	81	7229	82	97	0	7489
22252	7195	221	39	140	0	7595
22253	7439	71	56	120	0	7686
22254	263	50	46	7408	0	7767
22255	7430	49	51	275	0	7805
22256	237	49	7224	134	0	7644
22257	112	42	7229	113	0	7496
22258	85	45	264	7024	0	7418
22259	7258	51	85	277	0	7671
22260	255	54	78	7310	0	7697
22261	103	57	54	7575	0	7789
22262	7372	46	66	333	0	7817
22263	7622	60	52	171	0	7905
22264	303	7851	74	119	0	8347
22265	7891	243	58	131	0	8323
22266	298	83	73	7730	0	8184
22267	135	7771	47	289	0	8242
22268	7772	239	47	153	0	8211
22269	287	7787	43	108	0	8225
22270	149	231	50	7733	0	8163
22271	7658	88	53	291	0	8090
22272	253	62	7452	143	0	7910
22273	127	64	7477	102	0	7770
22274	104	59	254	7355	0	7772
22275	98	53	90	7646	0	7887
22276	101	59	66	7452	0	7678
22277	83	7526	63	287	0	7959
22278	7743	246	49	151	0	8189
22279	7889	102	49	135	0	8175
22280	7998	63	50	131	0	8242
22281	321	8167	66	89	0	8643
22282	179	268	54	8659	0	9160
22283	106	129	67	8818	0	9120
22284	114	76	52	8942	0	9184
22285	8333	78	60	425	0	8896
22286	300	8397	76	207	0	8980
22287	164	283	54	8521	0	9022
22288	124	135	57	8727	0	9043
22289	110	77	8299	423	0	8909
22290	115	8242	269	190	0	8816
22291	119	282	102	8303	0	8806
22292	133	120	59	8474	0	8786
22293	138	67	63	8502	0	8770
22294	8072	80	50	453	0	8655
22295	330	8041	39	258	0	8668
22296	8129	294	70	186	0	8679
22297	334	134	71	8165	0	8704
22298	8174	79	73	399	0	8725
22299	350	78	7976	211	0	8615
22300	8078	78	294	189	0	8639
22301	8267	76	131	197	0	8671
22302	396	78	8058	180	0	8712
22303	200	81	315	8140	0	8736
22304	182	89	126	8163	0	8560
22305	8332	89	95	454	0	8970
22306	376	69	72	8451	0	8968
22307	202	83	56	8557	0	8898
22308	169	88	64	8556	0	8877
22309	146	95	8065	470	0	8776
22310	7700	95	300	284	0	8379
22311	381	8237	111	202	0	8931
22312	230	309	87	8176	0	8802
22313	149	8195	101	393	0	8838
22314	154	8749	89	230	0	9222
22315	180	384	80	8725	0	9369
22316	122	154	8681	456	0	9413
22317	135	103	8853	280	0	9371
22318	159	93	386	8875	0	9513
22319	151	68	8845	495	0	9559
22320	8695	88	341	302	0	9426
22321	413	107	150	9131	0	9801
22322	231	105	92	9253	0	9681
22323	143	9110	101	522	0	9876
22324	182	349	88	9249	0	9868
22325	173	163	89	9323	0	9748
22326	142	8977	107	526	0	9752
22327	150	379	89	9300	0	9918
22328	153	176	84	9337	0	9750
22329	152	8995	99	574	0	9820
22330	9086	334	95	331	0	9846
22331	416	169	8947	240	0	9772
22332	225	112	8989	226	0	9552
22333	200	113	388	9011	0	9712
22334	187	111	152	9324	0	9774
22335	149	98	8967	552	0	9766
22336	138	117	8797	324	0	9376
22337	8272	128	386	294	0	9080
22338	383	8808	165	289	0	9645
22339	8768	348	115	275	0	9506
22340	403	177	8618	230	0	9428
22341	216	8625	342	243	0	9426
22342	189	355	169	8933	0	9646
22343	172	163	8921	459	0	9715
22344	165	119	8761	274	0	9319
22345	180	133	412	8898	0	9623
22346	142	96	8928	505	0	9671
22347	134	8664	358	324	0	9480
22348	136	330	209	8735	0	9410
22349	150	190	8760	432	0	9532
22350	156	8803	345	278	0	9582
22351	8678	358	194	233	0	9463
22352	396	175	8507	227	0	9305
22353	242	8575	365	201	0	9383
22354	180	340	198	8535	0	9253
22355	171	186	144	8976	0	9477
22356	8695	127	158	534	0	9514
22357	350	109	146	8790	0	9395
22358	227	98	114	8900	0	9339
22359	8503	111	127	521	0	9262
22360	366	131	117	8588	0	9202
22361	204	112	8246	510	0	9072
22362	194	115	314	8350	0	8973
22363	160	114	8280	438	0	8992
22364	156	130	7711	299	0	8296
22365	123	124	7840	272	0	8359
22366	168	96	391	7433	0	8088
22367	117	103	236	7807	0	8263
22368	7548	106	137	467	0	8258
22369	300	103	132	7513	0	8048
22370	194	7667	120	432	0	8413
22371	169	242	125	8129	0	8665
22372	129	162	164	8008	0	8463
22373	110	7912	143	470	0	8635
22374	7889	257	119	351	0	8616
22375	7886	158	122	297	0	8463
22376	339	7690	129	258	0	8416
22377	182	7833	128	216	0	8359
22378	175	362	120	7624	0	8281
22379	7582	164	137	392	0	8275
22380	282	120	7494	277	0	8173
22381	173	141	6987	242	0	7543
22382	6503	95	294	242	0	7134
22383	233	6779	178	227	0	7417
22384	150	230	127	6934	0	7441
22385	162	153	114	6863	0	7292
22386	112	150	105	7008	0	7375
22387	115	107	104	7031	0	7357
22388	114	6751	108	419	0	7392
22389	103	230	140	7056	0	7529
22390	6908	168	103	363	0	7542
22391	234	115	108	7168	0	7625
22392	156	86	110	7257	0	7609
22393	7111	88	109	397	0	7705
22394	7162	91	124	271	0	7648
22395	7265	89	124	229	0	7707
22396	7375	89	112	202	0	7778
22397	294	76	131	7304	0	7805
22398	7289	72	110	356	0	7827
22399	260	73	141	7273	0	7747
22400	7186	75	126	333	0	7720
22401	7224	90	110	244	0	7668
22402	293	78	118	7247	0	7736
22403	165	89	7120	347	0	7721
22404	7081	87	227	286	0	7681
22405	7334	72	151	264	0	7821
22406	7342	93	128	244	0	7807
22407	7439	71	108	227	0	7845
22408	299	76	123	7458	0	7956
22409	180	104	7311	293	0	7888
22410	166	91	7057	212	0	7526
22411	7140	106	277	211	0	7734
22412	7491	87	184	201	0	7963
22413	260	7318	141	155	0	7874
22414	157	7397	128	166	0	7848
22415	7524	212	114	193	0	8043
22416	206	141	148	7425	0	7920
22417	165	90	125	7646	0	8026
22418	7594	82	99	336	0	8111
22419	206	7569	104	230	0	8109
22420	7775	172	86	214	0	8247
22421	211	129	7534	196	0	8070
22422	7494	100	201	188	0	7983
22423	217	86	155	7618	0	8076
22424	151	90	7672	258	0	8171
22425	132	7682	197	206	0	8217
22426	114	188	154	7949	0	8405
22427	99	117	8188	264	0	8668
22428	124	87	206	8138	0	8555
22429	8307	76	146	289	0	8818
22430	257	56	8214	176	0	8703
22431	7925	59	248	171	0	8403
22432	251	8264	145	156	0	8816
22433	163	184	127	8524	0	8998
22434	125	108	8852	266	0	9351
22435	139	74	225	8747	0	9185
22436	110	70	9061	267	0	9508
22437	118	8853	228	187	0	9386
22438	8773	192	132	169	0	9266
22439	213	9133	124	136	0	9606
22440	143	206	107	9059	0	9515
22441	129	115	94	9143	0	9481
22442	96	83	8794	273	0	9246
22443	7313	63	209	220	0	7805
22444	200	8275	149	141	0	8765
22445	112	7943	91	121	0	8267
22446	108	8078	88	113	0	8387
22447	110	193	71	7914	0	8288
22448	87	7856	68	175	0	8186
22449	102	145	68	7737	0	8052
22450	80	7738	57	184	0	8059
22451	110	137	55	7721	0	8023
22452	80	7792	70	184	0	8126
22453	7724	132	59	158	0	8073
22454	148	64	7675	131	0	8018
22455	7374	60	108	149	0	7691
22456	7805	44	70	122	0	8041
22457	7941	53	59	135	0	8188
22458	153	7924	57	114	0	8248
22459	8085	90	45	122	0	8342
22460	8083	62	61	119	0	8325
22461	8092	49	70	120	0	8331
22462	159	56	8008	96	0	8319
22463	111	47	124	8079	0	8361
22464	86	48	8369	151	0	8654
22465	91	50	119	8167	0	8427
22466	8310	42	53	191	0	8596
22467	150	8272	40	107	0	8569
22468	124	128	9024	84	0	9360
22469	121	72	122	9040	0	9355
22470	101	69	64	9638	0	9872
22471	90	49	10357	243	0	10739
22472	9987	47	231	152	0	10417
22473	10639	64	94	91	0	10888
22474	10922	43	66	76	0	11107
22475	389	53	52	10642	0	11136
22476	156	10369	48	301	0	10874
22477	121	10963	52	145	0	11281
22478	116	297	58	10895	0	11366
22479	136	130	54	10818	0	11138
22480	93	10781	60	324	0	11258
22481	10775	256	54	184	0	11269
22482	286	10733	62	128	0	11209
22483	167	293	42	10649	0	11151
22484	118	119	10478	317	0	11032
22485	131	83	250	10391	0	10855
22486	10526	60	101	359	0	11046
22487	312	70	10413	160	0	10955
22488	10478	70	244	150	0	10942
22489	10911	51	118	159	0	11239
22490	11028	67	73	117	0	11285
22491	11084	69	45	131	0	11329
22492	11302	63	49	125	0	11539
22493	438	70	10765	86	0	11359
22494	260	79	10662	88	0	11089
22495	11640	53	359	114	0	12166
22496	12324	68	155	111	0	12658
22497	492	66	86	12664	0	13308
22498	255	12797	85	383	0	13520
22499	194	343	71	13186	0	13794
22500	13408	176	63	460	0	14107
22501	501	105	92	12984	0	13682
22502	271	13421	76	448	0	14216
22503	13501	385	67	266	0	14219
22504	13385	208	65	178	0	13836
22505	13511	126	70	150	0	13857
22506	635	13131	61	122	0	13949
22507	358	380	94	13177	0	14009
22508	254	198	85	13195	0	13732
22509	201	12669	76	532	0	13478
22510	232	411	71	13075	0	13789
22511	12774	230	69	507	0	13580
22512	12967	146	49	316	0	13478
22513	616	12553	76	195	0	13440
22514	387	411	67	12694	0	13559
22515	276	229	66	12857	0	13428
22516	238	157	75	12979	0	13449
22517	12417	125	68	660	0	13270
22518	549	109	12074	357	0	13089
22519	11881	130	375	245	0	12631
22520	576	157	12183	194	0	13110
22521	392	100	434	11730	0	12656
22522	277	11805	206	473	0	12761
22523	223	12470	140	318	0	13151
22524	12052	558	107	262	0	12979
22525	12133	313	81	243	0	12770
22526	638	11694	103	231	0	12666
22527	355	11980	106	235	0	12676
22528	11988	569	102	237	0	12896
22529	12326	307	83	230	0	12946
22530	694	12154	97	236	0	13181
22531	12540	501	89	232	0	13362
22532	630	323	12129	190	0	13272
22533	12380	209	405	224	0	13218
22534	12472	167	244	227	0	13110
22535	754	180	140	11952	0	13026
22536	461	11836	129	504	0	12930
22537	373	520	104	12018	0	13015
22538	12150	302	94	573	0	13119
22539	690	226	90	11811	0	12817
22540	455	208	93	12139	0	12895
22541	356	211	11824	710	0	13101
22542	368	175	441	12030	0	13014
22543	374	179	226	12358	0	13137
22544	12139	196	121	749	0	13205
22545	663	186	11929	413	0	13191
22546	12170	200	465	310	0	13145
22547	722	187	230	12111	0	13250
22548	517	162	156	12381	0	13216
22549	365	187	142	12382	0	13076
22550	338	11642	113	739	0	12832
22551	359	12116	106	440	0	13021
22552	387	602	109	11881	0	12979
22553	11884	341	98	639	0	12962
22554	12171	230	111	403	0	12915
22555	825	177	123	11848	0	12973
22556	11900	199	115	632	0	12846
22557	740	197	99	11809	0	12845
22558	522	202	113	12055	0	12892
22559	11390	162	125	823	0	12500
22560	676	11705	114	477	0	12972
22561	11926	503	104	387	0	12920
22562	11969	285	107	375	0	12736
22563	11760	206	115	403	0	12484
22564	782	11296	108	375	0	12561
22565	515	533	130	11472	0	12650
22566	454	309	84	11813	0	12660
22567	445	229	11080	755	0	12509
22568	403	249	409	10621	0	11682
22569	362	180	10035	707	0	11284
22570	357	9387	395	500	0	10639
22571	317	8476	244	389	0	9426
22572	365	8624	143	351	0	9483
22573	428	437	131	8673	0	9669
22574	379	313	103	8798	0	9593
22575	315	234	119	8957	0	9625
22576	341	216	94	9035	0	9686
22577	321	231	8813	616	0	9981
22578	306	215	10508	475	0	11504
22579	306	221	460	11211	0	12198
22580	329	224	11327	636	0	12516
22581	11388	179	453	424	0	12444
22582	11707	189	244	406	0	12546
22583	736	176	11306	384	0	12602
22584	471	185	477	11473	0	12606
22585	396	170	233	11909	0	12708
22586	423	161	156	12015	0	12755
22587	384	174	169	11798	0	12525
22588	376	176	147	11942	0	12641
22589	8261	242	155	874	0	9532
22590	11460	174	132	510	0	12276
22591	724	11137	130	417	0	12408
22592	448	477	10738	399	0	12062
22593	325	10612	459	361	0	11757
22594	325	10908	251	343	0	11827
22595	10215	548	146	374	0	11283
22596	611	9861	133	373	0	10978
22597	326	9365	111	409	0	10211
22598	9101	524	111	343	0	10079
22599	519	261	8755	358	0	9893
22600	8741	231	324	305	0	9601
22601	536	199	154	8836	0	9725
22602	338	237	120	8793	0	9488
22603	332	206	106	8870	0	9514
22604	345	201	8293	559	0	9398
22605	325	8396	322	402	0	9445
22606	8608	424	163	332	0	9527
22607	451	238	155	8669	0	9513
22608	289	8739	136	575	0	9739
22609	283	443	137	9142	0	10005
22610	287	215	8947	598	0	10047
22611	341	222	356	9122	0	10041
22612	331	197	186	9438	0	10152
22613	266	222	131	9573	0	10192
22614	9332	185	120	653	0	10290
22615	501	170	116	9546	0	10333
22616	288	160	9162	662	0	10272
22617	316	9250	381	373	0	10320
22618	287	407	227	9415	0	10336
22619	342	192	140	9641	0	10315
22620	262	202	9236	600	0	10300
22621	211	232	9122	388	0	9953
22622	8928	246	463	322	0	9959
22623	8968	244	227	332	0	9771
22624	590	8925	159	312	0	9986
22625	9113	421	120	316	0	9970
22626	532	261	8858	297	0	9948
22627	320	224	8852	321	0	9717
22628	8760	165	423	381	0	9729
22629	8850	111	212	397	0	9570
22630	513	180	8367	378	0	9438
22631	8277	140	355	414	0	9186
22632	493	147	8398	335	0	9373
22633	8411	134	395	326	0	9266
22634	8601	167	194	304	0	9266
22635	540	156	165	8119	0	8980
22636	260	8607	169	532	0	9568
22637	6507	434	193	486	0	7620
22638	417	187	8600	344	0	9548
22639	268	8644	382	365	0	9659
22640	8712	430	202	349	0	9693
22641	8505	213	201	336	0	9255
22642	516	8378	155	349	0	9398
22643	317	345	158	8606	0	9426
22644	317	174	8343	538	0	9372
22645	254	171	429	8451	0	9305
22646	263	171	8320	590	0	9344
22647	247	143	380	8487	0	9257
22648	239	161	212	8622	0	9234
22649	211	185	8208	594	0	9198
22650	229	8255	404	331	0	9219
22651	259	434	204	8239	0	9136
22652	245	230	6324	582	0	7381
22653	8235	154	286	356	0	9031
22654	504	142	199	8406	0	9251
22655	254	127	198	8690	0	9269
22656	8403	140	185	578	0	9306
22657	494	124	150	8355	0	9123
22658	299	130	165	8303	0	8897
22659	259	8136	156	534	0	9085
22660	227	410	175	8167	0	8979
22661	251	190	7937	510	0	8888
22662	249	137	408	7793	0	8587
22663	220	7691	212	491	0	8614
22664	158	8028	212	315	0	8713
22665	165	410	195	7978	0	8748
22666	7858	181	184	503	0	8726
22667	403	177	215	7935	0	8730
22668	7877	170	150	498	0	8695
22669	464	134	182	7954	0	8734
22670	7889	168	160	475	0	8692
22671	8218	137	163	291	0	8809
22672	491	136	160	8007	0	8794
22673	252	216	167	7819	0	8454
22674	212	7346	175	563	0	8296
22675	195	7675	160	350	0	8380
22676	204	367	7509	277	0	8357
22677	202	7319	373	264	0	8158
22678	5584	317	259	217	0	6377
22679	267	127	134	5247	0	5775
22680	155	4840	150	295	0	5440
22681	4952	192	113	209	0	5466
22682	259	119	99	4962	0	5439
22683	147	106	135	4924	0	5312
22684	145	102	98	5073	0	5418
22685	152	97	83	5081	0	5413
22686	128	4877	91	338	0	5434
22687	127	5229	84	225	0	5665
22688	5322	222	98	212	0	5854
22689	265	5422	97	152	0	5936
22690	184	234	101	5390	0	5909
22691	151	162	93	5499	0	5905
22692	114	135	119	5507	0	5875
22693	147	124	106	5554	0	5931
22694	5394	144	74	310	0	5922
22695	5538	99	86	196	0	5919
22696	280	121	5372	155	0	5928
22697	180	110	206	5452	0	5948
22698	163	90	5498	294	0	6045
22699	135	87	260	5553	0	6035
22700	162	67	142	5729	0	6100
22701	5639	76	102	375	0	6192
22702	268	82	94	5733	0	6177
22703	145	97	5578	356	0	6176
22704	135	91	5422	207	0	5855
22705	5482	114	281	189	0	6066
22706	282	85	5615	187	0	6169
22707	144	85	237	5486	0	5952
22708	117	102	5501	315	0	6035
22709	107	70	235	5359	0	5771
22710	106	5246	163	296	0	5811
22711	107	178	113	5358	0	5756
22712	118	5150	92	328	0	5688
22713	100	5224	96	225	0	5645
22714	147	207	83	5131	0	5568
22715	5025	103	104	281	0	5513
22716	198	5130	121	184	0	5633
22717	123	212	94	5221	0	5650
22718	5203	93	82	300	0	5678
22719	5311	75	86	204	0	5676
22720	5424	69	131	154	0	5778
22721	252	69	117	5311	0	5749
22722	207	78	83	5412	0	5780
22723	5448	82	77	266	0	5873
22724	5467	96	81	178	0	5822
22725	5514	83	97	138	0	5832
22726	252	71	105	5401	0	5829
22727	155	67	5230	219	0	5671
22728	5226	61	171	164	0	5622
22729	261	73	85	5228	0	5647
22730	146	5227	107	237	0	5717
22731	165	173	77	5233	0	5648
22732	133	5122	100	233	0	5588
22733	141	163	63	5282	0	5649
22734	132	102	5078	242	0	5554
22735	94	5070	142	195	0	5501
22736	90	196	74	4898	0	5258
22737	101	111	69	4870	0	5151
22738	86	93	79	4865	0	5123
22739	4836	103	63	264	0	5266
22740	194	4874	63	188	0	5319
22741	142	172	48	5115	0	5477
22742	5156	114	50	266	0	5586
22743	5221	93	54	208	0	5576
22744	216	67	74	5324	0	5681
22745	133	61	5308	299	0	5801
22746	111	62	191	5336	0	5700
22747	86	5289	83	311	0	5769
22748	84	180	75	5554	0	5893
22749	5454	117	67	280	0	5918
22750	210	93	47	5748	0	6098
22751	121	77	5702	312	0	6212
22752	113	5972	159	196	0	6440
22753	6089	217	72	187	0	6565
22754	234	127	6082	179	0	6622
22755	6232	73	200	188	0	6693
22756	281	71	96	6463	0	6911
22757	159	72	61	6604	0	6896
22758	109	6511	66	342	0	7028
22759	6730	246	48	229	0	7253
22760	264	105	66	6896	0	7331
22761	157	90	72	7040	0	7359
22762	124	78	49	7327	0	7578
22763	112	93	7087	358	0	7650
22764	111	89	188	7232	0	7620
22765	7286	64	93	348	0	7791
22766	7522	56	76	211	0	7865
22767	315	60	50	7458	0	7883
22768	172	74	65	7556	0	7867
22769	7357	72	50	382	0	7861
22770	271	73	7147	205	0	7696
22771	7056	66	193	208	0	7523
22772	280	66	7008	173	0	7527
22773	136	76	7069	161	0	7442
22774	124	89	237	7144	0	7594
22775	102	84	7294	276	0	7756
22776	7287	58	227	189	0	7761
22777	268	56	109	7595	0	8028
22778	149	47	7560	296	0	8052
22779	7374	52	208	209	0	7843
22780	7698	60	88	173	0	8019
22781	289	53	7807	159	0	8308
22782	205	60	205	7572	0	8042
22783	147	7866	101	284	0	8398
22784	8054	167	93	220	0	8534
22785	257	97	8067	158	0	8579
22786	7565	77	205	165	0	8012
22787	261	7852	118	125	0	8356
22788	7915	175	76	157	0	8323
22789	7858	81	66	181	0	8186
22790	7996	56	71	180	0	8303
22791	248	53	75	7990	0	8366
22792	169	7885	72	235	0	8361
22793	132	160	7811	171	0	8274
22794	123	8003	165	154	0	8445
22795	143	186	113	7478	0	7920
22796	108	7735	117	242	0	8202
22797	111	7981	94	164	0	8350
22798	7808	172	78	187	0	8245
22799	206	103	7702	148	0	8159
22800	151	74	7795	150	0	8170
22801	150	60	7744	145	0	8099
22802	134	7940	211	127	0	8412
22803	8005	129	134	155	0	8423
22804	7980	96	109	133	0	8318
22805	7975	61	91	138	0	8265
22806	225	7878	98	120	0	8321
22807	162	136	65	8260	0	8623
22808	123	81	8136	218	0	8558
22809	121	91	7801	157	0	8170
22810	8156	77	164	179	0	8576
22811	8497	73	111	163	0	8844
22812	8544	77	78	131	0	8830
22813	266	54	8290	137	0	8747
22814	8425	60	185	139	0	8809
22815	236	57	96	8520	0	8909
22816	166	54	98	8572	0	8890
22817	175	70	8812	226	0	9283
22818	148	8777	171	191	0	9287
22819	159	132	104	9036	0	9431
22820	132	88	8881	234	0	9335
22821	8557	58	165	194	0	8974
22822	234	56	128	9017	0	9435
22823	181	54	105	9073	0	9413
22824	9023	51	98	283	0	9455
22825	251	58	89	9049	0	9447
22826	9039	43	100	270	0	9452
22827	9067	49	107	195	0	9418
22828	255	49	88	9042	0	9434
22829	191	86	81	9126	0	9484
22830	9040	64	87	278	0	9469
22831	243	52	88	9145	0	9528
22832	9233	55	107	277	0	9672
22833	9190	65	116	194	0	9565
22834	9182	60	117	155	0	9514
22835	285	68	97	9056	0	9506
22836	220	47	87	9120	0	9474
22837	9177	46	97	265	0	9585
22838	259	8889	84	173	0	9405
22839	163	8788	72	153	0	9176
22840	8793	148	81	138	0	9160
22841	220	73	8475	103	0	8871
22842	8553	44	151	132	0	8880
22843	215	48	96	8956	0	9315
22844	145	38	8838	166	0	9187
22845	8768	43	157	144	0	9112
22846	173	44	98	9051	0	9366
22847	162	56	69	9113	0	9400
22848	151	51	58	9253	0	9513
22849	153	42	70	9250	0	9515
22850	9160	39	91	207	0	9497
22851	178	8960	77	117	0	9332
22852	8634	112	76	134	0	8956
22853	178	56	8515	80	0	8829
22854	124	58	8011	76	0	8269
22855	119	8538	116	81	0	8854
22856	128	101	76	8455	0	8760
22857	106	52	8351	111	0	8620
22858	102	7695	82	96	0	7975
22859	107	65	7956	84	0	8212
22860	96	32	72	7903	0	8103
22861	106	33	48	7900	0	8087
22862	8010	28	61	140	0	8239
22863	112	34	81	7812	0	8039
22864	7821	26	52	149	0	8048
22865	127	41	7731	61	0	7960
22866	121	7849	61	71	0	8102
22867	96	45	50	8349	0	8540
22868	85	38	53	8794	0	8970
22869	99	39	8784	74	0	8996
22870	93	37	8065	52	0	8247
22871	8325	29	93	84	0	8531
22872	8921	26	99	79	0	9125
22873	101	24	81	8931	0	9137
22874	84	40	53	8889	0	9066
22875	86	8782	70	68	0	9006
22876	109	45	36	9082	0	9272
22877	8914	34	50	116	0	9114
22878	8852	34	59	103	0	9048
22879	120	8868	49	58	0	9095
22880	9075	74	54	55	0	9258
22881	8853	37	65	68	0	9023
22882	136	37	36	9364	0	9573
22883	113	9306	35	122	0	9576
22884	107	125	32	9558	0	9822
22885	82	46	44	9573	0	9745
22886	93	42	9308	164	0	9607
22887	9207	43	132	101	0	9483
22888	217	31	48	10168	0	10464
22889	114	31	34	10755	0	10934
22890	92	12015	31	277	0	12415
22891	72	313	31	12954	0	13370
22892	13140	132	39	446	0	13757
22893	14186	85	41	196	0	14508
22894	579	71	13813	142	0	14605
22895	230	55	14047	109	0	14441
22896	192	60	568	14322	0	15142
22897	161	43	202	15149	0	15555
22898	141	38	14816	643	0	15638
22899	111	33	15030	290	0	15464
22900	133	27	684	14357	0	15201
22901	85	37	15222	590	0	15934
22902	84	43	15228	258	0	15613
22903	125	20	718	14834	0	15697
22904	15182	25	309	633	0	16149
22905	15708	29	204	292	0	16233
22906	693	46	158	15334	0	16231
22907	324	22	138	15666	0	16150
22908	15249	19	133	774	0	16175
22909	654	23	119	15254	0	16050
22910	15028	25	107	746	0	15906
22911	15352	27	86	369	0	15834
22912	782	30	92	15082	0	15986
22913	394	41	111	15461	0	16007
22914	14976	30	88	845	0	15939
22915	665	14498	94	423	0	15680
22916	330	15044	119	300	0	15793
22917	284	611	127	14537	0	15559
22918	188	256	14301	705	0	15450
22919	221	132	568	14365	0	15286
22920	14283	87	271	801	0	15442
22921	662	83	189	14429	0	15363
22922	14553	66	139	827	0	15585
22923	693	83	14311	405	0	15492
22924	14290	52	615	371	0	15328
22925	749	56	269	14604	0	15678
22926	426	48	192	15211	0	15877
22927	329	58	14951	838	0	16176
22928	307	49	590	15163	0	16109
22929	270	48	270	15616	0	16204
22930	259	59	212	16010	0	16540
22931	15234	47	153	1032	0	16466
22932	691	59	15006	556	0	16312
22933	382	63	14975	414	0	15834
22934	14809	43	751	411	0	16014
22935	15547	44	364	396	0	16351
22936	835	57	15254	350	0	16496
22937	483	56	701	14894	0	16134
22938	322	15181	354	746	0	16603
22939	316	545	269	15857	0	16987
22940	15589	182	261	880	0	16912
22941	16035	123	268	492	0	16918
22942	850	77	223	15691	0	16841
22943	440	15219	235	871	0	16765
22944	384	535	230	15196	0	16345
22945	350	15322	201	868	0	16741
22946	15439	591	214	556	0	16800
22947	15207	226	234	481	0	16148
22948	15452	159	233	478	0	16322
22949	934	14209	220	457	0	15820
22950	477	15065	238	430	0	16210
22951	430	700	225	15244	0	16599
22952	407	287	200	15707	0	16601
22953	427	182	215	15500	0	16324
22954	361	148	209	15892	0	16610
22955	330	153	14758	1129	0	16370
22956	14222	138	682	701	0	15743
22957	853	142	15079	524	0	16598
22958	15194	125	772	562	0	16653
22959	946	121	15530	503	0	17100
22960	15409	117	801	525	0	16852
22961	943	137	15812	505	0	17397
22962	15572	125	828	475	0	17000
22963	1044	122	412	15995	0	17573
22964	16413	114	339	972	0	17838
22965	1020	117	296	16442	0	17875
22966	622	117	292	16660	0	17691
22967	509	133	275	16247	0	17164
22968	436	15057	261	1184	0	16938
22969	15258	609	246	763	0	16876
22970	15516	265	243	640	0	16664
22971	1035	14995	254	577	0	16861
22972	650	664	239	15381	0	16934
22973	519	333	14824	1023	0	16699
22974	14900	233	721	708	0	16562
22975	15643	176	392	598	0	16809
22976	15627	146	332	567	0	16672
22977	1169	146	285	14826	0	16426
22978	676	14445	295	1018	0	16434
22979	611	637	297	14931	0	16476
22980	14850	282	302	1024	0	16458
22981	1044	201	287	14395	0	15927
22982	614	13836	288	999	0	15737
22983	13922	597	263	682	0	15464
22984	911	305	13770	578	0	15564
22985	636	244	13649	577	0	15106
22986	544	13221	814	527	0	15106
22987	519	13275	441	510	0	14745
22988	547	632	12506	540	0	14225
22989	492	329	11941	476	0	13238
22990	411	504	647	9522	0	11084
22991	9542	146	353	665	0	10706
22992	591	147	9343	429	0	10510
22993	456	8620	370	361	0	9807
22994	8716	210	375	399	0	9700
22995	442	8321	291	361	0	9415
22996	8189	229	216	442	0	9076
22997	370	7910	228	394	0	8902
22998	329	8006	277	348	0	8960
22999	356	218	243	8186	0	9003
23000	329	168	195	8244	0	8936
23001	323	152	7735	419	0	8629
23002	323	146	275	7640	0	8384
23003	7636	156	179	472	0	8443
23004	7729	146	149	374	0	8398
23005	473	144	147	7493	0	8257
23006	317	163	7202	457	0	8139
23007	324	172	6992	381	0	7869
23008	362	137	237	7408	0	8144
23009	312	127	7404	432	0	8275
23010	359	148	229	7391	0	8127
23011	336	177	177	7199	0	7889
23012	265	152	7748	475	0	8640
23013	7462	106	317	408	0	8293
23014	7934	134	236	326	0	8630
23015	400	195	7812	291	0	8698
23016	321	184	7940	280	0	8725
23017	306	124	359	8209	0	8998
23018	298	119	287	8991	0	9695
23019	284	125	197	9393	0	9999
23020	346	129	186	9257	0	9918
23021	9296	107	189	605	0	10197
23022	9982	112	176	368	0	10638
23023	549	109	235	10442	0	11335
23024	400	111	158	11178	0	11847
23025	275	138	11665	734	0	12812
23026	313	129	511	12277	0	13230
23027	283	123	350	13229	0	13985
23028	13393	103	208	965	0	14669
23029	773	13991	187	557	0	15508
23030	520	676	145	14434	0	15775
23031	435	302	181	14835	0	15753
23032	348	204	223	14768	0	15543
23033	292	12883	199	1170	0	14544
23034	321	14327	146	615	0	15409
23035	376	833	133	14326	0	15668
23036	313	405	176	14658	0	15552
23037	307	258	146	14903	0	15614
23038	13520	282	130	1221	0	15153
23039	800	13779	141	688	0	15408
23040	14066	757	151	504	0	15478
23041	14598	366	162	431	0	15557
23042	1089	291	154	13801	0	15335
23043	545	13682	141	932	0	15300
23044	13783	802	156	588	0	15329
23045	972	431	127	13894	0	15424
23046	14127	267	144	1033	0	15571
23047	1019	218	130	14342	0	15709
23048	527	229	13891	1059	0	15706
23049	410	251	14351	619	0	15631
23050	393	221	906	14286	0	15806
23051	389	184	397	14781	0	15751
23052	344	170	272	14580	0	15366
23053	329	13388	234	1208	0	15159
23054	300	14618	233	717	0	15868
23055	14160	897	233	507	0	15797
23056	14299	434	200	490	0	15423
23057	1034	13642	210	424	0	15310
23058	537	13636	181	417	0	14771
23059	385	14343	167	435	0	15330
23060	13334	959	134	450	0	14877
23061	827	13506	170	430	0	14933
23062	543	848	115	13558	0	15064
23063	13423	458	95	968	0	14944
23064	13762	350	131	559	0	14802
23065	1035	289	134	13231	0	14689
23066	535	284	12732	987	0	14538
23067	410	305	13079	580	0	14374
23068	378	307	805	13174	0	14664
23069	383	281	13265	896	0	14825
23070	390	266	785	13373	0	14814
23071	337	279	381	13693	0	14690
23072	290	212	13183	1162	0	14847
23073	323	228	13408	618	0	14577
23074	356	239	891	13257	0	14743
23075	324	258	429	14024	0	15035
23076	13127	237	310	1164	0	14838
23077	774	12859	256	719	0	14608
23078	415	13918	228	587	0	15148
23079	13163	914	212	567	0	14856
23080	13854	469	212	481	0	15016
23081	956	13192	221	506	0	14875
23082	488	13850	214	474	0	15026
23083	13541	961	199	477	0	15178
23084	861	516	244	13456	0	15077
23085	13236	380	215	1016	0	14847
23086	878	13193	169	676	0	14916
23087	13401	813	178	580	0	14972
23088	905	477	13013	518	0	14913
23089	13168	361	710	480	0	14719
23090	964	339	13166	497	0	14966
23091	562	298	713	13270	0	14843
23092	13090	287	363	1051	0	14791
23093	922	324	12652	685	0	14583
23094	539	341	742	13077	0	14699
23095	12952	297	390	1070	0	14709
23096	952	302	12667	759	0	14680
23097	602	283	750	13178	0	14813
23098	12792	343	400	1132	0	14667
23099	930	12682	286	756	0	14654
23100	625	785	249	13135	0	14794
23101	504	481	196	13400	0	14581
23102	471	364	221	13621	0	14677
23103	437	12907	231	1268	0	14843
23104	464	865	209	13647	0	15185
23105	467	499	223	14063	0	15252
23106	479	374	213	14205	0	15271
23107	474	348	194	14574	0	15590
23108	469	379	13329	1377	0	15554
23109	13015	390	764	901	0	15070
23110	13907	330	395	782	0	15414
23111	1191	13370	294	739	0	15594
23112	696	878	257	13397	0	15228
23113	549	566	246	13686	0	15047
23114	515	12931	238	1370	0	15054
23115	505	818	268	13503	0	15094
23116	12667	497	266	1296	0	14726
23117	828	12463	289	950	0	14530
23118	12176	846	294	713	0	14029
23119	923	502	253	12154	0	13832
23120	601	416	11575	1204	0	13796
23121	469	11826	674	860	0	13829
23122	11215	819	395	769	0	13198
23123	795	10440	263	685	0	12183
23124	533	10475	245	638	0	11891
23125	9319	677	268	613	0	10877
23126	628	474	8756	611	0	10469
23127	445	8034	378	592	0	9449
23128	6957	532	357	595	0	8441
23129	6389	422	203	522	0	7536
23130	447	6131	174	562	0	7314
23131	404	359	164	6527	0	7454
23132	357	352	6197	567	0	7473
23133	376	371	224	6414	0	7385
23134	402	352	168	6244	0	7166
23135	369	295	185	6768	0	7617
23136	351	309	6408	570	0	7638
23137	352	289	241	6534	0	7416
23138	432	275	6359	495	0	7561
23139	385	323	6015	434	0	7157
23140	5766	304	254	463	0	6787
23141	431	6178	257	419	0	7285
23142	370	6350	227	447	0	7394
23143	348	431	209	6670	0	7658
23144	7065	331	191	500	0	8087
23145	7186	301	201	459	0	8147
23146	7006	327	161	405	0	7899
23147	6991	329	204	402	0	7926
23148	6783	311	263	371	0	7728
23149	463	302	6466	339	0	7570
23150	381	325	266	6599	0	7571
23151	338	6550	194	465	0	7547
23152	335	372	184	6774	0	7665
23153	6777	357	186	414	0	7734
23154	400	6681	163	361	0	7605
23155	414	329	191	6845	0	7779
23156	6865	280	215	429	0	7789
23157	6965	260	211	403	0	7839
23158	400	273	214	6957	0	7844
23159	340	231	242	6837	0	7650
23160	309	219	226	6972	0	7726
23161	269	220	6680	528	0	7697
23162	261	176	6723	458	0	7618
23163	293	185	321	7033	0	7832
23164	335	191	225	7174	0	7925
23165	6949	197	238	516	0	7900
23166	6967	177	242	455	0	7841
23167	7070	203	229	401	0	7903
23168	7219	237	191	392	0	8039
23169	7133	234	186	360	0	7913
23170	406	7147	149	395	0	8097
23171	7458	321	144	376	0	8299
23172	7534	284	176	330	0	8324
23173	7561	275	162	306	0	8304
23174	416	240	122	7775	0	8553
23175	371	224	7457	439	0	8491
23176	370	238	207	7821	0	8636
23177	327	256	8086	400	0	9069
23178	346	250	251	7875	0	8722
23179	365	8143	178	368	0	9054
23180	8399	296	186	311	0	9192
23181	8690	260	148	336	0	9434
23182	433	219	170	8767	0	9589
23183	325	197	168	9106	0	9796
23184	305	158	130	9245	0	9838
23185	313	9070	154	433	0	9970
23186	9185	293	152	367	0	9997
23187	9276	181	139	351	0	9947
23188	408	9147	160	320	0	10035
23189	292	267	144	9426	0	10129
23190	261	193	155	9337	0	9946
23191	229	9275	112	463	0	10079
23192	9453	271	103	407	0	10234
23193	9453	230	107	360	0	10150
23194	339	189	89	9590	0	10207
23195	285	152	9260	417	0	10114
23196	206	161	8977	357	0	9701
23197	208	155	219	9793	0	10375
23198	202	162	131	9750	0	10245
23199	177	154	113	10113	0	10557
23200	9899	150	79	500	0	10628
23201	10086	144	85	372	0	10687
23202	340	10335	76	323	0	11074
23203	10583	322	84	270	0	11259
23204	353	194	10422	257	0	11226
23205	217	171	10376	248	0	11012
23206	197	10810	261	242	0	11510
23207	10557	299	133	231	0	11220
23208	310	10482	114	172	0	11078
23209	10522	289	73	184	0	11068
23210	329	201	10307	145	0	10982
23211	199	187	10146	142	0	10674
23212	206	137	223	10201	0	10767
23213	154	149	10615	258	0	11176
23214	165	142	217	10698	0	11222
23215	206	112	140	9627	0	10085
23216	132	10788	87	256	0	11263
23217	158	263	70	10931	0	11422
23218	149	133	80	11122	0	11484
23219	11330	114	66	293	0	11803
23220	263	11257	70	139	0	11729
23221	181	234	68	11455	0	11938
23222	136	112	11396	237	0	11881
23223	10115	104	214	175	0	10608
23224	247	83	11213	107	0	11650
23225	141	45	236	11075	0	11497
23226	107	11697	120	249	0	12173
23227	112	232	79	11801	0	12224
23228	11968	94	62	336	0	12460
23229	12050	69	49	188	0	12356
23230	343	12273	49	132	0	12797
23231	12648	265	54	159	0	13126
23232	12696	115	76	141	0	13028
23233	12693	75	52	156	0	12976
23234	13053	63	56	137	0	13309
23235	12357	67	61	153	0	12638
23236	373	57	12644	86	0	13160
23237	231	57	274	12492	0	13054
23238	185	65	117	12492	0	12859
23239	150	49	86	12784	0	13069
23240	143	12665	64	378	0	13250
23241	150	285	58	12729	0	13222
23242	124	137	12637	342	0	13240
23243	141	12245	275	180	0	12841
23244	126	12364	118	137	0	12745
23245	150	315	87	12163	0	12715
23246	150	128	65	12260	0	12603
23247	163	94	65	12067	0	12389
23248	130	11594	55	392	0	12171
23249	119	12069	68	217	0	12473
23250	11988	315	64	188	0	12555
23251	12055	132	56	174	0	12417
23252	344	12041	73	144	0	12602
23253	12390	279	53	179	0	12901
23254	12792	140	66	173	0	13171
23255	384	100	73	12880	0	13437
23256	213	104	76	13059	0	13452
23257	185	78	68	13228	0	13559
23258	124	98	12895	432	0	13549
23259	155	77	12655	238	0	13125
23260	124	13571	333	172	0	14200
23261	13923	329	144	166	0	14562
23262	432	152	13892	134	0	14610
23263	13732	109	373	165	0	14379
23264	456	110	14743	147	0	15456
23265	14841	81	440	159	0	15521
23266	533	15574	167	121	0	16395
23267	15772	463	93	171	0	16499
23268	596	176	96	15522	0	16390
23269	297	112	104	16049	0	16562
23270	190	133	15598	612	0	16533
23271	159	16004	450	285	0	16898
23272	198	479	174	16204	0	17055
23273	172	195	15957	553	0	16877
23274	14641	135	473	289	0	15538
23275	482	15684	209	192	0	16567
23276	15547	440	134	202	0	16323
23277	510	15236	115	167	0	16028
23278	262	491	88	15285	0	16126
23279	14989	200	84	547	0	15820
23280	498	15059	97	253	0	15907
23281	271	470	83	15094	0	15918
23282	190	220	14811	489	0	15710
23283	14086	151	415	283	0	14935
23284	532	147	158	14832	0	15669
23285	249	147	14560	524	0	15480
23286	235	14460	443	239	0	15377
23287	244	440	182	14572	0	15438
23288	177	228	14654	492	0	15551
23289	214	159	438	14071	0	14882
23290	161	14441	194	542	0	15338
23291	175	14908	154	267	0	15504
23292	182	553	14573	195	0	15503
23293	229	223	458	14402	0	15312
23294	161	178	14676	524	0	15539
23295	14233	138	504	289	0	15164
23296	515	148	245	14216	0	15124
23297	251	13951	182	514	0	14898
23298	187	14807	134	284	0	15412
23299	14359	509	117	269	0	15254
23300	472	14740	145	170	0	15527
23301	14546	489	116	211	0	15362
23302	477	286	14161	184	0	15108
23303	13403	174	430	174	0	14181
23304	480	13665	253	164	0	14562
23305	13707	441	189	186	0	14523
23306	471	13622	153	163	0	14409
23307	302	467	117	13444	0	14330
23308	210	239	117	13994	0	14560
23309	200	190	13528	534	0	14452
23310	12699	184	447	323	0	13653
23311	457	177	13471	221	0	14326
23312	13596	178	464	219	0	14457
23313	556	170	215	13567	0	14508
23314	278	161	150	13874	0	14463
23315	234	13892	133	605	0	14864
23316	215	534	134	14449	0	15332
23317	225	238	131	14920	0	15514
23318	195	186	14429	691	0	15501
23319	13281	163	482	362	0	14288
23320	535	14070	207	266	0	15078
23321	14124	541	165	276	0	15106
23322	605	241	186	14070	0	15102
23323	331	200	147	14408	0	15086
23324	14008	174	181	657	0	15020
23325	557	14107	146	356	0	15166
23326	13665	544	132	262	0	14603
23327	583	13426	134	265	0	14408
23328	330	13694	125	216	0	14365
23329	13455	562	140	247	0	14404
23330	544	332	128	13075	0	14079
23331	300	229	12952	535	0	14016
23332	291	194	453	12809	0	13747
23333	262	197	208	12975	0	13642
23334	239	12774	168	590	0	13771
23335	246	523	130	13076	0	13975
23336	226	295	151	13155	0	13827
23337	220	219	105	13464	0	14008
23338	183	211	141	13599	0	14134
23339	193	206	13035	728	0	14162
23340	155	256	13333	400	0	14144
23341	227	177	546	13596	0	14546
23342	172	193	13709	623	0	14697
23343	202	235	13598	355	0	14390
23344	233	222	605	13720	0	14780
23345	198	199	14247	628	0	15272
23346	249	179	563	13729	0	14720
23347	203	14227	291	663	0	15384
23348	14627	562	236	430	0	15855
23349	592	295	15506	302	0	16695
23350	342	235	605	15559	0	16741
23351	268	199	16100	690	0	17257
23352	213	208	684	16838	0	17943
23353	262	167	329	17556	0	18314
23354	16939	187	276	974	0	18376
23355	748	188	239	17553	0	18728
23356	16706	177	204	993	0	18080
23357	17362	180	238	552	0	18332
23358	917	16922	223	398	0	18460
23359	16829	733	226	368	0	18156
23360	822	16377	206	325	0	17730
23361	438	17026	199	319	0	17982
23362	16364	859	241	348	0	17812
23363	788	444	16187	325	0	17744
23364	430	304	15745	287	0	16766
23365	14929	273	825	320	0	16347
23366	15180	260	411	333	0	16184
23367	806	15068	248	324	0	16446
23368	15403	614	229	367	0	16613
23369	15591	334	215	336	0	16476
23370	15476	284	224	315	0	16299
23371	910	261	193	14909	0	16273
23372	14929	228	211	734	0	16102
23373	763	15121	221	426	0	16531
23374	504	611	212	15518	0	16845
23375	393	373	198	15731	0	16695
23376	301	15447	212	855	0	16815
23377	334	659	181	15854	0	17028
23378	15478	371	218	845	0	16912
23379	15837	271	184	532	0	16824
23380	830	15099	229	384	0	16542
23381	501	15608	197	355	0	16661
23382	15508	735	223	377	0	16843
23383	796	411	15158	322	0	16687
23384	439	336	15233	371	0	16379
23385	420	283	728	14949	0	16380
23386	385	283	372	15603	0	16643
23387	346	246	15109	888	0	16589
23388	312	14495	657	532	0	15996
23389	450	628	346	14207	0	15631
23390	335	424	15148	735	0	16642
23391	375	332	623	15166	0	16496
23392	371	273	360	15348	0	16352
23393	331	15507	269	889	0	16996
23394	398	643	260	15685	0	16986
23395	380	378	239	15953	0	16950
23396	365	311	211	16184	0	17071
23397	15584	305	201	977	0	17067
23398	777	284	217	15341	0	16619
23399	498	15444	228	826	0	16996
23400	15464	646	215	586	0	16911
23401	802	363	15014	460	0	16639
23402	482	286	14916	438	0	16122
23403	15033	259	742	443	0	16477
23404	792	262	399	15366	0	16819
23405	496	250	15370	824	0	16940
23406	382	266	642	15543	0	16833
23407	372	232	359	16218	0	17181
23408	15688	237	282	1048	0	17255
23409	15868	217	268	678	0	17031
23410	902	15767	253	528	0	17450
23411	570	675	232	15909	0	17386
23412	454	393	15837	855	0	17539
23413	377	16430	648	599	0	18054
23414	16389	663	403	548	0	18003
23415	744	16643	291	484	0	18162
23416	16500	696	276	530	0	18002
23417	804	431	16164	457	0	17856
23418	16088	320	624	473	0	17505
23419	17023	294	388	451	0	18156
23420	908	336	17099	418	0	18761
23421	637	282	674	16848	0	18441
23422	467	16792	408	854	0	18521
23423	385	17886	338	582	0	19191
23424	402	18193	280	490	0	19365
23425	427	919	250	17561	0	19157
23426	408	507	17749	816	0	19480
23427	431	358	668	17699	0	19156
23428	393	340	384	18339	0	19456
23429	460	281	17770	957	0	19468
23430	385	17712	680	661	0	19438
23431	377	674	454	17835	0	19340
23432	17827	384	347	917	0	19475
23433	779	319	319	18096	0	19513
23434	541	318	298	18060	0	19217
23435	461	17647	257	1030	0	19395
23436	17889	674	275	745	0	19583
23437	813	400	290	18486	0	19989
23438	547	326	18086	896	0	19855
23439	466	17981	672	598	0	19717
23440	17837	669	444	482	0	19432
23441	754	443	17809	471	0	19477
23442	17478	354	669	484	0	18985
23443	840	299	445	17642	0	19226
23444	494	17741	361	812	0	19408
23445	17621	666	330	579	0	19196
23446	17668	410	269	562	0	18909
23447	866	17894	286	415	0	19461
23448	655	648	236	17557	0	19096
23449	502	392	280	17390	0	18564
23450	16778	325	241	897	0	18241
23451	734	16614	293	557	0	18198
23452	523	528	231	15872	0	17154
23453	448	15255	196	669	0	16568
23454	453	15339	194	449	0	16435
23455	397	530	211	14929	0	16067
23456	14757	385	176	567	0	15885
23457	608	14734	189	402	0	15933
23458	415	532	194	14789	0	15930
23459	445	365	188	14882	0	15880
23460	372	392	14524	526	0	15814
23461	395	377	13703	376	0	14851
23462	393	14344	429	371	0	15537
23463	361	417	14151	344	0	15273
23464	351	273	467	14230	0	15321
23465	379	290	14358	502	0	15529
23466	411	245	347	14520	0	15523
23467	344	350	207	14731	0	15632
23468	373	295	188	14843	0	15699
23469	14491	244	196	626	0	15557
23470	521	249	214	14507	0	15491
23471	364	251	192	14562	0	15369
23472	333	14251	216	593	0	15393
23473	268	492	220	14319	0	15299
23474	14195	317	186	675	0	15373
23475	376	14531	212	516	0	15635
23476	14480	442	214	461	0	15597
23477	451	313	14346	457	0	15567
23478	369	278	14402	391	0	15440
23479	392	253	397	14933	0	15975
23480	272	303	275	15526	0	16376
23481	238	15363	258	594	0	16453
23482	353	452	245	14353	0	15403
23483	15159	278	289	640	0	16366
23484	15084	244	302	460	0	16090
23485	420	242	218	15785	0	16665
23486	296	228	16395	649	0	17568
23487	271	219	425	16780	0	17695
23488	249	273	255	17409	0	18186
23489	269	214	196	17609	0	18288
23490	254	217	229	17308	0	18008
23491	233	228	193	17025	0	17679
23492	223	16852	173	713	0	17961
23493	16498	469	187	545	0	17699
23494	16815	282	190	478	0	17765
23495	16996	236	153	467	0	17852
23496	530	17144	186	396	0	18256
23497	17141	436	183	399	0	18159
23498	504	17132	187	376	0	18199
23499	323	514	16882	310	0	18029
23500	422	246	417	16484	0	17569
23501	258	221	17179	548	0	18206
23502	254	17174	483	378	0	18289
23503	17169	472	240	392	0	18273
23504	505	320	17631	359	0	18815
23505	331	284	18130	314	0	19059
23506	276	18895	565	341	0	20077
23507	263	549	294	19355	0	20461
23508	307	316	20249	594	0	21466
23509	335	289	534	19571	0	20729
23510	303	294	282	21711	0	22590
23511	229	243	250	23440	0	24162
23512	23886	233	235	940	0	25294
23513	23985	253	157	575	0	24970
23514	995	232	140	23738	0	25105
23515	24096	258	166	900	0	25420
23516	931	196	23566	491	0	25184
23517	441	212	23455	402	0	24510
23518	374	177	23699	372	0	24622
23519	298	209	23975	366	0	24848
23520	213	23166	959	381	0	24719
23521	340	722	439	22731	0	24232
23522	257	392	23425	764	0	24838
23523	21518	290	728	537	0	23073
23524	23289	243	370	452	0	24354
23525	833	23085	343	436	0	24697
23526	23198	641	354	356	0	24549
23527	886	323	284	23190	0	24683
23528	420	259	23744	825	0	25248
23529	400	208	775	22587	0	23970
23530	265	23918	403	780	0	25366
23531	23068	670	316	611	0	24665
23532	23936	338	254	452	0	24980
23533	886	23759	225	376	0	25246
23534	24134	707	211	401	0	25453
23535	24150	398	214	376	0	25138
23536	996	23823	219	298	0	25336
23537	634	699	244	23105	0	24682
23538	393	23546	269	731	0	24939
23539	23792	811	194	461	0	25258
23540	881	440	207	23645	0	25173
23541	23771	310	217	845	0	25143
23542	1002	279	167	23654	0	25102
23543	537	269	23132	866	0	24804
23544	22600	304	617	505	0	24026
23545	927	266	23085	360	0	24638
23546	599	253	717	23007	0	24576
23547	422	268	22953	811	0	24454
23548	415	224	738	22819	0	24196
23549	335	230	22892	930	0	24387
23550	21934	217	766	615	0	23532
23551	782	22722	418	446	0	24368
23552	22963	677	322	465	0	24427
23553	925	346	281	22904	0	24456
23554	22638	269	276	880	0	24063
23555	861	22567	303	501	0	24232
23556	530	22504	304	399	0	23737
23557	374	23735	312	408	0	24829
23558	23369	859	315	431	0	24974
23559	838	413	289	23462	0	25002
23560	511	319	290	23869	0	24989
23561	412	286	23140	979	0	24817
23562	429	265	22765	566	0	24025
23563	443	264	848	23214	0	24769
23564	422	253	23636	855	0	25166
23565	394	23288	825	517	0	25024
23566	23060	763	442	504	0	24769
23567	890	394	23556	415	0	25255
23568	502	344	23506	390	0	24742
23569	498	306	946	23162	0	24912
23570	23777	223	568	997	0	25565
23571	870	255	452	23959	0	25536
23572	23912	242	403	1031	0	25588
23573	987	205	402	24065	0	25659
23574	578	271	24090	904	0	25843
23575	513	23386	906	536	0	25341
23576	441	759	23969	426	0	25595
23577	397	23781	1025	399	0	25602
23578	392	799	593	23608	0	25392
23579	23169	409	468	974	0	25020
23580	897	331	23160	608	0	24996
23581	601	289	830	22896	0	24616
23582	549	259	474	23670	0	24952
23583	23649	241	409	1077	0	25376
23584	986	283	364	23107	0	24740
23585	574	23136	393	983	0	25086
23586	22340	754	390	635	0	24119
23587	882	467	22022	518	0	23889
23588	21086	372	826	551	0	22835
23589	946	21759	501	451	0	23657
23590	649	786	405	21054	0	22894
23591	519	22066	356	837	0	23778
23592	21972	820	335	614	0	23741
23593	984	463	21806	476	0	23729
23594	21255	377	768	519	0	22919
23595	1007	21868	473	438	0	23786
23596	670	757	422	22079	0	23928
23597	22184	423	397	908	0	23912
23598	22520	387	398	597	0	23902
23599	1044	335	422	22133	0	23934
23600	681	320	405	22300	0	23706
23601	554	21796	418	991	0	23759
23602	544	754	397	22093	0	23788
23603	557	23900	385	940	0	25782
23604	503	25285	414	606	0	26808
23605	530	1152	392	23259	0	25333
23606	489	24054	355	1027	0	25925
23607	538	1010	24272	633	0	26453
23608	553	520	24797	559	0	26429
23609	481	25126	1244	549	0	27400
23610	468	1114	25211	476	0	27269
23611	453	526	24853	496	0	26328
23612	471	418	23636	316	0	24841
23613	407	22655	1413	365	0	24840
23614	21923	952	835	459	0	24169
23615	990	22195	549	288	0	24022
23616	563	1062	22258	275	0	24158
23617	537	596	1067	21462	0	23662
23618	21686	463	692	960	0	23801
23619	963	380	21593	571	0	23507
23620	670	409	1014	21292	0	23385
23621	501	365	21847	998	0	23711
23622	498	356	1174	21242	0	23270
23623	21051	326	660	1143	0	23180
23624	1078	372	21274	595	0	23319
23625	651	21239	1056	510	0	23456
23626	627	1000	643	20721	0	22991
23627	21478	617	542	1067	0	23704
23628	1027	492	21181	621	0	23321
23629	745	428	1029	19688	0	21890
23630	557	20970	655	971	0	23153
23631	21145	990	523	707	0	23365
23632	21928	594	463	564	0	23549
23633	1394	521	438	21308	0	23661
23634	854	21401	411	1117	0	23783
23635	621	23072	486	669	0	24848
23636	23077	1399	422	620	0	25518
23637	1224	769	414	22635	0	25042
23638	724	23370	440	1149	0	25683
23639	23420	1209	411	765	0	25805
23640	1292	648	433	23586	0	25959
23641	850	558	409	24198	0	26015
23642	587	435	22556	1591	0	25169
23643	463	22721	1181	980	0	25345
23644	480	24518	729	671	0	26398
23645	445	1469	648	24062	0	26624
23646	23978	898	450	1305	0	26631
23647	1166	24285	485	783	0	26719
23648	24205	1294	426	733	0	26658
23649	1337	24297	447	548	0	26629
23650	908	1412	387	24099	0	26806
23651	24346	918	413	1276	0	26953
23652	1362	642	387	24553	0	26944
23653	799	550	24150	1496	0	26995
23654	710	517	1180	23237	0	25644
23655	500	23985	668	1434	0	26587
23656	23539	1315	581	899	0	26334
23657	1197	23916	495	697	0	26305
23658	832	1408	494	23208	0	25942
23659	628	849	459	24363	0	26299
23660	522	694	23254	1636	0	26106
23661	408	566	23589	1056	0	25619
23662	564	554	1545	23256	0	25919
23663	475	572	23487	1403	0	25937
23664	456	22868	1477	928	0	25729
23665	22802	1377	785	755	0	25719
23666	1267	870	23190	648	0	25975
23667	22788	678	1335	676	0	25477
23668	23863	532	871	671	0	25937
23669	23906	565	665	677	0	25813
23670	24169	537	563	674	0	25943
23671	1830	594	511	22942	0	25877
23672	1130	556	532	22614	0	24832
23673	739	22450	505	1693	0	25387
23674	22310	1321	555	1097	0	25283
23675	1319	969	21946	748	0	24982
23676	939	753	1258	21836	0	24786
23677	786	641	890	22488	0	24805
23678	647	584	21644	1727	0	24602
23679	672	21707	1313	1104	0	24796
23680	699	1326	886	20885	0	23796
23681	695	881	667	22717	0	24960
23682	21610	706	543	1808	0	24667
23683	1451	21404	499	1187	0	24541
23684	1017	1330	471	21399	0	24217
23685	760	21543	502	1470	0	24275
23686	727	1475	488	22129	0	24819
23687	21420	930	500	1689	0	24539
23688	22231	794	460	1108	0	24593
23689	1678	676	512	21777	0	24643
23690	21665	662	495	1571	0	24393
23691	21871	646	491	1143	0	24151
23692	1714	21108	529	917	0	24268
23693	1178	1359	496	20559	0	23592
23694	884	21221	494	1415	0	24014
23695	716	1587	442	21361	0	24106
23696	20954	972	435	1679	0	24040
23697	1477	837	428	21249	0	23991
23698	1078	690	473	21766	0	24007
23699	770	746	20219	1861	0	23596
23700	700	19213	1171	1326	0	22410
23701	667	20869	798	990	0	23324
23702	20222	1567	619	893	0	23301
23703	1290	1088	503	17683	0	20564
23704	16619	759	479	1338	0	19195
23705	1217	15777	460	963	0	18417
23706	870	15124	485	798	0	17277
23707	739	15828	510	664	0	17741
23708	13504	1121	612	694	0	15931
23709	840	13631	405	675	0	15551
23710	12717	758	572	699	0	14746
23711	12466	594	483	668	0	14211
23712	12849	521	435	667	0	14472
23713	865	581	378	13272	0	15096
23714	785	525	329	13553	0	15192
23715	625	571	312	13787	0	15295
23716	621	482	395	13640	0	15138
23717	13271	500	329	1116	0	15216
23718	883	12990	286	823	0	14982
23719	696	705	364	13485	0	15250
23720	13473	574	301	1015	0	15363
23721	849	460	344	13527	0	15180
23722	651	462	301	13699	0	15113
23723	13360	496	282	1042	0	15180
23724	817	545	12786	762	0	14910
23725	704	586	495	13163	0	14948
23726	654	520	12965	947	0	15086
23727	659	521	525	13085	0	14790
23728	643	504	388	13190	0	14725
23729	12731	510	256	1066	0	14563
23730	840	12403	210	792	0	14245
23731	722	12377	231	704	0	14034
23732	12096	715	201	743	0	13755
23733	707	12240	203	742	0	13892
23734	11968	770	257	714	0	13709
23735	705	654	11456	633	0	13448
23736	10945	525	374	646	0	12490
23737	11095	478	259	702	0	12534
23738	11206	525	224	586	0	12541
23739	751	480	191	10952	0	12374
23740	552	350	246	11123	0	12271
23741	481	10722	250	827	0	12280
23742	445	592	293	10862	0	12192
23743	10578	535	234	728	0	12075
23744	575	10509	198	605	0	11887
23745	477	10484	237	659	0	11857
23746	10510	534	199	603	0	11846
23747	647	533	10158	494	0	11832
23748	604	412	343	10282	0	11641
23749	514	434	10215	647	0	11810
23750	521	343	369	10387	0	11620
23751	534	10162	258	693	0	11647
23752	488	460	249	10699	0	11896
23753	10375	373	346	676	0	11770
23754	570	355	194	10658	0	11777
23755	446	427	10487	625	0	11985
23756	9994	338	351	563	0	11246
23757	596	10688	242	531	0	12057
23758	446	11274	270	579	0	12569
23759	11737	479	245	590	0	13051
23760	12394	320	287	517	0	13518
23761	707	321	12146	450	0	13624
23762	11881	308	414	528	0	13131
23763	693	12158	274	452	0	13577
23764	12499	573	203	506	0	13781
23765	762	410	168	12050	0	13390
23766	537	11295	210	672	0	12714
23767	11793	530	167	518	0	13008
23768	771	334	11369	491	0	12965
23769	558	321	343	11766	0	12988
23770	11992	284	193	724	0	13193
23771	637	327	11582	585	0	13131
23772	11814	325	366	554	0	13059
23773	624	372	199	11827	0	13022
23774	525	346	147	12147	0	13165
23775	403	314	11830	724	0	13271
23776	402	299	356	11973	0	13030
23777	12007	283	171	845	0	13306
23778	601	11818	207	516	0	13142
23779	12026	579	147	511	0	13263
23780	12254	356	82	506	0	13198
23781	697	339	108	12107	0	13251
23782	539	320	11921	645	0	13425
23783	470	362	330	12096	0	13258
23784	12238	294	146	733	0	13411
23785	610	12075	141	468	0	13294
23786	12447	494	113	478	0	13532
23787	664	317	111	12371	0	13463
23788	536	254	99	12635	0	13524
23789	373	293	116	12839	0	13621
23790	385	253	12130	695	0	13463
23791	402	224	355	12490	0	13471
23792	302	306	12249	614	0	13471
23793	261	261	12395	444	0	13361
23794	355	279	441	13506	0	14581
23795	261	246	13729	715	0	14951
23796	14681	213	508	433	0	15835
23797	754	185	239	15521	0	16699
23798	433	188	200	15669	0	16490
23799	313	15832	214	869	0	17228
23800	16037	752	133	512	0	17434
23801	16726	393	114	420	0	17653
23802	1009	16565	106	301	0	17981
23803	544	686	115	16715	0	18060
23804	400	354	16617	764	0	18135
23805	16216	276	624	488	0	17604
23806	17250	203	305	371	0	18129
23807	992	170	204	16248	0	17614
23808	526	154	15801	783	0	17264
23809	396	15527	661	438	0	17022
23810	15424	642	316	372	0	16754
23811	832	307	15402	330	0	16871
23812	431	15101	687	293	0	16512
23813	14614	634	321	336	0	15905
23814	14852	286	253	315	0	15706
23815	890	229	164	14347	0	15630
23816	523	14317	199	682	0	15721
23817	442	635	146	15137	0	16360
23818	377	327	151	15574	0	16429
23819	364	238	171	15296	0	16069
23820	356	190	143	15684	0	16373
23821	302	162	14940	1030	0	16434
23822	363	159	632	15207	0	16361
23823	361	165	290	15747	0	16563
23824	265	163	15123	979	0	16530
23825	247	15033	662	588	0	16530
23826	15042	670	351	452	0	16515
23827	15538	316	241	406	0	16501
23828	956	229	174	15263	0	16622
23829	15426	187	185	863	0	16661
23830	901	186	176	15625	0	16888
23831	493	173	15533	907	0	17106
23832	404	161	15506	546	0	16617
23833	294	15284	846	414	0	16838
23834	15177	659	455	411	0	16702
23835	838	334	15931	364	0	17467
23836	557	237	786	15455	0	17035
23837	477	170	379	16718	0	17744
23838	414	156	289	17411	0	18270
23839	367	187	214	17402	0	18170
23840	346	165	216	17383	0	18110
23841	291	232	16543	1371	0	18437
23842	344	174	870	16870	0	18258
23843	16463	182	458	1199	0	18302
23844	972	16337	337	684	0	18330
23845	16404	820	283	570	0	18077
23846	1031	16556	244	508	0	18339
23847	16715	930	268	484	0	18397
23848	17367	450	241	508	0	18566
23849	1272	273	241	16738	0	18524
23850	741	236	232	17386	0	18595
23851	16751	219	237	1322	0	18529
23852	16607	185	237	824	0	17853
23853	17009	216	261	596	0	18082
23854	1311	15575	242	496	0	17624
23855	738	16090	263	491	0	17582
23856	536	1001	15841	412	0	17790
23857	519	512	805	15634	0	17470
23858	452	335	15392	1061	0	17240
23859	434	14754	871	753	0	16812
23860	437	773	427	14486	0	16123
23861	425	405	319	14807	0	15956
23862	388	295	263	15176	0	16122
23863	14301	259	258	1298	0	16116
23864	14601	243	242	811	0	15897
23865	1109	14279	237	596	0	16221
23866	702	759	256	14566	0	16283
23867	508	428	14284	1025	0	16245
23868	446	305	14059	684	0	15494
23869	14008	268	968	611	0	15855
23870	14675	239	491	559	0	15964
23871	1161	198	368	14340	0	16067
23872	14513	208	310	1074	0	16105
23873	1077	203	13924	717	0	15921
23874	686	13755	795	587	0	15823
23875	540	741	478	14196	0	15955
23876	432	440	14424	1015	0	16311
23877	471	346	816	14707	0	16340
23878	450	261	475	15203	0	16389
23879	443	229	14591	1312	0	16575
23880	14238	196	813	942	0	16189
23881	15140	226	469	796	0	16631
23882	1100	15214	382	680	0	17376
23883	15842	805	336	650	0	17633
23884	16602	443	308	612	0	17965
23885	1319	363	15989	515	0	18186
23886	16054	322	878	575	0	17829
23887	1215	16644	514	607	0	18980
23888	17138	921	394	599	0	19052
23889	17761	472	340	603	0	19176
23890	18424	343	319	529	0	19615
23891	17593	298	310	593	0	18794
23892	18225	275	287	581	0	19368
23893	1573	17019	331	530	0	19453
23894	16816	889	270	525	0	18500
23895	1344	15895	316	427	0	17982
23896	777	14449	262	421	0	15909
23897	561	14790	236	497	0	16084
23898	14262	875	312	500	0	15949
23899	14399	518	253	448	0	15618
23900	1117	319	13604	441	0	15481
23901	14431	253	652	449	0	15785
23902	14602	321	367	448	0	15738
23903	1110	289	14231	466	0	16096
23904	718	265	810	14130	0	15923
23905	664	292	416	14163	0	15535
23906	625	245	286	15146	0	16302
23907	556	264	241	15226	0	16287
23908	538	232	327	15350	0	16447
23909	456	363	14503	1125	0	16447
23910	512	14472	756	652	0	16392
23911	14330	721	463	518	0	16032
23912	948	14481	272	459	0	16160
23913	14768	791	221	425	0	16205
23914	14959	411	213	430	0	16013
23915	1123	323	14055	484	0	15985
23916	691	347	740	13093	0	14871
23917	487	13539	406	941	0	15373
23918	13824	725	286	649	0	15484
23919	14067	356	253	592	0	15268
23920	14411	241	255	540	0	15447
23921	1115	13885	322	464	0	15786
23922	14385	673	256	502	0	15816
23923	14698	378	238	476	0	15790
23924	14749	316	285	371	0	15721
23925	1165	340	260	13873	0	15638
23926	835	294	230	14313	0	15672
23927	687	274	212	14586	0	15759
23928	14099	265	225	1063	0	15652
23929	1029	13943	245	589	0	15806
23930	14322	653	212	524	0	15711
23931	14196	363	283	417	0	15259
23932	13935	281	281	392	0	14889
23933	14116	339	186	341	0	14982
23934	1251	13248	181	327	0	15007
23935	12902	638	280	337	0	14157
23936	958	12189	179	435	0	13761
23937	582	12217	177	445	0	13421
23938	12117	617	167	452	0	13353
23939	818	11650	145	437	0	13050
23940	596	12096	172	402	0	13266
23941	12215	618	276	307	0	13416
23942	12534	336	152	364	0	13386
23943	992	331	146	11887	0	13356
23944	698	376	127	12168	0	13369
23945	12372	301	123	665	0	13461
23946	12727	378	156	397	0	13658
23947	12659	283	165	348	0	13455
23948	960	272	11833	287	0	13352
23949	12542	252	442	414	0	13650
23950	843	217	248	12484	0	13792
23951	731	243	178	12600	0	13752
23952	670	262	171	12682	0	13785
23953	633	251	181	12710	0	13775
23954	498	335	12105	662	0	13600
23955	482	307	12295	382	0	13466
23956	457	269	613	12327	0	13666
23957	446	230	12321	690	0	13687
23958	450	245	12370	388	0	13453
23959	478	277	559	12324	0	13638
23960	492	200	298	12764	0	13754
23961	512	208	202	13178	0	14100
23962	492	237	158	12849	0	13736
23963	13139	194	161	725	0	14219
23964	13557	227	194	383	0	14361
23965	894	291	182	12911	0	14278
23966	591	227	193	13155	0	14166
23967	511	236	257	13134	0	14138
23968	539	190	240	13091	0	14060
23969	619	196	177	12983	0	13975
23970	596	12611	188	695	0	14090
23971	12884	517	142	530	0	14073
23972	860	12770	169	352	0	14151
23973	13086	544	218	319	0	14167
23974	13205	359	136	342	0	14042
23975	13236	259	124	415	0	14034
23976	895	229	212	12290	0	13626
23977	12465	216	134	669	0	13484
23978	851	232	131	12181	0	13395
23979	655	243	170	12196	0	13264
23980	12281	239	100	640	0	13260
23981	911	11585	95	346	0	12937
23982	594	11422	107	258	0	12381
23983	11235	493	97	247	0	12072
23984	748	310	10601	243	0	11902
23985	10207	221	363	248	0	11039
23986	759	235	142	10142	0	11278
23987	490	9501	95	424	0	10510
23988	473	9704	78	279	0	10534
23989	9755	386	98	227	0	10466
23990	597	253	84	9505	0	10439
23991	469	9655	71	340	0	10535
23992	9821	321	80	252	0	10474
23993	9717	264	63	259	0	10303
23994	9785	171	64	263	0	10283
23995	9778	190	87	259	0	10314
23996	481	9267	79	260	0	10087
23997	327	9327	82	245	0	9981
23998	9524	287	82	239	0	10132
23999	9729	157	80	252	0	10218
24000	477	145	9264	200	0	10086
24001	355	9020	203	201	0	9779
24002	9195	228	101	233	0	9757
24003	9399	154	129	217	0	9899
24004	414	137	9262	245	0	10058
24005	9290	111	198	290	0	9889
24006	427	146	9715	247	0	10535
24007	286	149	10305	240	0	10980
24008	310	130	302	9679	0	10421
24009	246	9994	209	339	0	10788
24010	10823	376	80	248	0	11527
24011	559	208	56	10656	0	11479
24012	369	202	67	10827	0	11465
24013	384	125	45	11103	0	11657
24014	11059	112	56	472	0	11699
24015	489	119	125	10844	0	11577
24016	355	115	59	11212	0	11741
24017	309	177	10847	448	0	11781
24018	10684	109	278	283	0	11354
24019	11214	102	125	250	0	11691
24020	626	115	10828	190	0	11759
24021	10608	152	303	217	0	11280
24022	589	106	126	10513	0	11334
24023	370	10585	94	433	0	11482
24024	354	323	65	10841	0	11583
24025	10732	160	79	526	0	11497
24026	472	10690	79	318	0	11559
24027	317	345	72	10910	0	11644
24028	331	197	75	11104	0	11707
24029	269	186	82	11129	0	11666
24030	325	104	79	10718	0	11226
24031	269	10926	80	522	0	11797
24032	11071	384	62	324	0	11841
24033	11318	204	57	299	0	11878
24034	569	11559	65	233	0	12426
24035	12626	416	77	248	0	13367
24036	13188	237	62	245	0	13732
24037	13128	179	66	242	0	13615
24038	786	124	12403	226	0	13539
24039	462	140	437	12488	0	13527
24040	295	135	12147	615	0	13192
24041	12265	91	477	360	0	13193
24042	664	12346	212	287	0	13509
24043	12350	460	131	305	0	13246
24044	677	12527	116	248	0	13568
24045	459	528	106	12043	0	13136
24046	372	237	107	12570	0	13286
24047	283	166	12274	727	0	13450
24048	256	12473	500	428	0	13657
24049	12354	551	234	346	0	13485
24050	652	271	12276	309	0	13508
24051	12404	153	554	320	0	13431
24052	741	148	280	12434	0	13603
24053	412	152	12445	685	0	13694
24054	331	12343	603	368	0	13645
24055	343	568	284	12453	0	13648
24056	277	275	12496	707	0	13755
24057	268	198	12653	406	0	13525
24058	253	12342	708	330	0	13633
24059	308	562	328	12205	0	13403
24060	303	293	221	12233	0	13050
24061	246	12028	178	779	0	13231
24062	12188	596	142	483	0	13409
24063	738	304	144	11975	0	13161
24064	414	11977	162	676	0	13229
24065	12303	609	133	448	0	13493
24066	12435	319	123	375	0	13252
24067	12650	224	172	330	0	13376
24068	862	12208	149	322	0	13541
24069	12605	625	160	300	0	13690
24070	12879	345	141	263	0	13628
24071	924	282	161	12266	0	13633
24072	12694	246	128	674	0	13742
24073	913	193	141	12525	0	13772
24074	530	191	12186	751	0	13658
24075	401	232	12604	457	0	13694
24076	395	170	713	12665	0	13943
24077	343	205	12822	739	0	14109
24078	12554	184	686	469	0	13893
24079	789	190	323	12931	0	14233
24080	506	180	243	13232	0	14161
24081	412	213	12662	864	0	14151
24082	346	12254	617	504	0	13721
24083	354	13113	330	370	0	14167
24084	347	763	253	12645	0	14008
24085	358	387	192	13198	0	14135
24086	317	246	12528	909	0	14000
24087	299	237	12817	491	0	13844
24088	346	228	797	12809	0	14180
24089	351	205	12789	778	0	14123
24090	12476	187	732	515	0	13910
24091	813	209	391	12669	0	14082
24092	12767	191	275	859	0	14092
24093	870	206	233	12724	0	14033
24094	498	210	216	13285	0	14209
24095	395	202	12590	1008	0	14195
24096	347	12753	721	574	0	14395
24097	372	673	400	12965	0	14410
24098	300	344	12878	867	0	14389
24099	337	12482	728	511	0	14058
24100	348	644	434	12851	0	14277
24101	12792	327	327	846	0	14292
24102	788	264	12673	543	0	14268
24103	12031	205	736	452	0	13424
24104	835	183	12017	379	0	13414
24105	11079	184	744	394	0	12401
24106	739	11066	441	390	0	12636
24107	427	10996	338	371	0	12132
24108	386	662	291	10362	0	11701
24109	310	10311	247	675	0	11543
24110	10378	588	263	512	0	11741
24111	626	292	243	10595	0	11756
24112	407	258	245	10834	0	11744
24113	362	242	232	11026	0	11862
24114	335	225	10351	830	0	11741
24115	315	202	581	10445	0	11543
24116	289	217	10316	752	0	11574
24117	279	10045	657	467	0	11448
24118	9801	526	353	419	0	11099
24119	646	10103	281	374	0	11404
24120	10299	589	288	367	0	11543
24121	10579	334	244	355	0	11512
24122	10648	268	238	420	0	11574
24123	10496	261	215	391	0	11363
24124	743	249	9785	409	0	11186
24125	538	213	543	9825	0	11119
24126	400	259	311	9807	0	10777
24127	373	213	275	10371	0	11232
24128	9179	221	259	831	0	10490
24129	9615	206	252	542	0	10615
24130	678	9744	239	401	0	11062
24131	457	509	9473	346	0	10785
24132	438	282	9479	338	0	10537
24133	396	9214	588	329	0	10527
24134	335	9465	353	308	0	10461
24135	415	477	328	8113	0	9333
24136	378	280	224	7881	0	8763
24137	7974	232	262	499	0	8967
24138	440	7865	268	377	0	8950
24139	294	356	240	8268	0	9158
24140	278	255	8310	501	0	9344
24141	332	236	395	8548	0	9511
24142	275	257	266	8777	0	9575
24143	304	196	242	8954	0	9696
24144	246	242	248	8838	0	9574
24145	258	190	8463	607	0	9518
24146	208	8040	430	452	0	9130
24147	219	8337	338	325	0	9219
24148	7967	428	227	324	0	8946
24149	413	7875	253	327	0	8868
24150	285	8387	265	304	0	9241
24151	308	379	228	8403	0	9318
24152	275	224	216	8525	0	9240
24153	224	207	268	8514	0	9213
24154	213	256	8296	534	0	9299
24155	223	8210	374	419	0	9226
24156	255	336	265	8258	0	9114
24157	209	8364	256	482	0	9311
24158	8309	409	217	379	0	9314
24159	367	8363	212	349	0	9291
24160	8377	364	173	377	0	9291
24161	415	284	8164	296	0	9159
24162	8284	208	340	317	0	9149
24163	423	195	210	8513	0	9341
24164	297	222	8408	430	0	9357
24165	8161	190	348	347	0	9046
24166	8398	189	231	344	0	9162
24167	8497	175	235	313	0	9220
24168	433	234	212	8360	0	9239
24169	320	176	8234	460	0	9190
24170	8307	172	308	400	0	9187
24171	386	145	249	8740	0	9520
24172	282	172	207	8845	0	9506
24173	228	149	8856	494	0	9727
24174	183	8688	393	365	0	9629
24175	209	272	293	8604	0	9378
24176	167	8717	252	442	0	9578
24177	8600	324	229	339	0	9492
24178	8655	203	185	343	0	9386
24179	362	185	183	8681	0	9411
24180	8558	181	207	433	0	9379
24181	328	8533	209	311	0	9381
24182	8519	299	197	302	0	9317
24183	329	8555	163	300	0	9347
24184	230	261	185	8702	0	9378
24185	192	201	179	8619	0	9191
24186	204	8479	221	408	0	9312
24187	189	281	207	8611	0	9288
24188	212	172	8443	400	0	9227
24189	191	8343	284	279	0	9097
24190	8128	250	143	281	0	8802
24191	297	8091	128	275	0	8791
24192	240	219	179	8190	0	8828
24193	216	178	8096	332	0	8822
24194	187	153	232	8222	0	8794
24195	192	176	196	8227	0	8791
24196	7990	203	134	343	0	8670
24197	235	176	8053	251	0	8715
24198	187	8103	226	237	0	8753
24199	191	268	8437	215	0	9111
24200	201	156	8201	218	0	8776
24201	220	135	8340	186	0	8881
24202	161	171	290	8127	0	8749
24203	8519	118	156	297	0	9090
24204	222	8485	165	194	0	9066
24205	8699	229	106	213	0	9247
24206	8876	203	96	198	0	9373
24207	281	182	84	8735	0	9282
24208	153	8756	103	295	0	9307
24209	8745	277	99	217	0	9338
24210	269	8817	100	198	0	9384
24211	211	226	88	8802	0	9327
24212	160	162	86	9122	0	9530
24213	139	8980	116	341	0	9576
24214	132	217	147	9182	0	9678
24215	136	159	8844	324	0	9463
24216	141	156	8842	200	0	9339
24217	181	171	198	8973	0	9523
24218	199	127	113	9167	0	9606
24219	163	180	8778	264	0	9385
24220	187	132	8604	189	0	9112
24221	8056	120	233	181	0	8590
24222	270	8474	140	167	0	9051
24223	168	9065	140	157	0	9530
24224	135	269	138	8738	0	9280
24225	140	148	81	8935	0	9304
24226	130	120	102	9023	0	9375
24227	119	123	8838	310	0	9390
24228	129	126	8678	193	0	9126
24229	154	122	244	8886	0	9406
24230	100	132	8913	255	0	9400
24231	83	8791	254	201	0	9329
24232	8625	229	155	209	0	9218
24233	220	171	8660	178	0	9229
24234	121	157	8623	177	0	9078
24235	131	114	246	8824	0	9315
24236	117	112	9367	289	0	9885
24237	116	9503	255	192	0	10066
24238	115	277	145	9592	0	10129
24239	109	163	9670	306	0	10248
24240	105	9416	277	205	0	10003
24241	9183	251	150	199	0	9783
24242	252	150	123	9187	0	9712
24243	169	116	112	9298	0	9695
24244	9136	140	100	370	0	9746
24245	245	9162	120	210	0	9737
24246	9210	293	93	173	0	9769
24247	9292	174	91	179	0	9736
24248	9355	143	78	177	0	9753
24249	347	130	90	9148	0	9715
24250	8856	119	102	322	0	9399
24251	289	8532	117	218	0	9156
24252	168	8913	114	173	0	9368
24253	9060	301	105	180	0	9646
24254	316	163	119	9160	0	9758
24255	216	141	95	9247	0	9699
24256	178	111	112	9338	0	9739
24257	146	124	8931	375	0	9576
24258	161	8875	274	234	0	9544
24259	159	275	159	9054	0	9647
24260	9053	140	125	357	0	9675
24261	316	124	114	9100	0	9654
24262	189	118	8988	350	0	9645
24263	144	8958	277	234	0	9613
24264	8990	272	169	215	0	9646
24265	9044	160	120	213	0	9537
24266	9188	131	107	192	0	9618
24267	388	142	116	9181	0	9827
24268	213	114	9204	367	0	9898
24269	179	124	9474	219	0	9996
24270	161	9629	359	203	0	10352
24271	164	332	169	9619	0	10284
24272	157	179	137	9940	0	10413
24273	9403	132	133	465	0	10133
24274	363	153	99	9583	0	10198
24275	9726	120	101	473	0	10420
24276	409	144	9530	233	0	10316
24277	244	118	9799	201	0	10362
24278	208	110	423	9629	0	10370
24279	193	102	214	9898	0	10407
24280	201	117	137	10245	0	10700
24281	10211	134	125	559	0	11029
24282	10815	128	129	316	0	11388
24283	522	120	139	10895	0	11676
24284	262	111	10713	543	0	11629
24285	185	95	11030	365	0	11675
24286	205	100	541	11055	0	11901
24287	11197	107	274	590	0	12168
24288	501	87	214	11204	0	12006
24289	303	120	164	11505	0	12092
24290	202	105	11179	660	0	12146
24291	174	99	11304	385	0	11962
24292	10792	89	599	335	0	11815
24293	505	99	11203	266	0	12073
24294	316	95	509	10786	0	11706
24295	266	89	314	11132	0	11801
24296	10884	92	241	662	0	11879
24297	493	10638	242	388	0	11761
24298	10648	401	223	338	0	11610
24299	504	10324	221	280	0	11329
24300	10202	424	201	289	0	11116
24301	497	230	9940	302	0	10969
24302	9398	146	492	290	0	10326
24303	9712	116	259	254	0	10341
24304	638	143	207	9395	0	10383
24305	353	112	9311	545	0	10321
24306	296	94	494	8951	0	9835
24307	259	114	309	9136	0	9818
24308	226	8816	228	620	0	9890
24309	256	379	194	8834	0	9663
24310	228	8829	192	563	0	9812
24311	245	406	189	9022	0	9862
24312	8786	224	187	609	0	9806
24313	533	165	196	8944	0	9838
24314	315	143	8766	607	0	9831
24315	8661	124	480	397	0	9662
24316	530	119	9004	330	0	9983
24317	8902	96	513	376	0	9887
24318	9234	95	304	360	0	9993
24319	618	8837	245	307	0	10007
24320	364	9395	219	315	0	10293
24321	9196	508	218	312	0	10234
24322	9533	265	204	334	0	10336
24323	9446	184	196	316	0	10142
24324	9467	149	199	336	0	10151
24325	9491	127	205	311	0	10134
24326	741	144	197	9079	0	10161
24327	474	123	217	9366	0	10180
24328	379	131	8980	660	0	10150
24329	8918	133	489	420	0	9960
24330	660	146	323	8950	0	10079
24331	443	160	233	9266	0	10102
24332	383	136	8899	696	0	10114
24333	359	8384	526	440	0	9709
24334	360	8997	303	369	0	10029
24335	8864	497	220	373	0	9954
24336	8578	238	239	324	0	9379
24337	672	7770	196	322	0	8960
24338	425	8013	170	330	0	8938
24339	8067	454	227	303	0	9051
24340	8443	254	174	321	0	9192
24341	703	175	156	8111	0	9145
24342	453	164	155	8329	0	9101
24343	380	137	184	8555	0	9256
24344	8161	131	189	629	0	9110
24345	8406	167	180	411	0	9164
24346	707	160	180	8276	0	9323
24347	8565	158	188	602	0	9513
24348	660	145	8348	426	0	9579
24349	464	185	420	8551	0	9620
24350	385	159	8409	634	0	9587
24351	366	8281	489	405	0	9541
24352	379	443	277	8375	0	9474
24353	8300	206	254	620	0	9380
24354	604	153	215	8339	0	9311
24355	461	117	216	8481	0	9275
24356	375	140	8060	724	0	9299
24357	357	149	8124	463	0	9093
24358	370	8181	515	393	0	9459
24359	8411	423	315	372	0	9521
24360	8715	243	255	312	0	9525
24361	8734	172	240	338	0	9484
24362	8840	159	223	337	0	9559
24363	770	149	216	8437	0	9572
24364	551	130	220	8529	0	9430
24365	434	8323	209	700	0	9666
24366	8565	387	212	463	0	9627
24367	8667	215	231	420	0	9533
24368	685	176	8081	357	0	9299
24369	7469	167	463	356	0	8455
24370	634	7442	267	336	0	8679
24371	465	409	209	7244	0	8327
24372	421	7374	192	553	0	8540
24373	7596	368	212	379	0	8555
24374	590	7342	223	364	0	8519
24375	457	321	211	7350	0	8339
24376	374	188	230	7543	0	8335
24377	364	152	215	7370	0	8101
24378	366	6903	172	638	0	8079
24379	376	365	190	7149	0	8080
24380	361	236	198	7084	0	7879
24381	386	6234	197	531	0	7348
24382	353	6150	191	375	0	7069
24383	5913	315	184	395	0	6807
24384	461	5760	240	291	0	6752
24385	5758	268	220	282	0	6528
24386	453	184	5445	331	0	6413
24387	378	5338	294	282	0	6292
24388	5492	269	219	304	0	6284
24389	5506	179	173	313	0	6171
24390	423	174	5285	257	0	6139
24391	354	165	299	5260	0	6078
24392	368	160	5316	368	0	6212
24393	305	5310	270	274	0	6159
24394	5338	285	130	297	0	6050
24395	397	5101	126	304	0	5928
24396	388	303	114	5171	0	5976
24397	318	254	126	5317	0	6015
24398	357	158	5174	347	0	6036
24399	311	196	5000	231	0	5738
24400	5068	154	257	267	0	5746
24401	5374	156	190	253	0	5973
24402	5383	160	139	253	0	5935
24403	5397	169	111	255	0	5932
24404	406	5225	102	305	0	6038
24405	302	279	138	5331	0	6050
24406	298	186	92	5445	0	6021
24407	260	5322	114	403	0	6099
24408	5534	307	114	272	0	6227
24409	5641	170	118	281	0	6210
24410	426	208	5405	209	0	6248
24411	5608	139	250	243	0	6240
24412	490	138	139	5569	0	6336
24413	330	160	5453	343	0	6286
24414	330	168	259	5453	0	6210
24415	376	143	5528	294	0	6341
24416	327	146	5455	196	0	6124
24417	318	184	247	5259	0	6008
24418	322	5257	124	268	0	5971
24419	5435	269	123	207	0	6034
24420	5399	200	87	200	0	5886
24421	438	5386	93	201	0	6118
24422	347	5514	103	214	0	6178
24423	5773	214	120	238	0	6345
24424	5801	167	96	240	0	6304
24425	5791	141	109	243	0	6284
24426	5758	117	112	272	0	6259
24427	350	144	112	5795	0	6401
24428	244	152	5657	294	0	6347
24429	273	5621	193	224	0	6311
24430	5709	243	131	214	0	6297
24431	320	5789	110	197	0	6416
24432	5864	267	113	168	0	6412
24433	5893	215	82	153	0	6343
24434	365	193	5734	151	0	6443
24435	290	5972	162	161	0	6585
24436	273	226	85	6072	0	6656
24437	239	161	76	6182	0	6658
24438	245	141	76	5898	0	6360
24439	6013	102	91	344	0	6550
24440	5787	98	93	240	0	6218
24441	5812	119	96	229	0	6256
24442	339	5676	83	207	0	6305
24443	5762	178	89	215	0	6244
24444	307	5593	99	202	0	6201
24445	224	206	5538	172	0	6140
24446	171	5528	190	211	0	6100
24447	195	193	130	5326	0	5844
24448	162	130	138	5200	0	5630
24449	155	128	5065	245	0	5593
24450	184	97	162	4962	0	5405
24451	167	113	111	5113	0	5504
24452	5126	115	87	245	0	5573
24453	5083	105	74	187	0	5449
24454	5157	102	76	188	0	5523
24455	232	5091	89	150	0	5562
24456	5142	164	98	106	0	5510
24457	5046	104	95	108	0	5353
24458	237	5087	51	112	0	5487
24459	217	154	60	5076	0	5507
24460	227	116	32	5109	0	5484
24461	5136	92	45	200	0	5473
24462	207	120	4944	124	0	5395
24463	158	4843	99	140	0	5240
24464	161	148	59	4732	0	5100
24465	125	4649	67	131	0	4972
24466	135	4773	58	104	0	5070
24467	4786	148	45	113	0	5092
24468	4765	122	71	106	0	5064
24469	178	119	32	4802	0	5131
24470	112	123	37	4684	0	4956
24471	115	93	28	4757	0	4993
24472	98	117	32	4680	0	4927
24473	110	90	4494	164	0	4858
24474	93	93	4221	118	0	4525
24475	81	84	98	4586	0	4849
24476	69	94	4692	152	0	5007
24477	67	4785	103	118	0	5073
24478	4891	142	47	109	0	5189
24479	5014	88	57	77	0	5236
24480	165	75	52	5012	0	5304
24481	118	72	51	4964	0	5205
24482	102	75	44	5088	0	5309
24483	102	5081	51	137	0	5371
24484	5180	123	36	98	0	5437
24485	5192	63	58	93	0	5406
24486	163	59	5125	78	0	5425
24487	111	59	123	5417	0	5710
24488	106	51	5629	157	0	5943
24489	121	54	157	6071	0	6403
24490	114	57	82	6082	0	6335
24491	106	52	50	6094	0	6302
24492	101	42	52	6343	0	6538
24493	6250	66	45	294	0	6655
24494	6461	55	44	153	0	6713
24495	6659	60	41	126	0	6886
24496	350	34	48	6555	0	6987
24497	171	40	6416	256	0	6883
24498	6347	38	226	131	0	6742
24499	296	46	96	6513	0	6951
24500	6545	42	72	284	0	6943
24501	299	52	54	6482	0	6887
24502	166	6216	41	294	0	6717
24503	128	6674	46	164	0	7012
24504	123	256	50	6636	0	7065
24505	126	108	35	6650	0	6919
24506	120	70	49	6733	0	6972
24507	102	6491	45	348	0	6986
24508	6500	220	53	182	0	6955
24509	284	6502	41	139	0	6966
24510	158	244	6476	97	0	6975
24511	140	113	220	6401	0	6874
24512	94	6675	106	265	0	7140
24513	108	249	83	6694	0	7134
24514	94	110	54	6914	0	7172
24515	79	95	6662	356	0	7192
24516	6298	70	216	211	0	6795
24517	288	6837	88	139	0	7352
24518	6957	256	60	137	0	7410
24519	7209	127	45	118	0	7499
24520	7265	96	48	106	0	7515
24521	391	78	6684	106	0	7259
24522	219	77	234	6606	0	7136
24523	167	49	98	6846	0	7160
24524	143	57	6513	368	0	7081
24525	6109	65	262	200	0	6636
24526	323	77	6579	136	0	7115
24527	161	73	6513	137	0	6884
24528	130	6528	302	124	0	7084
24529	130	260	136	6543	0	7069
24530	126	116	6542	282	0	7066
24531	6172	95	262	158	0	6687
24532	6469	66	109	150	0	6794
24533	337	70	6382	120	0	6909
24534	189	50	273	6474	0	6986
24535	126	82	6624	295	0	7127
24536	110	6638	272	183	0	7203
24537	6978	241	132	174	0	7525
24538	7175	107	107	167	0	7556
24539	7411	82	89	130	0	7712
24540	437	76	84	7165	0	7762
24541	222	78	67	7493	0	7860
24542	162	59	7250	391	0	7862
24543	7093	60	308	211	0	7672
24544	359	67	139	7329	0	7894
24545	7319	61	112	376	0	7868
24546	365	66	7250	204	0	7885
24547	188	64	7462	178	0	7892
24548	179	60	358	7122	0	7719
24549	157	52	172	7659	0	8040
24550	147	53	7443	419	0	8062
24551	7223	55	337	234	0	7849
24552	373	70	155	7333	0	7931
24553	185	7575	142	364	0	8266
24554	7751	296	99	226	0	8372
24555	369	7862	103	184	0	8518
24556	7992	326	98	176	0	8592
24557	433	130	7977	154	0	8694
24558	223	102	7836	144	0	8305
24559	167	7921	422	167	0	8677
24560	7967	313	193	187	0	8660
24561	404	125	7954	165	0	8648
24562	7670	95	359	162	0	8286
24563	438	7863	175	132	0	8608
24564	251	303	129	8015	0	8698
24565	200	150	125	8016	0	8491
24566	148	7744	142	435	0	8469
24567	8183	324	108	255	0	8870
24568	8517	158	113	190	0	8978
24569	8697	104	127	190	0	9118
24570	534	88	8451	151	0	9224
24571	297	89	365	8441	0	9192
24572	207	87	194	8734	0	9222
24573	180	89	178	8985	0	9432
24574	163	96	8615	514	0	9388
24575	175	8504	374	274	0	9327
24576	8391	337	182	236	0	9146
24577	418	159	8391	175	0	9143
24578	8183	121	377	174	0	8855
24579	449	8272	187	159	0	9067
24580	8474	327	151	196	0	9148
24581	477	151	143	8355	0	9126
24582	8548	120	152	418	0	9238
24583	476	95	143	8577	0	9291
24584	267	104	8635	436	0	9442
24585	253	114	369	8642	0	9378
24586	193	100	8586	432	0	9311
24587	7840	93	363	261	0	8557
24588	387	8016	219	211	0	8833
24589	245	265	167	7404	0	8081
24590	181	7703	132	346	0	8362
24591	7702	275	110	224	0	8311
24592	7774	141	126	186	0	8227
24593	420	7521	134	143	0	8218
24594	7721	230	123	152	0	8226
24595	7758	136	115	182	0	8191
24596	327	88	127	7651	0	8193
24597	203	93	154	7727	0	8177
24598	7852	114	110	318	0	8394
24599	7955	89	120	222	0	8386
24600	383	81	110	7798	0	8372
24601	237	115	104	8362	0	8818
24602	8440	118	110	370	0	9038
24603	356	117	8266	202	0	8941
24604	7899	95	251	246	0	8491
24605	367	88	8156	201	0	8812
24606	220	8013	319	171	0	8723
24607	231	266	156	8069	0	8722
24608	197	159	8278	306	0	8940
24609	190	8487	311	186	0	9174
24610	8441	255	203	171	0	9070
24611	352	137	8450	161	0	9100
24612	8241	133	288	168	0	8830
24613	8605	90	172	196	0	9063
24614	8687	100	124	180	0	9091
24615	424	82	156	8232	0	8894
24616	277	8332	146	269	0	9024
24617	8382	246	123	187	0	8938
24618	375	123	8448	139	0	9085
24619	7757	106	281	172	0	8316
24620	364	88	8313	145	0	8910
24621	226	8249	310	131	0	8916
24622	216	215	167	8367	0	8965
24623	212	110	132	8442	0	8896
24624	185	8240	166	300	0	8891
24625	217	237	150	8400	0	9004
24626	191	142	8472	276	0	9081
24627	202	8484	288	173	0	9147
24628	193	261	158	8440	0	9052
24629	8467	125	144	285	0	9021
24630	8710	114	165	183	0	9172
24631	419	99	114	8731	0	9363
24632	245	8806	112	333	0	9496
24633	244	245	142	8874	0	9505
24634	209	125	122	8837	0	9293
24635	192	118	8407	367	0	9084
24636	185	8357	276	232	0	9050
24637	219	249	129	8316	0	8913
24638	214	127	8151	316	0	8808
24639	193	7967	252	188	0	8600
24640	186	229	146	8061	0	8622
24641	8043	128	148	330	0	8649
24642	302	8188	147	191	0	8828
24643	242	247	102	8358	0	8949
24644	8530	132	113	346	0	9121
24645	8626	116	118	195	0	9055
24646	8640	102	134	190	0	9066
24647	8530	110	147	188	0	8975
24648	382	102	104	8444	0	9032
24649	244	118	8433	309	0	9104
24650	203	111	269	8232	0	8815
24651	213	8395	128	291	0	9027
24652	8564	228	121	214	0	9127
24653	298	167	8306	145	0	8916
24654	7984	130	231	157	0	8502
24655	333	148	8101	130	0	8712
24656	269	88	245	8035	0	8637
24657	180	104	8194	269	0	8747
24658	197	103	264	7996	0	8560
24659	173	120	8056	277	0	8626
24660	218	103	235	7905	0	8461
24661	8106	90	152	311	0	8659
24662	333	8404	128	157	0	9022
24663	218	244	96	8542	0	9100
24664	196	107	102	8671	0	9076
24665	164	96	8684	332	0	9276
24666	175	123	8294	176	0	8768
24667	8098	85	241	202	0	8626
24668	293	8357	169	147	0	8966
24669	8356	193	131	165	0	8845
24670	8492	109	134	145	0	8880
24671	300	81	98	8391	0	8870
24672	166	8552	106	272	0	9096
24673	8826	198	89	207	0	9320
24674	8947	93	138	147	0	9325
24675	9068	114	95	165	0	9442
24676	9116	90	98	143	0	9447
24677	8948	91	100	139	0	9278
24678	338	89	8629	111	0	9167
24679	8545	99	186	169	0	8999
24680	321	81	8636	93	0	9131
24681	216	79	203	8489	0	8987
24682	199	68	110	8861	0	9238
24683	165	66	8569	280	0	9080
24684	8383	67	232	169	0	8851
24685	282	73	112	8580	0	9047
24686	184	62	110	8828	0	9184
24687	166	91	84	8972	0	9313
24688	165	89	63	8868	0	9185
24689	147	66	78	9005	0	9296
24690	148	82	8918	273	0	9421
24691	160	64	209	8839	0	9272
24692	159	69	8973	266	0	9467
24693	149	91	8562	155	0	8957
24694	8746	49	260	188	0	9243
24695	9277	55	132	153	0	9617
24696	9864	59	90	170	0	10183
24697	380	50	10003	155	0	10588
24698	233	49	10071	133	0	10486
24699	174	60	10416	129	0	10779
24700	135	10661	427	139	0	11362
24701	167	315	183	10594	0	11259
24702	10993	107	132	411	0	11643
24703	412	86	139	11558	0	12195
24704	193	11761	113	475	0	12542
24705	12041	393	114	217	0	12765
24706	485	155	115	11877	0	12632
24707	205	12072	111	446	0	12834
24708	204	405	112	12251	0	12972
24709	195	156	117	12345	0	12813
24710	11895	123	116	573	0	12707
24711	495	88	116	12009	0	12708
24712	242	80	11761	530	0	12613
24713	230	83	422	11604	0	12339
24714	165	11309	184	512	0	12170
24715	151	11930	132	277	0	12490
24716	153	516	113	11523	0	12305
24717	157	217	94	11593	0	12061
24718	121	11233	120	572	0	12046
24719	111	11519	95	321	0	12046
24720	112	11783	101	257	0	12253
24721	158	562	92	10764	0	11576
24722	122	11483	88	488	0	12181
24723	11331	507	72	321	0	12231
24724	461	248	11397	216	0	12322
24725	246	181	414	11115	0	11956
24726	130	11557	182	509	0	12378
24727	11322	495	134	308	0	12259
24728	450	227	11409	246	0	12332
24729	199	11439	414	237	0	12289
24730	11234	477	170	207	0	12088
24731	439	11120	129	189	0	11877
24732	197	11503	125	179	0	12004
24733	179	560	92	11121	0	11952
24734	133	11419	103	464	0	12119
24735	11225	506	94	288	0	12113
24736	476	254	94	11315	0	12139
24737	215	180	11194	501	0	12090
24738	156	196	11195	244	0	11791
24739	176	175	465	11206	0	12022
24740	151	164	11408	490	0	12213
24741	166	159	441	11391	0	12157
24742	11048	173	189	560	0	11970
24743	466	141	11148	294	0	12049
24744	258	140	446	10809	0	11653
24745	178	10910	195	499	0	11782
24746	188	442	158	11201	0	11989
24747	188	225	125	11287	0	11825
24748	145	11049	130	581	0	11905
24749	135	460	145	11371	0	12111
24750	143	229	134	11582	0	12088
24751	120	205	11194	588	0	12107
24752	122	11039	427	316	0	11904
24753	11011	454	220	300	0	11985
24754	441	241	156	11211	0	12049
24755	217	177	11233	528	0	12155
24756	171	175	440	11177	0	11963
24757	133	158	11200	567	0	12058
24758	10553	162	486	375	0	11576
24759	407	11130	235	301	0	12073
24760	222	464	179	11303	0	12168
24761	204	260	133	11696	0	12293
24762	10889	195	135	640	0	11859
24763	450	174	138	11133	0	11895
24764	220	168	10823	620	0	11831
24765	209	166	454	10497	0	11326
24766	162	10304	240	570	0	11276
24767	155	10770	184	357	0	11466
24768	163	10999	159	284	0	11605
24769	175	579	154	10780	0	11688
24770	160	322	10477	550	0	11509
24771	152	10466	444	365	0	11427
24772	10043	542	219	329	0	11133
24773	453	10310	167	287	0	11217
24774	10361	518	148	318	0	11345
24775	10522	297	160	288	0	11267
24776	554	239	10095	279	0	11167
24777	10391	218	463	307	0	11379
24778	11054	195	241	292	0	11782
24779	10595	212	193	318	0	11318
24780	11059	204	187	295	0	11745
24781	584	189	10721	284	0	11778
24782	10706	185	455	294	0	11640
24783	11146	209	243	279	0	11877
24784	585	11245	207	220	0	12257
24785	298	500	168	11220	0	12186
24786	244	335	136	11350	0	12065
24787	227	11252	141	616	0	12236
24788	11095	511	156	403	0	12165
24789	485	11373	193	269	0	12320
24790	11048	543	169	290	0	12050
24791	11230	331	152	261	0	11974
24792	614	11187	162	202	0	12165
24793	337	529	159	11181	0	12206
24794	283	308	11129	551	0	12271
24795	264	10981	451	310	0	12006
24796	257	524	210	10101	0	11092
24797	195	10349	210	433	0	11187
24798	170	10903	182	282	0	11537
24799	195	549	161	10411	0	11316
24800	185	355	10364	448	0	11352
24801	144	9990	370	361	0	10865
24802	174	10166	177	272	0	10789
24803	9034	456	143	267	0	9900
24804	322	327	90	9117	0	9856
24805	243	238	87	9165	0	9733
24806	164	187	80	9484	0	9915
24807	108	240	9095	490	0	9933
24808	141	192	265	9162	0	9760
24809	112	9379	168	483	0	10142
24810	9640	383	137	285	0	10445
24811	373	260	120	9705	0	10458
24812	199	218	9664	422	0	10503
24813	9740	211	333	311	0	10595
24814	426	223	177	10211	0	11037
24815	204	225	10629	453	0	11511
24816	176	175	10751	282	0	11384
24817	10657	156	481	284	0	11578
24818	11354	225	222	196	0	11997
24819	11314	227	153	170	0	11864
24820	11544	207	126	191	0	12068
24821	610	192	11092	176	0	12070
24822	313	11313	414	157	0	12197
24823	11313	444	194	215	0	12166
24824	488	11322	217	147	0	12174
24825	11245	519	136	220	0	12120
24826	494	11313	120	183	0	12110
24827	323	539	149	11187	0	12198
24828	250	255	163	11423	0	12091
24829	217	259	106	11398	0	11980
24830	211	10912	141	587	0	11851
24831	149	11403	116	338	0	12006
24832	201	596	117	10799	0	11713
24833	153	11064	133	546	0	11896
24834	168	582	10871	256	0	11877
24835	253	272	424	10922	0	11871
24836	160	208	11024	562	0	11954
24837	10682	170	513	333	0	11698
24838	11062	159	262	296	0	11779
24839	545	172	10901	273	0	11891
24840	313	162	11003	201	0	11679
24841	252	172	540	10844	0	11808
24842	238	193	10923	504	0	11858
24843	248	157	521	10393	0	11319
24844	197	9905	268	550	0	10920
24845	198	515	188	10941	0	11842
24846	211	249	153	11171	0	11784
24847	210	221	153	11246	0	11830
24848	215	220	10685	656	0	11776
24849	231	193	465	10650	0	11539
24850	226	188	207	10843	0	11464
24851	237	167	233	10523	0	11160
24852	191	10593	163	643	0	11590
24853	10643	502	160	361	0	11666
24854	10801	253	149	336	0	11539
24855	10804	240	182	267	0	11493
24856	658	198	144	10492	0	11492
24857	353	195	10364	517	0	11429
24858	349	212	10269	316	0	11146
24859	218	10393	528	290	0	11429
24860	10152	517	272	315	0	11256
24861	476	10349	205	300	0	11330
24862	10356	541	169	265	0	11331
24863	552	10368	172	247	0	11339
24864	10326	561	174	238	0	11299
24865	573	10651	155	271	0	11650
24866	331	592	168	10661	0	11752
24867	278	319	10557	539	0	11693
24868	240	270	10751	315	0	11576
24869	261	205	559	10547	0	11572
24870	280	191	326	10733	0	11530
24871	248	246	234	10989	0	11717
24872	288	184	10583	645	0	11700
24873	272	202	460	10534	0	11468
24874	10286	186	256	630	0	11358
24875	10544	152	219	385	0	11300
24876	604	10185	213	304	0	11306
24877	10021	488	183	256	0	10948
24878	623	9919	144	250	0	10936
24879	9920	539	145	271	0	10875
24880	10100	281	151	281	0	10813
24881	9997	233	179	265	0	10674
24882	644	235	9628	242	0	10749
24883	379	205	9564	245	0	10393
24884	9418	230	519	219	0	10386
24885	9839	205	274	249	0	10567
24886	630	179	218	9580	0	10607
24887	386	178	212	9937	0	10713
24888	319	207	164	10206	0	10896
24889	276	178	168	10383	0	11005
24890	237	201	181	10731	0	11350
24891	10274	183	186	747	0	11390
24892	567	202	183	10384	0	11336
24893	328	207	10128	679	0	11342
24894	9877	186	506	390	0	10959
24895	10299	193	264	333	0	11089
24896	630	9939	216	314	0	11099
24897	349	10253	180	276	0	11058
24898	9399	515	156	274	0	10344
24899	486	9546	156	273	0	10461
24900	9342	464	187	245	0	10238
24901	10055	232	170	268	0	10725
24902	10201	217	169	252	0	10839
24903	646	160	148	9658	0	10612
24904	351	9679	146	559	0	10735
24905	9870	455	146	342	0	10813
24906	565	207	155	9883	0	10810
24907	324	166	176	9937	0	10603
24908	9407	148	151	631	0	10337
24909	507	9204	152	347	0	10210
24910	353	401	145	9271	0	10170
24911	9275	211	151	531	0	10168
24912	534	9384	182	282	0	10382
24913	9599	396	131	284	0	10410
24914	549	217	8753	250	0	9769
24915	8844	156	414	247	0	9661
24916	487	8953	242	234	0	9916
24917	9082	369	169	224	0	9844
24918	9105	213	134	216	0	9668
24919	580	9058	112	240	0	9990
24920	9206	365	115	217	0	9903
24921	470	8935	150	251	0	9806
24922	9157	443	122	252	0	9974
24923	515	260	126	9045	0	9946
24924	357	252	85	9231	0	9925
24925	340	193	93	9388	0	10014
24926	246	210	8827	554	0	9837
24927	263	160	332	9029	0	9784
24928	216	166	8904	534	0	9820
24929	269	159	375	8879	0	9682
24930	240	8976	182	464	0	9862
24931	261	425	153	9128	0	9967
24932	235	237	8985	492	0	9949
24933	225	254	9185	317	0	9981
24934	261	161	435	9211	0	10068
24935	9126	141	230	530	0	10027
24936	9259	142	224	333	0	9958
24937	558	9183	149	271	0	10161
24938	399	340	154	9360	0	10253
24939	271	208	9496	451	0	10426
24940	257	167	388	9603	0	10415
24941	223	150	9536	535	0	10444
24942	9300	146	426	351	0	10223
24943	449	146	205	9710	0	10510
24944	297	180	9390	476	0	10343
24945	286	150	328	9523	0	10287
24946	274	132	187	9729	0	10322
24947	245	133	9353	588	0	10319
24948	271	135	379	9451	0	10236
24949	9446	135	178	558	0	10317
24950	9647	148	146	359	0	10300
24951	552	145	129	9652	0	10478
24952	9743	177	139	448	0	10507
24953	564	143	9601	278	0	10586
24954	398	141	9554	240	0	10333
24955	9705	126	433	230	0	10494
24956	10118	132	240	262	0	10752
24957	526	129	237	9743	0	10635
24958	342	143	181	10019	0	10685
24959	291	168	9740	510	0	10709
24960	304	132	342	9340	0	10118
24961	261	9750	209	472	0	10692
24962	9908	345	169	332	0	10754
24963	10727	203	152	291	0	11373
24964	605	10522	135	272	0	11534
24965	10376	416	140	267	0	11199
24966	10522	191	153	274	0	11140
24967	580	10380	185	245	0	11390
24968	10548	379	161	277	0	11365
24969	572	10439	130	286	0	11427
24970	10650	426	123	297	0	11496
24971	604	223	10430	241	0	11498
24972	412	155	426	10478	0	11471
24973	351	138	209	10865	0	11563
24974	358	131	157	11391	0	12037
24975	11215	147	113	665	0	12140
24976	650	157	112	11478	0	12397
24977	381	153	11224	615	0	12373
24978	11412	150	432	372	0	12366
24979	706	126	203	11384	0	12419
24980	413	11022	170	600	0	12205
24981	350	11626	151	334	0	12461
24982	331	534	141	11445	0	12451
24983	329	267	136	11524	0	12256
24984	317	180	121	11739	0	12357
24985	297	137	10945	735	0	12114
24986	274	10853	433	439	0	11999
24987	10763	432	212	358	0	11765
24988	10709	243	146	321	0	11419
24989	650	10214	117	268	0	11249
24990	396	10454	116	247	0	11213
24991	334	504	102	10192	0	11132
24992	275	241	9981	512	0	11009
24993	9623	226	385	303	0	10537
24994	10073	139	180	286	0	10678
24995	582	129	153	9810	0	10674
24996	364	187	101	9999	0	10651
24997	9591	154	104	563	0	10412
24998	469	168	9327	326	0	10290
24999	9183	155	332	284	0	9954
25000	514	9165	182	236	0	10097
25001	320	335	106	8475	0	9236
25002	269	8468	105	399	0	9241
25003	8584	316	110	314	0	9324
25004	403	201	120	8455	0	9179
25005	319	140	111	8392	0	8962
25006	227	8307	96	475	0	9105
25007	8430	291	105	309	0	9135
25008	8532	198	92	264	0	9086
25009	430	177	8190	221	0	9018
25010	274	147	7878	203	0	8502
25011	7872	110	342	231	0	8555
25012	400	159	7831	185	0	8575
25013	301	117	7458	185	0	8061
25014	7390	111	359	213	0	8073
25015	374	117	8156	203	0	8850
25016	269	104	367	8171	0	8911
25017	243	89	221	8350	0	8903
25018	8727	103	151	512	0	9493
25019	470	121	8840	307	0	9738
25020	9147	106	421	257	0	9931
25021	539	125	220	9228	0	10112
25022	9316	94	197	543	0	10150
25023	9479	69	150	380	0	10078
25024	9617	103	158	301	0	10179
25025	687	68	171	9294	0	10220
25026	9527	83	158	539	0	10307
25027	665	78	144	9438	0	10325
25028	421	84	163	9592	0	10260
25029	341	91	138	9718	0	10288
25030	318	111	139	9758	0	10326
25031	9339	91	161	759	0	10350
25032	9598	88	174	430	0	10290
25033	694	86	9249	345	0	10374
25034	9444	77	444	339	0	10304
25035	9841	82	242	313	0	10478
25036	771	94	164	9367	0	10396
25037	444	9177	151	607	0	10379
25038	9498	415	151	400	0	10464
25039	660	189	154	9217	0	10220
25040	9218	138	137	628	0	10121
25041	664	8915	174	373	0	10126
25042	9335	426	106	321	0	10188
25043	726	213	126	8972	0	10037
25044	426	8871	137	594	0	10028
25045	9122	465	107	449	0	10143
25046	680	8888	106	329	0	10003
25047	407	9424	132	317	0	10280
25048	9462	559	137	300	0	10458
25049	665	329	9059	280	0	10333
25050	9499	213	412	265	0	10389
25051	755	164	205	9242	0	10366
25052	473	199	9177	534	0	10383
25053	414	169	496	9086	0	10165
25054	391	160	250	9414	0	10215
25055	383	150	9045	700	0	10278
25056	9164	136	474	462	0	10236
25057	707	161	245	9288	0	10401
25058	476	161	176	9498	0	10311
25059	429	139	145	9534	0	10247
25060	9201	148	137	835	0	10321
25061	625	190	8788	509	0	10112
25062	469	133	8948	391	0	9941
25063	355	142	539	8432	0	9468
25064	330	151	8262	608	0	9351
25065	8138	117	485	412	0	9152
25066	596	8039	288	335	0	9258
25067	8218	408	225	309	0	9160
25068	689	214	159	7925	0	8987
25069	397	7874	200	533	0	9004
25070	410	419	192	7931	0	8952
25071	320	7933	166	614	0	9033
25072	319	455	133	8158	0	9065
25073	278	254	7791	669	0	8992
25074	292	231	7459	427	0	8409
25075	300	7443	437	385	0	8565
25076	7196	354	265	379	0	8194
25077	475	280	203	7032	0	7990
25078	408	190	148	7156	0	7902
25079	7009	183	155	588	0	7935
25080	7130	209	138	374	0	7851
25081	587	164	148	7032	0	7931
25082	392	142	6774	503	0	7811
25083	325	6753	350	393	0	7821
25084	333	340	229	6934	0	7836
25085	329	192	225	6864	0	7610
25086	289	6982	145	534	0	7950
25087	7129	368	117	401	0	8015
25088	507	224	6977	302	0	8010
25089	368	195	350	7024	0	7937
25090	280	142	228	7185	0	7835
25091	260	158	6874	575	0	7867
25092	285	123	382	7054	0	7844
25093	7056	120	232	550	0	7958
25094	7169	117	201	381	0	7868
25095	7221	113	177	333	0	7844
25096	615	6805	157	337	0	7914
25097	7388	338	178	266	0	8170
25098	596	202	157	7199	0	8154
25099	389	187	149	7363	0	8088
25100	371	7780	134	542	0	8827
25101	8482	424	132	406	0	9444
25102	8954	251	141	315	0	9661
25103	9189	176	121	316	0	9802
25104	9323	169	140	290	0	9922
25105	9379	119	126	315	0	9939
25106	818	129	8691	276	0	9914
25107	9132	124	501	255	0	10012
25108	9350	128	266	263	0	10007
25109	9408	80	228	263	0	9979
25110	868	83	179	8824	0	9954
25111	590	106	165	9053	0	9914
25112	471	88	8528	691	0	9778
25113	7624	94	494	510	0	8722
25114	601	8253	260	413	0	9527
25115	408	7847	191	292	0	8738
25116	325	443	7564	279	0	8611
25117	312	7413	363	272	0	8360
25118	301	7340	220	247	0	8108
25119	350	418	178	6212	0	7158
25120	296	6509	99	354	0	7258
25121	6519	308	88	299	0	7214
25122	6530	170	106	246	0	7052
25123	550	143	88	6274	0	7055
25124	364	109	6139	378	0	6990
25125	6217	109	275	293	0	6894
25126	445	125	6216	223	0	7009
25127	341	105	6325	219	0	6990
25128	273	99	358	6044	0	6774
25129	249	120	190	6346	0	6905
25130	238	108	6196	450	0	6992
25131	258	5964	285	266	0	6773
25132	234	6494	199	209	0	7136
25133	6401	356	183	201	0	7141
25134	6564	200	140	173	0	7077
25135	473	157	6193	170	0	6993
25136	6268	140	275	203	0	6886
25137	6719	143	159	183	0	7204
25138	466	128	137	6467	0	7198
25139	343	106	106	6631	0	7186
25140	269	118	126	6683	0	7196
25141	6587	142	105	416	0	7250
25142	6748	105	119	299	0	7271
25143	6827	109	122	236	0	7294
25144	477	126	115	6628	0	7346
25145	349	110	6427	329	0	7215
25146	6388	118	289	228	0	7023
25147	6539	135	168	204	0	7046
25148	462	100	159	6271	0	6992
25149	312	6266	170	315	0	7063
25150	270	255	122	6395	0	7042
25151	213	6417	122	407	0	7159
25152	214	270	150	6317	0	6951
25153	214	6474	124	396	0	7208
25154	6480	288	118	257	0	7143
25155	389	160	114	6496	0	7159
25156	274	6428	103	346	0	7151
25157	231	260	6366	257	0	7114
25158	6268	170	285	214	0	6937
25159	376	123	159	6382	0	7040
25160	262	6301	145	335	0	7043
25161	226	273	145	6260	0	6904
25162	186	6189	146	350	0	6871
25163	197	6640	107	236	0	7180
25164	6561	332	108	203	0	7204
25165	6819	206	86	157	0	7268
25166	413	178	6555	160	0	7306
25167	6654	129	283	149	0	7215
25168	6762	127	156	170	0	7215
25169	393	6500	118	175	0	7186
25170	269	268	98	6569	0	7204
25171	219	182	92	6680	0	7173
25172	203	158	6423	362	0	7146
25173	225	113	6324	209	0	6871
25174	6480	121	309	182	0	7092
25175	6755	129	173	162	0	7219
25176	6803	88	142	154	0	7187
25177	442	84	6430	167	0	7123
25178	318	97	251	6466	0	7132
25179	6658	113	129	300	0	7200
25180	401	83	107	6603	0	7194
25181	246	108	6384	362	0	7100
25182	6239	102	265	205	0	6811
25183	383	114	6659	157	0	7313
25184	285	6576	257	160	0	7278
25185	6723	244	148	183	0	7298
25186	386	154	6577	142	0	7259
25187	306	116	267	6488	0	7177
25188	6743	93	176	273	0	7285
25189	360	100	112	6721	0	7293
25190	6838	90	92	342	0	7362
25191	393	78	123	6751	0	7345
25192	6892	103	99	353	0	7447
25193	7004	97	88	217	0	7406
25194	7046	98	79	163	0	7386
25195	7003	112	75	139	0	7329
25196	456	130	100	6730	0	7416
25197	306	106	6506	265	0	7183
25198	271	87	6453	176	0	6987
25199	228	6333	276	153	0	6990
25200	222	5909	147	106	0	6384
25201	5360	179	144	100	0	5783
25202	277	96	76	5089	0	5538
25203	226	81	5051	147	0	5505
25204	213	64	5130	107	0	5514
25205	194	86	144	5151	0	5575
25206	5339	75	113	143	0	5670
25207	219	5261	102	97	0	5679
25208	5587	106	86	131	0	5910
25209	196	85	89	5517	0	5887
25210	135	97	68	5555	0	5855
25211	129	85	80	5561	0	5855
25212	121	103	5473	140	0	5837
25213	125	98	5248	106	0	5577
25214	115	5401	117	87	0	5720
25215	110	133	89	5534	0	5866
25216	5461	90	102	136	0	5789
25217	164	107	5298	87	0	5656
25218	113	87	5352	84	0	5636
25219	116	70	109	5511	0	5806
25220	128	68	67	5693	0	5956
25221	138	58	58	5754	0	6008
25222	146	40	79	6064	0	6329
25223	6256	54	78	202	0	6590
25224	199	48	92	6333	0	6672
25225	6395	48	72	203	0	6718
25226	222	66	6400	93	0	6781
25227	123	6413	186	109	0	6831
25228	138	147	71	6521	0	6877
25229	116	63	6628	207	0	7014
25230	98	80	6497	111	0	6786
25231	115	6674	164	102	0	7055
25232	132	162	69	6497	0	6860
25233	147	66	64	6536	0	6813
25234	135	58	6481	193	0	6867
25235	6244	51	160	116	0	6571
25236	210	49	76	6529	0	6864
25237	141	58	62	6479	0	6740
25238	106	48	6524	236	0	6914
25239	115	6400	169	148	0	6832
25240	117	7081	83	122	0	7403
25241	7163	212	68	123	0	7566
25242	264	86	71	7202	0	7623
25243	7514	79	56	257	0	7906
25244	247	70	7483	149	0	7949
25245	136	72	225	7498	0	7931
25246	7519	61	89	260	0	7929
25247	7641	66	86	153	0	7946
25248	297	71	52	7568	0	7988
25249	167	71	7497	234	0	7969
25250	129	71	7555	141	0	7896
25251	135	65	235	7464	0	7899
25252	113	64	7488	260	0	7925
25253	7163	59	238	164	0	7624
25254	243	7337	119	125	0	7824
25255	7532	200	101	129	0	7962
25256	7705	80	92	107	0	7984
25257	308	71	81	7522	0	7982
25258	172	57	106	7692	0	8027
25259	7692	56	80	280	0	8108
25260	275	63	76	7635	0	8049
25261	150	64	7592	253	0	8059
25262	138	7509	222	146	0	8015
25263	139	195	114	7482	0	7930
25264	135	67	117	7530	0	7849
25265	141	70	86	7592	0	7889
25266	119	43	7379	306	0	7847
25267	138	7251	237	155	0	7781
25268	121	188	120	7482	0	7911
25269	129	73	7415	285	0	7902
25270	120	57	238	7406	0	7821
25271	7385	43	125	316	0	7869
25272	263	52	118	7534	0	7967
25273	154	51	7440	290	0	7935
25274	7287	45	229	190	0	7751
25275	277	7453	134	157	0	8021
25276	157	7836	129	125	0	8247
25277	7956	221	93	173	0	8443
25278	267	98	8075	136	0	8576
25279	181	54	242	8004	0	8481
25280	169	59	113	8283	0	8624
25281	119	59	8241	308	0	8727
25282	110	8127	272	182	0	8691
25283	158	208	133	7401	0	7900
25284	108	96	8046	279	0	8529
25285	142	75	256	7987	0	8460
25286	8063	61	119	336	0	8579
25287	276	62	8199	163	0	8700
25288	166	52	231	8281	0	8730
25289	127	53	118	8442	0	8740
25290	99	49	8202	350	0	8700
25291	129	78	237	7884	0	8328
25292	126	7311	125	320	0	7882
25293	140	208	130	7517	0	7995
25294	105	8028	104	297	0	8534
25295	8059	233	116	194	0	8602
25296	7912	87	114	200	0	8313
25297	274	75	7845	179	0	8373
25298	119	69	7819	153	0	8160
25299	100	84	7724	125	0	8033
25300	90	7690	283	141	0	8204
25301	114	206	138	7913	0	8371
25302	90	84	7980	297	0	8451
25303	118	65	266	7722	0	8171
25304	119	55	145	7827	0	8146
25305	93	64	7815	319	0	8291
25306	105	50	260	7774	0	8189
25307	95	73	141	7717	0	8026
25308	97	7535	131	306	0	8069
25309	96	219	98	7819	0	8232
25310	97	93	121	7995	0	8306
25311	99	70	7800	362	0	8331
25312	104	65	254	7711	0	8134
25313	79	57	7850	362	0	8348
25314	80	72	7758	196	0	8106
25315	7514	59	294	218	0	8085
25316	245	80	160	7487	0	7972
25317	105	7784	144	344	0	8377
25318	87	8040	132	219	0	8478
25319	95	241	148	8013	0	8497
25320	99	107	7950	342	0	8498
25321	71	7916	295	242	0	8524
25322	83	241	156	7792	0	8272
25323	82	93	7882	296	0	8353
25324	81	7977	224	168	0	8450
25325	8299	192	124	186	0	8801
25326	8347	94	127	171	0	8739
25327	8489	108	111	154	0	8862
25328	268	71	98	9152	0	9589
25329	120	67	132	9213	0	9532
25330	100	61	127	9252	0	9540
25331	80	82	9023	363	0	9548
25332	8901	88	267	224	0	9480
25333	266	58	129	9028	0	9481
25334	113	75	8940	314	0	9442
25335	9036	74	271	192	0	9573
25336	9376	60	132	210	0	9778
25337	312	140	7319	199	0	7970
25338	8947	54	225	187	0	9413
25339	278	9210	134	161	0	9783
25340	126	222	8928	132	0	9408
25341	8627	90	233	153	0	9103
25342	214	8730	123	160	0	9227
25343	120	179	101	8412	0	8812
25344	94	8432	113	241	0	8880
25345	79	166	96	8642	0	8983
25346	88	80	8602	242	0	9012
25347	7851	58	225	164	0	8298
25348	198	65	8637	143	0	9043
25349	76	8328	228	150	0	8782
25350	72	8668	153	122	0	9015
25351	8497	202	94	161	0	8954
25352	192	76	8575	137	0	8980
25353	122	64	219	8449	0	8854
25354	80	100	8595	230	0	9005
25355	110	8478	202	137	0	8927
25356	111	188	109	7928	0	8336
25357	67	8446	101	254	0	8868
25358	8588	181	87	196	0	9052
25359	8787	91	83	146	0	9107
25360	8734	72	98	169	0	9073
25361	218	79	8596	127	0	9020
25362	89	98	8362	126	0	8675
25363	8279	72	242	157	0	8750
25364	206	62	8734	140	0	9142
25365	108	60	239	8233	0	8640
25366	70	8556	164	248	0	9038
25367	8844	215	104	154	0	9317
25368	8833	77	101	175	0	9186
25369	9066	70	117	130	0	9383
25370	239	71	85	9064	0	9459
25371	145	64	104	9171	0	9484
25372	9009	53	84	314	0	9460
25373	208	8897	104	141	0	9350
25374	8862	186	91	137	0	9276
25375	232	94	97	8717	0	9140
25376	118	101	84	8777	0	9080
25377	8489	68	83	295	0	8935
25378	198	8424	116	137	0	8875
25379	8404	195	88	164	0	8851
25380	212	8464	88	136	0	8900
25381	8423	197	96	114	0	8830
25382	232	108	98	9222	0	9660
25383	9336	51	93	270	0	9750
25384	9659	66	98	160	0	9983
25385	10276	61	83	170	0	10590
25386	310	10564	96	120	0	11090
25387	150	262	10366	108	0	10886
25388	10338	99	259	162	0	10858
25389	10697	93	123	146	0	11059
25390	330	10511	105	113	0	11059
25391	184	249	81	10657	0	11171
25392	141	136	95	10801	0	11173
25393	10717	86	73	358	0	11234
25394	308	103	77	10813	0	11301
25395	169	75	10756	312	0	11312
25396	143	63	10554	185	0	10945
25397	10878	70	330	144	0	11422
25398	309	64	169	10930	0	11472
25399	179	72	109	11107	0	11467
25400	152	79	98	11241	0	11570
25401	110	77	11164	400	0	11751
25402	143	70	290	11108	0	11611
25403	132	77	143	11461	0	11813
25404	128	54	99	11663	0	11944
25405	11235	87	105	447	0	11874
25406	374	78	69	11381	0	11902
25407	165	73	11428	415	0	12081
25408	11408	70	318	228	0	12024
25409	395	68	11897	158	0	12518
25410	11940	58	361	198	0	12557
25411	12001	67	188	166	0	12422
25412	505	85	117	12320	0	13027
25413	238	12411	122	413	0	13184
25414	226	325	109	12615	0	13275
25415	196	171	95	12843	0	13305
25416	146	12723	97	519	0	13485
25417	12639	346	96	283	0	13364
25418	425	12535	126	185	0	13271
25419	12638	367	103	195	0	13303
25420	12862	177	99	169	0	13307
25421	531	114	98	12574	0	13317
25422	314	99	104	12597	0	13114
25423	235	84	12179	489	0	12987
25424	204	96	11637	274	0	12211
25425	11374	75	421	257	0	12127
25426	11744	80	193	233	0	12250
25427	507	11002	132	191	0	11832
25428	291	296	122	10797	0	11506
25429	219	164	11220	391	0	11994
25430	240	151	336	11130	0	11857
25431	11091	97	184	416	0	11788
25432	10921	76	138	260	0	11395
25433	466	10716	113	212	0	11507
25434	322	298	105	10798	0	11523
25435	254	163	107	10973	0	11497
25436	233	123	110	10980	0	11446
25437	191	103	10440	489	0	11223
25438	9570	113	305	286	0	10274
25439	10378	126	158	234	0	10896
25440	493	117	10345	183	0	11138
25441	300	10302	315	211	0	11128
25442	10409	308	181	272	0	11170
25443	10599	167	112	244	0	11122
25444	481	139	10221	203	0	11044
25445	319	117	10575	198	0	11209
25446	274	101	407	10554	0	11336
25447	260	98	10647	385	0	11390
25448	10366	112	351	262	0	11091
25449	10664	105	211	237	0	11217
25450	10852	109	175	201	0	11337
25451	540	87	154	10410	0	11191
25452	338	10885	152	396	0	11771
25453	11198	288	136	317	0	11939
25454	11218	173	168	232	0	11791
25455	527	129	10811	258	0	11725
25456	350	128	10490	236	0	11204
25457	10429	117	370	236	0	11152
25458	477	99	230	10944	0	11750
25459	376	99	10850	400	0	11725
25460	321	10718	363	267	0	11669
25461	296	304	221	10950	0	11771
25462	10913	156	187	442	0	11698
25463	450	11126	177	285	0	12038
25464	377	302	153	11074	0	11906
25465	291	10875	145	426	0	11737
25466	292	11243	157	275	0	11967
25467	286	354	152	11321	0	12113
25468	287	203	153	11325	0	11968
25469	264	11254	148	486	0	12152
25470	11310	332	140	342	0	12124
25471	494	199	11340	272	0	12305
25472	11114	158	353	258	0	11883
25473	537	143	175	11640	0	12495
25474	360	133	177	11784	0	12454
25475	334	133	143	11865	0	12475
25476	328	133	152	11802	0	12415
25477	286	131	11657	541	0	12615
25478	289	150	376	11657	0	12472
25479	328	121	200	11929	0	12578
25480	278	12087	192	527	0	13084
25481	288	357	12224	379	0	13248
25482	266	12548	417	319	0	13550
25483	311	394	12783	290	0	13778
25484	298	12892	420	286	0	13896
25485	302	416	276	12083	0	13077
25486	12008	218	213	505	0	12944
25487	469	11963	196	355	0	12983
25488	354	348	186	12419	0	13307
25489	282	240	12335	509	0	13366
25490	235	12662	407	374	0	13678
25491	12534	390	252	358	0	13534
25492	12746	221	207	334	0	13508
25493	569	12698	168	287	0	13722
25494	308	382	12558	303	0	13551
25495	12221	252	433	274	0	13180
25496	512	183	287	12868	0	13850
25497	12866	147	205	550	0	13768
25498	504	12831	178	385	0	13898
25499	302	13278	203	333	0	14116
25500	313	471	12984	293	0	14061
25501	12843	256	427	302	0	13828
25502	514	201	252	13190	0	14157
25503	13172	191	201	524	0	14088
25504	507	13127	163	372	0	14169
25505	13320	387	166	331	0	14204
25506	13267	252	174	286	0	13979
25507	587	215	13173	221	0	14196
25508	386	12598	374	232	0	13590
25509	312	13031	264	219	0	13826
25510	339	452	186	12150	0	13127
25511	287	12079	155	408	0	12929
25512	12168	393	140	340	0	13041
25513	392	12234	161	252	0	13039
25514	292	433	145	11954	0	12824
25515	291	11757	137	408	0	12593
25516	262	11703	131	249	0	12345
25517	273	12095	135	218	0	12721
25518	300	448	156	11882	0	12786
25519	291	250	143	12045	0	12729
25520	277	181	161	11951	0	12570
25521	253	11570	161	475	0	12459
25522	207	355	11467	303	0	12332
25523	225	254	11294	217	0	11990
25524	11213	200	405	222	0	12040
25525	416	196	202	11639	0	12453
25526	294	192	11729	376	0	12591
25527	224	229	11628	254	0	12335
25528	194	12054	346	252	0	12846
25529	236	318	232	11458	0	12244
25530	218	237	177	11773	0	12405
25531	11599	230	150	448	0	12427
25532	412	177	164	11661	0	12414
25533	250	239	132	11797	0	12418
25534	188	193	11889	481	0	12751
25535	221	177	340	11856	0	12594
25536	214	193	219	12317	0	12943
25537	216	160	12236	418	0	13030
25538	246	186	12073	257	0	12762
25539	221	12010	380	222	0	12833
25540	209	347	12096	195	0	12847
25541	204	265	355	11759	0	12583
25542	344	231	261	9589	0	10425
25543	227	157	11997	425	0	12806
25544	187	11881	369	291	0	12728
25545	11336	335	269	284	0	12224
25546	339	11591	221	271	0	12422
25547	237	375	203	11763	0	12578
25548	267	246	154	11891	0	12558
25549	202	11809	176	440	0	12627
25550	208	398	143	11895	0	12644
25551	183	262	159	12006	0	12610
25552	167	262	11449	436	0	12314
25553	175	11214	335	328	0	12052
25554	202	352	231	11404	0	12189
25555	165	274	11390	404	0	12233
25556	174	237	356	11266	0	12033
25557	181	221	227	11305	0	11934
25558	141	227	204	11589	0	12161
25559	164	224	174	11490	0	12052
25560	172	245	146	11223	0	11786
25561	152	11297	143	508	0	12100
25562	11042	390	128	354	0	11914
25563	293	308	10897	288	0	11786
25564	9789	231	318	337	0	10675
25565	300	231	11180	295	0	12006
25566	170	11535	322	287	0	12314
25567	158	380	11368	264	0	12170
25568	137	11542	335	282	0	12296
25569	166	387	236	10959	0	11748
25570	203	247	182	11171	0	11803
25571	140	11282	176	459	0	12057
25572	136	11873	178	323	0	12510
25573	11787	403	146	314	0	12650
25574	12001	284	124	317	0	12726
25575	12067	211	145	294	0	12717
25576	12185	188	166	271	0	12810
25577	385	223	157	11997	0	12762
25578	213	12053	152	394	0	12812
25579	11939	369	140	296	0	12744
25580	296	292	130	11627	0	12345
25581	11314	212	149	313	0	11988
25582	10972	195	130	255	0	11552
25583	290	10484	134	203	0	11111
25584	195	10191	124	153	0	10663
25585	127	10658	113	183	0	11081
25586	158	289	105	10083	0	10635
25587	125	10392	121	199	0	10837
25588	10305	239	87	212	0	10843
25589	10503	156	116	167	0	10942
25590	10396	146	99	156	0	10797
25591	10527	142	79	180	0	10928
25592	10675	129	81	165	0	11050
25593	257	172	10775	135	0	11339
25594	10768	137	219	176	0	11300
25595	293	133	10900	118	0	11444
25596	10869	114	211	170	0	11364
25597	268	119	120	10871	0	11378
25598	145	166	10568	242	0	11121
25599	136	163	10951	173	0	11423
25600	104	11624	268	168	0	12164
25601	11729	238	152	164	0	12283
25602	12192	185	86	173	0	12636
25603	342	13241	89	154	0	13826
25604	213	381	93	14960	0	15647
25605	16156	205	77	484	0	16922
25606	530	144	16240	242	0	17156
25607	241	16334	461	176	0	17212
25608	15934	523	217	200	0	16874
25609	487	16355	133	164	0	17139
25610	295	559	117	15476	0	16447
25611	174	16510	97	447	0	17228
25612	204	589	85	15687	0	16565
25613	155	15995	96	530	0	16776
25614	99	16776	102	347	0	17324
25615	16087	693	89	271	0	17140
25616	16584	380	113	223	0	17300
25617	604	298	16327	187	0	17416
25618	368	202	15992	179	0	16741
25619	249	208	16389	190	0	17036
25620	250	166	681	16247	0	17344
25621	197	189	16760	502	0	17648
25622	211	187	614	16360	0	17372
25623	198	158	360	16502	0	17218
25624	163	16467	222	716	0	17568
25625	16532	502	182	476	0	17692
25626	522	16770	180	291	0	17763
25627	326	590	181	17083	0	18180
25628	237	374	156	17370	0	18137
25629	250	248	165	17513	0	18176
25630	198	240	17059	789	0	18286
25631	227	182	558	17037	0	18004
25632	225	187	338	17334	0	18084
25633	205	167	233	17714	0	18319
25634	147	222	16893	845	0	18107
25635	148	16702	557	542	0	17949
25636	16494	594	287	455	0	17830
25637	16111	359	193	470	0	17133
25638	644	16826	203	334	0	18007
25639	389	655	172	16773	0	17989
25640	327	377	174	17385	0	18263
25641	269	297	16758	817	0	18141
25642	211	16705	553	530	0	17999
25643	227	606	336	16970	0	18139
25644	207	353	16964	735	0	18259
25645	198	282	603	16836	0	17919
25646	210	256	350	16968	0	17784
25647	169	267	16785	903	0	18124
25648	182	245	585	16721	0	17733
25649	224	286	359	16668	0	17537
25650	227	215	16701	922	0	18065
25651	228	217	614	16861	0	17920
25652	237	235	373	16535	0	17380
25653	190	209	267	17419	0	18085
25654	149	186	16758	1032	0	18125
25655	175	187	637	16975	0	17974
25656	16412	203	347	1013	0	17975
25657	16556	164	313	693	0	17726
25658	678	16546	248	562	0	18034
25659	16997	555	240	532	0	18324
25660	659	334	17236	436	0	18665
25661	439	259	582	17376	0	18656
25662	312	243	377	17710	0	18642
25663	268	236	310	18159	0	18973
25664	17050	197	251	1036	0	18534
25665	578	16939	234	683	0	18434
25666	360	577	194	16404	0	17535
25667	264	16725	206	832	0	18027
25668	16397	667	197	631	0	17892
25669	631	16573	211	475	0	17890
25670	16303	655	188	457	0	17603
25671	639	16054	180	422	0	17295
25672	434	16144	192	411	0	17181
25673	318	728	220	16095	0	17361
25674	296	416	215	16253	0	17180
25675	275	317	226	16256	0	17074
25676	233	277	185	16331	0	17026
25677	219	295	15492	982	0	16988
25678	246	15436	512	687	0	16881
25679	235	578	306	15101	0	16220
25680	204	15600	249	807	0	16860
25681	252	652	15406	567	0	16877
25682	253	438	548	15229	0	16468
25683	251	342	327	16053	0	16973
25684	243	302	15443	926	0	16914
25685	230	15085	596	636	0	16547
25686	208	592	388	15325	0	16513
25687	210	364	15036	898	0	16508
25688	182	14889	607	676	0	16354
25689	232	584	377	14906	0	16099
25690	187	390	14714	847	0	16138
25691	222	332	14404	593	0	15551
25692	220	14103	674	490	0	15487
25693	193	15071	405	452	0	16121
25694	220	732	340	15145	0	16437
25695	219	460	294	16189	0	17162
25696	201	328	15898	962	0	17389
25697	15175	319	623	696	0	16813
25698	15669	310	387	573	0	16939
25699	694	304	15586	492	0	17076
25700	381	14853	652	455	0	16341
25701	293	15111	378	447	0	16229
25702	247	14685	270	471	0	15673
25703	246	12165	337	433	0	13181
25704	246	753	249	11501	0	12749
25705	264	308	167	13122	0	13861
25706	145	254	246	13249	0	13894
25707	129	326	153	13502	0	14110
25708	194	13487	134	792	0	14607
25709	127	634	150	13573	0	14484
25710	103	13566	186	763	0	14618
25711	122	684	134	13925	0	14865
25712	13508	324	154	814	0	14800
25713	477	358	164	13755	0	14754
25714	246	13649	175	696	0	14766
25715	290	521	159	14033	0	15003
25716	264	325	182	14337	0	15108
25717	143	243	296	14469	0	15151
25718	13592	225	260	998	0	15075
25719	480	181	266	14313	0	15240
25720	242	215	13683	974	0	15114
25721	161	13922	584	651	0	15318
25722	182	593	268	14566	0	15609
25723	184	359	206	15088	0	15837
25724	158	396	155	15247	0	15956
25725	14416	287	116	1076	0	15895
25726	547	335	14015	677	0	15574
25727	349	197	524	13701	0	14771
25728	195	13756	288	970	0	15209
25729	179	592	214	14283	0	15268
25730	13123	355	279	986	0	14743
25731	489	13641	167	810	0	15107
25732	303	644	164	13950	0	15061
25733	244	373	149	14176	0	14942
25734	172	13573	261	998	0	15004
25735	170	723	151	14085	0	15129
25736	338	400	135	14345	0	15218
25737	252	297	13473	1059	0	15081
25738	156	13537	523	743	0	14959
25739	13354	655	279	744	0	15032
25740	563	391	13388	641	0	14983
25741	13199	322	677	528	0	14726
25742	592	415	13312	557	0	14876
25743	362	289	587	13701	0	14939
25744	13216	260	446	989	0	14911
25745	597	285	230	13907	0	15019
25746	13420	291	194	1170	0	15075
25747	13685	283	276	797	0	15041
25748	13650	267	218	764	0	14899
25749	800	13391	179	689	0	15059
25750	481	688	301	13501	0	14971
25751	315	409	205	14152	0	15081
25752	329	324	202	14222	0	15077
25753	273	296	13261	1240	0	15070
25754	340	283	670	13823	0	15116
25755	13371	262	349	1162	0	15144
25756	13807	284	267	782	0	15140
25757	945	283	13160	637	0	15025
25758	13429	386	577	620	0	15012
25759	13808	285	358	571	0	15022
25760	874	318	345	13082	0	14619
25761	12872	276	217	1119	0	14484
25762	13161	271	199	865	0	14496
25763	909	288	189	13119	0	14505
25764	12961	291	232	1020	0	14504
25765	13140	371	207	755	0	14473
25766	962	277	220	12984	0	14443
25767	596	415	10339	997	0	12347
25768	12365	322	514	709	0	13910
25769	810	340	12592	620	0	14362
25770	673	261	12683	570	0	14187
25771	448	12497	788	589	0	14322
25772	458	724	432	12552	0	14166
25773	444	384	294	13134	0	14256
25774	437	305	230	13141	0	14113
25775	440	288	12391	1222	0	14341
25776	463	261	12472	886	0	14082
25777	439	12400	862	651	0	14352
25778	415	723	491	12327	0	13956
25779	458	406	328	12968	0	14160
25780	446	347	300	13176	0	14269
25781	375	291	12444	1164	0	14274
25782	363	12229	672	885	0	14149
25783	397	625	449	12586	0	14057
25784	390	385	12500	1016	0	14291
25785	381	372	12472	773	0	13998
25786	12297	241	844	724	0	14106
25787	12556	232	582	630	0	14000
25788	12834	308	342	610	0	14094
25789	943	258	310	12323	0	13834
25790	613	238	12120	989	0	13960
25791	459	11665	738	760	0	13622
25792	423	12450	437	658	0	13968
25793	426	791	11209	621	0	13047
25794	423	443	642	10455	0	11963
25795	381	326	427	9752	0	10886
25796	431	8994	419	879	0	10723
25797	519	9460	294	656	0	10929
25798	9288	606	288	546	0	10728
25799	9409	402	333	509	0	10653
25800	9500	347	260	565	0	10672
25801	9324	319	247	558	0	10448
25802	9026	307	232	563	0	10128
25803	737	8350	251	585	0	9923
25804	433	7117	242	585	0	8377
25805	341	5974	208	529	0	7052
25806	5479	375	268	546	0	6668
25807	403	286	212	5168	0	6069
25808	336	256	174	4979	0	5745
25809	4724	208	161	581	0	5674
25810	350	4688	183	449	0	5670
25811	346	273	153	4911	0	5683
25812	377	203	170	4919	0	5669
25813	279	196	188	4997	0	5660
25814	4644	247	169	533	0	5593
25815	366	164	187	4933	0	5650
25816	289	163	4461	583	0	5496
25817	4442	158	249	523	0	5372
25818	454	148	212	4658	0	5472
25819	327	143	4512	512	0	5494
25820	283	4322	369	382	0	5356
25821	258	4203	224	364	0	5049
25822	3984	235	207	475	0	4901
25823	3953	150	154	498	0	4755
25824	321	3818	191	452	0	4782
25825	384	187	205	4240	0	5016
25826	4338	136	251	420	0	5145
25827	314	191	173	4709	0	5387
25828	289	259	144	4833	0	5525
25829	320	150	142	4947	0	5559
25830	365	151	159	4849	0	5524
25831	254	4619	170	469	0	5512
25832	273	233	160	4909	0	5575
25833	260	183	178	4912	0	5533
25834	265	235	167	4827	0	5494
25835	285	138	4531	524	0	5478
25836	283	4489	303	439	0	5514
25837	330	226	325	4687	0	5568
25838	333	263	4585	340	0	5521
25839	386	137	4376	316	0	5215
25840	341	4443	359	299	0	5442
25841	4692	186	236	310	0	5424
25842	360	146	296	4665	0	5467
25843	4710	132	181	443	0	5466
25844	462	4567	148	349	0	5526
25845	330	208	137	4876	0	5551
25846	4653	134	157	382	0	5326
25847	4812	137	149	322	0	5420
25848	460	143	169	4670	0	5442
25849	294	233	170	4711	0	5408
25850	231	138	4581	517	0	5467
25851	235	88	264	4805	0	5392
25852	253	100	212	4897	0	5462
25853	4593	110	272	426	0	5401
25854	361	4479	175	387	0	5402
25855	413	190	4489	242	0	5334
25856	4521	134	273	253	0	5181
25857	345	4457	289	230	0	5321
25858	382	206	173	4581	0	5342
25859	4685	131	144	362	0	5322
25860	325	123	165	4658	0	5271
25861	349	108	150	4627	0	5234
25862	308	109	4432	395	0	5244
25863	225	114	238	4634	0	5211
25864	4578	128	188	332	0	5226
25865	355	115	192	4552	0	5214
25866	4423	132	183	376	0	5114
25867	295	4239	181	246	0	4961
25868	245	4448	171	238	0	5102
25869	156	231	247	4480	0	5114
25870	139	204	211	4545	0	5099
25871	4261	232	139	352	0	4984
25872	182	4295	139	345	0	4961
25873	4296	225	121	331	0	4973
25874	4348	143	144	307	0	4942
25875	261	138	201	4361	0	4961
25876	4323	163	163	289	0	4938
25877	255	188	4166	229	0	4838
25878	178	137	182	4332	0	4829
25879	157	112	4267	347	0	4883
25880	146	109	224	4424	0	4903
25881	4272	121	200	267	0	4860
25882	4375	178	116	203	0	4872
25883	256	4279	116	231	0	4882
25884	209	194	171	4310	0	4884
25885	222	136	130	4349	0	4837
25886	239	4253	75	257	0	4824
25887	241	206	65	4377	0	4889
25888	201	146	74	4392	0	4813
25889	117	4277	92	342	0	4828
25890	4171	210	108	215	0	4704
25891	4194	215	56	194	0	4659
25892	240	176	72	4148	0	4636
25893	171	121	89	4226	0	4607
25894	141	104	4058	308	0	4611
25895	149	99	129	4096	0	4473
25896	146	4064	60	226	0	4496
25897	4161	199	51	158	0	4569
25898	257	114	37	4132	0	4540
25899	184	106	38	4159	0	4487
25900	4086	90	28	224	0	4428
25901	207	4037	31	162	0	4437
25902	153	154	23	4185	0	4515
25903	101	115	33	4184	0	4433
25904	85	4071	39	243	0	4438
25905	4079	145	41	166	0	4431
25906	156	86	3968	161	0	4371
25907	100	68	3978	155	0	4301
25908	98	56	144	4069	0	4367
25909	81	61	3998	213	0	4353
25910	3930	62	123	170	0	4285
25911	165	50	71	4088	0	4374
25912	106	64	4102	208	0	4480
25913	103	66	4065	152	0	4386
25914	83	4186	125	166	0	4560
25915	4152	131	86	125	0	4494
25916	166	4171	65	115	0	4517
25917	4192	133	54	123	0	4502
25918	4158	88	58	126	0	4430
25919	159	4030	46	119	0	4354
25920	4055	110	45	116	0	4326
25921	4075	77	41	114	0	4307
25922	167	67	3912	118	0	4264
25923	136	103	81	3702	0	4022
25924	92	3507	66	161	0	3826
25925	70	3465	50	135	0	3720
25926	106	117	55	3196	0	3474
25927	3011	71	38	145	0	3265
25928	76	49	43	2992	0	3160
25929	73	48	26	3073	0	3220
25930	70	55	30	3157	0	3312
25931	65	3333	34	141	0	3573
25932	72	86	45	3644	0	3847
25933	68	63	3777	157	0	4065
25934	3702	58	104	122	0	3986
25935	3996	49	71	114	0	4230
25936	173	3898	43	85	0	4199
25937	4003	127	37	104	0	4271
25938	158	68	51	4065	0	4342
25939	107	43	3954	165	0	4269
25940	3843	65	107	112	0	4127
25941	159	3993	50	105	0	4307
25942	96	119	39	4062	0	4316
25943	4129	59	38	185	0	4411
25944	142	4037	40	112	0	4331
25945	95	4140	30	115	0	4380
25946	4135	147	32	93	0	4407
25947	169	82	3915	89	0	4255
25948	4024	60	110	116	0	4310
25949	174	47	76	4018	0	4315
25950	114	60	59	4044	0	4277
25951	93	52	3919	199	0	4263
25952	87	49	3900	130	0	4166
25953	116	55	146	3949	0	4266
25954	84	70	3920	167	0	4241
25955	87	55	3958	122	0	4222
25956	95	54	157	3944	0	4250
25957	82	71	74	4047	0	4274
25958	3993	49	60	222	0	4324
25959	181	56	47	4035	0	4319
25960	4046	49	43	193	0	4331
25961	158	4009	37	140	0	4344
25962	115	120	63	4133	0	4431
25963	100	82	4162	182	0	4526
25964	4156	70	132	120	0	4478
25965	4337	53	77	112	0	4579
25966	4395	48	55	103	0	4601
25967	4338	55	51	92	0	4536
25968	4307	55	66	97	0	4525
25969	200	50	39	4234	0	4523
25970	117	43	4125	168	0	4453
25971	103	41	4091	109	0	4344
25972	76	66	4209	93	0	4444
25973	4100	42	159	97	0	4398
25974	4332	44	86	89	0	4551
25975	193	36	65	4193	0	4487
25976	119	4299	55	167	0	4640
25977	107	122	66	4422	0	4717
25978	92	66	4336	187	0	4681
25979	79	57	4293	116	0	4545
25980	4169	42	162	112	0	4485
25981	175	44	4499	94	0	4812
25982	117	50	147	4505	0	4819
25983	4658	52	98	158	0	4966
25984	4457	36	61	153	0	4707
25985	4768	35	52	111	0	4966
25986	4800	45	57	88	0	4990
25987	220	52	4610	64	0	4946
25988	4577	35	135	95	0	4842
25989	172	4637	89	77	0	4975
25990	136	120	71	4732	0	5059
25991	112	69	4727	147	0	5055
25992	94	63	141	4770	0	5068
25993	101	41	4828	172	0	5142
25994	103	45	170	4772	0	5090
25995	84	45	95	4910	0	5134
25996	86	41	4796	198	0	5121
25997	102	39	157	4756	0	5054
25998	4837	29	116	179	0	5161
25999	177	32	76	4905	0	5190
26000	108	35	72	4979	0	5194
26001	4882	44	71	217	0	5214
26002	169	4826	80	120	0	5195
26003	4953	134	70	99	0	5256
26004	182	4943	60	91	0	5276
26005	5063	130	75	82	0	5350
26006	201	66	5069	78	0	5414
26007	137	53	160	5042	0	5392
26008	105	56	82	5170	0	5413
26009	5043	38	74	221	0	5376
26010	183	4938	89	110	0	5320
26011	144	117	61	4981	0	5303
26012	105	83	67	4962	0	5217
26013	79	4772	61	206	0	5118
26014	4799	120	62	112	0	5093
26015	184	4784	57	85	0	5110
26016	133	143	51	4804	0	5131
26017	105	74	45	4721	0	4945
26018	81	4623	63	195	0	4962
26019	4606	139	59	138	0	4942
26020	181	78	4529	90	0	4878
26021	4470	52	135	111	0	4768
26022	173	4511	96	102	0	4882
26023	111	134	59	4611	0	4915
26024	4655	78	46	179	0	4958
26025	178	45	55	4671	0	4949
26026	125	48	52	4790	0	5015
26027	4733	46	43	209	0	5031
26028	182	4564	47	136	0	4929
26029	118	4704	57	93	0	4972
26030	4641	133	62	96	0	4932
26031	153	79	4579	81	0	4892
26032	125	4310	110	69	0	4614
26033	107	98	100	4312	0	4617
26034	83	69	4826	120	0	5098
26035	96	46	125	4738	0	5005
26036	4761	51	82	163	0	5057
26037	154	4825	54	112	0	5145
26038	107	121	45	4677	0	4950
26039	79	4810	74	137	0	5100
26040	4870	137	48	115	0	5170
26041	4983	88	34	95	0	5200
26042	191	4985	46	73	0	5295
26043	134	128	41	4952	0	5255
26044	86	5150	43	147	0	5426
26045	5238	179	48	100	0	5565
26046	5381	74	42	94	0	5591
26047	229	67	62	5216	0	5574
26048	158	40	39	5361	0	5598
26049	97	47	5143	237	0	5524
26050	4893	34	158	167	0	5252
26051	197	45	5209	100	0	5551
26052	117	43	183	5144	0	5487
26053	5150	41	96	213	0	5500
26054	189	5210	94	120	0	5613
26055	5122	155	66	117	0	5460
26056	204	97	4786	102	0	5189
26057	4963	66	127	108	0	5264
26058	219	5208	72	94	0	5593
26059	5307	159	65	94	0	5625
26060	230	5324	58	77	0	5689
26061	149	194	47	5292	0	5682
26062	106	94	5203	195	0	5598
26063	105	75	5026	108	0	5314
26064	119	64	197	5039	0	5419
26065	116	67	5126	189	0	5498
26066	136	52	172	5079	0	5439
26067	127	52	90	5113	0	5382
26068	81	58	5268	240	0	5647
26069	4585	48	182	171	0	4986
26070	5203	52	118	116	0	5489
26071	218	5122	94	99	0	5533
26072	5206	149	87	105	0	5547
26073	243	79	58	5219	0	5599
26074	137	65	5301	205	0	5708
26075	121	60	175	5268	0	5624
26076	115	60	77	5382	0	5634
26077	5221	57	76	258	0	5612
26078	198	5110	77	152	0	5537
26079	127	5221	66	104	0	5518
26080	108	189	59	5250	0	5606
26081	93	108	63	5183	0	5447
26082	95	5080	57	228	0	5460
26083	91	176	56	5157	0	5480
26084	104	94	56	5103	0	5357
26085	90	4978	41	247	0	5356
26086	5017	163	54	145	0	5379
26087	176	89	52	5051	0	5368
26088	110	5080	48	220	0	5458
26089	93	173	48	5152	0	5466
26090	5038	110	33	254	0	5435
26091	189	5052	47	134	0	5422
26092	5114	181	45	144	0	5484
26093	5220	96	49	127	0	5492
26094	225	89	42	5331	0	5687
26095	5437	69	42	222	0	5770
26096	5545	70	42	146	0	5803
26097	5542	79	33	142	0	5796
26098	5615	72	37	104	0	5828
26099	258	64	39	5467	0	5828
26100	159	72	30	5643	0	5904
26101	122	79	5426	259	0	5886
26102	160	65	128	5539	0	5892
26103	132	85	67	5655	0	5939
26104	102	77	5476	277	0	5932
26105	5336	81	163	172	0	5752
26106	223	62	100	5662	0	6047
26107	159	56	5690	232	0	6137
26108	5507	62	169	171	0	5909
26109	260	59	6160	141	0	6620
26110	127	6296	215	146	0	6784
26111	123	6745	109	113	0	7090
26112	113	267	92	7018	0	7490
26113	109	134	7624	295	0	8162
26114	7604	97	262	156	0	8119
26115	8160	104	105	151	0	8520
26116	373	75	7956	139	0	8543
26117	8031	74	290	112	0	8507
26118	8382	70	118	120	0	8690
26119	399	8189	121	109	0	8818
26120	8395	274	84	102	0	8855
26121	370	149	72	8271	0	8862
26122	198	112	8265	305	0	8880
26123	186	74	270	7894	0	8424
26124	151	8251	142	322	0	8866
26125	122	8633	111	178	0	9044
26126	8525	325	103	141	0	9094
26127	8624	180	64	144	0	9012
26128	8645	121	88	112	0	8966
26129	434	117	87	8370	0	9008
26130	272	103	67	8279	0	8721
26131	165	8215	77	366	0	8823
26132	8159	291	86	212	0	8748
26133	361	8286	73	176	0	8896
26134	7708	267	77	128	0	8180
26135	317	7572	84	114	0	8087
26136	7597	238	81	138	0	8054
26137	7583	136	79	109	0	7907
26138	363	109	61	7504	0	8037
26139	216	7681	62	230	0	8189
26140	196	229	7320	147	0	7892
26141	7097	145	201	151	0	7594
26142	292	7209	98	137	0	7736
26143	186	213	7424	121	0	7944
26144	135	144	7497	111	0	7887
26145	178	124	193	7183	0	7678
26146	159	99	109	7166	0	7533
26147	168	7475	85	217	0	7945
26148	7759	202	49	167	0	8177
26149	268	119	63	7690	0	8140
26150	176	7859	70	214	0	8319
26151	161	8294	68	129	0	8652
26152	143	233	7984	137	0	8497
26153	145	148	8009	100	0	8402
26154	7787	134	194	109	0	8224
26155	235	120	8127	114	0	8596
26156	185	102	218	7933	0	8438
26157	180	112	99	8217	0	8608
26158	144	102	8190	244	0	8680
26159	147	95	192	8014	0	8448
26160	152	94	128	7667	0	8041
26161	8038	101	99	277	0	8515
26162	8189	90	119	169	0	8567
26163	264	90	113	8124	0	8591
26164	175	7964	93	238	0	8470
26165	139	8378	120	160	0	8797
26166	8357	234	84	173	0	8848
26167	255	161	8277	140	0	8833
26168	186	116	206	8271	0	8779
26169	8551	107	102	277	0	9037
26170	8635	128	95	159	0	9017
26171	312	128	87	8496	0	9023
26172	196	103	8495	252	0	9046
26173	174	102	7855	169	0	8300
26174	7913	88	268	156	0	8425
26175	8415	103	161	157	0	8836
26176	338	8308	112	151	0	8909
26177	207	8634	112	146	0	9099
26178	8752	243	113	174	0	9282
26179	8944	157	94	175	0	9370
26180	357	122	103	8928	0	9510
26181	252	112	77	9091	0	9532
26182	216	125	85	9169	0	9595
26183	9062	114	106	323	0	9605
26184	371	102	84	9076	0	9633
26185	255	125	9058	280	0	9718
26186	9005	118	222	187	0	9532
26187	336	114	130	9209	0	9789
26188	239	118	9206	277	0	9840
26189	8956	119	224	178	0	9477
26190	8689	112	116	197	0	9114
26191	317	9368	126	168	0	9979
26192	234	9578	127	144	0	10083
26193	214	284	9099	146	0	9743
26194	9114	160	220	160	0	9654
26195	355	9450	142	127	0	10074
26196	257	281	9078	126	0	9742
26197	8978	176	222	155	0	9531
26198	387	9828	120	127	0	10462
26199	231	280	9775	164	0	10450
26200	9366	152	242	187	0	9947
26201	347	9728	134	152	0	10361
26202	201	271	123	9718	0	10313
26203	9696	142	95	340	0	10273
26204	332	9676	113	170	0	10291
26205	243	271	119	9666	0	10299
26206	9613	131	103	306	0	10153
26207	326	135	9525	164	0	10150
26208	210	9331	233	141	0	9915
26209	197	232	9169	118	0	9716
26210	183	149	218	8789	0	9339
26211	153	152	8781	196	0	9282
26212	154	8289	176	152	0	8771
26213	137	7956	131	82	0	8306
26214	165	170	79	7757	0	8171
26215	186	86	61	7349	0	7682
26216	129	92	87	7492	0	7800
26217	152	91	7601	150	0	7994
26218	157	65	124	7579	0	7925
26219	7568	109	69	170	0	7916
26220	7494	87	67	114	0	7762
26221	180	77	7693	117	0	8067
26222	112	7696	147	82	0	8037
26223	7675	151	60	127	0	8013
26224	168	7664	70	69	0	7971
26225	7655	181	47	96	0	7979
26226	7704	93	44	95	0	7936
26227	200	62	7606	92	0	7960
26228	135	7712	115	81	0	8043
26229	120	146	63	7805	0	8134
26230	104	76	7765	163	0	8108
26231	7348	121	127	99	0	7695
26232	199	74	70	7700	0	8043
26233	102	96	7604	130	0	7932
26234	7152	64	135	105	0	7456
26235	149	103	7805	79	0	8136
26236	134	64	132	7757	0	8087
26237	8157	62	76	172	0	8467
26238	161	8287	67	109	0	8624
26239	76	174	8442	69	0	8761
26240	8185	75	174	93	0	8527
26241	8971	40	94	86	0	9191
26242	175	9094	77	86	0	9432
26243	121	158	93	9175	0	9547
26244	105	80	85	9117	0	9387
26245	9000	70	61	259	0	9390
26246	199	53	55	9098	0	9405
26247	105	86	9069	206	0	9466
26248	140	61	177	8883	0	9261
26249	8857	45	76	258	0	9236
26250	193	8764	80	116	0	9153
26251	135	200	73	8386	0	8794
26252	116	8566	84	180	0	8946
26253	8774	190	102	117	0	9183
26254	257	91	63	9284	0	9695
26255	142	68	78	9490	0	9778
26256	109	9451	60	307	0	9927
26257	98	226	9306	187	0	9817
26258	129	94	238	9212	0	9673
26259	117	72	103	9519	0	9811
26260	124	69	81	9417	0	9691
26261	117	9326	72	315	0	9830
26262	137	233	9313	158	0	9841
26263	100	137	9326	131	0	9694
26264	9333	93	276	131	0	9833
26265	9655	110	126	125	0	10016
26266	345	79	9594	85	0	10103
26267	9367	69	269	126	0	9831
26268	303	62	9769	119	0	10253
26269	9394	60	262	142	0	9858
26270	310	9755	139	102	0	10306
26271	9928	223	92	148	0	10391
26272	290	124	10055	93	0	10562
26273	164	101	10261	93	0	10619
26274	187	81	304	10764	0	11336
26275	11267	75	159	339	0	11840
26276	367	12158	126	158	0	12809
26277	177	418	13414	119	0	14128
26278	221	151	466	13435	0	14273
26279	177	114	188	14202	0	14681
26280	13800	92	125	683	0	14700
26281	14142	80	116	293	0	14631
26282	675	96	93	13905	0	14769
26283	14062	89	106	558	0	14815
26284	617	80	13675	271	0	14643
26285	304	81	527	13491	0	14403
26286	264	83	219	14086	0	14652
26287	13771	81	141	716	0	14709
26288	13878	85	159	313	0	14435
26289	719	100	121	13662	0	14602
26290	13753	82	98	610	0	14543
26291	624	116	13280	281	0	14301
26292	316	13184	488	200	0	14188
26293	234	481	13303	185	0	14203
26294	235	200	546	13349	0	14330
26295	13130	139	256	616	0	14141
26296	576	13040	207	271	0	14094
26297	334	499	155	12853	0	13841
26298	277	213	138	12699	0	13327
26299	203	12609	147	665	0	13624
26300	242	511	127	12939	0	13819
26301	194	246	129	13108	0	13677
26302	196	140	143	13338	0	13817
26303	219	124	129	13250	0	13722
26304	248	127	140	13007	0	13522
26305	177	12457	153	820	0	13607
26306	253	473	147	12864	0	13737
26307	238	222	145	13060	0	13665
26308	212	179	12346	792	0	13529
26309	192	12232	532	486	0	13442
26310	225	509	244	12489	0	13467
26311	241	232	174	12730	0	13377
26312	232	162	159	12701	0	13254
26313	212	12144	143	896	0	13395
26314	241	518	12184	522	0	13465
26315	249	229	538	12597	0	13613
26316	236	183	12459	769	0	13647
26317	201	163	12522	474	0	13360
26318	247	141	679	12500	0	13567
26319	12508	140	335	795	0	13778
26320	645	143	231	12694	0	13713
26321	361	151	193	12627	0	13332
26322	274	12444	165	885	0	13768
26323	251	520	191	13062	0	14024
26324	257	272	187	13392	0	14108
26325	213	210	12987	928	0	14338
26326	212	12886	594	603	0	14295
26327	217	549	321	13337	0	14424
26328	12795	297	243	874	0	14209
26329	577	207	12761	604	0	14149
26330	375	181	572	13041	0	14169
26331	281	193	303	13485	0	14262
26332	12793	178	220	1037	0	14228
26333	605	12703	208	699	0	14215
26334	12648	566	227	571	0	14012
26335	616	12568	203	558	0	13945
26336	357	603	185	12790	0	13935
26337	12422	328	193	905	0	13848
26338	626	250	12225	628	0	13729
26339	350	11927	563	602	0	13442
26340	310	12251	360	544	0	13465
26341	11531	661	301	524	0	13017
26342	592	363	225	11333	0	12513
26343	342	11027	214	899	0	12482
26344	304	11603	206	633	0	12746
26345	306	647	227	11573	0	12753
26346	269	353	218	11931	0	12771
26347	11229	253	227	1023	0	12732
26348	605	11190	219	698	0	12712
26349	387	622	242	11511	0	12762
26350	290	338	11132	898	0	12658
26351	275	11086	576	676	0	12613
26352	325	583	11065	542	0	12515
26353	294	11019	591	572	0	12476
26354	288	575	320	10803	0	11986
26355	307	329	257	10614	0	11507
26356	258	10288	250	870	0	11666
26357	255	529	10271	635	0	11690
26358	10192	333	532	603	0	11660
26359	555	305	305	10760	0	11925
26360	348	294	257	11102	0	12001
26361	279	305	10572	895	0	12051
26362	294	264	560	10842	0	11960
26363	291	290	10609	871	0	12061
26364	321	296	523	10798	0	11938
26365	300	297	10864	867	0	12328
26366	253	10889	618	667	0	12427
26367	293	558	11132	655	0	12638
26368	276	360	561	11446	0	12643
26369	11115	316	317	936	0	12684
26370	595	11029	273	682	0	12579
26371	359	647	236	11251	0	12493
26372	287	364	10788	906	0	12345
26373	244	10772	589	710	0	12315
26374	280	596	312	10277	0	11465
26375	266	352	9802	778	0	11198
26376	223	8916	438	582	0	10159
26377	7216	427	380	533	0	8556
26378	6787	262	235	534	0	7818
26379	300	224	213	6990	0	7727
26380	6741	214	194	550	0	7699
26381	338	241	198	6852	0	7629
26382	229	225	171	7044	0	7669
26383	239	216	6869	578	0	7902
26384	177	247	309	6982	0	7715
26385	160	249	206	7205	0	7820
26386	6683	219	212	653	0	7767
26387	6681	232	172	530	0	7615
26388	289	6732	208	475	0	7704
26389	194	315	6704	503	0	7716
26390	225	254	288	6870	0	7637
26391	136	264	6660	527	0	7587
26392	5974	264	269	544	0	7051
26393	174	261	6399	473	0	7307
26394	156	269	251	6498	0	7174
26395	163	6327	197	540	0	7227
26396	130	331	203	6579	0	7243
26397	121	255	185	6578	0	7139
26398	119	262	6407	546	0	7334
26399	122	266	243	6592	0	7223
26400	6190	187	215	609	0	7201
26401	6224	221	212	510	0	7167
26402	6217	224	195	502	0	7138
26403	6278	230	199	478	0	7185
26404	208	6216	183	460	0	7067
26405	148	6336	189	393	0	7066
26406	171	314	194	6007	0	6686
26407	138	230	204	6402	0	6974
26408	126	6027	212	452	0	6817
26409	148	280	181	6449	0	7058
26410	131	233	175	6503	0	7042
26411	139	206	190	6432	0	6967
26412	154	208	177	6394	0	6933
26413	154	215	196	6438	0	7003
26414	6108	198	217	425	0	6948
26415	190	6075	201	362	0	6828
26416	184	253	5955	298	0	6690
26417	159	200	263	5998	0	6620
26418	158	181	168	6159	0	6666
26419	201	193	140	6011	0	6545
26420	5870	206	133	440	0	6649
26421	205	6430	142	337	0	7114
26422	160	329	165	6414	0	7068
26423	145	6639	147	423	0	7354
26424	133	335	164	6590	0	7222
26425	140	6600	184	387	0	7311
26426	134	402	6869	286	0	7691
26427	178	231	330	7435	0	8174
26428	144	235	8910	453	0	9742
26429	163	183	461	8980	0	9787
26430	157	207	208	9999	0	10571
26431	9648	186	161	731	0	10726
26432	9851	217	143	399	0	10610
26433	10059	253	141	297	0	10750
26434	10054	197	141	296	0	10688
26435	10089	216	142	281	0	10728
26436	648	191	153	9517	0	10509
26437	306	9676	171	560	0	10713
26438	225	545	177	9652	0	10599
26439	154	315	9341	610	0	10420
26440	9246	237	460	383	0	10326
26441	9833	180	223	332	0	10568
26442	593	168	170	9623	0	10554
26443	306	170	145	9706	0	10327
26444	209	9216	137	707	0	10269
26445	197	467	146	9660	0	10470
26446	199	217	133	9686	0	10235
26447	171	9266	174	704	0	10315
26448	160	506	123	9684	0	10473
26449	8793	218	188	703	0	9902
26450	406	182	9183	400	0	10171
26451	8983	166	488	315	0	9952
26452	510	150	9240	281	0	10181
26453	280	134	517	9094	0	10025
26454	220	122	242	9149	0	9733
26455	170	8758	203	646	0	9777
26456	148	9314	148	400	0	10010
26457	184	538	171	8901	0	9794
26458	157	277	8865	587	0	9886
26459	8568	176	456	390	0	9590
26460	470	117	274	8790	0	9651
26461	246	8641	205	560	0	9652
26462	241	423	150	8885	0	9699
26463	216	205	147	8916	0	9484
26464	191	8527	109	648	0	9475
26465	206	454	117	8392	0	9169
26466	159	242	7764	579	0	8744
26467	154	169	7757	309	0	8389
26468	145	144	439	7319	0	8047
26469	149	7578	211	483	0	8421
26470	144	428	142	7704	0	8418
26471	7565	187	116	559	0	8427
26472	7823	133	123	302	0	8381
26473	7632	132	95	259	0	8118
26474	496	7305	90	264	0	8155
26475	244	402	7291	239	0	8176
26476	7227	223	373	232	0	8055
26477	7597	169	155	248	0	8169
26478	507	7285	129	227	0	8148
26479	278	409	97	7421	0	8205
26480	7411	176	113	508	0	8208
26481	7622	126	103	312	0	8163
26482	7713	112	109	259	0	8193
26483	613	103	103	7226	0	8045
26484	7321	103	118	543	0	8085
26485	538	134	80	7344	0	8096
26486	316	121	95	7628	0	8160
26487	7331	131	94	606	0	8162
26488	516	126	112	7376	0	8130
26489	7279	112	127	600	0	8118
26490	555	108	103	7347	0	8113
26491	334	120	91	7637	0	8182
26492	7265	132	71	702	0	8170
26493	561	116	6986	440	0	8103
26494	387	116	368	7345	0	8216
26495	343	117	183	7519	0	8162
26496	283	113	130	7564	0	8090
26497	260	114	108	7685	0	8167
26498	241	114	131	7462	0	7948
26499	217	6994	118	760	0	8089
26500	254	405	98	7370	0	8127
26501	291	216	6971	647	0	8125
26502	323	143	371	7335	0	8172
26503	327	117	165	7499	0	8108
26504	279	139	119	7668	0	8205
26505	242	133	7027	784	0	8186
26506	219	165	7136	478	0	7998
26507	6983	150	500	437	0	8070
26508	7277	147	231	426	0	8081
26509	583	7234	151	405	0	8373
26510	382	437	121	7586	0	8526
26511	314	218	125	7957	0	8614
26512	287	163	152	8107	0	8709
26513	7682	128	138	787	0	8735
26514	7965	118	157	524	0	8764
26515	618	139	115	7908	0	8780
26516	349	183	119	8088	0	8739
26517	256	161	122	8244	0	8783
26518	263	141	118	8253	0	8775
26519	7620	147	140	820	0	8727
26520	531	135	7313	562	0	8541
26521	345	6297	387	450	0	7479
26522	274	6485	199	427	0	7385
26523	6172	404	165	415	0	7156
26524	430	270	114	6151	0	6965
26525	259	200	5865	597	0	6921
26526	230	163	5422	446	0	6261
26527	217	5300	347	419	0	6283
26528	4154	219	212	318	0	4903
26529	291	135	3839	313	0	4578
26530	3265	110	170	314	0	3859
26531	279	99	105	3274	0	3757
26532	270	82	78	3254	0	3684
26533	218	3035	89	298	0	3640
26534	210	3133	91	281	0	3715
26535	3294	130	85	271	0	3780
26536	3270	102	104	279	0	3755
26537	200	3238	95	240	0	3773
26538	159	122	3142	294	0	3717
26539	156	119	3154	255	0	3684
26540	184	88	123	3399	0	3794
26541	3437	115	80	247	0	3879
26542	173	3319	81	295	0	3868
26543	164	107	74	3637	0	3982
26544	3494	140	87	277	0	3998
26545	151	115	76	3682	0	4024
26546	136	92	88	3803	0	4119
26547	3630	120	99	278	0	4127
26548	150	3559	107	280	0	4096
26549	183	3751	89	230	0	4253
26550	145	114	3861	218	0	4338
26551	180	103	99	3964	0	4346
26552	145	83	124	3969	0	4321
26553	138	93	3933	248	0	4412
26554	3520	89	93	262	0	3964
26555	3689	121	81	240	0	4131
26556	149	139	3907	198	0	4393
26557	3454	73	114	266	0	3907
26558	159	73	4095	218	0	4545
26559	173	4248	79	199	0	4699
26560	131	91	79	4618	0	4919
26561	123	106	82	4715	0	5026
26562	4642	62	71	249	0	5024
26563	4579	57	58	259	0	4953
26564	4586	101	59	217	0	4963
26565	4618	61	77	220	0	4976
26566	4602	61	100	198	0	4961
26567	171	47	4474	181	0	4873
26568	161	4459	84	186	0	4890
26569	151	109	53	4621	0	4934
26570	134	4519	50	206	0	4909
26571	165	4574	52	179	0	4970
26572	163	75	53	4669	0	4960
26573	158	47	52	4700	0	4957
26574	139	63	4541	197	0	4940
26575	4297	37	96	200	0	4630
26576	4641	39	64	198	0	4942
26577	149	4521	48	194	0	4912
26578	4677	77	45	183	0	4982
26579	4759	51	42	195	0	5047
26580	155	38	49	4831	0	5073
26581	125	46	4880	180	0	5231
26582	115	36	4768	188	0	5107
26583	4847	28	75	210	0	5160
26584	4965	33	59	182	0	5239
26585	112	4764	63	190	0	5129
26586	100	4976	59	187	0	5322
26587	105	59	58	5249	0	5471
26588	5174	50	51	206	0	5481
26589	116	48	5185	167	0	5516
26590	69	43	76	5405	0	5593
26591	5421	45	64	211	0	5741
26592	5435	30	65	179	0	5709
26593	102	44	68	5625	0	5839
26594	5528	44	46	189	0	5807
26595	96	29	5300	171	0	5596
26596	70	34	5573	146	0	5823
26597	76	34	96	5624	0	5830
26598	73	36	64	5893	0	6066
26599	74	62	55	5845	0	6036
26600	59	5701	61	142	0	5963
26601	69	5819	68	122	0	6078
26602	74	62	47	5948	0	6131
26603	5915	58	43	143	0	6159
26604	102	38	37	6042	0	6219
26605	85	29	54	5991	0	6159
26606	61	5892	58	111	0	6122
26607	67	6094	39	96	0	6296
26608	84	65	22	6171	0	6342
26609	55	62	19	5967	0	6103
26610	5849	34	27	141	0	6051
26611	66	5810	34	97	0	6007
26612	5864	61	28	102	0	6055
26613	94	42	25	5892	0	6053
26614	78	30	5791	87	0	5986
26615	61	26	5634	82	0	5803
26616	5828	41	76	88	0	6033
26617	64	40	50	6114	0	6268
26618	54	39	30	6084	0	6207
26619	51	36	31	6160	0	6278
26620	38	34	6183	70	0	6325
26621	44	35	64	6229	0	6372
26622	34	6209	45	77	0	6365
26623	45	43	33	6449	0	6570
26624	36	27	28	6449	0	6540
26625	26	6558	31	76	0	6691
26626	30	73	27	6620	0	6750
26627	6448	48	18	95	0	6609
26628	81	6429	17	54	0	6581
26629	6664	70	15	64	0	6813
26630	6735	46	19	53	0	6853
26631	120	26	16	6691	0	6853
26632	92	20	12	6574	0	6698
26633	56	23	14	6754	0	6847
26634	44	25	6487	145	0	6701
26635	46	6279	78	81	0	6484
26636	41	6545	53	46	0	6685
26637	37	108	21	6475	0	6641
26638	6365	63	20	124	0	6572
26639	95	38	28	6360	0	6521
26640	58	39	6387	124	0	6608
26641	37	6227	87	84	0	6435
26642	31	6487	46	51	0	6615
26643	6455	117	19	68	0	6659
26644	6588	63	18	67	0	6736
26645	124	6947	24	46	0	7141
26646	7058	89	18	67	0	7232
26647	126	68	6897	27	0	7118
26648	78	60	6786	31	0	6955
26649	6983	30	125	57	0	7195
26650	7163	26	71	57	0	7317
26651	166	35	34	7117	0	7352
26652	7254	25	24	153	0	7456
26653	144	25	7278	68	0	7515
26654	94	35	7720	39	0	7888
26655	101	31	167	8338	0	8637
26656	71	15	86	9426	0	9598
26657	69	24	47	9850	0	9990
26658	72	26	45	9738	0	9881
26659	65	25	38	10474	0	10602
26660	43	31	10146	407	0	10627
26661	65	24	237	10183	0	10509
26662	10127	21	116	385	0	10649
26663	271	27	66	10265	0	10629
26664	10190	22	53	404	0	10669
26665	306	27	49	10293	0	10675
26666	10487	28	54	405	0	10974
26667	10864	27	54	263	0	11208
26668	409	40	42	10732	0	11223
26669	248	35	29	10946	0	11258
26670	10772	27	41	463	0	11303
26671	10883	26	41	296	0	11246
26672	430	32	10675	199	0	11336
26673	283	18	249	10759	0	11309
26674	220	29	122	11185	0	11556
26675	10975	36	72	497	0	11580
26676	11190	30	54	309	0	11583
26677	489	33	59	11075	0	11656
26678	309	26	63	11278	0	11676
26679	215	24	61	11315	0	11615
26680	180	24	61	11185	0	11450
26681	156	10274	71	614	0	11115
26682	138	10699	64	370	0	11271
26683	164	319	58	10737	0	11278
26684	131	10687	58	482	0	11358
26685	150	291	50	11013	0	11504
26686	126	162	10645	533	0	11466
26687	137	95	10242	387	0	10861
26688	104	10688	353	342	0	11487
26689	137	313	176	10836	0	11462
26690	140	184	10698	502	0	11524
26691	147	122	310	10671	0	11250
26692	139	102	178	11118	0	11537
26693	10778	87	143	593	0	11601
26694	382	85	133	11091	0	11691
26695	274	87	11146	515	0	12022
26696	208	83	11079	387	0	11757
26697	183	10924	395	354	0	11856
26698	191	11908	205	334	0	12638
26699	12184	338	141	331	0	12994
26700	407	174	12689	296	0	13566
26701	274	117	352	12851	0	13594
26702	12934	88	203	582	0	13807
26703	12973	87	163	405	0	13628
26704	475	12948	130	348	0	13901
26705	327	321	137	12837	0	13622
26706	255	187	139	13584	0	14165
26707	211	153	128	13587	0	14079
26708	13204	109	107	702	0	14122
26709	428	102	12889	464	0	13883
26710	273	13260	327	396	0	14256
26711	241	333	182	13404	0	14160
26712	211	198	143	13877	0	14429
26713	186	175	13425	643	0	14429
26714	215	148	333	13408	0	14104
26715	192	140	227	13879	0	14438
26716	190	121	174	13991	0	14476
26717	200	136	144	13955	0	14435
26718	166	103	13363	772	0	14404
26719	188	102	408	13519	0	14217
26720	145	110	13615	704	0	14574
26721	155	13372	426	545	0	14498
26722	218	287	245	13795	0	14545
26723	205	164	215	14086	0	14670
26724	206	133	13465	772	0	14576
26725	196	13184	372	609	0	14361
26726	223	306	243	13589	0	14361
26727	222	193	13379	633	0	14427
26728	200	13191	376	506	0	14273
26729	184	326	259	13561	0	14330
26730	206	234	13324	613	0	14377
26731	255	188	346	13379	0	14168
26732	245	144	254	13213	0	13856
26733	214	148	226	13871	0	14459
26734	13398	139	180	739	0	14456
26735	394	13257	173	523	0	14347
26736	13477	314	164	504	0	14459
26737	400	207	13444	458	0	14509
26738	13762	143	345	553	0	14803
26739	14667	126	220	520	0	15533
26740	455	124	191	14785	0	15555
26741	14954	155	163	668	0	15940
26742	15108	140	187	517	0	15952
26743	15311	152	183	508	0	16154
26744	471	157	183	15263	0	16074
26745	318	151	178	15052	0	15699
26746	271	135	14306	654	0	15366
26747	240	132	13625	510	0	14507
26748	13730	124	406	504	0	14764
26749	386	161	281	14329	0	15157
26750	252	14220	235	581	0	15288
26751	14332	261	230	502	0	15325
26752	356	14033	200	470	0	15059
26753	250	14146	198	444	0	15038
26754	237	326	13493	476	0	14532
26755	202	162	13530	407	0	14301
26756	243	237	306	13298	0	14084
26757	168	137	13836	420	0	14561
26758	174	127	12790	354	0	13445
26759	12251	126	183	366	0	12926
26760	13188	97	171	329	0	13785
26761	232	96	147	13372	0	13847
26762	220	82	126	13490	0	13918
26763	168	87	13538	356	0	14149
26764	197	13521	157	294	0	14169
26765	199	115	120	13817	0	14251
26766	14101	100	141	355	0	14697
26767	232	101	140	14175	0	14648
26768	148	14119	133	336	0	14736
26769	155	127	13977	295	0	14554
26770	173	14309	187	246	0	14915
26771	14404	134	146	301	0	14985
26772	14192	108	159	322	0	14781
26773	174	118	133	14285	0	14710
26774	140	118	14318	322	0	14898
26775	163	108	13323	268	0	13862
26776	120	14262	191	266	0	14839
26777	149	159	135	13955	0	14398
26778	99	140	133	14800	0	15172
26779	101	132	14521	311	0	15065
26780	100	103	184	14406	0	14793
26781	87	14973	150	272	0	15482
26782	105	231	131	15394	0	15861
26783	103	131	124	15455	0	15813
26784	100	143	15368	311	0	15922
26785	130	92	260	15014	0	15496
26786	14958	107	185	363	0	15613
26787	221	80	15354	215	0	15870
26788	150	118	15004	201	0	15473
26789	104	15469	263	235	0	16071
26790	124	179	190	16051	0	16544
26791	131	101	131	16678	0	17041
26792	113	100	16247	409	0	16869
26793	15115	85	281	315	0	15796
26794	276	77	180	16392	0	16925
26795	152	107	16211	335	0	16805
26796	162	100	304	15553	0	16119
26797	121	105	16091	343	0	16660
26798	111	112	15472	237	0	15932
26799	149	15447	319	196	0	16111
26800	147	223	201	14777	0	15348
26801	96	15117	132	359	0	15704
26802	14671	250	118	284	0	15323
26803	273	155	14921	220	0	15569
26804	138	14787	280	209	0	15414
26805	137	224	169	14949	0	15479
26806	14642	126	150	415	0	15333
26807	214	14660	138	277	0	15289
26808	175	224	124	14970	0	15493
26809	158	131	143	14992	0	15424
26810	77	15005	126	376	0	15584
26811	15056	271	110	320	0	15757
26812	292	130	119	16802	0	17343
26813	170	113	136	17607	0	18026
26814	111	87	17296	623	0	18117
26815	74	17917	470	380	0	18841
26816	102	466	253	18483	0	19304
26817	99	226	147	20163	0	20635
26818	98	20277	136	761	0	21272
26819	125	601	128	20638	0	21492
26820	104	274	145	21385	0	21908
26821	126	186	98	21515	0	21925
26822	71	21102	122	999	0	22294
26823	20762	693	105	532	0	22092
26824	677	311	20931	279	0	22198
26825	20036	177	669	313	0	21195
26826	730	20922	317	236	0	22205
26827	373	676	206	20955	0	22210
26828	198	307	21104	795	0	22404
26829	184	198	698	21092	0	22172
26830	188	135	333	21307	0	21963
26831	200	136	180	21873	0	22389
26832	130	127	21167	1070	0	22494
26833	129	20776	698	571	0	22174
26834	162	697	21227	313	0	22399
26835	119	21315	788	281	0	22503
26836	150	774	21656	248	0	22828
26837	184	308	819	21342	0	22653
26838	20553	227	373	935	0	22088
26839	698	20986	246	478	0	22408
26840	294	727	20977	378	0	22376
26841	185	21055	732	305	0	22277
26842	140	846	21129	267	0	22382
26843	239	379	835	20037	0	21490
26844	177	244	400	20048	0	20869
26845	112	20176	281	1022	0	21591
26846	107	21550	238	529	0	22424
26847	20944	1014	228	409	0	22595
26848	783	461	223	21267	0	22734
26849	330	320	21347	921	0	22918
26850	265	249	815	21324	0	22653
26851	138	228	21612	1035	0	23013
26852	147	234	21596	550	0	22527
26853	189	221	1047	20403	0	21860
26854	117	20967	531	904	0	22519
26855	20244	834	326	583	0	21987
26856	771	432	268	20210	0	21681
26857	409	312	260	20083	0	21064
26858	206	20170	258	1106	0	21740
26859	19737	863	243	688	0	21531
26860	20219	468	272	506	0	21465
26861	1007	342	241	19591	0	21181
26862	450	19382	249	1022	0	21103
26863	252	20867	283	600	0	22002
26864	20077	1066	273	511	0	21927
26865	788	582	20083	416	0	21869
26866	19352	397	893	419	0	21061
26867	19976	312	463	464	0	21215
26868	19991	278	367	454	0	21090
26869	1074	19523	265	419	0	21281
26870	545	932	265	19822	0	21564
26871	19716	482	257	1086	0	21541
26872	19922	371	284	669	0	21246
26873	1011	19764	271	518	0	21564
26874	20084	924	286	461	0	21755
26875	985	520	252	20178	0	21935
26876	528	373	307	20279	0	21487
26877	339	19816	276	1214	0	21645
26878	339	931	249	20337	0	21856
26879	346	519	269	20580	0	21714
26880	292	19969	284	1260	0	21805
26881	315	924	258	19365	0	20862
26882	281	19823	286	1086	0	21476
26883	19606	978	254	741	0	21579
26884	19290	553	312	652	0	20807
26885	1012	19376	268	538	0	21194
26886	572	911	19016	499	0	20998
26887	439	569	798	19025	0	20831
26888	356	476	18935	1014	0	20781
26889	304	18118	867	742	0	20031
26890	313	18887	489	625	0	20314
26891	17829	1003	327	555	0	19714
26892	805	18387	319	501	0	20012
26893	560	959	295	17709	0	19523
26894	385	17942	325	921	0	19573
26895	372	18591	324	656	0	19943
26896	18017	1072	292	594	0	19975
26897	805	666	300	18043	0	19814
26898	505	489	17686	999	0	19679
26899	421	483	17563	654	0	19121
26900	349	17886	894	588	0	19717
26901	17590	944	477	591	0	19602
26902	811	18086	371	519	0	19787
26903	530	1065	328	18215	0	20138
26904	18080	675	328	1046	0	20129
26905	881	529	307	18517	0	20234
26906	554	493	288	18711	0	20046
26907	432	18301	296	1211	0	20240
26908	452	985	247	18855	0	20539
26909	355	696	18497	1131	0	20679
26910	18158	543	828	795	0	20324
26911	889	19174	463	684	0	21210
26912	510	19155	353	612	0	20630
26913	17984	1016	316	601	0	19917
26914	847	665	17856	532	0	19900
26915	16986	565	747	537	0	18835
26916	813	18867	421	583	0	20684
26917	443	19936	314	565	0	21258
26918	388	1192	19340	473	0	21393
26919	331	19785	871	541	0	21528
26920	391	996	464	18218	0	20069
26921	388	603	381	18716	0	20088
26922	336	19087	293	1013	0	20729
26923	466	949	307	19149	0	20871
26924	18996	588	348	1048	0	20980
26925	904	535	18736	608	0	20783
26926	18674	553	791	601	0	20619
26927	19439	447	475	603	0	20964
26928	19391	439	461	513	0	20804
26929	1111	437	18632	557	0	20737
26930	686	463	824	18828	0	20801
26931	463	520	18959	1008	0	20950
26932	18249	468	1014	637	0	20368
26933	18488	528	533	579	0	20128
26934	1081	18683	476	447	0	20687
26935	735	1080	330	18199	0	20344
26936	592	19055	381	901	0	20929
26937	491	1096	18929	642	0	21158
26938	575	642	856	18932	0	21005
26939	18721	611	478	1065	0	20875
26940	19201	455	455	690	0	20801
26941	1225	503	358	18023	0	20109
26942	706	18388	368	987	0	20449
26943	553	1016	18420	700	0	20689
26944	490	632	18842	587	0	20551
26945	17870	633	1033	497	0	20033
26946	1022	546	18580	490	0	20638
26947	717	18407	990	468	0	20582
26948	635	976	537	18186	0	20334
26949	508	608	18544	1019	0	20679
26950	539	555	894	18113	0	20101
26951	484	456	18280	1102	0	20322
26952	17236	441	1053	688	0	19418
26953	1088	469	485	17619	0	19661
26954	669	17470	376	984	0	19499
26955	652	18278	315	610	0	19855
26956	598	1191	306	17670	0	19765
26957	555	709	287	17735	0	19286
26958	498	17785	294	1134	0	19711
26959	581	1120	17459	625	0	19785
26960	609	645	873	17657	0	19784
26961	492	539	17837	1117	0	19985
26962	518	570	17601	588	0	19277
26963	16449	529	1116	534	0	18628
26964	1135	16943	568	460	0	19106
26965	17070	1059	465	472	0	19066
26966	1239	658	324	16400	0	18621
26967	706	16978	358	1004	0	19046
26968	632	1098	318	17144	0	19192
26969	462	775	362	17217	0	18816
26970	433	16931	299	1344	0	19007
26971	487	1107	16598	752	0	18944
26972	471	725	913	16926	0	19035
26973	16682	653	523	1143	0	19001
26974	1103	518	427	16778	0	18826
26975	634	525	371	17133	0	18663
26976	452	574	16289	1374	0	18689
26977	452	16376	954	789	0	18571
26978	461	1098	539	16370	0	18468
26979	407	719	16340	1145	0	18611
26980	422	695	16389	720	0	18226
26981	15433	635	1160	640	0	17868
26982	1021	16027	683	589	0	18320
26983	15876	1089	518	562	0	18045
26984	1067	15832	507	540	0	17946
26985	596	16589	472	529	0	18186
26986	15845	1279	465	548	0	18137
26987	1072	781	432	15340	0	17625
26988	631	15818	519	1066	0	18034
26989	579	1146	458	16130	0	18313
26990	15990	705	416	1194	0	18305
26991	1147	553	15842	713	0	18255
26992	655	606	15787	596	0	17644
26993	15259	542	1204	582	0	17587
26994	1085	15552	700	525	0	17862
26995	681	1060	15591	501	0	17833
26996	595	15647	1077	506	0	17825
26997	525	1126	621	15497	0	17769
26998	458	742	15685	1085	0	17970
26999	519	585	1105	15618	0	17827
27000	485	582	15526	1196	0	17789
27001	14578	519	1143	779	0	17019
27002	1050	15306	696	648	0	17700
27003	15346	1049	574	559	0	17528
27004	1185	695	501	14842	0	17223
27005	643	15969	504	1087	0	18203
27006	15852	1191	476	736	0	18255
27007	15370	749	514	691	0	17324
27008	1129	599	15984	599	0	18311
27009	712	530	16177	509	0	17928
27010	14296	487	1288	501	0	16572
27011	1021	14326	741	506	0	16594
27012	611	14093	582	505	0	15791
27013	676	1123	573	12902	0	15274
27014	507	664	12990	919	0	15080
27015	531	12336	907	600	0	14374
27016	446	11677	549	491	0	13163
27017	425	847	463	8467	0	10202
27018	8339	483	516	592	0	9930
27019	8466	494	378	481	0	9819
27020	8578	336	355	557	0	9826
27021	620	358	8394	482	0	9854
27022	8246	452	557	424	0	9679
27023	8437	335	412	496	0	9680
27024	8794	334	389	364	0	9881
27025	665	385	478	8176	0	9704
27026	571	8264	377	555	0	9767
27027	8427	489	357	470	0	9743
27028	645	8293	397	413	0	9748
27029	410	495	503	8400	0	9808
27030	369	363	8672	683	0	10087
27031	392	352	713	8437	0	9894
27032	523	338	435	8629	0	9925
27033	444	392	8588	583	0	10007
27034	329	8614	540	441	0	9924
27035	352	564	375	8228	0	9519
27036	7931	511	380	593	0	9415
27037	464	7895	494	451	0	9304
27038	7826	477	402	551	0	9256
27039	616	381	343	7781	0	9121
27040	491	7901	365	509	0	9266
27041	7905	497	346	515	0	9263
27042	393	8147	380	392	0	9312
27043	315	491	8048	331	0	9185
27044	7522	389	576	386	0	8873
27045	7958	368	378	388	0	9092
27046	413	7904	490	382	0	9189
27047	285	600	7715	396	0	8996
27048	276	8029	442	506	0	9253
27049	383	509	507	5955	0	7354
27050	269	371	352	8302	0	9294
27051	307	333	437	8212	0	9289
27052	423	8139	289	551	0	9402
27053	295	496	274	8367	0	9432
27054	273	511	279	8311	0	9374
27055	8051	510	265	545	0	9371
27056	411	387	264	8248	0	9310
27057	349	309	279	8441	0	9378
27058	8102	419	311	558	0	9390
27059	412	8240	411	428	0	9491
27060	8359	416	319	482	0	9576
27061	8370	351	379	350	0	9450
27062	8409	328	396	339	0	9472
27063	627	330	258	8248	0	9463
27064	389	440	224	8522	0	9575
27065	430	351	8087	521	0	9389
27066	306	333	7907	494	0	9040
27067	286	422	8077	386	0	9171
27068	7670	313	469	440	0	8892
27069	451	319	7917	418	0	9105
27070	343	8106	468	310	0	9227
27071	331	476	410	8042	0	9259
27072	343	343	288	8064	0	9038
27073	417	8242	249	475	0	9383
27074	332	464	8182	437	0	9415
27075	293	8401	424	400	0	9518
27076	8318	498	400	297	0	9513
27077	474	454	8277	257	0	9462
27078	374	8248	445	350	0	9417
27079	326	479	8452	233	0	9490
27080	381	326	537	8197	0	9441
27081	433	326	8380	378	0	9517
27082	368	432	409	8084	0	9293
27083	8474	353	273	403	0	9503
27084	475	387	8309	299	0	9470
27085	353	8508	389	270	0	9520
27086	8576	442	297	284	0	9599
27087	482	315	8554	321	0	9672
27088	314	376	8698	276	0	9664
27089	301	289	444	8619	0	9653
27090	372	248	8649	425	0	9694
27091	8181	256	528	279	0	9244
27092	430	8376	395	255	0	9456
27093	374	432	270	8379	0	9455
27094	287	8933	248	364	0	9832
27095	8951	472	302	280	0	10005
27096	432	378	8782	273	0	9865
27097	319	273	9045	313	0	9950
27098	315	207	515	8926	0	9963
27099	287	219	293	9225	0	10024
27100	291	229	308	9270	0	10098
27101	368	240	191	9318	0	10117
27102	286	314	9332	410	0	10342
27103	314	9343	339	272	0	10268
27104	280	379	204	8777	0	9640
27105	252	293	8385	290	0	9220
27106	247	8302	308	205	0	9062
27107	8264	297	219	171	0	8951
27108	324	200	236	8143	0	8903
27109	8001	195	223	288	0	8707
27110	317	8010	141	207	0	8675
27111	8007	333	126	204	0	8670
27112	251	250	8207	189	0	8897
27113	193	167	237	7983	0	8580
27114	139	8183	208	254	0	8784
27115	166	290	8052	160	0	8668
27116	141	8084	225	182	0	8632
27117	275	262	137	6029	0	6703
27118	7816	135	121	237	0	8309
27119	278	7705	118	163	0	8264
27120	7713	195	121	168	0	8197
27121	258	131	7634	133	0	8156
27122	209	121	7446	134	0	7910
27123	7594	114	216	157	0	8081
27124	265	113	141	7694	0	8213
27125	161	126	111	7820	0	8218
27126	113	166	7925	248	0	8452
27127	148	122	7585	165	0	8020
27128	116	7990	234	154	0	8494
27129	7790	207	151	209	0	8357
27130	7518	122	159	174	0	7973
27131	178	7457	116	194	0	7945
27132	127	180	113	7726	0	8146
27133	7801	114	150	217	0	8282
27134	183	141	114	7870	0	8308
27135	7949	107	90	262	0	8408
27136	8025	90	114	160	0	8389
27137	8142	154	104	138	0	8538
27138	251	98	115	8015	0	8479
27139	164	113	103	8333	0	8713
27140	8077	129	106	236	0	8548
27141	8046	95	121	157	0	8419
27142	7995	136	93	150	0	8374
27143	220	7790	141	138	0	8289
27144	7746	166	121	150	0	8183
27145	208	7629	115	127	0	8079
27146	7603	178	111	131	0	8023
27147	166	111	7516	123	0	7916
27148	6694	123	166	161	0	7144
27149	144	7079	98	169	0	7490
27150	106	7090	98	155	0	7449
27151	7256	126	99	186	0	7667
27152	157	114	79	7317	0	7667
27153	128	83	89	7487	0	7787
27154	104	7460	100	199	0	7863
27155	133	7832	94	132	0	8191
27156	8042	139	96	161	0	8438
27157	171	89	8256	131	0	8647
27158	165	82	179	8521	0	8947
27159	8747	106	121	173	0	9147
27160	236	77	8663	116	0	9092
27161	137	9326	208	119	0	9790
27162	9907	185	118	122	0	10332
27163	242	101	10196	133	0	10672
27164	130	81	271	10608	0	11090
27165	102	80	11019	237	0	11438
27166	10456	91	311	146	0	11004
27167	254	11160	182	112	0	11708
27168	11347	236	142	120	0	11845
27169	11429	107	138	120	0	11794
27170	293	125	110	11362	0	11890
27171	11445	92	92	309	0	11938
27172	301	102	116	11392	0	11911
27173	169	117	98	11490	0	11874
27174	147	95	11308	277	0	11827
27175	124	11207	263	152	0	11746
27176	169	241	131	11312	0	11853
27177	132	102	150	11449	0	11833
27178	108	105	113	11480	0	11806
27179	109	66	11308	321	0	11804
27180	110	11080	233	209	0	11632
27181	112	210	148	11407	0	11877
27182	122	101	109	11544	0	11876
27183	121	95	11339	304	0	11859
27184	111	85	277	11047	0	11520
27185	11234	110	115	306	0	11765
27186	268	11269	122	146	0	11805
27187	11188	227	122	158	0	11695
27188	249	114	11200	129	0	11692
27189	143	79	242	11266	0	11730
27190	11386	90	132	299	0	11907
27191	11449	90	76	182	0	11797
27192	307	99	11521	127	0	12054
27193	164	85	245	11363	0	11857
27194	118	96	11409	281	0	11904
27195	10781	57	280	164	0	11282
27196	257	11393	139	142	0	11931
27197	11582	226	131	143	0	12082
27198	11627	98	80	167	0	11972
27199	296	11676	86	147	0	12205
27200	11981	233	88	159	0	12461
27201	320	112	11753	116	0	12301
27202	11758	87	262	114	0	12221
27203	334	97	112	11885	0	12428
27204	171	76	12060	274	0	12581
27205	167	71	269	12054	0	12561
27206	148	93	127	11779	0	12147
27207	161	78	93	12093	0	12425
27208	131	11993	80	334	0	12538
27209	12136	231	78	178	0	12623
27210	304	154	79	12111	0	12648
27211	188	12042	77	286	0	12593
27212	164	243	90	11751	0	12248
27213	125	11768	87	348	0	12328
27214	132	260	11736	189	0	12317
27215	132	108	290	11722	0	12252
27216	137	120	99	11983	0	12339
27217	128	91	11800	364	0	12383
27218	10920	80	268	220	0	11488
27219	292	11728	114	178	0	12312
27220	194	248	107	11883	0	12432
27221	181	100	103	11731	0	12115
27222	155	108	107	11636	0	12006
27223	154	11634	84	372	0	12244
27224	11567	251	120	229	0	12167
27225	322	128	11514	202	0	12166
27226	192	125	11181	169	0	11667
27227	183	87	309	11332	0	11911
27228	172	104	143	11657	0	12076
27229	11494	80	121	389	0	12084
27230	329	11238	103	234	0	11904
27231	175	272	98	11571	0	12116
27232	11407	126	91	389	0	12013
27233	358	108	102	11295	0	11863
27234	11245	103	78	440	0	11866
27235	382	85	10874	218	0	11559
27236	214	11235	290	197	0	11936
27237	11290	282	130	213	0	11915
27238	342	140	11246	191	0	11919
27239	10902	118	264	222	0	11506
27240	376	102	10968	181	0	11627
27241	11097	105	291	197	0	11690
27242	372	82	150	11269	0	11873
27243	11281	128	127	362	0	11898
27244	371	86	126	11298	0	11881
27245	213	104	133	11409	0	11859
27246	11270	93	123	447	0	11933
27247	344	11057	140	231	0	11772
27248	240	254	93	11456	0	12043
27249	11510	167	125	376	0	12178
27250	11924	116	108	231	0	12379
27251	386	94	132	11758	0	12370
27252	257	84	102	12035	0	12478
27253	12021	106	117	467	0	12711
27254	452	104	125	12195	0	12876
27255	226	106	105	12306	0	12743
27256	11903	97	108	507	0	12615
27257	442	90	127	11649	0	12308
27258	199	107	10806	494	0	11606
27259	10444	68	300	300	0	11112
27260	383	108	10845	227	0	11563
27261	242	125	9958	211	0	10536
27262	9317	81	403	222	0	10023
27263	318	9228	212	190	0	9948
27264	209	199	150	9186	0	9744
27265	181	106	158	9170	0	9615
27266	222	108	87	9436	0	9853
27267	187	125	82	9728	0	10122
27268	9426	81	97	450	0	10054
27269	10320	71	82	302	0	10775
27270	10696	72	89	313	0	11170
27271	477	69	11348	226	0	12120
27272	275	76	404	11894	0	12649
27273	235	78	211	12268	0	12792
27274	165	93	191	12073	0	12522
27275	151	11515	133	740	0	12539
27276	158	12059	109	474	0	12800
27277	12229	590	97	381	0	13297
27278	573	295	85	12559	0	13512
27279	375	173	121	13304	0	13973
27280	284	161	95	13721	0	14261
27281	200	105	12862	941	0	14108
27282	233	100	12783	498	0	13614
27283	12705	66	745	395	0	13911
27284	13477	87	355	375	0	14294
27285	874	78	224	12998	0	14174
27286	415	12998	166	672	0	14251
27287	356	556	128	13222	0	14262
27288	319	254	156	13476	0	14205
27289	249	156	12801	925	0	14131
27290	12872	134	561	557	0	14124
27291	738	109	274	13580	0	14701
27292	387	88	234	13679	0	14388
27293	13054	119	179	981	0	14333
27294	716	13286	189	538	0	14729
27295	13815	587	133	420	0	14955
27296	862	317	116	13500	0	14795
27297	463	13132	130	794	0	14519
27298	13468	650	108	517	0	14743
27299	790	369	130	13379	0	14668
27300	13233	206	133	870	0	14442
27301	13187	147	140	584	0	14058
27302	13273	128	127	470	0	13998
27303	1005	12411	127	427	0	13970
27304	550	12768	135	377	0	13830
27305	428	815	138	12320	0	13701
27306	352	12552	128	832	0	13864
27307	12780	738	91	605	0	14214
27308	830	415	131	12854	0	14230
27309	12916	264	125	902	0	14207
27310	13331	225	108	603	0	14267
27311	1064	197	143	12784	0	14188
27312	670	158	135	13507	0	14470
27313	13172	170	118	1140	0	14600
27314	13528	191	145	710	0	14574
27315	13998	164	133	570	0	14865
27316	14198	190	106	514	0	15008
27317	14450	213	137	395	0	15195
27318	1286	187	112	13620	0	15205
27319	754	185	102	14148	0	15189
27320	591	176	140	14378	0	15285
27321	13739	167	127	1243	0	15276
27322	979	159	111	13785	0	15034
27323	686	13196	136	1089	0	15107
27324	584	691	113	13875	0	15263
27325	13541	384	118	1117	0	15160
27326	13994	264	119	676	0	15053
27327	1252	231	12950	561	0	14994
27328	779	191	630	12896	0	14496
27329	623	12999	308	994	0	14924
27330	13529	691	197	726	0	15143
27331	1014	13390	167	611	0	15182
27332	781	773	156	13672	0	15382
27333	13898	411	110	1063	0	15482
27334	14203	323	108	729	0	15363
27335	1237	13561	128	644	0	15570
27336	835	789	85	13771	0	15480
27337	674	415	13320	1061	0	15470
27338	13322	275	708	736	0	15041
27339	1130	241	13390	615	0	15376
27340	13760	224	774	563	0	15321
27341	14406	209	363	530	0	15508
27342	1335	218	219	13902	0	15674
27343	14332	228	158	1129	0	15847
27344	14800	222	138	753	0	15913
27345	14960	256	139	659	0	16014
27346	1434	291	115	14232	0	16072
27347	14522	264	125	1149	0	16060
27348	1328	225	129	14422	0	16104
27349	920	213	149	14554	0	15836
27350	761	13575	157	1317	0	15810
27351	724	694	146	13778	0	15342
27352	627	13513	169	1171	0	15480
27353	13648	809	126	756	0	15339
27354	13802	452	143	648	0	15045
27355	1325	319	137	13246	0	15027
27356	943	274	121	13583	0	14921
27357	13379	254	130	1182	0	14945
27358	1190	237	12481	780	0	14688
27359	13215	228	587	698	0	14728
27360	1235	221	309	12932	0	14697
27361	841	233	12089	1061	0	14224
27362	12426	250	631	793	0	14100
27363	13014	277	283	658	0	14232
27364	1347	248	12045	577	0	14217
27365	12593	246	603	601	0	14043
27366	1222	240	11815	585	0	13862
27367	839	11758	660	558	0	13815
27368	12157	621	359	586	0	13723
27369	12151	368	262	551	0	13332
27370	1206	10828	198	543	0	12775
27371	803	10214	201	536	0	11754
27372	9949	527	170	573	0	11219
27373	9986	340	138	543	0	11007
27374	901	294	139	9790	0	11124
27375	704	311	9165	690	0	10870
27376	705	254	8786	509	0	10254
27377	9405	254	420	518	0	10597
27378	789	222	9111	532	0	10654
27379	9006	227	369	551	0	10153
27380	813	221	222	8797	0	10053
27381	664	193	259	8946	0	10062
27382	627	238	8562	634	0	10061
27383	9000	219	290	536	0	10045
27384	816	227	165	9003	0	10211
27385	670	226	158	9532	0	10586
27386	9539	284	161	632	0	10616
27387	9626	178	146	587	0	10537
27388	9637	179	182	526	0	10524
27389	823	9284	217	398	0	10722
27390	702	353	8903	395	0	10353
27391	8999	251	257	522	0	10029
27392	9335	231	184	457	0	10207
27393	847	8752	136	352	0	10087
27394	8906	377	126	358	0	9767
27395	689	253	113	8562	0	9617
27396	622	226	8495	474	0	9817
27397	8802	203	215	440	0	9660
27398	9027	198	165	406	0	9796
27399	9066	178	138	433	0	9815
27400	9089	202	141	346	0	9778
27401	746	196	107	8750	0	9799
27402	645	231	121	8735	0	9732
27403	9056	242	114	446	0	9858
27404	642	210	124	8784	0	9760
27405	537	173	120	8839	0	9669
27406	569	8451	132	445	0	9597
27407	576	213	136	8764	0	9689
27408	553	159	135	8819	0	9666
27409	555	144	122	8862	0	9683
27410	565	129	143	8863	0	9700
27411	502	8458	112	538	0	9610
27412	524	238	117	8618	0	9497
27413	580	164	119	8395	0	9258
27414	559	144	8108	412	0	9223
27415	525	124	7635	377	0	8661
27416	501	7951	242	328	0	9022
27417	9203	193	177	356	0	9929
27418	543	9137	153	373	0	10206
27419	434	277	130	10035	0	10876
27420	411	197	10422	494	0	11524
27421	11200	174	320	360	0	12054
27422	601	182	183	11586	0	12552
27423	11662	206	142	549	0	12559
27424	11944	135	172	386	0	12637
27425	741	11614	156	272	0	12783
27426	11968	353	180	276	0	12777
27427	611	12039	181	263	0	13094
27428	495	429	142	12173	0	13239
27429	427	12265	136	472	0	13300
27430	459	437	12081	254	0	13231
27431	345	12340	376	290	0	13351
27432	436	392	203	12063	0	13094
27433	12280	201	159	523	0	13163
27434	629	12240	162	310	0	13341
27435	449	438	156	12364	0	13407
27436	424	196	146	12770	0	13536
27437	380	145	12482	585	0	13592
27438	421	128	441	12516	0	13506
27439	387	134	12574	523	0	13618
27440	12169	128	408	394	0	13099
27441	653	148	12735	290	0	13826
27442	461	12732	421	300	0	13914
27443	450	425	210	12744	0	13829
27444	399	239	157	12809	0	13604
27445	366	170	137	12961	0	13634
27446	12896	140	131	705	0	13872
27447	610	151	128	12699	0	13588
27448	367	12546	136	615	0	13664
27449	12369	470	128	414	0	13381
27450	561	12376	153	296	0	13386
27451	420	486	134	12344	0	13384
27452	12379	272	125	575	0	13351
27453	624	12071	154	307	0	13156
27454	418	12655	137	267	0	13477
27455	12553	523	147	326	0	13549
27456	12886	263	150	271	0	13570
27457	699	193	12449	186	0	13527
27458	12735	165	484	228	0	13612
27459	653	172	12961	207	0	13993
27460	427	152	518	12968	0	14065
27461	315	171	13127	513	0	14126
27462	337	172	497	13083	0	14089
27463	297	153	13267	563	0	14280
27464	286	178	526	12866	0	13856
27465	278	149	264	13322	0	14013
27466	12913	174	191	695	0	13973
27467	538	188	12757	365	0	13848
27468	12314	152	471	283	0	13220
27469	602	170	12659	252	0	13683
27470	331	157	12825	226	0	13539
27471	320	134	596	12528	0	13578
27472	12732	142	290	560	0	13724
27473	528	12618	189	374	0	13709
27474	12551	428	197	313	0	13489
27475	12763	195	178	275	0	13411
27476	652	12500	179	235	0	13566
27477	12777	458	167	230	0	13632
27478	592	267	12798	226	0	13883
27479	388	168	487	12815	0	13858
27480	12906	158	244	594	0	13902
27481	572	12851	208	329	0	13960
27482	375	458	173	12864	0	13870
27483	312	241	149	13013	0	13715
27484	284	187	134	13192	0	13797
27485	279	184	148	13210	0	13821
27486	12869	130	159	735	0	13893
27487	13010	145	167	420	0	13742
27488	13034	145	175	317	0	13671
27489	12768	133	185	298	0	13384
27490	734	154	12389	261	0	13538
27491	12475	136	474	255	0	13340
27492	12921	164	253	245	0	13583
27493	717	12388	197	250	0	13552
27494	414	12743	185	270	0	13612
27495	328	560	176	12490	0	13554
27496	351	267	155	12680	0	13453
27497	289	188	12283	673	0	13433
27498	287	12374	497	384	0	13542
27499	323	486	258	12273	0	13340
27500	279	12572	214	558	0	13623
27501	284	534	164	12970	0	13952
27502	301	251	161	13077	0	13790
27503	292	13087	147	726	0	14252
27504	291	533	167	13449	0	14440
27505	307	287	13377	660	0	14631
27506	296	247	13361	379	0	14283
27507	12958	204	628	354	0	14144
27508	13815	185	332	350	0	14682
27509	688	13471	272	325	0	14756
27510	13805	532	184	327	0	14848
27511	720	315	169	13624	0	14828
27512	13677	243	172	670	0	14762
27513	658	13516	185	440	0	14799
27514	426	521	13418	366	0	14731
27515	13250	269	549	363	0	14431
27516	686	255	13783	306	0	15030
27517	435	220	12611	265	0	13531
27518	340	224	12364	286	0	13214
27519	322	11824	550	295	0	12991
27520	11076	443	440	307	0	12266
27521	10741	252	225	290	0	11508
27522	569	214	167	10459	0	11409
27523	392	238	152	10393	0	11175
27524	346	10499	176	478	0	11499
27525	10596	405	177	343	0	11521
27526	480	10490	180	304	0	11454
27527	319	10441	186	275	0	11221
27528	10229	416	199	276	0	11120
27529	427	270	194	10101	0	10992
27530	302	220	200	10120	0	10842
27531	296	208	187	10227	0	10918
27532	271	9967	174	516	0	10928
27533	9973	330	191	354	0	10848
27534	413	243	175	9872	0	10703
27535	312	9397	197	423	0	10329
27536	256	9432	214	327	0	10229
27537	296	314	194	9185	0	9989
27538	269	9204	182	388	0	10043
27539	256	322	197	9247	0	10022
27540	9099	196	172	389	0	9856
27541	359	175	8812	326	0	9672
27542	285	8817	277	253	0	9632
27543	281	290	178	9003	0	9752
27544	282	189	9124	367	0	9962
27545	8893	180	286	322	0	9681
27546	391	188	195	9212	0	9986
27547	9343	161	146	365	0	10015
27548	9295	217	170	271	0	9953
27549	438	9474	130	228	0	10270
27550	9714	315	134	242	0	10405
27551	9677	201	159	266	0	10303
27552	9787	178	129	215	0	10309
27553	438	191	165	9391	0	10185
27554	323	189	141	9390	0	10043
27555	330	127	184	9458	0	10099
27556	292	130	9225	376	0	10023
27557	242	9031	322	302	0	9897
27558	9022	242	210	278	0	9752
27559	295	8758	216	247	0	9516
27560	248	232	154	8867	0	9501
27561	259	170	8584	315	0	9328
27562	7919	153	225	317	0	8614
27563	320	8451	215	211	0	9197
27564	268	228	161	8540	0	9197
27565	258	147	153	8590	0	9148
27566	306	132	8361	291	0	9090
27567	227	8278	278	213	0	8996
27568	283	245	147	8340	0	9015
27569	242	172	168	8436	0	9018
27570	231	184	145	8220	0	8780
27571	7992	152	96	394	0	8634
27572	331	185	7785	208	0	8509
27573	243	7876	185	217	0	8521
27574	7833	219	125	245	0	8422
27575	321	7898	129	178	0	8526
27576	248	267	118	7767	0	8400
27577	242	7851	102	269	0	8464
27578	7584	248	126	249	0	8207
27579	7709	181	90	297	0	8277
27580	344	146	99	7879	0	8468
27581	241	167	87	7938	0	8433
27582	255	140	82	8254	0	8731
27583	224	132	8162	406	0	8924
27584	185	8627	250	279	0	9341
27585	228	272	151	10003	0	10654
27586	258	175	140	10369	0	10942
27587	246	168	117	10624	0	11155
27588	235	166	94	10667	0	11162
27589	186	174	10399	566	0	11325
27590	158	11155	386	342	0	12041
27591	198	480	208	11559	0	12445
27592	204	286	133	12693	0	13316
27593	136	227	12330	730	0	13423
27594	167	213	528	12029	0	12937
27595	114	11847	256	730	0	12947
27596	126	12585	185	425	0	13321
27597	163	693	164	12272	0	13292
27598	134	368	11907	663	0	13072
27599	10893	235	520	447	0	12095
27600	528	11726	278	294	0	12826
27601	271	558	11468	298	0	12595
27602	195	302	11497	249	0	12243
27603	171	11336	688	214	0	12409
27604	188	580	11602	247	0	12617
27605	223	321	663	11081	0	12288
27606	11046	206	338	599	0	12189
27607	11342	203	200	347	0	12092
27608	11361	183	172	283	0	11999
27609	11683	192	160	275	0	12310
27610	745	11538	149	234	0	12666
27611	11730	533	177	260	0	12700
27612	648	11781	167	199	0	12795
27613	326	633	11531	200	0	12690
27614	272	316	598	10986	0	12172
27615	217	11711	297	541	0	12766
27616	232	589	205	11441	0	12467
27617	11079	355	173	658	0	12265
27618	609	222	145	10974	0	11950
27619	311	11299	124	662	0	12396
27620	11462	577	125	399	0	12563
27621	620	333	11331	268	0	12552
27622	376	234	500	11374	0	12484
27623	247	216	269	11828	0	12560
27624	11076	205	183	766	0	12230
27625	585	11139	154	401	0	12279
27626	296	632	10951	299	0	12178
27627	244	333	512	11050	0	12139
27628	206	229	11186	690	0	12311
27629	210	10689	577	421	0	11897
27630	200	11389	301	332	0	12222
27631	11013	741	173	304	0	12231
27632	573	380	10986	283	0	12222
27633	11168	256	572	282	0	12278
27634	635	219	317	10861	0	12032
27635	303	11154	211	634	0	12302
27636	11123	646	181	395	0	12345
27637	599	347	11165	332	0	12443
27638	371	240	580	11179	0	12370
27639	286	209	313	11556	0	12364
27640	287	243	202	11421	0	12153
27641	219	11131	226	807	0	12383
27642	10809	621	217	452	0	12099
27643	582	10881	208	365	0	12036
27644	308	11116	228	338	0	11990
27645	284	719	200	10915	0	12118
27646	10823	419	183	691	0	12116
27647	10890	286	174	432	0	11782
27648	10996	273	179	344	0	11792
27649	775	10242	210	316	0	11543
27650	462	619	169	10400	0	11650
27651	308	416	10278	633	0	11635
27652	324	286	559	10315	0	11484
27653	268	277	332	10347	0	11224
27654	234	10354	246	781	0	11615
27655	10413	644	188	527	0	11772
27656	629	392	219	10309	0	11549
27657	366	10441	201	716	0	11724
27658	10538	652	188	443	0	11821
27659	664	424	10317	357	0	11762
27660	10269	335	556	352	0	11512
27661	652	10608	331	354	0	11945
27662	10783	646	232	339	0	12000
27663	11031	420	210	342	0	12003
27664	808	313	10611	324	0	12056
27665	10764	299	553	345	0	11961
27666	686	328	11024	333	0	12371
27667	473	283	11246	309	0	12311
27668	10938	288	706	320	0	12252
27669	11405	275	399	307	0	12386
27670	832	295	11139	298	0	12564
27671	522	266	629	11008	0	12425
27672	420	263	387	11181	0	12251
27673	356	11481	287	731	0	12855
27674	11146	628	247	505	0	12526
27675	11802	409	210	384	0	12805
27676	835	313	11447	311	0	12906
27677	11677	288	612	352	0	12929
27678	12133	268	345	370	0	13116
27679	844	11593	264	359	0	13060
27680	517	645	273	11614	0	13049
27681	454	374	247	11608	0	12683
27682	371	328	251	11725	0	12675
27683	11041	303	261	827	0	12432
27684	671	10587	230	486	0	11974
27685	389	556	202	9250	0	10397
27686	338	8856	201	599	0	9994
27687	359	544	191	8427	0	9521
27688	312	8300	217	539	0	9368
27689	284	8543	276	341	0	9444
27690	7744	493	245	321	0	8803
27691	7686	299	219	365	0	8569
27692	328	251	218	7254	0	8051
27693	285	205	279	7208	0	7977
27694	272	250	189	7256	0	7967
27695	278	315	171	7133	0	7897
27696	280	329	143	6986	0	7738
27697	263	6930	162	415	0	7770
27698	303	269	246	7049	0	7867
27699	377	223	219	7079	0	7898
27700	7043	336	173	300	0	7852
27701	358	230	280	6974	0	7842
27702	274	204	273	7047	0	7798
27703	288	284	7068	321	0	7961
27704	304	218	281	6899	0	7702
27705	305	195	165	7324	0	7989
27706	411	168	7232	339	0	8150
27707	362	7413	225	249	0	8249
27708	381	279	7424	210	0	8294
27709	356	211	7251	222	0	8040
27710	248	7400	258	189	0	8095
27711	7491	292	149	251	0	8183
27712	7447	299	139	240	0	8125
27713	317	216	215	7355	0	8103
27714	7496	192	155	404	0	8247
27715	327	247	7585	258	0	8417
27716	262	191	220	7883	0	8556
27717	318	185	8338	306	0	9147
27718	275	148	229	8466	0	9118
27719	247	233	164	8454	0	9098
27720	313	181	139	8582	0	9215
27721	8503	147	229	330	0	9209
27722	302	154	148	8667	0	9271
27723	8491	171	125	435	0	9222
27724	8651	155	125	286	0	9217
27725	333	8568	140	201	0	9242
27726	8715	243	218	224	0	9400
27727	298	8806	150	288	0	9542
27728	250	266	188	8821	0	9525
27729	226	266	135	8816	0	9443
27730	229	257	125	8987	0	9598
27731	300	187	8697	303	0	9487
27732	220	8724	288	252	0	9484
27733	303	230	131	8627	0	9291
27734	270	155	92	8721	0	9238
27735	205	8872	103	305	0	9485
27736	8921	281	87	234	0	9523
27737	308	8611	173	220	0	9312
27738	8601	229	105	326	0	9261
27739	282	8707	101	272	0	9362
27740	227	250	66	8647	0	9190
27741	187	8851	80	265	0	9383
27742	9058	272	55	207	0	9592
27743	9167	213	77	190	0	9647
27744	9130	211	74	211	0	9626
27745	9089	141	70	255	0	9555
27746	395	127	8892	161	0	9575
27747	9157	108	176	172	0	9613
27748	9459	117	100	180	0	9856
27749	9400	177	92	216	0	9885
27750	319	120	9074	222	0	9735
27751	9087	94	238	234	0	9653
27752	275	9317	109	248	0	9949
27753	9712	216	95	247	0	10270
27754	301	184	10008	152	0	10645
27755	10012	120	187	145	0	10464
27756	10300	113	113	186	0	10712
27757	349	148	104	10106	0	10707
27758	261	109	10054	217	0	10641
27759	10179	91	233	169	0	10672
27760	360	87	106	10300	0	10853
27761	223	140	100	10447	0	10910
27762	252	83	10516	242	0	11093
27763	9886	88	209	176	0	10359
27764	10609	49	168	180	0	11006
27765	318	10484	138	128	0	11068
27766	210	183	152	10467	0	11012
27767	200	93	136	10455	0	10884
27768	229	87	85	10437	0	10838
27769	210	10448	77	272	0	11007
27770	10475	165	98	216	0	10954
27771	241	103	60	10517	0	10921
27772	160	95	48	10598	0	10901
27773	10279	124	42	280	0	10725
27774	10231	81	52	181	0	10545
27775	267	72	54	10277	0	10670
27776	169	94	65	10161	0	10489
27777	182	78	9778	223	0	10261
27778	9186	64	134	187	0	9571
27779	199	9995	51	155	0	10400
27780	115	162	41	10450	0	10768
27781	120	73	30	10660	0	10883
27782	102	10751	32	284	0	11169
27783	122	244	21	11302	0	11689
27784	12137	111	40	323	0	12611
27785	341	78	29	13952	0	14400
27786	155	90	36	14461	0	14742
27787	131	56	30	14885	0	15102
27788	92	56	14328	711	0	15187
27789	116	58	406	14501	0	15081
27790	91	38	14317	655	0	15101
27791	77	13958	475	338	0	14848
27792	113	402	212	14166	0	14893
27793	104	172	142	14384	0	14802
27794	117	114	82	14614	0	14927
27795	113	80	83	14511	0	14787
27796	94	76	71	14878	0	15119
27797	13861	52	51	852	0	14816
27798	434	50	14028	438	0	14950
27799	201	13698	416	330	0	14645
27800	149	14783	198	251	0	15381
27801	139	536	141	14701	0	15517
27802	125	256	96	15123	0	15600
27803	103	172	84	14924	0	15283
27804	83	14488	74	734	0	15379
27805	115	441	53	14807	0	15416
27806	89	201	14454	671	0	15415
27807	82	14160	409	378	0	15029
27808	100	452	192	14411	0	15155
27809	14012	217	156	626	0	15011
27810	443	164	82	14285	0	14974
27811	238	123	88	14284	0	14733
27812	147	13581	58	717	0	14503
27813	118	14559	70	457	0	15204
27814	154	514	65	14482	0	15215
27815	110	280	58	14624	0	15072
27816	79	190	14019	733	0	15021
27817	122	135	400	13777	0	14434
27818	105	113	179	14133	0	14530
27819	119	111	132	14124	0	14486
27820	118	112	98	14371	0	14699
27821	13630	114	92	913	0	14749
27822	13966	91	79	611	0	14747
27823	597	112	83	14203	0	14995
27824	326	115	75	14743	0	15259
27825	14260	100	71	888	0	15319
27826	549	89	73	15030	0	15741
27827	276	95	14931	867	0	16169
27828	200	14875	474	596	0	16145
27829	168	470	227	15385	0	16250
27830	169	229	172	15834	0	16404
27831	15344	189	127	942	0	16602
27832	528	156	116	15889	0	16689
27833	300	133	93	16349	0	16875
27834	15836	110	85	1007	0	17038
27835	583	135	93	16218	0	17029
27836	302	15895	94	896	0	17187
27837	239	536	87	16919	0	17781
27838	195	274	96	17569	0	18134
27839	212	205	86	17397	0	17900
27840	164	147	85	17672	0	18068
27841	152	177	16509	1104	0	17942
27842	152	152	16380	737	0	17421
27843	151	122	652	16912	0	17837
27844	170	145	330	16895	0	17540
27845	110	16487	225	1066	0	17888
27846	139	551	179	16504	0	17373
27847	145	16401	151	954	0	17651
27848	16263	634	130	722	0	17749
27849	513	16942	146	592	0	18193
27850	317	675	130	17372	0	18494
27851	234	357	96	17879	0	18566
27852	148	265	16907	1120	0	18440
27853	16065	194	520	825	0	17604
27854	16422	171	293	634	0	17520
27855	726	16294	198	585	0	17803
27856	445	582	140	16342	0	17509
27857	277	344	16873	870	0	18364
27858	214	17076	553	681	0	18524
27859	16896	618	293	627	0	18434
27860	17129	364	212	578	0	18283
27861	785	258	16332	521	0	17896
27862	16556	199	562	535	0	17852
27863	770	195	285	16793	0	18043
27864	443	16521	213	917	0	18094
27865	16568	604	184	702	0	18058
27866	724	359	147	16822	0	18052
27867	16814	229	124	1039	0	18206
27868	17335	214	141	730	0	18420
27869	891	204	147	17099	0	18341
27870	515	192	16925	984	0	18616
27871	16947	182	549	775	0	18453
27872	17693	178	303	669	0	18843
27873	17816	162	224	606	0	18808
27874	938	17584	180	588	0	19290
27875	575	633	151	17966	0	19325
27876	416	337	134	18801	0	19688
27877	304	273	17962	1209	0	19748
27878	328	238	622	18012	0	19200
27879	245	17693	338	1123	0	19399
27880	17361	612	258	813	0	19044
27881	654	17445	158	685	0	18942
27882	389	694	17051	565	0	18699
27883	304	17165	553	579	0	18601
27884	258	17074	342	520	0	18194
27885	262	556	227	15002	0	16047
27886	14438	301	178	735	0	15652
27887	14472	229	154	566	0	15421
27888	14353	176	173	493	0	15195
27889	456	14428	165	443	0	15492
27890	285	373	14228	405	0	15291
27891	14083	304	307	436	0	15130
27892	14608	219	181	477	0	15485
27893	458	14450	147	460	0	15515
27894	14780	392	131	465	0	15768
27895	437	280	112	15026	0	15855
27896	307	234	15286	596	0	16423
27897	15367	202	314	489	0	16372
27898	15553	187	275	426	0	16441
27899	16080	227	153	409	0	16869
27900	565	242	125	15758	0	16690
27901	398	187	118	16168	0	16871
27902	284	178	131	17016	0	17609
27903	253	16786	119	784	0	17942
27904	368	509	127	17053	0	18057
27905	274	290	130	19278	0	19972
27906	243	232	18810	874	0	20159
27907	305	217	526	18877	0	19925
27908	281	172	260	19547	0	20260
27909	319	188	183	19485	0	20175
27910	292	149	137	19446	0	20024
27911	226	18860	123	1094	0	20303
27912	284	603	133	19294	0	20314
27913	282	358	126	19370	0	20136
27914	18657	227	140	1128	0	20152
27915	676	172	18405	728	0	19981
27916	391	211	18003	533	0	19138
27917	17618	161	728	599	0	19106
27918	18687	182	337	556	0	19762
27919	876	202	221	17372	0	18671
27920	485	18254	156	849	0	19744
27921	18553	586	158	575	0	19872
27922	804	324	148	18238	0	19514
27923	418	18372	177	880	0	19847
27924	18381	583	170	613	0	19747
27925	703	18496	150	484	0	19833
27926	18089	641	143	464	0	19337
27927	17722	326	165	467	0	18680
27928	790	17204	149	361	0	18504
27929	523	605	126	17247	0	18501
27930	350	346	16899	793	0	18388
27931	406	288	505	16873	0	18072
27932	16731	211	266	875	0	18083
27933	678	231	16348	524	0	17781
27934	455	16403	528	413	0	17799
27935	417	586	257	16295	0	17555
27936	305	365	16035	714	0	17419
27937	260	15861	520	532	0	17173
27938	15736	571	294	518	0	17119
27939	629	324	229	15917	0	17099
27940	442	252	182	16101	0	16977
27941	367	230	234	15924	0	16755
27942	290	15621	225	824	0	16960
27943	15576	574	167	609	0	16926
27944	627	15375	179	460	0	16641
27945	380	16059	154	362	0	16955
27946	15851	680	130	404	0	17065
27947	16061	388	130	398	0	16977
27948	775	320	15311	312	0	16718
27949	15131	240	505	376	0	16252
27950	15213	242	257	356	0	16068
27951	824	210	212	14833	0	16079
27952	509	234	14594	609	0	15946
27953	452	233	491	14624	0	15800
27954	14977	228	258	716	0	16179
27955	736	244	15019	390	0	16389
27956	489	215	535	16186	0	17425
27957	452	199	299	17819	0	18769
27958	394	225	214	19701	0	20534
27959	19324	202	150	1287	0	20963
27960	1054	19668	203	597	0	21522
27961	19960	910	187	488	0	21545
27962	1194	407	19785	364	0	21750
27963	630	293	866	19198	0	20987
27964	392	20055	380	1059	0	21886
27965	20238	910	257	629	0	22034
27966	1121	407	189	20332	0	22049
27967	567	300	19833	1126	0	21826
27968	482	247	872	19986	0	21587
27969	19281	213	374	1255	0	21123
27970	1011	19281	302	635	0	21229
27971	573	971	202	17745	0	19491
27972	414	19158	191	1006	0	20769
27973	19063	1030	161	607	0	20861
27974	19180	469	158	539	0	20346
27975	1140	18615	173	466	0	20394
27976	18783	942	174	462	0	20361
27977	1170	445	183	17739	0	19537
27978	555	18337	176	979	0	20047
27979	18272	990	169	545	0	19976
27980	18922	458	158	426	0	19964
27981	1262	17501	158	364	0	19285
27982	637	18301	171	334	0	19443
27983	17892	1084	135	350	0	19461
27984	1153	523	124	17630	0	19430
27985	17893	365	146	1051	0	19455
27986	1202	293	147	17879	0	19521
27987	632	287	17331	1080	0	19330
27988	605	265	774	17868	0	19512
27989	17636	290	307	1119	0	19352
27990	1082	289	17417	560	0	19348
27991	645	263	814	17590	0	19312
27992	571	257	309	18479	0	19616
27993	431	251	17551	1261	0	19494
27994	17262	285	844	702	0	19093
27995	1124	248	355	17698	0	19425
27996	567	237	16806	1113	0	18723
27997	15765	245	873	646	0	17529
27998	1056	16364	375	524	0	18319
27999	547	16402	321	496	0	17766
28000	436	16991	221	512	0	18160
28001	414	1061	15861	477	0	17813
28002	402	533	827	15356	0	17118
28003	378	363	15077	1074	0	16892
28004	369	425	817	13594	0	15205
28005	338	12748	365	1002	0	14453
28006	328	13264	304	540	0	14436
28007	378	846	236	12985	0	14445
28008	12805	406	195	920	0	14326
28009	825	318	183	13111	0	14437
28010	505	290	196	13219	0	14210
28011	398	12816	192	945	0	14351
28012	12752	732	186	611	0	14281
28013	829	12866	194	467	0	14356
28014	556	783	184	12989	0	14512
28015	435	471	222	13067	0	14195
28016	425	12805	225	915	0	14370
28017	461	746	201	13123	0	14531
28018	12944	437	163	987	0	14531
28019	916	413	182	13058	0	14569
28020	578	424	179	13147	0	14328
28021	537	12744	184	961	0	14426
28022	486	770	222	13105	0	14583
28023	12409	485	223	961	0	14078
28024	12947	397	202	611	0	14157
28025	13212	412	199	535	0	14358
28026	1136	344	211	12790	0	14481
28027	657	350	12323	938	0	14268
28028	533	416	12483	604	0	14036
28029	500	344	754	12825	0	14423
28030	12835	343	409	999	0	14586
28031	929	374	253	13068	0	14624
28032	13259	390	192	1014	0	14855
28033	1034	367	249	13304	0	14954
28034	675	374	208	13752	0	15009
28035	13417	370	205	1106	0	15098
28036	998	376	12828	607	0	14809
28037	13097	406	661	576	0	14740
28038	1057	351	12933	506	0	14847
28039	668	312	714	13151	0	14845
28040	13360	297	341	986	0	14984
28041	1002	330	13123	635	0	15090
28042	626	374	13287	519	0	14806
28043	13181	379	824	483	0	14867
28044	981	352	13266	506	0	15105
28045	614	13208	778	544	0	15144
28046	595	723	413	13853	0	15584
28047	14485	352	343	1086	0	16266
28048	955	288	14333	699	0	16275
28049	14526	284	782	662	0	16254
28050	15263	273	443	591	0	16570
28051	15240	297	385	599	0	16521
28052	15284	280	351	594	0	16509
28053	1113	374	319	14384	0	16190
28054	718	14289	327	1001	0	16335
28055	14186	747	310	718	0	15961
28056	950	433	12802	571	0	14756
28057	529	10484	544	491	0	12048
28058	9621	439	326	486	0	10872
28059	573	8617	241	387	0	9818
28060	455	8917	203	359	0	9934
28061	579	418	230	8545	0	9772
28062	415	329	235	8748	0	9727
28063	372	258	206	8863	0	9699
28064	8902	294	175	534	0	9905
28065	9293	241	183	403	0	10120
28066	581	203	181	9539	0	10504
28067	442	215	247	10148	0	11052
28068	377	244	10300	597	0	11518
28069	10301	237	365	437	0	11340
28070	10854	300	226	351	0	11731
28071	623	261	210	10622	0	11716
28072	473	272	178	10863	0	11786
28073	413	243	10516	601	0	11773
28074	447	209	425	10611	0	11692
28075	389	235	10841	569	0	12034
28076	406	10796	403	419	0	12024
28077	315	395	11050	434	0	12194
28078	342	321	415	10835	0	11913
28079	343	231	11301	556	0	12431
28080	399	197	10823	387	0	11806
28081	11274	217	471	349	0	12311
28082	521	242	305	11935	0	13003
28083	413	189	11895	566	0	13063
28084	11190	153	460	491	0	12294
28085	563	150	12098	357	0	13168
28086	354	165	12992	376	0	13887
28087	293	13113	592	342	0	14340
28088	277	382	338	13313	0	14310
28089	309	252	13161	527	0	14249
28090	280	182	12768	390	0	13620
28091	249	175	515	13095	0	14034
28092	283	173	315	13182	0	13953
28093	278	13172	294	599	0	14343
28094	341	399	235	13517	0	14492
28095	13727	228	194	609	0	14758
28096	13656	173	257	455	0	14541
28097	14098	177	191	370	0	14836
28098	610	202	205	13681	0	14698
28099	370	13696	213	504	0	14783
28100	13827	415	217	405	0	14864
28101	469	13686	241	345	0	14741
28102	322	13508	208	337	0	14375
28103	268	13802	227	302	0	14599
28104	13888	419	185	369	0	14861
28105	475	262	186	13839	0	14762
28106	347	192	179	13892	0	14610
28107	311	13778	175	562	0	14826
28108	13779	348	177	399	0	14703
28109	511	198	13697	322	0	14728
28110	371	152	373	13846	0	14742
28111	14001	152	263	530	0	14946
28112	498	14329	201	363	0	15391
28113	15120	370	207	333	0	16030
28114	552	207	207	15242	0	16208
28115	348	15390	201	502	0	16441
28116	295	378	15119	346	0	16138
28117	15151	207	400	323	0	16081
28118	549	147	240	15725	0	16661
28119	15925	108	238	502	0	16773
28120	533	113	212	15830	0	16688
28121	377	15540	195	488	0	16600
28122	335	311	15885	328	0	16859
28123	334	175	15903	277	0	16689
28124	349	158	463	15987	0	16957
28125	16260	122	316	471	0	17169
28126	16324	116	230	359	0	17029
28127	557	117	220	16110	0	17004
28128	373	99	223	16219	0	16914
28129	16398	113	210	534	0	17255
28130	536	100	175	16490	0	17301
28131	16513	100	191	519	0	17323
28132	500	16189	192	309	0	17190
28133	16250	311	191	316	0	17068
28134	487	186	16598	254	0	17525
28135	360	153	404	16484	0	17401
28136	320	123	288	16831	0	17562
28137	278	134	242	16923	0	17577
28138	265	16371	225	508	0	17369
28139	281	15257	221	347	0	16106
28140	284	375	180	16615	0	17454
28141	254	213	16273	439	0	17179
28142	287	145	381	16047	0	16860
28143	274	128	247	16399	0	17048
28144	228	15219	218	603	0	16268
28145	15619	351	186	303	0	16459
28146	388	15418	164	280	0	16250
28147	330	15898	157	222	0	16607
28148	247	368	197	15935	0	16747
28149	269	203	170	16070	0	16712
28150	238	159	158	15889	0	16444
28151	236	154	133	16059	0	16582
28152	15848	138	163	529	0	16678
28153	349	15831	158	325	0	16663
28154	16075	334	138	302	0	16849
28155	16529	195	153	283	0	17160
28156	426	143	168	16360	0	17097
28157	258	160	134	16652	0	17204
28158	16511	121	128	515	0	17275
28159	16526	131	126	307	0	17090
28160	424	146	110	16334	0	17014
28161	264	127	100	16470	0	16961
28162	197	135	16193	481	0	17006
28163	213	15763	291	313	0	16580
28164	204	16477	152	272	0	17105
28165	16057	292	129	256	0	16734
28166	337	180	16138	237	0	16892
28167	221	140	14989	222	0	15572
28168	14168	107	293	229	0	14797
28169	15106	92	178	229	0	15605
28170	268	15945	135	180	0	16528
28171	161	16556	105	216	0	17038
28172	188	202	97	16975	0	17462
28173	17402	132	146	314	0	17994
28174	17421	111	110	308	0	17950
28175	17566	124	149	224	0	18063
28176	265	152	91	17319	0	17827
28177	178	134	130	17542	0	17984
28178	175	126	17107	296	0	17704
28179	173	131	15678	195	0	16177
28180	150	117	16886	185	0	17338
28181	181	184	207	16674	0	17246
28182	16441	105	123	295	0	16964
28183	194	111	16835	192	0	17332
28184	184	100	170	16784	0	17238
28185	128	17093	140	212	0	17573
28186	125	162	118	16750	0	17155
28187	134	148	75	16774	0	17131
28188	124	114	17195	282	0	17715
28189	146	93	186	17099	0	17524
28190	18334	83	112	344	0	18873
28191	330	113	18970	213	0	19626
28192	207	105	247	19078	0	19637
28193	161	145	19644	350	0	20300
28194	162	19444	297	246	0	20149
28195	198	305	19655	172	0	20330
28196	234	170	298	18546	0	19248
28197	196	145	127	19936	0	20404
28198	139	139	20226	443	0	20947
28199	168	134	308	19677	0	20287
28200	162	111	163	19529	0	19965
28201	124	19791	129	488	0	20532
28202	129	350	20109	258	0	20846
28203	183	190	313	19878	0	20564
28204	183	123	155	20643	0	21104
28205	120	20503	142	522	0	21287
28206	137	348	113	21014	0	21612
28207	20907	195	111	520	0	21733
28208	419	126	104	21108	0	21757
28209	206	118	21114	479	0	21917
28210	20443	113	351	378	0	21285
28211	22169	96	174	295	0	22734
28212	527	109	22390	224	0	23250
28213	21183	82	408	318	0	21991
28214	493	22290	208	214	0	23205
28215	292	443	146	22970	0	23851
28216	231	196	158	24960	0	25545
28217	212	132	144	24573	0	25061
28218	222	112	95	25314	0	25743
28219	217	94	125	25441	0	25877
28220	24932	97	96	1022	0	26147
28221	598	104	24541	514	0	25757
28222	23261	92	597	429	0	24379
28223	685	121	24196	313	0	25315
28224	399	93	636	24175	0	25303
28225	24366	78	274	818	0	25536
28226	707	100	216	24257	0	25280
28227	326	24449	177	836	0	25788
28228	25323	538	137	574	0	26572
28229	756	268	135	26405	0	27564
28230	372	192	24843	836	0	26243
28231	24348	131	562	555	0	25596
28232	691	26758	292	390	0	28131
28233	383	588	27335	345	0	28651
28234	348	293	682	26855	0	28178
28235	321	204	339	26006	0	26870
28236	206	26796	232	985	0	28219
28237	222	632	26861	581	0	28296
28238	241	316	687	26790	0	28034
28239	198	260	27818	903	0	29179
28240	265	178	749	27467	0	28659
28241	235	164	377	28033	0	28809
28242	173	149	27827	1083	0	29232
28243	263	154	679	27722	0	28818
28244	482	213	506	22731	0	23932
28245	269	150	307	29156	0	29882
28246	290	129	251	29280	0	29950
28247	28057	134	252	1348	0	29791
28248	788	118	27997	772	0	29675
28249	28555	120	806	655	0	30136
28250	962	108	431	30174	0	31675
28251	543	133	346	30731	0	31753
28252	408	134	293	30646	0	31481
28253	318	29925	247	1372	0	31862
28254	30290	734	269	865	0	32158
28255	901	336	208	31573	0	33018
28256	442	31294	286	1198	0	33220
28257	393	774	247	32203	0	33617
28258	31947	333	267	1329	0	33876
28259	32107	223	260	888	0	33478
28260	31909	228	281	723	0	33141
28261	1176	31517	315	575	0	33583
28262	614	836	31739	602	0	33791
28263	30866	381	915	667	0	32829
28264	32580	298	424	680	0	33982
28265	1117	32421	371	624	0	34533
28266	32482	839	284	662	0	34267
28267	32016	385	272	720	0	33393
28268	32825	289	266	671	0	34051
28269	1330	33242	266	614	0	35452
28270	789	872	293	33204	0	35158
28271	33295	403	311	1247	0	35256
28272	34119	303	295	839	0	35556
28273	33395	277	239	763	0	34674
28274	33909	263	256	701	0	35129
28275	1577	219	245	33140	0	35181
28276	862	245	32697	1298	0	35102
28277	725	239	949	32692	0	34605
28278	576	33055	475	1377	0	35483
28279	607	871	366	34430	0	36274
28280	575	442	34267	1429	0	36713
28281	33963	318	1005	933	0	36219
28282	1362	290	511	35095	0	37258
28283	34851	261	402	1476	0	36990
28284	35306	283	360	1013	0	36962
28285	1584	260	323	35315	0	37482
28286	921	288	35096	1464	0	37769
28287	825	309	32985	907	0	35026
28288	31955	248	1259	853	0	34315
28289	1343	33115	658	792	0	35908
28290	848	32783	470	688	0	34789
28291	720	32436	417	700	0	34273
28292	651	33573	402	723	0	35349
28293	32505	1137	424	710	0	34776
28294	32869	597	337	743	0	34546
28295	32725	430	377	719	0	34251
28296	32851	344	294	785	0	34274
28297	1471	345	322	31761	0	33899
28298	932	31329	346	1172	0	33779
28299	31546	867	329	887	0	33629
28300	1302	541	31073	710	0	33626
28301	858	31118	853	694	0	33523
28302	820	878	31324	636	0	33658
28303	30514	522	926	753	0	32715
28304	31748	410	508	743	0	33409
28305	31719	406	382	690	0	33197
28306	1503	373	361	31395	0	33632
28307	1073	356	31154	1140	0	33723
28308	873	30872	860	855	0	33460
28309	30530	818	565	791	0	32704
28310	1304	30105	444	750	0	32603
28311	974	29495	382	635	0	31486
28312	834	29125	370	658	0	30987
28313	789	29277	376	642	0	31084
28314	710	1003	27545	695	0	29953
28315	720	28099	766	701	0	30286
28316	26261	776	449	726	0	28212
28317	1010	476	364	26174	0	28024
28318	792	400	340	26533	0	28065
28319	26148	384	342	1148	0	28022
28320	1042	25732	381	667	0	27822
28321	770	692	26114	585	0	28161
28322	841	486	653	25842	0	27822
28323	739	429	484	26595	0	28247
28324	693	453	330	26939	0	28415
28325	723	445	26333	978	0	28479
28326	640	417	25717	1045	0	27819
28327	731	504	696	26093	0	28024
28328	773	410	25968	862	0	28013
28329	640	431	24001	713	0	25785
28330	21390	379	774	720	0	23263
28331	926	23857	483	623	0	25889
28332	676	23424	374	531	0	25005
28333	640	23715	455	551	0	25361
28334	700	720	341	23199	0	24960
28335	609	24088	337	896	0	25930
28336	24434	757	344	693	0	26228
28337	899	463	24464	555	0	26381
28338	24551	398	635	677	0	26261
28339	1019	393	484	25012	0	26908
28340	759	387	359	25350	0	26855
28341	623	25976	331	1053	0	27983
28342	26044	784	394	702	0	27924
28343	26305	477	363	661	0	27806
28344	1239	27621	269	588	0	29717
28345	898	925	263	27263	0	29349
28346	731	561	27405	1068	0	29765
28347	808	461	27389	599	0	29257
28348	674	28192	1046	497	0	30409
28349	27984	993	468	513	0	29958
28350	1237	612	27543	524	0	29916
28351	908	466	819	27110	0	29303
28352	28004	439	410	1100	0	29953
28353	28895	507	304	612	0	30318
28354	1574	32939	328	439	0	35280
28355	919	34977	337	490	0	36723
28356	34812	1630	330	450	0	37222
28357	1635	790	34425	448	0	37298
28358	34641	568	1271	417	0	36897
28359	35884	473	582	379	0	37318
28360	2123	464	436	34388	0	37411
28361	1073	603	35223	1283	0	38182
28362	873	460	35321	588	0	37242
28363	34103	418	1583	504	0	36608
28364	1883	479	35220	365	0	37947
28365	33767	540	1454	420	0	36181
28366	35147	395	690	495	0	36727
28367	2030	34322	512	380	0	37244
28368	1223	1369	34108	373	0	37073
28369	866	33876	1409	388	0	36539
28370	33300	1509	695	538	0	36042
28371	1758	752	33112	372	0	35994
28372	1228	556	1429	31414	0	34627
28373	898	486	32890	1284	0	35558
28374	888	413	33090	590	0	34981
28375	771	448	33191	552	0	34962
28376	744	446	33138	408	0	34736
28377	631	31447	1873	491	0	34442
28378	702	1494	31593	349	0	34138
28379	695	31042	1599	425	0	33761
28380	638	1471	30902	314	0	33325
28381	29977	739	1670	339	0	32725
28382	1693	594	841	27244	0	30372
28383	1001	30441	728	1008	0	33178
28384	30082	1408	667	527	0	32684
28385	30508	755	651	510	0	32424
28386	28393	670	756	397	0	30216
28387	30170	591	785	321	0	31867
28388	1936	29510	637	301	0	32384
28389	27980	1539	552	420	0	30491
28390	29985	855	612	360	0	31812
28391	1825	28934	607	292	0	31658
28392	1043	1609	27748	287	0	30687
28393	1033	807	1449	26481	0	29770
28394	892	28525	853	1108	0	31378
28395	824	1489	28695	497	0	31505
28396	890	796	29084	364	0	31134
28397	794	28085	1836	366	0	31081
28398	788	29169	1014	298	0	31269
28399	839	30142	799	304	0	32084
28400	800	30122	794	276	0	31992
28401	29334	2036	703	349	0	32422
28402	30275	1043	725	393	0	32436
28403	2124	827	30005	350	0	33306
28404	1233	680	30804	323	0	33040
28405	1032	708	1993	29201	0	32934
28406	876	758	1115	30211	0	32960
28407	877	746	957	30915	0	33495
28408	30119	832	816	1752	0	33519
28409	1832	30171	788	762	0	33553
28410	1083	31834	779	510	0	34206
28411	939	33123	781	393	0	35236
28412	31488	2203	838	441	0	34970
28413	32696	1189	820	447	0	35152
28414	2332	854	871	31380	0	35437
28415	32518	761	901	1574	0	35754
28416	33421	745	820	773	0	35759
28417	2509	772	788	32154	0	36223
28418	32756	732	840	1771	0	36099
28419	2274	32095	904	767	0	36040
28420	1463	1914	907	31647	0	35931
28421	1227	1085	32056	1576	0	35944
28422	1072	31789	2106	857	0	35824
28423	1190	1965	32243	656	0	36054
28424	1238	1091	2236	29453	0	34018
28425	1125	32252	1426	1511	0	36314
28426	1207	1963	1277	31665	0	36112
28427	1218	1218	1066	32899	0	36401
28428	1206	1035	32342	2015	0	36598
28429	1121	952	34024	1006	0	37103
28430	1162	941	2559	32868	0	37530
28431	1195	1006	1535	31631	0	35367
28432	1111	33582	1351	1928	0	37972
28433	32074	2182	1211	1051	0	36518
28434	2276	32885	1127	821	0	37109
28435	1434	34179	1081	734	0	37428
28436	1207	2542	32035	735	0	36519
28437	1023	32315	2307	706	0	36351
28438	1199	2263	1494	29003	0	33959
28439	1059	31653	1214	1773	0	35699
28440	1050	2230	1139	29931	0	34350
28441	1008	31084	1105	1799	0	34996
28442	30375	2289	1052	1038	0	34754
28443	2271	30930	1061	834	0	35096
28444	1348	2333	1011	26694	0	31386
28445	1181	28932	1018	1562	0	32693
28446	28541	2085	1147	900	0	32673
28447	28634	1448	986	778	0	31846
28448	2266	28262	885	676	0	32089
28449	27809	2061	785	626	0	31281
28450	2144	1473	954	25993	0	30564
28451	1374	1244	26289	1698	0	30605
28452	1451	1118	26670	892	0	30131
28453	1295	26418	1926	842	0	30481
28454	20912	1900	1110	627	0	24549
28455	20668	1429	880	618	0	23595
28456	1910	992	20020	638	0	23560
28457	1170	889	20146	590	0	22795
28458	19491	837	1496	576	0	22400
28459	20342	882	1014	671	0	22909
28460	1495	869	19282	1030	0	22676
28461	18038	922	1698	616	0	21274
28462	1421	18371	1374	568	0	21734
28463	1423	19386	947	553	0	22309
28464	1016	1508	1206	18309	0	22039
28465	1386	1087	836	18757	0	22066
28466	19345	958	772	1150	0	22225
28467	18940	1300	821	797	0	21858
28468	18925	986	1232	674	0	21817
28469	1422	1308	835	18408	0	21973
28470	1412	945	837	18511	0	21705
28471	932	17764	1180	1202	0	21078
28472	803	18264	842	1197	0	21106
28473	771	19181	1195	731	0	21878
28474	778	1593	1231	17607	0	21209
28475	843	18723	1216	964	0	21746
28476	827	1481	18363	701	0	21372
28477	17096	1474	1073	749	0	20392
28478	1278	1104	18467	644	0	21493
28479	1051	1421	17963	636	0	21071
28480	17642	1015	1452	694	0	20803
28481	1677	18456	746	671	0	21550
28482	18579	1438	562	876	0	21455
28483	18920	1500	526	688	0	21634
28484	1844	1096	17971	683	0	21594
28485	1500	946	18376	630	0	21452
28486	1204	18984	1117	669	0	21974
28487	1174	1454	18981	630	0	22239
28488	1007	1317	1093	18849	0	22266
28489	1118	1113	763	16357	0	19351
28490	985	19093	718	1227	0	22023
28491	840	20271	679	819	0	22609
28492	19541	1648	811	743	0	22743
28493	20315	1238	676	846	0	23075
28494	1441	1238	671	20007	0	23357
28495	1036	1065	823	20544	0	23468
28496	20066	990	818	1296	0	23170
28497	20331	1162	567	942	0	23002
28498	1387	20734	581	851	0	23553
28499	19653	1537	602	730	0	22522
28500	1381	19072	544	750	0	21747
28501	1162	19827	568	731	0	22288
28502	19730	1324	535	841	0	22430
28503	19550	1066	725	790	0	22131
28504	1352	902	653	19305	0	22212
28505	19329	885	452	1354	0	22020
28506	1303	904	18571	1051	0	21829
28507	1027	19251	786	973	0	22037
28508	19191	1219	518	791	0	21719
28509	1202	1147	18873	736	0	21958
28510	938	1147	794	17472	0	20351
28511	947	17978	577	915	0	20417
28512	1045	18430	508	737	0	20720
28513	18505	1099	495	718	0	20817
28514	1091	899	17522	860	0	20372
28515	17364	835	780	654	0	19633
28516	1280	719	602	17455	0	20056
28517	822	813	17235	1039	0	19909
28518	16843	786	837	752	0	19218
28519	860	18159	603	681	0	20303
28520	629	18909	570	779	0	20887
28521	18698	1106	779	630	0	21213
28522	18757	1059	524	695	0	21035
28523	19278	816	624	708	0	21426
28524	991	798	423	18988	0	21200
28525	829	904	425	19153	0	21311
28526	702	714	18693	1033	0	21142
28527	634	693	18055	877	0	20259
28528	609	18718	917	621	0	20865
28529	622	857	682	17766	0	19927
28530	17577	750	367	800	0	19494
28531	702	17637	342	618	0	19299
28532	680	1044	295	17510	0	19529
28533	17798	829	299	526	0	19452
28534	687	17797	366	416	0	19266
28535	623	18680	343	367	0	20013
28536	579	829	17441	375	0	19224
28537	17318	815	449	397	0	18979
28538	18226	569	327	535	0	19657
28539	745	678	17541	389	0	19353
28540	16498	550	418	500	0	17966
28541	744	655	17426	296	0	19121
28542	754	17380	413	298	0	18845
28543	596	736	341	17075	0	18748
28544	17188	485	299	529	0	18501
28545	645	17047	286	309	0	18287
28546	748	17035	265	250	0	18298
28547	17000	489	302	237	0	18028
28548	582	545	17306	246	0	18679
28549	16852	324	425	309	0	17910
28550	523	17579	362	388	0	18852
28551	447	405	17074	211	0	18137
28552	16523	356	508	236	0	17623
28553	17470	454	292	214	0	18430
28554	668	303	256	17042	0	18269
28555	602	288	254	17263	0	18407
28556	434	17342	358	302	0	18436
28557	443	320	17412	256	0	18431
28558	581	296	314	17097	0	18288
28559	522	285	18209	327	0	19343
28560	408	313	18153	252	0	19126
28561	471	335	385	18855	0	20046
28562	350	431	19404	404	0	20589
28563	369	433	18897	290	0	19989
28564	364	306	433	18735	0	19838
28565	371	295	19255	549	0	20470
28566	17766	257	398	390	0	18811
28567	643	18754	283	252	0	19932
28568	510	465	19405	246	0	20626
28569	360	390	20213	313	0	21276
28570	379	322	480	19598	0	20779
28571	21247	352	321	431	0	22351
28572	21337	345	271	280	0	22233
28573	21208	337	229	273	0	22047
28574	21366	244	242	296	0	22148
28575	630	312	258	20757	0	21957
28576	436	243	21045	356	0	22080
28577	20780	243	446	290	0	21759
28578	21348	267	342	243	0	22200
28579	21511	248	304	216	0	22279
28580	699	259	20692	199	0	21849
28581	19943	314	394	221	0	20872
28582	660	242	295	21456	0	22653
28583	485	21763	254	394	0	22896
28584	424	405	305	21357	0	22491
28585	352	21687	290	405	0	22734
28586	21636	526	212	326	0	22700
28587	533	274	21957	271	0	23035
28588	453	245	412	21204	0	22314
28589	347	21571	257	474	0	22649
28590	341	22320	211	251	0	23123
28591	22242	575	184	264	0	23265
28592	22145	317	177	232	0	22871
28593	718	252	21137	193	0	22300
28594	21177	194	447	283	0	22101
28595	676	190	240	21459	0	22565
28596	488	222	22021	422	0	23153
28597	454	255	21643	203	0	22555
28598	411	270	507	22110	0	23298
28599	23583	208	317	515	0	24623
28600	706	223	254	23271	0	24454
28601	457	212	244	23310	0	24223
28602	446	167	215	23427	0	24255
28603	362	23361	239	706	0	24668
28604	356	492	230	23773	0	24851
28605	23199	256	248	677	0	24380
28606	617	23309	289	312	0	24527
28607	423	584	186	23674	0	24867
28608	23515	294	199	661	0	24669
28609	613	23013	251	347	0	24224
28610	363	23580	199	308	0	24450
28611	364	731	162	23482	0	24739
28612	23076	357	185	680	0	24298
28613	726	225	22828	320	0	24099
28614	411	200	22331	265	0	23207
28615	22546	186	689	290	0	23711
28616	23848	173	363	311	0	24695
28617	846	23938	304	210	0	25298
28618	541	635	225	23235	0	24636
28619	372	338	23505	638	0	24853
28620	316	271	23013	350	0	23950
28621	309	168	24616	304	0	25397
28622	312	23881	943	279	0	25415
28623	293	24746	484	274	0	25797
28624	24379	851	320	337	0	25887
28625	794	431	24484	266	0	25975
28626	23853	288	840	332	0	25313
28627	24849	210	456	304	0	25819
28628	1000	263	24818	233	0	26314
28629	543	25264	824	283	0	26914
28630	553	767	427	24622	0	26369
28631	367	436	25889	772	0	27464
28632	356	312	24770	421	0	25859
28633	23833	237	1014	376	0	25460
28634	911	25332	505	270	0	27018
28635	604	827	376	24322	0	26129
28636	451	425	375	24579	0	25830
28637	369	24379	339	1002	0	26089
28638	380	25069	350	521	0	26320
28639	352	25851	381	357	0	26941
28640	403	1096	353	25989	0	27841
28641	26752	555	290	988	0	28585
28642	1124	417	281	27091	0	28913
28643	554	318	26905	1151	0	28928
28644	444	318	26950	577	0	28289
28645	430	324	1274	27130	0	29158
28646	370	365	27529	1067	0	29331
28647	338	27508	1215	588	0	29649
28648	416	1074	633	28314	0	30437
28649	29522	515	427	1316	0	31780
28650	29883	393	413	711	0	31400
28651	1534	29977	431	524	0	32466
28652	30202	1288	381	513	0	32384
28653	31077	648	394	487	0	32606
28654	31365	458	430	481	0	32734
28655	1842	419	27764	439	0	30464
28656	28959	397	1250	493	0	31099
28657	1615	29258	682	431	0	31986
28658	869	1318	29508	388	0	32083
28659	653	636	29566	444	0	31299
28660	600	28841	1640	458	0	31539
28661	28511	1337	814	487	0	31149
28662	1543	681	613	27364	0	30201
28663	875	27797	541	1247	0	30460
28664	28280	1349	455	752	0	30836
28665	1611	697	487	28259	0	31054
28666	28721	540	440	1486	0	31187
28667	1753	505	425	28763	0	31446
28668	980	460	28153	1476	0	31069
28669	767	479	27909	802	0	29957
28670	712	494	28090	617	0	29913
28671	811	485	1792	26413	0	29501
28672	786	513	919	28115	0	30333
28673	750	477	27527	1751	0	30505
28674	787	27264	1550	910	0	30511
28675	27846	1393	881	751	0	30871
28676	28269	774	735	639	0	30417
28677	2019	28180	690	548	0	31437
28678	1224	1592	630	28391	0	31837
28679	904	858	29156	1593	0	32511
28680	28442	625	1729	964	0	31760
28681	1873	610	29487	721	0	32691
28682	1109	594	28295	642	0	30640
28683	942	589	29180	553	0	31264
28684	27440	576	2144	622	0	30782
28685	1932	627	28288	558	0	31405
28686	1229	26619	1871	565	0	30284
28687	925	28476	1200	606	0	31207
28688	1053	1858	885	26754	0	30550
28689	946	1004	844	27896	0	30690
28690	836	783	27372	1866	0	30857
28691	26273	636	1811	1087	0	29807
28692	28234	620	1194	813	0	30861
28693	2198	632	1031	27267	0	31128
28694	27635	593	948	1721	0	30897
28695	1940	27148	896	1042	0	31026
28696	27107	1629	818	846	0	30400
28697	1932	25916	848	933	0	29629
28698	1172	26899	799	781	0	29651
28699	25694	1925	760	780	0	29159
28700	25901	1048	773	809	0	28531
28701	26856	754	833	776	0	29219
28702	27277	700	852	726	0	29555
28703	2289	750	24901	705	0	28645
28704	25299	676	1760	694	0	28429
28705	2189	643	1121	24121	0	28074
28706	1300	24849	961	1471	0	28581
28707	25014	1563	887	971	0	28435
28708	2057	24913	866	732	0	28568
28709	25343	1705	868	655	0	28571
28710	2111	1082	858	24393	0	28444
28711	1505	864	841	25382	0	28592
28712	1264	870	23891	1784	0	27809
28713	1240	683	24700	1073	0	27696
28714	1151	24486	2041	856	0	28534
28715	24197	1592	1293	708	0	27790
28716	2114	23688	1017	648	0	27467
28717	1378	23619	983	678	0	26658
28718	1214	24754	920	745	0	27633
28719	1174	1932	23435	653	0	27194
28720	1118	23863	1729	713	0	27423
28721	22244	1709	1197	700	0	25850
28722	22681	1184	947	655	0	25467
28723	2144	923	821	21245	0	25133
28724	1521	20947	830	1403	0	24701
28725	1244	21954	906	966	0	25070
28726	1345	1710	817	21291	0	25163
28727	1279	1188	21437	1397	0	25301
28728	1171	21099	1608	877	0	24755
28729	1171	1724	957	20477	0	24329
28730	20089	1112	858	1551	0	23610
28731	20699	918	881	955	0	23453
28732	1987	20421	887	770	0	24065
28733	21010	1618	797	717	0	24142
28734	21458	1167	770	719	0	24114
28735	2109	978	746	20143	0	23976
28736	1446	914	19932	1458	0	23750
28737	1257	20086	1496	971	0	23810
28738	1181	1717	999	19746	0	23643
28739	1249	1098	19741	1392	0	23480
28740	1183	19246	1471	978	0	22878
28741	18488	1443	957	781	0	21669
28742	18857	943	849	824	0	21473
28743	1927	800	901	17721	0	21349
28744	1339	18008	917	1169	0	21433
28745	1219	1357	17867	874	0	21317
28746	1185	1044	1346	17525	0	21100
28747	1212	977	18068	1169	0	21426
28748	1075	16568	1276	869	0	19788
28749	1250	1161	889	14562	0	17862
28750	14762	916	760	872	0	17310
28751	1341	14386	723	662	0	17112
28752	14509	996	673	674	0	16852
28753	14431	845	664	598	0	16538
28754	1440	14144	684	615	0	16883
28755	1140	1052	709	14008	0	16909
28756	1051	914	677	14103	0	16745
28757	943	13789	699	958	0	16389
28758	869	14194	789	757	0	16609
28759	854	1110	758	13324	0	16046
28760	884	13850	664	884	0	16282
28761	14004	1028	599	718	0	16349
28762	13867	785	611	720	0	15983
28763	1280	815	13215	612	0	15922
28764	1072	756	12876	569	0	15273
28765	12939	722	854	720	0	15235
28766	13609	668	715	621	0	15613
28767	1086	13657	665	651	0	16059
28768	13708	925	774	559	0	15966
28769	13637	781	711	557	0	15686
28770	1134	13213	692	612	0	15651
28771	13622	891	576	696	0	15785
28772	1089	797	602	14815	0	17303
28773	972	783	625	15269	0	17649
28774	934	790	15969	839	0	18532
28775	926	15579	834	560	0	17899
28776	901	16301	541	534	0	18277
28777	15134	1205	589	554	0	17482
28778	15172	710	523	635	0	17040
28779	14862	658	640	498	0	16658
28780	15685	597	548	452	0	17282
28781	1161	596	14535	426	0	16718
28782	891	617	15047	400	0	16955
28783	834	15334	856	390	0	17414
28784	917	953	450	14940	0	17260
28785	804	772	472	14767	0	16815
28786	740	15689	321	730	0	17480
28787	748	1085	297	15125	0	17255
28788	15180	665	380	926	0	17151
28789	1117	15252	344	555	0	17268
28790	870	906	15200	457	0	17433
28791	958	15710	585	438	0	17691
28792	15884	928	373	478	0	17663
28793	1033	752	15219	521	0	17525
28794	15372	686	672	409	0	17139
28795	15895	846	338	407	0	17486
28796	1134	691	15221	389	0	17435
28797	797	750	15057	327	0	16931
28798	742	754	14958	380	0	16834
28799	14469	571	720	378	0	16138
28800	1124	522	15088	348	0	17082
28801	807	15022	702	381	0	16912
28802	15184	789	482	357	0	16812
28803	876	600	14959	364	0	16799
28804	14251	573	704	441	0	15969
28805	872	611	14745	434	0	16662
28806	629	682	15162	322	0	16795
28807	622	15619	765	331	0	17337
28808	607	928	15591	326	0	17452
28809	647	575	15416	336	0	16974
28810	518	14020	815	456	0	15809
28811	15102	800	564	389	0	16855
28812	771	591	15525	284	0	17171
28813	597	540	808	14102	0	16047
28814	504	15712	469	494	0	17179
28815	15701	831	409	362	0	17303
28816	15432	676	427	359	0	16894
28817	761	625	15591	311	0	17288
28818	552	15118	683	281	0	16634
28819	517	15749	533	287	0	17086
28820	563	850	399	14924	0	16736
28821	607	14568	352	528	0	16055
28822	680	782	319	13806	0	15587
28823	524	495	385	15447	0	16851
28824	479	15640	360	656	0	17135
28825	446	836	392	15228	0	16902
28826	411	15509	401	704	0	17025
28827	430	776	15221	391	0	16818
28828	445	604	615	14912	0	16576
28829	493	423	403	15160	0	16479
28830	502	15060	353	652	0	16567
28831	499	15733	304	421	0	16957
28832	489	829	336	14597	0	16251
28833	488	15290	307	620	0	16705
28834	14949	787	359	448	0	16543
28835	717	498	358	15029	0	16602
28836	424	15193	408	688	0	16713
28837	14806	819	362	416	0	16403
28838	645	14922	381	381	0	16329
28839	411	784	14664	343	0	16202
28840	469	533	612	14469	0	16083
28841	14821	473	392	595	0	16281
28842	731	432	14879	404	0	16446
28843	487	399	619	14223	0	15728
28844	427	14819	392	559	0	16197
28845	395	709	14431	339	0	15874
28846	357	14884	664	384	0	16289
28847	13841	743	459	328	0	15371
28848	14631	482	399	301	0	15813
28849	713	14563	348	332	0	15956
28850	14563	715	335	291	0	15904
28851	714	496	14190	261	0	15661
28852	539	460	617	13819	0	15435
28853	447	407	469	13736	0	15059
28854	409	14339	401	590	0	15739
28855	15047	707	332	388	0	16474
28856	15585	476	340	355	0	16756
28857	737	469	15226	246	0	16678
28858	15302	462	622	233	0	16619
28859	15853	329	401	287	0	16870
28860	15930	387	371	281	0	16969
28861	843	366	357	15171	0	16737
28862	556	350	375	15208	0	16489
28863	412	15373	380	569	0	16734
28864	15051	607	363	345	0	16366
28865	15150	414	325	317	0	16206
28866	782	14939	295	249	0	16265
28867	537	647	283	14329	0	15796
28868	449	14335	262	500	0	15546
28869	400	15192	322	274	0	16188
28870	14708	642	326	336	0	16012
28871	689	413	14325	293	0	15720
28872	364	300	12800	258	0	13722
28873	339	12641	455	292	0	13727
28874	11422	446	342	201	0	12411
28875	419	326	11390	145	0	12280
28876	328	10666	344	153	0	11491
28877	10591	345	229	161	0	11326
28878	416	231	10397	133	0	11177
28879	332	241	282	9973	0	10828
28880	10898	221	216	295	0	11630
28881	337	233	11067	178	0	11815
28882	238	239	11372	189	0	12038
28883	247	296	11534	176	0	12253
28884	201	244	11581	215	0	12241
28885	11126	221	346	261	0	11954
28886	12054	304	225	188	0	12771
28887	361	12194	210	221	0	12986
28888	327	367	187	12458	0	13339
28889	265	299	187	12786	0	13537
28890	229	12589	256	304	0	13378
28891	195	466	226	12656	0	13543
28892	282	12980	189	350	0	13801
28893	206	13399	266	177	0	14048
28894	271	432	207	13121	0	14031
28895	281	268	13260	346	0	14155
28896	182	13399	470	180	0	14231
28897	220	402	323	13501	0	14446
28898	13580	249	302	403	0	14534
28899	461	244	13357	210	0	14272
28900	13030	232	470	185	0	13917
28901	13583	266	235	194	0	14278
28902	541	255	203	13695	0	14694
28903	293	217	14333	393	0	15236
28904	297	205	14225	231	0	14958
28905	205	15091	614	161	0	16071
28906	227	499	373	14591	0	15690
28907	164	372	14928	457	0	15921
28908	179	279	14654	248	0	15360
28909	153	15064	656	224	0	16097
28910	14973	609	278	202	0	16062
28911	15401	298	227	190	0	16116
28912	630	245	260	15954	0	17089
28913	345	246	16577	594	0	17762
28914	263	283	16463	312	0	17321
28915	283	17204	699	250	0	18436
28916	268	626	17428	192	0	18514
28917	199	361	17362	204	0	18126
28918	225	363	738	16363	0	17689
28919	181	321	17404	601	0	18507
28920	16588	224	644	415	0	17871
28921	599	288	329	17731	0	18947
28922	324	228	18069	687	0	19308
28923	240	18164	613	418	0	19435
28924	223	686	343	18344	0	19596
28925	208	366	18629	680	0	19883
28926	178	18890	682	351	0	20101
28927	233	665	443	18449	0	19790
28928	208	19294	317	658	0	20477
28929	246	733	259	19404	0	20642
28930	256	425	239	19510	0	20430
28931	193	353	19217	836	0	20599
28932	226	19372	698	472	0	20768
28933	225	728	391	19426	0	20770
28934	281	374	340	19640	0	20635
28935	245	340	278	20025	0	20888
28936	206	302	19329	914	0	20751
28937	221	19141	757	481	0	20600
28938	206	726	442	19387	0	20761
28939	196	388	19394	754	0	20732
28940	182	19220	779	486	0	20667
28941	273	699	444	19425	0	20841
28942	226	398	19704	763	0	21091
28943	176	19616	789	481	0	21062
28944	205	765	434	19418	0	20822
28945	194	440	373	20262	0	21269
28946	180	362	20362	881	0	21785
28947	18388	324	741	607	0	20060
28948	648	20191	424	445	0	21708
28949	20357	724	378	420	0	21879
28950	718	422	20361	346	0	21847
28951	20200	331	793	365	0	21689
28952	746	296	450	20632	0	22124
28953	386	262	372	21447	0	22467
28954	311	286	20850	937	0	22384
28955	18848	285	785	592	0	20510
28956	19781	268	452	501	0	21002
28957	787	19540	410	407	0	21144
28958	446	20571	351	384	0	21752
28959	20365	852	319	400	0	21936
28960	732	482	20464	395	0	22073
28961	396	21383	788	396	0	22963
28962	327	763	464	21786	0	23340
28963	299	441	413	22545	0	23698
28964	242	373	22107	945	0	23667
28965	20874	316	828	609	0	22627
28966	752	319	22611	425	0	24107
28967	21955	318	948	424	0	23645
28968	870	297	23623	328	0	25118
28969	438	23702	1005	333	0	25478
28970	24016	826	579	387	0	25808
28971	24313	441	477	421	0	25652
28972	24108	350	450	410	0	25318
28973	24493	302	417	388	0	25600
28974	1133	293	390	23993	0	25809
28975	596	273	23982	902	0	25753
28976	452	321	903	23455	0	25131
28977	353	23799	606	954	0	25712
28978	395	808	532	24258	0	25993
28979	327	482	24146	963	0	25918
28980	376	348	23912	569	0	25205
28981	363	336	1101	23337	0	25137
28982	23092	275	682	971	0	25020
28983	22731	268	536	623	0	24158
28984	23099	325	468	493	0	24385
28985	1068	273	23128	477	0	24946
28986	615	296	22699	455	0	24065
28987	392	22582	1100	438	0	24512
28988	345	23483	616	489	0	24933
28989	22546	902	550	489	0	24487
28990	22815	543	475	441	0	24274
28991	893	23531	402	458	0	25284
28992	23179	805	428	467	0	24879
28993	23313	512	419	462	0	24706
28994	917	23244	459	493	0	25113
28995	23734	739	504	438	0	25415
28996	23614	522	443	434	0	25013
28997	976	23704	431	452	0	25563
28998	23947	712	467	434	0	25560
28999	23885	462	536	424	0	25307
29000	1058	362	23788	403	0	25611
29001	720	365	23204	380	0	24669
29002	507	23053	908	459	0	24927
29003	427	23645	700	414	0	25186
29004	23334	753	679	411	0	25177
29005	22649	578	457	420	0	24104
29006	22491	404	421	495	0	23811
29007	855	22503	547	329	0	24234
29008	580	643	493	22768	0	24484
29009	496	502	22784	651	0	24433
29010	585	435	715	21864	0	23599
29011	515	22690	521	675	0	24401
29012	22257	543	429	608	0	23837
29013	585	21747	556	398	0	23286
29014	470	593	531	21811	0	23405
29015	22583	491	419	644	0	24137
29016	22541	345	536	449	0	23871
29017	734	315	22752	378	0	24179
29018	22239	343	639	571	0	23792
29019	23966	301	573	405	0	25245
29020	24399	320	362	408	0	25489
29021	902	327	364	23336	0	24929
29022	538	23437	440	647	0	25062
29023	497	791	305	24001	0	25594
29024	442	438	24215	846	0	25941
29025	410	24288	794	528	0	26020
29026	420	828	401	23996	0	25645
29027	372	492	24071	829	0	25764
29028	384	23957	676	508	0	25525
29029	485	691	448	23138	0	24762
29030	420	419	23798	843	0	25480
29031	20701	381	839	576	0	22497
29032	726	477	24114	403	0	25720
29033	518	349	23895	501	0	25263
29034	451	24115	785	537	0	25888
29035	517	645	493	24278	0	25933
29036	477	430	543	23774	0	25224
29037	435	23758	402	743	0	25338
29038	440	732	392	24919	0	26483
29039	24920	477	452	813	0	26662
29040	24917	507	367	533	0	26324
29041	959	359	23936	488	0	25742
29042	24265	352	794	382	0	25793
29043	25204	442	457	437	0	26540
29044	1030	308	25091	454	0	26883
29045	687	24864	755	450	0	26756
29046	586	25227	596	325	0	26734
29047	768	867	403	22674	0	24712
29048	565	24926	374	566	0	26431
29049	649	817	22961	376	0	24803
29050	586	484	23784	297	0	25151
29051	681	24554	853	312	0	26400
29052	24450	733	488	481	0	26152
29053	25107	470	390	481	0	26448
29054	25343	382	491	326	0	26542
29055	25465	354	336	325	0	26480
29056	23854	434	320	299	0	24907
29057	1098	24376	328	238	0	26040
29058	725	894	24051	218	0	25888
29059	737	526	744	23527	0	25534
29060	23478	378	589	758	0	25203
29061	913	23015	435	416	0	24779
29062	697	768	346	22610	0	24421
29063	573	425	22618	780	0	24396
29064	558	21613	878	417	0	23466
29065	616	22525	523	249	0	23913
29066	21408	851	528	325	0	23112
29067	957	21171	375	276	0	22779
29068	705	700	381	20311	0	22097
29069	20514	568	301	575	0	21958
29070	20596	347	258	375	0	21576
29071	20738	312	274	289	0	21613
29072	1090	301	19723	240	0	21354
29073	707	20012	586	272	0	21577
29074	20523	630	400	376	0	21929
29075	784	442	389	20143	0	21758
29076	20519	390	274	727	0	21910
29077	825	20516	261	354	0	21956
29078	21354	683	277	408	0	22722
29079	23048	426	412	290	0	24176
29080	1113	330	403	22439	0	24285
29081	716	358	23538	774	0	25386
29082	727	313	732	23795	0	25567
29083	24110	303	411	812	0	25636
29084	24474	297	306	451	0	25528
29085	1207	23553	397	261	0	25418
29086	23123	843	344	255	0	24565
29087	1072	23276	256	210	0	24814
29088	23441	1003	221	262	0	24927
29089	23003	572	222	266	0	24063
29090	1283	441	22671	226	0	24621
29091	780	22661	723	229	0	24393
29092	726	895	401	22601	0	24623
29093	640	539	298	23197	0	24674
29094	559	477	286	22395	0	23717
29095	516	22577	263	1022	0	24378
29096	519	881	22372	555	0	24327
29097	517	591	23140	343	0	24591
29098	509	27090	1035	307	0	28941
29099	27058	1202	562	313	0	29135
29100	1266	638	27035	273	0	29212
29101	26364	503	1229	305	0	28401
29102	1418	26802	584	265	0	29069
29103	836	1267	27131	268	0	29502
29104	784	679	1158	26432	0	29053
29105	576	495	27605	1172	0	29848
29106	484	444	28394	600	0	29922
29107	610	426	1460	25471	0	27967
29108	474	26585	817	1107	0	28983
29109	488	28202	610	553	0	29853
29110	27587	1515	433	484	0	30019
29111	1321	877	27371	311	0	29880
29112	27494	593	1212	366	0	29665
29113	28351	464	673	383	0	29871
29114	1654	27923	563	310	0	30450
29115	27350	1239	404	312	0	29305
29116	27614	730	352	294	0	28990
29117	26772	546	390	369	0	28077
29118	1836	25324	386	284	0	27830
29119	1023	23972	402	302	0	25699
29120	784	25598	398	287	0	27067
29121	25130	1499	395	324	0	27348
29122	25476	915	318	310	0	27019
29123	1549	627	23842	310	0	26328
29124	969	481	23886	273	0	25609
29125	24333	495	1278	294	0	26400
29126	25134	438	730	321	0	26623
29127	25413	499	573	297	0	26782
29128	1680	480	461	23976	0	26597
29129	1106	389	420	24704	0	26619
29130	923	413	401	25113	0	26850
29131	806	466	385	25336	0	26993
29132	613	476	23267	1387	0	25743
29133	603	523	24096	724	0	25946
29134	668	474	24233	494	0	25869
29135	687	418	24037	400	0	25542
29136	23685	393	1439	393	0	25910
29137	1260	24010	858	326	0	26454
29138	890	25201	599	319	0	27009
29139	24934	1310	430	373	0	27047
29140	1524	822	24399	309	0	27054
29141	943	657	24222	312	0	26134
29142	23862	555	1357	371	0	26145
29143	24872	460	858	374	0	26564
29144	1544	24398	683	324	0	26949
29145	1121	1171	510	24229	0	27031
29146	25119	743	497	927	0	27286
29147	25783	652	479	560	0	27474
29148	1654	566	457	24721	0	27398
29149	1142	25759	485	952	0	28338
29150	26327	1141	452	588	0	28508
29151	1529	775	25417	472	0	28193
29152	25282	637	1095	426	0	27440
29153	1565	25543	702	385	0	28195
29154	26209	1133	624	432	0	28398
29155	25670	705	532	469	0	27376
29156	1656	639	25556	405	0	28256
29157	1126	630	25139	365	0	27260
29158	25656	523	1432	403	0	28014
29159	26722	502	885	433	0	28542
29160	1668	26616	674	342	0	29300
29161	1197	1260	547	26728	0	29732
29162	996	732	26743	1025	0	29496
29163	26813	645	1265	545	0	29268
29164	1549	597	786	26964	0	29896
29165	1130	550	695	27704	0	30079
29166	27774	525	582	1281	0	30162
29167	1578	28163	523	786	0	31050
29168	28839	1150	576	636	0	31201
29169	29160	702	563	523	0	30948
29170	29502	648	579	458	0	31187
29171	1946	28294	559	385	0	31184
29172	29308	1226	538	430	0	31502
29173	1867	794	518	28392	0	31571
29174	1363	657	507	28710	0	31237
29175	1205	580	28369	1356	0	31510
29176	1106	577	27939	761	0	30383
29177	992	28113	1419	637	0	31161
29178	1052	28819	861	498	0	31230
29179	987	1356	27158	438	0	29939
29180	888	27217	1224	483	0	29812
29181	26873	1309	852	506	0	29540
29182	27362	772	621	507	0	29262
29183	27835	653	540	409	0	29437
29184	1771	596	580	25758	0	28705
29185	1184	684	559	26973	0	29400
29186	1069	583	27044	1083	0	29779
29187	891	26840	1131	689	0	29551
29188	26982	1089	743	589	0	29403
29189	1399	27101	688	434	0	29622
29190	27366	1217	659	441	0	29683
29191	27752	785	560	483	0	29580
29192	1601	633	568	26360	0	29162
29193	1124	581	592	26599	0	28896
29194	994	535	603	27478	0	29610
29195	932	642	26365	1216	0	29155
29196	901	25435	1175	695	0	28206
29197	865	26064	828	533	0	28290
29198	818	22159	589	380	0	23946
29199	960	21634	547	317	0	23458
29200	832	21720	662	324	0	23538
29201	20480	804	495	403	0	22182
29202	979	719	20360	356	0	22414
29203	802	20425	828	400	0	22455
29204	795	688	19729	500	0	21712
29205	718	20437	801	383	0	22339
29206	943	826	643	15342	0	17754
29207	794	570	448	19478	0	21290
29208	773	20215	442	520	0	21950
29209	19942	814	393	363	0	21512
29210	1154	533	19179	309	0	21175
29211	848	19708	706	317	0	21579
29212	941	661	19201	305	0	21108
29213	973	477	581	18842	0	20873
29214	836	562	463	17960	0	19821
29215	891	18897	414	548	0	20750
29216	892	643	387	19123	0	21045
29217	826	491	379	19250	0	20946
29218	666	19302	396	624	0	20988
29219	662	697	18757	444	0	20560
29220	633	568	18453	417	0	20071
29221	18151	369	703	436	0	19659
29222	19467	371	511	412	0	20761
29223	915	347	565	18624	0	20451
29224	674	387	18931	575	0	20567
29225	772	347	622	18097	0	19838
29226	712	18893	445	619	0	20669
29227	673	599	19002	463	0	20737
29228	552	18564	621	523	0	20260
29229	540	617	18633	486	0	20276
29230	600	18764	648	431	0	20443
29231	18786	593	527	422	0	20328
29232	790	425	566	18271	0	20052
29233	697	417	492	18031	0	19637
29234	655	427	18422	524	0	20028
29235	611	449	17500	358	0	18918
29236	664	18179	562	366	0	19771
29237	18270	664	401	377	0	19712
29238	785	540	391	17798	0	19514
29239	707	388	18086	541	0	19722
29240	615	433	17306	342	0	18696
29241	15883	410	621	385	0	17299
29242	17002	404	367	388	0	18161
29243	917	399	17080	317	0	18713
29244	652	486	479	16352	0	17969
29245	593	16821	333	581	0	18328
29246	17235	518	325	410	0	18488
29247	801	16869	324	365	0	18359
29248	16438	536	330	435	0	17739
29249	698	16203	316	319	0	17536
29250	671	16439	361	269	0	17740
29251	544	568	406	16331	0	17849
29252	606	416	280	16401	0	17703
29253	513	16414	322	504	0	17753
29254	573	526	15876	335	0	17310
29255	555	360	15271	359	0	16545
29256	448	376	15671	345	0	16840
29257	14871	337	543	363	0	16114
29258	15805	391	301	403	0	16900
29259	680	16138	267	354	0	17439
29260	462	635	15894	356	0	17347
29261	429	417	443	16024	0	17313
29262	400	378	16781	557	0	18116
29263	480	359	17222	406	0	18467
29264	420	375	562	18594	0	19951
29265	429	369	336	19957	0	21091
29266	470	353	21340	795	0	22958
29267	20478	461	757	572	0	22268
29268	1011	22337	437	390	0	24175
29269	612	23761	356	336	0	25065
29270	549	1176	314	22843	0	24882
29271	23539	744	287	982	0	25552
29272	1035	24106	303	530	0	25974
29273	23977	1050	324	535	0	25886
29274	1033	24453	313	395	0	26194
29275	25211	1208	347	392	0	27158
29276	1159	708	25004	307	0	27178
29277	594	647	25632	300	0	27173
29278	597	568	1195	24377	0	26737
29279	436	452	24872	998	0	26758
29280	420	23319	1075	535	0	25349
29281	462	23845	544	426	0	25277
29282	23572	1242	415	370	0	25599
29283	1096	719	352	22661	0	24828
29284	519	23743	369	1025	0	25656
29285	23853	1142	303	669	0	25967
29286	23606	708	381	433	0	25128
29287	24368	613	336	349	0	25666
29288	1526	501	283	23320	0	25630
29289	874	509	260	24143	0	25786
29290	575	461	23610	1285	0	25931
29291	441	454	23759	691	0	25345
29292	23178	428	1213	583	0	25402
29293	1137	403	646	23168	0	25354
29294	604	414	23295	1131	0	25444
29295	22759	427	1123	666	0	24975
29296	1079	23998	610	429	0	26116
29297	24035	1114	487	403	0	26039
29298	24662	658	402	399	0	26121
29299	24896	505	387	379	0	26167
29300	1508	399	23710	384	0	26001
29301	23780	357	1106	360	0	25603
29302	1394	326	682	22652	0	25054
29303	792	22313	465	980	0	24550
29304	666	24306	426	573	0	25971
29305	23919	1297	419	485	0	26120
29306	24457	671	380	424	0	25932
29307	24835	474	398	428	0	26135
29308	1694	418	365	23478	0	25955
29309	1079	394	351	24098	0	25922
29310	812	374	399	23548	0	25133
29311	587	23665	387	1424	0	26063
29312	23586	1083	387	793	0	25849
29313	24244	668	293	682	0	25887
29314	24736	500	367	573	0	26176
29315	1682	498	23746	468	0	26394
29316	24593	447	1069	515	0	26624
29317	1694	411	621	22949	0	25675
29318	1040	23841	499	1081	0	26461
29319	23978	1132	446	739	0	26295
29320	24117	626	472	588	0	25803
29321	1810	554	23786	468	0	26618
29322	1230	478	1177	23040	0	25925
29323	930	24042	660	1172	0	26804
29324	24939	1184	548	739	0	27410
29325	1624	730	460	24617	0	27431
29326	1061	627	506	24849	0	27043
29327	977	476	482	25455	0	27390
29328	862	530	425	26187	0	28004
29329	851	490	25000	1756	0	28097
29330	821	25063	1247	1033	0	28164
29331	923	1324	708	25340	0	28295
29332	759	792	25462	1542	0	28555
29333	25342	599	1319	1029	0	28289
29334	26485	583	792	835	0	28695
29335	1968	571	658	25773	0	28970
29336	26333	536	545	1578	0	28992
29337	27105	564	527	995	0	29191
29338	2081	584	25845	823	0	29333
29339	1357	25945	1399	741	0	29442
29340	26600	1360	861	759	0	29580
29341	1889	833	684	26334	0	29740
29342	27149	651	588	1563	0	29951
29343	2063	573	630	26543	0	29809
29344	1486	637	516	27377	0	30016
29345	1249	632	26006	1854	0	29741
29346	24603	588	1371	1289	0	27851
29347	1906	26343	831	963	0	30043
29348	1414	1404	26294	848	0	29960
29349	1202	26615	1443	856	0	30116
29350	26395	1643	834	876	0	29748
29351	2018	910	707	26136	0	29771
29352	26297	740	665	1721	0	29423
29353	2055	25869	700	1079	0	29703
29354	26814	1531	694	927	0	29966
29355	27563	876	655	891	0	29985
29356	27718	763	671	884	0	30036
29357	27606	664	667	850	0	29787
29358	2490	26134	641	897	0	30162
29359	26760	1558	651	889	0	29858
29360	2290	1036	708	25657	0	29691
29361	1792	915	594	25664	0	28965
29362	1575	23366	652	1779	0	27372
29363	1488	23691	650	1210	0	27039
29364	1509	23567	537	1025	0	26638
29365	21990	1631	527	1038	0	25186
29366	1930	19972	654	851	0	23407
29367	1644	18568	527	753	0	21492
29368	18266	1467	617	811	0	21161
29369	17842	1120	544	827	0	20333
29370	1741	17293	573	983	0	20590
29371	17703	1051	555	821	0	20130
29372	1636	1055	16269	755	0	19715
29373	16607	817	863	794	0	19081
29374	1615	941	16046	785	0	19387
29375	1596	14671	910	753	0	17930
29376	1290	14953	999	725	0	17967
29377	1324	965	896	14324	0	17509
29378	14978	707	587	1215	0	17487
29379	15144	710	745	889	0	17488
29380	15303	1012	453	831	0	17599
29381	15430	1013	446	757	0	17646
29382	15556	626	421	799	0	17402
29383	1674	581	13854	1005	0	17114
29384	1432	858	13392	802	0	16484
29385	14984	552	682	825	0	17043
29386	1799	14194	520	847	0	17360
29387	15021	719	521	872	0	17133
29388	14990	593	484	1152	0	17219
29389	15319	552	547	1116	0	17534
29390	15344	514	872	787	0	17517
29391	15410	512	821	760	0	17503
29392	1789	533	14313	807	0	17442
29393	15375	587	650	1028	0	17640
29394	15624	625	712	740	0	17701
29395	1825	690	13910	684	0	17109
29396	14470	923	523	670	0	16586
29397	15652	580	418	681	0	17331
29398	1917	547	14696	677	0	17837
29399	1612	606	14444	761	0	17423
29400	1348	15003	861	732	0	17944
29401	1506	788	419	15298	0	18011
29402	1236	707	14987	1168	0	18098
29403	15703	886	512	853	0	17954
29404	1520	873	356	16136	0	18885
29405	1583	589	16064	955	0	19191
29406	16866	519	587	857	0	18829
29407	17251	550	400	965	0	19166
29408	16995	561	403	1208	0	19167
29409	1364	16725	402	1169	0	19660
29410	1266	825	376	16842	0	19309
29411	1264	17060	432	854	0	19610
29412	17781	706	452	775	0	19714
29413	17611	563	449	715	0	19338
29414	1671	533	16473	655	0	19332
29415	1199	15853	901	656	0	18609
29416	1351	16063	454	709	0	18577
29417	1102	813	383	16181	0	18479
29418	1127	867	389	16093	0	18476
29419	16553	549	377	942	0	18421
29420	1404	15680	434	788	0	18306
29421	1018	15750	627	809	0	18204
29422	967	814	15304	953	0	18038
29423	1025	15986	500	781	0	18292
29424	16018	730	403	850	0	18001
29425	1092	554	14993	1033	0	17672
29426	14231	536	529	1042	0	16338
29427	1074	548	14412	951	0	16985
29428	13874	536	584	905	0	15899
29429	1042	14956	728	515	0	17241
29430	15777	983	416	560	0	17736
29431	1190	567	15627	718	0	18102
29432	15983	480	778	534	0	17775
29433	16551	465	362	482	0	17860
29434	1524	502	15976	484	0	18486
29435	16530	495	466	724	0	18215
29436	17362	478	349	467	0	18656
29437	17034	496	338	423	0	18291
29438	1114	16169	562	417	0	18262
29439	16609	1012	280	436	0	18337
29440	1295	626	15882	473	0	18276
29441	949	17005	418	745	0	19117
29442	17737	720	293	537	0	19287
29443	17278	614	260	739	0	18891
29444	17660	600	308	641	0	19209
29445	1130	17623	542	254	0	19549
29446	1135	865	238	19202	0	21440
29447	803	906	19304	586	0	21599
29448	778	633	841	19210	0	21462
29449	816	785	19806	658	0	22065
29450	19471	477	590	460	0	20998
29451	1220	20096	278	549	0	22143
29452	1139	940	160	19577	0	21816
29453	804	20736	147	602	0	22289
29454	1028	963	142	20203	0	22336
29455	1016	561	139	20350	0	22066
29456	867	20924	164	805	0	22760
29457	772	1011	151	20895	0	22829
29458	580	821	120	21679	0	23200
29459	661	21612	153	982	0	23408
29460	386	22521	173	711	0	23791
29461	425	1163	151	22075	0	23814
29462	375	840	21885	730	0	23830
29463	391	22606	722	317	0	24036
29464	485	1099	328	22213	0	24125
29465	547	516	22972	753	0	24788
29466	383	23486	817	355	0	25041
29467	23184	1049	339	304	0	24876
29468	1124	490	23015	185	0	24814
29469	23027	340	863	243	0	24473
29470	1144	324	399	22811	0	24678
29471	670	268	328	23266	0	24532
29472	509	246	314	23577	0	24646
29473	414	259	22906	1106	0	24685
29474	338	275	22767	561	0	23941
29475	21784	343	1039	364	0	23530
29476	1015	300	466	22822	0	24603
29477	525	229	23260	967	0	24981
29478	23081	235	889	459	0	24664
29479	1104	223	427	23277	0	25031
29480	667	200	350	23599	0	24816
29481	540	207	265	23628	0	24640
29482	408	23451	293	1152	0	25304
29483	413	869	287	22991	0	24560
29484	369	23017	270	1015	0	24671
29485	371	24242	247	521	0	25381
29486	23609	1132	257	434	0	25432
29487	21980	541	265	486	0	23272
29488	23883	344	236	459	0	24922
29489	1209	23110	256	351	0	24926
29490	23233	907	254	394	0	24788
29491	23837	437	247	375	0	24896
29492	1225	355	273	22817	0	24670
29493	686	299	244	23402	0	24631
29494	435	302	22573	1230	0	24540
29495	364	23007	894	688	0	24953
29496	22549	942	424	557	0	24472
29497	23001	497	334	460	0	24292
29498	1130	22773	302	377	0	24582
29499	22831	974	269	394	0	24468
29500	23044	534	219	420	0	24217
29501	1259	379	244	22213	0	24095
29502	673	21802	267	978	0	23720
29503	529	22894	215	611	0	24249
29504	22178	1080	258	544	0	24060
29505	1111	536	258	21891	0	23796
29506	606	449	21536	1043	0	23634
29507	20984	369	827	632	0	22812
29508	1049	409	21940	483	0	23881
29509	599	21835	905	444	0	23783
29510	21744	997	428	495	0	23664
29511	1044	587	21784	415	0	23830
29512	696	430	877	22145	0	24148
29513	546	395	22897	1039	0	24877
29514	452	23036	955	618	0	25061
29515	491	1051	430	23154	0	25126
29516	450	584	22936	1076	0	25046
29517	21337	450	887	734	0	23408
29518	985	23412	439	582	0	25418
29519	644	966	373	22721	0	24704
29520	487	23725	328	988	0	25528
29521	23368	1078	341	605	0	25392
29522	23550	621	324	529	0	25024
29523	1190	23458	348	488	0	25484
29524	743	975	360	23001	0	25079
29525	550	23707	346	1026	0	25629
29526	23504	1023	333	647	0	25507
29527	1040	587	23223	565	0	25415
29528	628	522	23052	502	0	24704
29529	526	22819	1002	496	0	24843
29530	512	23241	567	443	0	24763
29531	477	1119	406	22626	0	24628
29532	22406	589	374	964	0	24333
29533	22765	495	342	600	0	24202
29534	22428	432	302	562	0	23724
29535	1242	22931	303	503	0	24979
29536	740	917	331	22727	0	24715
29537	608	23098	308	967	0	24981
29538	23195	1032	335	624	0	25186
29539	1034	572	321	23214	0	25141
29540	580	525	22689	1024	0	24818
29541	525	22467	838	632	0	24462
29542	22110	917	453	565	0	24045
29543	1008	550	21990	466	0	24014
29544	21310	525	795	525	0	23155
29545	1023	21853	394	480	0	23750
29546	567	20441	316	475	0	21799
29547	19829	811	312	482	0	21434
29548	726	20283	251	540	0	21800
29549	19764	700	321	493	0	21278
29550	701	19850	253	420	0	21224
29551	19834	742	244	483	0	21303
29552	19938	481	284	482	0	21185
29553	739	526	20040	373	0	21678
29554	547	423	19386	427	0	20783
29555	423	19805	546	450	0	21224
29556	19559	637	325	433	0	20954
29557	591	454	18917	430	0	20392
29558	18327	401	428	452	0	19608
29559	573	452	310	18542	0	19877
29560	431	462	18670	454	0	20017
29561	392	402	17377	438	0	18609
29562	408	339	18649	333	0	19729
29563	385	18879	472	317	0	20053
29564	449	507	359	18423	0	19738
29565	18074	349	308	378	0	19109
29566	501	365	243	18145	0	19254
29567	18443	310	239	375	0	19367
29568	518	280	293	18346	0	19437
29569	18800	273	244	428	0	19745
29570	18711	275	221	520	0	19727
29571	20586	273	235	474	0	21568
29572	583	20990	233	375	0	22181
29573	443	509	21152	287	0	22391
29574	422	367	521	21189	0	22499
29575	973	490	482	11215	0	13160
29576	429	312	239	21729	0	22709
29577	449	331	238	21197	0	22215
29578	468	20891	180	641	0	22180
29579	383	592	20350	452	0	21777
29580	401	21058	386	442	0	22287
29581	430	684	246	19929	0	21289
29582	381	485	208	21238	0	22312
29583	370	379	177	21369	0	22295
29584	369	406	183	21181	0	22139
29585	378	20607	193	617	0	21795
29586	428	20909	207	372	0	21916
29587	426	646	20381	266	0	21719
29588	423	444	448	20302	0	21617
29589	412	398	264	20647	0	21721
29590	388	333	218	21363	0	22302
29591	21410	278	185	746	0	22619
29592	598	21262	210	472	0	22542
29593	376	618	20990	366	0	22350
29594	21111	417	498	327	0	22353
29595	608	399	293	21413	0	22713
29596	22017	329	214	575	0	23135
29597	702	308	176	22037	0	23223
29598	22224	335	216	618	0	23393
29599	707	309	158	22157	0	23331
29600	22089	269	198	655	0	23211
29601	654	314	22546	359	0	23873
29602	455	305	468	22386	0	23614
29603	341	23220	303	513	0	24377
29604	364	569	232	23570	0	24735
29605	23407	351	219	648	0	24625
29606	590	23332	256	348	0	24526
29607	444	570	205	24254	0	25473
29608	290	24014	238	592	0	25134
29609	352	682	170	24298	0	25502
29610	344	392	180	24543	0	25459
29611	285	301	23939	750	0	25275
29612	299	266	570	23304	0	24439
29613	273	283	23003	680	0	24239
29614	253	22607	561	422	0	23843
29615	22427	647	272	418	0	23764
29616	663	385	22467	259	0	23774
29617	21760	348	538	314	0	22960
29618	23287	287	278	323	0	24175
29619	763	290	204	23380	0	24637
29620	425	270	23956	658	0	25309
29621	23054	231	616	433	0	24334
29622	25247	246	310	349	0	26152
29623	848	251	215	24600	0	25914
29624	439	257	194	25075	0	25965
29625	345	24953	184	798	0	26280
29626	348	631	179	25021	0	26179
29627	266	25022	215	798	0	26301
29628	263	694	24906	402	0	26265
29629	310	359	584	24851	0	26104
29630	24349	280	268	750	0	25647
29631	24680	195	176	489	0	25540
29632	797	24519	161	344	0	25821
29633	471	610	148	24938	0	26167
29634	25037	307	120	753	0	26217
29635	669	24154	172	400	0	25395
29636	24374	664	135	384	0	25557
29637	738	359	127	25085	0	26309
29638	26306	255	139	818	0	27518
29639	843	206	28045	419	0	29513
29640	379	28411	832	323	0	29945
29641	28342	842	335	344	0	29863
29642	893	29378	226	292	0	30789
29643	29822	940	181	309	0	31252
29644	30704	389	161	328	0	31582
29645	1228	335	30016	244	0	31823
29646	692	220	868	29522	0	31302
29647	30608	222	358	1066	0	32254
29648	1081	243	30051	486	0	31861
29649	30198	198	944	393	0	31733
29650	1197	218	395	30386	0	32196
29651	582	228	30249	1074	0	32133
29652	523	191	988	29870	0	31572
29653	29580	206	426	1208	0	31420
29654	1129	186	29995	558	0	31868
29655	628	194	979	30229	0	32030
29656	541	177	442	31013	0	32173
29657	30768	175	321	1361	0	32625
29658	30878	157	277	740	0	32052
29659	1315	30762	286	478	0	32841
29660	735	925	259	30872	0	32791
29661	607	400	246	31284	0	32537
29662	536	264	249	31283	0	32332
29663	30240	229	248	1515	0	32232
29664	30767	229	247	816	0	32059
29665	1460	193	196	30226	0	32075
29666	759	29253	235	1228	0	31475
29667	647	919	239	29272	0	31077
29668	507	29748	211	1233	0	31699
29669	29261	1006	234	781	0	31282
29670	1190	28598	228	650	0	30666
29671	27409	949	211	554	0	29123
29672	1241	465	223	26887	0	28816
29673	26724	324	259	1133	0	28440
29674	1137	300	25994	723	0	28154
29675	697	26763	808	628	0	28896
29676	26850	872	434	607	0	28763
29677	27326	434	289	581	0	28630
29678	1277	369	243	26408	0	28297
29679	739	26405	308	1020	0	28472
29680	658	841	218	27643	0	29360
29681	659	439	235	27846	0	29179
29682	605	335	260	27902	0	29102
29683	27332	318	216	1390	0	29256
29684	27738	286	242	838	0	29104
29685	1318	304	227	27231	0	29080
29686	793	27103	212	1150	0	29258
29687	27742	841	248	770	0	29601
29688	1176	448	27049	654	0	29327
29689	794	373	742	27762	0	29671
29690	656	304	27551	1197	0	29708
29691	672	299	835	27688	0	29494
29692	647	309	27640	1221	0	29817
29693	616	305	883	27665	0	29469
29694	27665	318	417	1267	0	29667
29695	27784	302	302	896	0	29284
29696	1340	26785	282	666	0	29073
29697	27620	850	252	710	0	29432
29698	1319	526	240	27073	0	29158
29699	865	382	266	27778	0	29291
29700	27421	353	282	1388	0	29444
29701	1242	322	26293	872	0	28729
29702	841	350	25952	703	0	27846
29703	716	367	25748	686	0	27517
29704	25092	331	1025	703	0	27151
29705	1333	331	25960	598	0	28222
29706	830	337	24950	652	0	26769
29707	24002	338	1035	687	0	26062
29708	1189	24768	581	652	0	27190
29709	838	813	428	25281	0	27360
29710	747	429	391	26035	0	27602
29711	652	381	25518	1257	0	27808
29712	25087	267	855	918	0	27127
29713	25646	313	556	748	0	27263
29714	24798	312	434	716	0	26260
29715	1348	322	25184	603	0	27457
29716	24397	281	917	705	0	26300
29717	1293	296	24477	646	0	26712
29718	934	23679	872	639	0	26124
29719	761	24454	538	695	0	26448
29720	23500	898	481	656	0	25535
29721	1162	22811	394	645	0	25012
29722	851	22915	387	592	0	24745
29723	22626	883	364	711	0	24584
29724	1134	22697	384	586	0	24801
29725	22698	843	364	598	0	24503
29726	1190	508	378	22745	0	24821
29727	894	461	362	23035	0	24752
29728	822	344	395	23337	0	24898
29729	694	392	395	22930	0	24411
29730	719	22529	387	1216	0	24851
29731	23220	827	393	780	0	25220
29732	1210	24291	396	631	0	26528
29733	880	25414	379	679	0	27352
29734	851	1177	25532	559	0	28119
29735	24766	635	1133	626	0	27160
29736	1514	447	26971	578	0	29510
29737	980	371	27849	597	0	29797
29738	802	26930	1540	561	0	29833
29739	586	27933	846	473	0	29838
29740	27652	1711	521	563	0	30447
29741	1658	29373	388	497	0	31916
29742	946	1769	28725	456	0	31896
29743	900	28442	1406	443	0	31191
29744	823	1571	28888	400	0	31682
29745	589	781	28970	427	0	30767
29746	26792	567	1938	642	0	29939
29747	1747	434	28215	433	0	30829
29748	1018	440	1856	26867	0	30181
29749	26812	372	980	1559	0	29723
29750	1578	26050	686	1365	0	29679
29751	930	1357	27072	686	0	30045
29752	26514	719	1555	791	0	29579
29753	1933	504	821	25556	0	28814
29754	1037	24956	779	1389	0	28161
29755	741	1433	25903	971	0	29048
29756	25365	737	1500	829	0	28431
29757	1875	586	25987	502	0	28950
29758	1201	445	1690	25471	0	28807
29759	768	677	25618	1474	0	28537
29760	689	410	1764	25567	0	28430
29761	24753	369	947	1974	0	28043
29762	1542	25197	752	1148	0	28639
29763	26135	1469	542	758	0	28904
29764	2045	794	25592	505	0	28936
29765	1201	598	1553	25776	0	29128
29766	806	671	26477	1563	0	29517
29767	25653	534	1834	1010	0	29031
29768	26758	575	1018	701	0	29052
29769	2250	26252	793	514	0	29809
29770	26988	1738	601	554	0	29881
29771	27889	869	667	458	0	29883
29772	2477	597	545	26076	0	29695
29773	1538	506	26014	1554	0	29612
29774	969	24920	1887	865	0	28641
29775	936	1734	1048	25241	0	28959
29776	25828	900	765	1693	0	29186
29777	2120	605	25292	963	0	28980
29778	1110	573	26087	790	0	28560
29779	853	663	25903	640	0	28059
29780	24401	485	2438	720	0	28044
29781	1956	482	25197	650	0	28285
29782	24467	430	2292	666	0	27855
29783	2296	436	23188	465	0	26385
29784	1384	23742	2108	453	0	27687
29785	1085	1620	1250	23486	0	27441
29786	829	1025	24235	1552	0	27641
29787	1008	22748	2055	839	0	26650
29788	722	24251	1497	644	0	27114
29789	762	2099	1026	23438	0	27325
29790	23208	1108	1063	1761	0	27140
29791	1894	835	865	23572	0	27166
29792	23308	673	958	1858	0	26797
29793	2164	678	806	23154	0	26802
29794	1420	609	22782	1904	0	26715
29795	1176	557	23661	1041	0	26435
29796	22395	658	2383	897	0	26333
29797	23637	554	1557	630	0	26378
29798	2439	544	22570	751	0	26304
29799	22365	595	2222	666	0	25848
29800	2484	592	22375	549	0	26000
29801	1529	20726	2442	486	0	25183
29802	1235	21510	1603	476	0	24824
29803	1029	22016	1422	495	0	24962
29804	1174	2355	1084	20466	0	25079
29805	20778	1339	1230	1655	0	25002
29806	21842	1029	1104	970	0	24945
29807	2596	819	1047	20560	0	25022
29808	1569	924	20175	1810	0	24478
29809	1285	751	2084	20218	0	24338
29810	1078	758	20415	2010	0	24261
29811	1157	639	2411	19948	0	24155
29812	19656	644	1575	2018	0	23893
29813	20799	653	1347	1168	0	23967
29814	20986	647	1251	925	0	23809
29815	21278	682	1221	724	0	23905
29816	2940	636	1053	19183	0	23812
29817	1881	715	1116	20191	0	23903
29818	19786	751	1004	2283	0	23824
29819	20804	763	969	1302	0	23838
29820	2794	736	1005	19376	0	23911
29821	1826	764	920	20329	0	23839
29822	1488	743	974	20475	0	23680
29823	1394	665	949	20834	0	23842
29824	19410	659	1042	2727	0	23838
29825	2292	626	18925	1667	0	23510
29826	1636	565	2166	18877	0	23244
29827	18838	632	1506	2228	0	23204
29828	2376	607	18389	1500	0	22872
29829	1836	638	2246	18293	0	23013
29830	1480	701	18653	2028	0	22862
29831	1377	17055	2440	1329	0	22201
29832	1385	1725	1650	15771	0	20531
29833	15078	1084	1395	1791	0	19348
29834	2068	994	1293	13405	0	17760
29835	1571	12297	1289	1746	0	16903
29836	1391	11807	1246	1166	0	15610
29837	1186	9952	1193	1040	0	13371
29838	1179	9346	1068	885	0	12478
29839	5635	1436	1305	985	0	9361
29840	1404	831	1017	3997	0	7249
29841	1033	680	3549	984	0	6246
29842	999	616	1243	3074	0	5932
29843	1076	606	3261	871	0	5814
29844	3188	486	1265	828	0	5767
29845	1221	443	1184	2879	0	5727
29846	1247	469	977	3030	0	5723
29847	1104	506	986	3099	0	5695
29848	1092	497	872	3226	0	5687
29849	3247	568	887	949	0	5651
29850	3205	677	878	901	0	5661
29851	1200	521	945	2951	0	5617
29852	3177	490	803	1128	0	5598
29853	1105	559	2800	1042	0	5506
29854	945	2628	1009	909	0	5491
29855	1091	605	948	2826	0	5470
29856	1111	470	916	2883	0	5380
29857	1005	2377	960	1061	0	5403
29858	976	515	946	2946	0	5383
29859	973	494	967	2905	0	5339
29860	2992	465	795	1055	0	5307
29861	1278	506	2639	756	0	5179
29862	1132	599	2498	745	0	4974
29863	2684	465	985	759	0	4893
29864	1126	494	2384	779	0	4783
29865	1850	447	878	877	0	4052
29866	1721	488	861	693	0	3763
29867	1133	502	743	1240	0	3618
29868	1038	602	1034	701	0	3375
29869	1203	577	664	800	0	3244
29870	1042	697	696	747	0	3182
29871	1060	413	768	799	0	3040
29872	941	420	764	860	0	2985
29873	884	442	863	725	0	2914
29874	960	471	736	753	0	2920
29875	1017	321	735	817	0	2890
29876	1065	310	816	679	0	2870
29877	934	341	881	684	0	2840
29878	913	389	881	607	0	2790
29879	945	392	751	700	0	2788
29880	1027	362	671	694	0	2754
29881	965	443	632	697	0	2737
29882	979	456	521	723	0	2679
29883	842	479	550	779	0	2650
29884	848	517	458	814	0	2637
29885	868	393	469	866	0	2596
29886	879	426	549	734	0	2588
29887	858	504	415	756	0	2533
29888	802	387	487	834	0	2510
29889	921	253	464	853	0	2491
29890	1004	243	470	745	0	2462
29891	927	258	479	778	0	2442
29892	925	250	502	745	0	2422
29893	855	269	535	746	0	2405
29894	854	299	640	591	0	2384
29895	892	308	533	603	0	2336
29896	992	326	384	604	0	2306
29897	869	324	403	658	0	2254
29898	822	326	447	621	0	2216
29899	859	310	341	666	0	2176
29900	716	366	390	653	0	2125
29901	626	435	281	751	0	2093
29902	651	394	259	721	0	2025
29903	721	301	255	731	0	2008
29904	649	158	268	780	0	1855
29905	717	125	276	699	0	1817
29906	648	126	269	730	0	1773
29907	543	150	311	736	0	1740
29908	527	134	357	674	0	1692
29909	546	118	305	695	0	1664
29910	490	116	310	707	0	1623
29911	579	150	173	672	0	1574
29912	664	125	157	584	0	1530
29913	626	110	165	589	0	1490
29914	566	125	167	608	0	1466
29915	458	159	169	641	0	1427
29916	330	177	175	714	0	1396
29917	402	164	163	631	0	1360
29918	445	142	201	518	0	1306
29919	352	172	207	517	0	1248
29920	223	143	202	627	0	1195
29921	218	172	204	554	0	1148
29922	206	157	223	518	0	1104
29923	259	164	216	441	0	1080
29924	294	171	262	305	0	1032
29925	183	193	293	315	0	984
29926	198	199	166	371	0	934
29927	234	192	212	240	0	878
29928	130	204	219	270	0	823
29929	98	212	164	289	0	763
29930	124	268	145	171	0	708
29931	102	250	42	233	0	627
29932	136	171	27	215	0	549
29933	151	157	30	144	0	482
29934	68	173	34	134	0	409
29935	62	199	26	77	0	364
29936	68	150	32	65	0	315
29937	40	104	39	80	0	263
29938	60	53	42	65	0	220
29939	59	16	25	88	0	188
29940	37	10	38	88	0	173
29941	45	16	29	77	0	167
29942	32	12	35	82	0	161
29943	48	15	29	66	0	158
29944	59	7	24	64	0	154
29945	52	12	27	61	0	152
29946	38	12	29	57	0	136
29947	47	8	23	53	0	131
29948	41	13	32	38	0	124
29949	51	19	23	28	0	121
29950	33	13	22	48	0	116
29951	32	15	14	40	0	101
29952	25	15	30	27	0	97
29953	18	18	26	28	0	90
29954	18	16	13	36	0	83
29955	23	4	14	32	0	73
29956	21	13	19	16	0	69
29957	19	6	19	17	0	61
29958	20	1	16	18	0	55
29959	23	1	17	8	0	49
29960	24	0	19	0	0	43
29961	12	0	22	1	0	35
29962	17	0	7	4	0	28
29963	6	0	15	2	0	23
29964	11	0	4	1	0	16
29965	8	3	1	1	0	13
29966	4	1	1	3	0	9
29967	2	1	3	2	0	8
29968	3	1	1	0	0	5
29969	3	2	0	0	0	5
29970	3	0	0	0	0	3
29971	2	0	0	0	0	2
29972	2	0	0	0	0	2
29973	2	0	0	0	0	2
29974	1	0	0	0	0	1
29975	0	0	0	0	0	0
29976	1	0	0	0	0	1
29977	1	0	0	0	0	1
29978	1	0	0	0	0	1
