Pos	A	C	G	T	Other	Total
1	6	0	0	0	0	6
2	0	0	0	15	0	15
3	0	0	0	46	0	46
4	56	0	0	1	0	57
5	128	0	0	0	0	128
6	128	0	0	0	0	128
7	0	0	128	0	0	128
8	0	0	128	0	0	128
9	0	0	0	135	0	135
10	0	0	0	140	0	140
11	0	0	0	142	0	142
12	280	0	0	4	0	284
13	0	5	0	573	0	578
14	971	0	0	8	0	979
15	0	1487	0	1	0	1488
16	0	2696	1	11	0	2708
17	14	0	0	6358	0	6372
18	1	2	3	7031	0	7037
19	4	9488	7	13	0	9512
20	0	10507	2	16	0	10525
21	3	11872	9	23	0	11907
22	12482	4	16	36	0	12538
23	12	33	12738	11	0	12794
24	12	33	12895	3	0	12943
25	2	7	7	13824	0	13840
26	14791	3	4	15	0	14813
27	14947	0	3	13	0	14963
28	7	15102	18	29	0	15156
29	17542	5	1	67	0	17615
30	18922	21	2	40	0	18985
31	19432	4	5	6	0	19447
32	10	19785	15	23	0	19833
33	6	20350	8	21	0	20385
34	20988	14	6	36	0	21044
35	21259	7	3	16	0	21285
36	15	21946	11	26	0	21998
37	12	23271	12	44	0	23339
38	23258	11	2	16	0	23287
39	23185	11	2	15	0	23213
40	15	23667	7	39	0	23728
41	13	28	2	24377	0	24420
42	22	9	1	24705	0	24737
43	8	7	1	24829	0	24845
44	4	25002	12	36	0	25054
45	19	35	24576	12	0	24642
46	22774	18	9	19	0	22820
47	7	7	9	25228	0	25251
48	14	25614	12	26	0	25666
49	9	10	2	25777	0	25798
50	7	26157	11	41	0	26216
51	9	18	1	26254	0	26282
52	7	28	3	26569	0	26607
53	11	21	26789	60	0	26881
54	8	4	15	26478	0	26505
55	26640	2	22	37	0	26701
56	26	20	26869	35	0	26950
57	26008	2	29	28	0	26067
58	17	7	20	27306	0	27350
59	22	27638	9	42	0	27711
60	4	21	3	27892	0	27920
61	10	36	27999	30	0	28075
62	4	4	17	27563	0	27588
63	4	5	21	28165	0	28195
64	1	28833	7	64	0	28905
65	15	24	2	28887	0	28928
66	23	28948	15	51	0	29037
67	4	22	2	29049	0	29077
68	28855	25	6	27	0	28913
69	28392	5	1	32	0	28430
70	28869	6	5	24	0	28904
71	111	29703	23	122	0	29959
72	66	38	29510	16	0	29630
73	28650	29	38	24	0	28741
74	30793	3	39	15	0	30850
75	88	32088	14	52	0	32242
76	71	78	3	28403	0	28555
77	17	101	4	29565	0	29687
78	18	15	12	29407	0	29452
79	29763	11	3	258	0	30035
80	29719	15	3	175	0	29912
81	29751	10	6	57	0	29824
82	30269	3	7	34	0	30313
83	291	11	10	29739	0	30051
84	184	30111	28	128	0	30451
85	50	116	8	31023	0	31197
86	68	199	31139	148	0	31554
87	40	23	124	32173	0	32360
88	48	43	33203	199	0	33493
89	23	15	189	32963	0	33190
90	48	37	34387	222	0	34694
91	57	19	34569	259	0	34904
92	16	35776	449	152	0	36393
93	32	224	267	37089	0	37612
94	71	275	38689	240	0	39275
95	43	51	255	37246	0	37595
96	16	39115	303	248	0	39682
97	38690	252	43	294	0	39279
98	228	40779	47	83	0	41137
99	285	297	22	39153	0	39757
100	41	40975	47	235	0	41298
101	71	311	39707	301	0	40390
102	67	308	40112	80	0	40567
103	29	40698	550	148	0	41425
104	34	287	313	40563	0	41197
105	150	324	41030	292	0	41796
106	37	41028	291	401	0	41757
107	40949	263	304	88	0	41604
108	290	307	70	40825	0	41492
109	325	74	42418	297	0	43114
110	58	42630	287	340	0	43315
111	63	303	296	42344	0	43006
112	45	313	71	42821	0	43250
113	40598	63	55	580	0	41296
114	286	87	42475	350	0	43198
115	299	59	290	41652	0	42300
116	98	75	41753	331	0	42257
117	39	39227	332	410	0	40008
118	37730	298	335	99	0	38462
119	264	37934	95	113	0	38406
120	310	341	73	35036	0	35760
121	68	36645	85	269	0	37067
122	35223	341	61	318	0	35943
123	268	36347	80	149	0	36844
124	345	344	35280	83	0	36052
125	65	35871	317	107	0	36360
126	34632	335	333	103	0	35403
127	320	361	35763	84	0	36528
128	338	91	343	35557	0	36329
129	34906	91	351	323	0	35671
130	335	80	98	34300	0	34813
131	34679	78	76	384	0	35217
132	34713	79	66	410	0	35268
133	658	77	72	34379	0	35186
134	430	69	49	34471	0	35019
135	33911	75	70	686	0	34742
136	33651	74	58	451	0	34234
137	691	92	49	33090	0	33922
138	33525	74	80	376	0	34055
139	33349	72	76	436	0	33933
140	663	33549	90	172	0	34474
141	445	350	61	33622	0	34478
142	34102	379	93	414	0	34988
143	34504	116	91	425	0	35136
144	699	82	74	34260	0	35115
145	448	88	70	34684	0	35290
146	33989	69	91	711	0	34860
147	361	34585	109	526	0	35581
148	424	345	81	34433	0	35283
149	177	430	34815	403	0	35825
150	132	141	327	33659	0	34259
151	114	34433	418	411	0	35376
152	141	354	34570	447	0	35512
153	112	387	353	33809	0	34661
154	137	128	397	33922	0	34584
155	154	121	34791	701	0	35767
156	31658	87	356	534	0	32635
157	365	35591	420	242	0	36618
158	35599	345	142	156	0	36242
159	449	404	35335	164	0	36352
160	458	140	36197	151	0	36946
161	33531	115	655	170	0	34471
162	381	36489	435	192	0	37497
163	36197	360	136	154	0	36847
164	416	36877	112	172	0	37577
165	461	410	36580	170	0	37621
166	35730	422	360	148	0	36660
167	437	164	37809	152	0	38562
168	455	135	353	36927	0	37870
169	37177	100	392	407	0	38076
170	36796	85	147	444	0	37472
171	657	37029	162	203	0	38051
172	466	911	108	35371	0	36856
173	156	36637	121	377	0	37291
174	175	366	35968	411	0	36920
175	212	671	316	32874	0	34073
176	121	34048	322	317	0	34808
177	157	289	91	32716	0	33253
178	28966	291	111	340	0	29708
179	246	77	67	31917	0	32307
180	279	32209	80	279	0	32847
181	145	207	62	32483	0	32897
182	104	261	64	32107	0	32536
183	104	32423	79	450	0	33056
184	129	258	72	32491	0	32950
185	163	259	32024	261	0	32707
186	87	31849	224	336	0	32496
187	29279	149	192	99	0	29719
188	222	194	30144	73	0	30633
189	241	70	29768	84	0	30163
190	112	29413	278	107	0	29910
191	286	343	349	27804	0	28782
192	105	137	27609	126	0	27977
193	74	25576	107	174	0	25931
194	92	91	124	25267	0	25574
195	74	132	37	25769	0	26012
196	25238	54	25	185	0	25502
197	93	25674	44	217	0	26028
198	165	104	24329	62	0	24660
199	69	149	24959	56	0	25233
200	49	57	156	24414	0	24676
201	68	42	117	28124	0	28351
202	53	45	33	28302	0	28433
203	34	33002	52	430	0	33518
204	71	292	34137	249	0	34749
205	67	336	284	34237	0	34924
206	51	37279	342	350	0	38022
207	43	38024	76	425	0	38568
208	77	751	39521	111	0	40460
209	49	451	442	38856	0	39798
210	74	122	43268	472	0	43936
211	52	68	525	42206	0	42851
212	43	80	553	43446	0	44122
213	119	90	43364	986	0	44559
214	38	43261	533	672	0	44504
215	42179	463	585	139	0	43366
216	508	584	43847	108	0	45047
217	544	43835	551	160	0	45090
218	99	44567	573	131	0	45370
219	103	1054	43302	80	0	44539
220	41893	621	564	104	0	43182
221	545	223	606	38673	0	40047
222	556	43741	176	450	0	44923
223	43315	553	121	547	0	44536
224	526	660	111	41076	0	42373
225	565	43119	138	563	0	44385
226	43199	568	144	590	0	44501
227	549	603	42608	179	0	43939
228	543	42736	590	160	0	44029
229	41504	569	605	147	0	42825
230	482	42324	177	176	0	43159
231	41414	603	154	115	0	42286
232	542	640	129	39526	0	40837
233	543	40520	185	516	0	41764
234	94	584	159	40958	0	41795
235	40146	595	158	605	0	41504
236	519	184	39954	661	0	41318
237	559	183	40511	192	0	41445
238	190	176	1036	38611	0	40013
239	130	167	651	39820	0	40768
240	141	197	213	38912	0	39463
241	117	38763	185	1046	0	40111
242	169	657	37929	618	0	39373
243	160	653	599	35834	0	37246
244	149	37378	645	566	0	38738
245	164	37991	194	640	0	38989
246	200	1044	37534	180	0	38958
247	211	696	37920	148	0	38975
248	210	291	38829	141	0	39471
249	191	212	1094	36775	0	38272
250	190	258	38263	566	0	39277
251	205	217	633	37340	0	38395
252	181	215	38030	604	0	39030
253	34625	225	640	623	0	36113
254	591	38449	675	220	0	39935
255	625	40392	200	225	0	41442
256	273	1159	41338	220	0	42990
257	39967	736	670	206	0	41579
258	41372	254	712	193	0	42531
259	41686	205	249	227	0	42367
260	1270	189	39966	182	0	41607
261	733	199	40576	245	0	41753
262	179	192	1284	39242	0	40897
263	39976	176	817	779	0	41748
264	39745	225	306	792	0	41068
265	1221	217	39012	296	0	40746
266	38918	230	844	269	0	40261
267	685	232	870	38348	0	40135
268	693	257	39232	781	0	40963
269	200	269	39521	804	0	40794
270	37266	272	1455	340	0	39333
271	663	226	39840	290	0	41019
272	37903	222	1029	319	0	39473
273	738	241	39778	323	0	41080
274	718	37920	1016	365	0	40019
275	247	39266	1030	304	0	40847
276	300	1249	482	37838	0	39869
277	258	855	457	39220	0	40790
278	299	357	38863	1253	0	40772
279	307	367	943	36805	0	38422
280	314	37298	1006	785	0	39403
281	380	38112	485	757	0	39734
282	417	39007	402	276	0	40102
283	463	1392	446	37296	0	39597
284	406	885	37836	736	0	39863
285	412	355	37816	755	0	39338
286	413	375	1438	36149	0	38375
287	443	307	879	36603	0	38232
288	519	285	417	33438	0	34659
289	452	36542	390	1183	0	38567
290	36624	738	370	745	0	38477
291	36278	810	370	298	0	37756
292	1391	36415	374	305	0	38485
293	980	798	36734	289	0	38801
294	36623	780	860	278	0	38541
295	940	340	37666	259	0	39205
296	36999	278	956	259	0	38492
297	36989	275	909	296	0	38469
298	37117	318	446	286	0	38167
299	36395	276	333	407	0	37411
300	1298	36242	419	423	0	38382
301	32452	604	321	367	0	33744
302	631	32934	369	384	0	34318
303	27273	512	283	237	0	28305
304	488	26567	258	266	0	27579
305	444	410	23823	148	0	24825
306	158	2217	460	19900	0	22735
307	134	21981	473	356	0	22944
308	114	20515	137	328	0	21094
309	18528	686	705	411	0	20330
310	16713	221	105	105	0	17144
311	324	17535	82	109	0	18050
312	217	181	105	16596	0	17099
313	99	18601	90	168	0	18958
314	18677	180	92	171	0	19120
315	241	191	18913	61	0	19406
316	243	135	230	18085	0	18693
317	108	44	233	18108	0	18493
318	98	73	110	18339	0	18620
319	111	76	18123	310	0	18620
320	103	18169	237	191	0	18700
321	113	18588	208	65	0	18974
322	118	333	79	18616	0	19146
323	101	214	19084	198	0	19597
324	95	101	230	18868	0	19294
325	114	95	221	18997	0	19427
326	114	88	89	18952	0	19243
327	111	116	72	18972	0	19271
328	18481	76	91	363	0	19011
329	201	18833	101	240	0	19375
330	18833	228	133	93	0	19287
331	234	227	18849	97	0	19407
332	250	101	19196	98	0	19645
333	104	101	343	18516	0	19064
334	101	112	229	18146	0	18588
335	101	19583	116	372	0	20172
336	95	222	19792	227	0	20336
337	83	20098	241	142	0	20564
338	93	224	20293	108	0	20718
339	18438	226	237	111	0	19012
340	213	20183	235	118	0	20749
341	251	235	20330	102	0	20918
342	88	258	225	19861	0	20432
343	110	120	20365	215	0	20810
344	94	20257	232	236	0	20819
345	106	224	215	19495	0	20040
346	92	20286	100	267	0	20745
347	133	223	20193	256	0	20805
348	102	259	208	19674	0	20243
349	19826	96	211	227	0	20360
350	237	19858	81	226	0	20402
351	236	262	19510	78	0	20086
352	101	490	212	18551	0	19354
353	93	93	19435	215	0	19836
354	79	81	17618	177	0	17955
355	62	16145	272	59	0	16538
356	127	80	134	14261	0	14602
357	20	106	34	14324	0	14484
358	19	38	43	14380	0	14480
359	35	25	14861	133	0	15054
360	35	34	14669	91	0	14829
361	12927	52	144	39	0	13162
362	72	27	14607	35	0	14741
363	13458	22	85	28	0	13593
364	68	14356	93	40	0	14557
365	79	73	26	13821	0	13999
366	15	15025	19	85	0	15144
367	13	15259	43	105	0	15420
368	17	128	14934	38	0	15117
369	17	119	86	14635	0	14857
370	20	43	15139	72	0	15274
371	21	40	14438	86	0	14585
372	13651	27	135	38	0	13851
373	72	20	14712	62	0	14866
374	66	29	14495	50	0	14640
375	13473	21	122	55	0	13671
376	59	28	14411	54	0	14552
377	68	37	14726	43	0	14874
378	27	46	120	13951	0	14144
379	27	14800	96	82	0	15005
380	25	64	44	14832	0	14965
381	14	80	47	14673	0	14814
382	14919	23	41	153	0	15136
383	59	29	36	14698	0	14822
384	73	15474	47	88	0	15682
385	15165	73	46	95	0	15379
386	57	93	15313	47	0	15510
387	14357	32	83	56	0	14528
388	74	49	16623	37	0	16783
389	98	33	17172	37	0	17340
390	6	17680	175	58	0	17919
391	17722	80	131	60	0	17993
392	70	18540	59	62	0	18731
393	106	96	18735	51	0	18988
394	48	125	102	16847	0	17122
395	20	19381	137	104	0	19642
396	19505	91	53	105	0	19754
397	19203	118	52	47	0	19420
398	172	19625	50	38	0	19885
399	19851	101	52	25	0	20029
400	79	123	62	19083	0	19347
401	96	19841	71	105	0	20113
402	25	93	66	20285	0	20469
403	26	131	51	21241	0	21449
404	21641	44	50	197	0	21932
405	21263	48	54	146	0	21511
406	21249	33	61	44	0	21387
407	213	40	21477	50	0	21780
408	20623	32	138	27	0	20820
409	124	125	164	21556	0	21969
410	136	36	21950	105	0	22227
411	81	49	20726	136	0	20992
412	34	20901	235	41	0	21211
413	18988	111	169	28	0	19296
414	73	20158	44	29	0	20304
415	101	87	14	19814	0	20016
416	25	95	18	20065	0	20203
417	31	28	20631	161	0	20851
418	35	35	93	19277	0	19440
419	27	14	20855	94	0	20990
420	26	15	20316	102	0	20459
421	28	20734	154	27	0	20943
422	47	64	104	20057	0	20272
423	22	88	34	19848	0	19992
424	19993	17	15	138	0	20163
425	90	16	20169	95	0	20370
426	90	16	75	20320	0	20501
427	20480	13	95	75	0	20663
428	72	17	20916	100	0	21105
429	20094	18	78	35	0	20225
430	20814	16	102	19	0	20951
431	171	19	21735	28	0	21953
432	107	27	78	20838	0	21050
433	33	16	102	21309	0	21460
434	30	16	22237	163	0	22446
435	21043	15	90	123	0	21271
436	22170	16	114	32	0	22332
437	21682	19	48	27	0	21776
438	21896	23	36	28	0	21983
439	21717	22	53	24	0	21816
440	177	34	20963	46	0	21220
441	113	28	22495	37	0	22673
442	33	22672	170	46	0	22921
443	56	99	22788	41	0	22984
444	43	110	111	21977	0	22241
445	57	67	143	18117	0	18384
446	50	22	45	22801	0	22918
447	46	29	40	23058	0	23173
448	62	32	23074	185	0	23353
449	60	22873	99	139	0	23171
450	66	24045	135	56	0	24302
451	74	179	63	22427	0	22743
452	56	24436	36	120	0	24648
453	24236	98	35	133	0	24502
454	23978	115	46	47	0	24186
455	228	25632	42	61	0	25963
456	167	95	40	25464	0	25766
457	75	107	65	26328	0	26575
458	81	38	26634	231	0	26984
459	23436	33	152	179	0	23800
460	26429	24	182	66	0	26701
461	252	27711	72	78	0	28113
462	27758	129	59	68	0	28014
463	176	146	28566	57	0	28945
464	189	28551	145	66	0	28951
465	79	29432	172	69	0	29752
466	73	29146	68	76	0	29363
467	77	276	56	28635	0	29044
468	28552	172	56	166	0	28946
469	182	46	61	29278	0	29567
470	233	44	30449	187	0	30913
471	103	45	192	30210	0	30550
472	93	53	32083	199	0	32428
473	81	49	210	30367	0	30707
474	94	67	230	28968	0	29359
475	66	31858	101	332	0	32357
476	32163	180	88	238	0	32669
477	212	209	82	31068	0	31571
478	216	32296	92	216	0	32820
479	31898	190	61	231	0	32380
480	26814	261	97	126	0	27298
481	31524	85	89	91	0	31789
482	331	32443	75	162	0	33011
483	274	190	32329	116	0	32909
484	79	217	227	31918	0	32441
485	103	180	218	30776	0	31277
486	87	32366	98	368	0	32919
487	95	199	32150	249	0	32693
488	98	191	31581	104	0	31974
489	29324	82	341	84	0	29831
490	225	165	211	30502	0	31103
491	221	62	31595	197	0	32075
492	80	32388	186	213	0	32867
493	115	222	199	29222	0	29758
494	92	32525	92	154	0	32863
495	87	190	31658	177	0	32112
496	29158	170	197	115	0	29640
497	31159	67	185	78	0	31489
498	297	32034	90	111	0	32532
499	209	186	39	31657	0	32091
500	122	163	31898	187	0	32370
501	90	31727	168	197	0	32182
502	30668	163	163	99	0	31093
503	152	30408	56	73	0	30689
504	142	30457	48	85	0	30732
505	96	289	45	29324	0	29754
506	40	30417	59	167	0	30683
507	30035	155	49	141	0	30380
508	166	151	45	29741	0	30103
509	139	78	29199	146	0	29562
510	51	60	28276	153	0	28540
511	37	119	234	27717	0	28107
512	48	28729	146	129	0	29052
513	28626	140	44	132	0	28942
514	145	137	39	27948	0	28269
515	141	72	28012	136	0	28361
516	59	46	132	27594	0	27831
517	39	58	120	27817	0	28034
518	27450	53	73	232	0	27808
519	144	53	46	26838	0	27081
520	161	55	27487	141	0	27844
521	79	61	27665	133	0	27938
522	50	61	211	27567	0	27889
523	52	73	151	28140	0	28416
524	55	67	28900	241	0	29263
525	24910	57	139	216	0	25322
526	144	65	28654	82	0	28945
527	131	28508	164	88	0	28891
528	56	129	147	28698	0	29030
529	67	139	28928	143	0	29277
530	65	78	28836	155	0	29134
531	39	81	236	27577	0	27933
532	28006	52	180	160	0	28398
533	139	61	28744	158	0	29102
534	137	28491	140	93	0	28861
535	28522	145	149	71	0	28887
536	150	145	29062	73	0	29430
537	27146	59	135	87	0	27427
538	28723	40	155	75	0	28993
539	208	29791	85	105	0	30189
540	156	124	74	27639	0	27993
541	64	29362	73	158	0	29657
542	62	146	28856	150	0	29214
543	27581	154	158	83	0	27976
544	29505	77	147	67	0	29796
545	242	63	30222	66	0	30593
546	190	59	30162	71	0	30482
547	64	31059	275	71	0	31469
548	31551	154	210	59	0	31974
549	184	170	82	30531	0	30967
550	182	73	67	29051	0	29373
551	62	31024	80	243	0	31409
552	30074	161	74	157	0	30466
553	183	147	30969	66	0	31365
554	159	59	179	32533	0	32930
555	32867	40	176	224	0	33307
556	228	33598	93	241	0	34160
557	218	242	37205	59	0	37724
558	101	210	37756	46	0	38113
559	79	349	530	34714	0	35672
560	56	37291	294	278	0	37919
561	87	316	37696	235	0	38334
562	42	294	325	36635	0	37296
563	37646	60	313	298	0	38317
564	329	53	38945	238	0	39565
565	275	68	372	38293	0	39008
566	91	46	39758	329	0	40224
567	64	53	40167	260	0	40544
568	92	322	640	38647	0	39701
569	79	34	40347	328	0	40788
570	31684	51	453	313	0	32501
571	321	35	39042	60	0	39458
572	34904	35	341	50	0	35330
573	298	37820	265	52	0	38435
574	38178	280	94	38	0	38590
575	295	39436	42	56	0	39829
576	244	311	48	38737	0	39340
577	50	239	49	40067	0	40405
578	61	59	39895	533	0	40548
579	64	43	40099	282	0	40488
580	38	29	567	40189	0	40823
581	62	49	41104	339	0	41554
582	54	56	378	37948	0	38436
583	41	40046	333	342	0	40762
584	66	41125	130	322	0	41643
585	61	561	92	40219	0	40933
586	46	312	97	40617	0	41072
587	58	90	40306	567	0	41021
588	45	97	369	38331	0	38842
589	46	39464	323	371	0	40204
590	48	39718	122	304	0	40192
591	64	39593	113	113	0	39883
592	54	563	88	35713	0	36418
593	59	37765	130	352	0	38306
594	36975	332	125	277	0	37709
595	325	278	124	36830	0	37557
596	283	81	37044	349	0	37757
597	80	50	396	36344	0	36870
598	74	75	37570	389	0	38108
599	73	70	37645	305	0	38093
600	92	93	38025	113	0	38323
601	64	37139	633	137	0	37973
602	99	348	37681	98	0	38226
603	36873	303	411	122	0	37709
604	37695	99	355	101	0	38250
605	38159	78	164	120	0	38521
606	566	71	144	37675	0	38456
607	37547	60	171	405	0	38183
608	336	37339	185	362	0	38222
609	285	38811	150	158	0	39404
610	38488	579	145	121	0	39333
611	384	353	39378	120	0	40235
612	302	132	398	38570	0	39402
613	117	130	40030	403	0	40680
614	93	186	40086	360	0	40725
615	58	39892	661	178	0	40789
616	55	390	403	37689	0	38537
617	67	346	185	39884	0	40482
618	39295	127	163	647	0	40232
619	340	39884	188	447	0	40859
620	324	40678	179	194	0	41375
621	184	634	40399	162	0	41379
622	98	41180	458	157	0	41893
623	39791	431	422	156	0	40800
624	39797	370	225	163	0	40555
625	608	169	41023	168	0	41968
626	355	144	41341	184	0	42024
627	98	135	764	38680	0	39677
628	118	154	516	39370	0	40158
629	108	40241	290	698	0	41337
630	140	418	236	39864	0	40658
631	153	361	238	39408	0	40160
632	147	39975	240	691	0	41053
633	166	407	206	39702	0	40481
634	140	389	244	38283	0	39056
635	131	38405	240	740	0	39516
636	136	407	38388	456	0	39387
637	144	380	537	38880	0	39941
638	39033	174	457	474	0	40138
639	38436	170	262	377	0	39245
640	686	206	38688	166	0	39746
641	37825	187	492	168	0	38672
642	38576	196	397	197	0	39366
643	642	38810	221	236	0	39909
644	390	430	37956	231	0	39007
645	137	393	38174	238	0	38942
646	141	306	696	38101	0	39244
647	39125	164	476	504	0	40269
648	40400	153	251	372	0	41176
649	656	160	209	42385	0	43410
650	46352	150	179	518	0	47199
651	47324	159	191	440	0	48114
652	45364	181	276	191	0	46012
653	814	200	47607	213	0	48834
654	469	147	46872	141	0	47629
655	43959	119	671	156	0	44905
656	404	130	45980	146	0	46660
657	260	41882	295	94	0	42531
658	218	368	454	40033	0	41073
659	67	240	42862	214	0	43383
660	78	106	42310	200	0	42694
661	69	293	458	39685	0	40505
662	53	44	41880	221	0	42198
663	73	38	40999	224	0	41334
664	48	38709	381	96	0	39234
665	47	40035	225	43	0	40350
666	39303	328	119	34	0	39784
667	212	201	42	38921	0	39376
668	38784	30	49	170	0	39033
669	212	33	39275	173	0	39693
670	201	34	202	38211	0	38648
671	40	66	199	39008	0	39313
672	37140	24	45	358	0	37567
673	200	38890	53	254	0	39397
674	234	183	37879	49	0	38345
675	126	270	38130	39	0	38565
676	40	38542	363	90	0	39035
677	42	182	38253	39	0	38516
678	38	38267	229	52	0	38586
679	56	36867	211	46	0	37180
680	118	375	34975	45	0	35513
681	33428	169	214	29	0	33840
682	191	49	185	36012	0	36437
683	182	37692	73	206	0	38153
684	62	185	52	36788	0	37087
685	37150	161	42	184	0	37537
686	35065	31	63	183	0	35342
687	34940	24	74	46	0	35084
688	317	34	35073	40	0	35464
689	165	37	210	33162	0	33574
690	30	35532	218	155	0	35935
691	36328	173	67	171	0	36739
692	157	178	52	36593	0	36980
693	186	46	67	36731	0	37030
694	71	50	54	37561	0	37736
695	49	52	39243	335	0	39679
696	33653	40	228	260	0	34181
697	205	39574	196	73	0	40048
698	213	178	47	39036	0	39474
699	88	174	53	39444	0	39759
700	38065	42	65	367	0	38539
701	243	37	39300	219	0	39799
702	261	41	40149	44	0	40495
703	68	39601	410	75	0	40154
704	50	222	40722	60	0	41054
705	34343	219	325	88	0	34975
706	233	40854	269	89	0	41445
707	238	240	41014	66	0	41558
708	34180	243	368	94	0	34885
709	269	82	42152	90	0	42593
710	257	42263	289	103	0	42912
711	128	252	265	41650	0	42295
712	120	238	100	42527	0	42985
713	136	76	42258	423	0	42893
714	139	72	41883	263	0	42357
715	120	41586	507	103	0	42316
716	39700	262	317	75	0	40354
717	279	42482	160	125	0	43046
718	302	269	138	41302	0	42011
719	140	277	42029	279	0	42725
720	36791	86	382	276	0	37535
721	290	85	357	40289	0	41021
722	278	40630	225	283	0	41416
723	99	41821	203	293	0	42416
724	88	445	167	41198	0	41898
725	102	310	142	41814	0	42368
726	40851	147	148	478	0	41624
727	282	117	147	42042	0	42588
728	295	118	42170	330	0	42913
729	40018	89	369	320	0	40796
730	42071	116	336	140	0	42663
731	464	127	42753	123	0	43467
732	40328	121	356	133	0	40938
733	351	133	300	43600	0	44384
734	322	124	140	43944	0	44530
735	146	131	139	44294	0	44710
736	152	110	156	42767	0	43185
737	92	43981	165	535	0	44773
738	44431	329	138	329	0	45227
739	45308	299	154	157	0	45918
740	539	167	47522	142	0	48370
741	47166	128	372	142	0	47808
742	49809	124	375	113	0	50421
743	50630	140	138	122	0	51030
744	51797	122	146	131	0	52196
745	693	51800	142	161	0	52796
746	395	548	98	49801	0	50842
747	201	328	50815	346	0	51690
748	158	136	48662	340	0	49296
749	41209	558	1032	305	0	43104
750	41482	157	573	74	0	42286
751	410	40771	77	69	0	41327
752	40802	205	54	53	0	41114
753	237	41427	33	73	0	41770
754	255	220	46	40484	0	41005
755	41709	215	37	256	0	42217
756	41327	48	31	227	0	41633
757	41234	35	20	65	0	41354
758	437	41150	36	61	0	41684
759	41117	207	26	47	0	41397
760	246	237	31	41320	0	41834
761	41921	34	39	225	0	42219
762	288	49	41792	225	0	42354
763	275	42137	232	76	0	42720
764	41934	220	222	31	0	42407
765	274	240	42581	36	0	43131
766	259	65	217	41386	0	41927
767	106	44	43297	214	0	43661
768	86	50	43168	213	0	43517
769	78	39	413	41810	0	42340
770	105	54	43938	215	0	44312
771	91	31	247	43168	0	43537
772	91	53	223	43647	0	44014
773	43312	30	72	452	0	43866
774	268	44506	68	303	0	45145
775	285	45675	54	107	0	46121
776	112	46498	59	74	0	46743
777	165	502	45859	50	0	46576
778	108	301	267	45450	0	46126
779	101	99	47270	270	0	47740
780	43695	59	300	282	0	44336
781	45808	50	292	84	0	46234
782	489	47202	90	125	0	47906
783	322	284	66	45084	0	45756
784	115	47604	104	243	0	48066
785	47305	289	71	281	0	47946
786	341	266	68	46975	0	47650
787	339	101	47627	292	0	48359
788	140	46966	280	344	0	47730
789	172	301	47874	92	0	48439
790	106	295	318	46664	0	47383
791	135	100	47612	302	0	48149
792	43542	82	351	334	0	44309
793	358	87	47809	105	0	48359
794	343	47646	356	134	0	48479
795	129	309	313	46886	0	47637
796	136	288	126	47899	0	48449
797	47551	108	110	513	0	48282
798	47236	85	112	341	0	47774
799	554	47319	109	196	0	48178
800	381	289	47165	95	0	47930
801	173	308	46871	106	0	47458
802	45428	105	552	116	0	46201
803	475	114	47427	122	0	48138
804	381	103	46340	85	0	46909
805	191	110	47068	119	0	47488
806	172	126	46899	114	0	47311
807	142	46878	573	142	0	47735
808	46729	357	423	116	0	47625
809	385	293	177	45301	0	46156
810	45400	130	153	313	0	45996
811	382	45291	167	322	0	46162
812	45009	315	153	123	0	45600
813	389	46958	159	128	0	47634
814	401	345	154	45941	0	46841
815	171	48808	166	388	0	49533
816	208	363	48441	362	0	49374
817	186	49901	411	164	0	50662
818	177	397	384	52456	0	53414
819	52822	391	185	390	0	53788
820	451	176	158	52971	0	53756
821	469	187	53451	429	0	54536
822	211	146	463	50062	0	50882
823	167	53365	476	421	0	54429
824	203	418	53501	411	0	54533
825	52143	406	498	151	0	53198
826	461	161	460	54665	0	55747
827	54761	135	233	440	0	55569
828	53617	172	195	472	0	54456
829	723	54844	216	258	0	56041
830	54566	412	212	206	0	55396
831	53961	450	190	170	0	54771
832	707	54725	219	197	0	55848
833	462	407	202	54271	0	55342
834	194	468	209	53314	0	54185
835	127	54663	245	715	0	55750
836	158	450	192	55394	0	56194
837	169	453	55000	430	0	56052
838	166	374	478	53755	0	54773
839	239	157	53943	476	0	54815
840	229	123	50206	422	0	50980
841	145	50165	662	217	0	51189
842	131	49542	413	152	0	50238
843	153	50166	231	147	0	50697
844	409	663	294	47005	0	48371
845	131	369	48118	281	0	48899
846	45328	112	331	328	0	46099
847	290	105	337	48184	0	48916
848	315	99	48709	303	0	49426
849	119	119	48600	310	0	49148
850	106	49109	527	143	0	49885
851	108	392	346	48002	0	48848
852	47142	323	119	281	0	47865
853	226	47462	132	375	0	48195
854	271	47271	114	144	0	47800
855	81	47059	118	114	0	47372
856	104	577	130	45795	0	46606
857	63	48264	123	304	0	48754
858	69	309	116	50473	0	50967
859	109	334	113	51307	0	51863
860	92	129	50850	654	0	51725
861	40802	111	438	628	0	41979
862	358	122	52035	110	0	52625
863	375	208	401	50676	0	51660
864	121	131	52395	384	0	53031
865	79	51725	421	460	0	52685
866	51131	397	513	152	0	52193
867	377	484	138	49969	0	50968
868	383	130	119	50422	0	51054
869	50754	106	125	694	0	51679
870	50047	100	118	426	0	50691
871	51286	98	113	154	0	51651
872	723	122	51149	124	0	52118
873	46418	103	367	135	0	47023
874	344	50118	422	124	0	51008
875	381	49723	117	134	0	50355
876	151	679	97	47767	0	48694
877	116	461	88	45768	0	46433
878	115	47474	85	680	0	48354
879	118	394	83	47030	0	47625
880	45037	416	87	402	0	45942
881	351	144	47011	458	0	47964
882	404	46628	364	194	0	47590
883	43589	358	406	162	0	44515
884	317	45729	151	255	0	46452
885	377	391	45628	163	0	46559
886	137	446	377	44546	0	45506
887	120	199	45895	383	0	46597
888	113	44880	351	505	0	45849
889	142	358	450	44117	0	45067
890	164	422	44833	399	0	45818
891	174	184	44857	455	0	45670
892	167	166	643	43338	0	44314
893	44474	120	462	354	0	45410
894	44276	171	157	413	0	45017
895	44552	139	117	199	0	45007
896	692	181	45292	160	0	46325
897	429	45277	382	203	0	46291
898	173	398	405	44423	0	45399
899	132	462	178	42116	0	42888
900	123	45059	167	694	0	46043
901	44355	391	160	498	0	45404
902	353	456	154	44726	0	45689
903	450	203	44939	434	0	46026
904	155	45042	405	541	0	46143
905	42533	398	491	205	0	43627
906	340	44588	219	234	0	45381
907	441	420	199	43043	0	44103
908	171	459	214	43540	0	44384
909	158	218	223	43245	0	43844
910	179	243	43794	744	0	44960
911	210	224	454	40644	0	41532
912	184	42775	569	482	0	44010
913	192	41592	277	545	0	42606
914	287	636	40352	254	0	41529
915	37865	456	452	245	0	39018
916	39041	233	493	264	0	40031
917	688	38915	223	326	0	40152
918	35580	293	303	226	0	36402
919	34890	352	166	215	0	35623
920	609	36406	155	278	0	37448
921	492	323	150	36482	0	37447
922	290	414	38281	352	0	39337
923	282	222	37061	438	0	38003
924	36511	241	627	220	0	37599
925	390	38160	436	246	0	39232
926	464	368	176	37760	0	38768
927	219	470	161	37974	0	38824
928	247	244	151	37914	0	38556
929	37038	238	144	705	0	38125
930	413	221	169	37554	0	38357
931	481	218	180	37263	0	38142
932	255	244	36439	644	0	37582
933	32959	212	372	506	0	34049
934	400	36103	452	288	0	37243
935	35432	385	218	212	0	36247
936	364	35319	208	235	0	36126
937	422	421	226	33478	0	34547
938	35077	413	209	397	0	36096
939	34864	201	218	431	0	35714
940	578	229	35119	243	0	36169
941	34360	181	396	246	0	35183
942	413	214	35805	218	0	36650
943	431	191	34426	204	0	35252
944	230	208	34633	205	0	35276
945	265	200	36378	178	0	37021
946	213	250	637	36225	0	37325
947	279	182	37502	403	0	38366
948	205	206	429	36572	0	37412
949	36612	187	513	424	0	37736
950	395	199	228	36493	0	37315
951	35088	195	229	459	0	35971
952	352	36307	249	536	0	37444
953	442	482	187	36061	0	37172
954	228	462	35387	480	0	36557
955	192	37332	403	588	0	38515
956	241	766	436	35996	0	37439
957	267	422	36551	464	0	37704
958	159	35073	333	414	0	35979
959	147	34705	333	160	0	35345
960	276	557	34283	154	0	35270
961	163	609	392	32513	0	33677
962	140	123	33090	325	0	33678
963	30375	60	278	266	0	30979
964	31390	51	266	72	0	31779
965	441	31545	81	89	0	32156
966	31600	237	63	66	0	31966
967	256	270	61	31505	0	32092
968	288	68	31412	244	0	32012
969	29434	55	251	314	0	30054
970	252	67	31183	103	0	31605
971	246	30620	249	77	0	31192
972	30922	226	339	71	0	31558
973	233	263	48	30220	0	30764
974	287	47	31050	203	0	31587
975	30267	33	226	278	0	30804
976	30398	32	277	53	0	30760
977	30726	32	48	49	0	30855
978	476	36	27	30294	0	30833
979	281	37	43	30631	0	30992
980	70	66	30711	459	0	31306
981	48	30576	235	300	0	31159
982	56	227	279	29827	0	30389
983	61	263	60	30691	0	31075
984	60	76	30578	459	0	31173
985	73	74	30454	282	0	30883
986	69	46	477	30164	0	30756
987	29690	36	309	274	0	30309
988	219	30302	99	327	0	30947
989	30102	222	86	73	0	30483
990	252	30212	93	89	0	30646
991	329	244	29984	85	0	30642
992	81	285	30426	89	0	30881
993	29118	76	528	105	0	29827
994	32163	55	323	75	0	32616
995	536	32343	101	157	0	33137
996	403	298	31677	104	0	32482
997	108	346	331	31221	0	32006
998	110	64	385	30126	0	30685
999	115	31562	110	611	0	32398
1000	102	300	83	31668	0	32153
1001	105	384	31898	331	0	32718
1002	30682	86	349	398	0	31515
1003	31310	72	395	97	0	31874
1004	31410	82	112	90	0	31694
1005	31849	74	114	91	0	32128
1006	682	68	31230	99	0	32079
1007	30759	52	369	95	0	31275
1008	427	79	31357	99	0	31962
1009	442	30880	383	114	0	31819
1010	154	307	457	30785	0	31703
1011	31394	363	146	326	0	32229
1012	350	87	154	32380	0	32971
1013	451	83	32386	376	0	33296
1014	31738	77	395	444	0	32654
1015	32315	75	493	138	0	33021
1016	732	63	131	32168	0	33094
1017	479	89	112	32543	0	33223
1018	183	98	32217	743	0	33241
1019	142	32332	375	511	0	33360
1020	31003	351	438	136	0	31928
1021	388	406	29986	102	0	30882
1022	28087	82	375	110	0	28654
1023	384	28729	418	105	0	29636
1024	28162	309	130	68	0	28669
1025	397	27871	115	105	0	28488
1026	453	27836	111	124	0	28524
1027	188	620	131	27314	0	28253
1028	158	394	114	27713	0	28379
1029	139	111	112	27917	0	28279
1030	152	81	112	28065	0	28410
1031	166	91	27315	676	0	28248
1032	26438	89	342	449	0	27318
1033	27387	86	393	143	0	28009
1034	27884	62	109	146	0	28201
1035	703	69	132	27139	0	28043
1036	495	68	101	27338	0	28002
1037	27195	54	116	652	0	28017
1038	27169	74	109	437	0	27789
1039	27365	67	110	128	0	27670
1040	703	96	111	26226	0	27136
1041	457	93	100	25727	0	26377
1042	193	81	25254	577	0	26105
1043	151	80	24836	394	0	25461
1044	145	24463	587	179	0	25374
1045	21214	527	748	299	0	22788
1046	20702	329	217	105	0	21353
1047	20729	63	98	139	0	21029
1048	501	66	20747	103	0	21417
1049	20410	55	232	114	0	20811
1050	20619	63	295	89	0	21066
1051	20972	51	84	101	0	21208
1052	512	46	85	20328	0	20971
1053	349	43	95	20326	0	20813
1054	163	31	80	20256	0	20530
1055	134	44	18828	468	0	19474
1056	17038	63	205	306	0	17612
1057	253	17902	267	110	0	18532
1058	15931	135	46	56	0	16168
1059	194	15712	40	95	0	16041
1060	239	15575	33	83	0	15930
1061	137	313	88	15325	0	15863
1062	128	201	115	14857	0	15301
1063	69	15071	40	316	0	15496
1064	14806	128	40	211	0	15185
1065	14699	188	43	77	0	15007
1066	318	79	48	14472	0	14917
1067	243	30	14515	166	0	14954
1068	108	37	14340	210	0	14695
1069	105	40	14884	66	0	15095
1070	109	31	14696	64	0	14900
1071	13506	93	400	87	0	14086
1072	13581	20	189	66	0	13856
1073	305	18	56	13292	0	13671
1074	216	24	13258	161	0	13659
1075	97	36	143	13169	0	13445
1076	73	13691	189	140	0	14093
1077	90	14863	56	183	0	15192
1078	14867	259	58	59	0	15243
1079	14851	194	27	66	0	15138
1080	14919	56	44	59	0	15078
1081	305	40	34	14604	0	14983
1082	207	54	38	14856	0	15155
1083	101	51	34	15051	0	15237
1084	104	32	21	15065	0	15222
1085	100	32	14908	303	0	15343
1086	86	23	122	14844	0	15075
1087	15310	19	177	185	0	15691
1088	153	14	67	15520	0	15754
1089	208	31	52	15649	0	15940
1090	93	128	42	15502	0	15765
1091	75	15362	54	320	0	15811
1092	76	15131	44	231	0	15482
1093	62	15139	44	88	0	15333
1094	67	174	44	13079	0	13364
1095	60	122	40	13200	0	13422
1096	13226	19	21	184	0	13450
1097	13111	24	17	132	0	13284
1098	13333	20	18	55	0	13426
1099	187	24	28	13250	0	13489
1100	148	22	20	13109	0	13299
1101	45	13323	22	182	0	13572
1102	58	13645	15	154	0	13872
1103	13453	144	16	55	0	13668
1104	105	115	13	13271	0	13504
1105	13348	18	20	93	0	13479
1106	13536	18	21	133	0	13708
1107	172	28	19	13266	0	13485
1108	123	14161	26	89	0	14399
1109	14296	58	20	128	0	14502
1110	14556	101	19	61	0	14737
1111	181	18	15124	46	0	15369
1112	13960	12	40	23	0	14035
1113	52	14365	86	41	0	14544
1114	97	50	9	14725	0	14881
1115	16367	75	9	80	0	16531
1116	70	10	5	16687	0	16772
1117	112	12	8	16434	0	16566
1118	22	16709	18	154	0	16903
1119	16486	49	4	108	0	16647
1120	16505	91	7	30	0	16633
1121	150	16699	9	24	0	16882
1122	98	17717	11	25	0	17851
1123	17654	127	28	18	0	17827
1124	17533	88	14	13	0	17648
1125	147	13	17377	23	0	17560
1126	105	25	16735	26	0	16891
1127	31	27	17974	22	0	18054
1128	30	6	126	17848	0	18010
1129	24	4	92	18335	0	18455
1130	26	12	18452	128	0	18618
1131	17813	12	55	109	0	17989
1132	18986	9	91	28	0	19114
1133	19108	10	12	16	0	19146
1134	18990	11	7	19	0	19027
1135	159	18	21148	10	0	21335
1136	21333	11	57	33	0	21434
1137	22142	10	142	32	0	22326
1138	22255	13	20	30	0	22318
1139	22345	3	16	26	0	22390
1140	22188	7	26	26	0	22247
1141	166	22	23062	28	0	23278
1142	107	23294	58	38	0	23497
1143	31	58	94	23395	0	23578
1144	33	92	13	23623	0	23761
1145	38	28	23655	148	0	23869
1146	21814	20	64	114	0	22012
1147	82	15	90	23496	0	23683
1148	129	24	24166	66	0	24385
1149	47	16	23841	104	0	24008
1150	28	25415	157	57	0	25657
1151	38	57	103	25693	0	25891
1152	38	99	17	25932	0	26086
1153	35	19	16	26029	0	26099
1154	26109	6	16	164	0	26295
1155	68	20	14	26211	0	26313
1156	123	24	26219	86	0	26452
1157	55	31	25067	134	0	25287
1158	61	33	27749	51	0	27894
1159	56	19	156	27761	0	27992
1160	28579	13	128	84	0	28804
1161	92	29	28913	102	0	29136
1162	28109	21	82	33	0	28245
1163	32743	17	112	93	0	32965
1164	172	17	25	33684	0	33898
1165	132	14	25	34120	0	34291
1166	44	34961	35	215	0	35255
1167	43	68	35019	136	0	35266
1168	33390	131	75	53	0	33649
1169	83	27	128	36284	0	36522
1170	126	36588	45	115	0	36874
1171	47	98	32	37025	0	37202
1172	53	140	37120	121	0	37434
1173	56	49	92	36150	0	36347
1174	36	37107	156	115	0	37414
1175	54	85	32	36834	0	37005
1176	36614	117	25	109	0	36865
1177	105	15	26	36257	0	36403
1178	133	36218	36	119	0	36506
1179	31	36753	31	174	0	36989
1180	34956	181	25	58	0	35220
1181	129	155	37357	35	0	37676
1182	144	36	94	36996	0	37270
1183	56	23	116	38561	0	38756
1184	61	34	39412	215	0	39722
1185	36	39643	119	238	0	40036
1186	69	124	39873	47	0	40113
1187	45	209	110	38417	0	38781
1188	24	41227	130	153	0	41534
1189	41724	87	47	133	0	41991
1190	90	42111	29	99	0	42329
1191	98	42753	37	118	0	43006
1192	43127	175	55	46	0	43403
1193	44356	99	35	81	0	44571
1194	45352	22	23	55	0	45452
1195	181	22	22	45641	0	45866
1196	124	55	45843	121	0	46143
1197	44045	16	103	161	0	44325
1198	47771	15	112	37	0	47935
1199	244	29	29	49853	0	50155
1200	165	74	50294	179	0	50712
1201	39	50457	175	203	0	50874
1202	50290	146	161	60	0	50657
1203	51893	161	43	94	0	52191
1204	289	53589	50	73	0	54001
1205	203	55058	43	75	0	55379
1206	54978	296	32	35	0	55341
1207	54550	176	39	48	0	54813
1208	54177	32	25	43	0	54277
1209	329	25	18	54161	0	54533
1210	204	88	55561	173	0	56026
1211	53	49	157	54330	0	54589
1212	76	56	55293	192	0	55617
1213	50	54924	180	225	0	55379
1214	58	55287	185	98	0	55628
1215	94	310	65	52207	0	52676
1216	38	159	28	53886	0	54111
1217	51	53	35	52793	0	52932
1218	40	54398	52	346	0	54836
1219	53788	157	32	178	0	54155
1220	52760	178	35	77	0	53050
1221	272	54964	49	129	0	55414
1222	188	184	16	53247	0	53635
1223	74	54365	39	191	0	54669
1224	75	214	34	53699	0	54022
1225	58	54941	47	180	0	55226
1226	54892	169	27	200	0	55288
1227	190	170	32	54601	0	54993
1228	214	81	54676	191	0	55162
1229	52417	55	175	206	0	52853
1230	54047	53	170	107	0	54377
1231	315	103	54502	74	0	54994
1232	214	62	158	53750	0	54184
1233	116	87	55393	212	0	55808
1234	62	76	160	54835	0	55133
1235	99	108	53807	207	0	54221
1236	50358	72	170	209	0	50809
1237	207	71	162	52420	0	52860
1238	195	53384	62	228	0	53869
1239	54220	203	39	228	0	54690
1240	219	224	47	54912	0	55402
1241	244	91	45	54561	0	54941
1242	135	122	54475	387	0	55119
1243	98	86	171	55670	0	56025
1244	150	111	58095	267	0	58623
1245	143	91	59303	308	0	59845
1246	112	89	485	60514	0	61200
1247	137	84	65766	288	0	66275
1248	62523	91	355	405	0	63374
1249	72972	101	404	115	0	73592
1250	72493	126	103	127	0	72849
1251	1016	79804	111	197	0	81128
1252	693	619	86	79766	0	81164
1253	235	795	87	74121	0	75238
1254	175	81888	112	1174	0	83349
1255	80884	602	72	710	0	82268
1256	655	683	102	79960	0	81400
1257	825	182	83571	669	0	85247
1258	244	163	80751	770	0	81928
1259	151	80387	1270	314	0	82122
1260	80493	623	763	217	0	82096
1261	722	752	81360	189	0	83023
1262	71891	177	715	234	0	73017
1263	652	73522	814	306	0	75294
1264	772	603	77234	196	0	78805
1265	243	734	77097	142	0	78216
1266	217	209	78273	153	0	78852
1267	182	75227	1363	232	0	77004
1268	303	719	76535	171	0	77728
1269	72590	724	707	145	0	74166
1270	655	194	740	73338	0	74927
1271	734	139	174	76390	0	77437
1272	198	132	148	77221	0	77699
1273	163	130	114	77570	0	77977
1274	228	177	76924	1353	0	78682
1275	180	116	683	76043	0	77022
1276	161	111	741	76534	0	77547
1277	76052	104	229	1344	0	77729
1278	76812	109	168	860	0	77949
1279	74393	115	205	273	0	74986
1280	1351	159	76947	183	0	78640
1281	804	77868	741	265	0	79678
1282	195	79557	846	248	0	80846
1283	72869	1331	229	207	0	74636
1284	650	77838	202	242	0	78932
1285	858	762	228	76030	0	77878
1286	221	820	182	77404	0	78627
1287	200	259	77302	1431	0	79192
1288	176	74880	838	1014	0	76908
1289	203	729	75349	286	0	76567
1290	71672	795	851	265	0	73583
1291	74583	176	930	225	0	75914
1292	1457	125	271	74364	0	76217
1293	881	140	266	73163	0	74450
1294	238	108	272	73406	0	74024
1295	252	162	235	73675	0	74324
1296	300	175	73030	1541	0	75046
1297	297	347	774	71303	0	72721
1298	252	126	72296	890	0	73564
1299	222	129	69381	912	0	70644
1300	146	69337	1424	362	0	71269
1301	68585	688	1027	247	0	70547
1302	705	71264	327	254	0	72550
1303	892	831	266	66053	0	68042
1304	278	819	71323	778	0	73198
1305	66756	211	858	897	0	68722
1306	855	189	70846	299	0	72189
1307	69642	166	931	249	0	70988
1308	70069	157	965	279	0	71470
1309	1530	178	322	71788	0	73818
1310	998	171	315	70489	0	71973
1311	363	203	335	71266	0	72167
1312	360	196	69846	1686	0	72088
1313	66277	212	920	1095	0	68504
1314	959	68698	1048	472	0	71177
1315	1118	840	349	67236	0	69543
1316	69310	973	295	953	0	71531
1317	69746	345	324	1067	0	71482
1318	70146	308	304	499	0	71257
1319	1902	344	68907	468	0	71621
1320	68833	352	993	499	0	70677
1321	69362	426	1097	531	0	71416
1322	1804	321	67267	614	0	70006
1323	1191	360	71070	472	0	73093
1324	505	329	1950	69433	0	72217
1325	486	325	71908	1050	0	73769
1326	411	69276	1446	1206	0	72339
1327	429	71334	1506	430	0	73699
1328	68886	1734	678	340	0	71638
1329	1081	71742	545	389	0	73757
1330	1251	1023	585	70990	0	73849
1331	68364	1049	640	1079	0	71132
1332	982	71426	597	1352	0	74357
1333	1063	1033	581	70709	0	73386
1334	400	1058	662	71572	0	73692
1335	402	378	70621	2052	0	73453
1336	379	269	1227	70198	0	72073
1337	413	348	70888	1449	0	73098
1338	488	249	69944	1474	0	72155
1339	546	201	1741	67424	0	69912
1340	444	198	1126	68760	0	70528
1341	67798	168	425	2143	0	70534
1342	1086	72166	461	1595	0	75308
1343	1180	991	351	69753	0	72275
1344	587	1813	368	69474	0	72242
1345	66410	274	297	2077	0	69058
1346	1242	65093	342	1373	0	68050
1347	1164	60873	342	481	0	62860
1348	408	58122	336	364	0	59230
1349	219	51727	296	256	0	52498
1350	44159	1059	1396	174	0	46788
1351	42881	554	347	139	0	43921
1352	41703	153	121	141	0	42118
1353	41720	104	104	142	0	42070
1354	977	110	92	40656	0	41835
1355	572	139	40426	533	0	41670
1356	178	40119	530	591	0	41418
1357	156	528	529	39134	0	40347
1358	177	470	39461	511	0	40619
1359	150	159	524	38929	0	39762
1360	156	95	496	38853	0	39600
1361	145	125	39063	945	0	40278
1362	132	125	501	38909	0	39667
1363	164	105	517	38053	0	38839
1364	39036	85	165	966	0	40252
1365	38482	90	138	620	0	39330
1366	38463	101	133	225	0	38922
1367	38468	121	126	215	0	38930
1368	998	120	142	37517	0	38777
1369	610	136	101	37912	0	38759
1370	226	139	113	38227	0	38705
1371	37255	122	120	1052	0	38549
1372	654	133	114	37719	0	38620
1373	635	122	113	37570	0	38440
1374	270	141	36588	1013	0	38012
1375	235	274	501	35030	0	36040
1376	220	35825	541	624	0	37210
1377	227	36649	153	681	0	37710
1378	34803	861	122	259	0	36045
1379	606	503	34868	280	0	36257
1380	552	33365	492	218	0	34627
1381	32508	445	638	191	0	33782
1382	516	475	126	32645	0	33762
1383	525	153	32849	539	0	34066
1384	231	265	455	30907	0	31858
1385	158	33398	503	598	0	34657
1386	32894	422	187	549	0	34052
1387	487	34124	159	245	0	35015
1388	33895	466	95	247	0	34703
1389	34048	483	143	213	0	34887
1390	888	151	100	33791	0	34930
1391	579	151	91	32489	0	33310
1392	214	33714	115	903	0	34946
1393	33773	478	112	569	0	34932
1394	565	511	33632	265	0	34973
1395	32613	154	424	233	0	33424
1396	32189	128	433	224	0	32974
1397	1112	106	31396	227	0	32841
1398	509	280	411	30264	0	31464
1399	30676	87	440	530	0	31733
1400	498	130	30586	541	0	31755
1401	499	114	29486	222	0	30321
1402	27037	119	774	220	0	28150
1403	428	27843	465	199	0	28935
1404	420	26076	126	148	0	26770
1405	321	727	191	25129	0	26368
1406	178	434	25311	377	0	26300
1407	23298	160	385	413	0	24256
1408	405	141	25048	164	0	25758
1409	388	23364	331	136	0	24219
1410	23120	345	379	129	0	23973
1411	390	348	97	23040	0	23875
1412	23332	105	85	383	0	23905
1413	391	104	23136	393	0	24024
1414	423	102	319	22022	0	22866
1415	164	23257	331	341	0	24093
1416	150	356	101	22854	0	23461
1417	152	375	94	23105	0	23726
1418	164	111	23081	650	0	24006
1419	152	22461	370	403	0	23386
1420	168	22353	341	169	0	23031
1421	184	463	21442	157	0	22246
1422	19652	322	361	123	0	20458
1423	20345	65	297	132	0	20839
1424	567	101	123	19816	0	20607
1425	19207	76	112	276	0	19671
1426	312	18627	92	335	0	19366
1427	301	19080	101	166	0	19648
1428	19017	435	149	131	0	19732
1429	369	320	110	18870	0	19669
1430	19347	74	110	330	0	19861
1431	19383	81	80	335	0	19879
1432	518	98	80	18525	0	19221
1433	342	97	18544	335	0	19318
1434	18032	91	296	280	0	18699
1435	18474	77	283	96	0	18930
1436	549	102	114	17872	0	18637
1437	340	18192	114	308	0	18954
1438	151	381	81	18216	0	18829
1439	147	280	18103	348	0	18878
1440	163	84	17766	316	0	18329
1441	153	17609	494	140	0	18396
1442	366	243	253	12298	0	13160
1443	43	127	75	12382	0	12627
1444	77	47	12462	189	0	12775
1445	11761	38	116	130	0	12045
1446	12524	29	124	56	0	12733
1447	12650	27	53	46	0	12776
1448	12590	35	47	31	0	12703
1449	217	12413	34	53	0	12717
1450	139	12662	42	55	0	12898
1451	12844	194	40	54	0	13132
1452	146	131	49	13185	0	13511
1453	158	47	45	13148	0	13398
1454	61	13424	49	223	0	13757
1455	68	137	29	13527	0	13761
1456	66	146	33	13102	0	13347
1457	71	13210	49	245	0	13575
1458	81	119	13139	175	0	13514
1459	57	153	121	13118	0	13449
1460	13191	71	142	132	0	13536
1461	12950	51	41	166	0	13208
1462	257	32	12800	59	0	13148
1463	197	27	12652	52	0	12928
1464	101	35	12646	39	0	12821
1465	57	71	244	12162	0	12534
1466	65	34	12512	136	0	12747
1467	85	43	12321	139	0	12588
1468	74	155	241	11416	0	11886
1469	71	12485	151	146	0	12853
1470	96	103	12572	152	0	12923
1471	44	12823	107	85	0	13059
1472	12438	143	160	40	0	12781
1473	111	12764	53	52	0	12980
1474	161	120	50	12360	0	12691
1475	12446	115	43	133	0	12737
1476	126	37	36	12398	0	12597
1477	151	41	40	12437	0	12669
1478	71	43	12739	210	0	13063
1479	62	12371	114	169	0	12716
1480	69	12570	133	60	0	12832
1481	67	252	66	11835	0	12220
1482	45	124	42	11816	0	12027
1483	45	36	29	11606	0	11716
1484	31	30	11357	198	0	11616
1485	39	29	10716	118	0	10902
1486	9489	25	176	52	0	9742
1487	95	20	10407	43	0	10565
1488	92	23	10267	40	0	10422
1489	30	9909	164	44	0	10147
1490	95	89	116	9807	0	10107
1491	39	90	10043	76	0	10248
1492	25	22	72	9700	0	9819
1493	23	21	10201	90	0	10335
1494	21	8	82	10071	0	10182
1495	21	17	10617	86	0	10741
1496	27	18	95	10370	0	10510
1497	25	23	95	10254	0	10397
1498	23	10683	29	160	0	10895
1499	22	75	26	10635	0	10758
1500	14	10961	18	100	0	11093
1501	17	89	24	11014	0	11144
1502	25	99	28	11005	0	11157
1503	10793	22	22	163	0	11000
1504	82	26	22	10776	0	10906
1505	100	26	10692	93	0	10911
1506	32	26	72	10633	0	10763
1507	25	18	94	10708	0	10845
1508	24	20	10597	179	0	10820
1509	18	27	10526	124	0	10695
1510	23	25	157	10168	0	10373
1511	24	17	105	10578	0	10724
1512	19	29	10595	188	0	10831
1513	16	10349	99	152	0	10616
1514	5	10615	123	60	0	10803
1515	10394	157	35	50	0	10636
1516	93	113	38	10488	0	10732
1517	10692	28	38	103	0	10861
1518	10334	17	44	118	0	10513
1519	155	10573	45	54	0	10827
1520	10675	77	51	44	0	10847
1521	10580	98	41	50	0	10769
1522	158	29	10596	36	0	10819
1523	101	37	97	10498	0	10733
1524	25	21	10971	103	0	11120
1525	13	50	103	10813	0	10979
1526	12	19	10979	115	0	11125
1527	16	10436	88	126	0	10666
1528	16	10532	113	48	0	10709
1529	69	209	56	9939	0	10273
1530	9802	95	43	81	0	10021
1531	63	23	20	9928	0	10034
1532	87	13	20	9898	0	10018
1533	17	19	9994	163	0	10193
1534	21	16	9988	115	0	10140
1535	21	27	10153	47	0	10248
1536	19	20	153	9838	0	10030
1537	16	26	97	9530	0	9669
1538	16	10107	28	154	0	10305
1539	17	10339	31	121	0	10508
1540	10094	137	31	49	0	10311
1541	67	10304	35	52	0	10458
1542	86	90	10069	42	0	10287
1543	13	87	96	9861	0	10057
1544	21	26	10462	85	0	10594
1545	9	10471	90	117	0	10687
1546	39	123	104	10347	0	10613
1547	10015	83	33	92	0	10223
1548	70	21	10321	107	0	10519
1549	83	10311	81	57	0	10532
1550	29	62	10253	41	0	10385
1551	15	10106	85	36	0	10242
1552	59	128	101	9366	0	9654
1553	9415	79	35	81	0	9610
1554	9274	19	17	85	0	9395
1555	107	9356	26	30	0	9519
1556	9439	47	20	33	0	9539
1557	52	66	26	9386	0	9530
1558	9482	17	30	70	0	9599
1559	58	15	9769	95	0	9937
1560	72	25	9778	35	0	9910
1561	21	26	121	9302	0	9470
1562	19	23	73	10068	0	10183
1563	20	29	9991	137	0	10177
1564	24	19	73	10031	0	10147
1565	10097	23	83	81	0	10284
1566	9994	21	29	97	0	10141
1567	121	9878	33	58	0	10090
1568	73	9789	33	44	0	9939
1569	9429	122	30	32	0	9613
1570	72	79	22	9266	0	9439
1571	9177	19	30	78	0	9304
1572	66	9122	30	93	0	9311
1573	9123	59	24	38	0	9244
1574	68	77	8956	22	0	9123
1575	75	21	8943	25	0	9064
1576	25	65	125	8797	0	9012
1577	29	19	9108	78	0	9234
1578	18	20	62	8657	0	8757
1579	23	21	70	8614	0	8728
1580	31	14	9084	129	0	9258
1581	21	24	68	9022	0	9135
1582	30	18	78	9458	0	9584
1583	24	16	9698	126	0	9864
1584	25	18	9715	90	0	9848
1585	9388	16	137	26	0	9567
1586	78	13	10020	23	0	10134
1587	9979	22	123	23	0	10147
1588	10641	13	94	18	0	10766
1589	165	18	11026	20	0	11229
1590	114	20	11169	11	0	11314
1591	34	43	180	10621	0	10878
1592	25	16	113	10330	0	10484
1593	15	10698	35	165	0	10913
1594	12	10854	31	128	0	11025
1595	23	160	10625	38	0	10846
1596	10247	91	87	28	0	10453
1597	10557	18	104	23	0	10702
1598	166	21	10449	15	0	10651
1599	97	15	10471	9	0	10592
1600	22	21	164	9940	0	10147
1601	20	10444	99	88	0	10651
1602	18	74	27	10443	0	10562
1603	29	84	19	10576	0	10708
1604	10550	15	20	166	0	10751
1605	10501	12	18	92	0	10623
1606	168	8	17	10646	0	10839
1607	101	8	10708	89	0	10906
1608	10177	14	89	100	0	10380
1609	86	10809	106	31	0	11032
1610	10888	77	22	30	0	11017
1611	10525	82	25	22	0	10654
1612	161	10782	25	25	0	10993
1613	97	10890	30	33	0	11050
1614	24	148	28	10804	0	11004
1615	28	86	30	10799	0	10943
1616	18	10911	28	170	0	11127
1617	17	93	25	10816	0	10951
1618	21	93	23	10839	0	10976
1619	32	20	10768	173	0	10993
1620	10559	17	99	100	0	10775
1621	10890	13	95	35	0	11033
1622	10980	13	34	24	0	11051
1623	184	9	35	10716	0	10944
1624	10493	9	37	95	0	10634
1625	103	10463	21	107	0	10694
1626	116	109	25	9588	0	9838
1627	32	10150	28	90	0	10300
1628	39	10353	22	93	0	10507
1629	10307	145	57	26	0	10535
1630	10267	88	36	23	0	10414
1631	10134	19	22	27	0	10202
1632	10118	17	23	33	0	10191
1633	10071	15	20	26	0	10132
1634	171	25	10071	17	0	10284
1635	9923	20	81	27	0	10051
1636	115	13	10177	27	0	10332
1637	9869	12	86	29	0	9996
1638	9894	13	94	31	0	10032
1639	9827	11	45	27	0	9910
1640	171	16	10120	39	0	10346
1641	117	40	93	9384	0	9634
1642	43	10355	94	75	0	10567
1643	10445	85	31	87	0	10648
1644	10232	103	33	25	0	10393
1645	170	10378	39	57	0	10644
1646	10542	77	27	29	0	10675
1647	131	93	28	10004	0	10256
1648	102	10504	34	97	0	10737
1649	10432	85	27	102	0	10646
1650	10437	97	29	37	0	10600
1651	176	30	30	10383	0	10619
1652	10509	30	38	98	0	10675
1653	117	23	53	10610	0	10803
1654	133	21	42	10621	0	10817
1655	84	19	10651	168	0	10922
1656	70	29	99	10495	0	10693
1657	56	40	106	10605	0	10807
1658	58	34	10635	175	0	10902
1659	59	33	10301	95	0	10488
1660	54	26	156	10299	0	10535
1661	64	28	10448	93	0	10633
1662	9620	22	99	100	0	9841
1663	98	10475	103	37	0	10713
1664	109	87	25	10319	0	10540
1665	56	84	34	10563	0	10737
1666	53	25	23	10682	0	10783
1667	10648	28	22	152	0	10850
1668	10610	26	19	105	0	10760
1669	10679	34	25	43	0	10781
1670	175	10712	19	58	0	10964
1671	124	91	16	10729	0	10960
1672	66	86	5	10867	0	11024
1673	10846	38	18	147	0	11049
1674	10841	38	12	89	0	10980
1675	164	42	17	10804	0	11027
1676	112	46	10858	92	0	11108
1677	10654	34	75	98	0	10861
1678	10960	31	69	46	0	11106
1679	174	36	11095	37	0	11342
1680	10307	28	66	50	0	10451
1681	112	20	10985	59	0	11176
1682	10546	16	71	37	0	10670
1683	98	188	82	10768	0	11136
1684	110	11625	32	74	0	11841
1685	69	58	12101	79	0	12307
1686	52	12115	80	33	0	12280
1687	37	11570	69	37	0	11713
1688	11162	154	134	82	0	11532
1689	53	64	18	11020	0	11155
1690	41	5	7	10874	0	10927
1691	11337	3	9	68	0	11417
1692	29	4	5	11562	0	11600
1693	39	5	7	11544	0	11595
1694	12	4	9	11584	0	11609
1695	10	8	5	11448	0	11471
1696	9	17	11532	68	0	11626
1697	13	7	11347	47	0	11414
1698	8	11508	67	20	0	11603
1699	11715	26	35	23	0	11799
1700	40	38	2	11861	0	11941
1701	50	12200	8	50	0	12308
1702	12	35	4	12737	0	12788
1703	11	38	8	12849	0	12906
1704	8	4	5	12953	0	12970
1705	15	4	3	13103	0	13125
1706	18	5	8	13040	0	13071
1707	17	13026	6	78	0	13127
1708	10	33	7	13150	0	13200
1709	26	45	12933	41	0	13045
1710	15	13045	38	68	0	13166
1711	13	41	38	13073	0	13165
1712	23	54	6	12994	0	13077
1713	15	12929	13	72	0	13029
1714	11	13124	8	60	0	13203
1715	12818	91	8	13	0	12930
1716	34	12957	7	24	0	13022
1717	12796	26	14	22	0	12858
1718	12645	39	16	18	0	12718
1719	62	10	13609	16	0	13697
1720	47	12	29	12872	0	12960
1721	19	11	13822	42	0	13894
1722	6	14248	32	87	0	14373
1723	9	52	35	13794	0	13890
1724	10	52	12	14362	0	14436
1725	11	7	7	14558	0	14583
1726	7	11	4	14723	0	14745
1727	16	14	15021	86	0	15137
1728	10	3	35	14913	0	14961
1729	15	15	15310	55	0	15395
1730	10	14	15179	58	0	15261
1731	14280	11	97	31	0	14419
1732	14818	6	816	21	0	15661
1733	15708	7	11	19	0	15745
1734	77	15707	10	29	0	15823
1735	49	44	9	15807	0	15909
1736	32	50	16470	61	0	16613
1737	14	12	41	16239	0	16306
1738	19	17	17195	61	0	17292
1739	16632	13	48	72	0	16765
1740	17069	13	48	19	0	17149
1741	17051	10	14	16	0	17091
1742	100	18	16768	16	0	16902
1743	61	23	16973	14	0	17071
1744	18	24	87	17072	0	17201
1745	9	8	49	17409	0	17475
1746	9	8	11	17724	0	17752
1747	18	15	17888	90	0	18011
1748	20	21	17043	61	0	17145
1749	17073	9	80	26	0	17188
1750	43	9	45	18307	0	18404
1751	49	7	13	18459	0	18528
1752	18901	6	4	103	0	19014
1753	43	4	11	18913	0	18971
1754	20597	9	12	84	0	20702
1755	21376	6	13	86	0	21481
1756	21212	4	8	33	0	21257
1757	104	21	22090	23	0	22238
1758	54	22138	49	72	0	22313
1759	23046	39	53	36	0	23174
1760	52	58	14	23111	0	23235
1761	57	11	9	22914	0	22991
1762	14	23482	16	120	0	23632
1763	23317	42	5	75	0	23439
1764	23377	55	10	28	0	23470
1765	23670	8	8	29	0	23715
1766	97	24285	17	24	0	24423
1767	25538	43	11	45	0	25637
1768	25644	58	7	23	0	25732
1769	25843	10	12	33	0	25898
1770	90	9	9	25511	0	25619
1771	64	10	10	25792	0	25876
1772	29	33	26752	114	0	26928
1773	21	16	46	26019	0	26102
1774	26	10	55	26736	0	26827
1775	30	21	26826	113	0	26990
1776	25095	4	56	84	0	25239
1777	26822	12	58	23	0	26915
1778	108	14	10	26583	0	26715
1779	65	26702	18	71	0	26856
1780	31	26903	17	85	0	27036
1781	21	179	17	26527	0	26744
1782	26	74	26278	60	0	26438
1783	25	72	58	25191	0	25346
1784	25	15	26090	50	0	26180
1785	25	22	26933	53	0	27033
1786	11	12	59	27231	0	27313
1787	27756	7	40	44	0	27847
1788	27423	3	7	58	0	27491
1789	70	7	6	28566	0	28649
1790	54	7	7	29163	0	29231
1791	16	5	11	29187	0	29219
1792	12	0	11	29347	0	29370
1793	29460	6	22	88	0	29576
1794	29154	10	10	57	0	29231
1795	29190	7	15	26	0	29238
1796	81	21	29585	17	0	29704
1797	50	7	26	29250	0	29333
1798	17	8	37	30076	0	30138
1799	30004	2	13	80	0	30099
1800	38	30096	23	55	0	30212
1801	30068	27	8	32	0	30135
1802	29904	43	7	26	0	29980
1803	29830	14	8	23	0	29875
1804	29874	8	13	17	0	29912
1805	99	25	31740	15	0	31879
1806	72	36	30518	16	0	30642
1807	32299	18	114	24	0	32455
1808	33252	7	42	28	0	33329
1809	33118	3	9	33	0	33163
1810	33696	7	11	35	0	33749
1811	114	44	36070	14	0	36242
1812	80	37782	70	52	0	37984
1813	98	74	89	39589	0	39850
1814	42652	103	18	153	0	42926
1815	43354	30	6	128	0	43518
1816	45714	1	17	56	0	45788
1817	46472	8	13	20	0	46513
1818	46674	11	17	33	0	46735
1819	45345	17	31	37	0	45430
1820	467	36	44292	29	0	44824
1821	277	52	44817	18	0	45164
1822	77	51	312	44130	0	44570
1823	60	36	45631	163	0	45890
1824	44	45192	177	230	0	45643
1825	38	46775	214	83	0	47110
1826	81	332	56	46916	0	47385
1827	72	225	50043	146	0	50486
1828	66	74	48529	195	0	48864
1829	47730	40	358	56	0	48184
1830	53596	27	243	23	0	53889
1831	474	22	50	54877	0	55423
1832	56005	18	46	300	0	56369
1833	323	26	43	55926	0	56318
1834	309	23	31	56129	0	56492
1835	107	39	57714	593	0	58453
1836	96	68	56262	341	0	56767
1837	53	26	566	56280	0	56925
1838	96	49	56933	342	0	57420
1839	52098	21	345	378	0	52842
1840	57303	14	310	100	0	57727
1841	592	59677	98	125	0	60492
1842	60295	288	57	75	0	60715
1843	425	362	59910	54	0	60751
1844	58641	43	362	71	0	59117
1845	60280	12	361	61	0	60714
1846	60831	23	93	70	0	61017
1847	715	34	69	58832	0	59650
1848	414	60718	98	342	0	61572
1849	60933	313	74	371	0	61691
1850	60924	340	58	86	0	61408
1851	734	116	68	61413	0	62331
1852	61676	28	55	382	0	62141
1853	521	63250	79	471	0	64321
1854	478	388	49	62196	0	63111
1855	201	416	61852	436	0	62905
1856	52980	78	453	567	0	54078
1857	489	54	61917	171	0	62631
1858	504	111	473	60218	0	61306
1859	167	61414	498	444	0	62523
1860	145	65302	158	523	0	66128
1861	184	888	104	64645	0	65821
1862	184	68741	144	519	0	69588
1863	204	758	94	81944	0	83000
1864	178	620	96	84887	0	85781
1865	206	155	100	86538	0	86999
1866	83220	99	94	1633	0	85046
1867	921	81	86	84751	0	85839
1868	1008	146	83375	1022	0	85551
1869	294	83421	846	1001	0	85562
1870	82360	828	826	298	0	84312
1871	965	857	141	82759	0	84722
1872	986	185	86	83613	0	84870
1873	305	134	104	85298	0	85841
1874	298	160	83420	1825	0	85703
1875	205	83512	880	1119	0	85716
1876	82669	854	862	339	0	84724
1877	973	905	249	77539	0	79666
1878	930	84290	202	959	0	86381
1879	83576	913	178	960	0	85627
1880	1017	931	83391	308	0	85647
1881	81489	231	991	276	0	82987
1882	1121	248	84944	251	0	86564
1883	1066	235	84170	267	0	85738
1884	293	83154	1700	528	0	85675
1885	330	953	989	80227	0	82499
1886	337	1001	81468	1048	0	83854
1887	224	79206	1039	1218	0	81687
1888	258	952	988	75915	0	78113
1889	260	79333	307	1054	0	80954
1890	266	1018	78273	1076	0	80633
1891	232	980	999	76877	0	79088
1892	317	313	79422	1135	0	81187
1893	237	237	1071	77515	0	79060
1894	275	208	1001	78950	0	80434
1895	294	256	78344	1915	0	80809
1896	291	242	1053	77916	0	79502
1897	75624	223	1043	1307	0	78197
1898	989	76798	392	1470	0	79649
1899	1080	1048	76580	567	0	79275
1900	74645	1012	1060	487	0	77204
1901	1143	355	1056	72721	0	75275
1902	1161	76660	388	1165	0	79374
1903	76938	1043	375	1164	0	79520
1904	77226	1061	354	497	0	79138
1905	1890	417	358	73881	0	76546
1906	1213	356	303	75155	0	77027
1907	427	283	300	75670	0	76680
1908	326	371	341	73990	0	75028
1909	358	73669	338	2243	0	76608
1910	528	2115	377	67148	0	70168
1911	311	70676	377	1366	0	72730
1912	379	69152	378	1391	0	71300
1913	345	68433	372	717	0	69867
1914	480	1878	63305	620	0	66283
1915	346	65561	1071	648	0	67626
1916	60414	1125	1334	753	0	63626
1917	972	61915	442	887	0	64216
1918	1002	1063	418	55160	0	57643
1919	449	61911	434	1443	0	64237
1920	385	1114	449	60701	0	62649
1921	436	1164	432	61799	0	63831
1922	454	571	60788	2000	0	63813
1923	57428	564	1129	1390	0	60511
1924	59950	571	1007	804	0	62332
1925	58972	509	491	800	0	60772
1926	1714	58679	553	939	0	61885
1927	1098	1115	536	55921	0	58670
1928	607	1113	55537	1484	0	58741
1929	482	54986	1214	1432	0	58114
1930	583	1411	1065	44130	0	47189
1931	432	50688	533	1070	0	52723
1932	49598	1061	512	1019	0	52190
1933	50008	1030	473	623	0	52134
1934	50507	550	487	567	0	52111
1935	49659	490	600	543	0	51292
1936	1537	421	612	48166	0	50736
1937	977	514	579	46880	0	48950
1938	421	48473	606	1593	0	51093
1939	414	1012	516	48826	0	50768
1940	373	1066	47556	1259	0	50254
1941	316	553	968	46130	0	47967
1942	326	528	45763	1239	0	47856
1943	298	44514	1003	1264	0	47079
1944	337	994	45228	701	0	47260
1945	332	1012	1129	44171	0	46644
1946	344	510	45620	1205	0	47679
1947	310	453	1020	44739	0	46522
1948	343	464	1043	44445	0	46295
1949	449	479	433	44657	0	46018
1950	472	422	438	44706	0	46038
1951	42713	482	378	1625	0	45198
1952	902	43277	406	1200	0	45785
1953	41562	901	284	701	0	43448
1954	835	926	40692	663	0	43116
1955	39784	502	750	620	0	41656
1956	40348	425	745	637	0	42155
1957	1511	480	39760	585	0	42336
1958	1254	448	38530	565	0	40797
1959	528	38099	1104	608	0	40339
1960	413	35437	633	618	0	37101
1961	745	1158	32797	665	0	35365
1962	386	29006	724	827	0	30943
1963	658	944	581	15167	0	17350
1964	13898	137	236	207	0	14478
1965	103	46	32	13982	0	14163
1966	14336	42	18	101	0	14497
1967	14237	38	24	118	0	14417
1968	152	14758	24	73	0	15007
1969	14702	82	21	42	0	14847
1970	14667	86	16	53	0	14822
1971	149	44	17	14371	0	14581
1972	14644	21	18	113	0	14796
1973	74	14935	27	122	0	15158
1974	94	88	15	14917	0	15114
1975	14964	101	13	94	0	15172
1976	82	40	15062	114	0	15298
1977	14813	29	82	36	0	14960
1978	86	96	83	15319	0	15584
1979	93	26	15703	74	0	15896
1980	32	31	15540	81	0	15684
1981	14930	101	187	21	0	15239
1982	15602	17	79	33	0	15731
1983	127	11	8	15631	0	15777
1984	74	15	13	15838	0	15940
1985	23	13	5	15583	0	15624
1986	21	16046	10	127	0	16204
1987	16094	67	7	78	0	16246
1988	68	16248	14	30	0	16360
1989	16098	65	19	13	0	16195
1990	85	76	16084	18	0	16263
1991	78	11	63	16062	0	16214
1992	16593	10	75	74	0	16752
1993	77	24	17	16608	0	16726
1994	85	5	15	16296	0	16401
1995	22	16403	29	124	0	16578
1996	16288	67	17	74	0	16446
1997	61	17129	23	43	0	17256
1998	78	73	15	17350	0	17516
1999	27	81	17169	75	0	17352
2000	14703	14	76	115	0	14908
2001	95	19	17087	26	0	17227
2002	15548	22	74	32	0	15676
2003	73	17400	96	47	0	17616
2004	100	90	12	16576	0	16778
2005	23	17447	27	109	0	17606
2006	17493	77	18	108	0	17696
2007	96	90	14	17670	0	17870
2008	100	15	17	17976	0	18108
2009	39	27	17584	187	0	17837
2010	15740	27	91	136	0	15994
2011	105	27	92	17789	0	18013
2012	118	22	17520	109	0	17769
2013	20	17528	98	118	0	17764
2014	31	93	99	17506	0	17729
2015	17745	95	21	95	0	17956
2016	101	14	20	17875	0	18010
2017	117	27	17971	100	0	18215
2018	18308	23	91	116	0	18538
2019	120	19	109	19069	0	19317
2020	144	29	20884	132	0	21189
2021	37	23	151	21014	0	21225
2022	40	31	163	20489	0	20723
2023	37	21529	34	306	0	21906
2024	21126	152	23	180	0	21481
2025	159	21625	39	60	0	21883
2026	21527	169	20	42	0	21758
2027	178	177	20	20767	0	21142
2028	179	21553	23	158	0	21913
2029	55	168	16	21523	0	21762
2030	59	181	21165	183	0	21588
2031	20087	51	152	202	0	20492
2032	179	22	168	20715	0	21084
2033	192	29	42	20512	0	20775
2034	57	33	23	20778	0	20891
2035	56	28	20316	351	0	20751
2036	59	43	20142	216	0	20460
2037	52	20291	317	84	0	20744
2038	47	162	171	19708	0	20088
2039	19738	168	40	169	0	20115
2040	159	20184	43	223	0	20609
2041	190	162	31	20480	0	20863
2042	20686	174	24	182	0	21066
2043	20434	38	32	213	0	20717
2044	329	20733	52	99	0	21213
2045	21960	172	26	66	0	22224
2046	23023	193	21	64	0	23301
2047	410	53	27	23637	0	24127
2048	270	23941	32	258	0	24501
2049	70	238	23	24479	0	24810
2050	23969	265	28	282	0	24544
2051	268	60	24278	308	0	24914
2052	304	48	230	23762	0	24344
2053	97	48	272	24102	0	24519
2054	74	47	23956	532	0	24609
2055	76	43	238	23919	0	24276
2056	23796	48	284	326	0	24454
2057	22632	47	78	350	0	23107
2058	490	28	57	23455	0	24030
2059	345	43	23393	303	0	24084
2060	84	61	22806	348	0	23299
2061	58	22827	497	189	0	23571
2062	70	23179	308	127	0	23684
2063	104	470	96	22303	0	22973
2064	22042	286	61	269	0	22658
2065	235	22257	59	348	0	22899
2066	21955	236	65	99	0	22355
2067	251	293	64	21649	0	22257
2068	297	97	44	21459	0	21897
2069	20848	66	39	512	0	21465
2070	254	21100	46	372	0	21772
2071	21269	249	47	115	0	21680
2072	298	309	20447	111	0	21165
2073	328	75	20108	105	0	20616
2074	120	98	459	19439	0	20116
2075	76	60	20181	289	0	20606
2076	90	53	19666	324	0	20133
2077	92	84	487	18330	0	18993
2078	94	56	19265	263	0	19678
2079	86	53	283	18398	0	18820
2080	92	41	303	18417	0	18853
2081	86	44	18621	514	0	19265
2082	70	58	276	18161	0	18565
2083	76	44	322	17395	0	17837
2084	69	17760	119	522	0	18470
2085	17638	227	101	350	0	18316
2086	242	286	17691	158	0	18377
2087	295	78	264	17341	0	17978
2088	88	62	312	17647	0	18109
2089	74	76	17409	548	0	18107
2090	16216	58	256	389	0	16919
2091	235	17043	320	360	0	17958
2092	305	234	99	16967	0	17605
2093	101	303	88	16745	0	17237
2094	82	17083	107	539	0	17811
2095	112	234	16987	394	0	17727
2096	73	17308	283	172	0	17836
2097	16435	293	320	144	0	17192
2098	257	298	16240	117	0	16912
2099	285	114	259	15931	0	16589
2100	109	82	16493	296	0	16980
2101	100	92	16288	336	0	16816
2102	87	16036	468	153	0	16744
2103	170	253	329	15069	0	15821
2104	15183	268	123	253	0	15827
2105	15119	89	96	317	0	15621
2106	442	15189	102	140	0	15873
2107	271	233	106	15113	0	15723
2108	15065	251	85	305	0	15706
2109	15173	78	91	303	0	15645
2110	412	15173	99	165	0	15849
2111	15490	205	72	128	0	15895
2112	272	243	94	14769	0	15378
2113	294	15381	97	269	0	16041
2114	120	214	84	15696	0	16114
2115	83	297	127	15460	0	15967
2116	112	205	89	15607	0	16013
2117	99	92	15197	459	0	15847
2118	109	83	13936	289	0	14417
2119	53	13827	361	173	0	14414
2120	11692	166	270	101	0	12229
2121	153	11637	93	123	0	12006
2122	176	159	60	11185	0	11580
2123	79	164	11657	187	0	12087
2124	61	74	169	11325	0	11629
2125	53	71	190	11548	0	11862
2126	42	79	82	11722	0	11925
2127	11478	52	59	299	0	11888
2128	139	61	70	11626	0	11896
2129	163	54	12153	176	0	12546
2130	11689	51	164	213	0	12117
2131	12012	35	196	106	0	12349
2132	12291	32	78	109	0	12510
2133	12341	36	47	105	0	12529
2134	12306	42	57	82	0	12487
2135	272	12154	63	105	0	12594
2136	206	128	62	11512	0	11908
2137	97	12104	58	161	0	12420
2138	11952	134	56	189	0	12331
2139	11804	141	44	78	0	12067
2140	11389	60	53	63	0	11565
2141	257	11216	56	59	0	11588
2142	159	10873	58	63	0	11153
2143	62	10966	49	80	0	11157
2144	97	225	10680	62	0	11064
2145	158	678	139	8540	0	9515
2146	30	7622	69	51	0	7772
2147	8	6929	6	24	0	6967
2148	19	19	15	6812	0	6865
2149	2	18	6	6852	0	6878
2150	3	8	6964	31	0	7006
2151	6849	6	13	26	0	6894
2152	16	1	22	7378	0	7417
2153	26	8	2	7404	0	7440
2154	8	5	7418	36	0	7467
2155	8	15	7264	29	0	7316
2156	7	7668	33	8	0	7716
2157	5	15	24	7692	0	7736
2158	7	20	5	7774	0	7806
2159	14	4	7696	44	0	7758
2160	7115	3	14	28	0	7160
2161	7689	7	30	8	0	7734
2162	46	7	7945	6	0	8004
2163	7765	7	15	9	0	7796
2164	33	7	8154	5	0	8199
2165	8016	5	21	5	0	8047
2166	8221	3	29	9	0	8262
2167	53	10	8430	14	0	8507
2168	37	5	23	8368	0	8433
2169	13	6	31	8674	0	8724
2170	12	7	7	8946	0	8972
2171	8944	7	3	65	0	9019
2172	8888	8	6	36	0	8938
2173	63	13	9359	15	0	9450
2174	49	8	9243	14	0	9314
2175	9542	4	62	22	0	9630
2176	9837	6	44	19	0	9906
2177	77	6	9823	22	0	9928
2178	57	10	9798	8	0	9873
2179	12	6	72	9824	0	9914
2180	16	13	10162	43	0	10234
2181	11	9	44	9799	0	9863
2182	10423	6	47	45	0	10521
2183	52	10	11033	51	0	11146
2184	10572	2	66	18	0	10658
2185	59	13	12345	31	0	12448
2186	68	5	67	12180	0	12320
2187	28	0	75	12898	0	13001
2188	20	8	11	12951	0	12990
2189	14	13229	24	153	0	13420
2190	27	61	14	12983	0	13085
2191	18	77	12	13275	0	13382
2192	13128	5	29	143	0	13305
2193	79	8	13071	96	0	13254
2194	12298	3	74	23	0	12398
2195	88	7	13113	18	0	13226
2196	11457	11	80	26	0	11574
2197	75	12801	89	28	0	12993
2198	96	64	12934	13	0	13107
2199	36	74	12845	25	0	12980
2200	27	47	141	11796	0	12011
2201	22	6	83	12638	0	12749
2202	14	7	12844	134	0	12999
2203	17	13	12926	83	0	13039
2204	20	6	13683	21	0	13730
2205	13609	0	145	30	0	13784
2206	13911	0	108	15	0	14034
2207	13909	7	24	18	0	13958
2208	149	9	19	13699	0	13876
2209	94	5	16	13800	0	13915
2210	20	10	14378	151	0	14559
2211	22	6	73	13993	0	14094
2212	11	10	93	14056	0	14170
2213	14123	7	26	166	0	14322
2214	13964	7	18	119	0	14108
2215	14281	6	15	45	0	14347
2216	149	13	27	14221	0	14410
2217	108	7	26	14188	0	14329
2218	39	6	21	14247	0	14313
2219	14156	6	28	165	0	14355
2220	91	15	35	13673	0	13814
2221	108	14148	35	73	0	14364
2222	35	63	45	13354	0	13497
2223	31	13760	43	82	0	13916
2224	13720	70	38	99	0	13927
2225	13221	83	32	31	0	13367
2226	146	13718	45	32	0	13941
2227	99	13888	42	44	0	14073
2228	41	148	33	13690	0	13912
2229	34	86	13331	99	0	13550
2230	35	13	89	12950	0	13087
2231	43	17	13423	103	0	13586
2232	39	13410	91	135	0	13675
2233	43	67	101	13386	0	13597
2234	38	90	36	13554	0	13718
2235	40	16	14136	176	0	14368
2236	28	146	85	13922	0	14181
2237	37	20	14569	117	0	14743
2238	14116	15	93	129	0	14353
2239	14653	14	104	55	0	14826
2240	14776	12	39	61	0	14888
2241	181	11	36	14598	0	14826
2242	141	14	31	14637	0	14823
2243	46	25	14947	206	0	15224
2244	43	58	95	14295	0	14491
2245	38	14867	130	126	0	15161
2246	47	87	14963	134	0	15231
2247	42	105	14542	64	0	14753
2248	43	62	183	13640	0	13928
2249	51	30	14796	125	0	15002
2250	50	37	14700	136	0	14923
2251	13138	23	173	81	0	13415
2252	94	15785	115	65	0	16059
2253	16276	76	44	68	0	16464
2254	16205	95	43	66	0	16409
2255	16507	25	42	75	0	16649
2256	167	24	49	16409	0	16649
2257	129	16	43	16620	0	16808
2258	61	26	16813	181	0	17081
2259	45	22	97	16296	0	16460
2260	39	16958	135	111	0	17243
2261	16737	66	63	122	0	16988
2262	94	16932	64	55	0	17145
2263	108	16913	60	75	0	17156
2264	60	148	59	16808	0	17075
2265	60	91	17274	105	0	17530
2266	49	31	93	16930	0	17103
2267	58	26	17256	105	0	17445
2268	52	17042	96	131	0	17321
2269	16843	56	112	72	0	17083
2270	16938	72	47	52	0	17109
2271	17376	11	37	84	0	17508
2272	154	31	18465	56	0	18706
2273	109	37	17734	53	0	17933
2274	18008	15	160	66	0	18249
2275	18521	15	94	50	0	18680
2276	18769	23	29	55	0	18876
2277	146	13	23	18599	0	18781
2278	108	17	26	18750	0	18901
2279	18801	24	19	142	0	18986
2280	18513	21	26	124	0	18684
2281	134	35	19257	50	0	19476
2282	117	24	18456	39	0	18636
2283	17663	29	97	47	0	17836
2284	67	20	18755	37	0	18879
2285	17165	6	53	32	0	17256
2286	44	23	17942	20	0	18029
2287	25	60	26	17027	0	17138
2288	14	16	18338	17	0	18385
2289	13	24	18	18574	0	18629
2290	7	10	25	18824	0	18866
2291	7	19670	19	61	0	19757
2292	19551	16	8	41	0	19616
2293	31	38	20150	5	0	20224
2294	18826	5	22	26	0	18879
2295	14	20733	26	22	0	20795
2296	21545	16	6	22	0	21589
2297	21	23	2	21533	0	21579
2298	34	3	7	21784	0	21828
2299	7	22781	15	86	0	22889
2300	7	40	4	23856	0	23907
2301	9	49	7	24088	0	24153
2302	9	9	10	24424	0	24452
2303	23865	4	7	122	0	23998
2304	22801	4	8	84	0	22897
2305	128	34	23018	29	0	23209
2306	77	23428	57	64	0	23626
2307	15	42	70	23855	0	23982
2308	10	73	5	24676	0	24764
2309	17	24	25099	127	0	25267
2310	14	9	57	24368	0	24448
2311	24932	4	98	71	0	25105
2312	25106	4	11	107	0	25228
2313	25471	7	10	22	0	25510
2314	167	2	5	25830	0	26004
2315	27598	5	7	106	0	27716
2316	27469	4	9	135	0	27617
2317	27996	2	14	31	0	28043
2318	195	4	3	28064	0	28266
2319	128	5	7	28296	0	28436
2320	29	7	5	28496	0	28537
2321	20	6	5	28180	0	28211
2322	18	8	5	28304	0	28335
2323	42	14	28099	184	0	28339
2324	28	26	27881	136	0	28071
2325	20	27926	184	50	0	28180
2326	23	68	114	28350	0	28555
2327	30	100	16	28629	0	28775
2328	28	9	9	28844	0	28890
2329	43	26	28663	197	0	28929
2330	27	31	74	28220	0	28352
2331	36	31	28727	102	0	28896
2332	24	5	83	28562	0	28674
2333	57	33	30729	124	0	30943
2334	16	30884	95	283	0	31278
2335	38	122	137	30614	0	30911
2336	46	133	30622	114	0	30915
2337	26406	28	106	207	0	26747
2338	82	31294	144	66	0	31586
2339	143	86	15	31315	0	31559
2340	21	31789	27	125	0	31962
2341	21	98	17	31821	0	31957
2342	31936	132	28	120	0	32216
2343	92	27	17	31629	0	31765
2344	142	31993	40	130	0	32305
2345	32096	78	12	168	0	32354
2346	91	146	22	32608	0	32867
2347	149	72	23	33148	0	33392
2348	33849	19	13	294	0	34175
2349	120	14	18	36199	0	36351
2350	220	18	13	42494	0	42745
2351	73	39	43809	571	0	44492
2352	64	39	43194	392	0	43689
2353	36	12	726	42813	0	43587
2354	78	43	43924	389	0	44434
2355	64	56	42777	436	0	43333
2356	39449	28	777	145	0	40399
2357	415	43	44459	103	0	45020
2358	409	43852	458	671	0	45390
2359	90	362	440	44499	0	45391
2360	45769	400	92	437	0	46698
2361	46055	58	70	473	0	46656
2362	45972	51	58	136	0	46217
2363	827	46310	67	138	0	47342
2364	544	394	56	45892	0	46886
2365	117	445	71	46503	0	47136
2366	45368	64	83	857	0	46372
2367	45706	50	52	575	0	46383
2368	46131	38	84	159	0	46412
2369	913	44	46549	126	0	47632
2370	552	46427	477	127	0	47583
2371	152	50681	570	164	0	51567
2372	148	968	143	49315	0	50574
2373	118	633	102	50785	0	51638
2374	168	123	50997	1129	0	52417
2375	48852	87	617	765	0	50321
2376	51215	62	676	209	0	52162
2377	1245	87	163	51026	0	52521
2378	778	63	76	51408	0	52325
2379	233	40	66	52013	0	52352
2380	51154	46	86	1295	0	52581
2381	717	85	50294	795	0	51891
2382	758	91	50290	238	0	51377
2383	200	82	1179	49216	0	50677
2384	143	107	50362	684	0	51296
2385	48255	55	694	784	0	49788
2386	49445	36	725	261	0	50467
2387	50039	45	203	163	0	50450
2388	1318	48289	166	191	0	49964
2389	48472	561	128	187	0	49348
2390	717	686	101	47590	0	49094
2391	756	158	110	47276	0	48300
2392	245	75	126	48419	0	48865
2393	208	99	46989	1347	0	48643
2394	189	125	677	45012	0	46003
2395	161	46342	756	797	0	48056
2396	44662	559	212	823	0	46256
2397	629	46124	164	444	0	47361
2398	801	652	45141	282	0	46876
2399	268	45414	667	258	0	46607
2400	43094	653	855	234	0	44836
2401	613	43847	328	247	0	45035
2402	811	661	259	37583	0	39314
2403	230	43537	224	620	0	44611
2404	42990	620	245	663	0	44518
2405	43084	649	229	252	0	44214
2406	42042	189	214	215	0	42660
2407	1306	192	42538	172	0	44208
2408	861	212	41951	168	0	43192
2409	349	166	41746	248	0	42509
2410	40698	188	1275	238	0	42399
2411	746	177	847	40427	0	42197
2412	792	142	259	40730	0	41923
2413	330	181	40260	1238	0	42009
2414	252	164	656	40225	0	41297
2415	38315	147	681	800	0	39943
2416	753	38453	253	845	0	40304
2417	39067	617	182	282	0	40148
2418	894	729	38250	213	0	40086
2419	38662	249	688	189	0	39788
2420	38877	251	714	190	0	40032
2421	39302	225	263	241	0	40031
2422	1348	192	38199	266	0	40005
2423	972	144	629	37851	0	39596
2424	456	157	38603	702	0	39918
2425	393	139	708	38342	0	39582
2426	403	142	38635	748	0	39928
2427	334	136	741	37888	0	39099
2428	285	139	741	38565	0	39730
2429	38097	113	280	1279	0	39769
2430	38144	91	240	855	0	39330
2431	38602	73	268	372	0	39315
2432	1327	100	262	36408	0	38097
2433	851	34499	248	728	0	36326
2434	375	35817	227	786	0	37205
2435	35437	1010	191	326	0	36964
2436	817	688	35016	251	0	36772
2437	35104	209	673	238	0	36224
2438	847	207	34891	208	0	36153
2439	35111	134	707	274	0	36226
2440	34643	109	695	299	0	35746
2441	1263	133	34991	302	0	36689
2442	35190	93	664	306	0	36253
2443	35024	104	722	250	0	36100
2444	35268	129	309	221	0	35927
2445	1256	35103	258	300	0	36917
2446	843	1076	318	33573	0	35810
2447	431	617	34100	661	0	35809
2448	422	238	34022	648	0	35330
2449	320	31005	999	280	0	32604
2450	213	24083	493	156	0	24945
2451	461	485	444	21608	0	22998
2452	21261	297	129	280	0	21967
2453	281	21703	93	384	0	22461
2454	379	282	71	20921	0	21653
2455	178	21918	64	258	0	22418
2456	20791	298	78	284	0	21451
2457	316	345	70	21034	0	21765
2458	355	111	20748	273	0	21487
2459	147	20137	267	318	0	20869
2460	113	19961	306	116	0	20496
2461	135	447	125	18095	0	18802
2462	103	19630	83	200	0	20016
2463	125	274	79	19290	0	19768
2464	19447	276	55	266	0	20044
2465	19500	116	53	257	0	19926
2466	19972	81	57	100	0	20210
2467	20112	64	75	67	0	20318
2468	499	99	20069	78	0	20745
2469	312	19323	232	79	0	19946
2470	123	19096	242	63	0	19524
2471	41	15897	43	28	0	16009
2472	25	15642	74	36	0	15777
2473	14710	205	283	35	0	15233
2474	14372	87	57	35	0	14551
2475	14687	16	17	20	0	14740
2476	14752	11	9	15	0	14787
2477	153	20	14744	8	0	14925
2478	15461	8	65	28	0	15562
2479	15815	7	73	8	0	15903
2480	16041	9	14	11	0	16075
2481	160	13	10	15868	0	16051
2482	94	12	11	16029	0	16146
2483	16260	14	7	138	0	16419
2484	82	22	8	16070	0	16182
2485	81	16171	15	82	0	16349
2486	18	71	12	16387	0	16488
2487	27	81	6	16287	0	16401
2488	22	16688	18	156	0	16884
2489	28	78	9	16748	0	16863
2490	29	74	6	16775	0	16884
2491	16527	14	9	153	0	16703
2492	86	32	16252	80	0	16450
2493	15868	11	65	38	0	15982
2494	93	23	16463	26	0	16605
2495	99	26	15961	20	0	16106
2496	34	26	16406	18	0	16484
2497	15787	27	151	23	0	15988
2498	89	24	17221	20	0	17354
2499	16844	20	91	35	0	16990
2500	17352	21	79	16	0	17468
2501	17418	25	16	25	0	17484
2502	149	17511	19	31	0	17710
2503	17555	81	7	23	0	17666
2504	89	17966	18	24	0	18097
2505	99	95	10	18051	0	18255
2506	42	86	15	18021	0	18164
2507	33	18103	27	144	0	18307
2508	32	18233	21	89	0	18375
2509	40	18656	24	32	0	18752
2510	18494	138	19	35	0	18686
2511	95	18983	22	31	0	19131
2512	18980	83	10	17	0	19090
2513	120	94	18600	15	0	18829
2514	18523	33	65	23	0	18644
2515	19108	19	82	23	0	19232
2516	167	38	18811	45	0	19061
2517	101	20	72	18597	0	18790
2518	42	29	19278	98	0	19447
2519	37	27	73	19002	0	19139
2520	35	22	76	19306	0	19439
2521	19332	30	15	157	0	19534
2522	19246	15	19	106	0	19386
2523	151	19316	22	51	0	19540
2524	19586	82	16	32	0	19716
2525	112	91	19780	25	0	20008
2526	19587	24	84	27	0	19722
2527	122	27	21184	25	0	21358
2528	115	30	21012	23	0	21180
2529	21491	18	187	31	0	21727
2530	22085	16	119	33	0	22253
2531	218	47	22907	25	0	23197
2532	149	29	109	21744	0	22031
2533	55	25	122	22955	0	23157
2534	64	33	22867	203	0	23167
2535	47	40	102	22164	0	22353
2536	46	22672	137	137	0	22992
2537	55	116	29	23441	0	23641
2538	60	129	34	23422	0	23645
2539	83	34	23083	188	0	23388
2540	21082	40	116	139	0	21377
2541	22836	26	117	36	0	23015
2542	22729	24	39	33	0	22825
2543	22559	16	51	35	0	22661
2544	259	22506	42	46	0	22853
2545	173	90	39	21965	0	22267
2546	95	119	21832	113	0	22159
2547	62	47	21733	151	0	21993
2548	82	62	189	21167	0	21500
2549	60	35	22073	142	0	22310
2550	21135	24	114	163	0	21436
2551	111	33	134	22110	0	22388
2552	139	14	26	22255	0	22434
2553	43	25	27	22353	0	22448
2554	22033	27	35	230	0	22325
2555	116	22219	33	189	0	22557
2556	22155	105	32	60	0	22352
2557	22017	108	40	52	0	22217
2558	221	21830	64	68	0	22183
2559	159	22041	55	49	0	22304
2560	22452	178	60	38	0	22728
2561	130	112	72	22442	0	22756
2562	167	17	48	22375	0	22607
2563	23235	29	55	207	0	23526
2564	150	29	23190	136	0	23505
2565	22889	20	137	53	0	23099
2566	23295	21	151	47	0	23514
2567	273	24172	44	58	0	24547
2568	25519	122	34	42	0	25717
2569	25079	140	27	53	0	25299
2570	302	28181	31	79	0	28593
2571	175	28758	36	45	0	29014
2572	147	381	33	28041	0	28602
2573	28321	238	31	209	0	28799
2574	185	29330	18	244	0	29777
2575	244	211	11	29789	0	30255
2576	30090	235	32	219	0	30576
2577	259	58	30047	259	0	30623
2578	289	34	211	29683	0	30217
2579	80	39	30449	233	0	30801
2580	28524	16	253	298	0	29091
2581	30120	21	275	60	0	30476
2582	495	40	30270	56	0	30861
2583	302	29993	252	77	0	30624
2584	71	228	289	30124	0	30712
2585	78	289	30632	245	0	31244
2586	50	43	251	30464	0	30808
2587	47	28	284	31262	0	31621
2588	65	48	30998	513	0	31624
2589	28300	32	260	374	0	28966
2590	30654	33	303	92	0	31082
2591	558	44	31142	54	0	31798
2592	337	31265	271	119	0	31992
2593	108	271	296	29759	0	30434
2594	65	31049	76	229	0	31419
2595	62	31453	56	303	0	31874
2596	31287	508	49	84	0	31928
2597	265	328	37	31335	0	31965
2598	330	66	36	31090	0	31522
2599	107	56	31331	545	0	32039
2600	91	66	30974	344	0	31475
2601	81	47	527	30570	0	31225
2602	95	38	334	31344	0	31811
2603	95	53	31210	555	0	31913
2604	74	87	31113	359	0	31633
2605	76	57	552	30844	0	31529
2606	31295	55	365	314	0	32029
2607	279	31632	101	427	0	32439
2608	31604	291	70	118	0	32083
2609	328	31962	75	98	0	32463
2610	384	32076	65	114	0	32639
2611	31447	574	67	90	0	32178
2612	339	385	31771	91	0	32586
2613	392	91	317	31500	0	32300
2614	131	59	379	32143	0	32712
2615	107	63	101	33821	0	34092
2616	128	81	33634	685	0	34528
2617	94	62	353	33791	0	34300
2618	34161	63	436	393	0	35053
2619	359	71	117	34964	0	35511
2620	452	64	75	36015	0	36606
2621	35912	60	90	762	0	36824
2622	35249	59	99	527	0	35934
2623	757	35585	94	224	0	36660
2624	532	350	35898	120	0	36900
2625	169	443	35248	94	0	35954
2626	144	99	35697	119	0	36059
2627	89	33840	787	129	0	34845
2628	190	360	600	32592	0	33742
2629	94	429	125	33207	0	33855
2630	33111	99	111	718	0	34039
2631	377	66	87	32816	0	33346
2632	461	102	32552	437	0	33552
2633	119	68	390	32656	0	33233
2634	90	71	460	32548	0	33169
2635	128	87	32405	756	0	33376
2636	93	32030	406	554	0	33083
2637	163	351	468	28043	0	29025
2638	97	31858	176	386	0	32517
2639	120	382	31507	439	0	32448
2640	30961	431	403	172	0	31967
2641	31447	119	473	149	0	32188
2642	31717	86	139	171	0	32113
2643	776	85	121	30743	0	31725
2644	497	31428	143	410	0	32478
2645	31275	364	120	486	0	32245
2646	31415	436	111	202	0	32164
2647	31110	108	123	166	0	31507
2648	808	83	30835	177	0	31903
2649	29672	73	408	157	0	30310
2650	422	30385	472	162	0	31441
2651	30060	335	138	146	0	30679
2652	405	30376	151	166	0	31098
2653	30425	372	133	159	0	31089
2654	462	452	30329	135	0	31378
2655	30042	99	394	149	0	30684
2656	30295	93	455	136	0	30979
2657	29126	84	143	144	0	29497
2658	30667	95	114	126	0	31002
2659	795	103	29976	131	0	31005
2660	532	80	375	29446	0	30433
2661	29276	71	475	397	0	30219
2662	388	29310	181	535	0	30414
2663	466	362	115	28499	0	29442
2664	160	413	28328	398	0	29299
2665	172	365	366	28050	0	28953
2666	173	90	28357	406	0	29026
2667	112	26952	405	487	0	27956
2668	106	25219	414	172	0	25911
2669	116	24978	135	163	0	25392
2670	259	651	164	21255	0	22329
2671	110	311	67	21142	0	21630
2672	112	67	20840	435	0	21454
2673	71	20111	201	301	0	20684
2674	18687	192	246	77	0	19202
2675	183	18391	77	78	0	18729
2676	228	18077	55	68	0	18428
2677	308	361	121	17258	0	18048
2678	17161	215	62	162	0	17600
2679	17153	61	45	228	0	17487
2680	348	37	46	17008	0	17439
2681	17051	53	35	180	0	17319
2682	190	38	47	16946	0	17221
2683	214	58	16725	179	0	17176
2684	16531	40	156	240	0	16967
2685	179	55	212	16400	0	16846
2686	218	48	16038	154	0	16458
2687	79	54	15756	206	0	16095
2688	77	54	307	15583	0	16021
2689	15846	52	229	166	0	16293
2690	15756	51	48	213	0	16068
2691	315	15817	53	91	0	16276
2692	16230	138	45	56	0	16469
2693	16115	186	51	43	0	16395
2694	16311	54	40	52	0	16457
2695	332	16372	51	63	0	16818
2696	16427	144	44	47	0	16662
2697	16450	188	34	48	0	16720
2698	345	37	26	16259	0	16667
2699	15691	32	35	152	0	15910
2700	172	15532	51	204	0	15959
2701	210	15716	46	71	0	16043
2702	88	281	36	15577	0	15982
2703	90	216	21	15365	0	15692
2704	63	15771	30	269	0	16133
2705	15417	136	43	161	0	15757
2706	148	15187	32	58	0	15425
2707	14761	117	21	30	0	14929
2708	156	15171	27	43	0	15397
2709	192	135	24	14099	0	14450
2710	68	15331	29	111	0	15539
2711	15102	148	135	161	0	15546
2712	14876	170	64	50	0	15160
2713	14758	69	55	44	0	14926
2714	274	49	14364	36	0	14723
2715	160	34	13253	29	0	13476
2716	39	12903	183	47	0	13172
2717	74	84	12648	30	0	12836
2718	63	126	11942	53	0	12184
2719	40	278	139	9885	0	10342
2720	22	21	10512	47	0	10602
2721	15	10570	58	78	0	10721
2722	10468	45	55	15	0	10583
2723	42	10441	25	18	0	10526
2724	56	10549	11	19	0	10635
2725	10740	87	11	19	0	10857
2726	10856	63	8	17	0	10944
2727	87	11287	12	19	0	11405
2728	11373	51	9	18	0	11451
2729	11238	64	10	10	0	11322
2730	11299	25	3	13	0	11340
2731	103	20	11095	11	0	11229
2732	64	29	10971	12	0	11076
2733	25	16	86	11032	0	11159
2734	19	15	60	11395	0	11489
2735	11451	14	7	89	0	11561
2736	44	11405	18	64	0	11531
2737	62	49	11	11612	0	11734
2738	15	70	6	11777	0	11868
2739	17	12	11	11966	0	12006
2740	25	7	12	12027	0	12071
2741	18	16	11971	119	0	12124
2742	23	22	11899	66	0	12010
2743	16	8	100	12120	0	12244
2744	16	14	12504	57	0	12591
2745	11895	9	54	89	0	12047
2746	51	17	79	12659	0	12806
2747	97	15	12747	48	0	12907
2748	11574	9	47	97	0	11727
2749	53	12730	83	27	0	12893
2750	12623	42	16	9	0	12690
2751	59	13175	11	8	0	13253
2752	86	61	7	13005	0	13159
2753	35	79	13168	43	0	13325
2754	24	17	46	12593	0	12680
2755	31	12	12815	62	0	12920
2756	12512	12	49	77	0	12650
2757	54	12	69	13163	0	13298
2758	13357	9	12	53	0	13431
2759	64	18	13293	84	0	13459
2760	13712	9	51	27	0	13799
2761	14837	10	80	18	0	14945
2762	147	12	15291	15	0	15465
2763	99	18	64	14992	0	15173
2764	36	16	15555	70	0	15677
2765	14	15591	76	108	0	15789
2766	15474	76	138	25	0	15713
2767	15340	79	21	17	0	15457
2768	146	18	15645	9	0	15818
2769	90	9	15736	15	0	15850
2770	20	7	134	15420	0	15581
2771	8	13	94	15889	0	16004
2772	16058	13	22	129	0	16222
2773	70	16263	15	92	0	16440
2774	16577	48	15	28	0	16668
2775	16555	75	24	14	0	16668
2776	137	33	16364	22	0	16556
2777	15707	6	63	30	0	15806
2778	88	17	16637	22	0	16764
2779	120	15	69	16732	0	16936
2780	39	20	17792	58	0	17909
2781	33	22	69	17548	0	17672
2782	29	17	17894	65	0	18005
2783	17254	10	72	98	0	17434
2784	17706	10	91	29	0	17836
2785	144	4	25	17671	0	17844
2786	18229	14	34	80	0	18357
2787	78	9	16	18595	0	18698
2788	89	19202	42	81	0	19414
2789	19156	54	34	100	0	19344
2790	76	19281	31	45	0	19433
2791	103	73	19	19310	0	19505
2792	40	79	21	19044	0	19184
2793	29	16	21	18953	0	19019
2794	28	23	24	18868	0	18943
2795	48	23	18381	146	0	18598
2796	16325	21	61	126	0	16533
2797	17897	13	88	30	0	18028
2798	130	18353	32	52	0	18567
2799	104	50	25	18353	0	18532
2800	32	81	20	18457	0	18590
2801	34	31	18166	139	0	18370
2802	17376	12	78	110	0	17576
2803	84	15	98	18187	0	18384
2804	108	19	18171	74	0	18372
2805	17800	19	73	104	0	17996
2806	18595	7	86	53	0	18741
2807	18661	7	52	37	0	18757
2808	159	18	18381	39	0	18597
2809	104	24	17558	38	0	17724
2810	17619	10	118	32	0	17779
2811	68	15	97	18242	0	18422
2812	102	17	21	18661	0	18801
2813	66	29	18734	113	0	18942
2814	17822	18	54	99	0	17993
2815	62	20	86	19010	0	19178
2816	19741	6	41	81	0	19869
2817	19682	18	26	102	0	19828
2818	19730	5	17	62	0	19814
2819	150	30	20500	36	0	20716
2820	101	8	69	20381	0	20559
2821	20765	5	96	90	0	20956
2822	81	21542	38	132	0	21793
2823	117	63	18	21802	0	22000
2824	54	98	13	21900	0	22065
2825	21718	29	25	163	0	21935
2826	21496	7	27	131	0	21661
2827	173	8	19	21434	0	21634
2828	143	32	21468	83	0	21726
2829	20762	21	81	127	0	20991
2830	99	34	22150	42	0	22325
2831	22074	6	84	38	0	22202
2832	22421	4	125	34	0	22584
2833	205	22	22821	39	0	23087
2834	150	20	99	22793	0	23062
2835	65	28	24253	121	0	24467
2836	40	25673	132	150	0	25995
2837	75	138	147	24192	0	24552
2838	47	26587	46	138	0	26818
2839	41	121	26	26644	0	26832
2840	41	163	27192	158	0	27554
2841	31	27515	152	202	0	27900
2842	40	28026	177	52	0	28295
2843	82	349	56	28078	0	28565
2844	28459	173	26	168	0	28826
2845	165	33	15	30851	0	31064
2846	31221	18	20	207	0	31466
2847	190	31959	32	288	0	32469
2848	34714	194	20	46	0	34974
2849	283	273	36417	43	0	37016
2850	336	38	249	35730	0	36353
2851	62	17	305	35805	0	36189
2852	70	28	36140	548	0	36786
2853	34096	31	256	354	0	34737
2854	35362	29	311	58	0	35760
2855	541	36063	85	57	0	36746
2856	399	332	44	32712	0	33487
2857	61	35474	57	253	0	35845
2858	79	269	35477	319	0	36144
2859	86	337	35684	86	0	36193
2860	99	316	568	34184	0	35167
2861	34319	33	334	263	0	34949
2862	240	33915	62	366	0	34583
2863	34258	240	35	66	0	34599
2864	285	320	33706	43	0	34354
2865	33715	52	262	56	0	34085
2866	34361	52	307	63	0	34783
2867	573	64	34468	58	0	35163
2868	359	48	261	33568	0	34236
2869	34482	48	330	276	0	35136
2870	34405	31	78	339	0	34853
2871	34521	45	67	66	0	34699
2872	587	47	39	34017	0	34690
2873	400	47	33979	257	0	34683
2874	33061	42	274	354	0	33731
2875	320	59	34930	85	0	35394
2876	387	40	300	34145	0	34872
2877	126	55	350	33567	0	34098
2878	107	34506	90	587	0	35290
2879	107	276	34373	374	0	35130
2880	99	33649	308	117	0	34173
2881	113	33766	362	113	0	34354
2882	108	584	107	33448	0	34247
2883	117	365	33555	306	0	34343
2884	111	77	301	33513	0	34002
2885	128	78	34197	316	0	34719
2886	109	76	321	33363	0	33869
2887	121	70	372	33125	0	33688
2888	132	100	32230	634	0	33096
2889	116	72	326	31814	0	32328
2890	148	83	32705	352	0	33288
2891	149	94	32118	419	0	32780
2892	123	32093	615	161	0	32992
2893	32231	291	403	124	0	33049
2894	359	366	32250	137	0	33112
2895	30347	84	376	123	0	30930
2896	379	62	418	32316	0	33175
2897	426	94	32249	352	0	33121
2898	129	32034	370	534	0	33067
2899	141	323	440	31904	0	32808
2900	145	396	32287	348	0	33176
2901	161	117	367	30215	0	30860
2902	128	32201	450	345	0	33124
2903	32330	306	180	412	0	33228
2904	359	400	138	32357	0	33254
2905	32416	119	135	362	0	33032
2906	32327	112	153	447	0	33039
2907	32706	90	143	183	0	33122
2908	32710	94	137	172	0	33113
2909	32116	86	159	166	0	32527
2910	676	31546	158	194	0	32574
2911	449	313	149	31437	0	32348
2912	212	385	162	31560	0	32319
2913	202	91	145	31778	0	32216
2914	214	99	30911	673	0	31897
2915	194	30653	390	531	0	31768
2916	31182	322	443	180	0	32127
2917	31129	385	183	175	0	31872
2918	707	31077	199	207	0	32190
2919	463	31070	171	200	0	31904
2920	30546	621	210	208	0	31585
2921	382	423	30156	185	0	31146
2922	480	183	421	28820	0	29904
2923	29093	112	485	410	0	30100
2924	390	118	171	28269	0	28948
2925	434	28896	168	434	0	29932
2926	184	357	158	29126	0	29825
2927	183	409	29079	375	0	30046
2928	27958	121	406	428	0	28913
2929	29282	95	433	163	0	29973
2930	707	97	155	28198	0	29157
2931	519	113	113	28583	0	29328
2932	27583	90	140	667	0	28480
2933	407	27670	167	504	0	28748
2934	465	273	134	27027	0	27899
2935	241	366	115	26808	0	27530
2936	24643	68	127	592	0	25430
2937	335	25137	129	458	0	26059
2938	24491	235	115	152	0	24993
2939	357	24661	113	127	0	25258
2940	378	24459	106	142	0	25085
2941	23534	451	126	122	0	24233
2942	308	23929	119	161	0	24517
2943	341	663	251	22524	0	23779
2944	146	281	22780	305	0	23512
2945	96	78	20103	231	0	20508
2946	76	62	19454	89	0	19681
2947	80	18749	408	70	0	19307
2948	15545	173	582	58	0	16358
2949	149	117	37	14636	0	14939
2950	126	29	11	14878	0	15044
2951	35	21	14808	207	0	15071
2952	14147	18	110	148	0	14423
2953	128	11	111	15224	0	15474
2954	122	22	28	15314	0	15486
2955	41	16	12	15217	0	15286
2956	14721	20	16	235	0	14992
2957	138	32	14698	137	0	15005
2958	14440	25	114	44	0	14623
2959	142	20	114	14652	0	14928
2960	143	29	14657	114	0	14943
2961	13932	26	107	126	0	14191
2962	147	42	14858	49	0	15096
2963	121	105	130	14190	0	14546
2964	53	36	14866	131	0	15086
2965	34	31	14276	121	0	14462
2966	13066	23	220	51	0	13360
2967	118	23	13966	48	0	14155
2968	120	32	139	13483	0	13774
2969	13577	24	129	120	0	13850
2970	126	31	42	13592	0	13791
2971	118	31	13591	140	0	13880
2972	58	25	13706	126	0	13915
2973	42	13624	201	77	0	13944
2974	53	144	123	13154	0	13474
2975	12802	102	57	142	0	13103
2976	118	12730	47	136	0	13031
2977	12774	111	26	62	0	12973
2978	127	101	33	12542	0	12803
2979	12527	32	30	127	0	12716
2980	143	12438	32	144	0	12757
2981	128	98	37	12266	0	12529
2982	12361	98	44	121	0	12624
2983	119	12518	49	132	0	12818
2984	120	112	40	12452	0	12724
2985	52	107	43	12305	0	12507
2986	12444	26	41	213	0	12724
2987	114	23	49	12500	0	12686
2988	123	21	50	12473	0	12667
2989	53	13	63	12722	0	12851
2990	41	25	12226	241	0	12533
2991	11712	19	127	153	0	12011
2992	126	22	132	13818	0	14098
2993	149	19	14482	165	0	14815
2994	14007	28	178	176	0	14389
2995	169	33	14998	74	0	15274
2996	179	30	192	14119	0	14520
2997	63	14801	186	164	0	15214
2998	64	161	47	14933	0	15205
2999	59	155	14977	211	0	15402
3000	64	40	15268	197	0	15569
3001	59	41	317	15108	0	15525
3002	53	30	15296	198	0	15577
3003	14404	33	196	194	0	14827
3004	198	38	15050	83	0	15369
3005	184	38	200	14462	0	14884
3006	69	28	173	14725	0	14995
3007	62	32	69	14628	0	14791
3008	14453	37	51	363	0	14904
3009	14513	17	57	228	0	14815
3010	14733	27	39	109	0	14908
3011	337	28	46	14554	0	14965
3012	193	54	54	14635	0	14936
3013	76	25	14405	354	0	14860
3014	77	21	14351	226	0	14675
3015	56	14272	326	115	0	14769
3016	83	266	202	12552	0	13103
3017	71	138	72	11691	0	11972
3018	50	12654	58	240	0	13002
3019	12402	123	48	159	0	12732
3020	139	12622	55	71	0	12887
3021	12428	142	55	53	0	12678
3022	167	147	52	12277	0	12643
3023	12356	27	52	165	0	12600
3024	160	20	52	12448	0	12680
3025	147	25	12215	186	0	12573
3026	60	12	156	12318	0	12546
3027	11949	16	176	180	0	12321
3028	152	20	57	12144	0	12373
3029	144	17	43	12059	0	12263
3030	46	32	11980	306	0	12364
3031	56	12	145	12143	0	12356
3032	52	22	142	11825	0	12041
3033	52	11830	53	284	0	12219
3034	62	122	31	12024	0	12239
3035	54	129	36	12093	0	12312
3036	48	32	32	11881	0	11993
3037	32	11305	36	294	0	11667
3038	36	113	29	10878	0	11056
3039	10250	112	24	147	0	10533
3040	103	10279	23	150	0	10555
3041	98	9691	19	53	0	9861
3042	33	9560	23	42	0	9658
3043	30	270	38	8611	0	8949
3044	32	9048	61	105	0	9246
3045	47	9131	72	123	0	9373
3046	8896	147	103	41	0	9187
3047	105	102	8763	59	0	9029
3048	8584	38	105	69	0	8796
3049	89	36	126	8734	0	8985
3050	102	30	8754	135	0	9021
3051	8356	22	152	142	0	8672
3052	99	21	8570	93	0	8783
3053	113	20	8438	78	0	8649
3054	8536	20	242	68	0	8866
3055	121	12	192	8734	0	9059
3056	135	19	8851	171	0	9176
3057	8688	13	140	200	0	9041
3058	8877	19	124	142	0	9162
3059	237	13	8961	108	0	9319
3060	9122	6	103	101	0	9332
3061	9213	16	127	85	0	9441
3062	251	16	8879	112	0	9258
3063	8905	21	120	111	0	9157
3064	8921	16	166	108	0	9211
3065	210	32	8957	91	0	9290
3066	126	49	9378	79	0	9632
3067	47	52	213	9362	0	9674
3068	41	58	9543	193	0	9835
3069	9328	64	116	180	0	9688
3070	151	73	116	9389	0	9729
3071	172	70	34	9468	0	9744
3072	106	66	9267	242	0	9681
3073	101	45	112	9211	0	9469
3074	91	41	9327	187	0	9646
3075	9266	35	124	191	0	9616
3076	9428	23	143	113	0	9707
3077	232	31	9390	113	0	9766
3078	9369	27	120	124	0	9640
3079	9498	23	127	132	0	9780
3080	231	28	9466	141	0	9866
3081	9559	15	139	151	0	9864
3082	9571	27	145	131	0	9874
3083	206	27	9496	150	0	9879
3084	9350	49	119	147	0	9665
3085	132	53	9604	143	0	9932
3086	118	35	123	9462	0	9738
3087	42	52	123	9514	0	9731
3088	47	61	28	9729	0	9865
3089	47	54	9427	294	0	9822
3090	8716	63	102	217	0	9098
3091	139	79	9108	105	0	9431
3092	80	7435	77	51	0	7643
3093	25	6829	72	41	0	6967
3094	6322	80	85	29	0	6516
3095	46	61	27	6160	0	6294
3096	56	6310	18	55	0	6439
3097	6018	32	19	50	0	6119
3098	5926	36	15	23	0	6000
3099	73	6115	20	17	0	6225
3100	63	30	12	5391	0	5496
3101	19	5887	15	38	0	5959
3102	5918	38	14	42	0	6012
3103	5896	42	5	17	0	5960
3104	74	11	13	5741	0	5839
3105	5813	3	15	42	0	5873
3106	47	10	15	5808	0	5880
3107	47	14	5773	47	0	5881
3108	5665	6	42	45	0	5758
3109	58	11	5817	15	0	5901
3110	47	5	44	5590	0	5686
3111	5675	2	51	37	0	5765
3112	41	14	20	5715	0	5790
3113	61	4	5704	42	0	5811
3114	23	5	5631	41	0	5700
3115	29	54	68	5560	0	5711
3116	5511	15	62	35	0	5623
3117	37	5652	26	37	0	5752
3118	58	26	13	5590	0	5687
3119	29	35	5689	29	0	5782
3120	5567	15	36	37	0	5655
3121	5828	2	41	10	0	5881
3122	67	10	5788	10	0	5875
3123	5723	3	35	16	0	5777
3124	43	8	42	5870	0	5963
3125	53	5	5852	35	0	5945
3126	5687	12	40	41	0	5780
3127	31	10	39	5698	0	5778
3128	36	10	18	5628	0	5692
3129	5676	3	15	50	0	5744
3130	29	5514	20	33	0	5596
3131	35	5621	7	14	0	5677
3132	5607	46	10	16	0	5679
3133	5384	31	10	16	0	5441
3134	53	6	5607	11	0	5677
3135	42	7	5526	9	0	5584
3136	22	20	44	5461	0	5547
3137	5700	1	33	19	0	5753
3138	5630	5	10	26	0	5671
3139	5682	3	11	11	0	5707
3140	50	5691	12	8	0	5761
3141	34	5756	20	8	0	5818
3142	18	39	7	5917	0	5981
3143	13	22	8	5930	0	5973
3144	18	5	9	6146	0	6178
3145	12	7	6278	53	0	6350
3146	21	8	5884	31	0	5944
3147	6157	4	57	12	0	6230
3148	6430	6	40	11	0	6487
3149	67	6	12	6399	0	6484
3150	48	7	11	6346	0	6412
3151	17	6	8	6578	0	6609
3152	15	12	6463	60	0	6550
3153	21	8	6370	43	0	6442
3154	11	10	59	6267	0	6347
3155	16	4	6385	34	0	6439
3156	11	6200	27	55	0	6293
3157	12	6320	38	20	0	6390
3158	6231	53	7	13	0	6304
3159	29	6257	9	5	0	6300
3160	39	28	13	6228	0	6308
3161	14	43	9	6235	0	6301
3162	12	6697	9	62	0	6780
3163	15	33	8	6780	0	6836
3164	16	52	6625	37	0	6730
3165	9	6595	34	60	0	6698
3166	13	34	47	6141	0	6235
3167	17	46	6136	24	0	6223
3168	7	6079	23	51	0	6160
3169	10	26	44	5768	0	5848
3170	11	6143	7	27	0	6188
3171	8	22	6	6089	0	6125
3172	8	45	11	5810	0	5874
3173	9	6020	7	66	0	6102
3174	5783	19	9	45	0	5856
3175	5638	45	10	8	0	5701
3176	61	5826	12	12	0	5911
3177	48	5879	11	25	0	5963
3178	20	63	9	5850	0	5942
3179	13	51	5788	32	0	5884
3180	5583	8	27	54	0	5672
3181	5699	15	44	13	0	5771
3182	67	12	5710	13	0	5802
3183	5602	8	28	14	0	5652
3184	5699	9	48	16	0	5772
3185	64	11	5661	13	0	5749
3186	5472	8	30	13	0	5523
3187	30	13	5761	11	0	5815
3188	51	5758	32	16	0	5857
3189	5814	24	47	10	0	5895
3190	5806	50	14	11	0	5881
3191	74	11	5823	18	0	5926
3192	5868	10	23	13	0	5914
3193	6004	6	49	19	0	6078
3194	66	9	6064	16	0	6155
3195	6099	11	24	8	0	6142
3196	6191	12	48	15	0	6266
3197	65	11	6182	10	0	6268
3198	6270	12	22	15	0	6319
3199	32	7	45	6109	0	6193
3200	50	12	15	6106	0	6183
3201	20	14	6131	67	0	6232
3202	14	12	6063	56	0	6145
3203	18	21	60	6081	0	6180
3204	22	10	53	6130	0	6215
3205	6404	9	13	59	0	6485
3206	31	11	6399	53	0	6494
3207	6401	11	28	16	0	6456
3208	38	4	46	6587	0	6675
3209	51	15	6718	28	0	6812
3210	6943	8	29	52	0	7032
3211	31	3	45	7350	0	7429
3212	55	6	7410	32	0	7503
3213	7206	11	42	63	0	7322
3214	37	9	52	7413	0	7511
3215	7507	10	17	28	0	7562
3216	34	9	7909	50	0	8002
3217	62	11	30	7346	0	7449
3218	19	8048	61	26	0	8154
3219	8099	34	17	54	0	8204
3220	7978	51	8	15	0	8052
3221	82	8250	12	14	0	8358
3222	8382	29	12	11	0	8434
3223	8282	52	4	11	0	8349
3224	8220	9	14	7	0	8250
3225	92	8230	13	20	0	8355
3226	73	30	10	8276	0	8389
3227	22	57	8430	36	0	8545
3228	12	12	39	8344	0	8407
3229	21	4	60	8437	0	8522
3230	22	8	8432	93	0	8555
3231	14	6	8399	67	0	8486
3232	27	5	84	7841	0	7957
3233	12	8555	66	38	0	8671
3234	8516	35	21	55	0	8627
3235	8289	59	10	12	0	8370
3236	90	8665	9	21	0	8785
3237	8694	32	15	13	0	8754
3238	8588	59	6	12	0	8665
3239	95	16	8764	12	0	8887
3240	8440	9	38	12	0	8499
3241	46	8902	62	25	0	9035
3242	60	36	8751	13	0	8860
3243	36	56	8623	9	0	8724
3244	21	8573	89	19	0	8702
3245	8398	30	70	17	0	8515
3246	42	60	8558	7	0	8667
3247	67	13	31	8366	0	8477
3248	27	8	8580	31	0	8646
3249	8052	10	39	53	0	8154
3250	49	14	9784	20	0	9867
3251	66	15	9647	14	0	9742
3252	9356	6	77	10	0	9449
3253	31	9996	54	18	0	10099
3254	10148	24	21	9	0	10202
3255	10230	44	23	16	0	10313
3256	74	17	11	10124	0	10226
3257	52	11022	15	34	0	11123
3258	11153	23	16	53	0	11245
3259	35	53	11323	14	0	11425
3260	10865	18	44	12	0	10939
3261	39	11371	58	21	0	11489
3262	11003	19	14	11	0	11047
3263	10908	30	7	14	0	10959
3264	53	11234	16	19	0	11322
3265	44	22	9	11302	0	11377
3266	11521	28	20	28	0	11597
3267	29	11554	20	50	0	11653
3268	46	30	14	11588	0	11678
3269	11870	39	24	31	0	11964
3270	35	18	12	12451	0	12516
3271	50	9	7	12355	0	12421
3272	22	12599	9	87	0	12717
3273	12490	32	10	66	0	12598
3274	12805	52	10	18	0	12885
3275	12968	13	15	8	0	13004
3276	101	13471	19	30	0	13621
3277	13651	44	11	15	0	13721
3278	13599	58	7	11	0	13675
3279	105	10	9	13479	0	13603
3280	68	10	8	13555	0	13641
3281	22	20	13606	98	0	13746
3282	24	10	45	13315	0	13394
3283	23	7	53	13489	0	13572
3284	22	15	13651	88	0	13776
3285	11610	15	54	86	0	11765
3286	63	16	13677	17	0	13773
3287	76	24	13957	16	0	14073
3288	21	17	90	13837	0	13965
3289	30	12	54	14013	0	14109
3290	20	14417	20	101	0	14558
3291	14344	42	7	54	0	14447
3292	14064	54	13	19	0	14150
3293	96	14526	12	34	0	14668
3294	68	15241	11	31	0	15351
3295	26	111	12	15035	0	15184
3296	25	16114	23	61	0	16223
3297	16026	70	10	69	0	16175
3298	15879	82	8	29	0	15998
3299	144	13	9	15796	0	15962
3300	90	4	11	15941	0	16046
3301	15946	6	9	144	0	16105
3302	85	23	15619	82	0	15809
3303	15394	10	71	26	0	15501
3304	94	19	15747	12	0	15872
3305	15387	9	75	15	0	15486
3306	73	25	76	15629	0	15803
3307	95	15	15870	70	0	16050
3308	38	19	15525	77	0	15659
3309	14982	47	167	32	0	15228
3310	15353	27	97	19	0	15496
3311	135	15812	21	20	0	15988
3312	88	61	13	16316	0	16478
3313	17	80	10	16716	0	16823
3314	16594	10	10	186	0	16800
3315	85	16616	12	137	0	16850
3316	16262	79	6	21	0	16368
3317	82	16274	13	15	0	16384
3318	96	16169	12	21	0	16298
3319	16096	155	6	13	0	16270
3320	107	102	15895	23	0	16127
3321	92	18	82	15701	0	15893
3322	26	14	83	15940	0	16063
3323	28	22	16023	163	0	16236
3324	24	4	75	15864	0	15967
3325	29	15	89	15114	0	15247
3326	7	16088	21	179	0	16295
3327	15994	76	18	100	0	16188
3328	107	98	16094	28	0	16327
3329	15271	11	79	32	0	15393
3330	87	16184	96	38	0	16405
3331	100	81	18	16202	0	16401
3332	16773	89	14	106	0	16982
3333	93	11	16	16798	0	16918
3334	100	14	12	16807	0	16933
3335	35	19	16830	175	0	17059
3336	15696	16	90	117	0	15919
3337	16620	7	91	34	0	16752
3338	181	15	16753	23	0	16972
3339	109	11	89	16481	0	16690
3340	36	28	16744	88	0	16896
3341	16201	10	90	107	0	16408
3342	16958	9	99	32	0	17098
3343	169	12	18	16863	0	17062
3344	16889	7	12	100	0	17008
3345	119	24	17789	95	0	18027
3346	113	8	90	17620	0	17831
3347	28	13	95	17839	0	17975
3348	27	11	25	18217	0	18280
3349	25	17	10	18233	0	18285
3350	16847	8	11	198	0	17064
3351	100	18	16713	111	0	16942
3352	111	7	88	16801	0	17007
3353	30	29	16724	121	0	16904
3354	45	21	16503	119	0	16688
3355	22	14	178	16258	0	16472
3356	33	10	101	16505	0	16649
3357	15937	4	21	183	0	16145
3358	101	9	17	15992	0	16119
3359	102	9	19	16055	0	16185
3360	35	6	9	16296	0	16346
3361	16135	8	22	217	0	16382
3362	16106	13	14	146	0	16279
3363	16307	8	16	40	0	16371
3364	16079	11	20	35	0	16145
3365	212	17295	20	50	0	17577
3366	118	111	13	17136	0	17378
3367	39	132	20	17382	0	17573
3368	17673	11	12	269	0	17965
3369	135	18562	32	179	0	18908
3370	135	128	18	19169	0	19450
3371	40	152	20346	164	0	20702
3372	20863	9	168	203	0	21243
3373	189	22516	192	61	0	22958
3374	23485	212	24	39	0	23760
3375	23764	224	23	35	0	24046
3376	478	11	21	23665	0	24175
3377	274	38	23804	248	0	24364
3378	58	13	216	24402	0	24689
3379	24473	17	267	274	0	25031
3380	248	12	18	24623	0	24901
3381	24612	21	29	250	0	24912
3382	260	24352	23	306	0	24941
3383	25390	234	22	55	0	25701
3384	278	268	20	25342	0	25908
3385	319	32	23	26361	0	26735
3386	27084	30	21	535	0	27670
3387	26771	18	21	311	0	27121
3388	27029	22	13	94	0	27158
3389	26940	18	20	66	0	27044
3390	26784	23	24	58	0	26889
3391	598	17	18	26271	0	26904
3392	375	42	25939	287	0	26643
3393	93	25729	251	353	0	26426
3394	25019	244	296	88	0	25647
3395	289	277	24457	75	0	25098
3396	23753	33	252	72	0	24110
3397	303	24184	286	63	0	24836
3398	24560	231	52	60	0	24903
3399	312	272	25	24394	0	25003
3400	354	41	27	24544	0	24966
3401	121	54	24619	518	0	25312
3402	120	23	244	24431	0	24818
3403	109	45	25198	299	0	25651
3404	116	35	24909	329	0	25389
3405	24838	33	501	106	0	25478
3406	25752	43	294	97	0	26186
3407	596	73	25349	90	0	26108
3408	25033	33	259	106	0	25431
3409	25305	43	274	107	0	25729
3410	603	68	25054	103	0	25828
3411	376	25020	274	117	0	25787
3412	277	298	307	25425	0	26307
3413	26270	261	80	271	0	26882
3414	26812	64	55	298	0	27229
3415	27018	36	54	89	0	27197
3416	26934	49	65	99	0	27147
3417	26853	41	69	86	0	27049
3418	610	54	26585	90	0	27339
3419	435	70	26995	86	0	27586
3420	222	107	479	26822	0	27630
3421	27431	57	336	297	0	28121
3422	27611	42	108	313	0	28074
3423	27881	59	89	139	0	28168
3424	27389	50	85	122	0	27646
3425	586	27612	99	170	0	28467
3426	406	29016	89	186	0	29697
3427	29239	441	95	128	0	29903
3428	29274	274	88	133	0	29769
3429	619	29398	94	142	0	30253
3430	29781	244	97	127	0	30249
3431	471	327	29538	120	0	30456
3432	463	59	282	29034	0	29838
3433	278	67	29775	315	0	30435
3434	286	76	29670	308	0	30340
3435	268	57	495	29437	0	30257
3436	273	42	323	30624	0	31262
3437	297	81	31072	500	0	31950
3438	261	83	271	30117	0	30732
3439	272	70	310	31139	0	31791
3440	31066	60	119	514	0	31759
3441	30956	60	114	327	0	31457
3442	666	79	128	31128	0	32001
3443	503	95	31545	324	0	32467
3444	251	31612	333	366	0	32562
3445	30825	270	365	156	0	31616
3446	468	280	32541	135	0	33424
3447	440	32409	342	163	0	33354
3448	240	33513	357	144	0	34254
3449	33680	445	145	124	0	34394
3450	33983	284	143	116	0	34526
3451	646	79	144	33584	0	34453
3452	476	113	35792	311	0	36692
3453	276	67	336	35708	0	36387
3454	265	65	373	36115	0	36818
3455	251	55	146	36662	0	37114
3456	35943	70	131	559	0	36703
3457	426	35726	144	390	0	36686
3458	468	37579	157	176	0	38380
3459	252	507	130	36878	0	37767
3460	213	334	132	37776	0	38455
3461	37549	77	118	595	0	38339
3462	35328	62	118	410	0	35918
3463	37274	73	120	160	0	37627
3464	683	37318	158	162	0	38321
3465	36387	194	107	135	0	36823
3466	386	491	106	35759	0	36742
3467	496	77	35732	290	0	36595
3468	306	83	33625	306	0	34320
3469	32095	64	517	150	0	32826
3470	309	72	33327	84	0	33792
3471	318	94	31527	61	0	32000
3472	28327	48	280	72	0	28727
3473	191	41	29754	55	0	30041
3474	173	52	29074	34	0	29333
3475	106	251	214	27116	0	27687
3476	70	27	29701	96	0	29894
3477	40	26	89	28008	0	28163
3478	48	20	96	28949	0	29113
3479	58	33	30191	151	0	30433
3480	26	30769	86	153	0	31034
3481	30512	55	124	62	0	30753
3482	105	112	31759	27	0	32003
3483	106	42	31336	38	0	31522
3484	25093	30	189	78	0	25390
3485	79	28	30823	33	0	30963
3486	84	30404	65	33	0	30586
3487	42	30362	101	46	0	30551
3488	32	108	30	31016	0	31186
3489	21	89	21	30844	0	30975
3490	31942	9	14	130	0	32095
3491	31526	12	23	97	0	31658
3492	31750	27	15	28	0	31820
3493	116	31	14	31809	0	31970
3494	32251	10	23	68	0	32352
3495	31571	16	25	92	0	31704
3496	150	37	32405	28	0	32620
3497	118	34	31799	38	0	31989
3498	29	32923	124	42	0	33118
3499	25	58	75	32919	0	33077
3500	33137	74	17	71	0	33299
3501	60	32984	41	105	0	33190
3502	81	61	22	33451	0	33615
3503	33356	77	14	86	0	33533
3504	32763	19	23	94	0	32899
3505	124	33784	45	70	0	34023
3506	33585	57	12	22	0	33676
3507	33264	89	19	35	0	33407
3508	139	20	15	33375	0	33549
3509	124	53	34306	71	0	34554
3510	34	33886	72	138	0	34130
3511	29	34091	107	76	0	34303
3512	32939	127	37	40	0	33143
3513	82	107	26	32810	0	33025
3514	109	48	33382	88	0	33627
3515	31	33532	78	132	0	33773
3516	33350	63	96	36	0	33545
3517	33531	84	22	37	0	33674
3518	168	48	34166	28	0	34410
3519	109	24	74	32533	0	32740
3520	26	16	98	35134	0	35274
3521	35	30	38338	164	0	38567
3522	36909	18	145	158	0	37230
3523	46729	15	180	39	0	46963
3524	475	22	53	52980	0	53530
3525	346	54725	62	492	0	55625
3526	107	483	25	57005	0	57620
3527	95	517	56878	545	0	58035
3528	54423	82	533	561	0	55599
3529	560	37	546	58206	0	59349
3530	609	50	58083	573	0	59315
3531	53463	37	587	602	0	54689
3532	565	34	564	57717	0	58880
3533	597	23	99	57785	0	58504
3534	57000	42	70	1085	0	58197
3535	555	57617	78	695	0	58945
3536	57467	523	73	158	0	58221
3537	666	551	46	56599	0	57862
3538	56794	92	45	620	0	57551
3539	695	76	56419	637	0	57827
3540	647	56588	573	207	0	58015
3541	173	586	566	57134	0	58459
3542	57095	594	110	651	0	58450
3543	596	57172	139	693	0	58600
3544	682	609	121	57254	0	58666
3545	57617	584	88	673	0	58962
3546	56214	119	104	735	0	57172
3547	1226	97	103	55252	0	56678
3548	805	124	54976	730	0	56635
3549	263	181	54546	774	0	55764
3550	52866	93	1155	368	0	54482
3551	731	54600	681	289	0	56301
3552	722	53533	180	220	0	54655
3553	52234	1082	222	235	0	53773
3554	735	53804	140	278	0	54957
3555	758	659	128	52895	0	54440
3556	283	643	144	54127	0	55197
3557	53660	213	127	1214	0	55214
3558	52483	150	119	793	0	53545
3559	52786	153	109	280	0	53328
3560	1343	216	51296	251	0	53106
3561	830	152	613	51111	0	52706
3562	416	162	51914	744	0	53236
3563	389	147	51243	737	0	52516
3564	327	152	52633	317	0	53429
3565	258	132	1276	50171	0	51837
3566	329	163	52689	720	0	53901
3567	336	197	52675	709	0	53917
3568	309	190	1221	51069	0	52789
3569	52026	182	741	761	0	53710
3570	834	210	52516	762	0	54322
3571	783	169	760	50494	0	52206
3572	322	164	725	52585	0	53796
3573	310	160	52935	1315	0	54720
3574	342	132	733	51865	0	53072
3575	362	178	53522	816	0	54878
3576	328	140	815	51465	0	52748
3577	294	149	768	51892	0	53103
3578	267	140	297	52415	0	53119
3579	241	103	325	52110	0	52779
3580	49967	114	339	1391	0	51811
3581	49510	106	293	921	0	50830
3582	1338	134	49823	397	0	51692
3583	812	48717	888	507	0	50924
3584	322	620	50378	326	0	51646
3585	313	607	49603	350	0	50873
3586	47609	142	1408	308	0	49467
3587	762	49603	947	426	0	51738
3588	50009	627	412	379	0	51427
3589	793	50593	436	351	0	52173
3590	50271	698	372	344	0	51685
3591	50471	646	367	365	0	51849
3592	1352	179	361	49078	0	50970
3593	859	50014	347	998	0	52218
3594	320	652	314	50583	0	51869
3595	277	646	294	50920	0	52137
3596	277	177	50406	1528	0	52388
3597	295	50299	877	1017	0	52488
3598	325	672	877	50134	0	52008
3599	49868	682	394	923	0	51867
3600	51219	194	349	926	0	52688
3601	51806	141	358	436	0	52741
3602	1405	50989	361	435	0	53190
3603	51844	726	250	359	0	53179
3604	967	53917	292	352	0	55528
3605	962	857	271	54205	0	56295
3606	400	895	54203	956	0	56454
3607	378	246	887	52729	0	54240
3608	337	53886	940	983	0	56146
3609	310	834	305	53658	0	55107
3610	300	916	228	52967	0	54411
3611	248	53864	261	1684	0	56057
3612	53900	848	218	1066	0	56032
3613	911	934	240	53397	0	55482
3614	973	353	52697	1016	0	55039
3615	379	236	844	53003	0	54462
3616	355	231	880	53681	0	55147
3617	386	267	53394	1673	0	55720
3618	352	314	874	49410	0	50950
3619	276	51972	955	1095	0	54298
3620	500	883	51823	950	0	54156
3621	935	890	48315	361	0	50501
3622	222	45944	1356	397	0	47919
3623	174	39360	729	252	0	40515
3624	170	32427	294	147	0	33038
3625	29313	701	710	146	0	30870
3626	22778	5409	199	115	0	28501
3627	27563	113	51	86	0	27813
3628	483	146	55	27202	0	27886
3629	332	85	26962	292	0	27671
3630	72	47	263	26717	0	27099
3631	67	61	315	26770	0	27213
3632	26661	49	66	560	0	27336
3633	26460	65	54	357	0	26936
3634	516	26632	76	119	0	27343
3635	26704	248	50	100	0	27102
3636	26591	312	55	94	0	27052
3637	27103	73	69	93	0	27338
3638	563	51	26600	106	0	27320
3639	358	61	26345	80	0	26844
3640	102	112	521	25680	0	26415
3641	92	80	26214	268	0	26654
3642	24796	64	281	332	0	25473
3643	25335	60	333	94	0	25822
3644	537	69	24885	62	0	25553
3645	24126	44	259	65	0	24494
3646	264	24512	326	71	0	25173
3647	24798	247	64	67	0	25176
3648	283	306	55	24361	0	25005
3649	335	65	61	23454	0	23915
3650	117	24390	54	489	0	25050
3651	24262	255	47	308	0	24872
3652	24194	301	52	77	0	24624
3653	518	24354	56	91	0	25019
3654	348	254	55	23490	0	24147
3655	107	316	51	23273	0	23747
3656	105	23514	77	508	0	24204
3657	104	262	55	23500	0	23921
3658	98	336	62	23672	0	24168
3659	23326	94	52	530	0	24002
3660	23213	76	49	359	0	23697
3661	541	73	23157	122	0	23893
3662	22818	80	254	129	0	23281
3663	293	112	23187	103	0	23695
3664	359	120	260	22318	0	23057
3665	133	72	22665	311	0	23181
3666	105	22144	280	371	0	22900
3667	166	270	362	21304	0	22102
3668	135	315	84	21558	0	22092
3669	21346	67	69	471	0	21953
3670	264	58	79	21129	0	21530
3671	324	75	20868	285	0	21552
3672	20501	55	249	327	0	21132
3673	20758	62	305	102	0	21227
3674	21140	72	84	76	0	21372
3675	20885	82	65	101	0	21133
3676	524	64	71	21515	0	22174
3677	365	61	61	22157	0	22644
3678	129	71	59	23002	0	23261
3679	134	69	70	23145	0	23418
3680	22588	41	71	611	0	23311
3681	22476	55	66	396	0	22993
3682	625	56	65	20494	0	21240
3683	394	21512	80	307	0	22293
3684	21503	253	78	356	0	22190
3685	368	332	21491	103	0	22294
3686	393	21396	282	115	0	22186
3687	20142	239	321	93	0	20795
3688	277	20412	76	87	0	20852
3689	383	237	20055	87	0	20762
3690	19955	305	239	90	0	20589
3691	19992	64	311	76	0	20443
3692	594	67	19677	84	0	20422
3693	383	51	245	19722	0	20401
3694	137	47	330	19401	0	19915
3695	124	19780	77	550	0	20531
3696	122	219	71	19711	0	20123
3697	18928	304	66	277	0	19575
3698	293	19111	75	371	0	19850
3699	337	211	58	17958	0	18564
3700	139	285	42	17991	0	18457
3701	126	56	17530	483	0	18195
3702	103	17413	215	336	0	18067
3703	15815	268	266	128	0	16477
3704	186	13884	48	70	0	14188
3705	184	12853	39	57	0	13133
3706	12585	245	155	40	0	13025
3707	171	151	34	12128	0	12484
3708	173	37	30	12267	0	12507
3709	12165	29	23	264	0	12481
3710	157	15	18	12384	0	12574
3711	174	30	22	12331	0	12557
3712	12456	27	20	276	0	12779
3713	168	32	15	12232	0	12447
3714	184	12236	22	157	0	12599
3715	12193	130	15	169	0	12507
3716	167	168	11813	60	0	12208
3717	179	11303	124	55	0	11661
3718	46	176	144	11037	0	11403
3719	45	147	10856	141	0	11189
3720	58	40	10795	151	0	11044
3721	60	317	237	10025	0	10639
3722	10010	24	169	127	0	10330
3723	119	18	20	9978	0	10135
3724	134	23	20	9996	0	10173
3725	33	22	21	10129	0	10205
3726	33	14	19	10145	0	10211
3727	29	26	14	10155	0	10224
3728	30	29	9698	281	0	10038
3729	26	23	9544	151	0	9744
3730	38	10	201	9538	0	9787
3731	32	26	9677	110	0	9845
3732	28	9562	107	160	0	9857
3733	38	98	122	9573	0	9831
3734	34	128	9444	124	0	9730
3735	8419	34	102	159	0	8714
3736	114	9202	118	61	0	9495
3737	127	8847	20	53	0	9047
3738	47	9021	27	46	0	9141
3739	40	191	15	8812	0	9058
3740	8809	110	29	135	0	9083
3741	97	33	12	8863	0	9005
3742	8649	20	21	122	0	8812
3743	111	8450	16	139	0	8716
3744	8627	97	11	56	0	8791
3745	116	121	16	8532	0	8785
3746	130	36	13	8456	0	8635
3747	35	8437	22	230	0	8724
3748	37	109	24	8501	0	8671
3749	30	107	23	8518	0	8678
3750	34	36	20	8523	0	8613
3751	8305	35	23	215	0	8578
3752	8208	25	23	146	0	8402
3753	204	24	8219	55	0	8502
3754	8164	25	95	57	0	8341
3755	123	31	8367	47	0	8568
3756	129	24	100	8172	0	8425
3757	34	27	120	8310	0	8491
3758	33	31	32	8433	0	8529
3759	30	21	8242	225	0	8518
3760	28	20	112	8288	0	8448
3761	30	32	8420	133	0	8615
3762	31	20	105	8356	0	8512
3763	8248	23	121	140	0	8532
3764	101	27	8263	170	0	8561
3765	8220	32	103	59	0	8414
3766	113	24	116	8346	0	8599
3767	8397	27	31	126	0	8581
3768	106	8347	27	162	0	8642
3769	123	93	28	8428	0	8672
3770	34	120	8573	137	0	8864
3771	41	53	96	8431	0	8621
3772	34	182	122	7935	0	8273
3773	32	8217	29	214	0	8492
3774	43	98	8038	141	0	8320
3775	33	7950	92	49	0	8124
3776	6620	92	93	55	0	6860
3777	64	6609	34	39	0	6746
3778	5977	58	73	14	0	6122
3779	5927	45	24	20	0	6016
3780	5927	15	8	23	0	5973
3781	98	4	9	5951	0	6062
3782	67	6	5942	53	0	6068
3783	21	11	48	5792	0	5872
3784	5	5989	56	61	0	6111
3785	17	44	16	6000	0	6077
3786	5861	43	15	60	0	5979
3787	46	5910	13	61	0	6030
3788	44	44	9	5661	0	5758
3789	14	50	3	5682	0	5749
3790	5649	11	13	92	0	5765
3791	52	5	5642	62	0	5761
3792	47	5539	54	19	0	5659
3793	14	58	40	5182	0	5294
3794	18	32	5160	40	0	5250
3795	6	29	39	4939	0	5013
3796	10	5199	42	35	0	5286
3797	13	41	18	5281	0	5353
3798	12	33	2	5183	0	5230
3799	1	9	7	5204	0	5221
3800	6	9	5154	80	0	5249
3801	5007	3	34	43	0	5087
3802	36	5	33	5549	0	5623
3803	6078	5	8	45	0	6136
3804	6276	4	4	42	0	6326
3805	6369	5	8	7	0	6389
3806	6303	5	10	10	0	6328
3807	6397	1	4	12	0	6414
3808	89	5	3	6247	0	6344
3809	58	6192	5	52	0	6307
3810	10	45	2	6042	0	6099
3811	6	6126	3	50	0	6185
3812	8	50	3	5775	0	5836
3813	5702	31	1	40	0	5774
3814	32	8	4	5701	0	5745
3815	34	4	5688	37	0	5763
3816	5364	4	32	33	0	5433
3817	33	5701	34	17	0	5785
3818	5692	31	11	3	0	5737
3819	5665	30	2	7	0	5704
3820	5543	4	5	3	0	5555
3821	60	5772	0	10	0	5842
3822	35	32	1	5723	0	5791
3823	8	34	3	5767	0	5812
3824	7	7	5729	63	0	5806
3825	12	1	31	5506	0	5550
3826	10	1	34	5598	0	5643
3827	12	1	6	5626	0	5645
3828	8	5762	4	65	0	5839
3829	5806	35	3	36	0	5880
3830	5640	34	3	9	0	5686
3831	68	10	5882	5	0	5965
3832	45	5910	26	14	0	5995
3833	19	31	34	5939	0	6023
3834	8	32	4	6003	0	6047
3835	11	8	6	6032	0	6057
3836	11	2	3	6145	0	6161
3837	9	6	4	6193	0	6212
3838	11	9	6077	75	0	6172
3839	12	7	5853	44	0	5916
3840	6160	9	66	15	0	6250
3841	6507	6	42	12	0	6567
3842	6571	4	5	14	0	6594
3843	78	10	5	6527	0	6620
3844	58	4	6485	37	0	6584
3845	6461	7	32	49	0	6549
3846	6596	3	43	22	0	6664
3847	82	8	6504	14	0	6608
3848	6442	4	35	17	0	6498
3849	53	6	6937	12	0	7008
3850	52	5	47	6870	0	6974
3851	14	5	7055	44	0	7118
3852	6809	9	43	49	0	6910
3853	7038	2	47	18	0	7105
3854	7068	4	8	16	0	7096
3855	7125	2	9	17	0	7153
3856	96	6	7333	17	0	7452
3857	55	7379	39	13	0	7486
3858	7451	33	51	12	0	7547
3859	7441	46	9	13	0	7509
3860	90	11	7494	8	0	7603
3861	62	5	40	7232	0	7339
3862	15	6	50	7451	0	7522
3863	8	5	7364	96	0	7473
3864	6979	7	48	58	0	7092
3865	7383	3	49	17	0	7452
3866	96	7534	11	15	0	7656
3867	7716	36	11	12	0	7775
3868	7689	48	11	11	0	7759
3869	7716	7	11	12	0	7746
3870	7508	6	12	11	0	7537
3871	119	8	7390	3	0	7520
3872	7233	4	40	20	0	7297
3873	56	49	54	7181	0	7340
3874	64	7418	11	44	0	7537
3875	26	37	7335	48	0	7446
3876	20	7432	45	19	0	7516
3877	32	73	60	6995	0	7160
3878	22	38	7128	27	0	7215
3879	6641	11	36	37	0	6725
3880	49	3	7078	14	0	7144
3881	6902	6	28	11	0	6947
3882	45	6	38	6989	0	7078
3883	52	5	10	6952	0	7019
3884	23	6969	13	63	0	7068
3885	21	7136	15	36	0	7208
3886	19	64	8	7251	0	7342
3887	7222	34	9	33	0	7298
3888	7190	10	8	38	0	7246
3889	7196	6	5	15	0	7222
3890	74	8	7267	13	0	7362
3891	7096	5	44	15	0	7160
3892	47	5	7497	14	0	7563
3893	48	5	7153	10	0	7216
3894	7127	10	80	8	0	7225
3895	7346	9	47	13	0	7415
3896	72	11	7391	12	0	7486
3897	43	9	41	7195	0	7288
3898	26	23	39	7446	0	7534
3899	7500	5	9	66	0	7580
3900	7390	8	13	35	0	7446
3901	78	13	7853	15	0	7959
3902	41	7589	31	18	0	7679
3903	14	7231	29	6	0	7280
3904	7060	32	40	12	0	7144
3905	32	20	9	7072	0	7133
3906	34	1	11	7161	0	7207
3907	13	3	8	7279	0	7303
3908	6444	3	3	53	0	6503
3909	27	9	10	7292	0	7338
3910	7397	5	7	18	0	7427
3911	7546	4	4	22	0	7576
3912	49	8114	12	19	0	8194
3913	40	38	4	8932	0	9014
3914	26	29	9076	36	0	9167
3915	8892	4	38	41	0	8975
3916	9142	3	39	10	0	9194
3917	9262	7	11	8	0	9288
3918	77	10	9617	7	0	9711
3919	50	8	42	9550	0	9650
3920	9746	7	39	39	0	9831
3921	9409	7	8	45	0	9469
3922	9460	6	9	11	0	9486
3923	77	9520	11	14	0	9622
3924	49	9902	7	20	0	9978
3925	23	70	10	10044	0	10147
3926	27	40	3	9931	0	10001
3927	19	10048	10	76	0	10153
3928	9923	44	2	44	0	10013
3929	44	45	10197	18	0	10304
3930	50	5	37	10117	0	10209
3931	17	12	42	10130	0	10201
3932	20	12	10118	78	0	10228
3933	9473	1	39	54	0	9567
3934	10146	8	49	10	0	10213
3935	82	10086	11	29	0	10208
3936	10061	36	11	11	0	10119
3937	51	42	10361	9	0	10463
3938	10375	8	49	12	0	10444
3939	61	6	10724	7	0	10798
3940	10333	21	89	7	0	10450
3941	10544	6	44	20	0	10614
3942	10582	3	16	8	0	10609
3943	10505	6	6	5	0	10522
3944	72	10620	9	11	0	10712
3945	10748	34	6	12	0	10800
3946	10996	33	6	11	0	11046
3947	84	14	11165	15	0	11278
3948	11084	7	39	6	0	11136
3949	45	11	42	11228	0	11326
3950	48	2	11339	37	0	11426
3951	11167	6	46	35	0	11254
3952	43	12	35	11465	0	11555
3953	11753	4	9	40	0	11806
3954	12702	4	7	64	0	12777
3955	86	13	13381	10	0	13490
3956	13227	5	32	11	0	13275
3957	13592	1	49	10	0	13652
3958	13670	6	11	5	0	13692
3959	13867	8	4	9	0	13888
3960	80	7	11	13515	0	13613
3961	55	13845	12	33	0	13945
3962	13791	28	6	48	0	13873
3963	13904	38	7	12	0	13961
3964	14068	11	7	9	0	14095
3965	92	11	14049	15	0	14167
3966	53	14125	49	14	0	14241
3967	33	32	44	14141	0	14250
3968	18	48	12	14239	0	14317
3969	41	12	14824	79	0	14956
3970	26	12	52	14742	0	14832
3971	25	12	15144	57	0	15238
3972	21	9	52	14912	0	14994
3973	25	5	56	15144	0	15230
3974	31	13	15529	99	0	15672
3975	14733	7	52	73	0	14865
3976	15737	7	70	28	0	15842
3977	119	24	16162	16	0	16321
3978	15804	3	55	30	0	15892
3979	16264	8	64	19	0	16355
3980	134	15	16928	13	0	17090
3981	85	13	57	16606	0	16761
3982	32	11	63	17001	0	17107
3983	17081	4	18	106	0	17209
3984	67	17590	23	88	0	17768
3985	17031	53	21	19	0	17124
3986	17455	57	17	22	0	17551
3987	113	18180	25	36	0	18354
3988	18289	45	16	26	0	18376
3989	18172	64	11	21	0	18268
3990	131	18369	30	18	0	18548
3991	99	55	16	18404	0	18574
3992	41	18934	16	69	0	19060
3993	30	73	18	18933	0	19054
3994	46	78	18934	71	0	19129
3995	45	36	18907	69	0	19057
3996	18355	16	132	33	0	18536
3997	19135	11	77	26	0	19249
3998	159	15	19320	18	0	19512
3999	19103	10	77	18	0	19208
4000	19664	6	68	23	0	19761
4001	19341	4	30	23	0	19398
4002	148	20028	30	27	0	20233
4003	101	73	12	20197	0	20383
4004	20248	66	14	79	0	20407
4005	19979	19	20	83	0	20101
4006	159	33	20660	32	0	20884
4007	105	7	73	20240	0	20425
4008	35	16	84	20438	0	20573
4009	39	20895	28	130	0	21092
4010	53	21653	17	110	0	21833
4011	53	278	20	20790	0	21141
4012	37	21492	27	92	0	21648
4013	20687	78	24	66	0	20855
4014	103	21821	31	36	0	21991
4015	22262	91	23	15	0	22391
4016	150	92	22827	9	0	23078
4017	23226	27	118	35	0	23406
4018	24125	18	115	20	0	24278
4019	24149	11	23	26	0	24209
4020	23630	19	19	13	0	23681
4021	260	24005	23	39	0	24327
4022	170	108	15	24138	0	24431
4023	51	132	19	24330	0	24532
4024	54	41	24214	244	0	24553
4025	42	11	118	23742	0	23913
4026	48	11	134	24268	0	24461
4027	24281	19	36	238	0	24574
4028	128	24748	20	184	0	25080
4029	148	128	19	24864	0	25159
4030	50	146	20	25221	0	25437
4031	26	39	26	25582	0	25673
4032	25387	11	23	297	0	25718
4033	154	33	20	25627	0	25834
4034	25842	19	15	173	0	26049
4035	173	27	28	25848	0	26076
4036	192	28	17	26083	0	26320
4037	80	27	25421	281	0	25809
4038	22800	48	142	234	0	23224
4039	167	25432	168	59	0	25826
4040	26176	130	31	58	0	26395
4041	186	163	26	25999	0	26374
4042	191	39	19	26221	0	26470
4043	26675	26	22	297	0	27020
4044	26893	19	29	216	0	27157
4045	323	32	20	28080	0	28455
4046	224	40	28501	185	0	28950
4047	68	21	28507	233	0	28829
4048	59	29738	341	89	0	30227
4049	30006	207	304	51	0	30568
4050	29617	215	37	79	0	29948
4051	401	65	18	29530	0	30014
4052	264	30993	37	214	0	31508
4053	91	211	21	30974	0	31297
4054	73	230	17	29480	0	29800
4055	70	29025	40	441	0	29576
4056	28896	204	24	283	0	29407
4057	228	263	30	28512	0	29033
4058	270	29682	48	234	0	30234
4059	92	30383	35	265	0	30775
4060	30240	410	29	86	0	30765
4061	262	270	30392	66	0	30990
4062	30222	74	231	72	0	30599
4063	290	66	239	30516	0	31111
4064	285	62	53	30091	0	30491
4065	124	30805	43	497	0	31469
4066	103	305	45	30928	0	31381
4067	105	263	30952	284	0	31604
4068	77	30651	214	306	0	31248
4069	66	30861	246	127	0	31300
4070	30023	417	52	105	0	30597
4071	245	30898	43	113	0	31299
4072	272	237	41	30456	0	31006
4073	93	31023	29	275	0	31420
4074	88	256	33	31003	0	31380
4075	96	260	26	31068	0	31450
4076	80	93	30463	499	0	31135
4077	71	71	219	29930	0	30291
4078	83	62	248	30266	0	30659
4079	29666	50	71	506	0	30293
4080	288	80	29790	350	0	30508
4081	326	68	226	30054	0	30674
4082	151	72	30407	316	0	30946
4083	28947	83	249	360	0	29639
4084	294	30670	273	190	0	31427
4085	32010	264	90	171	0	32535
4086	319	309	67	32519	0	33214
4087	338	126	56	32608	0	33128
4088	167	91	32385	627	0	33270
4089	28922	94	274	479	0	29769
4090	319	32717	295	195	0	33526
4091	30512	341	73	192	0	31118
4092	338	349	57	31982	0	32726
4093	339	32980	74	375	0	33768
4094	32450	312	66	376	0	33204
4095	334	33582	70	171	0	34157
4096	356	318	49	33213	0	33936
4097	127	336	63	33411	0	33937
4098	116	126	62	33099	0	33403
4099	106	32853	84	660	0	33703
4100	124	326	76	33012	0	33538
4101	118	349	76	33204	0	33747
4102	32295	127	60	656	0	33138
4103	32384	138	58	436	0	33016
4104	32520	125	47	187	0	32879
4105	635	134	32721	184	0	33674
4106	32404	139	286	166	0	32995
4107	32847	108	324	180	0	33459
4108	32497	121	102	183	0	32903
4109	616	132	31660	163	0	32571
4110	30777	115	268	166	0	31326
4111	372	120	299	31856	0	32647
4112	380	121	31535	369	0	32405
4113	156	31357	283	450	0	32246
4114	138	698	324	29123	0	30283
4115	123	30037	114	324	0	30598
4116	112	29846	72	366	0	30396
4117	28347	417	170	142	0	29076
4118	266	305	71	28159	0	28801
4119	28525	83	50	286	0	28944
4120	271	97	54	28469	0	28891
4121	28425	87	56	272	0	28840
4122	274	95	41	28459	0	28869
4123	28473	85	51	263	0	28872
4124	290	101	27733	279	0	28403
4125	269	123	199	27770	0	28361
4126	122	90	28461	287	0	28960
4127	109	103	27404	297	0	27913
4128	119	105	28392	134	0	28750
4129	105	160	399	27398	0	28062
4130	99	86	28045	316	0	28546
4131	27207	73	231	294	0	27805
4132	264	84	201	27749	0	28298
4133	255	76	29584	320	0	30235
4134	110	60	218	29523	0	29911
4135	104	67	224	29838	0	30233
4136	145	79	31705	460	0	32389
4137	120	56	223	31430	0	31829
4138	150	66	231	31029	0	31476
4139	115	32282	94	447	0	32938
4140	32035	191	78	269	0	32573
4141	31925	195	91	116	0	32327
4142	449	75	31456	118	0	32098
4143	30397	53	248	114	0	30812
4144	262	59	30316	125	0	30762
4145	243	55	28866	95	0	29259
4146	99	68	29174	67	0	29408
4147	141	590	396	27474	0	28601
4148	80	50	28757	214	0	29101
4149	54	66	154	27795	0	28069
4150	66	34	137	28291	0	28528
4151	52	35	41	28259	0	28387
4152	59	37	33	28288	0	28417
4153	28064	32	33	250	0	28379
4154	27746	36	21	169	0	27972
4155	234	28641	58	117	0	29050
4156	153	121	33	28971	0	29278
4157	74	134	29534	173	0	29915
4158	73	29858	169	196	0	30296
4159	71	192	138	30696	0	31097
4160	65	176	31359	200	0	31800
4161	57	43	181	30402	0	30683
4162	61	50	31073	212	0	31396
4163	46	53	30982	190	0	31271
4164	48	30	320	31171	0	31569
4165	59	27	184	31554	0	31824
4166	31600	17	50	349	0	32016
4167	179	18	52	31589	0	31838
4168	31387	20	47	225	0	31679
4169	190	31550	44	228	0	32012
4170	166	32480	48	114	0	32808
4171	68	312	41	32776	0	33197
4172	33030	158	36	205	0	33429
4173	176	33485	50	264	0	33975
4174	190	166	55	34240	0	34651
4175	35698	156	43	222	0	36119
4176	35925	32	44	208	0	36209
4177	35891	24	47	71	0	36033
4178	35947	19	52	71	0	36089
4179	36454	14	61	73	0	36602
4180	372	39	35898	56	0	36365
4181	274	74	35378	62	0	35788
4182	50	35784	346	81	0	36261
4183	83	260	269	35462	0	36074
4184	64	203	36279	154	0	36700
4185	65	132	35201	180	0	35578
4186	51	105	305	34857	0	35318
4187	70	45	37492	170	0	37777
4188	59	39	37529	208	0	37835
4189	39	44902	389	92	0	45422
4190	44331	313	256	68	0	44968
4191	291	48591	71	84	0	49037
4192	344	387	53	47360	0	48144
4193	49612	324	42	333	0	50311
4194	353	51254	78	396	0	52081
4195	379	370	52	50344	0	51145
4196	88	399	51573	364	0	52424
4197	50323	43	391	408	0	51165
4198	52176	35	371	62	0	52644
4199	52818	34	85	49	0	52986
4200	774	20	46	52992	0	53832
4201	455	87	53499	456	0	54497
4202	79	53502	437	474	0	54492
4203	71	431	421	53135	0	54058
4204	52492	399	68	412	0	53371
4205	463	84	53313	407	0	54267
4206	429	51677	450	167	0	52723
4207	138	398	53649	72	0	54257
4208	51512	408	464	85	0	52469
4209	53762	73	428	71	0	54334
4210	53963	62	84	74	0	54183
4211	902	66	53151	90	0	54209
4212	475	52537	455	132	0	53599
4213	135	418	447	52113	0	53113
4214	97	431	100	52788	0	53416
4215	93	72	84	52951	0	53200
4216	122	77	52483	830	0	53512
4217	49088	66	464	513	0	50131
4218	532	98	53170	101	0	53901
4219	52616	73	488	96	0	53273
4220	53766	59	501	105	0	54431
4221	54140	71	104	115	0	54430
4222	53109	65	109	111	0	53394
4223	910	101	53394	76	0	54481
4224	580	91	497	52079	0	53247
4225	199	123	53232	485	0	54039
4226	143	51853	510	565	0	53071
4227	121	53179	497	184	0	53981
4228	52860	826	139	156	0	53981
4229	51562	540	116	117	0	52335
4230	897	53245	162	212	0	54516
4231	53845	489	125	141	0	54600
4232	659	552	51050	121	0	52382
4233	50967	129	433	157	0	51686
4234	622	52623	548	197	0	53990
4235	53770	522	136	155	0	54583
4236	51791	518	151	160	0	52620
4237	1103	126	177	50716	0	52122
4238	713	154	144	51296	0	52307
4239	50845	157	160	968	0	52130
4240	678	137	150	51281	0	52246
4241	51312	143	185	607	0	52247
4242	729	156	148	51275	0	52308
4243	50953	118	223	586	0	51880
4244	49883	115	187	573	0	50758
4245	1069	49731	235	207	0	51242
4246	744	50336	236	150	0	51466
4247	48793	982	190	152	0	50117
4248	674	49539	189	204	0	50606
4249	716	589	207	48361	0	49873
4250	315	583	208	48874	0	49980
4251	46866	216	206	1047	0	48335
4252	634	48092	250	718	0	49694
4253	700	47467	213	298	0	48678
4254	352	47943	251	275	0	48821
4255	521	971	45668	242	0	47402
4256	420	618	46329	213	0	47580
4257	432	245	47011	230	0	47918
4258	508	750	1064	38978	0	41300
4259	381	44333	635	451	0	45800
4260	44359	503	177	558	0	45597
4261	738	548	43867	219	0	45372
4262	797	187	43703	263	0	44950
4263	401	171	44511	219	0	45302
4264	413	196	978	42931	0	44518
4265	347	176	585	43624	0	44732
4266	444	201	220	44133	0	44998
4267	43694	190	194	867	0	44945
4268	43428	208	235	535	0	44406
4269	43675	199	206	181	0	44261
4270	1055	191	244	41914	0	43404
4271	734	188	40955	493	0	42370
4272	361	233	41450	482	0	42526
4273	369	162	874	40629	0	42034
4274	381	189	518	40240	0	41328
4275	39262	159	192	862	0	40475
4276	673	38910	192	629	0	40404
4277	38947	456	151	253	0	39807
4278	648	38859	191	327	0	40025
4279	723	474	135	38295	0	39627
4280	386	469	38374	613	0	39842
4281	364	250	477	38110	0	39201
4282	38414	121	475	594	0	39604
4283	699	146	38107	533	0	39485
4284	36538	141	461	198	0	37338
4285	745	146	36727	229	0	37847
4286	800	196	35228	171	0	36395
4287	32369	145	769	196	0	33479
4288	633	164	33343	181	0	34321
4289	354	90	25197	104	0	25745
4290	344	24332	749	161	0	25586
4291	20722	385	890	187	0	22184
4292	19599	133	171	76	0	19979
4293	19488	30	43	60	0	19621
4294	235	37	18848	43	0	19163
4295	18041	29	105	38	0	18213
4296	120	18763	141	34	0	19058
4297	18343	100	24	41	0	18508
4298	115	121	18403	37	0	18676
4299	131	186	105	17386	0	17808
4300	39	26	17513	99	0	17677
4301	26	17372	90	123	0	17611
4302	56	57	119	16696	0	16928
4303	53	79	22	16969	0	17123
4304	17269	4	20	128	0	17421
4305	17172	15	17	84	0	17288
4306	17179	16	13	27	0	17235
4307	17260	10	23	17	0	17310
4308	17013	18	13	28	0	17072
4309	150	23	17099	12	0	17284
4310	108	11	61	16821	0	17001
4311	44	16	17787	60	0	17907
4312	21	17	78	17833	0	17949
4313	18152	8	107	67	0	18334
4314	18356	14	24	103	0	18497
4315	18476	12	21	22	0	18531
4316	18687	10	22	20	0	18739
4317	188	16	19299	19	0	19522
4318	130	12	92	18963	0	19197
4319	40	27	19321	91	0	19479
4320	34	19686	87	144	0	19951
4321	33	19929	135	51	0	20148
4322	52	217	42	19339	0	19650
4323	33	143	28	20547	0	20751
4324	36	26	31	21204	0	21297
4325	32	10	21	22105	0	22168
4326	21670	10	20	310	0	22010
4327	132	21643	38	207	0	22020
4328	20855	124	18	37	0	21034
4329	157	158	19	20714	0	21048
4330	191	28	23	19905	0	20147
4331	53	20688	25	284	0	21050
4332	42	134	26	20664	0	20866
4333	20387	158	18	139	0	20702
4334	139	19982	31	178	0	20330
4335	156	19379	22	50	0	19607
4336	19181	237	28	28	0	19474
4337	127	167	23	19249	0	19566
4338	160	19458	28	141	0	19787
4339	63	115	24	19697	0	19899
4340	19628	146	25	151	0	19950
4341	132	25	13	19674	0	19844
4342	172	10	15	19633	0	19830
4343	19631	10	9	282	0	19932
4344	133	17	15	19560	0	19725
4345	176	19654	27	174	0	20031
4346	44	117	17	19538	0	19716
4347	26	19690	21	161	0	19898
4348	32	137	17	19728	0	19914
4349	19524	162	13	147	0	19846
4350	19591	30	19	186	0	19826
4351	281	23	11	19775	0	20090
4352	195	35	19572	136	0	19938
4353	18761	22	118	197	0	19098
4354	160	29	19606	63	0	19858
4355	19058	20	130	45	0	19253
4356	19165	18	169	52	0	19404
4357	293	23	18981	43	0	19340
4358	180	18802	124	59	0	19165
4359	18688	124	183	51	0	19046
4360	18775	160	28	49	0	19012
4361	272	42	19339	35	0	19688
4362	19114	33	106	56	0	19309
4363	19032	20	137	61	0	19250
4364	18719	38	32	44	0	18833
4365	273	24	9	19035	0	19341
4366	187	20	16	19094	0	19317
4367	50	19446	20	285	0	19801
4368	47	112	15	19852	0	20026
4369	47	169	17	19808	0	20041
4370	55	48	19474	275	0	19852
4371	47	35	18880	199	0	19161
4372	17542	32	248	70	0	17892
4373	18686	27	165	49	0	18927
4374	276	18890	44	70	0	19280
4375	201	122	12	18939	0	19274
4376	81	178	19545	152	0	19956
4377	50	41	128	19754	0	19973
4378	56	25	163	20246	0	20490
4379	50	23	28	20597	0	20698
4380	52	20697	24	311	0	21084
4381	64	138	12	21030	0	21244
4382	57	179	21	21147	0	21404
4383	83	48	20976	312	0	21419
4384	58	51	20951	207	0	21267
4385	19690	22	300	91	0	20103
4386	20789	21	262	63	0	21135
4387	328	43	39	21642	0	22052
4388	217	35	26	21232	0	21510
4389	71	29	20	21664	0	21784
4390	61	30	20974	395	0	21460
4391	44	20637	170	310	0	21161
4392	59	171	20781	98	0	21109
4393	20147	203	180	74	0	20604
4394	196	58	20990	83	0	21327
4395	20617	33	178	67	0	20895
4396	20394	22	221	65	0	20702
4397	20810	27	40	71	0	20948
4398	372	33	39	20460	0	20904
4399	253	32	20503	214	0	21002
4400	66	20681	171	280	0	21198
4401	64	180	216	20311	0	20771
4402	62	217	43	20667	0	20989
4403	83	52	21082	380	0	21597
4404	50	20735	191	292	0	21268
4405	21301	186	257	78	0	21822
4406	214	21957	64	93	0	22328
4407	23257	202	61	56	0	23576
4408	282	273	39	23327	0	23921
4409	371	49	24013	250	0	24683
4410	79	24096	249	363	0	24787
4411	24001	236	350	109	0	24696
4412	275	312	24180	70	0	24837
4413	23982	46	279	58	0	24365
4414	23969	36	334	57	0	24396
4415	568	32	23944	58	0	24602
4416	23391	39	262	56	0	23748
4417	23129	24	333	50	0	23536
4418	22817	22	60	60	0	22959
4419	552	22507	57	79	0	23195
4420	21912	221	48	56	0	22237
4421	247	22273	56	65	0	22641
4422	308	224	22065	51	0	22648
4423	54	21933	225	69	0	22281
4424	20618	225	393	68	0	21304
4425	20630	240	48	35	0	20953
4426	20971	26	39	31	0	21067
4427	431	31	25	20412	0	20899
4428	280	25	40	20763	0	21108
4429	20368	44	36	400	0	20848
4430	20518	26	37	263	0	20844
4431	423	25	48	20109	0	20605
4432	291	43	20188	187	0	20709
4433	65	19670	197	237	0	20169
4434	56	20015	248	47	0	20366
4435	67	412	52	19692	0	20223
4436	71	249	19881	194	0	20395
4437	77	77	186	18619	0	18959
4438	56	19401	238	200	0	19895
4439	70	182	43	19428	0	19723
4440	61	253	19350	193	0	19857
4441	61	46	194	19345	0	19646
4442	71	48	20173	212	0	20504
4443	76	48	214	19790	0	20128
4444	92	58	20488	203	0	20841
4445	88	46	20157	251	0	20542
4446	19249	35	415	54	0	19753
4447	20168	45	249	45	0	20507
4448	20349	26	56	51	0	20482
4449	442	20128	63	58	0	20691
4450	326	198	40	20239	0	20803
4451	19960	244	54	218	0	20476
4452	20215	46	61	250	0	20572
4453	20286	63	58	57	0	20464
4454	478	47	20135	62	0	20722
4455	295	19485	237	53	0	20070
4456	112	20317	264	50	0	20743
4457	20077	410	52	45	0	20584
4458	258	253	75	19961	0	20547
4459	20061	69	69	207	0	20406
4460	273	54	19728	257	0	20312
4461	310	39	225	19119	0	19693
4462	119	52	264	19380	0	19815
4463	133	45	60	18675	0	18913
4464	93	19333	75	404	0	19905
4465	19168	216	63	254	0	19701
4466	19054	262	53	58	0	19427
4467	457	18836	65	87	0	19445
4468	297	220	63	18551	0	19131
4469	18656	253	58	212	0	19179
4470	281	75	51	18694	0	19101
4471	18713	62	59	235	0	19069
4472	264	18542	72	293	0	19171
4473	18495	213	61	66	0	18835
4474	287	271	18225	70	0	18853
4475	310	18313	229	88	0	18940
4476	142	208	18072	78	0	18500
4477	227	518	276	17100	0	18121
4478	17030	60	290	227	0	17607
4479	17044	40	64	242	0	17390
4480	16939	50	47	74	0	17110
4481	433	35	61	16399	0	16928
4482	16530	51	48	205	0	16834
4483	254	44	41	16342	0	16681
4484	16362	42	61	214	0	16679
4485	16330	58	55	237	0	16680
4486	429	46	16354	94	0	16923
4487	240	41	15409	61	0	15751
4488	80	61	15522	46	0	15709
4489	67	71	343	14785	0	15266
4490	14926	26	308	184	0	15444
4491	191	32	64	15066	0	15353
4492	234	40	36	15220	0	15530
4493	15888	35	26	359	0	16308
4494	15822	23	32	237	0	16114
4495	16056	20	29	62	0	16167
4496	16184	26	37	57	0	16304
4497	357	19	41	15856	0	16273
4498	15815	25	38	179	0	16057
4499	182	15636	52	208	0	16078
4500	15537	146	43	51	0	15777
4501	15389	175	67	60	0	15691
4502	330	31	14757	44	0	15162
4503	13855	26	144	32	0	14057
4504	167	33	13996	36	0	14232
4505	139	15	12858	36	0	13048
4506	70	40	12815	35	0	12960
4507	102	291	221	10532	0	11146
4508	36	7	10998	56	0	11097
4509	23	50	69	10036	0	10178
4510	20	4	10407	46	0	10477
4511	22	11	11113	34	0	11180
4512	9	25	74	10621	0	10729
4513	17	4	38	11457	0	11516
4514	15	10	11923	71	0	12019
4515	11364	2	36	43	0	11445
4516	44	2	43	11954	0	12043
4517	54	7	6	12082	0	12149
4518	12088	3	15	84	0	12190
4519	50	3	4	12419	0	12476
4520	57	17	12421	43	0	12538
4521	19	9	11957	48	0	12033
4522	8	14	81	11631	0	11734
4523	16	10	12071	43	0	12140
4524	10	12505	51	62	0	12628
4525	23	38	60	12307	0	12428
4526	12380	40	15	48	0	12483
4527	46	12	12544	48	0	12650
4528	12289	3	51	29	0	12372
4529	47	1	52	13029	0	13129
4530	49	2	8	13170	0	13229
4531	11	1	3	13275	0	13290
4532	11	2	8	13288	0	13309
4533	13110	2	8	103	0	13223
4534	47	14358	14	70	0	14489
4535	56	70	8	14526	0	14660
4536	13	80	6	14556	0	14655
4537	11	7	6	14699	0	14723
4538	8	9	4	14690	0	14711
4539	14421	2	15	137	0	14575
4540	66	14494	16	110	0	14686
4541	14394	54	6	24	0	14478
4542	61	13876	16	37	0	13990
4543	59	13974	8	29	0	14070
4544	13655	111	11	14	0	13791
4545	73	68	13906	16	0	14063
4546	71	13	57	13882	0	14023
4547	14243	4	73	65	0	14385
4548	14362	8	9	86	0	14465
4549	13389	19	20	40	0	13468
4550	14652	7	6	25	0	14690
4551	122	15311	12	46	0	15491
4552	15558	75	8	18	0	15659
4553	15806	96	5	29	0	15936
4554	175	16851	14	42	0	17082
4555	118	97	4	17292	0	17511
4556	30	131	17416	124	0	17701
4557	24	23	98	17545	0	17690
4558	17283	16	142	143	0	17584
4559	126	22	18227	158	0	18533
4560	158	18031	118	90	0	18397
4561	52	122	18595	37	0	18806
4562	28	160	125	17076	0	17389
4563	26	18398	160	116	0	18700
4564	18354	110	26	159	0	18649
4565	119	18719	19	52	0	18909
4566	170	125	14	18432	0	18741
4567	40	178	9	18866	0	19093
4568	18706	29	17	264	0	19016
4569	126	17	22	18291	0	18456
4570	163	18652	31	150	0	18996
4571	18701	105	18	185	0	19009
4572	18599	165	15	45	0	18824
4573	269	19103	24	48	0	19444
4574	19068	109	19	43	0	19239
4575	135	18985	26	54	0	19200
4576	18841	128	15	63	0	19047
4577	156	19050	24	57	0	19287
4578	190	151	27	17928	0	18296
4579	57	173	13	18973	0	19216
4580	18747	38	29	274	0	19088
4581	19052	29	24	201	0	19306
4582	275	19218	24	88	0	19605
4583	212	142	18844	54	0	19252
4584	19002	187	122	53	0	19364
4585	154	46	177	19115	0	19492
4586	204	19451	48	154	0	19857
4587	72	139	16	19657	0	19884
4588	19560	197	17	158	0	19932
4589	19695	56	21	195	0	19967
4590	19939	47	14	67	0	20067
4591	317	46	14	19642	0	20019
4592	243	52	19633	153	0	20081
4593	18462	34	127	217	0	18840
4594	19022	42	185	81	0	19330
4595	19275	43	39	51	0	19408
4596	319	19080	29	75	0	19503
4597	260	149	20	19123	0	19552
4598	74	19885	33	146	0	20138
4599	83	184	18	19937	0	20222
4600	70	222	27	20114	0	20433
4601	86	71	21080	327	0	21564
4602	66	68	146	22318	0	22598
4603	75	43	217	22945	0	23280
4604	22798	57	40	458	0	23353
4605	238	23238	42	311	0	23829
4606	23311	213	26	94	0	23644
4607	23895	321	34	57	0	24307
4608	523	81	36	23870	0	24510
4609	392	79	24406	234	0	25111
4610	107	24018	206	323	0	24654
4611	78	23748	302	96	0	24224
4612	22953	488	79	104	0	23624
4613	256	23780	38	101	0	24175
4614	336	247	27	22936	0	23546
4615	111	306	33	23566	0	24016
4616	95	80	23308	491	0	23974
4617	88	71	23166	331	0	23656
4618	74	23226	467	96	0	23863
4619	70	244	306	22904	0	23524
4620	22921	307	45	215	0	23488
4621	233	90	24	23419	0	23766
4622	338	71	23540	253	0	24202
4623	85	75	199	23421	0	23780
4624	22404	48	299	292	0	23043
4625	22362	51	50	345	0	22808
4626	486	22690	51	122	0	23349
4627	22695	220	26	100	0	23041
4628	271	22867	51	73	0	23262
4629	22644	238	28	76	0	22986
4630	290	335	29	22075	0	22729
4631	351	89	22171	229	0	22840
4632	143	76	21970	309	0	22498
4633	95	22348	448	95	0	22986
4634	110	188	325	21041	0	21664
4635	86	291	70	21562	0	22009
4636	21466	61	38	446	0	22011
4637	21665	62	30	313	0	22070
4638	22196	61	29	89	0	22375
4639	486	50	26	21789	0	22351
4640	341	63	30	22137	0	22571
4641	89	44	48	22444	0	22625
4642	75	65	21943	497	0	22580
4643	90	65	21827	318	0	22300
4644	21167	63	415	117	0	21762
4645	21682	63	286	92	0	22123
4646	492	63	21824	69	0	22448
4647	21303	53	200	89	0	21645
4648	21229	36	284	89	0	21638
4649	470	53	21264	89	0	21876
4650	314	21277	221	93	0	21905
4651	114	237	301	20463	0	21115
4652	97	287	20954	204	0	21542
4653	85	21493	207	308	0	22093
4654	139	338	224	18984	0	19685
4655	70	20390	76	225	0	20761
4656	87	199	19714	254	0	20254
4657	97	260	20003	65	0	20425
4658	102	197	386	19606	0	20291
4659	19938	50	277	199	0	20464
4660	200	67	44	20112	0	20423
4661	20043	52	42	206	0	20343
4662	220	48	43	20104	0	20415
4663	290	54	19919	207	0	20470
4664	19026	50	202	294	0	19572
4665	221	54	20275	88	0	20638
4666	19857	46	224	81	0	20208
4667	209	52	279	19362	0	19902
4668	283	20036	90	260	0	20669
4669	97	203	60	19924	0	20284
4670	91	20628	69	219	0	21007
4671	123	187	59	19020	0	19389
4672	83	20540	61	216	0	20900
4673	19892	186	73	291	0	20442
4674	20051	252	52	104	0	20459
4675	20044	50	65	103	0	20262
4676	460	73	19875	73	0	20481
4677	313	61	203	19669	0	20246
4678	121	61	20380	226	0	20788
4679	100	19764	222	306	0	20392
4680	101	20191	277	89	0	20658
4681	19622	389	106	71	0	20188
4682	239	268	19790	87	0	20384
4683	282	19538	229	85	0	20134
4684	97	199	292	19792	0	20380
4685	19864	259	78	230	0	20431
4686	213	20180	78	321	0	20792
4687	20504	210	66	89	0	20869
4688	261	264	20341	100	0	20966
4689	303	73	212	20543	0	21131
4690	77	47	299	21043	0	21466
4691	89	48	80	21715	0	21932
4692	85	21567	80	494	0	22226
4693	94	232	68	21332	0	21726
4694	114	298	21935	266	0	22613
4695	108	60	225	21643	0	22036
4696	106	55	312	21856	0	22329
4697	110	35	106	21571	0	21822
4698	89	21235	97	472	0	21893
4699	90	193	83	21251	0	21617
4700	104	314	67	20815	0	21300
4701	60	19593	73	419	0	20145
4702	17806	154	37	217	0	18214
4703	145	18100	53	62	0	18360
4704	188	17700	29	60	0	17977
4705	64	356	51	17299	0	17770
4706	56	184	17238	150	0	17628
4707	15313	63	153	186	0	15715
4708	128	37	177	16595	0	16937
4709	173	29	16346	136	0	16684
4710	25	16414	137	217	0	16793
4711	42	122	170	16356	0	16690
4712	50	174	16560	158	0	16942
4713	38	55	128	16167	0	16388
4714	37	29	168	16232	0	16466
4715	15854	23	33	270	0	16180
4716	114	15883	45	208	0	16250
4717	15830	123	23	49	0	16025
4718	139	165	15984	48	0	16336
4719	166	16138	128	75	0	16507
4720	50	135	16201	43	0	16429
4721	48	231	146	16182	0	16607
4722	16137	41	184	135	0	16497
4723	123	32	22	16144	0	16321
4724	16335	23	31	143	0	16532
4725	16375	29	24	187	0	16615
4726	278	24	19	16598	0	16919
4727	194	34	17355	139	0	17722
4728	40	38	17802	188	0	18068
4729	43	43	267	17952	0	18305
4730	32	24	192	18346	0	18594
4731	18274	27	32	307	0	18640
4732	132	26	28	18304	0	18490
4733	188	18233	37	151	0	18609
4734	39	138	22	18368	0	18567
4735	35	200	20	18471	0	18726
4736	18142	41	25	333	0	18541
4737	132	18504	29	245	0	18910
4738	195	138	23	18562	0	18918
4739	48	191	30	18413	0	18682
4740	35	18405	37	350	0	18827
4741	29	145	27	18677	0	18878
4742	31	206	22	18375	0	18634
4743	26	18235	24	376	0	18661
4744	31	143	32	18374	0	18580
4745	30	215	30	18030	0	18305
4746	24	17956	37	370	0	18387
4747	29	151	26	18224	0	18430
4748	17987	203	15	201	0	18406
4749	17918	41	20	245	0	18224
4750	17875	38	26	75	0	18014
4751	17763	35	22	80	0	17900
4752	312	17202	45	82	0	17641
4753	16308	112	20	59	0	16499
4754	115	16211	19	77	0	16422
4755	177	15841	31	61	0	16110
4756	62	283	51	15698	0	16094
4757	54	169	15890	133	0	16246
4758	15137	48	104	175	0	15464
4759	15644	28	148	57	0	15877
4760	237	36	16362	55	0	16690
4761	16003	29	99	57	0	16188
4762	16415	27	145	57	0	16644
4763	250	16206	23	60	0	16539
4764	17464	110	21	79	0	17674
4765	124	163	17	17189	0	17493
4766	176	34	19	17217	0	17446
4767	44	33	20	17377	0	17474
4768	54	31	16	17357	0	17458
4769	17250	28	17	281	0	17576
4770	113	41	16	17185	0	17355
4771	185	28	21	17166	0	17400
4772	52	29	16966	265	0	17312
4773	15864	37	98	212	0	16211
4774	17029	23	156	70	0	17278
4775	17112	31	22	64	0	17229
4776	254	16877	30	78	0	17239
4777	182	17100	18	71	0	17371
4778	16884	241	20	59	0	17204
4779	124	177	18	16902	0	17221
4780	166	17206	18	165	0	17555
4781	45	111	17	17027	0	17200
4782	44	17336	24	158	0	17562
4783	17040	118	13	189	0	17360
4784	120	17365	26	102	0	17613
4785	175	121	8	16968	0	17272
4786	72	169	15	17154	0	17410
4787	81	42	17571	268	0	17962
4788	47	18311	105	204	0	18667
4789	58	201	167	18607	0	19033
4790	55	216	19116	184	0	19571
4791	55	57	19492	219	0	19823
4792	45	68	324	19449	0	19886
4793	52	31	241	19273	0	19597
4794	37	19140	46	418	0	19641
4795	52	19714	30	295	0	20091
4796	45	384	24	19755	0	20208
4797	19799	256	29	212	0	20296
4798	214	71	8	20586	0	20879
4799	21036	51	13	235	0	21335
4800	21189	48	23	264	0	21524
4801	21621	42	17	84	0	21764
4802	467	45	21505	80	0	22097
4803	21336	35	189	70	0	21630
4804	238	31	253	21461	0	21983
4805	299	29	43	21583	0	21954
4806	90	50	21298	459	0	21897
4807	71	41	21270	330	0	21712
4808	66	100	419	20506	0	21091
4809	59	20735	282	216	0	21292
4810	67	20991	63	282	0	21403
4811	91	413	45	20849	0	21398
4812	20645	274	36	222	0	21177
4813	212	65	24	20982	0	21283
4814	277	51	20	20558	0	20906
4815	78	20786	29	460	0	21353
4816	56	192	21	21135	0	21404
4817	62	271	21175	242	0	21750
4818	63	54	20642	301	0	21060
4819	19569	27	407	94	0	20097
4820	197	20631	287	75	0	21190
4821	20537	188	51	57	0	20833
4822	20459	246	41	58	0	20804
4823	421	54	45	19222	0	19742
4824	281	20274	45	183	0	20783
4825	72	199	28	20395	0	20694
4826	20118	246	18	232	0	20614
4827	186	19746	52	307	0	20291
4828	19174	179	25	80	0	19458
4829	198	19248	24	87	0	19557
4830	19250	192	23	65	0	19530
4831	18994	229	26	53	0	19302
4832	370	18879	29	79	0	19357
4833	262	186	33	18799	0	19280
4834	18859	204	48	191	0	19302
4835	208	66	18376	224	0	18874
4836	228	44	18326	74	0	18672
4837	91	183	359	17699	0	18332
4838	17980	41	241	170	0	18432
4839	168	27	51	18116	0	18362
4840	18178	26	26	204	0	18434
4841	200	35	18539	227	0	19001
4842	18600	32	155	70	0	18857
4843	19363	29	199	53	0	19644
4844	382	24	44	19145	0	19595
4845	246	34	26	19298	0	19604
4846	70	25	28	19409	0	19532
4847	57	19497	39	387	0	19980
4848	59	145	28	19471	0	19703
4849	45	202	33	19603	0	19883
4850	19461	51	44	350	0	19906
4851	19466	34	31	262	0	19793
4852	369	50	19276	86	0	19781
4853	19051	34	163	78	0	19326
4854	215	52	19476	67	0	19810
4855	18217	39	198	98	0	18552
4856	223	47	19259	65	0	19594
4857	247	48	18872	60	0	19227
4858	85	80	330	18395	0	18890
4859	72	34	18923	214	0	19243
4860	18230	38	210	248	0	18726
4861	180	51	217	19267	0	19715
4862	19720	40	59	209	0	20028
4863	19731	48	46	243	0	20068
4864	18917	45	36	93	0	19091
4865	18725	33	43	74	0	18875
4866	427	31	18700	75	0	19233
4867	301	19	156	18597	0	19073
4868	125	37	19189	186	0	19537
4869	114	25	181	18847	0	19167
4870	18857	26	224	215	0	19322
4871	196	26	80	19179	0	19481
4872	19361	30	68	222	0	19681
4873	205	32	68	19532	0	19837
4874	222	37	45	19689	0	19993
4875	19544	38	46	364	0	19992
4876	184	19539	61	288	0	20072
4877	19473	164	42	106	0	19785
4878	204	19556	44	107	0	19911
4879	235	172	35	19512	0	19954
4880	19461	203	32	200	0	19896
4881	198	71	19478	243	0	19990
4882	240	43	149	19528	0	19960
4883	19610	42	203	208	0	20063
4884	20047	31	73	217	0	20368
4885	373	42	50	19812	0	20277
4886	287	20299	61	191	0	20838
4887	106	19848	63	244	0	20261
4888	125	734	32	18411	0	19302
4889	18604	193	79	148	0	19024
4890	147	18146	23	171	0	18487
4891	133	17309	22	48	0	17512
4892	16712	171	21	31	0	16935
4893	80	16840	22	35	0	16977
4894	17232	75	35	31	0	17373
4895	137	119	28	17112	0	17396
4896	136	39	7	16918	0	17100
4897	21	17105	18	194	0	17338
4898	22	16942	20	148	0	17132
4899	16176	166	5	27	0	16374
4900	78	16961	14	36	0	17089
4901	103	17775	14	23	0	17915
4902	51	212	13	17785	0	18061
4903	18254	148	8	105	0	18515
4904	127	39	19241	151	0	19558
4905	19230	18	143	28	0	19419
4906	159	19	187	20793	0	21158
4907	214	17	21259	170	0	21660
4908	54	19	21659	237	0	21969
4909	31	11	392	21893	0	22327
4910	33	26	22854	187	0	23100
4911	22395	13	226	250	0	22884
4912	22905	13	271	58	0	23247
4913	417	19	23125	48	0	23609
4914	274	15	207	22754	0	23250
4915	59	11	271	23049	0	23390
4916	23149	7	52	426	0	23634
4917	210	22	38	22114	0	22384
4918	269	22717	41	219	0	23246
4919	22631	178	25	267	0	23101
4920	195	22904	36	79	0	23214
4921	251	23406	30	75	0	23762
4922	68	424	26	23037	0	23555
4923	55	282	22	23068	0	23427
4924	57	64	12	23386	0	23519
4925	52	73	22819	458	0	23402
4926	20835	50	189	342	0	21416
4927	189	22514	259	149	0	23111
4928	22944	211	44	74	0	23273
4929	22987	272	38	64	0	23361
4930	466	58	31	22891	0	23446
4931	310	23108	38	218	0	23674
4932	95	218	24	23547	0	23884
4933	81	271	22	23712	0	24086
4934	23870	65	23	476	0	24434
4935	23744	53	23	342	0	24162
4936	470	63	23784	110	0	24427
4937	23766	42	196	77	0	24081
4938	263	24420	263	81	0	25027
4939	24465	237	37	61	0	24800
4940	260	25729	50	75	0	26114
4941	323	269	31	24993	0	25616
4942	103	312	38	24775	0	25228
4943	90	24969	43	514	0	25616
4944	80	287	31	25528	0	25926
4945	77	325	33	25518	0	25953
4946	101	104	36	25098	0	25339
4947	66	24938	42	583	0	25629
4948	80	293	41	25279	0	25693
4949	71	325	39	25236	0	25671
4950	81	97	24	25550	0	25752
4951	76	99	24810	606	0	25591
4952	23244	80	256	459	0	24039
4953	292	85	25124	177	0	25678
4954	24385	77	279	157	0	24898
4955	342	86	25205	128	0	25761
4956	24648	83	296	121	0	25148
4957	24955	73	329	122	0	25479
4958	595	99	25021	107	0	25822
4959	424	97	285	24496	0	25302
4960	166	103	24467	322	0	25058
4961	22936	84	297	389	0	23706
4962	325	82	24711	176	0	25294
4963	389	75	24262	166	0	24892
4964	23537	60	576	131	0	24304
4965	321	24252	388	156	0	25117
4966	391	273	144	24274	0	25082
4967	24589	334	122	335	0	25380
4968	349	88	124	24711	0	25272
4969	402	72	109	24905	0	25488
4970	24587	88	108	617	0	25400
4971	24573	49	115	481	0	25218
4972	646	75	24417	192	0	25330
4973	450	54	24359	183	0	25046
4974	187	71	582	24160	0	25000
4975	177	66	24855	395	0	25493
4976	162	59	357	24464	0	25042
4977	165	70	398	24369	0	25002
4978	155	79	132	25062	0	25428
4979	24251	78	127	667	0	25123
4980	331	24740	125	496	0	25692
4981	24861	304	85	242	0	25492
4982	24479	346	84	236	0	25145
4983	597	24582	102	233	0	25514
4984	23987	282	59	207	0	24535
4985	357	346	23719	173	0	24595
4986	372	192	240	23228	0	24032
4987	23616	104	277	349	0	24346
4988	344	88	23403	356	0	24191
4989	22809	60	251	184	0	23304
4990	315	24113	300	158	0	24886
4991	26252	224	111	136	0	26723
4992	26097	259	110	116	0	26582
4993	667	26735	119	163	0	27684
4994	27417	307	99	107	0	27930
4995	478	340	84	27516	0	28418
4996	461	115	80	27947	0	28603
4997	27767	74	70	658	0	28569
4998	25889	98	71	452	0	26510
4999	640	27483	74	235	0	28432
5000	450	27184	87	180	0	27901
5001	183	689	68	24760	0	25700
5002	136	26157	90	289	0	26672
5003	120	26470	90	327	0	27007
5004	24573	476	136	126	0	25311
5005	265	25146	70	117	0	25598
5006	23600	254	49	69	0	23972
5007	274	24572	45	97	0	24988
5008	290	252	24244	94	0	24880
5009	123	24600	204	110	0	25037
5010	23790	340	277	95	0	24502
5011	23347	222	72	65	0	23706
5012	395	95	23576	45	0	24111
5013	272	41	203	22721	0	23237
5014	124	41	213	23836	0	24214
5015	96	46	23872	353	0	24367
5016	90	29	200	23187	0	23506
5017	87	65	23993	266	0	24411
5018	83	50	23285	264	0	23682
5019	22518	31	368	123	0	23040
5020	204	23643	237	93	0	24177
5021	23579	180	94	57	0	23910
5022	282	217	56	23541	0	24096
5023	267	102	24095	194	0	24658
5024	150	78	187	22757	0	23172
5025	94	24361	201	235	0	24891
5026	24451	197	78	209	0	24935
5027	24503	210	60	104	0	24877
5028	396	88	40	24624	0	25148
5029	287	78	24346	208	0	24919
5030	22774	63	180	219	0	23236
5031	262	24091	192	112	0	24657
5032	23980	219	86	46	0	24331
5033	321	234	41	23690	0	24286
5034	23783	107	44	198	0	24132
5035	315	92	36	23671	0	24114
5036	294	99	23645	270	0	24308
5037	168	71	23145	276	0	23660
5038	21967	43	332	188	0	22530
5039	234	23820	233	126	0	24413
5040	23276	171	159	74	0	23680
5041	23199	215	74	66	0	23554
5042	301	23652	59	57	0	24069
5043	23330	222	28	68	0	23648
5044	268	242	24799	58	0	25367
5045	237	158	143	24707	0	25245
5046	143	115	167	25021	0	25446
5047	109	108	58	25408	0	25683
5048	128	107	25232	346	0	25813
5049	122	117	25305	232	0	25776
5050	105	122	324	24557	0	25108
5051	92	25400	251	201	0	25944
5052	103	26203	110	209	0	26625
5053	26189	323	69	98	0	26679
5054	26062	234	85	87	0	26468
5055	339	27386	92	148	0	27965
5056	256	215	56	27761	0	28288
5057	135	223	79	28002	0	28439
5058	28471	103	90	389	0	29053
5059	254	83	97	29225	0	29659
5060	265	86	101	29157	0	29609
5061	180	87	99	29326	0	29692
5062	150	129	28101	418	0	28798
5063	163	104	26899	300	0	27466
5064	27595	71	371	167	0	28204
5065	246	58	279	29506	0	30089
5066	287	93	29529	279	0	30188
5067	144	110	28796	300	0	29350
5068	28372	90	445	172	0	29079
5069	338	97	32434	128	0	32997
5070	331	33267	314	146	0	34058
5071	138	282	328	35376	0	36124
5072	163	309	35804	310	0	36586
5073	35073	139	314	359	0	35885
5074	399	107	347	37777	0	38630
5075	417	111	37676	387	0	38591
5076	173	80	349	38060	0	38662
5077	134	61	398	38276	0	38869
5078	38476	66	148	689	0	39379
5079	393	39083	148	509	0	40133
5080	463	319	104	38386	0	39272
5081	39098	380	88	389	0	39955
5082	39222	126	85	441	0	39874
5083	39785	63	80	170	0	40098
5084	40195	89	83	123	0	40490
5085	784	76	88	39458	0	40406
5086	39542	40	118	406	0	40106
5087	39123	45	118	467	0	39753
5088	38150	40	81	231	0	38502
5089	38145	50	139	193	0	38527
5090	708	36900	155	191	0	37954
5091	277	34463	44	73	0	34857
5092	100	544	52	33712	0	34408
5093	72	34527	67	218	0	34884
5094	34150	218	57	260	0	34685
5095	239	261	36	33903	0	34439
5096	33914	61	35	238	0	34248
5097	34141	26	34	293	0	34494
5098	432	28	36	35189	0	35685
5099	289	35	36	34707	0	35067
5100	74	35157	54	456	0	35741
5101	35157	185	39	296	0	35677
5102	247	35329	61	109	0	35746
5103	35534	211	47	88	0	35880
5104	264	241	41	35678	0	36224
5105	306	86	35447	272	0	36111
5106	34694	46	213	289	0	35242
5107	33925	68	244	93	0	34330
5108	519	71	34166	77	0	34833
5109	364	56	34259	74	0	34753
5110	136	57	424	33107	0	33724
5111	35830	41	269	286	0	36426
5112	37091	25	62	331	0	37509
5113	38634	46	44	110	0	38834
5114	38572	36	36	117	0	38761
5115	625	38487	74	114	0	39300
5116	39733	259	44	109	0	40145
5117	381	327	50	39328	0	40086
5118	431	81	44	39700	0	40256
5119	180	58	38	40865	0	41141
5120	129	70	53	41387	0	41639
5121	40606	49	45	659	0	41359
5122	363	62	56	42392	0	42873
5123	452	70	41619	424	0	42565
5124	165	47	299	42593	0	43104
5125	165	49	381	42707	0	43302
5126	179	33	76	42812	0	43100
5127	166	55	51	42452	0	42724
5128	41306	43	62	776	0	42187
5129	410	41608	80	543	0	42641
5130	495	41858	66	187	0	42606
5131	196	705	41	41140	0	42082
5132	41389	446	46	386	0	42267
5133	42017	94	58	474	0	42643
5134	813	74	63	42320	0	43270
5135	603	86	41735	418	0	42842
5136	41094	76	346	517	0	42033
5137	484	62	426	43151	0	44123
5138	556	74	43221	443	0	44294
5139	40420	54	341	570	0	41385
5140	476	43206	448	223	0	44353
5141	46970	339	84	171	0	47564
5142	647	48718	95	189	0	49649
5143	751	569	51	48061	0	49432
5144	262	49479	67	701	0	50509
5145	205	766	55	50648	0	51674
5146	48098	692	60	775	0	49625
5147	612	49388	74	924	0	50998
5148	803	601	49250	253	0	50907
5149	252	761	556	49277	0	50846
5150	220	172	50294	704	0	51390
5151	192	125	654	48703	0	49674
5152	182	83	701	49775	0	50741
5153	213	68	49222	1292	0	50795
5154	42943	76	638	1010	0	44667
5155	699	92	48948	287	0	50026
5156	809	93	47883	241	0	49026
5157	244	48026	1223	251	0	49744
5158	201	599	797	47493	0	49090
5159	186	683	174	47702	0	48745
5160	158	201	111	47460	0	47930
5161	164	119	78	48595	0	48956
5162	152	116	47149	1439	0	48856
5163	42680	91	633	1024	0	44428
5164	702	94	47535	366	0	48697
5165	734	70	647	45881	0	47332
5166	45351	64	701	699	0	46815
5167	607	45930	235	855	0	47627
5168	722	850	116	44503	0	46191
5169	42754	628	155	625	0	44162
5170	578	41816	103	762	0	43259
5171	584	41041	96	270	0	41991
5172	40265	980	134	191	0	41570
5173	530	40959	84	188	0	41761
5174	39464	566	112	153	0	40295
5175	548	40143	97	161	0	40949
5176	39996	556	92	145	0	40789
5177	39493	591	60	139	0	40283
5178	1001	40271	108	291	0	41671
5179	713	509	80	39730	0	41032
5180	239	613	39418	555	0	40825
5181	38279	190	503	626	0	39598
5182	543	130	568	37943	0	39184
5183	627	38439	187	563	0	39816
5184	171	39191	148	680	0	40190
5185	131	978	97	39163	0	40369
5186	38801	627	91	598	0	40117
5187	530	201	38872	664	0	40267
5188	633	102	496	39053	0	40284
5189	201	98	578	39573	0	40450
5190	134	98	199	40307	0	40738
5191	138	93	102	39257	0	39590
5192	91	38921	142	1173	0	40327
5193	114	509	86	39590	0	40299
5194	218	634	38343	668	0	39863
5195	141	209	38003	712	0	39065
5196	129	173	38765	279	0	39346
5197	139	163	1052	37381	0	38735
5198	36559	146	690	585	0	37980
5199	578	137	36909	658	0	38282
5200	715	125	37196	235	0	38271
5201	207	149	1051	36234	0	37641
5202	36723	115	692	645	0	38175
5203	548	36672	240	710	0	38170
5204	36728	561	157	304	0	37750
5205	669	597	135	36359	0	37760
5206	712	295	36874	580	0	38461
5207	256	432	558	34599	0	35845
5208	195	36906	652	651	0	38404
5209	37479	598	221	632	0	38930
5210	613	660	37677	318	0	39268
5211	594	36615	529	305	0	38043
5212	35760	629	746	228	0	37363
5213	686	619	285	35722	0	37312
5214	648	199	173	36246	0	37266
5215	36252	137	190	1115	0	37694
5216	36368	105	166	808	0	37447
5217	37685	127	168	338	0	38318
5218	1239	154	176	35869	0	37438
5219	767	35873	154	709	0	37503
5220	35958	521	160	744	0	37383
5221	623	36301	143	368	0	37435
5222	34841	595	151	224	0	35811
5223	682	34186	189	212	0	35269
5224	630	593	155	33420	0	34798
5225	33831	606	94	619	0	35150
5226	33990	229	95	655	0	34969
5227	34463	183	69	319	0	35034
5228	34705	133	85	224	0	35147
5229	34574	161	97	172	0	35004
5230	1206	174	33716	176	0	35272
5231	819	152	524	33184	0	34679
5232	359	171	34057	541	0	35128
5233	310	142	33428	626	0	34506
5234	32854	146	1018	230	0	34248
5235	33331	161	638	174	0	34304
5236	33478	131	230	140	0	33979
5237	1164	197	125	32157	0	33643
5238	31969	147	130	569	0	32815
5239	772	31683	136	650	0	33241
5240	723	31868	106	277	0	32974
5241	253	28761	65	170	0	29249
5242	26002	647	229	95	0	26973
5243	366	26644	71	98	0	27179
5244	25466	293	132	78	0	25969
5245	24919	301	38	65	0	25323
5246	613	114	24972	75	0	25774
5247	445	70	261	24276	0	25052
5248	196	55	299	25594	0	26144
5249	25731	55	86	539	0	26411
5250	25744	45	52	386	0	26227
5251	645	48	58	25547	0	26298
5252	479	51	25376	311	0	26217
5253	210	64	25416	364	0	26054
5254	162	55	557	25321	0	26095
5255	169	60	367	25410	0	26006
5256	158	65	90	25970	0	26283
5257	25193	55	67	607	0	25922
5258	25049	71	51	409	0	25580
5259	645	25144	59	147	0	25995
5260	459	305	58	24984	0	25806
5261	223	346	51	24733	0	25353
5262	180	25212	74	589	0	26055
5263	189	303	60	25426	0	25978
5264	25266	352	57	372	0	26047
5265	384	89	76	25308	0	25857
5266	463	60	69	25358	0	25950
5267	24807	64	64	644	0	25579
5268	24709	69	66	438	0	25282
5269	25023	65	83	178	0	25349
5270	743	135	105	24197	0	25180
5271	496	83	23522	344	0	24445
5272	258	61	23066	400	0	23785
5273	223	69	23111	156	0	23559
5274	177	22276	583	173	0	23209
5275	21596	308	445	159	0	22508
5276	386	321	21382	131	0	22220
5277	20933	77	279	118	0	21407
5278	414	77	309	20766	0	21566
5279	20851	69	118	347	0	21385
5280	21007	79	102	390	0	21578
5281	585	21204	88	193	0	22070
5282	21648	238	83	156	0	22125
5283	21311	310	68	196	0	21885
5284	601	21277	83	214	0	22175
5285	491	242	81	21560	0	22374
5286	285	312	21628	337	0	22562
5287	225	111	242	21295	0	21873
5288	200	77	304	21574	0	22155
5289	21495	90	108	601	0	22294
5290	398	97	94	21235	0	21824
5291	426	21841	87	383	0	22737
5292	225	275	94	21586	0	22180
5293	172	351	87	22002	0	22612
5294	205	114	21656	615	0	22590
5295	195	21409	277	446	0	22327
5296	235	21704	330	207	0	22476
5297	20871	503	113	183	0	21670
5298	359	21953	99	222	0	22633
5299	428	314	108	21511	0	22361
5300	230	364	21730	340	0	22664
5301	192	21816	288	438	0	22734
5302	21673	280	365	173	0	22491
5303	344	357	162	21592	0	22455
5304	445	121	119	21908	0	22593
5305	230	93	21792	589	0	22704
5306	179	92	286	21093	0	21650
5307	182	101	326	21377	0	21986
5308	20860	82	125	604	0	21671
5309	19426	73	93	435	0	20027
5310	562	19376	77	233	0	20248
5311	18072	201	69	171	0	18513
5312	307	17739	55	181	0	18282
5313	294	394	57	15779	0	16524
5314	151	16666	44	220	0	17081
5315	129	16853	60	285	0	17327
5316	15844	398	149	181	0	16572
5317	15298	237	72	129	0	15736
5318	312	15196	53	112	0	15673
5319	15226	148	76	98	0	15548
5320	15066	185	44	104	0	15399
5321	15535	67	47	94	0	15743
5322	331	52	42	15547	0	15972
5323	15634	73	63	185	0	15955
5324	203	88	15100	205	0	15596
5325	14787	63	139	110	0	15099
5326	198	67	15408	85	0	15758
5327	227	68	155	15087	0	15537
5328	103	82	179	15689	0	16053
5329	119	80	15644	292	0	16135
5330	14955	65	131	234	0	15385
5331	15477	63	179	104	0	15823
5332	330	56	16168	100	0	16654
5333	221	51	154	15705	0	16131
5334	102	47	193	15951	0	16293
5335	95	48	52	16279	0	16474
5336	15987	46	39	354	0	16426
5337	15933	49	59	236	0	16277
5338	314	69	59	15179	0	15621
5339	201	14918	43	179	0	15341
5340	80	14515	35	186	0	14816
5341	13664	225	28	73	0	13990
5342	148	14024	21	67	0	14260
5343	151	13462	23	66	0	13702
5344	75	164	45	12209	0	12493
5345	40	101	12312	66	0	12519
5346	36	12124	44	103	0	12307
5347	48	164	89	11585	0	11886
5348	35	11950	26	69	0	12080
5349	56	59	27	11636	0	11778
5350	11613	58	19	63	0	11753
5351	49	11894	17	93	0	12053
5352	11952	49	12	33	0	12046
5353	11669	60	17	23	0	11769
5354	96	27	11592	48	0	11763
5355	11310	14	35	36	0	11395
5356	62	23	53	11818	0	11956
5357	63	15	11933	53	0	12064
5358	21	12001	48	63	0	12133
5359	32	67	53	11715	0	11867
5360	21	47	9	11700	0	11777
5361	11704	15	7	77	0	11803
5362	38	18	9	11700	0	11765
5363	58	17	10	11746	0	11831
5364	11750	9	9	81	0	11849
5365	42	11756	20	78	0	11896
5366	11617	39	10	30	0	11696
5367	46	53	11690	20	0	11809
5368	10617	13	36	35	0	10701
5369	52	15	12267	21	0	12355
5370	62	12529	33	27	0	12651
5371	12606	32	44	24	0	12706
5372	12216	54	20	20	0	12310
5373	103	27	12507	14	0	12651
5374	83	22	12762	19	0	12886
5375	38	20	13258	15	0	13331
5376	21	13739	92	35	0	13887
5377	25	48	77	13922	0	14072
5378	29	87	15043	55	0	15214
5379	24	32	14819	79	0	14954
5380	31	28	169	14793	0	15021
5381	44	21	15457	80	0	15602
5382	14913	23	86	114	0	15136
5383	17034	19	115	34	0	17202
5384	241	25	17184	22	0	17472
5385	185	17164	125	44	0	17518
5386	41	104	160	16983	0	17288
5387	47	162	17450	110	0	17769
5388	28	17479	134	164	0	17805
5389	64	167	175	17114	0	17520
5390	17095	147	44	130	0	17416
5391	16755	17	25	160	0	16957
5392	234	17480	25	41	0	17780
5393	175	131	24	17470	0	17800
5394	34	152	21	17579	0	17786
5395	24	24	24	17541	0	17613
5396	26	20	27	17629	0	17702
5397	33	21	17396	282	0	17732
5398	27	16	107	17169	0	17319
5399	32	17	17137	139	0	17325
5400	30	16852	116	170	0	17168
5401	16552	106	147	36	0	16841
5402	103	17591	35	31	0	17760
5403	154	111	21	17499	0	17785
5404	35	146	18	17521	0	17720
5405	17433	27	16	243	0	17719
5406	110	21	13	17458	0	17602
5407	140	17441	25	123	0	17729
5408	18	106	17	17807	0	17948
5409	14	154	14	17711	0	17893
5410	17474	29	11	244	0	17758
5411	111	25	17485	160	0	17781
5412	140	17237	89	41	0	17507
5413	18	17572	133	35	0	17758
5414	17	222	20	17154	0	17413
5415	16964	138	18	108	0	17228
5416	84	17081	24	168	0	17357
5417	132	95	13	17168	0	17408
5418	27	148	17018	112	0	17305
5419	24	23	98	16948	0	17093
5420	17170	17	137	122	0	17446
5421	16693	20	28	141	0	16882
5422	228	15	9	16806	0	17058
5423	17212	10	13	128	0	17363
5424	16871	19	19	152	0	17061
5425	233	28	16954	30	0	17245
5426	16172	17	108	40	0	16337
5427	106	17029	150	43	0	17328
5428	17164	109	16	33	0	17322
5429	138	147	16850	25	0	17160
5430	159	20	103	16984	0	17266
5431	17561	14	159	118	0	17852
5432	131	25	16914	160	0	17230
5433	184	16	17166	30	0	17396
5434	43	15	275	16751	0	17084
5435	43	10	17569	123	0	17745
5436	17015	21	142	166	0	17344
5437	134	36	17985	29	0	18184
5438	181	11	143	18029	0	18364
5439	29	11	181	18577	0	18798
5440	19308	21	48	320	0	19697
5441	170	26	19578	210	0	19984
5442	225	19	20543	56	0	20843
5443	36	15	388	21533	0	21972
5444	49	17	22143	204	0	22413
5445	21365	11	236	273	0	21885
5446	196	9	306	21857	0	22368
5447	289	28	22147	207	0	22671
5448	43	11	210	22064	0	22328
5449	49	13	304	22297	0	22663
5450	22356	22	51	465	0	22894
5451	223	36	22323	313	0	22895
5452	21387	27	216	74	0	21704
5453	238	31	23057	48	0	23374
5454	22289	27	227	59	0	22602
5455	22580	21	310	58	0	22969
5456	22690	20	53	71	0	22834
5457	492	22228	53	87	0	22860
5458	22614	184	43	68	0	22909
5459	22396	273	40	62	0	22771
5460	491	23	34	22327	0	22875
5461	321	33	22349	230	0	22933
5462	21493	26	219	339	0	22077
5463	250	22	22939	84	0	23295
5464	325	31	223	22080	0	22659
5465	76	27	311	22883	0	23297
5466	22761	23	63	489	0	23336
5467	221	23331	69	351	0	23972
5468	320	199	39	23110	0	23668
5469	82	286	38	23085	0	23491
5470	73	47	23022	490	0	23632
5471	54	27	213	22780	0	23074
5472	60	19	298	23151	0	23528
5473	75	12	55	22344	0	22486
5474	49	22353	41	496	0	22939
5475	21777	190	42	296	0	22305
5476	21657	263	40	75	0	22035
5477	438	21831	59	79	0	22407
5478	20754	159	33	61	0	21007
5479	207	279	33	21525	0	22044
5480	297	31	22429	209	0	22966
5481	50	22663	203	298	0	23214
5482	45	23014	268	133	0	23460
5483	22538	348	125	45	0	23056
5484	23175	212	57	44	0	23488
5485	415	18	33	23472	0	23938
5486	287	19	28	23789	0	24123
5487	54	15	24	23950	0	24043
5488	23283	20	39	460	0	23802
5489	243	26	23236	297	0	23802
5490	23137	12	204	62	0	23415
5491	232	28	269	23361	0	23890
5492	300	24	61	22874	0	23259
5493	61	23184	35	471	0	23751
5494	55	177	47	23711	0	23990
5495	64	259	42	23814	0	24179
5496	56	48	23913	475	0	24492
5497	60	24041	207	335	0	24643
5498	24388	197	283	79	0	24947
5499	24039	260	37	73	0	24409
5500	24795	29	48	60	0	24932
5501	24725	35	30	67	0	24857
5502	502	34	23819	57	0	24412
5503	23344	20	212	69	0	23645
5504	257	29	24209	64	0	24559
5505	303	23	215	23200	0	23741
5506	79	24025	285	230	0	24619
5507	83	206	51	24131	0	24471
5508	82	272	42	24192	0	24588
5509	89	45	24160	502	0	24796
5510	22863	20	228	354	0	23465
5511	23734	39	279	100	0	24152
5512	459	23752	65	152	0	24428
5513	341	202	24007	86	0	24636
5514	102	270	220	23931	0	24523
5515	103	60	24437	259	0	24859
5516	96	56	23870	324	0	24346
5517	103	63	453	23684	0	24303
5518	108	52	24172	268	0	24600
5519	109	34	225	23988	0	24356
5520	129	49	24672	283	0	25133
5521	89	49	231	24567	0	24936
5522	24687	40	293	283	0	25303
5523	24525	35	70	366	0	24996
5524	24592	31	54	137	0	24814
5525	24395	34	67	119	0	24615
5526	499	24546	78	110	0	25233
5527	336	196	59	24220	0	24811
5528	100	273	60	24418	0	24851
5529	101	74	24172	510	0	24857
5530	94	80	212	23820	0	24206
5531	91	59	23928	304	0	24382
5532	103	45	23062	330	0	23540
5533	22128	42	446	115	0	22731
5534	239	23759	309	131	0	24438
5535	24014	192	80	97	0	24383
5536	23741	270	71	98	0	24180
5537	475	24271	79	100	0	24925
5538	24209	185	89	95	0	24578
5539	288	239	24232	84	0	24843
5540	255	23732	208	92	0	24287
5541	23432	163	275	96	0	23966
5542	217	251	22777	85	0	23330
5543	21363	36	165	78	0	21642
5544	166	22274	176	95	0	22711
5545	22366	139	69	62	0	22636
5546	22093	161	41	63	0	22358
5547	298	22120	68	72	0	22558
5548	176	21961	64	73	0	22274
5549	74	22750	78	68	0	22970
5550	52	272	71	22837	0	23232
5551	51	151	81	23007	0	23290
5552	23318	28	78	301	0	23725
5553	22809	21	64	214	0	23108
5554	300	34	23132	82	0	23548
5555	202	43	22887	71	0	23203
5556	87	43	23541	62	0	23733
5557	59	17	340	23354	0	23770
5558	97	38	24253	165	0	24553
5559	90	26	171	23891	0	24178
5560	24155	35	185	196	0	24571
5561	218	40	24525	190	0	24973
5562	24054	38	174	65	0	24331
5563	24578	26	197	70	0	24871
5564	342	48	25151	65	0	25606
5565	210	25722	213	76	0	26221
5566	72	148	212	25924	0	26356
5567	77	211	25860	190	0	26338
5568	70	41	199	25579	0	25889
5569	70	30	235	27135	0	27470
5570	26670	40	63	361	0	27134
5571	237	38	53	26784	0	27112
5572	273	44	26741	215	0	27273
5573	90	47	190	26852	0	27179
5574	27102	43	230	200	0	27575
5575	231	27468	87	240	0	28026
5576	27449	195	95	55	0	27794
5577	266	365	111	27157	0	27899
5578	295	56	27586	170	0	28107
5579	128	45	26781	211	0	27165
5580	148	49	26529	53	0	26779
5581	43	25625	361	59	0	26088
5582	24686	254	385	79	0	25404
5583	155	24401	47	36	0	24639
5584	23236	114	48	22	0	23420
5585	124	23473	27	22	0	23646
5586	163	118	18	23353	0	23652
5587	36	145	19	23526	0	23726
5588	28	20	20	23571	0	23639
5589	11	23623	38	273	0	23945
5590	30	121	23	24624	0	24798
5591	29	147	15	27063	0	27254
5592	28238	23	24	353	0	28638
5593	240	18	17	29430	0	29705
5594	258	52	30618	263	0	31191
5595	29804	19	272	285	0	30380
5596	30698	12	295	60	0	31065
5597	530	31318	71	112	0	32031
5598	31588	272	29	51	0	31940
5599	31904	304	31	48	0	32287
5600	598	43	29	31675	0	32345
5601	398	33	27	32229	0	32687
5602	94	18	34	33063	0	33209
5603	32715	30	35	661	0	33441
5604	32743	24	43	384	0	33194
5605	668	50	32773	74	0	33565
5606	32451	37	317	71	0	32876
5607	32586	25	353	86	0	33050
5608	32951	19	61	63	0	33094
5609	714	41	32127	84	0	32966
5610	437	35	32225	73	0	32770
5611	113	20	656	32154	0	32943
5612	119	30	33117	375	0	33641
5613	98	24	361	32199	0	32682
5614	171	45	399	28946	0	29561
5615	105	32597	92	644	0	33438
5616	32572	310	76	371	0	33329
5617	429	380	33027	113	0	33949
5618	32939	50	395	97	0	33481
5619	474	53	404	33538	0	34469
5620	33070	34	102	411	0	33617
5621	465	32711	93	467	0	33736
5622	484	33475	74	223	0	34256
5623	196	698	152	33179	0	34225
5624	168	427	60	33621	0	34276
5625	159	86	33326	814	0	34385
5626	168	47	398	33266	0	33879
5627	32385	47	418	488	0	33338
5628	465	32556	136	528	0	33685
5629	519	396	32597	144	0	33656
5630	205	389	417	32373	0	33384
5631	180	98	33106	453	0	33837
5632	156	60	460	32547	0	33223
5633	153	71	33199	501	0	33924
5634	113	72	32182	464	0	32831
5635	119	87	780	31596	0	32582
5636	31949	46	496	480	0	32971
5637	31433	78	143	453	0	32107
5638	31004	72	106	176	0	31358
5639	800	30615	113	181	0	31709
5640	30926	387	93	130	0	31536
5641	30359	407	99	163	0	31028
5642	828	89	29999	153	0	31069
5643	505	29494	410	204	0	30613
5644	238	456	421	28790	0	29905
5645	28749	415	105	439	0	29708
5646	431	28970	112	476	0	29989
5647	29555	392	88	178	0	30213
5648	29382	387	102	178	0	30049
5649	29179	101	125	158	0	29563
5650	28917	82	116	140	0	29255
5651	792	74	124	28057	0	29047
5652	28147	80	103	435	0	28765
5653	484	75	124	27518	0	28201
5654	452	27055	132	478	0	28117
5655	169	329	118	27357	0	27973
5656	26950	339	140	444	0	27873
5657	476	69	26855	475	0	27875
5658	499	41	408	26623	0	27571
5659	26443	58	408	426	0	27335
5660	494	26344	136	448	0	27422
5661	26410	357	93	132	0	26992
5662	26190	374	97	112	0	26773
5663	780	26220	103	156	0	27259
5664	26001	358	104	130	0	26593
5665	530	379	24809	103	0	25821
5666	485	112	24443	128	0	25168
5667	23722	97	658	133	0	24610
5668	490	139	24167	150	0	24946
5669	486	134	346	21673	0	22639
5670	257	22923	337	315	0	23832
5671	22945	345	109	335	0	23734
5672	467	22872	100	140	0	23579
5673	481	22846	117	145	0	23589
5674	250	548	111	22873	0	23782
5675	198	311	91	22836	0	23436
5676	186	111	73	22860	0	23230
5677	162	98	91	22846	0	23197
5678	161	109	22003	635	0	22908
5679	131	94	331	21372	0	21928
5680	166	77	307	21379	0	21929
5681	20898	61	127	588	0	21674
5682	378	81	103	21001	0	21563
5683	405	108	20424	367	0	21304
5684	19838	82	297	355	0	20572
5685	414	115	286	20285	0	21100
5686	420	103	20785	323	0	21631
5687	207	184	328	19925	0	20644
5688	159	20748	362	343	0	21612
5689	20526	279	155	328	0	21288
5690	409	276	19840	116	0	20641
5691	246	17071	249	88	0	17654
5692	15507	180	304	71	0	16062
5693	192	14303	61	54	0	14610
5694	148	13064	37	35	0	13284
5695	12614	188	148	32	0	12982
5696	124	12301	50	39	0	12514
5697	115	11842	38	40	0	12035
5698	160	217	97	11427	0	11901
5699	53	77	11471	99	0	11700
5700	51	11671	71	93	0	11886
5701	57	136	64	10919	0	11176
5702	38	11076	20	85	0	11219
5703	10803	72	12	64	0	10951
5704	84	56	10743	43	0	10926
5705	78	34	63	10716	0	10891
5706	11104	23	58	72	0	11257
5707	82	26	18	11292	0	11418
5708	79	18	11323	86	0	11506
5709	10724	19	71	65	0	10879
5710	11338	20	52	33	0	11443
5711	112	11887	28	32	0	12059
5712	67	63	17	11730	0	11877
5713	36	52	20	12031	0	12139
5714	12198	23	23	99	0	12343
5715	11923	19	16	59	0	12017
5716	111	26	12445	30	0	12612
5717	68	12168	53	22	0	12311
5718	12063	38	40	21	0	12162
5719	42	44	21	12012	0	12119
5720	53	17	12368	52	0	12490
5721	24	17	12065	47	0	12153
5722	27	156	64	11697	0	11944
5723	11887	2	64	39	0	11992
5724	27	11967	13	34	0	12041
5725	13006	26	6	22	0	13060
5726	34	27	4	13162	0	13227
5727	34	10	1	13314	0	13359
5728	9	6	2	13509	0	13526
5729	13349	5	4	70	0	13428
5730	30	13791	8	55	0	13884
5731	35	29	3	13935	0	14002
5732	7	28	3	13884	0	13922
5733	9	12	13949	53	0	14023
5734	11	15	28	13564	0	13618
5735	5	9	14137	36	0	14187
5736	5	13890	36	41	0	13972
5737	12	32	28	13889	0	13961
5738	13684	25	13	34	0	13756
5739	34	17	13896	31	0	13978
5740	32	4	27	13901	0	13964
5741	15	8	14060	34	0	14117
5742	12901	0	41	44	0	12986
5743	39	13	14290	8	0	14350
5744	28	12	36	13765	0	13841
5745	14095	2	28	31	0	14156
5746	33	13314	18	43	0	13408
5747	13557	29	5	14	0	13605
5748	35	13630	8	13	0	13686
5749	34	36	6	13944	0	14020
5750	12	39	14005	35	0	14091
5751	11	25	14014	36	0	14086
5752	7	5	57	14081	0	14150
5753	14599	3	47	42	0	14691
5754	14379	4	11	46	0	14440
5755	64	8	7	14417	0	14496
5756	46	5	4	14753	0	14808
5757	14351	4	9	73	0	14437
5758	31	14471	11	58	0	14571
5759	38	15147	10	35	0	15230
5760	15102	65	6	23	0	15196
5761	56	60	15089	14	0	15219
5762	59	15	34	14758	0	14866
5763	18	13	15299	43	0	15373
5764	16	5	48	15058	0	15127
5765	22	12	15619	50	0	15703
5766	18	17	15532	53	0	15620
5767	21	9	78	15376	0	15484
5768	14	15533	60	54	0	15661
5769	15884	40	24	53	0	16001
5770	44	16010	17	31	0	16102
5771	53	50	13	16055	0	16171
5772	16190	45	14	53	0	16302
5773	55	16	17	16457	0	16545
5774	16547	10	16	65	0	16638
5775	16551	13	12	57	0	16633
5776	16688	10	7	29	0	16734
5777	91	16533	19	38	0	16681
5778	17056	43	18	28	0	17145
5779	62	82	15	17431	0	17590
5780	18116	18	15	77	0	18226
5781	72	16	14	18581	0	18683
5782	18624	12	16	109	0	18761
5783	18811	13	20	88	0	18932
5784	132	18989	19	62	0	19202
5785	80	86	16	20523	0	20705
5786	31	72	18	20467	0	20588
5787	30	21773	27	218	0	22048
5788	22	123	15	22237	0	22397
5789	22020	114	22	184	0	22340
5790	23059	35	28	155	0	23277
5791	22845	19	23	67	0	22954
5792	295	33	24137	44	0	24509
5793	24516	15	154	62	0	24747
5794	25652	15	158	36	0	25861
5795	25926	14	49	48	0	26037
5796	345	26129	26	42	0	26542
5797	209	163	19	26287	0	26678
5798	64	169	15	26720	0	26968
5799	46	41	17	26705	0	26809
5800	47	40	25982	369	0	26438
5801	42	22	165	26237	0	26466
5802	26377	14	179	240	0	26810
5803	215	13	47	26762	0	27037
5804	202	21	26	27341	0	27590
5805	84	30	27129	383	0	27626
5806	48	26864	201	287	0	27400
5807	27455	179	170	92	0	27896
5808	232	174	43	27374	0	27823
5809	27503	52	22	236	0	27813
5810	262	53	27288	207	0	27810
5811	25274	31	195	112	0	25612
5812	240	27653	189	111	0	28193
5813	208	189	27513	75	0	27985
5814	100	181	27555	57	0	27893
5815	79	114	369	26201	0	26763
5816	72	39	28142	227	0	28480
5817	61	27963	227	236	0	28487
5818	56	196	157	27574	0	27983
5819	50	163	57	28107	0	28377
5820	46	53	33	28192	0	28324
5821	27630	28	27	363	0	28048
5822	207	27880	30	283	0	28400
5823	215	176	16	28224	0	28631
5824	79	171	37	28581	0	28868
5825	27763	53	23	377	0	28216
5826	205	27985	43	298	0	28531
5827	28406	191	38	110	0	28745
5828	28139	174	38	105	0	28456
5829	27972	48	32	110	0	28162
5830	423	62	27767	75	0	28327
5831	275	45	193	26785	0	27298
5832	118	27907	193	236	0	28454
5833	94	28470	82	246	0	28892
5834	111	377	45	27119	0	27652
5835	105	28889	46	242	0	29282
5836	29417	245	45	244	0	29951
5837	253	216	29293	126	0	29888
5838	28533	56	215	136	0	28940
5839	29741	50	193	125	0	30109
5840	406	67	78	29930	0	30481
5841	30205	58	72	264	0	30599
5842	310	31906	65	291	0	32572
5843	32538	235	52	154	0	32979
5844	32591	196	69	159	0	33015
5845	34653	97	58	154	0	34962
5846	551	101	34822	150	0	35624
5847	395	153	35163	138	0	35849
5848	212	68	503	34732	0	35515
5849	212	35456	313	342	0	36323
5850	182	36132	140	354	0	36808
5851	172	499	87	35660	0	36418
5852	35948	348	80	398	0	36774
5853	358	122	74	36150	0	36704
5854	331	84	99	36555	0	37069
5855	36188	77	84	605	0	36954
5856	370	36409	100	479	0	37358
5857	380	311	36313	255	0	37259
5858	223	311	35792	197	0	36523
5859	36586	131	553	198	0	37468
5860	352	119	365	36238	0	37074
5861	367	108	37325	380	0	38180
5862	187	106	323	36397	0	37013
5863	181	79	312	36884	0	37456
5864	136	94	135	37632	0	37997
5865	165	97	92	36827	0	37181
5866	162	36636	132	621	0	37551
5867	162	338	98	37001	0	37599
5868	36691	295	108	437	0	37531
5869	364	36574	166	448	0	37552
5870	37588	320	126	232	0	38266
5871	37867	326	125	198	0	38516
5872	38177	147	126	188	0	38638
5873	620	170	37468	176	0	38434
5874	37336	112	320	197	0	37965
5875	38371	100	324	156	0	38951
5876	38386	115	119	160	0	38780
5877	38423	79	85	182	0	38769
5878	619	38101	111	210	0	39041
5879	37779	300	76	176	0	38331
5880	437	341	37409	157	0	38344
5881	370	130	240	36482	0	37222
5882	197	103	253	37363	0	37916
5883	38029	66	102	499	0	38696
5884	388	37792	96	404	0	38680
5885	36670	233	68	123	0	37094
5886	315	37046	97	112	0	37570
5887	35957	203	47	74	0	36281
5888	35475	179	33	59	0	35746
5889	386	38294	58	107	0	38845
5890	38375	224	68	64	0	38731
5891	39232	215	84	57	0	39588
5892	472	37622	68	86	0	38248
5893	273	38251	56	87	0	38667
5894	39851	423	149	56	0	40479
5895	389	320	28	40564	0	41301
5896	41207	73	34	326	0	41640
5897	42072	45	30	336	0	42483
5898	42711	28	12	100	0	42851
5899	42500	44	27	73	0	42644
5900	700	41914	67	84	0	42765
5901	404	42771	55	101	0	43331
5902	42966	610	34	47	0	43657
5903	396	420	43189	43	0	44048
5904	396	139	331	41837	0	42703
5905	114	51	351	43296	0	43812
5906	42869	39	77	676	0	43661
5907	362	43047	57	514	0	43980
5908	402	339	38	42881	0	43660
5909	130	374	32	43918	0	44454
5910	43840	90	21	741	0	44692
5911	400	73	25	44310	0	44808
5912	44476	53	35	456	0	45020
5913	44171	58	44	454	0	44727
5914	44457	50	35	151	0	44693
5915	864	50	34	43936	0	44884
5916	549	55	50	44245	0	44899
5917	232	76	46629	792	0	47729
5918	181	86	45702	524	0	46493
5919	46033	62	963	156	0	47214
5920	544	51	600	47889	0	49084
5921	672	57	50519	555	0	51803
5922	202	100	50548	615	0	51465
5923	161	89	1184	50365	0	51799
5924	206	86	51228	640	0	52160
5925	172	97	662	50312	0	51243
5926	148	65	674	50699	0	51586
5927	170	75	51083	1238	0	52566
5928	156	64	627	51084	0	51931
5929	179	60	683	50655	0	51577
5930	161	55	157	52233	0	52606
5931	187	93	51113	1373	0	52766
5932	193	85	602	51862	0	52742
5933	51461	74	688	777	0	53000
5934	691	51535	182	859	0	53267
5935	52484	614	102	240	0	53440
5936	845	759	51421	166	0	53191
5937	51856	144	640	141	0	52781
5938	52114	89	739	153	0	53095
5939	52253	113	181	146	0	52693
5940	1466	119	119	50921	0	52625
5941	972	94	106	51480	0	52652
5942	341	91	48747	1415	0	50594
5943	45633	60	684	935	0	47312
5944	800	47503	758	322	0	49383
5945	766	44962	159	227	0	46114
5946	230	46366	139	226	0	46961
5947	355	1204	201	44177	0	45937
5948	43978	698	140	674	0	45490
5949	43904	128	143	757	0	44932
5950	1271	113	43539	262	0	45185
5951	821	101	599	43003	0	44524
5952	277	93	702	43387	0	44459
5953	223	110	43089	1312	0	44734
5954	191	106	42370	891	0	43558
5955	41514	80	1196	325	0	43115
5956	663	42378	807	325	0	44173
5957	43114	574	222	257	0	44167
5958	42904	646	148	284	0	43982
5959	1304	144	151	42089	0	43688
5960	878	91	133	42774	0	43876
5961	41918	59	134	1289	0	43400
5962	762	76	153	42202	0	43193
5963	838	64	177	42128	0	43207
5964	41851	56	180	1332	0	43419
5965	758	58	168	42335	0	43319
5966	42539	62	181	855	0	43637
5967	42315	80	198	879	0	43472
5968	1327	100	41859	355	0	43641
5969	42164	92	685	304	0	43245
5970	41675	87	766	294	0	42822
5971	41696	88	249	311	0	42344
5972	1350	114	38740	316	0	40520
5973	39910	75	607	328	0	40920
5974	779	39515	711	416	0	41421
5975	40555	534	261	332	0	41682
5976	40472	601	212	317	0	41602
5977	1336	114	189	40001	0	41640
5978	896	78	193	39750	0	40917
5979	325	40160	202	1395	0	42082
5980	321	562	189	40553	0	41625
5981	313	658	207	40766	0	41944
5982	40109	140	192	1326	0	41767
5983	858	98	145	39878	0	40979
5984	927	87	154	39639	0	40807
5985	371	100	169	39297	0	39937
5986	333	37844	194	1430	0	39801
5987	37105	573	176	939	0	38793
5988	799	37663	182	435	0	39079
5989	34716	569	176	320	0	35781
5990	771	593	33397	298	0	35059
5991	31622	130	536	293	0	32581
5992	755	125	32394	268	0	33542
5993	721	30970	589	287	0	32567
5994	29014	515	1020	218	0	30767
5995	28223	487	210	229	0	29149
5996	973	27403	139	212	0	28727
5997	629	27035	116	183	0	27963
5998	26486	733	202	159	0	27580
5999	26651	481	114	155	0	27401
6000	919	114	83	26160	0	27276
6001	649	103	91	26624	0	27467
6002	290	107	26125	828	0	27350
6003	25174	92	384	557	0	26207
6004	556	99	417	25223	0	26295
6005	585	25510	133	478	0	26706
6006	228	368	59	25563	0	26218
6007	194	441	47	25405	0	26087
6008	186	128	24752	846	0	25912
6009	205	167	344	24820	0	25536
6010	24077	92	403	527	0	25099
6011	450	23769	114	537	0	24870
6012	488	23586	97	224	0	24395
6013	23401	645	105	162	0	24313
6014	23481	438	92	121	0	24132
6015	23430	117	88	104	0	23739
6016	781	22530	105	126	0	23542
6017	347	20069	64	89	0	20569
6018	20673	440	138	69	0	21320
6019	20687	300	119	78	0	21184
6020	551	20036	73	82	0	20742
6021	198	17190	25	45	0	17458
6022	16846	274	73	46	0	17239
6023	177	178	26	16573	0	16954
6024	16832	30	19	151	0	17032
6025	179	50	9	16592	0	16830
6026	189	17066	19	155	0	17429
6027	50	17032	17	182	0	17281
6028	17474	284	50	43	0	17851
6029	17752	194	21	30	0	17997
6030	18035	38	12	27	0	18112
6031	348	17726	21	48	0	18143
6032	215	165	16870	24	0	17274
6033	46	17118	130	19	0	17313
6034	16448	192	242	31	0	16913
6035	15800	164	34	25	0	16023
6036	279	36	15715	18	0	16048
6037	156	15445	125	34	0	15760
6038	42	150	165	15358	0	15715
6039	26	149	17	14736	0	14928
6040	34	14900	22	266	0	15222
6041	38	127	15111	140	0	15416
6042	15176	154	123	25	0	15478
6043	142	35	140	15509	0	15826
6044	15678	26	22	137	0	15863
6045	15637	22	16	159	0	15834
6046	277	26	12	16108	0	16423
6047	189	32	14	16834	0	17069
6048	59	38	13	17176	0	17286
6049	40	24	12	17353	0	17429
6050	16905	27	18	353	0	17303
6051	16997	29	13	209	0	17248
6052	358	39	17155	51	0	17603
6053	238	41	150	17036	0	17465
6054	67	34	180	17328	0	17609
6055	54	39	24	17545	0	17662
6056	69	44	17120	361	0	17594
6057	60	30	160	16996	0	17246
6058	16700	31	197	198	0	17126
6059	195	40	39	16869	0	17143
6060	230	49	16810	200	0	17289
6061	76	29	170	16915	0	17190
6062	63	46	17082	201	0	17392
6063	16992	41	184	237	0	17454
6064	220	32	191	17171	0	17614
6065	17288	29	40	219	0	17576
6066	16942	43	27	233	0	17245
6067	375	31	26	16872	0	17304
6068	17233	26	33	210	0	17502
6069	225	36	20	16853	0	17134
6070	240	17702	34	213	0	18189
6071	18276	173	34	218	0	18701
6072	18238	210	26	68	0	18542
6073	18507	48	18	66	0	18639
6074	419	40	21	18255	0	18735
6075	257	43	18	18237	0	18555
6076	79	53	22	18502	0	18656
6077	76	39	17803	422	0	18340
6078	64	17572	191	283	0	18110
6079	71	177	197	17067	0	17512
6080	75	219	16958	197	0	17449
6081	16586	49	193	237	0	17065
6082	220	30	202	16870	0	17322
6083	252	31	16842	210	0	17335
6084	17046	22	161	253	0	17482
6085	201	30	204	17456	0	17891
6086	231	37	33	17614	0	17915
6087	96	16	33	17859	0	18004
6088	17690	25	30	405	0	18150
6089	17746	28	35	261	0	18070
6090	17645	28	29	83	0	17785
6091	379	17163	48	78	0	17668
6092	247	17202	37	58	0	17544
6093	17204	295	25	88	0	17612
6094	200	198	17167	68	0	17633
6095	236	51	148	16706	0	17141
6096	87	29	209	17015	0	17340
6097	16806	10	32	355	0	17203
6098	16348	12	31	252	0	16643
6099	344	16635	29	82	0	17090
6100	243	135	25	16567	0	16970
6101	82	181	16533	204	0	17000
6102	77	35	16675	238	0	17025
6103	68	23	307	16684	0	17082
6104	60	12	208	17062	0	17342
6105	16712	19	49	374	0	17154
6106	193	17	38	17085	0	17333
6107	17612	20	34	228	0	17894
6108	17453	23	41	257	0	17774
6109	359	21	17749	96	0	18225
6110	17502	23	149	95	0	17769
6111	17592	10	204	90	0	17896
6112	17751	10	47	92	0	17900
6113	360	17667	45	91	0	18163
6114	223	17694	37	108	0	18062
6115	94	329	37	17615	0	18075
6116	70	186	17551	227	0	18034
6117	67	17036	143	229	0	17475
6118	95	178	162	15942	0	16377
6119	75	127	46	15416	0	15664
6120	67	15744	23	228	0	16062
6121	15791	101	23	159	0	16074
6122	15831	132	33	59	0	16055
6123	253	34	16368	66	0	16721
6124	15889	18	100	59	0	16066
6125	141	24	16026	54	0	16245
6126	14578	17	120	71	0	14786
6127	154	26	15634	49	0	15863
6128	143	15180	91	53	0	15467
6129	119	78	187	14430	0	14814
6130	58	78	39	14628	0	14803
6131	14721	14	32	169	0	14936
6132	14778	12	24	118	0	14932
6133	14626	9	20	50	0	14705
6134	171	27	15128	51	0	15377
6135	129	12	65	15076	0	15282
6136	64	8	99	15439	0	15610
6137	15458	8	35	159	0	15660
6138	93	15740	27	132	0	15992
6139	16674	67	25	84	0	16850
6140	110	90	19	17096	0	17315
6141	132	20	12	17596	0	17760
6142	52	22	16	17724	0	17814
6143	45	26	16	17862	0	17949
6144	37	47	12	17829	0	17925
6145	43	17631	17	185	0	17876
6146	40	17021	15	107	0	17183
6147	33	16644	11	30	0	16718
6148	20	116	13	16543	0	16692
6149	35	50	16360	44	0	16489
6150	14685	14	52	63	0	14814
6151	51	17068	60	33	0	17212
6152	73	36	17	17022	0	17148
6153	22	59	21	17218	0	17320
6154	17659	11	15	91	0	17776
6155	17398	10	19	67	0	17494
6156	17487	13	16	26	0	17542
6157	107	7	12	18856	0	18982
6158	78	18	19214	56	0	19366
6159	27	16	20061	81	0	20185
6160	24	14	124	20064	0	20226
6161	44	15	20384	65	0	20508
6162	19068	7	68	90	0	19233
6163	72	7	81	20082	0	20242
6164	106	23	20283	65	0	20477
6165	23	11	60	19959	0	20053
6166	31	17	21198	74	0	21320
6167	38	30	22277	88	0	22433
6168	29	65	144	23337	0	23575
6169	40	23	24928	114	0	25105
6170	28	40	24336	111	0	24515
6171	16	22813	229	44	0	23102
6172	64	148	157	24281	0	24650
6173	25308	126	38	133	0	25605
6174	114	10	10	25436	0	25570
6175	137	19	13	26203	0	26372
6176	41	23	25891	258	0	26213
6177	22425	7	137	179	0	22748
6178	123	6	123	26516	0	26768
6179	126	3	13	27027	0	27169
6180	26386	4	16	249	0	26655
6181	118	5	14	27053	0	27190
6182	26981	7	16	157	0	27161
6183	27039	11	18	146	0	27214
6184	27021	16	4	50	0	27091
6185	236	26681	21	48	0	26986
6186	27068	115	13	36	0	27232
6187	132	27159	24	47	0	27362
6188	139	129	19	27141	0	27428
6189	27563	134	11	138	0	27846
6190	131	27778	24	179	0	28112
6191	27863	125	20	38	0	28046
6192	128	28023	23	68	0	28242
6193	27150	138	14	35	0	27337
6194	143	27811	31	44	0	28029
6195	153	28480	20	46	0	28699
6196	31	29692	35	45	0	29803
6197	34	301	20	28294	0	28649
6198	24	30036	28	151	0	30239
6199	21	188	11	29555	0	29775
6200	19	184	15	30027	0	30245
6201	34	29	9	30168	0	30240
6202	22	17	16	30328	0	30383
6203	29457	23	19	328	0	29827
6204	29905	16	28	193	0	30142
6205	347	36	30106	50	0	30539
6206	30887	17	168	55	0	31127
6207	32636	21	175	56	0	32888
6208	33842	20	38	43	0	33943
6209	437	43	33535	33	0	34048
6210	290	41	33958	24	0	34313
6211	32560	25	483	53	0	33121
6212	295	35	35635	48	0	36013
6213	294	36827	283	77	0	37481
6214	60	272	294	37107	0	37733
6215	38279	297	45	285	0	38906
6216	38349	38	51	333	0	38771
6217	38685	17	45	63	0	38810
6218	587	32	40	38222	0	38881
6219	350	29	30	39169	0	39578
6220	101	56	39693	616	0	40466
6221	94	26	293	39444	0	39857
6222	89	41	323	40428	0	40881
6223	39899	17	58	639	0	40613
6224	330	40483	67	407	0	41287
6225	41158	297	44	91	0	41590
6226	360	322	40	41073	0	41795
6227	40954	51	41	372	0	41418
6228	40588	35	42	394	0	41059
6229	38909	47	53	109	0	39118
6230	629	40049	62	126	0	40866
6231	377	40753	63	125	0	41318
6232	129	592	47	40813	0	41581
6233	41142	340	61	359	0	41902
6234	370	68	54	40637	0	41129
6235	386	56	45	41050	0	41537
6236	136	79	40896	641	0	41752
6237	124	63	307	40606	0	41100
6238	120	61	321	40765	0	41267
6239	116	50	74	40710	0	40950
6240	119	71	40113	700	0	41003
6241	144	55	39345	453	0	39997
6242	109	39567	615	202	0	40493
6243	39635	313	345	131	0	40424
6244	399	330	75	39587	0	40391
6245	430	77	40286	392	0	41185
6246	159	62	338	39686	0	40245
6247	149	49	341	42115	0	42654
6248	41840	57	67	670	0	42634
6249	41644	57	63	427	0	42191
6250	679	41955	95	176	0	42905
6251	41723	342	90	135	0	42290
6252	41388	325	80	128	0	41921
6253	717	82	80	41213	0	42092
6254	451	114	41138	391	0	42094
6255	152	41371	352	457	0	42332
6256	41169	349	340	175	0	42033
6257	41338	364	94	140	0	41936
6258	677	42146	79	191	0	43093
6259	449	324	68	42915	0	43756
6260	44549	341	73	465	0	45428
6261	44867	74	75	484	0	45500
6262	793	73	76	45065	0	46007
6263	46021	63	93	515	0	46692
6264	47542	74	67	519	0	48202
6265	47897	82	105	174	0	48258
6266	952	90	48348	163	0	49553
6267	587	47502	432	199	0	48720
6268	211	47796	441	193	0	48641
6269	46021	755	146	150	0	47072
6270	543	46797	83	171	0	47594
6271	577	449	46544	151	0	47721
6272	232	486	433	46121	0	47272
6273	46211	118	444	483	0	47256
6274	518	96	92	46358	0	47064
6275	46738	88	68	524	0	47418
6276	46351	93	62	569	0	47075
6277	46274	91	84	192	0	46641
6278	927	45641	108	192	0	46868
6279	556	47786	98	225	0	48665
6280	47716	795	87	197	0	48795
6281	47318	481	79	184	0	48062
6282	47856	97	82	181	0	48216
6283	948	110	75	47044	0	48177
6284	46813	104	86	528	0	47531
6285	559	46111	123	603	0	47396
6286	601	47354	94	312	0	48361
6287	237	830	76	47002	0	48145
6288	251	519	46615	560	0	47945
6289	253	127	45992	532	0	46904
6290	265	94	815	45769	0	46943
6291	232	142	46704	508	0	47586
6292	227	149	446	46397	0	47219
6293	46653	114	449	521	0	47737
6294	599	127	98	46683	0	47507
6295	46193	105	103	524	0	46925
6296	561	45089	121	562	0	46333
6297	614	491	45263	193	0	46561
6298	262	473	440	44082	0	45257
6299	252	150	438	45835	0	46675
6300	241	132	45935	904	0	47212
6301	271	100	417	44100	0	44888
6302	248	46459	486	492	0	47685
6303	251	462	116	46675	0	47504
6304	266	473	87	46875	0	47701
6305	275	116	72	48064	0	48527
6306	293	115	47501	913	0	48822
6307	258	103	44918	542	0	45821
6308	39450	89	766	231	0	40536
6309	534	118	43091	119	0	43862
6310	457	42613	409	149	0	43628
6311	42357	358	439	112	0	43266
6312	399	43110	136	148	0	43793
6313	41602	354	183	102	0	42241
6314	41288	345	126	108	0	41867
6315	40971	86	75	96	0	41228
6316	41074	75	50	102	0	41301
6317	670	40425	81	152	0	41328
6318	413	40512	68	143	0	41136
6319	40559	585	71	92	0	41307
6320	441	380	39727	82	0	40630
6321	427	138	331	38700	0	39596
6322	152	89	352	39756	0	40349
6323	143	97	39783	636	0	40659
6324	36151	70	339	407	0	36967
6325	39522	84	335	116	0	40057
6326	39122	87	91	119	0	39419
6327	699	38818	86	152	0	39755
6328	40255	343	81	121	0	40800
6329	443	359	96	38819	0	39717
6330	434	41882	100	379	0	42795
6331	42703	396	102	394	0	43595
6332	43054	461	102	116	0	43733
6333	45995	137	100	129	0	46361
6334	935	101	77	45361	0	46474
6335	637	113	95	45119	0	45964
6336	208	44367	133	953	0	45661
6337	240	425	45104	583	0	46352
6338	228	503	446	44683	0	45860
6339	246	113	511	44710	0	45580
6340	214	108	107	46634	0	47063
6341	226	113	45868	954	0	47161
6342	43615	114	464	659	0	44852
6343	560	116	531	46249	0	47456
6344	628	129	46613	538	0	47908
6345	251	93	483	46061	0	46888
6346	46679	69	591	581	0	47920
6347	558	46703	171	662	0	48094
6348	640	491	107	47633	0	48871
6349	212	614	47780	572	0	49178
6350	44326	134	545	674	0	45679
6351	46935	88	618	214	0	47855
6352	1123	151	47346	173	0	48793
6353	748	222	521	42851	0	44342
6354	209	46596	686	508	0	47999
6355	46938	496	175	617	0	48226
6356	659	623	46506	187	0	47975
6357	44596	127	592	227	0	45542
6358	698	108	45085	192	0	46083
6359	730	109	42287	148	0	43274
6360	39446	106	952	176	0	40680
6361	474	41697	602	241	0	43014
6362	707	436	40997	159	0	42299
6363	183	40480	461	187	0	41311
6364	265	384	39289	187	0	40125
6365	114	39280	435	182	0	40011
6366	36926	398	611	186	0	38121
6367	381	419	36617	136	0	37553
6368	489	103	36186	127	0	36905
6369	150	89	35789	150	0	36178
6370	34084	109	788	105	0	35086
6371	34953	50	437	102	0	35542
6372	645	49	138	34382	0	35214
6373	431	70	36143	347	0	36991
6374	128	80	36251	439	0	36898
6375	35414	62	662	104	0	36242
6376	366	78	448	36503	0	37395
6377	36705	50	147	329	0	37231
6378	36533	54	128	402	0	37117
6379	696	70	111	34746	0	35623
6380	481	35266	140	306	0	36193
6381	173	295	119	35627	0	36214
6382	164	383	124	35820	0	36491
6383	168	127	35713	633	0	36641
6384	135	35143	388	462	0	36128
6385	142	35739	459	135	0	36475
6386	157	621	152	34274	0	35204
6387	105	431	35323	300	0	36159
6388	131	35357	409	434	0	36331
6389	146	350	35601	121	0	36218
6390	33929	416	427	98	0	34870
6391	35445	109	473	115	0	36142
6392	712	102	35471	95	0	36380
6393	34719	95	433	88	0	35335
6394	407	108	511	35329	0	36355
6395	490	37502	216	328	0	38536
6396	206	318	177	37941	0	38642
6397	36906	410	175	338	0	37829
6398	37096	98	182	421	0	37797
6399	37166	81	181	130	0	37558
6400	36593	91	165	107	0	36956
6401	738	36108	159	157	0	37162
6402	480	35829	204	146	0	36659
6403	35525	579	157	102	0	36363
6404	416	418	36047	103	0	36984
6405	483	631	342	34287	0	35743
6406	178	37330	435	333	0	38276
6407	145	322	151	35870	0	36488
6408	84	38105	168	347	0	38704
6409	127	381	130	37868	0	38506
6410	123	438	38311	362	0	39234
6411	36537	129	393	465	0	37524
6412	38030	96	486	120	0	38732
6413	711	125	38245	85	0	39166
6414	37267	114	393	101	0	37875
6415	38103	102	501	96	0	38802
6416	742	104	37950	105	0	38901
6417	535	79	403	36462	0	37479
6418	37677	61	506	335	0	38579
6419	431	107	37895	450	0	38883
6420	506	99	372	36362	0	37339
6421	221	94	39413	335	0	40063
6422	190	104	38889	460	0	39643
6423	37596	124	766	121	0	38607
6424	39785	95	492	104	0	40476
6425	40049	69	132	118	0	40368
6426	41074	99	107	94	0	41374
6427	808	129	118	39121	0	40176
6428	528	38798	124	364	0	39814
6429	178	39743	134	469	0	40524
6430	154	736	106	36990	0	37986
6431	36892	340	123	284	0	37639
6432	347	36318	112	345	0	37122
6433	293	34696	80	83	0	35152
6434	34249	421	65	39	0	34774
6435	298	328	54	33859	0	34539
6436	34524	48	68	229	0	34869
6437	272	34231	46	303	0	34852
6438	34778	229	49	70	0	35126
6439	312	267	35785	52	0	36416
6440	37934	85	299	64	0	38382
6441	39667	60	267	52	0	40046
6442	40570	53	55	56	0	40734
6443	722	77	38003	54	0	38856
6444	38871	68	293	67	0	39299
6445	359	39526	320	85	0	40290
6446	391	321	39260	47	0	40019
6447	158	494	399	36617	0	37668
6448	112	89	356	36294	0	36851
6449	72	37785	86	630	0	38573
6450	86	282	47	38147	0	38562
6451	73	281	40	38267	0	38661
6452	82	61	37256	553	0	37952
6453	32472	28	322	424	0	33246
6454	332	32	38153	87	0	38604
6455	334	40	339	36604	0	37317
6456	97	37	38595	309	0	39038
6457	79	28	337	37807	0	38251
6458	39131	27	347	335	0	39840
6459	40295	16	80	334	0	40725
6460	623	22	60	40239	0	40944
6461	399	30	41538	337	0	42304
6462	107	37	325	41256	0	41725
6463	90	41	41521	374	0	42026
6464	38701	36	378	383	0	39498
6465	40849	46	339	99	0	41333
6466	40830	57	65	83	0	41035
6467	40010	57	55	85	0	40207
6468	664	38952	51	108	0	39775
6469	393	368	46	39413	0	40220
6470	38698	367	57	352	0	39474
6471	378	38833	74	403	0	39688
6472	392	39547	83	132	0	40154
6473	179	648	36041	76	0	36944
6474	36456	353	367	64	0	37240
6475	37915	64	369	66	0	38414
6476	718	47	37150	63	0	37978
6477	471	39	387	35610	0	36507
6478	206	34	374	37752	0	38366
6479	159	64	37751	655	0	38629
6480	136	24	403	36846	0	37409
6481	36928	25	412	404	0	37769
6482	446	52	36895	370	0	37763
6483	443	47	37384	94	0	37968
6484	35484	36	692	125	0	36337
6485	429	61	37719	90	0	38299
6486	36053	44	417	91	0	36605
6487	459	36861	380	109	0	37809
6488	37370	343	92	102	0	37907
6489	448	349	84	36494	0	37375
6490	423	89	82	37208	0	37802
6491	36670	88	69	674	0	37501
6492	413	97	66	36989	0	37565
6493	36967	87	66	428	0	37548
6494	438	36779	75	423	0	37715
6495	443	376	60	35430	0	36309
6496	153	374	66	36198	0	36791
6497	34892	102	64	682	0	35740
6498	35717	51	75	403	0	36246
6499	35885	57	71	150	0	36163
6500	776	34586	93	133	0	35588
6501	459	35185	92	89	0	35825
6502	34695	588	80	70	0	35433
6503	492	340	33832	77	0	34741
6504	453	33742	356	83	0	34634
6505	30959	416	715	121	0	32211
6506	29942	271	156	74	0	30443
6507	29807	44	76	34	0	29961
6508	597	44	64	27923	0	28628
6509	29371	23	50	301	0	29745
6510	28977	26	47	289	0	29339
6511	542	37	35	27430	0	28044
6512	28342	27	63	292	0	28724
6513	326	59	26779	284	0	27448
6514	293	39	277	27197	0	27806
6515	86	53	255	27921	0	28315
6516	82	19	87	28585	0	28773
6517	27604	25	46	543	0	28218
6518	28743	31	59	304	0	29137
6519	28891	28	33	113	0	29065
6520	28868	20	61	94	0	29043
6521	27681	19	35	76	0	27811
6522	552	19	65	25551	0	26187
6523	329	22	48	26724	0	27123
6524	26052	15	53	494	0	26614
6525	292	25259	71	323	0	25945
6526	25589	216	56	82	0	25943
6527	315	223	23845	56	0	24439
6528	25951	44	232	51	0	26278
6529	27409	26	242	63	0	27740
6530	532	54	28657	52	0	29295
6531	29989	22	288	51	0	30350
6532	375	57	30851	62	0	31345
6533	390	29	32501	46	0	32966
6534	142	98	600	30636	0	31476
6535	112	46	371	33687	0	34216
6536	124	28	33992	597	0	34741
6537	136	33	34186	382	0	34737
6538	51	32864	612	124	0	33651
6539	51	32224	362	123	0	32760
6540	27890	437	270	47	0	28644
6541	195	29858	43	71	0	30167
6542	28675	201	98	47	0	29021
6543	190	28512	40	31	0	28773
6544	28019	186	39	29	0	28273
6545	213	237	26831	19	0	27300
6546	26962	48	192	20	0	27222
6547	219	47	213	26600	0	27079
6548	246	27535	50	160	0	27991
6549	69	163	43	27796	0	28071
6550	27438	209	15	191	0	27853
6551	27782	36	23	218	0	28059
6552	401	21	23	26921	0	27366
6553	260	19	27201	176	0	27656
6554	63	21	27051	234	0	27369
6555	37	27398	367	58	0	27860
6556	65	331	256	26734	0	27386
6557	66	219	26912	155	0	27352
6558	22	24942	177	211	0	25352
6559	124	250	281	24692	0	25347
6560	25	190	58	24928	0	25201
6561	23495	32	30	320	0	23877
6562	139	28	10	23698	0	23875
6563	191	38	23423	178	0	23830
6564	49	20	144	23141	0	23354
6565	21808	18	197	183	0	22206
6566	142	12	23083	211	0	23448
6567	21768	17	144	55	0	21984
6568	182	23090	193	48	0	23513
6569	23515	150	58	23	0	23746
6570	23564	198	28	12	0	23802
6571	337	38	26	22202	0	22603
6572	240	20	30	23151	0	23441
6573	55	23045	32	346	0	23478
6574	39	140	12	23544	0	23735
6575	22255	190	17	188	0	22650
6576	165	40	22866	212	0	23283
6577	216	51	148	22330	0	22745
6578	44	22704	199	160	0	23107
6579	37	152	41	22954	0	23184
6580	28	205	21	23196	0	23450
6581	22238	42	26	334	0	22640
6582	148	22614	31	235	0	23028
6583	210	147	20	22656	0	23033
6584	22264	189	25	168	0	22646
6585	165	51	28	22486	0	22730
6586	209	15	21	22751	0	22996
6587	22321	31	22	354	0	22728
6588	22535	23	15	250	0	22823
6589	352	23	22630	70	0	23075
6590	22146	18	151	45	0	22360
6591	22759	17	193	45	0	23014
6592	22945	27	47	50	0	23069
6593	355	21906	44	43	0	22348
6594	243	22016	45	29	0	22333
6595	76	312	34	21677	0	22099
6596	21848	217	55	156	0	22276
6597	21898	68	26	197	0	22189
6598	335	31	23	21363	0	21752
6599	246	37	21971	165	0	22419
6600	21697	32	142	215	0	22086
6601	22771	28	178	86	0	23063
6602	331	29	54	22129	0	22543
6603	233	12	43	22647	0	22935
6604	22383	22	18	337	0	22760
6605	174	30	29	22291	0	22524
6606	214	22491	35	210	0	22950
6607	80	150	27	22979	0	23236
6608	22470	182	16	194	0	22862
6609	174	63	22601	216	0	23054
6610	21362	27	136	103	0	21628
6611	194	25	22695	66	0	22980
6612	213	36	156	22160	0	22565
6613	22722	27	191	189	0	23129
6614	183	20	40	22785	0	23028
6615	224	22	46	22909	0	23201
6616	22183	16	39	355	0	22593
6617	171	35	22363	248	0	22817
6618	218	36	23177	95	0	23526
6619	79	22	295	22984	0	23380
6620	58	21	212	23872	0	24163
6621	52	19	53	24313	0	24437
6622	56	43	24382	356	0	24837
6623	23099	14	150	252	0	23515
6624	24625	13	191	93	0	24922
6625	24910	17	47	76	0	25050
6626	24780	16	24	81	0	24901
6627	361	24219	32	68	0	24680
6628	238	24140	37	74	0	24489
6629	81	23332	40	55	0	23508
6630	115	421	58	19064	0	19658
6631	88	152	51	19256	0	19547
6632	38	20	18320	127	0	18505
6633	20	16451	63	86	0	16620
6634	233	105	51	14964	0	15353
6635	14447	32	31	68	0	14578
6636	18	14919	13	73	0	15023
6637	37	42	7	14635	0	14721
6638	15	15072	9	43	0	15139
6639	15312	32	8	43	0	15395
6640	40	69	7	15104	0	15220
6641	41	19	15015	43	0	15118
6642	20	18	14980	38	0	15056
6643	23	63	94	15259	0	15439
6644	10	5	46	15404	0	15465
6645	20	3	8	15819	0	15850
6646	15671	1	8	99	0	15779
6647	73	16	15594	56	0	15739
6648	63	15534	45	16	0	15658
6649	13	45	47	15470	0	15575
6650	21	58	15634	58	0	15771
6651	11	15729	48	81	0	15869
6652	8	57	47	15928	0	16040
6653	21	53	16055	52	0	16181
6654	10	19	46	15707	0	15782
6655	8	5	49	16105	0	16167
6656	16345	3	11	91	0	16450
6657	16240	3	2	58	0	16303
6658	98	5	2	16298	0	16403
6659	16378	3	1	59	0	16441
6660	63	11	16670	56	0	16800
6661	59	9	55	16731	0	16854
6662	27	19	17395	70	0	17511
6663	12	5	66	17487	0	17570
6664	6	17554	69	98	0	17727
6665	10	17962	14	90	0	18076
6666	14	18283	20	26	0	18343
6667	17	150	13	18300	0	18480
6668	11	72	4	20114	0	20201
6669	25	20	20140	168	0	20353
6670	16	21	20650	112	0	20799
6671	14	14	21709	16	0	21753
6672	21818	8	260	24	0	22110
6673	121	13	152	23200	0	23486
6674	23665	9	13	158	0	23845
6675	156	24561	23	182	0	24922
6676	180	191	9	24691	0	25071
6677	25352	223	16	210	0	25801
6678	203	36	14	25574	0	25827
6679	25516	18	13	243	0	25790
6680	252	25	25830	262	0	26369
6681	248	26293	202	66	0	26809
6682	45	204	227	26415	0	26891
6683	26520	234	43	222	0	27019
6684	26839	34	25	262	0	27160
6685	444	27	19	26936	0	27426
6686	271	19	19	27141	0	27450
6687	26633	15	22	467	0	27137
6688	242	20	39	26459	0	26760
6689	269	28	26468	271	0	27036
6690	60	26364	240	282	0	26946
6691	48	202	271	26588	0	27109
6692	26342	246	74	262	0	26924
6693	26375	45	49	314	0	26783
6694	522	48	27088	100	0	27758
6695	317	26665	248	84	0	27314
6696	92	27644	275	114	0	28125
6697	86	491	54	27416	0	28047
6698	80	307	45	28011	0	28443
6699	78	64	48	27817	0	28007
6700	85	62	47	27641	0	27835
6701	75	27328	59	589	0	28051
6702	87	256	54	27560	0	27957
6703	96	298	43	27841	0	28278
6704	27444	60	39	605	0	28148
6705	27101	49	42	414	0	27606
6706	559	27414	53	199	0	28225
6707	27786	261	33	182	0	28262
6708	27654	313	41	122	0	28130
6709	27812	88	50	135	0	28085
6710	609	71	27203	144	0	28027
6711	400	59	262	26972	0	27693
6712	154	57	310	27740	0	28261
6713	170	75	27219	594	0	28058
6714	112	69	292	26944	0	27417
6715	119	77	333	26483	0	27012
6716	26817	55	90	636	0	27598
6717	335	94	26758	447	0	27634
6718	362	70	285	25924	0	26641
6719	25580	66	328	417	0	26391
6720	299	25683	85	517	0	26584
6721	25746	292	60	229	0	26327
6722	24975	327	57	223	0	25582
6723	582	24851	65	229	0	25727
6724	409	296	41	24779	0	25525
6725	24818	336	56	387	0	25597
6726	389	24812	50	435	0	25686
6727	434	319	45	24860	0	25658
6728	24499	350	60	380	0	25289
6729	24007	116	53	428	0	24604
6730	638	23938	67	231	0	24874
6731	24054	463	71	201	0	24789
6732	396	333	68	24039	0	24836
6733	24233	83	76	422	0	24814
6734	423	93	23736	444	0	24696
6735	433	77	280	23651	0	24441
6736	185	49	345	23739	0	24318
6737	23264	62	114	660	0	24100
6738	372	22953	114	488	0	23927
6739	22506	274	108	238	0	23126
6740	429	22593	88	221	0	23331
6741	452	312	21628	176	0	22568
6742	238	333	21520	176	0	22267
6743	233	261	536	21076	0	22106
6744	216	131	21462	384	0	22193
6745	179	125	274	21364	0	21942
6746	187	105	301	21139	0	21732
6747	195	102	76	21907	0	22280
6748	21621	94	62	667	0	22444
6749	21383	110	65	438	0	21996
6750	21845	87	55	227	0	22214
6751	642	21634	64	221	0	22561
6752	494	22857	69	196	0	23616
6753	278	563	23960	189	0	24990
6754	236	389	323	24286	0	25234
6755	242	129	24522	449	0	25342
6756	202	103	368	24090	0	24763
6757	185	109	390	24325	0	25009
6758	193	97	127	24516	0	24933
6759	168	131	23549	801	0	24649
6760	176	91	363	23575	0	24205
6761	22984	93	395	512	0	23984
6762	427	22457	163	526	0	23573
6763	418	345	133	22367	0	23263
6764	22280	368	102	470	0	23220
6765	22058	123	115	495	0	22791
6766	681	107	96	21608	0	22492
6767	513	70	93	21018	0	21694
6768	19327	56	66	699	0	20148
6769	431	60	58	19446	0	19995
6770	17438	48	61	413	0	17960
6771	371	54	42	17209	0	17676
6772	316	48	15977	368	0	16709
6773	150	15082	236	329	0	15797
6774	118	15205	228	141	0	15692
6775	200	346	237	13774	0	14557
6776	248	195	166	13788	0	14397
6777	13394	69	35	341	0	13839
6778	163	34	39	13544	0	13780
6779	186	34	31	13486	0	13737
6780	59	36	43	12682	0	12820
6781	61	12394	27	382	0	12864
6782	66	138	50	12769	0	13023
6783	56	152	34	12683	0	12925
6784	54	46	32	12715	0	12847
6785	11925	52	59	368	0	12404
6786	159	12188	48	246	0	12641
6787	169	142	32	12383	0	12726
6788	84	159	29	12391	0	12663
6789	80	45	22	12574	0	12721
6790	12155	29	26	374	0	12584
6791	201	32	21	12238	0	12492
6792	187	29	22	12062	0	12300
6793	77	54	11443	337	0	11911
6794	64	11052	124	251	0	11491
6795	50	183	129	11182	0	11544
6796	10805	129	51	210	0	11195
6797	151	10971	40	192	0	11354
6798	10681	128	24	107	0	10940
6799	10618	120	34	71	0	10843
6800	215	43	24	10576	0	10858
6801	144	32	23	10685	0	10884
6802	76	35	10794	266	0	11171
6803	41	31	112	10986	0	11170
6804	52	21	11035	208	0	11316
6805	40	22	129	11151	0	11342
6806	10523	24	124	206	0	10877
6807	128	10792	47	201	0	11168
6808	127	142	33	11214	0	11516
6809	53	137	19	11355	0	11564
6810	50	48	31	11319	0	11448
6811	38	38	20	11431	0	11527
6812	11030	12	30	330	0	11402
6813	134	10967	41	250	0	11392
6814	138	125	28	11247	0	11538
6815	11207	125	24	213	0	11569
6816	146	36	11129	222	0	11533
6817	10987	35	127	132	0	11281
6818	11188	38	122	106	0	11454
6819	270	48	11118	87	0	11523
6820	169	28	143	11099	0	11439
6821	11273	44	132	201	0	11650
6822	160	11598	57	221	0	12036
6823	11841	120	49	136	0	12146
6824	11753	130	22	136	0	12041
6825	11883	33	33	102	0	12051
6826	281	43	14	11647	0	11985
6827	207	31	32	11854	0	12124
6828	90	12922	25	315	0	13352
6829	78	139	27	13178	0	13422
6830	13038	148	20	231	0	13437
6831	183	66	12870	220	0	13339
6832	12698	39	128	144	0	13009
6833	13220	29	146	116	0	13511
6834	309	51	40	12858	0	13258
6835	205	23	22	13277	0	13527
6836	13255	32	17	335	0	13639
6837	13217	17	23	251	0	13508
6838	12902	27	22	143	0	13094
6839	311	31	13111	120	0	13573
6840	193	13006	137	101	0	13437
6841	13053	138	132	92	0	13415
6842	198	152	41	12861	0	13252
6843	174	13083	42	209	0	13508
6844	102	142	21	13225	0	13490
6845	13063	133	31	212	0	13439
6846	163	80	27	13286	0	13556
6847	242	50	13128	226	0	13646
6848	65	12892	126	240	0	13323
6849	55	13196	120	125	0	13496
6850	89	200	12498	76	0	12863
6851	10661	330	238	142	0	11371
6852	96	10957	106	78	0	11237
6853	167	84	59	9138	0	9448
6854	9058	41	32	48	0	9179
6855	42	9088	13	50	0	9193
6856	50	36	7	9109	0	9202
6857	9152	44	10	38	0	9244
6858	46	11	9	9157	0	9223
6859	9193	7	9	54	0	9263
6860	57	6	9344	65	0	9472
6861	57	9440	29	28	0	9554
6862	9775	39	43	26	0	9883
6863	9657	46	19	19	0	9741
6864	9670	20	12	26	0	9728
6865	96	13	9532	20	0	9661
6866	9308	13	35	25	0	9381
6867	9719	13	41	20	0	9793
6868	85	15	15	9673	0	9788
6869	9742	12	8	58	0	9820
6870	60	9679	7	69	0	9815
6871	62	36	11	9778	0	9887
6872	47	44	9832	50	0	9973
6873	25	22	39	9745	0	9831
6874	17	15	55	9943	0	10030
6875	9943	15	20	82	0	10060
6876	9832	15	9	65	0	9921
6877	90	19	9814	26	0	9949
6878	9557	13	37	24	0	9631
6879	73	13	9892	22	0	10000
6880	75	9	47	9849	0	9980
6881	35	13	10023	61	0	10132
6882	26	12	44	9819	0	9901
6883	26	10090	55	57	0	10228
6884	40	41	10346	51	0	10478
6885	36	52	10666	17	0	10771
6886	30	21	93	9339	0	9483
6887	10850	13	55	45	0	10963
6888	10846	11	20	51	0	10928
6889	10977	7	14	33	0	11031
6890	108	8	14	10789	0	10919
6891	80	11	9	10958	0	11058
6892	54	9	10	11014	0	11087
6893	33	7	16	11018	0	11074
6894	29	21	10811	112	0	10973
6895	25	21	47	10661	0	10754
6896	33	10753	52	69	0	10907
6897	27	43	20	10792	0	10882
6898	10846	51	16	67	0	10980
6899	67	20	10972	72	0	11131
6900	9961	10	55	47	0	10073
6901	81	16	11307	24	0	11428
6902	89	8	11183	25	0	11305
6903	29	11204	125	20	0	11378
6904	37	71	91	10490	0	10689
6905	28	73	36	10785	0	10922
6906	21	10984	26	125	0	11156
6907	11924	70	18	94	0	12106
6908	97	79	10	12386	0	12572
6909	108	22	14	13166	0	13310
6910	46	9	20	13820	0	13895
6911	14923	12	15	247	0	15197
6912	15722	12	23	178	0	15935
6913	285	6	8	15768	0	16067
6914	208	16	13	15772	0	16009
6915	15579	10	12	313	0	15914
6916	147	14	7	15694	0	15862
6917	185	14	14	15712	0	15925
6918	58	6	13	15947	0	16024
6919	57	7	15440	346	0	15850
6920	14413	8	131	245	0	14797
6921	15052	7	177	73	0	15309
6922	335	15	14729	52	0	15131
6923	238	66	133	13532	0	13969
6924	62	14542	178	160	0	14942
6925	14230	127	38	202	0	14597
6926	137	14567	29	92	0	14825
6927	185	13958	42	53	0	14238
6928	78	255	23	13097	0	13453
6929	13035	170	22	140	0	13367
6930	13201	30	21	178	0	13430
6931	293	17	8	13073	0	13391
6932	196	20	16	13104	0	13336
6933	69	15	12	13160	0	13256
6934	51	28	7	13141	0	13227
6935	45	25	12	12800	0	12882
6936	32	12659	13	340	0	13044
6937	41	117	7	12857	0	13022
6938	12594	157	14	180	0	12945
6939	12710	22	16	221	0	12969
6940	12775	15	11	88	0	12889
6941	294	12503	22	93	0	12912
6942	193	114	23	12368	0	12698
6943	66	159	12473	154	0	12852
6944	12023	49	118	194	0	12384
6945	138	74	166	12285	0	12663
6946	12296	33	45	142	0	12516
6947	11915	34	9	190	0	12148
6948	12034	21	14	63	0	12132
6949	303	37	7	11656	0	12003
6950	11836	25	7	152	0	12020
6951	155	20	18	11830	0	12023
6952	205	15	7	11839	0	12066
6953	11791	7	17	313	0	12128
6954	159	10	11	11977	0	12157
6955	11805	13	9	189	0	12016
6956	11801	16	9	211	0	12037
6957	291	11	7	11762	0	12071
6958	223	17	7	11833	0	12080
6959	74	17	6	12038	0	12135
6960	72	19	11431	322	0	11844
6961	78	21	11507	224	0	11830
6962	61	21	251	11177	0	11510
6963	68	14	177	11245	0	11504
6964	57	17	29	11479	0	11582
6965	50	17	20	11403	0	11490
6966	60	9	25	11481	0	11575
6967	11037	8	16	347	0	11408
6968	144	11017	28	242	0	11431
6969	210	97	29	11119	0	11455
6970	11170	157	14	171	0	11512
6971	148	30	14	11283	0	11475
6972	189	11	14	11101	0	11315
6973	10910	14	13	328	0	11265
6974	10872	14	8	257	0	11151
6975	310	11	10786	104	0	11211
6976	222	21	106	10812	0	11161
6977	79	22	10970	193	0	11264
6978	71	14	118	10990	0	11193
6979	64	10	164	10857	0	11095
6980	63	8	38	10978	0	11087
6981	59	16	10581	352	0	11008
6982	48	10395	121	247	0	10811
6983	45	10647	181	104	0	10977
6984	52	244	51	10322	0	10669
6985	10042	163	36	183	0	10424
6986	139	31	10013	242	0	10425
6987	194	17	10272	101	0	10584
6988	61	29	256	10105	0	10451
6989	52	16	189	9784	0	10041
6990	49	10390	35	297	0	10771
6991	36	135	25	10473	0	10669
6992	50	167	18	10633	0	10868
6993	66	41	24	10856	0	10987
6994	10576	24	38	332	0	10970
6995	10573	18	28	246	0	10865
6996	297	17	26	10612	0	10952
6997	213	10546	49	165	0	10973
6998	53	109	25	10614	0	10801
6999	10195	154	24	199	0	10572
7000	122	10418	36	220	0	10796
7001	175	93	21	9547	0	9836
7002	47	9906	19	153	0	10125
7003	9661	100	36	208	0	10005
7004	9131	169	36	78	0	9414
7005	246	9668	25	65	0	10004
7006	156	9405	32	66	0	9659
7007	72	201	8782	49	0	9104
7008	45	8230	79	39	0	8393
7009	69	189	157	7086	0	7501
7010	43	95	6881	72	0	7091
7011	10	5410	46	60	0	5526
7012	14	49	57	4689	0	4809
7013	10	35	7	4729	0	4781
7014	3	3	4	4769	0	4779
7015	4662	1	2	64	0	4729
7016	21	6	4645	48	0	4720
7017	38	6	4689	11	0	4744
7018	4	14	53	4656	0	4727
7019	6	6	5048	27	0	5087
7020	1	12	25	5054	0	5092
7021	5	3	38	5000	0	5046
7022	10	5	5	5116	0	5136
7023	5	4	3	5144	0	5156
7024	5065	5	5	66	0	5141
7025	5042	7	3	50	0	5102
7026	59	4	3	5111	0	5177
7027	49	12	5461	27	0	5549
7028	9	8	23	5489	0	5529
7029	5	5454	42	34	0	5535
7030	8	24	7	5439	0	5478
7031	5389	40	9	33	0	5471
7032	5470	7	7	53	0	5537
7033	55	8	7	5593	0	5663
7034	40	9	5	5614	0	5668
7035	12	14	6	5687	0	5719
7036	5560	6	3	76	0	5645
7037	34	10	5614	53	0	5711
7038	41	10	5573	19	0	5643
7039	12	5487	58	12	0	5569
7040	5567	24	43	18	0	5652
7041	25	40	10	5726	0	5801
7042	36	13	5915	27	0	5991
7043	7	5895	27	47	0	5976
7044	6	6101	38	22	0	6167
7045	10	48	7	6137	0	6202
7046	11	39	6	6285	0	6341
7047	7	6347	9	62	0	6425
7048	12	19	5	6415	0	6451
7049	10	37	7	6417	0	6471
7050	6316	9	6	62	0	6393
7051	24	6378	8	53	0	6463
7052	38	20	12	6357	0	6427
7053	14	38	6327	30	0	6409
7054	12	10	22	6294	0	6338
7055	6312	6	37	29	0	6384
7056	23	6452	8	48	0	6531
7057	34	24	9	6562	0	6629
7058	10	38	6564	42	0	6654
7059	12	9	7267	48	0	7336
7060	17	20	58	7277	0	7372
7061	13	8	51	7513	0	7585
7062	7675	11	13	70	0	7769
7063	29	8057	7	69	0	8162
7064	8207	35	12	22	0	8276
7065	43	66	8460	18	0	8587
7066	8437	13	44	24	0	8518
7067	53	18	9114	19	0	9204
7068	8975	10	59	27	0	9071
7069	9200	13	80	16	0	9309
7070	130	16	9930	20	0	10096
7071	89	11	9969	30	0	10099
7072	16	9925	128	56	0	10125
7073	12	56	87	10121	0	10276
7074	10264	89	12	71	0	10436
7075	50	16	14	10560	0	10640
7076	83	11	14	10729	0	10837
7077	18	10	17	10876	0	10921
7078	27	9	10783	154	0	10973
7079	9933	14	69	123	0	10139
7080	10702	7	82	33	0	10824
7081	136	11085	24	74	0	11319
7082	95	59	16	10823	0	10993
7083	31	11443	35	69	0	11578
7084	18	72	18	11583	0	11691
7085	11436	94	17	99	0	11646
7086	69	11599	15	113	0	11796
7087	100	62	15	11326	0	11503
7088	11269	89	16	81	0	11455
7089	11222	13	21	108	0	11364
7090	165	6	21	11085	0	11277
7091	116	17	11247	77	0	11457
7092	34	80	75	10637	0	10826
7093	22	11257	94	65	0	11438
7094	11045	63	22	97	0	11227
7095	72	11244	21	32	0	11369
7096	95	69	14	11060	0	11238
7097	11167	88	21	83	0	11359
7098	88	17	13	11534	0	11652
7099	105	20	12	11548	0	11685
7100	33	22	11477	167	0	11699
7101	28	11546	76	111	0	11761
7102	11276	82	95	33	0	11486
7103	9805	110	42	50	0	10007
7104	132	11287	19	34	0	11472
7105	78	11331	25	19	0	11453
7106	39	125	20	11209	0	11393
7107	11058	83	16	71	0	11228
7108	65	11158	16	92	0	11331
7109	90	64	15	11223	0	11392
7110	32	89	11207	69	0	11397
7111	31	28	59	11181	0	11299
7112	11268	15	77	90	0	11450
7113	67	11477	25	102	0	11671
7114	90	64	18	11700	0	11872
7115	40	85	11698	82	0	11905
7116	42	28	11738	89	0	11897
7117	28	16	141	11650	0	11835
7118	30	23	93	11506	0	11652
7119	37	11675	22	162	0	11896
7120	38	93	17	11669	0	11817
7121	11722	86	20	87	0	11915
7122	87	35	25	11947	0	12094
7123	11846	27	27	108	0	12008
7124	96	11946	36	106	0	12184
7125	112	12260	23	52	0	12447
7126	57	147	25	12454	0	12683
7127	50	92	36	12235	0	12413
7128	52	46	12242	177	0	12517
7129	45	39	100	12136	0	12320
7130	12150	32	109	124	0	12415
7131	125	40	12307	118	0	12590
7132	126	37	93	12435	0	12691
7133	68	37	12986	138	0	13229
7134	42	37	118	12895	0	13092
7135	43	42	115	12967	0	13167
7136	47	29	45	13224	0	13345
7137	60	34	13229	212	0	13535
7138	44	42	87	12914	0	13087
7139	41	13303	100	147	0	13591
7140	41	117	28	13338	0	13524
7141	45	113	28	13273	0	13459
7142	13014	41	27	215	0	13297
7143	128	57	13039	151	0	13375
7144	127	50	94	12967	0	13238
7145	68	39	12988	158	0	13253
7146	63	57	12862	147	0	13129
7147	51	41	176	13019	0	13287
7148	49	47	113	13161	0	13370
7149	43	41	33	13614	0	13731
7150	13393	47	26	232	0	13698
7151	133	65	13416	159	0	13773
7152	13492	55	107	108	0	13762
7153	127	39	109	14260	0	14535
7154	144	35	39	14442	0	14660
7155	45	15226	40	241	0	15552
7156	47	119	42	15431	0	15639
7157	40	114	38	15298	0	15490
7158	50	62	37	15327	0	15476
7159	13745	28	30	214	0	14017
7160	116	33	13705	133	0	13987
7161	12292	29	97	94	0	12512
7162	96	13664	100	72	0	13932
7163	13054	78	31	49	0	13212
7164	83	13206	26	53	0	13368
7165	76	12996	28	59	0	13159
7166	138	125	37	12400	0	12700
7167	12469	56	91	83	0	12699
7168	73	37	12	12503	0	12625
7169	54	12440	11	102	0	12607
7170	16	13031	13	85	0	13145
7171	9	109	14	13083	0	13215
7172	17	62	12	13016	0	13107
7173	12	13341	15	148	0	13516
7174	16	79	13	13554	0	13662
7175	16	68	15	13609	0	13708
7176	7	13	8	13800	0	13828
7177	13627	17	14	155	0	13813
7178	75	22	13808	86	0	13991
7179	13572	11	72	59	0	13714
7180	14264	15	63	42	0	14384
7181	14143	13	16	35	0	14207
7182	124	14034	17	42	0	14217
7183	67	73	10	13746	0	13896
7184	13827	47	12	83	0	13969
7185	66	15	10	14085	0	14176
7186	14052	17	14	77	0	14160
7187	67	15030	17	86	0	15200
7188	15550	59	6	36	0	15651
7189	15747	48	5	43	0	15843
7190	15951	11	2	30	0	15994
7191	117	14	12	15856	0	15999
7192	73	14	6	16374	0	16467
7193	16543	16	6	126	0	16691
7194	70	16694	15	79	0	16858
7195	65	16695	11	40	0	16811
7196	17139	95	13	47	0	17294
7197	80	58	3	17176	0	17317
7198	67	21	7	17482	0	17577
7199	24	14	9	17725	0	17772
7200	28	17746	17	148	0	17939
7201	17703	74	8	96	0	17881
7202	95	74	5	17884	0	18058
7203	77	18327	12	128	0	18544
7204	31	95	6	18924	0	19056
7205	28	88	10	19066	0	19192
7206	32	21	11	19151	0	19215
7207	28	15	8	19257	0	19308
7208	19017	22	10	178	0	19227
7209	18970	21	7	102	0	19100
7210	19322	21	8	62	0	19413
7211	169	17	6	19421	0	19613
7212	111	16	19175	117	0	19419
7213	54	30	18292	97	0	18473
7214	43	26	19150	43	0	19262
7215	19801	24	135	46	0	20006
7216	97	26	81	20156	0	20360
7217	85	17	18	20120	0	20240
7218	32	21	14	20372	0	20439
7219	20129	16	9	177	0	20331
7220	19970	14	10	117	0	20111
7221	145	21363	15	80	0	21603
7222	94	82	7	21511	0	21694
7223	57	80	21309	103	0	21549
7224	34	21809	66	102	0	22011
7225	38	111	54	21861	0	22064
7226	40	73	17	21889	0	22019
7227	20	46	12	21788	0	21866
7228	28	30	9	21522	0	21589
7229	45	43	21443	155	0	21686
7230	52	32	20905	105	0	21094
7231	32	21788	121	65	0	22006
7232	33	71	66	21717	0	21887
7233	31	50	21	21418	0	21520
7234	20990	21	21	137	0	21169
7235	95	25	21569	91	0	21780
7236	71	23	70	21384	0	21548
7237	68	22	75	22171	0	22336
7238	66	34	22865	147	0	23112
7239	29	22910	75	105	0	23119
7240	22847	62	70	64	0	23043
7241	96	69	22765	53	0	22983
7242	21979	36	68	67	0	22150
7243	99	54	24355	58	0	24566
7244	74	22	71	24396	0	24563
7245	56	45	25021	95	0	25217
7246	56	39	26010	98	0	26203
7247	33	21	118	25877	0	26049
7248	34	30	107	24646	0	24817
7249	26	12	23	27253	0	27314
7250	30	16	28	27193	0	27267
7251	25	27	34	27163	0	27249
7252	39	42	27746	151	0	27978
7253	60	48	26817	114	0	27039
7254	21	28006	116	92	0	28235
7255	27806	65	68	61	0	28000
7256	84	91	29	28062	0	28266
7257	28358	14	22	122	0	28516
7258	99	18	21	28365	0	28503
7259	29585	14	33	157	0	29789
7260	91	17	22	30048	0	30178
7261	91	19	20	30197	0	30327
7262	38	31190	53	206	0	31487
7263	38	94	17	31846	0	31995
7264	34	98	20	31915	0	32067
7265	31	19	28	31969	0	32047
7266	31	15	28	31725	0	31799
7267	21	31364	43	196	0	31624
7268	31139	72	27	119	0	31357
7269	79	31253	35	105	0	31472
7270	61	79	15	30602	0	30757
7271	30240	42	18	105	0	30405
7272	131	41	29976	74	0	30222
7273	81	32	30085	45	0	30243
7274	36	61	137	28950	0	29184
7275	18	21	82	30399	0	30520
7276	16	14	38	30502	0	30570
7277	18	21	18	29795	0	29852
7278	21	26	15	29972	0	30034
7279	13	29618	31	156	0	29818
7280	21	65	11	29997	0	30094
7281	29787	53	20	104	0	29964
7282	66	20	22	30164	0	30272
7283	90	35	30486	99	0	30710
7284	23	20	79	30049	0	30171
7285	29933	7	83	131	0	30154
7286	73	31575	33	132	0	31813
7287	80	72	16	32606	0	32774
7288	33	85	14	33709	0	33841
7289	49	34	33544	261	0	33888
7290	66	42	41440	194	0	41742
7291	47719	29	503	61	0	48312
7292	620	29	367	49648	0	50664
7293	599	24	87	51020	0	51730
7294	201	42	53630	1258	0	55131
7295	137	119	54214	775	0	55245
7296	40	54821	1389	324	0	56574
7297	79	717	829	53866	0	55491
7298	116	683	54499	699	0	55997
7299	17	54740	816	779	0	56352
7300	54526	729	724	220	0	56199
7301	55633	717	206	107	0	56663
7302	1392	208	78	53441	0	55119
7303	842	55138	97	785	0	56862
7304	55134	758	67	701	0	56660
7305	939	780	177	46082	0	47978
7306	845	224	54541	600	0	56210
7307	235	54875	761	719	0	56590
7308	54265	768	725	207	0	55965
7309	54991	732	186	153	0	56062
7310	1437	185	88	54784	0	56494
7311	871	86	85	55639	0	56681
7312	274	141	54409	1553	0	56377
7313	145	82	765	54864	0	55856
7314	131	60	777	53277	0	54245
7315	117	68	223	54732	0	55140
7316	93	71	105	55011	0	55280
7317	109	62	87	53100	0	53358
7318	87	53364	115	1744	0	55310
7319	52753	752	97	1037	0	54639
7320	862	764	53340	385	0	55351
7321	785	52403	836	303	0	54327
7322	233	783	766	52700	0	54482
7323	52326	759	255	909	0	54249
7324	809	223	147	53237	0	54416
7325	828	125	143	52725	0	53821
7326	259	104	135	53491	0	53989
7327	163	115	112	53998	0	54388
7328	206	147	52089	1869	0	54311
7329	154	52099	865	1224	0	54342
7330	51658	797	786	494	0	53735
7331	939	806	52065	353	0	54163
7332	818	248	916	51834	0	53816
7333	52026	144	838	989	0	53997
7334	885	52091	342	998	0	54316
7335	52682	865	179	413	0	54139
7336	1096	838	175	49927	0	52036
7337	915	286	155	52565	0	53921
7338	370	163	128	52577	0	53238
7339	224	160	116	52811	0	53311
7340	50575	139	158	1939	0	52811
7341	899	128	136	51663	0	52826
7342	872	122	120	52074	0	53188
7343	49113	123	116	1818	0	51170
7344	988	150	48828	1199	0	51165
7345	932	126	836	48885	0	50779
7346	47209	108	803	1103	0	49223
7347	47091	115	283	1064	0	48553
7348	1607	117	189	46528	0	48441
7349	1037	119	145	46167	0	47468
7350	381	44841	200	1780	0	47202
7351	221	814	140	46212	0	47387
7352	234	759	139	45325	0	46457
7353	262	247	43729	1854	0	46092
7354	186	173	43114	1277	0	44750
7355	175	42831	1504	594	0	45104
7356	195	802	991	42174	0	44162
7357	178	792	336	43515	0	44821
7358	42689	278	238	1756	0	44961
7359	913	163	232	42477	0	43785
7360	946	197	41298	1241	0	43682
7361	366	165	859	42022	0	43412
7362	271	149	40632	1349	0	42401
7363	268	189	40548	1124	0	42129
7364	226	204	1621	39081	0	41132
7365	223	178	1014	40772	0	42187
7366	39967	165	341	1753	0	42226
7367	40600	138	208	1204	0	42150
7368	1626	155	239	40349	0	42369
7369	41349	174	143	1168	0	42834
7370	41574	118	175	1081	0	42948
7371	1717	141	146	40870	0	42874
7372	1136	143	130	41596	0	43005
7373	40534	141	150	1794	0	42619
7374	41001	85	156	1276	0	42518
7375	1647	99	114	40363	0	42223
7376	1093	40209	180	1193	0	42675
7377	451	802	113	41360	0	42726
7378	314	729	124	41694	0	42861
7379	313	283	40172	1933	0	42701
7380	212	128	814	41593	0	42747
7381	39084	88	827	1467	0	41466
7382	838	40066	358	1265	0	42527
7383	40534	768	151	688	0	42141
7384	40278	770	148	549	0	41745
7385	41004	254	126	498	0	41882
7386	1762	518	175	38144	0	40599
7387	1414	166	35888	1025	0	38493
7388	884	165	34604	945	0	36598
7389	321	34393	1388	525	0	36627
7390	188	25578	626	227	0	26619
7391	126	17647	257	110	0	18140
7392	195	16982	364	89	0	17630
7393	449	376	15508	77	0	16410
7394	11816	451	557	130	0	12954
7395	92	102	108	11828	0	12130
7396	74	6	22	11659	0	11761
7397	27	11	10	11626	0	11674
7398	23	11698	19	130	0	11870
7399	11429	49	16	99	0	11593
7400	76	73	11584	30	0	11763
7401	62	11004	51	36	0	11153
7402	44	63	78	11016	0	11201
7403	11085	53	20	60	0	11218
7404	49	9	9	11083	0	11150
7405	76	15	10862	64	0	11017
7406	25	17	10981	75	0	11098
7407	28	9	92	11087	0	11216
7408	27	7	75	11188	0	11297
7409	11119	9	21	104	0	11253
7410	58	10	11216	94	0	11378
7411	10976	8	47	32	0	11063
7412	11146	8	65	33	0	11252
7413	117	5	12	11296	0	11430
7414	78	23	11657	51	0	11809
7415	25	18	46	11674	0	11763
7416	11735	11	65	69	0	11880
7417	52	11843	35	79	0	12009
7418	12114	46	17	35	0	12212
7419	63	65	14	12203	0	12345
7420	76	12679	15	86	0	12856
7421	26	60	13	12792	0	12891
7422	22	91	12	12926	0	13051
7423	22	13060	28	154	0	13264
7424	26	74	23	13299	0	13422
7425	23	89	10	13521	0	13643
7426	29	12	21	13831	0	13893
7427	33	24	13763	186	0	14006
7428	23	13729	87	157	0	13996
7429	13940	76	116	49	0	14181
7430	103	119	29	14030	0	14281
7431	119	14930	25	118	0	15192
7432	15721	94	17	154	0	15986
7433	122	132	17	15885	0	16156
7434	148	33	12	15909	0	16102
7435	51	15	12	15733	0	15811
7436	41	17	13	15523	0	15594
7437	15417	22	10	268	0	15717
7438	116	15	18	15691	0	15840
7439	164	12	10	15723	0	15909
7440	15667	11	17	295	0	15990
7441	123	24	16	15836	0	15999
7442	189	21	15644	158	0	16012
7443	36	22	109	15773	0	15940
7444	15311	24	153	164	0	15652
7445	120	24	28	15566	0	15738
7446	184	34	15537	156	0	15911
7447	52	21	15347	198	0	15618
7448	15571	15	278	79	0	15943
7449	16141	31	178	62	0	16412
7450	16320	14	38	58	0	16430
7451	16338	15	28	60	0	16441
7452	295	40	16220	46	0	16601
7453	199	12	121	15994	0	16326
7454	58	14	161	16442	0	16675
7455	16206	13	44	289	0	16552
7456	141	16	24	16453	0	16634
7457	174	23	16251	171	0	16619
7458	53	27	122	16342	0	16544
7459	45	27	16587	187	0	16846
7460	30	16498	142	218	0	16888
7461	16645	110	202	75	0	17032
7462	139	155	45	16576	0	16915
7463	210	45	16471	157	0	16883
7464	52	21	124	16586	0	16783
7465	59	16	177	17108	0	17360
7466	46	26	17240	321	0	17633
7467	49	19	156	17305	0	17529
7468	17161	16	192	212	0	17581
7469	176	31	16703	231	0	17141
7470	15992	23	157	92	0	16264
7471	182	16234	191	120	0	16727
7472	190	141	16177	85	0	16593
7473	77	200	16257	79	0	16613
7474	89	203	307	13890	0	14489
7475	50	16	179	15214	0	15459
7476	48	32	15353	298	0	15731
7477	43	17	150	15319	0	15529
7478	15491	18	178	193	0	15880
7479	15506	16	53	224	0	15799
7480	274	15	58	15338	0	15685
7481	191	31	40	15187	0	15449
7482	80	15364	53	312	0	15809
7483	15514	124	51	237	0	15926
7484	178	137	40	15584	0	15939
7485	193	15954	46	199	0	16392
7486	16088	125	37	230	0	16480
7487	16082	150	61	85	0	16378
7488	285	16551	47	121	0	17004
7489	222	127	38	16597	0	16984
7490	85	165	35	16507	0	16792
7491	82	40	16096	350	0	16568
7492	61	27	182	15934	0	16204
7493	15810	30	195	233	0	16268
7494	196	26	68	15844	0	16134
7495	201	31	15606	249	0	16087
7496	15315	28	170	229	0	15742
7497	191	20	214	15587	0	16012
7498	208	23	15533	232	0	15996
7499	95	23	165	15490	0	15773
7500	88	20	15576	241	0	15925
7501	83	26	187	15460	0	15756
7502	80	14	195	15559	0	15848
7503	15279	12	81	361	0	15733
7504	172	15330	84	257	0	15843
7505	15619	137	57	114	0	15927
7506	15258	150	57	112	0	15577
7507	15345	42	71	108	0	15566
7508	339	15249	70	112	0	15770
7509	236	150	15238	104	0	15728
7510	95	169	185	15056	0	15505
7511	15327	46	187	208	0	15768
7512	15399	28	80	237	0	15744
7513	341	40	66	14264	0	14711
7514	15005	22	76	196	0	15299
7515	224	32	14735	231	0	15222
7516	14540	33	187	131	0	14891
7517	236	25	14763	104	0	15128
7518	212	14291	188	134	0	14825
7519	14175	124	194	81	0	14574
7520	13605	140	71	104	0	13920
7521	298	13615	78	103	0	14094
7522	13507	134	92	102	0	13835
7523	13135	141	74	92	0	13442
7524	301	46	12918	77	0	13342
7525	12332	32	153	88	0	12605
7526	177	32	12454	70	0	12733
7527	150	139	152	11011	0	11452
7528	116	11840	143	125	0	12224
7529	81	117	11771	139	0	12108
7530	10661	281	234	236	0	11412
7531	10396	99	133	115	0	10743
7532	176	26	43	9857	0	10102
7533	139	24	9756	105	0	10024
7534	75	41	100	9754	0	9970
7535	9749	22	87	119	0	9977
7536	119	9984	47	119	0	10269
7537	9775	85	32	50	0	9942
7538	9727	66	26	32	0	9851
7539	168	9684	28	33	0	9913
7540	101	89	24	9580	0	9794
7541	9731	64	28	101	0	9924
7542	123	25	30	9780	0	9958
7543	92	26	34	10214	0	10366
7544	63	32	10359	144	0	10598
7545	61	18	93	10244	0	10416
7546	59	20	67	10293	0	10439
7547	10203	16	29	145	0	10393
7548	10206	19	25	96	0	10346
7549	181	18	32	10244	0	10475
7550	109	27	10113	118	0	10367
7551	55	17	10031	93	0	10196
7552	54	31	165	9869	0	10119
7553	57	22	10153	116	0	10348
7554	36	40	116	9900	0	10092
7555	43	34	87	9812	0	9976
7556	9939	19	41	153	0	10152
7557	134	12	9893	98	0	10137
7558	9645	20	110	39	0	9814
7559	9570	11	75	52	0	9708
7560	165	19	9363	41	0	9588
7561	100	21	9387	33	0	9541
7562	70	403	134	8562	0	9169
7563	59	8798	87	83	0	9027
7564	50	8893	36	77	0	9056
7565	124	111	21	8121	0	8377
7566	33	52	20	7975	0	8080
7567	26	15	19	8123	0	8183
7568	35	10	17	8167	0	8229
7569	7947	5	20	118	0	8090
7570	70	13	18	8001	0	8102
7571	66	20	7915	81	0	8082
7572	32	9	55	7681	0	7777
7573	30	7734	58	75	0	7897
7574	47	48	15	7759	0	7869
7575	7692	39	22	67	0	7820
7576	71	9	24	7790	0	7894
7577	61	17	7775	83	0	7936
7578	24	7611	74	67	0	7776
7579	35	45	61	7609	0	7750
7580	7590	47	29	72	0	7738
7581	7599	14	14	72	0	7699
7582	119	7	18	7661	0	7805
7583	75	13	7316	60	0	7464
7584	39	7	7045	51	0	7142
7585	6963	7	95	19	0	7084
7586	75	8	7280	18	0	7381
7587	56	6	7105	14	0	7181
7588	43	38	96	6472	0	6649
7589	6920	1	68	53	0	7042
7590	6877	3	18	47	0	6945
7591	6873	3	14	20	0	6910
7592	95	6	7301	14	0	7416
7593	55	5	7357	12	0	7429
7594	16	7548	92	16	0	7672
7595	13	48	53	7495	0	7609
7596	14	41	15	7545	0	7615
7597	15	6	15	7413	0	7449
7598	12	3	7	7595	0	7617
7599	17	7	7594	100	0	7718
7600	8	7660	59	62	0	7789
7601	7987	49	53	19	0	8108
7602	8962	46	12	21	0	9041
7603	9029	9	14	21	0	9073
7604	141	9235	11	49	0	9436
7605	81	66	12	9201	0	9360
7606	9603	72	14	83	0	9772
7607	77	10070	18	92	0	10257
7608	9935	89	10	20	0	10054
7609	87	9985	15	25	0	10112
7610	10019	88	10	16	0	10133
7611	9920	93	13	16	0	10042
7612	174	12	10	10090	0	10286
7613	103	12	8	10459	0	10582
7614	25	12	10461	197	0	10695
7615	17	17	10368	123	0	10525
7616	10378	8	206	25	0	10617
7617	10661	8	117	16	0	10802
7618	200	7	17	10526	0	10750
7619	129	8	9	10605	0	10751
7620	33	10	10480	216	0	10739
7621	20	12	99	10502	0	10633
7622	23	13	10659	121	0	10816
7623	20	9	110	10566	0	10705
7624	18	16	120	10752	0	10906
7625	10672	7	17	227	0	10923
7626	10521	10	9	143	0	10683
7627	216	13	13	10577	0	10819
7628	146	8	10	10576	0	10740
7629	47	15	10505	221	0	10788
7630	32	11	104	10596	0	10743
7631	28	13	10655	129	0	10825
7632	10352	9	113	146	0	10620
7633	120	10	131	10601	0	10862
7634	10546	8	31	118	0	10703
7635	121	10449	24	150	0	10744
7636	10492	97	15	50	0	10654
7637	126	125	25	10322	0	10598
7638	144	19	17	10250	0	10430
7639	45	10295	21	222	0	10583
7640	32	100	22	10477	0	10631
7641	32	123	10258	129	0	10542
7642	34	21	104	10275	0	10434
7643	29	10	9920	131	0	10090
7644	31	9500	107	157	0	9795
7645	26	83	123	9480	0	9712
7646	39	105	9479	109	0	9732
7647	37	18	9377	135	0	9567
7648	60	41	190	9126	0	9417
7649	9036	10	151	112	0	9309
7650	89	8	9034	143	0	9274
7651	122	7	94	8910	0	9133
7652	9010	7	116	108	0	9241
7653	90	8880	34	141	0	9145
7654	9362	82	18	54	0	9516
7655	106	108	20	9274	0	9508
7656	128	21	18	9320	0	9487
7657	41	12	11	9508	0	9572
7658	9313	12	15	238	0	9578
7659	90	12	19	9528	0	9649
7660	121	9	30	9574	0	9734
7661	9239	17	26	216	0	9498
7662	101	17	9267	147	0	9532
7663	137	14	93	9282	0	9526
7664	45	28	9390	116	0	9579
7665	9120	11	98	149	0	9378
7666	100	25	129	9353	0	9607
7667	149	17	9493	112	0	9771
7668	9129	15	86	164	0	9394
7669	9406	18	132	61	0	9617
7670	219	25	9776	56	0	10076
7671	156	17	85	9686	0	9944
7672	41	30	132	9864	0	10067
7673	41	22	10055	217	0	10335
7674	39	9974	107	182	0	10302
7675	39	92	10248	72	0	10451
7676	9646	112	109	66	0	9933
7677	116	30	10380	55	0	10581
7678	9942	13	98	79	0	10132
7679	128	12	10351	61	0	10552
7680	9989	10	109	65	0	10173
7681	115	10341	146	67	0	10669
7682	135	69	49	10183	0	10436
7683	49	105	41	10437	0	10632
7684	49	33	10420	226	0	10728
7685	59	13	98	9884	0	10054
7686	37	10185	124	135	0	10481
7687	9929	63	37	149	0	10178
7688	92	10035	49	74	0	10250
7689	121	76	20	10027	0	10244
7690	10026	92	36	133	0	10287
7691	104	10199	31	160	0	10494
7692	9955	75	42	75	0	10147
7693	123	102	10134	62	0	10421
7694	126	27	111	10094	0	10358
7695	49	13	136	10168	0	10366
7696	41	18	47	10380	0	10486
7697	10267	10	43	224	0	10544
7698	10348	16	46	155	0	10565
7699	10401	15	38	55	0	10509
7700	10243	19	33	49	0	10344
7701	201	23	9777	59	0	10060
7702	8386	8	58	39	0	8491
7703	78	8541	84	34	0	8737
7704	74	8360	26	36	0	8496
7705	8344	105	205	35	0	8689
7706	8340	63	66	31	0	8500
7707	90	21	8	7984	0	8103
7708	8215	8	15	58	0	8296
7709	8179	5	13	59	0	8256
7710	8854	5	11	25	0	8895
7711	111	5	10	8789	0	8915
7712	72	8774	12	54	0	8912
7713	17	8822	11	66	0	8916
7714	17	107	15	8795	0	8934
7715	8684	65	10	44	0	8803
7716	38	8811	10	72	0	8931
7717	57	42	3	8762	0	8864
7718	14	55	8923	42	0	9034
7719	8134	9	41	65	0	8249
7720	49	9078	58	15	0	9200
7721	64	9148	14	22	0	9248
7722	8967	87	9	12	0	9075
7723	52	62	9183	6	0	9303
7724	61	14	40	8950	0	9065
7725	18	9274	58	40	0	9390
7726	13	42	8	9311	0	9374
7727	19	55	3	9224	0	9301
7728	16	9230	13	104	0	9363
7729	20	44	6	9552	0	9622
7730	17	59	5	9583	0	9664
7731	9477	14	8	96	0	9595
7732	42	9493	10	77	0	9622
7733	9525	63	4	18	0	9610
7734	55	61	6	9445	0	9567
7735	62	9793	4	62	0	9921
7736	44	50	9722	63	0	9879
7737	30	85	46	9675	0	9836
7738	20	23	58	10087	0	10188
7739	20	18	10202	104	0	10344
7740	9596	12	48	69	0	9725
7741	56	16	62	11211	0	11345
7742	11227	12	21	70	0	11330
7743	84	20	11169	102	0	11375
7744	110	9	66	11172	0	11357
7745	35	14	11881	82	0	12012
7746	16	26	86	11872	0	12000
7747	15	14	96	12096	0	12221
7748	12021	15	14	184	0	12234
7749	76	12207	11	153	0	12447
7750	12271	78	9	25	0	12383
7751	99	110	12276	22	0	12507
7752	109	22	74	12293	0	12498
7753	37	15	12841	91	0	12984
7754	11230	19	100	121	0	11470
7755	12405	15	104	34	0	12558
7756	188	21	12619	25	0	12853
7757	12415	8	82	31	0	12536
7758	12784	13	116	17	0	12930
7759	185	14	24	12733	0	12956
7760	134	16	12645	99	0	12894
7761	40	20	13051	118	0	13229
7762	25	15	182	13013	0	13235
7763	38	17	122	12854	0	13031
7764	33	12883	35	205	0	13156
7765	32	13087	32	161	0	13312
7766	13097	173	30	54	0	13354
7767	103	126	30	12942	0	13201
7768	129	12975	31	122	0	13257
7769	37	13240	33	154	0	13464
7770	12560	192	28	46	0	12826
7771	112	125	32	12982	0	13251
7772	129	13201	33	117	0	13480
7773	50	101	36	13152	0	13339
7774	34	130	37	13106	0	13307
7775	52	22	28	13179	0	13281
7776	12887	19	31	223	0	13160
7777	119	13006	29	168	0	13322
7778	151	109	39	12978	0	13277
7779	73	118	27	13047	0	13265
7780	49	24	38	13205	0	13316
7781	42	25	12768	230	0	13065
7782	12142	20	116	157	0	12435
7783	113	23	142	12830	0	13108
7784	12707	16	37	139	0	12899
7785	12643	24	37	150	0	12854
7786	12721	35	27	64	0	12847
7787	232	32	12731	65	0	13060
7788	155	12601	105	55	0	12916
7789	43	107	129	12376	0	12655
7790	38	150	12386	111	0	12685
7791	46	49	12171	135	0	12401
7792	41	83	179	11425	0	11728
7793	36	11806	125	102	0	12069
7794	11845	95	39	129	0	12108
7795	12047	124	18	73	0	12262
7796	12221	31	28	66	0	12346
7797	12174	35	22	70	0	12301
7798	220	41	12116	72	0	12449
7799	11861	33	91	66	0	12051
7800	115	12318	118	72	0	12623
7801	131	90	32	12364	0	12617
7802	42	118	32	12486	0	12678
7803	12468	23	40	216	0	12747
7804	115	18	26	12545	0	12704
7805	141	27	12112	131	0	12411
7806	11551	27	84	137	0	11799
7807	11953	20	119	70	0	12162
7808	11980	14	44	53	0	12091
7809	218	30	11846	47	0	12141
7810	10894	25	84	53	0	11056
7811	102	11180	122	45	0	11449
7812	11203	63	52	60	0	11378
7813	127	105	39	10942	0	11213
7814	112	37	38	10914	0	11101
7815	57	10946	36	156	0	11195
7816	49	71	27	11002	0	11149
7817	41	11011	30	93	0	11175
7818	59	85	25	10784	0	10953
7819	56	10802	39	82	0	10979
7820	57	77	25	10701	0	10860
7821	53	10867	25	88	0	11033
7822	50	87	20	11013	0	11170
7823	53	11232	24	101	0	11410
7824	12072	82	20	111	0	12285
7825	142	97	12	12228	0	12479
7826	136	34	23	12349	0	12542
7827	61	18	33	12930	0	13042
7828	61	23	12	13094	0	13190
7829	53	41	13169	284	0	13547
7830	47	21	129	13298	0	13495
7831	51	19	148	13401	0	13619
7832	13277	16	31	275	0	13599
7833	13029	27	27	171	0	13254
7834	277	13469	46	70	0	13862
7835	183	132	11	13376	0	13702
7836	78	149	14	13962	0	14203
7837	14368	33	19	291	0	14711
7838	171	35	14085	193	0	14484
7839	13654	36	145	60	0	13895
7840	164	14082	157	66	0	14469
7841	13080	121	20	24	0	13245
7842	12789	118	23	24	0	12954
7843	232	12827	23	44	0	13126
7844	133	13092	9	32	0	13266
7845	77	247	63	12410	0	12797
7846	26	123	12417	131	0	12697
7847	12097	20	131	135	0	12383
7848	129	25	12425	36	0	12615
7849	12003	15	117	28	0	12163
7850	145	19	12317	26	0	12507
7851	122	12154	130	26	0	12432
7852	30	122	107	12134	0	12393
7853	11860	110	19	130	0	12119
7854	11982	18	16	118	0	12134
7855	237	17	12	12038	0	12304
7856	12437	22	11	135	0	12605
7857	12284	14	9	133	0	12440
7858	258	12192	17	37	0	12504
7859	12302	128	12	15	0	12457
7860	144	12479	10	25	0	12658
7861	146	140	13	12340	0	12639
7862	12374	123	15	147	0	12659
7863	12560	22	14	131	0	12727
7864	12655	23	13	18	0	12709
7865	280	22	11803	719	0	12824
7866	152	22	12618	26	0	12818
7867	52	18	246	12646	0	12962
7868	41	17	134	12993	0	13185
7869	34	13744	30	295	0	14103
7870	13671	160	23	157	0	14011
7871	175	160	17	13590	0	13942
7872	186	27	11	13753	0	13977
7873	47	31	13741	320	0	14139
7874	45	13571	166	190	0	13972
7875	49	13801	159	48	0	14057
7876	46	316	25	13752	0	14139
7877	13521	181	22	186	0	13910
7878	180	33	23	13569	0	13805
7879	178	30	16	13752	0	13976
7880	13625	31	16	319	0	13991
7881	13733	23	19	182	0	13957
7882	350	23	20	13681	0	14074
7883	197	21	13620	204	0	14042
7884	51	22	167	13764	0	14004
7885	47	24	155	13858	0	14084
7886	13713	16	38	341	0	14108
7887	193	21	22	13894	0	14130
7888	13899	18	32	222	0	14171
7889	220	27	13928	204	0	14379
7890	204	20	178	14108	0	14510
7891	66	33	162	14317	0	14578
7892	56	28	32	14540	0	14656
7893	63	24	25	14397	0	14509
7894	56	18	34	14316	0	14424
7895	49	45	13751	390	0	14235
7896	13454	25	185	238	0	13902
7897	215	44	173	13737	0	14169
7898	222	28	13550	241	0	14041
7899	74	36	13619	222	0	13951
7900	64	31	341	13377	0	13813
7901	13317	27	185	239	0	13768
7902	13348	32	40	226	0	13646
7903	13544	26	53	91	0	13714
7904	391	27	45	12575	0	13038
7905	223	13171	56	238	0	13688
7906	13342	185	37	226	0	13790
7907	13368	178	42	87	0	13675
7908	13462	43	36	82	0	13623
7909	13349	41	29	97	0	13516
7910	393	33	37	13016	0	13479
7911	244	23	12961	248	0	13476
7912	95	26	196	13006	0	13323
7913	86	41	13090	259	0	13476
7914	12786	24	206	240	0	13256
7915	12968	23	193	100	0	13284
7916	387	22	12740	93	0	13242
7917	12682	20	205	110	0	13017
7918	13124	23	198	95	0	13440
7919	417	17	51	12679	0	13164
7920	240	12888	55	246	0	13429
7921	12824	171	64	229	0	13288
7922	254	293	44	12119	0	12710
7923	234	12160	39	234	0	12667
7924	83	175	32	11548	0	11838
7925	77	142	11433	199	0	11851
7926	77	11435	148	198	0	11858
7927	10873	178	163	117	0	11331
7928	10679	143	108	95	0	11025
7929	10412	24	43	62	0	10541
7930	10468	19	30	62	0	10579
7931	257	61	30	9982	0	10330
7932	159	10135	36	160	0	10490
7933	9974	108	46	142	0	10270
7934	171	105	9869	67	0	10212
7935	150	9576	127	88	0	9941
7936	75	103	9193	54	0	9425
7937	60	112	132	8102	0	8406
7938	48	8103	107	95	0	8353
7939	61	71	37	8469	0	8638
7940	60	82	8865	116	0	9123
7941	53	18	91	8672	0	8834
7942	51	22	89	8908	0	9070
7943	55	20	30	9099	0	9204
7944	8681	16	23	182	0	8902
7945	117	8825	34	131	0	9107
7946	128	68	27	8854	0	9077
7947	8662	81	24	128	0	8895
7948	115	8718	40	145	0	9018
7949	8745	75	27	59	0	8906
7950	124	90	8872	53	0	9139
7951	127	27	89	8468	0	8711
7952	64	8882	99	89	0	9134
7953	8789	84	31	114	0	9018
7954	135	87	8713	45	0	8980
7955	122	8461	98	49	0	8730
7956	69	62	80	8104	0	8315
7957	56	88	23	8189	0	8356
7958	8065	27	25	131	0	8248
7959	102	22	24	8060	0	8208
7960	98	24	7803	86	0	8011
7961	39	26	70	7537	0	7672
7962	40	20	7850	82	0	7992
7963	48	39	69	7326	0	7482
7964	42	7744	78	76	0	7940
7965	7713	57	42	71	0	7883
7966	7419	68	24	32	0	7543
7967	115	7221	20	38	0	7394
7968	61	6641	13	26	0	6741
7969	91	56	31	6262	0	6440
7970	6272	35	16	27	0	6350
7971	43	13	8	6250	0	6314
7972	6173	14	13	33	0	6233
7973	32	6082	11	50	0	6175
7974	41	21	8	6197	0	6267
7975	24	38	6487	22	0	6571
7976	20	23	24	6381	0	6448
7977	18	9	43	6557	0	6627
7978	6673	9	6	58	0	6746
7979	31	6981	11	46	0	7069
7980	39	21	9	6972	0	7041
7981	6923	40	12	28	0	7003
7982	33	11	7057	41	0	7142
7983	6809	8	27	25	0	6869
7984	34	37	37	7194	0	7302
7985	44	7562	16	40	0	7662
7986	7495	25	24	43	0	7587
7987	34	50	7762	10	0	7856
7988	57	8	7638	11	0	7714
7989	12	7664	68	27	0	7771
7990	7427	26	81	14	0	7548
7991	26	34	3	7535	0	7598
7992	34	7	3	7682	0	7726
7993	7751	2	5	69	0	7827
7994	34	6	7878	46	0	7964
7995	45	5	35	7922	0	8007
7996	13	19	8486	42	0	8560
7997	8	8	35	8342	0	8393
7998	4	8645	52	100	0	8801
7999	9	31	9	8836	0	8885
8000	8	59	8768	45	0	8880
8001	8471	7	40	61	0	8579
8002	41	8	54	8947	0	9050
8003	58	10	9089	45	0	9202
8004	12	6	45	8875	0	8938
8005	7	1	61	9073	0	9142
8006	16	5	9058	98	0	9177
8007	11	8	9176	68	0	9263
8008	10	4	98	9225	0	9337
8009	10	4	9460	47	0	9521
8010	9078	8	57	70	0	9213
8011	42	5	64	9515	0	9626
8012	9486	6	18	46	0	9556
8013	49	9	9489	72	0	9619
8014	70	8	49	9562	0	9689
8015	19	5	10274	49	0	10347
8016	4	10113	65	88	0	10270
8017	16	42	10323	16	0	10397
8018	22	71	9945	16	0	10054
8019	9528	9	120	14	0	9671
8020	10018	7	82	16	0	10123
8021	124	8	10471	14	0	10617
8022	84	4	74	9718	0	9880
8023	15	18	81	10516	0	10630
8024	21	6	10743	136	0	10906
8025	14	10465	70	106	0	10655
8026	10299	51	86	24	0	10460
8027	64	89	10824	26	0	11003
8028	93	11	70	10749	0	10923
8029	12	5	91	11056	0	11164
8030	11230	5	17	157	0	11409
8031	11328	2	20	98	0	11448
8032	11390	6	12	24	0	11432
8033	11419	3	14	25	0	11461
8034	148	7	22	11348	0	11525
8035	102	9	11814	70	0	11995
8036	16	4	70	11753	0	11843
8037	20	8	99	11859	0	11986
8038	18	4	22	12373	0	12417
8039	24	10	12111	172	0	12317
8040	11270	3	90	110	0	11473
8041	80	2	105	12103	0	12290
8042	111	8	12419	95	0	12633
8043	15	12546	96	119	0	12776
8044	12	71	116	12730	0	12929
8045	22	105	25	12829	0	12981
8046	12684	10	29	193	0	12916
8047	82	12968	23	131	0	13204
8048	126	87	12985	33	0	13231
8049	22	105	97	12725	0	12949
8050	16	18	118	12825	0	12977
8051	12741	11	26	199	0	12977
8052	12657	9	24	135	0	12825
8053	192	11	25	12881	0	13109
8054	12864	9	18	105	0	12996
8055	95	12808	31	131	0	13065
8056	133	84	13302	39	0	13558
8057	28	103	95	13207	0	13433
8058	24	13	120	13592	0	13749
8059	31	11	24	13661	0	13727
8060	28	13	21	13442	0	13504
8061	23	13432	33	211	0	13699
8062	13212	80	21	136	0	13449
8063	93	107	21	13152	0	13373
8064	123	13762	25	113	0	14023
8065	13783	81	22	134	0	14020
8066	13618	112	19	42	0	13791
8067	187	14105	27	47	0	14366
8068	131	92	25	14237	0	14485
8069	35	116	16	14347	0	14514
8070	27	12	24	14313	0	14376
8071	32	17	17	14412	0	14478
8072	14458	8	19	228	0	14713
8073	14491	9	22	150	0	14672
8074	217	14834	28	59	0	15138
8075	133	119	14558	49	0	14859
8076	30	122	122	14548	0	14822
8077	14815	15	122	130	0	15082
8078	122	14682	26	148	0	14978
8079	137	14676	28	52	0	14893
8080	14940	210	26	40	0	15216
8081	15045	120	15	44	0	15224
8082	242	24	14	14952	0	15232
8083	157	22	15181	129	0	15489
8084	52	30	15452	144	0	15678
8085	15645	41	231	46	0	15963
8086	16185	29	129	53	0	16396
8087	16110	15	37	28	0	16190
8088	16039	11	19	34	0	16103
8089	15934	13	32	44	0	16023
8090	233	16177	20	69	0	16499
8091	143	137	16	15348	0	15644
8092	38	16913	23	108	0	17082
8093	16991	125	17	131	0	17264
8094	16793	121	25	70	0	17009
8095	16764	28	15	36	0	16843
8096	16630	20	10	29	0	16689
8097	208	16533	19	41	0	16801
8098	16388	90	20	27	0	16525
8099	111	16604	14	53	0	16782
8100	124	126	14	16556	0	16820
8101	16469	94	16	119	0	16698
8102	119	32	17033	115	0	17299
8103	119	22	89	16665	0	16895
8104	36	25	89	17236	0	17386
8105	48	30	17264	179	0	17521
8106	35	17373	101	135	0	17644
8107	17284	93	96	42	0	17515
8108	17076	90	32	46	0	17244
8109	175	17194	31	64	0	17464
8110	129	103	17	17109	0	17358
8111	80	103	17896	98	0	18177
8112	50	18660	84	119	0	18913
8113	18368	105	103	45	0	18621
8114	130	117	18480	25	0	18752
8115	16805	28	97	26	0	16956
8116	17814	30	94	33	0	17971
8117	205	33	18821	47	0	19106
8118	129	18958	97	32	0	19216
8119	58	132	81	18959	0	19230
8120	59	94	19233	93	0	19479
8121	17739	34	116	101	0	17990
8122	18716	22	75	41	0	18854
8123	152	18955	26	61	0	19194
8124	90	90	18	18743	0	18941
8125	46	76	16	19127	0	19265
8126	58	26	19265	146	0	19495
8127	32	19549	81	82	0	19744
8128	20532	88	65	56	0	20741
8129	20671	67	18	29	0	20785
8130	20940	33	18	37	0	21028
8131	157	35	20933	30	0	21155
8132	20293	15	70	32	0	20410
8133	21151	11	74	24	0	21260
8134	148	23	22	21211	0	21404
8135	108	25	20917	84	0	21134
8136	50	19	68	20690	0	20827
8137	52	47	21279	80	0	21458
8138	46	57	69	20516	0	20688
8139	37	21250	69	70	0	21426
8140	22	22374	24	75	0	22495
8141	42	132	28	22412	0	22614
8142	26	64	24	22099	0	22213
8143	22027	20	17	125	0	22189
8144	90	41	22256	64	0	22451
8145	20931	11	71	40	0	21053
8146	74	22794	62	30	0	22960
8147	22677	71	15	24	0	22787
8148	22678	63	18	36	0	22795
8149	125	33	16	22598	0	22772
8150	91	43	23765	83	0	23982
8151	48	21	73	23598	0	23740
8152	36	25133	75	113	0	25357
8153	45	83	17	25211	0	25356
8154	35	76	21	25360	0	25492
8155	25250	15	15	160	0	25440
8156	106	28	17	24815	0	24966
8157	90	24815	24	112	0	25041
8158	36	90	13	25151	0	25290
8159	25223	68	18	107	0	25416
8160	96	25762	32	104	0	25994
8161	86	116	16	26209	0	26427
8162	30	81	11	26419	0	26541
8163	28	26	18	27419	0	27491
8164	37	35	11	27311	0	27394
8165	27552	28	9	233	0	27822
8166	136	14	14	28087	0	28251
8167	144	18	16	28424	0	28602
8168	33	50	20	28712	0	28815
8169	26	29395	40	299	0	29760
8170	29030	135	20	182	0	29367
8171	203	177	29470	33	0	29883
8172	180	29165	141	51	0	29537
8173	28284	129	170	34	0	28617
8174	164	168	29571	37	0	29940
8175	169	29769	157	48	0	30143
8176	44	242	190	28924	0	29400
8177	17	30099	36	153	0	30305
8178	44	133	29806	170	0	30153
8179	52	172	30036	50	0	30310
8180	11	30268	280	63	0	30622
8181	30095	125	187	51	0	30458
8182	29975	152	35	32	0	30194
8183	252	48	29532	39	0	29871
8184	175	40	28193	36	0	28444
8185	47	37	29157	32	0	29273
8186	25	20	267	28651	0	28963
8187	27	13	166	28899	0	29105
8188	19	21	25	29746	0	29811
8189	34	42	30740	301	0	31117
8190	33	20	134	29755	0	29942
8191	25	24	165	30574	0	30788
8192	40	35	30517	303	0	30895
8193	28235	20	166	230	0	28651
8194	156	25	200	31810	0	32191
8195	216	21	33	31382	0	31652
8196	42	32424	41	386	0	32893
8197	32316	145	53	250	0	32764
8198	182	241	32273	61	0	32757
8199	31755	41	167	52	0	32015
8200	184	20	231	32244	0	32679
8201	259	62	32870	189	0	33380
8202	58	27	185	32397	0	32667
8203	32713	31	248	223	0	33215
8204	200	48	32858	248	0	33354
8205	32210	23	196	81	0	32510
8206	32706	34	273	53	0	33066
8207	33119	22	49	67	0	33257
8208	404	32924	60	91	0	33479
8209	265	164	48	33712	0	34189
8210	34408	226	39	201	0	34874
8211	34016	44	43	269	0	34372
8212	34263	29	372	78	0	34742
8213	509	56	33799	66	0	34430
8214	34575	30	200	81	0	34886
8215	251	21	312	36498	0	37082
8216	346	37	36480	289	0	37152
8217	83	38	252	37457	0	37830
8218	71	17	339	37760	0	38187
8219	83	47	38372	678	0	39180
8220	77	15	321	38384	0	38797
8221	53	22	411	39662	0	40148
8222	78	78	43482	732	0	44370
8223	44489	32	402	521	0	45444
8224	47950	21	556	148	0	48675
8225	990	18	156	49591	0	50755
8226	735	50	49704	556	0	51045
8227	221	30	540	48529	0	49320
8228	149	48536	683	646	0	50014
8229	175	466	164	48669	0	49474
8230	125	604	102	48825	0	49656
8231	48593	135	106	1195	0	50029
8232	48289	63	103	888	0	49343
8233	49374	64	109	287	0	49834
8234	1246	85	76	48548	0	49955
8235	849	74	70	49081	0	50074
8236	340	64	48436	1255	0	50095
8237	262	129	545	46620	0	47556
8238	239	48052	702	731	0	49724
8239	47767	479	210	806	0	49262
8240	587	47667	153	399	0	48806
8241	47966	569	153	308	0	48996
8242	701	670	152	44803	0	46326
8243	741	46702	170	684	0	48297
8244	46657	559	121	838	0	48175
8245	46026	704	151	359	0	47240
8246	1233	210	129	45958	0	47530
8247	869	46343	163	747	0	48122
8248	336	570	129	46860	0	47895
8249	287	715	46095	818	0	47915
8250	44014	202	598	862	0	45676
8251	715	45094	725	420	0	46954
8252	44558	554	224	316	0	45652
8253	712	678	159	44294	0	45843
8254	45150	222	167	740	0	46279
8255	830	141	45302	859	0	47132
8256	46013	144	586	407	0	47150
8257	46181	131	725	301	0	47338
8258	1464	141	45968	451	0	48024
8259	1096	130	613	45240	0	47079
8260	505	115	771	45730	0	47121
8261	44631	128	288	1382	0	46429
8262	772	44636	248	1128	0	46784
8263	898	773	220	43438	0	45329
8264	449	742	43445	767	0	45403
8265	382	273	42675	939	0	44269
8266	362	42137	1104	533	0	44136
8267	503	596	42351	347	0	43797
8268	40087	825	797	372	0	42081
8269	753	306	726	39340	0	41125
8270	40999	179	312	712	0	42202
8271	791	243	40474	808	0	42316
8272	821	209	629	40143	0	41802
8273	424	216	703	40736	0	42079
8274	357	222	39963	1213	0	41755
8275	394	201	599	40002	0	41196
8276	39381	184	714	815	0	41094
8277	39596	156	310	856	0	40918
8278	1289	154	204	39303	0	40950
8279	39466	144	205	789	0	40604
8280	38927	127	187	879	0	40120
8281	1296	38271	233	499	0	40299
8282	1044	525	202	38474	0	40245
8283	38655	630	217	747	0	40249
8284	841	223	208	39089	0	40361
8285	38212	179	218	828	0	39437
8286	938	160	189	38427	0	39714
8287	979	205	38250	904	0	40338
8288	511	38067	648	973	0	40199
8289	522	684	731	32560	0	34497
8290	419	37291	362	712	0	38784
8291	36029	646	305	842	0	37822
8292	725	35837	331	453	0	37346
8293	810	35227	325	414	0	36776
8294	500	1096	263	34199	0	36058
8295	34188	775	281	737	0	35981
8296	746	329	225	34184	0	35484
8297	34104	262	185	885	0	35436
8298	33375	240	234	887	0	34736
8299	1148	33617	269	521	0	35555
8300	34327	610	244	411	0	35592
8301	33801	643	250	384	0	35078
8302	33984	290	270	344	0	34888
8303	1420	208	32490	378	0	34496
8304	1105	200	572	31897	0	33774
8305	626	168	661	32492	0	33947
8306	541	196	32205	1183	0	34125
8307	31902	166	560	909	0	33537
8308	32586	145	675	493	0	33899
8309	32275	158	309	443	0	33185
8310	31162	114	217	454	0	31947
8311	1344	30157	235	433	0	32169
8312	29943	472	198	335	0	30948
8313	983	591	157	29256	0	30987
8314	983	223	27845	612	0	29663
8315	26282	127	433	651	0	27493
8316	749	26733	491	351	0	28324
8317	24760	416	234	219	0	25629
8318	682	24650	135	257	0	25724
8319	653	23284	133	274	0	24344
8320	377	23098	200	259	0	23934
8321	413	22280	280	310	0	23283
8322	442	695	17628	306	0	19071
8323	393	1173	464	14261	0	16291
8324	158	106	13274	278	0	13816
8325	10575	83	188	192	0	11038
8326	156	10938	157	116	0	11367
8327	170	10943	70	89	0	11272
8328	102	255	51	10544	0	10952
8329	115	176	29	10682	0	11002
8330	81	109	10591	234	0	11015
8331	97	91	10533	181	0	10902
8332	90	79	200	10330	0	10699
8333	113	49	10529	149	0	10840
8334	107	10368	133	198	0	10806
8335	133	115	129	10194	0	10571
8336	130	153	61	10767	0	11111
8337	138	76	10695	227	0	11136
8338	146	37	113	10505	0	10801
8339	10642	36	139	167	0	10984
8340	177	27	84	10545	0	10833
8341	174	28	75	10355	0	10632
8342	102	28	10262	312	0	10704
8343	9626	41	132	227	0	10026
8344	194	10342	164	93	0	10793
8345	241	115	38	10220	0	10614
8346	175	145	10212	126	0	10658
8347	156	72	97	10179	0	10504
8348	10143	62	128	161	0	10494
8349	184	76	10241	161	0	10662
8350	211	89	118	10114	0	10532
8351	93	52	10475	175	0	10795
8352	104	10363	149	195	0	10811
8353	151	133	10278	92	0	10654
8354	89	10057	139	78	0	10363
8355	88	118	8758	48	0	9012
8356	43	183	119	7513	0	7858
8357	30	8065	102	66	0	8263
8358	7769	61	24	83	0	7937
8359	81	94	15	7796	0	7986
8360	8000	29	10	70	0	8109
8361	80	25	19	8145	0	8269
8362	100	24	11	8262	0	8397
8363	8195	16	18	136	0	8365
8364	8336	11	10	97	0	8454
8365	157	15	15	8630	0	8817
8366	127	22	8823	71	0	9043
8367	54	8690	69	95	0	8908
8368	48	89	8826	31	0	8994
8369	41	8822	82	19	0	8964
8370	8489	74	117	31	0	8711
8371	87	83	8394	26	0	8590
8372	99	23	8276	12	0	8410
8373	33	21	133	7928	0	8115
8374	8157	11	97	73	0	8338
8375	77	20	8446	91	0	8634
8376	98	8675	75	28	0	8876
8377	8846	63	80	15	0	9004
8378	8887	85	21	14	0	9007
8379	8972	22	20	16	0	9030
8380	8984	22	13	19	0	9038
8381	8919	17	22	16	0	8974
8382	150	23	8804	28	0	9005
8383	91	69	69	8127	0	8356
8384	35	8631	76	49	0	8791
8385	8582	63	28	64	0	8737
8386	56	8694	20	30	0	8800
8387	8096	50	19	8	0	8173
8388	7943	56	9	12	0	8020
8389	96	7989	14	21	0	8120
8390	8142	48	13	15	0	8218
8391	60	62	12	8090	0	8224
8392	57	16	9	8185	0	8267
8393	20	15	8123	98	0	8256
8394	16	8243	50	71	0	8380
8395	16	45	60	8224	0	8345
8396	16	61	14	8282	0	8373
8397	16	13	10	8357	0	8396
8398	14	6	8203	102	0	8325
8399	7520	7	53	69	0	7649
8400	56	12	55	8260	0	8383
8401	8381	10	16	62	0	8469
8402	64	6	12	8367	0	8449
8403	65	11	8497	65	0	8638
8404	34	6	8583	65	0	8688
8405	8055	14	102	24	0	8195
8406	8566	15	64	12	0	8657
8407	103	8508	27	28	0	8666
8408	74	59	8463	9	0	8605
8409	25	61	56	8313	0	8455
8410	20	22	60	7932	0	8034
8411	8795	13	18	100	0	8926
8412	8771	7	12	66	0	8856
8413	8802	9	19	20	0	8850
8414	117	24	8698	20	0	8859
8415	8868	13	61	19	0	8961
8416	72	17	52	8954	0	9095
8417	75	3	14	9003	0	9095
8418	26	4	10	9042	0	9082
8419	13	8960	21	110	0	9104
8420	8826	52	15	57	0	8950
8421	67	56	6	8759	0	8888
8422	71	12	8780	66	0	8929
8423	17	7	59	8622	0	8705
8424	15	8789	61	69	0	8934
8425	8841	52	18	57	0	8968
8426	67	57	8	8775	0	8907
8427	64	11	8	8699	0	8782
8428	24	15	8803	110	0	8952
8429	20	10	61	8618	0	8709
8430	21	8792	67	78	0	8958
8431	18	61	16	8918	0	9013
8432	29	59	8931	80	0	9099
8433	8044	16	66	68	0	8194
8434	8646	10	59	23	0	8738
8435	100	8831	24	27	0	8982
8436	8571	44	6	17	0	8638
8437	8793	40	13	15	0	8861
8438	94	8809	13	29	0	8945
8439	69	63	14	8789	0	8935
8440	9007	47	11	61	0	9126
8441	64	9254	14	67	0	9399
8442	73	53	9291	16	0	9433
8443	9090	60	76	13	0	9239
8444	9568	11	54	23	0	9656
8445	9687	11	10	15	0	9723
8446	9668	14	12	14	0	9708
8447	117	9906	12	22	0	10057
8448	9984	62	7	14	0	10067
8449	10253	47	10	13	0	10323
8450	10407	16	3	19	0	10445
8451	127	12	8	10397	0	10544
8452	10364	7	4	69	0	10444
8453	71	10906	12	71	0	11060
8454	84	74	11493	16	0	11667
8455	23	81	78	11920	0	12102
8456	12067	11	77	96	0	12251
8457	99	17	12255	91	0	12462
8458	99	20	91	12210	0	12420
8459	29	17	12331	95	0	12472
8460	23	12164	99	140	0	12426
8461	29	89	99	11893	0	12110
8462	41	110	12063	90	0	12304
8463	15	12103	92	101	0	12311
8464	41	88	96	11806	0	12031
8465	12022	87	26	106	0	12241
8466	12047	8	13	98	0	12166
8467	12168	10	6	22	0	12206
8468	12143	8	11	24	0	12186
8469	12090	6	12	18	0	12126
8470	178	17	12116	17	0	12328
8471	12078	6	85	15	0	12184
8472	12367	6	93	18	0	12484
8473	181	9	14	12317	0	12521
8474	12438	14	9	88	0	12549
8475	11899	9	11	102	0	12021
8476	175	11973	18	23	0	12189
8477	110	86	8	12123	0	12327
8478	32	85	12	12239	0	12368
8479	12140	10	5	170	0	12325
8480	103	12228	16	115	0	12462
8481	105	12477	16	33	0	12631
8482	38	160	9	12600	0	12807
8483	31	102	8	12687	0	12828
8484	26	14	10	12690	0	12740
8485	21	11	10	12824	0	12866
8486	12487	9	9	182	0	12687
8487	12246	17	7	118	0	12388
8488	196	23	12606	25	0	12850
8489	129	8	81	12301	0	12519
8490	45	15	92	12583	0	12735
8491	43	19	12555	179	0	12796
8492	11770	11	91	132	0	12004
8493	105	12494	107	40	0	12746
8494	12488	88	15	23	0	12614
8495	110	100	16	12376	0	12602
8496	122	25	12586	103	0	12836
8497	32	17	90	12744	0	12883
8498	39	29	13265	108	0	13441
8499	29	13350	100	125	0	13604
8500	13023	97	128	52	0	13300
8501	12971	97	17	23	0	13108
8502	176	13146	24	36	0	13382
8503	123	83	14	12850	0	13070
8504	12657	102	15	99	0	12873
8505	97	12676	29	114	0	12916
8506	123	81	14	12741	0	12959
8507	12778	99	13	107	0	12997
8508	115	25	12766	107	0	13013
8509	12344	11	86	48	0	12489
8510	117	12836	108	38	0	13099
8511	12821	82	30	25	0	12958
8512	12659	100	18	32	0	12809
8513	204	28	12639	27	0	12898
8514	135	29	86	12113	0	12363
8515	49	17	105	12560	0	12731
8516	39	32	12633	182	0	12886
8517	41	20	80	12361	0	12502
8518	43	12	104	12347	0	12506
8519	12670	17	25	188	0	12900
8520	12740	14	18	122	0	12894
8521	200	19	16	12617	0	12852
8522	134	24	12789	106	0	13053
8523	59	15	85	12794	0	12953
8524	49	20	98	12891	0	13058
8525	41	17	13055	192	0	13305
8526	55	11	85	13160	0	13311
8527	13101	15	116	115	0	13347
8528	13035	9	20	127	0	13191
8529	195	13106	19	47	0	13367
8530	13304	86	25	40	0	13455
8531	13225	90	15	39	0	13369
8532	196	13463	25	38	0	13722
8533	13699	90	17	41	0	13847
8534	13601	102	14	39	0	13756
8535	13904	16	15	42	0	13977
8536	211	28	13636	30	0	13905
8537	13332	17	75	45	0	13469
8538	107	22	108	13827	0	14064
8539	13841	15	18	101	0	13975
8540	109	20	13751	133	0	14013
8541	132	13547	83	45	0	13807
8542	13443	74	125	35	0	13677
8543	88	14095	29	38	0	14250
8544	133	77	21	13798	0	14029
8545	31	112	23	14107	0	14273
8546	14165	15	9	194	0	14383
8547	13973	15	18	134	0	14140
8548	203	18	13996	29	0	14246
8549	133	18	13221	34	0	13406
8550	42	16	13478	12	0	13548
8551	34	135	179	12910	0	13258
8552	24	16	13371	86	0	13497
8553	37	30	12665	94	0	12826
8554	125	342	133	11555	0	12155
8555	12402	44	105	98	0	12649
8556	12486	1	12	51	0	12550
8557	12622	5	5	18	0	12650
8558	12619	3	9	18	0	12649
8559	99	6	9	12657	0	12771
8560	66	5	2	12840	0	12913
8561	20	13	13365	96	0	13494
8562	7	2	51	13066	0	13126
8563	9	10	65	13234	0	13318
8564	13685	1	14	108	0	13808
8565	13607	7	7	77	0	13698
8566	117	5	5	13578	0	13705
8567	13796	1	10	51	0	13858
8568	13835	3	14	84	0	13936
8569	123	8	8	13987	0	14126
8570	92	6	10	13889	0	13997
8571	35	7	13891	143	0	14076
8572	23	8	13756	99	0	13886
8573	14	8	139	13896	0	14057
8574	24	3	97	14157	0	14281
8575	21	7	14291	131	0	14450
8576	13521	4	75	103	0	13703
8577	13725	4	95	24	0	13848
8578	147	10	13975	23	0	14155
8579	92	14041	60	44	0	14237
8580	14218	49	90	27	0	14384
8581	76	86	15408	27	0	15597
8582	94	16	57	15146	0	15313
8583	31	19	80	15650	0	15780
8584	16305	6	19	144	0	16474
8585	17119	4	13	121	0	17257
8586	144	4	16	17355	0	17519
8587	107	4	14	18263	0	18388
8588	18429	3	15	169	0	18616
8589	18371	1	15	129	0	18516
8590	18294	4	18	36	0	18352
8591	198	14	18765	21	0	18998
8592	138	4	74	18663	0	18879
8593	39	4	116	19148	0	19307
8594	19073	1	20	194	0	19288
8595	86	19324	20	152	0	19582
8596	20287	65	20	35	0	20407
8597	109	20833	21	51	0	21014
8598	170	93	15	21185	0	21463
8599	41	161	20	21456	0	21678
8600	55	35	21495	289	0	21874
8601	42	4	116	21391	0	21553
8602	38	15	21719	144	0	21916
8603	43	4	126	21625	0	21798
8604	37	11	197	21458	0	21703
8605	33	21201	35	336	0	21605
8606	35	21846	28	241	0	22150
8607	37	290	31	21561	0	21919
8608	36	200	30	21994	0	22260
8609	40	22	25	22333	0	22420
8610	37	18	15	22617	0	22687
8611	33	10	23	22855	0	22921
8612	47	19	22550	379	0	22995
8613	44	10	136	22401	0	22591
8614	36	15	218	22739	0	23008
8615	45	27	22251	354	0	22677
8616	30	22249	146	322	0	22747
8617	34	120	236	22340	0	22730
8618	52	219	22412	185	0	22868
8619	29	22837	150	276	0	23292
8620	40	126	220	22926	0	23312
8621	23346	216	44	183	0	23789
8622	172	30	20	23347	0	23569
8623	231	25	29	23402	0	23687
8624	54	27	30	23771	0	23882
8625	39	31	24	23322	0	23416
8626	27	22947	47	423	0	23444
8627	32	132	35	23445	0	23644
8628	24227	210	33	247	0	24717
8629	158	35	26	24630	0	24849
8630	244	19	28	24418	0	24709
8631	56	30	31	24815	0	24932
8632	24078	32	29	427	0	24566
8633	24041	28	36	315	0	24420
8634	358	20	35	24396	0	24809
8635	24062	23	36	248	0	24369
8636	23730	25	37	297	0	24089
8637	335	24358	58	141	0	24892
8638	24274	138	44	107	0	24563
8639	157	24573	48	137	0	24915
8640	230	24428	35	135	0	24828
8641	67	314	64	24756	0	25201
8642	69	232	25405	211	0	25917
8643	49	84	149	24587	0	24869
8644	55	39	212	24845	0	25151
8645	42	24962	52	378	0	25434
8646	24734	140	34	288	0	25196
8647	149	204	29	24841	0	25223
8648	219	62	27094	226	0	27601
8649	54	60	121	26718	0	26953
8650	41	27696	207	237	0	28181
8651	27789	137	36	300	0	28262
8652	140	211	25	27927	0	28303
8653	222	76	28574	245	0	29117
8654	75	58	138	28303	0	28574
8655	53	28034	216	250	0	28553
8656	57	154	39	28399	0	28649
8657	29452	222	31	260	0	29965
8658	29871	57	52	337	0	30317
8659	30292	48	45	162	0	30547
8660	385	30822	60	200	0	31467
8661	31041	183	53	143	0	31420
8662	211	252	38	31160	0	31661
8663	31120	63	50	280	0	31513
8664	198	31512	55	384	0	32149
8665	280	216	30	32003	0	32529
8666	81	295	32630	276	0	33282
8667	29486	91	187	378	0	30142
8668	193	32974	256	204	0	33627
8669	271	204	45	33033	0	33553
8670	79	260	25	33635	0	33999
8671	52	59	28	33698	0	33837
8672	70	45	40	32829	0	32984
8673	57	33340	56	520	0	33973
8674	33330	202	44	348	0	33924
8675	33064	262	42	157	0	33525
8676	474	87	34232	124	0	34917
8677	304	57	191	34144	0	34696
8678	111	66	35001	269	0	35447
8679	33566	56	209	342	0	34173
8680	34636	64	260	133	0	35093
8681	33603	47	44	111	0	33805
8682	479	51	32	32638	0	33200
8683	309	33227	49	281	0	33866
8684	33687	199	28	338	0	34252
8685	267	310	29	33260	0	33866
8686	33462	61	75	308	0	33906
8687	289	68	32664	330	0	33351
8688	313	79	32251	109	0	32752
8689	32608	48	419	109	0	33184
8690	281	42	264	33187	0	33774
8691	33205	44	56	281	0	33586
8692	267	33382	58	342	0	34049
8693	33709	211	66	128	0	34114
8694	33635	270	47	98	0	34050
8695	518	73	34031	95	0	34717
8696	293	60	32228	67	0	32648
8697	88	32645	396	99	0	33228
8698	175	202	334	32283	0	32994
8699	32867	199	173	203	0	33442
8700	207	38	20	32868	0	33133
8701	231	33	18	33760	0	34042
8702	113	44	33385	358	0	33900
8703	31627	37	179	245	0	32088
8704	210	59	196	34299	0	34764
8705	263	48	34233	218	0	34762
8706	119	56	33843	228	0	34246
8707	91	113	353	33946	0	34503
8708	119	41	34739	229	0	35128
8709	107	59	34455	233	0	34854
8710	86	57	357	30919	0	31419
8711	97	59	35645	208	0	36009
8712	92	66	199	33929	0	34286
8713	57	35017	238	239	0	35551
8714	35973	175	62	226	0	36436
8715	198	37167	79	134	0	37578
8716	226	224	51	36023	0	36524
8717	95	37758	63	305	0	38221
8718	103	255	38496	249	0	39103
8719	84	223	240	42248	0	42795
8720	112	86	49410	401	0	50009
8721	46626	42	501	430	0	47599
8722	495	51767	519	127	0	52908
8723	52344	508	104	66	0	53022
8724	601	524	81	51003	0	52209
8725	52014	90	102	524	0	52730
8726	647	84	52044	545	0	53320
8727	599	52265	573	151	0	53588
8728	51464	505	555	119	0	52643
8729	605	583	119	47958	0	49265
8730	607	51686	101	480	0	52874
8731	168	534	65	52155	0	52922
8732	51667	571	73	602	0	52913
8733	539	55239	109	721	0	56608
8734	55631	594	76	184	0	56485
8735	727	728	54625	115	0	56195
8736	53353	124	667	120	0	54264
8737	737	99	662	54487	0	55985
8738	54151	70	159	650	0	55030
8739	696	54350	140	707	0	55893
8740	702	624	124	53994	0	55444
8741	213	647	94	54981	0	55935
8742	192	168	53212	1219	0	54791
8743	175	108	634	52244	0	53161
8744	155	115	660	53483	0	54413
8745	160	103	149	53785	0	54197
8746	149	88	112	54206	0	54555
8747	161	118	53310	1344	0	54933
8748	158	50740	676	852	0	52426
8749	162	602	681	50934	0	52379
8750	50471	654	162	733	0	52020
8751	50123	133	126	748	0	51130
8752	1235	50801	175	309	0	52520
8753	50491	650	124	202	0	51467
8754	50069	666	151	206	0	51092
8755	49685	133	120	221	0	50159
8756	1292	49048	150	247	0	50737
8757	48018	613	118	158	0	48907
8758	737	713	122	46427	0	47999
8759	702	157	46282	684	0	47825
8760	203	45783	614	731	0	47331
8761	208	695	650	45286	0	46839
8762	195	619	44932	658	0	46404
8763	43019	153	618	685	0	44475
8764	639	90	604	44500	0	45833
8765	655	121	140	44603	0	45519
8766	187	104	129	44361	0	44781
8767	164	122	98	44595	0	44979
8768	199	133	42769	1211	0	44312
8769	37929	102	621	806	0	39458
8770	640	42269	611	279	0	43799
8771	42117	585	137	202	0	43041
8772	656	42623	127	247	0	43653
8773	42682	653	116	161	0	43612
8774	740	600	96	41966	0	43402
8775	698	168	41976	676	0	43518
8776	242	143	41489	652	0	42526
8777	196	158	1117	40344	0	41815
8778	193	111	635	40923	0	41862
8779	159	113	151	41651	0	42074
8780	40263	99	127	1238	0	41727
8781	698	110	40613	748	0	42169
8782	646	39932	629	330	0	41537
8783	207	40828	601	287	0	41923
8784	39024	1048	133	226	0	40431
8785	682	619	39216	214	0	40731
8786	635	38772	619	288	0	40314
8787	283	602	38634	181	0	39700
8788	188	637	611	37839	0	39275
8789	214	197	38436	649	0	39496
8790	216	159	38110	641	0	39126
8791	229	147	1034	37328	0	38738
8792	181	154	37779	654	0	38768
8793	251	136	37473	653	0	38513
8794	195	140	1055	35511	0	36901
8795	35832	119	618	667	0	37236
8796	610	154	35860	683	0	37307
8797	637	121	610	34713	0	36081
8798	195	135	583	35762	0	36675
8799	34943	113	225	1082	0	36363
8800	643	124	147	35289	0	36203
8801	34646	98	146	747	0	35637
8802	626	34095	183	722	0	35626
8803	614	548	146	34255	0	35563
8804	34090	526	161	688	0	35465
8805	34270	123	147	694	0	35234
8806	1065	121	139	33812	0	35137
8807	674	135	33747	680	0	35236
8808	31962	100	591	683	0	33336
8809	584	33296	626	276	0	34782
8810	33095	527	186	252	0	34060
8811	32628	501	161	260	0	33550
8812	32962	147	145	219	0	33473
8813	1085	130	32018	258	0	33491
8814	654	31209	595	232	0	32690
8815	269	823	551	29839	0	31482
8816	237	791	215	30341	0	31584
8817	236	168	29711	984	0	31099
8818	189	27430	504	618	0	28741
8819	152	22227	388	173	0	22940
8820	89	17061	114	96	0	17360
8821	14763	407	799	73	0	16042
8822	259	178	107	13941	0	14485
8823	171	49	47	13976	0	14243
8824	77	39	13990	269	0	14375
8825	13229	40	150	161	0	13580
8826	157	39	143	13723	0	14062
8827	170	124	53	13778	0	14125
8828	116	32	13690	279	0	14117
8829	42	13541	157	182	0	13922
8830	60	279	141	13210	0	13690
8831	55	118	13297	163	0	13633
8832	38	11901	115	126	0	12180
8833	9678	54	83	25	0	9840
8834	70	43	9963	25	0	10101
8835	50	16	52	9190	0	9308
8836	17	9777	41	42	0	9877
8837	9703	46	23	45	0	9817
8838	50	34	8	9709	0	9801
8839	9796	9	16	45	0	9866
8840	9713	12	10	38	0	9773
8841	71	9842	14	42	0	9969
8842	9901	42	11	15	0	9969
8843	10140	34	9	28	0	10211
8844	76	11	10291	13	0	10391
8845	10047	12	49	15	0	10123
8846	52	15	10297	17	0	10381
8847	9997	15	43	10	0	10065
8848	10144	8	39	13	0	10204
8849	62	12	10412	16	0	10502
8850	34	21	36	10204	0	10295
8851	17	11	10588	36	0	10652
8852	21	18	10098	35	0	10172
8853	21	28	10919	14	0	10982
8854	19	33	46	10559	0	10657
8855	15	7	34	11677	0	11733
8856	12	6	5	11788	0	11811
8857	10	13	10	12185	0	12218
8858	25	11	12603	87	0	12726
8859	16	14	47	12338	0	12415
8860	7	12523	64	57	0	12651
8861	15	38	13390	79	0	13522
8862	8	79	50	13088	0	13225
8863	25	21	13829	44	0	13919
8864	17	13786	51	95	0	13949
8865	9	13962	99	26	0	14096
8866	18	124	8	13910	0	14060
8867	21	93	13946	43	0	14103
8868	19	23	14107	98	0	14247
8869	10	20	148	14013	0	14191
8870	11	9	98	14230	0	14348
8871	10	9	12	14499	0	14530
8872	12	16	14342	150	0	14520
8873	13	14446	56	123	0	14638
8874	12	14907	111	16	0	15046
8875	8	149	14	14787	0	14958
8876	29	107	14768	56	0	14960
8877	19	15	14947	117	0	15098
8878	8	15417	160	29	0	15614
8879	15291	52	116	16	0	15475
8880	47	15856	21	41	0	15965
8881	117	69	16395	30	0	16611
8882	16130	113	78	16	0	16337
8883	75	15	147	16845	0	17082
8884	17334	17	17	93	0	17461
8885	86	13	18	17450	0	17567
8886	144	14	20	17619	0	17797
8887	17658	8	20	229	0	17915
8888	87	18332	33	207	0	18659
8889	177	106	18344	37	0	18664
8890	18	18804	100	39	0	18961
8891	18427	100	171	25	0	18723
8892	90	18743	43	33	0	18909
8893	18704	106	29	25	0	18864
8894	18448	171	23	25	0	18667
8895	245	18783	32	40	0	19100
8896	164	107	23	18531	0	18825
8897	18467	160	30	117	0	18774
8898	18506	27	29	175	0	18737
8899	250	26	24	18406	0	18706
8900	180	19	18215	118	0	18532
8901	45	31	18267	163	0	18506
8902	23	34	251	18272	0	18580
8903	28	16	18316	122	0	18482
8904	17002	40	122	181	0	17345
8905	104	17864	177	66	0	18211
8906	171	106	36	17774	0	18087
8907	31	162	23	17815	0	18031
8908	36	31	20	17912	0	17999
8909	31	30	19	17783	0	17863
8910	32	22	29	17890	0	17973
8911	34	30	17689	268	0	18021
8912	30	17684	110	200	0	18024
8913	17728	114	161	57	0	18060
8914	128	174	36	17601	0	17939
8915	189	33	25	17699	0	17946
8916	43	37	22	17714	0	17816
8917	34	17833	44	290	0	18201
8918	29	111	29	18189	0	18358
8919	36	176	33	18225	0	18470
8920	17681	35	28	301	0	18045
8921	109	17534	48	223	0	17914
8922	192	17605	38	63	0	17898
8923	40	286	24	17658	0	18008
8924	17386	178	29	155	0	17748
8925	128	40	17640	214	0	18022
8926	16630	26	125	79	0	16860
8927	135	33	18035	65	0	18268
8928	192	30	130	17666	0	18018
8929	38	26	199	17950	0	18213
8930	40	36	36	17950	0	18062
8931	33	33	27	17851	0	17944
8932	22	30	33	17841	0	17926
8933	17483	31	36	311	0	17861
8934	130	38	17328	237	0	17733
8935	195	35	123	17399	0	17752
8936	51	42	18053	155	0	18301
8937	35	17956	129	243	0	18363
8938	17747	132	205	63	0	18147
8939	142	207	18583	75	0	19007
8940	198	36	118	18583	0	18935
8941	48	31	199	19068	0	19346
8942	51	29	19100	342	0	19522
8943	47	46	19122	243	0	19458
8944	47	37	326	18178	0	18588
8945	19049	31	214	183	0	19477
8946	19047	31	45	248	0	19371
8947	324	19160	42	96	0	19622
8948	19564	140	23	83	0	19810
8949	170	204	28	18755	0	19157
8950	216	19546	39	198	0	19999
8951	56	139	32	19846	0	20073
8952	68	206	19986	190	0	20450
8953	56	53	133	19254	0	19496
8954	67	53	213	19457	0	19790
8955	18516	29	42	320	0	18907
8956	135	18641	40	275	0	19091
8957	18201	121	36	82	0	18440
8958	139	18240	55	94	0	18528
8959	17226	117	48	50	0	17441
8960	129	17389	48	76	0	17642
8961	161	17055	30	78	0	17324
8962	17101	234	40	56	0	17431
8963	161	187	47	16139	0	16534
8964	160	16736	38	159	0	17093
8965	16952	105	53	188	0	17298
8966	16933	137	45	62	0	17177
8967	17315	30	36	69	0	17450
8968	16992	16	38	71	0	17117
8969	239	17111	49	71	0	17470
8970	163	114	20	17135	0	17432
8971	53	140	29	17421	0	17643
8972	17491	44	25	263	0	17823
8973	136	30	24	17348	0	17538
8974	17100	29	22	163	0	17314
8975	139	40	16776	181	0	17136
8976	16339	27	114	95	0	16575
8977	135	48	17042	57	0	17282
8978	154	118	117	16500	0	16889
8979	16529	30	139	141	0	16839
8980	118	16530	28	190	0	16866
8981	15705	85	31	59	0	15880
8982	108	16123	19	56	0	16306
8983	119	129	23	16410	0	16681
8984	52	98	16196	94	0	16440
8985	14419	70	120	139	0	14748
8986	73	16011	104	49	0	16237
8987	126	131	28	15601	0	15886
8988	35	73	14	15458	0	15580
8989	20	22	21	15447	0	15510
8990	40	26	15577	129	0	15772
8991	26	15568	73	115	0	15782
8992	15391	60	74	31	0	15556
8993	15278	68	14	35	0	15395
8994	111	15463	22	39	0	15635
8995	16009	54	18	50	0	16131
8996	65	69	36	15955	0	16125
8997	91	16110	22	76	0	16299
8998	16085	51	20	89	0	16245
8999	74	82	15846	55	0	16057
9000	84	16195	55	38	0	16372
9001	39	64	81	16285	0	16469
9002	37	75	17	16459	0	16588
9003	44	32	16332	122	0	16530
9004	40	25	49	15932	0	16046
9005	41	33	16500	61	0	16635
9006	34	24	47	16202	0	16307
9007	42	20	68	16501	0	16631
9008	33	24	13	16568	0	16638
9009	42	30	13	16766	0	16851
9010	49	38	16696	124	0	16907
9011	46	49	17351	95	0	17541
9012	35	18946	156	67	0	19204
9013	36	102	108	19752	0	19998
9014	56	152	20756	114	0	21078
9015	30	20704	111	213	0	21058
9016	57	150	165	21224	0	21596
9017	45	181	22176	130	0	22532
9018	20340	35	146	180	0	20701
9019	22935	20	185	31	0	23171
9020	331	20	22	22991	0	23364
9021	242	29	23148	172	0	23591
9022	43	39	149	23020	0	23251
9023	22999	23	202	185	0	23409
9024	158	23979	32	241	0	24410
9025	24557	166	16	68	0	24807
9026	24682	208	27	40	0	24957
9027	365	34	16	24213	0	24628
9028	232	19	22	24435	0	24708
9029	45	27	20	24728	0	24820
9030	29	21	19	24629	0	24698
9031	28	18	20	24714	0	24780
9032	24436	16	13	383	0	24848
9033	24441	22	19	232	0	24714
9034	24530	26	27	58	0	24641
9035	387	38	23994	50	0	24469
9036	23376	35	166	77	0	23654
9037	199	41	231	23734	0	24205
9038	238	55	23807	217	0	24317
9039	52	23370	187	268	0	23877
9040	55	209	238	22966	0	23468
9041	63	209	53	22827	0	23152
9042	56	23317	45	355	0	23773
9043	66	148	35	23944	0	24193
9044	55	208	23857	219	0	24339
9045	64	37	24084	263	0	24448
9046	47	28	390	24136	0	24601
9047	23965	24	260	221	0	24470
9048	23693	42	44	266	0	24045
9049	430	45	24119	89	0	24683
9050	291	23052	189	104	0	23636
9051	73	23618	243	126	0	24060
9052	22431	373	53	110	0	22967
9053	208	256	23059	104	0	23627
9054	251	47	188	22633	0	23119
9055	22790	20	232	266	0	23308
9056	229	22716	57	295	0	23297
9057	288	23104	54	98	0	23544
9058	22787	363	50	65	0	23265
9059	238	240	45	22980	0	23503
9060	24171	43	36	228	0	24478
9061	256	28	49	26322	0	26655
9062	290	36	58	26730	0	27114
9063	94	51	27135	545	0	27825
9064	70	55	236	27671	0	28032
9065	61	54	308	27881	0	28304
9066	27875	53	65	616	0	28609
9067	287	31	66	28385	0	28769
9068	339	39	28258	390	0	29026
9069	27697	31	309	417	0	28454
9070	300	35	357	28428	0	29120
9071	28422	31	92	354	0	28899
9072	370	27503	84	421	0	28378
9073	399	28333	84	150	0	28966
9074	28207	575	60	99	0	28941
9075	28127	392	72	82	0	28673
9076	635	99	68	27866	0	28668
9077	433	81	27845	331	0	28690
9078	160	62	284	28140	0	28646
9079	27536	67	355	385	0	28343
9080	330	27698	104	435	0	28567
9081	397	312	81	27456	0	28246
9082	27460	374	67	365	0	28266
9083	372	108	26859	484	0	27823
9084	26732	63	297	190	0	27282
9085	26200	53	369	184	0	26806
9086	656	58	26754	190	0	27658
9087	457	77	27017	165	0	27716
9088	210	44	620	25773	0	26647
9089	189	58	413	25629	0	26289
9090	143	27057	136	671	0	28007
9091	156	293	95	27385	0	27929
9092	144	402	27665	444	0	28655
9093	176	93	322	27876	0	28467
9094	162	74	398	28876	0	29510
9095	178	66	28130	744	0	29118
9096	151	27936	369	628	0	29084
9097	157	337	403	28027	0	28924
9098	182	398	116	28470	0	29166
9099	28349	107	123	728	0	29307
9100	390	86	101	28498	0	29075
9101	496	95	28056	478	0	29125
9102	27558	88	345	537	0	28528
9103	28121	87	422	212	0	28842
9104	28380	96	148	180	0	28804
9105	792	102	27547	189	0	28630
9106	576	68	365	27062	0	28071
9107	206	49	478	27587	0	28320
9108	189	70	186	28031	0	28476
9109	26967	83	138	805	0	27993
9110	407	26924	156	636	0	28123
9111	480	289	25496	223	0	26488
9112	164	24928	292	211	0	25595
9113	128	23814	346	184	0	24472
9114	139	23504	143	175	0	23961
9115	319	651	300	22511	0	23781
9116	144	344	22315	351	0	23154
9117	19558	170	292	387	0	20407
9118	255	21483	314	218	0	22270
9119	20486	198	109	178	0	20971
9120	251	21324	102	175	0	21852
9121	21416	233	101	153	0	21903
9122	285	21842	90	169	0	22386
9123	349	260	22127	126	0	22862
9124	178	267	231	21507	0	22183
9125	128	98	278	22118	0	22622
9126	22025	90	113	500	0	22728
9127	274	99	97	23460	0	23930
9128	346	88	23382	372	0	24188
9129	165	75	258	23636	0	24134
9130	156	93	23696	364	0	24309
9131	125	23361	305	457	0	24248
9132	129	290	348	21512	0	22279
9133	108	23763	139	322	0	24332
9134	23530	304	111	347	0	24292
9135	301	321	106	23513	0	24241
9136	383	106	23543	333	0	24365
9137	143	112	23339	383	0	23977
9138	22726	97	495	181	0	23499
9139	334	104	324	22946	0	23708
9140	348	117	22986	321	0	23772
9141	159	118	22494	338	0	23109
9142	105	22587	504	187	0	23383
9143	148	353	382	20139	0	21022
9144	106	22215	166	294	0	22781
9145	107	283	104	21903	0	22397
9146	21959	274	103	333	0	22669
9147	259	95	118	22153	0	22625
9148	297	80	112	22320	0	22809
9149	22282	83	127	505	0	22997
9150	248	104	104	23421	0	23877
9151	319	106	95	22652	0	23172
9152	130	23935	85	557	0	24707
9153	23975	265	98	374	0	24712
9154	24196	312	91	183	0	24782
9155	482	108	115	24178	0	24883
9156	351	81	110	24227	0	24769
9157	147	108	96	23951	0	24302
9158	118	23312	107	607	0	24144
9159	117	23842	131	423	0	24513
9160	146	500	117	22677	0	23440
9161	20009	210	60	225	0	20504
9162	19357	52	63	238	0	19710
9163	319	19058	56	110	0	19543
9164	17908	159	39	80	0	18186
9165	155	18169	42	89	0	18455
9166	176	17952	48	77	0	18253
9167	247	327	110	17358	0	18042
9168	16983	167	64	178	0	17392
9169	130	16815	42	206	0	17193
9170	154	17010	53	85	0	17302
9171	71	246	43	16883	0	17243
9172	48	173	26	17097	0	17344
9173	50	43	16990	289	0	17372
9174	16308	40	141	175	0	16664
9175	16670	49	146	80	0	16945
9176	248	59	17129	82	0	17518
9177	168	71	17155	76	0	17470
9178	48	43	253	17255	0	17599
9179	54	59	150	17390	0	17653
9180	41	17583	42	311	0	17977
9181	52	148	36	17900	0	18136
9182	63	177	17802	195	0	18237
9183	57	54	141	17569	0	17821
9184	68	49	161	17631	0	17909
9185	17399	45	45	326	0	17815
9186	179	50	17262	212	0	17703
9187	16780	42	148	99	0	17069
9188	173	50	17124	100	0	17447
9189	163	75	153	16492	0	16883
9190	50	41	16569	195	0	16855
9191	59	50	16408	208	0	16725
9192	50	156	263	15771	0	16240
9193	15443	95	268	223	0	16029
9194	14737	29	55	187	0	15008
9195	234	15082	70	75	0	15461
9196	15006	138	67	70	0	15281
9197	14611	139	49	76	0	14875
9198	241	14837	65	88	0	15231
9199	159	141	66	14934	0	15300
9200	46	149	66	15093	0	15354
9201	41	46	51	15207	0	15345
9202	54	48	43	15243	0	15388
9203	52	52	15032	286	0	15422
9204	14087	38	141	206	0	14472
9205	162	39	152	15018	0	15371
9206	164	32	56	14757	0	15009
9207	73	15156	50	274	0	15553
9208	55	139	25	15444	0	15663
9209	49	141	15532	203	0	15925
9210	14259	57	151	209	0	14676
9211	154	70	15644	98	0	15966
9212	177	58	125	15042	0	15402
9213	14988	32	135	186	0	15341
9214	152	15416	30	206	0	15804
9215	165	145	22	15774	0	16106
9216	70	152	15908	200	0	16330
9217	64	62	129	15945	0	16200
9218	15643	52	142	181	0	16018
9219	178	54	15838	203	0	16273
9220	192	49	15414	103	0	15758
9221	64	15209	257	97	0	15627
9222	14513	165	156	70	0	14904
9223	143	14258	50	81	0	14532
9224	174	145	13973	81	0	14373
9225	46	137	13445	80	0	13708
9226	49	13245	203	76	0	13573
9227	11601	86	178	35	0	11900
9228	83	11743	38	53	0	11917
9229	85	85	31	11434	0	11635
9230	31	89	22	11599	0	11741
9231	35	18	11612	152	0	11817
9232	16	28	89	11486	0	11619
9233	24	20	11750	91	0	11885
9234	11253	17	93	90	0	11453
9235	11586	18	89	35	0	11728
9236	11634	22	37	30	0	11723
9237	158	17	11494	40	0	11709
9238	11393	12	88	36	0	11529
9239	88	37	105	10972	0	11202
9240	93	11426	37	96	0	11652
9241	11423	78	29	107	0	11637
9242	91	82	11272	39	0	11484
9243	10868	12	90	32	0	11002
9244	10882	14	95	31	0	11022
9245	156	7	10636	25	0	10824
9246	91	10559	92	35	0	10777
9247	39	138	107	10499	0	10783
9248	31	87	10577	83	0	10778
9249	46	25	10122	94	0	10287
9250	34	200	141	8841	0	9216
9251	31	19	8938	56	0	9044
9252	25	5	56	8463	0	8549
9253	17	16	67	8261	0	8361
9254	24	14	26	8524	0	8588
9255	19	14	8450	109	0	8592
9256	25	18	62	8375	0	8480
9257	29	13	8541	66	0	8649
9258	16	12	64	8555	0	8647
9259	8786	9	69	62	0	8926
9260	54	19	26	8807	0	8906
9261	73	9152	17	65	0	9307
9262	25	56	24	9415	0	9520
9263	9399	65	25	76	0	9565
9264	60	9536	22	96	0	9714
9265	83	63	25	9520	0	9691
9266	9524	82	20	74	0	9700
9267	69	21	9660	99	0	9849
9268	88	9	77	9536	0	9710
9269	19	23	9854	75	0	9971
9270	30	14	9688	101	0	9833
9271	20	21	144	9491	0	9676
9272	9532	16	104	87	0	9739
9273	73	20	9424	93	0	9610
9274	9270	9	73	27	0	9379
9275	73	26	91	9409	0	9599
9276	89	18	9511	62	0	9680
9277	28	8	9359	83	0	9478
9278	31	16	9296	25	0	9368
9279	30	90	119	8668	0	8907
9280	8934	8	144	57	0	9143
9281	46	9017	27	78	0	9168
9282	79	47	26	8785	0	8937
9283	14	63	17	9000	0	9094
9284	8987	9	22	106	0	9124
9285	8904	6	17	78	0	9005
9286	104	8985	18	23	0	9130
9287	9071	38	23	19	0	9151
9288	8969	64	20	15	0	9068
9289	111	11	22	8954	0	9098
9290	82	11	9006	56	0	9155
9291	8816	13	64	78	0	8971
9292	54	12	70	9093	0	9229
9293	74	8	15	9091	0	9188
9294	9043	5	21	115	0	9184
9295	64	4	18	8770	0	8856
9296	77	13	12	8808	0	8910
9297	8661	6	15	120	0	8802
9298	60	8946	17	81	0	9104
9299	8868	44	10	26	0	8948
9300	59	65	8919	24	0	9067
9301	8774	5	63	18	0	8860
9302	61	8	69	8808	0	8946
9303	74	9033	21	66	0	9194
9304	22	51	10	9167	0	9250
9305	22	59	14	9117	0	9212
9306	26	13	10	9138	0	9187
9307	8925	6	16	114	0	9061
9308	54	8782	15	74	0	8925
9309	59	8644	13	27	0	8743
9310	8473	94	10	17	0	8594
9311	61	61	8830	13	0	8965
9312	65	15	8754	15	0	8849
9313	8324	33	196	23	0	8576
9314	60	19	8700	18	0	8797
9315	45	5	48	8194	0	8292
9316	11	5	50	8078	0	8144
9317	14	6	8	8423	0	8451
9318	13	4	10	8353	0	8380
9319	11	8327	7	88	0	8433
9320	13	40	9	8461	0	8523
9321	14	57	8334	49	0	8454
9322	14	9	44	8278	0	8345
9323	15	11	8275	52	0	8353
9324	16	9	8160	55	0	8240
9325	11	5	86	8238	0	8340
9326	16	8	8417	59	0	8500
9327	15	4	49	8359	0	8427
9328	8415	6	52	63	0	8536
9329	48	10	8546	59	0	8663
9330	8129	4	52	24	0	8209
9331	53	8	53	8472	0	8586
9332	59	14	8517	58	0	8648
9333	16	8443	56	58	0	8573
9334	21	41	54	8718	0	8834
9335	21	46	9151	52	0	9270
9336	13	5	52	9138	0	9208
9337	9335	5	58	63	0	9461
9338	9372	8	16	63	0	9459
9339	9542	7	15	25	0	9589
9340	107	4	12	9693	0	9816
9341	66	9	9	9863	0	9947
9342	20	8	13	10088	0	10129
9343	10214	9	12	126	0	10361
9344	61	10587	15	97	0	10760
9345	82	62	16	10694	0	10854
9346	25	80	8	10929	0	11042
9347	10837	15	12	153	0	11017
9348	76	11165	20	107	0	11368
9349	103	74	8	11497	0	11682
9350	11724	90	13	106	0	11933
9351	11632	20	15	117	0	11784
9352	206	17	10	11601	0	11834
9353	11663	8	10	121	0	11802
9354	116	8	17	11659	0	11800
9355	130	9	11823	125	0	12087
9356	35	14	99	11805	0	11953
9357	26	7	112	11939	0	12084
9358	32	6	17	12088	0	12143
9359	11419	4	18	221	0	11662
9360	98	11505	10	148	0	11761
9361	11059	93	13	38	0	11203
9362	100	11136	13	31	0	11280
9363	91	11246	12	27	0	11376
9364	11058	160	40	30	0	11288
9365	84	11343	28	44	0	11499
9366	91	93	13	11212	0	11409
9367	11120	87	19	102	0	11328
9368	11115	22	14	102	0	11253
9369	163	15	11	11125	0	11314
9370	118	10	6	10835	0	10969
9371	33	11140	12	189	0	11374
9372	11274	87	13	113	0	11487
9373	10773	99	10	58	0	10940
9374	165	11648	19	34	0	11866
9375	105	11658	14	46	0	11823
9376	29	193	9	11730	0	11961
9377	11670	108	15	133	0	11926
9378	114	20	16	11702	0	11852
9379	112	15	15	11881	0	12023
9380	41	20	11692	215	0	11968
9381	44	19	11615	139	0	11817
9382	27	16	195	11560	0	11798
9383	30	25	11744	120	0	11919
9384	20	11665	108	142	0	11935
9385	27	105	110	11669	0	11911
9386	30	111	22	11814	0	11977
9387	26	27	12	11975	0	12040
9388	41	23	11900	246	0	12210
9389	35	23	11653	146	0	11857
9390	11196	18	198	57	0	11469
9391	123	11851	123	47	0	12144
9392	11810	111	21	39	0	11981
9393	124	111	10	11730	0	11975
9394	12017	27	17	124	0	12185
9395	127	25	18	11676	0	11846
9396	136	12130	11	145	0	12422
9397	12211	104	10	131	0	12456
9398	142	114	11979	49	0	12284
9399	120	11921	103	51	0	12195
9400	11877	112	113	53	0	12155
9401	127	107	30	11570	0	11834
9402	116	11670	21	130	0	11937
9403	47	104	11	11959	0	12121
9404	11862	105	18	131	0	12116
9405	126	33	10	11981	0	12150
9406	11943	32	15	142	0	12132
9407	140	27	11774	144	0	12085
9408	134	38	103	11696	0	11971
9409	11693	25	109	140	0	11967
9410	133	30	11676	146	0	11985
9411	119	11210	105	64	0	11498
9412	58	104	111	10999	0	11272
9413	46	124	11028	138	0	11336
9414	42	44	10857	154	0	11097
9415	46	59	201	10748	0	11054
9416	42	34	10987	135	0	11198
9417	50	35	10851	138	0	11074
9418	49	41	203	10399	0	10692
9419	10705	39	120	122	0	10986
9420	119	30	29	10741	0	10919
9421	123	29	15	10824	0	10991
9422	37	28	10899	228	0	11192
9423	40	25	108	11097	0	11270
9424	11122	14	120	147	0	11403
9425	124	26	11201	152	0	11503
9426	122	11280	115	66	0	11583
9427	38	110	122	11396	0	11666
9428	11404	117	38	135	0	11694
9429	123	35	24	11278	0	11460
9430	123	11425	27	139	0	11714
9431	33	128	11702	137	0	12000
9432	32	123	114	11907	0	12176
9433	12550	27	128	137	0	12842
9434	148	26	12413	134	0	12721
9435	143	24	140	12580	0	12887
9436	13002	26	133	161	0	13322
9437	13507	27	48	157	0	13739
9438	286	13847	30	92	0	14255
9439	13843	151	35	45	0	14074
9440	178	181	33	13727	0	14119
9441	194	39	13905	179	0	14317
9442	48	13639	165	193	0	14045
9443	52	13740	150	58	0	14000
9444	48	336	68	13073	0	13525
9445	48	165	67	13327	0	13607
9446	32	31	13009	261	0	13333
9447	24	12936	134	178	0	13272
9448	32	12823	145	41	0	13041
9449	59	268	43	12071	0	12441
9450	11924	125	29	126	0	12204
9451	104	12096	24	129	0	12353
9452	117	105	18	12233	0	12473
9453	12489	126	14	124	0	12753
9454	116	26	15	12705	0	12862
9455	118	17	16	12515	0	12666
9456	34	14	17	12646	0	12711
9457	27	19	18	12648	0	12712
9458	12302	22	20	236	0	12580
9459	113	20	18	12491	0	12642
9460	130	22	12198	134	0	12484
9461	11629	16	128	148	0	11921
9462	115	26	12161	47	0	12349
9463	136	29	12245	36	0	12446
9464	31	37	211	12034	0	12313
9465	31	19	141	12033	0	12224
9466	25	12	29	12394	0	12460
9467	12150	14	19	237	0	12420
9468	114	25	12175	143	0	12457
9469	11875	15	109	58	0	12057
9470	12230	14	114	47	0	12405
9471	232	18	12408	44	0	12702
9472	11911	14	113	53	0	12091
9473	152	21	12476	44	0	12693
9474	121	12320	108	48	0	12597
9475	69	131	160	12137	0	12497
9476	28	101	31	12360	0	12520
9477	29	20	29	12266	0	12344
9478	34	18	22	12275	0	12349
9479	26	28	12180	209	0	12443
9480	38	19	12205	129	0	12391
9481	23	24	181	12044	0	12272
9482	28	23	12295	125	0	12471
9483	11601	10	113	142	0	11866
9484	12278	17	118	51	0	12464
9485	197	24	30	12118	0	12369
9486	12156	23	24	120	0	12323
9487	114	12380	26	145	0	12665
9488	12301	87	23	60	0	12471
9489	123	116	12359	47	0	12645
9490	127	32	100	12017	0	12276
9491	34	12528	125	114	0	12801
9492	12666	86	33	133	0	12918
9493	102	106	26	12787	0	13021
9494	124	36	12677	120	0	12957
9495	43	15	99	12557	0	12714
9496	12413	12	119	139	0	12683
9497	125	36	12669	140	0	12970
9498	127	21	102	12569	0	12819
9499	52	12	122	12858	0	13044
9500	47	13	12814	217	0	13091
9501	39	12483	115	172	0	12809
9502	38	12222	136	83	0	12479
9503	55	174	35	12823	0	13087
9504	52	110	42	13207	0	13411
9505	45	31	36	13413	0	13525
9506	12985	29	49	231	0	13294
9507	13137	34	36	153	0	13360
9508	212	44	34	13194	0	13484
9509	13125	23	38	149	0	13335
9510	128	13436	56	158	0	13778
9511	131	137	35	13561	0	13864
9512	46	122	29	13696	0	13893
9513	48	39	26	13879	0	13992
9514	13137	29	30	272	0	13468
9515	120	13304	38	188	0	13650
9516	121	114	31	13405	0	13671
9517	13311	119	29	166	0	13625
9518	131	38	29	13553	0	13751
9519	130	23	24	13325	0	13502
9520	54	13081	38	247	0	13420
9521	44	13435	35	183	0	13697
9522	55	194	25	13332	0	13606
9523	45	111	40	13223	0	13419
9524	12814	25	24	257	0	13120
9525	137	18	31	13018	0	13204
9526	139	31	12728	172	0	13070
9527	69	27	123	12514	0	12733
9528	45	12464	138	184	0	12831
9529	12876	95	41	170	0	13182
9530	141	110	42	12852	0	13145
9531	133	38	35	12514	0	12720
9532	49	12579	44	244	0	12916
9533	11880	76	24	148	0	12128
9534	106	12514	27	71	0	12718
9535	100	142	22	12055	0	12319
9536	49	71	11983	104	0	12207
9537	100	175	77	10798	0	11150
9538	10774	5	95	79	0	10953
9539	61	11060	19	79	0	11219
9540	73	72	11	10827	0	10983
9541	14	10919	14	84	0	11031
9542	13	71	5	11016	0	11105
9543	19	73	11002	80	0	11174
9544	18	33	59	10803	0	10913
9545	13	10	48	10920	0	10991
9546	11	25	10	11066	0	11112
9547	10775	12	2	119	0	10908
9548	10817	9	3	78	0	10907
9549	101	11099	9	53	0	11262
9550	11056	57	13	26	0	11152
9551	62	11138	10	41	0	11251
9552	55	11207	11	37	0	11310
9553	10825	101	10	28	0	10964
9554	79	64	10790	24	0	10957
9555	62	22	53	10662	0	10799
9556	14	11	54	10989	0	11068
9557	17	18	8	11183	0	11226
9558	10911	23	2	131	0	11067
9559	65	11105	13	99	0	11282
9560	64	70	7	10955	0	11096
9561	25	11304	15	107	0	11451
9562	11551	71	15	80	0	11717
9563	73	74	6	11721	0	11874
9564	86	23	7	13541	0	13657
9565	28	14907	9	224	0	15168
9566	19	139	9	15669	0	15836
9567	18	171	4	15781	0	15974
9568	15137	41	11	357	0	15546
9569	148	15269	26	241	0	15684
9570	174	15521	21	98	0	15814
9571	39	312	7	15395	0	15753
9572	46	212	15035	183	0	15476
9573	40	56	14990	208	0	15294
9574	36	61	323	14829	0	15249
9575	30	37	15026	205	0	15298
9576	16	45	182	14920	0	15163
9577	19	33	196	14609	0	14857
9578	24	19	46	15337	0	15426
9579	14826	21	29	396	0	15272
9580	157	15	28	15095	0	15295
9581	193	19	13	14817	0	15042
9582	52	14828	15	390	0	15285
9583	32	167	16	15358	0	15573
9584	44	206	14896	238	0	15384
9585	33	62	153	15087	0	15335
9586	29	38	178	15247	0	15492
9587	14591	36	53	378	0	15058
9588	163	40	26	14908	0	15137
9589	187	45	27	14598	0	14857
9590	47	39	16	14921	0	15023
9591	13742	29	21	432	0	14224
9592	175	14184	28	290	0	14677
9593	202	170	21	14294	0	14687
9594	55	207	20	14383	0	14665
9595	39	83	14048	386	0	14556
9596	33	49	166	14155	0	14403
9597	13377	31	195	273	0	13876
9598	159	13700	74	263	0	14196
9599	195	175	42	13418	0	13830
9600	58	204	36	13659	0	13957
9601	51	58	13398	419	0	13926
9602	12364	38	163	303	0	12868
9603	164	13114	191	176	0	13645
9604	12955	164	52	118	0	13289
9605	174	217	34	12986	0	13411
9606	208	64	26	13103	0	13401
9607	68	59	39	13240	0	13406
9608	57	59	38	13309	0	13463
9609	12869	45	35	432	0	13381
9610	165	45	39	12640	0	12889
9611	195	12319	45	293	0	12852
9612	62	147	47	12593	0	12849
9613	44	178	42	12760	0	13024
9614	12409	37	45	429	0	12920
9615	168	12393	41	328	0	12930
9616	214	166	23	12660	0	13063
9617	12458	209	19	272	0	12958
9618	12505	67	37	310	0	12919
9619	326	44	38	12652	0	13060
9620	231	48	12468	287	0	13034
9621	12314	53	154	294	0	12815
9622	189	58	192	12610	0	13049
9623	213	50	12584	287	0	13134
9624	61	35	178	12838	0	13112
9625	60	26	209	12744	0	13039
9626	77	43	62	12628	0	12810
9627	71	12712	48	456	0	13287
9628	54	169	29	13122	0	13374
9629	54	196	28	12842	0	13120
9630	55	54	32	12979	0	13120
9631	56	45	29	12897	0	13027
9632	61	54	21	12723	0	12859
9633	65	62	27	12681	0	12835
9634	11472	49	36	472	0	12029
9635	159	31	11332	367	0	11889
9636	185	11093	155	198	0	11631
9637	11031	142	177	152	0	11502
9638	164	11220	60	141	0	11585
9639	10945	170	53	135	0	11303
9640	230	186	56	10738	0	11210
9641	10921	55	44	236	0	11256
9642	200	38	31	10943	0	11212
9643	230	37	33	10243	0	10543
9644	97	10534	29	380	0	11040
9645	10578	137	18	318	0	11051
9646	160	179	10728	183	0	11250
9647	193	46	130	10841	0	11210
9648	90	40	10975	252	0	11357
9649	70	41	10684	277	0	11072
9650	10576	56	271	150	0	11053
9651	151	44	188	10770	0	11153
9652	191	40	10667	252	0	11150
9653	91	41	10996	283	0	11411
9654	74	29	265	10840	0	11208
9655	60	41	191	11141	0	11433
9656	11036	34	53	361	0	11484
9657	185	31	39	11231	0	11486
9658	199	32	11460	246	0	11937
9659	91	32	138	11590	0	11851
9660	86	74	167	11218	0	11545
9661	60	11612	70	323	0	12065
9662	11196	121	61	238	0	11616
9663	134	11111	46	153	0	11444
9664	9118	70	44	82	0	9314
9665	49	7667	16	31	0	7763
9666	26	7272	21	30	0	7349
9667	41	48	45	7100	0	7234
9668	24	25	39	7034	0	7122
9669	10	17	6	7024	0	7057
9670	6743	7	7	43	0	6800
9671	20	10	6779	36	0	6845
9672	15	10	17	6699	0	6741
9673	6515	3	17	24	0	6559
9674	20	6669	13	26	0	6728
9675	15	6581	9	22	0	6627
9676	23	37	14	6657	0	6731
9677	7	16	7	6694	0	6724
9678	5	11	2	6724	0	6742
9679	14	6875	10	38	0	6937
9680	7	14	9	6910	0	6940
9681	12	14	6877	30	0	6933
9682	14	15	6507	21	0	6557
9683	6491	4	20	17	0	6532
9684	20	8	20	6758	0	6806
9685	6800	5	6	20	0	6831
9686	6752	9	3	18	0	6782
9687	22	6873	9	19	0	6923
9688	6947	14	4	10	0	6975
9689	7078	18	2	17	0	7115
9690	21	6	4	7076	0	7107
9691	15	3	6	7247	0	7271
9692	13	7	7499	33	0	7552
9693	6	7630	13	44	0	7693
9694	11	13	16	7520	0	7560
9695	11	14	7	7793	0	7825
9696	7792	6	7	30	0	7835
9697	13	8	4	7862	0	7887
9698	8075	5	7	20	0	8107
9699	21	11	1	8202	0	8235
9700	16	8444	14	34	0	8508
9701	8714	15	5	29	0	8763
9702	23	23	2	9632	0	9680
9703	32	10	3	10383	0	10428
9704	13	2	5	10969	0	10989
9705	10	15	11063	128	0	11216
9706	11	15	60	11255	0	11341
9707	11457	4	83	86	0	11630
9708	70	3	12	12113	0	12198
9709	89	3	11	13287	0	13390
9710	24	11	9	13237	0	13281
9711	16	13493	30	236	0	13775
9712	9	13943	11	165	0	14128
9713	13804	215	4	33	0	14056
9714	91	14119	20	38	0	14268
9715	14052	109	5	25	0	14191
9716	13943	149	6	21	0	14119
9717	14061	16	7	28	0	14112
9718	247	18	14088	26	0	14379
9719	155	14276	107	30	0	14568
9720	14300	106	136	20	0	14562
9721	123	138	12	14411	0	14684
9722	150	18	8	14533	0	14709
9723	26	18	6	14445	0	14495
9724	19	14202	13	271	0	14505
9725	19	99	7	14419	0	14544
9726	14191	137	4	134	0	14466
9727	103	14	3	14150	0	14270
9728	148	17	7	14182	0	14354
9729	37	14	14042	273	0	14366
9730	37	17	14198	181	0	14433
9731	26	13	235	14231	0	14505
9732	21	13	151	14144	0	14329
9733	19	14372	34	280	0	14705
9734	31	99	18	14568	0	14716
9735	23	153	14	14584	0	14774
9736	15	26	7	14736	0	14784
9737	14248	26	10	276	0	14560
9738	135	35	14502	186	0	14858
9739	167	29	97	14654	0	14947
9740	14694	28	135	132	0	14989
9741	14642	19	16	169	0	14846
9742	267	22	17	14519	0	14825
9743	184	37	20	14640	0	14881
9744	14325	30	21	275	0	14651
9745	140	14462	18	201	0	14821
9746	176	14523	20	71	0	14790
9747	54	259	10	14406	0	14729
9748	14528	176	14	164	0	14882
9749	14585	43	8	194	0	14830
9750	14513	33	18	74	0	14638
9751	289	47	14586	69	0	14991
9752	13865	35	112	65	0	14077
9753	154	43	14358	61	0	14616
9754	13835	30	131	67	0	14063
9755	142	14138	181	84	0	14545
9756	190	119	14151	86	0	14546
9757	45	170	122	13968	0	14305
9758	56	44	14114	185	0	14399
9759	32	52	122	13864	0	14070
9760	13746	32	160	196	0	14134
9761	136	32	13971	233	0	14372
9762	184	23	124	13662	0	13993
9763	50	14545	188	172	0	14955
9764	56	109	52	14892	0	15109
9765	61	154	50	14676	0	14941
9766	58	30	34	14740	0	14862
9767	14556	35	27	328	0	14946
9768	14579	38	23	254	0	14894
9769	289	40	15	14690	0	15034
9770	209	40	14555	202	0	15006
9771	72	48	14443	244	0	14807
9772	73	32	250	14657	0	15012
9773	90	42	15337	181	0	15650
9774	81	30	137	15236	0	15484
9775	105	35	180	14940	0	15260
9776	92	34	44	15224	0	15394
9777	87	14827	54	320	0	15288
9778	86	15272	54	236	0	15648
9779	76	264	51	15370	0	15761
9780	81	198	37	15316	0	15632
9781	65	73	45	15440	0	15623
9782	15024	53	31	313	0	15421
9783	178	57	15423	240	0	15898
9784	232	27	126	15410	0	15795
9785	15376	22	201	192	0	15791
9786	163	15575	76	237	0	16051
9787	202	130	72	15695	0	16099
9788	79	169	55	15925	0	16228
9789	72	47	42	15881	0	16042
9790	61	36	46	15889	0	16032
9791	54	56	15565	355	0	16030
9792	14497	33	140	289	0	14959
9793	15235	24	192	126	0	15577
9794	299	33	15348	114	0	15794
9795	14928	27	155	122	0	15232
9796	15341	25	199	101	0	15666
9797	295	31	15619	111	0	16056
9798	189	16024	166	132	0	16511
9799	100	213	203	15757	0	16273
9800	79	153	16387	184	0	16803
9801	57	16120	131	260	0	16568
9802	82	102	15345	98	0	15627
9803	44	14768	113	70	0	14995
9804	77	107	210	14048	0	14442
9805	57	99	14173	87	0	14416
9806	36	64	106	13693	0	13899
9807	44	21	14501	91	0	14657
9808	26	14269	72	116	0	14483
9809	12832	23	107	22	0	12984
9810	14	12860	15	23	0	12912
9811	32	13721	15	35	0	13803
9812	134	60	53	13533	0	13780
9813	8	29	8	13676	0	13721
9814	3	5	3	13672	0	13683
9815	4	3	2	13685	0	13694
9816	2	0	4	13847	0	13853
9817	10	7	15178	38	0	15233
9818	2	2	14	14913	0	14931
9819	4	6	24	15535	0	15569
9820	15808	0	7	63	0	15878
9821	16011	4	4	39	0	16058
9822	16273	0	6	12	0	16291
9823	73	6	4	16439	0	16522
9824	18223	7	1	51	0	18282
9825	19640	4	2	64	0	19710
9826	20165	4	4	9	0	20182
9827	143	15	20334	6	0	20498
9828	19726	4	57	19	0	19806
9829	20798	2	91	23	0	20914
9830	21089	5	9	9	0	21112
9831	162	1	3	21185	0	21351
9832	113	23	21525	80	0	21741
9833	14	1	70	21301	0	21386
9834	22186	1	96	94	0	22377
9835	78	4	6	22501	0	22589
9836	99	23872	24	85	0	24080
9837	21	63	4	24642	0	24730
9838	24676	96	1	100	0	24873
9839	24773	9	10	126	0	24918
9840	24665	4	6	22	0	24697
9841	215	20	25843	10	0	26088
9842	126	0	100	25326	0	25552
9843	30	3	123	26479	0	26635
9844	35	24	26896	229	0	27184
9845	13	26428	116	155	0	26712
9846	32	119	26728	27	0	26906
9847	22	136	105	26486	0	26749
9848	26854	5	129	120	0	27108
9849	132	22	28077	130	0	28361
9850	139	7	108	27929	0	28183
9851	44	24	28426	133	0	28627
9852	27191	9	112	157	0	27469
9853	122	12	135	28653	0	28922
9854	156	31	30011	129	0	30327
9855	22	15	108	29884	0	30029
9856	45	23	30764	142	0	30974
9857	32	31089	125	216	0	31462
9858	38	109	144	31140	0	31431
9859	31541	140	29	134	0	31844
9860	134	21	23	31733	0	31911
9861	170	11	24	31379	0	31584
9862	31348	8	19	272	0	31647
9863	138	30617	31	187	0	30973
9864	168	31205	41	62	0	31476
9865	45	243	24	31251	0	31563
9866	35	31668	31	166	0	31900
9867	43	100	23	31793	0	31959
9868	33	152	20	31832	0	32037
9869	31929	21	22	279	0	32251
9870	141	32121	36	256	0	32554
9871	211	125	32064	63	0	32463
9872	44	33183	135	71	0	33433
9873	32748	121	154	49	0	33072
9874	33368	147	38	56	0	33609
9875	292	18	23	33170	0	33503
9876	34219	18	30	170	0	34437
9877	171	17	27	34099	0	34314
9878	34385	21	30	196	0	34632
9879	34777	20	35	215	0	35047
9880	333	23	27	36151	0	36534
9881	36782	20	42	196	0	37040
9882	222	41	36842	206	0	37311
9883	35995	23	168	78	0	36264
9884	203	15	195	37000	0	37413
9885	37584	25	41	186	0	37836
9886	218	38279	55	232	0	38784
9887	239	142	48	38346	0	38775
9888	102	161	42	38508	0	38813
9889	38218	25	57	353	0	38653
9890	237	70	38785	235	0	39327
9891	232	38635	187	140	0	39194
9892	123	147	192	38749	0	39211
9893	90	39754	56	255	0	40155
9894	105	170	46	40061	0	40382
9895	80	187	51	39633	0	39951
9896	87	51	41	40153	0	40332
9897	39828	37	33	402	0	40300
9898	203	53	32	39375	0	39663
9899	39925	49	36	262	0	40272
9900	39700	39	50	287	0	40076
9901	362	59	53	40093	0	40567
9902	40242	39	46	246	0	40573
9903	39271	49	61	251	0	39632
9904	382	76	40096	102	0	40656
9905	231	47	186	38934	0	39398
9906	40446	41	204	236	0	40927
9907	203	40586	81	271	0	41141
9908	41138	176	60	109	0	41483
9909	40826	188	54	108	0	41176
9910	396	58	40487	112	0	41053
9911	243	45	188	38402	0	38878
9912	42652	29	203	276	0	43160
9913	225	30	58	43705	0	44018
9914	261	41	48	45010	0	45360
9915	105	35	51	45594	0	45785
9916	94	26	49	47707	0	47876
9917	47084	43	53	522	0	47702
9918	344	64	48439	365	0	49212
9919	342	116	286	49573	0	50317
9920	143	69	54290	363	0	54865
9921	119	86	55634	422	0	56261
9922	53283	42	1038	168	0	54531
9923	643	61	59269	123	0	60096
9924	620	57386	631	141	0	58778
9925	57944	541	770	106	0	59361
9926	58220	589	114	68	0	58991
9927	1152	83	60	56461	0	57756
9928	724	62	58595	517	0	59898
9929	152	67	58137	616	0	58972
9930	58484	28	1148	148	0	59808
9931	596	66	682	60986	0	62330
9932	61444	22	115	606	0	62187
9933	631	63002	87	721	0	64441
9934	63333	571	86	146	0	64136
9935	62329	644	65	87	0	63125
9936	1230	62300	96	101	0	63727
9937	775	580	63	62311	0	63729
9938	61981	663	72	630	0	63346
9939	695	120	62472	712	0	63999
9940	753	62960	664	169	0	64546
9941	213	636	720	62037	0	63606
9942	62416	657	155	635	0	63863
9943	636	63247	122	781	0	64786
9944	64276	617	100	155	0	65148
9945	813	818	63392	113	0	65136
9946	62473	148	678	144	0	63443
9947	838	116	64750	124	0	65828
9948	62883	80	766	123	0	63852
9949	62381	61	781	114	0	63337
9950	1415	98	62906	113	0	64532
9951	884	62990	733	204	0	64811
9952	292	650	784	61853	0	63579
9953	299	769	63309	709	0	65086
9954	232	62292	725	863	0	64112
9955	249	669	814	61155	0	62887
9956	247	746	257	62337	0	63587
9957	277	202	61720	1372	0	63571
9958	280	103	778	60253	0	61414
9959	249	132	884	61696	0	62961
9960	276	192	61528	1388	0	63384
9961	294	153	835	59075	0	60357
9962	272	61372	913	839	0	63396
9963	61980	726	322	844	0	63872
9964	870	806	310	60537	0	62523
9965	976	62531	385	793	0	64685
9966	523	745	365	58044	0	59677
9967	400	64057	414	741	0	65612
9968	567	836	63160	778	0	65341
9969	416	64249	888	362	0	65915
9970	63104	869	959	263	0	65195
9971	62981	870	374	273	0	64498
9972	63904	325	349	338	0	64916
9973	1765	244	64638	296	0	66943
9974	1172	295	64179	306	0	65952
9975	552	66265	1655	366	0	68838
9976	558	942	1115	61587	0	64202
9977	506	68227	434	866	0	70033
9978	641	1082	325	59319	0	61367
9979	509	67791	361	916	0	69577
9980	67343	1030	361	956	0	69690
9981	71123	1138	318	407	0	72986
9982	2006	436	331	73567	0	76340
9983	1559	347	73601	1144	0	76651
9984	70449	343	1183	1317	0	73292
9985	1293	74423	1338	556	0	77610
9986	1466	1133	522	72837	0	75958
9987	753	1323	390	69645	0	72111
9988	557	74817	460	1966	0	77800
9989	74598	1222	422	1328	0	77570
9990	1486	1370	74291	415	0	77562
9991	1558	545	1188	73792	0	77083
9992	74286	381	1348	1196	0	77211
9993	72998	396	566	1349	0	75309
9994	2264	73918	456	548	0	77186
9995	1580	1259	502	70660	0	74001
9996	599	75043	475	1278	0	77395
9997	74943	1332	487	1405	0	78167
9998	1353	1412	75410	629	0	78804
9999	1498	686	75351	499	0	78034
10000	643	479	2147	72920	0	76189
10001	499	477	1508	71677	0	74161
10002	484	74610	600	2158	0	77852
10003	500	1224	495	75161	0	77380
10004	559	1390	74090	1464	0	77503
10005	71757	543	1323	1525	0	75148
10006	1275	478	1367	74356	0	77476
10007	1447	617	73694	1365	0	77123
10008	634	510	1192	73938	0	76274
10009	453	477	1380	70934	0	73244
10010	445	73595	588	2283	0	76911
10011	480	1267	430	73496	0	75673
10012	434	1429	462	71170	0	73495
10013	434	580	457	71418	0	72889
10014	67000	421	391	2372	0	70184
10015	1225	66707	459	1597	0	69988
10016	1341	65752	357	676	0	68126
10017	63422	1802	353	484	0	66061
10018	59948	1175	406	447	0	61976
10019	1753	59590	406	425	0	62174
10020	906	55600	293	332	0	57131
10021	50547	1094	267	228	0	52136
10022	599	51100	169	240	0	52108
10023	609	50016	136	240	0	51001
10024	48552	1038	531	184	0	50305
10025	535	49311	142	242	0	50230
10026	48716	633	204	228	0	49781
10027	47968	634	155	209	0	48966
10028	47655	290	145	186	0	48276
10029	1065	47619	143	223	0	49050
10030	705	47308	132	241	0	48386
10031	324	1026	90	45090	0	46530
10032	247	47266	114	560	0	48187
10033	255	682	98	46779	0	47814
10034	46468	647	130	658	0	47903
10035	586	330	106	45709	0	46731
10036	675	45720	147	711	0	47253
10037	44652	601	127	668	0	46048
10038	545	45296	121	377	0	46339
10039	706	45861	113	280	0	46960
10040	379	1378	104	42750	0	44611
10041	253	45039	119	570	0	45981
10042	44145	624	145	636	0	45550
10043	594	736	43649	267	0	45246
10044	645	43294	510	290	0	44739
10045	282	575	603	43044	0	44504
10046	257	701	43232	623	0	44813
10047	241	291	473	42437	0	43442
10048	218	223	619	42970	0	44030
10049	227	245	223	43517	0	44212
10050	222	245	165	43257	0	43889
10051	255	270	42504	1190	0	44219
10052	186	42161	577	958	0	43882
10053	41673	566	623	462	0	43324
10054	564	723	41487	371	0	43145
10055	41063	310	505	366	0	42244
10056	627	254	42439	364	0	43684
10057	705	269	578	41705	0	43257
10058	403	272	42514	625	0	43814
10059	286	291	43048	716	0	44341
10060	257	263	1066	42072	0	43658
10061	263	242	739	41797	0	43041
10062	284	257	229	43498	0	44268
10063	236	288	197	43175	0	43896
10064	42442	272	219	1198	0	44131
10065	600	280	42890	874	0	44644
10066	42579	269	503	458	0	43809
10067	42642	270	610	356	0	43878
10068	42851	283	201	363	0	43698
10069	42688	267	145	341	0	43441
10070	42900	253	136	268	0	43557
10071	1266	252	103	41730	0	43351
10072	891	316	40767	589	0	42563
10073	413	285	39009	659	0	40366
10074	323	39301	845	378	0	40847
10075	36670	645	759	330	0	38404
10076	508	797	231	35644	0	37180
10077	586	616	140	34398	0	35740
10078	246	35497	140	885	0	36768
10079	244	35218	103	608	0	36173
10080	292	34539	99	276	0	35206
10081	29148	868	161	245	0	30422
10082	304	779	110	25426	0	26619
10083	240	25479	64	206	0	25989
10084	105	193	35	25347	0	25680
10085	71	250	25506	206	0	26033
10086	101	99	26793	219	0	27212
10087	85	82	303	28282	0	28752
10088	29622	83	241	251	0	30197
10089	30940	63	41	274	0	31318
10090	31096	71	32	84	0	31283
10091	588	97	31644	84	0	32413
10092	360	91	252	30962	0	31665
10093	114	102	302	32155	0	32673
10094	131	116	32081	527	0	32855
10095	29175	90	273	387	0	29925
10096	350	92	32555	159	0	33156
10097	317	79	31739	96	0	32231
10098	103	65	32552	78	0	32798
10099	76	57	524	31033	0	31690
10100	71	43	350	32018	0	32482
10101	70	54	33030	524	0	33678
10102	61	53	283	32974	0	33371
10103	33469	32	350	327	0	34178
10104	254	37	101	34341	0	34733
10105	342	38	34996	341	0	35717
10106	95	41	36614	410	0	37160
10107	72	62	563	35911	0	36608
10108	37590	41	379	331	0	38341
10109	312	40090	142	393	0	40937
10110	41336	334	121	119	0	41910
10111	41486	400	111	112	0	42109
10112	825	75	42926	124	0	43950
10113	544	32	438	42378	0	43392
10114	43082	31	560	443	0	44116
10115	41784	28	171	567	0	42550
10116	782	43120	154	209	0	44265
10117	535	336	128	42908	0	43907
10118	165	433	117	43726	0	44441
10119	143	85	43282	851	0	44361
10120	131	36	448	42555	0	43170
10121	131	51	43630	511	0	44323
10122	176	52	42823	549	0	43600
10123	151	33	836	41766	0	42786
10124	41878	26	590	450	0	42944
10125	433	41529	208	575	0	42745
10126	41470	336	133	201	0	42140
10127	41071	440	148	158	0	41817
10128	840	41558	164	165	0	42727
10129	582	379	127	39751	0	40839
10130	40044	448	114	393	0	40999
10131	454	40450	121	516	0	41541
10132	39681	366	98	148	0	40293
10133	427	39424	113	144	0	40108
10134	481	356	113	37848	0	38798
10135	209	378	94	38673	0	39354
10136	37932	110	100	702	0	38844
10137	37106	75	83	498	0	37762
10138	721	38246	128	270	0	39365
10139	483	333	37648	164	0	38628
10140	179	382	37488	196	0	38245
10141	146	128	700	35382	0	36356
10142	124	37972	521	408	0	39025
10143	151	335	227	38152	0	38865
10144	147	363	169	37999	0	38678
10145	148	108	178	38437	0	38871
10146	145	109	38077	775	0	39106
10147	165	105	37781	550	0	38601
10148	197	38438	736	256	0	39627
10149	197	359	496	37865	0	38917
10150	230	420	166	39200	0	40016
10151	220	156	38875	759	0	40010
10152	29885	169	550	721	0	31325
10153	458	119	474	38877	0	39928
10154	526	123	39195	473	0	40317
10155	35266	111	436	594	0	36407
10156	463	39033	486	290	0	40272
10157	594	379	39821	243	0	41037
10158	265	459	444	39343	0	40511
10159	39191	140	538	497	0	40366
10160	459	120	39973	556	0	41108
10161	500	123	484	39625	0	40732
10162	206	114	526	40149	0	40995
10163	183	123	257	42515	0	43078
10164	42440	119	210	919	0	43688
10165	443	41591	228	765	0	43027
10166	542	410	212	41768	0	42932
10167	231	482	42513	616	0	43842
10168	221	195	519	40701	0	41636
10169	190	41998	594	576	0	43358
10170	202	43398	240	647	0	44487
10171	42630	796	172	337	0	43935
10172	42702	565	175	260	0	43702
10173	940	215	42795	244	0	44194
10174	41490	157	493	244	0	42384
10175	536	42749	604	264	0	44153
10176	43114	476	192	269	0	44051
10177	591	544	168	42766	0	44069
10178	670	247	43305	535	0	44757
10179	298	167	495	43190	0	44150
10180	271	166	43585	620	0	44642
10181	41367	130	595	666	0	42758
10182	513	172	600	42876	0	44161
10183	564	44724	229	643	0	46160
10184	268	546	219	45070	0	46103
10185	275	599	44541	671	0	46086
10186	188	43453	527	731	0	44899
10187	40237	475	559	334	0	41605
10188	395	40084	229	254	0	40962
10189	394	38856	176	209	0	39635
10190	238	750	128	36917	0	38033
10191	108	38356	137	380	0	38981
10192	175	432	96	38298	0	39001
10193	165	417	38043	416	0	39041
10194	34248	159	348	430	0	35185
10195	36700	119	385	181	0	37385
10196	667	136	36978	120	0	37901
10197	34884	100	350	139	0	35473
10198	379	36103	382	147	0	37011
10199	36175	328	151	125	0	36779
10200	397	378	104	35498	0	36377
10201	381	141	35771	344	0	36637
10202	160	36157	340	430	0	37087
10203	216	409	440	35237	0	36302
10204	106	354	118	35536	0	36114
10205	34100	121	79	585	0	34885
10206	32112	77	107	401	0	32697
10207	528	32420	100	182	0	33230
10208	281	30233	72	82	0	30668
10209	71	28805	59	86	0	29021
10210	267	395	170	27286	0	28118
10211	27158	166	139	152	0	27615
10212	26353	39	32	155	0	26579
10213	270	35	25	26257	0	26587
10214	175	30	29	26282	0	26516
10215	26129	38	21	264	0	26452
10216	145	38	29	26553	0	26765
10217	176	41	26871	161	0	27249
10218	26194	44	125	191	0	26554
10219	26824	41	142	69	0	27076
10220	271	57	27642	65	0	28035
10221	27807	41	127	67	0	28042
10222	169	47	136	28675	0	29027
10223	171	43	42	28651	0	28907
10224	59	53	30	28976	0	29118
10225	28254	56	31	307	0	28648
10226	157	29424	53	205	0	29839
10227	175	161	29	29185	0	29550
10228	62	29055	47	189	0	29353
10229	28894	171	45	189	0	29299
10230	181	160	44	29202	0	29587
10231	202	60	34	29573	0	29869
10232	80	29850	46	339	0	30315
10233	108	186	29434	208	0	29936
10234	81	193	165	29794	0	30233
10235	29926	50	192	193	0	30361
10236	32613	45	46	236	0	32940
10237	464	68	34502	84	0	35118
10238	344	52	310	34406	0	35112
10239	88	36239	336	322	0	36985
10240	64	334	76	36967	0	37441
10241	36718	350	41	397	0	37506
10242	36653	85	47	397	0	37182
10243	676	63	44	36019	0	36802
10244	398	36146	52	373	0	36969
10245	38086	362	25	387	0	38860
10246	378	377	27	39228	0	40010
10247	39532	84	37	407	0	40060
10248	40908	84	37	434	0	41463
10249	746	60	22	41092	0	41920
10250	452	64	44	41189	0	41749
10251	138	50	33	42014	0	42235
10252	89	41979	48	858	0	42974
10253	99	394	47	42786	0	43326
10254	113	421	35	42512	0	43081
10255	126	109	41397	816	0	42448
10256	105	79	40723	508	0	41415
10257	92	61	749	40186	0	41088
10258	39728	47	459	445	0	40679
10259	395	40223	105	550	0	41273
10260	39521	384	74	155	0	40134
10261	507	432	39924	132	0	40995
10262	482	105	38855	147	0	39589
10263	115	38806	702	145	0	39768
10264	223	462	545	38128	0	39358
10265	130	376	38443	387	0	39336
10266	116	89	39055	431	0	39691
10267	80	106	641	38224	0	39051
10268	38411	37	400	377	0	39225
10269	38239	32	77	407	0	38755
10270	671	32	43	38049	0	38795
10271	435	62	40781	403	0	41681
10272	114	34	330	41311	0	41789
10273	107	46	371	39761	0	40285
10274	65	41472	105	662	0	42304
10275	41205	325	63	414	0	42007
10276	40934	364	55	133	0	41486
10277	660	41792	88	177	0	42717
10278	427	370	63	39501	0	40361
10279	105	41778	106	399	0	42388
10280	41513	354	85	418	0	42370
10281	426	424	41239	121	0	42210
10282	442	113	40148	134	0	40837
10283	134	102	39981	91	0	40308
10284	95	108	725	38911	0	39839
10285	67	37	418	39525	0	40047
10286	39354	37	107	680	0	40178
10287	358	46	83	39418	0	39905
10288	407	50	73	40612	0	41142
10289	142	83	42890	714	0	43829
10290	132	71	42011	449	0	42663
10291	40797	53	652	210	0	41712
10292	346	42947	420	147	0	43860
10293	43419	307	92	149	0	43967
10294	394	356	70	43181	0	44001
10295	399	87	93	42744	0	43323
10296	111	43072	105	669	0	43957
10297	102	343	87	43276	0	43808
10298	42688	376	77	436	0	43577
10299	375	91	58	43072	0	43596
10300	479	95	43304	421	0	44299
10301	145	42880	361	511	0	43897
10302	42287	329	405	185	0	43206
10303	42919	383	122	166	0	43590
10304	43101	104	93	172	0	43470
10305	43486	73	81	139	0	43779
10306	734	62	91	42935	0	43822
10307	482	60	103	43451	0	44096
10308	195	84	43551	736	0	44566
10309	153	46	328	43591	0	44118
10310	181	125	43694	487	0	44487
10311	120	77	350	43520	0	44067
10312	43133	66	386	526	0	44111
10313	350	44972	151	549	0	46022
10314	419	329	114	45333	0	46195
10315	161	389	110	46238	0	46898
10316	45652	101	103	763	0	46619
10317	44272	80	111	533	0	44996
10318	741	114	45228	217	0	46300
10319	469	45622	383	258	0	46732
10320	175	343	422	44776	0	45716
10321	131	408	140	45102	0	45781
10322	44583	105	143	715	0	45546
10323	44132	74	158	517	0	44881
10324	770	96	44880	212	0	45958
10325	495	105	44932	175	0	45707
10326	172	86	722	43960	0	44940
10327	163	69	469	44969	0	45670
10328	181	103	44798	754	0	45836
10329	42865	64	408	510	0	43847
10330	422	63	440	44839	0	45764
10331	44449	59	151	437	0	45096
10332	370	44135	157	628	0	45290
10333	45638	340	137	250	0	46365
10334	512	413	49894	193	0	51012
10335	463	49687	395	250	0	50795
10336	124	48009	402	149	0	48684
10337	45489	473	577	96	0	46635
10338	44384	275	85	81	0	44825
10339	435	78	46	44003	0	44562
10340	285	44319	63	235	0	44902
10341	63	45134	76	348	0	45621
10342	51	424	45	45259	0	45779
10343	45839	278	46	225	0	46388
10344	45776	44	47	330	0	46197
10345	458	72	44170	70	0	44770
10346	41981	31	143	79	0	42234
10347	161	45416	259	82	0	45918
10348	46252	186	46	52	0	46536
10349	266	54764	93	93	0	55216
10350	355	58709	76	90	0	59230
10351	233	1137	86	63369	0	64825
10352	67681	636	130	834	0	69281
10353	68536	121	42	812	0	69511
10354	1750	118	68080	171	0	70119
10355	1058	60	844	67852	0	69814
10356	68507	35	852	933	0	70327
10357	953	32	178	69690	0	70853
10358	70061	30	85	1063	0	71239
10359	69623	43	44	954	0	70664
10360	1819	94	69801	237	0	71951
10361	1097	38	883	68310	0	70328
10362	314	43	873	69657	0	70887
10363	180	44	191	70409	0	70824
10364	159	93	68107	1944	0	70303
10365	114	54	904	68396	0	69468
10366	141	59	903	64898	0	66001
10367	99	67302	227	1786	0	69414
10368	240	942	66612	1099	0	68893
10369	100	68446	957	450	0	69953
10370	67569	1073	897	199	0	69738
10371	984	992	217	62975	0	65168
10372	1071	272	118	60080	0	61541
10373	305	64609	131	1702	0	66747
10374	64447	934	90	1045	0	66516
10375	64533	916	81	337	0	65867
10376	29536	36284	88	289	0	66197
10377	1524	64708	133	286	0	66651
10378	64857	1376	98	185	0	66516
10379	1273	1007	64208	175	0	66663
10380	1121	322	64264	193	0	65900
10381	61248	193	1810	208	0	63459
10382	984	63670	1144	282	0	66080
10383	64116	950	328	233	0	65627
10384	1237	1000	63646	263	0	66146
10385	62787	283	954	273	0	64297
10386	1164	64777	1025	301	0	67267
10387	1139	983	294	64736	0	67152
10388	435	967	214	64795	0	66411
10389	379	267	150	62451	0	63247
10390	362	189	144	63000	0	63695
10391	325	162	183	60493	0	61163
10392	297	61359	202	2224	0	64082
10393	61456	1000	149	1345	0	63950
10394	1212	1039	61249	540	0	64040
10395	1192	310	1027	61558	0	64087
10396	551	284	62475	1191	0	64501
10397	386	196	1216	62137	0	63935
10398	324	188	1140	62537	0	64189
10399	61355	193	409	2155	0	64112
10400	1174	275	61023	1432	0	63904
10401	1169	60644	1141	608	0	63562
10402	496	1060	1107	60344	0	63007
10403	368	1107	389	61802	0	63666
10404	419	482	61266	2019	0	64186
10405	349	353	1069	61429	0	63200
10406	368	295	1044	62339	0	64046
10407	59638	254	326	2152	0	62370
10408	1130	60849	255	1507	0	63741
10409	61438	1158	164	643	0	63403
10410	61562	1165	178	465	0	63370
10411	2149	476	223	60448	0	63296
10412	1541	339	60224	1244	0	63348
10413	670	353	59889	1235	0	62147
10414	562	315	1988	58175	0	61040
10415	503	328	1346	56097	0	58274
10416	459	58542	593	2063	0	61657
10417	58120	1104	399	1380	0	61003
10418	1351	58159	373	684	0	60567
10419	1318	58714	363	611	0	61006
10420	58074	1978	323	529	0	60904
10421	1390	1256	280	56951	0	59877
10422	1307	59313	363	1498	0	62481
10423	580	1173	296	60393	0	62442
10424	477	1169	58575	1712	0	61933
10425	429	435	58599	1592	0	61055
10426	429	315	2006	58522	0	61272
10427	376	307	59647	1614	0	61944
10428	372	255	1418	58822	0	60867
10429	325	333	1265	58673	0	60596
10430	377	254	574	60279	0	61484
10431	57577	274	431	2460	0	60742
10432	1132	56713	410	1744	0	59999
10433	1093	56966	393	828	0	59280
10434	52105	1806	305	637	0	54853
10435	52422	1221	266	542	0	54451
10436	1954	502	278	51491	0	54225
10437	1305	468	51348	1304	0	54425
10438	540	364	1067	52098	0	54069
10439	453	444	52103	1465	0	54465
10440	427	51545	1247	1358	0	54577
10441	440	1102	1079	51610	0	54231
10442	51531	1055	442	1272	0	54300
10443	1281	465	335	52071	0	54152
10444	1184	345	50652	1329	0	53510
10445	48539	292	1305	1227	0	51363
10446	1392	271	51112	638	0	53413
10447	1349	246	48986	501	0	51082
10448	446	46441	1768	474	0	49129
10449	219	37317	871	343	0	38750
10450	267	34005	623	285	0	35180
10451	25058	905	1143	668	0	27774
10452	22893	153	152	127	0	23325
10453	158	47	22	23270	0	23497
10454	115	26	26	23540	0	23707
10455	53	19	20	23882	0	23974
10456	32	24128	39	213	0	24412
10457	24099	76	29	131	0	24335
10458	89	24372	37	72	0	24570
10459	110	88	20	24443	0	24661
10460	24214	108	34	130	0	24486
10461	93	47	30	24350	0	24520
10462	126	25	27	24837	0	25015
10463	24931	27	35	211	0	25204
10464	24424	33	31	155	0	24643
10465	226	35	24703	67	0	25031
10466	156	52	24447	44	0	24699
10467	58	57	25441	59	0	25615
10468	47	41	221	25032	0	25341
10469	44	55	148	25464	0	25711
10470	31	25853	56	247	0	26187
10471	26387	113	40	158	0	26698
10472	126	126	32	26899	0	27183
10473	142	35	32	27212	0	27421
10474	50	27797	47	278	0	28172
10475	42	29304	51	223	0	29620
10476	54	233	28	30117	0	30432
10477	59	170	25	33146	0	33400
10478	33430	53	30	400	0	33913
10479	33265	40	31	285	0	33621
10480	426	50	24	33446	0	33946
10481	305	53	33550	261	0	34169
10482	97	69	32921	301	0	33388
10483	74	38	414	33234	0	33760
10484	75	33	268	32893	0	33269
10485	56	33116	81	485	0	33738
10486	32219	200	61	354	0	32834
10487	234	245	70	32340	0	32889
10488	269	88	32650	276	0	33283
10489	69	49	228	33104	0	33450
10490	81	62	33322	301	0	33766
10491	93	65	33549	285	0	33992
10492	83	131	443	33662	0	34319
10493	33653	48	272	321	0	34294
10494	244	55	33597	300	0	34196
10495	250	57	217	32995	0	33519
10496	102	94	36026	280	0	36502
10497	78	33	230	35677	0	36018
10498	69	48	240	36058	0	36415
10499	95	55	35948	460	0	36558
10500	98	45	35276	320	0	35739
10501	83	54	477	33058	0	33672
10502	61	31	285	35784	0	36161
10503	66	24	90	36138	0	36318
10504	56	43	91	35798	0	35988
10505	35406	41	72	505	0	36024
10506	35312	47	72	349	0	35780
10507	411	35559	128	148	0	36246
10508	35868	207	77	176	0	36328
10509	245	237	93	36087	0	36662
10510	36442	51	114	314	0	36921
10511	289	51	36276	357	0	36973
10512	36129	35	286	160	0	36610
10513	288	43	317	36895	0	37543
10514	286	40	117	38223	0	38666
10515	38207	39	105	553	0	38904
10516	270	51	110	41107	0	41538
10517	326	72	42616	458	0	43472
10518	41456	51	359	504	0	42370
10519	369	43699	475	227	0	44770
10520	459	311	109	45629	0	46508
10521	156	445	48867	490	0	49958
10522	107	63	449	48653	0	49272
10523	126	108	49625	601	0	50460
10524	119	73	454	49012	0	49658
10525	111	49914	603	589	0	51217
10526	152	417	119	49963	0	50651
10527	122	52530	135	563	0	53350
10528	175	567	112	50752	0	51606
10529	142	595	89	54577	0	55403
10530	137	79	116	55352	0	55684
10531	173	59	137	55385	0	55754
10532	171	55	126	55676	0	56028
10533	158	78	54461	1274	0	55971
10534	125	42	575	54585	0	55327
10535	107	65	722	54681	0	55575
10536	54327	44	204	1255	0	55830
10537	506	54404	174	1036	0	56120
10538	54815	519	131	311	0	55776
10539	597	686	128	54539	0	55950
10540	771	150	54502	739	0	56162
10541	148	54729	599	956	0	56432
10542	53345	504	780	341	0	54970
10543	510	54634	211	367	0	55722
10544	656	55065	199	336	0	56256
10545	54071	1089	171	292	0	55623
10546	562	735	145	56602	0	58044
10547	57064	117	126	777	0	58084
10548	627	96	144	56491	0	57358
10549	797	91	56359	849	0	58096
10550	176	142	55607	959	0	56884
10551	52908	86	1263	413	0	54670
10552	55571	65	878	369	0	56883
10553	1233	85	214	54617	0	56149
10554	820	98	152	55081	0	56151
10555	53364	89	107	1454	0	55014
10556	594	53480	158	1077	0	55309
10557	774	54389	145	391	0	55699
10558	53689	1192	95	320	0	55296
10559	53304	776	133	250	0	54463
10560	1288	53770	150	272	0	55480
10561	880	640	121	53454	0	55095
10562	303	788	53188	744	0	55023
10563	199	226	52940	874	0	54239
10564	50763	145	1264	325	0	52497
10565	748	153	53549	290	0	54740
10566	856	118	640	51077	0	52691
10567	240	154	763	49907	0	51064
10568	221	51616	204	1342	0	53383
10569	50741	609	190	904	0	52444
10570	735	759	134	51160	0	52788
10571	902	191	50463	750	0	52306
10572	253	50324	601	1067	0	52245
10573	222	843	778	49309	0	51152
10574	252	756	49430	762	0	51200
10575	272	234	48188	864	0	49558
10576	172	47228	1198	351	0	48949
10577	43414	522	724	229	0	44889
10578	512	44647	205	255	0	45619
10579	44328	541	154	229	0	45252
10580	556	673	43671	247	0	45147
10581	42009	159	505	239	0	42912
10582	529	43728	682	282	0	45221
10583	685	505	162	43513	0	44865
10584	181	647	152	44573	0	45553
10585	44164	183	171	1108	0	45626
10586	558	167	44178	842	0	45745
10587	43703	155	527	338	0	44723
10588	43984	135	687	293	0	45099
10589	1080	159	43210	294	0	44743
10590	741	163	43659	279	0	44842
10591	224	226	1044	42258	0	43752
10592	42961	154	723	679	0	44517
10593	42677	152	218	808	0	43855
10594	1051	43651	202	374	0	45278
10595	751	582	144	43868	0	45345
10596	261	711	127	42238	0	43337
10597	233	212	165	42806	0	43416
10598	241	178	170	43418	0	44007
10599	42528	172	178	1163	0	44041
10600	661	154	142	43567	0	44524
10601	778	209	43136	671	0	44794
10602	304	171	42817	766	0	44058
10603	40262	163	1147	310	0	41882
10604	679	42550	775	210	0	44214
10605	812	43510	245	241	0	44808
10606	332	1172	210	43284	0	44998
10607	297	735	166	43886	0	45084
10608	273	190	174	43897	0	44534
10609	240	161	180	44341	0	44922
10610	276	175	43197	1260	0	44908
10611	294	131	541	42849	0	43815
10612	282	126	719	42488	0	43615
10613	259	163	41421	1144	0	42987
10614	37627	134	635	832	0	39228
10615	590	40036	716	573	0	41915
10616	37218	398	239	237	0	38092
10617	534	511	36105	207	0	37357
10618	636	127	34930	176	0	35869
10619	172	34346	790	194	0	35502
10620	30714	894	1892	345	0	33845
10621	28681	391	261	141	0	29474
10622	28639	85	97	108	0	28929
10623	545	28179	101	136	0	28961
10624	27344	243	86	109	0	27782
10625	310	272	27532	97	0	28211
10626	289	27315	259	130	0	27993
10627	26225	207	305	62	0	26799
10628	244	26705	95	86	0	27130
10629	25532	192	57	50	0	25831
10630	24902	214	56	59	0	25231
10631	387	61	25495	50	0	25993
10632	235	25607	205	81	0	26128
10633	24993	181	224	57	0	25455
10634	233	217	25150	52	0	25652
10635	223	25234	212	66	0	25735
10636	97	215	235	24519	0	25066
10637	72	188	24624	197	0	25081
10638	59	69	24121	215	0	24464
10639	80	110	325	23901	0	24416
10640	23804	23	228	182	0	24237
10641	184	23902	56	269	0	24411
10642	224	143	23667	59	0	24093
10643	88	172	23367	33	0	23660
10644	21666	42	328	45	0	22081
10645	159	23675	184	63	0	24081
10646	21152	97	123	16	0	21388
10647	99	21308	30	46	0	21483
10648	21624	93	65	31	0	21813
10649	21197	98	30	21	0	21346
10650	192	21252	32	34	0	21510
10651	114	98	30	21363	0	21605
10652	22418	111	18	111	0	22658
10653	131	27	11	22835	0	23004
10654	132	24	23	24101	0	24280
10655	24142	15	40	239	0	24436
10656	127	24240	42	176	0	24585
10657	24633	129	22	40	0	24824
10658	174	172	24633	30	0	25009
10659	170	30	137	24705	0	25042
10660	44	22	155	24817	0	25038
10661	24888	25	27	284	0	25224
10662	24712	21	25	172	0	24930
10663	281	22	34	24836	0	25173
10664	190	44	25377	173	0	25784
10665	52	32	130	25209	0	25423
10666	57	19	158	25514	0	25748
10667	50	26	30	25747	0	25853
10668	40	31	25	25756	0	25852
10669	25245	29	26	300	0	25600
10670	185	33	25452	195	0	25865
10671	165	25747	157	92	0	26161
10672	61	144	157	25468	0	25830
10673	57	169	31	26287	0	26544
10674	94	44	26415	311	0	26864
10675	68	51	26175	202	0	26496
10676	53	37	306	26810	0	27206
10677	49	27	195	27019	0	27290
10678	83	31	26736	389	0	27239
10679	54	48	184	26617	0	26903
10680	27015	26	210	232	0	27483
10681	208	28186	65	276	0	28735
10682	271	193	27917	87	0	28468
10683	64	28337	213	85	0	28699
10684	74	213	227	28343	0	28857
10685	80	257	28506	230	0	29073
10686	65	28419	212	323	0	29019
10687	64	188	242	28302	0	28796
10688	63	259	29008	216	0	29546
10689	68	52	205	28581	0	28906
10690	60	31	243	28891	0	29225
10691	28897	40	69	462	0	29468
10692	219	38	53	29087	0	29397
10693	29233	31	47	261	0	29572
10694	27950	43	54	294	0	28341
10695	28159	37	63	103	0	28362
10696	442	48	56	27978	0	28524
10697	297	50	27798	264	0	28409
10698	104	55	27226	288	0	27673
10699	26821	38	427	108	0	27394
10700	253	58	28030	81	0	28422
10701	26172	40	235	99	0	26546
10702	219	27395	268	118	0	28000
10703	27564	178	98	93	0	27933
10704	252	227	27966	107	0	28552
10705	291	59	28545	91	0	28986
10706	74	34	412	28733	0	29253
10707	71	36	30349	277	0	30733
10708	83	42	30823	315	0	31263
10709	83	37	523	31261	0	31904
10710	59	31	322	32831	0	33243
10711	62	39	76	33567	0	33744
10712	47	34237	96	735	0	35115
10713	76	309	69	33033	0	33487
10714	43	35072	97	351	0	35563
10715	34741	314	75	419	0	35549
10716	35064	393	73	128	0	35658
10717	674	58	77	34015	0	34824
10718	436	34240	98	402	0	35176
10719	96	310	34862	464	0	35732
10720	34641	384	369	139	0	35533
10721	371	73	464	34867	0	35775
10722	479	32	114	34952	0	35577
10723	125	82	77	35829	0	36113
10724	34686	47	93	807	0	35633
10725	362	34313	109	553	0	35337
10726	451	34750	127	157	0	35485
10727	33317	705	86	121	0	34229
10728	342	34250	101	168	0	34861
10729	34372	356	86	125	0	34939
10730	33792	440	85	134	0	34451
10731	746	33935	104	169	0	34954
10732	484	354	91	32992	0	33921
10733	109	34205	104	408	0	34826
10734	100	365	71	33959	0	34495
10735	110	457	62	35000	0	35629
10736	35073	86	78	858	0	36095
10737	35840	82	89	582	0	36593
10738	879	151	78	35787	0	36895
10739	613	92	35381	490	0	36576
10740	33786	87	435	615	0	34923
10741	430	35163	548	231	0	36372
10742	560	436	153	34966	0	36115
10743	183	524	107	35334	0	36148
10744	147	138	92	35864	0	36241
10745	34166	106	88	993	0	35353
10746	33880	111	100	665	0	34756
10747	898	33358	112	232	0	34600
10748	582	33533	128	192	0	34435
10749	196	857	90	33170	0	34313
10750	152	595	103	33522	0	34372
10751	163	172	33384	929	0	34648
10752	155	148	395	32563	0	33261
10753	160	109	32239	514	0	33022
10754	122	115	30287	589	0	31113
10755	127	30194	773	230	0	31324
10756	230	403	560	30045	0	31238
10757	30287	476	123	485	0	31371
10758	420	110	82	30340	0	30952
10759	579	101	29855	477	0	31012
10760	28841	126	374	541	0	29882
10761	29378	108	474	195	0	30155
10762	873	117	29393	176	0	30559
10763	594	90	379	29614	0	30677
10764	29330	98	475	458	0	30361
10765	461	29765	139	578	0	30943
10766	30272	402	106	219	0	30999
10767	30437	511	101	205	0	31254
10768	864	143	104	29991	0	31102
10769	593	103	100	30867	0	31663
10770	30664	103	103	915	0	31785
10771	477	122	114	31051	0	31764
10772	608	103	30700	558	0	31969
10773	29365	94	416	616	0	30491
10774	29424	106	505	228	0	30263
10775	842	29279	131	271	0	30523
10776	542	29466	98	217	0	30323
10777	196	872	79	28234	0	29381
10778	138	29551	95	464	0	30248
10779	192	568	119	29309	0	30188
10780	28607	473	65	502	0	29647
10781	27644	115	78	542	0	28379
10782	750	27591	106	224	0	28671
10783	27295	373	75	172	0	27915
10784	438	27357	94	199	0	28088
10785	27136	380	89	166	0	27771
10786	26950	439	90	201	0	27680
10787	792	140	26528	192	0	27652
10788	25904	105	340	168	0	26517
10789	471	25841	438	172	0	26922
10790	521	26164	112	178	0	26975
10791	26086	688	123	157	0	27054
10792	489	453	71	26025	0	27038
10793	562	160	26104	388	0	27214
10794	220	127	351	26061	0	26759
10795	198	140	399	26320	0	27057
10796	189	131	25864	749	0	26933
10797	24304	108	337	558	0	25307
10798	433	25410	428	236	0	26507
10799	25035	321	104	197	0	25657
10800	485	429	74	24270	0	25258
10801	24336	127	62	399	0	24924
10802	455	23985	116	465	0	25021
10803	521	429	58	23816	0	24824
10804	23486	414	63	384	0	24347
10805	441	120	22318	434	0	23313
10806	458	93	20820	175	0	21546
10807	19255	120	648	135	0	20158
10808	350	19332	361	120	0	20163
10809	291	16908	102	97	0	17398
10810	350	504	191	15602	0	16647
10811	137	16196	67	222	0	16622
10812	121	272	87	15942	0	16422
10813	130	238	63	16180	0	16611
10814	104	81	50	15921	0	16156
10815	91	15639	85	406	0	16221
10816	118	205	56	15456	0	15835
10817	114	237	15077	232	0	15660
10818	109	14817	169	244	0	15339
10819	106	274	162	13169	0	13711
10820	96	13972	75	166	0	14309
10821	13729	166	60	171	0	14126
10822	13659	191	41	106	0	13997
10823	13736	66	52	67	0	13921
10824	326	13987	71	79	0	14463
10825	236	144	50	13742	0	14172
10826	140	198	13672	136	0	14146
10827	111	90	13528	180	0	13909
10828	12767	122	260	107	0	13256
10829	12887	83	178	89	0	13237
10830	258	67	56	13426	0	13807
10831	220	69	46	13803	0	14138
10832	101	56	14127	322	0	14606
10833	60	13873	159	262	0	14354
10834	86	13956	205	129	0	14376
10835	99	230	12927	78	0	13334
10836	96	259	173	11826	0	12354
10837	48	62	139	11033	0	11282
10838	57	42	23	11996	0	12118
10839	47	54	24	12008	0	12133
10840	11887	52	23	182	0	12144
10841	114	50	11605	127	0	11896
10842	11395	50	67	41	0	11553
10843	112	32	104	11620	0	11868
10844	11665	38	32	91	0	11826
10845	110	37	25	11719	0	11891
10846	127	52	11917	94	0	12190
10847	70	36	78	11965	0	12149
10848	64	57	12380	94	0	12595
10849	41	59	93	12010	0	12203
10850	54	33	12741	122	0	12950
10851	36	12758	73	120	0	12987
10852	33	83	88	12648	0	12852
10853	43	90	29	12430	0	12592
10854	25	12979	30	160	0	13194
10855	13231	76	30	104	0	13441
10856	82	91	25	13198	0	13396
10857	106	33	26	13026	0	13191
10858	13290	32	30	157	0	13509
10859	13340	27	22	131	0	13520
10860	13860	30	23	48	0	13961
10861	13899	29	22	44	0	13994
10862	171	30	13504	55	0	13760
10863	13300	18	71	41	0	13430
10864	13623	23	102	43	0	13791
10865	161	26	29	13179	0	13395
10866	122	34	20	13077	0	13253
10867	12808	18	25	145	0	12996
10868	64	12736	28	127	0	12955
10869	87	71	24	12282	0	12464
10870	22	81	12833	70	0	13006
10871	17	12539	59	85	0	12700
10872	12339	65	91	47	0	12542
10873	12408	67	30	34	0	12539
10874	12447	17	16	23	0	12503
10875	12619	14	14	21	0	12668
10876	103	11	5	12280	0	12399
10877	92	15	12178	52	0	12337
10878	31	23	12921	78	0	13053
10879	31	10	120	13701	0	13862
10880	14462	6	93	79	0	14640
10881	91	3	21	14558	0	14673
10882	128	11	14829	96	0	15064
10883	14772	6	95	105	0	14978
10884	14887	5	105	40	0	15037
10885	196	12	22	15200	0	15430
10886	134	13	15877	127	0	16151
10887	32	13	16239	122	0	16406
10888	15349	12	203	40	0	15604
10889	102	16118	127	38	0	16385
10890	134	90	16429	28	0	16681
10891	47	109	110	16216	0	16482
10892	16340	20	121	106	0	16587
10893	109	16164	24	128	0	16425
10894	124	16247	24	43	0	16438
10895	16194	188	30	31	0	16443
10896	108	125	18	16172	0	16423
10897	17382	14	17	120	0	17533
10898	136	15	17	17777	0	17945
10899	149	29	15	17867	0	18060
10900	56	16	18013	244	0	18329
10901	49	11	17546	164	0	17770
10902	57	14	18359	34	0	18464
10903	36	15	253	18046	0	18350
10904	18393	9	170	145	0	18717
10905	153	8	18592	167	0	18920
10906	175	9	142	18495	0	18821
10907	62	36	19120	158	0	19376
10908	29	19353	145	199	0	19726
10909	37	153	179	19534	0	19903
10910	32	162	47	19623	0	19864
10911	34	22	29	19900	0	19985
10912	19678	15	32	320	0	20045
10913	145	23	31	19747	0	19946
10914	187	15	32	19795	0	20029
10915	19762	15	33	321	0	20131
10916	177	21	19635	208	0	20041
10917	19468	18	145	55	0	19686
10918	19459	14	177	47	0	19697
10919	320	24	19469	58	0	19871
10920	18901	12	149	48	0	19110
10921	178	32	198	19263	0	19671
10922	219	21	20098	147	0	20485
10923	19780	19	160	203	0	20162
10924	20062	11	193	67	0	20333
10925	335	15	45	20052	0	20447
10926	200	12	50	20129	0	20391
10927	61	15	37	20352	0	20465
10928	19920	10	33	317	0	20280
10929	158	20124	46	237	0	20565
10930	19584	118	40	80	0	19822
10931	235	19034	48	56	0	19373
10932	170	18884	43	65	0	19162
10933	67	273	49	18921	0	19310
10934	41	151	29	19089	0	19310
10935	59	26	33	19005	0	19123
10936	46	21	39	19134	0	19240
10937	64	22	18810	286	0	19182
10938	18116	19	157	193	0	18485
10939	153	28	156	18907	0	19244
10940	205	22	19254	166	0	19647
10941	56	19	136	19335	0	19546
10942	56	18	165	19539	0	19778
10943	74	28	20385	294	0	20781
10944	59	18	135	20360	0	20572
10945	55	17	173	20432	0	20677
10946	20209	27	57	328	0	20621
10947	162	25	20559	210	0	20956
10948	19563	20	149	81	0	19813
10949	162	20786	167	104	0	21219
10950	20402	122	58	78	0	20660
10951	19860	152	49	71	0	20132
10952	300	31	50	20041	0	20422
10953	219	31	20059	181	0	20490
10954	65	21084	159	220	0	21528
10955	84	157	180	19849	0	20270
10956	45	21968	64	195	0	22272
10957	21746	160	57	229	0	22192
10958	190	195	21490	82	0	21957
10959	214	44	21385	89	0	21732
10960	52	30	342	20995	0	21419
10961	69	34	22030	207	0	22340
10962	64	29	177	22080	0	22350
10963	57	31	209	22108	0	22405
10964	22446	24	56	377	0	22903
10965	187	22752	49	311	0	23299
10966	230	183	54	22994	0	23461
10967	59	195	50	23422	0	23726
10968	60	30	50	23196	0	23336
10969	62	23118	73	397	0	23650
10970	63	23184	63	277	0	23587
10971	22920	318	57	91	0	23386
10972	22917	203	55	92	0	23267
10973	22891	35	49	97	0	23072
10974	394	33	22767	74	0	23268
10975	229	120	194	22431	0	22974
10976	84	56	22816	243	0	23199
10977	65	22595	197	280	0	23137
10978	21627	196	246	112	0	22181
10979	181	180	21432	103	0	21896
10980	182	86	141	20629	0	21038
10981	74	30	21235	169	0	21508
10982	20335	29	165	209	0	20738
10983	21096	21	192	77	0	21386
10984	21248	20	44	62	0	21374
10985	20936	28	49	60	0	21073
10986	289	49	21377	81	0	21796
10987	20746	22	132	76	0	20976
10988	20997	24	159	53	0	21233
10989	260	21032	49	84	0	21425
10990	20833	122	33	52	0	21040
10991	21047	143	31	62	0	21283
10992	274	29	55	20272	0	20630
10993	179	21594	50	146	0	21969
10994	22483	130	29	172	0	22814
10995	23995	163	43	60	0	24261
10996	357	55	26905	75	0	27392
10997	247	28	27182	39	0	27496
10998	87	27	27945	43	0	28102
10999	45	146	460	27192	0	27843
11000	27208	22	317	211	0	27758
11001	213	27436	70	357	0	28076
11002	27031	190	43	56	0	27320
11003	243	27375	64	62	0	27744
11004	26849	205	45	36	0	27135
11005	215	26963	58	50	0	27286
11006	276	27137	35	58	0	27506
11007	26112	401	30	47	0	26590
11008	226	26984	42	37	0	27289
11009	293	222	35	26647	0	27197
11010	89	247	26991	188	0	27515
11011	75	47	27034	250	0	27406
11012	58	36	414	26569	0	27077
11013	62	35	273	27235	0	27605
11014	92	41	27121	419	0	27673
11015	63	31	216	26833	0	27143
11016	69	31	260	27245	0	27605
11017	27045	39	68	432	0	27584
11018	222	27323	56	336	0	27937
11019	319	220	42	25537	0	26118
11020	80	27800	77	211	0	28168
11021	27318	237	59	243	0	27857
11022	230	27758	69	85	0	28142
11023	27692	228	43	54	0	28017
11024	27426	294	44	40	0	27804
11025	478	86	39	27152	0	27755
11026	333	60	67	27284	0	27744
11027	107	72	50	27640	0	27869
11028	85	66	59	27749	0	27959
11029	85	76	27041	483	0	27685
11030	24994	56	230	337	0	25617
11031	225	26976	300	110	0	27611
11032	314	232	67	27160	0	27773
11033	97	295	70	27029	0	27491
11034	107	27562	78	461	0	28208
11035	27355	240	93	309	0	27997
11036	250	27952	84	119	0	28405
11037	316	263	65	27808	0	28452
11038	120	305	58	28236	0	28719
11039	104	102	46	28558	0	28810
11040	117	90	58	28298	0	28563
11041	27689	82	66	507	0	28344
11042	305	93	27807	338	0	28543
11043	331	85	241	27003	0	27660
11044	109	82	312	27221	0	27724
11045	108	77	98	27467	0	27750
11046	110	82	89	27370	0	27651
11047	26440	66	63	549	0	27118
11048	319	89	26758	371	0	27537
11049	340	110	241	25067	0	25758
11050	120	25611	302	270	0	26303
11051	100	26343	71	352	0	26866
11052	26037	479	59	149	0	26724
11053	281	348	26229	113	0	26971
11054	24413	128	225	103	0	24869
11055	298	104	25208	103	0	25713
11056	276	99	197	24062	0	24634
11057	24457	61	247	274	0	25039
11058	195	25087	104	365	0	25751
11059	264	206	111	23381	0	23962
11060	99	25116	102	243	0	25560
11061	24631	240	81	304	0	25256
11062	24566	251	68	170	0	25055
11063	415	78	62	24661	0	25216
11064	299	76	24420	281	0	25076
11065	132	92	24364	327	0	24915
11066	112	121	364	23658	0	24255
11067	80	24721	279	254	0	25334
11068	109	261	50	25074	0	25494
11069	90	311	42	24428	0	24871
11070	110	111	32	24633	0	24886
11071	111	109	24438	481	0	25139
11072	89	73	208	24405	0	24775
11073	93	61	265	24260	0	24679
11074	51	24263	88	694	0	25096
11075	61	317	64	23462	0	23904
11076	44	252	74	25106	0	25476
11077	68	52	69	25400	0	25589
11078	74	55	64	25369	0	25562
11079	89	57	39	24967	0	25152
11080	72	77	53	24942	0	25144
11081	71	79	26	24611	0	24787
11082	82	80	79	24106	0	24347
11083	87	96	18472	4204	0	22859
11084	94	99	140	23535	0	23868
11085	23171	66	218	326	0	23781
11086	233	59	54	23016	0	23362
11087	301	50	23126	320	0	23797
11088	22391	57	191	380	0	23019
11089	23315	62	259	174	0	23810
11090	23493	75	63	161	0	23792
11091	23378	42	74	161	0	23655
11092	451	65	45	23471	0	24032
11093	288	56	23176	317	0	23837
11094	86	22371	195	366	0	23018
11095	65	21042	249	144	0	21500
11096	290	392	515	16553	0	17750
11097	46	105	133	16842	0	17126
11098	14	14	6	16912	0	16946
11099	7	12	7	17346	0	17372
11100	23	7	7	18767	0	18804
11101	19778	15	13	226	0	20032
11102	119	20248	20	194	0	20581
11103	200	20880	16	57	0	21153
11104	23	391	18	21238	0	21670
11105	13	240	13	21562	0	21828
11106	21	23	8	21792	0	21844
11107	16	13	10	21700	0	21739
11108	26	22	20951	440	0	21439
11109	17	20748	168	310	0	21243
11110	24	172	226	20570	0	20992
11111	20236	220	30	204	0	20690
11112	167	29	13	20602	0	20811
11113	225	29	20625	220	0	21099
11114	43	31	20234	265	0	20573
11115	39	29	20960	69	0	21097
11116	24	64	409	20244	0	20741
11117	20942	15	306	220	0	21483
11118	169	17	32	21297	0	21515
11119	233	12	12	21571	0	21828
11120	21390	7	21	419	0	21837
11121	188	10	24	21838	0	22060
11122	241	15	29	21883	0	22168
11123	52	31	22928	427	0	23438
11124	19	23108	192	305	0	23624
11125	33	185	236	23685	0	24139
11126	23580	237	37	227	0	24081
11127	190	33	14	24008	0	24245
11128	276	37	23987	264	0	24564
11129	58	69	194	23861	0	24182
11130	22	24193	269	267	0	24751
11131	28	201	43	24603	0	24875
11132	49	277	24305	263	0	24894
11133	19	25689	218	335	0	26261
11134	57	290	268	25846	0	26461
11135	37	304	65	28022	0	28428
11136	24	51	37	28856	0	28968
11137	30	30	36	29148	0	29244
11138	50	46	28500	685	0	29281
11139	13	28501	288	518	0	29320
11140	28520	258	380	131	0	29289
11141	28659	372	65	101	0	29197
11142	606	66	36	28581	0	29289
11143	402	43	28441	343	0	29229
11144	27496	26	280	445	0	28247
11145	271	31	378	28678	0	29358
11146	398	30	29541	339	0	30308
11147	75	21	290	29748	0	30134
11148	48	37	398	29560	0	30043
11149	49	31	73	30094	0	30247
11150	70	53	30244	730	0	31097
11151	105	44	292	28583	0	29024
11152	41	30337	423	374	0	31175
11153	30324	286	75	453	0	31138
11154	30308	397	50	147	0	30902
11155	30476	63	50	139	0	30728
11156	675	30089	60	151	0	30975
11157	30083	297	49	129	0	30558
11158	331	408	54	29414	0	30207
11159	29390	65	65	393	0	29913
11160	29098	52	55	516	0	29721
11161	711	58	28850	177	0	29796
11162	455	28662	302	174	0	29593
11163	28317	299	430	119	0	29165
11164	341	405	86	28263	0	29095
11165	433	84	28332	396	0	29245
11166	111	28411	316	495	0	29333
11167	27819	296	420	178	0	28713
11168	331	395	84	28032	0	28842
11169	439	75	65	28362	0	28941
11170	110	60	67	28430	0	28667
11171	76	28025	77	799	0	28977
11172	99	306	56	28264	0	28725
11173	88	28149	95	449	0	28781
11174	89	323	72	28185	0	28669
11175	118	429	27780	411	0	28738
11176	93	98	313	27998	0	28502
11177	113	59	418	28055	0	28645
11178	109	48	106	28582	0	28845
11179	112	89	27930	800	0	28931
11180	106	66	316	28104	0	28592
11181	125	54	425	28358	0	28962
11182	86	72	104	28843	0	29105
11183	102	66	110	28812	0	29090
11184	105	65	98	28997	0	29265
11185	116	106	28397	832	0	29451
11186	115	71	327	28455	0	28968
11187	115	68	436	27996	0	28615
11188	27002	62	114	804	0	27982
11189	333	27081	94	631	0	28139
11190	471	27698	100	268	0	28537
11191	132	659	85	27558	0	28434
11192	114	444	85	27224	0	27867
11193	107	26662	106	802	0	27677
11194	122	346	76	26724	0	27268
11195	100	26726	109	490	0	27425
11196	156	337	78	26480	0	27051
11197	144	416	74	25930	0	26564
11198	117	108	25244	714	0	26183
11199	104	24775	297	547	0	25723
11200	103	23716	330	210	0	24359
11201	20856	456	231	173	0	21716
11202	198	21564	76	153	0	21991
11203	284	223	59	20881	0	21447
11204	120	257	20473	278	0	21128
11205	93	132	179	20254	0	20658
11206	19954	83	247	283	0	20567
11207	227	71	20624	333	0	21255
11208	263	21126	195	156	0	21740
11209	99	214	254	19810	0	20377
11210	81	256	63	21516	0	21916
11211	21787	59	73	470	0	22389
11212	194	67	61	22182	0	22504
11213	241	66	54	22117	0	22478
11214	77	72	48	22211	0	22408
11215	59	71	41	22155	0	22326
11216	21459	58	50	505	0	22072
11217	21367	64	58	377	0	21866
11218	355	70	54	21461	0	21940
11219	21101	57	55	289	0	21502
11220	200	52	55	20828	0	21135
11221	255	65	20296	306	0	20922
11222	81	62	20065	356	0	20564
11223	85	218	343	18245	0	18891
11224	65	18929	221	259	0	19474
11225	68	178	61	18736	0	19043
11226	18389	202	51	270	0	18912
11227	145	51	45	18813	0	19054
11228	18340	52	49	268	0	18709
11229	168	48	42	18900	0	19158
11230	219	74	19099	242	0	19634
11231	41	18969	149	320	0	19479
11232	48	19296	191	160	0	19695
11233	53	497	87	17247	0	17884
11234	45	174	17555	167	0	17941
11235	12	15491	60	117	0	15680
11236	87	102	84	14700	0	14973
11237	14371	55	25	77	0	14528
11238	43	23	14906	63	0	15035
11239	47	14	30	14807	0	14898
11240	10	18	37	15420	0	15485
11241	17	12	15473	84	0	15586
11242	29	17	14952	59	0	15057
11243	15	43	15646	25	0	15729
11244	8	37	77	15458	0	15580
11245	26	16	16133	40	0	16215
11246	14194	8	43	79	0	14324
11247	49	14	70	16630	0	16763
11248	86	25	19872	59	0	20042
11249	21	20546	60	135	0	20762
11250	35	52	20604	44	0	20735
11251	16	114	55	20378	0	20563
11252	21311	23	108	73	0	21515
11253	47	10	23	21973	0	22053
11254	94	14	16	22221	0	22345
11255	23782	6	13	176	0	23977
11256	88	16	9	24441	0	24554
11257	142	44	24989	113	0	25288
11258	24115	12	107	166	0	24400
11259	89	25492	170	71	0	25822
11260	25947	80	26	29	0	26082
11261	113	156	12	25835	0	26116
11262	194	33	25848	105	0	26180
11263	52	21	26237	188	0	26498
11264	33	39	255	25959	0	26286
11265	30	30	190	25836	0	26086
11266	47	20	26355	262	0	26684
11267	32	35	25614	190	0	25871
11268	25791	19	278	39	0	26127
11269	112	13	211	26395	0	26731
11270	26685	8	52	139	0	26884
11271	133	10	25	26527	0	26695
11272	217	15	27604	163	0	27999
11273	64	21	28522	221	0	28828
11274	35	23	315	28724	0	29097
11275	34	8	236	29451	0	29729
11276	48	19	30380	353	0	30800
11277	29211	9	166	273	0	29659
11278	183	15	249	31395	0	31842
11279	32633	16	58	201	0	32908
11280	247	36654	53	314	0	37268
11281	304	286	36	37464	0	38090
11282	37720	376	56	344	0	38496
11283	367	50	38273	443	0	39133
11284	423	40	348	38121	0	38932
11285	90	10	424	38178	0	38702
11286	61	21	79	39230	0	39391
11287	80	64	38708	804	0	39656
11288	65	26	359	37910	0	38360
11289	44	38917	477	445	0	39883
11290	55	314	90	39318	0	39777
11291	73	427	38893	417	0	39810
11292	81	73	39272	477	0	39903
11293	58	28	805	38808	0	39699
11294	50	21	492	39301	0	39864
11295	50	25	109	40156	0	40340
11296	55	24	90	40371	0	40540
11297	39593	18	93	869	0	40573
11298	39053	21	69	576	0	39719
11299	814	43	39173	154	0	40184
11300	509	39800	412	144	0	40865
11301	119	340	481	40302	0	41242
11302	41580	428	103	477	0	42588
11303	39779	68	101	576	0	40524
11304	42036	34	78	179	0	42327
11305	42000	29	85	176	0	42290
11306	885	75	41506	129	0	42595
11307	39955	36	402	180	0	40573
11308	444	40493	531	162	0	41630
11309	521	358	123	40788	0	41790
11310	152	455	41183	489	0	42279
11311	132	81	451	40593	0	41257
11312	138	70	41087	550	0	41845
11313	106	38	482	40787	0	41413
11314	118	67	513	41400	0	42098
11315	41070	55	150	978	0	42253
11316	460	40	135	41670	0	42305
11317	568	77	41644	586	0	42875
11318	150	59	461	42651	0	43321
11319	42262	48	578	619	0	43507
11320	462	48	181	43100	0	43791
11321	612	70	42699	606	0	43987
11322	180	42109	489	712	0	43490
11323	43377	380	560	338	0	44655
11324	517	505	194	41250	0	42466
11325	567	44126	215	527	0	45435
11326	43755	394	166	626	0	44941
11327	507	527	43835	313	0	45182
11328	578	43423	519	328	0	44848
11329	171	407	635	43712	0	44925
11330	210	507	43480	607	0	44804
11331	170	102	515	42386	0	43173
11332	42402	59	587	676	0	43724
11333	543	84	42557	725	0	43909
11334	614	89	469	41970	0	43142
11335	262	93	42983	646	0	43984
11336	233	70	546	42094	0	42943
11337	180	78	614	43011	0	43883
11338	42004	78	206	1054	0	43342
11339	530	42283	178	841	0	43832
11340	651	386	168	42465	0	43670
11341	42023	467	169	645	0	43304
11342	41942	134	174	669	0	42919
11343	947	116	164	41061	0	42288
11344	624	40866	218	626	0	42334
11345	213	41942	193	712	0	43060
11346	200	840	215	41057	0	42312
11347	190	513	182	40770	0	41655
11348	37165	112	169	999	0	38445
11349	472	71	172	37253	0	37968
11350	512	89	35775	666	0	37042
11351	32525	75	451	656	0	33707
11352	460	34807	499	362	0	36128
11353	34444	372	184	271	0	35271
11354	548	429	35009	259	0	36245
11355	468	35071	437	252	0	36228
11356	35030	433	615	199	0	36277
11357	34737	395	216	228	0	35576
11358	803	110	35021	186	0	36120
11359	34342	111	440	164	0	35057
11360	35141	69	411	156	0	35777
11361	797	35685	152	177	0	36811
11362	513	396	88	36410	0	37407
11363	205	445	36257	477	0	37384
11364	154	112	450	36868	0	37584
11365	156	116	37878	558	0	38708
11366	135	89	471	36955	0	37650
11367	37373	64	512	538	0	38487
11368	483	55	137	38478	0	39153
11369	543	88	41324	572	0	42527
11370	40990	61	514	588	0	42153
11371	583	62	574	42926	0	44145
11372	589	63	41989	615	0	43256
11373	39338	60	550	652	0	40600
11374	580	132	566	41121	0	42399
11375	622	72	40411	618	0	41723
11376	198	105	39699	571	0	40573
11377	168	523	882	37997	0	39570
11378	165	74	39730	530	0	40499
11379	117	37841	512	495	0	38965
11380	197	428	372	33047	0	34044
11381	32993	285	92	296	0	33666
11382	287	59	33412	304	0	34062
11383	337	27	33136	56	0	33556
11384	30198	25	581	84	0	30888
11385	288	22	33414	46	0	33770
11386	30757	17	299	57	0	31130
11387	308	23	33077	56	0	33464
11388	318	26	286	32015	0	32645
11389	83	36	33225	256	0	33600
11390	57	25	304	32366	0	32752
11391	68	22	33798	273	0	34161
11392	45	32	33325	293	0	33695
11393	29238	23	560	92	0	29913
11394	256	33275	334	63	0	33928
11395	33507	228	98	53	0	33886
11396	278	33933	89	60	0	34360
11397	317	266	89	33549	0	34221
11398	79	279	67	34277	0	34702
11399	34038	40	82	502	0	34662
11400	298	44	69	33805	0	34216
11401	316	48	33713	305	0	34382
11402	31731	15	291	323	0	32360
11403	32665	26	348	79	0	33118
11404	522	26	91	32675	0	33314
11405	342	34	33330	276	0	33982
11406	85	36	302	32772	0	33195
11407	70	33392	339	329	0	34130
11408	68	257	88	33231	0	33644
11409	73	274	80	33861	0	34288
11410	87	69	33217	559	0	33932
11411	28110	29	316	428	0	28883
11412	259	32886	371	150	0	33666
11413	32741	233	105	97	0	33176
11414	273	33378	103	117	0	33871
11415	337	266	96	31752	0	32451
11416	87	33292	98	289	0	33766
11417	93	289	32229	334	0	32945
11418	95	300	319	30406	0	31120
11419	93	63	344	31551	0	32051
11420	84	32	114	32382	0	32612
11421	31651	44	117	584	0	32396
11422	326	51	114	31801	0	32292
11423	30942	38	129	373	0	31482
11424	30909	40	129	369	0	31447
11425	30540	35	140	172	0	30887
11426	618	50	30622	140	0	31430
11427	421	43	356	30353	0	31173
11428	113	51	407	31569	0	32140
11429	112	32	192	32363	0	32699
11430	33007	42	200	673	0	33922
11431	375	51	180	33404	0	34010
11432	417	54	186	33934	0	34591
11433	35218	60	171	763	0	36212
11434	429	71	144	36255	0	36899
11435	508	78	36819	506	0	37911
11436	198	90	37234	524	0	38046
11437	163	44	879	37233	0	38319
11438	36986	35	590	492	0	38103
11439	35366	40	263	534	0	36203
11440	869	43	195	36443	0	37550
11441	576	55	36630	485	0	37746
11442	171	36280	519	593	0	37563
11443	164	387	538	36562	0	37651
11444	118	434	208	37017	0	37777
11445	150	78	182	37261	0	37671
11446	36549	73	193	945	0	37760
11447	528	71	36929	617	0	38145
11448	36787	87	492	183	0	37549
11449	519	69	551	35796	0	36935
11450	578	36915	169	492	0	38154
11451	36960	406	139	560	0	38065
11452	36432	470	99	254	0	37255
11453	924	118	37996	201	0	39239
11454	574	35931	462	272	0	37239
11455	168	35226	553	226	0	36173
11456	34817	714	187	195	0	35913
11457	464	452	129	34683	0	35728
11458	535	88	129	34417	0	35169
11459	180	81	108	33989	0	34358
11460	144	33105	99	884	0	34232
11461	119	33300	102	605	0	34126
11462	32312	672	89	198	0	33271
11463	397	428	76	31960	0	32861
11464	453	124	33586	410	0	34573
11465	166	113	395	34780	0	35454
11466	159	93	37985	505	0	38742
11467	174	97	37866	560	0	38697
11468	166	110	37981	151	0	38408
11469	66	33450	909	90	0	34515
11470	263	528	893	29925	0	31609
11471	65	32325	161	356	0	32907
11472	124	478	69	30512	0	31183
11473	74	462	55	31973	0	32564
11474	31695	94	50	818	0	32657
11475	385	44	38	32132	0	32599
11476	31839	51	41	466	0	32397
11477	31525	40	40	516	0	32121
11478	815	37	35	30286	0	31173
11479	526	30643	52	440	0	31661
11480	146	365	38	30145	0	30694
11481	88	30868	59	451	0	31466
11482	80	430	45	30693	0	31248
11483	103	475	30254	478	0	31310
11484	71	97	394	30542	0	31104
11485	66	54	466	30850	0	31436
11486	29570	50	124	878	0	30622
11487	401	30126	93	609	0	31229
11488	475	382	78	30154	0	31089
11489	153	460	75	29667	0	30355
11490	97	29500	96	862	0	30555
11491	93	412	81	29722	0	30308
11492	28472	466	69	561	0	29568
11493	28800	118	57	578	0	29553
11494	830	28530	66	214	0	29640
11495	556	400	59	28541	0	29556
11496	27551	459	61	502	0	28573
11497	420	28187	79	574	0	29260
11498	507	426	62	26407	0	27402
11499	179	28081	84	461	0	28805
11500	27631	441	91	549	0	28712
11501	456	490	27382	219	0	28547
11502	504	166	27324	169	0	28163
11503	161	145	838	27047	0	28191
11504	166	118	27739	478	0	28501
11505	134	87	494	26971	0	27686
11506	26615	95	523	555	0	27788
11507	455	118	27043	577	0	28193
11508	507	102	444	26831	0	27884
11509	162	106	488	27321	0	28077
11510	26934	102	132	932	0	28100
11511	446	27318	98	682	0	28544
11512	27682	431	71	267	0	28451
11513	27061	489	74	203	0	27827
11514	848	26686	88	250	0	27872
11515	575	443	72	26831	0	27921
11516	205	534	26627	487	0	27853
11517	174	205	405	26086	0	26870
11518	137	26639	474	551	0	27801
11519	26731	456	160	558	0	27905
11520	433	501	131	26941	0	28006
11521	500	190	27160	538	0	28388
11522	143	134	446	27573	0	28296
11523	113	118	522	27691	0	28444
11524	107	124	160	28143	0	28534
11525	101	127	97	28299	0	28624
11526	105	134	92	27585	0	27916
11527	168	136	26550	1039	0	27893
11528	268	110	25655	700	0	26733
11529	125	24717	796	327	0	25965
11530	114	24586	483	235	0	25418
11531	23934	665	178	196	0	24973
11532	432	461	23960	175	0	25028
11533	21729	161	438	178	0	22506
11534	372	100	21627	134	0	22233
11535	358	74	20274	115	0	20821
11536	132	82	594	19301	0	20109
11537	20027	78	418	317	0	20840
11538	303	66	124	20417	0	20910
11539	327	80	67	20536	0	21010
11540	116	69	21742	648	0	22575
11541	74	64	329	21980	0	22447
11542	74	44	306	22034	0	22458
11543	87	47	83	22155	0	22372
11544	103	45	51	22080	0	22279
11545	74	34	43	22205	0	22356
11546	21429	54	41	664	0	22188
11547	302	48	43	21527	0	21920
11548	333	78	20820	416	0	21647
11549	101	94	247	20980	0	21422
11550	111	63	20893	401	0	21468
11551	62	112	322	20869	0	21365
11552	78	56	21600	416	0	22150
11553	47	102	352	20254	0	20755
11554	45	62	322	20941	0	21370
11555	56	58	20809	568	0	21491
11556	18991	34	301	409	0	19735
11557	274	69	21185	172	0	21700
11558	287	84	326	20986	0	21683
11559	21233	25	332	342	0	21932
11560	285	55	106	21560	0	22006
11561	298	116	51	21546	0	22011
11562	170	71	21696	565	0	22502
11563	83	21245	267	404	0	21999
11564	44	19067	223	149	0	19483
11565	35	18058	111	117	0	18321
11566	397	124	302	13929	0	14752
11567	14393	41	79	64	0	14577
11568	33	20	6	14386	0	14445
11569	45	6	3	14610	0	14664
11570	16	2	7	14831	0	14856
11571	8	2	7	14840	0	14857
11572	7	14853	8	101	0	14969
11573	5	34	13	15147	0	15199
11574	4	44	13	15140	0	15201
11575	10	15283	8	102	0	15403
11576	15509	39	4	73	0	15625
11577	43	43	5	15536	0	15627
11578	15658	9	9	67	0	15743
11579	15532	9	12	58	0	15611
11580	76	16181	20	37	0	16314
11581	56	53	12	17233	0	17354
11582	23	51	17264	62	0	17400
11583	34	21	17122	55	0	17232
11584	19	63	88	17076	0	17246
11585	17482	8	71	66	0	17627
11586	18053	4	18	69	0	18144
11587	88	5	12	18473	0	18578
11588	18649	7	17	75	0	18748
11589	60	18686	13	77	0	18836
11590	18678	48	11	32	0	18769
11591	56	20434	13	30	0	20533
11592	65	56	6	20783	0	20910
11593	26	63	14	20832	0	20935
11594	12	21052	14	128	0	21206
11595	20933	52	19	99	0	21103
11596	66	88	20896	34	0	21084
11597	61	19	52	20765	0	20897
11598	45	18	21445	71	0	21579
11599	22	15	60	21240	0	21337
11600	21612	7	64	82	0	21765
11601	60	12	21	21661	0	21754
11602	21573	11	11	86	0	21681
11603	21410	8	23	89	0	21530
11604	112	10	13	21463	0	21598
11605	88	25	21467	94	0	21674
11606	30	22659	61	98	0	22848
11607	29	56	61	22449	0	22595
11608	22215	62	21	88	0	22386
11609	86	24	22570	80	0	22760
11610	75	16	64	22495	0	22650
11611	33	20	63	22657	0	22773
11612	29	13	22	22857	0	22921
11613	22849	20	19	148	0	23036
11614	66	21	19	22799	0	22905
11615	76	19	19	23010	0	23124
11616	41	28	23389	134	0	23592
11617	28	17	68	23282	0	23395
11618	31	11	78	23650	0	23770
11619	33	12	25	23992	0	24062
11620	24	24038	19	163	0	24244
11621	29	58	13	23778	0	23878
11622	37	66	17	23672	0	23792
11623	22876	20	16	153	0	23065
11624	85	28	23135	110	0	23358
11625	99	39	22461	50	0	22649
11626	37	23269	126	54	0	23486
11627	49	62	97	23615	0	23823
11628	23549	74	32	108	0	23763
11629	72	21	23	23414	0	23530
11630	92	10	17	23714	0	23833
11631	31	15	16	23907	0	23969
11632	28	13	14	23640	0	23695
11633	36	13	23	23649	0	23721
11634	32	23	23465	193	0	23713
11635	25	9	63	23491	0	23588
11636	23420	9	78	118	0	23625
11637	67	23308	25	129	0	23529
11638	85	56	16	23533	0	23690
11639	32	72	18	23628	0	23750
11640	40	44	23195	160	0	23439
11641	22	24	67	22902	0	23015
11642	22	18	92	24249	0	24381
11643	24446	16	25	209	0	24696
11644	96	25239	31	167	0	25533
11645	134	101	22	25574	0	25831
11646	41	129	27	25881	0	26078
11647	38	77	20	26129	0	26264
11648	45	30	26395	291	0	26761
11649	42	31	25592	206	0	25871
11650	33	26346	256	131	0	26766
11651	30	27325	172	84	0	27611
11652	28	243	38	26462	0	26771
11653	21	26921	40	184	0	27166
11654	24	245	35	28731	0	29035
11655	33	187	25	31018	0	31263
11656	25	39	19	32728	0	32811
11657	18	31	19	35766	0	35834
11658	36	41	35892	641	0	36610
11659	24	21	288	36119	0	36452
11660	34	19	365	36328	0	36746
11661	18	20	78	37238	0	37354
11662	35640	17	53	796	0	36506
11663	280	37105	51	564	0	38000
11664	415	326	47	33322	0	34110
11665	80	37561	43	341	0	38025
11666	36138	369	27	451	0	36985
11667	30669	488	46	238	0	31441
11668	586	37133	36	167	0	37922
11669	365	37750	44	159	0	38318
11670	136	745	36483	117	0	37481
11671	62	37995	316	111	0	38484
11672	76	489	416	36746	0	37727
11673	36721	459	118	407	0	37705
11674	320	37591	51	500	0	38462
11675	399	408	47	37717	0	38571
11676	85	443	49	38174	0	38751
11677	52	144	58	38988	0	39242
11678	37824	81	54	869	0	38828
11679	366	84	38081	628	0	39159
11680	35812	92	331	270	0	36505
11681	395	37311	416	220	0	38342
11682	448	392	96	37329	0	38265
11683	156	482	37131	436	0	38205
11684	33943	149	363	568	0	35023
11685	370	37200	439	173	0	38182
11686	474	400	115	35762	0	36751
11687	140	36807	75	412	0	37434
11688	80	445	57	36941	0	37523
11689	80	485	72	37232	0	37869
11690	105	187	36762	808	0	37862
11691	75	143	35220	597	0	36035
11692	89	109	714	35064	0	35976
11693	88	112	36016	500	0	36716
11694	58	90	416	35589	0	36153
11695	72	77	475	35161	0	35785
11696	57	76	159	36340	0	36632
11697	35572	66	131	903	0	36672
11698	369	79	107	36080	0	36635
11699	464	77	36066	579	0	37186
11700	35629	79	376	608	0	36692
11701	391	88	459	36595	0	37533
11702	465	84	153	36962	0	37664
11703	36216	89	108	895	0	37308
11704	384	37594	129	705	0	38812
11705	479	368	110	38116	0	39073
11706	151	488	106	37497	0	38242
11707	36834	150	87	939	0	38010
11708	402	142	37108	711	0	38363
11709	499	121	374	36722	0	37716
11710	162	127	497	36882	0	37668
11711	129	125	164	36173	0	36591
11712	106	36745	134	989	0	37974
11713	109	382	132	37156	0	37779
11714	36275	475	111	629	0	37490
11715	373	36545	134	733	0	37785
11716	35850	410	110	366	0	36736
11717	436	36862	96	346	0	37740
11718	36685	451	116	310	0	37562
11719	531	533	36499	277	0	37840
11720	551	227	36151	261	0	37190
11721	35463	144	737	298	0	36642
11722	469	168	37158	269	0	38064
11723	546	130	442	36274	0	37392
11724	235	145	509	35337	0	36226
11725	172	97	210	37357	0	37836
11726	36678	125	162	948	0	37913
11727	450	104	36329	717	0	37600
11728	36050	99	437	326	0	36912
11729	477	127	484	37656	0	38744
11730	37901	104	160	620	0	38785
11731	504	141	127	38460	0	39232
11732	39528	128	127	641	0	40424
11733	573	125	119	42345	0	43162
11734	612	148	43584	685	0	45029
11735	43352	116	493	736	0	44697
11736	45099	106	597	329	0	46131
11737	1056	121	180	45175	0	46532
11738	758	137	154	43058	0	44107
11739	268	45515	206	1081	0	47070
11740	43417	477	214	774	0	44882
11741	608	45014	176	366	0	46164
11742	43345	492	196	299	0	44332
11743	632	550	43743	318	0	45243
11744	663	179	43628	304	0	44774
11745	305	129	43385	253	0	44072
11746	40668	119	1137	233	0	42157
11747	605	43268	682	250	0	44805
11748	649	465	223	42119	0	43456
11749	41458	499	185	567	0	42709
11750	520	43132	191	728	0	44571
11751	622	1044	147	39507	0	41320
11752	239	42197	141	546	0	43123
11753	211	40698	146	623	0	41678
11754	192	40624	133	286	0	41235
11755	35838	837	336	275	0	37286
11756	374	37036	118	209	0	37737
11757	305	32788	113	123	0	33329
11758	126	32400	96	124	0	32746
11759	31896	439	279	87	0	32701
11760	31666	255	107	89	0	32117
11761	486	102	31237	100	0	31925
11762	30247	51	229	106	0	30633
11763	31217	56	252	83	0	31608
11764	478	67	63	30814	0	31422
11765	31662	46	66	260	0	32034
11766	307	73	31389	261	0	32030
11767	294	32932	235	106	0	33567
11768	32802	254	280	88	0	33424
11769	300	304	56	33465	0	34125
11770	33958	73	46	273	0	34350
11771	320	69	32992	295	0	33676
11772	32692	64	245	85	0	33086
11773	315	67	267	33680	0	34329
11774	336	61	33663	279	0	34339
11775	95	32915	271	320	0	33601
11776	83	33808	296	92	0	34279
11777	138	524	125	32487	0	33274
11778	110	327	45	30762	0	31244
11779	50	33380	35	456	0	33921
11780	33279	255	31	254	0	33819
11781	32980	268	26	52	0	33326
11782	32646	48	37	43	0	32774
11783	520	33428	34	83	0	34065
11784	342	261	22	30420	0	31045
11785	85	33772	38	232	0	34127
11786	33520	263	33	240	0	34056
11787	33083	280	25	47	0	33435
11788	507	33015	41	58	0	33621
11789	33469	253	34	69	0	33825
11790	319	270	37	33186	0	33812
11791	306	68	57	33327	0	33758
11792	33677	54	50	509	0	34290
11793	32866	66	51	291	0	33274
11794	33150	52	46	84	0	33332
11795	543	60	45	32911	0	33559
11796	318	67	46	33337	0	33768
11797	118	94	33108	523	0	33843
11798	109	89	260	32573	0	33031
11799	110	98	262	32303	0	32773
11800	129	100	31803	507	0	32539
11801	121	99	30947	315	0	31482
11802	109	91	31974	80	0	32254
11803	106	93	535	31184	0	31918
11804	135	107	30949	328	0	31519
11805	109	102	285	30417	0	30913
11806	122	102	283	30989	0	31496
11807	121	115	30968	536	0	31740
11808	133	127	30837	331	0	31428
11809	124	85	528	30123	0	30860
11810	123	119	31955	316	0	32513
11811	144	118	31603	329	0	32194
11812	113	31337	551	114	0	32115
11813	31937	318	331	71	0	32657
11814	31747	332	84	89	0	32252
11815	31985	115	69	103	0	32272
11816	583	31807	66	121	0	32577
11817	407	31838	92	121	0	32458
11818	169	535	72	31700	0	32476
11819	139	332	79	31472	0	32022
11820	139	110	31147	569	0	31965
11821	139	88	308	30922	0	31457
11822	31047	82	310	369	0	31808
11823	366	106	97	28512	0	29081
11824	370	31127	112	320	0	31929
11825	31820	326	82	324	0	32552
11826	32009	314	73	124	0	32520
11827	32413	100	85	106	0	32704
11828	664	92	32031	107	0	32894
11829	367	204	280	31191	0	32042
11830	33469	49	340	364	0	34222
11831	409	75	34167	365	0	35016
11832	389	32497	364	124	0	33374
11833	104	30609	303	103	0	31119
11834	27630	461	250	65	0	28406
11835	261	28073	79	84	0	28497
11836	292	257	93	26852	0	27494
11837	82	277	27305	260	0	27924
11838	72	110	250	27013	0	27445
11839	26699	41	239	295	0	27274
11840	235	26651	59	313	0	27258
11841	26462	214	59	61	0	26796
11842	269	233	26394	74	0	26970
11843	244	158	241	24717	0	25360
11844	53	26675	254	251	0	27233
11845	70	260	65	26703	0	27098
11846	26886	219	53	238	0	27396
11847	27005	41	45	239	0	27330
11848	27089	46	45	60	0	27240
11849	27284	38	46	62	0	27430
11850	443	40	43	26315	0	26841
11851	275	62	27003	252	0	27592
11852	97	78	227	25601	0	26003
11853	59	26952	246	272	0	27529
11854	26938	215	73	231	0	27457
11855	244	229	26823	72	0	27368
11856	25925	36	238	75	0	26274
11857	234	42	243	26411	0	26930
11858	258	45	27227	258	0	27788
11859	63	37	228	27099	0	27427
11860	27416	31	232	271	0	27950
11861	27427	38	67	241	0	27773
11862	27488	33	63	82	0	27666
11863	432	64	27121	72	0	27689
11864	252	141	244	26385	0	27022
11865	91	68	27465	232	0	27856
11866	74	27207	224	266	0	27771
11867	25450	226	266	73	0	26015
11868	202	25357	75	101	0	25735
11869	23960	160	114	39	0	24273
11870	193	168	42	23008	0	23411
11871	176	23998	46	143	0	24363
11872	24094	163	33	156	0	24446
11873	203	169	24310	47	0	24729
11874	177	37	163	23749	0	24126
11875	24068	24	167	180	0	24439
11876	210	42	24123	186	0	24561
11877	200	55	170	23165	0	23590
11878	71	23993	176	167	0	24407
11879	72	182	43	24147	0	24444
11880	82	174	37	24198	0	24491
11881	23659	54	30	300	0	24043
11882	192	24084	40	241	0	24557
11883	186	185	45	23076	0	23492
11884	63	24078	55	175	0	24371
11885	72	196	49	23415	0	23732
11886	90	24420	43	167	0	24720
11887	24005	192	51	183	0	24431
11888	234	187	24576	55	0	25052
11889	206	41	204	24163	0	24614
11890	70	33	185	24387	0	24675
11891	61	57	50	24507	0	24675
11892	93	43	30	24222	0	24388
11893	111	43	24008	334	0	24496
11894	102	24583	183	233	0	25101
11895	24501	182	181	63	0	24927
11896	24406	175	46	77	0	24704
11897	333	24674	49	114	0	25170
11898	24911	191	63	80	0	25245
11899	24665	172	63	67	0	24967
11900	327	25615	33	96	0	26071
11901	254	203	38	24180	0	24675
11902	75	25907	70	171	0	26223
11903	25550	183	51	183	0	25967
11904	219	187	25359	87	0	25852
11905	23450	39	202	107	0	23798
11906	224	52	25838	91	0	26205
11907	237	32	182	25381	0	25832
11908	25614	41	176	212	0	26043
11909	261	48	25541	207	0	26057
11910	24238	41	202	69	0	24550
11911	25098	39	180	113	0	25430
11912	344	59	57	24734	0	25194
11913	213	25570	64	202	0	26049
11914	25835	198	45	195	0	26273
11915	225	207	34	25307	0	25773
11916	229	25600	43	216	0	26088
11917	25454	190	49	213	0	25906
11918	233	190	36	25427	0	25886
11919	209	26783	68	196	0	27256
11920	80	190	66	27401	0	27737
11921	27579	171	63	245	0	28058
11922	27318	50	41	220	0	27629
11923	27636	31	64	88	0	27819
11924	342	43	51	26873	0	27309
11925	192	64	47	26767	0	27070
11926	82	62	27055	365	0	27564
11927	99	129	200	26949	0	27377
11928	126	62	28203	200	0	28591
11929	97	68	26102	152	0	26419
11930	58	33	25115	38	0	25244
11931	25	26195	183	71	0	26474
11932	100	149	285	23871	0	24405
11933	34	28225	31	103	0	28393
11934	28765	132	46	123	0	29066
11935	28708	146	25	41	0	28920
11936	280	19	24	29792	0	30115
11937	181	30	31029	158	0	31398
11938	27	22	175	30870	0	31094
11939	53	55	32103	215	0	32426
11940	47	39	193	30628	0	30907
11941	36	32023	219	244	0	32522
11942	36	32694	32	240	0	33002
11943	32007	362	34	43	0	32446
11944	223	241	32550	48	0	33062
11945	237	30	194	31917	0	32378
11946	39	28	208	32535	0	32810
11947	32717	34	39	383	0	33173
11948	200	33208	43	306	0	33757
11949	33074	183	39	57	0	33353
11950	181	34130	65	75	0	34451
11951	33435	191	37	63	0	33726
11952	33642	229	41	76	0	33988
11953	397	44	35	33963	0	34439
11954	261	67	34138	222	0	34688
11955	32285	47	213	263	0	32808
11956	216	34383	248	102	0	34949
11957	34670	216	52	61	0	34999
11958	232	240	53	33489	0	34014
11959	263	45	37	33133	0	33478
11960	59	33634	68	426	0	34187
11961	85	216	31	32863	0	33195
11962	62	34076	51	253	0	34442
11963	94	223	38	33572	0	33927
11964	73	248	33	33105	0	33459
11965	32134	48	49	431	0	32662
11966	256	74	32605	279	0	33214
11967	270	32425	211	108	0	33014
11968	85	223	238	32301	0	32847
11969	32967	255	46	260	0	33528
11970	33290	58	53	282	0	33683
11971	33488	55	43	93	0	33679
11972	463	80	33343	76	0	33962
11973	33201	68	225	90	0	33584
11974	248	59	262	33805	0	34374
11975	33512	49	56	272	0	33889
11976	244	33463	62	304	0	34073
11977	308	242	36	33545	0	34131
11978	33219	264	55	264	0	33802
11979	279	34354	68	319	0	35020
11980	308	275	53	34555	0	35191
11981	136	307	34988	296	0	35727
11982	34109	88	278	318	0	34793
11983	36364	73	295	119	0	36851
11984	641	84	36831	103	0	37659
11985	389	36221	294	126	0	37030
11986	144	37338	327	146	0	37955
11987	141	575	93	36884	0	37693
11988	100	384	62	36367	0	36913
11989	125	97	73	37234	0	37529
11990	138	108	37813	661	0	38720
11991	36778	101	299	430	0	37608
11992	39164	92	356	144	0	39756
11993	40236	95	90	162	0	40583
11994	40195	82	94	130	0	40501
11995	40738	84	75	140	0	41037
11996	41186	86	93	140	0	41505
11997	796	84	119	42342	0	43341
11998	542	109	42402	440	0	43493
11999	220	138	42689	481	0	43528
12000	179	125	763	42348	0	43415
12001	190	95	467	42119	0	42871
12002	188	118	101	41694	0	42101
12003	202	43111	118	862	0	44293
12004	43046	413	87	545	0	44091
12005	491	44744	118	193	0	45546
12006	574	450	99	43722	0	44845
12007	43055	513	90	489	0	44147
12008	470	43753	98	628	0	44949
12009	605	446	75	43711	0	44837
12010	210	536	69	44367	0	45182
12011	180	164	69	44430	0	44843
12012	152	43973	122	1006	0	45253
12013	182	425	81	44814	0	45502
12014	183	564	44481	565	0	45793
12015	188	129	427	45034	0	45778
12016	166	146	513	45251	0	46076
12017	216	117	87	47280	0	47700
12018	212	150	86	48143	0	48591
12019	215	157	47066	1172	0	48610
12020	197	47075	537	869	0	48678
12021	221	594	613	46523	0	47951
12022	199	651	136	47930	0	48916
12023	222	169	118	46511	0	47020
12024	159	46830	176	1290	0	48455
12025	185	48395	126	895	0	49601
12026	47424	1089	87	381	0	48981
12027	632	719	95	46468	0	47914
12028	685	223	46014	735	0	47657
12029	201	45909	522	849	0	47481
12030	44207	565	686	315	0	45773
12031	654	659	43730	268	0	45311
12032	676	199	43333	266	0	44474
12033	233	141	42909	210	0	43493
12034	170	505	1078	40658	0	42411
12035	166	112	41813	614	0	42705
12036	109	39924	637	703	0	41373
12037	119	503	598	37894	0	39114
12038	108	524	38819	519	0	39970
12039	91	171	532	38072	0	38866
12040	37390	106	567	635	0	38698
12041	469	116	37796	656	0	39037
12042	36203	116	504	311	0	37134
12043	508	38091	558	255	0	39412
12044	38050	472	193	202	0	38917
12045	587	512	159	37646	0	38904
12046	37951	141	194	567	0	38853
12047	37692	134	158	600	0	38584
12048	36872	146	134	255	0	37407
12049	948	37569	138	276	0	38931
12050	37559	475	151	216	0	38401
12051	37197	494	170	212	0	38073
12052	1004	151	36854	223	0	38232
12053	669	36579	508	227	0	37983
12054	299	551	589	36165	0	37604
12055	250	536	217	36692	0	37695
12056	214	203	169	37086	0	37672
12057	210	154	36409	1004	0	37777
12058	175	131	518	36409	0	37233
12059	206	134	36927	710	0	37977
12060	35951	135	598	676	0	37360
12061	36782	116	567	345	0	37810
12062	959	133	37048	286	0	38426
12063	36719	137	541	291	0	37688
12064	37462	118	579	254	0	38413
12065	37865	108	264	234	0	38471
12066	1101	121	211	36898	0	38331
12067	732	175	37451	607	0	38965
12068	343	37507	542	687	0	39079
12069	313	497	531	37165	0	38506
12070	312	536	37763	587	0	39198
12071	263	218	36512	669	0	37662
12072	34726	163	921	303	0	36113
12073	486	37234	639	317	0	38676
12074	37631	470	253	300	0	38654
12075	37393	496	266	284	0	38439
12076	890	37701	262	305	0	39158
12077	37584	499	244	246	0	38573
12078	670	513	38307	228	0	39718
12079	659	182	37590	213	0	38644
12080	391	152	37580	213	0	38336
12081	303	36523	900	212	0	37938
12082	34984	392	801	194	0	36371
12083	34782	398	316	172	0	35668
12084	782	34228	277	167	0	35454
12085	558	35023	232	222	0	36035
12086	291	672	245	34477	0	35685
12087	243	493	189	34884	0	35809
12088	34806	200	159	685	0	35850
12089	459	35221	217	518	0	36415
12090	34493	409	172	245	0	35319
12091	33328	428	181	211	0	34148
12092	761	207	33408	178	0	34554
12093	563	32877	400	186	0	34026
12094	415	506	471	32233	0	33625
12095	31885	396	208	303	0	32792
12096	549	166	164	31430	0	32309
12097	29888	123	201	326	0	30538
12098	450	143	29363	295	0	30251
12099	428	28845	367	182	0	29822
12100	224	29316	327	181	0	30048
12101	328	684	234	26694	0	27940
12102	246	29541	168	247	0	30202
12103	29146	395	163	269	0	29973
12104	340	343	28651	139	0	29473
12105	26893	202	318	133	0	27546
12106	373	177	29238	132	0	29920
12107	357	133	295	28654	0	29439
12108	256	126	286	29046	0	29714
12109	259	120	156	29443	0	29978
12110	28846	89	148	422	0	29505
12111	362	108	29459	311	0	30240
12112	326	89	262	29120	0	29797
12113	202	177	246	28759	0	29384
12114	179	28834	127	469	0	29609
12115	196	28608	107	313	0	29224
12116	185	29516	135	187	0	30023
12117	179	458	131	27697	0	28465
12118	115	247	78	26501	0	26941
12119	44	26107	41	149	0	26341
12120	43	26173	46	86	0	26348
12121	25915	101	110	78	0	26204
12122	89	130	23	25900	0	26142
12123	54	25870	24	59	0	26007
12124	26170	30	34	52	0	26286
12125	63	62	18	26720	0	26863
12126	29049	15	10	59	0	29133
12127	92	20	17	29951	0	30080
12128	108	21	31233	99	0	31461
12129	21	31509	92	113	0	31735
12130	30310	95	96	38	0	30539
12131	102	111	31814	25	0	32052
12132	103	32030	86	29	0	32248
12133	40	122	102	32108	0	32372
12134	17	86	15	32445	0	32563
12135	23	14	6	32166	0	32209
12136	17	12	8	32062	0	32099
12137	30	15	32180	159	0	32384
12138	9	32175	71	133	0	32388
12139	16	74	89	32037	0	32216
12140	30683	98	26	88	0	30895
12141	67	32354	20	150	0	32591
12142	95	69	3	33763	0	33930
12143	48	120	33923	126	0	34217
12144	11	34458	111	179	0	34759
12145	176	152	139	29670	0	30137
12146	12	35461	33	77	0	35583
12147	35576	119	9	82	0	35786
12148	35513	164	10	39	0	35726
12149	289	32	35341	18	0	35680
12150	34322	23	124	42	0	34511
12151	35491	15	175	31	0	35712
12152	305	25	35456	22	0	35808
12153	185	35875	125	41	0	36226
12154	26	127	169	35920	0	36242
12155	18	188	10	36558	0	36774
12156	36557	21	13	303	0	36894
12157	144	12	12	36385	0	36553
12158	193	30	36799	133	0	37155
12159	32852	20	155	225	0	33252
12160	169	40	36359	34	0	36602
12161	187	36425	145	63	0	36820
12162	34935	132	199	33	0	35299
12163	174	201	36087	32	0	36494
12164	223	46	35352	29	0	35650
12165	34	36097	308	56	0	36495
12166	33	144	188	36146	0	36511
12167	64	208	35855	152	0	36279
12168	26	44	165	32631	0	32866
12169	30	16	185	35450	0	35681
12170	50	31	34918	328	0	35327
12171	20	35160	153	231	0	35564
12172	20	147	187	35296	0	35650
12173	34622	194	33	163	0	35012
12174	34172	34	20	203	0	34429
12175	330	28	19	34420	0	34797
12176	214	47	34438	162	0	34861
12177	72	62	35738	205	0	36077
12178	30	29	325	35353	0	35737
12179	43	45	35504	171	0	35763
12180	33823	31	171	219	0	34244
12181	174	22	216	35897	0	36309
12182	237	26	42	36275	0	36580
12183	50	36821	43	384	0	37298
12184	33	177	27	37507	0	37744
12185	51	261	36457	185	0	36954
12186	34144	43	175	270	0	34632
12187	36190	19	237	71	0	36517
12188	410	41	36926	53	0	37430
12189	277	27	165	38132	0	38601
12190	46	31	256	39198	0	39531
12191	57	56	39403	519	0	40035
12192	56	33	245	39634	0	39968
12193	57	28	330	40096	0	40511
12194	44	41306	87	580	0	42017
12195	62	250	46	42632	0	42990
12196	41	342	41	42945	0	43369
12197	43706	40	56	664	0	44466
12198	44874	39	58	447	0	45418
12199	45807	30	52	102	0	45991
12200	45422	45	49	76	0	45592
12201	45125	40	42	92	0	45299
12202	721	51	43906	99	0	44777
12203	448	37	321	43264	0	44070
12204	84	28	426	44362	0	44900
12205	88	45	44365	717	0	45215
12206	42036	44	342	481	0	42903
12207	43581	36	416	114	0	44147
12208	731	55	43072	69	0	43927
12209	43646	30	319	105	0	44100
12210	44468	29	419	97	0	45013
12211	765	65	44604	81	0	45515
12212	525	73	345	42892	0	43835
12213	146	46376	463	349	0	47334
12214	105	333	111	48063	0	48612
12215	115	433	75	47960	0	48583
12216	105	53	59	48002	0	48219
12217	121	41	46786	845	0	47793
12218	44379	25	400	557	0	45361
12219	46512	38	471	128	0	47149
12220	788	30	102	46297	0	47217
12221	525	42	45750	448	0	46765
12222	111	100	387	45256	0	45854
12223	116	38	46854	452	0	47460
12224	143	44	47053	514	0	47754
12225	100	47430	789	161	0	48480
12226	306	331	526	44486	0	45649
12227	44304	377	173	357	0	45211
12228	42972	42	68	452	0	43534
12229	44118	20	70	111	0	44319
12230	762	23	75	43211	0	44071
12231	479	45860	91	409	0	46839
12232	116	349	51	46817	0	47333
12233	104	467	48111	450	0	49132
12234	49444	60	405	536	0	50445
12235	53148	18	497	161	0	53824
12236	948	20	99	53621	0	54688
12237	639	34	75	53957	0	54705
12238	156	50	68	54716	0	54990
12239	134	63	53526	1029	0	54752
12240	44534	52	488	933	0	46007
12241	490	52839	614	193	0	54136
12242	557	51379	142	167	0	52245
12243	145	788	51545	133	0	52611
12244	128	631	432	50081	0	51272
12245	106	87	51815	471	0	52479
12246	48146	103	502	577	0	49328
12247	464	92	510	49946	0	51012
12248	577	69	50158	452	0	51256
12249	143	51381	441	633	0	52598
12250	50018	364	540	189	0	51111
12251	471	500	52533	131	0	53635
12252	545	51935	450	155	0	53085
12253	138	52698	550	149	0	53535
12254	52760	805	131	131	0	53827
12255	444	534	86	52900	0	53964
12256	569	109	54583	502	0	55763
12257	149	54775	463	614	0	56001
12258	54629	399	542	184	0	55754
12259	54808	526	129	122	0	55585
12260	903	55014	112	160	0	56189
12261	627	431	55864	144	0	57066
12262	140	561	461	55869	0	57031
12263	56059	115	591	458	0	57223
12264	55901	71	139	597	0	56708
12265	1015	105	55952	155	0	57227
12266	681	79	455	54242	0	55457
12267	207	86	569	56050	0	56912
12268	182	71	56295	974	0	57522
12269	156	103	55362	666	0	56287
12270	55459	91	975	188	0	56713
12271	57114	90	639	124	0	57967
12272	57621	90	149	140	0	58000
12273	57695	82	145	171	0	58093
12274	1041	129	56464	167	0	57801
12275	56150	74	499	149	0	56872
12276	618	60	604	55815	0	57097
12277	697	96	56649	513	0	57955
12278	243	114	56546	632	0	57535
12279	175	56478	966	238	0	57857
12280	191	421	612	55125	0	56349
12281	187	551	55890	474	0	57102
12282	53262	160	509	570	0	54501
12283	541	152	628	49255	0	50576
12284	612	55705	209	390	0	56916
12285	55847	416	158	538	0	56959
12286	55892	496	187	185	0	56760
12287	996	140	55990	168	0	57294
12288	658	55378	517	203	0	56756
12289	246	366	541	53564	0	54717
12290	53457	490	179	395	0	54521
12291	471	196	152	53192	0	54011
12292	574	145	52104	425	0	53248
12293	45755	116	419	509	0	46799
12294	418	51127	504	209	0	52258
12295	448	49312	175	172	0	50107
12296	189	51321	169	161	0	51840
12297	50005	672	503	185	0	51365
12298	49308	417	240	118	0	50083
12299	49617	125	134	82	0	49958
12300	714	87	100	48979	0	49880
12301	501	90	49824	339	0	50754
12302	160	105	347	49968	0	50580
12303	50346	82	426	338	0	51192
12304	406	88	121	50875	0	51490
12305	51999	61	117	359	0	52536
12306	51639	67	137	431	0	52274
12307	51372	74	156	145	0	51747
12308	660	51584	160	194	0	52598
12309	51055	298	135	125	0	51613
12310	426	403	50481	105	0	51415
12311	533	104	50640	83	0	51360
12312	212	50243	628	141	0	51224
12313	337	343	548	47644	0	48872
12314	47345	351	135	270	0	48101
12315	383	99	47290	356	0	48128
12316	45025	50	317	136	0	45528
12317	355	54	402	46248	0	47059
12318	422	47655	149	297	0	48523
12319	142	261	137	48422	0	48962
12320	164	376	48355	279	0	49174
12321	44026	96	307	455	0	44884
12322	359	91	49077	143	0	49670
12323	455	93	47343	78	0	47969
12324	44780	55	560	85	0	45480
12325	308	46117	408	139	0	46972
12326	47136	258	111	77	0	47582
12327	46959	338	121	88	0	47506
12328	672	90	46353	59	0	47174
12329	44488	71	359	104	0	45022
12330	336	82	45680	110	0	46208
12331	373	61	43571	115	0	44120
12332	220	74	44148	83	0	44525
12333	145	42117	495	107	0	42864
12334	38257	458	1021	129	0	39865
12335	37600	230	144	78	0	38052
12336	37576	34	31	42	0	37683
12337	37631	24	34	68	0	37757
12338	351	49	37936	21	0	38357
12339	215	24	159	37311	0	37709
12340	81	20	186	38505	0	38792
12341	38395	27	47	298	0	38767
12342	165	38490	61	228	0	38944
12343	192	143	38	38268	0	38641
12344	37794	159	49	166	0	38168
12345	202	42	38661	165	0	39070
12346	206	51	160	37941	0	38358
12347	89	62	39468	179	0	39798
12348	64	38995	190	241	0	39490
12349	104	290	213	37293	0	37900
12350	37234	187	80	163	0	37664
12351	169	41	39	38143	0	38392
12352	225	61	38317	184	0	38787
12353	55	38697	165	247	0	39164
12354	38019	138	209	83	0	38449
12355	189	213	38577	44	0	39023
12356	36470	47	196	71	0	36784
12357	180	38547	246	91	0	39064
12358	38965	156	95	35	0	39251
12359	39099	223	25	46	0	39393
12360	415	24	21	39407	0	39867
12361	294	58	39439	192	0	39983
12362	52	39922	186	327	0	40487
12363	58	212	267	40958	0	41495
12364	55	265	34	41698	0	42052
12365	60	34	40	43677	0	43811
12366	61	35	34	44714	0	44844
12367	47	49085	46	668	0	49846
12368	50598	329	39	411	0	51377
12369	399	51222	68	129	0	51818
12370	519	445	39	52551	0	53554
12371	53385	518	44	449	0	54396
12372	481	84	46	53915	0	54526
12373	631	74	53632	513	0	54850
12374	121	53498	476	687	0	54782
12375	130	441	573	53021	0	54165
12376	98	602	75	54309	0	55084
12377	52382	92	54	1001	0	53529
12378	551	107	52326	635	0	53619
12379	51239	81	466	200	0	51986
12380	51873	71	601	134	0	52679
12381	52195	95	91	149	0	52530
12382	1126	103	51634	159	0	53022
12383	707	112	490	50604	0	51913
12384	196	94	599	51204	0	52093
12385	158	124	51749	1129	0	53160
12386	150	134	52027	786	0	53097
12387	51606	105	1067	280	0	53058
12388	563	106	679	53050	0	54398
12389	54048	89	161	658	0	54956
12390	54405	102	128	768	0	55403
12391	1221	105	115	54240	0	55681
12392	843	132	56682	719	0	58376
12393	54351	111	639	861	0	55962
12394	748	99	771	57657	0	59275
12395	883	160	57584	789	0	59416
12396	300	56890	672	971	0	58833
12397	56139	674	841	300	0	57954
12398	779	57560	245	358	0	58942
12399	1084	792	195	50050	0	52121
12400	386	57879	196	792	0	59253
12401	56071	737	246	856	0	57910
12402	56058	807	219	404	0	57488
12403	1485	56197	240	472	0	58394
12404	56058	651	255	413	0	57377
12405	54957	801	257	403	0	56418
12406	1495	54454	268	460	0	56677
12407	55123	663	254	386	0	56426
12408	1005	794	272	53891	0	55962
12409	1166	181	254	54457	0	56058
12410	54410	154	271	1431	0	56266
12411	1089	126	267	50840	0	52322
12412	1144	52727	259	864	0	54994
12413	52660	665	291	954	0	54570
12414	51930	799	306	405	0	53440
12415	1494	52618	306	454	0	54872
12416	53320	709	313	382	0	54724
12417	53010	831	303	351	0	54495
12418	1696	246	300	51826	0	54068
12419	1275	263	51887	868	0	54293
12420	646	51518	740	1102	0	54006
12421	52222	739	832	453	0	54246
12422	52206	886	254	421	0	53767
12423	1861	291	51023	384	0	53559
12424	51521	292	772	402	0	52987
12425	1177	317	50861	383	0	52738
12426	50646	331	774	373	0	52124
12427	1121	348	859	50150	0	52478
12428	1226	416	49934	877	0	52453
12429	657	431	50089	1016	0	52193
12430	605	550	1319	48812	0	51286
12431	632	426	861	48878	0	50797
12432	693	419	47592	1492	0	50196
12433	728	374	735	47572	0	49409
12434	788	455	47913	874	0	50030
12435	791	366	778	47148	0	49083
12436	802	408	848	45529	0	47587
12437	774	45468	344	1472	0	48058
12438	772	45110	307	1120	0	47309
12439	710	46933	289	714	0	48646
12440	727	1418	266	45959	0	48370
12441	710	980	332	46661	0	48683
12442	722	380	45705	1640	0	48447
12443	44038	361	761	1200	0	46360
12444	45831	319	943	506	0	47599
12445	1896	44856	413	475	0	47640
12446	45392	777	359	437	0	46965
12447	1319	923	386	43954	0	46582
12448	45117	347	392	939	0	46795
12449	44819	282	395	1122	0	46618
12450	1823	338	395	43699	0	46255
12451	41999	338	429	960	0	43726
12452	1138	40907	441	1073	0	43559
12453	1248	41013	427	489	0	43177
12454	760	1342	413	37879	0	40394
12455	700	40790	484	812	0	42786
12456	720	801	390	38733	0	40644
12457	732	812	377	39278	0	41199
12458	38175	318	387	1348	0	40228
12459	1023	37451	421	1102	0	39997
12460	37196	678	393	524	0	38791
12461	35461	728	409	527	0	37125
12462	1416	35814	410	568	0	38208
12463	35181	649	344	567	0	36741
12464	1029	700	34171	539	0	36439
12465	828	32148	677	491	0	34144
12466	30114	558	696	460	0	31828
12467	678	482	26466	327	0	27953
12468	492	23678	388	256	0	24814
12469	325	23990	579	290	0	25184
12470	21556	507	555	200	0	22818
12471	21263	335	138	174	0	21910
12472	21239	155	128	141	0	21663
12473	614	20898	109	173	0	21794
12474	452	271	108	21046	0	21877
12475	20983	293	126	341	0	21743
12476	21082	137	122	362	0	21703
12477	598	118	128	20812	0	21656
12478	446	138	20959	331	0	21874
12479	208	169	21136	350	0	21863
12480	221	119	520	20799	0	21659
12481	192	92	362	21377	0	22023
12482	196	96	21230	562	0	22084
12483	189	87	323	20091	0	20690
12484	189	20877	341	382	0	21789
12485	20218	241	152	339	0	20950
12486	354	311	130	19767	0	20562
12487	18771	78	114	313	0	19276
12488	279	18987	119	354	0	19739
12489	298	19035	114	171	0	19618
12490	18439	316	102	142	0	18999
12491	245	187	17979	152	0	18563
12492	14675	192	178	76	0	15121
12493	122	15153	198	87	0	15560
12494	155	74	71	13572	0	13872
12495	13493	93	28	91	0	13705
12496	87	32	30	13425	0	13574
12497	13776	28	23	112	0	13939
12498	13411	22	27	116	0	13576
12499	160	14139	34	56	0	14389
12500	13689	59	19	31	0	13798
12501	69	13670	13	31	0	13783
12502	13604	60	34	15	0	13713
12503	86	85	11	13583	0	13765
12504	13873	28	20	67	0	13988
12505	70	22	14	14124	0	14230
12506	14765	21	9	82	0	14877
12507	15095	18	9	87	0	15209
12508	15277	23	14	35	0	15349
12509	15389	13	12	32	0	15446
12510	15558	16	15	27	0	15616
12511	146	15	10	15714	0	15885
12512	15454	19	6	66	0	15545
12513	77	15377	14	103	0	15571
12514	98	63	15438	25	0	15624
12515	30	75	46	15205	0	15356
12516	34	32	15929	59	0	16054
12517	33	19	50	16412	0	16514
12518	29	30	16940	88	0	17087
12519	16278	15	72	85	0	16450
12520	77	26	75	16959	0	17137
12521	100	25	16846	62	0	17033
12522	43	33	17577	80	0	17733
12523	30	91	111	17587	0	17819
12524	19612	15	102	86	0	19815
12525	85	20992	27	127	0	21231
12526	21137	97	13	30	0	21277
12527	20924	112	13	22	0	21071
12528	200	21339	22	27	0	21588
12529	22298	100	17	50	0	22465
12530	116	122	15	22394	0	22647
12531	140	18	14	22489	0	22661
12532	29	20	15	22798	0	22862
12533	22547	15	11	217	0	22790
12534	117	23265	16	148	0	23546
12535	131	119	11	23468	0	23729
12536	51	136	11	23794	0	23992
12537	23676	18	17	251	0	23962
12538	131	19	9	23803	0	23962
12539	158	28	24543	151	0	24880
12540	39	25633	155	183	0	26010
12541	25992	164	174	44	0	26374
12542	203	214	26	24889	0	25332
12543	222	26648	23	175	0	27068
12544	26561	186	19	221	0	26987
12545	208	231	26595	77	0	27111
12546	230	26620	188	51	0	27089
12547	26865	174	223	42	0	27304
12548	201	215	43	26717	0	27176
12549	234	44	20	26855	0	27153
12550	68	43	26962	384	0	27457
12551	47	38	176	26543	0	26804
12552	50	40	28873	216	0	29179
12553	49	44	27834	239	0	28166
12554	60	39	29112	51	0	29262
12555	28187	42	432	44	0	28705
12556	28982	24	245	46	0	29297
12557	29836	24	54	34	0	29948
12558	416	22	27	28990	0	29455
12559	266	29608	40	198	0	30112
12560	67	30261	42	233	0	30603
12561	30498	377	24	68	0	30967
12562	30295	235	31	49	0	30610
12563	361	30971	39	86	0	31457
12564	30674	169	35	43	0	30921
12565	214	230	30203	52	0	30699
12566	252	62	30422	33	0	30769
12567	72	36	361	28388	0	28857
12568	62	17	242	30753	0	31074
12569	53	36	30914	379	0	31382
12570	44	34	178	30137	0	30393
12571	30553	21	221	241	0	31036
12572	194	28	30710	222	0	31154
12573	29412	32	191	67	0	29702
12574	223	19	222	31006	0	31470
12575	244	32	32284	199	0	32759
12576	78	32585	212	245	0	33120
12577	32713	180	235	72	0	33200
12578	222	242	32251	71	0	32786
12579	31606	44	214	36	0	31900
12580	225	19	234	32220	0	32698
12581	32411	24	61	223	0	32719
12582	271	33	34468	230	0	35002
12583	250	32	208	34646	0	35136
12584	36132	21	229	210	0	36592
12585	37010	26	70	255	0	37361
12586	38149	32	51	65	0	38297
12587	38418	36	40	64	0	38558
12588	504	28	39	37234	0	37805
12589	328	27	42	37295	0	37692
12590	111	53	37681	477	0	38322
12591	88	32	226	37388	0	37734
12592	91	43	272	36780	0	37186
12593	67	38570	76	509	0	39222
12594	38805	240	47	323	0	39415
12595	39273	294	54	98	0	39719
12596	554	41015	55	141	0	41765
12597	379	307	59	40589	0	41334
12598	102	325	53	41285	0	41765
12599	40094	50	45	657	0	40846
12600	370	53	42494	406	0	43323
12601	374	43	336	42806	0	43559
12602	123	43	43872	369	0	44407
12603	41722	31	373	406	0	42532
12604	43713	37	373	100	0	44223
12605	44367	43	76	79	0	44565
12606	727	43	39	43326	0	44135
12607	446	31	49	43307	0	43833
12608	43255	44	63	661	0	44023
12609	399	67	43050	421	0	43937
12610	390	41	343	42862	0	43636
12611	43138	32	367	370	0	43907
12612	377	28	89	43528	0	44022
12613	433	60	45813	392	0	46698
12614	148	53	45154	380	0	45735
12615	43109	42	647	134	0	43932
12616	364	45884	412	152	0	46812
12617	46983	292	85	120	0	47480
12618	47488	301	68	114	0	47971
12619	637	62	71	47817	0	48587
12620	393	52	66	47399	0	47910
12621	104	47987	77	681	0	48849
12622	47345	309	79	397	0	48130
12623	377	48837	71	122	0	49407
12624	343	48116	69	106	0	48634
12625	122	517	52	46664	0	47355
12626	46749	302	56	321	0	47428
12627	47609	47	46	326	0	48028
12628	607	33	51	47235	0	47926
12629	372	34	45	46522	0	46973
12630	125	24	30	46817	0	46996
12631	45899	20	38	594	0	46551
12632	369	58	46390	374	0	47191
12633	349	46460	305	154	0	47268
12634	46221	246	271	117	0	46855
12635	325	329	73	46202	0	46929
12636	365	90	46626	304	0	47385
12637	178	69	46896	340	0	47483
12638	86	47196	545	160	0	47987
12639	103	47843	302	119	0	48367
12640	238	516	251	45508	0	46513
12641	80	45220	64	244	0	45608
12642	86	212	47	45868	0	46213
12643	59	218	33	46267	0	46577
12644	46370	50	30	428	0	46878
12645	239	40	45	46646	0	46970
12646	252	41	32	46927	0	47252
12647	105	51	46702	415	0	47273
12648	76	45	200	47117	0	47438
12649	47441	37	224	285	0	47987
12650	47438	36	48	267	0	47789
12651	450	49921	41	138	0	50550
12652	48902	251	73	97	0	49323
12653	312	282	49185	120	0	49899
12654	299	49884	265	137	0	50585
12655	109	270	263	50647	0	51289
12656	89	273	76	51426	0	51864
12657	89	70	31	51619	0	51809
12658	51660	32	50	577	0	52319
12659	47359	52	125	379	0	47915
12660	534	80	50939	117	0	51670
12661	349	88	50595	120	0	51152
12662	150	85	51758	140	0	52133
12663	111	52299	524	140	0	53074
12664	124	52813	309	144	0	53390
12665	52816	506	75	124	0	53521
12666	51980	313	66	154	0	52513
12667	561	69	57	53556	0	54243
12668	366	61	59	52448	0	52934
12669	97	54526	90	620	0	55333
12670	89	288	72	55659	0	56108
12671	138	343	55323	359	0	56163
12672	118	56076	317	491	0	57002
12673	115	280	320	56077	0	56792
12674	176	368	58258	334	0	59136
12675	174	116	279	52758	0	53327
12676	93	57224	374	385	0	58076
12677	58758	310	78	380	0	59526
12678	58506	364	53	147	0	59070
12679	59905	100	76	148	0	60229
12680	670	96	52	60382	0	61200
12681	464	82	62	60436	0	61044
12682	60201	85	62	750	0	61098
12683	383	60167	126	518	0	61194
12684	61287	327	94	172	0	61880
12685	454	459	62824	137	0	63874
12686	62800	77	387	140	0	63404
12687	63998	74	527	134	0	64733
12688	955	74	87	63407	0	64523
12689	65723	75	75	458	0	66331
12690	65373	92	93	595	0	66153
12691	951	113	82	66365	0	67511
12692	657	108	66585	467	0	67817
12693	60883	89	477	682	0	62131
12694	493	133	67329	141	0	68096
12695	595	68319	450	193	0	69557
12696	200	381	647	67784	0	69012
12697	127	550	112	68841	0	69630
12698	72140	78	100	929	0	73247
12699	494	120	73555	640	0	74809
12700	663	182	468	66064	0	67377
12701	141	72322	710	439	0	73612
12702	120	71063	154	680	0	72017
12703	140	1070	107	71519	0	72836
12704	184	712	72092	507	0	73495
12705	145	159	449	71948	0	72701
12706	163	126	696	70514	0	71499
12707	154	172	70549	1117	0	71992
12708	117	72533	450	814	0	73914
12709	68287	512	660	246	0	69705
12710	466	73287	145	260	0	74158
12711	699	502	128	71104	0	72433
12712	68334	723	120	571	0	69748
12713	461	68611	185	868	0	70125
12714	737	484	69546	212	0	70979
12715	65995	698	500	223	0	67416
12716	522	70503	749	247	0	72021
12717	70264	471	157	191	0	71083
12718	653	751	68515	183	0	70102
12719	66877	144	491	211	0	67723
12720	599	136	733	66158	0	67626
12721	826	191	65524	3280	0	69821
12722	262	150	471	64862	0	65745
12723	219	65945	725	646	0	67535
12724	228	496	171	67134	0	68029
12725	240	708	153	66152	0	67253
12726	290	174	65761	1180	0	67405
12727	249	165	530	65468	0	66412
12728	278	237	59455	629	0	60599
12729	289	65647	500	992	0	67428
12730	273	563	669	65076	0	66581
12731	336	835	66448	634	0	68253
12732	268	66542	566	944	0	68320
12733	294	67548	779	421	0	69042
12734	414	1213	66660	320	0	68607
12735	372	841	66363	308	0	67884
12736	315	240	1180	65013	0	66748
12737	65010	182	822	674	0	66688
12738	712	65234	231	1004	0	67181
12739	977	626	192	63463	0	65258
12740	63929	780	189	668	0	65566
12741	798	64580	188	989	0	66555
12742	64756	574	169	334	0	65833
12743	807	65873	232	400	0	67312
12744	65810	584	224	319	0	66937
12745	65247	849	225	303	0	66624
12746	66109	225	218	355	0	66907
12747	1527	68321	271	502	0	70621
12748	1199	665	234	68582	0	70680
12749	605	903	67612	853	0	69973
12750	500	67678	749	1212	0	70139
12751	585	796	963	65291	0	67635
12752	650	918	318	65113	0	66999
12753	557	322	63541	1411	0	65831
12754	505	62207	732	1127	0	64571
12755	61110	648	956	390	0	63104
12756	875	61723	287	481	0	63366
12757	1106	621	269	60785	0	62781
12758	411	870	61000	839	0	63120
12759	57632	257	753	1095	0	59737
12760	741	278	960	61311	0	63290
12761	908	292	60563	847	0	62610
12762	55864	301	786	1045	0	57996
12763	673	58848	927	492	0	60940
12764	59198	728	355	455	0	60736
12765	58368	979	225	515	0	60087
12766	1291	306	260	58540	0	60397
12767	897	336	58219	840	0	60292
12768	298	57964	703	1106	0	60071
12769	246	798	57542	397	0	58983
12770	199	1081	661	54882	0	56823
12771	249	436	895	56581	0	58161
12772	55074	333	320	1391	0	57118
12773	638	296	55162	1101	0	57197
12774	823	53096	719	401	0	55039
12775	278	689	853	52325	0	54145
12776	252	958	236	52993	0	54439
12777	51802	307	253	1166	0	53528
12778	661	52351	188	917	0	54117
12779	840	613	174	50129	0	51756
12780	48594	798	195	600	0	50187
12781	551	48689	198	813	0	50251
12782	47493	504	168	225	0	48390
12783	46613	670	198	167	0	47648
12784	1021	46039	230	239	0	47529
12785	41492	382	104	117	0	42095
12786	424	41804	122	139	0	42489
12787	41145	349	122	113	0	41729
12788	40482	472	131	123	0	41208
12789	775	40182	125	182	0	41264
12790	38440	324	90	107	0	38961
12791	38860	435	70	97	0	39462
12792	38995	104	75	125	0	39299
12793	745	98	38301	131	0	39275
12794	516	97	36082	86	0	36781
12795	134	126	36368	74	0	36702
12796	35214	205	879	101	0	36399
12797	366	93	35375	92	0	35926
12798	418	118	31131	78	0	31745
12799	224	167	557	28549	0	29497
12800	29194	62	370	241	0	29867
12801	272	67	29450	318	0	30107
12802	366	74	30548	85	0	31073
12803	105	70	509	29675	0	30359
12804	100	69	344	30196	0	30709
12805	86	65	66	30662	0	30879
12806	101	79	30198	542	0	30920
12807	92	69	248	30081	0	30490
12808	29672	63	366	266	0	30367
12809	275	30223	85	419	0	31002
12810	376	256	46	30015	0	30693
12811	117	360	57	30464	0	30998
12812	134	103	30981	538	0	31756
12813	95	30439	272	401	0	31207
12814	30193	296	373	85	0	30947
12815	290	30896	94	110	0	31390
12816	385	280	80	30556	0	31301
12817	138	370	30646	281	0	31435
12818	96	90	294	31669	0	32149
12819	124	61	409	32012	0	32606
12820	32289	54	120	631	0	33094
12821	329	65	104	31548	0	32046
12822	456	32069	123	339	0	32987
12823	107	33216	137	464	0	33924
12824	94	666	33511	136	0	34407
12825	32921	438	360	119	0	33838
12826	352	69	486	33502	0	34409
12827	489	56	116	33565	0	34226
12828	141	62	96	34117	0	34416
12829	33837	67	82	765	0	34751
12830	339	34310	100	581	0	35330
12831	34169	291	106	158	0	34724
12832	359	423	32569	135	0	33486
12833	455	95	32354	126	0	33030
12834	32617	61	703	123	0	33504
12835	409	57	565	32545	0	33576
12836	434	87	114	33259	0	33894
12837	108	63	87	33802	0	34060
12838	94	79	33287	730	0	34190
12839	32645	58	357	498	0	33558
12840	33307	53	434	168	0	33962
12841	32603	65	115	138	0	32921
12842	709	145	94	31839	0	32787
12843	475	66	31463	401	0	32405
12844	130	86	31011	475	0	31702
12845	133	80	31855	162	0	32230
12846	98	30107	662	157	0	31024
12847	358	296	610	26786	0	28050
12848	26703	286	88	250	0	27327
12849	232	49	26938	355	0	27574
12850	27104	32	214	129	0	27479
12851	224	64	308	27277	0	27873
12852	337	65	70	26900	0	27372
12853	86	26870	79	529	0	27564
12854	111	27296	86	357	0	27850
12855	80	28102	87	126	0	28395
12856	109	465	88	27720	0	28382
12857	27541	292	93	267	0	28193
12858	27532	52	77	378	0	28039
12859	497	74	27322	120	0	28013
12860	26847	34	246	140	0	27267
12861	274	61	27363	124	0	27822
12862	351	43	253	26919	0	27566
12863	131	56	27301	251	0	27739
12864	26605	52	265	354	0	27276
12865	262	49	346	26613	0	27270
12866	355	46	28084	273	0	28758
12867	73	64	27286	356	0	27779
12868	26208	44	525	137	0	26914
12869	27220	54	346	133	0	27753
12870	502	27862	114	143	0	28621
12871	336	219	84	28085	0	28724
12872	119	296	28169	278	0	28862
12873	133	71	28154	332	0	28690
12874	118	144	507	27806	0	28575
12875	27849	92	402	289	0	28632
12876	220	27881	87	414	0	28602
12877	330	217	74	28039	0	28660
12878	28012	302	99	278	0	28691
12879	273	61	83	27976	0	28393
12880	356	28257	95	314	0	29022
12881	138	198	81	28560	0	28977
12882	28186	292	100	259	0	28837
12883	281	68	105	28547	0	29001
12884	28607	57	116	282	0	29062
12885	265	29298	129	387	0	30079
12886	29297	198	133	149	0	29777
12887	298	281	28872	163	0	29614
12888	28004	68	294	142	0	28508
12889	28892	74	349	128	0	29443
12890	498	29321	121	159	0	30099
12891	344	268	117	28298	0	29027
12892	153	280	28431	237	0	29101
12893	140	93	27635	314	0	28182
12894	26108	185	511	164	0	26968
12895	25729	95	332	140	0	26296
12896	354	26297	98	136	0	26885
12897	274	26566	88	139	0	27067
12898	26056	339	105	152	0	26652
12899	220	26284	89	114	0	26707
12900	280	26739	95	114	0	27228
12901	143	299	98	26415	0	26955
12902	95	189	87	25846	0	26217
12903	125	49	26145	380	0	26699
12904	109	44	166	26060	0	26379
12905	25924	57	235	225	0	26441
12906	216	53	26143	272	0	26684
12907	307	58	26264	89	0	26718
12908	133	41	357	25434	0	25965
12909	147	53	242	26429	0	26871
12910	126	41	101	26447	0	26715
12911	129	53	26175	321	0	26678
12912	77	48	206	24899	0	25230
12913	115	43	231	25695	0	26084
12914	25098	47	90	278	0	25513
12915	162	25053	71	234	0	25520
12916	24841	113	65	78	0	25097
12917	189	161	25281	65	0	25696
12918	22166	27	139	54	0	22386
12919	138	24505	130	54	0	24827
12920	22821	57	44	34	0	22956
12921	61	22942	27	39	0	23069
12922	21802	61	98	36	0	21997
12923	42	21480	15	29	0	21566
12924	51	21352	44	36	0	21483
12925	98	93	68	21111	0	21370
12926	21478	44	12	46	0	21580
12927	21495	5	4	39	0	21543
12928	21623	6	8	17	0	21654
12929	82	22	21507	6	0	21617
12930	64	7	21543	17	0	21631
12931	14	18	69	21571	0	21672
12932	12	22705	52	45	0	22814
12933	11	23015	11	54	0	23091
12934	15	91	6	22023	0	22135
12935	22422	49	18	38	0	22527
12936	22522	2	7	48	0	22579
12937	22626	9	7	11	0	22653
12938	111	17	22864	10	0	23002
12939	61	9	49	23040	0	23159
12940	27	8	23704	53	0	23792
12941	23474	12	49	62	0	23597
12942	23856	13	53	14	0	23936
12943	108	17	23919	9	0	24053
12944	64	8	54	23934	0	24060
12945	24153	5	56	77	0	24291
12946	61	8	12	25201	0	25282
12947	70	14	6	25511	0	25601
12948	27	21	11	27148	0	27207
12949	28221	9	6	168	0	28404
12950	97	9	10	30164	0	30280
12951	30132	11	6	122	0	30271
12952	117	32941	13	152	0	33223
12953	139	133	9	34868	0	35149
12954	29	154	7	34884	0	35074
12955	48	19	9	33604	0	33680
12956	34512	12	22	315	0	34861
12957	163	11	10	34468	0	34652
12958	216	8	7	31419	0	31650
12959	35138	15	12	313	0	35478
12960	35224	10	16	163	0	35413
12961	34918	7	17	32	0	34974
12962	354	17	34697	30	0	35098
12963	217	27	33038	19	0	33301
12964	34296	18	319	35	0	34668
12965	170	18	168	34792	0	35148
12966	213	17	17	31884	0	32131
12967	34768	12	19	335	0	35134
12968	34247	21	21	176	0	34465
12969	32611	29	18	47	0	32705
12970	328	33416	27	120	0	33891
12971	33733	143	19	40	0	33935
12972	31843	188	13	30	0	32074
12973	331	33382	37	61	0	33811
12974	178	32404	31	43	0	32656
12975	121	287	14	30608	0	31030
12976	34401	150	23	149	0	34723
12977	34271	23	15	162	0	34471
12978	33772	20	22	52	0	33866
12979	349	15	19	33320	0	33703
12980	33605	17	22	192	0	33836
12981	228	22	33779	204	0	34233
12982	32556	21	183	57	0	32817
12983	226	29	34063	58	0	34376
12984	220	36	32746	59	0	33061
12985	72	39	317	32119	0	32547
12986	32174	20	202	195	0	32591
12987	197	17	36	32288	0	32538
12988	227	29	33190	211	0	33657
12989	84	42	33028	230	0	33384
12990	81	28	305	32700	0	33114
12991	31589	47	186	233	0	32055
12992	204	33276	50	265	0	33795
12993	245	153	41	33923	0	34362
12994	145	171	34	34035	0	34385
12995	149	42	34945	379	0	35515
12996	137	42	34139	240	0	34558
12997	114	18	342	34511	0	34985
12998	34714	19	206	274	0	35213
12999	298	44	34727	286	0	35355
13000	299	45	180	34694	0	35218
13001	154	23	184	35084	0	35445
13002	158	25	67	34979	0	35229
13003	34461	33	59	474	0	35027
13004	319	77	30621	371	0	31388
13005	295	34654	133	289	0	35371
13006	181	170	161	35194	0	35706
13007	225	203	35163	384	0	35975
13008	235	35045	205	418	0	35903
13009	241	35735	216	259	0	36451
13010	35531	357	108	263	0	36259
13011	394	35840	64	332	0	36630
13012	36184	229	66	289	0	36768
13013	421	243	35851	342	0	36857
13014	424	81	214	36420	0	37139
13015	36519	60	255	518	0	37352
13016	478	37201	95	579	0	38353
13017	513	243	37013	389	0	38158
13018	472	244	246	32929	0	33891
13019	399	37258	312	409	0	38378
13020	395	249	118	37954	0	38716
13021	37889	272	146	437	0	38744
13022	523	38700	163	520	0	39906
13023	39124	238	148	295	0	39805
13024	39116	258	118	284	0	39776
13025	796	98	39228	274	0	40396
13026	660	40665	305	268	0	41898
13027	472	404	348	41950	0	43174
13028	497	346	43560	396	0	44799
13029	505	137	46466	416	0	47524
13030	449	276	727	46739	0	48191
13031	48082	107	527	442	0	49158
13032	46663	132	162	504	0	47461
13033	1070	128	116	48037	0	49351
13034	773	160	48539	533	0	50005
13035	371	48771	458	607	0	50207
13036	49805	448	479	211	0	50943
13037	49386	485	155	158	0	50184
13038	1055	50107	129	223	0	51514
13039	50600	438	146	153	0	51337
13040	708	494	49570	131	0	50903
13041	49011	92	507	187	0	49797
13042	47180	90	604	157	0	48031
13043	929	115	49544	162	0	50750
13044	626	86	537	48287	0	49536
13045	266	68	49280	525	0	50139
13046	219	47829	586	628	0	49262
13047	172	48037	622	267	0	49098
13048	240	1027	224	44508	0	45999
13049	158	429	45202	442	0	46231
13050	77	42778	424	460	0	43739
13051	101	42001	442	147	0	42691
13052	38292	641	260	133	0	39326
13053	38282	310	62	61	0	38715
13054	531	41	48	38669	0	39289
13055	328	29	48	37418	0	37823
13056	54	39122	48	544	0	39768
13057	38242	256	45	316	0	38859
13058	38591	298	32	59	0	38980
13059	541	39041	47	94	0	39723
13060	346	258	28	39153	0	39785
13061	117	332	39245	277	0	39971
13062	78	53	260	39119	0	39510
13063	39420	45	323	288	0	40076
13064	308	68	62	39748	0	40186
13065	355	47	47	40332	0	40781
13066	40401	38	46	577	0	41062
13067	321	50	39	39532	0	39942
13068	361	40337	69	298	0	41065
13069	98	269	55	40826	0	41248
13070	84	337	71	40908	0	41400
13071	95	60	49	39658	0	39862
13072	73	40834	76	595	0	41578
13073	80	313	64	40616	0	41073
13074	80	370	40193	334	0	40977
13075	82	75	301	39930	0	40388
13076	100	109	40294	345	0	40848
13077	93	39883	316	401	0	40693
13078	116	314	363	40197	0	40990
13079	97	378	97	40404	0	40976
13080	110	86	67	40828	0	41091
13081	104	85	84	40559	0	40832
13082	137	111	40051	676	0	40975
13083	120	39780	311	468	0	40679
13084	140	324	360	40251	0	41075
13085	169	389	40887	351	0	41796
13086	125	110	347	40990	0	41572
13087	41141	89	434	394	0	42058
13088	437	121	40529	436	0	41523
13089	39663	65	362	193	0	40283
13090	437	101	432	40771	0	41741
13091	491	122	40958	415	0	41986
13092	197	40325	382	560	0	41464
13093	213	364	432	39966	0	40975
13094	218	461	40942	401	0	42022
13095	169	40541	405	518	0	41633
13096	165	396	466	40307	0	41334
13097	40539	477	142	436	0	41594
13098	40918	130	134	481	0	41663
13099	41239	138	140	181	0	41698
13100	832	185	40744	192	0	41953
13101	565	41251	435	187	0	42438
13102	196	443	512	41102	0	42253
13103	196	508	147	42601	0	43452
13104	43300	168	141	835	0	44444
13105	480	44216	168	598	0	45462
13106	44413	486	94	237	0	45230
13107	43582	551	148	196	0	44477
13108	44493	189	118	227	0	45027
13109	959	189	43893	203	0	45244
13110	43852	151	468	235	0	44706
13111	550	133	554	44018	0	45255
13112	576	177	111	43962	0	44826
13113	43313	138	115	978	0	44544
13114	506	117	93	42748	0	43464
13115	579	42538	84	611	0	43812
13116	182	462	66	42068	0	42778
13117	40795	524	87	575	0	41981
13118	504	194	40646	664	0	42008
13119	546	40227	438	292	0	41503
13120	154	456	479	39633	0	40722
13121	39426	505	92	555	0	40578
13122	507	125	38993	624	0	40249
13123	550	751	486	37639	0	39426
13124	296	131	38531	560	0	39518
13125	348	98	37252	577	0	38275
13126	289	86	36123	219	0	36717
13127	228	86	35350	198	0	35862
13128	199	115	33657	162	0	34133
13129	27941	349	1058	120	0	29468
13130	239	28864	349	116	0	29568
13131	27903	168	92	70	0	28233
13132	27619	210	40	45	0	27914
13133	365	27752	44	75	0	28236
13134	238	28123	47	58	0	28466
13135	28025	345	94	43	0	28507
13136	27732	209	31	60	0	28032
13137	377	66	38	26773	0	27254
13138	251	27694	39	191	0	28175
13139	27855	165	28	240	0	28288
13140	193	27972	50	79	0	28294
13141	249	185	37	27848	0	28319
13142	28078	213	35	210	0	28536
13143	27979	46	51	238	0	28314
13144	379	42	56	27988	0	28465
13145	271	29	39	28159	0	28498
13146	92	40	28058	396	0	28586
13147	73	34	193	27538	0	27838
13148	83	51	28143	231	0	28508
13149	76	41	201	27073	0	27391
13150	62	35	237	27520	0	27854
13151	27540	33	55	371	0	27999
13152	27259	39	57	248	0	27603
13153	407	53	27277	70	0	27807
13154	26599	46	200	65	0	26910
13155	229	39	224	27071	0	27563
13156	284	59	27494	193	0	28030
13157	107	43	204	27424	0	27778
13158	89	41	230	29074	0	29434
13159	93	52	29252	428	0	29825
13160	86	39	214	29839	0	30178
13161	99	50	31091	261	0	31501
13162	81	77	258	32283	0	32699
13163	34012	37	320	299	0	34668
13164	312	35238	89	450	0	36089
13165	35715	321	70	94	0	36200
13166	372	36807	63	130	0	37372
13167	35856	353	75	76	0	36360
13168	390	36318	76	88	0	36872
13169	35300	361	87	94	0	35842
13170	378	36196	83	100	0	36757
13171	471	369	69	35944	0	36853
13172	165	445	36204	360	0	37174
13173	179	102	35980	426	0	36687
13174	129	98	704	35639	0	36570
13175	35463	65	466	383	0	36377
13176	384	36308	128	498	0	37318
13177	477	365	74	36163	0	37079
13178	159	452	36419	417	0	37447
13179	127	100	36854	490	0	37571
13180	136	209	784	33390	0	34519
13181	86	36725	501	405	0	37717
13182	36144	368	118	461	0	37091
13183	431	456	37301	139	0	38327
13184	522	105	36529	120	0	37276
13185	124	36833	777	122	0	37856
13186	36146	422	582	149	0	37299
13187	36125	435	120	102	0	36782
13188	752	95	100	35726	0	36673
13189	36630	72	102	365	0	37169
13190	35434	61	101	457	0	36053
13191	748	35985	123	138	0	36994
13192	35948	342	125	97	0	36512
13193	451	446	36523	82	0	37502
13194	471	98	393	35539	0	36501
13195	144	79	451	35761	0	36435
13196	35233	70	118	738	0	36159
13197	385	35467	121	541	0	36514
13198	34718	352	89	125	0	35284
13199	417	36079	96	114	0	36706
13200	430	35484	100	116	0	36130
13201	215	647	35060	114	0	36036
13202	212	491	34414	74	0	35191
13203	31727	229	687	100	0	32743
13204	32544	102	408	77	0	33131
13205	579	111	32113	64	0	32867
13206	364	31388	273	84	0	32109
13207	120	32115	315	63	0	32613
13208	31460	510	149	53	0	32172
13209	31260	347	87	69	0	31763
13210	527	118	76	31337	0	32058
13211	32045	82	79	250	0	32456
13212	290	79	83	31785	0	32237
13213	354	63	31783	273	0	32473
13214	111	83	30780	317	0	31291
13215	30704	71	504	118	0	31397
13216	317	95	326	30362	0	31100
13217	337	33481	113	243	0	34174
13218	33861	262	100	299	0	34522
13219	33639	314	105	99	0	34157
13220	564	101	34093	72	0	34830
13221	33901	77	292	73	0	34343
13222	34974	71	342	69	0	35456
13223	584	97	117	34274	0	35072
13224	412	34869	108	269	0	35658
13225	160	36345	103	330	0	36938
13226	148	565	76	36269	0	37058
13227	189	403	70	35599	0	36261
13228	175	101	64	36327	0	36667
13229	180	105	35795	633	0	36713
13230	183	124	34794	407	0	35508
13231	167	102	621	34515	0	35405
13232	180	125	35424	340	0	36069
13233	181	115	34926	393	0	35615
13234	147	127	621	33703	0	34598
13235	176	125	36677	371	0	37349
13236	125	36401	396	452	0	37374
13237	37711	379	419	138	0	38647
13238	392	438	137	36476	0	37443
13239	469	37297	154	366	0	38286
13240	159	382	38328	405	0	39274
13241	124	411	394	37864	0	38793
13242	162	121	40095	377	0	40755
13243	144	88	437	39810	0	40479
13244	145	95	450	41070	0	41760
13245	165	115	42371	755	0	43406
13246	149	120	434	40687	0	41390
13247	120	42563	529	442	0	43654
13248	134	401	172	43359	0	44066
13249	185	515	43285	460	0	44445
13250	139	116	440	42926	0	43621
13251	41528	84	522	495	0	42629
13252	414	42940	191	710	0	44255
13253	544	436	127	42931	0	44038
13254	197	497	43932	450	0	45076
13255	137	43198	461	577	0	44373
13256	159	43556	525	226	0	44466
13257	213	798	42513	171	0	43695
13258	138	524	420	39522	0	40604
13259	172	391	470	40177	0	41210
13260	172	96	40501	704	0	41473
13261	85	38933	404	491	0	39913
13262	88	38332	395	151	0	38966
13263	34738	467	182	74	0	35461
13264	220	35280	85	98	0	35683
13265	34442	221	74	70	0	34807
13266	249	224	43	33400	0	33916
13267	34975	43	52	256	0	35326
13268	256	55	35145	245	0	35701
13269	34146	28	253	89	0	34516
13270	263	46	245	35257	0	35811
13271	243	36066	78	272	0	36659
13272	36226	223	35	255	0	36739
13273	248	415	44	35653	0	36360
13274	262	36714	50	236	0	37262
13275	61	38351	64	266	0	38742
13276	37606	367	84	81	0	38138
13277	38090	244	34	59	0	38427
13278	38454	62	33	48	0	38597
13279	427	53	38	37087	0	37605
13280	256	37110	45	268	0	37679
13281	40	38151	48	279	0	38518
13282	44	415	41	37882	0	38382
13283	37652	270	42	249	0	38213
13284	36559	59	49	269	0	36936
13285	37194	41	39	91	0	37365
13286	470	51	37898	53	0	38472
13287	322	65	37786	57	0	38230
13288	38807	48	440	67	0	39362
13289	243	51	270	39223	0	39787
13290	274	47	53	39636	0	40010
13291	68	54	47	39522	0	39691
13292	53	59	40	39783	0	39935
13293	70	77	39010	505	0	39662
13294	56	56	231	38355	0	38698
13295	66	56	39019	319	0	39460
13296	34999	32	277	384	0	35692
13297	216	39125	310	180	0	39831
13298	282	237	103	39763	0	40385
13299	86	276	77	39319	0	39758
13300	39016	87	65	504	0	39672
13301	38644	75	68	327	0	39114
13302	38685	58	69	134	0	38946
13303	38472	56	76	117	0	38721
13304	524	89	39031	92	0	39736
13305	356	77	38458	105	0	38996
13306	98	54	468	38330	0	38950
13307	39129	57	317	287	0	39790
13308	38173	73	100	355	0	38701
13309	481	95	38713	144	0	39433
13310	321	62	263	37536	0	38182
13311	38256	47	294	310	0	38907
13312	250	59	102	38391	0	38802
13313	323	100	39048	326	0	39797
13314	121	78	252	38704	0	39155
13315	39231	63	287	323	0	39904
13316	253	42541	105	397	0	43296
13317	42019	247	83	149	0	42498
13318	42238	291	83	140	0	42752
13319	42212	94	64	139	0	42509
13320	520	92	68	42071	0	42751
13321	41435	64	67	290	0	41856
13322	263	43598	94	345	0	44300
13323	309	44835	73	151	0	45368
13324	144	650	63	43730	0	44587
13325	43966	341	69	305	0	44681
13326	335	46435	62	367	0	47199
13327	52884	370	46	120	0	53420
13328	54774	410	43	109	0	55336
13329	934	59370	78	171	0	60553
13330	676	553	52	59927	0	61208
13331	192	607	41	61030	0	61870
13332	207	167	62070	1097	0	63541
13333	165	82	565	60242	0	61054
13334	215	122	62309	671	0	63317
13335	128	60361	627	789	0	61905
13336	190	615	612	60875	0	62292
13337	58914	581	144	686	0	60325
13338	59231	115	115	716	0	60177
13339	1113	149	96	59846	0	61204
13340	697	139	59174	646	0	60656
13341	52028	109	576	733	0	53446
13342	590	57397	622	313	0	58922
13343	598	56885	122	214	0	57819
13344	211	57508	105	196	0	58020
13345	267	1173	167	54588	0	56195
13346	186	632	56607	562	0	57987
13347	133	208	512	55471	0	56324
13348	177	155	57187	581	0	58100
13349	130	157	56225	570	0	57082
13350	141	160	58119	167	0	58587
13351	119	133	1040	53440	0	54732
13352	100	110	617	57698	0	58525
13353	76	93	199	58762	0	59130
13354	83	121	155	58008	0	58367
13355	57938	78	165	1072	0	59253
13356	484	58020	176	738	0	59418
13357	57783	489	146	268	0	58686
13358	540	59775	148	245	0	60708
13359	539	544	107	59284	0	60474
13360	145	542	101	61666	0	62454
13361	61559	130	88	1088	0	62865
13362	62142	103	63	699	0	63007
13363	62943	116	76	230	0	63365
13364	62897	117	58	210	0	63282
13365	62644	109	55	206	0	63014
13366	1090	62840	81	246	0	64257
13367	61586	517	44	166	0	62313
13368	659	61613	90	218	0	62580
13369	60658	545	80	133	0	61416
13370	721	545	61261	129	0	62656
13371	679	208	468	58676	0	60031
13372	286	62345	500	492	0	63623
13373	240	532	123	62428	0	63323
13374	272	584	62399	551	0	63806
13375	227	209	527	59666	0	60629
13376	59219	166	513	635	0	60533
13377	564	60962	174	795	0	62495
13378	549	61936	119	354	0	62958
13379	280	1003	63181	258	0	64722
13380	189	665	567	60150	0	61571
13381	159	65000	590	658	0	66407
13382	160	624	207	65924	0	66915
13383	197	612	66400	692	0	67901
13384	155	65502	594	826	0	67077
13385	215	648	65218	290	0	66371
13386	263	654	64310	251	0	65478
13387	161	249	959	63101	0	64470
13388	65295	210	610	642	0	66757
13389	588	237	236	65964	0	67025
13390	644	216	66938	690	0	68488
13391	211	230	675	67209	0	68325
13392	188	306	71678	713	0	72885
13393	210	248	70669	731	0	71858
13394	69332	187	1249	415	0	71183
13395	75268	135	790	344	0	76537
13396	75374	148	343	362	0	76227
13397	1197	174	75706	367	0	77444
13398	768	180	76198	301	0	77447
13399	263	132	1278	74032	0	75705
13400	260	134	841	76725	0	77960
13401	76548	163	290	1293	0	78294
13402	746	140	238	77108	0	78232
13403	792	189	78186	838	0	80005
13404	363	153	76442	877	0	77835
13405	242	78722	1263	399	0	80626
13406	267	669	767	79319	0	81022
13407	378	747	81280	757	0	83162
13408	286	224	755	78316	0	79581
13409	79968	148	810	880	0	81806
13410	791	214	82894	924	0	84823
13411	807	156	752	81739	0	83454
13412	342	165	795	83361	0	84663
13413	351	205	82762	1341	0	84659
13414	339	149	754	80007	0	81249
13415	314	245	82572	870	0	84001
13416	74508	136	791	953	0	76388
13417	760	154	823	77571	0	79308
13418	805	78755	316	843	0	80719
13419	78309	654	231	842	0	80036
13420	76686	707	246	338	0	77977
13421	1347	78595	305	397	0	80644
13422	1240	3468	322	70322	0	75352
13423	267	75402	211	648	0	76528
13424	263	75187	175	749	0	76374
13425	828	1268	71597	288	0	73981
13426	298	71367	663	317	0	72645
13427	409	663	63082	300	0	64454
13428	50938	595	443	154	0	52130
13429	53762	79	289	78	0	54208
13430	400	57773	82	120	0	58375
13431	299	58112	78	92	0	58581
13432	50	59704	71	73	0	59898
13433	59753	443	68	56	0	60320
13434	249	364	54	60647	0	61314
13435	369	90	64913	252	0	65624
13436	63	65535	267	440	0	66305
13437	65	254	408	66446	0	67173
13438	77	446	80	62962	0	63565
13439	37	73136	90	695	0	73958
13440	76021	372	71	436	0	76900
13441	484	581	78252	115	0	79432
13442	710	126	479	85755	0	87070
13443	80	98528	692	792	0	100092
13444	96943	772	101	794	0	98610
13445	908	1015	98062	159	0	100144
13446	934	96072	835	181	0	98022
13447	130	805	919	96213	0	98067
13448	134	978	96537	829	0	98478
13449	89722	127	882	950	0	91681
13450	825	93	943	94669	0	96530
13451	1011	138	95402	872	0	97423
13452	112	94698	904	1156	0	96870
13453	91756	826	964	138	0	93684
13454	760	95691	170	239	0	96860
13455	95309	880	103	148	0	96440
13456	94693	974	84	136	0	95887
13457	1736	150	145	91899	0	93930
13458	1006	90078	164	974	0	92222
13459	240	806	90789	1002	0	92837
13460	125	955	885	89919	0	91884
13461	199	321	1100	80860	0	82480
13462	152	101	164	90727	0	91144
13463	154	118	123	90612	0	91007
13464	156	106	122	90569	0	90953
13465	88751	124	120	1871	0	90866
13466	87398	130	130	1164	0	88822
13467	85721	145	150	251	0	86267
13468	1711	85577	181	295	0	87764
13469	1112	844	87609	193	0	89758
13470	278	994	88110	186	0	89568
13471	216	230	89286	202	0	89934
13472	161	216	1917	83056	0	85350
13473	155	146	1106	86689	0	88096
13474	180	117	200	87385	0	87882
13475	210	161	86128	1922	0	88421
13476	163	83960	973	1448	0	86544
13477	231	913	85750	315	0	87209
13478	249	1061	85644	224	0	87178
13479	177	231	1836	82031	0	84275
13480	308	220	84849	968	0	86345
13481	217	162	1033	81559	0	82971
13482	81573	162	1128	1064	0	83927
13483	80385	189	242	1170	0	81986
13484	1909	223	80587	316	0	83035
13485	1198	221	1020	78126	0	80565
13486	365	224	81391	1071	0	83051
13487	198	80360	1097	1342	0	82997
13488	79186	1010	1180	370	0	81746
13489	1125	1176	80239	289	0	82829
13490	1152	77902	1097	351	0	80502
13491	292	77011	1171	348	0	78822
13492	277	75392	366	403	0	76438
13493	385	1877	71779	318	0	74359
13494	348	1504	1053	65952	0	68857
13495	285	69513	1145	933	0	71876
13496	273	984	359	69097	0	70713
13497	329	1066	278	69066	0	70739
13498	66793	272	282	1889	0	69236
13499	945	67273	357	1332	0	69907
13500	66061	971	273	398	0	67703
13501	994	66402	283	428	0	68107
13502	1065	66547	332	397	0	68341
13503	497	1775	64757	388	0	67417
13504	317	1290	1026	63433	0	66066
13505	290	346	64381	1095	0	66112
13506	286	61926	1067	1574	0	64853
13507	380	906	62766	453	0	64505
13508	417	1013	62098	453	0	63981
13509	284	61822	1754	462	0	64322
13510	58907	926	1169	409	0	61411
13511	918	60593	431	487	0	62429
13512	60302	1009	414	446	0	62171
13513	1033	1063	60037	459	0	62592
13514	1105	275	60233	443	0	62056
13515	294	59385	1872	441	0	61992
13516	58188	957	1165	386	0	60696
13517	909	59578	492	476	0	61455
13518	1031	957	440	58536	0	60964
13519	59022	1016	430	977	0	61445
13520	948	362	59184	1111	0	61605
13521	1014	294	1157	58912	0	61377
13522	58326	275	1158	1060	0	60819
13523	948	58330	483	1219	0	60980
13524	1066	975	365	58126	0	60532
13525	357	1022	58235	1069	0	60683
13526	57177	288	1134	1107	0	59706
13527	907	299	1136	57752	0	60094
13528	991	311	57062	1050	0	59414
13529	272	246	1127	55085	0	56730
13530	215	55899	1137	1144	0	58395
13531	328	966	56076	1100	0	58470
13532	321	948	999	53354	0	55622
13533	51537	270	1010	975	0	53792
13534	990	270	363	50341	0	51964
13535	46377	271	331	826	0	47805
13536	849	46100	374	864	0	48187
13537	44931	846	416	232	0	46425
13538	870	848	43886	239	0	45843
13539	791	263	37868	204	0	39126
13540	280	220	33239	192	0	33931
13541	261	30568	1556	216	0	32601
13542	913	199	2026	10161	0	13299
13543	65	116	178	10092	0	10451
13544	20	27	29	10042	0	10118
13545	18	21	23	10170	0	10232
13546	19	20	10071	159	0	10269
13547	9330	21	93	112	0	9556
13548	71	10152	109	33	0	10365
13549	9951	79	30	18	0	10078
13550	79	93	23	9763	0	9958
13551	85	10084	22	82	0	10273
13552	39	85	22	10160	0	10306
13553	9997	106	26	87	0	10216
13554	68	10384	25	86	0	10563
13555	10204	61	27	29	0	10321
13556	10003	87	37	15	0	10142
13557	123	31	17	10067	0	10238
13558	88	18	10145	77	0	10328
13559	9843	19	99	96	0	10057
13560	68	34	82	10359	0	10543
13561	10475	20	22	72	0	10589
13562	10685	22	19	102	0	10828
13563	10742	20	14	35	0	10811
13564	145	27	10790	17	0	10979
13565	101	28	63	10343	0	10535
13566	10459	25	94	66	0	10644
13567	73	19	10824	88	0	11004
13568	80	10758	60	31	0	10929
13569	36	100	89	10198	0	10423
13570	15	81	10542	52	0	10690
13571	34	21	10395	77	0	10527
13572	23	61	114	10112	0	10310
13573	23	10	78	10341	0	10452
13574	22	18	18	10375	0	10433
13575	22	15	17	10315	0	10369
13576	27	10	10287	116	0	10440
13577	22	10412	55	82	0	10571
13578	21	45	65	10460	0	10591
13579	10461	63	18	50	0	10592
13580	10271	18	12	71	0	10372
13581	10409	8	11	21	0	10449
13582	111	15	16	10293	0	10435
13583	75	43	13	9997	0	10128
13584	22	9722	18	101	0	9863
13585	12	9865	18	75	0	9970
13586	88	163	20	9305	0	9576
13587	9108	89	37	101	0	9335
13588	9044	8	10	49	0	9111
13589	9019	8	9	21	0	9057
13590	9089	5	12	14	0	9120
13591	9131	5	9	24	0	9169
13592	79	9247	14	17	0	9357
13593	43	39	12	9325	0	9419
13594	9584	40	8	53	0	9685
13595	9690	9	7	48	0	9754
13596	74	6	13	9661	0	9754
13597	49	3	14	9763	0	9829
13598	21	13	9992	76	0	10102
13599	10	8	35	9764	0	9817
13600	17	8	38	10021	0	10084
13601	16	22	10445	81	0	10564
13602	22	15	33	10174	0	10244
13603	12	10665	44	43	0	10764
13604	27	40	10609	50	0	10726
13605	21	10777	42	23	0	10863
13606	26	38	43	10500	0	10607
13607	20	39	7	10441	0	10507
13608	11	10576	13	65	0	10665
13609	15	10614	7	47	0	10683
13610	10742	55	22	17	0	10836
13611	10631	35	7	14	0	10687
13612	62	11	10705	16	0	10794
13613	10743	2	29	25	0	10799
13614	11326	1	45	18	0	11390
13615	11480	0	6	18	0	11504
13616	11359	15	34	17	0	11425
13617	60	10	11248	24	0	11342
13618	43	13	10882	10	0	10948
13619	11245	4	51	12	0	11312
13620	33	11852	37	27	0	11949
13621	39	24	11758	17	0	11838
13622	11711	23	32	15	0	11781
13623	11872	10	30	25	0	11937
13624	55	13	11933	15	0	12016
13625	11609	9	26	19	0	11663
13626	30	7	40	13090	0	13167
13627	37	14	13827	33	0	13911
13628	12636	8	33	55	0	12732
13629	29	14134	45	27	0	14235
13630	14441	26	8	27	0	14502
13631	16062	34	8	56	0	16160
13632	69	4	13	16155	0	16241
13633	42	10	10	16207	0	16269
13634	15	8	7	16468	0	16498
13635	16477	6	6	76	0	16565
13636	17184	6	4	59	0	17253
13637	77	1	12	17402	0	17492
13638	64	7	4	17386	0	17461
13639	23	15	17271	88	0	17397
13640	16394	19	37	80	0	16530
13641	39	21	50	17791	0	17901
13642	61	13	6	17736	0	17816
13643	19	17774	14	134	0	17941
13644	32	39	9	17820	0	17900
13645	21	62	8	17801	0	17892
13646	17405	15	7	118	0	17545
13647	55	18032	4	94	0	18185
13648	83	67	4	18196	0	18350
13649	27	62	6	18182	0	18277
13650	32	7	4	18439	0	18482
13651	29	19	18196	118	0	18362
13652	27	8	46	18040	0	18121
13653	18076	12	68	76	0	18232
13654	65	17	18116	92	0	18290
13655	78	9	58	18377	0	18522
13656	21	6	72	18784	0	18883
13657	18936	4	17	153	0	19110
13658	18444	12	12	111	0	18579
13659	130	22	18922	32	0	19106
13660	17479	15	64	59	0	17617
13661	85	20	19067	29	0	19201
13662	18529	17	80	32	0	18658
13663	79	20661	81	60	0	20881
13664	21050	75	15	35	0	21175
13665	91	21514	18	50	0	21673
13666	21929	86	24	41	0	22080
13667	81	22578	24	40	0	22723
13668	102	113	15	22860	0	23090
13669	40	93	4	22861	0	22998
13670	23	22	10	22801	0	22856
13671	14	22614	23	221	0	22872
13672	20	85	13	22578	0	22696
13673	18	22900	18	116	0	23052
13674	20	95	12	23006	0	23133
13675	23099	89	11	120	0	23319
13676	22651	28	9	117	0	22805
13677	200	22872	18	58	0	23148
13678	126	99	13	22941	0	23179
13679	22756	111	16	115	0	22998
13680	99	23323	19	136	0	23577
13681	127	23472	19	67	0	23685
13682	23517	207	11	42	0	23777
13683	23549	133	10	37	0	23729
13684	208	23644	16	74	0	23942
13685	23770	102	7	46	0	23925
13686	142	141	16	23800	0	24099
13687	162	61	25076	120	0	25419
13688	24910	22	109	160	0	25201
13689	25340	23	137	64	0	25564
13690	267	37	25800	43	0	26147
13691	25636	27	116	72	0	25851
13692	26439	23	147	56	0	26665
13693	27225	32	23	53	0	27333
13694	267	27277	26	61	0	27631
13695	27594	138	13	42	0	27787
13696	27666	166	13	52	0	27897
13697	290	55	9	27626	0	27980
13698	211	45	20	27936	0	28212
13699	88	38	10	28405	0	28541
13700	28413	48	17	312	0	28790
13701	166	43	13	28070	0	28292
13702	28393	38	9	212	0	28652
13703	28497	40	15	210	0	28762
13704	335	56	13	28532	0	28936
13705	231	54	11	29200	0	29496
13706	98	46	22	29485	0	29651
13707	29423	53	17	351	0	29844
13708	198	29678	30	250	0	30156
13709	235	166	28	30133	0	30562
13710	100	209	12	30568	0	30889
13711	30369	68	22	393	0	30852
13712	30336	48	24	271	0	30679
13713	409	69	30185	101	0	30764
13714	301	63	29968	85	0	30417
13715	31394	49	351	89	0	31883
13716	284	43	234	32397	0	32958
13717	322	50	56	36162	0	36590
13718	129	80	36597	578	0	37384
13719	130	91	297	34837	0	35355
13720	107	36637	327	358	0	37429
13721	103	37328	67	470	0	37968
13722	36439	592	36	138	0	37205
13723	417	360	36610	106	0	37493
13724	397	37537	286	153	0	38373
13725	161	347	309	37646	0	38463
13726	165	332	37350	389	0	38236
13727	139	79	327	36269	0	36814
13728	139	63	315	36750	0	37267
13729	138	69	36811	662	0	37680
13730	118	36720	350	473	0	37661
13731	140	330	320	35153	0	35943
13732	35376	324	95	394	0	36189
13733	35383	80	85	404	0	35952
13734	35492	56	59	148	0	35755
13735	673	35402	68	176	0	36319
13736	34951	323	60	118	0	35452
13737	410	352	74	34801	0	35637
13738	404	93	34771	429	0	35697
13739	33367	68	333	423	0	34191
13740	373	34890	352	181	0	35796
13741	378	321	110	34526	0	35335
13742	163	321	107	34227	0	34818
13743	120	34647	84	696	0	35547
13744	140	382	86	35263	0	35871
13745	128	353	116	35408	0	36005
13746	151	141	115	35952	0	36359
13747	35000	144	121	781	0	36046
13748	34573	133	134	499	0	35339
13749	667	173	35032	279	0	36151
13750	427	171	414	34677	0	35689
13751	206	136	379	35552	0	36273
13752	196	139	191	35863	0	36389
13753	35177	151	182	803	0	36313
13754	464	219	34642	526	0	35851
13755	33832	133	436	308	0	34709
13756	34900	146	391	281	0	35718
13757	717	134	163	34845	0	35859
13758	35077	126	159	558	0	35920
13759	545	173	34919	520	0	36157
13760	33595	132	398	345	0	34470
13761	527	37282	408	388	0	38605
13762	538	426	36754	248	0	37966
13763	316	452	36815	305	0	37888
13764	303	387	715	36082	0	37487
13765	280	180	37077	554	0	38091
13766	34923	181	464	552	0	36120
13767	495	35932	416	344	0	37187
13768	36144	404	186	321	0	37055
13769	493	424	113	36472	0	37502
13770	514	150	36443	591	0	37698
13771	268	153	36495	657	0	37573
13772	235	198	653	36692	0	37778
13773	36928	118	453	616	0	38115
13774	487	36515	160	698	0	37860
13775	492	37608	152	444	0	38696
13776	37353	594	143	376	0	38466
13777	558	37930	170	385	0	39043
13778	38056	381	185	343	0	38965
13779	607	369	175	37644	0	38795
13780	37676	117	178	586	0	38557
13781	578	109	200	37801	0	38688
13782	37992	97	220	558	0	38867
13783	582	98	207	37428	0	38315
13784	543	37384	236	565	0	38728
13785	37329	341	196	549	0	38415
13786	511	37271	231	408	0	38421
13787	539	422	35701	270	0	36932
13788	346	382	450	33368	0	34546
13789	285	36204	472	420	0	37381
13790	35411	380	231	428	0	36450
13791	34548	406	260	240	0	35454
13792	747	34914	259	248	0	36168
13793	457	409	34498	289	0	35653
13794	304	367	473	32923	0	34067
13795	264	34297	471	460	0	35492
13796	274	415	236	34381	0	35306
13797	317	372	222	34652	0	35563
13798	34115	193	187	723	0	35218
13799	532	34065	204	502	0	35303
13800	510	411	177	34292	0	35390
13801	34416	401	159	492	0	35468
13802	34183	201	149	469	0	35002
13803	33987	226	182	263	0	34658
13804	810	206	161	33508	0	34685
13805	33107	197	157	485	0	33946
13806	541	33146	187	452	0	34326
13807	32825	396	149	272	0	33642
13808	520	33461	118	283	0	34382
13809	33136	394	146	247	0	33923
13810	32714	348	127	218	0	33407
13811	706	314	152	32210	0	33382
13812	520	165	33381	424	0	34490
13813	338	179	32700	432	0	33649
13814	263	33050	503	262	0	34078
13815	31619	378	447	223	0	32667
13816	400	353	31337	167	0	32257
13817	24402	86	164	65	0	24717
13818	167	26362	136	61	0	26726
13819	191	27421	51	51	0	27714
13820	95	259	40	27707	0	28101
13821	93	29029	41	163	0	29326
13822	93	228	29133	195	0	29649
13823	105	233	170	27905	0	28413
13824	78	30314	200	214	0	30806
13825	72	248	43	30483	0	30846
13826	30462	242	49	244	0	30997
13827	220	100	39	30667	0	31026
13828	265	90	31265	260	0	31880
13829	87	31907	226	301	0	32521
13830	75	326	237	31462	0	32100
13831	91	288	63	31924	0	32366
13832	71	101	51	32479	0	32702
13833	31648	72	41	519	0	32280
13834	31315	60	43	348	0	31766
13835	520	85	31933	126	0	32664
13836	345	99	31785	90	0	32319
13837	100	32134	452	111	0	32797
13838	32475	252	299	103	0	33129
13839	278	291	67	32481	0	33117
13840	325	89	50	32626	0	33090
13841	125	72	41	32944	0	33182
13842	120	71	31	33152	0	33374
13843	148	84	32023	551	0	32806
13844	30337	56	236	381	0	31010
13845	301	59	264	35067	0	35691
13846	383	85	34915	336	0	35719
13847	34598	99	318	407	0	35422
13848	37968	63	379	138	0	38548
13849	792	91	41936	105	0	42924
13850	593	114	43150	67	0	43924
13851	192	84	896	42227	0	43399
13852	43250	57	586	473	0	44366
13853	43548	54	150	560	0	44312
13854	959	79	122	42246	0	43406
13855	622	61	138	43467	0	44288
13856	191	97	43344	950	0	44582
13857	132	157	490	42491	0	43270
13858	193	81	43222	600	0	44096
13859	39787	93	523	615	0	41018
13860	493	42603	579	259	0	43934
13861	40511	396	136	107	0	41150
13862	482	40503	119	171	0	41275
13863	40084	463	187	96	0	40830
13864	554	473	90	38645	0	39762
13865	606	102	67	38973	0	39748
13866	39165	59	45	889	0	40158
13867	39105	49	51	578	0	39783
13868	39588	43	57	169	0	39857
13869	39525	41	71	128	0	39765
13870	1043	45	38709	136	0	39933
13871	38507	33	473	117	0	39130
13872	38990	23	518	100	0	39631
13873	38869	44	102	102	0	39117
13874	1068	37	81	38072	0	39258
13875	37082	40	88	498	0	37708
13876	572	37256	106	562	0	38496
13877	610	413	73	37344	0	38440
13878	233	497	64	37712	0	38506
13879	206	117	37165	978	0	38466
13880	198	57	460	35478	0	36193
13881	148	36995	536	582	0	38261
13882	36343	464	129	573	0	37509
13883	529	37170	117	241	0	38057
13884	37110	507	114	180	0	37911
13885	654	533	96	36791	0	38074
13886	36505	126	89	553	0	37273
13887	609	35984	93	642	0	37328
13888	36508	478	95	195	0	37276
13889	36282	544	88	153	0	37067
13890	1048	139	88	35691	0	36966
13891	742	61	87	36381	0	37271
13892	282	98	35750	1042	0	37172
13893	276	76	467	35650	0	36469
13894	262	88	521	35840	0	36711
13895	259	85	35384	1055	0	36783
13896	199	71	506	35712	0	36488
13897	228	71	35638	654	0	36591
13898	34400	68	578	661	0	35707
13899	621	70	570	34864	0	36125
13900	691	110	34510	593	0	35904
13901	33936	93	522	628	0	35179
13902	659	77	547	34513	0	35796
13903	694	83	34795	623	0	36195
13904	34131	52	517	694	0	35394
13905	630	69	563	34789	0	36051
13906	676	60	174	35079	0	35989
13907	35056	61	123	1068	0	36308
13908	678	61	130	34700	0	35569
13909	710	64	115	34772	0	35661
13910	317	58	126	33358	0	33859
13911	260	33717	149	1109	0	35235
13912	32587	447	111	739	0	33884
13913	32815	502	110	283	0	33710
13914	1099	119	120	32132	0	33470
13915	32509	64	120	669	0	33362
13916	32252	89	131	706	0	33178
13917	32603	83	128	289	0	33103
13918	30118	82	163	287	0	30650
13919	31515	62	182	271	0	32030
13920	1128	64	29226	254	0	30672
13921	718	80	28089	245	0	29132
13922	27187	99	825	220	0	28331
13923	583	27432	544	255	0	28814
13924	620	402	194	26186	0	27402
13925	292	430	26332	472	0	27526
13926	287	121	26201	523	0	27132
13927	291	394	779	25354	0	26818
13928	25138	190	720	651	0	26699
13929	544	89	118	25238	0	25989
13930	546	98	25155	516	0	26315
13931	25752	48	387	548	0	26735
13932	490	56	450	26114	0	27110
13933	570	31	146	26359	0	27106
13934	288	33	104	26807	0	27232
13935	255	33	110	26283	0	26681
13936	262	63	25462	871	0	26658
13937	259	44	380	25611	0	26294
13938	25246	37	446	524	0	26253
13939	502	64	24982	571	0	26119
13940	24925	33	396	271	0	25625
13941	25353	41	430	220	0	26044
13942	25392	57	134	216	0	25799
13943	24961	54	131	228	0	25374
13944	821	24569	137	231	0	25758
13945	428	21585	84	145	0	22242
13946	166	22229	106	166	0	22667
13947	19873	742	597	304	0	21516
13948	354	289	18526	157	0	19326
13949	13384	229	432	78	0	14123
13950	282	14	180	12789	0	13265
13951	12815	11	28	130	0	12984
13952	136	5	26	12830	0	12997
13953	12926	7	23	132	0	13088
13954	149	9	15	12946	0	13119
13955	131	10	15	13313	0	13469
13956	11525	11	29	236	0	11801
13957	130	14422	20	155	0	14727
13958	123	108	14308	50	0	14589
13959	53	14250	103	44	0	14450
13960	52	90	13636	34	0	13812
13961	61	193	106	12647	0	13007
13962	13020	15	157	78	0	13270
13963	87	10	16	12856	0	12969
13964	12719	6	22	85	0	12832
13965	107	13922	22	144	0	14195
13966	130	66	14349	36	0	14581
13967	39	14493	69	33	0	14634
13968	32	14430	76	36	0	14574
13969	13735	86	79	17	0	13917
13970	13331	56	29	18	0	13434
13971	83	13802	11	25	0	13921
13972	65	39	22	13832	0	13958
13973	24	52	11	13908	0	13995
13974	13936	11	18	101	0	14066
13975	58	13	14055	82	0	14208
13976	81	13	13947	31	0	14072
13977	23	14	98	13989	0	14124
13978	42	17	14402	60	0	14521
13979	13471	15	49	85	0	13620
13980	14281	15	65	36	0	14397
13981	116	14521	25	35	0	14697
13982	99	54	14888	16	0	15057
13983	40	74	57	14714	0	14885
13984	39	20	15815	63	0	15937
13985	33	16	61	15618	0	15728
13986	15688	12	92	78	0	15870
13987	60	16394	35	113	0	16602
13988	120	62	17087	31	0	17300
13989	39	17605	66	33	0	17743
13990	23	18159	97	36	0	18315
13991	18228	135	27	27	0	18417
13992	17723	94	28	30	0	17875
13993	171	35	18394	28	0	18628
13994	104	18958	77	77	0	19216
13995	39	71	93	19007	0	19210
13996	24	86	39	18983	0	19132
13997	31	20	17	18983	0	19051
13998	40	20	19346	172	0	19578
13999	29	15	68	19051	0	19163
14000	41	8	93	19730	0	19872
14001	20101	22	24	186	0	20333
14002	20109	14	31	120	0	20274
14003	20267	23	19	69	0	20378
14004	20033	21	22	34	0	20110
14005	19984	18	28	29	0	20059
14006	175	20029	29	38	0	20271
14007	19684	66	22	24	0	19796
14008	110	94	19802	23	0	20029
14009	112	60	62	19491	0	19725
14010	19905	25	76	73	0	20079
14011	78	20253	23	84	0	20438
14012	20477	69	30	31	0	20607
14013	20915	83	19	39	0	21056
14014	132	30	19	21258	0	21439
14015	102	39	14	21383	0	21538
14016	53	23028	19	148	0	23248
14017	47	66	15	23430	0	23558
14018	43	104	24512	91	0	24750
14019	39	27	82	24767	0	24915
14020	34	30	25281	118	0	25463
14021	22325	31	132	182	0	22670
14022	113	16	123	25596	0	25848
14023	139	32	26184	120	0	26475
14024	33	26030	115	156	0	26334
14025	19	26216	139	53	0	26427
14026	25818	182	80	28	0	26108
14027	117	153	39	25850	0	26159
14028	127	36	27780	92	0	28035
14029	28	27738	91	157	0	28014
14030	59	86	28003	32	0	28180
14031	26896	106	106	32	0	27140
14032	27401	18	97	22	0	27538
14033	27694	11	20	22	0	27747
14034	169	8	15	27952	0	28144
14035	123	27	28106	93	0	28349
14036	20	28397	87	131	0	28635
14037	37	76	100	28794	0	29007
14038	48	112	28455	82	0	28697
14039	30	39	27846	118	0	28033
14040	18	13	177	28287	0	28495
14041	28834	22	109	91	0	29056
14042	82	9	28	28847	0	28966
14043	108	11	26	29427	0	29572
14044	44	35	30032	199	0	30310
14045	24	16	92	29693	0	29825
14046	18	10	106	30064	0	30198
14047	32	40	30698	193	0	30963
14048	41	43	30485	113	0	30682
14049	31	22	186	30227	0	30466
14050	59	34	31105	116	0	31314
14051	26	15	102	30889	0	31032
14052	31143	18	116	111	0	31388
14053	90	32312	49	186	0	32637
14054	105	97	25	32628	0	32855
14055	38	115	32214	91	0	32458
14056	26801	27	111	175	0	27114
14057	86	30869	123	74	0	31152
14058	31187	77	21	43	0	31328
14059	99	110	23	31046	0	31278
14060	115	20	26	31033	0	31194
14061	31617	16	30	205	0	31868
14062	114	31	31907	131	0	32183
14063	30948	14	96	53	0	31111
14064	106	14	113	32198	0	32431
14065	31486	9	33	131	0	31659
14066	31324	9	38	137	0	31508
14067	204	10	35	31348	0	31597
14068	146	32766	40	142	0	33094
14069	33600	103	29	146	0	33878
14070	33554	135	24	57	0	33770
14071	295	35	34201	45	0	34576
14072	33479	19	137	42	0	33677
14073	153	32	174	34030	0	34389
14074	177	34835	50	151	0	35213
14075	75	136	37	33639	0	33887
14076	29	34868	44	155	0	35096
14077	34626	129	40	180	0	34975
14078	35024	168	28	47	0	35267
14079	292	42	29	37338	0	37701
14080	225	51	37479	182	0	37937
14081	82	34	37399	242	0	37757
14082	52	28	394	38244	0	38718
14083	38604	19	279	219	0	39121
14084	40068	25	55	275	0	40423
14085	460	41282	52	101	0	41895
14086	335	258	35	41307	0	41935
14087	99	316	42378	296	0	43089
14088	86	87	43810	346	0	44329
14089	108	136	644	46260	0	47148
14090	49733	30	498	426	0	50687
14091	443	25	71	50830	0	51369
14092	542	52	50460	512	0	51566
14093	49726	20	465	555	0	50766
14094	497	17	529	50171	0	51214
14095	542	15	96	50753	0	51406
14096	128	40	56	49451	0	49675
14097	65	49743	90	997	0	50895
14098	77	449	50516	616	0	51658
14099	78	518	51087	160	0	51843
14100	90	73	958	50653	0	51774
14101	114	61	51571	528	0	52274
14102	49740	41	540	578	0	50899
14103	520	32	560	50459	0	51571
14104	560	42	135	50544	0	51281
14105	128	40	95	50096	0	50359
14106	81	50774	113	1070	0	52038
14107	51343	459	82	632	0	52516
14108	516	545	78	51106	0	52245
14109	51047	87	101	579	0	51814
14110	544	51134	90	671	0	52439
14111	51130	489	96	183	0	51898
14112	49732	539	84	151	0	50506
14113	50039	96	93	166	0	50394
14114	1078	49303	108	193	0	50682
14115	653	49797	103	190	0	50743
14116	47160	965	102	154	0	48381
14117	541	48118	126	194	0	48979
14118	620	536	46771	164	0	48091
14119	156	45996	502	252	0	46906
14120	113	46379	551	223	0	47266
14121	45910	912	165	114	0	47101
14122	557	579	45516	150	0	46802
14123	612	144	45095	125	0	45976
14124	178	109	966	43731	0	44984
14125	34011	86	11482	537	0	46116
14126	506	106	45301	587	0	46500
14127	482	104	630	44387	0	45603
14128	188	108	43759	576	0	44631
14129	174	117	42655	617	0	43563
14130	40881	119	943	235	0	42178
14131	598	127	42923	162	0	43810
14132	622	90	566	41493	0	42771
14133	216	114	595	41177	0	42102
14134	166	41739	209	972	0	43086
14135	191	42580	165	656	0	43592
14136	212	929	142	41867	0	43150
14137	222	608	42010	580	0	43420
14138	159	185	554	41940	0	42838
14139	143	157	608	42321	0	43229
14140	184	138	42688	1056	0	44066
14141	155	137	584	42937	0	43813
14142	43060	119	684	652	0	44515
14143	573	145	42965	696	0	44379
14144	42313	135	586	275	0	43309
14145	643	130	666	42199	0	43638
14146	689	98	250	42911	0	43948
14147	233	43599	264	1118	0	45214
14148	207	538	231	44171	0	45147
14149	222	594	213	44739	0	45768
14150	44298	160	253	1185	0	45896
14151	628	134	237	44686	0	45685
14152	662	141	219	44817	0	45839
14153	43008	152	271	1229	0	44660
14154	648	158	266	43666	0	44738
14155	699	162	284	41069	0	42214
14156	250	43042	285	1264	0	44841
14157	42948	556	243	866	0	44613
14158	658	620	212	43216	0	44706
14159	708	213	215	43807	0	44943
14160	315	180	43005	1313	0	44813
14161	236	162	628	42743	0	43769
14162	209	153	677	43018	0	44057
14163	41964	167	217	1291	0	43639
14164	41598	182	238	843	0	42861
14165	1152	166	232	41782	0	43332
14166	772	183	41160	757	0	42872
14167	313	39807	648	749	0	41517
14168	294	40330	665	389	0	41678
14169	439	1050	315	39245	0	41049
14170	39165	610	256	736	0	40767
14171	628	248	127	39665	0	40668
14172	39724	218	123	739	0	40804
14173	673	194	144	40185	0	41196
14174	656	176	146	39996	0	40974
14175	39065	161	155	1138	0	40519
14176	38335	192	165	735	0	39427
14177	1063	39156	156	342	0	40717
14178	680	39836	189	324	0	41029
14179	250	862	170	36152	0	37434
14180	195	554	188	36689	0	37626
14181	246	161	36099	917	0	37423
14182	32334	134	498	667	0	33633
14183	506	34828	532	343	0	36209
14184	362	32716	187	299	0	33564
14185	31523	572	321	199	0	32615
14186	467	328	31615	203	0	32613
14187	407	86	30351	180	0	31024
14188	267	212	28040	160	0	28679
14189	114	24770	466	112	0	25462
14190	198	125	410	21079	0	21812
14191	27	100	37	21020	0	21184
14192	42	31	23	21208	0	21304
14193	20832	19	19	212	0	21082
14194	20492	21	32	124	0	20669
14195	182	20887	25	106	0	21200
14196	120	116	16	21274	0	21526
14197	61	109	21731	149	0	22050
14198	42	22031	119	156	0	22348
14199	21591	101	102	70	0	21864
14200	132	104	21689	55	0	21980
14201	19441	30	110	81	0	19662
14202	142	47	21759	62	0	22010
14203	93	120	101	20750	0	21064
14204	34	21814	90	136	0	22074
14205	21858	91	34	123	0	22106
14206	112	22236	26	89	0	22463
14207	21883	106	33	53	0	22075
14208	125	77	14	21677	0	21893
14209	118	39	22541	144	0	22842
14210	52	26	112	23008	0	23198
14211	41	37	85	24806	0	24969
14212	61	53	24818	224	0	25156
14213	23041	22	135	188	0	23386
14214	144	25552	128	106	0	25930
14215	25216	130	33	80	0	25459
14216	130	25809	36	97	0	26072
14217	145	155	22	26290	0	26612
14218	64	136	26177	179	0	26556
14219	28677	35	138	170	0	29020
14220	234	30507	147	118	0	31006
14221	201	244	29	30261	0	30735
14222	62	189	29	31460	0	31740
14223	32907	68	32	408	0	33415
14224	33881	27	28	274	0	34210
14225	486	35254	57	122	0	35919
14226	37651	309	39	71	0	38070
14227	37425	278	28	73	0	37804
14228	38218	76	36	73	0	38403
14229	758	113	38634	94	0	39599
14230	429	38080	379	104	0	38992
14231	144	39256	360	95	0	39855
14232	118	684	94	36873	0	37769
14233	92	409	35	38449	0	38985
14234	38411	113	50	696	0	39270
14235	389	38422	60	436	0	39307
14236	38752	416	39	136	0	39343
14237	462	379	34	38029	0	38904
14238	398	117	29	38562	0	39106
14239	37908	71	34	717	0	38730
14240	37169	63	40	438	0	37710
14241	769	61	37016	118	0	37964
14242	480	123	400	36329	0	37332
14243	173	69	36417	405	0	37064
14244	115	74	35811	374	0	36374
14245	127	92	36194	129	0	36542
14246	34379	132	844	95	0	35450
14247	394	73	421	34264	0	35152
14248	371	46	117	34104	0	34638
14249	130	48	67	34991	0	35236
14250	97	72	34611	719	0	35499
14251	103	42	365	34373	0	34883
14252	107	39	351	34928	0	35425
14253	34618	42	85	699	0	35444
14254	34580	64	45	434	0	35123
14255	35376	40	51	146	0	35613
14256	35345	47	61	123	0	35576
14257	834	56	58	34525	0	35473
14258	34965	62	69	436	0	35532
14259	541	76	55	34844	0	35516
14260	531	76	33878	463	0	34948
14261	33388	71	366	436	0	34261
14262	511	34127	368	188	0	35194
14263	496	392	116	33498	0	34502
14264	225	417	81	33022	0	33745
14265	162	34152	112	768	0	35194
14266	33636	415	89	470	0	34610
14267	467	33537	99	269	0	34372
14268	523	461	33338	152	0	34474
14269	264	426	33438	154	0	34282
14270	32482	157	732	172	0	33543
14271	33336	116	426	176	0	34054
14272	810	113	32969	147	0	34039
14273	32470	77	427	166	0	33140
14274	578	115	32936	173	0	33802
14275	32617	83	477	177	0	33354
14276	614	114	32937	189	0	33854
14277	570	90	32838	172	0	33670
14278	281	100	755	30698	0	31834
14279	227	91	516	31749	0	32583
14280	32017	85	208	803	0	33113
14281	32012	96	163	558	0	32829
14282	32459	74	168	256	0	32957
14283	32382	76	131	241	0	32830
14284	907	31600	167	235	0	32909
14285	674	387	141	30574	0	31776
14286	321	31747	170	517	0	32755
14287	299	435	164	31767	0	32665
14288	322	401	140	31305	0	32168
14289	344	174	126	31297	0	31941
14290	315	152	30434	916	0	31817
14291	28665	129	455	620	0	29869
14292	581	29534	494	369	0	30978
14293	590	30232	201	333	0	31356
14294	381	724	30374	305	0	31784
14295	310	459	458	29868	0	31095
14296	304	180	474	29995	0	30953
14297	29647	133	212	877	0	30869
14298	610	131	166	29455	0	30362
14299	621	131	192	29442	0	30386
14300	326	120	184	29759	0	30389
14301	321	88	217	30012	0	30638
14302	28917	80	191	944	0	30132
14303	29043	84	217	647	0	29991
14304	29333	73	217	314	0	29937
14305	956	61	234	29114	0	30365
14306	29332	72	260	582	0	30246
14307	653	75	209	29662	0	30599
14308	619	101	255	30087	0	31062
14309	378	83	28898	895	0	30254
14310	320	73	27956	616	0	28965
14311	325	63	26943	271	0	27602
14312	25822	111	915	253	0	27101
14313	579	157	604	24114	0	25454
14314	598	25535	250	512	0	26895
14315	25881	328	219	536	0	26964
14316	587	389	25401	279	0	26656
14317	24345	100	467	224	0	25136
14318	610	23677	475	226	0	24988
14319	20093	223	140	153	0	20609
14320	451	333	92	19666	0	20542
14321	19468	80	92	309	0	19949
14322	376	18735	83	388	0	19582
14323	403	18082	91	176	0	18752
14324	15940	360	171	116	0	16587
14325	214	16059	110	141	0	16524
14326	172	12776	44	55	0	13047
14327	132	12920	81	61	0	13194
14328	11895	256	302	59	0	12512
14329	11374	116	30	30	0	11550
14330	11430	29	18	30	0	11507
14331	175	24	16	11238	0	11453
14332	134	20	21	11313	0	11488
14333	41	35	11308	156	0	11540
14334	40	21	59	11303	0	11423
14335	50	29	11560	66	0	11705
14336	49	12	63	11432	0	11556
14337	39	17	103	11513	0	11672
14338	11477	14	28	168	0	11687
14339	11318	12	23	134	0	11487
14340	163	11459	30	49	0	11701
14341	128	65	24	11327	0	11544
14342	46	122	11722	75	0	11965
14343	42	25	60	11699	0	11826
14344	46	20	108	11763	0	11937
14345	47	26	18	11874	0	11965
14346	54	33	11685	159	0	11931
14347	49	27	11145	120	0	11341
14348	11211	21	149	43	0	11424
14349	67	20	118	11622	0	11827
14350	118	24	11584	88	0	11814
14351	10953	28	55	133	0	11169
14352	68	11651	112	55	0	11886
14353	11691	49	33	45	0	11818
14354	80	109	11881	38	0	12108
14355	11457	23	51	35	0	11566
14356	64	26	95	11699	0	11884
14357	114	32	11973	71	0	12190
14358	41	11892	61	110	0	12104
14359	11882	56	122	38	0	12098
14360	64	108	39	11764	0	11975
14361	128	13	28	11695	0	11864
14362	30	12083	38	141	0	12292
14363	32	58	20	12115	0	12225
14364	50	95	12107	67	0	12319
14365	22	12034	70	123	0	12249
14366	11969	50	100	48	0	12167
14367	55	109	30	11862	0	12056
14368	116	25	21	11794	0	11956
14369	47	26	11814	145	0	12032
14370	52	37	52	11737	0	11878
14371	51	37	12414	56	0	12558
14372	33	12556	57	113	0	12759
14373	12233	57	112	47	0	12449
14374	12082	95	28	38	0	12243
14375	12110	28	23	42	0	12203
14376	114	12903	34	56	0	13107
14377	115	51	30	12932	0	13128
14378	37	97	24	12955	0	13113
14379	43	31	22	12747	0	12843
14380	12858	23	15	139	0	13035
14381	12759	22	16	118	0	12915
14382	140	17	22	12768	0	12947
14383	120	31	14083	78	0	14312
14384	36	22	56	14034	0	14148
14385	33	17	96	14154	0	14300
14386	40	15	24	14149	0	14228
14387	36	22	23	14227	0	14308
14388	14370	20	19	158	0	14567
14389	62	28	22	14663	0	14775
14390	112	23	20	14535	0	14690
14391	32	14822	32	153	0	15039
14392	31	59	14	15043	0	15147
14393	36	15676	28	97	0	15837
14394	43	60	18	15630	0	15751
14395	15454	108	25	92	0	15679
14396	66	15808	26	157	0	16057
14397	15498	60	24	63	0	15645
14398	77	135	15856	57	0	16125
14399	133	18	69	15654	0	15874
14400	50	16	16245	102	0	16413
14401	27	32	70	16131	0	16260
14402	34	48	121	15853	0	16056
14403	37	16208	44	195	0	16484
14404	42	16310	27	144	0	16523
14405	24	16494	27	60	0	16605
14406	16043	127	40	44	0	16254
14407	56	15711	18	51	0	15836
14408	65	15406	17	51	0	15539
14409	183	109	35	15389	0	15716
14410	15557	58	13	58	0	15686
14411	39	16390	15	83	0	16527
14412	16563	37	16	34	0	16650
14413	16439	59	9	21	0	16528
14414	96	22	17083	30	0	17231
14415	69	8	41	16565	0	16683
14416	18	17	58	17214	0	17307
14417	16	17	12	17406	0	17451
14418	17	19	9	17244	0	17289
14419	32	24	16874	111	0	17041
14420	25	26	15480	74	0	15605
14421	15286	13	82	38	0	15419
14422	38	16751	59	32	0	16880
14423	55	16876	17	25	0	16973
14424	16846	92	22	25	0	16985
14425	38	17113	16	28	0	17195
14426	61	50	6	17249	0	17366
14427	17351	69	4	59	0	17483
14428	58	29	17531	76	0	17694
14429	66	18	41	17541	0	17666
14430	31	34	18157	63	0	18285
14431	17195	15	42	96	0	17348
14432	59	29	19728	25	0	19841
14433	19638	13	66	37	0	19754
14434	20570	17	82	40	0	20709
14435	20706	14	16	49	0	20785
14436	20844	20	13	33	0	20910
14437	20909	13	12	29	0	20963
14438	136	16	13	20863	0	21028
14439	21876	18	19	102	0	22015
14440	66	13	9	21968	0	22056
14441	94	21	15	21923	0	22053
14442	27	22	9	22205	0	22263
14443	37	29	22308	142	0	22516
14444	17	30	60	21805	0	21912
14445	24	19	78	22661	0	22782
14446	33	39	22327	134	0	22533
14447	20000	22	62	127	0	20211
14448	69	18	78	22716	0	22881
14449	99	30	22851	68	0	23048
14450	54	23	22239	97	0	22413
14451	23	30	136	22116	0	22305
14452	45	35	22891	90	0	23061
14453	28	31	65	22935	0	23059
14454	26	19	82	22786	0	22913
14455	20	23074	31	151	0	23276
14456	29	23265	18	107	0	23419
14457	23313	121	22	44	0	23500
14458	73	86	16	23462	0	23637
14459	88	13	18	23263	0	23382
14460	29	14	14	23913	0	23970
14461	51	35	24065	167	0	24318
14462	26	18	62	23679	0	23785
14463	23838	9	101	98	0	24046
14464	91	41	24604	104	0	24840
14465	94	15	71	24998	0	25178
14466	36	11	85	25360	0	25492
14467	25	9	23	25409	0	25466
14468	21	27093	40	177	0	27331
14469	27248	99	22	128	0	27497
14470	27990	126	26	40	0	28182
14471	260	29143	35	44	0	29482
14472	187	118	21	30326	0	30652
14473	58	176	30695	158	0	31087
14474	64	30	30456	221	0	30771
14475	30701	14	401	49	0	31165
14476	216	13	249	31933	0	32411
14477	33236	16	47	220	0	33519
14478	263	34372	48	322	0	35005
14479	308	35003	55	94	0	35460
14480	34340	552	24	57	0	34973
14481	256	36169	37	91	0	36553
14482	325	282	19	36059	0	36685
14483	85	332	31	33793	0	34241
14484	42	36765	49	540	0	37396
14485	37073	281	31	365	0	37750
14486	323	392	37509	73	0	38297
14487	35615	60	305	98	0	36078
14488	343	53	38171	47	0	38614
14489	34079	37	345	97	0	34558
14490	366	44	38571	61	0	39042
14491	387	37855	349	71	0	38662
14492	134	364	420	37586	0	38504
14493	37302	364	75	298	0	38039
14494	317	74	37175	352	0	37918
14495	401	43	37217	53	0	37714
14496	87	40	618	35909	0	36654
14497	73	48	37669	316	0	38106
14498	48	25	322	36777	0	37172
14499	52	29	385	36730	0	37196
14500	61	55	37083	651	0	37850
14501	53	25	308	36884	0	37270
14502	37466	15	380	364	0	38225
14503	292	37522	92	437	0	38343
14504	37985	288	54	99	0	38426
14505	342	356	48	37112	0	37858
14506	37491	59	52	321	0	37923
14507	37726	37	52	405	0	38220
14508	665	48	56	36975	0	37744
14509	415	38060	74	319	0	38868
14510	38253	288	67	375	0	38983
14511	366	393	37262	98	0	38119
14512	430	91	36991	77	0	37589
14513	36212	65	640	84	0	37001
14514	336	32	405	36718	0	37491
14515	410	48	37228	326	0	38012
14516	110	51	343	37313	0	37817
14517	37345	56	391	372	0	38164
14518	37940	46	84	426	0	38496
14519	37812	59	75	118	0	38064
14520	673	39027	86	103	0	39889
14521	441	303	70	39075	0	39889
14522	130	384	67	39133	0	39714
14523	38935	85	54	663	0	39737
14524	340	39048	70	480	0	39938
14525	38814	331	60	129	0	39334
14526	387	408	55	38402	0	39252
14527	38360	92	74	343	0	38869
14528	434	86	37456	404	0	38380
14529	428	37712	344	154	0	38638
14530	196	395	395	35083	0	36069
14531	118	38797	126	278	0	39319
14532	129	372	70	37256	0	37827
14533	36906	377	103	348	0	37734
14534	391	135	36111	392	0	37029
14535	35035	75	334	153	0	35597
14536	368	37233	432	140	0	38173
14537	423	328	121	37550	0	38422
14538	157	379	111	38015	0	38662
14539	36879	96	105	667	0	37747
14540	409	100	37053	451	0	38013
14541	448	74	338	37149	0	38009
14542	145	70	426	36998	0	37639
14543	147	69	124	37144	0	37484
14544	142	80	89	37471	0	37782
14545	36694	76	122	688	0	37580
14546	36408	77	95	496	0	37076
14547	741	80	36924	187	0	37932
14548	470	97	36263	152	0	36982
14549	37131	57	653	158	0	37999
14550	38311	61	442	148	0	38962
14551	715	74	123	38001	0	38913
14552	494	54	113	37996	0	38657
14553	37559	43	116	711	0	38429
14554	382	37999	164	503	0	39048
14555	482	281	106	38129	0	38998
14556	157	361	116	38499	0	39133
14557	160	123	37960	719	0	38962
14558	171	66	331	37979	0	38547
14559	179	104	38597	436	0	39316
14560	164	58	358	38307	0	38887
14561	37801	48	424	428	0	38701
14562	392	70	111	38263	0	38836
14563	488	101	37877	430	0	38896
14564	183	36808	347	573	0	37911
14565	158	346	413	37939	0	38856
14566	230	360	38413	390	0	39393
14567	150	38743	364	533	0	39790
14568	173	415	386	37513	0	38487
14569	164	380	37356	371	0	38271
14570	30055	97	331	457	0	30940
14571	303	36048	353	203	0	36907
14572	308	34637	102	169	0	35216
14573	130	35350	72	126	0	35678
14574	247	690	126	33682	0	34745
14575	118	297	34881	258	0	35554
14576	81	34505	236	339	0	35161
14577	224	485	279	33114	0	34102
14578	34193	203	74	225	0	34695
14579	207	62	29	42824	0	43122
14580	335	67	49335	471	0	50208
14581	86	50007	477	452	0	51022
14582	47973	476	458	136	0	49043
14583	453	49793	117	162	0	50525
14584	554	561	47805	86	0	49006
14585	106	48433	511	149	0	49199
14586	142	676	522	46624	0	47964
14587	129	536	47160	475	0	48300
14588	84	46893	529	498	0	48004
14589	150	568	473	45253	0	46444
14590	83	570	155	44708	0	45516
14591	47	46361	173	852	0	47433
14592	69	585	112	46605	0	47371
14593	81	556	46358	621	0	47616
14594	79	225	46770	539	0	47613
14595	53	209	884	46321	0	47467
14596	46318	148	539	619	0	47624
14597	45951	139	173	613	0	46876
14598	833	197	120	44779	0	45929
14599	485	45874	170	711	0	47240
14600	146	551	239	46014	0	46950
14601	45247	532	242	665	0	46686
14602	545	196	167	45284	0	46192
14603	611	168	126	45400	0	46305
14604	44754	190	119	1009	0	46072
14605	548	44876	141	727	0	46292
14606	522	655	107	44438	0	45722
14607	44522	552	127	715	0	45916
14608	607	223	43934	674	0	45438
14609	43521	164	526	391	0	44602
14610	628	155	473	44316	0	45572
14611	44476	183	159	737	0	45555
14612	44231	234	96	710	0	45271
14613	42411	169	153	424	0	43157
14614	1058	43508	239	399	0	45204
14615	729	565	43325	271	0	44890
14616	362	44090	611	315	0	45378
14617	42965	582	560	285	0	44392
14618	781	43400	206	300	0	44687
14619	754	662	109	43008	0	44533
14620	41563	617	134	646	0	42960
14621	650	42151	169	689	0	43659
14622	680	717	42204	304	0	43905
14623	324	703	559	41949	0	43535
14624	321	335	42589	716	0	43961
14625	259	42214	637	1019	0	44129
14626	261	729	571	41197	0	42758
14627	311	692	225	41754	0	42982
14628	250	367	227	42245	0	43089
14629	262	234	306	40525	0	41327
14630	248	41425	259	1242	0	43174
14631	40611	660	267	839	0	42377
14632	697	710	40809	500	0	42716
14633	690	342	704	40725	0	42461
14634	40399	350	630	892	0	42271
14635	801	412	40799	837	0	42849
14636	708	39861	712	516	0	41797
14637	330	938	722	38684	0	40674
14638	369	856	39674	750	0	41649
14639	261	39885	812	865	0	41823
14640	37929	780	730	574	0	40013
14641	732	39679	403	484	0	41298
14642	657	902	350	38415	0	40324
14643	298	842	289	39723	0	41152
14644	38547	513	304	1402	0	40766
14645	677	38928	425	1057	0	41087
14646	686	871	469	39195	0	41221
14647	37970	802	487	946	0	40205
14648	37146	464	386	1012	0	39008
14649	1232	37287	258	779	0	39556
14650	37525	828	178	619	0	39150
14651	37466	839	175	577	0	39057
14652	1263	603	208	36899	0	38973
14653	941	507	36426	1028	0	38902
14654	644	391	665	36022	0	37722
14655	578	329	675	36157	0	37739
14656	519	374	35419	1446	0	37758
14657	555	35038	727	1068	0	37388
14658	554	893	650	34701	0	36798
14659	426	777	348	35399	0	36950
14660	479	385	378	35707	0	36949
14661	503	337	388	34304	0	35532
14662	471	34782	366	1462	0	37081
14663	34876	715	291	1089	0	36971
14664	34690	698	190	754	0	36332
14665	33930	345	129	681	0	35085
14666	1436	32438	170	656	0	34700
14667	908	894	173	32022	0	33997
14668	512	844	32029	1004	0	34389
14669	505	687	667	30595	0	32454
14670	629	32244	591	863	0	34327
14671	31237	798	215	741	0	32991
14672	30975	748	152	570	0	32445
14673	30369	421	221	506	0	31517
14674	1210	30256	350	504	0	32320
14675	709	28638	424	498	0	30269
14676	371	29250	428	558	0	30607
14677	492	1073	28614	445	0	30624
14678	623	1101	25857	533	0	28114
14679	761	3173	838	13331	0	18103
14680	9940	93	487	141	0	10661
14681	9604	25	21	98	0	9748
14682	119	25	17	9907	0	10068
14683	84	30	19	9892	0	10025
14684	35	18	15	10075	0	10143
14685	23	26	10	10115	0	10174
14686	10159	19	13	141	0	10332
14687	10299	25	13	96	0	10433
14688	140	10724	12	50	0	10926
14689	10963	71	19	32	0	11085
14690	11007	90	13	35	0	11145
14691	11064	31	12	31	0	11138
14692	171	24	10471	27	0	10693
14693	10657	37	55	25	0	10774
14694	85	11064	87	40	0	11276
14695	103	81	18	11269	0	11471
14696	35	91	13	11170	0	11309
14697	20	11343	22	155	0	11540
14698	28	83	16	11563	0	11690
14699	11428	97	12	102	0	11639
14700	83	29	23	11615	0	11750
14701	103	28	11509	103	0	11743
14702	10900	18	68	121	0	11107
14703	91	11767	89	57	0	12004
14704	93	82	22	11733	0	11930
14705	41	88	15	11746	0	11890
14706	35	31	8	11800	0	11874
14707	45	32	11673	182	0	11932
14708	40	11424	72	131	0	11667
14709	49	84	75	11431	0	11639
14710	45	98	11245	89	0	11477
14711	38	28	66	10991	0	11123
14712	52	18	11086	86	0	11242
14713	36	72	71	10573	0	10752
14714	34	10848	83	93	0	11058
14715	46	72	28	10665	0	10811
14716	10607	83	11	90	0	10791
14717	10585	26	20	102	0	10733
14718	144	32	10587	37	0	10800
14719	86	23	10151	31	0	10291
14720	28	20	10961	27	0	11036
14721	21	23	126	10842	0	11012
14722	18	25	95	11309	0	11447
14723	19	11	17	11393	0	11440
14724	27	11659	20	160	0	11866
14725	25	70	16	11637	0	11748
14726	17	95	22	11887	0	12021
14727	32	23	12	12203	0	12270
14728	12097	18	14	176	0	12305
14729	12043	23	18	126	0	12210
14730	166	24	12279	56	0	12525
14731	117	20	12206	36	0	12379
14732	12051	15	157	52	0	12275
14733	12505	16	120	36	0	12677
14734	181	13	13158	49	0	13401
14735	133	28	12852	25	0	13038
14736	12622	18	174	49	0	12863
14737	12842	20	132	33	0	13027
14738	188	14	13187	44	0	13433
14739	137	26	88	12977	0	13228
14740	36	15	122	13029	0	13202
14741	33	13667	41	184	0	13925
14742	42	78	22	13920	0	14062
14743	37	133	14723	114	0	15007
14744	27	21	102	14738	0	14888
14745	23	21	150	14763	0	14957
14746	33	26	14594	245	0	14898
14747	13976	11	92	198	0	14277
14748	14713	16	150	58	0	14937
14749	230	19	33	14647	0	14929
14750	166	20	34	14796	0	15016
14751	14713	11	29	259	0	15012
14752	14668	14	31	181	0	14894
14753	14433	14	37	56	0	14540
14754	14731	15	34	37	0	14817
14755	245	14471	43	58	0	14817
14756	14292	91	38	40	0	14461
14757	115	14409	40	50	0	14614
14758	166	91	30	14255	0	14542
14759	47	133	34	14093	0	14307
14760	35	14098	33	254	0	14420
14761	45	80	29	14313	0	14467
14762	35	140	34	13915	0	14124
14763	33	13993	34	251	0	14311
14764	48	99	27	14106	0	14280
14765	45	140	30	14058	0	14273
14766	36	23	45	14163	0	14267
14767	45	28	13861	270	0	14204
14768	45	13504	123	189	0	13861
14769	63	172	159	12615	0	13009
14770	51	13546	54	125	0	13776
14771	13205	92	48	164	0	13509
14772	143	134	13170	75	0	13522
14773	175	36	12823	57	0	13091
14774	12187	31	212	67	0	12497
14775	116	69	162	12517	0	12864
14776	145	28	12268	114	0	12555
14777	66	25	12045	147	0	12283
14778	72	121	204	11626	0	12023
14779	11574	21	141	112	0	11848
14780	11411	25	30	155	0	11621
14781	189	26	30	11489	0	11734
14782	143	30	11352	139	0	11664
14783	38	11800	96	188	0	12122
14784	58	91	124	11743	0	12016
14785	49	110	11774	137	0	12070
14786	42	11679	94	160	0	11975
14787	88	114	108	11284	0	11594
14788	11217	87	26	134	0	11464
14789	88	39	32	10853	0	11012
14790	127	11156	34	101	0	11418
14791	11166	71	30	128	0	11395
14792	91	107	11640	54	0	11892
14793	112	11500	81	66	0	11759
14794	57	73	11462	58	0	11650
14795	10847	113	91	65	0	11116
14796	93	31	116	10905	0	11145
14797	118	26	36	11215	0	11395
14798	11299	21	32	165	0	11517
14799	77	20	49	11406	0	11552
14800	108	27	11286	110	0	11531
14801	10414	15	86	148	0	10663
14802	84	11451	122	59	0	11716
14803	131	64	37	11197	0	11429
14804	11144	100	28	97	0	11369
14805	85	11187	33	150	0	11455
14806	132	66	31	11443	0	11672
14807	11527	101	35	102	0	11765
14808	83	23	41	11525	0	11672
14809	122	11623	26	91	0	11862
14810	49	92	11731	124	0	11996
14811	40	109	74	11934	0	12157
14812	49	26	104	11805	0	11984
14813	12064	33	25	177	0	12299
14814	104	28	15	12221	0	12368
14815	12248	21	28	99	0	12396
14816	12197	37	33	123	0	12390
14817	173	24	29	12017	0	12243
14818	112	12288	38	109	0	12547
14819	37	82	20	12072	0	12211
14820	11563	109	18	104	0	11794
14821	100	11843	16	141	0	12100
14822	105	12127	15	52	0	12299
14823	12259	147	25	32	0	12463
14824	12362	96	19	29	0	12506
14825	156	12527	24	37	0	12744
14826	12538	96	61	23	0	12718
14827	12404	91	26	24	0	12545
14828	172	27	20	12440	0	12659
14829	109	25	13040	99	0	13273
14830	42	56	90	13031	0	13219
14831	39	22	13394	110	0	13565
14832	24	58	97	13333	0	13512
14833	27	22	13500	115	0	13664
14834	12647	9	107	114	0	12877
14835	93	27	112	12914	0	13146
14836	13470	8	18	110	0	13606
14837	109	53	25	13029	0	13216
14838	124	13533	12	109	0	13778
14839	13721	91	11	127	0	13950
14840	119	119	13460	26	0	13724
14841	12722	39	92	29	0	12882
14842	96	13200	108	28	0	13432
14843	12535	69	18	14	0	12636
14844	12466	91	9	13	0	12579
14845	160	12763	13	29	0	12965
14846	101	77	12	13199	0	13389
14847	13175	89	7	99	0	13370
14848	93	13388	13	111	0	13605
14849	111	91	9	13477	0	13688
14850	13614	102	11	104	0	13831
14851	110	20	7	13681	0	13818
14852	108	16	5	13690	0	13819
14853	39	8	6	13852	0	13905
14854	25	28	13539	200	0	13792
14855	18	14	89	13581	0	13702
14856	13667	9	98	119	0	13893
14857	115	14	13887	116	0	14132
14858	107	14	96	13779	0	13996
14859	24	11	103	14014	0	14152
14860	29	17	13940	197	0	14183
14861	13078	10	103	141	0	13332
14862	14089	12	107	33	0	14241
14863	216	14	14245	32	0	14507
14864	129	13	105	13992	0	14239
14865	36	12	104	14494	0	14646
14866	35	19	15156	217	0	15427
14867	35	12	99	15277	0	15423
14868	26	11	117	15464	0	15618
14869	25	10	15994	247	0	16276
14870	15281	9	128	154	0	15572
14871	125	14	130	16299	0	16568
14872	16293	9	29	150	0	16481
14873	16232	7	20	159	0	16418
14874	256	13	16418	58	0	16745
14875	152	8	132	16160	0	16452
14876	16271	7	141	160	0	16579
14877	140	16625	37	198	0	17000
14878	154	133	21	16964	0	17272
14879	43	138	23	17220	0	17424
14880	40	12	26	17546	0	17624
14881	33	17	17277	322	0	17649
14882	15553	10	175	208	0	15946
14883	160	13	165	16618	0	16956
14884	166	11	23	16751	0	16951
14885	51	14	16643	319	0	17027
14886	44	9	149	16555	0	16757
14887	33	15	156	16790	0	16994
14888	16382	13	40	318	0	16753
14889	172	16480	34	201	0	16887
14890	177	138	16382	78	0	16775
14891	16067	143	166	49	0	16425
14892	172	16	160	16013	0	16361
14893	178	19	16330	185	0	16712
14894	46	21	16499	199	0	16765
14895	53	18	294	16507	0	16872
14896	46	13	16997	198	0	17254
14897	50	27	16930	197	0	17204
14898	36	16245	302	87	0	16670
14899	55	139	178	17021	0	17393
14900	58	148	17231	187	0	17624
14901	49	29	165	16753	0	16996
14902	17449	13	172	194	0	17828
14903	159	9	57	17498	0	17723
14904	181	21	39	17773	0	18014
14905	17393	19	40	325	0	17777
14906	17483	26	47	218	0	17774
14907	309	11	41	18192	0	18553
14908	195	25	18501	197	0	18918
14909	47	18374	182	240	0	18843
14910	48	151	189	18322	0	18710
14911	18171	164	59	208	0	18602
14912	18179	19	57	217	0	18472
14913	331	18221	58	94	0	18704
14914	194	18556	55	96	0	18901
14915	18540	288	50	73	0	18951
14916	18623	178	55	80	0	18936
14917	337	38	19211	87	0	19673
14918	212	51	185	18001	0	18449
14919	56	19542	199	229	0	20026
14920	19827	152	65	220	0	20264
14921	202	242	47	19256	0	19747
14922	199	19326	66	203	0	19794
14923	73	148	19169	234	0	19624
14924	76	286	180	17517	0	18059
14925	41	19640	191	200	0	20072
14926	19426	141	55	205	0	19827
14927	19290	161	52	77	0	19580
14928	278	19460	49	90	0	19877
14929	18753	134	39	76	0	19002
14930	18351	140	43	64	0	18598
14931	251	18642	44	82	0	19019
14932	166	18680	46	72	0	18964
14933	79	263	58	18178	0	18578
14934	18142	125	43	167	0	18477
14935	140	38	18878	168	0	19224
14936	17344	38	153	51	0	17586
14937	125	18704	139	76	0	19044
14938	18629	118	50	68	0	18865
14939	18686	120	50	44	0	18900
14940	18898	29	35	61	0	19023
14941	244	42	34	18220	0	18540
14942	158	18656	41	160	0	19015
14943	18609	110	34	155	0	18908
14944	148	141	18826	54	0	19169
14945	144	18824	143	64	0	19175
14946	62	123	121	18895	0	19201
14947	62	138	18581	118	0	18899
14948	56	37	18800	132	0	19025
14949	62	51	220	18228	0	18561
14950	59	28	128	19212	0	19427
14951	52	31	38	19461	0	19582
14952	53	33	34	19180	0	19300
14953	54	18939	32	224	0	19249
14954	52	19404	48	131	0	19635
14955	19554	181	33	59	0	19827
14956	149	127	31	19579	0	19886
14957	150	41	32	19650	0	19873
14958	58	40	29	19954	0	20081
14959	19630	41	28	216	0	19915
14960	19837	34	30	138	0	20039
14961	235	29	30	19885	0	20179
14962	20241	29	28	137	0	20435
14963	20095	35	35	138	0	20303
14964	20536	41	33	38	0	20648
14965	241	47	21	20087	0	20396
14966	139	29	19333	129	0	19630
14967	56	43	18516	110	0	18725
14968	55	42	19270	40	0	19407
14969	59	40	19430	26	0	19555
14970	69	112	174	18856	0	19211
14971	19268	17	98	100	0	19483
14972	19023	16	23	86	0	19148
14973	163	27	19312	31	0	19533
14974	112	30	19628	37	0	19807
14975	33	21012	146	22	0	21213
14976	60	90	85	21102	0	21337
14977	21154	77	57	78	0	21366
14978	83	26	21305	76	0	21490
14979	20250	19	63	37	0	20369
14980	72	22222	74	28	0	22396
14981	75	74	17	22682	0	22848
14982	28	68	15	23576	0	23687
14983	28	21	18	23674	0	23741
14984	23773	12	17	200	0	24002
14985	111	11	9	23956	0	24087
14986	117	17	8	23999	0	24141
14987	24036	12	17	194	0	24259
14988	112	13	12	23964	0	24101
14989	116	28	24294	129	0	24567
14990	23610	13	102	123	0	23848
14991	123	11	96	24623	0	24853
14992	121	21	26	24216	0	24384
14993	47	24553	21	198	0	24819
14994	24683	94	13	118	0	24908
14995	24952	105	24	50	0	25131
14996	217	26	13	24828	0	25084
14997	148	24	25020	123	0	25315
14998	23098	18	123	147	0	23386
14999	143	25	25527	42	0	25737
15000	134	13	139	24979	0	25265
15001	56	10	111	25955	0	26132
15002	25810	14	40	240	0	26104
15003	154	13	25	26938	0	27130
15004	168	25	27197	159	0	27549
15005	26159	9	138	158	0	26464
15006	152	22	28987	76	0	29237
15007	151	22	29070	47	0	29290
15008	29543	11	337	54	0	29945
15009	196	77	205	30153	0	30631
15010	178	32213	54	167	0	32612
15011	32303	160	38	162	0	32663
15012	32102	154	28	63	0	32347
15013	337	50	32171	44	0	32602
15014	31651	12	189	50	0	31902
15015	217	36	172	32332	0	32757
15016	192	32	33176	196	0	33596
15017	71	32662	190	215	0	33138
15018	32124	192	192	75	0	32583
15019	178	33079	61	61	0	33379
15020	191	219	60	32709	0	33179
15021	65	180	25	33100	0	33370
15022	41	38	35	33202	0	33316
15023	47	21	31	32514	0	32613
15024	47	32982	39	376	0	33444
15025	68	192	32175	215	0	32650
15026	44	32735	182	108	0	33069
15027	32458	188	161	55	0	32862
15028	197	159	55	32352	0	32763
15029	32725	46	34	200	0	33005
15030	223	43	30	32969	0	33265
15031	34199	21	35	229	0	34484
15032	227	35046	38	231	0	35542
15033	35934	183	37	86	0	36240
15034	36126	160	28	67	0	36381
15035	35565	49	39	59	0	35712
15036	35921	23	32	70	0	36046
15037	381	35886	43	73	0	36383
15038	234	195	36199	58	0	36686
15039	98	187	204	36145	0	36634
15040	36359	47	169	217	0	36792
15041	37018	26	63	203	0	37310
15042	372	29	43	37583	0	38027
15043	260	54	39157	226	0	39697
15044	104	28	220	38059	0	38411
15045	69	39719	217	259	0	40264
15046	39906	212	63	255	0	40436
15047	253	235	46	39618	0	40152
15048	261	40198	53	245	0	40757
15049	92	41860	45	293	0	42290
15050	73	42607	57	125	0	42862
15051	93	486	46	42589	0	43214
15052	42886	285	39	285	0	43495
15053	274	43759	60	333	0	44426
15054	309	268	34	44100	0	44711
15055	43943	278	19	312	0	44552
15056	288	88	43	44203	0	44622
15057	44129	54	33	342	0	44558
15058	44085	36	24	328	0	44473
15059	517	46319	48	140	0	47024
15060	416	277	36	43108	0	43837
15061	131	46773	57	248	0	47209
15062	46282	303	49	248	0	46882
15063	46426	297	50	102	0	46875
15064	47247	87	36	79	0	47449
15065	596	64	44	46992	0	47696
15066	373	75	47019	308	0	47775
15067	45560	63	274	331	0	46228
15068	47304	64	273	123	0	47764
15069	579	77	78	45982	0	46716
15070	395	48042	73	300	0	48810
15071	180	299	52	48178	0	48709
15072	131	316	55	48783	0	49285
15073	48698	121	72	539	0	49430
15074	48143	91	48	363	0	48645
15075	594	89	47033	158	0	47874
15076	408	91	280	46584	0	47363
15077	47028	82	269	377	0	47756
15078	383	117	67	47619	0	48186
15079	395	126	47781	399	0	48701
15080	154	46151	294	416	0	47015
15081	155	47452	288	174	0	48069
15082	50283	496	98	132	0	51009
15083	426	350	54	52457	0	53287
15084	411	119	41	58355	0	58926
15085	58156	108	55	825	0	59144
15086	547	116	58991	534	0	60188
15087	556	100	428	57470	0	58554
15088	259	124	59489	510	0	60382
15089	165	59558	503	544	0	60770
15090	60912	474	462	188	0	62036
15091	61411	471	108	150	0	62140
15092	61884	131	78	142	0	62235
15093	1039	108	60668	135	0	61950
15094	60483	110	457	139	0	61189
15095	61437	97	437	137	0	62108
15096	1006	100	124	60897	0	62127
15097	54439	99	284	574	0	55396
15098	575	108	60934	524	0	62141
15099	58368	92	467	214	0	59141
15100	696	108	60418	161	0	61383
15101	598	61567	526	260	0	62951
15102	310	1038	527	53365	0	55240
15103	243	61049	180	508	0	61980
15104	285	545	59817	421	0	61068
15105	204	60953	505	226	0	61888
15106	56363	506	446	169	0	57484
15107	462	56927	135	146	0	57670
15108	466	55305	113	159	0	56043
15109	296	730	54671	102	0	55799
15110	169	465	433	53470	0	54537
15111	54112	158	417	431	0	55118
15112	490	145	54692	444	0	55771
15113	483	54397	445	224	0	55549
15114	218	426	434	52870	0	53948
15115	223	456	54871	481	0	56031
15116	240	186	54200	447	0	55073
15117	210	137	830	53627	0	54804
15118	257	123	54683	513	0	55576
15119	239	168	585	48541	0	49533
15120	213	53289	513	457	0	54472
15121	293	441	204	50952	0	51890
15122	265	53397	194	500	0	54356
15123	298	497	143	52946	0	53884
15124	52129	431	215	498	0	53273
15125	631	180	171	51604	0	52586
15126	583	52491	182	546	0	53802
15127	297	446	185	53149	0	54077
15128	321	447	53037	530	0	54335
15129	287	192	534	52683	0	53696
15130	52383	138	514	564	0	53599
15131	600	174	51516	484	0	52774
15132	569	246	542	50033	0	51390
15133	49422	161	507	562	0	50652
15134	567	49641	271	548	0	51027
15135	640	550	238	48777	0	50205
15136	49633	523	231	518	0	50905
15137	646	271	233	49445	0	50595
15138	592	256	48948	582	0	50378
15139	46649	293	594	544	0	48080
15140	614	48769	601	284	0	50268
15141	520	48401	316	323	0	49560
15142	48668	772	363	230	0	50033
15143	47069	522	302	241	0	48134
15144	847	332	282	46253	0	47714
15145	46642	264	301	551	0	47758
15146	661	283	46004	532	0	47480
15147	44872	229	658	374	0	46133
15148	627	45072	584	383	0	46666
15149	44575	516	472	321	0	45884
15150	672	452	44508	415	0	46047
15151	735	356	688	43666	0	45445
15152	437	265	675	44069	0	45446
15153	454	325	440	40315	0	41534
15154	409	43254	483	799	0	44945
15155	43670	553	336	536	0	45095
15156	868	442	438	39265	0	41013
15157	807	41352	352	572	0	43083
15158	45032	481	386	575	0	46474
15159	42723	484	478	391	0	44076
15160	43588	304	353	402	0	44647
15161	43330	311	422	441	0	44504
15162	42398	306	391	471	0	43566
15163	923	363	400	42147	0	43833
15164	675	384	425	41747	0	43231
15165	41149	403	417	857	0	42826
15166	560	476	444	41503	0	42983
15167	626	555	369	40877	0	42427
15168	410	488	39349	907	0	41154
15169	39675	572	717	626	0	41590
15170	40272	511	659	471	0	41913
15171	40528	601	421	406	0	41956
15172	911	545	526	36445	0	38427
15173	645	39326	409	733	0	41113
15174	41670	663	486	651	0	43470
15175	40359	590	522	632	0	42103
15176	953	429	442	42946	0	44770
15177	42998	342	561	814	0	44715
15178	884	684	36608	870	0	39046
15179	709	44535	716	668	0	46628
15180	715	45049	709	797	0	47270
15181	823	984	44192	679	0	46678
15182	342	40165	756	672	0	41935
15183	420	37608	644	720	0	39392
15184	30980	442	682	406	0	32510
15185	315	31082	259	431	0	32087
15186	372	349	234	31180	0	32135
15187	32009	297	176	508	0	32990
15188	417	240	31294	455	0	32406
15189	30385	237	190	444	0	31256
15190	409	268	30928	371	0	31976
15191	324	157	30585	386	0	31452
15192	29601	134	361	392	0	30488
15193	371	120	31374	405	0	32270
15194	366	30928	222	249	0	31765
15195	280	186	322	30702	0	31490
15196	30670	206	122	299	0	31297
15197	326	30173	111	323	0	30933
15198	339	232	114	30056	0	30741
15199	297	240	29949	301	0	30787
15200	318	138	156	29887	0	30499
15201	29120	109	217	298	0	29744
15202	403	107	29039	284	0	29833
15203	455	143	166	28533	0	29297
15204	28973	191	191	256	0	29611
15205	29504	131	118	259	0	30012
15206	575	99	99	29467	0	30240
15207	446	127	66	29607	0	30246
15208	302	125	30222	372	0	31021
15209	289	80	29922	261	0	30552
15210	29338	74	310	155	0	29877
15211	31031	90	184	154	0	31459
15212	411	31213	92	173	0	31889
15213	31069	130	93	63	0	31355
15214	31746	156	98	126	0	32126
15215	378	87	34470	158	0	35093
15216	236	35570	173	198	0	36177
15217	36197	143	205	77	0	36622
15218	36169	167	40	39	0	36415
15219	37087	34	37	65	0	37223
15220	316	54	23	36508	0	36901
15221	224	37	19	36685	0	36965
15222	86	37097	30	302	0	37515
15223	65	142	22	37472	0	37701
15224	37184	153	25	179	0	37541
15225	193	40	23	37459	0	37715
15226	226	44	37140	203	0	37613
15227	105	46	36401	195	0	36747
15228	91	15	298	36416	0	36820
15229	80	32	37552	192	0	37856
15230	78	38	37442	213	0	37771
15231	73	25	320	35304	0	35722
15232	67	29	209	37850	0	38155
15233	82	30	38476	328	0	38916
15234	104	48	38536	233	0	38921
15235	62	39256	321	104	0	39743
15236	39305	162	221	59	0	39747
15237	182	40769	75	149	0	41175
15238	40750	176	49	55	0	41030
15239	40985	190	51	44	0	41270
15240	340	41712	65	79	0	42196
15241	41927	184	32	46	0	42189
15242	236	216	27	41308	0	41787
15243	260	77	42213	197	0	42747
15244	85	38	188	41237	0	41548
15245	66	28	216	42555	0	42865
15246	41436	29	63	411	0	41939
15247	41397	23	44	271	0	41735
15248	41625	18	52	70	0	41765
15249	41529	29	39	68	0	41665
15250	40245	22	41	52	0	40360
15251	427	39827	57	82	0	40393
15252	275	181	43	40406	0	40905
15253	109	239	41058	202	0	41608
15254	72	57	206	40629	0	40964
15255	58	35	252	41213	0	41558
15256	60	27	65	42913	0	43065
15257	44818	25	61	472	0	45376
15258	284	28	40	45133	0	45485
15259	45873	29	48	330	0	46280
15260	397	54	47600	359	0	48410
15261	407	43	305	53596	0	54351
15262	152	47	56097	488	0	56784
15263	54727	32	494	511	0	55764
15264	512	59	506	55875	0	56952
15265	560	70	57224	502	0	58356
15266	129	37	498	57419	0	58083
15267	57629	18	548	593	0	58788
15268	541	55	59327	578	0	60501
15269	58369	31	544	160	0	59104
15270	60140	25	544	122	0	60831
15271	59792	21	137	122	0	60072
15272	58434	32	121	108	0	58695
15273	1043	58484	114	170	0	59811
15274	601	56918	111	155	0	57785
15275	187	56909	123	109	0	57328
15276	270	1592	189	50516	0	52567
15277	126	53019	113	444	0	53702
15278	51213	438	71	434	0	52156
15279	454	51341	74	152	0	52021
15280	464	51890	77	142	0	52573
15281	173	779	77	51487	0	52516
15282	156	502	60	52262	0	52980
15283	51618	110	76	804	0	52608
15284	465	90	74	52103	0	52732
15285	531	101	50765	523	0	51920
15286	172	117	48551	548	0	49388
15287	187	85	50707	178	0	51157
15288	185	65	816	48580	0	49646
15289	210	71	502	52211	0	52994
15290	200	92	51482	873	0	52647
15291	208	102	50613	582	0	51505
15292	192	110	52417	173	0	52892
15293	51384	108	960	137	0	52589
15294	528	118	573	52930	0	54149
15295	534	122	161	53507	0	54324
15296	53210	104	141	976	0	54431
15297	518	112	126	53025	0	53781
15298	548	53621	144	649	0	54962
15299	188	55084	120	637	0	56029
15300	164	909	80	54565	0	55718
15301	54655	555	108	598	0	55916
15302	54416	126	116	621	0	55279
15303	55317	85	126	229	0	55757
15304	1020	94	127	54810	0	56051
15305	682	103	54299	579	0	55663
15306	219	67	545	54151	0	54982
15307	198	99	54586	623	0	55506
15308	50438	74	611	663	0	51786
15309	570	101	598	52736	0	54005
15310	51983	72	212	626	0	52893
15311	627	80	52658	635	0	54000
15312	47813	65	596	259	0	48733
15313	698	77	54432	229	0	55436
15314	673	52214	580	265	0	53732
15315	250	51384	559	242	0	52435
15316	49704	926	248	232	0	51110
15317	612	569	146	49464	0	50791
15318	643	167	50174	551	0	51535
15319	201	49647	508	650	0	51006
15320	208	50675	564	238	0	51685
15321	219	925	153	50249	0	51546
15322	50598	559	136	578	0	51871
15323	50354	145	148	590	0	51237
15324	960	50656	169	331	0	52116
15325	50830	504	161	237	0	51732
15326	622	535	174	50568	0	51899
15327	682	151	50707	614	0	52154
15328	249	51118	590	736	0	52693
15329	282	518	637	50841	0	52278
15330	230	536	186	51175	0	52127
15331	50607	146	185	1031	0	51969
15332	667	145	50547	614	0	51973
15333	49393	124	560	241	0	50318
15334	50159	140	601	171	0	51071
15335	1083	161	175	49581	0	51000
15336	705	163	138	50347	0	51353
15337	49064	160	143	1014	0	50381
15338	648	196	152	49276	0	50272
15339	634	196	48968	638	0	50436
15340	228	193	48363	609	0	49393
15341	212	48225	890	264	0	49591
15342	215	50754	551	302	0	51822
15343	261	943	171	46670	0	48045
15344	210	49657	161	527	0	50555
15345	49274	556	136	605	0	50571
15346	503	50553	167	281	0	51504
15347	578	553	144	49965	0	51240
15348	166	568	147	50794	0	51675
15349	203	200	50549	1011	0	51963
15350	192	133	548	49735	0	50608
15351	169	128	612	50570	0	51479
15352	187	51660	238	1059	0	53144
15353	174	522	178	51511	0	52385
15354	148	529	191	52341	0	53209
15355	356	174	51457	1099	0	53086
15356	182	50785	581	789	0	52337
15357	180	2589	521	43844	0	47134
15358	162	47893	181	560	0	48796
15359	210	462	45692	482	0	46846
15360	112	44735	462	227	0	45536
15361	36563	597	643	338	0	38141
15362	35356	269	86	99	0	35810
15363	35244	74	54	98	0	35470
15364	390	35522	46	87	0	36045
15365	35120	200	48	70	0	35438
15366	244	241	50	34661	0	35196
15367	34078	72	42	213	0	34405
15368	232	33917	36	256	0	34441
15369	33990	203	37	106	0	34336
15370	34731	229	28	90	0	35078
15371	422	35730	56	117	0	36325
15372	308	246	35820	74	0	36448
15373	103	286	227	37868	0	38484
15374	85	82	40898	318	0	41383
15375	61	68	342	41351	0	41822
15376	54	68	316	43524	0	43962
15377	90	87	44414	669	0	45260
15378	62	56	360	44589	0	45067
15379	44597	53	545	447	0	45642
15380	394	79	45359	429	0	46261
15381	364	45419	394	189	0	46366
15382	108	375	383	44400	0	45266
15383	68	391	84	45663	0	46206
15384	75	111	45535	767	0	46488
15385	76	105	387	42948	0	43516
15386	65	45172	398	418	0	46053
15387	43503	406	86	423	0	44418
15388	324	44670	90	170	0	45254
15389	42224	368	65	96	0	42753
15390	325	43139	82	99	0	43645
15391	321	43808	81	116	0	44326
15392	154	614	41817	90	0	42675
15393	92	453	374	41576	0	42495
15394	85	116	363	41497	0	42061
15395	86	66	80	42420	0	42652
15396	52	44721	85	718	0	45576
15397	71	416	79	44991	0	45557
15398	44908	420	66	526	0	45920
15399	440	106	71	45256	0	45873
15400	44752	62	86	540	0	45440
15401	496	90	45337	502	0	46425
15402	44601	79	444	179	0	45303
15403	491	85	411	45303	0	46290
15404	419	98	113	46890	0	47520
15405	47723	89	72	850	0	48734
15406	500	117	48582	524	0	49723
15407	425	48346	491	210	0	49472
15408	139	459	438	48027	0	49063
15409	48885	458	115	503	0	49961
15410	48964	137	73	486	0	49660
15411	843	142	77	48481	0	49543
15412	510	105	49108	575	0	50298
15413	45941	133	462	501	0	47037
15414	498	126	48207	189	0	49020
15415	508	136	509	46945	0	48098
15416	155	108	48083	578	0	48924
15417	130	157	486	47082	0	47855
15418	140	84	46631	627	0	47482
15419	111	46788	521	602	0	48022
15420	349	512	451	37956	0	39268
15421	136	47010	153	448	0	47747
15422	46848	473	112	424	0	47857
15423	46687	405	95	215	0	47402
15424	838	142	46341	162	0	47483
15425	544	111	459	45720	0	46834
15426	46297	95	436	551	0	47379
15427	535	99	139	46110	0	46883
15428	536	84	121	45483	0	46224
15429	239	104	45379	866	0	46588
15430	42102	112	532	607	0	43353
15431	554	115	45748	291	0	46708
15432	544	69	543	44526	0	45682
15433	261	98	45571	619	0	46549
15434	44525	81	577	557	0	45740
15435	45107	73	538	288	0	46006
15436	44867	102	257	207	0	45433
15437	885	95	222	44224	0	45426
15438	556	114	44294	616	0	45580
15439	226	154	44680	588	0	45648
15440	209	207	871	40469	0	41756
15441	189	44073	607	579	0	45448
15442	42291	487	257	570	0	43605
15443	586	471	176	42533	0	43766
15444	537	221	42824	615	0	44197
15445	344	167	522	42942	0	43975
15446	325	136	44488	627	0	45576
15447	276	158	599	44082	0	45115
15448	273	105	45473	727	0	46578
15449	317	121	44830	637	0	45905
15450	267	43689	902	416	0	45274
15451	247	408	44503	384	0	45542
15452	327	439	44036	339	0	45141
15453	352	269	955	34512	0	36088
15454	344	110	617	37480	0	38551
15455	251	42463	291	834	0	43839
15456	42054	404	301	506	0	43265
15457	626	42370	301	298	0	43595
15458	636	452	272	40816	0	42176
15459	41733	396	298	581	0	43008
15460	597	126	262	41423	0	42408
15461	41721	121	338	661	0	42841
15462	611	103	320	42289	0	43323
15463	545	147	42573	697	0	43962
15464	296	170	623	42424	0	43513
15465	278	147	559	42471	0	43455
15466	42650	100	359	946	0	44055
15467	42400	100	382	628	0	43510
15468	41200	83	384	389	0	42056
15469	837	41063	438	358	0	42696
15470	497	40249	358	418	0	41522
15471	39522	635	403	323	0	40883
15472	523	439	40533	301	0	41796
15473	537	191	38474	314	0	39516
15474	400	1139	903	33694	0	36136
15475	248	113	35408	451	0	36220
15476	253	69	33578	422	0	34322
15477	29560	170	787	312	0	30829
15478	29934	102	415	241	0	30692
15479	602	32234	230	242	0	33308
15480	373	32799	219	309	0	33700
15481	274	490	265	25042	0	26071
15482	205	32610	269	373	0	33457
15483	32838	261	259	376	0	33734
15484	393	292	216	29513	0	30414
15485	378	32703	213	396	0	33690
15486	33288	274	232	351	0	34145
15487	411	254	33839	215	0	34719
15488	399	110	33099	232	0	33840
15489	32272	83	611	221	0	33187
15490	415	110	32947	263	0	33735
15491	31444	73	454	223	0	32194
15492	395	149	399	32925	0	33868
15493	379	138	33154	350	0	34021
15494	186	32665	431	371	0	33653
15495	183	33118	423	217	0	33941
15496	29830	273	323	160	0	30586
15497	235	30601	256	175	0	31267
15498	28982	150	226	130	0	29488
15499	28761	146	210	117	0	29234
15500	308	29104	208	130	0	29750
15501	262	182	160	28618	0	29222
15502	113	181	29440	205	0	29939
15503	69	30600	278	209	0	31156
15504	149	859	255	29679	0	30942
15505	129	281	157	31317	0	31884
15506	30608	32	46	326	0	31012
15507	170	26	30	30657	0	30883
15508	213	35	30541	206	0	30995
15509	29	30458	192	280	0	30959
15510	41	188	226	30593	0	31048
15511	30745	209	70	190	0	31214
15512	31172	31	50	238	0	31491
15513	384	28	48	31459	0	31919
15514	32193	15	65	215	0	32488
15515	254	56	32628	247	0	33185
15516	302	31	247	32250	0	32830
15517	64	50	33502	233	0	33849
15518	61	35	236	35302	0	35634
15519	38	34	306	35094	0	35472
15520	47	39	45	35721	0	35852
15521	77	33	33	35426	0	35569
15522	43	41	28	35602	0	35714
15523	34888	28	36	660	0	35612
15524	34934	27	31	420	0	35412
15525	609	35420	34	157	0	36220
15526	35854	279	30	101	0	36264
15527	346	342	16	35674	0	36378
15528	395	33	46	36004	0	36478
15529	90	40	43	36109	0	36282
15530	88	49	36227	674	0	37038
15531	101	55	309	33730	0	34195
15532	79	35879	379	356	0	36693
15533	35673	291	69	389	0	36422
15534	35301	365	49	120	0	35835
15535	677	86	35419	93	0	36275
15536	410	35537	316	190	0	36453
15537	90	304	396	35281	0	36071
15538	107	380	35802	367	0	36656
15539	97	74	330	32598	0	33099
15540	64	34884	408	362	0	35718
15541	33608	311	95	376	0	34390
15542	344	34608	70	239	0	35261
15543	440	328	34248	111	0	35127
15544	132	389	34244	110	0	34875
15545	77	33716	649	111	0	34553
15546	66	32967	379	134	0	33546
15547	31868	614	153	106	0	32741
15548	31805	361	60	111	0	32337
15549	642	77	45	31559	0	32323
15550	399	71	31716	374	0	32560
15551	103	62	322	31232	0	31719
15552	87	63	349	31467	0	31966
15553	30993	58	73	673	0	31797
15554	30713	52	71	435	0	31271
15555	651	68	65	31938	0	32722
15556	416	78	32373	426	0	33293
15557	99	32534	345	469	0	33447
15558	32286	328	422	155	0	33191
15559	341	33541	95	172	0	34149
15560	433	366	67	33331	0	34197
15561	113	437	63	34478	0	35091
15562	108	92	61	34473	0	34734
15563	102	84	78	33917	0	34181
15564	33117	77	64	831	0	34089
15565	393	75	73	33175	0	33716
15566	458	32758	78	467	0	33761
15567	129	351	55	33049	0	33584
15568	31880	415	62	491	0	32848
15569	369	32210	74	564	0	33217
15570	449	359	70	32108	0	32986
15571	135	426	31481	483	0	32525
15572	30223	101	364	524	0	31212
15573	402	136	400	30950	0	31888
15574	497	81	30469	476	0	31523
15575	191	90	30059	504	0	30844
15576	161	237	724	29640	0	30762
15577	29575	116	536	457	0	30684
15578	29578	82	109	512	0	30281
15579	734	30141	88	237	0	31200
15580	29785	343	71	223	0	30422
15581	29592	422	84	185	0	30283
15582	29855	95	73	209	0	30232
15583	29350	92	82	207	0	29731
15584	777	80	98	28591	0	29546
15585	523	87	81	28712	0	29403
15586	173	102	27844	813	0	28932
15587	143	26569	350	561	0	27623
15588	139	27226	411	244	0	28020
15589	177	679	26657	214	0	27727
15590	25909	435	338	195	0	26877
15591	388	111	419	26452	0	27370
15592	26820	97	109	412	0	27438
15593	26396	92	95	503	0	27086
15594	742	125	25977	184	0	27028
15595	490	99	329	25588	0	26506
15596	25903	71	410	418	0	26802
15597	390	102	93	25977	0	26562
15598	498	102	25701	449	0	26750
15599	196	887	338	23377	0	24798
15600	142	25843	419	385	0	26789
15601	150	26040	113	447	0	26750
15602	203	604	24601	159	0	25567
15603	142	23764	297	134	0	24337
15604	21254	436	469	288	0	22447
15605	20338	290	128	112	0	20868
15606	482	47	79	20078	0	20686
15607	317	65	88	20179	0	20649
15608	105	67	53	20566	0	20791
15609	19959	49	50	500	0	20558
15610	285	20002	59	353	0	20699
15611	19692	219	47	109	0	20067
15612	19056	256	58	87	0	19457
15613	498	19009	63	85	0	19655
15614	17631	182	42	58	0	17913
15615	217	17815	48	75	0	18155
15616	17714	174	58	82	0	18028
15617	223	193	17351	100	0	17867
15618	14271	103	234	60	0	14668
15619	107	14895	156	65	0	15223
15620	220	110	137	14599	0	15066
15621	59	129	17	15206	0	15411
15622	51	25	14	15600	0	15690
15623	15599	22	18	278	0	15917
15624	145	28	15	15912	0	16100
15625	176	28	15427	174	0	15805
15626	14913	38	117	182	0	15250
15627	152	30	15458	54	0	15694
15628	170	76	129	15083	0	15458
15629	85	46	15492	140	0	15763
15630	43	71	134	14504	0	14752
15631	38	15086	167	117	0	15408
15632	47	127	28	14636	0	14838
15633	37	15039	42	136	0	15254
15634	50	109	35	15049	0	15243
15635	14950	153	22	130	0	15255
15636	140	34	22	15405	0	15601
15637	15440	25	26	125	0	15616
15638	154	25	14933	161	0	15273
15639	14956	19	105	55	0	15135
15640	15211	13	146	46	0	15416
15641	15252	29	29	48	0	15358
15642	260	34	27	15207	0	15528
15643	15053	26	37	117	0	15233
15644	151	50	14742	152	0	15095
15645	14671	35	114	53	0	14873
15646	154	39	14924	37	0	15154
15647	14764	23	107	48	0	14942
15648	146	22	145	15019	0	15332
15649	188	28	15391	129	0	15736
15650	75	29	101	15271	0	15476
15651	51	25	154	15536	0	15766
15652	60	27	15465	264	0	15816
15653	14053	17	119	203	0	14392
15654	129	15832	157	75	0	16193
15655	15139	89	45	39	0	15312
15656	118	14977	29	61	0	15185
15657	14499	102	39	35	0	14675
15658	123	99	14256	35	0	14513
15659	12614	96	189	72	0	12971
15660	87	13162	95	48	0	13392
15661	126	48	44	12720	0	12938
15662	25	52	17	13123	0	13217
15663	26	14	7	13328	0	13375
15664	36	12	13328	128	0	13504
15665	26	8	67	13246	0	13347
15666	33	10	14193	84	0	14320
15667	14695	7	78	79	0	14859
15668	15713	7	100	32	0	15852
15669	197	11	21	16112	0	16341
15670	143	15	16433	94	0	16685
15671	15704	10	90	154	0	15958
15672	109	16	20371	35	0	20531
15673	153	14	139	20059	0	20365
15674	34	19	166	20819	0	21038
15675	26	8	23	21512	0	21569
15676	28	11	27	21735	0	21801
15677	20918	12	21	329	0	21280
15678	142	21488	37	241	0	21908
15679	230	143	21029	49	0	21451
15680	36	21325	148	35	0	21544
15681	21058	137	182	30	0	21407
15682	161	183	37	21122	0	21503
15683	21494	15	28	163	0	21700
15684	163	16	29	21555	0	21763
15685	196	8	29	21480	0	21713
15686	41	15	16	21702	0	21774
15687	48	15	21407	353	0	21823
15688	30	21211	161	243	0	21645
15689	66	144	21645	55	0	21910
15690	35	183	174	21433	0	21825
15691	21786	22	210	187	0	22205
15692	21689	20	36	228	0	21973
15693	21776	16	36	74	0	21902
15694	337	21919	40	81	0	22377
15695	22452	140	29	74	0	22695
15696	180	184	43	22271	0	22678
15697	222	36	32	22388	0	22678
15698	54	27	42	22239	0	22362
15699	41	22510	34	377	0	22962
15700	75	161	37	20554	0	20827
15701	59	22008	41	193	0	22301
15702	21775	162	40	221	0	22198
15703	21781	189	39	82	0	22091
15704	357	39	33	21990	0	22419
15705	251	35	21745	215	0	22246
15706	21211	32	165	252	0	21660
15707	211	38	188	22067	0	22504
15708	226	36	22036	217	0	22515
15709	21120	30	187	260	0	21597
15710	184	33	206	22233	0	22656
15711	22087	34	44	213	0	22378
15712	192	22094	35	257	0	22578
15713	227	187	41	21565	0	22020
15714	84	22551	41	225	0	22901
15715	90	281	45	22378	0	22794
15716	72	22688	41	245	0	23046
15717	73	203	43	22845	0	23164
15718	95	211	22494	197	0	22997
15719	17724	57	165	329	0	18275
15720	170	22206	197	125	0	22698
15721	234	147	21613	85	0	22079
15722	20855	185	149	87	0	21276
15723	179	47	184	21856	0	22266
15724	215	44	21866	178	0	22303
15725	69	22058	151	265	0	22543
15726	59	134	191	22182	0	22566
15727	88	169	22597	209	0	23063
15728	72	64	135	22595	0	22866
15729	65	33	182	22959	0	23239
15730	97	50	23514	344	0	24005
15731	73	68	152	23529	0	23822
15732	94	48	24175	204	0	24521
15733	71	52	159	24112	0	24394
15734	98	54	25328	244	0	25724
15735	81	75	157	25296	0	25609
15736	94	52	191	25295	0	25632
15737	74	66	60	24950	0	25150
15738	82	25095	64	404	0	25645
15739	25123	172	54	269	0	25618
15740	25104	196	72	136	0	25508
15741	324	50	66	25582	0	26022
15742	25619	62	82	240	0	26003
15743	209	64	25702	271	0	26246
15744	210	26113	192	144	0	26659
15745	26118	154	205	139	0	26616
15746	201	26722	102	123	0	27148
15747	220	166	54	26637	0	27077
15748	86	204	61	26904	0	27255
15749	26112	61	72	355	0	26600
15750	196	65	40	26356	0	26657
15751	223	78	26292	233	0	26826
15752	87	26141	157	308	0	26693
15753	26047	168	211	137	0	26563
15754	183	203	56	25633	0	26075
15755	211	26383	85	244	0	26923
15756	104	181	64	25535	0	25884
15757	81	26898	67	224	0	27270
15758	26675	164	69	252	0	27160
15759	26434	197	67	114	0	26812
15760	359	53	26429	157	0	26998
15761	242	74	26224	105	0	26645
15762	88	52	305	25723	0	26168
15763	77	26792	201	193	0	27263
15764	88	139	67	27072	0	27366
15765	26791	184	56	218	0	27249
15766	157	62	26153	233	0	26605
15767	141	72	129	24557	0	24899
15768	80	36	24849	150	0	25115
15769	53	47	23908	173	0	24181
15770	44	24998	224	81	0	25347
15771	342	526	228	23503	0	24599
15772	21196	62	54	118	0	21430
15773	69	23	21241	62	0	21395
15774	43	20921	51	38	0	21053
15775	20508	26	50	19	0	20603
15776	28	35	11	20579	0	20653
15777	21357	14	9	53	0	21433
15778	21510	10	5	59	0	21584
15779	21676	8	4	35	0	21723
15780	77	21	23051	14	0	23163
15781	21628	8	37	26	0	21699
15782	23200	4	39	19	0	23262
15783	63	24292	19	26	0	24400
15784	48	42	8	24374	0	24472
15785	16	45	8	24357	0	24426
15786	14	15	7	24724	0	24760
15787	24856	8	10	86	0	24960
15788	23978	9	4	61	0	24052
15789	103	35	24770	19	0	24927
15790	70	11	37	24281	0	24399
15791	17	24738	68	81	0	24904
15792	24816	31	15	61	0	24923
15793	56	81	25004	18	0	25159
15794	66	11	42	24253	0	24372
15795	28	15	55	24663	0	24761
15796	20	25059	34	103	0	25216
15797	26	47	14	25219	0	25306
15798	26	61	10	24814	0	24911
15799	20	13	13	25360	0	25406
15800	25161	8	19	125	0	25313
15801	56	15	8	25046	0	25125
15802	75	17	10	25079	0	25181
15803	25581	10	12	138	0	25741
15804	75	18	13	25544	0	25650
15805	77	28615	25	117	0	28834
15806	29790	111	6	95	0	30002
15807	30858	138	17	48	0	31061
15808	31884	25	20	45	0	31974
15809	34308	19	10	46	0	34383
15810	416	36864	13	63	0	37356
15811	40838	256	20	43	0	41157
15812	41144	276	20	31	0	41471
15813	665	52	14	41107	0	41838
15814	409	51	41223	362	0	42045
15815	105	21	328	41074	0	41528
15816	73	31	336	41100	0	41540
15817	67	39	46	40989	0	41141
15818	61	26	31	41163	0	41281
15819	78	33	29	41395	0	41535
15820	40281	18	22	746	0	41067
15821	388	21	26	40720	0	41155
15822	387	59	41465	459	0	42370
15823	109	24	345	40345	0	40823
15824	58	41592	359	503	0	42512
15825	74	402	59	41632	0	42167
15826	80	350	41628	439	0	42497
15827	36654	60	385	491	0	37590
15828	38900	49	370	152	0	39471
15829	736	54	42437	106	0	43333
15830	422	42117	373	108	0	43020
15831	42726	377	384	106	0	43593
15832	42657	360	71	87	0	43175
15833	43011	80	56	81	0	43228
15834	42121	44	44	73	0	42282
15835	881	46	30	41199	0	42156
15836	543	109	41803	423	0	42878
15837	234	54	397	41894	0	42579
15838	208	55	378	42792	0	43433
15839	215	97	42627	820	0	43759
15840	194	105	41922	532	0	42753
15841	40959	58	779	226	0	42022
15842	503	42602	456	283	0	43844
15843	526	397	128	42632	0	43683
15844	224	405	42113	633	0	43375
15845	39316	72	470	689	0	40547
15846	541	82	42072	377	0	43072
15847	40162	48	508	375	0	41093
15848	509	41876	487	435	0	43307
15849	511	410	140	41927	0	42988
15850	220	444	41765	680	0	43109
15851	38969	121	512	665	0	40267
15852	581	41736	545	299	0	43161
15853	558	43340	197	266	0	44361
15854	262	837	175	42532	0	43806
15855	215	505	186	44151	0	45057
15856	45714	191	167	944	0	47016
15857	727	45552	162	680	0	47121
15858	750	525	169	46063	0	47507
15859	46073	505	169	643	0	47390
15860	46870	157	122	676	0	47825
15861	47939	122	170	313	0	48544
15862	1242	134	48499	301	0	50176
15863	868	135	49054	276	0	50333
15864	50099	100	1062	351	0	51612
15865	834	51711	736	412	0	53693
15866	802	52313	294	401	0	53810
15867	386	1176	221	48937	0	50720
15868	261	52202	245	823	0	53531
15869	51988	745	295	770	0	53798
15870	816	630	280	51729	0	53455
15871	847	231	51924	780	0	53782
15872	51305	171	829	780	0	53085
15873	52215	172	789	290	0	53466
15874	1432	221	273	51729	0	53655
15875	911	195	228	52176	0	53510
15876	399	139	299	52731	0	53568
15877	415	180	257	52164	0	53016
15878	414	246	50072	1419	0	52151
15879	352	49735	784	926	0	51797
15880	423	786	731	43719	0	45659
15881	348	49477	269	894	0	50988
15882	459	866	195	42998	0	44518
15883	316	48374	267	827	0	49784
15884	47344	791	230	870	0	49235
15885	47444	757	241	405	0	48847
15886	1439	47533	240	375	0	49587
15887	47815	758	262	372	0	49207
15888	1034	726	249	47287	0	49296
15889	47155	367	242	815	0	48579
15890	1054	46932	224	876	0	49086
15891	47364	812	280	328	0	48784
15892	47378	768	283	257	0	48686
15893	1499	341	257	46420	0	48517
15894	993	334	46598	842	0	48767
15895	453	46361	852	828	0	48494
15896	454	836	717	46381	0	48388
15897	46335	852	287	882	0	48356
15898	985	456	46139	840	0	48420
15899	917	312	722	45356	0	47307
15900	447	308	694	46045	0	47494
15901	46246	241	276	1409	0	48172
15902	46355	270	232	997	0	47854
15903	45808	258	274	503	0	46843
15904	1464	44773	306	529	0	47072
15905	42209	680	237	463	0	43589
15906	879	608	40126	466	0	42079
15907	719	305	38912	442	0	40378
15908	410	237	38677	373	0	39697
15909	546	1747	1235	33030	0	36558
15910	321	212	32960	538	0	34031
15911	28548	190	398	384	0	29520
15912	418	145	307	28846	0	29716
15913	458	133	29512	417	0	30520
15914	29894	131	332	412	0	30769
15915	476	136	320	30146	0	31078
15916	439	140	108	30687	0	31374
15917	30793	110	86	683	0	31672
15918	466	152	125	31584	0	32327
15919	489	157	31801	431	0	32878
15920	210	148	371	32074	0	32803
15921	304	139	32626	443	0	33512
15922	222	118	408	31752	0	32500
15923	31090	98	380	472	0	32040
15924	464	30655	183	458	0	31760
15925	476	31627	134	268	0	32505
15926	308	583	130	31087	0	32108
15927	249	391	144	30638	0	31422
15928	220	30865	157	693	0	31935
15929	231	29842	155	480	0	30708
15930	218	569	166	29197	0	30150
15931	220	356	180	29153	0	29909
15932	28271	111	174	708	0	29264
15933	407	28418	183	524	0	29532
15934	450	28321	154	284	0	29209
15935	220	29041	186	227	0	29674
15936	27726	565	165	262	0	28718
15937	433	324	27754	236	0	28747
15938	27222	115	419	247	0	28003
15939	432	92	381	27044	0	27949
15940	402	26647	166	470	0	27685
15941	203	27790	137	456	0	28586
15942	27483	545	145	233	0	28406
15943	411	349	160	25948	0	26868
15944	370	29201	159	483	0	30213
15945	29689	369	159	427	0	30644
15946	29852	358	116	243	0	30569
15947	663	182	29927	232	0	31004
15948	29666	152	378	207	0	30403
15949	30010	160	346	220	0	30736
15950	648	150	142	28783	0	29723
15951	428	29315	130	466	0	30339
15952	206	29606	79	491	0	30382
15953	190	703	97	28640	0	29630
15954	27392	396	131	429	0	28348
15955	398	145	27589	449	0	28581
15956	372	124	25709	164	0	26369
15957	373	143	25338	133	0	25987
15958	365	134	25558	116	0	26173
15959	115	25374	509	186	0	26184
15960	156	24908	364	165	0	25593
15961	321	522	23457	91	0	24391
15962	226	333	22759	155	0	23473
15963	70	21082	354	102	0	21608
15964	98	149	258	18615	0	19120
15965	42	130	19859	107	0	20138
15966	20	36	118	19239	0	19413
15967	18	26	129	20239	0	20412
15968	23	20	27	20770	0	20840
15969	26	13	13	21739	0	21791
15970	32	25	21496	290	0	21843
15971	24	26	130	20906	0	21086
15972	21180	20	173	177	0	21550
15973	159	27	21060	183	0	21429
15974	21150	22	151	53	0	21376
15975	164	17	180	21584	0	21945
15976	191	25	22080	157	0	22453
15977	21777	17	169	182	0	22145
15978	164	28	184	22216	0	22592
15979	22566	27	47	192	0	22832
15980	185	20	37	21862	0	22104
15981	183	22178	52	208	0	22621
15982	70	167	22788	193	0	23218
15983	31	171	170	22632	0	23004
15984	23092	39	190	186	0	23507
15985	23097	25	71	206	0	23399
15986	23258	35	37	82	0	23412
15987	23134	29	46	67	0	23276
15988	22584	35	55	57	0	22731
15989	312	22863	46	93	0	23314
15990	23129	176	45	63	0	23413
15991	196	199	22908	59	0	23362
15992	22806	54	167	71	0	23098
15993	210	44	279	19079	0	19612
15994	206	48	22869	155	0	23278
15995	74	64	22819	172	0	23129
15996	49	51	335	22562	0	22997
15997	22897	44	209	192	0	23342
15998	181	22961	76	248	0	23466
15999	22883	171	59	76	0	23189
16000	210	23342	64	76	0	23692
16001	234	197	65	23497	0	23993
16002	124	207	51	23868	0	24250
16003	23867	61	65	362	0	24355
16004	227	59	62	24072	0	24420
16005	266	65	24014	224	0	24569
16006	23727	46	196	260	0	24229
16007	228	50	233	24413	0	24924
16008	266	57	86	24337	0	24746
16009	120	47	24310	395	0	24872
16010	22466	48	218	269	0	23001
16011	23800	49	243	95	0	24187
16012	403	24207	113	122	0	24845
16013	278	187	23658	72	0	24195
16014	121	237	23027	73	0	23458
16015	126	147	360	22397	0	23030
16016	118	104	258	21955	0	22435
16017	92	22604	109	352	0	23157
16018	108	162	21976	222	0	22468
16019	72	195	200	21283	0	21750
16020	91	47	21978	218	0	22334
16021	79	73	225	20504	0	20881
16022	69	21392	239	214	0	21914
16023	71	162	99	21673	0	22005
16024	71	185	88	21608	0	21952
16025	79	59	77	21482	0	21697
16026	21063	49	74	372	0	21558
16027	211	38	21110	261	0	21620
16028	219	21733	193	148	0	22293
16029	99	188	211	22440	0	22938
16030	22929	199	85	268	0	23481
16031	234	48	68	23353	0	23703
16032	23488	32	76	309	0	23905
16033	282	34	23660	310	0	24286
16034	23381	30	238	123	0	23772
16035	290	34	277	24152	0	24753
16036	316	50	24252	290	0	24908
16037	127	24165	251	311	0	24854
16038	113	220	286	23819	0	24438
16039	128	234	98	24085	0	24545
16040	23588	62	78	459	0	24187
16041	278	23591	93	300	0	24262
16042	289	23050	76	117	0	23532
16043	105	23503	85	134	0	23827
16044	21303	388	117	91	0	21899
16045	232	21656	74	112	0	22074
16046	280	207	83	21006	0	21576
16047	130	217	57	21087	0	21491
16048	20849	46	59	391	0	21345
16049	206	20814	60	271	0	21351
16050	230	163	62	20946	0	21401
16051	21336	207	49	229	0	21821
16052	21203	45	53	254	0	21555
16053	21118	50	43	98	0	21309
16054	365	21044	53	109	0	21571
16055	20390	142	44	79	0	20655
16056	193	216	42	19908	0	20359
16057	201	19758	51	195	0	20205
16058	65	19876	47	208	0	20196
16059	165	304	43	19589	0	20101
16060	19475	174	43	196	0	19888
16061	19689	41	49	202	0	19981
16062	290	51	46	18985	0	19372
16063	187	19267	53	190	0	19697
16064	19276	127	47	202	0	19652
16065	172	185	18812	78	0	19247
16066	174	62	18311	72	0	18619
16067	17702	56	244	70	0	18072
16068	154	60	17919	56	0	18189
16069	140	33	111	16491	0	16775
16070	16740	24	131	114	0	17009
16071	111	31	32	17185	0	17359
16072	140	36	17184	117	0	17477
16073	38	17531	100	166	0	17835
16074	45	119	132	17570	0	17866
16075	40	133	17515	122	0	17810
16076	16353	48	101	143	0	16645
16077	110	34	109	17347	0	17600
16078	145	47	17417	124	0	17733
16079	45	34	92	16994	0	17165
16080	35	17344	121	127	0	17627
16081	37	103	25	17803	0	17968
16082	39	123	19	17562	0	17743
16083	45	32	15	17284	0	17376
16084	28	17333	28	230	0	17619
16085	17702	99	18	157	0	17976
16086	117	118	24	17874	0	18133
16087	136	37	26	17895	0	18094
16088	41	39	21	18160	0	18261
16089	46	39	18073	236	0	18394
16090	47	33	101	18181	0	18362
16091	18147	28	121	149	0	18445
16092	116	18474	44	189	0	18823
16093	148	118	25	18873	0	19164
16094	51	154	18	18953	0	19176
16095	18815	43	22	253	0	19133
16096	128	19133	23	190	0	19474
16097	19375	123	20	66	0	19584
16098	19724	154	11	51	0	19940
16099	257	42	21	19589	0	19909
16100	19703	41	17	140	0	19901
16101	152	19134	30	187	0	19503
16102	19379	118	36	52	0	19585
16103	148	164	23	19713	0	20048
16104	21109	39	23	165	0	21336
16105	21441	42	20	175	0	21678
16106	342	59	21290	65	0	21756
16107	21597	33	119	66	0	21815
16108	22070	30	170	55	0	22325
16109	22724	32	31	66	0	22853
16110	388	43	24087	42	0	24560
16111	270	24324	210	64	0	24868
16112	63	209	236	24200	0	24708
16113	24193	251	40	216	0	24700
16114	211	23972	38	288	0	24509
16115	24078	196	29	67	0	24370
16116	233	260	20	24273	0	24786
16117	290	63	24332	226	0	24911
16118	24747	29	201	280	0	25257
16119	258	27	260	25527	0	26072
16120	315	29	25703	250	0	26297
16121	25468	18	233	294	0	26013
16122	288	38	26728	60	0	27114
16123	326	30	260	26954	0	27570
16124	98	25	297	28126	0	28546
16125	28227	29	49	618	0	28923
16126	27938	39	36	396	0	28409
16127	609	28212	56	124	0	29001
16128	28325	266	49	71	0	28711
16129	352	315	27135	54	0	27856
16130	366	66	27047	35	0	27514
16131	26146	68	573	50	0	26837
16132	297	27019	339	65	0	27720
16133	26289	236	98	51	0	26674
16134	289	26564	56	35	0	26944
16135	26318	262	36	39	0	26655
16136	314	274	49	25678	0	26315
16137	334	62	26201	243	0	26840
16138	109	28	246	26071	0	26454
16139	82	23	292	26501	0	26898
16140	26255	30	76	515	0	26876
16141	314	40	26218	333	0	26905
16142	25519	32	257	95	0	25903
16143	304	25946	327	81	0	26658
16144	26197	255	71	58	0	26581
16145	340	298	55	25755	0	26448
16146	372	82	25748	279	0	26481
16147	131	49	276	25851	0	26307
16148	25818	52	322	312	0	26504
16149	324	40	79	26063	0	26506
16150	360	38	59	25420	0	25877
16151	135	25041	67	546	0	25789
16152	115	250	53	25579	0	25997
16153	105	304	25219	336	0	25964
16154	128	61	286	25232	0	25707
16155	114	43	334	25394	0	25885
16156	25073	29	98	574	0	25774
16157	335	50	74	25056	0	25515
16158	385	68	24734	352	0	25539
16159	153	24852	306	409	0	25720
16160	128	276	336	24732	0	25472
16161	143	307	89	24915	0	25454
16162	25101	82	71	565	0	25819
16163	337	24770	83	426	0	25616
16164	393	271	85	24946	0	25695
16165	24485	324	72	339	0	25220
16166	24795	83	93	376	0	25347
16167	629	68	87	24793	0	25577
16168	437	76	25224	354	0	26091
16169	24955	71	313	384	0	25723
16170	382	72	338	25924	0	26716
16171	26176	53	99	393	0	26721
16172	25782	50	102	413	0	26347
16173	637	25364	87	193	0	26281
16174	25208	297	81	154	0	25740
16175	417	25571	92	198	0	26278
16176	429	316	96	25187	0	26028
16177	207	343	94	24529	0	25173
16178	153	25160	90	639	0	26042
16179	25454	301	99	413	0	26267
16180	25049	341	88	191	0	25669
16181	659	114	24739	168	0	25680
16182	462	107	24603	159	0	25331
16183	187	65	565	24690	0	25507
16184	24952	74	392	389	0	25807
16185	389	67	111	24922	0	25489
16186	433	81	77	25114	0	25705
16187	183	87	25439	683	0	26392
16188	173	67	25328	457	0	26025
16189	165	85	25596	188	0	26034
16190	23940	84	642	184	0	24850
16191	24547	74	393	178	0	25192
16192	609	24423	144	166	0	25342
16193	436	24644	103	177	0	25360
16194	179	571	85	24542	0	25377
16195	180	355	24626	381	0	25542
16196	23650	118	302	434	0	24504
16197	384	102	25338	185	0	26009
16198	392	75	318	24528	0	25313
16199	166	58	344	25157	0	25725
16200	150	58	117	25349	0	25674
16201	145	63	94	25759	0	26061
16202	25252	66	77	657	0	26052
16203	388	87	69	25085	0	25629
16204	363	67	24141	391	0	24962
16205	22025	57	332	387	0	22801
16206	325	63	23888	173	0	24449
16207	371	52	23617	148	0	24188
16208	129	23489	517	141	0	24276
16209	349	250	676	20789	0	22064
16210	20897	200	213	227	0	21537
16211	205	51	44	20983	0	21283
16212	248	43	21007	237	0	21535
16213	81	30	177	21218	0	21506
16214	20883	24	215	239	0	21361
16215	189	21198	62	262	0	21711
16216	20698	168	51	85	0	21002
16217	209	20806	45	91	0	21151
16218	20323	165	84	78	0	20650
16219	163	20376	40	72	0	20651
16220	197	20230	44	61	0	20532
16221	113	285	19665	43	0	20106
16222	59	19503	192	54	0	19808
16223	17819	104	190	26	0	18139
16224	87	114	28	17571	0	17800
16225	17740	12	24	75	0	17851
16226	80	18118	15	122	0	18335
16227	17939	79	11	24	0	18053
16228	117	122	18126	27	0	18392
16229	126	17	88	17748	0	17979
16230	23	18428	123	91	0	18665
16231	31	88	17	18904	0	19040
16232	22	124	21	18954	0	19121
16233	21001	22	16	231	0	21270
16234	148	21450	27	198	0	21823
16235	21838	156	26	44	0	22064
16236	204	225	22185	34	0	22648
16237	261	34	21743	33	0	22071
16238	48	21905	407	51	0	22411
16239	41	172	260	21894	0	22367
16240	45	239	22364	168	0	22816
16241	36	36	186	21277	0	21535
16242	38	26	244	22677	0	22985
16243	33	38	22565	439	0	23075
16244	30	38	22343	284	0	22695
16245	36	35	23201	60	0	23332
16246	56	33	23262	48	0	23399
16247	29	23675	457	84	0	24245
16248	47	206	299	23639	0	24191
16249	44	273	59	24137	0	24513
16250	54	50	23963	453	0	24520
16251	36	56	206	23797	0	24095
16252	41	51	25150	238	0	25480
16253	42	26	225	24840	0	25133
16254	42	31	290	24449	0	24812
16255	34	25057	66	474	0	25631
16256	32	212	51	25237	0	25532
16257	47	280	45	24952	0	25324
16258	44	61	35	25281	0	25421
16259	52	60	24760	489	0	25361
16260	28	24733	200	343	0	25304
16261	24568	206	279	85	0	25138
16262	24568	290	52	74	0	24984
16263	461	67	48	24404	0	24980
16264	321	62	44	23803	0	24230
16265	72	24922	63	450	0	25507
16266	24648	214	51	298	0	25211
16267	197	25384	52	105	0	25738
16268	24476	210	55	69	0	24810
16269	232	293	24257	66	0	24848
16270	22639	75	226	76	0	23016
16271	219	24182	299	75	0	24775
16272	274	194	94	24198	0	24760
16273	72	275	69	23852	0	24268
16274	31	24460	73	449	0	25013
16275	24368	209	68	310	0	24955
16276	211	294	72	24793	0	25370
16277	279	63	68	25257	0	25667
16278	25313	59	66	492	0	25930
16279	25399	50	51	364	0	25864
16280	491	64	25611	105	0	26271
16281	25621	36	255	101	0	26013
16282	237	39	338	25947	0	26561
16283	318	58	26101	276	0	26753
16284	74	57	257	25826	0	26214
16285	64	58	26090	310	0	26522
16286	55	57	25857	367	0	26336
16287	42	73	508	25580	0	26203
16288	65	59	26319	281	0	26724
16289	43	26402	288	422	0	27155
16290	49	235	344	26243	0	26871
16291	61	305	101	27095	0	27562
16292	74	94	27181	536	0	27885
16293	64	27136	262	443	0	27905
16294	27087	243	320	169	0	27819
16295	260	314	92	27687	0	28353
16296	27829	103	84	325	0	28341
16297	295	27402	83	423	0	28203
16298	405	277	27720	126	0	28528
16299	94	360	306	27334	0	28094
16300	27192	102	380	323	0	27997
16301	281	100	27377	409	0	28167
16302	25806	61	319	154	0	26340
16303	308	26985	386	145	0	27824
16304	304	26671	122	139	0	27236
16305	26325	472	150	96	0	27043
16306	255	322	136	26024	0	26737
16307	321	108	123	25629	0	26181
16308	76	26334	102	552	0	27064
16309	70	234	95	26752	0	27151
16310	65	310	114	26693	0	27182
16311	26323	76	77	585	0	27061
16312	245	62	106	26386	0	26799
16313	316	67	26238	349	0	26970
16314	92	53	300	26236	0	26681
16315	56	59	362	26813	0	27290
16316	84	66	26928	605	0	27683
16317	53	94	263	27020	0	27430
16318	26439	49	307	415	0	27210
16319	25765	56	106	449	0	26376
16320	26140	55	91	186	0	26472
16321	538	51	83	26115	0	26787
16322	378	76	26381	335	0	27170
16323	126	26506	267	432	0	27331
16324	116	248	314	26504	0	27182
16325	121	328	26769	307	0	27525
16326	101	105	251	26315	0	26772
16327	90	75	286	26588	0	27039
16328	25905	70	94	511	0	26580
16329	246	26741	109	450	0	27546
16330	312	263	26209	141	0	26925
16331	24014	261	236	135	0	24646
16332	251	25835	293	136	0	26515
16333	167	23666	64	99	0	23996
16334	24086	253	223	74	0	24636
16335	175	193	38	24405	0	24811
16336	193	69	26965	172	0	27399
16337	53	65	161	26327	0	26606
16338	45	27183	206	199	0	27633
16339	27311	166	42	228	0	27747
16340	176	208	31	27447	0	27862
16341	28084	36	37	205	0	28362
16342	199	27	29	27285	0	27540
16343	219	28730	60	193	0	29202
16344	29108	169	24	220	0	29521
16345	28746	204	36	77	0	29063
16346	366	29224	52	79	0	29721
16347	28831	172	37	71	0	29111
16348	198	237	33	27907	0	28375
16349	217	28439	40	200	0	28896
16350	28441	182	42	218	0	28883
16351	199	28940	46	85	0	29270
16352	28451	191	30	77	0	28749
16353	215	220	30	28264	0	28729
16354	28744	56	34	196	0	29030
16355	28588	49	26	240	0	28903
16356	28726	50	45	73	0	28894
16357	404	51	26	28719	0	29200
16358	249	45	17	29081	0	29392
16359	28687	45	31	374	0	29137
16360	233	61	29741	254	0	30289
16361	258	58	191	29281	0	29788
16362	109	30365	232	221	0	30927
16363	77	228	28	30634	0	30967
16364	97	255	34	30649	0	31035
16365	105	77	30513	448	0	31143
16366	103	69	189	31765	0	32126
16367	69	34210	250	304	0	34833
16368	106	310	42	35020	0	35478
16369	117	381	37952	387	0	38837
16370	103	68	379	38029	0	38579
16371	95	50	410	38705	0	39260
16372	38092	50	72	843	0	39057
16373	38089	45	33	514	0	38681
16374	822	65	42	37451	0	38380
16375	495	37506	59	468	0	38528
16376	139	37351	61	536	0	38087
16377	179	757	37190	167	0	38293
16378	113	566	388	36982	0	38049
16379	36955	109	462	469	0	37995
16380	421	93	87	37344	0	37945
16381	449	82	37492	502	0	38525
16382	123	68	403	37218	0	37812
16383	115	61	427	37182	0	37785
16384	91	68	78	38118	0	38355
16385	123	80	37425	859	0	38487
16386	102	37381	405	571	0	38459
16387	36592	396	426	199	0	37613
16388	35541	449	93	171	0	36254
16389	801	126	61	36000	0	36988
16390	528	125	35994	457	0	37104
16391	157	36051	422	537	0	37167
16392	147	550	430	32615	0	33742
16393	109	35826	106	449	0	36490
16394	100	36063	78	466	0	36707
16395	35145	717	149	156	0	36167
16396	479	443	35352	183	0	36457
16397	446	145	35066	147	0	35804
16398	173	116	710	34212	0	35211
16399	149	80	422	35174	0	35825
16400	162	100	35364	749	0	36375
16401	153	80	371	34700	0	35304
16402	154	112	35367	500	0	36133
16403	33073	88	450	505	0	34116
16404	425	92	433	34837	0	35787
16405	480	106	35584	491	0	36661
16406	201	118	391	32821	0	33531
16407	129	36257	426	475	0	37287
16408	35699	421	116	459	0	36695
16409	424	36227	141	218	0	37010
16410	36220	424	95	216	0	36955
16411	497	475	35616	188	0	36776
16412	35339	129	400	183	0	36051
16413	458	138	430	35951	0	36977
16414	509	116	36197	490	0	37312
16415	172	84	422	35865	0	36543
16416	180	129	35494	563	0	36366
16417	33024	88	450	566	0	34128
16418	429	35335	457	299	0	36520
16419	509	423	147	32132	0	33211
16420	164	35792	142	479	0	36577
16421	35226	467	137	474	0	36304
16422	34783	438	119	283	0	35623
16423	759	35260	154	253	0	36426
16424	513	459	133	34851	0	35956
16425	206	414	136	35048	0	35804
16426	150	143	120	35349	0	35762
16427	34449	110	141	943	0	35643
16428	409	34625	152	689	0	35875
16429	451	409	170	33791	0	34821
16430	152	464	164	34147	0	34927
16431	33497	180	142	897	0	34716
16432	460	163	33298	612	0	34533
16433	497	143	32841	330	0	33811
16434	30924	93	742	285	0	32044
16435	494	115	31839	256	0	32704
16436	418	138	28819	204	0	29579
16437	218	154	684	27615	0	28671
16438	28634	92	484	427	0	29637
16439	381	103	163	28224	0	28871
16440	408	112	28488	454	0	29462
16441	26730	100	389	433	0	27652
16442	426	116	28161	228	0	28931
16443	376	27967	417	196	0	28956
16444	277	414	447	28079	0	29217
16445	28370	322	182	389	0	29263
16446	295	141	155	28488	0	29079
16447	346	87	158	28675	0	29266
16448	29139	58	98	666	0	29961
16449	341	64	112	29535	0	30052
16450	369	69	119	29915	0	30472
16451	154	101	29776	658	0	30689
16452	119	64	328	29629	0	30140
16453	29891	72	363	459	0	30785
16454	29681	88	130	398	0	30297
16455	29913	94	137	168	0	30312
16456	629	120	116	28942	0	29807
16457	403	29226	116	380	0	30125
16458	29199	292	118	356	0	29965
16459	338	29627	151	223	0	30339
16460	28692	306	103	128	0	29229
16461	365	276	113	28476	0	29230
16462	28353	77	104	344	0	28878
16463	28085	57	102	350	0	28594
16464	28100	51	108	150	0	28409
16465	525	27840	124	159	0	28648
16466	229	25893	79	108	0	26309
16467	23926	221	66	72	0	24285
16468	156	24460	44	94	0	24754
16469	77	21575	13	30	0	21695
16470	34	21341	42	22	0	21439
16471	21012	121	176	23	0	21332
16472	71	98	2	20832	0	21003
16473	86	25	3	21135	0	21249
16474	21350	6	9	150	0	21515
16475	77	21	22103	105	0	22306
16476	108	6	62	24355	0	24531
16477	27	7	94	25049	0	25177
16478	21	6	20	27221	0	27268
16479	12	19	6	27923	0	27960
16480	9	28290	32	481	0	28812
16481	8	32089	18	329	0	32444
16482	32377	554	12	93	0	33036
16483	312	413	13	32778	0	33516
16484	420	62	6	33192	0	33680
16485	108	32	32827	730	0	33697
16486	31	20	309	33172	0	33532
16487	52	25	33861	391	0	34329
16488	28	16	372	33756	0	34172
16489	66	51	35215	417	0	35749
16490	14	34850	430	495	0	35789
16491	33	342	469	34845	0	35689
16492	35370	457	83	370	0	36280
16493	34968	71	35	495	0	35569
16494	827	39	24	35051	0	35941
16495	572	50	35395	403	0	36420
16496	110	40	35235	527	0	35912
16497	32936	26	853	136	0	33951
16498	347	34857	581	99	0	35884
16499	35707	371	96	65	0	36239
16500	34893	490	53	97	0	35533
16501	893	96	34982	59	0	36030
16502	572	27	389	34102	0	35090
16503	115	40	507	35116	0	35778
16504	67	34	103	36419	0	36623
16505	70	28	41	35609	0	35748
16506	65	33	46	35364	0	35508
16507	82	53	33789	1005	0	34929
16508	86	39	33781	639	0	34545
16509	55	29	919	33630	0	34633
16510	68	37	581	34200	0	34886
16511	71	40	112	34902	0	35125
16512	34021	40	63	1050	0	35174
16513	443	47	68	34407	0	34965
16514	34498	41	70	578	0	35187
16515	528	49	70	35271	0	35918
16516	35801	46	58	608	0	36513
16517	35989	43	61	674	0	36767
16518	35919	31	54	237	0	36241
16519	35953	28	86	164	0	36231
16520	35848	36	96	149	0	36129
16521	1061	45	85	35070	0	36261
16522	35163	53	73	526	0	35815
16523	530	34843	84	681	0	36138
16524	35223	412	71	222	0	35928
16525	554	560	89	35323	0	36526
16526	658	130	35244	537	0	36569
16527	201	45	480	35655	0	36381
16528	149	79	36029	648	0	36905
16529	141	43	539	35473	0	36196
16530	135	50	606	36036	0	36827
16531	155	61	35829	1072	0	37117
16532	163	63	35676	776	0	36678
16533	132	55	1021	35399	0	36607
16534	35267	38	705	595	0	36605
16535	546	67	35764	746	0	37123
16536	670	35929	522	330	0	37451
16537	255	449	37356	226	0	38286
16538	36051	575	575	222	0	37423
16539	547	136	646	36632	0	37961
16540	37453	53	178	581	0	38265
16541	37105	36	122	765	0	38028
16542	1093	44	123	36959	0	38219
16543	774	60	36297	617	0	37748
16544	240	34	503	35931	0	36708
16545	155	53	668	35746	0	36622
16546	34720	45	181	1187	0	36133
16547	560	35560	151	879	0	37150
16548	724	439	116	35552	0	36831
16549	275	604	35063	641	0	36583
16550	32837	102	515	816	0	34270
16551	559	34555	700	351	0	36165
16552	763	410	185	34745	0	36103
16553	261	593	126	34690	0	35670
16554	200	110	145	35584	0	36039
16555	34207	62	145	1230	0	35644
16556	34690	56	145	845	0	35736
16557	1160	56	140	34779	0	36135
16558	866	72	34597	652	0	36187
16559	282	34662	519	879	0	36342
16560	34674	445	690	335	0	36144
16561	35193	590	190	245	0	36218
16562	1150	112	146	34583	0	35991
16563	809	54	145	35393	0	36401
16564	304	62	35357	1199	0	36922
16565	180	35557	571	906	0	37214
16566	35999	456	716	298	0	37469
16567	34919	608	197	259	0	35983
16568	1104	35110	154	254	0	36622
16569	34783	426	108	237	0	35554
16570	635	591	108	34204	0	35538
16571	727	142	34083	625	0	35577
16572	253	71	488	34488	0	35300
16573	218	71	34512	670	0	35471
16574	32679	42	540	754	0	34015
16575	555	33257	692	316	0	34820
16576	604	532	142	30479	0	31757
16577	225	497	30485	487	0	31694
16578	165	98	29233	535	0	30031
16579	26679	164	748	201	0	27792
16580	347	27402	450	166	0	28365
16581	23723	177	383	89	0	24372
16582	23025	241	150	78	0	23494
16583	23102	47	52	76	0	23277
16584	424	88	83	22599	0	23194
16585	324	38	22734	191	0	23287
16586	81	22751	160	268	0	23260
16587	85	261	282	22487	0	23115
16588	79	233	22868	194	0	23374
16589	63	77	21363	223	0	21726
16590	71	82	290	20943	0	21386
16591	54	30	21125	153	0	21362
16592	19646	22	151	205	0	20024
16593	129	43	179	21109	0	21460
16594	200	24	63	21594	0	21881
16595	21515	23	34	294	0	21866
16596	127	21370	77	222	0	21796
16597	22430	107	47	85	0	22669
16598	156	183	50	22190	0	22579
16599	212	40	42	22347	0	22641
16600	80	27	38	22579	0	22724
16601	58	37	40	22222	0	22357
16602	21843	29	34	301	0	22207
16603	167	41	21978	217	0	22403
16604	203	21756	132	95	0	22186
16605	65	117	184	21895	0	22261
16606	21673	166	56	145	0	22040
16607	21655	43	54	198	0	21950
16608	276	22051	43	95	0	22465
16609	21530	87	42	59	0	21718
16610	111	21945	51	67	0	22174
16611	183	22543	59	85	0	22870
16612	56	243	61	22592	0	22952
16613	83	177	22821	122	0	23203
16614	83	104	93	22221	0	22501
16615	21993	38	195	133	0	22359
16616	106	21808	45	205	0	22164
16617	167	88	35	21841	0	22131
16618	74	162	23772	127	0	24135
16619	23252	38	110	202	0	23602
16620	24496	38	161	83	0	24778
16621	24739	20	41	77	0	24877
16622	249	48	24377	53	0	24727
16623	23321	25	90	54	0	23490
16624	102	24578	174	64	0	24918
16625	173	97	40	23491	0	23801
16626	51	24594	48	131	0	24824
16627	24685	81	38	148	0	24952
16628	23693	142	38	67	0	23940
16629	237	57	25208	47	0	25549
16630	148	25411	100	62	0	25721
16631	71	89	158	25194	0	25512
16632	54	137	36	25348	0	25575
16633	48	38	36	25225	0	25347
16634	53	29	27	25679	0	25788
16635	54	26	38	26215	0	26333
16636	78	48	25422	270	0	25818
16637	49	25215	120	249	0	25633
16638	24622	119	172	76	0	24989
16639	171	182	25626	50	0	26029
16640	206	26301	121	78	0	26706
16641	26199	102	181	62	0	26544
16642	166	200	27280	53	0	27699
16643	26259	55	148	69	0	26531
16644	26717	52	200	52	0	27021
16645	26713	43	54	58	0	26868
16646	325	27721	47	104	0	28197
16647	273	144	27112	65	0	27594
16648	56	28006	155	92	0	28309
16649	121	189	207	23205	0	23722
16650	51	28021	55	126	0	28253
16651	27708	152	40	175	0	28075
16652	28357	200	29	71	0	28657
16653	28127	55	51	50	0	28283
16654	399	50	28875	44	0	29368
16655	273	30038	167	88	0	30566
16656	87	172	238	32045	0	32542
16657	34517	261	52	203	0	35033
16658	251	34872	56	351	0	35530
16659	378	250	34	34675	0	35337
16660	101	373	35610	263	0	36347
16661	34240	67	264	395	0	34966
16662	326	54	37555	76	0	38011
16663	450	50	37833	47	0	38380
16664	34430	58	689	67	0	35244
16665	361	57	37140	43	0	37601
16666	34628	36	347	34	0	35045
16667	318	35819	421	76	0	36634
16668	36740	268	112	39	0	37159
16669	351	393	56	36496	0	37296
16670	444	64	39	36538	0	37085
16671	82	37	54	37253	0	37426
16672	36679	31	39	704	0	37453
16673	36357	32	40	472	0	36901
16674	36374	28	51	86	0	36539
16675	702	36126	46	99	0	36973
16676	471	275	30	36464	0	37240
16677	148	401	36402	293	0	37244
16678	106	71	278	34970	0	35425
16679	70	35295	441	348	0	36154
16680	74	274	82	35472	0	35902
16681	87	426	38	35525	0	36076
16682	35382	82	49	699	0	36212
16683	338	53	38	35832	0	36261
16684	475	58	35578	378	0	36489
16685	139	83	35166	460	0	35848
16686	103	47	703	35179	0	36032
16687	34982	51	501	348	0	35882
16688	377	53	116	34940	0	35486
16689	473	50	97	35255	0	35875
16690	151	71	35191	726	0	36139
16691	126	34818	354	548	0	35846
16692	136	303	489	34715	0	35643
16693	34035	433	160	347	0	34975
16694	362	34407	125	525	0	35419
16695	507	306	83	34541	0	35437
16696	195	464	34569	379	0	35607
16697	140	129	334	33857	0	34460
16698	33172	69	470	423	0	34134
16699	378	33048	125	569	0	34120
16700	538	342	33386	196	0	34462
16701	183	456	326	32668	0	33633
16702	158	117	33887	418	0	34580
16703	32331	90	380	565	0	33366
16704	32881	79	506	189	0	33655
16705	790	103	33279	168	0	34340
16706	560	93	360	32485	0	33498
16707	216	89	33991	419	0	34715
16708	132	33379	452	632	0	34595
16709	164	333	542	33501	0	34540
16710	161	483	33671	438	0	34753
16711	173	172	433	31403	0	32181
16712	156	32603	553	439	0	33751
16713	171	318	182	32768	0	33439
16714	179	458	32499	459	0	33595
16715	30502	125	404	586	0	31617
16716	409	32155	528	261	0	33353
16717	32572	331	164	219	0	33286
16718	467	480	30924	210	0	32081
16719	30013	124	365	232	0	30734
16720	481	122	30787	215	0	31605
16721	29954	105	437	210	0	30706
16722	30654	98	505	213	0	31470
16723	793	109	165	30361	0	31428
16724	568	101	160	30712	0	31541
16725	30494	116	138	832	0	31580
16726	404	30646	182	648	0	31880
16727	30940	361	189	239	0	31729
16728	479	470	167	30006	0	31122
16729	551	30072	207	494	0	31324
16730	235	352	167	30935	0	31689
16731	194	428	165	31010	0	31797
16732	171	127	187	30624	0	31109
16733	178	30603	175	892	0	31848
16734	30022	329	156	586	0	31093
16735	426	460	135	29997	0	31018
16736	488	139	29684	494	0	30805
16737	184	115	29186	592	0	30077
16738	144	120	29637	278	0	30179
16739	28418	108	742	220	0	29488
16740	28521	125	529	215	0	29390
16741	721	121	28467	223	0	29532
16742	481	123	361	26552	0	27517
16743	177	105	457	27302	0	28041
16744	155	100	28188	700	0	29143
16745	139	105	28144	526	0	28914
16746	173	86	686	27955	0	28900
16747	27913	76	479	391	0	28859
16748	27208	68	185	490	0	27951
16749	27312	63	168	203	0	27746
16750	686	27363	198	206	0	28453
16751	471	27427	187	186	0	28271
16752	192	555	133	26821	0	27701
16753	26567	366	133	355	0	27421
16754	346	109	26173	441	0	27069
16755	23176	85	312	215	0	23788
16756	256	22641	283	167	0	23347
16757	187	20035	65	66	0	20353
16758	19344	263	104	59	0	19770
16759	140	19675	62	75	0	19952
16760	146	18617	60	56	0	18879
16761	17601	391	402	204	0	18598
16762	86	17809	52	60	0	18007
16763	75	53	17	16997	0	17142
16764	32	76	17	17059	0	17184
16765	17050	17	16	111	0	17194
16766	16811	14	17	80	0	16922
16767	90	17441	28	49	0	17608
16768	64	17503	27	34	0	17628
16769	40	95	17224	13	0	17372
16770	17216	62	103	13	0	17394
16771	18196	16	57	25	0	18294
16772	18692	13	20	28	0	18753
16773	128	12	13	18895	0	19048
16774	96	17	17	19614	0	19744
16775	19908	9	12	159	0	20088
16776	93	15	20	20024	0	20152
16777	116	12	20196	97	0	20421
16778	35	18	74	20016	0	20143
16779	22	20999	115	106	0	21242
16780	25	88	17	21267	0	21397
16781	20	110	12	21722	0	21864
16782	25	24	10	21976	0	22035
16783	21503	14	16	221	0	21754
16784	91	21794	19	171	0	22075
16785	123	90	13	22051	0	22277
16786	42	122	22136	101	0	22401
16787	22	36	21457	156	0	21671
16788	27	15	213	21685	0	21940
16789	26	19	148	22021	0	22214
16790	21851	11	21	225	0	22108
16791	106	23	13	21397	0	21539
16792	143	21616	21	146	0	21926
16793	54	104	22334	158	0	22650
16794	33	175	96	22316	0	22620
16795	30	44	23091	122	0	23287
16796	33	19	109	22796	0	22957
16797	22807	19	143	120	0	23089
16798	22900	15	29	166	0	23110
16799	220	23153	30	60	0	23463
16800	163	100	26	22664	0	22953
16801	23691	128	19	131	0	23969
16802	23772	25	30	152	0	23979
16803	24092	20	32	46	0	24190
16804	24157	21	31	36	0	24245
16805	23989	20	23	42	0	24074
16806	248	23805	40	58	0	24151
16807	23518	86	21	44	0	23669
16808	135	128	23504	35	0	23802
16809	152	21	90	23174	0	23437
16810	23764	13	133	116	0	24026
16811	23586	14	34	152	0	23786
16812	23694	16	18	50	0	23778
16813	241	31	24002	41	0	24315
16814	184	16	99	23952	0	24251
16815	24868	19	133	128	0	25148
16816	121	25261	25	159	0	25566
16817	26170	104	21	68	0	26363
16818	25661	138	24	52	0	25875
16819	25837	38	21	50	0	25946
16820	245	20	23	26222	0	26510
16821	26664	24	21	127	0	26836
16822	163	42	27000	178	0	27383
16823	187	55	26753	56	0	27051
16824	26419	27	236	48	0	26730
16825	126	45	27547	44	0	27762
16826	25116	24	131	54	0	25325
16827	139	40	27178	42	0	27399
16828	175	40	109	26276	0	26600
16829	26461	15	142	131	0	26749
16830	113	26857	52	183	0	27205
16831	26801	78	15	63	0	26957
16832	118	26885	44	49	0	27096
16833	138	27693	32	61	0	27924
16834	79	194	27	27850	0	28150
16835	41	144	42	27905	0	28132
16836	34	32	27	28032	0	28125
16837	66	35	27808	253	0	28162
16838	26313	19	103	200	0	26635
16839	28617	13	178	85	0	28893
16840	29009	20	26	64	0	29119
16841	28994	29	22	40	0	29085
16842	28898	13	58	48	0	29017
16843	324	46	28382	45	0	28797
16844	252	34	28185	36	0	28507
16845	76	20	237	28462	0	28795
16846	72	36	29375	129	0	29612
16847	27500	19	135	238	0	27892
16848	154	30758	211	74	0	31197
16849	235	125	47	32030	0	32437
16850	32229	205	30	181	0	32645
16851	242	34	31	33056	0	33363
16852	300	33	33736	175	0	34244
16853	101	37	33791	257	0	34186
16854	69	23	404	34834	0	35330
16855	87	40	35340	191	0	35658
16856	33439	18	205	285	0	33947
16857	198	36	304	35025	0	35563
16858	329	47	35303	220	0	35899
16859	89	35443	193	361	0	36086
16860	78	186	267	36393	0	36924
16861	107	259	36778	231	0	37375
16862	82	54	209	35693	0	36038
16863	80	20	302	36496	0	36898
16864	97	45	37224	485	0	37851
16865	83	14	214	36992	0	37303
16866	77	22	329	36502	0	36930
16867	77	33	75	37204	0	37389
16868	36080	23	55	519	0	36677
16869	228	36345	65	390	0	37028
16870	326	36724	55	108	0	37213
16871	101	464	35856	68	0	36489
16872	33624	292	206	59	0	34181
16873	224	61	35763	46	0	36094
16874	286	58	34864	61	0	35269
16875	63	76	408	34065	0	34612
16876	34811	14	281	184	0	35290
16877	169	35098	78	305	0	35650
16878	35089	162	63	92	0	35406
16879	34051	242	41	64	0	34398
16880	389	34955	44	82	0	35470
16881	34656	146	76	59	0	34937
16882	33890	237	60	43	0	34230
16883	363	35104	47	62	0	35576
16884	258	185	39	34946	0	35428
16885	81	240	44	35446	0	35811
16886	36521	34	30	394	0	36979
16887	184	37573	57	326	0	38140
16888	38480	183	48	59	0	38770
16889	38316	287	31	61	0	38695
16890	40181	36	30	62	0	40309
16891	528	28	39	39907	0	40502
16892	370	21	20	40517	0	40928
16893	40443	20	27	543	0	41033
16894	40900	31	36	368	0	41335
16895	41210	28	24	93	0	41355
16896	597	21	35	42401	0	43054
16897	439	52	42896	288	0	43675
16898	93	27	265	43412	0	43797
16899	59	24	417	45824	0	46324
16900	111	64	45864	754	0	46793
16901	83	60	48671	539	0	49353
16902	78	30	850	49365	0	50323
16903	92	53	50571	428	0	51144
16904	49719	33	472	617	0	50841
16905	426	34	611	51033	0	52104
16906	605	30	108	51785	0	52528
16907	52196	32	57	1018	0	53303
16908	466	24	57	52508	0	53055
16909	665	29	59	52283	0	53036
16910	132	35	50	53105	0	53322
16911	101	39	51	53191	0	53382
16912	148	94	51842	1085	0	53169
16913	92	25	417	52124	0	52658
16914	109	65	51453	580	0	52207
16915	82	51555	474	906	0	53017
16916	101	413	612	51025	0	52151
16917	138	631	50559	516	0	51844
16918	45899	111	465	782	0	47257
16919	450	50228	673	240	0	51591
16920	50533	410	134	149	0	51226
16921	537	616	106	48057	0	49316
16922	663	49204	103	516	0	50486
16923	48901	432	72	712	0	50117
16924	489	49908	110	238	0	50745
16925	49860	461	72	173	0	50566
16926	546	666	82	48809	0	50103
16927	49931	113	91	522	0	50657
16928	537	50153	96	770	0	51556
16929	50153	449	92	224	0	50918
16930	622	664	49402	180	0	50868
16931	741	115	478	49420	0	50754
16932	48938	83	708	582	0	50311
16933	49094	60	151	794	0	50099
16934	1116	69	106	48809	0	50100
16935	789	93	48989	600	0	50471
16936	216	47675	492	786	0	49169
16937	166	49053	699	281	0	50199
16938	49029	1020	247	248	0	50544
16939	568	663	125	48415	0	49771
16940	731	124	114	48813	0	49782
16941	48382	83	120	1164	0	49749
16942	47246	90	136	834	0	48306
16943	1122	114	48462	299	0	49997
16944	787	97	515	47607	0	49006
16945	286	131	48126	640	0	49183
16946	211	47403	536	830	0	48980
16947	44826	440	655	307	0	46228
16948	477	46191	189	316	0	47173
16949	654	45383	167	295	0	46499
16950	387	946	167	44598	0	46098
16951	43345	612	133	587	0	44677
16952	477	43543	155	778	0	44953
16953	42845	440	128	298	0	43711
16954	526	42697	161	269	0	43653
16955	668	494	128	42377	0	43667
16956	42035	605	124	556	0	43320
16957	542	191	42530	736	0	43999
16958	710	316	467	41890	0	43383
16959	319	141	42267	601	0	43328
16960	241	40215	494	751	0	41701
16961	230	41233	620	360	0	42443
16962	39968	909	244	346	0	41467
16963	481	41135	177	367	0	42160
16964	40781	506	175	271	0	41733
16965	40700	593	170	274	0	41737
16966	959	213	40716	276	0	42164
16967	39487	156	484	283	0	40410
16968	628	190	41761	270	0	42849
16969	717	41219	516	258	0	42710
16970	41031	472	620	255	0	42378
16971	561	41484	215	279	0	42539
16972	712	503	148	40985	0	42348
16973	41249	633	149	542	0	42573
16974	627	209	106	41464	0	42406
16975	750	200	41639	630	0	43219
16976	292	211	442	41345	0	42290
16977	246	217	595	41783	0	42841
16978	41347	212	166	1018	0	42743
16979	597	238	41358	728	0	42921
16980	41214	210	461	305	0	42190
16981	42269	183	591	274	0	43317
16982	1078	186	200	41950	0	43414
16983	835	174	139	42014	0	43162
16984	41365	193	165	999	0	42722
16985	627	42258	193	741	0	43819
16986	726	526	120	40935	0	42307
16987	317	603	39850	478	0	41248
16988	287	223	38622	593	0	39725
16989	260	39700	822	234	0	41016
16990	317	494	514	37702	0	39027
16991	233	554	154	38053	0	38994
16992	37373	199	115	818	0	38505
16993	529	211	117	37089	0	37946
16994	35642	138	124	476	0	36380
16995	475	35306	164	580	0	36525
16996	460	34881	107	216	0	35664
16997	214	35539	97	161	0	36011
16998	34030	646	239	177	0	35092
16999	31236	406	246	168	0	32056
17000	540	31144	100	178	0	31962
17001	26955	135	115	53	0	27258
17002	161	26827	36	70	0	27094
17003	193	176	31	25570	0	25970
17004	49	26334	36	183	0	26602
17005	26030	192	95	178	0	26495
17006	25912	157	30	62	0	26161
17007	261	57	22	25104	0	25444
17008	25340	34	25	143	0	25542
17009	144	41	23	25107	0	25315
17010	161	25901	39	174	0	26275
17011	68	271	32	25560	0	25931
17012	60	26077	50	164	0	26351
17013	25769	132	40	149	0	26090
17014	162	147	25299	59	0	25667
17015	23836	34	116	49	0	24035
17016	134	30	100	24959	0	25223
17017	140	47	25038	119	0	25344
17018	23925	33	104	130	0	24192
17019	147	58	26051	39	0	26295
17020	122	42	110	25344	0	25618
17021	50	46	102	25985	0	26183
17022	53	37	21	25981	0	26092
17023	39	44	17	26179	0	26279
17024	48	26536	32	258	0	26874
17025	48	149	21	27488	0	27706
17026	27288	150	22	172	0	27632
17027	185	49	27545	176	0	27955
17028	170	29193	169	72	0	29604
17029	29788	192	154	44	0	30178
17030	31636	236	27	48	0	31947
17031	453	44	16	34935	0	35448
17032	330	64	35238	315	0	35947
17033	77	49	293	34809	0	35228
17034	74	39	355	36832	0	37300
17035	86	49	37348	684	0	38167
17036	58	38616	355	494	0	39523
17037	39420	379	438	109	0	40346
17038	39349	437	65	115	0	39966
17039	40409	67	68	103	0	40647
17040	864	51	150	39754	0	40819
17041	558	52	54	41296	0	41960
17042	42030	41	61	893	0	43025
17043	560	63	43	39329	0	39995
17044	585	41573	53	507	0	42718
17045	43415	417	49	535	0	44416
17046	43973	500	51	166	0	44690
17047	46121	107	31	157	0	46416
17048	46324	53	24	128	0	46529
17049	1215	72	44752	113	0	46152
17050	792	90	44797	108	0	45787
17051	264	84	1030	43412	0	44790
17052	231	39	636	44871	0	45777
17053	206	69	44896	1053	0	46224
17054	204	80	44958	682	0	45924
17055	179	62	1087	44081	0	45409
17056	44514	46	706	582	0	45848
17057	607	52	198	43998	0	44855
17058	719	54	44526	663	0	45962
17059	205	44814	606	724	0	46349
17060	44777	498	686	243	0	46204
17061	45170	573	200	215	0	46158
17062	45622	120	156	186	0	46084
17063	45569	80	150	173	0	45972
17064	1264	101	44084	184	0	45633
17065	820	85	587	43726	0	45218
17066	43968	83	631	623	0	45305
17067	747	67	186	44237	0	45237
17068	809	60	154	41361	0	42384
17069	343	42884	152	1137	0	44516
17070	310	549	110	43470	0	44439
17071	42335	587	155	711	0	43788
17072	666	42989	161	770	0	44586
17073	42453	542	128	246	0	43369
17074	754	42973	138	308	0	44173
17075	807	615	130	38670	0	40222
17076	308	41339	185	629	0	42461
17077	242	42196	190	750	0	43378
17078	41448	1061	175	314	0	42998
17079	740	739	41156	304	0	42939
17080	791	237	40499	301	0	41828
17081	347	225	40489	279	0	41340
17082	37208	215	1153	278	0	38854
17083	693	39383	735	289	0	41100
17084	811	40089	243	300	0	41443
17085	37741	1074	198	207	0	39220
17086	752	38672	227	228	0	39879
17087	809	38928	210	264	0	40211
17088	400	1111	175	38856	0	40542
17089	417	722	38613	725	0	40477
17090	372	323	38840	794	0	40329
17091	352	262	1144	38496	0	40254
17092	38063	219	769	744	0	39795
17093	763	38773	301	845	0	40682
17094	878	693	261	38862	0	40694
17095	514	741	38745	771	0	40771
17096	507	293	37892	823	0	39515
17097	446	269	1179	37195	0	39089
17098	37218	250	804	835	0	39107
17099	37505	244	355	861	0	38965
17100	1359	246	37223	405	0	39233
17101	36940	212	746	425	0	38323
17102	1006	222	37632	372	0	39232
17103	1021	191	833	33727	0	35772
17104	576	36679	871	717	0	38843
17105	37248	652	409	740	0	39049
17106	945	703	360	37100	0	39108
17107	974	264	406	37005	0	38649
17108	565	196	408	38136	0	39305
17109	515	196	382	38243	0	39336
17110	559	206	36402	1361	0	38528
17111	510	36214	824	984	0	38532
17112	489	613	869	36308	0	38279
17113	36240	678	433	911	0	38262
17114	824	270	376	36857	0	38327
17115	905	240	391	36933	0	38469
17116	472	270	36219	1402	0	38363
17117	513	258	35786	1002	0	37559
17118	473	35281	1264	556	0	37574
17119	455	35497	906	547	0	37405
17120	438	1117	398	34952	0	36905
17121	34813	774	368	877	0	36832
17122	836	369	34662	942	0	36809
17123	917	34580	758	477	0	36732
17124	552	714	716	31365	0	33347
17125	423	33714	315	770	0	35222
17126	447	711	284	30853	0	32295
17127	335	32920	313	779	0	34347
17128	375	681	265	30576	0	31897
17129	29167	630	241	675	0	30713
17130	562	27331	198	627	0	28718
17131	402	739	148	23064	0	24353
17132	22395	377	135	456	0	23363
17133	390	22684	156	407	0	23637
17134	286	20126	122	206	0	20740
17135	204	20269	135	205	0	20813
17136	314	491	296	17961	0	19062
17137	93	310	124	17567	0	18094
17138	60	17694	78	378	0	18210
17139	69	314	64	17542	0	17989
17140	170	221	17569	236	0	18196
17141	82	17229	185	186	0	17682
17142	74	1084	164	14716	0	16038
17143	76	16319	76	154	0	16625
17144	99	181	15483	132	0	15895
17145	35	15562	142	58	0	15797
17146	13041	242	190	108	0	13581
17147	81	104	21	12914	0	13120
17148	12887	14	14	63	0	12978
17149	65	20	13053	78	0	13216
17150	72	9	68	13097	0	13246
17151	26	18	13523	73	0	13640
17152	11	26	69	13389	0	13495
17153	13800	15	81	79	0	13975
17154	69	14	16	13925	0	14024
17155	13824	17	20	82	0	13943
17156	58	14245	11	108	0	14422
17157	13994	68	12	28	0	14102
17158	79	83	14281	25	0	14468
17159	84	14411	70	26	0	14591
17160	18	60	75	14359	0	14512
17161	42	76	13	14381	0	14512
17162	13	20	14253	135	0	14421
17163	11	14466	60	120	0	14657
17164	14	66	85	14040	0	14205
17165	12	14686	17	54	0	14769
17166	14	64	7	13994	0	14079
17167	11	14545	9	63	0	14628
17168	14163	60	8	74	0	14305
17169	53	100	13	14357	0	14523
17170	100	33	14375	61	0	14569
17171	5	14615	55	101	0	14776
17172	6	14985	75	34	0	15100
17173	40	136	14639	13	0	14828
17174	11	14977	61	29	0	15078
17175	8	58	69	14675	0	14810
17176	18	67	15013	47	0	15145
17177	16	10	49	14686	0	14761
17178	7	14	67	15214	0	15302
17179	14	13	15227	112	0	15366
17180	13970	10	52	84	0	14116
17181	56	6	65	15397	0	15524
17182	78	11	16359	61	0	16509
17183	8	16660	56	81	0	16805
17184	16621	45	74	20	0	16760
17185	44	16797	21	24	0	16886
17186	73	52	8	16710	0	16843
17187	16636	67	10	60	0	16773
17188	53	9	7	16628	0	16697
17189	74	22	17193	60	0	17349
17190	16	25	57	16954	0	17052
17191	13	27	17270	55	0	17365
17192	16284	10	66	82	0	16442
17193	71	22	17318	18	0	17429
17194	17110	7	62	31	0	17210
17195	17355	11	88	23	0	17477
17196	117	17	17746	16	0	17896
17197	88	22	17354	17	0	17481
17198	13	17975	120	25	0	18133
17199	18320	59	80	24	0	18483
17200	64	81	14	18611	0	18770
17201	75	21	14	18765	0	18875
17202	20014	14	15	153	0	20196
17203	20286	13	20	107	0	20426
17204	20372	19	15	26	0	20432
17205	20329	24	18	27	0	20398
17206	124	20	18	20103	0	20265
17207	20393	17	23	81	0	20514
17208	61	14	17	20488	0	20580
17209	92	10	17	20394	0	20513
17210	26	14	15	20618	0	20673
17211	31	20	20391	154	0	20596
17212	17	20265	71	115	0	20468
17213	28	20386	90	47	0	20551
17214	27	124	26	20386	0	20563
17215	20416	84	20	85	0	20605
17216	67	15	16	20372	0	20470
17217	20333	15	24	84	0	20456
17218	77	34	21240	96	0	21447
17219	20386	20	68	43	0	20517
17220	76	12	89	21734	0	21911
17221	22449	17	20	95	0	22581
17222	22200	13	21	108	0	22342
17223	22633	18	18	42	0	22711
17224	143	23	22	22608	0	22796
17225	112	42	22715	81	0	22950
17226	31	26	72	22634	0	22763
17227	23079	23	90	83	0	23275
17228	94	38	25566	103	0	25801
17229	109	21	89	26708	0	26927
17230	27935	15	102	120	0	28172
17231	122	39	28720	117	0	28998
17232	29485	17	117	48	0	29667
17233	31046	17	112	48	0	31223
17234	256	20	26	31581	0	31883
17235	155	21	27	32107	0	32310
17236	32149	15	18	283	0	32465
17237	171	9	12	33129	0	33321
17238	32698	10	21	202	0	32931
17239	159	33377	40	237	0	33813
17240	172	33445	23	72	0	33712
17241	43	352	15	33248	0	33658
17242	54	201	33931	185	0	34371
17243	26	34063	171	207	0	34467
17244	33057	203	189	72	0	33521
17245	135	33246	38	83	0	33502
17246	176	167	32976	32	0	33351
17247	44	164	142	32429	0	32779
17248	45	90	33717	175	0	34027
17249	21	34543	194	222	0	34980
17250	60	159	145	33591	0	33955
17251	26	34147	45	154	0	34372
17252	63	184	34125	141	0	34513
17253	31	157	147	33420	0	33755
17254	40	70	34547	155	0	34812
17255	35	16	159	33934	0	34144
17256	34136	15	166	186	0	34503
17257	175	41	33893	160	0	34269
17258	31837	15	159	62	0	32073
17259	190	40	33886	55	0	34171
17260	173	22	166	33465	0	33826
17261	71	41	35700	177	0	35989
17262	41	14	170	35401	0	35626
17263	39	19	155	35732	0	35945
17264	32	28	37	35673	0	35770
17265	34	24	28	36001	0	36087
17266	50	50	37771	328	0	38199
17267	36052	28	174	245	0	36499
17268	164	25	149	40294	0	40632
17269	40676	21	61	194	0	40952
17270	41386	30	30	195	0	41641
17271	42187	17	34	67	0	42305
17272	370	24	26	42964	0	43384
17273	254	32	36	43142	0	43464
17274	57	48011	48	411	0	48527
17275	52210	305	39	278	0	52832
17276	54425	328	40	98	0	54891
17277	55103	65	32	95	0	55295
17278	936	78	55930	81	0	57025
17279	562	45	420	55498	0	56525
17280	200	70	56385	481	0	57136
17281	54810	28	513	502	0	55853
17282	55845	27	513	147	0	56532
17283	898	26	128	55340	0	56392
17284	588	49	80	52612	0	53329
17285	174	56673	100	845	0	57792
17286	56700	426	71	532	0	57729
17287	56498	454	68	162	0	57182
17288	908	56654	86	201	0	57849
17289	57164	444	46	129	0	57783
17290	591	477	57	57092	0	58217
17291	574	99	74	57492	0	58239
17292	57643	68	56	954	0	58721
17293	548	83	57711	600	0	58942
17294	57011	38	442	236	0	57727
17295	57475	48	479	171	0	58173
17296	941	57508	138	193	0	58780
17297	58264	448	85	116	0	58913
17298	686	517	57433	92	0	58728
17299	682	123	469	57110	0	58384
17300	57345	76	499	502	0	58422
17301	601	80	143	57675	0	58499
17302	659	96	56639	597	0	57991
17303	258	50	521	54499	0	55328
17304	194	60009	559	675	0	61437
17305	228	514	166	61080	0	61988
17306	181	503	116	61794	0	62594
17307	177	138	101	61697	0	62113
17308	171	120	73	62077	0	62441
17309	207	163	61101	1088	0	62559
17310	204	86	461	61393	0	62144
17311	60903	85	505	703	0	62196
17312	566	61081	163	725	0	62535
17313	600	488	113	62160	0	63361
17314	299	533	62974	620	0	64426
17315	228	138	495	63176	0	64037
17316	63702	89	534	651	0	64976
17317	63237	95	179	681	0	64192
17318	61905	74	127	300	0	62406
17319	1174	72	138	62887	0	64271
17320	841	120	63065	628	0	64654
17321	358	62551	565	703	0	64177
17322	63113	470	587	311	0	64481
17323	664	539	189	62627	0	64019
17324	694	177	153	62881	0	63905
17325	362	152	63023	1073	0	64610
17326	265	62537	576	812	0	64190
17327	254	63738	590	393	0	64975
17328	295	1222	225	60694	0	62436
17329	290	583	60070	663	0	61606
17330	54588	202	506	728	0	56024
17331	626	189	59580	309	0	60704
17332	54629	135	555	345	0	55664
17333	616	60321	552	360	0	61849
17334	691	446	59766	266	0	61169
17335	56794	505	477	240	0	58016
17336	604	59633	554	281	0	61072
17337	61450	457	282	276	0	62465
17338	734	526	62071	235	0	63566
17339	670	62608	472	293	0	64043
17340	63365	440	509	231	0	64545
17341	689	526	62774	232	0	64221
17342	62103	157	506	200	0	62966
17343	664	127	561	62680	0	64032
17344	63550	135	195	531	0	64411
17345	653	126	185	63545	0	64509
17346	63570	112	167	634	0	64483
17347	657	163	64572	657	0	66049
17348	620	117	475	64712	0	65924
17349	308	128	509	64758	0	65703
17350	258	202	65429	980	0	66869
17351	251	146	487	64960	0	65844
17352	211	63028	675	685	0	64599
17353	214	451	189	70827	0	71681
17354	264	520	180	73550	0	74514
17355	244	151	176	79413	0	79984
17356	277	196	79073	1379	0	80925
17357	73808	132	716	1068	0	75724
17358	812	142	818	84046	0	85818
17359	1027	197	86373	918	0	88515
17360	82741	133	851	1038	0	84763
17361	86515	120	947	354	0	87936
17362	89359	126	257	339	0	90081
17363	1853	107	215	89524	0	91699
17364	1196	135	219	97008	0	98558
17365	479	148	186	93509	0	94322
17366	329	96375	221	2105	0	99030
17367	95335	962	199	1390	0	97886
17368	94031	1044	219	503	0	95797
17369	2074	288	186	93992	0	96540
17370	1567	203	93171	1197	0	96138
17371	737	165	93289	1300	0	95491
17372	285	90907	2030	506	0	93728
17373	271	93047	1249	435	0	95002
17374	85574	2155	884	600	0	89213
17375	780	86013	222	266	0	87281
17376	84590	779	195	122	0	85686
17377	83808	760	62	112	0	84742
17378	84023	121	67	143	0	84354
17379	1591	82	62	83979	0	85714
17380	954	71	82	88615	0	89722
17381	90177	74	66	1653	0	91970
17382	954	75	62	92328	0	93419
17383	1025	116	91789	1046	0	93976
17384	90949	76	915	1062	0	93002
17385	1017	101	975	92062	0	94155
17386	1114	79	146	92958	0	94297
17387	278	118	86	94558	0	95040
17388	264	123	92375	2011	0	94773
17389	83772	99	996	1300	0	86167
17390	1107	128	92551	282	0	94068
17391	1141	71	1019	90823	0	93054
17392	344	164	93504	1076	0	95088
17393	267	81	1066	90830	0	92244
17394	237	113	1084	92305	0	93739
17395	315	112	94272	2059	0	96758
17396	362	146	1065	84394	0	85967
17397	246	94052	1147	1050	0	96495
17398	93171	948	221	1157	0	95497
17399	93353	1047	158	380	0	94938
17400	2055	164	148	93661	0	96028
17401	1346	149	94755	1227	0	97477
17402	355	91738	1124	1372	0	94589
17403	285	94559	1174	478	0	96496
17404	90313	1837	298	356	0	92804
17405	1202	1145	89332	354	0	92033
17406	88835	203	1121	365	0	90524
17407	1236	135	1203	89063	0	91637
17408	1259	149	252	90164	0	91824
17409	87146	130	257	2201	0	89734
17410	1146	88179	265	1648	0	91238
17411	1312	1052	88877	460	0	91701
17412	408	1068	1117	86272	0	88865
17413	383	246	89756	1339	0	91724
17414	304	87806	1277	1400	0	90787
17415	340	1017	1251	87385	0	89993
17416	87181	1094	389	1311	0	89975
17417	87327	238	337	1396	0	89298
17418	2269	371	87133	505	0	90278
17419	1451	86990	1221	523	0	90185
17420	85675	1067	1257	493	0	88492
17421	1266	87618	417	566	0	89867
17422	1403	1196	297	85547	0	88443
17423	85880	1194	297	1303	0	88674
17424	1320	333	297	87055	0	89005
17425	1529	305	85440	1424	0	88698
17426	594	224	1177	85746	0	87741
17427	517	287	86185	1518	0	88507
17428	469	260	1305	84591	0	86625
17429	84436	253	1329	1480	0	87498
17430	1297	85017	521	1593	0	88428
17431	84963	1170	391	620	0	87144
17432	1443	1247	401	83438	0	86529
17433	1445	414	347	83426	0	85632
17434	589	409	81681	2387	0	85066
17435	602	360	83180	1520	0	85662
17436	520	82437	2207	820	0	85984
17437	604	1200	81531	561	0	83896
17438	73895	1275	1366	610	0	77146
17439	1372	79210	1471	604	0	82657
17440	1437	80177	534	610	0	82758
17441	570	81307	460	659	0	82996
17442	538	2324	372	78942	0	82176
17443	626	1432	79843	1496	0	83397
17444	484	80501	1332	1726	0	84043
17445	642	1301	1386	72095	0	75424
17446	529	81204	544	1378	0	83655
17447	78081	1261	474	1496	0	81312
17448	78771	1249	453	723	0	81196
17449	2274	483	484	77799	0	81040
17450	1513	330	472	77403	0	79718
17451	73818	294	482	2453	0	77047
17452	1234	72459	552	1754	0	75999
17453	1314	72582	531	707	0	75134
17454	584	2370	469	66933	0	70356
17455	393	1104	62529	1206	0	65232
17456	316	61668	1069	1203	0	64256
17457	56976	1028	1313	425	0	59742
17458	908	56508	477	458	0	58351
17459	904	55088	387	470	0	56849
17460	52018	1507	555	309	0	54389
17461	802	54027	289	397	0	55515
17462	951	901	51563	343	0	53758
17463	305	51346	848	396	0	52895
17464	42573	654	993	258	0	44478
17465	476	42979	247	227	0	43929
17466	42153	549	334	207	0	43243
17467	567	610	174	41444	0	42795
17468	580	238	137	42372	0	43327
17469	220	246	42435	900	0	43801
17470	211	42735	446	641	0	44033
17471	201	517	503	42877	0	44098
17472	42610	574	170	540	0	43894
17473	42194	195	153	596	0	43138
17474	845	43275	187	260	0	44567
17475	573	536	149	42604	0	43862
17476	42732	590	138	505	0	43965
17477	42836	226	205	565	0	43832
17478	958	243	41756	182	0	43139
17479	623	224	39395	146	0	40388
17480	227	201	37856	121	0	38405
17481	94	35717	598	123	0	36532
17482	33272	297	793	79	0	34441
17483	270	33572	117	73	0	34032
17484	32696	319	147	79	0	33241
17485	246	34344	51	75	0	34716
17486	277	278	44	34618	0	35217
17487	35160	281	44	236	0	35721
17488	275	103	35594	251	0	36223
17489	34698	92	235	69	0	35094
17490	35665	78	276	60	0	36079
17491	490	35948	50	82	0	36570
17492	282	36294	58	80	0	36714
17493	37225	451	124	53	0	37853
17494	261	295	38807	51	0	39414
17495	36621	210	277	57	0	37165
17496	37078	102	314	73	0	37567
17497	480	73	62	36742	0	37357
17498	37759	58	37	209	0	38063
17499	248	79	30	38552	0	38909
17500	287	72	27	39197	0	39583
17501	96	68	25	38448	0	38637
17502	76	39009	52	433	0	39570
17503	39086	214	56	272	0	39628
17504	39382	281	36	63	0	39762
17505	464	76	54	39369	0	39963
17506	321	91	43	38532	0	38987
17507	124	39299	70	457	0	39950
17508	39123	251	62	269	0	39705
17509	279	288	39106	85	0	39758
17510	317	102	216	38982	0	39617
17511	109	106	39087	247	0	39549
17512	117	83	221	38693	0	39114
17513	130	86	39456	242	0	39914
17514	126	75	210	38432	0	38843
17515	38642	81	267	255	0	39245
17516	302	86	39926	299	0	40613
17517	38103	67	227	105	0	38502
17518	303	41332	281	114	0	42030
17519	331	253	89	41553	0	42226
17520	143	305	55	42111	0	42614
17521	43345	104	61	459	0	43969
17522	305	80	69	44837	0	45291
17523	380	107	46384	249	0	47120
17524	44507	69	226	336	0	45138
17525	46790	72	256	152	0	47270
17526	47063	65	62	126	0	47316
17527	46827	69	52	124	0	47072
17528	525	46582	70	133	0	47310
17529	312	212	72	46342	0	46938
17530	46116	248	67	264	0	46695
17531	305	75	57	45720	0	46157
17532	45098	88	88	241	0	45515
17533	319	73	44386	284	0	45062
17534	356	73	44383	100	0	44912
17535	156	618	372	41336	0	42482
17536	131	44061	281	254	0	44727
17537	99	44965	89	345	0	45498
17538	43773	354	138	228	0	44493
17539	254	233	44125	113	0	44725
17540	39315	50	199	156	0	39720
17541	218	43909	237	126	0	44490
17542	43894	143	75	122	0	44234
17543	221	203	58	43610	0	44092
17544	274	131	44838	223	0	45466
17545	152	68	164	44272	0	44656
17546	125	60	201	44131	0	44517
17547	112	44721	99	382	0	45314
17548	117	45777	99	283	0	46276
17549	157	320	54	45020	0	45551
17550	145	46159	101	311	0	46716
17551	172	224	45287	242	0	45925
17552	171	190	44762	113	0	45236
17553	40778	72	367	153	0	41370
17554	45111	58	214	110	0	45493
17555	384	45069	79	138	0	45670
17556	277	192	52	44655	0	45176
17557	159	202	68	45115	0	45544
17558	164	103	45295	375	0	45937
17559	130	156	208	42339	0	42833
17560	119	45053	230	285	0	45687
17561	148	208	44040	239	0	44635
17562	156	227	43982	96	0	44461
17563	135	42833	337	232	0	43537
17564	159	233	43876	108	0	44376
17565	126	217	196	43148	0	43687
17566	141	95	214	41632	0	42082
17567	146	96	44800	373	0	45415
17568	129	146	182	43332	0	43789
17569	102	43750	248	258	0	44358
17570	122	44884	112	288	0	45406
17571	106	409	98	43902	0	44515
17572	142	248	44795	259	0	45444
17573	89	45477	216	272	0	46054
17574	214	391	234	44440	0	45279
17575	121	220	44037	213	0	44591
17576	39924	46	164	211	0	40345
17577	43743	43	152	70	0	44008
17578	43919	66	50	55	0	44090
17579	292	35	44	42945	0	43316
17580	169	38	60	43645	0	43912
17581	89	76	45170	296	0	45631
17582	65	48	166	44160	0	44439
17583	63	56	167	45670	0	45956
17584	75	64	45211	287	0	45637
17585	36102	53	175	278	0	36608
17586	145	42880	171	110	0	43306
17587	42417	123	58	59	0	42657
17588	125	42398	55	99	0	42677
17589	150	173	40	42184	0	42547
17590	94	140	42381	145	0	42760
17591	73	151	150	40716	0	41090
17592	55	60	41390	172	0	41677
17593	32274	54	195	240	0	32763
17594	131	60	39270	47	0	39508
17595	109	29	129	37253	0	37520
17596	80	41	39324	137	0	39582
17597	40	40115	142	153	0	40450
17598	64	154	127	41419	0	41764
17599	56	114	42	41869	0	42081
17600	58	18	32	42868	0	42976
17601	85	38	42705	358	0	43186
17602	62	43	43625	263	0	43993
17603	25	21	431	43282	0	43759
17604	35	22	257	50980	0	51294
17605	35	39	61	54478	0	54613
17606	55765	31	65	827	0	56688
17607	447	32	49	58090	0	58618
17608	552	77	60647	530	0	61806
17609	62484	30	519	571	0	63604
17610	601	39	585	65401	0	66626
17611	68387	40	242	656	0	69325
17612	69189	38	92	732	0	70051
17613	1308	31	82	69430	0	70851
17614	69923	12	99	740	0	70774
17615	69702	32	101	798	0	70633
17616	1420	51	69083	194	0	70748
17617	835	69531	701	200	0	71267
17618	244	646	740	66129	0	67759
17619	160	729	150	69265	0	70304
17620	68966	117	91	1377	0	70551
17621	67839	65	111	912	0	68927
17622	67767	48	84	301	0	68200
17623	1528	73	64474	245	0	66320
17624	930	65057	728	267	0	66982
17625	64712	624	824	186	0	66346
17626	759	65888	226	245	0	67118
17627	66131	730	140	205	0	67206
17628	885	774	102	65274	0	67035
17629	65836	134	121	811	0	66902
17630	65707	93	100	911	0	66811
17631	66386	72	113	317	0	66888
17632	1706	100	66088	234	0	68128
17633	65939	65	729	264	0	66997
17634	991	66302	822	254	0	68369
17635	67697	676	185	218	0	68776
17636	67728	780	128	257	0	68893
17637	68654	171	136	238	0	69199
17638	1778	115	122	65293	0	67308
17639	1154	66516	160	888	0	68718
17640	66785	712	161	924	0	68582
17641	1095	846	66616	297	0	68854
17642	1128	66801	754	314	0	68997
17643	648	798	840	58921	0	61207
17644	503	65962	231	692	0	67388
17645	65451	821	163	813	0	67248
17646	66889	885	151	240	0	68165
17647	1807	291	121	66354	0	68573
17648	1301	180	65584	923	0	67988
17649	538	65808	792	1063	0	68201
17650	739	852	981	54331	0	56903
17651	487	912	275	65998	0	67672
17652	526	244	214	68939	0	69923
17653	68523	182	195	1719	0	70619
17654	68947	184	156	1147	0	70434
17655	69643	196	187	391	0	70417
17656	70278	222	138	320	0	70958
17657	2067	230	150	68647	0	71094
17658	1455	241	69713	1029	0	72438
17659	699	203	854	70370	0	72126
17660	639	187	916	69967	0	71709
17661	666	185	252	70727	0	71830
17662	701	214	197	71062	0	72174
17663	69647	195	225	2008	0	72075
17664	1365	189	314	70202	0	72070
17665	70324	184	259	1221	0	71988
17666	70174	211	268	1284	0	71937
17667	2307	259	68650	602	0	71818
17668	1747	210	68159	587	0	70703
17669	1028	220	70271	641	0	72160
17670	1035	315	1727	67628	0	70705
17671	982	235	69955	1141	0	72313
17672	863	293	1066	67729	0	69951
17673	786	313	1044	68093	0	70236
17674	68593	284	327	2048	0	71252
17675	1517	283	283	67263	0	69346
17676	1688	69139	304	1349	0	72480
17677	70191	880	318	1269	0	72658
17678	1509	71264	400	768	0	73941
17679	1660	1099	71417	581	0	74757
17680	874	72471	982	609	0	74936
17681	70418	1111	1138	497	0	73164
17682	1544	1138	376	70008	0	73066
17683	1726	471	69740	1178	0	73115
17684	69634	315	959	1276	0	72184
17685	1633	350	1066	70031	0	73080
17686	1814	341	70579	1115	0	73849
17687	1033	292	987	71016	0	73328
17688	925	297	1153	70653	0	73028
17689	931	355	379	70528	0	72193
17690	920	70691	372	1916	0	73899
17691	71494	944	331	1269	0	74038
17692	1653	1048	347	69524	0	72572
17693	1654	70888	335	1220	0	74097
17694	914	1065	262	71259	0	73500
17695	945	1254	70473	1211	0	73883
17696	836	70793	1018	1316	0	73963
17697	69544	1058	1144	588	0	72334
17698	68690	1178	388	482	0	70738
17699	1949	490	280	66800	0	69519
17700	1393	444	306	67450	0	69593
17701	67145	370	299	1784	0	69598
17702	65005	308	340	1290	0	66943
17703	1803	66116	412	706	0	69037
17704	58150	694	343	396	0	59583
17705	1058	685	55190	341	0	57274
17706	1082	226	54057	372	0	55737
17707	337	52807	1013	340	0	54497
17708	274	51182	703	255	0	52414
17709	45934	722	898	174	0	47728
17710	381	46508	215	188	0	47292
17711	44643	272	153	134	0	45202
17712	43693	375	69	117	0	44254
17713	43531	73	69	100	0	43773
17714	559	68	47	43080	0	43754
17715	43724	56	58	296	0	44134
17716	376	73	43317	356	0	44122
17717	372	70	43670	133	0	44245
17718	150	43819	523	180	0	44672
17719	134	250	44328	136	0	44848
17720	127	355	299	42025	0	42806
17721	133	97	44493	305	0	45028
17722	131	88	43680	354	0	44253
17723	101	72	508	43196	0	43877
17724	43850	60	352	299	0	44561
17725	43885	55	101	357	0	44398
17726	559	68	45808	130	0	46565
17727	44416	67	278	142	0	44903
17728	352	63	47185	115	0	47715
17729	46283	62	313	105	0	46763
17730	48450	47	334	129	0	48960
17731	555	59	104	48002	0	48720
17732	400	58	83	46694	0	47235
17733	296	46747	100	568	0	47711
17734	118	47935	104	396	0	48553
17735	123	508	88	47002	0	47721
17736	129	352	85	47489	0	48055
17737	46210	97	63	511	0	46881
17738	276	46373	87	400	0	47136
17739	46133	239	87	122	0	46581
17740	271	46925	117	129	0	47442
17741	364	300	46257	83	0	47004
17742	166	326	240	45873	0	46605
17743	46343	87	332	279	0	47041
17744	47822	57	95	344	0	48318
17745	566	49380	106	178	0	50230
17746	391	50414	98	128	0	51031
17747	154	51421	98	122	0	51795
17748	144	854	78	53856	0	54932
17749	173	478	55115	388	0	56154
17750	101	55200	432	549	0	56282
17751	155	475	536	54552	0	55718
17752	86	462	96	55557	0	56201
17753	97	122	55397	782	0	56398
17754	108	85	55054	525	0	55772
17755	52863	45	834	153	0	53895
17756	472	81	57501	70	0	58124
17757	56144	55	450	81	0	56730
17758	55552	55	489	82	0	56178
17759	55953	48	105	93	0	56199
17760	55775	62	85	73	0	55995
17761	886	93	54445	77	0	55501
17762	544	54961	421	122	0	56048
17763	169	420	494	54813	0	55896
17764	158	535	55195	409	0	56297
17765	157	119	401	53248	0	53925
17766	115	53674	596	430	0	54815
17767	144	445	127	56503	0	57219
17768	140	534	85	56391	0	57150
17769	136	120	85	56282	0	56623
17770	55632	85	89	917	0	56723
17771	481	102	92	56145	0	56820
17772	576	100	102	55856	0	56634
17773	173	122	116	55548	0	55959
17774	106	54005	162	945	0	55218
17775	53341	425	120	613	0	54499
17776	439	52534	145	236	0	53354
17777	494	52603	168	203	0	53468
17778	163	802	173	52733	0	53871
17779	171	558	128	52900	0	53757
17780	52645	116	134	928	0	53823
17781	526	81	119	53534	0	54260
17782	53999	85	120	554	0	54758
17783	61196	89	120	606	0	62011
17784	1257	86	130	61218	0	62691
17785	915	103	136	60113	0	61267
17786	216	62272	156	1489	0	64133
17787	63720	778	117	920	0	65535
17788	821	66355	155	349	0	67680
17789	66320	874	152	213	0	67559
17790	960	927	65458	230	0	67575
17791	64884	205	812	247	0	66148
17792	67147	134	841	277	0	68399
17793	1673	126	161	66168	0	68128
17794	1072	154	66874	999	0	69099
17795	305	67135	880	1153	0	69473
17796	274	949	898	68120	0	70241
17797	323	983	68497	1037	0	70840
17798	255	305	906	68205	0	69671
17799	66610	168	954	1090	0	68822
17800	1093	156	67025	1104	0	69378
17801	1050	66080	931	414	0	68475
17802	353	67641	972	314	0	69280
17803	472	1912	285	55675	0	58344
17804	274	67324	192	791	0	68581
17805	66420	1033	166	856	0	68475
17806	66194	974	136	324	0	67628
17807	66592	265	181	305	0	67343
17808	1883	260	63928	281	0	66352
17809	64899	196	900	312	0	66307
17810	1112	236	954	63514	0	65816
17811	1083	220	235	64402	0	65940
17812	377	237	172	65034	0	65820
17813	293	226	361	65411	0	66291
17814	335	245	63621	1952	0	66153
17815	353	235	63506	1201	0	65295
17816	378	230	63212	435	0	64255
17817	59058	192	1833	400	0	61483
17818	1085	61071	1162	507	0	63825
17819	1162	962	313	60660	0	63097
17820	60361	993	224	1181	0	62759
17821	1070	61137	302	1257	0	63766
17822	1125	62225	296	501	0	64147
17823	61333	1805	239	359	0	63736
17824	61303	1109	269	321	0	63002
17825	1877	61758	286	433	0	64354
17826	1281	1051	229	55907	0	58468
17827	505	60137	246	1082	0	61970
17828	58896	1085	217	1067	0	61265
17829	58776	1062	214	462	0	60514
17830	58200	368	204	391	0	59163
17831	1988	56837	223	460	0	59508
17832	1234	1026	198	57319	0	59777
17833	574	1050	56994	1187	0	59805
17834	461	371	960	56661	0	58453
17835	436	340	994	57586	0	59356
17836	459	384	56056	1948	0	58847
17837	54614	317	965	1247	0	57143
17838	1213	311	1022	56245	0	58791
17839	1210	328	292	54863	0	56693
17840	542	55560	247	1914	0	58263
17841	55214	1023	262	1185	0	57684
17842	1223	1149	229	53471	0	56072
17843	1192	54563	268	1202	0	57225
17844	52055	995	255	1122	0	54427
17845	1064	52258	236	542	0	54100
17846	49665	974	328	392	0	51359
17847	1196	903	48731	406	0	51236
17848	971	335	44789	295	0	46390
17849	412	273	43987	281	0	44953
17850	349	43401	1531	319	0	45600
17851	601	906	1153	36960	0	39620
17852	338	42230	267	738	0	43573
17853	41647	851	200	706	0	43404
17854	901	801	41782	263	0	43747
17855	40851	292	798	280	0	42221
17856	41273	265	768	230	0	42536
17857	1405	244	293	40419	0	42361
17858	40473	226	983	823	0	42505
17859	963	247	229	41088	0	42527
17860	818	264	40674	894	0	42650
17861	39501	300	762	774	0	41337
17862	879	40383	764	322	0	42348
17863	856	822	270	40396	0	42344
17864	40421	726	185	790	0	42122
17865	969	282	204	40666	0	42121
17866	920	250	39207	907	0	41284
17867	390	227	766	38354	0	39737
17868	323	39154	752	883	0	41112
17869	39100	770	251	787	0	40908
17870	840	701	213	38807	0	40561
17871	39193	233	228	837	0	40491
17872	947	203	180	39089	0	40419
17873	852	183	204	37275	0	38514
17874	367	38456	239	1320	0	40382
17875	37786	763	203	824	0	39576
17876	833	39704	214	444	0	41195
17877	816	810	168	35084	0	36878
17878	299	37371	173	771	0	38614
17879	36797	767	129	756	0	38449
17880	36414	721	173	310	0	37618
17881	36180	283	178	290	0	36931
17882	1308	34751	233	258	0	36550
17883	375	26924	72	130	0	27501
17884	26229	547	106	93	0	26975
17885	354	26837	66	144	0	27401
17886	460	758	159	24463	0	25840
17887	197	277	23641	310	0	24425
17888	21320	77	233	225	0	21855
17889	21960	58	198	79	0	22295
17890	21669	66	35	62	0	21832
17891	381	21725	44	87	0	22237
17892	20998	189	34	58	0	21279
17893	248	176	21670	57	0	22151
17894	161	21170	151	65	0	21547
17895	125	360	178	19075	0	19738
17896	42	19545	45	100	0	19732
17897	18508	91	64	88	0	18751
17898	93	19204	33	53	0	19383
17899	113	95	10	18853	0	19071
17900	35	19327	12	86	0	19460
17901	37	90	17	19603	0	19747
17902	43	85	15	19295	0	19438
17903	43	44	19412	143	0	19642
17904	48	28	79	18927	0	19082
17905	18954	24	80	102	0	19160
17906	18866	27	23	88	0	19004
17907	155	24	18	19037	0	19234
17908	99	33	19062	92	0	19286
17909	40	34	83	18842	0	18999
17910	18979	34	75	93	0	19181
17911	20000	32	28	117	0	20177
17912	20246	34	21	42	0	20343
17913	164	21289	32	49	0	21534
17914	21542	85	26	49	0	21702
17915	119	100	21439	29	0	21687
17916	22895	45	99	78	0	23117
17917	125	40	94	24010	0	24269
17918	130	32	22	24187	0	24371
17919	54	32	18	24372	0	24476
17920	23870	45	21	214	0	24150
17921	23471	23	20	144	0	23658
17922	217	42	22	23608	0	23889
17923	183	33	24404	130	0	24750
17924	71	30	102	24205	0	24408
17925	63	26	102	24048	0	24239
17926	70	48	24124	212	0	24454
17927	51	24240	108	172	0	24571
17928	64	112	101	24654	0	24931
17929	24943	112	33	148	0	25236
17930	141	39	24	25084	0	25288
17931	130	42	21	25307	0	25500
17932	25471	35	18	229	0	25753
17933	133	25530	19	172	0	25854
17934	143	25860	31	76	0	26110
17935	25472	205	19	62	0	25758
17936	148	135	25539	50	0	25872
17937	23670	43	111	80	0	23904
17938	153	45	27145	52	0	27395
17939	123	27459	108	66	0	27756
17940	27646	99	119	59	0	27923
17941	27719	105	31	48	0	27903
17942	27925	46	19	56	0	28046
17943	28039	27	20	53	0	28139
17944	229	62	28159	30	0	28480
17945	143	56	92	27407	0	27698
17946	27959	37	115	121	0	28232
17947	137	27	29270	131	0	29565
17948	153	49	28925	37	0	29164
17949	55	29116	180	49	0	29400
17950	28787	68	158	51	0	29064
17951	103	105	20	28285	0	28513
17952	28986	12	26	87	0	29111
17953	81	29841	28	113	0	30063
17954	119	92	22	31815	0	32048
17955	29	107	13	31982	0	32131
17956	38	20	13	32767	0	32838
17957	53	31	33467	276	0	33827
17958	28	34269	140	224	0	34661
17959	36543	133	163	54	0	36893
17960	211	189	23	36606	0	37029
17961	36736	26	18	219	0	36999
17962	36185	15	27	254	0	36481
17963	424	20	23	36431	0	36898
17964	275	60	37446	221	0	38002
17965	86	23	190	36760	0	37059
17966	38	37697	280	236	0	38251
17967	65	197	35	38057	0	38354
17968	75	248	37947	245	0	38515
17969	36838	32	195	270	0	37335
17970	213	24	238	38280	0	38755
17971	38010	17	41	253	0	38321
17972	256	60	37920	269	0	38505
17973	35566	33	196	119	0	35914
17974	256	44	38412	50	0	38762
17975	35310	36	230	74	0	35650
17976	228	37181	262	90	0	37761
17977	265	38053	62	98	0	38478
17978	75	446	60	37817	0	38398
17979	72	254	38	36685	0	37049
17980	72	44	37	38160	0	38313
17981	38040	31	46	429	0	38546
17982	233	35	29	38536	0	38833
17983	294	58	38604	250	0	39206
17984	36226	40	219	314	0	36799
17985	217	39426	254	136	0	40033
17986	39799	191	53	89	0	40132
17987	38573	226	57	95	0	38951
17988	466	75	39780	95	0	40416
17989	319	41	245	38955	0	39560
17990	111	43	248	41643	0	42045
17991	105	52	42504	477	0	43138
17992	90	42388	247	335	0	43060
17993	41997	214	276	112	0	42599
17994	42031	281	67	118	0	42497
17995	494	58	62	42904	0	43518
17996	336	52	49	43086	0	43523
17997	102	45	60	45101	0	45308
17998	44036	59	69	585	0	44749
17999	300	45359	87	478	0	46224
18000	45510	282	64	124	0	45980
18001	44794	334	59	121	0	45308
18002	668	103	47140	107	0	48018
18003	420	70	311	45281	0	46082
18004	137	48178	419	368	0	49102
18005	151	328	79	48744	0	49302
18006	118	428	67	50193	0	50806
18007	150	109	51315	756	0	52330
18008	51121	56	410	525	0	52112
18009	56547	63	470	169	0	57249
18010	58003	82	97	154	0	58336
18011	1010	75	82	57414	0	58581
18012	673	106	91	54920	0	55790
18013	171	56795	122	1013	0	58101
18014	149	58326	106	712	0	59293
18015	57199	959	105	179	0	58442
18016	554	56199	123	245	0	57121
18017	680	547	56074	153	0	57454
18018	215	615	493	56165	0	57488
18019	57063	124	637	572	0	58396
18020	603	143	56981	698	0	58425
18021	800	132	56508	193	0	57633
18022	56857	106	1055	201	0	58219
18023	56958	91	704	170	0	57923
18024	1142	93	128	56586	0	57949
18025	826	130	56941	604	0	58501
18026	242	105	528	57109	0	57984
18027	248	137	57753	642	0	58780
18028	294	142	57494	723	0	58653
18029	196	58057	1120	307	0	59680
18030	58050	501	711	220	0	59482
18031	57448	642	218	198	0	58506
18032	1139	57908	167	254	0	59468
18033	805	609	175	57076	0	58665
18034	272	669	157	57586	0	58684
18035	259	168	143	58764	0	59334
18036	57610	107	142	1226	0	59085
18037	617	57543	163	885	0	59208
18038	56590	543	163	253	0	57549
18039	55826	678	156	234	0	56894
18040	1247	190	55085	208	0	56730
18041	796	55128	593	261	0	56778
18042	322	579	695	55056	0	56652
18043	286	700	55582	586	0	57154
18044	53737	175	568	757	0	55237
18045	55489	119	703	274	0	56585
18046	55880	102	224	230	0	56436
18047	55144	133	177	215	0	55669
18048	1251	113	146	53941	0	55451
18049	861	155	53677	613	0	55306
18050	344	135	559	53605	0	54643
18051	53581	109	688	648	0	55026
18052	53108	96	195	779	0	54178
18053	1150	52736	232	291	0	54409
18054	51453	469	153	203	0	52278
18055	675	619	51307	172	0	52773
18056	753	159	50924	160	0	51996
18057	48226	236	1099	145	0	49706
18058	647	49682	698	212	0	51239
18059	663	411	161	45621	0	46856
18060	224	47858	100	477	0	48659
18061	189	425	118	48059	0	48791
18062	156	500	104	47954	0	48714
18063	212	136	89	49616	0	50053
18064	48672	128	78	887	0	49765
18065	48925	99	111	567	0	49702
18066	48789	124	99	159	0	49171
18067	975	126	48340	180	0	49621
18068	46969	93	482	163	0	47707
18069	547	88	597	49643	0	50875
18070	684	82	170	51294	0	52230
18071	282	125	51534	947	0	52888
18072	264	96	493	54938	0	55791
18073	57291	97	598	661	0	58647
18074	735	110	57562	748	0	59155
18075	771	76	617	57455	0	58919
18076	57909	73	715	680	0	59377
18077	57376	73	197	749	0	58395
18078	1333	129	58317	226	0	60005
18079	896	149	59156	180	0	60381
18080	299	101	1205	59317	0	60922
18081	60467	102	780	680	0	62029
18082	60769	97	164	774	0	61804
18083	1343	144	131	56821	0	58439
18084	874	61008	173	612	0	62667
18085	60170	580	171	771	0	61692
18086	687	61812	182	322	0	63003
18087	859	597	158	61356	0	62970
18088	328	706	60873	698	0	62605
18089	306	121	60120	783	0	61330
18090	303	118	60758	193	0	61372
18091	276	86	1274	57530	0	59166
18092	248	83	815	58844	0	59990
18093	58584	57	211	1262	0	60114
18094	688	58455	199	905	0	60247
18095	58646	528	132	256	0	59562
18096	779	703	163	54197	0	55842
18097	789	56881	182	614	0	58466
18098	263	58333	179	731	0	59506
18099	254	1171	153	57142	0	58720
18100	56937	691	168	622	0	58418
18101	656	57642	172	820	0	59290
18102	54996	488	126	201	0	55811
18103	604	56502	191	241	0	57538
18104	55136	536	237	136	0	56045
18105	683	624	54816	162	0	56285
18106	771	149	53487	145	0	54552
18107	223	52498	978	203	0	53902
18108	47938	758	1106	206	0	50008
18109	393	46755	195	152	0	47495
18110	438	44671	122	135	0	45366
18111	402	792	151	44070	0	45415
18112	44067	411	106	362	0	44946
18113	374	44724	98	502	0	45698
18114	43547	319	82	70	0	44018
18115	333	43915	107	130	0	44485
18116	42628	302	100	66	0	43096
18117	318	42962	77	137	0	43494
18118	370	43170	71	114	0	43725
18119	144	685	73	40523	0	41425
18120	76	42906	75	298	0	43355
18121	41775	290	65	324	0	42454
18122	320	358	41827	91	0	42596
18123	376	100	272	41572	0	42320
18124	104	138	42925	316	0	43483
18125	87	61	306	41916	0	42370
18126	100	75	346	42513	0	43034
18127	127	96	40709	597	0	41529
18128	34931	67	314	495	0	35807
18129	333	39998	360	148	0	40839
18130	40336	282	86	113	0	40817
18131	350	40947	72	158	0	41527
18132	428	323	75	40267	0	41093
18133	40397	357	94	325	0	41173
18134	40437	108	119	376	0	41040
18135	40923	88	121	128	0	41260
18136	640	104	89	40072	0	40905
18137	488	92	75	39432	0	40087
18138	187	41873	120	582	0	42762
18139	42105	341	95	404	0	42945
18140	42489	406	94	113	0	43102
18141	42620	126	97	108	0	42951
18142	42107	130	101	124	0	42462
18143	643	41305	153	132	0	42233
18144	450	341	133	41371	0	42295
18145	170	466	41347	350	0	42333
18146	39950	154	317	407	0	40828
18147	42367	150	342	175	0	43034
18148	696	182	42247	130	0	43255
18149	503	174	42622	104	0	43403
18150	203	183	646	41830	0	42862
18151	155	157	420	43631	0	44363
18152	115	163	130	44359	0	44767
18153	43407	172	124	705	0	44408
18154	415	153	104	43990	0	44662
18155	487	149	42841	448	0	43925
18156	192	155	350	43098	0	43795
18157	184	187	44046	408	0	44825
18158	170	167	369	42937	0	43643
18159	181	164	403	45726	0	46474
18160	186	172	46011	731	0	47100
18161	41440	140	411	591	0	42582
18162	418	46483	475	182	0	47558
18163	46691	468	77	130	0	47366
18164	511	573	65	47426	0	48575
18165	47117	233	77	445	0	47872
18166	523	49344	117	601	0	50585
18167	601	50943	119	241	0	51904
18168	280	1548	113	51900	0	53841
18169	239	684	54440	526	0	55889
18170	221	256	52725	597	0	53799
18171	160	52964	1126	217	0	54467
18172	46035	590	791	142	0	47558
18173	464	563	150	45744	0	46921
18174	45193	131	92	412	0	45828
18175	443	45231	103	573	0	46350
18176	534	46023	111	194	0	46862
18177	178	954	89	45387	0	46608
18178	45261	593	92	453	0	46399
18179	45091	179	46	541	0	45857
18180	956	119	44710	145	0	45930
18181	630	119	43444	120	0	44313
18182	42101	95	818	97	0	43111
18183	436	43540	567	162	0	44705
18184	42929	426	177	103	0	43635
18185	562	532	94	42221	0	43409
18186	578	161	41666	402	0	42807
18187	38976	89	470	524	0	40059
18188	439	40953	561	182	0	42135
18189	500	41175	212	138	0	42025
18190	290	853	187	40242	0	41572
18191	40837	555	123	472	0	41987
18192	486	173	113	41299	0	42071
18193	42129	128	128	525	0	42910
18194	572	183	41613	515	0	42883
18195	40864	172	375	195	0	41606
18196	41724	128	441	169	0	42462
18197	985	123	40653	167	0	41928
18198	39205	98	433	143	0	39879
18199	612	39990	538	151	0	41291
18200	612	425	196	38440	0	39673
18201	308	40107	159	431	0	41005
18202	39965	508	169	455	0	41097
18203	588	517	136	38595	0	39836
18204	587	38966	166	474	0	40193
18205	258	480	146	38622	0	39506
18206	221	39284	98	552	0	40155
18207	180	585	78	39518	0	40361
18208	39086	556	86	566	0	40294
18209	515	220	86	39447	0	40268
18210	598	165	38812	594	0	40169
18211	37657	169	423	600	0	38849
18212	555	166	471	38821	0	40013
18213	608	160	38178	562	0	39508
18214	343	124	37415	590	0	38472
18215	308	114	39033	257	0	39712
18216	249	116	947	37435	0	38747
18217	259	101	629	39095	0	40084
18218	228	119	276	39359	0	39982
18219	211	132	204	39742	0	40289
18220	39255	134	188	1008	0	40585
18221	39870	150	214	676	0	40910
18222	40341	138	170	341	0	40990
18223	40812	173	137	291	0	41413
18224	1047	168	109	39802	0	41126
18225	743	207	40800	622	0	42372
18226	40348	148	437	678	0	41611
18227	42072	157	484	319	0	43032
18228	1047	189	183	41562	0	42981
18229	773	156	156	42385	0	43470
18230	42676	137	177	1018	0	44008
18231	691	113	194	40619	0	41617
18232	693	41284	230	703	0	42910
18233	41883	479	232	652	0	43246
18234	41053	527	227	345	0	42152
18235	1088	201	42470	310	0	44069
18236	754	170	528	41836	0	43288
18237	373	165	589	42865	0	43992
18238	42358	147	239	1079	0	43823
18239	42337	149	191	759	0	43436
18240	1175	149	127	42327	0	43778
18241	861	160	42517	663	0	44201
18242	479	124	42602	729	0	43934
18243	375	101	938	42561	0	43975
18244	403	177	648	42951	0	44179
18245	42054	85	252	1061	0	43452
18246	757	41862	222	794	0	43635
18247	775	41350	216	383	0	42724
18248	375	42522	212	331	0	43440
18249	404	950	280	41188	0	42822
18250	41139	597	254	606	0	42596
18251	40473	230	126	670	0	41499
18252	1022	41080	119	356	0	42577
18253	41382	501	86	272	0	42241
18254	673	581	104	40684	0	42042
18255	687	234	41453	615	0	42989
18256	375	173	425	40503	0	41476
18257	378	121	491	40625	0	41615
18258	388	104	170	40438	0	41100
18259	38390	87	167	979	0	39623
18260	549	260	149	36601	0	37559
18261	606	36942	174	665	0	38387
18262	35350	341	333	618	0	36642
18263	482	35643	172	352	0	36649
18264	426	34315	126	294	0	35161
18265	213	35020	145	245	0	35623
18266	265	523	31775	177	0	32740
18267	132	31188	344	231	0	31895
18268	232	253	27595	196	0	28276
18269	24349	175	180	104	0	24808
18270	25584	46	121	82	0	25833
18271	213	44	26804	45	0	27106
18272	26044	37	87	79	0	26247
18273	27791	32	110	68	0	28001
18274	202	43	28305	55	0	28605
18275	132	29404	89	60	0	29685
18276	71	120	115	29320	0	29626
18277	29956	110	23	127	0	30216
18278	131	32	30	29712	0	29905
18279	31489	33	38	145	0	31705
18280	30952	34	28	156	0	31170
18281	214	34	31497	79	0	31824
18282	30545	21	97	73	0	30736
18283	122	32633	119	92	0	32966
18284	32890	97	27	65	0	33079
18285	119	128	29	32897	0	33173
18286	172	53	33229	125	0	33579
18287	59	50	90	32664	0	32863
18288	32713	57	127	116	0	33013
18289	125	33209	33	312	0	33679
18290	187	121	33088	81	0	33477
18291	82	145	93	31338	0	31658
18292	108	58	33594	125	0	33885
18293	70	33946	115	185	0	34316
18294	33589	110	136	92	0	33927
18295	131	126	47	33755	0	34059
18296	196	57	34117	139	0	34509
18297	93	63	32872	168	0	33196
18298	33467	47	209	92	0	33815
18299	156	44	141	35267	0	35608
18300	181	61	44	35457	0	35743
18301	95	69	36140	243	0	36547
18302	106	69	35969	178	0	36322
18303	98	37594	232	111	0	38035
18304	84	121	168	37494	0	37867
18305	101	155	73	36786	0	37115
18306	74	38188	63	284	0	38609
18307	101	143	37602	180	0	38026
18308	34146	169	156	100	0	34571
18309	172	54	167	38370	0	38763
18310	215	89	39196	174	0	39674
18311	97	74	143	36766	0	37080
18312	121	39101	186	192	0	39600
18313	116	167	38940	186	0	39409
18314	35336	200	167	134	0	35837
18315	203	95	40034	82	0	40414
18316	227	98	39361	76	0	39762
18317	114	83	39001	64	0	39262
18318	89	66	41972	86	0	42213
18319	89	72	335	40608	0	41104
18320	112	71	45148	186	0	45517
18321	101	89	197	42381	0	42768
18322	63	45110	292	221	0	45686
18323	47299	182	75	276	0	47832
18324	287	273	54	47986	0	48600
18325	368	96	48069	313	0	48846
18326	73	48185	305	456	0	49019
18327	87	304	341	47936	0	48668
18328	47427	333	122	292	0	48174
18329	250	48390	96	401	0	49137
18330	353	265	58	48703	0	49379
18331	49234	340	60	288	0	49922
18332	293	81	49082	360	0	49816
18333	47552	51	299	82	0	47984
18334	321	71	50179	53	0	50624
18335	46455	38	303	63	0	46859
18336	47294	21	357	73	0	47745
18337	578	53	47634	58	0	48323
18338	353	47261	259	65	0	47938
18339	112	337	376	46083	0	46908
18340	84	315	47777	250	0	48426
18341	62	148	268	44975	0	45453
18342	59	43	327	46673	0	47102
18343	74	49	47265	531	0	47919
18344	89	50	46942	338	0	47419
18345	53	47	550	46746	0	47396
18346	47763	17	368	277	0	48425
18347	244	47744	84	390	0	48462
18348	330	48098	69	110	0	48607
18349	48248	498	52	75	0	48873
18350	48786	334	64	86	0	49270
18351	569	55	70	48723	0	49417
18352	347	44	48	49104	0	49543
18353	78	38	58	49824	0	49998
18354	48372	39	41	599	0	49051
18355	239	47467	81	437	0	48224
18356	345	48476	76	144	0	49041
18357	98	575	53	48485	0	49211
18358	86	342	59	48979	0	49466
18359	73	72	56	49438	0	49639
18360	48678	46	65	613	0	49402
18361	273	49667	85	502	0	50527
18362	50267	262	55	104	0	50688
18363	382	390	50091	110	0	50973
18364	399	50936	334	107	0	51776
18365	72	302	433	50474	0	51281
18366	50353	415	95	365	0	51228
18367	384	97	50895	456	0	51832
18368	459	87	50864	114	0	51524
18369	103	73	733	49673	0	50582
18370	88	57	482	50900	0	51527
18371	92	75	101	50687	0	50955
18372	94	65	81	49286	0	49526
18373	111	72	73	48905	0	49161
18374	74	48274	107	832	0	49287
18375	96	322	83	48626	0	49127
18376	47463	410	95	438	0	48406
18377	321	48232	103	553	0	49209
18378	47508	328	90	216	0	48142
18379	426	463	46685	147	0	47721
18380	518	94	47115	135	0	47862
18381	132	119	740	47807	0	48798
18382	153	111	57900	460	0	58624
18383	119	86	629	56703	0	57537
18384	136	93	725	56973	0	57927
18385	58247	63	151	1316	0	59777
18386	56784	79	128	882	0	57873
18387	1311	60438	149	239	0	62137
18388	828	62057	143	196	0	63224
18389	195	1363	127	61394	0	63079
18390	61858	893	109	767	0	63627
18391	719	193	62849	923	0	64684
18392	877	109	717	62138	0	63841
18393	205	80	900	62490	0	63675
18394	193	127	62278	1574	0	64172
18395	138	62019	755	1180	0	64092
18396	170	709	864	61935	0	63678
18397	221	903	62630	861	0	64615
18398	172	174	724	62177	0	63247
18399	58774	117	902	900	0	60693
18400	680	60227	259	1078	0	62244
18401	872	60914	190	327	0	62303
18402	218	1511	174	60001	0	61904
18403	58415	918	167	867	0	60367
18404	702	59250	214	1080	0	61246
18405	59798	731	183	400	0	61112
18406	871	889	59125	333	0	61218
18407	1006	247	60331	368	0	61952
18408	306	198	1601	56430	0	58535
18409	261	197	992	61099	0	62549
18410	60070	190	233	1676	0	62169
18411	970	231	166	60341	0	61708
18412	1119	299	59833	959	0	62210
18413	303	314	764	58821	0	60202
18414	293	280	927	60164	0	61664
18415	267	223	58488	1757	0	60735
18416	54863	180	864	1271	0	57178
18417	841	231	1011	57860	0	59943
18418	55565	163	352	1087	0	57167
18419	772	53134	268	1168	0	55342
18420	51955	725	280	479	0	53439
18421	749	52268	280	410	0	53707
18422	789	51740	235	490	0	53254
18423	523	1432	429	47674	0	50058
18424	47712	836	384	791	0	49723
18425	47593	300	166	804	0	48863
18426	1153	317	180	47031	0	48681
18427	47547	254	170	749	0	48720
18428	46942	216	173	925	0	48256
18429	1374	206	187	46904	0	48671
18430	45723	244	195	750	0	46912
18431	807	45972	244	894	0	47917
18432	46378	643	259	388	0	47668
18433	798	748	46342	399	0	48287
18434	46775	181	666	444	0	48066
18435	800	136	766	46416	0	48118
18436	884	141	330	47361	0	48716
18437	318	85	284	47894	0	48581
18438	261	165	296	47853	0	48575
18439	241	139	272	46890	0	47542
18440	286	44867	243	1556	0	46952
18441	283	46726	278	1075	0	48362
18442	46550	1155	224	468	0	48397
18443	802	905	46325	431	0	48463
18444	45568	348	630	351	0	46897
18445	897	406	46745	367	0	48415
18446	976	357	663	45188	0	47184
18447	490	337	713	46587	0	48127
18448	45486	304	185	1411	0	47386
18449	980	301	45773	1006	0	48060
18450	1118	245	620	45705	0	47688
18451	613	237	47589	904	0	49343
18452	547	48185	727	1040	0	50499
18453	514	728	762	48801	0	50805
18454	49082	762	248	947	0	51039
18455	48177	266	220	1058	0	49721
18456	49272	199	238	498	0	50207
18457	1467	49160	285	567	0	51479
18458	1085	50374	283	523	0	52265
18459	45246	1277	348	553	0	47424
18460	818	50152	266	635	0	51871
18461	840	49431	245	705	0	51221
18462	460	1268	48434	609	0	50771
18463	313	48287	683	589	0	49872
18464	354	47868	775	507	0	49504
18465	327	1354	291	47192	0	49164
18466	406	955	47713	800	0	49874
18467	371	408	46618	918	0	48315
18468	44960	230	1253	440	0	46883
18469	887	216	47594	371	0	49068
18470	47524	182	803	413	0	48922
18471	857	198	899	46228	0	48182
18472	1016	48071	309	877	0	50273
18473	49280	621	307	973	0	51181
18474	50652	751	274	522	0	52199
18475	1443	232	327	50450	0	52452
18476	1045	235	266	50725	0	52271
18477	488	233	291	51348	0	52360
18478	50285	235	189	1486	0	52195
18479	48721	200	196	1055	0	50172
18480	50108	217	154	438	0	50917
18481	1457	47373	160	393	0	49383
18482	38383	284	117	146	0	38930
18483	412	38280	74	160	0	38926
18484	464	37971	75	146	0	38656
18485	357	1136	304	34798	0	36595
18486	171	36139	152	296	0	36758
18487	33934	219	90	289	0	34532
18488	286	325	52	33384	0	34047
18489	32777	76	39	203	0	33095
18490	223	32294	59	274	0	32850
18491	267	33090	51	80	0	33488
18492	33262	360	57	69	0	33748
18493	219	34462	35	95	0	34811
18494	317	214	64	34356	0	34951
18495	161	250	85	34545	0	35041
18496	34664	71	34	434	0	35203
18497	258	51	26	35019	0	35354
18498	323	86	35864	245	0	36518
18499	87	61	202	36027	0	36377
18500	36449	65	266	263	0	37043
18501	260	37712	73	333	0	38378
18502	39405	257	51	83	0	39796
18503	38802	343	42	76	0	39263
18504	39697	88	42	80	0	39907
18505	647	86	39276	84	0	40093
18506	426	94	38287	54	0	38861
18507	36538	67	566	80	0	37251
18508	298	38576	392	122	0	39388
18509	348	286	82	38469	0	39185
18510	102	374	47	37950	0	38473
18511	76	37683	65	573	0	38397
18512	91	38518	51	396	0	39056
18513	91	570	58	38449	0	39168
18514	83	381	41	38716	0	39221
18515	119	109	38107	577	0	38912
18516	106	96	37042	404	0	37648
18517	36622	58	575	135	0	37390
18518	38957	56	389	97	0	39499
18519	632	65	70	38867	0	39634
18520	455	92	39037	316	0	39900
18521	142	79	285	38755	0	39261
18522	38429	75	353	352	0	39209
18523	362	107	38985	406	0	39860
18524	444	83	285	39376	0	40188
18525	163	104	40348	326	0	40941
18526	130	39589	343	475	0	40537
18527	144	339	40064	136	0	40683
18528	163	469	343	39029	0	40004
18529	39824	123	371	315	0	40633
18530	334	94	89	40662	0	41179
18531	41461	67	83	344	0	41955
18532	41401	87	60	393	0	41941
18533	40933	81	72	146	0	41232
18534	666	83	40347	164	0	41260
18535	40623	68	310	104	0	41105
18536	398	68	357	41101	0	41924
18537	445	74	99	41211	0	41829
18538	194	87	41167	656	0	42104
18539	140	128	288	41295	0	41851
18540	41717	77	395	382	0	42571
18541	331	42474	94	491	0	43390
18542	43410	277	91	171	0	43949
18543	43484	350	61	153	0	44048
18544	44062	81	98	144	0	44385
18545	676	91	75	43380	0	44222
18546	509	91	44193	372	0	45165
18547	169	83	313	44772	0	45337
18548	170	61	397	45361	0	45989
18549	45267	57	131	703	0	46158
18550	43588	74	99	484	0	44245
18551	724	87	43315	156	0	44282
18552	484	132	304	42668	0	43588
18553	194	83	44042	390	0	44709
18554	42847	67	398	486	0	43798
18555	388	48075	471	248	0	49182
18556	47910	327	155	125	0	48517
18557	420	49060	107	175	0	49762
18558	48380	375	93	130	0	48978
18559	446	49027	119	162	0	49754
18560	547	388	88	48489	0	49512
18561	171	438	97	49702	0	50408
18562	50002	67	74	809	0	50952
18563	49833	54	75	539	0	50501
18564	50184	45	78	154	0	50461
18565	49381	52	63	146	0	49642
18566	49513	43	80	108	0	49744
18567	888	48	86	47971	0	48993
18568	574	48503	106	515	0	49698
18569	223	365	82	47474	0	48144
18570	159	48180	88	449	0	48876
18571	181	410	84	46634	0	47309
18572	146	47607	81	470	0	48304
18573	175	399	61	47009	0	47644
18574	171	445	45608	457	0	46681
18575	41718	93	389	534	0	42734
18576	435	45568	463	216	0	46682
18577	45709	342	93	137	0	46281
18578	507	469	45058	118	0	46152
18579	43524	83	381	133	0	44121
18580	497	103	47540	136	0	48276
18581	547	100	397	46659	0	47703
18582	186	50325	506	486	0	51503
18583	216	441	50996	505	0	52158
18584	189	556	451	50739	0	51935
18585	50062	120	559	522	0	51263
18586	533	74	126	52211	0	52944
18587	661	77	87	52196	0	53021
18588	224	76	70	53144	0	53514
18589	208	107	51955	1031	0	53301
18590	191	95	443	50645	0	51374
18591	171	51316	591	575	0	52653
18592	192	422	102	51387	0	52103
18593	163	563	70	51093	0	51889
18594	50192	109	61	950	0	51312
18595	539	133	80	51810	0	52562
18596	682	104	52377	538	0	53701
18597	277	86	51856	612	0	52831
18598	222	91	51847	189	0	52349
18599	143	51206	992	209	0	52550
18600	49832	515	803	195	0	51345
18601	456	50405	185	178	0	51224
18602	49400	450	165	113	0	50128
18603	484	570	83	48551	0	49688
18604	618	124	49635	436	0	50813
18605	201	107	48847	589	0	49744
18606	130	50444	913	189	0	51676
18607	160	447	600	49867	0	51074
18608	98	595	151	50523	0	51367
18609	123	129	103	51491	0	51846
18610	107	130	50694	1019	0	51950
18611	44633	97	500	769	0	45999
18612	534	114	51330	226	0	52204
18613	652	87	482	49327	0	50548
18614	193	71	594	51225	0	52083
18615	179	105	50778	1027	0	52089
18616	46080	71	529	753	0	47433
18617	486	50756	676	266	0	52184
18618	50858	471	183	172	0	51684
18619	541	611	135	49030	0	50317
18620	633	50468	141	553	0	51795
18621	189	489	119	51247	0	52044
18622	50579	587	146	625	0	51937
18623	523	156	140	50653	0	51472
18624	668	151	49545	589	0	50953
18625	47782	132	501	733	0	49148
18626	49114	123	615	252	0	50104
18627	1023	151	49044	219	0	50437
18628	716	113	491	48271	0	49591
18629	49454	102	636	615	0	50807
18630	561	110	198	49039	0	49908
18631	690	97	185	47915	0	48887
18632	238	119	162	48438	0	48957
18633	189	92	151	48414	0	48846
18634	189	128	47102	1139	0	48558
18635	208	104	506	47023	0	47841
18636	201	124	47270	683	0	48278
18637	45116	109	560	774	0	46559
18638	46641	101	677	300	0	47719
18639	46691	112	214	252	0	47269
18640	46516	114	171	259	0	47060
18641	1090	105	153	45014	0	46362
18642	44750	87	229	631	0	45697
18643	621	88	44006	802	0	45517
18644	743	100	43606	265	0	44714
18645	41152	62	1018	277	0	42509
18646	531	42069	725	283	0	43608
18647	598	41587	250	275	0	42710
18648	270	898	255	41001	0	42424
18649	264	541	41103	568	0	42476
18650	37435	143	577	755	0	38910
18651	551	105	41348	290	0	42294
18652	615	39135	490	381	0	40621
18653	298	401	38892	255	0	39846
18654	171	36724	464	264	0	37623
18655	32820	468	795	246	0	34329
18656	400	33143	220	241	0	34004
18657	472	31880	157	212	0	32721
18658	218	624	152	31621	0	32615
18659	206	418	31447	395	0	32466
18660	163	115	365	30274	0	30917
18661	147	102	453	30828	0	31530
18662	177	97	30501	706	0	31481
18663	170	94	382	29099	0	29745
18664	161	29929	498	381	0	30969
18665	150	308	174	30673	0	31305
18666	30372	401	155	399	0	31327
18667	366	124	128	30830	0	31448
18668	453	109	30636	444	0	31642
18669	167	110	367	30886	0	31530
18670	183	118	30835	416	0	31552
18671	29689	116	418	480	0	30703
18672	364	107	463	30622	0	31556
18673	30675	103	167	430	0	31375
18674	407	117	30783	472	0	31779
18675	28428	99	368	244	0	29139
18676	362	30870	475	209	0	31916
18677	519	316	30950	167	0	31952
18678	187	741	405	29960	0	31293
18679	183	144	31385	389	0	32101
18680	119	29245	395	487	0	30246
18681	138	29755	467	185	0	30545
18682	25531	449	178	151	0	26309
18683	267	27197	135	149	0	27748
18684	27148	267	144	141	0	27700
18685	325	318	108	27238	0	27989
18686	361	96	27132	304	0	27893
18687	92	27562	299	386	0	28339
18688	154	324	381	27123	0	27982
18689	109	317	102	28138	0	28666
18690	123	79	89	28857	0	29148
18691	102	104	79	27942	0	28227
18692	96	27579	138	612	0	28425
18693	92	28280	94	432	0	28898
18694	26864	517	104	105	0	27590
18695	255	26840	88	133	0	27316
18696	267	293	98	25588	0	26246
18697	132	293	25563	267	0	26255
18698	61	25486	258	341	0	26146
18699	91	255	309	24712	0	25367
18700	83	390	66	24100	0	24639
18701	45	25066	77	457	0	25645
18702	24230	225	49	304	0	24808
18703	238	296	24539	99	0	25172
18704	22323	90	215	85	0	22713
18705	201	23765	290	80	0	24336
18706	21829	198	63	54	0	22144
18707	192	22754	35	79	0	23060
18708	248	256	49	23404	0	23957
18709	63	268	31	23809	0	24171
18710	23356	82	38	459	0	23935
18711	206	85	30	23869	0	24190
18712	311	68	23558	237	0	24174
18713	51	23016	197	320	0	23584
18714	45	23272	273	79	0	23669
18715	53	430	64	23022	0	23569
18716	75	301	23237	218	0	23831
18717	53	86	181	22772	0	23092
18718	42	58	246	23057	0	23403
18719	53	71	22818	444	0	23386
18720	77	79	22282	320	0	22758
18721	30	22680	395	133	0	23238
18722	22570	199	261	82	0	23112
18723	191	314	42	21984	0	22531
18724	254	22147	55	221	0	22677
18725	22525	221	53	281	0	23080
18726	183	296	42	22552	0	23073
18727	266	80	30	22374	0	22750
18728	45	22313	51	457	0	22866
18729	43	232	48	22324	0	22647
18730	22155	291	50	257	0	22753
18731	211	104	42	22446	0	22803
18732	292	71	57	22532	0	22952
18733	84	91	22251	460	0	22886
18734	71	100	21560	312	0	22043
18735	21684	78	416	125	0	22303
18736	192	84	269	21952	0	22497
18737	288	80	45	22014	0	22427
18738	68	95	46	22360	0	22569
18739	85	82	21817	512	0	22496
18740	21378	88	213	358	0	22037
18741	220	79	282	21705	0	22286
18742	288	102	78	21984	0	22452
18743	21456	94	66	498	0	22114
18744	198	21527	72	459	0	22256
18745	293	224	21570	190	0	22277
18746	67	306	233	20473	0	21079
18747	77	21444	309	300	0	22130
18748	75	223	93	21791	0	22182
18749	21270	306	98	285	0	21959
18750	230	110	62	21467	0	21869
18751	21072	89	75	319	0	21555
18752	20759	97	75	365	0	21296
18753	474	86	72	20017	0	20649
18754	300	20276	67	307	0	20950
18755	109	20766	78	391	0	21344
18756	77	451	20557	187	0	21272
18757	86	336	238	19767	0	20427
18758	91	102	290	20575	0	21058
18759	79	93	81	20964	0	21217
18760	20449	75	69	568	0	21161
18761	248	85	67	20772	0	21172
18762	335	93	20667	357	0	21452
18763	20464	61	224	417	0	21166
18764	250	84	302	21283	0	21919
18765	330	80	80	21720	0	22210
18766	108	87	21477	562	0	22234
18767	20575	97	231	435	0	21338
18768	243	70	310	21604	0	22227
18769	323	91	22014	362	0	22790
18770	126	72	238	21951	0	22387
18771	150	55	332	19587	0	20124
18772	99	22200	132	529	0	22960
18773	21991	229	69	387	0	22676
18774	21525	302	83	229	0	22139
18775	468	21581	118	204	0	22371
18776	21160	230	103	181	0	21674
18777	20656	295	77	202	0	21230
18778	467	78	73	20765	0	21383
18779	348	64	20097	325	0	20834
18780	130	77	19361	385	0	19953
18781	114	60	18941	155	0	19270
18782	112	50	19276	156	0	19594
18783	126	281	426	17155	0	17988
18784	79	57	276	17866	0	18278
18785	79	46	70	17777	0	17972
18786	85	30	50	18336	0	18501
18787	17817	46	51	430	0	18344
18788	199	18268	63	342	0	18872
18789	18380	138	63	115	0	18696
18790	198	194	18290	111	0	18793
18791	241	57	18895	94	0	19287
18792	77	117	348	19153	0	19695
18793	19415	14	361	209	0	19999
18794	17533	26	80	294	0	17933
18795	343	19174	53	129	0	19699
18796	220	19115	56	92	0	19483
18797	89	318	45	19019	0	19471
18798	18947	203	54	173	0	19377
18799	142	19284	48	254	0	19728
18800	19414	128	34	102	0	19678
18801	19313	185	30	83	0	19611
18802	19375	46	46	58	0	19525
18803	321	48	19619	56	0	20044
18804	223	19727	147	63	0	20160
18805	19381	108	188	67	0	19744
18806	19127	171	49	57	0	19404
18807	277	18835	33	63	0	19208
18808	155	17858	15	31	0	18059
18809	17815	192	51	29	0	18087
18810	110	149	17	17793	0	18069
18811	151	46	17991	105	0	18293
18812	17309	24	96	127	0	17556
18813	110	40	121	18142	0	18413
18814	138	19042	39	135	0	19354
18815	51	102	19	19354	0	19526
18816	49	142	19604	118	0	19913
18817	47	43	93	19438	0	19621
18818	20484	30	143	140	0	20797
18819	121	24	38	20753	0	20936
18820	158	20	24	20895	0	21097
18821	68	26	21976	242	0	22312
18822	43	38	107	20962	0	21150
18823	35	21966	135	145	0	22281
18824	21969	100	43	148	0	22260
18825	21095	140	27	58	0	21320
18826	248	60	22082	44	0	22434
18827	171	34	101	21027	0	21333
18828	51	21608	135	362	0	22156
18829	31	22276	48	153	0	22508
18830	22074	212	30	52	0	22368
18831	134	152	15	22666	0	22967
18832	170	58	22772	112	0	23112
18833	66	29	22658	164	0	22917
18834	40	37	241	22812	0	23130
18835	22709	23	160	129	0	23021
18836	22541	36	45	165	0	22787
18837	249	38	26	23567	0	23880
18838	184	59	24144	170	0	24557
18839	59	24398	133	179	0	24769
18840	24218	107	162	54	0	24541
18841	109	24685	59	78	0	24931
18842	24677	128	25	48	0	24878
18843	152	150	24	24597	0	24923
18844	185	49	24726	134	0	25094
18845	45	41	128	24327	0	24541
18846	24526	34	159	151	0	24870
18847	155	50	24863	175	0	25243
18848	178	24991	123	85	0	25377
18849	77	114	156	25042	0	25389
18850	25080	152	50	142	0	25424
18851	164	62	25235	177	0	25638
18852	173	35	130	25293	0	25631
18853	73	35	158	25838	0	26104
18854	83	48	26035	269	0	26435
18855	57	36	137	25512	0	25742
18856	67	54	26081	173	0	26375
18857	24407	34	158	206	0	24805
18858	178	49	170	27103	0	27500
18859	223	55	28910	168	0	29356
18860	72	29636	174	262	0	30144
18861	30347	151	213	101	0	30812
18862	32745	215	92	67	0	33119
18863	424	78	45	35014	0	35561
18864	323	37259	46	270	0	37898
18865	37440	279	46	326	0	38091
18866	321	342	51	37477	0	38191
18867	381	97	37537	332	0	38347
18868	35389	43	298	365	0	36095
18869	306	36899	351	139	0	37695
18870	371	274	67	36938	0	37650
18871	37055	339	49	290	0	37733
18872	329	73	36771	358	0	37531
18873	371	51	37321	113	0	37856
18874	98	46	602	35466	0	36212
18875	99	47	38176	311	0	38633
18876	87	38	337	36238	0	36700
18877	39	37786	377	347	0	38549
18878	60	314	84	38543	0	39001
18879	37895	355	74	353	0	38677
18880	315	81	38289	420	0	39105
18881	380	38477	346	171	0	39374
18882	106	290	381	37943	0	38720
18883	78	396	39109	332	0	39915
18884	90	186	302	36597	0	37175
18885	79	38383	368	332	0	39162
18886	57	38974	106	406	0	39543
18887	37354	534	101	100	0	38089
18888	240	38903	64	116	0	39323
18889	341	293	37174	60	0	37868
18890	33366	338	364	97	0	34165
18891	285	73	37589	60	0	38007
18892	307	46	282	34432	0	35067
18893	78	68	37580	250	0	37976
18894	48	37239	281	330	0	37898
18895	63	253	293	36964	0	37573
18896	55	265	60	37003	0	37383
18897	63	48	50	36683	0	36844
18898	67	57	36900	528	0	37552
18899	38	48	256	35983	0	36325
18900	54	45	295	36926	0	37320
18901	36131	48	60	526	0	36765
18902	35816	45	63	343	0	36267
18903	538	40	36619	112	0	37309
18904	317	35978	294	110	0	36699
18905	85	268	36697	86	0	37136
18906	78	301	267	36348	0	36994
18907	69	73	37689	269	0	38100
18908	65	54	284	36829	0	37232
18909	55	48	301	37687	0	38091
18910	59	58	37726	535	0	38378
18911	32859	47	284	392	0	33582
18912	238	38027	356	126	0	38747
18913	287	264	76	37798	0	38425
18914	99	316	38689	299	0	39403
18915	84	101	37874	328	0	38387
18916	35573	59	533	110	0	36275
18917	250	38114	348	132	0	38844
18918	275	286	83	37732	0	38376
18919	38547	275	72	292	0	39186
18920	272	53	65	38636	0	39026
18921	318	52	84	38823	0	39277
18922	97	67	39051	578	0	39793
18923	36351	68	302	384	0	37105
18924	39008	44	337	117	0	39506
18925	555	50	82	39224	0	39911
18926	39291	49	87	322	0	39749
18927	318	60	75	39173	0	39626
18928	324	38695	107	357	0	39483
18929	101	39915	108	387	0	40511
18930	134	590	94	39846	0	40664
18931	39065	347	84	357	0	39853
18932	280	70	61	39488	0	39899
18933	39916	54	65	354	0	40389
18934	39717	68	77	367	0	40229
18935	585	42	86	39781	0	40494
18936	383	56	65	40546	0	41050
18937	126	65	39659	644	0	40494
18938	119	71	40345	414	0	40949
18939	96	68	614	40103	0	40881
18940	100	64	42890	389	0	43443
18941	41663	48	411	439	0	42561
18942	344	64	438	45130	0	45976
18943	427	85	47872	454	0	48838
18944	46951	51	472	523	0	47997
18945	50929	37	545	168	0	51679
18946	999	53543	156	156	0	54854
18947	654	508	104	53979	0	55245
18948	216	632	56022	558	0	57428
18949	55082	149	550	664	0	56445
18950	57083	68	659	211	0	58021
18951	1172	93	57320	148	0	58733
18952	57467	66	575	153	0	58261
18953	674	65	639	57073	0	58451
18954	678	60	183	57871	0	58792
18955	57473	56	119	1126	0	58774
18956	57242	47	113	758	0	58160
18957	1171	256	163	56907	0	58497
18958	873	68	56900	610	0	58451
18959	244	54581	595	874	0	56294
18960	257	495	55234	256	0	56242
18961	288	611	54308	210	0	55417
18962	176	51882	1136	241	0	53435
18963	388	515	858	46242	0	48003
18964	169	445	253	46997	0	47864
18965	158	169	47122	787	0	48236
18966	156	64	437	46358	0	47015
18967	47003	45	553	524	0	48125
18968	503	100	47610	545	0	48758
18969	47087	69	442	251	0	47849
18970	48087	38	582	174	0	48881
18971	48598	40	218	154	0	49010
18972	1081	103	47859	164	0	49207
18973	761	96	47793	187	0	48837
18974	348	60	866	46848	0	48122
18975	315	107	649	44224	0	45295
18976	247	47922	222	867	0	49258
18977	47551	378	237	594	0	48760
18978	46745	471	230	246	0	47692
18979	927	47688	210	245	0	49070
18980	47714	388	218	245	0	48565
18981	573	47524	196	288	0	48581
18982	47819	475	201	199	0	48694
18983	578	473	198	45750	0	46999
18984	627	192	46844	525	0	48188
18985	318	166	46532	564	0	47580
18986	247	160	883	45760	0	47050
18987	240	83	732	46369	0	47424
18988	261	120	46166	863	0	47410
18989	247	101	549	44997	0	45894
18990	248	80	644	46075	0	47047
18991	45453	88	344	917	0	46802
18992	45564	73	256	696	0	46589
18993	45179	90	203	331	0	45803
18994	1095	105	44563	212	0	45975
18995	734	44708	553	273	0	46268
18996	405	427	590	44396	0	45818
18997	407	507	45860	478	0	47252
18998	317	46116	547	587	0	47567
18999	46369	453	621	264	0	47707
19000	637	540	290	46332	0	47799
19001	728	213	218	46922	0	48081
19002	46675	152	216	967	0	48010
19003	584	156	253	46825	0	47818
19004	695	145	241	46914	0	47995
19005	46939	137	202	1026	0	48304
19006	660	180	46499	784	0	48123
19007	707	46165	560	484	0	47916
19008	46101	464	632	307	0	47504
19009	692	531	46937	334	0	48494
19010	45546	194	589	362	0	46691
19011	725	47437	731	344	0	49237
19012	47135	451	351	325	0	48262
19013	46671	538	297	352	0	47858
19014	45865	224	289	301	0	46679
19015	1123	165	268	44847	0	46403
19016	831	260	278	44425	0	45794
19017	441	44917	285	1058	0	46701
19018	402	45087	299	791	0	46579
19019	386	45753	256	440	0	46835
19020	44788	850	244	348	0	46230
19021	647	594	44376	318	0	45935
19022	737	231	471	43836	0	45275
19023	403	156	604	43327	0	44490
19024	325	44448	305	973	0	46051
19025	328	493	234	44511	0	45566
19026	349	569	268	43690	0	44876
19027	341	45200	243	968	0	46752
19028	44116	494	303	716	0	45629
19029	626	45675	247	420	0	46968
19030	718	588	44356	304	0	45966
19031	43247	538	468	320	0	44573
19032	648	45197	591	358	0	46794
19033	44113	452	265	274	0	45104
19034	692	544	190	44239	0	45665
19035	717	242	205	44416	0	45580
19036	426	226	44220	822	0	45694
19037	441	217	43952	591	0	45201
19038	335	404	720	43043	0	44502
19039	42909	162	553	476	0	44100
19040	40994	143	271	484	0	41892
19041	788	42428	166	331	0	43713
19042	498	40294	129	209	0	41130
19043	212	38745	115	129	0	39201
19044	827	1098	517	35132	0	37574
19045	34717	275	567	402	0	35961
19046	34161	44	34	217	0	34456
19047	34024	22	27	68	0	34141
19048	419	45	33391	58	0	33913
19049	263	38421	201	76	0	38961
19050	64	225	216	41491	0	41996
19051	41962	308	71	268	0	42609
19052	286	68	27	42596	0	42977
19053	401	28	26	43885	0	44340
19054	44074	43	30	690	0	44837
19055	46334	28	40	462	0	46864
19056	811	45	47360	93	0	48309
19057	545	48	368	46990	0	47951
19058	127	47	47681	405	0	48260
19059	83	51	401	47270	0	47805
19060	101	70	47401	490	0	48062
19061	58	114	409	46822	0	47403
19062	45256	38	492	449	0	46235
19063	362	46382	91	579	0	47414
19064	498	47663	46	163	0	48370
19065	200	928	53	41068	0	42249
19066	54	48400	38	349	0	48841
19067	47641	426	51	420	0	48538
19068	46108	501	44	105	0	46758
19069	895	105	46569	63	0	47632
19070	541	46360	401	126	0	47428
19071	122	373	501	46390	0	47386
19072	103	522	46839	399	0	47863
19073	45381	83	429	517	0	46410
19074	419	73	504	46562	0	47558
19075	556	93	46974	410	0	48033
19076	104	47	403	46940	0	47494
19077	46592	41	546	477	0	47656
19078	455	51	46640	558	0	47704
19079	45875	53	412	113	0	46453
19080	46571	54	542	68	0	47235
19081	898	56	90	46100	0	47144
19082	612	72	46524	448	0	47656
19083	137	84	45780	560	0	46561
19084	44677	46	912	152	0	45787
19085	45903	37	575	128	0	46643
19086	990	60	46084	98	0	47232
19087	633	64	447	44960	0	46104
19088	190	54	562	43753	0	44559
19089	118	46426	149	926	0	47619
19090	138	428	83	46465	0	47114
19091	46060	520	109	540	0	47229
19092	521	87	91	46564	0	47263
19093	639	96	45810	551	0	47096
19094	43209	65	484	645	0	44403
19095	518	59	589	44933	0	46099
19096	667	108	45214	505	0	46494
19097	174	44532	477	683	0	45866
19098	42854	434	583	245	0	44116
19099	494	44827	174	229	0	45724
19100	43895	470	109	195	0	44669
19101	610	581	43732	203	0	45126
19102	658	42848	481	212	0	44199
19103	224	43757	616	203	0	44800
19104	236	945	217	42340	0	43738
19105	178	596	125	42959	0	43858
19106	184	142	42726	1025	0	44077
19107	190	98	506	42616	0	43410
19108	41895	94	637	607	0	43233
19109	561	116	41558	682	0	42917
19110	647	112	554	41103	0	42416
19111	247	158	41584	591	0	42580
19112	38858	129	571	741	0	40299
19113	544	41066	662	321	0	42593
19114	41490	494	221	264	0	42469
19115	41430	589	156	265	0	42440
19116	42023	153	174	239	0	42589
19117	1175	148	40544	225	0	42092
19118	771	40555	573	258	0	42157
19119	267	517	695	40075	0	41554
19120	241	594	276	41680	0	42791
19121	42448	147	220	1116	0	43931
19122	669	122	227	43006	0	44024
19123	43402	127	262	723	0	44514
19124	42921	116	332	802	0	44171
19125	43585	146	198	313	0	44242
19126	43483	160	239	217	0	44099
19127	1282	140	203	42011	0	43636
19128	42293	145	208	678	0	43324
19129	805	140	41012	783	0	42740
19130	41111	136	644	282	0	42173
19131	41399	130	772	214	0	42515
19132	1328	164	40481	530	0	42503
19133	41235	118	628	243	0	42224
19134	41690	126	783	205	0	42804
19135	1288	91	261	40873	0	42513
19136	908	95	219	41150	0	42372
19137	40059	436	263	1193	0	41951
19138	743	110	220	40686	0	41759
19139	896	78	213	39377	0	40564
19140	327	38612	250	1235	0	40424
19141	323	419	198	37917	0	38857
19142	36718	520	178	620	0	38036
19143	662	100	165	36798	0	37725
19144	714	86	202	35352	0	36354
19145	311	34339	215	1009	0	35874
19146	310	387	163	33577	0	34437
19147	331	490	158	33018	0	33997
19148	31763	111	163	886	0	32923
19149	505	402	96	25752	0	26755
19150	422	58	22923	334	0	23737
19151	133	21754	277	367	0	22531
19152	105	21373	283	114	0	21875
19153	20074	446	139	75	0	20734
19154	254	20548	79	106	0	20987
19155	17588	138	245	60	0	18031
19156	175	17626	46	71	0	17918
19157	17989	151	59	54	0	18253
19158	201	172	18	18120	0	18511
19159	214	42	15	18130	0	18401
19160	74	18374	26	364	0	18838
19161	67	188	25	18703	0	18983
19162	62	192	18877	215	0	19346
19163	17767	45	163	226	0	18201
19164	180	19941	207	95	0	20423
19165	19720	181	28	56	0	19985
19166	19693	231	19	39	0	19982
19167	19979	39	16	61	0	20095
19168	438	32	17	19475	0	19962
19169	289	35	16	19130	0	19470
19170	63	19707	18	445	0	20233
19171	19601	187	13	277	0	20078
19172	204	20005	32	94	0	20335
19173	20069	215	22	60	0	20366
19174	257	242	20193	48	0	20740
19175	20664	42	199	47	0	20952
19176	277	21	243	20906	0	21447
19177	314	46	21001	245	0	21606
19178	98	42	21080	295	0	21515
19179	67	38	485	20993	0	21583
19180	81	31	21477	247	0	21836
19181	71	48	248	21120	0	21487
19182	19803	22	278	290	0	20393
19183	252	40	59	20770	0	21121
19184	330	31	20454	271	0	21086
19185	86	20128	229	346	0	20789
19186	65	20409	294	102	0	20870
19187	88	502	78	19823	0	20491
19188	19949	306	72	262	0	20589
19189	240	54	32	20289	0	20615
19190	291	32	29	20340	0	20692
19191	93	42	24	20662	0	20821
19192	66	31	23	20867	0	20987
19193	69	43	20545	535	0	21192
19194	71	34	20201	344	0	20650
19195	20028	45	458	114	0	20645
19196	20541	36	308	77	0	20962
19197	494	39	57	20369	0	20959
19198	340	31	34	20627	0	21032
19199	111	44	20431	521	0	21107
19200	66	20503	225	376	0	21170
19201	20408	218	289	125	0	21040
19202	20585	293	54	85	0	21017
19203	498	72	41	20488	0	21099
19204	338	63	20696	283	0	21380
19205	120	51	236	19632	0	20039
19206	85	20513	296	262	0	21156
19207	97	230	20479	305	0	21111
19208	19990	285	236	108	0	20619
19209	271	69	291	20691	0	21322
19210	21046	46	70	289	0	21451
19211	288	65	20474	331	0	21158
19212	20463	48	257	123	0	20891
19213	292	65	309	20458	0	21124
19214	20622	52	70	274	0	21018
19215	317	50	48	19991	0	20406
19216	334	19688	73	315	0	20410
19217	114	20082	72	336	0	20604
19218	84	596	71	19573	0	20324
19219	91	302	19361	268	0	20022
19220	72	19010	233	309	0	19624
19221	184	257	288	17647	0	18376
19222	17223	212	118	234	0	17787
19223	17110	44	52	281	0	17487
19224	386	33	46	17114	0	17579
19225	272	45	46	16921	0	17284
19226	87	16726	69	414	0	17296
19227	81	17156	48	302	0	17587
19228	16873	365	52	126	0	17416
19229	200	258	59	16828	0	17345
19230	258	63	41	16917	0	17279
19231	93	47	16770	456	0	17366
19232	59	29	200	16600	0	16888
19233	69	38	263	16393	0	16763
19234	66	29	77	16660	0	16832
19235	75	51	16485	455	0	17066
19236	59	39	203	16629	0	16930
19237	16368	39	264	271	0	16942
19238	195	35	16166	333	0	16729
19239	16830	45	207	144	0	17226
19240	211	35	268	17102	0	17616
19241	291	38	68	17502	0	17899
19242	88	33	63	18135	0	18319
19243	79	27	17697	497	0	18300
19244	16491	29	232	373	0	17125
19245	249	18501	285	153	0	19188
19246	18565	200	91	121	0	18977
19247	261	18920	73	110	0	19364
19248	282	236	59	18753	0	19330
19249	18838	271	45	283	0	19437
19250	262	72	18546	313	0	19193
19251	18006	52	230	124	0	18412
19252	291	57	18866	110	0	19324
19253	300	99	255	18301	0	18955
19254	110	37	18460	281	0	18888
19255	78	18067	253	300	0	18698
19256	161	236	309	17043	0	17749
19257	16559	244	108	292	0	17203
19258	193	53	46	15963	0	16255
19259	210	16012	49	230	0	16501
19260	79	168	52	16085	0	16384
19261	15762	185	36	220	0	16203
19262	15279	50	34	235	0	15598
19263	360	15349	57	114	0	15880
19264	178	14337	29	53	0	14597
19265	82	273	35	13989	0	14379
19266	64	147	32	14089	0	14332
19267	13952	42	18	279	0	14291
19268	13653	34	23	172	0	13882
19269	243	14031	41	67	0	14382
19270	170	157	23	13561	0	13911
19271	56	166	19	13685	0	13926
19272	61	39	13695	269	0	14064
19273	44	13556	131	189	0	13920
19274	37	13173	125	69	0	13404
19275	70	229	42	12441	0	12782
19276	33	115	12484	109	0	12741
19277	38	36	12405	109	0	12588
19278	28	29	190	12235	0	12482
19279	28	27	109	12438	0	12602
19280	37	25	12468	192	0	12722
19281	46	19	124	12515	0	12704
19282	27	20	12781	153	0	12981
19283	12851	79	137	127	0	13194
19284	126	30	108	13249	0	13513
19285	136	24	13600	162	0	13922
19286	55	22	13736	150	0	13963
19287	43	37	249	14311	0	14640
19288	41	45	15529	184	0	15799
19289	40	34	15804	194	0	16072
19290	26	15396	317	94	0	15833
19291	15755	164	169	53	0	16141
19292	180	166	16175	42	0	16563
19293	174	61	176	15587	0	15998
19294	34	29	177	16340	0	16580
19295	23	27	28	16727	0	16805
19296	36	30	16340	367	0	16773
19297	26	30	172	16117	0	16345
19298	16112	26	174	208	0	16520
19299	171	22	38	16106	0	16337
19300	176	29	16093	216	0	16514
19301	41	20	188	16046	0	16295
19302	16053	14	197	222	0	16486
19303	16341	27	51	211	0	16630
19304	16283	21	39	70	0	16413
19305	339	16	43	16101	0	16499
19306	16276	15	53	188	0	16532
19307	16127	10	34	210	0	16381
19308	16208	13	46	76	0	16343
19309	345	15809	47	63	0	16264
19310	15865	160	41	62	0	16128
19311	209	161	44	15775	0	16189
19312	196	38	15781	201	0	16216
19313	60	15771	191	217	0	16239
19314	15688	176	204	74	0	16142
19315	184	170	69	15662	0	16085
19316	200	42	58	15070	0	15370
19317	62	15556	54	329	0	16001
19318	32	15885	75	248	0	16240
19319	15160	313	47	85	0	15605
19320	188	15524	46	76	0	15834
19321	14998	168	41	62	0	15269
19322	189	15133	52	68	0	15442
19323	14742	164	37	70	0	15013
19324	181	15047	35	91	0	15354
19325	170	15338	50	89	0	15647
19326	15176	285	46	56	0	15563
19327	204	185	14999	59	0	15447
19328	201	15209	163	65	0	15638
19329	72	183	185	15082	0	15522
19330	66	165	50	15553	0	15834
19331	57	41	43	15526	0	15667
19332	86	29	39	15726	0	15880
19333	101	35	15601	340	0	16077
19334	15049	24	157	230	0	15460
19335	205	29	179	15999	0	16412
19336	16390	31	68	183	0	16672
19337	16830	37	32	220	0	17119
19338	17095	40	41	70	0	17246
19339	16565	46	31	67	0	16709
19340	381	36	16307	69	0	16793
19341	232	57	178	15822	0	16289
19342	91	46	16225	196	0	16558
19343	69	15895	200	249	0	16413
19344	120	265	273	14540	0	15198
19345	73	196	61	14971	0	15301
19346	46	40	35	15044	0	15165
19347	50	27	37	14831	0	14945
19348	52	34	14564	345	0	14995
19349	42	30	162	14569	0	14803
19350	57	33	201	14724	0	15015
19351	14703	36	49	343	0	15131
19352	14970	28	48	234	0	15280
19353	359	30	46	15117	0	15552
19354	250	34	49	15272	0	15605
19355	76	29	48	15514	0	15667
19356	15278	27	53	414	0	15772
19357	15499	25	42	291	0	15857
19358	15509	22	55	103	0	15689
19359	15431	31	46	93	0	15601
19360	398	15405	37	94	0	15934
19361	15551	156	34	88	0	15829
19362	15457	207	42	75	0	15781
19363	399	33	22	15084	0	15538
19364	289	34	33	14970	0	15326
19365	14659	28	32	389	0	15108
19366	218	14474	39	298	0	15029
19367	271	14836	35	115	0	15257
19368	14996	327	36	80	0	15439
19369	239	221	26	15065	0	15551
19370	290	37	26	15164	0	15517
19371	87	39	27	15457	0	15610
19372	90	43	16	15318	0	15467
19373	100	43	23	14999	0	15165
19374	98	14737	23	395	0	15253
19375	81	155	13	14560	0	14809
19376	14385	198	15	207	0	14805
19377	185	47	25	14338	0	14595
19378	242	41	21	14250	0	14554
19379	13989	58	24	355	0	14426
19380	196	14140	23	270	0	14629
19381	242	238	24	13649	0	14153
19382	86	14062	30	186	0	14364
19383	66	408	26	13276	0	13776
19384	93	180	13183	162	0	13618
19385	11823	97	129	203	0	12252
19386	129	12352	138	86	0	12705
19387	11488	83	22	42	0	11635
19388	129	125	11041	60	0	11355
19389	134	154	81	9841	0	10210
19390	31	10212	109	106	0	10458
19391	28	10406	35	144	0	10613
19392	9935	161	38	65	0	10199
19393	104	118	20	9958	0	10200
19394	118	28	10543	110	0	10799
19395	47	18	69	10710	0	10844
19396	45	12	10852	118	0	11027
19397	10149	17	92	134	0	10392
19398	111	16	10998	63	0	11188
19399	126	16	89	10589	0	10820
19400	49	11192	109	116	0	11466
19401	34	79	16	10855	0	10984
19402	47	11314	17	118	0	11496
19403	11449	87	27	127	0	11690
19404	107	109	14	11857	0	12087
19405	144	33	12043	119	0	12339
19406	57	17	11744	163	0	11981
19407	11739	23	180	72	0	12014
19408	12400	26	103	67	0	12596
19409	12472	15	19	60	0	12566
19410	12377	17	21	64	0	12479
19411	199	12382	19	72	0	12672
19412	12565	82	12	79	0	12738
19413	12498	108	22	48	0	12676
19414	217	34	12399	61	0	12711
19415	148	35	77	12203	0	12463
19416	12476	21	97	127	0	12721
19417	126	36	12406	149	0	12717
19418	144	25	80	12253	0	12502
19419	68	34	13018	135	0	13255
19420	64	16	85	12494	0	12659
19421	51	13222	114	133	0	13520
19422	13309	102	23	132	0	13566
19423	129	124	13083	63	0	13399
19424	12866	29	78	60	0	13033
19425	120	36	107	13069	0	13332
19426	13222	20	16	136	0	13394
19427	136	26	11	13214	0	13387
19428	14333	40	12	155	0	14540
19429	122	37	14228	157	0	14544
19430	14918	31	78	89	0	15116
19431	118	33	109	15400	0	15660
19432	123	28	27	15497	0	15675
19433	15365	24	25	202	0	15616
19434	118	21	16	15433	0	15588
19435	113	32	15243	124	0	15512
19436	47	62	71	14935	0	15115
19437	14283	22	86	111	0	14502
19438	91	14338	31	112	0	14572
19439	87	14255	25	51	0	14418
19440	14016	117	18	36	0	14187
19441	74	15055	15	41	0	15185
19442	102	74	20	14698	0	14894
19443	14960	60	42	80	0	15142
19444	14873	18	11	71	0	14973
19445	14743	16	8	27	0	14794
19446	115	20	15083	25	0	15243
19447	68	33	52	14820	0	14973
19448	22	15344	65	76	0	15507
19449	32	62	17	15352	0	15463
19450	38	68	15835	55	0	15996
19451	17	15673	61	77	0	15828
19452	43	98	65	15460	0	15666
19453	15136	56	22	46	0	15260
19454	49	15504	13	72	0	15638
19455	64	44	16205	25	0	16338
19456	19	52	66	15944	0	16081
19457	27	13	16487	62	0	16589
19458	19	14	64	15861	0	15958
19459	16658	3	73	77	0	16811
19460	64	5	16	16741	0	16826
19461	16940	7	5	73	0	17025
19462	16914	10	10	91	0	17025
19463	127	17672	17	33	0	17849
19464	17904	58	14	23	0	17999
19465	74	18053	19	22	0	18168
19466	97	67	18328	27	0	18519
19467	36	78	76	18341	0	18531
19468	20	16	88	20036	0	20160
19469	26	26	19793	179	0	20024
19470	20	19807	90	124	0	20041
19471	19984	81	104	36	0	20205
19472	20372	110	20	22	0	20524
19473	218	17	14	20779	0	21028
19474	130	9	10	20929	0	21078
19475	31	15	11	21347	0	21404
19476	21025	5	23	205	0	21258
19477	108	38	20886	142	0	21174
19478	137	33	21123	35	0	21328
19479	36	9	214	21202	0	21461
19480	34	25	21432	110	0	21601
19481	29	18	21374	137	0	21558
19482	22	14	201	20443	0	20680
19483	43	21	21965	112	0	22141
19484	28	21904	102	184	0	22218
19485	31	97	124	22151	0	22403
19486	39	125	22700	111	0	22975
19487	25	28	106	22173	0	22332
19488	19	22203	140	130	0	22492
19489	25	87	30	22550	0	22692
19490	49	131	22906	120	0	23206
19491	26	38	108	22240	0	22412
19492	22343	18	148	155	0	22664
19493	115	16	22722	152	0	23005
19494	20841	20	96	53	0	21010
19495	111	22676	147	34	0	22968
19496	22856	91	43	33	0	23023
19497	106	148	17	22884	0	23155
19498	147	23063	39	131	0	23380
19499	23620	99	30	169	0	23918
19500	106	145	26	23913	0	24190
19501	174	39	24249	130	0	24592
19502	35	24491	122	191	0	24839
19503	51	122	180	24468	0	24821
19504	24303	160	27	139	0	24629
19505	23858	29	22	175	0	24084
19506	270	19	27	23865	0	24181
19507	187	21	23819	136	0	24163
19508	21783	25	127	196	0	22131
19509	139	32	23936	47	0	24154
19510	179	17	128	23393	0	23717
19511	23936	16	174	144	0	24270
19512	120	24022	46	199	0	24387
19513	24175	117	42	54	0	24388
19514	154	188	23741	52	0	24135
19515	23849	31	138	44	0	24062
19516	138	32	178	24280	0	24628
19517	200	19	44	24642	0	24905
19518	86	37	24596	292	0	25011
19519	45	18	132	23922	0	24117
19520	24310	23	182	169	0	24684
19521	146	27	41	24344	0	24558
19522	189	24869	54	163	0	25275
19523	59	118	26	24433	0	24636
19524	38	25109	66	176	0	25389
19525	61	142	24626	200	0	25029
19526	22925	177	151	91	0	23344
19527	146	39	196	25104	0	25485
19528	216	44	24213	151	0	24624
19529	40	24089	144	239	0	24512
19530	53	136	188	23466	0	23843
19531	51	177	62	23670	0	23960
19532	23566	49	51	307	0	23973
19533	155	24	45	24009	0	24233
19534	24168	35	47	185	0	24435
19535	23966	45	43	221	0	24275
19536	321	24284	49	103	0	24757
19537	24787	150	39	70	0	25046
19538	193	194	44	26225	0	26656
19539	244	60	26410	204	0	26918
19540	26080	26	188	288	0	26582
19541	198	31	255	25868	0	26352
19542	291	80	25788	205	0	26364
19543	24620	31	185	287	0	25123
19544	211	39	243	25585	0	26078
19545	287	26313	81	207	0	26888
19546	106	184	41	25234	0	25565
19547	69	26289	58	203	0	26619
19548	25770	193	49	281	0	26293
19549	236	270	26413	101	0	27020
19550	280	26137	198	103	0	26718
19551	97	185	252	26106	0	26640
19552	80	247	26237	201	0	26765
19553	94	79	25752	275	0	26200
19554	74	26052	401	131	0	26658
19555	138	252	295	24903	0	25588
19556	81	229	63	25280	0	25653
19557	68	68	46	29087	0	29269
19558	29535	44	53	525	0	30157
19559	355	45	31304	384	0	32088
19560	361	31463	351	147	0	32322
19561	110	329	384	30885	0	31708
19562	94	385	98	31914	0	32491
19563	121	78	31601	724	0	32524
19564	88	139	366	31469	0	32062
19565	95	51	31597	440	0	32183
19566	111	63	30382	434	0	30990
19567	116	49	30116	134	0	30415
19568	106	49	686	28202	0	29043
19569	68	58	432	29163	0	29721
19570	70	54	78	30070	0	30272
19571	29435	52	74	707	0	30268
19572	327	29294	97	486	0	30204
19573	29953	356	74	126	0	30509
19574	29641	352	65	132	0	30190
19575	30167	87	80	113	0	30447
19576	693	30285	102	154	0	31234
19577	30613	335	100	113	0	31161
19578	30525	389	68	118	0	31100
19579	720	79	93	30116	0	31008
19580	457	86	73	30426	0	31042
19581	144	59	79	31176	0	31458
19582	98	101	30487	799	0	31485
19583	29303	59	420	517	0	30299
19584	400	83	436	30160	0	31079
19585	29721	52	151	489	0	30413
19586	387	29484	136	538	0	30545
19587	415	358	140	29633	0	30546
19588	129	391	134	30086	0	30740
19589	29640	92	143	799	0	30674
19590	388	97	103	29876	0	30464
19591	29350	84	93	515	0	30042
19592	29052	89	89	523	0	29753
19593	744	28729	105	207	0	29785
19594	478	29112	99	185	0	29874
19595	194	842	105	27808	0	28949
19596	152	29086	109	415	0	29762
19597	156	447	100	28895	0	29598
19598	160	411	28396	450	0	29417
19599	141	126	27704	476	0	28447
19600	26110	97	655	257	0	27119
19601	26695	60	414	217	0	27386
19602	705	26575	164	199	0	27643
19603	26556	337	124	183	0	27200
19604	422	27325	130	187	0	28064
19605	423	370	113	27218	0	28124
19606	140	379	127	27472	0	28118
19607	133	100	118	27705	0	28056
19608	115	77	136	27876	0	28204
19609	27056	61	144	818	0	28079
19610	374	27170	164	583	0	28291
19611	27403	334	128	260	0	28125
19612	27392	363	130	229	0	28114
19613	770	121	27058	208	0	28157
19614	26405	104	339	225	0	27073
19615	483	26709	378	218	0	27788
19616	483	401	101	26635	0	27620
19617	223	452	95	25621	0	26391
19618	182	26538	109	729	0	27558
19619	26687	382	131	503	0	27703
19620	494	398	26371	233	0	27496
19621	25748	132	407	243	0	26530
19622	557	113	26291	264	0	27225
19623	531	116	444	25869	0	26960
19624	240	150	452	26452	0	27294
19625	220	137	175	26965	0	27497
19626	26468	154	167	946	0	27735
19627	471	130	26711	711	0	28023
19628	26531	120	457	387	0	27495
19629	26861	114	482	387	0	27844
19630	26936	108	243	346	0	27633
19631	26857	94	235	321	0	27507
19632	833	103	223	26367	0	27526
19633	558	97	26074	588	0	27317
19634	321	163	430	25757	0	26671
19635	285	104	25818	596	0	26803
19636	303	138	25060	556	0	26057
19637	277	25035	586	306	0	26204
19638	345	401	353	22710	0	23809
19639	319	388	77	23206	0	23990
19640	307	180	64	22078	0	22629
19641	329	140	81	23408	0	23958
19642	23136	125	87	627	0	23975
19643	23133	97	90	418	0	23738
19644	723	84	81	22799	0	23687
19645	477	90	22404	548	0	23519
19646	229	78	312	22797	0	23416
19647	201	84	313	23042	0	23640
19648	246	92	22723	728	0	23789
19649	218	75	325	22342	0	22960
19650	22293	97	293	483	0	23166
19651	22240	117	76	475	0	22908
19652	22504	113	61	275	0	22953
19653	664	115	56	22087	0	22922
19654	21985	81	65	493	0	22624
19655	21603	72	95	461	0	22231
19656	681	93	21208	224	0	22206
19657	267	51	17183	109	0	17610
19658	112	41	17073	76	0	17302
19659	14220	36	165	39	0	14460
19660	70	14982	95	41	0	15188
19661	14626	41	90	19	0	14776
19662	62	16097	23	42	0	16224
19663	74	53	25	16018	0	16170
19664	23	53	14	16269	0	16359
19665	14	15	16	16466	0	16511
19666	31	20	16345	124	0	16520
19667	15077	12	57	82	0	15228
19668	70	19	63	16303	0	16455
19669	72	16	16301	60	0	16449
19670	29	19	15670	68	0	15786
19671	15230	13	100	31	0	15374
19672	49	16425	66	35	0	16575
19673	16101	40	43	35	0	16219
19674	16017	38	14	22	0	16091
19675	78	16083	14	30	0	16205
19676	15772	38	25	28	0	15863
19677	54	46	16436	29	0	16565
19678	58	21	16126	16	0	16221
19679	29	15	16779	22	0	16845
19680	31	80	106	16346	0	16563
19681	24	21	16921	41	0	17007
19682	16049	16	63	48	0	16176
19683	16592	6	44	21	0	16663
19684	84	17	16957	27	0	17085
19685	54	7	37	16688	0	16786
19686	16949	7	42	47	0	17045
19687	49	18166	31	54	0	18300
19688	43	18548	18	37	0	18646
19689	18536	60	21	19	0	18636
19690	39	48	18953	24	0	19064
19691	39	93	29	18214	0	18375
19692	19	3	31	18696	0	18749
19693	9	7	13	18919	0	18948
19694	6	19111	9	69	0	19195
19695	11	38	9	19052	0	19110
19696	20163	26	10	52	0	20251
19697	50	7	3	20604	0	20664
19698	42	21128	16	63	0	21249
19699	21650	54	4	75	0	21783
19700	54	61	4	21814	0	21933
19701	63	12	2	22747	0	22824
19702	23345	6	19	124	0	23494
19703	23473	8	8	81	0	23570
19704	150	8	8	23805	0	23971
19705	24585	5	3	101	0	24694
19706	24502	7	6	119	0	24634
19707	202	25254	18	31	0	25505
19708	25395	95	4	19	0	25513
19709	107	25378	10	29	0	25524
19710	143	104	5	25359	0	25611
19711	51	146	26070	102	0	26369
19712	29	26	96	25850	0	26001
19713	19	14	131	26198	0	26362
19714	14	12	18	26973	0	27017
19715	26729	5	13	278	0	27025
19716	114	26880	23	218	0	27235
19717	27609	108	5	44	0	27766
19718	144	28875	24	70	0	29113
19719	29454	140	6	32	0	29632
19720	29361	172	3	35	0	29571
19721	29593	33	7	20	0	29653
19722	29400	19	9	24	0	29452
19723	350	38	29573	20	0	29981
19724	216	7	141	29234	0	29598
19725	54	18	188	30624	0	30884
19726	49	32	30338	341	0	30760
19727	28988	12	169	248	0	29417
19728	178	15	203	30240	0	30636
19729	249	26	30078	191	0	30544
19730	81	35	29743	225	0	30084
19731	47	28	367	30437	0	30879
19732	64	37	31662	203	0	31966
19733	45	10	208	30957	0	31220
19734	48	19	233	31233	0	31533
19735	62	32	31007	413	0	31514
19736	28575	19	192	290	0	29076
19737	198	15	236	30878	0	31327
19738	274	39	31419	220	0	31952
19739	68	34	186	31502	0	31790
19740	31503	15	244	224	0	31986
19741	225	33	31503	269	0	32030
19742	30414	19	195	95	0	30723
19743	32100	18	236	61	0	32415
19744	422	19	51	32148	0	32640
19745	285	32	42	31872	0	32231
19746	106	44	32057	420	0	32627
19747	80	31	184	32035	0	32330
19748	73	25	251	30836	0	31185
19749	80	24	66	32301	0	32471
19750	87	37	31725	443	0	32292
19751	30416	26	210	331	0	30983
19752	31797	19	256	117	0	32189
19753	32586	30	70	94	0	32780
19754	33308	28	49	103	0	33488
19755	482	17	54	33345	0	33898
19756	33475	34	46	249	0	33804
19757	33335	19	54	315	0	33723
19758	30644	54	94	134	0	30926
19759	33530	11	56	114	0	33711
19760	431	33572	80	122	0	34205
19761	33916	179	54	95	0	34244
19762	32983	241	48	105	0	33377
19763	486	33086	73	114	0	33759
19764	33357	214	67	85	0	33723
19765	314	276	55	33242	0	33887
19766	363	42	42	33337	0	33784
19767	33082	39	60	514	0	33695
19768	271	32890	74	376	0	33611
19769	349	32811	60	158	0	33378
19770	114	470	61	33318	0	33963
19771	140	289	33685	279	0	34393
19772	101	56	247	33026	0	33430
19773	85	30	311	33716	0	34142
19774	33191	24	74	544	0	33833
19775	33295	17	72	364	0	33748
19776	537	25	70	33381	0	34013
19777	384	39	33144	315	0	33882
19778	141	23	252	33621	0	34037
19779	33898	20	320	323	0	34561
19780	326	37	35550	388	0	36301
19781	374	35820	309	148	0	36651
19782	36517	252	354	103	0	37226
19783	350	320	62	36528	0	37260
19784	415	38	77	36469	0	36999
19785	139	29	64	37589	0	37821
19786	133	53	36845	659	0	37690
19787	31409	30	322	519	0	32280
19788	372	57	35521	153	0	36103
19789	427	35262	305	170	0	36164
19790	139	254	395	35116	0	35904
19791	122	343	94	35454	0	36013
19792	140	76	66	37221	0	37503
19793	127	62	36898	733	0	37820
19794	131	45	36497	515	0	37188
19795	125	59	37664	181	0	38029
19796	102	37384	706	168	0	38360
19797	205	316	499	36982	0	38002
19798	38108	385	129	355	0	38977
19799	39618	62	92	484	0	40256
19800	835	61	41982	132	0	43010
19801	600	42033	419	233	0	43285
19802	224	398	42622	102	0	43346
19803	113	43693	446	130	0	44382
19804	41861	500	732	185	0	43278
19805	41258	481	133	131	0	42003
19806	793	41563	112	117	0	42585
19807	41690	351	76	96	0	42213
19808	459	459	62	41018	0	41998
19809	509	94	68	41313	0	41984
19810	41269	60	53	788	0	42170
19811	40040	47	45	548	0	40680
19812	40015	37	55	151	0	40258
19813	857	39986	65	128	0	41036
19814	526	40702	93	137	0	41458
19815	40503	749	56	80	0	41388
19816	426	503	40427	72	0	41428
19817	505	313	360	39087	0	40265
19818	38237	60	484	358	0	39139
19819	390	37903	111	497	0	38901
19820	485	38775	72	141	0	39473
19821	38816	695	60	80	0	39651
19822	406	484	38201	66	0	39157
19823	36871	187	365	71	0	37494
19824	438	89	37548	62	0	38137
19825	478	96	37073	51	0	37698
19826	177	120	696	36317	0	37310
19827	131	82	38064	301	0	38578
19828	36682	66	392	401	0	37541
19829	37843	65	430	105	0	38443
19830	38288	61	119	81	0	38549
19831	37946	51	79	82	0	38158
19832	773	48	62	36897	0	37780
19833	37057	63	68	325	0	37513
19834	419	36985	90	433	0	37927
19835	530	318	71	34985	0	35904
19836	163	37852	92	308	0	38415
19837	38461	358	50	385	0	39254
19838	38029	414	66	122	0	38631
19839	746	107	72	38015	0	38940
19840	38616	92	79	343	0	39130
19841	38404	77	98	431	0	39010
19842	780	87	84	38241	0	39192
19843	564	87	85	38151	0	38887
19844	234	89	63	38916	0	39302
19845	206	82	38014	754	0	39056
19846	181	107	36959	509	0	37756
19847	201	87	37946	148	0	38382
19848	153	94	767	37343	0	38357
19849	177	90	38881	383	0	39531
19850	183	63	423	38144	0	38813
19851	203	88	40862	413	0	41566
19852	204	92	39839	477	0	40612
19853	37582	94	759	184	0	38619
19854	412	39347	518	174	0	40451
19855	39803	326	196	116	0	40441
19856	468	423	134	39295	0	40320
19857	570	115	129	39479	0	40293
19858	228	144	39652	737	0	40761
19859	181	39591	388	592	0	40752
19860	196	403	473	39748	0	40820
19861	239	446	40362	375	0	41422
19862	181	39710	377	490	0	40758
19863	264	348	464	39412	0	40488
19864	39168	401	227	362	0	40158
19865	39014	141	139	439	0	39733
19866	750	94	135	39103	0	40082
19867	39433	100	130	362	0	40025
19868	457	39632	138	483	0	40710
19869	554	325	125	39854	0	40858
19870	265	458	40850	379	0	41952
19871	259	154	354	40723	0	41490
19872	227	116	41373	435	0	42151
19873	38143	133	411	519	0	39206
19874	501	137	434	40594	0	41666
19875	539	41563	181	452	0	42735
19876	292	506	112	42628	0	43538
19877	264	442	42334	456	0	43496
19878	264	149	41879	496	0	42788
19879	239	121	41196	187	0	41743
19880	37295	239	850	167	0	38551
19881	384	39587	501	166	0	40638
19882	426	321	163	38597	0	39507
19883	38970	345	169	359	0	39843
19884	358	39286	177	423	0	40244
19885	40756	297	142	193	0	41388
19886	40692	361	179	128	0	41360
19887	41634	125	134	117	0	42010
19888	41833	68	140	151	0	42192
19889	715	97	41081	106	0	41999
19890	39362	53	354	146	0	39915
19891	418	71	41037	106	0	41632
19892	33942	77	410	117	0	34546
19893	392	133	360	38898	0	39783
19894	396	59	38507	283	0	39245
19895	174	37926	286	339	0	38725
19896	318	1803	361	34391	0	36873
19897	135	37037	138	221	0	37531
19898	125	36670	111	263	0	37169
19899	32175	327	257	140	0	32899
19900	200	125	31875	43	0	32243
19901	116	31050	110	43	0	31319
19902	30045	126	236	33	0	30440
19903	87	30824	49	38	0	30998
19904	30829	82	24	25	0	30960
19905	114	122	17	30502	0	30755
19906	30887	17	22	96	0	31022
19907	93	24	20	30563	0	30700
19908	30893	12	25	97	0	31027
19909	101	35	18	30751	0	30905
19910	87	32231	29	121	0	32468
19911	38	101	16	32679	0	32834
19912	32517	77	20	100	0	32714
19913	93	32586	38	104	0	32821
19914	83	95	26	32482	0	32686
19915	32773	79	15	109	0	32976
19916	105	23	18	33134	0	33280
19917	86	32	21	33299	0	33438
19918	58	35	33799	165	0	34057
19919	50	37	33100	92	0	33279
19920	39	38	144	32656	0	32877
19921	49	39	34611	114	0	34813
19922	37	27	95	34202	0	34361
19923	47	33	81	32742	0	32903
19924	42	32	22	34789	0	34885
19925	52	56	34842	159	0	35109
19926	46	28	95	33247	0	33416
19927	43	25	82	33930	0	34080
19928	35	34868	41	181	0	35125
19929	43	107	19	35192	0	35361
19930	35044	80	27	126	0	35277
19931	108	31	23	35690	0	35852
19932	118	44	41180	160	0	41502
19933	37612	24	267	190	0	38093
19934	259	44300	256	104	0	44919
19935	276	282	47	44723	0	45328
19936	94	299	44743	304	0	45440
19937	40462	65	314	328	0	41169
19938	290	44424	324	119	0	45157
19939	44356	295	83	69	0	44803
19940	343	312	46	43978	0	44679
19941	43829	73	34	331	0	44267
19942	375	65	44193	336	0	44969
19943	323	43860	298	137	0	44618
19944	94	46546	312	94	0	47046
19945	46666	541	83	76	0	47366
19946	46536	332	47	55	0	46970
19947	620	101	46501	43	0	47265
19948	44360	51	312	72	0	44795
19949	45810	45	299	54	0	46208
19950	46100	34	80	70	0	46284
19951	603	45343	59	67	0	46072
19952	344	45873	46	89	0	46352
19953	45558	547	34	54	0	46193
19954	45346	319	38	70	0	45773
19955	569	46482	56	88	0	47195
19956	354	324	25	46642	0	47345
19957	120	330	46798	335	0	47583
19958	44931	92	321	326	0	45670
19959	43605	96	371	157	0	44229
19960	48275	41	83	83	0	48482
19961	542	48104	84	117	0	48847
19962	401	333	48479	55	0	49268
19963	48767	310	315	73	0	49465
19964	356	82	316	50060	0	50814
19965	330	57	81	50347	0	50815
19966	132	48	46	51357	0	51583
19967	121	83	50885	646	0	51735
19968	87	38	320	49463	0	49908
19969	122	135	50906	423	0	51586
19970	48	49120	346	431	0	49945
19971	47430	287	332	103	0	48152
19972	275	48691	101	98	0	49165
19973	287	49098	76	119	0	49580
19974	48491	529	90	62	0	49172
19975	295	50202	71	86	0	50654
19976	311	346	18	48589	0	49264
19977	93	49787	47	265	0	50192
19978	49176	330	35	276	0	49817
19979	301	50098	52	116	0	50567
19980	340	354	23	50414	0	51131
19981	137	350	50397	350	0	51234
19982	72	106	297	50186	0	50661
19983	55	51212	344	492	0	52103
19984	64	351	91	51602	0	52108
19985	82	437	55	50913	0	51487
19986	86	112	58	51185	0	51441
19987	84	68	37	52129	0	52318
19988	65	66	59	52430	0	52620
19989	90	66	50	52982	0	53188
19990	98	93	52654	743	0	53588
19991	49566	46	387	528	0	50527
19992	387	76	423	55441	0	56327
19993	480	104	55722	465	0	56771
19994	168	111	56025	517	0	56821
19995	130	97	833	56018	0	57078
19996	56736	88	559	468	0	57851
19997	513	109	56019	510	0	57151
19998	54599	79	475	163	0	55316
19999	561	119	58049	131	0	58860
20000	598	101	495	57216	0	58410
20001	232	89	524	59074	0	59919
20002	193	167	58853	877	0	60090
20003	54735	116	477	607	0	55935
20004	531	109	515	58023	0	59178
20005	647	109	58402	495	0	59653
20006	292	119	58778	552	0	59741
20007	277	125	896	53615	0	54913
20008	160	58846	639	428	0	60073
20009	59447	438	188	469	0	60542
20010	58529	539	124	160	0	59352
20011	997	220	59248	112	0	60577
20012	687	117	454	57369	0	58627
20013	58939	114	554	496	0	60103
20014	582	112	59347	591	0	60632
20015	57045	56	500	233	0	57834
20016	563	59115	617	204	0	60499
20017	625	437	185	59374	0	60621
20018	234	516	162	59822	0	60734
20019	61204	137	130	973	0	62444
20020	526	109	127	61461	0	62223
20021	643	83	146	60525	0	61397
20022	212	100	105	61466	0	61883
20023	60052	74	125	1157	0	61408
20024	587	107	60455	774	0	61923
20025	59551	74	527	307	0	60459
20026	60271	79	636	252	0	61238
20027	61112	77	230	204	0	61623
20028	1118	183	190	60162	0	61653
20029	809	152	61227	592	0	62780
20030	258	60354	578	714	0	61904
20031	148	60956	698	277	0	62079
20032	114	56476	158	204	0	56952
20033	308	714	56157	140	0	57319
20034	242	862	410	60351	0	61865
20035	62321	86	571	593	0	63571
20036	65611	43	125	717	0	66496
20037	1154	38	76	69002	0	70270
20038	822	59	69448	700	0	71029
20039	253	82	69170	804	0	70309
20040	145	34	1283	69284	0	70746
20041	142	77	70940	732	0	71891
20042	125	41	712	70794	0	71672
20043	120	49	817	67580	0	68566
20044	93	70414	227	1396	0	72130
20045	130	616	136	71302	0	72184
20046	149	762	125	72452	0	73488
20047	71475	164	140	1518	0	73297
20048	727	65	138	72331	0	73261
20049	891	52	118	71666	0	72727
20050	70015	48	139	1549	0	71751
20051	697	70193	204	1062	0	72156
20052	71141	628	176	286	0	72231
20053	854	810	70125	254	0	72043
20054	69059	147	771	250	0	70227
20055	68512	92	925	249	0	69778
20056	1575	109	68228	247	0	70159
20057	1034	122	67607	246	0	69009
20058	319	205	1508	65043	0	67075
20059	65482	71	1023	850	0	67426
20060	838	116	65249	963	0	67166
20061	900	71	875	64524	0	66370
20062	335	75	64915	897	0	66222
20063	267	75	893	63456	0	64691
20064	242	89	956	63350	0	64637
20065	63433	102	270	1695	0	65500
20066	63142	103	243	1179	0	64667
20067	64011	119	206	485	0	64821
20068	1693	127	63814	462	0	66096
20069	1105	128	63479	444	0	65156
20070	418	113	1609	62553	0	64693
20071	358	111	1044	63080	0	64593
20072	373	136	440	64416	0	65365
20073	61828	137	360	1759	0	64084
20074	905	62288	332	1341	0	64866
20075	61286	723	344	520	0	62873
20076	58956	850	347	486	0	60639
20077	1566	59911	362	558	0	62397
20078	1085	60311	328	517	0	62241
20079	58930	1306	309	509	0	61054
20080	918	855	310	57045	0	59128
20081	1141	58165	301	1138	0	60745
20082	682	691	288	58548	0	60209
20083	638	840	57559	1184	0	60221
20084	509	218	957	57622	0	59306
20085	56890	177	1247	1188	0	59502
20086	1039	155	56222	1326	0	58742
20087	1143	173	55722	723	0	57761
20088	625	1191	1757	48053	0	51626
20089	476	52912	1204	1185	0	55777
20090	493	53166	523	1248	0	55430
20091	498	54138	481	801	0	55918
20092	51785	1279	457	896	0	54417
20093	51646	755	402	758	0	53561
20094	50048	223	420	768	0	51459
20095	1505	50222	353	974	0	53054
20096	51054	601	421	749	0	52825
20097	50169	780	390	666	0	52005
20098	1754	384	49870	636	0	52644
20099	1316	48227	1032	554	0	51129
20100	813	743	1110	47943	0	50609
20101	47813	794	548	1056	0	50211
20102	1182	309	47741	1145	0	50377
20103	1089	214	1129	45375	0	47807
20104	606	46881	1137	1299	0	49923
20105	626	709	556	46856	0	48747
20106	677	724	538	46753	0	48692
20107	47105	268	544	1730	0	49647
20108	46849	319	528	1263	0	48959
20109	1598	360	518	46494	0	48970
20110	1229	347	45811	1211	0	48598
20111	756	373	45506	1201	0	47836
20112	45131	382	1334	671	0	47518
20113	1451	333	46512	622	0	48918
20114	1422	387	1033	39577	0	42419
20115	767	44069	1144	872	0	46852
20116	43613	678	664	1031	0	45986
20117	1087	44032	669	696	0	46484
20118	44365	724	622	769	0	46480
20119	1107	736	483	43625	0	45951
20120	1156	397	498	43553	0	45604
20121	43693	426	441	1482	0	46042
20122	44128	407	367	1038	0	45940
20123	1787	460	424	43611	0	46282
20124	1286	544	401	43294	0	45525
20125	819	490	42776	1377	0	45462
20126	710	420	42248	1052	0	44430
20127	41372	404	1314	697	0	43787
20128	1091	423	41372	705	0	43591
20129	40454	334	892	700	0	42380
20130	40981	284	1004	669	0	42938
20131	1644	312	40010	619	0	42585
20132	1136	38802	892	489	0	41319
20133	706	38819	987	401	0	40913
20134	491	567	31629	230	0	32917
20135	937	2302	1111	26257	0	30607
20136	24321	455	1059	777	0	26612
20137	23381	72	81	247	0	23781
20138	25356	65	67	118	0	25606
20139	28503	74	55	122	0	28754
20140	28693	74	74	110	0	28951
20141	596	29586	103	136	0	30421
20142	28653	292	59	76	0	29080
20143	350	28577	74	102	0	29103
20144	27796	281	88	34	0	28199
20145	305	274	26890	38	0	27507
20146	298	17	238	25903	0	26456
20147	89	27	232	24507	0	24855
20148	45	26025	46	449	0	26565
20149	26186	230	21	232	0	26669
20150	26272	242	17	36	0	26567
20151	475	28	16	25888	0	26407
20152	266	24	21	26156	0	26467
20153	25935	12	26	474	0	26447
20154	261	17	15	26155	0	26448
20155	263	27	19	26203	0	26512
20156	26011	19	20	468	0	26518
20157	278	15	12	26095	0	26400
20158	26220	18	18	264	0	26520
20159	26063	14	19	280	0	26376
20160	511	40	26075	50	0	26676
20161	26151	14	231	69	0	26465
20162	25803	19	232	55	0	26109
20163	25948	21	25	46	0	26040
20164	534	45	25227	34	0	25840
20165	302	17	246	24627	0	25192
20166	95	14	243	25299	0	25651
20167	87	36	25058	456	0	25637
20168	24272	23	251	263	0	24809
20169	303	16	244	24334	0	24897
20170	300	24	24201	263	0	24788
20171	100	22	24556	269	0	24947
20172	75	25	480	24295	0	24875
20173	108	39	24860	290	0	25297
20174	101	32	285	24455	0	24873
20175	104	29	275	24643	0	25051
20176	101	32	24485	518	0	25136
20177	114	39	279	23011	0	23443
20178	95	23687	297	299	0	24378
20179	90	24524	70	322	0	25006
20180	24255	466	64	87	0	24872
20181	24030	264	56	96	0	24446
20182	534	24083	74	106	0	24797
20183	24175	261	53	83	0	24572
20184	24142	279	50	83	0	24554
20185	595	64	46	23788	0	24493
20186	387	79	45	24169	0	24680
20187	23592	71	31	538	0	24232
20188	368	23345	65	343	0	24121
20189	372	23549	66	125	0	24112
20190	183	523	62	23399	0	24167
20191	192	286	23566	328	0	24372
20192	22639	59	288	369	0	23355
20193	23078	55	287	164	0	23584
20194	22624	75	64	128	0	22891
20195	658	22780	72	130	0	23640
20196	465	317	59	22005	0	22846
20197	252	296	67	22806	0	23421
20198	22351	73	86	588	0	23098
20199	437	22282	86	406	0	23211
20200	450	325	73	21950	0	22798
20201	268	317	67	22279	0	22931
20202	273	95	72	22440	0	22880
20203	21959	94	86	627	0	22766
20204	500	21930	89	472	0	22991
20205	502	442	83	20449	0	21476
20206	281	21994	116	403	0	22794
20207	21537	329	94	426	0	22386
20208	485	318	21411	239	0	22453
20209	20749	80	361	299	0	21489
20210	456	91	20967	278	0	21792
20211	513	269	366	19614	0	20762
20212	19685	83	343	437	0	20548
20213	466	100	19374	430	0	20370
20214	19373	73	321	219	0	19986
20215	19546	47	321	233	0	20147
20216	19810	41	124	246	0	20221
20217	684	37	130	18993	0	19844
20218	443	52	127	18955	0	19577
20219	247	42	121	19337	0	19747
20220	18716	32	113	654	0	19515
20221	460	18752	137	467	0	19816
20222	18534	229	139	211	0	19113
20223	18646	248	128	185	0	19207
20224	617	89	18347	185	0	19238
20225	18267	71	339	174	0	18851
20226	18674	67	328	182	0	19251
20227	601	69	149	18435	0	19254
20228	412	73	169	18538	0	19192
20229	209	72	157	18642	0	19080
20230	17874	72	147	586	0	18679
20231	17524	70	149	405	0	18148
20232	16713	75	142	195	0	17125
20233	506	15935	149	206	0	16796
20234	260	14621	133	144	0	15158
20235	108	14823	140	161	0	15232
20236	14451	334	230	196	0	15211
20237	286	186	14214	189	0	14875
20238	236	79	11816	156	0	12287
20239	8055	37	229	67	0	8388
20240	84	12	8578	56	0	8730
20241	30	6	23	6857	0	6916
20242	9	7224	22	18	0	7273
20243	7319	28	5	25	0	7377
20244	7313	23	6	9	0	7351
20245	7369	6	2	4	0	7381
20246	47	7	11	7921	0	7986
20247	38	6	8282	23	0	8349
20248	22	7	8110	28	0	8167
20249	8103	1	44	15	0	8163
20250	8368	5	24	8	0	8405
20251	8317	8	7	8	0	8340
20252	49	8	1	8425	0	8483
20253	30	4	4	8539	0	8577
20254	15	13	8573	42	0	8643
20255	8440	5	23	33	0	8501
20256	29	3	22	8872	0	8926
20257	29	5	5	8850	0	8889
20258	16	3	3	8831	0	8853
20259	10	8956	9	44	0	9019
20260	12	18	8	8907	0	8945
20261	19	22	5	8891	0	8937
20262	8808	6	4	44	0	8862
20263	25	6	8777	35	0	8843
20264	8446	4	21	19	0	8490
20265	8915	2	23	24	0	8964
20266	46	6	3	8890	0	8945
20267	32	14	3	8915	0	8964
20268	8879	6	4	41	0	8930
20269	30	19	8830	30	0	8909
20270	35	8910	22	23	0	8990
20271	16	21	23	8729	0	8789
20272	8706	21	8	18	0	8753
20273	21	7	9	8577	0	8614
20274	37	3	8562	18	0	8620
20275	21	4	8554	29	0	8608
20276	8509	7	37	17	0	8570
20277	33	5	20	9052	0	9110
20278	30	6	9028	14	0	9078
20279	8834	1	13	37	0	8885
20280	9610	6	21	27	0	9664
20281	33	2	6	9695	0	9736
20282	31	0	2	9664	0	9697
20283	13	9786	9	32	0	9840
20284	10206	11	3	35	0	10255
20285	20	15	2	10263	0	10300
20286	21	12	5	10397	0	10435
20287	16	11	10632	33	0	10692
20288	9773	7	13	35	0	9828
20289	10524	6	23	11	0	10564
20290	30	10516	20	19	0	10585
20291	23	9	10241	10	0	10283
20292	11	12	10199	5	0	10227
20293	11	44	15	10011	0	10081
20294	10601	4	32	20	0	10657
20295	9	7	4	10657	0	10677
20296	11294	3	1	22	0	11320
20297	11456	4	2	14	0	11476
20298	11631	5	1	13	0	11650
20299	17	8	3	11868	0	11896
20300	18	6	3	12016	0	12043
20301	12163	1	1	18	0	12183
20302	17	13	12527	13	0	12570
20303	11344	1	5	16	0	11366
20304	11754	0	7	12	0	11773
20305	10	12	12419	3	0	12444
20306	17	11	12402	8	0	12438
20307	7	12521	19	8	0	12555
20308	10	25	18	12592	0	12645
20309	10306	44	38	46	0	10434
20310	6	7	1	12686	0	12700
20311	15	6	12980	12	0	13013
20312	2	12892	9	17	0	12920
20313	3	13047	14	12	0	13076
20314	5	16	2	13394	0	13417
20315	8	12	0	13165	0	13185
20316	3	13265	6	28	0	13302
20317	12	13	13110	14	0	13149
20318	12184	16	10	12	0	12222
20319	13498	5	13	4	0	13520
20320	20	13671	5	13	0	13709
20321	13449	9	1	9	0	13468
20322	11	19	0	13301	0	13331
20323	13344	1	3	18	0	13366
20324	11	2	1	13266	0	13280
20325	16	13944	6	25	0	13991
20326	16	17	14043	20	0	14096
20327	7	24	19	14919	0	14969
20328	4	1	32	15016	0	15053
20329	8	4	2	15821	0	15835
20330	16252	3	6	96	0	16357
20331	39	0	2	16395	0	16436
20332	94	14	17383	48	0	17539
20333	20	12	17993	83	0	18108
20334	18024	4	162	29	0	18219
20335	77	10	18995	16	0	19098
20336	18739	3	73	6	0	18821
20337	88	0	126	20407	0	20621
20338	136	8	19	20897	0	21060
20339	23	4	8	22043	0	22078
20340	12	3	8	22104	0	22127
20341	21755	2	7	308	0	22072
20342	128	10	22223	215	0	22576
20343	198	10	114	21497	0	21819
20344	22	22577	208	136	0	22943
20345	22487	110	26	189	0	22812
20346	117	201	8	22046	0	22372
20347	21993	18	10	132	0	22153
20348	149	18	21834	212	0	22213
20349	226	3	120	20617	0	20966
20350	26	21690	208	145	0	22069
20351	21743	117	31	218	0	22109
20352	143	214	21707	42	0	22106
20353	219	28	131	21233	0	21611
20354	47	9	213	21701	0	21970
20355	21445	7	41	339	0	21832
20356	143	12	21461	251	0	21867
20357	236	18	21541	46	0	21841
20358	47	6	347	21359	0	21759
20359	42	12	21744	151	0	21949
20360	45	13	21688	233	0	21979
20361	50	13	365	21179	0	21607
20362	40	15	240	21689	0	21984
20363	36	11	43	22426	0	22516
20364	22035	7	31	400	0	22473
20365	150	22294	45	316	0	22805
20366	22561	130	38	81	0	22810
20367	195	219	46	22177	0	22637
20368	252	22438	53	191	0	22934
20369	58	147	37	23152	0	23394
20370	23285	227	38	232	0	23782
20371	180	24266	44	323	0	24813
20372	281	177	42	25002	0	25502
20373	87	250	25093	248	0	25678
20374	24577	34	223	335	0	25169
20375	220	30	296	24999	0	25545
20376	302	34	66	25118	0	25520
20377	96	40	24765	520	0	25421
20378	85	39	24712	372	0	25208
20379	23693	22	487	140	0	24342
20380	251	23964	359	108	0	24682
20381	316	203	93	23882	0	24494
20382	23999	280	74	279	0	24632
20383	271	69	24018	343	0	24701
20384	311	23621	269	143	0	24344
20385	89	200	320	23561	0	24170
20386	23561	279	97	296	0	24233
20387	23132	56	86	366	0	23640
20388	23502	33	78	162	0	23775
20389	502	23060	84	165	0	23811
20390	363	224	23149	137	0	23873
20391	117	290	264	23130	0	23801
20392	122	88	348	21751	0	22309
20393	99	46	98	23459	0	23702
20394	89	51	92	23279	0	23511
20395	22737	41	113	576	0	23467
20396	22237	54	107	411	0	22809
20397	533	50	21979	172	0	22734
20398	377	57	21755	150	0	22339
20399	21178	36	510	169	0	21893
20400	21303	48	345	169	0	21865
20401	540	45	130	20584	0	21299
20402	390	20859	104	314	0	21667
20403	20605	233	97	384	0	21319
20404	267	20627	122	198	0	21214
20405	369	20574	89	190	0	21222
20406	186	487	87	20559	0	21319
20407	137	338	67	20791	0	21333
20408	117	74	90	21014	0	21295
20409	130	62	104	20918	0	21214
20410	135	85	20335	559	0	21114
20411	19736	66	253	431	0	20486
20412	20256	81	330	175	0	20842
20413	548	66	104	19695	0	20413
20414	404	65	89	19732	0	20290
20415	19636	75	108	548	0	20367
20416	283	89	19395	405	0	20172
20417	19620	58	254	191	0	20123
20418	19652	61	342	165	0	20220
20419	576	61	19266	175	0	20078
20420	19735	66	262	161	0	20224
20421	331	62	335	19722	0	20450
20422	369	61	150	19893	0	20473
20423	173	54	107	20029	0	20363
20424	177	50	103	19967	0	20297
20425	18784	61	99	540	0	19484
20426	332	52	96	18570	0	19050
20427	307	60	83	17058	0	17508
20428	119	16291	101	470	0	16981
20429	104	16518	96	344	0	17062
20430	113	370	61	15990	0	16534
20431	15878	223	37	282	0	16420
20432	265	78	53	14830	0	15226
20433	222	29	13683	227	0	14161
20434	116	46	12983	199	0	13344
20435	12532	35	311	102	0	12980
20436	198	12712	202	82	0	13194
20437	11320	116	154	71	0	11661
20438	200	125	11276	59	0	11660
20439	247	370	152	9943	0	10712
20440	9860	13	147	113	0	10133
20441	109	9886	49	113	0	10157
20442	9656	79	40	53	0	9828
20443	135	87	10405	37	0	10664
20444	95	36	100	10087	0	10318
20445	43	21	95	10364	0	10523
20446	10604	20	31	168	0	10823
20447	10623	29	27	90	0	10769
20448	10971	21	22	53	0	11067
20449	11014	21	16	43	0	11094
20450	11064	26	13	45	0	11148
20451	154	11204	28	70	0	11456
20452	92	74	22	11295	0	11483
20453	11611	57	24	110	0	11802
20454	107	23	14	11600	0	11744
20455	99	9	18	11612	0	11738
20456	67	12	15	11643	0	11737
20457	42	11498	21	161	0	11722
20458	11507	68	16	93	0	11684
20459	88	67	19	11443	0	11617
20460	11243	16	27	101	0	11387
20461	11034	11	10	96	0	11151
20462	137	11052	15	52	0	11256
20463	10971	56	12	35	0	11074
20464	102	63	10835	34	0	11034
20465	10515	22	92	26	0	10655
20466	98	61	126	10512	0	10797
20467	84	13	10889	74	0	11060
20468	41	10927	69	94	0	11131
20469	76	67	10725	37	0	10905
20470	28	9987	45	22	0	10082
20471	9055	128	178	108	0	9469
20472	9019	26	17	28	0	9090
20473	8911	7	5	8	0	8931
20474	27	8999	5	11	0	9042
20475	8839	8	2	4	0	8853
20476	19	14	8888	7	0	8928
20477	12	23	9021	6	0	9062
20478	8	35	12	8794	0	8849
20479	6	8	10	9339	0	9363
20480	3	9432	11	33	0	9479
20481	9542	15	2	17	0	9576
20482	18	9	4	9638	0	9669
20483	16	9920	4	30	0	9970
20484	8	26	1	10150	0	10185
20485	10193	17	2	25	0	10237
20486	10037	4	1	28	0	10070
20487	43	10	9833	4	0	9890
20488	22	3	19	9889	0	9933
20489	16	14	10076	27	0	10133
20490	7	5	21	10149	0	10182
20491	14	9	10332	32	0	10387
20492	8	6	27	10225	0	10266
20493	7	10	10440	34	0	10491
20494	5	3	25	10330	0	10363
20495	15	14	10686	37	0	10752
20496	4	1	26	10660	0	10691
20497	9	2	27	10882	0	10920
20498	3	11423	17	54	0	11497
20499	3	22	4	11648	0	11677
20500	5	34	11568	34	0	11641
20501	6	7	24	11506	0	11543
20502	8	1	29	11567	0	11605
20503	11634	3	5	62	0	11704
20504	28	6	4	11802	0	11840
20505	33	2	3	11755	0	11793
20506	8	15	11587	56	0	11666
20507	11247	6	26	48	0	11327
20508	31	0	28	11958	0	12017
20509	28	6	8	11966	0	12008
20510	7	5	5	12081	0	12098
20511	12106	1	9	65	0	12181
20512	33	2	2	12241	0	12278
20513	32	5	10	12245	0	12292
20514	12161	2	7	78	0	12248
20515	30	12210	9	58	0	12307
20516	30	30	2	12156	0	12218
20517	8	28	5	12248	0	12289
20518	14	20	12087	69	0	12190
20519	9309	16	49	113	0	9487
20520	35	10	34	11915	0	11994
20521	42	7	11694	64	0	11807
20522	11710	6	35	62	0	11813
20523	42	9	32	12310	0	12393
20524	37	4	17	12625	0	12683
20525	20	4	12	12692	0	12728
20526	14	6	13	12987	0	13020
20527	16	9	13804	112	0	13941
20528	9	8	54	13970	0	14041
20529	16	9	57	16504	0	16586
20530	23	8	18614	219	0	18864
20531	18931	2	204	160	0	19297
20532	19851	4	182	68	0	20105
20533	20184	6	61	40	0	20291
20534	468	3	21	19868	0	20360
20535	20173	5	19	251	0	20448
20536	20323	6	18	237	0	20584
20537	457	6	18	20332	0	20813
20538	20556	5	18	249	0	20828
20539	20376	2	11	245	0	20634
20540	20432	9	6	100	0	20547
20541	20535	2	13	55	0	20605
20542	513	11	11	19785	0	20320
20543	309	19120	17	252	0	19698
20544	116	19213	24	261	0	19614
20545	76	19574	28	103	0	19781
20546	18963	454	22	66	0	19505
20547	19344	284	11	59	0	19698
20548	453	89	19076	69	0	19687
20549	19207	43	224	52	0	19526
20550	337	22	246	19500	0	20105
20551	301	21	83	19409	0	19814
20552	134	12	36	19778	0	19960
20553	19069	12	25	535	0	19641
20554	291	10	25	19194	0	19520
20555	279	18852	30	365	0	19526
20556	129	204	17	19287	0	19637
20557	101	238	19360	337	0	20036
20558	73	72	236	19562	0	19943
20559	19419	40	240	338	0	20037
20560	353	19	19483	328	0	20183
20561	318	22	253	19467	0	20060
20562	160	22	251	19272	0	19705
20563	115	35	79	19426	0	19655
20564	72	19536	54	561	0	20223
20565	86	236	27	19919	0	20268
20566	19580	241	40	366	0	20227
20567	19281	71	33	326	0	19711
20568	549	61	18988	155	0	19753
20569	392	49	19173	118	0	19732
20570	174	37	475	18954	0	19640
20571	133	29	313	19408	0	19883
20572	117	29	19407	553	0	20106
20573	134	49	286	17712	0	18181
20574	109	19260	284	334	0	19987
20575	19657	263	113	317	0	20350
20576	19595	267	64	146	0	20072
20577	19608	70	45	130	0	19853
20578	616	56	19382	111	0	20165
20579	406	50	273	19227	0	19956
20580	203	41	19424	325	0	19993
20581	18467	34	314	341	0	19156
20582	325	18968	289	203	0	19785
20583	330	263	105	18664	0	19362
20584	18751	253	81	336	0	19421
20585	344	108	38	18767	0	19257
20586	329	68	59	19058	0	19514
20587	194	39	18755	564	0	19552
20588	17615	51	298	398	0	18362
20589	368	18628	306	227	0	19529
20590	405	247	119	18639	0	19410
20591	18618	249	76	362	0	19305
20592	404	93	51	18751	0	19299
20593	18598	61	59	426	0	19144
20594	434	18593	53	414	0	19494
20595	18885	267	46	192	0	19390
20596	467	274	18767	155	0	19663
20597	18739	105	287	146	0	19277
20598	18532	69	310	156	0	19067
20599	18771	41	157	152	0	19121
20600	700	78	94	18162	0	19034
20601	499	78	60	17907	0	18544
20602	271	108	58	18175	0	18612
20603	200	17966	67	650	0	18883
20604	18032	300	52	436	0	18820
20605	436	280	74	17951	0	18741
20606	415	92	69	18093	0	18669
20607	269	63	81	18207	0	18620
20608	17800	49	87	656	0	18592
20609	398	63	69	18136	0	18666
20610	369	74	17599	520	0	18562
20611	186	17691	276	495	0	18648
20612	185	313	263	17841	0	18602
20613	141	323	107	18082	0	18653
20614	146	141	104	18514	0	18905
20615	174	95	17885	664	0	18818
20616	163	60	17972	451	0	18646
20617	150	49	551	17985	0	18735
20618	180	53	19024	441	0	19698
20619	152	43	369	19252	0	19816
20620	19272	48	321	539	0	20180
20621	19856	65	129	498	0	20548
20622	19962	63	88	273	0	20386
20623	650	98	19403	216	0	20367
20624	18976	79	309	176	0	19540
20625	471	117	350	19333	0	20271
20626	421	42	19313	375	0	20151
20627	223	34	18737	370	0	19364
20628	157	18329	536	237	0	19259
20629	80	15980	257	125	0	16442
20630	13340	240	402	86	0	14068
20631	152	101	53	12952	0	13258
20632	102	32	13166	102	0	13402
20633	27	23	69	13156	0	13275
20634	13271	5	90	100	0	13466
20635	94	14	14211	106	0	14425
20636	14075	13	93	37	0	14218
20637	14849	10	101	30	0	14990
20638	14742	8	17	39	0	14806
20639	195	14705	19	48	0	14967
20640	15224	85	19	43	0	15371
20641	111	108	23	15375	0	15617
20642	132	21	18	15330	0	15501
20643	39	16	18	15495	0	15568
20644	30	22	20	15417	0	15489
20645	15022	6	21	212	0	15261
20646	109	14910	18	162	0	15199
20647	102	14475	18	45	0	14640
20648	30	15014	20	37	0	15101
20649	14948	165	57	36	0	15206
20650	14922	91	27	29	0	15069
20651	14890	14	16	30	0	14950
20652	14874	14	28	27	0	14943
20653	192	12	18	14929	0	15151
20654	122	7	17	14938	0	15084
20655	14953	11	15	185	0	15164
20656	101	14988	30	124	0	15243
20657	14739	88	13	37	0	14877
20658	14930	93	13	40	0	15076
20659	181	28	15	14867	0	15091
20660	122	15098	13	103	0	15336
20661	37	94	20	15419	0	15570
20662	15242	92	11	119	0	15464
20663	113	22	15654	119	0	15908
20664	125	52	86	14897	0	15160
20665	39	15684	103	102	0	15928
20666	15564	73	33	121	0	15791
20667	15162	98	18	33	0	15311
20668	184	29	15812	33	0	16058
20669	132	15602	84	41	0	15859
20670	59	99	15795	38	0	15991
20671	41	144	89	15184	0	15458
20672	47	19	15512	85	0	15663
20673	38	35	15330	103	0	15506
20674	40	15307	156	43	0	15546
20675	15158	74	102	27	0	15361
20676	15228	92	29	50	0	15399
20677	156	15910	24	40	0	16130
20678	113	15869	22	39	0	16043
20679	58	172	15217	24	0	15471
20680	50	118	15211	22	0	15401
20681	49	34	15734	34	0	15851
20682	38	30	167	15595	0	15830
20683	54	24	16053	99	0	16230
20684	35	24	93	15605	0	15757
20685	45	25	100	15667	0	15837
20686	49	31	16018	170	0	16268
20687	42	15984	92	125	0	16243
20688	45	86	93	15993	0	16217
20689	15928	99	24	99	0	16150
20690	106	26	19	16086	0	16237
20691	119	34	16268	111	0	16532
20692	43	16382	87	131	0	16643
20693	44	17027	103	56	0	17230
20694	35	184	23	16708	0	16950
20695	16691	111	17	106	0	16925
20696	16680	31	25	105	0	16841
20697	185	29	25	16458	0	16697
20698	120	17226	25	116	0	17487
20699	48	119	22	17442	0	17631
20700	44	116	19	17865	0	18044
20701	43	34	20	18000	0	18097
20702	18696	21	15	244	0	18976
20703	149	18885	26	180	0	19240
20704	19164	151	24	62	0	19401
20705	19295	148	16	57	0	19516
20706	19367	36	18	48	0	19469
20707	19879	28	19	37	0	19963
20708	310	38	26	19471	0	19845
20709	208	37	19687	163	0	20095
20710	54	19739	166	197	0	20156
20711	20022	164	181	63	0	20430
20712	20293	169	37	46	0	20545
20713	20576	33	35	35	0	20679
20714	353	42	20119	32	0	20546
20715	19879	33	163	30	0	20105
20716	20272	23	169	32	0	20496
20717	328	36	35	20209	0	20608
20718	212	47	19450	174	0	19883
20719	71	19217	157	190	0	19635
20720	62	195	174	18972	0	19403
20721	18775	166	52	193	0	19186
20722	167	39	27	18802	0	19035
20723	162	26	19	19177	0	19384
20724	19669	26	26	285	0	20006
20725	194	38	19502	179	0	19913
20726	19500	14	168	64	0	19746
20727	19390	27	173	47	0	19637
20728	19450	11	44	43	0	19548
20729	19399	20	37	41	0	19497
20730	350	38	19017	25	0	19430
20731	209	33	172	18716	0	19130
20732	66	36	19231	178	0	19511
20733	69	49	172	18787	0	19077
20734	53	30	19056	191	0	19330
20735	17127	16	185	168	0	17496
20736	174	17570	153	54	0	17951
20737	164	17813	49	44	0	18070
20738	86	273	48	18569	0	18976
20739	73	168	37	18731	0	19009
20740	63	19944	26	323	0	20356
20741	20041	187	24	178	0	20430
20742	20815	205	19	44	0	21083
20743	21663	31	24	41	0	21759
20744	22519	17	29	35	0	22600
20745	495	21	26	22305	0	22847
20746	314	17	24	22865	0	23220
20747	23090	12	25	484	0	23611
20748	302	23	24	22950	0	23299
20749	337	31	22448	293	0	23109
20750	88	27	22509	297	0	22921
20751	69	26	499	22671	0	23265
20752	65	24	22968	281	0	23338
20753	22253	13	278	308	0	22852
20754	288	18	300	22535	0	23141
20755	22838	19	69	283	0	23209
20756	327	33	22770	309	0	23439
20757	313	24	273	22585	0	23195
20758	99	35	23126	289	0	23549
20759	62	22766	295	346	0	23469
20760	22438	282	336	88	0	23144
20761	22469	279	83	46	0	22877
20762	546	22257	49	132	0	22984
20763	22263	256	62	75	0	22656
20764	354	281	48	21815	0	22498
20765	350	48	37	22054	0	22489
20766	21726	39	49	546	0	22360
20767	342	21490	52	350	0	22234
20768	347	21589	50	118	0	22104
20769	126	511	50	21375	0	22062
20770	21196	299	52	306	0	21853
20771	21325	58	48	333	0	21764
20772	21449	57	67	86	0	21659
20773	630	61	20903	79	0	21673
20774	408	44	20775	94	0	21321
20775	147	20672	536	96	0	21451
20776	20581	278	321	77	0	21257
20777	386	290	79	19997	0	20752
20778	20341	62	79	315	0	20797
20779	20169	57	74	338	0	20638
20780	629	47	64	19888	0	20628
20781	425	59	19963	328	0	20775
20782	19773	48	286	349	0	20456
20783	375	33	324	19888	0	20620
20784	416	52	19954	342	0	20764
20785	19516	41	304	369	0	20230
20786	19796	44	321	164	0	20325
20787	605	41	106	19575	0	20327
20788	417	55	19544	359	0	20375
20789	163	50	301	18792	0	19306
20790	181	19448	345	329	0	20303
20791	187	279	19510	361	0	20337
20792	171	19664	323	129	0	20287
20793	19058	274	340	88	0	19760
20794	19144	287	104	117	0	19652
20795	19276	63	110	96	0	19545
20796	19139	42	93	110	0	19384
20797	664	72	81	18507	0	19324
20798	18214	48	93	318	0	18673
20799	397	53	75	17848	0	18373
20800	17261	42	78	321	0	17702
20801	362	17018	76	347	0	17803
20802	340	264	79	15535	0	16218
20803	128	16037	76	279	0	16520
20804	15828	238	68	290	0	16424
20805	15705	262	71	104	0	16142
20806	494	15522	75	103	0	16194
20807	334	231	62	15159	0	15786
20808	131	237	15061	258	0	15687
20809	144	91	223	14896	0	15354
20810	141	69	14974	261	0	15445
20811	157	107	227	13429	0	13920
20812	141	14235	251	214	0	14841
20813	14114	203	81	243	0	14641
20814	14143	222	57	88	0	14510
20815	458	61	57	13976	0	14552
20816	14589	45	52	245	0	14931
20817	315	46	50	14515	0	14926
20818	304	52	46	14532	0	14934
20819	128	52	61	14773	0	15014
20820	14648	47	54	434	0	15183
20821	14650	41	44	304	0	15039
20822	14754	36	60	103	0	14953
20823	450	14084	58	104	0	14696
20824	13675	173	50	70	0	13968
20825	259	13447	54	78	0	13838
20826	13534	173	68	76	0	13851
20827	261	208	49	13162	0	13680
20828	290	50	46	13357	0	13743
20829	13210	53	42	367	0	13672
20830	13139	49	53	236	0	13477
20831	398	13093	44	94	0	13629
20832	13036	186	31	85	0	13338
20833	269	197	30	12651	0	13147
20834	277	49	27	12786	0	13139
20835	12633	43	28	373	0	13077
20836	255	43	12536	257	0	13091
20837	268	12048	164	107	0	12587
20838	133	191	151	10791	0	11266
20839	88	132	10075	144	0	10439
20840	91	322	109	9202	0	9724
20841	9165	20	144	133	0	9462
20842	120	8557	22	140	0	8839
20843	119	7744	25	34	0	7922
20844	42	7196	14	25	0	7277
20845	160	192	128	6464	0	6944
20846	6454	50	161	54	0	6719
20847	42	13	8	6343	0	6406
20848	6357	11	1	39	0	6408
20849	6325	6	8	40	0	6379
20850	75	1	4	6323	0	6403
20851	6362	5	1	41	0	6409
20852	44	3	3	6441	0	6491
20853	46	5	6571	37	0	6659
20854	6489	9	32	40	0	6570
20855	49	13	7234	6	0	7302
20856	6750	13	34	16	0	6813
20857	30	7	7073	13	0	7123
20858	43	4	17	6628	0	6692
20859	11	1	41	6794	0	6847
20860	6909	3	2	56	0	6970
20861	27	7	5	7138	0	7177
20862	7168	5	4	22	0	7199
20863	23	7241	5	50	0	7319
20864	7494	17	2	21	0	7534
20865	25	41	3	7744	0	7813
20866	47	9	6	7789	0	7851
20867	10	5	3	7844	0	7862
20868	8	4	6	7846	0	7864
20869	16	13	7740	65	0	7834
20870	20	7	7647	50	0	7724
20871	12	18	51	7649	0	7730
20872	10	10	7931	27	0	7978
20873	8	7943	18	52	0	8021
20874	5	21	43	7897	0	7966
20875	16	41	8213	23	0	8293
20876	9	10	8283	46	0	8348
20877	11	31	54	8385	0	8481
20878	6	4	60	8346	0	8416
20879	9	8662	6	80	0	8757
20880	9	20	10	8813	0	8852
20881	15	53	8898	32	0	8998
20882	8648	17	28	67	0	8760
20883	33	5	62	9088	0	9188
20884	9228	4	5	40	0	9277
20885	9177	6	9	67	0	9259
20886	9467	5	7	14	0	9493
20887	90	6	9558	35	0	9689
20888	71	9	9483	16	0	9579
20889	8735	6	88	26	0	8855
20890	46	8	9748	17	0	9819
20891	65	6	29	9240	0	9340
20892	17	5	66	9387	0	9475
20893	22	16	9513	94	0	9645
20894	7	9510	39	78	0	9634
20895	9418	27	70	17	0	9532
20896	26	9644	17	26	0	9713
20897	67	9819	10	24	0	9920
20898	9786	79	14	24	0	9903
20899	40	65	10191	15	0	10311
20900	68	17	10277	21	0	10383
20901	17	4	100	10063	0	10184
20902	10246	15	69	40	0	10370
20903	32	10427	16	91	0	10566
20904	10519	30	20	14	0	10583
20905	52	73	10698	19	0	10842
20906	73	11359	50	32	0	11514
20907	15	48	81	11652	0	11796
20908	37	85	11884	49	0	12055
20909	17	17	51	11848	0	11933
20910	23	16	95	11252	0	11386
20911	20	7	24	11960	0	12011
20912	15	8	17	11992	0	12032
20913	11824	7	21	137	0	11989
20914	11610	10	17	99	0	11736
20915	137	11	11933	28	0	12109
20916	11259	11	62	29	0	11361
20917	56	11532	100	29	0	11717
20918	11526	48	22	23	0	11619
20919	69	85	11619	18	0	11791
20920	98	23	57	11290	0	11468
20921	31	13	11673	55	0	11772
20922	41	9	11567	90	0	11707
20923	30	38	145	11210	0	11423
20924	26	10	90	11390	0	11516
20925	28	14	11440	139	0	11621
20926	17	11246	78	101	0	11442
20927	22	11371	94	36	0	11523
20928	15	122	32	11350	0	11519
20929	11137	83	33	78	0	11331
20930	57	11666	23	112	0	11858
20931	92	62	11705	31	0	11890
20932	18	89	11544	33	0	11684
20933	26	21	11761	32	0	11840
20934	24	11	138	11248	0	11421
20935	11549	15	98	65	0	11727
20936	58	11452	38	131	0	11679
20937	98	56	11425	36	0	11615
20938	16	11533	81	36	0	11666
20939	26	59	99	11392	0	11576
20940	15	86	11520	73	0	11694
20941	23	11586	73	113	0	11795
20942	25	70	96	11335	0	11526
20943	28	86	24	11667	0	11805
20944	32	32	11897	133	0	12094
20945	26	26	73	11319	0	11444
20946	19	11768	115	84	0	11986
20947	30	74	11738	103	0	11945
20948	11377	80	80	40	0	11577
20949	65	19	97	11768	0	11949
20950	92	23	40	11517	0	11672
20951	20	11786	33	149	0	11988
20952	11627	57	36	100	0	11820
20953	72	92	11434	32	0	11630
20954	11091	24	95	30	0	11240
20955	71	40	80	10853	0	11044
20956	74	11072	35	64	0	11245
20957	22	68	34	11002	0	11126
20958	22	71	37	11281	0	11411
20959	11173	35	28	132	0	11368
20960	11274	17	32	95	0	11418
20961	127	18	25	11264	0	11434
20962	79	31	11161	77	0	11348
20963	10234	13	72	112	0	10431
20964	64	11092	90	31	0	11277
20965	82	69	36	10955	0	11142
20966	21	86	35	11182	0	11324
20967	21	24	20	11257	0	11322
20968	25	18	11167	156	0	11366
20969	29	26	73	10843	0	10971
20970	8	11184	101	94	0	11387
20971	12	69	35	10838	0	10954
20972	16	11089	38	89	0	11232
20973	28	70	24	10985	0	11107
20974	35	89	10860	90	0	11074
20975	9678	30	74	95	0	9877
20976	73	27	88	10681	0	10869
20977	73	32	10672	71	0	10848
20978	17	10682	83	95	0	10877
20979	10469	60	96	34	0	10659
20980	62	77	10461	27	0	10627
20981	9971	33	97	51	0	10152
20982	72	13	70	10262	0	10417
20983	64	19	28	10086	0	10197
20984	20	10264	20	116	0	10420
20985	10178	64	15	63	0	10320
20986	9878	62	17	28	0	9985
20987	100	10269	24	39	0	10432
20988	68	54	13	10394	0	10529
20989	13	58	13	10381	0	10465
20990	13	26	11	10309	0	10359
20991	19	21	10213	115	0	10368
20992	9695	14	62	91	0	9862
20993	60	17	68	10188	0	10333
20994	61	20	13	10281	0	10375
20995	21	23	10170	119	0	10333
20996	20	26	10071	82	0	10199
20997	22	31	108	10191	0	10352
20998	30	32	10454	65	0	10581
20999	9706	11	78	71	0	9866
21000	54	15	68	10112	0	10249
21001	75	10	23	10236	0	10344
21002	23	17	10637	111	0	10788
21003	9	39	55	10722	0	10825
21004	16	21	11006	72	0	11115
21005	14	10763	55	98	0	10930
21006	9813	80	106	67	0	10066
21007	9614	48	15	14	0	9691
21008	74	9697	9	28	0	9808
21009	56	31	9	9831	0	9927
21010	14	59	9992	45	0	10110
21011	12	7	41	9935	0	9995
21012	9964	4	50	49	0	10067
21013	35	10074	18	71	0	10198
21014	10114	36	11	20	0	10181
21015	41	49	10	10007	0	10107
21016	10051	4	4	44	0	10103
21017	34	10048	14	68	0	10164
21018	10110	34	15	18	0	10177
21019	41	43	9873	18	0	9975
21020	45	10011	41	20	0	10117
21021	15	31	60	9902	0	10008
21022	10395	43	32	35	0	10505
21023	10471	7	5	56	0	10539
21024	80	6	11	10508	0	10605
21025	10666	6	7	44	0	10723
21026	10563	8	6	56	0	10633
21027	10786	6	14	21	0	10827
21028	92	7	12	10748	0	10859
21029	60	10	10819	44	0	10933
21030	20	14	10326	52	0	10412
21031	16	14	10594	16	0	10640
21032	10451	7	86	12	0	10556
21033	39	6	48	10666	0	10759
21034	54	10989	12	54	0	11109
21035	16	35	8	10687	0	10746
21036	19	11214	16	30	0	11279
21037	11288	39	6	57	0	11390
21038	45	50	5	11470	0	11570
21039	50	13	12	11733	0	11808
21040	11957	5	8	86	0	12056
21041	50	9	7	12068	0	12134
21042	61	3	7	12263	0	12334
21043	12505	7	9	97	0	12618
21044	53	11	12792	65	0	12921
21045	64	6	57	12640	0	12767
21046	20	11	12814	64	0	12909
21047	12385	2	59	72	0	12518
21048	67	2	61	12842	0	12972
21049	12873	4	15	63	0	12955
21050	67	6	9	13060	0	13142
21051	68	9	13414	70	0	13561
21052	27	6	58	13599	0	13690
21053	13732	3	86	68	0	13889
21054	59	14161	20	92	0	14332
21055	88	64	13984	25	0	14161
21056	13212	66	63	21	0	13362
21057	67	14150	72	26	0	14315
21058	67	14280	15	27	0	14389
21059	30	15297	7	27	0	15361
21060	24	151	16	16028	0	16219
21061	16552	90	14	77	0	16733
21062	16857	7	23	110	0	16997
21063	192	14	16901	17	0	17124
21064	16507	8	80	15	0	16610
21065	80	16617	116	22	0	16835
21066	148	80	8	16425	0	16661
21067	17346	109	11	87	0	17553
21068	17414	13	7	110	0	17544
21069	17598	6	16	25	0	17645
21070	17387	10	13	18	0	17428
21071	17518	3	15	16	0	17552
21072	183	8	8	17392	0	17591
21073	127	17	17430	91	0	17665
21074	35	12	72	17582	0	17701
21075	30	17	104	17582	0	17733
21076	17617	8	9	192	0	17826
21077	95	17204	17	174	0	17490
21078	17414	73	15	30	0	17532
21079	17539	106	12	33	0	17690
21080	18176	12	32	37	0	18257
21081	18513	8	15	31	0	18567
21082	211	23	18352	34	0	18620
21083	18177	13	84	33	0	18307
21084	18473	15	118	31	0	18637
21085	17108	9	34	40	0	17191
21086	18542	14	10	25	0	18591
21087	219	11	18	18004	0	18252
21088	160	19	17773	89	0	18041
21089	17454	8	88	142	0	17692
21090	115	17991	129	49	0	18284
21091	141	80	23	17470	0	17714
21092	39	18313	18	98	0	18468
21093	58	84	14	18434	0	18590
21094	18596	120	24	93	0	18833
21095	18522	26	19	130	0	18697
21096	18643	14	21	43	0	18721
21097	243	25	18031	36	0	18335
21098	17784	24	85	27	0	17920
21099	128	39	17905	30	0	18102
21100	174	36	17808	37	0	18055
21101	74	24	18226	29	0	18353
21102	75	71	184	16907	0	17237
21103	67	18	135	17473	0	17693
21104	58	16	21	17575	0	17670
21105	60	10	32	17643	0	17745
21106	62	14	20	17522	0	17618
21107	61	27	18	17343	0	17449
21108	43	17739	27	206	0	18015
21109	17328	79	30	125	0	17562
21110	114	17858	21	54	0	18047
21111	156	87	16	17873	0	18132
21112	71	110	15	18099	0	18295
21113	17945	25	19	186	0	18175
21114	113	18045	30	148	0	18336
21115	18206	78	20	41	0	18345
21116	134	110	26	18124	0	18394
21117	162	18	36	18150	0	18366
21118	82	26	36	18213	0	18357
21119	71	27	18151	200	0	18449
21120	66	34	74	18021	0	18195
21121	71	25	17916	109	0	18121
21122	66	29	17377	143	0	17615
21123	87	16	18373	60	0	18536
21124	79	12	168	18103	0	18362
21125	66	25	136	18764	0	18991
21126	74	21	21	19008	0	19124
21127	19083	27	28	212	0	19350
21128	123	24	26	19654	0	19827
21129	19979	15	26	147	0	20167
21130	146	20063	34	177	0	20420
21131	21157	109	24	61	0	21351
21132	21838	148	16	53	0	22055
21133	284	22669	38	65	0	23056
21134	22871	110	27	54	0	23062
21135	22730	156	26	51	0	22963
21136	22943	21	56	40	0	23060
21137	22952	15	45	42	0	23054
21138	333	30	22640	28	0	23031
21139	208	22358	139	46	0	22751
21140	88	141	173	22149	0	22551
21141	21995	143	48	165	0	22351
21142	149	26	22010	196	0	22381
21143	184	21709	119	76	0	22088
21144	82	108	158	20399	0	20747
21145	58	21607	40	118	0	21823
21146	60	143	17	21485	0	21705
21147	54	165	38	21594	0	21851
21148	73	49	21660	242	0	22024
21149	83	39	21204	161	0	21487
21150	19667	30	239	71	0	20007
21151	163	25	21397	30	0	21615
21152	208	29	21163	35	0	21435
21153	91	29	235	20701	0	21056
21154	69	39	167	20396	0	20671
21155	46	21112	63	231	0	21452
21156	53	22448	44	192	0	22737
21157	97	263	22581	46	0	22987
21158	81	317	205	22857	0	23460
21159	48	34	22829	165	0	23076
21160	29	24	21063	176	0	21292
21161	24	20919	265	45	0	21253
21162	78	132	170	20195	0	20575
21163	20454	136	46	117	0	20753
21164	124	25	28	20626	0	20803
21165	20815	13	23	137	0	20988
21166	20581	17	16	160	0	20774
21167	20707	17	24	42	0	20790
21168	266	32	20635	30	0	20963
21169	20466	19	123	35	0	20643
21170	142	26	151	20947	0	21266
21171	21276	13	34	140	0	21463
21172	21154	14	28	170	0	21366
21173	263	21146	41	52	0	21502
21174	21183	118	25	37	0	21363
21175	159	162	21405	29	0	21755
21176	20618	27	143	39	0	20827
21177	20963	21	157	31	0	21172
21178	260	21377	39	52	0	21728
21179	21326	138	21	27	0	21512
21180	148	154	34	20523	0	20859
21181	163	27	29	20286	0	20505
21182	39	20428	48	268	0	20783
21183	39	126	28	20755	0	20948
21184	39	165	27	20778	0	21009
21185	52	31	20606	279	0	20968
21186	53	62	20253	172	0	20540
21187	19460	20	272	63	0	19815
21188	20321	19	171	34	0	20545
21189	292	28	37	20582	0	20939
21190	206	20	20684	152	0	21062
21191	59	20622	149	179	0	21009
21192	65	133	166	20501	0	20865
21193	62	166	20751	160	0	21139
21194	19477	51	152	193	0	19873
21195	181	32	171	21156	0	21540
21196	189	21771	50	164	0	22174
21197	73	151	34	21960	0	22218
21198	53	179	55	22046	0	22333
21199	83	34	38	22293	0	22448
21200	21803	23	35	340	0	22201
21201	200	31	44	21762	0	22037
21202	21989	26	46	193	0	22254
21203	21833	42	27	222	0	22124
21204	361	47	22027	83	0	22518
21205	230	22242	176	79	0	22727
21206	121	183	211	19747	0	20262
21207	79	23192	50	162	0	23483
21208	23357	193	49	188	0	23787
21209	231	210	56	23299	0	23796
21210	258	44	23428	212	0	23942
21211	87	51	23259	253	0	23650
21212	87	46	23495	88	0	23716
21213	22288	38	408	70	0	22804
21214	229	23447	245	88	0	24009
21215	23298	197	64	67	0	23626
21216	247	23681	65	79	0	24072
21217	273	206	51	23242	0	23772
21218	100	225	62	22848	0	23235
21219	77	23571	67	421	0	24136
21220	88	237	23724	261	0	24310
21221	85	24050	217	124	0	24476
21222	23178	214	236	98	0	23726
21223	245	230	63	22465	0	23003
21224	267	72	22416	228	0	22983
21225	114	67	22336	249	0	22766
21226	99	93	380	21990	0	22562
21227	81	49	22124	220	0	22474
21228	81	45	21433	220	0	21779
21229	19705	65	357	69	0	20196
21230	199	20617	216	82	0	21114
21231	19676	153	77	68	0	19974
21232	225	185	19803	83	0	20296
21233	194	18943	223	75	0	19435
21234	79	19198	208	85	0	19570
21235	152	378	152	18781	0	19463
21236	81	189	49	19094	0	19413
21237	68	49	49	19652	0	19818
21238	74	45	19438	373	0	19930
21239	64	47	182	19431	0	19724
21240	67	41	206	19762	0	20076
21241	19650	43	57	381	0	20131
21242	199	19547	48	260	0	20054
21243	224	201	37	19895	0	20357
21244	19878	221	45	233	0	20377
21245	19707	60	46	242	0	20055
21246	398	33	54	19615	0	20100
21247	253	56	19639	224	0	20172
21248	63	45	227	19711	0	20046
21249	67	47	19757	248	0	20119
21250	19736	52	227	244	0	20259
21251	20992	36	241	100	0	21369
21252	422	100	81	21469	0	22072
21253	298	45	21765	239	0	22347
21254	84	22528	232	319	0	23163
21255	95	262	23041	73	0	23471
21256	92	471	290	19049	0	19902
21257	36	21585	302	189	0	22112
21258	20601	195	60	216	0	21072
21259	215	243	25	19540	0	20023
21260	242	20454	30	204	0	20930
21261	20643	196	38	238	0	21115
21262	196	237	45	20266	0	20744
21263	229	20611	48	224	0	21112
21264	42	207	40	20837	0	21126
21265	57	241	20477	222	0	20997
21266	19503	55	219	258	0	20035
21267	19991	36	241	52	0	20320
21268	423	35	19830	55	0	20343
21269	250	19699	197	51	0	20197
21270	19603	198	266	50	0	20117
21271	199	243	59	19340	0	19841
21272	235	50	40	19313	0	19638
21273	55	32	36	19607	0	19730
21274	57	29	42	19548	0	19676
21275	54	32	37	19335	0	19458
21276	18904	35	35	428	0	19402
21277	19075	33	41	267	0	19416
21278	415	39	40	18859	0	19353
21279	260	24	38	19060	0	19382
21280	66	31	18798	446	0	19341
21281	43	43	18767	289	0	19142
21282	18306	17	432	92	0	18847
21283	223	34	261	18518	0	19036
21284	274	40	18408	238	0	18960
21285	70	30	207	18479	0	18786
21286	18385	42	248	254	0	18929
21287	18643	33	69	277	0	19022
21288	435	31	48	18421	0	18935
21289	276	43	56	18547	0	18922
21290	18383	32	43	440	0	18898
21291	225	21	44	18208	0	18498
21292	251	18259	61	273	0	18844
21293	96	219	38	18076	0	18429
21294	76	235	48	17880	0	18239
21295	76	41	17442	437	0	17996
21296	92	35	16912	282	0	17321
21297	51	17085	387	109	0	17632
21298	16623	193	270	83	0	17169
21299	16459	229	51	75	0	16814
21300	16686	46	39	77	0	16848
21301	397	16335	53	97	0	16882
21302	259	16467	46	89	0	16861
21303	15856	356	53	85	0	16350
21304	196	16304	69	116	0	16685
21305	248	200	15720	92	0	16260
21306	85	15738	187	120	0	16130
21307	61	183	15089	103	0	15436
21308	14281	216	211	71	0	14779
21309	14566	40	204	65	0	14875
21310	341	14457	48	87	0	14933
21311	14766	171	44	69	0	15050
21312	15631	207	40	86	0	15964
21313	15866	51	53	64	0	16034
21314	450	44	39	15549	0	16082
21315	15777	38	37	238	0	16090
21316	255	55	15287	273	0	15870
21317	15331	42	189	101	0	15663
21318	254	41	238	15286	0	15819
21319	310	37	15103	224	0	15674
21320	98	48	15149	295	0	15590
21321	93	55	397	14874	0	15419
21322	86	46	260	15108	0	15500
21323	15065	42	70	431	0	15608
21324	231	36	50	15187	0	15504
21325	280	44	14928	267	0	15519
21326	94	34	211	14480	0	14819
21327	84	14965	259	263	0	15571
21328	14917	175	62	298	0	15452
21329	241	231	49	14891	0	15412
21330	288	52	14668	250	0	15258
21331	91	14556	194	300	0	15141
21332	13714	157	238	93	0	14202
21333	211	225	58	13756	0	14250
21334	276	47	13735	221	0	14279
21335	94	13515	182	276	0	14067
21336	13091	213	281	113	0	13698
21337	12908	195	63	80	0	13246
21338	13108	36	56	62	0	13262
21339	372	31	37	12638	0	13078
21340	249	21	48	12754	0	13072
21341	12470	22	48	354	0	12894
21342	194	12445	53	244	0	12936
21343	12288	133	35	77	0	12533
21344	196	178	29	12110	0	12513
21345	12405	31	31	193	0	12660
21346	194	26	48	12211	0	12479
21347	230	23	36	12145	0	12434
21348	80	38	42	12322	0	12482
21349	103	34	38	12367	0	12542
21350	64	32	11438	326	0	11860
21351	78	25	10364	172	0	10639
21352	8940	14	207	80	0	9241
21353	127	26	9340	41	0	9534
21354	93	15	7925	39	0	8072
21355	7333	14	192	28	0	7567
21356	7497	9	145	29	0	7680
21357	145	37	48	7818	0	8048
21358	7938	7	39	71	0	8055
21359	84	8070	22	94	0	8270
21360	8217	56	15	29	0	8317
21361	8080	71	19	26	0	8196
21362	8365	16	17	21	0	8419
21363	149	41	10	8180	0	8380
21364	124	8196	16	64	0	8400
21365	42	8353	21	86	0	8502
21366	8358	114	16	25	0	8513
21367	8388	91	13	48	0	8540
21368	140	30	19	8247	0	8436
21369	104	15	15	8199	0	8333
21370	32	8241	22	131	0	8426
21371	8175	66	15	80	0	8336
21372	83	79	8287	45	0	8494
21373	103	18	57	8073	0	8251
21374	46	11	74	8262	0	8393
21375	30	7	8331	146	0	8514
21376	26	20	67	8128	0	8241
21377	33	7703	69	98	0	7903
21378	32	68	23	8367	0	8490
21379	39	79	29	8207	0	8354
21380	30	8084	18	141	0	8273
21381	38	8431	27	89	0	8585
21382	34	109	18	8322	0	8483
21383	8363	73	24	85	0	8545
21384	71	26	19	8421	0	8537
21385	79	20	16	8458	0	8573
21386	41	8774	22	125	0	8962
21387	37	68	27	8896	0	9028
21388	46	68	15	8874	0	9003
21389	38	19	19	8940	0	9016
21390	8782	16	21	144	0	8963
21391	81	13	10	8889	0	8993
21392	101	17	11	8792	0	8921
21393	39	20	9	8944	0	9012
21394	56	15	8704	140	0	8915
21395	7765	15	56	126	0	7962
21396	81	8774	71	49	0	8975
21397	8741	47	18	41	0	8847
21398	75	81	18	8687	0	8861
21399	98	18	8624	71	0	8811
21400	7953	21	63	102	0	8139
21401	100	23	10045	37	0	10205
21402	82	16	69	9902	0	10069
21403	10390	12	103	69	0	10574
21404	10267	12	21	86	0	10386
21405	10587	13	26	32	0	10658
21406	148	13	11	10602	0	10774
21407	102	15	12	10763	0	10892
21408	42	32	12	10829	0	10915
21409	35	10605	15	145	0	10800
21410	32	10491	10	98	0	10631
21411	41	10346	11	41	0	10439
21412	7	9750	4	16	0	9777
21413	25	28	14	9665	0	9732
21414	5	15	7	9735	0	9762
21415	9663	3	1	30	0	9697
21416	9521	4	4	19	0	9548
21417	9860	0	2	20	0	9882
21418	28	5	3	9893	0	9929
21419	19	10	4	10109	0	10142
21420	10021	5	0	40	0	10066
21421	9793	4	7	24	0	9828
21422	35	10	9997	8	0	10050
21423	28	16	9799	7	0	9850
21424	11	16	10089	6	0	10122
21425	13	9	10625	6	0	10653
21426	8	1	24	10510	0	10543
21427	10578	3	14	23	0	10618
21428	18	10670	1	40	0	10729
21429	18	18	1	10894	0	10931
21430	10	29	11068	27	0	11134
21431	7	11710	14	45	0	11776
21432	10	18	21	11868	0	11917
21433	20	19	11957	23	0	12019
21434	8	2	13	11759	0	11782
21435	4	6	18	12091	0	12119
21436	12175	2	2	39	0	12218
21437	18	5	5	12320	0	12348
21438	28	13	12436	24	0	12501
21439	7	5	14	12271	0	12297
21440	5	13309	25	27	0	13366
21441	13	20	5	13870	0	13908
21442	7	15	7	14034	0	14063
21443	7	2	6	14037	0	14052
21444	14205	0	4	44	0	14253
21445	14246	4	6	37	0	14293
21446	14568	4	0	22	0	14594
21447	14525	3	3	20	0	14551
21448	41	14	14575	13	0	14643
21449	13992	7	12	12	0	14023
21450	14544	6	15	14	0	14579
21451	35	9	14498	15	0	14557
21452	17	10	15119	11	0	15157
21453	11	7	24	15030	0	15072
21454	7	15522	19	22	0	15570
21455	15830	14	2	25	0	15871
21456	16051	11	4	10	0	16076
21457	16169	1	3	22	0	16195
21458	26	7	2	16030	0	16065
21459	17	16904	5	31	0	16957
21460	17521	13	6	26	0	17566
21461	17788	12	7	23	0	17830
21462	27	7	6	17716	0	17756
21463	22	14	17553	31	0	17620
21464	17339	7	19	29	0	17394
21465	21	4	14	18212	0	18251
21466	18528	4	4	29	0	18565
21467	25	1	5	18885	0	18916
21468	26	11	18967	25	0	19029
21469	19740	9	17	38	0	19804
21470	31	9	13	20442	0	20495
21471	21	4	5	20570	0	20600
21472	7	7	7	20661	0	20682
21473	6	1	4	20684	0	20695
21474	20900	6	5	40	0	20951
21475	19	3	2	20765	0	20789
21476	39	20984	12	45	0	21080
21477	11	30	4	21282	0	21327
21478	4	21544	10	39	0	21597
21479	5	27	1	21765	0	21798
21480	11	28	1	21892	0	21932
21481	6	21922	8	63	0	21999
21482	7	25	0	22110	0	22142
21483	9	25	4	22088	0	22126
21484	21985	6	6	64	0	22061
21485	36	18	22660	39	0	22753
21486	36	1	32	22913	0	22982
21487	23229	5	36	54	0	23324
21488	23151	6	6	51	0	23214
21489	23342	4	17	18	0	23381
21490	95	12	23718	13	0	23838
21491	70	18	24098	14	0	24200
21492	14	32	103	24404	0	24553
21493	25074	0	81	68	0	25223
21494	60	18	24924	64	0	25066
21495	23886	2	60	31	0	23979
21496	51	25500	73	33	0	25657
21497	71	48	6	26622	0	26747
21498	15	70	4	27258	0	27347
21499	27704	7	8	127	0	27846
21500	49	16	5	28114	0	28184
21501	27381	2	8	77	0	27468
21502	27977	6	4	88	0	28075
21503	108	11	3	27793	0	27915
21504	76	5	5	28011	0	28097
21505	28252	3	1	139	0	28395
21506	85	31	29954	83	0	30153
21507	29518	3	57	66	0	29644
21508	86	22	31983	10	0	32101
21509	32040	9	66	59	0	32174
21510	34669	6	68	67	0	34810
21511	34568	5	17	22	0	34612
21512	34119	6	10	25	0	34160
21513	136	34657	37	35	0	34865
21514	35465	55	19	51	0	35590
21515	35492	77	5	34	0	35608
21516	140	37768	35	49	0	37992
21517	38124	61	14	32	0	38231
21518	105	110	37717	22	0	37954
21519	37025	17	61	46	0	37149
21520	126	115	38741	24	0	39006
21521	125	9	81	38644	0	38859
21522	34	13	101	39387	0	39535
21523	57	35	39986	184	0	40262
21524	33	16	84	39619	0	39752
21525	77	79	159	35234	0	35549
21526	41918	8	27	226	0	42179
21527	112	18	22	42420	0	42572
21528	154	12	14	42564	0	42744
21529	43	14	14	42725	0	42796
21530	29	42195	39	298	0	42561
21531	42	106	6	42379	0	42533
21532	42145	134	15	157	0	42451
21533	164	47	43038	190	0	43439
21534	180	16	132	43625	0	43953
21535	72	40	44041	173	0	44326
21536	42263	14	154	210	0	42641
21537	163	12	182	45592	0	45949
21538	247	74	54244	247	0	54812
21539	46	22	417	54615	0	55100
21540	55	22	479	54196	0	54752
21541	36	55492	160	932	0	56620
21542	48	408	72	57078	0	57606
21543	58	475	38	59536	0	60107
21544	71	168	59683	1036	0	60958
21545	66	65	472	59569	0	60172
21546	51	28	563	60309	0	60951
21547	59587	20	129	1109	0	60845
21548	58843	28	78	755	0	59704
21549	989	59820	89	294	0	61192
21550	60779	464	44	185	0	61472
21551	60168	556	47	162	0	60933
21552	1113	62204	77	164	0	63558
21553	717	549	53	61956	0	63275
21554	62775	572	47	618	0	64012
21555	62901	144	65	673	0	63783
21556	62295	91	59	239	0	62684
21557	1199	62041	83	295	0	63618
21558	836	553	63231	154	0	64774
21559	63448	596	555	170	0	64769
21560	64286	177	600	209	0	65272
21561	1253	65341	180	207	0	66981
21562	65786	626	97	169	0	66678
21563	66173	708	79	178	0	67138
21564	1367	183	79	66033	0	67662
21565	1000	194	67380	706	0	69280
21566	361	97	602	68381	0	69441
21567	275	91	710	68547	0	69623
21568	240	77	197	69862	0	70376
21569	231	117	68015	1494	0	69857
21570	216	91	672	66643	0	67622
21571	221	78	763	68317	0	69379
21572	177	87	199	69243	0	69706
21573	238	77	132	69158	0	69605
21574	209	84	83	69243	0	69619
21575	172	68428	110	1994	0	70704
21576	181	628	95	69724	0	70628
21577	158	746	111	71296	0	72311
21578	176	223	70490	1616	0	72505
21579	174	117	717	74829	0	75837
21580	194	103	808	75586	0	76691
21581	193	106	226	78235	0	78760
21582	218	97	187	79814	0	80316
21583	78342	89	149	2229	0	80809
21584	1023	129	120	80094	0	81366
21585	1188	172	97	79890	0	81347
21586	486	205	77716	2172	0	80579
21587	338	75788	908	1687	0	78721
21588	243	78495	1119	762	0	80619
21589	76462	1713	383	605	0	79163
21590	918	78385	280	668	0	80251
21591	1106	1065	160	76754	0	79085
21592	76029	1100	172	1371	0	78672
21593	1089	372	77060	1502	0	80023
21594	1179	246	952	75516	0	77893
21595	397	77788	1121	1469	0	80775
21596	332	962	332	76218	0	77844
21597	226	78235	223	1630	0	80314
21598	241	1177	176	78272	0	79866
21599	76576	1250	159	1568	0	79553
21600	1196	469	78232	1684	0	81581
21601	1293	328	1040	73775	0	76436
21602	453	78077	1275	1490	0	81295
21603	77477	1057	414	1593	0	80541
21604	1242	1246	77272	881	0	80641
21605	1314	410	1078	76391	0	79193
21606	555	317	75602	1587	0	78061
21607	452	257	1239	75086	0	77034
21608	441	254	74093	1752	0	76540
21609	311	244	1318	71871	0	73744
21610	286	262	1395	72037	0	73980
21611	70422	293	466	2578	0	73759
21612	71145	300	335	1842	0	73622
21613	2274	290	268	69578	0	72410
21614	1515	69807	326	1618	0	73266
21615	606	1164	216	71130	0	73116
21616	462	1271	283	69731	0	71747
21617	67293	390	284	2737	0	70704
21618	1131	67749	358	2146	0	71384
21619	68048	1174	261	1022	0	70505
21620	66651	1347	271	894	0	69163
21621	2216	65614	260	968	0	69058
21622	1559	67732	231	947	0	70469
21623	66108	2068	301	888	0	69365
21624	1390	1456	65252	1026	0	69124
21625	64995	547	1123	1007	0	67672
21626	64259	428	1296	957	0	66940
21627	2410	63831	547	916	0	67704
21628	1747	1210	413	56969	0	60339
21629	686	64468	405	1668	0	67227
21630	63479	1341	452	1757	0	67029
21631	63878	1489	454	999	0	66820
21632	2288	739	423	61233	0	64683
21633	1683	708	348	62940	0	65679
21634	59622	524	329	2637	0	63112
21635	1421	60305	307	2177	0	64210
21636	1600	59797	334	1224	0	62955
21637	779	59413	334	1048	0	61574
21638	451	48980	347	818	0	50596
21639	417	49680	325	839	0	51261
21640	625	2029	433	47533	0	50620
21641	464	1237	46459	1252	0	49412
21642	426	46473	752	1335	0	48986
21643	43392	1043	837	698	0	45970
21644	1073	1059	361	42876	0	45369
21645	43061	507	334	1031	0	44933
21646	1015	42695	320	1176	0	45206
21647	42996	907	351	607	0	44861
21648	1063	42887	425	1121	0	45496
21649	1156	971	430	42956	0	45513
21650	42953	960	401	1066	0	45380
21651	43411	444	409	1198	0	45462
21652	1546	409	361	43244	0	45560
21653	1174	379	341	43018	0	44912
21654	615	42587	321	1807	0	45330
21655	622	908	217	43118	0	44865
21656	674	941	176	43036	0	44827
21657	651	709	162	42530	0	44052
21658	551	40631	210	1811	0	43203
21659	37852	846	141	1243	0	40082
21660	865	38928	173	810	0	40776
21661	37895	876	172	576	0	39519
21662	947	38012	196	535	0	39690
21663	1128	935	36408	481	0	38952
21664	676	1052	631	35970	0	38329
21665	589	524	35467	778	0	37358
21666	546	512	34680	818	0	36556
21667	534	518	1170	33874	0	36096
21668	586	390	34595	755	0	36326
21669	591	327	768	33644	0	35330
21670	621	339	780	33778	0	35518
21671	572	366	293	34558	0	35789
21672	33598	376	219	1422	0	35615
21673	895	377	189	34054	0	35515
21674	1022	394	137	33599	0	35152
21675	32078	289	109	1398	0	33874
21676	905	31852	129	1071	0	33957
21677	883	30190	100	652	0	31825
21678	535	30446	82	541	0	31604
21679	441	1741	104	24227	0	26513
21680	316	531	24412	508	0	25767
21681	20585	418	460	488	0	21951
21682	373	21701	296	210	0	22580
21683	20532	328	133	140	0	21133
21684	20288	346	47	97	0	20778
21685	20445	168	57	88	0	20758
21686	517	175	20403	94	0	21189
21687	393	154	205	20379	0	21131
21688	236	122	243	20655	0	21256
21689	192	116	94	21055	0	21457
21690	179	103	71	20489	0	20842
21691	168	20460	66	489	0	21183
21692	19899	256	52	333	0	20540
21693	268	264	19233	157	0	19922
21694	18261	89	165	135	0	18650
21695	274	271	180	17572	0	18297
21696	263	17457	49	219	0	17988
21697	128	17853	25	252	0	18258
21698	198	882	74	16089	0	17243
21699	90	16773	29	203	0	17095
21700	14801	100	51	120	0	15072
21701	103	122	14602	51	0	14878
21702	99	49	62	13994	0	14204
21703	37	21	84	14433	0	14575
21704	29	26	23	14637	0	14715
21705	35	23	18	14650	0	14726
21706	14699	23	15	151	0	14888
21707	80	45	12	15160	0	15297
21708	16854	15	14	106	0	16989
21709	119	23	12	17531	0	17685
21710	141	26	15	18067	0	18249
21711	48	15140	19	4206	0	19413
21712	19710	90	17	222	0	20039
21713	19906	147	18	89	0	20160
21714	300	20100	20	56	0	20476
21715	209	139	26	18678	0	19052
21716	59	19840	27	139	0	20065
21717	17080	162	2440	194	0	19876
21718	131	186	19718	85	0	20120
21719	178	66	19396	48	0	19688
21720	18049	28	281	55	0	18413
21721	123	19188	211	47	0	19569
21722	170	123	48	19004	0	19345
21723	59	177	20	19181	0	19437
21724	41	56	19232	296	0	19625
21725	25	21	119	19127	0	19292
21726	26	21	168	19224	0	19439
21727	23	18934	54	334	0	19345
21728	33	127	15	19050	0	19225
21729	24	181	20	18886	0	19111
21730	18441	57	18	311	0	18827
21731	119	18348	34	248	0	18749
21732	190	18460	32	106	0	18788
21733	68	274	21	18478	0	18841
21734	35	212	17	18626	0	18890
21735	33	72	14	18591	0	18710
21736	36	18463	19	344	0	18862
21737	34	143	20	18736	0	18933
21738	38	183	14	18447	0	18682
21739	38	56	15	18759	0	18868
21740	34	39	18	18550	0	18641
21741	38	18623	27	361	0	19049
21742	31	19555	22	259	0	19867
21743	19297	325	16	85	0	19723
21744	19360	236	20	53	0	19669
21745	359	67	17	19443	0	19886
21746	273	50	19584	212	0	20119
21747	76	35	167	19731	0	20009
21748	43	45	198	19413	0	19699
21749	18841	39	60	387	0	19327
21750	191	19412	38	291	0	19932
21751	226	191	18	19255	0	19690
21752	76	386	15	19270	0	19747
21753	65	97	19133	405	0	19700
21754	53	68	19129	279	0	19529
21755	51	50	355	18916	0	19372
21756	55	52	265	18227	0	18599
21757	45	18819	96	371	0	19331
21758	42	19064	35	308	0	19449
21759	18818	358	39	132	0	19347
21760	184	248	41	19092	0	19565
21761	214	83	18963	248	0	19508
21762	65	18831	181	275	0	19352
21763	55	187	199	18915	0	19356
21764	18836	222	58	251	0	19367
21765	169	95	30	19139	0	19433
21766	18777	44	19	295	0	19135
21767	209	18954	38	292	0	19493
21768	18646	204	22	122	0	18994
21769	229	241	17	18835	0	19322
21770	246	111	19380	251	0	19988
21771	87	81	166	18959	0	19293
21772	55	19728	239	287	0	20309
21773	69	242	71	19464	0	19846
21774	62	20438	52	284	0	20836
21775	73	257	32	20945	0	21307
21776	81	294	20427	340	0	21142
21777	68	95	20137	384	0	20684
21778	58	87	20502	223	0	20870
21779	19575	89	456	157	0	20277
21780	229	20221	307	144	0	20901
21781	301	20627	99	134	0	21161
21782	20226	443	41	139	0	20849
21783	20063	339	57	143	0	20602
21784	429	116	68	20069	0	20682
21785	318	93	20104	345	0	20860
21786	136	85	19577	347	0	20145
21787	80	94	440	19315	0	19929
21788	19354	93	296	341	0	20084
21789	231	19390	108	418	0	20147
21790	267	243	64	19520	0	20094
21791	19380	281	86	352	0	20099
21792	19285	99	79	382	0	19845
21793	417	99	19369	221	0	20106
21794	18236	95	226	205	0	18762
21795	287	112	19493	204	0	20096
21796	321	110	19616	142	0	20189
21797	115	90	441	18935	0	19581
21798	97	87	309	19169	0	19662
21799	89	93	112	19573	0	19867
21800	90	112	19194	555	0	19951
21801	18696	80	224	436	0	19436
21802	241	66	271	19735	0	20313
21803	19403	74	83	350	0	19910
21804	19125	100	61	351	0	19637
21805	483	19516	63	189	0	20251
21806	324	19612	80	163	0	20179
21807	115	19362	107	161	0	19745
21808	108	509	132	17075	0	17824
21809	68	254	16999	211	0	17532
21810	64	572	198	15207	0	16041
21811	63	15591	223	187	0	16064
21812	58	15227	59	237	0	15581
21813	95	276	55	14854	0	15280
21814	14701	177	64	153	0	15095
21815	149	14675	57	194	0	15075
21816	167	14665	59	85	0	14976
21817	14893	266	44	67	0	15270
21818	146	190	37	15002	0	15375
21819	186	56	28	15017	0	15287
21820	71	41	24	15361	0	15497
21821	14929	32	38	302	0	15301
21822	14948	27	40	217	0	15232
21823	295	33	57	14998	0	15383
21824	215	25	14688	182	0	15110
21825	14499	28	158	197	0	14882
21826	164	40	175	14878	0	15257
21827	179	44	14797	187	0	15207
21828	77	35	14750	197	0	15059
21829	62	33	283	15042	0	15420
21830	54	31	15829	190	0	16104
21831	52	43	182	16624	0	16901
21832	62	41	195	16560	0	16858
21833	52	33	58	17553	0	17696
21834	17209	33	59	384	0	17685
21835	208	46	36	17431	0	17721
21836	219	52	29	17380	0	17680
21837	58	64	40	17508	0	17670
21838	55	56	45	17517	0	17673
21839	47	65	16777	405	0	17294
21840	48	16724	182	278	0	17232
21841	45	156	180	15736	0	16117
21842	35	178	60	14987	0	15260
21843	38	15206	52	274	0	15570
21844	33	15609	49	208	0	15899
21845	15311	275	61	67	0	15714
21846	148	14964	37	218	0	15367
21847	169	155	25	14815	0	15164
21848	73	177	14975	157	0	15382
21849	14240	39	134	204	0	14617
21850	162	33	14626	78	0	14899
21851	14305	22	145	77	0	14549
21852	14388	16	167	82	0	14653
21853	292	21	14612	64	0	14989
21854	203	20	137	13661	0	14021
21855	60	14436	180	196	0	14872
21856	55	120	64	14892	0	15131
21857	15221	147	50	197	0	15615
21858	15247	24	56	219	0	15546
21859	290	15302	56	125	0	15773
21860	15319	116	50	95	0	15580
21861	156	161	47	14963	0	15327
21862	15055	42	42	184	0	15323
21863	15055	39	28	242	0	15364
21864	287	34	44	15028	0	15393
21865	15016	35	31	200	0	15282
21866	14464	40	26	249	0	14779
21867	285	37	14754	107	0	15183
21868	14378	42	127	87	0	14634
21869	164	48	14548	82	0	14842
21870	178	50	13707	68	0	14003
21871	53	14031	244	83	0	14411
21872	68	160	195	13357	0	13780
21873	49	141	13763	123	0	14076
21874	46	53	13498	153	0	13750
21875	13355	52	231	52	0	13690
21876	121	30	129	13511	0	13791
21877	146	24	32	13872	0	14074
21878	32	42	29	14043	0	14146
21879	38	35	27	14046	0	14146
21880	57	24	22	14193	0	14296
21881	56	34	13988	241	0	14319
21882	65	39	13907	163	0	14174
21883	52	25	216	13982	0	14275
21884	13851	32	135	137	0	14155
21885	134	13812	30	177	0	14153
21886	148	102	29	13772	0	14051
21887	13761	117	28	145	0	14051
21888	139	13792	48	176	0	14155
21889	168	99	27	13794	0	14088
21890	65	132	35	13967	0	14199
21891	55	20	39	14024	0	14138
21892	13790	9	43	266	0	14108
21893	134	26	13675	168	0	14003
21894	13611	21	129	88	0	13849
21895	134	22	148	13820	0	14124
21896	147	14	51	13236	0	13448
21897	51	13627	53	265	0	13996
21898	58	95	13770	178	0	14101
21899	13259	130	119	105	0	13613
21900	13684	19	150	85	0	13938
21901	226	38	13573	94	0	13931
21902	12748	35	103	112	0	12998
21903	128	13504	143	98	0	13873
21904	143	13599	56	75	0	13873
21905	51	13517	55	84	0	13707
21906	12899	190	57	58	0	13204
21907	129	133	12994	46	0	13302
21908	126	131	105	12119	0	12481
21909	45	12234	115	130	0	12524
21910	46	12343	25	137	0	12551
21911	53	12368	36	57	0	12514
21912	101	255	56	10705	0	11117
21913	11681	96	28	112	0	11917
21914	109	11891	26	130	0	12156
21915	108	82	29	11885	0	12104
21916	45	100	22	11997	0	12164
21917	11720	19	36	180	0	11955
21918	112	20	25	11808	0	11965
21919	124	26	26	11961	0	12137
21920	45	31	12015	188	0	12279
21921	38	26	88	11990	0	12142
21922	71	15	93	12262	0	12441
21923	12151	29	42	180	0	12402
21924	12141	16	24	123	0	12304
21925	195	15	25	12200	0	12435
21926	11900	26	35	121	0	12082
21927	11832	36	26	116	0	12010
21928	171	12095	38	41	0	12345
21929	122	93	11799	37	0	12051
21930	57	11354	84	50	0	11545
21931	106	279	107	10178	0	10670
21932	9941	86	68	59	0	10154
21933	52	9879	23	63	0	10017
21934	56	56	12	9859	0	9983
21935	9841	60	13	70	0	9984
21936	9776	21	10	61	0	9868
21937	97	20	8	9810	0	9935
21938	59	18	10155	71	0	10303
21939	21	11	43	10286	0	10361
21940	23	11	48	10471	0	10553
21941	16	20	10467	105	0	10608
21942	19	7	46	10343	0	10415
21943	18	11	52	10536	0	10617
21944	10791	6	15	111	0	10923
21945	45	17	12	10906	0	10980
21946	67	9	10	10945	0	11031
21947	10859	9	13	100	0	10981
21948	10657	5	10	75	0	10747
21949	10666	14	12	32	0	10724
21950	105	20	10654	27	0	10806
21951	72	27	47	10337	0	10483
21952	19	10777	48	59	0	10903
21953	27	55	13	10945	0	11040
21954	37	71	11250	51	0	11409
21955	32	44	46	10681	0	10803
21956	23	22	10983	62	0	11090
21957	10093	24	64	40	0	10221
21958	10418	6	44	21	0	10489
21959	68	4	2	10739	0	10813
21960	38	10	11	10827	0	10886
21961	14	2	4	10798	0	10818
21962	10	11402	8	69	0	11489
21963	11359	31	5	48	0	11443
21964	11418	34	9	26	0	11487
21965	70	4	12	11417	0	11503
21966	40	8	7	11447	0	11502
21967	17	4	5	11487	0	11513
21968	20	7	5	11534	0	11566
21969	13	13	11456	86	0	11568
21970	21	5	35	11494	0	11555
21971	11312	7	29	54	0	11402
21972	11210	9	10	52	0	11281
21973	75	10	10	10985	0	11080
21974	47	14	10795	46	0	10902
21975	10380	3	40	54	0	10477
21976	48	28	32	10927	0	11035
21977	35	11044	18	63	0	11160
21978	9	11483	14	57	0	11563
21979	11746	68	36	42	0	11892
21980	50	43	12	12038	0	12143
21981	48	9	8	12320	0	12385
21982	21	7	12	12882	0	12922
21983	19	5	8	13009	0	13041
21984	16	7	5	13524	0	13552
21985	23	8	13502	134	0	13667
21986	25	13	13341	97	0	13476
21987	15	16	13510	28	0	13569
21988	15	5	135	13254	0	13409
21989	28	12	13914	92	0	14046
21990	22	5	84	13794	0	13905
21991	14	3	80	13893	0	13990
21992	15	1	16	14419	0	14451
21993	14530	1	19	162	0	14712
21994	79	8	22	14745	0	14854
21995	90	9	19	14912	0	15030
21996	14794	5	28	174	0	15001
21997	86	15047	19	138	0	15290
21998	94	15509	23	45	0	15671
21999	15500	154	12	38	0	15704
22000	86	15991	23	52	0	16152
22001	15961	85	14	52	0	16112
22002	15981	99	17	35	0	16132
22003	16030	16	8	51	0	16105
22004	15966	9	10	39	0	16024
22005	15960	10	12	39	0	16021
22006	194	15921	8	50	0	16173
22007	15924	87	10	34	0	16055
22008	15934	104	11	34	0	16083
22009	187	16386	23	38	0	16634
22010	17668	89	15	27	0	17799
22011	17856	108	12	24	0	18000
22012	19206	18	8	28	0	19260
22013	19931	21	8	31	0	19991
22014	394	30	21006	49	0	21479
22015	241	18	196	21694	0	22149
22016	68	17	211	22461	0	22757
22017	64	41	22354	460	0	22919
22018	73	33	22051	275	0	22432
22019	21712	23	445	42	0	22222
22020	267	42	258	22425	0	22992
22021	301	18	22824	218	0	23361
22022	87	35	22641	246	0	23009
22023	22169	13	479	54	0	22715
22024	22849	14	279	34	0	23176
22025	22913	7	48	40	0	23008
22026	529	21	22798	43	0	23391
22027	310	16	252	22513	0	23091
22028	101	26	23131	239	0	23497
22029	22157	24	273	263	0	22717
22030	311	26	23534	53	0	23924
22031	296	17	293	22614	0	23220
22032	106	33	284	21959	0	22382
22033	77	23501	73	482	0	24133
22034	23709	237	58	260	0	24264
22035	310	259	23723	74	0	24366
22036	23406	30	295	77	0	23808
22037	324	19	24356	61	0	24760
22038	334	16	318	23368	0	24036
22039	103	13	320	23690	0	24126
22040	85	14	86	24022	0	24207
22041	23504	10	100	543	0	24157
22042	322	23	69	23444	0	23858
22043	345	20	69	23288	0	23722
22044	119	22958	83	550	0	23710
22045	115	235	87	23345	0	23782
22046	22437	257	102	331	0	23127
22047	349	30	22920	339	0	23638
22048	359	27	327	22542	0	23255
22049	144	24	22930	360	0	23458
22050	117	22207	375	366	0	23065
22051	130	251	22795	136	0	23312
22052	22096	271	375	136	0	22878
22053	22536	53	355	125	0	23069
22054	593	32	145	22068	0	22838
22055	22350	32	158	357	0	22897
22056	22164	26	127	356	0	22673
22057	605	35	140	22006	0	22786
22058	412	18	142	22345	0	22917
22059	173	41	21984	583	0	22781
22060	151	21715	361	403	0	22630
22061	21512	262	358	145	0	22277
22062	379	21384	141	141	0	22045
22063	418	293	111	21073	0	21895
22064	207	281	116	21265	0	21869
22065	182	50	127	21510	0	21869
22066	158	51	126	21431	0	21766
22067	139	60	20908	663	0	21770
22068	19894	43	366	443	0	20746
22069	21018	51	376	185	0	21630
22070	627	45	152	20728	0	21552
22071	20894	55	124	391	0	21464
22072	402	57	107	20987	0	21553
22073	408	73	20627	429	0	21537
22074	187	57	357	20179	0	20780
22075	173	20292	355	409	0	21229
22076	183	245	132	19447	0	20007
22077	132	19912	119	405	0	20568
22078	160	280	119	18372	0	18931
22079	140	19253	117	384	0	19894
22080	18439	278	108	408	0	19233
22081	367	289	18478	230	0	19364
22082	344	17541	318	179	0	18382
22083	139	17746	334	208	0	18427
22084	250	466	240	16816	0	17772
22085	137	266	103	16963	0	17469
22086	140	60	125	17063	0	17388
22087	154	49	109	16986	0	17298
22088	130	16636	134	540	0	17440
22089	149	243	97	16472	0	16961
22090	134	246	110	16373	0	16863
22091	15890	61	87	535	0	16573
22092	338	47	79	16082	0	16546
22093	331	68	15588	371	0	16358
22094	164	59	15357	365	0	15945
22095	14361	67	421	222	0	15071
22096	271	15216	278	200	0	15965
22097	272	15098	79	180	0	15629
22098	158	413	123	14338	0	15032
22099	126	260	61	14544	0	14991
22100	94	93	14052	478	0	14717
22101	13354	78	221	361	0	14014
22102	13811	71	244	177	0	14303
22103	424	108	14150	180	0	14862
22104	287	60	14023	164	0	14534
22105	13750	45	414	181	0	14390
22106	14289	60	259	167	0	14775
22107	14413	64	65	173	0	14715
22108	14125	65	58	151	0	14399
22109	441	13461	68	166	0	14136
22110	12206	195	59	121	0	12581
22111	228	160	11596	123	0	12107
22112	156	50	10189	86	0	10481
22113	54	56	9831	67	0	10008
22114	185	802	376	6642	0	8005
22115	6544	11	186	51	0	6792
22116	6528	6	22	46	0	6602
22117	57	8	11	6527	0	6603
22118	37	8	10	6487	0	6542
22119	19	13	6	6535	0	6573
22120	10	6971	10	67	0	7058
22121	7125	34	5	48	0	7212
22122	7164	28	5	26	0	7223
22123	7217	11	4	19	0	7251
22124	7197	6	11	18	0	7232
22125	7176	7	13	18	0	7214
22126	64	7	8	7021	0	7100
22127	38	7021	10	47	0	7116
22128	22	47	12	6861	0	6942
22129	15	51	7	6666	0	6739
22130	6488	4	12	62	0	6566
22131	41	7	6398	36	0	6482
22132	31	8	6164	6	0	6209
22133	9	8	6277	8	0	6302
22134	6212	5	43	12	0	6272
22135	6392	1	74	9	0	6476
22136	32	6	8	6585	0	6631
22137	25	3	1	6527	0	6556
22138	9	5	1	6688	0	6703
22139	6	8	6762	44	0	6820
22140	2	1	22	6635	0	6660
22141	9	11	7313	30	0	7363
22142	3	7	22	7283	0	7315
22143	7	5	23	7319	0	7354
22144	7	11	9	7484	0	7511
22145	7512	5	5	45	0	7567
22146	7533	0	5	29	0	7567
22147	40	5	7650	15	0	7710
22148	7524	2	19	14	0	7559
22149	7635	1	21	13	0	7670
22150	42	2	7	7669	0	7720
22151	7804	2	4	28	0	7838
22152	31	1	8	7975	0	8015
22153	27	3	4	8019	0	8053
22154	12	4	7949	53	0	8018
22155	7400	6	23	38	0	7467
22156	27	5	24	7983	0	8039
22157	31	3	8108	24	0	8166
22158	16	5	8527	34	0	8582
22159	10	10	48	8362	0	8430
22160	9	6	30	8485	0	8530
22161	8629	1	12	49	0	8691
22162	26	2	7	8685	0	8720
22163	29	6	8	8739	0	8782
22164	11	0	3	8875	0	8889
22165	6	1	11	9359	0	9377
22166	9677	0	7	77	0	9761
22167	9674	2	12	61	0	9749
22168	10016	2	7	19	0	10044
22169	10204	3	11	18	0	10236
22170	99	2	4	10543	0	10648
22171	10691	2	2	64	0	10759
22172	75	1	7	10755	0	10838
22173	10903	0	6	68	0	10977
22174	72	0	7	10890	0	10969
22175	84	1	7	10707	0	10799
22176	15	11017	6	129	0	11167
22177	24	47	1	11095	0	11167
22178	11013	63	0	78	0	11154
22179	10765	8	4	94	0	10871
22180	132	10	11130	28	0	11300
22181	85	11263	57	35	0	11440
22182	11228	55	76	25	0	11384
22183	67	11717	18	37	0	11839
22184	11606	54	15	33	0	11708
22185	73	12320	10	33	0	12436
22186	91	61	12444	34	0	12630
22187	27	12687	66	30	0	12810
22188	28	12762	79	35	0	12904
22189	32	131	15	12922	0	13100
22190	13205	88	14	75	0	13382
22191	72	21	15	13417	0	13525
22192	88	22	11	13445	0	13566
22193	13354	12	10	155	0	13531
22194	13646	24	9	118	0	13797
22195	162	11	8	13805	0	13986
22196	109	11	7	13800	0	13927
22197	45	11	14	13869	0	13939
22198	13584	15	8	184	0	13791
22199	94	31	13707	111	0	13943
22200	117	9	64	13712	0	13902
22201	58	13	14352	96	0	14519
22202	38	14190	74	126	0	14428
22203	35	67	13997	62	0	14161
22204	46	85	71	13789	0	13991
22205	54	23	13999	87	0	14163
22206	13299	12	80	121	0	13512
22207	76	19	92	13988	0	14175
22208	95	14505	36	120	0	14756
22209	36	83	17	14513	0	14649
22210	34	14612	31	102	0	14779
22211	43	14678	22	119	0	14862
22212	40	14866	30	48	0	14984
22213	38	150	23	14041	0	14252
22214	24	14499	29	111	0	14663
22215	14356	74	13	109	0	14552
22216	97	105	14075	46	0	14323
22217	115	37	13983	41	0	14176
22218	44	52	14483	57	0	14636
22219	38	26	142	14450	0	14656
22220	44	28	91	14119	0	14282
22221	46	32	23	14093	0	14194
22222	54	21	24	14186	0	14285
22223	47	28	32	14017	0	14124
22224	57	14548	31	185	0	14821
22225	62	92	14429	131	0	14714
22226	65	99	14277	69	0	14510
22227	50	14907	153	72	0	15182
22228	38	87	104	15004	0	15233
22229	45	98	30	15096	0	15269
22230	30	42	24	15183	0	15279
22231	15001	36	24	181	0	15242
22232	108	38	14923	128	0	15197
22233	14631	30	74	80	0	14815
22234	14713	36	111	66	0	14926
22235	162	14769	39	75	0	15045
22236	125	14838	32	55	0	15050
22237	14975	156	38	58	0	15227
22238	102	127	30	15032	0	15291
22239	131	39	23	15523	0	15716
22240	70	39	16117	213	0	16439
22241	55	61	15620	521	0	16257
22242	44	47	196	16315	0	16602
22243	16519	48	154	119	0	16840
22244	115	50	17262	164	0	17591
22245	17576	45	103	80	0	17804
22246	108	44	170	18282	0	18604
22247	167	37	44	19042	0	19290
22248	55	32	36	19742	0	19865
22249	57	34	19816	313	0	20220
22250	42	19738	137	246	0	20163
22251	38	20490	208	93	0	20829
22252	20529	253	41	78	0	20901
22253	20807	184	34	62	0	21087
22254	304	38	25	21027	0	21394
22255	21200	25	36	174	0	21435
22256	162	50	20862	220	0	21294
22257	210	43	20832	65	0	21150
22258	40	24	302	20476	0	20842
22259	21088	16	223	180	0	21507
22260	141	27	50	21472	0	21690
22261	206	23	54	21833	0	22116
22262	21704	38	34	340	0	22116
22263	21926	27	47	242	0	22242
22264	326	23003	46	98	0	23473
22265	23069	151	31	70	0	23321
22266	174	248	30	22446	0	22898
22267	212	22941	42	178	0	23373
22268	22770	145	37	229	0	23181
22269	161	23168	42	66	0	23437
22270	218	187	28	22704	0	23137
22271	22654	201	38	160	0	23053
22272	171	33	22564	208	0	22976
22273	216	32	22486	36	0	22770
22274	67	27	338	22008	0	22440
22275	47	27	211	22395	0	22680
22276	42	23	32	21856	0	21953
22277	36	23141	35	305	0	23517
22278	23393	151	20	211	0	23775
22279	23411	227	16	51	0	23705
22280	23509	29	14	58	0	23610
22281	374	24440	25	84	0	24923
22282	264	172	24	26001	0	26461
22283	61	256	28	26081	0	26426
22284	49	43	24	26544	0	26660
22285	24936	31	23	487	0	25477
22286	198	25317	26	332	0	25873
22287	296	208	21	25284	0	25809
22288	66	282	16	25397	0	25761
22289	72	50	24970	482	0	25574
22290	59	24780	200	327	0	25366
22291	61	238	287	24547	0	25133
22292	71	280	34	24669	0	25054
22293	61	52	25	24861	0	24999
22294	24008	34	26	508	0	24576
22295	221	24066	30	370	0	24687
22296	24306	207	25	99	0	24637
22297	246	297	28	24070	0	24641
22298	24397	51	28	243	0	24719
22299	265	59	23949	333	0	24606
22300	23950	42	198	105	0	24295
22301	23793	54	279	97	0	24223
22302	496	65	23889	100	0	24550
22303	349	47	193	23804	0	24393
22304	102	57	285	24015	0	24459
22305	24257	56	60	521	0	24894
22306	253	54	52	24648	0	25007
22307	349	48	40	24464	0	24901
22308	99	51	39	24552	0	24741
22309	99	62	23932	561	0	24654
22310	21972	59	226	421	0	22678
22311	253	24220	325	145	0	24943
22312	351	217	55	23427	0	24050
22313	112	24347	63	271	0	24793
22314	102	24869	65	374	0	25410
22315	94	495	40	24774	0	25403
22316	119	359	24881	316	0	25675
22317	124	105	24760	416	0	25405
22318	124	69	499	24778	0	25470
22319	125	75	25140	315	0	25655
22320	24337	88	236	423	0	25084
22321	295	62	337	25236	0	25930
22322	391	65	66	25253	0	25775
22323	108	25459	77	631	0	26275
22324	102	237	68	25559	0	25966
22325	121	335	59	24940	0	25455
22326	88	24825	83	643	0	25639
22327	95	243	61	25280	0	25679
22328	103	357	58	24622	0	25140
22329	121	24800	81	602	0	25604
22330	24800	240	64	446	0	25550
22331	312	354	24767	188	0	25621
22332	410	103	24573	150	0	25236
22333	142	142	504	24256	0	25044
22334	130	101	349	24556	0	25136
22335	133	90	24509	603	0	25335
22336	125	82	24264	445	0	24916
22337	22064	76	528	221	0	22889
22338	267	23964	361	200	0	24792
22339	23587	231	97	188	0	24103
22340	283	301	23117	191	0	23892
22341	332	22867	249	182	0	23630
22342	108	309	339	22835	0	23591
22343	104	317	23269	360	0	24050
22344	89	81	22536	387	0	23093
22345	94	229	497	22816	0	23636
22346	89	80	23013	334	0	23516
22347	77	22142	258	427	0	22904
22348	80	252	334	21585	0	22251
22349	106	318	21938	278	0	22640
22350	63	22073	256	379	0	22771
22351	21594	224	357	138	0	22313
22352	242	325	21385	113	0	22065
22353	324	21330	251	119	0	22024
22354	112	213	345	20946	0	21616
22355	74	310	112	21563	0	22059
22356	21407	75	85	527	0	22094
22357	236	48	59	21532	0	21875
22358	327	40	81	21195	0	21643
22359	20668	49	79	549	0	21345
22360	213	63	59	20697	0	21032
22361	321	45	19984	297	0	20647
22362	80	91	210	19997	0	20378
22363	62	43	19864	282	0	20251
22364	51	52	18577	337	0	19017
22365	50	58	18823	110	0	19041
22366	90	77	442	17454	0	18063
22367	39	28	360	18041	0	18468
22368	17939	39	91	404	0	18473
22369	164	34	58	17456	0	17712
22370	251	18329	83	219	0	18882
22371	56	153	72	18747	0	19028
22372	37	244	79	18118	0	18478
22373	32	18564	71	428	0	19095
22374	18360	155	66	313	0	18894
22375	17952	252	56	115	0	18375
22376	352	18215	72	115	0	18754
22377	229	17683	56	89	0	18057
22378	159	824	134	16709	0	17826
22379	17342	238	96	179	0	17855
22380	150	87	17443	253	0	17933
22381	215	54	16035	75	0	16379
22382	14026	29	258	51	0	14364
22383	94	14748	208	69	0	15119
22384	158	107	56	14627	0	14948
22385	45	159	46	14772	0	15022
22386	35	34	48	15001	0	15118
22387	20	29	39	14912	0	15000
22388	24	14799	49	274	0	15146
22389	38	94	34	15002	0	15168
22390	14861	170	37	139	0	15207
22391	102	37	32	15137	0	15308
22392	165	26	30	15126	0	15347
22393	15217	25	31	279	0	15552
22394	15225	25	31	213	0	15494
22395	15544	34	25	71	0	15674
22396	15607	25	37	66	0	15735
22397	283	24	30	15395	0	15732
22398	15541	20	39	137	0	15737
22399	136	24	32	15458	0	15650
22400	15401	20	35	149	0	15605
22401	15260	24	37	189	0	15510
22402	261	20	23	15301	0	15605
22403	202	40	15479	135	0	15856
22404	15439	15	112	202	0	15768
22405	15685	28	178	68	0	15959
22406	15775	33	49	66	0	15923
22407	15764	17	42	58	0	15881
22408	280	29	34	15811	0	16154
22409	196	31	15988	146	0	16361
22410	65	48	15957	182	0	16252
22411	15215	34	245	94	0	15588
22412	15824	25	200	56	0	16105
22413	240	15981	59	59	0	16339
22414	175	15801	34	58	0	16068
22415	16053	195	33	70	0	16351
22416	123	160	43	15743	0	16069
22417	162	61	25	16261	0	16509
22418	16248	23	22	238	0	16531
22419	124	16631	30	180	0	16965
22420	16981	93	24	80	0	17178
22421	129	145	16821	48	0	17143
22422	16577	34	86	58	0	16755
22423	133	26	128	16788	0	17075
22424	167	18	17202	137	0	17524
22425	63	17341	94	193	0	17691
22426	52	89	144	17666	0	17951
22427	70	132	18589	116	0	18907
22428	54	51	104	18470	0	18679
22429	18840	10	174	149	0	19173
22430	121	27	18844	195	0	19187
22431	18200	21	109	69	0	18399
22432	127	19152	171	69	0	19519
22433	196	95	41	19259	0	19591
22434	91	173	20278	118	0	20660
22435	60	32	95	20221	0	20408
22436	67	32	20711	139	0	20949
22437	41	20483	126	201	0	20851
22438	19996	92	161	48	0	20297
22439	111	21290	48	42	0	21491
22440	182	100	13	20859	0	21154
22441	67	159	21	21013	0	21260
22442	53	49	20551	248	0	20901
22443	17125	44	111	211	0	17491
22444	108	19865	145	64	0	20182
22445	97	18631	26	44	0	18798
22446	36	18813	21	62	0	18932
22447	89	247	45	18042	0	18423
22448	20	18420	33	68	0	18541
22449	51	130	18	17883	0	18082
22450	26	18137	22	89	0	18274
22451	26	97	8	17612	0	17743
22452	16	18341	9	64	0	18430
22453	18103	45	28	69	0	18245
22454	53	89	18145	30	0	18317
22455	17337	22	61	31	0	17451
22456	17932	14	71	26	0	18043
22457	18366	20	18	18	0	18422
22458	113	18566	20	27	0	18726
22459	18785	42	21	18	0	18866
22460	18676	65	12	20	0	18773
22461	18897	24	16	23	0	18960
22462	121	21	18896	17	0	19055
22463	98	15	43	18882	0	19038
22464	44	15	19587	59	0	19705
22465	22	19	58	19224	0	19323
22466	19328	9	78	73	0	19488
22467	65	19587	33	86	0	19771
22468	103	63	21456	39	0	21661
22469	32	84	80	21654	0	21850
22470	23	25	106	23021	0	23175
22471	36	24	24941	220	0	25221
22472	24078	18	182	158	0	24436
22473	25363	16	159	37	0	25575
22474	25978	18	36	31	0	26063
22475	340	25	18	25578	0	25961
22476	188	25596	31	203	0	26018
22477	67	26427	33	206	0	26733
22478	43	327	20	26222	0	26612
22479	41	218	26	25747	0	26032
22480	28	26109	36	359	0	26532
22481	25865	175	13	199	0	26252
22482	179	26118	35	75	0	26407
22483	183	198	17	25597	0	25995
22484	75	194	25619	195	0	26083
22485	36	56	173	25308	0	25573
22486	25605	31	176	211	0	26023
22487	206	36	25674	191	0	26107
22488	25577	27	194	52	0	25850
22489	26187	29	255	46	0	26517
22490	26600	25	45	48	0	26718
22491	26769	35	40	43	0	26887
22492	27407	19	58	45	0	27529
22493	412	30	26855	48	0	27345
22494	248	46	26840	36	0	27170
22495	28226	35	372	48	0	28681
22496	29292	27	219	51	0	29589
22497	466	41	43	29998	0	30548
22498	275	30654	37	353	0	31319
22499	88	275	30	31148	0	31541
22500	31597	285	28	300	0	32210
22501	307	72	37	30095	0	30511
22502	307	32039	38	300	0	32684
22503	32049	268	26	298	0	32641
22504	31474	277	38	79	0	31868
22505	31260	73	39	68	0	31440
22506	545	31397	43	99	0	32084
22507	351	274	33	31238	0	31896
22508	136	272	34	30748	0	31190
22509	112	30827	39	533	0	31511
22510	100	280	29	31023	0	31432
22511	30540	269	27	320	0	31156
22512	30302	76	34	301	0	30713
22513	585	30320	43	117	0	31065
22514	380	298	49	30167	0	30894
22515	127	286	46	30268	0	30727
22516	90	80	78	30694	0	30942
22517	29667	58	53	597	0	30375
22518	363	70	29472	378	0	30283
22519	28274	60	291	174	0	28799
22520	437	144	29277	124	0	29982
22521	410	115	306	27103	0	27934
22522	185	28512	296	325	0	29318
22523	157	29443	78	358	0	30036
22524	28703	549	63	158	0	29473
22525	28253	372	39	149	0	28813
22526	585	28136	55	179	0	28955
22527	362	27712	52	161	0	28287
22528	27910	538	62	125	0	28635
22529	28348	332	55	148	0	28883
22530	581	28876	56	147	0	29660
22531	29458	345	66	137	0	30006
22532	450	345	29077	121	0	29993
22533	29176	120	288	162	0	29746
22534	28932	102	279	131	0	29444
22535	648	99	100	28457	0	29304
22536	449	28435	90	377	0	29351
22537	271	318	44	29015	0	29648
22538	28759	321	75	393	0	29548
22539	484	111	69	28173	0	28837
22540	479	107	76	28327	0	28989
22541	269	97	28864	627	0	29857
22542	240	91	338	28886	0	29555
22543	206	120	310	29540	0	30176
22544	29342	127	108	640	0	30217
22545	449	119	29341	436	0	30345
22546	29417	130	311	185	0	30043
22547	486	125	292	29536	0	30439
22548	449	130	83	29668	0	30330
22549	236	127	73	29358	0	29794
22550	229	28897	83	655	0	29864
22551	245	29431	85	460	0	30221
22552	272	575	70	28991	0	29908
22553	29081	349	81	402	0	29913
22554	29229	156	76	343	0	29804
22555	787	96	69	29046	0	29998
22556	29212	116	59	459	0	29846
22557	545	125	68	29090	0	29828
22558	472	117	53	29354	0	29996
22559	28407	119	73	729	0	29328
22560	491	29573	67	470	0	30601
22561	29611	419	56	250	0	30336
22562	29523	341	54	220	0	30138
22563	28692	126	65	239	0	29122
22564	731	28851	86	238	0	29906
22565	511	467	68	28877	0	29923
22566	229	371	110	29172	0	29882
22567	277	136	28539	717	0	29669
22568	197	309	352	26522	0	27380
22569	217	155	25788	468	0	26628
22570	169	24265	311	370	0	25115
22571	128	21914	233	169	0	22444
22572	140	22503	92	146	0	22881
22573	272	509	205	22402	0	23388
22574	141	221	50	22528	0	22940
22575	99	104	42	22626	0	22871
22576	79	84	33	22828	0	23024
22577	102	81	22915	479	0	23577
22578	112	73	26137	308	0	26630
22579	117	80	421	26970	0	27588
22580	112	86	28296	359	0	28853
22581	27789	60	323	316	0	28488
22582	28260	63	269	167	0	28759
22583	563	68	28575	181	0	29387
22584	341	61	320	28503	0	29225
22585	181	70	263	29061	0	29575
22586	160	73	100	29313	0	29646
22587	159	66	78	29063	0	29366
22588	140	66	71	29604	0	29881
22589	24217	117	109	684	0	25127
22590	27841	63	65	406	0	28375
22591	503	28469	79	270	0	29321
22592	320	302	27535	190	0	28347
22593	147	27368	302	203	0	28020
22594	107	27470	252	171	0	28000
22595	25802	407	118	140	0	26467
22596	278	25642	86	153	0	26159
22597	179	24271	68	109	0	24627
22598	23897	363	116	78	0	24454
22599	298	198	23765	83	0	24344
22600	23056	93	235	95	0	23479
22601	260	69	164	23683	0	24176
22602	215	55	54	23107	0	23431
22603	121	42	62	23382	0	23607
22604	111	51	22962	437	0	23561
22605	64	23007	231	327	0	23629
22606	23094	210	165	188	0	23657
22607	242	144	81	23053	0	23520
22608	174	23542	84	338	0	24138
22609	95	247	78	24163	0	24583
22610	112	200	24247	313	0	24872
22611	124	110	247	24133	0	24614
22612	98	97	181	24734	0	25110
22613	92	82	78	24969	0	25221
22614	24692	103	68	483	0	25346
22615	279	80	74	24912	0	25345
22616	219	71	24770	439	0	25499
22617	117	24686	267	369	0	25439
22618	125	260	191	24815	0	25391
22619	140	198	115	24848	0	25301
22620	113	108	24584	494	0	25299
22621	121	97	24100	286	0	24604
22622	23496	116	521	208	0	24341
22623	23453	104	263	237	0	24057
22624	427	23851	207	223	0	24708
22625	23960	290	125	173	0	24548
22626	400	232	23820	167	0	24619
22627	301	86	23672	170	0	24229
22628	23201	106	457	280	0	24044
22629	22873	89	266	283	0	23511
22630	417	66	22492	298	0	23273
22631	21861	66	306	279	0	22512
22632	342	71	22388	273	0	23074
22633	21949	82	330	182	0	22543
22634	22164	128	231	151	0	22674
22635	468	205	122	20932	0	21727
22636	260	22782	184	318	0	23544
22637	19544	401	196	238	0	20379
22638	292	314	22850	150	0	23606
22639	276	22900	317	171	0	23664
22640	22927	387	224	179	0	23717
22641	21613	276	139	186	0	22214
22642	485	21902	174	206	0	22767
22643	341	274	199	21895	0	22709
22644	273	203	21735	391	0	22602
22645	181	120	357	21776	0	22434
22646	215	139	21684	478	0	22516
22647	139	111	392	21483	0	22125
22648	149	101	361	21654	0	22265
22649	171	156	21429	521	0	22277
22650	227	21320	373	387	0	22307
22651	217	277	276	21049	0	21819
22652	221	284	18884	415	0	19804
22653	20628	146	294	366	0	21434
22654	357	119	282	21284	0	22042
22655	293	93	208	21462	0	22056
22656	20941	125	176	571	0	21813
22657	383	107	141	21010	0	21641
22658	409	102	138	20203	0	20852
22659	223	20826	181	485	0	21715
22660	222	295	195	20358	0	21070
22661	199	286	20118	362	0	20965
22662	218	141	313	19044	0	19716
22663	202	19644	275	398	0	20519
22664	167	19725	264	370	0	20526
22665	174	370	237	19675	0	20456
22666	19709	250	192	351	0	20502
22667	371	161	217	19684	0	20433
22668	19752	205	167	358	0	20482
22669	436	114	190	19785	0	20525
22670	19749	117	249	366	0	20481
22671	20025	134	208	375	0	20742
22672	559	224	191	19488	0	20462
22673	493	712	240	18356	0	19801
22674	283	18681	233	503	0	19700
22675	278	18991	188	427	0	19884
22676	280	349	18799	309	0	19737
22677	285	18279	258	315	0	19137
22678	13679	263	443	245	0	14630
22679	283	142	138	13177	0	13740
22680	162	12837	97	193	0	13289
22681	13126	132	78	212	0	13548
22682	180	123	80	13108	0	13491
22683	184	65	88	12774	0	13111
22684	101	72	113	13063	0	13349
22685	92	95	95	13005	0	13287
22686	116	13032	92	295	0	13535
22687	118	13825	81	210	0	14234
22688	14070	205	99	130	0	14504
22689	215	14478	81	103	0	14877
22690	196	166	86	14336	0	14784
22691	158	156	62	14371	0	14747
22692	135	81	51	14493	0	14760
22693	109	55	66	14617	0	14847
22694	14349	72	72	315	0	14808
22695	14607	51	76	228	0	14962
22696	323	60	14600	132	0	15115
22697	223	60	172	14605	0	15060
22698	155	67	14952	230	0	15404
22699	116	73	191	14881	0	15261
22700	98	81	165	15073	0	15417
22701	15057	59	69	356	0	15541
22702	210	64	70	15217	0	15561
22703	214	66	15046	274	0	15600
22704	99	67	14754	248	0	15168
22705	14589	57	274	157	0	15077
22706	196	72	15121	141	0	15530
22707	186	88	164	14358	0	14796
22708	86	39	14809	223	0	15157
22709	72	119	161	14039	0	14391
22710	45	14189	162	213	0	14609
22711	41	164	68	13945	0	14218
22712	38	14032	41	193	0	14304
22713	37	13956	41	179	0	14213
22714	37	225	33	13629	0	13924
22715	13450	131	25	150	0	13756
22716	108	13630	19	168	0	13925
22717	123	118	23	13567	0	13831
22718	13622	133	11	165	0	13931
22719	13741	35	11	164	0	13951
22720	14005	28	14	67	0	14114
22721	241	28	15	13770	0	14054
22722	156	25	22	13878	0	14081
22723	13971	25	21	251	0	14268
22724	13865	14	20	177	0	14076
22725	14107	14	30	69	0	14220
22726	241	18	18	13928	0	14205
22727	157	26	13618	139	0	13940
22728	13308	21	105	148	0	13582
22729	125	22	113	13272	0	13532
22730	135	13569	46	149	0	13899
22731	66	136	24	13320	0	13546
22732	44	13484	33	153	0	13714
22733	41	116	27	13630	0	13814
22734	50	128	13284	156	0	13618
22735	36	13201	100	169	0	13506
22736	40	108	113	12347	0	12608
22737	30	108	28	12341	0	12507
22738	19	35	18	12433	0	12505
22739	12523	21	23	207	0	12774
22740	106	12784	30	164	0	13084
22741	120	111	24	13040	0	13295
22742	13300	124	13	150	0	13587
22743	13299	31	21	162	0	13513
22744	231	26	15	13400	0	13672
22745	160	29	13704	156	0	14049
22746	57	22	113	13312	0	13504
22747	34	13733	135	157	0	14059
22748	51	111	31	13940	0	14133
22749	13761	123	32	161	0	14077
22750	138	30	27	14333	0	14528
22751	152	25	14462	184	0	14823
22752	57	15341	120	180	0	15698
22753	15497	128	138	97	0	15860
22754	159	162	15675	78	0	16074
22755	15656	32	150	74	0	15912
22756	179	24	167	16119	0	16489
22757	175	28	46	16138	0	16387
22758	61	16436	50	312	0	16859
22759	17056	136	42	205	0	17439
22760	182	162	36	17313	0	17693
22761	207	32	43	17476	0	17758
22762	60	24	28	17858	0	17970
22763	60	37	17764	359	0	18220
22764	47	33	157	17814	0	18051
22765	17849	29	182	229	0	18289
22766	18081	23	54	238	0	18396
22767	329	28	22	18011	0	18390
22768	215	31	35	18155	0	18436
22769	17911	25	35	378	0	18349
22770	195	40	17808	224	0	18267
22771	17495	24	170	87	0	17776
22772	213	38	17561	84	0	17896
22773	216	45	17419	62	0	17742
22774	74	28	305	17253	0	17660
22775	76	37	17775	191	0	18079
22776	17318	27	167	230	0	17742
22777	177	22	197	17776	0	18172
22778	223	35	17922	177	0	18357
22779	17184	35	151	233	0	17603
22780	17639	24	189	92	0	17944
22781	357	34	18146	79	0	18616
22782	246	106	154	16820	0	17326
22783	88	18327	203	163	0	18781
22784	18448	144	59	225	0	18876
22785	201	196	18647	73	0	19117
22786	17227	67	152	110	0	17556
22787	175	17831	175	93	0	18274
22788	17135	110	121	57	0	17423
22789	16906	128	31	59	0	17124
22790	17177	21	28	58	0	17284
22791	251	72	35	16905	0	17263
22792	170	17239	26	150	0	17585
22793	72	115	17017	170	0	17374
22794	50	17441	107	90	0	17688
22795	63	183	141	15421	0	15808
22796	37	16901	49	123	0	17110
22797	48	16996	44	123	0	17211
22798	16459	176	43	55	0	16733
22799	134	136	16500	36	0	16806
22800	156	36	16851	51	0	17094
22801	60	31	16829	54	0	16974
22802	42	16954	190	73	0	17259
22803	16870	85	144	51	0	17150
22804	16838	109	46	65	0	17058
22805	16746	25	30	65	0	16866
22806	191	16746	21	88	0	17046
22807	129	89	32	17132	0	17382
22808	56	106	17039	133	0	17334
22809	57	39	17088	148	0	17332
22810	17203	36	195	81	0	17515
22811	17698	19	132	58	0	17907
22812	17743	27	48	65	0	17883
22813	241	39	17499	61	0	17840
22814	17386	22	108	84	0	17600
22815	157	17	115	17637	0	17926
22816	149	31	45	17682	0	17907
22817	96	26	18526	219	0	18867
22818	61	18710	130	177	0	19078
22819	74	90	138	18672	0	18974
22820	65	114	18605	162	0	18946
22821	17463	22	136	168	0	17789
22822	140	28	149	18807	0	19124
22823	166	12	71	18846	0	19095
22824	18790	18	53	246	0	19107
22825	176	19	53	18850	0	19098
22826	18809	16	63	178	0	19066
22827	18772	17	66	188	0	19043
22828	246	26	60	18861	0	19193
22829	200	21	72	18948	0	19241
22830	18868	18	81	243	0	19210
22831	162	22	69	19166	0	19419
22832	19392	27	77	149	0	19645
22833	19247	28	82	164	0	19521
22834	19321	13	72	81	0	19487
22835	274	39	75	19070	0	19458
22836	209	44	75	19111	0	19439
22837	19193	27	73	215	0	19508
22838	189	19051	81	138	0	19459
22839	149	18556	76	61	0	18842
22840	18372	131	84	46	0	18633
22841	123	123	18108	52	0	18406
22842	17883	31	124	40	0	18078
22843	119	31	123	18699	0	18972
22844	135	30	18868	83	0	19116
22845	18606	28	95	100	0	18829
22846	129	26	99	19088	0	19342
22847	143	29	37	19436	0	19645
22848	72	25	38	19854	0	19989
22849	74	30	25	19883	0	20012
22850	19541	33	60	139	0	19773
22851	99	19324	38	119	0	19580
22852	18029	54	37	33	0	18153
22853	86	69	18069	19	0	18243
22854	88	30	17667	18	0	17803
22855	41	18398	76	26	0	18541
22856	132	199	125	17828	0	18284
22857	42	54	18003	45	0	18144
22858	20	17341	35	93	0	17489
22859	14	40	16945	28	0	17027
22860	10	15	14	16617	0	16656
22861	2	2	10	16824	0	16838
22862	16840	1	3	28	0	16872
22863	16	6	2	16646	0	16670
22864	16574	7	4	17	0	16602
22865	22	15	16818	18	0	16873
22866	14	17165	18	14	0	17211
22867	8	8	11	17968	0	17995
22868	6	16	1	19087	0	19110
22869	22	17	19509	22	0	19570
22870	16	16	18764	16	0	18812
22871	18267	5	33	19	0	18324
22872	19866	4	10	17	0	19897
22873	24	7	4	19914	0	19949
22874	16	4	5	19943	0	19968
22875	8	19875	15	35	0	19933
22876	8	16	6	20440	0	20470
22877	20834	15	7	31	0	20887
22878	21109	5	8	26	0	21148
22879	57	21813	9	24	0	21903
22880	22083	30	4	23	0	22140
22881	21919	50	2	16	0	21987
22882	92	6	5	23474	0	23577
22883	77	23962	18	68	0	24125
22884	18	60	8	24273	0	24359
22885	16	104	4	24430	0	24554
22886	19	35	24181	172	0	24407
22887	23967	5	62	142	0	24176
22888	89	12	115	26283	0	26499
22889	157	11	9	27258	0	27435
22890	17	31035	28	306	0	31386
22891	28	200	5	33301	0	33534
22892	34027	267	11	253	0	34558
22893	35902	30	17	310	0	36259
22894	618	35	36031	50	0	36734
22895	400	30	36329	31	0	36790
22896	62	23	631	36072	0	36788
22897	46	13	379	37714	0	38152
22898	46	25	37964	660	0	38695
22899	42	34	37863	415	0	38354
22900	27	29	689	36258	0	37003
22901	54	23	38466	355	0	38898
22902	78	25	38233	418	0	38754
22903	30	19	705	36853	0	37607
22904	38039	14	445	340	0	38838
22905	38495	11	78	412	0	38996
22906	690	19	51	37590	0	38350
22907	439	18	49	38496	0	39002
22908	37994	12	57	677	0	38740
22909	355	21	40	37976	0	38392
22910	37804	14	51	418	0	38287
22911	37208	19	67	450	0	37744
22912	709	17	54	37481	0	38261
22913	459	21	39	37788	0	38307
22914	36767	26	48	740	0	37581
22915	355	37212	77	503	0	38147
22916	440	37464	70	178	0	38152
22917	122	688	68	36223	0	37101
22918	123	437	36236	406	0	37202
22919	79	64	360	36218	0	36721
22920	36037	49	431	441	0	36958
22921	359	37	93	36442	0	36931
22922	36441	25	88	478	0	37032
22923	442	50	36037	537	0	37066
22924	35883	40	378	171	0	36472
22925	425	44	439	36480	0	37388
22926	478	31	97	37087	0	37693
22927	158	45	38182	813	0	39198
22928	148	53	382	37857	0	38440
22929	110	50	448	38302	0	38910
22930	100	40	111	39216	0	39467
22931	38293	58	100	881	0	39332
22932	454	73	38479	590	0	39596
22933	538	58	38258	224	0	39078
22934	37547	27	754	222	0	38550
22935	38440	23	527	201	0	39191
22936	818	60	39325	207	0	40410
22937	567	50	452	37239	0	38308
22938	162	39504	524	489	0	40679
22939	148	366	204	40290	0	41008
22940	39918	406	190	568	0	41082
22941	40117	69	175	638	0	40999
22942	794	56	211	39415	0	40476
22943	551	39751	224	592	0	41118
22944	289	347	173	37836	0	38645
22945	249	39850	184	530	0	40813
22946	39521	352	196	611	0	40680
22947	38627	421	190	298	0	39536
22948	38816	81	191	324	0	39412
22949	897	37728	200	338	0	39163
22950	605	38624	217	380	0	39826
22951	260	841	167	38542	0	39810
22952	243	494	149	38939	0	39825
22953	243	98	162	39068	0	39571
22954	246	84	153	39498	0	39981
22955	287	94	37934	1033	0	39348
22956	35737	102	458	750	0	37047
22957	580	111	38752	360	0	39803
22958	38502	89	482	365	0	39438
22959	639	118	39808	305	0	40870
22960	39512	92	511	352	0	40467
22961	642	81	40924	355	0	42002
22962	40161	72	499	345	0	41077
22963	637	86	586	40711	0	42020
22964	41698	96	227	656	0	42677
22965	636	86	191	42067	0	42980
22966	688	77	156	41898	0	42819
22967	292	86	191	40612	0	41181
22968	261	39568	234	1061	0	41124
22969	39271	395	155	799	0	40620
22970	39083	485	167	381	0	40116
22971	981	39592	193	378	0	41144
22972	745	420	170	39595	0	40930
22973	356	511	39149	653	0	40669
22974	38477	110	485	714	0	39786
22975	39439	84	557	365	0	40445
22976	39284	75	187	341	0	39887
22977	993	87	181	37192	0	38453
22978	660	37226	173	623	0	38682
22979	309	404	146	37309	0	38168
22980	36738	455	166	631	0	37990
22981	580	130	159	35416	0	36285
22982	535	34748	184	518	0	35985
22983	33630	351	151	540	0	34672
22984	568	417	34173	244	0	35402
22985	752	121	33840	213	0	34926
22986	260	33960	712	205	0	35137
22987	219	33262	429	214	0	34124
22988	664	620	31285	152	0	32721
22989	492	446	29637	181	0	30756
22990	310	1564	580	23423	0	25877
22991	24328	62	340	222	0	24952
22992	231	69	24212	179	0	24691
22993	129	22694	140	98	0	23061
22994	22672	99	263	54	0	23088
22995	119	22629	36	56	0	22840
22996	21617	82	36	28	0	21763
22997	95	21791	31	25	0	21942
22998	86	22086	31	46	0	22249
22999	56	119	65	22112	0	22352
23000	46	76	30	22159	0	22311
23001	45	34	21396	116	0	21591
23002	39	26	59	20965	0	21089
23003	21337	19	61	79	0	21496
23004	21356	25	10	80	0	21471
23005	121	20	7	21208	0	21356
23006	90	44	21017	79	0	21230
23007	48	36	20771	94	0	20949
23008	29	13	124	21042	0	21208
23009	53	25	21817	76	0	21971
23010	29	18	74	21472	0	21593
23011	35	23	88	21638	0	21784
23012	41	29	23903	136	0	24109
23013	21966	148	129	109	0	22352
23014	23966	16	157	45	0	24184
23015	262	32	24566	28	0	24888
23016	175	21	25283	34	0	25513
23017	46	29	319	25109	0	25503
23018	48	6	196	27918	0	28168
23019	28	19	51	28645	0	28743
23020	39	20	29	28781	0	28869
23021	28631	20	35	416	0	29102
23022	29740	24	29	268	0	30061
23023	431	20	34	31416	0	31901
23024	307	22	24	32807	0	33160
23025	82	33	34807	577	0	35499
23026	40	22	348	35607	0	36017
23027	41	17	411	36927	0	37396
23028	37097	9	76	869	0	38051
23029	428	39902	53	602	0	40985
23030	501	499	27	39869	0	40896
23031	90	512	29	40312	0	40943
23032	71	74	35	39642	0	39822
23033	38	37363	62	1111	0	38574
23034	40	39384	69	689	0	40182
23035	61	1000	46	38944	0	40051
23036	44	575	40	38750	0	39409
23037	49	97	46	39466	0	39658
23038	37210	44	55	1144	0	38453
23039	477	37872	42	777	0	39168
23040	38425	490	41	196	0	39152
23041	38464	565	43	139	0	39211
23042	1047	126	30	37150	0	38353
23043	615	37369	47	606	0	38637
23044	37343	498	37	668	0	38546
23045	542	595	32	37433	0	38602
23046	37997	128	54	652	0	38831
23047	589	102	28	38403	0	39122
23048	706	83	38072	685	0	39546
23049	184	80	38652	739	0	39655
23050	125	77	1032	38114	0	39348
23051	143	75	611	38334	0	39163
23052	137	107	107	37626	0	37977
23053	122	37240	90	1163	0	38615
23054	119	38962	61	804	0	39946
23055	38016	1006	56	316	0	39394
23056	37200	661	68	241	0	38170
23057	1021	37664	65	276	0	39026
23058	607	36962	75	241	0	37885
23059	152	37923	76	272	0	38423
23060	35357	1026	103	276	0	36762
23061	478	36418	72	266	0	37234
23062	615	578	62	35823	0	37078
23063	35653	605	46	634	0	36938
23064	35373	158	51	683	0	36265
23065	1070	104	50	34506	0	35730
23066	695	152	34127	624	0	35598
23067	243	153	34335	666	0	35397
23068	190	140	971	34058	0	35359
23069	203	133	35122	653	0	36111
23070	177	144	555	34533	0	35409
23071	154	131	578	34427	0	35290
23072	160	141	34351	1151	0	35803
23073	219	123	34558	769	0	35669
23074	174	126	1023	33726	0	35049
23075	157	123	639	35171	0	36090
23076	34108	117	190	1203	0	35618
23077	562	34081	164	868	0	35675
23078	636	35364	127	401	0	36528
23079	34191	1046	119	354	0	35710
23080	34770	676	124	334	0	35904
23081	1074	34504	115	407	0	36100
23082	692	34894	133	395	0	36114
23083	34631	1074	87	373	0	36165
23084	666	732	95	34278	0	35771
23085	34104	244	111	802	0	35261
23086	663	33973	110	924	0	35670
23087	34388	588	122	435	0	35533
23088	748	686	33699	412	0	35545
23089	33425	223	549	417	0	34614
23090	749	213	34165	378	0	35505
23091	750	231	631	33112	0	34724
23092	32708	177	653	870	0	34408
23093	682	193	32183	949	0	34007
23094	725	224	581	32300	0	33830
23095	32073	230	618	862	0	33783
23096	710	269	32132	892	0	34003
23097	758	211	592	32255	0	33816
23098	31502	251	617	860	0	33230
23099	652	31463	185	949	0	33249
23100	751	658	152	31772	0	33333
23101	320	749	131	31809	0	33009
23102	301	346	109	31882	0	32638
23103	341	31939	152	1277	0	33709
23104	327	689	115	32944	0	34075
23105	349	715	113	32939	0	34116
23106	355	314	141	33434	0	34244
23107	398	236	123	34217	0	34974
23108	400	271	33013	1318	0	35002
23109	31400	244	603	908	0	33155
23110	32481	230	659	390	0	33760
23111	1252	32438	240	367	0	34297
23112	743	583	163	30663	0	32152
23113	326	582	189	30491	0	31588
23114	233	30547	239	1229	0	32248
23115	203	499	211	30289	0	31202
23116	28578	510	214	758	0	30060
23117	529	28009	263	726	0	29527
23118	26727	463	205	324	0	27719
23119	540	487	129	26342	0	27498
23120	519	143	26263	641	0	27566
23121	154	26238	471	648	0	27511
23122	24056	480	651	255	0	25442
23123	412	23166	129	204	0	23911
23124	373	22301	108	169	0	22951
23125	19400	473	317	124	0	20314
23126	295	256	19351	111	0	20013
23127	168	17425	166	91	0	17850
23128	14510	519	840	262	0	16131
23129	13110	127	114	41	0	13392
23130	139	13248	16	38	0	13441
23131	91	81	8	13529	0	13709
23132	28	78	13980	94	0	14180
23133	16	23	76	13802	0	13917
23134	25	22	71	13819	0	13937
23135	27	20	15	14336	0	14398
23136	31	32	14322	151	0	14536
23137	26	23	68	14026	0	14143
23138	33	35	14338	94	0	14500
23139	26	33	13839	93	0	13991
23140	12267	25	129	53	0	12474
23141	72	14048	70	43	0	14233
23142	70	14170	33	27	0	14300
23143	41	142	21	14697	0	14901
23144	16332	75	7	105	0	16519
23145	16491	25	20	82	0	16618
23146	16327	19	15	22	0	16383
23147	16423	16	16	24	0	16479
23148	15741	19	18	21	0	15799
23149	161	31	15705	26	0	15923
23150	97	17	80	15452	0	15646
23151	30	15838	83	100	0	16051
23152	27	90	23	15937	0	16077
23153	15990	86	17	104	0	16197
23154	85	16061	25	99	0	16270
23155	92	80	16	16162	0	16350
23156	16317	92	16	95	0	16520
23157	16742	29	17	111	0	16899
23158	167	25	20	16754	0	16966
23159	108	18	13	16586	0	16725
23160	44	24	18	16779	0	16865
23161	37	25	16611	181	0	16854
23162	46	23	16975	117	0	17161
23163	43	19	156	17168	0	17386
23164	38	17	95	17419	0	17569
23165	17437	16	24	198	0	17675
23166	17381	23	24	118	0	17546
23167	17786	27	17	48	0	17878
23168	18419	22	17	50	0	18508
23169	18034	23	21	37	0	18115
23170	178	18525	20	51	0	18774
23171	18980	102	18	52	0	19152
23172	19092	93	11	49	0	19245
23173	19095	22	10	44	0	19171
23174	191	24	16	19662	0	19893
23175	127	28	19517	118	0	19790
23176	51	28	88	19967	0	20134
23177	53	29	21403	122	0	21607
23178	42	31	110	20116	0	20299
23179	30	21511	129	132	0	21802
23180	21484	100	15	140	0	21739
23181	22265	114	21	51	0	22451
23182	224	21	20	22713	0	22978
23183	152	17	19	23581	0	23769
23184	49	21	20	23419	0	23509
23185	51	24213	18	233	0	24515
23186	24219	104	16	138	0	24477
23187	24146	123	17	37	0	24323
23188	236	24608	14	51	0	24909
23189	161	100	15	24652	0	24928
23190	57	127	24	24025	0	24233
23191	44	24917	36	249	0	25246
23192	25171	113	16	159	0	25459
23193	25102	126	23	53	0	25304
23194	251	23	17	25211	0	25502
23195	181	35	25499	128	0	25843
23196	70	36	25276	154	0	25536
23197	55	12	241	26297	0	26605
23198	59	20	144	26414	0	26637
23199	46	30	36	26999	0	27111
23200	27054	19	16	301	0	27390
23201	27115	28	21	189	0	27353
23202	300	28766	27	95	0	29188
23203	28958	123	57	61	0	29199
23204	178	175	29270	39	0	29662
23205	223	46	29268	47	0	29584
23206	52	30558	292	49	0	30951
23207	29254	152	260	50	0	29716
23208	122	29814	38	63	0	30037
23209	29620	122	35	45	0	29822
23210	160	179	29788	45	0	30172
23211	207	53	29388	40	0	29688
23212	67	19	251	28962	0	29299
23213	80	29	30560	170	0	30839
23214	36	29	126	30784	0	30975
23215	47	35	179	29054	0	29315
23216	53	31210	43	284	0	31590
23217	45	133	22	31405	0	31605
23218	57	171	30	31583	0	31841
23219	32127	41	36	298	0	32502
23220	153	32414	41	229	0	32837
23221	211	146	54	33008	0	33419
23222	82	196	33174	183	0	33635
23223	29719	47	154	273	0	30193
23224	199	49	33437	68	0	33753
23225	244	58	158	31759	0	32219
23226	67	34446	223	195	0	34931
23227	70	207	49	33781	0	34107
23228	35065	243	54	246	0	35608
23229	34544	57	46	281	0	34928
23230	473	36072	48	118	0	36711
23231	37170	232	35	100	0	37537
23232	37108	300	36	84	0	37528
23233	37812	58	39	100	0	38009
23234	38184	47	53	77	0	38361
23235	35750	51	77	98	0	35976
23236	494	71	37633	68	0	38266
23237	329	46	243	37102	0	37720
23238	103	44	288	37239	0	37674
23239	95	67	70	36828	0	37060
23240	84	37727	87	520	0	38418
23241	85	246	53	37706	0	38090
23242	110	299	37596	277	0	38282
23243	73	37083	233	347	0	37736
23244	93	36224	299	120	0	36736
23245	139	471	79	35933	0	36622
23246	97	292	54	35859	0	36302
23247	94	87	72	34836	0	35089
23248	90	35347	94	506	0	36037
23249	76	35722	91	365	0	36254
23250	35637	475	59	130	0	36301
23251	35089	310	54	122	0	35575
23252	489	36093	83	140	0	36805
23253	36784	248	66	116	0	37214
23254	37659	297	85	136	0	38177
23255	513	83	72	38405	0	39073
23256	350	81	82	39345	0	39858
23257	111	73	73	39450	0	39707
23258	139	109	39607	557	0	40412
23259	138	115	39754	376	0	40383
23260	117	41582	533	164	0	42396
23261	42329	279	375	131	0	43114
23262	357	376	42986	142	0	43861
23263	42549	106	327	140	0	43122
23264	419	115	45927	127	0	46588
23265	44960	90	386	112	0	45548
23266	404	47708	493	142	0	48747
23267	47411	376	115	137	0	48039
23268	414	495	100	47195	0	48204
23269	528	109	92	48048	0	48777
23270	215	166	47830	821	0	49032
23271	164	49465	349	612	0	50590
23272	180	416	459	49720	0	50775
23273	195	522	49500	435	0	50652
23274	44915	123	406	511	0	45955
23275	391	48960	501	186	0	50038
23276	48078	364	104	167	0	48713
23277	384	47475	121	191	0	48171
23278	519	398	81	47122	0	48120
23279	46423	446	105	424	0	47398
23280	358	46421	115	1206	0	48100
23281	467	376	96	47086	0	48025
23282	183	483	46481	454	0	47601
23283	43324	120	355	495	0	44294
23284	405	142	409	46016	0	46972
23285	532	141	45652	423	0	46748
23286	158	45496	350	636	0	46640
23287	165	356	429	45556	0	46506
23288	193	474	45634	412	0	46713
23289	165	200	344	43608	0	44317
23290	155	45820	459	382	0	46816
23291	154	46169	121	547	0	46991
23292	228	740	45733	144	0	46845
23293	172	493	336	45069	0	46070
23294	172	152	46268	421	0	47013
23295	44078	121	369	501	0	45069
23296	420	146	446	43322	0	44334
23297	441	44319	113	357	0	45230
23298	142	45836	107	464	0	46549
23299	44545	684	96	118	0	45443
23300	341	46118	103	174	0	46736
23301	45326	366	117	134	0	45943
23302	387	424	44603	110	0	45524
23303	41226	112	307	118	0	41763
23304	317	43658	373	136	0	44484
23305	43309	326	127	93	0	43855
23306	323	43152	88	135	0	43698
23307	397	370	75	42376	0	43218
23308	129	409	61	43296	0	43895
23309	96	140	43058	633	0	43927
23310	40666	99	301	449	0	41515
23311	346	127	43851	119	0	44443
23312	43067	105	343	101	0	43616
23313	339	96	403	43629	0	44467
23314	437	96	95	43714	0	44342
23315	114	44881	94	752	0	45841
23316	112	383	83	46169	0	46747
23317	108	486	90	46724	0	47408
23318	112	134	46335	804	0	47385
23319	41926	98	378	572	0	42974
23320	370	45175	497	154	0	46196
23321	44944	356	100	121	0	45521
23322	383	447	99	44350	0	45279
23323	459	118	89	45021	0	45687
23324	44390	76	107	782	0	45355
23325	376	45331	127	606	0	46440
23326	43744	325	83	102	0	44254
23327	369	43891	95	125	0	44480
23328	428	43164	98	113	0	43803
23329	42846	651	173	99	0	43769
23330	371	436	129	41840	0	42776
23331	455	120	41829	346	0	42750
23332	118	110	309	41346	0	41883
23333	122	96	406	40714	0	41338
23334	98	41329	107	707	0	42241
23335	160	371	73	41808	0	42412
23336	106	473	57	41784	0	42420
23337	94	109	64	42400	0	42667
23338	104	106	78	43068	0	43356
23339	120	133	42516	776	0	43545
23340	99	116	43388	539	0	44142
23341	106	109	703	43799	0	44717
23342	134	105	44274	424	0	44937
23343	133	129	43881	522	0	44665
23344	123	109	746	43579	0	44557
23345	165	131	45488	466	0	46250
23346	155	142	384	42209	0	42890
23347	104	45810	521	421	0	46856
23348	46322	390	105	559	0	47376
23349	446	532	49283	215	0	50476
23350	537	139	456	48835	0	49967
23351	151	161	50650	518	0	51480
23352	120	122	493	52426	0	53161
23353	121	124	602	53615	0	54462
23354	52459	120	162	1180	0	53921
23355	566	106	138	53706	0	54516
23356	51505	113	134	695	0	52447
23357	51522	110	116	861	0	52609
23358	1157	51584	158	297	0	53196
23359	50402	556	116	212	0	51286
23360	566	50132	132	256	0	51086
23361	683	49835	132	232	0	50882
23362	48274	1066	267	214	0	49821
23363	620	669	48082	185	0	49556
23364	672	123	46406	152	0	47353
23365	44046	297	1266	179	0	45788
23366	44284	86	705	163	0	45238
23367	944	44733	148	156	0	45981
23368	45562	459	133	156	0	46310
23369	45124	556	116	172	0	45968
23370	44660	109	108	170	0	45047
23371	1022	99	103	43536	0	44760
23372	43133	84	108	548	0	43873
23373	522	44212	144	680	0	45558
23374	643	451	115	44955	0	46164
23375	215	567	116	44687	0	45585
23376	176	44807	143	1075	0	46201
23377	177	461	118	45633	0	46389
23378	44489	597	120	620	0	45826
23379	44616	134	126	709	0	45585
23380	1036	44208	120	276	0	45640
23381	715	44581	131	243	0	45670
23382	44428	949	114	194	0	45685
23383	642	636	44132	214	0	45624
23384	745	195	44271	193	0	45404
23385	298	180	981	42882	0	44341
23386	246	158	631	44104	0	45139
23387	288	169	43770	1034	0	45261
23388	273	42817	557	734	0	44381
23389	310	527	616	41850	0	43303
23390	306	665	43471	564	0	45006
23391	264	186	525	43046	0	44021
23392	287	172	646	41950	0	43055
23393	255	44212	205	1028	0	45700
23394	288	538	156	43899	0	44881
23395	258	672	159	43979	0	45068
23396	273	189	150	44688	0	45300
23397	43802	165	150	1114	0	45231
23398	667	189	138	41979	0	42973
23399	768	43198	157	674	0	44797
23400	42845	559	157	729	0	44290
23401	688	682	41981	335	0	43686
23402	872	218	41638	284	0	43012
23403	41315	204	1032	299	0	42850
23404	693	186	679	42249	0	43807
23405	766	207	42871	636	0	44480
23406	327	174	556	42627	0	43684
23407	293	171	688	43374	0	44526
23408	42795	203	227	1146	0	44371
23409	42449	182	194	855	0	43680
23410	1145	42935	217	406	0	44703
23411	754	563	235	42261	0	43813
23412	383	643	42581	653	0	44260
23413	299	43863	547	805	0	45514
23414	42971	539	638	346	0	44494
23415	605	44288	206	365	0	45464
23416	43463	512	202	286	0	44463
23417	643	641	43153	274	0	44711
23418	42469	209	487	298	0	43463
23419	43980	203	595	277	0	45055
23420	1115	252	45298	247	0	46912
23421	751	368	538	43033	0	44690
23422	328	45834	660	590	0	47412
23423	324	46804	220	736	0	48084
23424	292	47220	221	295	0	48028
23425	377	1092	215	45296	0	46980
23426	393	669	46158	565	0	47785
23427	318	267	505	45546	0	46636
23428	311	195	606	46424	0	47536
23429	359	221	46302	1020	0	47902
23430	286	46381	520	790	0	47977
23431	307	498	630	45680	0	47115
23432	46059	607	194	621	0	47481
23433	577	217	179	46393	0	47366
23434	703	201	164	45529	0	46597
23435	291	46051	162	1075	0	47579
23436	46058	532	155	765	0	47510
23437	600	680	147	47410	0	48837
23438	732	233	47110	647	0	48722
23439	258	46930	457	789	0	48434
23440	45624	492	636	261	0	47013
23441	547	644	46099	220	0	47510
23442	45340	230	475	237	0	46282
23443	530	241	624	45038	0	46433
23444	602	46163	252	495	0	47512
23445	45386	478	195	610	0	46669
23446	45003	575	204	268	0	46050
23447	841	46782	248	249	0	48120
23448	566	439	180	45254	0	46439
23449	138	484	138	43842	0	44602
23450	42468	145	143	730	0	43486
23451	330	43059	153	580	0	44122
23452	328	448	99	39706	0	40581
23453	72	39566	97	283	0	40018
23454	78	38873	66	349	0	39366
23455	187	410	108	37707	0	38412
23456	37442	232	105	204	0	37983
23457	154	38053	56	299	0	38562
23458	248	198	53	37971	0	38470
23459	64	234	41	38184	0	38523
23460	78	73	38236	359	0	38746
23461	90	86	36952	250	0	37378
23462	49	38385	329	118	0	38881
23463	86	195	37758	85	0	38124
23464	78	262	156	37393	0	37889
23465	93	90	39578	165	0	39926
23466	62	42	146	39019	0	39269
23467	59	49	200	39803	0	40111
23468	46	59	50	40112	0	40267
23469	39390	69	40	348	0	39847
23470	170	63	43	39499	0	39775
23471	218	57	38	39278	0	39591
23472	62	39506	62	369	0	39999
23473	76	153	37	39140	0	39406
23474	39637	230	45	233	0	40145
23475	150	40745	57	309	0	41261
23476	41004	178	41	107	0	41330
23477	207	252	41046	89	0	41594
23478	244	116	41994	109	0	42463
23479	72	67	339	42695	0	43173
23480	73	78	216	43723	0	44090
23481	61	44211	73	445	0	44790
23482	52	223	48	43705	0	44028
23483	43830	243	52	240	0	44365
23484	43506	70	62	306	0	43944
23485	398	84	55	44555	0	45092
23486	293	95	47749	250	0	48387
23487	76	75	241	48031	0	48423
23488	82	72	292	49587	0	50033
23489	63	67	55	50304	0	50489
23490	64	63	74	49920	0	50121
23491	56	91	51	49089	0	49287
23492	52	49622	78	575	0	50327
23493	48788	248	65	397	0	49498
23494	49457	305	69	174	0	50005
23495	49904	81	60	156	0	50201
23496	519	51050	90	204	0	51863
23497	50525	248	49	159	0	50981
23498	228	51280	54	183	0	51745
23499	411	289	50410	142	0	51252
23500	113	364	274	48827	0	49578
23501	149	119	51561	342	0	52171
23502	75	51737	290	458	0	52560
23503	50851	273	363	167	0	51654
23504	328	392	52720	146	0	53586
23505	423	113	55184	167	0	55887
23506	101	57463	664	204	0	58432
23507	136	343	474	57857	0	58810
23508	157	517	62524	397	0	63595
23509	125	105	391	61297	0	61918
23510	114	65	490	67354	0	68023
23511	97	79	111	71048	0	71335
23512	73853	75	79	1129	0	75136
23513	73462	50	65	793	0	74370
23514	1235	84	62	73876	0	75257
23515	74894	69	103	675	0	75741
23516	721	108	74055	886	0	75770
23517	879	82	73438	187	0	74586
23518	217	104	75203	174	0	75698
23519	233	92	76443	210	0	76978
23520	122	74723	1289	270	0	76404
23521	360	606	939	72205	0	74110
23522	207	710	75515	563	0	76995
23523	69275	80	619	795	0	70769
23524	74417	53	788	171	0	75429
23525	1176	75104	220	339	0	76839
23526	75188	510	231	127	0	76056
23527	596	709	225	74875	0	76405
23528	804	139	77063	570	0	78576
23529	205	132	666	72127	0	73130
23530	118	77947	847	590	0	79502
23531	76886	550	208	725	0	78369
23532	76531	733	171	213	0	77648
23533	1230	77791	156	250	0	79427
23534	78689	579	129	215	0	79612
23535	76968	759	135	189	0	78051
23536	1307	78405	169	301	0	80182
23537	897	605	121	75286	0	76909
23538	240	77515	180	671	0	78606
23539	77331	619	139	791	0	78880
23540	698	1011	158	76686	0	78553
23541	77464	176	170	678	0	78488
23542	760	189	120	77374	0	78443
23543	964	207	76251	671	0	78093
23544	73081	163	634	868	0	74746
23545	777	197	76945	227	0	78146
23546	924	194	656	75146	0	76920
23547	353	189	75944	704	0	77190
23548	277	165	660	75221	0	76323
23549	309	200	76189	769	0	77467
23550	71729	134	709	947	0	73519
23551	727	75578	881	304	0	77490
23552	75783	582	241	265	0	76871
23553	773	745	267	74978	0	76763
23554	74656	178	251	719	0	75804
23555	717	75138	291	1037	0	77183
23556	872	75133	272	383	0	76660
23557	292	77951	275	404	0	78922
23558	77821	1247	249	279	0	79596
23559	748	863	251	77279	0	79141
23560	938	262	186	78334	0	79720
23561	363	293	77290	1355	0	79301
23562	402	256	76605	935	0	78198
23563	336	238	1272	76871	0	78717
23564	365	292	79365	769	0	80791
23565	299	78626	755	987	0	80667
23566	77577	731	922	338	0	79568
23567	860	929	79321	290	0	81400
23568	1088	279	79268	312	0	80947
23569	303	224	1504	77066	0	79097
23570	79925	162	1048	820	0	81955
23571	794	149	394	80643	0	81980
23572	80231	154	376	881	0	81642
23573	802	177	390	81072	0	82441
23574	1039	232	82141	807	0	84219
23575	356	81173	892	1117	0	83538
23576	451	716	82870	397	0	84434
23577	268	83167	937	391	0	84763
23578	404	959	1091	80435	0	82889
23579	79728	844	356	828	0	81756
23580	872	247	80580	1012	0	82711
23581	1011	187	758	79422	0	81378
23582	465	189	908	81634	0	83196
23583	82681	212	298	1490	0	84681
23584	811	248	330	81050	0	82439
23585	938	83147	366	838	0	85289
23586	79937	691	348	935	0	81911
23587	814	947	79724	361	0	81846
23588	75023	256	792	329	0	76400
23589	803	80088	910	346	0	82147
23590	1000	804	272	75559	0	77635
23591	358	81019	248	747	0	82372
23592	79579	721	242	855	0	81397
23593	887	888	80659	360	0	82794
23594	77589	360	687	342	0	78978
23595	818	81923	838	334	0	83913
23596	963	679	237	81611	0	83490
23597	82435	812	241	743	0	84231
23598	82833	242	264	896	0	84235
23599	1361	232	211	82757	0	84561
23600	954	283	247	82639	0	84123
23601	356	83389	290	1357	0	85392
23602	357	852	231	82395	0	83835
23603	318	93771	330	828	0	95247
23604	359	97279	309	1049	0	98996
23605	372	2343	282	87687	0	90684
23606	403	91826	311	1004	0	93544
23607	622	844	94335	933	0	96734
23608	860	985	95789	344	0	97978
23609	328	94884	1739	744	0	97695
23610	475	819	97253	263	0	98810
23611	349	986	96740	199	0	98274
23612	221	262	92373	159	0	93015
23613	125	90816	1629	234	0	92804
23614	86696	908	1301	147	0	89052
23615	598	88263	252	210	0	89323
23616	874	788	88218	96	0	89976
23617	164	829	735	85567	0	87295
23618	86047	181	853	698	0	87779
23619	719	158	86618	816	0	88311
23620	811	112	757	84184	0	85864
23621	226	157	87769	683	0	88835
23622	136	114	842	84944	0	86036
23623	83982	113	937	802	0	85834
23624	759	183	86187	864	0	87993
23625	829	86491	838	279	0	88437
23626	218	761	908	82916	0	84803
23627	86056	891	275	698	0	87920
23628	839	279	85643	838	0	87599
23629	1000	215	888	75598	0	77701
23630	233	85193	1012	704	0	87142
23631	85317	755	302	837	0	87211
23632	86076	914	280	242	0	87512
23633	1585	253	260	84002	0	86100
23634	1054	87299	262	859	0	89474
23635	286	89690	270	1086	0	91332
23636	90021	1684	239	282	0	92226
23637	928	1175	254	86137	0	88494
23638	1044	90533	297	905	0	92779
23639	88526	965	233	1056	0	90780
23640	906	1098	227	90771	0	93002
23641	1079	319	250	91368	0	93016
23642	321	291	87538	1863	0	90013
23643	221	90308	888	1378	0	92795
23644	292	92587	1124	394	0	94397
23645	240	1789	344	90777	0	93150
23646	90979	1200	249	997	0	93425
23647	945	91858	285	1228	0	94316
23648	91353	1023	239	346	0	92961
23649	1040	92123	302	285	0	93750
23650	1170	1118	234	90313	0	92835
23651	90823	1221	195	978	0	93217
23652	1065	403	210	91454	0	93132
23653	1269	363	90893	1100	0	93625
23654	420	334	1000	85025	0	86779
23655	263	89845	1200	1084	0	92392
23656	87753	1104	361	1133	0	90351
23657	1036	89047	333	426	0	90842
23658	1197	1171	296	84006	0	86670
23659	432	1296	239	87091	0	89058
23660	384	464	85958	1934	0	88740
23661	374	431	85979	1333	0	88117
23662	311	3257	1951	81339	0	86858
23663	474	476	85541	1099	0	87590
23664	275	83979	1134	1274	0	86662
23665	82667	1152	1241	454	0	85514
23666	1077	1266	83793	417	0	86553
23667	80852	500	1172	418	0	82942
23668	82942	475	1270	362	0	85049
23669	83127	452	482	360	0	84421
23670	82988	499	418	387	0	84292
23671	1987	469	470	80721	0	83647
23672	1334	417	472	78196	0	80419
23673	498	80407	566	1907	0	83378
23674	77709	1102	605	1302	0	80718
23675	1142	1326	77339	520	0	80327
23676	1252	570	1277	74900	0	77999
23677	512	507	1435	75744	0	78198
23678	498	460	75356	1965	0	78279
23679	443	75176	1337	1491	0	78447
23680	495	1204	1408	72201	0	75308
23681	566	1271	603	75817	0	78257
23682	73932	548	491	2022	0	76993
23683	1121	73629	506	1654	0	76910
23684	1408	1085	416	71334	0	74243
23685	548	72911	452	1346	0	75257
23686	536	1144	512	73698	0	75890
23687	72231	1186	432	1406	0	75255
23688	72920	493	445	1418	0	75276
23689	2036	452	443	71668	0	74599
23690	71657	468	372	1292	0	73789
23691	70453	439	409	1412	0	72713
23692	2029	70427	365	759	0	73580
23693	1564	1182	324	65995	0	69065
23694	710	69583	387	1137	0	71817
23695	679	1249	250	68719	0	70897
23696	66967	1281	267	1336	0	69851
23697	1289	612	238	67398	0	69537
23698	1440	582	220	67453	0	69695
23699	691	651	65890	2117	0	69349
23700	593	63643	890	1546	0	66672
23701	627	65588	993	764	0	67972
23702	63221	1898	308	777	0	66204
23703	1039	1480	210	51475	0	54204
23704	47046	399	169	881	0	48495
23705	805	45527	214	1033	0	47579
23706	829	42793	152	477	0	44251
23707	354	43795	160	441	0	44750
23708	35824	1072	929	351	0	38176
23709	452	36129	224	320	0	37125
23710	32527	444	603	332	0	33906
23711	31125	322	136	167	0	31750
23712	32012	111	69	135	0	32327
23713	554	113	45	33234	0	33946
23714	375	101	67	34120	0	34663
23715	175	93	56	34517	0	34841
23716	139	110	48	34572	0	34869
23717	33851	78	62	689	0	34680
23718	359	33768	93	477	0	34697
23719	399	328	68	33673	0	34468
23720	33882	339	61	426	0	34708
23721	370	105	57	33660	0	34192
23722	387	91	78	33785	0	34341
23723	33294	94	51	681	0	34120
23724	399	112	32979	422	0	33912
23725	374	106	292	32519	0	33291
23726	150	85	33204	405	0	33844
23727	129	77	290	32248	0	32744
23728	128	206	292	32213	0	32839
23729	31380	78	58	602	0	32118
23730	332	31054	65	418	0	31869
23731	314	30402	66	166	0	30948
23732	28882	410	53	111	0	29456
23733	260	29713	46	123	0	30142
23734	29334	220	113	129	0	29796
23735	338	207	28625	106	0	29276
23736	26024	42	179	52	0	26297
23737	26519	29	126	64	0	26738
23738	26711	20	45	65	0	26841
23739	280	20	18	26041	0	26359
23740	160	18	19	26023	0	26220
23741	41	26267	32	272	0	26612
23742	54	274	17	26028	0	26373
23743	25747	132	29	174	0	26082
23744	140	26279	36	178	0	26633
23745	117	26116	16	85	0	26334
23746	25662	221	6	47	0	25936
23747	150	160	25857	27	0	26194
23748	148	37	116	25156	0	25457
23749	64	40	26217	134	0	26455
23750	47	22	125	25151	0	25345
23751	31	26229	124	135	0	26519
23752	45	135	15	26487	0	26682
23753	26034	113	14	149	0	26310
23754	136	22	14	26182	0	26354
23755	134	41	27269	178	0	27622
23756	24704	20	140	171	0	25035
23757	143	28016	156	97	0	28412
23758	156	29580	31	58	0	29825
23759	30543	292	17	52	0	30904
23760	32279	193	14	47	0	32533
23761	413	63	32741	43	0	33260
23762	31610	25	239	68	0	31942
23763	262	33068	246	67	0	33643
23764	33414	238	37	67	0	33756
23765	289	252	28	31596	0	32165
23766	252	31562	43	276	0	32133
23767	31939	246	29	246	0	32460
23768	305	267	32248	62	0	32882
23769	268	49	239	32148	0	32704
23770	33009	36	224	292	0	33561
23771	297	63	32953	272	0	33585
23772	33036	35	256	100	0	33427
23773	303	36	244	32987	0	33570
23774	290	39	49	33525	0	33903
23775	111	85	33729	501	0	34426
23776	88	33	264	33566	0	33951
23777	33821	35	256	338	0	34450
23778	285	33770	61	344	0	34460
23779	33980	265	36	125	0	34406
23780	34004	263	30	97	0	34394
23781	523	73	34	33775	0	34405
23782	333	114	34465	314	0	35226
23783	115	53	278	34399	0	34845
23784	34638	34	257	358	0	35287
23785	310	34734	96	328	0	35468
23786	35425	262	43	105	0	35835
23787	352	261	45	35236	0	35894
23788	324	61	49	35878	0	36312
23789	102	49	57	36311	0	36519
23790	92	74	35709	599	0	36474
23791	100	50	297	36016	0	36463
23792	115	80	36241	365	0	36801
23793	107	76	36363	326	0	36872
23794	109	56	552	39062	0	39779
23795	127	73	39994	411	0	40605
23796	42520	55	421	435	0	43431
23797	516	55	413	44736	0	45720
23798	544	70	111	43486	0	44211
23799	160	46006	94	971	0	47231
23800	46358	502	70	594	0	47524
23801	47482	545	57	192	0	48276
23802	1055	48443	91	186	0	49775
23803	666	530	54	48305	0	49555
23804	246	576	48892	575	0	50289
23805	46702	139	547	646	0	48034
23806	49265	71	577	192	0	50105
23807	1086	99	136	47422	0	48743
23808	751	118	46740	590	0	48199
23809	211	46263	571	707	0	47752
23810	45450	531	584	199	0	46764
23811	692	572	45990	154	0	47408
23812	612	45382	585	184	0	46763
23813	43383	474	698	129	0	44684
23814	43476	519	172	99	0	44266
23815	1010	120	86	42295	0	43511
23816	633	43816	96	515	0	45060
23817	212	513	82	45463	0	46270
23818	166	571	91	45681	0	46509
23819	161	151	84	45680	0	46076
23820	163	82	68	46192	0	46505
23821	165	116	45300	1140	0	46721
23822	144	89	514	45546	0	46293
23823	155	101	565	46044	0	46865
23824	203	114	45690	1093	0	47100
23825	139	45661	542	788	0	47130
23826	45433	529	587	240	0	46789
23827	45603	574	161	210	0	46548
23828	1057	147	103	45817	0	47124
23829	46194	76	117	646	0	47033
23830	643	115	121	46746	0	47625
23831	696	106	46886	751	0	48439
23832	294	105	46873	751	0	48023
23833	170	46264	1125	334	0	47893
23834	45385	527	723	255	0	46890
23835	698	690	47874	240	0	49502
23836	738	194	640	43869	0	45441
23837	298	103	739	48849	0	49989
23838	224	109	237	50435	0	51005
23839	230	123	134	50567	0	51054
23840	246	117	161	50757	0	51281
23841	220	142	49278	1587	0	51227
23842	228	126	682	49621	0	50657
23843	48566	136	812	937	0	50451
23844	754	48523	267	1039	0	50583
23845	48534	668	182	379	0	49763
23846	802	49171	200	341	0	50514
23847	49014	778	156	336	0	50284
23848	49664	775	185	310	0	50934
23849	1481	231	177	48706	0	50595
23850	1011	166	148	49516	0	50841
23851	48611	131	163	1513	0	50418
23852	47676	149	173	1070	0	49068
23853	48345	170	169	417	0	49101
23854	1451	47215	216	399	0	49281
23855	903	47081	227	459	0	48670
23856	374	1259	46531	342	0	48506
23857	320	1056	670	44773	0	46819
23858	317	239	45348	859	0	46763
23859	227	43641	733	1011	0	45612
23860	299	667	753	40803	0	42522
23861	219	660	205	41106	0	42190
23862	221	190	139	42311	0	42861
23863	41126	146	125	1325	0	42722
23864	40952	131	146	962	0	42191
23865	1181	41251	186	414	0	43032
23866	855	539	165	41307	0	42866
23867	325	700	41357	727	0	43109
23868	263	244	40382	826	0	41715
23869	39925	194	1152	354	0	41625
23870	40781	138	781	318	0	42018
23871	1220	139	234	40402	0	41995
23872	41028	116	189	752	0	42085
23873	771	159	40317	889	0	42136
23874	781	40109	626	494	0	42010
23875	328	545	771	39816	0	41460
23876	257	713	40861	756	0	42587
23877	266	227	626	40957	0	42076
23878	263	171	728	41300	0	42462
23879	259	165	41596	1333	0	43353
23880	38943	137	604	1050	0	40734
23881	41777	111	719	518	0	43125
23882	1197	43285	270	484	0	45236
23883	44294	595	181	427	0	45497
23884	44550	764	177	401	0	45892
23885	1412	235	44690	417	0	46754
23886	43442	160	665	383	0	44650
23887	878	46317	840	375	0	48410
23888	46870	694	238	309	0	48111
23889	47513	835	174	282	0	48804
23890	48705	273	179	282	0	49439
23891	47422	182	162	278	0	48044
23892	48000	187	182	289	0	48658
23893	1575	47069	178	358	0	49180
23894	44032	578	170	282	0	45062
23895	814	43709	176	280	0	44979
23896	678	38219	116	197	0	39210
23897	270	39284	176	198	0	39928
23898	38172	891	523	155	0	39741
23899	37877	573	137	149	0	38736
23900	957	149	38056	148	0	39310
23901	38080	107	432	136	0	38755
23902	38013	107	540	131	0	38791
23903	994	138	38434	153	0	39719
23904	660	91	460	37478	0	38689
23905	233	84	569	37818	0	38704
23906	202	91	126	39263	0	39682
23907	216	93	94	39619	0	40022
23908	216	100	81	39585	0	39982
23909	210	117	38527	1034	0	39888
23910	180	38524	482	677	0	39863
23911	37466	424	570	183	0	38643
23912	549	38256	159	175	0	39139
23913	38248	493	104	119	0	38964
23914	37584	577	81	119	0	38361
23915	1065	150	37165	121	0	38501
23916	768	253	446	32531	0	33998
23917	227	35771	586	449	0	37033
23918	35836	428	155	513	0	36932
23919	35934	532	119	172	0	36757
23920	36352	141	88	144	0	36725
23921	987	36470	101	160	0	37718
23922	36767	430	137	112	0	37446
23923	36590	528	92	110	0	37320
23924	36929	137	68	93	0	37227
23925	1021	103	88	35620	0	36832
23926	713	105	68	36007	0	36893
23927	287	93	80	36767	0	37227
23928	35848	113	83	883	0	36927
23929	563	36044	108	614	0	37329
23930	36196	414	78	121	0	36809
23931	35246	518	72	75	0	35911
23932	34978	127	68	89	0	35262
23933	34825	107	70	67	0	35069
23934	1026	33957	79	120	0	35182
23935	31715	356	55	71	0	32197
23936	541	31380	52	80	0	32053
23937	476	30593	40	76	0	31185
23938	30320	568	66	52	0	31006
23939	418	30241	26	60	0	30745
23940	491	30671	32	71	0	31265
23941	30624	579	131	62	0	31396
23942	30658	391	49	47	0	31145
23943	666	128	33	29842	0	30669
23944	469	124	32	30648	0	31273
23945	31246	92	27	575	0	31940
23946	31896	101	51	369	0	32417
23947	31823	91	49	106	0	32069
23948	703	114	31029	78	0	31924
23949	31746	94	273	99	0	32212
23950	443	105	322	31820	0	32690
23951	463	91	89	32133	0	32776
23952	231	84	49	32477	0	32841
23953	195	83	51	32664	0	32993
23954	180	106	31679	632	0	32597
23955	208	96	31756	419	0	32479
23956	198	88	537	31869	0	32692
23957	189	109	32256	362	0	32916
23958	206	115	32078	415	0	32814
23959	215	108	564	31580	0	32467
23960	208	88	385	33015	0	33696
23961	203	120	86	33768	0	34177
23962	214	118	78	33738	0	34148
23963	33562	105	75	667	0	34409
23964	34871	97	80	473	0	35521
23965	764	88	76	34360	0	35288
23966	544	96	72	34512	0	35224
23967	260	97	66	34674	0	35097
23968	265	72	68	34616	0	35021
23969	226	92	87	34141	0	34546
23970	240	34125	74	748	0	35187
23971	33993	323	62	505	0	34883
23972	427	34524	90	250	0	35291
23973	34456	316	61	230	0	35063
23974	34355	400	45	186	0	34986
23975	34479	118	53	181	0	34831
23976	778	114	42	32870	0	33804
23977	33076	101	52	389	0	33618
23978	527	110	44	32590	0	33271
23979	550	150	47	32120	0	32867
23980	32167	106	36	637	0	32946
23981	468	31701	60	441	0	32670
23982	408	30238	38	145	0	30829
23983	29478	419	37	121	0	30055
23984	372	281	29545	101	0	30299
23985	27034	109	262	126	0	27531
23986	425	282	255	28561	0	29523
23987	317	27297	53	253	0	27920
23988	166	27717	28	254	0	28165
23989	27593	334	76	135	0	28138
23990	274	239	22	27793	0	28328
23991	235	29515	35	223	0	30008
23992	28950	163	49	202	0	29364
23993	29081	175	5	108	0	29369
23994	29258	56	12	72	0	29398
23995	29382	59	10	77	0	29528
23996	356	28543	27	132	0	29058
23997	200	28422	25	102	0	28749
23998	28676	240	23	51	0	28990
23999	29361	154	23	58	0	29596
24000	315	48	29103	43	0	29509
24001	150	28788	118	54	0	29110
24002	28861	114	155	29	0	29159
24003	29740	125	25	41	0	29931
24004	281	49	30196	29	0	30555
24005	28359	34	152	63	0	28608
24006	211	39	31662	34	0	31946
24007	230	28	33730	27	0	34015
24008	64	95	361	30462	0	30982
24009	44	33556	279	179	0	34058
24010	35065	192	45	253	0	35555
24011	219	247	23	34985	0	35474
24012	291	32	22	35241	0	35586
24013	62	29	28	35805	0	35924
24014	35359	31	21	490	0	35901
24015	236	16	11	35465	0	35728
24016	284	31	11	36362	0	36688
24017	86	49	36379	474	0	36988
24018	34446	23	228	363	0	35060
24019	36717	27	272	80	0	37096
24020	592	51	36916	48	0	37607
24021	35530	23	263	38	0	35854
24022	317	23	311	35519	0	36170
24023	340	36310	64	306	0	37020
24024	84	274	31	36730	0	37119
24025	35954	308	19	316	0	36597
24026	286	36582	39	394	0	37301
24027	355	286	32	36973	0	37646
24028	118	322	23	37574	0	38037
24029	69	60	29	37959	0	38117
24030	92	42	49	35996	0	36179
24031	85	38245	48	606	0	38984
24032	38218	296	40	366	0	38920
24033	38496	364	41	96	0	38997
24034	661	39893	56	149	0	40759
24035	42795	340	37	98	0	43270
24036	43640	389	22	105	0	44156
24037	43376	57	42	100	0	43575
24038	955	68	42366	81	0	43470
24039	587	51	386	41860	0	42884
24040	183	67	42448	420	0	43118
24041	40510	43	417	561	0	41531
24042	472	42208	540	178	0	43398
24043	41524	395	99	92	0	42110
24044	494	42801	73	104	0	43472
24045	570	439	71	40424	0	41504
24046	178	511	75	41489	0	42253
24047	194	124	41684	862	0	42864
24048	114	42154	464	611	0	43343
24049	41496	447	532	154	0	42629
24050	508	543	41811	148	0	43010
24051	41323	135	458	110	0	42026
24052	530	91	542	41750	0	42913
24053	657	128	42018	521	0	43324
24054	172	41806	486	701	0	43165
24055	161	495	554	41645	0	42855
24056	210	573	42079	512	0	43374
24057	208	166	42110	604	0	43088
24058	191	41516	939	220	0	42866
24059	225	461	590	40315	0	41591
24060	216	547	156	38644	0	39563
24061	179	40547	136	900	0	41762
24062	40422	451	115	655	0	41643
24063	568	544	142	39303	0	40557
24064	657	39603	176	493	0	40929
24065	39902	459	130	624	0	41115
24066	39666	549	159	215	0	40589
24067	40528	155	173	170	0	41026
24068	1017	39859	156	269	0	41301
24069	40740	463	126	255	0	41584
24070	40330	617	131	228	0	41306
24071	1026	206	114	39600	0	40946
24072	40576	163	78	601	0	41418
24073	634	156	94	40487	0	41371
24074	727	171	39990	640	0	41528
24075	322	153	40475	743	0	41693
24076	276	126	973	40481	0	41856
24077	284	147	41497	634	0	42562
24078	38702	160	581	733	0	40176
24079	704	134	647	41016	0	42501
24080	760	127	201	41550	0	42638
24081	308	155	41017	1114	0	42594
24082	262	40093	580	806	0	41741
24083	278	41409	654	337	0	42678
24084	244	1008	209	39763	0	41224
24085	242	654	163	40403	0	41462
24086	252	212	39415	1101	0	40980
24087	243	188	39948	747	0	41126
24088	239	198	992	39527	0	40956
24089	251	182	39383	669	0	40485
24090	37430	199	536	750	0	38915
24091	652	191	606	38174	0	39623
24092	38768	189	157	626	0	39740
24093	659	168	120	38509	0	39456
24094	752	176	154	38804	0	39886
24095	349	173	38129	1105	0	39756
24096	273	38399	560	835	0	40067
24097	305	513	662	38132	0	39612
24098	291	648	38086	607	0	39632
24099	236	36953	564	714	0	38467
24100	241	493	674	37075	0	38483
24101	37044	543	251	580	0	38418
24102	586	154	37740	677	0	39157
24103	34939	108	572	261	0	35880
24104	561	127	36132	197	0	37017
24105	32131	103	586	189	0	33009
24106	452	33627	578	218	0	34875
24107	483	31792	167	175	0	32617
24108	161	946	170	29807	0	31084
24109	115	31134	140	406	0	31795
24110	29899	396	137	568	0	31000
24111	356	430	130	30062	0	30978
24112	434	127	115	30432	0	31108
24113	118	101	98	30942	0	31259
24114	113	81	29938	770	0	30902
24115	105	92	386	29703	0	30286
24116	135	92	29662	432	0	30321
24117	87	28546	407	499	0	29539
24118	26940	281	426	156	0	27803
24119	310	28559	130	150	0	29149
24120	29006	289	131	138	0	29564
24121	29024	353	88	170	0	29635
24122	29262	77	95	172	0	29606
24123	28903	88	105	137	0	29233
24124	621	98	27868	141	0	28728
24125	386	93	335	27551	0	28365
24126	126	107	390	27962	0	28585
24127	121	97	119	28626	0	28963
24128	26079	95	112	627	0	26913
24129	26531	82	98	453	0	27164
24130	602	27695	116	219	0	28632
24131	424	244	26701	117	0	27486
24132	187	303	26739	124	0	27353
24133	132	26388	512	142	0	27174
24134	118	25895	370	128	0	26511
24135	481	475	539	21941	0	23436
24136	92	192	45	21723	0	22052
24137	21909	51	48	325	0	22333
24138	165	22120	66	241	0	22592
24139	190	141	45	22730	0	23106
24140	71	187	23317	198	0	23773
24141	62	37	165	24260	0	24524
24142	58	39	206	24688	0	24991
24143	62	38	53	25152	0	25305
24144	59	54	62	24852	0	25027
24145	82	52	24163	369	0	24666
24146	60	23604	192	264	0	24120
24147	71	23977	204	88	0	24340
24148	22600	284	70	56	0	23010
24149	181	23289	50	75	0	23595
24150	193	23977	64	78	0	24312
24151	97	304	67	23492	0	23960
24152	53	198	43	23957	0	24251
24153	62	58	39	24115	0	24274
24154	68	59	23814	336	0	24277
24155	59	23797	149	247	0	24252
24156	73	190	165	22838	0	23266
24157	44	24069	60	192	0	24365
24158	23626	152	54	231	0	24063
24159	143	23946	62	122	0	24273
24160	23665	162	68	89	0	23984
24161	160	206	23454	87	0	23907
24162	23226	61	180	87	0	23554
24163	152	73	167	23737	0	24129
24164	204	79	24166	185	0	24634
24165	23106	76	146	203	0	23531
24166	23998	65	165	81	0	24309
24167	24181	70	43	77	0	24371
24168	322	60	52	23619	0	24053
24169	227	67	23996	203	0	24493
24170	22785	52	166	256	0	23259
24171	163	67	185	24574	0	24989
24172	193	54	57	24650	0	24954
24173	78	71	25173	339	0	25661
24174	54	25231	148	247	0	25680
24175	108	216	178	23777	0	24279
24176	73	25137	54	158	0	25422
24177	24340	171	46	190	0	24747
24178	24416	176	54	65	0	24711
24179	286	67	49	24167	0	24569
24180	24300	52	43	181	0	24576
24181	166	24309	43	203	0	24721
24182	24197	138	42	90	0	24467
24183	170	24465	51	81	0	24767
24184	208	144	40	24227	0	24619
24185	82	181	48	23897	0	24208
24186	77	24509	55	282	0	24923
24187	76	168	45	24349	0	24638
24188	91	176	24148	178	0	24593
24189	55	23877	134	202	0	24268
24190	22527	121	147	70	0	22865
24191	145	23164	46	72	0	23427
24192	167	130	42	22856	0	23195
24193	76	155	23022	147	0	23400
24194	60	58	131	22949	0	23198
24195	56	56	144	23369	0	23625
24196	22290	25	39	299	0	22653
24197	168	45	23041	193	0	23447
24198	185	23216	114	138	0	23653
24199	84	126	24318	61	0	24589
24200	48	161	23968	55	0	24232
24201	40	71	23857	48	0	24016
24202	125	245	291	21839	0	22500
24203	23651	25	214	137	0	24027
24204	118	23865	43	184	0	24210
24205	24437	133	17	35	0	24622
24206	25016	168	14	67	0	25265
24207	268	33	22	24310	0	24633
24208	150	25076	19	141	0	25386
24209	24626	129	13	176	0	24944
24210	123	25309	30	62	0	25524
24211	169	139	19	24542	0	24869
24212	34	176	18	25878	0	26106
24213	23	26119	34	292	0	26468
24214	26	133	23	26319	0	26501
24215	50	183	25583	149	0	25965
24216	43	44	25848	168	0	26103
24217	41	36	268	25808	0	26153
24218	29	30	174	26427	0	26660
24219	50	34	25476	284	0	25844
24220	34	43	25075	191	0	25343
24221	22239	27	297	73	0	22636
24222	140	24928	179	63	0	25310
24223	180	26410	44	70	0	26704
24224	59	295	39	25286	0	25679
24225	39	179	26	25673	0	25917
24226	38	39	26	26194	0	26297
24227	41	43	25854	290	0	26228
24228	49	39	25649	192	0	25929
24229	45	36	287	26091	0	26459
24230	55	41	26423	159	0	26678
24231	27	26016	166	236	0	26445
24232	25757	135	230	61	0	26183
24233	164	196	25927	49	0	26336
24234	215	53	25859	35	0	26162
24235	38	85	295	25490	0	25908
24236	57	44	28158	190	0	28449
24237	42	28577	182	308	0	29109
24238	48	179	218	29049	0	29494
24239	58	227	29155	196	0	29636
24240	38	28511	194	269	0	29012
24241	27766	167	243	82	0	28258
24242	187	250	67	27543	0	28047
24243	224	57	39	27756	0	28076
24244	27748	37	30	363	0	28178
24245	143	27808	49	282	0	28282
24246	28117	147	41	65	0	28370
24247	27909	221	29	52	0	28211
24248	28176	43	26	58	0	28303
24249	385	33	32	27635	0	28085
24250	27296	31	35	170	0	27532
24251	191	26333	45	250	0	26819
24252	242	27179	40	76	0	27537
24253	27596	345	34	63	0	28038
24254	201	243	29	27996	0	28469
24255	249	67	34	28100	0	28450
24256	73	43	32	28407	0	28555
24257	80	54	27418	426	0	27978
24258	38	27492	181	323	0	28034
24259	54	168	257	28029	0	28508
24260	28009	252	69	227	0	28557
24261	180	61	55	28173	0	28469
24262	274	64	28035	228	0	28601
24263	72	28103	185	309	0	28669
24264	28123	176	267	101	0	28667
24265	28110	271	69	76	0	28526
24266	28405	72	43	70	0	28590
24267	440	57	49	28291	0	28837
24268	328	66	28593	202	0	29189
24269	112	59	29133	299	0	29603
24270	68	29692	456	124	0	30340
24271	73	235	351	29586	0	30245
24272	73	317	75	30029	0	30494
24273	28868	78	58	525	0	29529
24274	243	69	40	29419	0	29771
24275	29848	35	57	306	0	30246
24276	312	66	29310	374	0	30062
24277	390	67	29745	136	0	30338
24278	125	48	542	29201	0	29916
24279	105	53	388	29783	0	30329
24280	81	43	98	30730	0	30952
24281	30796	45	75	623	0	31539
24282	31926	62	69	435	0	32492
24283	617	114	62	32271	0	33064
24284	453	58	32012	365	0	32888
24285	126	54	32502	483	0	33165
24286	82	58	667	32304	0	33111
24287	33110	42	499	382	0	34033
24288	325	56	125	32708	0	33214
24289	451	42	94	33165	0	33752
24290	146	60	33154	719	0	34079
24291	125	60	32898	507	0	33590
24292	31278	60	700	198	0	32236
24293	375	60	33048	144	0	33627
24294	470	56	361	31429	0	32316
24295	140	66	445	32028	0	32679
24296	32009	33	143	694	0	32879
24297	335	31741	115	517	0	32708
24298	31338	293	99	176	0	31906
24299	347	30390	94	162	0	30993
24300	29764	285	116	112	0	30277
24301	358	373	29099	134	0	29964
24302	26568	123	443	135	0	27269
24303	27517	49	386	99	0	28051
24304	599	105	127	27378	0	28209
24305	447	62	27335	311	0	28155
24306	155	41	286	26347	0	26829
24307	134	44	380	26142	0	26700
24308	99	26231	128	648	0	27106
24309	132	230	101	25668	0	26131
24310	111	26211	79	361	0	26762
24311	128	255	88	26075	0	26546
24312	25506	344	93	384	0	26327
24313	335	85	65	25785	0	26270
24314	423	71	25508	389	0	26391
24315	24817	54	296	459	0	25626
24316	347	50	26138	219	0	26754
24317	25770	44	325	183	0	26322
24318	26144	44	426	158	0	26772
24319	650	26049	155	156	0	27010
24320	482	26898	109	162	0	27651
24321	26833	593	117	143	0	27686
24322	27220	391	113	146	0	27870
24323	26658	94	104	150	0	27006
24324	26673	47	94	151	0	26965
24325	26656	56	102	135	0	26949
24326	722	70	100	26075	0	26967
24327	510	62	105	26491	0	27168
24328	226	87	26285	691	0	27289
24329	25470	66	329	489	0	26354
24330	407	64	405	25828	0	26704
24331	486	72	134	25901	0	26593
24332	224	66	25849	706	0	26845
24333	180	25242	349	520	0	26291
24334	198	25711	432	209	0	26550
24335	24921	628	216	240	0	26005
24336	23169	355	124	154	0	23802
24337	596	22229	102	138	0	23065
24338	394	21725	88	116	0	22323
24339	21617	478	129	99	0	22323
24340	21966	315	74	119	0	22474
24341	540	82	78	21656	0	22356
24342	403	57	57	21747	0	22264
24343	170	55	75	22356	0	22656
24344	21787	72	58	566	0	22483
24345	21792	62	60	409	0	22323
24346	572	73	58	21966	0	22669
24347	22483	65	62	323	0	22933
24348	372	66	22499	381	0	23318
24349	442	49	248	22467	0	23206
24350	182	76	22660	316	0	23234
24351	143	22246	285	416	0	23090
24352	206	322	408	21798	0	22734
24353	21588	329	113	290	0	22320
24354	312	76	74	21588	0	22050
24355	412	57	62	21454	0	21985
24356	158	72	21443	544	0	22217
24357	160	58	21493	396	0	22107
24358	154	21782	508	128	0	22572
24359	21619	249	347	116	0	22331
24360	21698	320	78	97	0	22193
24361	21782	64	56	97	0	21999
24362	21831	52	64	119	0	22066
24363	604	54	66	21334	0	22058
24364	424	54	66	20660	0	21204
24365	156	21447	58	554	0	22215
24366	21267	209	82	353	0	21911
24367	21155	299	51	129	0	21634
24368	541	75	20445	108	0	21169
24369	18453	60	192	74	0	18779
24370	266	18933	248	97	0	19544
24371	328	432	69	17851	0	18680
24372	127	18968	43	198	0	19336
24373	18516	224	79	289	0	19108
24374	249	18693	43	95	0	19080
24375	284	212	57	17847	0	18400
24376	119	227	37	17933	0	18316
24377	102	52	25	17551	0	17730
24378	78	17255	43	426	0	17802
24379	101	320	34	17204	0	17659
24380	108	384	50	16563	0	17105
24381	82	15677	39	359	0	16157
24382	62	14866	26	225	0	15179
24383	13945	225	41	66	0	14277
24384	152	14170	26	64	0	14412
24385	13481	118	35	56	0	13690
24386	167	141	13283	56	0	13647
24387	141	12988	114	55	0	13298
24388	12918	108	143	48	0	13217
24389	12696	125	38	47	0	12906
24390	226	42	12649	50	0	12967
24391	155	56	97	12403	0	12711
24392	68	36	12885	115	0	13104
24393	44	12580	111	142	0	12877
24394	12311	119	147	65	0	12642
24395	111	12370	40	54	0	12575
24396	142	104	29	12164	0	12439
24397	70	127	15	12403	0	12615
24398	66	37	12379	199	0	12681
24399	80	39	12082	135	0	12336
24400	11715	39	202	53	0	12009
24401	12200	35	110	64	0	12409
24402	12218	33	27	55	0	12333
24403	12198	39	26	50	0	12313
24404	222	12265	24	53	0	12564
24405	159	103	32	12210	0	12504
24406	61	128	24	12231	0	12444
24407	52	12681	29	222	0	12984
24408	12795	111	25	128	0	13059
24409	12804	131	22	59	0	13016
24410	228	48	12834	61	0	13171
24411	12805	37	103	50	0	12995
24412	145	34	130	12792	0	13101
24413	168	46	12759	120	0	13093
24414	70	55	126	12591	0	12842
24415	57	38	12898	158	0	13151
24416	58	33	12345	126	0	12562
24417	62	129	184	11548	0	11923
24418	39	11880	127	91	0	12137
24419	11763	83	44	105	0	11995
24420	11314	99	35	50	0	11498
24421	169	12214	28	44	0	12455
24422	110	12359	32	37	0	12538
24423	12563	165	52	49	0	12829
24424	12598	103	18	42	0	12761
24425	12660	37	27	32	0	12756
24426	12652	32	21	26	0	12731
24427	179	40	19	12781	0	13019
24428	137	32	12637	77	0	12883
24429	59	12710	72	102	0	12943
24430	12494	71	89	29	0	12683
24431	84	13199	27	29	0	13339
24432	13020	64	14	40	0	13138
24433	12939	91	17	26	0	13073
24434	159	37	13507	35	0	13738
24435	110	14108	69	25	0	14312
24436	36	91	89	14026	0	14242
24437	45	97	20	14218	0	14380
24438	45	29	18	14049	0	14141
24439	14027	17	18	147	0	14209
24440	13530	38	15	99	0	13682
24441	13589	25	15	41	0	13670
24442	145	13874	27	33	0	14079
24443	13554	65	17	38	0	13674
24444	82	13877	19	46	0	14024
24445	108	67	13744	40	0	13959
24446	35	13731	53	43	0	13862
24447	98	157	153	12797	0	13205
24448	25	62	17	12641	0	12745
24449	31	24	12708	86	0	12849
24450	25	22	37	12283	0	12367
24451	27	16	57	12609	0	12709
24452	12785	13	19	92	0	12909
24453	12632	17	12	66	0	12727
24454	12807	18	15	25	0	12865
24455	102	13056	23	30	0	13211
24456	12960	43	11	23	0	13037
24457	12585	55	9	26	0	12675
24458	111	13219	14	29	0	13373
24459	84	45	14	13208	0	13351
24460	42	70	14	13288	0	13414
24461	13188	20	11	110	0	13329
24462	78	32	13101	81	0	13292
24463	79	12809	52	42	0	12982
24464	40	126	72	12153	0	12391
24465	22	12474	20	57	0	12573
24466	20	12752	10	72	0	12854
24467	12710	111	42	24	0	12887
24468	12643	72	14	22	0	12751
24469	116	16	15	12811	0	12958
24470	81	30	6	12688	0	12805
24471	33	16	5	12716	0	12770
24472	36	10	13	12675	0	12734
24473	35	26	12441	110	0	12612
24474	31	27	11980	86	0	12124
24475	34	18	98	12568	0	12718
24476	40	19	13540	63	0	13662
24477	23	13688	53	91	0	13855
24478	13826	58	71	28	0	13983
24479	13938	78	14	27	0	14057
24480	137	20	15	14109	0	14281
24481	92	17	19	14175	0	14303
24482	28	25	12	14298	0	14363
24483	20	14529	22	135	0	14706
24484	14520	63	11	97	0	14691
24485	14354	91	9	28	0	14482
24486	152	21	14415	28	0	14616
24487	104	18	54	14855	0	15031
24488	39	19	15607	103	0	15768
24489	34	26	84	16779	0	16923
24490	28	26	114	16810	0	16978
24491	37	21	14	16870	0	16942
24492	30	16	17	17270	0	17333
24493	17249	21	27	284	0	17581
24494	17441	25	28	207	0	17701
24495	17928	14	16	53	0	18011
24496	296	22	15	17770	0	18103
24497	206	26	17631	150	0	18013
24498	16882	15	118	201	0	17216
24499	156	16	168	17761	0	18101
24500	17903	14	30	138	0	18085
24501	157	10	19	17813	0	17999
24502	193	17646	29	157	0	18025
24503	48	18344	21	204	0	18617
24504	40	284	23	18269	0	18616
24505	55	184	30	18127	0	18396
24506	39	41	9	18233	0	18322
24507	29	18118	32	317	0	18496
24508	17718	124	14	224	0	18080
24509	116	18038	23	81	0	18258
24510	199	142	17957	48	0	18346
24511	42	179	123	17641	0	17985
24512	33	18612	186	148	0	18979
24513	32	137	38	18507	0	18714
24514	32	195	17	18546	0	18790
24515	45	38	18499	341	0	18923
24516	16752	18	131	286	0	17187
24517	159	18972	202	96	0	19429
24518	19174	127	30	89	0	19420
24519	19280	203	20	69	0	19572
24520	19392	41	27	60	0	19520
24521	395	33	18435	59	0	18922
24522	259	33	149	17953	0	18394
24523	71	38	194	18194	0	18497
24524	67	33	17974	364	0	18438
24525	16164	19	174	280	0	16637
24526	189	42	18228	95	0	18554
24527	227	34	17614	70	0	17945
24528	46	17711	310	98	0	18165
24529	65	169	219	17634	0	18087
24530	56	212	17803	180	0	18251
24531	16349	44	170	240	0	16803
24532	16932	31	192	84	0	17239
24533	334	35	17237	68	0	17674
24534	215	44	160	16790	0	17209
24535	80	35	17305	165	0	17585
24536	40	17332	178	229	0	17779
24537	18249	163	214	72	0	18698
24538	18468	191	53	66	0	18778
24539	18880	48	38	71	0	19037
24540	395	37	42	18625	0	19099
24541	268	27	30	19072	0	19397
24542	85	37	18866	420	0	19408
24543	18278	30	195	279	0	18782
24544	220	34	232	18765	0	19251
24545	18747	30	64	219	0	19060
24546	258	33	18685	268	0	19244
24547	282	44	18967	71	0	19364
24548	93	14	402	18243	0	18752
24549	63	25	264	19086	0	19438
24550	55	38	19115	433	0	19641
24551	18408	22	216	296	0	18942
24552	237	60	285	18173	0	18755
24553	269	19456	90	210	0	20025
24554	19367	183	62	264	0	19876
24555	221	19802	61	97	0	20181
24556	19658	201	73	69	0	20001
24557	267	244	19980	78	0	20569
24558	297	58	19438	78	0	19871
24559	102	19562	404	91	0	20159
24560	19519	183	294	73	0	20069
24561	232	237	19548	67	0	20084
24562	18825	50	207	74	0	19156
24563	226	19510	254	87	0	20077
24564	308	176	88	19573	0	20145
24565	105	239	59	18984	0	19387
24566	82	19899	76	399	0	20456
24567	20387	177	69	274	0	20907
24568	20648	232	46	96	0	21022
24569	21164	65	54	72	0	21355
24570	461	46	21187	59	0	21753
24571	292	41	210	20990	0	21533
24572	106	43	263	21255	0	21667
24573	68	54	95	21788	0	22005
24574	94	54	21506	453	0	22107
24575	66	20962	242	328	0	21598
24576	20014	199	257	87	0	20557
24577	241	251	20512	65	0	21069
24578	19732	66	217	67	0	20082
24579	244	20372	272	73	0	20961
24580	20434	190	89	70	0	20783
24581	247	246	58	20170	0	20721
24582	20587	64	79	208	0	20938
24583	262	48	62	20659	0	21031
24584	270	49	21071	209	0	21599
24585	124	156	214	20880	0	21374
24586	105	55	21044	219	0	21423
24587	18859	49	210	227	0	19345
24588	195	19970	233	91	0	20489
24589	206	190	57	17430	0	17883
24590	70	19031	62	133	0	19296
24591	18873	123	84	142	0	19222
24592	18640	138	59	56	0	18893
24593	238	18695	66	82	0	19081
24594	18579	110	65	49	0	18803
24595	18737	129	56	63	0	18985
24596	236	34	42	18518	0	18830
24597	162	29	29	18795	0	19015
24598	19393	36	30	234	0	19693
24599	19524	24	40	154	0	19742
24600	271	29	34	19314	0	19648
24601	186	30	31	20599	0	20846
24602	21108	31	40	258	0	21437
24603	194	43	21061	179	0	21477
24604	19956	32	145	72	0	20205
24605	178	26	20922	59	0	21185
24606	191	20488	162	64	0	20905
24607	67	141	199	19999	0	20406
24608	95	175	20893	147	0	21310
24609	66	21544	150	194	0	21954
24610	21197	148	208	73	0	21626
24611	158	176	21350	43	0	21727
24612	20650	54	126	44	0	20874
24613	21384	24	156	50	0	21614
24614	21457	29	53	48	0	21587
24615	297	41	38	19889	0	20265
24616	192	21800	37	155	0	22184
24617	21324	118	42	164	0	21648
24618	155	166	21623	49	0	21993
24619	20035	38	126	50	0	20249
24620	151	46	21767	49	0	22013
24621	190	21443	128	77	0	21838
24622	73	117	171	21403	0	21764
24623	56	160	53	21199	0	21468
24624	68	21580	40	257	0	21945
24625	60	124	42	21846	0	22072
24626	82	160	21874	138	0	22254
24627	67	22141	131	175	0	22514
24628	69	133	163	21715	0	22080
24629	21734	162	33	150	0	22079
24630	22318	44	39	193	0	22594
24631	306	35	33	22503	0	22877
24632	221	23347	44	151	0	23763
24633	87	132	38	23266	0	23523
24634	67	195	38	22939	0	23239
24635	82	36	22171	309	0	22598
24636	77	22325	142	236	0	22780
24637	51	138	171	21585	0	21945
24638	55	178	21423	132	0	21788
24639	55	21148	108	205	0	21516
24640	68	105	166	21057	0	21396
24641	21184	165	48	108	0	21505
24642	106	21793	37	202	0	22138
24643	187	101	17	21762	0	22067
24644	22385	150	30	128	0	22693
24645	22440	38	28	181	0	22687
24646	22559	31	22	56	0	22668
24647	22393	30	28	43	0	22494
24648	255	31	30	22218	0	22534
24649	185	40	22635	139	0	22999
24650	61	97	100	21803	0	22061
24651	59	22563	175	121	0	22918
24652	22692	104	51	174	0	23021
24653	126	171	22146	53	0	22496
24654	21299	35	99	40	0	21473
24655	127	51	22004	36	0	22218
24656	190	31	89	21444	0	21754
24657	68	31	22077	107	0	22283
24658	68	43	91	21671	0	21873
24659	76	34	21931	122	0	22163
24660	52	29	108	21542	0	21731
24661	21850	24	142	122	0	22138
24662	119	22921	47	197	0	23284
24663	184	111	36	22986	0	23317
24664	50	184	35	22916	0	23185
24665	67	47	23708	242	0	24064
24666	66	42	23008	146	0	23262
24667	21544	36	240	73	0	21893
24668	114	22895	175	51	0	23235
24669	22611	82	68	39	0	22800
24670	22683	125	42	48	0	22898
24671	224	32	41	22136	0	22433
24672	165	23145	43	94	0	23447
24673	23479	91	39	174	0	23783
24674	23743	135	29	43	0	23950
24675	24194	26	28	54	0	24302
24676	24210	29	28	43	0	24310
24677	23910	23	22	45	0	24000
24678	226	39	23405	24	0	23694
24679	23354	22	86	34	0	23496
24680	125	34	23820	26	0	24005
24681	179	27	96	23165	0	23467
24682	51	17	158	24192	0	24418
24683	57	38	23999	222	0	24316
24684	23257	21	103	184	0	23565
24685	106	30	149	24704	0	24989
24686	201	23	31	25001	0	25256
24687	53	31	27	25362	0	25473
24688	51	20	27	25353	0	25451
24689	50	22	37	25663	0	25772
24690	63	43	25775	300	0	26181
24691	42	23	124	25479	0	25668
24692	51	23	26107	151	0	26332
24693	44	38	25857	228	0	26167
24694	25484	26	319	69	0	25898
24695	26659	21	236	59	0	26975
24696	28048	22	218	53	0	28341
24697	415	45	29359	51	0	29870
24698	309	37	29406	64	0	29816
24699	74	39	30189	69	0	30371
24700	57	31047	498	95	0	31697
24701	280	363	491	29841	0	30975
24702	31244	275	94	230	0	31843
24703	245	38	37	32495	0	32815
24704	325	33500	48	301	0	34174
24705	33845	252	44	355	0	34496
24706	290	334	38	33304	0	33966
24707	368	34354	67	319	0	35108
24708	93	259	45	34665	0	35062
24709	63	343	32	34214	0	34652
24710	33654	48	54	626	0	34382
24711	295	33	60	33944	0	34332
24712	383	47	33561	345	0	34336
24713	78	39	294	32907	0	33318
24714	53	32813	402	340	0	33608
24715	79	33490	91	443	0	34103
24716	89	586	63	32498	0	33236
24717	80	387	52	31686	0	32205
24718	70	32422	68	610	0	33170
24719	69	32541	80	439	0	33129
24720	65	33114	74	140	0	33393
24721	93	675	65	29785	0	30618
24722	53	32913	67	301	0	33334
24723	32320	324	49	382	0	33075
24724	316	431	32960	138	0	33845
24725	378	142	285	31176	0	31981
24726	98	32881	392	336	0	33707
24727	32234	312	87	428	0	33061
24728	353	416	32826	147	0	33742
24729	381	32877	291	163	0	33712
24730	31829	308	382	136	0	32655
24731	294	31985	99	153	0	32531
24732	330	32089	84	151	0	32654
24733	149	632	85	31020	0	31886
24734	86	32388	87	343	0	32904
24735	31875	332	71	394	0	32672
24736	301	405	66	31782	0	32554
24737	363	139	31661	364	0	32527
24738	130	137	31589	389	0	32245
24739	75	141	562	31465	0	32243
24740	115	143	32211	360	0	32829
24741	107	140	306	32074	0	32627
24742	31075	125	344	390	0	31934
24743	310	150	31419	418	0	32297
24744	361	114	310	30137	0	30922
24745	96	30830	379	371	0	31676
24746	92	345	121	31180	0	31738
24747	93	391	101	30675	0	31260
24748	96	31540	128	630	0	32394
24749	125	339	89	31636	0	32189
24750	97	399	101	31741	0	32338
24751	126	177	31501	640	0	32444
24752	79	31244	342	482	0	32147
24753	31138	379	373	208	0	32098
24754	306	443	131	31347	0	32227
24755	380	202	31753	409	0	32744
24756	153	159	324	31490	0	32126
24757	113	163	31686	465	0	32427
24758	29693	174	349	462	0	30678
24759	383	31454	406	218	0	32461
24760	372	369	147	31498	0	32386
24761	150	442	131	32154	0	32877
24762	30928	175	128	710	0	31941
24763	356	172	144	31314	0	31986
24764	448	174	30852	478	0	31952
24765	141	183	350	29230	0	29904
24766	132	29522	431	457	0	30542
24767	128	30149	179	569	0	31025
24768	125	30676	125	313	0	31239
24769	145	760	124	29897	0	30926
24770	131	504	29716	523	0	30874
24771	100	29665	371	523	0	30659
24772	28715	448	369	284	0	29816
24773	313	29722	146	301	0	30482
24774	29607	444	117	246	0	30414
24775	29372	472	132	254	0	30230
24776	627	244	29275	234	0	30380
24777	29691	216	363	237	0	30507
24778	30719	195	399	243	0	31556
24779	30639	193	153	229	0	31214
24780	30967	210	132	217	0	31526
24781	681	232	30932	192	0	32037
24782	30261	175	352	182	0	30970
24783	30858	188	407	209	0	31662
24784	614	31563	169	180	0	32526
24785	425	403	91	30498	0	31417
24786	191	459	116	30305	0	31071
24787	120	31134	137	637	0	32028
24788	30317	382	93	425	0	31217
24789	350	30874	135	195	0	31554
24790	29887	383	133	139	0	30542
24791	29685	409	89	124	0	30307
24792	571	30327	113	179	0	31190
24793	402	353	99	29996	0	30850
24794	201	396	30301	338	0	31236
24795	141	29434	317	442	0	30334
24796	166	718	350	26315	0	27549
24797	126	27699	148	247	0	28220
24798	94	28584	76	320	0	29074
24799	198	823	189	26878	0	28088
24800	122	329	27705	318	0	28474
24801	98	26866	306	344	0	27614
24802	69	26307	324	115	0	26815
24803	23368	392	137	48	0	23945
24804	189	259	31	24066	0	24545
24805	220	67	15	24301	0	24603
24806	52	33	10	24938	0	25033
24807	60	34	24783	462	0	25339
24808	48	27	204	24510	0	24789
24809	29	25753	258	253	0	26293
24810	26386	214	50	270	0	26920
24811	233	281	26	26374	0	26914
24812	319	60	26394	259	0	27032
24813	26331	49	226	301	0	26907
24814	270	33	288	27591	0	28182
24815	328	52	29150	264	0	29794
24816	93	42	29374	329	0	29838
24817	29147	39	597	70	0	29853
24818	30543	44	364	64	0	31015
24819	30561	38	68	56	0	30723
24820	30889	43	56	60	0	31048
24821	673	68	30611	73	0	31425
24822	424	30875	277	117	0	31693
24823	30655	299	362	49	0	31365
24824	305	31082	67	84	0	31538
24825	30535	320	58	58	0	30971
24826	317	31165	60	69	0	31611
24827	399	348	44	30727	0	31518
24828	94	402	41	30817	0	31354
24829	97	87	55	30470	0	30709
24830	68	30186	80	654	0	30988
24831	78	30745	54	465	0	31342
24832	112	624	39	28619	0	29394
24833	81	30181	61	325	0	30648
24834	92	373	29955	400	0	30820
24835	73	412	334	29780	0	30599
24836	96	165	30462	332	0	31055
24837	29078	118	337	435	0	29968
24838	29862	92	419	125	0	30498
24839	704	93	29902	103	0	30802
24840	483	108	29694	118	0	30403
24841	166	94	653	29289	0	30202
24842	133	114	29968	361	0	30576
24843	124	107	359	27862	0	28452
24844	98	28584	453	345	0	29480
24845	124	367	117	29656	0	30264
24846	98	449	91	29685	0	30323
24847	107	162	91	30058	0	30418
24848	110	162	28893	757	0	29922
24849	110	124	358	28380	0	28972
24850	94	155	455	28039	0	28743
24851	171	150	128	27069	0	27518
24852	130	28627	131	702	0	29590
24853	28591	388	112	505	0	29596
24854	28581	436	115	261	0	29393
24855	28590	156	138	233	0	29117
24856	724	152	156	27976	0	29008
24857	523	141	28057	443	0	29164
24858	338	146	27860	537	0	28881
24859	176	28021	701	247	0	29145
24860	27105	361	484	228	0	28178
24861	348	27876	209	235	0	28668
24862	27790	380	207	189	0	28566
24863	408	27898	154	256	0	28716
24864	27487	420	152	219	0	28278
24865	426	28686	191	221	0	29524
24866	517	447	141	28507	0	29612
24867	284	491	28295	481	0	29551
24868	255	194	28578	593	0	29620
24869	230	212	746	27861	0	29049
24870	197	193	570	28194	0	29154
24871	231	176	245	28833	0	29485
24872	268	210	28337	820	0	29635
24873	267	159	388	28058	0	28872
24874	27305	169	513	536	0	28523
24875	27313	146	235	597	0	28291
24876	761	27171	222	329	0	28483
24877	26817	399	194	235	0	27645
24878	527	26662	175	257	0	27621
24879	26557	444	170	239	0	27410
24880	26473	501	214	214	0	27402
24881	26115	226	197	232	0	26770
24882	833	203	25944	232	0	27212
24883	589	207	25492	224	0	26512
24884	24766	190	734	204	0	25894
24885	25579	175	516	219	0	26489
24886	813	193	234	25188	0	26428
24887	670	168	148	25855	0	26841
24888	341	177	188	26422	0	27128
24889	239	174	192	26780	0	27385
24890	192	198	202	27466	0	28058
24891	26413	192	169	907	0	27681
24892	460	208	152	26664	0	27484
24893	539	197	26140	565	0	27441
24894	24973	178	438	596	0	26185
24895	25687	141	490	351	0	26669
24896	734	25786	236	380	0	27136
24897	447	25685	168	298	0	26598
24898	23586	523	145	158	0	24412
24899	325	24693	120	170	0	25308
24900	24020	282	209	171	0	24682
24901	24941	291	150	158	0	25540
24902	25333	81	126	155	0	25695
24903	632	67	102	23924	0	24725
24904	393	24405	122	343	0	25263
24905	24456	256	90	362	0	25164
24906	328	295	78	24350	0	25051
24907	348	65	94	23775	0	24282
24908	22575	39	59	571	0	23244
24909	269	22403	71	402	0	23145
24910	271	254	41	22067	0	22633
24911	22260	244	42	314	0	22860
24912	247	22730	46	325	0	23348
24913	22903	226	19	108	0	23256
24914	300	246	21898	87	0	22531
24915	20874	50	177	72	0	21173
24916	256	21821	227	70	0	22374
24917	21393	211	109	49	0	21762
24918	20904	224	19	32	0	21179
24919	411	21592	27	67	0	22097
24920	21506	194	23	42	0	21765
24921	250	21352	18	45	0	21665
24922	21667	219	15	44	0	21945
24923	250	232	23	21480	0	21985
24924	288	59	10	21643	0	22000
24925	85	44	15	21973	0	22117
24926	76	64	21305	424	0	21869
24927	74	43	190	21308	0	21615
24928	77	44	21437	259	0	21817
24929	72	49	206	20868	0	21195
24930	63	21280	220	249	0	21812
24931	75	212	34	21565	0	21886
24932	91	249	21516	245	0	22101
24933	84	67	21803	252	0	22206
24934	66	76	399	21624	0	22165
24935	21586	45	251	233	0	22115
24936	21602	39	47	279	0	21967
24937	437	21861	39	131	0	22468
24938	313	218	19	22020	0	22570
24939	105	261	22483	244	0	23093
24940	89	56	210	22603	0	22958
24941	99	65	22860	265	0	23289
24942	21752	54	233	279	0	22318
24943	276	63	227	22716	0	23282
24944	311	56	22538	269	0	23174
24945	123	53	209	22538	0	22923
24946	92	79	242	22802	0	23215
24947	116	46	22737	488	0	23387
24948	88	59	231	22659	0	23037
24949	22622	44	245	323	0	23234
24950	22795	53	72	299	0	23219
24951	457	57	41	23006	0	23561
24952	23297	44	58	280	0	23679
24953	288	81	23166	324	0	23859
24954	310	62	23037	143	0	23552
24955	23037	43	464	108	0	23652
24956	23879	45	284	121	0	24329
24957	500	56	73	23514	0	24143
24958	342	54	70	23823	0	24289
24959	133	55	23616	538	0	24342
24960	134	60	275	21658	0	22127
24961	112	23836	292	281	0	24521
24962	23901	247	88	274	0	24510
24963	24861	285	82	109	0	25337
24964	530	25204	74	143	0	25951
24965	24484	256	67	116	0	24923
24966	24124	288	73	113	0	24598
24967	531	24862	84	119	0	25596
24968	24752	249	73	122	0	25196
24969	328	25043	94	124	0	25589
24970	25079	281	70	132	0	25562
24971	368	319	24915	104	0	25706
24972	365	79	278	24849	0	25571
24973	124	53	302	25462	0	25941
24974	120	61	104	26584	0	26869
24975	26273	57	80	620	0	27030
24976	355	44	73	27197	0	27669
24977	396	71	26966	390	0	27823
24978	26605	54	314	417	0	27390
24979	371	69	346	26717	0	27503
24980	393	26603	116	392	0	27504
24981	132	27349	103	438	0	28022
24982	145	567	85	26778	0	27575
24983	136	364	94	26758	0	27352
24984	143	73	92	27270	0	27578
24985	145	65	26139	684	0	27033
24986	136	25841	345	443	0	26765
24987	25031	276	311	163	0	25781
24988	24405	301	122	123	0	24951
24989	513	24517	95	161	0	25286
24990	326	24593	82	134	0	25135
24991	222	502	153	23983	0	24860
24992	113	265	23938	315	0	24631
24993	22703	151	314	339	0	23507
24994	23408	55	263	126	0	23852
24995	433	40	100	23203	0	23776
24996	285	49	66	23255	0	23655
24997	22510	45	63	465	0	23083
24998	283	44	22403	307	0	23037
24999	21499	54	223	155	0	21931
25000	275	21872	257	132	0	22536
25001	231	175	44	19885	0	20335
25002	74	20507	38	223	0	20842
25003	20540	166	54	231	0	20991
25004	209	200	47	20163	0	20619
25005	234	53	61	19782	0	20130
25006	93	20159	60	341	0	20653
25007	20270	152	41	227	0	20690
25008	20221	192	40	78	0	20531
25009	339	69	20066	90	0	20564
25010	222	59	19170	68	0	19519
25011	18754	36	278	78	0	19146
25012	191	35	19153	76	0	19455
25013	186	55	18252	60	0	18553
25014	17904	47	296	82	0	18329
25015	158	27	19973	58	0	20216
25016	164	29	207	19561	0	19961
25017	81	24	224	20103	0	20432
25018	21016	25	75	430	0	21546
25019	273	39	21328	282	0	21922
25020	22336	40	258	68	0	22702
25021	328	40	283	22340	0	22991
25022	22681	39	70	274	0	23064
25023	22619	36	44	330	0	23029
25024	22930	21	36	121	0	23108
25025	624	37	33	22466	0	23160
25026	22918	38	28	300	0	23284
25027	427	18	30	22899	0	23374
25028	399	39	33	22825	0	23296
25029	171	40	37	23090	0	23338
25030	149	33	37	23192	0	23411
25031	22784	30	35	638	0	23487
25032	22740	37	60	415	0	23252
25033	612	47	22785	167	0	23611
25034	23058	26	271	137	0	23492
25035	23301	19	333	134	0	23787
25036	648	42	97	22619	0	23406
25037	449	22818	59	352	0	23678
25038	23037	261	50	381	0	23729
25039	404	306	56	22386	0	23152
25040	22378	70	51	327	0	22826
25041	407	22118	59	399	0	22983
25042	22624	289	55	119	0	23087
25043	430	329	37	21796	0	22592
25044	422	21900	40	357	0	22719
25045	22129	298	34	385	0	22846
25046	374	22349	60	174	0	22957
25047	391	22892	71	170	0	23524
25048	22956	565	52	161	0	23734
25049	375	376	22708	144	0	23603
25050	22909	122	291	116	0	23438
25051	448	71	333	22648	0	23500
25052	477	69	22831	333	0	23710
25053	224	53	324	22515	0	23116
25054	215	67	352	22883	0	23517
25055	211	61	22638	633	0	23543
25056	22265	32	329	456	0	23082
25057	427	36	341	22630	0	23434
25058	481	42	98	22694	0	23315
25059	230	42	56	22792	0	23120
25060	22431	37	75	764	0	23307
25061	422	57	22065	527	0	23071
25062	446	56	22047	251	0	22800
25063	197	52	511	20926	0	21686
25064	174	54	21121	372	0	21721
25065	20336	27	333	394	0	21090
25066	344	20698	359	196	0	21597
25067	20557	246	148	111	0	21062
25068	446	293	90	19562	0	20391
25069	394	20034	107	314	0	20849
25070	218	348	88	19829	0	20483
25071	180	20280	68	369	0	20897
25072	172	366	59	20318	0	20915
25073	188	327	19899	352	0	20766
25074	147	133	19069	383	0	19732
25075	142	19047	474	206	0	19869
25076	18085	241	328	146	0	18800
25077	295	285	106	17614	0	18300
25078	326	115	66	17888	0	18395
25079	17951	95	60	468	0	18574
25080	17946	78	57	364	0	18445
25081	533	66	65	17994	0	18658
25082	412	64	17793	263	0	18532
25083	202	17848	253	330	0	18633
25084	155	235	300	17708	0	18398
25085	166	249	141	17246	0	17802
25086	131	18287	90	504	0	19012
25087	18396	246	83	351	0	19076
25088	320	294	18527	169	0	19310
25089	342	109	234	18268	0	18953
25090	157	57	280	18283	0	18777
25091	128	86	18199	561	0	18974
25092	141	94	243	18422	0	18900
25093	18528	68	295	385	0	19276
25094	18401	58	152	383	0	18994
25095	18748	44	110	215	0	19117
25096	528	18375	127	189	0	19219
25097	19472	227	117	110	0	19926
25098	374	292	88	19190	0	19944
25099	386	112	105	18719	0	19322
25100	205	20780	78	540	0	21603
25101	22144	299	67	398	0	22908
25102	23020	349	68	176	0	23613
25103	23439	140	65	173	0	23817
25104	23872	110	61	160	0	24203
25105	23897	85	84	176	0	24242
25106	748	108	23373	137	0	24366
25107	23765	96	341	150	0	24352
25108	23859	85	400	125	0	24469
25109	23854	60	146	124	0	24184
25110	771	69	86	23277	0	24203
25111	547	51	96	23399	0	24093
25112	269	52	22968	687	0	23976
25113	19687	82	357	527	0	20653
25114	379	22422	411	235	0	23447
25115	347	20419	97	140	0	21003
25116	182	374	20276	107	0	20939
25117	117	20179	229	126	0	20651
25118	94	19412	239	81	0	19826
25119	255	713	251	16198	0	17417
25120	64	17545	43	143	0	17795
25121	17222	159	22	170	0	17573
25122	16958	164	32	50	0	17204
25123	297	41	22	16897	0	17257
25124	201	46	16754	154	0	17155
25125	16312	19	156	196	0	16683
25126	181	35	16910	52	0	17178
25127	218	27	16887	37	0	17169
25128	78	25	285	15985	0	16373
25129	62	29	172	16595	0	16858
25130	55	26	16803	288	0	17172
25131	55	16497	150	192	0	16894
25132	41	17284	176	63	0	17564
25133	16749	283	84	98	0	17214
25134	16758	165	27	45	0	16995
25135	289	32	16543	27	0	16891
25136	16295	18	137	26	0	16476
25137	16951	18	152	28	0	17149
25138	282	32	25	16592	0	16931
25139	200	21	18	16858	0	17097
25140	75	24	12	17091	0	17202
25141	16980	25	21	271	0	17297
25142	17058	27	12	173	0	17270
25143	17349	14	17	42	0	17422
25144	344	17	18	17235	0	17614
25145	252	22	17013	146	0	17433
25146	16724	14	133	175	0	17046
25147	16654	14	167	36	0	16871
25148	342	18	49	16237	0	16646
25149	248	16623	39	159	0	17069
25150	104	142	28	16563	0	16837
25151	78	16854	39	178	0	17149
25152	81	173	32	16227	0	16513
25153	71	17005	36	178	0	17290
25154	16660	145	51	177	0	17033
25155	178	184	31	16558	0	16951
25156	202	16690	27	142	0	17061
25157	70	160	16559	165	0	16954
25158	15920	178	171	46	0	16315
25159	162	77	169	16334	0	16742
25160	196	16494	40	156	0	16886
25161	73	150	34	15897	0	16154
25162	63	16154	28	153	0	16398
25163	86	16879	36	179	0	17180
25164	16783	272	46	74	0	17175
25165	16880	179	49	64	0	17172
25166	308	59	16960	36	0	17363
25167	16758	40	153	45	0	16996
25168	16842	34	201	45	0	17122
25169	294	16845	73	76	0	17288
25170	208	137	40	16946	0	17331
25171	77	171	38	16976	0	17262
25172	76	56	16896	270	0	17298
25173	80	60	16589	180	0	16909
25174	16569	47	287	52	0	16955
25175	16950	29	192	39	0	17210
25176	17055	23	60	49	0	17187
25177	336	31	16692	47	0	17106
25178	231	22	157	16434	0	16844
25179	16681	30	170	161	0	17042
25180	160	28	43	16692	0	16923
25181	201	31	16421	175	0	16828
25182	15509	28	135	200	0	15872
25183	198	39	17254	59	0	17550
25184	219	16872	141	73	0	17305
25185	16913	116	178	52	0	17259
25186	177	158	16795	66	0	17196
25187	197	54	147	16451	0	16849
25188	16648	29	170	145	0	16992
25189	180	27	34	16874	0	17115
25190	17194	31	23	179	0	17427
25191	164	43	18	17128	0	17353
25192	17745	38	22	200	0	18005
25193	17646	44	26	189	0	17905
25194	17721	49	20	68	0	17858
25195	17586	50	25	53	0	17714
25196	316	79	41	17325	0	17761
25197	183	37	16901	139	0	17260
25198	95	47	16916	140	0	17198
25199	65	16888	238	51	0	17242
25200	60	15267	147	38	0	15512
25201	13559	138	346	17	0	14060
25202	84	84	17	13101	0	13286
25203	65	16	13291	48	0	13420
25204	35	24	13997	57	0	14113
25205	23	66	90	13885	0	14064
25206	13928	8	57	39	0	14032
25207	42	14192	13	71	0	14318
25208	15015	33	4	28	0	15080
25209	48	50	14	15185	0	15297
25210	61	8	10	15209	0	15288
25211	25	6	8	15267	0	15306
25212	15	19	15358	90	0	15482
25213	22	12	15175	63	0	15272
25214	12	15493	102	27	0	15634
25215	12	40	64	15634	0	15750
25216	15523	62	11	48	0	15644
25217	51	24	15403	69	0	15547
25218	73	22	16001	18	0	16114
25219	21	10	124	15959	0	16114
25220	14	6	78	16486	0	16584
25221	13	9	13	16675	0	16710
25222	17	10	11	18181	0	18219
25223	18429	8	8	163	0	18608
25224	85	12	10	18838	0	18945
25225	18831	4	18	99	0	18952
25226	104	17	19270	132	0	19523
25227	127	19449	107	39	0	19722
25228	22	91	129	19408	0	19650
25229	29	131	19984	99	0	20243
25230	33	24	20005	147	0	20209
25231	24	20437	217	42	0	20720
25232	24	76	138	19801	0	20039
25233	17	121	22	20032	0	20192
25234	23	28	20288	204	0	20543
25235	19256	12	94	153	0	19515
25236	90	12	142	20357	0	20601
25237	130	17	25	20173	0	20345
25238	33	24	20748	229	0	21034
25239	19	20920	106	158	0	21203
25240	17	22158	159	35	0	22369
25241	22269	256	25	34	0	22584
25242	144	179	23	22548	0	22894
25243	23513	17	35	164	0	23729
25244	187	22	23547	195	0	23951
25245	206	19	164	23465	0	23854
25246	23485	22	204	196	0	23907
25247	23627	14	44	219	0	23904
25248	352	25	24	23611	0	24012
25249	237	22	23691	197	0	24147
25250	55	33	23915	221	0	24224
25251	32	34	356	23717	0	24139
25252	41	18	24320	184	0	24563
25253	22693	18	199	226	0	23136
25254	177	23894	215	77	0	24363
25255	24154	161	56	50	0	24421
25256	24084	194	37	64	0	24379
25257	362	39	42	24269	0	24712
25258	217	21	54	24493	0	24785
25259	24483	26	40	373	0	24922
25260	188	27	39	24679	0	24933
25261	207	48	24502	225	0	24982
25262	55	24523	187	246	0	25011
25263	48	198	215	23964	0	24425
25264	54	200	38	24084	0	24376
25265	58	30	43	24299	0	24430
25266	60	26	23945	418	0	24449
25267	65	23760	198	307	0	24330
25268	58	169	230	23974	0	24431
25269	70	213	24012	222	0	24517
25270	62	41	199	23957	0	24259
25271	23914	35	231	239	0	24419
25272	210	36	68	24294	0	24608
25273	255	45	24108	238	0	24646
25274	23169	29	212	279	0	23689
25275	205	24690	253	101	0	25249
25276	233	25207	93	100	0	25633
25277	25261	336	62	96	0	25755
25278	229	218	25828	100	0	26375
25279	260	37	207	25444	0	25948
25280	99	23	227	25952	0	26301
25281	84	42	26299	413	0	26838
25282	66	26238	237	318	0	26859
25283	79	186	249	24759	0	25273
25284	76	235	25846	259	0	26416
25285	87	53	215	25781	0	26136
25286	25681	45	255	280	0	26261
25287	243	54	26435	292	0	27024
25288	258	53	223	26452	0	26986
25289	81	63	227	26654	0	27025
25290	80	67	26272	451	0	26870
25291	101	47	227	24756	0	25131
25292	73	25365	265	311	0	26014
25293	129	204	96	23272	0	23701
25294	67	26016	117	250	0	26450
25295	25747	196	83	279	0	26305
25296	24723	232	101	140	0	25196
25297	418	59	25511	144	0	26132
25298	253	56	25373	137	0	25819
25299	99	67	25122	115	0	25403
25300	73	24838	439	128	0	25478
25301	93	214	312	25124	0	25743
25302	66	221	25706	265	0	26258
25303	120	57	230	24811	0	25218
25304	76	71	248	24932	0	25327
25305	98	56	25248	430	0	25832
25306	104	61	233	25200	0	25598
25307	88	63	261	24540	0	24952
25308	91	24379	115	472	0	25057
25309	116	183	101	24779	0	25179
25310	99	230	108	24975	0	25412
25311	88	74	25233	469	0	25864
25312	85	69	239	24672	0	25065
25313	97	53	25367	321	0	25838
25314	82	81	24791	337	0	25291
25315	23623	58	418	178	0	24277
25316	213	138	305	22967	0	23623
25317	230	25130	134	313	0	25807
25318	95	25062	107	335	0	25599
25319	103	424	152	24752	0	25431
25320	99	237	25135	339	0	25810
25321	91	25052	262	357	0	25762
25322	90	229	240	23132	0	23691
25323	73	183	24270	231	0	24757
25324	61	24347	173	255	0	24836
25325	25312	155	222	117	0	25806
25326	25008	192	93	109	0	25402
25327	24642	64	64	155	0	24925
25328	290	50	91	26555	0	26986
25329	190	46	82	26395	0	26713
25330	66	52	61	26019	0	26198
25331	48	56	26167	384	0	26655
25332	25841	81	210	272	0	26404
25333	205	40	234	24710	0	25189
25334	194	55	25855	207	0	26311
25335	25906	53	222	245	0	26426
25336	26625	49	224	146	0	27044
25337	365	92	23453	113	0	24023
25338	25952	49	206	129	0	26336
25339	172	27154	199	160	0	27685
25340	162	107	26362	87	0	26718
25341	25102	168	248	79	0	25597
25342	111	26084	170	96	0	26461
25343	96	77	56	24426	0	24655
25344	17	25019	53	103	0	25192
25345	28	82	30	25200	0	25340
25346	27	111	25307	89	0	25534
25347	22529	24	107	159	0	22819
25348	80	35	25499	59	0	25673
25349	96	25060	100	55	0	25311
25350	17	25084	130	53	0	25284
25351	24670	161	44	41	0	24916
25352	76	127	24786	34	0	25023
25353	112	28	90	24316	0	24546
25354	35	32	25052	94	0	25213
25355	15	25295	90	145	0	25545
25356	79	81	114	22523	0	22797
25357	27	25430	34	69	0	25560
25358	25579	79	34	108	0	25800
25359	25748	115	34	36	0	25933
25360	25740	23	35	32	0	25830
25361	184	29	25756	30	0	25999
25362	129	35	25235	27	0	25426
25363	24830	12	188	32	0	25062
25364	90	36	26506	33	0	26665
25365	138	15	96	24439	0	24688
25366	14	26183	138	94	0	26429
25367	26773	77	45	131	0	27026
25368	26599	117	33	42	0	26791
25369	27215	18	33	41	0	27307
25370	195	22	28	27297	0	27542
25371	124	17	34	27459	0	27634
25372	27274	16	32	237	0	27559
25373	87	27200	34	162	0	27483
25374	27030	87	27	50	0	27194
25375	100	120	23	26555	0	26798
25376	126	18	19	26444	0	26607
25377	25999	18	23	216	0	26256
25378	91	25659	30	159	0	25939
25379	25636	91	22	44	0	25793
25380	104	25865	33	33	0	26035
25381	25473	109	30	24	0	25636
25382	123	115	26	26144	0	26408
25383	26435	23	19	102	0	26579
25384	26910	22	12	129	0	27073
25385	28694	20	22	31	0	28767
25386	252	29831	23	54	0	30160
25387	181	160	29253	19	0	29613
25388	28772	176	147	23	0	29118
25389	29335	29	157	23	0	29544
25390	285	29593	23	39	0	29940
25391	186	143	20	29654	0	30003
25392	40	164	17	29632	0	29853
25393	29653	19	25	298	0	29995
25394	178	19	20	30057	0	30274
25395	207	24	30128	160	0	30519
25396	45	28	29968	176	0	30217
25397	30105	26	296	66	0	30493
25398	169	15	168	30483	0	30835
25399	201	15	22	30674	0	30912
25400	54	18	14	31075	0	31161
25401	54	19	31363	322	0	31758
25402	56	14	170	30990	0	31230
25403	63	14	186	31846	0	32109
25404	53	12	37	31898	0	32000
25405	31366	19	23	363	0	31771
25406	202	26	26	31648	0	31902
25407	227	43	32097	205	0	32572
25408	32150	27	198	236	0	32611
25409	223	47	33683	87	0	34040
25410	33510	29	211	66	0	33816
25411	30380	70	273	80	0	30803
25412	462	35	30	34517	0	35044
25413	277	35073	34	287	0	35671
25414	91	212	36	35630	0	35969
25415	86	343	43	35039	0	35511
25416	71	36190	64	488	0	36813
25417	35308	208	51	296	0	35863
25418	232	35518	70	124	0	35944
25419	35300	233	47	84	0	35664
25420	35004	262	49	96	0	35411
25421	467	39	36	34991	0	35533
25422	288	44	37	34828	0	35197
25423	94	48	33829	509	0	34480
25424	91	48	32632	332	0	33103
25425	31724	53	439	128	0	32344
25426	32127	31	287	106	0	32551
25427	443	31126	64	109	0	31742
25428	283	171	63	30360	0	30877
25429	124	238	31929	238	0	32529
25430	100	250	246	31736	0	32332
25431	31293	85	320	249	0	31947
25432	30445	29	57	262	0	30793
25433	412	31130	62	117	0	31721
25434	299	186	25	31212	0	31722
25435	88	245	41	31370	0	31744
25436	75	55	32	31459	0	31621
25437	97	70	30323	461	0	30951
25438	26517	53	204	377	0	27151
25439	29142	70	224	105	0	29541
25440	470	91	29748	104	0	30413
25441	318	29792	191	122	0	30423
25442	29619	204	241	125	0	30189
25443	29593	234	73	116	0	30016
25444	478	60	29265	131	0	29934
25445	333	60	29994	106	0	30493
25446	138	56	426	29630	0	30250
25447	119	69	30237	235	0	30660
25448	29154	56	251	270	0	29731
25449	29812	45	256	107	0	30220
25450	30309	61	95	90	0	30555
25451	474	58	81	28736	0	29349
25452	305	31126	82	273	0	31786
25453	31489	201	93	290	0	32073
25454	30954	232	66	140	0	31392
25455	491	71	30845	161	0	31568
25456	341	82	30188	120	0	30731
25457	27830	71	412	156	0	28469
25458	307	68	259	30288	0	30922
25459	316	87	30327	296	0	31026
25460	151	30168	238	381	0	30938
25461	153	237	299	30048	0	30737
25462	29844	234	132	256	0	30466
25463	316	30807	113	309	0	31545
25464	333	208	104	29947	0	30592
25465	171	30323	108	259	0	30861
25466	166	30667	116	324	0	31273
25467	142	385	131	30514	0	31172
25468	138	260	115	30159	0	30672
25469	156	30826	131	442	0	31555
25470	30547	217	92	313	0	31169
25471	330	280	30783	119	0	31512
25472	30030	100	240	140	0	30510
25473	347	97	259	31511	0	32214
25474	359	74	101	31521	0	32055
25475	167	82	104	31746	0	32099
25476	201	69	95	31715	0	32080
25477	199	62	31850	474	0	32585
25478	162	77	275	31948	0	32462
25479	164	136	311	31597	0	32208
25480	162	33660	135	525	0	34482
25481	197	245	34212	365	0	35019
25482	134	35501	295	223	0	36153
25483	202	298	35978	147	0	36625
25484	136	36360	283	185	0	36964
25485	276	361	451	32954	0	34042
25486	33088	296	100	232	0	33716
25487	281	33594	108	368	0	34351
25488	367	239	84	34076	0	34766
25489	162	325	34674	257	0	35418
25490	118	35562	261	375	0	36316
25491	35122	249	386	126	0	35883
25492	34851	325	96	127	0	35399
25493	507	35483	128	115	0	36233
25494	414	248	34885	98	0	35645
25495	33552	330	260	97	0	34239
25496	321	128	335	35352	0	36136
25497	35002	97	115	263	0	35477
25498	284	35837	91	404	0	36616
25499	369	36453	97	151	0	37070
25500	152	540	35864	136	0	36692
25501	34569	369	274	124	0	35336
25502	307	194	345	35745	0	36591
25503	35833	93	110	258	0	36294
25504	290	36118	113	364	0	36885
25505	36201	254	97	101	0	36653
25506	35714	357	104	105	0	36280
25507	562	106	36263	107	0	37038
25508	327	35030	228	100	0	35685
25509	116	35170	289	89	0	35664
25510	115	608	106	31970	0	32799
25511	77	33697	56	223	0	34053
25512	32555	226	44	242	0	33067
25513	214	33104	72	109	0	33499
25514	254	319	29	31841	0	32443
25515	87	32301	45	198	0	32631
25516	89	31590	38	237	0	31954
25517	68	32454	45	74	0	32641
25518	127	441	84	31970	0	32622
25519	78	278	44	32330	0	32730
25520	79	94	43	32058	0	32274
25521	64	31686	42	411	0	32203
25522	91	230	31425	243	0	31989
25523	69	307	31652	81	0	32109
25524	30464	107	358	67	0	30996
25525	199	92	234	31973	0	32498
25526	258	97	32414	190	0	32959
25527	95	129	32759	260	0	33243
25528	64	33497	369	104	0	34034
25529	63	241	240	31653	0	32197
25530	64	282	64	32340	0	32750
25531	32273	115	50	410	0	32848
25532	189	111	46	32398	0	32744
25533	233	94	60	32317	0	32704
25534	93	122	33256	405	0	33876
25535	72	101	192	33122	0	33487
25536	74	104	251	34313	0	34742
25537	93	98	34503	425	0	35119
25538	80	120	34601	312	0	35113
25539	63	34364	409	134	0	34970
25540	84	273	34347	118	0	34822
25541	62	289	231	33471	0	34053
25542	86	156	293	30547	0	31082
25543	109	114	34554	445	0	35222
25544	62	34462	216	343	0	35083
25545	32890	222	284	166	0	33562
25546	190	34201	125	153	0	34669
25547	255	271	96	33830	0	34452
25548	81	305	95	34166	0	34647
25549	63	34417	129	495	0	35104
25550	73	254	121	34214	0	34662
25551	72	314	114	34310	0	34810
25552	85	151	32879	481	0	33596
25553	72	32739	256	408	0	33475
25554	70	269	286	32908	0	33533
25555	95	348	32979	275	0	33697
25556	103	132	254	32733	0	33222
25557	111	128	289	32809	0	33337
25558	95	121	120	33304	0	33640
25559	91	128	106	33170	0	33495
25560	94	132	71	32384	0	32681
25561	86	33100	121	519	0	33826
25562	32294	236	119	373	0	33022
25563	218	319	32340	189	0	33066
25564	28202	151	263	241	0	28857
25565	224	163	33759	149	0	34295
25566	256	34836	255	247	0	35594
25567	126	284	34558	176	0	35144
25568	82	35040	296	181	0	35599
25569	85	364	338	32364	0	33151
25570	100	317	128	32305	0	32850
25571	78	34187	104	486	0	34855
25572	67	35237	90	428	0	35822
25573	35129	490	93	185	0	35897
25574	35713	342	100	208	0	36363
25575	36043	130	76	163	0	36412
25576	36500	116	92	175	0	36883
25577	455	183	100	35465	0	36203
25578	284	35972	120	272	0	36648
25579	35585	242	104	333	0	36264
25580	191	267	85	34086	0	34629
25581	33039	99	95	214	0	33447
25582	31536	72	78	284	0	31970
25583	283	30943	67	152	0	31445
25584	164	29900	78	107	0	30249
25585	65	30868	50	113	0	31096
25586	79	530	150	28664	0	29423
25587	34	30384	85	176	0	30679
25588	29991	123	55	179	0	30348
25589	30515	124	50	99	0	30788
25590	30321	48	37	82	0	30488
25591	30960	39	28	90	0	31117
25592	31435	40	51	69	0	31595
25593	270	53	32521	64	0	32908
25594	32329	36	156	70	0	32591
25595	180	59	33087	60	0	33386
25596	32294	31	207	46	0	32578
25597	175	68	206	31431	0	31880
25598	199	58	32717	130	0	33104
25599	71	42	33767	171	0	34051
25600	50	35664	307	74	0	36095
25601	35642	187	272	83	0	36184
25602	36223	234	80	46	0	36583
25603	406	40079	43	124	0	40652
25604	290	287	26	44820	0	45423
25605	48185	324	61	402	0	48972
25606	466	87	49603	431	0	50587
25607	482	49477	408	104	0	50471
25608	47407	405	459	73	0	48344
25609	380	49616	78	79	0	50153
25610	521	479	33	45114	0	46147
25611	86	49705	67	332	0	50190
25612	111	554	35	46239	0	46939
25613	68	48986	65	441	0	49560
25614	62	49701	36	524	0	50323
25615	48543	821	30	86	0	49480
25616	49007	525	62	74	0	49668
25617	864	118	49373	85	0	50440
25618	566	105	49011	56	0	49738
25619	166	113	49788	45	0	50112
25620	103	80	893	48903	0	49979
25621	127	121	50403	415	0	51066
25622	90	100	481	49304	0	49975
25623	104	111	525	48698	0	49438
25624	95	49982	115	900	0	51092
25625	49227	469	78	559	0	50333
25626	443	50560	123	169	0	51295
25627	555	514	84	50574	0	51727
25628	152	574	88	50668	0	51482
25629	168	151	92	51192	0	51603
25630	179	166	50712	969	0	52026
25631	131	160	476	50413	0	51180
25632	138	148	548	50633	0	51467
25633	135	188	127	51391	0	51841
25634	170	186	49667	1002	0	51025
25635	143	49523	484	682	0	50832
25636	48668	549	514	228	0	49959
25637	46361	632	136	197	0	47326
25638	906	49207	142	227	0	50482
25639	603	571	140	48632	0	49946
25640	187	633	131	49817	0	50768
25641	241	198	49447	1026	0	50912
25642	164	49140	562	775	0	50641
25643	157	578	624	49224	0	50583
25644	204	614	49628	601	0	51047
25645	171	242	538	49201	0	50152
25646	172	204	623	49063	0	50062
25647	183	258	49281	1074	0	50796
25648	187	217	544	48766	0	49714
25649	200	216	610	48735	0	49761
25650	239	260	49459	1077	0	51035
25651	186	207	552	49480	0	50425
25652	165	200	626	49025	0	50016
25653	153	179	235	50289	0	50856
25654	160	214	49549	1167	0	51090
25655	140	194	611	49527	0	50472
25656	48775	169	655	748	0	50347
25657	48661	163	247	817	0	49888
25658	967	49303	243	433	0	50946
25659	49981	533	236	361	0	51111
25660	623	627	51121	357	0	52728
25661	662	203	614	50797	0	52276
25662	204	206	662	50555	0	51627
25663	178	210	256	52384	0	53028
25664	50305	188	221	1229	0	51943
25665	476	50302	239	1038	0	52055
25666	582	588	195	46836	0	48201
25667	159	49446	209	746	0	50560
25668	47983	602	207	794	0	49586
25669	485	49039	234	456	0	50214
25670	47831	582	206	393	0	49012
25671	529	47902	209	476	0	49116
25672	561	47558	237	452	0	48808
25673	221	1001	258	46996	0	48476
25674	151	626	240	47071	0	48088
25675	187	230	225	47323	0	47965
25676	184	231	217	47113	0	47745
25677	215	296	45851	1222	0	47584
25678	193	45947	571	889	0	47600
25679	182	611	588	42928	0	44309
25680	193	45918	264	714	0	47089
25681	235	620	45420	816	0	47091
25682	194	621	557	44774	0	46146
25683	195	260	604	46234	0	47293
25684	249	200	45799	1163	0	47411
25685	171	44880	612	993	0	46656
25686	159	519	663	44100	0	45441
25687	225	595	44389	854	0	46063
25688	129	44442	596	980	0	46147
25689	136	581	636	43448	0	44801
25690	208	613	43338	773	0	44932
25691	175	278	42484	840	0	43777
25692	156	42133	864	456	0	43609
25693	188	43542	539	396	0	44665
25694	204	972	248	43473	0	44897
25695	181	641	175	46390	0	47387
25696	160	244	46319	1169	0	47892
25697	43116	236	575	898	0	44825
25698	44671	204	648	451	0	45974
25699	1019	258	44638	391	0	46306
25700	548	42835	537	374	0	44294
25701	161	42609	563	365	0	43698
25702	137	41242	249	339	0	41967
25703	234	36127	397	383	0	37141
25704	738	1454	535	30137	0	32864
25705	97	239	81	33994	0	34411
25706	32	66	17	34253	0	34368
25707	24	47	17	34522	0	34610
25708	11	35040	40	737	0	35828
25709	28	318	31	34957	0	35334
25710	17	35247	37	420	0	35721
25711	30	347	22	35613	0	36012
25712	34981	366	27	373	0	35747
25713	296	86	18	35429	0	35829
25714	352	35197	41	431	0	36021
25715	66	346	34	36119	0	36565
25716	53	387	26	36386	0	36852
25717	47	98	25	36757	0	36927
25718	35239	72	46	818	0	36175
25719	319	95	31	36603	0	37048
25720	383	125	35733	487	0	36728
25721	74	36407	308	578	0	37367
25722	62	419	389	37032	0	37902
25723	66	452	58	37885	0	38461
25724	64	117	36	38479	0	38696
25725	36792	108	45	921	0	37866
25726	383	124	36958	652	0	38117
25727	437	115	331	35008	0	35891
25728	86	36281	412	562	0	37341
25729	86	416	71	36717	0	37290
25730	34445	451	48	601	0	35545
25731	345	35972	48	667	0	37032
25732	394	413	48	35839	0	36694
25733	86	496	42	35803	0	36427
25734	65	35565	38	1003	0	36671
25735	80	412	36	36320	0	36848
25736	94	475	49	36332	0	36950
25737	116	164	35623	978	0	36881
25738	77	35430	386	744	0	36637
25739	35287	418	437	381	0	36523
25740	407	525	35142	350	0	36424
25741	34296	167	374	355	0	35192
25742	501	146	35154	365	0	36166
25743	481	147	426	34781	0	35835
25744	34597	133	466	698	0	35894
25745	446	140	120	35397	0	36103
25746	35479	142	114	709	0	36444
25747	35148	148	94	744	0	36134
25748	34789	171	99	398	0	35457
25749	836	34784	132	354	0	36106
25750	584	483	92	34472	0	35631
25751	213	537	92	35038	0	35880
25752	167	184	112	35327	0	35790
25753	212	157	34487	1105	0	35961
25754	162	149	459	34853	0	35623
25755	34469	162	506	752	0	35889
25756	34793	154	140	782	0	35869
25757	913	187	34296	416	0	35812
25758	34583	156	449	341	0	35529
25759	34698	173	506	351	0	35728
25760	964	162	179	32800	0	34105
25761	32856	172	153	714	0	33895
25762	32641	173	130	822	0	33766
25763	950	152	145	32561	0	33808
25764	32822	139	166	725	0	33852
25765	32513	160	161	739	0	33573
25766	1009	182	178	32235	0	33604
25767	779	171	30698	684	0	32332
25768	30733	171	465	729	0	32098
25769	628	172	32247	416	0	33463
25770	721	140	31940	405	0	33206
25771	367	31572	853	479	0	33271
25772	370	459	559	31214	0	32602
25773	382	486	175	31705	0	32748
25774	428	128	145	31920	0	32621
25775	430	133	31545	1111	0	33219
25776	421	150	31401	801	0	32773
25777	356	31463	873	459	0	33151
25778	353	439	572	30527	0	31891
25779	381	468	223	31415	0	32487
25780	376	134	208	31834	0	32552
25781	405	124	30958	1137	0	32624
25782	406	30683	548	840	0	32477
25783	397	445	554	30179	0	31575
25784	405	482	31119	709	0	32715
25785	388	148	31062	797	0	32395
25786	30621	103	930	446	0	32100
25787	30585	113	669	382	0	31749
25788	31168	117	303	354	0	31942
25789	1046	159	253	28914	0	30372
25790	796	142	30394	689	0	32021
25791	372	29799	553	816	0	31540
25792	353	30239	598	487	0	31677
25793	355	714	27450	382	0	28901
25794	428	982	663	24512	0	26585
25795	308	430	624	22205	0	23567
25796	269	22697	317	685	0	23968
25797	266	23042	267	591	0	24166
25798	22685	578	264	325	0	23852
25799	22859	389	209	282	0	23739
25800	23128	159	190	313	0	23790
25801	22621	113	216	335	0	23285
25802	21630	153	238	282	0	22303
25803	701	20965	250	274	0	22190
25804	324	17267	205	187	0	17983
25805	131	14856	149	121	0	15257
25806	13516	265	518	128	0	14427
25807	353	283	199	12739	0	13574
25808	167	43	86	12429	0	12725
25809	12220	39	103	233	0	12595
25810	131	12321	106	194	0	12752
25811	149	115	81	12419	0	12764
25812	93	111	89	12501	0	12794
25813	95	40	101	12482	0	12718
25814	12084	42	82	208	0	12416
25815	171	49	60	12238	0	12518
25816	175	45	11836	129	0	12185
25817	11371	37	99	143	0	11650
25818	150	60	126	11687	0	12023
25819	144	50	11769	107	0	12070
25820	88	11743	112	106	0	12049
25821	75	11131	83	38	0	11327
25822	10556	164	190	62	0	10972
25823	10318	72	90	52	0	10532
25824	117	10682	17	35	0	10851
25825	84	68	19	11218	0	11389
25826	11623	62	18	109	0	11812
25827	106	16	14	12420	0	12556
25828	100	10	15	12890	0	13015
25829	38	17	27	13000	0	13082
25830	19	21	9	12810	0	12859
25831	16	12749	23	245	0	13033
25832	24	105	18	12950	0	13097
25833	15	111	12	12928	0	13066
25834	20	33	19	13188	0	13260
25835	36	20	12776	252	0	13084
25836	16	12860	126	179	0	13181
25837	16	134	123	12856	0	13129
25838	22	114	12855	139	0	13130
25839	33	40	12422	151	0	12646
25840	19	12719	217	60	0	13015
25841	12566	122	135	46	0	12869
25842	108	115	38	12759	0	13020
25843	12745	32	32	142	0	12951
25844	127	12926	29	143	0	13225
25845	115	124	18	12963	0	13220
25846	12612	119	22	147	0	12900
25847	12775	40	20	144	0	12979
25848	219	21	22	12771	0	13033
25849	154	32	19	12722	0	12927
25850	67	36	12665	261	0	13029
25851	34	26	121	12629	0	12810
25852	46	35	122	12827	0	13030
25853	12457	27	33	272	0	12789
25854	120	12612	19	197	0	12948
25855	129	123	12441	95	0	12788
25856	11836	117	133	81	0	12167
25857	126	12474	126	93	0	12819
25858	134	125	46	12485	0	12790
25859	12373	121	33	166	0	12693
25860	132	46	20	12362	0	12560
25861	122	28	28	12392	0	12570
25862	60	29	12219	267	0	12575
25863	29	40	117	12286	0	12472
25864	12108	30	118	201	0	12457
25865	149	32	46	12307	0	12534
25866	12006	32	30	202	0	12270
25867	158	11885	29	209	0	12281
25868	139	12159	39	115	0	12452
25869	72	217	29	12128	0	12446
25870	54	153	16	12169	0	12392
25871	11755	54	29	296	0	12134
25872	143	11794	27	233	0	12197
25873	11939	147	25	106	0	12217
25874	11897	136	29	105	0	12167
25875	255	52	32	11818	0	12157
25876	11909	33	30	197	0	12169
25877	191	46	11460	184	0	11881
25878	157	50	142	11516	0	11865
25879	78	46	11810	210	0	12144
25880	77	40	157	11831	0	12105
25881	11677	44	144	228	0	12093
25882	11650	37	66	197	0	11950
25883	268	11750	41	119	0	12178
25884	179	141	31	11677	0	12028
25885	97	130	33	11620	0	11880
25886	80	11800	37	308	0	12225
25887	86	162	18	12051	0	12317
25888	67	146	25	11839	0	12077
25889	69	11765	37	333	0	12204
25890	11435	142	41	235	0	11853
25891	11412	150	32	143	0	11737
25892	265	79	42	11419	0	11805
25893	183	36	38	11521	0	11778
25894	99	60	11370	322	0	11851
25895	95	53	132	11071	0	11351
25896	89	11328	128	214	0	11759
25897	11391	150	59	195	0	11795
25898	180	144	43	11379	0	11746
25899	177	70	36	11162	0	11445
25900	10811	50	36	317	0	11214
25901	180	10933	30	243	0	11386
25902	184	156	33	11188	0	11561
25903	118	132	33	11023	0	11306
25904	81	11101	47	335	0	11564
25905	11080	143	45	220	0	11488
25906	193	152	11001	134	0	11480
25907	169	69	11070	127	0	11435
25908	95	54	231	11098	0	11478
25909	80	67	11205	201	0	11553
25910	10708	72	150	204	0	11134
25911	196	48	134	11076	0	11454
25912	176	52	11263	221	0	11712
25913	111	58	11293	214	0	11676
25914	84	11430	233	134	0	11881
25915	11225	150	162	106	0	11643
25916	172	11580	63	112	0	11927
25917	11456	137	57	114	0	11764
25918	11333	137	61	103	0	11634
25919	240	11118	52	93	0	11503
25920	11045	121	51	93	0	11310
25921	10923	119	44	93	0	11179
25922	236	69	10809	85	0	11199
25923	187	516	106	9812	0	10621
25924	81	9963	114	120	0	10278
25925	40	9475	33	107	0	9655
25926	153	294	74	8623	0	9144
25927	8106	104	54	143	0	8407
25928	45	16	11	8013	0	8085
25929	61	16	13	8347	0	8437
25930	19	14	8	8552	0	8593
25931	31	9024	14	108	0	9177
25932	20	53	7	9591	0	9671
25933	27	75	10094	64	0	10260
25934	9485	21	66	88	0	9660
25935	10322	16	79	34	0	10451
25936	147	10351	18	20	0	10536
25937	10472	71	9	16	0	10568
25938	96	85	3	10610	0	10794
25939	97	24	10572	74	0	10767
25940	10074	14	77	87	0	10252
25941	85	10713	84	24	0	10906
25942	85	67	7	10587	0	10746
25943	10849	79	15	68	0	11011
25944	65	10946	7	88	0	11106
25945	77	11079	14	28	0	11198
25946	10950	153	14	18	0	11135
25947	83	101	10707	8	0	10899
25948	10741	22	62	20	0	10845
25949	87	8	85	10744	0	10924
25950	89	9	13	10795	0	10906
25951	31	15	10745	145	0	10936
25952	27	15	10692	95	0	10829
25953	15	14	144	10735	0	10908
25954	24	15	10717	78	0	10834
25955	26	12	10746	89	0	10873
25956	28	17	151	10447	0	10643
25957	20	9	100	10691	0	10820
25958	10721	15	29	151	0	10916
25959	74	20	15	10797	0	10906
25960	10808	17	13	95	0	10933
25961	90	10824	24	101	0	11039
25962	98	82	19	10892	0	11091
25963	41	89	11249	85	0	11464
25964	10928	25	80	101	0	11134
25965	11410	19	100	37	0	11566
25966	11554	13	22	29	0	11618
25967	11433	22	23	19	0	11497
25968	11359	16	16	28	0	11419
25969	168	9	30	11175	0	11382
25970	126	13	11144	86	0	11369
25971	40	24	11083	103	0	11250
25972	37	14	11253	43	0	11347
25973	10718	24	191	31	0	10964
25974	11345	15	114	27	0	11501
25975	172	12	44	10974	0	11202
25976	115	11520	28	96	0	11759
25977	36	79	31	11771	0	11917
25978	42	92	11727	107	0	11968
25979	30	22	11525	113	0	11690
25980	10825	15	180	46	0	11066
25981	112	13	12065	39	0	12229
25982	116	19	119	11857	0	12111
25983	12291	14	113	122	0	12540
25984	12151	12	35	113	0	12311
25985	12569	19	33	52	0	12673
25986	12722	7	36	32	0	12797
25987	215	12	12445	43	0	12715
25988	12080	20	105	26	0	12231
25989	133	12576	114	46	0	12869
25990	140	99	31	12624	0	12894
25991	64	104	12747	108	0	13023
25992	58	22	102	12560	0	12742
25993	43	34	12965	118	0	13160
25994	59	16	124	12691	0	12890
25995	54	20	119	12861	0	13054
25996	45	15	12797	205	0	13062
25997	59	10	115	12633	0	12817
25998	12842	19	140	134	0	13135
25999	118	14	45	12932	0	13109
26000	135	14	41	13094	0	13284
26001	12846	19	51	209	0	13125
26002	131	13044	44	136	0	13355
26003	13114	97	45	56	0	13312
26004	128	13238	52	46	0	13464
26005	13489	103	31	54	0	13677
26006	143	112	13464	54	0	13773
26007	146	21	116	13279	0	13562
26008	62	33	127	13450	0	13672
26009	13319	13	49	216	0	13597
26010	116	13414	50	156	0	13736
26011	143	97	39	13234	0	13513
26012	61	106	44	13053	0	13264
26013	54	12552	41	565	0	13212
26014	12702	94	41	147	0	12984
26015	133	12899	43	60	0	13135
26016	125	102	36	12553	0	12816
26017	66	98	46	12215	0	12425
26018	41	12367	30	216	0	12654
26019	12155	100	47	134	0	12436
26020	134	105	12264	58	0	12561
26021	11865	25	117	48	0	12055
26022	123	12284	109	55	0	12571
26023	119	88	33	12242	0	12482
26024	12335	94	36	127	0	12592
26025	124	35	33	12403	0	12595
26026	120	23	29	12482	0	12654
26027	12525	20	27	199	0	12771
26028	118	12384	38	139	0	12679
26029	120	12451	34	63	0	12668
26030	12155	155	31	51	0	12392
26031	131	74	11987	48	0	12240
26032	85	11574	95	38	0	11792
26033	120	159	112	11083	0	11474
26034	38	63	12665	72	0	12838
26035	20	74	92	12230	0	12416
26036	12453	9	96	100	0	12658
26037	83	12812	34	117	0	13046
26038	115	92	13	11779	0	11999
26039	31	12760	18	88	0	12897
26040	12746	96	13	112	0	12967
26041	12930	99	13	37	0	13079
26042	173	13228	12	39	0	13452
26043	124	95	8	12720	0	12947
26044	25	13545	26	100	0	13696
26045	13661	105	9	114	0	13889
26046	13796	112	10	30	0	13948
26047	215	34	9	13679	0	13937
26048	138	27	8	13860	0	14033
26049	55	30	13654	208	0	13947
26050	12653	25	104	160	0	12942
26051	133	24	13753	43	0	13953
26052	133	28	113	13460	0	13734
26053	13482	18	118	130	0	13748
26054	115	13967	38	137	0	14257
26055	13676	114	24	52	0	13866
26056	123	136	13447	36	0	13742
26057	13184	40	100	44	0	13368
26058	138	14058	112	56	0	14364
26059	14037	114	30	45	0	14226
26060	134	14584	22	34	0	14774
26061	135	136	15	14354	0	14640
26062	56	127	14221	123	0	14527
26063	60	64	13709	145	0	13978
26064	46	37	208	13768	0	14059
26065	57	45	14094	128	0	14324
26066	45	35	118	13879	0	14077
26067	38	32	120	13878	0	14068
26068	39	39	14279	229	0	14586
26069	12191	25	135	182	0	12533
26070	14016	27	124	60	0	14227
26071	209	14067	44	70	0	14390
26072	13988	104	49	50	0	14191
26073	131	122	28	13934	0	14215
26074	144	42	14345	127	0	14658
26075	63	43	123	14256	0	14485
26076	52	46	131	14313	0	14542
26077	14017	34	40	205	0	14296
26078	114	13963	33	164	0	14274
26079	118	14121	28	63	0	14330
26080	48	179	35	14076	0	14338
26081	41	125	28	13651	0	13845
26082	34	13799	27	193	0	14053
26083	49	100	16	13685	0	13850
26084	23	133	24	13433	0	13613
26085	37	13527	23	208	0	13795
26086	13361	92	22	136	0	13611
26087	101	99	25	13277	0	13502
26088	107	13504	21	120	0	13752
26089	56	98	25	13462	0	13641
26090	13241	107	16	122	0	13486
26091	102	13345	29	130	0	13606
26092	13552	110	11	60	0	13733
26093	13524	109	17	55	0	13705
26094	189	52	13	13695	0	13949
26095	14070	39	21	109	0	14239
26096	14200	31	21	138	0	14390
26097	14285	36	11	58	0	14390
26098	14323	40	22	34	0	14419
26099	228	30	13	14187	0	14458
26100	144	23	23	14302	0	14492
26101	73	38	14223	211	0	14545
26102	58	24	96	14191	0	14369
26103	69	25	102	14396	0	14592
26104	52	38	14211	231	0	14532
26105	13508	32	104	169	0	13813
26106	137	26	109	14326	0	14598
26107	130	28	14566	151	0	14875
26108	13674	28	119	177	0	13998
26109	167	29	15702	81	0	15979
26110	167	16048	143	90	0	16448
26111	78	16788	138	77	0	17081
26112	47	248	51	17684	0	18030
26113	61	162	19623	168	0	20014
26114	19325	51	184	178	0	19738
26115	20546	39	182	85	0	20852
26116	368	42	20596	65	0	21071
26117	20390	42	180	82	0	20694
26118	20786	31	201	47	0	21065
26119	356	21002	74	54	0	21486
26120	21009	156	47	57	0	21269
26121	229	183	43	20730	0	21185
26122	231	59	20954	189	0	21433
26123	95	57	155	19692	0	19999
26124	54	21175	203	181	0	21613
26125	50	21694	71	207	0	22022
26126	21486	322	40	81	0	21929
26127	21232	197	49	66	0	21544
26128	21195	44	63	55	0	21357
26129	366	42	37	21064	0	21509
26130	234	129	49	20234	0	20646
26131	91	20776	50	344	0	21261
26132	20555	179	43	231	0	21008
26133	231	21058	49	122	0	21460
26134	19138	143	33	52	0	19366
26135	169	19325	51	63	0	19608
26136	19074	149	44	63	0	19330
26137	18796	137	43	41	0	19017
26138	299	100	33	18194	0	18626
26139	206	19071	45	140	0	19462
26140	115	138	18792	145	0	19190
26141	17160	148	137	69	0	17514
26142	175	18393	126	67	0	18761
26143	169	137	18390	66	0	18762
26144	89	135	18616	45	0	18885
26145	82	77	197	17657	0	18013
26146	60	40	111	17456	0	17667
26147	51	18676	24	206	0	18957
26148	19106	128	20	136	0	19390
26149	159	130	20	18687	0	18996
26150	154	19889	23	112	0	20178
26151	73	20742	37	156	0	21008
26152	75	228	20481	38	0	20822
26153	74	141	20661	35	0	20911
26154	19697	60	189	38	0	19984
26155	158	50	20823	34	0	21065
26156	160	40	118	20236	0	20554
26157	68	52	109	20961	0	21190
26158	74	57	21085	214	0	21430
26159	65	56	128	20599	0	20848
26160	66	37	121	20484	0	20708
26161	20341	41	38	223	0	20643
26162	20969	49	44	126	0	21188
26163	245	111	48	20696	0	21100
26164	164	20848	52	149	0	21213
26165	70	21621	60	147	0	21898
26166	21547	220	57	47	0	21871
26167	146	152	21737	44	0	22079
26168	143	50	143	21384	0	21720
26169	22051	60	150	151	0	22412
26170	22293	69	70	146	0	22578
26171	247	49	65	22260	0	22621
26172	173	66	22499	161	0	22899
26173	94	73	21745	164	0	22076
26174	20846	56	257	66	0	21225
26175	22022	48	177	75	0	22322
26176	280	22428	81	85	0	22874
26177	201	22906	84	63	0	23254
26178	23414	234	72	84	0	23804
26179	23757	159	76	100	0	24092
26180	323	76	85	24196	0	24680
26181	242	61	56	24704	0	25063
26182	122	57	79	24866	0	25124
26183	24606	60	78	266	0	25010
26184	238	70	48	24645	0	25001
26185	252	87	25117	152	0	25608
26186	24265	69	146	175	0	24655
26187	209	70	142	25125	0	25546
26188	218	76	25500	179	0	25973
26189	24064	76	148	178	0	24466
26190	23944	95	158	109	0	24306
26191	268	26718	73	92	0	27151
26192	193	27189	64	95	0	27541
26193	154	260	26676	71	0	27161
26194	25287	179	132	93	0	25691
26195	204	27797	163	120	0	28284
26196	240	167	27298	88	0	27793
26197	25372	186	146	92	0	25796
26198	209	29110	161	107	0	29587
26199	230	177	28894	102	0	29403
26200	26837	228	162	76	0	27303
26201	228	29198	167	78	0	29671
26202	227	179	52	28807	0	29265
26203	28751	174	92	181	0	29198
26204	185	29173	74	219	0	29651
26205	204	218	75	28744	0	29241
26206	28478	155	63	178	0	28874
26207	181	60	28992	178	0	29411
26208	172	28547	156	108	0	28983
26209	128	161	27977	83	0	28349
26210	70	274	149	26810	0	27303
26211	58	41	27177	121	0	27397
26212	43	25882	110	154	0	26189
26213	35	24502	90	37	0	24664
26214	93	175	58	23841	0	24167
26215	23	54	11	23189	0	23277
26216	19	11	8	23579	0	23617
26217	25	29	24279	112	0	24445
26218	20	9	50	24277	0	24356
26219	24226	10	73	60	0	24369
26220	23698	14	17	75	0	23804
26221	135	28	24910	28	0	25101
26222	70	25075	63	34	0	25242
26223	24901	51	81	26	0	25059
26224	55	25047	20	28	0	25150
26225	24900	55	22	38	0	25015
26226	24806	68	14	29	0	24917
26227	130	32	24855	33	0	25050
26228	76	25480	62	46	0	25664
26229	26	52	72	25523	0	25673
26230	40	83	25640	62	0	25825
26231	23949	25	76	75	0	24125
26232	73	70	69	25549	0	25761
26233	91	29	25479	56	0	25655
26234	23825	14	69	100	0	24008
26235	101	34	26319	22	0	26476
26236	100	24	58	26277	0	26459
26237	26928	11	88	84	0	27111
26238	71	27996	36	136	0	28239
26239	137	89	28611	28	0	28865
26240	27853	102	76	40	0	28071
26241	30451	17	141	29	0	30638
26242	214	31767	37	72	0	32090
26243	177	113	19	31827	0	32136
26244	38	162	18	31664	0	31882
26245	31429	23	22	259	0	31733
26246	134	21	13	31713	0	31881
26247	204	44	31802	126	0	32176
26248	39	17	111	31362	0	31529
26249	31051	15	172	153	0	31391
26250	123	31250	32	262	0	31667
26251	193	129	27	29872	0	30221
26252	37	31070	33	140	0	31280
26253	31201	142	21	194	0	31558
26254	156	214	25	33263	0	33658
26255	229	30	24	33855	0	34138
26256	31	34230	41	507	0	34809
26257	90	242	33632	276	0	34240
26258	46	275	217	33163	0	33701
26259	40	45	273	33631	0	33989
26260	52	34	49	33390	0	33525
26261	36	33537	48	478	0	34099
26262	77	239	33651	284	0	34251
26263	48	276	34142	61	0	34527
26264	33126	62	468	89	0	33745
26265	34308	32	297	70	0	34707
26266	522	42	34938	58	0	35560
26267	33900	26	253	80	0	34259
26268	286	50	35751	67	0	36154
26269	33644	37	270	78	0	34029
26270	252	35503	315	162	0	36232
26271	35858	255	84	70	0	36267
26272	351	318	36223	84	0	36976
26273	355	96	36707	67	0	37225
26274	83	44	538	37826	0	38491
26275	39208	34	345	381	0	39968
26276	372	41176	90	437	0	42075
26277	449	405	44581	95	0	45530
26278	94	424	529	44373	0	45420
26279	84	60	523	45631	0	46298
26280	45300	52	86	992	0	46430
26281	45191	52	68	592	0	45903
26282	1011	64	66	44955	0	46096
26283	45540	49	86	569	0	46244
26284	645	72	44558	591	0	45866
26285	606	52	527	43831	0	45016
26286	150	70	550	44976	0	45746
26287	44622	61	124	1048	0	45855
26288	44346	51	97	642	0	45136
26289	1075	54	92	44239	0	45460
26290	44241	49	88	615	0	44993
26291	633	81	43009	634	0	44357
26292	623	42538	568	195	0	43924
26293	196	501	43105	131	0	43933
26294	139	711	589	42273	0	43712
26295	41542	94	572	600	0	42808
26296	573	41708	163	653	0	43097
26297	640	525	122	40682	0	41969
26298	204	569	123	39490	0	40386
26299	153	40304	138	1064	0	41659
26300	159	617	113	40742	0	41631
26301	168	619	124	40642	0	41553
26302	208	105	124	41110	0	41547
26303	173	65	127	41039	0	41404
26304	199	75	111	40330	0	40715
26305	196	39449	141	1215	0	41001
26306	212	540	118	40204	0	41074
26307	203	560	142	39883	0	40788
26308	222	113	38951	1222	0	40508
26309	225	38542	601	818	0	40186
26310	222	609	613	38659	0	40103
26311	263	578	175	38572	0	39588
26312	254	122	176	38404	0	38956
26313	229	37920	175	1296	0	39620
26314	267	573	38188	811	0	39839
26315	250	605	620	38521	0	39996
26316	244	161	38867	815	0	40087
26317	273	132	37798	783	0	38986
26318	242	155	1098	37523	0	39018
26319	37701	127	676	819	0	39323
26320	662	143	199	38024	0	39028
26321	678	137	157	36873	0	37845
26322	242	37393	179	1303	0	39117
26323	218	569	127	38279	0	39193
26324	227	595	155	38348	0	39325
26325	233	173	37910	1330	0	39646
26326	192	37712	616	929	0	39449
26327	175	594	641	37890	0	39300
26328	36789	613	193	876	0	38471
26329	637	202	37147	887	0	38873
26330	638	186	610	37040	0	38474
26331	212	164	633	37517	0	38526
26332	36609	175	183	1366	0	38333
26333	596	36604	174	1030	0	38404
26334	36036	611	130	534	0	37311
26335	611	36129	176	489	0	37405
26336	570	671	162	35345	0	36748
26337	34601	580	175	920	0	36276
26338	630	187	34268	924	0	36009
26339	587	33187	644	531	0	34949
26340	224	33305	631	511	0	34671
26341	30731	931	298	437	0	32397
26342	575	599	212	29371	0	30757
26343	550	29610	208	820	0	31188
26344	210	30430	198	865	0	31703
26345	220	950	136	30186	0	31492
26346	179	570	154	30603	0	31506
26347	29458	219	161	1222	0	31060
26348	543	29505	224	894	0	31166
26349	530	697	223	29389	0	30839
26350	244	514	29071	785	0	30614
26351	187	29025	631	789	0	30632
26352	204	561	28705	475	0	29945
26353	222	28283	644	467	0	29616
26354	379	643	728	25375	0	27125
26355	229	411	143	24417	0	25200
26356	171	25039	121	929	0	26260
26357	223	477	25078	625	0	26403
26358	24758	497	421	387	0	26063
26359	429	224	441	25650	0	26744
26360	425	211	192	26170	0	26998
26361	166	211	26030	952	0	27359
26362	164	258	442	26240	0	27104
26363	149	256	26161	663	0	27229
26364	135	262	436	26040	0	26873
26365	126	236	26387	695	0	27444
26366	131	26207	458	757	0	27553
26367	122	550	26909	436	0	28017
26368	160	527	427	26461	0	27575
26369	25970	256	432	665	0	27323
26370	411	25768	151	767	0	27097
26371	463	608	122	25430	0	26623
26372	218	531	25087	606	0	26442
26373	97	25179	476	645	0	26397
26374	91	615	407	22282	0	23395
26375	127	398	22420	374	0	23319
26376	48	19887	285	323	0	20543
26377	15302	330	442	203	0	16277
26378	14246	161	135	53	0	14595
26379	180	29	15	14340	0	14564
26380	14457	18	25	79	0	14579
26381	86	19	17	14283	0	14405
26382	115	17	18	14538	0	14688
26383	27	18	15202	190	0	15437
26384	22	18	66	15067	0	15173
26385	19	23	115	15165	0	15322
26386	15016	15	29	186	0	15246
26387	14649	14	21	134	0	14818
26388	172	14988	20	39	0	15219
26389	137	83	15117	35	0	15372
26390	30	127	75	15022	0	15254
26391	32	34	15055	90	0	15211
26392	13814	27	79	127	0	14047
26393	81	18	14737	58	0	14894
26394	119	26	73	14042	0	14260
26395	24	14507	119	80	0	14730
26396	12	63	30	14497	0	14602
26397	25	105	30	14419	0	14579
26398	20	37	14977	172	0	15206
26399	28	17	71	14927	0	15043
26400	14882	15	121	94	0	15112
26401	14871	16	34	128	0	15049
26402	14943	13	23	43	0	15022
26403	14956	16	33	46	0	15051
26404	156	14856	37	71	0	15120
26405	125	14955	34	101	0	15215
26406	42	154	36	14234	0	14466
26407	30	117	25	14833	0	15005
26408	30	14687	46	192	0	14955
26409	37	65	27	15057	0	15186
26410	28	131	28	14999	0	15186
26411	39	34	29	15075	0	15177
26412	39	30	43	15090	0	15202
26413	30	36	39	15134	0	15239
26414	14765	24	38	196	0	15023
26415	76	14708	44	178	0	15006
26416	134	81	14493	83	0	14791
26417	40	130	86	14489	0	14745
26418	36	35	132	14539	0	14742
26419	25	44	46	14604	0	14719
26420	14417	38	38	212	0	14705
26421	84	15843	42	197	0	16166
26422	155	108	37	15424	0	15724
26423	64	16452	40	182	0	16738
26424	66	158	43	15768	0	16035
26425	66	16090	36	202	0	16394
26426	79	175	16746	239	0	17239
26427	56	205	182	17597	0	18040
26428	58	71	20449	250	0	20828
26429	52	44	273	20296	0	20665
26430	42	45	304	21543	0	21934
26431	21718	45	74	562	0	22399
26432	21782	43	51	404	0	22280
26433	22254	52	46	139	0	22491
26434	22180	43	62	119	0	22404
26435	22185	36	61	103	0	22385
26436	578	44	61	21069	0	21752
26437	369	21728	62	321	0	22480
26438	113	254	70	21739	0	22176
26439	106	336	21363	365	0	22170
26440	20785	87	266	389	0	21527
26441	21410	40	325	138	0	21913
26442	599	35	76	21379	0	22089
26443	407	45	40	20888	0	21380
26444	124	20778	47	625	0	21574
26445	93	254	44	21378	0	21769
26446	86	336	42	20761	0	21225
26447	85	20757	55	637	0	21534
26448	98	257	41	21360	0	21756
26449	20369	321	62	383	0	21135
26450	294	95	20632	416	0	21437
26451	19724	58	273	190	0	20245
26452	355	58	20652	154	0	21219
26453	364	43	306	20083	0	20796
26454	147	47	323	19110	0	19627
26455	92	19819	84	614	0	20609
26456	109	20075	52	449	0	20685
26457	101	569	50	19395	0	20115
26458	113	363	19552	351	0	20379
26459	18459	80	267	389	0	19195
26460	295	49	319	18769	0	19432
26461	336	18714	123	389	0	19562
26462	137	269	50	18977	0	19433
26463	118	349	42	18366	0	18875
26464	115	18309	49	570	0	19043
26465	125	285	43	17592	0	18045
26466	128	272	16424	294	0	17118
26467	80	85	15955	300	0	16420
26468	88	89	401	14386	0	14964
26469	43	15540	268	243	0	16094
26470	64	223	76	15404	0	15767
26471	15431	236	38	273	0	15978
26472	15552	70	38	273	0	15933
26473	15089	38	32	111	0	15270
26474	451	14968	46	89	0	15554
26475	275	226	14859	88	0	15448
26476	14560	254	209	81	0	15104
26477	14960	80	238	101	0	15379
26478	415	14772	66	121	0	15374
26479	284	227	47	14582	0	15140
26480	14742	268	25	270	0	15305
26481	14773	79	60	289	0	15201
26482	14984	46	51	128	0	15209
26483	494	36	83	13935	0	14548
26484	14306	35	50	287	0	14678
26485	289	72	66	14244	0	14671
26486	328	49	45	14293	0	14715
26487	14097	56	46	486	0	14685
26488	303	56	44	14164	0	14567
26489	14029	70	57	335	0	14491
26490	342	64	50	14014	0	14470
26491	346	54	59	14054	0	14513
26492	13800	79	50	519	0	14448
26493	339	69	13623	423	0	14454
26494	363	79	232	13780	0	14454
26495	179	60	266	13915	0	14420
26496	190	49	85	13861	0	14185
26497	156	72	52	14059	0	14339
26498	137	68	66	13270	0	13541
26499	134	13039	61	607	0	13841
26500	159	245	86	13311	0	13801
26501	183	252	13021	406	0	13862
26502	195	103	234	13280	0	13812
26503	167	71	251	13190	0	13679
26504	159	65	71	13599	0	13894
26505	151	89	13068	579	0	13887
26506	142	92	13091	426	0	13751
26507	12810	92	446	223	0	13571
26508	13036	67	314	208	0	13625
26509	486	13359	114	192	0	14151
26510	368	251	56	13543	0	14218
26511	141	288	75	13972	0	14476
26512	126	120	59	14327	0	14632
26513	13850	70	92	612	0	14624
26514	14061	81	81	414	0	14637
26515	505	61	61	14084	0	14711
26516	335	108	51	14061	0	14555
26517	138	121	65	14225	0	14549
26518	106	78	73	14256	0	14513
26519	13549	76	85	625	0	14335
26520	305	79	13299	411	0	14094
26521	243	11551	212	223	0	12229
26522	98	11194	215	171	0	11678
26523	10524	267	93	157	0	11041
26524	221	451	102	10221	0	10995
26525	213	81	10420	234	0	10948
26526	85	72	9559	195	0	9911
26527	67	9236	250	117	0	9670
26528	6512	36	217	30	0	6795
26529	54	37	6462	21	0	6574
26530	4955	60	68	16	0	5099
26531	21	1	20	5277	0	5319
26532	11	6	5	5303	0	5325
26533	6	5345	1	22	0	5374
26534	2	5501	3	19	0	5525
26535	5495	16	1	10	0	5522
26536	5484	11	3	8	0	5506
26537	17	5708	6	14	0	5745
26538	19	8	5611	8	0	5646
26539	9	15	5762	9	0	5795
26540	8	12	21	5746	0	5787
26541	5941	3	16	8	0	5968
26542	10	6030	5	34	0	6079
26543	14	8	2	6241	0	6265
26544	6330	11	3	7	0	6351
26545	9	6	4	6442	0	6461
26546	14	2	5	6693	0	6714
26547	6641	1	3	33	0	6678
26548	9	6824	2	29	0	6864
26549	22	7083	3	12	0	7120
26550	12	36	7353	7	0	7408
26551	4	18	11	7459	0	7492
26552	7	4	17	7546	0	7574
26553	9	4	7696	36	0	7745
26554	6494	3	13	48	0	6558
26555	7312	2	22	13	0	7349
26556	32	7	7759	10	0	7808
26557	6629	6	12	36	0	6683
26558	19	5	8085	10	0	8119
26559	19	8492	16	16	0	8543
26560	9	13	21	8765	0	8808
26561	17	18	6	9004	0	9045
26562	9042	7	4	40	0	9093
26563	9014	4	7	30	0	9055
26564	8992	3	7	15	0	9017
26565	9006	3	5	6	0	9020
26566	8940	9	3	7	0	8959
26567	30	8	8990	11	0	9039
26568	24	9080	16	13	0	9133
26569	16	17	19	8938	0	8990
26570	11	9154	10	20	0	9195
26571	11	9191	4	24	0	9230
26572	13	31	8	9054	0	9106
26573	6	21	6	9102	0	9135
26574	10	6	9064	32	0	9112
26575	8129	6	16	39	0	8190
26576	8869	8	16	6	0	8899
26577	26	8894	7	19	0	8946
26578	8904	11	6	9	0	8930
26579	9190	20	2	17	0	9229
26580	34	3	5	9180	0	9222
26581	29	7	9626	15	0	9677
26582	16	8	9589	25	0	9638
26583	9442	3	26	9	0	9480
26584	9680	8	17	8	0	9713
26585	34	9746	5	14	0	9799
26586	30	10066	7	14	0	10117
26587	8	37	1	10372	0	10418
26588	10403	26	7	17	0	10453
26589	23	10	10672	28	0	10733
26590	32	5	18	10791	0	10846
26591	11134	1	30	29	0	11194
26592	11191	2	8	38	0	11239
26593	50	6	4	11565	0	11625
26594	11651	4	1	29	0	11685
26595	29	12	11460	34	0	11535
26596	43	5	12180	6	0	12234
26597	9	5	52	11957	0	12023
26598	4	3	32	12517	0	12556
26599	12	4	8	12484	0	12508
26600	6	12504	9	52	0	12571
26601	11	12692	3	36	0	12742
26602	9	53	5	12697	0	12764
26603	12852	33	6	41	0	12932
26604	24	8	8	13060	0	13100
26605	37	2	7	13132	0	13178
26606	7	13183	8	63	0	13261
26607	12	13471	5	46	0	13534
26608	7	58	1	13449	0	13515
26609	7	39	2	13143	0	13191
26610	12976	4	3	56	0	13039
26611	22	12984	9	74	0	13089
26612	13035	19	1	17	0	13072
26613	27	37	4	13131	0	13199
26614	42	15	13038	28	0	13123
26615	11	15	12977	45	0	13048
26616	12921	5	74	28	0	13028
26617	24	7	40	13700	0	13771
26618	40	6	4	13804	0	13854
26619	9	7	1	13899	0	13916
26620	7	6	14158	68	0	14239
26621	8	3	21	14217	0	14249
26622	4	14487	45	48	0	14584
26623	10	37	8	14715	0	14770
26624	10	38	3	14663	0	14714
26625	13	15112	5	103	0	15233
26626	5	58	5	15382	0	15450
26627	15059	50	3	67	0	15179
26628	54	15327	14	74	0	15469
26629	15906	64	3	22	0	15995
26630	16014	68	8	12	0	16102
26631	144	15	5	16131	0	16295
26632	92	10	2	16059	0	16163
26633	25	10	2	16339	0	16376
26634	23	10	15882	177	0	16092
26635	13	15772	79	115	0	15979
26636	19	16093	90	36	0	16238
26637	15	156	10	15732	0	15913
26638	15647	86	9	92	0	15834
26639	82	13	10	15582	0	15687
26640	92	56	15686	119	0	15953
26641	20	15625	72	102	0	15819
26642	11	15815	82	43	0	15951
26643	15577	151	17	33	0	15778
26644	15646	86	24	30	0	15786
26645	146	16697	18	27	0	16888
26646	16898	80	21	25	0	17024
26647	96	96	16660	12	0	16864
26648	100	37	16547	19	0	16703
26649	16580	19	162	22	0	16783
26650	16996	13	97	21	0	17127
26651	179	13	27	16952	0	17171
26652	16998	12	14	114	0	17138
26653	131	15	17168	102	0	17416
26654	125	18	18091	41	0	18275
26655	41	10	196	19403	0	19650
26656	35	14	112	21746	0	21907
26657	31	16	36	22629	0	22712
26658	23	11	21	23381	0	23436
26659	21	10	21	24623	0	24675
26660	33	32	24095	484	0	24644
26661	27	14	219	24025	0	24285
26662	23868	14	230	350	0	24462
26663	236	15	63	24263	0	24577
26664	24097	15	31	357	0	24500
26665	303	13	30	24190	0	24536
26666	24703	21	30	354	0	25108
26667	25354	22	26	289	0	25691
26668	473	15	18	25240	0	25746
26669	310	26	38	25598	0	25972
26670	25372	25	40	497	0	25934
26671	25348	24	26	343	0	25741
26672	525	39	25849	152	0	26565
26673	348	26	247	25764	0	26385
26674	173	21	218	26385	0	26797
26675	26211	14	88	527	0	26840
26676	26470	22	53	352	0	26897
26677	551	24	51	26489	0	27115
26678	326	21	49	26797	0	27193
26679	148	12	61	26812	0	27033
26680	101	24	45	26422	0	26592
26681	98	25364	64	642	0	26168
26682	80	25755	65	460	0	26360
26683	78	445	39	25466	0	26028
26684	84	25746	52	417	0	26299
26685	105	303	43	26045	0	26496
26686	111	243	25618	458	0	26430
26687	100	124	25139	402	0	25765
26688	84	25676	422	282	0	26464
26689	113	293	306	25304	0	26016
26690	126	260	25451	417	0	26254
26691	128	120	285	24969	0	25502
26692	106	65	268	25666	0	26105
26693	25153	43	145	609	0	25950
26694	344	63	84	25783	0	26274
26695	340	45	26277	478	0	27140
26696	214	29	26259	416	0	26918
26697	175	25951	481	265	0	26872
26698	152	27518	299	266	0	28235
26699	27937	398	140	237	0	28712
26700	388	262	29973	255	0	30878
26701	345	89	316	29862	0	30612
26702	30299	46	273	454	0	31072
26703	29848	58	134	426	0	30466
26704	497	30858	105	317	0	31777
26705	387	284	98	30512	0	31281
26706	213	252	96	31498	0	32059
26707	159	120	77	31505	0	31861
26708	30802	79	66	719	0	31666
26709	365	74	30804	521	0	31764
26710	311	31629	308	340	0	32588
26711	196	292	246	31574	0	32308
26712	143	259	131	32001	0	32534
26713	135	156	31984	669	0	32944
26714	109	106	313	31751	0	32279
26715	119	90	292	32338	0	32839
26716	116	87	164	32393	0	32760
26717	117	105	140	32295	0	32657
26718	116	96	31752	759	0	32723
26719	106	101	348	31766	0	32321
26720	130	109	32388	616	0	33243
26721	93	32172	403	540	0	33208
26722	118	277	313	32097	0	32805
26723	114	291	174	32578	0	33157
26724	126	138	32039	716	0	33019
26725	112	31675	335	591	0	32713
26726	142	349	300	31456	0	32247
26727	145	266	31827	451	0	32689
26728	148	31578	290	447	0	32463
26729	154	273	252	31402	0	32081
26730	161	262	31579	389	0	32391
26731	142	133	290	31241	0	31806
26732	141	88	237	31508	0	31974
26733	137	92	162	32133	0	32524
26734	31710	98	94	569	0	32471
26735	266	31695	119	481	0	32561
26736	31805	223	115	316	0	32459
26737	342	232	31913	277	0	32764
26738	32664	109	247	328	0	33348
26739	34651	70	241	285	0	35247
26740	409	76	160	34542	0	35187
26741	35467	92	95	466	0	36120
26742	35645	75	97	437	0	36254
26743	36582	88	99	303	0	37072
26744	449	81	113	36397	0	37040
26745	297	95	92	35726	0	36210
26746	147	88	35070	551	0	35856
26747	102	92	33931	422	0	34547
26748	33035	64	397	259	0	33755
26749	243	207	285	34392	0	35127
26750	191	35316	179	353	0	36039
26751	35168	207	142	336	0	35853
26752	202	35480	126	269	0	36077
26753	194	35351	161	226	0	35932
26754	255	402	33851	243	0	34751
26755	126	238	35636	128	0	36128
26756	126	658	394	34002	0	35180
26757	77	58	36210	157	0	36502
26758	55	57	34139	107	0	34358
26759	31973	28	98	59	0	32158
26760	34135	12	37	52	0	34236
26761	56	13	19	34717	0	34805
26762	40	16	13	35469	0	35538
26763	41	46	36078	85	0	36250
26764	20	36604	66	79	0	36769
26765	19	54	31	36675	0	36779
26766	37885	25	26	79	0	38015
26767	44	16	22	38415	0	38497
26768	47	39110	27	107	0	39291
26769	66	90	39191	74	0	39421
26770	15	40061	69	51	0	40196
26771	40055	50	62	43	0	40210
26772	39444	59	12	50	0	39565
26773	113	16	19	39278	0	39426
26774	98	43	40352	71	0	40564
26775	46	45	39052	92	0	39235
26776	18	40348	147	69	0	40582
26777	26	90	102	39550	0	39768
26778	21	90	35	40597	0	40743
26779	47	53	40530	167	0	40797
26780	27	19	66	39744	0	39856
26781	17	42355	117	102	0	42591
26782	19	100	26	42462	0	42607
26783	18	132	25	42644	0	42819
26784	51	60	42604	226	0	42941
26785	21	15	123	41525	0	41684
26786	41719	19	174	160	0	42072
26787	159	37	42659	169	0	43024
26788	189	40	42732	49	0	43010
26789	26	43439	297	66	0	43828
26790	27	160	199	44024	0	44410
26791	27	197	40	46030	0	46294
26792	43	54	45886	358	0	46341
26793	42729	37	218	288	0	43272
26794	181	25	260	45635	0	46101
26795	279	71	45325	201	0	45876
26796	53	23	220	43633	0	43929
26797	55	46	45520	227	0	45848
26798	60	52	44245	295	0	44652
26799	29	44322	453	83	0	44887
26800	56	204	277	40966	0	41503
26801	21	43263	91	232	0	43607
26802	41783	194	60	276	0	42313
26803	213	296	42673	73	0	43255
26804	248	42188	219	123	0	42778
26805	41	199	286	42004	0	42530
26806	41549	269	62	230	0	42110
26807	164	42204	71	355	0	42794
26808	249	193	46	42158	0	42646
26809	45	271	48	41939	0	42303
26810	34	42897	64	463	0	43458
26811	42662	229	55	317	0	43263
26812	210	299	65	47959	0	48533
26813	308	75	39	49828	0	50250
26814	101	83	49481	817	0	50482
26815	51	51577	437	593	0	52658
26816	60	448	490	51918	0	52916
26817	75	504	115	55549	0	56243
26818	27	57735	142	1052	0	58956
26819	79	661	66	58209	0	59015
26820	125	637	86	59490	0	60338
26821	63	124	65	60061	0	60313
26822	17	60685	120	1400	0	62222
26823	59764	627	77	791	0	61259
26824	693	710	60729	221	0	62353
26825	57873	140	685	177	0	58875
26826	690	60584	737	207	0	62218
26827	668	650	167	60314	0	61799
26828	154	768	60829	770	0	62521
26829	98	169	685	60571	0	61523
26830	116	105	741	60533	0	61495
26831	94	103	197	62384	0	62778
26832	127	169	61305	1430	0	63031
26833	76	60889	735	1117	0	62817
26834	115	704	61787	341	0	62947
26835	71	62432	847	402	0	63752
26836	173	795	62902	256	0	64126
26837	94	814	812	61758	0	63478
26838	60204	215	811	928	0	62158
26839	616	61926	236	1073	0	63851
26840	733	784	62318	406	0	64241
26841	133	62122	797	443	0	63495
26842	204	865	62963	372	0	64404
26843	97	855	842	59928	0	61722
26844	225	316	824	56957	0	58322
26845	152	61224	296	1485	0	63157
26846	158	62997	271	1017	0	64443
26847	62534	1477	234	425	0	64670
26848	772	977	243	63003	0	64995
26849	879	355	63512	1030	0	65776
26850	231	259	880	63306	0	64676
26851	220	325	64531	1178	0	66254
26852	199	338	64326	1177	0	66040
26853	205	274	1591	60194	0	62264
26854	175	62968	1060	1024	0	65227
26855	60556	928	402	1104	0	62990
26856	782	969	331	60041	0	62123
26857	858	398	360	57919	0	59535
26858	192	60093	401	1740	0	62426
26859	59137	960	329	1153	0	61579
26860	59498	1003	343	557	0	61401
26861	1511	433	372	57212	0	59528
26862	966	57898	399	1082	0	60345
26863	240	61562	432	1207	0	63441
26864	60730	1569	396	538	0	63233
26865	832	1129	61069	468	0	63498
26866	58852	474	1019	469	0	60814
26867	59112	428	1061	506	0	61107
26868	58873	359	386	510	0	60128
26869	1490	58849	294	583	0	61216
26870	933	983	377	59333	0	61626
26871	59439	987	399	1045	0	61870
26872	59322	433	379	1072	0	61206
26873	1406	59572	444	665	0	62087
26874	60511	932	323	536	0	62302
26875	860	1025	351	60772	0	63008
26876	879	401	349	60235	0	61864
26877	323	60662	339	1712	0	63036
26878	300	967	329	61743	0	63339
26879	329	1024	313	61445	0	63111
26880	329	61716	356	1721	0	64122
26881	364	897	283	58144	0	59688
26882	249	61140	335	1174	0	62898
26883	60622	1012	318	1015	0	62967
26884	58429	995	328	544	0	60296
26885	1379	59719	341	683	0	62122
26886	970	866	59189	532	0	61557
26887	397	1091	772	58870	0	61130
26888	444	473	59437	978	0	61332
26889	377	57692	875	1065	0	60009
26890	390	58330	840	521	0	60081
26891	55167	1241	350	394	0	57152
26892	849	57998	284	457	0	59588
26893	938	841	260	54698	0	56737
26894	433	57374	323	771	0	58901
26895	459	58273	211	841	0	59784
26896	57444	1262	214	449	0	59369
26897	862	862	214	57696	0	59634
26898	891	452	57906	852	0	60101
26899	433	404	57653	1000	0	59490
26900	359	58773	1135	556	0	60823
26901	58148	918	730	396	0	60192
26902	788	59922	346	379	0	61435
26903	843	976	208	61094	0	63121
26904	61534	876	262	887	0	63559
26905	895	435	213	62957	0	64500
26906	902	433	209	62498	0	64042
26907	432	63302	284	1479	0	65497
26908	412	930	209	64211	0	65762
26909	340	1001	64260	950	0	66551
26910	60888	403	792	938	0	63021
26911	818	66446	780	490	0	68534
26912	700	64803	246	319	0	66068
26913	62273	1062	146	230	0	63711
26914	736	776	63146	218	0	64876
26915	57960	452	691	182	0	59285
26916	562	66672	638	266	0	68138
26917	477	70258	192	172	0	71099
26918	185	1150	70674	122	0	72131
26919	96	72472	693	176	0	73437
26920	149	802	738	65682	0	67371
26921	100	641	88	65766	0	66595
26922	61	69053	69	1059	0	70242
26923	60	577	34	69004	0	69675
26924	69693	631	34	593	0	70951
26925	609	165	69686	616	0	71076
26926	68978	89	568	121	0	69756
26927	70877	74	625	89	0	71665
26928	70727	87	76	75	0	70965
26929	1257	110	70836	77	0	72280
26930	707	97	586	69538	0	70928
26931	162	129	71330	620	0	72241
26932	67740	73	674	694	0	69181
26933	67183	104	672	136	0	68095
26934	1201	69879	142	168	0	71390
26935	729	632	71	67904	0	69336
26936	142	70938	116	709	0	71905
26937	168	705	71085	689	0	72647
26938	144	756	646	70092	0	71638
26939	70352	168	717	689	0	71926
26940	70403	83	125	726	0	71337
26941	1357	130	95	65267	0	66849
26942	789	67636	132	630	0	69187
26943	224	702	69259	685	0	70870
26944	151	755	69894	148	0	70948
26945	63926	175	1364	152	0	65617
26946	741	128	70180	136	0	71185
26947	768	68825	770	363	0	70726
26948	228	724	738	67303	0	68993
26949	184	768	69288	651	0	70891
26950	154	176	724	66825	0	67879
26951	187	149	68727	786	0	69849
26952	62100	114	795	802	0	63811
26953	739	121	806	64997	0	66663
26954	814	66572	204	737	0	68327
26955	226	67298	187	799	0	68510
26956	185	1389	171	65757	0	67502
26957	205	832	169	64486	0	65692
26958	176	64957	224	1445	0	66802
26959	242	759	65403	820	0	67224
26960	196	795	768	64816	0	66575
26961	231	251	66825	751	0	68058
26962	240	226	64792	826	0	66084
26963	58498	190	1413	244	0	60345
26964	769	62152	888	287	0	64096
26965	62177	762	242	216	0	63397
26966	835	882	238	59153	0	61108
26967	839	61733	233	782	0	63587
26968	323	819	279	62339	0	63760
26969	252	879	263	60792	0	62186
26970	232	60800	278	1473	0	62783
26971	291	871	60338	938	0	62438
26972	274	873	835	60368	0	62350
26973	60199	297	922	906	0	62324
26974	851	269	307	59966	0	61393
26975	917	268	287	59365	0	60837
26976	401	267	58720	1529	0	60917
26977	307	58176	907	1019	0	60409
26978	299	867	927	57129	0	59222
26979	336	943	57752	872	0	59903
26980	339	419	57270	928	0	58956
26981	53286	348	1604	437	0	55675
26982	846	56431	1063	450	0	58790
26983	55739	895	414	383	0	57431
26984	936	56272	377	449	0	58034
26985	952	56523	337	473	0	58285
26986	55417	1545	344	384	0	57690
26987	953	961	373	53345	0	55632
26988	1004	55107	443	925	0	57479
26989	509	863	349	56009	0	57730
26990	55162	861	340	993	0	57356
26991	1057	376	55456	977	0	57866
26992	1020	341	54269	385	0	56015
26993	51478	283	1602	420	0	53783
26994	905	53275	1125	483	0	55788
26995	1000	872	53225	362	0	55459
26996	478	53379	990	429	0	55276
26997	440	949	987	51556	0	53932
26998	383	1008	52530	932	0	54853
26999	278	415	964	51948	0	53605
27000	316	359	51763	1080	0	53518
27001	48305	319	1059	1032	0	50715
27002	911	50403	1040	487	0	52841
27003	48719	814	407	339	0	50279
27004	883	899	386	43403	0	45571
27005	799	50316	394	888	0	52397
27006	50016	901	469	852	0	52238
27007	49601	873	473	362	0	51309
27008	1470	369	49864	383	0	52086
27009	904	320	49147	314	0	50685
27010	42845	292	1447	287	0	44871
27011	710	44405	972	391	0	46478
27012	591	42152	423	310	0	43476
27013	677	1882	618	39140	0	42317
27014	312	645	39856	695	0	41508
27015	246	38002	724	619	0	39591
27016	203	33392	587	234	0	34416
27017	827	633	352	22974	0	24786
27018	23675	254	120	220	0	24269
27019	23708	83	56	230	0	24077
27020	23946	54	46	92	0	24138
27021	438	69	23867	44	0	24418
27022	23513	61	240	65	0	23879
27023	23759	48	238	66	0	24111
27024	24092	68	67	57	0	24284
27025	430	71	60	22872	0	23433
27026	251	23641	62	232	0	24186
27027	23291	224	53	213	0	23781
27028	217	23606	76	66	0	23965
27029	216	217	53	23222	0	23708
27030	81	221	24253	203	0	24758
27031	70	73	222	23932	0	24297
27032	73	53	261	24183	0	24570
27033	79	72	24380	377	0	24908
27034	65	24043	215	264	0	24587
27035	57	222	186	22315	0	22780
27036	21857	198	46	183	0	22284
27037	183	21794	45	191	0	22213
27038	21353	161	21	64	0	21599
27039	197	239	27	20506	0	20969
27040	201	21304	41	162	0	21708
27041	20889	161	31	166	0	21247
27042	160	21200	44	48	0	21452
27043	189	175	20706	23	0	21093
27044	20402	198	201	41	0	20842
27045	20674	75	149	35	0	20933
27046	304	21051	46	49	0	21450
27047	202	174	20652	27	0	21055
27048	47	21620	166	30	0	21863
27049	113	308	220	16722	0	17363
27050	41	185	31	21573	0	21830
27051	30	43	16	21462	0	21551
27052	42	21640	23	360	0	22065
27053	48	187	14	21655	0	21904
27054	52	195	21	21642	0	21910
27055	21243	43	18	348	0	21652
27056	191	29	27	21303	0	21550
27057	218	21	17	21405	0	21661
27058	21182	23	12	356	0	21573
27059	188	21500	31	219	0	21938
27060	21747	198	18	56	0	22019
27061	21511	201	20	39	0	21771
27062	21674	52	24	41	0	21791
27063	370	44	34	21292	0	21740
27064	243	34	38	21643	0	21958
27065	72	43	21426	365	0	21906
27066	55	64	21232	232	0	21583
27067	75	50	21098	71	0	21294
27068	19296	58	398	52	0	19804
27069	219	70	20732	69	0	21090
27070	220	20684	223	84	0	21211
27071	85	231	196	20201	0	20713
27072	75	247	49	19356	0	19727
27073	96	20879	60	341	0	21376
27074	100	233	21208	218	0	21759
27075	83	21492	213	85	0	21873
27076	21108	228	210	73	0	21619
27077	253	246	21421	59	0	21979
27078	255	21148	224	135	0	21762
27079	149	217	21582	66	0	22014
27080	78	257	230	21050	0	21615
27081	112	97	21619	214	0	22042
27082	79	76	230	21055	0	21440
27083	21362	68	217	274	0	21921
27084	266	56	21483	272	0	22077
27085	258	21568	210	119	0	22155
27086	21575	232	227	113	0	22147
27087	263	239	22057	108	0	22667
27088	266	75	22025	107	0	22473
27089	113	74	393	21496	0	22076
27090	100	48	22079	297	0	22524
27091	20796	66	242	300	0	21404
27092	253	22033	237	135	0	22658
27093	278	236	68	21049	0	21631
27094	104	22844	60	264	0	23272
27095	22946	256	70	264	0	23536
27096	266	276	22875	115	0	23532
27097	291	91	23632	100	0	24114
27098	111	75	436	22990	0	23612
27099	91	77	286	23312	0	23766
27100	84	61	113	23766	0	24024
27101	73	87	81	23990	0	24231
27102	109	81	24112	468	0	24770
27103	74	23714	284	319	0	24391
27104	83	212	212	21294	0	21801
27105	68	196	20554	183	0	21001
27106	46	20326	195	205	0	20772
27107	19919	183	285	72	0	20459
27108	317	237	74	19734	0	20362
27109	19369	43	54	196	0	19662
27110	171	19407	51	197	0	19826
27111	19321	163	57	69	0	19610
27112	185	172	20017	60	0	20434
27113	194	145	176	18665	0	19180
27114	65	19881	164	183	0	20293
27115	55	160	19684	182	0	20081
27116	41	19674	181	80	0	19976
27117	71	262	188	16041	0	16562
27118	18408	144	63	151	0	18766
27119	138	18518	59	169	0	18884
27120	18411	127	64	67	0	18669
27121	158	152	18290	57	0	18657
27122	158	52	18139	65	0	18414
27123	17784	33	258	62	0	18137
27124	139	62	195	18066	0	18462
27125	159	36	76	18293	0	18564
27126	52	35	18962	248	0	19297
27127	52	36	18424	153	0	18665
27128	37	18897	261	55	0	19250
27129	17964	154	236	94	0	18448
27130	17110	129	81	39	0	17359
27131	208	17230	37	55	0	17530
27132	138	111	43	17378	0	17670
27133	17593	124	45	125	0	17887
27134	109	36	39	17618	0	17802
27135	17834	28	43	118	0	18023
27136	17842	23	48	127	0	18040
27137	18393	28	34	53	0	18508
27138	200	32	40	18076	0	18348
27139	131	28	39	18843	0	19041
27140	18354	23	42	224	0	18643
27141	18425	25	36	153	0	18639
27142	18422	32	32	43	0	18529
27143	224	18433	42	47	0	18746
27144	17495	84	24	34	0	17637
27145	85	17645	34	53	0	17817
27146	17119	79	50	35	0	17283
27147	100	108	17387	33	0	17628
27148	15156	48	91	47	0	15342
27149	68	16460	84	23	0	16635
27150	68	16363	16	31	0	16478
27151	16476	96	35	15	0	16622
27152	57	67	13	16488	0	16625
27153	72	25	8	16977	0	17082
27154	16	17316	29	113	0	17474
27155	19	18223	22	80	0	18344
27156	18606	119	6	22	0	18753
27157	91	82	19358	22	0	19553
27158	89	15	74	20088	0	20266
27159	20789	17	93	90	0	20989
27160	118	24	21136	112	0	21390
27161	125	22811	99	38	0	23073
27162	23779	126	116	14	0	24035
27163	199	147	24671	21	0	25038
27164	167	25	182	25382	0	25756
27165	48	20	26786	213	0	27067
27166	24934	17	227	199	0	25377
27167	216	27131	187	46	0	27580
27168	27293	213	43	34	0	27583
27169	27026	187	20	31	0	27264
27170	395	32	18	27029	0	27474
27171	27193	24	19	227	0	27463
27172	229	22	14	27304	0	27569
27173	203	26	15	27346	0	27590
27174	29	35	26731	397	0	27192
27175	26	26803	206	231	0	27266
27176	30	216	188	26629	0	27063
27177	28	202	22	26764	0	27016
27178	27	24	28	27031	0	27110
27179	35	28	26718	382	0	27163
27180	27	26635	212	225	0	27099
27181	32	200	180	26716	0	27128
27182	35	172	30	26822	0	27059
27183	38	41	26683	386	0	27148
27184	30	29	203	26240	0	26502
27185	26321	19	185	240	0	26765
27186	203	26614	39	227	0	27083
27187	26321	200	29	46	0	26596
27188	244	193	26305	38	0	26780
27189	196	46	206	26103	0	26551
27190	26597	25	183	212	0	27017
27191	26249	25	34	190	0	26498
27192	397	31	26698	48	0	27174
27193	222	63	219	25977	0	26481
27194	66	35	26518	223	0	26842
27195	24538	20	222	221	0	25001
27196	215	26175	209	89	0	26688
27197	26088	206	54	47	0	26395
27198	25780	187	51	44	0	26062
27199	373	26430	62	67	0	26932
27200	26613	202	48	48	0	26911
27201	261	194	26493	50	0	26998
27202	26204	54	214	51	0	26523
27203	255	43	212	26295	0	26805
27204	263	50	27011	243	0	27567
27205	115	38	239	26794	0	27186
27206	90	35	237	26850	0	27212
27207	96	39	72	26567	0	26774
27208	92	26959	77	423	0	27551
27209	26970	226	76	266	0	27538
27210	279	233	72	26757	0	27341
27211	282	26998	77	291	0	27648
27212	137	242	66	25532	0	25977
27213	105	26589	79	352	0	27125
27214	158	249	26521	296	0	27224
27215	107	212	263	26037	0	26619
27216	90	86	249	26762	0	27187
27217	117	73	26650	484	0	27324
27218	23748	80	260	359	0	24447
27219	265	26569	251	193	0	27278
27220	284	274	98	26475	0	27131
27221	146	225	93	25885	0	26349
27222	140	83	94	25776	0	26093
27223	120	26395	111	505	0	27131
27224	25959	258	116	346	0	26679
27225	322	241	26232	215	0	27010
27226	289	109	25455	200	0	26053
27227	152	87	443	25153	0	25835
27228	140	89	279	25735	0	26243
27229	25560	86	118	520	0	26284
27230	285	25548	145	402	0	26380
27231	296	252	127	25659	0	26334
27232	25378	258	114	356	0	26106
27233	335	108	97	25203	0	25743
27234	25291	90	93	363	0	25837
27235	361	92	24695	361	0	25509
27236	330	25074	297	199	0	25900
27237	24885	266	294	166	0	25611
27238	383	262	24858	145	0	25648
27239	24080	97	295	174	0	24646
27240	355	96	24673	177	0	25301
27241	24430	73	309	164	0	24976
27242	338	114	256	24413	0	25121
27243	24901	78	124	321	0	25424
27244	342	82	127	24704	0	25255
27245	303	88	113	24796	0	25300
27246	24619	69	125	505	0	25318
27247	327	24707	118	388	0	25540
27248	300	284	94	25051	0	25729
27249	25450	264	99	356	0	26169
27250	25990	111	112	337	0	26550
27251	503	111	93	26066	0	26773
27252	331	98	87	26582	0	27098
27253	26983	87	114	516	0	27700
27254	368	89	74	27413	0	27944
27255	338	100	95	26880	0	27413
27256	26277	79	77	578	0	27011
27257	318	75	101	25749	0	26243
27258	293	40	24265	346	0	24944
27259	22399	48	230	344	0	23021
27260	288	64	24064	114	0	24530
27261	260	46	22114	65	0	22485
27262	19994	121	563	53	0	20731
27263	138	20417	238	60	0	20853
27264	183	99	134	19312	0	19728
27265	59	118	38	19340	0	19555
27266	46	17	18	20428	0	20509
27267	25	7	18	20683	0	20733
27268	20579	11	10	259	0	20859
27269	21406	10	9	188	0	21613
27270	22167	19	15	58	0	22259
27271	295	20	23754	45	0	24114
27272	228	14	143	24491	0	24876
27273	63	7	222	24865	0	25157
27274	52	13	44	24255	0	24364
27275	41	24314	31	485	0	24871
27276	35	24952	20	337	0	25344
27277	25187	419	15	117	0	25738
27278	209	295	11	25271	0	25786
27279	296	59	12	26328	0	26695
27280	73	30	14	27039	0	27156
27281	57	37	26430	559	0	27083
27282	43	37	25884	393	0	26357
27283	25686	12	504	106	0	26308
27284	26745	14	349	77	0	27185
27285	516	10	107	26185	0	26818
27286	369	26671	54	250	0	27344
27287	104	215	47	26701	0	27067
27288	65	294	39	26673	0	27071
27289	69	66	26307	551	0	26993
27290	25513	37	215	412	0	26177
27291	268	19	295	27292	0	27874
27292	334	37	76	26754	0	27201
27293	26339	19	48	589	0	26995
27294	284	26997	41	445	0	27767
27295	27490	235	44	145	0	27914
27296	357	366	38	26690	0	27451
27297	347	26321	24	334	0	27026
27298	26542	255	28	359	0	27184
27299	325	322	21	26443	0	27111
27300	26289	85	31	320	0	26725
27301	25780	53	34	388	0	26255
27302	25746	30	40	152	0	25968
27303	596	25337	41	116	0	26090
27304	453	25014	32	89	0	25588
27305	160	531	31	24327	0	25049
27306	87	25187	48	320	0	25642
27307	25253	306	46	365	0	25970
27308	315	334	43	25220	0	25912
27309	25343	96	47	347	0	25833
27310	25416	55	45	403	0	25919
27311	609	58	40	25036	0	25743
27312	427	50	42	25693	0	26212
27313	25743	47	36	634	0	26460
27314	25759	44	32	471	0	26306
27315	26452	67	31	190	0	26740
27316	26642	42	37	170	0	26891
27317	26961	56	35	162	0	27214
27318	691	58	34	26397	0	27180
27319	513	47	27	26536	0	27123
27320	221	58	29	26973	0	27281
27321	26396	73	28	691	0	27188
27322	403	42	34	26205	0	26684
27323	433	26073	34	461	0	27001
27324	192	296	33	26609	0	27130
27325	25971	353	50	429	0	26803
27326	25998	110	47	451	0	26606
27327	707	103	25772	176	0	26758
27328	521	109	256	24593	0	25479
27329	208	25831	334	361	0	26734
27330	25940	295	75	435	0	26745
27331	365	26427	58	218	0	27068
27332	442	334	46	26302	0	27124
27333	26734	374	50	374	0	27532
27334	26586	117	40	435	0	27178
27335	716	26541	38	220	0	27515
27336	542	285	19	26321	0	27167
27337	262	360	26278	381	0	27281
27338	25204	110	258	465	0	26037
27339	422	77	26416	206	0	27121
27340	26258	83	311	176	0	26828
27341	26404	75	341	173	0	26993
27342	720	70	76	26272	0	27138
27343	26918	74	49	413	0	27454
27344	27026	79	36	458	0	27599
27345	27430	68	33	218	0	27749
27346	794	84	32	26690	0	27600
27347	26740	63	39	400	0	27242
27348	470	68	40	26556	0	27134
27349	472	74	45	26074	0	26665
27350	245	25985	57	653	0	26940
27351	232	272	41	24584	0	25129
27352	218	25152	40	376	0	25786
27353	24041	272	24	395	0	24732
27354	23584	298	31	166	0	24079
27355	587	93	16	23266	0	23962
27356	420	76	22	23200	0	23718
27357	22975	46	23	556	0	23600
27358	381	67	22498	374	0	23320
27359	22673	46	214	167	0	23100
27360	425	50	246	22276	0	22997
27361	398	57	21276	312	0	22043
27362	21065	51	222	337	0	21675
27363	21432	53	237	185	0	21907
27364	605	64	21361	119	0	22149
27365	21106	31	215	138	0	21490
27366	395	60	20831	107	0	21393
27367	346	20616	240	136	0	21338
27368	20530	216	407	130	0	21283
27369	20005	240	136	124	0	20505
27370	460	19288	51	105	0	19904
27371	261	17654	64	77	0	18056
27372	16651	198	155	53	0	17057
27373	16492	135	59	51	0	16737
27374	246	64	20	16890	0	17220
27375	178	37	16633	120	0	16968
27376	93	46	15863	134	0	16136
27377	16174	30	171	63	0	16438
27378	128	38	16586	55	0	16807
27379	15636	110	219	53	0	16018
27380	143	33	96	15511	0	15783
27381	114	9	29	15582	0	15734
27382	63	36	15928	152	0	16179
27383	15797	9	72	130	0	16008
27384	112	25	85	16236	0	16458
27385	125	11	28	16696	0	16860
27386	16469	10	21	166	0	16666
27387	16450	12	21	118	0	16601
27388	16541	12	20	54	0	16627
27389	179	17118	32	45	0	17374
27390	129	59	16375	25	0	16588
27391	15961	70	72	32	0	16135
27392	16349	11	70	35	0	16465
27393	123	16126	25	36	0	16310
27394	15598	40	62	19	0	15719
27395	85	61	8	15435	0	15589
27396	74	17	16189	44	0	16324
27397	15946	32	40	68	0	16086
27398	16435	8	62	33	0	16538
27399	16566	9	8	17	0	16600
27400	16569	8	6	28	0	16611
27401	93	15	14	16590	0	16712
27402	71	4	6	16644	0	16725
27403	16761	10	15	88	0	16874
27404	59	7	12	16761	0	16839
27405	69	7	15	16679	0	16770
27406	31	16756	21	93	0	16901
27407	23	47	13	16916	0	16999
27408	30	47	15	16898	0	16990
27409	32	9	11	17001	0	17053
27410	27	10	7	17045	0	17089
27411	23	16905	22	115	0	17065
27412	18	57	17	16746	0	16838
27413	21	68	14	16349	0	16452
27414	37	20	16318	91	0	16466
27415	25	18	15802	63	0	15908
27416	21	16153	85	38	0	16297
27417	18372	38	48	17	0	18475
27418	72	18902	15	35	0	19024
27419	96	77	14	19851	0	20038
27420	37	102	21135	92	0	21366
27421	22140	16	100	141	0	22397
27422	119	5	127	23337	0	23588
27423	23595	11	17	126	0	23749
27424	23452	7	9	157	0	23625
27425	247	23748	19	78	0	24092
27426	23732	115	11	21	0	23879
27427	130	24457	28	46	0	24661
27428	169	200	7	24559	0	24935
27429	42	25025	22	138	0	25227
27430	43	162	24738	172	0	25115
27431	15	25252	132	43	0	25442
27432	45	222	158	24485	0	24910
27433	24523	161	28	139	0	24851
27434	114	25118	29	224	0	25485
27435	197	130	6	25290	0	25623
27436	43	199	6	25707	0	25955
27437	45	57	25805	345	0	26252
27438	32	29	157	25701	0	25919
27439	38	22	26183	187	0	26430
27440	24411	14	185	264	0	24874
27441	211	37	26695	58	0	27001
27442	254	26654	171	75	0	27154
27443	84	175	214	26431	0	26904
27444	71	244	42	26342	0	26699
27445	63	69	25	26767	0	26924
27446	26687	54	20	408	0	27169
27447	194	58	20	26390	0	26662
27448	254	26603	47	217	0	27121
27449	26059	198	31	270	0	26558
27450	176	26050	46	105	0	26377
27451	277	202	23	25820	0	26322
27452	25801	278	23	209	0	26311
27453	199	25871	41	301	0	26412
27454	252	26370	38	119	0	26779
27455	26309	406	49	97	0	26861
27456	26382	275	40	101	0	26798
27457	408	76	26291	97	0	26872
27458	26437	46	195	83	0	26761
27459	236	69	27368	71	0	27744
27460	297	66	231	27198	0	27792
27461	102	82	27621	259	0	28064
27462	73	52	212	27525	0	27862
27463	67	78	27836	301	0	28282
27464	84	64	231	26967	0	27346
27465	75	49	294	27447	0	27865
27466	27012	72	75	507	0	27666
27467	259	81	26883	360	0	27583
27468	25626	68	222	130	0	26046
27469	275	86	26747	117	0	27225
27470	349	82	26485	105	0	27021
27471	119	129	433	25939	0	26620
27472	26313	89	307	263	0	26972
27473	227	26506	77	341	0	27151
27474	26248	221	52	124	0	26645
27475	25954	293	76	95	0	26418
27476	503	25929	83	155	0	26670
27477	26042	220	85	82	0	26429
27478	290	335	26211	106	0	26942
27479	337	86	241	26116	0	26780
27480	26227	61	311	280	0	26879
27481	240	26373	125	374	0	27112
27482	325	225	96	25915	0	26561
27483	115	299	82	26050	0	26546
27484	117	86	85	26290	0	26578
27485	129	52	93	26443	0	26717
27486	25964	49	105	524	0	26642
27487	26050	57	112	385	0	26604
27488	26322	54	121	147	0	26644
27489	25714	57	97	156	0	26024
27490	541	75	25586	148	0	26350
27491	25426	68	240	120	0	25854
27492	25656	81	326	104	0	26167
27493	539	25576	120	115	0	26350
27494	403	25844	123	125	0	26495
27495	186	469	92	25422	0	26169
27496	150	328	110	25146	0	25734
27497	142	106	24956	492	0	25696
27498	133	25400	268	393	0	26194
27499	134	237	336	24710	0	25417
27500	129	25728	108	284	0	26249
27501	139	259	78	26130	0	26606
27502	118	315	75	25764	0	26272
27503	128	26869	106	596	0	27699
27504	159	219	80	27429	0	27887
27505	171	339	27669	319	0	28498
27506	170	103	27702	427	0	28402
27507	26686	57	534	174	0	27451
27508	27955	62	400	144	0	28561
27509	578	27856	128	218	0	28780
27510	28219	241	78	126	0	28664
27511	370	380	64	27897	0	28711
27512	28101	122	81	285	0	28589
27513	341	28178	89	480	0	29088
27514	537	259	27796	163	0	28755
27515	26995	364	393	156	0	27908
27516	390	136	29228	118	0	29872
27517	385	86	26337	68	0	26876
27518	173	91	26165	90	0	26519
27519	120	25196	453	95	0	25864
27520	23353	364	672	165	0	24554
27521	22599	241	127	115	0	23082
27522	362	61	54	22337	0	22814
27523	265	78	59	21990	0	22392
27524	84	23307	67	367	0	23825
27525	23537	131	76	287	0	24031
27526	174	24055	65	123	0	24417
27527	243	23394	73	79	0	23789
27528	23190	302	91	79	0	23662
27529	209	202	69	23026	0	23506
27530	244	66	44	23090	0	23444
27531	90	48	59	23295	0	23492
27532	85	23163	59	338	0	23645
27533	22824	122	54	213	0	23213
27534	168	258	46	22456	0	22928
27535	213	22067	46	149	0	22475
27536	65	21957	47	193	0	22262
27537	81	274	35	21309	0	21699
27538	64	21809	60	141	0	22074
27539	62	171	40	21621	0	21894
27540	21077	171	44	143	0	21435
27541	136	78	20822	171	0	21207
27542	168	21378	125	68	0	21739
27543	79	140	151	21441	0	21811
27544	46	161	22053	120	0	22380
27545	21008	62	129	158	0	21357
27546	187	78	168	22089	0	22522
27547	22233	29	40	158	0	22460
27548	22066	31	29	196	0	22322
27549	262	23497	38	67	0	23864
27550	23847	127	30	52	0	24056
27551	23678	172	31	58	0	23939
27552	23834	55	17	56	0	23962
27553	290	37	29	23325	0	23681
27554	194	41	40	23326	0	23601
27555	78	40	28	23642	0	23788
27556	57	59	23316	284	0	23716
27557	48	23288	134	206	0	23676
27558	22713	113	158	61	0	23045
27559	103	22945	28	58	0	23134
27560	157	121	26	22499	0	22803
27561	44	150	22330	110	0	22634
27562	20283	42	92	178	0	20595
27563	81	22665	143	61	0	22950
27564	132	112	17	22412	0	22673
27565	34	129	22	22520	0	22705
27566	37	40	22313	216	0	22606
27567	30	22497	97	165	0	22789
27568	33	120	127	22495	0	22775
27569	34	131	21	22560	0	22746
27570	30	35	14	22367	0	22446
27571	21537	26	17	243	0	21823
27572	120	39	22018	151	0	22328
27573	131	21891	109	57	0	22188
27574	21566	95	117	44	0	21822
27575	99	22135	34	53	0	22321
27576	140	136	28	21375	0	21679
27577	42	22221	32	131	0	22426
27578	21539	100	22	141	0	21802
27579	21829	143	21	43	0	22036
27580	242	31	22	22378	0	22673
27581	165	25	13	22707	0	22910
27582	51	24	9	23806	0	23890
27583	54	35	24140	298	0	24527
27584	45	25130	141	236	0	25552
27585	50	163	197	28699	0	29109
27586	40	264	26	29320	0	29650
27587	50	52	13	29883	0	29998
27588	43	30	20	29968	0	30061
27589	49	59	29566	601	0	30275
27590	35	30957	261	443	0	31696
27591	59	291	326	31787	0	32463
27592	55	372	37	34069	0	34533
27593	54	110	33888	693	0	34745
27594	45	55	302	32356	0	32758
27595	28	33142	413	391	0	33974
27596	41	33794	95	466	0	34396
27597	47	707	32	33285	0	34071
27598	64	454	32813	377	0	33708
27599	29118	104	329	551	0	30102
27600	292	32407	422	244	0	33365
27601	392	330	32032	136	0	32890
27602	93	421	32091	116	0	32721
27603	47	31350	668	138	0	32203
27604	85	352	31792	128	0	32357
27605	108	596	447	30208	0	31359
27606	30288	90	427	345	0	31150
27607	30286	81	109	394	0	30870
27608	30469	88	72	127	0	30756
27609	30998	74	83	113	0	31268
27610	622	31788	80	136	0	32626
27611	31779	323	83	109	0	32294
27612	383	32419	105	115	0	33022
27613	459	402	31806	81	0	32748
27614	143	426	350	29910	0	30829
27615	98	32177	412	351	0	33038
27616	90	370	121	31171	0	31752
27617	30347	445	77	438	0	31307
27618	366	113	104	29267	0	29850
27619	408	30828	84	424	0	31744
27620	30700	355	91	475	0	31621
27621	391	427	30726	219	0	31763
27622	440	152	362	30178	0	31132
27623	130	99	411	30520	0	31160
27624	29120	122	129	727	0	30098
27625	366	28975	129	600	0	30070
27626	429	407	28608	214	0	29658
27627	150	451	375	28492	0	29468
27628	121	168	28851	447	0	29587
27629	102	27872	407	544	0	28925
27630	85	28488	446	294	0	29313
27631	28097	722	174	188	0	29181
27632	384	517	28132	224	0	29257
27633	28327	188	449	177	0	29141
27634	414	144	485	27056	0	28099
27635	417	28278	228	446	0	29369
27636	28160	409	152	496	0	29217
27637	418	499	28406	230	0	29553
27638	490	232	401	27886	0	29009
27639	181	152	498	28094	0	28925
27640	152	192	213	27547	0	28104
27641	171	27832	141	814	0	28958
27642	26730	455	158	549	0	27892
27643	430	27213	154	248	0	28045
27644	465	27009	178	204	0	27856
27645	246	729	167	26715	0	27857
27646	26822	495	171	454	0	27942
27647	26493	221	164	528	0	27406
27648	26512	238	164	239	0	27153
27649	744	25163	171	238	0	26316
27650	519	439	150	24927	0	26035
27651	248	495	25147	477	0	26367
27652	234	226	387	25060	0	25907
27653	245	171	460	24075	0	24951
27654	214	25154	176	771	0	26315
27655	25109	452	172	559	0	26292
27656	443	506	188	24236	0	25373
27657	467	25172	177	525	0	26341
27658	25020	455	200	566	0	26241
27659	496	515	24880	297	0	26188
27660	24367	247	398	271	0	25283
27661	485	25011	451	278	0	26225
27662	25241	471	188	232	0	26132
27663	24981	523	192	199	0	25895
27664	750	315	24954	222	0	26241
27665	25097	252	421	201	0	25971
27666	547	203	25860	217	0	26827
27667	544	246	25744	194	0	26728
27668	25139	210	737	180	0	26266
27669	25532	203	504	218	0	26457
27670	828	262	25724	179	0	26993
27671	597	175	485	25155	0	26412
27672	307	206	517	24395	0	25425
27673	275	26365	229	714	0	27583
27674	26232	437	200	519	0	27388
27675	26657	478	140	236	0	27511
27676	892	239	26649	202	0	27982
27677	26736	205	418	183	0	27542
27678	26891	207	436	196	0	27730
27679	798	26836	220	208	0	28062
27680	559	464	171	26036	0	27230
27681	347	463	160	25977	0	26947
27682	273	209	155	25411	0	26048
27683	23910	150	166	653	0	24879
27684	449	23085	124	440	0	24098
27685	285	389	81	18559	0	19314
27686	176	18998	77	216	0	19467
27687	150	727	83	17151	0	18111
27688	150	17989	70	205	0	18414
27689	135	18138	102	225	0	18600
27690	15747	360	265	154	0	16526
27691	15528	147	175	135	0	15985
27692	168	38	42	14272	0	14520
27693	97	11	35	14406	0	14549
27694	38	23	22	14594	0	14677
27695	38	18	24	14585	0	14665
27696	35	22	24	14447	0	14528
27697	35	14351	27	188	0	14601
27698	34	90	15	14435	0	14574
27699	45	86	18	14578	0	14727
27700	14250	24	22	159	0	14455
27701	130	25	20	14492	0	14667
27702	114	25	16	14443	0	14598
27703	61	34	14629	180	0	14904
27704	40	18	92	14413	0	14563
27705	45	92	72	14967	0	15176
27706	48	22	15429	190	0	15689
27707	35	15831	92	150	0	16108
27708	42	115	15964	63	0	16184
27709	30	92	15674	41	0	15837
27710	22	15168	141	33	0	15364
27711	15196	100	121	30	0	15447
27712	15049	65	36	31	0	15181
27713	140	17	7	14852	0	15016
27714	15144	14	9	94	0	15261
27715	99	12	15611	87	0	15809
27716	80	13	87	15768	0	15948
27717	33	12	17279	115	0	17439
27718	21	12	91	17254	0	17378
27719	15	12	83	17364	0	17474
27720	18	17	11	17575	0	17621
27721	17340	13	18	193	0	17564
27722	102	12	14	17639	0	17767
27723	17645	13	14	128	0	17800
27724	17695	14	14	124	0	17847
27725	166	17873	25	64	0	18128
27726	17838	98	13	60	0	18009
27727	100	18528	23	62	0	18713
27728	102	108	15	18118	0	18343
27729	34	101	15	18582	0	18732
27730	37	35	15	18780	0	18867
27731	50	35	18513	229	0	18827
27732	31	18576	116	178	0	18901
27733	60	127	111	17028	0	17326
27734	55	129	26	17288	0	17498
27735	26	18559	27	210	0	18822
27736	18451	109	25	133	0	18718
27737	122	18357	20	93	0	18592
27738	17947	113	23	58	0	18141
27739	122	18561	36	93	0	18812
27740	140	129	19	17517	0	17805
27741	36	18763	23	152	0	18974
27742	18913	118	19	156	0	19206
27743	19048	115	15	71	0	19249
27744	19009	37	17	70	0	19133
27745	18934	26	16	80	0	19056
27746	231	39	19039	78	0	19387
27747	19009	25	108	77	0	19219
27748	19438	20	113	73	0	19644
27749	19494	35	33	77	0	19639
27750	231	51	19440	80	0	19802
27751	19146	32	108	81	0	19367
27752	127	19716	131	115	0	20089
27753	19851	110	30	101	0	20092
27754	153	131	21121	87	0	21492
27755	20889	46	125	91	0	21151
27756	21237	35	119	76	0	21467
27757	217	60	38	21122	0	21437
27758	165	47	21101	157	0	21470
27759	21199	38	101	184	0	21522
27760	158	32	113	21834	0	22137
27761	157	38	44	22406	0	22645
27762	67	49	22729	244	0	23089
27763	21144	29	142	180	0	21495
27764	22505	34	136	83	0	22758
27765	224	22903	44	122	0	23293
27766	171	118	50	22746	0	23085
27767	66	138	42	22911	0	23157
27768	86	37	49	22721	0	22893
27769	79	23350	66	243	0	23738
27770	23108	121	29	167	0	23425
27771	165	121	40	23034	0	23360
27772	185	49	38	23082	0	23354
27773	22515	33	26	258	0	22832
27774	22395	38	34	162	0	22629
27775	246	33	54	22745	0	23078
27776	171	36	43	22418	0	22668
27777	86	47	21851	249	0	22233
27778	20270	30	110	192	0	20602
27779	151	22143	131	84	0	22509
27780	166	116	32	22861	0	23175
27781	111	116	23	23364	0	23614
27782	68	24566	37	333	0	25004
27783	78	181	35	25133	0	25427
27784	26820	219	51	249	0	27339
27785	296	73	24	30681	0	31074
27786	285	39	21	31492	0	31837
27787	97	64	30	32289	0	32480
27788	90	56	31741	855	0	32742
27789	79	37	376	32069	0	32561
27790	89	68	31965	553	0	32675
27791	74	31054	429	513	0	32070
27792	79	413	418	30797	0	31707
27793	67	364	104	31333	0	31868
27794	57	83	51	32104	0	32295
27795	62	53	57	32301	0	32473
27796	49	45	33	32748	0	32875
27797	31393	28	52	899	0	32372
27798	413	54	31807	534	0	32808
27799	393	31384	366	248	0	32391
27800	119	32555	394	165	0	33233
27801	69	717	85	32471	0	33342
27802	67	425	61	33073	0	33626
27803	57	117	44	32804	0	33022
27804	57	32538	58	860	0	33513
27805	59	388	33	32871	0	33351
27806	58	398	31985	554	0	32995
27807	33	31577	365	519	0	32494
27808	53	397	369	31540	0	32359
27809	31011	382	155	485	0	32033
27810	337	101	42	31569	0	32049
27811	375	95	53	31094	0	31617
27812	102	30313	60	821	0	31296
27813	82	31801	61	546	0	32490
27814	63	684	49	31638	0	32434
27815	63	415	48	31698	0	32224
27816	83	139	31279	854	0	32355
27817	32	101	355	30462	0	30950
27818	42	89	367	30620	0	31118
27819	47	66	127	30605	0	30845
27820	57	81	85	31032	0	31255
27821	30119	80	79	965	0	31243
27822	30473	77	73	656	0	31279
27823	686	71	79	30738	0	31574
27824	450	71	57	31540	0	32118
27825	30834	62	84	1034	0	32014
27826	430	72	82	32116	0	32700
27827	425	96	31995	807	0	33323
27828	143	31945	440	791	0	33319
27829	104	432	469	32260	0	33265
27830	91	434	206	32843	0	33574
27831	32424	191	103	1045	0	33763
27832	400	141	120	33364	0	34025
27833	417	144	85	33818	0	34464
27834	33583	107	72	1136	0	34898
27835	442	129	76	33969	0	34616
27836	459	34024	93	851	0	35427
27837	159	522	93	35603	0	36377
27838	125	523	108	36505	0	37261
27839	141	186	90	36704	0	37121
27840	96	167	119	36894	0	37276
27841	121	206	35504	1208	0	37039
27842	90	199	35387	909	0	36585
27843	63	155	818	35565	0	36601
27844	80	175	524	35030	0	35809
27845	74	35547	170	1235	0	37026
27846	102	523	128	34636	0	35389
27847	89	35285	142	888	0	36404
27848	34620	535	164	837	0	36156
27849	436	36410	115	608	0	37569
27850	502	573	94	36950	0	38119
27851	194	564	80	37583	0	38421
27852	143	237	36605	1285	0	38270
27853	34577	165	441	977	0	36160
27854	34875	175	483	586	0	36119
27855	827	35342	192	587	0	36948
27856	588	490	148	34260	0	35486
27857	238	526	36253	842	0	37859
27858	163	36718	541	887	0	38309
27859	36193	504	496	570	0	37763
27860	36134	524	160	546	0	37364
27861	934	206	34849	535	0	36524
27862	35034	132	448	464	0	36078
27863	669	138	460	34761	0	36028
27864	601	35039	167	820	0	36627
27865	34829	488	117	839	0	36273
27866	574	515	122	34787	0	35998
27867	35022	206	113	789	0	36130
27868	35774	177	120	889	0	36960
27869	927	191	105	35429	0	36652
27870	644	176	35694	884	0	37398
27871	35420	118	471	924	0	36933
27872	36518	133	512	530	0	37693
27873	36678	116	174	485	0	37453
27874	989	37229	155	521	0	38894
27875	666	471	119	37098	0	38354
27876	301	560	99	38388	0	39348
27877	203	261	37880	1219	0	39563
27878	203	275	456	37057	0	37991
27879	161	37234	562	881	0	38838
27880	35710	466	188	776	0	37140
27881	443	36108	147	535	0	37233
27882	500	438	35187	368	0	36493
27883	160	35692	479	348	0	36679
27884	141	33981	459	232	0	34813
27885	327	350	365	28889	0	29931
27886	29024	213	122	167	0	29526
27887	28865	44	36	208	0	29153
27888	28635	42	30	77	0	28784
27889	298	29400	43	158	0	29899
27890	227	166	28892	88	0	29373
27891	28864	185	130	75	0	29254
27892	29535	44	187	64	0	29830
27893	323	29445	55	90	0	29913
27894	30072	143	44	68	0	30327
27895	189	191	28	30077	0	30485
27896	255	80	31996	168	0	32499
27897	31719	62	143	233	0	32157
27898	32212	42	192	100	0	32546
27899	33177	49	38	80	0	33344
27900	390	39	29	32611	0	33069
27901	266	44	40	33580	0	33930
27902	72	50	38	34955	0	35115
27903	77	35473	55	461	0	36066
27904	90	226	41	37139	0	37496
27905	77	286	39	39229	0	39631
27906	112	93	39579	584	0	40368
27907	82	75	284	39519	0	39960
27908	85	67	349	40131	0	40632
27909	84	71	72	40000	0	40227
27910	81	62	51	39817	0	40011
27911	71	39883	83	717	0	40754
27912	92	306	41	40168	0	40607
27913	86	370	40	39740	0	40236
27914	39149	75	51	677	0	39952
27915	362	84	39259	447	0	40152
27916	422	94	38398	130	0	39044
27917	37864	55	622	117	0	38658
27918	39204	56	384	117	0	39761
27919	706	107	90	34902	0	35805
27920	438	39071	73	296	0	39878
27921	39233	302	64	369	0	39968
27922	368	372	45	38206	0	38991
27923	401	39730	71	377	0	40579
27924	39186	285	46	380	0	39897
27925	323	39728	57	168	0	40276
27926	38963	305	62	125	0	39455
27927	37758	349	32	114	0	38253
27928	590	37504	53	151	0	38298
27929	415	274	64	37344	0	38097
27930	156	392	37213	322	0	38083
27931	112	156	258	36821	0	37347
27932	36475	55	324	393	0	37247
27933	320	91	36272	419	0	37102
27934	353	35889	278	232	0	36752
27935	135	404	317	35386	0	36242
27936	131	337	35265	344	0	36077
27937	88	34753	297	409	0	35547
27938	34384	320	334	170	0	35208
27939	302	311	93	34644	0	35350
27940	324	83	67	34758	0	35232
27941	131	100	61	34170	0	34462
27942	80	34556	80	648	0	35364
27943	34369	270	56	389	0	35084
27944	302	34475	69	177	0	35023
27945	340	34892	53	164	0	35449
27946	34893	529	55	126	0	35603
27947	34737	370	53	107	0	35267
27948	598	128	34335	129	0	35190
27949	33110	97	257	113	0	33577
27950	33029	93	309	103	0	33534
27951	611	81	71	32483	0	33246
27952	410	100	32483	313	0	33306
27953	160	73	273	32419	0	32925
27954	32768	63	316	367	0	33514
27955	351	96	33500	381	0	34328
27956	407	58	317	35482	0	36264
27957	163	72	351	38112	0	38698
27958	129	81	73	41495	0	41778
27959	41269	67	74	1006	0	42416
27960	569	42160	110	686	0	43525
27961	42510	586	59	227	0	43382
27962	694	537	42555	208	0	43994
27963	576	111	591	40564	0	41842
27964	149	42921	540	646	0	44256
27965	43125	596	110	611	0	44442
27966	644	533	88	43249	0	44514
27967	591	185	42706	730	0	44212
27968	164	115	574	42375	0	43228
27969	41008	123	514	740	0	42385
27970	606	41152	147	743	0	42648
27971	593	686	91	36717	0	38087
27972	168	40957	122	675	0	41922
27973	40150	632	87	567	0	41436
27974	39613	542	65	207	0	40427
27975	1029	39513	100	215	0	40857
27976	39228	579	109	163	0	40079
27977	677	517	65	36988	0	38247
27978	577	38633	109	596	0	39915
27979	38407	583	90	509	0	39589
27980	38668	504	79	191	0	39442
27981	1062	37776	115	194	0	39147
27982	595	37826	113	205	0	38739
27983	37320	958	65	117	0	38460
27984	665	607	63	37107	0	38442
27985	37667	149	60	601	0	38477
27986	685	146	52	37606	0	38489
27987	635	155	36875	651	0	38316
27988	239	119	521	37394	0	38273
27989	36466	124	472	663	0	37725
27990	705	136	36858	564	0	38263
27991	586	95	570	36355	0	37606
27992	195	116	497	37402	0	38210
27993	191	123	36955	1084	0	38353
27994	34582	94	614	587	0	35877
27995	634	111	486	36215	0	37446
27996	579	130	34189	650	0	35548
27997	31071	101	612	593	0	32377
27998	581	33645	531	316	0	35073
27999	522	33446	153	239	0	34360
28000	203	34074	135	218	0	34630
28001	218	938	32223	165	0	33544
28002	185	835	529	30560	0	32109
28003	219	145	30947	598	0	31909
28004	119	791	539	27022	0	28471
28005	123	26750	376	550	0	27799
28006	107	26556	90	420	0	27173
28007	240	713	127	25851	0	26931
28008	25864	357	83	547	0	26851
28009	467	117	56	26277	0	26917
28010	357	132	84	25735	0	26308
28011	160	25889	58	754	0	26861
28012	25383	478	59	396	0	26316
28013	477	26157	57	215	0	26906
28014	396	491	74	25901	0	26862
28015	167	362	87	25595	0	26211
28016	147	25777	90	778	0	26792
28017	147	463	90	26167	0	26867
28018	25730	393	44	612	0	26779
28019	567	234	43	25940	0	26784
28020	468	220	61	25502	0	26251
28021	282	25525	80	765	0	26652
28022	241	537	107	25883	0	26768
28023	24647	400	92	593	0	25732
28024	25098	198	78	468	0	25842
28025	25492	212	79	248	0	26031
28026	879	196	63	25038	0	26176
28027	542	199	24768	572	0	26081
28028	285	161	24889	537	0	25872
28029	266	184	722	24764	0	25936
28030	24966	221	364	578	0	26129
28031	598	175	86	25303	0	26162
28032	25597	204	99	598	0	26498
28033	644	174	96	25667	0	26581
28034	561	156	94	25940	0	26751
28035	25698	189	97	799	0	26783
28036	651	164	25210	508	0	26533
28037	25159	190	423	256	0	26028
28038	669	181	25188	235	0	26273
28039	536	125	468	24524	0	25653
28040	24815	171	363	589	0	25938
28041	614	164	25097	448	0	26323
28042	497	169	25084	213	0	25963
28043	24355	172	723	227	0	25477
28044	620	160	25145	261	0	26186
28045	471	24419	480	281	0	25651
28046	231	446	390	25389	0	26456
28047	26503	355	191	672	0	27721
28048	557	167	26962	517	0	28203
28049	26929	126	546	264	0	27865
28050	27527	117	448	259	0	28351
28051	27715	120	194	279	0	28308
28052	27699	120	199	283	0	28301
28053	746	303	159	26338	0	27546
28054	466	26847	155	554	0	28022
28055	25826	411	231	477	0	26945
28056	470	298	23355	222	0	24345
28057	226	18919	208	135	0	19488
28058	16439	135	279	79	0	16932
28059	87	15519	79	57	0	15742
28060	93	15907	34	55	0	16089
28061	507	161	225	15221	0	16114
28062	69	69	53	15547	0	15738
28063	26	19	12	15654	0	15711
28064	16086	12	16	134	0	16248
28065	16809	12	16	89	0	16926
28066	180	10	21	17554	0	17765
28067	120	15	20	19053	0	19208
28068	40	12	20178	267	0	20497
28069	19406	16	173	175	0	19770
28070	20666	12	191	36	0	20905
28071	353	13	28	20846	0	21240
28072	205	13	19	21051	0	21288
28073	51	51	20948	387	0	21437
28074	41	19	182	20981	0	21223
28075	49	18	21813	215	0	22095
28076	53	21482	209	240	0	21984
28077	49	181	21960	62	0	22252
28078	52	222	204	20978	0	21456
28079	48	29	22281	198	0	22556
28080	37	28	21719	215	0	21999
28081	21533	37	389	48	0	22007
28082	212	50	212	23037	0	23511
28083	228	18	23268	209	0	23723
28084	21481	23	224	242	0	21970
28085	229	19	23572	66	0	23886
28086	237	22	24842	49	0	25150
28087	30	25114	407	101	0	25652
28088	45	184	237	24887	0	25353
28089	64	210	25009	199	0	25482
28090	59	35	24656	227	0	24977
28091	54	19	390	24309	0	24772
28092	48	12	242	24038	0	24340
28093	40	24958	72	411	0	25481
28094	46	188	52	25099	0	25385
28095	25379	196	57	247	0	25879
28096	25256	37	54	249	0	25596
28097	25809	27	53	81	0	25970
28098	398	34	62	25306	0	25800
28099	239	25947	76	253	0	26515
28100	25640	188	72	237	0	26137
28101	211	26209	87	95	0	26602
28102	236	25844	78	107	0	26265
28103	64	26111	77	99	0	26351
28104	26001	365	90	96	0	26552
28105	212	222	81	25734	0	26249
28106	236	58	81	25507	0	25882
28107	53	26090	107	406	0	26656
28108	25620	200	97	259	0	26176
28109	246	229	25768	75	0	26318
28110	231	42	263	25648	0	26184
28111	25774	41	276	240	0	26331
28112	228	26644	90	293	0	27255
28113	27593	201	91	111	0	27996
28114	241	230	83	27439	0	27993
28115	259	28587	89	244	0	29179
28116	103	207	28206	252	0	28768
28117	27545	225	249	85	0	28104
28118	226	60	253	28733	0	29272
28119	29196	53	81	272	0	29602
28120	253	69	77	28788	0	29187
28121	267	28843	91	277	0	29478
28122	99	222	29522	292	0	30135
28123	88	258	29586	106	0	30038
28124	85	179	391	29248	0	29903
28125	29712	56	286	279	0	30333
28126	29728	56	78	257	0	30119
28127	402	70	50	29519	0	30041
28128	290	49	66	29733	0	30138
28129	30167	47	73	445	0	30732
28130	266	57	80	30510	0	30913
28131	30588	61	64	297	0	31010
28132	254	30424	96	310	0	31084
28133	30275	230	91	118	0	30714
28134	269	281	30779	132	0	31461
28135	300	61	277	30601	0	31239
28136	129	67	292	31164	0	31652
28137	138	61	123	31202	0	31524
28138	118	30700	130	519	0	31467
28139	126	30411	131	390	0	31058
28140	96	425	123	30960	0	31604
28141	97	261	31122	348	0	31828
28142	92	83	305	31039	0	31519
28143	88	78	336	31653	0	32155
28144	116	93	141	31912	0	32262
28145	30763	90	139	487	0	31479
28146	254	30561	140	335	0	31290
28147	286	30524	178	172	0	31160
28148	143	460	120	29823	0	30546
28149	136	258	132	30198	0	30724
28150	148	82	120	30365	0	30715
28151	148	86	105	30671	0	31010
28152	29698	95	113	504	0	30410
28153	265	30353	161	363	0	31142
28154	30477	251	141	155	0	31024
28155	31037	267	118	187	0	31609
28156	425	100	105	30975	0	31605
28157	298	106	67	31370	0	31841
28158	31178	73	74	524	0	31849
28159	31151	102	67	355	0	31675
28160	482	86	51	30858	0	31477
28161	329	88	25	30912	0	31354
28162	185	122	30880	489	0	31676
28163	147	30613	223	367	0	31350
28164	175	31269	206	165	0	31815
28165	29908	322	48	115	0	30393
28166	254	206	30662	98	0	31220
28167	207	65	28561	71	0	28904
28168	25577	69	290	61	0	25997
28169	27118	20	178	48	0	27364
28170	135	29810	37	64	0	30046
28171	94	30930	20	64	0	31108
28172	57	134	19	31077	0	31287
28173	32534	89	21	114	0	32758
28174	32752	26	14	116	0	32908
28175	33056	21	23	70	0	33170
28176	155	34	6	32896	0	33091
28177	91	27	16	33272	0	33406
28178	48	47	33430	154	0	33679
28179	52	55	32353	115	0	32575
28180	49	46	33563	40	0	33698
28181	51	340	120	32645	0	33156
28182	32430	11	89	74	0	32604
28183	64	38	34045	98	0	34245
28184	72	12	45	33615	0	33744
28185	26	35094	89	96	0	35305
28186	31	50	20	34737	0	34838
28187	27	73	26	34842	0	34968
28188	57	46	36166	154	0	36423
28189	31	21	76	35687	0	35815
28190	37447	15	124	109	0	37695
28191	153	49	39722	144	0	40068
28192	190	34	116	39504	0	39844
28193	51	29	41304	157	0	41541
28194	29	41521	170	266	0	41986
28195	81	152	41985	61	0	42279
28196	52	235	182	40081	0	40550
28197	33	48	215	41926	0	42222
28198	59	57	43800	383	0	44299
28199	36	45	167	42875	0	43123
28200	33	30	239	42767	0	43069
28201	30	43266	74	437	0	43807
28202	50	169	43973	302	0	44494
28203	34	221	186	43534	0	43975
28204	45	41	249	43670	0	44005
28205	26	44764	72	443	0	45305
28206	39	192	44	45198	0	45473
28207	45424	252	63	217	0	45956
28208	169	51	45	45623	0	45888
28209	278	47	46199	229	0	46753
28210	44904	35	200	327	0	45466
28211	48070	33	287	121	0	48511
28212	521	50	49603	90	0	50264
28213	46708	28	261	122	0	47119
28214	271	50087	394	135	0	50887
28215	370	241	92	50705	0	51408
28216	101	365	63	55180	0	55709
28217	66	64	68	55656	0	55854
28218	73	39	60	56302	0	56474
28219	57	47	58	56489	0	56651
28220	55858	42	49	902	0	56851
28221	395	70	55613	606	0	56684
28222	52880	33	412	215	0	53540
28223	463	61	55165	189	0	55878
28224	502	42	439	54420	0	55403
28225	54992	31	526	470	0	56019
28226	420	56	137	54239	0	54852
28227	521	55722	135	504	0	56882
28228	57098	365	123	554	0	58140
28229	440	473	97	59188	0	60198
28230	574	120	58510	481	0	59685
28231	54247	48	413	680	0	55388
28232	441	60952	546	314	0	62253
28233	595	438	62568	201	0	63802
28234	179	558	480	61296	0	62513
28235	152	123	601	60155	0	61031
28236	109	61744	172	1057	0	63082
28237	162	486	62065	703	0	63416
28238	124	556	459	61463	0	62602
28239	136	147	64338	612	0	65233
28240	111	87	512	63347	0	64057
28241	107	68	622	63461	0	64258
28242	142	99	63711	1103	0	65055
28243	144	61	518	63421	0	64144
28244	156	117	737	56656	0	57666
28245	158	58	203	66400	0	66819
28246	142	74	166	66801	0	67183
28247	64826	60	170	1251	0	66307
28248	583	99	64906	858	0	66446
28249	66112	77	587	350	0	67126
28250	615	78	710	69013	0	70416
28251	752	84	219	70007	0	71062
28252	235	91	178	69200	0	69704
28253	149	69639	214	1473	0	71475
28254	70232	606	180	944	0	71962
28255	608	720	191	72361	0	73880
28256	743	73688	235	847	0	75513
28257	213	543	197	74295	0	75248
28258	74752	706	207	929	0	76594
28259	74191	188	188	1005	0	75572
28260	74469	158	213	418	0	75258
28261	1237	74977	243	520	0	76977
28262	862	591	75427	473	0	77353
28263	74026	740	647	448	0	75861
28264	76149	160	796	462	0	77567
28265	1283	77276	269	488	0	79316
28266	76884	593	172	428	0	78077
28267	75736	756	198	425	0	77115
28268	77109	189	188	418	0	77904
28269	1419	80004	213	491	0	82127
28270	1015	592	185	78973	0	80765
28271	80801	773	187	870	0	82631
28272	82214	204	169	1008	0	83595
28273	81409	154	136	483	0	82182
28274	81730	179	166	432	0	82507
28275	1546	179	137	80563	0	82425
28276	1068	228	81064	921	0	83281
28277	473	179	669	79677	0	80998
28278	418	82422	835	945	0	84620
28279	407	693	197	84557	0	85854
28280	425	864	85265	983	0	87537
28281	84066	196	752	1073	0	86087
28282	973	184	880	87007	0	89044
28283	86965	179	269	960	0	88373
28284	87545	191	207	1138	0	89081
28285	1704	177	201	89163	0	91245
28286	1269	178	90652	983	0	93082
28287	661	213	86215	1039	0	88128
28288	82005	216	1429	486	0	84136
28289	991	87826	936	456	0	90209
28290	1015	86639	250	405	0	88309
28291	492	87864	208	428	0	88992
28292	444	90127	241	393	0	91205
28293	87261	1338	488	354	0	89441
28294	87225	794	232	323	0	88574
28295	87082	229	157	297	0	87765
28296	87427	237	141	326	0	88131
28297	1458	255	176	84268	0	86157
28298	988	84891	185	870	0	86934
28299	84356	649	214	846	0	86065
28300	936	768	85555	337	0	87596
28301	998	85262	655	455	0	87370
28302	533	678	85206	310	0	86727
28303	82524	721	714	336	0	84295
28304	85270	226	751	332	0	86579
28305	86318	212	222	311	0	87063
28306	1511	203	214	85779	0	87707
28307	1139	206	86764	741	0	88850
28308	500	86720	652	934	0	88806
28309	83714	661	758	286	0	85419
28310	864	85455	253	445	0	87017
28311	894	83262	177	377	0	84710
28312	487	83424	181	393	0	84485
28313	460	83602	169	348	0	84579
28314	535	1018	79313	243	0	81109
28315	433	81982	586	315	0	83316
28316	76565	513	633	262	0	77973
28317	604	515	142	76846	0	78107
28318	646	214	106	77771	0	78737
28319	77173	182	126	788	0	78269
28320	572	77178	168	670	0	78588
28321	730	496	79268	216	0	80710
28322	380	530	406	78189	0	79505
28323	384	196	461	80123	0	81164
28324	381	167	148	81337	0	82033
28325	376	252	80799	801	0	82228
28326	329	249	80446	530	0	81554
28327	342	221	771	80481	0	81815
28328	384	200	81534	456	0	82574
28329	387	243	77565	457	0	78652
28330	66023	264	778	277	0	67342
28331	515	78749	494	304	0	80062
28332	527	76646	186	216	0	77575
28333	412	79365	173	275	0	80225
28334	481	826	168	75057	0	76532
28335	303	80967	157	406	0	81833
28336	80862	423	208	434	0	81927
28337	563	505	82596	210	0	83874
28338	82716	197	477	185	0	83575
28339	548	193	500	84599	0	85840
28340	626	189	202	84151	0	85168
28341	252	88909	217	874	0	90252
28342	88658	522	202	602	0	89984
28343	87809	619	288	214	0	88930
28344	1135	94662	225	280	0	96302
28345	711	791	123	92660	0	94285
28346	346	732	94680	620	0	96378
28347	2961	258	92586	695	0	96500
28348	234	96773	1228	312	0	98547
28349	93753	910	796	319	0	95778
28350	822	744	97328	143	0	99037
28351	832	227	663	94382	0	96104
28352	97459	152	796	640	0	99047
28353	97670	151	194	748	0	98763
28354	1343	116856	205	230	0	118634
28355	897	119941	194	232	0	121264
28356	120210	1858	179	171	0	122418
28357	1245	1155	120984	162	0	123546
28358	119449	275	1107	157	0	120988
28359	120543	223	1028	151	0	121945
28360	2072	222	256	120297	0	122847
28361	1254	291	123955	1077	0	126577
28362	444	233	122290	1036	0	124003
28363	116604	143	2214	265	0	119226
28364	1362	246	124580	214	0	126402
28365	115474	200	1354	194	0	117222
28366	119757	183	1181	162	0	121283
28367	2068	121870	415	295	0	124648
28368	4184	1184	119205	169	0	124742
28369	454	120100	1274	216	0	122044
28370	116813	1208	1195	172	0	119388
28371	1371	1207	117037	138	0	119753
28372	1321	461	1242	110147	0	113171
28373	582	289	116739	1140	0	118750
28374	712	236	116254	1045	0	118247
28375	569	241	116997	184	0	117991
28376	603	217	116152	199	0	117171
28377	399	112642	2361	480	0	115882
28378	636	1235	112818	245	0	114934
28379	404	111105	1545	360	0	113414
28380	627	1286	109824	227	0	111964
28381	106148	1126	1671	184	0	109129
28382	1581	399	1332	95288	0	98600
28383	1374	109565	590	952	0	112481
28384	107336	1262	619	927	0	110144
28385	106739	1194	689	271	0	108893
28386	103652	471	646	216	0	104985
28387	104868	328	729	178	0	106103
28388	2234	105904	791	346	0	109275
28389	103952	1229	602	314	0	106097
28390	103804	1198	658	256	0	105916
28391	2193	102079	734	539	0	105545
28392	1496	1346	101381	197	0	104420
28393	744	1365	1601	94690	0	98400
28394	710	101700	1608	1060	0	105078
28395	746	1368	102606	1018	0	105738
28396	813	1373	102959	318	0	105463
28397	737	101321	2612	368	0	105038
28398	734	102237	1734	302	0	105007
28399	699	105890	900	381	0	107870
28400	734	106246	814	268	0	108062
28401	102578	2551	854	211	0	106194
28402	101758	1689	797	239	0	104483
28403	2728	823	106480	286	0	110317
28404	1865	778	107655	255	0	110553
28405	1020	701	2904	101765	0	106390
28406	989	697	1840	104806	0	108332
28407	1055	749	893	106444	0	109141
28408	104550	748	983	2158	0	108439
28409	1871	105808	984	1562	0	110225
28410	1917	108865	944	545	0	112271
28411	1120	110836	931	422	0	113309
28412	107173	2833	950	355	0	111311
28413	108405	1928	985	356	0	111674
28414	3202	956	879	106694	0	111731
28415	109837	884	1076	1351	0	113148
28416	109369	898	962	1381	0	112610
28417	3236	1046	928	108652	0	113862
28418	109118	1032	972	1544	0	112666
28419	2317	108681	1217	1519	0	113734
28420	2295	1969	1337	108161	0	113762
28421	1498	2037	106797	1467	0	111799
28422	1352	106016	2398	1654	0	111420
28423	1488	2193	107052	715	0	111448
28424	1436	2052	2502	96939	0	102929
28425	1426	107190	2544	1449	0	112609
28426	1625	1934	1641	104981	0	110181
28427	1340	2040	1651	106273	0	111304
28428	1493	1101	106105	2645	0	111344
28429	1447	988	110859	1661	0	114955
28430	1347	977	3504	107352	0	113180
28431	1382	1107	2620	97633	0	102742
28432	1350	109897	1707	2584	0	115538
28433	102224	2249	1384	1634	0	107491
28434	2367	107250	1474	923	0	112014
28435	2260	106919	1376	882	0	111437
28436	1306	3307	102766	812	0	108191
28437	1001	103459	2387	939	0	107786
28438	1163	2292	2645	89105	0	95205
28439	1077	100973	1563	1637	0	105250
28440	1074	2360	1409	91779	0	96622
28441	770	97637	1509	1714	0	101630
28442	94195	2202	1312	1470	0	99179
28443	1968	97046	1350	794	0	101158
28444	1582	2183	1087	80783	0	85635
28445	941	90057	1062	1356	0	93416
28446	87488	2045	1088	1167	0	91788
28447	86052	1970	724	588	0	89334
28448	2673	86616	835	641	0	90765
28449	83352	1852	524	475	0	86203
28450	1964	2589	610	78980	0	84143
28451	1737	931	81039	1340	0	85047
28452	1212	925	81478	1112	0	84727
28453	1003	80327	2302	638	0	84270
28454	58907	820	1371	309	0	61407
28455	57857	630	317	242	0	59046
28456	1054	275	57417	228	0	58974
28457	639	266	56805	175	0	57885
28458	53386	241	966	208	0	54801
28459	55699	223	537	190	0	56649
28460	915	291	54892	200	0	56298
28461	50276	245	561	203	0	51285
28462	525	52265	548	192	0	53530
28463	496	52820	166	198	0	53680
28464	304	980	286	50767	0	52337
28465	187	590	202	51629	0	52608
28466	51452	270	173	850	0	52745
28467	50931	231	148	565	0	51875
28468	51067	254	162	259	0	51742
28469	855	242	157	50594	0	51848
28470	560	253	151	49766	0	50730
28471	231	49357	134	926	0	50648
28472	202	50079	166	562	0	51009
28473	211	51311	165	217	0	51904
28474	316	987	156	46236	0	47695
28475	276	49703	148	502	0	50629
28476	280	645	47922	482	0	49329
28477	44335	581	481	246	0	45643
28478	626	329	49114	195	0	50264
28479	564	315	48743	191	0	49813
28480	45185	331	811	193	0	46520
28481	563	48531	481	217	0	49792
28482	48680	603	164	225	0	49672
28483	48368	568	192	225	0	49353
28484	897	320	48649	194	0	50060
28485	613	279	48897	190	0	49979
28486	305	49052	849	233	0	50439
28487	338	637	49248	255	0	50478
28488	332	631	586	48252	0	49801
28489	307	415	564	43456	0	44742
28490	276	49215	281	833	0	50605
28491	265	50262	249	532	0	51308
28492	49313	1018	234	261	0	50826
28493	50526	672	265	240	0	51703
28494	978	378	222	50331	0	51909
28495	650	360	193	51153	0	52356
28496	50065	325	238	874	0	51502
28497	50059	325	280	537	0	51201
28498	936	51235	282	280	0	52733
28499	47907	600	181	162	0	48850
28500	628	47071	166	191	0	48056
28501	529	47848	196	239	0	48812
28502	47272	866	246	164	0	48548
28503	46567	568	220	149	0	47504
28504	888	323	138	46135	0	47484
28505	45971	277	165	465	0	46878
28506	675	258	45930	406	0	47269
28507	598	46273	438	228	0	47537
28508	45087	502	426	182	0	46197
28509	593	441	46057	190	0	47281
28510	478	571	434	40284	0	41767
28511	304	43085	345	375	0	44109
28512	301	43755	200	299	0	44555
28513	43337	612	303	131	0	44383
28514	535	396	42875	124	0	43930
28515	40138	144	407	83	0	40772
28516	531	167	362	40967	0	42027
28517	417	153	41101	335	0	42006
28518	39066	122	431	290	0	39909
28519	467	42695	328	115	0	43605
28520	365	43697	168	110	0	44340
28521	43853	544	239	129	0	44765
28522	43797	324	111	149	0	44381
28523	44410	162	64	150	0	44786
28524	630	198	111	43386	0	44325
28525	420	166	111	43837	0	44534
28526	237	98	43800	506	0	44641
28527	223	128	43043	289	0	43683
28528	195	43583	446	181	0	44405
28529	233	402	316	38999	0	39950
28530	38548	169	138	165	0	39020
28531	204	38815	44	239	0	39302
28532	186	209	46	38836	0	39277
28533	38796	174	56	178	0	39204
28534	168	39673	50	208	0	40099
28535	186	41179	63	95	0	41523
28536	144	293	39008	48	0	39493
28537	37908	201	192	71	0	38372
28538	40344	80	174	64	0	40662
28539	286	91	40094	74	0	40545
28540	36199	59	138	58	0	36454
28541	174	70	39962	47	0	40253
28542	150	39452	121	52	0	39775
28543	148	233	181	38719	0	39281
28544	38230	118	66	118	0	38532
28545	133	38789	57	136	0	39115
28546	129	38739	57	40	0	38965
28547	36982	164	32	32	0	37210
28548	138	113	39071	32	0	39354
28549	36753	33	99	54	0	36939
28550	90	40634	107	67	0	40898
28551	118	106	38437	20	0	38681
28552	37947	112	84	38	0	38181
28553	39896	25	87	30	0	40038
28554	143	31	28	39340	0	39542
28555	90	27	18	40331	0	40466
28556	32	40480	27	158	0	40697
28557	71	98	40395	102	0	40666
28558	60	78	87	40559	0	40784
28559	55	66	43451	125	0	43697
28560	47	58	43822	114	0	44041
28561	35	21	213	44952	0	45221
28562	67	34	47234	160	0	47495
28563	68	36	47230	173	0	47507
28564	42	33	340	44460	0	44875
28565	50	43	48020	175	0	48288
28566	41680	38	234	208	0	42160
28567	167	47144	213	127	0	47651
28568	205	182	48097	44	0	48528
28569	92	211	51240	49	0	51592
28570	59	75	364	48447	0	48945
28571	52549	28	213	174	0	52964
28572	52482	29	42	185	0	52738
28573	52387	30	44	43	0	52504
28574	52744	15	57	38	0	52854
28575	357	34	38	51502	0	51931
28576	214	66	53358	185	0	53823
28577	51864	39	194	215	0	52312
28578	54055	21	212	46	0	54334
28579	54395	25	52	52	0	54524
28580	416	44	53493	43	0	53996
28581	48322	35	238	54	0	48649
28582	215	34	248	55214	0	55711
28583	237	57398	75	222	0	57932
28584	85	273	66	55020	0	55444
28585	45	57462	101	212	0	57820
28586	56805	217	73	257	0	57352
28587	275	297	58454	60	0	59086
28588	303	108	276	55474	0	56161
28589	52	58780	357	232	0	59421
28590	49	59672	112	344	0	60177
28591	59181	470	104	59	0	59814
28592	58896	309	89	51	0	59345
28593	529	92	57336	63	0	58020
28594	56827	50	290	53	0	57220
28595	286	36	331	57957	0	58610
28596	392	56	60847	250	0	61545
28597	155	52	60614	315	0	61136
28598	133	28	526	60753	0	61440
28599	64729	24	337	318	0	65408
28600	358	28	81	64704	0	65171
28601	438	19	69	64461	0	64987
28602	126	47	78	64012	0	64263
28603	111	65336	95	683	0	66225
28604	125	278	61	65805	0	66269
28605	63132	353	80	352	0	63917
28606	335	65012	95	494	0	65936
28607	413	298	55	65322	0	66088
28608	64257	403	53	352	0	65065
28609	307	64699	98	497	0	65601
28610	417	65303	88	173	0	65981
28611	116	683	72	64666	0	65537
28612	63201	448	82	365	0	64096
28613	384	117	64218	466	0	65185
28614	485	103	63839	97	0	64524
28615	62385	92	738	112	0	63327
28616	65735	76	480	104	0	66395
28617	800	67956	142	135	0	69033
28618	555	355	117	65088	0	66115
28619	209	491	66672	347	0	67719
28620	153	96	65487	526	0	66262
28621	170	78	69661	162	0	70071
28622	108	69162	967	179	0	70416
28623	119	69536	632	202	0	70489
28624	68706	824	145	166	0	69841
28625	514	582	69685	135	0	70916
28626	67192	109	467	162	0	67930
28627	68799	82	589	166	0	69636
28628	954	127	71044	202	0	72327
28629	615	73135	474	202	0	74426
28630	219	529	578	71375	0	72701
28631	224	621	74364	453	0	75662
28632	225	155	72608	606	0	73594
28633	66184	179	995	196	0	67554
28634	497	73262	630	205	0	74594
28635	634	496	130	70308	0	71568
28636	193	652	120	68259	0	69224
28637	176	72113	186	963	0	73438
28638	183	73410	185	652	0	74430
28639	198	74440	196	180	0	75014
28640	209	1061	136	74886	0	76292
28641	76693	678	141	581	0	78093
28642	641	169	144	78021	0	78975
28643	801	201	78181	664	0	79847
28644	248	173	77949	744	0	79114
28645	195	143	1246	78111	0	79695
28646	242	178	79788	650	0	80858
28647	178	79588	702	876	0	81344
28648	209	644	800	80709	0	82362
28649	85005	737	251	702	0	86695
28650	83631	176	200	866	0	84873
28651	1443	86410	227	337	0	88417
28652	87680	784	167	218	0	88849
28653	87734	876	165	246	0	89021
28654	88033	195	184	293	0	88705
28655	1606	294	83959	220	0	86079
28656	82244	210	736	252	0	83442
28657	807	84552	933	406	0	86698
28658	991	722	84682	185	0	86580
28659	358	865	84660	190	0	86073
28660	234	83891	1482	260	0	85867
28661	81795	880	1044	212	0	83931
28662	862	905	259	77018	0	79044
28663	837	80248	216	705	0	82006
28664	80516	711	194	775	0	82196
28665	758	887	205	80549	0	82399
28666	81621	194	207	764	0	82786
28667	791	176	192	82428	0	83587
28668	958	229	81247	785	0	83219
28669	271	227	79278	907	0	80683
28670	329	243	80476	203	0	81251
28671	233	241	1532	75570	0	77576
28672	277	221	938	79753	0	81189
28673	319	251	79891	1472	0	81933
28674	272	79319	858	1016	0	81465
28675	79977	788	966	208	0	81939
28676	78670	925	275	205	0	80075
28677	1614	80537	307	325	0	82783
28678	1077	939	308	79517	0	81841
28679	404	982	82956	824	0	85166
28680	78481	255	998	969	0	80703
28681	1031	222	83762	288	0	85303
28682	1082	263	80117	198	0	81660
28683	376	281	80159	190	0	81006
28684	74628	243	1772	208	0	76851
28685	1035	243	78843	226	0	80347
28686	1016	76251	1014	244	0	78525
28687	422	77381	1080	206	0	79089
28688	412	1542	405	73853	0	76212
28689	356	943	341	75018	0	76658
28690	314	265	75216	1493	0	77288
28691	70713	225	908	945	0	72791
28692	75070	240	1023	286	0	76619
28693	1551	253	404	74935	0	77143
28694	74818	218	362	831	0	76229
28695	933	74487	389	1027	0	76836
28696	72880	825	311	284	0	74300
28697	930	72161	338	366	0	73795
28698	927	71258	332	364	0	72881
28699	69077	1400	386	306	0	71169
28700	69055	876	350	263	0	70544
28701	70454	247	338	227	0	71266
28702	70843	213	352	254	0	71662
28703	1592	243	67945	225	0	70005
28704	66167	208	950	215	0	67540
28705	940	267	976	65279	0	67462
28706	981	67309	384	766	0	69440
28707	66703	758	312	834	0	68607
28708	843	67642	378	368	0	69231
28709	67718	812	338	205	0	69073
28710	973	796	311	66766	0	68846
28711	1022	318	272	67775	0	69387
28712	413	284	67717	1385	0	69799
28713	477	255	67707	896	0	69335
28714	415	67257	1477	348	0	69497
28715	64156	766	963	299	0	66184
28716	904	65012	360	314	0	66590
28717	935	63799	308	275	0	65317
28718	529	65729	299	254	0	66811
28719	669	1344	62922	206	0	65141
28720	459	64560	789	210	0	66018
28721	59667	899	873	228	0	61667
28722	59596	799	277	178	0	60850
28723	1362	307	267	57029	0	58965
28724	892	58334	303	683	0	60212
28725	422	59077	295	715	0	60509
28726	452	1265	284	57928	0	59929
28727	513	790	58688	662	0	60653
28728	404	56953	739	764	0	58860
28729	526	905	675	54666	0	56772
28730	53611	779	266	701	0	55357
28731	53512	354	206	711	0	54783
28732	1206	54706	283	298	0	56493
28733	54792	752	257	193	0	55994
28734	54532	743	233	233	0	55741
28735	1324	322	263	52792	0	54701
28736	897	294	52492	659	0	54342
28737	365	52796	743	781	0	54685
28738	374	1078	776	51371	0	53599
28739	372	779	51647	559	0	53357
28740	320	49829	595	632	0	51376
28741	46726	692	665	212	0	48295
28742	46753	638	240	179	0	47810
28743	987	339	159	45588	0	47073
28744	690	46851	188	522	0	48251
28745	358	624	46360	535	0	47877
28746	285	778	540	45272	0	46875
28747	313	308	46649	506	0	47776
28748	232	42752	485	508	0	43977
28749	641	613	614	37198	0	39066
28750	36917	401	182	344	0	37844
28751	378	36846	103	376	0	37703
28752	36301	361	123	162	0	36947
28753	35317	389	108	110	0	35924
28754	642	36523	104	170	0	37439
28755	466	391	106	36088	0	37051
28756	257	477	99	35671	0	36504
28757	199	35561	103	554	0	36417
28758	181	36404	134	392	0	37111
28759	187	607	117	33479	0	34390
28760	185	35471	108	305	0	36069
28761	35018	374	108	298	0	35798
28762	34614	379	97	139	0	35229
28763	588	207	34700	99	0	35594
28764	399	184	34765	109	0	35457
28765	32645	189	502	108	0	33444
28766	34234	164	307	124	0	34829
28767	474	35617	136	175	0	36402
28768	35220	351	161	163	0	35895
28769	34708	341	114	123	0	35286
28770	536	34488	106	133	0	35263
28771	34855	371	68	110	0	35404
28772	396	401	84	39152	0	40033
28773	363	263	77	40558	0	41261
28774	193	203	43078	649	0	44123
28775	147	42288	373	390	0	43198
28776	145	43262	323	153	0	43883
28777	40777	1071	457	348	0	42653
28778	40869	371	144	127	0	41511
28779	40521	94	65	107	0	40787
28780	41491	94	70	93	0	41748
28781	601	106	41358	60	0	42125
28782	347	130	41451	69	0	41997
28783	102	42063	572	92	0	42829
28784	128	391	335	41481	0	42335
28785	127	376	64	39223	0	39790
28786	130	42707	64	532	0	43433
28787	143	366	50	41640	0	42199
28788	41164	343	69	316	0	41892
28789	377	41956	87	366	0	42786
28790	393	366	42797	82	0	43638
28791	115	43855	349	124	0	44443
28792	43209	365	339	103	0	44016
28793	386	410	43483	106	0	44385
28794	42180	122	421	107	0	42830
28795	43544	117	320	83	0	44064
28796	650	127	43661	81	0	44519
28797	392	100	43537	75	0	44104
28798	152	135	43330	60	0	43677
28799	38227	111	618	85	0	39041
28800	444	89	43402	78	0	44013
28801	364	42614	351	114	0	43443
28802	42158	330	362	63	0	42913
28803	368	324	42637	41	0	43370
28804	39919	84	385	61	0	40449
28805	382	86	42847	59	0	43374
28806	377	88	43666	41	0	44172
28807	149	43821	617	109	0	44696
28808	171	351	44274	64	0	44860
28809	210	329	43548	43	0	44130
28810	137	40346	681	104	0	41268
28811	41543	362	377	66	0	42348
28812	413	320	42610	71	0	43414
28813	386	111	448	37075	0	38020
28814	142	42942	387	299	0	43770
28815	41990	385	172	294	0	42841
28816	42182	331	176	109	0	42798
28817	650	139	42732	82	0	43603
28818	386	41930	463	79	0	42858
28819	165	42908	442	84	0	43599
28820	194	719	191	39823	0	40927
28821	178	42268	201	371	0	43018
28822	245	479	166	38470	0	39360
28823	281	403	127	41894	0	42705
28824	243	43171	231	606	0	44251
28825	222	460	216	41716	0	42614
28826	185	43136	222	374	0	43917
28827	216	498	41794	369	0	42877
28828	193	495	476	41185	0	42349
28829	198	251	449	40846	0	41744
28830	214	42339	196	641	0	43390
28831	278	43202	171	394	0	44045
28832	243	731	210	39929	0	41113
28833	209	42660	263	387	0	43519
28834	40812	531	245	372	0	41960
28835	511	467	255	41246	0	42479
28836	423	42676	291	399	0	43789
28837	41326	491	256	398	0	42471
28838	501	41987	276	143	0	42907
28839	494	526	40567	189	0	41776
28840	268	487	541	40166	0	41462
28841	40460	272	529	441	0	41702
28842	536	234	41890	389	0	43049
28843	463	305	604	38702	0	40074
28844	309	41213	507	408	0	42437
28845	313	549	40123	367	0	41352
28846	266	41734	601	113	0	42714
28847	39547	465	571	134	0	40717
28848	40129	467	390	123	0	41109
28849	783	40537	385	174	0	41879
28850	40076	518	393	107	0	41094
28851	540	485	39811	118	0	40954
28852	451	245	672	37881	0	39249
28853	230	326	585	37645	0	38786
28854	303	39945	318	568	0	41134
28855	42279	507	379	361	0	43526
28856	44025	491	273	148	0	44937
28857	729	304	44231	95	0	45359
28858	43570	245	617	123	0	44555
28859	44814	280	519	137	0	45750
28860	45145	263	330	139	0	45877
28861	766	274	284	43605	0	44929
28862	446	305	302	43929	0	44982
28863	247	44983	272	659	0	46161
28864	43431	590	262	390	0	44673
28865	42941	502	209	213	0	43865
28866	734	43971	238	180	0	45123
28867	458	687	215	41481	0	42841
28868	257	43363	170	459	0	44249
28869	503	44241	212	408	0	45364
28870	42442	797	280	216	0	43735
28871	494	538	42951	214	0	44197
28872	282	181	37818	108	0	38389
28873	115	37590	405	124	0	38234
28874	33165	223	411	68	0	33867
28875	201	214	33972	67	0	34454
28876	165	32242	185	113	0	32705
28877	31498	140	173	44	0	31855
28878	128	136	31396	41	0	31701
28879	116	63	109	29902	0	30190
28880	33059	49	111	126	0	33345
28881	173	56	33686	143	0	34058
28882	161	60	35509	58	0	35788
28883	49	39	36953	39	0	37080
28884	48	52	36849	37	0	36986
28885	32553	80	355	34	0	33022
28886	37396	29	180	24	0	37629
28887	257	38147	38	77	0	38519
28888	182	159	23	38718	0	39082
28889	130	181	18	39960	0	40289
28890	30	39952	32	363	0	40377
28891	35	214	16	39885	0	40150
28892	26	41503	42	196	0	41767
28893	27	41737	36	252	0	42052
28894	30	445	19	40764	0	41258
28895	56	257	41426	217	0	41956
28896	18	41840	234	277	0	42369
28897	31	220	256	41576	0	42083
28898	41743	246	50	216	0	42255
28899	244	59	40412	1830	0	42545
28900	40718	38	235	54	0	41045
28901	42529	26	268	34	0	42857
28902	485	51	47	43233	0	43816
28903	306	51	45750	247	0	46354
28904	89	48	46104	304	0	46545
28905	47	48227	583	73	0	48930
28906	48	363	351	46797	0	47559
28907	48	359	47993	291	0	48691
28908	54	73	48891	331	0	49349
28909	44	49054	647	101	0	49846
28910	48959	316	400	47	0	49722
28911	49352	353	81	44	0	49830
28912	648	62	54	51140	0	51904
28913	412	51	53545	375	0	54383
28914	94	53	53893	445	0	54485
28915	59	54549	809	184	0	55601
28916	122	407	55229	70	0	55828
28917	80	456	54937	79	0	55552
28918	54	255	957	47845	0	49111
28919	59	80	54938	425	0	55502
28920	49305	48	525	445	0	50323
28921	386	42	500	54304	0	55232
28922	462	78	56076	411	0	57027
28923	77	56180	469	514	0	57240
28924	73	402	512	56138	0	57125
28925	101	466	57292	422	0	58281
28926	51	58518	490	533	0	59592
28927	96	468	517	55750	0	56831
28928	47	59607	156	456	0	60266
28929	66	498	119	59026	0	59709
28930	73	498	119	59135	0	59825
28931	78	124	58988	911	0	60101
28932	51	59627	522	601	0	60801
28933	57	479	725	59076	0	60337
28934	62	498	184	59301	0	60045
28935	66	137	153	60560	0	60916
28936	70	129	59190	947	0	60336
28937	62	58863	535	695	0	60155
28938	74	498	593	58701	0	59866
28939	95	538	58913	516	0	60062
28940	78	58839	552	649	0	60118
28941	64	513	593	58300	0	59470
28942	98	564	59435	533	0	60630
28943	59	59443	573	661	0	60736
28944	53	513	624	57641	0	58831
28945	82	579	193	59864	0	60718
28946	84	218	61010	980	0	62292
28947	53213	143	625	727	0	54708
28948	409	61072	638	278	0	62397
28949	61155	536	209	215	0	62115
28950	512	595	61470	215	0	62792
28951	60475	170	611	207	0	61463
28952	517	168	637	60471	0	61793
28953	524	156	240	63119	0	64039
28954	152	178	62620	1003	0	63953
28955	55427	162	616	716	0	56921
28956	58230	116	682	255	0	59283
28957	897	58720	244	296	0	60157
28958	554	60198	229	274	0	61255
28959	59595	968	237	197	0	60997
28960	552	654	60012	215	0	61433
28961	540	62188	638	281	0	63647
28962	150	570	670	62635	0	64025
28963	129	592	234	63852	0	64807
28964	131	198	63751	1025	0	65105
28965	58676	165	660	746	0	60247
28966	547	200	65312	258	0	66317
28967	62562	141	728	261	0	63692
28968	621	194	67171	191	0	68177
28969	597	66651	723	256	0	68227
28970	67238	580	817	213	0	68848
28971	67142	653	306	187	0	68288
28972	66806	198	233	196	0	67433
28973	66958	146	273	187	0	67564
28974	1103	171	213	65855	0	67342
28975	678	175	66525	659	0	68037
28976	229	206	677	63935	0	65047
28977	161	66319	730	652	0	67862
28978	194	581	256	66473	0	67504
28979	182	626	66065	633	0	67506
28980	180	213	65627	644	0	66664
28981	180	307	1044	63418	0	64949
28982	63141	143	825	592	0	64701
28983	61764	164	260	617	0	62805
28984	62113	170	221	246	0	62750
28985	969	179	63019	261	0	64428
28986	635	157	63187	229	0	64208
28987	207	62758	988	261	0	64214
28988	174	62649	622	215	0	63660
28989	60706	818	547	156	0	62227
28990	60192	530	256	207	0	61185
28991	771	63135	206	278	0	64390
28992	62443	424	173	180	0	63220
28993	61721	449	189	158	0	62517
28994	776	62717	167	199	0	63859
28995	63518	427	172	182	0	64299
28996	62525	459	152	158	0	63294
28997	782	63858	184	225	0	65049
28998	64369	443	147	157	0	65116
28999	63465	452	205	174	0	64296
29000	836	210	64518	146	0	65710
29001	582	165	63978	156	0	64881
29002	194	63088	771	176	0	64229
29003	182	62930	509	167	0	63788
29004	61451	830	719	142	0	63142
29005	59891	394	158	121	0	60564
29006	58975	103	134	84	0	59296
29007	661	59883	176	125	0	60845
29008	418	329	116	59544	0	60407
29009	210	359	60816	273	0	61658
29010	183	626	318	57377	0	58504
29011	180	60994	354	294	0	61822
29012	58740	227	137	229	0	59333
29013	256	58447	85	120	0	58908
29014	294	263	60	57486	0	58103
29015	61470	238	60	240	0	62008
29016	60921	71	63	253	0	61308
29017	532	95	61867	57	0	62551
29018	61577	75	305	51	0	62008
29019	65403	66	298	53	0	65820
29020	65904	65	85	67	0	66121
29021	646	129	66	62926	0	63767
29022	422	64997	83	298	0	65800
29023	184	333	65	66172	0	66754
29024	153	398	67055	298	0	67904
29025	143	67593	345	481	0	68562
29026	125	364	341	65859	0	66689
29027	143	400	66900	296	0	67739
29028	117	66476	323	405	0	67321
29029	152	364	360	63616	0	64492
29030	159	383	66846	275	0	67663
29031	54789	129	413	563	0	55894
29032	418	99	67540	101	0	68158
29033	450	97	67392	81	0	68020
29034	143	68354	662	95	0	69254
29035	139	340	379	68042	0	68900
29036	165	439	106	64424	0	65134
29037	139	68442	120	622	0	69323
29038	158	363	88	68050	0	68659
29039	69548	390	92	449	0	70479
29040	69603	111	100	380	0	70194
29041	762	140	69376	90	0	70368
29042	67162	103	369	87	0	67721
29043	70507	97	398	91	0	71093
29044	790	120	71317	103	0	72330
29045	514	71666	379	106	0	72665
29046	200	71467	434	98	0	72199
29047	297	785	126	60386	0	61594
29048	147	70323	134	288	0	70892
29049	224	471	67254	345	0	68294
29050	205	480	68143	90	0	68918
29051	168	69726	736	104	0	70734
29052	69174	415	453	84	0	70126
29053	70250	452	114	101	0	70917
29054	71151	154	91	105	0	71501
29055	71021	132	95	77	0	71325
29056	69037	113	109	84	0	69343
29057	772	69534	120	104	0	70530
29058	554	456	68645	54	0	69709
29059	202	456	401	67877	0	68936
29060	66870	140	432	403	0	67845
29061	420	66798	154	510	0	67882
29062	510	530	127	65347	0	66514
29063	226	454	65896	356	0	66932
29064	137	64886	433	433	0	65889
29065	129	65808	420	146	0	66503
29066	62302	941	289	316	0	63848
29067	373	63337	125	119	0	63954
29068	443	380	81	60334	0	61238
29069	60599	355	70	349	0	61373
29070	60314	92	74	344	0	60824
29071	60710	106	69	72	0	60957
29072	690	121	59740	83	0	60634
29073	401	60467	350	88	0	61306
29074	61301	344	346	66	0	62057
29075	379	390	87	60419	0	61275
29076	61500	106	85	340	0	62031
29077	404	60857	84	432	0	61777
29078	63480	372	78	102	0	64032
29079	67118	394	82	92	0	67686
29080	846	125	76	66066	0	67113
29081	586	155	69067	460	0	70268
29082	221	141	506	69817	0	70685
29083	69835	90	532	547	0	71004
29084	69942	109	126	499	0	70676
29085	1034	69318	131	214	0	70697
29086	67535	523	88	105	0	68251
29087	604	68434	112	249	0	69399
29088	68351	564	87	120	0	69122
29089	67258	513	100	140	0	68011
29090	1007	178	67810	100	0	69095
29091	573	67390	530	169	0	68662
29092	203	611	534	67167	0	68515
29093	160	546	130	67957	0	68793
29094	177	189	96	65274	0	65736
29095	173	66591	127	1167	0	68058
29096	173	582	66515	587	0	67857
29097	195	580	67889	144	0	68808
29098	160	77877	973	216	0	79226
29099	77539	701	591	129	0	78960
29100	822	723	77855	131	0	79531
29101	74672	209	761	115	0	75757
29102	814	76853	726	166	0	78559
29103	855	770	77204	115	0	78944
29104	264	750	722	76024	0	77760
29105	246	253	79286	754	0	80539
29106	253	160	80301	737	0	81451
29107	315	231	1400	69286	0	71232
29108	251	77940	826	657	0	79674
29109	211	78927	229	680	0	80047
29110	77390	1322	184	666	0	79562
29111	861	874	77896	134	0	79765
29112	76592	270	839	160	0	77861
29113	77623	204	799	157	0	78783
29114	1341	77951	236	154	0	79682
29115	74938	755	127	76	0	75896
29116	74585	697	116	101	0	75499
29117	71905	180	122	90	0	72297
29118	1351	71304	138	160	0	72953
29119	726	66845	116	125	0	67812
29120	224	69095	126	132	0	69577
29121	68163	1212	550	85	0	70010
29122	67471	741	204	193	0	68609
29123	1228	217	66645	91	0	68181
29124	729	197	64977	73	0	65976
29125	64604	117	1088	77	0	65886
29126	66089	112	621	68	0	66890
29127	66789	105	178	94	0	67166
29128	1170	109	111	64977	0	66367
29129	673	100	113	66051	0	66937
29130	230	101	95	66998	0	67424
29131	178	96	131	67383	0	67788
29132	178	120	65784	1077	0	67159
29133	231	118	64790	621	0	65760
29134	208	110	64663	150	0	65131
29135	193	114	63954	94	0	64355
29136	61011	101	1090	86	0	62288
29137	653	64284	636	118	0	65691
29138	621	65766	172	121	0	66680
29139	64789	1006	120	80	0	65995
29140	721	603	64770	76	0	66170
29141	657	191	63307	90	0	64245
29142	61061	200	1246	166	0	62673
29143	63369	111	679	125	0	64284
29144	1053	64158	221	236	0	65668
29145	684	584	180	63654	0	65102
29146	64625	531	131	544	0	65831
29147	65518	189	116	506	0	66329
29148	1187	156	109	64557	0	66009
29149	711	67512	129	580	0	68932
29150	67463	604	97	547	0	68711
29151	753	621	67001	158	0	68533
29152	65394	169	628	143	0	66334
29153	701	67001	624	155	0	68481
29154	67499	609	251	162	0	68521
29155	66714	585	192	160	0	67651
29156	1126	187	67593	160	0	69066
29157	698	178	67164	148	0	68188
29158	66057	162	1169	112	0	67500
29159	68028	173	710	102	0	69013
29160	1094	69391	272	159	0	70916
29161	748	602	206	69615	0	71171
29162	306	614	69575	547	0	71042
29163	67968	186	664	535	0	69353
29164	702	170	665	69670	0	71207
29165	719	141	230	70484	0	71574
29166	70080	131	170	1071	0	71452
29167	688	72328	229	752	0	73997
29168	73231	596	176	219	0	74222
29169	73192	587	185	152	0	74116
29170	74039	221	159	126	0	74545
29171	1259	73645	190	183	0	75277
29172	74282	637	150	109	0	75178
29173	807	694	161	73780	0	75442
29174	808	238	163	73676	0	74885
29175	602	165	73970	1125	0	75862
29176	518	183	73298	632	0	74631
29177	305	73721	1136	221	0	75383
29178	262	74511	690	194	0	75657
29179	468	900	69948	78	0	71394
29180	247	71791	569	134	0	72741
29181	69714	777	805	293	0	71589
29182	70415	516	123	113	0	71167
29183	71293	130	94	89	0	71606
29184	1071	144	98	68396	0	69709
29185	669	83	116	70596	0	71464
29186	311	118	71724	969	0	73122
29187	194	71805	497	664	0	73160
29188	70618	502	555	169	0	71844
29189	554	72261	155	120	0	73090
29190	71665	540	115	59	0	72379
29191	71225	545	116	84	0	71970
29192	1094	119	87	69764	0	71064
29193	704	109	100	70954	0	71867
29194	240	120	93	72432	0	72885
29195	313	149	70013	1003	0	71478
29196	196	69510	502	720	0	70928
29197	170	68853	569	239	0	69831
29198	84	57205	63	156	0	57508
29199	100	57061	85	114	0	57360
29200	102	57210	101	174	0	57587
29201	51432	525	249	80	0	52286
29202	305	359	55047	65	0	55776
29203	352	55536	218	121	0	56227
29204	155	295	52888	57	0	53395
29205	102	55371	215	148	0	55836
29206	138	491	319	44417	0	45365
29207	115	338	55	51353	0	51861
29208	82	54324	75	509	0	54990
29209	52956	233	74	313	0	53576
29210	285	347	53188	71	0	53891
29211	331	54482	215	138	0	55166
29212	135	293	53567	79	0	54074
29213	97	331	220	52944	0	53592
29214	111	118	295	50501	0	51025
29215	92	53757	84	502	0	54435
29216	138	254	65	53955	0	54412
29217	111	337	63	53791	0	54302
29218	100	54382	86	547	0	55115
29219	121	309	53555	349	0	54334
29220	109	368	53824	107	0	54408
29221	50730	140	485	101	0	51456
29222	54322	126	309	82	0	54839
29223	487	118	91	53332	0	54028
29224	377	191	53763	234	0	54565
29225	138	126	244	51424	0	51932
29226	135	55367	324	338	0	56164
29227	148	285	55171	361	0	55965
29228	71	55144	248	184	0	55647
29229	155	309	54402	140	0	55006
29230	83	55117	269	112	0	55581
29231	54095	305	329	122	0	54851
29232	253	387	89	53521	0	54250
29233	345	169	85	53396	0	53995
29234	148	152	53958	493	0	54751
29235	172	151	52925	374	0	53622
29236	95	53699	508	168	0	54470
29237	53181	284	356	167	0	53988
29238	251	368	146	51461	0	52226
29239	320	191	53542	237	0	54290
29240	105	211	51961	314	0	52591
29241	47319	177	536	129	0	48161
29242	50873	154	347	113	0	51487
29243	536	162	52063	126	0	52887
29244	360	395	266	48828	0	49849
29245	132	51941	354	264	0	52691
29246	51464	270	141	338	0	52213
29247	233	51564	138	227	0	52162
29248	49084	244	135	116	0	49579
29249	204	49555	106	129	0	49994
29250	303	49976	84	132	0	50495
29251	144	447	75	49601	0	50267
29252	117	310	74	49670	0	50171
29253	75	49874	114	527	0	50590
29254	119	275	48423	304	0	49121
29255	115	325	48595	87	0	49122
29256	117	150	48677	99	0	49043
29257	45059	108	447	129	0	45743
29258	47868	117	297	111	0	48393
29259	392	50159	108	166	0	50825
29260	299	350	49223	93	0	49965
29261	79	392	280	49006	0	49757
29262	71	157	52208	318	0	52754
29263	82	186	53363	350	0	53981
29264	75	154	666	56744	0	57639
29265	77	145	426	59911	0	60559
29266	120	175	64344	993	0	65632
29267	59732	128	614	728	0	61202
29268	560	67041	721	256	0	68578
29269	728	69172	269	172	0	70341
29270	218	1360	121	66555	0	68254
29271	68983	928	144	626	0	70681
29272	705	70818	174	915	0	72612
29273	70292	846	110	240	0	71488
29274	832	71603	132	225	0	72792
29275	73371	954	134	156	0	74615
29276	1040	953	73044	153	0	75190
29277	1048	404	73895	100	0	75447
29278	370	530	1579	70383	0	72862
29279	238	223	72180	775	0	73416
29280	173	68565	973	936	0	70647
29281	157	68606	1016	280	0	70059
29282	67821	1551	404	128	0	69904
29283	788	1040	204	64082	0	66114
29284	866	68307	187	771	0	70131
29285	69203	830	147	808	0	70988
29286	67689	989	125	200	0	69003
29287	69846	344	109	126	0	70425
29288	1806	196	107	68123	0	70232
29289	1167	168	114	69134	0	70583
29290	442	218	69039	1640	0	71339
29291	336	166	68733	1086	0	70321
29292	67349	117	1651	301	0	69418
29293	916	149	1085	67038	0	69188
29294	1051	132	68020	908	0	70111
29295	66136	117	899	1032	0	68184
29296	890	69665	1093	403	0	72051
29297	70579	819	396	194	0	71988
29298	70517	954	203	223	0	71897
29299	70940	280	201	256	0	71677
29300	1993	156	69084	219	0	71452
29301	68452	167	880	162	0	69661
29302	1255	1241	996	63642	0	67134
29303	1226	66396	389	793	0	68804
29304	573	69128	266	947	0	70914
29305	68847	1606	231	285	0	70969
29306	68883	1083	233	182	0	70381
29307	69999	324	179	208	0	70710
29308	2038	277	159	67381	0	69855
29309	1374	269	152	68052	0	69847
29310	637	241	153	64863	0	65894
29311	501	67484	172	1827	0	69984
29312	66856	896	177	1151	0	69080
29313	67438	1035	146	418	0	69037
29314	68720	396	128	357	0	69601
29315	2125	268	67710	343	0	70446
29316	68780	274	880	261	0	70195
29317	1422	308	1020	63804	0	66554
29318	1386	67233	399	895	0	69913
29319	66662	933	224	1014	0	68833
29320	66193	1088	223	384	0	67888
29321	2106	390	67442	244	0	70182
29322	1551	235	949	64255	0	66990
29323	639	67582	1088	988	0	70297
29324	68923	1016	378	1059	0	71376
29325	1352	1117	253	68547	0	71269
29326	1453	428	257	67656	0	69794
29327	652	310	251	68966	0	70179
29328	516	327	244	70795	0	71882
29329	571	336	69437	2180	0	72524
29330	545	69468	1020	1541	0	72574
29331	574	1104	1124	69046	0	71848
29332	559	1214	70331	1271	0	73375
29333	69058	469	1068	1435	0	72030
29334	71162	346	1236	614	0	73358
29335	2179	368	488	70727	0	73762
29336	71949	363	397	1196	0	73905
29337	72796	322	311	1382	0	74811
29338	2384	339	72432	622	0	75777
29339	1734	71941	1186	451	0	75312
29340	72416	1045	1226	447	0	75134
29341	1503	1194	471	72267	0	75435
29342	74110	451	403	1172	0	76136
29343	1646	342	357	73138	0	75483
29344	1619	334	365	73713	0	76031
29345	882	377	72453	2160	0	75872
29346	64922	354	1077	1725	0	68078
29347	1444	72810	1208	827	0	76289
29348	1659	1079	72501	624	0	75863
29349	804	73120	1128	643	0	75695
29350	71553	1190	1258	505	0	74506
29351	1515	1199	452	70845	0	74011
29352	71244	441	311	1252	0	73248
29353	1505	70755	396	1463	0	74119
29354	72645	1111	335	626	0	74717
29355	72890	1196	332	480	0	74898
29356	73606	414	328	483	0	74831
29357	72815	277	342	438	0	73872
29358	2595	71392	321	483	0	74791
29359	70836	1007	300	402	0	72545
29360	1742	1190	279	69082	0	72293
29361	1755	720	233	66931	0	69639
29362	965	64280	248	1834	0	67327
29363	815	63506	255	1255	0	65831
29364	773	60962	209	485	0	62429
29365	56348	1457	424	364	0	58593
29366	892	52434	182	307	0	53815
29367	782	47609	206	271	0	48868
29368	46726	866	719	228	0	48539
29369	45167	500	118	171	0	45956
29370	935	45931	119	206	0	47191
29371	45120	407	103	157	0	45787
29372	573	456	43498	145	0	44672
29373	42268	173	351	178	0	42970
29374	578	189	43249	174	0	44190
29375	466	39628	265	142	0	40501
29376	217	40120	322	153	0	40812
29377	722	800	333	37797	0	39652
29378	39239	252	126	272	0	39889
29379	39920	101	49	278	0	40348
29380	40647	100	75	135	0	40957
29381	40652	113	75	123	0	40963
29382	40036	111	65	132	0	40344
29383	505	119	38892	146	0	39662
29384	343	138	37835	123	0	38439
29385	38761	126	356	117	0	39360
29386	318	40204	231	147	0	40900
29387	39542	211	135	102	0	39990
29388	40468	214	83	84	0	40849
29389	41702	77	64	133	0	41976
29390	41834	94	59	116	0	42103
29391	41808	81	53	110	0	42052
29392	467	109	41823	106	0	42505
29393	42204	86	206	127	0	42623
29394	42755	105	220	118	0	43198
29395	446	137	42759	134	0	43476
29396	40592	106	192	137	0	41027
29397	41868	98	225	124	0	42315
29398	465	135	44292	116	0	45008
29399	360	133	43918	100	0	44511
29400	200	45108	366	130	0	45804
29401	259	242	249	45014	0	45764
29402	256	278	45556	209	0	46299
29403	45374	127	205	250	0	45956
29404	358	135	231	48660	0	49384
29405	373	119	50191	217	0	50900
29406	48660	99	228	253	0	49240
29407	50348	99	239	83	0	50769
29408	50731	107	89	91	0	51018
29409	514	52226	81	170	0	52991
29410	413	240	69	50864	0	51586
29411	230	52637	81	262	0	53210
29412	52557	253	102	276	0	53188
29413	51846	317	109	100	0	52372
29414	533	135	52137	73	0	52878
29415	333	51003	204	89	0	51629
29416	177	50979	248	68	0	51472
29417	191	364	105	50166	0	50826
29418	183	271	70	50563	0	51087
29419	50045	105	49	328	0	50527
29420	314	50503	63	329	0	51209
29421	356	50698	46	98	0	51198
29422	308	388	50070	79	0	50845
29423	179	51611	200	64	0	52054
29424	50543	210	266	62	0	51081
29425	309	254	50252	46	0	50861
29426	41139	79	251	136	0	41605
29427	257	91	48932	52	0	49332
29428	37794	86	216	195	0	38291
29429	175	50316	175	79	0	50745
29430	51706	185	56	43	0	51990
29431	288	232	53795	23	0	54338
29432	52965	80	258	50	0	53353
29433	53702	52	288	45	0	54087
29434	481	59	55437	23	0	56000
29435	54986	50	208	35	0	55279
29436	57327	28	247	41	0	57643
29437	56303	37	42	22	0	56404
29438	486	56126	70	75	0	56757
29439	57334	235	65	40	0	57674
29440	360	323	59009	20	0	59712
29441	327	61117	263	128	0	61835
29442	61741	278	393	55	0	62467
29443	60850	326	79	40	0	61295
29444	61634	55	46	30	0	61765
29445	634	61950	64	122	0	62770
29446	435	310	62	69205	0	70012
29447	162	407	69271	397	0	70237
29448	110	61	427	69129	0	69727
29449	127	97	71448	474	0	72146
29450	66339	50	491	565	0	67445
29451	494	71717	611	158	0	72980
29452	659	490	84	69408	0	70641
29453	119	72780	121	461	0	73481
29454	158	526	46	72815	0	73545
29455	117	632	48	71750	0	72547
29456	108	74524	73	1096	0	75801
29457	109	564	63	75009	0	75745
29458	129	688	53	76124	0	76994
29459	101	77719	89	1208	0	79117
29460	129	79152	98	782	0	80161
29461	130	1262	76	78729	0	80197
29462	191	824	78867	627	0	80509
29463	142	79921	621	871	0	81555
29464	134	690	757	78630	0	80211
29465	254	835	82497	642	0	84228
29466	126	83080	678	892	0	84776
29467	82085	703	835	186	0	83809
29468	745	907	82233	116	0	84001
29469	79865	195	676	160	0	80896
29470	726	161	834	80966	0	82687
29471	877	187	132	81446	0	82642
29472	204	143	126	82177	0	82650
29473	198	197	81179	1488	0	83062
29474	213	209	80639	926	0	81987
29475	74687	192	1499	281	0	76659
29476	719	198	908	80401	0	82226
29477	950	199	81125	769	0	83043
29478	78200	179	753	954	0	80086
29479	802	196	893	79521	0	81412
29480	938	187	214	79922	0	81261
29481	267	219	171	78776	0	79433
29482	201	80200	211	1620	0	82232
29483	249	792	161	76251	0	77453
29484	185	79416	217	869	0	80687
29485	194	80479	213	1000	0	81886
29486	79070	1508	201	298	0	81077
29487	76510	974	210	290	0	77984
29488	78846	247	189	291	0	79573
29489	1493	77280	246	378	0	79397
29490	77369	786	171	282	0	78608
29491	77017	924	191	308	0	78440
29492	1529	268	201	75297	0	77295
29493	998	245	199	75796	0	77238
29494	312	287	74937	1691	0	77227
29495	225	75596	835	1175	0	77831
29496	74417	846	958	386	0	76607
29497	73266	947	307	325	0	74845
29498	1521	73005	248	419	0	75193
29499	72792	847	270	363	0	74272
29500	71290	945	216	388	0	72839
29501	1541	329	208	69686	0	71764
29502	1018	70599	241	937	0	72795
29503	338	71252	225	1113	0	72928
29504	69224	1437	233	438	0	71332
29505	850	1020	194	67819	0	69883
29506	978	380	67575	952	0	69885
29507	64655	305	776	1112	0	66848
29508	886	366	68756	442	0	70450
29509	973	66828	838	470	0	69109
29510	66177	817	930	420	0	68344
29511	892	978	66537	474	0	68881
29512	969	419	805	66187	0	68380
29513	392	383	68903	999	0	70677
29514	346	68462	876	1259	0	70943
29515	387	902	924	67993	0	70206
29516	352	1040	68250	998	0	70640
29517	63235	389	828	1165	0	65617
29518	853	69096	928	560	0	71437
29519	1009	946	270	64955	0	67180
29520	356	69634	289	994	0	71273
29521	67734	961	283	1023	0	70001
29522	66891	1034	245	534	0	68704
29523	1492	67460	339	589	0	69880
29524	1052	978	370	64704	0	67104
29525	377	67835	303	925	0	69440
29526	66305	924	391	1090	0	68710
29527	976	1027	66454	492	0	68949
29528	1059	523	65316	409	0	67307
29529	408	63964	1375	439	0	66186
29530	371	63124	992	385	0	64872
29531	452	1376	432	60792	0	63052
29532	60553	890	285	761	0	62489
29533	60797	291	312	883	0	62283
29534	59177	256	304	354	0	60091
29535	1428	60906	305	453	0	63092
29536	960	639	266	57539	0	59404
29537	399	60369	290	765	0	61823
29538	59520	660	284	887	0	61351
29539	813	756	281	58364	0	60214
29540	879	277	56638	745	0	58539
29541	319	55385	665	914	0	57283
29542	53845	624	695	299	0	55463
29543	774	682	54213	250	0	55919
29544	52321	292	532	322	0	53467
29545	718	53429	586	362	0	55095
29546	512	46676	148	184	0	47520
29547	45396	669	141	156	0	46362
29548	416	46971	126	179	0	47692
29549	44824	366	170	120	0	45480
29550	375	45495	127	140	0	46137
29551	45180	361	214	105	0	45860
29552	44799	386	161	92	0	45438
29553	615	198	45866	108	0	46787
29554	419	155	44228	76	0	44878
29555	165	44561	464	115	0	45305
29556	42897	304	541	83	0	43825
29557	299	295	42354	66	0	43014
29558	39094	159	258	75	0	39586
29559	249	295	262	38982	0	39788
29560	229	75	39908	139	0	40351
29561	121	98	38746	144	0	39109
29562	136	94	40259	64	0	40553
29563	61	39945	263	50	0	40319
29564	498	765	463	37313	0	39039
29565	36509	93	64	108	0	36774
29566	75	14	20	37084	0	37193
29567	37467	17	39	82	0	37605
29568	96	19	15	37625	0	37755
29569	38285	22	17	111	0	38435
29570	38488	30	37	144	0	38699
29571	43177	20	25	47	0	43269
29572	279	44918	30	58	0	45285
29573	238	223	45831	24	0	46316
29574	52	196	208	45530	0	45986
29575	203	323	327	31602	0	32455
29576	55	31	25	47395	0	47506
29577	44	44	22	46604	0	46714
29578	68	46256	63	491	0	46878
29579	64	240	45454	278	0	46036
29580	40	46704	263	105	0	47112
29581	54	353	253	44083	0	44743
29582	47	287	37	46544	0	46915
29583	49	52	39	47076	0	47216
29584	45	68	48	46501	0	46662
29585	52	45834	50	528	0	46464
29586	47	45933	70	317	0	46367
29587	81	495	45099	75	0	45750
29588	42	277	267	45276	0	45862
29589	45	80	260	46111	0	46496
29590	56	63	44	47269	0	47432
29591	47318	77	39	548	0	47982
29592	302	47830	55	373	0	48560
29593	326	314	47607	96	0	48343
29594	47019	298	285	94	0	47696
29595	313	74	273	48179	0	48839
29596	49424	69	49	346	0	49888
29597	338	65	47	49765	0	50215
29598	50232	87	49	346	0	50714
29599	349	76	51	50197	0	50673
29600	49830	49	85	343	0	50307
29601	359	72	51544	335	0	52310
29602	337	63	305	50062	0	50767
29603	107	52679	320	331	0	53437
29604	114	304	69	53392	0	53879
29605	52749	334	67	375	0	53525
29606	343	54004	101	431	0	54879
29607	379	355	67	54959	0	55760
29608	104	55683	85	424	0	56296
29609	88	402	66	55991	0	56547
29610	125	414	58	56033	0	56630
29611	132	143	55349	779	0	56403
29612	104	111	384	54083	0	54682
29613	139	113	54051	479	0	54782
29614	81	53117	446	617	0	54261
29615	52603	400	401	208	0	53612
29616	444	421	53184	195	0	54244
29617	51286	88	438	181	0	51993
29618	54455	77	435	170	0	55137
29619	786	99	126	54937	0	55948
29620	471	133	57232	495	0	58331
29621	54702	89	515	566	0	55872
29622	59182	63	495	225	0	59965
29623	903	75	110	58028	0	59116
29624	556	85	79	58283	0	59003
29625	151	59243	111	1029	0	60534
29626	148	565	99	57849	0	58661
29627	135	59735	128	646	0	60644
29628	165	549	58709	589	0	60012
29629	107	536	445	57752	0	58840
29630	56816	129	482	606	0	58033
29631	57154	103	77	579	0	57913
29632	856	57936	98	292	0	59182
29633	490	508	83	57915	0	58996
29634	58315	484	91	534	0	59424
29635	486	57013	94	604	0	58197
29636	57332	470	62	238	0	58102
29637	535	500	71	59168	0	60274
29638	61774	127	64	645	0	62610
29639	656	171	66230	676	0	67733
29640	605	67307	643	279	0	68834
29641	65984	700	644	198	0	67526
29642	647	69018	180	294	0	70139
29643	69790	668	131	226	0	70815
29644	70192	662	88	231	0	71173
29645	1357	197	70854	232	0	72640
29646	806	143	670	68844	0	70463
29647	71443	140	695	820	0	73098
29648	814	160	71272	794	0	73040
29649	70806	137	747	228	0	71918
29650	792	128	691	71296	0	72907
29651	808	139	70893	836	0	72676
29652	200	109	716	70091	0	71116
29653	68968	121	724	842	0	70655
29654	802	163	71664	812	0	73441
29655	801	155	707	71316	0	72979
29656	246	149	724	72175	0	73294
29657	72411	92	181	1427	0	74111
29658	71087	90	154	905	0	72236
29659	1383	73997	207	424	0	76011
29660	899	705	135	73206	0	74945
29661	354	718	179	73177	0	74428
29662	299	189	158	72835	0	73481
29663	71765	140	150	1452	0	73507
29664	71708	158	192	871	0	72929
29665	1531	175	130	70479	0	72315
29666	983	71054	159	869	0	73065
29667	407	846	158	66595	0	68006
29668	369	71722	195	820	0	73106
29669	69572	729	144	861	0	71306
29670	940	69145	225	333	0	70643
29671	64324	598	210	231	0	65363
29672	842	671	144	62751	0	64408
29673	62535	151	197	664	0	63547
29674	837	152	62816	734	0	64539
29675	789	64115	627	380	0	65911
29676	63484	629	775	312	0	65200
29677	63674	567	243	299	0	64783
29678	1203	175	187	61472	0	63037
29679	792	63537	218	743	0	65290
29680	387	592	173	65658	0	66810
29681	359	575	187	65449	0	66570
29682	368	205	176	65718	0	66467
29683	65496	173	152	1218	0	67039
29684	65493	197	167	829	0	66686
29685	1311	212	138	63142	0	64803
29686	892	65555	158	857	0	67462
29687	66194	569	162	799	0	67724
29688	845	619	66106	441	0	68011
29689	891	277	556	65927	0	67651
29690	470	212	67437	846	0	68965
29691	406	254	608	66489	0	67757
29692	436	266	68299	870	0	69871
29693	431	266	639	67233	0	68569
29694	67751	249	631	849	0	69480
29695	67154	261	210	853	0	68478
29696	1396	66604	223	430	0	68653
29697	67974	665	199	437	0	69275
29698	975	714	212	67645	0	69546
29699	1011	293	225	67467	0	68996
29700	68313	293	353	1232	0	70191
29701	1077	315	68316	906	0	70614
29702	1081	316	68599	485	0	70481
29703	645	325	69498	510	0	70978
29704	64971	260	1145	577	0	66953
29705	1009	277	70991	612	0	72889
29706	1084	237	68092	563	0	69976
29707	64363	258	1119	566	0	66306
29708	942	70597	710	638	0	72887
29709	961	601	292	71561	0	73415
29710	620	653	252	72275	0	73800
29711	595	281	74441	1251	0	76568
29712	72145	258	606	990	0	73999
29713	74469	224	717	610	0	76020
29714	72540	191	381	668	0	73780
29715	1241	235	75441	679	0	77596
29716	70905	206	692	680	0	72483
29717	1016	275	73274	603	0	75168
29718	938	73758	611	677	0	75984
29719	637	74012	581	631	0	75861
29720	71171	891	279	539	0	72880
29721	777	71177	235	646	0	72835
29722	781	71795	223	641	0	73440
29723	70836	814	241	603	0	72494
29724	766	72027	275	639	0	73707
29725	71850	525	227	553	0	73155
29726	930	538	220	73843	0	75531
29727	875	321	258	74553	0	76007
29728	525	306	304	75017	0	76152
29729	498	410	276	72679	0	73863
29730	545	74457	327	1088	0	76417
29731	74684	591	321	735	0	76331
29732	801	81358	350	531	0	83040
29733	874	81083	387	660	0	83004
29734	729	1083	85615	447	0	87874
29735	77738	634	907	540	0	79819
29736	1160	312	90407	393	0	92272
29737	1143	270	90434	309	0	92156
29738	479	90569	1234	417	0	92699
29739	246	89943	711	308	0	91208
29740	86050	1178	486	203	0	87917
29741	658	92426	232	340	0	93656
29742	780	719	95953	177	0	97629
29743	204	85754	850	287	0	87095
29744	254	604	95504	117	0	96479
29745	181	599	93378	56	0	94214
29746	85370	174	1404	135	0	87083
29747	695	122	93616	152	0	94585
29748	636	76	716	89005	0	90433
29749	88219	68	673	600	0	89560
29750	574	88519	206	879	0	90178
29751	637	606	91278	159	0	92680
29752	88240	568	685	93	0	89586
29753	672	149	698	82626	0	84145
29754	628	82138	235	600	0	83601
29755	175	549	88377	780	0	89881
29756	83563	546	684	151	0	84944
29757	721	121	89556	116	0	90514
29758	670	72	726	84291	0	85759
29759	187	106	87646	639	0	88578
29760	90	59	716	85566	0	86431
29761	84698	45	694	748	0	86185
29762	610	87047	179	778	0	88614
29763	87322	599	140	139	0	88200
29764	785	661	87847	91	0	89384
29765	693	126	690	84712	0	86221
29766	175	102	89633	632	0	90542
29767	85184	67	775	677	0	86703
29768	87405	70	724	127	0	88326
29769	1242	89410	216	242	0	91110
29770	90197	653	156	65	0	91071
29771	89404	655	130	64	0	90253
29772	1340	119	140	87428	0	89027
29773	826	115	89294	656	0	90891
29774	196	85293	744	891	0	87124
29775	181	655	686	84119	0	85641
29776	85103	658	169	650	0	86580
29777	735	168	86282	665	0	87850
29778	790	125	86017	135	0	87067
29779	168	99	85006	96	0	85369
29780	80440	90	1392	117	0	82039
29781	761	110	84670	84	0	85625
29782	80146	93	833	96	0	81168
29783	810	137	79397	84	0	80428
29784	717	82305	757	180	0	83959
29785	199	724	724	80678	0	82325
29786	202	738	81847	654	0	83441
29787	100	80567	817	744	0	82228
29788	128	81543	756	215	0	82642
29789	150	1322	219	79922	0	81613
29790	79537	780	190	655	0	81162
29791	700	236	156	79943	0	81035
29792	77907	190	158	742	0	78997
29793	793	187	157	77957	0	79094
29794	795	205	77548	760	0	79308
29795	281	187	77316	709	0	78493
29796	73644	147	1490	190	0	75471
29797	75347	146	917	138	0	76548
29798	1396	188	74777	115	0	76476
29799	70714	217	960	126	0	72017
29800	947	325	73922	103	0	75297
29801	854	70790	1012	130	0	72786
29802	322	70385	945	145	0	71797
29803	285	69115	489	118	0	70007
29804	284	1476	434	67141	0	69335
29805	66635	916	396	698	0	68645
29806	66762	339	415	697	0	68213
29807	1449	331	355	66137	0	68272
29808	926	328	62726	732	0	64712
29809	359	266	1028	61738	0	63391
29810	356	252	61833	848	0	63289
29811	311	237	1140	59043	0	60731
29812	58390	155	1103	861	0	60509
29813	58672	151	548	788	0	60159
29814	58886	163	461	294	0	59804
29815	58422	159	413	283	0	59277
29816	1616	183	396	56451	0	58646
29817	1051	163	362	57056	0	58632
29818	56580	208	341	1400	0	58529
29819	57027	202	355	864	0	58448
29820	1598	171	328	56047	0	58144
29821	1039	158	344	56345	0	57886
29822	477	156	292	55380	0	56305
29823	399	185	353	55507	0	56444
29824	53823	135	366	1515	0	55839
29825	1027	108	52967	947	0	55049
29826	934	136	932	50509	0	52511
29827	50070	123	897	918	0	52008
29828	989	153	49692	871	0	51705
29829	996	251	846	49156	0	51249
29830	519	213	49663	822	0	51217
29831	441	46008	966	1420	0	48835
29832	562	755	878	39621	0	41816
29833	36648	552	349	640	0	38189
29834	629	1078	316	31466	0	33489
29835	659	31525	243	541	0	32968
29836	327	28653	171	447	0	29598
29837	250	23362	135	145	0	23892
29838	239	21649	200	143	0	22231
29839	12356	1392	1481	957	0	16186
29840	601	549	356	8719	0	10225
29841	131	12	7137	110	0	7390
29842	55	25	93	6487	0	6660
29843	47	15	6437	94	0	6593
29844	6329	10	90	82	0	6511
29845	120	10	74	6293	0	6497
29846	112	14	18	6362	0	6506
29847	48	11	18	6345	0	6422
29848	45	18	20	6369	0	6452
29849	6261	23	11	153	0	6448
29850	6270	16	19	103	0	6408
29851	150	17	11	6157	0	6335
29852	5976	17	17	108	0	6118
29853	80	14	5865	131	0	6090
29854	93	5790	71	59	0	6013
29855	41	62	79	5702	0	5884
29856	39	59	37	5485	0	5620
29857	42	5583	30	140	0	5795
29858	41	60	29	5429	0	5559
29859	33	171	33	5280	0	5517
29860	5263	10	42	135	0	5450
29861	80	14	4975	77	0	5146
29862	55	14	4548	42	0	4659
29863	4375	11	101	35	0	4522
29864	69	11	4127	28	0	4235
29865	2164	24	173	19	0	2380
29866	1776	4	81	14	0	1875
29867	47	53	17	1389	0	1506
29868	14	5	1102	26	0	1147
29869	843	11	29	13	0	896
29870	28	828	11	5	0	872
29871	416	60	89	21	0	586
29872	274	20	41	34	0	369
29873	105	6	6	2	0	119
29874	71	0	0	0	0	71
29875	58	2	4	1	0	65
29876	60	1	0	0	0	61
29877	56	3	0	1	0	60
29878	57	0	1	0	0	58
29879	57	0	0	1	0	58
29880	55	0	1	0	0	56
29881	53	0	0	1	0	54
29882	53	0	0	0	0	53
29883	51	0	0	0	0	51
29884	51	0	0	0	0	51
29885	48	0	0	0	0	48
29886	46	0	0	1	0	47
29887	44	0	0	1	0	45
29888	46	0	0	1	0	47
29889	44	0	0	1	0	45
29890	43	0	0	1	0	44
29891	41	0	0	3	0	44
29892	39	0	0	1	0	40
29893	37	0	0	0	0	37
29894	39	0	0	0	0	39
29895	37	0	0	0	0	37
29896	39	0	0	0	0	39
29897	39	0	1	0	0	40
29898	40	0	0	0	0	40
29899	40	0	0	0	0	40
29900	29	0	0	0	0	29
29901	20	0	0	0	0	20
29902	13	0	0	0	0	13
29903	3	0	0	0	0	3
