Pos	A	C	G	T	Other	Total
1	53	0	0	0	0	53
2	0	0	0	83	0	83
3	0	0	0	107	0	107
4	154	0	0	0	0	154
5	291	0	0	1	0	292
6	311	0	0	1	0	312
7	2	0	325	0	0	327
8	1	0	362	0	0	363
9	1	0	2	407	0	410
10	1	0	0	444	0	445
11	1	0	0	492	0	493
12	1565	0	0	47	0	1612
13	19	20	0	4036	0	4075
14	8465	2	2	270	0	8739
15	19	13657	6	7	0	13689
16	21	24191	10	55	0	24277
17	262	9	31	56983	0	57285
18	293	37	12	61293	0	61635
19	60	79269	32	91	0	79452
20	54	84984	43	105	0	85186
21	30	95318	35	135	0	95518
22	101532	36	43	1019	0	102630
23	98	98	103593	15	0	103804
24	107	167	101209	26	0	101509
25	238	37	51	113404	0	113730
26	124199	7	15	917	0	125138
27	125921	8	27	681	0	126637
28	96	126892	57	132	0	127177
29	156009	61	38	1389	0	157497
30	168324	16	22	1520	0	169882
31	172986	17	47	1081	0	174131
32	79	174855	70	179	0	175183
33	45	180013	82	204	0	180344
34	187293	37	28	963	0	188321
35	188969	19	55	971	0	190014
36	93	192801	99	190	0	193183
37	49	207379	98	540	0	208066
38	210321	52	13	1075	0	211461
39	210003	49	18	793	0	210863
40	85	212257	97	173	0	212612
41	247	71	17	222409	0	222744
42	265	38	19	223793	0	224115
43	330	30	31	221683	0	222074
44	59	218986	93	324	0	219462
45	185	298	217052	87	0	217622
46	198335	80	193	654	0	199262
47	223	31	23	227395	0	227672
48	69	226440	117	197	0	226823
49	162	118	10	231303	0	231593
50	68	230514	123	249	0	230954
51	228	177	24	231879	0	232308
52	251	119	11	235859	0	236240
53	138	254	237208	174	0	237774
54	405	53	116	232256	0	232830
55	236306	30	82	884	0	237302
56	271	260	233671	89	0	234291
57	223981	55	189	816	0	225041
58	298	42	65	240810	0	241215
59	90	240941	101	251	0	241383
60	228	172	35	245054	0	245489
61	119	254	244959	229	0	245561
62	495	83	170	237225	0	237973
63	263	44	57	245626	0	245990
64	58	249313	127	308	0	249806
65	277	211	31	253268	0	253787
66	163	248307	148	446	0	249064
67	194	261	26	253794	0	254275
68	251102	81	26	1313	0	252522
69	242951	80	111	1289	0	244431
70	245787	47	69	1310	0	247213
71	614	252202	134	422	0	253372
72	358	484	246540	215	0	247597
73	234604	124	367	1293	0	236388
74	256062	78	115	1157	0	257412
75	633	263898	193	340	0	265064
76	673	778	51	239582	0	241084
77	728	321	41	246130	0	247220
78	779	232	79	236957	0	238047
79	229000	216	14850	3382	0	247448
80	242418	121	139	2344	0	245022
81	243649	79	83	2002	0	245813
82	248738	95	104	1681	0	250618
83	2753	443	44	247926	0	251166
84	1130	248272	156	1799	0	251357
85	1207	1418	50	255434	0	258109
86	816	757	255456	1908	0	258937
87	1546	345	1629	257498	0	261018
88	678	431	267349	2595	0	271053
89	1310	283	2349	263434	0	267376
90	369	449	274587	3143	0	278548
91	609	415	265107	1509	0	267640
92	309	283250	3439	1365	0	288363
93	1440	2664	1409	296269	0	301782
94	741	1088	309766	3143	0	314738
95	1468	534	3309	302352	0	307663
96	414	309575	1525	3434	0	314948
97	311133	2981	983	3653	0	318750
98	2914	327676	959	1164	0	332713
99	2024	3476	677	323169	0	329346
100	666	330746	768	3190	0	335370
101	733	3761	318835	1685	0	325014
102	840	1750	310629	1342	0	314561
103	411	321531	4250	1486	0	327678
104	1366	3541	1888	329745	0	336540
105	885	1942	330548	3875	0	337250
106	439	327216	3890	1967	0	333512
107	326075	3630	1644	3102	0	334451
108	3941	1744	1352	332001	0	339038
109	1584	1397	342599	3537	0	349117
110	978	342980	3649	1845	0	349452
111	1667	3749	1513	346560	0	353489
112	1532	1872	1144	346483	0	351031
113	335446	1361	1004	7093	0	344904
114	3386	1465	340417	2254	0	347522
115	2377	967	3716	335894	0	342954
116	944	1114	332875	4029	0	338962
117	657	310505	4160	2306	0	317628
118	300205	3734	1990	3409	0	309338
119	3189	299463	1659	1619	0	305930
120	2260	4105	1146	291899	0	299410
121	1158	293446	1228	3446	0	299278
122	283916	4105	1059	3389	0	292469
123	3394	289434	1250	1706	0	295784
124	1711	4639	281326	1271	0	288947
125	1199	283843	3568	1465	0	290075
126	272095	4365	1694	2658	0	280812
127	3874	2388	278980	1396	0	286638
128	2444	1726	4117	277375	0	285662
129	263837	1374	2123	5051	0	272385
130	4588	1399	1560	255905	0	263452
131	257961	1377	1312	5655	0	266305
132	260285	1328	1117	3287	0	266017
133	6237	1375	960	258273	0	266845
134	3440	1271	914	259866	0	265491
135	255002	1292	817	6852	0	263963
136	251605	1186	848	3872	0	257511
137	6418	1324	850	247879	0	256471
138	247425	1174	990	6052	0	255641
139	248184	1225	961	3710	0	254080
140	6214	247139	1097	2331	0	256781
141	3663	4194	1072	249525	0	258454
142	249057	1871	1075	6351	0	258354
143	252747	1439	914	3709	0	258809
144	6923	1179	916	250698	0	259716
145	4045	1107	908	254731	0	260791
146	251259	1052	826	7149	0	260286
147	5535	252361	915	3701	0	262512
148	3609	4301	788	252787	0	261485
149	2839	2245	250725	5576	0	261385
150	3282	1413	3923	243501	0	252119
151	2231	247814	1908	5762	0	257715
152	2227	4417	246635	3210	0	256489
153	2885	2145	4223	242435	0	251688
154	3308	1837	2104	229500	0	236749
155	1930	1591	246855	6584	0	256960
156	224824	1220	4538	5077	0	235659
157	5085	251986	2302	3180	0	262553
158	252083	4515	1611	4021	0	262230
159	5675	2403	250890	2661	0	261629
160	3308	1908	253307	2330	0	260853
161	238598	1612	5372	3476	0	249058
162	5249	259923	2701	2545	0	270418
163	258774	4510	1940	3299	0	268523
164	5543	263200	1715	2126	0	272584
165	3244	5328	262635	1906	0	273113
166	251919	2547	4684	3423	0	262573
167	5659	1953	270313	1988	0	279913
168	3782	1600	4774	267070	0	277226
169	269580	1442	2526	6201	0	279749
170	267710	1388	1814	3941	0	274853
171	6214	266083	1776	2270	0	276343
172	4146	6637	1571	259250	0	271604
173	2805	264235	1683	4602	0	273325
174	2596	4380	259234	2632	0	268842
175	3409	3754	3823	242283	0	253269
176	2197	238278	1910	3876	0	246261
177	2341	3461	1181	241551	0	248534
178	225773	1616	1098	4315	0	232802
179	3733	1199	932	235125	0	240989
180	1999	235461	1006	3561	0	242027
181	2228	2718	865	237407	0	243218
182	2026	1404	896	236397	0	240723
183	1657	235479	868	3891	0	241895
184	2204	3090	752	236619	0	242665
185	1612	1609	232116	3538	0	238875
186	1423	227995	2568	2199	0	234185
187	212398	2215	1053	2641	0	218307
188	2560	1343	219867	1180	0	224950
189	1599	1095	212475	1032	0	216201
190	1259	211242	2252	1017	0	215770
191	2266	2752	1515	203589	0	210122
192	978	900	199106	1785	0	202769
193	1256	151060	1966	1369	0	155651
194	1253	1342	655	177466	0	180716
195	1068	748	543	182659	0	185018
196	177464	562	443	2782	0	181251
197	1490	178333	552	1141	0	181516
198	955	1566	164241	783	0	167545
199	818	954	165372	779	0	167923
200	1027	719	1604	164732	0	168082
201	1209	699	790	197477	0	200175
202	1078	587	590	201904	0	204159
203	571	234317	698	4537	0	240123
204	779	5439	241232	2321	0	249771
205	1735	2719	5373	250428	0	260255
206	565	257543	2802	6710	0	267620
207	510	282272	1600	3445	0	287827
208	681	10118	293444	1985	0	306228
209	1857	4498	8863	286209	0	301427
210	744	2446	322712	9720	0	335622
211	2115	1508	11547	315462	0	330632
212	2034	1356	5707	332260	0	341357
213	992	1186	327508	15356	0	345042
214	475	322233	11796	8066	0	342570
215	314809	10505	6091	5604	0	337009
216	10508	5460	324433	3077	0	343478
217	4853	321155	11971	2888	0	340867
218	2437	339298	6459	2449	0	350643
219	1706	15849	325083	2094	0	344732
220	311594	8101	12629	2906	0	335230
221	12775	5070	6651	292461	0	316957
222	5369	327024	4582	9594	0	346569
223	324919	12854	3119	6272	0	347164
224	13518	7064	3153	308126	0	331861
225	6170	322569	2942	12197	0	343878
226	324806	12996	2638	8164	0	348604
227	12352	7244	320681	4371	0	344648
228	6392	323997	12397	3291	0	346077
229	315408	13359	7022	3929	0	339718
230	12163	321779	4694	2929	0	341565
231	314368	15340	3320	3169	0	336197
232	14516	9476	3082	298895	0	325969
233	7022	307902	3855	11073	0	329852
234	6025	13493	3045	310816	0	333379
235	305211	7589	3289	15715	0	331804
236	12393	5799	300221	8586	0	326999
237	7650	4766	308091	5661	0	326168
238	6506	3880	16806	294512	0	321704
239	4939	4656	8996	303831	0	322422
240	5418	4345	5731	298003	0	313497
241	3318	293473	5501	17676	0	319968
242	3168	13870	290120	9651	0	316809
243	4868	8558	13204	277087	0	303717
244	3205	277036	8157	13606	0	302004
245	4193	297561	5383	8048	0	315185
246	3824	17035	290031	6150	0	317040
247	3511	11051	290015	4903	0	309480
248	3683	7552	300578	4618	0	316431
249	4847	5630	19017	288037	0	317531
250	3555	5738	299711	13108	0	322112
251	4666	4896	17103	293124	0	319789
252	3611	4759	300323	15494	0	324187
253	273635	4919	16555	10330	0	305439
254	13284	302009	9586	7335	0	332214
255	7554	332662	6518	5536	0	352270
256	5762	19974	343095	4923	0	373754
257	332687	10838	16525	6221	0	366271
258	351552	7950	9361	5356	0	374219
259	353549	6471	7043	5367	0	372430
260	22578	5705	331776	4674	0	364733
261	11793	4808	344396	4972	0	365969
262	8526	4535	23087	331149	0	367297
263	337519	4622	12725	18360	0	373226
264	343506	4931	9120	11442	0	368999
265	21568	4871	329876	8396	0	364711
266	332242	5211	19604	7197	0	364254
267	20693	5437	12546	325606	0	364282
268	10893	6025	333841	18296	0	369055
269	7386	6324	337932	10786	0	362428
270	311018	5695	25780	9242	0	351735
271	17340	5201	338320	7414	0	368275
272	327852	4470	24081	7595	0	363998
273	20058	4424	338973	6898	0	370353
274	11269	314218	25176	7379	0	358042
275	8229	340060	16730	6724	0	371743
276	8625	21118	12805	318373	0	360921
277	8174	12218	11331	344330	0	376053
278	8031	8500	337302	22134	0	375967
279	8422	7127	23039	321100	0	359688
280	8200	315502	15264	19621	0	358587
281	8447	329605	11603	12058	0	361713
282	8655	346711	10894	8344	0	374604
283	10007	24205	10418	328423	0	373053
284	9179	13989	332749	17799	0	373716
285	8742	9631	338957	11316	0	368646
286	9869	8375	25679	325575	0	369498
287	9649	7661	15672	334666	0	367648
288	10482	7600	11289	314603	0	343974
289	9692	327356	9228	23229	0	369505
290	329358	18220	8876	14124	0	370578
291	332411	11262	8738	10940	0	363351
292	24264	328336	8934	9207	0	370741
293	14742	18686	332884	8300	0	374612
294	335606	11893	20142	8176	0	375817
295	22195	9268	342034	7012	0	380509
296	337852	7878	22523	7196	0	375449
297	346216	7092	14301	8153	0	375762
298	346188	7015	11435	8170	0	372808
299	340965	5977	10148	9391	0	366481
300	25973	334026	9548	9723	0	379270
301	301998	14297	7612	9444	0	333351
302	18629	301246	7559	8921	0	336355
303	262240	13384	6278	6156	0	288058
304	15275	256023	6047	5521	0	282866
305	8967	11354	232867	3609	0	256797
306	6816	23475	10811	195876	0	236978
307	5105	210912	7703	8792	0	232512
308	4827	206661	4593	5168	0	221249
309	189410	9983	7300	6422	0	213115
310	173492	3465	2493	2646	0	182096
311	8028	178088	2588	1761	0	190465
312	4752	5273	2500	167972	0	180497
313	3662	184449	2344	4600	0	195055
314	187613	5765	2093	2656	0	198127
315	7735	2774	185819	1603	0	197931
316	5182	2532	6032	179138	0	192884
317	4242	1819	3401	181439	0	190901
318	3793	1677	2850	185942	0	194262
319	3190	2021	181487	6772	0	193470
320	3201	172114	6104	3099	0	184518
321	3539	185711	3324	2139	0	194713
322	3893	6400	2707	187397	0	200397
323	3270	3332	190776	5590	0	202968
324	3332	2937	6038	186548	0	198855
325	2877	2994	3217	192893	0	201981
326	2867	3091	2776	192049	0	200783
327	3069	2994	2139	193317	0	201519
328	186253	2428	2757	8546	0	199984
329	5711	188788	2681	4797	0	201977
330	188288	6068	2936	4098	0	201390
331	6503	3439	188072	3513	0	201527
332	3480	3434	189122	3148	0	199184
333	3542	3176	6413	181206	0	194337
334	2937	2816	3394	187048	0	196195
335	2238	191670	3116	7508	0	204532
336	2382	6118	192147	4462	0	205109
337	2013	194644	6709	4323	0	207689
338	1971	6196	197979	3886	0	210032
339	178838	3056	6715	4543	0	193152
340	5901	198120	3153	3802	0	210976
341	3542	6557	199052	3194	0	212345
342	3797	3875	5944	195454	0	209070
343	2725	3556	200285	6131	0	212697
344	2269	199575	6787	3399	0	212030
345	3097	6268	3819	192444	0	205628
346	2895	198290	3017	6624	0	210826
347	2946	6441	198920	3941	0	212248
348	3581	3335	5840	195860	0	208616
349	196846	2935	2686	7098	0	209565
350	6676	196028	2569	3282	0	208555
351	3979	6840	190823	2480	0	204122
352	3957	6829	5464	180370	0	196620
353	2766	3315	188843	5556	0	200480
354	2179	2345	165053	2564	0	172141
355	1820	155832	5011	2337	0	165000
356	2066	2269	2077	133208	0	139620
357	778	1196	1069	134493	0	137536
358	845	952	798	131966	0	134561
359	612	932	133582	2838	0	137964
360	607	729	130976	1274	0	133586
361	117738	741	2601	1548	0	122628
362	1955	709	131376	727	0	134767
363	119124	465	2051	1181	0	122821
364	2144	127962	949	798	0	131853
365	846	1883	904	124412	0	128045
366	540	130826	855	1798	0	134019
367	342	134547	889	1001	0	136779
368	537	2078	131240	798	0	134653
369	499	1079	2081	128600	0	132259
370	494	900	130960	2066	0	134420
371	373	910	119758	1010	0	122051
372	118904	496	2211	1494	0	123105
373	1588	665	129092	697	0	132042
374	715	561	125157	740	0	127173
375	117127	412	2349	1061	0	120949
376	1693	463	125791	890	0	128837
377	680	696	128356	673	0	130405
378	841	556	2212	121123	0	124732
379	490	128915	1118	1734	0	132257
380	461	1808	1051	131043	0	134363
381	483	768	1020	127526	0	129797
382	131935	649	863	2589	0	136036
383	1687	460	976	129852	0	132975
384	646	134197	1008	2168	0	138019
385	132538	1738	837	1541	0	136654
386	1782	987	133322	901	0	136992
387	123715	700	2094	1351	0	127860
388	2143	609	139531	814	0	143097
389	993	591	141097	670	0	143351
390	600	147903	2837	859	0	152199
391	128491	2188	1547	21852	0	154078
392	1888	154120	1168	1224	0	158400
393	735	2618	152983	886	0	157222
394	1254	1068	2500	141120	0	145942
395	513	156395	1365	2123	0	160396
396	158946	2491	1189	1362	0	163988
397	158341	1214	963	1029	0	161547
398	3002	159302	1016	611	0	163931
399	163129	2809	1005	747	0	167690
400	3104	1172	1137	156319	0	161732
401	1001	159705	1214	2772	0	164692
402	1143	2822	995	165054	0	170014
403	1077	1312	972	174905	0	178266
404	178669	1196	898	3613	0	184376
405	175785	1070	810	1768	0	179433
406	175348	831	873	1367	0	178419
407	4084	854	174183	955	0	180076
408	169913	722	3086	1076	0	174797
409	3929	1108	1400	177680	0	184117
410	1645	776	176486	3232	0	182139
411	1526	633	165720	1387	0	169266
412	1156	170573	3578	1136	0	176443
413	158215	2646	1506	1074	0	163441
414	2718	164408	739	802	0	168667
415	1580	2561	561	164530	0	169232
416	1389	926	582	168028	0	170925
417	1010	603	170079	3234	0	174926
418	1491	468	2740	161006	0	165705
419	948	478	171365	2816	0	175607
420	883	441	160678	1120	0	163122
421	692	169028	3026	928	0	173674
422	1058	2081	1155	164996	0	169290
423	902	850	729	165068	0	167549
424	164680	560	578	2994	0	168812
425	2208	534	164358	1165	0	168265
426	1238	452	2217	167423	0	171330
427	169048	402	1012	3013	0	173475
428	2300	501	169563	1439	0	173803
429	164531	365	2553	1301	0	168750
430	171694	455	1161	1130	0	174440
431	3107	491	176735	742	0	181075
432	1805	429	2486	172120	0	176840
433	1295	397	1305	175644	0	178641
434	871	430	180282	3006	0	184589
435	172076	377	2529	1961	0	176943
436	182522	389	1340	1438	0	185689
437	176861	390	1163	1227	0	179641
438	179737	475	1049	1126	0	182387
439	176968	561	1209	1116	0	179854
440	3991	1098	141668	1671	0	148428
441	1952	847	174467	1045	0	178311
442	1584	178764	2820	1254	0	184422
443	1459	2691	181352	989	0	186491
444	1805	1287	3023	177755	0	183870
445	3345	1530	2330	120026	0	127231
446	1839	982	1218	182370	0	186409
447	2072	819	985	184670	0	188546
448	2057	840	183593	3678	0	190168
449	2010	176116	2741	1899	0	182766
450	2027	184463	1422	1490	0	189402
451	2131	3104	1160	181399	0	187794
452	1385	192452	1136	2992	0	197965
453	192351	3005	951	2497	0	198804
454	191843	1338	921	2460	0	196562
455	4175	200740	1043	1946	0	207904
456	2940	2660	980	202992	0	209572
457	2437	1138	1188	207717	0	212480
458	2055	911	208553	4127	0	215646
459	184541	782	3527	3070	0	191920
460	208952	907	2032	2217	0	214108
461	4586	213461	1780	1698	0	221525
462	215188	3494	1570	2174	0	222426
463	4583	1953	220225	1705	0	228466
464	2624	212047	3785	1893	0	220349
465	2168	221983	2058	1889	0	228098
466	1993	225446	1605	2015	0	231059
467	2380	4768	1455	223041	0	231644
468	221999	2104	1531	5298	0	230932
469	5526	1355	1821	225620	0	234322
470	3326	1253	232915	5318	0	242812
471	2928	1265	5556	231846	0	241595
472	2295	1533	241452	5904	0	251184
473	2558	1510	5971	229676	0	239715
474	2577	1583	3011	227019	0	234190
475	2054	238585	2511	6031	0	249181
476	243140	5293	2228	3766	0	254427
477	6205	2392	2132	236604	0	247333
478	3244	241615	1905	6221	0	252985
479	243485	5273	2123	4051	0	254932
480	197469	2559	2551	4590	0	207169
481	244130	1719	2272	3426	0	251547
482	6586	241660	2426	2957	0	253629
483	3277	5013	243170	3101	0	254561
484	2703	2466	6022	240869	0	252060
485	2969	2277	3054	230420	0	238720
486	2713	239767	2325	7167	0	251972
487	3018	4748	237077	3832	0	248675
488	2897	2061	231297	3071	0	239326
489	224877	1507	5838	2511	0	234733
490	6266	2196	2729	227967	0	239158
491	3223	1338	233574	5244	0	243379
492	2532	235963	4697	2782	0	245974
493	3101	4664	2389	222103	0	232257
494	2608	237746	1980	4082	0	246416
495	2181	4395	235137	2362	0	244075
496	217327	1882	4868	2915	0	226992
497	233092	1358	2380	2787	0	239617
498	5532	235045	2047	2062	0	244686
499	3154	4222	1483	232805	0	241664
500	2709	1902	232730	4665	0	242006
501	2286	228452	4514	2272	0	237524
502	223173	4323	1967	2299	0	231762
503	4409	215615	1166	1289	0	222479
504	1617	217189	1024	1022	0	220852
505	1849	4610	811	211075	0	218345
506	1099	216285	841	3522	0	221747
507	214951	4265	845	1888	0	221949
508	4166	2123	729	214136	0	221154
509	1585	1411	205873	3503	0	212372
510	1237	1284	194324	1406	0	198251
511	1380	1451	3494	198941	0	205266
512	829	203236	1379	3305	0	208749
513	204214	3552	1030	1821	0	210617
514	3629	1519	858	198985	0	204991
515	1278	1338	198617	3574	0	204807
516	1335	1111	3332	196619	0	202397
517	1009	1288	1278	199250	0	202825
518	195800	1248	808	4662	0	202518
519	3507	1122	745	195025	0	200399
520	1583	1027	192549	3900	0	199059
521	1247	945	186621	1963	0	190776
522	1287	728	3893	194129	0	200037
523	1133	813	1699	197595	0	201240
524	896	885	200171	4358	0	206310
525	171720	888	3526	3044	0	179178
526	3410	1078	197499	1628	0	203615
527	1479	197517	3668	1505	0	204169
528	1353	3327	1617	202041	0	208338
529	1050	1346	202501	3953	0	208850
530	1062	1072	194152	2041	0	198327
531	1279	980	4071	191620	0	197950
532	193666	755	1967	4462	0	200850
533	3338	877	196953	2010	0	203178
534	1209	194035	3792	1704	0	200740
535	197478	3128	1924	2289	0	204819
536	3360	1292	201268	1544	0	207464
537	186742	936	3900	2160	0	193738
538	199497	853	1791	1881	0	204022
539	4145	206067	1657	1317	0	213186
540	1976	3271	1596	194500	0	201343
541	1317	197774	1355	3114	0	203560
542	1352	3542	197865	1688	0	204447
543	190794	1430	3787	2006	0	198017
544	201836	1210	1714	1809	0	206569
545	4447	1255	204213	1191	0	211106
546	2311	1110	196675	1085	0	201181
547	1519	208967	4304	1115	0	215905
548	213968	3855	1968	1338	0	221129
549	4615	1543	1637	212750	0	220545
550	2492	1102	1489	202211	0	207294
551	1659	209246	1285	3886	0	216076
552	205408	3776	1328	2382	0	212894
553	3920	1804	210627	1484	0	217835
554	2115	1439	3797	221369	0	228720
555	223463	1095	1812	5762	0	232132
556	5730	227493	1646	2041	0	236910
557	2393	5454	255429	1270	0	264546
558	1896	1999	260424	961	0	265280
559	2256	2285	9313	247282	0	261136
560	951	262959	3083	7048	0	274041
561	1214	8269	265590	2002	0	277075
562	1959	2444	8472	260408	0	273283
563	266232	1442	2579	9354	0	279607
564	8691	1355	276788	2252	0	289086
565	3272	1377	9203	273925	0	287777
566	1848	1101	282593	9405	0	294947
567	1540	929	288973	2458	0	293900
568	2539	2643	11144	281148	0	297474
569	1591	842	291855	9425	0	303713
570	243176	839	10175	3771	0	257961
571	8277	657	280420	1756	0	291110
572	257608	485	9361	2245	0	269699
573	8562	274335	3493	1224	0	287614
574	283598	7868	2215	2363	0	296044
575	8648	289903	2201	1156	0	301908
576	3654	8573	1690	287673	0	301590
577	2683	2389	1729	302705	0	309506
578	1726	1460	295479	10220	0	308885
579	1228	1363	296137	3694	0	302422
580	2013	688	11012	299620	0	313333
581	1172	947	306292	9657	0	318068
582	2067	726	11002	286990	0	300785
583	1102	290250	4634	9382	0	305368
584	1705	311460	3518	3486	0	320169
585	2252	10372	3024	302475	0	318123
586	2445	3540	2448	309731	0	318164
587	1510	2913	303785	11182	0	319390
588	2202	2180	9522	293442	0	307346
589	1303	290832	3712	10649	0	306496
590	1004	295457	3134	4772	0	304367
591	990	301919	2762	4080	0	309751
592	1726	10586	2573	278552	0	293437
593	803	287597	3499	9943	0	301842
594	282949	9841	2718	4782	0	300290
595	9250	3661	2765	284374	0	300050
596	2610	2687	283804	10729	0	299830
597	2615	2547	10077	279719	0	294958
598	1708	2422	287460	11221	0	302811
599	1656	2539	285494	4629	0	294318
600	1666	2004	286926	4005	0	294601
601	1482	283678	12087	3998	0	301245
602	1679	9567	290679	2941	0	304866
603	281764	3679	11501	3942	0	300886
604	292801	3319	5028	3519	0	304667
605	302288	3048	4242	3364	0	312942
606	11986	2472	3732	296938	0	315128
607	295529	2483	3512	11806	0	313330
608	10605	284622	4035	4811	0	304073
609	4397	308730	3362	4664	0	321153
610	305488	10593	3990	4747	0	324818
611	10521	4523	310929	3665	0	329638
612	4402	3460	11165	307857	0	326884
613	3226	3037	316922	10937	0	334122
614	2814	2981	314844	4936	0	325575
615	2149	314630	12915	4141	0	333835
616	3395	10769	6248	288377	0	308789
617	2744	4321	5346	322945	0	335356
618	313789	3575	3986	13599	0	334949
619	10285	314863	3794	6040	0	334982
620	4424	327240	3642	5180	0	340486
621	4262	12213	318201	4849	0	339525
622	3438	328400	10447	4209	0	346494
623	318891	12496	5682	4945	0	342014
624	318619	5668	5495	5081	0	334863
625	11381	4534	329029	4170	0	349114
626	4501	4130	331869	4640	0	345140
627	4094	3406	15823	308679	0	332002
628	3528	3965	8713	311439	0	327645
629	3374	315852	7109	12767	0	339102
630	4218	11737	5829	313988	0	335772
631	4413	4695	5678	318343	0	333129
632	4109	317769	5257	14268	0	341403
633	4626	11378	5037	317637	0	338678
634	3690	5542	5762	310856	0	325850
635	3156	305594	5918	14636	0	329304
636	3404	11298	306718	7400	0	328820
637	4261	5044	13425	311023	0	333753
638	311406	4335	6782	13752	0	336275
639	308447	4128	6373	6540	0	325488
640	13961	4362	302731	4853	0	325907
641	290533	5023	12148	5975	0	313679
642	307160	4781	5223	6234	0	323398
643	12624	304615	4441	6352	0	328032
644	5705	11463	294126	6447	0	317741
645	3920	5284	298010	6962	0	314176
646	3741	4923	13289	308489	0	330442
647	310697	4095	7148	13894	0	335834
648	326482	3567	6025	7122	0	343196
649	12964	4219	5069	343315	0	365567
650	368097	4166	4363	14736	0	391362
651	380447	4359	4325	6945	0	396076
652	367513	4417	4004	7285	0	383219
653	16274	4174	353966	5431	0	379845
654	7362	3259	359607	4705	0	374933
655	349488	2051	11975	5735	0	369249
656	11387	2383	360973	4010	0	378753
657	3838	328392	7486	1940	0	341656
658	4601	6751	4761	322700	0	338813
659	2298	2535	335970	6084	0	346887
660	2116	1761	327165	2676	0	333718
661	3089	3130	7343	311884	0	325446
662	1896	1185	325952	5866	0	334899
663	1771	1225	312176	2841	0	318013
664	1598	277562	6311	2464	0	287935
665	1427	309570	2824	1412	0	315233
666	311173	5193	2175	1769	0	320310
667	5728	1965	1412	306525	0	315630
668	308776	1048	1515	5214	0	316553
669	5731	862	306180	1455	0	314228
670	3016	1030	4939	301105	0	310090
671	2206	1143	1981	313707	0	319037
672	306559	691	1586	6772	0	315608
673	4842	309703	1460	2826	0	318831
674	2435	4636	278516	1677	0	287264
675	1998	1988	294913	1398	0	300297
676	1157	304998	5697	1538	0	313390
677	1158	4306	301998	1098	0	308560
678	1010	300423	4931	863	0	307227
679	967	279935	1807	763	0	283472
680	1380	5048	285228	772	0	292428
681	268267	1532	4512	1235	0	275546
682	4885	1155	1482	293510	0	301032
683	1415	300394	1503	3869	0	307181
684	1549	4053	755	302546	0	308903
685	301348	1397	700	5324	0	308769
686	300927	927	872	2276	0	305002
687	298387	720	817	1833	0	301757
688	5281	640	293290	794	0	300005
689	2513	739	4370	285167	0	292789
690	1031	298620	1693	3876	0	305220
691	312560	3983	1338	2221	0	320102
692	4993	1604	846	314076	0	321519
693	2854	1279	789	299635	0	304557
694	1756	727	1086	321569	0	325138
695	1447	688	313655	5800	0	321590
696	275880	798	4224	3811	0	284713
697	4923	313522	1565	1602	0	321612
698	2701	4088	1221	314343	0	322353
699	2709	1260	904	318248	0	323121
700	311409	856	1071	6501	0	319837
701	5626	975	289541	2247	0	298389
702	2450	799	313733	1405	0	318387
703	1639	311863	5737	1427	0	320666
704	1301	4725	321878	1150	0	329054
705	288593	1729	5886	2559	0	298767
706	5045	314653	2523	1679	0	323900
707	1946	5116	316395	1490	0	324947
708	291692	1899	5501	2448	0	301540
709	5419	1720	335001	1250	0	343390
710	2386	336833	6339	1267	0	346825
711	2688	5332	2484	336652	0	347156
712	2216	2382	1734	343633	0	349965
713	1983	1687	335197	6610	0	345477
714	2381	1235	321894	2686	0	328196
715	1791	330041	7087	2026	0	340945
716	324497	5421	3346	2393	0	335657
717	5508	338779	2552	1794	0	348633
718	2984	5987	2039	336072	0	347082
719	2290	2491	335861	5722	0	346364
720	296230	1963	6698	3219	0	308110
721	6272	1730	3286	326856	0	338144
722	2762	319635	3088	5427	0	330912
723	1747	338915	2797	2300	0	345759
724	1739	7071	2380	336194	0	347384
725	1767	3320	2330	341329	0	348746
726	334561	2495	2019	7911	0	346986
727	6153	2086	2046	341709	0	351994
728	2574	2337	340004	6856	0	351771
729	324572	1847	6216	4307	0	336942
730	341620	1582	2793	3815	0	349810
731	7548	1893	344902	2553	0	356896
732	331128	1592	6506	2966	0	342192
733	7862	1653	2863	356365	0	368743
734	4331	1732	2194	360912	0	369169
735	3630	1855	1768	364662	0	371915
736	3293	1705	1834	351925	0	358757
737	1893	358209	2306	8781	0	371189
738	363780	6887	1929	5003	0	377599
739	372740	3070	1841	4590	0	382241
740	9337	2447	367935	3314	0	383033
741	381398	1933	6875	4343	0	394549
742	412283	1750	3324	3577	0	420934
743	422145	1834	2371	3454	0	429804
744	441276	1652	2025	3175	0	448128
745	15679	430881	2157	2327	0	451044
746	7273	9980	1666	422598	0	441517
747	4402	3546	424810	9780	0	442538
748	3786	2592	392041	4133	0	402552
749	359417	4492	12129	4506	0	380544
750	373878	1794	5317	2883	0	383872
751	9885	361500	2197	1725	0	375307
752	365546	6755	1559	2242	0	376102
753	9310	367243	1488	1360	0	379401
754	6048	7664	1433	368863	0	384008
755	379897	3126	1157	8663	0	392843
756	373022	2009	999	4108	0	380138
757	377880	1509	907	3272	0	383568
758	11680	370536	1129	1846	0	385191
759	376637	7641	1071	2352	0	387701
760	11505	3412	1093	373162	0	389172
761	380887	2066	1428	8708	0	393089
762	10892	2005	365774	3208	0	381879
763	5898	368352	7467	2372	0	384089
764	372311	7349	3060	2714	0	385434
765	10248	3581	370899	1520	0	386248
766	6819	2562	7446	364190	0	381017
767	4764	2186	374795	7363	0	389108
768	4332	2069	363150	3397	0	372948
769	5276	1727	9456	364199	0	380658
770	4116	1857	377336	7776	0	391085
771	5150	1560	8697	369747	0	385154
772	4860	1816	3937	376242	0	386855
773	380457	1319	2844	11265	0	395885
774	10001	376871	2529	5129	0	394530
775	5348	383738	2488	3581	0	395155
776	4194	394466	2633	2849	0	404142
777	3980	11396	388397	2508	0	406281
778	5397	4905	9390	379149	0	398841
779	3492	3302	396259	9436	0	412489
780	363726	2580	10583	5668	0	382557
781	386766	2197	5376	4473	0	398812
782	11725	388547	4269	2971	0	407512
783	7000	9016	3348	378149	0	397513
784	4254	392209	3444	9272	0	409179
785	394602	9872	2869	5744	0	413087
786	11920	4628	2480	393037	0	412065
787	6273	3967	390794	10649	0	411683
788	4701	383504	9474	5261	0	402940
789	4240	10746	390973	3815	0	409774
790	4907	5449	10343	384745	0	405444
791	3781	4023	386833	10446	0	405083
792	358278	3275	11547	6478	0	379578
793	11458	3414	385569	4208	0	404649
794	6229	386664	11772	3415	0	408080
795	5918	10230	5710	383896	0	405754
796	5275	5097	4443	398076	0	412891
797	388063	3874	3771	13837	0	409545
798	390555	3509	3610	7548	0	405222
799	13306	383280	3554	5059	0	405199
800	6904	10110	380403	4270	0	401687
801	5114	5370	374325	4049	0	388858
802	364864	3995	12813	4657	0	386329
803	11729	3617	378336	3671	0	397353
804	6486	3236	367507	3600	0	380829
805	5301	3262	366795	3430	0	378788
806	5088	3031	365894	2966	0	376979
807	4402	363856	14784	3499	0	386541
808	365950	10263	8497	4055	0	388765
809	12097	5170	5873	357117	0	380257
810	356122	3728	5339	11307	0	376496
811	12668	352671	4985	5409	0	375733
812	353525	10358	4836	5278	0	373997
813	12353	363284	4922	3782	0	384341
814	8143	11230	5103	353459	0	377935
815	5840	377105	5294	9427	0	397666
816	5692	11917	367407	4973	0	389989
817	4917	381456	12781	3878	0	403032
818	5589	12351	7782	418912	0	444634
819	424008	6386	6119	12680	0	449193
820	13967	5250	5620	423189	0	448026
821	7935	5316	421372	12958	0	447581
822	7463	4248	12974	402871	0	427556
823	5155	421292	7244	13190	0	446881
824	5509	12836	421502	7013	0	446860
825	414951	7223	13476	6032	0	441682
826	15010	5426	7319	433464	0	461219
827	418900	4747	5891	14665	0	444203
828	426799	4766	5334	9288	0	446187
829	15600	429909	5827	6104	0	457440
830	410302	13016	5697	6804	0	435819
831	432955	7240	5126	6314	0	451635
832	16543	429107	5536	5030	0	456216
833	10193	12198	4839	425274	0	452504
834	7512	6617	5204	424173	0	443506
835	5545	422602	5168	15421	0	448736
836	6462	13024	4358	432269	0	456113
837	5127	7302	424014	13816	0	450259
838	6895	6290	12415	417735	0	443335
839	5872	4440	415888	13991	0	440191
840	5215	4172	380973	7173	0	397533
841	4340	375209	13009	6186	0	398744
842	4057	373878	6698	5010	0	389643
843	4293	383486	4525	3963	0	396267
844	6428	11443	4265	351435	0	373571
845	2682	5080	356900	8462	0	373124
846	338989	3230	8690	5616	0	356525
847	8575	2606	4748	357844	0	373773
848	3767	2905	355555	8616	0	370843
849	2880	3488	348960	4272	0	359600
850	2249	359511	9892	3413	0	375065
851	2917	9112	4944	353469	0	370442
852	348806	3964	3762	9352	0	365884
853	7436	341545	3542	4377	0	356900
854	3757	340703	2910	3207	0	350577
855	2450	341373	2781	3138	0	349742
856	2590	10718	2974	335147	0	351429
857	1729	350551	3053	8120	0	363453
858	2791	9362	2699	371064	0	385916
859	3318	4438	2461	384534	0	394751
860	2817	3573	376018	12506	0	394914
861	331708	3370	10068	7156	0	352302
862	9833	3532	383415	3296	0	400076
863	5016	3956	10777	379042	0	398791
864	2824	3176	385597	11169	0	402766
865	2233	381750	10770	5645	0	400398
866	379349	10706	5248	5366	0	400669
867	10966	5240	3611	367757	0	387574
868	5375	3393	3107	383810	0	395685
869	376837	2660	2903	13820	0	396220
870	371515	2289	3111	7424	0	384339
871	381958	2514	2758	5733	0	392963
872	13282	2806	374283	3911	0	394282
873	346781	2421	9213	4166	0	362581
874	11376	358655	4102	3159	0	377292
875	5076	367464	2620	3400	0	378560
876	5148	10999	2345	352305	0	370797
877	4728	4618	1892	345984	0	357222
878	3541	349770	2040	11302	0	366653
879	4261	9647	1965	351464	0	367337
880	345928	4231	2174	11651	0	363984
881	10247	3231	346276	5496	0	365250
882	4599	345928	8811	4187	0	363525
883	330254	9923	3775	4859	0	348811
884	9139	342067	2666	4137	0	358009
885	4313	10197	339053	3785	0	357348
886	4192	5506	9096	335468	0	354262
887	3202	3697	339243	10194	0	356336
888	2921	335499	9736	4908	0	353064
889	3345	10047	4646	335099	0	353137
890	2676	5295	333591	10097	0	351659
891	3064	3964	333213	4875	0	345116
892	3530	3707	11021	333102	0	351360
893	331531	2711	5477	11175	0	350894
894	336060	2481	3881	6036	0	348458
895	336381	2814	3368	4553	0	347116
896	11855	3421	335330	3354	0	353960
897	5328	334334	9433	3657	0	352752
898	4159	9476	5116	333157	0	351908
899	3496	4555	3893	328850	0	340794
900	2869	336620	3091	11649	0	354229
901	334768	9514	2620	6381	0	353283
902	10887	4711	2467	338535	0	356600
903	5193	3468	335712	10563	0	354936
904	3228	334845	10141	5776	0	353990
905	323023	9895	5228	5846	0	343992
906	9011	332793	3949	5365	0	351118
907	5480	10152	3565	327266	0	346463
908	4867	5322	3451	331295	0	344935
909	4947	3624	3579	334480	0	346630
910	3388	3605	326969	13404	0	347366
911	3838	3835	10374	313481	0	331528
912	3435	311658	5463	11491	0	332047
913	3696	316545	3581	6880	0	330702
914	4126	11023	303992	5567	0	324708
915	271263	4856	8954	6882	0	291955
916	300136	3580	4445	6553	0	314714
917	11540	293592	3689	4855	0	313676
918	253013	7416	3307	4002	0	267738
919	253562	3568	2071	3939	0	263140
920	9537	259406	2229	3306	0	274478
921	5486	8508	2316	261831	0	278141
922	3997	4177	270029	8703	0	286906
923	3961	3503	255813	4769	0	268046
924	260322	3414	9310	4876	0	277922
925	8742	268964	3986	4188	0	285880
926	5054	8821	2860	268617	0	285352
927	4172	4646	2410	273653	0	284881
928	4177	3670	2618	274313	0	284778
929	266265	3186	2817	11959	0	284227
930	10179	3070	2810	267401	0	283460
931	5985	3093	2629	271063	0	282770
932	4200	3294	258168	10735	0	276397
933	234061	2998	8260	6526	0	251845
934	8745	254434	4167	4700	0	272046
935	252947	8332	3127	5031	0	269437
936	8869	250040	3239	3921	0	266069
937	4936	8273	3069	251140	0	267418
938	251193	3964	3096	10130	0	268383
939	255554	3110	3040	5977	0	267681
940	10511	3045	243447	4401	0	261404
941	254149	2772	7448	4747	0	269116
942	10693	2848	259448	3611	0	276600
943	5667	2969	251423	3402	0	263461
944	4361	2981	250130	3829	0	261301
945	3878	2867	271735	3642	0	282122
946	4324	2810	11654	275329	0	294117
947	3528	2576	280473	10639	0	297216
948	4036	2852	11493	276855	0	295236
949	277778	2592	5558	12547	0	298475
950	11344	2957	4567	277593	0	296461
951	271295	2701	4138	13303	0	291437
952	11320	272439	3667	6381	0	293807
953	6447	10208	3292	273792	0	293739
954	4672	4414	265820	12253	0	287159
955	3761	278542	9940	6961	0	299204
956	4872	11783	4210	271807	0	292672
957	3624	3927	272387	11787	0	291725
958	2294	251764	8780	4705	0	267543
959	1728	258949	3401	3895	0	267973
960	2536	9258	252570	2931	0	267295
961	2988	5444	8740	239480	0	256652
962	1268	2549	242931	8313	0	255061
963	224083	1300	8741	3826	0	237950
964	237121	989	3287	3068	0	244465
965	8877	233746	2504	1725	0	246852
966	236498	7391	1667	1841	0	247397
967	9723	2767	1426	234911	0	248827
968	3295	2145	232844	7869	0	246153
969	218751	1216	7808	3954	0	231729
970	8515	1129	228031	2605	0	240280
971	3130	226215	8424	1824	0	239593
972	232276	7326	3545	1914	0	245061
973	9010	2937	2380	229814	0	244141
974	3100	2315	232118	7539	0	245072
975	227364	1250	8140	3598	0	240352
976	230528	1006	3434	3193	0	238161
977	235429	1031	2924	2166	0	241550
978	11674	1136	1783	227490	0	242083
979	5969	1115	1504	234565	0	243153
980	3523	1214	228266	9491	0	242494
981	2511	226403	7818	4374	0	241106
982	3023	7135	3180	222206	0	235544
983	2941	2552	2752	235194	0	243439
984	2148	2188	229322	9673	0	243331
985	1934	1705	228839	4683	0	237161
986	2597	1378	9775	228181	0	241931
987	222978	1184	4913	9668	0	238743
988	7906	226226	3806	4065	0	242003
989	226736	7508	2724	4053	0	241021
990	9643	227967	2441	2806	0	242857
991	4568	8622	227526	2348	0	243064
992	3697	3502	230249	2612	0	240060
993	217674	2689	10506	3433	0	234302
994	247122	1980	5018	3318	0	257438
995	11025	244155	3967	2935	0	262082
996	6063	8878	239644	3037	0	257622
997	5613	3918	9742	236385	0	255658
998	4579	3434	5139	230840	0	243992
999	3249	240615	4853	11251	0	259968
1000	3916	9055	3324	245058	0	261353
1001	3163	4495	243921	12223	0	263802
1002	234653	4252	10007	6354	0	255266
1003	248144	2962	5159	5309	0	261574
1004	240335	2673	4492	4553	0	252053
1005	255194	2367	3682	3602	0	264845
1006	15839	2178	242864	2877	0	263758
1007	242342	1598	10722	3196	0	257858
1008	14812	1828	243891	2074	0	262605
1009	7972	239741	12409	2333	0	262455
1010	6945	8950	6705	244115	0	266715
1011	250239	4105	5657	10541	0	270542
1012	12229	3585	4329	262638	0	282781
1013	6188	2874	263116	13676	0	285854
1014	260881	2430	11787	7082	0	282180
1015	274272	2157	6211	6170	0	288810
1016	16292	2132	5006	266236	0	289666
1017	10359	1751	3736	275405	0	291251
1018	7735	2061	262799	14873	0	287468
1019	5657	265400	11301	8467	0	290825
1020	257919	10091	5867	6535	0	280412
1021	12899	4734	241766	4185	0	263584
1022	236450	3810	10596	3748	0	254604
1023	13604	244648	5752	3215	0	267219
1024	244575	9923	4805	3338	0	262641
1025	14068	235471	3886	2863	0	256288
1026	8054	239619	3192	2995	0	253860
1027	7504	12237	3330	238171	0	261242
1028	6102	6472	3119	248017	0	263710
1029	5813	4747	2588	251264	0	264412
1030	5002	3320	2480	254455	0	265257
1031	4020	2639	241762	16501	0	264922
1032	234414	2654	10290	9517	0	256875
1033	250122	2525	5149	7161	0	264957
1034	258147	2216	4598	5453	0	270414
1035	16947	1957	3940	246724	0	269568
1036	10658	1871	3311	254565	0	270405
1037	253503	2110	2854	14152	0	272619
1038	255752	2349	2764	8177	0	269042
1039	259057	2449	2462	6669	0	270637
1040	17282	2700	2676	244036	0	266694
1041	10280	2301	2537	242312	0	257430
1042	7630	1975	227877	13312	0	250794
1043	5751	1918	220778	8148	0	236595
1044	5229	224141	10763	6358	0	246491
1045	199478	8784	7880	5618	0	221760
1046	201499	3376	3972	3797	0	212644
1047	203681	2603	2387	4009	0	212680
1048	11082	2019	205107	3067	0	221275
1049	202568	1663	6409	3900	0	214540
1050	211520	1459	3429	3905	0	220313
1051	214878	1339	2934	3503	0	222654
1052	12693	1024	2311	205378	0	221406
1053	8864	1049	2193	205142	0	217248
1054	7235	1014	2022	207975	0	218246
1055	5229	1190	177410	10552	0	194381
1056	171978	1190	4669	6689	0	184526
1057	8211	185985	2874	4538	0	201608
1058	173116	4506	1743	3209	0	182574
1059	7634	168387	1420	2689	0	180130
1060	5053	174607	1351	2416	0	183427
1061	5179	6076	1643	172378	0	185276
1062	4217	3783	1748	170337	0	180085
1063	3297	170724	1230	6290	0	181541
1064	169503	5015	1077	4569	0	180164
1065	170997	2775	1117	3781	0	178670
1066	7156	2224	1244	167222	0	177846
1067	5040	1681	165695	5894	0	178310
1068	4587	1230	157433	4000	0	167250
1069	4103	1122	164901	3233	0	173359
1070	4032	1179	164755	2381	0	172347
1071	160194	1423	7143	2554	0	171314
1072	164335	896	3839	2267	0	171337
1073	7231	937	2769	159713	0	170650
1074	5030	984	159998	4996	0	171008
1075	4379	911	4454	161205	0	170949
1076	3393	159676	2748	5732	0	171549
1077	3187	180492	2251	3565	0	189495
1078	185461	5214	1609	3669	0	195953
1079	187769	3322	1353	3007	0	195451
1080	190476	2520	1304	2995	0	197295
1081	7610	1803	1510	186641	0	197564
1082	5231	1683	1433	190518	0	198865
1083	4593	1646	1364	190657	0	198260
1084	4365	1218	1109	189052	0	195744
1085	3820	995	185917	7675	0	198407
1086	3593	865	3861	188491	0	196810
1087	195744	815	2568	7411	0	206538
1088	5902	728	2460	198454	0	207544
1089	4169	840	1821	201389	0	208219
1090	3982	1248	1718	199231	0	206179
1091	3165	186910	1590	8151	0	199816
1092	2987	188187	1459	5358	0	197991
1093	2619	194626	1237	4140	0	202622
1094	2544	4043	872	181638	0	189097
1095	2219	1756	774	184351	0	189100
1096	183442	1231	659	5787	0	191119
1097	182695	1007	703	3561	0	187966
1098	185397	969	696	2768	0	189830
1099	5281	990	794	183859	0	190924
1100	3112	890	724	183789	0	188515
1101	2631	179361	684	4711	0	187387
1102	2551	188734	584	2711	0	194580
1103	187514	3523	462	2549	0	194048
1104	4759	1610	491	187093	0	193953
1105	187412	942	580	4729	0	193663
1106	194092	734	707	3305	0	198838
1107	4800	755	793	191501	0	197849
1108	2388	205665	837	4025	0	212915
1109	210929	2996	675	3179	0	217779
1110	220004	1335	433	2974	0	224746
1111	5074	995	224606	1698	0	232373
1112	207339	565	1649	1909	0	211462
1113	2904	215428	743	1069	0	220144
1114	1860	1763	351	221030	0	225004
1115	241117	899	271	3599	0	245886
1116	3237	657	249	238607	0	242750
1117	2142	458	250	241790	0	244640
1118	1243	242481	321	3366	0	247411
1119	242548	2085	204	2672	0	247509
1120	243505	1083	172	1998	0	246758
1121	3438	241197	243	1210	0	246088
1122	1826	254156	231	855	0	257068
1123	254877	2643	437	1625	0	259582
1124	251672	1400	196	1448	0	254716
1125	3372	1031	244181	698	0	249282
1126	2260	856	220844	648	0	224608
1127	1484	676	245822	572	0	248554
1128	1508	454	2963	252275	0	257200
1129	1235	403	1462	258479	0	261579
1130	850	566	256916	3012	0	261344
1131	246245	468	2276	2728	0	251717
1132	267063	529	1181	2004	0	270777
1133	268808	414	776	1717	0	271715
1134	264592	378	486	1698	0	267154
1135	4028	645	290915	657	0	296245
1136	288478	522	2173	2138	0	293311
1137	296932	424	1336	2182	0	300874
1138	296247	431	926	1929	0	299533
1139	301776	363	678	1734	0	304551
1140	299453	387	676	1804	0	302320
1141	4112	578	305580	1034	0	311304
1142	2577	303912	2112	1124	0	309725
1143	2574	2330	1170	296652	0	302726
1144	1890	1438	877	314416	0	318621
1145	1703	1368	310965	3172	0	317208
1146	282084	804	2185	2969	0	288042
1147	3645	722	1138	306738	0	312243
1148	2643	767	308090	2798	0	314298
1149	2562	721	279551	1879	0	284713
1150	1996	313393	3104	1566	0	320059
1151	2236	2179	1644	321909	0	327968
1152	1964	1376	1053	325849	0	330242
1153	1985	1177	776	321479	0	325417
1154	326739	816	744	4862	0	333161
1155	3390	720	776	326631	0	331517
1156	2359	899	321008	3530	0	327796
1157	2423	929	278505	2623	0	284480
1158	2102	732	326547	1906	0	331287
1159	2438	642	3581	337789	0	344450
1160	345440	652	1986	4292	0	352370
1161	3548	817	345541	1902	0	351808
1162	333045	558	2951	2640	0	339194
1163	379791	554	1974	3122	0	385441
1164	4807	681	1459	386256	0	393203
1165	3514	629	1096	386494	0	391733
1166	2308	376472	1217	4133	0	384130
1167	2073	2562	381967	2651	0	389253
1168	371135	1276	2845	3162	0	378418
1169	4063	1037	1650	396031	0	402781
1170	2556	393407	1519	3484	0	400966
1171	2497	2825	1115	400273	0	406710
1172	2013	1869	398801	3712	0	406395
1173	2623	1382	3050	388173	0	395228
1174	1882	391995	1979	3819	0	399675
1175	2146	2725	1449	394830	0	401150
1176	391667	1449	1334	4886	0	399336
1177	3945	1115	1277	383431	0	389768
1178	2248	372641	1501	3976	0	380366
1179	1799	382094	1328	2701	0	387922
1180	366883	3332	1192	3802	0	375209
1181	3637	1995	382820	1879	0	390331
1182	3248	1268	3022	377367	0	384905
1183	2582	919	1679	393279	0	398459
1184	2078	1112	393671	4299	0	401160
1185	1791	389928	3254	3087	0	398060
1186	1832	2964	391077	2015	0	397888
1187	2029	2360	3456	385794	0	393639
1188	1182	395052	2092	2927	0	401253
1189	405535	2418	1454	4108	0	413515
1190	2936	403953	1324	1568	0	409781
1191	1623	409688	1075	1711	0	414097
1192	417719	3071	1108	3064	0	424962
1193	420052	1755	888	3173	0	425868
1194	429034	1097	729	2843	0	433703
1195	4137	759	851	432748	0	438495
1196	2111	972	429932	2797	0	435812
1197	410794	601	2437	3770	0	417602
1198	447074	528	1401	3012	0	452015
1199	5083	650	1026	464018	0	470777
1200	2249	851	464452	3830	0	471382
1201	1458	458222	3660	2002	0	465342
1202	459836	3534	1356	3310	0	468036
1203	470653	1316	963	3608	0	476540
1204	4708	476384	919	1272	0	483283
1205	1962	489413	726	966	0	493067
1206	486117	4463	709	3145	0	494434
1207	482501	1855	581	2733	0	487670
1208	473107	1241	508	2219	0	477075
1209	6300	943	443	470711	0	478397
1210	2604	1157	468647	4206	0	476614
1211	3132	896	3611	451625	0	459264
1212	1897	967	456547	4570	0	463981
1213	1414	438964	4227	2347	0	446952
1214	1317	452946	1778	1413	0	457454
1215	2702	3894	896	422376	0	429868
1216	2140	1184	686	435243	0	439253
1217	2185	949	653	422857	0	426644
1218	1029	433770	854	4413	0	440066
1219	428668	3677	827	3831	0	437003
1220	422422	1657	873	3405	0	428357
1221	4603	434628	866	1423	0	441520
1222	3021	4140	485	422618	0	430264
1223	1930	426092	546	3826	0	432394
1224	2348	4472	470	424431	0	431721
1225	1685	427753	575	3786	0	433799
1226	425868	4388	507	3419	0	434182
1227	5366	1863	498	419807	0	427534
1228	2404	1643	414177	4347	0	422571
1229	396764	984	3664	4669	0	406081
1230	407728	1031	1578	4362	0	414699
1231	4710	1539	407378	2116	0	415743
1232	3195	1468	3839	406901	0	415403
1233	1998	1834	411162	4622	0	419616
1234	2275	1663	3889	410112	0	417939
1235	1496	2103	384382	5311	0	393292
1236	358750	1637	3863	4432	0	368682
1237	5115	1670	1452	377004	0	385241
1238	2447	377304	1249	4578	0	385578
1239	386096	4970	824	3816	0	395706
1240	6288	2430	822	390976	0	400516
1241	3573	2092	822	388089	0	394576
1242	2594	2231	381902	5833	0	392560
1243	3444	1783	3974	391488	0	400689
1244	2336	2054	403228	6731	0	414349
1245	2410	2021	401720	3322	0	409473
1246	3179	1500	7003	423853	0	435535
1247	2388	1558	452052	7380	0	463378
1248	440383	1328	8511	5624	0	455846
1249	535374	1215	3592	5048	0	545229
1250	577920	1316	2408	5246	0	586890
1251	17696	617262	2472	3196	0	640626
1252	11841	13836	2228	621567	0	649472
1253	8749	6883	2097	597584	0	615313
1254	4369	639108	2300	18514	0	664291
1255	636235	15657	1970	11768	0	665630
1256	18889	8014	1668	633965	0	662536
1257	9048	5714	642416	17945	0	675123
1258	6526	4583	600858	10012	0	621979
1259	4259	615594	19776	8189	0	647818
1260	620157	15459	9896	8045	0	653557
1261	17148	8048	618963	5615	0	649774
1262	577766	5200	18428	7035	0	608429
1263	19688	571113	10030	5028	0	605859
1264	10179	15993	584410	4140	0	614722
1265	7656	8028	529537	4578	0	549799
1266	5511	5855	580553	4328	0	596247
1267	5416	564139	23722	4235	0	597512
1268	5755	16416	574756	3084	0	600011
1269	554375	7482	20750	5027	0	587634
1270	20417	6180	11643	522698	0	560938
1271	11450	4312	8667	572735	0	597164
1272	9079	4387	6045	581999	0	601510
1273	8011	3697	4969	586754	0	603431
1274	5998	3824	456320	136250	0	602392
1275	7281	3275	14900	570089	0	595545
1276	7435	3201	8398	580564	0	599598
1277	556783	3047	7221	27772	0	594823
1278	572315	2897	6510	16945	0	598667
1279	515909	3268	6505	14373	0	540055
1280	23690	4057	534594	8719	0	571060
1281	13613	546703	17530	7650	0	585496
1282	9841	586744	10186	6857	0	613628
1283	541024	21434	7392	9529	0	579379
1284	18754	572115	6324	6953	0	604146
1285	13306	21026	6125	560769	0	601226
1286	10458	11178	5758	579300	0	606694
1287	6578	8382	562650	24444	0	602054
1288	5805	551223	19808	14593	0	591429
1289	5804	19575	532287	10471	0	568137
1290	529497	9980	21029	10196	0	570702
1291	560248	7409	11874	8427	0	587958
1292	26507	5255	9423	546705	0	587890
1293	15008	4906	8124	544821	0	572859
1294	10520	4740	8156	547688	0	571104
1295	9385	5354	6931	553579	0	575249
1296	7336	4856	535279	30578	0	578049
1297	8806	4727	19073	531905	0	564511
1298	6268	3400	528867	26687	0	565222
1299	5209	2900	503526	16736	0	528371
1300	4406	505431	24271	13557	0	547665
1301	503400	16421	14051	11994	0	545866
1302	17750	520674	9568	10025	0	558017
1303	11969	20160	7617	500392	0	540138
1304	8225	9755	520800	21799	0	560579
1305	504545	6887	20385	14206	0	546023
1306	21198	5069	517479	10443	0	554189
1307	516490	5035	23414	9231	0	554170
1308	529789	4318	12692	8442	0	555241
1309	30413	4651	9841	528704	0	573609
1310	18452	4534	7834	532692	0	563512
1311	13674	4802	7613	542819	0	568908
1312	10168	5459	517246	31651	0	564524
1313	505479	5892	21971	18628	0	551970
1314	24109	511467	12111	13782	0	561469
1315	15959	21208	8971	516180	0	562318
1316	520591	11357	7572	28060	0	567580
1317	535997	8498	7937	17548	0	569980
1318	543092	6758	7240	14638	0	571728
1319	38144	7162	499927	11547	0	556780
1320	528935	7385	22967	12234	0	571521
1321	535961	9146	12745	13696	0	571548
1322	34836	6532	420432	16289	0	478089
1323	20864	6973	532627	13331	0	573795
1324	18024	7402	30219	523725	0	579370
1325	15327	4799	540549	27041	0	587716
1326	10468	495438	34856	17183	0	557945
1327	9833	538168	24296	10225	0	582522
1328	516711	28813	17835	9619	0	572978
1329	27936	541059	13330	8085	0	590410
1330	20948	26874	13726	532607	0	594155
1331	513182	14754	13715	26248	0	567899
1332	28574	537664	11152	15755	0	593145
1333	16735	27720	11884	533778	0	590117
1334	13700	13664	13472	551832	0	592668
1335	10837	10186	532501	35965	0	589489
1336	11709	8550	28257	537974	0	586490
1337	9995	8778	530709	36068	0	585550
1338	11461	4938	534422	23899	0	574720
1339	14020	5288	29590	519789	0	568687
1340	11125	5287	15953	539667	0	572032
1341	511818	4650	11033	42910	0	570411
1342	25965	537270	10389	27022	0	600646
1343	17319	22614	9327	531493	0	580753
1344	15308	18645	8980	537417	0	580350
1345	505274	9349	5888	39978	0	560489
1346	29626	481252	5868	23859	0	540605
1347	19165	456039	5636	15875	0	496715
1348	13671	429109	5838	11974	0	460592
1349	7220	369534	4696	7515	0	388965
1350	274556	16926	15144	5730	0	312356
1351	263777	6176	3816	4530	0	278299
1352	254967	4096	1832	3713	0	264608
1353	256369	3309	1560	3423	0	264661
1354	16553	3146	1621	242891	0	264211
1355	7134	3224	237280	11679	0	259317
1356	5332	234665	10488	5214	0	255699
1357	5331	10969	4128	232946	0	253374
1358	4308	4270	234183	11810	0	254571
1359	4920	3283	11053	231153	0	250409
1360	4505	2500	4573	238292	0	249870
1361	3308	2473	230818	14834	0	251433
1362	3553	2673	11639	230781	0	248646
1363	4518	2750	5339	223058	0	235665
1364	231398	2368	3749	15995	0	253510
1365	234831	2116	3453	8305	0	248705
1366	236049	1871	2671	6915	0	247506
1367	237673	2060	2480	6124	0	248337
1368	16825	1834	2779	224999	0	246437
1369	8941	1919	2363	232773	0	245996
1370	6947	2224	2297	235718	0	247186
1371	225314	2236	2325	17357	0	247232
1372	14899	2287	2200	227236	0	246622
1373	8492	2173	2216	234377	0	247258
1374	7053	2034	218861	16874	0	244822
1375	6700	2469	10728	215000	0	234897
1376	5668	203203	4626	15200	0	228697
1377	5478	225722	3275	8296	0	242771
1378	217265	12425	2767	6637	0	239094
1379	13949	5145	213050	6025	0	238169
1380	7058	205908	10365	5188	0	228519
1381	202363	10325	5183	4669	0	222540
1382	12681	4572	3677	201761	0	222691
1383	5710	3935	200391	12752	0	222788
1384	5624	4073	10347	193065	0	213109
1385	4140	203170	4557	12804	0	224671
1386	199784	10337	3993	7338	0	221452
1387	11336	206785	3278	5992	0	227391
1388	206735	11560	2713	5506	0	226514
1389	215065	4839	2374	5550	0	227828
1390	14763	3883	2385	207634	0	228665
1391	7578	3440	2121	204124	0	217263
1392	5528	204683	2000	14160	0	226371
1393	207863	10716	1812	8310	0	228701
1394	12706	4792	203399	6093	0	226990
1395	201012	3706	9274	5474	0	219466
1396	204352	2797	3830	5370	0	216349
1397	13888	2326	191150	5610	0	212974
1398	6992	3326	8906	182985	0	202209
1399	184772	2301	3988	12007	0	203068
1400	11606	2342	181588	6224	0	201760
1401	5799	2436	176078	4959	0	189272
1402	162500	1863	10164	4586	0	179113
1403	9952	158373	5087	3982	0	177394
1404	4971	151189	3346	3102	0	162608
1405	5999	8826	2598	145217	0	162640
1406	3786	4327	144595	7827	0	160535
1407	136675	2846	7266	4765	0	151552
1408	8264	2121	142034	3669	0	156088
1409	4044	128316	6774	2536	0	141670
1410	128688	6312	3436	2528	0	140964
1411	7517	3321	2348	127595	0	140781
1412	129057	2441	1848	7279	0	140625
1413	8286	1758	125520	4043	0	139607
1414	4937	1756	5835	121319	0	133847
1415	3793	126997	2995	6155	0	139940
1416	3296	6452	2324	126415	0	138487
1417	3418	3622	1744	131397	0	140181
1418	3413	2683	126909	7933	0	140938
1419	3503	119600	5788	4781	0	133672
1420	3256	124937	3150	3661	0	135004
1421	3087	6065	120013	2811	0	131976
1422	110292	3197	5860	2778	0	122127
1423	116328	1919	3067	2771	0	124085
1424	7416	1939	2696	111459	0	123510
1425	107056	1302	2036	5525	0	115919
1426	6193	98275	2080	3153	0	109701
1427	3219	106168	1748	2796	0	113931
1428	106738	5563	1502	2693	0	116496
1429	6240	3352	1711	105338	0	116641
1430	108736	1776	1569	5698	0	117779
1431	112567	1249	1191	3599	0	118606
1432	7521	1406	1107	105582	0	115616
1433	4492	1685	104135	5353	0	115665
1434	103484	1491	4429	3038	0	112442
1435	108687	1147	2293	2456	0	114583
1436	7673	1143	1910	102559	0	113285
1437	4473	103185	1519	5339	0	114516
1438	3574	4713	1275	105569	0	115131
1439	2855	2191	102604	6146	0	113796
1440	2483	1848	100949	3617	0	108897
1441	2229	101437	5555	3374	0	112595
1442	2831	2669	1751	69797	0	77048
1443	1123	949	1038	71688	0	74798
1444	966	739	70339	2673	0	74717
1445	66446	624	2164	1576	0	70810
1446	72241	554	1085	1267	0	75147
1447	72136	488	928	1136	0	74688
1448	73314	487	779	938	0	75518
1449	3400	69230	655	813	0	74098
1450	1824	73369	650	798	0	76641
1451	75407	2620	608	982	0	79617
1452	3022	1232	618	77204	0	82076
1453	1773	849	608	78798	0	82028
1454	1308	78698	588	3179	0	83773
1455	1408	2558	495	80073	0	84534
1456	1323	1248	524	78801	0	81896
1457	1064	77984	510	3519	0	83077
1458	1081	2744	77570	1809	0	83204
1459	1233	1375	2470	78979	0	84057
1460	79013	915	1140	3342	0	84410
1461	79137	817	782	1854	0	82590
1462	3764	757	76507	1279	0	82307
1463	2125	639	74543	1092	0	78399
1464	1627	672	76224	1024	0	79547
1465	1560	670	3250	74559	0	80039
1466	1150	611	75913	2875	0	80549
1467	1004	558	75401	1744	0	78707
1468	1290	1158	3270	72642	0	78360
1469	1051	76881	1670	2702	0	82304
1470	997	2347	77725	1576	0	82645
1471	858	78806	2712	1248	0	83624
1472	77509	2662	1503	1248	0	82922
1473	2517	79004	1115	1101	0	83737
1474	1612	2666	1017	78690	0	83985
1475	79480	1189	978	2891	0	84538
1476	2938	884	815	79310	0	83947
1477	1768	683	925	80830	0	84206
1478	1237	713	80784	3383	0	86117
1479	1099	74906	2664	1970	0	80639
1480	1019	80520	1430	1435	0	84404
1481	1156	2798	1083	77863	0	82900
1482	866	1273	885	78773	0	81797
1483	876	904	826	76912	0	79518
1484	692	731	73504	3367	0	78294
1485	676	659	68474	1882	0	71691
1486	64647	569	2511	1571	0	69298
1487	2009	518	69768	966	0	73261
1488	923	531	69793	738	0	71985
1489	635	68245	2465	709	0	72054
1490	847	2217	1278	68956	0	73298
1491	575	745	70355	2157	0	73832
1492	721	521	2118	67018	0	70378
1493	425	397	72234	2536	0	75592
1494	593	363	2291	72145	0	75392
1495	399	386	76917	2590	0	80292
1496	610	320	2431	75113	0	78474
1497	544	366	1135	75633	0	77678
1498	342	77079	876	2736	0	81033
1499	486	1964	730	77939	0	81119
1500	291	78348	688	2621	0	81948
1501	473	2192	699	80832	0	84196
1502	460	908	676	82150	0	84194
1503	79072	663	689	3224	0	83648
1504	2107	579	679	79846	0	83211
1505	819	500	78812	2894	0	83025
1506	761	452	2282	78356	0	81851
1507	572	381	1069	80841	0	82863
1508	435	425	78165	3190	0	82215
1509	425	448	76153	1820	0	78846
1510	569	433	2738	75203	0	78943
1511	536	430	1281	79063	0	81310
1512	344	488	77916	3167	0	81915
1513	303	72673	2379	1892	0	77247
1514	329	78138	1213	1454	0	81134
1515	76368	2408	938	1537	0	81251
1516	2162	1026	743	79114	0	83045
1517	80021	756	732	3101	0	84610
1518	79052	529	807	1887	0	82275
1519	2408	80505	759	1309	0	84981
1520	81580	2072	838	1443	0	85933
1521	82437	857	766	1409	0	85469
1522	2688	714	81012	1059	0	85473
1523	1388	572	2293	80995	0	85248
1524	781	564	83721	2648	0	87714
1525	839	553	2630	83753	0	87775
1526	572	441	84531	2880	0	88424
1527	461	78692	2553	1544	0	83250
1528	504	82663	1338	1121	0	85626
1529	822	2398	903	79816	0	83939
1530	78693	836	685	2476	0	82690
1531	2017	528	651	78518	0	81714
1532	1038	447	609	79321	0	81415
1533	584	491	79842	2655	0	83572
1534	521	432	78027	1472	0	80452
1535	467	487	79462	1105	0	81521
1536	565	389	2513	78375	0	81842
1537	575	344	1281	78057	0	80257
1538	352	77468	972	2584	0	81376
1539	320	81952	873	1484	0	84629
1540	79512	2191	754	1519	0	83976
1541	1760	81192	769	1084	0	84805
1542	738	2234	80331	1057	0	84360
1543	711	917	2155	79217	0	83000
1544	434	685	84141	2560	0	87820
1545	393	84506	2425	1462	0	88786
1546	495	2117	1207	86025	0	89844
1547	82104	769	957	2931	0	86761
1548	1732	607	84189	1514	0	88042
1549	665	84591	2234	1302	0	88792
1550	539	1880	84626	1054	0	88099
1551	363	83694	2148	1039	0	87244
1552	909	2184	1108	77925	0	82126
1553	80148	725	687	2239	0	83799
1554	78973	545	539	1248	0	81305
1555	1721	78914	581	901	0	82117
1556	80233	1523	539	1112	0	83407
1557	1830	670	542	80164	0	83206
1558	80228	523	539	2294	0	83584
1559	1830	461	80930	1028	0	84249
1560	819	516	80592	838	0	82765
1561	926	451	2115	77858	0	81350
1562	655	455	928	85182	0	87220
1563	494	475	84100	2384	0	87453
1564	703	475	1979	84126	0	87283
1565	84745	465	859	2787	0	88856
1566	84834	452	715	1547	0	87548
1567	2283	80970	693	1036	0	84982
1568	975	83344	595	953	0	85867
1569	80912	2065	595	1104	0	84676
1570	2336	855	561	80746	0	84498
1571	80095	579	582	2498	0	83754
1572	2114	79881	642	1027	0	83664
1573	79954	1797	631	1091	0	83473
1574	2101	797	78234	742	0	81874
1575	905	657	76935	760	0	79257
1576	999	596	2122	77656	0	81373
1577	716	581	80157	2093	0	83547
1578	793	550	1917	77271	0	80531
1579	926	550	874	73198	0	75548
1580	672	537	81258	2179	0	84646
1581	760	485	1880	80486	0	83611
1582	911	414	899	85017	0	87241
1583	522	491	89059	2666	0	92738
1584	579	477	87463	1211	0	89730
1585	85278	399	2457	1298	0	89432
1586	2241	376	91001	821	0	94439
1587	92068	468	2295	963	0	95794
1588	101821	342	1052	963	0	104178
1589	3042	347	103192	606	0	107187
1590	1353	278	106863	703	0	109197
1591	1396	691	3220	100386	0	105693
1592	1124	325	1429	99768	0	102646
1593	680	100500	1052	2782	0	105014
1594	574	104728	911	1311	0	107524
1595	518	2704	101908	970	0	106100
1596	95827	1049	2756	1193	0	100825
1597	101133	642	1378	1078	0	104231
1598	3163	544	100666	755	0	105128
1599	1493	496	99817	660	0	102466
1600	1368	813	3203	96329	0	101713
1601	879	100008	1596	2223	0	104706
1602	1149	2289	1045	103203	0	107686
1603	1104	874	934	106217	0	109129
1604	105694	598	844	3449	0	110585
1605	106014	521	710	1794	0	109039
1606	3424	564	694	109267	0	113949
1607	1609	485	109489	2892	0	114475
1608	101907	401	2550	1922	0	106780
1609	2879	111555	1301	1049	0	116784
1610	113338	2272	943	1200	0	117753
1611	110570	841	796	1256	0	113463
1612	3177	111467	903	806	0	116353
1613	1537	115783	833	799	0	118952
1614	1331	3039	763	114067	0	119200
1615	1244	1294	699	115292	0	118529
1616	927	114578	611	3239	0	119355
1617	1176	2743	561	115917	0	120397
1618	1126	1239	680	118531	0	121576
1619	836	894	116042	3691	0	121463
1620	111031	657	2805	2256	0	116749
1621	118189	541	1358	1628	0	121716
1622	120069	466	1028	1402	0	122965
1623	4196	500	824	117196	0	122716
1624	116186	400	838	3195	0	120619
1625	3548	114267	801	1537	0	120153
1626	2239	2555	794	108818	0	114406
1627	1468	111539	856	2612	0	116475
1628	1209	120089	814	1389	0	123501
1629	120256	2924	804	1570	0	125554
1630	120837	1252	743	1354	0	124186
1631	120174	823	679	1221	0	122897
1632	120511	787	613	1088	0	122999
1633	120095	726	634	1071	0	122526
1634	4222	688	121200	735	0	126845
1635	118691	670	2479	1149	0	122989
1636	3819	695	126808	640	0	131962
1637	120580	476	2817	1118	0	124991
1638	125774	420	1471	1102	0	128767
1639	124365	474	1248	1158	0	127245
1640	4063	549	131068	888	0	136568
1641	2529	735	2593	128686	0	134543
1642	1686	138071	1395	2237	0	143389
1643	140915	2336	1091	1547	0	145889
1644	140120	1043	898	1255	0	143316
1645	3890	142664	949	861	0	148364
1646	147418	2393	805	1262	0	151878
1647	3582	1150	932	143909	0	149573
1648	1904	147704	836	2644	0	153088
1649	149588	2595	719	1886	0	154788
1650	150477	1299	690	1522	0	153988
1651	4148	989	696	149929	0	155762
1652	152675	828	822	3150	0	157475
1653	4069	694	919	153111	0	158793
1654	2612	602	791	155030	0	159035
1655	2128	726	152727	3618	0	159199
1656	2160	774	2546	149738	0	155218
1657	2002	834	1294	153996	0	158126
1658	1608	821	152628	3655	0	158712
1659	1510	840	148707	1824	0	152881
1660	1788	685	2892	152372	0	157737
1661	1379	730	155645	2916	0	160670
1662	141715	654	2728	2108	0	147205
1663	2783	159460	1487	1402	0	165132
1664	1688	2240	901	163733	0	168562
1665	1499	1069	706	166575	0	169849
1666	1510	741	668	164203	0	167122
1667	167122	650	529	3846	0	172147
1668	164046	624	526	2310	0	167506
1669	167124	558	470	1896	0	170048
1670	3573	167043	498	1261	0	172375
1671	2452	2201	360	170194	0	175207
1672	2184	1110	299	171825	0	175418
1673	171209	862	247	3402	0	175720
1674	170515	854	229	2003	0	173601
1675	3745	925	290	170712	0	175672
1676	2000	1008	170820	2646	0	176474
1677	166681	880	1947	2261	0	171769
1678	174268	673	816	1802	0	177559
1679	3746	683	176818	1164	0	182411
1680	161344	532	2005	1740	0	165621
1681	3391	457	180714	945	0	185507
1682	177935	312	2176	1368	0	181791
1683	3286	1273	1176	183445	0	189180
1684	2085	191471	930	2024	0	196510
1685	1921	1705	199936	1001	0	204563
1686	1457	197651	2266	967	0	202341
1687	1260	177578	1152	813	0	180803
1688	203441	2009	938	1805	0	208193
1689	1912	575	395	203245	0	206127
1690	760	240	165	199397	0	200562
1691	208756	202	201	2332	0	211491
1692	1599	195	221	211329	0	213344
1693	826	260	186	210685	0	211957
1694	766	213	150	211083	0	212212
1695	693	259	133	209938	0	211023
1696	377	255	212090	1714	0	214436
1697	454	317	201558	710	0	203039
1698	316	207806	1333	669	0	210124
1699	214408	1179	388	1330	0	217305
1700	1571	351	206	219387	0	221515
1701	640	210439	269	1608	0	212956
1702	737	1321	208	229932	0	232198
1703	664	376	251	230757	0	232048
1704	760	371	213	228704	0	230048
1705	713	301	177	233056	0	234247
1706	734	293	168	231555	0	232750
1707	377	226521	242	1985	0	229125
1708	592	1314	188	232552	0	234646
1709	467	602	227097	1812	0	229978
1710	400	226578	1272	1027	0	229277
1711	672	1332	331	230535	0	232870
1712	681	449	241	230094	0	231465
1713	330	224553	372	1980	0	227235
1714	354	228789	302	1005	0	230450
1715	225284	1344	273	1715	0	228616
1716	1241	224258	343	828	0	226670
1717	223927	1211	238	1564	0	226940
1718	221327	421	253	1563	0	223564
1719	1502	484	232824	738	0	235548
1720	1192	435	1130	221520	0	224277
1721	515	456	234657	1565	0	237193
1722	418	235874	1308	833	0	238433
1723	1692	1901	528	205198	0	209319
1724	854	463	277	234656	0	236250
1725	722	348	261	240232	0	241563
1726	648	378	210	242943	0	244179
1727	425	385	247329	2106	0	250245
1728	795	260	1366	242447	0	244868
1729	394	462	245922	2032	0	248810
1730	515	454	236943	1001	0	238913
1731	227106	265	1768	2201	0	231340
1732	249765	260	621	1864	0	252510
1733	252586	270	430	1684	0	254970
1734	1868	247324	454	827	0	250473
1735	992	1559	320	252647	0	255518
1736	671	632	259749	1900	0	262952
1737	1261	391	1606	253609	0	256867
1738	852	539	266526	2004	0	269921
1739	256436	448	1777	2190	0	260851
1740	260237	312	676	1711	0	262936
1741	259996	326	544	1755	0	262621
1742	2305	475	250735	578	0	254093
1743	1119	507	244880	645	0	247151
1744	1301	523	1876	256141	0	259841
1745	1560	334	859	237270	0	240023
1746	891	173	471	261994	0	263529
1747	653	357	260686	2010	0	263706
1748	727	430	231854	1081	0	234092
1749	249904	261	1924	1664	0	253753
1750	1881	238	751	272351	0	275221
1751	915	167	688	274282	0	276052
1752	280472	154	584	3430	0	284640
1753	2059	179	574	280891	0	283703
1754	302488	176	487	3932	0	307083
1755	311290	175	493	2936	0	314894
1756	308107	227	423	2519	0	311276
1757	2311	426	316368	936	0	320041
1758	962	311049	1885	1420	0	315316
1759	326560	1509	682	1985	0	330736
1760	2636	393	490	327409	0	330928
1761	1548	302	482	325442	0	327774
1762	872	325405	589	2271	0	329137
1763	323475	1675	524	2212	0	327886
1764	320389	528	476	2236	0	323629
1765	324564	350	444	2148	0	327506
1766	2464	328492	566	880	0	332402
1767	347007	1793	339	2537	0	351676
1768	347568	609	353	2287	0	350817
1769	349903	370	359	1844	0	352476
1770	3178	321	424	345560	0	349483
1771	1589	329	339	349866	0	352123
1772	1095	543	355546	2611	0	359795
1773	1781	373	1779	343679	0	347612
1774	1848	278	563	343591	0	346280
1775	957	501	354947	2674	0	359079
1776	332180	271	1574	2552	0	336577
1777	357510	312	537	2083	0	360442
1778	3095	300	417	355220	0	359032
1779	1273	346762	582	2142	0	350759
1780	1094	351169	482	1194	0	353939
1781	1374	2338	362	350132	0	354206
1782	1045	789	341099	2219	0	345152
1783	1757	852	1601	329110	0	333320
1784	791	558	336842	2220	0	340411
1785	720	475	325551	902	0	327648
1786	1090	237	1368	343653	0	346348
1787	347763	164	589	2933	0	351449
1788	337794	153	386	1923	0	340256
1789	1922	197	332	348953	0	351404
1790	1379	261	364	341970	0	343974
1791	1065	181	284	348724	0	350254
1792	864	188	296	345818	0	347166
1793	347884	141	309	3083	0	351417
1794	340075	243	335	2336	0	342989
1795	339058	219	293	2197	0	341767
1796	1798	315	341326	685	0	344124
1797	1426	140	1210	337526	0	340302
1798	1063	175	458	348002	0	349698
1799	344925	140	386	2641	0	348092
1800	1511	338058	511	988	0	341068
1801	338427	1117	228	2173	0	341945
1802	335446	442	254	2007	0	338149
1803	332974	256	258	1942	0	335430
1804	330387	188	278	1923	0	332776
1805	2365	432	335961	689	0	339447
1806	1688	580	302205	730	0	305203
1807	343596	215	1811	2108	0	347730
1808	356158	164	640	1783	0	358745
1809	354740	185	434	1734	0	357093
1810	357649	169	419	1897	0	360134
1811	2922	510	377823	597	0	381852
1812	1472	394287	2956	912	0	399627
1813	2532	3408	1216	424857	0	432013
1814	448300	1424	721	6720	0	457165
1815	454309	837	473	4661	0	460280
1816	486905	429	413	3479	0	491226
1817	495818	301	434	2955	0	499508
1818	503842	277	486	2616	0	507221
1819	486578	464	546	2507	0	490095
1820	14857	936	423440	2009	0	441242
1821	7525	593	459369	769	0	468256
1822	6509	478	8352	460169	0	475508
1823	4838	539	475666	6946	0	487989
1824	4466	454958	8732	3661	0	471817
1825	4238	447182	4630	2333	0	458383
1826	4984	9285	2904	479488	0	496661
1827	3229	4457	497306	7512	0	512504
1828	2628	2579	462529	4215	0	471951
1829	466567	1713	11961	4606	0	484847
1830	522832	1596	6318	3901	0	534647
1831	14328	1897	3869	526130	0	546224
1832	536449	2151	3282	12722	0	554604
1833	14689	1656	2607	533059	0	552011
1834	8634	994	2681	538008	0	550317
1835	4992	932	541102	15896	0	562922
1836	4619	1053	509896	7862	0	523430
1837	5777	763	15338	517548	0	539426
1838	4059	987	521888	13684	0	540618
1839	482553	618	13693	9973	0	506837
1840	526238	482	7078	7326	0	541124
1841	16701	528127	4943	4818	0	554589
1842	537364	10822	4188	5557	0	557931
1843	16224	4911	526379	3118	0	550632
1844	517702	2166	14115	4478	0	538461
1845	539218	1277	7284	4547	0	552326
1846	546387	1283	4617	3869	0	556156
1847	24120	1495	3291	514214	0	543120
1848	12665	520517	3468	11366	0	548016
1849	531495	12066	3071	7651	0	554283
1850	534582	5252	3426	5275	0	548535
1851	23386	2935	3490	528105	0	557916
1852	530670	1749	2920	17066	0	552405
1853	20626	531377	2865	8760	0	563628
1854	13541	14013	2488	519804	0	549846
1855	8990	7006	504668	16932	0	537596
1856	456227	4088	14961	11333	0	486609
1857	20024	2803	506136	6014	0	534977
1858	13345	2928	16834	497871	0	530978
1859	8978	489390	8359	16564	0	523291
1860	7807	537115	5563	8372	0	558857
1861	9181	21039	4257	535051	0	569528
1862	11771	495851	5467	18836	0	531925
1863	10322	21937	4721	715835	0	752815
1864	10347	9680	4543	764820	0	789390
1865	9404	6971	4202	785822	0	806399
1866	736218	6621	3171	47524	0	793534
1867	36049	5958	2720	747994	0	792721
1868	16780	5536	719297	42880	0	784493
1869	12299	720006	28971	24048	0	785324
1870	730039	30275	11424	18302	0	790040
1871	40954	12477	6390	726635	0	786456
1872	23738	7612	6033	747016	0	784399
1873	17645	6925	5546	764839	0	794955
1874	13979	7360	716011	49384	0	786734
1875	11798	718294	32100	26036	0	788228
1876	725377	32157	15164	20935	0	793633
1877	39358	14715	9158	693371	0	756602
1878	17907	734298	8785	40015	0	801005
1879	729406	35729	8075	25699	0	798909
1880	37929	17516	720124	17140	0	792709
1881	718557	12153	35523	16924	0	783157
1882	42100	11833	730969	12313	0	797215
1883	23349	11400	729770	12078	0	776597
1884	16781	722268	43334	13497	0	795880
1885	18188	35115	20791	696170	0	770264
1886	13762	15708	709107	40144	0	778721
1887	12868	668884	42310	21038	0	745100
1888	14431	35353	22629	660472	0	732885
1889	10129	684812	16233	38589	0	749763
1890	9681	39257	686921	21521	0	757380
1891	11514	20660	38695	682811	0	753680
1892	8771	15204	695442	44768	0	764185
1893	12104	12629	41294	690394	0	756421
1894	11757	10969	22496	721365	0	766587
1895	9226	10633	690602	54860	0	765321
1896	12074	9378	42956	698147	0	762555
1897	663275	8446	22857	54053	0	748631
1898	36964	673650	16861	32735	0	760210
1899	20354	35248	678177	26050	0	759829
1900	668953	16900	40425	24952	0	751230
1901	45686	12612	21559	643390	0	723247
1902	24849	675691	15915	42510	0	758965
1903	691314	37975	14699	26959	0	770947
1904	717692	20536	13652	21014	0	772894
1905	54601	15605	12211	668822	0	751239
1906	30281	14162	10782	698286	0	753511
1907	22133	12305	10367	708831	0	753636
1908	19879	12143	9735	694309	0	736066
1909	16819	654944	10259	63138	0	745160
1910	19407	47022	9919	631424	0	707772
1911	14792	617748	9384	52698	0	694622
1912	12984	614992	9799	35911	0	673686
1913	10033	614145	10663	28942	0	663783
1914	12182	45452	555539	26460	0	639633
1915	10331	584182	34570	25746	0	654829
1916	525759	40656	19160	25722	0	611297
1917	32859	539561	12593	24852	0	609865
1918	19663	38453	12749	482217	0	553082
1919	14494	540386	12707	42009	0	609596
1920	16307	40620	12287	535800	0	605014
1921	16211	24861	12466	560700	0	614238
1922	14333	20538	527536	51151	0	613558
1923	506005	20234	33820	33179	0	593238
1924	530756	17985	16879	30567	0	596187
1925	533820	15482	13977	30060	0	593339
1926	41612	513448	15173	30714	0	600947
1927	23422	34423	15276	513012	0	586133
1928	18990	20163	496158	46823	0	582134
1929	18501	492094	35504	29551	0	575650
1930	20404	38310	17549	414163	0	490426
1931	16500	466173	14185	33803	0	530661
1932	460268	35216	14594	22600	0	532678
1933	465962	22788	14354	17947	0	521051
1934	480647	17004	16286	16715	0	530652
1935	480223	15631	17804	15056	0	528714
1936	43276	14396	16586	452838	0	527096
1937	24848	14878	15168	453638	0	508532
1938	19183	450370	14595	38608	0	522756
1939	19144	33521	11486	465112	0	529263
1940	14527	19896	445663	43617	0	523703
1941	12350	16320	29451	454509	0	512630
1942	8900	17093	436842	44702	0	507537
1943	7913	429654	32009	32097	0	501673
1944	7760	32444	437317	25665	0	503186
1945	9282	18989	36073	440647	0	504991
1946	8775	13971	443649	42950	0	509345
1947	9760	14003	36466	443943	0	504172
1948	11130	13590	21965	454703	0	501388
1949	12775	13123	16964	458323	0	501185
1950	12609	13912	16311	456895	0	499727
1951	421532	13580	12817	46104	0	494033
1952	30339	427070	11071	29185	0	497665
1953	416260	30361	9617	25626	0	481864
1954	31075	18332	390575	23339	0	463321
1955	402643	13771	22881	22393	0	461688
1956	422574	13300	10709	22102	0	468685
1957	41505	12737	391704	19900	0	465846
1958	28480	10765	382486	19025	0	440756
1959	21194	364122	26913	21700	0	433929
1960	15863	359347	12722	21051	0	408983
1961	14944	27355	325574	21245	0	389118
1962	9551	295756	20208	20329	0	345844
1963	10089	14753	6892	142486	0	174220
1964	125165	2459	3258	5436	0	136318
1965	3841	1498	1263	125469	0	132071
1966	125867	1482	825	4684	0	132858
1967	126012	1509	828	2937	0	131286
1968	4213	127671	1117	2213	0	135214
1969	128179	3136	764	2424	0	134503
1970	129607	1675	622	2439	0	134343
1971	4702	1568	553	126824	0	133647
1972	128410	1223	526	4257	0	134416
1973	4029	129324	561	2387	0	136301
1974	2586	2934	513	130944	0	136977
1975	130482	1605	492	4390	0	136969
1976	3651	1374	127098	2092	0	134215
1977	125485	908	2347	1602	0	130342
1978	3871	1188	1104	128497	0	134660
1979	2055	745	127187	2549	0	132536
1980	1655	868	118831	1409	0	122763
1981	119889	1349	3433	1640	0	126311
1982	122886	316	1220	1230	0	125652
1983	2888	261	893	120890	0	124932
1984	1642	262	608	122125	0	124637
1985	1294	285	469	122087	0	124135
1986	829	122076	479	2813	0	126197
1987	121501	1903	404	2098	0	125906
1988	2307	121838	333	1338	0	125816
1989	121245	2199	375	1534	0	125353
1990	2734	1058	120383	823	0	124998
1991	1598	757	2012	121484	0	125851
1992	124490	528	909	2780	0	128707
1993	2793	489	831	124472	0	128585
1994	1689	371	671	123367	0	126098
1995	1269	116789	625	2996	0	121679
1996	121089	1962	486	2179	0	125716
1997	2593	126958	573	1464	0	131588
1998	1545	2548	403	129139	0	133635
1999	1178	1411	125404	2859	0	130852
2000	109123	940	2275	2210	0	114548
2001	2916	840	121482	1335	0	126573
2002	111065	612	2631	1491	0	115799
2003	3166	120213	1335	843	0	125557
2004	1979	2533	868	114318	0	119698
2005	1325	118242	776	2568	0	122911
2006	119434	2902	580	1890	0	124806
2007	3401	1348	532	119803	0	125084
2008	1918	1068	470	123069	0	126525
2009	1419	955	117534	3770	0	123678
2010	108760	829	2447	2509	0	114545
2011	3396	705	1070	120672	0	125843
2012	1710	703	117594	3418	0	123425
2013	1435	116800	2874	1793	0	122902
2014	1403	2455	1398	118727	0	123983
2015	118824	1117	1073	3767	0	124781
2016	3210	929	927	119791	0	124857
2017	1800	819	119319	3455	0	125393
2018	124931	670	2707	2411	0	130719
2019	4202	596	1286	128013	0	134097
2020	1875	753	140258	4074	0	146960
2021	1947	550	4149	140931	0	147577
2022	1720	468	1707	141075	0	144970
2023	1225	143099	1442	5487	0	151253
2024	140993	4083	1042	3626	0	149744
2025	4803	143928	876	2308	0	151915
2026	143837	5033	711	2332	0	151913
2027	5753	2072	840	138764	0	147429
2028	2549	142835	820	4765	0	150969
2029	2496	4771	638	142646	0	150551
2030	1563	2268	138053	5827	0	147711
2031	132452	1708	4183	3128	0	141471
2032	5417	1338	1720	136430	0	144905
2033	3011	1077	1320	136821	0	142229
2034	2451	886	1032	139507	0	143876
2035	1587	1046	131844	7473	0	141950
2036	1383	1072	128937	4383	0	135775
2037	1271	132372	5623	3198	0	142464
2038	1701	4443	2501	129975	0	138620
2039	128755	1834	1783	6012	0	138384
2040	4782	131388	1335	3069	0	140574
2041	2667	4813	1068	135687	0	144235
2042	137010	2269	995	6451	0	146725
2043	137790	1799	1067	3613	0	144269
2044	6340	137771	1070	2614	0	147795
2045	148925	5135	874	2677	0	157611
2046	166732	2206	716	2697	0	172351
2047	8957	1863	810	170752	0	182382
2048	4262	170368	948	7754	0	183332
2049	4015	6567	957	177409	0	188948
2050	175551	2844	955	9483	0	188833
2051	8716	2502	173792	4576	0	189586
2052	5122	1970	6597	173964	0	187653
2053	4674	1933	2602	179597	0	188806
2054	3144	1959	173041	11439	0	189583
2055	3400	2055	7337	176755	0	189547
2056	173450	1578	3424	11787	0	190239
2057	159213	1573	2891	7238	0	170915
2058	10198	1236	2571	174066	0	188071
2059	5397	1264	169492	11162	0	187315
2060	4292	1229	162935	7295	0	175751
2061	3747	159455	9236	6164	0	178602
2062	3679	172327	4545	5169	0	185720
2063	4280	8493	2961	166794	0	182528
2064	163861	3538	2610	10030	0	180039
2065	8051	164928	2974	5622	0	181575
2066	162622	7877	3037	5143	0	178679
2067	9138	4137	2673	162280	0	178228
2068	4898	3662	2344	165200	0	176104
2069	154954	3097	1790	11683	0	171524
2070	9152	157179	1478	6618	0	174427
2071	159905	7873	1436	5281	0	174495
2072	10240	4250	152203	4507	0	171200
2073	5525	3257	151392	4110	0	164284
2074	5029	2813	8678	147976	0	164496
2075	3823	2727	148994	9395	0	164939
2076	3940	2696	148198	4994	0	159828
2077	4231	2839	8960	140367	0	156397
2078	3749	2067	145978	8848	0	160642
2079	3618	1786	9664	142201	0	157269
2080	3221	1588	5775	146620	0	157204
2081	2578	1320	147612	11646	0	163156
2082	2846	1444	9297	145584	0	159171
2083	3041	1504	5663	143123	0	153331
2084	2546	140656	4679	11477	0	159358
2085	141410	6757	4006	7666	0	159839
2086	7689	3223	141351	6546	0	158809
2087	4220	2505	8718	142108	0	157551
2088	3442	2099	5210	148265	0	159016
2089	2589	2203	140559	12336	0	157687
2090	131206	2087	8742	8191	0	150226
2091	7683	138161	4971	6741	0	157556
2092	4872	7040	4027	140154	0	156093
2093	3953	3372	3728	142463	0	153516
2094	3035	138531	3495	12491	0	157552
2095	2951	7269	137621	8319	0	156160
2096	2968	140560	8455	6564	0	158547
2097	133899	8275	4385	6069	0	152628
2098	7501	4806	132928	5084	0	150319
2099	4541	3788	7521	133660	0	149510
2100	3652	3069	134366	9650	0	150737
2101	3045	3393	134452	6046	0	146936
2102	3139	132879	9641	5315	0	150974
2103	3723	7471	5714	128161	0	145069
2104	130449	3619	4582	8685	0	147335
2105	132456	3132	4428	5567	0	145583
2106	8247	131558	4215	5391	0	149411
2107	4643	6833	4060	135261	0	150797
2108	132743	4113	3850	9223	0	149929
2109	136731	3759	3230	5747	0	149467
2110	9293	134196	2932	5270	0	151691
2111	139319	6967	2604	4547	0	153437
2112	9644	3594	2832	133064	0	149134
2113	5322	137363	2902	8637	0	154224
2114	5049	6819	2764	142053	0	156685
2115	4883	4337	2696	143828	0	155744
2116	5038	4150	2251	144861	0	156300
2117	4167	3330	136404	10806	0	154707
2118	3938	2820	123285	6323	0	136366
2119	3291	127468	6603	5637	0	142999
2120	113299	5275	3390	4485	0	126449
2121	5096	112417	2306	4702	0	124521
2122	3102	4717	2223	113016	0	123058
2123	2556	2667	116534	6487	0	128244
2124	2358	2665	5485	112929	0	123437
2125	2306	2483	3538	117633	0	125960
2126	2175	2683	2531	121672	0	129061
2127	117445	2353	2187	7683	0	129668
2128	4296	2153	2354	121368	0	130171
2129	2188	1589	126856	7657	0	138290
2130	119540	1442	5515	5738	0	132235
2131	124747	1429	3229	5272	0	134677
2132	130395	1309	2524	4692	0	138920
2133	131337	1247	2116	4488	0	139188
2134	131574	1275	2009	3855	0	138713
2135	7023	126508	2192	3548	0	139271
2136	4812	3762	2083	122236	0	132893
2137	4449	125908	1702	5181	0	137240
2138	129244	4185	1376	3606	0	138411
2139	128713	2209	1197	3308	0	135427
2140	125169	1978	1140	3028	0	131315
2141	6838	118992	1362	2665	0	129857
2142	3863	117495	1290	2331	0	124979
2143	3562	120014	1259	2266	0	127101
2144	4204	5101	115790	1776	0	126871
2145	5120	8399	3091	93959	0	110569
2146	1434	82756	778	1501	0	86469
2147	301	79760	234	307	0	80602
2148	276	489	208	79236	0	80209
2149	194	194	59	77633	0	78080
2150	157	162	79329	443	0	80091
2151	76119	120	437	518	0	77194
2152	522	93	174	84313	0	85102
2153	323	108	112	84458	0	85001
2154	202	168	84030	616	0	85016
2155	198	134	77542	318	0	78192
2156	150	86871	556	215	0	87792
2157	247	455	275	88770	0	89747
2158	292	245	168	89446	0	90151
2159	207	196	87106	706	0	88215
2160	77841	141	494	620	0	79096
2161	85829	119	238	457	0	86643
2162	685	188	88294	251	0	89418
2163	84998	157	510	531	0	86196
2164	731	162	89702	292	0	90887
2165	88262	121	552	516	0	89451
2166	91426	120	284	547	0	92377
2167	900	174	94187	189	0	95450
2168	623	101	548	92956	0	94228
2169	686	168	373	85932	0	87159
2170	402	122	159	98753	0	99436
2171	98074	108	179	1200	0	99561
2172	96293	130	126	798	0	97347
2173	930	140	100012	320	0	101402
2174	490	166	92777	373	0	93806
2175	100928	126	918	820	0	102792
2176	106563	81	369	736	0	107749
2177	1109	109	105238	348	0	106804
2178	617	164	102434	235	0	103450
2179	697	99	1017	106184	0	107997
2180	347	150	110143	970	0	111610
2181	509	125	1150	104222	0	106006
2182	110003	62	448	1474	0	111987
2183	1455	112	116730	495	0	118792
2184	108243	71	1583	779	0	110676
2185	1742	105	130170	537	0	132554
2186	1075	65	1897	128766	0	131803
2187	841	103	732	136179	0	137855
2188	790	130	389	136662	0	137971
2189	529	138779	419	2469	0	142196
2190	1336	2036	477	120177	0	124026
2191	912	430	280	141138	0	142760
2192	138852	198	426	2983	0	142459
2193	2359	254	136961	939	0	140513
2194	124327	118	2117	1229	0	127791
2195	2443	201	135806	581	0	139031
2196	119195	273	2235	986	0	122689
2197	2369	133585	790	730	0	137474
2198	954	1858	133246	541	0	136599
2199	771	485	131691	316	0	133263
2200	1505	494	2817	112141	0	116957
2201	837	161	777	134005	0	135780
2202	397	155	135262	2432	0	138246
2203	527	202	130799	829	0	132357
2204	432	338	147312	652	0	148734
2205	155633	81	2680	1454	0	159848
2206	161799	85	1064	1077	0	164025
2207	163070	93	698	974	0	164835
2208	2878	80	647	160388	0	163993
2209	1241	73	642	162273	0	164229
2210	746	141	171211	2649	0	174747
2211	1035	157	2324	163904	0	167420
2212	1376	241	952	150661	0	153230
2213	169447	116	636	3328	0	173527
2214	167950	135	535	1583	0	170203
2215	172204	132	463	1475	0	174274
2216	3089	148	531	171040	0	174808
2217	1360	106	728	171718	0	173912
2218	1060	125	584	173065	0	174834
2219	171063	122	523	3339	0	175047
2220	2891	166	537	167439	0	171033
2221	1184	168503	613	2319	0	172619
2222	1169	1961	623	165983	0	169736
2223	760	164723	650	2388	0	168521
2224	165241	2062	717	1616	0	169636
2225	161030	550	680	1522	0	163782
2226	2612	162836	771	980	0	167199
2227	1018	167484	737	1033	0	170272
2228	1100	2603	720	166284	0	170707
2229	865	717	160898	2804	0	165284
2230	1072	582	2376	154071	0	158101
2231	912	456	160226	3145	0	164739
2232	884	159802	2518	1558	0	164762
2233	1070	2210	1025	162571	0	166876
2234	1042	737	806	164634	0	167219
2235	862	497	171461	3286	0	176106
2236	1229	424	2669	168094	0	172416
2237	899	419	174825	3281	0	179424
2238	168254	309	2876	2001	0	173440
2239	176406	440	1159	1636	0	179641
2240	179002	359	797	1786	0	181944
2241	3427	373	782	176137	0	180719
2242	1691	300	841	177779	0	180611
2243	1126	419	179947	3739	0	185231
2244	1407	629	2823	171896	0	176755
2245	1019	170243	1175	3276	0	175713
2246	1155	2307	176433	1562	0	181457
2247	1167	786	172180	1396	0	175529
2248	1760	654	2908	157249	0	162571
2249	988	567	176848	3259	0	181662
2250	1007	604	171541	1627	0	174779
2251	159194	454	2906	2330	0	164884
2252	2655	193229	1230	1368	0	198482
2253	201691	2189	1104	2397	0	207381
2254	202674	719	936	1982	0	206311
2255	206600	558	813	1980	0	209951
2256	3400	513	914	205753	0	210580
2257	1778	403	914	209613	0	212708
2258	1326	549	208198	3432	0	213505
2259	1401	587	2387	202351	0	206726
2260	1029	205504	1333	3006	0	210872
2261	211061	2128	1113	2163	0	216465
2262	2686	209352	1094	1254	0	214386
2263	1118	212593	966	1437	0	216114
2264	1348	2826	938	213611	0	218723
2265	1163	985	215698	2862	0	220708
2266	1493	686	2517	210500	0	215196
2267	1089	797	212964	3078	0	217928
2268	1038	210768	2610	1632	0	216048
2269	213029	2118	1104	1928	0	218179
2270	213816	647	812	1987	0	217262
2271	217613	495	875	2287	0	221270
2272	3007	623	225941	1288	0	230859
2273	1532	641	203226	1321	0	206720
2274	220524	432	2568	2031	0	225555
2275	199320	414	31650	1832	0	233216
2276	231796	411	974	1649	0	234830
2277	2991	395	606	230745	0	234737
2278	1598	367	535	235058	0	237558
2279	234583	305	600	3405	0	238893
2280	229007	276	609	2229	0	232121
2281	2712	512	236037	1115	0	240376
2282	1414	485	221230	885	0	224014
2283	217070	269	1304	1612	0	220255
2284	1806	366	229225	658	0	232055
2285	210304	148	1516	1340	0	213308
2286	1031	273	219804	389	0	221497
2287	734	418	565	212230	0	213947
2288	385	247	225765	420	0	226817
2289	787	126	416	222206	0	223535
2290	451	64	158	228708	0	229381
2291	183	226578	299	672	0	227732
2292	232762	320	142	1512	0	234736
2293	528	321	239030	168	0	240047
2294	219898	121	445	1326	0	221790
2295	508	241073	313	246	0	242140
2296	252827	412	158	1294	0	254691
2297	899	114	137	252528	0	253678
2298	547	106	134	253486	0	254273
2299	253	260280	245	838	0	261616
2300	479	631	121	270071	0	271302
2301	587	269	136	269677	0	270669
2302	432	215	117	273144	0	273908
2303	265889	97	104	2916	0	269006
2304	246065	99	114	1816	0	248094
2305	1868	333	244074	513	0	246788
2306	772	245695	1380	437	0	248284
2307	803	1242	492	253704	0	256241
2308	698	459	265	263269	0	264691
2309	355	477	265014	2395	0	268241
2310	782	166	2070	253849	0	256867
2311	260226	105	624	3726	0	264681
2312	260626	120	376	2118	0	263240
2313	265154	114	244	1701	0	267213
2314	3761	129	211	268603	0	272704
2315	277868	99	191	4349	0	282507
2316	275870	93	214	2661	0	278838
2317	282480	93	268	1962	0	284803
2318	4153	182	218	281475	0	286028
2319	2199	129	213	283762	0	286303
2320	1486	176	221	285319	0	287202
2321	1429	154	209	276856	0	278648
2322	1332	99	219	277104	0	278754
2323	811	307	275793	4078	0	280989
2324	962	283	266151	1763	0	269159
2325	909	263256	2960	1244	0	268369
2326	1383	2283	976	276573	0	281215
2327	1287	654	533	279955	0	282429
2328	1246	406	313	281568	0	283533
2329	907	393	278175	4326	0	283801
2330	1403	178	2666	272780	0	277027
2331	763	334	277842	3965	0	282904
2332	1133	166	2979	274376	0	278654
2333	646	341	284554	4055	0	289596
2334	424	282790	3041	2338	0	288593
2335	962	2753	1035	282243	0	286993
2336	543	1033	276723	3877	0	282176
2337	233526	578	3228	3705	0	241037
2338	2907	275712	1463	1533	0	281615
2339	1544	2919	886	281660	0	287009
2340	654	281676	786	3793	0	286909
2341	1149	3373	623	277961	0	283106
2342	283181	1081	601	5382	0	290245
2343	3769	704	633	280061	0	285167
2344	1190	280406	745	4108	0	286449
2345	281026	3131	610	3174	0	287941
2346	4016	1133	566	287473	0	293188
2347	1910	1047	530	292640	0	296127
2348	294727	670	556	6969	0	302922
2349	5336	562	477	317151	0	323526
2350	3309	462	541	395283	0	399595
2351	1744	722	404088	12650	0	419204
2352	1363	892	389946	4888	0	397089
2353	2893	595	14522	387484	0	405494
2354	1226	737	395540	13107	0	410610
2355	1150	668	383986	5828	0	391632
2356	357037	426	16637	6482	0	380582
2357	12462	601	392123	3189	0	408375
2358	4646	386092	16128	2915	0	409781
2359	6224	11336	6486	383587	0	407633
2360	400269	3776	5150	14934	0	424129
2361	410798	3031	3499	7508	0	424836
2362	409233	1508	2903	7423	0	421067
2363	19428	401942	3336	4179	0	428885
2364	11577	12751	3088	396405	0	423821
2365	8482	4660	3114	412035	0	428291
2366	376369	3819	3951	20182	0	404321
2367	404979	2010	3308	11382	0	421679
2368	407022	1808	2949	8739	0	420518
2369	20950	1770	402595	4907	0	430222
2370	11283	389260	15002	4988	0	420533
2371	8226	456080	7604	4618	0	476528
2372	8938	20856	6330	434430	0	470554
2373	8130	11451	3562	466293	0	489436
2374	5819	7525	461599	27409	0	502352
2375	446677	4640	20154	18224	0	489695
2376	474958	3311	10520	13481	0	502270
2377	31071	3588	8378	461293	0	504330
2378	21109	2886	4972	472123	0	501090
2379	16434	1943	4059	483060	0	505496
2380	467828	2063	3145	36082	0	509118
2381	26853	2700	446645	20842	0	497040
2382	15815	3209	457314	15696	0	492034
2383	13356	3692	27451	450123	0	494622
2384	7453	4151	457816	27304	0	496724
2385	437558	3314	28068	18942	0	487882
2386	451202	1984	16730	15739	0	485655
2387	464192	1393	12973	12044	0	490602
2388	37762	429399	9213	9307	0	485681
2389	448652	18291	6867	9271	0	483081
2390	36367	10567	4728	427896	0	479558
2391	22041	8168	4423	439294	0	473926
2392	17461	4628	4721	453949	0	480759
2393	10870	4006	423145	39893	0	477914
2394	11617	3057	23880	415055	0	453609
2395	8929	416210	15882	33621	0	474642
2396	404204	18203	13795	23179	0	459381
2397	23775	418748	9848	19619	0	471990
2398	17039	24771	410516	13573	0	465899
2399	17024	415665	23736	10618	0	467043
2400	402395	27272	14110	9980	0	453757
2401	27778	406777	12393	9162	0	456110
2402	19615	28245	9144	350107	0	407111
2403	13981	405791	8651	23798	0	452221
2404	400012	27390	7748	18971	0	454121
2405	411879	15564	7651	16325	0	451419
2406	374577	12366	7943	14791	0	409677
2407	37122	10320	391641	10624	0	449707
2408	24807	9303	388484	9433	0	432027
2409	20284	8969	390306	8677	0	428236
2410	383370	7726	33988	9149	0	434233
2411	30739	8034	21670	369680	0	430123
2412	21258	7415	16334	383859	0	428866
2413	17127	8155	371477	29969	0	426728
2414	14435	7916	23625	378780	0	424756
2415	355275	8356	14507	33144	0	411282
2416	26770	357831	11599	22612	0	418812
2417	371138	21565	9675	18074	0	420452
2418	33786	13859	359348	11922	0	418915
2419	371683	11590	23803	10249	0	417325
2420	384890	8947	16516	8530	0	418883
2421	387785	8604	15063	8851	0	420303
2422	41369	7237	359639	9050	0	417295
2423	29748	6077	25002	357401	0	418228
2424	23901	5108	363895	25457	0	418361
2425	19781	4780	27938	365980	0	418479
2426	15036	5516	368303	30963	0	419818
2427	14634	5324	30623	364005	0	414586
2428	13352	6130	19565	381217	0	420264
2429	365361	5053	15185	35351	0	420950
2430	371982	5261	11702	24344	0	413289
2431	384605	3844	11412	18675	0	418536
2432	42775	3899	11282	351222	0	409178
2433	29691	316135	10264	26367	0	382457
2434	23888	353457	8967	18947	0	405259
2435	357221	23837	8200	17469	0	406727
2436	29735	16323	346260	13749	0	406067
2437	352877	11238	23916	14591	0	402622
2438	31663	8030	344713	13104	0	397510
2439	359050	7167	28126	12310	0	406653
2440	324248	6166	18160	13224	0	361798
2441	37576	4870	353102	10965	0	406513
2442	368373	4079	25188	12342	0	409982
2443	375593	4514	16929	10803	0	407839
2444	379280	4914	13518	10101	0	407813
2445	44696	350138	9944	9995	0	414773
2446	30789	22508	10152	348070	0	411519
2447	22142	13706	346957	23552	0	406357
2448	18796	11049	349646	16209	0	395700
2449	17112	316033	27860	13064	0	374069
2450	11225	247127	16288	7318	0	281958
2451	12768	12820	13421	220692	0	259701
2452	218895	8928	8253	12395	0	248471
2453	15674	221082	6096	9630	0	252482
2454	15437	11462	5009	215112	0	247020
2455	13111	222230	4484	11879	0	251704
2456	225736	12639	3490	10811	0	252676
2457	16286	9998	3799	218919	0	249002
2458	12199	8782	212319	12749	0	246049
2459	9992	203672	10473	11212	0	235349
2460	7622	209387	9896	8531	0	235436
2461	8326	13112	8013	185560	0	215011
2462	7191	204445	6121	9041	0	226798
2463	7167	14071	5428	199438	0	226104
2464	198561	11357	3640	12546	0	226104
2465	198081	8872	3388	10069	0	220410
2466	212451	6922	3137	8026	0	230536
2467	214642	6041	3335	6935	0	230953
2468	20827	5413	200665	5338	0	232243
2469	16733	188927	7931	4282	0	217873
2470	12577	189334	6856	4674	0	213441
2471	5603	146929	2294	1860	0	156686
2472	3492	136846	1750	1616	0	143704
2473	131633	3421	3371	1615	0	140040
2474	127149	1102	719	976	0	129946
2475	130798	666	405	939	0	132808
2476	130772	565	366	900	0	132603
2477	2815	653	129307	431	0	133206
2478	136303	509	1769	1034	0	139615
2479	141639	516	963	813	0	143931
2480	144457	509	506	772	0	146244
2481	3410	460	358	142346	0	146574
2482	2058	406	363	143553	0	146380
2483	145697	413	337	2757	0	149204
2484	2658	517	329	143859	0	147363
2485	1530	142503	401	2131	0	146565
2486	1306	1946	303	146663	0	150218
2487	1210	997	267	146476	0	148950
2488	963	146967	386	2654	0	150970
2489	1150	1841	361	148831	0	152183
2490	1128	1027	332	149291	0	151778
2491	146665	725	263	3013	0	150666
2492	2276	665	140327	1437	0	144705
2493	135515	539	1617	1453	0	139124
2494	2540	582	139535	818	0	143475
2495	1549	581	131307	735	0	134172
2496	1166	526	136117	622	0	138431
2497	134725	402	2414	1011	0	138552
2498	2321	469	146088	524	0	149402
2499	140480	466	2110	1154	0	144210
2500	144254	328	1001	1066	0	146649
2501	146497	330	687	931	0	148445
2502	2587	145867	553	410	0	149417
2503	147590	1666	441	961	0	150658
2504	2180	149477	421	451	0	152529
2505	1601	1901	321	150884	0	154707
2506	1299	958	313	150689	0	153259
2507	964	148697	372	2251	0	152284
2508	909	148821	413	1161	0	151304
2509	871	153641	409	655	0	155576
2510	152440	2284	355	923	0	156002
2511	2062	155850	431	466	0	158809
2512	155819	2015	310	1097	0	159241
2513	2314	1273	152658	420	0	156665
2514	150365	846	1589	993	0	153793
2515	157014	686	789	1007	0	159496
2516	2913	717	152941	405	0	156976
2517	2076	576	1609	151445	0	155706
2518	1209	565	155415	1796	0	158985
2519	1309	440	1829	153657	0	157235
2520	1122	494	1000	155508	0	158124
2521	157213	452	616	3022	0	161303
2522	156257	477	467	1939	0	159140
2523	2690	155755	486	928	0	159859
2524	158323	1770	371	1324	0	161788
2525	2573	1120	157970	607	0	162270
2526	155084	613	1796	1310	0	158803
2527	2760	532	165118	623	0	169033
2528	1900	546	160445	545	0	163436
2529	166681	430	2876	1092	0	171079
2530	172712	404	1498	1126	0	175740
2531	3524	534	176034	658	0	180750
2532	2579	454	2479	164750	0	170262
2533	1603	415	1333	177480	0	180831
2534	1157	517	174761	3088	0	179523
2535	1577	473	2453	168687	0	173190
2536	1296	157274	1557	2461	0	162588
2537	1391	2327	914	178203	0	182835
2538	1451	1336	778	176992	0	180557
2539	1486	978	170191	3117	0	175772
2540	153563	600	2392	2473	0	159028
2541	167716	498	1388	1682	0	171284
2542	166339	441	965	1449	0	169194
2543	164885	384	888	1415	0	167572
2544	4411	160722	889	829	0	166851
2545	2979	2051	772	155860	0	161662
2546	2160	1090	153725	2601	0	159576
2547	1745	753	150355	1739	0	154592
2548	1875	738	2871	147476	0	152960
2549	1305	614	152268	2907	0	157094
2550	144968	470	2350	2277	0	150065
2551	2620	552	1286	152430	0	156888
2552	1679	538	927	152701	0	155845
2553	1259	515	740	153751	0	156265
2554	149608	466	679	4361	0	155114
2555	2357	149543	749	2246	0	154895
2556	148901	1948	658	2153	0	153660
2557	148752	962	691	1791	0	152196
2558	3430	144429	863	1007	0	149729
2559	2103	147513	1005	805	0	151426
2560	150040	2368	1087	1164	0	154659
2561	3063	1234	1125	148850	0	154272
2562	2160	674	1144	146740	0	150718
2563	152288	408	1104	3335	0	157135
2564	3163	543	149051	1503	0	154260
2565	144055	444	2624	1658	0	148781
2566	150128	357	1421	1554	0	153460
2567	4070	152900	828	972	0	158770
2568	162580	2272	606	1477	0	166935
2569	160757	1279	523	1715	0	164274
2570	4167	181193	516	949	0	186825
2571	1918	189563	488	840	0	192809
2572	2349	4507	350	183974	0	191180
2573	187859	2216	273	4054	0	194402
2574	3763	194278	324	1776	0	200141
2575	2736	4320	200	197202	0	204458
2576	201171	1978	221	5223	0	208593
2577	5062	1381	197779	2039	0	206261
2578	3430	905	4075	193498	0	201908
2579	1762	797	197246	4939	0	204744
2580	186142	596	4952	2988	0	194678
2581	197651	652	2332	2227	0	202862
2582	6648	673	195767	1215	0	204303
2583	3360	192702	5037	1145	0	202244
2584	3244	4452	2428	194947	0	205071
2585	1949	2322	198507	4627	0	207405
2586	2325	1325	5382	194476	0	203508
2587	2554	1071	2558	200871	0	207054
2588	1524	1123	198851	6955	0	208453
2589	188407	725	5420	4448	0	199000
2590	199995	742	2648	3168	0	206553
2591	7016	846	200546	1985	0	210393
2592	3375	199306	5795	2062	0	210538
2593	3241	4746	3102	190656	0	201745
2594	2190	196407	2102	4980	0	205679
2595	1857	200920	1717	2634	0	207128
2596	200040	6705	1577	2685	0	211007
2597	6526	3377	1242	199555	0	210700
2598	3826	2053	1121	199149	0	206149
2599	2115	1700	198385	7075	0	209275
2600	1854	1422	195658	3879	0	202813
2601	2401	1195	6963	193225	0	203784
2602	2446	1175	3416	200061	0	207098
2603	1876	1318	196690	7626	0	207510
2604	1838	1288	197149	4055	0	204330
2605	2335	1099	7794	195298	0	206526
2606	197180	1326	3912	7827	0	210245
2607	5641	201146	2972	4355	0	214114
2608	201197	6181	2256	3551	0	213185
2609	6958	200054	1864	2770	0	211646
2610	3878	207456	1572	2573	0	215479
2611	201677	7741	1626	2971	0	214015
2612	7197	3784	203140	2190	0	216311
2613	4547	2430	6628	200676	0	214281
2614	3692	2043	3545	204409	0	213689
2615	3293	1872	2475	221118	0	228758
2616	2420	1963	219623	9993	0	233999
2617	2783	1796	7888	219834	0	232301
2618	223519	1786	3991	10167	0	239463
2619	8563	1547	2859	227726	0	240695
2620	5068	1189	2595	238669	0	247521
2621	234050	1525	2055	12639	0	250269
2622	233546	1289	1883	7463	0	244181
2623	10551	227626	2189	5107	0	245473
2624	5501	7559	230798	3727	0	247585
2625	4411	3206	225512	3355	0	236484
2626	3666	2192	230079	3061	0	238998
2627	3095	218331	10737	3241	0	235404
2628	3684	7546	5619	210288	0	227137
2629	3170	3288	3485	221021	0	230964
2630	216303	2515	3247	10766	0	232831
2631	8843	2116	2764	214752	0	228475
2632	4300	1864	212988	10581	0	229733
2633	3621	1500	8920	214297	0	228338
2634	3346	1456	4474	218983	0	228259
2635	2825	1664	212466	12210	0	229165
2636	2686	209181	8943	7099	0	227909
2637	3623	7565	4427	189486	0	205101
2638	2504	210330	4182	9139	0	226155
2639	2231	8381	212147	5301	0	228060
2640	206748	4050	9767	4765	0	225330
2641	214439	3197	5030	4410	0	227076
2642	217527	2757	3591	4502	0	228377
2643	11607	2554	3165	207701	0	225027
2644	5946	212325	3132	9305	0	230708
2645	211065	8370	2615	6238	0	228288
2646	217785	3967	3086	4905	0	229743
2647	216832	2850	2961	4919	0	227562
2648	11927	2259	209461	4580	0	228227
2649	204932	1845	8607	4566	0	219950
2650	10663	208864	4565	3893	0	227985
2651	208052	7944	3529	4275	0	223800
2652	10065	212880	3148	3794	0	229887
2653	215361	8994	2852	3895	0	231102
2654	11515	4456	215300	3149	0	234420
2655	216381	3160	8276	3541	0	231358
2656	226659	2626	4188	3309	0	236782
2657	175463	3136	3639	4842	0	187080
2658	227570	2967	2471	3147	0	236155
2659	13526	2665	217308	2709	0	236208
2660	8595	2329	8062	216118	0	235104
2661	218973	2050	4136	9051	0	234210
2662	11226	215435	3834	4801	0	235296
2663	7404	7354	3033	214184	0	231975
2664	5431	3690	212250	9339	0	230710
2665	5975	3469	8075	212620	0	230139
2666	4629	2480	213914	10004	0	231027
2667	4190	200351	9134	6125	0	219800
2668	3766	191196	4768	4801	0	204531
2669	4000	197682	3311	3957	0	208950
2670	4660	8501	2125	169581	0	184867
2671	3815	2922	1755	169933	0	178425
2672	2918	1911	164545	7095	0	176469
2673	2421	157410	5602	3419	0	168852
2674	147580	4864	2568	2852	0	157864
2675	5056	142172	1965	1945	0	151138
2676	2262	145071	1569	1748	0	150650
2677	3722	5524	1776	138715	0	149737
2678	137692	2285	1518	5238	0	146733
2679	139768	1667	1368	3081	0	145884
2680	5555	1301	1505	138636	0	146997
2681	138297	1409	1268	5295	0	146269
2682	5325	1512	1031	137857	0	145725
2683	2482	1535	135034	5287	0	144338
2684	133662	1523	4070	3095	0	142350
2685	5091	1320	1844	136532	0	144787
2686	2385	1305	132708	4726	0	141124
2687	2103	1405	129585	2306	0	135399
2688	2225	1370	4541	132650	0	140786
2689	136400	1299	2159	4743	0	144601
2690	136309	1380	1487	2600	0	141776
2691	5186	136968	1371	1901	0	145426
2692	142552	3927	1155	2176	0	149810
2693	142659	1692	1117	2006	0	147474
2694	144864	1243	1169	2065	0	149341
2695	5904	144345	1112	1538	0	152899
2696	147488	3582	994	1966	0	154030
2697	150649	1527	972	1771	0	154919
2698	6307	1280	971	147172	0	155730
2699	144471	1088	903	4118	0	150580
2700	5103	140702	1151	1757	0	148713
2701	3064	145142	1102	1409	0	150717
2702	2840	3802	1046	143747	0	151435
2703	2742	1768	878	145131	0	150519
2704	2439	146220	844	3839	0	153342
2705	145609	3495	706	2042	0	151852
2706	4495	142195	742	1344	0	148776
2707	139438	3184	625	1251	0	144498
2708	4374	142041	668	947	0	148030
2709	2825	3351	589	136857	0	143622
2710	2159	144850	503	2841	0	150353
2711	145339	3603	1323	1803	0	152068
2712	144260	1672	735	1590	0	148257
2713	143023	1347	937	1605	0	146912
2714	4541	1219	136761	998	0	143519
2715	1963	841	124766	795	0	128365
2716	1222	125492	1971	685	0	129370
2717	1075	1983	122869	606	0	126533
2718	848	947	117272	605	0	119672
2719	1109	1686	1647	104040	0	108482
2720	554	392	113573	1131	0	115650
2721	386	113854	1046	513	0	115799
2722	113084	981	405	751	0	115221
2723	1037	112484	415	269	0	114205
2724	472	114562	257	218	0	115509
2725	118009	1181	200	728	0	120118
2726	119399	427	286	767	0	120879
2727	1171	123249	236	329	0	124985
2728	124723	1001	257	767	0	126748
2729	123404	455	202	588	0	124649
2730	122931	331	167	616	0	124045
2731	1396	407	118961	195	0	120959
2732	694	436	114908	220	0	116258
2733	738	317	1054	119731	0	121840
2734	784	253	382	117689	0	119108
2735	125579	277	204	1485	0	127545
2736	1183	121236	216	433	0	123068
2737	702	1107	177	125555	0	127541
2738	681	382	151	126782	0	127996
2739	593	293	197	127245	0	128328
2740	644	230	215	126873	0	127962
2741	411	347	126844	1701	0	129303
2742	439	389	121021	742	0	122591
2743	711	199	1376	128559	0	130845
2744	394	320	131495	1398	0	133607
2745	124191	213	1611	1086	0	127101
2746	1770	228	637	133764	0	136399
2747	749	215	134000	1675	0	136639
2748	118203	134	1580	1536	0	121453
2749	1671	132243	752	562	0	135228
2750	132912	1299	474	815	0	135500
2751	1663	136480	407	410	0	138960
2752	1025	1557	285	134187	0	137054
2753	606	645	134587	1442	0	137280
2754	818	434	1456	127204	0	129912
2755	447	403	128416	1684	0	130950
2756	123937	280	1637	1139	0	126993
2757	1759	306	714	131287	0	134066
2758	132157	234	506	2153	0	135050
2759	1904	352	129606	755	0	132617
2760	129895	261	1522	1112	0	132790
2761	143403	193	749	972	0	145317
2762	2810	280	144964	365	0	148419
2763	1685	268	2095	141433	0	145481
2764	944	258	146556	1925	0	149683
2765	675	144579	2264	948	0	148466
2766	145207	1868	1221	1202	0	149498
2767	144996	626	788	1004	0	147414
2768	2825	440	147316	415	0	150996
2769	1329	383	142766	447	0	144925
2770	1414	258	2657	140893	0	145222
2771	1077	323	1194	146091	0	148685
2772	147411	303	805	2901	0	151420
2773	2398	147372	760	1020	0	151550
2774	150168	1850	640	1340	0	153998
2775	149782	667	676	1227	0	152352
2776	2898	498	145980	642	0	150018
2777	136785	303	2188	1302	0	140578
2778	2724	388	147658	578	0	151348
2779	1943	393	2264	147160	0	151760
2780	1258	440	155291	1990	0	158979
2781	1551	255	2338	152671	0	156815
2782	1054	271	155869	2227	0	159421
2783	147723	218	2646	1624	0	152211
2784	154373	173	1372	1267	0	157185
2785	3084	161	1001	154421	0	158667
2786	157714	203	1101	2984	0	162002
2787	2967	281	860	159546	0	163654
2788	1476	160274	904	2529	0	165183
2789	161060	1710	806	2001	0	165577
2790	2730	159753	888	944	0	164315
2791	1829	2045	703	160910	0	165487
2792	1653	839	614	157602	0	160708
2793	1464	562	613	156283	0	158922
2794	1354	492	604	154460	0	156910
2795	983	629	149737	3176	0	154525
2796	130101	539	2090	2490	0	135220
2797	146539	446	909	1917	0	149811
2798	2952	147112	688	1376	0	152128
2799	1760	1829	569	149173	0	153331
2800	1488	743	601	151013	0	153845
2801	1064	694	145829	2963	0	150550
2802	138157	400	2254	2032	0	142843
2803	2826	426	1117	146627	0	150996
2804	1436	548	145044	2481	0	149509
2805	140507	407	2198	2257	0	145369
2806	146891	277	1165	1951	0	150284
2807	147084	205	950	1905	0	150144
2808	3262	328	143578	1015	0	148183
2809	1984	319	133440	944	0	136687
2810	136584	258	2457	1359	0	140658
2811	2827	261	1298	140946	0	145332
2812	1916	292	872	144930	0	148010
2813	1399	371	143555	2410	0	147735
2814	135253	246	2000	1772	0	139271
2815	2472	259	1178	145651	0	149560
2816	149608	240	874	3042	0	153764
2817	148856	179	745	2111	0	151891
2818	148699	202	633	1913	0	151447
2819	3228	283	152461	1132	0	157104
2820	2106	207	2267	151449	0	156029
2821	152671	197	1103	3263	0	157234
2822	3068	155300	851	1613	0	160832
2823	2224	2127	710	158558	0	163619
2824	1928	803	614	158866	0	162211
2825	155457	444	624	4108	0	160633
2826	153253	374	764	2391	0	156782
2827	4114	284	562	151401	0	156361
2828	2165	468	148631	3072	0	154336
2829	143176	370	2561	2284	0	148391
2830	3517	377	152771	1365	0	158030
2831	152208	219	2840	1760	0	157027
2832	157426	202	1404	1552	0	160584
2833	4478	353	155570	996	0	161397
2834	2676	334	3024	156342	0	162376
2835	1762	287	166472	3356	0	171877
2836	1608	178306	3750	1615	0	185279
2837	2041	3715	1639	171287	0	178682
2838	1391	180953	1123	3701	0	187168
2839	1782	4179	850	186456	0	193267
2840	1224	1410	191512	4753	0	198899
2841	1100	189386	4715	2096	0	197297
2842	1052	202821	1805	1348	0	207026
2843	1983	6552	1213	201928	0	211676
2844	202166	2251	718	5770	0	210905
2845	5938	1206	571	224825	0	232540
2846	228868	697	607	7830	0	238002
2847	6913	234230	789	2784	0	244716
2848	264810	6746	499	2564	0	274619
2849	8953	2685	273049	1274	0	285961
2850	4990	1400	7667	267480	0	281537
2851	3875	868	2564	272222	0	279529
2852	1748	887	269417	10635	0	282687
2853	255882	791	8135	5269	0	270077
2854	270078	889	2939	3541	0	277447
2855	10776	265733	2107	1807	0	280423
2856	6148	8421	1530	242110	0	258209
2857	3058	264104	1302	7537	0	276001
2858	2124	8528	261936	3501	0	276089
2859	2225	3231	267318	2737	0	275511
2860	3523	3981	10303	255334	0	273141
2861	253310	1385	3892	8996	0	267583
2862	8136	250321	2233	3662	0	264352
2863	252806	7848	1516	3118	0	265288
2864	9180	3413	247778	1820	0	262191
2865	247853	2072	8171	2273	0	260369
2866	258325	1681	3446	2144	0	265596
2867	11095	1459	251996	1534	0	266084
2868	6130	1403	8487	246160	0	262180
2869	253129	1396	3487	9070	0	267082
2870	255647	1228	2527	4293	0	263695
2871	257729	1257	1961	3005	0	263952
2872	13315	1096	1809	247606	0	263826
2873	6054	1173	245747	8239	0	261213
2874	242628	1034	8410	4482	0	256554
2875	10515	1132	249049	2622	0	263318
2876	6460	1061	9221	236984	0	253726
2877	5492	1005	3881	238631	0	249009
2878	3678	245155	2848	9703	0	261384
2879	3448	7867	243029	4705	0	259049
2880	3140	231531	8950	3311	0	246932
2881	3024	242867	4247	2878	0	253016
2882	3680	10177	3179	238396	0	255432
2883	2910	4251	239125	9416	0	255702
2884	3641	2707	9051	238614	0	254013
2885	2786	2344	240173	10474	0	255777
2886	3456	2118	9970	235885	0	251429
2887	3275	2422	4662	240155	0	250514
2888	2666	2409	228745	12374	0	246194
2889	3237	2088	9995	227991	0	243311
2890	2569	1983	230628	11574	0	246754
2891	2678	1819	228983	6213	0	239693
2892	2464	225502	12326	4903	0	245195
2893	227096	8706	6041	4830	0	246673
2894	10005	4044	227768	3733	0	245550
2895	221224	2972	10590	4342	0	239128
2896	11430	2241	5754	229023	0	248448
2897	5492	2252	227537	10523	0	245804
2898	4024	225693	10995	5820	0	246532
2899	4110	9349	6063	225637	0	245159
2900	3335	4523	228707	10750	0	247315
2901	4384	3279	11114	211089	0	229866
2902	3745	225331	6191	10103	0	245370
2903	227777	9537	4736	5819	0	247869
2904	11423	4672	4102	228050	0	248247
2905	221706	3792	3733	11649	0	240880
2906	228739	2959	3765	6604	0	242067
2907	227203	2607	3764	5639	0	239213
2908	232694	2306	3853	5160	0	244013
2909	229043	2370	3664	4828	0	239905
2910	14605	217547	3544	4610	0	240306
2911	8870	9064	3293	219389	0	240616
2912	7270	4316	3159	224561	0	239306
2913	6637	2926	3340	225744	0	238647
2914	6168	2518	212940	13966	0	235592
2915	5582	212597	10051	7737	0	235967
2916	216533	9256	5482	5687	0	236958
2917	217994	4507	4685	5324	0	232510
2918	13723	206963	4164	5414	0	230264
2919	7067	215922	4299	5399	0	232687
2920	212522	11240	3788	5788	0	233338
2921	11901	5960	207534	4481	0	229876
2922	7429	5013	10823	200884	0	224149
2923	203870	3714	5821	10632	0	224037
2924	12065	3585	4378	196000	0	216028
2925	6018	198650	4085	11333	0	220086
2926	5839	9510	3906	202134	0	221389
2927	4596	4842	201637	11625	0	222700
2928	196389	3315	11219	6753	0	217676
2929	208594	2784	5816	5765	0	222959
2930	14295	2605	4249	197294	0	218443
2931	9053	2445	3677	202481	0	217656
2932	191838	2660	3665	12802	0	210965
2933	11618	187872	3932	7199	0	210621
2934	7785	7705	3825	186493	0	205808
2935	7018	3605	3258	188656	0	202537
2936	166621	2109	2755	11471	0	182956
2937	9417	164626	2839	7161	0	184043
2938	162647	6503	2168	5572	0	176890
2939	10213	155500	2140	4291	0	172144
2940	5566	159108	2171	3838	0	170683
2941	151198	7290	2466	3682	0	164636
2942	7614	151796	2143	3580	0	165133
2943	5362	9510	2978	142516	0	160366
2944	3718	3272	142688	7552	0	157230
2945	2475	2156	117753	3478	0	125862
2946	1971	1782	111402	2664	0	117819
2947	1755	107864	5421	1918	0	116958
2948	74964	3175	4591	790	0	83520
2949	2496	1049	853	69115	0	73513
2950	1338	728	554	70843	0	73463
2951	826	524	69317	2936	0	73603
2952	68489	441	2260	1783	0	72973
2953	2511	477	1168	71553	0	75709
2954	1522	437	730	72898	0	75587
2955	1172	362	505	73190	0	75229
2956	69945	325	442	3895	0	74607
2957	2474	306	67929	2060	0	72769
2958	68300	261	2174	1488	0	72223
2959	3026	280	1137	68970	0	73413
2960	1585	370	68499	2653	0	73107
2961	66641	353	2224	1769	0	70987
2962	2819	393	69295	1230	0	73737
2963	1826	601	2577	67676	0	72680
2964	1243	392	69913	2571	0	74119
2965	948	373	67540	1456	0	70317
2966	63726	279	3245	1349	0	68599
2967	2513	316	66353	902	0	70084
2968	1552	285	3028	64805	0	69670
2969	64992	283	1800	2663	0	69738
2970	2628	315	1389	65683	0	70015
2971	1449	342	64964	2799	0	69554
2972	1267	301	65182	1643	0	68393
2973	920	65517	3247	1260	0	70944
2974	987	1942	1847	65400	0	70176
2975	63147	993	1342	2737	0	68219
2976	2354	62609	1021	1739	0	67723
2977	63828	2087	870	1530	0	68315
2978	2841	1108	901	63245	0	68095
2979	63439	829	710	2866	0	67844
2980	2935	61966	724	1756	0	67381
2981	1931	2112	675	62556	0	67274
2982	62889	1200	651	2823	0	67563
2983	2846	62794	649	1767	0	68056
2984	1912	2273	655	63272	0	68112
2985	1518	1220	764	63922	0	67424
2986	63948	908	749	3420	0	69025
2987	2736	691	793	64504	0	68724
2988	1877	551	803	64974	0	68205
2989	1460	580	826	66434	0	69300
2990	1174	469	60986	3986	0	66615
2991	59564	416	2555	2670	0	65205
2992	2914	380	1547	70494	0	75335
2993	1753	396	73852	3752	0	79753
2994	72443	403	3316	2537	0	78699
2995	3678	355	76398	1991	0	82422
2996	2132	389	3839	73322	0	79682
2997	1594	76145	2050	3588	0	83377
2998	1470	2869	1450	79202	0	84991
2999	1196	1324	78966	4357	0	85843
3000	1241	987	81228	2461	0	85917
3001	1340	717	4539	81959	0	88555
3002	1136	593	82060	4225	0	88014
3003	78299	632	4228	2517	0	85676
3004	3680	678	81661	1999	0	88018
3005	2248	574	4244	79316	0	86382
3006	1753	586	2323	82298	0	86960
3007	1459	571	1754	83281	0	87065
3008	80218	507	1396	5744	0	87865
3009	81620	495	1208	3346	0	86669
3010	83527	499	1117	2576	0	87719
3011	5437	439	1073	81122	0	88071
3012	2942	515	997	83522	0	87976
3013	1920	357	78723	5499	0	86499
3014	1553	334	79031	3405	0	84323
3015	1447	77519	4346	2497	0	85809
3016	1615	2882	2016	71365	0	77878
3017	1377	1021	1257	70220	0	73875
3018	1053	70308	1119	3937	0	76417
3019	70835	2423	981	2593	0	76832
3020	2960	71338	1015	1843	0	77156
3021	71832	2802	889	1662	0	77185
3022	3529	1334	836	71495	0	77194
3023	71624	827	911	3678	0	77040
3024	3588	646	877	72028	0	77139
3025	1717	662	69751	3767	0	75897
3026	1464	607	2950	71373	0	76394
3027	69889	598	1607	3841	0	75935
3028	3398	491	1164	70863	0	75916
3029	1794	505	963	71934	0	75196
3030	1258	463	69786	4551	0	76058
3031	1281	422	2842	71686	0	76231
3032	1288	379	1501	70369	0	73537
3033	1215	68576	1057	4330	0	75178
3034	1327	2350	803	71660	0	76140
3035	1426	909	736	72817	0	75888
3036	1423	574	708	72321	0	75026
3037	913	66880	757	4664	0	73214
3038	1026	2164	536	66698	0	70424
3039	62371	818	545	3820	0	67554
3040	2362	60085	548	2370	0	65365
3041	1074	56285	387	1568	0	59314
3042	705	56910	360	1239	0	59214
3043	727	3078	485	52231	0	56521
3044	538	51899	763	2307	0	55507
3045	681	54707	902	1381	0	57671
3046	52573	1909	971	1128	0	56581
3047	1984	845	51161	965	0	54955
3048	50161	728	1890	1114	0	53893
3049	1914	717	856	52242	0	55729
3050	664	556	51519	2495	0	55234
3051	49229	459	2451	1490	0	53629
3052	1736	440	50376	1332	0	53884
3053	782	428	49772	1205	0	52187
3054	51235	370	2964	1175	0	55744
3055	2291	447	1775	53016	0	57529
3056	1032	341	53971	2661	0	58005
3057	52760	245	2484	2102	0	57591
3058	55372	262	1212	2116	0	58962
3059	2864	300	55146	1742	0	60052
3060	57639	218	2009	1531	0	61397
3061	60313	203	906	1470	0	62892
3062	3416	204	56656	1612	0	61888
3063	57540	187	2060	1871	0	61658
3064	59402	237	1227	1792	0	62658
3065	2957	321	54597	1323	0	59198
3066	1515	540	60595	1136	0	63786
3067	1127	661	2715	61497	0	66000
3068	795	635	62187	3194	0	66811
3069	61511	779	2518	1968	0	66776
3070	2769	927	1165	62125	0	66986
3071	1755	978	774	63752	0	67259
3072	1586	1025	60689	2964	0	66264
3073	1671	786	2078	60745	0	65280
3074	1464	641	60965	3295	0	66365
3075	61515	502	2331	2042	0	66390
3076	63909	454	1238	1766	0	67367
3077	3281	419	62199	1616	0	67515
3078	62369	308	2501	1747	0	66925
3079	65282	234	1125	1959	0	68600
3080	3263	249	63153	2090	0	68755
3081	64577	264	2627	2195	0	69663
3082	65301	272	1459	2165	0	69197
3083	2865	349	64842	2075	0	70131
3084	63750	513	2403	2150	0	68816
3085	2706	671	65367	2152	0	70896
3086	1312	501	2506	65895	0	70214
3087	1172	483	1112	67079	0	69846
3088	1125	704	789	69074	0	71692
3089	945	761	65346	4036	0	71088
3090	60777	766	2056	2619	0	66218
3091	2875	883	65021	1769	0	70548
3092	1131	54372	1712	1144	0	58359
3093	713	54093	673	672	0	56151
3094	52733	1238	660	661	0	55292
3095	1524	541	406	50924	0	53395
3096	716	51264	349	1322	0	53651
3097	49454	765	305	511	0	51035
3098	49461	242	292	490	0	50485
3099	1170	51227	293	296	0	52986
3100	694	806	252	48429	0	50181
3101	391	49891	268	775	0	51325
3102	50891	874	250	442	0	52457
3103	51451	307	241	411	0	52410
3104	1312	198	241	49789	0	51540
3105	50266	205	244	1002	0	51717
3106	1300	165	215	50244	0	51924
3107	621	201	49509	994	0	51325
3108	47760	165	924	569	0	49418
3109	1240	195	49334	315	0	51084
3110	670	203	997	48974	0	50844
3111	50551	135	396	1114	0	52196
3112	1314	129	280	50913	0	52636
3113	604	170	50431	1087	0	52292
3114	537	160	48724	464	0	49885
3115	602	380	1174	50223	0	52379
3116	50786	99	510	1266	0	52661
3117	1198	51185	370	474	0	53227
3118	685	840	288	52224	0	54037
3119	494	284	52330	1049	0	54157
3120	50836	171	1023	679	0	52709
3121	54586	122	488	524	0	55720
3122	1448	162	53095	342	0	55047
3123	53567	109	1040	414	0	55130
3124	1400	109	496	56053	0	58058
3125	703	123	55685	1033	0	57544
3126	54427	143	1083	598	0	56251
3127	1289	101	505	55004	0	56899
3128	721	94	392	54397	0	55604
3129	55650	117	332	1343	0	57442
3130	1188	52875	339	572	0	54974
3131	659	54777	326	434	0	56196
3132	55167	1046	274	534	0	57021
3133	53450	323	294	514	0	54581
3134	1398	216	55969	305	0	57888
3135	726	185	54225	311	0	55447
3136	641	172	1175	56307	0	58295
3137	58139	122	532	1200	0	59993
3138	56708	98	343	710	0	57859
3139	58009	109	332	526	0	58976
3140	1385	56412	322	419	0	58538
3141	772	58267	296	340	0	59675
3142	623	1023	313	59850	0	61809
3143	714	412	294	57558	0	58978
3144	673	233	266	60696	0	61868
3145	584	237	61305	1342	0	63468
3146	650	235	53539	619	0	55043
3147	59583	168	1346	558	0	61655
3148	63727	183	566	567	0	65043
3149	1655	198	388	62857	0	65098
3150	878	158	348	62465	0	63849
3151	692	142	313	64267	0	65414
3152	575	151	61481	1622	0	63829
3153	517	173	60474	791	0	61955
3154	486	221	1222	61609	0	63538
3155	397	145	62420	1318	0	64280
3156	390	59268	1079	684	0	61421
3157	312	61871	508	537	0	63228
3158	61057	1079	394	622	0	63152
3159	1078	59940	338	439	0	61795
3160	608	24888	331	36872	0	62699
3161	511	624	311	60982	0	62428
3162	367	63024	256	1225	0	64872
3163	474	1076	287	64107	0	65944
3164	332	462	62809	1316	0	64919
3165	292	61968	1103	631	0	63994
3166	472	993	406	59752	0	61623
3167	291	363	60068	1036	0	61758
3168	249	58550	947	523	0	60269
3169	379	875	400	57430	0	59084
3170	264	59110	274	860	0	60508
3171	359	949	196	59310	0	60814
3172	411	375	229	57658	0	58673
3173	218	58443	242	1057	0	59960
3174	56933	916	226	671	0	58746
3175	55645	354	236	615	0	56850
3176	1067	55946	223	376	0	57612
3177	455	57604	188	410	0	58657
3178	422	1049	220	57791	0	59482
3179	296	497	56946	1026	0	58765
3180	53697	303	888	686	0	55574
3181	55656	258	392	496	0	56802
3182	1190	293	55491	296	0	57270
3183	53890	233	925	517	0	55565
3184	56354	275	336	465	0	57430
3185	1194	262	55154	343	0	56953
3186	51937	221	918	532	0	53608
3187	1168	265	57168	301	0	58902
3188	584	57818	959	270	0	59631
3189	58859	934	394	389	0	60576
3190	58807	437	286	417	0	59947
3191	1214	335	58603	304	0	60456
3192	58531	225	923	503	0	60182
3193	61750	183	482	540	0	62955
3194	1297	242	60227	242	0	62008
3195	61079	206	878	421	0	62584
3196	63636	227	389	447	0	64699
3197	1368	227	61850	271	0	63716
3198	62068	197	919	375	0	63559
3199	1211	186	486	60683	0	62566
3200	675	238	317	60842	0	62072
3201	435	226	60102	1101	0	61864
3202	391	270	56886	486	0	58033
3203	524	255	1000	59824	0	61603
3204	504	151	455	61233	0	62343
3205	64788	167	373	1164	0	66492
3206	1278	209	63398	435	0	65320
3207	64020	159	1069	493	0	65741
3208	1406	188	417	68351	0	70362
3209	490	188	69952	1182	0	71812
3210	74285	139	1163	706	0	76293
3211	1490	175	438	79908	0	82011
3212	550	140	80415	1416	0	82521
3213	78533	141	1402	685	0	80761
3214	1512	202	493	81573	0	83780
3215	83011	81	412	1597	0	85101
3216	1492	139	86171	539	0	88341
3217	833	98	1347	80767	0	83045
3218	471	87779	480	1178	0	89908
3219	88996	1311	370	723	0	91400
3220	87181	372	352	706	0	88611
3221	1711	90672	304	361	0	93048
3222	92834	1397	284	603	0	95118
3223	92170	401	294	485	0	93350
3224	91867	241	300	531	0	92939
3225	2038	90760	310	301	0	93409
3226	1037	1401	259	91809	0	94506
3227	716	462	92762	1487	0	95427
3228	847	320	1488	89407	0	92062
3229	751	205	543	91213	0	92712
3230	510	245	92601	1901	0	95257
3231	506	281	88737	775	0	90299
3232	820	298	1765	85842	0	88725
3233	513	93318	649	1289	0	95769
3234	93814	1434	422	778	0	96448
3235	92592	519	310	650	0	94071
3236	2034	97160	278	392	0	99864
3237	99385	1450	238	686	0	101759
3238	99094	502	250	641	0	100487
3239	2120	441	98648	275	0	101484
3240	95184	262	1448	734	0	97628
3241	1876	100921	515	459	0	103771
3242	843	1461	99392	440	0	102136
3243	787	535	94302	391	0	96015
3244	471	98326	1818	446	0	101061
3245	98726	1357	710	548	0	101341
3246	1695	473	101388	339	0	103895
3247	932	357	1451	100687	0	103427
3248	651	353	101235	1360	0	103599
3249	94259	284	1573	828	0	96944
3250	1797	362	120958	488	0	123605
3251	1020	363	117158	360	0	118901
3252	118099	247	1666	776	0	120788
3253	1752	125800	732	307	0	128591
3254	131472	1348	515	789	0	134124
3255	133627	490	421	723	0	135261
3256	2092	432	410	132235	0	135169
3257	868	145574	447	1243	0	148132
3258	148028	1343	434	1356	0	151161
3259	1786	614	147537	343	0	150280
3260	142046	374	1196	885	0	144501
3261	1691	150069	644	463	0	152867
3262	149074	1197	443	710	0	151424
3263	149156	408	393	661	0	150618
3264	1706	151980	438	413	0	154537
3265	932	1246	390	155233	0	157801
3266	156946	444	384	1715	0	159489
3267	1612	155814	442	472	0	158340
3268	1035	1350	297	157545	0	160227
3269	160859	530	397	1791	0	163577
3270	1937	413	306	165778	0	168434
3271	1149	390	290	164396	0	166225
3272	746	165687	376	1812	0	168621
3273	165392	1629	333	1253	0	168607
3274	165718	670	342	1168	0	167898
3275	169389	476	286	947	0	171098
3276	2446	173487	370	390	0	176693
3277	176496	1722	340	1045	0	179603
3278	177349	652	320	870	0	179191
3279	2693	475	315	175290	0	178773
3280	1339	427	293	176169	0	178228
3281	969	490	175325	2113	0	178897
3282	1175	383	1671	169753	0	172982
3283	1425	408	669	160780	0	163282
3284	802	563	173799	2097	0	177261
3285	151580	417	1761	1832	0	155590
3286	2358	497	173323	594	0	176772
3287	1229	528	173480	466	0	175703
3288	1212	377	1941	174200	0	177730
3289	1099	374	735	176139	0	178347
3290	762	179271	678	1807	0	182518
3291	179126	1742	356	1402	0	182626
3292	174127	624	408	1210	0	176369
3293	2437	175738	443	552	0	179170
3294	1091	185355	452	612	0	187510
3295	1161	2349	378	184150	0	188038
3296	698	190594	497	1743	0	193532
3297	190748	2317	429	1584	0	195078
3298	190423	828	370	1252	0	192873
3299	3211	656	442	189359	0	193668
3300	1696	469	431	191216	0	193812
3301	191000	411	382	3486	0	195279
3302	2759	537	185056	1125	0	189477
3303	181085	399	2182	1509	0	185175
3304	2984	565	183896	620	0	188065
3305	181025	289	2057	1010	0	184381
3306	2825	490	698	185156	0	189169
3307	1222	507	187441	2021	0	191191
3308	1125	473	177051	913	0	179562
3309	175707	674	2811	1338	0	180530
3310	179702	276	891	1193	0	182062
3311	2285	184147	529	365	0	187326
3312	1313	1641	328	190269	0	193551
3313	979	610	292	194212	0	196093
3314	192751	344	232	3481	0	196808
3315	2432	190536	348	1181	0	194497
3316	187008	1968	271	1429	0	190676
3317	2493	184283	287	555	0	187618
3318	987	184481	271	487	0	186226
3319	183991	2270	220	1217	0	187698
3320	2557	995	181215	338	0	185105
3321	1485	693	1905	178708	0	182791
3322	1191	366	679	181468	0	183704
3323	652	462	181465	2505	0	185084
3324	1059	299	1949	177862	0	181169
3325	1971	466	985	149145	0	152567
3326	464	180248	590	2613	0	183915
3327	178920	2006	334	2052	0	183312
3328	2406	936	181469	762	0	185573
3329	167736	584	1970	1438	0	171728
3330	2507	180703	781	626	0	184617
3331	1418	2142	510	183180	0	187250
3332	189615	829	361	3223	0	194028
3333	2933	520	349	189649	0	193451
3334	1601	402	335	190465	0	192803
3335	920	517	188335	3044	0	192816
3336	170752	368	2162	2588	0	175870
3337	183733	314	854	1838	0	186739
3338	3126	469	185102	858	0	189555
3339	1921	338	2221	183246	0	187726
3340	1147	429	184742	2427	0	188745
3341	176358	291	2552	2074	0	181275
3342	188207	237	1007	1766	0	191217
3343	3350	287	744	187277	0	191658
3344	186875	308	526	3471	0	191180
3345	3073	375	197444	1283	0	202175
3346	2065	248	2355	193952	0	198620
3347	1916	271	975	191019	0	194181
3348	1217	251	777	202227	0	204472
3349	1216	257	576	201338	0	203387
3350	179193	249	486	4385	0	184313
3351	2763	357	176101	1811	0	181032
3352	1735	225	2333	178110	0	182403
3353	1116	327	174295	2988	0	178726
3354	1024	328	165664	1548	0	168564
3355	1244	186	2940	167771	0	172141
3356	1110	243	1386	171338	0	174077
3357	161247	160	928	3923	0	166258
3358	2904	201	713	161604	0	165422
3359	1609	228	621	161704	0	164162
3360	1306	218	498	165621	0	167643
3361	162894	169	467	4728	0	168258
3362	162953	203	517	2687	0	166360
3363	163831	192	540	2233	0	166796
3364	159961	195	528	1835	0	162519
3365	3767	169586	610	1153	0	175116
3366	2122	2639	471	170502	0	175734
3367	1697	1090	510	174000	0	177297
3368	176554	633	492	5100	0	182779
3369	4004	184243	505	2618	0	191370
3370	2437	3672	344	195616	0	202069
3371	1361	1639	213222	4983	0	221205
3372	226248	738	5338	3722	0	236046
3373	7749	247048	1961	1936	0	258694
3374	262926	7491	1212	1951	0	273580
3375	275848	2636	742	1865	0	281091
3376	13699	1303	550	268577	0	284129
3377	5054	1202	270847	9650	0	286753
3378	4736	728	8854	278125	0	292443
3379	282854	865	2948	12004	0	298671
3380	11994	513	1602	283491	0	297600
3381	284395	432	1284	12242	0	298353
3382	11421	279694	984	5336	0	297435
3383	295441	9271	1033	3838	0	309583
3384	13377	3044	827	295171	0	312419
3385	7257	1702	886	318947	0	328792
3386	320737	1515	679	14712	0	337643
3387	323531	1115	527	6602	0	331775
3388	326491	1154	488	4752	0	332885
3389	326799	932	537	3884	0	332152
3390	326776	729	691	3432	0	331628
3391	18175	657	978	311141	0	330951
3392	8310	840	299674	11818	0	320642
3393	5780	304120	8347	5285	0	323532
3394	300777	9248	2941	4471	0	317437
3395	13134	3421	292846	2826	0	312227
3396	290219	2126	9546	3061	0	304952
3397	13505	293497	3535	2480	0	313017
3398	303409	9663	2309	3045	0	318426
3399	14964	3876	1585	297662	0	318087
3400	9282	2099	1113	306171	0	318665
3401	5988	1952	301130	13564	0	322634
3402	7362	1285	9735	297578	0	315960
3403	5168	1452	306079	13031	0	325730
3404	5162	1236	302597	6701	0	315696
3405	306749	1128	12843	5933	0	326653
3406	324285	1315	5196	5580	0	336376
3407	15624	1818	312077	4036	0	333555
3408	307796	1331	11149	4809	0	325085
3409	321952	1338	4814	4110	0	332214
3410	17767	1573	307791	3257	0	330388
3411	9387	304463	10704	3326	0	327880
3412	9676	9661	4298	314597	0	338232
3413	324104	3611	2921	12423	0	343059
3414	332138	2266	2387	6811	0	343602
3415	333693	1828	2429	5191	0	343141
3416	335643	1492	2576	5038	0	344749
3417	335447	1738	2896	4230	0	344311
3418	18987	1722	318562	3482	0	342753
3419	11787	1990	326109	2942	0	342828
3420	10994	2282	12602	326151	0	352029
3421	335742	2380	5880	12441	0	356443
3422	344496	2320	4020	6963	0	357799
3423	345637	2343	3581	5938	0	357499
3424	324397	2060	3724	7212	0	337393
3425	18966	322293	3966	6001	0	351226
3426	11977	347737	3652	6962	0	370328
3427	350148	11295	3464	7782	0	372689
3428	356985	4523	3332	7571	0	372411
3429	20561	347903	3097	5849	0	377410
3430	358740	11115	2776	6177	0	378808
3431	20476	5589	347763	4879	0	378707
3432	14380	3754	10888	344331	0	373353
3433	11716	3481	347290	13140	0	375627
3434	12209	2857	339405	10551	0	365022
3435	12701	2436	13240	345333	0	373710
3436	13488	1963	5846	356209	0	377506
3437	13017	2120	359483	14424	0	389044
3438	13155	2188	11665	345370	0	372378
3439	11925	2461	6039	365077	0	385502
3440	364955	2589	4955	16937	0	389436
3441	368101	2826	4851	9367	0	385145
3442	21095	2946	4664	360492	0	389197
3443	13191	3420	357963	13603	0	388177
3444	11651	357487	12099	7376	0	388613
3445	356067	10832	7040	6808	0	380747
3446	18847	4928	361898	5820	0	391493
3447	12378	342088	13203	5797	0	373466
3448	9938	367401	7309	6431	0	391079
3449	370952	11541	6200	7310	0	396003
3450	378370	5285	5903	7343	0	396901
3451	19442	3484	6180	368594	0	397700
3452	11584	3409	384542	13543	0	413078
3453	11748	2741	14038	381114	0	409641
3454	11968	2630	8075	388888	0	411561
3455	11842	2340	6572	396627	0	417381
3456	391175	2218	5909	16647	0	415949
3457	19157	374278	6026	8294	0	407755
3458	12401	396315	6097	6223	0	421036
3459	11188	12854	5220	386420	0	415682
3460	10356	5860	5103	403458	0	424777
3461	397580	4423	4673	17967	0	424643
3462	394484	3813	4161	10268	0	412726
3463	399931	3104	3737	8366	0	415138
3464	22534	387174	4016	6097	0	419821
3465	388851	9223	3668	6051	0	407793
3466	20306	5054	4341	377325	0	407026
3467	12842	2733	371690	12749	0	400014
3468	10899	2551	343071	7106	0	363627
3469	340020	1753	12069	7036	0	360878
3470	13749	1880	338313	4855	0	358797
3471	8151	1662	310044	3473	0	323330
3472	273071	1163	5982	3476	0	283692
3473	6755	921	279593	1822	0	289091
3474	3159	743	267054	1158	0	272114
3475	2951	2458	3451	251388	0	260248
3476	1509	464	267342	1993	0	271308
3477	1962	340	2202	253233	0	257737
3478	2047	335	1182	245952	0	249516
3479	1038	372	263167	2270	0	266847
3480	820	262742	2164	1377	0	267103
3481	260456	1438	1124	2518	0	265536
3482	2288	758	268259	726	0	272031
3483	1239	695	258578	766	0	261278
3484	218694	400	2261	2103	0	223458
3485	1859	447	243767	302	0	246375
3486	800	232576	1572	443	0	235391
3487	1170	192978	1327	646	0	196121
3488	865	1357	649	238891	0	241762
3489	906	646	500	233835	0	235887
3490	245412	361	319	3127	0	249219
3491	241004	339	366	2182	0	243891
3492	243886	325	296	1751	0	246258
3493	2215	431	274	245175	0	248095
3494	246394	184	318	2960	0	249856
3495	240749	254	348	2297	0	243648
3496	2228	343	245857	637	0	249065
3497	1484	384	231263	514	0	233645
3498	871	245870	1780	571	0	249092
3499	934	1243	747	249301	0	252225
3500	249256	517	581	2634	0	252988
3501	1632	244628	650	800	0	247710
3502	1052	1470	467	251069	0	254058
3503	246352	580	471	3006	0	250409
3504	239686	452	348	2245	0	242731
3505	1978	244673	412	820	0	247883
3506	241757	1393	295	1895	0	245340
3507	240532	680	344	1679	0	243235
3508	2608	491	326	241324	0	244749
3509	1297	561	244268	1682	0	247808
3510	1097	234939	1506	1010	0	238552
3511	714	239657	861	700	0	241932
3512	229757	1642	429	1502	0	233330
3513	2173	967	396	230074	0	233610
3514	898	696	233003	1544	0	236141
3515	567	231906	1570	805	0	234848
3516	232486	1460	603	2032	0	236581
3517	232914	659	423	1926	0	235922
3518	2219	625	238425	348	0	241617
3519	1748	339	1557	228974	0	232618
3520	1184	312	729	243693	0	245918
3521	723	652	262386	2426	0	266187
3522	256431	315	2530	2634	0	261910
3523	325477	261	1068	2071	0	328877
3524	8387	327	901	379809	0	389424
3525	2883	398617	983	9031	0	411514
3526	4184	9540	520	424970	0	439214
3527	1910	4697	423255	12593	0	442455
3528	414920	2577	10660	7916	0	436073
3529	14088	2048	4972	437614	0	458722
3530	6244	2225	434283	14096	0	456848
3531	415203	1740	12649	9775	0	439367
3532	15572	1567	6941	431905	0	455985
3533	9954	1519	4693	436441	0	452607
3534	428919	698	3915	20721	0	454253
3535	14929	429236	4224	10563	0	458952
3536	431958	11107	2891	8675	0	454631
3537	19007	5251	2272	426854	0	453384
3538	428557	3473	2122	17738	0	451890
3539	18831	3006	419058	9827	0	450722
3540	10711	420824	11970	7622	0	451127
3541	10465	13032	5810	429255	0	458562
3542	432589	7173	3781	17666	0	461209
3543	17049	430674	3834	9649	0	461206
3544	12678	14303	3649	434491	0	465121
3545	439229	7587	3207	18858	0	468881
3546	438875	5018	3193	12217	0	459303
3547	24663	4318	2842	426007	0	457830
3548	13159	5007	418174	19111	0	455451
3549	10190	4027	413179	12388	0	439784
3550	412467	3343	17497	10856	0	444163
3551	19978	406584	9075	8073	0	443710
3552	12071	410876	6552	7519	0	437018
3553	402852	17032	5833	7442	0	433159
3554	18908	410940	5557	6020	0	441425
3555	14507	16886	5082	403999	0	440474
3556	11434	10332	4736	419447	0	445949
3557	413335	8239	3816	22001	0	447391
3558	411283	7143	2600	13572	0	434598
3559	414587	7122	1935	10550	0	434194
3560	25849	6272	390579	8793	0	431493
3561	18618	4570	13183	394132	0	430503
3562	13901	4120	393939	18853	0	430813
3563	12472	3186	387681	12545	0	415884
3564	11819	2942	404386	9341	0	428488
3565	11797	3326	23794	389788	0	428705
3566	9150	3707	403642	18851	0	435350
3567	8171	4215	410797	11393	0	434576
3568	8064	4064	26263	398389	0	436780
3569	400847	3637	16291	21570	0	442345
3570	19089	3617	408145	13057	0	443908
3571	13186	3275	22737	395320	0	434518
3572	11467	2861	14142	412248	0	440718
3573	9200	3170	408765	26216	0	447351
3574	10807	2972	20466	405564	0	439809
3575	9577	3114	408985	24235	0	445911
3576	10819	3515	21071	398881	0	434286
3577	10115	3508	13337	406700	0	433660
3578	8831	2994	11108	412259	0	435192
3579	7574	2924	9928	414161	0	434587
3580	385623	2488	10057	32706	0	430874
3581	389266	2563	9432	21941	0	423202
3582	23116	3086	379661	16874	0	422737
3583	14119	369531	19260	15412	0	418322
3584	11506	14049	386306	13618	0	425479
3585	10510	7223	386863	12555	0	417151
3586	372591	4610	25222	12399	0	414822
3587	21136	382437	16527	10534	0	430634
3588	388581	15729	13495	9960	0	427765
3589	22024	391296	13426	8761	0	435507
3590	391952	18326	12990	9186	0	432454
3591	403771	10296	11166	9144	0	434377
3592	28043	7747	10131	383372	0	429293
3593	16984	389592	8699	20756	0	436031
3594	14981	18808	6552	395108	0	435449
3595	13196	10983	6244	406860	0	437283
3596	11504	7752	387827	28750	0	435833
3597	10230	390336	18941	19124	0	438631
3598	10678	17765	11535	398797	0	438775
3599	382939	9403	9474	27430	0	429246
3600	402809	7102	8928	18850	0	437689
3601	408654	5972	8939	15242	0	438807
3602	26871	394862	8777	13112	0	443622
3603	408475	18133	8100	12703	0	447411
3604	26593	421043	8031	10111	0	465778
3605	19491	21490	7129	432262	0	480372
3606	15400	11978	429108	22943	0	479429
3607	15056	8503	20914	423486	0	467959
3608	12435	427495	12704	24279	0	476913
3609	11642	21461	9580	432069	0	474752
3610	10371	12752	7848	438087	0	469058
3611	8133	431927	8022	31312	0	479394
3612	433272	22625	7332	20636	0	483865
3613	23441	13026	6648	436644	0	479759
3614	13058	9580	421695	29068	0	473401
3615	11837	8258	20364	430898	0	471357
3616	11924	7719	10917	446707	0	477267
3617	9472	7252	426963	34757	0	478444
3618	11392	6459	21108	407208	0	446167
3619	8710	419408	12485	30344	0	470947
3620	9159	20385	420972	20597	0	471113
3621	9857	10865	410440	15942	0	447104
3622	6634	381003	26694	13596	0	427927
3623	4783	336361	12666	10612	0	364422
3624	3134	287233	5859	5634	0	301860
3625	245780	13793	9656	5865	0	275094
3626	233049	4733	2908	3920	0	244610
3627	232036	2709	2026	3263	0	240034
3628	12115	2176	1841	225645	0	241777
3629	4745	2197	220557	9670	0	237169
3630	3804	2233	8577	219397	0	234011
3631	3454	1929	3692	226352	0	235427
3632	219363	1933	2516	12358	0	236170
3633	222127	1776	2212	6162	0	232277
3634	10748	219566	2055	3952	0	236321
3635	219687	8322	1799	3861	0	233669
3636	224338	3721	1708	3625	0	233392
3637	227627	2581	1561	3617	0	235386
3638	12264	2073	214839	2903	0	232079
3639	5654	1822	217205	2503	0	227184
3640	4733	2345	9616	210585	0	227279
3641	3051	1871	212356	9013	0	226291
3642	203313	1771	8279	4467	0	217830
3643	211306	1503	3459	3598	0	219866
3644	10607	1455	201589	2273	0	215924
3645	197091	1157	7384	2551	0	208183
3646	9067	198876	3412	2083	0	213438
3647	202936	7172	2249	2322	0	214679
3648	9927	2976	1636	197941	0	212480
3649	5722	1878	1546	193199	0	202345
3650	3748	197920	1509	8719	0	211896
3651	196776	7256	1479	4391	0	209902
3652	200279	3421	1563	3009	0	208272
3653	10047	196575	1570	2289	0	210481
3654	5715	7527	1423	191191	0	205856
3655	4428	3511	1347	192827	0	202113
3656	3093	191409	1495	9471	0	205468
3657	3936	7847	1515	191034	0	204332
3658	3849	3824	1396	198041	0	207110
3659	191561	2704	1286	10816	0	206367
3660	195004	2070	1261	5924	0	204259
3661	10285	2079	187808	4037	0	204209
3662	187385	1951	6869	4111	0	200316
3663	9105	2135	188029	3324	0	202593
3664	5428	2025	7479	184696	0	199628
3665	3714	1836	184245	8553	0	198348
3666	3208	181518	7561	4626	0	196913
3667	3862	6951	3541	176509	0	190863
3668	3660	3224	2133	181907	0	190924
3669	176801	2251	1712	9335	0	190099
3670	8326	1753	1502	175308	0	186889
3671	4106	1892	165078	8537	0	179613
3672	169437	1801	6298	5031	0	182567
3673	176076	1712	3005	3864	0	184657
3674	178231	1762	2140	3442	0	185575
3675	178646	1564	1688	3187	0	185085
3676	10765	1412	1772	181417	0	195366
3677	5935	1318	1572	189396	0	198221
3678	4517	1328	1707	198053	0	205605
3679	4123	1325	1620	201818	0	208886
3680	193065	1300	1626	12419	0	208410
3681	197228	1128	1625	6324	0	206305
3682	12109	947	1510	181698	0	196264
3683	5693	185109	1578	9659	0	202039
3684	188400	7136	1761	5719	0	203016
3685	9722	3219	184569	4272	0	201782
3686	5363	185098	7527	3605	0	201593
3687	176520	6869	2959	3375	0	189723
3688	9088	177425	1831	2584	0	190928
3689	5025	7269	174100	2457	0	188851
3690	175704	3188	6717	2891	0	188500
3691	180530	2141	2980	2703	0	188354
3692	10930	1819	173204	2164	0	188117
3693	6786	1410	7049	174660	0	189905
3694	5253	1375	3154	175568	0	185350
3695	3815	175523	2206	9441	0	190985
3696	4118	7162	1784	178515	0	191579
3697	172807	2940	1587	9210	0	186544
3698	8765	173924	1793	4581	0	189063
3699	5504	6661	1277	167625	0	181067
3700	4356	2984	1153	171752	0	180245
3701	2946	2338	162653	9377	0	177314
3702	2735	162816	6386	4709	0	176646
3703	150236	6359	2581	3502	0	162678
3704	6244	129495	1394	2224	0	139357
3705	2737	122939	967	1769	0	128412
3706	119991	5470	1852	2060	0	129373
3707	5336	2191	849	115769	0	124145
3708	2815	1549	771	119276	0	124411
3709	117163	1191	668	6254	0	125276
3710	5725	1105	570	118339	0	125739
3711	3226	1187	497	121637	0	126547
3712	121990	1082	457	6685	0	130214
3713	5837	1028	481	119878	0	127224
3714	2681	119905	641	5920	0	129147
3715	120751	4603	503	3296	0	129153
3716	5628	2031	115121	2380	0	125160
3717	2732	111033	4096	2086	0	119947
3718	2358	4848	1347	107249	0	115802
3719	1536	1780	104541	4862	0	112719
3720	1438	1178	103529	2515	0	108660
3721	2038	5032	4167	93649	0	104886
3722	93104	703	1988	4429	0	100224
3723	3753	622	951	92190	0	97516
3724	1891	641	728	94282	0	97542
3725	1550	643	652	95175	0	98020
3726	1292	632	669	95359	0	97952
3727	1165	714	630	96107	0	98616
3728	1087	677	89373	5017	0	96154
3729	1057	651	88230	2581	0	92519
3730	1171	658	3705	89415	0	94949
3731	930	672	88332	4209	0	94143
3732	853	88273	3534	2427	0	95087
3733	1028	2985	1694	89651	0	95358
3734	804	1214	87259	4187	0	93464
3735	78237	812	3428	2730	0	85207
3736	3146	83577	1601	2013	0	90337
3737	1357	81876	1126	1862	0	86221
3738	1061	85971	856	1703	0	89591
3739	1202	3822	756	83226	0	89006
3740	83308	1683	778	4166	0	89935
3741	3293	1116	727	84340	0	89476
3742	81279	913	875	4177	0	87244
3743	3357	79278	745	2177	0	85557
3744	81349	3331	649	1851	0	87180
3745	3719	1874	561	80967	0	87121
3746	1956	1466	447	81607	0	85476
3747	1343	79520	614	4254	0	85731
3748	1461	3106	589	81048	0	86204
3749	1320	1487	508	82918	0	86233
3750	1262	1279	444	83136	0	86121
3751	78783	1066	482	5062	0	85393
3752	72341	950	498	3365	0	77154
3753	3697	840	77444	2366	0	84347
3754	77752	737	2761	2342	0	83592
3755	3762	868	79168	1937	0	85735
3756	2142	870	3090	79249	0	85351
3757	1638	774	1354	82206	0	85972
3758	1393	707	996	83836	0	86932
3759	1074	701	79471	5020	0	86266
3760	1154	757	3195	80835	0	85941
3761	917	767	81397	4455	0	87536
3762	1041	636	3477	82463	0	87617
3763	81248	620	1604	4776	0	88248
3764	3268	687	81299	2830	0	88084
3765	81203	592	3184	2464	0	87443
3766	3662	494	1528	83855	0	89539
3767	83020	510	1270	4474	0	89274
3768	3491	82186	1095	2664	0	89436
3769	1878	2708	972	84918	0	90476
3770	1282	1137	85726	4433	0	92578
3771	1413	947	3126	85366	0	90852
3772	1219	1667	1516	83698	0	88100
3773	988	82682	1149	4671	0	89490
3774	1015	2851	81683	2681	0	88230
3775	844	81444	2966	2117	0	87371
3776	69781	2532	1120	1532	0	74965
3777	2042	71318	820	1119	0	75299
3778	64420	1836	986	987	0	68229
3779	64291	715	409	837	0	66252
3780	64551	478	374	805	0	66208
3781	2581	365	293	64066	0	67305
3782	1159	317	63173	2074	0	66723
3783	878	304	1682	61384	0	64248
3784	520	63085	740	2109	0	66454
3785	543	1632	537	64653	0	67365
3786	62830	651	416	2407	0	66304
3787	1667	63251	426	1177	0	66521
3788	889	1742	307	61456	0	64394
3789	745	712	335	62459	0	64251
3790	61066	505	258	2615	0	64444
3791	1858	402	60236	1331	0	63827
3792	893	58341	1663	1008	0	61905
3793	714	1394	566	55853	0	58527
3794	391	487	54522	1494	0	56894
3795	520	372	1304	51465	0	53661
3796	269	50353	557	1569	0	52748
3797	414	1322	377	54890	0	57003
3798	321	482	310	54220	0	55333
3799	347	426	224	54039	0	55036
3800	249	292	52608	1914	0	55063
3801	50250	268	1259	1098	0	52875
3802	1440	245	457	56400	0	58542
3803	61288	219	368	1910	0	63785
3804	63230	206	267	970	0	64673
3805	64556	217	213	789	0	65775
3806	62911	219	217	741	0	64088
3807	65223	239	173	607	0	66242
3808	2673	227	143	63169	0	66212
3809	1086	61470	199	1880	0	64635
3810	976	1483	151	60608	0	63218
3811	498	60038	185	1870	0	62591
3812	549	1433	99	56513	0	58594
3813	56327	441	86	1615	0	58469
3814	1436	288	89	55902	0	57715
3815	591	227	54778	1433	0	57029
3816	51128	159	1045	836	0	53168
3817	1277	54689	387	523	0	56876
3818	56018	1068	354	502	0	57942
3819	56161	390	160	422	0	57133
3820	54816	268	100	440	0	55624
3821	1648	56480	90	251	0	58469
3822	882	1068	74	56846	0	58870
3823	577	434	74	57737	0	58822
3824	368	343	56422	1483	0	58616
3825	540	231	1014	53563	0	55348
3826	530	197	388	52426	0	53541
3827	472	113	248	56117	0	56950
3828	356	55968	170	1560	0	58054
3829	56576	1127	162	893	0	58758
3830	54102	432	153	733	0	55420
3831	1571	346	57560	376	0	59853
3832	804	57546	1033	328	0	59711
3833	796	1147	341	59176	0	61460
3834	676	444	210	60346	0	61676
3835	639	346	152	60065	0	61202
3836	549	298	153	60295	0	61295
3837	483	198	115	61582	0	62378
3838	381	262	58852	1994	0	61489
3839	359	292	53725	1097	0	55473
3840	58227	233	1451	1009	0	60920
3841	62659	227	564	782	0	64232
3842	63315	220	371	677	0	64583
3843	2169	239	264	63090	0	65762
3844	1042	229	61640	1613	0	64524
3845	60920	174	1386	961	0	63441
3846	64034	250	621	811	0	65716
3847	1981	301	61432	588	0	64302
3848	60961	154	1375	734	0	63224
3849	2103	183	67861	562	0	70709
3850	1162	148	1668	68538	0	71516
3851	726	181	69573	1851	0	72331
3852	66239	152	1805	1062	0	69258
3853	70049	162	816	809	0	71836
3854	70796	158	536	693	0	72183
3855	69939	141	353	781	0	71214
3856	2556	206	72091	497	0	75350
3857	1246	72248	1534	597	0	75625
3858	74514	1471	716	707	0	77408
3859	75068	580	500	651	0	76799
3860	2442	442	74281	430	0	77595
3861	1432	280	1651	71893	0	75256
3862	1048	230	723	75623	0	77624
3863	761	222	73329	2211	0	76523
3864	66906	165	1740	1368	0	70179
3865	73792	179	720	1045	0	75736
3866	2292	73893	656	641	0	77482
3867	77404	1538	388	781	0	80111
3868	76345	553	414	724	0	78036
3869	78271	368	424	607	0	79670
3870	76458	263	393	617	0	77731
3871	2884	263	73226	478	0	76851
3872	71707	223	1591	563	0	74084
3873	2665	449	647	73181	0	76942
3874	1283	74721	595	1725	0	78324
3875	1095	1470	73228	782	0	76575
3876	885	74849	1709	678	0	78121
3877	1008	1947	754	71260	0	74969
3878	716	520	73341	1447	0	76024
3879	67119	353	1549	792	0	69813
3880	1828	293	73097	447	0	75665
3881	72479	183	1562	531	0	74755
3882	2025	187	650	74029	0	76891
3883	1156	169	476	74198	0	75999
3884	839	72089	398	1685	0	75011
3885	696	76290	418	745	0	78149
3886	801	1482	375	79795	0	82453
3887	78777	589	307	1779	0	81452
3888	78487	368	359	783	0	79997
3889	78130	241	365	650	0	79386
3890	2188	256	78308	413	0	81165
3891	75739	205	1374	672	0	77990
3892	1965	168	82071	407	0	84611
3893	1071	226	76658	348	0	78303
3894	79393	177	1674	489	0	81733
3895	84065	182	768	498	0	85513
3896	2154	198	84570	260	0	87182
3897	1283	171	1451	82150	0	85055
3898	943	228	648	87397	0	89216
3899	87474	188	527	1767	0	89956
3900	84664	123	449	963	0	86199
3901	2055	167	91095	523	0	93840
3902	1077	87342	1237	382	0	90038
3903	659	85903	453	286	0	87301
3904	86243	935	473	446	0	88097
3905	1302	363	231	86000	0	87896
3906	707	210	232	87655	0	88804
3907	560	158	213	89129	0	90060
3908	86894	127	182	1310	0	88513
3909	1276	136	212	89021	0	90645
3910	89388	115	206	1206	0	90915
3911	91213	131	248	683	0	92275
3912	1503	99056	263	408	0	101230
3913	1013	931	231	108892	0	111067
3914	727	445	109226	1355	0	111753
3915	105077	272	1367	970	0	107686
3916	110230	195	687	650	0	111762
3917	111456	173	443	647	0	112719
3918	2427	182	113910	397	0	116916
3919	1424	125	1622	113972	0	117143
3920	116930	115	819	1861	0	119725
3921	112053	139	508	1024	0	113724
3922	112962	158	373	765	0	114258
3923	2568	110771	417	476	0	114232
3924	1395	117635	358	544	0	119932
3925	1176	1846	322	120845	0	124189
3926	1142	833	261	120062	0	122298
3927	905	119324	290	2108	0	122627
3928	120281	1615	376	1228	0	123500
3929	2186	871	123149	620	0	126826
3930	1433	480	1495	122924	0	126332
3931	1095	408	667	123635	0	125805
3932	834	443	121957	2252	0	125486
3933	112330	362	1781	1506	0	115979
3934	124720	327	781	1012	0	126840
3935	2562	122208	529	647	0	125946
3936	123683	1497	421	835	0	126436
3937	2349	888	131102	615	0	134954
3938	132613	449	1617	1163	0	135842
3939	2489	397	138854	492	0	142232
3940	136983	419	1683	906	0	139991
3941	143527	334	838	798	0	145497
3942	143408	267	657	731	0	145063
3943	142430	151	595	755	0	143931
3944	2624	141727	547	549	0	145447
3945	147786	1274	390	847	0	150297
3946	150670	597	459	845	0	152571
3947	2904	426	149680	432	0	153442
3948	149704	325	1322	708	0	152059
3949	2430	378	687	150851	0	154346
3950	1615	337	148601	1449	0	152002
3951	148414	295	1532	969	0	151210
3952	2419	273	762	153276	0	156730
3953	157243	242	529	1989	0	160003
3954	169349	265	436	1854	0	171904
3955	2786	348	174941	630	0	178705
3956	172423	215	1448	1200	0	175286
3957	178848	212	824	1001	0	180885
3958	179131	294	458	889	0	180772
3959	181460	198	456	881	0	182995
3960	3109	141	515	178360	0	182125
3961	1850	177729	585	1538	0	181702
3962	173832	1437	550	1640	0	177459
3963	181842	686	400	1020	0	183948
3964	182468	376	443	1018	0	184305
3965	3220	414	180221	583	0	184438
3966	1981	179942	1637	632	0	184192
3967	2022	1398	892	182305	0	186617
3968	2011	674	679	184866	0	188230
3969	1896	417	188203	2012	0	192528
3970	2031	315	2082	185989	0	190417
3971	1662	435	190287	2390	0	194774
3972	1822	312	2391	189070	0	193595
3973	1784	358	1138	193546	0	196826
3974	1451	502	195935	3187	0	201075
3975	184321	595	2342	2373	0	189631
3976	200295	518	1339	1959	0	204111
3977	3593	597	205029	1344	0	210563
3978	199758	513	2398	1818	0	204487
3979	208603	400	1435	1778	0	212216
3980	4009	523	215688	1035	0	221255
3981	2807	396	2610	211927	0	217740
3982	2172	252	1517	215436	0	219377
3983	219418	187	1255	3822	0	224682
3984	3282	221093	1089	2106	0	227570
3985	205634	2134	1102	2652	0	211522
3986	218699	1032	916	1732	0	222379
3987	4013	226180	764	1182	0	232139
3988	230267	2253	912	1644	0	235076
3989	230362	1256	815	1443	0	233876
3990	4735	227673	825	712	0	233945
3991	3188	2410	933	230476	0	237007
3992	2572	232094	839	2333	0	237838
3993	2763	2603	706	234369	0	240441
3994	2197	1601	231840	3012	0	238650
3995	2099	1093	222173	1813	0	227178
3996	222451	793	3127	2201	0	228572
3997	232253	776	1560	1859	0	236448
3998	4512	922	233661	994	0	240089
3999	229019	663	3024	1579	0	234285
4000	238819	405	1650	1692	0	242566
4001	234660	491	1367	1620	0	238138
4002	4974	239572	1254	827	0	246627
4003	3576	2232	874	246135	0	252817
4004	245925	1283	868	3592	0	251668
4005	241894	789	803	2658	0	246144
4006	4887	921	245980	1311	0	253099
4007	3727	634	2625	241043	0	248029
4008	2987	484	1652	246356	0	251479
4009	2284	243367	1376	3267	0	250294
4010	2384	254235	959	1978	0	259556
4011	2633	4384	651	245899	0	253567
4012	1796	249200	820	3202	0	255018
4013	241998	2789	659	1934	0	247380
4014	3511	252867	558	1111	0	258047
4015	257278	3447	431	1689	0	262845
4016	4656	1625	257520	574	0	264375
4017	265120	935	3526	1616	0	271197
4018	283128	472	1364	1496	0	286460
4019	283726	420	857	1293	0	286296
4020	280340	433	726	1532	0	283031
4021	7657	275541	620	737	0	284555
4022	4818	4234	414	281114	0	290580
4023	3523	1992	457	276830	0	282802
4024	2106	1520	277947	6298	0	287871
4025	2590	966	4286	270516	0	278358
4026	2069	866	1966	277935	0	282836
4027	282652	687	1153	7981	0	292473
4028	5889	283429	930	3659	0	293907
4029	4326	4694	778	285244	0	295042
4030	3562	2195	794	290796	0	297347
4031	2865	1565	682	293405	0	298517
4032	289287	1441	567	9111	0	300406
4033	6462	951	567	292921	0	300901
4034	292950	690	813	8689	0	303142
4035	7141	836	1090	293580	0	302647
4036	4173	687	687	298975	0	304522
4037	3088	659	278476	8912	0	291135
4038	251030	809	5035	6092	0	262966
4039	6642	274810	2439	3227	0	287118
4040	284357	4866	1335	4134	0	294692
4041	7849	2199	914	280661	0	291623
4042	4993	1560	735	285345	0	292633
4043	285472	1126	573	9251	0	296422
4044	286452	869	726	5939	0	293986
4045	9920	835	443	296539	0	307737
4046	4857	1050	295293	8482	0	309682
4047	3519	877	285740	4968	0	295104
4048	2683	306530	7691	3558	0	320462
4049	313284	6753	3384	3773	0	327194
4050	316036	3243	1862	3431	0	324572
4051	11255	2048	1318	315478	0	330099
4052	5278	322202	1135	8588	0	337203
4053	4844	7725	846	322960	0	336375
4054	4485	3326	835	309935	0	318581
4055	3013	295740	955	11024	0	310732
4056	297011	7584	1129	6914	0	312638
4057	9510	3532	1462	299652	0	314156
4058	4737	298722	1494	9086	0	314039
4059	3928	317313	1100	4605	0	326946
4060	314073	9295	977	4619	0	328964
4061	10062	4421	310011	2954	0	327448
4062	311671	3477	7387	3556	0	326091
4063	11679	3006	2735	315582	0	333002
4064	6597	2062	1862	316701	0	327222
4065	4719	316396	1425	11047	0	333587
4066	4858	9247	1230	318011	0	333346
4067	4319	4021	317029	11153	0	336522
4068	3547	306748	7470	6489	0	324254
4069	3205	320092	2987	4634	0	330918
4070	311712	9917	2086	4769	0	328484
4071	9087	317901	1913	3491	0	332392
4072	5316	9318	1808	315801	0	332243
4073	3945	318300	1419	9508	0	333172
4074	4077	9422	1090	320225	0	334814
4075	3753	4737	979	325024	0	334493
4076	2850	3994	308521	12985	0	328350
4077	3522	2963	7412	305351	0	319248
4078	3343	2854	3379	314511	0	324087
4079	302370	3014	2393	14192	0	321969
4080	9684	3096	298854	7651	0	319285
4081	6313	2686	7664	306524	0	323187
4082	4602	2765	304602	12277	0	324246
4083	293684	2696	9027	8680	0	314087
4084	10300	309502	4238	6844	0	330884
4085	328116	9170	3110	7151	0	347547
4086	12774	4283	2598	336235	0	355890
4087	7201	3749	2385	339696	0	353031
4088	5210	3216	329986	15823	0	354235
4089	300826	2899	9106	11123	0	323954
4090	11898	334659	4150	7548	0	358255
4091	331450	10424	3270	7320	0	352464
4092	13688	4926	2635	333576	0	354825
4093	7385	335716	2783	12829	0	358713
4094	336900	11046	2315	8555	0	358816
4095	12965	343603	2076	6449	0	365093
4096	8072	11947	1958	343341	0	365318
4097	6579	5960	1961	349843	0	364343
4098	5764	4795	2286	346865	0	359710
4099	4746	334189	2487	17021	0	358443
4100	5474	11489	2032	340725	0	359720
4101	5382	6413	1761	348452	0	362008
4102	329750	5069	1765	18198	0	354782
4103	332345	4625	1743	11221	0	349934
4104	334360	4748	1611	8729	0	349448
4105	16474	4556	326011	7140	0	354181
4106	328724	4723	9191	7608	0	350246
4107	340233	3940	4112	7834	0	356119
4108	322927	4056	3072	8280	0	338335
4109	16225	4626	299581	6399	0	326831
4110	320905	3921	7548	6678	0	339052
4111	15442	3437	3620	328372	0	350871
4112	8684	3167	321594	13314	0	346759
4113	7298	318465	9561	8068	0	343392
4114	7132	13121	4245	301955	0	326453
4115	5372	297574	3754	10844	0	317544
4116	4705	305966	3192	6514	0	320377
4117	284968	8838	2934	5408	0	302148
4118	9311	3834	2017	283925	0	299087
4119	285397	2985	1813	9894	0	300089
4120	10013	2821	1477	285574	0	299885
4121	284744	2357	1738	10263	0	299102
4122	10135	2465	1598	284504	0	298702
4123	282950	2618	1448	10637	0	297653
4124	10089	2447	270624	5167	0	288327
4125	5796	2558	6645	274023	0	289022
4126	4746	2838	274462	9127	0	291173
4127	4559	2403	256337	5346	0	268645
4128	3671	2493	271332	4819	0	282315
4129	4139	2637	8412	264928	0	280116
4130	3322	2069	269468	9399	0	284258
4131	263631	1802	7668	6075	0	279176
4132	8409	2039	3238	271248	0	284934
4133	4344	1776	282789	9815	0	298724
4134	4581	1631	7202	280961	0	294375
4135	4049	1609	3315	288338	0	297311
4136	3643	1775	298150	10500	0	314068
4137	4351	1431	7673	294967	0	308422
4138	4392	1344	3655	292313	0	301704
4139	4375	298465	3177	9843	0	315860
4140	298732	5839	2846	6918	0	314335
4141	301150	2368	2531	6044	0	312093
4142	9735	2056	293698	4543	0	310032
4143	283286	1522	6938	5043	0	296789
4144	9204	1495	284632	3634	0	298965
4145	4874	1365	268567	3083	0	277889
4146	3803	1308	271554	2994	0	279659
4147	4225	4402	7309	256901	0	272837
4148	2525	1238	262349	6087	0	272199
4149	2468	1319	5137	253264	0	262188
4150	2507	854	2640	253928	0	259929
4151	2569	710	2052	255226	0	260557
4152	2450	828	1862	254510	0	259650
4153	246646	879	1613	7850	0	256988
4154	247606	782	1589	5095	0	255072
4155	5772	252393	1785	3500	0	263450
4156	3428	3726	1632	257590	0	266376
4157	2736	1710	261071	5485	0	271002
4158	2281	265145	5174	3307	0	275907
4159	2623	5020	2667	276146	0	286456
4160	1881	1980	280371	6939	0	291171
4161	2347	1247	6024	272198	0	281816
4162	1504	1181	277252	7224	0	287161
4163	1604	1119	270912	3714	0	277349
4164	2194	885	6903	276870	0	286852
4165	2073	882	3389	279193	0	285537
4166	278016	587	2450	9153	0	290206
4167	6124	620	2193	278284	0	287221
4168	273335	714	1803	8962	0	284814
4169	5914	269852	1905	4381	0	282052
4170	2839	280961	1861	3590	0	289251
4171	2897	5872	1457	287466	0	297692
4172	285708	2259	1516	8139	0	297622
4173	6259	289549	1731	3595	0	301134
4174	3544	5485	1675	298717	0	309421
4175	305031	1961	1619	8739	0	317350
4176	307938	1540	1489	5012	0	315979
4177	296291	1246	1729	4625	0	303891
4178	294383	1021	1625	4506	0	301535
4179	312161	914	1272	3901	0	318248
4180	8655	1187	299422	2379	0	311643
4181	4013	1035	292495	2332	0	299875
4182	3022	294512	6124	2180	0	305838
4183	3516	6131	2840	293037	0	305524
4184	2207	2035	299903	5453	0	309598
4185	1948	1362	286585	2438	0	292333
4186	2804	1435	5508	280664	0	290411
4187	1528	976	301399	5088	0	308991
4188	1269	895	293533	2238	0	297935
4189	1142	371712	6176	1831	0	380861
4190	371571	7340	2329	3049	0	384289
4191	7557	410205	1954	1369	0	421085
4192	4430	9193	1472	422369	0	437464
4193	431574	2467	1360	11033	0	446434
4194	9948	438676	1861	3156	0	453641
4195	5312	9940	1621	431279	0	448152
4196	2336	3226	438802	10318	0	454682
4197	433818	1966	9965	4774	0	450523
4198	449079	1956	3014	4120	0	458169
4199	459581	1006	2158	3772	0	466517
4200	15515	1205	1722	454028	0	472470
4201	5240	1747	455374	11533	0	473894
4202	3295	453701	10821	4046	0	471863
4203	4994	10583	3292	457784	0	476653
4204	455418	2997	2193	13304	0	473912
4205	12565	2683	454328	3728	0	473304
4206	4471	438274	10976	3444	0	457165
4207	3450	10306	447976	2925	0	464657
4208	442911	3418	11715	3604	0	461648
4209	465872	2628	4116	3619	0	476235
4210	465731	2028	2804	3779	0	474342
4211	15922	1578	448823	1921	0	468244
4212	6385	440562	11717	2226	0	460890
4213	6758	10843	4141	440304	0	462046
4214	5721	3195	3628	453471	0	466015
4215	5231	2318	3248	456248	0	467045
4216	3358	2479	443670	14835	0	464342
4217	431065	1566	12019	7806	0	452456
4218	13271	1927	448353	4494	0	468045
4219	449841	2034	13095	5248	0	470218
4220	465269	2084	4949	4802	0	477104
4221	467602	1872	3394	4939	0	477807
4222	454392	1969	3092	4839	0	464292
4223	17478	2526	450992	2470	0	473466
4224	10368	2176	12046	449303	0	473893
4225	6503	2741	445737	12338	0	467319
4226	6009	428391	12645	5122	0	452167
4227	5406	459291	5015	4371	0	474083
4228	452992	14017	3391	5651	0	476051
4229	442396	5442	3638	5637	0	457113
4230	16090	458115	4239	3875	0	482319
4231	463140	13457	3525	5051	0	485173
4232	17997	5835	377569	4516	0	405917
4233	439580	4072	9788	4748	0	458188
4234	17666	454826	5211	3504	0	481207
4235	465110	13465	3923	4470	0	486968
4236	459726	5326	3991	4027	0	473070
4237	21364	4341	4009	442291	0	472005
4238	11448	3922	3998	453182	0	472550
4239	447332	3641	4736	17233	0	472942
4240	19166	4126	3881	446054	0	473227
4241	447477	4050	4301	17251	0	473079
4242	20876	3589	3804	446666	0	474935
4243	442993	3344	4146	16812	0	467295
4244	442664	3286	3847	8558	0	458355
4245	20850	424092	4561	5496	0	454999
4246	11521	445414	4457	4888	0	466280
4247	429287	15524	4026	5762	0	454599
4248	18556	438277	4113	4890	0	465836
4249	11228	15982	4179	429952	0	461341
4250	10612	6470	4266	441310	0	462658
4251	426422	5324	3952	19481	0	455179
4252	17510	424249	4621	9337	0	455717
4253	10543	414833	4497	7532	0	437405
4254	9630	430179	4906	6414	0	451129
4255	11889	16840	414103	5777	0	448609
4256	10014	7738	411615	5640	0	435007
4257	10933	6340	414874	5384	0	437531
4258	11639	10753	15828	354341	0	392561
4259	8984	390400	6988	11982	0	418354
4260	390481	13928	4492	7425	0	416326
4261	17183	6141	385167	5906	0	414397
4262	9680	5156	381067	5779	0	401682
4263	8638	4712	394503	5254	0	413107
4264	9924	4179	16234	382868	0	413205
4265	10154	3722	7573	392253	0	413702
4266	10538	4445	5403	396555	0	416941
4267	392524	4225	4793	15607	0	417149
4268	390854	4794	4699	7630	0	407977
4269	395110	3998	5027	6567	0	410702
4270	20195	3849	5618	378866	0	408528
4271	9973	4084	367813	12725	0	394595
4272	8697	4699	374967	6243	0	394606
4273	9807	3269	13964	368955	0	395995
4274	9834	3388	6081	369028	0	388331
4275	360101	3589	5071	15142	0	383903
4276	16773	353726	4716	7441	0	382656
4277	357944	10649	3892	7119	0	379604
4278	16825	352774	3993	6627	0	380219
4279	11006	11603	3381	353893	0	379883
4280	8382	4835	352736	14721	0	380674
4281	9542	4511	11127	351578	0	376758
4282	356978	3675	4202	15558	0	380413
4283	16593	3315	349858	7580	0	377346
4284	339517	3097	11506	6712	0	360832
4285	17283	2988	338645	4981	0	363897
4286	10587	3422	330720	4293	0	349022
4287	308701	2893	12109	5557	0	329260
4288	16051	2820	314543	4410	0	337824
4289	5996	1814	234156	2416	0	244382
4290	6320	229645	9236	2651	0	247852
4291	189943	7699	9687	3728	0	211057
4292	177943	1404	2296	1630	0	183273
4293	175867	794	799	1521	0	178981
4294	3899	746	168828	781	0	174254
4295	160071	602	2839	1451	0	164963
4296	3416	168029	1100	837	0	173382
4297	164596	2586	823	1229	0	169234
4298	3421	922	165341	614	0	170298
4299	1988	2241	2511	154769	0	161509
4300	965	473	154204	2075	0	157717
4301	830	152566	2357	814	0	156567
4302	1213	1526	1154	146724	0	150617
4303	935	528	755	148777	0	150995
4304	150402	376	543	2409	0	153730
4305	149195	297	452	1377	0	151321
4306	149148	235	405	1125	0	150913
4307	149385	225	403	1025	0	151038
4308	147120	241	440	1011	0	148812
4309	2546	263	148129	391	0	151329
4310	1501	285	1706	144976	0	148468
4311	954	360	153562	1707	0	156583
4312	1094	257	2007	152179	0	155537
4313	154717	236	816	2651	0	158420
4314	156778	208	658	1440	0	159084
4315	157082	316	538	1156	0	159092
4316	157455	265	474	1113	0	159307
4317	2892	398	161304	623	0	165217
4318	1718	241	2108	157935	0	162002
4319	1127	388	157915	2357	0	161787
4320	1036	157191	2349	1368	0	161944
4321	1026	152893	1095	728	0	155742
4322	2062	2668	781	147060	0	152571
4323	1281	788	673	169659	0	172401
4324	1695	496	702	167084	0	169977
4325	1260	293	683	182982	0	185218
4326	180226	241	646	4965	0	186078
4327	3464	179152	641	1924	0	185181
4328	176378	2938	450	1627	0	181393
4329	4237	1049	402	174744	0	180432
4330	2265	617	394	171200	0	174476
4331	1204	173944	512	3697	0	179357
4332	1564	3089	387	174873	0	179913
4333	173835	1034	409	4244	0	179522
4334	3438	164217	482	1702	0	169839
4335	1282	162643	387	1089	0	165401
4336	161659	3409	384	1257	0	166709
4337	3736	1416	287	161808	0	167247
4338	1407	162403	389	3271	0	167470
4339	1670	3046	337	165149	0	170202
4340	165169	1191	312	4335	0	171007
4341	3954	1029	294	163943	0	169220
4342	2037	612	268	167234	0	170151
4343	165096	528	259	4938	0	170821
4344	3917	558	267	164388	0	169130
4345	1686	163928	315	4056	0	169985
4346	1739	2977	237	163561	0	168514
4347	1115	164000	312	3968	0	169395
4348	1440	3441	221	166274	0	171376
4349	164336	1387	229	4775	0	170727
4350	166249	959	262	2540	0	170010
4351	4742	763	230	166822	0	172557
4352	2012	973	163472	3916	0	170373
4353	155843	629	2880	2862	0	162214
4354	4008	747	161744	1721	0	168220
4355	159754	560	3190	2070	0	165574
4356	163115	523	1131	2164	0	166933
4357	4873	595	159583	1229	0	166280
4358	2135	157424	3201	1227	0	163987
4359	158451	3157	1231	1751	0	164590
4360	157901	1291	779	2053	0	162024
4361	4238	1130	164359	1003	0	170730
4362	160377	710	2946	1922	0	165955
4363	161821	545	1043	1782	0	165191
4364	164262	540	707	1615	0	167124
4365	5234	494	487	160755	0	166970
4366	3016	473	529	161069	0	165087
4367	1954	160579	538	4062	0	167133
4368	1902	2852	508	164059	0	169321
4369	1854	1198	453	164870	0	168375
4370	1422	1000	159504	4585	0	166511
4371	1290	854	149241	2444	0	153829
4372	143086	796	3699	2398	0	149979
4373	153970	652	1522	2014	0	158158
4374	4595	153198	1088	1356	0	160237
4375	2758	3210	795	154529	0	161292
4376	1955	1432	158548	3923	0	165858
4377	2228	1019	3375	159683	0	166305
4378	2213	782	1456	160203	0	164654
4379	1855	755	912	168884	0	172406
4380	1235	167591	737	5828	0	175391
4381	1819	4090	549	169739	0	176197
4382	1653	1683	542	175345	0	179223
4383	1289	1214	170142	6292	0	178937
4384	1252	1015	170344	3202	0	175813
4385	161494	820	4881	3134	0	170329
4386	171784	783	2053	2516	0	177136
4387	6156	722	1270	183172	0	191320
4388	3295	896	958	180707	0	185856
4389	2543	772	845	186894	0	191054
4390	1784	913	175617	7936	0	186250
4391	1469	172274	5204	4134	0	183081
4392	1373	5370	173728	3013	0	183484
4393	169079	1990	5860	2935	0	179864
4394	6094	1567	175208	2220	0	185089
4395	172811	1024	6136	2621	0	182592
4396	168958	958	2406	2608	0	174930
4397	178499	913	1842	2129	0	183383
4398	8548	740	1383	172350	0	183021
4399	3869	839	172214	6420	0	183342
4400	2709	172741	5664	3068	0	184182
4401	2761	5258	2101	170955	0	181075
4402	2663	1826	1472	177856	0	183817
4403	1760	1406	181089	8065	0	192320
4404	1416	178969	6489	3977	0	190851
4405	186211	6246	2580	3262	0	198299
4406	7303	195075	2051	2172	0	206601
4407	210933	7763	1646	2209	0	222551
4408	10821	2695	1483	211644	0	226643
4409	4140	1808	218705	8771	0	233424
4410	3360	220502	8446	3497	0	235805
4411	223091	8495	2938	3458	0	237982
4412	9872	2824	223139	2450	0	238285
4413	222107	2158	9486	2477	0	236228
4414	229448	1617	3309	2445	0	236819
4415	11845	1259	224264	1963	0	239331
4416	220779	1055	9598	2231	0	233663
4417	225593	1074	3657	1818	0	232142
4418	221624	1004	2834	2011	0	227473
4419	13100	212773	2199	1329	0	229401
4420	208801	8203	1658	1711	0	220373
4421	11631	210673	1536	1399	0	225239
4422	4961	8883	208708	1650	0	224202
4423	3688	209001	8140	1520	0	222349
4424	198730	9187	3399	1814	0	213130
4425	202524	2964	2053	1661	0	209202
4426	205595	2251	1783	1485	0	211114
4427	12123	1790	1352	194019	0	209284
4428	6171	1278	1425	202631	0	211505
4429	190746	1247	1588	9657	0	203238
4430	203356	1083	1184	3705	0	209328
4431	11956	1002	1007	195163	0	209128
4432	5201	1060	193773	8357	0	208391
4433	3877	182717	7301	3002	0	196897
4434	3069	196545	2370	2518	0	204502
4435	3557	8586	2127	190162	0	204432
4436	2528	3221	192348	7706	0	205803
4437	3356	2768	7492	180185	0	193801
4438	2400	187853	2703	7771	0	200727
4439	3299	7513	2126	187860	0	200798
4440	2549	2738	188306	8429	0	202022
4441	3153	2147	7454	188010	0	200764
4442	2314	1797	196776	9158	0	210045
4443	3154	1516	8490	195260	0	208420
4444	2403	1635	202310	9200	0	215548
4445	2167	1521	203189	3876	0	210753
4446	194123	1436	9892	3287	0	208738
4447	204934	1587	4000	2771	0	213292
4448	207350	1454	3217	2410	0	214431
4449	10987	201336	2581	2076	0	216980
4450	6183	7303	2360	206079	0	221925
4451	197905	2573	2040	9073	0	211591
4452	212056	2250	1886	3617	0	219809
4453	211041	1713	1732	3509	0	217995
4454	11722	1645	205607	2368	0	221342
4455	5624	190482	7811	2306	0	206223
4456	4549	209093	3294	2173	0	219109
4457	206936	8635	2678	2443	0	220692
4458	10348	3627	2442	204668	0	221085
4459	205965	2804	2277	8361	0	219407
4460	10938	2384	201463	2941	0	217726
4461	6196	2094	7869	196562	0	212721
4462	5574	2088	3126	202146	0	212934
4463	5105	1965	2551	195529	0	205150
4464	3910	199017	2404	9858	0	215189
4465	198938	7815	2030	4983	0	213766
4466	203172	3033	2167	3796	0	212168
4467	11302	198640	2302	2782	0	215026
4468	6352	8350	2139	197911	0	214752
4469	201326	3357	1928	8717	0	215328
4470	11119	3095	1840	199345	0	215399
4471	200443	2394	1648	9585	0	214070
4472	11297	197659	1772	4036	0	214764
4473	198962	8315	1634	3443	0	212354
4474	11373	3561	193002	2735	0	210671
4475	5852	195839	7425	2741	0	211857
4476	5065	8156	193030	2698	0	208949
4477	5889	5742	8708	187870	0	208209
4478	188368	2883	3534	8409	0	203194
4479	192446	2219	2736	3374	0	200775
4480	191872	1927	2015	3010	0	198824
4481	11957	1712	1887	183352	0	198908
4482	186185	1439	1851	8481	0	197956
4483	11122	1423	1566	183266	0	197377
4484	184334	1379	1591	9415	0	196719
4485	189453	1547	1639	4476	0	197115
4486	11004	1654	184028	3496	0	200182
4487	4927	1344	170443	2382	0	179096
4488	3887	1480	169706	2022	0	177095
4489	3289	1918	6878	162354	0	174439
4490	165706	1114	4103	6485	0	177408
4491	6939	1082	2380	166116	0	176517
4492	3739	935	1963	172217	0	178854
4493	177368	964	1545	8034	0	187911
4494	178758	720	1577	4267	0	185322
4495	179770	749	1387	3729	0	185635
4496	182415	748	1397	2961	0	187521
4497	8781	665	1317	177565	0	188328
4498	177125	680	1229	6734	0	185768
4499	7781	173603	1408	2658	0	185450
4500	175060	4720	1346	2807	0	183933
4501	174478	1660	1596	2744	0	180478
4502	7657	1561	165555	1724	0	176497
4503	155247	1085	4065	2043	0	162440
4504	6768	901	155317	1507	0	164493
4505	2845	615	141981	1319	0	146760
4506	2688	627	140869	1060	0	145244
4507	2395	2884	3078	118265	0	126622
4508	1291	330	121511	1821	0	124953
4509	1213	602	1389	111009	0	114213
4510	831	162	115689	1371	0	118053
4511	639	266	119655	791	0	121351
4512	887	230	1348	117440	0	119905
4513	780	153	601	124126	0	125660
4514	504	184	129387	1234	0	131309
4515	122182	83	1158	1171	0	124594
4516	1510	126	647	127681	0	129964
4517	951	127	394	129755	0	131227
4518	130011	94	390	1995	0	132490
4519	1507	100	365	131633	0	133605
4520	789	175	130863	1454	0	133281
4521	649	227	120617	816	0	122309
4522	654	129	1360	123418	0	125561
4523	420	142	126437	1208	0	128207
4524	335	128893	1260	672	0	131160
4525	650	880	564	125601	0	127695
4526	129083	323	336	1686	0	131428
4527	1141	283	129107	666	0	131197
4528	124446	114	1145	888	0	126593
4529	1386	103	565	132018	0	134072
4530	853	80	389	132282	0	133604
4531	643	96	330	133044	0	134113
4532	550	136	289	132021	0	132996
4533	132206	71	258	2173	0	134708
4534	1255	137743	328	899	0	140225
4535	859	1270	300	140277	0	142706
4536	789	540	228	140016	0	141573
4537	642	275	278	140681	0	141876
4538	667	159	250	140558	0	141634
4539	138981	130	268	2874	0	142253
4540	1525	138651	320	1357	0	141853
4541	136396	1223	332	1262	0	139213
4542	1588	129028	347	718	0	131681
4543	702	130372	347	709	0	132130
4544	125688	1580	309	1004	0	128581
4545	1616	786	128714	531	0	131647
4546	1089	386	1449	128477	0	131401
4547	131229	273	633	2158	0	134293
4548	131358	222	453	1561	0	133594
4549	115424	550	532	1980	0	118486
4550	130257	199	305	1288	0	132049
4551	2179	137936	328	687	0	141130
4552	139850	1805	256	1243	0	143154
4553	144245	718	202	1250	0	146415
4554	2969	155651	279	628	0	159527
4555	1815	2828	208	160660	0	165511
4556	976	1076	161897	3234	0	167183
4557	1288	696	2960	161630	0	166574
4558	160035	481	1115	4447	0	166078
4559	3271	554	167200	1600	0	172625
4560	1372	163731	3371	1257	0	169731
4561	981	3309	168161	947	0	173398
4562	1534	1319	3554	155973	0	162380
4563	794	159133	1546	2854	0	164327
4564	166476	3320	875	1939	0	172610
4565	3453	169323	679	933	0	174388
4566	2008	3734	618	167080	0	173440
4567	1566	1524	457	172580	0	176127
4568	169202	1034	514	4970	0	175720
4569	4129	739	443	165620	0	170931
4570	1689	167889	581	3783	0	173942
4571	167934	3420	485	2647	0	174486
4572	169569	1483	373	2156	0	173581
4573	4530	171195	525	1184	0	177434
4574	170907	3738	319	1593	0	176557
4575	4086	169109	482	925	0	174602
4576	167368	3909	322	1641	0	173240
4577	4118	168452	383	1117	0	174070
4578	2730	3992	301	158809	0	165832
4579	1999	1837	376	169798	0	174010
4580	166876	1360	363	4875	0	173474
4581	169143	1024	357	2753	0	173277
4582	4758	167751	482	1399	0	174390
4583	2486	3910	164027	1174	0	171597
4584	166332	1860	3236	1492	0	172920
4585	4913	1284	1205	168862	0	176264
4586	2287	168959	824	3552	0	175622
4587	2249	3903	543	171127	0	177822
4588	170684	1746	414	4846	0	177690
4589	171662	1361	348	2804	0	176175
4590	174223	1005	343	2357	0	177928
4591	6073	1119	290	171192	0	178674
4592	2916	1002	169257	4257	0	177432
4593	157245	1043	3248	2771	0	164307
4594	161087	902	1270	2303	0	165562
4595	166359	857	848	1832	0	169896
4596	5638	162233	679	1226	0	169776
4597	3237	3709	672	163203	0	170821
4598	2261	167135	594	3875	0	173865
4599	2423	4204	534	165675	0	172836
4600	2350	2035	447	171783	0	176615
4601	1834	1536	178239	5403	0	187012
4602	2417	1112	3986	191035	0	198550
4603	2201	1138	1598	199635	0	204572
4604	198690	935	1019	8050	0	208694
4605	6076	201726	822	3458	0	212082
4606	201556	5855	797	2967	0	211175
4607	215286	2624	577	2495	0	220982
4608	9173	1981	516	212408	0	224078
4609	4276	1595	214766	6657	0	227294
4610	2753	205002	5575	3541	0	216871
4611	2278	208630	2157	2755	0	215820
4612	202453	7600	1309	2952	0	214314
4613	7159	206525	1049	2101	0	216834
4614	4494	7042	793	200113	0	212442
4615	3703	3086	858	208059	0	215706
4616	2483	2326	202881	8275	0	215965
4617	2304	2028	198905	3819	0	207056
4618	2173	201883	7446	2427	0	213929
4619	2603	7300	2817	202675	0	215395
4620	202967	3415	1571	7324	0	215277
4621	7679	2648	1283	205776	0	217386
4622	3202	2281	208579	7849	0	221911
4623	2929	1960	6356	207863	0	219108
4624	201497	1732	2810	8785	0	214824
4625	203832	1665	1983	4758	0	212238
4626	8398	202643	1612	3148	0	215801
4627	203541	6893	1163	3486	0	215083
4628	8048	204763	1165	2645	0	216621
4629	205787	7147	976	3044	0	216954
4630	9232	3279	1159	201500	0	215170
4631	4478	2345	199341	7388	0	213552
4632	3791	2085	193319	3527	0	202722
4633	3292	203699	7280	2587	0	216858
4634	4082	6581	2815	197110	0	210588
4635	3473	3116	1541	206365	0	214495
4636	203980	2287	1267	8624	0	216158
4637	206747	1940	1062	4564	0	214313
4638	211857	1812	1066	3489	0	218224
4639	9914	1700	1263	206685	0	219562
4640	5331	1833	1447	211270	0	219881
4641	4110	1905	1266	214269	0	221550
4642	2863	1960	207030	9213	0	221066
4643	2797	1662	203748	4875	0	213082
4644	200734	1487	7315	4399	0	213935
4645	202788	1340	3162	3933	0	211223
4646	8841	1495	204228	2853	0	217417
4647	200099	1362	6360	3522	0	211343
4648	196922	1240	2815	4056	0	205033
4649	8896	1279	196863	3182	0	210220
4650	4691	198353	6721	2777	0	212542
4651	4400	6277	3447	191903	0	206027
4652	3445	2438	196227	6700	0	208810
4653	3253	199240	6129	3707	0	212329
4654	3646	6324	2661	177872	0	190503
4655	2557	187673	2036	5210	0	197476
4656	2619	5530	183383	2702	0	194234
4657	2394	2658	185438	2109	0	192599
4658	2841	2912	7022	184862	0	197637
4659	187544	1718	3111	6665	0	199038
4660	6774	1451	2108	188104	0	198437
4661	188139	1837	1631	6739	0	198346
4662	7298	1708	1485	188554	0	199045
4663	3519	1899	186529	6889	0	198836
4664	179669	1653	5982	4470	0	191774
4665	6259	1491	187671	2750	0	198171
4666	188097	1388	6614	3105	0	199204
4667	7442	1494	3216	184279	0	196431
4668	3834	187460	2303	6723	0	200320
4669	3584	5502	1811	187566	0	198463
4670	2602	191917	2043	7211	0	203773
4671	3121	5660	2398	181538	0	192717
4672	2803	192581	2231	6339	0	203954
4673	189866	5848	2135	4411	0	202260
4674	192788	2776	1728	3655	0	200947
4675	191645	1929	1660	3705	0	198939
4676	8683	2074	187317	2939	0	201013
4677	5131	1808	5845	187654	0	200438
4678	3526	2153	190049	6754	0	202482
4679	3085	179802	6563	4048	0	193498
4680	2947	190687	3342	2934	0	199910
4681	184358	7032	2423	2927	0	196740
4682	7358	3376	186506	2066	0	199306
4683	4413	183085	6095	2296	0	195889
4684	3983	5961	3516	187278	0	200738
4685	185439	3013	2563	7533	0	198548
4686	6393	188503	2593	3683	0	201172
4687	191764	6459	2104	3099	0	203426
4688	7408	3845	190503	2288	0	204044
4689	4952	2406	6007	193112	0	206477
4690	3734	1780	3526	197901	0	206941
4691	3203	1823	2600	202936	0	210562
4692	2560	198602	2415	9183	0	212760
4693	4324	6723	2001	183931	0	196979
4694	2975	3393	201630	8103	0	216101
4695	3714	2091	6801	197827	0	210433
4696	3258	1641	3756	204923	0	213578
4697	3318	1287	2599	201808	0	209012
4698	2585	195901	2249	9484	0	210219
4699	3307	6098	1937	197830	0	209172
4700	3448	3194	1890	197473	0	206005
4701	1905	183375	1903	8862	0	196045
4702	167102	4700	1410	4327	0	177539
4703	4767	165429	1314	2933	0	174443
4704	2156	165151	1146	2301	0	170754
4705	2571	5993	1082	160883	0	170529
4706	1391	2430	158740	5248	0	167809
4707	140163	1434	3985	2963	0	148545
4708	4219	1078	1592	150720	0	157609
4709	1703	1004	146440	4799	0	153946
4710	1062	146771	3873	2627	0	154333
4711	1279	4200	1693	148220	0	155392
4712	943	2028	149725	4791	0	157487
4713	1434	1306	4104	144992	0	151836
4714	1364	1051	1812	148375	0	152602
4715	143332	804	1134	6188	0	151458
4716	3908	142984	1018	2906	0	150816
4717	142299	3995	823	2443	0	149560
4718	4349	1965	143820	1697	0	151831
4719	2011	143656	3926	1594	0	151187
4720	1372	4071	145786	1436	0	152665
4721	1648	2315	4089	146613	0	154665
4722	145518	1118	2063	4798	0	153497
4723	4276	1036	1143	145759	0	152214
4724	146245	838	932	5115	0	153130
4725	149430	887	946	2788	0	154051
4726	5481	814	913	150861	0	158069
4727	2469	949	154214	4742	0	162374
4728	1742	849	154906	2586	0	160083
4729	1748	948	4929	160160	0	167785
4730	1765	760	2131	165521	0	170177
4731	162926	751	1414	6420	0	171511
4732	4918	885	1051	161692	0	168546
4733	2376	155529	1158	5328	0	164391
4734	2027	4014	974	160797	0	167812
4735	1696	2005	1068	164084	0	168853
4736	158870	1208	877	6949	0	167904
4737	4483	160388	939	3522	0	169332
4738	2685	4422	755	163209	0	171071
4739	1975	1979	794	163374	0	168122
4740	1286	159140	917	6688	0	168031
4741	1597	4551	778	163052	0	169978
4742	1451	2183	731	162645	0	167010
4743	1028	157584	867	7086	0	166565
4744	1473	4565	742	160667	0	167447
4745	1324	2208	721	159620	0	163873
4746	840	155294	883	7173	0	164190
4747	1071	4672	663	159878	0	166284
4748	155189	2364	567	7247	0	165367
4749	156367	1611	589	4579	0	163146
4750	151498	1546	517	3747	0	157308
4751	154214	1259	472	3396	0	159341
4752	5969	147132	584	2736	0	156421
4753	138528	4134	383	2549	0	145594
4754	4544	134444	468	2320	0	141776
4755	2131	134727	481	1765	0	139104
4756	2496	4681	683	133505	0	141365
4757	1282	1930	133404	4361	0	140977
4758	124199	1357	3063	2607	0	131226
4759	132459	1099	1173	2141	0	136872
4760	4385	1017	134851	1754	0	142007
4761	132934	853	3095	2096	0	138978
4762	141923	825	1142	1963	0	145853
4763	4810	136265	813	1521	0	143409
4764	154028	3427	608	2321	0	160384
4765	4968	1631	571	151229	0	158399
4766	2740	1074	555	153720	0	158089
4767	2089	1061	533	154827	0	158510
4768	1932	938	524	154924	0	158318
4769	152803	911	519	5921	0	160154
4770	4511	889	525	151291	0	157216
4771	2483	848	469	154196	0	157996
4772	1756	870	148713	5435	0	156774
4773	131089	822	3188	3769	0	138868
4774	149327	854	1205	2722	0	154108
4775	150223	719	855	2574	0	154371
4776	5058	144566	746	1998	0	152368
4777	2544	149320	670	1903	0	154437
4778	149182	3991	571	2326	0	156070
4779	4690	1654	564	148897	0	155805
4780	2423	151859	515	4532	0	159329
4781	2237	3705	359	152077	0	158378
4782	1621	152115	466	4685	0	158887
4783	151997	3895	317	3308	0	159517
4784	4142	153227	401	2364	0	160134
4785	2423	3942	361	152916	0	159642
4786	2157	1874	344	155641	0	160016
4787	1629	1377	153103	5158	0	161267
4788	1621	158161	3235	2792	0	165809
4789	2014	4659	1106	164624	0	172403
4790	1531	2211	167347	5211	0	176300
4791	1254	1386	169932	2646	0	175218
4792	1667	1215	5359	174942	0	183183
4793	1575	936	2642	176343	0	181496
4794	1033	167707	1341	7072	0	177153
4795	1096	178904	922	3812	0	184734
4796	1454	6410	717	179481	0	188062
4797	178945	3228	595	6496	0	189264
4798	5699	1731	523	189232	0	197185
4799	187718	1399	389	7681	0	197187
4800	195750	1249	329	4686	0	202014
4801	198758	1211	405	3278	0	203652
4802	8707	1355	194768	2087	0	206917
4803	195007	940	5017	2529	0	203493
4804	7829	797	2823	196217	0	207666
4805	5090	772	1514	198925	0	206301
4806	2976	927	195005	8349	0	207257
4807	2234	1015	193176	4773	0	201198
4808	2648	1344	6895	187321	0	198208
4809	1695	181875	3701	6039	0	193310
4810	1645	192734	1816	3867	0	200062
4811	2355	6424	1189	192763	0	202731
4812	191041	3299	1033	6874	0	202247
4813	6157	1728	998	193889	0	202772
4814	4256	1292	975	192482	0	199005
4815	2492	191630	823	7833	0	202778
4816	2232	5123	840	197259	0	205454
4817	1821	3103	194206	7013	0	206143
4818	1617	1802	182266	4813	0	190498
4819	180825	1069	6687	4037	0	192618
4820	5205	190189	3723	2557	0	201674
4821	191357	4985	2051	2901	0	201294
4822	193670	3108	1411	2633	0	200822
4823	7849	1942	1201	183536	0	194528
4824	4197	190172	1229	5047	0	200645
4825	3048	5230	1014	193938	0	203230
4826	192133	2999	722	6677	0	202531
4827	5491	186873	722	4096	0	197182
4828	184056	4853	547	3354	0	192810
4829	5789	184373	623	1949	0	192734
4830	186065	5309	540	2674	0	194588
4831	187511	3229	781	2227	0	193748
4832	7100	183258	971	1560	0	192889
4833	4872	4754	701	185661	0	195988
4834	186327	3117	750	5442	0	195636
4835	6125	1871	177718	3124	0	188838
4836	3981	1475	176474	2070	0	184000
4837	2976	2590	5684	175790	0	187040
4838	179779	1124	2885	5315	0	189103
4839	5050	1082	1440	181384	0	188956
4840	181042	979	1065	6222	0	189308
4841	5630	1305	182592	3405	0	192932
4842	184854	918	4141	3013	0	192926
4843	198120	1019	2505	2414	0	204058
4844	7674	867	1381	194373	0	204295
4845	5166	835	841	196746	0	203588
4846	3328	994	773	197472	0	202567
4847	2460	194639	813	7217	0	205129
4848	2665	3826	962	194667	0	202120
4849	2128	2259	1191	201611	0	207189
4850	196987	1250	1083	7823	0	207143
4851	197409	867	880	5628	0	204784
4852	6770	1050	192530	3095	0	203445
4853	189281	858	4133	3235	0	197507
4854	6107	1050	193732	2160	0	203049
4855	180857	894	4816	2829	0	189396
4856	6231	907	191167	2002	0	200307
4857	4339	929	186983	1729	0	193980
4858	3232	1042	5778	184734	0	194786
4859	2178	809	187130	5114	0	195231
4860	179860	730	4846	4336	0	189772
4861	4861	1005	3148	191213	0	200227
4862	193652	723	1869	5900	0	202144
4863	194332	752	1480	4390	0	200954
4864	182918	762	1458	2781	0	187919
4865	181612	604	1152	2353	0	185721
4866	8008	693	177008	1695	0	187404
4867	5790	560	3868	176390	0	186608
4868	3572	584	180137	4504	0	188797
4869	3392	506	4551	178798	0	187247
4870	177989	517	3166	5536	0	187208
4871	5438	589	2107	181016	0	189150
4872	181982	595	1513	6131	0	190221
4873	5832	601	1656	182923	0	191012
4874	4190	617	1138	185650	0	191595
4875	183248	596	1164	7496	0	192504
4876	5459	180033	1088	4471	0	191051
4877	183450	3496	736	3180	0	190862
4878	5845	180864	808	2345	0	189862
4879	4322	4177	708	183920	0	193127
4880	180988	2440	964	5498	0	189890
4881	5169	1475	178985	3841	0	189470
4882	4173	906	3885	182307	0	191271
4883	181867	998	2542	5694	0	191101
4884	185872	763	1437	4056	0	192128
4885	7606	822	980	184519	0	193927
4886	4821	184893	1108	5248	0	196070
4887	3124	187345	927	3556	0	194952
4888	2978	7735	814	177527	0	189054
4889	179852	2112	684	4890	0	187538
4890	4611	171809	404	2513	0	179337
4891	1861	164560	299	1072	0	167792
4892	159295	3365	351	1416	0	164427
4893	2839	159302	321	690	0	163152
4894	164159	2918	390	1099	0	168566
4895	3777	1229	376	163314	0	168696
4896	2087	785	178	163466	0	166516
4897	946	159411	249	3609	0	164215
4898	794	158430	188	1480	0	160892
4899	149973	3103	132	1340	0	154548
4900	2670	153931	153	679	0	157433
4901	966	167414	138	399	0	168917
4902	1277	3739	138	168026	0	173180
4903	171439	1659	52	3979	0	177129
4904	3557	1176	181366	1626	0	187725
4905	180874	629	3702	1353	0	186558
4906	5340	421	1996	198917	0	206674
4907	2654	547	203436	4673	0	211310
4908	1479	499	206723	2713	0	211414
4909	1663	311	6993	210768	0	219735
4910	856	502	220683	5397	0	227438
4911	214322	404	6315	4140	0	225181
4912	222555	416	3477	2385	0	228833
4913	7978	530	223063	1363	0	232934
4914	4808	440	6239	219503	0	230990
4915	2884	507	3776	220627	0	227794
4916	226039	324	2025	9124	0	237512
4917	6928	490	1670	216688	0	225776
4918	3954	218118	1539	6661	0	230272
4919	221476	5047	1102	4616	0	232241
4920	6443	217736	1205	2699	0	228083
4921	4049	228105	1124	2155	0	235433
4922	3006	7696	1055	225308	0	237065
4923	2871	4006	729	228450	0	236056
4924	2491	2114	912	230669	0	236186
4925	1961	1958	218093	9664	0	231676
4926	200723	1447	5381	6284	0	213835
4927	5902	215708	3234	3492	0	228336
4928	220933	6118	1490	3538	0	232079
4929	223726	3574	1049	3327	0	231676
4930	9922	2246	905	221032	0	234105
4931	5176	219861	930	7186	0	233153
4932	3862	6355	940	228427	0	239584
4933	3615	3486	755	233364	0	241220
4934	231695	2519	737	10521	0	245472
4935	228478	1872	722	6686	0	237758
4936	9533	1772	214760	3905	0	229970
4937	227913	1383	4738	4076	0	238110
4938	8470	233287	2539	3036	0	247332
4939	235864	6651	1686	3185	0	247386
4940	9044	246353	1104	2403	0	258904
4941	6385	8096	900	240044	0	255425
4942	4800	4398	910	240294	0	250402
4943	3443	236638	985	10074	0	251140
4944	3804	7495	732	246011	0	258042
4945	3270	4867	790	247824	0	256751
4946	3317	2807	726	244918	0	251768
4947	2304	238009	806	12299	0	253418
4948	3260	7690	761	244908	0	256619
4949	3088	4692	737	247291	0	255808
4950	2549	3397	895	250964	0	257805
4951	2279	2677	236130	13434	0	254520
4952	224275	2722	6484	9025	0	242506
4953	8207	2316	237442	5769	0	253734
4954	234132	2348	7803	5424	0	249707
4955	9210	1904	239711	4912	0	255737
4956	236825	1844	8414	4993	0	252076
4957	244384	2002	4758	4462	0	255606
4958	12184	1692	240266	3799	0	257941
4959	7801	1746	8126	238093	0	255766
4960	5041	1978	220851	9127	0	236997
4961	224038	1902	7321	6736	0	239997
4962	9664	1672	242264	4893	0	258493
4963	6814	1550	236216	4309	0	248889
4964	233385	1444	11029	4715	0	250573
4965	9513	238210	6827	3519	0	258069
4966	7193	7040	3993	243903	0	262129
4967	248854	4264	3773	9402	0	266293
4968	10887	2548	3207	249626	0	266268
4969	7289	2147	3377	255596	0	268409
4970	250382	2018	2784	13013	0	268197
4971	252025	1749	2714	8345	0	264833
4972	12810	1957	244313	5481	0	264561
4973	7814	1561	245265	5508	0	260148
4974	6016	1451	11107	247425	0	265999
4975	5110	1576	251433	10715	0	268834
4976	4839	1510	9971	249720	0	266040
4977	5168	1544	6535	246819	0	260066
4978	5011	1492	4049	260275	0	270827
4979	248378	1868	3345	15061	0	268652
4980	9637	250750	3369	9277	0	273033
4981	254085	7373	2384	7805	0	271647
4982	254922	4343	2601	7247	0	269113
4983	12062	251563	2438	6567	0	272630
4984	250813	7590	1854	6094	0	266351
4985	11010	4804	245120	4920	0	265854
4986	7737	3722	6404	241470	0	259333
4987	245069	2814	4144	9749	0	261776
4988	9452	2747	228170	6606	0	246975
4989	232473	2086	5695	5628	0	245882
4990	8703	244323	3856	4590	0	261472
4991	275854	5823	2704	5127	0	289508
4992	278973	3659	2603	4828	0	290063
4993	14169	280824	2325	3635	0	300953
4994	292823	8219	2292	3800	0	307134
4995	14157	4801	2190	289857	0	311005
4996	9975	3544	1714	298222	0	313455
4997	292619	2933	1712	13170	0	310434
4998	283998	2155	1503	8938	0	296594
4999	14202	285523	1907	5924	0	307556
5000	8921	289255	1535	5121	0	304832
5001	6799	10774	1266	267652	0	286491
5002	4778	269637	1627	8355	0	284397
5003	4630	279569	1463	5212	0	290874
5004	258973	9204	1608	4252	0	274037
5005	8033	262089	1128	2653	0	273903
5006	246246	7328	743	2607	0	256924
5007	7403	253168	737	1912	0	263220
5008	4488	7081	246569	1675	0	259813
5009	3184	250970	4593	1870	0	260617
5010	243378	7669	2559	2904	0	256510
5011	241161	3030	1618	2043	0	247852
5012	7161	2452	239325	962	0	249900
5013	4869	1701	4893	228043	0	239506
5014	3784	1206	2307	243244	0	250541
5015	2345	1259	240383	6240	0	250227
5016	2739	904	5173	232863	0	241679
5017	1710	1098	238853	6767	0	248428
5018	1567	1045	229751	3590	0	235953
5019	227356	730	6271	3785	0	238142
5020	5313	235985	3591	2116	0	247005
5021	235479	4685	2516	2083	0	244763
5022	7256	2198	1679	235349	0	246482
5023	3638	2197	237663	5081	0	248579
5024	3900	1552	4721	228371	0	238544
5025	2367	237628	2322	5359	0	247676
5026	240972	4615	2107	3681	0	251375
5027	242029	2186	1393	3203	0	248811
5028	7327	1974	1096	241339	0	251736
5029	4136	1518	235223	5470	0	246347
5030	221957	1305	4363	3494	0	231119
5031	6149	231852	2053	2186	0	242240
5032	233069	4827	1733	2047	0	241676
5033	7783	2513	1078	230450	0	241824
5034	232838	2341	883	5500	0	241562
5035	8521	1807	744	229514	0	240586
5036	4450	2150	227976	6419	0	240995
5037	4253	1340	215067	3601	0	224261
5038	213572	929	5093	5057	0	224651
5039	5858	227435	3115	2978	0	239386
5040	222055	4158	2649	2391	0	231253
5041	222521	2219	1204	2299	0	228243
5042	5681	224140	1123	1016	0	231960
5043	220284	5299	773	2055	0	228411
5044	6402	2861	226508	1593	0	237364
5045	3882	3314	3646	227637	0	238479
5046	3970	2531	1686	229946	0	238133
5047	3456	2074	1537	236014	0	243081
5048	2472	2393	230685	6258	0	241808
5049	2778	1706	229980	3702	0	238166
5050	2291	2034	5421	230503	0	240249
5051	1882	225915	3678	4647	0	236122
5052	1917	239857	2447	2508	0	246729
5053	238317	5627	1531	3355	0	248830
5054	239689	3209	1637	2775	0	247310
5055	5700	244836	2019	2270	0	254825
5056	3976	5197	1178	249452	0	259803
5057	3159	2896	1280	253326	0	260661
5058	252885	2485	1916	7469	0	264755
5059	6172	1646	1475	258376	0	267669
5060	4157	1633	1991	256289	0	264070
5061	3671	1693	1895	258747	0	266006
5062	3166	1806	239336	7738	0	252046
5063	2892	2248	218197	4752	0	228089
5064	235738	1143	5753	4956	0	247590
5065	5983	997	3576	250739	0	261295
5066	3276	1298	248034	6582	0	259190
5067	2981	1530	235703	4154	0	244368
5068	239202	1691	6898	4471	0	252262
5069	7305	1281	273902	2639	0	285127
5070	4017	276668	7522	2601	0	290808
5071	3688	5566	3981	301650	0	314885
5072	2939	2769	301395	7106	0	314209
5073	297273	2686	7765	4299	0	312023
5074	9470	2352	3592	322620	0	338034
5075	5006	1625	320692	9176	0	336499
5076	4622	1133	8589	325644	0	339988
5077	3903	1084	4456	333540	0	342983
5078	330888	993	3409	13236	0	348526
5079	8944	331504	3388	6492	0	350328
5080	5883	7600	2976	331765	0	348224
5081	334734	3420	1995	10932	0	351081
5082	338109	3054	1748	6407	0	349318
5083	340207	1828	1746	5057	0	348838
5084	344770	1897	1619	4065	0	352351
5085	15171	2007	1526	333838	0	352542
5086	330195	1206	1810	10508	0	343719
5087	334511	1125	2120	6424	0	344180
5088	314788	997	1588	6860	0	324233
5089	324995	930	1708	5787	0	333420
5090	14112	300925	2048	4366	0	321451
5091	4987	276866	800	1827	0	284480
5092	4340	7324	686	272677	0	285027
5093	2854	267711	785	5699	0	277049
5094	269162	5900	633	3772	0	279467
5095	7701	2655	424	267091	0	277871
5096	266995	1254	393	6613	0	275255
5097	270928	1209	414	3663	0	276214
5098	8878	1041	365	273954	0	284238
5099	4926	874	543	272167	0	278510
5100	3085	269929	631	7442	0	281087
5101	272754	4895	429	4478	0	282556
5102	7133	270424	709	2441	0	280707
5103	275770	5458	476	2811	0	284515
5104	8111	2641	462	276278	0	287492
5105	4218	1920	271292	6235	0	283665
5106	266404	1412	4843	4415	0	277074
5107	260494	1351	2050	3380	0	267275
5108	8623	1464	255506	1870	0	267463
5109	4741	1405	254273	1786	0	262205
5110	4500	1181	6257	248364	0	260302
5111	267884	1023	2641	7178	0	278726
5112	278680	1021	1593	4530	0	285824
5113	282729	982	1189	3846	0	288746
5114	287896	1122	1006	3202	0	293226
5115	10807	280752	1081	2078	0	294718
5116	294308	6378	1027	2961	0	304674
5117	10432	2697	1030	287841	0	302000
5118	6448	1631	866	289638	0	298583
5119	5323	1202	939	299022	0	306486
5120	4792	1160	972	305876	0	312800
5121	299242	1192	953	11463	0	312850
5122	10001	1131	1177	313170	0	325479
5123	5273	1317	303456	10249	0	320295
5124	5217	1023	7473	313034	0	326747
5125	4820	786	3106	319713	0	328425
5126	4695	811	1881	319810	0	327197
5127	4735	880	1501	319548	0	326664
5128	307727	900	1149	14503	0	324279
5129	10434	300983	1395	6826	0	319638
5130	5609	309239	1423	4796	0	321067
5131	4980	10056	1301	307642	0	323979
5132	299212	4242	1211	11840	0	316505
5133	313930	2448	1110	7300	0	324788
5134	13351	1588	1091	311075	0	327105
5135	6955	1619	296279	11466	0	316319
5136	301043	1478	7639	7306	0	317466
5137	11956	1615	3534	314202	0	331307
5138	6293	1745	309075	12007	0	329120
5139	293984	1341	8551	8271	0	312147
5140	11868	304501	3527	5745	0	325641
5141	336973	8549	1968	5765	0	353255
5142	14605	349270	1755	4325	0	369955
5143	10227	12029	1235	348289	0	371780
5144	6391	359823	1243	13550	0	381007
5145	6599	14808	1013	372212	0	394632
5146	356809	7278	1006	18094	0	383187
5147	15013	361180	1142	10200	0	387535
5148	9127	13415	356660	6729	0	385931
5149	7817	7623	11291	360955	0	387686
5150	5516	4712	362402	15068	0	387698
5151	6324	3216	13896	356285	0	379721
5152	5800	2635	7331	370851	0	386617
5153	4420	2764	353977	20043	0	381204
5154	324107	2564	13253	13694	0	353618
5155	14821	2544	348823	8516	0	374704
5156	9051	2502	345498	6456	0	363507
5157	6331	344797	17227	6127	0	374482
5158	6187	12693	8882	343943	0	371705
5159	5476	7069	5481	354014	0	372040
5160	6021	5049	3885	341009	0	355964
5161	4985	3867	3066	361840	0	373758
5162	3581	3160	338906	23276	0	368923
5163	320656	2561	12690	15666	0	351573
5164	13839	2353	344688	10104	0	370984
5165	9176	1798	14695	338898	0	364567
5166	333214	1537	8267	17867	0	360885
5167	13982	332374	6279	11497	0	364132
5168	9603	13163	4616	324568	0	351950
5169	308593	6065	3853	15785	0	334296
5170	13868	292359	3731	9690	0	319648
5171	7368	291055	2543	6482	0	307448
5172	283490	14009	2165	6263	0	305927
5173	11920	285479	2019	4675	0	304093
5174	269792	12423	2026	5095	0	289336
5175	12580	274480	1712	4085	0	292857
5176	271672	12132	2097	3981	0	289882
5177	274898	6930	1465	4046	0	287339
5178	15222	273983	1925	3150	0	294280
5179	9843	10946	1651	269131	0	291571
5180	6814	6564	264081	10894	0	288353
5181	261686	5101	9096	7171	0	283054
5182	12206	3601	5085	262860	0	283752
5183	7747	248832	3680	11840	0	272099
5184	5252	266922	2667	7397	0	282238
5185	4388	12989	2136	268076	0	287589
5186	264724	7222	2079	12784	0	286809
5187	11001	5379	261621	7543	0	285544
5188	7882	3626	9040	267591	0	288139
5189	5840	3480	5278	273774	0	288372
5190	4579	3015	3849	279478	0	290921
5191	4426	2399	2749	272972	0	282546
5192	3293	259995	2583	18385	0	284256
5193	3699	9746	2280	272848	0	288573
5194	2809	6103	260439	16058	0	285409
5195	3045	4747	256560	10276	0	274628
5196	2744	3800	263305	7974	0	277823
5197	3518	3382	14804	257828	0	279532
5198	250991	3613	8824	12724	0	276152
5199	10494	3184	252431	8705	0	274814
5200	7165	2569	256607	6836	0	273177
5201	5903	2405	14900	250863	0	274071
5202	251268	2402	9036	13632	0	276338
5203	10775	249851	6205	9362	0	276193
5204	252499	10373	4364	7817	0	275053
5205	13932	6338	3863	250763	0	274896
5206	8396	5467	252562	12415	0	278840
5207	6864	5105	10607	241804	0	264380
5208	4933	251526	7156	13208	0	276823
5209	260601	11001	5409	9031	0	286042
5210	11907	6846	259601	7099	0	285453
5211	6820	253028	10587	6102	0	276537
5212	249260	10740	7096	5803	0	272899
5213	12494	6824	5839	248830	0	273987
5214	8282	4830	4147	256212	0	273471
5215	254810	3332	3616	15865	0	277623
5216	259998	2778	3521	10867	0	277164
5217	272655	3250	3373	7606	0	286884
5218	19556	2835	2785	256650	0	281826
5219	11431	251683	2667	13258	0	279039
5220	257913	9732	2663	9828	0	280136
5221	13511	256757	2342	7689	0	280299
5222	245778	11386	2129	5550	0	264843
5223	14036	241190	2299	4126	0	261651
5224	9780	11447	2251	234682	0	258160
5225	238272	7695	1924	11152	0	259043
5226	242708	5587	1570	8247	0	258112
5227	246730	4053	1369	6739	0	258891
5228	249660	3449	1313	5589	0	260011
5229	250400	2959	1402	4757	0	259518
5230	19500	2987	233282	3956	0	259725
5231	14004	2628	8202	234533	0	259367
5232	9672	2712	236910	9603	0	258897
5233	7594	2831	234641	6813	0	251879
5234	234865	2809	13156	5451	0	256281
5235	241874	2750	8332	4462	0	257418
5236	246861	2638	5523	3607	0	258629
5237	18784	2759	3625	231453	0	256621
5238	235065	2390	2880	10484	0	250819
5239	15798	222286	2751	7343	0	248178
5240	11683	226992	2289	5621	0	246585
5241	7493	214113	1386	3436	0	226428
5242	191814	7893	1570	3004	0	204281
5243	8160	192860	1414	2518	0	204952
5244	183299	5718	1052	2010	0	192079
5245	181788	3201	822	1736	0	187547
5246	8675	2304	176923	1413	0	189315
5247	6258	1820	4747	172915	0	185740
5248	4942	1591	2606	184640	0	193779
5249	186488	1308	1771	7416	0	196983
5250	188772	1201	1311	4400	0	195684
5251	9896	1095	1122	184926	0	197039
5252	6066	1274	180411	6487	0	194238
5253	4781	1295	181223	4053	0	191352
5254	4551	1255	6569	185852	0	198227
5255	4477	1215	3334	186628	0	195654
5256	4050	1430	1942	193476	0	200898
5257	184361	1396	1505	9098	0	196360
5258	187461	1465	1349	5387	0	195662
5259	9442	184333	1491	3472	0	198738
5260	6530	5595	1344	185263	0	198732
5261	5145	3227	1129	187147	0	196648
5262	4373	187094	1116	8160	0	200743
5263	4684	5886	1118	190527	0	202215
5264	190404	3431	1113	8121	0	203069
5265	8681	2262	1334	189108	0	201385
5266	6369	1904	1345	192950	0	202568
5267	188371	1594	1219	9730	0	200914
5268	188447	1443	1330	6337	0	197557
5269	190870	1379	1469	4924	0	198642
5270	11348	1641	1478	184140	0	198607
5271	7117	1208	176339	7204	0	191868
5272	5740	1251	172584	4979	0	184554
5273	5009	1281	175387	3803	0	185480
5274	4593	170547	6814	3306	0	185260
5275	168907	5144	4099	3350	0	181500
5276	7603	3021	166385	2695	0	179704
5277	164296	1916	4942	3069	0	174223
5278	7681	1617	3333	166590	0	179221
5279	155115	1778	2399	7021	0	166313
5280	173100	1475	1860	4792	0	181227
5281	8580	173038	1474	3206	0	186298
5282	179666	4618	1228	3530	0	189042
5283	179541	2819	1348	3581	0	187289
5284	9203	175937	1635	2923	0	189698
5285	6736	4658	1617	181192	0	194203
5286	5084	3020	179765	6075	0	193944
5287	4808	2019	4719	177390	0	188936
5288	4336	1729	3007	182318	0	191390
5289	182052	1664	2120	8446	0	194282
5290	7908	1381	1856	179756	0	190901
5291	5508	180654	1812	7013	0	194987
5292	4627	4925	1604	183517	0	194673
5293	3960	3061	1603	187938	0	196562
5294	3668	2247	180906	9041	0	195862
5295	3823	174708	4684	6250	0	189465
5296	4258	183888	2889	4430	0	195465
5297	179089	6528	1908	4505	0	192030
5298	6631	185665	1707	3920	0	197923
5299	5356	6092	1662	185269	0	198379
5300	4219	4005	182195	7003	0	197422
5301	3536	183825	5064	5343	0	197768
5302	185757	5791	3191	4395	0	199134
5303	7096	3837	2448	185956	0	199337
5304	5482	2720	1961	190605	0	200768
5305	3981	2370	186273	8674	0	201298
5306	3980	2002	5047	181788	0	192817
5307	4034	1839	3375	189598	0	198846
5308	183506	1991	2350	9665	0	197512
5309	174290	1739	1612	6306	0	183947
5310	8206	170686	1510	4683	0	185085
5311	164463	4122	1201	4208	0	173994
5312	6199	160578	1210	3493	0	171480
5313	4375	6081	1032	149852	0	161340
5314	3259	150801	1038	4948	0	160046
5315	3032	156429	920	3666	0	164047
5316	148085	4748	1375	3416	0	157624
5317	144313	2169	796	2715	0	149993
5318	4662	142389	856	1973	0	149880
5319	145066	3116	812	2324	0	151318
5320	144448	1753	701	2637	0	149539
5321	151770	1278	778	2444	0	156270
5322	5012	1220	770	153331	0	160333
5323	154407	1286	723	4102	0	160518
5324	4250	1371	145996	2423	0	154040
5325	143306	1185	2524	2405	0	149420
5326	4372	1276	153698	1559	0	160905
5327	3199	1220	2860	157104	0	164383
5328	2521	1326	1457	161813	0	167117
5329	2267	1306	158862	4153	0	166588
5330	148273	1096	2638	3198	0	155205
5331	156627	1111	1542	2442	0	161722
5332	4866	1086	166388	1600	0	173940
5333	3345	902	2935	162901	0	170083
5334	2686	811	1683	163391	0	168571
5335	2228	706	1043	170859	0	174836
5336	166519	661	1036	5282	0	173498
5337	167199	659	1101	3216	0	172175
5338	4824	822	974	162961	0	169581
5339	2605	156553	915	3396	0	163469
5340	1766	154882	845	2313	0	159806
5341	148848	2613	642	2246	0	154349
5342	2856	148546	614	1635	0	153651
5343	1835	147036	518	1239	0	150628
5344	1747	1968	364	138314	0	142393
5345	954	913	138302	1668	0	141837
5346	691	135602	1262	1001	0	138556
5347	906	1871	615	135623	0	139015
5348	670	136222	420	1516	0	138828
5349	870	1300	246	134903	0	137319
5350	135492	606	192	1938	0	138228
5351	1292	138172	237	906	0	140607
5352	139429	1087	244	1376	0	142136
5353	135220	737	266	1096	0	137319
5354	1539	647	133376	560	0	136122
5355	130383	430	865	893	0	132571
5356	1436	480	401	137906	0	140223
5357	770	441	139836	1089	0	142136
5358	504	137885	867	684	0	139940
5359	744	1118	460	136338	0	138660
5360	628	495	257	138831	0	140211
5361	138466	345	228	1594	0	140633
5362	1116	295	140	138497	0	140048
5363	777	247	138	138698	0	139860
5364	138988	239	191	1831	0	141249
5365	1014	138223	214	688	0	140139
5366	135582	845	175	1242	0	137844
5367	1205	555	135849	456	0	138065
5368	121070	297	826	1221	0	123414
5369	1277	356	138559	375	0	140567
5370	654	139518	908	518	0	141598
5371	140241	884	417	991	0	142533
5372	133318	615	314	1086	0	135333
5373	1244	530	137249	466	0	139489
5374	887	324	134471	460	0	136142
5375	789	390	135821	390	0	137390
5376	426	145720	1465	449	0	148060
5377	709	1220	564	146865	0	149358
5378	635	680	159667	1206	0	162188
5379	636	582	152338	612	0	154168
5380	942	319	2618	155244	0	159123
5381	564	350	159770	1932	0	162616
5382	151654	260	2368	1829	0	156111
5383	180925	371	1270	1386	0	183952
5384	4257	429	180947	462	0	186095
5385	2444	179879	3381	587	0	186291
5386	2013	3008	2093	179717	0	186831
5387	913	1847	183714	3243	0	189717
5388	632	177250	3659	2131	0	183672
5389	1494	3495	2187	176577	0	183753
5390	181068	1805	1259	4238	0	188370
5391	180511	1049	962	2989	0	185511
5392	4507	183176	864	1401	0	189948
5393	3308	3143	574	184476	0	191501
5394	1986	1836	841	186205	0	190868
5395	1656	1380	665	183144	0	186845
5396	1510	679	535	187618	0	190342
5397	953	676	182211	6003	0	189843
5398	1495	644	3140	181145	0	186424
5399	733	731	179805	4817	0	186086
5400	549	176248	3819	2929	0	183545
5401	175091	3108	2147	2783	0	183129
5402	2948	183666	1333	1504	0	189451
5403	2554	3728	648	185335	0	192265
5404	1932	2054	713	186216	0	190915
5405	183130	1383	493	5780	0	190786
5406	3496	699	520	184309	0	189024
5407	1968	178362	631	4492	0	185453
5408	1866	3009	362	185536	0	190773
5409	1251	2062	477	186354	0	190144
5410	181844	1334	469	6119	0	189766
5411	3312	840	174661	3714	0	182527
5412	2156	172743	2522	2199	0	179620
5413	1467	180598	1440	1484	0	184989
5414	1192	4082	747	178977	0	184998
5415	174579	2459	392	4156	0	181586
5416	2728	174205	477	2768	0	180178
5417	2371	3129	302	177197	0	182999
5418	1432	1996	173934	3585	0	180947
5419	1251	1415	2745	173684	0	179095
5420	173912	1026	1646	4748	0	181332
5421	169419	720	1091	3343	0	174573
5422	4807	680	493	168983	0	174963
5423	171693	673	423	4337	0	177126
5424	168336	590	446	3389	0	172761
5425	4920	737	166719	1872	0	174248
5426	157577	642	2847	1942	0	163008
5427	4204	163611	1836	1277	0	170928
5428	166047	2922	1178	1522	0	171669
5429	4361	2086	161436	978	0	168861
5430	3070	1268	3017	163361	0	170716
5431	167833	641	1994	4041	0	174509
5432	4075	612	155229	2398	0	162314
5433	2972	539	155393	1564	0	160468
5434	2557	550	4687	154286	0	162080
5435	1403	601	160861	3701	0	166566
5436	155443	442	4434	2828	0	163147
5437	4034	602	163764	1743	0	170143
5438	3239	408	4608	163755	0	172010
5439	2303	481	2711	170337	0	175832
5440	175293	506	1924	6396	0	184119
5441	4974	528	176360	3598	0	185460
5442	2835	454	185919	2167	0	191375
5443	2740	340	6796	198394	0	208270
5444	1363	437	204168	6245	0	212213
5445	197127	314	7616	3646	0	208703
5446	6733	322	4013	202752	0	213820
5447	3243	439	204493	6867	0	215042
5448	3045	296	7116	201899	0	212356
5449	2293	362	3898	208933	0	215486
5450	205900	345	2433	9656	0	218334
5451	7007	456	203941	4832	0	216236
5452	194808	563	7104	3606	0	206081
5453	7997	791	208305	2461	0	219554
5454	201951	408	8266	2728	0	213353
5455	207484	619	4360	2479	0	214942
5456	208554	608	2643	2910	0	214715
5457	10300	198062	2162	2152	0	212676
5458	204662	5654	1689	2337	0	214342
5459	206868	2644	1452	2466	0	213430
5460	10571	1614	1547	201492	0	215224
5461	5543	858	199472	7758	0	213631
5462	191933	592	6703	5307	0	204535
5463	8128	595	204327	3648	0	216698
5464	5447	666	7993	199005	0	213111
5465	4332	544	4434	208788	0	218098
5466	206154	472	3057	10013	0	219696
5467	7816	208058	2426	5207	0	223507
5468	5694	6121	1743	206538	0	220096
5469	4872	2940	1510	212620	0	221942
5470	3038	2111	208395	9765	0	223309
5471	3570	1117	6725	207636	0	219048
5472	3479	782	3601	214444	0	222306
5473	3787	580	2526	207069	0	213962
5474	2335	203002	1997	10703	0	218037
5475	199474	5930	1742	6223	0	213369
5476	201480	2728	1492	5142	0	210842
5477	9335	201311	1624	3389	0	215659
5478	189799	5585	1151	2857	0	199392
5479	8414	2869	1055	195736	0	208074
5480	4102	1673	201214	7209	0	214198
5481	2844	198729	6417	4070	0	212060
5482	2304	211240	3080	3100	0	219724
5483	199028	6218	2259	2518	0	210023
5484	216694	2115	1452	2115	0	222376
5485	9207	1250	1053	215624	0	227134
5486	4547	972	1052	221681	0	228252
5487	3427	741	904	224199	0	229271
5488	215557	1018	989	10571	0	228135
5489	8434	974	211961	4358	0	225727
5490	214866	642	6703	3738	0	225949
5491	9347	755	2777	216581	0	229460
5492	4769	690	1908	214691	0	222058
5493	2865	213934	1633	9640	0	228072
5494	3564	6315	1535	221021	0	232435
5495	3446	2471	1519	226931	0	234367
5496	2821	1808	222427	10128	0	237184
5497	2861	223739	6880	5035	0	238515
5498	228390	6860	2771	4676	0	242697
5499	221613	2712	1881	4486	0	230692
5500	233958	1787	1593	3852	0	241190
5501	229286	1335	1534	3823	0	235978
5502	10871	1386	220121	2610	0	234988
5503	218339	1184	7493	2815	0	229831
5504	10554	1166	222640	2477	0	236837
5505	6188	876	7825	214081	0	228970
5506	4143	221558	3406	8342	0	237449
5507	4491	6937	2270	224550	0	238248
5508	3942	2769	2262	231912	0	240885
5509	3453	1979	225599	10776	0	241807
5510	214501	1507	7921	6375	0	230304
5511	224830	1542	3563	5089	0	235024
5512	10109	219593	2474	4356	0	236532
5513	5485	7173	222201	3967	0	238826
5514	4988	2926	7718	224204	0	239836
5515	4007	2321	225100	9292	0	240720
5516	3909	2196	223447	4882	0	234434
5517	4821	1739	9408	224131	0	240099
5518	4171	1975	225330	9490	0	240966
5519	4642	1773	8662	225208	0	240285
5520	4163	1582	229361	10445	0	245551
5521	4508	1659	8828	229670	0	244665
5522	229468	1387	4542	11650	0	247047
5523	232311	1345	3416	7425	0	244497
5524	231646	1518	2766	6367	0	242297
5525	228609	1569	2730	5781	0	238689
5526	11927	224838	2516	4773	0	244054
5527	6912	7466	2594	226271	0	243243
5528	5848	3023	2251	233247	0	244369
5529	4821	2333	223304	12185	0	242643
5530	4848	2049	8003	223622	0	238522
5531	3859	2308	222162	11388	0	239717
5532	3684	2137	212402	6682	0	224905
5533	207195	1869	9409	6327	0	224800
5534	9042	221776	4961	5036	0	240815
5535	224950	7367	3552	5068	0	240937
5536	226654	3024	2987	5200	0	237865
5537	11705	225996	2847	4316	0	244864
5538	228209	7069	2838	4635	0	242751
5539	11063	3093	224923	3651	0	242730
5540	5778	222069	7217	3290	0	238354
5541	221590	6702	4091	4278	0	236661
5542	8756	3103	205551	3506	0	220916
5543	193318	2100	5144	3591	0	204153
5544	6649	202694	3024	2899	0	215266
5545	203069	5021	2188	3575	0	213853
5546	201939	2426	2367	3386	0	210118
5547	7531	196342	2276	2429	0	208578
5548	4084	194119	2258	2065	0	202526
5549	3345	203962	2169	2059	0	211535
5550	3248	5917	2176	203758	0	215099
5551	2859	2538	2258	206994	0	214649
5552	207287	1599	2231	7360	0	218477
5553	203552	1439	2331	4403	0	211725
5554	6751	1560	202926	3106	0	214343
5555	3553	1377	195087	3163	0	203180
5556	3054	1238	203219	2975	0	210486
5557	3393	903	7073	203493	0	214862
5558	3266	1015	208705	6215	0	219201
5559	3810	934	6309	206279	0	217332
5560	208542	1008	3171	7281	0	220002
5561	7194	1180	208662	3299	0	220335
5562	205954	1169	6096	3399	0	216618
5563	210091	1388	3005	3488	0	217972
5564	7624	1469	211790	2701	0	223584
5565	3698	212876	6539	2797	0	225910
5566	4012	4986	3304	210408	0	222710
5567	3072	2199	216300	6127	0	227698
5568	3728	1483	7008	206696	0	218915
5569	3539	1357	3505	231546	0	239947
5570	226012	1413	2953	8259	0	238637
5571	8204	1587	2441	226522	0	238754
5572	4046	1758	225097	7477	0	238378
5573	4130	1481	6812	224999	0	237422
5574	227554	1541	3010	8224	0	240329
5575	7909	228465	2349	3532	0	242255
5576	229773	6199	2378	3130	0	241480
5577	9169	3333	2384	225885	0	240771
5578	4640	2125	225183	6402	0	238350
5579	3751	1746	212543	2673	0	220713
5580	3833	1455	210874	2042	0	218204
5581	2290	200650	6240	1497	0	210677
5582	191731	5362	4190	2427	0	203710
5583	5018	184860	1478	1138	0	192494
5584	168182	3043	897	1237	0	173359
5585	3290	167671	616	464	0	172041
5586	1674	3109	603	167911	0	173297
5587	1186	1011	510	169889	0	172596
5588	1167	617	500	169535	0	171819
5589	538	168198	544	3703	0	172983
5590	1153	3117	436	173936	0	178642
5591	1251	1025	405	197699	0	200380
5592	207618	678	451	6140	0	214887
5593	6295	550	487	217181	0	224513
5594	1728	604	232152	6459	0	240943
5595	224302	553	6233	3003	0	234091
5596	235796	477	1888	2419	0	240580
5597	8019	236959	1164	1483	0	247625
5598	239231	6630	784	2018	0	248663
5599	247684	2159	624	1932	0	252399
5600	10735	1103	655	240662	0	253155
5601	5168	888	782	246998	0	253836
5602	3940	676	813	255419	0	260848
5603	250549	743	690	10861	0	262843
5604	254828	786	567	4986	0	261167
5605	10615	1042	246105	2573	0	260335
5606	246273	711	6778	3012	0	256774
5607	253777	538	2230	2863	0	259408
5608	254158	513	1331	2992	0	258994
5609	11450	609	240570	2168	0	254797
5610	5302	696	245565	1981	0	253544
5611	5088	522	9138	244855	0	259603
5612	3694	605	252838	8358	0	265495
5613	4234	543	9051	244490	0	258318
5614	4894	632	3689	226892	0	236107
5615	3177	251017	2465	8992	0	265651
5616	252457	7345	2362	4927	0	267091
5617	9907	2587	254169	2896	0	269559
5618	257574	1482	8795	3199	0	271050
5619	11837	1306	3762	263599	0	280504
5620	260242	1121	2475	10538	0	274376
5621	11312	251046	2231	4931	0	269520
5622	5636	268248	1881	3839	0	279604
5623	5532	10343	1752	262572	0	280199
5624	5365	3750	1682	271850	0	282647
5625	3968	2353	263955	12818	0	283094
5626	5081	1712	9053	264907	0	280753
5627	256997	1351	3635	13315	0	275298
5628	11124	258633	2634	5941	0	278332
5629	6108	9125	259095	4211	0	278539
5630	5978	3688	9377	258169	0	277212
5631	4424	2319	264682	11007	0	282432
5632	4986	1756	10592	262319	0	279653
5633	3579	1493	267450	12098	0	284620
5634	3294	1600	259943	6245	0	271082
5635	3947	1803	12240	259180	0	277170
5636	262076	1738	5614	12300	0	281728
5637	262143	1608	4261	6595	0	274607
5638	256512	1450	3637	5391	0	266990
5639	12995	251291	3434	4358	0	272078
5640	258316	8647	3112	4375	0	274450
5641	256843	3598	3008	4362	0	267811
5642	13746	2401	248257	3708	0	268112
5643	7006	247282	9467	3910	0	267665
5644	6560	9407	4160	245758	0	265885
5645	246836	3950	2943	11069	0	264798
5646	11552	244662	2766	5754	0	264734
5647	253753	9785	2548	4901	0	270987
5648	257974	4200	2473	4670	0	269317
5649	256702	2887	2457	4292	0	266338
5650	256960	2778	2561	3905	0	266204
5651	15416	2586	2420	245820	0	266242
5652	249861	2165	2281	11462	0	265769
5653	13501	2156	2456	243222	0	261335
5654	7070	239426	2719	11074	0	260289
5655	6452	7750	2517	247128	0	263847
5656	246629	3151	2832	11619	0	264231
5657	12051	2237	244317	6230	0	264835
5658	7961	1599	8815	246750	0	265125
5659	245497	1581	4171	11434	0	262683
5660	12201	241158	3203	5890	0	262452
5661	246376	8214	2706	5012	0	262308
5662	253967	3760	2557	4554	0	264838
5663	14076	250978	2575	3830	0	271459
5664	253276	8504	2625	4023	0	268428
5665	13083	3971	238508	3242	0	258804
5666	7564	2982	237886	3367	0	251799
5667	234656	2715	9644	3641	0	250656
5668	12379	2773	239938	3015	0	258105
5669	8231	2407	7800	218477	0	236915
5670	6608	221831	3892	7039	0	239370
5671	232112	7721	2681	4160	0	246674
5672	11228	226231	2481	2975	0	242915
5673	7325	213661	2670	2957	0	226613
5674	6310	8881	2524	240912	0	258627
5675	6005	3912	2203	244394	0	256514
5676	5201	2850	2084	242180	0	252315
5677	4847	2561	1915	245135	0	254458
5678	4304	2586	235059	11208	0	253157
5679	4618	2343	6909	231718	0	245588
5680	4206	2362	3410	239295	0	249273
5681	233450	2321	2369	11165	0	249305
5682	9257	2050	2192	234974	0	248473
5683	5190	2147	226928	10229	0	244494
5684	221148	1815	6693	6258	0	235914
5685	9743	2145	3409	230875	0	246172
5686	5716	2054	237852	8528	0	254150
5687	5453	2095	7152	232464	0	247164
5688	4297	238348	3841	8081	0	254567
5689	240022	6290	2877	5237	0	254426
5690	9016	3044	233890	3475	0	249425
5691	4412	209658	5924	2514	0	222508
5692	199602	4353	3154	2561	0	209670
5693	4940	186228	1968	2010	0	195146
5694	2339	173183	1222	1244	0	177988
5695	172035	3173	1818	1605	0	178631
5696	3042	167405	977	1129	0	172553
5697	1746	169583	628	914	0	172871
5698	2464	2986	1179	167473	0	174102
5699	1306	1299	167614	2410	0	172629
5700	1199	168973	1813	1393	0	173378
5701	1418	2194	730	168218	0	172560
5702	870	167229	500	1839	0	170438
5703	164883	1668	416	1503	0	168470
5704	1961	932	164056	1049	0	167998
5705	1228	730	1383	165659	0	169000
5706	172861	487	739	2330	0	176417
5707	1930	496	565	175767	0	178758
5708	1143	599	174883	1978	0	178603
5709	162311	452	1478	1717	0	165958
5710	175721	543	773	1347	0	178384
5711	2249	186079	585	729	0	189642
5712	1430	1498	454	187392	0	190774
5713	1099	766	403	191043	0	193311
5714	191856	590	433	2363	0	195242
5715	186277	532	480	1504	0	188793
5716	2375	668	191526	694	0	195263
5717	1320	188700	1511	527	0	192058
5718	190285	1142	577	711	0	192715
5719	1554	559	382	190231	0	192726
5720	667	465	196236	1315	0	198683
5721	625	420	185025	595	0	186665
5722	745	1100	1154	192026	0	195025
5723	196328	114	381	1298	0	198121
5724	768	194169	253	367	0	195557
5725	211031	714	128	1168	0	213041
5726	1120	229	101	213550	0	215000
5727	535	158	124	215930	0	216747
5728	407	141	161	218915	0	219624
5729	220051	81	106	1691	0	221929
5730	753	222958	159	529	0	224399
5731	468	735	83	227031	0	228317
5732	409	242	68	226723	0	227442
5733	268	224	224966	970	0	226428
5734	503	146	683	218956	0	220288
5735	167	266	226928	983	0	228344
5736	193	220234	784	470	0	221681
5737	239	630	177	224501	0	225547
5738	220707	183	135	1277	0	222302
5739	746	231	220147	292	0	221416
5740	433	84	663	219995	0	221175
5741	245	167	219923	729	0	221064
5742	202159	57	703	1081	0	204000
5743	751	216	222093	217	0	223277
5744	627	107	730	211165	0	212629
5745	217923	54	196	1233	0	219406
5746	1016	178941	595	423	0	180975
5747	207498	617	153	728	0	208996
5748	1141	178593	377	316	0	180427
5749	608	723	91	212440	0	213862
5750	308	338	206850	781	0	208277
5751	408	364	192481	471	0	193724
5752	530	113	814	205654	0	207111
5753	211804	131	288	1479	0	213702
5754	204724	94	256	854	0	205928
5755	1180	121	140	208322	0	209763
5756	612	98	110	211326	0	212146
5757	207666	87	139	1564	0	209456
5758	886	194964	248	555	0	196653
5759	342	206441	190	546	0	207519
5760	209695	904	106	892	0	211597
5761	1143	503	205172	215	0	207033
5762	877	228	887	201892	0	203884
5763	390	285	201081	1138	0	202894
5764	716	119	860	200469	0	202164
5765	398	220	200623	1204	0	202445
5766	418	416	190635	564	0	192033
5767	664	142	1178	202466	0	204450
5768	300	189422	695	986	0	191403
5769	205937	962	311	1011	0	208221
5770	1092	203594	415	462	0	205563
5771	682	1072	266	208598	0	210618
5772	210776	353	314	1734	0	213177
5773	1429	302	280	213059	0	215070
5774	213220	273	290	2123	0	215906
5775	210525	255	246	1395	0	212421
5776	213542	216	276	1140	0	215174
5777	1525	204533	343	661	0	207062
5778	217802	1015	275	1121	0	220213
5779	1684	628	251	221484	0	224047
5780	229669	301	325	2254	0	232549
5781	1910	286	267	234458	0	236921
5782	234670	249	263	3025	0	238207
5783	238672	274	281	1666	0	240893
5784	2558	233622	391	917	0	237488
5785	1442	2001	307	258880	0	262630
5786	1197	664	262	259609	0	261732
5787	674	273221	307	3649	0	277851
5788	1113	3708	234	284488	0	289543
5789	283229	1311	392	5333	0	290265
5790	296092	672	359	2993	0	300116
5791	289228	494	340	2530	0	292592
5792	6138	581	299213	1066	0	306998
5793	307926	327	4056	2031	0	314340
5794	329320	382	1624	1718	0	333044
5795	334138	334	796	1946	0	337214
5796	7769	327043	610	952	0	336374
5797	4430	4771	353	332233	0	341787
5798	2940	2081	324	339110	0	344455
5799	2362	1154	375	335585	0	339476
5800	1335	929	327112	8158	0	337534
5801	2062	827	5019	329834	0	337742
5802	333098	525	2206	8020	0	343849
5803	7095	465	1169	336549	0	345278
5804	4408	440	723	347403	0	352974
5805	2676	661	337908	8791	0	350036
5806	1773	331202	6068	4297	0	343340
5807	347598	5798	2529	3475	0	359400
5808	7987	2355	1200	347291	0	358833
5809	347313	1278	880	8063	0	357534
5810	7765	1550	336178	3822	0	349315
5811	314364	788	5971	4113	0	325236
5812	7621	339111	2655	2809	0	352196
5813	3965	5974	336782	2285	0	349006
5814	2455	2574	336920	1832	0	343781
5815	3436	1703	7927	321344	0	334410
5816	2114	1162	346259	6898	0	356433
5817	1690	341990	6853	3909	0	354442
5818	2584	5759	2996	335711	0	347050
5819	2423	2578	2161	348740	0	355902
5820	2084	1865	1482	350553	0	355984
5821	341015	1242	1007	10244	0	353508
5822	6695	340516	1170	5171	0	353552
5823	4547	5808	905	347171	0	358431
5824	3161	2783	1492	352380	0	359816
5825	337046	1667	1151	9971	0	349835
5826	7016	335546	1097	4946	0	348605
5827	339883	6404	1392	4502	0	352181
5828	339606	3148	1439	3973	0	348166
5829	337658	1748	1176	4265	0	344847
5830	10496	1509	329041	2701	0	343747
5831	6593	1681	6080	320420	0	334774
5832	4022	325193	3126	7519	0	339860
5833	3532	331535	2105	4786	0	341958
5834	4125	8144	1305	326167	0	339741
5835	3770	320895	1517	7320	0	333502
5836	345674	7999	1180	5908	0	360761
5837	8027	4439	342357	3940	0	358763
5838	335040	2353	6251	5244	0	348888
5839	357170	1956	2890	4660	0	366676
5840	11342	2195	1993	358240	0	373770
5841	360226	1978	1731	9825	0	373760
5842	10182	376275	1648	5640	0	393745
5843	381968	7237	1593	6304	0	397102
5844	385102	3718	1971	5653	0	396444
5845	417142	2676	1946	5643	0	427407
5846	14177	2871	420729	3706	0	441483
5847	8349	2950	421023	3469	0	435791
5848	7407	2079	11144	422586	0	443216
5849	5820	412421	5769	10836	0	434846
5850	5673	434133	3938	6109	0	449853
5851	5948	11490	3231	429160	0	449829
5852	433289	6328	2702	13023	0	455342
5853	12639	4083	2672	434602	0	453996
5854	7461	2991	2753	443810	0	457015
5855	434779	2777	2540	17054	0	457150
5856	12139	432861	2858	9389	0	457247
5857	7879	9987	429425	7328	0	454619
5858	7193	5120	421834	6108	0	440255
5859	434600	3705	12042	6892	0	457239
5860	12591	3168	6909	433816	0	456484
5861	7203	3025	441019	12161	0	463408
5862	6779	3107	10512	431345	0	451743
5863	6188	3351	5608	430249	0	445396
5864	5202	3107	4465	448157	0	460931
5865	5658	2677	3422	440082	0	451839
5866	4957	428783	3290	16422	0	453452
5867	5083	9883	3195	439841	0	458002
5868	431321	5307	3209	16138	0	455975
5869	11796	429074	3506	9723	0	454099
5870	438777	10701	3411	8368	0	461257
5871	443659	5701	3389	7724	0	460473
5872	444479	4740	3445	6990	0	459654
5873	16103	4504	423348	5566	0	449521
5874	424415	3444	9516	7335	0	444710
5875	441167	3487	5461	6662	0	456777
5876	427927	3468	3867	6872	0	442134
5877	440037	2927	2875	6777	0	452616
5878	16885	431034	2793	5704	0	456416
5879	429931	10081	2343	6389	0	448744
5880	14960	6205	422155	4576	0	447896
5881	10104	4391	8351	414426	0	437272
5882	9241	3454	3925	425888	0	442508
5883	429621	3107	2844	13842	0	449414
5884	13637	421171	2277	7837	0	444922
5885	408093	8376	1559	6282	0	424310
5886	12548	405541	2242	3852	0	424183
5887	390046	7703	1404	4204	0	403357
5888	387525	3547	1238	3901	0	396211
5889	11561	408620	1280	2079	0	423540
5890	409110	7854	1243	2912	0	421119
5891	424438	3587	1421	3010	0	432456
5892	13112	390381	1388	1563	0	406444
5893	5923	403006	1182	1433	0	411544
5894	428325	9627	2518	2608	0	443078
5895	13967	4309	1118	433018	0	452412
5896	437490	3152	709	12459	0	453810
5897	453635	1916	533	5661	0	461745
5898	463886	1927	512	4831	0	471156
5899	463274	2046	533	4075	0	469928
5900	19210	437644	973	2269	0	460096
5901	9732	457238	986	2399	0	470355
5902	459768	13206	992	3741	0	477707
5903	15878	6414	452916	1430	0	476638
5904	9661	4273	10803	438772	0	463509
5905	7155	2260	4547	457626	0	471588
5906	447196	2222	2756	16551	0	468725
5907	12892	442137	1752	7712	0	464493
5908	8598	11574	1264	438847	0	460283
5909	6662	5006	1233	459530	0	472431
5910	451622	3258	1260	18752	0	474892
5911	15737	2462	842	456314	0	475355
5912	453690	2112	879	18369	0	475050
5913	457221	2794	886	9384	0	470285
5914	460371	2872	796	6978	0	471017
5915	22559	2084	871	448410	0	473924
5916	13195	1753	992	453241	0	469181
5917	8834	1790	473365	18156	0	502145
5918	7322	1944	464992	10010	0	484268
5919	474857	1664	18597	7499	0	502617
5920	21129	2515	8459	490119	0	522222
5921	11172	2172	523613	17794	0	554751
5922	8185	1996	529020	9881	0	549082
5923	8024	1785	24647	528399	0	562855
5924	6217	2013	534519	20948	0	563697
5925	8215	2156	22608	527940	0	560919
5926	8558	1900	10545	538465	0	559468
5927	5934	1978	532966	28770	0	569648
5928	7803	1660	21282	537303	0	568048
5929	8266	2126	11166	520340	0	541898
5930	7500	1593	7012	561144	0	577249
5931	5651	2226	533516	33748	0	575141
5932	8076	1735	19710	549991	0	579512
5933	540091	1807	10303	30429	0	582630
5934	22734	539207	6976	16565	0	585482
5935	549656	18536	4773	13610	0	586575
5936	26784	9438	534080	9646	0	579948
5937	540912	5017	21490	9593	0	577012
5938	555680	3374	11276	9197	0	579527
5939	551857	3244	7462	8115	0	570678
5940	37031	3778	5393	526791	0	572993
5941	22311	3473	5025	542004	0	572813
5942	13270	2768	496424	31734	0	544196
5943	474084	1913	21172	19262	0	516431
5944	27573	474881	11974	12087	0	526515
5945	15011	448591	6892	9330	0	479824
5946	10646	466404	5216	9010	0	491276
5947	11723	24914	5129	443617	0	485383
5948	439400	11457	5088	24047	0	479992
5949	449034	6240	5345	15175	0	475794
5950	29867	4698	428098	10310	0	472973
5951	18404	4646	18924	430904	0	472878
5952	12787	4769	9790	444380	0	471726
5953	9632	4446	426148	30194	0	470420
5954	9561	3664	411825	18260	0	443310
5955	413901	2686	24944	13807	0	455338
5956	23376	418152	13512	11291	0	466331
5957	431418	17464	8268	11360	0	468510
5958	440553	9174	6662	10625	0	467014
5959	31895	5875	5857	423258	0	466885
5960	19739	3861	5725	438977	0	468302
5961	425714	3738	5199	30589	0	465240
5962	27805	3724	5042	428210	0	464781
5963	18333	3668	5344	437040	0	464385
5964	426594	3049	5548	32282	0	467473
5965	27334	2798	5447	432410	0	467989
5966	432065	2563	5255	30494	0	470377
5967	440710	2375	5789	20244	0	469118
5968	31499	2672	417150	14583	0	465904
5969	422503	2703	21023	13477	0	459706
5970	433788	2657	12322	12761	0	461528
5971	434434	2782	8967	12685	0	458868
5972	34140	3743	301878	13077	0	352838
5973	409119	2660	16144	12099	0	440022
5974	28199	397359	10878	11476	0	447912
5975	417381	16449	8160	12401	0	454391
5976	428025	8126	7199	12101	0	455451
5977	34195	4400	6223	411631	0	456449
5978	21481	2770	6351	417187	0	447789
5979	15322	401888	6411	31727	0	455348
5980	14541	17069	5092	418902	0	455604
5981	13986	9308	5693	430621	0	459608
5982	414761	5467	5817	33738	0	459783
5983	28723	3818	5588	415142	0	453271
5984	20910	3653	4333	422315	0	451211
5985	16580	4242	4574	418209	0	443605
5986	13725	389025	5187	34270	0	442207
5987	388862	17502	5350	22035	0	433749
5988	28041	388454	5533	15283	0	437311
5989	368121	18244	4076	12663	0	403104
5990	27329	9262	344724	11574	0	392889
5991	332725	5450	15554	11578	0	365307
5992	24036	4554	329934	10756	0	369280
5993	16277	316474	17308	10021	0	360080
5994	296355	14249	12556	8350	0	331510
5995	286784	7818	6424	7764	0	308790
5996	21258	267715	4569	7247	0	300789
5997	14290	273127	3810	6414	0	297641
5998	263244	14371	3887	6723	0	288225
5999	269600	7798	2886	6269	0	286553
6000	21132	4213	2711	259191	0	287247
6001	14058	4125	2546	267759	0	288488
6002	9774	4046	254049	17168	0	285037
6003	253692	3901	10004	10601	0	278198
6004	17217	3128	6222	252282	0	278849
6005	11761	251502	4554	13407	0	281224
6006	9935	10219	2631	258237	0	281022
6007	8535	6235	2234	263252	0	280256
6008	6990	4417	248369	18236	0	278012
6009	8435	3315	9454	255106	0	276310
6010	248323	3196	5344	16527	0	273390
6011	13626	238078	3097	10959	0	265760
6012	9276	242924	2098	7801	0	262099
6013	242183	13071	2109	6876	0	264239
6014	244771	7124	2482	6591	0	260968
6015	244080	4050	2202	6653	0	256985
6016	19224	225199	2456	5033	0	251912
6017	8121	204300	1600	3073	0	217094
6018	216934	8934	2082	2833	0	230783
6019	218630	4766	1941	3673	0	229010
6020	13511	202639	1814	2865	0	220829
6021	3642	169981	542	1620	0	175785
6022	164433	5393	1374	1811	0	173011
6023	6125	2382	521	161007	0	170035
6024	163633	1442	312	5241	0	170628
6025	6582	1432	241	161754	0	170009
6026	2976	161989	315	4844	0	170124
6027	2305	167928	318	2190	0	172741
6028	172956	5697	537	1974	0	181164
6029	172889	2417	464	2179	0	177949
6030	180351	1672	312	1606	0	183941
6031	7995	177597	369	1298	0	187259
6032	3139	5664	165836	636	0	175275
6033	1882	168697	4136	775	0	175490
6034	163599	5837	1454	1083	0	171973
6035	157720	2060	564	1312	0	161656
6036	6513	1460	156850	486	0	165309
6037	2485	155366	4186	579	0	162616
6038	2555	4808	1531	154481	0	163375
6039	2059	2117	634	151497	0	156307
6040	1937	130775	786	5020	0	138518
6041	1604	5084	149128	1563	0	157379
6042	153930	1880	4519	1350	0	161679
6043	5974	1758	1299	156809	0	165840
6044	158725	1130	808	5461	0	166124
6045	163513	1103	761	2372	0	167749
6046	7200	1484	641	164440	0	173765
6047	3750	1189	766	174525	0	180230
6048	3288	1133	527	179739	0	184687
6049	2600	1135	552	182436	0	186723
6050	176022	1251	546	9019	0	186838
6051	179127	980	572	4539	0	185218
6052	8560	1064	174997	2830	0	187451
6053	4649	1084	5332	176709	0	187774
6054	3386	1045	2183	182557	0	189171
6055	2851	970	1218	185491	0	190530
6056	2394	986	176058	9217	0	188655
6057	3081	839	5544	175262	0	184726
6058	173431	739	2649	8352	0	185171
6059	7519	788	1382	175639	0	185328
6060	3718	970	173295	8362	0	186345
6061	3127	840	5831	174873	0	184671
6062	2102	1043	174287	8391	0	185823
6063	175114	847	6427	5235	0	187623
6064	8001	762	2816	179025	0	190604
6065	179377	689	1809	8549	0	190424
6066	179630	806	1631	4752	0	186819
6067	9596	815	1138	176884	0	188433
6068	180966	756	1311	8701	0	191734
6069	9040	790	1211	176220	0	187261
6070	4465	183445	1326	8131	0	197367
6071	192101	5810	1092	4859	0	203862
6072	194855	2389	1084	3623	0	201951
6073	198416	1481	961	3457	0	204315
6074	11354	1115	962	192218	0	205649
6075	6111	933	946	195763	0	203753
6076	4320	1145	892	199018	0	205375
6077	3430	1035	184119	11105	0	199689
6078	3262	180805	6192	5786	0	196045
6079	3921	6008	2343	182727	0	194999
6080	3073	2505	179746	8560	0	193884
6081	178414	1406	6350	5241	0	191411
6082	8377	1026	2726	183877	0	196006
6083	4213	920	179735	8804	0	193672
6084	185089	1062	6238	5515	0	197904
6085	8598	769	2770	191416	0	203553
6086	4845	788	2061	195511	0	203205
6087	3986	719	1469	199844	0	206018
6088	194074	646	1202	11795	0	207717
6089	196268	596	1628	6713	0	205205
6090	194603	666	1473	4931	0	201673
6091	9949	179304	1603	3988	0	194844
6092	5043	188623	1454	3717	0	198837
6093	190559	6565	1367	3973	0	202464
6094	8689	2608	185121	3600	0	200018
6095	5233	1631	5660	185457	0	197981
6096	4240	1033	2689	192728	0	200690
6097	187666	1064	1786	9808	0	200324
6098	182301	1074	1254	5867	0	190496
6099	9281	180929	1317	4123	0	195650
6100	5569	5625	1434	185472	0	198100
6101	4045	2402	181772	8452	0	196671
6102	3688	1381	183781	5341	0	194191
6103	4085	955	7383	187966	0	200389
6104	3589	981	3185	197027	0	204782
6105	191646	1221	2003	10717	0	205587
6106	8314	945	1649	197476	0	208384
6107	203294	933	1783	10037	0	216047
6108	200583	899	1897	6361	0	209740
6109	9371	968	192484	4664	0	207487
6110	200819	656	5361	4662	0	211498
6111	206702	689	2709	4109	0	214209
6112	207957	684	1850	4527	0	215018
6113	10180	197839	1645	4035	0	213699
6114	5802	203610	1523	3743	0	214678
6115	4841	6757	1586	203097	0	216281
6116	3756	2648	200508	8209	0	215121
6117	3388	192115	5408	4726	0	205637
6118	3499	5184	2580	179942	0	191205
6119	3242	1889	1560	177562	0	184253
6120	2682	176555	1251	6032	0	186520
6121	178867	4061	1031	4119	0	188078
6122	180868	1935	1112	3380	0	187295
6123	6985	1280	183834	2552	0	194651
6124	178976	879	3903	3220	0	186978
6125	6071	983	181207	2497	0	190758
6126	165202	937	3796	2760	0	172695
6127	5862	1086	174513	2036	0	183497
6128	3573	170419	3514	1690	0	179196
6129	3079	2415	2410	163722	0	171626
6130	2304	1296	1243	163786	0	168629
6131	167436	728	930	4541	0	173635
6132	167091	528	861	3312	0	171792
6133	164950	509	704	2604	0	168767
6134	4440	658	168172	1817	0	175087
6135	3386	494	2483	167612	0	173975
6136	2418	555	1643	172262	0	176878
6137	172889	448	1039	4572	0	178948
6138	3572	170166	904	2739	0	177381
6139	178338	2241	672	2478	0	183729
6140	4049	1517	696	180660	0	186922
6141	3053	917	804	183097	0	187871
6142	2214	718	714	184143	0	187789
6143	1821	627	604	184613	0	187665
6144	1903	687	496	184203	0	187289
6145	1683	173576	517	5010	0	180786
6146	1382	168450	387	2611	0	172830
6147	972	163367	311	1131	0	165781
6148	986	1621	296	165967	0	168870
6149	820	642	163021	1562	0	166045
6150	144563	359	1242	1547	0	147711
6151	1537	165898	663	580	0	168678
6152	1232	1086	467	166920	0	169705
6153	842	538	434	168772	0	170586
6154	170539	406	318	2221	0	173484
6155	165271	316	343	1564	0	167494
6156	167778	304	244	1347	0	169673
6157	2356	279	211	178985	0	181831
6158	1274	274	180593	1832	0	183973
6159	1025	338	181053	927	0	183343
6160	1088	187	1945	186787	0	190007
6161	697	319	188694	2084	0	191794
6162	178075	208	1866	1666	0	181815
6163	2308	204	810	185899	0	189221
6164	1108	355	187721	1997	0	191181
6165	1299	212	1676	181632	0	184819
6166	743	355	194188	2240	0	197526
6167	772	319	199510	1218	0	201819
6168	1409	384	2376	210972	0	215141
6169	555	301	222408	3013	0	226277
6170	559	331	206155	1332	0	208377
6171	393	194279	4135	919	0	199726
6172	1499	3137	2092	210213	0	216941
6173	224470	1320	1012	3938	0	230740
6174	3670	755	496	219083	0	224004
6175	2199	376	328	229921	0	232824
6176	1045	366	226679	4635	0	232725
6177	205958	180	3080	3392	0	212610
6178	3607	133	1503	231559	0	236802
6179	2105	120	917	236780	0	239922
6180	231630	109	541	5566	0	237846
6181	3831	88	430	235161	0	239510
6182	233250	102	383	5347	0	239082
6183	232322	120	374	3359	0	236175
6184	230964	119	354	2429	0	233866
6185	5279	223806	400	1080	0	230565
6186	230315	2889	334	1626	0	235164
6187	4390	227927	441	689	0	233447
6188	2849	3664	281	230049	0	236843
6189	232343	1731	318	4243	0	238635
6190	3758	231438	433	1988	0	237617
6191	233341	3455	364	2236	0	239396
6192	4153	231772	436	1037	0	237398
6193	229613	4047	376	1545	0	235581
6194	4407	227060	455	767	0	232689
6195	2360	233649	390	802	0	237201
6196	1694	250499	368	777	0	253338
6197	1752	5548	306	241308	0	248914
6198	889	252837	415	3242	0	257383
6199	1569	4754	311	248172	0	254806
6200	1507	2469	299	252732	0	257007
6201	1426	1655	231	252745	0	256057
6202	1264	1012	222	254083	0	256581
6203	247565	754	227	7493	0	256039
6204	247790	622	263	4710	0	253385
6205	5874	778	243168	2207	0	252027
6206	249785	535	3695	2757	0	256772
6207	260351	554	1759	2382	0	265046
6208	267240	572	1156	2221	0	271189
6209	7638	843	256215	1062	0	265758
6210	4007	860	257235	1036	0	263138
6211	253417	620	6314	2108	0	262459
6212	6751	869	270682	1014	0	279316
6213	3366	283870	6240	1163	0	294639
6214	3451	5645	2568	287760	0	299424
6215	297084	2460	1635	7444	0	308623
6216	298157	1514	1278	4376	0	305325
6217	304243	1029	1144	3131	0	309547
6218	10255	894	998	299282	0	311429
6219	5751	735	934	306497	0	313917
6220	3329	1043	304775	8577	0	317724
6221	3795	732	6034	303025	0	313586
6222	3197	711	2668	314045	0	320621
6223	306318	599	1939	10467	0	319323
6224	7505	306456	1566	4681	0	320208
6225	311922	6226	1091	4314	0	323553
6226	9101	2889	1182	312854	0	326026
6227	308898	1902	1068	8886	0	320754
6228	305438	1363	1164	5230	0	313195
6229	296056	1055	1092	4548	0	302751
6230	10178	292249	1108	2764	0	306299
6231	5574	304464	1184	2249	0	313471
6232	4484	7778	1003	305882	0	319147
6233	308403	3473	1026	8613	0	321515
6234	8990	2199	1136	302880	0	315205
6235	5365	1685	941	308238	0	316229
6236	3763	1711	302084	9903	0	317461
6237	4238	1463	6169	299549	0	311419
6238	3864	1499	2696	301888	0	309947
6239	3840	1171	1758	305661	0	312430
6240	2909	1106	297193	11192	0	312400
6241	3070	1228	287221	6226	0	297745
6242	2807	292559	8136	4536	0	308038
6243	295846	6438	3628	4514	0	310426
6244	8962	3068	2278	300402	0	314710
6245	4896	2465	301508	8314	0	317183
6246	5007	1576	6757	298362	0	311702
6247	4587	1360	2945	321728	0	330620
6248	315509	1232	2143	12054	0	330938
6249	314873	1191	1779	7333	0	325176
6250	10081	313379	2014	4370	0	329844
6251	314617	6605	1671	4791	0	327684
6252	315126	3126	1778	4160	0	324190
6253	11575	2502	1774	312313	0	328164
6254	6046	2410	309780	8179	0	326415
6255	4592	309212	6768	4546	0	325118
6256	308693	7136	2812	4755	0	323396
6257	312605	3254	1774	4449	0	322082
6258	10470	317223	1551	3330	0	332574
6259	6704	6948	1213	329621	0	344486
6260	342324	2931	1132	11226	0	357613
6261	348099	2119	1194	6529	0	357941
6262	12895	1609	1189	348191	0	363884
6263	343996	1647	1357	12507	0	359507
6264	375735	1600	1150	6966	0	385451
6265	381851	1453	1172	5899	0	390375
6266	15827	1600	377018	3811	0	398256
6267	8009	360613	8753	4030	0	381405
6268	5950	376653	3411	3350	0	389364
6269	363556	9966	2048	4409	0	379979
6270	11688	367936	1597	2932	0	384153
6271	5881	10040	365694	2216	0	383831
6272	5977	3967	8614	364199	0	382757
6273	367065	2543	2966	11092	0	383666
6274	12590	2415	2052	366252	0	383309
6275	369156	2221	1454	12314	0	385145
6276	371909	2004	1213	6448	0	381574
6277	371257	1674	1348	5125	0	379404
6278	14147	351968	1811	3673	0	371599
6279	6489	375498	1995	3353	0	387335
6280	374004	10701	1626	4890	0	391221
6281	366391	4401	1347	5021	0	377160
6282	380941	3084	1307	4246	0	389578
6283	15940	2302	1301	371378	0	390921
6284	370223	2194	1389	11908	0	385714
6285	13185	355794	1813	5088	0	375880
6286	6857	374614	1475	4226	0	387172
6287	7220	11090	1084	368613	0	388007
6288	5722	4276	363980	11116	0	385094
6289	5644	2936	358669	4804	0	372053
6290	6499	2393	10348	363211	0	382451
6291	5083	2584	366675	10901	0	385243
6292	5904	2890	9902	365382	0	384078
6293	369663	3075	3427	12210	0	388375
6294	13681	2411	2414	368341	0	386847
6295	363167	1776	2388	13002	0	380333
6296	12577	349735	2547	5507	0	370366
6297	6340	9693	352633	4216	0	372882
6298	6766	3993	9333	340608	0	360700
6299	5928	3398	3572	357882	0	370780
6300	4368	3196	353117	12749	0	373430
6301	5830	2322	9616	338921	0	356689
6302	4402	348300	4235	11460	0	368397
6303	5513	9803	2954	358482	0	376752
6304	5756	3874	2390	366910	0	378930
6305	6274	2590	2187	379451	0	390502
6306	4924	2249	370619	16271	0	394063
6307	4495	1991	351944	7592	0	366022
6308	327979	1790	12602	6345	0	348716
6309	12664	2024	344121	3941	0	362750
6310	5050	340938	11531	3549	0	361068
6311	341373	9474	4319	4437	0	359603
6312	11521	343827	3263	3608	0	362219
6313	333063	10153	3281	4064	0	350561
6314	336385	3814	3483	3638	0	347320
6315	332131	2722	2509	3364	0	340726
6316	332342	2715	1913	3713	0	340683
6317	14161	312923	2189	2868	0	332141
6318	6797	325891	1911	2621	0	337220
6319	326748	11120	1650	3161	0	342679
6320	13216	4744	316698	2098	0	336756
6321	7781	3376	9336	308777	0	329270
6322	6773	2529	3543	322309	0	335154
6323	5142	2547	316407	11715	0	335811
6324	295789	2537	9819	5795	0	313940
6325	320068	2702	3643	4437	0	330850
6326	318638	2607	2812	3983	0	328040
6327	14882	309642	2661	3064	0	330249
6328	323932	9641	2529	3807	0	339909
6329	14555	4020	2524	308428	0	329527
6330	7238	329472	2576	10013	0	349299
6331	338606	11028	2429	5250	0	357313
6332	345156	5199	2208	4499	0	357062
6333	367489	3882	2062	3908	0	377341
6334	19900	3281	2065	353268	0	378514
6335	11447	3152	1882	356215	0	372696
6336	7343	345194	2128	15698	0	370363
6337	6705	11885	347582	7629	0	373801
6338	7722	5662	11337	346694	0	371415
6339	8201	3729	5210	341527	0	358667
6340	7340	2891	3360	370029	0	383620
6341	5391	2973	356668	18624	0	383656
6342	348659	2564	12223	10560	0	374006
6343	15722	2830	5459	364101	0	388112
6344	8280	3073	364867	15423	0	391643
6345	7608	2459	13189	362213	0	385469
6346	368300	2037	6240	17760	0	394337
6347	15845	363376	4292	9556	0	393069
6348	9265	13108	3623	371959	0	397955
6349	6196	5994	371389	16968	0	400547
6350	355045	4337	14195	10015	0	383592
6351	375684	3007	7171	7923	0	393785
6352	19215	2850	368597	6651	0	397313
6353	11438	3210	14561	337712	0	366921
6354	6902	360810	7187	14411	0	389310
6355	367608	13326	5609	8430	0	394973
6356	16899	6015	357663	6296	0	386873
6357	352313	3869	14668	6667	0	377517
6358	18469	3026	348995	4563	0	375053
6359	10246	2647	327448	4420	0	344761
6360	308795	2462	16199	4941	0	332397
6361	14620	317157	8139	4011	0	343927
6362	10065	11442	313891	3778	0	339176
6363	6578	302893	13093	3420	0	325984
6364	6391	11348	292473	3153	0	313365
6365	4598	289550	12060	2881	0	309089
6366	270108	11109	7155	3627	0	291999
6367	10849	5048	265134	3005	0	284036
6368	6481	3616	259621	2620	0	272338
6369	4918	2431	255126	2497	0	264972
6370	241993	2582	13797	2508	0	260880
6371	250093	1748	6747	2391	0	260979
6372	12476	1800	4473	240865	0	259614
6373	6582	1664	249793	8183	0	266222
6374	4685	1623	249333	4678	0	260319
6375	246858	1679	11926	3413	0	263876
6376	10690	1733	6857	251083	0	270363
6377	253785	1569	4643	9079	0	269076
6378	258465	1301	4064	4877	0	268707
6379	13644	1598	3285	240482	0	259009
6380	7740	240409	3463	8488	0	260100
6381	5933	7631	3671	244949	0	262184
6382	5239	4044	3098	251269	0	263650
6383	4354	2929	244359	11813	0	263455
6384	4219	234003	9461	6826	0	254509
6385	3886	247107	5749	4465	0	261207
6386	4195	10382	4163	236699	0	255439
6387	3174	5345	240792	9147	0	258458
6388	3035	238124	10145	5531	0	256835
6389	3644	8763	241504	4185	0	258096
6390	229479	4797	11178	4393	0	249847
6391	243797	3261	6553	3505	0	257116
6392	12424	2797	239257	2969	0	257447
6393	236676	2258	10662	3453	0	253049
6394	11987	2588	6420	236978	0	257973
6395	7099	246974	4984	8742	0	267799
6396	6039	8351	4570	252264	0	271224
6397	245140	4635	4053	10574	0	264402
6398	250627	3132	4020	6083	0	263862
6399	249948	2710	3780	4456	0	260894
6400	248178	2265	3337	3889	0	257669
6401	14040	231643	3908	3400	0	252991
6402	7709	237008	3603	2726	0	251046
6403	235397	9587	3706	3251	0	251941
6404	11503	5026	232444	2633	0	251606
6405	7320	8658	7856	213540	0	237374
6406	4565	228472	5037	6639	0	244713
6407	4734	7224	3381	223021	0	238360
6408	2903	234450	3137	7897	0	248387
6409	3628	8877	2942	235298	0	250745
6410	3167	4721	235863	8904	0	252655
6411	228910	3134	8621	5545	0	246210
6412	237983	2469	5327	3885	0	249664
6413	11500	2846	233704	2354	0	250404
6414	231081	2565	8914	2870	0	245430
6415	237883	2447	5473	2862	0	248665
6416	12404	2264	231825	2050	0	248543
6417	8187	2043	9350	224626	0	244206
6418	232769	1585	6113	8248	0	248715
6419	10740	1766	230698	4577	0	247781
6420	7595	1997	8945	223899	0	242436
6421	4986	1777	235552	8456	0	250771
6422	4376	2002	230544	5091	0	242013
6423	228020	1785	11514	4315	0	245634
6424	239772	1890	6527	3125	0	251314
6425	243804	1458	4043	3059	0	252364
6426	252841	1507	3326	2748	0	260422
6427	14829	1752	3198	237078	0	256857
6428	8089	221908	3001	8316	0	241314
6429	5602	232359	2794	4823	0	245578
6430	4611	9323	2414	221247	0	237595
6431	222979	3731	2181	8299	0	237190
6432	9743	212540	2216	3841	0	228340
6433	3558	206586	1599	2030	0	213773
6434	205193	7270	1607	1856	0	215926
6435	8227	3160	1421	202690	0	215498
6436	205067	1684	1428	7246	0	215425
6437	8179	203736	1308	2690	0	215913
6438	207333	6270	1019	2507	0	217129
6439	8539	2503	212350	1550	0	224942
6440	235317	1831	6529	1960	0	245637
6441	247457	1302	2247	2095	0	253101
6442	254806	1280	1618	1813	0	259517
6443	13109	1803	207044	1897	0	223853
6444	238173	1243	5470	1953	0	246839
6445	11155	238912	2696	1262	0	254025
6446	5774	7255	235435	946	0	249410
6447	5532	4203	7867	220294	0	237896
6448	4494	1836	3516	215836	0	225682
6449	2573	222241	2051	8772	0	235637
6450	3277	7014	1656	225832	0	237779
6451	2679	3163	1503	231671	0	239016
6452	2289	1742	222607	10401	0	237039
6453	204291	1501	7487	5869	0	219148
6454	8820	1098	224025	3282	0	237225
6455	5273	1057	8209	220415	0	234954
6456	3227	896	227599	8439	0	240161
6457	3247	833	9211	226523	0	239814
6458	229472	806	4719	9733	0	244730
6459	239378	1014	2951	5197	0	248540
6460	11709	759	2855	236289	0	251612
6461	5423	819	239114	10379	0	255735
6462	4635	766	8702	240713	0	254816
6463	3287	1102	235759	10633	0	250781
6464	227839	779	9073	6371	0	244062
6465	241086	751	4545	4446	0	250828
6466	234447	865	3087	3930	0	242329
6467	238184	862	2650	3341	0	245037
6468	13147	223540	2475	2929	0	242091
6469	8014	7814	2078	229249	0	247155
6470	225338	3471	1852	9947	0	240608
6471	11292	218289	1711	5186	0	236478
6472	6773	229046	1647	3384	0	240850
6473	5284	10135	213104	2952	0	231475
6474	214714	4483	8620	2870	0	230687
6475	225104	2743	4428	2684	0	234959
6476	13554	2273	213831	2174	0	231832
6477	8470	1693	9572	209211	0	228946
6478	6898	1520	4566	220483	0	233467
6479	5487	1321	216909	11085	0	234802
6480	5614	1211	9788	214678	0	231291
6481	216636	1135	5034	11210	0	234015
6482	11090	1462	206190	6026	0	224768
6483	6058	1144	217045	4614	0	228861
6484	212410	1211	11743	4266	0	229630
6485	11288	1688	218870	3065	0	234911
6486	214758	1597	11089	3241	0	230685
6487	12133	212233	6251	2586	0	233203
6488	222582	8026	3914	2943	0	237465
6489	13244	3654	3474	215516	0	235888
6490	7737	2485	3045	223594	0	236861
6491	220088	2555	2656	12863	0	238162
6492	12171	2049	2302	220968	0	237490
6493	221324	1909	2447	12212	0	237892
6494	12145	218179	2226	6721	0	239271
6495	8151	8748	2064	208831	0	227794
6496	6083	4087	2506	219802	0	232478
6497	214078	2541	2358	12771	0	231748
6498	216370	2274	2026	7145	0	227815
6499	217848	1865	2070	5280	0	227063
6500	15092	199349	1903	4467	0	220811
6501	8890	211295	1950	3638	0	225773
6502	211805	9829	1909	3712	0	227255
6503	13322	4447	201965	3334	0	223068
6504	8053	201867	8225	3144	0	221289
6505	190608	8212	5610	3150	0	207580
6506	184910	3638	2917	2610	0	194075
6507	185190	2416	2063	2155	0	191824
6508	11996	2428	1803	173754	0	189981
6509	180460	1633	1730	7934	0	191757
6510	181792	1520	1333	4520	0	189165
6511	12963	1371	1235	170843	0	186412
6512	176781	1414	1353	8204	0	187752
6513	10922	1437	166181	4525	0	183065
6514	7259	1740	6196	169230	0	184425
6515	5263	1755	3350	174366	0	184734
6516	5215	1060	2490	181870	0	190635
6517	174502	1053	2280	11078	0	188913
6518	180926	1323	1693	6875	0	190817
6519	183502	1164	1584	5051	0	191301
6520	182761	660	1306	5014	0	189741
6521	179321	576	1532	3843	0	185272
6522	13075	609	1577	166407	0	181668
6523	8852	671	1261	171638	0	182422
6524	168324	681	1621	9486	0	180112
6525	9960	160474	1402	5783	0	177619
6526	164073	5177	1549	4065	0	174864
6527	9564	2450	152311	3749	0	168074
6528	165444	1543	5248	3298	0	175533
6529	170417	1523	2427	3287	0	177654
6530	11226	1256	169561	2801	0	184844
6531	180260	999	6635	2176	0	190070
6532	11117	929	178826	2198	0	193070
6533	7760	818	189261	1452	0	199291
6534	6959	1245	9465	184965	0	202634
6535	6002	868	5392	200390	0	212652
6536	4397	748	199803	10042	0	214990
6537	3941	817	202118	6322	0	213198
6538	3078	189315	9740	4860	0	206993
6539	2680	191119	5462	3803	0	203064
6540	160011	6023	3624	2294	0	171952
6541	5257	172670	2000	1571	0	181498
6542	165356	5245	1705	2078	0	174384
6543	5541	164403	1352	1399	0	172695
6544	164194	5187	1338	1333	0	172052
6545	5822	3033	156652	897	0	166404
6546	158826	2430	4261	1106	0	166623
6547	6582	1742	2187	157149	0	167660
6548	3861	160655	1699	3850	0	170065
6549	3774	4238	1282	163765	0	173059
6550	163597	2600	1136	5071	0	172404
6551	167118	1975	788	2893	0	172774
6552	7171	1636	867	162454	0	172128
6553	4534	1300	160673	4642	0	171149
6554	3492	1020	153178	3035	0	160725
6555	2684	162279	5100	2181	0	172244
6556	2670	4818	2938	161798	0	172224
6557	1938	2426	161458	4618	0	170440
6558	1834	148739	4457	2524	0	157554
6559	2309	4165	2637	152155	0	161266
6560	1605	2178	1741	155655	0	161179
6561	146688	1535	1394	5435	0	155052
6562	3831	1249	1246	147316	0	153642
6563	2218	1116	144713	5092	0	153139
6564	2148	740	3409	144949	0	151246
6565	139440	764	2104	5425	0	147733
6566	3883	760	139437	3196	0	147276
6567	135474	624	3613	3065	0	142776
6568	4649	142411	2371	1967	0	151398
6569	148248	3113	1671	2105	0	155137
6570	150269	1810	1435	1620	0	155134
6571	5842	1415	1306	144329	0	152892
6572	4166	987	964	147572	0	153689
6573	2726	142970	971	5343	0	152010
6574	2652	3159	790	150630	0	157231
6575	145505	1974	809	5538	0	153826
6576	4327	1630	143876	3411	0	153244
6577	3212	1255	3226	143926	0	151619
6578	2525	142819	1975	4346	0	151665
6579	2182	3284	1570	148761	0	155797
6580	1939	2256	1136	151178	0	156509
6581	146332	1870	899	6052	0	155153
6582	4101	144702	659	3995	0	153457
6583	3067	3674	791	147431	0	154963
6584	145255	2130	800	5315	0	153500
6585	4571	1847	743	146044	0	153205
6586	3107	1412	662	149438	0	154619
6587	148981	1250	631	6871	0	157733
6588	147403	808	608	5101	0	153920
6589	5872	991	146143	3379	0	156385
6590	144174	887	3137	3142	0	151340
6591	150310	857	1932	2574	0	155673
6592	151558	826	1473	2408	0	156265
6593	6840	139674	1188	2283	0	149985
6594	4541	142291	1036	1817	0	149685
6595	3873	4381	792	143880	0	152926
6596	145426	2762	927	4206	0	153321
6597	147939	2074	746	2920	0	153679
6598	6224	1478	679	145430	0	153811
6599	4587	1215	146350	4422	0	156574
6600	148189	1006	3095	3528	0	155818
6601	160305	1038	1874	2851	0	166068
6602	6295	997	1521	155585	0	164398
6603	4622	985	1130	158368	0	165105
6604	159078	726	979	5746	0	166529
6605	5874	794	707	157125	0	164500
6606	3875	156160	914	5346	0	166295
6607	3353	3264	726	163254	0	170597
6608	162770	2036	707	5863	0	171376
6609	5169	1660	159015	3752	0	169596
6610	150557	1147	2904	3821	0	158429
6611	5548	1104	158625	2646	0	167923
6612	4001	765	3999	160182	0	168947
6613	163555	795	2402	4984	0	171736
6614	5245	716	1883	162647	0	170491
6615	3922	712	1212	164258	0	170104
6616	159469	635	1303	6789	0	168196
6617	5097	647	157728	4602	0	168074
6618	3700	657	159853	3412	0	167622
6619	3134	606	4524	164592	0	172856
6620	2573	587	2932	170355	0	176447
6621	2456	519	2047	172441	0	177463
6622	1868	594	166006	6808	0	175276
6623	158266	473	3483	5284	0	167506
6624	171313	435	2273	4171	0	178192
6625	172961	389	1938	3413	0	178701
6626	173639	338	1445	3036	0	178458
6627	6641	163470	1276	2406	0	173793
6628	4617	163235	897	2537	0	171286
6629	3222	164449	807	2057	0	170535
6630	2704	3180	748	142765	0	149397
6631	2332	898	697	150377	0	154304
6632	1687	446	144317	2547	0	148997
6633	1247	133153	1407	1266	0	137073
6634	1313	966	486	127782	0	130547
6635	123456	353	323	1654	0	125786
6636	934	123281	300	830	0	125345
6637	720	847	190	122722	0	124479
6638	510	124367	261	1058	0	126196
6639	127822	747	215	1069	0	129853
6640	1379	396	216	126814	0	128805
6641	598	224	124836	1073	0	126731
6642	508	251	122244	521	0	123524
6643	638	579	1415	128170	0	130802
6644	607	139	530	129088	0	130364
6645	473	110	314	135929	0	136826
6646	133302	102	236	2513	0	136153
6647	1692	174	132309	921	0	135096
6648	670	130351	1416	625	0	133062
6649	639	1317	518	131534	0	134008
6650	388	485	132639	1527	0	135039
6651	263	132333	1507	749	0	134852
6652	533	1486	516	135614	0	138149
6653	310	523	135410	1526	0	137769
6654	451	254	1375	132590	0	134670
6655	356	184	576	136183	0	137299
6656	136947	127	342	2394	0	139810
6657	136760	111	257	1291	0	138419
6658	1925	108	214	137666	0	139913
6659	137793	104	277	2165	0	140339
6660	1800	142	138718	760	0	141420
6661	944	124	1586	139987	0	142641
6662	466	219	143508	1857	0	146050
6663	640	292	1714	144014	0	146660
6664	361	139902	762	2089	0	143114
6665	298	141750	424	925	0	143397
6666	221	147257	374	686	0	148538
6667	1029	2171	444	139731	0	143375
6668	481	708	226	159443	0	160858
6669	220	486	156182	3011	0	159899
6670	396	443	152975	1120	0	154934
6671	351	383	162853	675	0	164262
6672	172198	254	3397	989	0	176838
6673	3774	272	1038	181969	0	187053
6674	186803	207	610	4334	0	191954
6675	3969	193338	567	1233	0	199107
6676	1714	4225	471	197436	0	203846
6677	201573	1405	451	5327	0	208756
6678	5261	1044	418	202356	0	209079
6679	202400	654	348	6117	0	209519
6680	5601	535	203757	2297	0	212190
6681	2129	206766	4327	1657	0	214879
6682	1810	4437	1499	211584	0	219330
6683	210802	1446	1144	5812	0	219204
6684	214567	963	902	2667	0	219099
6685	6523	625	667	212831	0	220646
6686	3084	453	571	216625	0	220733
6687	209055	428	679	7141	0	217303
6688	6047	484	681	208095	0	215307
6689	2249	540	205069	6344	0	214202
6690	1741	203934	4708	2962	0	213345
6691	1942	4419	1819	209205	0	217385
6692	208264	1583	1229	6617	0	217693
6693	208222	1143	925	3510	0	213800
6694	7054	953	209163	2272	0	219442
6695	3287	200296	5131	2156	0	210870
6696	2372	214558	1912	1911	0	220753
6697	2608	6566	1352	210864	0	221390
6698	2464	2768	1109	214729	0	221070
6699	2134	1897	792	214713	0	219536
6700	2076	1260	772	215943	0	220051
6701	1654	206763	992	9198	0	218607
6702	2094	5917	863	211068	0	219942
6703	2073	2308	795	216929	0	222105
6704	208722	1553	676	10156	0	221107
6705	210196	1157	613	5661	0	217627
6706	8093	206973	796	4007	0	219869
6707	210896	6039	747	3877	0	221559
6708	212816	2516	791	3261	0	219384
6709	212953	1811	707	3415	0	218886
6710	9715	1549	202991	2718	0	216973
6711	5472	1068	5821	203935	0	216296
6712	3907	1143	2273	212180	0	219503
6713	2781	1393	203392	9000	0	216566
6714	2824	1362	6236	202768	0	213190
6715	3156	1427	2660	190273	0	197516
6716	201399	1212	1782	10356	0	214749
6717	7217	1347	199601	5301	0	213466
6718	3952	1167	6114	197219	0	208452
6719	193266	1192	2431	9502	0	206391
6720	7111	191935	1910	5301	0	206257
6721	193276	6141	1357	4807	0	205581
6722	194486	2497	1100	4331	0	202414
6723	9032	188904	1067	3619	0	202622
6724	4956	6495	908	191425	0	203784
6725	190545	2626	766	8832	0	202769
6726	8501	188434	955	4449	0	202339
6727	4830	7005	920	190633	0	203388
6728	187064	3029	905	8776	0	199774
6729	187344	2088	873	4985	0	195290
6730	9784	181880	1128	3716	0	196508
6731	186962	6487	1255	3695	0	198399
6732	9436	2890	1062	185981	0	199369
6733	186934	2087	920	9000	0	198941
6734	9243	1766	180755	4742	0	196506
6735	5341	1254	6254	183094	0	195943
6736	4274	1147	2487	186887	0	194795
6737	179792	1295	1857	10686	0	193630
6738	8063	175310	1710	5635	0	190718
6739	172561	6251	1440	4829	0	185081
6740	8936	171289	1198	3810	0	185233
6741	4974	6916	161773	3051	0	176714
6742	4200	3042	161157	2942	0	171341
6743	4554	4046	7368	156159	0	172127
6744	3307	2200	156752	7290	0	169549
6745	3218	1950	6307	155976	0	167451
6746	3560	1534	2550	154248	0	161892
6747	3256	1623	1675	162324	0	168878
6748	157668	1620	1375	9962	0	170625
6749	158176	1455	1143	5790	0	166564
6750	161707	1359	983	4642	0	168691
6751	10043	155253	1001	3489	0	169786
6752	5604	171538	950	3292	0	181384
6753	4780	7839	181123	3131	0	196873
6754	4360	3636	7117	187593	0	202706
6755	3555	2989	186753	9442	0	202739
6756	3721	2360	8752	187317	0	202150
6757	3795	1891	4023	194012	0	203721
6758	3396	1802	3090	196661	0	204949
6759	2801	1737	184045	13873	0	202456
6760	3104	1460	8678	187141	0	200383
6761	180838	1278	4332	13753	0	200201
6762	8931	175828	3469	7980	0	196208
6763	4959	7427	2636	183573	0	198595
6764	180990	3429	2139	12436	0	198994
6765	184140	2675	2221	7199	0	196235
6766	11970	2188	2178	178363	0	194699
6767	7244	1587	1928	179797	0	190556
6768	166209	1505	1570	12559	0	181843
6769	10540	1374	1470	167130	0	180514
6770	156366	1019	1274	11929	0	170588
6771	10846	799	909	152072	0	164626
6772	5906	747	134779	10743	0	152175
6773	4485	121966	5028	7006	0	138485
6774	3827	128438	2399	5244	0	139908
6775	4069	5381	2406	120954	0	132810
6776	3942	2480	1978	122838	0	131238
6777	116631	1808	1056	8036	0	127531
6778	5687	1575	1096	118791	0	127149
6779	3174	1569	876	120260	0	125879
6780	2485	1465	770	111919	0	116639
6781	2245	104102	622	9095	0	116064
6782	2382	4070	548	111437	0	118437
6783	2445	1784	497	113181	0	117907
6784	2154	1333	556	114182	0	118225
6785	103880	1263	674	10043	0	115860
6786	4803	103924	800	6602	0	116129
6787	2739	4871	739	109346	0	117695
6788	2137	2513	625	112324	0	117599
6789	1924	1862	608	114308	0	118702
6790	105794	1314	567	10158	0	117833
6791	6045	1128	485	109745	0	117403
6792	3405	1084	438	110681	0	115608
6793	2316	908	97466	9514	0	110204
6794	1682	95324	3222	6723	0	106951
6795	1788	3829	1359	102245	0	109221
6796	96194	1681	1026	7895	0	106796
6797	4503	96433	869	5212	0	107017
6798	94193	3771	750	4275	0	102989
6799	96169	2050	911	3524	0	102654
6800	5459	1888	706	94719	0	102772
6801	3434	1521	634	98076	0	103665
6802	3069	1266	93875	6527	0	104737
6803	2725	1118	3073	100948	0	107864
6804	2515	910	97779	6712	0	107916
6805	2238	734	3842	102765	0	109579
6806	96368	483	2015	7557	0	106423
6807	4136	99748	1744	5133	0	110761
6808	2308	3658	1710	108662	0	116338
6809	1949	1958	1516	110555	0	115978
6810	1895	1448	1538	110926	0	115807
6811	1824	1425	1045	112446	0	116740
6812	105969	1200	948	8465	0	116582
6813	4579	105137	809	5854	0	116379
6814	2585	3677	625	113062	0	119949
6815	109018	1717	716	8627	0	120078
6816	4754	1184	105840	6199	0	117977
6817	106309	1026	3576	5458	0	116369
6818	112532	1035	1899	4338	0	119804
6819	6468	1302	1582	110920	0	120272
6820	4150	1162	1193	114748	0	121253
6821	112342	1127	1130	7393	0	121992
6822	5982	113651	1193	4977	0	125803
6823	119071	3656	888	4746	0	128361
6824	121742	1773	651	4501	0	128667
6825	122922	1302	464	4564	0	129252
6826	7604	1191	318	120551	0	129664
6827	5258	1200	418	124394	0	131270
6828	4251	128689	503	7290	0	140733
6829	4406	4503	460	134184	0	143553
6830	133899	2323	505	7401	0	144128
6831	6912	1616	128074	4837	0	141439
6832	126789	1363	3919	4685	0	136756
6833	137321	1265	1775	4449	0	144810
6834	7591	1411	1219	136018	0	146239
6835	4950	1087	980	139792	0	146809
6836	136990	935	916	8436	0	147277
6837	138313	665	1013	5472	0	145463
6838	126956	687	893	4761	0	133297
6839	8424	742	130483	3879	0	143528
6840	5177	129932	3404	3943	0	142456
6841	135344	3842	1516	4019	0	144721
6842	7097	2098	1100	132650	0	142945
6843	4700	132813	939	5673	0	144125
6844	4309	4540	836	136265	0	145950
6845	136682	2473	1103	6290	0	146548
6846	6253	2226	824	137312	0	146615
6847	4519	1651	129334	6811	0	142315
6848	2999	127579	3064	5079	0	138721
6849	2579	134733	1536	4326	0	143174
6850	2584	4572	126120	3529	0	136805
6851	110517	3402	3818	3620	0	121357
6852	3765	112180	1639	2609	0	120193
6853	2004	2556	951	95972	0	101483
6854	94551	775	328	1768	0	97422
6855	1611	93638	249	846	0	96344
6856	932	1543	286	95408	0	98169
6857	95783	704	289	1854	0	98630
6858	1972	447	217	95518	0	98154
6859	95682	366	236	2198	0	98482
6860	2008	347	95481	1110	0	98946
6861	1143	96565	1254	813	0	99775
6862	101078	1545	512	1031	0	104166
6863	99196	643	303	1118	0	101260
6864	98430	398	256	948	0	100032
6865	2560	413	91409	708	0	95090
6866	92502	307	1157	903	0	94869
6867	98287	350	553	791	0	99981
6868	2598	444	318	97064	0	100424
6869	97945	357	257	2026	0	100585
6870	2331	95400	303	973	0	99007
6871	1490	1451	303	97470	0	100714
6872	1128	751	95652	1780	0	99311
6873	1217	485	1397	94796	0	97895
6874	938	512	643	97788	0	99881
6875	96462	449	358	2702	0	99971
6876	95611	433	319	1610	0	97973
6877	2493	516	93798	964	0	97771
6878	91141	344	1514	1135	0	94134
6879	2536	336	93676	682	0	97230
6880	1632	337	1555	94371	0	97895
6881	1166	346	94601	2058	0	98171
6882	1277	336	1631	93315	0	96559
6883	1153	92754	823	1850	0	96580
6884	1093	1477	92891	1036	0	96497
6885	1040	687	94034	850	0	96611
6886	1624	597	2501	75777	0	80499
6887	95886	432	1039	2255	0	99612
6888	96288	372	677	1417	0	98754
6889	97200	413	510	1221	0	99344
6890	2947	417	472	95006	0	98842
6891	1912	278	492	96773	0	99455
6892	1478	279	460	97279	0	99496
6893	1294	307	431	97322	0	99354
6894	1149	381	93270	2817	0	97617
6895	1242	506	1548	92277	0	95573
6896	1021	90263	812	2317	0	94413
6897	978	1626	572	94173	0	97349
6898	92981	835	453	2851	0	97120
6899	2203	579	91335	1629	0	95746
6900	84606	369	1737	1744	0	88456
6901	2519	419	92469	951	0	96358
6902	1358	363	89428	913	0	92062
6903	1012	88096	2402	801	0	92311
6904	1572	2102	1370	76169	0	81213
6905	1019	812	775	87573	0	90179
6906	1026	68631	1170	2678	0	73505
6907	90859	2180	636	1432	0	95107
6908	3084	1154	635	95007	0	99880
6909	2176	664	523	106455	0	109818
6910	1464	510	480	113208	0	115662
6911	123725	388	481	6379	0	130973
6912	135713	379	389	3751	0	140232
6913	7144	399	390	132821	0	140754
6914	3921	270	321	136420	0	140932
6915	131702	300	354	8116	0	140472
6916	6617	316	337	132542	0	139812
6917	3862	312	346	135782	0	140302
6918	3482	308	382	138046	0	142218
6919	2852	319	127458	9370	0	139999
6920	123094	225	4513	6456	0	134288
6921	130206	245	1921	5197	0	137569
6922	8589	256	121054	3970	0	133869
6923	5108	1180	4946	112916	0	124150
6924	3288	118781	2485	7349	0	131903
6925	118492	4369	1691	5346	0	129898
6926	6261	117400	1989	4041	0	129691
6927	4083	113486	1445	3214	0	122228
6928	4010	5743	1262	108027	0	119042
6929	106950	2603	1671	6073	0	117297
6930	112519	1791	940	4085	0	119335
6931	7303	2009	801	108887	0	119000
6932	4885	1583	878	110792	0	118138
6933	3725	1879	515	110708	0	116827
6934	3284	2123	451	110256	0	116114
6935	2961	1479	469	107773	0	112682
6936	2733	101248	401	9010	0	113392
6937	3154	4682	335	107385	0	115556
6938	102946	2092	287	9379	0	114704
6939	106333	1480	299	6648	0	114760
6940	106404	1114	308	6013	0	113839
6941	7735	98938	436	6188	0	113297
6942	5158	4364	389	103349	0	113260
6943	3819	2605	98898	8015	0	113337
6944	98918	1764	4051	6238	0	110971
6945	7426	1645	1833	102014	0	112918
6946	101550	1426	1271	7868	0	112115
6947	101619	1167	927	5261	0	108974
6948	102671	1701	804	4101	0	109277
6949	9246	1529	858	96537	0	108170
6950	98260	1305	1414	7007	0	107986
6951	9130	1280	1098	96647	0	108155
6952	6159	951	935	100597	0	108642
6953	98586	863	952	8494	0	108895
6954	8809	1022	588	98950	0	109369
6955	97921	1017	492	8568	0	107998
6956	100847	1024	453	6220	0	108544
6957	10059	956	289	97673	0	108977
6958	6309	958	297	101420	0	108984
6959	5282	748	198	103463	0	109691
6960	5285	636	88776	10510	0	105207
6961	4613	508	91104	7691	0	103916
6962	4908	464	5113	92973	0	103458
6963	4774	504	2345	95531	0	103154
6964	3706	583	1556	98120	0	103965
6965	3513	565	1236	98125	0	103439
6966	3212	619	1217	99933	0	104981
6967	89772	611	1765	11714	0	103862
6968	6583	87181	1982	7584	0	103330
6969	4626	4110	1634	94501	0	104871
6970	92431	1909	1492	9640	0	105472
6971	7354	1340	1274	95116	0	105084
6972	4702	1224	946	98496	0	105368
6973	91845	1174	967	11443	0	105429
6974	95039	1073	894	7663	0	104669
6975	8778	1586	88249	6258	0	104871
6976	5993	1139	4055	94242	0	105429
6977	5675	1080	89866	9060	0	105681
6978	4839	907	4650	95163	0	105559
6979	4453	521	2218	97141	0	104333
6980	4887	470	1519	98690	0	105566
6981	4378	502	88641	11359	0	104880
6982	3537	82968	5376	8097	0	99978
6983	3213	91149	2918	7204	0	104484
6984	2956	4852	2719	94434	0	104961
6985	90282	2240	2202	9994	0	104718
6986	6240	1504	88912	7512	0	104168
6987	3967	1284	93584	6512	0	105347
6988	3144	1152	6961	95357	0	106614
6989	2757	1509	3697	94882	0	102845
6990	2221	93267	2933	9424	0	107845
6991	2463	5058	2486	95588	0	105595
6992	2891	2825	2086	101490	0	109292
6993	2492	1949	2369	104229	0	111039
6994	96590	1350	2373	10951	0	111264
6995	98931	1238	1780	7859	0	109808
6996	7562	1207	1664	100884	0	111317
6997	4557	95550	1388	9512	0	111007
6998	3980	4705	985	101206	0	110876
6999	95315	2387	1071	10291	0	109064
7000	6284	95459	1101	7686	0	110530
7001	4776	4399	848	92748	0	102771
7002	4018	91752	783	8507	0	105060
7003	92179	4754	823	6636	0	104392
7004	87383	3047	872	5411	0	96713
7005	6943	88348	934	5163	0	101388
7006	4653	90727	1002	4220	0	100602
7007	3285	5585	81522	3567	0	93959
7008	2105	77684	3232	3709	0	86730
7009	2471	4802	1687	64800	0	73760
7010	1880	1830	62902	4292	0	70904
7011	586	46324	1420	1316	0	49646
7012	447	1227	644	37571	0	39889
7013	262	445	215	39088	0	40010
7014	245	247	143	39490	0	40125
7015	38150	183	135	1517	0	39985
7016	854	175	37097	786	0	38912
7017	435	202	37331	473	0	38441
7018	321	234	1097	37875	0	39527
7019	191	204	40908	1048	0	42351
7020	246	183	968	41024	0	42421
7021	352	178	498	37506	0	38534
7022	253	152	317	42180	0	42902
7023	237	176	253	42630	0	43296
7024	40964	182	209	1603	0	42958
7025	40929	135	184	982	0	42230
7026	1249	147	189	41915	0	43500
7027	578	151	43675	1209	0	45613
7028	397	148	824	43737	0	45106
7029	216	42578	500	1222	0	44516
7030	261	755	285	43816	0	45117
7031	43167	458	212	1330	0	45167
7032	44024	213	205	904	0	45346
7033	1265	179	173	44134	0	45751
7034	675	169	180	44693	0	45717
7035	413	144	168	45577	0	46302
7036	43821	191	159	1693	0	45864
7037	996	196	43396	931	0	45519
7038	630	162	42544	585	0	43921
7039	326	42356	1050	421	0	44153
7040	43668	680	479	531	0	45358
7041	839	427	241	44591	0	46098
7042	443	227	45354	1023	0	47047
7043	317	43798	708	716	0	45539
7044	287	46108	462	460	0	47317
7045	258	898	239	46644	0	48039
7046	277	471	141	47531	0	48420
7047	240	45857	161	1153	0	47411
7048	302	719	125	48334	0	49480
7049	254	433	170	48608	0	49465
7050	47491	271	215	1307	0	49284
7051	716	47329	167	724	0	48936
7052	525	760	122	47600	0	49007
7053	305	444	46541	971	0	48261
7054	267	281	682	46505	0	47735
7055	46633	238	381	1116	0	48368
7056	724	46840	228	660	0	48452
7057	485	710	143	47965	0	49303
7058	273	454	47126	929	0	48782
7059	211	370	47352	615	0	48548
7060	280	269	1005	49925	0	51479
7061	238	197	488	52094	0	53017
7062	51880	172	241	1355	0	53648
7063	825	52978	174	716	0	54693
7064	53956	880	171	641	0	55648
7065	968	467	55057	402	0	56894
7066	52432	296	946	617	0	54291
7067	1114	240	56851	403	0	58608
7068	54725	223	1021	614	0	56583
7069	57249	197	530	544	0	58520
7070	1455	242	60935	385	0	63017
7071	790	227	59070	382	0	60469
7072	400	57355	1434	435	0	59624
7073	422	1019	699	63355	0	65495
7074	65049	529	405	1434	0	67417
7075	1292	311	271	65871	0	67745
7076	851	230	270	66776	0	68127
7077	585	149	312	67911	0	68957
7078	335	215	66596	1717	0	68863
7079	58972	209	1198	1170	0	61549
7080	67010	155	648	810	0	68623
7081	1644	68009	415	515	0	70583
7082	975	948	278	68208	0	70409
7083	422	70126	327	1368	0	72243
7084	540	1203	285	71915	0	73943
7085	71339	541	335	1786	0	74001
7086	1435	70565	282	921	0	73203
7087	949	1155	195	69330	0	71629
7088	68747	614	188	1632	0	71181
7089	69133	343	192	1097	0	70765
7090	1854	279	222	67667	0	70022
7091	946	242	67317	1518	0	70023
7092	750	565	1085	64539	0	66939
7093	481	67313	560	1285	0	69639
7094	67438	1143	307	907	0	69795
7095	1213	67939	211	598	0	69961
7096	823	1197	167	67530	0	69717
7097	69362	555	154	1550	0	71621
7098	1432	345	204	71557	0	73538
7099	933	261	156	72203	0	73553
7100	506	317	70965	1739	0	73527
7101	431	69790	1041	985	0	72247
7102	69737	1057	489	674	0	71957
7103	63946	609	292	905	0	65752
7104	1255	68308	239	456	0	70258
7105	576	70081	185	398	0	71240
7106	544	1111	143	69634	0	71432
7107	68984	498	143	1147	0	70772
7108	962	67990	131	504	0	69587
7109	580	944	90	70061	0	71675
7110	372	470	69399	998	0	71239
7111	413	292	761	69454	0	70920
7112	70691	238	311	1292	0	72532
7113	883	70562	212	641	0	72298
7114	581	897	152	74062	0	75692
7115	366	509	72111	1017	0	74003
7116	374	338	69760	548	0	71020
7117	403	227	1119	72679	0	74428
7118	382	285	460	74486	0	75613
7119	285	72574	278	1263	0	74400
7120	407	1020	150	72691	0	74268
7121	74132	496	166	1409	0	76203
7122	1104	374	198	75191	0	76867
7123	75671	238	228	1535	0	77672
7124	1150	74082	263	733	0	76228
7125	609	77018	222	584	0	78433
7126	604	1285	208	80408	0	82505
7127	460	610	166	79126	0	80362
7128	413	390	77886	1522	0	80211
7129	501	294	1089	76391	0	78275
7130	77652	300	526	1660	0	80138
7131	1225	363	76518	837	0	78943
7132	746	354	1086	79061	0	81247
7133	499	341	82381	1545	0	84766
7134	543	260	1275	83678	0	85756
7135	575	257	645	82809	0	84286
7136	486	220	435	86127	0	87268
7137	471	279	84305	2007	0	87062
7138	530	325	1200	82076	0	84131
7139	330	83506	636	1728	0	86200
7140	393	1182	458	86510	0	88543
7141	337	571	335	86352	0	87595
7142	84285	394	319	2250	0	87248
7143	1327	335	81736	1331	0	84729
7144	797	296	1254	83125	0	85472
7145	507	321	81466	1851	0	84145
7146	439	355	76097	1173	0	78064
7147	502	278	1667	83291	0	85738
7148	616	294	815	79035	0	80760
7149	483	278	469	87667	0	88897
7150	85790	290	447	2507	0	89034
7151	1392	378	84353	1378	0	87501
7152	88339	297	1392	1401	0	91429
7153	1689	356	674	95324	0	98043
7154	894	282	534	97944	0	99654
7155	615	99433	400	2301	0	102749
7156	623	1314	412	103659	0	106008
7157	623	550	410	103560	0	105143
7158	658	390	459	103471	0	104978
7159	97086	243	485	2494	0	100308
7160	1324	297	92723	1389	0	95733
7161	84974	193	1068	1441	0	87676
7162	1383	94417	584	1000	0	97384
7163	94724	1089	388	985	0	97186
7164	1328	92263	339	809	0	94739
7165	727	92112	364	771	0	93974
7166	809	1322	386	94195	0	96712
7167	95010	556	348	1633	0	97547
7168	1152	438	232	96066	0	97888
7169	578	91483	226	1592	0	93879
7170	485	96520	240	900	0	98145
7171	487	1408	169	99539	0	101603
7172	464	709	159	99094	0	100426
7173	333	97307	202	1849	0	99691
7174	383	1310	189	103537	0	105419
7175	480	572	159	103975	0	105186
7176	428	426	169	105650	0	106673
7177	103917	353	178	2482	0	106930
7178	1379	436	102166	1208	0	105189
7179	100101	357	1224	1305	0	102987
7180	108729	276	510	1004	0	110519
7181	108061	254	316	890	0	109521
7182	1905	105507	248	699	0	108359
7183	943	1214	146	106517	0	108820
7184	107953	534	161	1696	0	110344
7185	1439	354	135	110526	0	112454
7186	110481	257	150	1858	0	112746
7187	1402	115884	209	924	0	118419
7188	123209	1087	155	1164	0	125615
7189	125558	474	119	980	0	127131
7190	127688	359	133	798	0	128978
7191	1947	259	145	128141	0	130492
7192	1105	200	165	131366	0	132836
7193	132343	172	126	2060	0	134701
7194	1430	127535	151	1002	0	130118
7195	771	126063	141	728	0	127703
7196	135142	1233	110	879	0	137364
7197	1498	553	143	134960	0	137154
7198	931	356	119	135243	0	136649
7199	751	269	89	138360	0	139469
7200	543	134602	156	2017	0	137318
7201	136610	1267	128	1433	0	139438
7202	1656	570	94	139496	0	141816
7203	829	139148	131	1750	0	141858
7204	874	1448	89	149009	0	151420
7205	724	630	75	149992	0	151421
7206	684	470	111	149148	0	150413
7207	600	363	100	151593	0	152656
7208	149906	348	85	2757	0	153096
7209	147894	357	92	1717	0	150060
7210	150791	305	127	1412	0	152635
7211	2284	295	61	150718	0	153358
7212	1273	374	143552	1874	0	147073
7213	1058	378	121544	1388	0	124368
7214	879	434	132590	1033	0	134936
7215	149823	263	1704	1236	0	153026
7216	1770	300	739	153368	0	156177
7217	1065	280	423	152166	0	153934
7218	880	240	247	155115	0	156482
7219	153390	264	172	2724	0	156550
7220	151312	261	192	1858	0	153623
7221	1961	159653	266	1158	0	163038
7222	1267	1181	212	164679	0	167339
7223	920	636	159996	1759	0	163311
7224	765	160556	1155	1138	0	163614
7225	813	1436	500	165572	0	168321
7226	756	587	416	166817	0	168576
7227	748	473	304	164709	0	166234
7228	840	381	209	161533	0	162963
7229	690	375	159914	2297	0	163276
7230	610	374	146086	1623	0	148693
7231	551	160224	1370	1220	0	163365
7232	629	1084	588	165255	0	167556
7233	655	481	378	162832	0	164346
7234	159951	393	239	2285	0	162868
7235	1486	420	160485	1102	0	163493
7236	928	281	1060	161113	0	163382
7237	768	238	587	168298	0	169891
7238	675	339	169758	1897	0	172669
7239	456	167796	1201	1209	0	170662
7240	170055	1110	497	1557	0	173219
7241	1419	639	168412	886	0	171356
7242	161133	356	1167	1313	0	163969
7243	1621	400	178898	726	0	181645
7244	1114	249	1254	182939	0	185556
7245	734	344	182329	1549	0	184956
7246	666	400	179970	1049	0	182085
7247	793	267	1438	190040	0	192538
7248	2242	706	1575	139536	0	144059
7249	583	235	471	197664	0	198953
7250	661	271	410	190868	0	192210
7251	696	223	328	189155	0	190402
7252	518	334	187752	2143	0	190747
7253	563	365	168959	1446	0	171333
7254	368	187049	1513	1078	0	190008
7255	189683	1238	754	1427	0	193102
7256	1724	533	521	193084	0	195862
7257	193555	315	382	2650	0	196902
7258	1977	301	350	194077	0	196705
7259	199129	187	372	3200	0	202888
7260	2161	158	362	201732	0	204413
7261	1085	144	414	202961	0	204604
7262	687	202218	441	2594	0	205940
7263	735	1508	308	210125	0	212676
7264	725	562	315	209667	0	211269
7265	725	391	313	208525	0	209954
7266	736	321	314	208337	0	209708
7267	441	201656	338	2958	0	205393
7268	202905	1420	236	2347	0	206908
7269	1567	201240	327	1285	0	204419
7270	723	1532	215	199825	0	202295
7271	195702	615	174	2648	0	199139
7272	1741	613	187448	1002	0	190804
7273	813	480	182611	897	0	184801
7274	1042	465	1585	182308	0	185400
7275	575	230	709	193022	0	194536
7276	430	202	462	193437	0	194531
7277	866	255	418	175163	0	176702
7278	498	178	266	187518	0	188460
7279	246	183439	291	2155	0	186131
7280	352	1127	223	188888	0	190590
7281	186051	377	264	2819	0	189511
7282	1454	333	220	188595	0	190602
7283	520	367	189782	2048	0	192717
7284	702	151	1378	186601	0	188832
7285	184488	151	570	3011	0	188220
7286	1435	188791	502	1151	0	191879
7287	889	1432	341	197399	0	200061
7288	840	623	178	204668	0	206309
7289	515	507	198681	4205	0	203908
7290	570	506	241227	1626	0	243929
7291	300156	239	6753	2036	0	309184
7292	10070	302	2398	306896	0	319666
7293	5959	277	2821	321987	0	331044
7294	5104	401	335921	14098	0	355524
7295	4108	439	335659	9853	0	350059
7296	2218	338115	15471	9387	0	365191
7297	3332	10396	9587	341471	0	364786
7298	893	4842	346464	13862	0	366061
7299	454	341433	16972	7098	0	365957
7300	340297	14033	9491	6974	0	370795
7301	354573	7618	8364	5925	0	376480
7302	17204	7178	5705	338450	0	368537
7303	10411	347498	4516	13333	0	375758
7304	349613	14454	3956	8005	0	376028
7305	20199	8246	2718	320576	0	351739
7306	11529	7329	334773	14597	0	368228
7307	9725	343238	12053	8864	0	373880
7308	342686	14749	6468	9271	0	373174
7309	354524	8158	6330	7276	0	376288
7310	20355	7620	5114	344421	0	377510
7311	14025	5759	3911	354887	0	378582
7312	11099	4763	340918	18628	0	375408
7313	10640	4091	12937	348697	0	376365
7314	9748	3103	6686	328124	0	347661
7315	7478	2064	6149	355521	0	371212
7316	5889	1831	4942	358301	0	370963
7317	5025	1963	3959	344051	0	354998
7318	3260	331986	3738	30474	0	369458
7319	330774	11814	2790	23135	0	368513
7320	13447	5964	329595	18547	0	367553
7321	7312	323153	12613	14692	0	357770
7322	9059	14930	6500	337282	0	367771
7323	331476	8216	6440	21032	0	367164
7324	17124	7759	5848	334838	0	365569
7325	10528	5995	4850	342077	0	363450
7326	9591	4609	4586	346311	0	365097
7327	7710	4116	4032	350945	0	366803
7328	6344	3234	320417	32622	0	362617
7329	5712	321205	13225	24406	0	364548
7330	324083	13316	6707	22858	0	366964
7331	15037	7184	325143	17910	0	365274
7332	9325	7308	17769	332745	0	367147
7333	327222	7039	10463	22043	0	366767
7334	18355	326498	9986	13565	0	368404
7335	331436	16153	8214	13607	0	369410
7336	23496	9746	6962	302727	0	342931
7337	15383	9090	5497	338959	0	368929
7338	14885	7243	3898	338955	0	364981
7339	12694	5492	3050	344718	0	365954
7340	320867	5432	3005	34201	0	363505
7341	19145	4930	2828	335717	0	362620
7342	12644	3460	3010	346011	0	365125
7343	309836	3286	3244	34521	0	350887
7344	20366	3670	299492	24273	0	347801
7345	13653	3406	13512	317783	0	348354
7346	300251	2815	7041	28920	0	339027
7347	308542	2391	6845	20183	0	337961
7348	24799	2800	5842	300994	0	334435
7349	18134	2513	5609	300267	0	326523
7350	15094	273537	5485	28461	0	322577
7351	12669	12492	3738	297488	0	326387
7352	10509	6338	2741	303943	0	323531
7353	8238	6125	268384	34453	0	317200
7354	6525	5110	266286	26535	0	304456
7355	5112	266992	17078	23675	0	312857
7356	5920	14630	11318	275521	0	307389
7357	5935	7808	10883	289022	0	313648
7358	269635	7763	9818	28224	0	315440
7359	15281	7094	8155	279101	0	309631
7360	10492	5713	262794	29221	0	308220
7361	11386	4940	15065	278229	0	309620
7362	8769	4256	256193	31273	0	300491
7363	7550	3845	264155	22750	0	298300
7364	7105	4180	21888	263164	0	296337
7365	6128	3693	15341	278502	0	303664
7366	258447	3901	13273	29430	0	305051
7367	268599	3408	10568	22013	0	304588
7368	21323	2994	9708	272557	0	306582
7369	270586	3298	7588	27530	0	309002
7370	282085	2489	5259	20380	0	310213
7371	28723	3139	4056	275730	0	311648
7372	21503	3282	3716	284573	0	313074
7373	276690	2519	3517	29367	0	312093
7374	275414	1710	3872	23308	0	304304
7375	26887	1531	3613	270914	0	302945
7376	19251	250612	3935	29015	0	302813
7377	17958	11842	3074	271801	0	304675
7378	15145	5551	2614	283290	0	306600
7379	11284	5491	250793	33974	0	301542
7380	10352	4780	11900	279474	0	306506
7381	249933	3739	7233	33585	0	294490
7382	16270	254613	7611	24225	0	302719
7383	259878	12945	5654	21439	0	299916
7384	264058	6843	4594	18094	0	293589
7385	271580	7056	3818	15600	0	298054
7386	29235	6773	3361	255212	0	294581
7387	21565	5213	222591	21617	0	270986
7388	19630	4888	218481	14067	0	257066
7389	14594	213395	14851	15652	0	258492
7390	8737	163497	7142	10241	0	189617
7391	4611	106858	2469	4121	0	118059
7392	3775	100267	2864	3937	0	110843
7393	4053	4292	94018	3855	0	106218
7394	68700	3087	4519	2255	0	78561
7395	1870	657	640	68542	0	71709
7396	1005	459	390	67305	0	69159
7397	919	364	312	66926	0	68521
7398	761	66178	344	1910	0	69193
7399	64811	1195	387	1296	0	67689
7400	1606	440	64903	948	0	67897
7401	541	62003	1161	661	0	64366
7402	636	1116	500	63584	0	65836
7403	63738	355	320	1540	0	65953
7404	1344	291	263	63573	0	65471
7405	548	265	61737	1482	0	64032
7406	498	259	60824	690	0	62271
7407	621	204	1195	63505	0	65525
7408	518	112	440	64715	0	65785
7409	64049	123	294	1788	0	66254
7410	1292	155	63525	779	0	65751
7411	61338	119	1121	819	0	63397
7412	63634	132	381	744	0	64891
7413	1619	131	289	64194	0	66233
7414	655	173	65443	1347	0	67618
7415	629	140	1086	65577	0	67432
7416	66005	125	406	1718	0	68254
7417	1269	65486	348	698	0	67801
7418	67366	1047	302	802	0	69517
7419	1440	343	241	68345	0	70369
7420	571	70214	316	1490	0	72591
7421	585	1297	219	71081	0	73182
7422	596	430	209	72546	0	73781
7423	393	71227	248	1874	0	73742
7424	649	1411	188	73395	0	75643
7425	615	449	191	75185	0	76440
7426	616	310	180	77890	0	78996
7427	425	289	77593	2365	0	80672
7428	335	76848	1704	1083	0	79970
7429	78475	1692	532	1002	0	81701
7430	2063	543	370	80547	0	83523
7431	642	86265	298	2124	0	89329
7432	91537	2051	231	1219	0	95038
7433	2667	645	236	92500	0	96048
7434	1153	517	150	93662	0	95482
7435	1047	416	142	92133	0	93738
7436	905	340	125	91539	0	92909
7437	89517	333	139	3919	0	93908
7438	2891	249	144	91407	0	94691
7439	1291	238	146	93325	0	95000
7440	91071	189	182	4153	0	95595
7441	2951	243	181	92321	0	95696
7442	1191	315	90202	3621	0	95329
7443	1137	276	2258	91793	0	95464
7444	88884	234	696	3768	0	93582
7445	2995	320	420	90245	0	93980
7446	1216	326	89053	3543	0	94138
7447	887	272	85762	1916	0	88837
7448	88517	218	3064	1819	0	93618
7449	94037	218	1139	1803	0	97197
7450	95364	197	685	1525	0	97771
7451	95677	223	602	1363	0	97865
7452	4032	279	93164	917	0	98392
7453	2201	162	2646	92740	0	97749
7454	1884	175	942	96281	0	99282
7455	95190	168	626	4059	0	100043
7456	3475	152	632	96336	0	100595
7457	1465	181	94353	3649	0	99648
7458	1329	182	2651	95463	0	99625
7459	940	167	95341	3838	0	100286
7460	798	94750	2917	1925	0	100390
7461	97491	2389	1211	1700	0	102791
7462	3453	705	760	97852	0	102770
7463	1475	451	96205	3452	0	101583
7464	1409	357	2872	96669	0	101307
7465	1311	299	1176	102054	0	104840
7466	903	372	100912	4297	0	106484
7467	1148	258	3159	101923	0	106488
7468	100608	215	1369	4775	0	106967
7469	3377	345	90133	2486	0	96341
7470	92433	234	2645	2218	0	97530
7471	3506	93485	1308	1751	0	100050
7472	1805	2536	94000	1496	0	99837
7473	1333	1044	94585	1398	0	98360
7474	2090	1687	3965	75706	0	83448
7475	1374	545	1655	88780	0	92354
7476	946	477	88953	3902	0	94278
7477	963	381	3173	89406	0	93923
7478	90033	286	1556	4332	0	96207
7479	91883	214	1165	2779	0	96041
7480	3695	209	1102	89468	0	94474
7481	2045	260	871	89674	0	92850
7482	1487	89463	838	4212	0	96000
7483	91937	2424	807	2673	0	97841
7484	3767	955	721	92201	0	97644
7485	1826	93220	779	3934	0	99759
7486	94654	2802	776	2765	0	100997
7487	96237	1142	750	2449	0	100578
7488	4048	97406	684	2169	0	104307
7489	2426	3050	704	97814	0	103994
7490	2072	1199	679	99621	0	103571
7491	1724	854	95057	4986	0	102621
7492	1797	717	3108	95140	0	100762
7493	94664	653	1353	4960	0	101630
7494	4162	600	953	95111	0	100826
7495	2019	522	92158	5138	0	99837
7496	91731	460	3407	3428	0	99026
7497	4325	407	1669	94370	0	100771
7498	2339	466	92715	4925	0	100445
7499	2162	435	3539	93936	0	100072
7500	1893	433	93314	4927	0	100567
7501	2033	348	3780	93801	0	99962
7502	1925	358	1945	96714	0	100942
7503	92772	352	1486	5889	0	100499
7504	3668	92205	1635	3360	0	100868
7505	94199	2778	1454	3098	0	101529
7506	94141	1011	1311	2774	0	99237
7507	94437	627	1098	2656	0	98818
7508	5175	91518	1207	2087	0	99987
7509	3081	3072	91313	1819	0	99285
7510	2624	1337	3621	91694	0	99276
7511	93658	911	1831	4284	0	100684
7512	95627	755	1429	2654	0	100465
7513	5256	649	1363	92100	0	99368
7514	91780	709	1372	4843	0	98704
7515	4564	628	89643	3126	0	97961
7516	88647	523	3614	2892	0	95676
7517	4914	499	89288	2419	0	97120
7518	3054	87673	3660	2221	0	96608
7519	88985	2767	1978	2119	0	95849
7520	87037	1143	1573	2086	0	91839
7521	4821	85614	1630	1763	0	93828
7522	86497	3039	1341	1937	0	92814
7523	86134	1378	1331	1889	0	90732
7524	4803	986	82559	1773	0	90121
7525	79855	803	3058	1952	0	85668
7526	4255	688	78597	1548	0	85088
7527	2631	1021	2761	72214	0	78627
7528	2077	74309	1657	2864	0	80907
7529	2116	2189	74283	1692	0	80280
7530	66607	2212	3389	2607	0	74815
7531	65041	821	1369	1445	0	68676
7532	2863	566	829	60834	0	65092
7533	1718	483	60445	1886	0	64532
7534	1496	564	1772	60126	0	63958
7535	60684	398	986	2148	0	64216
7536	2359	60621	760	1203	0	64943
7537	60897	1476	692	1054	0	64119
7538	61627	616	522	1083	0	63848
7539	2663	59795	654	788	0	63900
7540	1642	1538	503	60805	0	64488
7541	62039	702	572	1913	0	65226
7542	2493	524	521	61768	0	65306
7543	1646	590	558	64342	0	67136
7544	1355	525	63899	2144	0	67923
7545	1371	485	1609	63445	0	66910
7546	1348	411	763	64743	0	67265
7547	63582	435	480	2624	0	67121
7548	64026	308	592	1433	0	66359
7549	2884	400	511	63576	0	67371
7550	1644	349	61299	2256	0	65548
7551	1416	354	59649	1313	0	62732
7552	1399	413	2152	60579	0	64543
7553	1224	336	63319	2277	0	67156
7554	1221	486	2007	62057	0	65771
7555	1092	383	1133	61954	0	64562
7556	62908	313	876	2588	0	66685
7557	2224	289	61648	1395	0	65556
7558	60379	259	1786	1432	0	63856
7559	61444	192	1036	1362	0	64034
7560	2584	235	59163	1133	0	63115
7561	1449	270	58689	969	0	61377
7562	1473	1886	1854	55224	0	60437
7563	1246	53400	1076	1528	0	57250
7564	1230	55403	732	938	0	58303
7565	1246	1413	510	51537	0	54706
7566	998	494	490	49305	0	51287
7567	819	339	452	52689	0	54299
7568	747	212	431	53648	0	55038
7569	51585	261	433	2014	0	54293
7570	1476	263	479	52164	0	54382
7571	771	222	51029	1832	0	53854
7572	778	174	1274	49779	0	52005
7573	796	49232	557	1572	0	52157
7574	871	929	403	50599	0	52802
7575	50365	278	424	1566	0	52633
7576	1544	202	528	51144	0	53418
7577	753	228	50648	1479	0	53108
7578	500	48674	1321	882	0	51377
7579	538	1026	670	50088	0	52322
7580	49605	351	448	1710	0	52114
7581	50434	252	363	1089	0	52138
7582	1707	245	282	51134	0	53368
7583	901	227	47458	1431	0	50017
7584	811	284	44097	694	0	45886
7585	45486	145	1280	768	0	47679
7586	1503	151	47562	517	0	49733
7587	604	121	46463	464	0	47652
7588	585	430	949	43413	0	45377
7589	46961	94	368	1142	0	48565
7590	45622	72	325	689	0	46708
7591	46137	61	264	600	0	47062
7592	1113	145	47872	320	0	49450
7593	575	123	49400	377	0	50475
7594	359	52867	903	377	0	54506
7595	399	633	422	52322	0	53776
7596	362	189	383	54019	0	54953
7597	451	149	283	50509	0	51392
7598	364	77	358	53810	0	54609
7599	352	78	53236	1207	0	54873
7600	381	52718	829	708	0	54636
7601	56115	653	442	687	0	57897
7602	62619	217	443	625	0	63904
7603	64225	105	406	651	0	65387
7604	1850	65100	392	457	0	67799
7605	747	1401	417	65994	0	68559
7606	69653	335	337	1984	0	72309
7607	1806	72926	322	825	0	75879
7608	72520	1666	230	842	0	75258
7609	2001	72801	275	488	0	75565
7610	73640	1867	276	548	0	76331
7611	75139	645	335	553	0	76672
7612	2702	440	333	74485	0	77960
7613	1360	338	276	78048	0	80022
7614	835	335	76524	2546	0	80240
7615	690	419	73137	1109	0	75355
7616	75435	285	2488	973	0	79181
7617	79633	302	952	787	0	81674
7618	3101	337	582	76868	0	80888
7619	1616	252	428	78747	0	81043
7620	1008	226	76596	3045	0	80875
7621	996	253	2123	76083	0	79455
7622	693	301	76245	3010	0	80249
7623	956	321	2341	76772	0	80390
7624	863	327	971	79974	0	82135
7625	77996	272	694	3601	0	82563
7626	78715	289	523	1946	0	81473
7627	3275	279	409	78208	0	82171
7628	1783	246	429	79605	0	82063
7629	1122	264	77115	3475	0	81976
7630	1112	232	2314	77870	0	81528
7631	871	241	77913	3241	0	82266
7632	76412	295	2617	1861	0	81185
7633	2963	276	1139	79260	0	83638
7634	78635	222	805	3327	0	82989
7635	3031	77483	729	1754	0	82997
7636	79828	2107	686	1604	0	84225
7637	3226	859	755	79139	0	83979
7638	1864	562	733	79223	0	82382
7639	1356	78566	692	3294	0	83908
7640	1496	2217	550	80274	0	84537
7641	1089	961	78527	3322	0	83899
7642	1352	573	2395	79096	0	83416
7643	928	396	76617	3422	0	81363
7644	760	74219	2619	1909	0	79507
7645	897	2036	1370	75937	0	80240
7646	755	811	75284	3022	0	79872
7647	789	564	73055	1724	0	76132
7648	928	462	2839	73865	0	78094
7649	73172	299	1436	3067	0	77974
7650	2382	342	73072	1764	0	77560
7651	1364	229	2384	72767	0	76744
7652	73724	276	1271	3216	0	78487
7653	2367	71365	983	1861	0	76576
7654	76218	2005	747	1829	0	80799
7655	2894	818	637	76375	0	80724
7656	1576	569	585	77812	0	80542
7657	1283	415	534	79756	0	81988
7658	77801	394	582	4082	0	82859
7659	2756	332	567	79375	0	83030
7660	1522	262	685	81426	0	83895
7661	77283	317	696	4084	0	82380
7662	2751	367	76582	2244	0	81944
7663	1617	327	2455	77877	0	82276
7664	1239	373	77389	3257	0	82258
7665	75094	379	2626	2119	0	80218
7666	3127	387	1220	78066	0	82800
7667	1740	462	78217	3186	0	83605
7668	74307	456	2440	2221	0	79424
7669	78627	438	1181	1938	0	82184
7670	3470	481	81326	1567	0	86844
7671	2156	482	2433	80810	0	85881
7672	1489	405	1333	84192	0	87419
7673	1171	419	84117	3813	0	89520
7674	1073	82173	2618	2379	0	88243
7675	1178	2149	84026	1729	0	89082
7676	79133	936	2910	1961	0	84940
7677	2683	611	87189	1671	0	92154
7678	82121	362	3086	1870	0	87439
7679	3088	367	87357	1423	0	92235
7680	83616	239	3127	1740	0	88722
7681	3110	87536	1820	1451	0	93917
7682	1987	2008	1320	87218	0	92533
7683	1636	843	1115	91231	0	94825
7684	1370	645	89687	3657	0	95359
7685	1396	483	2676	86100	0	90655
7686	1149	86967	1421	3406	0	92943
7687	86263	2005	1147	2331	0	91746
7688	2615	86809	947	1998	0	92369
7689	1561	2161	911	88323	0	92956
7690	88307	862	930	3513	0	93612
7691	2918	89015	873	2114	0	94920
7692	87232	2353	923	1867	0	92375
7693	3394	1065	88993	1419	0	94871
7694	2060	735	2791	89076	0	94662
7695	1711	495	1481	90880	0	94567
7696	1330	502	1205	94217	0	97254
7697	92066	440	1025	4359	0	97890
7698	92084	495	953	2547	0	96079
7699	93274	442	906	1958	0	96580
7700	92929	454	800	1834	0	96017
7701	4042	455	87196	1282	0	92975
7702	75648	299	1719	1075	0	78741
7703	2548	77518	1078	780	0	81924
7704	1437	78702	752	628	0	81519
7705	79549	1721	1979	1035	0	84284
7706	79614	656	846	791	0	81907
7707	1895	304	312	76201	0	78712
7708	77573	219	323	1629	0	79744
7709	77008	231	254	935	0	78428
7710	83771	154	270	766	0	84961
7711	2390	168	237	82716	0	85511
7712	1004	80744	261	1576	0	83585
7713	630	83286	229	603	0	84748
7714	643	1628	231	83257	0	85759
7715	82305	480	186	1669	0	84640
7716	1330	82995	196	674	0	85195
7717	763	1305	146	83010	0	85224
7718	486	513	83294	1324	0	85617
7719	74700	288	1199	1024	0	77211
7720	1521	82514	429	424	0	84888
7721	657	85248	294	290	0	86489
7722	83518	1451	163	615	0	85747
7723	1554	512	85400	290	0	87756
7724	894	290	1223	82735	0	85142
7725	482	85249	406	1205	0	87342
7726	590	1299	278	86852	0	89019
7727	662	420	174	86408	0	87664
7728	621	70382	390	1614	0	73007
7729	578	1298	158	89369	0	91403
7730	601	531	129	90326	0	91587
7731	88745	333	165	1974	0	91217
7732	1466	86930	183	791	0	89370
7733	87937	1404	125	689	0	90155
7734	1725	537	133	87198	0	89593
7735	700	87834	148	1434	0	90116
7736	652	1413	86325	539	0	88929
7737	738	643	1269	86749	0	89399
7738	667	409	403	91116	0	92595
7739	414	397	91502	1854	0	94167
7740	85560	349	1455	1049	0	88413
7741	1891	295	470	99921	0	102577
7742	99963	283	279	2548	0	103073
7743	2237	360	97337	884	0	100818
7744	1123	296	1898	99426	0	102743
7745	849	346	104940	2459	0	108594
7746	839	365	2281	105661	0	109146
7747	707	335	772	109752	0	111566
7748	108292	302	596	3260	0	112450
7749	2235	108737	345	1428	0	112745
7750	109825	2249	274	1296	0	113644
7751	2810	853	109482	620	0	113765
7752	1348	663	2170	110047	0	114228
7753	880	455	113542	2473	0	117350
7754	96226	383	2736	1701	0	101046
7755	110296	308	922	1366	0	112892
7756	3056	314	110145	622	0	114137
7757	107061	290	2323	1013	0	110687
7758	112999	261	965	910	0	115135
7759	3351	232	758	110497	0	114838
7760	1683	318	107864	2529	0	112394
7761	1109	340	109408	1227	0	112084
7762	1090	236	2865	111923	0	116114
7763	1131	230	1332	111173	0	113866
7764	734	108656	956	3076	0	113422
7765	702	113897	703	1598	0	116900
7766	113635	2624	596	1479	0	118334
7767	2901	1171	572	112421	0	117065
7768	1257	108984	626	2759	0	113626
7769	1058	115003	619	1328	0	118008
7770	108921	2778	576	1444	0	113719
7771	2917	1224	557	110529	0	115227
7772	1321	110505	525	2827	0	115178
7773	1474	2505	498	111061	0	115538
7774	1164	1068	518	111764	0	114514
7775	1190	765	501	111685	0	114141
7776	107911	546	562	4197	0	113216
7777	2762	106601	530	1965	0	111858
7778	1648	2405	563	107688	0	112304
7779	1425	998	566	108851	0	111840
7780	1240	845	577	109477	0	112139
7781	991	629	103252	3800	0	108672
7782	97743	561	2512	2346	0	103162
7783	2958	509	1191	104958	0	109616
7784	102982	445	979	3516	0	107922
7785	103695	494	686	2026	0	106901
7786	103390	508	677	1836	0	106411
7787	3839	532	100842	1254	0	106467
7788	1898	100308	2509	1234	0	105949
7789	1652	2440	1071	99986	0	105149
7790	1077	1105	99772	2834	0	104788
7791	949	1027	95176	1579	0	98731
7792	1123	1179	2626	93012	0	97940
7793	780	92869	1329	2576	0	97554
7794	94281	2159	876	1916	0	99232
7795	95057	981	646	1897	0	98581
7796	96405	944	520	1594	0	99463
7797	95896	651	459	1528	0	98534
7798	3334	629	93961	1250	0	99174
7799	91381	578	2044	1506	0	95509
7800	2948	95580	1008	1111	0	100647
7801	1679	2134	817	97815	0	102445
7802	1542	926	614	100095	0	103177
7803	98636	741	644	3543	0	103564
7804	2941	489	618	99045	0	103093
7805	1633	486	93937	3135	0	99191
7806	88554	372	2208	2029	0	93163
7807	93387	368	1073	1845	0	96673
7808	93006	429	1024	1549	0	96008
7809	3641	474	89859	1038	0	95012
7810	81888	323	1964	1357	0	85532
7811	2740	84171	1087	999	0	88997
7812	86220	1657	990	1174	0	90041
7813	2777	806	804	84075	0	88462
7814	1508	746	632	84460	0	87346
7815	1253	83114	618	2444	0	87429
7816	1111	1878	512	83797	0	87298
7817	1030	83233	554	2264	0	87081
7818	1160	2051	513	82345	0	86069
7819	988	81575	487	2243	0	85293
7820	1028	2041	410	81839	0	85318
7821	914	81757	448	2268	0	85387
7822	1153	2065	360	84823	0	88401
7823	929	85369	396	2430	0	89124
7824	92602	2321	349	1678	0	96950
7825	3108	995	313	95543	0	99959
7826	1655	994	325	97313	0	100287
7827	1520	555	292	103543	0	105910
7828	1229	577	314	104697	0	106817
7829	921	589	102632	5034	0	109176
7830	1226	470	2970	104152	0	108818
7831	1156	419	1196	107494	0	110265
7832	103987	434	776	5069	0	110266
7833	103540	419	541	2851	0	107351
7834	4375	104641	541	1762	0	111319
7835	2729	2964	395	105311	0	111399
7836	1920	1280	384	115361	0	118945
7837	117793	895	401	5560	0	124649
7838	4688	730	106149	2666	0	114233
7839	109248	544	2996	2241	0	115029
7840	4733	113574	1319	1502	0	121128
7841	106962	3128	580	1162	0	111832
7842	107045	1275	368	1170	0	109858
7843	4777	103342	426	736	0	109281
7844	2224	108270	353	709	0	111556
7845	2027	4420	254	99705	0	106406
7846	1028	1723	98861	3150	0	104762
7847	95842	867	2868	1778	0	101355
7848	3450	690	98653	956	0	103749
7849	95032	536	3211	1021	0	99800
7850	3710	450	98226	635	0	103021
7851	1771	96707	3356	588	0	102422
7852	1501	2983	1511	96983	0	102978
7853	94544	1267	796	3316	0	99923
7854	97724	853	575	1647	0	100799
7855	4858	528	426	96959	0	102771
7856	99850	536	415	3668	0	104469
7857	100297	616	344	1959	0	103216
7858	4776	97266	373	1182	0	103597
7859	99835	3106	342	1196	0	104479
7860	4373	100022	489	755	0	105639
7861	2568	3507	382	100623	0	107080
7862	98599	1458	422	3844	0	104323
7863	102278	908	355	1855	0	105396
7864	102291	821	336	1299	0	104747
7865	5376	736	99099	736	0	105947
7866	2547	687	101111	764	0	105109
7867	2153	461	4207	101543	0	108364
7868	1981	471	1640	107040	0	111132
7869	1438	113675	934	4614	0	120661
7870	115538	4006	653	2218	0	122415
7871	5225	1871	611	115208	0	122915
7872	2824	1187	511	119886	0	124408
7873	1740	859	116706	6063	0	125368
7874	1398	111036	4087	2922	0	119443
7875	1339	119981	1690	1888	0	124898
7876	1865	5151	887	119989	0	127892
7877	119084	2284	669	5363	0	127400
7878	5332	1210	788	119477	0	126807
7879	2739	899	881	124484	0	129003
7880	120906	907	741	7029	0	129583
7881	124114	952	640	3827	0	129533
7882	6857	896	508	122606	0	130867
7883	3537	981	119672	5816	0	130006
7884	2787	721	4188	122909	0	130605
7885	2296	660	1870	126516	0	131342
7886	122879	681	1148	7958	0	132666
7887	5899	661	922	124952	0	132434
7888	124049	789	798	7291	0	132927
7889	6295	886	123846	4119	0	135146
7890	3753	740	4644	128443	0	137580
7891	3029	698	2116	132540	0	138383
7892	2504	731	1231	135288	0	139754
7893	2494	698	977	133731	0	137900
7894	2831	714	931	131177	0	135653
7895	2125	864	123669	9038	0	135696
7896	122926	811	4984	5355	0	134076
7897	6257	763	2522	126661	0	136203
7898	3350	796	122959	7629	0	134734
7899	2626	832	124522	4826	0	132806
7900	2739	743	6424	125150	0	135056
7901	124199	782	3108	7405	0	135494
7902	126280	944	1991	4539	0	133754
7903	130469	1057	1703	3586	0	136815
7904	8894	1033	1515	120586	0	132028
7905	4755	124289	1485	6962	0	137491
7906	128935	4944	1483	4885	0	140247
7907	132024	2501	1343	3909	0	139777
7908	133189	1693	1387	3420	0	139689
7909	133754	1276	1377	3051	0	139458
7910	9691	1248	1390	127479	0	139808
7911	5547	1169	125230	7090	0	139036
7912	4400	1083	5526	127394	0	138403
7913	3599	1105	126296	7837	0	138837
7914	126154	869	5718	5067	0	137808
7915	131299	773	2791	4137	0	139000
7916	9230	782	125350	3528	0	138890
7917	126615	608	5521	3829	0	136573
7918	135537	655	3006	3937	0	143135
7919	9441	765	2186	129159	0	141551
7920	5735	128852	1771	6980	0	143338
7921	133774	4729	1500	4516	0	144519
7922	8459	2773	1399	126013	0	138644
7923	5224	123431	1429	6738	0	136822
7924	3940	4168	1258	123010	0	132376
7925	2939	1779	119929	6653	0	131300
7926	2902	120799	4114	4249	0	132064
7927	116560	3968	2171	3705	0	126404
7928	117265	1866	1847	3226	0	124204
7929	115484	1032	1384	2661	0	120561
7930	117253	693	1322	2864	0	122132
7931	6591	1047	1267	111552	0	120457
7932	3953	110903	1296	4873	0	121025
7933	103356	3251	1324	3552	0	111483
7934	5282	1615	108951	2491	0	118339
7935	3590	105449	3604	2232	0	114875
7936	2908	2667	100340	1967	0	107882
7937	2546	1335	2802	91429	0	98112
7938	2326	75547	1647	3178	0	82698
7939	2144	2298	1118	95489	0	101049
7940	2186	1330	100221	3307	0	107044
7941	2471	869	2611	95611	0	101562
7942	2373	712	1378	102307	0	106770
7943	2249	674	1050	104868	0	108841
7944	101041	599	940	4355	0	106935
7945	3632	99945	962	2822	0	107361
7946	2487	2303	966	102607	0	108363
7947	100068	1037	1074	3896	0	106075
7948	3482	100292	1188	2569	0	107531
7949	101048	2286	1070	2421	0	106825
7950	3941	1205	101234	1981	0	108361
7951	2945	1021	2575	97955	0	104496
7952	2461	100718	1461	3083	0	107723
7953	101646	2438	1212	2215	0	107511
7954	4030	1387	98791	1759	0	105967
7955	2869	88615	2597	1665	0	95746
7956	2345	2393	1264	97599	0	103601
7957	2045	1325	1064	100031	0	104465
7958	98283	1130	890	3666	0	103969
7959	3433	1045	821	97597	0	102896
7960	2318	995	95355	3093	0	101761
7961	2234	877	2007	93491	0	98609
7962	1832	887	97599	2787	0	103105
7963	2076	1031	2162	92002	0	97271
7964	1927	96195	1214	2545	0	101881
7965	97120	1964	910	1908	0	101902
7966	95111	1080	693	1648	0	98532
7967	3222	90445	786	1213	0	95666
7968	1542	88342	598	855	0	91337
7969	1754	1261	681	84516	0	88212
7970	83796	507	413	1544	0	86260
7971	1596	429	321	83361	0	85707
7972	82626	317	303	1406	0	84652
7973	1378	79756	273	557	0	81964
7974	851	863	263	82970	0	84947
7975	756	478	83653	917	0	85804
7976	838	387	794	81843	0	83862
7977	729	402	338	84856	0	86325
7978	86389	317	252	1516	0	88474
7979	1035	87038	250	709	0	89032
7980	615	882	184	88834	0	90515
7981	87881	431	208	1380	0	89900
7982	1007	430	88088	540	0	90065
7983	84077	232	760	829	0	85898
7984	1222	433	332	89286	0	91273
7985	666	91380	272	794	0	93112
7986	90855	804	183	788	0	92630
7987	1194	348	93046	390	0	94978
7988	662	318	88503	284	0	89767
7989	445	90868	848	343	0	92504
7990	89111	540	554	414	0	90619
7991	596	174	141	89737	0	90648
7992	356	128	75	88071	0	88630
7993	90009	52	73	1091	0	91225
7994	729	96	89713	427	0	90965
7995	457	91	665	90861	0	92074
7996	274	160	95533	760	0	96727
7997	335	70	814	94388	0	95607
7998	126	94580	340	834	0	95880
7999	248	776	187	98701	0	99912
8000	151	372	96846	920	0	98289
8001	91744	176	863	753	0	93536
8002	972	96	355	99348	0	100771
8003	442	155	98800	1000	0	100397
8004	447	110	919	95900	0	97376
8005	337	85	404	98817	0	99643
8006	194	135	96492	1315	0	98136
8007	225	167	93756	634	0	94782
8008	398	116	1208	98413	0	100135
8009	161	142	99798	1140	0	101241
8010	95191	76	1234	827	0	97328
8011	1088	90	511	101157	0	102846
8012	99785	98	370	1499	0	101752
8013	1163	133	99285	594	0	101175
8014	712	71	1101	100398	0	102282
8015	394	130	106531	1158	0	108213
8016	227	102928	1289	691	0	105135
8017	270	946	105081	439	0	106736
8018	329	423	98194	362	0	99308
8019	95668	198	1539	712	0	98117
8020	101891	121	733	727	0	103472
8021	1448	219	106099	328	0	108094
8022	1037	142	1286	98690	0	101155
8023	776	115	653	101345	0	102889
8024	337	108	107737	1515	0	109697
8025	251	102134	1373	998	0	104756
8026	100336	1061	635	869	0	102901
8027	1274	451	107680	351	0	109756
8028	858	233	1352	106725	0	109168
8029	653	164	656	110413	0	111886
8030	112756	127	497	1998	0	115378
8031	113145	133	440	1226	0	114944
8032	113351	109	414	990	0	114864
8033	114757	109	367	788	0	116021
8034	1975	121	381	113510	0	115987
8035	931	203	118395	1377	0	120906
8036	909	114	1404	117029	0	119456
8037	776	118	695	118309	0	119898
8038	666	97	515	123873	0	125151
8039	437	221	121593	2195	0	124446
8040	110859	97	1561	1317	0	113834
8041	2070	102	722	120814	0	123708
8042	919	139	126052	1931	0	129041
8043	678	127842	1733	1071	0	131324
8044	779	1442	796	131896	0	134913
8045	742	499	614	134171	0	136026
8046	131401	261	445	2939	0	135046
8047	1851	132912	451	1294	0	136508
8048	884	1671	133542	839	0	136936
8049	939	617	1905	130632	0	134093
8050	724	352	843	133616	0	135535
8051	132025	197	583	2899	0	135704
8052	130866	214	517	1608	0	133205
8053	2522	247	482	134813	0	138064
8054	134043	179	425	2653	0	137300
8055	2189	131933	456	1272	0	135850
8056	1115	1667	140744	870	0	144396
8057	1179	704	1887	138965	0	142735
8058	847	390	879	145397	0	147513
8059	868	225	593	146304	0	147990
8060	860	224	447	143018	0	144549
8061	622	140067	468	2853	0	144010
8062	139325	1731	445	1794	0	143295
8063	2280	656	454	141385	0	144775
8064	1058	146819	443	2333	0	150653
8065	149029	1812	426	1866	0	153133
8066	147777	733	426	1524	0	150460
8067	2487	152287	429	1063	0	156266
8068	1522	1938	333	156749	0	160542
8069	1109	783	348	158447	0	160687
8070	1042	553	370	153213	0	155178
8071	917	438	358	157879	0	159592
8072	160345	350	366	3628	0	164689
8073	162324	320	349	2293	0	165286
8074	3394	165090	362	1337	0	170183
8075	1600	2897	165913	1010	0	171420
8076	1363	1044	2839	167284	0	172530
8077	170172	608	962	4053	0	175795
8078	3389	163822	630	1872	0	169713
8079	1427	168404	471	1274	0	171576
8080	172808	3661	345	1532	0	178346
8081	176436	1362	314	1415	0	179527
8082	5133	865	330	174206	0	180534
8083	1996	702	178118	3936	0	184752
8084	1472	791	172364	1898	0	176525
8085	184921	540	4147	2039	0	191647
8086	196444	507	1472	1819	0	200242
8087	195254	551	760	1436	0	198001
8088	193985	569	690	1309	0	196553
8089	194537	470	567	1416	0	196990
8090	5279	195637	582	1063	0	202561
8091	3032	3350	530	192421	0	199333
8092	1605	205166	615	3155	0	210541
8093	209827	3473	698	2069	0	216067
8094	205250	1393	474	1841	0	208958
8095	206200	759	348	1486	0	208793
8096	208224	608	339	1396	0	210567
8097	4960	203824	510	784	0	210078
8098	206025	3121	350	1300	0	210796
8099	4307	206207	396	819	0	211729
8100	2527	3645	284	209213	0	215669
8101	208259	1258	255	4009	0	213781
8102	4320	960	211436	1371	0	218087
8103	2791	729	2779	205626	0	211925
8104	2144	732	862	212643	0	216381
8105	1530	870	212980	3943	0	219323
8106	1327	212276	2995	1661	0	218259
8107	214885	3294	1035	1734	0	220948
8108	214051	1210	634	1667	0	217562
8109	4444	211918	617	1482	0	218461
8110	2467	3359	560	214667	0	221053
8111	1879	1521	221593	3321	0	228314
8112	1386	227771	3105	1612	0	233874
8113	226766	3445	1068	2098	0	233377
8114	3985	1659	227067	946	0	233657
8115	207219	1030	2992	1532	0	212773
8116	223660	904	1050	1429	0	227043
8117	4816	894	231336	807	0	237853
8118	2236	229736	3195	950	0	236117
8119	2421	3313	1345	222450	0	229529
8120	1697	1403	237002	3105	0	243207
8121	217532	909	3224	2045	0	223710
8122	232982	751	1172	1626	0	236531
8123	4551	234205	795	844	0	240395
8124	2601	3046	672	235427	0	241746
8125	2122	1313	591	240904	0	244930
8126	1654	1161	239996	3610	0	246421
8127	1347	238157	3060	1676	0	244240
8128	246410	3244	1109	2199	0	252962
8129	246977	1239	733	1877	0	250826
8130	248574	970	600	1716	0	251860
8131	4727	1114	243953	752	0	250546
8132	234344	743	2889	1638	0	239614
8133	248255	811	1126	1445	0	251637
8134	4770	805	804	249841	0	256220
8135	2310	912	243175	2882	0	249279
8136	2357	793	2793	239776	0	245719
8137	1956	802	243944	3188	0	249890
8138	2096	807	2815	235823	0	241541
8139	1437	236120	1435	3127	0	242119
8140	1344	246128	914	1347	0	249733
8141	1541	3120	821	251460	0	256942
8142	1845	1371	743	236939	0	240898
8143	241605	889	602	4243	0	247339
8144	3435	910	238829	1401	0	244575
8145	222964	667	2709	1985	0	228325
8146	3363	240852	1086	1079	0	246380
8147	242823	2723	770	1650	0	247966
8148	242839	1198	692	1578	0	246307
8149	4017	794	683	242832	0	248326
8150	2200	724	247733	2709	0	253366
8151	2158	588	2731	245846	0	251323
8152	1538	256120	1218	2693	0	261569
8153	1730	3121	780	260186	0	265817
8154	1476	1339	638	264512	0	267965
8155	257491	921	536	5007	0	263955
8156	4098	667	544	254022	0	259331
8157	1940	247096	678	3783	0	253497
8158	1917	3082	494	254308	0	259801
8159	254524	1255	416	4922	0	261117
8160	3726	254150	613	1837	0	260326
8161	2039	3490	426	262034	0	267989
8162	1801	1422	483	263015	0	266721
8163	1690	957	507	270586	0	273740
8164	1599	839	427	267139	0	270004
8165	267937	714	443	6904	0	275998
8166	5372	650	433	272857	0	279312
8167	2787	776	424	277857	0	281844
8168	2188	890	450	281401	0	284929
8169	1133	282740	597	7613	0	292083
8170	277767	5409	474	4821	0	288471
8171	6453	2088	280193	2431	0	291165
8172	2340	275383	4985	1950	0	284658
8173	266973	5040	1622	2504	0	276139
8174	5663	2059	273051	1071	0	281844
8175	2087	269827	4762	1073	0	277749
8176	2559	6142	1921	261986	0	272608
8177	1261	271611	1273	4148	0	278293
8178	1009	5135	265839	1747	0	273730
8179	1067	2330	261657	1548	0	266602
8180	598	265457	5368	1146	0	272569
8181	261891	4630	2247	2076	0	270844
8182	259299	1893	1391	2089	0	264672
8183	5124	1552	250472	709	0	257857
8184	2483	1193	227878	566	0	232120
8185	1673	884	240270	437	0	243264
8186	1879	691	6025	235720	0	244315
8187	1718	631	2752	233778	0	238879
8188	1398	490	1745	246094	0	249727
8189	750	585	247707	6081	0	255123
8190	1537	512	4792	230870	0	237711
8191	1173	473	2098	242631	0	246375
8192	521	539	235398	6568	0	243026
8193	221045	519	5196	4226	0	230986
8194	5420	496	2117	242912	0	250945
8195	2911	475	1592	241059	0	246037
8196	1494	243682	1411	6687	0	253274
8197	243179	4744	1314	4546	0	253783
8198	5497	2098	242620	2379	0	252594
8199	236233	1356	5429	2642	0	245660
8200	7013	1049	2339	241589	0	251990
8201	2994	1130	243935	6156	0	254215
8202	2795	884	5831	239140	0	248650
8203	240481	838	2857	7769	0	251945
8204	6094	868	239318	3386	0	249666
8205	231338	580	6297	3574	0	241789
8206	239489	623	3106	3086	0	246304
8207	242024	539	2300	2888	0	247751
8208	8431	235493	1973	2001	0	247898
8209	5001	5141	1461	240528	0	252131
8210	243550	2207	1466	7087	0	254310
8211	241483	1475	1473	3887	0	248318
8212	244263	1112	1293	3169	0	249837
8213	10072	1001	231505	1889	0	244467
8214	243151	940	6091	2433	0	252615
8215	10028	808	2920	257558	0	271314
8216	4902	844	255278	8443	0	269467
8217	4688	671	8173	258989	0	272521
8218	3968	592	3450	264607	0	272617
8219	2853	765	263916	12054	0	279588
8220	3596	607	9754	263988	0	277945
8221	3454	640	4418	272794	0	281306
8222	2145	1010	310984	14033	0	328172
8223	324491	797	12204	8851	0	346343
8224	366530	522	6631	6603	0	380286
8225	20327	611	5327	372973	0	399238
8226	11120	843	369964	16402	0	398329
8227	10735	668	16591	355494	0	383488
8228	8474	355701	8072	18839	0	391086
8229	9814	12854	6061	360048	0	388777
8230	7554	5506	5405	377626	0	396091
8231	363057	4112	5556	27617	0	400342
8232	364399	3419	5140	18962	0	391920
8233	377336	3826	4673	15145	0	400980
8234	26677	3481	3634	367082	0	400874
8235	17312	2956	2556	380387	0	403211
8236	14020	2548	357958	27645	0	402171
8237	15385	1733	15249	349482	0	381849
8238	13093	353229	7579	24750	0	398651
8239	362222	13783	5960	17862	0	399827
8240	20787	353148	5858	15947	0	395740
8241	360467	17225	5823	14610	0	398125
8242	23471	9601	5309	336528	0	374909
8243	13186	351000	4937	21995	0	391118
8244	354806	19283	4249	14868	0	393206
8245	364160	11839	3569	12246	0	391814
8246	29701	9583	3215	345264	0	387763
8247	18704	348434	3397	21813	0	392348
8248	16204	19541	2941	353152	0	391838
8249	13667	10873	341978	25135	0	391653
8250	337276	8710	15710	16440	0	378136
8251	23687	341191	8061	14384	0	387323
8252	338794	19031	6098	12660	0	376583
8253	25739	10808	5256	336148	0	377951
8254	342851	9280	5867	23341	0	381339
8255	27223	7431	340101	14012	0	388767
8256	356517	6644	17592	13400	0	394153
8257	363816	6801	9432	11417	0	391466
8258	34068	5804	349008	11351	0	400231
8259	26200	4551	19434	345762	0	395947
8260	22315	3501	11705	357753	0	395274
8261	348870	4566	10118	29329	0	392883
8262	29006	336529	9115	19572	0	394222
8263	19992	17647	8987	336909	0	383535
8264	16896	9052	324198	27590	0	377736
8265	14199	7987	322491	20440	0	365117
8266	14445	315028	20570	18035	0	368078
8267	14325	17562	315330	15953	0	363170
8268	303320	11141	21238	14915	0	350614
8269	22795	8525	14392	294084	0	339796
8270	304300	6933	12806	23184	0	347223
8271	23005	7278	300035	15456	0	345774
8272	16284	6944	22214	297683	0	343125
8273	15563	6864	13428	308528	0	344383
8274	14134	6628	295212	26680	0	342654
8275	15979	5583	19447	301549	0	342558
8276	291961	6734	12342	26866	0	337903
8277	304567	5210	10799	20179	0	340755
8278	27361	4660	9690	300133	0	341844
8279	297975	4778	9868	27431	0	340052
8280	303384	4819	8056	20698	0	336957
8281	31551	282523	7920	17478	0	339472
8282	26239	14403	6898	293364	0	340904
8283	301141	8164	5845	26992	0	342142
8284	31919	7107	6481	297808	0	343315
8285	298606	6222	6966	27852	0	339646
8286	30873	7476	6194	293187	0	337730
8287	22111	7166	281346	29298	0	339921
8288	19557	279627	16602	21970	0	337756
8289	20191	16483	9423	246874	0	292971
8290	19813	279073	8432	25010	0	332328
8291	283086	17952	8284	18773	0	328095
8292	26192	268285	8947	17427	0	320851
8293	19112	274574	8484	14832	0	317002
8294	17067	22163	7987	270326	0	317543
8295	268591	16520	7104	24740	0	316955
8296	23538	13763	5997	272462	0	315760
8297	269029	12678	5565	26826	0	314098
8298	268947	13194	5199	19228	0	306568
8299	27845	264104	5652	16962	0	314563
8300	274380	19936	6304	15747	0	316367
8301	279427	12551	6952	14882	0	313812
8302	282683	10785	6655	13146	0	313269
8303	36410	9327	251138	11558	0	308433
8304	27610	9334	15160	255396	0	307500
8305	26682	7827	8789	265820	0	309118
8306	22420	7333	238038	25381	0	293172
8307	263236	6759	16474	18650	0	305119
8308	272755	5068	12069	17818	0	307710
8309	272444	5069	10572	16802	0	304887
8310	264203	4600	9044	17429	0	295276
8311	33235	240566	8300	16091	0	298192
8312	256185	12825	6272	13225	0	288507
8313	35811	8088	5591	238209	0	287699
8314	28713	6807	197220	18734	0	251474
8315	227107	5464	10364	12552	0	255487
8316	29750	214792	6883	11073	0	262498
8317	213230	13007	5551	10150	0	241938
8318	25496	196916	4617	11329	0	238358
8319	18789	188829	4568	11511	0	223697
8320	17103	186266	4764	10904	0	219037
8321	15664	190121	4933	10262	0	220980
8322	12119	13231	136972	7763	0	170085
8323	9622	14396	7452	103520	0	134990
8324	4458	3045	88313	6016	0	101832
8325	69108	1795	3514	2889	0	77306
8326	4137	70063	1921	2334	0	78455
8327	2370	71866	1246	2276	0	77758
8328	2519	4115	1057	69143	0	76834
8329	2594	2715	662	70887	0	76858
8330	2049	2490	67981	3872	0	76392
8331	1912	2312	68286	2511	0	75021
8332	2248	1728	3186	68800	0	75962
8333	2092	1399	68821	3835	0	76147
8334	2344	68100	3033	2462	0	75939
8335	3054	2917	1606	64861	0	72438
8336	3046	1798	1135	73655	0	79634
8337	2853	1309	71463	4164	0	79789
8338	3204	942	2763	71157	0	78066
8339	72946	791	1650	3905	0	79292
8340	4476	922	1552	71688	0	78638
8341	2732	734	1369	72906	0	77741
8342	2033	666	69320	5499	0	77518
8343	66162	614	3242	3479	0	73497
8344	4473	69270	1902	2197	0	77842
8345	3921	2642	951	70377	0	77891
8346	3521	1358	69545	3506	0	77930
8347	3447	1137	2669	69977	0	77230
8348	71499	1418	1199	3688	0	77804
8349	4896	1423	69793	2284	0	78396
8350	3457	1233	2771	70408	0	77869
8351	2459	957	71642	4053	0	79111
8352	2509	70149	3199	2520	0	78377
8353	2582	3168	69839	1829	0	77418
8354	1976	67819	2978	1631	0	74404
8355	1140	2194	56157	759	0	60250
8356	1031	1727	1891	47189	0	51838
8357	507	49867	974	1398	0	52746
8358	48153	1418	465	876	0	50912
8359	1470	865	352	48990	0	51677
8360	50537	538	302	1565	0	52942
8361	1730	437	277	51856	0	54300
8362	1059	401	271	53689	0	55420
8363	52897	309	311	2120	0	55637
8364	53728	246	294	1236	0	55504
8365	2333	259	276	55246	0	58114
8366	1220	269	56129	1718	0	59336
8367	912	54852	1459	888	0	58111
8368	742	1471	56293	554	0	59060
8369	619	57436	1546	523	0	60124
8370	56689	1456	811	645	0	59601
8371	1735	772	55852	471	0	58830
8372	946	410	55699	440	0	57495
8373	763	325	1897	53853	0	56838
8374	55439	256	941	1758	0	58394
8375	1648	281	58540	880	0	61349
8376	1031	62380	1570	538	0	65519
8377	65555	1392	751	713	0	68411
8378	67310	677	467	687	0	69141
8379	68353	426	413	626	0	69818
8380	68908	404	400	535	0	70247
8381	68083	390	380	566	0	69419
8382	2287	350	66831	440	0	69908
8383	1294	522	1429	63467	0	66712
8384	782	63413	775	1209	0	66179
8385	66926	1279	496	852	0	69553
8386	1460	67610	438	463	0	69971
8387	64845	1161	294	519	0	66819
8388	64969	577	273	502	0	66321
8389	1587	64203	309	320	0	66419
8390	66143	1160	281	466	0	68050
8391	1602	553	240	65817	0	68212
8392	948	354	268	66792	0	68362
8393	688	275	65296	1463	0	67722
8394	525	65859	1111	801	0	68296
8395	631	1115	598	66439	0	68783
8396	552	552	439	68087	0	69630
8397	509	397	317	68626	0	69849
8398	420	331	65898	1681	0	68330
8399	61217	291	1196	998	0	63702
8400	1450	305	595	67243	0	69593
8401	68198	271	412	1480	0	70361
8402	1674	244	329	68250	0	70497
8403	872	286	69156	1520	0	71834
8404	677	267	66819	846	0	68609
8405	65365	234	1592	875	0	68066
8406	70352	210	791	710	0	72063
8407	1801	68394	513	414	0	71122
8408	947	1225	68293	397	0	70862
8409	855	587	1232	66108	0	68782
8410	1361	629	950	47490	0	50430
8411	70567	258	416	1879	0	73120
8412	70372	230	370	1049	0	72021
8413	70733	227	331	736	0	72027
8414	1897	256	69125	473	0	71751
8415	69522	215	1227	667	0	71631
8416	1741	214	645	71171	0	73771
8417	1022	219	446	71479	0	73166
8418	821	198	405	71901	0	73325
8419	619	70117	397	1714	0	72847
8420	69830	1141	311	1028	0	72310
8421	1606	598	297	69618	0	72119
8422	925	405	69337	1446	0	72113
8423	750	257	1260	68083	0	70350
8424	579	68982	679	1477	0	71717
8425	70450	1132	480	998	0	73060
8426	1618	550	356	69800	0	72324
8427	1050	401	295	69445	0	71191
8428	773	319	69393	1754	0	72239
8429	736	252	1216	68327	0	70531
8430	569	69143	653	1549	0	71914
8431	684	1159	378	71455	0	73676
8432	630	578	71110	1620	0	73938
8433	62098	373	1162	1220	0	64853
8434	69271	279	599	830	0	70979
8435	1662	70764	455	583	0	73464
8436	68852	908	265	633	0	70658
8437	70259	378	240	600	0	71477
8438	1466	69849	258	350	0	71923
8439	900	1160	173	70887	0	73120
8440	72233	381	182	1400	0	74196
8441	1193	73798	205	649	0	75845
8442	631	1056	74307	420	0	76414
8443	72554	371	1181	677	0	74783
8444	77952	281	381	606	0	79220
8445	78121	176	255	595	0	79147
8446	78422	169	190	554	0	79335
8447	1693	80191	185	327	0	82396
8448	82316	1074	177	606	0	84173
8449	83196	392	131	563	0	84282
8450	84305	259	152	528	0	85244
8451	2028	245	172	83546	0	85991
8452	83555	172	135	1651	0	85513
8453	1523	85832	187	583	0	88125
8454	783	1355	89504	405	0	92047
8455	845	604	1434	91352	0	94235
8456	92896	303	522	2062	0	95783
8457	2029	279	93622	629	0	96559
8458	1140	238	1714	93582	0	96674
8459	633	211	93819	1849	0	96512
8460	528	92621	1797	865	0	95811
8461	805	1701	646	91695	0	94847
8462	487	606	92266	1836	0	95195
8463	402	91761	1806	738	0	94707
8464	745	1837	638	92033	0	95253
8465	94347	495	419	2214	0	97475
8466	94583	299	364	1034	0	96280
8467	95988	310	237	807	0	97342
8468	95506	237	330	738	0	96811
8469	95360	207	273	724	0	96564
8470	2426	206	95074	390	0	98096
8471	94424	157	1616	686	0	96883
8472	99266	183	585	602	0	100636
8473	2504	192	394	98441	0	101531
8474	99119	235	356	1901	0	101611
8475	94884	228	243	975	0	96330
8476	2372	91036	317	490	0	94215
8477	1395	1555	281	92326	0	95557
8478	1169	518	196	93717	0	95600
8479	92757	245	206	2427	0	95635
8480	2313	90046	182	845	0	93386
8481	1140	93256	231	611	0	95238
8482	1192	1919	187	95160	0	98458
8483	1142	673	209	96412	0	98436
8484	1057	480	274	94224	0	96035
8485	901	406	216	97442	0	98965
8486	94201	254	156	3057	0	97668
8487	92880	308	134	1588	0	94910
8488	2762	354	94558	910	0	98584
8489	1580	294	1751	92756	0	96381
8490	1242	328	517	96139	0	98226
8491	806	318	93506	2709	0	97339
8492	87532	215	1920	1611	0	91278
8493	2337	92484	639	955	0	96415
8494	93860	1935	384	996	0	97175
8495	2641	733	371	93628	0	97373
8496	1164	472	95351	2403	0	99390
8497	1101	367	1903	96444	0	99815
8498	898	301	100729	2555	0	104483
8499	809	101179	1998	1280	0	105266
8500	100277	1819	867	1138	0	104101
8501	101072	606	506	948	0	103132
8502	2454	100391	555	693	0	104093
8503	1284	1820	454	99299	0	102857
8504	98486	680	370	2454	0	101990
8505	2291	97269	458	949	0	100967
8506	1312	2006	297	99294	0	102909
8507	100142	788	249	2472	0	103651
8508	2519	614	97078	973	0	101184
8509	94398	446	1739	1137	0	97720
8510	2240	99031	798	853	0	102922
8511	100594	1866	531	926	0	103917
8512	100482	757	483	946	0	102668
8513	2876	605	98927	552	0	102960
8514	1814	582	1751	95026	0	99173
8515	1354	436	676	100564	0	103030
8516	1121	483	99525	2447	0	103576
8517	1105	455	1908	96872	0	100340
8518	1412	492	885	86782	0	89571
8519	101448	386	481	3006	0	105321
8520	102041	310	580	1503	0	104434
8521	2858	306	470	101242	0	104876
8522	1410	359	100921	2402	0	105092
8523	1333	356	1900	100827	0	104416
8524	1218	334	755	103034	0	105341
8525	970	354	103077	2797	0	107198
8526	1132	257	1976	103878	0	107243
8527	102893	243	853	2897	0	106886
8528	103020	238	623	1814	0	105695
8529	2479	101608	640	1202	0	105929
8530	104783	1731	471	1452	0	108437
8531	104819	551	418	1336	0	107124
8532	2825	104519	412	914	0	108670
8533	106901	1894	326	1189	0	110310
8534	107275	684	277	1054	0	109290
8535	109375	448	346	1064	0	111233
8536	3156	487	104585	884	0	109112
8537	104473	307	1901	1066	0	107747
8538	2934	325	711	109625	0	113595
8539	109507	275	489	2735	0	113006
8540	2811	311	107540	1120	0	111782
8541	1594	104136	1931	836	0	108497
8542	106501	1921	795	931	0	110148
8543	2691	109163	548	612	0	113014
8544	1660	2083	373	108569	0	112685
8545	1276	873	312	111586	0	114047
8546	111048	556	308	2909	0	114821
8547	107944	455	430	1452	0	110281
8548	3197	480	104881	850	0	109408
8549	1629	362	94562	739	0	97292
8550	1111	359	100107	604	0	102181
8551	1229	661	2457	100131	0	104478
8552	793	232	101075	2146	0	104246
8553	789	298	95575	916	0	97578
8554	1426	1529	2171	93056	0	98182
8555	99790	186	1035	2138	0	103149
8556	101111	121	543	1130	0	102905
8557	101942	110	448	882	0	103382
8558	102364	102	294	720	0	103480
8559	2270	101	355	101600	0	104326
8560	1149	98	356	102857	0	104460
8561	718	143	104311	1879	0	107051
8562	904	108	1592	101818	0	104422
8563	1093	160	789	93696	0	95738
8564	106611	104	429	2578	0	109722
8565	106044	99	407	1262	0	107812
8566	2531	94	309	105816	0	108750
8567	106730	91	301	2452	0	109574
8568	108387	100	350	1260	0	110097
8569	2945	84	301	108220	0	111550
8570	1557	100	232	107813	0	109702
8571	950	150	104116	2712	0	107928
8572	882	192	99868	1261	0	102203
8573	934	197	2249	104561	0	107941
8574	919	165	949	108305	0	110338
8575	710	179	107491	2561	0	110941
8576	100011	138	1936	1731	0	103816
8577	103329	89	832	1259	0	105509
8578	2754	179	103459	737	0	107129
8579	1329	103211	2004	686	0	107230
8580	108296	1471	945	1194	0	111906
8581	2328	620	115369	637	0	118954
8582	1455	340	1956	113060	0	116811
8583	1085	190	980	118213	0	120468
8584	122861	104	686	2884	0	126535
8585	129312	99	655	1850	0	131916
8586	2757	171	542	129957	0	133427
8587	1606	147	475	137860	0	140088
8588	137177	112	562	3189	0	141040
8589	137802	85	453	1881	0	140221
8590	136205	82	440	1513	0	138240
8591	3420	165	137991	841	0	142417
8592	1994	99	2239	138210	0	142542
8593	1338	135	932	143451	0	145856
8594	142373	65	711	3753	0	146902
8595	2811	140936	590	1691	0	146028
8596	152758	1945	503	1684	0	156890
8597	4141	153941	597	966	0	159645
8598	2197	3335	517	158823	0	164872
8599	1641	950	450	163800	0	166841
8600	1162	545	159860	5613	0	167180
8601	1607	359	4026	159888	0	165880
8602	1181	417	159437	5333	0	166368
8603	1661	336	4522	161338	0	167857
8604	1366	431	1740	162188	0	165725
8605	957	151831	1315	6179	0	160282
8606	967	162203	1046	2975	0	167191
8607	1517	4605	951	155062	0	162135
8608	1339	1547	803	166477	0	170166
8609	1383	934	812	167760	0	170889
8610	1462	648	684	169054	0	171848
8611	1359	582	643	172392	0	174976
8612	999	829	164961	7533	0	174322
8613	1471	575	4628	163742	0	170416
8614	1287	394	1706	170921	0	174308
8615	1027	405	162179	7600	0	171211
8616	903	159702	4914	3902	0	169421
8617	1312	4249	1748	163926	0	171235
8618	1026	1442	161855	6435	0	170758
8619	919	161966	5142	3224	0	171251
8620	1388	4683	1768	165522	0	173361
8621	168387	1527	1352	7036	0	178302
8622	5453	1052	1209	169057	0	176771
8623	2479	992	855	171000	0	175326
8624	1850	643	905	174499	0	177897
8625	1738	692	954	169991	0	173375
8626	1114	162231	936	7930	0	172211
8627	1421	4407	781	170568	0	177177
8628	172311	1607	789	8357	0	183064
8629	5479	1057	777	176233	0	183546
8630	2434	974	758	176155	0	180321
8631	1742	749	806	179790	0	183087
8632	168746	748	790	9231	0	179515
8633	170582	820	826	5354	0	177582
8634	6620	611	741	173195	0	181167
8635	160728	673	669	7746	0	169816
8636	167057	607	618	4817	0	173099
8637	6048	166070	681	3552	0	176351
8638	164528	4188	597	3788	0	173101
8639	5597	162749	646	2795	0	171787
8640	2349	165716	677	2597	0	171339
8641	2139	5183	820	168084	0	176226
8642	1674	2060	167777	5908	0	177419
8643	1825	1506	4075	162111	0	169517
8644	1496	1212	1474	165627	0	169809
8645	1080	163389	1158	6451	0	172078
8646	162410	4557	806	4051	0	171824
8647	4891	1715	673	165269	0	172548
8648	1763	1356	173470	6186	0	182775
8649	1812	1163	3941	171679	0	178595
8650	1188	177083	1439	6168	0	185878
8651	178401	4315	997	4276	0	187989
8652	4894	1743	766	181863	0	189266
8653	1971	1394	182171	6408	0	191944
8654	1886	1183	3925	181416	0	188410
8655	1217	177191	1639	6261	0	186308
8656	1215	4415	1034	184167	0	190831
8657	188850	1737	940	7699	0	199226
8658	192537	1318	816	4975	0	199646
8659	195026	1158	879	4415	0	201478
8660	6801	198092	970	3413	0	209276
8661	202577	5313	845	3498	0	212233
8662	7150	2112	739	205681	0	215682
8663	203609	1424	763	8323	0	214119
8664	6894	204518	756	4024	0	216192
8665	3613	5880	518	207656	0	217667
8666	2194	2577	204884	7472	0	217127
8667	188767	1817	4822	5081	0	200487
8668	6070	205983	1788	3466	0	217307
8669	2974	5837	1175	207222	0	217208
8670	2333	2430	840	213031	0	218634
8671	2191	1723	725	208736	0	213375
8672	2062	1268	766	204193	0	208289
8673	1373	203414	874	8854	0	214515
8674	205279	5585	643	5645	0	217152
8675	206764	2426	612	4532	0	214334
8676	7500	1801	207364	3200	0	219865
8677	3976	1414	5199	209974	0	220563
8678	2518	1392	209432	7502	0	220844
8679	202113	1196	5799	4842	0	213950
8680	208172	1243	2236	3927	0	215578
8681	202311	962	1457	3363	0	208093
8682	8828	1003	1090	194691	0	205612
8683	3848	194621	1012	7060	0	206541
8684	198608	5480	705	4400	0	209193
8685	7747	2369	675	195255	0	206046
8686	195640	1570	673	8301	0	206184
8687	7820	1386	186682	3745	0	199633
8688	3877	1249	183509	2909	0	191544
8689	191320	994	6013	2868	0	201195
8690	7716	1044	2556	192509	0	203825
8691	190857	728	1632	7312	0	200529
8692	7403	189032	1297	3509	0	201241
8693	191917	5366	1044	3307	0	201634
8694	195292	2303	1043	2834	0	201472
8695	8990	1751	189209	1998	0	201948
8696	3842	1309	170656	1223	0	177030
8697	2755	173402	4967	1342	0	182466
8698	3309	4046	2715	170360	0	180430
8699	171468	1586	1544	4736	0	179334
8700	4792	947	836	169545	0	176120
8701	2988	789	794	175005	0	179576
8702	1958	757	169363	5186	0	177264
8703	164243	608	3572	3221	0	171644
8704	4986	743	1500	174816	0	182045
8705	2720	723	171152	4569	0	179164
8706	2219	874	165920	2264	0	171277
8707	2458	1263	4564	169855	0	178140
8708	1829	778	171253	4374	0	178234
8709	1834	737	169265	2311	0	174147
8710	2228	796	4786	156841	0	164651
8711	1434	820	172078	4240	0	178572
8712	1858	765	4170	165052	0	171845
8713	1358	160545	2131	4547	0	168581
8714	171094	3266	1445	3538	0	179343
8715	4022	174529	1323	2070	0	181944
8716	2711	4012	1131	171168	0	179022
8717	1850	177480	1087	4283	0	184700
8718	1585	4316	180856	2514	0	189271
8719	2440	1968	4544	200736	0	209688
8720	1508	1523	233562	6470	0	243063
8721	228629	937	7421	4250	0	241237
8722	7810	247990	3830	2237	0	261867
8723	252239	7394	2627	2529	0	264789
8724	10441	3618	1795	246637	0	262491
8725	251406	2502	1608	8932	0	264448
8726	10648	1724	247185	4348	0	263905
8727	5701	248814	7826	3117	0	265458
8728	248075	7726	3816	3050	0	262667
8729	10821	4030	2735	232486	0	250072
8730	5769	246652	2104	7399	0	261924
8731	5139	8598	1865	249332	0	264934
8732	249835	4377	1906	11203	0	267321
8733	9746	268862	1970	5686	0	286264
8734	269990	10096	1930	5058	0	287074
8735	12683	5508	264030	3005	0	285226
8736	265554	3753	9201	3417	0	281925
8737	14537	2344	4403	265975	0	287259
8738	265978	2102	3291	11623	0	282994
8739	13040	263381	2568	5294	0	284283
8740	8203	9534	2566	264429	0	284732
8741	6575	5159	1789	272541	0	286064
8742	4599	3500	258617	13804	0	280520
8743	5106	2424	9306	258594	0	275430
8744	4527	2563	4619	267392	0	279101
8745	4390	2178	3033	269644	0	279245
8746	4700	1904	2265	272061	0	280930
8747	3083	2249	260530	16809	0	282671
8748	3239	247676	10186	9592	0	270693
8749	3897	9241	5550	254651	0	273339
8750	248051	4351	3790	13967	0	270159
8751	250361	2987	2895	9107	0	265350
8752	13823	250077	2629	6664	0	273193
8753	249310	10628	2304	6053	0	268295
8754	251555	4852	2637	5870	0	264914
8755	250820	3524	2345	5731	0	262420
8756	16204	240693	2784	4616	0	264297
8757	234873	9574	1807	4744	0	250998
8758	14477	4910	1800	225875	0	247062
8759	7398	3458	218993	11049	0	240898
8760	5378	219556	8269	6512	0	239715
8761	5666	9764	4590	215635	0	235655
8762	4088	5062	212381	10007	0	231538
8763	209104	3390	8292	6547	0	227333
8764	11133	2732	4103	212102	0	230070
8765	7156	2422	2853	216230	0	228661
8766	5666	2466	2214	216542	0	226888
8767	5300	2116	1845	219047	0	228308
8768	4315	2332	205134	14125	0	225906
8769	193504	1858	7991	9041	0	212394
8770	9860	204381	4131	6126	0	224498
8771	205026	8250	2930	5235	0	221441
8772	10618	206821	2196	4781	0	224416
8773	209126	9674	2447	4578	0	225825
8774	11758	5221	1999	206516	0	225494
8775	6325	3536	203733	10723	0	224317
8776	5033	2670	204142	6320	0	218165
8777	4956	2738	10333	203515	0	221542
8778	4376	2258	5112	208413	0	220159
8779	3914	2102	3333	213114	0	222463
8780	202018	1809	2871	15509	0	222207
8781	9835	1801	201291	9245	0	222172
8782	5702	194773	9067	6660	0	216202
8783	5128	208869	4454	5263	0	223714
8784	199331	10835	3042	5110	0	218318
8785	10953	5548	198118	4129	0	218748
8786	6136	197360	8510	4233	0	216239
8787	5333	9033	194573	3557	0	212496
8788	4651	5174	9389	193657	0	212871
8789	4014	3664	193787	9603	0	211068
8790	3333	3166	194534	5966	0	206999
8791	3704	2914	10790	193077	0	210485
8792	3413	2452	193903	10502	0	210270
8793	3250	2268	195592	6702	0	207812
8794	3818	2357	11424	189602	0	207201
8795	188114	2370	6728	10696	0	207908
8796	8961	2583	189465	6553	0	207562
8797	5523	2387	9926	186792	0	204628
8798	4653	2018	5882	193768	0	206321
8799	188261	1984	4965	12704	0	207914
8800	9440	2260	3731	192794	0	208225
8801	187636	1643	3972	12211	0	205462
8802	10031	184825	3355	7856	0	206067
8803	6200	7384	3418	191835	0	208837
8804	189701	3607	3471	11500	0	208279
8805	193987	2603	2998	7903	0	207491
8806	12146	2065	3019	192010	0	209240
8807	6947	2031	188934	10975	0	208887
8808	181674	1735	8374	7719	0	199502
8809	10155	188588	4545	5865	0	209153
8810	180574	7485	3761	5859	0	197679
8811	192511	3803	2646	5424	0	204384
8812	194468	2672	2526	5143	0	204809
8813	13847	2248	184753	4097	0	204945
8814	7686	185411	7773	4274	0	205144
8815	7127	8508	4191	182843	0	202669
8816	5944	5399	3219	188621	0	203183
8817	4715	3190	181447	11022	0	200374
8818	4259	169987	7142	6764	0	188152
8819	3244	146930	3398	4205	0	157777
8820	2029	122990	1655	2401	0	129075
8821	111253	4014	4381	2242	0	121890
8822	3949	1446	1067	107488	0	113950
8823	1858	896	870	109365	0	112989
8824	1416	862	108628	3740	0	114646
8825	103371	920	2665	1997	0	108953
8826	3527	880	1116	109236	0	114759
8827	2137	1159	909	110497	0	114702
8828	1536	774	108566	3619	0	114495
8829	1022	107608	2796	1894	0	113320
8830	1523	3270	1215	107980	0	113988
8831	991	1031	108230	3310	0	113562
8832	716	99844	2191	1533	0	104284
8833	85806	1176	624	898	0	88504
8834	1288	430	90575	466	0	92759
8835	643	355	1059	86965	0	89022
8836	360	89121	388	1070	0	90939
8837	89791	968	334	775	0	91868
8838	1253	441	239	90171	0	92104
8839	90582	268	209	1429	0	92488
8840	89928	220	188	835	0	91171
8841	1298	90801	214	445	0	92758
8842	92929	975	178	748	0	94830
8843	97000	310	189	942	0	98441
8844	1296	326	98252	336	0	100210
8845	95109	192	900	772	0	96973
8846	1223	251	98784	258	0	100516
8847	95783	138	782	546	0	97249
8848	98240	148	322	587	0	99297
8849	1091	252	100575	240	0	102158
8850	629	231	625	100013	0	101498
8851	373	171	102203	695	0	103442
8852	400	197	91195	340	0	92132
8853	322	211	100089	324	0	100946
8854	568	234	785	99081	0	100668
8855	360	113	236	109627	0	110336
8856	320	80	156	110565	0	111121
8857	370	70	137	111935	0	112512
8858	193	139	113685	1159	0	115176
8859	580	80	980	108405	0	110045
8860	253	99278	416	1292	0	101239
8861	212	1044	118150	403	0	119809
8862	493	345	1193	115231	0	117262
8863	208	222	121661	1421	0	123512
8864	149	117964	1409	707	0	120229
8865	144	122296	604	389	0	123433
8866	362	1552	284	122725	0	124923
8867	223	686	122573	1385	0	124867
8868	241	341	120728	595	0	121905
8869	418	254	1732	122896	0	125300
8870	477	228	721	123504	0	124930
8871	382	292	325	126847	0	127846
8872	234	340	124963	1896	0	127433
8873	146	121499	1478	948	0	124071
8874	157	128328	738	492	0	129715
8875	384	1770	507	127564	0	130225
8876	194	652	126081	1664	0	128591
8877	245	396	123119	776	0	124536
8878	130	131166	1901	616	0	133813
8879	131539	1643	814	900	0	134896
8880	1491	134540	488	372	0	136891
8881	548	1878	139201	346	0	141973
8882	136160	586	2098	851	0	139695
8883	2201	323	900	144074	0	147498
8884	147790	258	570	2794	0	151412
8885	2660	339	346	148057	0	151402
8886	1261	311	312	151396	0	153280
8887	151051	405	342	3598	0	155396
8888	2503	155333	491	1258	0	159585
8889	1104	2573	153757	672	0	158106
8890	518	157432	2502	651	0	161103
8891	156141	2708	940	1087	0	160876
8892	2529	156844	538	710	0	160621
8893	156255	2870	379	1070	0	160574
8894	156785	1113	332	987	0	159217
8895	3333	158178	462	410	0	162383
8896	1657	2715	459	157301	0	162132
8897	156735	1195	335	3291	0	161556
8898	158086	586	322	1654	0	160648
8899	3957	528	266	155644	0	160395
8900	1668	461	150912	2920	0	155961
8901	1038	524	150416	1206	0	153184
8902	1028	544	3206	154630	0	159408
8903	583	442	152641	2976	0	156642
8904	143109	423	2803	1940	0	148275
8905	2866	149777	1153	891	0	154687
8906	1590	2585	599	154941	0	159715
8907	1082	1065	602	156636	0	159385
8908	972	587	552	154304	0	156415
8909	1013	460	481	152215	0	154169
8910	914	408	553	155371	0	157246
8911	731	510	151526	3912	0	156679
8912	536	150327	2689	1777	0	155329
8913	151637	2606	1188	1641	0	157072
8914	3095	1089	695	150853	0	155732
8915	1500	612	568	152520	0	155200
8916	1026	459	532	153139	0	155156
8917	555	150818	628	4240	0	156241
8918	879	2777	606	154446	0	158708
8919	882	1366	453	156454	0	159155
8920	151300	692	401	4817	0	157210
8921	2808	145883	511	2334	0	151536
8922	1156	150003	493	1570	0	153222
8923	919	3554	386	151053	0	155912
8924	147807	1552	444	4047	0	153850
8925	2988	911	149424	1897	0	155220
8926	138193	663	2916	2161	0	143933
8927	3438	697	153980	1119	0	159234
8928	1868	852	2895	152593	0	158208
8929	1262	733	1224	156277	0	159496
8930	1079	582	722	154120	0	156503
8931	1115	536	604	155545	0	157800
8932	1139	548	631	150733	0	153051
8933	151939	506	562	4974	0	157981
8934	3128	541	150050	2163	0	155882
8935	1680	545	2786	152176	0	157187
8936	1000	585	157564	3754	0	162903
8937	730	156292	3068	2252	0	162342
8938	155116	2751	1271	2317	0	161455
8939	3282	1312	162085	1505	0	168184
8940	2069	762	3062	164244	0	170137
8941	1405	619	1429	169736	0	173189
8942	767	666	168393	4992	0	174818
8943	844	641	164727	2503	0	168715
8944	1597	747	4358	150933	0	157635
8945	167217	568	1802	4763	0	174350
8946	168120	496	1135	2866	0	172617
8947	4540	166358	880	1822	0	173600
8948	170438	3333	721	2002	0	176494
8949	4406	1417	768	162792	0	169383
8950	1944	171695	898	3935	0	178472
8951	1711	3476	627	175552	0	181366
8952	1355	1539	177384	4454	0	184732
8953	1744	955	3442	169280	0	175421
8954	1597	835	1479	177575	0	181486
8955	170998	574	846	5358	0	177776
8956	3444	170020	806	2718	0	176988
8957	168195	3167	634	2227	0	174223
8958	3621	168349	705	1436	0	174111
8959	161794	3255	614	1724	0	167387
8960	3540	160544	619	1325	0	166028
8961	1719	161639	560	1178	0	165096
8962	162813	3631	463	1546	0	168453
8963	3786	1750	511	156148	0	162195
8964	1509	159450	472	3000	0	164431
8965	163225	2921	537	2275	0	168958
8966	162992	1299	505	1747	0	166543
8967	166363	889	452	1595	0	169299
8968	164313	672	415	1617	0	167017
8969	4031	164940	528	1202	0	170701
8970	2223	2835	402	169580	0	175040
8971	1587	1364	397	172838	0	176186
8972	172892	883	405	4419	0	178599
8973	3652	687	334	172368	0	177041
8974	170133	622	368	4041	0	175164
8975	3411	763	165184	1818	0	171176
8976	158658	591	2282	2242	0	163773
8977	3420	724	165576	1246	0	170966
8978	2176	1241	2568	163773	0	169758
8979	165383	524	1156	3529	0	170592
8980	3146	161204	701	1749	0	166800
8981	156803	2109	387	1581	0	160880
8982	2902	146638	455	958	0	150953
8983	1723	2598	455	163993	0	168769
8984	1024	1072	158230	2323	0	162649
8985	141719	903	2031	1959	0	146612
8986	2129	155903	786	903	0	159721
8987	1440	2010	363	154985	0	158798
8988	1048	844	298	152169	0	154359
8989	942	600	245	150342	0	152129
8990	667	581	148756	2164	0	152168
8991	619	147168	1478	1178	0	150443
8992	147419	1563	658	1323	0	150963
8993	147513	708	418	1338	0	149977
8994	2004	148043	358	675	0	151080
8995	151743	1539	247	1320	0	154849
8996	2197	729	257	151441	0	154624
8997	1030	150339	304	1672	0	153345
8998	150635	1575	276	1496	0	153982
8999	2046	937	146360	629	0	149972
9000	1089	149257	1380	613	0	152339
9001	1182	1671	535	152209	0	155597
9002	904	799	332	155514	0	157549
9003	764	728	150474	2067	0	154033
9004	1039	594	1453	146451	0	149537
9005	708	587	149218	1971	0	152484
9006	966	477	1594	146933	0	149970
9007	893	434	709	150404	0	152440
9008	869	497	487	150500	0	152353
9009	886	426	389	151626	0	153327
9010	662	539	148292	2573	0	152066
9011	743	622	148340	1398	0	151103
9012	604	171729	2711	1161	0	176205
9013	1005	3013	1056	188614	0	193688
9014	686	1442	194352	3712	0	200192
9015	537	192445	3757	2043	0	198782
9016	1204	4032	1589	202839	0	209664
9017	576	1874	213616	4381	0	220447
9018	199594	1014	4972	2988	0	208568
9019	227459	808	1959	2065	0	232291
9020	7316	641	1173	226941	0	236071
9021	2985	692	225806	5895	0	235378
9022	2548	651	5493	224158	0	232850
9023	224245	576	2429	7417	0	234667
9024	5761	226655	1672	3085	0	237173
9025	232275	5250	1035	2910	0	241470
9026	236843	2188	795	2394	0	242220
9027	8716	1278	864	226190	0	237048
9028	4629	870	955	230058	0	236512
9029	3139	817	845	232795	0	237596
9030	2583	788	744	231784	0	235899
9031	2573	875	737	229021	0	233206
9032	225768	791	561	10062	0	237182
9033	228870	605	559	5760	0	235794
9034	228054	516	661	4381	0	233612
9035	8826	635	209279	3094	0	221834
9036	215072	480	4541	3546	0	223639
9037	8040	743	1843	216571	0	227197
9038	3955	750	213519	7339	0	225563
9039	2983	207193	5633	4053	0	219862
9040	3693	5558	2565	204712	0	216528
9041	2937	2133	1654	206194	0	212918
9042	2206	205134	1533	7311	0	216184
9043	2711	5085	1296	210774	0	219866
9044	1938	2344	206143	7704	0	218129
9045	1736	1555	207700	4310	0	215301
9046	2362	1313	7581	210871	0	222127
9047	208272	1087	3653	8469	0	221481
9048	207873	1051	2288	5284	0	216496
9049	8485	1217	205448	3648	0	218798
9050	4583	186642	6106	3229	0	200560
9051	2982	200156	3399	3064	0	209601
9052	189952	6786	2605	3519	0	202862
9053	7208	3249	193608	3061	0	207126
9054	4780	2004	5920	191543	0	204247
9055	192306	1396	2879	8102	0	204683
9056	7571	185028	2090	4542	0	199231
9057	4219	194352	1708	3694	0	203973
9058	190918	7320	1497	3586	0	203321
9059	8110	3527	1399	193509	0	206545
9060	204233	1952	1353	8424	0	215962
9061	9594	1417	1333	227442	0	239786
9062	6545	1245	1255	235107	0	244152
9063	4468	1588	229670	11817	0	247543
9064	4247	1796	7316	239633	0	252992
9065	3988	1652	3823	245394	0	254857
9066	240712	1357	2772	14776	0	259617
9067	10480	1238	2017	248242	0	261977
9068	5551	1299	241143	13954	0	261947
9069	238103	1204	9007	9029	0	257343
9070	10532	1268	5004	246339	0	263143
9071	244242	1181	3603	13419	0	262445
9072	11885	225854	2653	8485	0	248877
9073	6945	244557	2462	6617	0	260581
9074	242676	11181	2374	5553	0	261784
9075	246510	6288	2433	4820	0	260051
9076	15208	3937	2246	240184	0	261575
9077	9265	2650	236366	11098	0	259379
9078	7129	2248	9342	242680	0	261399
9079	236796	2510	5220	13477	0	258003
9080	11735	235748	3940	7506	0	258929
9081	8230	9877	2601	239194	0	259902
9082	237479	5652	2609	12310	0	258050
9083	12662	4017	221487	8161	0	246327
9084	229889	2697	9142	7368	0	249096
9085	212668	2505	5305	6889	0	227367
9086	14860	2500	228599	5258	0	251217
9087	9897	2678	231178	4840	0	248593
9088	8076	2189	12875	222221	0	245361
9089	6991	1670	7440	225741	0	241842
9090	5657	230181	5092	14534	0	255464
9091	5761	8843	3808	238149	0	256561
9092	4915	5114	234514	14633	0	259176
9093	5573	3580	10590	239359	0	259102
9094	5105	2474	6490	251306	0	265375
9095	4514	1824	235753	17860	0	259951
9096	4173	230829	10992	11908	0	257902
9097	4607	9398	6417	237461	0	257883
9098	4656	5391	4688	247305	0	262040
9099	237873	3732	3530	17736	0	262871
9100	12354	2613	3426	241390	0	259783
9101	7563	2463	231282	16392	0	257700
9102	229523	2314	10474	11112	0	253423
9103	240289	2571	6164	8618	0	257642
9104	244382	2758	4502	6964	0	258606
9105	17800	2265	228759	6369	0	255193
9106	11687	1951	10758	228255	0	252651
9107	8230	1678	6919	236605	0	253432
9108	6849	1742	5508	240339	0	254438
9109	225401	1840	3926	18632	0	249799
9110	12995	223916	3647	11688	0	252246
9111	8349	8543	209358	8223	0	234473
9112	5955	197960	8840	7028	0	219783
9113	4107	186635	5560	6054	0	202356
9114	3751	186241	4315	5388	0	199695
9115	6030	12524	4453	176077	0	199084
9116	3766	5917	171987	9818	0	191488
9117	148387	4358	6978	7169	0	166892
9118	7217	159942	4714	5637	0	177510
9119	148725	5793	3396	4617	0	162531
9120	7623	153879	2177	3823	0	167502
9121	155637	7149	1939	4272	0	168997
9122	8374	158290	1859	3290	0	171813
9123	5907	7796	158226	2842	0	174771
9124	5252	4821	5943	157358	0	173374
9125	4207	3454	3891	168051	0	179603
9126	165352	2441	3134	10247	0	181174
9127	8172	2209	2171	181417	0	193969
9128	5280	2226	177479	10904	0	195889
9129	5079	1877	7111	182897	0	196964
9130	3799	2162	180704	10739	0	197404
9131	3063	178369	8800	7110	0	197342
9132	3601	7352	5040	168406	0	184399
9133	3280	182835	3890	8398	0	198403
9134	182410	8959	2810	5933	0	200112
9135	9045	5006	2825	183242	0	200118
9136	5753	3752	181515	9195	0	200215
9137	4411	2767	179250	6206	0	192634
9138	176998	2519	10484	5534	0	195535
9139	8670	2559	6104	180453	0	197786
9140	5675	2626	178530	9123	0	195954
9141	4420	2801	171756	6111	0	185088
9142	3054	173864	10755	5082	0	192755
9143	3084	7242	6947	159271	0	176544
9144	2226	172930	5011	8319	0	188486
9145	2761	8173	3392	170515	0	184841
9146	171728	4636	3070	10284	0	189718
9147	7331	3614	2940	176073	0	189958
9148	4740	2401	2615	181429	0	191185
9149	176079	2174	2739	12404	0	193396
9150	8308	2203	2439	185374	0	198324
9151	5527	2259	2501	179619	0	189906
9152	4298	180631	2265	11780	0	198974
9153	183072	7190	2038	8363	0	200663
9154	188542	4279	2127	6091	0	201039
9155	11498	2991	2306	185146	0	201941
9156	7196	2119	2356	188386	0	200057
9157	5482	1969	2187	187024	0	196662
9158	3715	168689	2026	14086	0	188516
9159	3391	180125	2171	9154	0	194841
9160	4110	8510	1908	171586	0	186114
9161	138688	3001	1438	7321	0	150448
9162	139502	1896	1326	4659	0	147383
9163	6473	133896	1108	3660	0	145137
9164	123247	4293	934	3039	0	131513
9165	5049	120821	943	2358	0	129171
9166	2448	121628	847	2235	0	127158
9167	3952	5214	1275	116072	0	126513
9168	113090	2150	1033	4909	0	121182
9169	3952	108570	748	2645	0	115915
9170	2092	112532	747	1980	0	117351
9171	1771	3963	679	111390	0	117803
9172	1547	2002	647	114693	0	118889
9173	1194	1732	109462	4887	0	117275
9174	106185	1305	3090	2947	0	113527
9175	104332	1143	1241	2617	0	109333
9176	4082	1242	110121	2023	0	117468
9177	2121	1331	110114	1845	0	115411
9178	1888	1289	3811	111521	0	118509
9179	1527	1188	1598	115762	0	120075
9180	1235	113518	1173	5346	0	121272
9181	1467	3833	893	116692	0	122885
9182	1432	1892	114067	5287	0	122678
9183	1741	1522	3579	113979	0	120821
9184	1496	1420	1598	117040	0	121554
9185	112945	1137	1358	6106	0	121546
9186	4160	1301	110412	3571	0	119444
9187	107060	1192	3932	3218	0	115402
9188	4540	1218	109348	2684	0	117790
9189	2479	1163	4283	107356	0	115281
9190	1591	1351	107059	5083	0	115084
9191	1366	1276	107576	3156	0	113374
9192	1657	1640	4752	105293	0	113342
9193	97295	1278	2801	5640	0	107014
9194	99326	1111	1954	3147	0	105538
9195	4487	101224	1759	2395	0	109865
9196	100508	3583	1630	2545	0	108266
9197	100821	1905	1627	2368	0	106721
9198	4589	100020	1597	2208	0	108414
9199	2625	3870	1405	101778	0	109678
9200	2178	1809	1419	104938	0	110344
9201	1920	1669	1211	104964	0	109764
9202	1861	1319	1143	106255	0	110578
9203	1657	1337	101312	6097	0	110403
9204	97347	1091	3820	3907	0	106165
9205	4521	1022	1892	102889	0	110324
9206	2634	1010	1459	101868	0	106971
9207	1946	101717	1319	5799	0	110781
9208	2142	3682	912	105439	0	112175
9209	1450	1791	97223	6017	0	106481
9210	97560	1446	3362	4083	0	106451
9211	4452	1314	104434	3257	0	113457
9212	2482	1275	3568	103566	0	110891
9213	103198	1052	1418	5879	0	111547
9214	4373	104811	1079	3535	0	113798
9215	2737	3660	810	109950	0	117157
9216	1984	1986	108631	5531	0	118132
9217	2175	1457	3782	110877	0	118291
9218	108413	1253	1728	5816	0	117210
9219	4764	1223	107985	3276	0	117248
9220	2446	1195	104821	2739	0	111201
9221	1952	103832	4371	2418	0	112573
9222	99123	3971	2027	2381	0	107502
9223	4091	98057	1574	2141	0	105863
9224	1927	3788	93786	1904	0	101405
9225	1518	1515	88838	1504	0	93375
9226	1244	87000	3720	1627	0	93591
9227	71976	2284	1509	1010	0	76779
9228	2104	72115	896	724	0	75839
9229	1126	2097	646	70075	0	73944
9230	858	808	714	72244	0	74624
9231	610	500	71751	2522	0	75383
9232	717	505	2369	70880	0	74471
9233	510	529	72565	2401	0	76005
9234	69560	546	2355	1206	0	73667
9235	72763	580	930	989	0	75262
9236	73014	474	675	1032	0	75195
9237	2649	487	70612	811	0	74559
9238	70559	412	2299	913	0	74183
9239	2523	391	968	68879	0	72761
9240	1037	70845	814	2223	0	74919
9241	70602	1995	636	1336	0	74569
9242	2438	678	66410	973	0	70499
9243	68687	390	1920	1067	0	72064
9244	70225	299	1017	981	0	72522
9245	2775	276	68170	752	0	71973
9246	1179	67876	2239	795	0	72089
9247	1323	2191	931	66733	0	71178
9248	990	695	68072	2087	0	71844
9249	910	463	65625	813	0	67811
9250	1061	984	1976	58446	0	62467
9251	671	256	59301	1582	0	61810
9252	677	236	1764	57496	0	60173
9253	684	430	798	53180	0	55092
9254	544	344	496	59600	0	60984
9255	478	296	58513	1870	0	61157
9256	558	248	1801	58018	0	60625
9257	462	232	59053	1959	0	61706
9258	511	233	1872	59360	0	61976
9259	60722	260	847	2108	0	63937
9260	1727	287	580	60786	0	63380
9261	587	62787	643	1998	0	66015
9262	632	1570	647	65838	0	68687
9263	66726	536	592	2357	0	70211
9264	1815	67721	702	1049	0	71287
9265	880	1810	525	68878	0	72093
9266	68652	571	453	2474	0	72150
9267	2093	504	68833	1188	0	72618
9268	1031	489	1931	68701	0	72152
9269	642	352	69681	2425	0	73100
9270	642	393	69009	1110	0	71154
9271	728	428	2401	68618	0	72175
9272	68858	304	1043	2523	0	72728
9273	2130	314	67365	1024	0	70833
9274	66729	296	2130	867	0	70022
9275	2424	322	1000	69225	0	72971
9276	996	329	69354	1978	0	72657
9277	729	323	67020	964	0	69036
9278	702	270	68661	742	0	70375
9279	785	698	2396	65210	0	69089
9280	66761	191	1495	2083	0	70530
9281	1767	66510	828	848	0	69953
9282	942	1448	702	65585	0	68677
9283	667	545	643	67801	0	69656
9284	66967	306	715	2271	0	70259
9285	67302	256	664	1180	0	69402
9286	2039	66701	653	768	0	70161
9287	67814	1506	480	842	0	70642
9288	68391	626	469	653	0	70139
9289	2344	393	501	67485	0	70723
9290	929	358	67093	1907	0	70287
9291	66283	310	1776	982	0	69351
9292	2163	248	751	68114	0	71276
9293	1084	343	480	69149	0	71056
9294	68155	309	455	2298	0	71217
9295	2138	243	421	65668	0	68470
9296	1139	250	365	67161	0	68915
9297	65239	156	411	2470	0	68276
9298	1969	66793	463	1096	0	70321
9299	67361	1416	371	1050	0	70198
9300	2040	507	67105	733	0	70385
9301	66824	250	1687	813	0	69574
9302	2102	226	650	67430	0	70408
9303	1009	68797	499	1830	0	72135
9304	916	1481	390	70411	0	73198
9305	868	548	365	70731	0	72512
9306	833	290	352	71648	0	73123
9307	69499	207	380	2554	0	72640
9308	1746	67095	410	1200	0	70451
9309	719	67959	304	767	0	69749
9310	66245	1589	267	891	0	68992
9311	1661	638	68751	563	0	71613
9312	830	390	66173	557	0	67950
9313	65152	447	1861	809	0	68269
9314	1582	243	68004	444	0	70273
9315	800	185	1171	64590	0	66746
9316	824	219	605	57462	0	59110
9317	452	179	324	66324	0	67279
9318	497	110	266	65731	0	66604
9319	351	60224	306	1690	0	62571
9320	395	1051	248	66976	0	68670
9321	320	486	65461	1546	0	67813
9322	452	251	1186	65374	0	67263
9323	282	221	63819	1568	0	65890
9324	324	194	62789	816	0	64123
9325	444	171	1575	64538	0	66728
9326	372	204	65373	1479	0	67428
9327	401	180	1399	64599	0	66579
9328	64698	125	739	1768	0	67330
9329	1354	192	65219	831	0	67596
9330	62364	127	1398	768	0	64657
9331	1502	148	657	64994	0	67301
9332	771	201	64486	1446	0	66904
9333	464	63769	1331	860	0	66424
9334	572	1098	638	65627	0	67935
9335	421	456	68523	1512	0	70912
9336	512	220	1365	68447	0	70544
9337	70080	176	718	1876	0	72850
9338	70582	172	485	1141	0	72380
9339	72327	212	351	868	0	73758
9340	1918	182	384	72268	0	74752
9341	1038	148	338	73243	0	74767
9342	731	149	340	74976	0	76196
9343	74776	144	371	2381	0	77672
9344	1752	76747	337	1082	0	79918
9345	1039	1461	317	78143	0	80960
9346	733	603	311	80638	0	82285
9347	78912	364	237	2809	0	82322
9348	1915	80034	294	1445	0	83688
9349	1101	1753	267	85216	0	88337
9350	85971	712	227	2832	0	89742
9351	86844	447	259	1526	0	89076
9352	3241	631	276	85357	0	89505
9353	86181	243	270	2873	0	89567
9354	3013	238	244	85794	0	89289
9355	1403	318	85621	2852	0	90194
9356	1199	239	2016	85827	0	89281
9357	1069	203	881	88208	0	90361
9358	1098	176	549	89201	0	91024
9359	84530	167	401	3630	0	88728
9360	2208	83903	364	1872	0	88347
9361	81794	1761	235	1637	0	85427
9362	2270	79712	341	1035	0	83358
9363	952	81902	288	872	0	84014
9364	80985	2272	298	1044	0	84599
9365	2120	82792	259	793	0	85964
9366	1272	2086	204	83049	0	86611
9367	81943	921	217	2349	0	85430
9368	83494	637	204	1362	0	85697
9369	2730	469	301	82753	0	86253
9370	1465	424	201	82361	0	84451
9371	893	82496	219	2674	0	86282
9372	84070	1872	148	1772	0	87862
9373	82586	789	186	1457	0	85018
9374	2458	85419	187	896	0	88960
9375	1374	87901	182	711	0	90168
9376	1122	2595	185	88192	0	92094
9377	88096	1123	161	2915	0	92295
9378	2733	748	163	87707	0	91351
9379	1472	617	142	89988	0	92219
9380	1024	480	85696	3223	0	90423
9381	928	438	84944	1537	0	87847
9382	1019	437	2519	86441	0	90416
9383	583	427	86812	2971	0	90793
9384	578	86634	2473	1568	0	91253
9385	813	2265	890	86993	0	90961
9386	834	864	560	90101	0	92359
9387	811	613	440	90704	0	92568
9388	509	659	88132	3548	0	92848
9389	557	595	84582	1857	0	87591
9390	83064	375	2736	1845	0	88020
9391	2499	87287	1176	1210	0	92172
9392	87929	2270	688	1242	0	92129
9393	2806	920	510	88040	0	92276
9394	89399	593	531	3139	0	93662
9395	2959	497	554	88324	0	92334
9396	1260	89645	526	2861	0	94292
9397	89716	2263	442	1791	0	94212
9398	2738	1113	87196	1148	0	92195
9399	1306	86674	2050	1124	0	91154
9400	86389	2322	874	1310	0	90895
9401	2744	1004	571	84170	0	88489
9402	1184	82062	590	2454	0	86290
9403	1148	2312	452	86543	0	90455
9404	86095	1046	295	3035	0	90471
9405	2822	889	313	86599	0	90623
9406	86350	669	281	3357	0	90657
9407	3045	638	84331	1690	0	89704
9408	1760	518	2023	85556	0	89857
9409	84858	524	762	3375	0	89519
9410	2801	632	83082	1637	0	88152
9411	1463	79664	2335	1297	0	84759
9412	1472	2273	1013	77576	0	82334
9413	1014	1126	78166	2666	0	82972
9414	903	892	76390	1459	0	79644
9415	956	823	2681	76969	0	81429
9416	729	626	76647	2856	0	80858
9417	782	554	75614	1552	0	78502
9418	935	558	2751	74583	0	78827
9419	75164	374	1389	2991	0	79918
9420	2471	386	1010	75466	0	79333
9421	1275	386	892	77490	0	80043
9422	1001	418	76971	3268	0	81658
9423	1026	413	2240	79002	0	82681
9424	79360	464	1213	3373	0	84410
9425	2392	510	79273	1660	0	83835
9426	1202	79374	2274	1493	0	84343
9427	1166	2049	1134	81696	0	86045
9428	80774	889	994	2989	0	85646
9429	2556	742	810	80232	0	84340
9430	1191	79788	749	2909	0	84637
9431	1081	2232	82337	1472	0	87122
9432	987	1034	2367	84579	0	88967
9433	88621	778	1001	3277	0	93677
9434	2801	623	87114	1701	0	92239
9435	1513	486	2718	91016	0	95733
9436	93835	321	1277	3722	0	99155
9437	99530	382	954	2151	0	103017
9438	4250	99854	775	1497	0	106376
9439	100354	3126	776	1297	0	105553
9440	4483	1360	586	99892	0	106321
9441	1986	925	100936	3758	0	107605
9442	1376	95691	3305	1901	0	102273
9443	1061	101777	1418	1323	0	105579
9444	1199	4048	1125	97543	0	103915
9445	1055	1612	794	100351	0	103812
9446	687	889	95891	3862	0	101329
9447	711	92646	2993	1927	0	98277
9448	575	95550	1400	1411	0	98936
9449	1010	3515	990	90138	0	95653
9450	88518	1233	617	3057	0	93425
9451	2558	88951	422	1373	0	93304
9452	1360	2587	367	91605	0	95919
9453	94281	1026	419	3273	0	98999
9454	2977	722	409	95297	0	99405
9455	1401	682	434	95219	0	97736
9456	1132	591	391	96358	0	98472
9457	886	566	363	97054	0	98869
9458	93608	561	376	4260	0	98805
9459	2925	532	398	94765	0	98620
9460	1133	610	90837	3435	0	96015
9461	88175	558	2494	2036	0	93263
9462	2784	583	89295	1392	0	94054
9463	1211	541	90865	1180	0	93797
9464	1109	559	3027	90517	0	95212
9465	1065	486	1253	91848	0	94652
9466	975	423	766	94232	0	96396
9467	91889	393	608	4089	0	96979
9468	2836	401	90535	2095	0	95867
9469	89449	295	2534	1821	0	94099
9470	93183	323	1082	1559	0	96147
9471	3511	421	91374	1202	0	96508
9472	90385	372	2377	1570	0	94704
9473	3173	404	92967	1217	0	97761
9474	1463	92884	2508	1094	0	97949
9475	1408	2328	1534	91505	0	96775
9476	1095	897	822	95229	0	98043
9477	937	519	672	94453	0	96581
9478	868	351	686	94199	0	96104
9479	643	395	93010	3448	0	97496
9480	577	416	92263	1753	0	95009
9481	680	450	2748	93143	0	97021
9482	549	406	94251	2872	0	98078
9483	89543	330	2466	1833	0	94172
9484	95672	354	1142	1503	0	98671
9485	3060	337	780	94735	0	98912
9486	93990	285	666	2836	0	97777
9487	2683	95843	709	1482	0	100717
9488	95891	1980	621	1475	0	99967
9489	2719	882	96361	1148	0	101110
9490	1563	590	2136	94907	0	99196
9491	1046	96606	1085	2601	0	101338
9492	98934	1909	797	1871	0	103511
9493	2608	851	633	100214	0	104306
9494	1339	663	98339	2820	0	103161
9495	1261	354	2357	98592	0	102564
9496	97742	338	1366	3191	0	102637
9497	2670	382	97577	1745	0	102374
9498	1620	409	2427	98507	0	102963
9499	1412	420	1226	99682	0	102740
9500	1142	463	98196	3450	0	103251
9501	1066	93921	2436	1984	0	99407
9502	1636	65597	1649	2000	0	70882
9503	1174	2588	838	97912	0	102512
9504	1127	1200	786	99114	0	102227
9505	1056	813	727	101215	0	103811
9506	97429	657	726	3902	0	102714
9507	99045	690	753	2200	0	102688
9508	3158	696	687	99080	0	103621
9509	98460	694	659	3410	0	103223
9510	2615	95005	711	2059	0	100390
9511	1404	2348	644	99643	0	104039
9512	1101	1140	579	101529	0	104349
9513	973	697	611	102589	0	104870
9514	95830	483	648	4383	0	101344
9515	2578	93717	611	2486	0	99392
9516	1534	2142	618	97773	0	102067
9517	95467	1097	534	3629	0	100727
9518	2775	680	506	97586	0	101547
9519	1679	460	477	97795	0	100411
9520	1246	88645	553	3923	0	94367
9521	1150	96084	478	2395	0	100107
9522	1223	2529	494	95209	0	99455
9523	1142	1096	531	96160	0	98929
9524	90757	584	539	4029	0	95909
9525	2907	416	578	92197	0	96098
9526	1422	408	88773	3476	0	94079
9527	1210	419	2250	88594	0	92473
9528	870	87001	1134	3266	0	92271
9529	89810	2049	771	2173	0	94803
9530	2903	847	660	90218	0	94628
9531	1698	564	532	88590	0	91384
9532	1036	85665	585	3383	0	90669
9533	81532	1664	473	1796	0	85465
9534	2151	83622	405	1252	0	87430
9535	1239	1782	294	82200	0	85515
9536	666	540	78573	2028	0	81807
9537	905	1680	1253	70520	0	74358
9538	71041	145	465	1711	0	73362
9539	1200	70638	181	670	0	72689
9540	600	1189	141	71169	0	73099
9541	280	67218	143	1283	0	68924
9542	381	1278	119	71257	0	73035
9543	232	478	69094	1481	0	71285
9544	332	439	1101	67301	0	69173
9545	338	203	349	69858	0	70748
9546	347	234	218	70958	0	71757
9547	66259	192	135	2076	0	68662
9548	67901	252	114	1065	0	69332
9549	1433	68168	141	654	0	70396
9550	68524	1206	166	804	0	70700
9551	1273	66742	138	561	0	68714
9552	457	69537	130	539	0	70663
9553	65842	1476	150	770	0	68238
9554	1340	551	64328	601	0	66820
9555	669	299	1048	64418	0	66434
9556	469	246	336	67269	0	68320
9557	463	238	186	69011	0	69898
9558	66104	226	120	2035	0	68485
9559	1270	63372	125	882	0	65649
9560	743	1321	89	66685	0	68838
9561	485	63362	155	1605	0	65607
9562	69360	1478	113	891	0	71842
9563	1632	601	107	69233	0	71573
9564	821	397	133	81798	0	83149
9565	411	89361	141	2608	0	92521
9566	554	2183	113	97781	0	100631
9567	577	920	122	99727	0	101346
9568	94283	525	126	4245	0	99179
9569	2483	91186	125	1971	0	95765
9570	1147	96721	95	1200	0	99163
9571	870	3238	77	93724	0	97909
9572	622	1530	89549	3075	0	94776
9573	478	955	88745	1751	0	91929
9574	610	823	3073	89722	0	94228
9575	490	642	89217	3347	0	93696
9576	680	542	2827	89655	0	93704
9577	775	729	1364	84434	0	87302
9578	592	656	687	93845	0	95780
9579	89766	529	619	4883	0	95797
9580	2844	386	653	91524	0	95407
9581	1541	370	528	90862	0	93301
9582	726	87635	548	4533	0	93442
9583	774	2801	512	93416	0	97503
9584	473	1348	89301	4416	0	95538
9585	677	677	2807	91855	0	96016
9586	730	551	1382	94670	0	97333
9587	88167	514	762	5141	0	94584
9588	2950	475	642	90268	0	94335
9589	1439	555	533	89915	0	92442
9590	899	514	439	91993	0	93845
9591	83178	391	483	5755	0	89807
9592	2841	84124	514	3215	0	90694
9593	1555	2667	348	86794	0	91364
9594	1112	1322	372	88917	0	91723
9595	775	855	83665	5268	0	90563
9596	811	678	2609	86058	0	90156
9597	81173	493	1356	5066	0	88088
9598	2813	82461	755	3216	0	89245
9599	1690	2848	536	83145	0	88219
9600	1207	1458	405	86154	0	89224
9601	841	877	81036	5358	0	88112
9602	76749	657	2742	3550	0	83698
9603	2834	79736	1420	2728	0	86718
9604	81466	2789	726	2475	0	87456
9605	3381	1587	624	82764	0	88356
9606	1794	1127	523	84592	0	88036
9607	1272	839	486	86142	0	88739
9608	1133	803	660	86818	0	89414
9609	82446	813	649	5590	0	89498
9610	3321	898	524	82805	0	87548
9611	1678	79639	678	4808	0	86803
9612	1294	2725	698	83608	0	88325
9613	1010	1267	831	86578	0	89686
9614	81504	790	843	5817	0	88954
9615	3115	80478	700	3756	0	88049
9616	1995	2848	500	85111	0	90454
9617	82691	1461	422	5235	0	89809
9618	84899	910	330	3962	0	90101
9619	4178	865	369	85884	0	91296
9620	2154	831	80869	5292	0	89146
9621	82189	840	2241	3730	0	89000
9622	3706	900	1098	85452	0	91156
9623	2045	842	85167	5018	0	93072
9624	1584	680	2763	89424	0	94451
9625	1682	713	1452	87873	0	91720
9626	1580	542	781	90694	0	93597
9627	1394	89671	750	5716	0	97531
9628	1474	2625	704	93528	0	98331
9629	1293	1330	482	96611	0	99716
9630	1294	776	627	96478	0	99175
9631	1452	782	609	96384	0	99227
9632	1271	790	462	96413	0	98936
9633	1168	804	565	96806	0	99343
9634	87558	742	594	6347	0	95241
9635	2847	753	84255	4268	0	92123
9636	1628	83323	2305	3463	0	90719
9637	84247	2196	1208	3292	0	90943
9638	2711	84259	788	2905	0	90663
9639	84210	2514	720	2869	0	90313
9640	3245	1514	657	84737	0	90153
9641	86677	917	668	4308	0	92570
9642	3302	811	632	88013	0	92758
9643	2177	794	506	86212	0	89689
9644	1521	85734	359	4765	0	92379
9645	87061	2282	327	3701	0	93371
9646	2900	1318	88127	3114	0	95459
9647	2184	749	1878	92099	0	96910
9648	1532	668	91026	4197	0	97423
9649	1418	823	84437	3139	0	89817
9650	89611	743	2754	2697	0	95805
9651	2755	897	1362	92926	0	97940
9652	1968	783	90464	3838	0	97053
9653	1544	597	93772	2905	0	98818
9654	1511	572	2842	95742	0	100667
9655	1338	616	1412	101163	0	104529
9656	100017	582	1063	4633	0	106295
9657	3060	596	860	102316	0	106832
9658	2162	579	105893	3964	0	112598
9659	1688	413	2279	108353	0	112733
9660	1479	530	1552	108068	0	111629
9661	1095	108880	1095	4164	0	115234
9662	107175	1728	930	3500	0	113333
9663	2343	106136	868	2543	0	111890
9664	94547	1208	551	1921	0	98227
9665	1075	82739	291	858	0	84963
9666	388	78368	239	486	0	79481
9667	615	719	420	79208	0	80962
9668	427	279	354	78768	0	79828
9669	371	283	124	77966	0	78744
9670	76459	130	80	881	0	77550
9671	421	163	76823	445	0	77852
9672	291	139	285	75828	0	76543
9673	74907	81	135	719	0	75842
9674	365	74402	119	395	0	75281
9675	236	75767	122	262	0	76387
9676	410	467	161	76113	0	77151
9677	223	153	112	78115	0	78603
9678	207	112	65	78669	0	79053
9679	106	80405	100	489	0	81100
9680	177	268	66	81825	0	82336
9681	134	182	81043	428	0	81787
9682	125	172	72717	231	0	73245
9683	76523	83	204	416	0	77226
9684	256	75	162	82383	0	82876
9685	82613	50	86	582	0	83331
9686	81457	50	62	526	0	82095
9687	248	83797	80	155	0	84280
9688	86147	163	56	512	0	86878
9689	89627	78	78	524	0	90307
9690	346	49	74	90417	0	90886
9691	285	52	50	92132	0	92519
9692	158	111	95499	281	0	96049
9693	128	97412	189	300	0	98029
9694	876	285	187	79880	0	81228
9695	158	91	69	100429	0	100747
9696	100925	58	54	595	0	101632
9697	257	59	48	100671	0	101035
9698	101126	51	33	625	0	101835
9699	326	112	43	103193	0	103674
9700	139	102629	88	426	0	103282
9701	107414	365	121	681	0	108581
9702	580	174	44	117829	0	118627
9703	466	100	47	123754	0	124367
9704	412	86	38	132304	0	132840
9705	186	129	131269	2011	0	133595
9706	433	76	1454	131454	0	133417
9707	134908	59	527	2601	0	138095
9708	1837	52	320	139840	0	142049
9709	1012	58	223	152009	0	153302
9710	752	61	172	152499	0	153484
9711	334	148859	197	3959	0	153349
9712	244	156341	231	1678	0	158494
9713	155526	3174	100	1680	0	160480
9714	2726	158086	153	871	0	161836
9715	158469	3146	99	1262	0	162976
9716	158904	1311	112	1167	0	161494
9717	159406	692	86	1438	0	161622
9718	4214	683	159294	616	0	164807
9719	1768	164211	2685	589	0	169253
9720	169735	2979	869	1135	0	174718
9721	3951	1324	393	169969	0	175637
9722	2194	762	301	169942	0	173199
9723	1502	676	223	172198	0	174599
9724	960	168303	256	4303	0	173822
9725	1265	3056	277	171192	0	175790
9726	171135	1448	144	4360	0	177087
9727	3881	788	179	169412	0	174260
9728	1983	713	157	172480	0	175333
9729	1186	621	169323	4679	0	175809
9730	1144	588	169130	2371	0	173233
9731	1411	445	3531	174550	0	179937
9732	1193	375	1571	177214	0	180353
9733	622	177105	967	4689	0	183383
9734	1329	2979	607	176648	0	181563
9735	1230	1236	464	181784	0	184714
9736	963	758	427	184146	0	186294
9737	178634	704	403	6224	0	185965
9738	3309	841	179176	3049	0	186375
9739	1963	689	2882	183137	0	188671
9740	183737	597	1159	5116	0	190609
9741	182751	563	739	3140	0	187193
9742	4688	655	600	181648	0	187591
9743	2538	576	645	184571	0	188330
9744	180370	673	620	5555	0	187218
9745	3931	177409	657	3052	0	185049
9746	2029	181283	528	2416	0	186256
9747	1859	4171	457	183888	0	190375
9748	184436	1731	428	5127	0	191722
9749	185735	1044	344	3499	0	190622
9750	181291	759	380	3158	0	185588
9751	4980	853	184427	2064	0	192324
9752	171549	888	3150	2553	0	178140
9753	4703	904	178322	1985	0	185914
9754	171495	696	3292	2626	0	178109
9755	4594	175720	1513	2119	0	183946
9756	2625	3322	176844	2203	0	184994
9757	2134	1603	3414	177188	0	184339
9758	1905	1157	176489	4821	0	184372
9759	2077	1107	3710	178254	0	185148
9760	178306	1061	1830	5664	0	186861
9761	4244	1038	182086	3316	0	190684
9762	2862	818	3773	181896	0	189349
9763	2101	186164	2121	4734	0	195120
9764	2331	3310	1338	201728	0	208707
9765	2092	1583	1409	200616	0	205700
9766	2329	1279	1159	188250	0	193017
9767	198300	1021	1090	6638	0	207049
9768	199190	967	1001	4232	0	205390
9769	5479	1015	815	200583	0	207892
9770	2891	1166	194542	5536	0	204135
9771	2391	1016	186539	3647	0	193593
9772	2278	922	4387	199231	0	206818
9773	2086	1213	205281	5445	0	214025
9774	2576	985	3889	205935	0	213385
9775	2844	1035	2082	190090	0	196051
9776	2240	805	1387	208525	0	212957
9777	2065	197573	1365	6441	0	207444
9778	2210	175829	1462	4106	0	183607
9779	2071	4125	1220	208551	0	215967
9780	2004	1971	1278	207781	0	213034
9781	2111	1292	1208	207353	0	211964
9782	203506	1039	1040	7285	0	212870
9783	4553	1077	207235	4355	0	217220
9784	2686	946	3983	209672	0	217287
9785	209444	851	2309	6496	0	219100
9786	4221	208674	1858	4178	0	218931
9787	2702	3588	1434	215334	0	223058
9788	1996	1683	1428	217143	0	222250
9789	1805	1166	1249	214554	0	218774
9790	1795	925	1164	213989	0	217873
9791	1557	1055	205556	7293	0	215461
9792	185851	1062	3629	5466	0	196008
9793	201008	899	1816	4771	0	208494
9794	4977	903	203168	3634	0	212682
9795	197194	716	3691	4072	0	205673
9796	206867	787	1841	3715	0	213210
9797	5573	845	210694	2887	0	219999
9798	2962	216708	4021	3061	0	226752
9799	3002	3364	2009	221150	0	229525
9800	2320	1552	227150	4753	0	235775
9801	2018	216620	3718	3470	0	225826
9802	1985	2816	210852	2579	0	218232
9803	1233	206811	2925	1924	0	212893
9804	1455	2149	1543	203297	0	208444
9805	1023	843	204012	2570	0	208448
9806	1639	740	2247	197737	0	202363
9807	1242	636	209091	2540	0	213509
9808	772	205741	1985	1703	0	210201
9809	195998	579	724	1276	0	198577
9810	613	192626	296	507	0	194042
9811	347	210411	247	641	0	211646
9812	1323	780	443	212278	0	214824
9813	446	253	161	217170	0	218030
9814	443	130	75	216118	0	216766
9815	492	93	63	210727	0	211375
9816	293	97	62	219068	0	219520
9817	201	200	232142	650	0	233193
9818	659	55	421	223380	0	224515
9819	367	76	145	232169	0	232757
9820	235145	28	97	1806	0	237076
9821	233646	45	85	1273	0	235049
9822	236793	38	77	1173	0	238081
9823	1146	67	81	239063	0	240357
9824	258503	55	56	1994	0	260608
9825	274917	61	68	1795	0	276841
9826	278865	42	60	1510	0	280477
9827	2983	236	276444	193	0	279856
9828	266535	83	2154	1218	0	269990
9829	284333	55	568	1383	0	286339
9830	286438	44	311	1098	0	287891
9831	4069	66	262	287747	0	292144
9832	1459	272	291541	2495	0	295767
9833	1478	62	2454	287835	0	291829
9834	300610	28	737	4037	0	305412
9835	3530	52	376	304448	0	308406
9836	1135	312709	459	2732	0	317035
9837	1389	2323	174	323330	0	327216
9838	323108	545	216	4315	0	328184
9839	324004	311	280	2529	0	327124
9840	320329	265	158	2188	0	322940
9841	4108	393	328399	636	0	333536
9842	2665	224	2941	320514	0	326344
9843	1693	264	876	336398	0	339231
9844	987	322	334896	4107	0	340312
9845	794	321552	3340	1745	0	327431
9846	960	3109	322275	1000	0	327344
9847	1424	841	3469	330815	0	336549
9848	332760	380	1355	4805	0	339300
9849	3814	607	341543	1668	0	347632
9850	2265	241	3489	342161	0	348156
9851	1141	506	344761	3759	0	350167
9852	333329	279	3891	2626	0	340125
9853	4523	157	1461	351824	0	357965
9854	1745	461	364181	4001	0	370388
9855	2180	147	3804	358310	0	364441
9856	1083	430	367103	4668	0	373284
9857	912	366812	4202	2175	0	374101
9858	1725	3288	1603	370642	0	377258
9859	372391	946	1014	5561	0	379912
9860	5015	572	1050	372979	0	379616
9861	2725	445	972	367970	0	372112
9862	366625	210	898	6754	0	374487
9863	4903	345521	1013	2417	0	353854
9864	2216	355170	789	2065	0	360240
9865	2252	4203	794	358115	0	365364
9866	1389	357563	971	4602	0	364525
9867	1798	3888	723	362467	0	368876
9868	1841	1433	678	364620	0	368572
9869	362246	949	616	7085	0	370896
9870	4371	357902	787	2903	0	365963
9871	2295	4275	350844	2137	0	359551
9872	1651	364019	3623	1956	0	371249
9873	361551	4227	1279	3019	0	370076
9874	371563	1474	1048	3117	0	377202
9875	6408	958	966	368649	0	376981
9876	376568	920	877	6594	0	384959
9877	6144	904	894	376628	0	384570
9878	375502	932	957	7282	0	384673
9879	382555	923	911	4436	0	388825
9880	7380	749	944	399193	0	408266
9881	401660	565	1006	8088	0	411319
9882	6734	837	402980	2978	0	413529
9883	391371	476	4747	3841	0	400435
9884	7137	620	1954	406579	0	416290
9885	410926	561	1503	7186	0	420176
9886	6904	410056	1421	3037	0	421418
9887	4762	4363	1144	412834	0	423103
9888	3906	1483	1441	415248	0	422078
9889	412068	1006	1439	8877	0	423390
9890	7760	1273	407264	3931	0	420228
9891	3833	402318	5090	3167	0	414408
9892	3943	4673	1893	412763	0	423272
9893	2929	404624	1755	6375	0	415683
9894	3505	5007	1328	413846	0	423686
9895	3782	2083	1361	400294	0	407520
9896	3248	1509	1362	415420	0	421539
9897	407016	1681	1137	9650	0	419484
9898	6620	1599	912	401977	0	411108
9899	402245	1620	941	9529	0	414335
9900	398853	1472	1044	6243	0	407612
9901	8136	1132	1030	403962	0	414260
9902	401487	949	1254	9360	0	413050
9903	393780	1052	1284	6187	0	402303
9904	8071	1441	398326	3560	0	411398
9905	4830	1337	5315	387258	0	398740
9906	400186	1443	2298	8449	0	412376
9907	6832	392905	2132	3979	0	405848
9908	399716	5087	1493	5401	0	411697
9909	399058	1754	1286	5326	0	407424
9910	8716	1431	388845	3135	0	402127
9911	5240	1110	5457	365760	0	377567
9912	401109	933	2304	8998	0	413344
9913	8427	1045	1713	407405	0	418590
9914	5341	1037	1494	413432	0	421304
9915	4603	1031	1492	415093	0	422219
9916	4276	877	1530	436967	0	443650
9917	429934	754	1551	12958	0	445197
9918	10022	1387	441237	5654	0	458300
9919	6330	1503	8314	455228	0	471375
9920	3844	1617	492507	11432	0	509400
9921	3426	1635	509854	6316	0	521231
9922	508236	946	19413	7113	0	535708
9923	17656	1086	558478	4111	0	581331
9924	9865	536522	19225	3354	0	568966
9925	542997	14911	10954	4543	0	573405
9926	556210	8164	5262	3713	0	573349
9927	27313	3695	3264	540052	0	574324
9928	14236	2025	548722	16598	0	581581
9929	7466	1983	533667	10086	0	553202
9930	550978	1397	24537	6868	0	583780
9931	21466	1469	13325	564587	0	600847
9932	575274	1044	6676	19295	0	602289
9933	21848	581269	4850	10849	0	618816
9934	587586	16223	4591	7732	0	616132
9935	588769	9365	3842	6122	0	608098
9936	28858	576033	4017	3486	0	612394
9937	19052	18388	2892	575754	0	616086
9938	580315	10584	2383	20343	0	613625
9939	23575	5792	574538	11369	0	615274
9940	14901	578387	18741	6869	0	618898
9941	12135	18428	11305	578437	0	620305
9942	584904	10740	6666	20942	0	623252
9943	22407	592188	4275	12258	0	631128
9944	606219	20019	3571	8846	0	638655
9945	26659	12957	593120	4691	0	637427
9946	587409	7397	19773	6086	0	620665
9947	28081	5266	602629	3968	0	639944
9948	591405	4289	23411	5296	0	624401
9949	587082	4035	13372	5820	0	610309
9950	33855	3806	578854	4015	0	620530
9951	20460	581502	21774	3877	0	627613
9952	15741	19372	14104	549598	0	598815
9953	10265	12225	588690	19643	0	630823
9954	9258	576648	22560	12801	0	621267
9955	12045	20808	14209	554236	0	601298
9956	11100	13290	9062	591248	0	624700
9957	9014	8260	577381	29515	0	624170
9958	11337	5573	23640	558954	0	599504
9959	10571	4941	16273	587105	0	618890
9960	8082	4994	578008	32587	0	623671
9961	10570	4537	25310	551275	0	591692
9962	8000	568401	17870	26110	0	620381
9963	577052	20877	11978	18481	0	628388
9964	25724	13550	10360	567965	0	617599
9965	16984	581778	10785	25135	0	634682
9966	14898	22794	10278	543737	0	591707
9967	11265	595067	10842	24251	0	641425
9968	12270	26689	581159	16025	0	636143
9969	11204	597244	25942	12218	0	646608
9970	586660	27863	17565	12395	0	644483
9971	594930	16952	12701	12273	0	636856
9972	605297	12101	10519	12910	0	640827
9973	40666	9171	594170	10963	0	654970
9974	25428	9002	582455	10436	0	627321
9975	17946	602335	36880	9860	0	667021
9976	18691	26798	22477	563025	0	630991
9977	16437	620036	14173	24573	0	675219
9978	20264	31692	11174	535983	0	599113
9979	15578	622317	10645	25490	0	674030
9980	614795	33731	10107	18325	0	676958
9981	663349	22343	9781	14361	0	709834
9982	46679	16251	9637	674073	0	746640
9983	30757	13030	664220	32708	0	740715
9984	655182	12400	30658	24387	0	722627
9985	40655	678246	21416	16694	0	757011
9986	31719	32596	16186	667368	0	747869
9987	25517	22407	12915	661363	0	722202
9988	19776	687997	13002	41078	0	761853
9989	690362	35985	11943	28122	0	766412
9990	42205	26203	679866	16644	0	764918
9991	31916	19388	33134	685493	0	769931
9992	693858	14977	22191	37864	0	768890
9993	698092	14030	17625	26727	0	756474
9994	54604	687913	13648	18225	0	774390
9995	38815	34009	14304	658409	0	745537
9996	25584	702878	14183	34721	0	777366
9997	713337	39322	13145	27391	0	793195
9998	42346	26776	703772	19575	0	792469
9999	30239	21998	706985	16456	0	775678
10000	24856	16720	44027	697125	0	782728
10001	19668	15942	28269	691605	0	755484
10002	17634	702955	19978	47202	0	787769
10003	19153	35993	17108	709944	0	782198
10004	16708	23396	699700	46391	0	786195
10005	685570	17327	37973	33596	0	774466
10006	38514	15183	24467	716661	0	794825
10007	25499	15728	706610	44555	0	792392
10008	21428	15660	36850	709838	0	783776
10009	17281	14773	25588	688163	0	745805
10010	14536	701822	18911	50962	0	786231
10011	16958	36056	14884	714862	0	782760
10012	16327	24374	15194	705828	0	761723
10013	15432	19163	14479	714882	0	763956
10014	652851	13805	13002	61031	0	740689
10015	34205	636744	12702	39036	0	722687
10016	24292	652698	11071	27653	0	715714
10017	626981	39351	10348	22691	0	699371
10018	608409	22911	10182	20772	0	662274
10019	41812	573569	10627	16462	0	642470
10020	23009	555202	8170	12580	0	598961
10021	490334	24886	5488	10835	0	531543
10022	21725	482852	5072	9366	0	519015
10023	12076	480649	3846	8461	0	505032
10024	465269	23230	6356	9543	0	504398
10025	18394	471300	3515	7630	0	500839
10026	462585	21552	3464	9365	0	496966
10027	455072	13220	3716	8453	0	480461
10028	456525	11327	3189	7850	0	478891
10029	25782	443976	3355	6259	0	479372
10030	15642	451694	2986	6065	0	476387
10031	14237	22288	2042	429173	0	467740
10032	11402	424082	2539	15671	0	453694
10033	11883	22064	2401	445347	0	481695
10034	457008	13445	2788	20926	0	494167
10035	21005	11737	2943	448332	0	484017
10036	12621	445949	3300	21507	0	483377
10037	440873	20117	3047	13552	0	477589
10038	20817	431618	2783	12776	0	467994
10039	13466	451413	2351	9378	0	476608
10040	12755	26449	2222	420429	0	461855
10041	8858	440493	2524	17184	0	469059
10042	431398	21814	3417	11172	0	467801
10043	18641	13632	417362	8903	0	458538
10044	10930	417689	14317	8538	0	451474
10045	10404	18581	7698	421002	0	457685
10046	8407	12857	414434	19026	0	454724
10047	9458	10562	14740	408714	0	443474
10048	8242	9212	8671	419895	0	446020
10049	8046	8652	6819	427297	0	450814
10050	7316	8169	5823	425395	0	446703
10051	6791	7429	404438	27767	0	446425
10052	5896	400490	16637	19467	0	442490
10053	396444	16857	9629	17451	0	440381
10054	16314	11332	392225	14217	0	434088
10055	386910	9541	15641	14643	0	426735
10056	19681	8571	397713	11565	0	437530
10057	13354	7882	18748	399337	0	439321
10058	11631	7545	397158	19896	0	436230
10059	9684	7274	403616	12943	0	433517
10060	9547	6604	22553	401286	0	439990
10061	9854	6384	15092	374578	0	405908
10062	8220	6855	10143	419373	0	444591
10063	7553	6958	8047	417807	0	440365
10064	400390	7256	7587	30516	0	445749
10065	17096	6708	393787	20682	0	438273
10066	395240	6401	16119	18039	0	435799
10067	407038	6551	9261	15225	0	438075
10068	408404	6447	7485	13807	0	436143
10069	408076	7075	5965	11497	0	432613
10070	412814	6840	5168	10729	0	435551
10071	32075	6397	4262	392365	0	435099
10072	20420	6938	359606	18895	0	405859
10073	16097	6591	354927	12502	0	390117
10074	13176	368556	15329	11144	0	408205
10075	359065	15200	9117	10195	0	393577
10076	18076	11248	6058	350619	0	386001
10077	12920	11261	4540	342957	0	371678
10078	11105	336769	4097	18477	0	370448
10079	10335	331686	3972	12143	0	358136
10080	10677	335139	3245	8776	0	357837
10081	287846	15840	3381	7058	0	314125
10082	10376	9084	1576	252608	0	273644
10083	4962	249519	1383	8391	0	264255
10084	3757	7655	1091	249974	0	262477
10085	2818	4326	247518	8828	0	263490
10086	3069	3255	255576	4803	0	266703
10087	3915	2778	8179	278651	0	293523
10088	290118	2931	3658	10363	0	307070
10089	315477	2693	2007	6305	0	326482
10090	319315	2715	1480	5193	0	328703
10091	15381	3179	312791	3654	0	335005
10092	8854	3262	9630	309648	0	331394
10093	5935	3529	5126	328496	0	343086
10094	4765	3738	306776	14461	0	329740
10095	290507	3256	10119	8914	0	312796
10096	13414	3276	313328	5690	0	335708
10097	7026	2885	305141	4405	0	319457
10098	4499	2522	311561	4248	0	322830
10099	4522	2188	14816	295118	0	316644
10100	3849	1723	7601	309272	0	322445
10101	2741	2020	312504	15072	0	332337
10102	4048	1858	12048	314709	0	332663
10103	317475	1333	7497	14842	0	341147
10104	11979	1315	5908	325451	0	344653
10105	6277	1481	326403	14897	0	349058
10106	4197	1344	339492	9876	0	354909
10107	4306	1328	15192	338445	0	359271
10108	347842	1311	8879	15754	0	373786
10109	13113	367984	6865	8734	0	396696
10110	384617	12052	5346	7518	0	409533
10111	392194	6405	5474	6967	0	411040
10112	22062	3241	392790	6073	0	424166
10113	14026	1852	17075	392274	0	425227
10114	397728	1547	11903	19233	0	430411
10115	394565	1531	7894	14428	0	418418
10116	22369	391353	6533	8676	0	428931
10117	15343	12685	5718	392067	0	425813
10118	10948	7243	5118	413142	0	436451
10119	7512	3942	397023	23631	0	432108
10120	7671	2310	16733	397272	0	423986
10121	6893	2031	398097	21943	0	428964
10122	7753	1933	391331	14140	0	415157
10123	8254	2057	21880	390792	0	422983
10124	387198	1903	13126	20145	0	422372
10125	17744	376637	8554	14169	0	417104
10126	382132	12225	7189	10847	0	412393
10127	385870	7407	6497	9217	0	408991
10128	24144	380185	6023	7337	0	417689
10129	16304	13356	5518	368219	0	403397
10130	370785	8906	4476	15743	0	399910
10131	19360	369348	4039	10620	0	403367
10132	367134	13848	3426	8535	0	392943
10133	19079	354250	3800	6025	0	383154
10134	13216	12857	3649	336863	0	366585
10135	9614	8221	3680	350123	0	371638
10136	338939	5409	3553	19291	0	367192
10137	330174	4115	3138	13946	0	351373
10138	20192	336510	3413	8981	0	369096
10139	12897	11647	331853	7241	0	363638
10140	8920	7560	326543	7097	0	350120
10141	7904	4917	17349	314543	0	344713
10142	5590	330860	11917	14225	0	362592
10143	6483	10741	8299	342898	0	368421
10144	6892	7084	6900	341620	0	362496
10145	7006	5187	6181	343864	0	362238
10146	5821	4588	336404	21042	0	367855
10147	5779	4053	322894	14110	0	346836
10148	5721	337879	17773	10605	0	371978
10149	6768	11862	10997	340771	0	370398
10150	7229	8608	6791	359397	0	382025
10151	6948	6406	344519	20459	0	378332
10152	314655	5379	13441	15534	0	349009
10153	16066	4381	10268	353162	0	383877
10154	11511	4258	351558	16677	0	384004
10155	328014	3979	15004	15115	0	362112
10156	15543	346652	10360	11165	0	383720
10157	12909	12161	359120	9955	0	394145
10158	10950	8675	14148	361020	0	394793
10159	360925	6433	10994	17608	0	395960
10160	16151	4938	365346	13421	0	399856
10161	11967	4173	16542	366887	0	399569
10162	9615	3926	12826	362448	0	388815
10163	7752	4106	9172	403024	0	424054
10164	395586	4109	7795	26667	0	434157
10165	15997	385194	7200	18403	0	426794
10166	12454	13576	6230	400504	0	432764
10167	9129	9330	399506	21723	0	439688
10168	8116	6932	16901	390308	0	422257
10169	6975	376005	11759	22049	0	416788
10170	6673	410703	8476	16196	0	442048
10171	400265	19317	6701	14245	0	440528
10172	409414	12044	6084	12187	0	439729
10173	23945	8846	400284	9459	0	442534
10174	392809	6672	16329	10223	0	426033
10175	21760	400804	11471	8880	0	442915
10176	413174	16428	7614	10141	0	447357
10177	23176	11885	5967	407367	0	448395
10178	17159	9203	412092	18392	0	456846
10179	14883	7392	15542	414279	0	452096
10180	11710	6137	415205	21657	0	454709
10181	402567	5384	19844	16605	0	444400
10182	18949	5465	13538	416246	0	454198
10183	12978	423887	9002	21617	0	467484
10184	11429	16498	6649	437490	0	472066
10185	8905	10972	426657	24383	0	470917
10186	7318	416596	16166	18233	0	458313
10187	390913	15154	10527	14801	0	431395
10188	14561	380898	8265	9886	0	413610
10189	8577	371974	6083	7042	0	393676
10190	7716	17210	4617	354881	0	384424
10191	4925	366147	4425	13049	0	388546
10192	6332	15215	3691	369076	0	394314
10193	5324	9954	357289	15450	0	388017
10194	329271	7046	10621	11016	0	357954
10195	355740	5377	7111	8047	0	376275
10196	17497	5037	352981	5517	0	381032
10197	338993	4235	10825	6502	0	360555
10198	14884	348044	7497	5141	0	375566
10199	357764	10908	5443	5954	0	380069
10200	15802	8053	4284	349890	0	378029
10201	10309	5887	352463	11407	0	380066
10202	7316	360396	10521	8689	0	386922
10203	6233	10537	7482	360466	0	384718
10204	4816	6839	4735	368736	0	385126
10205	348358	4662	3345	17711	0	374076
10206	331788	3632	3119	12286	0	350825
10207	14089	326245	3221	7692	0	351247
10208	8007	309383	2411	4853	0	324654
10209	3945	303684	1778	2713	0	312120
10210	4158	7621	1756	292968	0	306503
10211	289221	2716	1711	6367	0	300015
10212	285062	1681	588	3149	0	290480
10213	6477	1265	544	283144	0	291430
10214	3291	1147	674	285509	0	290621
10215	281950	1250	538	6834	0	290572
10216	5538	1077	544	288241	0	295400
10217	2354	1219	286472	5827	0	295872
10218	279319	855	3601	4445	0	288220
10219	289253	885	1352	3563	0	295053
10220	6501	1265	296626	1690	0	306082
10221	300497	1065	3948	2946	0	308456
10222	6670	1289	1626	312840	0	322425
10223	3664	1226	1206	313536	0	319632
10224	2639	1009	1229	319034	0	323911
10225	311239	950	1216	8418	0	321823
10226	5305	316474	1091	3944	0	326814
10227	3201	4805	959	319225	0	328190
10228	2654	309673	1017	5329	0	318673
10229	312132	5172	870	4007	0	322181
10230	6343	2389	1172	315044	0	324948
10231	3980	1708	1089	316550	0	323327
10232	3140	311912	1042	6658	0	322752
10233	2681	5657	307602	3353	0	319293
10234	2986	2416	4621	313388	0	323411
10235	311798	1833	2097	7851	0	323579
10236	334085	1455	1710	5109	0	342359
10237	9437	1551	352733	3031	0	366752
10238	5871	1271	8009	357114	0	372265
10239	3076	368361	3789	8707	0	383933
10240	3217	8686	2320	379441	0	393664
10241	374403	4307	1701	12601	0	393012
10242	375451	2889	1439	7115	0	386894
10243	13271	2311	1424	370791	0	387797
10244	6663	364189	1386	10355	0	382593
10245	391664	9336	921	6964	0	408885
10246	12000	4921	992	402207	0	420120
10247	402562	3549	801	13530	0	420442
10248	422334	2638	907	7856	0	433735
10249	15970	2264	837	421207	0	440278
10250	9133	1781	1213	424511	0	436638
10251	6654	1708	1238	434289	0	443889
10252	4560	425833	1229	16568	0	448190
10253	5298	10506	932	435607	0	452343
10254	5291	4826	1032	438150	0	449299
10255	4297	3551	416585	16763	0	441196
10256	3943	3003	397371	9377	0	413694
10257	4186	2158	12545	410443	0	429332
10258	405685	1744	5894	15890	0	429213
10259	11353	405845	3986	8207	0	429391
10260	398223	10375	2605	8084	0	419287
10261	14176	5011	398812	5765	0	423764
10262	7744	3419	381345	5185	0	397693
10263	4787	391507	11986	4809	0	413089
10264	5193	9663	6475	389961	0	411292
10265	2778	4788	390583	10288	0	408437
10266	2266	3450	389242	5957	0	400915
10267	3313	2681	11290	391712	0	408996
10268	391167	1374	6160	12358	0	411059
10269	392597	1155	4353	7407	0	405512
10270	12524	1341	2941	390593	0	407399
10271	6744	1619	410000	10622	0	428985
10272	6214	1423	8516	413074	0	429227
10273	4810	1467	4798	407269	0	418344
10274	2755	412690	3781	12026	0	431252
10275	411001	7894	3118	8770	0	430783
10276	409746	4041	2630	6971	0	423388
10277	11403	414323	2373	4756	0	432855
10278	7509	8748	2363	395242	0	413862
10279	4388	407096	2645	9362	0	423491
10280	402292	9389	2129	7636	0	421446
10281	10883	5148	395473	4450	0	415954
10282	6758	3551	370380	3897	0	384586
10283	4754	2567	377978	3165	0	388464
10284	4288	2062	11826	378921	0	397097
10285	3283	1547	6662	385278	0	396770
10286	379143	1685	4033	13838	0	398699
10287	9556	1540	2780	382644	0	396520
10288	6396	1917	2386	392735	0	403434
10289	4484	1770	406355	13016	0	425625
10290	3822	1962	385703	7899	0	399386
10291	384442	1811	10531	8017	0	404801
10292	8924	402032	6012	4753	0	421721
10293	409144	7853	4054	5730	0	426781
10294	11501	4048	3518	408433	0	427500
10295	6973	2701	3299	406523	0	419496
10296	4435	403862	3326	11819	0	423442
10297	4297	8162	2887	410713	0	426059
10298	402272	4142	2223	14075	0	422712
10299	10072	3349	1872	406837	0	422130
10300	6087	2973	400622	12566	0	422248
10301	4341	388977	8594	8593	0	410505
10302	384234	7913	5103	8170	0	405420
10303	391475	4414	4140	7316	0	407345
10304	392148	3297	3228	6722	0	405395
10305	397914	2726	2425	6123	0	409188
10306	15641	2516	2157	389989	0	410303
10307	9964	2178	2070	397657	0	411869
10308	6603	2530	387325	13977	0	410435
10309	6241	2096	7810	391988	0	408135
10310	4708	2595	387233	13541	0	408077
10311	5120	1772	9389	390224	0	406505
10312	385226	1836	5359	15315	0	407736
10313	9889	396172	4249	9198	0	419508
10314	7063	8201	3358	402800	0	421422
10315	5941	4759	2988	414208	0	427896
10316	402926	3035	2736	15984	0	424681
10317	389567	2368	2727	11184	0	405846
10318	13654	2373	388114	7213	0	411354
10319	7828	389769	9090	6554	0	413241
10320	6320	8290	5167	386276	0	406053
10321	5037	4507	4348	390958	0	404850
10322	379492	3052	4090	16153	0	402787
10323	376760	2379	3577	11250	0	393966
10324	13765	2609	382824	6507	0	405705
10325	8585	2637	375954	5335	0	392511
10326	7237	2296	11961	368452	0	389946
10327	5752	2163	6632	382590	0	397137
10328	4631	2174	374364	14100	0	395269
10329	356994	1675	10352	10620	0	379641
10330	12103	1620	6029	380079	0	399831
10331	373647	1500	4856	14150	0	394153
10332	11009	370392	4212	8376	0	393989
10333	379955	8209	3045	9191	0	400400
10334	12794	4585	406154	6369	0	429902
10335	8029	395823	9310	5731	0	418893
10336	4892	389701	4390	3519	0	402502
10337	360665	7136	6589	5318	0	379708
10338	349882	2679	1722	3930	0	358213
10339	8352	1730	1340	348838	0	360260
10340	3933	343378	1491	5965	0	354767
10341	2713	356717	1527	3522	0	364479
10342	2929	6378	1323	359231	0	369861
10343	356750	3205	1124	8131	0	369210
10344	357327	2094	914	6008	0	366343
10345	8186	1557	332784	2107	0	344634
10346	317413	923	3952	3662	0	325950
10347	5816	348515	1977	1639	0	357947
10348	356502	6007	909	3234	0	366652
10349	8279	440566	1039	1526	0	451410
10350	3532	491375	904	1472	0	497283
10351	6366	17588	900	550560	0	575414
10352	604525	8110	1111	19504	0	633250
10353	624123	5314	680	11331	0	641448
10354	28547	3816	607748	6133	0	646244
10355	19452	2110	18508	609489	0	649559
10356	622235	1491	8832	25293	0	657851
10357	32334	1611	6042	623004	0	662991
10358	630817	1511	5390	28483	0	666201
10359	637864	1159	4778	18235	0	662036
10360	36019	1488	619595	11849	0	668951
10361	25639	1232	19762	605424	0	652057
10362	18678	1441	9942	624452	0	654513
10363	16227	1166	6523	633928	0	657844
10364	10666	1513	603625	35291	0	651095
10365	10222	1123	23383	603532	0	638260
10366	9487	1265	11637	584773	0	607162
10367	5169	583002	8423	37926	0	634520
10368	4271	19553	577797	23139	0	624760
10369	3222	594324	23775	17680	0	639001
10370	587229	25020	11101	16254	0	639604
10371	25416	14287	7526	563249	0	610478
10372	16696	10984	7200	547061	0	581941
10373	10307	569365	6385	29705	0	615762
10374	564500	24752	4425	20007	0	613684
10375	578064	12786	2977	17253	0	611080
10376	32727	547106	3562	14678	0	598073
10377	18898	581549	2969	11683	0	615099
10378	575119	31099	2697	9548	0	618463
10379	32529	17145	557498	7204	0	614376
10380	19727	13184	558045	6702	0	597658
10381	538705	12243	28186	8030	0	587164
10382	28143	565612	16795	5067	0	615617
10383	570544	24384	12616	7465	0	615009
10384	31358	14213	551888	5937	0	603396
10385	558958	10418	24765	9200	0	603341
10386	34076	574552	13332	6577	0	628537
10387	25117	26489	9651	569871	0	631128
10388	21743	13869	8685	579273	0	623570
10389	20502	10365	7021	541551	0	579439
10390	17005	9667	5202	570051	0	601925
10391	13660	8718	4803	552473	0	579654
10392	10251	546042	4992	46179	0	607464
10393	548852	22559	4741	32398	0	608550
10394	26986	13427	541820	24685	0	606918
10395	19461	10179	21784	558536	0	609960
10396	14754	9971	552795	33903	0	611423
10397	14943	8546	28621	555374	0	607484
10398	13630	6263	18301	572152	0	610346
10399	548867	5634	14681	43798	0	612980
10400	26359	6389	544060	28864	0	605672
10401	15927	537072	28445	23175	0	604619
10402	14779	22806	16112	549506	0	603203
10403	14476	13537	11227	572342	0	611582
10404	12091	11867	551123	38637	0	613718
10405	11923	10820	26959	555572	0	605274
10406	10690	10697	14510	577954	0	613851
10407	532827	7692	10936	47231	0	598686
10408	25266	544246	10648	31194	0	611354
10409	547793	24959	8822	26003	0	607577
10410	565127	15106	6432	23097	0	609762
10411	41371	12077	5323	553463	0	612234
10412	27304	11603	537873	31483	0	608263
10413	21878	11262	542204	19329	0	594673
10414	20750	8966	32619	532101	0	594436
10415	18412	7679	20072	521542	0	567705
10416	12273	530583	17569	38622	0	599047
10417	528485	23454	15625	26396	0	593960
10418	29015	519321	13745	21223	0	583304
10419	19132	548162	9781	20292	0	597367
10420	537221	35959	7680	18734	0	599594
10421	35283	23074	7032	523208	0	588597
10422	23944	551038	6582	31036	0	612600
10423	19126	32915	5931	555348	0	613320
10424	14918	20430	533801	38540	0	607689
10425	13741	14146	539889	28645	0	596421
10426	12020	12559	32173	550700	0	607452
10427	8970	11422	549520	39395	0	609307
10428	10465	8406	34719	550667	0	604257
10429	9730	7558	23711	554155	0	595154
10430	9210	7677	18862	572700	0	608449
10431	525739	6856	15016	51748	0	599359
10432	24506	509733	13789	35015	0	583043
10433	14904	539275	10553	28868	0	593600
10434	498502	30000	7775	26040	0	562317
10435	517422	18629	6648	21419	0	564118
10436	36849	16774	5968	502759	0	562350
10437	22085	15660	492704	30565	0	561014
10438	19707	12804	23056	504037	0	559604
10439	17195	9540	498005	34703	0	559443
10440	13685	494503	27630	25307	0	561125
10441	12132	23768	17426	509082	0	562408
10442	498283	13940	14402	36044	0	562669
10443	28425	11433	11435	510493	0	561786
10444	17628	10680	482921	33715	0	544944
10445	477610	10601	24338	24591	0	537140
10446	31057	8530	492227	19451	0	551265
10447	22058	7043	480374	15024	0	524499
10448	15304	443193	31066	15681	0	505244
10449	9736	350905	16012	9191	0	385844
10450	8526	324020	12002	7534	0	352082
10451	217185	12995	13977	11593	0	255750
10452	189983	1123	1748	2593	0	195447
10453	2111	630	548	193588	0	196877
10454	1248	417	455	193360	0	195480
10455	936	466	401	198092	0	199895
10456	524	196745	455	2142	0	199866
10457	196434	1451	398	2164	0	200447
10458	1658	196770	502	860	0	199790
10459	991	1529	443	198987	0	201950
10460	193851	648	438	2763	0	197700
10461	1872	662	348	194130	0	197012
10462	1054	597	308	197247	0	199206
10463	196670	532	317	3252	0	200771
10464	190692	510	381	2314	0	193897
10465	2181	621	195347	812	0	198961
10466	1117	630	188049	855	0	190651
10467	870	618	197621	803	0	199912
10468	1139	410	2094	198529	0	202172
10469	912	528	876	202679	0	204995
10470	582	202046	688	2291	0	205607
10471	207629	1752	482	2219	0	212082
10472	2315	709	508	210425	0	213957
10473	1275	500	541	213477	0	215793
10474	680	212813	639	2909	0	217041
10475	576	225694	542	1605	0	228417
10476	1045	2434	353	230479	0	234311
10477	1216	1084	340	258151	0	260791
10478	256973	682	410	6182	0	264247
10479	256818	555	425	3280	0	261078
10480	5555	608	362	258154	0	264679
10481	2324	744	255410	4702	0	263180
10482	1771	827	242301	2220	0	247119
10483	1874	521	4667	251522	0	258584
10484	1893	408	1938	247312	0	251551
10485	1027	246361	1390	5737	0	254515
10486	238587	3781	948	3786	0	247102
10487	4739	1443	879	240730	0	247791
10488	1708	1297	240256	4993	0	248254
10489	1966	647	4063	243144	0	249820
10490	1117	741	241587	5739	0	249184
10491	1375	832	238535	2724	0	243466
10492	2059	1209	5153	245017	0	253438
10493	244005	655	2482	6557	0	253699
10494	4234	603	243576	2463	0	250876
10495	2325	465	4553	240224	0	247567
10496	1388	564	252491	4957	0	259400
10497	1657	353	4735	250813	0	257558
10498	1728	563	2078	251028	0	255397
10499	1241	526	249148	5993	0	256908
10500	1204	655	235384	3535	0	240778
10501	2770	459	5825	216921	0	225975
10502	1329	334	2885	246612	0	251160
10503	1248	305	2479	249032	0	253064
10504	1150	283	2022	246431	0	249886
10505	241323	266	1658	8391	0	251638
10506	241605	344	1450	5411	0	248810
10507	4935	241803	1665	3073	0	251476
10508	245858	3634	1306	4037	0	254835
10509	5309	1294	1567	249562	0	257732
10510	248711	859	1348	7476	0	258394
10511	5203	672	246685	3437	0	255997
10512	246755	495	4991	3946	0	256187
10513	5921	550	2590	252874	0	261935
10514	3272	431	1875	262559	0	268137
10515	258939	445	1423	8634	0	269441
10516	6374	425	1345	277940	0	286084
10517	2666	595	288182	8358	0	299801
10518	280907	370	6283	6009	0	293569
10519	7075	297813	2953	3785	0	311626
10520	4221	5957	1881	312423	0	324482
10521	2876	2196	337237	8748	0	351057
10522	3052	1490	8136	332093	0	344771
10523	2449	1101	333748	10654	0	347952
10524	3076	747	9438	329342	0	342603
10525	1947	332401	4208	10844	0	349400
10526	3096	7734	2899	334328	0	348057
10527	2008	349210	2291	11397	0	364906
10528	4583	10111	2314	320330	0	337338
10529	3535	3579	2034	370470	0	379618
10530	3569	2416	2190	373472	0	381647
10531	3797	1705	2288	373829	0	381619
10532	3973	1776	2220	377331	0	385300
10533	2545	2110	359639	17931	0	382225
10534	3318	1724	10795	364046	0	379883
10535	2688	1373	5221	374342	0	383624
10536	362782	1134	4488	19590	0	387994
10537	10066	364286	3300	11372	0	389024
10538	366515	10844	2838	9824	0	390021
10539	13739	4759	2406	370459	0	391363
10540	5551	4050	366292	16121	0	392014
10541	3475	367291	11829	10201	0	392796
10542	359045	11511	5397	10042	0	385995
10543	11481	357742	4035	8535	0	381793
10544	4927	375893	3273	7643	0	391736
10545	367018	14337	2810	8451	0	392616
10546	13888	6339	2664	393122	0	416013
10547	389626	3981	2910	18606	0	415123
10548	16136	2992	3193	385002	0	407323
10549	6919	2982	381535	19264	0	410700
10550	5338	3054	378116	10907	0	397415
10551	363623	2960	15740	9893	0	392216
10552	386127	2821	7346	8356	0	404650
10553	19334	2183	5361	371148	0	398026
10554	10204	2429	4318	381794	0	398745
10555	358879	2791	3503	21388	0	386561
10556	15348	355414	3118	11137	0	385017
10557	7917	373367	2919	8724	0	392927
10558	367404	16142	2588	8152	0	394286
10559	374693	7286	2461	7654	0	392094
10560	19845	367966	2648	6363	0	396822
10561	12314	14524	2238	367726	0	396802
10562	8176	6840	361287	16877	0	393180
10563	6693	5282	363341	9137	0	384453
10564	353516	4073	17491	7850	0	382930
10565	17537	3617	365198	6420	0	392772
10566	11553	3039	15354	351321	0	381267
10567	8967	2804	6994	348330	0	367095
10568	6043	352792	5524	19455	0	383814
10569	353860	13642	4424	11401	0	383327
10570	17880	7024	4012	354141	0	383057
10571	9270	5942	345031	16877	0	377120
10572	7913	345807	13211	9868	0	376799
10573	8183	14529	5952	344740	0	373404
10574	5936	7355	340486	17245	0	371022
10575	5380	5709	329487	10391	0	350967
10576	4274	326546	17129	8690	0	356639
10577	292694	11865	8120	6602	0	319281
10578	12453	301683	5753	5537	0	325426
10579	300799	12525	4849	5889	0	324062
10580	13180	6183	295514	6036	0	320913
10581	285824	4401	11976	7019	0	309220
10582	13076	298019	6513	5514	0	323122
10583	8686	12172	4695	296266	0	321819
10584	6425	6237	4224	312059	0	328945
10585	304155	4810	4219	16872	0	330056
10586	12737	4854	301672	9277	0	328540
10587	298775	4547	11920	8328	0	323570
10588	308046	3968	6667	7123	0	325804
10589	15822	3934	291953	6190	0	317899
10590	8343	4525	299990	5737	0	318595
10591	7753	4647	14453	292700	0	319553
10592	298586	4271	7212	14553	0	324622
10593	302431	4114	5753	8393	0	320691
10594	16445	297553	5853	6314	0	326165
10595	10415	11746	4554	302258	0	328973
10596	8860	6161	3870	301338	0	320229
10597	7533	4783	3819	304114	0	320249
10598	7200	3781	3697	310969	0	325647
10599	300482	3379	3895	19085	0	326841
10600	16152	3447	4017	306892	0	330508
10601	9522	4029	300068	16033	0	329652
10602	8504	3673	294762	9082	0	316021
10603	288287	3253	15258	8050	0	314848
10604	15630	288957	8361	6329	0	319277
10605	8863	305418	6468	6187	0	326936
10606	9174	14021	5146	302571	0	330912
10607	8762	6638	4529	310535	0	330464
10608	7700	5337	4371	305798	0	323206
10609	6789	4419	4248	314793	0	330249
10610	5620	3870	300067	20427	0	329984
10611	6956	3508	11792	301757	0	324013
10612	7177	3237	5603	306232	0	322249
10613	5919	3292	286828	19211	0	315250
10614	266998	2531	12924	12403	0	294856
10615	13015	280027	7525	9575	0	310142
10616	264968	9627	5428	7767	0	287790
10617	12771	4186	257182	6003	0	280142
10618	6884	3326	245940	4977	0	261127
10619	4892	244767	11685	4640	0	265984
10620	221550	12703	14513	6410	0	255176
10621	205825	3750	3669	4307	0	217551
10622	208119	2369	2322	3913	0	216723
10623	9498	202255	2201	3809	0	217763
10624	200309	6606	2595	3499	0	213009
10625	8625	2984	200732	3310	0	215651
10626	4232	199350	6543	3296	0	213421
10627	191515	6128	3531	3388	0	204562
10628	7437	195385	2624	2588	0	208034
10629	187556	6113	1907	2351	0	197927
10630	180197	2873	1839	2432	0	187341
10631	7827	1885	185651	1704	0	197067
10632	4067	185813	6067	1524	0	197471
10633	185326	5551	2917	1900	0	195694
10634	6762	2734	183917	1241	0	194654
10635	3736	182088	5396	1525	0	192745
10636	3739	5719	2575	176252	0	188285
10637	2470	2482	176805	4510	0	186267
10638	2118	2067	169957	2206	0	176348
10639	2398	1838	5250	171556	0	181042
10640	169126	1115	2582	5238	0	178061
10641	4857	168779	1731	2485	0	177852
10642	2578	4311	166668	1707	0	175264
10643	2385	1985	162705	1243	0	168318
10644	153317	1437	4953	1497	0	161204
10645	4471	165256	2724	931	0	173382
10646	142005	2219	1180	854	0	146258
10647	2544	142261	691	302	0	145798
10648	143139	2493	764	958	0	147354
10649	139104	1078	608	810	0	141600
10650	3001	137866	647	354	0	141868
10651	1732	2277	507	139426	0	143942
10652	145507	1109	479	2631	0	149726
10653	3040	765	546	147865	0	152216
10654	1654	588	550	156055	0	158847
10655	155786	471	552	4341	0	161150
10656	3466	156056	572	1550	0	161644
10657	157980	3230	470	1759	0	163439
10658	4058	1424	156198	702	0	162382
10659	2154	953	3212	156514	0	162833
10660	1667	652	1215	158659	0	162193
10661	156930	544	799	4741	0	163014
10662	157957	649	505	2317	0	161428
10663	4895	676	378	157060	0	163009
10664	2372	765	157789	3659	0	164585
10665	1948	713	3251	157351	0	163263
10666	1645	536	1252	160419	0	163852
10667	1446	562	961	162279	0	165248
10668	1428	529	618	163157	0	165732
10669	158631	471	499	5903	0	165504
10670	4276	606	156522	2464	0	163868
10671	1995	156444	3415	1748	0	163602
10672	1845	3252	1329	156428	0	162854
10673	1475	1258	1049	163667	0	167449
10674	1167	986	160489	5313	0	167955
10675	1144	744	155668	2845	0	160401
10676	1496	448	4390	162502	0	168836
10677	1515	534	1810	165789	0	169648
10678	1290	650	160817	5612	0	168369
10679	1472	603	4208	160072	0	166355
10680	162335	682	1792	5937	0	170746
10681	4398	166365	1414	3043	0	175220
10682	2228	4042	163051	2297	0	171618
10683	1431	164108	4369	1915	0	171823
10684	1777	4441	1891	165441	0	173550
10685	1396	1987	164783	4928	0	173094
10686	1271	163150	4547	2700	0	171668
10687	1581	4265	2246	165425	0	173517
10688	1206	2022	168091	5113	0	176432
10689	1663	1415	4702	165533	0	173313
10690	1544	1084	2251	167857	0	172736
10691	165827	892	1665	7213	0	175597
10692	5129	1016	1274	168376	0	175795
10693	167400	907	1275	6953	0	176535
10694	162716	892	1342	3857	0	168807
10695	164067	994	1182	3274	0	169517
10696	7051	858	1127	161865	0	170901
10697	3023	723	156474	5864	0	166084
10698	2106	849	151126	3342	0	157423
10699	152461	608	5337	3319	0	161725
10700	5252	658	155161	2023	0	163094
10701	147665	665	4573	2721	0	155624
10702	5199	152310	2429	1948	0	161886
10703	154931	3596	1724	2394	0	162645
10704	5444	1577	156086	1955	0	165062
10705	2743	1082	159616	1870	0	165311
10706	2618	664	5477	162411	0	171170
10707	1822	674	169737	5618	0	177851
10708	1762	726	173127	2785	0	178400
10709	2447	694	6872	180373	0	190386
10710	2166	745	3085	191966	0	197962
10711	2024	719	2133	199631	0	204507
10712	1336	195546	2080	9516	0	208478
10713	2165	6327	1746	191882	0	202120
10714	1259	203407	1872	8326	0	214864
10715	202100	7386	1756	5013	0	216255
10716	207435	3254	1600	3969	0	216258
10717	9607	2003	1563	195939	0	209112
10718	4347	194364	1572	8558	0	208841
10719	2971	6888	199686	4508	0	214053
10720	201295	2801	7925	4035	0	216056
10721	9168	1967	3634	202002	0	216771
10722	4777	1489	2572	207523	0	216361
10723	3859	1282	1910	213894	0	220945
10724	202784	1053	1664	13236	0	218737
10725	8918	190064	1676	6831	0	207489
10726	4084	201580	1727	4684	0	212075
10727	192051	8980	1587	4003	0	206621
10728	8683	196696	1742	2830	0	209951
10729	196840	8953	1556	3395	0	210744
10730	199416	3875	1543	3480	0	208314
10731	11046	193783	1678	3009	0	209516
10732	6231	8661	1634	187334	0	203860
10733	3763	193623	1772	8765	0	207923
10734	4006	9125	1448	193036	0	207615
10735	3522	4227	1258	205317	0	214324
10736	197784	3250	1226	13195	0	215455
10737	208530	2717	1239	7114	0	219600
10738	12977	2357	1404	205612	0	222350
10739	6382	2547	198632	10930	0	218491
10740	193941	2387	8305	6585	0	211218
10741	10839	198550	3825	4868	0	218082
10742	6229	9078	2628	199490	0	217425
10743	5238	4384	2009	206867	0	218498
10744	4636	3309	1715	210449	0	220109
10745	195399	3047	1411	15288	0	215145
10746	198069	2654	1271	9493	0	211487
10747	12304	182385	1558	6779	0	203026
10748	6952	193410	1610	5371	0	207343
10749	6485	10778	1282	190025	0	208570
10750	5883	5447	1445	196850	0	209625
10751	4499	4151	188331	13213	0	210194
10752	4575	3377	8047	187838	0	203837
10753	3500	2630	182402	12810	0	201342
10754	3434	2058	170711	7217	0	183420
10755	2934	171689	9765	5705	0	190093
10756	3491	8026	4853	173898	0	190268
10757	174036	3906	3095	11181	0	192218
10758	9646	3073	2323	174826	0	189868
10759	5449	3115	170622	10642	0	189828
10760	167351	2887	7490	6772	0	184500
10761	174982	2813	3595	5235	0	186625
10762	11591	2860	169795	4371	0	188617
10763	7172	2355	7998	174791	0	192316
10764	173710	2011	4186	10641	0	190548
10765	10536	174359	3373	6157	0	194425
10766	179186	8285	2685	6092	0	196248
10767	187434	4352	2562	5543	0	199891
10768	13074	3456	2270	181970	0	200770
10769	7717	2963	1885	192015	0	204580
10770	188096	2594	2033	13591	0	206314
10771	12577	2131	1776	190893	0	207377
10772	7144	2310	184895	13218	0	207567
10773	179893	2031	8571	8413	0	198908
10774	188415	1961	4084	6541	0	201001
10775	13261	176537	2883	5590	0	198271
10776	7260	186230	2385	5054	0	200929
10777	6195	10571	1840	178425	0	197031
10778	5156	184764	1773	10333	0	202026
10779	5355	10276	1473	187712	0	204816
10780	182470	4838	1523	12085	0	200916
10781	180685	3496	1522	7355	0	193058
10782	11737	175850	1744	5856	0	195187
10783	176514	8520	1832	5607	0	192473
10784	11527	176784	1896	4533	0	194740
10785	178730	9321	1864	4722	0	194637
10786	182662	4964	2087	4626	0	194339
10787	12971	3742	172622	4159	0	193494
10788	171153	3142	7730	4213	0	186238
10789	11865	167096	3793	3673	0	186427
10790	6994	177729	2650	3815	0	191188
10791	178019	10037	2265	3899	0	194220
10792	12132	5596	1638	176309	0	195675
10793	7257	4070	174571	9513	0	195411
10794	6882	3546	7477	176403	0	194308
10795	6178	3073	3443	184077	0	196771
10796	5216	2962	174432	11985	0	194595
10797	166069	2520	8122	7423	0	184134
10798	10715	171882	3933	5814	0	192344
10799	175077	7931	2941	4854	0	190803
10800	12462	4234	2331	170241	0	189268
10801	172139	3365	2097	9761	0	187362
10802	11726	167958	1781	5952	0	187417
10803	7788	8570	1534	170667	0	188559
10804	168338	4214	1641	10645	0	184838
10805	11048	3072	157056	6307	0	177483
10806	5933	2440	145486	5243	0	159102
10807	139281	2290	8471	4610	0	154652
10808	9247	137026	4142	3613	0	154028
10809	4463	121823	2079	2462	0	130827
10810	5711	6966	2394	110599	0	125670
10811	3216	112228	1413	5031	0	121888
10812	3546	5400	1450	112835	0	123231
10813	3153	2873	1186	118383	0	125595
10814	2704	1989	1229	116725	0	122647
10815	2724	112056	1281	6345	0	122406
10816	2694	4322	1285	112823	0	121124
10817	2492	2574	109220	5352	0	119638
10818	2597	106710	3471	3190	0	115968
10819	2241	3914	1541	97420	0	105116
10820	1983	100889	1347	3386	0	107605
10821	100037	3423	1068	2378	0	106906
10822	99777	1958	945	2243	0	104923
10823	100363	1462	1074	1869	0	104768
10824	4855	101044	954	1613	0	108466
10825	3188	3187	811	101278	0	108464
10826	2694	1951	98455	3121	0	106221
10827	2382	1835	93235	2040	0	99492
10828	92693	1733	3048	2170	0	99644
10829	97305	1406	1520	2029	0	102260
10830	4194	1259	1098	100711	0	107262
10831	3011	1121	925	104614	0	109671
10832	2176	1178	103764	4804	0	111922
10833	1913	100416	3240	2955	0	108524
10834	2090	97520	1797	2208	0	103615
10835	1686	3197	98213	1469	0	104565
10836	1700	2242	2711	93833	0	100486
10837	1870	1286	1139	77530	0	81825
10838	1370	902	686	96048	0	99006
10839	1329	1043	555	96351	0	99278
10840	94629	968	535	3666	0	99798
10841	3058	988	91123	1556	0	96725
10842	91090	858	2184	1417	0	95549
10843	3300	870	1009	92782	0	97961
10844	93582	767	671	3121	0	98141
10845	3245	828	661	93758	0	98492
10846	1892	832	94023	2916	0	99663
10847	1620	941	2343	94857	0	99761
10848	1251	1078	97872	2923	0	103124
10849	1303	882	2489	96858	0	101532
10850	1084	713	100695	3194	0	105686
10851	879	99819	2380	1943	0	105021
10852	1040	2168	1162	101209	0	105579
10853	1005	1141	699	101540	0	104385
10854	859	101882	796	2951	0	106488
10855	103938	2347	799	1973	0	109057
10856	2897	1144	703	103915	0	108659
10857	1605	856	664	103778	0	106903
10858	104058	729	545	3915	0	109247
10859	105155	686	548	2416	0	108805
10860	108216	700	661	1803	0	111380
10861	108928	614	615	1747	0	111904
10862	3899	597	102691	1245	0	108432
10863	100344	561	2465	1565	0	104935
10864	106384	573	1334	1327	0	109618
10865	3805	671	824	101095	0	106395
10866	2108	649	640	101986	0	105383
10867	97575	442	475	3490	0	101982
10868	2588	95991	500	1804	0	100883
10869	1706	2050	346	93903	0	98005
10870	897	826	96232	2634	0	100589
10871	544	94187	1607	1429	0	97767
10872	93760	1698	897	1203	0	97558
10873	94632	718	438	963	0	96751
10874	94555	443	269	783	0	96050
10875	96089	294	325	771	0	97479
10876	2486	255	377	92988	0	96106
10877	1221	353	91415	1795	0	94784
10878	920	343	95000	935	0	97198
10879	860	245	2300	103761	0	107166
10880	110978	173	1010	2764	0	114925
10881	3149	187	491	112255	0	116082
10882	1340	335	113602	3058	0	118335
10883	113586	175	2772	1952	0	118485
10884	116309	151	1271	1156	0	118887
10885	4135	248	643	116496	0	121522
10886	1998	207	119599	2956	0	124760
10887	1391	158	119948	1523	0	123020
10888	114296	95	3603	1508	0	119502
10889	3325	118365	1449	1047	0	124186
10890	1645	2412	120274	772	0	125103
10891	1365	780	3037	119380	0	124562
10892	119860	343	1452	3572	0	125227
10893	3184	114545	983	1594	0	120306
10894	1670	118650	846	981	0	122147
10895	118648	3320	663	1195	0	123826
10896	3641	1276	769	118319	0	124005
10897	125815	651	639	3587	0	130692
10898	4265	447	575	127449	0	132736
10899	2104	511	590	129691	0	132896
10900	1145	605	125891	4514	0	132155
10901	1198	555	116921	2007	0	120681
10902	1198	547	126397	1201	0	129343
10903	1382	504	4428	126400	0	132714
10904	128253	378	1855	4280	0	134766
10905	4234	431	127929	2106	0	134700
10906	2421	381	3787	128117	0	134706
10907	1443	668	130831	4175	0	137117
10908	1301	131121	4177	1994	0	138593
10909	1714	3370	1901	133899	0	140884
10910	1653	1128	1191	135951	0	139923
10911	1614	507	1218	137940	0	141279
10912	134270	433	1173	6173	0	142049
10913	4457	382	1258	134985	0	141082
10914	2342	525	1349	137435	0	141651
10915	134361	480	1311	6131	0	142283
10916	4445	539	132427	2856	0	140267
10917	131364	454	3996	2485	0	138299
10918	134940	486	1888	1990	0	139304
10919	5665	591	131472	1522	0	139250
10920	128672	562	3982	2057	0	135273
10921	5274	549	1923	134202	0	141948
10922	2653	617	136025	4589	0	143884
10923	133760	356	4020	3228	0	141364
10924	138998	292	1793	2523	0	143606
10925	5907	257	1250	136906	0	144320
10926	3412	212	1271	139122	0	144017
10927	2484	258	1152	141444	0	145338
10928	136090	191	1258	6576	0	144115
10929	5068	135205	1317	3162	0	144752
10930	132360	2898	1180	2410	0	138848
10931	4575	124355	1187	1784	0	131901
10932	2461	125086	1303	1628	0	130478
10933	2095	3661	1243	126147	0	133146
10934	2046	1343	1083	128858	0	133330
10935	1902	774	962	128014	0	131652
10936	1869	641	1037	128756	0	132303
10937	1571	599	123990	5570	0	131730
10938	120794	631	3462	3327	0	128214
10939	4248	732	1605	127372	0	133957
10940	2300	757	127631	4875	0	135563
10941	2070	728	3530	128490	0	134818
10942	2060	743	1581	131997	0	136381
10943	1785	953	134979	5380	0	143097
10944	2010	856	3661	134717	0	141244
10945	1857	773	1739	135303	0	139672
10946	134531	570	1263	6472	0	142836
10947	4163	477	135311	3497	0	143448
10948	127415	333	3778	3417	0	134943
10949	4249	134378	2056	2581	0	143264
10950	133324	2951	1616	2775	0	140666
10951	132534	1074	1789	2620	0	138017
10952	5430	586	1404	131623	0	139043
10953	2607	615	129957	4980	0	138159
10954	1944	135716	4085	2991	0	144736
10955	1974	3529	1833	131871	0	139207
10956	1498	142324	1349	4555	0	149726
10957	142618	4104	1314	3133	0	151169
10958	4923	1657	139677	2291	0	148548
10959	2264	1020	138987	2273	0	144544
10960	1993	971	4833	138260	0	146057
10961	1794	891	144494	5293	0	152472
10962	2077	812	4370	144931	0	152190
10963	2072	900	1913	144264	0	149149
10964	148855	675	1300	6863	0	157693
10965	4949	149428	1621	3186	0	159184
10966	2480	3815	1580	152832	0	160707
10967	2033	1370	1551	156760	0	161714
10968	1890	886	1521	154627	0	158924
10969	1539	145604	1584	6438	0	155165
10970	1647	151637	1445	3412	0	158141
10971	148521	4471	1407	3224	0	157623
10972	150184	1596	1380	2955	0	156115
10973	150189	981	1192	2928	0	155290
10974	5979	923	146291	2489	0	155682
10975	3034	1075	4089	145875	0	154073
10976	1958	1096	144652	5644	0	153350
10977	1902	144530	4008	3067	0	153507
10978	137826	3978	1783	2565	0	146152
10979	4497	1355	135783	1736	0	143371
10980	2209	891	3124	129403	0	135627
10981	1364	695	133009	3544	0	138612
10982	126145	473	3283	2378	0	132279
10983	132785	536	1399	2008	0	136728
10984	133273	541	931	1669	0	136414
10985	130717	559	906	1501	0	133683
10986	4141	588	132440	1080	0	138249
10987	127289	401	2815	1531	0	132036
10988	132790	359	1315	1470	0	135934
10989	3695	130809	992	963	0	136459
10990	130807	2345	815	1240	0	135207
10991	133140	863	689	1220	0	135912
10992	4139	556	703	127750	0	133148
10993	1901	132258	746	2647	0	137552
10994	138522	2429	637	1795	0	143383
10995	148192	959	611	1494	0	151256
10996	4773	786	164035	1124	0	170718
10997	2211	697	164363	670	0	167941
10998	1563	480	170994	671	0	173708
10999	1948	881	6111	166981	0	175921
11000	169235	463	2751	4886	0	177335
11001	4758	169531	1676	2172	0	178137
11002	168514	4115	1395	1821	0	175845
11003	5336	169484	1187	990	0	176997
11004	167519	4679	1043	1238	0	174479
11005	5271	164707	862	1003	0	171843
11006	2873	170179	843	682	0	174577
11007	164091	5599	518	1248	0	171456
11008	4954	168228	513	615	0	174310
11009	2896	5192	463	165759	0	174310
11010	2154	2439	166847	3730	0	175170
11011	1379	1911	165696	1617	0	170603
11012	1663	1329	5054	162792	0	170838
11013	1697	920	2394	168766	0	173777
11014	987	1166	168394	5449	0	175996
11015	1515	772	4365	164940	0	171592
11016	1410	727	2260	168955	0	173352
11017	167622	626	1680	6468	0	176396
11018	4315	168173	1229	3368	0	177085
11019	2664	4136	1129	160432	0	168361
11020	1514	170191	1354	4453	0	177512
11021	168154	4804	962	3229	0	177149
11022	4526	169927	997	2092	0	177542
11023	169833	5123	738	2099	0	177793
11024	170817	2663	625	1731	0	175836
11025	6932	1818	563	166746	0	176059
11026	4018	1654	682	167999	0	174353
11027	3202	1251	775	170248	0	175476
11028	2318	1465	832	171183	0	175798
11029	1924	1187	162634	7035	0	172780
11030	150097	1108	4116	4448	0	159769
11031	5100	162338	1883	2787	0	172108
11032	3328	4521	1246	167228	0	176323
11033	2645	2277	1006	168560	0	174488
11034	1783	167451	1097	6454	0	176785
11035	167060	4919	1409	3915	0	177303
11036	5322	170136	1096	2537	0	179091
11037	3183	5710	956	171323	0	181172
11038	2646	2769	835	175490	0	181740
11039	2281	2053	697	176491	0	181522
11040	2023	1871	707	175296	0	179897
11041	169085	1327	757	8439	0	179608
11042	5650	1631	167857	4146	0	179284
11043	3267	1283	4830	164218	0	173598
11044	2649	1258	2672	166878	0	173457
11045	2187	1144	2115	169340	0	174786
11046	2253	1052	1667	169027	0	173999
11047	160626	1087	1245	9151	0	172109
11048	6075	1174	160791	4941	0	172981
11049	3828	1472	4387	153736	0	163423
11050	2636	150766	2191	6210	0	161803
11051	2097	161501	1550	3787	0	168935
11052	158062	6263	928	3782	0	169035
11053	6156	3439	155781	2284	0	167660
11054	144694	2584	4066	2449	0	153793
11055	6071	2015	150468	2021	0	160575
11056	3331	1672	4024	144611	0	153638
11057	147536	1346	2187	5439	0	156508
11058	4279	148388	2034	3485	0	158186
11059	2660	3734	1916	141995	0	150305
11060	2229	134924	1632	4562	0	143347
11061	144563	4426	1435	3877	0	154301
11062	146359	2313	1090	3592	0	153354
11063	5961	1784	1023	146044	0	154812
11064	3294	1684	140206	5447	0	150631
11065	2629	1333	137172	3767	0	144901
11066	2322	1861	4648	136532	0	145363
11067	2004	135914	2597	4561	0	145076
11068	1889	4710	1474	146348	0	154421
11069	2030	2853	883	139689	0	145455
11070	2406	2140	923	138761	0	144230
11071	1710	1746	141305	7057	0	151818
11072	2120	1106	3673	141387	0	148286
11073	1659	1263	2098	143019	0	148039
11074	984	138318	1630	7868	0	148800
11075	1105	4054	1122	139622	0	145903
11076	1225	1915	1100	147564	0	151804
11077	1249	1244	1555	149737	0	153785
11078	1466	844	1147	149599	0	153056
11079	1544	1038	934	146489	0	150005
11080	1245	1428	805	146968	0	150446
11081	1269	1107	629	143778	0	146783
11082	1243	1405	706	141211	0	144565
11083	1343	1620	124022	13103	0	140088
11084	1731	1418	3266	134562	0	140977
11085	130336	1169	1784	7447	0	140736
11086	4660	746	1207	130231	0	136844
11087	2699	797	128787	7003	0	139286
11088	123077	737	3910	5227	0	132951
11089	131726	756	2162	3939	0	138583
11090	130902	914	1625	3386	0	136827
11091	132798	779	1074	3238	0	137889
11092	6960	792	854	131822	0	140428
11093	3755	570	127572	5989	0	137886
11094	2671	119354	3511	4211	0	129747
11095	2056	107334	2065	3152	0	114607
11096	2171	3756	2577	87244	0	95748
11097	713	619	954	88929	0	91215
11098	572	301	196	86913	0	87982
11099	453	238	197	92495	0	93383
11100	448	246	137	104592	0	105423
11101	114546	220	206	3916	0	118888
11102	3061	114807	207	1657	0	119732
11103	1342	122349	242	1096	0	125029
11104	1373	4421	215	122999	0	129008
11105	960	1932	219	127553	0	130664
11106	888	1010	175	127700	0	129773
11107	837	518	164	128012	0	129531
11108	368	479	119135	6708	0	126690
11109	475	117704	3580	3428	0	125187
11110	823	3627	1350	120056	0	125856
11111	117364	1766	805	5046	0	124981
11112	3971	1255	447	119691	0	125364
11113	1733	895	118372	5543	0	126543
11114	1281	779	113959	3437	0	119456
11115	1020	768	121169	2578	0	125535
11116	906	1114	5457	118476	0	125953
11117	121851	881	2814	5570	0	131116
11118	3875	491	1440	124899	0	130705
11119	2207	449	940	130299	0	133895
11120	127280	426	774	7309	0	135789
11121	4509	397	925	131685	0	137516
11122	2427	454	1263	134125	0	138269
11123	1447	712	135898	6434	0	144491
11124	945	135403	4367	4004	0	144719
11125	1512	3644	2152	143217	0	150525
11126	140857	1446	1634	6345	0	150282
11127	4550	893	1417	144328	0	151188
11128	2330	600	142959	6256	0	152145
11129	2105	587	4494	142012	0	149198
11130	1244	142626	1940	6723	0	152533
11131	1786	4030	1314	146908	0	154038
11132	989	1988	143657	6862	0	153496
11133	845	151749	4381	4314	0	161289
11134	1690	5123	2085	156811	0	165709
11135	1357	2447	1445	174735	0	179984
11136	1293	1557	1201	179349	0	183400
11137	1352	1047	1227	181518	0	185144
11138	663	1196	172278	10706	0	184843
11139	618	172718	5854	6248	0	185438
11140	173248	5738	2805	4686	0	186477
11141	178668	2742	2028	3793	0	187231
11142	8021	1842	1622	176889	0	188374
11143	3593	1419	174184	8201	0	187397
11144	170282	1220	6106	5055	0	182663
11145	6754	896	3134	178676	0	189460
11146	2983	1022	183225	8312	0	195542
11147	2684	1157	6517	184745	0	195103
11148	2283	716	2951	187824	0	193774
11149	1995	614	2082	192053	0	196744
11150	1564	756	188587	11609	0	202516
11151	2480	808	6578	179465	0	189331
11152	1613	188421	3728	8577	0	202339
11153	189582	6211	2340	5580	0	203713
11154	192901	2669	1862	4429	0	201861
11155	193744	1775	1534	4316	0	201369
11156	9366	188173	1683	3938	0	203160
11157	191003	5985	1881	3941	0	202810
11158	9008	2769	1495	187438	0	200710
11159	186792	1861	1766	9383	0	199802
11160	188021	1451	1821	5936	0	197229
11161	9213	1340	180379	5069	0	196001
11162	4929	179315	6326	4318	0	194888
11163	181897	6089	3213	3898	0	195097
11164	8157	3190	2652	182222	0	196221
11165	4532	2618	180407	8032	0	195589
11166	3893	181242	6209	4477	0	195821
11167	180433	6302	2901	3977	0	193613
11168	8966	3073	1990	180919	0	194948
11169	5542	2491	1505	184639	0	194177
11170	4215	2310	1331	184719	0	192575
11171	3634	178681	1314	10657	0	194286
11172	3408	6159	1287	182085	0	192939
11173	3026	176656	1581	9407	0	190670
11174	3109	7168	1786	182998	0	195061
11175	2346	4009	179790	9196	0	195341
11176	2735	3123	6345	182169	0	194372
11177	2917	1970	3396	186479	0	194762
11178	2387	1576	2681	191195	0	197839
11179	1892	1875	180672	12125	0	196564
11180	2398	1994	6614	181768	0	192774
11181	2837	1441	3432	188070	0	195780
11182	2010	1522	2598	191448	0	197578
11183	2046	1603	2168	191013	0	196830
11184	2266	1673	1841	193003	0	198783
11185	1940	2114	181687	13310	0	199051
11186	2415	1700	6246	186585	0	196946
11187	2407	1922	3605	187992	0	195926
11188	175768	1173	2840	13283	0	193064
11189	6706	171032	2657	8564	0	188959
11190	4061	179593	1879	7475	0	193008
11191	3637	7202	1756	181967	0	194562
11192	2895	3653	1979	182023	0	190550
11193	2109	172182	2321	11420	0	188032
11194	2614	6387	1553	176860	0	187414
11195	2045	173122	1547	11624	0	188338
11196	2884	6845	1459	177264	0	188452
11197	2896	3647	1420	177745	0	185708
11198	1999	2680	165872	10997	0	181548
11199	1992	158692	5973	7353	0	174010
11200	1915	156200	2469	5560	0	166144
11201	133907	4883	2031	3934	0	144755
11202	3990	137076	1219	2602	0	144887
11203	2574	4621	914	133494	0	141603
11204	1918	2568	129469	4992	0	138947
11205	1844	1839	3276	129532	0	136491
11206	127099	1618	1519	5973	0	136209
11207	3825	1649	129523	3572	0	138569
11208	1963	132637	3447	3066	0	141113
11209	2744	4051	1920	112177	0	120892
11210	1533	1843	1351	139828	0	144555
11211	138198	1359	1439	6689	0	147685
11212	3570	1454	1227	140505	0	146756
11213	2072	1381	958	141105	0	145516
11214	1700	1399	749	141333	0	145181
11215	1607	1371	694	140926	0	144598
11216	134200	1147	928	7417	0	143692
11217	133203	1101	889	5214	0	140407
11218	4482	835	880	136090	0	142287
11219	131156	833	835	6130	0	138954
11220	4356	802	906	129149	0	135213
11221	2062	1037	123347	5778	0	132224
11222	1760	1026	117489	4012	0	124287
11223	1838	1406	3592	111970	0	118806
11224	1294	113720	1670	5183	0	121867
11225	1536	2595	1088	114757	0	119976
11226	111759	1333	778	5441	0	119311
11227	2762	1140	682	115394	0	119978
11228	112949	831	683	5762	0	120225
11229	3512	805	584	115889	0	120790
11230	2079	843	113977	4774	0	121673
11231	1486	110202	2363	3328	0	117379
11232	1277	115244	1142	2994	0	120657
11233	1528	3409	509	103521	0	108967
11234	687	935	103756	3224	0	108602
11235	240	87802	796	883	0	89721
11236	474	820	350	85326	0	86970
11237	83636	159	214	1069	0	85078
11238	437	252	85023	341	0	86053
11239	288	135	385	84839	0	85647
11240	234	90	154	87959	0	88437
11241	143	147	86491	737	0	87518
11242	172	165	77469	511	0	78317
11243	158	166	85826	340	0	86490
11244	217	135	632	87469	0	88453
11245	129	118	89445	686	0	90378
11246	79983	52	687	582	0	81304
11247	852	54	234	92207	0	93347
11248	410	114	111335	889	0	112748
11249	220	112909	1004	527	0	114660
11250	187	911	114488	347	0	115933
11251	413	405	1310	114080	0	116208
11252	119072	207	540	1809	0	121628
11253	1326	93	323	121842	0	123584
11254	633	132	203	123774	0	124742
11255	132504	86	165	2314	0	135069
11256	2142	83	150	137003	0	139378
11257	653	176	138654	2432	0	141915
11258	133322	70	2118	1405	0	136915
11259	2236	140114	758	652	0	143760
11260	143436	2061	398	728	0	146623
11261	2809	638	211	143588	0	147246
11262	959	433	141599	2342	0	145333
11263	714	299	139906	867	0	141786
11264	771	381	2868	141718	0	145738
11265	685	179	1029	141905	0	143798
11266	392	191	142267	2815	0	145665
11267	371	267	132803	1276	0	134717
11268	139183	99	3068	1067	0	143417
11269	2686	117	1217	143644	0	147664
11270	144932	83	815	3018	0	148848
11271	3118	135	524	144063	0	147840
11272	1105	201	150548	2951	0	154805
11273	878	254	154116	1144	0	156392
11274	936	138	3350	158750	0	163174
11275	815	85	1358	164347	0	166605
11276	456	159	166708	3652	0	170975
11277	159444	67	3398	2056	0	164965
11278	3686	91	1197	171435	0	176409
11279	177956	56	913	4325	0	183250
11280	4001	199245	835	1447	0	205528
11281	1865	4564	588	205446	0	212463
11282	206179	1169	492	6111	0	213951
11283	5646	668	206612	1919	0	214845
11284	2590	405	5286	206867	0	215148
11285	1874	372	1741	207984	0	211971
11286	1515	413	1056	216361	0	219345
11287	886	426	210105	7739	0	219156
11288	1527	271	5756	203900	0	211454
11289	681	208202	2252	6552	0	217687
11290	1110	4960	1266	213150	0	220486
11291	739	1441	210453	6969	0	219602
11292	786	846	210121	3031	0	214784
11293	1355	582	7056	210662	0	219655
11294	1332	570	2565	214717	0	219184
11295	1222	555	1626	219343	0	222746
11296	1105	353	1368	221321	0	224147
11297	214570	284	1429	9102	0	225385
11298	214456	212	1288	4537	0	220493
11299	7088	331	211699	3021	0	222139
11300	2486	215985	5839	2551	0	226861
11301	2033	5078	2046	225110	0	234267
11302	230375	1546	1361	8016	0	241298
11303	201029	1236	1522	5195	0	208982
11304	233321	615	1187	3060	0	238183
11305	234308	587	1384	2691	0	238970
11306	8102	734	228809	1986	0	239631
11307	217568	444	5992	2887	0	226891
11308	7405	221071	2309	2062	0	232847
11309	3873	5309	1524	226558	0	237264
11310	2671	1729	227414	6816	0	238630
11311	2870	996	6372	224047	0	234285
11312	1873	932	227012	7583	0	237400
11313	2358	815	6946	226656	0	236775
11314	1947	883	2816	236459	0	242105
11315	231527	573	2045	9891	0	244036
11316	7186	480	1831	235016	0	244513
11317	2898	707	236625	8702	0	248932
11318	2697	546	6827	242691	0	252761
11319	242928	498	2868	9762	0	256056
11320	7533	483	2235	247616	0	257867
11321	3297	612	245694	8741	0	258344
11322	2142	241111	6991	4689	0	254933
11323	249991	5779	3147	4773	0	263690
11324	7574	1828	2404	241851	0	253657
11325	3285	253972	2181	7406	0	266844
11326	252338	6171	1921	5027	0	265457
11327	7617	2309	252147	3336	0	265409
11328	3383	248025	6972	3129	0	261509
11329	3064	6291	3090	257207	0	269652
11330	2304	2425	255082	8106	0	267917
11331	2727	1586	7253	247683	0	259249
11332	250158	1081	3295	9678	0	264212
11333	7364	1236	247924	4731	0	261255
11334	3854	1055	7151	249090	0	261150
11335	2835	1093	250998	8615	0	263541
11336	2957	924	7783	249333	0	260997
11337	2820	968	3438	257437	0	264663
11338	250048	918	2452	10960	0	264378
11339	7230	251012	2528	5403	0	266173
11340	3755	5722	2172	256993	0	268642
11341	252965	2007	2221	9806	0	266999
11342	253392	1371	1962	5726	0	262451
11343	8821	1256	1984	251164	0	263225
11344	3997	242868	1907	8440	0	257212
11345	2779	253812	1772	4672	0	263035
11346	2978	6917	1858	250008	0	261761
11347	2826	2587	1763	249120	0	256296
11348	224916	1395	1440	9649	0	237400
11349	6847	1135	1543	224899	0	234424
11350	2591	1348	214958	8103	0	227000
11351	195675	1036	5431	5493	0	207635
11352	6208	208129	2258	3732	0	220327
11353	207011	5016	1497	3993	0	217517
11354	6975	1840	213041	2869	0	224725
11355	2772	214481	5054	2494	0	224801
11356	210767	4972	2805	2997	0	221541
11357	213347	1898	1602	2574	0	219421
11358	6652	1469	213624	1617	0	223362
11359	208440	1158	5063	2307	0	216968
11360	216876	979	2125	2196	0	222176
11361	6630	216921	1393	1530	0	226474
11362	3724	4691	1067	223048	0	232530
11363	2774	1797	219696	5485	0	229752
11364	2741	1125	5345	223587	0	232798
11365	2001	1187	228297	6220	0	237705
11366	2093	994	5584	226698	0	235369
11367	229712	1058	2410	7279	0	240459
11368	6074	773	1617	236215	0	244679
11369	2588	754	249238	7086	0	259666
11370	251275	530	6405	4118	0	262328
11371	7974	568	2726	262070	0	273338
11372	3153	613	253681	7814	0	265261
11373	240529	471	6814	4419	0	252233
11374	8212	737	2779	250234	0	261962
11375	3535	739	245084	7724	0	257082
11376	2759	788	237910	3570	0	245027
11377	3053	2156	7403	239329	0	251941
11378	1925	675	245708	6961	0	255269
11379	1933	236212	6760	3360	0	248265
11380	1802	4128	2406	215525	0	223861
11381	214325	1236	1868	5228	0	222657
11382	4116	913	215667	2138	0	222834
11383	1962	573	211745	1960	0	216240
11384	200049	351	5611	2218	0	208229
11385	4407	574	216062	1115	0	222158
11386	200885	273	5256	2116	0	208530
11387	4902	335	213122	1080	0	219439
11388	2790	274	5237	209009	0	217310
11389	1599	397	216243	4093	0	222332
11390	2099	364	5187	210325	0	217975
11391	1174	615	219142	4733	0	225664
11392	1238	493	208588	2386	0	212705
11393	196215	337	5844	2622	0	205018
11394	3808	214743	3325	1578	0	223454
11395	217746	3200	2595	1956	0	225497
11396	4616	219165	2049	1077	0	226907
11397	2945	3864	2026	221228	0	230063
11398	2585	1579	1931	226843	0	232938
11399	225313	960	1848	5660	0	233781
11400	4825	816	1750	221182	0	228573
11401	2657	647	219061	4895	0	227260
11402	205682	599	4635	3484	0	214400
11403	213990	463	2805	2793	0	220051
11404	5908	471	2345	214335	0	223059
11405	3233	675	216631	4669	0	225208
11406	2701	720	4904	213197	0	221522
11407	1745	214017	2814	5123	0	223699
11408	2166	3938	1937	216542	0	224583
11409	2216	1641	1554	222346	0	227757
11410	1805	1247	215713	6450	0	225215
11411	188457	907	4837	4664	0	198865
11412	4677	212141	2638	2910	0	222366
11413	212361	4045	1996	2907	0	221309
11414	5254	214572	1748	2197	0	223771
11415	3307	4400	1547	210689	0	219943
11416	2257	214114	1773	4921	0	223065
11417	2050	4659	207334	2904	0	216947
11418	2176	2197	4937	197943	0	207253
11419	2344	1541	2595	198762	0	205242
11420	2014	1130	2089	209046	0	214279
11421	201833	873	1952	7798	0	212456
11422	5236	1087	1936	203696	0	211955
11423	198137	990	2025	7105	0	208257
11424	200101	1173	1709	4511	0	207494
11425	196571	1126	1724	4119	0	203540
11426	6897	1209	196037	3020	0	207163
11427	4508	969	5089	197333	0	207899
11428	3414	1064	2943	207587	0	215008
11429	2835	1035	2716	212011	0	218597
11430	219124	919	2366	8661	0	231070
11431	7313	977	2228	219909	0	230427
11432	3907	804	2520	229369	0	236600
11433	240078	943	2347	10304	0	253672
11434	8768	820	2283	249011	0	260882
11435	4420	884	253360	10150	0	268814
11436	3843	1042	255745	5381	0	266011
11437	3928	755	9994	260776	0	275453
11438	257360	576	4819	11220	0	273975
11439	252491	598	3998	5921	0	263008
11440	11911	529	3083	253578	0	269101
11441	5583	737	251816	10253	0	268389
11442	4329	247660	9355	5233	0	266577
11443	4176	7035	4668	254206	0	270085
11444	3981	2396	3816	260746	0	270939
11445	4141	1750	3045	263288	0	272224
11446	256132	1243	2799	14057	0	274231
11447	10018	1092	256662	7088	0	274860
11448	256458	1409	9196	6404	0	273467
11449	11304	1245	4284	254909	0	271742
11450	5452	259150	3425	10287	0	278314
11451	261704	7858	2619	7180	0	279361
11452	259163	2797	2278	6668	0	270906
11453	12138	2187	270403	4689	0	289417
11454	6539	247601	8885	4907	0	267932
11455	4553	258015	4126	4429	0	271123
11456	255884	9180	3121	4636	0	272821
11457	11306	3535	2262	254244	0	271347
11458	6286	2799	2035	254160	0	265280
11459	5577	2187	2343	252492	0	262599
11460	4211	235957	1928	12640	0	254736
11461	3227	251574	2025	6553	0	263379
11462	243889	9928	1615	5544	0	260976
11463	10547	4086	1254	243624	0	259511
11464	4383	2866	257333	10355	0	274937
11465	4843	1950	9241	266906	0	282940
11466	3323	1990	293405	13404	0	312122
11467	3143	2373	295871	6646	0	308033
11468	3455	2465	299433	4819	0	310172
11469	2097	270903	15513	3029	0	291542
11470	4022	9746	9499	251612	0	274879
11471	1916	266643	6305	9743	0	284607
11472	3753	11521	5016	240557	0	260847
11473	2527	5699	3645	272213	0	284084
11474	265059	4309	2937	15667	0	287972
11475	10622	3267	2461	271113	0	287463
11476	262839	2691	1984	15903	0	283417
11477	269169	2141	1462	9724	0	282496
11478	15467	1887	1220	257566	0	276140
11479	8355	253983	1566	13987	0	277891
11480	7418	9404	1633	251296	0	269751
11481	5180	255668	1643	14000	0	276491
11482	5139	11537	1564	256972	0	275212
11483	3567	6296	251967	15084	0	276914
11484	3902	4631	9575	256663	0	274771
11485	3526	3587	4663	266562	0	278338
11486	247847	2936	3734	18616	0	273133
11487	10051	251762	3274	11200	0	276287
11488	6394	10361	2539	256079	0	275373
11489	5514	5123	2119	256430	0	269186
11490	4162	249407	2366	17064	0	272999
11491	4221	11334	2185	255426	0	273166
11492	228622	6105	1748	18440	0	254915
11493	249937	4873	1351	11517	0	267678
11494	14097	243828	1384	8633	0	267942
11495	8786	11727	1205	247490	0	269208
11496	238327	5791	1399	15734	0	261251
11497	13163	243162	1844	9110	0	267279
11498	8553	12343	1591	229258	0	251745
11499	6242	242023	1771	13789	0	263825
11500	241060	13258	1781	8762	0	264861
11501	13354	7825	235163	6927	0	263269
11502	7119	6337	237847	6408	0	257711
11503	6550	4948	13553	237507	0	262558
11504	6230	4305	240359	13442	0	264336
11505	4766	3513	14749	236717	0	259745
11506	233650	3180	8866	15690	0	261386
11507	12018	3190	242594	9968	0	267770
11508	7467	3297	12955	243125	0	266844
11509	6027	2978	7342	252563	0	268910
11510	243107	2939	5651	18924	0	270621
11511	11914	246228	4348	12339	0	274829
11512	248327	10351	3272	11280	0	273230
11513	251441	5845	2591	9223	0	269100
11514	17486	241002	2633	7047	0	268168
11515	11794	11658	2634	244666	0	270752
11516	9023	6986	239780	13129	0	268918
11517	7633	5989	9847	237876	0	261345
11518	5733	239551	5338	14559	0	265181
11519	245095	12781	4437	9924	0	272237
11520	12684	7409	3809	249052	0	272954
11521	6913	6061	247743	15558	0	276275
11522	5966	5032	11067	253787	0	275852
11523	5081	4227	6121	261307	0	276736
11524	5146	3738	4674	265212	0	278770
11525	4882	3653	3713	266350	0	278598
11526	4892	3547	2967	260691	0	272097
11527	3574	3342	241235	23494	0	271645
11528	4195	2971	232686	15978	0	255830
11529	2828	217095	12855	12940	0	245718
11530	2732	226438	7194	9613	0	245977
11531	219899	10585	5691	8111	0	244286
11532	10235	6343	220575	6420	0	243573
11533	198046	5345	10023	5474	0	218888
11534	10216	4185	194695	4473	0	213569
11535	6250	3167	186088	3370	0	198875
11536	5218	2729	10553	178881	0	197381
11537	186825	2428	7093	8618	0	204964
11538	8537	1965	5212	190238	0	205952
11539	5410	1789	4388	192674	0	204261
11540	4253	1290	201094	12396	0	219033
11541	3571	1293	7899	205322	0	218085
11542	3133	1115	5031	203557	0	212836
11543	2761	1123	3614	210432	0	217930
11544	2989	1275	3054	209674	0	216992
11545	3025	1064	2331	211042	0	217462
11546	197889	1010	2078	16219	0	217196
11547	7175	973	1716	204931	0	214795
11548	4222	1355	190663	13874	0	210114
11549	4301	1594	5644	197210	0	208749
11550	3654	1517	190786	11849	0	207806
11551	3817	2002	7615	193929	0	207363
11552	2611	1246	196249	11439	0	211545
11553	1998	1843	8876	183694	0	196411
11554	1579	1119	5956	193153	0	201807
11555	1132	1121	186517	11946	0	200716
11556	168349	997	7527	9458	0	186331
11557	5645	1239	189044	7024	0	202952
11558	4748	1296	7768	190707	0	204519
11559	191656	596	5660	9414	0	207326
11560	7413	640	4383	194511	0	206947
11561	5823	676	3103	197609	0	207211
11562	3892	752	192879	11679	0	209202
11563	3117	182245	5514	9624	0	200500
11564	1961	164913	3489	6885	0	177248
11565	1225	162448	2292	5326	0	171291
11566	3852	1661	2306	127802	0	135621
11567	127610	474	671	1606	0	130361
11568	841	343	163	127356	0	128703
11569	545	215	189	127282	0	128231
11570	389	136	171	128678	0	129374
11571	401	108	230	128139	0	128878
11572	160	126054	251	1487	0	127952
11573	246	695	167	129570	0	130678
11574	261	349	186	129100	0	129896
11575	147	126565	198	1501	0	128411
11576	130502	803	146	1252	0	132703
11577	858	417	145	131748	0	133168
11578	131296	249	139	1672	0	133356
11579	129931	229	155	1233	0	131548
11580	1167	133206	176	627	0	135176
11581	812	818	115	141205	0	142950
11582	537	422	138580	1114	0	140653
11583	439	352	133953	677	0	135421
11584	465	451	939	138046	0	139901
11585	141068	138	596	1557	0	143359
11586	143600	138	362	1190	0	145290
11587	1133	109	272	147170	0	148684
11588	147700	86	226	1793	0	149805
11589	1069	145891	253	805	0	148018
11590	146900	732	185	1017	0	148834
11591	1048	156233	287	471	0	158039
11592	837	918	174	161474	0	163403
11593	696	579	154	161262	0	162691
11594	442	160766	198	1193	0	162599
11595	160054	937	172	1360	0	162523
11596	1014	626	158199	578	0	160417
11597	800	369	860	159026	0	161055
11598	610	400	160483	1128	0	162621
11599	701	279	985	158996	0	160961
11600	162396	200	563	1772	0	164931
11601	1156	161	365	162781	0	164463
11602	160959	154	300	1966	0	163379
11603	158896	185	227	1492	0	160800
11604	1595	176	223	160518	0	162512
11605	885	281	157839	1407	0	160412
11606	661	164112	904	945	0	166622
11607	628	786	436	163455	0	165305
11608	160232	469	293	2061	0	163055
11609	1178	439	157400	882	0	159899
11610	1055	308	878	157525	0	159766
11611	775	257	513	156515	0	158060
11612	634	231	402	161450	0	162717
11613	160121	202	388	2276	0	162987
11614	1254	207	332	156127	0	157920
11615	734	188	351	161467	0	162740
11616	599	273	158006	1820	0	160698
11617	841	156	1013	158659	0	160669
11618	699	149	619	162701	0	164168
11619	675	147	469	165369	0	166660
11620	447	161974	453	1976	0	164850
11621	702	859	287	158736	0	160584
11622	655	506	265	159769	0	161195
11623	153341	375	269	2608	0	156593
11624	1365	440	149644	1324	0	152773
11625	903	391	137056	1180	0	139530
11626	608	150744	1287	970	0	153609
11627	707	1036	691	157047	0	159481
11628	156530	548	560	2172	0	159810
11629	1283	342	405	153963	0	155993
11630	906	263	329	156926	0	158424
11631	633	216	309	158602	0	159760
11632	611	168	287	155795	0	156861
11633	591	191	241	155753	0	156776
11634	421	247	153091	2238	0	155997
11635	638	186	928	152521	0	154273
11636	152464	134	515	2626	0	155739
11637	1123	148103	401	1391	0	151018
11638	792	899	360	152288	0	154339
11639	615	513	309	152157	0	153594
11640	484	433	142831	2047	0	145795
11641	730	326	1040	139951	0	142047
11642	558	273	653	149918	0	151402
11643	151570	208	411	3068	0	155257
11644	1404	155760	382	1656	0	159202
11645	1054	1466	290	159793	0	162603
11646	867	675	279	161723	0	163544
11647	803	523	302	162292	0	163920
11648	454	397	160340	3270	0	164461
11649	598	385	148474	2157	0	151614
11650	462	154488	2415	1610	0	158975
11651	369	158790	1134	1322	0	161615
11652	571	2161	645	158638	0	162015
11653	507	134096	854	2654	0	138111
11654	725	2569	394	167016	0	170704
11655	625	1216	396	185968	0	188205
11656	709	694	355	195826	0	197584
11657	743	583	294	223528	0	225148
11658	305	628	223703	8416	0	233052
11659	961	420	4655	226103	0	232139
11660	828	381	2975	231486	0	235670
11661	809	321	1724	239770	0	242624
11662	225722	268	1330	12989	0	240309
11663	4903	231135	1818	8073	0	245929
11664	4106	5249	1326	221780	0	232461
11665	1808	235544	1686	9404	0	248442
11666	226548	6867	1207	8776	0	243398
11667	201975	4656	656	8455	0	215742
11668	7871	232872	514	5819	0	247076
11669	5315	243615	587	4939	0	254456
11670	3762	11359	232681	3905	0	251707
11671	3062	246310	5643	4064	0	259079
11672	3743	10063	3745	237552	0	255103
11673	242815	7183	2244	9177	0	261419
11674	8052	250663	1558	6438	0	266711
11675	5766	10022	1872	252534	0	270194
11676	3984	8409	1500	256413	0	270306
11677	3365	5683	1932	264053	0	275033
11678	253596	4929	1463	14736	0	274724
11679	8408	4895	249364	10030	0	272697
11680	241166	3805	6240	8293	0	259504
11681	10116	249521	4005	6132	0	269774
11682	6811	9572	2276	254148	0	272807
11683	4780	6524	248467	11363	0	271134
11684	235474	4465	8161	8954	0	257054
11685	10273	250172	5208	5447	0	271100
11686	7684	9519	3698	243369	0	264270
11687	5304	252639	2853	9665	0	270461
11688	4646	10872	2643	253750	0	271911
11689	4284	7182	2187	262363	0	276016
11690	3039	5272	250900	14484	0	273695
11691	3704	3986	239072	10197	0	256959
11692	3926	4658	10303	245893	0	264780
11693	2646	3839	248833	13053	0	268371
11694	2935	3531	9813	249675	0	265954
11695	3134	3109	7048	241739	0	255030
11696	2421	2422	5561	260722	0	271126
11697	247047	1828	5330	17580	0	271785
11698	8389	2096	5696	256309	0	272490
11699	5422	2363	249990	15536	0	273311
11700	247864	2309	9085	12961	0	272219
11701	8794	2330	6148	261366	0	278638
11702	6700	2073	4188	267084	0	280045
11703	254569	1770	3474	18956	0	278769
11704	9659	258248	4435	12453	0	284795
11705	7853	7337	4044	267444	0	286678
11706	5053	4924	4159	267624	0	281760
11707	255861	3221	3606	18803	0	281491
11708	10193	2786	253841	13994	0	280814
11709	7258	3081	7901	259668	0	277908
11710	6073	2723	5643	263588	0	278027
11711	5539	3166	3768	257918	0	270391
11712	4521	251412	3458	18544	0	277935
11713	4426	7620	3751	264185	0	279982
11714	252948	5102	3111	17610	0	278771
11715	9533	252131	3382	13800	0	278846
11716	250344	8626	2764	12597	0	274331
11717	10276	257240	2330	10697	0	280543
11718	257724	10709	2110	10700	0	281243
11719	11879	8090	250961	8810	0	279740
11720	8601	6359	247363	8726	0	271049
11721	251596	4617	10531	8429	0	275173
11722	12194	5331	260314	6933	0	284772
11723	9788	4541	10153	258311	0	282793
11724	8434	4431	7976	224956	0	245797
11725	6606	3464	5983	270530	0	286583
11726	261803	3245	5639	17000	0	287687
11727	10853	3024	257529	11751	0	283157
11728	256530	2988	10114	10173	0	279805
11729	12577	3156	7227	269206	0	292166
11730	268712	3186	5001	15735	0	292634
11731	13805	3185	3934	274788	0	295712
11732	282051	3048	4293	15881	0	305273
11733	15895	2823	4221	301839	0	324778
11734	10575	2862	305810	15854	0	335101
11735	308028	2418	11337	12100	0	333883
11736	324490	2186	7116	10989	0	344781
11737	19677	2011	5279	319712	0	346679
11738	12915	2073	4611	314958	0	334557
11739	9278	312807	5066	18978	0	346129
11740	310864	8845	4588	14062	0	338359
11741	15389	312891	4740	10184	0	343204
11742	306162	10427	3874	10262	0	330725
11743	16620	6131	304694	9243	0	336688
11744	11009	4848	301677	9067	0	326601
11745	9167	3501	292401	8484	0	313553
11746	292142	4055	14862	7887	0	318946
11747	15512	300366	9016	6191	0	331085
11748	11671	9985	6854	299457	0	327967
11749	300203	5983	6028	12867	0	325081
11750	14005	304696	5896	9309	0	333906
11751	11064	12321	5090	295617	0	324092
11752	7428	296337	4707	13162	0	321634
11753	7252	290156	3806	9570	0	310784
11754	7038	299254	2938	6726	0	315956
11755	268454	12918	3377	6850	0	291599
11756	10230	267809	2351	5189	0	285579
11757	4632	233377	1866	2943	0	242818
11758	2977	234690	1601	2375	0	241643
11759	229172	7117	2246	2723	0	241258
11760	229817	3283	1464	2547	0	237111
11761	7511	2399	222013	1950	0	233873
11762	214240	1531	4694	2337	0	222802
11763	225500	1481	2159	2207	0	231347
11764	7744	1403	1418	221519	0	232084
11765	225344	1321	1117	6034	0	233816
11766	6775	1592	220808	2559	0	231734
11767	3479	235422	4687	2061	0	245649
11768	240899	5372	2125	2203	0	250599
11769	7182	2765	1293	250061	0	261301
11770	251065	1729	916	6668	0	260378
11771	7296	1644	236089	2800	0	247829
11772	242464	1353	4842	2191	0	250850
11773	7969	1289	2034	248293	0	259585
11774	3789	1198	246949	5704	0	257640
11775	2503	233867	5426	2857	0	244653
11776	2122	249011	2422	1770	0	255325
11777	2787	7108	1539	242098	0	253532
11778	2632	2846	987	238664	0	245129
11779	1339	245843	964	5964	0	254110
11780	246305	5553	728	3064	0	255650
11781	245223	2503	668	2110	0	250504
11782	243666	1547	587	2055	0	247855
11783	7675	248570	591	1354	0	258190
11784	4340	5300	605	236157	0	246402
11785	2403	250588	731	4468	0	258190
11786	250068	5677	580	2734	0	259059
11787	248755	2409	594	2065	0	253823
11788	7288	243778	659	2187	0	253912
11789	250049	5667	426	1680	0	257822
11790	7060	2607	413	248999	0	259079
11791	3813	1631	532	252601	0	258577
11792	254157	1321	731	7642	0	263851
11793	248768	1232	691	3709	0	254400
11794	254006	1091	608	2360	0	258065
11795	8826	1010	596	249071	0	259503
11796	4498	1061	542	255140	0	261241
11797	2704	1448	249171	7473	0	260796
11798	3100	1455	4925	246772	0	256252
11799	2921	1497	1844	249319	0	255581
11800	2593	1431	241160	7271	0	252455
11801	2246	1497	225179	3474	0	232396
11802	1861	1374	242890	2161	0	248286
11803	2274	1178	7520	239923	0	250895
11804	1972	1502	240769	6433	0	250676
11805	2551	1429	6156	238136	0	248272
11806	2708	1384	2658	246124	0	252874
11807	2414	1462	243592	7703	0	255171
11808	2104	1588	242842	3847	0	250381
11809	2569	1430	7154	240174	0	251327
11810	1875	1557	258869	6996	0	269297
11811	2043	1628	252114	3623	0	259408
11812	1865	253043	7508	2777	0	265193
11813	261727	6007	3558	2823	0	274115
11814	263955	2904	2379	2604	0	271842
11815	264653	2138	1952	2590	0	271333
11816	8223	257091	1749	2045	0	269108
11817	4292	264911	1648	1933	0	272784
11818	3759	7292	1400	263870	0	276321
11819	3489	3071	1440	264785	0	272785
11820	2976	2011	260195	7953	0	273135
11821	3392	1570	6155	257790	0	268907
11822	260884	1513	2839	8204	0	273440
11823	7499	1359	2008	250229	0	261095
11824	3605	258100	2014	6813	0	270532
11825	266102	6195	1671	4284	0	278252
11826	268869	2815	1580	3342	0	276606
11827	272276	1892	1433	3293	0	278894
11828	10126	1529	264975	2282	0	278912
11829	5523	1942	5435	272684	0	285584
11830	285845	1488	2628	8763	0	298724
11831	8698	1375	295520	3977	0	309570
11832	4296	278956	7442	3232	0	293926
11833	2750	272881	2970	2222	0	280823
11834	257629	6634	2299	2462	0	269024
11835	6297	259287	1395	1885	0	268864
11836	3525	5996	1098	253637	0	264256
11837	1843	2582	259675	6374	0	270474
11838	2538	1855	5770	256949	0	267112
11839	260274	1318	2348	7303	0	271243
11840	6267	257719	1516	2972	0	268474
11841	257247	5596	1479	2338	0	266660
11842	6437	2277	255947	2014	0	266675
11843	3550	1418	5810	247133	0	257911
11844	1721	267489	2718	5744	0	277672
11845	2320	5551	1591	274642	0	284104
11846	275970	2366	1471	7350	0	287157
11847	278612	1525	1180	3789	0	285106
11848	279002	1224	1260	2633	0	284119
11849	281406	1139	1301	2402	0	286248
11850	8427	1007	1253	269377	0	280064
11851	3624	1236	273114	6486	0	284460
11852	3486	1056	5542	263768	0	273852
11853	2496	270001	2235	5874	0	280606
11854	275678	5397	1401	3495	0	285971
11855	6747	2256	274109	1858	0	284970
11856	264785	1197	5704	2411	0	274097
11857	6610	1188	2448	275219	0	285465
11858	2926	1231	284020	6617	0	294794
11859	2724	954	5686	282234	0	291598
11860	287291	811	2392	7819	0	298313
11861	288801	722	1608	4022	0	295153
11862	288452	656	1539	2976	0	293623
11863	8197	1013	287619	2028	0	298857
11864	4707	1067	5407	285180	0	296361
11865	2588	1097	294003	6179	0	303867
11866	2418	288441	5806	3054	0	299719
11867	278060	4877	2607	2713	0	288257
11868	5860	269981	1649	1617	0	279107
11869	263743	4189	1365	1718	0	271015
11870	5300	1709	1001	257720	0	265730
11871	2157	261576	1009	3927	0	268669
11872	264124	3990	934	2722	0	271770
11873	4881	1732	266531	1208	0	274352
11874	2680	1044	3725	263273	0	270722
11875	266633	883	1438	5008	0	273962
11876	5066	865	265823	1899	0	273653
11877	2987	951	3996	256582	0	264516
11878	2084	238716	2053	4116	0	246969
11879	2114	4062	1291	268032	0	275499
11880	1984	2011	1003	270165	0	275163
11881	265498	1364	697	6130	0	273689
11882	4942	264909	859	2325	0	273035
11883	2721	4327	750	258192	0	265990
11884	1745	262832	998	4530	0	270105
11885	2052	4671	1016	262385	0	270124
11886	1683	268987	938	4501	0	276109
11887	266826	4770	915	3113	0	275624
11888	5402	2309	270658	1609	0	279978
11889	3260	1343	4355	266645	0	275603
11890	2348	1061	1963	269423	0	274795
11891	2048	1132	1229	271878	0	276287
11892	2080	1154	927	268058	0	272219
11893	1940	1241	262942	6840	0	272963
11894	2105	266154	4160	3102	0	275521
11895	267782	4112	1696	3209	0	276799
11896	272093	1661	1103	2953	0	277810
11897	5435	270006	1112	1968	0	278521
11898	273025	4460	1004	2760	0	281249
11899	272777	1993	970	2567	0	278307
11900	6005	278950	992	1604	0	287551
11901	3804	4793	823	274757	0	284177
11902	2607	282660	1083	3921	0	290271
11903	278900	4745	1016	3273	0	287934
11904	5405	2165	277358	2000	0	286928
11905	251480	1242	4313	3297	0	260332
11906	5381	1325	281746	1799	0	290251
11907	3376	1080	4512	279400	0	288368
11908	280686	992	1947	5731	0	289356
11909	6010	1113	275563	2208	0	284894
11910	256816	887	4610	2741	0	265054
11911	272060	913	2068	2648	0	277689
11912	6640	936	1519	271542	0	280637
11913	3080	271851	1415	4447	0	280793
11914	277762	4453	751	3014	0	285980
11915	6067	2155	768	276571	0	285561
11916	3120	265105	982	4750	0	273957
11917	272640	4386	840	3143	0	281009
11918	5592	2134	922	275655	0	284303
11919	2665	280989	1076	4843	0	289573
11920	2577	4461	1035	292746	0	300819
11921	292467	1862	1131	6506	0	301966
11922	290308	1331	812	4098	0	296549
11923	291985	1190	1070	2795	0	297040
11924	6799	948	1021	284901	0	293669
11925	3593	1106	761	285560	0	291020
11926	2234	1205	283666	5868	0	292973
11927	3183	1393	4011	280060	0	288647
11928	2124	1099	290788	5611	0	299622
11929	1807	944	263951	2702	0	269404
11930	963	554	258586	1129	0	261232
11931	658	272875	3904	1718	0	279155
11932	1807	3299	2396	263934	0	271436
11933	597	295076	1112	2581	0	299366
11934	301537	4376	740	2579	0	309232
11935	303779	1498	621	2071	0	307969
11936	6235	817	689	315304	0	323045
11937	2298	783	324940	5242	0	333263
11938	2322	537	6100	322004	0	330963
11939	1074	955	333725	6837	0	342591
11940	2020	742	6495	320685	0	329942
11941	938	323017	2392	6470	0	332817
11942	1074	338661	1298	2674	0	343707
11943	331300	7431	1041	2694	0	342466
11944	7090	2778	327243	1572	0	338683
11945	3784	1497	6681	321463	0	333425
11946	2610	1142	2334	332528	0	338614
11947	331229	906	1533	9732	0	343400
11948	6831	333038	1331	3868	0	345068
11949	333359	6752	1116	3549	0	344776
11950	7224	339224	1247	2215	0	349910
11951	334450	7296	1174	2822	0	345742
11952	342197	2781	1297	2868	0	349143
11953	9978	1734	1178	341567	0	354457
11954	3863	1733	340042	7841	0	353479
11955	319858	1381	6959	4573	0	332771
11956	8169	342775	2720	2134	0	355798
11957	348618	7439	1485	2770	0	360312
11958	9544	3071	1299	333941	0	347855
11959	5009	1934	1096	334659	0	342698
11960	2865	332234	1141	9099	0	345339
11961	3640	7325	914	326948	0	338827
11962	2403	334958	1201	7867	0	346429
11963	3536	7843	980	330931	0	343290
11964	3090	3518	932	331092	0	338632
11965	319480	2091	896	10986	0	333453
11966	8492	1992	319001	4418	0	333903
11967	3809	314660	6614	3390	0	328473
11968	3583	7335	2579	322165	0	335662
11969	323085	2967	1642	9636	0	337330
11970	328097	2331	1373	5308	0	337109
11971	323195	1768	1293	4553	0	330809
11972	10515	1891	315467	3143	0	331016
11973	317622	1659	7559	3568	0	330408
11974	10436	1831	2997	324851	0	340115
11975	321631	1847	1850	10214	0	335542
11976	9660	316555	1704	4681	0	332600
11977	5620	8132	1451	322249	0	337452
11978	317278	3286	1446	10540	0	332550
11979	10293	323508	1443	4683	0	339927
11980	5768	8825	1547	327132	0	343272
11981	4295	4176	308091	10104	0	326666
11982	318076	2783	7235	6060	0	334154
11983	341857	2212	2666	4756	0	351491
11984	14361	2315	333170	3161	0	353007
11985	7035	318479	9471	3340	0	338325
11986	5261	334867	3918	4025	0	348071
11987	5426	11484	2888	333631	0	353429
11988	5416	5156	2332	312861	0	325765
11989	4606	3458	2143	338161	0	348368
11990	3571	3209	332575	14453	0	353808
11991	323987	2931	10074	8461	0	345453
11992	352926	2726	4246	6439	0	366337
11993	360997	2897	2855	5870	0	372619
11994	362300	2890	2565	5363	0	373118
11995	364202	2701	2262	5559	0	374724
11996	369438	2595	2501	5072	0	379606
11997	19523	2471	2253	377539	0	401786
11998	9719	2922	365795	14217	0	392653
11999	7538	3001	377653	6911	0	395103
12000	7345	3103	14600	379397	0	404445
12001	7525	2814	5643	377983	0	393965
12002	7259	2574	3759	383869	0	397461
12003	6017	380305	3198	19202	0	408722
12004	388443	13599	2827	10550	0	415419
12005	17556	399918	2806	6951	0	427231
12006	10618	15399	2532	395399	0	423948
12007	390859	6463	2554	18341	0	418217
12008	18373	391595	2342	9033	0	421343
12009	10844	15678	2205	396034	0	424761
12010	8974	6829	1992	406841	0	424636
12011	7512	5224	2071	408815	0	423622
12012	5519	391254	2642	23235	0	422650
12013	6501	15608	2544	405454	0	430107
12014	5236	7202	395386	22645	0	430469
12015	6461	5344	14761	405218	0	431784
12016	6225	4700	5358	418699	0	434982
12017	6658	4779	3443	441829	0	456709
12018	7069	4466	2856	454522	0	468913
12019	5894	4560	429040	30396	0	469890
12020	5409	429439	17476	18101	0	470425
12021	7089	18740	7545	442693	0	476067
12022	6864	9049	5647	467844	0	489404
12023	6934	6587	4582	460693	0	478796
12024	5224	424158	4742	34835	0	468959
12025	4964	466979	3999	21763	0	497705
12026	453231	25671	3354	17687	0	499943
12027	22716	12934	3084	453099	0	491833
12028	10254	9268	436162	28923	0	484607
12029	7426	439874	17977	18715	0	483992
12030	426532	21775	8670	16210	0	473187
12031	21963	11361	417666	13439	0	464429
12032	11490	8864	413508	12170	0	446032
12033	8354	7299	416913	10100	0	442666
12034	9115	9559	26955	398207	0	443836
12035	6102	5861	406883	23777	0	442623
12036	4867	380244	24579	14971	0	424661
12037	5446	17055	13602	373420	0	409523
12038	3862	9415	382272	22293	0	417842
12039	4748	8070	22522	375050	0	410390
12040	365486	6392	13286	26080	0	411244
12041	16594	5683	369525	17198	0	409000
12042	354877	5126	21357	15519	0	396879
12043	19582	375115	12816	11990	0	419503
12044	381365	18587	9825	11080	0	420857
12045	23760	10031	8878	379929	0	422598
12046	383546	7417	8888	23055	0	422906
12047	387827	6108	8624	15179	0	417738
12048	377538	6536	7728	13104	0	404906
12049	28513	377482	7764	9952	0	423711
12050	385636	18231	7284	10332	0	421483
12051	391702	9482	7971	10065	0	419220
12052	29987	7376	371777	8827	0	417967
12053	18951	369495	19336	9524	0	417306
12054	17042	19164	11718	368342	0	416266
12055	14719	11355	9591	382254	0	417919
12056	13116	9293	8098	388997	0	419504
12057	10644	8150	368886	29213	0	416893
12058	11128	6690	19860	378347	0	416025
12059	10195	6424	373930	29106	0	419655
12060	367944	5914	22920	19821	0	416599
12061	387414	5813	13352	17070	0	423649
12062	27489	6275	379805	14640	0	428209
12063	381654	6203	21451	14178	0	423486
12064	398176	5536	13114	13512	0	430338
12065	406896	5090	11362	11659	0	435007
12066	35780	4873	10024	385341	0	436018
12067	23816	5653	385961	22688	0	438118
12068	18936	387155	20560	15394	0	442045
12069	18086	18144	12355	393747	0	442332
12070	16034	10403	394891	23852	0	445180
12071	14356	8184	370285	15959	0	408784
12072	367055	7480	25343	15102	0	414980
12073	21588	390767	16654	13584	0	442593
12074	399814	17871	12619	14712	0	445016
12075	405176	10299	11786	13788	0	441049
12076	27335	397627	12371	11610	0	448943
12077	404892	18788	10955	11748	0	446383
12078	28288	11513	406991	10302	0	457094
12079	20946	8754	392575	9640	0	431915
12080	19309	7311	399111	8972	0	434703
12081	16552	390612	26583	7498	0	441245
12082	389963	16708	18199	7350	0	432220
12083	393646	9880	13659	7750	0	424935
12084	27791	369304	12381	6861	0	416337
12085	19591	390895	11242	7852	0	429580
12086	16332	20112	11099	383436	0	430979
12087	14234	14225	9941	394581	0	432981
12088	392417	11120	8728	21936	0	434201
12089	22064	393038	8662	13864	0	437628
12090	395138	18683	8256	11749	0	433826
12091	388773	11884	7954	10460	0	419071
12092	26744	11080	373267	8431	0	419522
12093	19849	370449	15772	7678	0	413748
12094	19080	18326	10548	369224	0	417178
12095	372138	11366	8307	15552	0	407363
12096	25420	8744	7832	361892	0	403888
12097	352674	7412	8128	15559	0	383773
12098	21802	7088	336353	9586	0	374829
12099	16176	319809	15253	8742	0	359980
12100	13449	335447	9757	7772	0	366425
12101	13925	16497	8456	310184	0	349062
12102	12662	333075	7261	11567	0	364565
12103	334234	15083	7045	9022	0	365384
12104	16061	11428	323566	7594	0	358649
12105	308225	9663	11087	8227	0	337202
12106	16243	8327	326063	7684	0	358317
12107	13519	7375	11880	323243	0	356017
12108	12967	7531	8422	324757	0	353677
12109	12748	6525	7260	329327	0	355860
12110	330556	5602	6748	15936	0	358842
12111	17007	4539	326091	10619	0	358256
12112	12778	4791	11835	324967	0	354371
12113	11200	5417	7796	324968	0	349381
12114	10519	307466	6419	15585	0	339989
12115	10312	305431	5197	12219	0	333159
12116	10188	312062	5614	9382	0	337246
12117	7338	9906	4357	296704	0	318305
12118	5609	4957	2969	282805	0	296340
12119	3191	261620	1902	6676	0	273389
12120	3059	265385	1776	4277	0	274497
12121	261653	3807	2156	4161	0	271777
12122	4266	2658	1344	258733	0	267001
12123	1915	251096	874	2535	0	256420
12124	255039	1978	1151	2202	0	260370
12125	3179	1005	918	256164	0	261266
12126	271879	699	832	3197	0	276607
12127	3902	656	776	278484	0	283818
12128	1694	833	284377	3596	0	290500
12129	1345	283975	2601	1934	0	289855
12130	276866	2631	1076	2612	0	283185
12131	3217	1243	285875	1011	0	291346
12132	1579	284229	2495	795	0	289098
12133	1297	2015	767	284032	0	288111
12134	778	623	565	287774	0	289740
12135	1000	649	230	275084	0	276963
12136	1280	280	274	266636	0	268470
12137	426	387	280405	2811	0	284029
12138	282	274197	1866	1238	0	277583
12139	648	1840	554	278499	0	281541
12140	272717	564	405	3252	0	276938
12141	1846	274473	291	1162	0	277772
12142	1134	1940	176	290613	0	293863
12143	758	820	282518	3050	0	287146
12144	352	281138	3024	1724	0	286238
12145	1837	3295	1085	264161	0	270378
12146	466	292675	821	1944	0	295906
12147	293136	4475	254	1893	0	299758
12148	293407	1386	198	2010	0	297001
12149	5509	1239	282249	758	0	289755
12150	276691	640	3605	1601	0	282537
12151	289860	374	1167	1581	0	292982
12152	5895	713	279947	397	0	286952
12153	2632	280866	4082	533	0	288113
12154	2892	3936	1271	277231	0	285330
12155	1635	1352	1077	297375	0	301439
12156	294194	945	572	6755	0	302466
12157	5597	475	434	295035	0	301541
12158	1969	533	293663	5562	0	301727
12159	272054	639	4592	3196	0	280481
12160	5425	665	283027	1704	0	290821
12161	1958	284798	5247	1296	0	293299
12162	275000	4667	1750	1882	0	283299
12163	5554	1754	279364	994	0	287666
12164	2367	1404	261880	719	0	266370
12165	1820	273774	5419	693	0	281706
12166	1576	4858	2570	279132	0	288136
12167	1045	2125	271397	4888	0	279455
12168	2706	1477	5466	229020	0	238669
12169	1584	686	2074	266305	0	270649
12170	1055	611	260973	6475	0	269114
12171	867	257846	5347	2925	0	266985
12172	1215	4788	2177	261832	0	270012
12173	255949	1769	1851	6475	0	266044
12174	253887	1425	1072	3219	0	259603
12175	6738	817	883	255337	0	263775
12176	3014	862	247875	5844	0	257595
12177	2086	1049	251694	2346	0	257175
12178	1772	704	6622	249867	0	258965
12179	1267	820	247927	5993	0	256007
12180	240214	684	6515	3152	0	250565
12181	6911	564	2466	252366	0	262307
12182	3227	533	2148	256829	0	262737
12183	1992	254086	1844	7636	0	265558
12184	1763	6103	1329	261717	0	270912
12185	1254	2236	250840	8012	0	262342
12186	233341	1647	6680	4083	0	245751
12187	249936	845	2525	3724	0	257030
12188	8474	813	248627	2257	0	260171
12189	4470	908	6955	263115	0	275448
12190	3126	846	2768	277270	0	284010
12191	1660	815	273594	11625	0	287694
12192	2488	680	9198	280015	0	292381
12193	3357	560	3973	272350	0	280240
12194	1645	289676	3079	12691	0	307091
12195	2482	9808	1907	302299	0	316496
12196	2164	3308	1518	315700	0	322690
12197	312595	2124	1832	16688	0	333239
12198	327620	1377	1672	8343	0	339012
12199	337805	909	1645	5896	0	346255
12200	337014	1012	1636	4148	0	343810
12201	335821	992	1421	3972	0	342206
12202	20113	1234	312242	3362	0	336951
12203	10924	881	12372	310569	0	334746
12204	7994	816	4910	324720	0	338440
12205	5067	966	315310	17346	0	338689
12206	298711	1037	13459	9290	0	322497
12207	317314	971	5631	7040	0	330956
12208	18023	1343	275731	4912	0	300009
12209	309842	960	11245	5280	0	327327
12210	324277	746	5186	4742	0	334951
12211	20505	811	308943	3414	0	333673
12212	12597	866	13915	291374	0	318752
12213	8425	304915	6461	12491	0	332292
12214	7284	12439	4932	329278	0	353933
12215	6787	4525	3191	338866	0	353369
12216	5952	3145	3119	339915	0	352131
12217	4170	1985	328054	21798	0	356007
12218	317719	1444	14454	12205	0	345822
12219	339105	1380	6415	8643	0	355543
12220	20673	1031	5115	329943	0	356762
12221	10588	1170	323547	17242	0	352547
12222	8696	1108	15227	323979	0	349010
12223	5678	794	327829	18920	0	353221
12224	5466	995	329284	9116	0	344861
12225	4237	326734	18962	7426	0	357359
12226	5136	11632	8925	316981	0	342674
12227	313241	4340	5980	16599	0	340160
12228	305885	3012	4281	8945	0	322123
12229	313483	1751	3903	7273	0	326410
12230	21701	1474	3339	296125	0	322639
12231	10504	306763	3155	15626	0	336048
12232	8879	13003	2853	317896	0	342631
12233	6035	4936	326787	19166	0	356924
12234	353369	3562	15168	10461	0	382560
12235	390387	2038	6593	8716	0	407734
12236	24703	1627	5498	380152	0	411980
12237	13699	1805	4083	391923	0	411510
12238	11176	1391	4101	400073	0	416741
12239	7510	1551	376714	27783	0	413558
12240	345607	1251	17921	16068	0	380847
12241	21322	356202	7966	11309	0	396799
12242	9312	365528	5900	8082	0	388822
12243	7895	17165	362628	6758	0	394446
12244	7877	7931	17248	355329	0	388385
12245	5291	5397	363033	19428	0	393149
12246	344653	3712	18417	9758	0	376540
12247	20135	2950	7943	350097	0	381125
12248	9924	2270	346471	18687	0	377352
12249	8702	352137	16775	10138	0	387752
12250	355094	13933	7410	9999	0	386436
12251	19361	5348	362232	7290	0	394231
12252	9423	339644	17752	7071	0	373890
12253	7657	370581	8567	6022	0	392827
12254	366214	18796	7293	5666	0	397969
12255	20166	8910	5376	362526	0	396978
12256	9521	6757	372791	18275	0	407344
12257	7804	373265	18226	9121	0	408416
12258	375667	16692	8241	8902	0	409502
12259	384597	6803	6920	7527	0	405847
12260	22962	375374	5923	5876	0	410135
12261	11755	17824	381891	6445	0	417915
12262	10420	7875	18464	384027	0	420786
12263	387502	6770	8560	19456	0	422288
12264	398013	4843	7199	9652	0	419707
12265	24873	4354	385185	7581	0	421993
12266	14998	4430	18331	376215	0	413974
12267	12200	3848	8722	397630	0	422400
12268	9540	3620	391137	22801	0	427098
12269	8498	3714	385290	12247	0	409749
12270	388034	3313	23095	10442	0	424884
12271	405438	3908	12014	8484	0	429844
12272	411643	3863	8913	7725	0	432144
12273	416280	3286	7561	7117	0	434244
12274	28752	3709	386157	6130	0	424748
12275	400214	2962	18631	6489	0	428296
12276	29374	2469	8930	391860	0	432633
12277	16154	2746	395695	20059	0	434654
12278	13268	2795	394961	11600	0	422624
12279	9778	390204	22843	10866	0	433691
12280	8928	15435	12620	385344	0	422327
12281	7988	7119	394617	19274	0	428998
12282	375151	5964	20679	10535	0	412329
12283	21319	5498	11792	336659	0	375268
12284	11662	386340	9647	15050	0	422699
12285	394514	15453	8073	10528	0	428568
12286	402788	5958	7912	9468	0	426126
12287	25785	5079	389057	7045	0	426966
12288	15029	382941	18855	6924	0	423749
12289	12118	13591	9008	371266	0	405983
12290	371931	6687	7697	16297	0	402612
12291	20302	6091	6893	366932	0	400218
12292	10712	4578	352854	16155	0	384299
12293	315134	4366	14001	9066	0	342567
12294	15612	330686	7564	7850	0	361712
12295	8967	308381	6357	6322	0	330027
12296	8480	338262	5665	5801	0	358208
12297	328716	13539	8202	6475	0	356932
12298	324523	6567	5191	4403	0	340684
12299	327483	5412	3910	3193	0	339998
12300	17262	3988	3463	316468	0	341181
12301	9736	3829	318835	10266	0	342666
12302	8186	3718	10888	321748	0	344540
12303	326254	2932	5631	13279	0	348096
12304	14650	2354	4794	327904	0	349702
12305	335683	2211	4090	13572	0	355556
12306	336042	2344	4653	7329	0	350368
12307	325541	2597	4714	6839	0	339691
12308	14420	326797	4270	5622	0	351109
12309	330451	9845	4145	5161	0	349602
12310	15449	4688	322451	3428	0	346016
12311	10428	3798	322507	2858	0	339591
12312	9770	318015	11411	2707	0	341903
12313	9816	8682	5833	305220	0	329551
12314	308628	3520	4267	9868	0	326283
12315	13079	3034	302522	4407	0	323042
12316	298786	2110	10192	4801	0	315889
12317	13811	2108	5183	294523	0	315625
12318	6917	299450	5270	9640	0	321277
12319	6687	8141	4895	308223	0	327946
12320	5927	4253	305320	10045	0	325545
12321	287547	3704	9587	6445	0	307283
12322	12044	3181	307334	4761	0	327320
12323	7591	2550	294577	3523	0	308241
12324	284586	2164	10601	4138	0	301489
12325	11293	290629	6047	3203	0	311172
12326	300298	8748	4384	3488	0	316918
12327	305389	3598	3739	3713	0	316439
12328	14724	2957	292915	2642	0	313238
12329	284977	2629	9986	3658	0	301250
12330	12426	2579	286794	3681	0	305480
12331	7048	1821	269363	3830	0	282062
12332	6547	1724	271991	3559	0	283821
12333	4579	257087	9271	3120	0	274057
12334	220483	5483	9206	3061	0	238233
12335	213711	1511	2104	1931	0	219257
12336	213790	753	1160	1513	0	217216
12337	212986	610	1141	1534	0	216271
12338	5234	705	211754	652	0	218345
12339	3465	570	3482	208832	0	216349
12340	2705	615	1722	209444	0	214486
12341	213716	619	1300	4710	0	220345
12342	4147	211514	1261	1754	0	218676
12343	2522	2984	1085	211300	0	217891
12344	210250	1168	1094	4285	0	216797
12345	4145	1031	211551	1383	0	218110
12346	2882	728	3300	207416	0	214326
12347	1820	879	212250	3507	0	218456
12348	1757	208978	3607	1635	0	215977
12349	2447	3399	1752	199913	0	207511
12350	197921	1142	1061	3803	0	203927
12351	3999	718	826	201760	0	207303
12352	1917	781	202594	3594	0	208886
12353	1316	202289	3238	1647	0	208490
12354	197494	2943	1364	2043	0	203844
12355	3855	1220	199184	909	0	205168
12356	185821	643	3145	1606	0	191215
12357	3615	197471	1475	1062	0	203623
12358	200793	3001	1227	1506	0	206527
12359	203534	1199	617	1271	0	206621
12360	5149	664	524	204077	0	210414
12361	2210	639	201555	3437	0	207841
12362	1299	201947	3569	1501	0	208316
12363	1683	3292	1493	207942	0	214410
12364	1679	1317	898	210061	0	213955
12365	1824	714	768	221772	0	225078
12366	1910	563	710	229287	0	232470
12367	1001	255502	864	7117	0	264484
12368	265678	6226	796	3798	0	276498
12369	7528	269241	817	1653	0	279239
12370	4194	7696	705	281065	0	293660
12371	287526	2648	750	9182	0	300106
12372	10250	1696	614	288553	0	301113
12373	4235	1481	285323	9759	0	300798
12374	2774	285360	7859	4299	0	300292
12375	3747	8194	2876	285610	0	300427
12376	3133	3569	1714	297229	0	305645
12377	282546	2281	1223	12480	0	298530
12378	9311	1946	278357	5583	0	295197
12379	274349	1418	8092	5152	0	289011
12380	282296	1304	3367	4261	0	291228
12381	283503	1607	2011	3949	0	291070
12382	13327	1945	275447	2875	0	293594
12383	7957	1995	8527	268674	0	287153
12384	5876	1761	3610	277487	0	288734
12385	3752	1962	276361	12726	0	294801
12386	3415	1757	277552	6964	0	289688
12387	277167	1405	11679	5665	0	295916
12388	12104	1510	5319	285093	0	304026
12389	289710	1457	3746	12469	0	307382
12390	300239	1560	2692	7115	0	311606
12391	15667	1426	2273	295868	0	315234
12392	7611	1457	311536	12890	0	333494
12393	303259	1211	11601	7682	0	323753
12394	15713	1172	5348	319398	0	341631
12395	8196	1454	319245	13912	0	342807
12396	6530	313112	12123	7283	0	339048
12397	314750	10964	5694	6465	0	337873
12398	14511	319566	4410	4888	0	343375
12399	10683	13246	3602	285166	0	312697
12400	6972	324696	3554	12415	0	347637
12401	313724	13462	3673	8663	0	339522
12402	322828	6077	3764	8046	0	340715
12403	18112	316342	3835	6919	0	345208
12404	320320	12731	3811	7065	0	343927
12405	319265	6498	3501	7563	0	336827
12406	19201	308870	3812	6946	0	338829
12407	316088	13126	3528	7397	0	340139
12408	20437	5965	3801	307659	0	337862
12409	13652	4427	4096	316801	0	338976
12410	313912	3691	3889	18070	0	339562
12411	21175	3117	3896	288108	0	316296
12412	12925	301116	3862	14633	0	332536
12413	304119	12794	4036	9507	0	330456
12414	304281	6843	3852	8724	0	323700
12415	19059	302667	4225	7754	0	333705
12416	308164	13414	4422	7490	0	333490
12417	315429	6923	4508	6583	0	333443
12418	23381	5089	3906	300073	0	332449
12419	14886	4728	297054	15467	0	332135
12420	12942	297892	12147	8989	0	331970
12421	307352	13361	5652	8103	0	334468
12422	312583	7068	4168	7828	0	331647
12423	23541	5363	295056	7093	0	331053
12424	302291	4289	12799	8228	0	327607
12425	21420	4118	288788	7446	0	321772
12426	298273	4928	13692	7266	0	324159
12427	21444	5504	6957	292991	0	326896
12428	14040	6069	291806	14638	0	326553
12429	11860	6595	295244	8468	0	322167
12430	11839	6729	15147	288079	0	321794
12431	11561	6465	7290	295272	0	320588
12432	11355	5712	283520	17304	0	317891
12433	12599	5461	13042	284435	0	315537
12434	11476	6009	288237	16317	0	322039
12435	12675	5522	14623	286423	0	319243
12436	12907	5999	7504	284115	0	310525
12437	12338	272635	5933	17535	0	308441
12438	12226	273347	5064	11057	0	301694
12439	11022	292278	5253	10083	0	318636
12440	11819	15842	4950	288287	0	320898
12441	11269	8119	4999	299021	0	323408
12442	10045	6145	283820	21195	0	321205
12443	273399	5530	13973	13496	0	306398
12444	294557	5466	7631	10679	0	318333
12445	22169	282803	6232	8683	0	319887
12446	291876	14178	5462	8269	0	319785
12447	22296	7632	5198	284256	0	319382
12448	292352	5783	5921	17505	0	321561
12449	299623	4647	6056	11986	0	322312
12450	23577	5036	5870	288187	0	322670
12451	279590	5740	5446	17386	0	308162
12452	19932	267050	5540	10279	0	302801
12453	13741	279954	5245	8119	0	307059
12454	13055	16228	5487	260021	0	294791
12455	11861	278828	5614	13459	0	309762
12456	12246	14447	5147	268323	0	300163
12457	12478	7759	4708	277699	0	302644
12458	268992	5704	5080	17678	0	297454
12459	17820	260957	5511	10914	0	295202
12460	259674	12257	5240	9484	0	286655
12461	256229	7073	5124	9414	0	277840
12462	18317	253398	5050	8913	0	285678
12463	255136	11921	4589	9506	0	281152
12464	17290	6353	244250	9020	0	276913
12465	10133	235102	10513	8159	0	263907
12466	227300	9637	5359	8365	0	250661
12467	11563	4722	206484	5306	0	228075
12468	6394	184048	6550	4533	0	201525
12469	5862	192268	4263	4105	0	206498
12470	177057	6807	4207	3143	0	191214
12471	174767	3780	1601	2759	0	182907
12472	175838	2647	1266	2657	0	182408
12473	8679	172583	1534	2342	0	185138
12474	5833	5166	1543	176745	0	189287
12475	178106	3077	1719	6088	0	188990
12476	179485	2738	1612	3749	0	187584
12477	8607	2344	1532	175588	0	188071
12478	5503	2179	178042	5347	0	191071
12479	4670	2287	174820	2841	0	184618
12480	4436	1909	6086	177032	0	189463
12481	4070	1597	3469	181476	0	190612
12482	3748	1473	180200	6858	0	192279
12483	3848	1340	5608	173476	0	184272
12484	3285	176769	3397	6162	0	189613
12485	176217	4536	2766	3977	0	187496
12486	6381	2486	2346	175096	0	186309
12487	169615	1496	1974	6130	0	179215
12488	5290	168277	2034	4273	0	179874
12489	3295	174571	2022	3243	0	183131
12490	171171	3903	1757	3296	0	180127
12491	4497	1892	166837	2516	0	175742
12492	140238	1334	2848	1901	0	146321
12493	2698	146200	1815	1343	0	152056
12494	1536	1459	871	139528	0	143394
12495	138549	761	412	2354	0	142076
12496	1869	499	490	138185	0	141043
12497	141492	356	458	2536	0	144842
12498	139009	377	466	1661	0	141513
12499	2074	145556	426	924	0	148980
12500	143555	1054	187	995	0	145791
12501	1368	141616	221	456	0	143661
12502	142883	1083	210	734	0	144910
12503	1534	505	168	143430	0	145637
12504	146672	367	256	1539	0	148834
12505	1399	308	122	149258	0	151087
12506	154595	307	100	1796	0	156798
12507	157245	326	115	1309	0	158995
12508	158965	285	103	982	0	160335
12509	159511	248	88	793	0	160640
12510	159739	218	117	815	0	160889
12511	1848	235	81	162320	0	164484
12512	160020	228	107	1597	0	161952
12513	1444	156213	143	619	0	158419
12514	891	1129	155909	362	0	158291
12515	1030	485	884	155585	0	157984
12516	667	392	163106	1137	0	165302
12517	913	247	1014	166462	0	168636
12518	582	383	169152	1528	0	171645
12519	163582	184	1185	1198	0	166149
12520	1723	232	463	172139	0	174557
12521	764	322	171414	1302	0	173802
12522	702	311	172842	688	0	174543
12523	875	321	1523	179589	0	182308
12524	199636	170	714	2477	0	202997
12525	1963	211474	569	931	0	214937
12526	214458	2028	271	1473	0	218230
12527	215021	1002	302	1219	0	217544
12528	3189	215076	377	447	0	219089
12529	226231	2144	302	1429	0	230106
12530	3240	1107	233	226634	0	231214
12531	2007	596	203	226721	0	229527
12532	1371	493	219	229337	0	231420
12533	228119	291	189	4129	0	232728
12534	2567	229007	281	1814	0	233669
12535	1804	2502	187	233394	0	237887
12536	1316	1261	181	236478	0	239236
12537	234692	676	147	4703	0	240218
12538	3521	605	120	234106	0	238352
12539	1838	585	236787	3511	0	242721
12540	1267	243899	2812	1914	0	249892
12541	248877	3410	1214	1783	0	255284
12542	4549	1764	657	243949	0	250919
12543	2092	252760	469	3682	0	259003
12544	252266	3781	325	2772	0	259144
12545	4509	2090	249402	1505	0	257506
12546	2393	251175	3504	1180	0	258252
12547	256032	4126	1572	1662	0	263392
12548	5050	2135	928	252849	0	260962
12549	3097	1153	669	254352	0	259271
12550	1671	1231	252666	5273	0	260841
12551	2136	767	3618	247462	0	253983
12552	1137	733	263673	5139	0	270682
12553	1067	905	242630	3083	0	247685
12554	1133	738	258974	1942	0	262787
12555	258629	524	5942	2426	0	267521
12556	266321	520	3052	2128	0	272021
12557	274624	510	2110	1569	0	278813
12558	6657	492	1396	268124	0	276669
12559	3504	267530	1192	3684	0	275910
12560	2464	274458	926	2191	0	280039
12561	278349	4662	710	2641	0	286362
12562	275145	2485	651	2717	0	280998
12563	5309	278750	768	1257	0	286084
12564	276293	4007	851	1817	0	282968
12565	4988	2350	271450	1007	0	279795
12566	3196	1708	266587	772	0	272263
12567	3228	1121	4929	251322	0	260600
12568	2529	777	2554	272728	0	278588
12569	1682	777	272622	4913	0	279994
12570	1894	688	4332	263952	0	270866
12571	268458	533	2508	6056	0	277555
12572	3992	802	268875	2929	0	276598
12573	257248	625	4387	2664	0	264924
12574	5507	545	2300	269006	0	277358
12575	3182	683	274763	4233	0	282861
12576	2310	276580	4432	2338	0	285660
12577	279659	3522	2442	2816	0	288439
12578	4765	2077	273967	1428	0	282237
12579	268841	1240	4613	1875	0	276569
12580	5393	991	2484	275031	0	283899
12581	275777	802	1671	5044	0	283294
12582	5531	842	288654	2389	0	297416
12583	4050	655	4227	291033	0	299965
12584	302085	496	2321	5807	0	310709
12585	304515	552	1875	3866	0	310808
12586	315254	598	1369	3172	0	320393
12587	319426	586	1150	2729	0	323891
12588	8263	659	1169	306334	0	316425
12589	5266	674	1105	306285	0	313330
12590	3541	810	302817	6513	0	313681
12591	3626	577	4618	300625	0	309446
12592	3687	668	2475	287041	0	293871
12593	2021	308159	1691	7213	0	319084
12594	312056	4748	1520	4840	0	323164
12595	319645	2209	1331	3920	0	327105
12596	7885	330381	1181	2546	0	341993
12597	5016	6278	1097	328939	0	341330
12598	4024	2683	897	336539	0	344143
12599	322153	1529	857	10122	0	334661
12600	8014	1414	332929	4854	0	347211
12601	4748	957	6559	337474	0	349738
12602	2954	987	341878	8621	0	354440
12603	326414	823	7561	5561	0	340359
12604	341372	683	3601	4076	0	349732
12605	345816	716	2292	3388	0	352212
12606	11591	702	1702	333319	0	347314
12607	6620	718	1459	334817	0	343614
12608	333883	766	1141	10355	0	346145
12609	9080	985	327551	4789	0	342405
12610	5480	773	6494	330185	0	342932
12611	333230	672	2843	9352	0	346097
12612	9089	712	1981	334486	0	346268
12613	4880	822	344097	8760	0	358559
12614	3714	836	324011	4747	0	333308
12615	324561	586	8404	4943	0	338494
12616	7902	339408	4226	3038	0	354574
12617	347363	5854	2537	3883	0	359637
12618	353778	2399	1788	3613	0	361578
12619	10653	1496	1666	349903	0	363718
12620	6126	1230	1519	347924	0	356799
12621	3936	345834	1582	9017	0	360369
12622	342384	6036	1319	5663	0	355402
12623	8204	342238	1353	3613	0	355408
12624	4133	334990	1118	2866	0	343107
12625	3519	6568	900	321964	0	332951
12626	320469	2582	1079	7205	0	331335
12627	325387	1684	989	3940	0	332000
12628	8738	1283	985	319356	0	330362
12629	4918	1111	805	312061	0	318895
12630	4131	935	699	313778	0	319543
12631	307416	736	778	9427	0	318357
12632	7325	903	305813	4583	0	318624
12633	3687	305434	5436	3820	0	318377
12634	305322	4625	2091	4031	0	316069
12635	7573	2154	1613	304328	0	315668
12636	4023	1455	303098	6519	0	315095
12637	3363	1256	294325	3552	0	302496
12638	2581	297697	6448	3215	0	309941
12639	2453	306659	2791	2685	0	314588
12640	3343	5429	2330	290985	0	302087
12641	2424	251023	1458	4766	0	259671
12642	2729	4260	946	282127	0	290062
12643	2289	1679	797	294546	0	299311
12644	292817	1176	806	6945	0	301744
12645	5412	1140	867	292327	0	299746
12646	2978	983	817	295921	0	300699
12647	2152	1224	290605	6079	0	300060
12648	2570	958	4024	293722	0	301274
12649	292611	957	1759	7099	0	302426
12650	295589	874	1340	4077	0	301880
12651	6393	303251	1230	2457	0	313331
12652	293853	4783	824	3350	0	302810
12653	7028	2181	290914	2308	0	302431
12654	3449	290752	4900	2760	0	301861
12655	3464	5500	1760	296749	0	307473
12656	2920	2271	1322	303660	0	310173
12657	2919	1751	1152	306014	0	311836
12658	300373	1320	1300	9568	0	312561
12659	278553	1293	1783	5576	0	287205
12660	7398	1453	292382	3212	0	304445
12661	3840	1300	284988	3071	0	293199
12662	3480	1186	287980	2911	0	295557
12663	3293	287392	6965	2843	0	300493
12664	3311	299425	2634	2749	0	308119
12665	295481	6784	1697	4088	0	308050
12666	297872	2556	1522	4042	0	305992
12667	8557	1664	1622	301028	0	312871
12668	4459	1461	1775	296510	0	304205
12669	2850	300302	1841	8391	0	313384
12670	3350	6242	1487	307356	0	318435
12671	2838	2666	304086	8131	0	317721
12672	2606	303844	6529	4041	0	317020
12673	3141	6443	2686	308985	0	321255
12674	2763	2883	313395	7478	0	326519
12675	3678	2399	6433	289353	0	301863
12676	2620	306147	2430	7610	0	318807
12677	313555	7200	1650	5252	0	327657
12678	314575	3145	1229	4793	0	323742
12679	327563	2096	1243	4845	0	335747
12680	10565	2054	1282	327045	0	340946
12681	5389	1998	1073	339196	0	347656
12682	332826	2067	1111	11754	0	347758
12683	9634	332526	1429	4725	0	348314
12684	334996	8382	1258	4806	0	349442
12685	10645	3176	352842	2869	0	369532
12686	353343	1847	8983	3939	0	368112
12687	370059	1374	3488	4216	0	379137
12688	15558	1346	1831	363309	0	382044
12689	372302	1433	1359	12664	0	387758
12690	385448	1552	1325	6671	0	394996
12691	16425	1633	1436	380704	0	400198
12692	6827	1516	375910	11417	0	395670
12693	358057	1310	10278	6748	0	376393
12694	12354	1308	375983	3382	0	393027
12695	5547	380411	10500	2815	0	399273
12696	5073	8878	4466	379300	0	397717
12697	3611	3406	1579	397913	0	406509
12698	418210	1397	1363	14763	0	435733
12699	12248	1237	419534	5336	0	438355
12700	6665	1292	11327	391097	0	410381
12701	3033	408885	4428	11134	0	427480
12702	2122	417039	2189	4970	0	426320
12703	3612	14027	1466	417539	0	436644
12704	2354	4852	411027	13043	0	431276
12705	3636	2272	11592	415011	0	432511
12706	3473	1676	4764	415273	0	425186
12707	2142	1807	402065	15553	0	421567
12708	1508	412766	11514	6306	0	432094
12709	397713	12547	4025	5305	0	419590
12710	11449	415487	2428	3883	0	433247
12711	6403	12290	1881	411201	0	431775
12712	394617	4631	1795	14771	0	415814
12713	11687	395490	2399	6042	0	415618
12714	4819	12415	393168	3815	0	414217
12715	380588	5567	11554	4391	0	402100
12716	12567	404802	4450	2624	0	424443
12717	403703	12620	2331	4247	0	422901
12718	14367	5177	385198	2750	0	407492
12719	386172	2637	11575	4127	0	404511
12720	15058	2345	4699	393143	0	415245
12721	6467	2366	389568	12981	0	411382
12722	5261	2592	12345	373369	0	393567
12723	4060	375577	4920	12908	0	397465
12724	4595	12341	2667	388265	0	407868
12725	4458	4721	2369	395570	0	407118
12726	3817	2875	379517	16887	0	403096
12727	4374	2630	12305	384310	0	403619
12728	3658	2849	311665	15903	0	334075
12729	3494	384465	9627	7449	0	405035
12730	4360	13419	4115	383745	0	405639
12731	3884	5578	385063	14676	0	409201
12732	3333	376225	13677	7330	0	400565
12733	3647	400689	5778	5064	0	415178
12734	3463	16100	392312	4602	0	416477
12735	3701	6362	394760	4024	0	408847
12736	4630	3978	16749	384125	0	409482
12737	381473	3456	6714	16162	0	407805
12738	14480	383424	4053	8007	0	409964
12739	7915	14275	3357	378543	0	404090
12740	378066	6005	3397	15933	0	403401
12741	15718	381189	3457	7759	0	408123
12742	375801	14145	3477	6231	0	399654
12743	16536	387651	3163	4968	0	412318
12744	388728	14940	2962	5585	0	412215
12745	387505	6894	3358	5832	0	403589
12746	392441	4613	2816	5540	0	405410
12747	21127	401915	3198	4894	0	431134
12748	11757	15549	3478	403360	0	434144
12749	7887	6884	397039	16840	0	428650
12750	7031	395301	15369	9355	0	427056
12751	8871	16273	6530	383270	0	414944
12752	8600	7785	4474	394999	0	415858
12753	6512	5237	376254	20023	0	408026
12754	6255	370682	15187	9856	0	401980
12755	365238	15281	7276	7949	0	395744
12756	17006	368259	4634	6751	0	396650
12757	9756	16082	4144	364237	0	394219
12758	6410	7736	363487	17108	0	394741
12759	351409	4933	15096	9812	0	381250
12760	17426	4784	6998	367164	0	396372
12761	7048	5155	361604	17689	0	391496
12762	339135	4602	16024	10347	0	370108
12763	15427	354212	7828	7202	0	384669
12764	356275	16011	5489	7544	0	385319
12765	363035	8070	4166	8002	0	383273
12766	19875	4948	4111	356210	0	385144
12767	8799	5212	352205	17197	0	383413
12768	6724	349235	15269	8670	0	379898
12769	5475	15996	349194	6313	0	376978
12770	5443	9520	14887	338753	0	368603
12771	5180	6694	7558	356577	0	376009
12772	342757	5334	5408	20177	0	373676
12773	15247	4348	338235	11090	0	368920
12774	7423	332025	15669	7364	0	362481
12775	6303	14903	7320	329389	0	357915
12776	6557	7516	4859	341128	0	360060
12777	324599	5758	4356	18444	0	353157
12778	15436	328399	3275	9217	0	356327
12779	9724	13852	2885	314309	0	340770
12780	299478	7251	3132	16488	0	326349
12781	12868	301344	3495	8098	0	325805
12782	287608	12799	2456	5323	0	308186
12783	287814	6114	3276	5206	0	302410
12784	15154	279073	3262	4742	0	302231
12785	241928	9631	1769	3430	0	256758
12786	11062	243441	1922	3019	0	259444
12787	239230	9148	2102	2926	0	253406
12788	238121	4320	2114	3131	0	247686
12789	11322	233032	1459	3051	0	248864
12790	217340	8195	1101	2976	0	229612
12791	223521	3184	1199	2654	0	230558
12792	223422	2760	911	2744	0	229837
12793	10684	2771	210850	2350	0	226655
12794	5224	2000	197259	2132	0	206615
12795	3753	1896	197321	1608	0	204578
12796	191155	2426	9188	1915	0	204684
12797	8055	1563	186602	1673	0	197893
12798	3225	1330	159895	1044	0	165494
12799	3300	2084	6299	143747	0	155430
12800	147309	1070	2863	4769	0	156011
12801	5483	1016	148706	1949	0	157154
12802	2925	1003	156405	1572	0	161905
12803	2889	958	6021	153167	0	163035
12804	2631	924	2957	158004	0	164516
12805	2433	921	2031	161555	0	166940
12806	1987	881	157205	6609	0	166682
12807	2291	908	5212	156581	0	164992
12808	155129	896	2637	6565	0	165227
12809	5319	156740	1910	3314	0	167283
12810	3345	4587	1613	157588	0	167133
12811	2843	2100	1451	161605	0	167999
12812	2115	1658	158886	6621	0	169280
12813	1916	156196	5159	3313	0	166584
12814	155379	4949	2398	3015	0	165741
12815	5469	157840	1859	2242	0	167410
12816	3163	5390	1791	156931	0	167275
12817	2422	2548	156895	5544	0	167409
12818	2671	1830	5392	163643	0	173536
12819	2255	1617	2709	169744	0	176325
12820	169926	1230	2225	7963	0	181344
12821	6636	1093	2019	164638	0	174386
12822	2977	161166	1863	7441	0	173447
12823	2596	176857	1643	3751	0	184847
12824	2145	6768	177623	2876	0	189412
12825	177218	2814	6320	3017	0	189369
12826	7430	1964	2780	181763	0	193937
12827	4033	1586	2195	184118	0	191932
12828	3242	1483	1976	187518	0	194219
12829	183560	1268	1584	9729	0	196141
12830	6833	186067	1659	5195	0	199754
12831	186337	5922	1537	4270	0	198066
12832	7511	2601	177446	3070	0	190628
12833	3808	1933	174516	2697	0	182954
12834	184066	1470	7521	2851	0	195908
12835	8066	1449	3942	185711	0	199168
12836	4034	1486	2707	191277	0	199504
12837	3250	1221	2384	193729	0	200584
12838	2500	1184	190464	9121	0	203269
12839	187260	1099	6694	5410	0	200463
12840	194592	1035	3295	4446	0	203368
12841	191617	1088	2566	4027	0	199298
12842	9569	1325	2055	186796	0	199745
12843	4981	1070	181688	7668	0	195407
12844	3900	1149	174912	4375	0	184336
12845	3279	1134	186542	3621	0	194576
12846	2698	181125	7810	3246	0	194879
12847	3341	4538	4332	165194	0	177405
12848	164036	1781	2221	5973	0	174011
12849	4743	1212	166152	3476	0	175583
12850	168390	858	5003	3288	0	177539
12851	5813	972	2742	171502	0	181029
12852	3329	1218	2039	171368	0	177954
12853	2512	163359	1712	6751	0	174334
12854	2152	166471	1913	3908	0	174444
12855	1959	176634	1976	3108	0	183677
12856	2375	5372	1864	177791	0	187402
12857	176010	2351	1654	6291	0	186306
12858	177504	1626	1664	4224	0	185018
12859	6284	1484	173033	3300	0	184101
12860	170260	1163	4839	3372	0	179634
12861	6453	1156	174038	2910	0	184557
12862	3907	1101	5305	174549	0	184862
12863	2985	1165	175363	5624	0	185137
12864	173461	1034	5400	3792	0	183687
12865	5660	1175	3045	180233	0	190113
12866	3240	1159	188694	5625	0	198718
12867	2718	1156	173197	3594	0	180665
12868	178738	954	6100	3648	0	189440
12869	188769	966	3199	3424	0	196358
12870	6281	193356	2429	2934	0	205000
12871	3890	3897	2098	198876	0	208761
12872	2838	2116	197686	5350	0	207990
12873	2757	1726	193474	3125	0	201082
12874	2924	1620	5712	197282	0	207538
12875	200934	1204	3453	6090	0	211681
12876	4874	198909	2544	3467	0	209794
12877	3326	3941	1964	204897	0	214128
12878	205131	2024	1640	6256	0	215051
12879	5523	1580	1699	205364	0	214166
12880	3293	204218	1886	5899	0	215296
12881	3084	3884	1952	210159	0	219079
12882	207606	2005	1964	5976	0	217551
12883	6000	1666	1701	209949	0	219316
12884	210630	1107	1796	6658	0	220191
12885	5522	211861	1993	4128	0	223504
12886	212273	3972	2109	3980	0	222334
12887	6179	1955	207773	2956	0	218863
12888	199338	1549	5134	3354	0	209375
12889	214361	1514	2881	3149	0	221905
12890	6783	216040	2471	2510	0	227804
12891	4422	4173	2116	213992	0	224703
12892	3290	1982	212907	4941	0	223120
12893	2894	1461	203179	3333	0	210867
12894	197332	1707	5163	3682	0	207884
12895	198904	945	2647	3102	0	205598
12896	4735	201331	1929	2466	0	210461
12897	3228	205287	1522	2053	0	212090
12898	203107	3748	1748	2184	0	210787
12899	4552	200887	1870	1584	0	208893
12900	2988	209460	1806	1714	0	215968
12901	2853	3276	1596	209469	0	217194
12902	2275	1619	1304	205242	0	210440
12903	1916	1321	206757	4880	0	214874
12904	2323	977	3154	204728	0	211182
12905	204299	905	1832	5271	0	212307
12906	4308	1063	204184	2346	0	211901
12907	3110	1008	199254	1965	0	205337
12908	3456	859	3673	198586	0	206574
12909	2705	898	2128	208982	0	214713
12910	2481	946	1779	210064	0	215270
12911	1913	1059	207072	4294	0	214338
12912	2067	1035	3487	199293	0	205882
12913	1910	1092	2067	210644	0	215713
12914	208193	916	1519	4378	0	215006
12915	3259	206686	1389	2268	0	213602
12916	205575	2378	1176	2295	0	211424
12917	3793	1159	207249	1523	0	213724
12918	180857	639	1990	1868	0	185354
12919	2562	203431	1276	1099	0	208368
12920	195792	1172	767	1156	0	198887
12921	1553	195475	571	686	0	198285
12922	187614	1224	638	1173	0	190649
12923	1070	184854	328	357	0	186609
12924	603	184080	317	385	0	185385
12925	1114	993	715	185897	0	188719
12926	185778	320	213	1296	0	187607
12927	183712	175	75	1067	0	185029
12928	183149	172	98	1019	0	184438
12929	966	369	180023	287	0	181645
12930	579	319	175422	190	0	176510
12931	647	181	741	182905	0	184474
12932	279	181910	372	740	0	183301
12933	258	189632	247	318	0	190455
12934	408	889	141	183482	0	184920
12935	182483	355	108	1363	0	184309
12936	180290	235	84	1054	0	181663
12937	181232	216	91	990	0	182529
12938	1176	311	181056	205	0	182748
12939	824	170	729	182894	0	184617
12940	490	256	186432	831	0	188009
12941	182426	117	945	1108	0	184596
12942	187767	114	409	1200	0	189490
12943	1436	220	191015	194	0	192865
12944	1001	138	990	188656	0	190785
12945	192845	151	425	1994	0	195415
12946	1469	181	255	197029	0	198934
12947	920	206	255	196992	0	198373
12948	1314	283	294	192384	0	194275
12949	218197	109	151	2960	0	221417
12950	2813	147	164	231118	0	234242
12951	240665	125	166	4286	0	245242
12952	3833	258646	320	1496	0	264295
12953	2210	3711	248	270060	0	276229
12954	1782	1388	220	272416	0	275806
12955	1500	814	180	271666	0	274160
12956	268488	419	214	7522	0	276643
12957	5247	397	238	267513	0	273395
12958	2871	200	190	269975	0	273236
12959	270270	268	156	7547	0	278241
12960	271647	336	144	4325	0	276452
12961	270837	270	217	3133	0	274457
12962	7372	326	260534	1786	0	270018
12963	3835	422	243913	1572	0	249742
12964	263812	194	5483	1925	0	271414
12965	6656	288	2193	262368	0	271505
12966	3595	496	1205	255240	0	260536
12967	261254	268	786	7808	0	270116
12968	253078	214	595	4625	0	258512
12969	255721	236	528	3410	0	259895
12970	7414	248730	679	1859	0	258682
12971	252187	4112	563	2410	0	259272
12972	247562	1564	408	2331	0	251865
12973	7684	243258	437	1454	0	252833
12974	4300	249608	441	1193	0	255542
12975	3897	5254	389	251723	0	261263
12976	257922	2032	693	5489	0	266136
12977	257787	1235	727	2958	0	262707
12978	257516	912	409	2420	0	261257
12979	8740	722	261	253047	0	262770
12980	254761	505	315	6487	0	262068
12981	7573	764	247263	2742	0	258342
12982	243768	628	4310	2904	0	251610
12983	7514	669	249627	1551	0	259361
12984	4097	930	241351	1395	0	247773
12985	4009	655	5680	242567	0	252911
12986	247683	498	2886	6024	0	257091
12987	6529	756	1358	247642	0	256285
12988	3269	929	248841	6434	0	259473
12989	2785	619	245686	3675	0	252765
12990	3194	322	5884	245739	0	255139
12991	247560	351	2859	6775	0	257545
12992	6273	251689	1938	3493	0	263393
12993	4231	4158	1337	257946	0	267672
12994	3901	1677	1168	262700	0	269446
12995	2828	1156	262550	7259	0	273793
12996	2859	894	251736	3931	0	259420
12997	2680	687	6849	262468	0	272684
12998	263036	497	3477	7849	0	274859
12999	6536	773	260753	4356	0	272418
13000	4689	714	5147	256527	0	267077
13001	3927	647	2510	257785	0	264869
13002	3116	624	2020	264669	0	270429
13003	253662	613	1854	9726	0	265855
13004	7047	932	229329	5747	0	243055
13005	4524	251032	3943	4307	0	263806
13006	4181	5017	2027	256563	0	267788
13007	3359	2371	255004	7392	0	268126
13008	3224	245830	5585	5063	0	259702
13009	3183	258270	3213	3926	0	268592
13010	256880	6329	2347	4143	0	269699
13011	7597	259980	1913	3442	0	272932
13012	263456	6148	1773	3895	0	275272
13013	8556	3115	259816	3104	0	274591
13014	5621	2096	5959	264415	0	278091
13015	265605	1443	2898	8964	0	278910
13016	8194	268033	2263	5182	0	283672
13017	5702	6166	266762	3997	0	282627
13018	5838	3022	6345	242593	0	257798
13019	4316	270610	3100	6378	0	284404
13020	4703	6630	2311	279027	0	292671
13021	276301	3264	2242	9364	0	291171
13022	8369	283760	2128	4904	0	299161
13023	287232	7218	1639	4982	0	301071
13024	291543	3490	1585	4266	0	300884
13025	11608	2668	286394	3303	0	303973
13026	7145	296742	7433	3091	0	314411
13027	6169	7701	3663	314911	0	332444
13028	5025	3363	328371	9663	0	346422
13029	5086	2523	356270	4581	0	368460
13030	5659	2404	13327	372483	0	393873
13031	386271	1538	6241	13218	0	407268
13032	387478	1382	4418	6538	0	399816
13033	17940	1730	3315	384091	0	407076
13034	7725	1855	387768	14562	0	411910
13035	6042	386065	12241	6978	0	411326
13036	396654	11708	5027	6157	0	419546
13037	403470	4280	3571	5815	0	417136
13038	17407	400344	3267	3639	0	424657
13039	406682	12898	2863	4179	0	426622
13040	16861	5600	393006	2959	0	418426
13041	392841	3465	12721	3942	0	412969
13042	374745	3258	5769	4723	0	388495
13043	16822	2764	394377	2681	0	416644
13044	10207	2117	13514	385827	0	411665
13045	7312	1842	389594	12883	0	411631
13046	6143	369492	14213	5817	0	395665
13047	4598	380862	6981	4882	0	397323
13048	6397	15059	4622	364402	0	390480
13049	3644	5109	369165	11562	0	389480
13050	2826	341140	10725	4752	0	359443
13051	2193	349570	4294	3042	0	359099
13052	313105	11305	3815	3966	0	332191
13053	320188	3745	1951	2348	0	328232
13054	10788	2633	1564	319355	0	334340
13055	5088	2105	1324	313638	0	322155
13056	2932	321060	1520	8970	0	334482
13057	320328	8231	1279	4709	0	334547
13058	324269	2967	1149	4176	0	332561
13059	10482	321770	1307	2361	0	335920
13060	5348	8774	811	326154	0	341087
13061	3294	3583	324094	8748	0	339719
13062	4219	2180	7631	324008	0	338038
13063	328937	2270	2751	10468	0	344426
13064	10303	1927	1684	330423	0	344337
13065	4963	1873	1632	340088	0	348556
13066	337383	1462	1376	12576	0	352797
13067	10891	1172	1442	326066	0	339571
13068	4029	330622	1577	10260	0	346488
13069	4175	8084	1092	339071	0	352422
13070	4254	3049	1148	345302	0	353753
13071	3714	2058	1092	336229	0	343093
13072	2585	336051	1353	11593	0	351582
13073	3016	9092	1154	336857	0	350119
13074	2120	3714	330250	11703	0	347787
13075	3040	2484	8452	329078	0	343054
13076	2229	2490	326692	11626	0	343037
13077	2207	322128	9060	6049	0	339444
13078	3036	8736	3808	331693	0	347273
13079	3254	3551	2453	337045	0	346303
13080	3529	2315	2486	337781	0	346111
13081	3208	2448	2305	336698	0	344659
13082	2255	2604	324104	13984	0	342947
13083	2183	321019	9212	7206	0	339620
13084	3108	9242	3362	331125	0	346837
13085	2548	3933	331587	12242	0	350310
13086	3313	3063	9835	334180	0	350391
13087	333087	2572	4428	13918	0	354005
13088	10520	2504	317741	6734	0	337499
13089	321541	2199	9636	5599	0	338975
13090	12534	2355	4154	333626	0	352669
13091	6143	2339	332156	12149	0	352787
13092	4483	324393	10847	6507	0	346230
13093	5177	9681	4300	326408	0	345566
13094	4276	4223	334030	12271	0	354800
13095	3518	327069	11306	6390	0	348283
13096	4189	10806	4908	332670	0	352573
13097	330049	4891	3770	13853	0	352563
13098	338534	3755	3822	7235	0	353346
13099	342847	3602	3142	6093	0	355684
13100	14627	3055	333687	5256	0	356625
13101	7587	338555	10815	4315	0	361272
13102	6589	11051	4602	341078	0	363320
13103	5951	4805	3381	367000	0	381137
13104	366324	3520	3299	16108	0	389251
13105	13143	374366	3129	7254	0	397892
13106	376922	13071	2518	7311	0	399822
13107	377304	5634	2770	7221	0	392929
13108	386323	4588	2722	6490	0	400123
13109	17385	4417	374961	5220	0	401983
13110	380256	3371	12188	5738	0	401553
13111	18518	3114	4439	382229	0	408300
13112	9928	3054	3195	389028	0	405205
13113	380825	2469	3178	18025	0	404497
13114	17060	2602	2649	372736	0	395047
13115	7503	370474	2534	16687	0	397198
13116	6676	12194	2247	371776	0	392893
13117	361173	4766	1749	18386	0	386074
13118	14176	3733	354134	10037	0	382080
13119	6558	353025	11271	7638	0	378492
13120	6830	12011	3748	353463	0	376052
13121	352040	4831	2757	16213	0	375841
13122	13874	3722	343754	7845	0	369195
13123	8045	7303	12035	336753	0	364136
13124	6223	2755	333684	14993	0	357655
13125	5419	2457	320606	8240	0	336722
13126	4772	2213	313718	6629	0	327332
13127	4207	1768	306342	5914	0	318231
13128	3550	1863	291178	4750	0	301341
13129	237758	4619	14287	4315	0	260979
13130	6409	241440	4449	2575	0	254873
13131	232090	4604	2985	2438	0	242117
13132	231903	1763	2332	2434	0	238432
13133	6779	228312	2183	1413	0	238687
13134	3064	235470	1941	1358	0	241833
13135	234734	5507	1959	2228	0	244428
13136	235651	2229	1359	2071	0	241310
13137	7327	1860	1205	225210	0	235602
13138	3615	229949	1284	4738	0	239586
13139	233780	4659	1204	3076	0	242719
13140	5821	232166	1368	1751	0	241106
13141	3699	5241	1269	232782	0	242991
13142	235482	2282	1271	5948	0	244983
13143	236352	1633	1228	3088	0	242301
13144	7377	1550	1139	233672	0	243738
13145	4176	1483	1070	236446	0	243175
13146	3299	1396	232119	6278	0	243092
13147	3252	1514	4723	228544	0	238033
13148	2460	1303	231817	6340	0	241920
13149	3075	1002	5316	221834	0	231227
13150	2762	962	2552	230195	0	236471
13151	227209	918	1959	7968	0	238054
13152	225918	1028	1883	4460	0	233289
13153	6854	1136	222554	2784	0	233328
13154	219028	949	5198	3199	0	228374
13155	7161	1051	2624	223628	0	234464
13156	3927	1058	226723	5938	0	237646
13157	3880	1037	5382	224761	0	235060
13158	3757	945	2390	242307	0	249399
13159	2929	1072	241017	7607	0	252625
13160	3257	953	6174	243886	0	254270
13161	2637	1032	252994	7580	0	264243
13162	2859	1003	6807	261687	0	272356
13163	277128	915	3454	9455	0	290952
13164	7924	283331	2539	5040	0	298834
13165	288325	7170	2214	4483	0	302192
13166	9529	295250	2162	3238	0	310179
13167	292713	8540	1728	3758	0	306739
13168	10202	293309	2021	2505	0	308037
13169	291090	8990	1643	3632	0	305355
13170	10435	294821	1710	2625	0	309591
13171	6973	9749	1483	292925	0	311130
13172	4854	5074	293173	8751	0	311852
13173	4094	3959	289296	4582	0	301931
13174	4764	2848	10364	291116	0	309092
13175	293213	2581	5479	10176	0	311449
13176	10007	298749	3779	5426	0	317961
13177	6862	8968	2628	301245	0	319703
13178	4512	5082	302698	10146	0	322438
13179	3780	3659	305060	6028	0	318527
13180	4757	3297	11762	284146	0	303962
13181	2879	306289	6714	9357	0	325239
13182	304801	8745	4419	6441	0	324406
13183	9670	5233	314657	4348	0	333908
13184	5728	3577	304289	3786	0	317380
13185	3782	312957	12050	3431	0	332220
13186	311029	8939	7743	3930	0	331641
13187	317621	4959	4764	3681	0	331025
13188	12705	3512	3675	313415	0	333307
13189	318999	2572	3127	9862	0	334560
13190	314286	2267	3171	6219	0	325943
13191	12835	312733	3191	3935	0	332694
13192	316623	8450	2981	3740	0	331794
13193	12123	4970	319735	2497	0	339325
13194	8454	3380	8957	310572	0	331363
13195	6379	2835	5265	316199	0	330678
13196	313613	2359	3722	12107	0	331801
13197	10396	311617	3063	6846	0	331922
13198	310684	8515	2513	5187	0	326899
13199	11247	313653	2197	3501	0	330598
13200	7144	316115	2121	2828	0	328208
13201	5842	10869	305447	2762	0	324920
13202	4637	6931	293042	3083	0	307693
13203	274983	5141	9702	3016	0	292842
13204	284265	3027	5201	2748	0	295241
13205	9812	2425	274199	1686	0	288122
13206	6121	257197	5865	1467	0	270650
13207	4153	268129	3990	1259	0	277531
13208	267397	7850	3029	1996	0	280272
13209	267953	5150	2047	1778	0	276928
13210	9079	3382	1792	268171	0	282424
13211	277235	2386	1767	5964	0	287352
13212	8146	1994	1954	273454	0	285548
13213	5488	1897	273623	6269	0	287277
13214	4192	1922	255933	4093	0	266140
13215	268107	1713	7734	3558	0	281112
13216	7212	1893	4918	267592	0	281615
13217	5074	288222	3158	4890	0	301344
13218	293924	5420	2498	4547	0	306389
13219	294048	3701	2281	3729	0	303759
13220	9264	2809	291591	2117	0	305781
13221	291324	2080	5528	3000	0	301932
13222	306204	1831	4201	2480	0	314716
13223	10324	1835	3217	298941	0	314317
13224	6934	290764	2689	5578	0	305965
13225	5204	286574	2343	4014	0	298135
13226	5036	7862	1754	313148	0	327800
13227	5029	5287	1756	300408	0	312480
13228	4656	3483	1601	315076	0	324816
13229	4328	2740	307657	10207	0	324932
13230	4085	2710	293252	6290	0	306337
13231	4390	2382	8809	298340	0	313921
13232	3775	2468	306338	7183	0	319764
13233	3667	2319	298678	5245	0	309909
13234	3648	2284	9657	293707	0	309296
13235	3248	2221	317628	7773	0	330870
13236	2863	311296	8974	5881	0	329014
13237	327342	6780	5923	5558	0	345603
13238	8100	4755	4262	325589	0	342706
13239	5626	326966	3371	7470	0	343433
13240	4079	7405	336197	5086	0	352767
13241	4063	4667	8315	333518	0	350563
13242	3039	3373	350631	8192	0	365235
13243	3870	2195	9852	344915	0	360832
13244	3814	2093	6155	360316	0	372378
13245	3229	2298	368332	11639	0	385498
13246	4112	2119	9236	356496	0	371963
13247	2931	347746	6461	9987	0	367125
13248	3805	8197	4134	377367	0	393503
13249	3312	5373	375449	10480	0	394614
13250	4030	3466	8921	370552	0	386969
13251	367676	2307	5943	12459	0	388385
13252	8825	369658	4402	7916	0	390801
13253	6878	8164	3398	373604	0	392044
13254	4432	5146	376900	9964	0	396442
13255	3383	360448	8965	7077	0	379873
13256	3098	375008	5882	4994	0	388982
13257	3292	10795	366001	4074	0	384162
13258	3892	6622	8063	349343	0	367920
13259	4156	4255	5638	344678	0	358727
13260	2989	2491	351811	11281	0	368572
13261	2339	325943	7668	7320	0	343270
13262	2247	337195	4995	4345	0	348782
13263	313178	6349	2482	3293	0	325302
13264	4594	317367	1707	2108	0	325776
13265	314451	5297	1344	2647	0	323739
13266	5511	2874	1100	306006	0	315491
13267	321004	1805	1191	6752	0	330752
13268	5390	1359	319843	3480	0	330072
13269	309572	1160	4774	3277	0	318783
13270	6199	1249	2981	324658	0	335087
13271	2996	328667	2213	5100	0	338976
13272	334450	4510	1418	3966	0	344344
13273	5736	3681	1488	334506	0	345411
13274	2943	332777	1450	5176	0	342346
13275	1825	352751	1359	3459	0	359394
13276	346710	5611	1328	3378	0	357027
13277	350285	2747	883	2713	0	356628
13278	354249	1608	787	2512	0	359156
13279	6720	1287	835	341385	0	350227
13280	2911	329924	1142	4773	0	338750
13281	1845	343291	1005	2728	0	348869
13282	1851	5506	982	344497	0	352836
13283	337137	2780	994	6173	0	347084
13284	314049	1961	826	5232	0	322068
13285	331215	1334	872	3474	0	336895
13286	6584	1487	314470	1791	0	324332
13287	3886	1716	313124	1639	0	320365
13288	343925	1342	5131	2624	0	353022
13289	6173	1219	2618	343953	0	353963
13290	3750	1240	1693	349562	0	356245
13291	3108	1195	1275	342185	0	347763
13292	2405	1330	1256	348816	0	353807
13293	1601	1677	338328	7963	0	349569
13294	1991	1309	4882	335890	0	344072
13295	1465	1518	336891	6983	0	346857
13296	306335	1326	5480	5734	0	318875
13297	5039	335987	3161	3266	0	347453
13298	3494	4776	2163	347043	0	357476
13299	2598	2815	1684	344426	0	351523
13300	338758	2065	1678	8831	0	351332
13301	335488	1699	1634	5811	0	344632
13302	336479	1847	1296	4548	0	344170
13303	335213	1706	1142	4138	0	342199
13304	8041	1901	334051	2750	0	346743
13305	4807	1784	322943	2488	0	332022
13306	3866	1559	6557	332197	0	344179
13307	337735	1547	3660	7336	0	350278
13308	332218	1649	2688	5477	0	342032
13309	7061	1803	331714	3834	0	344412
13310	4761	1189	5355	325002	0	336307
13311	327041	1385	3313	8245	0	339984
13312	6330	1745	2466	329283	0	339824
13313	4095	2005	334250	7265	0	347615
13314	3843	1942	5260	329476	0	340521
13315	334823	2059	3111	8397	0	348390
13316	6086	356999	2501	4405	0	369991
13317	355891	5319	1785	5449	0	368444
13318	356818	3076	1831	5107	0	366832
13319	362498	2109	1903	4527	0	371037
13320	8979	1658	1684	360123	0	372444
13321	354552	1814	1395	7557	0	365318
13322	7067	362448	1670	4087	0	375272
13323	4741	376754	1605	3172	0	386272
13324	4512	8503	1368	370377	0	384760
13325	375576	4205	1278	8257	0	389316
13326	8191	389743	1260	4343	0	403537
13327	459451	7755	1216	4649	0	473071
13328	491306	4238	1105	4635	0	501284
13329	18327	509531	1334	2596	0	531788
13330	11416	13735	1154	512545	0	538850
13331	8656	6917	865	529377	0	545815
13332	6466	4410	520555	18732	0	550163
13333	9099	3483	12827	512047	0	537456
13334	7078	3897	518742	18232	0	547949
13335	5538	501981	14731	10966	0	533216
13336	6256	15877	7128	514851	0	544112
13337	489009	7471	4859	22089	0	523428
13338	503962	4011	4804	14558	0	527335
13339	20681	3394	5332	503085	0	532492
13340	9627	3871	490331	19687	0	523516
13341	454272	3856	15488	13354	0	486970
13342	17120	466773	7547	8405	0	499845
13343	10506	462314	4213	8081	0	485114
13344	8921	482861	3482	6707	0	501971
13345	10237	18046	3592	458059	0	489934
13346	6380	8477	468197	15892	0	498946
13347	6819	6028	14448	461833	0	489128
13348	5395	6193	465474	15275	0	492337
13349	3942	7116	452448	8361	0	471867
13350	3473	6725	468325	5969	0	484492
13351	5560	5564	19379	440137	0	470640
13352	4124	3792	10536	472518	0	490970
13353	3823	2926	9033	479802	0	495584
13354	3653	2473	8344	469694	0	484164
13355	464696	1896	8561	23895	0	499048
13356	12085	463493	8391	12837	0	496806
13357	463750	12243	6723	12067	0	494783
13358	13573	475105	4869	11337	0	504884
13359	9076	13775	3460	481210	0	507521
13360	7125	7012	2572	501594	0	518303
13361	488021	4955	2163	24871	0	520010
13362	495204	5024	2054	13845	0	516127
13363	501395	5780	2073	9970	0	519218
13364	498389	5046	1837	9477	0	514749
13365	494961	5020	1501	9823	0	511305
13366	23024	481393	1432	8419	0	514268
13367	466262	13353	1180	9300	0	490095
13368	22293	465988	1312	5423	0	495016
13369	468569	14156	1196	5792	0	489713
13370	23971	7552	455628	3637	0	490788
13371	17134	6003	11400	442472	0	477009
13372	12210	464477	5490	11944	0	494121
13373	10990	16156	3328	462328	0	492802
13374	9782	9803	456475	14305	0	490365
13375	9736	7326	13406	436952	0	467420
13376	428930	5582	7439	19400	0	461351
13377	15239	436513	6292	11871	0	469915
13378	8768	450468	5066	10706	0	475008
13379	6678	19412	450732	9336	0	486158
13380	6873	10713	14731	439192	0	471509
13381	6527	455388	9343	18377	0	489635
13382	6396	16042	6227	472760	0	501425
13383	5925	10387	466033	18632	0	500977
13384	4702	451038	15794	12875	0	484409
13385	4843	18269	455495	9029	0	487636
13386	5509	11660	451915	8511	0	477595
13387	6670	8332	18613	449496	0	483111
13388	453860	7763	10320	19406	0	491349
13389	16256	6994	8311	460701	0	492262
13390	8572	7117	461986	18556	0	496231
13391	6711	7498	19182	465678	0	499069
13392	5530	6798	483692	19231	0	515251
13393	5661	6163	467549	13355	0	492728
13394	464701	5160	23423	13793	0	507077
13395	499823	4473	13642	13550	0	531488
13396	502699	3465	11748	14309	0	532221
13397	20770	3304	494133	11388	0	529595
13398	11193	2821	496799	10829	0	521642
13399	10200	2322	26930	480049	0	519501
13400	10868	2479	16298	496402	0	526047
13401	497469	2992	10708	23923	0	535092
13402	22956	3234	8746	499227	0	534163
13403	13788	3442	497826	22584	0	537640
13404	9477	3458	477939	15695	0	506569
13405	8177	487538	23142	13426	0	532283
13406	9905	15001	11671	504483	0	541060
13407	9515	8537	509192	22358	0	549602
13408	11140	5845	19432	501085	0	537502
13409	501710	5058	12393	25389	0	544550
13410	18778	5055	512132	14634	0	550599
13411	12927	4685	21364	506919	0	545895
13412	11009	5140	12122	522260	0	550531
13413	10033	4588	503148	26166	0	543935
13414	11583	3627	20406	495721	0	531337
13415	9709	3590	495975	24260	0	533534
13416	456995	3858	20979	16756	0	498588
13417	19907	4128	13379	465072	0	502486
13418	10797	463670	9935	22683	0	507085
13419	462772	15161	8524	17377	0	503834
13420	465374	7484	9373	13955	0	496186
13421	22739	458817	8915	11888	0	502359
13422	16915	37381	8375	404026	0	466697
13423	9819	424477	5946	16823	0	457065
13424	8703	434386	4952	11925	0	459966
13425	13834	19408	404635	8958	0	446835
13426	9725	399980	13145	7869	0	430719
13427	6257	11583	321048	4819	0	343707
13428	256721	4277	5694	3584	0	270276
13429	262713	1318	2183	2841	0	269055
13430	4569	271077	1629	1309	0	278584
13431	2150	270136	1315	1255	0	274856
13432	1330	278374	1279	1042	0	282025
13433	280019	4892	1039	2198	0	288148
13434	5339	2050	1002	286280	0	294671
13435	2247	1641	306941	4422	0	315251
13436	1457	306376	5333	2051	0	315217
13437	1880	5551	1888	314845	0	324164
13438	1997	2217	1358	307376	0	312948
13439	852	354363	1264	6383	0	362862
13440	383527	7778	1074	4535	0	396914
13441	9969	2607	395408	1771	0	409755
13442	6380	1649	10453	481170	0	499652
13443	1731	554603	3483	13930	0	573747
13444	552099	17494	1763	6549	0	577905
13445	18278	5668	548256	3646	0	575848
13446	5499	536550	17427	3080	0	562556
13447	7176	19020	5109	539513	0	570818
13448	3441	6232	543229	17520	0	570422
13449	523159	3762	19591	7590	0	554102
13450	20892	3626	6055	532296	0	562869
13451	6588	2740	536029	19461	0	564818
13452	4006	534894	20024	6948	0	565872
13453	521464	18662	6636	6473	0	553235
13454	18061	538748	4626	4453	0	565888
13455	535256	20481	4037	5025	0	564799
13456	546972	7804	2866	5342	0	562984
13457	26492	6252	2389	521404	0	556537
13458	10456	508135	3312	18275	0	540178
13459	6996	18528	515419	6341	0	547284
13460	8187	7468	18880	511268	0	545803
13461	9753	6473	8116	449191	0	473533
13462	6771	3506	5826	525072	0	541175
13463	7835	2881	4278	526484	0	541478
13464	6351	2679	3111	533056	0	545197
13465	510081	3167	4078	30097	0	547423
13466	494652	4003	3630	14420	0	516705
13467	496842	3151	2740	11665	0	514398
13468	24184	492665	2708	8017	0	527574
13469	11916	18517	500504	6034	0	536971
13470	9114	6439	501998	5400	0	522951
13471	6220	5171	515364	5930	0	532685
13472	7467	5523	25460	485047	0	523497
13473	6966	3897	11867	505482	0	528212
13474	6546	3062	7571	512969	0	530148
13475	3423	3582	494656	29364	0	531025
13476	3144	480599	21786	15628	0	521157
13477	3580	18938	488209	11419	0	522146
13478	4372	7134	501919	9293	0	522718
13479	8120	5133	25396	483743	0	522392
13480	5917	5321	498825	22633	0	532696
13481	8138	4682	24673	484140	0	521633
13482	479048	5317	11910	25418	0	521693
13483	488616	4947	9865	11889	0	515317
13484	25703	4202	479319	8652	0	517876
13485	12929	3892	24716	472152	0	513689
13486	9133	4224	479015	25567	0	517939
13487	6953	477463	24308	13121	0	521845
13488	476586	21564	11495	11212	0	520857
13489	23756	9659	480373	8027	0	521815
13490	11189	452072	24949	7184	0	495394
13491	8132	461845	12670	7148	0	489795
13492	7315	467157	10409	7623	0	492504
13493	7242	26829	440488	8185	0	482744
13494	9070	14680	23962	404920	0	452632
13495	7387	433874	10591	22066	0	473918
13496	10101	24525	8830	428010	0	471466
13497	10444	11612	8617	446334	0	477007
13498	422888	8569	8993	30071	0	470521
13499	21464	427260	8567	17041	0	474332
13500	418650	22121	8686	14462	0	463919
13501	23888	410793	8040	12427	0	455148
13502	14111	434552	7311	9914	0	465888
13503	11014	27287	418555	9325	0	466181
13504	11050	15132	22298	411276	0	459756
13505	9044	13353	415205	23140	0	460742
13506	8720	409836	23737	12907	0	455200
13507	9079	23346	410234	10947	0	453606
13508	8920	10992	415167	12112	0	447191
13509	8130	412757	26491	12185	0	459563
13510	395997	23771	13744	13594	0	447106
13511	21011	410715	11719	13998	0	457443
13512	409823	24156	11612	12950	0	458541
13513	23915	13405	409140	12698	0	459158
13514	13107	8936	415697	13444	0	451184
13515	9296	406456	27721	13292	0	456765
13516	403621	23093	13562	12689	0	452965
13517	24404	405777	13084	11385	0	454650
13518	14584	22562	12339	405731	0	455216
13519	413175	12376	11760	23075	0	460386
13520	25778	10973	411160	10889	0	458800
13521	12329	9767	28390	410057	0	460543
13522	403481	8466	16134	26167	0	454248
13523	24081	406379	13125	13967	0	457552
13524	13469	22514	11445	410963	0	458391
13525	9609	11114	407958	28589	0	457270
13526	402699	8364	25826	16111	0	453000
13527	22306	8212	15500	412546	0	458564
13528	8465	7888	410644	27524	0	454521
13529	8449	8047	27098	392436	0	436030
13530	8336	400138	14046	27107	0	449627
13531	7735	21464	402911	16583	0	448693
13532	10048	9104	24380	397008	0	440540
13533	386499	6767	12735	26034	0	432035
13534	25748	6702	10987	381922	0	425359
13535	354563	6241	9690	23574	0	394068
13536	22975	354044	9228	11778	0	398025
13537	348993	20064	10128	9349	0	388534
13538	20175	10354	341531	9891	0	381951
13539	10263	7732	305538	7690	0	331223
13540	8006	6553	266810	5563	0	286932
13541	7118	250104	21480	6805	0	285507
13542	9235	4352	15900	91109	0	120596
13543	1016	915	1696	87700	0	91327
13544	737	678	796	83630	0	85841
13545	622	561	641	87936	0	89760
13546	460	500	88291	2273	0	91524
13547	79689	479	1674	1521	0	83363
13548	1641	88731	891	907	0	92170
13549	88224	1586	575	854	0	91239
13550	1915	773	492	88051	0	91231
13551	872	89994	497	1642	0	93005
13552	813	1667	513	91871	0	94864
13553	90842	791	523	1998	0	94154
13554	1426	95006	561	978	0	97971
13555	95405	1535	452	986	0	98378
13556	95399	835	438	802	0	97474
13557	2029	657	344	97033	0	100063
13558	983	544	96836	1657	0	100020
13559	93888	535	1505	1054	0	96982
13560	1711	502	712	100765	0	103690
13561	102329	416	527	1913	0	105185
13562	105137	420	421	1096	0	107074
13563	104821	343	408	980	0	106552
13564	2341	408	105095	590	0	108434
13565	1328	438	1506	103640	0	106912
13566	105380	351	753	2004	0	108488
13567	2049	379	110965	797	0	114190
13568	986	111885	1572	713	0	115156
13569	1753	1720	719	98614	0	102806
13570	682	675	113430	1484	0	116271
13571	717	503	108849	742	0	110811
13572	965	723	1796	106796	0	110280
13573	728	301	946	114813	0	116788
13574	612	290	546	115688	0	117136
13575	692	222	492	113613	0	115019
13576	483	391	113725	1995	0	116594
13577	443	113481	1414	1137	0	116475
13578	556	1188	724	115842	0	118310
13579	117895	455	599	1920	0	120869
13580	114805	389	414	1251	0	116859
13581	116357	307	335	1082	0	118081
13582	2058	240	355	116349	0	119002
13583	1144	389	300	115290	0	117123
13584	701	108568	403	1705	0	111377
13585	564	113260	305	922	0	115051
13586	913	1577	327	112697	0	115514
13587	111818	643	350	1800	0	114611
13588	110777	250	194	983	0	112204
13589	110178	171	201	873	0	111423
13590	110254	213	173	745	0	111385
13591	111419	187	166	806	0	112578
13592	1273	112376	235	448	0	114332
13593	772	936	184	115677	0	117569
13594	120268	289	182	1643	0	122382
13595	121301	213	158	959	0	122631
13596	1533	289	160	120626	0	122608
13597	877	148	144	122191	0	123360
13598	615	252	123923	1239	0	126029
13599	781	167	849	118550	0	120347
13600	695	232	325	121701	0	122953
13601	503	261	128448	1304	0	130516
13602	788	186	756	126050	0	127780
13603	471	129847	309	1269	0	131896
13604	486	874	129847	565	0	131772
13605	377	131581	845	569	0	133372
13606	672	922	380	127224	0	129198
13607	484	303	275	132716	0	133778
13608	313	130484	220	1153	0	132170
13609	267	132248	267	580	0	133362
13610	134625	828	187	983	0	136623
13611	132865	390	182	919	0	134356
13612	1104	321	133281	403	0	135109
13613	136066	215	785	1215	0	138281
13614	147936	135	296	1209	0	149576
13615	148594	150	221	1038	0	150003
13616	147280	199	507	924	0	148910
13617	1251	255	142902	522	0	144930
13618	791	300	131143	398	0	132632
13619	144922	144	791	962	0	146819
13620	1069	153957	468	508	0	156002
13621	604	723	155378	269	0	156974
13622	153460	221	753	869	0	155303
13623	157110	173	304	880	0	158467
13624	1137	217	155836	279	0	157469
13625	154042	194	909	730	0	155875
13626	1357	188	447	177192	0	179184
13627	645	325	182314	1049	0	184333
13628	166036	215	1115	1513	0	168879
13629	1082	182993	608	546	0	185229
13630	190641	872	405	1453	0	193371
13631	212313	324	376	2003	0	215016
13632	1656	243	349	213736	0	215984
13633	1089	186	343	211343	0	212961
13634	655	181	311	218224	0	219371
13635	217380	148	280	2491	0	220299
13636	224918	230	211	1682	0	227041
13637	1995	240	192	226393	0	228820
13638	1383	187	152	224774	0	226496
13639	820	369	221532	2145	0	224866
13640	208705	205	1379	1869	0	212158
13641	2015	193	525	228745	0	231478
13642	1291	221	264	228361	0	230137
13643	765	224607	294	2558	0	228224
13644	1012	1590	124	229719	0	232445
13645	883	675	141	229014	0	230713
13646	226374	440	177	3350	0	230341
13647	2111	228691	284	1468	0	232554
13648	1591	1691	136	233028	0	236446
13649	1425	770	110	230942	0	233247
13650	1242	518	121	233386	0	235267
13651	804	576	230974	2998	0	235352
13652	1220	270	1633	226500	0	229623
13653	225001	260	684	3683	0	229628
13654	2467	473	225248	1563	0	229751
13655	1713	320	1880	227566	0	231479
13656	1154	256	815	233582	0	235807
13657	231887	214	601	4347	0	237049
13658	223762	224	506	3123	0	227615
13659	2941	451	226995	1732	0	232119
13660	204745	333	1991	2627	0	209696
13661	2749	555	224112	1038	0	228454
13662	217008	286	2103	2150	0	221547
13663	2747	238359	986	1335	0	243427
13664	244681	2305	501	2027	0	249514
13665	3186	245641	488	1210	0	250525
13666	252437	2899	362	2002	0	257700
13667	3359	251078	492	1023	0	255952
13668	1963	3142	452	256891	0	262448
13669	1648	1053	446	256967	0	260114
13670	1346	785	355	256413	0	258899
13671	864	249900	350	4652	0	255766
13672	1306	2847	439	251916	0	256508
13673	823	252203	506	4033	0	257565
13674	1222	3371	387	257506	0	262486
13675	256797	1289	461	5051	0	263598
13676	252413	895	317	3171	0	256796
13677	4361	252298	511	1645	0	258815
13678	2726	3355	313	256524	0	262918
13679	253124	1496	329	4716	0	259665
13680	3983	253515	433	1934	0	259865
13681	1988	257425	363	1584	0	261360
13682	257851	4490	311	2310	0	264962
13683	259181	2177	297	2130	0	263785
13684	4916	258188	408	1187	0	264699
13685	259545	4034	233	1967	0	265779
13686	5257	2011	188	261149	0	268605
13687	2396	1749	268322	4186	0	276653
13688	264006	1188	3377	3547	0	272118
13689	270052	954	1285	3073	0	275364
13690	5917	1068	273180	1321	0	281486
13691	269955	1011	3742	2919	0	277627
13692	278792	895	1445	2909	0	284041
13693	291881	820	932	2959	0	296592
13694	6523	286865	858	1404	0	295650
13695	293442	4579	446	2509	0	300976
13696	296284	2248	434	2448	0	301414
13697	7871	1614	477	294222	0	304184
13698	5081	1314	440	297046	0	303881
13699	3592	1200	349	304340	0	309481
13700	303012	1073	394	8185	0	312664
13701	6654	1132	441	298663	0	306890
13702	301286	1153	391	7766	0	310596
13703	303533	1021	514	4712	0	309780
13704	8454	964	459	301121	0	310998
13705	5252	1098	597	308104	0	315051
13706	4153	930	560	313732	0	319375
13707	310508	1080	383	9648	0	321619
13708	7039	307379	733	4449	0	319600
13709	5054	5423	467	317291	0	328235
13710	4281	2522	447	324311	0	331561
13711	318241	1761	498	10209	0	330709
13712	317912	1467	373	6726	0	326478
13713	9402	1544	302945	3800	0	317691
13714	5563	1533	298004	3179	0	308279
13715	325787	1381	7255	3709	0	338132
13716	10123	1383	3000	333438	0	347944
13717	6644	1232	1547	389055	0	398478
13718	4439	1437	386224	15071	0	407171
13719	5113	1377	10395	375627	0	392512
13720	3399	375940	3708	13523	0	396570
13721	3440	398462	2416	6118	0	410436
13722	386777	13472	1453	6258	0	407960
13723	13490	5282	380229	4591	0	403592
13724	5732	395048	9678	3976	0	414434
13725	6179	12024	3136	402061	0	423400
13726	4358	4849	392485	13000	0	414692
13727	5287	3503	11580	379635	0	400005
13728	5334	2602	3920	389857	0	401713
13729	3930	2192	384581	16240	0	406943
13730	3647	382541	11904	7453	0	405545
13731	4853	11643	4297	366557	0	387350
13732	369710	4040	3454	15284	0	392488
13733	374042	2900	2609	7753	0	387304
13734	376226	2462	1964	6681	0	387333
13735	17054	366359	2313	4554	0	390280
13736	364703	11635	2109	4510	0	382957
13737	16347	4516	1849	363402	0	386114
13738	6928	3352	354150	13411	0	377841
13739	348940	2338	10459	7366	0	369103
13740	14361	361838	4144	5127	0	385470
13741	7289	11153	2643	360397	0	381482
13742	6030	4224	2157	362740	0	375151
13743	4195	355153	2344	15395	0	377087
13744	5051	12082	2105	366538	0	385776
13745	5408	4641	2103	373333	0	385485
13746	5425	3589	1918	383077	0	394009
13747	366566	3330	2437	19437	0	391770
13748	368115	2909	2257	11018	0	384299
13749	15780	3718	365786	7644	0	392928
13750	8754	3752	11400	364874	0	388780
13751	7585	2861	4343	381005	0	395794
13752	6283	2824	3977	385514	0	398598
13753	372556	3149	3261	19416	0	398382
13754	14466	3343	360954	10007	0	388770
13755	354081	2496	12048	9446	0	378071
13756	376121	2328	4955	8550	0	391954
13757	17542	2364	3591	373882	0	397379
13758	373458	2144	3431	17615	0	396648
13759	16468	2810	350673	9020	0	378971
13760	350648	2361	9978	9326	0	372313
13761	17067	385723	4390	7073	0	414253
13762	9807	11713	378603	5541	0	405664
13763	7934	4859	382725	5737	0	401255
13764	8059	5174	14295	375532	0	403060
13765	6514	3183	383026	15096	0	407819
13766	364712	2683	13333	9700	0	390428
13767	14168	371832	5841	6993	0	398834
13768	376560	11512	4251	7331	0	399654
13769	15936	4943	3829	379461	0	404169
13770	7555	3915	376616	15717	0	403803
13771	5934	3158	376328	9658	0	395078
13772	6304	3348	13780	382911	0	406343
13773	383245	2778	6171	17574	0	409768
13774	13725	372858	4514	10045	0	401142
13775	6812	390910	3772	9534	0	411028
13776	381781	15131	4648	9098	0	410658
13777	14708	389023	4355	7525	0	415611
13778	390526	13257	3932	7618	0	415333
13779	16787	6416	3886	388409	0	415498
13780	389360	3926	3460	15541	0	412287
13781	16485	3843	3956	388391	0	412675
13782	389698	3466	3483	16559	0	413206
13783	16735	2551	3821	385624	0	408731
13784	8693	379573	5002	15416	0	408684
13785	382415	11023	3838	10008	0	407284
13786	15029	380566	3533	8733	0	407861
13787	8930	12218	361106	6025	0	388279
13788	8510	6268	11818	341932	0	368528
13789	6459	369248	5409	12232	0	393348
13790	350405	12525	4044	7236	0	374210
13791	358419	6011	3895	6187	0	374512
13792	16737	354131	4184	4819	0	379871
13793	7636	12629	346276	5095	0	371636
13794	8210	4948	11678	331907	0	356743
13795	5870	329848	5698	13045	0	354461
13796	6383	11893	4767	346810	0	369853
13797	7666	5005	3568	353132	0	369371
13798	340862	5536	2885	16135	0	365418
13799	13646	338525	3399	8294	0	363864
13800	7515	11560	3198	343765	0	366038
13801	341399	6290	2844	15291	0	365824
13802	342762	4419	2571	9393	0	359145
13803	341184	4283	2461	8212	0	356140
13804	17748	4449	2564	333460	0	358221
13805	328122	3496	2299	13465	0	347382
13806	15601	323989	2669	6423	0	348682
13807	321225	10668	3105	6615	0	341613
13808	13725	321400	2296	6761	0	344182
13809	321339	10771	1866	7113	0	341089
13810	320922	4641	1652	7497	0	334712
13811	17216	4924	2054	312114	0	336308
13812	8722	3234	313000	11434	0	336390
13813	7908	3951	299737	5664	0	317260
13814	6812	309158	8822	4509	0	329301
13815	295446	9296	4530	6064	0	315336
13816	11841	4219	290128	2786	0	308974
13817	214290	1966	3119	2386	0	221761
13818	4526	222375	1344	1435	0	229680
13819	2974	228928	1022	1087	0	234011
13820	2565	4549	939	231852	0	239905
13821	2181	241367	863	3377	0	247788
13822	1914	5451	249035	1988	0	258388
13823	3183	2572	4658	237242	0	247655
13824	1933	253244	1857	5213	0	262247
13825	2182	6279	1156	256670	0	266287
13826	255294	2503	1056	7950	0	266803
13827	7076	2404	984	258637	0	269101
13828	2885	2185	261351	7667	0	274088
13829	2408	264290	6197	3608	0	276503
13830	2835	7381	2684	262927	0	275827
13831	2964	2958	1903	268316	0	276141
13832	2444	2743	1463	274086	0	280736
13833	263135	2241	1189	11586	0	278151
13834	260873	1674	1125	6492	0	270164
13835	9376	2147	259827	3751	0	275101
13836	4744	1798	255186	3027	0	264755
13837	3100	260064	8083	3208	0	274455
13838	264721	7390	3396	3652	0	279159
13839	9008	3104	2461	264647	0	279220
13840	4729	2453	1925	266728	0	275835
13841	4266	1855	1471	269175	0	276767
13842	3996	1789	1254	270561	0	277600
13843	3070	2026	254810	11677	0	271583
13844	247028	1390	6857	7317	0	262592
13845	9588	1370	2728	283059	0	296745
13846	4684	1523	279799	10884	0	296890
13847	281026	1617	8978	6497	0	298118
13848	314471	1201	3755	5193	0	324620
13849	14193	1677	351508	3346	0	370724
13850	8201	1327	370535	2888	0	382951
13851	7302	1687	15796	361599	0	386384
13852	370255	1318	6853	15278	0	393704
13853	381288	1073	4752	7322	0	394435
13854	19382	1334	3900	361549	0	386165
13855	10164	1112	3962	377683	0	392921
13856	6064	1338	370918	18570	0	396890
13857	6991	1655	14752	363480	0	386878
13858	5523	1364	363875	18024	0	388786
13859	345187	1183	15565	10120	0	372055
13860	15287	362589	7339	7140	0	392355
13861	344365	11688	4367	6301	0	366721
13862	15615	343631	3932	4457	0	367635
13863	345687	13831	4160	4424	0	368102
13864	18499	5356	3040	333042	0	359937
13865	10260	3750	2423	344491	0	360924
13866	342062	3164	1924	18125	0	365275
13867	348237	2602	1788	9099	0	361726
13868	350647	2224	1777	7180	0	361828
13869	354505	1941	1712	5945	0	364103
13870	22877	1663	333569	4930	0	363039
13871	332724	1324	12921	5769	0	352738
13872	350089	1267	5044	4991	0	361391
13873	353363	1231	3835	3917	0	362346
13874	26073	1170	2980	333402	0	363625
13875	330124	1180	2831	16016	0	350151
13876	21651	323358	3332	6814	0	355155
13877	14329	12196	2802	328208	0	357535
13878	12573	4354	2545	340652	0	360124
13879	9531	3310	325991	19894	0	358726
13880	9943	2423	14407	317584	0	344357
13881	7574	324709	6937	19372	0	358592
13882	325840	13647	4912	12296	0	356695
13883	18643	328442	4686	9578	0	361349
13884	334437	15248	3760	9717	0	363162
13885	21817	6797	3771	331746	0	364131
13886	328276	4929	3349	20090	0	356644
13887	20208	323266	3857	10548	0	357879
13888	331984	15235	3512	9317	0	360048
13889	341329	7569	3534	7839	0	360271
13890	26211	5923	3207	326246	0	361587
13891	15848	5227	2488	338992	0	362555
13892	13021	4549	321690	21644	0	360904
13893	12708	4596	13330	327034	0	357668
13894	11556	3998	5394	335518	0	356466
13895	10420	2895	320822	24532	0	358669
13896	10286	2652	15064	330396	0	358398
13897	9396	2385	321343	23107	0	356231
13898	320708	2115	16851	13557	0	353231
13899	22367	1859	8315	323273	0	355814
13900	13470	2340	314591	20642	0	351043
13901	318145	2315	16886	11712	0	349058
13902	23496	2151	8278	321728	0	355653
13903	14002	2316	322920	20576	0	359814
13904	326837	1930	16439	12929	0	358135
13905	22623	2204	7829	330309	0	362965
13906	13774	2179	6496	340849	0	363298
13907	334112	2619	5281	25250	0	367262
13908	22352	2390	4568	334830	0	364140
13909	13304	2222	4917	342694	0	363137
13910	11515	2675	5060	328199	0	347449
13911	10166	319826	4258	25863	0	360113
13912	316775	14292	3622	16416	0	351105
13913	327290	6403	3373	12569	0	349635
13914	25111	5291	3020	316421	0	349843
13915	319721	4183	2758	22097	0	348759
13916	323423	3506	2667	14342	0	343938
13917	327330	3661	3009	11476	0	345476
13918	237365	4367	4509	13392	0	259633
13919	318173	2508	3576	10772	0	335029
13920	27491	2342	281483	9867	0	321183
13921	16092	2508	269732	9549	0	297881
13922	270003	2012	14337	8952	0	295304
13923	20208	261196	7753	8975	0	298132
13924	12111	9969	5927	257890	0	285897
13925	9727	4285	254183	16264	0	284459
13926	8930	3119	255898	9484	0	277431
13927	8931	5029	14994	248713	0	277667
13928	249414	3145	10129	16102	0	278790
13929	16112	2479	5470	249759	0	273820
13930	9382	2554	246686	15840	0	274462
13931	253786	1457	12079	10927	0	278249
13932	16070	1617	6815	257250	0	281752
13933	10596	1226	5133	264066	0	281021
13934	9292	970	4564	268690	0	283516
13935	9309	962	3767	265634	0	279672
13936	7913	1288	249262	20295	0	278758
13937	8403	1089	10411	256937	0	276840
13938	253186	1341	5231	18307	0	278065
13939	14263	1273	238207	13170	0	266913
13940	243947	1449	10121	11526	0	267043
13941	257379	1543	4751	10084	0	273757
13942	256335	1799	4107	9030	0	271271
13943	254811	1497	3968	8143	0	268419
13944	19969	236830	3424	7528	0	267751
13945	10765	211870	2624	5713	0	230972
13946	9679	218893	2859	5135	0	236566
13947	208801	10661	5797	6877	0	232136
13948	12711	3035	188812	4657	0	209215
13949	133095	2828	5640	2474	0	144037
13950	5494	811	1783	126940	0	135028
13951	127099	496	1123	4102	0	132820
13952	4077	407	894	126402	0	131780
13953	126889	480	855	4343	0	132567
13954	4203	378	806	126689	0	132076
13955	3266	275	587	131664	0	135792
13956	121216	267	787	4861	0	127131
13957	4064	139332	744	2698	0	146838
13958	2913	2098	140121	1827	0	146959
13959	2366	136948	2227	1787	0	143328
13960	1793	1884	132238	1257	0	137172
13961	1756	2007	1884	123453	0	129100
13962	127907	546	1395	2279	0	132127
13963	2045	329	559	125535	0	128468
13964	124437	249	412	2292	0	127390
13965	2125	132210	452	1229	0	136016
13966	1677	1311	133857	856	0	137701
13967	1142	131574	1344	848	0	134908
13968	1014	134330	702	824	0	136870
13969	128331	1116	562	956	0	130965
13970	124782	405	364	857	0	126408
13971	1363	127148	301	458	0	129270
13972	856	888	230	128866	0	130840
13973	709	386	249	129346	0	130690
13974	129014	301	249	1852	0	131416
13975	1229	370	129985	717	0	132301
13976	690	347	124424	591	0	126052
13977	823	205	1158	127967	0	130153
13978	578	302	130089	1351	0	132320
13979	119530	240	1163	1187	0	122120
13980	128642	212	490	983	0	130327
13981	1500	129104	446	505	0	131555
13982	943	1114	134929	371	0	137357
13983	1005	415	1190	133828	0	136438
13984	667	423	144081	1230	0	146401
13985	835	277	1242	141636	0	143990
13986	144202	226	545	1884	0	146857
13987	1541	146635	462	738	0	149376
13988	956	1353	150487	539	0	153335
13989	680	149866	1409	565	0	152520
13990	549	157706	718	565	0	159538
13991	159340	1529	507	1220	0	162596
13992	152953	595	453	1178	0	155179
13993	2077	532	159343	815	0	162767
13994	1029	162078	1521	678	0	165306
13995	972	1445	675	166041	0	169133
13996	914	594	494	165669	0	167671
13997	932	536	450	162935	0	164853
13998	698	522	166920	2153	0	170293
13999	1051	358	1470	162843	0	165722
14000	847	333	710	171593	0	173483
14001	172166	342	578	2758	0	175844
14002	170234	408	430	1776	0	172848
14003	168510	411	371	1541	0	170833
14004	165704	371	401	1365	0	167841
14005	166072	359	390	1237	0	168058
14006	2248	165120	509	589	0	168466
14007	162566	1451	305	1077	0	165399
14008	2152	741	162421	482	0	165796
14009	1433	786	1194	160017	0	163430
14010	164346	372	531	1848	0	167097
14011	1707	163136	484	663	0	165990
14012	166690	1260	327	1259	0	169536
14013	170959	607	230	1342	0	173138
14014	2094	463	295	172419	0	175271
14015	1396	331	342	171743	0	173812
14016	815	178479	457	1875	0	181626
14017	1009	1343	310	184174	0	186836
14018	785	756	187516	1813	0	190870
14019	1202	528	1555	187970	0	191255
14020	783	522	191103	2027	0	194435
14021	177659	312	2020	1835	0	181826
14022	2604	302	921	194959	0	198786
14023	1204	535	198245	2318	0	202302
14024	907	189250	2216	1389	0	193762
14025	658	197007	1091	918	0	199674
14026	195916	2384	865	1384	0	200549
14027	2513	1191	569	196978	0	201251
14028	1112	785	204630	1925	0	208452
14029	794	196121	1927	1311	0	200153
14030	786	1911	198388	763	0	201848
14031	189848	922	2041	1542	0	194353
14032	194282	635	1016	1191	0	197124
14033	196856	515	753	1098	0	199222
14034	3046	404	512	198361	0	202323
14035	1460	430	197186	2015	0	201091
14036	870	195973	1988	1083	0	199914
14037	1074	1765	1078	200771	0	204688
14038	730	1076	197163	1878	0	200847
14039	880	764	185708	993	0	188345
14040	1141	381	2484	197924	0	201930
14041	203087	309	1246	2901	0	207543
14042	2215	353	1013	202914	0	206495
14043	1465	408	750	206633	0	209256
14044	837	539	208003	2720	0	212099
14045	1291	376	2140	204513	0	208320
14046	1121	286	1142	206228	0	208777
14047	719	360	207912	2881	0	211872
14048	720	435	198740	1693	0	201588
14049	1073	286	2636	204560	0	208555
14050	740	465	209877	2464	0	213546
14051	903	323	2475	207740	0	211441
14052	208952	213	1541	3592	0	214298
14053	1928	213195	1219	1773	0	218115
14054	1378	1768	925	218971	0	223042
14055	934	923	213011	2534	0	217402
14056	181903	515	2341	3033	0	187792
14057	2010	197690	1456	1422	0	202578
14058	201668	1829	972	1885	0	206354
14059	2626	958	875	201418	0	205877
14060	1670	648	741	200180	0	203239
14061	204531	514	804	4135	0	209984
14062	2390	542	205569	1926	0	210427
14063	197999	392	2319	2135	0	202845
14064	2777	357	1334	208472	0	212940
14065	199993	348	976	3396	0	204713
14066	198137	401	761	2304	0	201603
14067	3692	410	677	199876	0	204655
14068	1828	204722	832	3073	0	210455
14069	212500	2388	789	2586	0	218263
14070	213931	1105	747	2288	0	218071
14071	4631	911	215576	1104	0	222222
14072	211729	601	3089	1714	0	217133
14073	4868	537	1539	216527	0	223471
14074	2491	217894	1238	3388	0	225011
14075	2478	3101	931	213651	0	220161
14076	1578	217215	918	3451	0	223162
14077	217957	3604	785	2792	0	225138
14078	221206	1742	749	2247	0	225944
14079	5584	1156	682	236900	0	244322
14080	2996	940	232482	4343	0	240761
14081	2260	1006	225190	2696	0	231152
14082	2137	731	5372	239597	0	247837
14083	239574	700	2910	5985	0	249169
14084	251719	515	1834	4033	0	258101
14085	7127	255595	1428	2175	0	266325
14086	4875	4905	1034	257602	0	268416
14087	2685	2747	264598	6176	0	276206
14088	1825	1762	267782	3704	0	275073
14089	2596	1544	9198	287653	0	300991
14090	313683	743	4767	10130	0	329323
14091	10575	608	2410	317988	0	331581
14092	4682	687	312818	11275	0	329462
14093	309014	526	9712	6426	0	325678
14094	11532	655	4662	310580	0	327429
14095	6149	415	3363	316974	0	326901
14096	4610	418	2468	311896	0	319392
14097	2759	306596	1904	14811	0	326070
14098	2343	8684	305370	7874	0	324271
14099	2173	3900	311462	5456	0	322991
14100	2897	2291	13023	310887	0	329098
14101	1869	1634	316010	11375	0	330888
14102	304975	1001	12687	7111	0	325774
14103	11576	861	5936	310740	0	329113
14104	6706	972	3846	313417	0	324941
14105	4842	988	3233	312387	0	321450
14106	2855	309454	3248	15697	0	331254
14107	316190	9245	2764	9433	0	337632
14108	11887	3965	2148	318519	0	336519
14109	313955	2530	2034	15170	0	333689
14110	12476	314689	1965	7840	0	336970
14111	315021	10526	1882	6638	0	334067
14112	304481	4704	2345	6247	0	317777
14113	313815	3010	2161	5490	0	324476
14114	16224	298407	2110	4303	0	321044
14115	9170	303716	2140	3548	0	318574
14116	295658	12318	1717	4470	0	314163
14117	13190	299402	1568	3985	0	318145
14118	7024	12457	287962	3807	0	311250
14119	5068	276561	9253	3839	0	294721
14120	4396	294229	4412	2939	0	305976
14121	287657	13310	3061	3252	0	307280
14122	11965	6787	282789	2669	0	304210
14123	6523	5001	279174	2289	0	292987
14124	6111	3963	12655	275168	0	297897
14125	283198	2748	6413	11095	0	303454
14126	12291	2514	283482	5146	0	303433
14127	7709	2413	10996	281737	0	302855
14128	4742	3077	270130	11586	0	289535
14129	4217	3038	267660	6008	0	280923
14130	261792	2422	13604	5218	0	283036
14131	11667	2593	275422	3411	0	293093
14132	7053	2308	13354	266158	0	288873
14133	5664	2601	6821	266061	0	281147
14134	4343	261058	5010	13051	0	283462
14135	4124	275240	4477	7151	0	290992
14136	4629	11993	4086	265697	0	286405
14137	3408	6115	269486	12174	0	291183
14138	4264	4263	11281	268592	0	288400
14139	4038	3133	6238	278133	0	291542
14140	3100	2576	274959	15888	0	296523
14141	3458	2199	12164	278312	0	296133
14142	274648	2277	7223	15972	0	300120
14143	11088	2549	273781	8442	0	295860
14144	271547	2277	12766	7343	0	293933
14145	13800	1921	7648	272575	0	295944
14146	8265	1688	5635	280351	0	295939
14147	5455	280242	4624	16974	0	307295
14148	5469	11126	4270	283891	0	304756
14149	4856	5526	4014	299917	0	314313
14150	288934	3955	4253	19461	0	316603
14151	13101	2958	4509	295311	0	315879
14152	7492	2552	3897	303349	0	317290
14153	285520	2609	3885	20827	0	312841
14154	13877	2637	4507	291231	0	312252
14155	8242	2709	4303	276907	0	292161
14156	5908	281413	4462	19031	0	310814
14157	285155	10725	4587	12356	0	312823
14158	14436	5359	3359	289291	0	312445
14159	8461	4186	2914	297811	0	313372
14160	6697	3852	281499	19876	0	311924
14161	6031	3195	11404	284311	0	304941
14162	5073	2914	6239	294759	0	308985
14163	275546	2747	4372	21663	0	304328
14164	284645	2963	3614	13373	0	304595
14165	17258	2959	3063	283807	0	307087
14166	9658	2892	271041	17019	0	300610
14167	7687	255943	11365	10069	0	285064
14168	5879	269043	6423	8740	0	290085
14169	6734	13293	5220	265678	0	290925
14170	263067	6660	3577	15301	0	288605
14171	13280	4914	2676	267353	0	288223
14172	267512	3773	1856	16714	0	289855
14173	14058	3443	2356	271834	0	291691
14174	8584	2789	2970	276784	0	291127
14175	264444	3126	2528	18668	0	288766
14176	264599	3435	2430	10991	0	281455
14177	16609	258492	2277	8031	0	285409
14178	9732	272306	2246	6945	0	291229
14179	6926	11762	2349	245169	0	266206
14180	5705	6033	2508	253820	0	268066
14181	4808	4446	241351	13646	0	264251
14182	218359	3495	8726	9347	0	239927
14183	10738	230839	4306	7039	0	252922
14184	4501	221899	2908	5253	0	234561
14185	211923	8377	3014	5066	0	228380
14186	9717	3631	210797	3898	0	228043
14187	4591	2694	198948	3651	0	209884
14188	3951	2197	183430	3319	0	192897
14189	2429	169074	5621	2032	0	179156
14190	2083	2674	2487	144168	0	151412
14191	1081	1141	813	144445	0	147480
14192	990	838	648	146558	0	149034
14193	142579	592	559	4448	0	148178
14194	141121	546	642	2689	0	144998
14195	3140	143187	733	1494	0	148554
14196	1718	2487	509	147171	0	151885
14197	1277	1261	147364	3093	0	152995
14198	1026	147722	2420	1571	0	152739
14199	144485	2614	999	2116	0	150214
14200	2775	1222	146596	1191	0	151784
14201	128733	817	2421	1950	0	133921
14202	2801	870	144235	1099	0	149005
14203	1545	1090	2354	139283	0	144272
14204	1007	143973	1058	2691	0	148729
14205	144635	2230	759	2327	0	149951
14206	2589	147221	634	1388	0	151832
14207	144206	2532	527	1716	0	148981
14208	3098	1068	433	144269	0	148868
14209	1427	1011	149289	3054	0	154781
14210	1731	667	2328	153088	0	157814
14211	1362	690	926	167849	0	170827
14212	1038	967	165242	4348	0	171595
14213	153364	630	3317	3175	0	160486
14214	3752	168996	1373	1688	0	175809
14215	168243	3389	826	2083	0	174541
14216	4010	171650	773	1344	0	177777
14217	2017	3862	638	177125	0	183642
14218	1406	1614	175373	4302	0	182695
14219	201403	1043	3831	2918	0	209195
14220	6265	214173	1385	1640	0	223463
14221	3066	6170	815	211856	0	221907
14222	2683	2039	743	225005	0	230470
14223	231463	1682	663	8595	0	242403
14224	248247	1012	582	4614	0	254455
14225	9300	251904	941	2515	0	264660
14226	270226	8003	771	2451	0	281451
14227	274945	3261	671	2357	0	281234
14228	280534	2271	540	2484	0	285829
14229	14409	1649	274124	1493	0	291675
14230	7196	262634	8583	1875	0	280288
14231	4382	283094	3781	1800	0	293057
14232	5066	12020	2265	259379	0	278730
14233	4668	5718	1232	276144	0	287762
14234	275157	3456	973	13036	0	292622
14235	10903	273841	1214	6001	0	291959
14236	278139	10368	1094	4165	0	293766
14237	13521	5455	822	270391	0	290189
14238	7278	3712	903	280695	0	292588
14239	271746	2517	759	14697	0	289719
14240	272676	2029	806	7869	0	283380
14241	15162	2187	261392	4432	0	283173
14242	9534	2199	8947	260239	0	280919
14243	5505	1815	259172	10598	0	277090
14244	3865	2223	255702	6011	0	267801
14245	3661	2117	261146	4000	0	270924
14246	248542	2060	14017	3871	0	268490
14247	11770	1446	6476	244078	0	263770
14248	7188	1311	3778	245833	0	258110
14249	5450	1546	2634	255934	0	265564
14250	3261	1494	248710	14250	0	267715
14251	4310	1073	9943	247370	0	262696
14252	4375	1202	5083	256792	0	267452
14253	247658	1087	3121	14926	0	266792
14254	252926	1180	2249	8784	0	265139
14255	257959	1141	1993	6278	0	267371
14256	259679	1161	2325	5016	0	268181
14257	17302	1402	2230	247454	0	268388
14258	252634	1504	2229	12422	0	268789
14259	15431	1539	2035	249985	0	268990
14260	9305	1732	230177	13094	0	254308
14261	242913	1477	8106	8285	0	260781
14262	14178	242469	4206	5899	0	266752
14263	9837	9337	2900	240538	0	262612
14264	7945	5291	2214	242679	0	258129
14265	5776	244885	2139	14182	0	266982
14266	242872	10248	1883	9552	0	264555
14267	13534	241688	1981	6403	0	263606
14268	9222	11351	237004	4724	0	262301
14269	7390	6241	240199	4448	0	258278
14270	235858	3972	12423	5374	0	257627
14271	245836	3263	6415	5505	0	261019
14272	16488	2902	235240	4601	0	259231
14273	236060	2666	10638	4782	0	254146
14274	15528	2756	234431	4198	0	256913
14275	234759	2421	12683	4688	0	254551
14276	15381	2788	233635	4700	0	256504
14277	10092	2456	238868	4845	0	256261
14278	8678	2366	14421	221252	0	246717
14279	7802	2377	8748	226166	0	245093
14280	233584	2318	5882	15726	0	257510
14281	227702	2296	4874	10414	0	245286
14282	235219	2071	4591	7694	0	249575
14283	242719	1909	4685	6617	0	255930
14284	19244	226548	4528	6006	0	256326
14285	13391	9012	3801	222584	0	248788
14286	10103	227931	4189	12629	0	254852
14287	9742	10332	4159	230871	0	255104
14288	9144	5364	4159	232061	0	250728
14289	9173	3857	3831	234825	0	251686
14290	8126	3414	220302	18071	0	249913
14291	214156	2737	11181	12373	0	240447
14292	14627	207103	6496	9649	0	237875
14293	10118	223417	4770	8444	0	246749
14294	8780	12724	221105	7696	0	250305
14295	8400	6759	11033	221261	0	247453
14296	7989	4465	6943	225878	0	245275
14297	222692	3459	5208	17807	0	249166
14298	15711	3347	4179	223297	0	246534
14299	10923	3833	3971	227888	0	246615
14300	9440	3331	4230	230538	0	247539
14301	7977	2898	4706	234254	0	249835
14302	220584	2209	4564	20282	0	247639
14303	226306	2035	5029	12556	0	245926
14304	230523	1986	4764	9341	0	246614
14305	19679	1953	4888	223066	0	249586
14306	226036	2026	4724	15624	0	248410
14307	17122	2128	4579	227443	0	251272
14308	12039	2154	4912	235203	0	254308
14309	9761	1717	217079	18473	0	247030
14310	8467	1703	210960	11928	0	233058
14311	7729	1621	206176	8486	0	224012
14312	202112	1768	14938	7429	0	226247
14313	14542	2035	8949	185506	0	211032
14314	9836	194088	6255	12677	0	222856
14315	203399	7734	5198	9050	0	225381
14316	14711	4110	195319	7341	0	221481
14317	190162	2618	10432	6065	0	209277
14318	14990	182675	6863	5213	0	209741
14319	157806	5267	3474	3844	0	170391
14320	11283	3806	2620	153232	0	170941
14321	152772	2180	2347	8190	0	165489
14322	9443	140262	2547	5982	0	158234
14323	6424	139233	2574	4343	0	152574
14324	119759	4939	2067	3063	0	129828
14325	5691	120145	1791	2664	0	130291
14326	2480	94169	806	1308	0	98763
14327	2147	97897	1151	1336	0	102531
14328	91532	3346	2107	1249	0	98234
14329	88395	1649	451	770	0	91265
14330	89240	1210	305	599	0	91354
14331	3170	974	307	86551	0	91002
14332	1922	932	262	88079	0	91195
14333	1334	901	86272	2307	0	90814
14334	1483	700	1528	86547	0	90258
14335	1379	545	88289	2140	0	92353
14336	1582	388	1749	88729	0	92448
14337	1249	408	926	91697	0	94280
14338	90202	366	676	3176	0	94420
14339	89308	369	656	2149	0	92482
14340	2416	89257	707	1419	0	93799
14341	1616	1741	609	90086	0	94052
14342	1125	1137	93383	2238	0	97883
14343	1289	755	1686	93450	0	97180
14344	1353	634	879	94381	0	97247
14345	1442	635	556	96571	0	99204
14346	1175	691	93681	2972	0	98519
14347	995	659	86178	1924	0	89756
14348	90840	387	2299	1830	0	95356
14349	2023	383	1381	96251	0	100038
14350	1187	295	95599	2781	0	99862
14351	88851	235	1912	2361	0	93359
14352	1931	96803	1402	1688	0	101824
14353	99391	1395	1136	1579	0	103501
14354	2366	906	102931	1115	0	107318
14355	100055	598	1799	1319	0	103771
14356	2406	493	1161	103628	0	107688
14357	1668	564	105317	1838	0	109387
14358	1298	103943	1668	1378	0	108287
14359	105878	1618	1207	1223	0	109926
14360	2162	1086	939	106154	0	110341
14361	1582	660	885	106283	0	109410
14362	1184	107184	760	2283	0	111411
14363	1015	1413	738	109385	0	112551
14364	912	1039	107660	2123	0	111734
14365	863	106254	1607	1485	0	110209
14366	108646	1453	1028	1512	0	112639
14367	1813	1064	722	108210	0	111809
14368	1422	833	552	107875	0	110682
14369	1092	807	106448	2341	0	110688
14370	1116	735	1455	107249	0	110555
14371	1066	779	112716	2044	0	116605
14372	987	112343	1724	1394	0	116448
14373	113470	1506	1117	1579	0	117672
14374	112807	953	813	1529	0	116102
14375	113125	727	698	1469	0	116019
14376	2229	121164	805	1042	0	125240
14377	1571	1437	681	123262	0	126951
14378	1267	1030	650	123059	0	126006
14379	1786	1068	756	98730	0	102340
14380	122292	684	468	2748	0	126192
14381	121614	597	416	1918	0	124545
14382	2427	602	394	122150	0	125573
14383	1632	677	133856	2234	0	138399
14384	1329	560	1287	133754	0	136930
14385	1173	429	837	135229	0	137668
14386	1136	352	701	136695	0	138884
14387	1224	378	548	137258	0	139408
14388	137654	363	582	3296	0	141895
14389	1962	381	602	140391	0	143336
14390	1369	381	632	140293	0	142675
14391	993	138469	509	3133	0	143104
14392	1078	1430	364	145003	0	147875
14393	853	145914	376	3044	0	150187
14394	1023	1901	341	148579	0	151844
14395	146873	1020	332	3564	0	151789
14396	2108	147802	354	2277	0	152541
14397	145735	1997	385	2376	0	150493
14398	2567	1299	148372	1479	0	153717
14399	1720	954	1739	148389	0	152802
14400	1219	835	152895	2851	0	157800
14401	1246	620	2156	152434	0	156456
14402	1279	647	1161	153025	0	156112
14403	948	147766	934	3365	0	153013
14404	848	151867	770	2318	0	155803
14405	653	159252	755	1546	0	162206
14406	157749	1982	546	2002	0	162279
14407	1662	153184	518	1181	0	156545
14408	607	154070	303	923	0	155903
14409	1321	1581	385	157129	0	160416
14410	157422	687	203	2074	0	160386
14411	1190	164746	253	813	0	167002
14412	167751	1402	168	1456	0	170777
14413	166563	599	197	1146	0	168505
14414	1675	667	171756	521	0	174619
14415	1186	491	1127	166716	0	169520
14416	789	433	432	174776	0	176430
14417	694	407	319	175618	0	177038
14418	735	427	255	171569	0	172986
14419	560	606	164124	1898	0	167188
14420	570	536	142736	977	0	144819
14421	149791	302	1305	1249	0	152647
14422	1168	160710	507	568	0	162953
14423	473	162929	340	413	0	164155
14424	164284	1260	185	1014	0	166743
14425	1172	162583	240	483	0	164478
14426	749	1270	203	166824	0	169046
14427	166569	484	226	1935	0	169214
14428	1389	514	165395	723	0	168021
14429	836	342	1121	167674	0	169973
14430	468	489	168985	1446	0	171388
14431	160949	318	1229	1382	0	163878
14432	1488	490	183627	539	0	186144
14433	183570	337	1380	1365	0	186652
14434	195397	341	553	1331	0	197622
14435	196134	319	385	1231	0	198069
14436	196813	324	281	1136	0	198554
14437	198305	283	363	933	0	199884
14438	2377	272	277	199094	0	202020
14439	206612	250	346	2450	0	209658
14440	2090	267	277	207457	0	210091
14441	1198	242	305	206586	0	208331
14442	941	276	259	207587	0	209063
14443	738	396	205949	2077	0	209160
14444	1054	283	1361	200190	0	202888
14445	868	289	625	208965	0	210747
14446	710	482	204234	2030	0	207456
14447	180754	307	1493	1972	0	184526
14448	1980	318	555	208298	0	211151
14449	1065	385	208183	1825	0	211458
14450	870	401	198894	897	0	201062
14451	1007	277	1733	202163	0	205180
14452	744	373	209929	2212	0	213258
14453	880	318	1642	210052	0	212892
14454	992	270	727	205245	0	207234
14455	488	204993	608	2200	0	208289
14456	447	209701	522	1271	0	211941
14457	211666	1492	444	1667	0	215269
14458	1818	584	411	214175	0	216988
14459	1099	368	436	209433	0	211336
14460	842	324	381	216971	0	218518
14461	603	487	216868	2311	0	220269
14462	870	334	1557	211526	0	214287
14463	213595	353	719	2826	0	217493
14464	1949	581	217107	1234	0	220871
14465	1239	314	1634	222676	0	225863
14466	1038	295	714	222574	0	224621
14467	824	227	554	228426	0	230031
14468	391	235471	610	2580	0	239052
14469	235466	2090	460	2345	0	240361
14470	241190	780	447	1912	0	244329
14471	3686	247616	535	948	0	252785
14472	2111	2801	360	260159	0	265431
14473	1044	1103	260352	3642	0	266141
14474	1111	793	246197	1729	0	249830
14475	259662	409	4761	1878	0	266710
14476	5188	297	2033	268992	0	276510
14477	279241	280	1296	5436	0	286253
14478	5836	280907	915	2466	0	290124
14479	2680	289619	764	1785	0	294848
14480	288837	6756	599	2446	0	298638
14481	5825	302463	833	1295	0	310416
14482	4016	6424	705	305374	0	316519
14483	3275	2987	601	292593	0	299456
14484	1766	312259	641	6839	0	321505
14485	313682	6752	497	4641	0	325572
14486	6864	3876	315816	2307	0	328863
14487	300072	2320	6003	3050	0	311445
14488	8435	1925	322263	1445	0	334068
14489	293238	1520	7332	3041	0	305131
14490	8808	1479	325084	1658	0	337029
14491	4303	317897	8086	1501	0	331787
14492	4485	7354	3802	321296	0	336937
14493	319770	3276	2431	7976	0	333453
14494	8220	2019	316184	3102	0	329525
14495	4375	1664	316240	1976	0	324255
14496	4026	1323	9250	308017	0	322616
14497	2394	1346	320114	7143	0	330997
14498	3251	1262	8519	310890	0	323922
14499	3527	1263	4527	300838	0	310155
14500	2264	1326	316395	10166	0	330151
14501	3270	703	8379	311453	0	323805
14502	319816	688	5016	9822	0	335342
14503	7330	316411	3708	4972	0	332421
14504	322692	6373	2939	4453	0	336457
14505	9164	3181	2483	315730	0	330558
14506	317314	1855	2153	9626	0	330948
14507	322347	1273	2169	6015	0	331804
14508	11599	1215	2383	313957	0	329154
14509	5691	316799	2555	7872	0	332917
14510	322209	6664	1941	6001	0	336815
14511	9239	3564	309311	3479	0	325593
14512	5337	2235	303804	3336	0	314712
14513	302266	1424	9555	4234	0	317479
14514	9712	1368	4986	305260	0	321326
14515	5484	1485	307508	8444	0	322921
14516	4741	1458	8176	305632	0	320007
14517	308603	1597	4394	10289	0	324883
14518	314158	1342	3405	6329	0	325234
14519	313921	1174	2839	5277	0	323211
14520	12200	316902	2659	3388	0	335149
14521	8224	6978	1943	321940	0	339085
14522	5845	3653	1850	326249	0	337597
14523	322304	2519	1897	11791	0	338511
14524	9832	319180	2045	5966	0	337023
14525	321129	7435	1993	4861	0	335418
14526	11364	3884	2106	317472	0	334826
14527	317634	2864	1947	9695	0	332140
14528	10861	2642	302821	5357	0	321681
14529	6509	304513	7723	4435	0	323180
14530	6507	7510	4155	293127	0	311299
14531	5004	313293	2896	7246	0	328439
14532	5387	8476	2221	301190	0	317274
14533	300208	4355	2109	10142	0	316814
14534	9911	3360	287673	5355	0	306299
14535	277046	2594	7734	5329	0	292703
14536	10168	294014	4558	3756	0	312496
14537	6950	7772	3144	300580	0	318446
14538	5571	4587	2469	307253	0	319880
14539	295093	3245	2316	12311	0	312965
14540	10121	2770	290323	6632	0	309846
14541	7053	2300	7831	294424	0	311608
14542	5729	2165	4642	296034	0	308570
14543	4755	2419	3543	298385	0	309102
14544	4445	2284	2781	301917	0	311427
14545	291347	2188	2631	14304	0	310470
14546	289606	1956	2534	9341	0	303437
14547	11977	1992	287812	5951	0	307732
14548	7443	2035	274554	5227	0	289259
14549	289286	1818	9922	6426	0	307452
14550	303909	1858	5106	6043	0	316916
14551	12645	1652	3633	299328	0	317258
14552	8031	1613	3211	299629	0	312484
14553	293610	1371	3052	12912	0	310945
14554	10580	288210	3425	7310	0	309525
14555	7231	6402	3316	294137	0	311086
14556	5855	3074	2887	301017	0	312833
14557	5244	2238	288918	12935	0	309335
14558	5534	1630	7852	290755	0	305771
14559	4830	1848	291422	12119	0	310219
14560	5311	1555	8752	292792	0	308410
14561	284561	1621	5145	12401	0	303728
14562	10486	1499	3829	291459	0	307273
14563	6904	1503	284837	12045	0	305289
14564	5400	269014	8499	7891	0	290804
14565	5461	6717	4584	283997	0	300759
14566	4463	3468	279043	11007	0	297981
14567	4472	278789	7789	7558	0	298608
14568	5073	7590	3997	276661	0	293321
14569	3915	4013	271789	10042	0	289759
14570	221326	2436	7258	8682	0	239702
14571	7445	253467	4721	5269	0	270902
14572	4393	244098	3098	4324	0	255913
14573	3222	251994	2516	4007	0	261739
14574	4568	9087	2250	238602	0	254507
14575	2845	3467	244529	7403	0	258244
14576	2475	241749	6008	4627	0	254859
14577	3209	9167	3099	236551	0	252026
14578	250757	2530	1651	7188	0	262126
14579	7347	1771	1164	334206	0	344488
14580	3927	1644	396796	11840	0	414207
14581	2385	396935	13186	5618	0	418124
14582	383477	13581	4634	5874	0	407566
14583	14298	394962	3373	4331	0	416964
14584	5430	15404	372823	4188	0	397845
14585	3236	379841	15190	4080	0	402347
14586	6335	18765	7369	361229	0	393698
14587	4125	9898	368397	12518	0	394938
14588	4322	366964	15988	4555	0	391829
14589	7464	19614	6983	348528	0	382589
14590	5036	12169	6003	353729	0	376937
14591	1469	363855	7192	17418	0	389934
14592	3366	19690	6250	361789	0	391095
14593	1413	10693	360277	20165	0	392548
14594	1524	8525	369812	11357	0	391218
14595	3268	9138	18143	364287	0	394836
14596	355598	7767	7713	23963	0	395041
14597	362592	6935	6131	15522	0	391180
14598	16994	7298	6942	353592	0	384826
14599	6040	357574	8763	20955	0	393332
14600	7047	14950	9773	360931	0	392701
14601	355033	6246	8795	22064	0	392138
14602	20906	5018	5207	355194	0	386325
14603	14457	5323	3150	366319	0	389249
14604	353579	5988	2829	25797	0	388193
14605	17791	349916	3329	16388	0	387424
14606	10704	18416	3172	355355	0	387647
14607	349211	8130	2838	26620	0	386799
14608	20835	5402	336793	16397	0	379427
14609	341906	4849	13580	15909	0	376244
14610	22426	5570	5060	348983	0	382039
14611	347908	6052	3717	23814	0	381491
14612	352186	6981	3910	14757	0	377834
14613	331742	5105	4725	14551	0	356123
14614	26080	333323	5561	10476	0	375440
14615	16550	14006	332587	9377	0	372520
14616	15952	336762	15400	9223	0	377337
14617	338954	15894	5782	10979	0	371609
14618	26990	334254	4397	7429	0	373070
14619	19639	18505	4007	330093	0	372244
14620	326835	11163	4985	17680	0	360663
14621	21377	328976	5407	8129	0	363889
14622	12481	21838	324171	6842	0	365332
14623	12361	14358	15265	322209	0	364193
14624	12315	11275	323529	19328	0	366447
14625	10796	330752	15891	12474	0	369913
14626	10816	21342	7602	320593	0	360353
14627	10880	11787	7514	333018	0	363199
14628	8452	10977	8066	335344	0	362839
14629	7386	8927	10007	320617	0	346937
14630	5288	322374	8413	26546	0	362621
14631	313095	20021	7434	18417	0	358967
14632	17083	12591	314335	16569	0	360578
14633	9412	9165	16060	326332	0	360969
14634	314094	8006	7409	30622	0	360131
14635	19301	8892	312418	19339	0	359950
14636	11124	310921	17963	14809	0	354817
14637	11184	21970	10709	305109	0	348972
14638	11184	11743	309422	21788	0	354137
14639	9407	309464	21949	14852	0	355672
14640	297992	19470	12271	15378	0	345111
14641	20486	311645	9910	12428	0	354469
14642	11074	23187	9895	306691	0	350847
14643	8229	15569	8799	323156	0	355753
14644	303393	13109	8382	28256	0	353140
14645	19537	309738	9737	16371	0	355383
14646	12422	24864	8666	312449	0	358401
14647	302016	15210	7748	25928	0	350902
14648	303106	13876	6339	19134	0	342455
14649	24499	299292	5563	18180	0	347534
14650	300953	23123	5013	17567	0	346656
14651	311897	14914	4554	15356	0	346721
14652	29176	14305	4701	298392	0	346574
14653	18834	11905	288073	26004	0	344816
14654	19716	10339	16046	293121	0	339222
14655	19445	10119	7471	302224	0	339259
14656	16838	10556	282913	27846	0	338153
14657	16539	280875	17372	18256	0	333042
14658	15133	19282	9341	286932	0	330688
14659	11383	9738	9441	304642	0	335204
14660	10029	7923	11065	306313	0	335330
14661	9876	7663	10033	295158	0	322730
14662	9790	282029	8707	33327	0	333853
14663	285963	19296	7997	22662	0	335918
14664	291503	11559	5269	21743	0	330074
14665	290660	8947	3747	22956	0	326310
14666	24796	273321	3801	22872	0	324790
14667	15071	20124	3551	283116	0	321862
14668	14104	12113	267065	28671	0	321953
14669	16876	12577	14226	264605	0	308284
14670	18698	272813	6231	23210	0	320952
14671	273765	19811	4320	15405	0	313301
14672	276537	12060	4271	15510	0	308378
14673	272442	11136	5440	15233	0	304251
14674	24121	256172	7041	14664	0	301998
14675	14842	244426	8460	12776	0	280504
14676	14841	257753	6650	12502	0	291746
14677	16708	21317	243627	9806	0	291458
14678	17863	14743	221661	8773	0	263040
14679	15116	33002	10473	100592	0	159183
14680	66257	1138	4187	3327	0	74909
14681	63874	497	469	1193	0	66033
14682	2462	590	391	65515	0	68958
14683	1169	591	338	64201	0	66299
14684	901	530	388	67641	0	69460
14685	811	567	349	68173	0	69900
14686	66788	538	343	2943	0	70612
14687	68223	574	275	1473	0	70545
14688	2611	69547	330	1032	0	73520
14689	70531	2178	260	1207	0	74176
14690	71686	878	314	1054	0	73932
14691	72331	667	309	1007	0	74314
14692	3089	787	57009	1043	0	61928
14693	67629	456	1108	966	0	70159
14694	2785	70115	466	728	0	74094
14695	1472	2259	337	72488	0	76556
14696	1214	948	341	73745	0	76248
14697	1011	68410	386	3001	0	72808
14698	990	2436	368	75440	0	79234
14699	74240	895	439	3319	0	78893
14700	2951	665	416	75760	0	79792
14701	1408	706	73863	3211	0	79188
14702	70383	558	2199	1868	0	75008
14703	2899	75516	713	1311	0	80439
14704	1563	2386	421	77034	0	81404
14705	1300	979	368	78487	0	81134
14706	1347	745	247	79163	0	81502
14707	1062	831	75229	3819	0	80941
14708	1157	74634	2155	1927	0	79873
14709	1325	2473	693	76395	0	80886
14710	1165	1079	74499	3029	0	79772
14711	1192	849	2187	73738	0	77966
14712	1040	715	73474	3094	0	78323
14713	1173	692	2317	70942	0	75124
14714	922	71350	1026	2849	0	76147
14715	879	2245	650	72177	0	75951
14716	71272	981	529	3226	0	76008
14717	71337	688	412	1882	0	74319
14718	2968	632	69962	1382	0	74944
14719	1252	536	66443	1175	0	69406
14720	917	518	75712	1103	0	78250
14721	850	534	2646	76328	0	80358
14722	781	456	1096	80651	0	82984
14723	689	436	755	81986	0	83866
14724	595	81066	635	3428	0	85724
14725	881	2380	585	79799	0	83645
14726	858	932	529	85147	0	87466
14727	862	703	520	88216	0	90301
14728	85675	567	549	4221	0	91012
14729	86610	503	519	2349	0	89981
14730	3245	536	86209	1637	0	91627
14731	1464	566	84566	1404	0	88000
14732	85269	468	3205	1528	0	90470
14733	90124	430	1474	1518	0	93546
14734	3605	427	90224	1329	0	95585
14735	1746	493	87728	1147	0	91114
14736	87361	507	3369	1450	0	92687
14737	91248	417	1562	1363	0	94590
14738	3793	429	92265	1221	0	97708
14739	1978	443	3098	90318	0	95837
14740	1489	310	1489	93030	0	96318
14741	1099	95353	1272	3870	0	101594
14742	1286	2858	969	99153	0	104266
14743	1167	962	103987	4094	0	110210
14744	1380	639	3685	104027	0	109731
14745	1208	502	1640	107526	0	110876
14746	1003	470	104131	4942	0	110546
14747	99055	459	3747	2820	0	106081
14748	107317	433	1730	2159	0	111639
14749	4709	371	1397	104371	0	110848
14750	2420	371	1156	108037	0	111984
14751	106164	371	975	5289	0	112799
14752	105277	388	1113	2884	0	109662
14753	95176	489	1152	2650	0	99467
14754	107382	397	926	2008	0	110713
14755	4976	103016	932	1647	0	110571
14756	103429	3063	864	1982	0	109338
14757	4397	102753	894	1769	0	109813
14758	2397	3380	881	103647	0	110305
14759	2055	1173	787	103910	0	107925
14760	1703	101138	835	4739	0	108415
14761	1795	3268	826	103565	0	109454
14762	1737	1275	788	103019	0	106819
14763	1443	101072	886	5035	0	108436
14764	1535	3391	781	102926	0	108633
14765	1611	1243	785	105071	0	108710
14766	1610	949	809	105751	0	109119
14767	1397	815	100523	5517	0	108252
14768	1372	97706	3420	3075	0	105573
14769	1780	3774	1469	93891	0	100914
14770	1321	99323	1137	4021	0	105802
14771	97947	3532	930	2685	0	105094
14772	3883	1466	97029	2318	0	104696
14773	1930	1110	93062	2079	0	98181
14774	91060	935	3565	1818	0	97378
14775	3709	1147	1622	93825	0	100303
14776	1627	705	90934	3467	0	96733
14777	1455	783	88495	1904	0	92637
14778	1469	1165	3272	88413	0	94319
14779	87373	455	1714	3557	0	93099
14780	88610	478	1142	2069	0	92299
14781	3540	440	895	87908	0	92783
14782	1700	580	86165	3366	0	91811
14783	1328	89574	2636	1988	0	95526
14784	1334	2400	1168	90984	0	95886
14785	1219	998	90346	3269	0	95832
14786	1217	89558	2605	1821	0	95201
14787	1320	2292	1240	89780	0	94632
14788	89014	837	977	3261	0	94089
14789	2727	813	812	86677	0	91029
14790	1328	87652	818	3062	0	92860
14791	85995	2290	829	2070	0	91184
14792	2649	1138	91311	1569	0	96667
14793	1481	89248	2221	1442	0	94392
14794	1325	2195	89670	1306	0	94496
14795	85686	909	2523	1540	0	90658
14796	2625	777	1148	82694	0	87244
14797	1489	612	911	89469	0	92481
14798	89006	450	879	3096	0	93431
14799	2582	505	889	89812	0	93788
14800	1239	640	87499	2790	0	92168
14801	81813	487	2185	1954	0	86439
14802	2643	89250	1019	1420	0	94332
14803	1528	1826	733	89417	0	93504
14804	88650	829	653	2890	0	93022
14805	2525	87532	658	1587	0	92302
14806	1466	2031	724	91503	0	95724
14807	91837	979	716	2822	0	96354
14808	2484	862	630	92015	0	95991
14809	1191	90469	555	2889	0	95104
14810	1139	2053	91879	1717	0	96788
14811	1207	967	1913	94816	0	98903
14812	1432	848	914	86330	0	89524
14813	96298	581	650	3353	0	100882
14814	2577	560	519	97460	0	101116
14815	96993	635	525	3277	0	101430
14816	97662	728	684	1799	0	100873
14817	2992	562	545	96306	0	100405
14818	1469	96916	484	2883	0	101752
14819	1386	2193	424	97271	0	101274
14820	89608	972	353	3233	0	94166
14821	2438	90233	374	1772	0	94817
14822	1173	94921	382	1158	0	97634
14823	95360	2224	324	1368	0	99276
14824	97769	1001	400	1203	0	100373
14825	2511	98156	406	984	0	102057
14826	99033	2124	530	1159	0	102846
14827	98554	897	355	941	0	100747
14828	2834	660	319	98294	0	102107
14829	1319	570	101377	2272	0	105538
14830	1305	740	2056	101385	0	105486
14831	884	533	104155	2673	0	108245
14832	1054	524	2196	104089	0	107863
14833	696	399	104964	2723	0	108782
14834	100627	222	2163	1451	0	104463
14835	2286	272	986	104060	0	107604
14836	108410	210	612	2563	0	111795
14837	2691	513	469	106166	0	109839
14838	1228	109247	385	2428	0	113288
14839	112312	1936	322	1741	0	116311
14840	2538	1007	105054	921	0	109520
14841	101920	572	1369	930	0	104791
14842	2171	106239	695	536	0	109641
14843	101285	1374	327	640	0	103626
14844	102249	626	217	633	0	103725
14845	2150	102064	242	396	0	104852
14846	1295	1569	196	105224	0	108284
14847	105911	714	195	2034	0	108854
14848	2046	105736	264	858	0	108904
14849	1308	1729	144	107703	0	110884
14850	109303	881	160	2193	0	112537
14851	2461	432	124	108902	0	111919
14852	1518	369	126	109968	0	111981
14853	1029	440	108	112198	0	113775
14854	696	423	108415	2883	0	112417
14855	1004	340	1704	107928	0	110976
14856	109746	381	688	2709	0	113524
14857	2231	418	108682	1285	0	112616
14858	1554	236	1781	110156	0	113727
14859	1085	338	806	112269	0	114498
14860	614	401	109344	3024	0	113383
14861	104624	243	1915	2004	0	108786
14862	112163	327	975	1332	0	114797
14863	2814	353	112930	1036	0	117133
14864	1841	195	2027	111424	0	115487
14865	1140	236	1036	117114	0	119526
14866	769	277	121596	3202	0	125844
14867	1042	197	2159	121882	0	125280
14868	1186	207	1173	118667	0	121233
14869	797	274	125704	3533	0	130308
14870	120583	219	2458	2249	0	125509
14871	2870	209	1244	129576	0	133899
14872	128396	205	833	3594	0	133028
14873	128702	211	595	2262	0	131770
14874	3558	247	130890	1358	0	136053
14875	2114	223	2546	128645	0	133528
14876	130897	166	1195	3676	0	135934
14877	3066	133822	947	1936	0	139771
14878	1967	2251	690	139231	0	144139
14879	1630	893	596	137497	0	140616
14880	1351	480	632	142897	0	145360
14881	990	363	140236	4444	0	146033
14882	123841	326	2883	2941	0	129991
14883	3357	246	1331	136156	0	141090
14884	2030	298	921	137256	0	140505
14885	1285	320	134848	4570	0	141023
14886	1329	207	2952	133525	0	138013
14887	1289	217	1354	138505	0	141365
14888	135062	209	1042	4943	0	141256
14889	3235	134772	868	2632	0	141507
14890	1799	2409	135497	1957	0	141662
14891	135220	1005	2918	2083	0	141226
14892	3356	561	1412	135756	0	141085
14893	1806	364	139150	3834	0	145154
14894	1359	421	139160	2435	0	143375
14895	1371	377	3611	143074	0	148433
14896	1211	392	148347	3803	0	153753
14897	1191	416	145057	2329	0	148993
14898	1036	141807	3962	2069	0	148874
14899	1214	2459	1922	159134	0	164729
14900	1012	1043	160933	3793	0	166781
14901	1244	632	3308	155977	0	161161
14902	165736	369	1873	4543	0	172521
14903	3325	422	1336	167108	0	172191
14904	1739	394	1160	171251	0	174544
14905	166534	388	1194	4870	0	172986
14906	166476	430	1005	3014	0	170925
14907	4104	325	1070	175301	0	180800
14908	1990	351	175629	4152	0	182122
14909	1305	172943	3489	2536	0	180273
14910	1316	2668	1703	177882	0	183569
14911	176036	1004	1391	4673	0	183104
14912	176370	660	1048	2950	0	181028
14913	4420	172737	1058	2033	0	180248
14914	2113	178483	1127	1888	0	183611
14915	179769	3479	1075	2248	0	186571
14916	176801	1457	943	2204	0	181405
14917	4700	989	189729	1575	0	196993
14918	2872	728	3290	185437	0	192327
14919	1767	192657	1578	3961	0	199963
14920	200881	3165	1171	2749	0	207966
14921	4427	1766	979	199287	0	206459
14922	2242	194647	989	4155	0	202033
14923	1799	3350	202020	2200	0	209369
14924	1877	2173	3383	193219	0	200652
14925	1129	205981	1666	4180	0	212956
14926	210884	3239	1167	2585	0	217875
14927	212126	1432	830	2246	0	216634
14928	4076	210998	775	1619	0	217468
14929	207786	3045	610	1636	0	213077
14930	206880	1237	710	1594	0	210421
14931	3865	205008	744	1271	0	210888
14932	1902	211995	724	1307	0	215928
14933	1983	3584	627	211627	0	217821
14934	211235	1435	628	3799	0	217097
14935	3375	1096	215608	1635	0	221714
14936	199905	802	2495	1905	0	205107
14937	3169	218310	1071	1180	0	223730
14938	220266	2688	800	1617	0	225371
14939	220373	1272	677	1399	0	223721
14940	222106	885	583	1310	0	224884
14941	4245	734	572	217882	0	223433
14942	2030	217789	685	2746	0	223250
14943	220985	2600	579	1750	0	225914
14944	3386	1313	222922	987	0	228608
14945	1698	219696	2543	908	0	224845
14946	1651	2527	926	232698	0	237802
14947	1220	1148	224865	2512	0	229745
14948	1110	943	220743	1253	0	224049
14949	1618	799	3051	217540	0	223008
14950	1367	654	1227	234486	0	237734
14951	1252	586	860	238160	0	240858
14952	1334	615	625	232165	0	234739
14953	970	222559	668	3621	0	227818
14954	892	235392	677	1788	0	238749
14955	239318	2812	566	1886	0	244582
14956	3126	1352	426	240205	0	245109
14957	1772	888	456	241466	0	244582
14958	1325	688	472	246407	0	248892
14959	243793	761	487	4399	0	249440
14960	245419	679	464	2399	0	248961
14961	3623	654	468	246677	0	251422
14962	251780	623	472	3880	0	256755
14963	250611	554	439	2458	0	254062
14964	254940	520	380	2177	0	258017
14965	4009	560	369	250161	0	255099
14966	1878	647	237323	2738	0	242586
14967	1651	786	216340	1524	0	220301
14968	1418	668	228015	1126	0	231227
14969	1194	548	240448	843	0	243033
14970	1418	804	2663	240409	0	245294
14971	243398	378	1092	2991	0	247859
14972	239564	385	621	1896	0	242466
14973	3064	449	240275	842	0	244630
14974	1737	510	238250	822	0	241319
14975	1192	264788	2391	710	0	269081
14976	1423	1838	1098	268524	0	272883
14977	269108	765	882	3024	0	273779
14978	2380	635	267446	1029	0	271490
14979	252252	426	1956	1852	0	256486
14980	2241	274833	1080	733	0	278887
14981	1443	1768	773	282835	0	286819
14982	1129	729	642	291025	0	293525
14983	1394	551	548	280513	0	283006
14984	292434	410	400	4450	0	297694
14985	3072	393	386	293000	0	296851
14986	1904	386	424	295976	0	298690
14987	295315	347	442	4531	0	300635
14988	3209	431	387	294115	0	298142
14989	1643	613	298465	3409	0	304130
14990	287624	371	2262	2941	0	293198
14991	3274	357	1201	301362	0	306194
14992	2212	344	774	297717	0	301047
14993	1263	294959	623	3486	0	300331
14994	296065	2276	303	3101	0	301745
14995	299596	1169	339	2586	0	303690
14996	4208	698	308	296370	0	301584
14997	2320	630	292710	3022	0	298682
14998	262458	390	2468	3251	0	268567
14999	3328	481	291256	1503	0	296568
15000	2480	339	3056	285742	0	291617
15001	1759	331	1466	297336	0	300892
15002	294805	249	929	5219	0	301202
15003	4184	242	735	304388	0	309549
15004	2042	484	302366	4627	0	309519
15005	287115	256	3406	3420	0	294197
15006	4172	492	318654	1681	0	324999
15007	2177	550	311989	1263	0	315979
15008	323946	283	5252	2047	0	331528
15009	5882	495	2236	334490	0	343103
15010	2265	344432	1652	4087	0	352436
15011	346918	3802	1124	3044	0	354888
15012	344669	1436	1130	2548	0	349783
15013	6212	1028	345834	1174	0	354248
15014	339692	498	4590	2241	0	347021
15015	6517	719	2081	349467	0	358784
15016	3087	657	355963	4842	0	364549
15017	2204	342130	4871	2694	0	351899
15018	341036	3875	2298	3051	0	350260
15019	5150	347477	1597	1390	0	355614
15020	3374	4322	1286	343924	0	352906
15021	2827	1838	1034	346431	0	352130
15022	2618	1071	982	342341	0	347012
15023	2476	927	810	331894	0	336107
15024	1404	329236	1051	6455	0	338146
15025	1742	4130	318708	3271	0	327851
15026	1216	323653	4037	2796	0	331702
15027	324211	4499	1917	2745	0	333372
15028	4948	2375	1124	326697	0	335144
15029	327726	1361	941	5806	0	335834
15030	5526	1343	832	329948	0	337649
15031	337910	977	902	6975	0	346764
15032	5326	342400	1020	3310	0	352056
15033	350852	4399	834	3810	0	359895
15034	351963	1971	936	3485	0	358355
15035	343465	1531	750	3062	0	348808
15036	345993	963	710	3214	0	350880
15037	7264	341863	692	1964	0	351783
15038	4233	4367	342221	1458	0	352279
15039	3743	2046	4129	340648	0	350566
15040	345272	1358	1871	5800	0	354301
15041	349979	1058	1296	3605	0	355938
15042	7923	899	988	354549	0	364359
15043	4329	1196	363236	5584	0	374345
15044	4111	924	4819	350559	0	360413
15045	2681	360268	2357	5888	0	371194
15046	364559	5289	1480	4258	0	375586
15047	7473	2419	1235	367433	0	378560
15048	3838	355886	1292	6528	0	367544
15049	2979	379234	1239	3586	0	387038
15050	2286	390869	1074	2969	0	397198
15051	2862	7907	1113	396657	0	408539
15052	399105	3696	977	8380	0	412158
15053	7391	403473	975	3925	0	415764
15054	4377	7367	830	410295	0	422869
15055	406664	3261	766	8946	0	419637
15056	8552	2541	785	408814	0	420692
15057	405962	1942	738	9709	0	418351
15058	406600	1695	662	5685	0	414642
15059	9862	417616	776	2985	0	431239
15060	6672	7352	672	398864	0	413560
15061	3823	422331	864	6373	0	433391
15062	416413	8149	727	4524	0	429813
15063	415515	3662	824	3884	0	423885
15064	424250	2636	822	3472	0	431180
15065	11969	1852	1151	422036	0	437008
15066	6342	2013	414260	7813	0	430428
15067	399398	1870	6627	5304	0	413199
15068	420962	1826	2590	4209	0	429587
15069	12089	1784	1509	411184	0	426566
15070	6430	421688	1269	7659	0	437046
15071	6123	7357	1053	426027	0	440560
15072	4836	3768	1260	436683	0	446547
15073	432327	2724	1263	11265	0	447579
15074	420891	2236	1084	6906	0	431117
15075	11218	2473	401624	4011	0	419326
15076	6930	2140	6808	400415	0	416293
15077	406727	1989	2778	9569	0	421063
15078	10856	2283	1721	408918	0	423778
15079	5464	2183	406913	10521	0	425081
15080	4337	379904	7246	6177	0	397664
15081	3804	406892	2768	4619	0	418083
15082	444026	8426	1617	4639	0	458708
15083	11609	3781	1199	472170	0	488759
15084	6833	2926	1289	536642	0	547690
15085	536094	2339	1277	18366	0	558076
15086	16774	2590	532331	8716	0	560411
15087	10425	2156	12728	535146	0	560455
15088	7032	2248	539139	17449	0	565868
15089	5611	538276	15230	9826	0	568943
15090	552945	13898	7545	8735	0	583123
15091	567672	6435	4817	7512	0	586436
15092	576424	4514	4345	6273	0	591556
15093	23795	4090	557560	6139	0	591584
15094	561084	3730	14807	6166	0	585787
15095	586254	3599	8328	5003	0	603184
15096	27872	3573	4330	571352	0	607127
15097	451911	3584	7989	21518	0	485002
15098	19545	3846	555411	9203	0	588005
15099	549467	2373	14761	8033	0	574634
15100	24354	2575	560085	5281	0	592295
15101	15562	563857	15674	6169	0	601262
15102	12690	18039	10095	515332	0	556156
15103	10756	564994	6119	14071	0	595940
15104	11256	15694	553233	6677	0	586860
15105	8839	563503	15667	6657	0	594666
15106	533320	15745	7540	5994	0	562599
15107	15444	520903	7040	4375	0	547762
15108	10183	522622	4081	4325	0	541211
15109	7965	18586	509260	3604	0	539415
15110	7636	11689	13772	503321	0	536418
15111	511766	7541	7301	14729	0	541337
15112	15802	8021	508198	6725	0	538746
15113	9755	510098	15484	5255	0	540592
15114	8458	16423	7959	502728	0	535568
15115	7671	9113	514123	14923	0	545830
15116	6654	6761	505845	9219	0	528479
15117	7465	6931	18559	507545	0	540500
15118	6456	4829	517171	15790	0	544246
15119	6885	5471	18688	467390	0	498434
15120	6604	479553	11044	15374	0	512575
15121	6397	14046	9758	492850	0	523051
15122	5509	504541	7967	15880	0	533897
15123	7539	15098	6728	507739	0	537104
15124	502012	8167	7136	19594	0	536909
15125	17126	6415	6418	501922	0	531881
15126	9207	497167	5254	19644	0	531272
15127	8056	15785	5625	515063	0	544529
15128	7150	8200	504054	20634	0	540038
15129	7036	7397	15089	509589	0	539111
15130	504193	5133	8934	21699	0	539959
15131	16155	6212	488145	12398	0	522910
15132	9922	5629	16411	488642	0	520604
15133	476657	4968	9038	20344	0	511007
15134	16301	474292	7293	13139	0	511025
15135	11226	15424	6914	478931	0	512495
15136	482685	8651	5491	20224	0	517051
15137	19646	6164	6961	483565	0	516336
15138	11559	6232	471743	20345	0	509879
15139	455147	5920	14309	13962	0	489338
15140	18303	464716	10343	9080	0	502442
15141	10434	479295	6979	11229	0	507937
15142	478497	16377	7243	9055	0	511172
15143	468780	9742	6419	8227	0	493168
15144	21711	7397	5765	462181	0	497054
15145	466936	6506	6386	15390	0	495218
15146	19718	7169	438967	11144	0	476998
15147	441437	6143	14650	9796	0	472026
15148	20015	443072	8299	8522	0	479908
15149	444677	13452	7112	9198	0	474439
15150	19766	8478	435119	7618	0	470981
15151	15510	7011	14722	431520	0	468763
15152	12215	6220	10294	436337	0	465066
15153	10709	6712	7890	405098	0	430409
15154	10405	427518	7041	16829	0	461793
15155	432432	13632	6648	11989	0	464701
15156	19619	7385	6460	399321	0	432785
15157	12612	406679	6281	16088	0	441660
15158	444734	12739	5479	13269	0	476221
15159	432199	8281	6908	10636	0	458024
15160	440894	7118	5432	11157	0	464601
15161	439355	6457	4945	10469	0	461226
15162	433047	5788	5384	9643	0	453862
15163	23385	6662	5567	424707	0	460321
15164	18655	5822	5613	424746	0	454836
15165	422367	5445	4557	20232	0	452601
15166	19661	7391	4546	422688	0	454286
15167	15880	6722	4317	424974	0	451893
15168	12032	6839	391542	21314	0	431727
15169	404147	6659	12340	14891	0	438037
15170	416579	5890	8215	13819	0	444503
15171	421892	7743	5705	11176	0	446516
15172	22489	6783	6143	378665	0	414080
15173	14263	397806	5864	17512	0	435445
15174	430163	12378	6259	11931	0	460731
15175	409603	7592	6048	12743	0	435986
15176	25012	5907	5223	446759	0	482901
15177	449625	5850	6709	19490	0	481674
15178	24869	8546	340175	16281	0	389871
15179	16786	441518	12386	11829	0	482519
15180	16547	459103	8527	12641	0	496818
15181	16873	18232	448867	11262	0	495234
15182	8410	398685	14610	9285	0	430990
15183	8913	375420	8217	8941	0	401491
15184	314665	8691	6933	5553	0	335842
15185	6950	312997	3098	4735	0	327780
15186	6289	8352	2723	314805	0	332169
15187	321295	5063	1878	9178	0	337414
15188	8569	4165	309303	5685	0	327722
15189	302532	3558	4972	6605	0	317667
15190	9113	3532	301522	4751	0	318918
15191	6519	2225	294974	4599	0	308317
15192	284712	2252	7518	4963	0	299445
15193	7803	1979	300633	3750	0	314165
15194	5413	291033	7031	2687	0	306164
15195	5305	4932	5094	286280	0	301611
15196	289680	3420	3277	6483	0	302860
15197	7348	279914	2267	4044	0	293573
15198	5836	5679	1993	284454	0	297962
15199	4662	4084	282270	6490	0	297506
15200	5368	2876	4444	282087	0	294775
15201	276681	1991	3437	8062	0	290171
15202	7502	1867	272549	4914	0	286832
15203	6903	1778	5311	271034	0	285026
15204	275576	2183	3731	7165	0	288655
15205	282531	1660	2861	5416	0	292468
15206	11134	1487	2021	278900	0	293542
15207	8426	1602	1597	279649	0	291274
15208	5723	1743	281648	8573	0	297687
15209	5153	1368	267483	5680	0	279684
15210	272129	1039	6909	5006	0	285083
15211	285066	1400	4351	4118	0	294935
15212	8668	280352	3211	2878	0	295109
15213	281427	4314	2516	2219	0	290476
15214	285016	2636	1913	2835	0	292400
15215	9146	2416	299858	2088	0	313508
15216	5976	306821	5204	2305	0	320306
15217	312583	5195	3372	2620	0	323770
15218	313368	3019	2236	1805	0	320428
15219	320777	2101	1450	1617	0	325945
15220	10583	1474	1184	311999	0	325240
15221	7008	1287	983	313495	0	322773
15222	4667	311221	1105	7251	0	324244
15223	3868	5220	891	320035	0	330014
15224	317128	3002	715	8365	0	329210
15225	7434	2379	604	319416	0	329833
15226	4489	1896	311843	8117	0	326345
15227	3872	1488	300593	4845	0	310798
15228	3557	879	7546	309411	0	321393
15229	2430	958	316346	7274	0	327008
15230	2182	1193	305103	4787	0	313265
15231	3030	670	9258	302347	0	315305
15232	2847	769	5736	316251	0	325603
15233	1992	745	319080	9176	0	330993
15234	2067	805	312541	5871	0	321284
15235	1616	318089	9155	4176	0	333036
15236	319494	5512	5670	3992	0	334668
15237	6159	330816	4095	2393	0	343463
15238	331566	6898	2943	2868	0	344275
15239	335843	4036	2304	2657	0	344840
15240	9164	335866	2076	1461	0	348567
15241	339739	7044	1602	2021	0	350406
15242	9830	4126	1403	333678	0	349037
15243	5775	3158	339168	6368	0	354469
15244	5176	2010	6535	332352	0	346073
15245	3367	1823	3590	346938	0	355718
15246	329368	1311	2731	11028	0	344438
15247	332496	1081	2127	7117	0	342821
15248	336055	1070	1871	5182	0	344178
15249	336151	1060	1399	4083	0	342693
15250	324565	921	1239	3611	0	330336
15251	12650	310672	1545	2236	0	327103
15252	8447	5746	1347	319856	0	335396
15253	5632	3327	320542	7182	0	336683
15254	5041	2429	6643	319148	0	333261
15255	4468	1579	3951	320383	0	330381
15256	3525	1233	3134	341096	0	348988
15257	350017	1012	2538	13096	0	366663
15258	10114	1055	2102	352552	0	365823
15259	357336	1154	1644	13378	0	373512
15260	12341	1311	362291	7197	0	383140
15261	8586	973	9176	422045	0	440780
15262	5665	1181	436657	14593	0	458096
15263	432455	930	14239	8876	0	456500
15264	16084	1058	6600	440850	0	464592
15265	7598	1501	448465	15652	0	473216
15266	6953	937	14286	450726	0	472902
15267	452037	869	7462	18803	0	479171
15268	15303	1123	442683	9694	0	468803
15269	448632	804	13792	9068	0	472296
15270	469704	749	7561	7233	0	485247
15271	468903	605	5374	6598	0	481480
15272	461217	640	4341	6662	0	472860
15273	22738	438629	4407	4603	0	470377
15274	11802	420830	3553	4700	0	440885
15275	9553	401333	3741	4012	0	418639
15276	8594	18492	3957	374159	0	405202
15277	5533	389786	2996	10694	0	409009
15278	382373	11440	3009	6049	0	402871
15279	12642	370547	2814	4123	0	390126
15280	7041	384225	2656	3352	0	397274
15281	6307	13616	2635	379176	0	401734
15282	6162	6567	2445	390324	0	405498
15283	382258	4456	2708	15866	0	405288
15284	14510	3408	2564	382829	0	403311
15285	7901	3480	368958	14004	0	394343
15286	6674	3259	341704	8007	0	359644
15287	5982	3105	363629	6079	0	378795
15288	7841	2675	13949	358265	0	382730
15289	7835	2137	6222	389026	0	405220
15290	6800	2684	375377	15616	0	400477
15291	6928	2926	362208	7948	0	380010
15292	6051	3451	382587	5715	0	397804
15293	385120	3465	16886	5914	0	411385
15294	15356	3716	8334	392073	0	419479
15295	8435	3914	5662	402250	0	420261
15296	396338	3967	4529	19168	0	424002
15297	15227	3586	4207	395358	0	418378
15298	7872	384599	4342	16888	0	413701
15299	5850	409070	3973	10255	0	429148
15300	6679	14937	3354	408378	0	433348
15301	405831	6820	2964	18421	0	434036
15302	409226	4164	3415	12447	0	429252
15303	416594	2972	4125	9704	0	433395
15304	20154	2501	4335	407942	0	434932
15305	10304	2523	398086	17162	0	428075
15306	8320	2270	14638	401034	0	426262
15307	6280	2344	399617	17932	0	426173
15308	380097	1672	16604	11985	0	410358
15309	16785	1708	9605	394588	0	422686
15310	377958	1446	7369	19351	0	406124
15311	16380	1736	390333	11309	0	419758
15312	362186	1602	16061	10411	0	390260
15313	18896	1558	398890	7591	0	426935
15314	12349	367260	14958	7605	0	402172
15315	9560	377732	7892	6923	0	402107
15316	371582	13910	5127	7690	0	398309
15317	17990	6941	3919	367714	0	396564
15318	10789	4965	367032	14559	0	397345
15319	7925	354803	12312	8438	0	383478
15320	7374	376316	6419	6018	0	396127
15321	8112	15633	4442	372397	0	400584
15322	374035	7513	3974	16074	0	401596
15323	377047	5186	3842	9785	0	395860
15324	18116	372641	4341	7277	0	402375
15325	378629	13168	4322	8031	0	404150
15326	17285	6591	5009	376199	0	405084
15327	10011	5264	371740	15747	0	402762
15328	8008	375843	13880	9532	0	407263
15329	8821	12558	7883	379646	0	408908
15330	8060	6304	5845	388395	0	408604
15331	380019	4459	5508	19304	0	409290
15332	15932	4559	372933	9912	0	403336
15333	369626	4134	14054	8339	0	396153
15334	383435	3829	8066	7905	0	403235
15335	19595	3968	6345	373192	0	403100
15336	11552	4364	5229	384016	0	405161
15337	367733	4407	4806	19071	0	396017
15338	17715	4164	4396	372238	0	398513
15339	9990	4093	360602	18103	0	392788
15340	7414	4113	355609	10227	0	377363
15341	7163	349218	15311	7951	0	379643
15342	7214	379767	7462	7690	0	402133
15343	8503	14945	4879	350926	0	379253
15344	7579	351390	4198	14726	0	377893
15345	364854	14341	3990	10692	0	393877
15346	15047	370914	4023	8213	0	398197
15347	9697	14507	3763	371355	0	399322
15348	7039	8192	3898	381976	0	401105
15349	6041	6737	367788	19307	0	399873
15350	7314	5017	13007	367495	0	392833
15351	7618	3728	7065	376671	0	395082
15352	7243	374069	5603	19599	0	406514
15353	8195	12156	5223	378035	0	403609
15354	7754	6103	4804	390451	0	409112
15355	6819	4123	374087	21727	0	406756
15356	5552	366108	14256	13608	0	399524
15357	5890	24882	6680	326599	0	364051
15358	4921	346335	4582	14833	0	370671
15359	4620	11584	331381	9273	0	356858
15360	3635	322864	11474	6935	0	344908
15361	256847	9262	6314	5204	0	277627
15362	248650	3720	2422	3068	0	257860
15363	249505	2728	1794	2736	0	256763
15364	7800	247217	1641	2035	0	258693
15365	245037	6247	1120	2390	0	254794
15366	7844	3541	1163	240234	0	252782
15367	234971	2397	1106	7012	0	245486
15368	6626	230913	1230	3830	0	242599
15369	231204	6048	1118	3537	0	241907
15370	235133	3392	929	3768	0	243222
15371	8356	238721	1052	2529	0	250658
15372	4947	6745	238591	2162	0	252445
15373	4209	3877	5614	258519	0	272219
15374	3071	2963	275378	8027	0	289439
15375	3419	2412	8729	282183	0	296743
15376	3163	2026	4012	302408	0	311609
15377	2126	1999	300853	13527	0	318505
15378	2757	2120	10127	304109	0	319113
15379	303761	1794	4490	14097	0	324142
15380	10410	1705	302721	7094	0	321930
15381	4855	301946	10908	4776	0	322485
15382	4688	9880	4704	294318	0	313590
15383	4212	4211	2801	312977	0	324201
15384	2935	2886	303444	14573	0	323838
15385	3747	2498	10113	290051	0	306409
15386	2286	299545	4636	12787	0	319254
15387	291411	9900	3114	8085	0	312510
15388	9424	295502	2878	4894	0	312698
15389	272342	10006	1520	4557	0	288425
15390	9295	272622	1756	3167	0	286840
15391	3981	284972	1640	2873	0	293466
15392	2787	11513	267843	2248	0	284391
15393	3400	5681	9534	263847	0	282462
15394	2896	3473	3302	260070	0	269741
15395	2602	2534	2159	273521	0	280816
15396	1488	283338	2229	12939	0	299994
15397	2335	10598	1778	287848	0	302559
15398	288897	4590	1696	14894	0	310077
15399	11646	3247	1964	293544	0	310401
15400	290448	2607	1871	16192	0	311118
15401	13316	2145	288174	8497	0	312132
15402	290590	2001	11212	6702	0	310505
15403	14560	2341	5073	291442	0	313416
15404	7686	2419	3472	309875	0	323452
15405	307890	2329	3088	18214	0	331521
15406	13812	2366	305922	9562	0	331662
15407	6284	303245	12288	7379	0	329196
15408	5522	11696	5547	312487	0	335252
15409	309997	5696	4030	15486	0	335209
15410	318792	4442	3045	8895	0	335174
15411	17915	3930	2072	312546	0	336463
15412	8726	3259	306727	15978	0	334690
15413	295193	3346	12290	8912	0	319741
15414	15153	3488	300144	6717	0	325502
15415	8892	3099	13944	298172	0	324107
15416	6025	2912	300794	15777	0	325508
15417	5931	2731	13999	298677	0	321338
15418	4395	2501	292336	17798	0	317030
15419	4015	284361	14282	10840	0	313498
15420	6043	11787	7359	252917	0	278106
15421	3843	288267	5228	13910	0	311248
15422	289351	13264	3785	8948	0	315348
15423	296796	6509	3650	7462	0	314417
15424	17973	4626	283525	6086	0	312210
15425	10710	3872	12876	283709	0	311167
15426	289628	3038	6645	15842	0	315153
15427	16623	2824	5045	287089	0	311581
15428	9816	2576	4179	291410	0	307981
15429	7149	2532	275736	19769	0	305186
15430	265668	2374	13561	12614	0	294217
15431	15460	2350	278189	9466	0	305465
15432	9537	2253	15216	277854	0	304860
15433	7418	2249	278889	17206	0	305762
15434	273395	2271	15604	11630	0	302900
15435	280475	1901	9332	9597	0	301305
15436	282183	2513	7463	8129	0	300288
15437	20810	2222	6433	273366	0	302831
15438	11455	2467	268066	16400	0	298388
15439	8476	2745	270973	10865	0	293059
15440	7896	3310	17366	239598	0	268170
15441	6413	262010	10396	15351	0	294170
15442	257696	11593	7609	10273	0	287171
15443	16240	6569	5802	259414	0	288025
15444	10147	5099	256063	16703	0	288012
15445	9707	4012	13833	261515	0	289067
15446	8078	3367	264411	18185	0	294041
15447	7998	3326	16118	268328	0	295770
15448	7592	2901	266968	19008	0	296469
15449	7466	2563	267272	12606	0	289907
15450	6777	256607	18393	11205	0	292982
15451	6162	10920	263197	9882	0	290161
15452	6743	5563	265233	9101	0	286640
15453	8497	4190	19001	212476	0	244164
15454	7266	3100	10905	234421	0	255692
15455	6748	244904	8859	16918	0	277429
15456	247770	10329	7968	11382	0	277449
15457	15297	245840	7484	8977	0	277598
15458	10600	11838	7128	249490	0	279056
15459	251754	6121	7158	15935	0	280968
15460	16401	3778	6788	253559	0	280526
15461	253212	3333	7301	17913	0	281759
15462	16646	2762	6921	258282	0	284611
15463	10006	3275	253901	18341	0	285523
15464	8079	3453	14636	259415	0	285583
15465	7937	3021	8928	267565	0	287451
15466	257424	3093	8408	20408	0	289333
15467	259641	2647	7395	14057	0	283740
15468	257086	2576	7372	10969	0	278003
15469	18480	235373	8001	9431	0	271285
15470	10854	243035	7194	8214	0	269297
15471	242353	11317	7335	8817	0	269822
15472	14205	5995	242067	8287	0	270554
15473	8478	4056	227792	6985	0	247311
15474	7966	8632	13671	200479	0	230748
15475	5167	2334	202727	11031	0	221259
15476	4628	1740	191585	7363	0	205316
15477	178894	1931	11371	6407	0	198603
15478	184418	1387	6928	5444	0	198177
15479	10793	179384	5152	4589	0	199918
15480	7177	187122	4220	4804	0	203323
15481	6812	7698	4083	158292	0	176885
15482	4886	184547	3930	7576	0	200939
15483	189634	7258	4080	5937	0	206909
15484	9194	4091	3706	179875	0	196866
15485	6194	187994	3619	8419	0	206226
15486	194227	6714	3672	5876	0	210489
15487	8791	4071	191972	5000	0	209834
15488	6039	3169	189301	4452	0	202961
15489	188301	2487	9914	4431	0	205133
15490	8733	1891	184902	4205	0	199731
15491	182123	1425	8278	4202	0	196028
15492	8503	1630	5814	181923	0	197870
15493	5359	1615	186061	7118	0	200153
15494	4202	176142	8095	5014	0	193453
15495	3705	182460	5745	4090	0	196000
15496	159733	4786	3147	2742	0	170408
15497	4580	163882	2641	2247	0	173350
15498	151821	3361	1862	1896	0	158940
15499	150692	1626	1849	1812	0	155979
15500	4375	150022	1830	1276	0	157503
15501	2562	3252	1607	147562	0	154983
15502	1627	1579	149469	3144	0	155819
15503	1377	154501	3670	1577	0	161125
15504	1862	7312	1868	147315	0	158357
15505	1259	1658	1117	162124	0	166158
15506	156664	768	650	4474	0	162556
15507	3695	709	480	156816	0	161700
15508	1402	592	154557	4304	0	160855
15509	950	153824	3293	2067	0	160134
15510	1419	3291	1230	156847	0	162787
15511	156335	1271	960	4576	0	163142
15512	161241	890	763	2367	0	165261
15513	4852	896	645	161216	0	167609
15514	165858	663	652	4715	0	171888
15515	5078	723	165970	1982	0	173753
15516	2997	577	4044	165422	0	173040
15517	1820	582	169633	4761	0	176796
15518	2089	523	4558	182273	0	189443
15519	1901	478	2189	183039	0	187607
15520	1808	538	1381	185268	0	188995
15521	1566	452	1143	187086	0	190247
15522	1590	414	921	185985	0	188910
15523	181385	407	804	9668	0	192264
15524	185277	365	647	5289	0	191578
15525	7092	183195	758	3548	0	194593
15526	187290	5114	809	3332	0	196545
15527	7352	2092	755	187159	0	197358
15528	3951	1371	635	192357	0	198314
15529	3503	986	628	192188	0	197305
15530	2669	824	190249	8718	0	202460
15531	3146	665	5566	179541	0	188918
15532	1915	187619	2269	7670	0	199473
15533	189022	5592	1650	4618	0	200882
15534	190373	1948	1487	4090	0	197898
15535	7660	1319	185783	3246	0	198008
15536	3391	185637	5966	3025	0	198019
15537	3115	5717	2251	187643	0	198726
15538	2310	2346	188308	7837	0	200801
15539	2639	1628	5974	175929	0	186170
15540	1954	183947	2525	7819	0	196245
15541	178780	5880	1874	4893	0	191427
15542	6958	183177	1597	3310	0	195042
15543	3611	6839	182609	2761	0	195820
15544	2867	3354	180952	2518	0	189691
15545	2388	174796	7125	2840	0	187149
15546	1783	180880	2926	3061	0	188650
15547	173382	7038	2100	3549	0	186069
15548	176405	3023	1747	3090	0	184265
15549	7784	2197	1706	175168	0	186855
15550	3372	2173	174077	7166	0	186788
15551	3491	1878	5900	173239	0	184508
15552	3419	1610	2466	177743	0	185238
15553	173096	1496	1796	9348	0	185736
15554	172674	1608	1727	5136	0	181145
15555	8527	1381	1547	180066	0	191521
15556	3910	1390	179690	8369	0	193359
15557	2689	180396	6384	4701	0	194170
15558	181191	6545	2771	4071	0	194578
15559	7471	187025	1948	3196	0	199640
15560	4472	7590	1593	190021	0	203676
15561	3578	3544	1757	199376	0	208255
15562	3080	2446	2181	198908	0	206615
15563	2564	2217	2015	196989	0	203785
15564	187735	2510	1705	11248	0	203198
15565	8471	2210	1218	189678	0	201577
15566	4552	184594	1148	10463	0	200757
15567	4057	6528	1308	190994	0	202887
15568	182728	2798	1554	11388	0	198468
15569	7520	184149	1786	6726	0	200181
15570	4296	7188	1721	187999	0	201204
15571	3365	3452	181137	10114	0	198068
15572	178673	2642	6513	5975	0	193803
15573	9544	2256	2613	183155	0	197568
15574	4813	2250	178630	9512	0	195205
15575	3709	2164	176155	5473	0	187501
15576	3916	2568	8758	177633	0	192875
15577	175649	2043	4679	9922	0	192293
15578	177280	1945	2934	6328	0	188487
15579	8868	179294	2268	5640	0	196070
15580	178573	6440	1717	5950	0	192680
15581	182018	2650	1593	6169	0	192430
15582	181570	1893	1752	5628	0	190843
15583	179648	1886	1629	5071	0	188234
15584	11162	1861	1424	174608	0	189055
15585	6629	2148	1504	177656	0	187937
15586	5299	2122	163956	10263	0	181640
15587	4378	154046	5884	6342	0	170650
15588	3458	162541	2862	5673	0	174534
15589	3202	7313	161916	5226	0	177657
15590	158107	3007	6947	5028	0	173089
15591	8095	2251	3107	163211	0	176664
15592	163631	1966	2559	9170	0	177326
15593	165099	2015	2336	5257	0	174707
15594	9637	2155	158397	4293	0	174482
15595	6111	1980	6289	159248	0	173628
15596	162911	1564	2898	8440	0	175813
15597	9436	1855	2073	160969	0	174333
15598	5246	2171	159686	8702	0	175805
15599	4811	4605	6465	152013	0	167894
15600	4241	159826	3416	7739	0	175222
15601	3858	168835	2294	4413	0	179400
15602	3716	7293	160303	3937	0	175249
15603	2987	154796	6147	3236	0	167166
15604	144196	5734	3056	3340	0	156326
15605	141414	1928	1649	2529	0	147520
15606	6191	1374	1330	138360	0	147255
15607	3536	1096	1265	140575	0	146472
15608	2687	1060	1222	143377	0	148346
15609	138688	996	958	6579	0	147221
15610	5671	137993	798	3128	0	147590
15611	137996	4172	702	2444	0	145314
15612	136797	1739	785	1979	0	141300
15613	6107	135261	916	1857	0	144141
15614	129913	3343	699	1763	0	135718
15615	4762	130953	678	1454	0	137847
15616	132444	3660	698	2126	0	138928
15617	4603	1378	129775	1940	0	137696
15618	110327	1388	2914	1452	0	116081
15619	3103	116780	975	1046	0	121904
15620	2197	2530	1257	116852	0	122836
15621	1597	812	404	123154	0	125967
15622	1444	664	335	122662	0	125105
15623	125346	415	338	4532	0	130631
15624	3583	550	409	127701	0	132243
15625	1779	620	123736	3948	0	130083
15626	119837	727	2654	2158	0	125376
15627	3504	917	123331	1591	0	129343
15628	2098	830	2889	123136	0	128953
15629	1345	831	125620	3565	0	131361
15630	1445	730	2922	119934	0	125031
15631	957	122637	1389	3447	0	128430
15632	1258	2554	1019	121230	0	126061
15633	1066	123026	909	3174	0	128175
15634	1396	2740	770	125051	0	129957
15635	125217	1207	699	3832	0	130955
15636	3450	903	643	129458	0	134454
15637	129744	613	585	3985	0	134927
15638	3746	769	123223	1844	0	129582
15639	124359	724	2558	1810	0	129451
15640	129262	613	1126	1545	0	132546
15641	130000	669	942	1149	0	132760
15642	4810	544	547	129154	0	135055
15643	127533	524	682	3523	0	132262
15644	3863	641	121927	1682	0	128113
15645	121077	623	2690	1892	0	126282
15646	3916	623	121620	1399	0	127558
15647	123280	600	2756	1261	0	127897
15648	4175	550	1278	126894	0	132897
15649	2427	664	129878	3029	0	135998
15650	2405	453	2718	128674	0	134250
15651	2158	447	1387	131744	0	135736
15652	1738	409	130238	4025	0	136410
15653	117743	316	2864	2894	0	123817
15654	3419	131723	1436	1928	0	138506
15655	129188	2088	978	1725	0	133979
15656	3000	128071	873	1273	0	133217
15657	125530	2172	818	1377	0	129897
15658	2807	886	123633	964	0	128290
15659	110458	1162	2474	1494	0	115588
15660	2227	115768	963	764	0	119722
15661	1565	1297	819	113778	0	117459
15662	974	605	421	116262	0	118262
15663	936	485	330	116240	0	117991
15664	753	400	116618	2119	0	119890
15665	936	260	1453	114673	0	117322
15666	691	308	121260	1918	0	124177
15667	121924	244	1745	1370	0	125283
15668	133629	266	835	1144	0	135874
15669	3039	208	526	136465	0	140238
15670	1265	270	137410	2532	0	141477
15671	128924	160	2252	1816	0	133152
15672	2793	239	163790	924	0	167746
15673	1712	211	3250	160240	0	165413
15674	1427	166	1228	167512	0	170333
15675	1290	165	840	172453	0	174748
15676	1196	167	691	176293	0	178347
15677	169007	165	611	5546	0	175329
15678	3592	170393	713	2227	0	176925
15679	1667	3095	164113	1375	0	170250
15680	1148	166202	3370	1193	0	171913
15681	168132	3507	1229	1520	0	174388
15682	4240	1264	803	168755	0	175062
15683	171585	679	744	4562	0	177570
15684	4467	555	635	172199	0	177856
15685	2342	447	650	172765	0	176204
15686	1637	490	637	175461	0	178225
15687	1002	571	170283	5503	0	177359
15688	975	165401	3547	2869	0	172792
15689	1307	3281	171161	2032	0	177781
15690	1475	1098	3857	172805	0	179235
15691	175695	784	1552	5063	0	183094
15692	173718	707	1052	2946	0	178423
15693	176257	558	902	2625	0	180342
15694	4890	174826	931	1777	0	182424
15695	182219	3465	824	2112	0	188620
15696	4920	1320	846	181873	0	188959
15697	2471	912	806	184653	0	188842
15698	2023	644	717	185049	0	188433
15699	1541	183965	727	5517	0	191750
15700	2045	3477	665	174210	0	180397
15701	1496	179478	832	4372	0	186178
15702	179166	4048	728	2828	0	186770
15703	181225	1584	750	2369	0	185928
15704	5456	953	589	182559	0	189557
15705	2593	912	177673	4789	0	185967
15706	174794	807	3412	3020	0	182033
15707	4905	935	1272	183966	0	191078
15708	2232	970	181742	4969	0	189913
15709	170868	765	3642	3274	0	178549
15710	5008	749	1323	186262	0	193342
15711	185116	677	1031	5461	0	192285
15712	4542	183063	904	2736	0	191245
15713	2661	3802	826	181159	0	188448
15714	1988	188854	812	4665	0	196319
15715	2259	4372	689	191549	0	198869
15716	1683	192618	804	4692	0	199797
15717	1976	3950	746	196321	0	202993
15718	1536	1619	191527	4688	0	199370
15719	150855	1160	3306	4200	0	159521
15720	3952	188271	1442	2146	0	195811
15721	1935	3137	183452	1689	0	190213
15722	176824	1092	3154	2186	0	183256
15723	4073	951	1122	188720	0	194866
15724	1906	893	187749	3809	0	194357
15725	1436	188320	3053	2129	0	194938
15726	1532	2859	1214	193199	0	198804
15727	1255	1420	195206	3752	0	201633
15728	1498	1053	2936	193711	0	199198
15729	1322	979	1158	198546	0	202005
15730	1155	955	202854	4637	0	209601
15731	1574	932	3204	203080	0	208790
15732	1086	1123	208091	4535	0	214835
15733	1466	926	3614	209005	0	215011
15734	1236	1095	218535	4793	0	225659
15735	1691	753	3695	217732	0	223871
15736	1726	776	1757	219593	0	223852
15737	1713	874	1253	217824	0	221664
15738	1177	217073	1535	4996	0	224781
15739	217229	3297	1365	3892	0	225783
15740	219715	1302	1340	3334	0	225691
15741	4644	859	1277	223734	0	230514
15742	223552	811	1365	5888	0	231616
15743	4047	911	222886	3149	0	230993
15744	1840	224510	3453	2950	0	232753
15745	226815	3185	1623	3678	0	235301
15746	3837	229558	1426	2487	0	237308
15747	2338	3642	1110	232997	0	240087
15748	1843	1735	1087	234945	0	239610
15749	226478	1267	1074	5855	0	234674
15750	4371	1185	861	227763	0	234180
15751	2420	1072	224790	4887	0	233169
15752	1931	222355	3281	2843	0	230410
15753	224928	3565	1199	3043	0	232735
15754	4406	1544	976	224142	0	231068
15755	2066	229533	993	4784	0	237376
15756	2085	3687	933	226943	0	233648
15757	1748	233699	1149	4209	0	240805
15758	233515	4114	974	3538	0	242141
15759	231528	1720	1066	3436	0	237750
15760	4969	1575	229480	2117	0	238141
15761	2846	1375	223255	1921	0	229397
15762	2513	998	3770	227903	0	235184
15763	1643	233000	1799	4280	0	240722
15764	1917	3548	1234	238605	0	245304
15765	235905	1468	1071	5800	0	244244
15766	3797	1243	230063	2623	0	237726
15767	2471	936	2854	221000	0	227261
15768	1250	816	221226	3468	0	226760
15769	1152	909	206360	1896	0	210317
15770	965	223795	3173	1637	0	229570
15771	2597	4715	1646	215342	0	224300
15772	199667	716	730	2801	0	203914
15773	1705	479	200510	882	0	203576
15774	709	196536	1476	654	0	199375
15775	195845	979	534	1226	0	198584
15776	1256	432	428	198518	0	200634
15777	204836	310	364	2333	0	207843
15778	203523	328	304	1890	0	206045
15779	204560	259	231	1817	0	206867
15780	1663	396	216106	421	0	218586
15781	199919	219	1244	1532	0	202914
15782	216061	232	567	1364	0	218224
15783	1755	219459	481	455	0	222150
15784	1059	1289	325	222915	0	225588
15785	1048	518	307	217501	0	219374
15786	759	343	264	225623	0	226989
15787	224934	238	268	2841	0	228281
15788	214912	248	305	2054	0	217519
15789	2144	451	220635	734	0	223964
15790	1572	212	1341	218125	0	221250
15791	688	217660	763	1566	0	220677
15792	219830	1363	401	1993	0	223587
15793	1816	760	220655	702	0	223933
15794	1595	346	1470	211928	0	215339
15795	1150	305	729	217664	0	219848
15796	797	216144	580	2056	0	219577
15797	917	1509	505	218344	0	221275
15798	1347	783	493	199813	0	202436
15799	828	574	351	217795	0	219548
15800	215653	367	329	3558	0	219907
15801	2061	384	459	214767	0	217671
15802	1232	300	351	215629	0	217512
15803	215398	300	297	3890	0	219885
15804	2250	419	278	215897	0	218844
15805	1170	231918	316	2567	0	235971
15806	239312	2712	284	2786	0	245094
15807	245675	1324	289	2554	0	249842
15808	252949	722	254	2179	0	256104
15809	276320	411	289	2285	0	279305
15810	7487	292222	435	1078	0	301222
15811	329245	5989	292	2234	0	337760
15812	337171	2306	280	2114	0	341871
15813	12460	1883	234	330776	0	345353
15814	5354	1301	322901	8839	0	338395
15815	5338	709	7969	320135	0	334151
15816	4318	664	2427	324858	0	332267
15817	3550	620	1630	322349	0	328149
15818	3134	705	1372	323633	0	328844
15819	2789	558	858	327937	0	332142
15820	313717	488	782	15837	0	330824
15821	10393	430	552	320068	0	331443
15822	3847	759	316384	13334	0	334324
15823	4072	499	8257	309143	0	321971
15824	2582	311026	2736	11830	0	328174
15825	3144	8365	1791	314491	0	327791
15826	1913	2665	312923	12178	0	329679
15827	272869	1833	9121	7802	0	291625
15828	296865	1494	3259	5652	0	307270
15829	11776	1070	310133	3881	0	326860
15830	5066	305264	9098	3020	0	322448
15831	312246	8283	3257	3891	0	327677
15832	314559	2917	2267	3453	0	323196
15833	316481	2043	1740	3256	0	323520
15834	310649	1568	1331	2787	0	316335
15835	16463	1163	1144	298070	0	316840
15836	8364	1363	296534	10040	0	316301
15837	7657	1081	8885	297815	0	315438
15838	6331	1130	3206	311498	0	322165
15839	4612	1168	303244	14175	0	323199
15840	4158	1480	298928	6943	0	311509
15841	292338	997	12040	6954	0	312329
15842	12187	300180	5646	5215	0	323228
15843	7253	9199	4191	302410	0	323053
15844	5105	3304	298141	13051	0	319601
15845	279998	2280	11299	8938	0	302515
15846	12405	2050	295980	6916	0	317351
15847	284978	1402	12136	7871	0	306387
15848	13383	293351	5887	6462	0	319083
15849	8315	9467	4016	297044	0	318842
15850	6243	4060	292899	14046	0	317248
15851	274488	2882	11121	9114	0	297605
15852	13755	285099	5954	6152	0	310960
15853	7398	305348	4668	5580	0	322994
15854	7142	12958	4462	298173	0	322735
15855	6549	6522	3500	312419	0	328990
15856	317743	5254	3373	16839	0	343209
15857	15785	316416	3424	9373	0	344998
15858	10227	13031	3476	324039	0	350773
15859	318945	5693	3183	18267	0	346088
15860	332549	4518	3166	10495	0	350728
15861	340164	3807	2916	9844	0	356731
15862	22801	3167	337049	8540	0	371557
15863	13849	2576	345055	8303	0	369783
15864	368672	2323	16785	9560	0	397340
15865	21434	365584	8362	8945	0	404325
15866	11191	381560	6600	8990	0	408341
15867	10837	18230	5604	353561	0	388232
15868	7699	374613	5771	19894	0	407977
15869	377276	18418	5789	12399	0	413882
15870	21260	9021	5547	375668	0	411496
15871	11452	7317	368307	20918	0	407994
15872	371520	6250	17784	12087	0	407641
15873	387556	5974	8771	9732	0	412033
15874	27405	6127	7124	374332	0	414988
15875	16532	5595	6529	383842	0	412498
15876	14536	5621	6569	386527	0	413253
15877	13921	5222	5847	383670	0	408660
15878	12131	5671	352955	27737	0	398494
15879	11674	352352	17346	16442	0	397814
15880	12304	18247	8620	317502	0	356673
15881	10779	352500	7043	22818	0	393140
15882	11434	19694	6449	316229	0	353806
15883	9373	347653	6116	23358	0	386500
15884	345512	20118	5773	16457	0	387860
15885	349043	10483	5717	14752	0	379995
15886	24495	344188	6402	13474	0	388559
15887	349759	19949	5886	12450	0	388044
15888	26306	10756	5652	346785	0	389499
15889	342934	9760	5479	23798	0	381971
15890	25780	342192	6262	12858	0	387092
15891	348478	21045	5906	10717	0	386146
15892	360006	11347	6294	9296	0	386943
15893	31117	10162	6083	339595	0	386957
15894	18211	9653	335921	20963	0	384748
15895	15497	336066	17965	12038	0	381566
15896	15529	20723	8654	341780	0	386686
15897	346377	12510	6753	23048	0	388688
15898	25035	11800	336399	13469	0	386703
15899	17157	9597	16946	335461	0	379161
15900	14716	9013	8215	351781	0	383725
15901	347452	7431	7290	27564	0	389737
15902	353587	7732	6564	17428	0	385311
15903	349006	7474	5845	15473	0	377798
15904	29740	333354	5940	14157	0	383191
15905	325424	17564	4583	13667	0	361238
15906	25045	8649	301927	13191	0	348812
15907	15331	7580	292723	12693	0	328327
15908	13333	6659	295564	11108	0	326664
15909	14048	16401	18315	254811	0	303575
15910	10016	5064	248991	14812	0	278883
15911	215146	4074	9363	7899	0	236482
15912	13221	3840	4917	217323	0	239301
15913	9254	3848	218028	11235	0	242365
15914	227552	3839	9366	8059	0	248816
15915	14104	3664	5715	228314	0	251797
15916	9608	4132	4852	235478	0	254070
15917	235935	3248	4677	13474	0	257334
15918	13277	3537	5184	240741	0	262739
15919	8477	3778	240459	12561	0	265275
15920	8033	3175	10574	244481	0	266263
15921	7795	3117	246017	12938	0	269867
15922	7986	2857	11095	244260	0	266198
15923	238993	2555	5978	14530	0	262056
15924	13029	228283	4934	9861	0	256107
15925	8914	241185	4688	8231	0	263018
15926	8461	9747	3925	239031	0	261164
15927	7522	5021	4301	238749	0	255593
15928	6734	227971	4341	14965	0	254011
15929	7146	231182	4385	9531	0	252244
15930	6346	9891	4439	230931	0	251607
15931	6198	5178	4861	234849	0	251086
15932	222732	4075	4178	15949	0	246934
15933	10932	217079	4231	10252	0	242494
15934	7044	214951	3863	8503	0	234361
15935	6275	229841	3442	7311	0	246869
15936	220025	11886	3854	7630	0	243395
15937	10610	6421	218814	7180	0	243025
15938	213464	4420	9177	7448	0	234509
15939	11016	4386	4791	215283	0	235476
15940	6994	201040	3845	11573	0	223452
15941	6025	218393	3053	7846	0	235317
15942	214773	10396	3176	7126	0	235471
15943	11379	6072	3581	204522	0	225554
15944	6983	225585	3812	10692	0	247072
15945	228699	9648	4060	7806	0	250213
15946	232601	5697	3478	7047	0	248823
15947	12619	4881	223092	5972	0	246564
15948	227779	4619	8002	6248	0	246648
15949	236172	4358	4698	6165	0	251393
15950	13341	4114	3266	225730	0	246451
15951	7608	218551	3227	11212	0	240598
15952	6350	227658	2737	7418	0	244163
15953	6916	10911	2255	223523	0	243605
15954	212885	5492	2214	11298	0	231889
15955	10846	4602	185628	6915	0	207991
15956	6949	3576	190277	4638	0	205440
15957	7096	3094	185301	4416	0	199907
15958	6325	3082	190408	4010	0	203825
15959	4216	190136	7566	3754	0	205672
15960	4496	189273	3952	3772	0	201493
15961	4978	7739	172764	3207	0	188688
15962	3455	4163	166728	3415	0	177761
15963	1843	141996	5012	2311	0	151162
15964	1047	2072	1897	130487	0	135503
15965	293	1034	137630	1606	0	140563
15966	803	704	1966	128853	0	132326
15967	586	478	1023	139947	0	142034
15968	574	363	688	143940	0	145565
15969	633	355	571	151094	0	152653
15970	297	463	148972	3424	0	153156
15971	622	306	2661	144050	0	147639
15972	147028	294	1263	3515	0	152100
15973	2572	391	145379	1523	0	149865
15974	145153	319	2748	1519	0	149739
15975	3336	278	1196	151491	0	156301
15976	1354	352	152625	3124	0	157455
15977	149355	323	2948	1940	0	154566
15978	3340	257	1250	155148	0	159995
15979	155491	246	900	3752	0	160389
15980	3563	280	815	152883	0	157541
15981	1532	152539	707	3568	0	158346
15982	1113	2663	158142	1820	0	163738
15983	1245	1062	3015	159433	0	164755
15984	160820	696	1406	4169	0	167091
15985	161525	616	967	2416	0	165524
15986	161889	579	740	1898	0	165106
15987	160604	630	722	1744	0	163700
15988	158343	729	668	1799	0	161539
15989	4028	158532	753	1311	0	164624
15990	160245	3055	668	1628	0	165596
15991	3858	1534	156664	1161	0	163217
15992	156538	1007	2858	1512	0	161915
15993	4215	953	1200	149949	0	156317
15994	2055	995	158262	2865	0	164177
15995	1548	1002	154891	1504	0	158945
15996	1575	871	3816	155858	0	162120
15997	160361	732	1737	3930	0	166760
15998	3636	157678	1353	1806	0	164473
15999	158478	3106	1000	1789	0	164373
16000	4005	158831	991	1305	0	165132
16001	2732	3439	917	164239	0	171327
16002	2177	1629	891	167563	0	172260
16003	166593	1160	927	4759	0	173439
16004	4406	947	817	167605	0	173775
16005	2400	919	166015	4090	0	173424
16006	163876	723	3254	2511	0	170364
16007	4516	792	1526	169405	0	176239
16008	2777	718	1117	169324	0	173936
16009	1883	811	166105	4598	0	173397
16010	146267	833	3473	3236	0	153809
16011	163368	642	1636	2440	0	168086
16012	4785	164754	1266	1618	0	172423
16013	2563	3066	161828	1214	0	168671
16014	2043	1430	155847	1203	0	160523
16015	2270	1728	3964	151587	0	159549
16016	1990	1263	1835	151086	0	156174
16017	1410	153558	1345	3964	0	160277
16018	1256	2846	148791	1794	0	154687
16019	1606	1075	3238	143103	0	149022
16020	1240	732	148742	3426	0	154140
16021	1401	533	3402	140762	0	146098
16022	945	145320	1711	3441	0	151417
16023	1141	2691	1413	149545	0	154790
16024	1335	1041	1174	150797	0	154347
16025	1342	817	1040	148898	0	152097
16026	147429	715	927	4817	0	153888
16027	3342	765	145973	2235	0	152315
16028	1530	151979	3246	1928	0	158683
16029	1487	3158	1571	164028	0	170244
16030	168878	1270	1165	4932	0	176245
16031	4424	867	997	173506	0	179794
16032	174128	614	1071	5594	0	181407
16033	5061	588	175423	2780	0	183852
16034	174802	471	4232	2449	0	181954
16035	5824	510	1793	184356	0	192483
16036	2690	691	183683	5207	0	192271
16037	1989	181822	4553	2841	0	191205
16038	2415	3978	2004	180564	0	188961
16039	2199	1508	1347	187695	0	192749
16040	182261	1005	1224	6508	0	190998
16041	4931	179170	1329	2979	0	188409
16042	2339	174994	1255	2312	0	180900
16043	1826	184250	1111	2034	0	189221
16044	170417	4954	934	2224	0	178529
16045	4771	172191	893	1507	0	179362
16046	2866	4608	884	169521	0	177879
16047	2204	1923	949	172848	0	177924
16048	169940	1267	808	5933	0	177948
16049	4498	168634	842	2830	0	176804
16050	2449	4191	864	171800	0	179304
16051	174176	1863	711	5665	0	182415
16052	174840	1125	755	3418	0	180138
16053	174139	977	718	2644	0	178478
16054	5829	171730	869	1971	0	180399
16055	170530	3839	743	1931	0	177043
16056	5263	1911	767	166634	0	174575
16057	2506	161878	705	4326	0	169415
16058	1887	168246	624	2292	0	173049
16059	2244	4535	662	166831	0	174272
16060	164727	1857	746	5120	0	172450
16061	167608	1271	608	2826	0	172313
16062	5202	1273	570	161528	0	168573
16063	2273	160183	730	4365	0	167551
16064	161649	3898	595	2572	0	168714
16065	4415	1833	157513	1798	0	165559
16066	2233	1432	152670	1602	0	157937
16067	149076	1170	3543	1831	0	155620
16068	4019	1154	151030	1371	0	157574
16069	1912	876	2781	140705	0	146274
16070	143101	691	1202	3398	0	148392
16071	3466	685	687	146914	0	151752
16072	1568	851	146487	3225	0	152131
16073	1273	146411	2555	1902	0	152141
16074	1523	2573	999	152295	0	157390
16075	1191	1151	151271	3119	0	156732
16076	142363	965	2677	1893	0	147898
16077	3105	897	947	151497	0	156446
16078	1672	697	151236	3047	0	156652
16079	1448	719	2639	147341	0	152147
16080	1899	143868	1111	3116	0	149994
16081	1251	2790	739	154720	0	159500
16082	1354	1224	633	153258	0	156469
16083	1357	817	480	148340	0	150994
16084	1027	148876	619	3911	0	154433
16085	152376	2670	590	2688	0	158324
16086	3191	1344	601	154187	0	159323
16087	1892	916	643	155042	0	158493
16088	1481	722	654	157387	0	160244
16089	1235	680	153554	4385	0	159854
16090	1387	689	2591	154042	0	158709
16091	154149	640	1227	4535	0	160551
16092	3007	154503	938	2302	0	160750
16093	1813	2910	705	158529	0	163957
16094	1480	1460	568	159792	0	163300
16095	156317	1021	689	4841	0	162868
16096	3117	156751	583	2723	0	163174
16097	158819	3064	537	2518	0	164938
16098	162325	1478	521	2146	0	166470
16099	4878	1054	532	160608	0	167072
16100	160479	949	416	4711	0	166555
16101	4178	153827	536	2388	0	160929
16102	156073	3340	522	2232	0	162167
16103	4636	1644	393	159048	0	165721
16104	170956	1100	317	4796	0	177169
16105	174850	970	371	2906	0	179097
16106	5992	1078	161977	1928	0	170975
16107	172973	979	2845	2288	0	179085
16108	181346	726	906	2150	0	185128
16109	182013	812	634	2700	0	186159
16110	7191	865	192886	1506	0	202448
16111	3384	195170	5325	1345	0	205224
16112	3227	5596	1875	196976	0	207674
16113	197395	2050	1278	6924	0	207647
16114	6673	194282	969	2687	0	204611
16115	195965	6254	572	2565	0	205356
16116	8280	2154	654	198306	0	209394
16117	3792	1655	196758	6472	0	208677
16118	202630	1193	5627	3232	0	212682
16119	8384	1012	2030	209629	0	221055
16120	3865	873	210340	6979	0	222057
16121	209390	657	6541	3787	0	220375
16122	8668	819	218040	2303	0	229830
16123	5080	929	7479	225626	0	239114
16124	4108	858	3185	242403	0	250554
16125	238820	670	2095	11018	0	252603
16126	240787	726	1408	5853	0	248774
16127	11292	235923	1230	3741	0	252186
16128	238106	7242	1200	3323	0	249871
16129	10467	2747	222330	1827	0	237371
16130	5150	1902	218934	1781	0	227767
16131	213421	1494	8588	2362	0	225865
16132	9277	216916	3852	1297	0	231342
16133	211655	6379	2892	1731	0	222657
16134	8618	210432	2064	1132	0	222246
16135	206035	7169	6446	1553	0	221203
16136	9528	3057	1583	204428	0	218596
16137	4942	2062	207455	6658	0	221117
16138	4707	1551	6531	205966	0	218755
16139	4078	1287	2772	216057	0	224194
16140	212031	1006	2057	9890	0	224984
16141	8250	1310	208636	4714	0	222910
16142	203592	793	7069	4298	0	215752
16143	9012	206632	3315	2778	0	221737
16144	210918	6495	2623	2317	0	222353
16145	10105	2944	1947	205502	0	220498
16146	5360	2377	204919	7264	0	219920
16147	4986	1883	7005	205520	0	219394
16148	208221	1431	3406	8870	0	221928
16149	9617	1346	2375	208730	0	222068
16150	5569	1360	2081	207007	0	216017
16151	4043	197094	1837	10054	0	213028
16152	4030	6366	1718	205485	0	217599
16153	3140	2714	201154	9800	0	216808
16154	3573	1816	7210	201980	0	214579
16155	3795	1588	3333	208665	0	217381
16156	201553	1395	2548	11723	0	217219
16157	9336	1235	2117	203874	0	216562
16158	4894	1597	197167	10424	0	214082
16159	4190	197452	7440	5755	0	214837
16160	4458	6711	3705	200069	0	214943
16161	4066	3067	2721	205139	0	214993
16162	200139	2355	2323	11320	0	216137
16163	9262	195276	2020	5984	0	212542
16164	5316	7403	1894	201017	0	215630
16165	194024	3427	2056	10296	0	209803
16166	201361	2869	1824	5983	0	212037
16167	11285	2132	1794	199633	0	214844
16168	6166	1846	196950	10507	0	215469
16169	198536	1634	7328	6465	0	213963
16170	10709	1729	3546	208326	0	224310
16171	205726	1371	2865	11806	0	221768
16172	208807	1365	2576	6975	0	219723
16173	12380	196786	2157	5365	0	216688
16174	199089	7317	1867	5372	0	213645
16175	11546	198338	2229	4120	0	216233
16176	7503	8415	1896	198684	0	216498
16177	6202	4242	2004	197544	0	209992
16178	5017	197570	2132	10629	0	215348
16179	200918	8071	1860	6963	0	217812
16180	199448	4255	1805	6030	0	211538
16181	11903	3205	189944	4814	0	209866
16182	6859	3054	189531	4485	0	203929
16183	6140	2115	9064	194516	0	211835
16184	197491	1740	4357	10937	0	214525
16185	10634	1816	3507	197145	0	213102
16186	6707	1648	2828	203803	0	214986
16187	5406	1723	194377	12627	0	214133
16188	5013	1886	191929	7490	0	206318
16189	4321	1814	199374	6371	0	211880
16190	191214	1817	10561	6050	0	209642
16191	199400	1948	5427	5053	0	211828
16192	11270	188404	4007	4486	0	208167
16193	6745	197254	3076	4374	0	211449
16194	6307	8890	2659	194291	0	212147
16195	4811	4408	193955	9475	0	212649
16196	189328	3288	7878	6224	0	206718
16197	9971	2903	199923	4924	0	217721
16198	6200	1986	8230	197789	0	214205
16199	5067	1829	4286	205047	0	216229
16200	4510	1851	3451	206500	0	216312
16201	4344	1473	2972	210346	0	219135
16202	202274	1418	2699	13608	0	219999
16203	10322	1511	2135	203924	0	217892
16204	4963	1349	192275	10986	0	209573
16205	179960	1154	6659	7572	0	195345
16206	8814	1297	189123	5148	0	204382
16207	5116	1490	184312	4293	0	195211
16208	4145	184804	8692	4032	0	201673
16209	5221	5032	4152	170446	0	184851
16210	168453	2210	2883	6396	0	179942
16211	5996	1583	1941	169863	0	179383
16212	3358	1463	169618	6296	0	180735
16213	2917	912	4835	172165	0	180829
16214	169419	794	2740	7200	0	180153
16215	5228	170404	1761	4693	0	182086
16216	167398	3891	1596	4116	0	177001
16217	5768	166353	1391	2956	0	176468
16218	166545	4201	1422	3468	0	175636
16219	5205	163227	1460	2096	0	171988
16220	3214	164438	1171	1925	0	170748
16221	2621	4649	157620	1279	0	166169
16222	2277	156687	3486	1435	0	163885
16223	138287	2566	1576	1049	0	143478
16224	2403	1134	465	136029	0	140031
16225	136383	585	387	2500	0	139855
16226	2105	140043	367	1151	0	143666
16227	138540	1992	326	1216	0	142074
16228	2497	1075	140035	517	0	144124
16229	1624	638	2017	138050	0	142329
16230	909	144742	954	2111	0	148716
16231	1107	2227	579	149564	0	153477
16232	910	1083	442	151443	0	153878
16233	169027	744	338	3952	0	174061
16234	3630	172568	508	1690	0	178396
16235	176015	3702	454	1603	0	181774
16236	4725	1894	177252	720	0	184591
16237	2386	1201	169593	706	0	173886
16238	1405	175595	5215	863	0	183078
16239	1560	4014	2462	176385	0	184421
16240	1048	1941	179382	3929	0	186300
16241	1987	1249	4561	163686	0	171483
16242	1319	951	2239	182911	0	187420
16243	785	934	172751	6074	0	180544
16244	906	825	171015	3071	0	175817
16245	742	782	179237	2003	0	182764
16246	958	716	182206	1419	0	185299
16247	811	188570	6704	1380	0	197465
16248	1454	4345	3544	185923	0	195266
16249	1235	2177	2304	195791	0	201507
16250	662	1411	191784	6320	0	200177
16251	1215	1039	5245	189655	0	197154
16252	693	1029	200411	5892	0	208025
16253	1157	710	5752	197153	0	204772
16254	1130	627	3290	197543	0	202590
16255	571	198041	2212	6825	0	207649
16256	1161	4481	1663	201585	0	208890
16257	1241	2136	1614	199168	0	204159
16258	1176	1513	1462	204031	0	208182
16259	702	1270	197240	7755	0	206967
16260	698	196168	4843	4528	0	206237
16261	195384	4819	2573	3638	0	206414
16262	197870	2340	1698	3271	0	205179
16263	6330	1577	1430	196004	0	205341
16264	3681	1334	1293	194149	0	200457
16265	1956	198766	1342	6760	0	208824
16266	197570	4788	1125	4712	0	208195
16267	4928	202367	1131	2947	0	211373
16268	197099	5280	1096	2737	0	206212
16269	5408	3004	193890	1826	0	204128
16270	182716	1770	4563	2666	0	191715
16271	5290	195259	2429	1917	0	204895
16272	3286	4609	1747	196829	0	206471
16273	2470	2568	1334	196602	0	202974
16274	1706	194916	1191	6067	0	203880
16275	198971	4799	1009	4076	0	208855
16276	5446	2765	1036	203023	0	212270
16277	3164	1844	1086	209316	0	215410
16278	207654	1664	1094	7778	0	218190
16279	211143	1534	926	4855	0	218458
16280	6985	1592	208246	2750	0	219573
16281	210957	1278	4867	3018	0	220120
16282	6898	1205	2675	214786	0	225564
16283	3751	1195	214733	5955	0	225634
16284	3240	1150	5454	211703	0	221547
16285	1967	1333	208783	6944	0	219027
16286	1868	1078	211635	4042	0	218623
16287	2101	1195	7078	213533	0	223907
16288	1494	1275	217961	6557	0	227287
16289	1382	217393	6584	4288	0	229647
16290	1993	4814	3537	216287	0	226631
16291	1680	2456	2694	228458	0	235288
16292	1550	1806	224994	8002	0	236352
16293	1364	221711	6218	4841	0	234134
16294	223174	5241	3783	3990	0	236188
16295	5994	2790	2450	229678	0	240912
16296	227823	1925	2182	7924	0	239854
16297	6266	225969	2205	4334	0	238774
16298	3372	6215	228455	3520	0	241562
16299	2949	3062	6605	226550	0	239166
16300	225496	2184	3933	8073	0	239686
16301	6185	1870	226187	4506	0	238748
16302	211793	1584	6718	4500	0	224595
16303	6954	218252	3883	3196	0	232285
16304	3304	221095	2498	2802	0	229699
16305	218376	6374	2238	3032	0	230020
16306	6269	3268	2319	215427	0	227283
16307	3837	2316	1918	214624	0	222695
16308	2507	215625	1616	7482	0	227230
16309	2396	5397	1676	221909	0	231378
16310	2219	2978	1548	224558	0	231303
16311	218227	2240	1191	9173	0	230831
16312	5801	1617	1494	219156	0	228068
16313	3314	1467	215898	7550	0	228229
16314	2907	1135	5441	216271	0	225754
16315	2137	1288	3034	223877	0	230336
16316	1806	1553	219060	8606	0	231025
16317	1855	1583	5339	220456	0	229233
16318	211468	1143	2832	9261	0	224704
16319	205920	1053	2026	6138	0	215137
16320	210172	990	1709	5054	0	217925
16321	7825	1010	1565	210997	0	221397
16322	4139	1363	208470	7229	0	221201
16323	3032	208660	4902	5051	0	221645
16324	3151	4807	2621	213003	0	223582
16325	2657	2569	211939	6737	0	223902
16326	3051	1606	4960	206907	0	216524
16327	2457	1305	2852	212156	0	218770
16328	204387	1086	1960	8785	0	216218
16329	5175	207801	1873	4947	0	219796
16330	3363	4764	200356	3432	0	211915
16331	183855	2343	4842	3844	0	194884
16332	5706	195864	2754	2991	0	207315
16333	2020	180815	1320	1812	0	185967
16334	183110	3518	2174	2396	0	191198
16335	4203	1640	983	184639	0	191465
16336	2037	1408	199374	3680	0	206499
16337	1964	994	3547	195551	0	202056
16338	1118	199735	1768	4265	0	206886
16339	203325	3629	1049	2927	0	210930
16340	4342	1758	747	206081	0	212928
16341	209786	1142	738	5360	0	217026
16342	4881	898	746	206818	0	213343
16343	2016	213139	913	4510	0	220578
16344	217641	3823	776	3334	0	225574
16345	216797	1668	728	2682	0	221875
16346	5581	216541	736	1679	0	224537
16347	213106	4223	505	2233	0	220067
16348	5650	1722	587	207844	0	215803
16349	2370	208500	676	4600	0	216146
16350	210218	4251	643	2933	0	218045
16351	4976	212509	662	1627	0	219774
16352	211843	4636	428	2195	0	219102
16353	5703	2029	540	211722	0	219994
16354	214702	1383	476	5431	0	221992
16355	215680	1243	459	3308	0	220690
16356	217445	1268	498	2534	0	221745
16357	6725	1314	341	215613	0	223993
16358	3893	1178	333	219762	0	225166
16359	216841	1088	425	6444	0	224798
16360	5794	1139	218348	2839	0	228120
16361	3597	935	3688	217908	0	226128
16362	2557	221861	1415	5106	0	230939
16363	2791	4596	780	228070	0	236237
16364	2853	1862	557	231075	0	236347
16365	1980	1479	223796	6604	0	233859
16366	2591	1281	4188	233913	0	241973
16367	1899	247507	1810	6573	0	257789
16368	2572	6223	1133	258869	0	268797
16369	1914	3366	277805	7813	0	290898
16370	3272	2118	7036	277105	0	289531
16371	2728	1442	3262	292583	0	300015
16372	282917	1056	1868	13570	0	299411
16373	284335	1149	1541	7696	0	294721
16374	12495	1129	1089	281489	0	296202
16375	6285	269419	1209	10120	0	287033
16376	3814	279324	913	6315	0	290366
16377	3155	10010	273832	4477	0	291474
16378	3809	6015	7506	272562	0	289892
16379	272718	2868	3787	10681	0	290054
16380	9503	2232	2103	275930	0	289768
16381	5003	2042	273432	10424	0	290901
16382	4063	1827	7872	273044	0	286806
16383	3486	1508	4439	277297	0	286730
16384	3081	1572	2362	285022	0	292037
16385	2579	1420	273297	13748	0	291044
16386	2426	270578	7761	8305	0	289070
16387	268596	7515	4076	6570	0	286757
16388	270796	4057	2317	5447	0	282617
16389	12068	2857	1878	264085	0	280888
16390	6188	2389	263569	9799	0	281945
16391	3977	264547	8027	6349	0	282900
16392	4256	8493	4010	253011	0	269770
16393	2950	262513	2610	8587	0	276660
16394	2397	274464	1988	5277	0	284126
16395	263181	10653	1708	4851	0	280393
16396	8774	5593	266341	3325	0	284033
16397	4957	3448	263185	2980	0	274570
16398	4372	2591	9873	261389	0	278225
16399	3502	2225	5237	273108	0	284072
16400	2584	2368	273459	10741	0	289152
16401	3894	1822	7694	266198	0	279608
16402	2509	1750	271673	10485	0	286417
16403	251404	1449	8776	7362	0	268991
16404	8597	1429	5103	270677	0	285806
16405	4800	1750	278439	9587	0	294576
16406	4159	1754	8219	264126	0	278258
16407	2688	284567	4593	9598	0	301446
16408	283247	7393	3079	7415	0	301134
16409	8072	286341	2680	4512	0	301605
16410	287008	8137	2451	5142	0	302738
16411	9109	4992	281769	3401	0	299271
16412	280966	2981	7375	4654	0	295976
16413	9762	2600	4398	288494	0	305254
16414	5844	2159	288852	9093	0	305948
16415	4454	1952	8243	286873	0	301522
16416	3626	1874	283324	10375	0	299199
16417	260151	1587	8837	7996	0	278571
16418	8675	281954	5279	5288	0	301196
16419	6084	6990	3723	271880	0	288677
16420	3604	289401	3304	8332	0	304641
16421	285809	8761	2339	7044	0	303953
16422	287008	5063	2606	5603	0	300280
16423	11142	288229	2319	4342	0	306032
16424	7162	8482	2114	288484	0	306242
16425	5311	4806	2075	293186	0	305378
16426	4462	3518	1828	295372	0	305180
16427	285808	2745	2126	14660	0	305339
16428	8004	284687	2406	8959	0	304056
16429	5589	8153	2235	285318	0	301295
16430	4068	4697	2555	290268	0	301588
16431	279433	3177	2339	14190	0	299139
16432	8676	2873	272337	8804	0	292690
16433	5630	2098	265344	7362	0	280434
16434	254543	1745	9750	6497	0	272535
16435	8903	1595	263715	4669	0	278882
16436	5168	2055	241604	3506	0	252333
16437	4236	2098	9813	237624	0	253771
16438	243925	1294	6258	8795	0	260272
16439	7515	1437	4057	245222	0	258231
16440	5263	1439	241179	8675	0	256556
16441	225128	1481	7487	6510	0	240606
16442	8009	1588	236697	4007	0	250301
16443	4774	236849	7784	3567	0	252974
16444	4134	6090	5284	243691	0	259199
16445	244877	3378	3521	7914	0	259690
16446	6503	2150	2922	245695	0	257270
16447	4607	1799	2570	249094	0	258070
16448	251549	1055	2252	10474	0	265330
16449	6941	1102	2119	255304	0	265466
16450	4762	905	2125	259725	0	267517
16451	3086	1105	253056	10064	0	267311
16452	2835	1023	5468	252330	0	261656
16453	252620	849	3945	10015	0	267429
16454	251948	908	2539	7294	0	262689
16455	254473	1042	2306	4915	0	262736
16456	9879	1321	1700	248376	0	261276
16457	5956	245709	1665	6819	0	260149
16458	249715	5089	1409	5666	0	261879
16459	6944	252458	1511	3558	0	264471
16460	250101	5902	1332	3584	0	260919
16461	7685	3685	1332	249784	0	262486
16462	248021	2150	1170	6966	0	258307
16463	243663	1655	1163	5650	0	252131
16464	245170	1046	1555	4377	0	252148
16465	8843	238972	1574	2760	0	252149
16466	4846	231319	1240	2204	0	239609
16467	215381	3470	749	2383	0	221983
16468	4056	216552	709	1317	0	222634
16469	1398	193293	367	750	0	195808
16470	879	190806	516	486	0	192687
16471	188859	1219	1298	1217	0	192593
16472	1293	521	125	187512	0	189451
16473	809	276	58	187921	0	189064
16474	188736	127	43	2578	0	191484
16475	1181	280	194287	698	0	196446
16476	1200	103	959	211713	0	213975
16477	1018	134	464	211492	0	213108
16478	826	116	239	235466	0	236647
16479	942	152	143	243600	0	244837
16480	237	235601	298	6252	0	242388
16481	196	295607	230	2951	0	298984
16482	300131	7780	109	3048	0	311068
16483	8645	3261	99	300985	0	312990
16484	4294	1855	90	309310	0	315549
16485	2171	1377	302094	10763	0	316405
16486	2819	772	7506	303993	0	315090
16487	984	1025	308147	11310	0	321466
16488	2262	798	9516	309028	0	321604
16489	1036	638	323366	11753	0	336793
16490	507	318161	11163	6346	0	336177
16491	1772	8823	4818	324479	0	339892
16492	321893	3289	3180	13247	0	341609
16493	324966	2151	2407	6565	0	336089
16494	14116	1748	1550	321572	0	338986
16495	5713	1483	319550	12430	0	339176
16496	4281	1373	314312	5513	0	325479
16497	299114	1079	12743	5873	0	318809
16498	10815	311740	5845	4183	0	332583
16499	318224	9808	4227	4018	0	336277
16500	318876	3828	2835	4357	0	329896
16501	14903	2801	311702	2916	0	332322
16502	8415	2108	11554	304687	0	326764
16503	7063	1511	5395	307317	0	321286
16504	5546	1880	3624	326433	0	337483
16505	4663	1486	2738	313099	0	321986
16506	5175	944	2401	304325	0	312845
16507	2939	1128	291136	19729	0	314932
16508	2220	1077	294079	11058	0	308434
16509	3866	879	14385	294712	0	313842
16510	3900	966	7180	304388	0	316434
16511	3986	1039	4945	311224	0	321194
16512	296028	1379	3834	20297	0	321538
16513	13983	1419	3129	301411	0	319942
16514	301322	1099	2891	18546	0	323858
16515	16300	1115	2829	311973	0	332217
16516	313179	893	2186	19997	0	336255
16517	321745	859	2230	12413	0	337247
16518	316135	765	2576	9960	0	329436
16519	319223	803	2478	8829	0	331333
16520	320932	785	2387	7537	0	331641
16521	21960	1027	2425	308449	0	333861
16522	309760	953	2556	17138	0	330407
16523	18274	301022	2391	9331	0	331018
16524	311166	10842	2380	8327	0	332715
16525	18958	4252	2130	312759	0	338099
16526	10323	3033	306882	17192	0	337430
16527	8656	2168	12496	314238	0	337558
16528	7127	2040	312014	19244	0	340425
16529	7572	1596	14509	313978	0	337655
16530	7148	1611	6867	327596	0	343222
16531	6250	1322	314093	21575	0	343240
16532	5792	1158	316150	12565	0	335665
16533	6439	1096	17367	320413	0	345315
16534	316094	1033	8670	20506	0	346303
16535	16358	1130	316464	11534	0	345486
16536	8700	314590	15158	10079	0	348527
16537	7255	11685	328633	8449	0	356022
16538	325606	4412	16677	8218	0	354913
16539	17760	3007	8471	331182	0	360420
16540	334036	2438	6410	18590	0	361474
16541	341441	1561	5201	11445	0	359648
16542	21817	1593	5173	334179	0	362762
16543	11520	1886	323763	19268	0	356437
16544	10422	1246	14961	323442	0	350071
16545	8568	1374	7659	332193	0	349794
16546	312533	1232	5935	24635	0	344335
16547	17441	315863	5293	13786	0	352383
16548	10641	11881	4654	324245	0	351421
16549	7852	4764	314472	20511	0	347599
16550	301159	3604	15186	12843	0	332792
16551	17543	311039	7999	10283	0	346864
16552	11328	12659	5865	318200	0	348052
16553	9263	5746	4840	325356	0	345205
16554	8355	3987	4671	332336	0	349349
16555	314758	2910	4484	25332	0	347484
16556	325403	1977	4221	16104	0	347705
16557	22575	2071	3820	323707	0	352173
16558	12045	2238	313669	22179	0	350131
16559	9398	311654	14454	13800	0	349306
16560	316647	12637	7226	12124	0	348634
16561	330385	5465	5461	10582	0	351893
16562	23091	3613	4668	319658	0	351030
16563	13966	3016	4368	332024	0	353374
16564	10390	2533	320357	23243	0	356523
16565	8310	320674	15129	13833	0	357946
16566	331010	13824	7473	11885	0	364192
16567	332142	5687	5276	10514	0	353619
16568	21158	324731	4754	9384	0	360027
16569	330055	14519	3470	8775	0	356819
16570	22620	6147	3461	324500	0	356728
16571	12007	4656	319052	19390	0	355105
16572	11074	3730	14794	325976	0	355574
16573	9043	3048	319761	20883	0	352735
16574	311452	2718	16204	13373	0	343747
16575	18338	312923	8513	10089	0	349863
16576	10270	12912	4613	297138	0	324933
16577	7387	4777	293050	17547	0	322761
16578	6563	3335	279006	8949	0	297853
16579	261218	3384	13577	8326	0	286505
16580	12938	266904	7206	6860	0	293908
16581	219788	6642	5183	3948	0	235561
16582	216194	2714	2634	3780	0	225322
16583	217524	1828	2026	3434	0	224812
16584	10301	1940	2066	211553	0	225860
16585	5162	1406	209599	7853	0	224020
16586	4082	208125	6270	4001	0	222478
16587	4580	6403	3389	208654	0	223026
16588	3413	2602	208772	7421	0	222208
16589	2476	1742	189659	3201	0	197078
16590	2783	1384	5522	190368	0	200057
16591	2083	1045	188564	5693	0	197385
16592	175644	889	5204	3540	0	185277
16593	5653	939	2574	187714	0	196880
16594	3115	1135	1886	195558	0	201694
16595	193100	972	1796	6629	0	202497
16596	5208	189755	1883	3197	0	200043
16597	199795	4126	1744	3290	0	208955
16598	6066	1712	1692	198499	0	207969
16599	3639	1437	1528	201967	0	208571
16600	3136	1187	1415	203551	0	209289
16601	2844	1027	1391	200242	0	205504
16602	194735	913	1518	7426	0	204592
16603	5652	1129	192288	3768	0	202837
16604	3068	190628	4422	2835	0	200953
16605	2809	3885	2146	193790	0	202630
16606	182755	1902	1719	5992	0	192368
16607	192643	1266	1470	4011	0	199390
16608	5500	192445	1534	3061	0	202540
16609	190036	3737	1347	3228	0	198348
16610	5002	188915	1510	2506	0	197933
16611	2806	199202	1457	2251	0	205716
16612	2761	4771	1303	200172	0	209007
16613	2250	2172	200196	5277	0	209895
16614	2602	1929	3749	194835	0	203115
16615	191372	1240	1696	5717	0	200025
16616	4653	188285	1383	2797	0	197118
16617	2824	3841	1216	190203	0	198084
16618	2156	2034	200524	4895	0	209609
16619	197048	1401	3687	3754	0	205890
16620	209128	1220	1640	3320	0	215308
16621	210383	1024	1361	2905	0	215673
16622	5807	1125	201941	1904	0	210777
16623	193878	1087	3516	2284	0	200765
16624	4723	201737	1752	1587	0	209799
16625	2705	3683	1318	194630	0	202336
16626	2015	200568	1276	3533	0	207392
16627	201388	3560	1083	2622	0	208653
16628	191201	1703	1026	2643	0	196573
16629	4759	1387	199633	1439	0	207218
16630	2377	200305	3090	1423	0	207195
16631	2102	3252	1659	201701	0	208714
16632	1932	1535	1285	202914	0	207666
16633	2027	1226	1065	199496	0	203814
16634	2345	1004	917	196795	0	201061
16635	2217	940	988	203495	0	207640
16636	1759	1073	193205	5230	0	201267
16637	1638	189581	3631	2734	0	197584
16638	186820	3693	1563	2764	0	194840
16639	4543	1595	193299	1869	0	201306
16640	2400	196586	3826	1712	0	204524
16641	198036	3861	1616	2159	0	205672
16642	5013	1779	205184	1533	0	213509
16643	196443	1347	4346	2032	0	204168
16644	196325	1305	1648	2272	0	201550
16645	202860	1068	1146	2116	0	207190
16646	5785	203798	1048	1569	0	212200
16647	2811	4557	200064	1453	0	208885
16648	1848	206356	4296	1336	0	213836
16649	3624	5170	1921	163497	0	174212
16650	1591	207897	1343	3775	0	214606
16651	208014	4653	1013	2331	0	216011
16652	215937	1715	851	2245	0	220748
16653	208965	1268	929	2451	0	213613
16654	6768	1291	213435	1365	0	222859
16655	3315	222926	4890	1453	0	232584
16656	2928	5541	2064	244845	0	255378
16657	270276	2389	1384	7047	0	281096
16658	9018	268314	1107	2610	0	281049
16659	5121	8275	1015	268209	0	282620
16660	3386	3476	274482	8092	0	289436
16661	270291	2656	8510	4170	0	285627
16662	10463	1943	291181	2599	0	306186
16663	4982	1419	303118	1849	0	311368
16664	282054	1247	12987	2164	0	298452
16665	11668	1410	294317	1119	0	308514
16666	278259	1010	11788	1826	0	292883
16667	11988	281027	5791	1031	0	299837
16668	294290	9012	4117	2054	0	309473
16669	13540	4058	3142	289939	0	310679
16670	8192	2767	2658	288076	0	301693
16671	5977	1615	2613	301869	0	312074
16672	293722	1405	2581	15457	0	313165
16673	294225	1175	2135	8309	0	305844
16674	297076	1310	2029	5457	0	305872
16675	16992	283266	1912	2866	0	305036
16676	10243	9358	1851	288520	0	309972
16677	6528	4481	284605	10963	0	306577
16678	5756	2808	9847	274829	0	293240
16679	4261	272609	5095	12950	0	294915
16680	5288	9720	3305	277185	0	295498
16681	5436	5097	1932	286292	0	298757
16682	280254	3815	1753	15538	0	301360
16683	13033	2486	1485	284058	0	301062
16684	6449	2374	276117	15206	0	300146
16685	5150	2015	273077	9008	0	289250
16686	5335	1735	13480	280105	0	300655
16687	278461	1805	7251	14054	0	301571
16688	13373	2257	4382	277662	0	297674
16689	8028	2114	3070	288835	0	302047
16690	5562	1708	279191	17328	0	303789
16691	4238	274302	11534	10294	0	300368
16692	4368	9327	6707	285066	0	305468
16693	276002	4790	5297	14643	0	300732
16694	11950	276026	3966	8548	0	300490
16695	8233	10323	2721	281756	0	303033
16696	6344	5322	276852	14400	0	302918
16697	5239	3823	11204	275503	0	295769
16698	267273	2680	6658	16774	0	293385
16699	11405	263929	5691	9229	0	290254
16700	7287	10722	268819	7439	0	294267
16701	6937	5858	10423	268610	0	291828
16702	5149	4261	273745	14643	0	297798
16703	264476	3243	12910	10083	0	290712
16704	275376	2925	7325	8608	0	294234
16705	15984	3007	273450	6186	0	298627
16706	10573	2916	12204	271640	0	297333
16707	7941	2954	277495	13403	0	301793
16708	5611	272643	13952	8606	0	300812
16709	5504	10723	8835	279575	0	304637
16710	4771	5447	280078	14720	0	305016
16711	5995	4232	13993	259103	0	283323
16712	5453	268768	8676	13589	0	296486
16713	6081	10988	6432	274284	0	297785
16714	4364	5942	270704	15452	0	296462
16715	254881	4462	13467	10913	0	283723
16716	12432	268794	8440	8344	0	298010
16717	277075	11433	6521	7559	0	302588
16718	15545	6204	263905	6759	0	292413
16719	259923	4748	12913	7056	0	284640
16720	15655	3717	263223	6552	0	289147
16721	260414	3826	14498	6707	0	285445
16722	277295	3392	8306	6715	0	295708
16723	18240	3195	6903	267636	0	295974
16724	12364	3296	5367	277858	0	298885
16725	273848	3631	4646	17973	0	300098
16726	15553	271024	4714	11543	0	302834
16727	281242	11370	5317	9140	0	307069
16728	17481	5995	4974	273101	0	301551
16729	10783	271519	5511	14589	0	302402
16730	9906	11664	4452	284421	0	310443
16731	8550	6068	4335	292297	0	311250
16732	7494	4431	4592	288683	0	305200
16733	6324	277393	4459	21063	0	309239
16734	282577	11136	4134	12621	0	310468
16735	15120	6340	3680	286215	0	311355
16736	9452	5059	274519	16705	0	305735
16737	7341	3936	266707	12297	0	290281
16738	5398	3627	273569	10932	0	293526
16739	269170	3174	16027	9610	0	297981
16740	276612	3262	9065	8651	0	297590
16741	16735	3509	267956	6983	0	295183
16742	10853	3478	11835	251541	0	277707
16743	8102	3256	7477	262599	0	281434
16744	5198	2767	267408	17574	0	292947
16745	4321	2716	263459	11704	0	282200
16746	5207	2536	15088	268539	0	291370
16747	267371	2551	9580	14491	0	293993
16748	263622	2324	6855	9639	0	282440
16749	263880	1996	5558	8830	0	280264
16750	16353	249594	5800	7353	0	279100
16751	9713	259894	5641	6448	0	281696
16752	7811	10169	5180	257971	0	281131
16753	256723	5505	4848	12234	0	279310
16754	12246	4091	246576	7435	0	270348
16755	226697	2725	8908	7853	0	246183
16756	11262	213104	4735	4947	0	234048
16757	4371	192658	2428	2821	0	202278
16758	190397	5942	2475	2952	0	201766
16759	5742	187098	2368	2245	0	197453
16760	3329	182298	1662	1868	0	189157
16761	174687	6889	3823	4033	0	189432
16762	3481	175375	1121	1153	0	181130
16763	1427	2318	462	168354	0	172561
16764	1132	976	403	169771	0	172282
16765	168433	668	388	3008	0	172497
16766	166362	623	384	1802	0	169171
16767	2580	166825	477	1047	0	170929
16768	1268	167310	468	741	0	169787
16769	1064	2186	164830	546	0	168626
16770	165116	994	1955	1069	0	169134
16771	174241	622	706	1110	0	176679
16772	179060	439	533	912	0	180944
16773	3270	461	413	179857	0	184001
16774	1696	444	355	186734	0	189229
16775	190448	401	324	3427	0	194600
16776	3426	362	328	191111	0	195227
16777	1327	433	193303	3264	0	198327
16778	1435	355	2529	191297	0	195616
16779	844	198369	905	3165	0	203283
16780	1097	2775	610	203307	0	207789
16781	1192	943	490	208069	0	210694
16782	1169	677	323	209057	0	211226
16783	205485	579	326	5102	0	211492
16784	3208	203948	472	2048	0	209676
16785	1674	2953	381	208851	0	213859
16786	1001	1203	208351	3770	0	214325
16787	1090	1024	194563	1709	0	198386
16788	1318	671	3665	202609	0	208263
16789	1188	497	1420	206208	0	209313
16790	202027	457	931	4961	0	208376
16791	3834	541	577	197947	0	202899
16792	1372	197396	561	4231	0	203560
16793	1120	3134	202513	2054	0	208821
16794	1467	1253	3135	205538	0	211393
16795	891	883	208655	4200	0	214629
16796	1249	667	3540	208709	0	214165
16797	208659	499	1441	4790	0	215389
16798	209785	574	929	2658	0	213946
16799	4378	207944	937	1585	0	214844
16800	2352	3202	696	209492	0	215742
16801	214570	1169	706	4531	0	220976
16802	215342	801	755	2672	0	219570
16803	217309	666	685	2355	0	221015
16804	216445	484	705	2119	0	219753
16805	214520	533	774	1985	0	217812
16806	5144	209097	886	1205	0	216332
16807	210731	2962	635	1704	0	216032
16808	4532	1286	206936	1102	0	213856
16809	2707	770	3002	208231	0	214710
16810	212415	688	1142	4394	0	218639
16811	211563	644	819	2476	0	215502
16812	210432	614	594	2272	0	213912
16813	5028	719	208277	1538	0	215562
16814	3099	554	2967	211325	0	217945
16815	218194	590	1192	4346	0	224322
16816	4025	216621	884	1989	0	223519
16817	224554	3090	700	2458	0	230802
16818	220341	1233	572	2067	0	224213
16819	222229	950	557	1773	0	225509
16820	5270	980	511	222730	0	229491
16821	225285	697	542	4727	0	231251
16822	4750	838	217734	2242	0	225564
16823	2470	872	213256	1898	0	218496
16824	216338	637	3692	2433	0	223100
16825	4355	692	222503	1397	0	228947
16826	206657	403	3092	2027	0	212179
16827	4012	529	217495	1146	0	223182
16828	2511	692	2903	213046	0	219152
16829	210700	438	1346	3976	0	216460
16830	3579	199720	1126	1879	0	206304
16831	209499	2444	792	2109	0	214844
16832	3833	200933	674	1409	0	206849
16833	2289	212442	687	1149	0	216567
16834	2284	2911	594	216552	0	222341
16835	1947	1253	779	217011	0	220990
16836	1795	826	730	216810	0	220161
16837	1569	756	211527	3996	0	217848
16838	202948	563	2957	2936	0	209404
16839	222281	453	1381	2199	0	226314
16840	224077	509	890	1957	0	227433
16841	224677	547	671	1881	0	227776
16842	223544	527	679	1931	0	226681
16843	5654	666	202784	1340	0	210444
16844	3234	689	208220	1134	0	213277
16845	2874	576	3825	216268	0	223543
16846	2292	693	214987	3735	0	221707
16847	214110	559	3568	2600	0	220837
16848	5532	231183	1514	1519	0	239748
16849	3550	4032	997	251438	0	260017
16850	256944	1451	814	5996	0	265205
16851	7358	916	937	262268	0	271479
16852	3794	804	264413	6196	0	275207
16853	3095	647	263481	3010	0	270233
16854	3190	497	7295	273307	0	284289
16855	2499	593	275896	6389	0	285377
16856	265456	488	6902	3596	0	276442
16857	7472	512	3296	275090	0	286370
16858	3927	705	275425	6633	0	286690
16859	2910	272906	6401	3458	0	285675
16860	3288	5274	3049	279816	0	291427
16861	2426	2559	282590	6715	0	294290
16862	3003	1581	6693	271043	0	282320
16863	2908	892	3284	277643	0	284727
16864	2244	841	278985	9356	0	291426
16865	2803	681	7224	277169	0	287877
16866	2961	698	3801	266289	0	273749
16867	2662	669	2594	282650	0	288575
16868	271553	666	1996	10937	0	285152
16869	7380	263996	2024	5391	0	278791
16870	4010	274985	1673	3581	0	284249
16871	2977	7674	267090	2871	0	280612
16872	253649	3131	6345	3205	0	266330
16873	6896	1890	263887	2171	0	274844
16874	3408	1326	259442	2175	0	266351
16875	2708	1128	7638	253403	0	264877
16876	256021	621	3733	7088	0	267463
16877	5796	257112	2401	3861	0	269170
16878	254659	5149	1844	3611	0	265263
16879	254278	2282	1544	3221	0	261325
16880	7521	257828	1355	2028	0	268732
16881	257861	5103	1418	2556	0	266938
16882	255634	2402	1201	2455	0	261692
16883	7343	260428	1198	1505	0	270474
16884	4609	5513	1122	262784	0	274028
16885	3499	2625	1236	270715	0	278075
16886	272290	1497	1147	7749	0	282683
16887	6168	276086	1454	3530	0	287238
16888	283179	5800	1276	3221	0	293476
16889	285993	2726	1086	2931	0	292736
16890	300459	1614	1071	2736	0	305880
16891	10384	1382	952	293741	0	306459
16892	5692	1173	824	302902	0	310591
16893	297685	1028	777	9566	0	309056
16894	300599	1096	829	5207	0	307731
16895	305463	1096	668	3653	0	310880
16896	11240	1026	722	308598	0	321586
16897	5407	1237	309029	8391	0	324064
16898	4481	915	6870	314225	0	326491
16899	3931	845	3006	342147	0	349929
16900	2897	1058	331888	11826	0	347669
16901	2867	1069	358493	5920	0	368349
16902	3903	835	12415	366127	0	383280
16903	2814	1000	372742	12146	0	388702
16904	374268	717	12272	7940	0	395197
16905	12652	715	6182	381489	0	401038
16906	7187	820	3973	393977	0	405957
16907	395674	737	2755	17417	0	416583
16908	13700	735	3157	396093	0	413685
16909	8535	687	2596	401005	0	412823
16910	5745	690	2618	407218	0	416271
16911	5098	612	2084	410321	0	418115
16912	3654	956	391331	20433	0	416374
16913	3996	745	10751	397695	0	413187
16914	3424	915	385281	17251	0	406871
16915	2824	385337	12537	11286	0	411984
16916	3775	10280	6105	391207	0	411367
16917	2866	4894	380838	15957	0	404555
16918	351890	2471	12582	11783	0	378726
16919	12241	374975	7433	7538	0	402187
16920	383639	10917	4421	7318	0	406295
16921	15415	5289	3670	372154	0	396528
16922	7345	375472	3297	14297	0	400411
16923	379229	11345	2654	10496	0	403724
16924	13258	383256	3124	7058	0	406696
16925	390313	12732	2519	6612	0	412176
16926	15929	7014	2444	385707	0	411094
16927	391172	4265	2209	15340	0	412986
16928	15004	393718	2630	8989	0	420341
16929	396188	13371	2172	7363	0	419094
16930	16640	6781	390767	5221	0	419409
16931	10513	4559	12025	395622	0	422719
16932	394803	3011	5894	15805	0	419513
16933	404661	2880	3734	10255	0	421530
16934	20621	2487	2805	396306	0	422219
16935	10793	3213	394401	15422	0	423829
16936	7733	367318	12045	9457	0	396553
16937	6477	399419	6742	6910	0	419548
16938	403834	14795	4727	7236	0	430592
16939	16815	6821	2812	398257	0	424705
16940	10793	3804	2871	408350	0	425818
16941	400450	2870	2927	20244	0	426491
16942	395890	3062	3540	11944	0	414436
16943	18865	3446	394110	7934	0	424355
16944	12011	3173	12021	396026	0	423231
16945	7946	2540	390788	16309	0	417583
16946	7172	385785	12563	11283	0	416803
16947	373441	10076	6763	10344	0	400624
16948	13578	371439	4524	7511	0	397052
16949	8200	371413	3685	6060	0	389358
16950	7608	12901	4039	364562	0	389110
16951	353794	6351	3377	14444	0	377966
16952	11023	353665	3575	8885	0	377148
16953	350284	10973	2738	8030	0	372025
16954	12573	347844	3187	5678	0	369282
16955	8285	11832	2420	350721	0	373258
16956	347710	6484	3106	13483	0	370783
16957	12211	4987	348210	8825	0	374233
16958	9546	3798	9796	348073	0	371213
16959	6660	4313	345557	12741	0	369271
16960	6566	323930	10186	8856	0	349538
16961	5142	345772	5521	7186	0	363621
16962	335278	12703	3770	7602	0	359353
16963	11373	344856	3294	6469	0	365992
16964	345876	11109	3774	7181	0	367940
16965	345820	6383	8065	7197	0	367465
16966	13866	5902	338051	5393	0	363212
16967	335874	4657	9411	6140	0	356082
16968	13397	5549	347394	4945	0	371285
16969	9861	348585	10280	5269	0	373995
16970	352524	11069	6003	5579	0	375175
16971	14179	347836	4607	4954	0	371576
16972	10207	10910	3779	353776	0	378672
16973	355694	6248	4255	12517	0	378714
16974	14866	4965	3116	353958	0	376905
16975	9384	5009	356184	13051	0	383628
16976	8181	5007	9558	352355	0	375101
16977	6871	4941	5461	363935	0	381208
16978	356545	5075	3576	16157	0	381353
16979	13396	4720	349503	9680	0	377299
16980	349136	3949	10464	7563	0	371112
16981	368593	3598	5933	7319	0	385443
16982	17608	3659	4850	364410	0	390527
16983	12064	3721	3253	367080	0	386118
16984	359626	3545	3339	17107	0	383617
16985	15981	358108	3682	8877	0	386648
16986	11250	10418	3326	357415	0	382409
16987	8331	6080	345702	11977	0	372090
16988	7364	4709	321303	8565	0	341941
16989	6233	345577	11824	6778	0	370412
16990	6604	10858	5677	335683	0	358822
16991	6416	6792	3361	343128	0	359697
16992	333896	5182	2805	15067	0	356950
16993	13021	4081	3028	333899	0	354029
16994	324551	3420	3141	12986	0	344098
16995	12685	313704	3159	8109	0	337657
16996	7267	310689	2361	6218	0	326535
16997	6054	325978	2186	5924	0	340142
16998	317498	10278	2505	6742	0	337023
16999	295762	4754	2466	5231	0	308213
17000	10898	289265	1988	4220	0	306371
17001	256135	3954	1113	1975	0	263177
17002	4724	251341	770	1206	0	258041
17003	2865	4584	540	244774	0	252763
17004	1596	244269	578	3715	0	250158
17005	244525	4483	781	2931	0	252720
17006	245490	2128	451	1992	0	250061
17007	5597	1514	418	236417	0	243946
17008	237630	1346	414	4533	0	243923
17009	4915	1345	468	235519	0	242247
17010	2379	238918	521	4209	0	246027
17011	2409	4411	411	239166	0	246397
17012	1963	239129	549	3972	0	245613
17013	237811	3774	500	2972	0	245057
17014	4475	1975	230208	1644	0	238302
17015	223833	1072	2809	2026	0	229740
17016	4135	1146	1015	232563	0	238859
17017	2200	1112	227339	3540	0	234191
17018	218333	1080	2677	2920	0	225010
17019	3995	1133	234956	1339	0	241423
17020	2662	847	3043	228173	0	234725
17021	2110	833	1368	234463	0	238774
17022	1964	775	773	230616	0	234128
17023	1622	823	820	230800	0	234065
17024	1332	218889	816	5070	0	226107
17025	1606	3670	730	236121	0	242127
17026	233879	1711	711	5850	0	242151
17027	4715	1228	230212	2575	0	238730
17028	2256	239939	3835	2007	0	248037
17029	246924	4841	1487	2714	0	255966
17030	266677	2314	867	2441	0	272299
17031	8739	1533	703	303006	0	313981
17032	3805	1566	302108	9035	0	316514
17033	3407	1270	8119	298342	0	311138
17034	3280	1059	3777	323929	0	332045
17035	2148	1245	317079	13747	0	334219
17036	1989	335787	10149	6381	0	354306
17037	344771	10988	4730	4293	0	364782
17038	348410	6119	2070	4141	0	360740
17039	361284	3381	1866	4210	0	370741
17040	21487	2328	2195	346449	0	372459
17041	13018	1577	1663	367097	0	383355
17042	370171	1412	1500	20646	0	393729
17043	18350	1490	1823	351811	0	373474
17044	10378	357561	1596	16964	0	386499
17045	376349	12514	1366	11457	0	401686
17046	378556	6900	1867	9290	0	396613
17047	410848	3982	1856	7609	0	424295
17048	421350	2967	1644	7377	0	433338
17049	29121	2527	383381	5441	0	420470
17050	17921	2566	389144	4150	0	413781
17051	14235	2700	20428	380225	0	417588
17052	12273	2376	10302	398988	0	423939
17053	9662	1896	388417	23277	0	423252
17054	8831	1908	394120	13590	0	418449
17055	9358	1485	22165	392647	0	425655
17056	393893	1651	12333	21395	0	429272
17057	21898	1642	8568	389410	0	421518
17058	13567	1945	389067	21818	0	426397
17059	10362	389319	17890	14043	0	431614
17060	398884	14534	10590	10949	0	434957
17061	410630	7441	8405	9014	0	435490
17062	414121	4391	7969	7706	0	434187
17063	417122	2920	7589	8015	0	435646
17064	31093	2694	381549	7391	0	422727
17065	19685	2105	18858	388238	0	428886
17066	394829	2259	12269	21821	0	431178
17067	25186	2604	9392	392859	0	430041
17068	18772	2067	8094	379140	0	408073
17069	13838	367405	6044	27101	0	414388
17070	14242	14651	4872	389445	0	423210
17071	380015	8329	5164	26112	0	419620
17072	22342	377420	6396	16098	0	422256
17073	381242	18165	5160	12334	0	416901
17074	27460	377427	4294	9259	0	418440
17075	21347	19091	3232	350711	0	394381
17076	15994	351620	4229	20384	0	392227
17077	13136	378980	4744	14015	0	410875
17078	369873	23354	5127	12504	0	410858
17079	24271	13679	357939	11496	0	407385
17080	17034	9439	353834	10676	0	390983
17081	13443	7926	353234	11129	0	385732
17082	330460	7477	24400	12869	0	375206
17083	21062	337766	15041	11203	0	385072
17084	15557	357311	9900	10046	0	392814
17085	340409	24410	7075	10506	0	382400
17086	25663	335188	6708	7849	0	375408
17087	18642	356276	6625	7411	0	388954
17088	15347	27181	6576	346593	0	395697
17089	13584	17765	343729	20961	0	396039
17090	13884	13244	349196	15127	0	391451
17091	13844	11733	23218	350848	0	399643
17092	346556	10099	15385	23280	0	395320
17093	25639	348732	12836	14920	0	402127
17094	19602	20746	11172	353908	0	405428
17095	16577	14692	348093	22490	0	401852
17096	16600	11727	343130	16118	0	387575
17097	16113	10405	25427	342969	0	394914
17098	342317	9976	16282	25098	0	393673
17099	354341	9270	12103	17929	0	393643
17100	32390	9074	337470	13937	0	392871
17101	342179	9228	22402	13892	0	387701
17102	29513	7915	342975	13294	0	393697
17103	22222	5800	27084	321096	0	376202
17104	17522	332732	20515	21879	0	392648
17105	349839	18013	15102	17319	0	400273
17106	29281	12507	11741	347492	0	401021
17107	23174	10106	11298	343900	0	388478
17108	18675	7625	12142	363107	0	401549
17109	16343	5986	13395	365531	0	401255
17110	15083	5733	337405	34520	0	392741
17111	15780	327979	24115	23925	0	391799
17112	17447	17665	16508	344353	0	395973
17113	341604	11537	12568	28223	0	393932
17114	28805	8710	12601	344883	0	394999
17115	20791	6970	12169	354311	0	394241
17116	16681	7787	330467	34794	0	389729
17117	15558	8251	320692	25825	0	370326
17118	14546	311361	26305	21292	0	373504
17119	13815	334226	16964	18887	0	383892
17120	13578	24155	12665	337478	0	387876
17121	331059	15036	10071	31364	0	387530
17122	24312	11970	325357	24480	0	386119
17123	19225	328554	19778	19328	0	386885
17124	16170	21242	14963	317632	0	370007
17125	12418	327358	11256	24698	0	375730
17126	12842	23862	8917	314658	0	360279
17127	11038	320574	7644	27001	0	366257
17128	12678	21569	6667	311851	0	352765
17129	294320	15125	7145	24952	0	341542
17130	17930	277050	8380	17086	0	320446
17131	10079	16794	5242	233380	0	265495
17132	226477	10990	4632	16001	0	258100
17133	13331	223300	3995	12173	0	252799
17134	8155	196396	3393	9163	0	217107
17135	7976	203418	3438	7444	0	222276
17136	6270	10775	3851	178811	0	199707
17137	3458	6615	2188	176482	0	188743
17138	2478	172379	1676	9766	0	186299
17139	2937	8493	1851	173219	0	186500
17140	2973	5555	169570	8462	0	186560
17141	2377	167344	4807	5003	0	179531
17142	2618	13794	2250	149423	0	168085
17143	2746	160090	1742	5445	0	170023
17144	2640	5205	150313	3769	0	161927
17145	1808	150369	3585	3143	0	158905
17146	124209	3706	1930	2422	0	132267
17147	1689	1039	354	122925	0	126007
17148	122352	382	357	1929	0	125020
17149	1365	435	121044	799	0	123643
17150	931	329	1233	123254	0	125747
17151	443	419	125455	1553	0	127870
17152	681	330	1365	124651	0	127027
17153	129344	316	672	2088	0	132420
17154	1535	305	420	129424	0	131684
17155	129472	314	409	2170	0	132365
17156	1386	130901	372	1081	0	133740
17157	129477	1304	331	1213	0	132325
17158	1535	653	131008	695	0	133891
17159	799	131036	1367	635	0	133837
17160	814	1286	654	132512	0	135266
17161	738	664	405	132442	0	134249
17162	458	552	129899	1757	0	132666
17163	387	127603	1192	1006	0	130188
17164	625	1238	543	129897	0	132303
17165	314	130625	426	1375	0	132740
17166	493	1451	261	129359	0	131564
17167	219	129981	289	1432	0	131921
17168	127361	1429	214	1202	0	130206
17169	1406	824	218	130048	0	132496
17170	574	577	129012	1343	0	131506
17171	296	126592	1056	787	0	128731
17172	287	131797	432	603	0	133119
17173	377	1504	129595	493	0	131969
17174	210	131324	1099	423	0	133056
17175	448	1067	350	129042	0	130907
17176	222	567	132672	886	0	134347
17177	545	299	884	129445	0	131173
17178	386	258	392	133689	0	134725
17179	189	430	134202	1234	0	136055
17180	123062	336	953	1111	0	125462
17181	1110	236	408	136956	0	138710
17182	480	292	145932	1026	0	147730
17183	241	145834	949	634	0	147658
17184	147328	845	468	1120	0	149761
17185	904	146727	435	369	0	148435
17186	569	1006	193	149801	0	151569
17187	146182	371	233	1602	0	148388
17188	1213	249	239	145492	0	147193
17189	515	306	149148	1166	0	151135
17190	621	232	1133	146838	0	148824
17191	252	334	148073	1196	0	149855
17192	139060	250	1214	1212	0	141736
17193	1303	306	148166	388	0	150163
17194	146137	214	1202	1077	0	148630
17195	149880	166	569	1083	0	151698
17196	1648	260	152868	351	0	155127
17197	824	288	142600	386	0	144098
17198	435	153271	1669	311	0	155686
17199	160562	1196	766	925	0	163449
17200	1644	560	459	164287	0	166950
17201	1096	326	316	161784	0	163522
17202	173649	211	331	2598	0	176789
17203	174567	186	355	1648	0	176756
17204	175534	249	337	1117	0	177237
17205	175857	216	344	900	0	177317
17206	2078	235	320	174527	0	177160
17207	176465	258	230	1976	0	178929
17208	1914	181	210	177169	0	179474
17209	1118	195	246	175793	0	177352
17210	872	214	266	178614	0	179966
17211	685	331	174024	2003	0	177043
17212	567	167745	1321	1130	0	170763
17213	562	172453	650	647	0	174312
17214	606	1514	379	177437	0	179936
17215	177020	654	256	2166	0	180096
17216	1722	355	217	176784	0	179078
17217	175965	236	276	2567	0	179044
17218	1693	407	183893	964	0	186957
17219	176256	315	1417	1411	0	179399
17220	1846	332	673	190490	0	193341
17221	195455	342	379	2624	0	198800
17222	191747	280	264	1828	0	194119
17223	194273	195	229	1426	0	196123
17224	2495	224	320	195172	0	198211
17225	1194	406	193876	1703	0	197179
17226	1104	275	1653	193200	0	196232
17227	198374	224	778	2661	0	202037
17228	2290	405	219167	939	0	222801
17229	1796	281	1905	231284	0	235266
17230	242578	180	859	3750	0	247367
17231	2995	401	243882	1266	0	248544
17232	251640	239	2879	2018	0	256776
17233	269502	245	1110	1682	0	272539
17234	5019	223	800	272259	0	278301
17235	2646	258	576	277282	0	280762
17236	277545	175	522	5780	0	284022
17237	4928	232	601	287448	0	293209
17238	284337	150	518	6715	0	291720
17239	5394	285099	592	2524	0	293609
17240	2324	292750	461	1688	0	297223
17241	2267	5586	279	293430	0	301562
17242	1291	2228	299636	5387	0	308542
17243	996	298002	4854	2563	0	306415
17244	292917	5216	1556	2719	0	302408
17245	5065	292770	1052	1263	0	300150
17246	2072	5620	292224	718	0	300634
17247	2486	2105	4575	286482	0	295648
17248	1035	1663	298836	5508	0	307042
17249	753	305406	5468	2264	0	313891
17250	1673	4846	1983	302602	0	311104
17251	860	304599	1331	4751	0	311541
17252	1026	5522	303286	1652	0	311486
17253	1553	2274	4936	297414	0	306177
17254	663	1774	307342	5332	0	315111
17255	1442	1050	5676	302647	0	310815
17256	304808	939	2338	7010	0	315095
17257	5177	1202	300852	2466	0	309697
17258	278950	854	5454	3049	0	288307
17259	5751	1016	298731	1507	0	307005
17260	3068	651	6055	297229	0	307003
17261	1798	764	319449	6004	0	328015
17262	2586	689	5956	315448	0	324679
17263	2087	693	2550	325353	0	330683
17264	2297	646	1741	317042	0	321726
17265	1866	628	1652	328269	0	332415
17266	1171	681	342229	8095	0	352176
17267	324394	524	5506	5741	0	336165
17268	5730	539	2449	364611	0	373329
17269	360398	494	1752	8137	0	370781
17270	362049	533	1449	4627	0	368658
17271	370330	544	1266	3946	0	376086
17272	8199	529	1317	376244	0	386289
17273	4296	608	1281	373390	0	379575
17274	2394	375046	1343	7427	0	386210
17275	382796	5091	1150	4979	0	394016
17276	383417	1971	921	4450	0	390759
17277	384264	1298	1091	3910	0	390563
17278	8764	1275	387708	2437	0	400184
17279	4932	780	5806	388001	0	399519
17280	2970	1222	387167	6862	0	398221
17281	373890	811	6364	4652	0	385717
17282	391212	826	2695	3871	0	398604
17283	9210	696	1962	386907	0	398775
17284	5189	716	1644	384921	0	392470
17285	3155	395730	1615	7550	0	408050
17286	397373	5404	1546	5798	0	410121
17287	400833	2023	1465	4602	0	408923
17288	8326	398702	1567	2320	0	410915
17289	408071	5544	1297	3563	0	418475
17290	8386	2069	1110	413950	0	425515
17291	4301	1598	1303	419120	0	426322
17292	418441	1192	1365	9904	0	430902
17293	7509	1246	416511	4148	0	429414
17294	403077	1025	5700	5045	0	414847
17295	422619	830	2214	4380	0	430043
17296	8310	415398	1885	2543	0	428136
17297	420641	5222	1347	4328	0	431538
17298	8185	2409	414108	2369	0	427071
17299	4691	1728	5580	417396	0	429395
17300	419951	1087	2328	7865	0	431231
17301	8145	1011	1801	420449	0	431406
17302	4095	1514	411509	7204	0	424322
17303	4421	1005	5481	400029	0	410936
17304	2911	457599	2644	7411	0	470565
17305	3419	5465	1926	477483	0	488293
17306	3629	2027	1692	484700	0	492048
17307	3851	1564	1562	468423	0	475400
17308	3389	1138	1338	484961	0	490826
17309	2490	1527	479448	9611	0	493076
17310	3053	1253	5987	476376	0	486669
17311	480270	936	2616	10592	0	494414
17312	6846	476478	2228	5025	0	490577
17313	3937	5691	1475	494604	0	505707
17314	3161	2433	495613	8487	0	509694
17315	3204	1534	6302	498049	0	509089
17316	502815	1109	2880	10822	0	517626
17317	498938	951	2080	6938	0	508907
17318	485720	1181	1683	5554	0	494138
17319	9939	978	1235	497674	0	509826
17320	4917	1187	493153	8219	0	507476
17321	3532	485140	6115	4907	0	499694
17322	496723	5351	2773	5679	0	510526
17323	8289	2092	1917	495424	0	507722
17324	5252	1628	1413	498747	0	507040
17325	4112	1565	493478	8323	0	507478
17326	3334	474416	5868	4724	0	488342
17327	2726	498620	2741	3776	0	507863
17328	3874	7963	2269	477443	0	491549
17329	2778	2600	461651	6697	0	473726
17330	411077	1503	4777	5876	0	423233
17331	6395	1272	444476	2660	0	454803
17332	401276	931	3903	4820	0	410930
17333	5286	457791	2136	1956	0	467169
17334	2837	3871	451293	1633	0	459634
17335	426112	1618	3780	3599	0	435109
17336	4853	444245	1849	1732	0	452679
17337	461446	2531	945	3888	0	468810
17338	3764	1320	466700	1088	0	472872
17339	1736	468466	2608	1259	0	474069
17340	472736	2451	1036	3166	0	479389
17341	3409	1400	467760	981	0	473550
17342	458481	631	2404	2485	0	464001
17343	3352	691	1199	469975	0	475217
17344	473280	462	758	4147	0	478647
17345	3257	447	743	475418	0	479865
17346	471120	518	621	4928	0	477187
17347	3347	859	477203	1675	0	483084
17348	2486	382	2558	478016	0	483442
17349	1891	434	1184	477316	0	480825
17350	1304	736	478312	3742	0	484094
17351	2033	384	2688	479292	0	484397
17352	4025	301367	4617	5232	0	315241
17353	1618	2893	866	516793	0	522170
17354	2061	1098	882	543301	0	547342
17355	2514	690	742	604347	0	608293
17356	1238	841	601911	11601	0	615591
17357	561306	542	9421	7702	0	578971
17358	13149	584	3692	649227	0	666652
17359	5182	1031	669835	12807	0	688855
17360	635096	510	13294	8633	0	657533
17361	678476	480	5259	6442	0	690657
17362	704154	445	3019	4945	0	712563
17363	24147	651	1853	692910	0	719561
17364	13110	607	1517	789243	0	804477
17365	8282	787	1635	774356	0	785060
17366	3806	771579	2089	27441	0	804915
17367	768973	19203	1627	15180	0	804983
17368	789642	7227	1693	9796	0	808358
17369	31988	3529	1721	767703	0	804941
17370	13539	2331	758550	24430	0	798850
17371	8356	1763	748497	12760	0	771376
17372	5776	747516	27713	9133	0	790138
17373	9821	21434	11885	736949	0	780089
17374	750862	8061	6119	25644	0	790686
17375	24835	747035	4242	12487	0	788599
17376	781407	21576	3753	11368	0	818104
17377	786099	9000	4124	10325	0	809548
17378	789038	5513	3971	9397	0	807919
17379	39377	4294	3424	765111	0	812206
17380	22653	3858	2966	824573	0	854050
17381	833772	3216	2677	37575	0	877240
17382	36753	3012	2808	850829	0	893402
17383	18251	3346	837603	34799	0	893999
17384	843376	3012	26959	18965	0	892312
17385	37126	3212	11253	849614	0	901205
17386	21279	3828	6183	871023	0	902313
17387	17489	3432	4271	888429	0	913621
17388	12220	4195	841887	45134	0	903436
17389	769405	3814	28268	26661	0	828148
17390	36316	3109	838939	15553	0	893917
17391	22262	3149	32132	831504	0	889047
17392	14590	3601	847052	36197	0	901440
17393	15290	2832	33332	827629	0	879083
17394	14239	2871	15415	863595	0	896120
17395	11870	3137	858893	47373	0	921273
17396	15824	3774	33586	780548	0	833732
17397	11978	849426	16587	37996	0	915987
17398	856402	28358	10064	25052	0	919876
17399	880787	10864	7983	21909	0	921543
17400	48025	6059	7665	864136	0	925885
17401	23478	4453	859964	42172	0	930067
17402	16362	804185	34912	24749	0	880208
17403	13580	875368	17394	19332	0	925674
17404	814549	36458	12620	19035	0	882662
17405	38520	16099	797424	16799	0	868842
17406	800795	9006	34099	17748	0	861648
17407	44173	5888	17417	806742	0	874220
17408	25116	5278	12934	835363	0	878691
17409	788226	5517	11341	52539	0	857623
17410	38683	787720	9664	30861	0	866928
17411	22657	30543	800156	21968	0	875324
17412	21761	13042	34617	789861	0	859281
17413	15835	8399	805723	43776	0	873733
17414	13612	788978	39711	27136	0	869437
17415	16671	31016	20657	806031	0	874375
17416	791578	16167	14234	46855	0	868834
17417	813292	11162	12512	29553	0	866519
17418	48859	9043	787217	21747	0	866866
17419	27483	783432	37042	19107	0	867064
17420	786584	32381	20180	19228	0	858373
17421	42874	793089	14684	18774	0	869421
17422	28225	36961	12190	788272	0	865648
17423	790923	18493	10961	44053	0	864430
17424	45122	13127	11229	799624	0	869102
17425	25737	10762	776551	47435	0	860485
17426	22484	9547	36406	795781	0	864218
17427	18472	11217	786696	47810	0	864195
17428	20195	11045	38670	788250	0	858160
17429	777104	8707	20511	52426	0	858748
17430	44404	776977	16023	30966	0	868370
17431	790234	33784	14968	26315	0	865301
17432	47852	18139	14492	781258	0	861741
17433	27786	14727	13048	798101	0	853662
17434	22675	13476	630476	57015	0	723642
17435	19952	12081	758089	33441	0	823563
17436	19970	758255	43948	26335	0	848508
17437	21135	34983	757465	23256	0	836839
17438	703884	17247	43978	25269	0	790378
17439	42866	729391	25051	23323	0	820631
17440	25748	758418	18589	22478	0	825233
17441	20801	776556	17163	20661	0	835181
17442	20967	49983	13811	751569	0	836330
17443	18471	25127	756611	46344	0	846553
17444	17335	762170	40423	29531	0	849459
17445	20643	40920	21202	697032	0	779797
17446	17241	771015	16700	43962	0	848918
17447	753955	42384	14901	30550	0	841790
17448	780102	21605	15843	25447	0	842997
17449	51735	16784	15784	759695	0	843998
17450	30332	15561	15424	775687	0	837004
17451	730850	14137	14672	55787	0	815446
17452	42599	710752	14132	33327	0	800810
17453	25340	733959	13069	25002	0	797370
17454	23921	45045	10790	676814	0	756570
17455	13959	18981	613478	37807	0	684225
17456	11733	607846	29239	24440	0	673258
17457	566225	28415	17773	18539	0	630952
17458	26004	549889	12189	15758	0	603840
17459	14600	551147	9772	13013	0	588532
17460	512941	31078	9869	11666	0	565554
17461	25499	532687	6988	10328	0	575502
17462	15344	27399	507879	9906	0	560528
17463	11136	512334	20597	11709	0	555776
17464	415322	18345	10413	6864	0	450944
17465	15132	415144	5133	5082	0	440491
17466	410042	17085	5379	5232	0	437738
17467	16981	10049	3556	403220	0	433806
17468	9739	7283	3621	418131	0	438774
17469	7007	6841	409157	16908	0	439913
17470	6187	413056	11869	9551	0	440663
17471	6634	14337	5396	420043	0	446410
17472	414394	7728	4354	16401	0	442877
17473	418179	5930	3830	10054	0	437993
17474	16154	422379	4125	7749	0	450407
17475	9282	14152	3920	426476	0	453830
17476	427911	7852	3412	16168	0	455343
17477	432493	6616	3333	9252	0	451694
17478	18903	6119	410218	6044	0	441284
17479	10469	5425	383007	4994	0	403895
17480	7025	4737	379569	4270	0	395601
17481	4538	366800	10996	3544	0	385878
17482	341456	8840	7783	3768	0	361847
17483	8621	340250	3253	2632	0	354756
17484	333749	8369	2988	3052	0	348158
17485	8390	348954	2167	2264	0	361775
17486	5005	8219	2080	356200	0	371504
17487	359165	4047	1781	8591	0	373584
17488	8590	3544	358208	3456	0	373798
17489	347503	2991	6655	3665	0	360814
17490	364964	2497	2839	3262	0	373562
17491	10202	357785	1946	2128	0	372061
17492	4546	365434	1723	1840	0	373543
17493	373222	8261	2537	2876	0	386896
17494	8576	3865	378883	1594	0	392918
17495	351399	3863	6706	2504	0	364472
17496	364836	2183	2792	1941	0	371752
17497	9297	2011	1397	357232	0	369937
17498	366941	1974	984	6466	0	376365
17499	8847	2120	888	367477	0	379332
17500	5013	1886	987	377371	0	385257
17501	4448	1544	995	368390	0	375377
17502	3273	368820	1338	7655	0	381086
17503	372741	5909	1156	5022	0	384828
17504	377308	2671	1053	3888	0	384920
17505	9245	2175	1025	375300	0	387745
17506	5265	2097	1058	367608	0	376028
17507	3647	370364	1296	7509	0	382816
17508	369708	6536	1277	4979	0	382500
17509	8090	3564	364789	2623	0	379066
17510	5384	2693	5449	369063	0	382589
17511	4047	2429	362994	7022	0	376492
17512	4285	1944	5941	362670	0	374840
17513	3217	2339	365615	7594	0	378765
17514	3863	2084	6207	355894	0	368048
17515	361194	2034	2956	9018	0	375202
17516	7725	2132	369991	4287	0	384135
17517	352609	1511	6791	4865	0	365776
17518	8348	387814	3536	2933	0	402631
17519	5351	6062	2732	398068	0	412213
17520	4494	3130	2313	405654	0	415591
17521	416671	2679	2135	9920	0	431405
17522	8979	2325	1996	431544	0	444844
17523	5353	2595	424095	7860	0	439903
17524	413787	2173	5195	6669	0	427824
17525	442033	1985	2410	5766	0	452194
17526	442921	1913	1869	5475	0	452178
17527	442015	1539	1625	5341	0	450520
17528	10568	436041	1853	3701	0	452163
17529	6547	5439	1775	443904	0	457665
17530	442808	2477	1645	8460	0	455390
17531	9609	2228	1657	437470	0	450964
17532	432438	2178	1324	8533	0	444473
17533	9445	2171	421783	3747	0	437146
17534	5700	2068	415908	3385	0	427061
17535	5743	5713	5868	395266	0	412590
17536	4149	408563	3058	6474	0	422244
17537	3666	426361	2390	4306	0	436723
17538	413516	5269	2077	6345	0	427207
17539	6896	2167	420420	2994	0	432477
17540	374108	1318	4478	5064	0	384968
17541	5978	414214	2843	2425	0	425460
17542	416463	3849	1608	4016	0	425936
17543	6479	2124	1306	411299	0	421208
17544	3932	2026	420783	5347	0	432088
17545	4587	1409	3994	415524	0	425514
17546	3866	1194	2058	417714	0	424832
17547	2936	412066	1789	6215	0	423006
17548	2559	425686	1718	3932	0	433895
17549	3314	4760	1324	424050	0	433448
17550	3001	424977	1558	5727	0	435263
17551	3112	4682	413960	3198	0	424952
17552	3136	2428	390979	3055	0	399598
17553	375712	1658	5113	4823	0	387306
17554	413342	1640	2580	4272	0	421834
17555	6793	410044	1848	2542	0	421227
17556	4711	4283	1554	410169	0	420717
17557	3761	2001	1530	415598	0	422890
17558	3091	1820	413770	6079	0	424760
17559	3784	1340	4572	388360	0	398056
17560	2630	402110	2465	5938	0	413143
17561	2436	4678	390225	3655	0	400994
17562	2881	2626	383455	2841	0	391803
17563	2794	357233	5500	3211	0	368738
17564	3027	4768	388061	2403	0	398259
17565	3569	2397	4994	381284	0	392244
17566	5553	2331	3143	325806	0	336833
17567	2994	2112	390078	5957	0	401141
17568	4060	1903	4682	377747	0	388392
17569	2321	369677	2948	6018	0	380964
17570	2253	390626	2274	3887	0	399040
17571	2692	5423	1760	387778	0	397653
17572	2335	2254	390869	6048	0	401506
17573	1926	394585	5212	3367	0	405090
17574	2998	5554	2453	392626	0	403631
17575	1722	1944	383817	4768	0	392251
17576	348556	1398	3794	3958	0	357706
17577	378458	1116	1518	3604	0	384696
17578	379078	993	1309	3369	0	384749
17579	5246	925	1160	372974	0	380305
17580	2669	772	1111	376896	0	381448
17581	1913	971	387622	4628	0	395134
17582	2482	771	3915	378436	0	385604
17583	2362	907	1598	384927	0	389794
17584	1408	1277	385472	4969	0	393126
17585	315827	737	3765	5225	0	325554
17586	3819	358838	1874	1806	0	366337
17587	358685	3343	1263	3408	0	366699
17588	3868	358630	1178	1486	0	365162
17589	2375	3731	843	361274	0	368223
17590	1716	1636	363039	4223	0	370614
17591	2640	1648	3464	348184	0	355936
17592	1206	1304	355060	4437	0	362007
17593	289376	662	3319	4581	0	297938
17594	2832	706	333972	1571	0	339081
17595	1916	499	3409	320078	0	325902
17596	1009	655	332199	3403	0	337266
17597	857	333587	3735	1746	0	339925
17598	2146	2987	1721	336245	0	343099
17599	2308	1124	1357	331315	0	336104
17600	1944	807	886	356968	0	360605
17601	1186	854	355852	6169	0	364061
17602	1035	915	358742	3055	0	363747
17603	1640	509	6152	363711	0	372012
17604	2196	445	2622	431432	0	436695
17605	1968	421	1883	469884	0	474156
17606	480886	409	1499	16667	0	499461
17607	12559	413	1286	506004	0	520262
17608	5537	1002	536624	14680	0	557843
17609	566662	584	13515	8984	0	589745
17610	18305	864	6296	599126	0	624591
17611	630259	641	3895	20600	0	655395
17612	652957	581	2224	12257	0	668019
17613	29023	474	1890	649255	0	680642
17614	655278	294	2814	23603	0	681989
17615	662229	401	1932	14453	0	679015
17616	30026	750	637559	8308	0	676643
17617	16442	639655	17891	6315	0	680303
17618	13971	16454	8999	607884	0	647308
17619	10589	8172	5106	647210	0	671077
17620	635680	4472	3525	29411	0	673088
17621	626063	2830	3435	17069	0	649397
17622	626552	2115	3028	12602	0	644297
17623	32706	2008	586629	8338	0	629681
17624	18829	593845	18868	7205	0	638747
17625	601324	17269	10003	8092	0	636688
17626	25931	604320	6498	5731	0	642480
17627	613989	21537	4216	6633	0	646375
17628	30268	10933	3556	601669	0	646426
17629	609110	6798	3749	23128	0	642785
17630	617810	5382	3045	14123	0	640360
17631	624726	3820	2576	11090	0	642212
17632	36566	3591	591664	8064	0	639885
17633	610687	2560	17568	9232	0	640047
17634	32371	609317	9329	6635	0	657652
17635	634912	18600	5881	7364	0	666757
17636	642930	9928	4569	7251	0	664678
17637	653480	6507	3827	6835	0	670649
17638	42128	4766	3855	603970	0	654719
17639	24711	617527	3520	20098	0	665856
17640	627597	21107	3015	13632	0	665351
17641	32710	11490	611454	9180	0	664834
17642	22517	617559	19446	7655	0	667177
17643	21454	22323	9678	563407	0	616862
17644	15858	615814	6615	18994	0	657281
17645	616824	25286	5273	12422	0	659805
17646	640939	14353	4403	9048	0	668743
17647	40256	9565	4083	621271	0	675175
17648	24583	7883	607783	24647	0	664896
17649	18799	611295	20839	15292	0	666225
17650	22811	23849	12147	482720	0	541527
17651	17568	13292	7550	626931	0	665341
17652	16407	8706	5816	663178	0	694107
17653	649564	6853	5202	38553	0	700172
17654	662703	6324	5438	22538	0	697003
17655	671135	6328	4481	16120	0	698064
17656	684242	6152	4133	13885	0	708412
17657	48609	6109	3718	653916	0	712352
17658	30800	6187	653141	30034	0	720162
17659	26257	5162	22499	667791	0	721709
17660	23283	4628	12019	679303	0	719233
17661	21518	4587	8163	687384	0	721652
17662	22026	5144	6398	697529	0	731097
17663	674153	4766	5839	48148	0	732906
17664	38337	4798	7274	684058	0	734467
17665	679250	4173	7097	42174	0	732694
17666	691690	4718	5839	29850	0	732097
17667	50756	5216	652443	21753	0	730168
17668	37538	4702	643030	17867	0	703137
17669	31273	4495	673257	18124	0	727149
17670	30269	5093	34701	658612	0	728675
17671	27505	4898	672580	34582	0	739565
17672	26995	4836	32132	659906	0	723869
17673	24085	6460	19712	674409	0	724666
17674	673902	6262	13876	46511	0	740551
17675	41998	6220	11006	664616	0	723840
17676	31739	669186	10093	40807	0	751825
17677	694309	24217	9793	29311	0	757630
17678	44752	691635	8813	21444	0	766644
17679	32660	28724	688006	19916	0	769306
17680	25568	705200	27408	17784	0	775960
17681	698709	31757	16589	17164	0	764219
17682	44176	20274	11599	689043	0	765092
17683	33805	15051	677960	31715	0	758531
17684	689507	11841	28184	23603	0	753135
17685	45854	11602	16789	691087	0	765332
17686	34734	10388	688735	33524	0	767381
17687	31968	9948	27504	695551	0	764971
17688	29024	7888	17935	705838	0	760685
17689	27725	8070	12868	701414	0	750077
17690	25998	686220	10836	43139	0	766193
17691	707926	26921	9625	28814	0	773286
17692	45080	16751	9474	689012	0	760317
17693	32792	693930	9147	35355	0	771224
17694	28885	29738	6512	709193	0	774328
17695	23915	20530	690835	38984	0	774264
17696	24531	699710	25504	25881	0	775626
17697	697225	29742	16304	22421	0	765692
17698	706032	19907	11724	19114	0	756777
17699	46254	14379	9662	682690	0	752985
17700	30877	13732	8857	697246	0	750712
17701	688494	10656	8830	43144	0	751124
17702	669832	10280	9034	29351	0	718497
17703	43436	668138	8172	22168	0	741914
17704	607577	21102	6321	16868	0	651868
17705	32160	11703	567211	13052	0	624126
17706	22090	7990	547980	12408	0	590468
17707	14669	527508	20292	11832	0	574301
17708	10987	517587	10574	8827	0	547975
17709	454714	15077	12938	7612	0	490341
17710	13017	456508	4284	4977	0	478786
17711	436781	10253	2865	4790	0	454689
17712	425362	4893	2726	4780	0	437761
17713	420519	3321	2846	4731	0	431417
17714	14060	2974	2415	414000	0	433449
17715	418084	2740	2153	11573	0	434550
17716	12801	2732	407385	5424	0	428342
17717	7553	2785	405336	4301	0	419975
17718	6014	409335	10574	4224	0	430147
17719	5268	7902	419493	3768	0	436431
17720	6055	4120	9489	401489	0	421153
17721	4189	3251	417656	10300	0	435396
17722	4494	2894	410857	5962	0	424207
17723	4689	2651	11472	413047	0	431859
17724	416401	2661	6225	11396	0	436683
17725	418736	2739	4151	7441	0	433067
17726	12314	2739	427331	3927	0	446311
17727	413847	2233	9367	6375	0	431822
17728	11373	2234	433644	3631	0	450882
17729	425725	1762	10590	5258	0	443335
17730	450108	1651	5697	5387	0	462843
17731	14637	1694	4003	443881	0	464215
17732	9274	1692	3200	431423	0	445589
17733	5783	413007	3712	11913	0	434415
17734	5132	435109	3260	6593	0	450094
17735	5822	9861	3497	423607	0	442787
17736	5781	4843	3073	431036	0	444733
17737	415724	2913	2414	12575	0	433626
17738	9631	413472	2518	6146	0	431767
17739	407990	8191	2302	6352	0	424835
17740	9501	412362	2673	3730	0	428266
17741	5643	9677	405065	2859	0	423244
17742	5948	4947	7704	401113	0	419712
17743	403950	2966	3801	10787	0	421504
17744	419619	2337	2318	7001	0	431275
17745	13118	424376	2294	3916	0	443704
17746	6713	435147	2059	2937	0	446856
17747	4635	450951	2226	2632	0	460444
17748	5795	13184	2443	478268	0	499690
17749	4053	5317	489607	12484	0	511461
17750	3298	487314	11765	5184	0	507561
17751	5244	11987	4135	488352	0	509718
17752	4274	4366	2166	502011	0	512817
17753	2256	3256	491351	13750	0	510613
17754	2408	2850	481708	5325	0	492291
17755	466562	2008	14141	6054	0	488765
17756	12804	2008	500713	2867	0	518392
17757	487705	1707	12932	4719	0	507063
17758	488190	1776	4993	4196	0	499155
17759	490461	1810	3094	4340	0	499705
17760	487625	1741	2727	4419	0	496512
17761	16784	2004	466705	2289	0	487782
17762	7028	472670	11901	2182	0	493781
17763	7079	11474	4918	463287	0	486758
17764	4338	4780	475736	11933	0	496787
17765	5940	2791	12162	456944	0	477837
17766	4847	402738	6316	12416	0	426317
17767	5781	11591	3459	477772	0	498603
17768	5800	4566	2991	482859	0	496216
17769	5953	3204	2885	470312	0	482354
17770	470044	2677	2679	18037	0	493437
17771	15456	2530	2715	469229	0	489930
17772	8288	2301	2693	474407	0	487689
17773	6169	2347	3026	468768	0	480310
17774	3699	447874	3427	16840	0	471840
17775	443606	12093	2858	9902	0	468459
17776	12815	421154	3005	6301	0	443275
17777	5075	430822	2866	4842	0	443605
17778	6025	13197	2987	428348	0	450557
17779	5667	5083	2599	436908	0	450257
17780	428225	3132	2409	17841	0	451607
17781	15318	2421	2384	435811	0	455934
17782	437509	2315	2226	16881	0	458931
17783	531374	2478	2347	8598	0	544797
17784	25510	2544	2414	522147	0	552615
17785	12909	2682	2450	523717	0	541758
17786	6235	533864	2875	24778	0	567752
17787	549397	19366	2371	14186	0	585320
17788	21996	573636	2553	8196	0	606381
17789	575436	23519	2526	7621	0	609102
17790	25879	10732	554628	5838	0	597077
17791	559556	6002	19707	7773	0	593038
17792	595382	4447	7994	8088	0	615911
17793	33783	3913	4419	569565	0	611680
17794	15148	4375	568490	25376	0	613389
17795	10118	567351	22384	12920	0	612773
17796	11542	24595	9291	582341	0	627769
17797	8183	10871	584270	27427	0	630751
17798	10170	6942	24448	582065	0	623625
17799	573203	4712	10750	31165	0	619830
17800	28722	3953	571759	14301	0	618735
17801	13614	552421	24826	10340	0	601201
17802	9667	585096	12222	7978	0	614963
17803	12953	30204	7598	489812	0	540567
17804	7562	571468	5838	20700	0	605568
17805	562654	26602	5171	12822	0	607249
17806	573006	11803	4264	11065	0	600138
17807	579492	7616	4332	9215	0	600655
17808	34455	7134	546469	6731	0	594789
17809	561963	6427	23215	8611	0	600216
17810	31130	7057	10297	551885	0	600369
17811	17369	5762	5935	565567	0	594633
17812	13183	5688	4822	572227	0	595920
17813	12196	4976	4904	573521	0	595597
17814	9535	5410	544407	36658	0	596010
17815	8891	5439	545162	19041	0	578533
17816	7954	4868	548325	13603	0	574750
17817	512464	4847	31562	12802	0	561675
17818	27717	527806	13947	11307	0	580777
17819	16610	23829	8102	529088	0	577629
17820	524527	11112	6180	31634	0	573453
17821	27468	528201	6317	17143	0	579129
17822	15088	556712	6952	11296	0	590048
17823	538813	31140	6362	10485	0	586800
17824	551585	14898	5843	10265	0	582591
17825	34902	543717	5830	9250	0	593699
17826	21208	26663	4428	499364	0	551663
17827	13154	533782	4686	26190	0	577812
17828	529940	27613	4905	15034	0	577492
17829	530710	14271	5325	11760	0	562066
17830	534716	10566	4581	9824	0	559687
17831	38283	510231	4743	8571	0	561828
17832	21483	25959	4055	516243	0	567740
17833	13814	14118	509060	28599	0	565591
17834	13918	10151	22515	510776	0	557360
17835	13188	8927	10395	531423	0	563933
17836	11395	8709	507133	34339	0	561576
17837	502105	7342	23849	18234	0	551530
17838	31479	7154	11613	514902	0	565148
17839	18415	7683	7683	512392	0	546173
17840	12813	509783	6125	33348	0	562069
17841	510946	25793	5760	18957	0	561456
17842	31668	13488	5462	498672	0	549290
17843	16934	503913	5663	29423	0	555933
17844	484060	24353	5529	17546	0	531488
17845	27507	485032	5422	12413	0	530374
17846	460974	24601	4919	11759	0	502253
17847	28176	12180	449619	10670	0	500645
17848	13735	8204	400812	8558	0	431309
17849	9772	5824	397260	7180	0	420036
17850	7921	393097	25464	7255	0	433737
17851	9663	19800	14646	343252	0	387361
17852	8190	368551	6870	16100	0	399711
17853	375534	20898	5288	10371	0	412091
17854	20408	11184	377538	7060	0	416190
17855	370268	7570	18441	6516	0	402795
17856	387278	6783	10222	5209	0	409492
17857	26397	6164	7095	371515	0	411171
17858	382287	6506	4924	18642	0	412359
17859	25153	5175	4668	379459	0	414455
17860	13214	6159	374598	20014	0	413985
17861	366547	5510	17343	11588	0	400988
17862	20855	372057	10540	7567	0	411019
17863	13928	17897	6780	375812	0	414417
17864	380685	9577	4829	18811	0	413902
17865	22808	7251	4056	379518	0	413633
17866	13855	5660	369666	21333	0	410514
17867	10996	4604	17058	366884	0	399542
17868	8359	369996	10060	20609	0	409024
17869	376967	17063	6165	12136	0	412331
17870	21285	9391	4521	376154	0	411351
17871	381729	6317	4337	21538	0	413921
17872	23652	4671	3820	381482	0	413625
17873	13167	3923	3997	376082	0	397169
17874	9136	372602	4553	24123	0	410414
17875	371264	17220	3642	14639	0	406765
17876	20211	388374	3490	9914	0	421989
17877	13565	19106	3190	362562	0	398423
17878	8139	376583	2948	18685	0	406355
17879	372361	18548	2616	11980	0	405505
17880	367545	10239	2788	10223	0	390795
17881	370947	7277	2417	8913	0	389554
17882	24917	349726	3259	6968	0	384870
17883	6594	267906	1498	3099	0	279097
17884	262446	9955	1477	3501	0	277379
17885	10095	267869	1302	3065	0	282331
17886	6905	12117	1847	246714	0	267583
17887	3867	3534	238320	6967	0	252688
17888	212450	2290	4348	3662	0	222750
17889	220091	1650	1448	2919	0	226108
17890	220294	1580	905	2259	0	225038
17891	6200	220745	625	1333	0	228903
17892	216596	4373	457	2121	0	223547
17893	5608	2298	224631	939	0	233476
17894	2752	223382	3083	871	0	230088
17895	2258	4763	1137	210609	0	218767
17896	859	213055	671	1727	0	216312
17897	202551	1887	342	1419	0	206199
17898	1733	207984	297	619	0	210633
17899	956	1690	227	208952	0	211825
17900	684	209097	283	1480	0	211544
17901	807	1638	290	214779	0	217514
17902	895	737	261	209918	0	211811
17903	645	728	210710	1886	0	213969
17904	927	486	1427	203454	0	206294
17905	205331	401	543	2631	0	208906
17906	204339	379	463	1495	0	206676
17907	2321	438	325	206905	0	209989
17908	1164	611	205166	1718	0	208659
17909	1153	497	1446	202089	0	205185
17910	204530	460	515	2787	0	208292
17911	212330	399	542	2124	0	215395
17912	215666	422	370	1882	0	218340
17913	2415	224811	390	691	0	228307
17914	227554	1614	230	1769	0	231167
17915	2341	889	222313	672	0	226215
17916	237130	575	1572	1849	0	241126
17917	2690	377	769	248955	0	252791
17918	1580	365	576	250075	0	252596
17919	1441	388	289	252803	0	254921
17920	246095	447	246	3832	0	250620
17921	239559	397	274	2319	0	242549
17922	3114	363	327	241738	0	245542
17923	1736	501	246246	2429	0	250912
17924	1765	361	1818	242974	0	246918
17925	1399	396	650	242110	0	244555
17926	1159	526	240862	2853	0	245400
17927	848	240945	1919	1759	0	245471
17928	1374	1968	856	245025	0	249223
17929	249939	862	705	3444	0	254950
17930	2744	696	377	251191	0	255008
17931	1614	610	314	252209	0	254747
17932	252896	467	298	4373	0	258034
17933	2546	248740	404	2104	0	253794
17934	1489	253673	407	1365	0	256934
17935	250760	2669	263	2283	0	255975
17936	2716	1509	251551	922	0	256698
17937	232396	932	2026	2313	0	237667
17938	2995	801	265172	904	0	269872
17939	1358	270570	2345	929	0	275202
17940	272772	2171	975	2123	0	278041
17941	275412	1088	632	1951	0	279083
17942	276798	903	380	1946	0	280027
17943	278337	537	346	2103	0	281323
17944	3698	847	277479	697	0	282721
17945	2661	524	2007	273136	0	278328
17946	278456	530	880	3432	0	283298
17947	3126	752	289257	1096	0	294231
17948	1783	813	278391	876	0	281863
17949	1395	280645	2498	733	0	285271
17950	290359	1770	1040	1512	0	294681
17951	2683	806	655	289561	0	293705
17952	290586	470	473	3386	0	294915
17953	2451	296921	537	1086	0	300995
17954	1850	1989	320	315060	0	319219
17955	1774	743	376	314402	0	317295
17956	1558	437	338	323474	0	325807
17957	910	599	326892	4117	0	332518
17958	725	327841	3091	2019	0	333676
17959	354570	3317	1174	2399	0	361460
17960	5544	1386	679	356991	0	364600
17961	355599	679	533	6381	0	363192
17962	351753	492	482	3389	0	356116
17963	7375	469	429	354359	0	362632
17964	3049	837	359553	5392	0	368831
17965	3079	398	4495	354480	0	362452
17966	1439	360116	1900	5376	0	368831
17967	2071	4380	983	368349	0	375783
17968	1279	1963	365467	5958	0	374667
17969	355769	985	4732	4062	0	365548
17970	5802	665	1924	370778	0	379169
17971	364136	481	1347	7262	0	373226
17972	5961	889	359120	2726	0	368696
17973	336779	599	4627	3801	0	345806
17974	6286	761	357297	1542	0	365886
17975	335249	400	4930	3023	0	343602
17976	6095	345809	2181	1423	0	355508
17977	2921	357964	1377	1289	0	363551
17978	2796	5847	1067	358011	0	367721
17979	3813	2730	1297	314249	0	322089
17980	2162	1476	766	361329	0	365733
17981	361087	894	725	8331	0	371037
17982	5927	735	667	366556	0	373885
17983	2614	1031	364616	6074	0	374335
17984	341467	688	4425	5436	0	352016
17985	5250	365304	2010	2548	0	375112
17986	368205	4450	1286	3742	0	377683
17987	359877	1911	1074	3481	0	366343
17988	7533	1445	364477	1414	0	374869
17989	5225	967	5008	355394	0	366594
17990	3613	831	2266	380820	0	387530
17991	2273	1250	382921	7206	0	393650
17992	1771	378221	5723	3954	0	389669
17993	368085	5449	2368	4473	0	380375
17994	373965	2205	1543	4169	0	381882
17995	8813	1417	1323	379866	0	391419
17996	5095	1038	1060	379718	0	386911
17997	3641	869	1227	400329	0	406066
17998	387545	962	1313	11874	0	401694
17999	7727	397105	1286	4935	0	411053
18000	401856	7032	1003	4811	0	414702
18001	400771	2762	1067	4399	0	408999
18002	11249	1944	420935	2241	0	436369
18003	6571	1334	8370	405333	0	421608
18004	3750	426588	3713	9305	0	443356
18005	4330	8652	1963	435818	0	450763
18006	4262	3953	1630	450300	0	460145
18007	3208	2512	456255	13443	0	475418
18008	465279	1607	10306	8489	0	485681
18009	518283	1373	4682	6719	0	531057
18010	548426	1439	2698	6051	0	558614
18011	22038	1644	1858	532198	0	557738
18012	11642	1613	1603	523592	0	538450
18013	6278	515163	2093	19794	0	543328
18014	5005	548989	2407	9457	0	565858
18015	537796	18768	2038	7689	0	566291
18016	18114	529230	2238	4907	0	554489
18017	9050	17511	526841	4240	0	557642
18018	8530	7954	15235	533784	0	565503
18019	541869	4752	6662	19720	0	573003
18020	19003	3838	535247	9024	0	567112
18021	10033	3617	529250	6114	0	549014
18022	538814	2682	21589	6568	0	569653
18023	550565	2850	9552	6004	0	568971
18024	26956	2530	5717	535773	0	570976
18025	12810	2872	535978	19477	0	571137
18026	10682	2844	17398	538376	0	569300
18027	7648	3854	488684	21723	0	521909
18028	7041	3423	533480	10943	0	554887
18029	6511	540395	21519	7511	0	575936
18030	543179	16896	10622	7555	0	578252
18031	547019	7580	6796	7878	0	569273
18032	24598	537406	5888	5932	0	573824
18033	15345	18002	5151	532872	0	571370
18034	11524	8323	5234	543954	0	569035
18035	9972	5366	5071	555209	0	575618
18036	539319	4202	4556	27815	0	575892
18037	20771	535451	4261	14181	0	574664
18038	528393	17439	4085	11082	0	560999
18039	531060	8677	4390	9299	0	553426
18040	26459	5875	507301	7032	0	546667
18041	14291	508579	18367	6337	0	547574
18042	12538	18184	9297	512497	0	552516
18043	9228	9373	513108	18879	0	550588
18044	498919	6245	18512	11930	0	535606
18045	521609	4929	9255	9518	0	545311
18046	524992	4512	6213	8500	0	544217
18047	520712	3759	5447	8247	0	538165
18048	30725	4014	4766	497392	0	536897
18049	16520	3865	492757	20524	0	533666
18050	14037	3579	17900	495913	0	531429
18051	496005	3706	9280	23103	0	532094
18052	500041	3240	6066	13470	0	522817
18053	27668	476843	5395	8563	0	518469
18054	477415	15878	4846	7845	0	505984
18055	24548	8284	460689	6599	0	500120
18056	14481	5542	460779	6297	0	487099
18057	449863	4473	21208	7191	0	482735
18058	23272	449285	10523	5490	0	488570
18059	15524	13788	5696	407962	0	442970
18060	10828	424371	4426	13722	0	453347
18061	10742	15468	3865	429487	0	459562
18062	9659	7963	3915	436040	0	457577
18063	8644	5620	4172	450316	0	468752
18064	424009	4566	3846	24106	0	456527
18065	442720	4697	3527	13004	0	463948
18066	441473	4342	3557	9232	0	458604
18067	25032	4819	420960	6724	0	457535
18068	427235	3754	15535	7000	0	453524
18069	23463	3374	9019	433938	0	469794
18070	15614	2939	6632	456671	0	481856
18071	11389	3298	448550	22429	0	485666
18072	11656	3332	17560	489783	0	522331
18073	507451	3235	8807	24825	0	544318
18074	23716	3515	502695	13456	0	543382
18075	15082	2765	20394	508750	0	546991
18076	510574	2568	10728	25176	0	549046
18077	513841	2488	7502	15106	0	538937
18078	30461	2964	504682	9907	0	548014
18079	18064	3423	513466	8243	0	543196
18080	15281	3017	25326	515231	0	558855
18081	521653	3132	13669	23558	0	562012
18082	533729	3189	8722	14604	0	560244
18083	31544	3290	6507	498768	0	540109
18084	17679	511983	6238	22995	0	558895
18085	520380	17373	6329	14696	0	558778
18086	25547	520241	6613	11018	0	563419
18087	18048	19913	5745	521581	0	565287
18088	13633	9042	515205	23471	0	561351
18089	12702	5989	498111	12829	0	529631
18090	11380	4527	513039	9473	0	538419
18091	11847	4703	26948	489652	0	533150
18092	11339	3585	14352	510005	0	539281
18093	497520	3408	9975	28069	0	538972
18094	22751	490101	7893	16196	0	536941
18095	499766	16698	7048	11515	0	535027
18096	28072	7926	6389	463305	0	505692
18097	14928	471069	6133	19443	0	511573
18098	11845	498771	5147	11585	0	527348
18099	11979	22065	4404	486534	0	524982
18100	482717	10493	4523	22363	0	520096
18101	21684	485251	5136	12672	0	524743
18102	454194	16457	4884	9728	0	485263
18103	20891	465484	5066	7426	0	498867
18104	459871	18351	5029	7276	0	490527
18105	22523	9650	441791	6313	0	480277
18106	13209	6695	434450	5710	0	460064
18107	10538	428078	17792	4638	0	461046
18108	387685	17170	13239	5600	0	423694
18109	13961	359671	4964	3247	0	381843
18110	6963	323428	3101	2827	0	336319
18111	9322	13425	3154	333841	0	359742
18112	334270	5683	3238	10128	0	353319
18113	10151	338477	2895	4701	0	356224
18114	325849	9350	1752	4133	0	341084
18115	10551	325375	1610	2501	0	340037
18116	316381	9838	1462	2842	0	330523
18117	9550	313822	1652	2049	0	327073
18118	4937	318835	1506	2227	0	327505
18119	5051	10254	1646	297916	0	314867
18120	2935	312124	1523	6245	0	322827
18121	306684	9363	1052	3885	0	320984
18122	8505	5077	303639	2213	0	319434
18123	5150	3933	6472	304166	0	319721
18124	3273	3855	308667	7416	0	323211
18125	3331	2848	7631	304187	0	317997
18126	3390	2448	3329	312282	0	321449
18127	2731	2911	295125	9890	0	310657
18128	263592	2083	7519	6818	0	280012
18129	8663	287540	4283	4146	0	304632
18130	292951	7610	3221	4208	0	307990
18131	9618	297119	2675	3149	0	312561
18132	6016	8842	1959	299041	0	315858
18133	299590	4104	2279	9422	0	315395
18134	300935	3597	3006	4799	0	312337
18135	306227	2883	2372	4264	0	315746
18136	12858	3034	2004	297871	0	315767
18137	8436	2789	1782	296978	0	309985
18138	5616	304663	2080	9831	0	322190
18139	307859	8290	1884	7184	0	325217
18140	314365	4122	1931	5315	0	325733
18141	312933	3708	2394	3871	0	322906
18142	311196	3222	2050	4073	0	320541
18143	12997	299267	2402	3479	0	318145
18144	7719	8381	2475	303980	0	322555
18145	5814	5358	297981	8280	0	317433
18146	285824	3991	7385	5718	0	302918
18147	307538	3352	3197	5271	0	319358
18148	13452	3090	299495	3119	0	319156
18149	8084	3800	298477	2989	0	313350
18150	6695	3926	8952	297823	0	317396
18151	4965	3647	4869	309556	0	323037
18152	4641	3438	3910	317179	0	329168
18153	307623	3539	2757	12667	0	326586
18154	10869	3038	2623	310559	0	327089
18155	6089	2730	301150	11067	0	321036
18156	5477	3035	8913	306133	0	323558
18157	4385	2922	309654	11698	0	328659
18158	4495	3061	9106	306067	0	322729
18159	5039	2736	4319	328370	0	340464
18160	4795	2989	324397	12545	0	344726
18161	297971	2900	9637	8501	0	319009
18162	10437	327016	5161	5341	0	347955
18163	334773	10244	3594	4968	0	353579
18164	13240	5600	2404	345831	0	367075
18165	346842	4858	1746	13262	0	366708
18166	13079	356662	1867	7114	0	378722
18167	8068	381791	1784	4904	0	396547
18168	8325	18086	1631	395525	0	423567
18169	5937	8911	409269	12573	0	436690
18170	4754	6580	388487	6517	0	406338
18171	4510	400803	15431	5750	0	426494
18172	344905	11704	7189	4249	0	368047
18173	10796	4993	4598	344451	0	364838
18174	339550	3683	3919	11388	0	358540
18175	11680	333203	3895	5655	0	354433
18176	6237	350090	3600	4197	0	364124
18177	7263	14345	2833	346522	0	370963
18178	344013	7958	1891	12490	0	366352
18179	348939	5855	1038	7348	0	363180
18180	15716	5051	336817	5231	0	362815
18181	9428	4804	324380	3928	0	342540
18182	324913	4250	11684	4847	0	345694
18183	12756	331345	6958	3595	0	354654
18184	334795	10409	5048	3557	0	353809
18185	16136	5720	3981	326433	0	352270
18186	9389	4340	324621	9422	0	347772
18187	307270	3105	11470	6590	0	328435
18188	12851	314334	7039	4170	0	338394
18189	8146	331620	4993	3266	0	348025
18190	8008	13743	3610	325536	0	350897
18191	332201	7435	3383	12180	0	355199
18192	13602	5409	3402	333153	0	355566
18193	341899	4524	3533	13297	0	363253
18194	14419	5346	315857	6895	0	342517
18195	327264	5004	8271	6864	0	347403
18196	342517	4195	3646	6414	0	356772
18197	17919	3716	322798	5200	0	349633
18198	313827	2674	9663	5523	0	331687
18199	17180	305558	6079	4282	0	333099
18200	12449	9109	5140	305643	0	332341
18201	10826	310541	4284	8671	0	334322
18202	324066	11433	4089	5098	0	344686
18203	15994	6405	3949	310679	0	337027
18204	9527	307304	3882	10468	0	331181
18205	9121	11730	3042	310427	0	334320
18206	6718	314142	2095	12749	0	335704
18207	6982	13630	1832	318074	0	340518
18208	317910	8378	1967	14642	0	342897
18209	13381	6706	1909	319614	0	341610
18210	8807	5569	308568	14884	0	337828
18211	302947	5552	8938	10440	0	327877
18212	13948	4969	4423	314193	0	337533
18213	8770	4590	303454	14702	0	331516
18214	8654	3494	287710	10304	0	310162
18215	7769	2959	307725	8298	0	326751
18216	8356	2592	15923	297649	0	324520
18217	7476	2424	10046	315184	0	335130
18218	6749	2982	8205	315582	0	333518
18219	6134	2508	7013	320464	0	336119
18220	312154	3140	6943	18917	0	341154
18221	321089	2842	6148	13319	0	343398
18222	324774	3104	4872	11775	0	344525
18223	332276	3281	3471	11099	0	350127
18224	18871	3026	2927	325092	0	349916
18225	13279	3275	322760	16177	0	355491
18226	323815	2825	9469	12260	0	348369
18227	343626	3194	5616	9032	0	361468
18228	21005	2969	4838	332650	0	361462
18229	14858	2804	4356	342554	0	364572
18230	344080	2360	4291	18333	0	369064
18231	17751	2184	4513	327497	0	351945
18232	11951	321674	5030	17098	0	355753
18233	337259	9342	4631	12588	0	363820
18234	333039	5137	4359	11372	0	353907
18235	19741	4351	336901	9606	0	370599
18236	14015	3731	11386	339448	0	368580
18237	11728	3751	6750	356273	0	378502
18238	351602	3562	5766	19398	0	380328
18239	358190	3582	4706	12497	0	378975
18240	21715	3054	3921	353912	0	382602
18241	15294	2881	343518	16996	0	378689
18242	12527	2264	345552	12532	0	372875
18243	11943	1914	13683	356787	0	384327
18244	12335	2198	7916	363654	0	386103
18245	355737	1978	6135	19716	0	383566
18246	17986	338581	5838	12777	0	375182
18247	12065	337575	5922	10901	0	366463
18248	10331	358068	5898	9034	0	383331
18249	9833	13826	5446	355524	0	384629
18250	352856	7564	4015	17314	0	381749
18251	351464	6416	2843	12082	0	372805
18252	18588	350174	2343	9201	0	380306
18253	358435	13777	2135	7982	0	382329
18254	17945	8406	2257	353819	0	382427
18255	11687	7149	350452	14743	0	384031
18256	12029	4946	9962	344392	0	371329
18257	11681	4181	4854	352602	0	373318
18258	11234	3883	4299	352979	0	372395
18259	335096	3192	3490	19306	0	361084
18260	14148	3721	3767	323879	0	345515
18261	9304	317864	3703	17487	0	348358
18262	313177	7710	4593	13282	0	338762
18263	11941	305134	3472	11119	0	331666
18264	7206	290317	2850	9013	0	309386
18265	6618	299078	2578	8066	0	316340
18266	5878	8245	270828	5658	0	290609
18267	4049	260075	5621	5103	0	274848
18268	2965	4685	227006	2705	0	237361
18269	202381	1535	2654	2186	0	208756
18270	213601	623	802	2154	0	217180
18271	2839	647	221808	1281	0	226575
18272	217520	413	1881	2429	0	222243
18273	231667	423	666	2150	0	234906
18274	2732	575	233803	1019	0	238129
18275	1298	241818	1905	954	0	245975
18276	1700	2060	727	242580	0	247067
18277	246965	658	505	3091	0	251219
18278	2616	655	382	244113	0	247766
18279	254856	585	411	3349	0	259201
18280	250742	567	457	2097	0	253863
18281	2743	820	252426	808	0	256797
18282	244608	506	1776	1872	0	248762
18283	2421	259238	690	905	0	263254
18284	263585	1953	395	1709	0	267642
18285	2880	740	381	265088	0	269089
18286	1435	792	264627	2325	0	269179
18287	1607	468	1853	260660	0	264588
18288	261027	494	729	3306	0	265556
18289	2315	260843	620	1397	0	265175
18290	1306	2201	260837	1513	0	265857
18291	1859	743	1879	248081	0	252562
18292	1262	696	261030	2569	0	265557
18293	1074	259874	2042	1417	0	264407
18294	260392	2028	799	1972	0	265191
18295	2769	807	612	261949	0	266137
18296	1403	868	262111	2351	0	266733
18297	1306	1042	239431	1235	0	243014
18298	261403	760	2326	1840	0	266329
18299	2999	783	933	267764	0	272479
18300	1724	775	764	267959	0	271222
18301	1204	925	269464	2870	0	274463
18302	1349	878	262162	1223	0	265612
18303	1234	275058	2879	1108	0	280279
18304	1543	2550	1246	277497	0	282836
18305	1649	981	996	274861	0	278487
18306	1183	275767	888	3001	0	280839
18307	1206	2854	272990	1374	0	278424
18308	260384	997	2725	1979	0	266085
18309	3437	744	1117	281326	0	286624
18310	1504	924	284516	3225	0	290169
18311	1875	727	2937	270945	0	276484
18312	1311	281692	1192	3096	0	287291
18313	1463	2887	279232	1546	0	285128
18314	259225	1133	2991	2577	0	265926
18315	3598	1095	281180	1075	0	286948
18316	1616	1094	271731	1036	0	275477
18317	1297	959	264499	934	0	267689
18318	1203	804	288041	1046	0	291094
18319	1936	703	4372	290769	0	297780
18320	1218	797	310964	4071	0	317050
18321	1793	671	4645	297186	0	304295
18322	888	306274	1684	4370	0	313216
18323	331176	4228	1244	2555	0	339203
18324	6515	1291	1064	338184	0	347054
18325	2547	1122	336978	6206	0	346853
18326	1431	337122	6094	2924	0	347571
18327	2079	5692	2573	342161	0	352505
18328	340737	2251	1789	7496	0	352273
18329	5767	344022	1446	2862	0	354097
18330	3455	6018	1171	349606	0	360250
18331	351032	2358	1044	7756	0	362190
18332	6513	1567	347146	2979	0	358205
18333	337912	1001	6404	3279	0	348596
18334	7120	1035	352129	1431	0	361715
18335	328419	730	6803	2281	0	338233
18336	332940	757	2780	2262	0	338739
18337	8417	736	327444	1128	0	337725
18338	3531	322694	5822	984	0	333031
18339	3748	5833	2937	305852	0	318370
18340	1649	2336	330328	5695	0	340008
18341	2526	1505	6109	311645	0	321785
18342	2438	959	2694	317928	0	324019
18343	1062	814	325777	7763	0	335416
18344	1204	685	320678	3667	0	326234
18345	1771	601	7870	323119	0	333361
18346	329805	469	3641	7598	0	341513
18347	5921	321260	2386	3369	0	332936
18348	2901	328058	1754	2052	0	334765
18349	328221	7147	1252	2687	0	339307
18350	335398	3067	1302	2523	0	342290
18351	9010	1817	1274	333901	0	346002
18352	4620	1216	1011	336900	0	343747
18353	3040	791	972	343645	0	348448
18354	332511	842	1029	10299	0	344681
18355	6298	318137	1163	4620	0	330218
18356	3257	329044	1256	2848	0	336405
18357	3024	7349	1413	328648	0	340434
18358	2540	3193	1035	335044	0	341812
18359	2269	1778	927	336780	0	341754
18360	329851	1303	979	10863	0	342996
18361	6424	335640	923	4998	0	347985
18362	339270	6669	834	4106	0	350879
18363	8271	3457	338812	2016	0	352556
18364	3881	345087	6838	2411	0	358217
18365	3063	7277	3233	346580	0	360153
18366	344785	3292	2116	9665	0	359858
18367	8473	2186	343754	4405	0	358818
18368	4481	2024	340782	2906	0	350193
18369	3875	1667	10010	342113	0	357665
18370	2848	1691	4763	348841	0	358143
18371	2624	1480	2719	345715	0	352538
18372	2726	1376	2017	328901	0	335020
18373	2864	1362	1550	332158	0	337934
18374	1859	319245	1833	12870	0	335807
18375	2685	7230	1767	325972	0	337654
18376	314704	3388	1928	12153	0	332173
18377	7642	320100	1918	6582	0	336242
18378	317009	8170	1570	5845	0	332594
18379	9461	4290	308592	3950	0	326293
18380	5086	2669	309616	3643	0	321014
18381	4178	2126	10371	323047	0	339722
18382	2728	1798	391235	10382	0	406143
18383	3833	1501	13185	384538	0	403057
18384	4046	1818	6550	379076	0	391490
18385	399150	1463	4048	19255	0	423916
18386	397487	1657	2829	10884	0	412857
18387	17985	406056	2855	6129	0	433025
18388	9109	434238	2592	4668	0	450607
18389	6708	18347	2453	429447	0	456955
18390	431780	9100	2607	17402	0	460889
18391	15725	5310	435237	9379	0	465651
18392	9945	3114	14831	435653	0	463543
18393	7106	2461	7710	446126	0	463403
18394	4419	2655	435143	22709	0	464926
18395	3286	432782	16211	12791	0	465070
18396	5317	15549	8109	423919	0	452894
18397	3512	8222	440111	19553	0	471398
18398	4900	4846	16219	437702	0	463667
18399	416736	3057	8793	21952	0	450538
18400	15184	416425	6016	12205	0	449830
18401	8185	433236	4439	8591	0	454451
18402	6678	20185	3939	422551	0	453353
18403	413435	10157	3616	19903	0	447111
18404	15392	420662	4076	11795	0	451925
18405	425160	16304	3798	10273	0	455535
18406	18721	8868	420216	8113	0	455918
18407	10562	6137	433497	7478	0	457674
18408	9236	5308	21517	412201	0	448262
18409	7051	4992	10676	447187	0	469906
18410	433294	4730	6649	25576	0	470249
18411	21319	4853	4334	436305	0	466811
18412	12592	5455	427147	22773	0	467967
18413	10399	5859	16918	426444	0	459620
18414	8502	5049	9568	445511	0	468630
18415	6276	4727	421515	27496	0	460014
18416	399596	4327	18959	17850	0	440732
18417	19215	4284	10756	428006	0	462261
18418	409357	3527	7358	24443	0	444685
18419	18412	388407	7243	15344	0	429406
18420	385968	15120	6103	12944	0	420135
18421	17850	376979	5539	11450	0	411818
18422	10058	390201	6231	10266	0	416756
18423	9684	19580	6265	358032	0	393561
18424	351980	9607	5589	18774	0	385950
18425	356602	7274	4036	11766	0	379678
18426	19512	6659	3648	350214	0	380033
18427	350917	5569	3768	18608	0	378862
18428	353630	5599	3489	12395	0	375113
18429	22428	6179	3358	347568	0	379533
18430	331277	5547	3540	18470	0	358834
18431	19167	339192	4553	11672	0	374584
18432	343216	14818	4849	10153	0	373036
18433	19415	8631	315126	9560	0	352732
18434	345777	5567	12967	10737	0	375048
18435	20704	4004	7606	347371	0	379685
18436	13602	3229	6247	357943	0	381021
18437	10828	3402	5868	360341	0	380439
18438	9911	3702	5231	358194	0	377038
18439	8055	4163	5136	355054	0	372408
18440	7507	313301	5967	25609	0	352384
18441	8032	342980	5427	17496	0	373935
18442	341193	15721	4837	14218	0	375969
18443	18224	9521	335758	11067	0	374570
18444	332381	7990	13227	11487	0	365085
18445	19756	7094	336855	10595	0	374300
18446	13792	6885	15023	332581	0	368281
18447	11297	7682	7262	350050	0	376291
18448	338385	6165	5102	24154	0	373806
18449	20758	6794	333523	13807	0	374882
18450	16204	6001	12852	340372	0	375429
18451	12792	5316	348861	19949	0	386918
18452	12066	353767	15368	13483	0	394684
18453	12677	14619	8127	368027	0	403450
18454	368327	8008	6051	22457	0	404843
18455	355670	5996	4887	15095	0	381648
18456	369796	5883	4667	13128	0	393474
18457	25808	352878	5492	11446	0	395624
18458	15633	373884	6111	10875	0	406503
18459	329066	18108	5787	13586	0	366547
18460	18947	364767	4952	12635	0	401301
18461	12045	370340	4543	13264	0	400192
18462	11213	18349	353662	12554	0	395778
18463	8742	347686	13143	12611	0	382182
18464	7997	356431	7793	10601	0	382822
18465	8612	19245	5235	354176	0	387268
18466	7585	12628	350929	18362	0	389504
18467	8785	8933	340261	11509	0	369488
18468	334560	6871	17383	10744	0	369558
18469	18798	6404	350927	8510	0	384639
18470	356611	5514	17194	8256	0	387575
18471	19706	5988	9971	350432	0	386097
18472	13785	354618	6953	17831	0	393187
18473	373655	14415	6213	12833	0	407116
18474	390058	8606	6239	11320	0	416223
18475	23004	5645	5931	384634	0	419214
18476	16216	4959	6126	389706	0	417007
18477	13258	4743	5383	393818	0	417202
18478	380364	4304	4505	25284	0	414457
18479	342741	4808	4344	16624	0	368517
18480	381716	5219	3446	12388	0	402769
18481	24173	353897	3071	9617	0	390758
18482	293855	7849	2328	5094	0	309126
18483	11719	282628	1880	4538	0	300765
18484	7577	284555	1650	4034	0	297816
18485	6668	12657	2664	262094	0	284083
18486	4327	267869	1524	7130	0	280850
18487	252978	5955	1258	3843	0	264034
18488	7313	3162	795	250187	0	261457
18489	242764	2050	807	6194	0	251815
18490	5897	232210	794	3000	0	241901
18491	3003	243945	850	2102	0	249900
18492	246851	5338	811	2691	0	255691
18493	5754	252632	823	1664	0	260873
18494	3635	5078	990	253324	0	263027
18495	3147	2177	942	257206	0	263472
18496	255514	1493	685	6389	0	264081
18497	5801	1331	556	257154	0	264842
18498	2685	1447	259907	5680	0	269719
18499	2579	1269	4636	261433	0	269917
18500	267298	1232	1687	6961	0	277178
18501	5850	272752	1206	2807	0	282615
18502	291158	5704	838	3064	0	300764
18503	278775	2410	832	3281	0	285298
18504	295099	1745	586	2633	0	300063
18505	9045	1685	286964	1538	0	299232
18506	4328	1529	273820	1391	0	281068
18507	270772	1256	6387	2073	0	280488
18508	7154	276569	2582	1293	0	287598
18509	4148	6032	1457	283992	0	295629
18510	3260	2559	1244	283390	0	290453
18511	2206	271040	1367	7022	0	281635
18512	1853	284318	1391	2994	0	290556
18513	2361	7357	1178	284182	0	295078
18514	2357	3198	903	288982	0	295440
18515	1762	2466	277283	8102	0	289613
18516	2069	2032	256305	4058	0	264464
18517	269083	1581	7270	3648	0	281582
18518	288360	1541	3135	2956	0	295992
18519	8722	1426	2053	285430	0	297631
18520	4046	1520	285729	7047	0	298342
18521	3613	1327	6509	282511	0	293960
18522	281547	1270	2896	8774	0	294487
18523	7716	1375	281595	3885	0	294571
18524	4764	1235	6590	286655	0	299244
18525	3098	1567	286999	7421	0	299085
18526	2445	280314	7167	4340	0	294266
18527	2326	6238	287241	2909	0	298714
18528	3124	3304	7456	280371	0	294255
18529	288275	1810	3578	7906	0	301569
18530	7621	1648	2512	292504	0	304285
18531	288208	1398	2005	9096	0	300707
18532	294657	1472	1783	5095	0	303007
18533	290160	1511	1749	4158	0	297578
18534	9753	1592	280326	2854	0	294525
18535	285981	1110	6451	3295	0	296837
18536	9687	1047	3045	289076	0	302855
18537	5738	1047	2183	293210	0	302178
18538	3996	1292	288352	8607	0	302247
18539	4123	1553	6485	288567	0	300728
18540	291882	1254	3146	9184	0	305466
18541	7552	291942	2393	4687	0	306574
18542	298811	5841	1753	4963	0	311368
18543	302214	2497	1553	4625	0	310889
18544	305006	1852	1521	3960	0	312339
18545	10568	1563	1575	299394	0	313100
18546	5701	1494	301616	7966	0	316777
18547	4884	1302	6565	305731	0	318482
18548	4309	1260	3077	311878	0	320524
18549	308603	1169	2229	10974	0	322975
18550	298355	1019	1866	6541	0	307781
18551	10264	1218	288769	4019	0	304270
18552	6087	1103	7041	288680	0	302911
18553	4118	1120	292032	9140	0	306410
18554	292594	1010	8546	5727	0	307877
18555	10055	329779	3960	3939	0	347733
18556	334649	8225	2739	3871	0	349484
18557	11613	343824	2428	2764	0	360629
18558	343188	10214	2115	3580	0	359097
18559	12127	346256	2181	2798	0	363362
18560	7780	10828	1990	343955	0	364553
18561	6053	4851	1638	357758	0	370300
18562	353523	3333	1452	14055	0	372363
18563	350505	2703	1440	7726	0	362374
18564	356151	2037	1463	5864	0	365515
18565	338939	1914	1464	5304	0	347621
18566	352587	2033	1502	4045	0	360167
18567	18333	1651	1367	337329	0	358680
18568	9971	335686	1465	10853	0	357975
18569	9143	9828	1154	329597	0	349722
18570	6718	330486	1270	11681	0	350155
18571	6415	11143	1141	321607	0	340306
18572	5241	327412	1193	12317	0	346163
18573	5681	11449	1052	322231	0	340413
18574	4765	5190	307622	13132	0	330709
18575	290537	3636	8847	7981	0	311001
18576	12391	307072	3620	5143	0	328226
18577	310797	10373	2393	4955	0	328518
18578	13677	4800	303314	4026	0	325817
18579	297101	3823	9466	4542	0	314932
18580	13814	3327	315393	3614	0	336148
18581	8115	3062	11186	312930	0	335293
18582	5506	337063	5048	11456	0	359073
18583	5055	11823	340492	5344	0	362714
18584	5271	5689	12577	343962	0	367499
18585	314167	4075	6740	14816	0	339798
18586	14585	3019	4703	349369	0	371676
18587	8733	2677	3453	357075	0	371938
18588	7496	2379	2843	363282	0	376000
18589	5293	2523	344653	19451	0	371920
18590	5994	2329	11997	339576	0	359896
18591	4340	330020	6379	16977	0	357716
18592	4890	11085	4346	341291	0	361612
18593	4796	5348	2953	346959	0	360056
18594	331493	3736	2717	19841	0	357787
18595	14267	2948	2081	342745	0	362041
18596	7383	2541	336943	17865	0	364732
18597	5657	2178	335839	10711	0	354385
18598	4423	1842	338031	8588	0	352884
18599	3767	331406	16797	6998	0	358968
18600	325905	11199	10135	6483	0	353722
18601	12091	325546	5876	5051	0	348564
18602	315353	12784	3901	4491	0	336529
18603	14735	6444	3195	309056	0	333430
18604	7737	4675	314238	12741	0	339391
18605	6172	3811	304268	6957	0	321208
18606	4564	318090	15060	5895	0	343609
18607	5096	12562	8047	318190	0	343895
18608	5036	6472	5390	328331	0	345229
18609	4399	5041	4154	334825	0	348419
18610	3339	4021	322164	19830	0	349354
18611	295320	3146	13411	12588	0	324465
18612	13880	3240	325431	8186	0	350737
18613	9302	3301	15338	315941	0	343882
18614	8007	3046	7845	335578	0	354476
18615	5442	3211	322944	19975	0	351572
18616	301574	2593	14724	13491	0	332382
18617	14365	321727	8224	10153	0	354469
18618	326297	13140	6467	8615	0	354519
18619	17418	6814	5094	316273	0	345599
18620	8987	322944	4463	16459	0	352853
18621	8131	13985	4184	332098	0	358398
18622	327815	7445	3779	20191	0	359230
18623	17041	5661	3987	328430	0	355119
18624	9953	4319	316632	19833	0	350737
18625	311783	3812	13747	12909	0	342251
18626	326525	3706	8057	10466	0	348754
18627	20557	3702	314238	8498	0	346995
18628	12647	3826	14628	315918	0	347019
18629	324343	3443	8708	18365	0	354859
18630	18737	3223	6562	320442	0	348964
18631	11573	3712	5119	322996	0	343400
18632	9739	3345	4713	323573	0	341370
18633	8608	2902	4395	328749	0	344654
18634	6478	3336	306549	25727	0	342090
18635	6941	2743	14825	315024	0	339533
18636	6101	2630	307206	22983	0	338920
18637	297826	2536	16968	15412	0	332742
18638	314108	2482	10139	12834	0	339563
18639	315711	2356	7902	11314	0	337283
18640	319520	2403	6137	10501	0	338561
18641	24119	2360	6118	303424	0	336021
18642	302237	2337	5569	20120	0	330263
18643	20730	2209	293424	13424	0	329787
18644	12498	2036	292938	11433	0	318905
18645	283199	1753	17953	10590	0	313495
18646	17595	277004	10909	9510	0	315018
18647	10667	286245	8082	8500	0	313494
18648	10098	14823	6968	280976	0	312865
18649	7665	8352	280023	16948	0	312988
18650	264503	5545	14546	12124	0	296718
18651	16716	4132	281866	9389	0	312103
18652	10730	263500	14558	8508	0	297296
18653	9724	10432	265227	7633	0	293016
18654	7172	247085	13528	6758	0	274543
18655	216433	10764	9031	6225	0	242453
18656	11109	213389	5715	5323	0	235536
18657	6998	207487	4334	4671	0	223490
18658	6272	10123	4115	204583	0	225093
18659	4860	6185	201653	9765	0	222463
18660	4645	4302	8948	195098	0	212993
18661	4340	3420	6026	203190	0	216976
18662	3924	3103	196458	13463	0	216948
18663	4418	2634	9530	190078	0	206660
18664	4278	184343	6436	11274	0	206331
18665	4358	7695	5376	200282	0	217711
18666	197600	4869	4346	12047	0	218862
18667	9927	3478	4194	201825	0	219424
18668	6727	2814	197881	12140	0	219562
18669	6224	2692	8736	202396	0	220048
18670	4727	2577	199654	12314	0	219272
18671	195547	2719	9817	8712	0	216795
18672	9935	2660	6136	204133	0	222864
18673	203591	2555	5131	12141	0	223418
18674	10997	2276	200189	8506	0	221968
18675	188571	1950	9259	7860	0	207640
18676	10838	201717	6788	5674	0	225017
18677	7296	7355	206050	5691	0	226392
18678	6410	5964	9466	202053	0	223893
18679	5103	3571	209569	9921	0	228164
18680	4548	188387	9825	7486	0	210246
18681	4593	201120	6122	5775	0	217610
18682	174576	6831	3773	4519	0	189699
18683	7158	185104	2954	3912	0	199128
18684	186505	6955	2946	4168	0	200574
18685	8729	3548	3035	189126	0	204438
18686	4693	2603	185390	8333	0	201019
18687	3754	187808	7392	5006	0	203960
18688	4210	6811	4362	188839	0	204222
18689	3683	3838	3160	196752	0	207433
18690	3981	2970	2522	200797	0	210270
18691	3586	2585	2558	196407	0	205136
18692	3277	182041	2506	10725	0	198549
18693	2848	196656	2503	6363	0	208370
18694	187412	7393	2491	4998	0	202294
18695	6920	187836	2223	3673	0	200652
18696	3691	6695	1813	178719	0	190918
18697	2650	3270	177039	6905	0	189864
18698	2362	175544	5679	3876	0	187461
18699	2522	5956	2574	173077	0	184129
18700	2479	3503	1990	172697	0	180669
18701	1598	174316	1606	7311	0	184831
18702	168169	5891	1487	4477	0	180024
18703	5580	3027	167648	3156	0	179411
18704	151183	2193	4357	2927	0	160660
18705	5254	163872	2201	2071	0	173398
18706	151472	4421	1148	1663	0	158704
18707	4285	156808	838	1096	0	163027
18708	2694	4761	870	163655	0	171980
18709	1896	2413	822	168579	0	173710
18710	164726	1755	674	6264	0	173419
18711	4725	1526	703	167145	0	174099
18712	2314	1371	164761	5353	0	173799
18713	1365	156935	3809	2918	0	165027
18714	1374	163567	1707	1986	0	168634
18715	1541	5143	1047	160654	0	168385
18716	1174	2445	162171	4265	0	170055
18717	1430	1896	3679	158192	0	165197
18718	1368	1442	1563	163317	0	167690
18719	896	1418	158321	5752	0	166387
18720	1024	1270	150675	3125	0	156094
18721	812	157059	4477	2525	0	164873
18722	159055	4075	2024	2466	0	167620
18723	4130	2277	1245	156916	0	164568
18724	1937	150958	1183	4196	0	158274
18725	159844	4437	1042	3051	0	168374
18726	4197	2370	947	161074	0	168588
18727	2122	1704	858	161239	0	165923
18728	1111	157979	897	5955	0	165942
18729	1229	4265	814	159202	0	165510
18730	158781	2262	888	5993	0	167924
18731	4331	1773	880	161016	0	168000
18732	2482	1611	861	163214	0	168168
18733	1538	1558	157251	6039	0	166386
18734	1565	1655	144296	3345	0	150861
18735	155498	1425	4676	3136	0	164735
18736	4497	1495	2083	159084	0	167159
18737	2607	1358	1316	160611	0	165892
18738	1827	1402	1031	163943	0	168203
18739	1588	1411	157343	6857	0	167199
18740	153422	1298	3932	4430	0	163082
18741	4625	1314	2003	158362	0	166304
18742	2664	1392	1553	161515	0	167124
18743	155796	1378	1281	7131	0	165586
18744	4427	154591	1250	4293	0	164561
18745	2522	4128	154386	3455	0	164491
18746	1961	2124	4251	148895	0	157231
18747	1617	151931	2371	5801	0	161720
18748	1769	4176	1766	158083	0	165794
18749	153732	2192	1673	6473	0	164070
18750	4752	1885	1344	154824	0	162805
18751	151004	1739	1309	6765	0	160817
18752	151335	1491	1213	4643	0	158682
18753	6064	1584	1203	147416	0	156267
18754	3121	142408	1189	6446	0	153164
18755	2350	149914	1199	4280	0	157743
18756	1882	5148	146500	3788	0	157318
18757	2324	2957	4324	134791	0	144396
18758	1979	2082	2216	147885	0	154162
18759	1820	1910	1589	153132	0	158451
18760	147397	1638	1315	7908	0	158258
18761	5073	1611	1044	150542	0	158270
18762	3063	1461	149214	6914	0	160652
18763	148399	1279	4087	5335	0	159100
18764	5533	1273	2141	158552	0	167499
18765	3365	1322	1524	162794	0	169005
18766	2257	1356	156492	7660	0	167765
18767	150125	1400	4297	5379	0	161201
18768	5033	1372	2344	160376	0	169125
18769	2955	1327	162278	6958	0	173518
18770	2551	1114	4646	161885	0	170196
18771	2542	1003	2714	149831	0	156090
18772	2070	160907	2044	7057	0	172078
18773	159231	4147	1733	5311	0	170422
18774	159234	2021	1581	4501	0	167337
18775	5852	157429	1612	3876	0	168769
18776	155616	4231	1474	4012	0	165333
18777	154458	2134	1315	3797	0	161704
18778	6741	1344	1227	153522	0	162834
18779	3606	1110	144823	6344	0	155883
18780	2855	1028	135655	3950	0	143488
18781	2234	980	137560	3165	0	143939
18782	1933	994	142467	2991	0	148385
18783	2029	2152	4678	130579	0	139438
18784	1428	856	2466	137468	0	142218
18785	1569	760	1301	136487	0	140117
18786	1863	635	1008	138914	0	142420
18787	137854	613	886	6380	0	145733
18788	4180	141314	986	3612	0	150092
18789	149727	3092	902	2739	0	156460
18790	4781	1585	149746	2026	0	158138
18791	2704	910	156896	1765	0	162275
18792	2273	1395	4939	160024	0	168631
18793	163371	582	3029	5557	0	172539
18794	156232	442	1595	3465	0	161734
18795	5569	158118	1470	2260	0	167417
18796	2638	164435	1184	1913	0	170170
18797	2281	4547	961	165912	0	173701
18798	165233	1984	1090	5143	0	173450
18799	4268	167384	936	2756	0	175344
18800	168786	3906	672	2466	0	175830
18801	169215	2243	606	2184	0	174248
18802	171315	1337	634	2005	0	175291
18803	6237	1303	170404	1274	0	179218
18804	3545	171797	3515	1296	0	180153
18805	170814	3533	1773	1923	0	178043
18806	170586	1805	1097	1742	0	175230
18807	5836	162601	822	1136	0	170395
18808	2568	157718	513	590	0	161389
18809	158551	3795	674	980	0	164000
18810	4421	1923	326	157228	0	163898
18811	2365	1274	157603	2938	0	164180
18812	152261	1167	2639	1807	0	157874
18813	4311	992	1125	160887	0	167315
18814	2421	167364	730	2888	0	173403
18815	2118	3244	564	171772	0	177698
18816	1510	1853	172890	3374	0	179627
18817	1956	1075	3057	170542	0	176630
18818	181725	867	1401	4449	0	188442
18819	4229	804	898	183285	0	189216
18820	2756	767	665	185480	0	189668
18821	1481	868	188489	4972	0	195810
18822	1911	801	3224	179282	0	185218
18823	1126	186994	1570	4085	0	193775
18824	188460	3167	1071	2866	0	195564
18825	182444	1515	857	2374	0	187190
18826	4931	1077	187096	1484	0	194588
18827	2837	846	3276	180112	0	187071
18828	1524	178755	1677	3845	0	185801
18829	1310	188678	1146	2052	0	193186
18830	186549	4021	844	2064	0	193478
18831	4274	2038	675	189930	0	196917
18832	2310	1222	189031	4022	0	196585
18833	1680	1088	182677	2207	0	187652
18834	1525	880	4555	190332	0	197292
18835	190094	779	2128	4844	0	197845
18836	189754	847	1307	2743	0	194651
18837	5488	893	1057	198312	0	205750
18838	2863	839	200179	4153	0	208034
18839	1831	198846	3731	2467	0	206875
18840	200171	3511	1920	2474	0	208076
18841	4135	203153	1396	1519	0	210203
18842	205536	4086	948	2011	0	212581
18843	5065	2013	857	205229	0	213164
18844	2741	1507	204605	4173	0	213026
18845	2296	1092	3731	201712	0	208831
18846	203470	891	2095	5461	0	211917
18847	4621	1123	204796	2584	0	213124
18848	2746	205032	4001	2018	0	213797
18849	2439	3719	2084	206413	0	214655
18850	209267	1826	1414	5153	0	217660
18851	4757	1344	208827	2573	0	217501
18852	3304	1104	4158	208369	0	216935
18853	2463	1125	2160	216422	0	222170
18854	2092	1175	213969	5578	0	222814
18855	2300	1022	4428	209513	0	217263
18856	1778	1247	213012	5299	0	221336
18857	200669	976	4514	3993	0	210152
18858	5359	968	2428	221470	0	230225
18859	2968	1285	232384	5229	0	241866
18860	2125	233955	4928	3219	0	244227
18861	239891	4391	2398	3528	0	250208
18862	255320	2219	1760	2977	0	262276
18863	8253	1559	1383	276725	0	287920
18864	3876	283134	1481	6896	0	295387
18865	287005	7188	1326	4301	0	299820
18866	9487	3034	1236	287642	0	301399
18867	4297	2179	287201	8261	0	301938
18868	272404	1915	7172	5239	0	286730
18869	8942	281931	3180	2929	0	296982
18870	5634	7144	2049	286835	0	301662
18871	287514	3136	1851	9184	0	301685
18872	8959	2500	281404	4018	0	296881
18873	4878	2064	284710	2865	0	294517
18874	4443	1776	9178	277880	0	293277
18875	3104	1647	292558	8374	0	305683
18876	3976	1186	8823	280052	0	294037
18877	2303	274108	4789	8723	0	289923
18878	2789	7356	3388	298982	0	312515
18879	293184	3020	2749	11098	0	310051
18880	8069	2055	295402	5685	0	311211
18881	3781	295597	8456	4273	0	312107
18882	3919	7645	3639	295880	0	311083
18883	2693	3865	304790	9075	0	320423
18884	3386	3162	7659	286669	0	300876
18885	2324	288559	4277	8301	0	303461
18886	1720	303453	3182	4419	0	312774
18887	288327	8039	2448	4725	0	303539
18888	6173	297129	2298	3058	0	308658
18889	2529	7056	281571	2191	0	293347
18890	254580	3679	6551	3414	0	268224
18891	6334	2713	281659	1392	0	292098
18892	4059	1835	5970	259627	0	271491
18893	2264	1601	281386	5485	0	290736
18894	1682	276947	6570	2543	0	287742
18895	2579	5359	3134	275420	0	286492
18896	2003	2225	2221	278447	0	284896
18897	1914	1467	1946	275534	0	280861
18898	932	1533	276963	8169	0	287597
18899	1789	1608	5615	268012	0	277024
18900	1459	1542	2372	281210	0	286583
18901	270571	1241	1804	9518	0	283134
18902	268337	1102	1611	5775	0	276825
18903	6933	1073	272261	3337	0	283604
18904	3348	265837	6079	2796	0	278060
18905	2680	5209	272885	2226	0	283000
18906	2764	2139	6385	273601	0	284889
18907	2051	1758	281178	6192	0	291179
18908	2195	1479	7040	274695	0	285409
18909	1570	1370	3514	286512	0	292966
18910	1012	1220	283042	8524	0	293798
18911	247149	928	6745	6224	0	261046
18912	5277	282212	3607	3690	0	294786
18913	2851	5493	2367	286171	0	296882
18914	1917	2493	290934	7317	0	302661
18915	2255	1787	272716	3724	0	280482
18916	266202	1399	7355	3701	0	278657
18917	5730	284731	3964	2276	0	296701
18918	2742	5615	2736	285328	0	296421
18919	289961	2216	2514	7287	0	301978
18920	6496	1569	2321	290046	0	300432
18921	3693	1387	1918	299077	0	306075
18922	2280	1687	295516	8568	0	308051
18923	272576	1304	5981	6505	0	286366
18924	299952	1017	3089	4729	0	308787
18925	8355	1120	2376	301514	0	313365
18926	299766	1076	2047	8257	0	311146
18927	8181	976	1993	300010	0	311160
18928	4312	286986	2318	7789	0	301405
18929	3427	304211	2141	4232	0	314011
18930	3430	7082	1649	308950	0	321111
18931	301878	3475	1354	8770	0	315477
18932	6718	2233	1132	306120	0	316203
18933	306236	1778	1258	9654	0	318926
18934	308795	1709	1280	5878	0	317662
18935	8959	1260	1352	308214	0	319785
18936	5451	1050	1419	313826	0	321746
18937	4081	1172	301834	9264	0	316351
18938	3888	1112	299706	5032	0	309738
18939	3789	943	7839	304024	0	316595
18940	2328	1034	320425	8838	0	332625
18941	310183	1018	8316	6162	0	325679
18942	7492	1229	4474	338106	0	351301
18943	3200	1552	356722	9104	0	370578
18944	345551	960	9229	6935	0	362675
18945	385301	871	4772	5466	0	396410
18946	13355	404354	3259	3692	0	424660
18947	9590	8782	2406	417204	0	437982
18948	5746	4621	426619	11515	0	448501
18949	420468	3014	10019	8100	0	441601
18950	442928	1989	5555	6651	0	457123
18951	14667	2106	440536	3579	0	460888
18952	443809	1365	11225	4629	0	461028
18953	14998	1273	6271	437909	0	460451
18954	9602	1175	4307	451143	0	466227
18955	446922	930	3363	15765	0	466980
18956	448707	748	2907	9677	0	462039
18957	17375	1331	2770	441300	0	462776
18958	10031	1086	436825	12458	0	460400
18959	6853	422728	9374	7888	0	446843
18960	6026	8627	425965	5368	0	445986
18961	4996	4458	418514	4485	0	432453
18962	3992	411190	13752	4085	0	433019
18963	5137	7605	7475	372382	0	392599
18964	3811	3820	4120	383360	0	395111
18965	2197	2702	381613	9485	0	395997
18966	3752	1626	7865	372022	0	385265
18967	378888	1220	4785	11102	0	395995
18968	7956	1312	384762	6163	0	400193
18969	379455	948	7976	6407	0	394786
18970	393675	767	5290	5128	0	404860
18971	396069	722	3604	4713	0	405108
18972	13904	1079	385690	2842	0	403515
18973	8908	1465	385436	2416	0	398225
18974	7672	1177	10537	381083	0	400469
18975	6525	1304	6776	364894	0	379499
18976	3974	388536	4727	9820	0	407057
18977	388469	6745	3666	7810	0	406690
18978	386547	3573	3459	6303	0	399882
18979	11950	388830	3393	3723	0	407896
18980	390020	7209	2918	5321	0	405468
18981	11279	386057	2712	3702	0	403750
18982	392098	8437	2315	4995	0	407845
18983	12663	4705	2203	379204	0	398775
18984	8159	3579	380515	8614	0	400867
18985	6651	2651	372422	5340	0	387064
18986	5811	2158	10844	375930	0	394743
18987	4885	1722	7292	381665	0	395564
18988	3658	2013	377463	11397	0	394531
18989	4335	1850	9727	367776	0	383688
18990	4700	1833	6796	361301	0	374630
18991	371877	1558	5050	14073	0	392558
18992	376135	1468	3857	9737	0	391197
18993	367281	1545	3250	7894	0	379970
18994	13902	1637	361871	4900	0	382310
18995	9073	361224	8703	4277	0	383277
18996	8137	6937	5434	367242	0	387750
18997	6367	4085	374018	8630	0	393100
18998	5528	373388	9574	5586	0	394076
18999	380404	7727	6383	5460	0	399974
19000	11388	4520	4872	380565	0	401345
19001	8000	3133	4148	387505	0	402786
19002	383216	2428	3942	13661	0	403247
19003	11284	2255	3323	384774	0	401636
19004	8514	2003	2807	386883	0	400207
19005	383665	2097	2556	15551	0	403869
19006	11997	2443	375411	8742	0	398593
19007	8259	372373	8594	6360	0	395586
19008	373956	7940	5542	6845	0	394283
19009	11343	5331	379624	4622	0	400920
19010	365852	3739	9234	6177	0	385002
19011	11611	386483	6797	4392	0	409283
19012	382962	8194	5221	5869	0	402246
19013	382967	4744	4421	6089	0	398221
19014	376709	3393	3940	5975	0	390017
19015	15698	2684	3526	367348	0	389256
19016	10659	3023	3320	367411	0	384413
19017	7599	361180	3365	13060	0	385204
19018	6578	363045	3409	8643	0	381675
19019	6238	365465	2818	6240	0	380761
19020	365332	9816	2622	6445	0	384215
19021	10865	6022	359936	3999	0	380822
19022	8503	3980	7642	356119	0	376244
19023	6297	3068	5121	358682	0	373168
19024	4681	358842	4249	11098	0	378870
19025	5564	8590	3046	361916	0	379116
19026	5786	5351	2838	354472	0	368447
19027	4599	362906	2921	11858	0	382284
19028	356798	8218	2705	9281	0	377002
19029	9043	363255	2368	6429	0	381095
19030	6343	9171	352807	5341	0	373662
19031	344040	5622	6948	6526	0	363136
19032	9590	361608	4251	4531	0	379980
19033	355116	8029	3294	5457	0	371896
19034	11142	5165	2894	355496	0	374697
19035	8461	3829	2977	355912	0	371179
19036	6049	3464	352757	10174	0	372444
19037	5676	3302	344975	6432	0	360385
19038	5705	3432	9048	349877	0	368062
19039	346450	2324	5231	10217	0	364222
19040	334082	2180	3450	7237	0	346949
19041	11119	338377	2708	4494	0	356698
19042	6694	328702	2248	3402	0	341046
19043	4352	323414	1592	2509	0	331867
19044	8070	10467	3051	301728	0	323316
19045	295868	2181	3804	7445	0	309298
19046	289798	1021	515	3547	0	294881
19047	283381	912	440	2819	0	287552
19048	7283	998	275002	1025	0	284308
19049	2677	331785	5458	1244	0	341164
19050	3131	6249	1784	383284	0	394448
19051	391499	2042	1008	10462	0	405011
19052	12334	1281	681	400276	0	414572
19053	5218	951	522	425681	0	432372
19054	421912	858	738	15502	0	439010
19055	460198	1073	608	6167	0	468046
19056	17539	1590	457201	2803	0	479133
19057	9053	1078	13744	457089	0	480964
19058	4145	1103	459524	15587	0	480359
19059	5812	774	15240	457829	0	479655
19060	2999	1224	458927	17814	0	480964
19061	5132	1324	15899	457396	0	479751
19062	446715	767	5930	19201	0	472613
19063	15549	441629	3750	7527	0	468455
19064	5941	469089	3136	4904	0	483070
19065	7580	17775	2544	411347	0	439246
19066	2755	471534	2595	13913	0	490797
19067	465279	16917	2154	7722	0	492072
19068	459618	6112	2091	5961	0	473782
19069	20425	3759	448713	3516	0	476413
19070	7989	447586	15139	3387	0	474101
19071	7500	15762	5290	450084	0	478636
19072	3683	6468	453766	15929	0	479846
19073	446578	3756	15868	7991	0	474193
19074	19259	2990	5707	451481	0	479437
19075	7833	2562	456710	16314	0	483419
19076	7086	2187	16281	455507	0	481061
19077	455279	2413	6642	19267	0	483601
19078	16660	2668	451747	7821	0	478896
19079	445208	2028	16527	6739	0	470502
19080	466085	1700	6865	5192	0	479842
19081	23989	1694	4139	448168	0	477990
19082	9309	1993	445519	17048	0	473869
19083	5969	2140	442749	8042	0	458900
19084	434507	1759	19918	6799	0	462983
19085	454893	1397	8146	5949	0	470385
19086	22615	1690	443379	3776	0	471460
19087	12993	1394	17286	435661	0	467334
19088	9769	1304	7442	428590	0	447105
19089	5604	437612	5865	19800	0	468881
19090	7127	14955	4972	444561	0	471615
19091	446238	5101	4650	20451	0	476440
19092	21387	2721	3906	447405	0	475419
19093	9624	2256	440585	20333	0	472798
19094	432337	1732	17938	11042	0	463049
19095	20323	1768	7697	437877	0	467665
19096	9103	2626	435509	19740	0	466978
19097	6448	426840	17926	10040	0	461254
19098	413253	15658	7692	9431	0	446034
19099	18959	430008	5748	7185	0	461900
19100	430538	17331	4654	8092	0	460615
19101	21470	6976	421794	6776	0	457016
19102	11039	403379	17690	6458	0	438566
19103	8184	432630	8119	6299	0	455232
19104	8743	20520	6292	411861	0	447416
19105	8548	8732	5461	429735	0	452476
19106	6985	5606	414988	23300	0	450879
19107	7790	4334	18709	421855	0	452688
19108	414143	3695	9550	23354	0	450742
19109	19495	3991	410085	11737	0	445308
19110	10987	4562	19589	408685	0	443823
19111	7327	5110	403649	21580	0	437666
19112	386938	4437	20140	13229	0	424744
19113	19441	402433	10176	9925	0	441975
19114	400744	17712	7630	9785	0	435871
19115	418760	8052	6488	8931	0	442231
19116	423786	5551	6027	8330	0	443694
19117	27611	5178	395995	6997	0	435781
19118	14219	395957	19611	7207	0	436994
19119	11770	17770	10274	396490	0	436304
19120	10453	8335	7918	424741	0	451447
19121	429291	5866	6631	25958	0	467746
19122	26050	4374	6616	434337	0	471377
19123	437022	3805	7227	26413	0	474467
19124	444673	3798	8024	14504	0	470999
19125	449062	4048	7038	11688	0	471836
19126	451821	4468	6918	9957	0	473164
19127	33619	4062	5666	427845	0	471192
19128	434706	3385	5457	25274	0	468822
19129	29601	3795	410085	13166	0	456647
19130	418456	3678	20735	10670	0	453539
19131	438728	3685	10039	8795	0	461247
19132	33979	4231	405933	10681	0	454824
19133	419438	3733	21273	7684	0	452128
19134	439427	3444	10658	7958	0	461487
19135	33871	3126	7760	413754	0	458511
19136	19861	3183	7264	428250	0	458558
19137	416718	6901	6961	27318	0	457898
19138	30192	3024	6167	416551	0	455934
19139	18867	2774	6258	412282	0	440181
19140	13489	391771	6310	28249	0	439819
19141	13999	15218	5618	402243	0	437078
19142	393730	5642	5380	25866	0	430618
19143	25805	3917	4898	391645	0	426265
19144	15628	2777	5046	385957	0	409408
19145	11542	358694	5426	26500	0	402162
19146	12544	15277	4572	353768	0	386161
19147	13732	7061	4434	355094	0	380321
19148	337892	4495	4135	24208	0	370730
19149	21582	5106	2767	270390	0	299845
19150	8530	1982	218567	14971	0	244050
19151	5653	196509	9286	9032	0	220480
19152	4329	193863	4246	5478	0	207916
19153	177737	9166	2732	5154	0	194789
19154	9368	180354	2003	4127	0	195852
19155	145156	5324	2433	3100	0	156013
19156	6373	142425	828	2364	0	151990
19157	144160	5199	1191	2378	0	152928
19158	6789	2650	532	142011	0	151982
19159	4146	2162	439	144077	0	150824
19160	2969	142515	476	7079	0	153039
19161	3135	5375	384	146320	0	155214
19162	2571	2412	143398	6600	0	154981
19163	135933	1720	4251	4351	0	146255
19164	6043	153714	1891	2863	0	164511
19165	151314	5117	1049	2686	0	160166
19166	152873	2500	744	2471	0	158588
19167	156242	1775	650	1931	0	160598
19168	9357	1215	629	148394	0	159595
19169	5395	1119	732	148605	0	155851
19170	3505	148178	587	7275	0	159545
19171	148514	5591	339	4468	0	158912
19172	6894	150800	361	2664	0	160719
19173	152737	5916	360	2586	0	161599
19174	7702	3024	152805	2072	0	165603
19175	161750	1752	5125	2566	0	171193
19176	8837	1345	2391	162615	0	175188
19177	4855	1574	161459	7137	0	175025
19178	3858	1366	163530	3900	0	172654
19179	3500	1356	8461	163588	0	176905
19180	3004	927	166598	7507	0	178036
19181	3156	844	8093	163996	0	176089
19182	158718	722	4063	8786	0	172289
19183	8098	764	2381	162166	0	173409
19184	4593	976	157293	8781	0	171643
19185	3241	149119	7021	5163	0	164544
19186	2559	160865	3724	3617	0	170765
19187	3090	8288	2411	155708	0	169497
19188	155997	3979	1649	8237	0	169862
19189	8135	2258	1167	157244	0	168804
19190	5148	1549	1051	160725	0	168473
19191	3791	1267	1524	163351	0	169933
19192	2932	1517	1355	164215	0	170019
19193	2342	1532	155900	11437	0	171211
19194	2239	1156	153744	6894	0	164033
19195	152661	865	8580	5061	0	167167
19196	160890	848	4323	4362	0	170423
19197	10040	848	2548	157089	0	170525
19198	5984	1049	1937	162041	0	171011
19199	3656	1153	154355	10595	0	169759
19200	2712	155173	6859	6120	0	170864
19201	154710	6291	3860	4523	0	169384
19202	160952	3408	2314	3563	0	170237
19203	10897	2249	1282	157043	0	171471
19204	5776	1688	155918	8877	0	172259
19205	4292	1435	6244	152391	0	164362
19206	2841	155244	3870	8704	0	170659
19207	2841	6773	156605	5095	0	171314
19208	155188	3582	7090	4020	0	169880
19209	8670	2322	3735	159870	0	174597
19210	163639	1583	2516	9084	0	176822
19211	8684	1369	156200	5604	0	171857
19212	158790	1409	6972	4786	0	171957
19213	9283	1762	4168	158790	0	174003
19214	159301	1655	3019	8341	0	172316
19215	10150	1380	2017	154897	0	168444
19216	6028	145722	2034	9136	0	162920
19217	4458	155418	1845	5640	0	167361
19218	4151	8375	1992	151468	0	165986
19219	3006	3894	145813	7422	0	160135
19220	2354	142447	5796	5013	0	155610
19221	3450	5365	2934	128550	0	140299
19222	122933	2458	2199	6121	0	133711
19223	124723	1648	1294	3924	0	131589
19224	6914	1235	1176	124246	0	133571
19225	4453	978	1338	123683	0	130452
19226	2821	115706	1459	7013	0	126999
19227	2186	124655	1279	4567	0	132687
19228	122755	5574	1188	3722	0	133239
19229	5282	3197	1059	123845	0	133383
19230	3559	2036	1010	126798	0	133403
19231	2473	1531	121547	7847	0	133398
19232	2071	1242	4625	123316	0	131254
19233	1982	1209	3086	123927	0	130204
19234	2081	1319	2106	126812	0	132318
19235	2018	1232	122045	8583	0	133878
19236	2259	869	4748	125478	0	133354
19237	122188	820	3006	7957	0	133971
19238	4994	879	120058	5411	0	131342
19239	127256	988	5327	4779	0	138350
19240	5875	1152	3185	131104	0	141316
19241	3993	1044	2150	135396	0	142583
19242	3083	797	1679	140633	0	146192
19243	2231	737	132901	9098	0	144967
19244	124284	678	5296	6331	0	136589
19245	5540	136858	3472	4078	0	149948
19246	139896	4650	2195	3784	0	150525
19247	6229	141769	1640	3405	0	153043
19248	4030	5485	1458	144029	0	155002
19249	143632	2905	1374	7325	0	155236
19250	6191	1852	139503	4825	0	152371
19251	136703	1224	5006	4028	0	146961
19252	7037	1076	143962	2760	0	154835
19253	4528	1013	5978	142222	0	153741
19254	2954	971	142268	6279	0	152472
19255	2254	138940	5894	4459	0	151547
19256	3129	4472	3354	137293	0	148248
19257	133178	2488	2210	6381	0	144257
19258	5311	1568	1543	132323	0	140745
19259	3277	129765	1352	5647	0	140041
19260	2933	4194	1157	133566	0	141850
19261	129639	2516	1006	6074	0	139235
19262	127681	1518	987	4378	0	134564
19263	6662	124281	1166	3058	0	135167
19264	3040	115229	906	1714	0	120889
19265	2324	3726	817	112320	0	119187
19266	1686	2049	841	114247	0	118823
19267	111542	1274	681	4738	0	118235
19268	110066	885	653	3125	0	114729
19269	4138	110577	677	1925	0	117317
19270	2703	3061	551	108647	0	114962
19271	2106	1674	509	110988	0	115277
19272	1404	1198	107506	4453	0	114561
19273	1240	104135	2559	3043	0	110977
19274	1056	102219	1196	1832	0	106303
19275	993	2674	468	94829	0	98964
19276	633	959	93679	2000	0	97271
19277	517	674	91347	1123	0	93661
19278	670	578	2068	92514	0	95830
19279	677	481	933	94917	0	97008
19280	482	456	93999	2429	0	97366
19281	742	312	1808	93998	0	96860
19282	413	397	96526	2309	0	99645
19283	97421	399	2093	1672	0	101585
19284	2421	346	1042	100837	0	104646
19285	1085	378	103065	2845	0	107373
19286	786	391	102971	1521	0	105669
19287	938	494	3340	109311	0	114083
19288	508	424	119489	3456	0	123877
19289	641	382	119813	1783	0	122619
19290	480	117314	4276	1372	0	123442
19291	123005	3049	1882	1297	0	129233
19292	3363	1251	128448	860	0	133922
19293	1804	808	3754	125428	0	131794
19294	1314	518	1932	128902	0	132666
19295	1001	438	1318	134396	0	137153
19296	591	511	129835	5425	0	136362
19297	1008	449	3870	127600	0	132927
19298	127802	475	1941	5206	0	135424
19299	3948	373	1359	128444	0	134124
19300	1686	438	127646	4949	0	134719
19301	1375	331	3904	127774	0	133384
19302	128634	297	2077	5461	0	136469
19303	130825	323	1398	3303	0	135849
19304	130267	362	1206	2240	0	134075
19305	5711	255	1034	128857	0	135857
19306	129690	265	1045	4833	0	135833
19307	129665	232	952	2953	0	133802
19308	130090	227	936	2303	0	133556
19309	5760	122988	938	1619	0	131305
19310	126922	3230	900	1576	0	132628
19311	5483	1365	786	125697	0	133331
19312	2938	840	123174	4277	0	131229
19313	2003	123208	3760	2434	0	131405
19314	125441	3516	1822	2077	0	132856
19315	4759	1641	1318	125313	0	133031
19316	2934	1042	1029	123578	0	128583
19317	1848	120077	1022	5102	0	128049
19318	1532	127665	1065	2810	0	133072
19319	121457	4599	1017	2353	0	129426
19320	4278	123246	1059	1626	0	130209
19321	120392	4234	790	1695	0	127111
19322	4552	120801	769	1468	0	127590
19323	119073	4236	703	1763	0	125775
19324	4503	119406	650	1611	0	126170
19325	2399	125750	718	1412	0	130279
19326	123051	4989	663	1681	0	130384
19327	4667	2412	121651	1132	0	129862
19328	2421	123897	3454	1245	0	131017
19329	2459	4092	1651	122326	0	130528
19330	1840	2070	1157	129523	0	134590
19331	1932	1538	955	126208	0	130633
19332	1837	1260	797	128616	0	132510
19333	1579	1125	126376	6057	0	135137
19334	123353	955	3868	3491	0	131667
19335	4902	844	1904	131814	0	139464
19336	132853	907	1369	5608	0	140737
19337	138398	851	1056	3326	0	143631
19338	140018	883	918	2824	0	144643
19339	134437	833	1022	2474	0	138766
19340	7125	930	129795	1947	0	139797
19341	4054	881	4787	130637	0	140359
19342	2665	932	131407	5618	0	140622
19343	2164	128958	5511	3284	0	139917
19344	3081	4676	2684	114682	0	125123
19345	2364	2050	1654	127096	0	133164
19346	1956	1164	1414	130629	0	135163
19347	1875	932	1289	128984	0	133080
19348	1561	839	124480	7691	0	134571
19349	1801	941	4782	125874	0	133398
19350	1935	814	2512	129952	0	135213
19351	126730	973	1682	7917	0	137302
19352	133395	769	1352	4686	0	140202
19353	7637	851	1163	134422	0	144073
19354	4349	717	1313	137052	0	143431
19355	3098	765	1306	140110	0	145279
19356	135378	753	1167	9526	0	146824
19357	139596	738	1133	5560	0	147027
19358	130765	875	1192	4337	0	137169
19359	139968	855	948	3461	0	145232
19360	8706	135064	965	3020	0	147755
19361	139980	4774	896	3325	0	148975
19362	142532	2179	898	3229	0	148838
19363	9048	1435	732	136810	0	148025
19364	5548	1092	732	139142	0	146514
19365	135118	906	718	8376	0	145118
19366	7676	128274	676	4620	0	141246
19367	4758	135865	629	3311	0	144563
19368	142253	6238	525	3174	0	152190
19369	7940	2971	633	143817	0	155361
19370	5139	1995	587	147034	0	154755
19371	4224	1517	483	150054	0	156278
19372	3764	1448	473	150326	0	156011
19373	3520	1385	549	147843	0	153297
19374	2675	141211	526	8822	0	153234
19375	2811	5222	435	144256	0	152724
19376	142837	2574	458	7871	0	153740
19377	6328	1738	443	142961	0	151470
19378	3630	1442	479	145662	0	151213
19379	140005	1252	540	8851	0	150648
19380	6034	140040	584	5147	0	151805
19381	3728	5454	515	139631	0	149328
19382	2744	140729	538	6493	0	150504
19383	2495	5911	322	137608	0	146336
19384	2198	2236	132919	6052	0	143405
19385	120547	1662	3394	4272	0	129875
19386	4647	127919	1530	2733	0	136829
19387	121624	3372	800	2319	0	128115
19388	4325	1749	117475	1699	0	125248
19389	2592	1802	2674	108083	0	115151
19390	1588	108120	1414	3417	0	114539
19391	1339	113786	810	2180	0	118115
19392	110426	3336	818	1826	0	116406
19393	3467	1426	407	112063	0	117363
19394	1793	960	118020	3402	0	124175
19395	1559	654	2458	120474	0	125145
19396	1129	708	120198	3892	0	125927
19397	111644	546	2879	2786	0	117855
19398	3187	643	121986	1868	0	127684
19399	2164	471	2929	119925	0	125489
19400	1393	124084	1503	3523	0	130503
19401	1487	2668	806	124881	0	129842
19402	1049	125664	757	3793	0	131263
19403	129630	3065	572	2560	0	135827
19404	3897	1512	458	135148	0	141015
19405	2047	1019	134916	4140	0	142122
19406	1744	852	126708	2502	0	131806
19407	129995	660	3603	2534	0	136792
19408	141149	624	1571	2165	0	145509
19409	140811	598	866	2021	0	144296
19410	139779	514	712	2040	0	143045
19411	5015	137099	597	1696	0	144407
19412	141842	2980	569	1832	0	147223
19413	142330	1429	444	1901	0	146104
19414	5173	1160	137599	1433	0	145365
19415	3254	819	2673	137054	0	143800
19416	141353	739	1175	4301	0	147568
19417	4368	818	136600	2485	0	144271
19418	2791	738	2907	137468	0	143904
19419	2042	732	141614	4166	0	148554
19420	2205	667	3184	139263	0	145319
19421	1737	144371	1527	3862	0	151497
19422	147539	2950	848	2760	0	154097
19423	4067	1614	142953	1750	0	150384
19424	141239	1055	2840	1999	0	147133
19425	4406	921	1303	146035	0	152665
19426	147973	717	890	4268	0	153848
19427	4256	730	652	148142	0	153780
19428	158333	774	660	5077	0	164844
19429	4248	815	152385	2579	0	160027
19430	162442	775	2883	2589	0	168689
19431	4412	675	1428	168475	0	174990
19432	2697	686	891	170604	0	174878
19433	167531	665	714	5044	0	173954
19434	3964	730	563	168722	0	173979
19435	2101	786	165861	3986	0	172734
19436	1960	850	2506	164519	0	169835
19437	158058	491	1276	4154	0	163979
19438	2837	154822	937	2283	0	160879
19439	1642	155379	712	1678	0	159411
19440	153282	2114	521	1599	0	157516
19441	2418	159995	582	1140	0	164135
19442	1802	1668	567	158264	0	162301
19443	157402	718	639	2741	0	161500
19444	156711	556	345	1645	0	159257
19445	155948	546	266	1489	0	158249
19446	2364	624	156352	749	0	160089
19447	1507	712	1387	154324	0	157930
19448	815	156269	859	1746	0	159689
19449	1107	1451	567	158274	0	161399
19450	786	794	162180	1668	0	165428
19451	944	149349	1547	955	0	152795
19452	1063	1642	533	157100	0	160338
19453	152642	318	323	1633	0	154916
19454	993	152680	276	717	0	154666
19455	652	980	157800	342	0	159774
19456	949	358	1095	154141	0	156543
19457	555	313	157592	1335	0	159795
19458	870	253	1349	151797	0	154269
19459	159969	139	571	2101	0	162780
19460	1659	230	362	160495	0	162746
19461	160439	203	307	2198	0	163147
19462	161125	186	335	1407	0	163053
19463	1813	163947	379	563	0	166702
19464	167080	1173	321	1176	0	169750
19465	1710	164487	323	537	0	167057
19466	1054	1478	167301	358	0	170191
19467	1597	525	1458	161040	0	164620
19468	1060	347	574	174453	0	176434
19469	687	349	168328	2094	0	171458
19470	559	166245	1750	963	0	169517
19471	170025	1550	681	1380	0	173636
19472	175801	652	455	1317	0	178225
19473	2651	382	426	178713	0	182172
19474	1504	295	304	177794	0	179897
19475	1045	214	309	182955	0	184523
19476	178852	233	378	3239	0	182702
19477	2101	419	173559	1142	0	177221
19478	1167	433	171389	874	0	173863
19479	1302	250	2103	177906	0	181561
19480	720	297	177235	2085	0	180337
19481	664	359	174147	1136	0	176306
19482	1124	200	2146	169290	0	172760
19483	725	336	180279	2149	0	183489
19484	586	178173	2126	1206	0	182091
19485	1031	1750	877	181877	0	185535
19486	607	725	186527	2299	0	190158
19487	1056	400	2083	181651	0	185190
19488	491	173693	1060	2451	0	177695
19489	912	1741	684	183170	0	186507
19490	621	822	184839	2540	0	188822
19491	1185	516	2061	175618	0	179380
19492	178707	359	957	3467	0	183490
19493	2175	430	180038	1142	0	183785
19494	162196	300	2032	1788	0	166316
19495	2378	176840	886	701	0	180805
19496	179208	2026	660	1391	0	183285
19497	2713	818	501	180598	0	184630
19498	1007	179903	490	2395	0	183795
19499	186938	2234	454	1847	0	191473
19500	3212	900	410	191714	0	196236
19501	1192	697	193497	3031	0	198417
19502	755	194009	2830	1398	0	198992
19503	1128	2726	969	196355	0	201178
19504	191621	950	602	3771	0	196944
19505	187079	605	421	1967	0	190072
19506	4187	352	436	187707	0	192682
19507	1602	473	186459	3194	0	191728
19508	169504	381	2970	2637	0	175492
19509	3243	553	186419	1195	0	191410
19510	1990	415	3328	183829	0	189562
19511	186791	494	1405	4191	0	192881
19512	3256	185587	960	1867	0	191670
19513	187246	2766	662	2247	0	192921
19514	3926	1099	183858	1027	0	189910
19515	183415	616	3294	1769	0	189094
19516	4168	449	1707	188122	0	194446
19517	2412	527	1108	192180	0	196227
19518	1698	589	191040	4148	0	197475
19519	1723	549	3236	184119	0	189627
19520	187018	495	1466	4594	0	193573
19521	4017	650	1126	186142	0	191935
19522	2085	187006	938	3827	0	193856
19523	1867	2835	1044	186260	0	192006
19524	1194	187790	1033	4082	0	194099
19525	1201	3353	183319	2375	0	190248
19526	173138	1201	3251	2812	0	180402
19527	4068	874	1506	186546	0	192994
19528	1818	787	174621	4109	0	181335
19529	1456	171582	3307	2243	0	178588
19530	1572	3291	1451	167989	0	174303
19531	1481	1700	1041	170932	0	175154
19532	168253	1078	1091	5490	0	175912
19533	4130	929	993	171984	0	178036
19534	171712	838	1168	5265	0	178983
19535	171681	842	1120	3255	0	176898
19536	4748	172116	1072	2204	0	180140
19537	176003	3782	927	2561	0	183273
19538	5419	1550	824	190466	0	198259
19539	2745	1127	189330	5337	0	198539
19540	187843	736	4268	3516	0	196363
19541	6054	691	1703	187178	0	195626
19542	3060	799	185161	5318	0	194338
19543	175490	877	4534	3403	0	184304
19544	6048	842	1851	186022	0	194763
19545	2920	189968	1578	5455	0	199921
19546	3120	4264	1257	184333	0	192974
19547	2077	190354	1428	5496	0	199355
19548	187977	4679	1403	3678	0	197737
19549	5654	1977	191683	2503	0	201817
19550	2817	188933	4657	2445	0	198852
19551	2795	4722	2048	191550	0	201115
19552	1922	2264	191908	5719	0	201813
19553	1985	1782	180047	3190	0	187004
19554	1774	186558	5643	2653	0	196628
19555	2697	5307	2460	185674	0	196138
19556	2058	2108	1812	191223	0	197201
19557	2407	1725	1509	229697	0	235338
19558	240296	1332	1534	10755	0	253917
19559	9116	1591	261896	3821	0	276424
19560	3166	265262	10118	3104	0	281650
19561	3370	10143	3396	260769	0	277678
19562	2843	3278	2653	280194	0	288968
19563	1973	2563	271129	13750	0	289415
19564	3082	1775	10602	272051	0	287510
19565	1849	1306	271333	13782	0	288270
19566	1873	1538	262133	5583	0	271127
19567	1947	1331	268698	4603	0	276579
19568	2827	1266	13316	250761	0	268170
19569	2291	1304	5429	261559	0	270583
19570	2237	1179	3458	273415	0	280289
19571	261710	1013	2850	15466	0	281039
19572	10297	259055	3092	6260	0	278704
19573	265995	9998	2878	5136	0	284007
19574	256792	3211	2314	5262	0	267579
19575	273632	2253	2146	4536	0	282567
19576	13587	272542	2140	3712	0	291981
19577	277273	10517	1918	3830	0	293538
19578	285993	3789	1587	3636	0	295005
19579	15597	2822	1648	274309	0	294376
19580	7832	1956	1650	281974	0	293412
19581	5972	1803	1635	289239	0	298649
19582	3896	2176	275873	15629	0	297574
19583	267322	1615	10808	7367	0	287112
19584	13558	1682	3647	278378	0	297265
19585	272670	1546	3100	14656	0	291972
19586	12993	271694	2569	6829	0	294085
19587	6427	10468	2483	276076	0	295454
19588	5134	3139	2615	287473	0	298361
19589	277785	2526	2609	16030	0	298950
19590	13478	1971	2118	281277	0	298844
19591	257912	1902	2093	16495	0	278402
19592	281072	2161	1736	7553	0	292522
19593	14524	263802	1665	6543	0	286534
19594	5917	277018	1625	5303	0	289863
19595	6279	13537	1669	261142	0	282627
19596	3680	272732	2005	12402	0	290819
19597	5012	12429	1623	271450	0	290514
19598	3880	4156	267336	13861	0	289233
19599	3322	3441	255941	5672	0	268376
19600	244185	3009	11149	5174	0	263517
19601	256987	1843	4207	4876	0	267913
19602	12555	251634	3014	4689	0	271892
19603	252956	9766	2130	4682	0	269534
19604	12256	263518	2373	3932	0	282079
19605	5558	10721	2483	267498	0	286260
19606	4819	3616	2318	274806	0	285559
19607	4244	3068	2064	275258	0	284634
19608	3068	2620	2092	279086	0	286866
19609	267825	1741	2317	16315	0	288198
19610	10562	268604	2267	7712	0	289145
19611	269984	9834	2054	7213	0	289085
19612	277620	3194	2189	6044	0	289047
19613	14302	2789	266742	4527	0	288360
19614	261258	2298	9602	4926	0	278084
19615	14321	265141	3018	3612	0	286092
19616	6936	11386	2277	266131	0	286730
19617	6489	4448	1673	263314	0	275924
19618	4786	259368	1757	12385	0	278296
19619	268236	11047	2208	7177	0	288668
19620	12914	4198	262552	5656	0	285320
19621	259011	3523	10235	6412	0	279181
19622	14385	2501	267220	5644	0	289750
19623	7418	2219	12232	267531	0	289400
19624	6745	3202	4990	278096	0	293033
19625	6024	2619	4885	283927	0	297455
19626	277325	3400	4054	18191	0	302970
19627	13140	2906	278864	10372	0	305282
19628	277934	3133	11780	10298	0	303145
19629	291997	2460	5912	9447	0	309816
19630	292196	2204	5221	9425	0	309046
19631	293721	1863	5654	7761	0	308999
19632	17456	2119	5111	285391	0	310077
19633	8767	2161	279962	14306	0	305196
19634	8244	2098	11438	280133	0	301913
19635	7113	2050	277348	15974	0	302485
19636	6853	2826	269737	8839	0	288255
19637	7163	272288	10950	7573	0	297974
19638	7488	10881	3848	249216	0	271433
19639	7814	4603	2868	265435	0	280720
19640	8686	4782	2307	223494	0	239269
19641	8444	3198	2301	261190	0	275133
19642	261246	3336	2215	14461	0	281258
19643	266963	2641	1577	7668	0	278849
19644	16419	2425	1623	258731	0	279198
19645	8877	1986	250099	15060	0	276022
19646	6899	1841	9131	256554	0	274425
19647	5862	1482	3525	266587	0	277456
19648	5174	1519	253633	16683	0	277009
19649	6324	1456	9529	253193	0	270502
19650	252806	2018	3724	15707	0	274255
19651	257390	2278	2747	8556	0	270971
19652	259147	2828	1685	8082	0	271742
19653	15835	2321	1260	253549	0	272965
19654	251725	2241	1530	14315	0	269811
19655	249646	1728	1568	8197	0	261139
19656	15335	1676	238463	7074	0	262548
19657	6229	853	184049	3698	0	194829
19658	4731	802	182809	3101	0	191443
19659	156000	528	2704	1825	0	161057
19660	2749	160607	1368	1443	0	166167
19661	159482	1527	1331	1473	0	163813
19662	2300	167982	642	985	0	171909
19663	1448	1743	653	168086	0	171930
19664	1453	656	431	169226	0	171766
19665	1413	444	398	170017	0	172272
19666	1228	416	167345	2814	0	171803
19667	154354	257	1876	2022	0	158509
19668	2668	305	804	167707	0	171484
19669	1250	287	165711	2122	0	169370
19670	1083	299	152478	1194	0	155054
19671	152161	241	2170	1558	0	156130
19672	1977	164226	1119	911	0	168233
19673	161925	1472	680	1316	0	165393
19674	160163	576	489	1299	0	162527
19675	2200	159221	453	745	0	162619
19676	155543	1406	363	1109	0	158421
19677	2228	601	159903	688	0	163420
19678	1304	456	149810	538	0	152108
19679	1086	345	158554	552	0	160537
19680	938	805	1977	157930	0	161650
19681	599	202	161173	1437	0	163411
19682	150768	124	1557	1242	0	153691
19683	156872	80	707	1128	0	158787
19684	1962	226	161239	496	0	163923
19685	1235	130	1404	158047	0	160816
19686	161473	83	605	1929	0	164090
19687	1730	165767	504	725	0	168726
19688	916	169710	380	559	0	171565
19689	169340	1406	327	1070	0	172143
19690	1635	699	171744	326	0	174404
19691	983	1237	1060	164337	0	167617
19692	726	145	524	165463	0	166858
19693	430	121	342	169087	0	169980
19694	210	166392	307	1399	0	168308
19695	1229	1185	275	146854	0	149543
19696	176888	380	164	2102	0	179534
19697	1930	265	149	184348	0	186692
19698	730	185524	229	2269	0	188752
19699	190302	1899	167	1479	0	193847
19700	2492	740	161	191392	0	194785
19701	1244	564	148	198182	0	200138
19702	199404	401	132	3629	0	203566
19703	199447	271	147	1969	0	201834
19704	3950	227	132	196941	0	201250
19705	201270	173	142	4090	0	205675
19706	201953	286	129	2195	0	204563
19707	4539	204343	197	1197	0	210276
19708	207186	3115	105	1606	0	212012
19709	4478	204690	196	877	0	210241
19710	2867	3611	111	205808	0	212397
19711	1882	1572	208231	3525	0	215210
19712	1883	961	3049	205407	0	211300
19713	1823	702	1119	208826	0	212470
19714	1622	529	676	216786	0	219613
19715	212846	663	439	6285	0	220233
19716	4404	211895	403	2940	0	219642
19717	219095	3775	257	2699	0	225826
19718	5122	226590	331	1845	0	233888
19719	232883	4604	495	2156	0	240138
19720	234446	2172	275	2172	0	239065
19721	235999	1489	257	2095	0	239840
19722	233320	1182	381	2044	0	236927
19723	7514	1070	227154	1367	0	237105
19724	4330	1082	4139	227497	0	237048
19725	3563	692	1583	236486	0	242324
19726	2230	1040	232977	6808	0	243055
19727	222778	769	5059	3801	0	232407
19728	7047	702	1753	231300	0	240802
19729	3486	908	227221	6319	0	237934
19730	3048	957	223394	2663	0	230062
19731	3138	745	6541	232954	0	243378
19732	2467	808	239503	6405	0	249183
19733	3082	712	6210	233484	0	243488
19734	3033	518	2847	237126	0	243524
19735	2453	624	231755	7655	0	242487
19736	218651	578	6013	4645	0	229887
19737	6946	538	2938	233610	0	244032
19738	3209	640	236326	7220	0	247395
19739	3125	497	6210	236860	0	246692
19740	236634	413	3253	8370	0	248670
19741	6806	465	235444	4164	0	246879
19742	223650	447	6346	4379	0	234822
19743	241897	422	3397	3412	0	249128
19744	9002	429	2631	239250	0	251312
19745	4750	488	2042	240235	0	247515
19746	3354	708	235966	8345	0	248373
19747	3352	560	6364	236137	0	246413
19748	4258	773	3069	206247	0	214347
19749	2757	516	2699	242324	0	248296
19750	2573	585	232511	9627	0	245296
19751	222332	376	6359	6198	0	235265
19752	235169	406	3219	5217	0	244011
19753	240322	452	2472	4702	0	247948
19754	246895	546	2307	3875	0	253623
19755	10498	651	1867	244949	0	257965
19756	243885	664	1811	8751	0	255111
19757	245045	667	1719	5256	0	252687
19758	188104	1570	2670	6889	0	199233
19759	244060	492	1776	4720	0	251048
19760	9750	239163	2018	3711	0	254642
19761	245171	5086	1802	4195	0	256254
19762	244461	1688	1746	4190	0	252085
19763	10449	240408	1844	3705	0	256406
19764	245932	6489	1737	3502	0	257660
19765	11629	2210	1684	244442	0	259965
19766	7076	1611	1517	249376	0	259580
19767	245592	1123	1494	10378	0	258587
19768	10549	236262	1597	5014	0	253422
19769	5949	242669	1716	4079	0	254413
19770	5666	7390	1516	247517	0	262089
19771	4670	3073	247523	8641	0	263907
19772	4950	1951	6941	241512	0	255354
19773	4577	1410	2723	253274	0	261984
19774	245984	1511	2206	11262	0	260963
19775	249809	1454	1929	5787	0	258979
19776	11350	1373	1637	247425	0	261785
19777	5612	1650	241572	9861	0	258695
19778	5255	1028	7321	246204	0	259808
19779	249399	878	3286	11180	0	264743
19780	9982	1042	259005	6106	0	276135
19781	5527	260843	8779	4802	0	279951
19782	272106	7720	3585	4532	0	287943
19783	11660	2856	2667	271546	0	288729
19784	6114	1917	2262	274224	0	284517
19785	5319	1388	2261	281763	0	290731
19786	4269	1132	265601	13958	0	284960
19787	239363	958	8406	8420	0	257147
19788	11373	1156	256918	5399	0	274846
19789	6109	252568	9586	4623	0	272886
19790	5886	7228	4118	257724	0	274956
19791	5142	2541	3044	266341	0	277068
19792	4870	1920	2700	278847	0	288337
19793	4350	1633	268071	15101	0	289155
19794	4006	1298	259989	7651	0	272944
19795	3672	1466	268820	5830	0	279788
19796	3200	267032	12115	4992	0	287339
19797	4200	8975	5545	267263	0	285983
19798	270820	2662	3287	12771	0	289540
19799	286941	1956	2729	6505	0	298131
19800	13946	1578	297714	4384	0	317622
19801	6802	297993	11485	3902	0	320182
19802	4919	10292	301462	3343	0	320016
19803	3707	315226	11802	3569	0	334304
19804	304056	12735	6345	4449	0	327585
19805	308736	4587	3691	3810	0	320824
19806	14532	304305	3047	3125	0	325009
19807	306330	11716	2921	2989	0	323956
19808	15155	5080	2703	300032	0	322970
19809	8018	3572	2779	310894	0	325263
19810	307217	3228	2077	14532	0	327054
19811	301514	2693	1856	7216	0	313279
19812	304480	2470	1494	5738	0	314182
19813	17802	288300	1687	4374	0	312163
19814	8978	306745	1889	4097	0	321709
19815	304139	13315	1703	4789	0	323946
19816	15200	5803	299072	3641	0	323716
19817	9383	5612	10153	290656	0	315804
19818	287294	3388	4120	11931	0	306733
19819	14985	272283	2886	5148	0	295302
19820	7555	290996	2294	3909	0	304754
19821	289293	13676	2165	3667	0	308801
19822	14458	6154	278530	3430	0	302572
19823	272657	4879	10626	3776	0	291938
19824	14696	3705	271894	2825	0	293120
19825	7865	3489	275004	2027	0	288385
19826	7313	3449	12431	271075	0	294268
19827	5273	3397	281898	9639	0	300207
19828	274431	2934	11949	4929	0	294243
19829	284457	2236	6411	4019	0	297123
19830	292337	2112	5036	3363	0	302848
19831	292117	1912	4345	3355	0	301729
19832	17458	1794	3789	277365	0	300406
19833	282903	2067	3347	11116	0	299433
19834	15442	274646	3182	4809	0	298079
19835	10467	9428	2679	264481	0	287055
19836	7948	279397	2782	9521	0	299648
19837	293331	10527	2279	5689	0	311826
19838	296414	4833	2545	4590	0	308382
19839	16612	3664	2503	288532	0	311311
19840	294721	3080	2435	12002	0	312238
19841	299053	3406	2422	6244	0	311125
19842	17605	3134	2131	289671	0	312541
19843	11053	3153	1925	293097	0	309228
19844	9651	2632	1790	299589	0	313662
19845	8413	2409	282961	15123	0	308906
19846	7014	2240	266465	8945	0	284664
19847	6940	2330	283696	6521	0	299487
19848	7011	2512	13268	284961	0	307752
19849	5570	2317	292164	13382	0	313433
19850	6044	2426	12700	287943	0	309113
19851	5893	2052	308168	14032	0	330145
19852	5832	1986	295144	7616	0	310578
19853	284061	1853	14945	7614	0	308473
19854	12400	293617	8488	5670	0	320175
19855	302595	9566	6417	5630	0	324208
19856	14180	4268	5705	297899	0	322052
19857	8664	3369	4971	305620	0	322624
19858	6731	3094	301981	14337	0	326143
19859	5872	299443	11872	7894	0	325081
19860	6389	10285	6222	306811	0	329707
19861	5701	5060	307520	12433	0	330714
19862	5231	298335	10750	6905	0	321221
19863	5463	9495	6155	299771	0	320884
19864	297072	4699	5017	12310	0	319098
19865	298852	3895	4398	7051	0	314196
19866	13323	3439	4261	298378	0	319401
19867	299783	3117	3745	12020	0	318665
19868	12984	296816	3873	6513	0	320186
19869	8568	9623	3456	302240	0	323887
19870	7213	4810	302219	11565	0	325807
19871	7171	3608	9618	303797	0	324194
19872	6276	3195	303408	12900	0	325779
19873	294169	3235	10747	7879	0	316030
19874	13414	2778	5204	305667	0	327063
19875	7677	305810	4666	12146	0	330299
19876	7382	10244	3524	319563	0	340713
19877	5915	4593	312788	13613	0	336909
19878	6006	3466	300942	8056	0	318470
19879	5571	3025	301286	6089	0	315971
19880	278977	3472	12633	5817	0	300899
19881	10054	288889	6430	4579	0	309952
19882	5973	8035	4775	286412	0	305195
19883	287245	3940	4390	10348	0	305923
19884	9312	287012	4583	5916	0	306823
19885	299912	7789	4014	6012	0	317727
19886	303467	4345	4174	4824	0	316810
19887	307341	3205	3506	4590	0	318642
19888	313030	2644	3379	4404	0	323457
19889	13273	3128	300200	3459	0	320060
19890	289882	2113	8487	4541	0	305023
19891	12149	1909	291231	3323	0	308612
19892	267366	1748	8116	3111	0	280341
19893	11334	1519	5147	288924	0	306924
19894	7892	1310	286446	6365	0	302013
19895	6285	276528	6679	3988	0	293480
19896	6822	14296	4613	261432	0	287163
19897	5367	268808	3107	5515	0	282797
19898	4399	275327	2505	4038	0	286269
19899	249138	4380	2938	3219	0	259675
19900	5082	1606	243170	1760	0	251618
19901	2240	232067	2731	1349	0	238387
19902	225615	2231	2161	1610	0	231617
19903	2175	229211	864	626	0	232876
19904	230506	1598	479	1225	0	233808
19905	2302	878	461	228967	0	232608
19906	231305	512	441	2081	0	234339
19907	2183	471	403	228057	0	231114
19908	228482	356	920	2257	0	232015
19909	2088	544	406	228135	0	231173
19910	1135	234534	433	1824	0	237926
19911	1054	1605	397	241560	0	244616
19912	240586	839	393	2422	0	244240
19913	1828	238471	446	963	0	241708
19914	1202	1589	406	240600	0	243797
19915	243391	863	329	2390	0	246973
19916	2171	593	323	244737	0	247824
19917	1427	540	327	243061	0	245355
19918	993	660	245400	2131	0	249184
19919	930	574	233541	1211	0	236256
19920	1289	453	1800	237866	0	241408
19921	767	699	251983	1835	0	255284
19922	1097	448	1578	249319	0	252442
19923	1956	600	1126	211050	0	214732
19924	940	595	453	252088	0	254076
19925	725	561	248770	2451	0	252507
19926	1363	424	1543	233325	0	236655
19927	984	490	704	242157	0	244335
19928	635	243437	533	2413	0	247018
19929	912	1523	450	247490	0	250375
19930	245327	690	453	2964	0	249434
19931	2006	459	479	248756	0	251700
19932	988	543	275288	2569	0	279388
19933	255259	370	3344	2613	0	261586
19934	3656	291630	2425	1323	0	299034
19935	3551	3753	1777	297559	0	306640
19936	2351	2725	294411	4455	0	303942
19937	265652	2012	4256	4422	0	276342
19938	4597	290789	3172	2767	0	301325
19939	294543	4618	2292	2660	0	304113
19940	6570	3193	1605	292759	0	304127
19941	292524	2241	1352	5833	0	301950
19942	7034	1732	290570	3270	0	302606
19943	4726	282080	4167	2916	0	293889
19944	3486	307984	2921	2093	0	316484
19945	311477	5741	2206	2963	0	322387
19946	310263	4067	1450	2591	0	318371
19947	7505	3132	307792	1034	0	319463
19948	297286	2099	4597	1847	0	305829
19949	309373	1723	2874	1752	0	315722
19950	310344	1185	2349	1822	0	315700
19951	9715	291078	1673	804	0	303270
19952	6618	297388	1286	843	0	306135
19953	300633	5940	1105	1661	0	309339
19954	300918	4087	659	1701	0	307365
19955	8235	303654	727	782	0	313398
19956	6281	5808	489	304283	0	316861
19957	4090	4392	303419	4146	0	316047
19958	289931	3050	4110	3954	0	301045
19959	271129	2399	3355	4934	0	281817
19960	309495	1575	2403	2928	0	316401
19961	7920	304146	1658	1612	0	315336
19962	5726	4579	304654	1314	0	316273
19963	311672	2941	4856	1768	0	321237
19964	7685	2539	2914	314282	0	327420
19965	5732	1822	2312	314912	0	324778
19966	4725	1524	1569	326348	0	334166
19967	2918	1516	321624	8311	0	334369
19968	3308	882	4686	314486	0	323362
19969	2179	981	319470	8110	0	330740
19970	1167	308492	5749	5775	0	321183
19971	304843	3994	3669	4969	0	317475
19972	4258	306255	2977	2559	0	316049
19973	3163	310256	2051	1820	0	317290
19974	309248	6688	1614	2451	0	320001
19975	5056	315503	1397	779	0	322735
19976	4426	6785	570	306748	0	318529
19977	3325	305852	613	3328	0	313118
19978	304724	6531	435	3259	0	314949
19979	4897	307976	488	2019	0	315380
19980	4245	6470	389	310985	0	322089
19981	2996	4679	306163	4660	0	318498
19982	2696	3424	3930	309079	0	319129
19983	1851	306867	2834	6556	0	318108
19984	2232	5381	2333	315257	0	325203
19985	1657	3931	1598	309730	0	316916
19986	2324	2814	1528	289057	0	295723
19987	1880	1724	1242	312920	0	317766
19988	1941	1737	730	315113	0	319521
19989	1828	1474	788	319455	0	323545
19990	1450	1277	309583	12367	0	324677
19991	296389	1087	5698	9431	0	312605
19992	6782	1000	3665	337299	0	348746
19993	4335	1116	333654	10195	0	349300
19994	3570	1254	327315	7113	0	339252
19995	3456	1084	11163	341727	0	357430
19996	344783	1092	7777	10894	0	364546
19997	8445	1539	338092	7027	0	355103
19998	328660	1177	10577	7016	0	347430
19999	11244	1440	350418	3801	0	366903
20000	8463	1470	11415	344808	0	366156
20001	7625	1553	6855	357039	0	373072
20002	5479	1814	351492	11786	0	370571
20003	326422	1576	10508	9306	0	347812
20004	10757	1482	6919	345413	0	364571
20005	6656	1545	345283	11536	0	365020
20006	5924	1519	339287	8116	0	354846
20007	5831	1395	13478	322070	0	342774
20008	4434	340973	9545	9335	0	364287
20009	347948	7404	6863	7896	0	370111
20010	343083	4723	5575	6752	0	360133
20011	13526	4353	344704	4345	0	366928
20012	10400	3149	10226	333323	0	357098
20013	345433	2881	6253	11593	0	366160
20014	13096	2368	341930	7197	0	364591
20015	328737	1307	11008	7561	0	348613
20016	13950	321753	7947	5434	0	349084
20017	9531	7740	6599	343386	0	367256
20018	8408	4577	4961	350146	0	368092
20019	355523	3706	4638	15000	0	378867
20020	12817	3003	4084	357865	0	377769
20021	8989	3026	3208	354725	0	369948
20022	7172	2395	2825	362717	0	375109
20023	348062	1650	2787	21082	0	373581
20024	12301	1824	341923	13428	0	369476
20025	339004	1539	9905	11754	0	362202
20026	343778	1442	6468	9928	0	361616
20027	357434	1411	5645	7897	0	372387
20028	20282	1709	4232	344622	0	370845
20029	12885	1955	347140	12173	0	374153
20030	9885	325139	11682	8590	0	355296
20031	8145	333144	6727	7890	0	355906
20032	5436	327480	4052	5105	0	342073
20033	4915	10440	326601	5036	0	346992
20034	4952	7557	10378	366482	0	389369
20035	378038	3417	5048	15339	0	401842
20036	417274	2714	3291	10497	0	433776
20037	20723	2209	2913	434238	0	460083
20038	12373	1865	429225	17659	0	461122
20039	8976	1518	431112	10783	0	452389
20040	7865	1254	19810	436025	0	464954
20041	5701	1190	442909	18732	0	468532
20042	6297	1037	20324	440230	0	467888
20043	5931	1179	11924	425359	0	444393
20044	3958	427270	9549	23684	0	464461
20045	5712	13798	6728	441564	0	467802
20046	5312	6954	5462	461170	0	478898
20047	441945	5189	5679	29250	0	482063
20048	18760	3250	4943	452302	0	479255
20049	12160	2581	4805	459440	0	478986
20050	436830	2290	5486	30654	0	475260
20051	19019	432381	5592	20274	0	477266
20052	442126	14638	5651	15768	0	478183
20053	23017	8087	430053	11902	0	473059
20054	431305	5615	17654	12411	0	466985
20055	437663	4253	11223	11321	0	464460
20056	27914	3577	421710	9237	0	462438
20057	17349	3627	421354	8945	0	451275
20058	15461	3113	25515	402780	0	446869
20059	412422	2414	15900	22854	0	453590
20060	23374	2489	407978	14400	0	448241
20061	16753	1877	23014	406194	0	447838
20062	12184	2482	409053	23179	0	446898
20063	12064	1911	24751	401429	0	440155
20064	10538	2103	15608	415891	0	444140
20065	400324	2002	12808	31065	0	446199
20066	392530	2279	10482	22003	0	427294
20067	416551	2478	8362	17680	0	445071
20068	30970	2397	403323	13572	0	450262
20069	19353	2392	405464	13198	0	440407
20070	17111	2387	25985	397598	0	443081
20071	13973	2889	17306	405959	0	440127
20072	12956	2826	12763	421821	0	450366
20073	396143	2361	10938	32954	0	442396
20074	22912	391707	9787	22212	0	446618
20075	390681	15268	8989	18944	0	433882
20076	385522	8422	7460	16404	0	417808
20077	30342	373821	7759	13147	0	425069
20078	21491	394656	7530	11747	0	435424
20079	391356	21394	7631	12859	0	433240
20080	25697	12692	7245	374592	0	420226
20081	18852	375483	6652	27740	0	428727
20082	20400	18065	5915	386575	0	430955
20083	17238	11474	371655	28809	0	429176
20084	15681	8206	19419	385314	0	428620
20085	376340	6033	16177	32917	0	431467
20086	24259	5401	373335	23112	0	426107
20087	17081	5054	372632	20628	0	415395
20088	16301	9968	30702	337765	0	394736
20089	13009	332767	20527	27487	0	393790
20090	11750	340313	13289	22562	0	387914
20091	10080	362752	10675	20838	0	404345
20092	338152	22312	8533	19186	0	388183
20093	341151	12200	6317	19231	0	378899
20094	328088	8291	6399	17764	0	360542
20095	27223	323420	6775	18027	0	375445
20096	336770	14070	6801	16966	0	374607
20097	333553	9866	6553	15260	0	365232
20098	29762	9995	317474	11754	0	368985
20099	23052	309304	18032	9916	0	360304
20100	19416	16722	14677	312967	0	363782
20101	318329	11170	12194	19367	0	361060
20102	27250	7969	309849	14461	0	359529
20103	19422	5473	21300	297364	0	343559
20104	15235	302934	16548	22492	0	357209
20105	15145	14198	12781	308606	0	350730
20106	14859	8927	11223	320634	0	355643
20107	313139	6573	11771	29520	0	361003
20108	316982	6505	10441	23507	0	357435
20109	26673	5463	11253	315385	0	358774
20110	18743	6575	301249	26754	0	353321
20111	15910	5611	300270	22211	0	344002
20112	306799	5440	20859	18310	0	351408
20113	29232	5392	307983	13204	0	355811
20114	24357	5243	20447	269532	0	319579
20115	19008	286019	17155	17972	0	340154
20116	294187	12811	15945	14669	0	337612
20117	21967	289715	13453	15301	0	340436
20118	298432	15673	10570	17589	0	342264
20119	24463	9556	9938	295483	0	339440
20120	19626	8231	8113	303614	0	339584
20121	297774	9209	7634	26136	0	340753
20122	307176	7783	7509	17893	0	340361
20123	31818	8481	6587	294543	0	341429
20124	23946	9556	6597	299261	0	339360
20125	19202	9658	283496	22877	0	335233
20126	15978	9132	282171	17089	0	324370
20127	280672	7993	19180	16778	0	324623
20128	20535	9320	258736	14942	0	303533
20129	275740	6638	17308	16647	0	316333
20130	283511	5208	13861	15911	0	318491
20131	25645	4983	268683	14820	0	314131
20132	20450	243081	17180	12747	0	293458
20133	17551	253524	14282	9388	0	294745
20134	9069	7699	200355	5468	0	222591
20135	12817	18864	13330	160706	0	205717
20136	147030	4225	6678	8602	0	166535
20137	139753	1256	1292	2863	0	145164
20138	153799	1116	1126	2539	0	158580
20139	182334	1030	997	2644	0	187005
20140	186340	953	1077	2517	0	190887
20141	9612	187509	1534	1707	0	200362
20142	184871	6511	1056	1933	0	194371
20143	8776	182315	1217	1217	0	193525
20144	179521	6686	856	1240	0	188303
20145	8862	2078	172950	463	0	184353
20146	4803	1019	5851	165130	0	176803
20147	3895	990	1714	161451	0	168050
20148	2252	167006	1044	6586	0	176888
20149	168735	6691	646	2677	0	178749
20150	174662	2870	405	1608	0	179545
20151	9887	1761	665	167111	0	179424
20152	4584	1090	1080	173568	0	180322
20153	170635	617	952	9195	0	181399
20154	7898	868	672	171083	0	180521
20155	3673	1223	422	175976	0	181294
20156	171755	1165	333	9077	0	182330
20157	9266	849	300	171614	0	182029
20158	172302	563	397	9258	0	182520
20159	174488	366	379	5040	0	180273
20160	9405	393	168700	3216	0	181714
20161	170509	380	5578	3715	0	180182
20162	174037	386	1637	3157	0	179217
20163	175187	375	892	2889	0	179343
20164	10400	430	162517	2306	0	175653
20165	5871	402	5745	160412	0	172430
20166	4635	398	2004	169073	0	176110
20167	3326	498	163031	8005	0	174860
20168	159845	375	6805	3373	0	170398
20169	9733	324	2220	159760	0	172037
20170	4920	355	157847	7201	0	170323
20171	3546	394	162956	2874	0	169770
20172	3225	313	7842	161588	0	172968
20173	2177	398	165915	8470	0	176960
20174	2794	326	7890	163922	0	174932
20175	3183	315	3028	169851	0	176377
20176	2685	419	164629	9620	0	177353
20177	2796	503	7811	157380	0	168490
20178	1907	152664	3834	7996	0	166401
20179	1605	168054	2911	3983	0	176553
20180	163271	7153	2598	3508	0	176530
20181	166195	2261	1977	3745	0	174178
20182	8573	162752	1775	3334	0	176434
20183	164862	6523	1817	3331	0	176533
20184	169360	2385	1624	2953	0	176322
20185	10012	2159	1239	163181	0	176591
20186	4923	2249	1051	169265	0	177488
20187	163430	1813	847	9485	0	175575
20188	9617	157773	875	3972	0	172237
20189	5111	165143	907	2793	0	173954
20190	5241	8137	941	161915	0	176234
20191	4541	3149	161781	8047	0	177518
20192	156846	1911	6627	5024	0	170408
20193	165713	1445	2295	4521	0	173974
20194	160981	1554	1391	3739	0	167665
20195	11343	159816	1300	2302	0	174761
20196	6419	8084	1083	156617	0	172203
20197	4931	3336	1294	166376	0	175937
20198	161129	2089	1733	10412	0	175363
20199	10422	159270	1623	4838	0	176153
20200	7215	7119	1323	158646	0	174303
20201	6789	3163	1003	164175	0	175130
20202	6140	2838	909	165729	0	175616
20203	160887	2378	974	11990	0	176229
20204	10630	158174	1191	6644	0	176639
20205	6878	8675	1059	152383	0	168995
20206	5476	159759	1389	8868	0	175492
20207	158907	8561	1331	5788	0	174587
20208	10554	3432	154355	5661	0	174002
20209	152883	2185	7220	6383	0	168671
20210	10592	2072	150862	5592	0	169118
20211	6253	4000	6922	144337	0	161512
20212	145513	2355	2712	9551	0	160131
20213	10375	2405	143173	5148	0	161101
20214	145684	1634	6618	5044	0	158980
20215	153515	1118	3348	5071	0	163052
20216	156411	809	2619	4516	0	164355
20217	11880	775	2748	147157	0	162560
20218	6966	834	2228	149657	0	159685
20219	6386	657	2165	153268	0	162476
20220	146386	598	2216	11552	0	160752
20221	10860	144477	2311	5809	0	163457
20222	150786	5291	2238	4232	0	162547
20223	155193	1786	2368	3702	0	163049
20224	11704	1363	146222	3717	0	163006
20225	148359	1036	6419	4590	0	160404
20226	157773	787	3020	4704	0	166284
20227	11421	1024	2741	151847	0	167033
20228	6336	1565	2445	153978	0	164324
20229	5669	1444	2137	156665	0	165915
20230	150972	1315	2524	9891	0	164702
20231	150663	1035	2665	5576	0	159939
20232	147099	853	2411	4535	0	154898
20233	10008	134729	2603	3873	0	151213
20234	4504	126538	2320	3584	0	136946
20235	2914	132559	1926	4491	0	141890
20236	129700	5674	2417	4969	0	142760
20237	7114	2088	126275	4322	0	139799
20238	3752	1218	107596	3495	0	116061
20239	76902	642	2130	1321	0	80995
20240	2289	325	86246	867	0	89727
20241	511	220	606	72155	0	73492
20242	336	67791	284	642	0	69053
20243	77328	605	177	537	0	78647
20244	77461	205	164	433	0	78263
20245	77982	134	135	373	0	78624
20246	1098	157	134	85666	0	87055
20247	456	231	87962	620	0	89269
20248	388	262	82301	275	0	83226
20249	84867	169	667	484	0	86187
20250	88950	107	268	471	0	89796
20251	87386	113	220	344	0	88063
20252	1042	93	185	89723	0	91043
20253	620	95	166	89776	0	90657
20254	431	148	88812	730	0	90121
20255	85364	115	611	581	0	86671
20256	926	166	222	92606	0	93920
20257	605	95	150	92194	0	93044
20258	504	99	128	92215	0	92946
20259	380	91001	147	873	0	92401
20260	371	539	175	91631	0	92716
20261	428	182	201	91142	0	91953
20262	90785	92	180	1151	0	92208
20263	918	175	88613	380	0	90086
20264	83819	99	572	640	0	85130
20265	91563	117	165	590	0	92435
20266	941	107	135	90986	0	92169
20267	511	100	142	91210	0	91963
20268	90648	93	163	1085	0	91989
20269	932	128	88353	401	0	89814
20270	438	88144	626	418	0	89626
20271	419	521	208	89956	0	91104
20272	89504	152	165	911	0	90732
20273	813	142	131	87266	0	88352
20274	454	153	86194	872	0	87673
20275	449	141	82514	426	0	83530
20276	85687	90	637	571	0	86985
20277	808	147	242	92106	0	93303
20278	434	105	90880	596	0	92015
20279	87958	61	454	690	0	89163
20280	97072	56	181	718	0	98027
20281	725	60	148	97563	0	98496
20282	485	70	138	97276	0	97969
20283	286	96570	196	574	0	97626
20284	100726	406	127	659	0	101918
20285	693	139	84	101511	0	102427
20286	430	109	115	102304	0	102958
20287	289	150	103165	583	0	104187
20288	91473	71	427	781	0	92752
20289	100516	76	179	656	0	101427
20290	604	99045	164	249	0	100062
20291	321	378	96393	250	0	97342
20292	292	150	95907	170	0	96519
20293	469	324	353	95095	0	96241
20294	101365	70	223	771	0	102429
20295	473	47	89	101238	0	101847
20296	104898	49	48	827	0	105822
20297	104993	85	59	634	0	105771
20298	105795	40	98	498	0	106431
20299	532	49	84	106647	0	107312
20300	401	40	80	106025	0	106546
20301	108519	24	89	758	0	109390
20302	471	105	110082	252	0	110910
20303	99336	31	155	528	0	100050
20304	103040	36	66	508	0	103650
20305	288	81	106602	63	0	107034
20306	185	85	100876	107	0	101253
20307	121	105305	186	132	0	105744
20308	322	200	156	108387	0	109065
20309	106865	30	132	458	0	107485
20310	232	27	33	108525	0	108817
20311	111	98	109875	119	0	110203
20312	68	105436	149	87	0	105740
20313	47	107522	104	65	0	107738
20314	137	150	34	111359	0	111680
20315	153	39	20	108645	0	108857
20316	55	106757	54	169	0	107035
20317	86	178	105636	88	0	105988
20318	96198	46	199	537	0	96980
20319	108913	49	38	451	0	109451
20320	189	109548	75	84	0	109896
20321	107184	205	22	384	0	107795
20322	321	69	26	105857	0	106273
20323	105253	51	21	566	0	105891
20324	367	29	49	104359	0	104804
20325	108	109472	39	362	0	109981
20326	143	508	108575	84	0	109310
20327	329	112	477	117862	0	118780
20328	706	115	190	108851	0	109862
20329	249	42	58	125894	0	126243
20330	128379	22	32	1788	0	130221
20331	1734	35	29	129008	0	130806
20332	689	150	135827	1642	0	138308
20333	431	126	137449	735	0	138741
20334	143480	40	2724	985	0	147229
20335	2683	112	149128	293	0	152216
20336	148154	38	2867	592	0	151651
20337	3463	76	852	159838	0	164229
20338	1472	59	500	164457	0	166488
20339	1128	44	431	175198	0	176801
20340	972	85	452	173957	0	175466
20341	171985	35	331	6136	0	178487
20342	4594	132	172512	2112	0	179350
20343	2346	53	4350	165078	0	171827
20344	915	174615	1505	4543	0	181578
20345	176406	4258	724	2401	0	183789
20346	5246	1126	578	169682	0	176632
20347	168127	495	521	5801	0	174944
20348	5700	364	165621	2021	0	173706
20349	2658	213	4885	155608	0	163364
20350	1070	164075	1631	5025	0	171801
20351	166650	4607	795	2525	0	174577
20352	5645	1359	164869	1728	0	173601
20353	2782	605	4954	161157	0	169498
20354	2028	381	1698	169565	0	173672
20355	165002	459	1227	7054	0	173742
20356	5564	534	162851	2951	0	171900
20357	2233	707	164707	2159	0	169806
20358	2411	469	6063	163891	0	172834
20359	1542	370	165372	5663	0	172947
20360	1203	357	166243	3092	0	170895
20361	1959	516	6545	161798	0	170818
20362	2185	422	2767	165822	0	171196
20363	1723	361	2278	175801	0	180163
20364	170431	351	1832	8107	0	180721
20365	5654	172306	1555	3924	0	183439
20366	174444	5025	1663	3100	0	184232
20367	7009	1502	1674	172427	0	182612
20368	2630	174752	1491	7166	0	186039
20369	2441	5324	1211	181664	0	190640
20370	184328	1605	1429	8722	0	196084
20371	6774	194638	1585	4071	0	207068
20372	3602	6768	1342	202328	0	214040
20373	2540	2354	202292	8702	0	215888
20374	199413	1581	7523	5106	0	213623
20375	8399	1590	2981	202916	0	215886
20376	4391	1235	2053	207917	0	215596
20377	3362	1147	198750	10951	0	214210
20378	2882	1332	197154	5747	0	207115
20379	190967	1201	9417	5377	0	206962
20380	8613	191437	4588	4038	0	208676
20381	4931	7148	3201	194996	0	210276
20382	195757	2978	2556	9918	0	211209
20383	9156	2084	195333	5283	0	211856
20384	4128	193175	8709	4275	0	210287
20385	3989	7516	4121	195228	0	210854
20386	197557	2950	2975	10554	0	214036
20387	190868	2271	2820	6263	0	202222
20388	200314	1674	2596	5295	0	209879
20389	11191	191805	2677	4623	0	210296
20390	5775	7450	192596	3942	0	209763
20391	5052	3404	8448	195414	0	212318
20392	5518	2604	4498	169980	0	182600
20393	4381	1884	3039	202125	0	211429
20394	3728	1757	2928	203897	0	212310
20395	194951	1772	2648	13620	0	212991
20396	195659	1937	2492	7843	0	207931
20397	11429	1669	187837	6070	0	207005
20398	5878	1679	187019	5741	0	200317
20399	183997	1291	10031	5594	0	200913
20400	192587	1548	4871	5067	0	204073
20401	12327	1649	3914	180040	0	197930
20402	6754	183216	3392	9946	0	203308
20403	185291	7744	2891	6208	0	202134
20404	10514	178538	3172	5373	0	197597
20405	5680	181101	2833	5250	0	194864
20406	5479	9759	2321	188633	0	206192
20407	4993	4230	2271	195370	0	206864
20408	4199	3098	2496	195880	0	205673
20409	4154	2807	2642	197278	0	206881
20410	4167	2457	184488	13493	0	204605
20411	180736	2446	8645	7824	0	199651
20412	191150	2313	4206	6542	0	204211
20413	12054	2112	3149	183771	0	201086
20414	6938	1936	2848	188617	0	200339
20415	183901	2152	2509	13244	0	201806
20416	10973	2431	162328	7655	0	183387
20417	181383	2012	7516	6367	0	197278
20418	186173	2086	3670	5872	0	197801
20419	12690	2102	177609	5254	0	197655
20420	185646	1875	8403	5720	0	201644
20421	12191	1568	4232	184921	0	202912
20422	7352	1562	3528	190655	0	203097
20423	6162	1468	3290	191449	0	202369
20424	6091	1404	2763	192632	0	202890
20425	178637	1502	2410	13813	0	196362
20426	11233	1485	2466	177931	0	193115
20427	5998	1246	2164	167720	0	177128
20428	4478	148720	2212	12164	0	167574
20429	4192	158697	2077	7142	0	172108
20430	4229	6754	1817	158271	0	171071
20431	154992	2806	1464	10255	0	169517
20432	9075	2209	1481	145857	0	158622
20433	4243	1724	130731	8260	0	144958
20434	3445	1430	122045	4626	0	131546
20435	121551	1337	5860	4319	0	133067
20436	6577	123998	2952	3909	0	137436
20437	115266	4154	2621	3191	0	125232
20438	6552	1927	115468	2507	0	126454
20439	4351	4619	4204	104407	0	117581
20440	103747	1244	2212	4636	0	111839
20441	4623	102057	1802	2644	0	111126
20442	101784	2906	1561	2537	0	108788
20443	4897	1487	109501	2150	0	118035
20444	3144	1202	2973	107837	0	115156
20445	2277	991	1798	112300	0	117366
20446	111682	800	1621	5002	0	119105
20447	111405	780	1541	3093	0	116819
20448	115765	918	923	2750	0	120356
20449	114302	872	650	2547	0	118371
20450	116256	847	750	2349	0	120202
20451	5469	112112	815	1938	0	120334
20452	3611	2534	852	116128	0	123125
20453	118034	1373	764	4130	0	124301
20454	4999	1051	533	116778	0	123361
20455	3488	803	528	117212	0	122031
20456	3134	718	581	117422	0	121855
20457	2531	111770	696	4930	0	119927
20458	114779	2745	660	3526	0	121710
20459	3549	1395	771	115479	0	121194
20460	111492	826	711	5102	0	118131
20461	110217	727	488	3780	0	115212
20462	4597	106776	476	2883	0	114732
20463	108803	2196	513	2605	0	114117
20464	4809	1165	104180	1516	0	111670
20465	102769	828	2391	1455	0	107443
20466	4198	1305	1827	103016	0	110346
20467	2790	573	104921	2581	0	110865
20468	2341	102855	2162	1989	0	109347
20469	2355	1886	102662	1711	0	108614
20470	1239	94728	1549	1144	0	98660
20471	84441	1609	1490	1212	0	88752
20472	82274	303	238	772	0	83587
20473	81302	94	216	530	0	82142
20474	578	81107	112	181	0	81978
20475	80136	290	110	541	0	81077
20476	399	198	78956	124	0	79677
20477	297	235	77461	198	0	78191
20478	384	325	235	78314	0	79258
20479	290	115	130	84051	0	84586
20480	126	83535	136	402	0	84199
20481	84967	374	57	466	0	85864
20482	571	159	48	86474	0	87252
20483	181	84057	133	509	0	84880
20484	227	491	98	87302	0	88118
20485	86486	151	81	1057	0	87775
20486	83239	118	38	858	0	84253
20487	735	191	80729	221	0	81876
20488	481	119	493	81790	0	82883
20489	293	167	81732	677	0	82869
20490	294	102	577	82727	0	83700
20491	162	177	82755	763	0	83857
20492	304	70	673	82409	0	83456
20493	232	142	82937	808	0	84119
20494	402	66	730	82206	0	83404
20495	198	128	84231	909	0	85466
20496	390	98	820	82238	0	83546
20497	248	73	373	85845	0	86539
20498	168	84848	315	1031	0	86362
20499	270	643	245	90129	0	91287
20500	155	277	87890	992	0	89314
20501	316	138	860	86999	0	88313
20502	199	105	394	88277	0	88975
20503	88120	43	320	1642	0	90125
20504	842	63	230	89696	0	90831
20505	415	104	155	88352	0	89026
20506	228	176	84108	1219	0	85731
20507	80693	77	807	1156	0	82733
20508	861	55	390	87749	0	89055
20509	415	55	269	87851	0	88590
20510	345	71	170	88960	0	89546
20511	88057	100	134	1864	0	90155
20512	963	73	159	89488	0	90683
20513	423	69	212	89948	0	90652
20514	88258	40	210	1970	0	90478
20515	978	88231	173	852	0	90234
20516	531	747	109	87718	0	89105
20517	403	269	106	88611	0	89389
20518	279	250	84945	1511	0	86985
20519	70267	142	887	1450	0	72746
20520	1116	88	318	83787	0	85309
20521	449	149	81361	1340	0	83299
20522	80514	103	858	1209	0	82684
20523	1143	159	304	85732	0	87338
20524	618	109	262	87226	0	88215
20525	461	102	233	88341	0	89137
20526	437	66	229	89729	0	90461
20527	379	147	94807	1849	0	97182
20528	543	112	1520	95199	0	97374
20529	667	82	515	119529	0	120793
20530	376	132	142033	3746	0	146287
20531	145516	70	4381	2230	0	152197
20532	156204	60	2172	2227	0	160663
20533	159558	60	1821	1603	0	163042
20534	9233	75	1568	154339	0	165215
20535	159548	71	992	5718	0	166329
20536	164420	84	470	3587	0	168561
20537	10582	73	652	160372	0	171679
20538	159582	71	347	7520	0	167520
20539	161825	74	344	4577	0	166820
20540	162961	79	344	3486	0	166870
20541	164877	68	301	3191	0	168437
20542	11838	74	302	154141	0	166355
20543	7850	142454	364	5899	0	156567
20544	5867	143591	662	3380	0	153500
20545	4932	149110	544	2558	0	157144
20546	144166	8077	291	2735	0	155269
20547	150083	5007	238	2214	0	157542
20548	9027	4081	141915	1621	0	156644
20549	148701	2887	4843	1990	0	158421
20550	10408	2056	2404	148754	0	163622
20551	7277	1188	1937	151320	0	161722
20552	5960	907	1724	154642	0	163233
20553	151222	474	1203	10003	0	162902
20554	8911	402	611	151095	0	161019
20555	4915	144640	835	9981	0	160371
20556	4619	5034	358	152805	0	162816
20557	3292	2998	151576	9558	0	167424
20558	3186	2585	5026	156547	0	167344
20559	154912	2479	2558	9717	0	169666
20560	7716	1846	154694	5426	0	169682
20561	5394	864	6547	156246	0	169051
20562	4707	931	3798	156179	0	165615
20563	4376	612	2598	159549	0	167135
20564	2934	155261	2392	10583	0	171170
20565	2727	5262	1418	161548	0	170955
20566	157910	2557	844	11688	0	172999
20567	158238	2063	977	7441	0	168719
20568	9309	1902	152042	5624	0	168877
20569	6003	1718	154723	4400	0	166844
20570	5593	1121	7392	155177	0	169283
20571	4996	960	4468	161498	0	171922
20572	3164	683	160179	10032	0	174058
20573	3463	768	7815	150934	0	162980
20574	2453	152613	4433	9307	0	168806
20575	162436	5694	3322	6981	0	178433
20576	164558	2847	2753	5702	0	175860
20577	164876	2286	1909	5026	0	174097
20578	11083	2225	161365	3734	0	178407
20579	8101	1779	6202	163124	0	179206
20580	6785	934	161576	7807	0	177102
20581	157450	881	7226	4959	0	170516
20582	9015	158111	4783	4190	0	176099
20583	5662	5256	3732	160766	0	175416
20584	162335	2725	2805	8716	0	176581
20585	8748	2355	2199	162694	0	175996
20586	5921	2129	1590	169093	0	178733
20587	4604	1666	161223	10924	0	178417
20588	153485	1279	5983	7766	0	168513
20589	9156	161072	3494	5815	0	179537
20590	6473	5271	2821	166878	0	181443
20591	167082	2755	2428	8859	0	181124
20592	9856	2356	2170	167006	0	181388
20593	166411	2213	1615	10234	0	180473
20594	9792	164697	1688	6766	0	182943
20595	172004	6041	1062	6118	0	185225
20596	11482	3809	167904	4390	0	187585
20597	171623	2801	5910	4732	0	185066
20598	176369	2320	3504	3571	0	185764
20599	178549	1879	3126	3739	0	187293
20600	14037	1473	2750	168472	0	186732
20601	10275	1873	2316	156480	0	170944
20602	8850	1646	1596	170051	0	182143
20603	6779	162270	1480	10959	0	181488
20604	169554	6235	1004	8548	0	185341
20605	10089	3316	1117	170662	0	185184
20606	7131	2676	1162	173354	0	184323
20607	6040	2319	1316	175505	0	185180
20608	168687	2089	1361	12890	0	185027
20609	9978	1531	1157	172674	0	185340
20610	6222	1620	162828	12612	0	183282
20611	5378	163804	5770	9003	0	183955
20612	5125	6200	2974	171252	0	185551
20613	4694	3865	2385	174630	0	185574
20614	3728	3225	2416	177416	0	186785
20615	3490	2615	165980	13031	0	185116
20616	3273	1986	165853	9703	0	180815
20617	3174	1374	8736	173070	0	186354
20618	3179	1647	177094	11395	0	193315
20619	3336	959	8664	182486	0	195445
20620	179380	863	5336	13111	0	198690
20621	186726	1062	3835	9931	0	201554
20622	187962	1110	3135	7950	0	200157
20623	11800	1354	179401	5922	0	198477
20624	179305	1358	6443	5695	0	192801
20625	12631	1552	4174	182681	0	201038
20626	8098	1062	179626	8694	0	197480
20627	6374	822	173180	5946	0	186322
20628	5053	167641	8932	6065	0	187691
20629	3275	152534	4003	3819	0	163631
20630	126589	2851	3825	2236	0	135501
20631	2581	806	782	122704	0	126873
20632	1069	513	124650	2149	0	128381
20633	1077	431	1606	124609	0	127723
20634	125469	303	752	2810	0	129334
20635	2157	365	133365	1124	0	137011
20636	128644	240	2081	1662	0	132627
20637	138782	240	822	1362	0	141206
20638	138511	231	638	1378	0	140758
20639	3047	135915	512	877	0	140351
20640	141634	2016	515	1136	0	145301
20641	3254	642	553	142215	0	146664
20642	1933	569	454	139085	0	142041
20643	1688	377	390	143589	0	146044
20644	1353	284	383	143443	0	145463
20645	140040	242	388	3814	0	144484
20646	2686	136004	447	1807	0	140944
20647	1162	132813	368	1239	0	135582
20648	1001	137255	400	1028	0	139684
20649	137885	2501	521	1457	0	142364
20650	138124	902	468	1416	0	140910
20651	137364	625	293	1261	0	139543
20652	137556	508	295	1098	0	139457
20653	3621	441	298	137121	0	141481
20654	1801	403	364	137512	0	140080
20655	137149	288	299	3426	0	141162
20656	2606	136048	342	1515	0	140511
20657	132138	1966	292	1577	0	135973
20658	135366	664	276	1468	0	137774
20659	3240	548	285	134319	0	138392
20660	1486	134665	410	2469	0	139030
20661	1400	2166	354	138658	0	142578
20662	136533	766	320	3361	0	140980
20663	2991	652	138290	1227	0	143160
20664	1877	447	1988	133527	0	137839
20665	1186	137911	760	2255	0	142112
20666	138109	2051	577	1780	0	142517
20667	134469	770	408	1677	0	137324
20668	3215	624	136793	866	0	141498
20669	1575	133609	2076	914	0	138174
20670	1236	2176	137693	709	0	141814
20671	1544	999	2135	132103	0	136781
20672	917	636	133021	2165	0	136739
20673	858	517	129455	923	0	131753
20674	653	130734	2211	778	0	134376
20675	129525	1815	933	1119	0	133392
20676	131358	678	618	1255	0	133909
20677	2414	134491	574	638	0	138117
20678	1165	134388	510	646	0	136709
20679	962	2366	128184	503	0	132015
20680	947	1112	123316	507	0	125882
20681	851	766	130162	495	0	132274
20682	1097	561	2371	130144	0	134173
20683	771	581	133232	1987	0	136571
20684	1020	515	2225	127761	0	131521
20685	1157	450	1001	123978	0	126586
20686	730	479	130751	2431	0	134391
20687	622	129130	2189	1220	0	133161
20688	933	1964	879	130201	0	133977
20689	130691	731	677	2714	0	134813
20690	2522	575	472	130412	0	133981
20691	1140	638	130425	2374	0	134577
20692	945	127631	2044	1133	0	131753
20693	833	136155	960	967	0	138915
20694	1060	2619	780	132920	0	137379
20695	130797	973	540	2892	0	135202
20696	130100	723	574	1619	0	133016
20697	3061	654	484	128330	0	132529
20698	1438	133434	535	2474	0	137881
20699	1432	2546	411	135356	0	139745
20700	1486	1040	391	139841	0	142758
20701	1405	810	317	140747	0	143279
20702	147690	623	345	4495	0	153153
20703	3671	149009	443	1866	0	154989
20704	150344	3314	368	2116	0	156142
20705	153405	1396	518	1753	0	157072
20706	153037	1012	436	1674	0	156159
20707	158736	808	400	1524	0	161468
20708	5879	741	373	154244	0	161237
20709	2714	752	154338	4044	0	161848
20710	1773	154480	3468	1986	0	161707
20711	157510	3694	1271	2108	0	164583
20712	160877	1463	751	1809	0	164900
20713	163135	998	544	1671	0	166348
20714	6045	873	157241	927	0	165086
20715	155051	681	3642	1481	0	160855
20716	162014	646	1415	1238	0	165313
20717	6488	934	833	157856	0	166111
20718	3109	712	150506	3952	0	158279
20719	2212	147851	3746	1717	0	155526
20720	2342	3749	1387	148106	0	155584
20721	146620	1370	1185	4637	0	153812
20722	5061	876	703	145937	0	152577
20723	2826	691	714	150988	0	155219
20724	153713	722	629	5860	0	160924
20725	5247	678	149983	2257	0	158165
20726	150277	652	4064	2250	0	157243
20727	153160	521	1670	2028	0	157379
20728	153870	533	1240	1787	0	157430
20729	154158	606	862	1743	0	157369
20730	6880	639	147292	1107	0	155918
20731	3977	494	4274	145071	0	153816
20732	2311	589	147226	4479	0	154605
20733	2516	732	4675	143826	0	151749
20734	1708	523	145481	5039	0	152751
20735	129283	381	4539	2683	0	136886
20736	4969	128403	1987	1537	0	136896
20737	2383	134276	1225	1033	0	138917
20738	2714	4485	1054	141370	0	149623
20739	2614	1747	981	146651	0	151993
20740	1587	151482	845	5776	0	159690
20741	153810	4956	665	3128	0	162559
20742	164779	1935	594	2178	0	169486
20743	174417	1230	625	1787	0	178059
20744	188204	858	763	1610	0	191435
20745	10819	610	689	183109	0	195227
20746	5867	695	641	193383	0	200586
20747	194772	676	578	10337	0	206363
20748	9732	490	642	193782	0	204646
20749	5177	681	186229	9309	0	201396
20750	3799	941	189833	4528	0	199101
20751	3692	680	9266	191068	0	204706
20752	2445	605	192783	8943	0	204776
20753	188283	424	8924	5327	0	202958
20754	9270	614	4228	191323	0	205435
20755	193591	422	2984	9331	0	206328
20756	10112	547	192668	4818	0	208145
20757	6472	456	8143	191494	0	206565
20758	4107	516	192923	9174	0	206720
20759	2969	189347	9309	5187	0	206812
20760	188427	7285	4670	4396	0	204778
20761	193704	3081	2818	3374	0	202977
20762	11403	187808	2203	2653	0	204067
20763	189320	7713	1918	2625	0	201576
20764	11817	3483	1821	183058	0	200179
20765	6796	2415	1479	189927	0	200617
20766	185141	1475	1554	11478	0	199648
20767	10490	177897	1402	6092	0	195881
20768	6247	185933	1247	4208	0	197635
20769	5763	10094	1196	180580	0	197633
20770	179070	4892	1359	9548	0	194869
20771	185139	2914	1313	5834	0	195200
20772	187314	2009	1373	4154	0	194850
20773	14262	2066	175685	2753	0	194766
20774	8343	1775	175960	2661	0	188739
20775	5772	174893	10155	2675	0	193495
20776	176733	8247	4892	2860	0	192732
20777	12326	3812	2993	170709	0	189840
20778	175558	2698	2149	9343	0	189748
20779	179916	1809	2013	5331	0	189069
20780	15023	1427	2159	170568	0	189177
20781	8611	1763	168944	9701	0	189019
20782	172584	1593	8320	5862	0	188359
20783	12542	1236	4160	170873	0	188811
20784	7541	1221	169728	10309	0	188799
20785	170267	1189	8730	6192	0	186378
20786	177210	961	4617	5112	0	187900
20787	14170	945	3880	169531	0	188526
20788	8336	1058	168038	10576	0	188008
20789	6909	1240	9042	162722	0	179913
20790	5418	166242	5122	10945	0	187727
20791	5504	7661	166683	6012	0	185860
20792	5602	169751	9256	4445	0	189054
20793	167973	8731	4816	3952	0	185472
20794	173385	4069	4069	3761	0	185284
20795	174607	2721	3206	3871	0	184405
20796	175581	2053	2888	3538	0	184060
20797	16058	1963	2513	163759	0	184293
20798	164431	1926	2642	9408	0	178407
20799	13968	1486	2175	159335	0	176964
20800	156070	1351	2195	10679	0	170295
20801	12286	147008	2016	6719	0	168029
20802	7918	6476	1793	136880	0	153067
20803	5593	140919	1749	8590	0	156851
20804	142808	7704	1704	5425	0	157641
20805	143806	4058	1769	4513	0	154146
20806	11685	137558	1809	3401	0	154453
20807	7734	7288	1630	134712	0	151364
20808	5823	3702	132423	7960	0	149908
20809	5348	3239	6321	133094	0	148002
20810	4955	2245	131687	8657	0	147544
20811	5147	1944	7364	119738	0	134193
20812	4056	126254	4141	7837	0	142288
20813	127304	6249	2936	5224	0	141713
20814	131711	3480	2294	3942	0	141427
20815	10793	2568	1890	126925	0	142176
20816	134089	1812	1959	8025	0	145885
20817	10572	1870	1778	131565	0	145785
20818	6977	1952	1505	135050	0	145484
20819	5764	1634	1430	138112	0	146940
20820	133871	1515	1334	11186	0	147906
20821	136336	1248	1186	7234	0	146004
20822	137227	1283	1396	5227	0	145133
20823	11540	126374	1467	4037	0	143418
20824	126864	5434	1519	3644	0	137461
20825	9486	122535	1437	3137	0	136595
20826	126500	6667	1302	2728	0	137197
20827	10290	3432	1255	120745	0	135722
20828	7153	2463	1322	125112	0	136050
20829	123501	2185	1160	8285	0	135131
20830	125229	1791	1134	5222	0	133376
20831	10009	118611	1203	3940	0	133763
20832	122630	5491	981	3476	0	132578
20833	9820	2926	826	117090	0	130662
20834	6741	2207	784	121202	0	130934
20835	119315	1520	820	8783	0	130438
20836	8862	1403	113672	5188	0	129125
20837	5908	110376	4591	3852	0	124727
20838	5126	4478	2184	100445	0	112233
20839	3281	2124	92227	4761	0	102393
20840	3639	3659	3445	86807	0	97550
20841	87429	893	2042	5423	0	95787
20842	4401	77564	1435	3288	0	86688
20843	2511	68374	946	2290	0	74121
20844	1391	58569	651	1255	0	61866
20845	2120	3069	1320	52389	0	58898
20846	51929	512	1547	2036	0	56024
20847	1428	336	95	50340	0	52199
20848	49681	281	92	1435	0	51489
20849	50137	239	129	590	0	51095
20850	1464	232	86	49480	0	51262
20851	50204	177	163	1332	0	51876
20852	1518	166	111	50554	0	52349
20853	691	185	50245	1322	0	52443
20854	49393	190	919	776	0	51278
20855	1367	175	54826	554	0	56922
20856	50944	98	923	497	0	52462
20857	1251	125	52595	377	0	54348
20858	529	92	654	49905	0	51180
20859	414	93	221	51653	0	52381
20860	52492	102	157	1078	0	53829
20861	1005	90	90	53846	0	55031
20862	54226	84	131	1072	0	55513
20863	944	53876	98	395	0	55313
20864	57251	701	68	515	0	58535
20865	1058	216	91	58610	0	59975
20866	543	181	85	59177	0	59986
20867	480	124	86	59613	0	60303
20868	420	123	102	59332	0	59977
20869	318	147	57540	1126	0	59131
20870	258	141	55452	519	0	56370
20871	396	145	819	57754	0	59114
20872	284	116	58565	945	0	59910
20873	239	57955	835	469	0	59498
20874	357	761	268	58831	0	60217
20875	260	257	59778	1020	0	61315
20876	282	200	57802	507	0	58791
20877	411	131	930	60532	0	62004
20878	363	107	305	61812	0	62587
20879	202	62341	207	1146	0	63896
20880	289	851	209	63838	0	65187
20881	196	298	64318	1112	0	65924
20882	61568	141	1083	673	0	63465
20883	1245	98	375	66233	0	67951
20884	67590	108	317	1527	0	69542
20885	68116	112	201	821	0	69250
20886	69081	141	215	691	0	70128
20887	1444	197	70028	363	0	72032
20888	512	166	69004	378	0	70060
20889	62364	115	1366	663	0	64508
20890	1317	133	71129	393	0	72972
20891	676	133	1188	67707	0	69704
20892	578	134	380	69617	0	70709
20893	434	137	70317	1435	0	72323
20894	356	69730	1240	628	0	71954
20895	69356	1032	511	682	0	71581
20896	1287	69754	387	492	0	71920
20897	569	73178	328	406	0	74481
20898	72996	1241	344	627	0	75208
20899	1339	426	75060	405	0	77230
20900	553	244	75108	358	0	76263
20901	547	193	1627	74227	0	76594
20902	76071	193	611	1547	0	78422
20903	1371	76175	474	580	0	78600
20904	76607	1315	379	655	0	78956
20905	1496	459	79103	418	0	81476
20906	547	84374	1506	395	0	86822
20907	637	1515	585	86751	0	89488
20908	396	550	88075	1655	0	90676
20909	664	357	1636	87795	0	90452
20910	1149	481	795	70819	0	73244
20911	703	291	430	90328	0	91752
20912	600	231	430	90742	0	92003
20913	88897	202	479	2411	0	91989
20914	87504	246	406	1165	0	89321
20915	2122	272	89239	733	0	92366
20916	83535	218	1736	801	0	86290
20917	1902	86052	749	584	0	89287
20918	86651	1473	489	786	0	89399
20919	1887	533	86680	607	0	89707
20920	973	394	1670	84968	0	88005
20921	633	266	87360	1794	0	90053
20922	544	241	86748	814	0	88347
20923	717	318	2073	85388	0	88496
20924	679	215	783	87144	0	88821
20925	495	293	86686	2146	0	89620
20926	504	83162	1817	942	0	86425
20927	494	86222	817	650	0	88183
20928	552	1850	615	87884	0	90901
20929	86317	632	539	2088	0	89576
20930	1673	90715	567	911	0	93866
20931	736	1703	90278	730	0	93447
20932	555	615	86383	667	0	88220
20933	462	452	90743	549	0	92206
20934	586	389	2343	87286	0	90604
20935	90185	362	1002	2156	0	93705
20936	1802	88978	703	972	0	92455
20937	813	1741	88621	675	0	91850
20938	522	87804	1989	583	0	90898
20939	578	1855	952	89923	0	93308
20940	466	732	90627	1854	0	93679
20941	423	91187	1981	916	0	94507
20942	673	1740	809	90121	0	93343
20943	651	729	670	94140	0	96190
20944	461	572	94660	2166	0	97859
20945	692	427	2059	89863	0	93041
20946	404	92182	1016	2058	0	95660
20947	481	1791	92113	958	0	95343
20948	89211	720	2036	991	0	92958
20949	2044	563	899	92847	0	96353
20950	926	494	705	92826	0	94951
20951	564	92816	678	2251	0	96309
20952	91606	1757	691	1298	0	95352
20953	1851	745	90199	764	0	93559
20954	86744	566	1954	919	0	90183
20955	1967	540	794	88045	0	91346
20956	733	88083	647	1772	0	91235
20957	617	1532	585	89042	0	91776
20958	521	673	541	91830	0	93565
20959	89871	520	482	2466	0	93339
20960	90822	378	539	1154	0	92893
20961	2209	288	512	91707	0	94716
20962	900	319	90555	1978	0	93752
20963	81268	368	1686	1409	0	84731
20964	1706	89802	761	716	0	92985
20965	925	1784	546	90092	0	93347
20966	844	635	439	92856	0	94774
20967	657	452	419	93263	0	94791
20968	506	496	91743	2602	0	95347
20969	561	381	1901	89888	0	92731
20970	351	91854	936	2206	0	95347
20971	544	1688	635	91252	0	94119
20972	417	92153	506	2125	0	95201
20973	678	1920	413	92487	0	95498
20974	463	778	91351	2318	0	94910
20975	82250	513	1821	1384	0	85968
20976	1948	456	864	91532	0	94800
20977	707	397	91207	1927	0	94238
20978	386	90615	1729	1078	0	93808
20979	89703	1631	806	1188	0	93328
20980	1569	731	89508	847	0	92655
20981	87073	508	1633	1013	0	90227
20982	1758	321	820	92371	0	95270
20983	893	293	517	91974	0	93677
20984	451	91508	478	1794	0	94231
20985	90884	1377	454	1185	0	93900
20986	89561	676	321	956	0	91514
20987	1727	94212	382	626	0	96947
20988	964	1381	424	95967	0	98736
20989	721	639	359	96552	0	98271
20990	607	382	359	96294	0	97642
20991	366	401	93564	2123	0	96454
20992	88854	388	1481	1311	0	92034
20993	1703	336	630	94627	0	97296
20994	885	391	473	95178	0	96927
20995	536	410	92206	2069	0	95221
20996	470	402	88992	1158	0	91022
20997	585	359	1670	94733	0	97347
20998	404	401	96201	1899	0	98905
20999	91283	311	1534	1249	0	94377
21000	1653	227	700	95754	0	98334
21001	829	272	484	97743	0	99328
21002	418	322	101779	2110	0	104629
21003	602	370	1441	102776	0	105189
21004	348	292	105322	2022	0	107984
21005	280	101551	1642	1093	0	104566
21006	94891	1242	912	1048	0	98093
21007	94824	367	465	864	0	96520
21008	1295	95367	334	607	0	97603
21009	753	1057	314	97598	0	99722
21010	423	495	98820	1359	0	101097
21011	445	302	1152	97966	0	99865
21012	97983	180	598	1770	0	100531
21013	1177	98419	453	712	0	100761
21014	99151	1016	248	902	0	101317
21015	1391	503	383	98531	0	100808
21016	98698	337	267	1586	0	100888
21017	1292	98354	280	717	0	100643
21018	99180	1080	288	870	0	101418
21019	1348	584	97653	416	0	100001
21020	652	99352	1049	442	0	101495
21021	718	938	400	100785	0	102841
21022	103607	415	297	1538	0	105857
21023	104374	274	175	907	0	105730
21024	1471	217	223	104737	0	106648
21025	106136	203	192	1628	0	108159
21026	104939	172	161	972	0	106244
21027	108327	234	192	875	0	109628
21028	1676	248	184	107732	0	109840
21029	790	210	107601	1285	0	109886
21030	706	270	96591	693	0	98260
21031	547	275	101308	545	0	102675
21032	103663	159	1309	660	0	105791
21033	1479	136	583	106493	0	108691
21034	597	107363	409	1238	0	109607
21035	694	1049	232	107243	0	109218
21036	474	108782	315	1246	0	110817
21037	112353	1147	260	945	0	114705
21038	1498	436	289	113829	0	116052
21039	867	269	284	116326	0	117746
21040	118225	182	267	2102	0	120776
21041	1749	216	239	118071	0	120275
21042	855	206	239	120424	0	121724
21043	121926	224	277	2324	0	124751
21044	1882	277	123685	847	0	126691
21045	995	201	1788	124038	0	127022
21046	655	342	124466	2154	0	127617
21047	120962	202	1893	1259	0	124316
21048	2285	218	638	126729	0	129870
21049	126476	211	370	2642	0	129699
21050	2439	218	285	127849	0	130791
21051	1000	283	131705	2378	0	135366
21052	1039	173	1919	133314	0	136445
21053	137585	150	755	2976	0	141466
21054	2347	138882	572	1186	0	142987
21055	978	1940	138932	865	0	142715
21056	128717	563	2044	1236	0	132560
21057	2434	138364	805	677	0	142280
21058	958	139798	597	668	0	142021
21059	704	153610	476	718	0	155508
21060	1160	2985	353	165500	0	169998
21061	169278	998	380	3782	0	174438
21062	177183	598	363	1644	0	179788
21063	4846	534	174423	809	0	180612
21064	170397	494	3488	1112	0	175491
21065	4441	172956	1142	615	0	179154
21066	2201	3567	701	175721	0	182190
21067	183436	1065	413	4428	0	189342
21068	185583	774	401	2052	0	188810
21069	186766	519	505	1483	0	189273
21070	184591	440	555	1205	0	186791
21071	186894	582	698	953	0	189127
21072	6427	731	388	183394	0	190940
21073	2641	937	182853	4170	0	190601
21074	2869	525	3540	184266	0	191200
21075	2960	580	980	188451	0	192971
21076	186770	503	737	5410	0	193420
21077	5790	181586	690	2099	0	190165
21078	185604	3786	491	1949	0	191830
21079	189412	1232	643	1908	0	193195
21080	192867	789	692	2262	0	196610
21081	196574	573	862	2112	0	200121
21082	7163	622	186319	1678	0	195782
21083	189050	637	3712	2065	0	195464
21084	196707	652	1232	1735	0	200326
21085	164153	1199	1095	3023	0	169470
21086	196097	522	657	1639	0	198915
21087	8145	438	685	186590	0	195858
21088	4388	549	182575	4818	0	192330
21089	180679	397	4147	2524	0	187747
21090	6691	184659	1782	1728	0	194860
21091	4670	3846	1176	180986	0	190678
21092	3827	188388	910	4376	0	197501
21093	3801	4127	820	192853	0	201601
21094	195431	1314	773	5801	0	203319
21095	196684	1067	904	2921	0	201576
21096	197006	912	1135	2217	0	201270
21097	8055	1045	180202	1597	0	190899
21098	182586	1094	3869	1914	0	189463
21099	7165	1012	177868	1554	0	187599
21100	4322	1135	175358	1440	0	182255
21101	3760	872	182420	1652	0	188704
21102	4564	1134	5392	165666	0	176756
21103	3855	755	2062	178666	0	185338
21104	3519	855	1595	177503	0	183472
21105	3310	757	1520	176544	0	182131
21106	3734	920	1490	165311	0	171455
21107	3172	768	1608	175124	0	180672
21108	2874	175878	1637	5670	0	186059
21109	174060	4048	1370	3436	0	182914
21110	5766	176592	1233	2797	0	186388
21111	3594	4507	1150	178909	0	188160
21112	3263	1606	1103	183056	0	189028
21113	178920	1065	1147	7265	0	188397
21114	6039	177248	1192	3702	0	188181
21115	180450	4329	1195	3238	0	189212
21116	6904	2016	1127	179268	0	189315
21117	4321	1532	1148	180915	0	187916
21118	3523	1527	1174	182290	0	188514
21119	2939	1457	175828	7358	0	187582
21120	3384	1370	4258	175955	0	184967
21121	3227	1499	171179	6786	0	182691
21122	3414	1479	163958	3814	0	172665
21123	3872	1145	176208	3295	0	184520
21124	3986	1095	5415	177085	0	187581
21125	3787	1005	2374	184591	0	191757
21126	3486	1098	1869	188060	0	194513
21127	185099	1178	1870	8149	0	196296
21128	7031	1335	1702	191052	0	201120
21129	191737	1010	2063	8117	0	202927
21130	7681	189675	1952	4445	0	203753
21131	200725	4957	1606	4490	0	211778
21132	210747	1787	1353	4787	0	218674
21133	8825	213986	1622	3812	0	228245
21134	216033	5340	1234	4676	0	227283
21135	215916	1962	1486	4351	0	223715
21136	222051	1391	1712	4163	0	229317
21137	222407	1235	1711	3559	0	228912
21138	10495	1514	212889	2749	0	227647
21139	6221	210721	5706	2576	0	225224
21140	5975	5828	2264	205221	0	219288
21141	210954	2205	1703	7363	0	222225
21142	8935	1561	209367	3772	0	223635
21143	5550	204327	5614	2887	0	218378
21144	5359	5039	2079	196409	0	208886
21145	4495	204648	1682	5864	0	216689
21146	4709	5801	1448	204398	0	216356
21147	4588	3014	1043	207304	0	215949
21148	4239	2088	204032	7349	0	217708
21149	4241	1754	200238	3443	0	209676
21150	189361	1693	6307	3633	0	200994
21151	7658	1878	202195	2373	0	214104
21152	4205	1726	200194	2433	0	208558
21153	4204	1898	6284	193558	0	205944
21154	3798	1464	2904	194319	0	202485
21155	3095	191469	2605	6961	0	204130
21156	3106	207212	2530	3866	0	216714
21157	2877	6256	208418	2832	0	220383
21158	4137	3797	6946	210321	0	225201
21159	2081	1772	207253	6595	0	217701
21160	1391	1063	186859	2755	0	192068
21161	1115	186116	6036	2140	0	195407
21162	2079	4383	2793	177306	0	186561
21163	178391	1600	1806	4790	0	186587
21164	4561	1063	1140	180081	0	186845
21165	180110	759	1129	5497	0	187495
21166	180043	668	1031	2823	0	184565
21167	179371	686	829	2348	0	183234
21168	5934	661	174816	1403	0	182814
21169	174681	600	4150	1520	0	180951
21170	5803	634	1776	179537	0	187750
21171	180781	498	1445	5020	0	187744
21172	181599	476	1054	2838	0	185967
21173	5838	177128	1049	1615	0	185630
21174	178039	3812	972	1833	0	184656
21175	5534	1738	177218	1066	0	185556
21176	170801	1070	4039	1789	0	177699
21177	173608	803	1679	1646	0	177736
21178	5682	175464	1302	998	0	183446
21179	175370	3880	955	1306	0	181511
21180	5930	1613	856	164982	0	173381
21181	3299	1108	892	164734	0	170033
21182	2230	164750	968	4671	0	172619
21183	2487	3901	751	167459	0	174598
21184	2142	1666	746	170708	0	175262
21185	1847	1323	165759	5549	0	174478
21186	1779	1124	161213	2876	0	166992
21187	157273	852	5013	2664	0	165802
21188	166570	805	2152	2012	0	171539
21189	6397	631	1621	166101	0	174750
21190	3342	707	165737	4667	0	174453
21191	2641	163549	4464	2161	0	172815
21192	2482	4148	2058	162506	0	171194
21193	2094	1829	164834	4821	0	173578
21194	157401	1265	4663	3122	0	166451
21195	5652	982	1986	169221	0	177841
21196	2687	171958	1733	5283	0	181661
21197	2626	4929	1341	174208	0	183104
21198	2464	1969	1227	178579	0	184239
21199	2343	1290	1455	180663	0	185751
21200	174541	1071	1425	7997	0	185034
21201	6398	1009	1173	174917	0	183497
21202	175439	1147	1070	7558	0	185214
21203	177776	1032	1028	4361	0	184197
21204	7950	823	173701	2943	0	185417
21205	3908	174531	5502	2568	0	186509
21206	4084	5397	2314	157263	0	169058
21207	2532	185241	1997	5138	0	194908
21208	188634	6446	1597	3368	0	200045
21209	7696	2664	1378	188560	0	200298
21210	3595	2005	186239	6983	0	198822
21211	2977	1545	182583	3673	0	190778
21212	2618	1343	185357	2890	0	192208
21213	180706	1272	8084	3189	0	193251
21214	7434	186001	3794	2275	0	199504
21215	185488	6245	2550	2841	0	197124
21216	8087	188513	2177	2120	0	200897
21217	4862	6866	1970	184839	0	198537
21218	4099	2939	2141	183893	0	193072
21219	3027	189049	1693	7723	0	201492
21220	2929	6855	187520	3929	0	201233
21221	2481	191965	6395	3154	0	203995
21222	187521	7462	2678	3103	0	200764
21223	7706	3263	1913	181384	0	194266
21224	3605	2422	177230	7206	0	190463
21225	2934	1963	177559	3481	0	185937
21226	3348	1838	8002	174940	0	188128
21227	2588	1589	173602	6682	0	184461
21228	2432	1527	165907	3147	0	173013
21229	154001	1403	7376	3063	0	165843
21230	5831	159934	3736	2157	0	171658
21231	151750	5122	2414	2468	0	161754
21232	6325	2349	148183	1837	0	158694
21233	3130	136486	5900	1746	0	147262
21234	2388	143341	3132	1570	0	150431
21235	3425	6856	2434	138582	0	151297
21236	2162	2804	1765	142256	0	148987
21237	2185	1912	1446	144927	0	150470
21238	1508	1580	141866	7474	0	152428
21239	1996	1432	5296	142505	0	151229
21240	1984	1284	2500	147871	0	153639
21241	142841	1159	1835	8170	0	154005
21242	5612	141095	1483	4200	0	152390
21243	3154	5209	1333	145506	0	155202
21244	144176	2458	1395	7059	0	155088
21245	145270	1767	1301	3990	0	152328
21246	7616	1506	1239	143057	0	153418
21247	3631	1487	142384	6624	0	154126
21248	2828	1416	5369	144252	0	153865
21249	1997	1219	143781	7274	0	154271
21250	144303	1030	6134	4221	0	155688
21251	158658	955	3106	3297	0	166016
21252	8537	1187	2395	161298	0	173417
21253	3830	953	163710	7194	0	175687
21254	2658	170527	6792	3739	0	183716
21255	2371	6956	176126	2371	0	187824
21256	3155	3860	7360	150547	0	164922
21257	1662	165044	2911	6348	0	175965
21258	156604	6031	1442	2681	0	166758
21259	6966	2109	1232	149390	0	159697
21260	2287	154602	1399	6308	0	164596
21261	157718	6379	1384	2935	0	168416
21262	6966	2211	1386	154638	0	165201
21263	2459	156338	1283	6679	0	166759
21264	2535	6509	1124	157762	0	167930
21265	1803	2511	155929	7131	0	167374
21266	149976	1722	6108	3509	0	161315
21267	155510	1547	2283	2588	0	161928
21268	7863	1362	150263	1874	0	161362
21269	3075	150155	6304	1766	0	161300
21270	152216	6346	2454	1957	0	162973
21271	7208	2523	1614	150801	0	162146
21272	3639	1737	1579	151310	0	158265
21273	2899	1346	1216	156016	0	161477
21274	2565	1276	1341	156844	0	162026
21275	2220	1202	1248	157980	0	162650
21276	150977	1249	1068	9520	0	162814
21277	156477	1159	1028	4624	0	163288
21278	8380	977	1037	152827	0	163221
21279	3696	829	1136	158149	0	163810
21280	2360	896	150447	9244	0	162947
21281	2093	903	151697	4494	0	159187
21282	148302	920	7290	3621	0	160133
21283	7739	979	2769	151009	0	162496
21284	3425	986	149122	7616	0	161149
21285	2904	760	6481	151062	0	161207
21286	151154	748	2672	8996	0	163570
21287	158302	698	2187	4667	0	165854
21288	8561	733	1959	154264	0	165517
21289	4194	725	1673	159086	0	165678
21290	156986	675	1515	9321	0	168497
21291	8059	645	1399	154412	0	164515
21292	3433	154515	1373	8469	0	167790
21293	3397	5601	1232	155198	0	165428
21294	3088	2141	1128	158352	0	164709
21295	2127	1245	150029	8775	0	162176
21296	2107	1025	144955	4400	0	152487
21297	1843	147671	6395	3593	0	159502
21298	144488	5446	2775	3441	0	156150
21299	144554	2128	1733	2748	0	151163
21300	147234	1340	1307	2910	0	152791
21301	7669	138463	1390	2486	0	150008
21302	3457	145488	1431	2398	0	152774
21303	140953	6022	1385	2625	0	150985
21304	6280	144537	1371	2276	0	154464
21305	3092	5952	139812	2059	0	150915
21306	2513	142616	5056	2052	0	152237
21307	2349	5436	135964	1930	0	145679
21308	129067	2520	4911	2185	0	138683
21309	136136	1751	2004	2122	0	142013
21310	6288	135262	1416	1851	0	144817
21311	139965	5284	1171	2075	0	148495
21312	153835	2127	1121	2070	0	159153
21313	157122	1842	1033	2063	0	162060
21314	8677	1508	1275	152294	0	163754
21315	156343	1292	1030	6373	0	165038
21316	8346	1382	147097	3228	0	160053
21317	153397	1436	4906	2875	0	162614
21318	8743	1097	2316	154679	0	166835
21319	4815	1243	152337	6264	0	164659
21320	4001	1096	154036	3426	0	162559
21321	3591	1105	6761	154015	0	165472
21322	3279	988	3577	160651	0	168495
21323	159000	1001	2723	8274	0	170998
21324	7188	891	1851	160690	0	170620
21325	3682	974	157689	8452	0	170797
21326	3818	801	5596	154705	0	164920
21327	2809	161103	2810	7921	0	174643
21328	166319	4856	2183	5264	0	178622
21329	7031	2233	1826	167694	0	178784
21330	3944	1770	164266	7310	0	177290
21331	3254	162869	5521	4432	0	176076
21332	162555	4975	2905	3645	0	174080
21333	6825	2319	2398	166218	0	177760
21334	3762	1999	166310	6490	0	178561
21335	3267	163584	5436	3953	0	176240
21336	165512	5052	2980	3739	0	177283
21337	165027	2183	2301	3024	0	172535
21338	168253	1861	1757	2689	0	174560
21339	8513	1257	1468	163556	0	174794
21340	5153	1175	1292	167565	0	175185
21341	164947	928	1331	7359	0	174565
21342	6710	161097	1013	4512	0	173332
21343	165659	4261	1086	3845	0	174851
21344	7112	2118	1062	164390	0	174682
21345	169702	1732	1011	6373	0	178818
21346	7321	1415	938	168161	0	177835
21347	4688	1056	1038	170025	0	176807
21348	4215	1168	1059	171710	0	178152
21349	3971	1270	1053	172031	0	178325
21350	3099	929	159239	7646	0	170913
21351	2469	895	146993	4345	0	154702
21352	133619	580	3848	3605	0	141652
21353	3859	552	146488	2540	0	153439
21354	1988	487	130294	1677	0	134446
21355	125850	426	3831	1443	0	131550
21356	130775	393	2999	1258	0	135425
21357	3495	384	1751	141144	0	146774
21358	143862	229	1200	2845	0	148136
21359	3338	145147	913	1722	0	151120
21360	149908	1590	715	2106	0	154319
21361	148321	1097	629	1705	0	151752
21362	154150	1101	482	1507	0	157240
21363	4331	807	479	152530	0	158147
21364	3083	147667	627	2139	0	153516
21365	2469	152624	654	1533	0	157280
21366	154664	2413	546	1652	0	159275
21367	155186	1706	613	1445	0	158950
21368	3460	1292	570	154663	0	159985
21369	2777	945	568	153852	0	158142
21370	2149	152654	656	2732	0	158191
21371	153496	1888	457	2468	0	158309
21372	3006	1366	153706	1811	0	159889
21373	2625	1162	1484	151252	0	156523
21374	2323	705	1038	155264	0	159330
21375	1609	630	155489	3187	0	160915
21376	1616	533	1865	153048	0	157062
21377	1666	105851	1871	3451	0	112839
21378	1324	1818	1093	158508	0	162743
21379	1370	1203	830	156726	0	160129
21380	1199	139476	718	3299	0	144692
21381	1110	156500	644	2716	0	160970
21382	932	2315	452	158960	0	162659
21383	158592	1645	434	3385	0	164056
21384	1982	1385	456	159631	0	163454
21385	1719	870	633	160925	0	164147
21386	1516	158715	849	3035	0	164115
21387	1476	1567	627	166599	0	170269
21388	1377	1079	684	165191	0	168331
21389	1228	965	708	166048	0	168949
21390	162208	665	505	4302	0	167680
21391	2268	656	458	163807	0	167189
21392	1913	565	357	162661	0	165496
21393	1862	619	281	163833	0	166595
21394	1524	737	156779	3778	0	162818
21395	138036	555	1330	3660	0	143581
21396	2354	155178	1054	2467	0	161053
21397	158919	1321	896	2089	0	163225
21398	2650	1080	583	159053	0	163366
21399	1975	1133	155902	2089	0	161099
21400	140410	933	1494	2220	0	145057
21401	2617	774	183357	1615	0	188363
21402	2356	553	1883	184538	0	189330
21403	193206	392	1419	2894	0	197911
21404	189811	342	1136	2308	0	193597
21405	196170	418	701	2284	0	199573
21406	3446	401	483	196733	0	201063
21407	2840	352	479	198496	0	202167
21408	2225	471	455	199497	0	202648
21409	1583	186809	397	3224	0	192013
21410	1092	187212	426	2648	0	191378
21411	875	185703	373	2281	0	189232
21412	303	176027	131	339	0	176800
21413	526	404	89	182899	0	183918
21414	336	168	71	184651	0	185226
21415	182957	88	94	1094	0	184233
21416	178773	74	144	842	0	179833
21417	182713	55	104	904	0	183776
21418	662	89	115	182650	0	183516
21419	377	60	78	185043	0	185558
21420	181724	87	64	1262	0	183137
21421	175887	122	77	1038	0	177124
21422	689	229	176282	344	0	177544
21423	450	258	165810	375	0	166893
21424	407	235	171080	310	0	172032
21425	298	223	181970	250	0	182741
21426	403	137	406	182792	0	183738
21427	183728	142	178	1049	0	185097
21428	463	180503	191	453	0	181610
21429	339	420	66	188004	0	188829
21430	260	345	189455	582	0	190642
21431	221	197201	411	490	0	198323
21432	337	366	99	204227	0	205029
21433	294	344	201055	545	0	202238
21434	539	116	351	196550	0	197556
21435	413	107	174	199912	0	200606
21436	203960	51	125	1269	0	205405
21437	567	86	105	205514	0	206272
21438	371	233	205970	521	0	207095
21439	493	134	401	202908	0	203936
21440	228	218475	291	602	0	219596
21441	408	398	199	230460	0	231465
21442	382	150	208	230897	0	231637
21443	414	123	161	228850	0	229548
21444	233137	67	117	1569	0	234890
21445	230699	80	112	1328	0	232219
21446	234662	72	101	1435	0	236270
21447	234232	58	90	1331	0	235711
21448	745	235	231950	261	0	233191
21449	223551	94	380	1131	0	225156
21450	233780	69	159	1155	0	235163
21451	636	190	231260	246	0	232332
21452	454	252	238775	245	0	239726
21453	552	57	435	242912	0	243956
21454	153	244898	279	431	0	245761
21455	253449	350	99	1117	0	255015
21456	258548	121	85	1199	0	259953
21457	255894	87	67	1119	0	257167
21458	841	47	53	255661	0	256602
21459	299	259871	159	477	0	260806
21460	270965	373	57	1589	0	272984
21461	272996	157	79	1257	0	274489
21462	831	128	69	271537	0	272565
21463	461	338	264879	1103	0	266781
21464	263453	76	494	1040	0	265063
21465	716	87	192	278248	0	279243
21466	281587	36	135	1576	0	283334
21467	811	73	90	285122	0	286096
21468	428	255	281925	565	0	283173
21469	294769	54	477	1786	0	297086
21470	856	67	184	307136	0	308243
21471	701	77	165	305497	0	306440
21472	492	117	97	308022	0	308728
21473	386	90	73	306796	0	307345
21474	310158	48	62	1832	0	312100
21475	771	67	83	309711	0	310632
21476	415	303513	207	739	0	304874
21477	415	587	84	313526	0	314612
21478	191	310405	185	831	0	311612
21479	467	778	56	317799	0	319100
21480	467	266	70	318009	0	318812
21481	174	312205	198	1089	0	313666
21482	390	735	81	320209	0	321415
21483	465	261	79	317709	0	318514
21484	315665	170	77	2302	0	318214
21485	1006	340	317438	599	0	319383
21486	778	117	1043	321687	0	323625
21487	324435	100	310	2681	0	327526
21488	321139	66	193	1785	0	323183
21489	322349	87	110	1665	0	324211
21490	2273	358	323779	331	0	326741
21491	1087	361	323102	387	0	324937
21492	1352	332	2421	337467	0	341572
21493	345506	74	990	3523	0	350093
21494	2410	304	340065	967	0	343746
21495	324977	167	2333	2018	0	329495
21496	2602	347418	1116	600	0	351736
21497	1799	1945	520	371857	0	376121
21498	1416	786	482	379144	0	381828
21499	381727	368	467	4542	0	387104
21500	3006	321	358	385022	0	388707
21501	360799	255	254	4232	0	365540
21502	364249	173	261	2755	0	367438
21503	3617	306	271	361970	0	366164
21504	2037	182	281	363158	0	365658
21505	359456	122	226	4823	0	364627
21506	3224	373	369838	1637	0	375072
21507	357421	101	2340	3292	0	363154
21508	3456	374	380194	853	0	384877
21509	378537	168	2454	2512	0	383671
21510	402499	128	944	2613	0	406184
21511	394351	202	727	2635	0	397915
21512	393641	99	455	2220	0	396415
21513	3970	389395	691	725	0	394781
21514	402658	2171	363	2214	0	407406
21515	403159	750	420	2122	0	406451
21516	4133	414659	500	744	0	420036
21517	420575	2430	279	2712	0	425996
21518	4053	1246	414554	511	0	420364
21519	404770	529	2507	2194	0	410000
21520	4386	836	418648	460	0	424330
21521	2932	408	3169	420495	0	427004
21522	2377	287	1377	424870	0	428911
21523	1737	715	417327	3946	0	423725
21524	2332	289	3305	421008	0	426934
21525	9899	3203	5734	236037	0	254873
21526	440481	324	961	6567	0	448333
21527	4978	298	910	444351	0	450537
21528	3002	343	739	439518	0	443602
21529	2283	321	590	445389	0	448583
21530	1463	430019	867	6092	0	438441
21531	1904	3562	609	433928	0	440003
21532	429656	1276	554	7220	0	438706
21533	5264	1012	432630	3080	0	441986
21534	3165	535	4479	439667	0	447846
21535	1975	817	439578	6256	0	448626
21536	426902	364	5412	4477	0	437155
21537	7005	463	2124	463180	0	472772
21538	3203	902	577755	7835	0	589695
21539	4048	406	13079	582532	0	600065
21540	3711	362	10789	576906	0	591768
21541	1869	574609	8859	23834	0	609171
21542	3769	12578	5499	607219	0	629065
21543	4211	10185	2148	645111	0	661655
21544	2135	8450	625365	33002	0	668952
21545	4603	4885	16134	632059	0	657681
21546	3987	2501	11961	650178	0	668627
21547	616258	1613	9333	37658	0	664862
21548	617136	1310	6609	28160	0	653215
21549	26765	615902	4428	19476	0	666571
21550	636229	16101	3624	15897	0	671851
21551	639918	11870	4180	13774	0	669742
21552	34679	632491	5545	11505	0	684220
21553	26981	21619	3981	634839	0	687420
21554	644343	14818	2357	28910	0	690428
21555	644125	11642	2427	22457	0	680651
21556	627804	8443	2436	19552	0	658235
21557	43032	604890	3913	13235	0	665070
21558	33186	20264	616873	10140	0	680463
21559	630658	14544	18040	11983	0	675225
21560	643765	13626	12181	11873	0	681445
21561	40726	633488	10036	9718	0	693968
21562	652753	23675	6395	10915	0	693738
21563	670490	16884	4756	8923	0	701053
21564	51237	13623	3599	635738	0	704197
21565	35419	11206	635108	25413	0	707146
21566	29916	8181	22191	649031	0	709319
21567	25203	5677	15348	657236	0	703464
21568	21764	6140	11242	669477	0	708623
21569	17130	7222	624342	45477	0	694171
21570	20190	5956	23696	611885	0	661727
21571	17959	5563	15993	648713	0	688228
21572	15588	4438	13455	659883	0	693364
21573	15298	4031	10621	662301	0	692251
21574	14519	4216	6620	662261	0	687616
21575	11028	620624	5652	60291	0	697595
21576	12492	22406	5633	657188	0	697719
21577	11177	14490	7493	678455	0	711615
21578	8206	11603	631367	56277	0	707453
21579	10906	7406	24212	700467	0	742991
21580	10321	5630	15922	718594	0	750467
21581	10417	4790	12708	745692	0	773607
21582	10223	4907	10426	764644	0	790200
21583	707377	5657	8188	76834	0	798056
21584	33084	5400	6477	754924	0	799885
21585	24334	5621	5301	764407	0	799663
21586	18608	6390	690932	70542	0	786472
21587	14629	646030	27353	55939	0	743951
21588	9934	707837	20370	46284	0	784425
21589	680794	36711	17970	40413	0	775888
21590	28713	703000	13215	35012	0	779940
21591	24985	38024	8290	698340	0	769639
21592	680085	25185	7462	55480	0	768212
21593	35791	19120	671953	45374	0	772238
21594	27168	15158	29770	685493	0	757589
21595	21463	674382	21265	53066	0	770176
21596	19820	32725	15780	677550	0	745875
21597	14041	678983	12243	57151	0	762418
21598	15950	41524	8119	694152	0	759745
21599	666222	29066	6593	62150	0	764031
21600	39133	22919	670127	44117	0	776296
21601	31774	18355	32024	653015	0	735168
21602	24279	674547	23279	51296	0	773401
21603	674559	37350	18251	41625	0	771785
21604	40275	28057	663605	37516	0	769453
21605	31804	23190	32503	676635	0	764132
21606	27876	17919	653425	52156	0	751376
21607	27133	12864	42742	664462	0	747201
21608	19684	12087	648891	59449	0	740111
21609	16505	13427	45938	644209	0	720079
21610	15610	13078	32178	665435	0	726301
21611	620772	12110	24079	69668	0	726629
21612	642087	11236	19472	52361	0	725156
21613	55721	10769	14962	628472	0	709924
21614	39945	608833	14990	55970	0	719738
21615	32735	34119	12240	637323	0	716417
21616	24465	24268	12700	645944	0	707377
21617	589719	17917	12976	76483	0	697095
21618	37816	592557	13150	60243	0	703766
21619	597838	35045	11311	50022	0	694216
21620	602743	26018	10687	41916	0	681364
21621	54410	565739	10338	38486	0	668973
21622	38449	606262	9765	37811	0	692287
21623	593350	45904	10127	41417	0	690798
21624	47784	31103	564244	42588	0	685719
21625	579964	24372	32176	38440	0	674952
21626	590590	20821	22152	35998	0	669561
21627	64263	557116	19042	33103	0	673524
21628	50668	37514	14790	504587	0	607559
21629	34990	566001	13555	51766	0	666312
21630	558552	47655	14081	42968	0	663256
21631	581505	35069	14526	35871	0	666971
21632	60171	29039	13760	556672	0	659642
21633	50038	24387	11415	575323	0	661163
21634	545361	20372	8706	65610	0	640049
21635	50840	527788	8768	54005	0	641401
21636	41061	515699	9161	46116	0	612037
21637	35673	519126	11150	35422	0	601371
21638	18746	375114	6953	23130	0	423943
21639	17599	389300	6413	23184	0	436496
21640	18734	36321	7104	368367	0	430526
21641	14235	22088	342612	36733	0	415668
21642	15416	352643	17483	24677	0	410219
21643	315579	26481	9320	17072	0	368452
21644	26042	17128	8487	312777	0	364434
21645	312687	14772	6884	25679	0	360022
21646	25081	311311	7170	18035	0	361597
21647	312439	22440	8161	16056	0	359096
21648	26672	310416	10468	13842	0	361398
21649	19133	23246	10263	310650	0	363292
21650	312552	14989	9360	24882	0	361783
21651	320808	12351	9191	19853	0	362203
21652	27729	10711	8756	316014	0	363210
21653	19641	10541	7619	317622	0	355423
21654	16826	302262	6286	32371	0	357745
21655	18215	19919	5401	314508	0	358043
21656	17263	13815	3911	323066	0	358055
21657	17094	12256	3314	318927	0	351591
21658	15358	290575	3379	35306	0	344618
21659	269768	18172	3070	24478	0	315488
21660	20523	274971	2941	20308	0	318743
21661	267894	21536	2777	15897	0	308104
21662	23957	268140	3447	13148	0	308692
21663	19536	21360	251310	11926	0	304132
21664	18155	15348	13074	252737	0	299314
21665	15071	13920	244763	17899	0	291653
21666	14203	12636	244529	12194	0	283562
21667	14712	11872	18685	240876	0	286145
21668	14366	10069	243218	17946	0	285599
21669	15452	8800	18499	239508	0	282259
21670	15940	8459	11961	243760	0	280120
21671	13967	8851	9277	253410	0	285505
21672	241824	9232	6952	27354	0	285362
21673	21196	9396	5775	247560	0	283927
21674	18256	8472	4047	250695	0	281470
21675	233681	6947	2924	27397	0	270949
21676	22140	219134	2723	21240	0	265237
21677	16412	206278	2035	18407	0	243132
21678	15675	217648	1801	14878	0	250002
21679	10481	20176	1854	164465	0	196976
21680	8155	7737	158415	13977	0	188284
21681	131027	6793	6569	9309	0	153698
21682	9691	136160	3305	5929	0	155085
21683	129075	7951	2205	4268	0	143499
21684	130684	5480	1415	3117	0	140696
21685	131510	5251	1142	2705	0	140608
21686	10571	5292	124723	2542	0	143128
21687	7277	4754	5021	126132	0	143184
21688	6973	3756	3253	129691	0	143673
21689	6991	3295	2492	131036	0	143814
21690	6556	3230	2073	127008	0	138867
21691	5569	118770	1734	8880	0	134953
21692	123911	6359	1292	6312	0	137874
21693	7179	3994	113924	4453	0	129550
21694	109875	2933	3707	3903	0	120418
21695	7482	3972	1773	104442	0	117669
21696	5160	99719	962	6502	0	112343
21697	4062	104633	714	5019	0	114428
21698	4022	8575	810	92518	0	105925
21699	2892	92448	739	4826	0	100905
21700	79024	2145	527	2419	0	84115
21701	2296	1270	75640	1536	0	80742
21702	1286	918	1169	71409	0	74782
21703	826	610	582	73823	0	75841
21704	676	617	451	74793	0	76537
21705	771	772	327	74196	0	76066
21706	73966	640	331	2344	0	77281
21707	1652	76111	375	1339	0	79477
21708	86352	1520	307	1215	0	89394
21709	2409	940	366	88150	0	91865
21710	1566	783	344	91676	0	94369
21711	1060	62868	319	34636	0	98883
21712	97459	1642	278	3059	0	102438
21713	100627	1015	302	2158	0	104102
21714	3664	98799	349	1328	0	104140
21715	2402	2621	325	92805	0	98153
21716	1397	97818	350	2740	0	102305
21717	96851	2969	346	2100	0	102266
21718	3013	1618	96925	1488	0	103044
21719	1869	1192	93900	1124	0	98085
21720	91022	825	3122	1190	0	96159
21721	2944	95810	1762	835	0	101351
21722	2068	2633	1004	95677	0	101382
21723	1509	1618	668	96968	0	100763
21724	893	1253	96002	3887	0	102035
21725	1255	823	2401	95810	0	100289
21726	1195	717	1466	96806	0	100184
21727	795	94014	1160	4036	0	100005
21728	974	2635	730	95964	0	100303
21729	904	1672	583	96542	0	99701
21730	92496	1210	480	4659	0	98845
21731	2605	89500	657	2834	0	95596
21732	1583	91975	700	1995	0	96253
21733	1462	3253	654	91926	0	97295
21734	1021	2032	446	94254	0	97753
21735	934	1331	355	93791	0	96411
21736	620	90818	371	4729	0	96538
21737	856	2639	400	94398	0	98293
21738	987	1533	340	94240	0	97100
21739	949	1269	264	94861	0	97343
21740	896	1062	214	93651	0	95823
21741	612	85318	328	5177	0	91435
21742	598	93105	315	3448	0	97466
21743	90780	3159	219	2522	0	96680
21744	92159	1891	217	1926	0	96193
21745	3882	1386	190	91973	0	97431
21746	2055	1037	91025	3653	0	97770
21747	1603	881	2249	92631	0	97364
21748	1231	791	1083	93385	0	96490
21749	89177	851	760	4600	0	95388
21750	3040	91440	499	2652	0	97631
21751	2039	2831	403	92015	0	97288
21752	1626	1562	297	94216	0	97701
21753	1030	1191	89884	4547	0	96652
21754	911	997	90763	2907	0	95578
21755	943	863	3314	91562	0	96682
21756	957	849	1928	90686	0	94420
21757	905	87729	1204	4289	0	94127
21758	746	92169	825	2826	0	96566
21759	89880	3400	714	2550	0	96544
21760	2918	1888	675	92795	0	98276
21761	1495	1297	92043	3585	0	98420
21762	1125	91733	2439	2433	0	97730
21763	997	2626	1293	94925	0	99841
21764	93515	1681	852	4019	0	100067
21765	2492	1391	517	95562	0	99962
21766	92658	997	528	4349	0	98532
21767	3042	93070	465	2634	0	99211
21768	91578	2704	422	2413	0	97117
21769	3279	1789	385	94017	0	99470
21770	1852	1504	96658	3723	0	103737
21771	1635	1175	2555	96763	0	102128
21772	1015	100414	1305	4216	0	106950
21773	1246	3295	942	101208	0	106691
21774	817	105526	680	4411	0	111434
21775	1182	4018	507	109598	0	115305
21776	862	2161	105234	5234	0	113491
21777	936	1598	101629	3378	0	107541
21778	776	1214	105238	2987	0	110215
21779	102485	1186	4691	2615	0	110977
21780	3584	103338	2395	2125	0	111442
21781	2163	108480	1592	1760	0	113995
21782	105179	4603	1013	2158	0	112953
21783	107266	2556	974	2032	0	112828
21784	5021	1844	876	105781	0	113522
21785	2685	1511	105287	4529	0	114012
21786	2128	1257	100568	2686	0	106639
21787	1738	1037	4538	102079	0	109392
21788	101190	1024	2517	5094	0	109825
21789	3603	101200	1691	3160	0	109654
21790	2171	3814	1259	103542	0	110786
21791	102040	2009	1182	5198	0	110429
21792	102192	1415	1020	3706	0	108333
21793	4579	1139	99344	2861	0	107923
21794	95835	1214	3406	2663	0	103118
21795	4585	1265	102419	2023	0	110292
21796	2758	1170	103807	1799	0	109534
21797	2495	1014	4580	99456	0	107545
21798	1913	936	2563	102071	0	107483
21799	1798	1094	1776	105394	0	110062
21800	1340	1187	100112	5976	0	108615
21801	99304	1039	3669	3971	0	107983
21802	4261	981	1882	106280	0	113404
21803	103182	896	1545	5579	0	111202
21804	103493	1179	1228	3656	0	109556
21805	5113	102086	1206	2877	0	111282
21806	2970	104477	1183	2584	0	111214
21807	2012	105418	1213	2296	0	110939
21808	1787	4214	1044	92769	0	99814
21809	1177	1877	92236	3385	0	98675
21810	1352	3847	2958	83391	0	91548
21811	1034	84970	1391	3187	0	90582
21812	902	85568	973	1476	0	88919
21813	1111	3012	681	82644	0	87448
21814	80688	1326	608	2941	0	85563
21815	2602	79219	623	1331	0	83775
21816	1084	81082	604	1231	0	84001
21817	82969	2732	590	1310	0	87601
21818	2941	1187	560	83033	0	87721
21819	1488	1038	495	83851	0	86872
21820	1277	815	443	86198	0	88733
21821	82061	699	438	3737	0	86935
21822	83988	577	464	2059	0	87088
21823	3507	538	565	83256	0	87866
21824	1817	587	80312	2996	0	85712
21825	80275	509	2491	1673	0	84948
21826	3164	504	1130	82889	0	87687
21827	1480	506	81202	3195	0	86383
21828	1241	489	80423	1703	0	83856
21829	1253	468	3001	84028	0	88750
21830	931	543	88174	3367	0	93015
21831	1271	464	3006	94924	0	99665
21832	1495	606	1581	89155	0	92837
21833	1268	483	1032	103100	0	105883
21834	99969	548	806	5543	0	106866
21835	3921	633	709	101328	0	106591
21836	2140	707	758	103585	0	107190
21837	1680	798	711	103794	0	106983
21838	1342	739	813	104674	0	107568
21839	968	885	98035	5611	0	105499
21840	821	97618	3242	3337	0	105018
21841	942	3159	1480	98224	0	103805
21842	952	1494	1215	96259	0	99920
21843	701	91178	1025	4603	0	97507
21844	801	98428	932	2649	0	102810
21845	96082	3717	827	2564	0	103190
21846	3308	95396	749	1925	0	101378
21847	1833	3713	676	94858	0	101080
21848	1461	1812	94673	3934	0	101880
21849	90180	1261	2832	2604	0	96877
21850	3573	1031	91413	2260	0	98277
21851	90215	739	3401	2167	0	96522
21852	92823	591	1506	2061	0	96981
21853	4571	572	92623	1705	0	99471
21854	2782	572	3445	87106	0	93905
21855	1903	87564	1683	3920	0	95070
21856	1678	2962	1448	97029	0	103117
21857	99117	1266	1133	4839	0	106355
21858	101382	1092	1115	2894	0	106483
21859	4562	99872	1132	2368	0	107934
21860	101910	3214	1040	2441	0	108605
21861	4640	1290	924	99575	0	106429
21862	99128	954	993	5120	0	106195
21863	102482	768	952	3161	0	107363
21864	5273	723	770	101039	0	107805
21865	100777	692	724	5299	0	107492
21866	96743	695	670	3589	0	101697
21867	4659	864	96330	2928	0	104781
21868	95083	857	3093	2799	0	101832
21869	4723	902	95166	2306	0	103097
21870	2450	800	89264	1778	0	94292
21871	1829	91233	3595	1878	0	98535
21872	1727	2655	1774	86528	0	92684
21873	1304	1267	87541	3280	0	93392
21874	1191	1063	83357	1935	0	87546
21875	86383	764	3042	1638	0	91827
21876	3071	655	1510	87445	0	92681
21877	1667	633	1235	90339	0	93874
21878	1411	662	949	91214	0	94236
21879	1210	793	682	91519	0	94204
21880	1371	740	664	92618	0	95393
21881	1315	716	89612	4284	0	95927
21882	1392	674	88872	2360	0	93298
21883	1392	633	3072	91254	0	96351
21884	89836	600	1592	3798	0	95826
21885	2949	88612	1229	2283	0	95073
21886	1939	2372	943	90020	0	95274
21887	89648	928	856	3744	0	95176
21888	3318	88780	934	2231	0	95263
21889	2167	2493	912	90253	0	95825
21890	1996	1117	793	91867	0	95773
21891	1622	831	804	92616	0	95873
21892	90078	599	812	4729	0	96218
21893	3285	556	88030	2888	0	94759
21894	87464	465	2836	2444	0	93209
21895	3780	554	1414	89615	0	95363
21896	2021	519	1291	86989	0	90820
21897	1571	86380	1166	4291	0	93408
21898	1363	2265	83481	2892	0	90001
21899	83807	961	2509	2693	0	89970
21900	88158	841	1417	2334	0	92750
21901	3701	738	86273	2050	0	92762
21902	81732	647	2507	2282	0	87168
21903	3393	84819	1367	2068	0	91647
21904	1920	85480	1150	1832	0	90382
21905	1586	87812	1103	1573	0	92074
21906	83921	3132	1087	1617	0	89757
21907	3162	1647	84993	1422	0	91224
21908	1983	1774	2442	80632	0	86831
21909	1443	79919	1332	2666	0	85360
21910	1244	81555	1011	1682	0	85492
21911	1210	82563	870	1322	0	85965
21912	2197	3554	932	60569	0	67252
21913	77938	1238	551	2723	0	82450
21914	2355	78916	513	1587	0	83371
21915	1350	2023	500	79937	0	83810
21916	1257	1060	464	81313	0	84094
21917	78149	865	582	2952	0	82548
21918	2647	693	563	77984	0	81887
21919	1595	568	407	80478	0	83048
21920	1270	606	77899	3125	0	82900
21921	1250	637	1753	77781	0	81421
21922	1135	572	890	81168	0	83765
21923	79338	398	753	3167	0	83656
21924	79651	402	523	1883	0	82459
21925	3135	314	524	79701	0	83674
21926	73856	390	471	3134	0	77851
21927	77638	495	476	1770	0	80379
21928	2816	76451	671	1125	0	81063
21929	1667	1807	74482	917	0	78873
21930	1407	71814	1964	816	0	76001
21931	1486	2650	851	64111	0	69098
21932	62176	523	718	1355	0	64772
21933	1020	61351	301	679	0	63351
21934	595	952	242	61868	0	63657
21935	61354	473	227	1251	0	63305
21936	60687	355	286	755	0	62083
21937	1171	328	251	61063	0	62813
21938	547	338	61925	1268	0	64078
21939	556	261	723	62811	0	64351
21940	485	286	283	64697	0	65751
21941	355	285	63728	1480	0	65848
21942	518	177	818	63089	0	64602
21943	549	190	412	63532	0	64683
21944	66087	148	285	1678	0	68198
21945	984	193	256	66882	0	68315
21946	565	188	219	67271	0	68243
21947	65246	193	171	1754	0	67364
21948	63939	179	237	1067	0	65422
21949	63863	170	260	894	0	65187
21950	1392	235	63360	639	0	65626
21951	764	259	873	62499	0	64395
21952	508	63940	355	1137	0	65940
21953	591	948	210	66841	0	68590
21954	552	437	67004	1257	0	69250
21955	894	450	897	60904	0	63145
21956	486	292	64073	1038	0	65889
21957	57851	194	867	730	0	59642
21958	60642	112	353	541	0	61648
21959	866	97	183	62649	0	63795
21960	552	98	126	62013	0	62789
21961	424	99	140	61276	0	61939
21962	262	62838	160	928	0	64188
21963	62625	556	113	886	0	64180
21964	63719	228	113	733	0	64793
21965	919	185	69	63492	0	64665
21966	508	148	80	63150	0	63886
21967	385	109	111	63731	0	64336
21968	368	77	100	63885	0	64430
21969	277	140	62154	1119	0	63690
21970	340	73	589	62492	0	63494
21971	60733	59	293	1161	0	62246
21972	60499	80	158	802	0	61539
21973	907	97	114	59675	0	60793
21974	453	112	57702	848	0	59115
21975	54465	80	530	698	0	55773
21976	815	123	294	57822	0	59054
21977	405	55633	209	798	0	57045
21978	282	58527	147	425	0	59381
21979	60021	633	208	669	0	61531
21980	741	238	71	61036	0	62086
21981	391	144	64	62136	0	62735
21982	337	85	72	64915	0	65409
21983	331	65	66	65203	0	65665
21984	255	76	62	68888	0	69281
21985	170	132	68134	1373	0	69809
21986	232	100	65394	758	0	66484
21987	172	104	67019	560	0	67855
21988	290	41	1441	67393	0	69165
21989	179	77	70058	1263	0	71577
21990	333	50	1265	69096	0	70744
21991	340	64	612	69637	0	70653
21992	257	65	441	73517	0	74280
21993	74411	52	364	2341	0	77168
21994	1388	65	378	75157	0	76988
21995	702	44	405	77451	0	78602
21996	76121	46	442	2391	0	79000
21997	1394	75545	463	1285	0	78687
21998	566	79629	444	946	0	81585
21999	79706	1741	250	1248	0	82945
22000	1619	82155	308	789	0	84871
22001	82075	1732	166	1083	0	85056
22002	83063	688	157	1061	0	84969
22003	82942	431	126	1044	0	84543
22004	81449	351	120	979	0	82899
22005	82565	327	113	923	0	83928
22006	2686	81207	129	621	0	84643
22007	81384	1813	109	838	0	84144
22008	82692	864	146	828	0	84530
22009	2786	84038	189	503	0	87516
22010	91453	1870	153	761	0	94237
22011	93915	949	144	744	0	95752
22012	103181	677	137	698	0	104693
22013	108544	589	124	739	0	109996
22014	5418	612	111025	604	0	117659
22015	3383	519	3449	117212	0	124563
22016	2580	543	1036	123147	0	127306
22017	1693	694	120562	5052	0	128001
22018	1690	580	117800	2123	0	122193
22019	119097	481	4956	1734	0	126268
22020	5777	527	2025	122078	0	130407
22021	2659	465	123862	4354	0	131340
22022	2270	548	122006	1711	0	126535
22023	122025	417	5421	1861	0	129724
22024	127754	350	2377	1481	0	131962
22025	128530	329	1764	1275	0	131898
22026	7132	297	126288	932	0	134649
22027	4156	243	4691	125364	0	134454
22028	2732	307	127934	4624	0	135597
22029	124740	239	5486	2472	0	132937
22030	5732	327	130086	1829	0	137974
22031	3242	299	5918	126395	0	135854
22032	3094	338	2695	126543	0	132670
22033	2087	129004	2188	5298	0	138577
22034	132441	4248	1560	3192	0	141441
22035	5809	1361	132439	2051	0	141660
22036	131108	1029	5727	1765	0	139629
22037	6886	597	137270	1143	0	145896
22038	3923	379	6184	132032	0	142518
22039	3280	339	2823	136352	0	142794
22040	2658	384	2418	138688	0	144148
22041	135095	393	1853	7470	0	144811
22042	6722	433	1705	131847	0	140707
22043	3937	375	1547	136174	0	142033
22044	2823	130332	1750	6778	0	141683
22045	2774	4293	1584	134699	0	143350
22046	131216	1416	1569	7664	0	141865
22047	6266	1381	131329	3366	0	142342
22048	3853	757	5477	130914	0	141001
22049	2996	587	130864	6544	0	140991
22050	2524	125434	6385	3572	0	137915
22051	2219	4343	131143	3153	0	140858
22052	126704	1671	6705	3241	0	138321
22053	133587	1158	3273	2936	0	140954
22054	7396	770	2885	130162	0	141213
22055	131804	599	2508	6853	0	141764
22056	134286	505	2499	4001	0	141291
22057	8080	584	2275	132468	0	143407
22058	4890	744	2308	135794	0	143736
22059	3726	684	131639	7702	0	143751
22060	3441	129332	6197	4072	0	143042
22061	131184	4517	3412	3768	0	142881
22062	6874	128446	2786	2970	0	141076
22063	4435	5447	2469	129425	0	141776
22064	4198	2175	2051	132731	0	141155
22065	3668	1533	2376	133602	0	141179
22066	3433	1138	2113	134433	0	141117
22067	2900	968	128006	8702	0	140576
22068	122816	1001	6245	5411	0	135473
22069	132671	944	3241	4243	0	141099
22070	8180	994	2720	129878	0	141772
22071	130992	899	2108	7808	0	141807
22072	8006	959	1867	132127	0	142959
22073	4240	985	129203	8307	0	142735
22074	4041	1152	5725	127577	0	138495
22075	3546	127506	2981	7805	0	141838
22076	3306	4707	2605	126966	0	137584
22077	2834	128653	2124	8033	0	141644
22078	2906	5209	1928	124815	0	134858
22079	2556	127227	1836	8192	0	139811
22080	124013	5480	1813	5450	0	136756
22081	6268	2379	124380	4487	0	137514
22082	3557	116576	5481	4032	0	129646
22083	3170	122442	2820	3663	0	132095
22084	3258	5294	2907	118410	0	129869
22085	3162	2210	2039	117739	0	125150
22086	2917	1631	2080	117734	0	124362
22087	2877	1207	2033	120633	0	126750
22088	2493	114603	2174	7851	0	127121
22089	2663	4702	1816	117604	0	126785
22090	2756	1988	1686	120040	0	126470
22091	114492	1864	1568	7652	0	125576
22092	6114	1446	1397	116978	0	125935
22093	3143	1446	112021	7243	0	123853
22094	3024	1304	108423	4331	0	117082
22095	103267	1179	4894	4436	0	113776
22096	4959	107432	2414	3818	0	118623
22097	2376	111054	1837	3385	0	118652
22098	2606	4662	1619	108150	0	117037
22099	2100	2334	1316	110883	0	116633
22100	1756	1954	104512	6548	0	114770
22101	98969	1638	3983	4263	0	108853
22102	105731	1375	1776	4103	0	112985
22103	5240	1199	108866	3660	0	118965
22104	2753	924	104187	3679	0	111543
22105	106403	848	4517	3704	0	115472
22106	113326	736	2261	3446	0	119769
22107	113185	919	1897	3054	0	119055
22108	112987	958	1417	2845	0	118207
22109	6114	106031	1117	2631	0	115893
22110	100800	3426	862	2316	0	107404
22111	4652	1529	94531	2296	0	103008
22112	1899	1133	84500	1747	0	89279
22113	1521	834	88025	1537	0	91917
22114	1733	5137	2819	72463	0	82152
22115	72397	223	1203	1335	0	75158
22116	72196	220	300	738	0	73454
22117	1130	229	251	72461	0	74071
22118	761	210	266	66402	0	67639
22119	522	215	232	73105	0	74074
22120	448	76450	270	1176	0	78344
22121	77691	723	203	1057	0	79674
22122	77907	349	183	869	0	79308
22123	78456	274	194	774	0	79698
22124	78338	211	215	723	0	79487
22125	78522	204	204	634	0	79564
22126	1235	153	293	75723	0	77404
22127	627	73699	271	1058	0	75655
22128	863	720	195	69123	0	70901
22129	574	423	177	73151	0	74325
22130	71936	217	200	1093	0	73446
22131	762	202	70074	520	0	71558
22132	390	158	65236	412	0	66196
22133	379	193	65995	327	0	66894
22134	72162	118	599	493	0	73372
22135	76251	60	409	492	0	77212
22136	698	59	165	78807	0	79729
22137	399	57	136	76765	0	77357
22138	355	69	121	78428	0	78973
22139	228	91	79506	634	0	80459
22140	332	83	438	76951	0	77804
22141	228	108	83591	598	0	84525
22142	308	66	494	83281	0	84149
22143	300	69	267	83552	0	84188
22144	241	39	191	86265	0	86736
22145	85878	35	170	1012	0	87095
22146	85261	37	156	784	0	86238
22147	713	96	86388	312	0	87509
22148	84070	44	459	617	0	85190
22149	87516	44	221	513	0	88294
22150	811	33	157	88315	0	89316
22151	90199	23	170	911	0	91303
22152	710	28	153	90912	0	91803
22153	454	38	118	91590	0	92200
22154	275	102	89447	815	0	90639
22155	83443	42	460	788	0	84733
22156	678	28	259	90972	0	91937
22157	407	86	91809	681	0	92983
22158	396	111	92524	471	0	93502
22159	522	20	658	92563	0	93763
22160	379	31	363	94601	0	95374
22161	97050	10	216	1206	0	98482
22162	709	19	176	97848	0	98752
22163	517	18	152	97090	0	97777
22164	407	16	166	99075	0	99664
22165	394	11	199	104465	0	105069
22166	108147	14	170	1786	0	110117
22167	107687	15	210	1245	0	109157
22168	111014	20	178	991	0	112203
22169	113895	22	163	900	0	114980
22170	2103	40	155	118607	0	120905
22171	120446	12	151	2078	0	122687
22172	2181	16	156	120564	0	122917
22173	121977	14	153	2357	0	124501
22174	2435	37	147	121418	0	124037
22175	1434	10	153	120463	0	122060
22176	636	119547	176	3559	0	123918
22177	778	1545	119	122430	0	124872
22178	120301	617	133	2737	0	123788
22179	117433	244	119	1774	0	119570
22180	2689	170	120252	739	0	123850
22181	1217	120517	1731	679	0	124144
22182	121464	1595	821	1135	0	125015
22183	2108	124279	446	526	0	127359
22184	123674	1809	268	1117	0	126868
22185	2269	129313	251	623	0	132456
22186	1279	1958	129630	586	0	133453
22187	761	129418	1826	624	0	132629
22188	600	130666	801	729	0	132796
22189	872	2406	351	136882	0	140511
22190	138994	1047	263	2859	0	143163
22191	2551	460	207	139970	0	143188
22192	1557	380	153	140977	0	143067
22193	138889	240	211	3693	0	143033
22194	141446	300	175	2177	0	144098
22195	3431	342	148	142200	0	146121
22196	1980	265	186	142550	0	144981
22197	1423	264	175	143701	0	145563
22198	139491	266	181	3972	0	143910
22199	2633	408	139599	1642	0	144282
22200	1811	287	1975	139676	0	143749
22201	1111	414	142261	2600	0	146386
22202	775	138340	2245	1620	0	142980
22203	816	2058	136787	1083	0	140744
22204	1116	963	2239	135043	0	139361
22205	780	652	136740	2621	0	140793
22206	130260	405	2447	2032	0	135144
22207	2694	373	1044	137723	0	141834
22208	1421	140473	665	2720	0	145279
22209	1228	2235	427	141614	0	145504
22210	886	139399	467	2798	0	143550
22211	866	139846	359	1704	0	142775
22212	877	141378	455	1196	0	143906
22213	1136	2943	290	132913	0	137282
22214	837	136110	384	2510	0	139841
22215	133464	2431	295	2090	0	138280
22216	2659	1211	129598	1197	0	134665
22217	1607	833	121868	1149	0	125457
22218	1146	741	129489	1000	0	132376
22219	1209	559	2908	133191	0	137867
22220	1198	474	1267	127982	0	130921
22221	1218	524	699	128024	0	130465
22222	1404	461	539	129308	0	131712
22223	1656	536	508	121558	0	124258
22224	1282	128865	553	3568	0	134268
22225	1299	2426	125742	2074	0	131541
22226	1424	1346	121166	1532	0	125468
22227	1157	129192	2840	1444	0	134633
22228	1348	2423	1260	132681	0	137712
22229	1319	1266	759	134706	0	138050
22230	1312	884	575	134008	0	136779
22231	131417	909	586	4489	0	137401
22232	2807	908	128863	2529	0	135107
22233	124373	743	2295	2366	0	129777
22234	127450	823	1124	2091	0	131488
22235	3528	123498	836	1625	0	129487
22236	1888	126294	688	1428	0	130298
22237	127687	2971	677	1978	0	133313
22238	3308	1614	574	128042	0	133538
22239	2138	1090	585	132996	0	136809
22240	1509	1023	136747	3837	0	143116
22241	1318	1170	131597	1937	0	136022
22242	1440	1048	3533	138716	0	144737
22243	140743	1223	1666	4077	0	147709
22244	3444	1206	149564	1982	0	156196
22245	151737	1044	3559	2141	0	158481
22246	4384	975	1712	158584	0	165655
22247	2510	903	1139	166846	0	171398
22248	1974	890	991	173000	0	176855
22249	1313	840	169927	6191	0	178271
22250	1256	160690	4205	3185	0	169336
22251	1215	172606	1782	2374	0	177977
22252	172880	4957	980	2840	0	181657
22253	179179	1832	875	2519	0	184405
22254	6364	1007	871	179228	0	187470
22255	179891	772	887	6517	0	188067
22256	5722	734	174575	3062	0	184093
22257	2474	903	172645	2057	0	178079
22258	2178	841	5882	170156	0	179057
22259	175970	699	2577	6246	0	185492
22260	5749	679	1647	177365	0	185440
22261	2877	581	1477	184483	0	189418
22262	179175	623	1346	7982	0	189126
22263	184734	723	1515	3885	0	190857
22264	6467	190521	1388	2500	0	200876
22265	190482	5081	1132	2477	0	199172
22266	7026	1958	999	184421	0	194404
22267	2482	187201	998	6039	0	196720
22268	186339	5039	927	3207	0	195512
22269	6006	188382	931	1929	0	197248
22270	2885	5213	938	185013	0	194049
22271	184586	1426	733	5937	0	192682
22272	5700	1075	180210	2022	0	189007
22273	2322	843	178201	1580	0	182946
22274	2316	1095	5206	175223	0	183840
22275	2036	681	1656	181663	0	186036
22276	2224	633	1088	176590	0	180535
22277	1390	179577	931	5621	0	187519
22278	187821	5161	626	3177	0	196785
22279	189599	1692	614	2694	0	194599
22280	191159	1107	726	2572	0	195564
22281	6970	197659	742	1688	0	207059
22282	3915	5655	630	215409	0	225609
22283	2863	2040	643	220617	0	226163
22284	2581	1312	686	223045	0	227624
22285	208272	1162	761	9862	0	220057
22286	7163	208623	975	3670	0	220431
22287	3798	6358	763	209792	0	220711
22288	3028	2142	602	215259	0	221031
22289	1981	1622	203671	9259	0	216533
22290	1732	201996	5919	4284	0	213931
22291	2635	6652	1850	202340	0	213477
22292	2799	2339	1043	207947	0	214128
22293	2982	1634	836	208992	0	214444
22294	198736	1590	674	10429	0	211429
22295	7195	198901	775	5333	0	212204
22296	201487	6741	773	4691	0	213692
22297	8441	2604	942	201723	0	213710
22298	201848	1993	743	9317	0	213901
22299	8263	2008	195877	4523	0	210671
22300	196443	1629	6200	4704	0	208976
22301	203536	1437	2091	4724	0	211788
22302	9427	1566	200039	3243	0	214275
22303	4891	1943	6518	201688	0	215040
22304	4244	1651	2362	198250	0	206507
22305	208701	1431	1549	11270	0	222951
22306	8911	1261	1322	211780	0	223274
22307	5114	1366	1339	210325	0	218144
22308	4333	1600	1158	214206	0	221297
22309	3660	1646	202449	10578	0	218333
22310	188663	1294	6647	6703	0	203307
22311	8856	204565	2460	4688	0	220569
22312	5071	6763	1984	200821	0	214639
22313	4031	200367	1708	8733	0	214839
22314	3528	214085	1502	5106	0	224221
22315	3633	8312	1557	214105	0	227607
22316	2853	3289	210587	10598	0	227327
22317	2965	2471	211674	5834	0	222944
22318	3916	2045	8149	215624	0	229734
22319	2979	2187	214120	10679	0	229965
22320	208769	1917	7711	6825	0	225222
22321	9239	2153	3041	220886	0	235319
22322	4607	2079	2536	224339	0	233561
22323	3368	220494	2241	11700	0	237803
22324	3440	8026	2017	223502	0	236985
22325	3127	3288	2066	223146	0	231627
22326	2520	215844	1991	12046	0	232401
22327	3042	8331	1833	222498	0	235704
22328	3248	3489	1590	222639	0	230966
22329	2755	216781	2155	12211	0	233902
22330	216603	7963	2142	7367	0	234075
22331	8977	3682	214257	5722	0	232638
22332	4439	2660	212011	5220	0	224330
22333	4291	2750	8585	213558	0	229184
22334	3644	2369	3271	222046	0	231330
22335	2828	2122	213100	12628	0	230678
22336	2642	2486	207088	7054	0	219270
22337	191862	2265	8396	6712	0	209235
22338	8133	208131	3584	5597	0	225445
22339	205226	7475	2588	5635	0	220924
22340	8367	3039	201893	5289	0	218588
22341	3792	202394	7473	5216	0	218875
22342	3765	7956	3433	207804	0	222958
22343	2945	3321	210591	9554	0	226411
22344	2251	2198	202643	5121	0	212213
22345	3449	3069	8559	204119	0	219196
22346	2342	1982	205217	9388	0	218929
22347	2053	197634	7546	5094	0	212327
22348	2433	6683	3677	195541	0	208334
22349	2145	3021	197868	8250	0	211284
22350	2106	198617	7244	4733	0	212700
22351	195920	6838	3530	4055	0	210343
22352	7325	3088	194216	3123	0	207752
22353	3317	194223	7155	3148	0	207843
22354	3080	6753	3730	190432	0	203995
22355	2298	3252	2745	202470	0	210765
22356	197217	2229	2576	9972	0	211994
22357	7215	1568	2490	197659	0	208932
22358	3557	1548	2268	201117	0	208490
22359	192803	1710	2368	10349	0	207230
22360	7163	1852	1935	194616	0	205566
22361	3126	1688	186901	9285	0	201000
22362	3053	1904	6367	186723	0	198047
22363	1959	1562	184686	8889	0	197096
22364	2196	1301	169829	4729	0	178055
22365	1729	1332	175510	3575	0	182146
22366	2414	1535	7334	165593	0	176876
22367	1886	848	3868	175350	0	181952
22368	171207	908	2387	8521	0	183023
22369	5621	837	2144	166501	0	175103
22370	2809	172919	1976	7269	0	184973
22371	2302	4501	2077	182501	0	191381
22372	1961	2125	2146	180020	0	186252
22373	1102	180002	2103	8185	0	191392
22374	179142	4718	2139	5393	0	191392
22375	177028	2210	1828	4572	0	185638
22376	6018	174288	2233	3408	0	185947
22377	2453	174238	1854	2839	0	181384
22378	2486	9072	2034	168551	0	182143
22379	170605	2775	1856	6227	0	181463
22380	4897	1956	169073	3808	0	179734
22381	2632	1590	151288	2723	0	158233
22382	135255	1109	3725	1744	0	141833
22383	3132	144864	1971	1360	0	151327
22384	1938	3057	1245	146150	0	152390
22385	1662	1679	1083	139950	0	144374
22386	1393	1111	973	145043	0	148520
22387	1265	848	872	147337	0	150322
22388	906	144343	951	4544	0	150744
22389	994	2828	809	150455	0	155086
22390	149159	1478	679	4597	0	155913
22391	3173	1062	696	152138	0	157069
22392	1750	885	626	154206	0	157467
22393	152587	672	638	5538	0	159435
22394	152843	666	758	3487	0	157754
22395	155538	637	714	2656	0	159545
22396	157228	660	602	2317	0	160807
22397	4812	614	648	155766	0	161840
22398	156312	555	625	4385	0	161877
22399	4180	482	651	155999	0	161312
22400	153862	464	673	4698	0	159697
22401	153487	451	690	2992	0	157620
22402	4963	476	647	154039	0	160125
22403	2755	537	155435	4019	0	162746
22404	154014	473	2834	3142	0	160463
22405	159073	460	1440	2635	0	163608
22406	159555	497	950	2383	0	163385
22407	161805	532	735	2145	0	165217
22408	5444	457	706	162093	0	168700
22409	3164	622	160332	3680	0	167798
22410	2277	714	153452	2501	0	158944
22411	155616	528	3788	2520	0	162452
22412	165957	521	1929	2177	0	170584
22413	4536	163520	1283	1493	0	170832
22414	2645	164374	894	1281	0	169194
22415	169278	3049	892	1693	0	174912
22416	3851	1586	790	165639	0	171866
22417	2634	1070	794	172556	0	177054
22418	170959	671	745	4577	0	176952
22419	3441	173101	670	2360	0	179572
22420	177470	2537	469	2497	0	182973
22421	3773	1494	172778	1528	0	179573
22422	170965	985	2418	2051	0	176419
22423	3806	728	1223	177140	0	182897
22424	2328	616	179302	3370	0	185616
22425	1843	179613	2466	2347	0	186269
22426	1967	2346	1377	185892	0	191582
22427	1579	1407	192150	3307	0	198443
22428	1901	854	2673	190444	0	195872
22429	197619	502	1704	4488	0	204313
22430	3545	610	196346	2416	0	202917
22431	185847	443	2979	2620	0	191889
22432	3871	198218	1882	1556	0	205527
22433	2781	2745	1225	203930	0	210681
22434	2004	1638	214356	3403	0	221401
22435	2225	958	2940	211204	0	217327
22436	1632	803	217929	3970	0	224334
22437	1549	213304	3235	2519	0	220607
22438	213572	2682	1754	2285	0	220293
22439	3249	221181	1245	1432	0	227107
22440	2510	3171	860	219056	0	225597
22441	2018	1835	813	219510	0	224176
22442	1426	1320	210779	4041	0	217566
22443	170875	840	2589	3628	0	177932
22444	3064	198512	1699	1619	0	204894
22445	1527	189414	877	1053	0	192871
22446	1167	194474	634	970	0	197245
22447	1409	3020	792	189807	0	195028
22448	732	190454	627	2027	0	193840
22449	1030	2168	538	188632	0	192368
22450	623	188815	494	1932	0	191864
22451	832	1807	316	186662	0	189617
22452	481	189397	309	1559	0	191746
22453	187036	1645	303	1589	0	190573
22454	1505	1107	185924	766	0	189302
22455	174736	749	1302	1292	0	178079
22456	185955	517	664	1243	0	188379
22457	191461	445	442	1151	0	193499
22458	1949	192507	382	491	0	195329
22459	195351	1388	268	1110	0	198117
22460	194505	765	315	1112	0	196697
22461	195902	579	343	1141	0	197965
22462	2540	485	194801	404	0	198230
22463	1842	380	1284	198194	0	201700
22464	1176	485	205217	1622	0	208500
22465	1195	472	1625	201759	0	205051
22466	203144	347	901	2655	0	207047
22467	2077	201117	682	1132	0	205008
22468	1497	1852	221946	728	0	226023
22469	1949	953	3022	214592	0	220516
22470	1153	642	1077	235847	0	238719
22471	658	560	259840	4793	0	265851
22472	249800	488	5303	2631	0	258222
22473	267982	446	1835	1881	0	272144
22474	276301	511	1029	1423	0	279264
22475	8810	414	796	270734	0	280754
22476	3383	258262	723	6305	0	268673
22477	2086	278760	919	2634	0	284399
22478	2189	6914	764	276785	0	286652
22479	2478	2729	601	274296	0	280104
22480	1433	274616	681	7618	0	284348
22481	274544	6181	529	4025	0	285279
22482	6450	275330	554	2225	0	284559
22483	3254	7140	522	270864	0	281780
22484	1820	3045	267527	6994	0	279386
22485	2095	1955	5879	265835	0	275764
22486	268705	1510	2116	8279	0	280610
22487	6913	1465	266967	3246	0	278591
22488	265350	1266	6228	3122	0	275966
22489	277370	1381	2500	2795	0	284046
22490	280526	1087	1590	2727	0	285930
22491	279227	1139	1227	2645	0	284238
22492	286270	869	1090	2595	0	290824
22493	10466	879	270187	1359	0	282891
22494	5468	1153	266474	1285	0	274380
22495	289966	822	7975	1841	0	300604
22496	306102	822	3280	1572	0	311776
22497	12484	831	1861	309332	0	324508
22498	5979	313865	1608	8236	0	329688
22499	4630	8097	1459	323526	0	337712
22500	329965	3468	1352	10618	0	345403
22501	11750	1970	1238	315600	0	330558
22502	5745	328192	1149	9589	0	344675
22503	328274	8869	890	5798	0	343831
22504	323073	4201	836	4164	0	332274
22505	328107	2380	852	3734	0	335073
22506	14135	318309	1035	2542	0	336021
22507	7948	9063	1123	318620	0	336754
22508	5905	4196	989	316986	0	328076
22509	4679	300045	985	11884	0	317593
22510	5179	9347	719	314495	0	329740
22511	309845	4434	711	12161	0	327151
22512	312730	3063	658	6590	0	323041
22513	13941	303971	847	4271	0	323030
22514	8154	9324	854	306931	0	325263
22515	5879	4749	947	312277	0	323852
22516	4739	3164	1175	316256	0	325334
22517	299772	2350	1131	15699	0	318952
22518	12312	2401	290572	7708	0	312993
22519	284015	2214	8374	6485	0	301088
22520	13381	2828	291792	5087	0	313088
22521	8714	2280	9561	279535	0	300090
22522	6155	278679	4480	11737	0	301051
22523	5676	298196	2681	7193	0	313746
22524	288245	12488	2115	6412	0	309260
22525	288680	6110	1823	6356	0	302969
22526	14964	278237	1920	4792	0	299913
22527	7754	285043	1723	4958	0	299478
22528	286114	13692	1662	5032	0	306500
22529	292529	7185	1622	5291	0	306627
22530	16002	292747	1662	4303	0	314714
22531	302338	12136	1497	4234	0	320205
22532	15844	7226	292430	3391	0	318891
22533	298006	5157	9394	4398	0	316955
22534	299494	4332	4341	4277	0	312444
22535	18184	3988	2871	286929	0	311972
22536	10910	284488	2334	12062	0	309794
22537	10088	11404	2055	286875	0	310422
22538	296251	5553	2270	13535	0	317609
22539	17714	4087	1855	284089	0	307745
22540	11777	3503	1884	294430	0	311594
22541	8793	3680	287114	16031	0	315618
22542	8794	3136	9915	292453	0	314298
22543	8152	2790	4784	302940	0	318666
22544	294761	3227	3397	18150	0	319535
22545	14863	3313	288811	9991	0	316978
22546	293930	3069	11240	7978	0	316217
22547	16592	3163	5074	296658	0	321487
22548	10206	3284	3211	302781	0	319482
22549	7861	3614	2536	300094	0	314105
22550	7287	279310	2423	17386	0	306406
22551	7452	293312	2406	9679	0	312849
22552	8053	13560	1979	291056	0	314648
22553	291067	6814	1896	15154	0	314931
22554	297428	4766	2028	8914	0	313136
22555	19218	4207	1822	289808	0	315055
22556	292182	4075	1726	14862	0	312845
22557	17698	3873	1556	288051	0	311178
22558	10927	3903	1700	294629	0	311159
22559	272277	3559	1745	18308	0	295889
22560	15505	283324	1887	10356	0	311072
22561	287171	11259	1350	8920	0	308700
22562	285460	5629	1284	8244	0	300617
22563	281647	3758	1461	8443	0	295309
22564	17713	270834	1535	7112	0	297194
22565	11053	11614	1456	275993	0	300116
22566	8952	5510	1625	284505	0	300592
22567	7912	3611	265210	17397	0	294130
22568	7668	4631	8549	253414	0	274262
22569	6520	3063	240830	13749	0	264162
22570	5843	222879	8510	8501	0	245733
22571	3949	192559	3867	5959	0	206334
22572	4182	197397	2426	4486	0	208491
22573	5325	8169	3312	199615	0	216421
22574	3935	4060	1575	202290	0	211860
22575	2886	2725	1268	201434	0	208313
22576	2794	2656	1022	202651	0	209123
22577	2455	2471	195962	10764	0	211652
22578	2596	2618	230123	6887	0	242224
22579	3214	2634	7807	242506	0	256161
22580	2883	2079	247119	10578	0	262659
22581	247388	1622	7586	7232	0	263828
22582	255417	1554	3854	5759	0	266584
22583	10290	1660	249677	5593	0	267220
22584	6604	1378	7499	255006	0	270487
22585	5117	1580	4299	260112	0	271108
22586	5078	1735	2704	265307	0	274824
22587	5746	1527	2452	261422	0	271147
22588	5105	1742	2404	265668	0	274919
22589	177627	3709	2607	15658	0	199601
22590	254565	1733	2037	8945	0	267280
22591	10053	251509	1831	7357	0	270750
22592	5404	7132	238866	6436	0	257838
22593	3726	236042	6991	6675	0	253434
22594	3473	243961	3479	5837	0	256750
22595	225881	7300	2098	5054	0	240333
22596	6845	223521	1808	4314	0	236488
22597	3020	210252	1521	2753	0	217546
22598	205968	6467	1846	2945	0	217226
22599	5531	2892	202936	2321	0	213680
22600	193777	2238	4486	2478	0	202979
22601	5639	2010	1784	201411	0	210844
22602	3470	1515	1018	197190	0	203193
22603	2616	1516	1067	199887	0	205086
22604	2022	1377	192049	7011	0	202459
22605	2181	192409	4751	3926	0	203267
22606	194024	4232	2282	3832	0	204370
22607	5462	1823	1843	195640	0	204768
22608	2354	196600	1390	7323	0	207667
22609	2031	4934	1965	206755	0	215685
22610	2315	2709	203010	6760	0	214794
22611	3106	1872	5205	206437	0	216620
22612	2734	1920	2497	212817	0	219968
22613	2705	1712	1352	215993	0	221762
22614	210372	1320	1205	9918	0	222815
22615	6013	1361	1457	215145	0	223976
22616	2675	998	208884	9728	0	222285
22617	2022	208292	5362	6284	0	221960
22618	2693	4839	2234	214611	0	224377
22619	3218	2199	1638	215794	0	222849
22620	2297	2407	209028	9127	0	222859
22621	2470	1748	202254	4719	0	211191
22622	200883	2374	8571	4995	0	216823
22623	200101	2377	4102	5520	0	212100
22624	7963	203731	4013	3843	0	219550
22625	205575	5618	2688	4159	0	218040
22626	8335	2896	203376	3828	0	218435
22627	5460	1653	197741	4104	0	208958
22628	197395	1727	7448	6450	0	213020
22629	196451	1592	3071	6897	0	208011
22630	7337	1172	188357	6972	0	203838
22631	182568	1458	5546	6891	0	196463
22632	7014	1294	187190	5529	0	201027
22633	185881	1383	6235	3283	0	196782
22634	189903	2679	3382	2531	0	198495
22635	8006	3866	2624	174308	0	188804
22636	4366	194576	3316	5297	0	207555
22637	132883	8823	3935	4877	0	150518
22638	6039	5182	194489	2360	0	208070
22639	5009	194763	5874	2423	0	208069
22640	197224	8212	2803	3344	0	211583
22641	189555	4795	1957	3888	0	200195
22642	8926	188410	2892	3949	0	204177
22643	5738	5617	3799	191428	0	206582
22644	5003	2776	187270	8045	0	203094
22645	3631	1839	6526	192093	0	204089
22646	3038	2895	187688	9727	0	203348
22647	3091	2550	6465	189931	0	202037
22648	3001	2540	4910	191437	0	201888
22649	2907	4207	184333	8336	0	199783
22650	3677	185185	6460	6054	0	201376
22651	3574	6296	3629	183807	0	197306
22652	3630	4700	122508	9445	0	140283
22653	182315	2757	4945	6629	0	196646
22654	6579	2111	3899	188996	0	201585
22655	3799	1899	2905	195118	0	203721
22656	188054	1939	2938	11358	0	204289
22657	7729	1869	2253	189227	0	201078
22658	6466	1675	2336	183980	0	194457
22659	3435	183504	3533	9361	0	199833
22660	4601	5538	3639	184981	0	198759
22661	3052	4046	179128	9842	0	196068
22662	3349	2037	6029	177043	0	188458
22663	3603	174210	4124	8635	0	190572
22664	2664	179730	5101	5670	0	193165
22665	3339	6251	4034	180619	0	194243
22666	180948	3651	2904	6926	0	194429
22667	8267	3094	2814	180348	0	194523
22668	180679	4471	2960	6827	0	194937
22669	8999	2405	3113	181261	0	195778
22670	181037	2412	4734	7051	0	195234
22671	185641	2709	3876	5226	0	197452
22672	10765	2148	2769	180661	0	196343
22673	7817	6828	3822	173262	0	191729
22674	5069	168983	4564	8790	0	187406
22675	6269	175832	3642	5269	0	191012
22676	5748	5070	173530	4880	0	189228
22677	5794	168049	5206	4865	0	183914
22678	124430	4376	3616	2913	0	135335
22679	4333	1692	1648	121934	0	129607
22680	1935	115967	1421	3440	0	122763
22681	119967	2714	1064	2507	0	126252
22682	3856	1469	961	119932	0	126218
22683	2531	937	1236	117436	0	122140
22684	1961	906	1231	120764	0	124862
22685	1907	987	1350	120858	0	125102
22686	1512	118461	1401	4359	0	125733
22687	1903	127110	1028	2397	0	132438
22688	131220	3103	977	1965	0	137265
22689	3951	133868	905	1535	0	140259
22690	1981	3477	982	133979	0	140419
22691	2130	1477	597	135958	0	140162
22692	1905	1076	665	136238	0	139884
22693	1620	1156	579	137891	0	141246
22694	134191	974	626	5335	0	141126
22695	136833	709	698	2933	0	141173
22696	4772	899	133539	2012	0	141222
22697	2664	832	3320	135525	0	142341
22698	1976	829	137578	4594	0	144977
22699	1920	824	3788	137779	0	144311
22700	1717	952	1625	142122	0	146416
22701	140106	861	1184	6023	0	148174
22702	4662	931	1085	141784	0	148462
22703	2136	866	141133	5250	0	149385
22704	1736	886	132854	2849	0	138325
22705	138299	690	4317	3172	0	146478
22706	3993	677	143454	2499	0	150623
22707	2069	816	3980	138213	0	145078
22708	1452	508	143237	4753	0	149950
22709	1485	1078	3928	138108	0	144599
22710	890	137955	1862	4731	0	145438
22711	1171	3131	1490	137965	0	143757
22712	725	135703	1371	4219	0	142018
22713	678	139000	960	2392	0	143030
22714	993	3749	950	137407	0	143099
22715	135499	1390	663	4437	0	141989
22716	2748	138920	735	2119	0	144522
22717	1445	2970	595	140712	0	145722
22718	140127	1323	483	4408	0	146341
22719	142459	1046	471	2592	0	146568
22720	145662	858	438	2354	0	149312
22721	4308	834	461	143382	0	148985
22722	2139	728	536	146331	0	149734
22723	146016	673	433	4790	0	151912
22724	145724	689	505	2827	0	149745
22725	147561	632	407	2559	0	151159
22726	4489	722	402	146521	0	152134
22727	2293	760	139974	3602	0	146629
22728	139356	554	2242	2357	0	144509
22729	4003	500	839	141169	0	146511
22730	1949	143017	752	3712	0	149430
22731	2087	3022	508	142441	0	148058
22732	1688	141922	511	3552	0	147673
22733	1812	2821	468	145394	0	150495
22734	1355	1121	141296	3874	0	147646
22735	909	138600	2450	2308	0	144267
22736	1223	2319	733	132742	0	137017
22737	1088	845	647	133751	0	136331
22738	1029	896	415	133478	0	135818
22739	134683	639	372	4080	0	139774
22740	2504	135629	527	2167	0	140827
22741	1331	2719	413	140920	0	145383
22742	142906	1087	388	4094	0	148475
22743	143825	952	382	2390	0	147549
22744	4087	793	293	145682	0	150855
22745	1913	683	147750	4180	0	154526
22746	1790	657	2833	145970	0	151250
22747	1150	147585	1121	4233	0	154089
22748	1323	3073	835	152403	0	157634
22749	150846	1178	613	4890	0	157527
22750	3901	863	507	158683	0	163954
22751	1761	717	161625	4730	0	168833
22752	1368	169530	3033	2705	0	176636
22753	173380	3647	1244	2601	0	180872
22754	4150	1540	175066	1870	0	182626
22755	176316	1056	3900	2160	0	183432
22756	5129	829	1486	184360	0	191804
22757	2714	570	1129	186775	0	191188
22758	1628	186231	988	5452	0	194299
22759	195344	3879	881	3379	0	203483
22760	5328	1539	833	199103	0	206803
22761	2959	1113	716	203950	0	208738
22762	2370	774	734	211254	0	215132
22763	1513	817	208364	6976	0	217670
22764	1767	565	4304	208942	0	215578
22765	211828	637	1717	7158	0	221340
22766	216896	711	1072	4136	0	222815
22767	6501	648	900	216117	0	224166
22768	3271	513	747	219462	0	223993
22769	215166	546	720	7489	0	223921
22770	5366	640	209652	3734	0	219392
22771	204764	613	4456	3516	0	213349
22772	5923	796	205203	2201	0	214123
22773	3064	666	205855	2084	0	211669
22774	2804	542	5356	208382	0	217084
22775	2007	546	212704	5750	0	221007
22776	209906	500	5231	3568	0	219205
22777	5829	518	2305	220578	0	229230
22778	2649	488	220435	5615	0	229187
22779	212186	394	4990	3572	0	221142
22780	221501	414	2075	3250	0	227240
22781	6438	491	227799	2247	0	236975
22782	4107	916	4772	216481	0	226276
22783	2619	228334	2200	4778	0	237931
22784	233244	3964	1768	3301	0	242277
22785	5997	1608	232505	2091	0	242201
22786	214182	1197	4340	2825	0	222544
22787	5407	228745	2093	1803	0	238048
22788	223371	3287	1758	2137	0	230553
22789	223348	1284	989	2259	0	227880
22790	225690	849	856	2104	0	229499
22791	5600	828	969	226488	0	233885
22792	2956	226650	1018	4025	0	234649
22793	2445	3406	223519	2253	0	231623
22794	1939	228936	3586	1885	0	236346
22795	2779	3762	1673	205564	0	213778
22796	1665	223542	1198	3616	0	230021
22797	1523	230155	1101	2207	0	234986
22798	223639	4104	1044	2401	0	231188
22799	4149	1961	223390	1622	0	231122
22800	2412	1421	224981	1669	0	230483
22801	2011	1272	224848	1458	0	229589
22802	1759	231645	4084	1537	0	239025
22803	232124	3146	1939	2328	0	239537
22804	231949	1560	1260	2184	0	236953
22805	230452	1028	1184	2162	0	234826
22806	4636	229206	1132	1734	0	236708
22807	2782	3063	994	239201	0	246040
22808	1903	1628	237222	4154	0	244907
22809	2096	1257	228797	2612	0	234762
22810	236940	921	4008	3430	0	245299
22811	248831	1004	1900	2962	0	254697
22812	249222	998	1442	2771	0	254433
22813	5435	838	243475	2118	0	251866
22814	242368	560	3816	2835	0	249579
22815	5278	655	2094	247348	0	255375
22816	3627	611	1618	247700	0	253556
22817	2959	946	255049	5245	0	264199
22818	2732	255178	3703	3163	0	264776
22819	2863	2943	2217	260947	0	268970
22820	2300	1479	257003	5110	0	265892
22821	243416	759	4335	4320	0	252830
22822	4860	766	2824	260718	0	269168
22823	3424	570	2247	262437	0	268678
22824	260260	572	2173	6411	0	269416
22825	5727	497	1762	261213	0	269199
22826	260202	475	1814	6571	0	269062
22827	259908	596	1842	4821	0	267167
22828	6461	537	1755	260903	0	269656
22829	4505	627	2098	262531	0	269761
22830	260895	631	1994	6461	0	269981
22831	5898	628	2284	263178	0	271988
22832	264518	702	2366	5892	0	273478
22833	261181	786	2273	4176	0	268416
22834	260419	830	2110	3463	0	266822
22835	7257	802	1969	259146	0	269174
22836	4903	930	1977	260265	0	268075
22837	260450	745	1963	5853	0	269011
22838	5749	253270	2168	2712	0	263899
22839	3746	249728	1918	1644	0	257036
22840	249649	2895	1841	2734	0	257119
22841	4413	1573	244310	1539	0	251835
22842	241730	975	2926	2293	0	247924
22843	4237	919	1720	256228	0	263104
22844	2906	1001	254042	2630	0	260579
22845	250162	794	2785	2359	0	256100
22846	4333	930	1315	258509	0	265087
22847	3393	910	1035	262006	0	267344
22848	3145	810	976	266960	0	271891
22849	3168	840	704	266940	0	271652
22850	262093	835	646	4365	0	267939
22851	3150	255191	956	1821	0	261118
22852	240762	1687	586	2064	0	245099
22853	2387	1093	239832	642	0	243954
22854	1814	699	224945	531	0	227989
22855	1231	240486	1425	575	0	243717
22856	2342	2566	1194	237925	0	244027
22857	781	807	235844	1087	0	238519
22858	760	206606	972	1011	0	209349
22859	300	576	222262	281	0	223419
22860	600	205	400	218097	0	219302
22861	439	134	207	215285	0	216065
22862	219182	65	105	1450	0	220802
22863	569	85	115	216221	0	216990
22864	214693	51	71	1549	0	216364
22865	557	243	215640	296	0	216736
22866	230	219493	459	260	0	220442
22867	565	356	164	231294	0	232379
22868	526	186	114	243444	0	244270
22869	256	295	243340	575	0	244466
22870	439	368	220448	326	0	221581
22871	224215	66	509	1638	0	226428
22872	245538	53	193	1431	0	247215
22873	750	74	134	246508	0	247466
22874	558	66	105	244891	0	245620
22875	166	241134	190	713	0	242203
22876	323	459	77	251346	0	252205
22877	247722	155	100	2002	0	249979
22878	248501	72	103	1771	0	250447
22879	914	252388	209	345	0	253856
22880	254318	896	64	1554	0	256832
22881	248839	293	99	1275	0	250506
22882	1895	167	58	271371	0	273491
22883	531	271717	216	2415	0	274879
22884	990	2377	84	276781	0	280232
22885	949	536	62	278784	0	280331
22886	424	552	271585	3230	0	275791
22887	264789	217	2675	2019	0	269700
22888	3924	211	497	293642	0	298274
22889	1909	203	253	307624	0	309989
22890	679	347274	371	5345	0	353669
22891	1791	6420	137	373151	0	381499
22892	377547	1875	219	10408	0	390049
22893	405253	1334	188	5185	0	411960
22894	12438	1803	401135	2535	0	417911
22895	4541	1424	403457	2487	0	411909
22896	5441	1054	12272	410360	0	429127
22897	5150	627	3980	432351	0	442108
22898	3135	643	426284	14489	0	444551
22899	2856	582	428245	5337	0	437020
22900	4413	468	15927	405150	0	425958
22901	1829	511	430320	14496	0	447156
22902	2061	646	430599	6301	0	439607
22903	2746	328	17871	419663	0	440608
22904	428329	370	7910	16739	0	453348
22905	441173	318	6470	7838	0	455799
22906	16019	295	5465	435781	0	457560
22907	7325	315	4366	440030	0	452036
22908	428539	262	4206	18438	0	451445
22909	16197	306	3442	424794	0	444739
22910	418665	316	2844	18939	0	440764
22911	425664	306	2428	10023	0	438421
22912	19669	452	2059	420857	0	443037
22913	9982	611	1968	430941	0	443502
22914	417516	387	1731	20910	0	440544
22915	16979	406067	1989	9899	0	434934
22916	8358	418369	2064	8954	0	437745
22917	8186	13325	1871	406567	0	429949
22918	6338	4699	400883	17113	0	429033
22919	6662	3386	12481	401837	0	424366
22920	401515	3038	4571	19416	0	428540
22921	15913	2570	3641	405371	0	427495
22922	404873	2594	3649	19448	0	430564
22923	15895	2827	400517	10993	0	430232
22924	400534	1881	13779	9531	0	425725
22925	18089	1638	5833	409255	0	434815
22926	10306	1152	3880	423256	0	438594
22927	7627	1311	418906	19854	0	447698
22928	9223	1101	13803	417945	0	442072
22929	7566	1202	5925	431275	0	445968
22930	6475	1433	4633	440160	0	452701
22931	421245	1354	4375	24651	0	451625
22932	15688	1521	416836	14103	0	448148
22933	8360	1676	411884	11844	0	433764
22934	407805	967	16963	12349	0	438084
22935	425005	822	8068	11507	0	445402
22936	20197	1149	424001	9211	0	454558
22937	11862	1105	17398	407304	0	437669
22938	8840	418603	9630	17291	0	454364
22939	9111	11799	8147	435194	0	464251
22940	430235	3609	8289	21636	0	463769
22941	440545	2422	8159	13215	0	464341
22942	20597	2548	7883	428746	0	459774
22943	10203	417675	7686	21351	0	456915
22944	10354	12454	7017	410996	0	440821
22945	9106	418517	7114	20422	0	455159
22946	421750	13592	6451	15145	0	456938
22947	401217	5928	6301	13203	0	426649
22948	415294	3808	5931	13187	0	438220
22949	22113	388099	5881	11922	0	428015
22950	13067	409983	5865	11335	0	440250
22951	12620	16175	4936	413476	0	447207
22952	12419	6981	4433	420812	0	444645
22953	12596	4928	4485	414670	0	436679
22954	12272	4456	3822	427263	0	447813
22955	10601	4153	398844	27192	0	440790
22956	387974	4331	14641	18529	0	425475
22957	20940	4714	406366	15045	0	447065
22958	414487	4061	16214	15953	0	450715
22959	22228	4038	424470	13530	0	464266
22960	423623	3307	17866	14837	0	459633
22961	23101	3390	434035	12955	0	473481
22962	424937	2994	19443	12639	0	460013
22963	25412	2869	10751	439078	0	478110
22964	448074	2977	8675	23711	0	483437
22965	26117	2702	8008	444114	0	480941
22966	17076	2543	7718	447835	0	475172
22967	14089	2424	7255	433470	0	457238
22968	12496	407747	7009	27540	0	454792
22969	414532	13656	6187	18967	0	453342
22970	418696	5623	5498	17414	0	447231
22971	25473	408511	5273	15458	0	454715
22972	15688	15511	5010	418611	0	454820
22973	12745	7068	403618	25297	0	448728
22974	402196	4763	16477	17555	0	440991
22975	421427	4643	8447	14627	0	449144
22976	419453	3917	6952	13603	0	443925
22977	28453	3394	6540	395301	0	433688
22978	16848	388864	6530	21393	0	433635
22979	15147	14683	6056	396426	0	432312
22980	394976	6508	5987	23172	0	430643
22981	25457	4616	5633	376937	0	412643
22982	14030	360189	5400	19117	0	398736
22983	357444	13335	4564	13788	0	389131
22984	21540	7094	351997	10700	0	391331
22985	14314	5790	344476	10500	0	375080
22986	11085	341022	15820	9891	0	377818
22987	10375	342465	8048	8400	0	369288
22988	13159	15147	320093	7807	0	356206
22989	11256	8241	299408	6721	0	325626
22990	9222	19899	11638	231135	0	271894
22991	239984	2775	5615	9017	0	257391
22992	8340	2229	236799	4319	0	251687
22993	3453	214066	4744	2660	0	224923
22994	209886	4119	3179	3044	0	220228
22995	4772	208170	1497	1503	0	215942
22996	197371	3070	1116	1817	0	203374
22997	3469	194614	1082	968	0	200133
22998	2080	200435	904	1067	0	204486
22999	2292	3457	1176	200479	0	207404
23000	2011	1942	1166	200385	0	205504
23001	1625	1406	188308	3105	0	194444
23002	1946	932	2175	184934	0	189987
23003	186428	1120	1252	3721	0	192521
23004	187379	966	716	2792	0	191853
23005	3775	941	454	184778	0	189948
23006	2168	1008	180463	2980	0	186619
23007	1496	873	173125	2418	0	177912
23008	1614	715	3017	180774	0	186120
23009	1317	757	184124	2816	0	189014
23010	1450	584	2928	181803	0	186765
23011	1852	617	2010	174377	0	178856
23012	1047	878	195698	3606	0	201229
23013	184385	719	3471	3242	0	191817
23014	195379	597	2543	2298	0	200817
23015	4319	650	197246	1243	0	203458
23016	2542	538	198446	1465	0	202991
23017	2307	521	5691	201818	0	210337
23018	1954	548	2766	225236	0	230504
23019	1929	606	1547	233921	0	238003
23020	1992	747	1501	229715	0	233955
23021	231898	723	1120	8153	0	241894
23022	245078	686	1052	4457	0	251273
23023	8049	822	1171	260047	0	270089
23024	4469	723	1072	276605	0	282869
23025	2122	790	293574	10319	0	306805
23026	2656	555	8131	304988	0	316330
23027	2357	466	4683	329414	0	336920
23028	342135	432	2247	17498	0	362312
23029	12509	367957	1689	8363	0	390518
23030	7731	12410	1292	371567	0	393000
23031	4639	5350	1230	383406	0	394625
23032	3654	2463	1365	378924	0	386406
23033	2083	330426	1782	22472	0	356763
23034	1752	371846	1625	11462	0	386685
23035	3304	16284	1332	369450	0	390370
23036	3509	7482	1168	372505	0	384664
23037	3051	4104	1201	381676	0	390032
23038	350480	2730	1313	25491	0	380014
23039	13049	358010	1391	13692	0	386142
23040	362279	14116	1275	9608	0	387278
23041	372999	7507	1181	7550	0	389237
23042	21072	4788	1094	356028	0	382982
23043	9594	355593	1093	18142	0	384422
23044	358503	14682	839	12073	0	386097
23045	17578	7591	621	362247	0	388037
23046	368091	4489	753	19858	0	393191
23047	19366	4044	798	372648	0	396856
23048	10242	3658	363749	19887	0	397536
23049	6831	3059	372669	11955	0	394514
23050	6148	2578	17697	373596	0	400019
23051	5512	2827	7924	383095	0	399358
23052	6069	2672	3797	376206	0	388744
23053	4737	350068	2902	24585	0	382292
23054	4657	382472	2532	13705	0	403366
23055	370945	17939	2231	10677	0	401792
23056	369773	8848	2469	9438	0	390528
23057	19729	360567	2606	7527	0	390429
23058	9047	348459	1608	6857	0	365971
23059	5408	369536	1239	6863	0	383046
23060	341389	19266	1379	7653	0	369687
23061	14155	351418	1503	5806	0	372882
23062	8971	16545	1490	348784	0	375790
23063	346456	8639	1542	16682	0	373319
23064	352928	5363	1353	10147	0	369791
23065	20294	4580	1219	341081	0	367174
23066	10106	4692	331337	16569	0	362704
23067	6231	5013	337942	9607	0	358793
23068	6531	4116	15789	339544	0	365980
23069	5673	3984	347338	16653	0	373648
23070	6039	3729	14298	346907	0	370973
23071	5864	3546	6815	352181	0	368406
23072	4786	3620	344319	21110	0	373835
23073	4477	3345	346794	11882	0	366498
23074	4654	3284	18697	341835	0	368470
23075	4190	3134	9597	362586	0	379507
23076	340715	2903	5635	23872	0	373125
23077	14316	335101	4399	14118	0	367934
23078	7754	359186	3768	10596	0	381304
23079	342825	17705	3424	10326	0	374280
23080	357061	8655	3740	9402	0	378858
23081	19311	344320	3922	8578	0	376131
23082	10217	359283	3498	8569	0	381567
23083	354831	19240	2962	9211	0	386244
23084	17604	10246	2712	354380	0	384942
23085	350093	6890	2785	19739	0	379507
23086	17376	350560	3149	12736	0	383821
23087	354966	15973	2824	10577	0	384340
23088	19576	9032	344638	9258	0	382504
23089	346964	6300	13136	9182	0	375582
23090	19631	5921	350227	8534	0	384313
23091	12341	5327	15007	346859	0	379534
23092	345093	4759	7800	20280	0	377932
23093	18669	4689	335539	13386	0	372283
23094	11963	5213	14890	341801	0	373867
23095	337569	5397	8017	20409	0	371392
23096	18957	5202	334576	13730	0	372465
23097	12332	4870	14982	342757	0	374941
23098	335265	4702	8060	21265	0	369292
23099	17477	331154	5355	14656	0	368642
23100	12113	15349	3949	341509	0	372920
23101	9947	9246	3982	336360	0	359535
23102	8334	6920	3669	346302	0	365225
23103	7770	335718	3437	24502	0	371427
23104	8733	15974	3291	351300	0	379298
23105	8661	9079	3169	359459	0	380368
23106	9118	6856	2866	359036	0	377876
23107	9473	5907	2876	368870	0	387126
23108	8457	5784	345289	26321	0	385851
23109	328941	5319	14310	16847	0	365417
23110	353041	4646	7739	12748	0	378174
23111	22336	347183	5017	10732	0	385268
23112	12788	15045	3584	340174	0	371591
23113	9555	8058	3513	345382	0	366508
23114	7216	333528	4004	24113	0	368861
23115	7046	13205	4061	343592	0	367904
23116	323673	6984	4727	21307	0	356691
23117	14182	317594	4724	13382	0	349882
23118	307187	12556	4159	10058	0	333960
23119	15016	7239	3117	306746	0	332118
23120	7678	5031	299120	18452	0	330281
23121	5294	300412	11654	12321	0	329681
23122	281660	12764	6827	9142	0	310393
23123	12298	265856	3593	6162	0	287909
23124	7297	265008	2616	5094	0	280015
23125	230810	9669	2890	4588	0	247957
23126	9099	4293	228959	3634	0	245985
23127	3477	206575	5072	2934	0	218058
23128	167788	7421	7519	4034	0	186762
23129	151273	1254	1098	1310	0	154935
23130	2216	151544	341	614	0	154715
23131	1380	1843	233	156795	0	160251
23132	830	878	160304	1986	0	163998
23133	902	701	1589	158887	0	162079
23134	1008	603	651	151677	0	153939
23135	827	432	419	166951	0	168629
23136	566	562	165840	2520	0	169488
23137	1018	530	1557	159301	0	162406
23138	600	530	164023	2263	0	167416
23139	628	591	148860	1091	0	151170
23140	138823	461	1950	1560	0	142794
23141	1774	157715	941	635	0	161065
23142	866	161800	610	573	0	163849
23143	1098	2075	456	168205	0	171834
23144	180992	976	324	2778	0	185070
23145	182141	625	336	1774	0	184876
23146	175152	465	385	1513	0	177515
23147	178859	421	311	1226	0	180817
23148	172219	360	365	1082	0	174026
23149	3084	513	166175	555	0	170327
23150	1904	400	1866	166100	0	170270
23151	1039	160394	994	2058	0	164485
23152	978	2055	657	167938	0	171628
23153	171620	1027	376	2976	0	175999
23154	2250	167112	435	1374	0	171171
23155	1438	2260	330	175250	0	179278
23156	175966	1107	295	2986	0	180354
23157	180912	706	339	1985	0	183942
23158	3497	519	387	179762	0	184165
23159	2159	456	393	175708	0	178716
23160	1548	443	328	179904	0	182223
23161	1016	639	175504	3326	0	180485
23162	985	643	170782	1872	0	174282
23163	1141	555	2640	178958	0	183294
23164	1042	570	1223	182486	0	185321
23165	181545	511	725	3851	0	186632
23166	180043	529	511	2430	0	183513
23167	183386	509	431	2024	0	186350
23168	184899	533	423	2012	0	187867
23169	184442	539	420	1846	0	187247
23170	3557	187065	493	1288	0	192403
23171	194892	2295	457	1977	0	199621
23172	194594	1151	517	1927	0	198189
23173	195432	834	485	1689	0	198440
23174	4139	655	443	199682	0	204919
23175	2290	588	196409	3379	0	202666
23176	2161	557	2574	200546	0	205838
23177	1675	596	210760	3714	0	216745
23178	2033	466	2922	203828	0	209249
23179	1423	212222	1375	3311	0	218331
23180	216683	2883	860	2329	0	222755
23181	225077	1313	661	2195	0	229246
23182	4844	933	569	228773	0	235119
23183	2904	713	472	238648	0	242737
23184	2356	550	521	239881	0	243308
23185	1733	239822	590	4410	0	246555
23186	240972	3001	488	2917	0	247378
23187	241597	1342	514	2259	0	245712
23188	4802	240721	624	1373	0	247520
23189	2905	3191	561	244513	0	251170
23190	2215	1455	554	241469	0	245693
23191	1507	243159	658	4365	0	249689
23192	247489	3336	477	3173	0	254475
23193	247935	1568	491	2402	0	252396
23194	5501	991	519	248251	0	255262
23195	2864	871	248115	4151	0	256001
23196	2080	899	232420	2468	0	237867
23197	2092	644	4149	251800	0	258685
23198	2111	812	1787	251993	0	256703
23199	1971	823	951	261605	0	265350
23200	256781	637	712	6596	0	264726
23201	258290	680	622	3998	0	263590
23202	5597	268718	762	2534	0	277611
23203	272962	3896	898	2989	0	280745
23204	5776	1772	272159	1746	0	281453
23205	2998	1379	266380	1564	0	272321
23206	2188	283000	5182	1681	0	292051
23207	278848	4160	2486	2506	0	288000
23208	4416	277643	1157	1435	0	284651
23209	278492	4152	888	2069	0	285601
23210	5106	1828	276789	1193	0	284916
23211	2608	1261	271177	1262	0	276308
23212	2682	786	4743	269861	0	278072
23213	1745	1082	284621	4515	0	291963
23214	2481	765	4312	285981	0	293539
23215	3956	1171	2431	238411	0	245969
23216	1571	285281	1481	5462	0	293795
23217	1978	4060	1404	294432	0	301874
23218	1900	1846	1348	297870	0	302964
23219	303033	1310	1336	6904	0	312583
23220	5177	301104	1222	3224	0	310727
23221	3128	4845	1058	309719	0	318750
23222	2187	2248	307738	5842	0	318015
23223	263889	1574	5116	4762	0	275341
23224	5781	1307	304033	2686	0	313807
23225	3649	1231	5513	294245	0	304638
23226	2280	311135	2427	5672	0	321514
23227	2386	5855	1596	313440	0	323277
23228	318793	2363	1202	8267	0	330625
23229	318963	1644	1225	4883	0	326715
23230	8473	328293	1237	2836	0	340839
23231	339803	6362	1131	3996	0	351292
23232	339592	2889	1110	4052	0	347643
23233	336179	2266	1098	4171	0	343714
23234	349468	1664	1000	3685	0	355817
23235	324170	1541	1229	4169	0	331109
23236	9468	1682	335046	2088	0	348284
23237	5875	1488	6528	333700	0	347591
23238	5132	1602	3177	318967	0	328878
23239	3787	1492	1953	339342	0	346574
23240	2966	333865	1668	9416	0	347915
23241	3932	6341	1356	337435	0	349064
23242	3499	2985	333764	7969	0	348217
23243	2941	318873	6505	4211	0	332530
23244	2662	321498	2854	3299	0	330313
23245	3796	7416	1899	322316	0	335427
23246	3329	3176	1603	323752	0	331860
23247	3360	2180	1521	319657	0	326718
23248	2427	305094	1631	9366	0	318518
23249	2282	318118	2042	4611	0	327053
23250	314818	7655	1692	4430	0	328595
23251	317396	3504	1397	4012	0	326309
23252	7999	318841	1471	3152	0	331463
23253	326611	6643	1393	4281	0	338928
23254	338822	3125	1572	4429	0	347948
23255	9125	2447	2018	338792	0	352382
23256	5082	2336	1874	345338	0	354630
23257	3891	2238	1774	349852	0	357755
23258	3008	2469	344621	9632	0	359730
23259	2869	2373	336249	5304	0	346795
23260	3000	359058	7909	4144	0	374111
23261	367346	7557	3426	4738	0	383067
23262	9150	4236	373480	3033	0	389899
23263	359687	2726	7885	4862	0	375160
23264	10561	2365	395901	2997	0	411824
23265	390427	2020	10018	4405	0	406870
23266	11620	417571	5150	2885	0	437226
23267	421711	10109	3081	4228	0	439129
23268	13226	4620	2598	415389	0	435833
23269	7390	2977	2345	427700	0	440412
23270	5042	2960	411997	13795	0	433794
23271	3921	428645	9100	6946	0	448612
23272	5354	10699	4441	436326	0	456820
23273	4227	5315	431866	11339	0	452747
23274	386703	3402	10414	7448	0	407967
23275	10692	425759	5034	4663	0	446148
23276	422180	9592	3031	5496	0	440299
23277	10776	413409	2817	3998	0	431000
23278	6136	10590	2202	414523	0	433451
23279	408330	4810	2144	12341	0	427625
23280	10203	410353	2499	5809	0	428864
23281	6467	9944	1895	411837	0	430143
23282	4265	5113	401149	10960	0	421487
23283	372669	3400	8863	6540	0	391472
23284	11592	3229	3565	399661	0	418047
23285	5568	3026	393744	10702	0	413040
23286	4227	391712	8775	5797	0	410511
23287	4553	9222	3756	396558	0	414089
23288	3689	4679	395673	10659	0	414700
23289	4699	3574	9235	377452	0	394960
23290	3602	386433	4147	10107	0	404289
23291	3355	401334	2911	5589	0	413189
23292	3625	11055	394076	3489	0	412245
23293	4638	5376	8859	387472	0	406345
23294	2852	3569	398604	10568	0	415593
23295	381284	2499	9446	6523	0	399752
23296	10393	2810	4354	387563	0	405120
23297	4647	375710	2707	9392	0	392456
23298	3348	400157	2372	4565	0	410442
23299	388479	10496	2242	4747	0	405964
23300	8326	401664	2114	3299	0	415403
23301	397335	8960	2234	4605	0	413134
23302	9550	3989	387374	2485	0	403398
23303	357590	2592	7602	3957	0	371741
23304	8559	379937	3299	2208	0	394003
23305	379400	8535	2380	3113	0	393428
23306	8666	377267	1622	2014	0	389569
23307	4979	8985	1509	370342	0	385815
23308	3717	3989	1343	387006	0	396055
23309	2510	2909	377955	9890	0	393264
23310	347296	2356	7594	6138	0	363384
23311	8338	2680	374442	2701	0	388161
23312	378026	2352	8240	3089	0	391707
23313	10141	2284	3437	377348	0	393210
23314	5206	2125	2103	381898	0	391332
23315	2886	385125	2090	11017	0	401118
23316	3632	8834	1795	400700	0	414961
23317	3551	4096	1940	412810	0	422397
23318	2600	2835	402826	12521	0	420782
23319	360504	2004	8859	7723	0	379090
23320	9345	391468	4155	3831	0	408799
23321	392198	8731	2207	4429	0	407565
23322	10578	4018	1859	390486	0	406941
23323	5542	2723	1618	398147	0	408030
23324	389693	1824	1935	13620	0	407072
23325	9573	394838	2154	6004	0	412569
23326	383472	8267	1587	4618	0	397944
23327	9790	376352	1646	2618	0	390406
23328	4636	380662	1259	2188	0	388745
23329	377492	10367	2145	3493	0	393497
23330	10180	4702	1417	366713	0	383012
23331	4776	3163	361298	8869	0	378106
23332	4251	2396	7820	356026	0	370493
23333	3811	2316	3329	359153	0	368609
23334	2574	358140	2171	10814	0	373699
23335	3335	8928	1444	366337	0	380044
23336	3226	4602	1236	366608	0	375672
23337	2855	2659	1287	374401	0	381202
23338	2694	2359	1502	380691	0	387246
23339	1821	2509	369015	13879	0	387224
23340	1937	2414	371560	7268	0	383179
23341	2638	2499	10912	385119	0	401168
23342	1943	2294	388217	12060	0	404514
23343	2399	2118	381909	6600	0	393026
23344	3272	1805	12604	391190	0	408871
23345	2052	2233	410085	12392	0	426762
23346	3363	1873	11762	386814	0	403812
23347	1775	397632	5991	11815	0	417213
23348	419098	10181	3653	8478	0	441410
23349	11010	4623	455345	4726	0	475704
23350	6366	2915	13275	452638	0	475194
23351	3246	2461	471124	14487	0	491318
23352	4142	2013	14425	494823	0	515403
23353	3931	2130	6769	512251	0	525081
23354	503911	2298	4375	22416	0	533000
23355	17442	1977	3480	521608	0	544507
23356	494582	1888	3645	21792	0	521907
23357	512271	1634	3456	12658	0	530019
23358	21169	503291	3389	7410	0	535259
23359	501064	14984	2687	7540	0	526275
23360	18627	482122	2655	5782	0	509186
23361	8992	504203	2455	5159	0	520809
23362	485836	19614	3404	6184	0	515038
23363	18243	8563	481570	4365	0	512741
23364	8554	4591	463335	3820	0	480300
23365	439943	4488	20621	4579	0	469631
23366	452818	2871	8404	4844	0	468937
23367	18881	450607	4461	3284	0	477233
23368	464008	13834	3192	4529	0	485563
23369	471510	6862	3039	4925	0	486336
23370	471904	3815	3126	4042	0	482887
23371	23375	2770	2794	454370	0	483309
23372	455448	2737	2588	15753	0	476526
23373	18443	462737	2647	7869	0	491696
23374	11957	13672	2180	473884	0	501693
23375	9006	6700	2298	477658	0	495662
23376	6456	472880	2604	18999	0	500939
23377	7108	13803	2606	483986	0	507503
23378	473812	6924	2684	19111	0	502531
23379	480717	4356	2283	11283	0	498639
23380	20916	452838	2303	7371	0	483428
23381	11109	475374	2293	6083	0	494859
23382	473434	17692	1947	6791	0	499864
23383	18493	8922	462063	5413	0	494891
23384	11364	5341	462891	5525	0	485121
23385	9864	4445	17567	456084	0	487960
23386	8976	4043	8012	475963	0	496994
23387	7246	4590	462605	19766	0	494207
23388	6884	433127	15042	10854	0	465907
23389	9566	15290	7981	417608	0	450445
23390	6724	8989	465989	16551	0	498253
23391	8145	5245	15749	461600	0	490739
23392	7512	4682	8806	461624	0	482624
23393	6059	472707	5921	20360	0	505047
23394	7314	15740	4607	473751	0	501412
23395	6992	9171	4442	480905	0	501510
23396	7112	5672	4616	490166	0	507566
23397	476003	4400	4402	24327	0	509132
23398	18647	3996	4031	463304	0	489978
23399	10744	466108	3766	19782	0	500400
23400	466216	15190	3105	13341	0	497852
23401	18973	8652	449396	9083	0	486104
23402	11655	5952	442037	8098	0	467742
23403	450222	4285	18299	9184	0	481990
23404	19880	5277	9094	458946	0	493197
23405	11339	4789	459949	18584	0	494661
23406	9449	4269	15210	459371	0	488299
23407	8286	4295	8624	478455	0	499660
23408	463128	4486	6047	24577	0	498238
23409	466583	3879	5153	15415	0	491030
23410	22389	468103	4761	10355	0	505608
23411	14363	15037	4622	468031	0	502053
23412	9389	8268	465760	18381	0	501798
23413	7438	479795	14726	12551	0	514510
23414	476042	14966	8097	10528	0	509633
23415	17544	488871	5962	7889	0	520266
23416	481112	15654	4916	8134	0	509816
23417	18544	8796	470433	6663	0	504436
23418	466179	5785	14144	8426	0	494534
23419	493707	5073	8128	7767	0	514675
23420	22461	5328	499225	6760	0	533774
23421	13433	5663	15807	484082	0	518985
23422	9529	470454	8557	16828	0	505368
23423	8419	515101	5625	10572	0	539717
23424	7354	525413	5013	8185	0	545965
23425	9197	22032	4114	501716	0	537059
23426	7391	10666	512662	17674	0	548393
23427	8209	7437	14833	508479	0	538958
23428	8166	6312	7277	528849	0	550604
23429	7289	5873	513683	21948	0	548793
23430	6687	506065	15788	18167	0	546707
23431	7388	16002	8325	509164	0	540879
23432	516470	7914	5876	20059	0	550319
23433	18131	5715	5343	520430	0	549619
23434	10890	4812	4932	518992	0	539626
23435	7681	511844	4414	23082	0	547021
23436	517441	15884	3769	14435	0	551529
23437	18843	8860	3521	531486	0	562710
23438	10282	6223	520589	19491	0	556585
23439	7044	518322	13642	12671	0	551679
23440	507554	14265	7420	10598	0	539837
23441	16180	8342	509670	7171	0	541363
23442	495458	6237	13832	7898	0	523425
23443	17707	5386	7599	498055	0	528747
23444	9076	507495	5776	14075	0	536422
23445	499549	14155	4642	9787	0	528133
23446	495817	7747	4041	8388	0	515993
23447	18406	511603	4426	5766	0	540201
23448	11426	13388	3589	499526	0	527929
23449	7210	6423	2930	484391	0	500954
23450	467579	4366	2998	16015	0	490958
23451	12392	466830	3069	8362	0	490653
23452	6564	9487	2163	434330	0	452544
23453	3749	424820	2073	9067	0	439709
23454	3086	421188	1659	4798	0	430731
23455	3611	7799	1821	405455	0	418686
23456	400617	3532	1435	8326	0	413910
23457	5645	403180	1105	3738	0	413668
23458	3231	6294	787	401673	0	411985
23459	2745	2932	801	404013	0	410491
23460	2176	2492	393650	6916	0	405234
23461	2254	2269	361252	3832	0	369607
23462	1537	385562	5665	3400	0	396164
23463	1726	5521	381610	2719	0	391576
23464	2418	2690	5466	382220	0	392794
23465	1762	2565	381085	5759	0	391171
23466	2149	2086	5486	395351	0	405072
23467	1989	1977	2554	401342	0	407862
23468	1878	1934	1967	402781	0	408560
23469	388439	1615	1633	9326	0	401013
23470	5699	1493	1382	388380	0	396954
23471	3174	1579	1114	387887	0	393754
23472	1950	384406	1289	8000	0	395645
23473	2204	5187	1043	382120	0	390554
23474	379912	2322	1277	9431	0	392942
23475	5026	389884	1322	4190	0	400422
23476	388878	5763	1096	5528	0	401265
23477	6222	3176	387611	3109	0	400118
23478	3182	2873	386111	2954	0	395120
23479	3534	2210	6355	401193	0	413292
23480	2688	2693	2973	415068	0	423422
23481	1867	414546	2478	8712	0	427603
23482	3880	6893	2139	370954	0	383866
23483	409771	2905	1697	10490	0	424863
23484	404796	2488	1711	6507	0	415502
23485	8170	2301	1486	419005	0	430962
23486	3844	2550	436264	8725	0	451383
23487	4055	2061	6215	440348	0	452679
23488	3620	1979	2721	456476	0	464796
23489	3074	1900	2393	461338	0	468705
23490	2909	1828	2027	453630	0	460394
23491	2703	1850	1973	443763	0	450289
23492	1551	444542	2129	12105	0	460327
23493	436625	7235	1759	9281	0	454900
23494	442604	3111	1589	8429	0	455733
23495	446990	2643	1552	7317	0	458502
23496	10063	454862	1630	5107	0	471662
23497	450622	8077	1246	6488	0	466433
23498	10064	454374	1581	4214	0	470233
23499	5318	9382	448006	3874	0	466580
23500	5674	4302	7459	436265	0	453700
23501	3866	3452	454208	10133	0	471659
23502	2986	457122	8681	6067	0	474856
23503	449495	9318	3586	7259	0	469658
23504	9516	4696	463805	4710	0	482727
23505	5033	4030	476600	4307	0	489970
23506	3898	506397	12129	3960	0	526384
23507	4998	10867	6521	514398	0	536784
23508	3720	6206	542247	11778	0	563951
23509	6574	4263	12574	509840	0	533251
23510	5195	3246	6821	583927	0	599189
23511	4753	2946	4444	629645	0	641788
23512	645724	2553	3366	24950	0	676593
23513	651141	2449	2933	14521	0	671044
23514	24054	2111	2311	650403	0	678879
23515	656054	1762	2359	24222	0	684397
23516	21819	2206	640991	12401	0	677417
23517	11839	1923	631208	9063	0	654033
23518	9068	1769	634412	8166	0	653415
23519	7886	1708	641841	7490	0	658925
23520	7012	624210	22916	6986	0	661124
23521	11806	14203	12885	609888	0	648782
23522	7634	5776	636428	16611	0	666449
23523	579967	3317	20243	12331	0	615858
23524	629945	2723	12372	10072	0	655112
23525	22688	617962	11243	12804	0	664697
23526	626607	14752	11425	7332	0	660116
23527	23136	7166	11378	621097	0	662777
23528	11945	5755	644358	16910	0	678968
23529	11948	5224	22571	597976	0	637719
23530	7640	645450	14109	17350	0	684549
23531	613082	17192	10681	14121	0	655076
23532	642785	8955	8608	11032	0	671380
23533	24606	643385	7502	7372	0	682865
23534	653021	18501	5954	9247	0	686723
23535	651372	10075	5776	9278	0	676501
23536	28155	646518	5920	7022	0	687615
23537	19911	18913	5354	620094	0	664272
23538	12826	639969	5150	18198	0	676143
23539	646424	20852	4791	12498	0	684565
23540	26142	13295	4774	639031	0	683242
23541	645739	9501	4770	21525	0	681535
23542	28407	9095	3906	637859	0	679267
23543	18155	9636	624513	20695	0	672999
23544	614392	8103	15619	14225	0	652339
23545	26717	8365	625406	9410	0	669898
23546	19775	7736	17887	619259	0	664657
23547	14063	7560	617010	21674	0	660307
23548	15606	6648	19530	614413	0	656197
23549	12695	6277	616702	24179	0	659853
23550	589249	5013	21056	18774	0	634092
23551	22997	611589	13233	13592	0	661411
23552	619819	16128	11042	13895	0	660884
23553	26451	8096	10955	616103	0	661605
23554	610679	5380	11003	24897	0	651959
23555	23725	604633	11313	14495	0	654166
23556	15102	598255	11245	11289	0	635891
23557	12297	636220	10514	10840	0	669871
23558	634015	23220	9475	12742	0	679452
23559	25205	13158	8543	630946	0	677852
23560	17543	10445	7280	643510	0	678778
23561	13664	10435	623137	26184	0	673420
23562	14002	9976	611553	15082	0	650613
23563	15776	9327	21018	626342	0	672463
23564	12887	10007	634941	22976	0	680811
23565	11098	624292	20802	15138	0	671330
23566	612920	21918	12607	14522	0	661967
23567	23271	13262	628647	10940	0	676120
23568	14320	10357	626105	11282	0	662064
23569	12818	8835	27005	617955	0	666613
23570	632041	7321	17087	26199	0	682648
23571	24241	6116	14400	639080	0	683837
23572	633325	5510	14135	28155	0	681125
23573	25290	5724	13815	637480	0	682309
23574	15618	6569	639436	24742	0	686365
23575	13317	617425	26198	15476	0	672416
23576	12644	18721	633502	12614	0	677481
23577	11193	629650	26701	12715	0	680259
23578	12690	20915	17103	621531	0	672239
23579	614013	10145	12715	25983	0	662856
23580	23229	7942	615825	15602	0	662598
23581	17498	6715	21671	606913	0	652797
23582	14839	6731	13422	626849	0	661841
23583	626063	6755	10737	29767	0	673322
23584	23534	7294	10812	612890	0	654530
23585	13709	618785	11270	24023	0	667787
23586	598187	19444	10762	18475	0	646868
23587	22095	12593	593051	13005	0	640744
23588	567879	9631	19520	14145	0	611175
23589	23833	590622	12292	11544	0	638291
23590	18238	20089	8389	568389	0	615105
23591	13836	598742	7824	21310	0	641712
23592	594442	19558	7150	16783	0	637933
23593	24571	12479	592907	12135	0	642092
23594	571059	11006	16792	13971	0	612828
23595	24286	597126	10157	10491	0	642060
23596	18354	18806	7643	600908	0	645711
23597	606362	11556	7686	22100	0	647704
23598	613444	9369	8023	14390	0	645226
23599	27579	9050	7416	604655	0	648700
23600	18250	9092	7199	606964	0	641505
23601	14578	599122	7591	22615	0	643906
23602	15355	19756	6920	598904	0	640935
23603	12975	651291	7352	21413	0	693031
23604	11782	690528	7022	15103	0	724435
23605	13593	29128	6134	621960	0	670815
23606	10312	647526	5408	22238	0	685484
23607	11980	20706	646867	13160	0	692713
23608	12996	11308	664462	12233	0	700999
23609	8724	684448	22251	13125	0	728548
23610	8247	20809	684181	8224	0	721461
23611	5520	10826	671137	6680	0	694163
23612	3459	6061	629529	3831	0	642880
23613	1768	618977	25150	3021	0	648916
23614	593604	16913	15484	5395	0	631396
23615	12737	601991	8168	1615	0	624511
23616	6908	18019	603960	968	0	629855
23617	7842	9838	16327	583131	0	617138
23618	590131	6737	9183	15843	0	621894
23619	14827	4718	593654	7250	0	620449
23620	10635	3782	17274	586785	0	618476
23621	5728	3195	607405	14946	0	631274
23622	6159	2833	20073	588729	0	617794
23623	583602	2462	11885	20173	0	618122
23624	14987	2716	598973	9796	0	626472
23625	8309	597838	18971	6982	0	632100
23626	8750	15657	11246	575429	0	611082
23627	607358	8684	7610	17712	0	641364
23628	17014	6630	597438	8485	0	629567
23629	12503	4331	18510	551379	0	586723
23630	6617	590680	11002	15506	0	623805
23631	597898	15764	8160	11137	0	632959
23632	616649	8904	6701	8210	0	640464
23633	25551	6356	5740	602776	0	640423
23634	13716	601694	5606	18058	0	639074
23635	8597	645514	5501	10763	0	670375
23636	661918	23288	4598	9227	0	699031
23637	24079	13498	4691	636819	0	679087
23638	11571	661434	4685	20137	0	697827
23639	663283	22134	3928	12719	0	702064
23640	25307	11842	3852	665599	0	706600
23641	15403	8366	4256	679943	0	707968
23642	8920	6666	627759	28788	0	672133
23643	6566	641863	17862	16586	0	682877
23644	6201	687738	9910	10781	0	714630
23645	8177	26643	6868	682289	0	723977
23646	681822	14580	4660	25248	0	726310
23647	21125	688281	4573	13463	0	727442
23648	687663	24441	3757	11994	0	727855
23649	25293	690910	4269	7071	0	727543
23650	15963	26277	3642	687961	0	733843
23651	692915	15123	3213	24202	0	735453
23652	26330	10899	3250	693478	0	733957
23653	14540	8016	685954	26834	0	735344
23654	12320	7077	20325	648328	0	688050
23655	7603	680799	11405	25363	0	725170
23656	671212	23775	7519	15964	0	718470
23657	22227	680352	5634	11129	0	719342
23658	15188	27146	4553	651447	0	698334
23659	12331	14889	4345	682813	0	714378
23660	8049	11787	658415	30184	0	708435
23661	7138	9380	658761	17609	0	692888
23662	8569	8959	27607	655917	0	701052
23663	8961	8304	656309	26265	0	699839
23664	6265	652123	26174	16255	0	700817
23665	649306	23521	14126	14257	0	701210
23666	22384	14335	659477	10272	0	706468
23667	647037	10576	24351	11395	0	693359
23668	679675	9164	14204	10216	0	713259
23669	681321	8112	10691	9519	0	709643
23670	687002	7809	8448	8717	0	711976
23671	37413	7816	7753	658602	0	711584
23672	23217	7006	7143	640241	0	677607
23673	14665	638471	8434	29500	0	691070
23674	640635	23027	8483	18778	0	690923
23675	27125	14805	628474	12786	0	683190
23676	18069	11395	23543	624938	0	677945
23677	14447	9203	15025	640109	0	678784
23678	10784	8585	616083	32086	0	667538
23679	10161	620654	25609	19951	0	676375
23680	13067	24361	15901	579044	0	632373
23681	11774	14905	10957	646484	0	684120
23682	622854	11365	8643	34791	0	677653
23683	25299	617303	7673	22818	0	673093
23684	18329	23616	7009	607052	0	656006
23685	12305	616422	7782	28983	0	665492
23686	11990	26593	7094	630172	0	675849
23687	610422	15459	6621	33032	0	665534
23688	628621	11805	6636	21366	0	668428
23689	33508	8802	6553	620700	0	669563
23690	616003	8348	5937	31871	0	662159
23691	617207	7921	6425	21349	0	652902
23692	34727	599079	6108	15690	0	655604
23693	24521	23554	4974	580894	0	633943
23694	16808	598366	5750	26656	0	647580
23695	15970	26552	4161	604327	0	651010
23696	597824	16246	4272	31338	0	649680
23697	28720	13133	4099	597658	0	643610
23698	20404	10689	3840	608794	0	643727
23699	15172	10309	571398	35947	0	632826
23700	13595	534338	18536	24032	0	590501
23701	12760	583475	10285	17498	0	624018
23702	568922	27596	6944	17096	0	620558
23703	24017	16343	4252	502052	0	546664
23704	471210	10059	3523	22575	0	507367
23705	21774	452696	3505	15662	0	493637
23706	13797	425103	3348	12148	0	454396
23707	10096	448852	3066	9876	0	471890
23708	373523	16427	7235	8632	0	405817
23709	12093	375583	2486	6314	0	396476
23710	351611	9990	4487	6411	0	372499
23711	342314	4397	1540	5206	0	353457
23712	353042	3164	1383	4568	0	362157
23713	11727	3088	1315	371095	0	387225
23714	6433	3038	1267	380404	0	391142
23715	5056	2585	1301	385147	0	394089
23716	4792	2557	1226	379887	0	388462
23717	374184	2250	1195	15482	0	393111
23718	11186	366403	1414	7073	0	386076
23719	6598	9096	1175	372755	0	389624
23720	372227	3806	1252	12809	0	390094
23721	11679	2681	1080	367562	0	383002
23722	6401	2206	1138	371330	0	381075
23723	362925	2265	1076	15217	0	381483
23724	11101	2465	350387	6889	0	370842
23725	6417	2355	7863	352441	0	369076
23726	4010	2180	353475	11640	0	371305
23727	4258	1822	8640	346585	0	361305
23728	4330	2403	3318	351066	0	361117
23729	338449	1501	1843	14555	0	356348
23730	9461	325991	1846	7085	0	344383
23731	4598	326730	1328	4487	0	337143
23732	312134	8039	1092	4520	0	325785
23733	7953	319624	1045	3097	0	331719
23734	315926	6699	1499	4721	0	328845
23735	8213	2567	309193	2787	0	322760
23736	276338	1454	4214	2933	0	284939
23737	289346	672	1348	2676	0	294042
23738	293090	569	731	2227	0	296617
23739	6321	643	550	287042	0	294556
23740	3096	590	547	286004	0	290237
23741	1482	283142	565	5452	0	290641
23742	1867	4835	390	281929	0	289021
23743	278253	1470	301	6167	0	286191
23744	4420	271575	469	2366	0	278830
23745	1575	273337	324	1455	0	276691
23746	269888	4302	192	2214	0	276596
23747	4285	1824	268235	712	0	275056
23748	2594	987	3356	262157	0	269094
23749	1233	808	268416	3822	0	274279
23750	1767	504	3533	261271	0	267075
23751	891	262694	1330	3572	0	268487
23752	1499	3423	549	271761	0	277232
23753	267952	1147	409	5164	0	274672
23754	4360	728	254	269227	0	274569
23755	1729	859	273202	4298	0	280088
23756	246977	543	3695	3605	0	254820
23757	4408	272831	1415	1410	0	280064
23758	1954	294495	789	977	0	298215
23759	304242	5177	450	2479	0	312348
23760	320646	2025	456	2277	0	325404
23761	7523	1322	319841	826	0	329512
23762	303252	814	5568	2350	0	311984
23763	6772	321213	2129	1130	0	331244
23764	327579	5847	913	2217	0	336556
23765	7905	2379	608	312912	0	323804
23766	3248	296313	674	5626	0	305861
23767	304120	6035	577	3605	0	314337
23768	7630	2721	300131	1506	0	311988
23769	4461	1502	5661	303734	0	315358
23770	312123	1312	2125	8096	0	323656
23771	7811	1441	308092	3055	0	320399
23772	309247	1191	6149	3233	0	319820
23773	8723	1133	2363	306911	0	319130
23774	4945	1037	1331	316603	0	323916
23775	2722	1128	314626	8785	0	327261
23776	3244	762	6540	311246	0	321792
23777	316070	779	2684	9788	0	329321
23778	7365	311209	1933	4370	0	324877
23779	316548	6278	1268	4217	0	328311
23780	319811	2679	956	3931	0	327377
23781	10190	1589	858	317211	0	329848
23782	4601	1539	319876	8172	0	334188
23783	3811	1071	6717	318507	0	330106
23784	321704	1030	2800	9865	0	335399
23785	8175	315651	1880	4286	0	329992
23786	327704	6636	1163	3991	0	339494
23787	9967	2891	950	323879	0	337687
23788	5521	1564	1113	331952	0	340150
23789	3809	1247	1438	336850	0	343344
23790	2709	1332	325679	11213	0	340933
23791	3710	1115	7173	327370	0	339368
23792	2753	1753	322967	9408	0	336881
23793	3150	1695	320545	4538	0	329928
23794	3847	1246	9222	355674	0	369989
23795	2497	1462	361950	10828	0	376737
23796	389537	1105	10230	7228	0	408100
23797	13512	1068	4648	413621	0	432849
23798	7957	1071	3390	411335	0	423753
23799	4055	422786	2856	16443	0	446140
23800	427949	11896	2492	10067	0	452404
23801	442394	5512	2051	7368	0	457325
23802	18615	440204	2000	4322	0	465141
23803	11425	13179	1656	440209	0	466469
23804	6281	6441	440326	14426	0	467474
23805	423033	3714	12915	10063	0	449725
23806	452499	2537	6304	7272	0	468612
23807	21187	2568	3817	427841	0	455413
23808	10808	2781	413881	15015	0	442485
23809	7280	408776	13308	8187	0	437551
23810	403001	13767	6325	6830	0	429923
23811	17098	7108	403756	4870	0	432832
23812	9159	397815	14002	5087	0	426063
23813	375805	12127	7971	4870	0	400773
23814	379051	5886	4610	4326	0	393873
23815	19401	3754	3120	365872	0	392147
23816	10672	364582	3007	11713	0	389974
23817	8633	12266	2552	390275	0	413726
23818	6529	6445	3099	398589	0	414662
23819	6988	4629	2910	382624	0	397151
23820	6293	3424	2465	403244	0	415426
23821	5002	3097	388153	20417	0	416669
23822	6096	2814	12286	393936	0	415132
23823	5844	3220	5981	404701	0	419746
23824	5048	2843	388349	20202	0	416442
23825	3841	389055	12895	12536	0	418327
23826	389400	12998	6503	10776	0	419677
23827	399435	6520	4378	9233	0	419566
23828	19006	4078	3227	398220	0	424531
23829	400967	2662	3041	19034	0	425704
23830	18007	2811	3021	407153	0	430992
23831	9381	2651	402575	19710	0	434317
23832	7083	2729	395223	12115	0	417150
23833	5031	397819	17380	9588	0	429818
23834	392589	13246	9038	8862	0	423735
23835	16743	7261	417662	6699	0	448365
23836	12493	4531	15976	396285	0	429285
23837	10438	3053	8786	431598	0	453875
23838	8120	2797	6327	452744	0	469988
23839	7730	3010	4705	453221	0	468666
23840	7494	3134	4782	451747	0	467157
23841	5847	3498	433098	30853	0	473296
23842	7102	3330	17793	443854	0	472079
23843	431496	3479	10027	26603	0	471605
23844	19321	429509	6808	16607	0	472245
23845	431103	16208	5611	13899	0	466821
23846	20621	435476	5450	11227	0	472774
23847	438900	19397	4571	11585	0	474453
23848	453265	9984	4152	11263	0	478664
23849	28262	6030	4815	438618	0	477725
23850	16916	4564	4364	453240	0	479084
23851	438912	3929	4354	30250	0	477445
23852	429591	4208	4429	19186	0	457414
23853	441067	4542	3864	13927	0	463400
23854	29053	406959	3988	10458	0	450458
23855	16806	424272	4061	8806	0	453945
23856	12357	21552	413057	9115	0	456081
23857	12370	12873	15837	406082	0	447162
23858	9426	7040	398185	22565	0	437216
23859	8135	384229	17577	15846	0	425787
23860	8068	15449	8936	370108	0	402561
23861	8191	8538	5353	378024	0	400106
23862	8320	5651	4186	389566	0	407723
23863	369938	4898	3823	27726	0	406385
23864	373931	4919	3795	17733	0	400378
23865	22601	371292	4214	12080	0	410187
23866	14920	15374	4226	376136	0	410656
23867	10096	9367	371375	19967	0	410805
23868	8254	7413	360619	13609	0	389895
23869	363856	6072	20029	11504	0	401461
23870	378731	4722	11229	10750	0	405432
23871	24250	3714	7010	372296	0	407270
23872	376542	3379	5943	22170	0	408034
23873	22174	4146	362907	14526	0	403753
23874	14247	359261	16106	11474	0	401088
23875	11278	15085	9765	366799	0	402927
23876	8199	9352	375713	20860	0	414124
23877	8766	6418	17848	378054	0	411086
23878	9013	4630	11070	389007	0	413720
23879	8151	4439	379059	27121	0	418770
23880	362373	3838	16371	20715	0	403297
23881	386704	3395	10016	16817	0	416932
23882	22868	392722	8009	13609	0	437208
23883	409284	15871	6104	13141	0	444400
23884	423456	9504	5610	12037	0	450607
23885	28136	6955	404715	11298	0	451104
23886	409634	5204	16757	11830	0	443425
23887	25071	428853	10696	10460	0	475080
23888	435142	18111	7353	10539	0	471145
23889	451322	10595	5928	9894	0	477739
23890	463198	7386	5584	8805	0	484973
23891	433016	6144	4538	10119	0	453817
23892	462615	5502	4068	10071	0	482256
23893	34742	439577	4548	8764	0	487631
23894	419452	15957	4121	8195	0	447725
23895	26310	404027	4409	6634	0	441380
23896	13430	349272	3253	5145	0	371100
23897	9252	370511	3032	4694	0	387489
23898	357635	17283	6703	5665	0	387286
23899	358040	8102	3289	5422	0	374853
23900	20007	5239	333644	4259	0	363149
23901	357993	4302	10719	4766	0	377780
23902	364988	3650	5596	5105	0	379339
23903	21052	3709	364326	4444	0	393531
23904	13219	2947	13530	358876	0	388572
23905	10970	3339	7479	343622	0	365410
23906	8386	3024	4205	383211	0	398826
23907	8163	3165	3247	382002	0	396577
23908	7947	2969	2852	387878	0	401646
23909	6420	3108	369154	21702	0	400384
23910	6313	367446	13679	11197	0	398635
23911	361348	13357	6835	7806	0	389346
23912	16713	365735	4382	5985	0	392815
23913	369568	14798	3421	5898	0	393685
23914	372449	7523	3106	5570	0	388648
23915	22237	5005	356051	4245	0	387538
23916	13892	4668	13015	324204	0	355779
23917	8807	343090	7457	12525	0	371879
23918	351412	13155	4679	8187	0	377433
23919	351580	7089	3471	6668	0	368808
23920	360826	4484	3166	5480	0	373956
23921	22299	354696	3350	4258	0	384603
23922	364654	12352	3157	4854	0	385017
23923	371058	7330	2882	4271	0	385541
23924	374763	5254	2221	3936	0	386174
23925	24456	4122	2375	353522	0	384475
23926	15611	3649	2159	363422	0	384841
23927	11814	3569	1976	371588	0	388947
23928	361283	3743	2079	18458	0	385563
23929	18530	357941	2171	8796	0	387438
23930	364013	12487	1749	5666	0	383915
23931	359540	7302	1897	4176	0	372915
23932	347139	4743	1645	4036	0	357563
23933	353165	4305	1524	3514	0	362508
23934	23360	335149	1696	2603	0	362808
23935	315086	10954	1144	2967	0	330151
23936	17264	301162	1306	2296	0	322028
23937	9499	298764	1177	1789	0	311229
23938	298519	10794	1309	2567	0	313189
23939	12880	286779	960	1949	0	302568
23940	8052	298868	1056	1909	0	309885
23941	299386	11013	1757	2821	0	314977
23942	302462	5982	797	2714	0	311955
23943	14281	4294	730	290111	0	309416
23944	9486	3277	672	299779	0	313214
23945	302731	3143	906	11898	0	318678
23946	315415	3154	1222	6494	0	326285
23947	302336	3326	1149	4856	0	311667
23948	14222	3473	296506	2431	0	316632
23949	315414	3418	6898	3425	0	329155
23950	13984	3128	3104	315933	0	336149
23951	9750	2526	2208	320768	0	335252
23952	7835	2421	1983	324405	0	336644
23953	6904	2405	1767	325013	0	336089
23954	6023	2717	306178	12957	0	327875
23955	6254	2497	306991	7029	0	322771
23956	6334	2228	9644	312248	0	330454
23957	5635	2479	310623	11496	0	330233
23958	5746	2837	304901	7527	0	321011
23959	7042	2304	10340	307465	0	327151
23960	7046	2233	5381	317830	0	332490
23961	6491	2315	3939	332453	0	345198
23962	6715	2810	2912	315240	0	327677
23963	326580	2767	2472	15579	0	347398
23964	339056	2598	2461	9487	0	353602
23965	15804	2527	1997	330317	0	350645
23966	10413	2600	2010	333422	0	348445
23967	8033	2460	2086	336003	0	348582
23968	7507	2209	2127	334457	0	346300
23969	7358	2414	1989	331648	0	343409
23970	7127	321602	2072	15337	0	346138
23971	323727	9156	1820	10127	0	344830
23972	13017	324900	1882	7308	0	347107
23973	328759	10678	1291	7398	0	348126
23974	331797	5741	1051	6996	0	345585
23975	332885	4152	1105	6379	0	344521
23976	17737	3530	1167	313990	0	336424
23977	319168	3447	961	12292	0	335868
23978	15751	3526	996	312901	0	333174
23979	11506	3403	821	312649	0	328379
23980	311353	3294	741	14591	0	329979
23981	14417	297247	901	8211	0	320776
23982	8588	292089	620	5268	0	306565
23983	286551	8304	515	4982	0	300352
23984	11637	4496	277680	3676	0	297489
23985	259375	3299	5325	4073	0	272072
23986	11921	4141	2182	269463	0	287707
23987	6977	249757	1071	6938	0	264743
23988	5792	259218	681	4430	0	270121
23989	261259	6922	855	4383	0	273419
23990	8180	3859	524	262914	0	275477
23991	5266	272110	483	5863	0	283722
23992	271344	5084	595	4583	0	281606
23993	271337	2490	331	3761	0	277919
23994	272952	1956	318	3413	0	278639
23995	273836	1931	316	3519	0	279602
23996	8264	260895	431	2334	0	271924
23997	3742	260248	311	1335	0	265636
23998	263376	4287	452	2104	0	270219
23999	266850	2168	316	2261	0	271595
24000	6210	1612	260516	1265	0	269603
24001	2484	253596	2677	772	0	259529
24002	255019	2902	991	1496	0	260408
24003	264885	1042	384	1531	0	267842
24004	4911	946	266929	513	0	273299
24005	260362	726	3448	1893	0	266429
24006	6175	601	286947	547	0	294270
24007	1979	637	310722	543	0	313881
24008	2899	666	6914	277613	0	288092
24009	1169	288573	2461	5168	0	297371
24010	324925	6499	1359	2843	0	335626
24011	8387	1997	718	323119	0	334221
24012	3989	1254	660	328217	0	334120
24013	3123	648	720	336208	0	340699
24014	329830	456	847	11302	0	342435
24015	8680	513	758	329285	0	339236
24016	3929	549	612	340874	0	345964
24017	2414	788	333960	10120	0	347282
24018	315584	526	7440	6150	0	329700
24019	337394	476	2394	4443	0	344707
24020	10718	643	334453	2479	0	348293
24021	322287	469	8179	2958	0	333893
24022	11403	529	2749	321118	0	335799
24023	4377	325700	1978	8587	0	340642
24024	4306	7600	1232	331075	0	344213
24025	325853	2365	1163	11346	0	340727
24026	9342	328072	1195	4327	0	342936
24027	5226	8294	910	331713	0	346143
24028	4523	2773	1015	339452	0	347763
24029	3751	1757	1016	340501	0	347025
24030	3592	1342	1008	324289	0	330231
24031	2276	336376	1238	12030	0	351920
24032	338004	8757	1009	6716	0	354486
24033	344595	3342	1065	5263	0	354265
24034	12615	351928	1098	3532	0	369173
24035	382931	10495	767	4321	0	398514
24036	400417	3963	719	4510	0	409609
24037	398202	2774	572	4600	0	406148
24038	19095	2240	379331	3200	0	403866
24039	11631	1765	11130	378026	0	402552
24040	7458	1858	364336	13426	0	387078
24041	369669	1475	11960	8074	0	391178
24042	15554	378447	5347	5371	0	404719
24043	377509	11756	3736	5384	0	398385
24044	17360	382502	2751	3685	0	406298
24045	11132	14252	2658	361239	0	389281
24046	9441	6265	2301	375374	0	393381
24047	6348	4875	367978	16321	0	395522
24048	5609	373388	12834	8813	0	400644
24049	368746	14527	5789	7205	0	396267
24050	16835	7229	368618	4851	0	397533
24051	370268	5435	13678	5059	0	394440
24052	18971	4420	6880	371126	0	401397
24053	9437	3872	373319	16161	0	402789
24054	7258	371266	15003	9020	0	402547
24055	7675	14095	7278	371506	0	400554
24056	6371	7433	375201	15805	0	404810
24057	5963	5820	371590	8523	0	391896
24058	5939	370960	17959	7026	0	401884
24059	6963	14655	9204	363100	0	393922
24060	6810	6957	6762	360311	0	380840
24061	5071	358119	5549	18621	0	387360
24062	366208	15194	4761	11658	0	397821
24063	17225	8097	4722	358386	0	388430
24064	9336	359176	4879	17038	0	390429
24065	366515	15103	4562	11074	0	397254
24066	366316	8072	4501	9399	0	388288
24067	375490	6553	4547	7932	0	394522
24068	22522	364454	3909	7191	0	398076
24069	376047	15839	3688	7708	0	403282
24070	382936	8589	3982	7197	0	402704
24071	24641	7458	3510	367236	0	402845
24072	377102	5974	3122	18141	0	404339
24073	23312	6198	2561	373539	0	405610
24074	14250	5431	356570	19951	0	396202
24075	11917	5209	368000	11551	0	396677
24076	10906	4697	17429	376126	0	409158
24077	9414	4759	378562	19605	0	412340
24078	368858	4454	17682	13182	0	404176
24079	21405	4007	9323	382223	0	416958
24080	13609	3625	7188	392783	0	417205
24081	10663	4098	377322	23803	0	415886
24082	9191	354375	17409	14156	0	395131
24083	8471	382590	9526	10832	0	411419
24084	8750	18801	7604	373003	0	408158
24085	8642	9633	5762	386360	0	410397
24086	7567	7272	366770	23363	0	404972
24087	7361	6252	371816	13861	0	399290
24088	8157	5568	20384	375242	0	409351
24089	6838	5341	369225	21587	0	402991
24090	361003	5624	19524	13571	0	399722
24091	20529	5589	10285	366938	0	403341
24092	371018	5309	7390	22579	0	406296
24093	22458	4935	6180	369463	0	403036
24094	13336	4653	6250	381996	0	406235
24095	10726	4490	362308	25963	0	403487
24096	8809	365015	18161	15297	0	407282
24097	10028	16487	9753	370277	0	406545
24098	8057	8640	366777	22457	0	405931
24099	7971	357994	18073	13565	0	397603
24100	8718	15598	10698	366540	0	401554
24101	362919	8355	8151	22294	0	401719
24102	18412	5877	363862	13947	0	402098
24103	340814	4502	17919	11163	0	374398
24104	19338	4586	341118	8620	0	373662
24105	308880	3568	17565	8421	0	338434
24106	17440	311114	10643	7476	0	346673
24107	8692	298866	7056	6328	0	320942
24108	7626	16891	6120	276586	0	307223
24109	5386	276407	5411	12663	0	299867
24110	280762	12422	4404	9897	0	307485
24111	12668	7054	4717	282426	0	306865
24112	8043	5495	4189	288893	0	306620
24113	5996	4874	3471	294765	0	309106
24114	4289	4660	278002	17863	0	304814
24115	5252	3889	10934	280465	0	300540
24116	3790	4063	275386	16183	0	299422
24117	3999	267510	13011	10260	0	294780
24118	256398	9638	7179	8424	0	281639
24119	10909	269304	5589	6707	0	292509
24120	275442	10529	4335	7434	0	297740
24121	279286	6045	4129	6794	0	296254
24122	282399	4549	3389	6732	0	297069
24123	278335	3803	3816	5845	0	291799
24124	16112	4125	262485	4964	0	287686
24125	10589	3519	10208	261777	0	286093
24126	8273	4083	6262	252553	0	271171
24127	7231	3503	4350	274012	0	289096
24128	234853	3329	4043	16604	0	258829
24129	242069	2820	3843	11188	0	259920
24130	13987	258765	3652	8147	0	284551
24131	8690	8133	251355	6134	0	274312
24132	7099	4239	246801	5990	0	264129
24133	5853	240445	11820	5767	0	263885
24134	4941	246465	6959	5567	0	263932
24135	8041	9161	6740	205154	0	229096
24136	3475	3510	2228	192527	0	201740
24137	202558	2399	1765	8155	0	214877
24138	6181	201122	2063	4451	0	213817
24139	4071	5489	1999	207434	0	218993
24140	3122	3108	210194	6970	0	223394
24141	3121	2221	5699	215655	0	226696
24142	2845	1734	3122	221249	0	228950
24143	2621	1573	2300	225407	0	231901
24144	2685	1470	2102	222583	0	228840
24145	2591	1643	212080	9438	0	225752
24146	2330	200388	6066	5581	0	214365
24147	2190	209203	3332	3827	0	218552
24148	200371	6138	2308	3501	0	212318
24149	5785	199261	1961	2904	0	209911
24150	3369	210888	1679	2785	0	218721
24151	3283	6613	1663	209234	0	220793
24152	2901	3195	1626	211711	0	219433
24153	2666	2419	1566	212532	0	219183
24154	2571	2344	207453	8354	0	220722
24155	2238	205307	5172	5377	0	218094
24156	2471	5670	2484	201009	0	211634
24157	1796	208049	2017	6896	0	218758
24158	204952	5583	2021	5244	0	217800
24159	5087	207436	2112	3761	0	218396
24160	206270	5847	1896	4136	0	218149
24161	5730	3403	203848	3230	0	216211
24162	203459	2606	5493	3239	0	214797
24163	6277	2757	2590	209923	0	221547
24164	3555	2845	210601	5910	0	222911
24165	203382	2397	4997	3989	0	214765
24166	210206	2567	2646	3343	0	218762
24167	214063	2346	1802	3105	0	221316
24168	7709	2123	2040	210356	0	222228
24169	4287	2347	208817	6561	0	222012
24170	207234	1862	4846	5368	0	219310
24171	6507	1920	2734	217220	0	228381
24172	4313	1567	2060	219851	0	227791
24173	3264	1936	220021	7604	0	232825
24174	2917	216353	5105	4395	0	228770
24175	2955	5177	2478	209269	0	219879
24176	2300	216321	2259	5554	0	226434
24177	211152	5423	1822	3995	0	222392
24178	211580	2717	1738	3190	0	219225
24179	6987	2232	1264	209570	0	220053
24180	209387	1575	1526	6058	0	218546
24181	6173	206401	1415	3480	0	217469
24182	205914	4223	1248	3626	0	215011
24183	5899	207717	1309	2770	0	217695
24184	4288	4569	1508	208029	0	218394
24185	3548	2445	1072	206143	0	213208
24186	2764	207568	1323	5877	0	217532
24187	3116	4666	1191	207965	0	216938
24188	2284	2588	204065	5961	0	214898
24189	1979	198253	3837	3513	0	207582
24190	185300	3375	1243	2651	0	192569
24191	3495	186751	1153	1855	0	193254
24192	2267	3005	829	186021	0	192122
24193	1676	1757	185223	3464	0	192120
24194	1835	1419	2690	183446	0	189390
24195	1583	1258	1138	186193	0	190172
24196	179539	981	888	5133	0	186541
24197	3557	939	179759	2604	0	186859
24198	1748	179279	2723	2466	0	186216
24199	1505	2949	187816	2047	0	194317
24200	932	1408	182298	1405	0	186043
24201	948	966	183007	1352	0	186273
24202	2049	3012	3463	178851	0	187375
24203	188005	498	1730	3580	0	193813
24204	2713	187974	856	1226	0	192769
24205	192647	2950	549	1588	0	197734
24206	197064	1028	590	1609	0	200291
24207	3987	792	576	193526	0	198881
24208	1385	195168	509	3083	0	200145
24209	195053	2813	358	2079	0	200303
24210	3229	196629	443	1012	0	201313
24211	1902	3261	467	188993	0	194623
24212	1376	1323	448	201076	0	204223
24213	780	201024	622	3684	0	206110
24214	1018	3056	552	203364	0	207990
24215	792	1414	197272	3566	0	203044
24216	885	1139	192448	1588	0	196060
24217	1302	903	3463	198775	0	204443
24218	1092	758	1396	203606	0	206852
24219	795	753	192769	4024	0	198341
24220	854	768	184895	1865	0	188382
24221	169862	565	3663	2552	0	176642
24222	3180	183595	1692	1079	0	189546
24223	1515	198727	1131	1018	0	202391
24224	1466	3841	757	191358	0	197422
24225	1184	1630	626	194329	0	197769
24226	1158	1080	666	197262	0	200166
24227	866	1106	193634	4164	0	199770
24228	981	839	187748	2117	0	191685
24229	1176	777	3872	195034	0	200859
24230	826	871	193993	3687	0	199377
24231	603	190232	3782	2287	0	196904
24232	187656	3322	1902	2360	0	195240
24233	3465	1350	189841	1241	0	195897
24234	1492	1091	186654	1055	0	190292
24235	1697	865	4077	190879	0	197518
24236	1012	951	207300	4018	0	213281
24237	764	210782	4434	2094	0	218074
24238	1698	4035	1848	211001	0	218582
24239	913	1659	215744	4699	0	223015
24240	663	209319	4785	2355	0	217122
24241	206199	4315	2265	2267	0	215046
24242	4464	2093	1703	205624	0	213884
24243	2164	1496	1268	208941	0	213869
24244	206366	1170	1185	6215	0	214936
24245	4139	206855	1067	2996	0	215057
24246	207930	4281	1027	2814	0	216052
24247	208288	2013	1018	2454	0	213773
24248	209187	1414	928	2187	0	213716
24249	6489	1106	857	204335	0	212787
24250	197472	937	977	5372	0	204758
24251	5521	183696	1068	2370	0	192655
24252	2763	189199	999	2017	0	194978
24253	199779	4885	1040	1987	0	207691
24254	5817	2438	807	201886	0	210948
24255	3361	1748	781	203554	0	209444
24256	2564	1414	729	206129	0	210836
24257	1774	1442	195910	6849	0	205975
24258	1573	196489	4272	3606	0	205940
24259	1820	4862	1850	201603	0	210135
24260	200407	2077	1459	6542	0	210485
24261	5334	1515	1105	201161	0	209115
24262	2385	1381	197138	6425	0	207329
24263	1927	196658	4690	3504	0	206779
24264	196676	4786	2274	3316	0	207052
24265	196801	2430	1782	2791	0	203804
24266	197798	1961	1465	2682	0	203906
24267	7625	1507	1269	197958	0	208359
24268	3740	1412	193999	5862	0	205013
24269	3036	1444	195966	3202	0	203648
24270	2450	208821	6365	2569	0	220205
24271	3188	6129	2769	206749	0	218835
24272	2698	2595	1670	216275	0	223238
24273	205223	1778	1324	9166	0	217491
24274	7230	1550	1287	211130	0	221197
24275	216832	1538	1207	8870	0	228447
24276	8264	1479	211615	4280	0	225638
24277	4036	1677	214848	3482	0	224043
24278	3929	1075	7982	213525	0	226511
24279	3318	934	3603	219610	0	227465
24280	3302	1100	2270	227697	0	234369
24281	228021	1056	1991	11140	0	242208
24282	244806	1108	2187	5507	0	253608
24283	11380	1051	2166	245938	0	260535
24284	4892	1251	240833	10877	0	257853
24285	3294	1154	246615	6501	0	257564
24286	3447	872	11190	249698	0	265207
24287	252990	939	5217	11916	0	271062
24288	10967	975	3238	251747	0	266927
24289	6262	979	2569	260257	0	270067
24290	3440	1047	252560	14084	0	271131
24291	2783	1017	253830	7674	0	265304
24292	242926	890	12568	6385	0	262769
24293	10672	993	253793	5018	0	270476
24294	6481	866	11091	243628	0	262066
24295	5426	750	5605	253309	0	265090
24296	248223	658	4122	14309	0	267312
24297	10857	242662	3773	7702	0	264994
24298	242028	8177	4036	5841	0	260082
24299	11186	235824	3543	4398	0	254951
24300	231076	8897	2795	5056	0	247824
24301	11873	3825	225135	4319	0	245152
24302	207840	3049	9891	4861	0	225641
24303	215960	1658	4487	4220	0	226325
24304	13193	2342	3672	210890	0	230097
24305	7163	1661	208593	9405	0	226822
24306	6129	1635	9379	197197	0	214340
24307	5221	1436	5151	202672	0	214480
24308	4065	197581	3928	12580	0	218154
24309	4775	7440	2989	195148	0	210352
24310	4297	197866	2771	11050	0	215984
24311	4867	8661	2387	201632	0	217547
24312	198048	4111	2506	12465	0	217130
24313	10879	3175	2286	200610	0	216950
24314	6498	2431	195980	11987	0	216896
24315	193606	2347	9009	7678	0	212640
24316	11325	1941	202090	6129	0	221485
24317	201187	1793	9890	5880	0	218750
24318	208261	1664	5139	6189	0	221253
24319	13563	199435	4353	5246	0	222597
24320	7812	215167	3682	4913	0	231574
24321	211879	10932	3506	5472	0	231789
24322	221194	5227	3298	5225	0	234944
24323	218346	3222	3153	5177	0	229898
24324	219026	2764	2828	5405	0	230023
24325	220557	2426	2563	5243	0	230789
24326	17187	2401	2452	208852	0	230892
24327	10194	2463	2673	217345	0	232675
24328	7707	2398	209800	13560	0	233465
24329	209658	1923	9894	7708	0	229183
24330	14698	1801	5307	209328	0	231134
24331	9637	1864	4018	217417	0	232936
24332	7905	2053	209624	14231	0	233813
24333	7014	194998	10081	8717	0	220810
24334	6681	212184	5532	6987	0	231384
24335	209024	10551	4479	6415	0	230469
24336	198776	4483	3405	5072	0	211736
24337	14429	180786	3043	4699	0	202957
24338	8231	187664	2663	4181	0	202739
24339	188795	9399	2919	4694	0	205807
24340	198871	4461	2704	5051	0	211087
24341	13554	3116	2708	191250	0	210628
24342	8404	2567	2808	195468	0	209247
24343	7400	2230	2514	201554	0	213698
24344	193323	2194	2426	13825	0	211768
24345	198538	2438	2253	8448	0	211677
24346	13834	2549	2526	196957	0	215866
24347	205024	2821	2407	11680	0	221932
24348	13733	3008	202408	6791	0	225940
24349	9629	2391	8671	205478	0	226169
24350	7569	2346	203701	12005	0	225621
24351	6306	200953	9856	7118	0	224233
24352	6702	9359	5270	203968	0	225299
24353	203871	4259	3835	11485	0	223450
24354	13421	2694	2772	202088	0	220975
24355	8697	2223	2695	206775	0	220390
24356	6205	2246	197224	14702	0	220377
24357	5529	2285	197338	8979	0	214131
24358	5689	202782	10414	6416	0	225301
24359	206521	9147	4906	5683	0	226257
24360	212973	4479	3247	5469	0	226168
24361	214487	3097	2807	5252	0	225643
24362	218458	2371	2795	5406	0	229030
24363	16082	2115	2799	209322	0	230318
24364	9671	2002	2973	209474	0	224120
24365	7049	209079	2864	12392	0	231384
24366	214683	8759	2537	7470	0	233449
24367	216796	4183	2425	5977	0	229381
24368	15046	2801	205523	5020	0	228390
24369	185895	1959	7435	4199	0	199488
24370	11837	190199	4096	3427	0	209559
24371	7969	9755	2908	180690	0	201322
24372	6089	191198	2102	8032	0	207421
24373	192303	8248	1960	5245	0	207756
24374	11050	190797	1548	3690	0	207085
24375	7433	7356	1391	183766	0	199946
24376	5811	3484	1481	188555	0	199331
24377	4753	2518	1325	185447	0	194043
24378	3746	177964	1391	11010	0	194111
24379	4510	7965	1358	181321	0	195154
24380	5074	5012	1308	178729	0	190123
24381	3444	159059	1215	9311	0	173029
24382	2468	156977	1096	4654	0	165195
24383	146864	5470	902	3218	0	156454
24384	5278	148967	811	2612	0	157668
24385	143111	4962	613	2360	0	151046
24386	5456	2627	140186	1703	0	149972
24387	2961	139216	3341	1641	0	147159
24388	139898	4247	1539	1876	0	147560
24389	139774	2147	971	2033	0	144925
24390	5505	1539	136861	1689	0	145594
24391	3347	1362	3349	135485	0	143543
24392	2298	1329	139233	4376	0	147236
24393	1882	137511	3895	2594	0	145882
24394	136940	4027	1781	2487	0	145235
24395	4275	136163	1169	1659	0	143266
24396	2757	4283	819	136962	0	144821
24397	2432	2113	759	140954	0	146258
24398	1795	1736	137760	4916	0	146207
24399	1797	1415	128906	2615	0	134733
24400	129543	1322	4379	2329	0	137573
24401	139081	1197	1967	1967	0	144212
24402	139725	1164	1252	1750	0	143891
24403	139832	1030	948	1865	0	143675
24404	5830	138101	1014	1658	0	146603
24405	3441	3728	967	139108	0	147244
24406	2691	1944	933	140709	0	146277
24407	2049	142871	866	4786	0	150572
24408	146471	4165	757	3017	0	154410
24409	148517	2039	681	2462	0	153699
24410	5698	1631	145938	1793	0	155060
24411	146760	1143	3702	2000	0	153605
24412	5684	1136	1879	148683	0	157382
24413	3187	1037	147940	4343	0	156507
24414	3162	1444	3992	145612	0	154210
24415	2436	1167	148489	4729	0	156821
24416	2195	994	142667	2254	0	148110
24417	2372	1782	4591	137342	0	146087
24418	1424	139421	2437	3610	0	146892
24419	139812	3247	1565	2664	0	147288
24420	135869	1755	1186	2148	0	140958
24421	4678	140224	911	1601	0	147414
24422	2641	144744	896	1293	0	149574
24423	147079	3839	1067	1786	0	153771
24424	148518	1904	909	1719	0	153050
24425	148947	1483	830	1507	0	152767
24426	149336	1118	759	1325	0	152538
24427	5569	1137	675	149250	0	156631
24428	2925	955	147683	3293	0	154856
24429	2187	145126	3077	1657	0	152047
24430	144817	3224	1380	1765	0	151186
24431	3934	146940	867	1049	0	152790
24432	149720	3572	601	1326	0	155219
24433	149899	1584	531	1235	0	153249
24434	4827	1294	149254	724	0	156099
24435	2543	152681	2971	619	0	158814
24436	2345	3539	1304	151804	0	158992
24437	1956	1522	882	156639	0	160999
24438	1908	1250	720	146249	0	150127
24439	152332	1018	468	4735	0	158553
24440	145471	850	485	2540	0	149346
24441	147248	793	629	1969	0	150639
24442	4572	145839	611	1170	0	152192
24443	145691	2963	482	1425	0	150561
24444	3842	145056	466	1196	0	150560
24445	2075	3278	141367	1135	0	147855
24446	1483	143219	2515	944	0	148161
24447	2033	3565	1518	134062	0	141178
24448	1090	887	520	131900	0	134397
24449	814	804	130477	2333	0	134428
24450	1174	576	1840	125533	0	129123
24451	958	605	745	130594	0	132902
24452	131294	540	568	3034	0	135436
24453	127648	567	468	1639	0	130322
24454	130980	472	411	1416	0	133279
24455	2824	130897	468	856	0	135045
24456	131153	1999	456	1075	0	134683
24457	127410	811	395	1095	0	129711
24458	2849	128771	446	718	0	132784
24459	1883	2098	396	128885	0	133262
24460	1579	897	372	130247	0	133095
24461	129106	617	374	3161	0	133258
24462	2642	757	124882	1274	0	129555
24463	1371	119725	1906	944	0	123946
24464	1337	3070	642	115280	0	120329
24465	851	113540	459	1942	0	116792
24466	773	115844	325	845	0	117787
24467	117361	2130	477	1304	0	121272
24468	117265	806	269	952	0	119292
24469	2497	704	268	117985	0	121454
24470	1414	562	285	115449	0	117710
24471	1121	507	223	116440	0	118291
24472	1007	494	263	115595	0	117359
24473	772	655	111133	2419	0	114979
24474	864	577	102074	1164	0	104679
24475	956	462	1866	111669	0	114953
24476	795	550	117628	2125	0	121098
24477	685	118297	1948	1127	0	122057
24478	120518	1948	663	1394	0	124523
24479	122790	754	458	1218	0	125220
24480	2834	706	468	122973	0	126981
24481	1550	498	431	122615	0	125094
24482	1129	470	430	125839	0	127868
24483	758	126315	426	2749	0	130248
24484	127318	2110	378	1729	0	131535
24485	128034	889	289	1454	0	130666
24486	3194	692	125422	848	0	130156
24487	1782	522	2205	135112	0	139621
24488	1153	622	139231	3589	0	144595
24489	1412	502	3206	152542	0	157662
24490	1342	591	811	152216	0	154960
24491	1486	550	646	150499	0	153181
24492	1312	495	509	160415	0	162731
24493	157946	521	590	6702	0	165759
24494	163905	583	545	3311	0	168344
24495	170615	522	456	2551	0	174144
24496	7437	570	452	168905	0	177364
24497	3161	528	165660	5650	0	174999
24498	161644	419	4613	3002	0	169678
24499	6140	443	1689	169266	0	177538
24500	170303	543	1177	6106	0	178129
24501	6716	418	724	169406	0	177264
24502	2793	159394	662	6388	0	169237
24503	1988	173413	681	3229	0	179311
24504	2061	5382	626	173362	0	181431
24505	2225	2040	586	173231	0	178082
24506	2071	1290	369	173884	0	177614
24507	1483	167327	426	7548	0	176784
24508	166796	4743	381	3886	0	175806
24509	5389	167354	448	2528	0	175719
24510	2138	5535	165908	1796	0	175377
24511	2168	2028	4705	163025	0	171926
24512	1171	171269	1706	5824	0	179970
24513	1526	5073	1171	171536	0	179306
24514	1574	2022	724	175696	0	180016
24515	1175	1465	170561	7719	0	180920
24516	156384	970	4800	4810	0	166964
24517	5550	177235	1801	3037	0	187623
24518	179598	5146	1202	3059	0	189005
24519	185686	1962	674	2787	0	191109
24520	187163	1553	648	2575	0	191939
24521	8581	1090	174354	1828	0	185853
24522	4708	923	5431	170892	0	181954
24523	3417	1008	1932	177892	0	184249
24524	2150	1058	170969	7923	0	182100
24525	156965	1000	5539	4634	0	168138
24526	6925	990	172338	3047	0	183300
24527	2896	887	169146	2346	0	175275
24528	1941	169590	6292	2369	0	180192
24529	2100	5063	2909	171736	0	181808
24530	1547	2073	172895	6105	0	182620
24531	159735	1465	5380	3427	0	170007
24532	169323	1069	2233	2610	0	175235
24533	7241	1050	169403	1682	0	179376
24534	3789	999	5537	169913	0	180238
24535	2194	1145	173689	5967	0	182995
24536	1547	173481	5891	3291	0	184210
24537	179887	5162	2586	3216	0	190851
24538	184567	1954	1966	2472	0	190959
24539	188024	1493	1471	2148	0	193136
24540	8733	1086	1526	183084	0	194429
24541	4245	1022	1446	190181	0	196894
24542	2702	1212	184023	7796	0	195733
24543	178845	1046	5897	4122	0	189910
24544	7462	903	2531	186631	0	197527
24545	186096	773	1902	7272	0	196043
24546	7947	849	185078	3478	0	197352
24547	3594	776	189480	2999	0	196849
24548	3333	700	7481	181507	0	193021
24549	2628	742	3725	195701	0	202796
24550	2374	883	191321	8056	0	202634
24551	181602	825	6704	4550	0	193681
24552	7738	841	3025	186744	0	198348
24553	3490	195531	2818	6838	0	208677
24554	199475	5579	2128	4237	0	211419
24555	7306	202132	1951	3417	0	214806
24556	203744	6527	1918	3195	0	215384
24557	8664	2322	208278	2578	0	221842
24558	4488	1668	202811	2298	0	211265
24559	3470	208953	7615	2406	0	222444
24560	209306	6474	3708	2744	0	222232
24561	8272	2592	208173	2181	0	221218
24562	198631	1839	6933	2732	0	210135
24563	8725	207605	3395	2226	0	221951
24564	4557	5972	3040	211102	0	224671
24565	3898	2388	2516	209166	0	217968
24566	2702	196035	2389	7844	0	208970
24567	214181	6447	2043	4685	0	227356
24568	222906	2659	2033	3307	0	230905
24569	226035	1957	1925	2960	0	232877
24570	10129	1834	221446	2361	0	235770
24571	5447	1530	7123	220928	0	235028
24572	3932	1467	3449	225751	0	234599
24573	3294	1627	2751	232651	0	240323
24574	3148	1471	222990	9731	0	237340
24575	3149	216501	6991	4646	0	231287
24576	213316	6595	3249	3644	0	226804
24577	8149	2917	216801	2370	0	230237
24578	207942	2128	7564	3118	0	220752
24579	8289	215077	3553	2570	0	229489
24580	219201	6753	2776	2784	0	231514
24581	9275	3102	2434	215661	0	230472
24582	220369	2279	2412	7499	0	232559
24583	9670	1691	2141	219257	0	232759
24584	4702	1645	222501	7703	0	236551
24585	4669	2453	6649	219707	0	233478
24586	3332	1865	219820	7800	0	232817
24587	194881	1465	6052	4223	0	206621
24588	6867	205896	3285	2893	0	218941
24589	3930	4923	1937	185882	0	196672
24590	2558	197168	1862	4333	0	205921
24591	194736	4318	2051	2988	0	204093
24592	194250	1869	1721	2682	0	200522
24593	5781	192396	1822	1710	0	201709
24594	190135	3637	1560	2000	0	197332
24595	191948	1656	1315	1908	0	196827
24596	5199	1311	1181	187804	0	195495
24597	2738	1291	1182	189878	0	195089
24598	194305	1096	1134	5058	0	201593
24599	197256	1015	1040	2531	0	201842
24600	6025	1148	1026	192420	0	200619
24601	3692	1053	910	205291	0	210946
24602	206869	979	940	6057	0	214845
24603	5793	979	203484	2779	0	213035
24604	189303	869	4428	3249	0	197849
24605	6069	947	200305	2160	0	209481
24606	3163	197391	4816	1786	0	207156
24607	3211	4126	2146	197516	0	206999
24608	2478	1722	203812	4644	0	212656
24609	2265	206955	4666	2347	0	216233
24610	205080	4516	2276	2669	0	214541
24611	5448	1953	208506	1569	0	217476
24612	198771	1500	4463	2133	0	206867
24613	212286	1386	1728	2100	0	217500
24614	214889	1171	1347	2141	0	219548
24615	6761	1125	1251	205215	0	214352
24616	3601	206829	1320	4036	0	215786
24617	204933	3897	1198	3259	0	213287
24618	5686	1527	209543	1721	0	218477
24619	185574	1061	3803	2848	0	193286
24620	5358	1071	207827	1625	0	215881
24621	2953	204516	3944	1798	0	213211
24622	2752	3561	1947	207317	0	215577
24623	2679	1592	1599	206346	0	212216
24624	2272	200293	1677	4709	0	208951
24625	2638	3894	1568	205352	0	213452
24626	2256	2000	207896	4496	0	216648
24627	2113	207757	4043	2374	0	216287
24628	2545	4378	1778	205844	0	214545
24629	204690	2203	1420	5345	0	213658
24630	211020	1716	1308	2995	0	217039
24631	6937	1517	1219	212767	0	222440
24632	3880	216790	1208	5109	0	226987
24633	3728	4334	1167	217622	0	226851
24634	3385	1852	1132	215565	0	221934
24635	2779	1434	202464	6653	0	213330
24636	2665	204957	4227	3646	0	215495
24637	2575	4120	1753	205243	0	213691
24638	2079	1885	201153	5120	0	210237
24639	1799	199875	4288	2661	0	208623
24640	2349	4385	1903	202038	0	210675
24641	202428	2043	1539	5337	0	211347
24642	4965	206732	1287	2534	0	215518
24643	3154	4678	1018	208773	0	217623
24644	212672	2254	1075	5637	0	221638
24645	213636	1824	1014	3387	0	219861
24646	214499	1544	1001	3064	0	220108
24647	212313	1437	1097	2816	0	217663
24648	7056	1434	998	209151	0	218639
24649	3588	1257	208111	5370	0	218326
24650	3537	1711	3796	201438	0	210482
24651	2634	205169	1728	5176	0	214707
24652	208625	3985	1431	3769	0	217810
24653	5287	1968	201090	2430	0	210775
24654	189015	1440	3829	2721	0	197005
24655	5256	1450	196487	1739	0	204932
24656	3299	1291	3927	194358	0	202875
24657	2587	1144	195799	4027	0	203557
24658	2897	1145	3934	190847	0	198823
24659	2282	1233	194844	4485	0	202844
24660	2684	1123	4018	189799	0	197624
24661	194802	918	1980	5614	0	203314
24662	4536	205295	1814	2737	0	214382
24663	3232	3692	1574	207766	0	216264
24664	2869	1600	1357	208107	0	213933
24665	2490	1380	210925	5029	0	219824
24666	2477	1164	196934	2768	0	203343
24667	193237	1045	4595	3317	0	202194
24668	4481	204187	2449	2063	0	213180
24669	202914	3145	1854	2449	0	210362
24670	205697	1429	1480	2343	0	210949
24671	4933	1004	1646	201942	0	209525
24672	2462	207139	1528	3895	0	215024
24673	212993	3342	1481	3106	0	220922
24674	215710	1447	1286	2817	0	221260
24675	218393	1206	1171	2581	0	223351
24676	218752	1091	1107	2729	0	223679
24677	215485	974	1138	2648	0	220245
24678	5511	1091	211379	1601	0	219582
24679	206148	917	3614	2282	0	212961
24680	5452	960	211020	1337	0	218769
24681	3954	917	3781	204063	0	212715
24682	3181	881	1820	215411	0	221293
24683	2577	890	209021	4539	0	217027
24684	203146	844	3724	3220	0	210934
24685	5304	846	1914	211209	0	219273
24686	3302	941	1499	220787	0	226529
24687	2869	874	1315	223931	0	228989
24688	2921	875	1153	220699	0	225648
24689	2740	765	1123	224314	0	228942
24690	2181	932	223098	6262	0	232473
24691	2703	774	4236	219795	0	227508
24692	2189	760	224455	5812	0	233216
24693	2242	836	213733	3413	0	220224
24694	215625	572	5806	3597	0	225600
24695	227348	627	2707	3413	0	234095
24696	241178	633	2024	3302	0	247137
24697	7865	680	246771	2364	0	257680
24698	4069	673	243008	2420	0	250170
24699	2674	682	252489	2448	0	258293
24700	2340	262919	8535	2623	0	276417
24701	3780	6290	4709	263608	0	278387
24702	275614	2031	2644	7789	0	288078
24703	7926	1042	2052	293020	0	304040
24704	3525	300054	2298	8200	0	314077
24705	304812	6849	1884	5474	0	319019
24706	9265	3057	2056	301107	0	315485
24707	4881	306763	2044	8259	0	321947
24708	4417	7178	2085	311487	0	325167
24709	3692	3537	2056	312698	0	321983
24710	302931	1829	2135	12250	0	319145
24711	9498	1672	2139	305013	0	318322
24712	5046	1903	299833	10437	0	317219
24713	4953	1666	8349	293028	0	307996
24714	3450	284628	4875	10408	0	303361
24715	3014	301028	3812	6552	0	314406
24716	3641	10164	3594	290205	0	307604
24717	3368	5375	3319	290123	0	302185
24718	2724	285019	3043	13092	0	303878
24719	3312	288097	2623	8346	0	302378
24720	3195	298468	2050	7217	0	310930
24721	4573	12910	1676	271744	0	290903
24722	3584	295349	1558	11429	0	311920
24723	288640	11507	1560	9235	0	310942
24724	9994	7531	292071	6823	0	316419
24725	6941	5571	7633	283208	0	303353
24726	3820	297350	4199	12491	0	317860
24727	290985	11092	2395	10493	0	314965
24728	9901	7408	293988	7797	0	319094
24729	5835	295192	8499	7293	0	316819
24730	288142	10356	4637	7893	0	311028
24731	8714	287069	3498	6320	0	305601
24732	4863	295085	3048	5803	0	308799
24733	4283	13750	2486	286538	0	307057
24734	3093	297635	2016	10758	0	313502
24735	289962	12396	1919	8766	0	313043
24736	9182	8644	2040	292769	0	312635
24737	5196	7537	287907	10619	0	311259
24738	3810	7494	286172	6825	0	304301
24739	3648	7462	9401	288982	0	309493
24740	3204	7294	293438	10530	0	314466
24741	4153	6133	8530	294528	0	313344
24742	284644	5806	5325	12547	0	308322
24743	9250	5814	287326	7265	0	309655
24744	6681	5123	8856	278589	0	299249
24745	4130	278351	5892	10386	0	298759
24746	4280	10918	4438	288022	0	307658
24747	4580	6868	4075	287325	0	302848
24748	3766	277302	4497	12418	0	297983
24749	4547	11064	3691	292632	0	311934
24750	4246	7834	3390	296227	0	311697
24751	3210	6864	288294	13393	0	311761
24752	2854	286509	8983	8979	0	307325
24753	284117	11391	5115	8583	0	309206
24754	9224	7580	4318	290419	0	311541
24755	5528	5778	289196	12760	0	313262
24756	4597	5051	9644	287781	0	307073
24757	3019	4705	286717	13298	0	307739
24758	265305	4269	11102	11393	0	292069
24759	8409	283027	7284	8303	0	307023
24760	6242	9188	5869	287088	0	308387
24761	5338	6035	4955	296475	0	312803
24762	276490	4792	5046	15381	0	301709
24763	9688	4604	4775	282769	0	301836
24764	5627	4840	274809	14976	0	300252
24765	4601	4987	9483	265056	0	284127
24766	3686	259335	6146	14242	0	283409
24767	3494	270443	4596	11014	0	289547
24768	3152	277529	4044	9950	0	294675
24769	3811	13587	3892	273215	0	294505
24770	3417	8655	264630	14224	0	290926
24771	3207	265698	9374	10502	0	288781
24772	254856	11146	5952	9458	0	281412
24773	8573	263694	4723	8398	0	285388
24774	261762	11089	4363	9394	0	286608
24775	263473	7077	4923	8693	0	284166
24776	11372	6205	259742	7356	0	284675
24777	261521	5685	9574	7922	0	284702
24778	278778	5345	6102	8475	0	298700
24779	258993	5389	4627	8862	0	277871
24780	278587	5077	3510	8721	0	295895
24781	13143	5189	269407	7010	0	294749
24782	266303	5104	8853	7276	0	287536
24783	282990	5283	5538	7389	0	301200
24784	12344	291049	4598	5855	0	313846
24785	8069	12054	3080	284469	0	307672
24786	6853	8437	2802	285867	0	303959
24787	5302	285068	3367	12546	0	306283
24788	282208	11446	3463	8390	0	305507
24789	10978	288037	3977	5378	0	308370
24790	279861	11877	3751	4845	0	300334
24791	282880	8107	2869	4633	0	298489
24792	14273	284996	2622	3628	0	305519
24793	10104	10410	2802	282593	0	305909
24794	7971	5915	284484	9510	0	307880
24795	6973	278610	9009	5633	0	300225
24796	7284	11079	4747	250894	0	274004
24797	5848	260317	3191	6379	0	275735
24798	4693	279940	1956	3776	0	290365
24799	5639	11353	1922	260058	0	278972
24800	3493	4861	262049	7597	0	278000
24801	2799	246060	6617	4789	0	260265
24802	2179	249453	3712	2953	0	258297
24803	216966	6555	1943	1825	0	227289
24804	4851	3139	622	220991	0	229603
24805	2980	1782	453	223247	0	228462
24806	1911	1183	329	230615	0	234038
24807	981	1013	225837	7592	0	235423
24808	1599	957	5114	224480	0	232150
24809	634	234559	2405	6549	0	244147
24810	244137	5832	1141	3935	0	255045
24811	7003	2874	700	244961	0	255538
24812	2865	1875	243420	6957	0	255117
24813	242604	1200	6121	4223	0	254148
24814	7940	1049	2884	254131	0	266004
24815	3409	1343	270787	7184	0	282723
24816	1852	1598	269975	3543	0	276968
24817	269270	1066	9827	3262	0	283425
24818	288273	861	4123	2999	0	296256
24819	286027	1077	2316	2640	0	292060
24820	291150	1259	1443	2476	0	296328
24821	12217	1362	280161	1578	0	295318
24822	5558	284242	7715	1856	0	299371
24823	285363	8075	3289	3038	0	299765
24824	9379	285593	1937	1758	0	298667
24825	284069	8825	1431	2782	0	297107
24826	9668	284593	1686	1807	0	297754
24827	6054	9266	1388	282100	0	298808
24828	4248	4303	1258	285436	0	295245
24829	3384	2579	1448	282962	0	290373
24830	2395	273188	1983	11490	0	289056
24831	2440	283679	1587	5287	0	292993
24832	3804	10528	1165	266084	0	281581
24833	2408	275540	1536	8757	0	288241
24834	2626	9824	272185	4184	0	288819
24835	3371	4715	8759	270191	0	287036
24836	2508	3360	274719	9164	0	289751
24837	264489	2831	9116	5356	0	281792
24838	274362	2570	4197	3767	0	284896
24839	12558	2505	270506	2602	0	288171
24840	6262	2716	269482	2402	0	280862
24841	4597	2479	11159	266241	0	284476
24842	3267	2569	271206	9944	0	286986
24843	3659	2558	10099	253906	0	270222
24844	3214	230587	5401	9853	0	249055
24845	3478	10058	3029	267562	0	284127
24846	3254	5166	2363	273737	0	284520
24847	3153	3622	2211	273970	0	282956
24848	2263	3425	262497	14197	0	282382
24849	3092	2716	9680	259043	0	274531
24850	3148	2902	5096	260590	0	271736
24851	3662	3071	3450	253004	0	263187
24852	3086	260903	2976	12233	0	279198
24853	262160	9343	2974	7514	0	281991
24854	264834	4763	3119	6294	0	279010
24855	268013	3122	3067	5528	0	279730
24856	14075	2698	3063	259705	0	279541
24857	6937	2726	255995	11231	0	276889
24858	5869	3111	250972	6853	0	266805
24859	3725	255799	11611	5366	0	276501
24860	247293	9549	5808	6228	0	268878
24861	9274	255235	4302	5421	0	274232
24862	255134	10445	3798	5390	0	274767
24863	10394	255357	3176	5342	0	274269
24864	252618	10689	2992	6097	0	272396
24865	10823	263711	3272	5157	0	282963
24866	6980	11558	2983	264659	0	286180
24867	5406	6556	260614	11484	0	284060
24868	5186	4263	263512	7319	0	280280
24869	5460	3551	12382	259865	0	281258
24870	5133	3547	6788	263573	0	279041
24871	4855	3520	4842	272610	0	285827
24872	4815	3428	262948	14649	0	285840
24873	5421	3100	10248	261520	0	280289
24874	254059	3097	5937	14119	0	277212
24875	258619	2896	4812	8751	0	275078
24876	13194	252116	4406	6310	0	276026
24877	247151	9991	3705	5959	0	266806
24878	12340	244990	3082	5184	0	265596
24879	244553	11394	3212	5119	0	264278
24880	246368	6758	3307	5306	0	261739
24881	239881	4679	3622	5138	0	253320
24882	14797	3980	234253	4357	0	257387
24883	8297	3743	230047	4577	0	246664
24884	224467	2915	11512	5244	0	244138
24885	236650	2725	6920	4796	0	251091
24886	14296	3002	4868	229007	0	251173
24887	9668	2445	3496	237705	0	253314
24888	7311	2486	3062	244363	0	257222
24889	5867	2958	3575	247275	0	259675
24890	5259	3296	3330	254226	0	266111
24891	243793	3516	2957	15815	0	266081
24892	12146	3543	2384	246225	0	264298
24893	7124	3614	238635	12654	0	262027
24894	228251	3153	8735	8523	0	248662
24895	239714	2816	4997	6894	0	254421
24896	13105	231161	3649	6156	0	254071
24897	6682	236715	2809	5261	0	251467
24898	211434	8071	2019	3766	0	225290
24899	7959	218644	1910	3274	0	231787
24900	214303	7400	2300	3519	0	227522
24901	231794	3016	2152	3688	0	240650
24902	235833	1833	1809	3454	0	242929
24903	12118	1477	1757	221632	0	236984
24904	5756	223582	1947	8541	0	239826
24905	229476	6958	1521	4984	0	242939
24906	10141	2950	1547	227738	0	242376
24907	5640	1841	1428	226073	0	234982
24908	212835	1242	1066	10344	0	225487
24909	7594	208234	1183	5189	0	222200
24910	4209	6058	662	204326	0	215255
24911	204303	2695	503	7875	0	215376
24912	7100	206861	638	3784	0	218383
24913	208556	5931	550	3293	0	218330
24914	8183	2754	185194	2067	0	198198
24915	184633	1576	3444	2151	0	191804
24916	7081	191401	1352	1516	0	201350
24917	189114	4991	1363	1816	0	197284
24918	188444	2260	410	1769	0	192883
24919	7162	191479	339	1260	0	200240
24920	192948	4816	278	1863	0	199905
24921	6585	189151	364	1162	0	197262
24922	198883	5487	322	1726	0	206418
24923	7272	2514	304	197123	0	207213
24924	4297	1857	258	198948	0	205360
24925	3421	1389	246	202874	0	207930
24926	2524	1367	193675	6938	0	204504
24927	2794	1247	4299	194958	0	203298
24928	2306	1367	195605	5998	0	205276
24929	2877	1230	5065	192458	0	201630
24930	2206	195540	2024	5631	0	205401
24931	2769	5236	1153	199929	0	209087
24932	2298	2729	197342	5995	0	208364
24933	2203	2166	202913	3094	0	210376
24934	2448	1543	5806	204705	0	214502
24935	204103	1235	2653	6719	0	214710
24936	206383	1103	1637	4023	0	213146
24937	7075	206009	1122	3061	0	217267
24938	4320	4944	908	209328	0	219500
24939	2649	2499	212783	6400	0	224331
24940	2599	1727	5134	213252	0	222712
24941	1969	1336	214333	7057	0	224695
24942	206214	1244	6000	4269	0	217727
24943	6890	1312	2557	216527	0	227286
24944	3871	1454	212643	6577	0	224545
24945	3513	1391	5534	212953	0	223391
24946	2902	1375	2735	219018	0	226030
24947	2506	1159	214647	8279	0	226591
24948	2764	1149	5658	215268	0	224839
24949	215024	1050	2684	8642	0	227400
24950	219384	1244	2077	4815	0	227520
24951	8475	1453	1452	220478	0	231858
24952	221820	1233	1382	8110	0	232545
24953	7812	1407	219380	4243	0	232842
24954	4273	1357	212630	3831	0	222091
24955	217794	987	7312	3664	0	229757
24956	228916	863	3828	3455	0	237062
24957	8903	941	2594	223072	0	235510
24958	5229	1040	1861	228318	0	236448
24959	3849	1022	221763	8817	0	235451
24960	3645	1148	5974	210212	0	220979
24961	2704	217330	3198	7269	0	230501
24962	221081	5512	2454	4977	0	234024
24963	236124	2633	1840	4130	0	244727
24964	9391	234472	1666	3116	0	248645
24965	227980	6221	1612	3549	0	239362
24966	229750	2627	1702	3653	0	237732
24967	9518	229448	1987	2837	0	243790
24968	231938	6348	1973	3434	0	243693
24969	8914	231931	1907	2731	0	245483
24970	234672	7286	1610	3458	0	247026
24971	9199	3434	231593	2768	0	246994
24972	5541	2444	6709	231686	0	246380
24973	4342	1801	3187	240239	0	249569
24974	3709	1625	2606	250993	0	258933
24975	245848	1445	1939	11839	0	261071
24976	9560	1456	1527	253343	0	265886
24977	5483	1556	250089	10038	0	267166
24978	250887	1493	7551	5876	0	265807
24979	10334	1648	3324	252094	0	267400
24980	5368	243181	2836	9657	0	261042
24981	4123	257788	2140	5361	0	269412
24982	4348	8983	1840	253169	0	268340
24983	4345	4176	2087	251730	0	262338
24984	4261	2553	2008	258335	0	267157
24985	3226	1814	243595	12817	0	261452
24986	2812	239803	7705	7246	0	257566
24987	235698	6864	3101	6162	0	251825
24988	233152	3239	2623	5178	0	244192
24989	9519	226627	2037	3945	0	242128
24990	4817	232349	1766	3712	0	242644
24991	5180	7911	2065	226815	0	241971
24992	2993	3354	223132	8148	0	237627
24993	210418	2917	6463	5045	0	224843
24994	222405	1981	2733	4043	0	231162
24995	8659	1452	2361	218987	0	231459
24996	4776	1347	1706	222091	0	229920
24997	213360	1231	1300	9722	0	225613
24998	7228	1264	209899	5365	0	223756
24999	200052	1192	5716	5095	0	212055
25000	7790	204460	2815	2900	0	217965
25001	3455	3983	1161	183946	0	192545
25002	2190	186846	984	4846	0	194866
25003	189262	4388	939	3356	0	197945
25004	5537	1905	915	185894	0	194251
25005	3236	1292	1040	183020	0	188588
25006	2406	183145	973	5322	0	191846
25007	184389	3998	904	3395	0	192686
25008	184488	1810	763	3035	0	190096
25009	5870	1570	178831	2208	0	188479
25010	3250	1278	167034	1911	0	173473
25011	170138	812	4532	2384	0	177866
25012	5130	949	171952	1799	0	179830
25013	2601	1163	161352	1411	0	166527
25014	161237	1142	4670	1984	0	169033
25015	4672	822	181282	1416	0	188192
25016	3054	678	5397	181602	0	190731
25017	2520	662	2450	183811	0	189443
25018	199033	583	1964	7768	0	209348
25019	7075	969	202804	3733	0	214581
25020	211582	818	7010	3111	0	222521
25021	10144	800	3274	213389	0	227607
25022	214667	718	2576	8333	0	226294
25023	218041	663	2174	4785	0	225663
25024	221850	489	1704	3865	0	227908
25025	14289	577	1576	212722	0	229164
25026	219319	507	1618	9226	0	230670
25027	14270	434	1196	215168	0	231068
25028	9479	518	1256	218220	0	229473
25029	7770	558	1202	220518	0	230048
25030	7160	559	923	223356	0	231998
25031	215055	570	999	15097	0	231721
25032	217334	637	1040	9645	0	228656
25033	13266	699	208768	7373	0	230106
25034	212835	587	7488	6978	0	227888
25035	221044	457	3476	6678	0	231655
25036	15116	527	2459	209980	0	228082
25037	9434	205969	1985	11002	0	228390
25038	215121	7017	1853	6659	0	230650
25039	14599	3171	1644	206034	0	225448
25040	207972	2042	1830	10783	0	222627
25041	13715	201591	1981	6237	0	223524
25042	210534	7947	1495	5617	0	225593
25043	14275	4010	1183	202011	0	221479
25044	8292	200623	989	11065	0	220969
25045	207995	9157	1015	6895	0	225062
25046	12860	199889	1138	5456	0	219343
25047	7911	212660	1366	5024	0	226961
25048	213426	11275	1529	4867	0	231097
25049	12540	6645	205665	4332	0	229182
25050	212805	4751	7173	4660	0	229389
25051	14454	4126	3447	208425	0	230452
25052	9175	3698	209167	9155	0	231195
25053	9292	3013	8662	204715	0	225682
25054	8358	2993	4587	212370	0	228308
25055	7029	2908	208280	13198	0	231415
25056	209335	2034	9850	8405	0	229624
25057	14166	1389	5391	212512	0	233458
25058	9435	1605	3715	218848	0	233603
25059	8434	1464	3059	220638	0	233595
25060	213013	1698	2916	18150	0	235777
25061	12635	1786	205403	12279	0	232103
25062	8370	1531	209964	10050	0	229915
25063	7243	1150	10859	202427	0	221679
25064	6955	1115	199151	13187	0	220408
25065	193126	1111	10172	10029	0	214438
25066	11315	192589	6894	8064	0	218862
25067	198035	6966	5256	7062	0	217319
25068	14495	3561	4364	188891	0	211311
25069	9036	188762	4844	10443	0	213085
25070	8673	8769	4207	189137	0	210786
25071	7681	192073	3219	11957	0	214930
25072	7623	9574	2384	196266	0	215847
25073	7018	5717	187577	13110	0	213422
25074	6205	5348	178607	8387	0	198547
25075	5917	182802	9248	7691	0	205658
25076	174325	8177	5425	7452	0	195379
25077	9430	5515	3950	172143	0	191038
25078	7081	4242	3394	175030	0	189747
25079	173002	4031	2946	12158	0	192137
25080	174244	3846	2990	8258	0	189338
25081	13290	2893	3139	171631	0	190953
25082	9005	2756	166626	10239	0	188626
25083	7880	166432	7563	6966	0	188841
25084	7527	7463	4226	168663	0	187879
25085	6726	4363	3828	167950	0	182867
25086	5873	171619	3168	12500	0	193160
25087	174409	7891	3026	9279	0	194605
25088	10297	5188	173504	7036	0	196025
25089	7361	4324	7939	173581	0	193205
25090	5813	3925	4637	176911	0	191286
25091	4630	3815	170453	14014	0	192912
25092	5365	3179	8238	175683	0	192465
25093	174030	2825	5083	13570	0	195508
25094	176073	2706	4533	9513	0	192825
25095	177584	2229	4621	8569	0	193003
25096	12579	170412	4489	7658	0	195138
25097	184186	7155	4123	7118	0	202582
25098	13475	4059	3570	180801	0	201905
25099	9417	3471	3512	179200	0	195600
25100	8266	193453	3173	12468	0	217360
25101	213042	9009	2603	8905	0	233559
25102	224041	5486	2716	7381	0	239624
25103	227938	4624	2557	7233	0	242352
25104	233130	4538	2254	7184	0	247106
25105	232638	3695	2470	7573	0	246376
25106	18097	3325	220720	6632	0	248774
25107	231893	3212	9772	6007	0	250884
25108	238111	3391	5236	5447	0	252185
25109	237057	2506	4507	4957	0	249027
25110	21128	2204	3987	223073	0	250392
25111	14945	2173	3712	228606	0	249436
25112	11832	1930	217644	14239	0	245645
25113	186483	2321	9811	10810	0	209425
25114	14008	212177	5708	8333	0	240226
25115	8953	199926	3399	5969	0	218247
25116	7670	7953	195118	4918	0	215659
25117	6342	189752	7401	4649	0	208144
25118	4418	185188	3545	3992	0	197143
25119	5014	9911	3967	155098	0	173990
25120	1902	163967	1546	4662	0	172077
25121	160963	5684	1075	2562	0	170284
25122	160902	2770	948	2014	0	166634
25123	6875	2236	748	157135	0	166994
25124	3650	1833	155501	4947	0	165931
25125	152264	1326	4296	3004	0	160890
25126	6145	1247	157550	2106	0	167048
25127	3609	1031	160090	1845	0	166575
25128	3537	984	5735	151234	0	161490
25129	3048	793	2923	158856	0	165620
25130	2326	793	160436	5626	0	169181
25131	2060	152657	5131	3204	0	163052
25132	1736	162387	2575	2861	0	169559
25133	164970	4989	1957	2683	0	174599
25134	168439	2250	1346	2233	0	174268
25135	6121	1701	163928	1345	0	173095
25136	162106	1348	4075	1642	0	169171
25137	176044	1226	1721	1608	0	180599
25138	6962	1227	1336	172620	0	182145
25139	4619	848	1157	174125	0	180749
25140	3906	839	1046	175184	0	180975
25141	175724	796	912	6154	0	183586
25142	176997	681	726	3657	0	182061
25143	179881	626	747	2813	0	184067
25144	8098	603	795	176475	0	185971
25145	5069	737	170979	4899	0	181684
25146	167882	685	4001	2723	0	175291
25147	172742	627	1862	2123	0	177354
25148	7810	656	1607	166193	0	176266
25149	4680	167624	1412	4586	0	178302
25150	4235	3768	1065	167421	0	176489
25151	3199	170421	1058	5298	0	179976
25152	3299	4748	977	164952	0	173976
25153	2577	171361	1051	5545	0	180534
25154	168766	4748	990	2933	0	177437
25155	5619	2619	880	167902	0	177020
25156	3075	168285	903	4424	0	176687
25157	2641	4693	166495	2243	0	176072
25158	160685	2364	4034	2339	0	169422
25159	5286	2085	1728	166076	0	175175
25160	2879	166465	1421	4385	0	175150
25161	2935	4129	1061	162228	0	170353
25162	2339	161209	1010	4680	0	169238
25163	25387	150413	1150	2320	0	179270
25164	171180	4362	1011	2664	0	179217
25165	175751	2526	1130	2188	0	181595
25166	5347	2077	175689	1396	0	184509
25167	172939	1492	3960	1715	0	180106
25168	177322	1464	1970	1623	0	182379
25169	5599	174906	1636	1315	0	183456
25170	3818	3927	1090	176354	0	185189
25171	3262	1818	1140	177658	0	183878
25172	2733	1748	173448	4460	0	182389
25173	2791	1522	165641	2519	0	172473
25174	172087	1243	4420	2317	0	180067
25175	178287	888	2374	2013	0	183562
25176	178657	629	2058	1964	0	183308
25177	6454	642	173548	1549	0	182193
25178	4143	563	4180	171519	0	180405
25179	175766	616	1855	4748	0	182985
25180	5373	584	1457	175432	0	182846
25181	2932	719	172083	4894	0	180628
25182	162006	747	3678	2949	0	169380
25183	5066	924	177383	2009	0	185382
25184	3010	174650	3871	1833	0	183364
25185	177303	3307	1988	1935	0	184533
25186	4784	1502	176100	1323	0	183709
25187	3110	1396	4027	172315	0	180848
25188	175975	975	1914	4118	0	182982
25189	4776	1042	1307	177260	0	184385
25190	179589	1078	945	5044	0	186656
25191	4928	864	795	178807	0	185394
25192	183090	933	719	5489	0	190231
25193	183854	862	558	3361	0	188635
25194	183375	942	539	2634	0	187490
25195	182311	787	695	2081	0	185874
25196	6601	1027	839	179890	0	188357
25197	3446	740	173647	3378	0	181211
25198	2879	759	170063	1749	0	175450
25199	2224	170393	3671	1712	0	178000
25200	1380	156572	1596	979	0	160527
25201	140835	2066	2816	885	0	146602
25202	1600	506	398	135310	0	137814
25203	594	275	136921	1184	0	138974
25204	533	264	137058	552	0	138407
25205	619	536	1123	140380	0	142658
25206	142516	130	474	1501	0	144621
25207	1050	144638	312	453	0	146453
25208	152522	953	254	979	0	154708
25209	1384	357	258	153785	0	155784
25210	830	235	231	153843	0	155139
25211	690	227	287	153586	0	154790
25212	460	225	153245	1304	0	155234
25213	483	247	143969	691	0	145390
25214	403	145466	1301	533	0	147703
25215	579	1043	490	154570	0	156682
25216	152452	384	411	1671	0	154918
25217	1276	393	147246	630	0	149545
25218	607	403	146304	570	0	147884
25219	761	245	1466	151225	0	153697
25220	609	287	634	156186	0	157716
25221	561	249	479	157799	0	159088
25222	730	230	431	164434	0	165825
25223	170223	220	408	3142	0	173993
25224	2549	214	310	172418	0	175491
25225	172431	202	370	3238	0	176241
25226	2675	251	175422	1082	0	179430
25227	988	175707	2455	909	0	180059
25228	1034	2256	799	177224	0	181313
25229	662	664	178583	2784	0	182693
25230	664	434	170549	1266	0	172913
25231	609	176046	2982	1030	0	180667
25232	887	2189	1004	174629	0	178709
25233	780	726	646	175900	0	178052
25234	581	515	175621	3155	0	179872
25235	166221	406	2826	1797	0	171250
25236	2901	358	1108	176324	0	180691
25237	1180	373	837	172585	0	174975
25238	731	467	175989	3584	0	180771
25239	602	170277	3282	1663	0	175824
25240	461	191650	1251	1274	0	194636
25241	193752	4184	875	1564	0	200375
25242	4479	1357	808	196069	0	202713
25243	207117	927	768	5129	0	213941
25244	5628	622	205527	2111	0	213888
25245	2537	510	5140	206639	0	214826
25246	207803	544	1865	6234	0	216446
25247	211845	546	1344	2883	0	216618
25248	7036	592	855	209738	0	218221
25249	3132	532	208872	5724	0	218260
25250	2041	472	212538	2480	0	217531
25251	2005	456	6252	211723	0	220436
25252	1421	487	212690	5776	0	220374
25253	200219	530	5990	3241	0	209980
25254	5485	210782	2400	2341	0	221008
25255	217022	4739	1894	2074	0	225729
25256	221282	1714	1418	2250	0	226664
25257	7542	1069	1254	219809	0	229674
25258	3529	736	1720	224032	0	230017
25259	222555	711	1282	7595	0	232143
25260	6452	717	1217	222974	0	231360
25261	2996	662	220830	6705	0	231193
25262	2320	218695	5439	3078	0	229532
25263	2189	5143	2330	217473	0	227135
25264	2282	1829	1668	218779	0	224558
25265	2320	1301	1289	221075	0	225985
25266	1740	873	212635	8604	0	223852
25267	1966	209097	5704	4390	0	221157
25268	2102	5072	2525	215501	0	225200
25269	1648	2034	213327	7156	0	224165
25270	2130	1556	6073	212665	0	222424
25271	212763	1207	2541	8251	0	224762
25272	6525	1017	2114	216274	0	225930
25273	3014	1090	212805	7807	0	224716
25274	204226	818	6123	5336	0	216503
25275	6194	211793	3320	3511	0	224818
25276	2794	222496	2673	3173	0	231136
25277	223479	6177	2011	3652	0	235319
25278	6816	2829	227538	2923	0	240106
25279	4014	1651	6252	224940	0	236857
25280	3453	1272	2797	233346	0	240868
25281	2217	1387	229767	8389	0	241760
25282	2116	226140	6669	4655	0	239580
25283	3567	5612	3072	197622	0	209873
25284	2212	2549	226310	7374	0	238445
25285	2841	1812	6551	225181	0	236385
25286	225397	1482	3306	9000	0	239185
25287	6633	1433	229888	4745	0	242699
25288	3858	1477	6490	231789	0	243614
25289	3145	1523	3034	235056	0	242758
25290	2580	1684	227588	9343	0	241195
25291	3079	1461	6750	217235	0	228525
25292	2562	185340	4101	9170	0	201173
25293	3070	5535	3526	205578	0	217709
25294	2073	222313	2918	7957	0	235261
25295	221259	6155	2643	5970	0	236027
25296	215066	2705	2878	4934	0	225583
25297	8040	2035	216802	4515	0	231392
25298	4022	1881	211493	4037	0	221433
25299	3250	1753	210083	3446	0	218532
25300	2672	208943	8328	3437	0	223380
25301	2904	5845	4488	217218	0	230455
25302	2539	2470	218948	7535	0	231492
25303	3414	1974	7207	205106	0	217701
25304	2904	1712	3728	211753	0	220097
25305	2632	1598	213507	8876	0	226613
25306	3142	1671	6947	211888	0	223648
25307	2397	1837	3697	206258	0	214189
25308	2302	201490	3451	9149	0	216392
25309	2991	5736	2533	209330	0	220590
25310	2302	2449	2915	215873	0	223539
25311	2108	2128	209025	9935	0	223196
25312	2354	1682	7020	207172	0	218228
25313	2029	1423	209107	10102	0	222661
25314	1709	1862	203659	6152	0	213382
25315	198698	1661	8033	6028	0	214420
25316	6426	2031	4741	196851	0	210049
25317	2795	202878	3794	8503	0	217970
25318	2739	209462	3015	6053	0	221269
25319	2742	6958	3571	209694	0	222965
25320	2204	3245	207947	8976	0	222372
25321	2410	205935	7313	5942	0	221600
25322	2489	5218	3637	200622	0	211966
25323	1784	2574	205633	7004	0	216995
25324	1837	206687	5453	4214	0	218191
25325	216520	5198	3109	4502	0	229329
25326	216138	2771	2906	3892	0	225707
25327	217130	2214	2205	4233	0	225782
25328	6542	1554	2494	233167	0	243757
25329	3390	1603	2629	235958	0	243580
25330	2665	1671	2051	237293	0	243680
25331	1678	1466	230625	9302	0	243071
25332	225656	1640	6471	6037	0	239804
25333	6637	1322	3253	228927	0	240139
25334	2936	1376	222673	7513	0	234498
25335	226897	1544	5899	5549	0	239889
25336	238510	1276	3452	4765	0	248003
25337	7669	2658	185993	4401	0	200721
25338	226394	1216	4546	4517	0	236673
25339	6472	237879	2984	3666	0	251001
25340	2460	3771	228148	2354	0	236733
25341	215412	1670	5214	2937	0	225233
25342	4223	220788	2388	2494	0	229893
25343	1517	2635	1273	209062	0	214487
25344	746	212795	1225	3226	0	217992
25345	1159	2925	825	215299	0	220208
25346	785	1166	214401	3652	0	220004
25347	186590	644	3580	2662	0	193476
25348	3031	701	214417	1583	0	219732
25349	1172	204136	3180	1350	0	209838
25350	688	211673	1483	1077	0	214921
25351	207181	3172	927	1584	0	212864
25352	2875	1380	208230	1081	0	213566
25353	1392	776	3132	203362	0	208662
25354	849	642	209825	3096	0	214412
25355	585	210399	3230	1387	0	215601
25356	1422	2891	1301	195356	0	200970
25357	486	207239	1133	2583	0	211441
25358	213030	3071	879	1896	0	218876
25359	214704	1106	873	1731	0	218414
25360	214054	815	804	1507	0	217180
25361	3625	834	209884	884	0	215227
25362	1456	868	199955	970	0	203249
25363	201071	571	3631	1530	0	206803
25364	3256	684	215802	777	0	220519
25365	2037	428	3527	200202	0	206194
25366	856	210627	1582	2833	0	215898
25367	218123	2869	1205	1982	0	224179
25368	216241	1075	1092	1760	0	220168
25369	224534	610	881	1710	0	227735
25370	4469	527	780	224591	0	230367
25371	1876	496	785	227716	0	230873
25372	225890	485	748	4975	0	232098
25373	3486	223309	869	1955	0	229619
25374	222957	3057	670	1908	0	228592
25375	4083	1061	681	218973	0	224798
25376	1903	599	468	220286	0	223256
25377	213959	425	493	4844	0	219721
25378	3434	210520	592	1765	0	216311
25379	211132	3091	541	1771	0	216535
25380	3751	212265	613	949	0	217578
25381	211012	3313	525	1100	0	215950
25382	4232	1241	333	215928	0	221734
25383	218881	749	407	3992	0	224029
25384	226627	645	341	2187	0	229800
25385	246261	677	326	1902	0	249166
25386	5887	256840	434	937	0	264098
25387	2490	4973	250448	620	0	258531
25388	248121	1729	4690	1359	0	255899
25389	259148	1044	1413	1489	0	263094
25390	6926	255803	896	739	0	264364
25391	3932	4857	574	258883	0	268246
25392	2954	1939	552	263220	0	268665
25393	261978	1333	764	6866	0	270941
25394	6891	1219	801	263967	0	272878
25395	3376	1020	263300	5889	0	273585
25396	2801	1143	253997	2596	0	260537
25397	265612	898	6163	2662	0	275335
25398	6936	893	2219	268324	0	278372
25399	3679	764	1259	271781	0	277483
25400	2906	598	1063	275893	0	280460
25401	2133	629	274011	7825	0	284598
25402	2685	481	6055	269845	0	279066
25403	2766	513	2723	276491	0	282493
25404	2328	542	1774	285050	0	289694
25405	276848	575	1162	9863	0	288448
25406	7500	637	1028	280606	0	289771
25407	3093	800	280932	8527	0	293352
25408	280625	775	6509	5490	0	293399
25409	7704	1000	295247	3507	0	307458
25410	296494	646	7616	4003	0	308759
25411	296029	757	2791	3534	0	303111
25412	11339	794	1696	307869	0	321698
25413	5100	309214	1676	9323	0	325313
25414	4803	7139	1630	312876	0	326448
25415	4222	2914	1988	318512	0	327636
25416	3214	315967	2054	11058	0	332293
25417	320143	7301	1892	6320	0	335656
25418	9325	320131	1789	4086	0	335331
25419	323644	8638	1443	4294	0	338019
25420	328333	3613	1166	4515	0	337627
25421	12264	2486	1132	321238	0	337120
25422	6645	1994	1170	321928	0	331737
25423	4241	1793	306357	12257	0	324648
25424	4037	1898	287807	6362	0	300104
25425	287095	1559	9206	5445	0	303305
25426	298925	1364	3940	5060	0	309289
25427	11517	282086	2634	3929	0	300166
25428	6588	6559	2190	275494	0	290831
25429	4379	2667	292169	9368	0	308583
25430	4756	4495	8406	290384	0	308041
25431	289036	1777	4653	10167	0	305633
25432	286791	1496	2853	5483	0	296623
25433	10970	285384	1969	3899	0	302222
25434	6685	6849	1390	288540	0	303464
25435	4605	3488	1506	293934	0	303533
25436	4035	2327	1604	294627	0	302593
25437	3427	2051	277588	11651	0	294717
25438	248354	1877	7056	7510	0	264797
25439	274251	2018	3150	5079	0	284498
25440	11769	2125	273818	4142	0	291854
25441	6263	274202	6994	4503	0	291962
25442	277292	6783	3476	5568	0	293119
25443	279892	2950	3034	5433	0	291309
25444	11388	2285	269785	4819	0	288277
25445	7232	2000	282274	3653	0	295159
25446	6635	2009	9541	284392	0	302577
25447	5166	2462	289138	8318	0	305084
25448	279658	2196	8931	5450	0	296235
25449	290164	2098	4528	4780	0	301570
25450	296324	1847	3674	4548	0	306393
25451	13067	1400	3586	280449	0	298502
25452	7426	299233	3485	8646	0	318790
25453	307454	6461	3208	6772	0	323895
25454	305683	3240	3201	5465	0	317589
25455	12866	2849	294532	4132	0	314379
25456	8820	2302	282322	3954	0	297398
25457	285516	1808	8589	4957	0	300870
25458	11517	2047	4755	297937	0	316256
25459	7064	2335	296659	9580	0	315638
25460	6315	293143	8407	6186	0	314051
25461	6765	6868	5097	298570	0	317300
25462	297341	3400	4152	9598	0	314491
25463	10834	302651	3904	5399	0	322788
25464	7667	7484	3318	298032	0	316501
25465	6118	293557	3309	9461	0	312445
25466	5153	305877	3505	6297	0	320832
25467	5775	8614	3451	306300	0	324140
25468	5735	4525	3294	305450	0	319004
25469	5079	303709	3685	10668	0	323141
25470	303238	7988	3064	6988	0	321278
25471	11108	4875	304613	4698	0	325294
25472	298466	3917	7458	5554	0	315395
25473	11545	3583	4112	313238	0	332478
25474	7596	3255	3312	316880	0	331043
25475	6478	2730	3294	319852	0	332354
25476	6560	2385	3405	317844	0	330194
25477	5637	2715	315971	11602	0	335925
25478	6379	2081	8477	314306	0	331243
25479	5979	2892	4790	317421	0	331082
25480	5045	324409	3415	12182	0	345051
25481	4721	7666	328564	8509	0	349460
25482	4081	336442	8499	7426	0	356448
25483	4696	9144	342790	5903	0	362533
25484	4466	348757	9312	5167	0	367702
25485	5810	8781	5341	320511	0	340443
25486	318574	3528	2971	8564	0	333637
25487	8146	320427	2536	4974	0	336083
25488	5889	7360	2284	326502	0	342035
25489	4293	4090	329635	8798	0	346816
25490	3193	335047	8019	5455	0	351714
25491	329528	7938	4815	5486	0	347767
25492	334686	4479	3598	4927	0	347690
25493	10105	335382	3051	3369	0	351907
25494	6171	8534	327298	2828	0	344831
25495	316498	4698	7895	3585	0	332676
25496	9882	4199	4334	335962	0	354377
25497	333646	3118	3383	9754	0	349901
25498	9808	336328	2668	5443	0	354247
25499	5733	349209	2406	4533	0	361881
25500	5081	10342	341420	3335	0	360178
25501	335283	5798	7884	3985	0	352950
25502	10223	4430	4274	346507	0	365434
25503	347027	2900	3307	8969	0	362203
25504	9307	347230	2559	5099	0	364195
25505	349122	7724	2356	5102	0	364304
25506	344572	4682	2363	4522	0	356139
25507	11040	3888	346753	3131	0	364812
25508	6311	329513	6540	2533	0	344897
25509	4569	341487	3671	2457	0	352184
25510	3870	8627	2385	317870	0	332752
25511	2933	307094	1917	5421	0	317365
25512	319676	6948	1497	4222	0	332343
25513	6115	322098	1436	2480	0	332129
25514	4181	7585	1168	313120	0	326054
25515	2930	309353	1146	5099	0	318528
25516	2465	304020	1092	2823	0	310400
25517	2498	316195	1030	2264	0	321987
25518	3572	7880	1287	310198	0	322937
25519	2776	4304	843	313747	0	321670
25520	2662	3230	905	310747	0	317544
25521	2022	303907	979	7066	0	313974
25522	2054	6080	297822	3785	0	309741
25523	2011	4167	287791	2597	0	296566
25524	287900	3413	5774	3007	0	300094
25525	5744	2933	3004	304671	0	316352
25526	3309	2954	306397	5234	0	317894
25527	2755	2974	296152	3237	0	305118
25528	1920	317242	6113	2876	0	328151
25529	2558	6249	3222	295943	0	307972
25530	2006	4159	2019	309338	0	317522
25531	305142	3454	1475	8261	0	318332
25532	5358	2804	1424	307279	0	316865
25533	3246	2707	1470	307439	0	314862
25534	2353	2672	308991	8064	0	322080
25535	2579	2529	4890	306479	0	316477
25536	2597	2341	3042	320028	0	328008
25537	1733	2339	317992	7996	0	330060
25538	1827	2337	309036	5079	0	318279
25539	1484	307866	7146	4086	0	320582
25540	1710	5828	313165	3188	0	323891
25541	2117	3639	6603	306767	0	319126
25542	5010	3716	5000	225738	0	239464
25543	1689	2594	314181	8087	0	326551
25544	1458	309848	5970	5624	0	322900
25545	292787	5805	3702	5605	0	307899
25546	4822	303535	3095	4124	0	315576
25547	3242	6735	2685	305841	0	318503
25548	2658	4327	2719	308793	0	318497
25549	1687	306476	2938	8671	0	319772
25550	2058	6431	2840	307804	0	319133
25551	2195	4220	2786	308349	0	317550
25552	1849	3689	290099	9423	0	305060
25553	1600	286723	6420	6605	0	301348
25554	1900	6845	4101	293248	0	306094
25555	1808	4442	290883	8255	0	305388
25556	2600	3797	6551	288054	0	301002
25557	2471	3465	4329	288116	0	298381
25558	2390	3077	3515	295570	0	304552
25559	2495	3189	3049	293799	0	302532
25560	2577	3420	2446	287545	0	295988
25561	2460	288240	2402	10010	0	303112
25562	281893	6239	2389	8015	0	298536
25563	5647	4617	278438	5647	0	294349
25564	236262	3610	6109	6941	0	252922
25565	6049	3273	288475	4818	0	302615
25566	3091	295854	6921	4906	0	310772
25567	3083	6861	293165	4305	0	307414
25568	1962	298742	7420	4659	0	312783
25569	3217	7624	4669	270105	0	285615
25570	2579	4112	3582	290606	0	300879
25571	2281	290584	2530	9292	0	304687
25572	1897	304964	2458	6683	0	316002
25573	304471	8336	2304	6238	0	321349
25574	312758	5137	2311	5935	0	326141
25575	313832	3847	2145	5320	0	325144
25576	319877	3301	2145	4971	0	330294
25577	9324	3577	2346	314006	0	329253
25578	4875	316065	2102	7300	0	330342
25579	315393	7201	1940	5815	0	330349
25580	6875	3985	1820	309132	0	321812
25581	299056	3014	1733	7105	0	310908
25582	287956	2122	1601	5227	0	296906
25583	6366	275909	1444	3304	0	287023
25584	3046	264028	1180	2515	0	270769
25585	1971	278094	1086	1923	0	283074
25586	2345	6110	1151	262733	0	272339
25587	1304	270786	922	4041	0	277053
25588	268605	3274	680	3025	0	275584
25589	272346	1547	489	2577	0	276959
25590	269612	1299	554	2385	0	273850
25591	273987	1223	509	2359	0	278078
25592	275543	1202	553	2267	0	279565
25593	4988	1110	282546	1375	0	290019
25594	281791	993	3911	2269	0	288964
25595	5442	1021	287231	1064	0	294758
25596	285032	714	4086	1712	0	291544
25597	5698	869	1751	287193	0	295511
25598	2796	1126	265916	4400	0	274238
25599	2015	986	281179	1991	0	286171
25600	1306	303991	4971	1426	0	311694
25601	306190	4900	2428	2232	0	315750
25602	315450	1784	1340	2021	0	320595
25603	7617	343434	1068	972	0	353091
25604	4891	6488	645	398139	0	410163
25605	431523	2900	831	10165	0	445419
25606	12197	2172	433893	4503	0	452765
25607	5636	433908	10396	2704	0	452644
25608	425219	10893	4750	3805	0	444667
25609	12733	434571	2974	2749	0	453027
25610	9330	12930	2223	409770	0	434253
25611	4910	439069	2656	9803	0	456438
25612	5829	15317	1667	414894	0	437707
25613	4252	422938	1859	11651	0	440700
25614	2979	445864	1497	6306	0	456646
25615	427853	17719	1149	6115	0	452836
25616	440667	10729	1032	5092	0	457520
25617	16233	7552	433145	4522	0	461452
25618	9627	6641	417513	3697	0	437478
25619	7362	6191	433762	2933	0	450248
25620	8083	5424	17704	431997	0	463208
25621	6264	5920	445193	11494	0	468871
25622	6625	5551	16508	432698	0	461382
25623	5992	5103	9697	433444	0	454236
25624	3465	436539	7259	17985	0	465248
25625	435611	14255	5398	12777	0	468041
25626	12396	442897	5451	8119	0	468863
25627	8579	16552	4036	452076	0	481243
25628	7093	10252	3807	456632	0	477784
25629	7599	7518	3719	460726	0	479562
25630	7349	5445	447577	20568	0	480939
25631	6709	5306	15495	446120	0	473630
25632	6103	4572	10038	453284	0	473997
25633	5472	4450	7504	463667	0	481093
25634	3674	5123	437912	25345	0	472054
25635	3499	432941	15350	16547	0	468337
25636	427790	14837	7893	15669	0	466189
25637	417477	9357	5169	15171	0	447174
25638	16912	438699	4388	11023	0	471022
25639	11627	17386	4486	437136	0	470635
25640	9097	11860	3853	453267	0	478077
25641	7952	8469	435796	22365	0	474582
25642	6763	432539	14298	15521	0	469121
25643	6930	16059	8908	443700	0	475597
25644	5398	9160	442693	21483	0	478734
25645	5478	7055	16754	440130	0	469417
25646	4992	6382	10699	441710	0	463783
25647	4017	7012	436696	26091	0	473816
25648	5379	6540	17013	436548	0	465480
25649	6627	6911	10894	429127	0	453559
25650	6633	6458	436668	25331	0	475090
25651	7164	6178	16393	441047	0	470782
25652	6491	6006	11171	422501	0	446169
25653	4227	5188	7995	458187	0	475597
25654	2826	4606	437888	30586	0	475906
25655	3609	4168	18576	445887	0	472240
25656	424227	4375	11115	29746	0	469463
25657	426734	4112	9260	22190	0	462296
25658	16646	429110	8595	17952	0	472303
25659	437236	13218	8045	17480	0	475979
25660	17070	7960	446767	15613	0	487410
25661	12294	5625	16658	453508	0	488085
25662	9470	5384	10375	461158	0	486387
25663	8003	5713	7945	473883	0	495544
25664	441011	4403	7263	29845	0	482522
25665	14841	437136	7255	20792	0	480024
25666	9183	13624	5734	425579	0	454120
25667	6266	429393	6034	25119	0	466812
25668	422261	15388	6379	19696	0	463724
25669	16260	430032	5992	14325	0	466609
25670	420055	17137	4769	14087	0	456048
25671	17872	413457	4684	12307	0	448320
25672	11555	419370	4837	11615	0	447377
25673	10040	19629	5068	413709	0	448446
25674	7731	12139	5636	416896	0	442402
25675	7266	9081	5325	417276	0	438948
25676	5888	8412	4395	418489	0	437184
25677	5353	8478	392733	28158	0	434722
25678	5767	392210	12724	20447	0	431148
25679	5529	16151	7287	379895	0	408862
25680	4376	392717	5964	23445	0	426502
25681	5203	17663	386101	17124	0	426091
25682	6529	11603	14506	387172	0	419810
25683	6715	10041	8476	406087	0	431319
25684	6268	8647	389661	23925	0	428501
25685	4894	382979	15225	16855	0	419953
25686	4638	15850	10024	388822	0	419334
25687	3409	9258	380541	25361	0	418569
25688	2672	377262	15626	21107	0	416667
25689	3935	14780	9924	381457	0	410096
25690	3514	10216	371535	23771	0	409036
25691	4030	8687	357702	16725	0	387144
25692	3790	351893	18223	12986	0	386892
25693	3520	378291	9856	11271	0	402938
25694	4474	19028	8710	380405	0	412617
25695	5171	11860	7990	404271	0	429292
25696	3121	8864	391827	24374	0	428186
25697	375792	7976	15118	18750	0	417636
25698	385560	8303	9517	15206	0	418586
25699	16931	7854	384543	12929	0	422257
25700	9016	360192	15225	12467	0	396900
25701	6608	358516	10530	10961	0	386615
25702	6196	351867	7321	9480	0	374864
25703	7072	270257	7789	9547	0	294665
25704	8908	19177	6183	246806	0	281074
25705	2320	4132	1598	293824	0	301874
25706	1584	2773	736	296700	0	301793
25707	1561	2244	637	302010	0	306452
25708	552	297991	767	16096	0	315406
25709	1688	9217	754	300629	0	312288
25710	729	300865	885	13123	0	315602
25711	1854	11025	707	308552	0	322138
25712	299361	6060	776	14015	0	320212
25713	9478	4183	860	303542	0	318063
25714	4785	299048	844	13579	0	318256
25715	3913	10652	697	310068	0	325330
25716	3041	6124	621	318753	0	328539
25717	2601	4395	640	323318	0	330954
25718	299505	3402	590	22995	0	326492
25719	10183	4273	481	317977	0	332914
25720	5071	3929	298758	19611	0	327369
25721	3276	309909	8752	13849	0	335786
25722	3743	12556	4659	324176	0	345134
25723	4539	7233	3090	337987	0	352849
25724	4231	5503	2342	345708	0	357784
25725	321624	4818	2069	24635	0	353146
25726	13321	4578	310636	15537	0	344072
25727	8593	3879	10378	303117	0	325967
25728	4702	311630	5527	19094	0	340953
25729	5039	13855	3196	322231	0	344321
25730	297493	8740	2328	22316	0	330877
25731	11077	309946	2858	15803	0	339684
25732	7847	14436	1978	316329	0	340590
25733	5305	8873	1642	320712	0	336532
25734	3084	309057	1980	26275	0	340396
25735	4230	14198	1679	324906	0	345013
25736	4446	9287	1601	331865	0	347199
25737	3281	7008	306337	26709	0	343335
25738	2679	308501	11219	19477	0	341876
25739	307311	15286	5902	15866	0	344365
25740	13268	9651	306797	13601	0	343317
25741	303144	7169	12090	14892	0	337295
25742	15661	7268	306366	14349	0	343644
25743	9916	6400	13513	316016	0	345845
25744	305086	5076	7593	27607	0	345362
25745	15596	7068	4998	319964	0	347626
25746	310917	6683	3852	28353	0	349805
25747	317011	6968	3812	22085	0	349876
25748	315725	7761	4158	18196	0	345840
25749	21857	309302	4346	15364	0	350869
25750	15690	15622	3678	314035	0	349025
25751	11726	10533	4719	325101	0	352079
25752	9844	8494	4351	327578	0	350267
25753	9129	6272	305844	31142	0	352387
25754	8559	5420	14843	323051	0	351873
25755	310759	4527	9199	29531	0	354016
25756	320563	4819	6710	22584	0	354676
25757	23333	4808	306053	18578	0	352772
25758	315366	5698	15100	15090	0	351254
25759	323953	6647	8822	14984	0	354406
25760	25966	6735	6299	304895	0	343895
25761	304082	5929	4710	27290	0	342011
25762	309809	5584	4391	22163	0	341947
25763	25864	5673	4861	306582	0	342980
25764	304380	4819	6045	27613	0	342857
25765	308722	5448	5998	21662	0	341830
25766	26512	6458	5666	302052	0	340688
25767	20752	6562	204732	25279	0	257325
25768	285626	5794	12025	18369	0	321814
25769	24944	5920	290555	15019	0	336438
25770	19394	4994	293184	14940	0	332512
25771	15270	286105	19696	15963	0	337034
25772	15696	14189	11741	289170	0	330796
25773	15789	8434	7557	305225	0	337005
25774	15093	5581	6780	303464	0	330918
25775	15629	5572	287884	30315	0	339400
25776	17202	5802	287820	20310	0	331134
25777	15011	287152	19797	17521	0	339481
25778	15082	14134	13042	286144	0	328402
25779	15472	7964	10279	300703	0	334418
25780	13081	5715	10083	309310	0	338189
25781	12427	4380	289221	31218	0	337246
25782	12968	282232	17505	22919	0	335624
25783	13149	13291	11768	295079	0	333287
25784	14356	8348	290574	25817	0	339095
25785	14928	6328	292390	19427	0	333073
25786	289501	5726	22109	16678	0	334014
25787	292938	5804	14616	16231	0	329589
25788	301613	5552	10452	16930	0	334547
25789	27180	4971	9092	289224	0	330467
25790	18512	4283	278587	26138	0	327520
25791	14480	266933	17232	22031	0	320676
25792	13594	285760	12535	19173	0	331062
25793	14322	15249	256608	14568	0	300747
25794	14271	13205	16763	231455	0	275694
25795	12457	7213	12983	212305	0	244958
25796	12335	203693	10739	17459	0	244226
25797	12660	216813	8174	13506	0	251153
25798	214336	12237	7654	11371	0	245598
25799	221009	7110	6888	10123	0	245130
25800	224566	4812	5987	10913	0	246278
25801	221252	4055	5820	11149	0	242276
25802	211913	4436	5179	10251	0	231779
25803	21700	192388	5233	10437	0	229758
25804	10598	156837	4476	7682	0	179593
25805	6085	127010	3341	4809	0	141245
25806	122224	5988	6902	4999	0	140113
25807	8616	3847	3603	113173	0	129239
25808	4729	1355	2102	112774	0	120960
25809	110232	1044	2218	6481	0	119975
25810	5679	108198	2207	4286	0	120370
25811	4314	3728	2112	110724	0	120878
25812	4000	2321	2193	112153	0	120667
25813	3964	1613	2366	113075	0	121018
25814	109398	1168	2087	6054	0	118707
25815	6258	1065	1841	110563	0	119727
25816	4283	1148	103350	4998	0	113779
25817	101891	1396	3229	3408	0	109924
25818	5725	1436	1913	103655	0	112729
25819	3738	1049	102248	4089	0	111124
25820	3394	97987	3026	3008	0	107415
25821	2243	94392	1531	1871	0	100037
25822	87196	2947	2549	1970	0	94662
25823	84427	882	1096	1334	0	87739
25824	2110	86230	532	711	0	89583
25825	1320	1520	421	91125	0	94386
25826	94674	543	343	2499	0	98059
25827	2367	362	361	100798	0	103888
25828	1486	329	324	105469	0	107608
25829	1133	310	388	106368	0	108199
25830	967	278	456	105814	0	107515
25831	654	102234	414	3996	0	107298
25832	681	2133	347	105597	0	108758
25833	687	1015	388	106054	0	108144
25834	752	736	337	107117	0	108942
25835	508	643	101670	4443	0	107264
25836	396	101510	2277	2526	0	106709
25837	672	2463	1111	104376	0	108622
25838	426	1240	102071	3443	0	107180
25839	483	839	94670	2164	0	98156
25840	468	101263	3201	1558	0	106490
25841	100562	2601	1567	1509	0	106239
25842	2385	1281	1055	102495	0	107216
25843	101796	883	783	3232	0	106694
25844	2634	104020	613	1818	0	109085
25845	1547	2749	450	106009	0	110755
25846	101719	1238	472	3532	0	106961
25847	104626	980	411	2319	0	108336
25848	3737	698	318	104479	0	109232
25849	2104	665	442	104066	0	107277
25850	1310	637	102386	4043	0	108376
25851	1280	524	2361	102638	0	106803
25852	1151	645	1306	106096	0	109198
25853	102251	485	969	4477	0	108182
25854	2677	102436	602	2667	0	108382
25855	1573	2500	99974	1982	0	106029
25856	96721	1205	2110	2114	0	102150
25857	2866	101923	1109	1480	0	107378
25858	1922	2561	765	103446	0	108694
25859	102585	1329	549	3375	0	107838
25860	3142	908	489	101671	0	106210
25861	2003	730	411	102719	0	105863
25862	1125	732	99777	4177	0	105811
25863	1102	529	2239	101466	0	105336
25864	100451	493	1227	4239	0	106410
25865	2804	436	815	102269	0	106324
25866	99319	507	576	4437	0	104839
25867	3209	95644	654	2562	0	102069
25868	1800	100788	550	2113	0	105251
25869	1600	3031	653	102074	0	107358
25870	1344	1656	472	103565	0	107037
25871	99539	1340	361	4344	0	105584
25872	2686	99509	397	2967	0	105559
25873	101347	2624	376	2538	0	106885
25874	102512	1470	413	2283	0	106678
25875	3845	1123	417	101858	0	107243
25876	102063	823	499	3775	0	107160
25877	3773	849	96378	2379	0	103379
25878	2743	636	2263	98748	0	104390
25879	1900	777	99713	3558	0	105948
25880	1700	681	2809	101911	0	107101
25881	99521	748	1474	4233	0	105976
25882	101702	718	1133	2944	0	106497
25883	3780	100757	770	2500	0	107807
25884	2566	2616	722	101016	0	106920
25885	2161	1415	536	102504	0	106616
25886	1804	100058	577	4199	0	106638
25887	1855	2846	430	104489	0	109620
25888	1713	1590	424	105168	0	108895
25889	1279	102165	484	4806	0	108734
25890	100405	2807	463	3452	0	107127
25891	101347	1641	597	2807	0	106392
25892	3790	1222	514	101670	0	107196
25893	2509	927	597	102634	0	106667
25894	1935	999	98326	4686	0	105946
25895	2039	910	2291	97318	0	102558
25896	1698	94926	1259	4119	0	102002
25897	99736	2735	935	3009	0	106415
25898	3213	1569	667	100709	0	106158
25899	2010	1220	637	99377	0	103244
25900	95467	1115	471	5024	0	102077
25901	3183	95636	588	3238	0	102645
25902	2252	2655	458	99752	0	105117
25903	1976	1680	437	99401	0	103494
25904	1775	97207	447	4566	0	103995
25905	97774	2774	443	3299	0	104290
25906	3327	1698	94955	2610	0	102590
25907	2042	1291	95105	2327	0	100765
25908	1773	1155	3111	98170	0	104209
25909	1393	1024	97398	3805	0	103620
25910	94626	959	2908	2868	0	101361
25911	3397	728	1628	98952	0	104705
25912	2155	737	101752	3868	0	108512
25913	1866	803	99204	2691	0	104564
25914	1599	104304	3263	2141	0	111307
25915	105067	2566	1794	2102	0	111529
25916	2967	107132	1248	1993	0	113340
25917	109114	2749	1023	2043	0	114929
25918	109691	1685	993	1904	0	114273
25919	3578	106310	833	1376	0	112097
25920	107499	2510	817	1568	0	112394
25921	106552	1543	698	1498	0	110291
25922	4220	1150	104772	1237	0	111379
25923	2992	4031	2161	98561	0	107745
25924	1870	95524	1106	2362	0	100862
25925	1208	95156	655	1306	0	98325
25926	2090	3090	933	88753	0	94866
25927	84536	851	615	2128	0	88130
25928	1353	381	217	82925	0	84876
25929	823	284	218	84981	0	86306
25930	687	260	198	86878	0	88023
25931	431	89354	210	1740	0	91735
25932	623	1395	152	95719	0	97889
25933	503	779	101061	2061	0	104404
25934	95249	474	1822	1235	0	98780
25935	106237	281	710	962	0	108190
25936	2852	104071	389	611	0	107923
25937	107359	2131	220	650	0	110360
25938	2950	785	183	108699	0	112617
25939	1196	532	107231	2284	0	111243
25940	103002	347	2063	1262	0	106674
25941	2588	109099	762	630	0	113079
25942	1313	2158	368	110241	0	114080
25943	114288	849	269	2733	0	118139
25944	2566	112228	233	1052	0	116079
25945	1086	115254	271	709	0	117320
25946	115044	2948	256	878	0	119126
25947	2784	1326	110422	532	0	115064
25948	112698	782	2182	617	0	116279
25949	3176	579	807	112710	0	117272
25950	1658	564	478	114164	0	116864
25951	1111	537	111369	3067	0	116084
25952	864	508	108920	1385	0	111677
25953	1045	388	3072	112824	0	117329
25954	888	383	111788	2732	0	115791
25955	789	486	111364	1350	0	113989
25956	1099	348	3151	111199	0	115797
25957	919	357	1476	115941	0	118693
25958	115374	427	1005	3524	0	120330
25959	2956	452	760	116031	0	120199
25960	116012	406	684	3455	0	120557
25961	3081	116108	746	1624	0	121559
25962	1801	2446	582	119395	0	124224
25963	1104	1112	121360	3123	0	126699
25964	119512	704	2489	2003	0	124708
25965	126016	532	1185	1474	0	129207
25966	126879	452	900	1265	0	129496
25967	125282	445	707	1161	0	127595
25968	124831	424	703	1162	0	127120
25969	4280	422	741	121325	0	126768
25970	2169	348	119337	3052	0	124906
25971	1616	362	115100	1641	0	118719
25972	1445	322	120419	1207	0	123393
25973	117000	312	3577	1283	0	122172
25974	124942	301	1648	1230	0	128121
25975	4113	343	1077	120364	0	125897
25976	1966	126072	964	2845	0	131847
25977	1673	2428	882	129124	0	134107
25978	1303	1044	128612	3355	0	134314
25979	1413	676	124557	1635	0	128281
25980	119101	484	3482	1619	0	124686
25981	3702	419	133243	1083	0	138447
25982	2295	467	3302	133336	0	139400
25983	139528	405	1551	3758	0	145242
25984	129427	484	1384	2399	0	133694
25985	142625	366	1124	1491	0	145606
25986	144312	306	1026	1314	0	146958
25987	5038	479	139630	889	0	146036
25988	135988	347	3224	1249	0	140808
25989	4369	139222	1653	1049	0	146293
25990	2674	2792	1152	143286	0	149904
25991	2147	1256	143064	3302	0	149769
25992	2203	801	3415	142213	0	148632
25993	1762	770	145392	3703	0	151627
25994	1913	624	3720	143845	0	150102
25995	1726	608	2016	147969	0	152319
25996	1576	633	144953	4686	0	151848
25997	1776	561	3742	144679	0	150758
25998	146968	473	2046	4641	0	154128
25999	4150	414	1563	148843	0	154970
26000	2466	429	1464	151780	0	156139
26001	148614	456	1230	5377	0	155677
26002	4083	148900	1256	2763	0	157002
26003	151094	2962	1240	2346	0	157642
26004	4338	151754	1186	1796	0	159074
26005	157060	3309	1119	2025	0	163513
26006	4594	1594	155795	1578	0	163561
26007	2885	936	3442	155357	0	162620
26008	2070	854	1836	158994	0	163754
26009	156663	686	1436	5217	0	164002
26010	4137	153666	1398	2672	0	161873
26011	2625	3064	1207	152086	0	158982
26012	2104	1286	1270	153108	0	157768
26013	1635	147143	1249	5063	0	155090
26014	146751	2984	1067	3347	0	154149
26015	3933	146420	1163	2287	0	153803
26016	2493	3267	929	146001	0	152690
26017	2178	1483	926	142386	0	146973
26018	1606	140302	915	4616	0	147439
26019	139473	3210	872	3069	0	146624
26020	4099	1593	136440	2080	0	144212
26021	131797	1150	3099	2100	0	138146
26022	4290	137865	1545	1567	0	145267
26023	2625	3085	995	140873	0	147578
26024	142567	1459	910	4157	0	149093
26025	4290	1064	863	142794	0	149011
26026	2655	892	764	146131	0	150442
26027	145740	771	839	5232	0	152582
26028	4093	140835	900	2659	0	148487
26029	2335	146619	857	1923	0	151734
26030	145398	3216	750	2216	0	151580
26031	3859	1330	145981	1543	0	152713
26032	1864	136063	2309	1294	0	141530
26033	2072	2465	1328	137727	0	143592
26034	1003	942	153920	2057	0	157922
26035	1009	713	2547	149077	0	153346
26036	152345	393	1155	3334	0	157227
26037	2804	154674	669	1518	0	159665
26038	1871	2648	501	147650	0	152670
26039	868	155087	507	2419	0	158881
26040	156210	2943	378	1775	0	161306
26041	159354	1402	337	1476	0	162569
26042	3933	160321	356	1036	0	165646
26043	2214	2896	264	155543	0	160917
26044	1072	160637	323	2826	0	164858
26045	163300	3403	285	1802	0	168790
26046	165749	1638	371	1303	0	169061
26047	4854	1005	432	162633	0	168924
26048	2629	892	234	166312	0	170067
26049	1598	878	161165	4579	0	168220
26050	148808	798	3065	2940	0	155611
26051	3953	966	161349	1465	0	167733
26052	2560	685	3425	159876	0	166546
26053	160809	536	1636	4083	0	167064
26054	3961	162966	915	2057	0	169899
26055	154899	3586	716	2136	0	161337
26056	4000	1974	144017	1512	0	151503
26057	151555	1119	2333	1641	0	156648
26058	4544	161623	1206	1195	0	168568
26059	163825	3571	759	1634	0	169789
26060	4558	167505	686	1306	0	174055
26061	2748	4080	635	166035	0	173498
26062	1912	2181	162520	3864	0	170477
26063	1722	1639	155021	1919	0	160301
26064	2298	1186	4354	158032	0	165870
26065	1603	1224	161809	4245	0	168881
26066	1916	1130	3885	160200	0	167131
26067	1932	1104	1943	159299	0	164278
26068	1366	1008	164492	5217	0	172083
26069	137230	899	3993	3613	0	145735
26070	162057	928	1962	2314	0	167261
26071	5117	159984	1251	1728	0	168080
26072	162522	3620	962	1640	0	168744
26073	4855	1871	832	162010	0	169568
26074	2615	1195	165870	4076	0	173756
26075	2239	1015	3780	164334	0	171368
26076	1866	932	1965	167468	0	172231
26077	162706	844	1245	5511	0	170306
26078	3894	158371	1082	2891	0	166238
26079	2282	160281	836	2213	0	165612
26080	1866	4062	909	163010	0	169847
26081	1849	1980	952	158430	0	163211
26082	1576	155776	772	4618	0	162742
26083	1729	3688	679	154165	0	160261
26084	1675	2048	680	153426	0	157829
26085	1199	149948	637	5285	0	157069
26086	148643	3267	877	3116	0	155903
26087	3447	1684	914	149667	0	155712
26088	1831	149648	818	4470	0	156767
26089	1699	3434	703	151539	0	157375
26090	148661	1848	701	4790	0	156000
26091	3639	149027	596	2703	0	155965
26092	151069	3831	555	2408	0	157863
26093	153478	2101	422	2457	0	158458
26094	5268	1621	377	154989	0	162255
26095	159101	1537	430	4638	0	165706
26096	161953	1268	377	3155	0	166753
26097	162783	1391	399	2389	0	166962
26098	163745	1235	535	2096	0	167611
26099	6151	918	488	160827	0	168384
26100	3378	1092	503	163661	0	168634
26101	2392	990	158601	5512	0	167495
26102	2652	852	3036	159200	0	165740
26103	2449	998	1382	160998	0	165827
26104	2066	1077	156285	5776	0	165204
26105	149820	818	3620	3699	0	157957
26106	4902	896	1594	159480	0	166872
26107	2788	856	160781	5202	0	169627
26108	150794	753	3961	3773	0	159281
26109	5604	940	175535	2472	0	184551
26110	3260	178054	4595	2194	0	188103
26111	2670	191560	2189	1960	0	198379
26112	2640	5416	1386	201995	0	211437
26113	2001	2323	222738	6069	0	233131
26114	218444	1574	5763	4107	0	229888
26115	237770	1159	2520	3395	0	244844
26116	7922	1283	234511	2293	0	246009
26117	232845	1055	6062	2676	0	242638
26118	241164	917	2954	2818	0	247853
26119	8297	239448	2491	2081	0	252317
26120	243533	5313	1890	2258	0	252994
26121	8314	2191	2031	240233	0	252769
26122	4252	1801	240503	6234	0	252790
26123	3826	1698	5823	223317	0	234664
26124	2529	238343	3022	6241	0	250135
26125	2781	247902	2310	3303	0	256296
26126	245637	6920	1855	2867	0	257279
26127	244004	3061	1973	2730	0	251768
26128	244216	2399	2459	2358	0	251432
26129	9682	2146	1653	238847	0	252328
26130	5597	2628	1860	230085	0	240170
26131	3806	233316	2051	7485	0	246658
26132	232500	6111	1872	4777	0	245260
26133	8678	236204	2428	3716	0	251026
26134	218170	4640	2039	2302	0	227151
26135	8372	218154	1944	1819	0	230289
26136	218832	4975	2730	2111	0	228648
26137	211922	2746	1634	2112	0	218414
26138	10117	2842	1449	208189	0	222597
26139	5863	216225	1890	4708	0	228686
26140	5771	5245	202232	2808	0	216056
26141	196531	2731	4028	3835	0	207125
26142	6451	193068	2252	2718	0	204489
26143	4546	5484	207200	2454	0	219684
26144	3618	3496	208437	2524	0	218075
26145	4160	3571	4531	196950	0	209212
26146	4654	2552	1419	195063	0	203688
26147	4056	209685	1060	4517	0	219318
26148	215175	5243	581	3216	0	224215
26149	7252	2947	560	208631	0	219390
26150	4526	213278	789	5049	0	223642
26151	4414	223510	777	2611	0	231312
26152	4193	5648	216364	2633	0	228838
26153	3954	4059	213867	2225	0	224105
26154	209765	3967	4012	2052	0	219796
26155	7073	3125	218757	1451	0	230406
26156	5197	3384	3947	214211	0	226739
26157	4851	2901	1796	222219	0	231767
26158	3433	3199	220901	5339	0	232872
26159	4166	3105	4460	214774	0	226505
26160	4427	2469	2995	198679	0	208570
26161	214643	2417	2510	6286	0	225856
26162	218925	3380	2829	3113	0	228247
26163	5945	2269	3538	214777	0	226529
26164	3371	211175	3473	5392	0	223411
26165	2517	221968	3078	3728	0	231291
26166	221837	5335	2911	3958	0	234041
26167	5408	3519	220461	3300	0	232688
26168	4092	2825	4804	220367	0	232088
26169	226087	2943	2884	7059	0	238973
26170	227039	3909	2891	4078	0	237917
26171	6898	3379	2692	225837	0	238806
26172	3816	2962	225674	6067	0	238519
26173	4395	3061	207824	3132	0	218412
26174	205591	2629	7119	4113	0	219452
26175	216936	2143	5184	4383	0	228646
26176	7194	218729	4295	4018	0	234236
26177	5291	225155	3727	4670	0	238843
26178	231228	5182	4159	5359	0	245928
26179	235036	2943	3370	5908	0	247257
26180	8801	2466	2689	238980	0	252936
26181	7173	2162	3086	242132	0	254553
26182	6601	2513	2388	245341	0	256843
26183	242381	2932	2416	8937	0	256666
26184	9908	3595	2323	241978	0	257804
26185	7189	3509	241639	6378	0	258715
26186	238244	3036	5248	5121	0	251649
26187	8937	3297	3287	243286	0	258807
26188	6133	3626	243495	6888	0	260142
26189	234657	3180	5027	5342	0	248206
26190	213733	3131	3763	5112	0	225739
26191	7788	246352	3206	4968	0	262314
26192	6187	251977	3748	3614	0	265526
26193	6588	5886	224890	3650	0	241014
26194	237328	3855	4502	4712	0	250397
26195	9011	248841	3201	3208	0	264261
26196	6659	6470	226630	3589	0	243348
26197	231500	3971	4165	4224	0	243860
26198	9404	255370	1944	3839	0	270557
26199	5964	6615	251194	4674	0	268447
26200	240220	4148	4643	5400	0	254411
26201	8937	253712	2023	4802	0	269474
26202	5976	5210	1878	254186	0	267250
26203	253456	2835	2337	8178	0	266806
26204	7680	251962	2278	5585	0	267505
26205	4946	5591	2770	251283	0	264590
26206	249019	2026	2955	7332	0	261332
26207	6320	1698	246533	4709	0	259260
26208	3648	239202	5698	3202	0	251750
26209	4606	4112	230706	2567	0	241991
26210	3611	3645	4231	219973	0	231460
26211	2234	1709	219472	3409	0	226824
26212	2177	203349	2977	1992	0	210495
26213	1220	189182	1296	815	0	192513
26214	1538	2637	989	183038	0	188202
26215	923	679	450	172966	0	175018
26216	790	483	524	175960	0	177757
26217	547	561	180831	1910	0	183849
26218	842	376	1567	180709	0	183494
26219	179589	375	673	2703	0	183340
26220	175034	413	479	1764	0	177690
26221	2078	455	183525	806	0	186864
26222	889	180972	1583	763	0	184207
26223	180346	1429	616	1591	0	183982
26224	1720	180248	535	899	0	183402
26225	180537	1544	487	1573	0	184141
26226	180100	629	440	1380	0	182549
26227	2251	545	179252	631	0	182679
26228	1047	183030	1653	609	0	186339
26229	1161	1613	590	185039	0	188403
26230	922	724	185102	1660	0	188408
26231	172785	635	1797	1341	0	176558
26232	2323	646	650	183302	0	186921
26233	1032	535	179861	1526	0	182954
26234	167262	358	1676	1493	0	170789
26235	2134	474	184903	475	0	187986
26236	1366	420	1850	184654	0	188290
26237	187739	345	886	2791	0	191761
26238	2119	192950	649	937	0	196655
26239	1176	1894	194986	700	0	198756
26240	188104	697	2084	1498	0	192383
26241	209199	446	845	1427	0	211917
26242	3170	215480	804	603	0	220057
26243	2032	2516	544	216531	0	221623
26244	1594	1021	477	215213	0	218305
26245	211948	812	419	4381	0	217560
26246	3480	515	456	214548	0	218999
26247	1640	562	214710	3414	0	220326
26248	1595	453	2786	211171	0	216005
26249	209635	392	1258	4454	0	215739
26250	3083	207133	908	1936	0	213060
26251	1992	2965	544	199795	0	205296
26252	1120	202544	546	3251	0	207461
26253	206476	3464	492	2276	0	212708
26254	4009	1428	464	220278	0	226179
26255	2273	969	436	223469	0	227147
26256	1202	224407	537	5490	0	231636
26257	1065	4320	219528	2602	0	227515
26258	1648	1826	4033	216567	0	224074
26259	1422	1299	1606	223068	0	227395
26260	1423	916	1059	221094	0	224492
26261	773	218888	831	6262	0	226754
26262	905	4440	217998	3197	0	226540
26263	955	2115	217718	2147	0	222935
26264	216183	1303	5523	2687	0	225696
26265	224736	961	2438	2310	0	230445
26266	5961	846	226415	1593	0	234815
26267	216946	630	4830	2462	0	224868
26268	5622	911	228266	1383	0	236182
26269	214925	824	5474	2155	0	223378
26270	5376	227240	2706	1296	0	236618
26271	230822	4325	1796	2229	0	239172
26272	6101	2015	234137	1307	0	243560
26273	3032	1595	236867	1383	0	242877
26274	2997	1094	6509	253845	0	264445
26275	261687	859	3304	7698	0	273548
26276	7255	280072	2381	3167	0	292875
26277	3718	7711	322339	1884	0	335652
26278	4376	2698	10916	321132	0	339122
26279	3414	1648	4282	341465	0	350809
26280	333159	1175	2615	14908	0	351857
26281	340092	1015	1943	6327	0	349377
26282	15894	1163	1532	334031	0	352620
26283	337978	1319	1487	13526	0	354310
26284	14179	1335	329437	5175	0	350126
26285	7560	927	11498	323927	0	343912
26286	5129	914	4408	341213	0	351664
26287	333313	947	2567	16596	0	353423
26288	337523	1055	2186	7586	0	348350
26289	16719	1193	1875	331993	0	351780
26290	332711	951	2027	14866	0	350555
26291	14834	1055	319714	6740	0	342343
26292	6675	315494	11524	5490	0	339183
26293	4886	10432	322410	4459	0	342187
26294	5976	4214	12355	325201	0	347746
26295	317772	1884	5139	14770	0	339565
26296	13723	315577	3330	6493	0	339123
26297	7632	11297	2996	310310	0	332235
26298	5642	4372	3000	303149	0	316163
26299	3683	307163	2650	15728	0	329224
26300	4787	12267	2514	314285	0	333853
26301	5165	4749	2445	317431	0	329790
26302	5181	2862	2272	324276	0	334591
26303	5147	2371	2075	322429	0	332022
26304	5093	1852	2471	317366	0	326782
26305	3779	302959	2676	19905	0	329319
26306	5001	11962	2605	312016	0	331584
26307	4956	4709	2633	319032	0	331330
26308	4446	3030	299012	20004	0	326492
26309	3962	297276	12238	11128	0	324604
26310	5009	12361	4747	304308	0	326425
26311	4978	4922	3315	309438	0	322653
26312	5100	3621	2933	306224	0	317878
26313	4068	294267	2894	20964	0	322193
26314	4462	11997	294474	12295	0	323228
26315	5435	5126	12853	304905	0	328319
26316	4200	3882	299640	18473	0	326195
26317	4098	3162	297943	11032	0	316235
26318	4543	2962	15988	300639	0	324132
26319	299579	2969	7141	19366	0	329055
26320	14120	3127	4838	303619	0	325704
26321	7105	2985	4279	299834	0	314203
26322	4940	295252	3932	20171	0	324295
26323	4940	12315	3470	310219	0	330944
26324	4641	5270	3312	318618	0	331841
26325	3817	3600	303651	22579	0	333647
26326	3725	301921	12469	13329	0	331444
26327	3806	12811	5948	312428	0	334993
26328	297324	5753	4690	20375	0	328142
26329	12626	4625	298436	12158	0	327845
26330	6572	3693	13713	302883	0	326861
26331	4815	3261	6425	315392	0	329893
26332	297438	3261	4633	22713	0	328045
26333	13128	297456	3834	13660	0	328078
26334	292956	13032	2963	12740	0	321691
26335	13544	292956	2980	11229	0	320709
26336	6832	13777	3157	296913	0	320679
26337	285411	6330	3045	20943	0	315729
26338	13347	4536	281971	12903	0	312757
26339	6697	273046	12728	10743	0	303214
26340	4974	283048	6374	10000	0	304396
26341	262383	14193	5085	9072	0	290733
26342	12840	6533	4289	255138	0	278800
26343	6160	247947	3980	17273	0	275360
26344	5044	265278	3350	11536	0	285208
26345	5391	13882	3100	264070	0	286443
26346	5100	7305	2461	272843	0	287709
26347	255882	5527	2746	20468	0	284623
26348	12889	256441	2893	12136	0	284359
26349	6602	12982	3680	259343	0	282607
26350	4749	6507	253058	17058	0	281372
26351	4264	252437	12321	10866	0	279888
26352	4165	12297	251037	9257	0	276756
26353	4253	251701	12268	8888	0	277110
26354	5580	12082	5939	237676	0	261277
26355	4661	5558	2848	234148	0	247215
26356	3761	232255	2894	15614	0	254524
26357	3476	11781	231577	9149	0	255983
26358	228624	6320	9965	8402	0	253311
26359	10743	5073	4708	242049	0	262573
26360	5323	4698	3328	250405	0	263754
26361	3812	4661	239802	16471	0	264746
26362	3759	4967	10203	243914	0	262843
26363	2896	4835	239464	15570	0	262765
26364	3290	4900	11022	240802	0	260014
26365	2844	4553	241926	15271	0	264594
26366	2416	241985	10743	10665	0	265809
26367	2411	12320	248867	8921	0	272519
26368	2935	6288	10969	254327	0	274519
26369	247459	4747	4510	17121	0	273837
26370	10598	245963	3480	9973	0	270014
26371	5813	12186	3332	246393	0	267724
26372	3663	6013	238137	15084	0	262897
26373	2553	239723	11384	9064	0	262724
26374	3440	11479	5111	217537	0	237567
26375	2111	5355	216734	11417	0	235617
26376	1606	191449	7903	5314	0	206272
26377	139053	6246	4048	3556	0	152903
26378	130549	1728	1506	1913	0	135696
26379	3432	875	719	129838	0	134864
26380	129836	769	648	3531	0	134784
26381	3244	615	690	128699	0	133248
26382	1481	598	542	132382	0	135003
26383	960	794	132305	3722	0	137781
26384	1191	726	2687	129778	0	134382
26385	1034	571	1008	134168	0	136781
26386	130092	606	700	4481	0	135879
26387	127658	639	555	2533	0	131385
26388	3341	127893	570	1620	0	133424
26389	1349	2892	128902	1188	0	134331
26390	1278	1264	2828	127662	0	133032
26391	992	754	125525	3339	0	130610
26392	113295	577	2676	2183	0	118731
26393	3082	554	120932	1213	0	125781
26394	1713	604	2482	115634	0	120433
26395	817	118440	1084	2783	0	123124
26396	868	2324	845	118819	0	122856
26397	794	887	891	119720	0	122292
26398	584	594	119142	3723	0	124043
26399	990	449	2624	119396	0	123459
26400	117111	438	1128	3764	0	122441
26401	117251	470	833	2156	0	120710
26402	117329	627	718	1721	0	120395
26403	117600	467	768	1781	0	120616
26404	3185	113244	785	1412	0	118626
26405	1437	114308	936	1140	0	117821
26406	1946	2680	860	100634	0	106120
26407	1262	1008	763	112885	0	115918
26408	1005	104161	717	3457	0	109340
26409	1124	2384	546	114749	0	118803
26410	1109	1039	561	115855	0	118564
26411	1019	778	636	115159	0	117592
26412	877	821	721	115048	0	117467
26413	952	639	668	116840	0	119099
26414	111841	598	549	4679	0	117667
26415	2846	109848	687	2221	0	115602
26416	1625	2540	107342	1785	0	113292
26417	1295	1174	2442	108073	0	112984
26418	1066	970	1095	109893	0	113024
26419	902	909	815	108310	0	110936
26420	105240	735	730	4921	0	111626
26421	2769	116728	707	2636	0	122840
26422	1727	3960	687	116975	0	123349
26423	1124	122282	702	5432	0	129540
26424	1519	4982	665	118849	0	126015
26425	1008	120306	631	6066	0	128011
26426	1060	5403	129184	3412	0	139059
26427	1578	2224	5610	138909	0	148321
26428	1180	1741	167223	7601	0	177745
26429	1572	1328	8245	167980	0	179125
26430	1631	1232	3349	187234	0	193446
26431	181157	1205	2066	13092	0	197520
26432	185556	1255	1348	6803	0	194962
26433	190869	1059	1455	4814	0	198197
26434	190963	1141	1289	3912	0	197305
26435	192496	1092	1538	3415	0	198541
26436	13985	1091	1407	176830	0	193313
26437	6020	180511	1548	10717	0	198796
26438	4931	8981	1100	180914	0	195926
26439	3585	3690	170802	12021	0	190098
26440	174345	2372	8115	6022	0	190854
26441	187404	1529	3195	4415	0	196543
26442	14498	1059	2270	179054	0	196881
26443	7778	1011	1365	179547	0	189701
26444	5084	170672	1034	13089	0	189879
26445	4188	8518	961	179838	0	193505
26446	3573	3645	1268	180113	0	188599
26447	3259	173358	1303	13549	0	191469
26448	3964	8889	1436	181330	0	195619
26449	160216	3507	1104	14359	0	179186
26450	9772	2745	168894	7074	0	188485
26451	168515	2373	8269	6413	0	185570
26452	11097	1908	171255	5343	0	189603
26453	5530	1877	9958	169876	0	187241
26454	4519	1868	3993	167547	0	177927
26455	3100	160038	2636	13955	0	179729
26456	2972	174833	1924	7576	0	187305
26457	3913	11259	1811	164461	0	181444
26458	3443	4826	165202	11751	0	185222
26459	157547	2790	9383	6351	0	176071
26460	10658	1858	3995	161580	0	178091
26461	4606	159617	3269	12096	0	179588
26462	4470	9006	1718	164412	0	179606
26463	3912	4420	1322	164779	0	174433
26464	3265	158143	1232	13481	0	176121
26465	4205	9387	1449	154641	0	169682
26466	3141	3475	140899	11529	0	159044
26467	2623	2542	139731	5677	0	150573
26468	2886	2549	8411	124814	0	138660
26469	1531	133301	3742	9000	0	147574
26470	1770	7869	2259	136790	0	148688
26471	134687	3678	1295	10904	0	150564
26472	140362	2667	1178	5979	0	150186
26473	134223	1955	1373	4732	0	142283
26474	10247	129473	1691	3618	0	145029
26475	4571	7189	129948	3397	0	145105
26476	128968	3631	7509	3550	0	143658
26477	135875	2981	3085	3985	0	145926
26478	9693	130663	2186	3646	0	146188
26479	5659	7794	1435	131835	0	146723
26480	133116	3692	1233	9190	0	147231
26481	136923	2962	1527	4875	0	146287
26482	139839	2027	2020	3755	0	147641
26483	12485	1721	2107	129400	0	145713
26484	134943	1526	2065	9298	0	147832
26485	11436	1639	1633	132690	0	147398
26486	6503	1658	1309	138852	0	148322
26487	133504	2123	1104	12286	0	149017
26488	11150	1859	1256	134426	0	148691
26489	134603	1692	1407	11503	0	149205
26490	12530	1488	1625	134045	0	149688
26491	7696	1557	1427	140895	0	151575
26492	132053	1833	1080	14690	0	149656
26493	11394	1883	128937	8989	0	151203
26494	7458	1787	7154	136958	0	153357
26495	7112	1473	3297	140154	0	152036
26496	6945	1325	2436	139333	0	150039
26497	5863	1615	1610	143257	0	152345
26498	5325	1597	1475	139655	0	148052
26499	4542	130174	1622	15262	0	151600
26500	4620	7801	1910	138319	0	152650
26501	4847	3831	130887	13287	0	152852
26502	5095	2967	7752	137441	0	153255
26503	5001	2020	3302	142339	0	152662
26504	4783	1851	2296	146202	0	155132
26505	4057	2051	132459	16099	0	154666
26506	3490	2686	133455	10121	0	149752
26507	130474	2502	9775	8250	0	151001
26508	136685	2268	5328	7163	0	151444
26509	11159	140061	3489	6799	0	161508
26510	6725	8221	2323	149141	0	166410
26511	5061	4270	1745	157879	0	168955
26512	4093	3215	2526	160168	0	170002
26513	151135	2194	2726	15681	0	171736
26514	158270	1732	3115	9252	0	172369
26515	12239	1820	2577	156336	0	172972
26516	6982	2334	1981	159988	0	171285
26517	5360	2686	1606	162342	0	171994
26518	3612	2779	1703	163791	0	171885
26519	150342	2296	1887	17016	0	171541
26520	9374	1975	146611	10542	0	168502
26521	4976	123330	6288	7899	0	142493
26522	3902	126706	2598	5839	0	139045
26523	122508	5770	1746	5251	0	135275
26524	6601	5207	1632	121620	0	135060
26525	3122	2396	118390	9151	0	133059
26526	2261	1933	104808	5564	0	114566
26527	1637	108749	4066	4988	0	119440
26528	81398	1594	1470	1742	0	86204
26529	1673	576	80022	1103	0	83374
26530	66620	363	607	568	0	68158
26531	507	117	218	71054	0	71896
26532	296	105	135	71912	0	72448
26533	183	70432	76	645	0	71336
26534	210	69295	120	388	0	70013
26535	73088	335	109	473	0	74005
26536	72770	174	93	447	0	73484
26537	441	73135	87	298	0	73961
26538	589	310	71638	698	0	73235
26539	269	240	72286	168	0	72963
26540	251	199	429	74438	0	75317
26541	77513	90	298	555	0	78456
26542	357	77056	151	308	0	77872
26543	278	349	86	80836	0	81549
26544	81794	179	109	666	0	82748
26545	501	111	142	83757	0	84511
26546	372	84	70	86487	0	87013
26547	85999	81	66	1037	0	87183
26548	526	85524	115	537	0	86702
26549	329	89797	99	389	0	90614
26550	367	689	92104	202	0	93362
26551	347	395	494	93451	0	94687
26552	312	192	308	92707	0	93519
26553	206	184	96189	826	0	97405
26554	80296	158	556	1083	0	82093
26555	87546	123	355	749	0	88773
26556	841	146	95836	217	0	97040
26557	78791	135	588	788	0	80302
26558	804	161	99790	273	0	101028
26559	455	104408	708	246	0	105817
26560	467	529	348	111329	0	112673
26561	369	308	213	114200	0	115090
26562	113884	206	183	1221	0	115494
26563	111635	171	109	945	0	112860
26564	111656	141	165	689	0	112651
26565	113049	135	131	582	0	113897
26566	111757	87	111	657	0	112612
26567	1015	147	109852	326	0	111340
26568	603	110818	592	313	0	112326
26569	510	552	350	113438	0	114850
26570	296	111940	297	512	0	113045
26571	279	113204	219	397	0	114099
26572	373	757	183	113599	0	114912
26573	301	449	182	114786	0	115718
26574	321	366	113345	819	0	114851
26575	102402	144	562	993	0	104101
26576	113715	125	346	703	0	114889
26577	872	112336	279	268	0	113755
26578	114458	485	166	550	0	115659
26579	118066	308	138	624	0	119136
26580	978	244	181	118410	0	119813
26581	608	226	122687	590	0	124111
26582	443	230	118761	451	0	119885
26583	120282	121	609	680	0	121692
26584	123078	99	341	512	0	124030
26585	824	120668	215	219	0	121926
26586	552	126263	144	192	0	127151
26587	488	724	98	130908	0	132218
26588	131090	418	95	1076	0	132679
26589	767	349	131457	386	0	132959
26590	647	144	631	133898	0	135320
26591	137926	135	373	1221	0	139655
26592	137850	175	248	888	0	139161
26593	1134	135	140	142216	0	143625
26594	141952	97	167	1403	0	143619
26595	990	215	135800	496	0	137501
26596	652	217	141429	395	0	142693
26597	844	114	961	140208	0	142127
26598	484	118	564	150796	0	151962
26599	478	128	324	150349	0	151279
26600	384	142506	250	1112	0	144252
26601	357	147543	180	700	0	148780
26602	450	953	149	152380	0	153932
26603	153360	523	204	1516	0	155603
26604	946	305	210	155241	0	156702
26605	708	148	198	154761	0	155815
26606	415	150984	226	1198	0	152823
26607	303	155559	211	890	0	156963
26608	435	966	158	158104	0	159663
26609	394	627	131	149964	0	151116
26610	146360	373	83	1698	0	148514
26611	794	143539	158	847	0	145338
26612	145654	753	94	1076	0	147577
26613	1111	451	88	147653	0	149303
26614	640	434	143924	903	0	145901
26615	544	374	135537	656	0	137111
26616	145009	202	971	978	0	147160
26617	978	225	547	153537	0	155287
26618	735	189	326	153275	0	154525
26619	559	199	198	155269	0	156225
26620	355	232	155570	1414	0	157571
26621	503	143	762	156125	0	157533
26622	295	149484	549	1350	0	151678
26623	444	944	344	162165	0	163897
26624	494	446	207	161578	0	162725
26625	340	158825	228	1522	0	160915
26626	494	1225	174	166205	0	168098
26627	160792	468	151	2523	0	163934
26628	1495	160147	245	914	0	162801
26629	166554	1688	163	1435	0	169840
26630	168269	748	147	1163	0	170327
26631	2898	498	136	166860	0	170392
26632	1647	325	137	164721	0	166830
26633	1000	285	146	169759	0	171190
26634	565	356	162497	3255	0	166673
26635	550	154389	1864	1745	0	158548
26636	467	163844	806	1148	0	166265
26637	747	2370	367	163250	0	166734
26638	161116	988	246	2834	0	165184
26639	2434	543	221	159508	0	162706
26640	1072	557	160953	2900	0	165482
26641	706	153785	1863	1567	0	157921
26642	505	161118	827	1045	0	163495
26643	159833	2420	443	1445	0	164141
26644	161892	1076	287	1406	0	164661
26645	2419	173371	384	951	0	177125
26646	175590	1984	263	1512	0	179349
26647	2620	922	171742	692	0	175976
26648	1164	824	164853	614	0	167455
26649	171719	684	2743	1155	0	176301
26650	180147	576	1058	1205	0	182986
26651	3747	420	539	179732	0	184438
26652	178334	386	387	3526	0	182633
26653	3299	598	177396	1160	0	182453
26654	1675	581	188365	801	0	191422
26655	2269	530	3660	202842	0	209301
26656	1429	418	1510	240317	0	243674
26657	1565	297	859	250804	0	253525
26658	2239	475	726	241068	0	244508
26659	1745	390	504	267805	0	270444
26660	1100	479	258064	11211	0	270854
26661	1712	345	6644	259312	0	268013
26662	259397	271	2638	11577	0	273883
26663	7733	299	1837	265225	0	275094
26664	261741	249	1349	12447	0	275786
26665	9068	341	1087	266098	0	276594
26666	270347	387	1368	12987	0	285089
26667	282760	425	1281	8253	0	292719
26668	11611	436	1381	279119	0	292547
26669	6575	454	1300	286713	0	295042
26670	280052	405	928	13587	0	294972
26671	281372	405	850	8754	0	291381
26672	12417	606	276739	6598	0	296360
26673	8734	501	6658	278939	0	294832
26674	7160	445	2550	292332	0	302487
26675	287206	534	1950	13368	0	303058
26676	292248	547	1431	8277	0	302503
26677	13436	486	1235	290377	0	305534
26678	8603	425	1532	295117	0	305677
26679	7350	377	1487	294677	0	303891
26680	5989	437	1614	291421	0	299461
26681	4172	265911	1813	15509	0	287405
26682	3884	277383	1369	10015	0	292651
26683	4638	7934	1080	279902	0	293554
26684	4057	275950	1359	12702	0	294068
26685	4020	8405	1107	285856	0	299388
26686	2653	3777	274439	15160	0	296029
26687	2456	3351	260747	10307	0	276861
26688	2321	276743	8465	8930	0	296459
26689	3115	8955	3833	279354	0	295257
26690	2377	4900	276669	13026	0	296972
26691	2997	3941	8588	271392	0	286918
26692	2880	3173	4282	285924	0	296259
26693	275341	2596	3972	16067	0	297976
26694	9783	2639	3611	285955	0	301988
26695	4928	2383	287387	14562	0	309260
26696	4745	2229	282073	9334	0	298381
26697	4392	275865	10379	8847	0	299483
26698	4105	303273	5793	8246	0	321417
26699	308592	8564	4760	8834	0	330750
26700	10706	3884	328165	7766	0	350521
26701	7167	2830	9514	330750	0	350261
26702	333769	2092	5193	14064	0	355118
26703	333392	1824	4797	9565	0	349578
26704	12076	337126	4554	7481	0	361237
26705	9237	8723	3415	320655	0	342030
26706	7440	4226	3024	355135	0	369825
26707	6625	3391	2853	354286	0	367155
26708	345712	2481	2807	17239	0	368239
26709	11406	2362	338371	10932	0	363071
26710	6753	345709	8345	9774	0	370581
26711	7229	9045	3573	346147	0	365994
26712	5696	4755	3071	363845	0	377367
26713	4271	4305	349746	16681	0	375003
26714	4991	3164	8659	347495	0	364309
26715	4596	2839	4308	362631	0	374374
26716	4501	3049	3841	363097	0	374488
26717	4368	2819	3747	363167	0	374101
26718	2903	3073	347219	20444	0	373639
26719	3429	2774	9784	351614	0	367601
26720	2790	2285	351623	19821	0	376519
26721	2632	345299	11575	14141	0	373647
26722	3655	7590	6448	358418	0	376111
26723	3894	3463	5015	367734	0	380106
26724	3693	2990	351247	20191	0	378121
26725	3686	342799	9821	15325	0	371631
26726	4655	7717	6006	352370	0	370748
26727	4802	3925	348235	15550	0	372512
26728	4218	341073	9363	12163	0	366817
26729	4328	8413	5292	350819	0	368852
26730	4836	4541	346231	14407	0	370015
26731	5666	3814	9041	345014	0	363535
26732	5374	3338	5818	340105	0	354635
26733	4230	3198	5417	359636	0	372481
26734	346973	3501	4017	17249	0	371740
26735	9263	343695	3792	12268	0	369018
26736	345844	7751	3905	11521	0	369021
26737	10268	4411	345688	10417	0	370784
26738	349913	3478	8056	12866	0	374313
26739	378531	2961	4548	11985	0	398025
26740	11939	2688	3930	381565	0	400122
26741	385769	3311	3341	16226	0	408647
26742	389948	3556	3020	12178	0	408702
26743	399648	3335	2932	11746	0	417661
26744	13119	3682	2931	398786	0	418518
26745	8893	3176	2838	391186	0	406093
26746	6523	2705	371724	14292	0	395244
26747	5936	2493	343073	10289	0	361791
26748	355987	2500	8502	9910	0	376899
26749	9467	3451	5420	372249	0	390587
26750	5618	370783	5360	11116	0	392877
26751	373001	5863	4577	9860	0	393301
26752	7982	366818	3735	8754	0	387289
26753	4869	367233	3747	8888	0	384737
26754	5518	7654	345761	7685	0	366618
26755	3528	2731	340457	4614	0	351330
26756	3933	5753	5703	334606	0	349995
26757	2180	1503	351740	4998	0	360421
26758	1352	906	316513	2276	0	321047
26759	301018	395	1367	2607	0	305387
26760	325816	274	640	2168	0	328898
26761	1334	273	438	333001	0	335046
26762	1236	274	427	333232	0	335169
26763	628	576	340941	1257	0	343402
26764	408	341707	979	973	0	344067
26765	1022	855	571	337938	0	340386
26766	351266	358	464	3001	0	355089
26767	1329	297	366	352665	0	354657
26768	503	352800	515	1462	0	355280
26769	734	1055	343867	790	0	346446
26770	402	355335	1114	829	0	357680
26771	357334	1116	499	2414	0	361363
26772	351406	502	389	2082	0	354379
26773	1907	518	280	353076	0	355781
26774	856	562	355342	1369	0	358129
26775	904	597	319911	994	0	322406
26776	436	355087	1929	798	0	358250
26777	1795	1519	921	333305	0	337540
26778	889	567	488	362770	0	364714
26779	555	762	358541	2151	0	362009
26780	1257	220	1499	351605	0	354581
26781	370	372525	849	2043	0	375787
26782	890	2230	490	379202	0	382812
26783	1066	892	366	380155	0	382479
26784	630	781	379866	3543	0	384820
26785	1386	396	2583	370857	0	375222
26786	371398	267	1221	5235	0	378121
26787	3079	560	375124	1328	0	380091
26788	1525	557	362448	879	0	365409
26789	667	379821	4174	746	0	385408
26790	1268	3152	1778	392000	0	398198
26791	1223	1213	709	412561	0	415706
26792	507	761	406018	5209	0	412495
26793	372272	336	4439	4505	0	381552
26794	4783	309	2173	406873	0	414138
26795	2176	709	401459	4504	0	408848
26796	2288	372	4502	383773	0	390935
26797	691	566	399513	5388	0	406158
26798	798	563	375940	2738	0	380039
26799	588	379958	6431	1737	0	388714
26800	1796	4037	2959	358413	0	367205
26801	383	373116	1843	4157	0	379499
26802	356467	4693	1222	4494	0	366876
26803	4255	2524	367284	1458	0	375521
26804	2038	359588	4899	1496	0	368021
26805	1746	4438	2689	362403	0	371276
26806	357323	2239	1679	6836	0	368077
26807	4212	356702	1406	3102	0	365422
26808	3023	4667	1165	362314	0	371169
26809	2008	2427	1117	361545	0	367097
26810	629	363549	1306	6430	0	371914
26811	362810	5189	1196	5209	0	374404
26812	5918	2765	1062	401518	0	411263
26813	3536	1739	862	426268	0	432405
26814	1507	1613	418561	11159	0	432840
26815	940	437083	8072	6085	0	452180
26816	2307	9231	4231	440667	0	456436
26817	2588	4415	2252	480849	0	490104
26818	856	490961	1619	13838	0	507274
26819	2666	11600	1109	494378	0	509753
26820	2972	5424	1244	512859	0	522499
26821	2822	3053	4724	512608	0	523207
26822	670	511543	1560	19135	0	532908
26823	499430	13204	1211	11996	0	525841
26824	12996	6611	506603	5449	0	531659
26825	480574	3424	12734	7614	0	504346
26826	14345	508299	5911	4366	0	532921
26827	7690	13350	3354	508970	0	533364
26828	3523	6904	510823	15331	0	536581
26829	4556	4185	13591	506881	0	529213
26830	3803	2967	6458	511058	0	524286
26831	4092	2430	3726	526383	0	536631
26832	2038	2989	511045	21541	0	537613
26833	1740	497737	14038	12295	0	525810
26834	1959	13456	511101	7407	0	533923
26835	1475	512990	16040	6501	0	537006
26836	1814	15865	525073	5406	0	548158
26837	3705	7360	16371	517475	0	544911
26838	499225	4528	8281	19869	0	531903
26839	12654	508877	5476	9945	0	536952
26840	5943	15354	508381	7403	0	537081
26841	3198	506117	15189	6376	0	530880
26842	2550	17304	508275	5744	0	533873
26843	4513	8636	17202	482396	0	512747
26844	4432	5645	8578	479630	0	498285
26845	2151	482911	6165	20544	0	511771
26846	2285	510983	5208	11307	0	529783
26847	500965	20811	4450	9579	0	535805
26848	16121	11013	4882	508010	0	540026
26849	7320	7870	509586	19027	0	543803
26850	6751	5526	16664	506705	0	535646
26851	3687	5422	514235	21989	0	545333
26852	3389	5841	510535	12606	0	532371
26853	5276	5263	21581	483486	0	515606
26854	2808	498124	11472	18654	0	531058
26855	485357	17122	7659	13420	0	523558
26856	16304	9253	6213	482590	0	514360
26857	8772	6898	6015	473972	0	495657
26858	4329	483631	6125	23358	0	517443
26859	473841	17979	5223	15016	0	512059
26860	482516	10304	5530	10905	0	509255
26861	21741	7188	5208	467214	0	501351
26862	10240	461211	5688	20372	0	497511
26863	5907	490200	5915	12771	0	514793
26864	472888	21724	5541	11541	0	511694
26865	16268	12489	472617	8567	0	509941
26866	455114	8201	17778	8981	0	490074
26867	469202	6874	9296	9267	0	494639
26868	469040	6293	6459	9337	0	491129
26869	22462	462781	5081	8299	0	498623
26870	12628	18269	4744	466889	0	502530
26871	466876	10609	5230	20547	0	503262
26872	469061	7521	5045	13059	0	494686
26873	21463	467066	5816	8924	0	503269
26874	476335	17248	4696	8749	0	507028
26875	20540	10474	4645	476772	0	512431
26876	11678	7795	4692	477006	0	501171
26877	7536	471206	4805	22330	0	505877
26878	7970	17406	4486	481674	0	511536
26879	7989	9835	4338	485536	0	507698
26880	6744	474388	4424	23890	0	509446
26881	7235	16555	3956	449585	0	477331
26882	5453	467524	3958	20457	0	497392
26883	463010	18315	4034	13612	0	498971
26884	449766	10689	4163	11357	0	475975
26885	19360	453181	3786	9640	0	485967
26886	10913	16758	446748	8522	0	482941
26887	8587	11238	13083	445860	0	478768
26888	6767	8991	443924	16910	0	476592
26889	6226	421388	14826	12057	0	454497
26890	6208	439807	7945	9161	0	463121
26891	411703	16407	4901	7704	0	440715
26892	14815	428967	4125	5436	0	453343
26893	10086	15418	3706	410476	0	439686
26894	6812	415921	4687	13022	0	440442
26895	6506	432525	3293	8290	0	450614
26896	423157	18050	3120	7713	0	452040
26897	15971	9898	2968	421086	0	449923
26898	9300	7922	416868	14105	0	448195
26899	7073	6956	401469	9339	0	424837
26900	5809	420346	14185	7698	0	448038
26901	416181	15254	6833	8193	0	446461
26902	13888	426731	5362	5314	0	451295
26903	9054	17267	3386	432739	0	462446
26904	434989	9616	3697	16078	0	464380
26905	16257	7335	3132	441408	0	468132
26906	9215	6867	3633	444098	0	463813
26907	6866	441525	3133	18832	0	470356
26908	7983	15779	2501	450279	0	476542
26909	5237	10092	446023	16737	0	478089
26910	430401	6981	12683	11711	0	461776
26911	15201	456379	6091	8273	0	485944
26912	6318	455435	3587	5745	0	471085
26913	427756	13863	2138	5578	0	449335
26914	12833	7324	430779	3914	0	454850
26915	393869	5266	11181	5218	0	415534
26916	12315	460870	4437	3224	0	480846
26917	4250	501049	2546	2394	0	510239
26918	3078	16742	506319	1781	0	527920
26919	2158	515367	14448	2299	0	534272
26920	5563	16824	6248	455864	0	484499
26921	4183	7037	2904	477801	0	491925
26922	1373	494071	1732	15964	0	513140
26923	3574	15100	1306	498441	0	518421
26924	497118	8058	1258	17299	0	523733
26925	13587	5367	493052	7083	0	519089
26926	488318	4666	13480	6532	0	512996
26927	510749	3972	6211	5953	0	526885
26928	511193	3966	3770	5761	0	524690
26929	22222	4814	494013	3218	0	524267
26930	12948	3745	14552	494312	0	525557
26931	7111	4607	502791	15764	0	530273
26932	480306	3343	18176	10130	0	511955
26933	489634	3417	7986	7955	0	508992
26934	22108	493830	5017	4762	0	525717
26935	14515	15070	3555	482466	0	515606
26936	8196	505812	3950	15058	0	533016
26937	6287	17275	508427	8492	0	540481
26938	8940	8405	17020	505651	0	540016
26939	504309	4996	9063	19138	0	537506
26940	517581	3379	5056	10096	0	536112
26941	26127	4128	4031	480396	0	514682
26942	12962	486097	3617	17236	0	519912
26943	7726	17307	495759	8541	0	529333
26944	5939	8984	501712	6339	0	522974
26945	472275	5403	23172	7376	0	508226
26946	20646	4767	502712	4435	0	532560
26947	11471	495868	19970	5386	0	532695
26948	9279	18518	9445	488912	0	526154
26949	5764	9804	505441	17975	0	538984
26950	7842	6366	20180	490449	0	524837
26951	5431	4560	501569	20926	0	532486
26952	471706	3765	21766	11911	0	509148
26953	21412	3552	12113	479079	0	516156
26954	11220	467063	8333	18576	0	505192
26955	6929	495570	6870	11475	0	520844
26956	6871	23253	7191	479483	0	516798
26957	7091	11241	6639	478107	0	503078
26958	4960	479800	7675	24084	0	516519
26959	6635	19655	477969	12310	0	516569
26960	6664	10467	19625	479865	0	516621
26961	4660	8601	487686	21234	0	522181
26962	4632	6655	474314	13264	0	498865
26963	442432	5308	26305	11270	0	485315
26964	18956	463613	13576	8889	0	505034
26965	468214	20191	8922	8061	0	505388
26966	23264	11687	7330	445854	0	488135
26967	11225	466365	6671	20754	0	505015
26968	9266	22183	7550	470478	0	509477
26969	7502	12757	8009	470148	0	498416
26970	6502	464872	7091	27054	0	505519
26971	6211	21846	461303	15750	0	505110
26972	8066	12843	20624	466583	0	508116
26973	462225	9181	12699	24817	0	508922
26974	21746	7890	8998	462931	0	501565
26975	13585	6775	8237	469425	0	498022
26976	9114	7178	450116	29442	0	495850
26977	8670	445770	21169	16667	0	492276
26978	8817	21573	12236	448595	0	491221
26979	7418	13082	448159	25093	0	493752
26980	6711	10371	445134	16683	0	478899
26981	420820	8767	27612	15383	0	472582
26982	20255	441230	15912	13712	0	491109
26983	437997	21627	12076	12553	0	484253
26984	22829	436111	9533	11844	0	480317
26985	13310	453071	9320	11845	0	487546
26986	439291	27560	9190	12238	0	488279
26987	24151	15197	9683	423388	0	472419
26988	15147	437128	9841	23387	0	485503
26989	13154	22667	8379	449344	0	493544
26990	444998	13084	8470	26150	0	492702
26991	25423	11498	437547	15135	0	489603
26992	15180	10035	421594	12062	0	458871
26993	418889	8510	27505	10883	0	465787
26994	23538	428176	17144	10303	0	479161
26995	16095	22853	428975	8561	0	476484
26996	12504	429991	23040	9448	0	474983
26997	12262	25196	13650	422354	0	473462
26998	9599	16086	430144	22962	0	478791
26999	9221	11651	23445	428663	0	472980
27000	8405	9525	426655	26672	0	471257
27001	392918	8876	25964	18253	0	446011
27002	21942	416236	16613	12365	0	467156
27003	413634	21566	11767	10641	0	457608
27004	24487	13553	9914	391745	0	439699
27005	13115	425680	11324	21308	0	471427
27006	419549	23505	10515	14800	0	468369
27007	394656	13571	11173	12882	0	432282
27008	26397	11443	419800	9777	0	467417
27009	14912	9390	420310	9072	0	453684
27010	371109	8166	26921	8787	0	414983
27011	19843	375439	15510	10661	0	421453
27012	10978	373668	11779	7981	0	404406
27013	14576	27188	10390	348268	0	400422
27014	8528	12622	351068	17946	0	390164
27015	8871	328394	17784	10791	0	365840
27016	6424	299577	9809	7082	0	322892
27017	11030	12220	4945	206584	0	234779
27018	207049	3928	2441	7393	0	220811
27019	209516	2762	1645	4118	0	218041
27020	213786	2271	1708	3044	0	220809
27021	9149	2096	208067	2009	0	221321
27022	205743	1991	6785	2445	0	216964
27023	210587	2099	3566	2227	0	218479
27024	217718	2180	2240	1997	0	224135
27025	9896	2325	1796	204136	0	218153
27026	4659	206529	1722	6480	0	219390
27027	207611	6546	1497	3534	0	219188
27028	7254	207791	1766	2253	0	219064
27029	3960	6767	1746	207443	0	219916
27030	2671	3421	213359	6851	0	226302
27031	3010	2365	6290	211234	0	222899
27032	3182	1753	2983	215848	0	223766
27033	2588	1786	213973	8304	0	226651
27034	2374	210217	6504	3820	0	222915
27035	2698	5913	2649	198308	0	209568
27036	195629	2706	1683	6513	0	206531
27037	5927	193609	1485	2976	0	203997
27038	189940	5296	1073	2471	0	198780
27039	6341	3167	1013	183385	0	193906
27040	3145	189518	1097	5105	0	198865
27041	186738	5267	1145	2855	0	196005
27042	5455	190677	1049	1851	0	199032
27043	2567	5238	183525	1398	0	192728
27044	175543	2737	4713	2160	0	185153
27045	185904	2198	1898	1613	0	191613
27046	6255	183509	1220	1237	0	192221
27047	2987	4879	175195	920	0	183981
27048	1839	181864	4527	999	0	189229
27049	4700	6851	2740	118539	0	132830
27050	1727	2370	1175	185942	0	191214
27051	1644	1868	793	186788	0	191093
27052	1320	184882	699	6723	0	193624
27053	1884	5537	603	187428	0	195452
27054	1602	2544	755	191246	0	196147
27055	185160	2055	650	7232	0	195097
27056	6206	1485	627	185366	0	193684
27057	3043	1169	499	190406	0	195117
27058	184218	985	553	7940	0	193696
27059	6213	186193	615	3425	0	196446
27060	189586	5757	637	2714	0	198694
27061	190674	2430	705	2196	0	196005
27062	192800	1561	608	2183	0	197152
27063	8802	1326	591	187179	0	197898
27064	4447	1156	664	193187	0	199454
27065	2957	1406	181578	7787	0	193728
27066	2478	1672	173590	3782	0	181522
27067	2439	1536	177307	2814	0	184096
27068	169675	1376	6768	2791	0	180610
27069	7106	1340	177888	2307	0	188641
27070	3493	179630	6433	2509	0	192065
27071	3280	5933	2573	180032	0	191818
27072	2883	2822	2052	176704	0	184461
27073	2510	182469	1827	7053	0	193859
27074	2583	6680	184386	3650	0	197299
27075	2680	189749	5774	2810	0	201013
27076	189345	7016	2494	2728	0	201583
27077	7425	3549	189713	2268	0	202955
27078	3862	188641	6340	2375	0	201218
27079	3186	6901	191956	2151	0	204194
27080	3057	3415	6786	190595	0	203853
27081	2689	2734	194325	6845	0	206593
27082	2962	2244	7266	188464	0	200936
27083	193552	1922	3364	8222	0	207060
27084	7360	2107	193031	3957	0	206455
27085	3758	194091	6661	3524	0	208034
27086	196384	6991	3056	3569	0	210000
27087	7481	3535	198016	2965	0	211997
27088	3726	2885	202846	3153	0	212610
27089	3428	2165	7737	199744	0	213074
27090	2907	2162	201857	8156	0	215082
27091	189409	2319	7615	5094	0	204437
27092	7390	195234	3602	3845	0	210071
27093	4241	7193	2745	197935	0	212114
27094	3374	210794	2395	7489	0	224052
27095	213138	7706	2292	5009	0	228145
27096	8125	3721	210383	3892	0	226121
27097	4350	3026	216324	3434	0	227134
27098	4007	2628	8503	215781	0	230919
27099	3515	2439	4113	222180	0	232247
27100	3523	2509	3006	226041	0	235079
27101	3461	2236	2742	228002	0	236441
27102	2869	2520	222578	10896	0	238863
27103	2767	218849	7828	5803	0	235247
27104	2639	6599	3118	206744	0	219100
27105	2053	2963	199569	7062	0	211647
27106	1940	197631	6280	3836	0	209687
27107	196399	6249	3020	3696	0	209364
27108	7595	2955	2328	196713	0	209591
27109	192015	2221	1577	7069	0	202882
27110	6056	191883	1704	3599	0	203242
27111	192489	5779	1703	3318	0	203289
27112	6750	2795	195658	2454	0	207657
27113	3795	2808	5621	186851	0	199075
27114	2604	195341	2655	5746	0	206346
27115	2318	5318	192985	3552	0	204173
27116	1660	191979	5503	3026	0	202168
27117	3931	6881	2989	131359	0	145160
27118	181746	2034	1809	5731	0	191320
27119	4892	182179	1663	2688	0	191422
27120	180943	4725	1606	2575	0	189849
27121	5533	2157	178204	1884	0	187778
27122	2576	1849	173877	1653	0	179955
27123	175015	1326	5586	1854	0	183781
27124	5288	1355	2758	177060	0	186461
27125	2773	1356	2075	180192	0	186396
27126	2202	1088	177391	5525	0	186206
27127	1745	1306	174889	2603	0	180543
27128	1416	183602	5459	1864	0	192341
27129	178777	4216	3000	1991	0	187984
27130	173812	1584	1770	1698	0	178864
27131	4425	171384	1278	1192	0	178279
27132	2483	3686	1273	178675	0	186117
27133	181029	1441	1215	4682	0	188367
27134	3929	1192	1234	181834	0	188189
27135	183937	898	1170	4970	0	190975
27136	185768	824	1076	2583	0	190251
27137	190932	845	1039	2183	0	194999
27138	5334	864	981	185617	0	192796
27139	2537	877	948	194814	0	199176
27140	187962	797	923	5524	0	195206
27141	186384	796	942	2861	0	190983
27142	187164	811	891	2164	0	191030
27143	5450	182336	1014	1361	0	190161
27144	177685	2878	630	1384	0	182577
27145	3608	175900	712	1004	0	181224
27146	173805	3077	633	1480	0	178995
27147	3759	1149	170269	929	0	176106
27148	151071	1010	2494	1454	0	156029
27149	2693	160332	848	676	0	164549
27150	1126	162225	573	495	0	164419
27151	165975	2013	562	1056	0	169606
27152	2341	762	369	164772	0	168244
27153	1195	560	425	171778	0	173958
27154	774	169059	425	2330	0	172588
27155	802	181408	433	954	0	183597
27156	185952	2423	409	1277	0	190061
27157	2778	1174	192540	552	0	197044
27158	1541	714	2319	202429	0	207003
27159	207390	523	738	3773	0	212424
27160	3697	674	206165	956	0	211492
27161	1231	224988	3221	770	0	230210
27162	241129	4281	864	1293	0	247567
27163	6318	1277	250334	640	0	258569
27164	3009	850	5977	263063	0	272899
27165	1338	634	274259	6773	0	283004
27166	257630	436	7274	3275	0	268615
27167	6881	278597	2320	1595	0	289393
27168	284135	6814	1339	1926	0	294214
27169	287288	2132	985	1308	0	291713
27170	9893	1283	596	282605	0	294377
27171	287160	903	679	7954	0	296696
27172	9316	574	575	287206	0	297671
27173	3863	704	528	291596	0	296691
27174	2141	763	280619	9014	0	292537
27175	1769	277945	6576	3149	0	289439
27176	2009	6582	2035	283413	0	294039
27177	1935	1854	1134	289063	0	293986
27178	1673	1121	815	290417	0	294026
27179	1108	1041	281397	9481	0	293027
27180	888	276928	6617	3758	0	288191
27181	1588	6546	1853	283883	0	293870
27182	1598	1964	1093	290389	0	295044
27183	1033	1392	282459	8801	0	293685
27184	1794	954	6551	276118	0	285417
27185	279579	564	2026	9337	0	291506
27186	6746	279617	1291	3296	0	290950
27187	276595	6571	967	2747	0	286880
27188	7931	2178	276764	1579	0	288452
27189	3515	1248	6638	277478	0	288879
27190	282520	929	2013	8170	0	293632
27191	282686	608	1328	3445	0	288067
27192	8787	755	284054	1858	0	295454
27193	4460	895	6663	278029	0	290047
27194	2322	681	279508	7086	0	289597
27195	262055	453	7112	3609	0	273229
27196	6950	277277	2617	1937	0	288781
27197	284578	6370	1441	2330	0	294719
27198	286081	1925	1247	1917	0	291170
27199	9114	285391	981	1073	0	296559
27200	292205	7211	876	2019	0	302311
27201	8868	2247	284829	910	0	296854
27202	288944	1415	6373	1772	0	298504
27203	9190	1140	2086	293637	0	306053
27204	3938	955	298146	7341	0	310380
27205	3386	816	7411	297156	0	308769
27206	3410	836	2609	285077	0	291932
27207	2610	697	1975	300131	0	305413
27208	1990	296123	1777	9290	0	309180
27209	299764	7117	1275	4851	0	313007
27210	8755	2368	1265	300774	0	313162
27211	3578	295563	1350	8453	0	308944
27212	3453	7580	1209	289655	0	301897
27213	2765	292644	1333	8518	0	305260
27214	2507	8112	290617	4122	0	305358
27215	2983	2859	7383	289607	0	302832
27216	2795	1907	2818	295299	0	302819
27217	2152	1935	291873	10399	0	306359
27218	263795	1556	7887	6500	0	279738
27219	8144	289293	2958	4365	0	304760
27220	4168	7546	2284	294622	0	308620
27221	3542	2780	2005	290409	0	298736
27222	3444	2118	1729	287786	0	295077
27223	2628	286930	1763	10883	0	302204
27224	284287	7853	1902	6642	0	300684
27225	8857	3198	283871	4537	0	300463
27226	4116	2517	273164	4077	0	283874
27227	3563	1903	9018	278238	0	292722
27228	3216	1552	3714	287863	0	296345
27229	281070	1477	2876	12251	0	297674
27230	8705	275836	2675	6016	0	293232
27231	4275	7870	2234	283987	0	298366
27232	277680	3037	2170	10951	0	293838
27233	9915	2328	2019	275683	0	289945
27234	274742	1953	2039	11667	0	290401
27235	10393	1692	263252	5622	0	280959
27236	5114	267585	8036	4404	0	285139
27237	270382	8103	3258	4661	0	286404
27238	10335	3444	269069	3238	0	286086
27239	257465	2253	8764	4255	0	272737
27240	10458	1927	260826	3323	0	276534
27241	263406	1581	8858	3835	0	277680
27242	10820	1620	3811	266864	0	283115
27243	270235	1734	2980	9700	0	284649
27244	10458	1773	2422	268715	0	283368
27245	5522	1557	2072	273365	0	282516
27246	268038	1487	2168	12263	0	283956
27247	9862	263815	2001	5681	0	281359
27248	5116	7811	1861	271900	0	286688
27249	273654	3126	1865	11051	0	289696
27250	283109	2684	1726	5624	0	293143
27251	11307	2178	1732	277900	0	293117
27252	5920	1763	1748	286165	0	295596
27253	286220	1830	1661	12330	0	302041
27254	11715	1804	1485	290220	0	305224
27255	5602	1811	1535	291127	0	300075
27256	280979	1559	1583	13157	0	297278
27257	11182	1439	1522	275250	0	289393
27258	3949	1227	249694	10866	0	265736
27259	240349	1056	6896	6259	0	254560
27260	9254	1246	251866	3737	0	266103
27261	3705	1101	226431	2897	0	234134
27262	207949	1780	8064	2434	0	220227
27263	5393	207406	2385	1483	0	216667
27264	2650	3459	1450	196164	0	203723
27265	1770	870	880	192975	0	196495
27266	1836	515	547	199967	0	202865
27267	1451	321	438	209194	0	211404
27268	196958	409	562	6872	0	204801
27269	219237	356	366	2980	0	222939
27270	227250	356	319	2393	0	230318
27271	6874	444	242462	1239	0	251019
27272	3666	331	6036	257740	0	267773
27273	2740	243	2255	266027	0	271265
27274	2478	232	1322	256914	0	260946
27275	1462	244978	981	11585	0	259006
27276	1446	251582	787	5950	0	259765
27277	265091	9676	606	4434	0	279807
27278	9493	4369	595	267455	0	281912
27279	5287	2316	617	284808	0	293028
27280	3789	1391	439	292784	0	298403
27281	2204	1287	275924	15259	0	294674
27282	2087	1098	268507	8028	0	279720
27283	269676	901	11839	5955	0	288371
27284	288117	802	5421	4449	0	298789
27285	14135	679	3134	277391	0	295339
27286	6455	279671	2259	10674	0	299059
27287	5557	8910	1559	282733	0	298759
27288	4370	3905	1396	287942	0	297613
27289	2707	2358	273278	15034	0	293377
27290	273308	1390	9127	8982	0	292807
27291	11733	985	4281	289449	0	306448
27292	6543	918	2823	287504	0	297788
27293	276079	854	2107	16531	0	295571
27294	11699	281985	1777	8977	0	304438
27295	290477	9950	1445	6957	0	308829
27296	14589	5029	1275	282645	0	303538
27297	6692	275337	1078	12531	0	295638
27298	280505	10804	874	7774	0	299957
27299	13497	5388	1010	278391	0	298286
27300	275473	3260	1004	13734	0	293471
27301	272809	2196	898	8410	0	284313
27302	274896	1678	915	6551	0	284040
27303	17503	257993	1145	4868	0	281509
27304	9698	263357	1298	4085	0	278438
27305	7631	13288	1170	253044	0	275133
27306	5406	256423	1109	12036	0	274974
27307	265660	12625	828	7457	0	286570
27308	14235	6551	872	265242	0	286900
27309	267383	4284	874	13937	0	286478
27310	274773	3296	975	8413	0	287457
27311	18428	2785	1231	262943	0	285387
27312	10985	2301	1313	276983	0	291582
27313	272041	2188	1071	18110	0	293410
27314	277854	2398	956	10990	0	292198
27315	286837	2089	916	8337	0	298179
27316	290784	2430	838	7049	0	301101
27317	296187	2500	659	6170	0	305516
27318	21849	2173	621	281364	0	306007
27319	13358	2259	783	288094	0	304494
27320	10321	2409	802	294123	0	307655
27321	284918	2043	820	20371	0	308152
27322	17123	1740	875	281735	0	301473
27323	10735	274811	987	17549	0	304082
27324	9286	11024	912	288122	0	309344
27325	282014	5545	1084	18143	0	306786
27326	288292	3923	1085	11276	0	304576
27327	20158	3552	272019	8113	0	303842
27328	13206	3153	9797	266073	0	292229
27329	9189	273756	4569	15114	0	302628
27330	281009	11245	2615	10948	0	305817
27331	16063	281131	2023	8567	0	307784
27332	11362	12806	1574	286902	0	312644
27333	290739	6761	1611	16265	0	315376
27334	295635	4558	1392	10739	0	312324
27335	20588	285629	1369	8354	0	315940
27336	13970	12315	929	287725	0	314939
27337	10306	7050	281304	15807	0	314467
27338	276671	4599	10411	11178	0	302859
27339	17848	4100	282323	8149	0	312420
27340	289061	3343	12360	7555	0	312319
27341	299720	3199	5939	7717	0	316575
27342	22203	3169	3253	292022	0	320647
27343	300513	3123	2299	17195	0	323130
27344	308668	3152	1870	10896	0	324586
27345	312181	3456	1756	8509	0	325902
27346	25313	3185	1585	297140	0	327223
27347	305565	2639	1782	16686	0	326672
27348	21754	2796	1602	300288	0	326440
27349	14636	2756	1906	300038	0	319336
27350	11025	286853	2287	20144	0	320309
27351	11590	11078	1862	282248	0	306778
27352	9805	282801	1417	16565	0	310588
27353	280388	12112	898	10833	0	304231
27354	280838	6554	920	8979	0	297291
27355	20277	4632	817	272117	0	297843
27356	13471	3507	877	276765	0	294620
27357	270943	2816	1117	18551	0	293427
27358	17454	2781	256369	11259	0	287863
27359	266311	2339	8605	8981	0	286236
27360	18865	2408	4146	261451	0	286870
27361	12180	2419	244643	14324	0	273566
27362	247420	2356	9069	10189	0	269034
27363	257810	2299	4622	8188	0	272919
27364	19368	2231	246331	6815	0	274745
27365	249486	1973	9011	7307	0	267777
27366	17032	2073	241918	5764	0	266787
27367	12459	239363	9792	4942	0	266556
27368	244894	8005	6889	5599	0	265387
27369	240677	4467	3767	5495	0	254406
27370	16618	220795	2634	4209	0	244256
27371	9239	206887	2251	3415	0	221792
27372	190814	5877	2742	3083	0	202516
27373	190847	2524	1164	2997	0	197532
27374	9623	2089	1041	190364	0	203117
27375	5703	1548	181727	5923	0	194901
27376	4718	1492	170569	3211	0	179990
27377	179241	1406	5072	3134	0	188853
27378	7239	1240	180459	2463	0	191401
27379	171362	1650	5021	2313	0	180346
27380	6293	1001	1960	169391	0	178645
27381	4097	684	1330	171858	0	177969
27382	3224	825	171414	5079	0	180542
27383	171208	586	3798	3524	0	179116
27384	5835	723	1971	176190	0	184719
27385	3948	493	1550	181502	0	187493
27386	177271	485	1043	6099	0	184898
27387	175812	437	1014	4244	0	181507
27388	174989	472	1129	3364	0	179954
27389	6540	175274	1168	2071	0	185053
27390	3848	2772	167950	1599	0	176169
27391	163436	1202	2971	2233	0	169842
27392	170836	774	1529	2250	0	175389
27393	5421	165941	1152	1476	0	173990
27394	159303	2009	928	1508	0	163748
27395	4022	894	640	156973	0	162529
27396	2159	828	162713	2342	0	168042
27397	158835	614	2082	2186	0	163717
27398	166020	559	1035	2038	0	169652
27399	166667	498	646	1790	0	169601
27400	168217	426	619	1425	0	170687
27401	4124	385	528	166800	0	171837
27402	2605	405	549	166788	0	170347
27403	168654	368	609	3538	0	173169
27404	3680	263	606	167871	0	172420
27405	2559	222	482	166837	0	170100
27406	1815	162288	648	3095	0	167846
27407	1940	1840	473	168882	0	173135
27408	1931	717	482	169318	0	172448
27409	1845	487	477	170111	0	172920
27410	1838	381	424	171118	0	173761
27411	1406	167328	461	3547	0	172742
27412	1568	1955	354	166215	0	170092
27413	1675	980	331	162293	0	165279
27414	1256	741	158960	3376	0	164333
27415	1170	612	145333	1967	0	149082
27416	999	154450	2223	1584	0	159256
27417	178825	1847	1008	2085	0	183765
27418	3637	185145	769	1062	0	190613
27419	2115	3487	506	198387	0	204495
27420	1279	1223	218369	4298	0	225169
27421	229413	743	4873	2957	0	237986
27422	6379	753	1559	242736	0	251427
27423	239221	482	1208	7186	0	248097
27424	246419	457	913	3621	0	251410
27425	7140	245481	712	1998	0	255331
27426	245990	4941	592	3133	0	254656
27427	7008	254400	819	1516	0	263743
27428	4366	6512	492	258270	0	269640
27429	2468	261361	579	6127	0	270535
27430	2318	6682	258469	2469	0	269938
27431	1810	264557	5527	1909	0	273803
27432	2558	7443	1878	255651	0	267530
27433	257465	2851	1195	7759	0	269270
27434	5927	265079	1360	2695	0	275061
27435	4048	6819	800	265542	0	277209
27436	3042	2975	551	274448	0	281016
27437	2141	2083	270073	9002	0	283299
27438	3170	1764	6589	268800	0	280323
27439	1690	1648	270997	9039	0	283374
27440	255099	1170	7646	5624	0	269539
27441	8155	1571	276084	2858	0	288668
27442	3479	276175	8060	2918	0	290632
27443	3883	7738	3300	275157	0	290078
27444	3549	3091	2553	277441	0	286634
27445	3282	2775	1749	279536	0	287342
27446	279075	2053	1268	12482	0	294878
27447	9712	1877	949	273480	0	286018
27448	3722	276254	1399	10020	0	291395
27449	269849	8656	1063	6568	0	286136
27450	8370	270251	1332	5373	0	285326
27451	5142	9001	1561	270908	0	286612
27452	271178	4045	1283	11040	0	287546
27453	9453	262667	1676	5108	0	278904
27454	4688	278743	1391	4032	0	288854
27455	276041	10275	1498	4676	0	292490
27456	281735	5083	1224	4641	0	292683
27457	11184	3900	273885	3627	0	292596
27458	276454	2847	8008	4771	0	292080
27459	11244	2795	284223	3543	0	301805
27460	6987	2799	9322	286689	0	305797
27461	4343	2821	289938	10374	0	307476
27462	4622	2937	9883	289472	0	306914
27463	3775	2716	292361	11793	0	310645
27464	4295	2650	10031	283393	0	300369
27465	3707	2482	4448	297373	0	308010
27466	286676	2290	3176	14670	0	306812
27467	10185	2771	283736	7316	0	304008
27468	268245	2831	9569	6699	0	287344
27469	11710	2301	281840	4985	0	300836
27470	6303	2214	283723	3892	0	296132
27471	5569	2536	11884	278742	0	298731
27472	283297	2061	5796	11497	0	302651
27473	10321	282103	4524	5801	0	302749
27474	279972	8801	3570	5961	0	298304
27475	283811	3843	3454	5429	0	296537
27476	12622	279368	3209	4504	0	299703
27477	281975	9351	3294	4717	0	299337
27478	12371	4617	285799	4207	0	306994
27479	7646	3377	9527	287969	0	308519
27480	291244	2764	4627	11618	0	310253
27481	11531	290351	4349	5538	0	311769
27482	7167	9110	3484	289999	0	309760
27483	5888	4339	3379	292033	0	305639
27484	5165	3408	3292	299024	0	310889
27485	4795	2836	3079	302931	0	313641
27486	293090	2411	2678	15394	0	313573
27487	297886	2766	2931	8695	0	312278
27488	296941	2470	2892	7076	0	309379
27489	291708	2107	2984	6528	0	303327
27490	14783	2730	287302	4883	0	309698
27491	286167	2136	9610	5314	0	303227
27492	300128	2040	5255	4991	0	312414
27493	15050	286798	3991	4594	0	310433
27494	8986	298189	3382	4129	0	314686
27495	7978	11260	2955	285481	0	307674
27496	6718	5427	2729	295240	0	310114
27497	5430	3865	286611	13561	0	309467
27498	5274	287085	9770	7673	0	309802
27499	5884	9514	4893	283819	0	304110
27500	5369	290687	3954	10949	0	310959
27501	5859	10425	3260	298065	0	317609
27502	6003	4802	2978	298725	0	312508
27503	5260	302911	3123	13787	0	325081
27504	5485	10278	3241	309742	0	328746
27505	5457	5253	308177	13295	0	332182
27506	5515	4094	297977	7921	0	315507
27507	295632	3693	12229	7060	0	318614
27508	315602	3211	6088	6426	0	331327
27509	13984	309126	4873	5548	0	333531
27510	315565	9793	3679	5640	0	334677
27511	14778	4977	3583	313215	0	336553
27512	314261	4282	2944	12588	0	334075
27513	13215	311271	2828	7574	0	334888
27514	8984	10466	305547	5773	0	330770
27515	297495	5132	10297	6922	0	319846
27516	13806	4366	318659	5556	0	342387
27517	6882	3420	281181	3732	0	295215
27518	5444	2873	279696	3836	0	291849
27519	4426	272850	10398	3490	0	291164
27520	250532	8184	8849	3888	0	271453
27521	242673	3248	3026	3109	0	252056
27522	8900	2132	2159	236468	0	249659
27523	5411	1966	2002	234410	0	243789
27524	3553	238533	2038	7491	0	251615
27525	241707	5186	1995	5231	0	254119
27526	6801	238534	1917	3257	0	250509
27527	4224	233588	1802	2555	0	242169
27528	230591	5182	1885	2668	0	240326
27529	6610	2488	1861	227155	0	238114
27530	3832	1713	1672	227149	0	234366
27531	3262	1585	1571	229823	0	236241
27532	2712	226506	1318	6041	0	236577
27533	225020	4486	1011	3670	0	234187
27534	6080	2772	971	221836	0	231659
27535	3185	213060	828	4772	0	221845
27536	2324	215491	796	2704	0	221315
27537	2230	4465	818	209502	0	217015
27538	1694	212074	849	4007	0	218624
27539	2348	4149	834	211797	0	219128
27540	207023	2169	762	4898	0	214852
27541	3551	1799	200350	2316	0	208016
27542	1852	204819	2679	1848	0	211198
27543	1920	3455	1074	208720	0	215169
27544	1468	1805	210919	3612	0	217804
27545	201524	1407	2993	3004	0	208928
27546	4083	1392	1330	214114	0	220919
27547	213745	812	897	4695	0	220149
27548	212047	906	867	3104	0	216924
27549	4402	223953	859	1416	0	230630
27550	228211	3275	668	2625	0	234779
27551	227867	1837	651	2231	0	232586
27552	229856	1243	615	1939	0	233653
27553	5480	1090	489	224370	0	231429
27554	3449	937	555	222343	0	227284
27555	2682	1005	624	225969	0	230280
27556	1905	1243	220313	4826	0	228287
27557	1558	217048	2810	2661	0	224077
27558	214270	2519	1355	2586	0	220730
27559	3057	212150	793	1366	0	217366
27560	2102	2602	458	210998	0	216160
27561	1361	1607	207510	2835	0	213313
27562	183890	1021	2229	3110	0	190250
27563	2757	206820	1144	1197	0	211918
27564	2093	2575	656	205669	0	210993
27565	1787	1333	552	206269	0	209941
27566	1230	1045	202226	3205	0	207706
27567	865	200724	2200	2109	0	205898
27568	1150	2500	1149	202448	0	207247
27569	1183	1313	793	204777	0	208066
27570	1110	1142	622	200676	0	203550
27571	193159	976	537	4716	0	199388
27572	2645	986	191797	2194	0	197622
27573	1475	191965	2377	1758	0	197575
27574	191233	2441	1222	2305	0	197201
27575	2669	195454	870	1119	0	200112
27576	1964	2690	635	192935	0	198224
27577	1150	196003	578	2613	0	200344
27578	187584	2696	412	2631	0	193323
27579	191383	1488	559	2193	0	195623
27580	3639	1272	542	195963	0	201416
27581	2326	1043	438	194981	0	198788
27582	1808	888	367	204763	0	207826
27583	1274	899	205973	4848	0	212994
27584	1119	213096	3522	2632	0	220369
27585	1953	4054	1471	253800	0	261278
27586	1769	1878	856	264434	0	268937
27587	1947	1149	692	269626	0	273414
27588	1933	1116	563	271162	0	274774
27589	987	1084	262869	11100	0	276040
27590	947	280885	6738	5373	0	293943
27591	2158	8176	2867	295433	0	308634
27592	2216	4163	1269	330443	0	338091
27593	1010	2488	321940	14280	0	339718
27594	2216	1898	9218	309066	0	322398
27595	1026	305284	4541	13096	0	323947
27596	813	325702	2719	8405	0	337639
27597	2071	13012	1772	321053	0	337908
27598	915	6140	309207	14063	0	330325
27599	277490	3420	10009	11727	0	302646
27600	8747	305492	5786	7283	0	327308
27601	4297	10975	299257	5984	0	320513
27602	2339	6504	297653	5537	0	312033
27603	1563	296401	14213	4693	0	316870
27604	1970	11680	304738	4463	0	322851
27605	3490	8446	12602	294024	0	318562
27606	292059	4152	7217	12593	0	316021
27607	297825	3616	5264	7659	0	314364
27608	296340	3701	4300	5859	0	310200
27609	306541	3751	4112	5045	0	319449
27610	14323	309273	3730	4186	0	331512
27611	310979	10939	3967	5530	0	331415
27612	13390	314862	4432	4194	0	336878
27613	8876	12520	306920	3593	0	331909
27614	7966	7913	11305	289795	0	316979
27615	5217	315289	6767	10273	0	337546
27616	6336	13009	4813	303390	0	327548
27617	297288	8419	4012	13321	0	323040
27618	14046	5323	4120	289825	0	313314
27619	7797	302155	3567	13038	0	326557
27620	304474	12644	3698	8495	0	329311
27621	13751	7631	301731	5767	0	328880
27622	10190	5785	11520	298689	0	326184
27623	7285	4731	6452	310505	0	328973
27624	295039	4867	3937	17631	0	321474
27625	14022	294187	3252	10391	0	321852
27626	8918	12857	291078	6860	0	319713
27627	8038	7448	11288	293671	0	320445
27628	5687	5490	296988	14454	0	322619
27629	4952	282135	12283	9950	0	309320
27630	4478	302141	6911	8448	0	321978
27631	294931	15654	5051	7763	0	323399
27632	12133	9300	294960	7415	0	323808
27633	299302	6804	13372	7351	0	326829
27634	13908	5995	8154	289429	0	317486
27635	7545	300774	6378	13755	0	328452
27636	298659	13228	5084	10420	0	327391
27637	13480	8763	301937	7938	0	332118
27638	10451	6636	12524	299361	0	328972
27639	7664	6000	8345	305455	0	327464
27640	6871	5819	6621	300484	0	319795
27641	5517	299083	5631	18520	0	328751
27642	288291	13193	5524	12628	0	319636
27643	13286	289209	4852	8887	0	316234
27644	8171	297926	5118	7382	0	318597
27645	7449	16176	5092	295837	0	324554
27646	294736	9866	5509	15148	0	325259
27647	293815	7299	4939	10778	0	316831
27648	295270	7580	4368	8619	0	315837
27649	17445	279534	4146	6657	0	307782
27650	11954	14217	3802	279018	0	308991
27651	8976	9580	277076	13532	0	309164
27652	9168	6482	11742	277088	0	304480
27653	8429	6219	6792	273688	0	295128
27654	7449	278687	4564	17484	0	308184
27655	281398	14419	3902	11717	0	311436
27656	15357	9566	4399	273612	0	302934
27657	9665	281358	4277	15824	0	311124
27658	281589	14331	4208	11892	0	312020
27659	14640	9834	275572	9753	0	309799
27660	274959	7868	10754	8980	0	302561
27661	16103	285155	6492	7642	0	315392
27662	289957	15229	4308	7091	0	316585
27663	292917	10703	4130	7038	0	314788
27664	18357	8326	283842	7016	0	317541
27665	286818	6734	12105	6841	0	312498
27666	17834	6155	294833	6396	0	325218
27667	13087	6054	298311	5861	0	323313
27668	294065	6576	15181	5875	0	321697
27669	304065	6003	9184	6016	0	325268
27670	19984	5888	300250	5619	0	331741
27671	13322	5082	14550	294107	0	327061
27672	11212	4788	9552	293249	0	318801
27673	9474	304996	7458	14852	0	336780
27674	288550	12542	6318	9892	0	317302
27675	311712	8634	5188	7256	0	332790
27676	20399	6502	297822	5675	0	330398
27677	307711	5217	12581	6232	0	331741
27678	317766	5171	8635	5999	0	337571
27679	20480	304596	6551	5215	0	336842
27680	13875	12898	5728	300427	0	332928
27681	12563	8009	5159	289798	0	315529
27682	11486	5412	4678	298597	0	320173
27683	285652	3927	5019	15259	0	309857
27684	14455	270895	4826	9288	0	299464
27685	8023	8000	3398	228451	0	247872
27686	5822	223052	3094	8437	0	240405
27687	5482	13126	2372	210759	0	231739
27688	5023	211916	2164	7734	0	226837
27689	4183	217707	2432	6224	0	230546
27690	190528	6543	3024	5750	0	205845
27691	184936	2855	2427	4702	0	194920
27692	3188	1053	623	165684	0	170548
27693	1826	634	504	166239	0	169203
27694	1485	674	464	168636	0	171259
27695	1275	593	444	167765	0	170077
27696	1219	637	469	163049	0	165374
27697	865	160853	487	3199	0	165404
27698	1276	2160	383	164888	0	168707
27699	1246	1037	317	168312	0	170912
27700	165388	710	354	3478	0	169930
27701	3024	543	441	166172	0	170180
27702	1778	486	461	166576	0	169301
27703	1341	621	165999	3168	0	171129
27704	1482	622	2074	159427	0	163605
27705	1255	760	763	169095	0	171873
27706	922	619	168126	3566	0	173233
27707	915	165846	2265	2193	0	171219
27708	835	2231	169404	1491	0	173961
27709	758	823	164077	1317	0	166975
27710	447	158826	2318	838	0	162429
27711	164069	1829	1005	1305	0	168208
27712	163372	519	386	1003	0	165280
27713	2460	307	248	161325	0	164340
27714	163521	223	236	2737	0	166717
27715	2287	343	170164	747	0	173541
27716	1263	207	2094	172058	0	175622
27717	653	358	189253	2311	0	192575
27718	965	262	2313	190330	0	193870
27719	956	256	828	191051	0	193091
27720	835	222	455	194753	0	196265
27721	192842	180	352	4073	0	197447
27722	2724	342	322	195462	0	198850
27723	193751	205	411	3761	0	198128
27724	195458	236	441	2168	0	198303
27725	2950	195045	532	1188	0	199715
27726	197577	2214	329	1783	0	201903
27727	2727	202240	423	1161	0	206551
27728	1631	2462	302	201531	0	205926
27729	1437	889	333	203031	0	205690
27730	1311	513	356	206782	0	208962
27731	968	501	199769	3972	0	205210
27732	786	197990	2599	1983	0	203358
27733	1219	2817	939	192062	0	197037
27734	1243	1200	538	193422	0	196403
27735	698	198671	471	3305	0	203145
27736	198668	2765	405	2585	0	204423
27737	2923	194236	439	1584	0	199182
27738	192681	3011	381	1890	0	197963
27739	3237	197981	481	1174	0	202873
27740	1868	3243	315	193188	0	198614
27741	957	201182	370	3102	0	205611
27742	204470	3198	223	2674	0	210565
27743	207064	1435	283	2265	0	211047
27744	204769	989	295	2084	0	208137
27745	202490	831	297	2059	0	205677
27746	4199	901	201188	1188	0	207476
27747	200401	785	2486	1979	0	205651
27748	209223	723	924	1998	0	212868
27749	208091	818	557	1982	0	211448
27750	4375	915	203493	1145	0	209928
27751	199830	684	2432	1957	0	204903
27752	3774	209699	1005	1245	0	215723
27753	213315	2841	630	1949	0	218735
27754	3857	1552	225567	1115	0	232091
27755	223056	890	2630	2213	0	228789
27756	232300	747	977	1955	0	235979
27757	4515	681	695	230756	0	236647
27758	2423	786	226589	3151	0	232949
27759	226930	611	2567	2587	0	232695
27760	4172	639	1145	233888	0	239844
27761	2800	658	852	234999	0	239309
27762	1813	690	234428	3906	0	240837
27763	212445	536	2758	3198	0	218937
27764	235525	542	1241	2398	0	239706
27765	4101	235303	951	1483	0	241838
27766	2678	2720	783	234689	0	240870
27767	2177	1303	731	233801	0	238012
27768	2031	820	729	231952	0	235532
27769	1552	232469	930	4098	0	239049
27770	232938	2872	717	2811	0	239338
27771	4148	1273	651	233163	0	239235
27772	2655	931	562	234436	0	238584
27773	227643	732	539	5136	0	234050
27774	225286	684	551	3238	0	229759
27775	4614	602	680	228955	0	234851
27776	2771	648	642	226951	0	231012
27777	1805	889	216714	4077	0	223485
27778	196217	685	2525	3520	0	202947
27779	3615	216947	1151	1913	0	223626
27780	2367	2743	586	229169	0	234865
27781	2170	1176	463	232997	0	236806
27782	1669	237415	550	4787	0	244421
27783	1889	3896	504	249780	0	256069
27784	264302	1904	584	6369	0	273159
27785	6576	1231	510	308478	0	316795
27786	4033	948	473	318822	0	324276
27787	3058	988	356	329062	0	333464
27788	1861	985	316287	15488	0	334621
27789	2794	789	7381	321721	0	332685
27790	1621	882	313943	14171	0	330617
27791	1518	305804	9378	9170	0	325870
27792	2472	7370	5757	312828	0	328427
27793	2361	4316	3534	316738	0	326949
27794	1986	2765	2479	324154	0	331384
27795	2065	2030	1979	320714	0	326788
27796	1776	1640	1627	328730	0	333773
27797	304378	1180	1427	19918	0	326903
27798	7998	1287	308623	12237	0	330145
27799	4815	296435	7697	9710	0	318657
27800	3130	322695	4691	8053	0	338569
27801	3292	10820	2976	322090	0	339178
27802	2952	6301	2723	329212	0	341188
27803	2528	4059	2303	325069	0	333959
27804	1501	318700	2033	16275	0	338509
27805	2242	9529	1542	325292	0	338605
27806	1395	6179	311948	14743	0	334265
27807	983	309101	7388	10790	0	328262
27808	1715	9281	4382	318504	0	333882
27809	307182	5721	2904	14509	0	330316
27810	8035	3581	2006	315674	0	329296
27811	5918	2904	1751	311815	0	322388
27812	3474	292387	1938	15001	0	312800
27813	2614	315951	1720	10076	0	330361
27814	2959	11206	1129	315373	0	330667
27815	2317	6750	877	316867	0	326811
27816	1277	4423	302419	16234	0	324353
27817	2052	3544	36095	265107	0	306798
27818	1761	2945	4999	299827	0	309532
27819	1631	2446	3550	299787	0	307414
27820	1406	2032	3228	305426	0	312092
27821	286795	2445	2569	19575	0	311384
27822	291972	1965	1702	14863	0	310502
27823	12008	1354	1381	302816	0	317559
27824	8098	1042	1185	315278	0	325603
27825	302793	1077	1135	20886	0	325891
27826	11287	1603	1165	321648	0	335703
27827	6985	2072	315594	18677	0	343328
27828	4456	315880	8498	14608	0	343442
27829	4312	8024	5950	328851	0	347137
27830	3407	5164	4584	338289	0	351444
27831	327150	3648	3750	20625	0	355173
27832	9409	3222	2710	340881	0	356222
27833	6266	2678	1773	350167	0	360884
27834	337264	1993	1521	23680	0	364458
27835	11834	2065	1380	347789	0	363068
27836	7690	339620	1540	19576	0	368426
27837	5959	9186	1473	364530	0	381148
27838	5224	5897	1585	375991	0	388697
27839	5110	4173	1760	370728	0	381771
27840	4072	3683	1799	377131	0	386685
27841	2518	4159	351888	24049	0	382614
27842	2196	4046	341663	17412	0	365317
27843	2391	3437	12891	357109	0	375828
27844	2381	2963	7313	355461	0	368118
27845	1730	347916	5083	23019	0	377748
27846	2480	10470	4159	346476	0	363585
27847	1720	346202	3886	20697	0	372505
27848	340952	12526	3259	16341	0	373078
27849	10009	362881	2939	12639	0	388468
27850	7093	14203	2097	373100	0	396493
27851	5182	8996	1485	383443	0	399106
27852	3748	6294	362704	23536	0	396282
27853	337414	4794	9386	19079	0	370673
27854	347001	4385	5883	14905	0	372174
27855	14501	349810	4873	12079	0	381263
27856	9603	11182	4677	346595	0	372057
27857	6399	7333	362312	16855	0	392899
27858	4657	367532	11083	13759	0	397031
27859	361588	12763	6502	13054	0	393907
27860	365395	8173	4048	12247	0	389863
27861	16949	5844	348994	10224	0	382011
27862	356264	4732	10342	9744	0	381082
27863	17700	4314	5967	359290	0	387271
27864	11096	357640	4514	16703	0	389953
27865	360311	11045	3792	13945	0	389093
27866	15770	6991	3680	361725	0	388166
27867	364187	4913	2981	18398	0	390479
27868	380950	4429	2614	14422	0	402415
27869	19685	4472	2299	374996	0	401452
27870	11491	3989	371866	19264	0	406610
27871	372621	3289	10854	15997	0	402761
27872	391298	3326	6327	12572	0	413523
27873	393785	2787	4125	11993	0	412690
27874	21092	392233	3883	10024	0	427232
27875	14824	11216	3317	394302	0	423659
27876	11139	6909	2414	417182	0	437644
27877	7915	5717	401615	22765	0	438012
27878	7706	5080	11149	399062	0	422997
27879	5560	396972	6717	21115	0	430364
27880	390492	11662	4080	16801	0	423035
27881	13530	392539	3578	12525	0	422172
27882	8728	12531	382924	9643	0	413826
27883	5690	381599	12022	9411	0	408722
27884	4488	383183	7660	7015	0	402346
27885	5920	8714	3984	327175	0	345793
27886	324498	3623	1991	8629	0	338741
27887	321892	1993	938	5325	0	330148
27888	317747	1665	791	4181	0	324384
27889	8356	325262	1057	2671	0	337346
27890	4104	6365	321285	2191	0	333945
27891	316192	3244	5694	3630	0	328760
27892	329476	1949	2720	3825	0	337970
27893	8729	325949	1594	2384	0	338656
27894	332779	6256	1120	3457	0	343612
27895	8677	3154	1150	332400	0	345381
27896	4452	2446	344452	6949	0	358299
27897	339632	1705	6301	5935	0	353573
27898	342332	1798	2961	4557	0	351648
27899	358708	1371	1713	3793	0	365585
27900	10760	1560	1164	348551	0	362035
27901	6456	1581	1086	352137	0	361260
27902	4642	1471	1007	369346	0	376466
27903	2957	359649	1444	11211	0	375261
27904	6023	8423	1464	361167	0	377077
27905	4176	3961	976	421495	0	430608
27906	2995	2968	416666	14169	0	436798
27907	4238	2127	10055	415449	0	431869
27908	4015	1939	4019	429669	0	439642
27909	3875	1734	2508	428980	0	437097
27910	4104	1724	1926	425349	0	433103
27911	2613	418743	2029	18034	0	441419
27912	4106	10800	1704	427074	0	443684
27913	4117	4604	2082	431033	0	441836
27914	416818	2968	2042	20317	0	442145
27915	12743	2639	412884	10818	0	439084
27916	6290	2497	403058	8330	0	420175
27917	394021	2284	14201	8837	0	419343
27918	419603	2451	6145	7566	0	435765
27919	17905	2687	3648	376299	0	400539
27920	8164	411988	3136	12903	0	436191
27921	416213	11292	2511	8720	0	438736
27922	16407	5247	2867	403653	0	428174
27923	7637	405762	3421	13240	0	430060
27924	407748	10196	2355	8520	0	428819
27925	13983	411503	1959	4921	0	432366
27926	401876	11972	1482	6301	0	421631
27927	391204	5867	1396	6177	0	404644
27928	16595	381580	1585	3893	0	403653
27929	10184	11283	1680	379197	0	402344
27930	6246	6172	376115	12390	0	400923
27931	6962	4893	9689	371800	0	393344
27932	371590	3617	4121	14889	0	394217
27933	13337	3677	365385	7460	0	389859
27934	7588	364687	9931	5769	0	387975
27935	7419	12063	4282	358255	0	382019
27936	4188	5929	356650	12778	0	379545
27937	3428	353009	10667	7593	0	374697
27938	349417	10537	5344	7178	0	372476
27939	12360	5322	3645	352972	0	374299
27940	7705	3552	3126	357390	0	371773
27941	5912	3436	3015	351735	0	364098
27942	3306	351649	2681	15465	0	373101
27943	348326	10406	2544	10620	0	371896
27944	10882	344919	2885	6333	0	365019
27945	6017	359413	1951	5843	0	373224
27946	355114	12687	1607	7142	0	376550
27947	358279	6410	1877	7156	0	373722
27948	14005	5247	344703	5055	0	369010
27949	334555	4098	9074	5755	0	353482
27950	337811	4001	4345	4500	0	350657
27951	16494	4087	2750	327989	0	351320
27952	9304	4169	324074	10988	0	348535
27953	8162	3540	9206	325251	0	346159
27954	331157	2491	4400	14277	0	352325
27955	13755	2669	334645	7114	0	358183
27956	9656	2567	10877	354609	0	377709
27957	9471	2201	5242	390894	0	407808
27958	7280	2658	3641	443983	0	457562
27959	437507	2451	3224	26769	0	469951
27960	20172	446194	3435	11799	0	481600
27961	450656	18466	2645	9895	0	481662
27962	23364	6628	448925	6964	0	485881
27963	12233	4355	19204	428108	0	463900
27964	7093	451621	6870	22049	0	487633
27965	455206	19289	4497	12401	0	491393
27966	24296	7403	3710	456559	0	491968
27967	10106	5987	447539	23538	0	487170
27968	9286	4396	18793	443426	0	475901
27969	428164	3836	7742	25997	0	465739
27970	20353	427912	5315	12607	0	466187
27971	11699	20432	3478	385076	0	420685
27972	6917	423513	3397	20893	0	454720
27973	415925	20494	2980	16043	0	455442
27974	420897	8183	2874	10231	0	442185
27975	24644	410386	3238	7407	0	445675
27976	408342	19108	3043	6907	0	437400
27977	24777	8268	2312	382235	0	417592
27978	10061	400983	2520	18675	0	432239
27979	400436	19814	2157	9232	0	431639
27980	412614	8337	2048	7671	0	430670
27981	25887	379639	2706	5413	0	413645
27982	12531	397541	2163	5342	0	417577
27983	389790	21151	1895	5196	0	418032
27984	24379	9470	1642	382541	0	418032
27985	390398	6998	1731	19807	0	418934
27986	25426	6089	1303	385798	0	418616
27987	12251	5333	377623	20151	0	415358
27988	11181	5158	15492	386442	0	418273
27989	382391	5151	4539	22439	0	414520
27990	22567	4677	379527	9123	0	415894
27991	12526	3499	16935	379032	0	411992
27992	10303	3745	5677	398900	0	418625
27993	7396	3534	381383	24086	0	416399
27994	372148	2809	17742	12309	0	405008
27995	22274	3194	6753	381688	0	413909
27996	9302	3314	361944	21670	0	396230
27997	338935	2904	18222	11133	0	371194
27998	19135	353554	7627	9010	0	389326
27999	8841	355509	5670	8082	0	378102
28000	7102	367871	4707	7207	0	386887
28001	6041	19407	345504	6347	0	377299
28002	7241	9329	16274	330227	0	363071
28003	5110	4854	331111	18343	0	359418
28004	5155	9600	15136	287059	0	316950
28005	3173	277249	5664	15413	0	301499
28006	2765	287289	3499	6560	0	300113
28007	4273	15001	2945	278683	0	300902
28008	278788	5448	2280	15261	0	301777
28009	14211	3846	2005	284061	0	304123
28010	5970	3358	1966	283982	0	295276
28011	3901	279252	2032	16116	0	301301
28012	275792	12749	1665	8141	0	298347
28013	13448	281760	1681	5720	0	302609
28014	6901	14237	1416	279772	0	302326
28015	5546	5880	1702	281868	0	294996
28016	3988	277761	1952	17037	0	300738
28017	5016	13607	1825	284318	0	304766
28018	280209	6074	1581	18692	0	306556
28019	16613	6282	1328	282424	0	306647
28020	9391	5720	1636	282496	0	299243
28021	7293	276895	2618	17021	0	303827
28022	7141	14161	3109	283694	0	308105
28023	271923	6505	2712	18506	0	299646
28024	279665	6027	2026	10129	0	297847
28025	283811	5823	1872	8561	0	300067
28026	20176	4875	2274	274705	0	302030
28027	10108	4651	264921	17764	0	297444
28028	8675	4447	266949	9425	0	289496
28029	8677	4597	13811	273739	0	300824
28030	276145	5559	4868	17434	0	304006
28031	17215	5689	3123	278024	0	304051
28032	284028	5416	2738	18341	0	310523
28033	20032	4859	2447	284306	0	311644
28034	12286	4604	2249	295665	0	314804
28035	290601	4775	1977	19115	0	316468
28036	18696	5204	276760	9328	0	309988
28037	280144	4821	12006	8649	0	305620
28038	19529	4691	280794	7056	0	312070
28039	11935	4083	12884	280739	0	309641
28040	284736	3791	5108	16598	0	310233
28041	18258	4212	282280	7900	0	312650
28042	9460	4693	282001	6440	0	302594
28043	276940	4001	15204	7234	0	303379
28044	18263	3220	282215	7053	0	310751
28045	9259	278707	14648	7971	0	310585
28046	8132	12039	6821	295613	0	322605
28047	311072	4323	6289	19476	0	341160
28048	15841	3507	312540	10157	0	342045
28049	312616	2626	14977	9463	0	339682
28050	329333	2415	7627	8576	0	347951
28051	328954	2593	6476	8632	0	346655
28052	330941	2681	5331	8699	0	347652
28053	19662	4297	4962	312172	0	341093
28054	9520	311285	5022	16106	0	341933
28055	304864	11819	4792	9528	0	331003
28056	15045	4183	279176	6662	0	305066
28057	5137	221947	6794	3851	0	237729
28058	191794	3018	3203	2465	0	200480
28059	3044	174107	1282	1371	0	179804
28060	1780	180013	795	1116	0	183704
28061	5663	2728	2649	174968	0	186008
28062	1590	901	699	180591	0	183781
28063	1153	568	520	179463	0	181704
28064	182519	466	370	3019	0	186374
28065	187438	340	363	1919	0	190060
28066	3048	404	389	195462	0	199303
28067	1972	481	436	207548	0	210437
28068	1354	536	218265	3761	0	223916
28069	207127	308	3653	2694	0	213782
28070	226611	379	1424	1825	0	230239
28071	5596	339	868	225524	0	232327
28072	2932	355	602	228994	0	232883
28073	1541	498	226327	5333	0	233699
28074	1857	338	3968	224309	0	230472
28075	1216	354	233820	5067	0	240457
28076	1341	229428	4436	2664	0	237869
28077	1414	3616	235949	1999	0	242978
28078	1891	1520	4442	228230	0	236083
28079	1210	852	243241	4533	0	249836
28080	1047	716	222437	2263	0	226463
28081	233450	463	5668	2168	0	241749
28082	4875	429	2439	252482	0	260225
28083	2141	620	252704	4544	0	260009
28084	228157	420	4962	3241	0	236780
28085	4952	464	254160	1695	0	261271
28086	2383	553	279850	1540	0	284326
28087	1482	291494	6139	1574	0	300689
28088	1996	3769	2557	293017	0	301339
28089	1114	1523	293765	4433	0	300835
28090	1340	1007	280121	1899	0	284367
28091	1776	599	5654	287353	0	295382
28092	1599	408	2751	290167	0	294925
28093	816	293867	2188	5152	0	302023
28094	1377	3958	1494	298419	0	305248
28095	304333	1409	1238	6309	0	313289
28096	301779	788	1281	3786	0	307634
28097	309167	543	1360	2956	0	314026
28098	6558	505	1303	304640	0	313006
28099	2928	309427	1385	5136	0	318876
28100	312562	4039	1261	3692	0	321554
28101	5072	312157	1228	2118	0	320575
28102	2517	304155	1134	1786	0	309592
28103	1729	312657	1327	1715	0	317428
28104	316455	4764	1418	2505	0	325142
28105	4955	2000	1305	314806	0	323066
28106	2516	1501	1235	315110	0	320362
28107	1375	316958	1372	5142	0	324847
28108	309572	4455	1264	3565	0	318856
28109	4656	2147	312646	1648	0	321097
28110	2697	1321	4541	313441	0	322000
28111	316125	905	2235	5738	0	325003
28112	4585	328162	1849	2562	0	337158
28113	346479	4128	1434	3744	0	355785
28114	5688	1885	1278	354118	0	362969
28115	2566	360117	1487	4485	0	368655
28116	2105	4607	352763	2020	0	361495
28117	349207	1947	4600	2762	0	358516
28118	5390	1397	2117	368493	0	377397
28119	372928	1359	1498	6099	0	381884
28120	5496	1148	1302	371995	0	379941
28121	2382	368425	1410	5524	0	377741
28122	2024	4385	373757	2750	0	382916
28123	2027	2127	365737	2260	0	372151
28124	2435	1931	5134	377563	0	387063
28125	388726	1147	2405	6520	0	398798
28126	388506	986	1414	3847	0	394753
28127	6240	934	1131	387118	0	395423
28128	3635	889	1116	388877	0	394517
28129	394915	922	1246	6921	0	404004
28130	5619	1027	1329	397971	0	405946
28131	398852	993	1219	7123	0	408187
28132	5444	395041	1255	3133	0	404873
28133	389599	4465	1038	4005	0	399107
28134	5850	2321	399448	2454	0	410073
28135	3752	1647	4716	399054	0	409169
28136	3278	1287	2555	407473	0	414593
28137	3053	1026	2136	410132	0	416347
28138	2558	397057	1802	7271	0	408688
28139	3475	304018	2162	5067	0	314722
28140	2436	5263	1630	405425	0	414754
28141	1814	2501	402491	6770	0	413576
28142	2467	1708	5449	397484	0	407108
28143	2427	1457	2945	412687	0	419516
28144	2208	1620	2215	418563	0	424606
28145	399613	1704	2130	8809	0	412256
28146	5045	385707	2179	4367	0	397298
28147	2748	392148	2313	3374	0	400583
28148	3044	5876	2322	377425	0	388667
28149	2985	2388	2101	397813	0	405287
28150	3091	1653	1561	394747	0	401052
28151	2894	1413	1488	400080	0	405875
28152	389076	1462	1786	9203	0	401527
28153	5137	386841	2132	7250	0	401360
28154	395115	5060	1988	4845	0	407008
28155	406122	2540	2031	4604	0	415297
28156	6715	1905	1580	403034	0	413234
28157	3874	1465	1328	410301	0	416968
28158	403966	1065	1366	9443	0	415840
28159	406389	1268	1161	6096	0	414914
28160	7400	1560	665	398290	0	407915
28161	4678	1765	378	402790	0	409611
28162	3365	1858	396518	7463	0	409204
28163	3113	379127	3937	4655	0	390832
28164	3061	403316	1546	3566	0	411489
28165	388084	4457	1846	4104	0	398491
28166	5321	2223	397307	2352	0	407203
28167	2413	1700	364315	1998	0	370426
28168	334305	1069	3193	2710	0	341277
28169	365514	510	1518	2371	0	369913
28170	2419	393519	800	985	0	397723
28171	1218	411764	540	1051	0	414573
28172	1525	2017	360	422678	0	426580
28173	441241	877	291	4666	0	447075
28174	442801	621	306	3581	0	447309
28175	446339	435	260	3039	0	450073
28176	3190	556	274	442180	0	446200
28177	1903	536	288	448500	0	451227
28178	1201	784	435745	2523	0	440253
28179	1403	816	390545	1716	0	394480
28180	1026	640	430823	1120	0	433609
28181	1664	3078	2252	428101	0	435095
28182	426174	197	766	3906	0	431043
28183	2075	504	439508	972	0	443059
28184	1636	245	1755	434598	0	438234
28185	651	443104	842	2071	0	446668
28186	1055	1532	503	436132	0	439222
28187	1088	644	404	437490	0	439626
28188	661	712	451596	3145	0	456114
28189	1494	379	2957	441603	0	446433
28190	470996	209	1102	5588	0	477895
28191	5046	582	492528	1714	0	499870
28192	2852	315	4904	490045	0	498116
28193	1263	614	511129	5325	0	518331
28194	896	505536	6331	2595	0	515358
28195	1083	5725	514242	1663	0	522713
28196	3242	2145	7053	465432	0	477872
28197	1645	1111	3402	520570	0	526728
28198	819	1369	531692	8654	0	542534
28199	1929	969	7443	511052	0	521393
28200	1978	1136	3201	505017	0	511332
28201	618	515030	2644	9519	0	527811
28202	882	6192	521865	4896	0	533835
28203	2367	2263	7436	510080	0	522146
28204	1929	1324	3627	530006	0	536886
28205	767	530722	2434	10249	0	544172
28206	1533	6948	2009	542028	0	552518
28207	537615	3110	1802	11511	0	554038
28208	7629	1913	1889	542921	0	554352
28209	2816	1947	540723	10367	0	555853
28210	514059	1290	7690	8095	0	531134
28211	563679	1399	3467	6711	0	575256
28212	11760	1268	569146	4065	0	586239
28213	532769	869	9759	6138	0	549535
28214	11155	570807	4743	3784	0	590489
28215	7005	9281	3301	582928	0	602515
28216	5787	4112	2562	637082	0	649543
28217	5482	2460	2462	615279	0	625683
28218	4341	1886	2238	648546	0	657011
28219	4330	1752	1631	651978	0	659691
28220	638863	1744	1626	23827	0	666060
28221	13724	1466	629401	12364	0	656955
28222	594252	1024	12856	11280	0	619412
28223	15359	1565	624654	8458	0	650036
28224	9636	905	14753	623141	0	648435
28225	627507	1027	7212	19388	0	655134
28226	17870	1032	5093	622788	0	646783
28227	8900	627526	4988	17524	0	658938
28228	650419	12439	4228	11700	0	678786
28229	18261	6024	3995	672077	0	700357
28230	8791	3500	612954	19854	0	645099
28231	608836	2259	11368	14466	0	636929
28232	16599	674508	5791	9476	0	706374
28233	9531	14344	688847	8346	0	721068
28234	9521	6490	15598	675946	0	707555
28235	9057	4066	8309	642769	0	664201
28236	6027	677389	6006	21459	0	710881
28237	5521	15137	681010	12120	0	713788
28238	6636	7191	16285	672941	0	703053
28239	4791	5149	700419	21407	0	731766
28240	6015	4031	17935	690137	0	718118
28241	5114	3846	9221	699791	0	717972
28242	4388	3658	691701	26825	0	726572
28243	6053	2923	18449	688501	0	715926
28244	11633	4549	14334	519794	0	550310
28245	6561	2586	8224	724216	0	741587
28246	6034	2621	7639	730229	0	746523
28247	693612	2220	7022	35242	0	738096
28248	18841	2321	688717	20385	0	730264
28249	694433	2556	19711	18432	0	735132
28250	23294	3217	11080	735909	0	773500
28251	13195	2766	8909	751849	0	776719
28252	10067	2583	7057	747153	0	766860
28253	7494	722353	7472	42513	0	779832
28254	738306	18008	6195	22726	0	785235
28255	23037	8747	6575	758895	0	797254
28256	11564	754544	7182	29317	0	802607
28257	8723	18418	5735	778779	0	811655
28258	769769	9019	5344	34602	0	818734
28259	764977	7070	5301	24010	0	801358
28260	764714	6076	5864	19431	0	796085
28261	28159	759900	6472	15850	0	810381
28262	14617	19872	759243	15349	0	809081
28263	741824	9971	19939	17737	0	789471
28264	781092	6396	10029	18249	0	815766
28265	29199	783005	7968	14774	0	834946
28266	782283	20226	6535	16120	0	825164
28267	759828	10622	6485	15627	0	792562
28268	791037	7186	5696	15970	0	819889
28269	33316	797138	6552	14217	0	851223
28270	21792	21225	5660	792490	0	841167
28271	791013	10773	5142	30154	0	837082
28272	813382	7858	4479	19382	0	845101
28273	782284	6169	4122	17266	0	809841
28274	805306	6281	3715	15386	0	830688
28275	39445	6747	4156	779778	0	830126
28276	22673	6798	768983	29058	0	827512
28277	21706	4980	20729	760177	0	807592
28278	17376	776080	9686	30061	0	833203
28279	17894	22435	6210	806769	0	853308
28280	15880	11067	807549	32017	0	866513
28281	804799	7175	23387	20374	0	855735
28282	34882	6360	11243	828669	0	881154
28283	822725	7176	8192	33788	0	871881
28284	826835	6796	6713	22949	0	863293
28285	41182	6280	6114	829367	0	882943
28286	25145	5315	823916	32164	0	886540
28287	21401	5615	763949	18191	0	809156
28288	757327	5302	27018	16238	0	805885
28289	33269	776919	13623	14007	0	837818
28290	20071	761426	8782	11573	0	801852
28291	16620	753686	7219	11619	0	789144
28292	14694	789382	6601	10999	0	821676
28293	756378	26564	10312	12480	0	805734
28294	763709	12251	6669	10473	0	793102
28295	761984	8840	4457	10229	0	785510
28296	765819	8958	3715	10408	0	788900
28297	35067	8739	3608	733586	0	781000
28298	20398	730886	4313	21721	0	777318
28299	728945	20310	4468	14347	0	768070
28300	29700	10213	721050	9552	0	770515
28301	19945	717065	17894	9229	0	764133
28302	17402	19088	725575	9133	0	771198
28303	709023	10385	19743	10504	0	749655
28304	741252	8224	9944	10973	0	770393
28305	743615	9437	7164	9784	0	770000
28306	34007	7441	6048	725855	0	773351
28307	20669	6552	728233	20333	0	775787
28308	17076	725185	18526	11494	0	772281
28309	713426	18170	10007	11235	0	752838
28310	28295	707616	6713	8856	0	751480
28311	18052	681125	4423	7938	0	711538
28312	15247	677468	4243	7259	0	704217
28313	13836	684270	4714	7505	0	710325
28314	12092	20182	645930	5993	0	684197
28315	10958	655628	15727	6199	0	688512
28316	601918	14835	6702	5771	0	629226
28317	16972	7871	3285	600870	0	628998
28318	11006	6120	2864	611644	0	631634
28319	605051	5420	3060	16273	0	629804
28320	15875	597990	3678	7618	0	625161
28321	10288	13183	608956	5009	0	637436
28322	10679	7445	11117	595629	0	624870
28323	10753	5287	5230	615280	0	636550
28324	9925	5290	3680	624840	0	643735
28325	7841	5698	613857	15681	0	643077
28326	7863	5818	601618	7796	0	623095
28327	9431	5279	13723	607297	0	635730
28328	8056	5021	602747	12278	0	628102
28329	7901	5144	548609	6793	0	568447
28330	493768	4729	13662	8247	0	520406
28331	14125	559980	6712	5996	0	586813
28332	8210	542617	4845	4735	0	560407
28333	8405	551454	4109	4132	0	568100
28334	8981	14242	3574	532957	0	559754
28335	6825	568048	4201	9351	0	588425
28336	575251	11773	4190	8258	0	599472
28337	13841	6702	578672	5060	0	604275
28338	582305	5551	11546	6408	0	605810
28339	15804	5142	6139	599352	0	626437
28340	9678	4455	4770	606480	0	625383
28341	6395	633713	4626	15415	0	660149
28342	633718	14144	4531	9651	0	662044
28343	638617	6502	5056	7597	0	657772
28344	22152	680535	4135	5072	0	711894
28345	12310	17290	2885	665410	0	697895
28346	7395	8186	677952	16523	0	710056
28347	6527	5993	668298	8056	0	688874
28348	5782	692381	20971	5704	0	724838
28349	685642	18939	8988	6881	0	720450
28350	19864	7989	692221	2751	0	722825
28351	12437	5301	17599	676930	0	712267
28352	696798	4238	8019	19501	0	728556
28353	710141	3973	5193	10234	0	729541
28354	24304	817555	5167	5653	0	852679
28355	11148	875370	4772	4088	0	895378
28356	871468	32307	4120	5400	0	913295
28357	30123	14619	869569	3256	0	917567
28358	864197	8851	26455	5991	0	905494
28359	896149	6236	10927	5221	0	918533
28360	42116	6233	7141	866491	0	921981
28361	17821	6465	887039	26186	0	937511
28362	12606	6046	875889	9970	0	904511
28363	847160	4361	36620	8618	0	896759
28364	33569	4800	889426	4796	0	932591
28365	838241	3736	32572	6181	0	880730
28366	871474	3934	13371	6871	0	895650
28367	38634	858596	9165	4833	0	911228
28368	19219	28299	852383	3117	0	903018
28369	13120	843874	30512	3333	0	890839
28370	830945	29909	15092	5190	0	881136
28371	34017	12951	830088	2841	0	879897
28372	22312	8340	29374	784567	0	844593
28373	13273	5861	821798	26232	0	867164
28374	10608	5290	822790	10126	0	848814
28375	10156	4675	821918	5730	0	842479
28376	10565	5074	818481	4101	0	838221
28377	9324	781471	42407	3832	0	837034
28378	10377	25921	784858	4253	0	825409
28379	9234	772013	33676	4207	0	819130
28380	8420	28668	762245	3180	0	802513
28381	743584	12389	35043	4723	0	795739
28382	33235	8776	17882	676086	0	735979
28383	16027	761221	14096	19363	0	810707
28384	752456	26785	12220	10976	0	802437
28385	762488	13549	11784	8713	0	796534
28386	701200	10353	12275	7814	0	731642
28387	755887	7454	13483	5958	0	782782
28388	39237	742651	13244	4709	0	799841
28389	707961	28176	12006	7717	0	755860
28390	753240	15603	11914	6724	0	787481
28391	39128	722972	12466	5630	0	780196
28392	22467	31843	667447	4563	0	726320
28393	21096	15751	29819	666395	0	733061
28394	16343	719467	18422	23249	0	777481
28395	14429	32186	721185	11840	0	779640
28396	16034	18295	726361	8193	0	768883
28397	16713	699060	40911	5999	0	762683
28398	16501	714639	23734	5449	0	760323
28399	16563	751145	17706	6961	0	792375
28400	17547	733996	14693	6072	0	772308
28401	746692	44875	14964	6834	0	813365
28402	767633	24832	13568	7218	0	813251
28403	49681	17404	765403	5893	0	838381
28404	29593	15846	781624	5382	0	832445
28405	25020	14137	44770	748697	0	832624
28406	23683	14932	24995	774929	0	838539
28407	23421	15244	18725	794530	0	851920
28408	778332	14240	18984	40386	0	851942
28409	42925	767453	18814	18583	0	847775
28410	28255	800358	18859	11239	0	858711
28411	23228	840391	19066	9452	0	892137
28412	813932	52286	18271	9956	0	894445
28413	843493	30049	18668	10100	0	902310
28414	60577	21058	18095	808020	0	907750
28415	849182	17306	22706	34707	0	923901
28416	865205	17591	22384	17061	0	922241
28417	65012	19317	20248	829466	0	934043
28418	850444	19505	19665	40992	0	930606
28419	57854	827040	24140	20895	0	929929
28420	39523	42574	25527	816516	0	924140
28421	35695	24875	822135	36868	0	919573
28422	30098	816323	53293	19650	0	919364
28423	30945	46933	835354	16484	0	929716
28424	32980	28035	55139	754752	0	870906
28425	29011	831116	37662	34278	0	932067
28426	32502	44731	33826	816907	0	927966
28427	30096	29063	30932	845029	0	935120
28428	32701	23111	828795	47998	0	932605
28429	29627	21108	870352	24734	0	945821
28430	28388	20324	62230	844979	0	955921
28431	28931	21917	41566	801572	0	893986
28432	25056	860586	35074	45633	0	966349
28433	817956	48452	30236	27594	0	924238
28434	51661	841433	30869	19913	0	943876
28435	33762	874571	26699	17391	0	952423
28436	25221	58069	826854	16723	0	926867
28437	19423	833372	51622	17272	0	921689
28438	24436	52543	36605	739051	0	852635
28439	22228	814602	28779	37482	0	903091
28440	22323	49353	23101	759151	0	853928
28441	17422	789456	23354	39959	0	870191
28442	770908	50122	20604	23518	0	865152
28443	45988	787846	21915	17104	0	872853
28444	28261	44657	15405	673592	0	761915
28445	23729	736420	13728	30724	0	804601
28446	725283	44979	13114	16889	0	800265
28447	728383	29631	8664	15420	0	782098
28448	49743	716020	10726	10677	0	787166
28449	702322	40480	8388	9723	0	760913
28450	45699	32016	9547	659163	0	746425
28451	25123	21362	666210	31836	0	744531
28452	22373	19575	665248	17792	0	724988
28453	18746	679302	35058	15395	0	748501
28454	516487	20969	14255	9348	0	561059
28455	512750	10531	5940	7761	0	536982
28456	22786	8150	503431	6823	0	541190
28457	11269	7596	487890	6760	0	513515
28458	474034	7246	18131	7644	0	507055
28459	501469	7329	8881	7113	0	524792
28460	20951	7780	483756	5905	0	518392
28461	449795	7372	15669	6551	0	479387
28462	18343	461086	8815	5292	0	493536
28463	9142	489789	6739	5719	0	511389
28464	8901	20682	6386	469909	0	505878
28465	6956	11743	5610	484705	0	509014
28466	484575	8798	6159	20438	0	519970
28467	483825	7730	6001	11314	0	508870
28468	487332	7448	5787	8765	0	509332
28469	21364	7422	5440	478456	0	512682
28470	11849	7361	4871	482397	0	506478
28471	8618	452248	4948	19877	0	485691
28472	8671	463990	4548	10723	0	487932
28473	8437	488771	4383	7973	0	509564
28474	8906	21972	4870	458301	0	494049
28475	8095	478996	4485	15338	0	506914
28476	8426	20492	457068	8681	0	494667
28477	422456	12468	13342	9109	0	457375
28478	17425	11092	464312	7127	0	499956
28479	10152	9862	457071	6792	0	483877
28480	441150	9140	16627	7256	0	474173
28481	18376	468207	8123	6219	0	500925
28482	473728	18424	5889	6654	0	504695
28483	476334	11140	4883	7575	0	499932
28484	21740	9634	445624	6470	0	483468
28485	13092	8957	466161	5547	0	493757
28486	11138	482457	17227	5213	0	516035
28487	10338	19329	488863	5486	0	524016
28488	10965	11100	16911	486866	0	525842
28489	12915	10097	9824	387007	0	419843
28490	8487	482356	8677	18305	0	517825
28491	9313	511615	8009	8995	0	537932
28492	506069	22351	6684	7809	0	542913
28493	527130	13322	6688	7059	0	554199
28494	24464	10077	6591	520162	0	561294
28495	14851	8800	6714	536482	0	566847
28496	523109	7825	7220	20633	0	558787
28497	527800	7864	6793	11162	0	553619
28498	23451	530399	6696	8339	0	568885
28499	509946	16752	5895	6468	0	539061
28500	21675	484133	5185	5492	0	516485
28501	11925	509729	5257	5271	0	532182
28502	506642	18924	5225	6849	0	537640
28503	505559	10971	4359	6741	0	527630
28504	22197	9106	3728	492813	0	527844
28505	496990	7184	3641	15069	0	522884
28506	22098	6838	483051	6582	0	518569
28507	13659	489505	11820	6315	0	521299
28508	485533	14087	5573	8196	0	513389
28509	18222	7098	490722	7074	0	523116
28510	10680	9055	11483	448620	0	479838
28511	9090	454963	5727	9796	0	479576
28512	8850	469746	4223	4680	0	487499
28513	468200	13003	4180	5238	0	490621
28514	14538	7059	454524	3677	0	479798
28515	432962	4671	9498	3126	0	450257
28516	14353	3467	5163	443941	0	466924
28517	8825	3354	442314	7697	0	462190
28518	419316	3374	9035	5846	0	437571
28519	12140	451936	5143	3613	0	472832
28520	6494	478298	4696	2901	0	492389
28521	483298	10893	4103	3922	0	502216
28522	482409	5772	2531	4567	0	495279
28523	493863	4080	2290	5021	0	505254
28524	14157	3149	2298	483414	0	503018
28525	9665	3087	2339	487796	0	502887
28526	7425	3140	479673	8647	0	498885
28527	6485	2729	451178	5480	0	465872
28528	5471	471061	8184	5091	0	489807
28529	4476	7087	3560	455730	0	470853
28530	452869	2865	2049	6786	0	464569
28531	6458	450831	1375	3298	0	461962
28532	3914	6131	1181	455278	0	466504
28533	452007	2957	1340	7220	0	463524
28534	6475	444105	1352	3594	0	455526
28535	3991	463568	1248	2513	0	471320
28536	4232	6170	446696	1931	0	459029
28537	429657	3107	5076	3117	0	440957
28538	454708	2273	2302	2977	0	462260
28539	6790	2154	446638	2391	0	457973
28540	408479	1512	4404	2643	0	417038
28541	5899	1860	446668	1270	0	455697
28542	2857	438958	4183	1077	0	447075
28543	3362	4702	2491	435784	0	446339
28544	434207	1936	1632	4758	0	442533
28545	4506	427459	1205	1628	0	434798
28546	2418	431464	1164	1298	0	436344
28547	418940	3627	935	2133	0	425635
28548	4176	1912	443137	760	0	449985
28549	416836	1517	2675	2700	0	423728
28550	3449	451457	1469	876	0	457251
28551	2241	2897	432785	581	0	438504
28552	419169	1353	2626	1781	0	424929
28553	441739	1174	1117	1538	0	445568
28554	4191	893	791	439012	0	444887
28555	2528	754	742	444318	0	448342
28556	1472	439210	726	2851	0	444259
28557	1551	3277	436335	1598	0	442761
28558	2501	1298	2809	433783	0	440391
28559	1471	1322	463374	3858	0	470025
28560	1573	1250	452507	1435	0	456765
28561	2258	877	5139	486852	0	495126
28562	1434	867	500261	5874	0	508436
28563	1717	957	480197	2226	0	485097
28564	2683	875	7785	474128	0	485471
28565	1255	931	494771	6535	0	503492
28566	444211	714	7626	4265	0	456816
28567	6294	476996	3320	2500	0	489110
28568	2789	5914	495168	1540	0	505411
28569	2365	2457	521569	1269	0	527660
28570	3440	1661	8508	492053	0	505662
28571	547986	1118	4174	8098	0	561376
28572	550068	769	2886	4198	0	557921
28573	548109	899	2203	3578	0	554789
28574	552664	838	2235	2678	0	558415
28575	10181	816	1997	538445	0	551439
28576	4456	1084	540137	6738	0	552415
28577	530941	742	7432	4532	0	543647
28578	545541	731	3161	4157	0	553590
28579	551798	754	2582	3529	0	558663
28580	10284	934	532960	1286	0	545464
28581	512220	950	6652	2605	0	522427
28582	9412	822	3722	551568	0	565524
28583	4384	554890	3420	6630	0	569324
28584	4825	6794	2281	541203	0	555103
28585	3208	551230	2243	7178	0	563859
28586	551446	7274	2322	4975	0	566017
28587	9526	2702	558390	2920	0	573538
28588	5233	2116	9329	536807	0	553485
28589	3005	544280	4610	7957	0	559852
28590	2425	567081	3688	4112	0	577306
28591	564767	9620	3537	4223	0	582147
28592	560717	4106	2666	3499	0	570988
28593	11747	3254	534456	1920	0	551377
28594	535090	1898	10082	2970	0	550040
28595	12945	1490	4745	543594	0	562774
28596	5999	1786	560788	9721	0	578294
28597	5834	1883	543723	4068	0	555508
28598	6835	1406	11254	567026	0	586521
28599	612448	1361	5535	12871	0	632215
28600	15280	1147	4002	609917	0	630346
28601	8676	937	3791	610963	0	624367
28602	6534	1003	3591	611715	0	622843
28603	5107	611868	3278	16202	0	636455
28604	6155	10914	2987	626204	0	646260
28605	608518	4472	3148	16922	0	633060
28606	14376	613008	3298	7994	0	638676
28607	8547	12247	3088	626490	0	650372
28608	620188	5405	2677	17642	0	645912
28609	14816	602308	2790	8414	0	628328
28610	7059	622205	3348	5913	0	638525
28611	7306	16937	3146	621407	0	648796
28612	606676	7582	2798	17870	0	634926
28613	16698	4773	601747	8942	0	632160
28614	9048	3914	575193	6729	0	594884
28615	593764	3732	17848	7419	0	622763
28616	633619	3626	8146	6792	0	652183
28617	21948	643449	5573	4563	0	675533
28618	13614	15774	4257	625025	0	658670
28619	8930	7213	633987	16612	0	666742
28620	7360	5022	605853	8608	0	626843
28621	6357	3991	667306	6896	0	684550
28622	5790	648047	25759	5583	0	685179
28623	5391	675658	12201	5139	0	698389
28624	665130	22552	6890	7495	0	702067
28625	21128	10122	670271	5911	0	707432
28626	650534	6129	20548	7148	0	684359
28627	677794	4497	10847	7582	0	700720
28628	27551	4848	677589	5112	0	715100
28629	14223	691467	20988	5053	0	731731
28630	14440	20424	9711	657265	0	701840
28631	9259	10417	709074	20516	0	749266
28632	8159	7758	655253	10615	0	681785
28633	657771	5330	25458	9754	0	698313
28634	22760	698817	13786	6100	0	741463
28635	13630	22261	9328	674336	0	719555
28636	10406	11862	6774	676939	0	705981
28637	7587	672692	7027	25855	0	713161
28638	8025	687349	7526	12414	0	715314
28639	7819	704999	7968	8692	0	729478
28640	9960	28721	6316	715436	0	760433
28641	733212	14000	5158	26204	0	778574
28642	28165	10020	5570	743252	0	787007
28643	12727	9478	732531	30248	0	784984
28644	9502	7802	725181	15340	0	757825
28645	9648	7108	32342	743221	0	792319
28646	7725	7289	749051	27297	0	791362
28647	8343	742469	29348	14655	0	794815
28648	9792	26634	14099	767103	0	817628
28649	800415	13055	10476	33206	0	857152
28650	802936	8885	9143	18139	0	839103
28651	37369	811866	8599	12036	0	869870
28652	815030	32822	7772	12138	0	867762
28653	843871	16028	7040	11707	0	878646
28654	850042	10540	6979	12309	0	879870
28655	46063	10072	697529	9954	0	763618
28656	781027	7722	24277	11268	0	824294
28657	39123	791883	13883	8842	0	853731
28658	20743	30105	791824	7097	0	849769
28659	15986	13925	782605	8010	0	820526
28660	13021	765620	36887	8609	0	824137
28661	761870	30748	18090	8435	0	819143
28662	35400	14498	10650	727586	0	788134
28663	18086	736023	8610	26882	0	789601
28664	753874	29941	8006	15215	0	807036
28665	35807	15783	7738	753335	0	812663
28666	769039	10684	7455	33126	0	820304
28667	39755	8665	7181	770709	0	826310
28668	21591	8452	748873	33664	0	812580
28669	15068	9071	728970	17373	0	770482
28670	13420	9265	744445	12093	0	779223
28671	14879	9297	40165	702225	0	766566
28672	13710	8979	20301	749724	0	792714
28673	11949	9396	733663	39235	0	794243
28674	12461	724985	34108	20151	0	791705
28675	745857	30932	18425	14535	0	809749
28676	758689	15960	14323	12841	0	801813
28677	43931	761534	13057	10613	0	829135
28678	27217	34508	11098	771934	0	844757
28679	18485	17394	789991	35722	0	861592
28680	765852	12149	36880	20776	0	835657
28681	41364	10598	794562	14604	0	861128
28682	23849	9370	721074	10407	0	764700
28683	17662	9814	780083	8710	0	816269
28684	738949	9366	49173	10864	0	808352
28685	40856	9588	767674	10382	0	828500
28686	23673	711852	41614	10289	0	787428
28687	18277	766251	25049	8744	0	818321
28688	19295	39755	18697	719801	0	797548
28689	18740	19895	15300	747989	0	801924
28690	16267	13411	737266	39253	0	806197
28691	703578	11829	37316	21720	0	774443
28692	763069	11273	22181	15206	0	811729
28693	47698	10386	18312	745080	0	821476
28694	750912	8604	16839	35357	0	811712
28695	41372	736364	16457	19202	0	813395
28696	732971	32601	14518	15958	0	796048
28697	41769	697335	14518	14162	0	767784
28698	23675	720365	12292	12173	0	768505
28699	689123	36908	12170	12264	0	750465
28700	685106	19399	11359	12229	0	728093
28701	714791	13858	11253	11412	0	751314
28702	725650	11400	11726	12216	0	760992
28703	48007	10510	656677	10972	0	726166
28704	663951	9158	32409	10580	0	716098
28705	44217	9217	18860	644702	0	716996
28706	26129	658422	14378	28224	0	727153
28707	668879	28242	12211	16402	0	725734
28708	39724	664532	11337	11833	0	727426
28709	677530	32118	10652	10377	0	730677
28710	41692	17220	10384	659657	0	728953
28711	26324	13883	10026	681498	0	731731
28712	21171	12561	619213	35967	0	688912
28713	20915	11109	645050	18662	0	695736
28714	20186	659923	33839	14307	0	728255
28715	648673	28420	18445	12443	0	707981
28716	39241	630816	13484	10080	0	693621
28717	24535	613883	11953	9868	0	660239
28718	21632	657211	10837	9170	0	698850
28719	20096	35964	616882	8484	0	681426
28720	18289	635613	27223	8000	0	689125
28721	579665	31501	14656	8514	0	634336
28722	588235	17279	10979	7695	0	624188
28723	38690	13704	8910	558677	0	619981
28724	23111	549021	8922	24563	0	605617
28725	18081	579060	9230	14023	0	620394
28726	18512	30930	9178	565246	0	623866
28727	17110	18013	564796	24042	0	623961
28728	16982	554281	23939	12860	0	608062
28729	18339	30061	11424	542186	0	602010
28730	529588	18026	8303	26081	0	581998
28731	537018	14638	8148	14982	0	574786
28732	32376	540640	8618	10771	0	592405
28733	549048	26977	9001	9954	0	594980
28734	558298	15534	8850	8988	0	591670
28735	37880	12475	8638	530493	0	589486
28736	22987	11460	521885	23210	0	579542
28737	17288	528723	22995	13871	0	582877
28738	16069	29092	13097	525681	0	583939
28739	14391	17769	522615	22093	0	576868
28740	13583	513394	21369	13051	0	561397
28741	489991	24149	12398	11000	0	537538
28742	500705	14528	9311	9674	0	534218
28743	30188	11508	7818	486095	0	535609
28744	19092	491181	8042	19766	0	538081
28745	16031	21149	487203	11467	0	535850
28746	15462	15505	19557	481807	0	532331
28747	13063	12922	493424	19730	0	539139
28748	10421	461402	17179	11307	0	500309
28749	12853	17213	10159	416710	0	456935
28750	411969	9649	6817	14481	0	442916
28751	14452	408339	5049	8856	0	436696
28752	403723	13849	4254	7816	0	429642
28753	399875	9168	3955	6601	0	419599
28754	19706	404853	3623	5799	0	433981
28755	14538	13790	3643	404818	0	436789
28756	12045	10103	3312	405472	0	430932
28757	9220	386323	3473	15288	0	414304
28758	8074	404168	3831	9748	0	425821
28759	7841	16081	3597	386242	0	413761
28760	7659	400987	3583	11097	0	423326
28761	403394	14151	3382	7261	0	428188
28762	400434	9019	3055	6177	0	418685
28763	17801	7901	386097	5105	0	416904
28764	12033	6265	366834	4764	0	389896
28765	378089	5912	11080	5575	0	400656
28766	402807	5454	6580	5265	0	420106
28767	14381	408665	5084	4423	0	432553
28768	410082	12583	4209	5401	0	432275
28769	408635	8266	3125	5280	0	425306
28770	15651	398894	2670	4954	0	422169
28771	414811	12866	2222	5576	0	435475
28772	15652	8865	2445	462351	0	489313
28773	10450	7719	2633	487028	0	507830
28774	7813	6379	505661	19204	0	539057
28775	6370	474826	14617	8609	0	504422
28776	5228	516195	5255	5855	0	532533
28777	485354	22336	6155	7928	0	521773
28778	488512	6172	2382	4686	0	501752
28779	465286	3826	1599	5341	0	476052
28780	497347	2830	1866	4159	0	506202
28781	18092	3181	448412	2647	0	472332
28782	6791	3660	482932	2248	0	495631
28783	4902	489788	14312	2405	0	511407
28784	6584	14836	4770	485441	0	511631
28785	6828	5846	3087	484912	0	500673
28786	5810	500477	2214	13276	0	521777
28787	7061	14909	2101	496907	0	520978
28788	496383	5286	2573	15292	0	519534
28789	16562	493754	2898	5064	0	518278
28790	7631	15300	497233	3717	0	523881
28791	5597	510707	13394	4311	0	534009
28792	510179	16046	4804	4855	0	535884
28793	15489	7604	502288	4827	0	530208
28794	493485	5138	14290	5052	0	517965
28795	519886	4751	4802	4645	0	534084
28796	18422	4729	504023	3616	0	530790
28797	7518	4674	493659	2865	0	508716
28798	6091	4666	485945	2710	0	499412
28799	465014	3951	17562	3038	0	489565
28800	16587	3684	498868	1987	0	521126
28801	8153	491254	15427	2248	0	517082
28802	494468	13627	6815	2569	0	517479
28803	16292	4857	494591	1401	0	517141
28804	454020	3297	16837	2539	0	476693
28805	17328	2936	489911	1144	0	511319
28806	8883	2537	505197	1157	0	517774
28807	6507	506041	18635	1388	0	532571
28808	6067	13842	513142	1254	0	534305
28809	6089	5056	502630	1204	0	514979
28810	6024	407705	19393	1884	0	435006
28811	489570	13655	9249	2008	0	514482
28812	15813	5637	500665	1041	0	523156
28813	8644	4362	17078	453274	0	483358
28814	5232	496186	8758	10321	0	520497
28815	505577	13986	7430	5096	0	532089
28816	499866	6181	7318	4385	0	517750
28817	17696	5462	495781	2762	0	521701
28818	8459	466970	17174	2012	0	494615
28819	5929	499287	9591	2057	0	516864
28820	6627	18377	6856	477762	0	509622
28821	6662	422046	6070	12319	0	447097
28822	10365	17497	5192	412351	0	445405
28823	8847	7726	5312	494406	0	516291
28824	7350	493856	6045	16000	0	523251
28825	7625	17515	5802	485746	0	516688
28826	6392	489194	5606	15049	0	516241
28827	6279	18609	474232	7706	0	506826
28828	6597	9979	16167	476287	0	509030
28829	6109	8354	7420	483918	0	505801
28830	5247	470747	6006	18545	0	500545
28831	5601	500448	5040	9392	0	520481
28832	6386	21408	4510	472292	0	504596
28833	5297	487437	5630	16625	0	514989
28834	476597	20242	5543	9747	0	512129
28835	17877	10069	5713	479246	0	512905
28836	8049	482900	6444	17704	0	515097
28837	475812	19492	5646	9124	0	510074
28838	17504	473482	6479	7041	0	504506
28839	8728	20177	462230	7266	0	498401
28840	8123	11005	17733	462442	0	499303
28841	468568	8998	9658	18308	0	505532
28842	18822	8364	471149	8719	0	507054
28843	10446	8898	18178	449148	0	486670
28844	9507	458806	8947	15326	0	492586
28845	9343	19665	448053	6664	0	483725
28846	8365	464807	19249	5664	0	498085
28847	419495	18819	10794	6078	0	455186
28848	461573	9353	10524	4929	0	486379
28849	21283	452675	9825	4618	0	488401
28850	455834	18773	9719	5342	0	489668
28851	19321	10379	446337	4869	0	480906
28852	10284	8549	21267	437278	0	477378
28853	8918	8528	11991	441695	0	471132
28854	9870	187001	9631	280624	0	487126
28855	469096	13113	9574	14669	0	506452
28856	478935	9604	8168	8070	0	504777
28857	21148	9217	470381	4628	0	505374
28858	472521	7643	19211	5556	0	504931
28859	494372	7240	10104	5807	0	517523
28860	498130	6765	9331	5899	0	520125
28861	24510	7384	7440	472536	0	511870
28862	13175	7521	7606	479007	0	507309
28863	10043	480627	7489	17961	0	516120
28864	467419	17657	7600	9517	0	502193
28865	477261	8379	6488	8637	0	500765
28866	22579	467532	6191	6520	0	502822
28867	12260	17849	5327	458697	0	494133
28868	9203	465417	4595	17028	0	496243
28869	8065	509479	4620	8087	0	530251
28870	491054	22111	5349	8449	0	526963
28871	22761	9999	476745	6924	0	516429
28872	7520	5439	416678	3593	0	433230
28873	5228	416367	11514	3558	0	436667
28874	374267	9299	4945	3034	0	391545
28875	9223	3963	375201	1964	0	390351
28876	3978	337575	7925	2177	0	351655
28877	345556	7035	2236	1906	0	356733
28878	7190	2658	338978	867	0	349693
28879	3281	1932	6579	330844	0	342636
28880	352690	1491	2124	7697	0	364002
28881	8192	1647	349627	2416	0	361882
28882	3110	1812	358337	1675	0	364934
28883	2393	1947	368184	1194	0	373718
28884	2135	1670	369879	840	0	374524
28885	351009	1232	10665	1735	0	364641
28886	390476	1012	4121	1607	0	397216
28887	9393	388728	2382	917	0	401420
28888	4427	8781	1527	398659	0	413394
28889	3024	2654	1664	414548	0	421890
28890	1641	401088	1588	10615	0	414932
28891	2631	10591	1243	407008	0	421473
28892	1624	421033	1703	11033	0	435393
28893	1341	440614	1551	4619	0	448125
28894	2495	14259	1265	430875	0	448894
28895	1567	6203	430703	11849	0	450322
28896	1104	431962	12066	4684	0	449816
28897	1947	12641	4993	435685	0	455266
28898	436496	5384	3573	13217	0	458670
28899	12434	3945	431771	5139	0	453289
28900	420051	2964	12287	4462	0	439764
28901	442809	3098	4670	3730	0	454307
28902	17264	2389	3246	444005	0	466904
28903	7390	2483	456897	15082	0	481852
28904	4945	2661	453741	6324	0	467671
28905	3651	479460	18479	4351	0	505941
28906	4219	16329	8243	463087	0	491878
28907	2583	7019	471822	16020	0	497444
28908	2472	4703	463287	6973	0	477435
28909	2083	477295	21370	5198	0	505946
28910	477101	17199	10089	4564	0	508953
28911	493907	7100	6753	4398	0	512158
28912	22721	4935	5432	499609	0	532697
28913	10768	3559	513804	18176	0	546307
28914	7707	3266	508865	7838	0	527676
28915	5778	526230	24674	6332	0	563014
28916	4624	18375	536654	4357	0	564010
28917	3614	8313	540292	4062	0	556281
28918	4969	6645	29061	496460	0	537135
28919	2921	5010	543681	19959	0	571571
28920	510833	4195	26414	9982	0	551424
28921	19655	3459	14206	542330	0	579650
28922	8628	3745	558668	20765	0	591806
28923	6330	553522	23938	10191	0	593981
28924	6328	19629	12715	558880	0	597552
28925	5319	8944	572224	21607	0	608094
28926	4079	582624	25763	11549	0	624015
28927	5198	22820	14580	559615	0	602213
28928	3569	598177	11951	21221	0	634918
28929	4813	25986	9775	598076	0	638650
28930	5204	12214	9311	609345	0	636074
28931	3419	8641	594672	31608	0	638340
28932	3543	594638	26383	16817	0	641381
28933	4730	23985	14104	598246	0	641065
28934	4791	11242	11139	611753	0	638925
28935	4505	8482	9192	625286	0	647465
28936	3181	6880	596936	35848	0	642845
28937	2694	590767	26804	19296	0	639561
28938	3662	24975	14033	599081	0	641751
28939	3147	12189	595979	29783	0	641098
28940	2617	593816	27937	16588	0	640958
28941	3543	26886	14774	596796	0	641999
28942	2912	14476	600347	29241	0	646976
28943	2742	600077	27580	17534	0	647933
28944	3622	26510	15365	593508	0	639005
28945	3580	14044	12025	625338	0	654987
28946	2802	10884	612850	36389	0	662925
28947	556296	8625	27596	23681	0	616198
28948	20342	611303	15399	16848	0	663892
28949	613058	26207	12049	15879	0	667193
28950	24627	14011	616909	13099	0	668646
28951	609687	11261	29746	12508	0	663202
28952	27294	9921	15791	617068	0	670074
28953	12672	9026	12460	648132	0	682290
28954	8403	8806	626789	35924	0	679922
28955	569893	8712	28840	22753	0	630198
28956	595687	7703	16005	18582	0	637977
28957	28445	578970	13223	14959	0	635597
28958	13690	619092	11304	13558	0	657644
28959	608297	31158	10707	13915	0	664077
28960	27398	17232	603508	12000	0	660138
28961	14535	621460	28021	11539	0	675555
28962	12047	28268	15992	626462	0	682769
28963	10153	15372	12561	652905	0	690991
28964	8795	10965	634800	35210	0	689770
28965	598566	8927	29920	22074	0	659487
28966	27085	9047	640432	16084	0	692648
28967	619103	7291	30381	15890	0	672665
28968	28964	7041	645675	11886	0	693566
28969	15055	633019	30024	9993	0	688091
28970	640800	24061	18110	11395	0	694366
28971	649003	13739	13622	11315	0	687679
28972	637190	10086	11515	10721	0	669512
28973	650778	8890	10789	9389	0	679846
28974	36735	8517	9463	629075	0	683790
28975	20560	7965	624965	25951	0	679441
28976	15883	7604	25681	603018	0	652186
28977	12247	618409	15641	26891	0	673188
28978	11848	22165	12482	633449	0	679944
28979	9769	12308	627617	29217	0	678911
28980	8999	9121	623120	16348	0	657588
28981	10197	8465	30783	608130	0	657575
28982	597480	6869	18948	27332	0	650629
28983	579274	6834	13751	16794	0	616653
28984	598869	6972	10969	13163	0	629973
28985	35103	6374	588999	10596	0	641072
28986	21022	5650	577739	9897	0	614308
28987	15722	563926	28763	8950	0	617361
28988	12418	589237	15897	9140	0	626692
28989	559086	22916	13909	10157	0	606068
28990	566198	11852	9563	10009	0	597622
28991	26363	579663	8602	8268	0	622896
28992	565797	17688	7621	8896	0	600002
28993	569481	9657	7353	8964	0	595455
28994	25402	567527	8042	7344	0	608315
28995	581212	17872	7267	8706	0	615057
28996	578098	10344	6483	8282	0	603207
28997	27116	580122	6835	6552	0	620625
28998	587000	17556	6761	7442	0	618759
28999	588833	9848	7343	7421	0	613445
29000	27515	7743	576122	5986	0	617366
29001	17140	6437	562148	5712	0	591437
29002	12232	554524	19089	5361	0	591206
29003	10441	572323	10078	4972	0	597814
29004	561362	17196	10864	6364	0	595786
29005	540098	8477	6726	5236	0	560537
29006	532307	6021	6026	4347	0	548701
29007	21123	537902	5569	3201	0	567795
29008	13488	12948	4269	538056	0	568761
29009	11005	8110	544815	10436	0	574366
29010	12134	8655	11594	513526	0	545909
29011	10100	543752	7250	10671	0	571773
29012	527296	10252	4155	5530	0	547233
29013	14035	518736	3378	3220	0	539369
29014	9512	10710	3185	512259	0	535666
29015	543050	5487	3220	10931	0	562688
29016	541467	4309	2944	6235	0	554955
29017	16941	4793	521583	2820	0	546137
29018	535690	3990	9502	4388	0	553570
29019	574903	3189	5065	4098	0	587255
29020	584016	3383	4230	3859	0	595488
29021	19361	3867	3701	551045	0	577974
29022	10686	557151	3286	10616	0	581739
29023	9581	11950	3031	571295	0	595857
29024	8264	6213	576188	11916	0	602581
29025	7497	580993	11853	5799	0	606142
29026	7159	11092	4600	564194	0	587045
29027	5684	5744	567788	9778	0	588994
29028	5264	564703	10466	5088	0	585521
29029	7678	10906	4970	533390	0	556944
29030	5897	6066	556840	9776	0	578579
29031	491879	4463	10964	7894	0	515200
29032	13861	4060	569794	3306	0	591021
29033	8862	4194	560652	2689	0	576397
29034	7330	571301	12786	2973	0	594390
29035	7983	11495	5961	569513	0	594952
29036	7771	6633	4048	549356	0	567808
29037	6656	546539	3799	12199	0	569193
29038	8149	11458	3822	580939	0	604368
29039	591327	6208	3494	13738	0	614767
29040	590556	4548	3462	8240	0	606806
29041	16834	4683	523877	5340	0	550734
29042	569624	4667	9586	5895	0	589772
29043	589150	4278	5031	6402	0	604861
29044	17144	4319	589127	3903	0	614493
29045	9772	584774	12557	3640	0	610743
29046	7079	597225	7068	3444	0	614816
29047	8617	15670	5387	525338	0	555012
29048	6141	584975	4349	9947	0	605412
29049	7254	14636	496755	5880	0	524525
29050	7434	7448	546270	4566	0	565718
29051	6810	579950	14393	3253	0	604406
29052	567504	13826	6883	5330	0	593543
29053	587865	7903	4614	5291	0	605673
29054	595696	6280	3556	5420	0	610952
29055	594941	5418	3451	5406	0	609216
29056	544674	5594	3341	6269	0	559878
29057	18263	576183	3363	3208	0	601017
29058	10989	13657	570784	2623	0	598053
29059	10532	7530	11788	564058	0	593908
29060	558440	5695	5385	13506	0	583026
29061	16763	553618	3944	5914	0	580239
29062	11458	13864	3587	542445	0	571354
29063	8349	7112	545890	10944	0	572295
29064	6625	521162	12793	5533	0	546113
29065	5265	545886	6143	3927	0	561221
29066	515100	16292	5438	6795	0	543625
29067	12185	515881	2803	2962	0	533831
29068	7880	11026	2049	494300	0	515255
29069	496693	4890	2403	10824	0	514810
29070	495585	3589	2267	5529	0	506970
29071	498121	3522	2188	4248	0	508079
29072	13834	3404	483013	2037	0	502288
29073	6497	490470	9168	2487	0	508622
29074	500284	10508	3536	3864	0	518192
29075	12552	5638	2256	495158	0	515604
29076	499930	3778	1988	12156	0	517852
29077	12397	495093	2644	4595	0	514729
29078	517236	10792	2218	4501	0	534747
29079	559100	5676	2164	4152	0	571092
29080	18622	4025	2195	548247	0	573089
29081	9634	4144	571770	12761	0	598309
29082	9189	3170	12634	580078	0	605071
29083	582031	2923	5688	16733	0	607375
29084	589016	3186	3711	8708	0	604621
29085	21130	576236	3849	4599	0	605814
29086	561018	13253	3375	5414	0	583060
29087	18305	565471	3140	4430	0	591346
29088	566601	14779	2783	5658	0	589821
29089	540928	7132	2598	7262	0	557920
29090	19855	6042	554234	4032	0	584163
29091	10128	553588	12717	4138	0	580571
29092	9498	15486	5837	554822	0	585643
29093	8643	7636	4195	565855	0	586329
29094	7268	6196	3662	542769	0	559895
29095	5749	549642	4441	18055	0	577887
29096	5687	15144	541636	9681	0	572148
29097	6206	7744	544407	5860	0	564217
29098	5305	655506	17540	5231	0	683582
29099	656068	19528	8087	6736	0	690419
29100	20318	9675	658552	4305	0	692850
29101	636631	7544	19567	6240	0	669982
29102	22864	654634	9795	3598	0	690891
29103	12481	19937	660704	3427	0	696549
29104	11480	10119	20516	646564	0	688679
29105	7137	9643	671267	19089	0	707136
29106	7961	6107	687059	9639	0	710766
29107	10781	4584	26126	612910	0	654401
29108	8587	644056	12908	17802	0	683353
29109	6698	685583	9003	7736	0	709020
29110	672790	23671	8413	6834	0	711708
29111	21464	12472	668217	5762	0	707915
29112	662345	9072	21207	5504	0	698128
29113	680986	6042	11904	5458	0	704390
29114	25598	682676	8533	4096	0	720903
29115	655086	19919	4368	3927	0	683300
29116	659318	11634	3597	3841	0	678390
29117	637044	6781	4446	4115	0	652386
29118	27736	611666	5015	3516	0	647933
29119	16132	559359	4493	2714	0	582698
29120	11268	605485	3755	2287	0	622795
29121	599577	23315	5434	3742	0	632068
29122	602208	11944	3657	3501	0	621310
29123	25245	8270	546781	2127	0	582423
29124	15758	5948	542548	1623	0	565877
29125	564476	5661	17200	2855	0	590192
29126	583747	4987	8829	3535	0	601098
29127	593872	4555	6517	3944	0	608888
29128	25761	3688	5193	569590	0	604232
29129	17492	2788	4103	580590	0	604973
29130	12993	3317	4689	590274	0	611273
29131	10555	4251	4180	595491	0	614477
29132	8637	5129	533660	21412	0	568838
29133	8814	4249	553921	11182	0	578166
29134	8596	4072	557365	7353	0	577386
29135	8499	3264	553425	5894	0	571082
29136	548760	3293	20603	6092	0	578748
29137	16952	555942	12198	4948	0	590040
29138	11395	580778	8432	4473	0	605078
29139	573814	17350	6618	4645	0	602427
29140	19382	10700	571621	3608	0	605311
29141	11572	8379	555497	4151	0	579599
29142	554249	6587	20533	6329	0	587698
29143	579529	4851	11827	6130	0	602337
29144	21506	579223	8563	4577	0	613869
29145	15753	15196	6544	578369	0	615862
29146	594829	7873	6843	13864	0	623409
29147	604418	7071	7219	7479	0	626187
29148	25685	5888	6131	584754	0	622458
29149	17389	610031	4819	13325	0	645564
29150	619301	15298	3833	9292	0	647724
29151	20401	10791	602293	7204	0	640689
29152	586484	7740	15404	8550	0	618178
29153	21567	603245	9689	6126	0	640627
29154	612943	15131	8375	6784	0	643233
29155	586681	9119	7469	7859	0	611128
29156	22101	8682	607817	4995	0	643595
29157	15750	6319	582551	4207	0	608827
29158	596143	5793	22470	4591	0	628997
29159	619201	5742	12706	4998	0	642647
29160	23113	628960	9392	2633	0	664098
29161	18227	16173	7200	633293	0	674893
29162	13797	8832	634301	13014	0	669944
29163	622989	7582	18644	7523	0	656738
29164	22128	6670	11990	636971	0	677759
29165	16899	5605	9000	650884	0	682388
29166	649533	5417	7301	19614	0	681865
29167	20027	663748	6876	11647	0	702298
29168	672538	15908	6134	11095	0	705675
29169	674580	8574	7625	7476	0	698255
29170	684967	7475	6298	7356	0	706096
29171	26978	671159	6098	6212	0	710447
29172	687197	16368	5528	6205	0	715298
29173	27915	9128	5535	672532	0	715110
29174	19357	9081	4796	671718	0	704952
29175	16387	7028	671722	19505	0	714642
29176	15329	5884	651370	10905	0	683488
29177	13853	659587	18993	8293	0	700726
29178	11189	673259	10757	6127	0	701332
29179	10798	16295	632822	3742	0	663657
29180	8691	634596	13937	4224	0	661448
29181	635313	16855	8052	5944	0	666164
29182	640699	7298	4887	3897	0	656781
29183	651253	5697	3925	3683	0	664558
29184	22592	5379	3217	614366	0	645554
29185	13773	4705	2994	635975	0	657447
29186	9259	3962	641472	16028	0	670721
29187	6870	635167	12087	9926	0	664050
29188	636853	12801	5889	8059	0	663602
29189	16003	642051	5172	3511	0	666737
29190	646739	14707	3913	4212	0	669571
29191	654138	6941	3011	4730	0	668820
29192	22577	5204	2830	626986	0	657597
29193	15355	3690	3346	630112	0	652503
29194	11329	4235	2331	653393	0	671288
29195	9132	3427	623351	19927	0	655837
29196	6561	601260	11236	12931	0	631988
29197	5942	611587	6491	9126	0	633146
29198	2819	506182	1680	2871	0	513552
29199	2506	504051	1537	2694	0	510788
29200	2219	510936	1586	2548	0	517289
29201	464809	8438	2516	3739	0	479502
29202	7247	4171	476079	1753	0	489250
29203	3507	480273	6052	1675	0	491507
29204	3294	6915	457689	1070	0	468968
29205	2517	479843	5617	1432	0	489409
29206	7548	9804	3525	316316	0	337193
29207	3473	3206	1507	449396	0	457582
29208	1935	467415	1725	6631	0	477706
29209	454456	6169	1715	4576	0	466916
29210	6510	3584	451526	1942	0	463562
29211	3173	457820	5577	1849	0	468419
29212	2658	7368	449496	1421	0	460943
29213	3283	3743	5668	443436	0	456130
29214	3919	2810	2599	412689	0	422017
29215	2629	445959	1772	6492	0	456852
29216	3150	6329	1570	452642	0	463691
29217	3075	3333	1482	450985	0	458875
29218	2036	449152	1819	7534	0	460541
29219	2006	6990	439502	3605	0	452103
29220	2275	3758	428082	2707	0	436822
29221	405440	2958	6946	3758	0	419102
29222	443478	2747	2788	3046	0	452059
29223	8269	2546	1898	434695	0	447408
29224	3958	2657	435400	6177	0	448192
29225	3632	2365	6075	417348	0	429420
29226	2332	440545	3255	6803	0	452935
29227	2433	6670	436168	3720	0	448991
29228	1956	431211	6326	3073	0	442566
29229	1932	7515	428996	2440	0	440883
29230	1563	436531	6393	2562	0	447049
29231	430608	7382	3124	3229	0	444343
29232	6743	4315	2223	427649	0	440930
29233	4196	3334	1996	423567	0	433093
29234	2801	3143	427383	7272	0	440599
29235	3257	2705	398353	3611	0	407926
29236	4003	423169	7080	3042	0	437294
29237	423789	6657	3314	4034	0	437794
29238	6858	3523	2489	420254	0	433124
29239	3051	3064	428605	6764	0	441484
29240	2459	3216	400556	3606	0	409837
29241	365737	2869	7779	4241	0	380626
29242	391847	2937	3636	3599	0	402019
29243	7662	2761	405782	2127	0	418332
29244	4411	3659	6207	383848	0	398125
29245	2690	395994	3458	6007	0	408149
29246	400121	6017	2494	5136	0	413768
29247	5981	400953	2366	3097	0	412397
29248	384685	5646	2006	3560	0	395897
29249	5366	382021	2036	2130	0	391553
29250	2529	390692	1674	2014	0	396909
29251	2802	6392	1643	388516	0	399353
29252	2446	3491	1479	388958	0	396374
29253	1665	391008	1773	6079	0	400525
29254	1947	6026	378651	2843	0	389467
29255	1943	3274	362686	1945	0	369848
29256	1909	2719	365364	1719	0	371711
29257	338573	2143	6747	3383	0	350846
29258	366167	1909	2869	3409	0	374354
29259	5748	383376	2170	1982	0	393276
29260	2793	6753	375321	1527	0	386394
29261	2584	3655	6357	369698	0	382294
29262	1544	2863	393363	6447	0	404217
29263	1511	2903	399797	2828	0	407039
29264	2798	2505	8947	428078	0	442328
29265	2712	2223	3997	460246	0	469178
29266	1279	2424	494689	13483	0	511875
29267	476863	2012	11117	10321	0	500313
29268	11452	525686	7574	5555	0	550267
29269	6889	563359	5679	3363	0	579290
29270	6542	18575	3811	543531	0	572459
29271	563912	10600	3248	14255	0	592015
29272	15845	577737	3130	8223	0	604935
29273	578215	18760	2227	7124	0	606326
29274	19068	590794	2110	4273	0	616245
29275	612542	22272	1724	6322	0	642860
29276	23115	13758	610721	4519	0	652113
29277	13831	9990	623249	3972	0	651042
29278	13979	9086	22962	600420	0	646447
29279	8034	7697	615213	17089	0	648033
29280	7993	567756	23140	9279	0	608168
29281	6690	574577	14027	6681	0	601975
29282	584205	24738	11391	5855	0	626189
29283	20529	14886	8753	558130	0	602298
29284	10469	591662	8006	18296	0	628433
29285	598184	22022	5911	12033	0	638150
29286	589408	15423	5589	7841	0	618261
29287	612950	11710	4129	5735	0	634524
29288	35573	9188	4117	584642	0	633520
29289	24055	7433	4120	601205	0	636813
29290	15337	7088	591686	27026	0	641137
29291	12523	6621	588105	15739	0	622988
29292	580272	4768	26658	13221	0	624919
29293	27398	5032	15968	579414	0	627812
29294	16266	5951	583587	24071	0	629875
29295	565613	6074	23505	17590	0	612782
29296	25633	597167	15912	11802	0	650514
29297	605883	19545	12571	10728	0	648727
29298	619042	12522	9141	10108	0	650813
29299	625615	8600	7833	9318	0	651366
29300	40485	6182	591189	8341	0	646197
29301	596217	6032	22336	7194	0	631779
29302	38445	5898	12863	562925	0	620131
29303	24767	540050	10669	21141	0	596627
29304	21131	598529	9617	12704	0	641981
29305	599831	24076	10217	10515	0	644639
29306	609026	13713	8629	8536	0	639904
29307	618364	9731	7752	9390	0	645237
29308	43074	8199	6832	583419	0	641524
29309	29887	8238	5901	597682	0	641708
29310	24751	9434	4732	578199	0	617116
29311	21024	585416	4917	31145	0	642502
29312	591631	21652	4936	19794	0	638013
29313	603571	13186	4482	15874	0	637113
29314	612236	10308	5518	14512	0	642574
29315	42586	8861	584482	13082	0	649011
29316	609082	9147	20080	12983	0	651292
29317	41544	10080	11296	563150	0	626070
29318	29022	593405	8187	21493	0	652107
29319	608660	23732	5847	14741	0	652980
29320	606125	13739	6496	12567	0	638927
29321	45929	10804	592067	9303	0	658103
29322	32539	7990	22438	575459	0	638426
29323	23869	599519	12683	26510	0	662581
29324	624552	24416	9869	18971	0	677808
29325	38097	16826	7530	615163	0	677616
29326	29884	12300	7890	611181	0	661255
29327	25788	9419	7285	634432	0	676924
29328	22185	9365	7390	657692	0	696632
29329	19688	8850	625308	43004	0	696850
29330	18940	626553	24891	27334	0	697718
29331	19392	26124	13416	639313	0	698245
29332	15875	17101	637045	37912	0	707933
29333	626203	13420	26213	27311	0	693147
29334	660655	10732	16017	22168	0	709572
29335	42602	10942	14181	650089	0	717814
29336	659754	10087	11865	36492	0	718198
29337	676961	10574	10196	24994	0	722725
29338	48802	9303	647742	19697	0	725544
29339	33801	645491	27567	17745	0	724604
29340	668031	25673	15663	19656	0	729023
29341	43454	14748	13480	662168	0	733850
29342	681280	11238	11737	36562	0	740817
29343	45587	9316	12980	665692	0	733575
29344	31018	11374	11314	683813	0	737519
29345	25601	10390	645460	43278	0	724729
29346	599440	9213	28176	31189	0	668018
29347	41806	651466	16126	23314	0	732712
29348	30976	26291	645276	21316	0	723859
29349	26039	655423	26876	20482	0	728820
29350	654643	30474	16683	18466	0	720266
29351	44219	17736	13179	645213	0	720347
29352	651270	13716	12508	33627	0	711121
29353	42410	639630	11307	22003	0	715350
29354	662254	30401	10044	19144	0	721843
29355	672541	16837	9563	18783	0	717724
29356	675570	13392	8279	18044	0	715285
29357	670781	9576	8089	18360	0	706806
29358	53515	639933	8019	17200	0	718667
29359	657718	26946	8787	13923	0	707374
29360	51468	17414	8148	628056	0	705086
29361	38801	16331	6732	623113	0	684977
29362	31800	568017	7831	33565	0	641213
29363	28075	574653	6537	21666	0	630931
29364	25662	576748	5348	15318	0	623076
29365	535298	28829	5810	14893	0	584830
29366	31911	493142	4046	11773	0	540872
29367	18381	451152	3469	7396	0	480398
29368	442048	19789	8853	8250	0	478940
29369	429720	9282	3412	6895	0	449309
29370	25560	424671	2948	6061	0	459240
29371	419315	15628	2579	6330	0	443852
29372	22890	9093	395473	5479	0	432935
29373	387989	7379	10854	6417	0	412639
29374	21485	6614	389009	6781	0	423889
29375	10975	345680	9228	5071	0	370954
29376	8265	353156	4142	4985	0	370548
29377	14776	14388	4880	329347	0	363391
29378	337974	4869	2678	9838	0	355359
29379	342647	3865	1714	5468	0	353694
29380	346269	4031	2003	5185	0	357488
29381	344957	3690	2358	4941	0	355946
29382	337657	3883	1910	4752	0	348202
29383	12380	3726	320573	3850	0	340529
29384	7051	4738	296469	3640	0	311898
29385	318306	4287	6718	4165	0	333476
29386	27593	309734	3476	3668	0	344471
29387	326095	6936	2313	3715	0	339059
29388	337235	3600	1828	3564	0	346227
29389	345823	3410	1510	4014	0	354757
29390	346291	3144	1655	3905	0	354995
29391	346040	3260	1856	4175	0	355331
29392	12799	3203	332429	3287	0	351718
29393	343021	3435	6377	4722	0	357555
29394	350884	3577	3107	4768	0	362336
29395	12052	4553	312772	4248	0	333625
29396	310019	4151	4585	5440	0	324195
29397	342590	4232	3113	4451	0	354386
29398	12741	4261	350967	3333	0	371302
29399	9296	4198	340975	2811	0	357280
29400	9052	356023	7712	2400	0	375187
29401	9901	8106	3374	357239	0	378620
29402	9250	4451	360978	6428	0	381107
29403	360213	3943	7002	4171	0	375329
29404	13711	3555	3600	384788	0	405654
29405	8877	3564	395246	7372	0	415059
29406	386536	3482	8031	4789	0	402838
29407	404529	3763	3859	3930	0	416081
29408	407328	3914	2695	3926	0	417863
29409	14714	412732	2264	3378	0	433088
29410	10866	8594	2100	402502	0	424062
29411	9081	414737	2434	7870	0	434122
29412	421797	9449	2769	4808	0	438823
29413	415405	4644	3321	4269	0	427639
29414	14600	4306	409825	2217	0	430948
29415	8512	389113	7497	1983	0	407105
29416	6649	398295	3643	1820	0	410407
29417	7301	9174	2778	390578	0	409831
29418	7511	4548	2024	397311	0	411394
29419	396748	3645	1823	8770	0	410986
29420	12798	389231	1648	3632	0	407309
29421	8964	392485	1268	2029	0	404746
29422	9438	8695	384696	1551	0	404380
29423	7572	399803	6026	1415	0	414816
29424	395016	7967	2663	2994	0	408640
29425	11687	4314	387984	1824	0	405809
29426	344378	2768	5918	2843	0	355907
29427	9565	2166	370499	1515	0	383745
29428	315957	1484	4952	2473	0	324866
29429	6253	360403	2093	1063	0	369812
29430	364611	5528	1512	1955	0	373606
29431	7189	2651	376985	753	0	387578
29432	372790	1910	5378	2863	0	382941
29433	381593	1356	2128	2232	0	387309
29434	7689	1766	394458	466	0	404379
29435	385324	1613	4803	2078	0	393818
29436	401353	1378	2385	1840	0	406956
29437	395558	1456	1606	1806	0	400426
29438	8326	389460	1219	625	0	399630
29439	396148	5160	1412	1998	0	404718
29440	7931	2439	397943	660	0	408973
29441	3999	426951	5058	694	0	436702
29442	434944	6281	2399	1928	0	445552
29443	431347	2589	1537	1952	0	437425
29444	438551	1615	1124	1925	0	443215
29445	9940	435985	1473	701	0	448099
29446	5899	7047	1068	492786	0	506800
29447	3631	2843	495260	9072	0	510806
29448	4175	1906	10406	488317	0	504804
29449	3286	1752	508270	11509	0	524817
29450	471175	1265	11971	5457	0	489868
29451	13348	513408	4509	2090	0	533355
29452	7550	11743	2615	502487	0	524395
29453	4362	523601	2046	10217	0	540226
29454	4982	13295	1842	520862	0	540981
29455	4509	5588	1717	526362	0	538176
29456	3490	539079	1905	15604	0	560078
29457	5116	14259	1413	545113	0	565901
29458	4967	6033	1463	565121	0	577584
29459	3072	559584	1834	18805	0	583295
29460	2727	585339	1897	8895	0	598858
29461	4220	19256	2670	575705	0	601851
29462	3229	8098	571537	17972	0	600836
29463	3086	581200	16108	7636	0	608030
29464	5660	17992	5793	581205	0	610650
29465	3893	8958	597748	18604	0	629203
29466	2786	608159	17175	9265	0	637385
29467	599085	20610	6272	8341	0	634308
29468	18454	9142	600368	5881	0	633845
29469	587989	6375	18344	7278	0	619986
29470	21524	6292	6978	596593	0	631387
29471	9819	5219	4777	611099	0	630914
29472	7320	5017	3650	617671	0	633658
29473	4569	6229	596310	26589	0	633697
29474	4401	6313	579941	12102	0	602757
29475	556132	5342	22310	11134	0	594918
29476	20390	4546	10257	596650	0	631843
29477	7979	5625	603068	21930	0	638602
29478	584702	5202	19739	12908	0	622551
29479	21544	4708	9603	604495	0	640350
29480	10997	5635	6764	613399	0	636795
29481	9602	4828	5552	609976	0	629958
29482	6462	607852	6216	26921	0	647451
29483	7942	19540	4615	589812	0	621909
29484	5545	586602	4512	24668	0	621327
29485	4587	622998	4467	14228	0	646280
29486	607198	23898	4636	12682	0	648414
29487	539539	11097	6543	12034	0	569213
29488	608656	7172	6066	9628	0	631522
29489	25965	594885	5103	8139	0	634092
29490	594631	20445	4554	9955	0	629585
29491	606851	9475	5422	8942	0	630690
29492	28953	6606	5101	586644	0	627304
29493	14571	5751	4555	599941	0	624818
29494	9502	5668	575899	29211	0	620280
29495	7227	589057	19002	16404	0	631690
29496	573152	21070	8457	12657	0	615336
29497	584459	10015	6120	11378	0	611972
29498	23835	582665	5242	9333	0	621075
29499	582363	22301	4647	9922	0	619233
29500	587152	10272	3958	9913	0	611295
29501	28955	8126	4214	569219	0	610514
29502	15542	549867	4212	21897	0	591518
29503	11262	587196	3871	11675	0	614004
29504	572205	23249	3760	11522	0	610736
29505	25439	11712	3467	563577	0	604195
29506	11668	8737	551478	24235	0	596118
29507	521335	7084	17534	16284	0	562237
29508	21853	7330	564805	11318	0	605306
29509	11551	557120	19157	8940	0	596768
29510	556550	19881	8520	11013	0	595964
29511	23351	10372	553263	14146	0	601132
29512	13332	10121	18464	568695	0	610612
29513	10708	8392	586187	22679	0	627966
29514	9560	594041	19706	13223	0	636530
29515	9984	21374	9256	599392	0	640006
29516	8218	13009	591569	23491	0	636287
29517	529958	10162	18601	16208	0	574929
29518	21267	604436	8845	11568	0	646116
29519	12646	20349	6881	581921	0	621797
29520	8963	611793	7429	21385	0	649570
29521	603115	22785	6094	13148	0	645142
29522	601245	12615	6015	12845	0	632720
29523	23438	603766	6122	11324	0	644650
29524	14738	21260	6220	587195	0	629413
29525	9838	610319	6918	20560	0	647635
29526	607599	21527	6510	14359	0	649995
29527	604357	12221	7770	10955	0	635303
29528	25316	11697	594829	9078	0	640920
29529	14234	587697	17247	10109	0	629287
29530	11103	620999	10916	8663	0	651681
29531	11477	22595	7268	606205	0	647545
29532	600820	12404	6484	21850	0	641558
29533	602198	9072	6480	13538	0	631288
29534	586882	8374	5383	11282	0	611921
29535	27649	595305	6126	9798	0	638878
29536	16710	18587	5642	588454	0	629393
29537	13168	602198	5166	19717	0	640249
29538	603188	20521	5641	13512	0	642862
29539	24432	11213	5077	599023	0	639745
29540	15262	7692	572669	20022	0	615645
29541	11198	567359	15495	11445	0	605497
29542	558778	16947	8159	9761	0	593645
29543	19492	10001	556403	7297	0	593193
29544	533266	9129	14170	9417	0	565982
29545	20207	547248	6310	8855	0	582620
29546	8371	506712	3335	4373	0	522791
29547	495182	12607	2952	4514	0	515255
29548	13264	506338	2338	3645	0	525585
29549	492893	11085	2136	4032	0	510146
29550	11236	495873	1749	2895	0	511753
29551	498956	10929	2134	3703	0	515722
29552	498205	5543	1830	3300	0	508878
29553	13213	4552	501346	2390	0	521501
29554	6658	3942	481714	1706	0	494020
29555	5058	496781	7614	1968	0	511421
29556	492550	7637	4427	3129	0	507743
29557	8735	3637	479026	1502	0	492900
29558	454430	2684	5383	2332	0	464829
29559	6946	2592	2633	460712	0	472883
29560	3378	2039	470225	3865	0	479507
29561	3110	1861	430001	1936	0	436908
29562	2868	1776	465103	1218	0	470965
29563	2101	476546	4632	1038	0	484317
29564	4777	7340	3777	463860	0	479754
29565	456996	935	895	3453	0	462279
29566	2539	626	538	461414	0	465117
29567	464593	407	565	3678	0	469243
29568	3095	393	539	466976	0	471003
29569	470570	454	421	4590	0	476035
29570	455064	753	640	4158	0	460615
29571	510617	429	408	2918	0	514372
29572	5523	520166	537	703	0	526929
29573	2534	5075	520741	440	0	528790
29574	2413	1894	4938	522971	0	532216
29575	14478	6254	7120	242240	0	270092
29576	2260	856	859	535365	0	539340
29577	2439	776	643	523374	0	527232
29578	1511	500015	864	8553	0	510943
29579	1401	6518	497733	3617	0	509269
29580	983	510773	6461	2674	0	520891
29581	3665	7324	2654	460451	0	474094
29582	1716	3010	1271	520528	0	526525
29583	1814	1811	818	523840	0	528283
29584	2167	1383	803	519437	0	523790
29585	1070	501438	1197	9877	0	513582
29586	1104	509043	1482	4520	0	516149
29587	1286	8897	497328	3232	0	510743
29588	2181	3688	6573	499991	0	512433
29589	2231	2526	2631	505509	0	512897
29590	1779	2042	1476	525665	0	530962
29591	519443	2156	1064	13149	0	535812
29592	7865	520586	1413	5326	0	535190
29593	4001	8684	513419	3176	0	529280
29594	509660	3482	7629	4524	0	525295
29595	9039	2390	2795	523875	0	538099
29596	534040	2003	1502	11951	0	549496
29597	10229	2045	1102	538260	0	551636
29598	540491	2108	1166	11412	0	555177
29599	10388	2238	1476	538514	0	552616
29600	532592	1863	1909	11757	0	548121
29601	10661	1904	539814	4826	0	557205
29602	6631	1442	7444	533345	0	548862
29603	4220	551284	3288	8668	0	567460
29604	4477	8306	1924	562067	0	576774
29605	555607	4021	1588	12269	0	573485
29606	9957	542759	2001	5278	0	559995
29607	6297	9799	1651	572471	0	590218
29608	3540	564774	1948	10888	0	581150
29609	4177	11706	1298	576003	0	593184
29610	4106	5566	1087	582217	0	592976
29611	3672	3515	564991	14806	0	586984
29612	4607	2589	10387	544825	0	562408
29613	2779	2657	532227	13400	0	551063
29614	1902	523274	11731	7446	0	544353
29615	520672	11247	4817	6853	0	543589
29616	11465	5054	524018	4891	0	545428
29617	500746	2965	11774	6243	0	521728
29618	537994	2362	5272	5835	0	551463
29619	16118	2222	3806	541071	0	563217
29620	6666	2633	555112	13124	0	577535
29621	533933	2240	12827	8832	0	557832
29622	591606	1905	6205	6938	0	606654
29623	19172	1844	4112	574172	0	599300
29624	10907	1803	2867	581960	0	597537
29625	6176	578005	2617	19211	0	606009
29626	6089	13641	2746	575229	0	597705
29627	4048	580261	2823	17078	0	604210
29628	4793	14815	574601	9698	0	603907
29629	4905	6858	12101	568536	0	592400
29630	554613	3716	5694	18350	0	582373
29631	564052	2936	3085	10811	0	580884
29632	16421	562739	2319	6909	0	588388
29633	9189	13200	2206	573810	0	598405
29634	574005	6162	2350	17296	0	599813
29635	14645	560400	2505	9114	0	586664
29636	566838	13819	1451	8646	0	590754
29637	18355	6596	1517	588471	0	614939
29638	619955	5155	1509	19149	0	645768
29639	19528	4695	672438	9361	0	706022
29640	9178	680172	18347	7234	0	714931
29641	680969	19935	7270	8222	0	716396
29642	21223	708283	4863	5976	0	740345
29643	722842	22553	3218	7683	0	756296
29644	747624	9753	2141	8073	0	767591
29645	32317	6890	734128	4847	0	778182
29646	18076	5528	21690	724963	0	770257
29647	755376	5150	8462	25463	0	794451
29648	27932	4906	740257	10708	0	783803
29649	743030	5145	23339	9227	0	780741
29650	32436	4521	8881	744667	0	790505
29651	16097	4184	740057	24887	0	785225
29652	13440	3639	24446	733265	0	774790
29653	723165	3448	10583	30227	0	767423
29654	28545	4059	727906	13117	0	773627
29655	17624	3990	24394	730109	0	776117
29656	14907	3603	10604	745559	0	774673
29657	746256	2921	8215	34667	0	792059
29658	745427	2663	7610	19007	0	774707
29659	33321	734975	6636	13429	0	788361
29660	21594	22097	6080	736378	0	786149
29661	16660	9835	6864	746634	0	779993
29662	14602	7148	6086	746593	0	774429
29663	722571	5297	6175	38790	0	772833
29664	735297	5127	6139	20687	0	767250
29665	39691	5635	5604	712874	0	763804
29666	22160	696756	5488	30059	0	754463
29667	19901	23845	6137	682965	0	732848
29668	15408	707308	5970	30178	0	758864
29669	698911	25471	5555	21409	0	751346
29670	33100	688373	6483	15520	0	743476
29671	656769	22099	5918	13493	0	698279
29672	35125	11128	6261	641640	0	694154
29673	642800	8229	7156	28546	0	686731
29674	32399	6485	617319	18789	0	674992
29675	20237	632024	21758	15586	0	689605
29676	636650	21469	13259	15486	0	686864
29677	648751	10730	8468	14484	0	682433
29678	36365	7964	7580	616187	0	668096
29679	21571	616509	7710	27757	0	673547
29680	20764	20046	6086	651112	0	698008
29681	18439	10212	7031	658643	0	694325
29682	17210	8376	6976	660515	0	693077
29683	647767	7204	5582	39211	0	699764
29684	655393	7096	5763	25492	0	693744
29685	37807	7108	4780	629955	0	679650
29686	23630	633559	4298	31738	0	693225
29687	652969	21714	4599	23757	0	703039
29688	32360	11716	632643	20350	0	697069
29689	22488	10163	18186	652810	0	703647
29690	19684	9154	639684	32338	0	700860
29691	20291	8282	20363	648880	0	697816
29692	16890	9072	640168	34447	0	700577
29693	17706	9738	21607	646029	0	695080
29694	643161	9650	10680	35120	0	698611
29695	645948	9286	7802	24246	0	687282
29696	36589	620231	6707	17966	0	681493
29697	645657	23161	6325	17457	0	692600
29698	36585	14135	6244	628809	0	685773
29699	25158	10984	6881	646362	0	689385
29700	640655	10082	6753	37590	0	695080
29701	36063	9428	604387	22394	0	672272
29702	24303	9418	596743	19144	0	649608
29703	21599	10414	575352	17666	0	625031
29704	586745	8196	24917	18896	0	638754
29705	33933	8107	602621	17980	0	662641
29706	23042	7924	574958	18782	0	624706
29707	558620	7595	25565	18249	0	610029
29708	31284	572608	14821	18295	0	637008
29709	22696	19229	11554	585104	0	638583
29710	19964	10793	10417	605329	0	646503
29711	18371	8660	590534	32805	0	650370
29712	581146	6925	23144	24426	0	635641
29713	594602	6263	14910	21766	0	637541
29714	546730	6663	12708	20980	0	587081
29715	32983	6233	590535	17585	0	647336
29716	568552	5569	23924	20190	0	618235
29717	32289	6142	554535	18375	0	611341
29718	21924	548839	22893	17299	0	610955
29719	19602	569910	13394	17209	0	620115
29720	542257	20165	11076	16228	0	589726
29721	27222	525191	9690	15564	0	577667
29722	19274	527834	9081	14174	0	570363
29723	524398	19370	9220	15081	0	568069
29724	25445	523300	10202	13156	0	572103
29725	526995	19104	9629	13077	0	568805
29726	28582	10565	9448	525713	0	574308
29727	20351	8633	9554	536157	0	574695
29728	17990	8767	9609	539685	0	576051
29729	15736	8957	10529	527410	0	562632
29730	15075	520793	10560	25912	0	572340
29731	531310	18697	9839	17009	0	576855
29732	26530	557208	9431	13245	0	606414
29733	18082	581006	10134	13421	0	622643
29734	16548	24342	592521	12471	0	645882
29735	568115	11477	25195	14093	0	618880
29736	30793	9278	623166	10852	0	674089
29737	19287	6501	643611	10275	0	679674
29738	12753	605437	27611	9270	0	655071
29739	5832	610106	10607	4888	0	631433
29740	613825	23167	8872	7653	0	653517
29741	21123	644546	4972	5589	0	676230
29742	12261	22539	630115	3714	0	668629
29743	7531	609067	20111	3477	0	640186
29744	5587	22577	622580	2406	0	653150
29745	5167	11095	607088	1646	0	624996
29746	574142	8899	28114	3251	0	614406
29747	19362	6464	602618	1567	0	630011
29748	12975	5326	25300	571262	0	614863
29749	569007	3830	15779	18941	0	607557
29750	18906	567054	11965	9478	0	607403
29751	12252	17912	578071	5485	0	613720
29752	565180	8987	23263	5241	0	602671
29753	23790	5534	12934	534468	0	576726
29754	13729	528921	8334	17326	0	568310
29755	8316	18699	552982	9128	0	589125
29756	540312	9794	21645	7269	0	579020
29757	22666	6571	556919	3602	0	589758
29758	14699	4420	24021	543711	0	586851
29759	8099	4275	549989	18730	0	581093
29760	8886	2975	25429	543615	0	580905
29761	532407	2742	14218	24682	0	574049
29762	19419	545191	11166	12611	0	588387
29763	555951	17951	7742	10035	0	591679
29764	24058	9895	551450	5915	0	591318
29765	15902	5933	22227	551438	0	595500
29766	10036	4443	569152	20947	0	604578
29767	550230	4712	25239	12778	0	592959
29768	570776	3601	14095	9045	0	597517
29769	30113	565944	11111	4858	0	612026
29770	578522	20296	7925	6064	0	612807
29771	588520	10406	7901	5193	0	612020
29772	36746	6529	6498	560068	0	609841
29773	20754	5424	558744	20371	0	605293
29774	13809	542169	21684	10557	0	588219
29775	14747	21650	11013	545300	0	592710
29776	556322	12231	7494	22415	0	598462
29777	25576	8716	547480	12945	0	594717
29778	15275	6271	551975	8167	0	581688
29779	10909	6082	541391	6437	0	564819
29780	525209	5454	34102	7509	0	572274
29781	25432	5210	541877	4355	0	576874
29782	525812	5072	31702	4625	0	567211
29783	28056	4362	482141	3839	0	518398
29784	17174	516405	30093	2994	0	566666
29785	14946	19812	18663	509146	0	562567
29786	9849	11054	524973	19689	0	565565
29787	9632	492427	28498	10918	0	541475
29788	8607	521221	17732	7324	0	554884
29789	9438	29653	12611	506045	0	557747
29790	505429	16671	10162	23297	0	555559
29791	23738	11545	10819	511135	0	557237
29792	505275	10171	8984	26592	0	551022
29793	28392	9056	7874	505874	0	551196
29794	16444	7601	498743	27446	0	550234
29795	13686	7480	504340	16085	0	541591
29796	485149	5621	32087	14337	0	537194
29797	499101	4600	19916	11964	0	535581
29798	33885	4939	486278	10301	0	535403
29799	482376	4762	29336	9459	0	525933
29800	32432	5532	486276	6140	0	530380
29801	22013	445494	31455	5679	0	504641
29802	17706	455698	20635	5421	0	499460
29803	14931	468803	17224	5024	0	505982
29804	16067	30338	13069	449738	0	509212
29805	453769	17460	13186	21916	0	506331
29806	467201	13551	11563	13075	0	505390
29807	36153	11234	9693	449648	0	506728
29808	21965	11293	433388	23289	0	489935
29809	17006	9375	25317	436557	0	488255
29810	15483	7902	436252	27169	0	486806
29811	14560	6582	29693	433034	0	483869
29812	424680	4535	20001	31558	0	480774
29813	441562	4379	16453	18622	0	481016
29814	444366	4457	14037	15374	0	478234
29815	449360	4941	13557	12180	0	480038
29816	40668	4510	12157	419192	0	476527
29817	27858	4095	11177	436492	0	479622
29818	430717	4038	10611	32427	0	477793
29819	446099	4090	8765	19060	0	478014
29820	42861	4287	8193	422085	0	477426
29821	27964	4278	7731	435759	0	475732
29822	20695	4187	7464	437316	0	469662
29823	18117	4550	7069	442783	0	472519
29824	419122	4578	7099	40965	0	471764
29825	29464	4454	405043	26841	0	465802
29826	21651	4029	22486	410186	0	458352
29827	404504	3925	14302	32863	0	455594
29828	29291	3770	392137	23702	0	448900
29829	23749	3539	23957	398748	0	449993
29830	16898	3281	396575	29690	0	446444
29831	14385	368702	28781	19814	0	431682
29832	16337	15388	17868	335711	0	385304
29833	314734	8170	14341	21327	0	358572
29834	21259	8397	11287	284861	0	325804
29835	15918	264499	10623	21185	0	312225
29836	12514	247233	8782	13579	0	282108
29837	8962	190397	5938	9829	0	215126
29838	9362	181742	5498	7143	0	203745
29839	95882	15109	12536	12742	0	136269
29840	8427	4679	3490	66000	0	82596
29841	2268	768	50851	3494	0	57381
29842	1803	631	3000	46983	0	52417
29843	1941	587	46019	3292	0	51839
29844	46129	595	2919	1660	0	51303
29845	3802	705	1276	45381	0	51164
29846	2492	596	1112	46858	0	51058
29847	2152	504	946	47035	0	50637
29848	1691	638	838	47817	0	50984
29849	45479	977	737	3582	0	50775
29850	46921	874	532	2339	0	50666
29851	3363	751	772	45970	0	50856
29852	44718	776	660	3722	0	49876
29853	3018	619	42987	2657	0	49281
29854	1483	42211	2243	2735	0	48672
29855	1901	1887	1232	43243	0	48263
29856	1490	575	1292	43136	0	46493
29857	1584	41239	959	3719	0	47501
29858	1942	1783	855	42322	0	46902
29859	1377	1407	1167	43080	0	47031
29860	41454	339	1106	3896	0	46795
29861	2794	386	38868	1942	0	43990
29862	1404	542	35918	1520	0	39384
29863	34541	318	2250	1521	0	38630
29864	2828	314	32330	1075	0	36547
29865	15987	364	1569	512	0	18432
29866	13688	108	576	511	0	14883
29867	1230	451	408	10358	0	12447
29868	298	120	7402	475	0	8295
29869	5460	88	292	246	0	6086
29870	336	5298	132	179	0	5945
29871	3179	329	362	269	0	4139
29872	2091	135	302	218	0	2746
29873	997	30	44	45	0	1116
29874	383	1	18	44	0	446
29875	278	44	35	26	0	383
29876	235	21	13	21	0	290
29877	206	8	8	27	0	249
29878	155	31	12	39	0	237
29879	180	7	3	42	0	232
29880	185	5	5	36	0	231
29881	182	9	8	21	0	220
29882	192	6	8	17	0	223
29883	158	5	11	27	0	201
29884	146	10	9	16	0	181
29885	141	3	19	13	0	176
29886	148	17	10	16	0	191
29887	130	13	8	24	0	175
29888	118	5	2	40	0	165
29889	126	18	7	17	0	168
29890	116	8	5	25	0	154
29891	104	6	3	34	0	147
29892	120	1	1	20	0	142
29893	105	2	21	11	0	139
29894	97	5	26	9	0	137
29895	109	4	14	6	0	133
29896	100	5	18	10	0	133
29897	104	2	8	13	0	127
29898	119	3	4	6	0	132
29899	93	2	10	23	0	128
29900	80	6	19	14	0	119
29901	82	2	17	12	0	113
29902	67	18	11	7	0	103
29903	48	15	15	4	0	82
29904	28	4	3	10	0	45
29905	31	1	5	9	0	46
29906	36	2	4	3	0	45
29907	33	2	4	8	0	47
29908	33	0	4	6	0	43
29909	37	0	3	3	0	43
29910	31	2	6	4	0	43
29911	35	2	2	4	0	43
29912	35	1	2	3	0	41
29913	35	1	0	7	0	43
29914	35	1	3	2	0	41
29915	40	0	0	2	0	42
29916	33	4	0	2	0	39
29917	39	0	1	0	0	40
29918	37	0	1	0	0	38
29919	35	0	0	1	0	36
29920	34	0	0	0	0	34
29921	32	0	1	0	0	33
29922	28	0	0	0	0	28
29923	15	0	0	0	0	15
29924	11	0	0	0	0	11
29925	8	0	0	0	0	8
29926	8	0	0	0	0	8
29927	7	0	0	0	0	7
29928	7	0	0	0	0	7
29929	8	0	0	0	0	8
29930	8	0	0	0	0	8
29931	6	0	0	0	0	6
29932	5	0	0	0	0	5
29933	4	0	0	0	0	4
