Pos	A	C	G	T	Other	Total
1	3	0	0	0	0	3
2	0	0	0	12	0	12
3	0	0	0	13	0	13
4	13	0	0	0	0	13
5	19	0	0	0	0	19
6	19	0	0	0	0	19
7	0	0	19	0	0	19
8	0	0	22	0	0	22
9	0	0	0	23	0	23
10	0	0	0	24	0	24
11	0	0	0	24	0	24
12	66	0	0	0	0	66
13	0	6	0	137	0	143
14	274	0	0	0	0	274
15	0	403	0	1	0	404
16	0	749	0	0	0	749
17	1	0	0	2143	0	2144
18	0	0	0	2319	0	2319
19	0	3061	0	6	0	3067
20	0	3403	0	6	0	3409
21	0	3873	2	6	0	3881
22	4182	2	2	2	0	4188
23	6	0	4246	0	0	4252
24	4	0	4275	0	0	4279
25	0	0	2	4487	0	4489
26	4763	0	2	2	0	4767
27	4774	0	0	0	0	4774
28	3	4726	1	3	0	4733
29	5545	2	0	1	0	5548
30	5921	0	1	0	0	5922
31	6051	0	3	0	0	6054
32	3	6006	1	4	0	6014
33	0	6156	3	3	0	6162
34	6441	2	1	0	0	6444
35	6468	0	2	0	0	6470
36	2	6528	2	7	0	6539
37	0	6978	2	6	0	6986
38	7135	2	0	0	0	7137
39	7153	0	0	1	0	7154
40	2	7153	1	2	0	7158
41	0	4	1	7488	0	7493
42	2	1	3	7560	0	7566
43	0	0	1	7589	0	7590
44	1	7574	2	11	0	7588
45	3	10	7453	1	0	7467
46	7092	4	5	1	0	7102
47	5	0	1	7722	0	7728
48	2	7706	0	4	0	7712
49	1	6	0	7898	0	7905
50	0	7824	0	12	0	7836
51	0	6	0	7991	0	7997
52	2	3	1	8084	0	8090
53	6	0	8124	10	0	8140
54	0	2	7	8029	0	8038
55	8164	1	4	7	0	8176
56	13	1	8140	4	0	8158
57	7950	2	7	2	0	7961
58	7	2	2	8285	0	8296
59	3	8217	2	15	0	8237
60	1	9	0	8420	0	8430
61	6	6	8366	13	0	8391
62	1	2	11	8230	0	8244
63	3	0	3	8449	0	8455
64	4	8448	2	14	0	8468
65	7	13	0	8602	0	8622
66	2	8473	2	23	0	8500
67	2	10	0	8654	0	8666
68	8679	3	0	13	0	8695
69	8503	3	2	6	0	8514
70	8647	1	0	8	0	8656
71	29	8646	7	21	0	8703
72	8	20	8678	3	0	8709
73	8642	3	20	2	0	8667
74	9229	2	7	0	0	9238
75	30	9392	0	25	0	9447
76	5	35	2	7923	0	7965
77	6	8	2	8169	0	8185
78	2	2	0	8123	0	8127
79	8180	4	1	74	0	8259
80	8194	1	3	29	0	8227
81	8213	1	1	14	0	8229
82	8356	2	1	9	0	8368
83	78	5	1	8233	0	8317
84	28	8147	4	58	0	8237
85	14	49	3	8555	0	8621
86	17	15	8534	72	0	8638
87	11	6	67	8969	0	9053
88	8	13	9090	108	0	9219
89	2	5	97	9189	0	9293
90	6	10	9421	121	0	9558
91	10	15	9495	30	0	9550
92	16	9614	142	22	0	9794
93	9	116	42	10304	0	10471
94	10	42	10453	133	0	10638
95	9	13	131	10344	0	10497
96	5	10436	39	138	0	10618
97	10666	124	17	37	0	10844
98	127	10785	16	33	0	10961
99	39	130	12	10781	0	10962
100	14	10889	17	141	0	11061
101	18	149	10635	40	0	10842
102	14	55	10669	29	0	10767
103	13	10609	168	28	0	10818
104	13	131	48	10990	0	11182
105	24	45	10895	135	0	11099
106	12	10727	147	63	0	10949
107	11072	138	43	19	0	11272
108	131	44	20	11002	0	11197
109	45	29	11264	138	0	11476
110	17	11118	151	51	0	11337
111	11	143	47	11350	0	11551
112	9	41	24	11488	0	11562
113	11181	26	19	176	0	11402
114	144	23	11164	62	0	11393
115	41	25	136	11170	0	11372
116	29	20	10856	154	0	11059
117	11	9901	144	61	0	10117
118	9901	139	48	32	0	10120
119	129	9538	33	25	0	9725
120	39	156	19	9225	0	9439
121	19	9213	26	127	0	9385
122	9065	158	13	45	0	9281
123	134	9029	20	32	0	9215
124	48	164	8796	21	0	9029
125	17	8890	140	32	0	9079
126	8908	153	51	16	0	9128
127	146	55	8998	23	0	9222
128	45	39	144	9034	0	9262
129	8757	19	51	148	0	8975
130	145	27	25	8485	0	8682
131	8529	19	20	162	0	8730
132	8653	21	21	62	0	8757
133	184	22	20	8491	0	8717
134	68	22	17	8544	0	8651
135	8431	25	16	190	0	8662
136	8411	24	14	66	0	8515
137	189	21	17	8130	0	8357
138	8181	23	13	166	0	8383
139	8240	19	15	68	0	8342
140	193	8117	17	45	0	8372
141	78	146	23	8194	0	8441
142	8326	61	15	157	0	8559
143	8467	27	20	59	0	8573
144	190	25	22	8312	0	8549
145	77	26	13	8520	0	8636
146	8352	17	25	198	0	8592
147	164	8321	16	91	0	8592
148	75	140	19	8347	0	8581
149	50	56	8304	168	0	8578
150	39	24	147	8175	0	8385
151	35	8207	56	181	0	8479
152	35	136	8203	74	0	8448
153	36	49	139	8178	0	8402
154	39	24	60	8249	0	8372
155	34	22	8279	199	0	8534
156	7928	25	140	81	0	8174
157	161	8416	55	65	0	8697
158	8575	142	29	47	0	8793
159	172	62	8481	35	0	8750
160	75	36	8627	43	0	8781
161	8353	28	170	32	0	8583
162	161	8644	67	42	0	8914
163	8721	145	26	39	0	8931
164	152	8715	22	35	0	8924
165	73	151	8772	32	0	9028
166	8749	66	138	33	0	8986
167	167	37	8977	39	0	9220
168	69	19	144	8890	0	9122
169	8936	20	61	162	0	9179
170	8902	25	32	62	0	9021
171	185	8765	23	53	0	9026
172	57	247	32	8554	0	8890
173	47	8574	22	150	0	8793
174	33	138	8395	46	0	8612
175	40	72	110	7856	0	8078
176	24	7742	51	111	0	7928
177	32	104	34	7502	0	7672
178	6675	36	23	104	0	6838
179	97	18	18	7352	0	7485
180	47	7340	12	100	0	7499
181	30	95	9	7399	0	7533
182	20	28	15	7359	0	7422
183	22	7283	11	104	0	7420
184	16	73	21	7334	0	7444
185	41	31	7062	89	0	7223
186	17	6902	80	41	0	7040
187	6469	46	20	25	0	6560
188	61	22	6476	13	0	6572
189	27	18	6297	13	0	6355
190	14	6098	45	9	0	6166
191	52	76	46	5805	0	5979
192	12	5	5664	16	0	5697
193	7	5097	28	19	0	5151
194	13	12	9	5217	0	5251
195	6	8	4	5259	0	5277
196	5185	7	1	19	0	5212
197	21	5106	0	12	0	5139
198	6	21	4844	11	0	4882
199	11	4	4952	7	0	4974
200	7	10	15	4942	0	4974
201	5	7	8	5858	0	5878
202	5	8	5	6005	0	6023
203	9	7093	8	78	0	7188
204	15	104	7288	37	0	7444
205	6	47	108	7934	0	8095
206	6	8222	47	157	0	8432
207	4	8503	27	60	0	8594
208	10	211	8856	27	0	9104
209	5	80	181	8941	0	9207
210	3	35	9636	195	0	9869
211	8	12	222	9622	0	9864
212	10	11	80	9994	0	10095
213	9	11	9598	291	0	9909
214	6	9591	209	120	0	9926
215	9630	208	75	48	0	9961
216	207	83	9628	25	0	9943
217	71	9541	218	35	0	9865
218	33	9920	79	23	0	10055
219	20	286	9518	19	0	9843
220	9464	101	227	16	0	9808
221	211	48	85	8934	0	9278
222	74	9562	49	186	0	9871
223	9689	221	18	62	0	9990
224	225	87	16	9319	0	9647
225	77	9463	22	216	0	9778
226	9649	220	18	87	0	9974
227	228	98	9212	43	0	9581
228	80	9305	217	29	0	9631
229	9342	229	85	25	0	9681
230	213	9369	45	30	0	9657
231	9329	250	35	30	0	9644
232	240	114	21	9041	0	9416
233	86	9043	41	226	0	9396
234	37	223	37	9227	0	9524
235	9097	96	32	259	0	9484
236	225	50	8891	110	0	9276
237	94	44	9082	73	0	9293
238	62	31	299	8850	0	9242
239	26	45	128	9070	0	9269
240	37	45	61	8867	0	9010
241	37	8584	46	321	0	8988
242	21	242	8320	128	0	8711
243	34	124	220	8278	0	8656
244	33	8227	108	234	0	8602
245	33	8454	71	106	0	8664
246	41	284	8326	64	0	8715
247	40	130	8494	54	0	8718
248	41	82	8658	29	0	8810
249	39	47	316	8356	0	8758
250	41	49	8491	240	0	8821
251	42	55	267	8440	0	8804
252	42	40	8380	269	0	8731
253	8093	61	272	111	0	8537
254	238	8470	113	60	0	8881
255	107	9057	64	58	0	9286
256	85	331	9132	46	0	9594
257	9013	140	254	47	0	9454
258	9328	77	118	48	0	9571
259	9348	53	74	58	0	9533
260	382	40	8795	55	0	9272
261	155	41	9034	54	0	9284
262	68	44	361	8800	0	9273
263	8848	43	159	294	0	9344
264	8973	43	91	151	0	9258
265	347	43	8588	93	0	9071
266	8635	68	280	65	0	9048
267	299	63	151	8507	0	9020
268	125	50	8589	293	0	9057
269	66	55	8712	140	0	8973
270	8477	71	384	79	0	9011
271	275	54	8653	64	0	9046
272	8483	47	365	76	0	8971
273	299	39	8529	63	0	8930
274	135	8272	345	84	0	8836
275	92	8666	169	75	0	9002
276	80	345	118	8416	0	8959
277	49	168	111	8721	0	9049
278	80	99	8302	367	0	8848
279	75	73	308	8314	0	8770
280	66	8208	166	302	0	8742
281	85	8466	115	132	0	8798
282	87	8596	110	79	0	8872
283	91	386	89	8345	0	8911
284	105	166	8240	290	0	8801
285	81	89	8420	138	0	8728
286	83	76	392	8134	0	8685
287	85	67	180	8322	0	8654
288	83	51	111	7991	0	8236
289	105	8156	85	343	0	8689
290	8203	270	95	149	0	8717
291	8266	150	82	83	0	8581
292	404	8131	62	73	0	8670
293	184	273	8184	67	0	8708
294	8287	141	310	56	0	8794
295	332	76	8298	77	0	8783
296	8347	67	342	54	0	8810
297	8514	70	164	67	0	8815
298	8508	61	106	66	0	8741
299	8371	56	92	84	0	8603
300	384	8202	74	97	0	8757
301	7224	237	48	86	0	7595
302	248	7275	70	81	0	7674
303	5841	172	58	56	0	6127
304	172	5605	49	53	0	5879
305	69	129	4783	27	0	5008
306	38	462	119	4118	0	4737
307	29	4470	74	83	0	4656
308	25	4069	38	58	0	4190
309	3611	139	139	84	0	3973
310	3219	29	23	26	0	3297
311	73	3297	18	19	0	3407
312	37	47	16	3223	0	3323
313	26	3512	10	54	0	3602
314	3573	46	15	18	0	3652
315	61	22	3546	9	0	3638
316	37	25	55	3477	0	3594
317	25	15	26	3477	0	3543
318	19	10	18	3557	0	3604
319	21	14	3489	65	0	3589
320	20	3512	51	24	0	3607
321	12	3612	25	13	0	3662
322	20	68	13	3665	0	3766
323	7	30	3672	60	0	3769
324	10	22	58	3667	0	3757
325	12	26	26	3719	0	3783
326	18	15	12	3688	0	3733
327	14	24	8	3678	0	3724
328	3607	18	13	73	0	3711
329	46	3582	15	46	0	3689
330	3645	54	18	20	0	3737
331	58	31	3595	14	0	3698
332	33	17	3651	14	0	3715
333	22	10	64	3604	0	3700
334	9	17	29	3599	0	3654
335	14	3694	20	76	0	3804
336	14	54	3664	32	0	3764
337	15	3729	58	27	0	3829
338	10	57	3746	20	0	3833
339	3568	30	61	23	0	3682
340	48	3756	26	17	0	3847
341	24	51	3778	19	0	3872
342	15	24	62	3730	0	3831
343	17	21	3778	56	0	3872
344	20	3748	51	33	0	3852
345	15	56	23	3730	0	3824
346	13	3758	18	67	0	3856
347	20	59	3714	27	0	3820
348	16	24	56	3648	0	3744
349	3666	14	16	60	0	3756
350	55	3607	14	21	0	3697
351	31	56	3533	12	0	3632
352	14	94	52	3363	0	3523
353	14	18	3481	51	0	3564
354	12	16	3116	21	0	3165
355	7	2721	53	11	0	2792
356	13	26	17	2390	0	2446
357	5	3	6	2382	0	2396
358	1	9	2	2407	0	2419
359	4	4	2469	19	0	2496
360	4	5	2450	7	0	2466
361	2328	8	25	9	0	2370
362	20	3	2439	8	0	2470
363	2312	3	21	2	0	2338
364	18	2370	10	6	0	2404
365	4	20	9	2327	0	2360
366	2	2422	3	29	0	2456
367	5	2451	9	8	0	2473
368	4	20	2415	10	0	2449
369	1	18	18	2363	0	2400
370	8	5	2413	20	0	2446
371	3	9	2292	12	0	2316
372	2277	2	21	11	0	2311
373	16	6	2337	8	0	2367
374	4	5	2301	10	0	2320
375	2225	1	24	14	0	2264
376	19	5	2286	9	0	2319
377	7	9	2328	8	0	2352
378	6	4	21	2260	0	2291
379	4	2302	8	24	0	2338
380	3	15	15	2333	0	2366
381	3	3	10	2322	0	2338
382	2354	6	7	22	0	2389
383	15	4	9	2340	0	2368
384	4	2435	9	18	0	2466
385	2431	21	9	3	0	2464
386	22	4	2434	4	0	2464
387	2355	8	21	7	0	2391
388	18	7	2557	3	0	2585
389	7	6	2584	6	0	2603
390	3	2629	27	14	0	2673
391	2710	23	15	5	0	2753
392	22	2724	8	14	0	2768
393	6	30	2801	5	0	2842
394	3	13	22	2626	0	2664
395	8	2780	10	26	0	2824
396	2822	28	13	7	0	2870
397	2811	7	16	4	0	2838
398	26	2807	8	11	0	2852
399	2854	27	8	5	0	2894
400	26	10	10	2748	0	2794
401	7	2789	12	25	0	2833
402	5	26	9	2883	0	2923
403	6	9	14	3031	0	3060
404	3089	8	9	34	0	3140
405	3043	7	4	12	0	3066
406	3029	8	5	15	0	3057
407	33	2	3022	11	0	3068
408	2974	4	28	7	0	3013
409	35	14	12	3069	0	3130
410	8	4	3082	29	0	3123
411	12	12	2879	7	0	2910
412	8	2817	33	9	0	2867
413	2608	27	16	4	0	2655
414	25	2661	6	6	0	2698
415	6	23	6	2676	0	2711
416	10	5	4	2716	0	2735
417	8	4	2803	26	0	2841
418	7	3	24	2677	0	2711
419	6	3	2823	22	0	2854
420	2	5	2782	6	0	2795
421	4	2725	23	5	0	2757
422	4	17	6	2720	0	2747
423	1	7	6	2716	0	2730
424	2715	4	3	21	0	2743
425	15	4	2693	17	0	2729
426	5	4	16	2760	0	2785
427	2822	3	5	19	0	2849
428	19	2	2836	5	0	2862
429	2803	6	16	5	0	2830
430	2856	0	5	7	0	2868
431	18	2	2993	4	0	3017
432	5	4	19	2904	0	2932
433	4	1	4	2985	0	2994
434	5	5	3122	22	0	3154
435	3053	0	17	7	0	3077
436	3164	2	5	7	0	3178
437	3125	2	4	4	0	3135
438	3138	0	5	2	0	3145
439	3129	0	3	4	0	3136
440	28	4	3132	5	0	3169
441	8	1	3223	5	0	3237
442	7	3165	29	4	0	3205
443	6	18	3247	2	0	3273
444	7	5	19	3173	0	3204
445	7	13	10	2993	0	3023
446	4	2	5	3296	0	3307
447	6	1	4	3326	0	3337
448	7	2	3342	27	0	3378
449	4	3255	22	13	0	3294
450	7	3588	9	5	0	3609
451	3	24	10	3482	0	3519
452	4	3623	4	19	0	3650
453	3682	23	4	9	0	3718
454	3701	6	3	11	0	3721
455	26	3859	7	10	0	3902
456	9	26	8	3886	0	3929
457	6	8	8	3966	0	3988
458	8	6	3970	31	0	4015
459	3715	4	29	12	0	3760
460	3966	5	5	13	0	3989
461	33	4063	7	7	0	4110
462	4166	28	8	6	0	4208
463	34	8	4203	10	0	4255
464	9	4155	27	9	0	4200
465	8	4307	13	8	0	4336
466	14	4301	4	8	0	4327
467	12	38	4	4295	0	4349
468	4254	6	6	33	0	4299
469	44	5	4	4320	0	4373
470	16	6	4408	34	0	4464
471	10	4	38	4434	0	4486
472	11	7	4676	42	0	4736
473	3	12	42	4507	0	4564
474	7	9	10	4462	0	4488
475	7	4608	7	41	0	4663
476	4809	40	8	11	0	4868
477	41	7	5	4681	0	4734
478	6	4731	8	51	0	4796
479	4876	45	9	9	0	4939
480	4676	12	12	12	0	4712
481	4844	12	5	12	0	4873
482	41	4827	9	12	0	4889
483	14	45	4770	5	0	4834
484	8	9	38	4795	0	4850
485	6	18	11	4781	0	4816
486	6	4783	6	49	0	4844
487	14	40	4826	14	0	4894
488	6	5	4772	12	0	4795
489	4602	9	39	6	0	4656
490	47	12	6	4664	0	4729
491	12	8	4884	39	0	4943
492	8	5116	37	7	0	5168
493	10	44	6	5005	0	5065
494	7	5169	11	33	0	5220
495	4	41	5145	5	0	5195
496	4975	4	40	11	0	5030
497	5205	8	4	8	0	5225
498	40	5190	9	13	0	5252
499	11	39	5	5243	0	5298
500	15	5	5200	40	0	5260
501	7	5142	38	6	0	5193
502	5118	33	9	13	0	5173
503	29	4973	4	4	0	5010
504	9	5026	4	3	0	5042
505	8	33	7	4982	0	5030
506	4	4989	8	32	0	5033
507	5033	34	10	6	0	5083
508	33	10	3	4969	0	5015
509	4	9	4818	32	0	4863
510	7	12	4686	6	0	4711
511	4	7	27	4737	0	4775
512	4	4663	8	33	0	4708
513	4800	31	9	7	0	4847
514	34	3	7	4685	0	4729
515	4	15	4701	31	0	4751
516	8	8	30	4678	0	4724
517	2	13	6	4699	0	4720
518	4659	4	15	36	0	4714
519	32	9	3	4556	0	4600
520	12	5	4569	28	0	4614
521	4	15	4576	6	0	4601
522	5	4	25	4671	0	4705
523	3	6	10	4740	0	4759
524	7	7	4813	35	0	4862
525	4401	1	29	11	0	4442
526	30	9	4777	10	0	4826
527	6	4675	36	7	0	4724
528	5	28	9	4860	0	4902
529	5	13	4863	36	0	4917
530	8	12	4807	7	0	4834
531	6	5	30	4645	0	4686
532	4733	8	9	35	0	4785
533	29	9	4793	11	0	4842
534	8	4570	32	15	0	4625
535	4820	32	7	10	0	4869
536	35	3	4798	7	0	4843
537	4618	12	32	10	0	4672
538	4789	1	15	8	0	4813
539	31	4850	12	11	0	4904
540	7	35	7	4752	0	4801
541	10	4840	9	33	0	4892
542	9	37	4803	7	0	4856
543	4759	13	36	6	0	4814
544	5220	9	12	5	0	5246
545	56	8	5271	8	0	5343
546	10	8	5268	14	0	5300
547	10	5318	72	13	0	5413
548	5517	63	15	7	0	5602
549	59	12	14	5460	0	5545
550	11	14	7	5225	0	5257
551	9	5254	11	51	0	5325
552	5281	57	8	11	0	5357
553	58	6	5257	7	0	5328
554	4	11	55	5733	0	5803
555	5849	3	9	77	0	5938
556	78	5784	13	18	0	5893
557	15	85	6656	10	0	6766
558	12	20	6829	4	0	6865
559	6	48	130	6583	0	6767
560	7	6717	34	103	0	6861
561	17	125	6847	17	0	7006
562	4	17	120	6857	0	6998
563	7049	14	22	128	0	7213
564	130	9	7185	17	0	7341
565	21	7	130	7303	0	7461
566	12	10	7387	142	0	7551
567	10	10	7580	25	0	7625
568	16	36	156	7422	0	7630
569	11	3	7538	136	0	7688
570	6716	6	171	30	0	6923
571	136	1	7393	21	0	7551
572	6993	6	143	12	0	7154
573	133	7176	41	12	0	7362
574	7445	130	23	12	0	7610
575	139	7536	17	13	0	7705
576	24	137	17	7567	0	7745
577	15	24	13	7921	0	7973
578	11	19	7685	155	0	7870
579	20	14	7814	33	0	7881
580	9	8	153	7848	0	8018
581	7	13	7852	145	0	8017
582	10	14	144	7666	0	7834
583	5	7668	46	150	0	7869
584	14	8013	39	38	0	8104
585	8	159	27	7869	0	8063
586	14	36	18	8003	0	8071
587	11	24	7729	158	0	7922
588	6	17	137	7679	0	7839
589	7	7632	40	153	0	7832
590	9	7741	35	39	0	7824
591	7	7687	22	32	0	7748
592	5	174	18	7156	0	7353
593	6	7187	28	148	0	7369
594	7165	143	21	36	0	7365
595	134	35	27	7155	0	7351
596	33	31	7071	144	0	7279
597	18	21	138	7097	0	7274
598	16	20	7141	157	0	7334
599	12	23	7221	36	0	7292
600	11	19	7220	33	0	7283
601	22	6902	176	31	0	7131
602	10	145	7172	27	0	7354
603	7185	27	160	21	0	7393
604	7280	21	59	26	0	7386
605	7355	16	45	20	0	7436
606	176	20	25	7188	0	7409
607	7189	17	31	153	0	7390
608	145	7060	30	45	0	7280
609	35	7403	31	38	0	7507
610	7356	162	26	20	0	7564
611	149	48	7441	31	0	7669
612	36	25	151	7481	0	7693
613	29	22	7547	161	0	7759
614	21	25	7671	46	0	7763
615	19	7486	166	30	0	7701
616	22	158	60	7307	0	7547
617	24	47	42	7649	0	7762
618	7510	33	31	179	0	7753
619	140	7498	33	65	0	7736
620	38	7685	34	47	0	7804
621	42	177	7504	33	0	7756
622	22	7626	144	42	0	7834
623	7607	164	51	45	0	7867
624	7682	45	50	42	0	7819
625	167	41	7698	25	0	7931
626	46	33	7782	28	0	7889
627	31	41	198	7452	0	7722
628	18	29	70	7515	0	7632
629	30	7493	47	171	0	7741
630	34	152	51	7536	0	7773
631	36	45	41	7591	0	7713
632	35	7427	43	183	0	7688
633	18	157	45	7455	0	7675
634	20	48	46	7365	0	7479
635	21	7162	48	200	0	7431
636	26	170	7095	62	0	7353
637	31	50	162	7363	0	7606
638	7361	37	70	172	0	7640
639	7340	39	50	62	0	7491
640	196	30	7184	47	0	7457
641	7137	42	161	38	0	7378
642	7302	35	57	45	0	7439
643	157	7116	47	49	0	7369
644	48	145	6847	51	0	7091
645	37	37	6835	47	0	6956
646	25	47	158	6966	0	7196
647	6970	31	71	145	0	7217
648	7292	23	47	59	0	7421
649	149	38	33	7684	0	7904
650	8186	26	31	172	0	8415
651	8456	36	29	65	0	8586
652	8525	33	38	46	0	8642
653	210	38	8307	38	0	8593
654	65	18	8138	38	0	8259
655	7866	24	144	35	0	8069
656	148	22	7877	26	0	8073
657	34	7103	99	14	0	7250
658	41	121	61	7103	0	7326
659	17	24	7239	84	0	7364
660	13	20	7180	21	0	7234
661	13	40	109	6961	0	7123
662	11	12	7021	80	0	7124
663	10	11	6864	30	0	6915
664	15	6351	95	13	0	6474
665	15	6609	25	7	0	6656
666	6641	78	22	9	0	6750
667	73	19	8	6535	0	6635
668	6547	6	11	76	0	6640
669	74	10	6558	19	0	6661
670	22	7	66	6517	0	6612
671	9	8	23	6669	0	6709
672	6582	3	7	82	0	6674
673	72	6500	12	25	0	6609
674	16	73	6351	7	0	6447
675	9	45	6308	9	0	6371
676	9	6387	83	13	0	6492
677	9	60	6272	7	0	6348
678	3	6196	62	9	0	6270
679	3	6117	11	2	0	6133
680	6	81	5839	6	0	5932
681	5837	12	66	2	0	5917
682	62	3	13	6103	0	6181
683	15	6116	2	62	0	6195
684	5	58	5	6138	0	6206
685	6109	12	7	60	0	6188
686	5753	1	5	16	0	5775
687	5761	1	4	3	0	5769
688	70	2	5710	0	0	5782
689	16	4	56	5681	0	5757
690	4	5709	16	53	0	5782
691	5999	56	8	13	0	6076
692	61	12	4	6049	0	6126
693	14	3	6	6090	0	6113
694	13	3	8	6187	0	6211
695	8	4	6454	74	0	6540
696	6222	2	59	16	0	6299
697	61	6467	19	4	0	6551
698	20	62	4	6509	0	6595
699	7	15	8	6611	0	6641
700	6679	3	11	71	0	6764
701	68	7	6677	15	0	6767
702	22	4	6793	9	0	6828
703	4	6616	90	10	0	6720
704	11	63	6878	9	0	6961
705	6443	18	78	7	0	6546
706	66	6888	28	15	0	6997
707	18	67	7030	6	0	7121
708	6467	22	86	9	0	6584
709	73	9	7169	6	0	7257
710	18	7083	76	10	0	7187
711	10	70	22	7144	0	7246
712	10	17	11	7242	0	7280
713	13	14	7104	79	0	7210
714	8	12	7013	23	0	7056
715	9	6915	77	11	0	7012
716	6933	70	20	15	0	7038
717	71	7137	19	10	0	7237
718	22	78	17	7219	0	7336
719	14	24	7171	74	0	7283
720	6835	17	76	21	0	6949
721	75	8	23	7061	0	7167
722	25	6908	19	71	0	7023
723	10	7134	19	21	0	7184
724	6	89	13	7135	0	7243
725	9	29	15	7232	0	7285
726	7137	10	10	95	0	7252
727	71	17	13	7214	0	7315
728	25	18	7203	78	0	7324
729	7152	11	76	28	0	7267
730	7335	12	21	17	0	7385
731	93	15	7281	13	0	7402
732	7199	10	85	12	0	7306
733	83	9	24	7492	0	7608
734	33	15	11	7580	0	7639
735	18	10	12	7609	0	7649
736	13	14	14	7559	0	7600
737	10	7535	19	111	0	7675
738	7825	87	18	36	0	7966
739	8080	29	15	26	0	8150
740	123	14	8669	13	0	8819
741	8723	18	110	14	0	8865
742	9171	13	30	12	0	9226
743	9277	6	22	13	0	9318
744	9565	11	15	15	0	9606
745	143	9437	18	21	0	9619
746	36	137	16	9222	0	9411
747	19	31	9186	133	0	9369
748	25	19	8792	37	0	8873
749	7924	70	177	54	0	8225
750	7825	22	57	19	0	7923
751	92	7547	18	11	0	7668
752	7685	77	13	4	0	7779
753	101	7722	8	3	0	7834
754	41	80	10	7715	0	7846
755	7839	18	9	85	0	7951
756	7790	13	5	24	0	7832
757	7753	12	9	17	0	7791
758	103	7603	11	23	0	7740
759	7608	84	16	12	0	7720
760	92	21	14	7682	0	7809
761	7768	10	15	78	0	7871
762	99	18	7595	25	0	7737
763	50	7618	67	12	0	7747
764	7753	81	20	10	0	7864
765	101	35	7707	13	0	7856
766	46	12	74	7738	0	7870
767	38	16	7801	74	0	7929
768	44	13	7828	27	0	7912
769	44	17	89	7685	0	7835
770	35	22	7865	81	0	8003
771	30	15	83	7845	0	7973
772	37	18	31	7890	0	7976
773	7927	12	21	96	0	8056
774	93	7881	23	38	0	8035
775	51	8159	15	18	0	8243
776	37	8200	26	14	0	8277
777	49	108	8125	16	0	8298
778	38	38	91	8160	0	8327
779	32	17	8313	89	0	8451
780	8020	19	82	45	0	8166
781	8293	10	40	24	0	8367
782	100	8340	37	34	0	8511
783	42	89	16	8273	0	8420
784	43	8407	26	87	0	8563
785	8517	93	19	34	0	8663
786	103	46	15	8457	0	8621
787	43	34	8429	95	0	8601
788	28	8298	105	40	0	8471
789	33	95	8447	34	0	8609
790	25	40	109	8412	0	8586
791	33	19	8379	100	0	8531
792	8030	32	96	41	0	8199
793	111	21	8315	24	0	8471
794	45	8233	98	31	0	8407
795	28	100	37	8309	0	8474
796	37	40	24	8458	0	8559
797	8371	26	29	117	0	8543
798	8387	28	22	44	0	8481
799	109	8204	36	30	0	8379
800	42	103	8144	32	0	8321
801	29	39	8105	29	0	8202
802	8109	30	119	20	0	8278
803	102	23	8323	27	0	8475
804	45	26	8184	22	0	8277
805	45	28	8275	14	0	8362
806	33	27	8197	27	0	8284
807	23	8128	112	35	0	8298
808	8290	90	53	33	0	8466
809	108	33	37	8038	0	8216
810	8061	24	23	90	0	8198
811	105	7954	34	29	0	8122
812	8019	93	33	30	0	8175
813	97	8244	32	29	0	8402
814	49	88	49	8268	0	8454
815	34	8501	39	102	0	8676
816	51	98	8398	31	0	8578
817	28	8558	109	21	0	8716
818	26	97	56	8959	0	9138
819	8968	48	31	101	0	9148
820	114	20	35	8972	0	9141
821	62	30	8983	110	0	9185
822	51	19	108	8814	0	8992
823	35	8931	53	106	0	9125
824	34	113	8977	43	0	9167
825	8936	59	112	26	0	9133
826	112	23	45	9341	0	9521
827	9362	24	36	108	0	9530
828	9268	27	43	51	0	9389
829	127	9242	43	29	0	9441
830	9328	100	40	26	0	9494
831	9359	55	27	29	0	9470
832	120	9321	42	36	0	9519
833	62	97	37	9395	0	9591
834	32	50	32	9365	0	9479
835	34	9363	40	129	0	9566
836	30	109	23	9472	0	9634
837	32	54	9269	115	0	9470
838	30	60	104	9105	0	9299
839	46	16	8905	107	0	9074
840	30	29	8027	52	0	8138
841	28	7896	99	26	0	8049
842	24	7857	42	27	0	7950
843	25	7941	46	24	0	8036
844	52	86	25	7636	0	7799
845	18	35	7594	55	0	7702
846	7358	18	61	34	0	7471
847	59	12	34	7696	0	7801
848	39	15	7759	59	0	7872
849	24	21	7762	36	0	7843
850	17	7771	75	22	0	7885
851	24	72	31	7817	0	7944
852	7708	33	18	60	0	7819
853	48	7527	17	39	0	7631
854	33	7531	15	24	0	7603
855	10	7496	23	27	0	7556
856	15	86	18	7548	0	7667
857	12	7699	19	75	0	7805
858	9	70	20	8311	0	8410
859	10	43	18	8535	0	8606
860	9	26	8342	114	0	8491
861	7546	27	92	60	0	7725
862	86	19	8554	27	0	8686
863	34	26	98	8640	0	8798
864	18	33	8602	101	0	8754
865	6	8405	99	54	0	8564
866	8645	99	50	23	0	8817
867	93	58	17	8494	0	8662
868	36	22	23	8677	0	8758
869	8658	20	21	126	0	8825
870	8596	15	26	44	0	8681
871	8780	23	20	23	0	8846
872	127	25	8568	25	0	8745
873	8217	23	87	29	0	8356
874	95	8454	37	19	0	8605
875	37	8448	12	28	0	8525
876	19	114	16	8266	0	8415
877	25	42	10	8102	0	8179
878	15	8076	14	117	0	8222
879	19	101	11	8162	0	8293
880	8051	35	14	107	0	8207
881	97	36	7949	40	0	8122
882	38	7913	82	29	0	8062
883	7832	91	33	25	0	7981
884	78	7840	23	31	0	7972
885	36	91	7861	25	0	8013
886	16	38	88	7872	0	8014
887	24	24	7871	96	0	8015
888	17	7762	94	46	0	7919
889	21	89	34	7873	0	8017
890	21	41	7808	96	0	7966
891	22	21	7803	44	0	7890
892	26	17	110	7832	0	7985
893	7889	18	42	95	0	8044
894	7901	22	15	40	0	7978
895	7933	18	18	22	0	7991
896	112	29	7953	22	0	8116
897	44	7957	87	19	0	8107
898	21	88	34	8004	0	8147
899	20	38	17	7868	0	7943
900	12	7898	24	111	0	8045
901	7925	91	18	43	0	8077
902	91	38	13	7828	0	7970
903	38	20	7789	99	0	7946
904	23	7766	86	36	0	7911
905	7662	89	41	31	0	7823
906	75	7751	27	27	0	7880
907	31	97	26	7654	0	7808
908	27	41	17	7720	0	7805
909	23	18	30	7730	0	7801
910	16	26	7576	129	0	7747
911	24	18	105	7423	0	7570
912	18	7457	55	98	0	7628
913	28	7296	34	50	0	7408
914	32	109	7017	38	0	7196
915	6823	33	89	38	0	6983
916	7081	25	42	30	0	7178
917	113	6854	25	44	0	7036
918	6588	74	17	21	0	6700
919	6586	26	14	29	0	6655
920	95	6821	17	34	0	6967
921	46	84	13	7031	0	7174
922	44	33	7305	92	0	7474
923	38	36	7043	34	0	7151
924	7288	19	102	31	0	7440
925	102	7318	31	37	0	7488
926	32	115	20	7308	0	7475
927	26	50	17	7441	0	7534
928	19	30	17	7470	0	7536
929	7258	23	14	132	0	7427
930	102	24	18	7312	0	7456
931	34	33	15	7331	0	7413
932	33	25	6950	116	0	7124
933	6699	21	105	44	0	6869
934	95	6937	42	47	0	7121
935	6979	97	19	32	0	7127
936	104	6807	25	22	0	6958
937	41	98	29	6860	0	7028
938	6943	28	27	99	0	7097
939	6976	23	29	49	0	7077
940	106	32	6865	28	0	7031
941	6975	22	80	41	0	7118
942	107	28	7092	27	0	7254
943	42	15	6943	22	0	7022
944	32	23	7013	36	0	7104
945	29	24	7342	35	0	7430
946	33	25	122	7391	0	7571
947	37	25	7466	122	0	7650
948	24	25	125	7381	0	7555
949	7324	30	39	131	0	7524
950	114	24	28	7296	0	7462
951	7086	24	23	138	0	7271
952	122	7198	32	48	0	7400
953	47	122	25	7254	0	7448
954	41	52	6831	132	0	7056
955	27	7435	107	57	0	7626
956	22	176	39	7417	0	7654
957	36	38	7419	124	0	7617
958	19	7062	93	38	0	7212
959	17	7066	20	38	0	7141
960	34	119	6938	22	0	7113
961	26	68	100	6787	0	6981
962	33	18	6704	98	0	6853
963	6355	11	89	26	0	6481
964	6553	5	20	14	0	6592
965	98	6425	22	12	0	6557
966	6466	85	8	9	0	6568
967	97	22	7	6499	0	6625
968	29	16	6371	85	0	6501
969	6211	7	85	26	0	6329
970	88	8	6233	18	0	6347
971	24	6170	88	13	0	6295
972	6338	88	32	6	0	6464
973	92	21	13	6325	0	6451
974	23	11	6311	91	0	6436
975	6242	9	89	25	0	6365
976	6271	8	24	12	0	6315
977	6321	7	11	9	0	6348
978	105	8	11	6247	0	6371
979	37	7	4	6390	0	6438
980	23	5	6226	109	0	6363
981	17	6220	83	31	0	6351
982	15	82	26	6206	0	6329
983	11	26	12	6402	0	6451
984	11	15	6228	111	0	6365
985	12	10	6202	34	0	6258
986	13	6	101	6216	0	6336
987	6082	11	37	92	0	6222
988	85	6110	27	29	0	6251
989	6150	85	13	18	0	6266
990	93	6098	19	18	0	6228
991	31	95	6077	20	0	6223
992	20	27	6206	11	0	6264
993	6058	18	120	17	0	6213
994	6488	13	33	13	0	6547
995	116	6396	23	26	0	6561
996	39	95	6214	25	0	6373
997	23	31	100	6209	0	6363
998	21	18	34	6136	0	6209
999	15	6212	19	122	0	6368
1000	15	100	19	6318	0	6452
1001	20	38	6240	110	0	6408
1002	6147	19	107	40	0	6313
1003	6139	14	37	21	0	6211
1004	6165	13	22	23	0	6223
1005	6285	8	20	15	0	6328
1006	154	15	6034	12	0	6215
1007	6090	10	106	14	0	6220
1008	126	10	6024	21	0	6181
1009	48	5995	121	22	0	6186
1010	27	98	46	6133	0	6304
1011	6161	36	27	108	0	6332
1012	112	20	33	6398	0	6563
1013	40	18	6354	128	0	6540
1014	6330	14	119	53	0	6516
1015	6474	13	47	30	0	6564
1016	148	11	33	6390	0	6582
1017	58	21	22	6496	0	6597
1018	44	20	6237	153	0	6454
1019	31	6358	112	57	0	6558
1020	6059	108	47	38	0	6252
1021	122	37	5684	19	0	5862
1022	5316	21	109	13	0	5459
1023	116	5367	38	17	0	5538
1024	5264	90	21	13	0	5388
1025	113	5167	26	15	0	5321
1026	49	5225	26	19	0	5319
1027	36	128	18	5036	0	5218
1028	39	37	19	5149	0	5244
1029	21	31	12	5175	0	5239
1030	23	12	21	5192	0	5248
1031	27	16	4958	127	0	5128
1032	4966	15	94	49	0	5124
1033	5086	12	34	33	0	5165
1034	5128	4	23	26	0	5181
1035	134	9	15	4998	0	5156
1036	60	15	20	5055	0	5150
1037	4999	13	16	117	0	5145
1038	5015	10	20	54	0	5099
1039	5026	15	12	30	0	5083
1040	131	21	17	4850	0	5019
1041	55	18	9	4807	0	4889
1042	39	11	4577	119	0	4746
1043	31	11	4468	48	0	4558
1044	25	4458	103	33	0	4619
1045	3955	126	66	50	0	4197
1046	3890	30	38	25	0	3983
1047	3892	17	13	22	0	3944
1048	86	13	3861	18	0	3978
1049	3872	6	62	22	0	3962
1050	3932	10	26	18	0	3986
1051	3978	9	20	11	0	4018
1052	99	4	19	3850	0	3972
1053	50	5	10	3882	0	3947
1054	30	11	8	3815	0	3864
1055	28	14	3455	85	0	3582
1056	3219	15	52	41	0	3327
1057	70	3243	19	22	0	3354
1058	2843	33	10	12	0	2898
1059	57	2783	7	13	0	2860
1060	26	2803	9	12	0	2850
1061	26	49	12	2754	0	2841
1062	20	20	22	2695	0	2757
1063	16	2695	5	42	0	2758
1064	2669	32	2	27	0	2730
1065	2682	20	7	21	0	2730
1066	50	12	5	2627	0	2694
1067	30	6	2608	48	0	2692
1068	28	4	2588	21	0	2641
1069	26	9	2645	10	0	2690
1070	32	3	2632	11	0	2678
1071	2469	16	77	15	0	2577
1072	2484	5	21	13	0	2523
1073	45	6	15	2423	0	2489
1074	30	6	2368	44	0	2448
1075	25	7	34	2457	0	2523
1076	19	2513	18	45	0	2595
1077	20	2789	10	21	0	2840
1078	2826	51	8	14	0	2899
1079	2808	20	13	10	0	2851
1080	2827	18	10	14	0	2869
1081	55	11	7	2797	0	2870
1082	21	10	7	2849	0	2887
1083	22	7	10	2841	0	2880
1084	29	3	2	2847	0	2881
1085	23	4	2804	60	0	2891
1086	20	5	40	2797	0	2862
1087	2976	1	15	55	0	3047
1088	54	4	16	2992	0	3066
1089	20	6	9	3057	0	3092
1090	15	9	11	3036	0	3071
1091	18	2950	9	67	0	3044
1092	22	2938	6	33	0	2999
1093	22	2893	5	23	0	2943
1094	15	38	6	2674	0	2733
1095	8	11	5	2704	0	2728
1096	2706	4	8	50	0	2768
1097	2724	9	10	14	0	2757
1098	2749	10	5	9	0	2773
1099	43	9	2	2716	0	2770
1100	19	5	1	2723	0	2748
1101	14	2704	5	42	0	2765
1102	15	2825	5	20	0	2865
1103	2790	35	7	8	0	2840
1104	36	13	2	2735	0	2786
1105	2745	5	2	36	0	2788
1106	2821	5	1	23	0	2850
1107	35	7	4	2775	0	2821
1108	12	2955	6	36	0	3009
1109	3024	29	4	19	0	3076
1110	3103	8	4	11	0	3126
1111	44	3	3278	6	0	3331
1112	3052	5	20	2	0	3079
1113	20	3054	8	9	0	3091
1114	5	24	2	3237	0	3268
1115	3617	8	2	25	0	3652
1116	30	4	3	3680	0	3717
1117	10	2	2	3705	0	3719
1118	8	3681	0	31	0	3720
1119	3710	27	0	11	0	3748
1120	3740	4	1	11	0	3756
1121	31	3679	2	9	0	3721
1122	8	4064	1	6	0	4079
1123	4142	32	0	9	0	4183
1124	4122	12	2	5	0	4141
1125	35	7	4015	6	0	4063
1126	18	5	3866	2	0	3891
1127	6	7	4249	5	0	4267
1128	8	4	27	4314	0	4353
1129	11	3	5	4418	0	4437
1130	8	2	4400	34	0	4444
1131	4397	3	27	11	0	4438
1132	4594	6	9	7	0	4616
1133	4628	5	5	3	0	4641
1134	4617	3	2	7	0	4629
1135	36	3	5153	6	0	5198
1136	5276	4	23	5	0	5308
1137	5537	7	10	3	0	5557
1138	5539	5	3	3	0	5550
1139	5554	3	3	2	0	5562
1140	5548	4	8	5	0	5565
1141	35	6	5716	6	0	5763
1142	16	5599	26	6	0	5647
1143	15	23	6	5823	0	5867
1144	10	4	4	5901	0	5919
1145	10	7	5825	31	0	5873
1146	5593	5	28	11	0	5637
1147	33	3	9	5848	0	5893
1148	15	7	6061	30	0	6113
1149	9	10	5925	16	0	5960
1150	12	6159	33	6	0	6210
1151	18	28	11	6440	0	6497
1152	14	6	3	6506	0	6529
1153	10	5	3	6536	0	6554
1154	6603	1	9	30	0	6643
1155	34	8	8	6578	0	6628
1156	14	6	6576	32	0	6628
1157	9	8	6279	13	0	6309
1158	8	7	6922	13	0	6950
1159	10	5	33	7010	0	7058
1160	7272	4	11	31	0	7318
1161	35	4	7265	15	0	7319
1162	7205	1	33	9	0	7248
1163	8325	3	13	7	0	8348
1164	40	3	9	8469	0	8521
1165	19	5	7	8615	0	8646
1166	13	8572	12	43	0	8640
1167	13	33	8706	14	0	8766
1168	8326	6	33	12	0	8377
1169	38	8	11	9089	0	9146
1170	17	8985	6	44	0	9052
1171	11	35	5	9251	0	9302
1172	9	11	9238	37	0	9295
1173	10	6	39	9085	0	9140
1174	10	9030	15	46	0	9101
1175	12	29	8	9225	0	9274
1176	9210	9	7	36	0	9262
1177	37	5	9	9068	0	9119
1178	17	8877	9	41	0	8944
1179	12	8984	5	23	0	9024
1180	8899	33	14	17	0	8963
1181	41	14	9064	7	0	9126
1182	18	6	35	9022	0	9081
1183	10	8	8	9394	0	9420
1184	10	14	9453	42	0	9519
1185	9	9335	38	21	0	9403
1186	16	33	9567	10	0	9626
1187	7	18	45	9333	0	9403
1188	3	9705	13	47	0	9768
1189	10046	26	12	10	0	10094
1190	26	9802	17	24	0	9869
1191	11	9964	14	15	0	10004
1192	10362	28	10	15	0	10415
1193	10674	12	3	5	0	10694
1194	10813	7	4	6	0	10830
1195	34	3	6	10880	0	10923
1196	8	9	10890	28	0	10935
1197	10787	10	28	12	0	10837
1198	11466	4	3	13	0	11486
1199	49	4	6	11763	0	11822
1200	12	7	11839	49	0	11907
1201	6	11539	48	18	0	11611
1202	11837	47	13	9	0	11906
1203	12351	10	9	6	0	12376
1204	45	12447	4	19	0	12515
1205	8	12888	6	18	0	12920
1206	13024	48	5	6	0	13083
1207	12971	9	4	2	0	12986
1208	12866	6	2	5	0	12879
1209	52	8	3	12774	0	12837
1210	8	19	13076	51	0	13154
1211	9	10	43	12862	0	12924
1212	16	4	12996	45	0	13061
1213	12	12654	54	14	0	12734
1214	4	12895	9	19	0	12927
1215	21	40	11	12681	0	12753
1216	4	4	7	12863	0	12878
1217	5	6	3	12775	0	12789
1218	3	12672	6	53	0	12734
1219	12889	39	11	7	0	12946
1220	12670	9	3	11	0	12693
1221	45	12891	4	19	0	12959
1222	7	39	1	12720	0	12767
1223	7	12688	8	50	0	12753
1224	11	48	1	12833	0	12893
1225	15	12838	6	48	0	12907
1226	13085	47	5	5	0	13142
1227	48	11	3	12866	0	12928
1228	8	13	12781	48	0	12850
1229	12677	5	43	12	0	12737
1230	12841	7	8	16	0	12872
1231	50	16	12786	5	0	12857
1232	13	6	42	12815	0	12876
1233	8	9	12971	49	0	13037
1234	8	5	45	12997	0	13055
1235	9	17	12461	54	0	12541
1236	12064	11	48	11	0	12134
1237	46	9	7	12357	0	12419
1238	12	12258	17	65	0	12352
1239	13056	56	5	16	0	13133
1240	59	15	7	13153	0	13234
1241	14	16	3	13103	0	13136
1242	19	7	12983	76	0	13085
1243	12	11	61	13641	0	13725
1244	21	20	14012	94	0	14147
1245	24	12	14401	21	0	14458
1246	9	12	98	14954	0	15073
1247	16	8	16045	102	0	16171
1248	16089	11	137	19	0	16256
1249	18741	8	24	17	0	18790
1250	19537	11	23	17	0	19588
1251	279	20268	20	40	0	20607
1252	89	253	18	20772	0	21132
1253	52	81	16	20326	0	20475
1254	35	20986	26	292	0	21339
1255	21033	257	14	108	0	21412
1256	265	81	18	21085	0	21449
1257	89	55	21275	298	0	21717
1258	58	39	20390	98	0	20585
1259	37	20289	313	82	0	20721
1260	20940	262	110	36	0	21348
1261	290	95	20574	30	0	20989
1262	19615	49	292	44	0	20000
1263	291	18765	139	61	0	19256
1264	112	239	19641	38	0	20030
1265	59	102	19648	22	0	19831
1266	64	46	19496	32	0	19638
1267	32	18728	391	54	0	19205
1268	49	277	19345	22	0	19693
1269	19141	83	312	32	0	19568
1270	266	46	111	19476	0	19899
1271	91	26	70	19858	0	20045
1272	65	33	39	19934	0	20071
1273	54	32	24	20185	0	20295
1274	42	36	19639	388	0	20105
1275	41	25	284	19692	0	20042
1276	38	23	98	20158	0	20317
1277	19731	32	65	383	0	20211
1278	20249	40	56	140	0	20485
1279	20111	27	62	92	0	20292
1280	403	73	19558	71	0	20105
1281	136	20098	310	79	0	20623
1282	88	20943	119	57	0	21207
1283	19788	388	69	60	0	20305
1284	306	20388	82	56	0	20832
1285	117	363	60	20288	0	20828
1286	63	128	63	20760	0	21014
1287	62	85	19895	413	0	20455
1288	46	19406	348	152	0	19952
1289	64	321	19673	90	0	20148
1290	19309	114	377	75	0	19875
1291	20148	61	142	60	0	20411
1292	410	47	87	19843	0	20387
1293	134	33	72	19674	0	19913
1294	84	47	60	19728	0	19919
1295	61	35	62	19887	0	20045
1296	80	40	19234	497	0	19851
1297	52	44	336	19411	0	19843
1298	57	31	19153	433	0	19674
1299	58	62	18443	192	0	18755
1300	58	18519	407	143	0	19127
1301	18887	332	175	82	0	19476
1302	350	19042	103	87	0	19582
1303	125	388	83	18648	0	19244
1304	106	116	18972	380	0	19574
1305	18600	89	373	146	0	19208
1306	409	73	18621	100	0	19203
1307	18822	61	415	80	0	19378
1308	19064	61	151	80	0	19356
1309	464	57	122	19148	0	19791
1310	182	67	88	18954	0	19291
1311	140	80	90	19071	0	19381
1312	106	68	18029	539	0	18742
1313	18042	65	393	228	0	18728
1314	426	17971	172	167	0	18736
1315	192	390	102	18312	0	18996
1316	18282	132	106	458	0	18978
1317	18581	91	112	179	0	18963
1318	18672	84	90	160	0	19006
1319	586	80	17880	142	0	18688
1320	18251	98	415	139	0	18903
1321	18561	104	162	171	0	18998
1322	549	87	17404	162	0	18202
1323	228	96	18387	134	0	18845
1324	177	82	540	18412	0	19211
1325	131	75	18182	467	0	18855
1326	110	17789	526	217	0	18642
1327	99	18504	275	138	0	19016
1328	17871	503	177	90	0	18641
1329	456	18281	133	106	0	18976
1330	220	442	143	18327	0	19132
1331	17633	156	153	465	0	18407
1332	433	18222	119	240	0	19014
1333	160	456	170	18201	0	18987
1334	146	160	150	18588	0	19044
1335	115	112	17887	585	0	18699
1336	113	89	450	18111	0	18763
1337	125	96	17836	587	0	18644
1338	148	53	17640	286	0	18127
1339	137	65	482	17191	0	17875
1340	110	63	197	17533	0	17903
1341	17058	60	138	599	0	17855
1342	438	17814	111	307	0	18670
1343	183	402	98	17158	0	17841
1344	153	273	96	17205	0	17727
1345	16160	99	61	568	0	16888
1346	447	15647	77	278	0	16449
1347	194	14715	57	169	0	15135
1348	141	13825	81	107	0	14154
1349	58	11777	52	78	0	11965
1350	9702	258	375	51	0	10386
1351	9454	74	94	50	0	9672
1352	8951	52	30	37	0	9070
1353	8933	25	24	36	0	9018
1354	236	33	20	8704	0	8993
1355	74	26	8497	202	0	8799
1356	52	8468	184	64	0	8768
1357	39	184	43	8455	0	8721
1358	38	47	8362	188	0	8635
1359	42	65	178	8340	0	8625
1360	42	25	42	8499	0	8608
1361	30	25	8295	223	0	8573
1362	38	16	171	8338	0	8563
1363	34	17	57	8479	0	8587
1364	8361	19	48	241	0	8669
1365	8305	21	30	83	0	8439
1366	8259	21	25	73	0	8378
1367	8217	16	25	50	0	8308
1368	237	26	31	7968	0	8262
1369	77	20	27	8136	0	8260
1370	69	15	26	8067	0	8177
1371	7811	25	33	240	0	8109
1372	208	29	17	7849	0	8103
1373	74	28	21	7909	0	8032
1374	72	29	7407	232	0	7740
1375	52	42	165	7413	0	7672
1376	51	7350	41	232	0	7674
1377	53	7586	51	70	0	7760
1378	7012	182	19	69	0	7282
1379	179	68	6789	52	0	7088
1380	42	6275	142	56	0	6515
1381	6223	144	43	37	0	6447
1382	152	40	33	6227	0	6452
1383	52	41	6165	167	0	6425
1384	37	32	142	6057	0	6268
1385	30	6290	41	179	0	6540
1386	6247	147	42	52	0	6488
1387	139	6424	23	60	0	6646
1388	6392	163	16	40	0	6611
1389	6522	39	15	37	0	6613
1390	186	49	13	6408	0	6656
1391	70	20	12	6328	0	6430
1392	50	6296	17	173	0	6536
1393	6378	150	11	66	0	6605
1394	162	44	6238	50	0	6494
1395	6075	39	121	31	0	6266
1396	6013	25	30	32	0	6100
1397	220	20	5700	35	0	5975
1398	66	37	114	5448	0	5665
1399	5501	19	32	142	0	5694
1400	136	14	5413	58	0	5621
1401	43	13	5167	56	0	5279
1402	4834	24	129	27	0	5014
1403	115	4812	53	18	0	4998
1404	41	4464	34	24	0	4563
1405	40	112	29	4407	0	4588
1406	21	53	4346	101	0	4521
1407	4207	31	97	39	0	4374
1408	111	15	4247	40	0	4413
1409	40	3990	94	20	0	4144
1410	3999	87	33	26	0	4145
1411	91	33	28	3994	0	4146
1412	4021	33	2	101	0	4157
1413	117	19	3932	34	0	4102
1414	48	17	77	3905	0	4047
1415	42	3991	27	87	0	4147
1416	20	94	29	3970	0	4113
1417	22	33	10	4088	0	4153
1418	26	32	3979	109	0	4146
1419	36	3883	81	48	0	4048
1420	25	3892	34	38	0	3989
1421	36	78	3666	24	0	3804
1422	3425	42	83	18	0	3568
1423	3517	20	37	17	0	3591
1424	90	23	25	3419	0	3557
1425	3316	5	15	74	0	3410
1426	82	3185	21	28	0	3316
1427	30	3330	16	36	0	3412
1428	3351	83	11	19	0	3464
1429	81	46	14	3317	0	3458
1430	3374	26	11	76	0	3487
1431	3433	10	14	36	0	3493
1432	95	5	15	3246	0	3361
1433	48	8	3156	78	0	3290
1434	3188	17	64	21	0	3290
1435	3220	22	19	21	0	3282
1436	91	11	21	3134	0	3257
1437	44	3141	18	76	0	3279
1438	37	65	12	3187	0	3301
1439	24	17	3106	87	0	3234
1440	11	24	3057	39	0	3131
1441	17	3097	73	33	0	3220
1442	60	56	30	2119	0	2265
1443	9	14	8	2159	0	2190
1444	9	6	2121	43	0	2179
1445	2081	9	31	12	0	2133
1446	2184	6	8	7	0	2205
1447	2162	5	12	7	0	2186
1448	2167	6	3	9	0	2185
1449	46	2068	10	6	0	2130
1450	14	2167	7	7	0	2195
1451	2215	35	3	4	0	2257
1452	33	13	7	2253	0	2306
1453	15	11	3	2279	0	2308
1454	13	2263	5	37	0	2318
1455	9	32	5	2281	0	2327
1456	13	11	5	2267	0	2296
1457	10	2233	5	46	0	2294
1458	6	40	2221	16	0	2283
1459	7	11	39	2234	0	2291
1460	2233	6	10	38	0	2287
1461	2201	8	4	13	0	2226
1462	45	4	2147	16	0	2212
1463	13	2	2131	11	0	2157
1464	10	9	2096	4	0	2119
1465	5	10	42	2052	0	2109
1466	9	7	2064	36	0	2116
1467	9	8	2093	12	0	2122
1468	9	21	37	2061	0	2128
1469	11	2144	7	36	0	2198
1470	11	34	2160	11	0	2216
1471	14	2196	30	11	0	2251
1472	2190	36	13	7	0	2246
1473	33	2158	5	14	0	2210
1474	14	38	8	2168	0	2228
1475	2170	10	5	42	0	2227
1476	38	6	6	2165	0	2215
1477	12	6	8	2204	0	2230
1478	5	6	2164	46	0	2221
1479	11	2134	33	13	0	2191
1480	11	2215	12	8	0	2246
1481	8	38	13	2130	0	2189
1482	7	10	12	2122	0	2151
1483	6	9	7	2085	0	2107
1484	10	2	2036	40	0	2088
1485	6	4	1902	13	0	1925
1486	1810	5	32	9	0	1856
1487	20	8	1754	8	0	1790
1488	8	3	1707	9	0	1727
1489	5	1649	21	8	0	1683
1490	8	23	13	1659	0	1703
1491	7	12	1660	20	0	1699
1492	6	6	16	1648	0	1676
1493	11	3	1693	19	0	1726
1494	6	2	21	1699	0	1728
1495	8	3	1826	24	0	1861
1496	4	5	21	1828	0	1858
1497	3	6	9	1804	0	1822
1498	3	1868	5	29	0	1905
1499	1	21	8	1886	0	1916
1500	4	1902	3	25	0	1934
1501	3	23	6	1928	0	1960
1502	2	5	6	1941	0	1954
1503	1899	5	9	29	0	1942
1504	22	4	6	1896	0	1928
1505	9	1	1865	22	0	1897
1506	4	5	24	1860	0	1893
1507	5	4	10	1888	0	1907
1508	4	6	1840	32	0	1882
1509	4	3	1835	13	0	1855
1510	3	6	26	1805	0	1840
1511	4	5	12	1876	0	1897
1512	2	10	1856	33	0	1901
1513	2	1796	30	11	0	1839
1514	4	1870	10	13	0	1897
1515	1851	25	4	14	0	1894
1516	19	13	7	1861	0	1900
1517	1895	3	5	29	0	1932
1518	1839	5	10	14	0	1868
1519	21	1844	8	15	0	1888
1520	1881	22	8	10	0	1921
1521	1897	7	6	11	0	1921
1522	24	5	1860	10	0	1899
1523	6	8	25	1868	0	1907
1524	2	3	1911	32	0	1948
1525	2	7	23	1911	0	1943
1526	5	6	1900	27	0	1938
1527	3	1816	24	11	0	1854
1528	6	1847	11	7	0	1871
1529	11	17	5	1806	0	1839
1530	1776	3	8	16	0	1803
1531	17	3	4	1796	0	1820
1532	5	7	4	1786	0	1802
1533	5	3	1796	23	0	1827
1534	5	1	1800	10	0	1816
1535	5	4	1810	7	0	1826
1536	2	5	22	1790	0	1819
1537	1	7	8	1786	0	1802
1538	5	1815	5	22	0	1847
1539	3	1860	5	16	0	1884
1540	1854	18	8	6	0	1886
1541	14	1827	6	12	0	1859
1542	10	16	1748	8	0	1782
1543	4	7	16	1776	0	1803
1544	5	2	1831	18	0	1856
1545	5	1842	15	8	0	1870
1546	4	18	7	1849	0	1878
1547	1807	4	6	20	0	1837
1548	14	3	1814	9	0	1840
1549	3	1829	18	6	0	1856
1550	7	13	1821	9	0	1850
1551	1	1776	13	6	0	1796
1552	3	19	4	1732	0	1758
1553	1730	8	1	9	0	1748
1554	1709	3	2	6	0	1720
1555	13	1695	2	2	0	1712
1556	1737	8	2	7	0	1754
1557	11	3	4	1738	0	1756
1558	1781	1	7	11	0	1800
1559	7	5	1904	8	0	1924
1560	5	1	1917	5	0	1928
1561	2	2	14	1874	0	1892
1562	3	2	6	2022	0	2033
1563	2	4	2007	16	0	2029
1564	2	5	11	2065	0	2083
1565	2075	4	6	17	0	2102
1566	2066	4	2	7	0	2079
1567	20	1991	6	6	0	2023
1568	7	1971	0	4	0	1982
1569	1923	15	6	2	0	1946
1570	13	7	2	1900	0	1922
1571	1869	1	3	17	0	1890
1572	13	1838	3	16	0	1870
1573	1876	13	7	1	0	1897
1574	13	7	1846	2	0	1868
1575	8	3	1849	3	0	1863
1576	4	7	17	1837	0	1865
1577	3	2	1863	17	0	1885
1578	5	4	15	1807	0	1831
1579	9	0	8	1827	0	1844
1580	2	4	1883	15	0	1904
1581	8	1	16	1891	0	1916
1582	3	4	6	1990	0	2003
1583	4	2	2028	24	0	2058
1584	3	1	2024	8	0	2036
1585	2019	1	25	6	0	2051
1586	22	0	2110	6	0	2138
1587	2276	7	24	3	0	2310
1588	2424	4	7	5	0	2440
1589	38	3	2474	2	0	2517
1590	5	3	2558	5	0	2571
1591	7	7	34	2508	0	2556
1592	4	4	8	2458	0	2474
1593	3	2499	7	33	0	2542
1594	2	2562	9	10	0	2583
1595	2	32	2426	6	0	2466
1596	2384	6	29	7	0	2426
1597	2458	4	6	5	0	2473
1598	32	3	2368	2	0	2405
1599	12	0	2401	6	0	2419
1600	8	2	31	2344	0	2385
1601	7	2427	10	27	0	2471
1602	2	29	6	2456	0	2493
1603	7	7	6	2499	0	2519
1604	2482	5	6	30	0	2523
1605	2476	6	4	9	0	2495
1606	35	1	7	2510	0	2553
1607	11	3	2507	30	0	2551
1608	2463	1	30	8	0	2502
1609	27	2547	10	7	0	2591
1610	2579	27	10	6	0	2622
1611	2540	7	6	11	0	2564
1612	34	2546	5	6	0	2591
1613	9	2587	4	11	0	2611
1614	11	33	3	2582	0	2629
1615	7	8	10	2595	0	2620
1616	5	2590	3	36	0	2634
1617	6	30	3	2575	0	2614
1618	6	9	8	2593	0	2616
1619	6	6	2542	35	0	2589
1620	2533	7	26	13	0	2579
1621	2605	5	11	7	0	2628
1622	2595	4	11	10	0	2620
1623	38	2	7	2559	0	2606
1624	2524	2	7	33	0	2566
1625	39	2477	11	8	0	2535
1626	14	27	7	2422	0	2470
1627	6	2433	14	29	0	2482
1628	9	2515	8	12	0	2544
1629	2513	36	3	12	0	2564
1630	2521	5	19	11	0	2556
1631	2466	5	12	8	0	2491
1632	2474	6	5	10	0	2495
1633	2463	4	9	8	0	2484
1634	40	5	2466	10	0	2521
1635	2488	8	31	8	0	2535
1636	36	10	2519	2	0	2567
1637	2472	6	34	9	0	2521
1638	2485	2	6	9	0	2502
1639	2445	4	11	7	0	2467
1640	41	8	2545	5	0	2599
1641	14	5	30	2498	0	2547
1642	13	2563	10	32	0	2618
1643	2648	30	10	9	0	2697
1644	2610	8	8	12	0	2638
1645	41	2622	11	24	0	2698
1646	2717	33	8	8	0	2766
1647	40	7	8	2643	0	2698
1648	14	2705	10	34	0	2763
1649	2749	34	8	14	0	2805
1650	2755	8	9	14	0	2786
1651	44	10	8	2730	0	2792
1652	2779	4	12	38	0	2833
1653	49	6	11	2799	0	2865
1654	19	9	11	2844	0	2883
1655	19	5	2808	41	0	2873
1656	14	6	36	2764	0	2820
1657	18	6	9	2789	0	2822
1658	13	9	2777	41	0	2840
1659	13	5	2653	13	0	2684
1660	8	4	34	2678	0	2724
1661	13	5	2684	30	0	2732
1662	2554	5	33	5	0	2597
1663	37	2671	11	10	0	2729
1664	6	25	8	2706	0	2745
1665	9	5	7	2747	0	2768
1666	10	7	1	2741	0	2759
1667	2751	7	3	31	0	2792
1668	2751	4	2	10	0	2767
1669	2776	7	1	13	0	2797
1670	35	2739	6	11	0	2791
1671	21	25	1	2791	0	2838
1672	14	6	2	2822	0	2844
1673	2809	5	3	28	0	2845
1674	2825	6	3	8	0	2842
1675	31	6	3	2783	0	2823
1676	13	6	2817	27	0	2863
1677	2834	3	28	4	0	2869
1678	2902	4	5	8	0	2919
1679	34	7	2919	8	0	2968
1680	2791	3	20	7	0	2821
1681	29	2	2923	8	0	2962
1682	2925	0	23	3	0	2951
1683	25	33	7	2994	0	3059
1684	13	3238	3	24	0	3278
1685	10	20	3397	5	0	3432
1686	8	3334	26	5	0	3373
1687	4	3232	7	8	0	3251
1688	3384	35	20	8	0	3447
1689	23	3	2	3342	0	3370
1690	1	5	0	3301	0	3307
1691	3490	0	0	15	0	3505
1692	15	3	0	3533	0	3551
1693	1	1	1	3542	0	3545
1694	4	1	2	3549	0	3556
1695	1	2	0	3521	0	3524
1696	2	3	3570	16	0	3591
1697	2	2	3530	4	0	3538
1698	1	3507	13	4	0	3525
1699	3709	13	5	3	0	3730
1700	16	1	2	3750	0	3769
1701	1	3773	1	17	0	3792
1702	3	14	2	4028	0	4047
1703	0	3	2	4031	0	4036
1704	0	1	2	4049	0	4052
1705	0	0	2	4115	0	4117
1706	1	1	2	4159	0	4163
1707	1	4046	2	19	0	4068
1708	1	20	1	4172	0	4194
1709	2	4	4096	18	0	4120
1710	2	4047	12	4	0	4065
1711	0	19	1	4179	0	4199
1712	3	4	3	4148	0	4158
1713	1	4029	1	26	0	4057
1714	0	4106	2	12	0	4120
1715	4109	21	1	4	0	4135
1716	16	4003	1	7	0	4027
1717	4128	17	4	5	0	4154
1718	4108	3	1	5	0	4117
1719	17	7	4385	6	0	4415
1720	3	2	16	4230	0	4251
1721	4	2	4493	18	0	4517
1722	0	4547	17	6	0	4570
1723	4	25	4	4621	0	4654
1724	1	4	3	4732	0	4740
1725	2	8	0	4747	0	4757
1726	3	0	0	4773	0	4776
1727	0	3	4880	26	0	4909
1728	2	4	21	4833	0	4860
1729	6	0	4991	28	0	5025
1730	2	3	5000	5	0	5010
1731	4919	6	32	7	0	4964
1732	5056	1	172	3	0	5232
1733	5261	1	9	2	0	5273
1734	25	5095	2	3	0	5125
1735	8	23	1	5277	0	5309
1736	6	5	5603	25	0	5639
1737	1	5	21	5588	0	5615
1738	6	4	5888	29	0	5927
1739	5932	3	26	3	0	5964
1740	5984	3	3	6	0	5996
1741	5960	1	5	2	0	5968
1742	31	5	5828	2	0	5866
1743	10	3	5890	8	0	5911
1744	4	2	25	6051	0	6082
1745	2	1	12	6142	0	6157
1746	1	3	5	6236	0	6245
1747	3	4	6221	23	0	6251
1748	1	4	5887	10	0	5902
1749	6070	1	19	7	0	6097
1750	19	1	8	6417	0	6445
1751	3	1	7	6467	0	6478
1752	6635	0	2	24	0	6661
1753	19	0	4	6575	0	6598
1754	7311	0	5	28	0	7344
1755	7668	0	1	10	0	7679
1756	7655	0	5	10	0	7670
1757	31	3	7854	4	0	7892
1758	7	7685	19	8	0	7719
1759	8296	20	5	6	0	8327
1760	23	2	7	8263	0	8295
1761	3	4	1	8259	0	8267
1762	5	8215	4	25	0	8249
1763	8379	20	0	9	0	8408
1764	8388	4	0	6	0	8398
1765	8519	3	1	6	0	8529
1766	29	8475	5	4	0	8513
1767	9236	22	6	2	0	9266
1768	9252	2	1	7	0	9262
1769	9311	4	2	6	0	9323
1770	28	3	0	9193	0	9224
1771	12	3	5	9277	0	9297
1772	9	6	9649	27	0	9691
1773	6	5	21	9425	0	9457
1774	3	2	3	9690	0	9698
1775	6	4	9700	29	0	9739
1776	9335	2	19	8	0	9364
1777	9761	1	3	7	0	9772
1778	29	2	4	9634	0	9669
1779	11	9475	3	24	0	9513
1780	6	9566	5	9	0	9586
1781	6	34	6	9648	0	9694
1782	5	7	9458	28	0	9498
1783	4	14	20	9134	0	9172
1784	3	4	9473	26	0	9506
1785	6	10	9727	4	0	9747
1786	2	1	16	10019	0	10038
1787	10234	1	3	20	0	10258
1788	10104	3	1	10	0	10118
1789	18	5	1	10378	0	10402
1790	6	2	1	10533	0	10542
1791	4	0	1	10601	0	10606
1792	2	2	1	10579	0	10584
1793	10713	1	2	24	0	10740
1794	10613	1	4	12	0	10630
1795	10612	0	0	6	0	10618
1796	20	1	10613	2	0	10636
1797	5	1	13	10549	0	10568
1798	6	0	3	10851	0	10860
1799	10860	1	3	17	0	10881
1800	16	10455	7	10	0	10488
1801	10893	19	0	3	0	10915
1802	10856	4	0	3	0	10863
1803	10842	1	3	6	0	10852
1804	10933	0	10	5	0	10948
1805	38	11	11232	4	0	11285
1806	23	21	10704	4	0	10752
1807	11803	5	38	5	0	11851
1808	11992	1	8	9	0	12010
1809	11936	1	6	4	0	11947
1810	12319	1	2	5	0	12327
1811	50	6	13178	5	0	13239
1812	6	13564	59	10	0	13639
1813	34	65	10	15062	0	15171
1814	15990	20	5	83	0	16098
1815	16316	8	7	35	0	16366
1816	17183	4	3	20	0	17210
1817	17416	1	3	5	0	17425
1818	17465	2	6	10	0	17483
1819	17062	2	26	11	0	17101
1820	234	8	16525	9	0	16776
1821	81	5	16606	5	0	16697
1822	44	4	168	16455	0	16671
1823	37	8	16743	136	0	16924
1824	31	16142	157	57	0	16387
1825	24	16854	61	36	0	16975
1826	28	158	35	17263	0	17484
1827	22	55	17739	134	0	17950
1828	24	43	17184	47	0	17298
1829	17374	16	193	25	0	17608
1830	19165	16	69	17	0	19267
1831	267	11	33	19273	0	19584
1832	19630	8	20	219	0	19877
1833	252	8	29	19484	0	19773
1834	80	14	14	19714	0	19822
1835	59	9	19784	286	0	20138
1836	32	22	19202	91	0	19347
1837	29	8	264	19306	0	19607
1838	38	10	19171	236	0	19455
1839	18451	11	263	89	0	18814
1840	19556	15	86	41	0	19698
1841	291	19512	57	52	0	19912
1842	20143	213	31	29	0	20416
1843	290	59	19695	21	0	20065
1844	19636	27	233	27	0	19923
1845	20041	13	83	20	0	20157
1846	20148	17	45	37	0	20247
1847	361	16	26	19553	0	19956
1848	133	19626	50	249	0	20058
1849	20273	227	33	84	0	20617
1850	20326	62	40	49	0	20477
1851	324	45	56	20700	0	21125
1852	20816	17	22	273	0	21128
1853	310	21509	34	121	0	21974
1854	141	261	24	21427	0	21853
1855	111	84	20992	307	0	21494
1856	19388	50	316	119	0	19873
1857	344	44	20721	73	0	21182
1858	133	45	325	20788	0	21291
1859	86	20666	121	295	0	21168
1860	87	21959	62	128	0	22236
1861	80	423	52	21952	0	22507
1862	85	22742	47	372	0	23246
1863	79	432	44	26779	0	27334
1864	84	123	42	27837	0	28086
1865	69	76	49	28235	0	28429
1866	27332	56	41	730	0	28159
1867	579	37	33	27248	0	27897
1868	210	80	26290	633	0	27213
1869	136	26357	514	265	0	27272
1870	26805	522	141	145	0	27613
1871	598	152	75	26640	0	27465
1872	223	88	63	26896	0	27270
1873	140	60	66	27229	0	27495
1874	129	93	25838	748	0	26808
1875	94	26172	537	306	0	27109
1876	26525	540	152	195	0	27412
1877	579	200	114	25313	0	26206
1878	187	26477	79	623	0	27366
1879	26771	575	80	239	0	27665
1880	622	193	26294	174	0	27283
1881	26424	117	571	145	0	27257
1882	680	108	26614	129	0	27531
1883	249	107	26493	117	0	26966
1884	168	26054	687	164	0	27073
1885	133	564	216	25593	0	26506
1886	148	202	25232	616	0	26198
1887	110	24801	617	284	0	25812
1888	100	585	232	24529	0	25446
1889	94	24500	159	623	0	25376
1890	98	624	24441	234	0	25397
1891	80	218	625	24541	0	25464
1892	106	149	24508	665	0	25428
1893	108	128	627	24584	0	25447
1894	117	88	236	25143	0	25584
1895	102	102	24269	789	0	25262
1896	98	97	632	24600	0	25427
1897	24002	96	246	719	0	25063
1898	609	23916	203	355	0	25083
1899	233	615	23736	257	0	24841
1900	23872	212	612	216	0	24912
1901	660	139	221	23265	0	24285
1902	247	23655	165	668	0	24735
1903	24056	604	152	259	0	25071
1904	24295	236	137	204	0	24872
1905	756	151	135	23063	0	24105
1906	286	131	107	23472	0	23996
1907	192	130	102	23460	0	23884
1908	154	109	116	23236	0	23615
1909	155	22396	126	912	0	23589
1910	164	912	117	21125	0	22318
1911	129	20894	110	688	0	21821
1912	119	20522	103	341	0	21085
1913	105	19817	105	244	0	20271
1914	143	658	17669	224	0	18694
1915	115	18519	527	213	0	19374
1916	17233	570	258	234	0	18295
1917	498	17286	134	220	0	18138
1918	169	549	119	15832	0	16669
1919	135	17323	127	524	0	18109
1920	136	559	102	17107	0	17904
1921	114	255	119	17689	0	18177
1922	117	201	16966	655	0	17939
1923	16700	180	501	295	0	17676
1924	17260	158	170	253	0	17841
1925	16913	159	150	217	0	17439
1926	583	16550	126	272	0	17531
1927	211	519	149	16055	0	16934
1928	181	218	15498	597	0	16494
1929	143	15619	492	287	0	16541
1930	127	521	162	13179	0	13989
1931	105	14084	129	432	0	14750
1932	14011	436	125	215	0	14787
1933	14182	212	132	164	0	14690
1934	14285	148	130	152	0	14715
1935	14079	131	133	157	0	14500
1936	515	124	132	13590	0	14361
1937	192	141	119	13571	0	14023
1938	165	13377	121	502	0	14165
1939	132	428	105	13606	0	14271
1940	109	199	13070	512	0	13890
1941	102	149	390	12967	0	13608
1942	81	134	12573	520	0	13308
1943	74	12503	410	287	0	13274
1944	100	412	12557	189	0	13258
1945	92	179	448	12648	0	13367
1946	92	129	12592	494	0	13307
1947	90	131	413	12534	0	13168
1948	95	123	191	12684	0	13093
1949	110	114	123	12588	0	12935
1950	97	121	116	12583	0	12917
1951	11472	118	90	509	0	12189
1952	376	11501	82	250	0	12209
1953	10406	356	69	188	0	11019
1954	366	152	10031	164	0	10713
1955	9843	102	319	156	0	10420
1956	10136	96	104	154	0	10490
1957	437	90	9729	134	0	10390
1958	233	92	9364	122	0	9811
1959	135	9174	338	161	0	9808
1960	89	8628	110	127	0	8954
1961	170	352	7683	148	0	8353
1962	75	6727	233	177	0	7212
1963	129	246	118	2805	0	3298
1964	2454	12	52	57	0	2575
1965	30	6	5	2457	0	2498
1966	2545	7	1	31	0	2584
1967	2547	4	3	11	0	2565
1968	29	2597	2	15	0	2643
1969	2618	21	2	6	0	2647
1970	2632	11	3	4	0	2650
1971	32	8	3	2578	0	2621
1972	2648	6	1	26	0	2681
1973	23	2701	3	12	0	2739
1974	7	30	4	2750	0	2791
1975	2747	10	5	27	0	2789
1976	26	5	2748	9	0	2788
1977	2763	5	22	1	0	2791
1978	25	10	5	2829	0	2869
1979	6	1	2854	25	0	2886
1980	8	5	2785	6	0	2804
1981	2800	17	25	7	0	2849
1982	2818	0	3	3	0	2824
1983	19	0	1	2809	0	2829
1984	3	3	2	2849	0	2857
1985	6	1	1	2869	0	2877
1986	4	2828	3	25	0	2860
1987	2935	20	1	4	0	2960
1988	20	2905	2	1	0	2928
1989	2937	19	2	6	0	2964
1990	23	3	2892	3	0	2921
1991	2	3	21	2951	0	2977
1992	3025	0	4	22	0	3051
1993	22	5	0	3019	0	3046
1994	3	3	3	3023	0	3032
1995	4	2966	3	18	0	2991
1996	3002	18	3	3	0	3026
1997	23	3087	1	2	0	3113
1998	3	17	3	3153	0	3176
1999	1	2	3102	26	0	3131
2000	2871	3	20	8	0	2902
2001	21	3	3094	4	0	3122
2002	2931	4	22	3	0	2960
2003	19	3120	4	6	0	3149
2004	6	24	1	3138	0	3169
2005	4	3140	3	22	0	3169
2006	3215	27	2	8	0	3252
2007	32	3	2	3319	0	3356
2008	7	4	1	3373	0	3385
2009	6	1	3249	34	0	3290
2010	3099	3	30	8	0	3140
2011	33	3	2	3377	0	3415
2012	7	4	3313	35	0	3359
2013	5	3263	30	8	0	3306
2014	4	27	10	3356	0	3397
2015	3378	4	2	31	0	3415
2016	31	5	4	3385	0	3425
2017	6	1	3413	33	0	3453
2018	3570	4	27	8	0	3609
2019	37	1	7	3625	0	3670
2020	9	5	3904	36	0	3954
2021	5	5	44	4003	0	4057
2022	6	3	12	3995	0	4016
2023	6	4007	5	49	0	4067
2024	4032	36	5	17	0	4090
2025	48	3994	8	9	0	4059
2026	4058	43	1	10	0	4112
2027	42	14	4	3999	0	4059
2028	13	4012	2	42	0	4069
2029	6	48	1	4044	0	4099
2030	6	16	3920	46	0	3988
2031	3782	11	42	19	0	3854
2032	48	3	14	3861	0	3926
2033	17	5	6	3838	0	3866
2034	11	1	2	3902	0	3916
2035	6	8	3785	53	0	3852
2036	14	8	3790	18	0	3830
2037	4	3780	47	22	0	3853
2038	3	45	17	3887	0	3952
2039	3924	14	3	48	0	3989
2040	41	3950	7	22	0	4020
2041	20	40	3	4106	0	4169
2042	4170	11	5	51	0	4237
2043	4195	6	6	17	0	4224
2044	59	4165	7	10	0	4241
2045	4557	42	5	12	0	4616
2046	4790	19	7	6	0	4822
2047	82	11	1	4971	0	5065
2048	30	4945	3	71	0	5049
2049	16	65	1	5068	0	5150
2050	5015	23	6	75	0	5119
2051	72	11	4985	32	0	5100
2052	36	10	67	4982	0	5095
2053	22	2	21	5068	0	5113
2054	11	16	4936	97	0	5060
2055	10	11	67	5006	0	5094
2056	4986	10	21	89	0	5106
2057	4938	4	13	43	0	4998
2058	96	10	14	4945	0	5065
2059	33	6	4865	98	0	5002
2060	26	9	4681	43	0	4759
2061	11	4747	95	27	0	4880
2062	11	4866	34	27	0	4938
2063	20	81	18	4794	0	4913
2064	4753	29	9	78	0	4869
2065	68	4724	12	43	0	4847
2066	4655	70	15	18	0	4758
2067	73	25	12	4627	0	4737
2068	38	22	6	4595	0	4661
2069	4491	17	9	93	0	4610
2070	66	4459	14	45	0	4584
2071	4520	66	7	27	0	4620
2072	86	41	4341	16	0	4484
2073	44	24	4253	21	0	4342
2074	27	18	76	4205	0	4326
2075	20	9	4232	81	0	4342
2076	24	12	4164	39	0	4239
2077	14	15	75	4021	0	4125
2078	18	10	4046	75	0	4149
2079	20	6	70	3952	0	4048
2080	14	7	42	3985	0	4048
2081	16	5	3968	96	0	4085
2082	14	12	75	3905	0	4006
2083	12	3	41	3878	0	3934
2084	8	3818	25	97	0	3948
2085	3879	55	29	40	0	4003
2086	62	36	3821	37	0	3956
2087	30	17	60	3793	0	3900
2088	18	13	36	3850	0	3917
2089	9	10	3743	108	0	3870
2090	3633	18	58	56	0	3765
2091	64	3701	31	70	0	3866
2092	40	61	18	3726	0	3845
2093	26	23	21	3738	0	3808
2094	11	3694	13	105	0	3823
2095	25	63	3610	54	0	3752
2096	16	3718	68	31	0	3833
2097	3639	74	44	19	0	3776
2098	59	39	3563	22	0	3683
2099	27	17	71	3562	0	3677
2100	25	15	3554	73	0	3667
2101	10	18	3540	45	0	3613
2102	6	3490	91	28	0	3615
2103	32	56	33	3384	0	3505
2104	3392	28	23	56	0	3499
2105	3367	13	25	44	0	3449
2106	68	3364	13	31	0	3476
2107	29	46	22	3301	0	3398
2108	3306	33	22	54	0	3415
2109	3341	19	9	39	0	3408
2110	68	3338	13	24	0	3443
2111	3362	42	13	23	0	3440
2112	58	30	14	3295	0	3397
2113	32	3370	18	55	0	3475
2114	19	48	9	3444	0	3520
2115	22	32	12	3415	0	3481
2116	13	23	10	3451	0	3497
2117	19	12	3307	80	0	3418
2118	16	19	3087	39	0	3161
2119	18	3066	60	27	0	3171
2120	2724	38	35	15	0	2812
2121	34	2689	12	28	0	2763
2122	20	32	13	2685	0	2750
2123	12	23	2778	44	0	2857
2124	10	14	41	2737	0	2802
2125	6	16	32	2801	0	2855
2126	9	15	10	2834	0	2868
2127	2784	8	11	53	0	2856
2128	31	13	9	2815	0	2868
2129	19	9	2869	46	0	2943
2130	2836	5	34	31	0	2906
2131	2880	10	18	25	0	2933
2132	2931	7	5	30	0	2973
2133	2929	5	13	19	0	2966
2134	2919	6	5	20	0	2950
2135	51	2845	13	18	0	2927
2136	26	27	9	2765	0	2827
2137	26	2798	5	33	0	2862
2138	2796	27	3	22	0	2848
2139	2725	19	12	12	0	2768
2140	2644	9	6	14	0	2673
2141	43	2554	8	13	0	2618
2142	15	2435	6	9	0	2465
2143	12	2435	1	14	0	2462
2144	19	38	2368	6	0	2431
2145	21	105	25	1924	0	2075
2146	7	1694	2	8	0	1711
2147	5	1495	2	1	0	1503
2148	5	1	1	1516	0	1523
2149	0	0	2	1516	0	1518
2150	0	1	1512	3	0	1516
2151	1538	1	0	1	0	1540
2152	2	2	1	1610	0	1615
2153	0	0	0	1612	0	1612
2154	0	0	1599	2	0	1601
2155	0	1	1554	0	0	1555
2156	2	1609	1	0	0	1612
2157	0	3	1	1654	0	1658
2158	0	0	1	1663	0	1664
2159	0	1	1640	1	0	1642
2160	1604	1	2	0	0	1607
2161	1705	2	1	0	0	1708
2162	1	1	1784	2	0	1788
2163	1816	0	5	2	0	1823
2164	6	3	1817	0	0	1826
2165	1843	0	5	1	0	1849
2166	1862	0	6	1	0	1869
2167	7	1	1921	1	0	1930
2168	3	1	7	1920	0	1931
2169	0	1	4	1982	0	1987
2170	2	1	0	2018	0	2021
2171	2014	0	0	10	0	2024
2172	2016	1	1	2	0	2020
2173	9	2	2103	2	0	2116
2174	6	4	2052	2	0	2064
2175	2196	0	13	1	0	2210
2176	2227	1	3	2	0	2233
2177	14	1	2198	6	0	2219
2178	3	0	2186	2	0	2191
2179	1	0	12	2239	0	2252
2180	1	1	2294	8	0	2304
2181	2	1	9	2252	0	2264
2182	2384	0	4	13	0	2401
2183	13	0	2527	3	0	2543
2184	2454	0	17	2	0	2473
2185	17	0	2772	0	0	2789
2186	5	0	21	2743	0	2769
2187	3	0	6	2924	0	2933
2188	0	1	2	2952	0	2955
2189	2	2954	0	35	0	2991
2190	1	32	2	2970	0	3005
2191	0	5	1	3008	0	3014
2192	2974	0	3	37	0	3014
2193	31	1	2936	8	0	2976
2194	2889	1	31	4	0	2925
2195	36	0	2949	6	0	2991
2196	2765	2	32	4	0	2803
2197	34	2894	12	3	0	2943
2198	7	27	2936	4	0	2974
2199	4	4	2941	4	0	2953
2200	3	6	37	2828	0	2874
2201	2	0	6	2962	0	2970
2202	2	2	2992	38	0	3034
2203	4	2	3009	7	0	3022
2204	4	3	3269	5	0	3281
2205	3400	0	36	4	0	3440
2206	3462	0	9	3	0	3474
2207	3436	1	8	5	0	3450
2208	34	2	7	3366	0	3409
2209	11	2	7	3404	0	3424
2210	4	2	3544	42	0	3592
2211	5	2	34	3482	0	3523
2212	2	1	14	3566	0	3583
2213	3541	2	6	43	0	3592
2214	3490	2	6	16	0	3514
2215	3554	5	3	11	0	3573
2216	41	2	5	3548	0	3596
2217	11	0	9	3554	0	3574
2218	11	2	2	3534	0	3549
2219	3534	0	7	38	0	3579
2220	40	4	8	3416	0	3468
2221	16	3471	6	29	0	3522
2222	7	34	5	3448	0	3494
2223	7	3361	8	34	0	3410
2224	3432	31	10	11	0	3484
2225	3356	5	9	10	0	3380
2226	36	3396	8	11	0	3451
2227	9	3465	7	10	0	3491
2228	7	34	8	3461	0	3510
2229	9	6	3373	32	0	3420
2230	7	1	37	3320	0	3365
2231	8	2	3404	36	0	3450
2232	9	3380	32	23	0	3444
2233	7	32	13	3449	0	3501
2234	9	8	4	3496	0	3517
2235	8	6	3606	49	0	3669
2236	6	38	41	3566	0	3651
2237	9	7	3711	45	0	3772
2238	3692	2	36	16	0	3746
2239	3801	2	11	10	0	3824
2240	3836	3	4	11	0	3854
2241	45	1	8	3741	0	3795
2242	14	6	6	3803	0	3829
2243	7	5	3873	58	0	3943
2244	4	6	41	3821	0	3872
2245	12	3848	11	41	0	3912
2246	6	31	3898	20	0	3955
2247	9	13	3839	15	0	3876
2248	12	6	50	3652	0	3720
2249	12	4	3951	46	0	4013
2250	12	10	3970	12	0	4004
2251	3732	4	46	11	0	3793
2252	38	4422	17	19	0	4496
2253	4802	36	9	11	0	4858
2254	4820	12	7	21	0	4860
2255	4915	7	12	14	0	4948
2256	39	6	14	4894	0	4953
2257	13	3	10	4970	0	4996
2258	9	6	5012	48	0	5075
2259	9	6	40	4919	0	4974
2260	13	5072	23	40	0	5148
2261	5140	35	17	15	0	5207
2262	36	5091	11	15	0	5153
2263	9	5181	10	13	0	5213
2264	14	35	11	5213	0	5273
2265	13	13	5455	40	0	5521
2266	11	6	34	5401	0	5452
2267	15	4	5474	42	0	5535
2268	15	5251	43	21	0	5330
2269	5506	32	18	13	0	5569
2270	5556	9	9	16	0	5590
2271	5820	4	10	12	0	5846
2272	42	12	6251	11	0	6316
2273	12	14	6010	14	0	6050
2274	6411	6	35	18	0	6470
2275	6592	4	14	13	0	6623
2276	6720	9	8	7	0	6744
2277	40	5	4	6649	0	6698
2278	16	7	7	6756	0	6786
2279	6782	5	1	40	0	6828
2280	6707	2	4	17	0	6730
2281	42	8	7019	10	0	7079
2282	13	12	6746	12	0	6783
2283	6872	6	22	10	0	6910
2284	25	4	7080	8	0	7117
2285	6902	2	10	5	0	6919
2286	12	4	7072	1	0	7089
2287	3	4	10	6865	0	6882
2288	7	2	7481	3	0	7493
2289	2	2	2	7702	0	7708
2290	0	4	3	7845	0	7852
2291	0	7925	3	16	0	7944
2292	8310	3	5	5	0	8323
2293	6	3	8408	0	0	8417
2294	8098	3	7	5	0	8113
2295	4	8501	8	3	0	8516
2296	9307	4	0	1	0	9312
2297	13	10	1	9229	0	9253
2298	5	0	0	9370	0	9375
2299	0	9741	7	25	0	9773
2300	1	15	0	10310	0	10326
2301	0	4	1	10399	0	10404
2302	0	1	0	10517	0	10518
2303	10344	1	1	33	0	10379
2304	9980	3	0	12	0	9995
2305	30	7	9909	9	0	9955
2306	6	9863	31	14	0	9914
2307	7	23	7	10429	0	10466
2308	8	12	0	10663	0	10683
2309	6	5	10710	41	0	10762
2310	0	2	30	10460	0	10492
2311	10713	3	8	38	0	10762
2312	10715	1	0	16	0	10732
2313	10845	0	4	9	0	10858
2314	49	1	3	11053	0	11106
2315	11808	1	0	40	0	11849
2316	11774	0	2	22	0	11798
2317	11966	0	0	6	0	11972
2318	45	1	1	11927	0	11974
2319	14	1	0	12024	0	12039
2320	8	0	0	12090	0	12098
2321	9	3	1	11912	0	11925
2322	6	2	5	11981	0	11994
2323	4	5	11732	55	0	11796
2324	5	8	11708	20	0	11741
2325	3	11398	50	22	0	11473
2326	4	34	9	12030	0	12077
2327	3	11	5	12110	0	12129
2328	5	1	5	12183	0	12194
2329	8	5	12086	59	0	12158
2330	4	2	45	11969	0	12020
2331	9	7	12121	51	0	12188
2332	6	2	39	12153	0	12200
2333	21	12	13013	49	0	13095
2334	4	12735	54	55	0	12848
2335	8	51	13	13287	0	13359
2336	6	12	13030	58	0	13106
2337	11900	4	63	32	0	11999
2338	42	12929	20	25	0	13016
2339	13	55	8	13527	0	13603
2340	1	13205	15	65	0	13286
2341	6	52	6	13665	0	13729
2342	13746	15	5	57	0	13823
2343	54	5	6	13586	0	13651
2344	14	13285	14	62	0	13375
2345	13773	51	3	28	0	13855
2346	55	18	4	14008	0	14085
2347	17	9	3	14281	0	14310
2348	14496	5	6	96	0	14603
2349	85	10	7	15551	0	15653
2350	26	9	5	19200	0	19240
2351	22	11	19510	322	0	19865
2352	15	17	19175	88	0	19295
2353	12	9	371	19348	0	19740
2354	24	15	19391	338	0	19768
2355	11	19	18966	98	0	19094
2356	18393	7	387	67	0	18854
2357	334	19	19523	33	0	19909
2358	89	19236	373	182	0	19880
2359	46	321	102	20233	0	20702
2360	20542	88	64	345	0	21039
2361	21015	40	31	113	0	21199
2362	20963	20	32	63	0	21078
2363	473	20576	37	58	0	21144
2364	165	350	30	20497	0	21042
2365	81	101	18	21061	0	21261
2366	20444	50	26	463	0	20983
2367	20749	27	30	167	0	20973
2368	20875	14	21	100	0	21010
2369	508	29	20489	64	0	21090
2370	174	20367	389	66	0	20996
2371	109	22752	133	62	0	23056
2372	76	539	81	22249	0	22945
2373	46	191	54	23082	0	23373
2374	50	105	22436	638	0	23229
2375	22122	58	498	244	0	22922
2376	23032	27	175	139	0	23373
2377	668	31	92	22681	0	23472
2378	265	43	65	23012	0	23385
2379	153	27	36	23343	0	23559
2380	22819	28	48	706	0	23601
2381	565	37	22093	285	0	22980
2382	218	50	22273	165	0	22706
2383	125	40	622	22025	0	22812
2384	98	43	21897	557	0	22595
2385	21639	29	574	234	0	22476
2386	22061	28	228	143	0	22460
2387	22252	21	117	113	0	22503
2388	713	20985	92	144	0	21934
2389	21197	487	67	87	0	21838
2390	625	191	48	20856	0	21720
2391	262	100	56	20958	0	21376
2392	142	52	55	21369	0	21618
2393	126	46	20055	765	0	20992
2394	107	58	521	20053	0	20739
2395	112	19962	205	644	0	20923
2396	19435	473	128	297	0	20333
2397	509	19679	98	258	0	20544
2398	253	534	19196	158	0	20141
2399	166	19134	523	130	0	19953
2400	18701	560	247	95	0	19603
2401	518	18643	168	140	0	19469
2402	231	553	153	16988	0	17925
2403	161	18493	122	494	0	19270
2404	18589	526	102	213	0	19430
2405	18851	210	98	162	0	19321
2406	18616	139	117	116	0	18988
2407	755	115	18113	113	0	19096
2408	337	122	18102	113	0	18674
2409	232	97	17966	121	0	18416
2410	17800	86	710	125	0	18721
2411	580	86	307	17684	0	18657
2412	274	91	172	18098	0	18635
2413	202	106	17354	674	0	18336
2414	163	107	503	17632	0	18405
2415	16622	105	233	658	0	17618
2416	581	16623	149	352	0	17705
2417	16984	514	122	192	0	17812
2418	680	238	16537	131	0	17586
2419	16854	177	538	106	0	17675
2420	17221	123	242	114	0	17700
2421	17312	133	160	128	0	17733
2422	800	103	16521	131	0	17555
2423	408	93	523	16644	0	17668
2424	323	64	16558	536	0	17481
2425	231	73	590	16712	0	17606
2426	193	83	16543	613	0	17432
2427	166	67	592	16511	0	17336
2428	174	62	274	17073	0	17583
2429	16628	48	169	749	0	17594
2430	16859	57	134	342	0	17392
2431	16978	42	138	241	0	17399
2432	775	65	150	15950	0	16940
2433	363	14661	163	544	0	15731
2434	256	15562	100	315	0	16233
2435	15377	566	120	193	0	16256
2436	598	262	15044	157	0	16061
2437	15280	134	538	138	0	16090
2438	673	100	14742	135	0	15650
2439	15139	83	560	125	0	15907
2440	15285	79	252	139	0	15755
2441	756	60	14828	155	0	15799
2442	15113	50	561	163	0	15887
2443	15280	59	247	153	0	15739
2444	15247	70	192	124	0	15633
2445	796	14750	129	160	0	15835
2446	384	564	153	14464	0	15565
2447	263	210	14165	529	0	15167
2448	233	138	14221	253	0	14845
2449	199	12865	532	183	0	13779
2450	125	9140	192	96	0	9553
2451	209	255	212	8033	0	8709
2452	7806	117	103	215	0	8241
2453	242	7932	53	130	0	8357
2454	168	219	42	7722	0	8151
2455	124	7903	49	214	0	8290
2456	7752	206	48	127	0	8133
2457	247	124	34	7595	0	8000
2458	143	82	7261	205	0	7691
2459	117	7039	184	107	0	7447
2460	90	6963	114	68	0	7235
2461	84	207	77	6094	0	6462
2462	75	6453	53	127	0	6708
2463	72	197	45	6405	0	6719
2464	6397	119	38	177	0	6731
2465	6470	70	48	108	0	6696
2466	6637	61	38	76	0	6812
2467	6657	62	43	53	0	6815
2468	261	56	6381	48	0	6746
2469	156	6054	135	44	0	6389
2470	100	5901	82	37	0	6120
2471	38	4269	12	25	0	4344
2472	28	4090	19	14	0	4151
2473	3736	52	88	11	0	3887
2474	3587	15	8	4	0	3614
2475	3648	7	1	2	0	3658
2476	3690	5	1	1	0	3697
2477	39	6	3647	2	0	3694
2478	3911	3	26	4	0	3944
2479	3956	4	10	2	0	3972
2480	3984	4	7	3	0	3998
2481	44	5	1	3926	0	3976
2482	13	4	3	3963	0	3983
2483	3996	3	4	36	0	4039
2484	33	7	1	3922	0	3963
2485	16	3841	2	33	0	3892
2486	8	28	2	3980	0	4018
2487	4	16	0	3963	0	3983
2488	7	4008	1	35	0	4051
2489	8	24	5	4071	0	4108
2490	8	11	3	4092	0	4114
2491	4071	8	1	37	0	4117
2492	33	6	3891	14	0	3944
2493	3934	3	26	10	0	3973
2494	39	4	3956	11	0	4010
2495	17	4	3847	5	0	3873
2496	11	5	3901	5	0	3922
2497	3900	3	36	4	0	3943
2498	32	5	4070	6	0	4113
2499	4096	1	27	12	0	4136
2500	4148	4	11	8	0	4171
2501	4161	5	6	5	0	4177
2502	36	4090	3	10	0	4139
2503	4137	30	3	6	0	4176
2504	27	4188	6	7	0	4228
2505	15	30	4	4324	0	4373
2506	11	16	5	4316	0	4348
2507	7	4275	7	37	0	4326
2508	8	4323	5	17	0	4353
2509	9	4443	7	9	0	4468
2510	4430	37	9	4	0	4480
2511	31	4479	9	6	0	4525
2512	4578	34	4	4	0	4620
2513	41	14	4456	4	0	4515
2514	4509	11	29	8	0	4557
2515	4612	5	12	4	0	4633
2516	43	7	4468	4	0	4522
2517	23	9	28	4486	0	4546
2518	13	4	4565	30	0	4612
2519	8	9	32	4531	0	4580
2520	10	8	11	4605	0	4634
2521	4627	8	5	40	0	4680
2522	4599	9	2	20	0	4630
2523	47	4497	2	19	0	4565
2524	4668	33	5	10	0	4716
2525	45	14	4642	5	0	4706
2526	4710	10	34	8	0	4762
2527	45	8	5017	6	0	5076
2528	22	12	4949	8	0	4991
2529	5105	2	50	12	0	5169
2530	5219	5	23	6	0	5253
2531	61	5	5339	9	0	5414
2532	26	6	42	5204	0	5278
2533	20	7	16	5404	0	5447
2534	13	8	5282	52	0	5355
2535	12	11	36	5213	0	5272
2536	8	5215	25	42	0	5290
2537	14	43	10	5485	0	5552
2538	15	19	6	5491	0	5531
2539	20	11	5375	53	0	5459
2540	5119	3	44	27	0	5193
2541	5339	6	21	11	0	5377
2542	5306	4	14	6	0	5330
2543	5285	4	12	10	0	5311
2544	68	5150	12	12	0	5242
2545	32	43	7	5113	0	5195
2546	23	14	5018	46	0	5101
2547	15	12	5005	20	0	5052
2548	13	2	49	4943	0	5007
2549	13	11	5048	42	0	5114
2550	4924	3	47	24	0	4998
2551	39	11	19	5104	0	5173
2552	24	8	11	5134	0	5177
2553	15	4	2	5164	0	5185
2554	5065	9	7	63	0	5144
2555	43	5041	8	32	0	5124
2556	5121	38	5	20	0	5184
2557	5109	18	6	14	0	5147
2558	54	4982	13	12	0	5061
2559	26	5030	12	9	0	5077
2560	5184	50	11	7	0	5252
2561	51	20	9	5135	0	5215
2562	21	9	14	5160	0	5204
2563	5381	4	9	58	0	5452
2564	65	5	5228	22	0	5320
2565	5253	3	52	11	0	5319
2566	5352	4	20	8	0	5384
2567	69	5434	15	13	0	5531
2568	5873	53	4	4	0	5934
2569	5943	18	7	11	0	5979
2570	82	6550	6	11	0	6649
2571	24	6653	10	10	0	6697
2572	11	89	10	6574	0	6684
2573	6580	33	6	69	0	6688
2574	68	6665	4	25	0	6762
2575	22	72	3	6745	0	6842
2576	6802	19	3	80	0	6904
2577	80	18	6628	26	0	6752
2578	30	6	76	6560	0	6672
2579	24	2	6561	86	0	6673
2580	6379	3	86	23	0	6491
2581	6620	8	29	19	0	6676
2582	107	11	6482	12	0	6612
2583	51	6445	73	6	0	6575
2584	26	84	26	6584	0	6720
2585	12	37	6598	78	0	6725
2586	8	19	81	6613	0	6721
2587	12	10	27	6802	0	6851
2588	11	12	6605	113	0	6741
2589	6363	2	89	49	0	6503
2590	6662	6	33	29	0	6730
2591	112	8	6549	16	0	6685
2592	47	6542	91	22	0	6702
2593	33	84	38	6426	0	6581
2594	23	6481	22	83	0	6609
2595	14	6632	15	27	0	6688
2596	6598	110	18	30	0	6756
2597	90	48	6	6660	0	6804
2598	29	27	8	6683	0	6747
2599	25	14	6773	115	0	6927
2600	25	13	6695	48	0	6781
2601	15	9	108	6708	0	6840
2602	11	5	50	6907	0	6973
2603	24	9	6839	109	0	6981
2604	17	11	6852	53	0	6933
2605	10	9	118	6847	0	6984
2606	7001	19	55	98	0	7173
2607	96	7039	31	53	0	7219
2608	7055	105	13	36	0	7209
2609	120	7014	20	20	0	7174
2610	53	7108	10	21	0	7192
2611	7042	125	10	30	0	7207
2612	107	51	6979	24	0	7161
2613	45	26	106	6952	0	7129
2614	27	10	49	7108	0	7194
2615	19	10	35	7432	0	7496
2616	22	12	7280	168	0	7482
2617	15	15	126	7338	0	7494
2618	7395	22	50	152	0	7619
2619	132	25	27	7466	0	7650
2620	58	17	21	7799	0	7895
2621	7726	26	16	195	0	7963
2622	7625	14	12	92	0	7743
2623	180	7499	25	53	0	7757
2624	72	139	7610	27	0	7848
2625	54	44	7533	29	0	7660
2626	37	29	7459	25	0	7550
2627	16	7081	188	34	0	7319
2628	21	133	80	6951	0	7185
2629	16	49	46	7157	0	7268
2630	7063	38	30	175	0	7306
2631	142	19	14	6936	0	7111
2632	60	13	6798	173	0	7044
2633	42	10	132	6921	0	7105
2634	28	19	59	6989	0	7095
2635	41	18	6762	188	0	7009
2636	33	6642	149	86	0	6910
2637	23	142	58	6138	0	6361
2638	29	6578	51	123	0	6781
2639	18	158	6564	57	0	6797
2640	6592	61	154	49	0	6856
2641	6697	47	56	37	0	6837
2642	6739	20	40	56	0	6855
2643	205	20	30	6508	0	6763
2644	78	6590	30	145	0	6843
2645	6590	138	24	78	0	6830
2646	6688	48	32	48	0	6816
2647	6608	36	24	53	0	6721
2648	194	20	6345	46	0	6605
2649	6251	16	150	41	0	6458
2650	162	6282	53	44	0	6541
2651	6184	131	46	31	0	6392
2652	151	6232	37	38	0	6458
2653	6274	149	33	29	0	6485
2654	174	60	6199	40	0	6473
2655	6191	36	141	32	0	6400
2656	6311	30	55	25	0	6421
2657	6162	26	33	34	0	6255
2658	6365	27	18	30	0	6440
2659	204	21	6084	25	0	6334
2660	91	17	138	6092	0	6338
2661	6039	20	60	143	0	6262
2662	155	6036	43	66	0	6300
2663	75	123	25	5896	0	6119
2664	46	56	5753	149	0	6004
2665	51	53	131	5762	0	5997
2666	50	24	5658	164	0	5896
2667	48	5451	142	70	0	5711
2668	30	5023	54	54	0	5161
2669	43	4891	33	33	0	5000
2670	46	141	36	3998	0	4221
2671	22	31	20	4031	0	4104
2672	24	18	3849	107	0	3998
2673	20	3777	81	36	0	3914
2674	3602	72	27	20	0	3721
2675	84	3498	20	21	0	3623
2676	39	3515	16	16	0	3586
2677	52	95	23	3409	0	3579
2678	3393	32	19	81	0	3525
2679	3445	18	13	25	0	3501
2680	96	12	11	3390	0	3509
2681	3367	14	15	84	0	3480
2682	88	12	10	3357	0	3467
2683	36	11	3251	98	0	3396
2684	3294	16	77	31	0	3418
2685	79	14	33	3262	0	3388
2686	33	11	3162	87	0	3293
2687	20	18	3143	33	0	3214
2688	17	13	86	3147	0	3263
2689	3170	15	29	81	0	3295
2690	3196	17	10	34	0	3257
2691	94	3164	18	20	0	3296
2692	3246	79	10	18	0	3353
2693	3272	28	14	17	0	3331
2694	3276	13	11	13	0	3313
2695	110	3263	11	17	0	3401
2696	3259	82	13	15	0	3369
2697	3326	26	9	19	0	3380
2698	101	17	8	3237	0	3363
2699	2989	8	10	71	0	3078
2700	81	2953	9	27	0	3070
2701	37	2995	10	13	0	3055
2702	22	83	7	2957	0	3069
2703	20	23	14	2971	0	3028
2704	22	2918	7	77	0	3024
2705	2835	60	9	27	0	2931
2706	63	2634	11	11	0	2719
2707	2505	52	8	7	0	2572
2708	57	2563	12	11	0	2643
2709	30	51	3	2492	0	2576
2710	29	2566	6	40	0	2641
2711	2604	59	17	19	0	2699
2712	2585	19	16	10	0	2630
2713	2612	10	9	9	0	2640
2714	69	9	2461	15	0	2554
2715	24	8	2252	10	0	2294
2716	14	2158	39	9	0	2220
2717	17	32	2151	10	0	2210
2718	9	14	2046	9	0	2078
2719	3	34	28	1682	0	1747
2720	5	2	1747	13	0	1767
2721	4	1754	10	3	0	1771
2722	1769	12	1	1	0	1783
2723	13	1721	1	3	0	1738
2724	3	1748	4	2	0	1757
2725	1815	12	4	2	0	1833
2726	1865	4	2	2	0	1873
2727	12	1903	2	2	0	1919
2728	1957	12	2	2	0	1973
2729	1948	3	3	4	0	1958
2730	1953	3	3	2	0	1961
2731	10	5	1945	3	0	1963
2732	2	7	1927	3	0	1939
2733	5	4	7	1993	0	2009
2734	3	4	0	2018	0	2025
2735	2035	4	1	13	0	2053
2736	14	1987	2	1	0	2004
2737	4	9	0	2095	0	2108
2738	5	2	2	2108	0	2117
2739	5	2	2	2140	0	2149
2740	3	0	2	2161	0	2166
2741	3	4	2163	12	0	2182
2742	5	2	2148	1	0	2156
2743	0	1	13	2165	0	2179
2744	3	0	2195	16	0	2214
2745	2154	0	16	2	0	2172
2746	17	3	4	2539	0	2563
2747	4	3	2556	14	0	2577
2748	2444	1	16	1	0	2462
2749	20	2513	2	3	0	2538
2750	2606	16	3	2	0	2627
2751	20	2701	4	2	0	2727
2752	7	13	0	2735	0	2755
2753	4	4	2733	13	0	2754
2754	7	1	13	2668	0	2689
2755	4	2	2663	15	0	2684
2756	2655	0	15	5	0	2675
2757	15	2	3	2783	0	2803
2758	2806	1	1	21	0	2829
2759	15	2	2810	3	0	2830
2760	2938	3	17	3	0	2961
2761	3171	2	2	1	0	3176
2762	22	2	3213	2	0	3239
2763	6	0	16	3189	0	3211
2764	4	4	3266	15	0	3289
2765	4	3285	17	9	0	3315
2766	3342	15	9	3	0	3369
2767	3314	4	4	2	0	3324
2768	22	2	3373	1	0	3398
2769	5	5	3387	1	0	3398
2770	3	2	18	3371	0	3394
2771	4	1	6	3470	0	3481
2772	3512	1	4	17	0	3534
2773	15	3504	4	7	0	3530
2774	3654	14	3	4	0	3675
2775	3655	3	5	3	0	3666
2776	20	2	3619	8	0	3649
2777	3522	3	19	6	0	3550
2778	26	5	3649	4	0	3684
2779	13	5	17	3731	0	3766
2780	21	3	3942	15	0	3981
2781	11	0	26	3933	0	3970
2782	12	1	4003	17	0	4033
2783	3962	2	26	8	0	3998
2784	4022	1	17	10	0	4050
2785	23	2	7	4026	0	4058
2786	4151	4	16	19	0	4190
2787	24	12	7	4226	0	4269
2788	25	4245	9	22	0	4301
2789	4384	18	11	7	0	4420
2790	29	4292	16	11	0	4348
2791	14	18	18	4412	0	4462
2792	7	10	8	4364	0	4389
2793	8	3	11	4330	0	4352
2794	14	4	4	4289	0	4311
2795	8	12	4214	29	0	4263
2796	3950	3	24	12	0	3989
2797	4172	4	13	12	0	4201
2798	30	4146	13	13	0	4202
2799	26	16	8	4232	0	4282
2800	13	8	15	4266	0	4302
2801	15	6	4153	32	0	4206
2802	4101	5	31	10	0	4147
2803	22	4	13	4229	0	4268
2804	12	11	4220	27	0	4270
2805	4240	2	22	24	0	4288
2806	4350	1	8	17	0	4376
2807	4352	3	10	21	0	4386
2808	40	3	4292	13	0	4348
2809	17	4	4111	21	0	4153
2810	4215	9	22	7	0	4253
2811	36	6	13	4324	0	4379
2812	9	16	9	4429	0	4463
2813	12	7	4401	39	0	4459
2814	4281	5	25	25	0	4336
2815	25	8	9	4494	0	4536
2816	4645	3	8	37	0	4693
2817	4664	4	16	18	0	4702
2818	4700	2	6	20	0	4728
2819	45	4	4801	13	0	4863
2820	27	10	18	4815	0	4870
2821	4948	5	10	29	0	4992
2822	24	5016	16	18	0	5074
2823	18	16	18	5159	0	5211
2824	22	8	5	5164	0	5199
2825	5104	7	10	42	0	5163
2826	5078	3	15	22	0	5118
2827	42	1	6	5053	0	5102
2828	29	4	5009	25	0	5067
2829	5011	0	27	17	0	5055
2830	39	0	5167	11	0	5217
2831	5205	2	35	8	0	5250
2832	5289	3	22	8	0	5322
2833	39	3	5295	18	0	5355
2834	26	4	26	5374	0	5430
2835	18	6	5635	34	0	5693
2836	23	5936	35	26	0	6020
2837	18	25	20	5877	0	5940
2838	26	6125	13	40	0	6204
2839	29	35	6	6280	0	6350
2840	25	21	6296	37	0	6379
2841	20	6351	51	23	0	6445
2842	15	6546	20	26	0	6607
2843	27	70	24	6736	0	6857
2844	6795	23	8	60	0	6886
2845	65	15	9	7683	0	7772
2846	7548	11	7	111	0	7677
2847	110	7629	10	41	0	7790
2848	8360	102	9	24	0	8495
2849	135	31	8532	21	0	8719
2850	35	14	120	8489	0	8658
2851	20	13	28	8542	0	8603
2852	19	9	8400	142	0	8570
2853	8207	8	112	41	0	8368
2854	8418	19	40	24	0	8501
2855	138	8323	26	21	0	8508
2856	54	123	13	7965	0	8155
2857	25	8269	21	101	0	8416
2858	30	111	8316	42	0	8499
2859	24	47	8387	15	0	8473
2860	26	84	131	8199	0	8440
2861	8111	11	37	114	0	8273
2862	99	7940	21	57	0	8117
2863	8092	105	11	17	0	8225
2864	125	29	7886	19	0	8059
2865	7974	17	105	7	0	8103
2866	8132	16	22	8	0	8178
2867	145	15	7962	6	0	8128
2868	36	4	125	7938	0	8103
2869	8013	8	33	121	0	8175
2870	8051	3	19	37	0	8110
2871	8045	6	24	13	0	8088
2872	147	10	9	7939	0	8105
2873	57	8	7789	117	0	7971
2874	7748	18	115	27	0	7908
2875	141	4	7835	17	0	7997
2876	40	13	124	7873	0	8050
2877	22	6	44	7791	0	7863
2878	23	7832	29	132	0	8016
2879	26	114	7728	38	0	7906
2880	28	7494	118	28	0	7668
2881	25	7663	35	28	0	7751
2882	32	142	15	7631	0	7820
2883	22	37	7540	118	0	7717
2884	24	16	118	7593	0	7751
2885	24	11	7606	123	0	7764
2886	18	13	128	7497	0	7656
2887	21	10	33	7551	0	7615
2888	29	16	7226	143	0	7414
2889	22	12	117	7230	0	7381
2890	27	17	7262	127	0	7433
2891	11	23	7206	49	0	7289
2892	18	7135	140	38	0	7331
2893	7304	128	46	21	0	7499
2894	130	23	7238	34	0	7425
2895	7066	18	128	22	0	7234
2896	128	12	39	7350	0	7529
2897	45	30	7156	129	0	7360
2898	24	7130	128	54	0	7336
2899	18	121	41	7301	0	7481
2900	18	39	7287	124	0	7468
2901	27	24	128	7033	0	7212
2902	17	7214	50	117	0	7398
2903	7306	124	19	41	0	7490
2904	124	40	33	7318	0	7515
2905	7286	19	21	139	0	7465
2906	7352	20	23	55	0	7450
2907	7454	16	29	24	0	7523
2908	7408	16	17	47	0	7488
2909	7288	6	36	32	0	7362
2910	154	7128	27	28	0	7337
2911	56	128	21	7192	0	7397
2912	44	41	26	7217	0	7328
2913	45	15	22	7236	0	7318
2914	36	29	6903	160	0	7128
2915	40	6846	124	61	0	7071
2916	7044	119	42	35	0	7240
2917	7033	37	26	29	0	7125
2918	160	6885	25	41	0	7111
2919	51	6986	40	26	0	7103
2920	6887	149	24	31	0	7091
2921	148	46	6620	28	0	6842
2922	49	37	127	6514	0	6727
2923	6516	19	46	146	0	6727
2924	142	23	36	6375	0	6576
2925	50	6420	25	137	0	6632
2926	41	129	31	6494	0	6695
2927	37	35	6405	144	0	6621
2928	6353	21	128	46	0	6548
2929	6609	25	41	26	0	6701
2930	168	13	24	6358	0	6563
2931	54	11	30	6459	0	6554
2932	6163	11	23	166	0	6363
2933	154	6131	27	52	0	6364
2934	36	126	18	6003	0	6183
2935	35	28	15	6001	0	6079
2936	5451	12	23	147	0	5633
2937	130	5542	18	45	0	5735
2938	5473	111	13	28	0	5625
2939	136	5423	13	31	0	5603
2940	35	5427	19	29	0	5510
2941	5293	104	17	22	0	5436
2942	118	5321	24	19	0	5482
2943	30	190	27	5164	0	5411
2944	24	28	5082	130	0	5264
2945	19	15	4123	25	0	4182
2946	12	10	3965	17	0	4004
2947	9	3796	88	11	0	3904
2948	3213	67	89	5	0	3374
2949	45	15	8	3020	0	3088
2950	12	10	3	3097	0	3122
2951	9	6	2990	54	0	3059
2952	3023	3	42	21	0	3089
2953	49	1	11	3160	0	3221
2954	13	9	7	3196	0	3225
2955	14	5	4	3185	0	3208
2956	3082	4	4	62	0	3152
2957	46	7	2990	24	0	3067
2958	2996	6	44	14	0	3060
2959	53	4	12	3033	0	3102
2960	19	2	2996	48	0	3065
2961	2944	2	48	18	0	3012
2962	48	6	3029	15	0	3098
2963	17	13	51	2979	0	3060
2964	14	6	3033	47	0	3100
2965	13	5	2965	13	0	2996
2966	2846	4	55	19	0	2924
2967	54	5	2900	10	0	2969
2968	16	2	54	2868	0	2940
2969	2874	2	27	44	0	2947
2970	45	4	13	2872	0	2934
2971	19	2	2840	57	0	2918
2972	8	4	2854	23	0	2889
2973	19	2786	56	17	0	2878
2974	7	42	31	2850	0	2930
2975	2750	10	16	54	0	2830
2976	49	2682	10	25	0	2766
2977	2725	43	7	21	0	2796
2978	55	11	9	2694	0	2769
2979	2689	8	13	51	0	2761
2980	51	2631	13	24	0	2719
2981	24	46	9	2658	0	2737
2982	2653	10	11	52	0	2726
2983	54	2627	14	16	0	2711
2984	24	46	11	2667	0	2748
2985	13	17	12	2694	0	2736
2986	2682	6	13	59	0	2760
2987	51	11	13	2666	0	2741
2988	14	7	16	2674	0	2711
2989	18	3	15	2730	0	2766
2990	18	9	2553	60	0	2640
2991	2536	7	49	38	0	2630
2992	55	5	16	3024	0	3100
2993	21	5	3147	80	0	3253
2994	3161	5	70	22	0	3258
2995	69	10	3199	27	0	3305
2996	25	10	73	3153	0	3261
2997	15	3119	23	76	0	3233
2998	20	68	15	3239	0	3342
2999	14	17	3198	88	0	3317
3000	17	18	3267	24	0	3326
3001	15	11	77	3269	0	3372
3002	15	7	3241	80	0	3343
3003	3171	8	79	31	0	3289
3004	69	12	3155	29	0	3265
3005	26	8	73	3087	0	3194
3006	20	9	21	3139	0	3189
3007	11	7	26	3119	0	3163
3008	3050	6	9	105	0	3170
3009	3094	4	15	42	0	3155
3010	3109	2	13	36	0	3160
3011	96	3	16	3043	0	3158
3012	28	6	12	3124	0	3170
3013	20	4	2976	97	0	3097
3014	15	8	2967	40	0	3030
3015	22	2985	76	31	0	3114
3016	8	72	30	2721	0	2831
3017	16	10	15	2693	0	2734
3018	8	2715	24	67	0	2814
3019	2704	58	12	34	0	2808
3020	59	2692	12	23	0	2786
3021	2704	70	14	19	0	2807
3022	75	26	12	2693	0	2806
3023	2704	8	19	70	0	2801
3024	70	4	11	2713	0	2798
3025	18	10	2635	74	0	2737
3026	16	4	64	2700	0	2784
3027	2640	4	25	77	0	2746
3028	70	6	14	2681	0	2771
3029	15	7	10	2703	0	2735
3030	13	5	2582	92	0	2692
3031	18	2	60	2692	0	2772
3032	13	4	19	2685	0	2721
3033	18	2594	9	81	0	2702
3034	10	57	7	2643	0	2717
3035	14	12	8	2686	0	2720
3036	16	10	7	2657	0	2690
3037	6	2436	13	91	0	2546
3038	8	58	6	2296	0	2368
3039	2199	14	6	72	0	2291
3040	51	2115	9	26	0	2201
3041	15	1914	7	20	0	1956
3042	10	1875	7	10	0	1902
3043	5	81	4	1737	0	1827
3044	5	1708	14	41	0	1768
3045	5	1787	9	16	0	1817
3046	1725	39	16	13	0	1793
3047	41	10	1655	11	0	1717
3048	1677	7	39	15	0	1738
3049	39	5	15	1706	0	1765
3050	10	5	1678	49	0	1742
3051	1675	3	43	21	0	1742
3052	36	5	1632	19	0	1692
3053	11	3	1631	19	0	1664
3054	1652	1	46	14	0	1713
3055	45	4	18	1673	0	1740
3056	14	4	1674	53	0	1745
3057	1682	3	41	23	0	1749
3058	1722	3	15	23	0	1763
3059	47	5	1702	19	0	1773
3060	1729	8	37	14	0	1788
3061	1784	6	9	18	0	1817
3062	53	0	1693	18	0	1764
3063	1716	5	37	17	0	1775
3064	1748	5	11	18	0	1782
3065	44	6	1702	11	0	1763
3066	15	6	1819	11	0	1851
3067	7	8	46	1811	0	1872
3068	9	10	1805	45	0	1869
3069	1834	11	37	19	0	1901
3070	40	11	10	1834	0	1895
3071	16	8	8	1868	0	1900
3072	20	9	1779	46	0	1854
3073	15	11	35	1794	0	1855
3074	13	4	1769	49	0	1835
3075	1817	4	37	19	0	1877
3076	1866	2	11	16	0	1895
3077	46	3	1804	20	0	1873
3078	1832	6	37	16	0	1891
3079	1869	2	10	21	0	1902
3080	48	2	1841	20	0	1911
3081	1876	7	40	26	0	1949
3082	1921	6	11	18	0	1956
3083	43	6	1835	22	0	1906
3084	1848	3	38	24	0	1913
3085	43	8	1860	21	0	1932
3086	9	11	39	1877	0	1936
3087	9	9	8	1908	0	1934
3088	7	7	8	1917	0	1939
3089	8	10	1823	59	0	1900
3090	1788	11	34	22	0	1855
3091	45	10	1781	18	0	1854
3092	12	1340	26	8	0	1386
3093	4	1219	10	3	0	1236
3094	1138	12	19	3	0	1172
3095	15	1	3	1125	0	1144
3096	3	1125	4	13	0	1145
3097	1101	11	1	2	0	1115
3098	1094	1	3	1	0	1099
3099	14	1092	4	2	0	1112
3100	4	14	2	1016	0	1036
3101	4	1044	2	10	0	1060
3102	1073	10	2	1	0	1086
3103	1072	2	3	1	0	1078
3104	17	2	0	1046	0	1065
3105	1048	1	3	12	0	1064
3106	13	1	3	1056	0	1073
3107	4	2	1037	13	0	1056
3108	1048	2	15	3	0	1068
3109	17	1	1050	1	0	1069
3110	6	1	7	1012	0	1026
3111	1016	1	5	12	0	1034
3112	13	0	4	1032	0	1049
3113	4	0	1020	15	0	1039
3114	4	2	1006	6	0	1018
3115	6	5	18	1012	0	1041
3116	1006	5	3	17	0	1031
3117	16	1008	6	3	0	1033
3118	7	12	3	1024	0	1046
3119	6	2	1032	15	0	1055
3120	1041	0	18	3	0	1062
3121	1068	0	6	2	0	1076
3122	19	2	1057	2	0	1080
3123	1051	0	18	1	0	1070
3124	24	1	4	1065	0	1094
3125	5	2	1057	12	0	1076
3126	1046	6	16	8	0	1076
3127	17	1	5	1034	0	1057
3128	6	0	2	1029	0	1037
3129	1025	0	5	17	0	1047
3130	20	992	3	3	0	1018
3131	5	1002	3	3	0	1013
3132	1005	15	4	5	0	1029
3133	987	3	7	2	0	999
3134	18	0	1007	4	0	1029
3135	3	1	994	2	0	1000
3136	4	6	12	998	0	1020
3137	1051	1	6	12	0	1070
3138	1054	2	2	3	0	1061
3139	1057	2	1	2	0	1062
3140	11	1020	5	4	0	1040
3141	2	1035	3	5	0	1045
3142	4	11	1	1108	0	1124
3143	4	2	0	1132	0	1138
3144	2	2	2	1166	0	1172
3145	3	2	1172	13	0	1190
3146	1	3	1111	3	0	1118
3147	1183	1	15	2	0	1201
3148	1206	1	4	2	0	1213
3149	15	1	2	1191	0	1209
3150	5	0	3	1194	0	1202
3151	4	1	1	1233	0	1239
3152	2	2	1190	17	0	1211
3153	1	1	1178	3	0	1183
3154	1	2	15	1184	0	1202
3155	2	1	1210	16	0	1229
3156	1	1175	14	4	0	1194
3157	0	1211	3	0	0	1214
3158	1210	15	1	2	0	1228
3159	17	1181	2	3	0	1203
3160	5	13	1	1193	0	1212
3161	1	3	2	1193	0	1199
3162	2	1238	4	14	0	1258
3163	3	17	0	1260	0	1280
3164	4	4	1228	19	0	1255
3165	2	1216	17	5	0	1240
3166	5	15	5	1143	0	1168
3167	1	5	1123	16	0	1145
3168	1	1116	16	4	0	1137
3169	3	14	4	1098	0	1119
3170	0	1124	1	15	0	1140
3171	1	14	1	1126	0	1142
3172	1	4	1	1109	0	1115
3173	0	1118	2	16	0	1136
3174	1099	14	0	4	0	1117
3175	1069	6	0	2	0	1077
3176	17	1077	1	7	0	1102
3177	4	1080	0	6	0	1090
3178	1	18	0	1088	0	1107
3179	1	3	1065	14	0	1083
3180	1034	1	16	5	0	1056
3181	1056	1	4	1	0	1062
3182	19	1	1053	1	0	1074
3183	1048	2	15	0	0	1065
3184	1074	1	4	2	0	1081
3185	21	0	1046	1	0	1068
3186	1030	5	14	0	0	1049
3187	15	1	1057	2	0	1075
3188	5	1060	17	4	0	1086
3189	1087	16	5	1	0	1109
3190	1092	4	1	5	0	1102
3191	18	1	1087	2	0	1108
3192	1099	3	15	1	0	1118
3193	1135	0	4	1	0	1140
3194	18	2	1121	1	0	1142
3195	1138	1	14	4	0	1157
3196	1162	0	3	3	0	1168
3197	18	4	1138	1	0	1161
3198	1175	1	14	2	0	1192
3199	16	0	6	1153	0	1175
3200	5	6	1	1160	0	1172
3201	1	0	1142	16	0	1159
3202	0	1	1150	6	0	1157
3203	0	1	20	1142	0	1163
3204	1	1	4	1179	0	1185
3205	1244	3	0	17	0	1264
3206	19	0	1220	6	0	1245
3207	1249	3	17	1	0	1270
3208	19	8	4	1268	0	1299
3209	5	0	1277	21	0	1303
3210	1361	2	20	5	0	1388
3211	19	3	5	1439	0	1466
3212	5	2	1444	22	0	1473
3213	1427	2	23	6	0	1458
3214	19	6	6	1450	0	1481
3215	1457	1	4	19	0	1481
3216	21	2	1544	8	0	1575
3217	7	3	19	1473	0	1502
3218	6	1583	5	17	0	1611
3219	1613	20	2	5	0	1640
3220	1586	5	4	2	0	1597
3221	24	1601	3	1	0	1629
3222	1637	21	2	1	0	1661
3223	1624	7	0	2	0	1633
3224	1624	3	1	4	0	1632
3225	28	1601	5	0	0	1634
3226	11	18	2	1633	0	1664
3227	7	6	1641	21	0	1675
3228	5	2	20	1629	0	1656
3229	5	2	6	1665	0	1678
3230	2	1	1640	24	0	1667
3231	4	2	1614	7	0	1627
3232	4	0	25	1541	0	1570
3233	2	1610	10	15	0	1637
3234	1642	20	5	5	0	1672
3235	1630	4	2	5	0	1641
3236	22	1660	3	0	0	1685
3237	1677	19	2	0	0	1698
3238	1683	4	4	1	0	1692
3239	28	4	1699	2	0	1733
3240	1694	3	19	3	0	1719
3241	23	1693	6	3	0	1725
3242	9	16	1666	2	0	1693
3243	11	6	1656	2	0	1675
3244	4	1616	20	4	0	1644
3245	1610	16	10	5	0	1641
3246	16	4	1627	4	0	1651
3247	6	4	20	1619	0	1649
3248	8	1	1627	17	0	1653
3249	1589	4	19	6	0	1618
3250	19	1	1908	9	0	1937
3251	8	4	1910	2	0	1924
3252	1868	1	21	1	0	1891
3253	18	1921	9	2	0	1950
3254	1990	16	5	1	0	2012
3255	2034	4	5	0	0	2043
3256	22	5	4	2003	0	2034
3257	8	2188	3	12	0	2211
3258	2270	14	1	3	0	2288
3259	17	3	2319	4	0	2343
3260	2280	3	11	4	0	2298
3261	17	2283	6	6	0	2312
3262	2285	10	6	2	0	2303
3263	2285	2	4	1	0	2292
3264	11	2317	5	6	0	2339
3265	7	11	3	2380	0	2401
3266	2431	5	5	10	0	2451
3267	17	2401	3	4	0	2425
3268	6	12	2	2432	0	2452
3269	2531	7	1	13	0	2552
3270	17	4	3	2630	0	2654
3271	9	2	2	2618	0	2631
3272	9	2618	4	17	0	2648
3273	2689	13	2	7	0	2711
3274	2732	7	2	6	0	2747
3275	2754	4	4	2	0	2764
3276	22	2806	2	2	0	2832
3277	2900	16	1	1	0	2918
3278	2905	3	3	3	0	2914
3279	20	6	3	2890	0	2919
3280	10	5	2	2925	0	2942
3281	7	3	2920	18	0	2948
3282	9	1	14	2893	0	2917
3283	5	2	5	2925	0	2937
3284	6	1	2940	20	0	2967
3285	2768	7	14	7	0	2796
3286	17	2	2946	7	0	2972
3287	11	2	3040	5	0	3058
3288	10	3	16	3041	0	3070
3289	5	6	7	3053	0	3071
3290	8	3111	5	16	0	3140
3291	3171	13	4	6	0	3194
3292	3128	5	1	9	0	3143
3293	20	3191	2	5	0	3218
3294	11	3428	2	3	0	3444
3295	9	25	4	3477	0	3515
3296	4	3609	4	23	0	3640
3297	3654	32	2	7	0	3695
3298	3641	8	1	9	0	3659
3299	28	6	4	3603	0	3641
3300	10	4	4	3661	0	3679
3301	3676	1	3	38	0	3718
3302	30	4	3589	11	0	3634
3303	3601	5	26	5	0	3637
3304	34	3	3572	6	0	3615
3305	3584	3	23	3	0	3613
3306	25	8	8	3613	0	3654
3307	14	3	3672	26	0	3715
3308	5	10	3601	8	0	3624
3309	3627	6	34	2	0	3669
3310	3615	0	10	2	0	3627
3311	19	3687	5	9	0	3720
3312	4	21	2	3833	0	3860
3313	3	13	2	3881	0	3899
3314	3864	2	3	27	0	3896
3315	21	3806	1	13	0	3841
3316	3815	18	2	1	0	3836
3317	17	3733	2	1	0	3753
3318	7	3713	1	4	0	3725
3319	3793	21	2	2	0	3818
3320	20	7	3714	0	0	3741
3321	8	0	15	3707	0	3730
3322	3	2	3	3738	0	3746
3323	4	3	3746	24	0	3777
3324	1	1	16	3734	0	3752
3325	3	1	7	3672	0	3683
3326	3	3735	4	22	0	3764
3327	3821	21	0	5	0	3847
3328	22	5	3783	3	0	3813
3329	3711	3	18	0	0	3732
3330	17	3767	7	8	0	3799
3331	9	20	0	3879	0	3908
3332	3996	8	5	23	0	4032
3333	23	0	3	4026	0	4052
3334	10	2	0	4026	0	4038
3335	4	3	4006	25	0	4038
3336	3863	2	18	10	0	3893
3337	3979	1	10	4	0	3994
3338	30	8	4402	2	0	4442
3339	13	5	21	4375	0	4414
3340	4	1	4438	25	0	4468
3341	4402	1	18	11	0	4432
3342	4554	3	7	3	0	4567
3343	28	2	1	4538	0	4569
3344	4559	2	3	22	0	4586
3345	22	4	4740	17	0	4783
3346	9	3	16	4771	0	4799
3347	6	2	11	4822	0	4841
3348	5	2	2	4902	0	4911
3349	4	3	3	4920	0	4930
3350	4617	2	3	35	0	4657
3351	26	3	4523	12	0	4564
3352	11	3	23	4580	0	4617
3353	9	3	4549	22	0	4583
3354	5	7	4508	11	0	4531
3355	1	3	25	4477	0	4506
3356	8	2	8	4533	0	4551
3357	4405	2	3	33	0	4443
3358	26	3	1	4385	0	4415
3359	11	1	4	4441	0	4457
3360	7	2	0	4493	0	4502
3361	4470	2	3	40	0	4515
3362	4462	0	4	16	0	4482
3363	4506	3	4	5	0	4518
3364	4472	1	4	10	0	4487
3365	36	4849	5	8	0	4898
3366	13	37	3	4887	0	4940
3367	6	18	2	4942	0	4968
3368	5050	7	4	58	0	5119
3369	47	5196	8	29	0	5280
3370	26	49	3	5461	0	5539
3371	12	24	5735	62	0	5833
3372	6459	5	69	31	0	6564
3373	109	6689	25	13	0	6836
3374	7074	108	9	2	0	7193
3375	7288	29	5	8	0	7330
3376	154	14	3	7197	0	7368
3377	51	9	7176	119	0	7355
3378	25	6	116	7366	0	7513
3379	7419	3	31	143	0	7596
3380	129	4	12	7435	0	7580
3381	7437	3	7	144	0	7591
3382	134	7322	12	62	0	7530
3383	7651	124	5	27	0	7807
3384	150	37	5	7654	0	7846
3385	54	15	4	8052	0	8125
3386	8169	8	4	170	0	8351
3387	8148	9	4	58	0	8219
3388	8181	6	6	35	0	8228
3389	8158	9	6	22	0	8195
3390	8109	7	7	21	0	8144
3391	192	10	6	7948	0	8156
3392	82	9	7740	147	0	7978
3393	39	7669	115	56	0	7879
3394	7646	122	34	32	0	7834
3395	143	48	7342	19	0	7552
3396	7350	16	116	20	0	7502
3397	150	7258	40	19	0	7467
3398	7430	123	20	13	0	7586
3399	149	45	8	7380	0	7582
3400	64	19	4	7499	0	7586
3401	38	9	7404	162	0	7613
3402	26	9	121	7394	0	7550
3403	41	14	7505	142	0	7702
3404	45	17	7463	54	0	7579
3405	7519	4	152	35	0	7710
3406	7727	7	61	31	0	7826
3407	176	15	7482	28	0	7701
3408	7480	11	130	31	0	7652
3409	7623	6	42	33	0	7704
3410	187	12	7361	26	0	7586
3411	78	7235	127	26	0	7466
3412	72	123	41	7624	0	7860
3413	7779	42	31	135	0	7987
3414	7966	23	16	50	0	8055
3415	7988	16	11	36	0	8051
3416	7947	7	16	32	0	8002
3417	7936	10	27	29	0	8002
3418	208	14	7695	19	0	7936
3419	97	16	7829	22	0	7964
3420	67	21	156	7866	0	8110
3421	7955	13	63	145	0	8176
3422	8084	13	38	57	0	8192
3423	8094	23	20	40	0	8177
3424	7975	13	25	34	0	8047
3425	205	7792	30	49	0	8076
3426	98	8170	19	46	0	8333
3427	8252	152	24	33	0	8461
3428	8335	50	19	38	0	8442
3429	188	8203	20	48	0	8459
3430	8404	124	13	30	0	8571
3431	205	50	8241	33	0	8529
3432	96	29	124	8230	0	8479
3433	79	22	8262	133	0	8496
3434	78	22	8290	53	0	8443
3435	62	21	157	8264	0	8504
3436	63	16	60	8563	0	8702
3437	76	18	8534	161	0	8789
3438	71	14	124	8019	0	8228
3439	75	12	57	8250	0	8394
3440	8160	19	36	175	0	8390
3441	8212	16	31	75	0	8334
3442	187	19	30	8157	0	8393
3443	93	18	8056	146	0	8313
3444	63	8091	138	68	0	8360
3445	8075	125	60	42	0	8302
3446	171	47	8198	39	0	8455
3447	82	8109	144	36	0	8371
3448	60	8373	66	38	0	8537
3449	8519	146	46	35	0	8746
3450	8626	49	39	35	0	8749
3451	184	36	38	8471	0	8729
3452	92	26	9480	141	0	9739
3453	72	17	136	9543	0	9768
3454	56	22	60	9707	0	9845
3455	57	18	40	9797	0	9912
3456	9638	15	25	179	0	9857
3457	165	9388	33	71	0	9657
3458	89	9864	31	50	0	10034
3459	67	150	31	9765	0	10013
3460	56	50	26	10047	0	10179
3461	9936	36	26	175	0	10173
3462	9596	24	29	77	0	9726
3463	9911	17	26	50	0	10004
3464	206	9631	25	58	0	9920
3465	9413	110	26	33	0	9582
3466	174	40	25	9326	0	9565
3467	72	31	9137	130	0	9370
3468	64	17	8674	47	0	8802
3469	8668	18	130	32	0	8848
3470	134	19	8514	31	0	8698
3471	62	24	8028	24	0	8138
3472	7076	7	46	19	0	7148
3473	37	7	7075	9	0	7128
3474	20	8	6788	4	0	6820
3475	17	61	33	6402	0	6513
3476	10	4	6810	21	0	6845
3477	6	0	22	6554	0	6582
3478	5	4	10	6721	0	6740
3479	9	6	6873	24	0	6912
3480	2	6749	27	16	0	6794
3481	7013	12	17	6	0	7048
3482	24	7	7082	3	0	7116
3483	11	6	6977	2	0	6996
3484	6133	2	26	8	0	6169
3485	13	1	6869	4	0	6887
3486	5	6505	17	6	0	6533
3487	5	6534	13	9	0	6561
3488	2	12	1	6902	0	6917
3489	0	6	3	6882	0	6891
3490	7069	4	0	16	0	7089
3491	7011	2	1	9	0	7023
3492	7055	1	2	6	0	7064
3493	18	4	1	7044	0	7067
3494	7116	2	1	16	0	7135
3495	7005	0	3	12	0	7020
3496	20	2	7061	7	0	7090
3497	10	10	6900	3	0	6923
3498	5	6926	25	8	0	6964
3499	2	13	7	7314	0	7336
3500	7372	5	4	14	0	7395
3501	18	7156	6	11	0	7191
3502	9	14	2	7425	0	7450
3503	7508	5	2	15	0	7530
3504	7412	8	1	6	0	7427
3505	22	7399	6	15	0	7442
3506	7557	15	2	4	0	7578
3507	7576	7	1	6	0	7590
3508	25	3	1	7579	0	7608
3509	13	2	7671	21	0	7707
3510	7	7385	25	13	0	7430
3511	3	7560	7	6	0	7576
3512	7461	20	2	4	0	7487
3513	18	10	4	7457	0	7489
3514	11	6	7494	20	0	7531
3515	5	7300	22	15	0	7342
3516	7655	20	7	4	0	7686
3517	7649	8	1	3	0	7661
3518	32	8	7787	2	0	7829
3519	11	2	21	7616	0	7650
3520	9	2	6	8058	0	8075
3521	5	8	8700	30	0	8743
3522	8749	4	56	12	0	8821
3523	10352	2	11	12	0	10377
3524	117	5	10	11505	0	11637
3525	29	11628	12	147	0	11816
3526	19	146	3	12814	0	12982
3527	16	52	12545	176	0	12789
3528	12460	23	170	53	0	12706
3529	173	5	39	13155	0	13372
3530	54	13	13025	190	0	13282
3531	12543	16	177	65	0	12801
3532	181	8	51	13069	0	13309
3533	56	10	43	13141	0	13250
3534	13001	7	20	220	0	13248
3535	186	12905	20	102	0	13213
3536	13021	169	24	42	0	13256
3537	218	50	18	12930	0	13216
3538	12951	30	19	211	0	13211
3539	222	11	12595	86	0	12914
3540	86	12603	186	66	0	12941
3541	53	192	50	13051	0	13346
3542	12960	57	33	196	0	13246
3543	199	12735	25	95	0	13054
3544	83	176	26	13054	0	13339
3545	13066	52	28	208	0	13354
3546	12811	51	23	82	0	12967
3547	247	34	16	12631	0	12928
3548	116	29	12391	232	0	12768
3549	68	42	12261	95	0	12466
3550	12284	20	232	85	0	12621
3551	233	12246	94	56	0	12629
3552	97	11565	47	56	0	11765
3553	11437	215	40	58	0	11750
3554	213	11672	45	55	0	11985
3555	97	208	43	11662	0	12010
3556	83	68	30	11954	0	12135
3557	11807	72	20	254	0	12153
3558	11571	54	18	115	0	11758
3559	11624	37	24	78	0	11763
3560	288	46	11191	51	0	11576
3561	120	35	189	11301	0	11645
3562	88	36	11277	237	0	11638
3563	93	39	11247	95	0	11474
3564	96	33	11476	72	0	11677
3565	73	34	271	11195	0	11573
3566	72	34	11388	231	0	11725
3567	62	41	11456	108	0	11667
3568	61	35	266	11339	0	11701
3569	11417	31	128	223	0	11799
3570	247	24	11416	99	0	11786
3571	97	34	233	11275	0	11639
3572	87	27	99	11679	0	11892
3573	61	35	11582	282	0	11960
3574	70	28	231	11479	0	11808
3575	86	36	11667	252	0	12041
3576	69	35	241	11372	0	11717
3577	56	32	95	11597	0	11780
3578	55	36	73	11644	0	11808
3579	46	36	68	11604	0	11754
3580	11249	22	65	318	0	11654
3581	11367	20	81	143	0	11611
3582	276	23	11137	124	0	11560
3583	108	11043	235	129	0	11515
3584	82	196	11281	95	0	11654
3585	74	50	11233	95	0	11452
3586	11065	45	290	77	0	11477
3587	243	11346	140	102	0	11831
3588	11516	203	115	81	0	11915
3589	247	11529	88	77	0	11941
3590	11539	238	99	80	0	11956
3591	11772	68	84	76	0	12000
3592	310	54	82	11455	0	11901
3593	127	11571	66	278	0	12042
3594	90	238	58	11737	0	12123
3595	69	85	58	11988	0	12200
3596	76	56	11569	316	0	12017
3597	91	11587	236	159	0	12073
3598	67	222	95	11751	0	12135
3599	11597	80	85	293	0	12055
3600	12053	61	56	158	0	12328
3601	12132	27	74	114	0	12347
3602	321	11904	78	105	0	12408
3603	12105	236	69	81	0	12491
3604	288	12681	65	112	0	13146
3605	127	270	60	13124	0	13581
3606	110	91	12822	283	0	13306
3607	86	69	269	12793	0	13217
3608	83	12882	108	288	0	13361
3609	75	279	77	12881	0	13312
3610	68	106	50	12998	0	13222
3611	59	12950	49	346	0	13404
3612	12981	269	52	154	0	13456
3613	295	105	42	12818	0	13260
3614	104	91	12429	319	0	12943
3615	80	70	247	12657	0	13054
3616	58	44	86	12984	0	13172
3617	63	65	12552	351	0	13031
3618	72	74	255	12110	0	12511
3619	59	12305	98	347	0	12809
3620	71	261	12195	147	0	12674
3621	124	97	11508	100	0	11829
3622	51	11023	270	101	0	11445
3623	40	9814	103	59	0	10016
3624	34	8609	62	32	0	8737
3625	8158	152	108	25	0	8443
3626	6030	1205	26	15	0	7276
3627	7139	32	7	15	0	7193
3628	111	17	11	7068	0	7207
3629	35	19	6889	93	0	7036
3630	23	13	97	6889	0	7022
3631	10	6	22	6980	0	7018
3632	6880	9	21	118	0	7028
3633	6888	14	11	43	0	6956
3634	114	6862	7	31	0	7014
3635	6858	90	9	12	0	6969
3636	6895	23	10	12	0	6940
3637	6935	24	3	16	0	6978
3638	124	9	6719	18	0	6870
3639	40	11	6732	9	0	6792
3640	26	10	106	6691	0	6833
3641	12	14	6667	98	0	6791
3642	6554	12	100	26	0	6692
3643	6756	10	23	21	0	6810
3644	111	9	6496	15	0	6631
3645	6482	8	94	12	0	6596
3646	105	6465	20	13	0	6603
3647	6547	95	19	15	0	6676
3648	105	22	15	6489	0	6631
3649	35	16	6	6376	0	6433
3650	24	6449	8	103	0	6584
3651	6465	85	13	36	0	6599
3652	6489	27	8	20	0	6544
3653	112	6457	11	16	0	6596
3654	39	88	9	6251	0	6387
3655	25	23	9	6234	0	6291
3656	11	6176	15	109	0	6311
3657	12	99	9	6198	0	6318
3658	14	29	7	6311	0	6361
3659	6182	18	12	121	0	6333
3660	6196	16	10	39	0	6261
3661	115	15	6109	27	0	6266
3662	6101	14	89	14	0	6218
3663	108	15	6066	19	0	6208
3664	34	14	92	6048	0	6188
3665	28	13	5965	96	0	6102
3666	24	5904	98	33	0	6059
3667	19	92	25	5901	0	6037
3668	19	25	23	6012	0	6079
3669	5935	21	8	107	0	6071
3670	99	9	8	5880	0	5996
3671	30	10	5715	109	0	5864
3672	5765	18	88	34	0	5905
3673	5839	14	21	34	0	5908
3674	5917	14	20	25	0	5976
3675	5885	10	14	16	0	5925
3676	132	8	10	6095	0	6245
3677	44	7	15	6267	0	6333
3678	35	10	12	6386	0	6443
3679	20	8	10	6431	0	6469
3680	6170	8	15	149	0	6342
3681	6167	6	13	51	0	6237
3682	134	10	8	5715	0	5867
3683	45	5759	15	112	0	5931
3684	5807	107	10	33	0	5957
3685	126	30	5659	27	0	5842
3686	46	5678	104	18	0	5846
3687	5262	85	23	11	0	5381
3688	93	5254	20	22	0	5389
3689	32	99	5203	14	0	5348
3690	5270	26	90	14	0	5400
3691	5285	15	20	16	0	5336
3692	118	16	5087	12	0	5233
3693	47	9	87	5161	0	5304
3694	31	10	21	5147	0	5209
3695	21	5110	24	107	0	5262
3696	28	91	10	5110	0	5239
3697	4967	23	6	109	0	5105
3698	97	4985	17	36	0	5135
3699	26	78	7	4605	0	4716
3700	20	24	6	4645	0	4695
3701	20	21	4400	97	0	4538
3702	18	4410	65	39	0	4532
3703	4008	76	28	24	0	4136
3704	66	3338	8	17	0	3429
3705	17	3005	5	9	0	3036
3706	2919	64	48	8	0	3039
3707	52	14	9	2848	0	2923
3708	20	6	1	2905	0	2932
3709	2831	7	2	63	0	2903
3710	52	10	0	2827	0	2889
3711	17	5	2	2881	0	2905
3712	2884	5	6	66	0	2961
3713	60	4	1	2825	0	2890
3714	19	2791	3	59	0	2872
3715	2819	51	2	19	0	2891
3716	59	15	2676	8	0	2758
3717	18	2594	58	10	0	2680
3718	10	49	9	2550	0	2618
3719	6	17	2489	47	0	2559
3720	8	9	2487	18	0	2522
3721	22	70	54	2359	0	2505
3722	2368	3	15	51	0	2437
3723	45	3	6	2362	0	2416
3724	11	5	4	2396	0	2416
3725	5	3	4	2410	0	2422
3726	10	4	6	2396	0	2416
3727	6	6	3	2402	0	2417
3728	13	4	2276	61	0	2354
3729	9	10	2206	19	0	2244
3730	6	3	48	2237	0	2294
3731	5	8	2199	49	0	2261
3732	6	2189	42	26	0	2263
3733	8	42	14	2217	0	2281
3734	8	17	2116	46	0	2187
3735	1999	3	48	19	0	2069
3736	42	2087	10	12	0	2151
3737	19	2052	7	16	0	2094
3738	7	2092	6	11	0	2116
3739	4	47	3	2094	0	2148
3740	2092	13	5	51	0	2161
3741	45	7	3	2090	0	2145
3742	2055	8	5	53	0	2121
3743	44	1986	3	20	0	2053
3744	2029	43	1	11	0	2084
3745	41	15	7	2031	0	2094
3746	20	9	2	2037	0	2068
3747	8	1965	8	51	0	2032
3748	9	45	7	1973	0	2034
3749	9	18	3	2009	0	2039
3750	8	8	5	1990	0	2011
3751	1913	10	4	53	0	1980
3752	1953	6	4	28	0	1991
3753	53	3	1868	14	0	1938
3754	1899	4	36	17	0	1956
3755	43	2	1897	20	0	1962
3756	20	1	38	1909	0	1968
3757	6	4	15	1940	0	1965
3758	11	4	4	1967	0	1986
3759	4	3	1864	59	0	1930
3760	8	4	43	1898	0	1953
3761	7	8	1889	46	0	1950
3762	4	5	44	1896	0	1949
3763	1872	8	19	49	0	1948
3764	41	3	1866	29	0	1939
3765	1899	5	47	8	0	1959
3766	42	4	15	1923	0	1984
3767	1897	8	5	48	0	1958
3768	43	1887	3	22	0	1955
3769	19	41	4	1918	0	1982
3770	8	14	1916	52	0	1990
3771	12	11	37	1911	0	1971
3772	6	13	13	1853	0	1885
3773	7	1815	3	55	0	1880
3774	8	40	1717	20	0	1785
3775	2	1664	35	16	0	1717
3776	1280	27	6	6	0	1319
3777	19	1268	0	8	0	1295
3778	1184	18	5	2	0	1209
3779	1191	5	2	1	0	1199
3780	1182	0	1	3	0	1186
3781	27	0	0	1196	0	1223
3782	8	1	1180	19	0	1208
3783	1	0	18	1160	0	1179
3784	1	1180	8	18	0	1207
3785	1	15	2	1203	0	1221
3786	1181	6	2	22	0	1211
3787	16	1169	1	9	0	1195
3788	6	17	2	1136	0	1161
3789	1	7	2	1144	0	1154
3790	1128	2	2	24	0	1156
3791	16	1	1132	11	0	1160
3792	9	1111	16	5	0	1141
3793	5	19	3	1033	0	1060
3794	0	4	1026	14	0	1044
3795	2	4	10	992	0	1008
3796	0	1048	2	13	0	1063
3797	2	10	2	1072	0	1086
3798	1	3	0	1046	0	1050
3799	0	1	0	1052	0	1053
3800	2	0	1031	14	0	1047
3801	1016	0	9	5	0	1030
3802	10	0	2	1127	0	1139
3803	1222	1	2	14	0	1239
3804	1243	0	1	2	0	1246
3805	1247	1	0	2	0	1250
3806	1228	0	0	0	0	1228
3807	1258	1	0	0	0	1259
3808	21	0	0	1234	0	1255
3809	5	1204	0	16	0	1225
3810	4	15	0	1210	0	1229
3811	0	1207	0	16	0	1223
3812	1	15	1	1160	0	1177
3813	1155	2	0	13	0	1170
3814	9	5	0	1143	0	1157
3815	2	0	1127	12	0	1141
3816	1111	0	8	2	0	1121
3817	9	1128	2	4	0	1143
3818	1153	10	3	2	0	1168
3819	1165	2	1	0	0	1168
3820	1129	1	0	1	0	1131
3821	11	1145	1	0	0	1157
3822	3	11	0	1159	0	1173
3823	2	2	0	1161	0	1165
3824	1	2	1134	12	0	1149
3825	1	0	10	1121	0	1132
3826	2	0	2	1134	0	1138
3827	1	0	2	1143	0	1146
3828	2	1135	0	11	0	1148
3829	1160	9	0	5	0	1174
3830	1133	5	0	3	0	1141
3831	13	2	1152	0	0	1167
3832	6	1163	10	0	0	1179
3833	3	10	2	1186	0	1201
3834	2	2	2	1196	0	1202
3835	1	2	1	1200	0	1204
3836	1	1	1	1223	0	1226
3837	4	0	1	1227	0	1232
3838	1	1	1205	14	0	1221
3839	4	0	1160	5	0	1169
3840	1227	1	12	3	0	1243
3841	1256	1	4	1	0	1262
3842	1262	2	2	2	0	1268
3843	15	1	0	1270	0	1286
3844	6	0	1263	12	0	1281
3845	1252	0	11	3	0	1266
3846	1287	1	3	5	0	1296
3847	12	0	1254	3	0	1269
3848	1241	0	10	4	0	1255
3849	12	3	1366	0	0	1381
3850	4	0	12	1366	0	1382
3851	5	0	1377	11	0	1393
3852	1349	0	13	5	0	1367
3853	1390	3	4	2	0	1399
3854	1389	0	2	2	0	1393
3855	1426	0	1	4	0	1431
3856	16	0	1487	1	0	1504
3857	6	1451	11	2	0	1470
3858	1516	10	2	3	0	1531
3859	1515	3	3	3	0	1524
3860	13	3	1515	1	0	1532
3861	6	0	10	1488	0	1504
3862	5	1	2	1519	0	1527
3863	1	1	1492	14	0	1508
3864	1443	3	10	6	0	1462
3865	1491	0	3	5	0	1499
3866	17	1496	2	1	0	1516
3867	1554	13	0	3	0	1570
3868	1565	4	2	3	0	1574
3869	1548	2	1	2	0	1553
3870	1480	2	2	0	0	1484
3871	21	0	1444	2	0	1467
3872	1428	0	14	0	0	1442
3873	18	3	4	1423	0	1448
3874	4	1459	3	18	0	1484
3875	4	12	1421	6	0	1443
3876	2	1444	13	2	0	1461
3877	7	23	4	1391	0	1425
3878	5	4	1388	10	0	1407
3879	1344	2	11	1	0	1358
3880	13	2	1393	2	0	1410
3881	1371	0	13	1	0	1385
3882	11	1	1	1379	0	1392
3883	2	0	2	1369	0	1373
3884	3	1365	1	12	0	1381
3885	2	1400	1	6	0	1409
3886	1	11	0	1437	0	1449
3887	1432	2	3	10	0	1447
3888	1428	0	3	2	0	1433
3889	1425	1	2	0	0	1428
3890	15	1	1418	0	0	1434
3891	1423	2	9	0	0	1434
3892	11	0	1478	2	0	1491
3893	2	0	1417	2	0	1421
3894	1422	0	16	2	0	1440
3895	1462	1	2	1	0	1466
3896	12	0	1435	1	0	1448
3897	2	1	11	1411	0	1425
3898	1	1	3	1479	0	1484
3899	1474	0	1	15	0	1490
3900	1468	0	2	2	0	1472
3901	18	1	1574	2	0	1595
3902	4	1478	10	2	0	1494
3903	3	1457	2	2	0	1464
3904	1491	7	5	0	0	1503
3905	8	1	2	1482	0	1493
3906	3	1	2	1512	0	1518
3907	3	0	1	1527	0	1531
3908	1418	1	1	9	0	1429
3909	7	0	4	1533	0	1544
3910	1550	0	1	7	0	1558
3911	1628	0	1	4	0	1633
3912	12	1793	2	2	0	1809
3913	9	7	2	2070	0	2088
3914	6	5	2078	16	0	2105
3915	2061	1	14	8	0	2084
3916	2128	1	7	1	0	2137
3917	2143	2	2	0	0	2147
3918	23	0	2201	5	0	2229
3919	9	1	18	2204	0	2232
3920	2251	0	7	18	0	2276
3921	2171	0	3	7	0	2181
3922	2195	1	2	1	0	2199
3923	25	2160	5	2	0	2192
3924	9	2249	2	4	0	2264
3925	4	21	4	2292	0	2321
3926	5	7	1	2286	0	2299
3927	7	2266	3	24	0	2300
3928	2299	18	3	7	0	2327
3929	22	6	2351	2	0	2381
3930	12	0	17	2339	0	2368
3931	4	2	10	2386	0	2402
3932	8	3	2346	24	0	2381
3933	2299	3	19	6	0	2327
3934	2395	5	8	1	0	2409
3935	26	2337	5	5	0	2373
3936	2390	17	1	6	0	2414
3937	23	9	2472	4	0	2508
3938	2522	0	18	3	0	2543
3939	27	0	2557	2	0	2586
3940	2537	7	18	1	0	2563
3941	2576	2	7	2	0	2587
3942	2586	1	4	1	0	2592
3943	2554	2	1	3	0	2560
3944	24	2525	2	0	0	2551
3945	2636	18	0	1	0	2655
3946	2734	4	4	2	0	2744
3947	27	2	2749	3	0	2781
3948	2764	3	16	5	0	2788
3949	23	2	11	2750	0	2786
3950	10	1	2738	20	0	2769
3951	2774	3	16	7	0	2800
3952	24	3	7	2819	0	2853
3953	2906	2	3	18	0	2929
3954	3222	1	3	12	0	3238
3955	27	4	3386	3	0	3420
3956	3360	3	22	3	0	3388
3957	3442	0	5	6	0	3453
3958	3429	2	2	2	0	3435
3959	3467	8	0	3	0	3478
3960	31	0	5	3389	0	3425
3961	10	3397	7	19	0	3433
3962	3471	19	1	7	0	3498
3963	3487	5	5	4	0	3501
3964	3517	2	4	1	0	3524
3965	38	4	3443	4	0	3489
3966	14	3435	25	3	0	3477
3967	12	21	7	3502	0	3542
3968	12	7	8	3546	0	3573
3969	17	1	3709	29	0	3756
3970	16	1	31	3753	0	3801
3971	10	1	3822	37	0	3870
3972	12	3	37	3782	0	3834
3973	8	5	9	3864	0	3886
3974	12	2	3905	42	0	3961
3975	3835	1	34	13	0	3883
3976	4027	5	12	10	0	4054
3977	55	6	4076	6	0	4143
3978	4066	6	31	8	0	4111
3979	4139	1	14	7	0	4161
3980	54	2	4254	8	0	4318
3981	20	5	37	4204	0	4266
3982	15	1	17	4327	0	4360
3983	4340	3	7	47	0	4397
3984	47	4386	5	17	0	4455
3985	4351	38	7	7	0	4403
3986	4413	11	10	2	0	4436
3987	55	4565	6	6	0	4632
3988	4649	37	8	7	0	4701
3989	4627	12	6	9	0	4654
3990	51	4613	2	8	0	4674
3991	24	38	6	4665	0	4733
3992	19	4672	6	40	0	4737
3993	18	40	9	4748	0	4815
3994	16	10	4701	47	0	4774
3995	17	10	4710	11	0	4748
3996	4634	6	44	8	0	4692
3997	4794	4	13	7	0	4818
3998	52	10	4775	9	0	4846
3999	4797	5	40	11	0	4853
4000	4888	0	20	5	0	4913
4001	4763	3	16	8	0	4790
4002	61	4830	8	8	0	4907
4003	26	38	8	4987	0	5059
4004	4994	10	10	40	0	5054
4005	4948	2	7	15	0	4972
4006	65	6	5033	10	0	5114
4007	31	7	38	4982	0	5058
4008	14	14	11	5047	0	5086
4009	19	5059	9	43	0	5130
4010	20	5303	4	21	0	5348
4011	16	63	9	5137	0	5225
4012	15	5175	9	50	0	5249
4013	5038	33	3	11	0	5085
4014	42	5218	3	10	0	5273
4015	5394	48	4	9	0	5455
4016	56	15	5456	3	0	5530
4017	5638	3	57	6	0	5704
4018	5840	5	15	3	0	5863
4019	5804	0	7	8	0	5819
4020	5748	7	4	5	0	5764
4021	87	5699	5	6	0	5797
4022	31	61	6	5767	0	5865
4023	23	15	3	5848	0	5889
4024	14	11	5736	79	0	5840
4025	11	6	60	5666	0	5743
4026	14	4	14	5830	0	5862
4027	5827	8	17	78	0	5930
4028	71	5824	3	41	0	5939
4029	24	63	4	5910	0	6001
4030	22	18	9	5978	0	6027
4031	13	15	5	6031	0	6064
4032	5965	10	5	101	0	6081
4033	87	4	4	6027	0	6122
4034	6105	9	5	94	0	6213
4035	100	3	6	6108	0	6217
4036	26	6	6	6242	0	6280
4037	24	6	5903	100	0	6033
4038	5660	3	70	38	0	5771
4039	86	5876	24	34	0	6020
4040	6196	73	19	10	0	6298
4041	100	17	5	6129	0	6251
4042	33	19	7	6252	0	6311
4043	6329	8	8	99	0	6444
4044	6369	6	5	40	0	6420
4045	107	15	5	6626	0	6753
4046	43	8	6629	100	0	6780
4047	23	10	6579	37	0	6649
4048	15	6774	96	29	0	6914
4049	6951	90	34	18	0	7093
4050	6936	20	16	11	0	6983
4051	119	21	6	6857	0	7003
4052	41	6996	14	101	0	7152
4053	21	99	9	7035	0	7164
4054	13	33	5	6773	0	6824
4055	19	6401	9	123	0	6552
4056	6424	102	7	45	0	6578
4057	112	31	3	6403	0	6549
4058	31	6496	14	100	0	6641
4059	27	6779	9	40	0	6855
4060	6802	110	3	35	0	6950
4061	116	48	6656	16	0	6836
4062	6754	26	98	10	0	6888
4063	126	24	25	6786	0	6961
4064	37	12	19	6846	0	6914
4065	36	6814	7	137	0	6994
4066	28	112	10	6908	0	7058
4067	23	35	6781	138	0	6977
4068	29	6768	95	35	0	6927
4069	21	6782	25	43	0	6871
4070	6709	107	23	21	0	6860
4071	106	6810	12	20	0	6948
4072	33	111	7	6841	0	6992
4073	31	6801	12	123	0	6967
4074	25	116	8	6883	0	7032
4075	21	31	4	6986	0	7042
4076	28	37	6700	135	0	6900
4077	19	26	92	6626	0	6763
4078	20	19	20	6818	0	6877
4079	6682	24	26	132	0	6864
4080	115	21	6592	60	0	6788
4081	39	19	91	6801	0	6950
4082	46	14	6731	128	0	6919
4083	6748	18	119	55	0	6940
4084	117	6860	32	57	0	7066
4085	7386	112	30	45	0	7573
4086	153	37	19	7603	0	7812
4087	44	40	12	7639	0	7735
4088	38	18	7432	180	0	7668
4089	7038	17	127	83	0	7265
4090	141	7571	31	57	0	7800
4091	7306	145	27	41	0	7519
4092	163	45	11	7707	0	7926
4093	49	7779	13	161	0	8002
4094	7875	135	12	60	0	8082
4095	148	8018	18	52	0	8236
4096	43	151	13	8089	0	8296
4097	46	49	16	8187	0	8298
4098	30	38	20	8125	0	8213
4099	26	7927	19	202	0	8174
4100	34	135	18	8119	0	8306
4101	33	50	11	8252	0	8346
4102	7949	41	13	193	0	8196
4103	8052	23	12	83	0	8170
4104	8048	31	16	55	0	8150
4105	199	38	8024	46	0	8307
4106	8105	28	130	48	0	8311
4107	8295	31	36	43	0	8405
4108	8281	33	22	43	0	8379
4109	200	33	7901	36	0	8170
4110	7819	20	122	43	0	8004
4111	171	32	38	7985	0	8226
4112	64	24	7837	159	0	8084
4113	64	7743	131	76	0	8014
4114	41	196	37	7620	0	7894
4115	33	7509	37	130	0	7709
4116	34	7528	16	58	0	7636
4117	7265	125	35	38	0	7463
4118	111	38	13	7283	0	7445
4119	7349	30	15	113	0	7507
4120	123	16	9	7351	0	7499
4121	7352	24	7	122	0	7505
4122	122	24	9	7350	0	7505
4123	7388	23	8	128	0	7547
4124	118	15	7200	54	0	7387
4125	54	22	91	7309	0	7476
4126	37	18	7351	120	0	7526
4127	31	29	7048	49	0	7157
4128	30	22	7418	40	0	7510
4129	37	32	107	7354	0	7530
4130	29	27	7391	112	0	7559
4131	7380	12	95	49	0	7536
4132	106	16	31	7468	0	7621
4133	43	15	8120	112	0	8290
4134	30	14	92	8123	0	8259
4135	22	15	25	8311	0	8373
4136	21	17	9403	131	0	9572
4137	24	15	96	9442	0	9577
4138	31	10	36	9659	0	9736
4139	24	9501	33	115	0	9673
4140	9817	82	22	45	0	9966
4141	9830	26	24	36	0	9916
4142	125	18	9543	30	0	9716
4143	9470	8	96	25	0	9599
4144	106	17	9363	34	0	9520
4145	42	18	9050	20	0	9130
4146	29	10	9168	26	0	9233
4147	32	63	114	8924	0	9133
4148	18	9	9386	81	0	9494
4149	13	15	76	9218	0	9322
4150	17	7	25	9446	0	9495
4151	16	8	14	9451	0	9489
4152	16	9	10	9438	0	9473
4153	9368	9	13	99	0	9489
4154	9236	11	17	37	0	9301
4155	85	9356	19	32	0	9492
4156	27	72	15	9665	0	9779
4157	28	24	9692	91	0	9835
4158	17	9648	89	44	0	9798
4159	25	84	31	10088	0	10228
4160	13	33	10140	113	0	10299
4161	20	13	104	9976	0	10113
4162	21	7	10164	118	0	10310
4163	14	10	9997	39	0	10060
4164	12	10	115	10244	0	10381
4165	11	13	38	10397	0	10459
4166	10336	3	24	142	0	10505
4167	106	11	14	10386	0	10517
4168	10381	5	17	126	0	10529
4169	103	10262	18	54	0	10437
4170	36	11035	22	30	0	11123
4171	22	123	16	12000	0	12161
4172	12036	33	21	112	0	12202
4173	104	11944	17	53	0	12118
4174	42	99	13	12509	0	12663
4175	12926	26	21	115	0	13088
4176	13003	18	13	49	0	13083
4177	12979	8	21	30	0	13038
4178	12984	11	17	29	0	13041
4179	13201	8	23	33	0	13265
4180	157	14	12767	19	0	12957
4181	54	27	12518	26	0	12625
4182	22	12544	119	30	0	12715
4183	19	127	49	12803	0	12998
4184	23	30	12982	107	0	13142
4185	15	36	12601	24	0	12676
4186	21	22	101	12520	0	12664
4187	21	16	13043	113	0	13193
4188	21	33	12747	31	0	12832
4189	14	15372	132	38	0	15556
4190	15936	228	36	16	0	16216
4191	220	16431	26	46	0	16723
4192	47	255	19	16917	0	17238
4193	17159	28	16	238	0	17441
4194	250	17175	23	41	0	17489
4195	50	246	15	17352	0	17663
4196	48	37	17044	259	0	17388
4197	17333	29	248	45	0	17655
4198	17711	21	40	37	0	17809
4199	17850	23	37	27	0	17937
4200	310	12	26	17761	0	18109
4201	66	36	17317	272	0	17691
4202	54	17173	258	49	0	17534
4203	38	264	39	17749	0	18090
4204	17707	40	42	294	0	18083
4205	297	43	17027	41	0	17408
4206	50	16490	300	68	0	16908
4207	50	267	17193	29	0	17539
4208	16952	33	286	33	0	17304
4209	17729	45	60	25	0	17859
4210	17801	18	53	29	0	17901
4211	328	62	16958	30	0	17378
4212	76	16691	277	58	0	17102
4213	73	268	51	17110	0	17502
4214	47	54	54	17399	0	17554
4215	39	52	19	17511	0	17621
4216	45	41	16800	333	0	17219
4217	16669	27	251	97	0	17044
4218	328	38	16984	60	0	17410
4219	17159	40	288	44	0	17531
4220	17562	30	62	60	0	17714
4221	17621	25	65	42	0	17753
4222	17495	40	35	37	0	17607
4223	378	41	16922	43	0	17384
4224	134	34	273	17009	0	17450
4225	97	45	16556	304	0	17002
4226	68	16293	296	88	0	16745
4227	69	17073	78	73	0	17293
4228	17049	316	54	66	0	17485
4229	16891	98	49	67	0	17105
4230	344	16949	65	58	0	17416
4231	17223	313	81	49	0	17666
4232	371	82	16476	46	0	16975
4233	16087	66	276	69	0	16498
4234	369	16177	96	69	0	16711
4235	16540	322	61	55	0	16978
4236	15450	73	67	56	0	15646
4237	410	66	59	15016	0	15551
4238	153	53	64	15312	0	15582
4239	14973	50	67	353	0	15443
4240	378	67	65	14974	0	15484
4241	14927	41	80	374	0	15422
4242	421	49	64	14907	0	15441
4243	14816	52	86	337	0	15291
4244	14758	40	65	99	0	14962
4245	398	14445	99	64	0	15006
4246	181	14784	68	56	0	15089
4247	14272	342	80	66	0	14760
4248	368	14261	82	53	0	14764
4249	127	328	80	14076	0	14611
4250	110	94	73	14368	0	14645
4251	13782	83	71	365	0	14301
4252	329	13846	91	133	0	14399
4253	149	13758	65	112	0	14084
4254	139	13820	89	72	0	14120
4255	157	374	13369	80	0	13980
4256	154	109	13515	60	0	13838
4257	150	105	13458	74	0	13787
4258	128	168	313	12180	0	12789
4259	147	12904	94	266	0	13411
4260	13124	294	67	86	0	13571
4261	368	92	12859	81	0	13400
4262	141	70	12905	96	0	13212
4263	147	61	12962	82	0	13252
4264	129	66	317	12782	0	13294
4265	141	59	75	13033	0	13308
4266	129	59	75	13109	0	13372
4267	12905	47	63	322	0	13337
4268	12854	93	59	88	0	13094
4269	12782	63	57	80	0	12982
4270	351	63	64	11743	0	12221
4271	114	47	10437	268	0	10866
4272	97	66	10664	60	0	10887
4273	97	40	271	10581	0	10989
4274	99	41	64	10485	0	10689
4275	10040	44	61	281	0	10426
4276	289	9886	43	96	0	10314
4277	9889	242	33	64	0	10228
4278	298	9802	22	80	0	10202
4279	99	274	26	9793	0	10192
4280	90	58	9641	278	0	10067
4281	72	66	230	9692	0	10060
4282	9730	48	57	283	0	10118
4283	288	41	9576	78	0	9983
4284	9271	38	228	72	0	9609
4285	316	26	9154	45	0	9541
4286	91	57	9020	49	0	9217
4287	8407	39	230	49	0	8725
4288	244	41	8406	51	0	8742
4289	33	20	6494	26	0	6573
4290	70	6367	130	34	0	6601
4291	5594	80	188	50	0	5912
4292	5310	13	37	8	0	5368
4293	5256	1	5	10	0	5272
4294	41	6	5081	8	0	5136
4295	4882	4	34	3	0	4923
4296	38	4947	8	11	0	5004
4297	4939	36	7	3	0	4985
4298	35	3	4898	5	0	4941
4299	10	24	33	4720	0	4787
4300	7	1	4735	29	0	4772
4301	4	4664	26	10	0	4704
4302	4	24	14	4754	0	4796
4303	10	4	7	4826	0	4847
4304	4922	4	1	23	0	4950
4305	4862	2	2	2	0	4868
4306	4857	2	2	3	0	4864
4307	4878	2	7	1	0	4888
4308	4807	2	7	4	0	4820
4309	26	2	4808	3	0	4839
4310	7	5	19	4762	0	4793
4311	6	2	4989	22	0	5019
4312	3	2	23	5014	0	5042
4313	5144	3	8	22	0	5177
4314	5215	4	7	8	0	5234
4315	5246	3	5	4	0	5258
4316	5315	1	4	9	0	5329
4317	32	2	5423	17	0	5474
4318	16	4	26	5385	0	5431
4319	16	4	5434	27	0	5481
4320	16	5437	27	10	0	5490
4321	11	5540	16	6	0	5573
4322	18	35	12	5638	0	5703
4323	11	11	9	5840	0	5871
4324	10	12	5	5944	0	5971
4325	10	2	8	6130	0	6150
4326	6090	2	6	64	0	6162
4327	58	5972	4	27	0	6061
4328	5922	39	5	10	0	5976
4329	55	10	8	5863	0	5936
4330	26	6	3	5788	0	5823
4331	18	5797	12	44	0	5871
4332	11	38	8	5908	0	5965
4333	5887	15	7	51	0	5960
4334	45	5633	11	19	0	5708
4335	13	5567	4	21	0	5605
4336	5713	49	3	16	0	5781
4337	45	16	6	5705	0	5772
4338	17	5594	2	51	0	5664
4339	16	43	4	5790	0	5853
4340	5815	11	7	57	0	5890
4341	49	14	3	5757	0	5823
4342	19	10	5	5799	0	5833
4343	5831	4	5	61	0	5901
4344	48	10	3	5785	0	5846
4345	14	5723	5	66	0	5808
4346	15	50	5	5817	0	5887
4347	14	5634	5	58	0	5711
4348	10	48	6	5795	0	5859
4349	5763	20	4	56	0	5843
4350	5762	16	3	21	0	5802
4351	61	9	3	5818	0	5891
4352	24	14	5655	53	0	5746
4353	5558	9	35	28	0	5630
4354	58	10	5597	18	0	5683
4355	5621	6	48	19	0	5694
4356	5666	4	12	23	0	5705
4357	65	6	5521	12	0	5604
4358	27	5335	37	14	0	5413
4359	5573	41	14	12	0	5640
4360	5592	15	12	9	0	5628
4361	52	15	5664	13	0	5744
4362	5666	8	35	15	0	5724
4363	5659	8	10	10	0	5687
4364	5569	10	8	11	0	5598
4365	54	5	4	5658	0	5721
4366	30	6	5	5653	0	5694
4367	22	5612	9	47	0	5690
4368	12	35	4	5870	0	5921
4369	20	14	6	5875	0	5915
4370	19	14	5695	51	0	5779
4371	14	8	5398	28	0	5448
4372	5268	7	47	20	0	5342
4373	5546	7	16	10	0	5579
4374	54	5424	15	13	0	5506
4375	28	39	9	5586	0	5662
4376	27	13	5627	43	0	5710
4377	17	12	42	5665	0	5736
4378	16	8	18	5770	0	5812
4379	14	6	10	5880	0	5910
4380	10	5743	10	75	0	5838
4381	14	48	9	5963	0	6034
4382	12	23	5	6040	0	6080
4383	12	16	5905	74	0	6007
4384	13	8	5897	35	0	5953
4385	5631	7	60	26	0	5724
4386	5904	5	44	20	0	5973
4387	63	3	16	6107	0	6189
4388	31	9	12	5930	0	5982
4389	20	7	6	5039	0	5072
4390	13	5	4805	89	0	4912
4391	11	4669	66	39	0	4785
4392	15	58	4738	34	0	4845
4393	4774	16	68	17	0	4875
4394	67	18	4823	17	0	4925
4395	4823	14	67	17	0	4921
4396	4789	4	28	17	0	4838
4397	4863	8	19	18	0	4908
4398	88	5	9	4787	0	4889
4399	38	6	4742	72	0	4858
4400	24	4775	60	30	0	4889
4401	17	59	21	4707	0	4804
4402	10	17	18	5797	0	5842
4403	19	21	5790	112	0	5942
4404	9	5823	92	79	0	6003
4405	6101	107	51	27	0	6286
4406	117	6258	18	29	0	6422
4407	6715	137	15	15	0	6882
4408	174	67	13	6739	0	6993
4409	79	29	6710	153	0	6971
4410	35	6800	159	62	0	7056
4411	6944	160	57	29	0	7190
4412	179	64	6775	23	0	7041
4413	6869	25	173	22	0	7089
4414	6976	21	59	12	0	7068
4415	245	13	6692	10	0	6960
4416	6672	8	164	15	0	6859
4417	6699	10	71	11	0	6791
4418	6535	6	31	12	0	6584
4419	232	6357	26	22	0	6637
4420	6164	155	16	13	0	6348
4421	191	6210	16	9	0	6426
4422	91	173	6042	10	0	6316
4423	38	6104	139	15	0	6296
4424	5954	172	70	11	0	6207
4425	6006	73	27	17	0	6123
4426	6063	29	33	13	0	6138
4427	221	25	18	5807	0	6071
4428	106	13	10	6032	0	6161
4429	5825	11	17	198	0	6051
4430	6017	12	8	82	0	6119
4431	220	5	16	5820	0	6061
4432	93	11	5700	154	0	5958
4433	62	5599	146	66	0	5873
4434	49	5874	61	26	0	6010
4435	42	200	26	5785	0	6053
4436	31	87	5707	150	0	5975
4437	29	50	145	5460	0	5684
4438	21	5675	65	145	0	5906
4439	32	155	26	5688	0	5901
4440	30	78	5622	156	0	5886
4441	41	26	151	5730	0	5948
4442	39	34	7232	166	0	7471
4443	38	28	158	7101	0	7325
4444	38	18	7463	191	0	7710
4445	42	24	7388	94	0	7548
4446	7212	24	207	44	0	7487
4447	7500	20	81	39	0	7640
4448	7608	29	53	23	0	7713
4449	232	7212	37	22	0	7503
4450	114	162	27	7465	0	7768
4451	7397	77	39	152	0	7665
4452	7540	42	20	83	0	7685
4453	7558	27	30	33	0	7648
4454	239	32	7235	38	0	7544
4455	134	7012	151	24	0	7321
4456	71	6398	77	1027	0	7573
4457	7428	175	51	56	0	7710
4458	192	56	35	7359	0	7642
4459	7370	37	32	173	0	7612
4460	195	38	7114	93	0	7440
4461	105	34	159	6984	0	7282
4462	74	34	84	7172	0	7364
4463	79	34	41	6968	0	7122
4464	77	6995	45	214	0	7331
4465	7022	176	36	88	0	7322
4466	7076	90	29	56	0	7251
4467	239	6886	19	73	0	7217
4468	136	170	30	6928	0	7264
4469	6964	80	27	180	0	7251
4470	220	43	25	6923	0	7211
4471	6941	38	38	192	0	7209
4472	206	6755	42	99	0	7102
4473	6880	191	23	57	0	7151
4474	237	92	6595	47	0	6971
4475	125	6544	163	60	0	6892
4476	88	180	6531	39	0	6838
4477	90	140	192	6471	0	6893
4478	6528	53	114	179	0	6874
4479	6624	45	45	104	0	6818
4480	6581	29	52	51	0	6713
4481	260	31	41	6318	0	6650
4482	6444	31	40	172	0	6687
4483	222	26	35	6342	0	6625
4484	6345	30	44	188	0	6607
4485	6420	19	25	118	0	6582
4486	273	31	6211	50	0	6565
4487	130	39	6003	54	0	6226
4488	90	40	6039	32	0	6201
4489	76	37	185	5926	0	6224
4490	6045	29	109	160	0	6343
4491	178	41	49	5987	0	6255
4492	113	39	42	6145	0	6339
4493	6302	24	38	211	0	6575
4494	6290	17	24	117	0	6448
4495	6309	16	25	72	0	6422
4496	6380	17	27	64	0	6488
4497	255	28	16	6192	0	6491
4498	6188	14	32	180	0	6414
4499	192	5974	32	92	0	6290
4500	6032	152	23	83	0	6290
4501	6230	73	35	55	0	6393
4502	123	14	4714	18	0	4869
4503	4469	8	81	12	0	4570
4504	100	5	4415	14	0	4534
4505	28	6	3981	10	0	4025
4506	18	10	3969	16	0	4013
4507	29	76	49	3360	0	3514
4508	6	3	3476	36	0	3521
4509	6	9	28	3159	0	3202
4510	5	0	3296	29	0	3330
4511	4	2	3286	6	0	3298
4512	4	11	16	3200	0	3231
4513	2	1	8	3417	0	3428
4514	0	0	3518	18	0	3536
4515	3353	1	14	4	0	3372
4516	17	0	4	3555	0	3576
4517	8	0	0	3592	0	3600
4518	3637	0	2	18	0	3657
4519	14	1	1	3762	0	3778
4520	8	0	3803	15	0	3826
4521	2	6	3606	6	0	3620
4522	3	4	14	3664	0	3685
4523	5	3	3787	15	0	3810
4524	3	3749	21	9	0	3782
4525	2	13	3	3920	0	3938
4526	3967	3	5	13	0	3988
4527	14	2	3932	3	0	3951
4528	3807	1	16	6	0	3830
4529	14	1	10	4031	0	4056
4530	6	4	2	4043	0	4055
4531	2	1	2	4062	0	4067
4532	3	3	4	4047	0	4057
4533	4062	1	5	18	0	4086
4534	19	4108	2	13	0	4142
4535	7	14	4	4231	0	4256
4536	6	6	3	4201	0	4216
4537	5	0	2	4222	0	4229
4538	2	4	3	4203	0	4212
4539	4225	1	2	24	0	4252
4540	18	4101	5	13	0	4137
4541	4174	14	3	11	0	4202
4542	18	2677	5	8	0	2708
4543	3	2722	4	4	0	2733
4544	2661	17	4	11	0	2693
4545	19	5	2672	4	0	2700
4546	4	11	15	2682	0	2712
4547	2733	0	7	22	0	2762
4548	2789	4	4	6	0	2803
4549	2742	5	5	5	0	2757
4550	2842	1	5	4	0	2852
4551	23	2937	5	9	0	2974
4552	2994	20	1	11	0	3026
4553	3083	4	3	7	0	3097
4554	31	3262	6	11	0	3310
4555	11	31	3	3438	0	3483
4556	10	13	3414	36	0	3473
4557	3	6	36	3471	0	3516
4558	3483	2	10	46	0	3541
4559	44	6	3545	13	0	3608
4560	10	3478	32	16	0	3536
4561	14	29	3594	8	0	3645
4562	8	10	35	3437	0	3490
4563	4	3533	12	34	0	3583
4564	3619	32	4	9	0	3664
4565	30	3613	8	15	0	3666
4566	13	40	1	3654	0	3708
4567	4	8	8	3722	0	3742
4568	3675	9	2	43	0	3729
4569	38	5	2	3612	0	3657
4570	18	3635	2	34	0	3689
4571	3698	32	4	15	0	3749
4572	3729	6	2	10	0	3747
4573	40	3726	1	8	0	3775
4574	3763	32	2	6	0	3803
4575	40	3679	1	13	0	3733
4576	3708	42	0	6	0	3756
4577	39	3710	3	6	0	3758
4578	15	37	4	3613	0	3669
4579	11	14	4	3807	0	3836
4580	3770	5	1	42	0	3818
4581	3828	4	5	14	0	3851
4582	41	3770	3	14	0	3828
4583	16	41	3727	4	0	3788
4584	3853	7	30	5	0	3895
4585	36	13	7	3872	0	3928
4586	17	3822	3	39	0	3881
4587	10	37	2	3923	0	3972
4588	3928	14	2	43	0	3987
4589	3955	4	5	19	0	3983
4590	3982	5	4	9	0	4000
4591	41	5	1	3949	0	3996
4592	21	8	3916	36	0	3981
4593	3725	2	32	13	0	3772
4594	3776	10	5	7	0	3798
4595	3816	8	7	5	0	3836
4596	51	3744	4	3	0	3802
4597	14	41	2	3861	0	3918
4598	13	3877	7	39	0	3936
4599	9	41	3	3965	0	4018
4600	10	8	4	4006	0	4028
4601	8	7	4123	59	0	4197
4602	17	7	38	4398	0	4460
4603	9	5	10	4499	0	4523
4604	4493	11	2	56	0	4562
4605	48	4490	10	20	0	4568
4606	4496	47	1	14	0	4558
4607	4612	20	5	9	0	4646
4608	64	14	3	4580	0	4661
4609	23	13	4615	58	0	4709
4610	17	5615	50	18	0	5700
4611	8	5820	11	21	0	5860
4612	5492	218	13	9	0	5732
4613	176	5714	9	10	0	5909
4614	26	212	4	5548	0	5790
4615	18	24	5	5895	0	5942
4616	16	20	5597	215	0	5848
4617	8	23	5652	34	0	5717
4618	15	5570	186	19	0	5790
4619	8	202	26	5526	0	5762
4620	5433	27	9	199	0	5668
4621	187	15	10	5550	0	5762
4622	29	16	5545	214	0	5804
4623	9	21	192	5579	0	5801
4624	5395	14	29	217	0	5655
4625	5479	21	13	34	0	5547
4626	204	5368	13	24	0	5609
4627	5318	212	10	21	0	5561
4628	204	5334	9	23	0	5570
4629	5349	209	14	27	0	5599
4630	208	40	11	5360	0	5619
4631	37	22	5239	223	0	5521
4632	26	19	5323	43	0	5411
4633	26	5324	200	26	0	5576
4634	23	201	39	5236	0	5499
4635	25	36	19	5552	0	5632
4636	5441	25	12	240	0	5718
4637	5558	23	14	45	0	5640
4638	5642	24	15	30	0	5711
4639	240	20	12	5483	0	5755
4640	58	21	12	5692	0	5783
4641	29	29	17	5749	0	5824
4642	35	20	5515	243	0	5813
4643	27	37	5599	52	0	5715
4644	5520	21	210	33	0	5784
4645	5787	28	40	34	0	5889
4646	247	20	5555	35	0	5857
4647	5537	15	213	41	0	5806
4648	5656	19	41	41	0	5757
4649	230	18	5399	40	0	5687
4650	59	5420	197	33	0	5709
4651	47	224	35	5364	0	5670
4652	45	53	5394	219	0	5711
4653	44	5486	200	59	0	5789
4654	60	245	39	5053	0	5397
4655	40	5272	31	207	0	5550
4656	41	206	5198	64	0	5509
4657	53	45	5366	56	0	5520
4658	33	54	248	5285	0	5620
4659	5288	24	77	219	0	5608
4660	220	43	46	5284	0	5593
4661	5302	27	47	233	0	5609
4662	238	31	36	5335	0	5640
4663	69	28	5258	251	0	5606
4664	5239	9	225	71	0	5544
4665	223	35	5313	59	0	5630
4666	5350	32	208	57	0	5647
4667	244	39	49	5217	0	5549
4668	82	5326	39	210	0	5657
4669	71	228	36	5259	0	5594
4670	64	5489	30	216	0	5799
4671	72	237	37	5134	0	5480
4672	45	5450	51	205	0	5751
4673	5452	222	55	89	0	5818
4674	5574	49	61	72	0	5756
4675	5557	52	71	66	0	5746
4676	259	34	5353	66	0	5712
4677	77	41	207	5486	0	5811
4678	76	32	5435	272	0	5815
4679	92	5313	214	89	0	5708
4680	84	5613	55	73	0	5825
4681	5460	229	55	71	0	5815
4682	256	57	5353	84	0	5750
4683	80	5344	219	78	0	5721
4684	66	232	67	5487	0	5852
4685	5403	65	59	252	0	5779
4686	259	5539	56	70	0	5924
4687	5670	258	50	46	0	6024
4688	291	53	5606	48	0	5998
4689	104	49	240	5683	0	6076
4690	79	37	80	5913	0	6109
4691	77	35	73	6032	0	6217
4692	63	5929	43	278	0	6313
4693	60	244	50	6014	0	6368
4694	63	70	5967	286	0	6386
4695	60	61	244	6007	0	6372
4696	59	52	61	6234	0	6406
4697	60	50	57	6045	0	6212
4698	53	5891	58	287	0	6289
4699	44	243	61	5953	0	6301
4700	64	54	55	6026	0	6199
4701	61	5562	67	288	0	5978
4702	5238	240	51	94	0	5623
4703	260	5256	42	83	0	5641
4704	76	5432	49	76	0	5633
4705	68	247	52	5354	0	5721
4706	82	49	5153	271	0	5555
4707	5004	46	235	65	0	5350
4708	262	41	70	5267	0	5640
4709	63	56	5123	288	0	5530
4710	6	3797	60	13	0	3876
4711	4	60	8	3904	0	3976
4712	7	9	3916	64	0	3996
4713	4	7	58	3786	0	3855
4714	7	11	10	3850	0	3878
4715	3757	5	5	71	0	3838
4716	59	3700	14	17	0	3790
4717	3749	57	6	17	0	3829
4718	65	9	3785	15	0	3874
4719	14	3791	62	17	0	3884
4720	16	69	3873	9	0	3967
4721	9	17	65	4013	0	4104
4722	4009	5	16	67	0	4097
4723	60	14	11	3961	0	4046
4724	3987	4	6	72	0	4069
4725	4059	10	6	18	0	4093
4726	75	9	0	4118	0	4202
4727	15	9	4297	74	0	4395
4728	14	10	4441	22	0	4487
4729	13	8	72	4511	0	4604
4730	9	8	11	4641	0	4669
4731	4589	7	19	76	0	4691
4732	70	6	7	4575	0	4658
4733	16	4504	9	81	0	4610
4734	9	66	10	4571	0	4656
4735	10	16	8	4619	0	4653
4736	4508	5	6	96	0	4615
4737	65	4510	7	28	0	4610
4738	15	72	4	4569	0	4660
4739	12	15	8	4575	0	4610
4740	11	4459	11	87	0	4568
4741	3	80	7	4549	0	4639
4742	10	15	5	4516	0	4546
4743	5	4363	12	96	0	4476
4744	11	76	2	4430	0	4519
4745	4	13	7	4441	0	4465
4746	10	4318	5	91	0	4424
4747	12	79	9	4396	0	4496
4748	4378	16	7	93	0	4494
4749	4405	10	11	31	0	4457
4750	4350	14	8	27	0	4399
4751	4327	9	6	30	0	4372
4752	84	4102	8	31	0	4225
4753	3928	67	5	14	0	4014
4754	67	3879	5	28	0	3979
4755	9	3870	14	22	0	3915
4756	12	79	19	3855	0	3965
4757	13	15	3871	78	0	3977
4758	3822	14	54	25	0	3915
4759	3962	14	10	21	0	4007
4760	76	9	4044	27	0	4156
4761	3998	9	61	18	0	4086
4762	4154	14	11	18	0	4197
4763	78	3967	8	23	0	4076
4764	4492	65	12	20	0	4589
4765	78	21	6	4451	0	4556
4766	22	11	5	4490	0	4528
4767	8	16	6	4536	0	4566
4768	19	12	7	4514	0	4552
4769	4475	10	5	97	0	4587
4770	83	13	3	4400	0	4499
4771	26	9	6	4454	0	4495
4772	24	10	4314	90	0	4438
4773	4067	7	64	26	0	4164
4774	4375	16	11	22	0	4424
4775	4410	13	8	21	0	4452
4776	77	4271	8	26	0	4382
4777	22	4374	4	22	0	4422
4778	4331	73	8	26	0	4438
4779	78	17	8	4402	0	4505
4780	27	4437	5	86	0	4555
4781	16	69	5	4458	0	4548
4782	16	4475	7	79	0	4577
4783	4454	77	5	24	0	4560
4784	75	4473	5	21	0	4574
4785	29	75	5	4464	0	4573
4786	24	25	8	4550	0	4607
4787	15	9	4572	92	0	4688
4788	14	4740	56	34	0	4844
4789	10	90	14	4962	0	5076
4790	22	18	5071	88	0	5199
4791	16	12	5201	28	0	5257
4792	5	19	81	5233	0	5338
4793	11	6	31	5235	0	5283
4794	9	4991	23	106	0	5129
4795	16	5183	6	43	0	5248
4796	15	91	1	5229	0	5336
4797	5190	40	7	90	0	5327
4798	81	17	5	5357	0	5460
4799	5532	13	4	98	0	5647
4800	5617	10	7	49	0	5683
4801	5705	7	7	29	0	5748
4802	128	10	5612	22	0	5772
4803	5573	9	84	17	0	5683
4804	103	7	36	5648	0	5794
4805	42	11	16	5712	0	5781
4806	32	17	5533	122	0	5704
4807	23	12	5530	66	0	5631
4808	13	18	99	5518	0	5648
4809	12	5365	49	98	0	5524
4810	16	5572	24	41	0	5653
4811	12	107	13	5616	0	5748
4812	5580	49	10	92	0	5731
4813	91	20	12	5630	0	5753
4814	46	9	9	5610	0	5674
4815	30	5586	10	130	0	5756
4816	15	96	6	5752	0	5869
4817	12	42	5700	115	0	5869
4818	25	22	5528	54	0	5629
4819	5352	11	115	32	0	5510
4820	91	5493	50	27	0	5661
4821	5465	81	22	26	0	5594
4822	5468	41	15	18	0	5542
4823	119	24	10	5180	0	5333
4824	50	5382	12	85	0	5529
4825	29	80	10	5458	0	5577
4826	5433	36	10	95	0	5574
4827	79	5216	15	52	0	5362
4828	5129	80	6	29	0	5244
4829	91	5102	10	19	0	5222
4830	5174	92	11	13	0	5290
4831	5200	35	5	19	0	5259
4832	105	5076	10	21	0	5212
4833	53	77	8	5153	0	5291
4834	5185	32	8	83	0	5308
4835	88	24	4984	44	0	5140
4836	43	20	5008	33	0	5104
4837	24	41	95	4969	0	5129
4838	5071	16	49	76	0	5212
4839	82	14	13	5113	0	5222
4840	5130	13	8	97	0	5248
4841	98	15	5209	39	0	5361
4842	5357	6	73	32	0	5468
4843	5601	12	32	16	0	5661
4844	115	15	19	5491	0	5640
4845	61	9	13	5563	0	5646
4846	35	11	13	5591	0	5650
4847	28	5538	13	122	0	5701
4848	17	72	12	5658	0	5759
4849	19	41	12	5713	0	5785
4850	5661	23	10	106	0	5800
4851	5678	15	8	69	0	5770
4852	108	13	5559	38	0	5718
4853	5586	11	78	24	0	5699
4854	98	12	5588	26	0	5724
4855	5374	11	85	27	0	5497
4856	96	11	5561	19	0	5687
4857	52	15	5473	24	0	5564
4858	31	17	101	5353	0	5502
4859	22	11	5456	87	0	5576
4860	5290	8	83	48	0	5429
4861	73	10	43	5560	0	5686
4862	5646	9	23	77	0	5755
4863	5687	11	15	51	0	5764
4864	5318	17	12	29	0	5376
4865	5282	9	14	26	0	5331
4866	129	11	5180	22	0	5342
4867	74	9	58	5211	0	5352
4868	43	10	5281	83	0	5417
4869	25	7	83	5264	0	5379
4870	5279	11	39	84	0	5413
4871	80	12	25	5365	0	5482
4872	5419	9	20	91	0	5539
4873	90	10	15	5459	0	5574
4874	53	6	13	5535	0	5607
4875	5496	11	14	102	0	5623
4876	72	5383	20	62	0	5537
4877	5444	58	13	33	0	5548
4878	77	5384	9	33	0	5503
4879	48	65	14	5449	0	5576
4880	5428	29	18	73	0	5548
4881	82	19	5380	45	0	5526
4882	50	12	53	5448	0	5563
4883	5480	9	31	65	0	5585
4884	5629	5	20	40	0	5694
4885	105	8	16	5570	0	5699
4886	58	5639	12	82	0	5791
4887	34	5534	9	49	0	5626
4888	22	195	8	5202	0	5427
4889	5226	35	4	56	0	5321
4890	63	4940	5	38	0	5046
4891	21	4719	7	20	0	4767
4892	4675	58	4	4	0	4741
4893	42	4638	2	6	0	4688
4894	4894	48	4	3	0	4949
4895	54	22	9	4855	0	4940
4896	21	14	1	4857	0	4893
4897	15	4804	6	59	0	4884
4898	5	4781	2	34	0	4822
4899	4594	55	0	16	0	4665
4900	39	4716	10	10	0	4775
4901	16	5179	6	6	0	5207
4902	12	81	0	5202	0	5295
4903	5297	35	2	64	0	5398
4904	77	15	5619	27	0	5738
4905	5667	7	93	12	0	5779
4906	106	4	41	6103	0	6254
4907	49	4	6191	121	0	6365
4908	20	7	6360	50	0	6437
4909	10	8	153	6391	0	6562
4910	4	9	6520	130	0	6663
4911	6514	3	149	51	0	6717
4912	6674	8	59	26	0	6767
4913	177	12	6546	16	0	6751
4914	74	7	136	6513	0	6730
4915	41	4	52	6654	0	6751
4916	6607	6	29	173	0	6815
4917	136	7	20	6299	0	6462
4918	61	6358	13	155	0	6587
4919	6447	121	14	60	0	6642
4920	136	6370	17	27	0	6550
4921	59	6635	7	37	0	6738
4922	35	170	12	6534	0	6751
4923	25	78	12	6607	0	6722
4924	17	37	10	6720	0	6784
4925	20	21	6405	202	0	6648
4926	6156	11	135	96	0	6398
4927	132	6282	55	50	0	6519
4928	6493	126	29	33	0	6681
4929	6564	45	26	23	0	6658
4930	200	35	10	6430	0	6675
4931	91	6376	11	150	0	6628
4932	53	139	17	6550	0	6759
4933	33	65	4	6678	0	6780
4934	6621	34	12	210	0	6877
4935	6742	16	13	90	0	6861
4936	191	17	6583	59	0	6850
4937	6760	15	127	34	0	6936
4938	179	6709	57	30	0	6975
4939	6811	141	26	32	0	7010
4940	165	7027	21	27	0	7240
4941	89	163	11	6832	0	7095
4942	47	77	8	6858	0	6990
4943	28	6686	8	204	0	6926
4944	33	152	7	6818	0	7010
4945	25	64	9	6923	0	7021
4946	25	34	9	6814	0	6882
4947	21	6588	14	234	0	6857
4948	23	142	12	6727	0	6904
4949	29	65	9	6789	0	6892
4950	34	44	9	6844	0	6931
4951	35	27	6487	237	0	6786
4952	6417	27	139	115	0	6698
4953	165	26	6559	58	0	6808
4954	6587	26	159	48	0	6820
4955	183	20	6610	42	0	6855
4956	6617	23	156	37	0	6833
4957	6724	22	68	46	0	6860
4958	232	14	6563	34	0	6843
4959	105	27	150	6558	0	6840
4960	60	22	6466	166	0	6714
4961	6267	19	168	83	0	6537
4962	170	24	6533	64	0	6791
4963	84	27	6504	50	0	6665
4964	6402	20	205	43	0	6670
4965	165	6346	101	56	0	6668
4966	90	150	47	6507	0	6794
4967	6538	63	47	171	0	6819
4968	190	44	25	6513	0	6772
4969	90	25	36	6679	0	6830
4970	6533	16	28	234	0	6811
4971	6613	13	31	123	0	6780
4972	222	17	6379	80	0	6698
4973	119	9	6467	53	0	6648
4974	72	10	213	6451	0	6746
4975	47	17	6556	183	0	6803
4976	53	14	198	6512	0	6777
4977	51	22	94	6572	0	6739
4978	43	13	54	6719	0	6829
4979	6399	19	40	246	0	6704
4980	168	6440	26	143	0	6777
4981	6508	147	24	81	0	6760
4982	6519	61	30	59	0	6669
4983	227	6369	22	53	0	6671
4984	6256	145	26	42	0	6469
4985	190	66	6105	40	0	6401
4986	93	48	124	6005	0	6270
4987	6118	29	62	156	0	6365
4988	161	20	5923	79	0	6183
4989	5933	20	127	53	0	6133
4990	149	6187	65	54	0	6455
4991	6693	117	34	36	0	6880
4992	6730	56	25	37	0	6848
4993	235	6742	19	38	0	7034
4994	6863	152	22	27	0	7064
4995	206	66	20	6850	0	7142
4996	92	45	14	7012	0	7163
4997	6885	29	30	213	0	7157
4998	6638	9	10	110	0	6767
4999	213	6749	21	59	0	7042
5000	106	6700	22	39	0	6867
5001	53	186	15	6069	0	6323
5002	29	6230	14	122	0	6395
5003	31	6399	9	57	0	6496
5004	5838	109	11	31	0	5989
5005	97	5841	10	17	0	5965
5006	5480	79	12	10	0	5581
5007	83	5644	14	16	0	5757
5008	38	78	5580	17	0	5713
5009	31	5616	55	15	0	5717
5010	5576	97	36	18	0	5727
5011	5492	24	16	7	0	5539
5012	81	17	5453	7	0	5558
5013	40	4	53	5334	0	5431
5014	22	5	20	5566	0	5613
5015	8	3	5521	73	0	5605
5016	10	6	55	5371	0	5442
5017	10	7	5495	75	0	5587
5018	14	7	5405	26	0	5452
5019	5366	2	72	20	0	5460
5020	60	5407	32	8	0	5507
5021	5448	50	15	6	0	5519
5022	67	21	5	5444	0	5537
5023	19	22	5482	58	0	5581
5024	22	8	45	5390	0	5465
5025	10	5486	18	60	0	5574
5026	5648	47	12	17	0	5724
5027	5663	20	2	16	0	5701
5028	68	15	4	5603	0	5690
5029	29	6	5518	52	0	5605
5030	5341	8	51	20	0	5420
5031	56	5398	19	17	0	5490
5032	5458	52	17	3	0	5530
5033	71	15	2	5422	0	5510
5034	5396	17	6	50	0	5469
5035	66	7	5	5370	0	5448
5036	25	9	5386	67	0	5487
5037	20	10	5257	23	0	5310
5038	5197	7	61	24	0	5289
5039	53	5343	24	16	0	5436
5040	5336	39	38	8	0	5421
5041	5355	16	6	3	0	5380
5042	55	5394	4	9	0	5462
5043	5429	48	2	5	0	5484
5044	58	26	5893	4	0	5981
5045	20	22	36	5955	0	6033
5046	22	12	11	6033	0	6078
5047	14	9	11	6086	0	6120
5048	12	13	5985	66	0	6076
5049	12	10	5951	31	0	6004
5050	11	19	57	5880	0	5967
5051	8	5968	31	34	0	6041
5052	10	6168	17	14	0	6209
5053	6318	57	5	10	0	6390
5054	6394	33	7	7	0	6441
5055	64	6698	6	12	0	6780
5056	25	55	8	6977	0	7065
5057	22	18	5	7063	0	7108
5058	7264	23	8	69	0	7364
5059	60	4	13	7485	0	7562
5060	20	11	11	7493	0	7535
5061	23	7	12	7540	0	7582
5062	13	11	7231	77	0	7332
5063	18	11	6984	35	0	7048
5064	7305	8	66	28	0	7407
5065	65	7	34	7868	0	7974
5066	24	6	7895	72	0	7997
5067	20	20	7739	23	0	7802
5068	7964	11	92	21	0	8088
5069	93	18	8777	18	0	8906
5070	27	9073	86	14	0	9200
5071	27	79	21	10005	0	10132
5072	21	21	9939	111	0	10092
5073	9969	22	110	31	0	10132
5074	118	10	28	10549	0	10705
5075	39	13	10402	121	0	10575
5076	35	5	115	10512	0	10667
5077	19	6	27	10684	0	10736
5078	10690	11	26	150	0	10877
5079	125	10691	16	63	0	10895
5080	42	114	20	10836	0	11012
5081	10905	33	10	125	0	11073
5082	10955	23	10	47	0	11035
5083	11018	8	8	39	0	11073
5084	11139	9	13	15	0	11176
5085	175	8	10	10986	0	11179
5086	10945	5	11	137	0	11098
5087	10942	5	23	39	0	11009
5088	10730	10	17	42	0	10799
5089	10714	4	12	23	0	10753
5090	161	10214	18	17	0	10410
5091	29	9773	9	12	0	9823
5092	19	104	4	9854	0	9981
5093	19	9733	11	84	0	9847
5094	9805	80	11	25	0	9921
5095	97	27	4	9903	0	10031
5096	9954	11	3	106	0	10074
5097	10078	5	9	34	0	10126
5098	117	6	3	10359	0	10485
5099	36	7	13	10345	0	10401
5100	15	10230	11	112	0	10368
5101	10404	83	8	34	0	10529
5102	102	10228	12	25	0	10367
5103	10413	84	11	15	0	10523
5104	109	24	4	10493	0	10630
5105	36	12	10296	100	0	10444
5106	10338	8	87	29	0	10462
5107	10137	19	27	21	0	10204
5108	126	12	10063	18	0	10219
5109	45	5	10069	12	0	10131
5110	26	9	108	9881	0	10024
5111	10538	6	27	107	0	10678
5112	10900	10	17	29	0	10956
5113	11209	9	13	17	0	11248
5114	11287	11	5	20	0	11323
5115	152	10936	9	21	0	11118
5116	11510	118	6	23	0	11657
5117	152	31	5	11410	0	11598
5118	66	12	4	11605	0	11687
5119	41	12	4	11887	0	11944
5120	23	11	9	12008	0	12051
5121	11840	11	7	170	0	12028
5122	149	8	6	12179	0	12342
5123	57	12	11940	158	0	12167
5124	36	8	118	12220	0	12382
5125	28	11	41	12342	0	12422
5126	37	7	12	12305	0	12361
5127	27	11	12	12309	0	12359
5128	12038	9	14	199	0	12260
5129	147	11824	16	75	0	12062
5130	46	11973	21	53	0	12093
5131	41	171	9	12110	0	12331
5132	12077	47	5	162	0	12291
5133	12290	24	12	57	0	12383
5134	196	17	11	12414	0	12638
5135	66	21	12087	190	0	12364
5136	12191	15	144	62	0	12412
5137	194	14	35	12627	0	12870
5138	64	13	12511	193	0	12781
5139	12175	12	152	70	0	12409
5140	184	12449	42	49	0	12724
5141	13794	165	14	35	0	14008
5142	261	13975	23	41	0	14300
5143	106	232	13	14170	0	14521
5144	48	14043	14	268	0	14373
5145	51	267	8	14498	0	14824
5146	13973	102	7	307	0	14389
5147	266	14057	17	135	0	14475
5148	103	253	13988	59	0	14403
5149	61	96	246	14269	0	14672
5150	67	44	14214	287	0	14612
5151	49	36	259	13989	0	14333
5152	48	32	100	14467	0	14647
5153	43	25	14018	365	0	14451
5154	12799	22	286	155	0	13262
5155	285	27	13733	82	0	14127
5156	132	19	13476	63	0	13690
5157	59	13265	342	68	0	13734
5158	57	251	114	13385	0	13807
5159	38	92	54	13468	0	13652
5160	33	39	43	13440	0	13555
5161	32	31	25	13675	0	13763
5162	35	27	13142	385	0	13589
5163	12336	28	244	175	0	12783
5164	277	21	13006	124	0	13428
5165	105	13	255	12693	0	13066
5166	12516	11	106	279	0	12912
5167	258	12548	56	137	0	12999
5168	93	305	44	12194	0	12636
5169	11614	83	26	258	0	11981
5170	248	11163	21	126	0	11558
5171	88	10941	19	51	0	11099
5172	10744	265	40	39	0	11088
5173	214	10817	17	39	0	11087
5174	10525	223	28	35	0	10811
5175	214	10640	14	43	0	10911
5176	10797	230	12	41	0	11080
5177	10912	92	17	31	0	11052
5178	289	10837	17	80	0	11223
5179	115	227	18	10840	0	11200
5180	62	80	10591	235	0	10968
5181	10498	38	214	88	0	10838
5182	240	41	74	10589	0	10944
5183	100	10315	33	243	0	10691
5184	47	10665	28	106	0	10846
5185	32	264	19	10738	0	11053
5186	10633	95	23	254	0	11005
5187	236	52	10483	100	0	10871
5188	98	50	200	10692	0	11040
5189	51	36	83	10955	0	11125
5190	37	31	37	11036	0	11141
5191	41	20	32	10849	0	10942
5192	32	10554	26	341	0	10953
5193	23	223	18	10791	0	11055
5194	44	88	10436	285	0	10853
5195	33	45	10369	129	0	10576
5196	32	43	10479	62	0	10616
5197	27	31	288	10170	0	10516
5198	9921	36	126	236	0	10319
5199	231	29	9979	114	0	10353
5200	109	32	10082	58	0	10281
5201	45	31	287	9845	0	10208
5202	9905	29	114	248	0	10296
5203	229	9792	68	129	0	10218
5204	9869	217	57	64	0	10207
5205	250	90	40	9831	0	10211
5206	105	54	9871	248	0	10278
5207	60	78	206	9583	0	9927
5208	57	9884	86	236	0	10263
5209	10394	232	50	121	0	10797
5210	238	94	10226	85	0	10643
5211	90	10007	225	68	0	10390
5212	9984	237	134	67	0	10422
5213	259	100	48	9924	0	10331
5214	92	54	50	10163	0	10359
5215	10082	41	38	296	0	10457
5216	10053	24	41	138	0	10256
5217	10311	29	41	82	0	10463
5218	323	50	39	9843	0	10255
5219	144	9728	27	258	0	10157
5220	9799	217	31	123	0	10170
5221	270	9751	27	84	0	10132
5222	9477	243	38	59	0	9817
5223	264	9267	31	50	0	9612
5224	114	235	26	9252	0	9627
5225	9340	104	26	229	0	9699
5226	9440	64	20	106	0	9630
5227	9503	55	12	71	0	9641
5228	9580	37	10	66	0	9693
5229	9547	39	22	50	0	9658
5230	344	25	9145	45	0	9559
5231	162	35	207	9197	0	9601
5232	109	30	9204	218	0	9561
5233	77	35	9214	98	0	9424
5234	9019	31	263	54	0	9367
5235	9149	26	114	43	0	9332
5236	9084	34	68	37	0	9223
5237	310	26	36	8762	0	9134
5238	8649	34	34	209	0	8926
5239	275	8617	21	98	0	9011
5240	129	8742	22	63	0	8956
5241	68	7700	17	38	0	7823
5242	7168	147	26	30	0	7371
5243	141	7262	9	24	0	7436
5244	7174	129	20	15	0	7338
5245	7135	45	16	11	0	7207
5246	178	23	6983	22	0	7206
5247	63	22	129	6955	0	7169
5248	55	10	33	7305	0	7403
5249	7239	11	30	161	0	7441
5250	7308	10	21	60	0	7399
5251	185	12	13	7212	0	7422
5252	76	17	7092	153	0	7338
5253	68	23	7153	44	0	7288
5254	48	27	155	7160	0	7390
5255	44	21	42	7212	0	7319
5256	41	20	28	7318	0	7407
5257	7067	19	21	181	0	7288
5258	7082	24	11	74	0	7191
5259	180	6952	21	55	0	7208
5260	74	157	15	7027	0	7273
5261	71	40	14	7035	0	7160
5262	55	6958	6	177	0	7196
5263	54	143	14	7064	0	7275
5264	7047	43	15	174	0	7279
5265	175	24	25	6995	0	7219
5266	73	21	16	7119	0	7229
5267	6841	17	24	197	0	7079
5268	6886	19	17	81	0	7003
5269	6919	15	19	56	0	7009
5270	214	28	23	6747	0	7012
5271	100	13	6371	158	0	6642
5272	59	19	6326	65	0	6469
5273	48	19	6209	45	0	6321
5274	52	6050	145	41	0	6288
5275	5943	133	74	37	0	6187
5276	143	38	5759	26	0	5966
5277	5610	20	109	34	0	5773
5278	143	19	35	5559	0	5756
5279	5593	17	33	119	0	5762
5280	5645	18	16	57	0	5736
5281	155	5607	18	43	0	5823
5282	5730	111	15	37	0	5893
5283	5754	30	13	38	0	5835
5284	166	5626	17	44	0	5853
5285	75	113	17	5757	0	5962
5286	55	40	5691	131	0	5917
5287	50	20	114	5642	0	5826
5288	42	22	33	5763	0	5860
5289	5669	24	28	152	0	5873
5290	149	9	19	5621	0	5798
5291	57	5677	20	135	0	5889
5292	41	112	24	5676	0	5853
5293	45	33	19	5828	0	5925
5294	53	31	5598	153	0	5835
5295	38	5533	108	78	0	5757
5296	44	5653	32	61	0	5790
5297	5467	120	30	49	0	5666
5298	118	5650	24	46	0	5838
5299	57	117	15	5669	0	5858
5300	47	44	5597	128	0	5816
5301	46	5626	106	64	0	5842
5302	5622	111	34	49	0	5816
5303	129	41	32	5616	0	5818
5304	57	29	21	5739	0	5846
5305	39	24	5543	158	0	5764
5306	37	22	107	5430	0	5596
5307	31	21	36	5560	0	5648
5308	5323	26	26	143	0	5518
5309	4885	20	15	57	0	4977
5310	144	4762	12	55	0	4973
5311	4443	86	10	43	0	4582
5312	113	4315	16	31	0	4475
5313	46	93	12	4073	0	4224
5314	38	4122	10	99	0	4269
5315	34	4228	20	44	0	4326
5316	4052	96	26	39	0	4213
5317	3939	27	16	32	0	4014
5318	85	3853	12	27	0	3977
5319	3912	67	9	25	0	4013
5320	3929	25	9	34	0	3997
5321	4054	18	18	22	0	4112
5322	88	22	15	4059	0	4184
5323	4079	16	12	80	0	4187
5324	82	20	3890	38	0	4030
5325	3899	19	57	29	0	4004
5326	83	19	3958	18	0	4078
5327	35	20	62	3992	0	4109
5328	31	18	14	4110	0	4173
5329	33	15	4053	81	0	4182
5330	3973	11	62	40	0	4086
5331	4073	25	17	20	0	4135
5332	87	15	4192	24	0	4318
5333	39	11	60	4121	0	4231
5334	29	9	25	4189	0	4252
5335	19	8	16	4235	0	4278
5336	4128	11	17	90	0	4246
5337	4116	9	14	34	0	4173
5338	81	13	10	3958	0	4062
5339	32	3785	10	72	0	3899
5340	21	3679	9	32	0	3741
5341	3493	52	7	24	0	3576
5342	59	3481	5	13	0	3558
5343	19	3357	4	14	0	3394
5344	10	24	5	3018	0	3057
5345	8	6	2986	22	0	3022
5346	4	2936	15	6	0	2961
5347	5	38	10	2921	0	2974
5348	5	2877	9	16	0	2907
5349	4	13	3	2882	0	2902
5350	2897	0	1	15	0	2913
5351	13	2924	0	10	0	2947
5352	2990	9	3	7	0	3009
5353	2935	0	2	1	0	2938
5354	9	9	2865	3	0	2886
5355	2852	2	8	6	0	2868
5356	10	3	0	2946	0	2959
5357	3	1	2962	11	0	2977
5358	5	2922	11	5	0	2943
5359	10	17	5	2944	0	2976
5360	2	5	4	2937	0	2948
5361	2924	4	1	15	0	2944
5362	10	3	1	2913	0	2927
5363	3	7	1	2921	0	2932
5364	2906	0	0	12	0	2918
5365	15	2845	3	9	0	2872
5366	2862	9	4	9	0	2884
5367	15	2	2852	2	0	2871
5368	2768	8	7	4	0	2787
5369	15	0	2988	3	0	3006
5370	4	2998	8	4	0	3014
5371	3139	9	5	3	0	3156
5372	3072	3	7	3	0	3085
5373	14	5	3084	3	0	3106
5374	6	8	3252	3	0	3269
5375	5	4	3529	4	0	3542
5376	5	3571	18	6	0	3600
5377	5	16	6	3762	0	3789
5378	8	3	4214	15	0	4240
5379	6	9	4116	4	0	4135
5380	4	5	34	4166	0	4209
5381	12	1	4268	26	0	4307
5382	4301	4	33	14	0	4352
5383	4647	1	12	8	0	4668
5384	51	4	4551	4	0	4610
5385	23	4525	40	4	0	4592
5386	8	34	19	4586	0	4647
5387	14	15	4613	39	0	4681
5388	5	4685	38	19	0	4747
5389	11	35	19	4787	0	4852
5390	4744	12	7	36	0	4799
5391	4671	4	9	15	0	4699
5392	47	4802	6	10	0	4865
5393	15	35	5	4853	0	4908
5394	7	14	9	4866	0	4896
5395	4	7	8	4859	0	4878
5396	6	2	8	4886	0	4902
5397	6	3	4781	54	0	4844
5398	4	7	32	4762	0	4805
5399	10	4	4672	42	0	4728
5400	2	4605	39	17	0	4663
5401	4661	35	15	9	0	4720
5402	30	4854	6	9	0	4899
5403	14	36	2	4924	0	4976
5404	7	15	3	4961	0	4986
5405	4957	10	1	51	0	5019
5406	35	1	2	4965	0	5003
5407	15	4884	7	40	0	4946
5408	9	30	0	5033	0	5072
5409	1	18	5	5038	0	5062
5410	5001	5	3	54	0	5063
5411	39	8	4827	27	0	4901
5412	15	4819	28	9	0	4871
5413	5	4960	11	10	0	4986
5414	3	44	4	4931	0	4982
5415	4878	18	1	34	0	4931
5416	33	4809	3	21	0	4866
5417	16	34	0	4906	0	4956
5418	8	16	4818	35	0	4877
5419	2	9	33	4860	0	4904
5420	4882	5	15	42	0	4944
5421	4733	4	5	23	0	4765
5422	48	4	2	4765	0	4819
5423	4850	5	0	37	0	4892
5424	4827	5	4	21	0	4857
5425	50	6	4776	9	0	4841
5426	4656	7	36	7	0	4706
5427	37	4673	18	7	0	4735
5428	4820	37	9	2	0	4868
5429	40	22	4694	8	0	4764
5430	18	0	35	4801	0	4854
5431	4905	5	19	41	0	4970
5432	41	6	4670	24	0	4741
5433	25	5	4733	6	0	4769
5434	11	4	56	4710	0	4781
5435	7	7	4816	41	0	4871
5436	4810	3	43	24	0	4880
5437	46	3	4919	9	0	4977
5438	25	5	45	5065	0	5140
5439	12	3	26	5174	0	5215
5440	5362	6	15	73	0	5456
5441	70	5	5383	34	0	5492
5442	30	7	5638	14	0	5689
5443	13	2	83	5960	0	6058
5444	12	4	6009	86	0	6111
5445	5982	4	94	35	0	6115
5446	87	6	36	5972	0	6101
5447	39	8	6041	89	0	6177
5448	17	3	89	6036	0	6145
5449	11	6	42	6165	0	6224
5450	6118	5	20	116	0	6259
5451	93	7	6043	46	0	6189
5452	5948	5	92	19	0	6064
5453	104	12	6165	16	0	6297
5454	6122	4	105	17	0	6248
5455	6221	4	33	16	0	6274
5456	6196	9	17	21	0	6243
5457	119	5988	18	21	0	6146
5458	6157	83	13	21	0	6274
5459	6141	25	9	23	0	6198
5460	119	11	14	6124	0	6268
5461	44	8	6093	99	0	6244
5462	5995	4	91	51	0	6141
5463	96	6	6205	34	0	6341
5464	43	5	94	6145	0	6287
5465	25	4	37	6371	0	6437
5466	6371	6	27	111	0	6515
5467	97	6497	18	60	0	6672
5468	40	93	16	6538	0	6687
5469	40	27	11	6582	0	6660
5470	20	17	6449	123	0	6609
5471	24	10	94	6479	0	6607
5472	16	11	30	6593	0	6650
5473	21	4	17	6395	0	6437
5474	23	6167	12	126	0	6328
5475	5961	83	11	42	0	6097
5476	6012	29	16	20	0	6077
5477	106	5896	15	20	0	6037
5478	5461	76	7	19	0	5563
5479	93	22	11	5724	0	5850
5480	33	10	5971	95	0	6109
5481	19	6015	80	32	0	6146
5482	12	6142	28	35	0	6217
5483	6230	93	26	18	0	6367
5484	6538	23	11	7	0	6579
5485	124	7	8	6590	0	6729
5486	31	6	9	6709	0	6755
5487	20	5	6	6670	0	6701
5488	6503	4	7	133	0	6647
5489	107	12	6341	41	0	6501
5490	6437	3	97	22	0	6559
5491	117	11	20	6478	0	6626
5492	31	9	16	6429	0	6485
5493	22	6349	13	130	0	6514
5494	13	97	10	6516	0	6636
5495	12	19	13	6632	0	6676
5496	23	32	6509	127	0	6691
5497	17	6525	93	52	0	6687
5498	6779	97	32	25	0	6933
5499	6723	20	18	21	0	6782
5500	6854	13	5	24	0	6896
5501	6900	9	9	22	0	6940
5502	132	12	6541	23	0	6708
5503	6519	8	102	15	0	6644
5504	124	6	6561	12	0	6703
5505	38	6	104	6438	0	6586
5506	28	6515	26	112	0	6681
5507	24	102	16	6599	0	6741
5508	30	27	6	6714	0	6777
5509	21	15	6580	133	0	6749
5510	6485	4	92	48	0	6629
5511	6590	12	32	33	0	6667
5512	122	6428	28	26	0	6604
5513	51	98	6489	18	0	6656
5514	29	19	106	6584	0	6738
5515	24	16	6593	112	0	6745
5516	18	17	6543	46	0	6624
5517	25	8	107	6547	0	6687
5518	32	8	6538	108	0	6686
5519	27	12	105	6555	0	6699
5520	33	13	6677	124	0	6847
5521	21	15	103	6708	0	6847
5522	6792	14	30	125	0	6961
5523	6813	7	24	48	0	6892
5524	6792	7	16	39	0	6854
5525	6736	10	15	24	0	6785
5526	134	6692	15	26	0	6867
5527	42	104	11	6721	0	6878
5528	25	27	13	6803	0	6868
5529	30	13	6643	135	0	6821
5530	25	16	100	6600	0	6741
5531	14	13	6610	122	0	6759
5532	20	15	6414	43	0	6492
5533	6274	14	116	26	0	6430
5534	98	6869	34	34	0	7035
5535	6986	102	20	25	0	7133
5536	6986	27	9	25	0	7047
5537	111	7013	10	36	0	7170
5538	6976	86	15	18	0	7095
5539	111	14	6934	27	0	7086
5540	30	6772	83	23	0	6908
5541	6830	79	24	22	0	6955
5542	92	18	6581	19	0	6710
5543	6308	13	58	16	0	6395
5544	68	6501	31	23	0	6623
5545	6603	66	10	20	0	6699
5546	6594	13	9	21	0	6637
5547	74	6522	13	28	0	6637
5548	25	6553	15	25	0	6618
5549	13	6696	16	16	0	6741
5550	18	73	7	6874	0	6972
5551	18	20	14	6994	0	7046
5552	7156	15	13	78	0	7262
5553	7053	6	11	30	0	7100
5554	79	9	7142	21	0	7251
5555	30	13	7136	18	0	7197
5556	24	13	7280	10	0	7327
5557	18	7	87	7280	0	7392
5558	26	7	7400	78	0	7511
5559	14	5	82	7387	0	7488
5560	7526	7	19	85	0	7637
5561	79	11	7538	19	0	7647
5562	7543	8	67	23	0	7641
5563	7621	4	19	14	0	7658
5564	88	14	7647	13	0	7762
5565	28	7730	81	19	0	7858
5566	22	63	18	7920	0	8023
5567	20	17	7755	72	0	7864
5568	16	5	75	7713	0	7809
5569	16	10	20	8069	0	8115
5570	7904	3	26	84	0	8017
5571	76	8	13	7891	0	7988
5572	28	11	7846	80	0	7965
5573	20	9	80	7869	0	7978
5574	7982	7	25	85	0	8099
5575	74	7922	27	31	0	8054
5576	8042	68	16	26	0	8152
5577	84	28	26	8074	0	8212
5578	35	17	8071	77	0	8200
5579	33	10	7963	20	0	8026
5580	26	9	7725	21	0	7781
5581	17	7825	78	18	0	7938
5582	7727	91	74	17	0	7909
5583	62	7425	25	9	0	7521
5584	7222	56	8	8	0	7294
5585	55	7170	8	5	0	7238
5586	17	55	7	7256	0	7335
5587	10	13	6	7330	0	7359
5588	8	7	6	7361	0	7382
5589	7	7242	11	64	0	7324
5590	6	54	6	7674	0	7740
5591	7	9	8	8492	0	8516
5592	8799	10	6	108	0	8923
5593	112	9	1	9116	0	9238
5594	20	9	9323	114	0	9466
5595	9349	6	112	21	0	9488
5596	9513	7	16	20	0	9556
5597	121	9407	22	35	0	9585
5598	9583	116	12	16	0	9727
5599	9727	22	13	16	0	9778
5600	152	26	7	9615	0	9800
5601	56	12	9	9796	0	9873
5602	38	9	6	9983	0	10036
5603	9887	10	11	167	0	10075
5604	9963	8	7	56	0	10034
5605	164	16	9746	36	0	9962
5606	9705	12	128	30	0	9875
5607	9874	9	25	28	0	9936
5608	9872	13	24	28	0	9937
5609	182	11	9616	28	0	9837
5610	66	12	9642	20	0	9740
5611	49	7	143	9669	0	9868
5612	38	10	9779	144	0	9971
5613	38	7	146	9627	0	9818
5614	39	18	48	9101	0	9206
5615	41	9693	35	133	0	9902
5616	9821	130	25	60	0	10036
5617	155	32	9795	45	0	10027
5618	9877	23	147	33	0	10080
5619	191	13	41	10047	0	10292
5620	9875	20	36	168	0	10099
5621	176	9725	36	55	0	9992
5622	62	9990	28	64	0	10144
5623	67	165	53	9882	0	10167
5624	36	51	22	10088	0	10197
5625	52	32	9848	193	0	10125
5626	40	26	149	9895	0	10110
5627	9709	17	43	192	0	9961
5628	171	9634	45	71	0	9921
5629	74	145	9687	55	0	9961
5630	68	46	160	9700	0	9974
5631	56	31	9709	172	0	9968
5632	51	18	173	9697	0	9939
5633	36	25	9733	202	0	9996
5634	38	19	9256	73	0	9386
5635	37	18	190	9250	0	9495
5636	9270	10	87	181	0	9548
5637	9173	20	46	80	0	9319
5638	9038	16	41	64	0	9159
5639	221	8854	31	55	0	9161
5640	8990	150	38	41	0	9219
5641	8965	44	42	46	0	9097
5642	208	37	8652	43	0	8940
5643	87	8530	155	49	0	8821
5644	70	163	50	8439	0	8722
5645	8360	46	41	159	0	8606
5646	165	8353	24	66	0	8608
5647	8492	153	25	57	0	8727
5648	8530	58	33	44	0	8665
5649	8407	40	37	43	0	8527
5650	8293	35	26	49	0	8403
5651	227	31	28	8028	0	8314
5652	7951	37	27	167	0	8182
5653	201	35	37	7761	0	8034
5654	66	7560	31	194	0	7851
5655	60	134	30	7638	0	7862
5656	7575	28	27	192	0	7822
5657	160	32	7460	66	0	7718
5658	67	16	144	7515	0	7742
5659	7436	23	48	176	0	7683
5660	175	7345	41	80	0	7641
5661	7347	139	29	56	0	7571
5662	7363	36	38	45	0	7482
5663	193	7321	24	45	0	7583
5664	7308	133	33	40	0	7514
5665	199	51	6923	28	0	7201
5666	80	43	6889	31	0	7043
5667	6819	36	143	40	0	7038
5668	184	22	6785	42	0	7033
5669	81	36	136	6405	0	6658
5670	75	6580	38	139	0	6832
5671	6638	129	32	47	0	6846
5672	177	6537	22	40	0	6776
5673	100	6720	26	40	0	6886
5674	83	152	33	6702	0	6970
5675	59	57	31	6742	0	6889
5676	66	35	16	6701	0	6818
5677	49	27	39	6678	0	6793
5678	45	33	6401	176	0	6655
5679	44	30	114	6179	0	6367
5680	46	26	44	6285	0	6401
5681	5775	21	36	158	0	5990
5682	140	15	21	5795	0	5971
5683	58	18	5599	145	0	5820
5684	5583	18	98	65	0	5764
5685	139	17	33	5623	0	5812
5686	59	29	5732	126	0	5946
5687	50	52	108	5634	0	5844
5688	56	5742	39	122	0	5959
5689	5800	100	45	46	0	5991
5690	134	33	5440	37	0	5644
5691	42	4566	68	20	0	4696
5692	4227	51	41	12	0	4331
5693	62	3749	21	13	0	3845
5694	34	3475	12	10	0	3531
5695	3436	52	38	2	0	3528
5696	39	3327	8	8	0	3382
5697	23	3283	8	5	0	3319
5698	36	47	30	3192	0	3305
5699	19	19	3186	28	0	3252
5700	12	3203	29	18	0	3262
5701	13	35	9	3146	0	3203
5702	7	3072	4	28	0	3111
5703	3103	25	6	11	0	3145
5704	30	9	3056	8	0	3103
5705	10	11	20	3069	0	3110
5706	3226	5	8	27	0	3266
5707	29	5	3	3313	0	3350
5708	11	5	3320	32	0	3368
5709	3284	2	28	14	0	3328
5710	3379	2	7	9	0	3397
5711	32	3550	4	7	0	3593
5712	14	23	3	3640	0	3680
5713	9	12	4	3734	0	3759
5714	3768	6	5	33	0	3812
5715	3685	5	3	12	0	3705
5716	34	8	3793	4	0	3839
5717	11	3659	22	5	0	3697
5718	3699	13	12	4	0	3728
5719	21	6	4	3681	0	3712
5720	7	5	3847	17	0	3876
5721	5	3	3759	4	0	3771
5722	3	26	16	3767	0	3812
5723	3848	2	5	13	0	3868
5724	12	3730	2	4	0	3748
5725	4297	11	0	2	0	4310
5726	14	1	1	4361	0	4377
5727	1	1	0	4393	0	4395
5728	2	1	0	4439	0	4442
5729	4462	1	0	15	0	4478
5730	12	4477	2	6	0	4497
5731	1	11	1	4657	0	4670
5732	0	1	0	4649	0	4650
5733	0	2	4711	14	0	4727
5734	2	0	12	4614	0	4628
5735	1	2	4769	15	0	4787
5736	0	4622	15	9	0	4646
5737	0	12	1	4819	0	4832
5738	4795	1	2	13	0	4811
5739	12	4	4728	5	0	4749
5740	1	0	13	4771	0	4785
5741	2	4	4790	15	0	4811
5742	4634	1	14	2	0	4651
5743	14	5	4896	1	0	4916
5744	2	5	14	4804	0	4825
5745	4933	0	1	12	0	4946
5746	13	4526	17	5	0	4561
5747	4829	13	0	1	0	4843
5748	15	4566	10	0	0	4591
5749	2	16	0	4922	0	4940
5750	2	6	4884	12	0	4904
5751	1	12	4835	4	0	4852
5752	2	1	18	4895	0	4916
5753	5151	1	2	16	0	5170
5754	5055	0	1	4	0	5060
5755	16	3	1	5029	0	5049
5756	2	2	1	5124	0	5129
5757	5093	0	1	20	0	5114
5758	17	4874	4	6	0	4901
5759	3	5088	3	3	0	5097
5760	5265	18	0	1	0	5284
5761	22	7	5230	1	0	5260
5762	4	2	18	5173	0	5197
5763	2	1	5407	22	0	5432
5764	1	1	21	5308	0	5331
5765	2	3	5510	20	0	5535
5766	0	6	5496	5	0	5507
5767	3	1	19	5607	0	5630
5768	2	5184	17	18	0	5221
5769	5720	19	1	5	0	5745
5770	20	5515	8	7	0	5550
5771	6	20	1	5820	0	5847
5772	5877	3	1	21	0	5902
5773	20	5	1	6027	0	6053
5774	6134	2	1	21	0	6158
5775	6151	1	4	7	0	6163
5776	6209	0	0	9	0	6218
5777	21	5872	6	5	0	5904
5778	6402	20	1	6	0	6429
5779	31	21	3	6637	0	6692
5780	6955	5	1	36	0	6997
5781	42	0	1	7178	0	7221
5782	7244	5	1	44	0	7294
5783	7391	3	4	7	0	7405
5784	49	7300	3	14	0	7366
5785	12	43	2	8277	0	8334
5786	9	7	2	8314	0	8332
5787	1	8521	9	80	0	8611
5788	4	84	2	8896	0	8986
5789	8909	15	4	98	0	9026
5790	9242	10	3	18	0	9273
5791	9288	5	3	13	0	9309
5792	124	9	9456	10	0	9599
5793	9840	0	92	16	0	9948
5794	10204	3	18	6	0	10231
5795	10338	4	10	8	0	10360
5796	141	10046	9	7	0	10203
5797	48	95	5	10321	0	10469
5798	27	18	1	10479	0	10525
5799	10	17	3	10429	0	10459
5800	10	5	10035	146	0	10196
5801	7	7	104	10214	0	10332
5802	10320	4	24	133	0	10481
5803	111	4	15	10372	0	10502
5804	37	5	5	10681	0	10728
5805	25	7	10343	149	0	10524
5806	9	10066	118	64	0	10257
5807	10700	112	24	26	0	10862
5808	124	26	16	10619	0	10785
5809	10724	19	13	129	0	10885
5810	143	16	10534	30	0	10723
5811	10064	8	120	27	0	10219
5812	130	10538	29	36	0	10733
5813	37	112	10633	16	0	10798
5814	26	36	10784	13	0	10859
5815	17	21	141	10524	0	10703
5816	13	19	11038	121	0	11191
5817	9	10879	138	43	0	11069
5818	13	107	32	11347	0	11499
5819	12	26	22	11433	0	11493
5820	11	21	12	11454	0	11498
5821	11242	10	8	156	0	11416
5822	118	11127	10	65	0	11320
5823	41	107	2	11543	0	11693
5824	32	25	7	11672	0	11736
5825	11319	26	12	144	0	11501
5826	121	11275	7	69	0	11472
5827	11676	120	9	34	0	11839
5828	11660	26	6	23	0	11715
5829	11596	23	9	23	0	11651
5830	164	14	11375	19	0	11572
5831	63	11	115	11278	0	11467
5832	43	11240	33	119	0	11435
5833	25	11624	21	43	0	11713
5834	21	147	14	11597	0	11779
5835	23	11673	16	115	0	11827
5836	12324	145	7	40	0	12516
5837	135	50	12060	27	0	12272
5838	12051	29	114	33	0	12227
5839	12512	14	25	31	0	12582
5840	163	17	18	12493	0	12691
5841	12555	17	10	140	0	12722
5842	152	13121	21	53	0	13347
5843	13623	118	13	39	0	13793
5844	13701	31	15	30	0	13777
5845	14428	23	21	37	0	14509
5846	223	26	14384	25	0	14658
5847	93	38	14433	25	0	14589
5848	66	15	180	14574	0	14835
5849	50	14311	69	169	0	14599
5850	34	14732	50	69	0	14885
5851	41	197	25	14869	0	15132
5852	15020	85	17	190	0	15312
5853	170	47	14	15019	0	15250
5854	52	26	21	15323	0	15422
5855	15217	22	19	218	0	15476
5856	171	15007	26	122	0	15326
5857	72	177	15094	75	0	15418
5858	62	70	14938	52	0	15122
5859	15681	42	185	42	0	15950
5860	184	25	77	15490	0	15776
5861	66	24	15898	183	0	16171
5862	60	26	171	15614	0	15871
5863	41	16	54	15838	0	15949
5864	33	23	37	16092	0	16185
5865	32	25	24	15891	0	15972
5866	29	15289	34	243	0	15595
5867	31	170	22	15837	0	16060
5868	15688	48	23	217	0	15976
5869	181	15317	35	109	0	15642
5870	16023	169	21	72	0	16285
5871	16222	54	19	45	0	16340
5872	16292	48	22	39	0	16401
5873	240	43	15620	42	0	15945
5874	15802	24	156	38	0	16020
5875	16158	25	46	36	0	16265
5876	16134	22	44	23	0	16223
5877	16076	27	24	29	0	16156
5878	229	15634	26	43	0	15932
5879	15654	160	15	32	0	15861
5880	206	57	15369	32	0	15664
5881	67	46	144	15180	0	15437
5882	67	25	38	15593	0	15723
5883	15986	15	30	176	0	16207
5884	167	15635	21	91	0	15914
5885	15189	114	20	42	0	15365
5886	143	15120	10	39	0	15312
5887	14974	109	6	15	0	15104
5888	14871	40	7	6	0	14924
5889	136	16306	5	22	0	16469
5890	16765	157	12	8	0	16942
5891	17641	48	11	10	0	17710
5892	270	16479	19	21	0	16789
5893	80	17143	14	21	0	17258
5894	18242	259	39	8	0	18548
5895	323	73	8	18665	0	19069
5896	18822	47	13	312	0	19194
5897	19487	26	8	81	0	19602
5898	19738	13	9	46	0	19806
5899	19609	17	12	31	0	19669
5900	433	18781	22	47	0	19283
5901	133	19359	22	35	0	19549
5902	19837	372	8	11	0	20228
5903	381	115	19447	9	0	19952
5904	111	71	323	19375	0	19880
5905	52	39	74	20061	0	20226
5906	19821	27	30	414	0	20292
5907	344	19531	24	140	0	20039
5908	120	322	12	19868	0	20322
5909	58	93	7	20414	0	20572
5910	20058	45	13	445	0	20561
5911	390	37	10	20174	0	20611
5912	20107	25	5	420	0	20557
5913	20172	27	10	137	0	20346
5914	20160	21	10	72	0	20263
5915	505	24	7	19847	0	20383
5916	178	21	8	20116	0	20323
5917	103	35	20255	469	0	20862
5918	92	57	19861	153	0	20163
5919	20335	25	515	79	0	20954
5920	471	23	154	20914	0	21562
5921	182	29	21382	486	0	22079
5922	113	25	21529	163	0	21830
5923	81	50	602	21540	0	22273
5924	106	43	21353	520	0	22022
5925	76	35	531	21272	0	21914
5926	69	38	181	21651	0	21939
5927	83	31	21071	667	0	21852
5928	75	22	503	21249	0	21849
5929	78	32	177	21561	0	21848
5930	61	26	86	21944	0	22117
5931	78	37	20911	721	0	21747
5932	77	25	482	21591	0	22175
5933	21239	22	163	642	0	22066
5934	523	21008	109	262	0	21902
5935	21528	476	65	151	0	22220
5936	616	172	20781	100	0	21669
5937	21167	81	502	101	0	21851
5938	21419	57	185	83	0	21744
5939	21432	52	107	87	0	21678
5940	738	48	86	20759	0	21631
5941	310	39	74	21311	0	21734
5942	182	54	18933	742	0	19911
5943	18826	32	490	316	0	19664
5944	588	18878	199	186	0	19851
5945	239	18226	109	159	0	18733
5946	149	18871	77	140	0	19237
5947	167	607	90	18161	0	19025
5948	17790	234	75	542	0	18641
5949	18053	105	75	257	0	18490
5950	677	56	17315	169	0	18217
5951	282	59	477	17512	0	18330
5952	192	50	182	17895	0	18319
5953	143	51	17194	698	0	18086
5954	129	58	16854	328	0	17369
5955	16858	35	615	215	0	17723
5956	538	16817	242	182	0	17779
5957	17238	461	121	161	0	17981
5958	17419	198	99	134	0	17850
5959	704	110	84	16800	0	17698
5960	352	60	73	17429	0	17914
5961	16687	52	81	690	0	17510
5962	610	55	75	16675	0	17415
5963	288	50	71	16985	0	17394
5964	16546	39	94	739	0	17418
5965	590	43	85	16729	0	17447
5966	16668	34	91	660	0	17453
5967	16998	42	112	333	0	17485
5968	701	52	16167	225	0	17145
5969	16489	51	524	178	0	17242
5970	16558	65	209	184	0	17016
5971	16564	52	148	174	0	16938
5972	757	59	14883	175	0	15874
5973	15541	45	485	175	0	16246
5974	623	15322	199	224	0	16368
5975	15823	438	133	172	0	16566
5976	16066	155	112	196	0	16529
5977	728	69	87	15635	0	16519
5978	354	42	96	15879	0	16371
5979	218	15505	98	708	0	16529
5980	221	445	74	15653	0	16393
5981	177	191	97	16016	0	16481
5982	15325	85	91	738	0	16239
5983	630	55	78	14932	0	15695
5984	321	45	75	15152	0	15593
5985	219	47	74	14951	0	15291
5986	197	14073	82	754	0	15106
5987	13754	459	97	347	0	14657
5988	574	13934	88	244	0	14840
5989	12264	421	66	168	0	12919
5990	539	160	11295	138	0	12132
5991	10622	90	335	129	0	11176
5992	466	46	10352	140	0	11004
5993	228	9974	362	111	0	10675
5994	8942	263	333	107	0	9645
5995	8549	127	111	103	0	8890
5996	380	8152	50	92	0	8674
5997	170	7943	54	80	0	8247
5998	7565	276	59	65	0	7965
5999	7656	134	46	63	0	7899
6000	346	75	27	7416	0	7864
6001	204	43	24	7639	0	7910
6002	137	36	7228	312	0	7713
6003	7237	31	182	176	0	7626
6004	257	39	93	7170	0	7559
6005	143	7144	67	246	0	7600
6006	105	175	21	7002	0	7303
6007	76	96	21	7094	0	7287
6008	76	72	6626	299	0	7073
6009	62	47	163	6828	0	7100
6010	6561	47	77	263	0	6948
6011	222	6419	55	133	0	6829
6012	141	6434	27	87	0	6689
6013	6380	231	35	54	0	6700
6014	6396	132	22	54	0	6604
6015	6387	71	29	40	0	6527
6016	302	6095	40	36	0	6473
6017	93	5248	13	30	0	5384
6018	5400	127	31	27	0	5585
6019	5397	70	31	20	0	5518
6020	162	5174	14	23	0	5373
6021	38	4283	9	13	0	4343
6022	4246	72	19	9	0	4346
6023	65	30	1	4199	0	4295
6024	4274	16	2	65	0	4357
6025	74	5	3	4289	0	4371
6026	27	4333	7	79	0	4446
6027	17	4320	5	26	0	4368
6028	4507	68	5	17	0	4597
6029	4714	28	5	7	0	4754
6030	4741	26	8	4	0	4779
6031	105	4591	2	12	0	4710
6032	35	81	4218	5	0	4339
6033	18	4328	68	5	0	4419
6034	4230	82	27	10	0	4349
6035	4185	16	4	10	0	4215
6036	98	14	3939	4	0	4055
6037	29	3878	63	7	0	3977
6038	11	65	15	3973	0	4064
6039	5	26	11	3910	0	3952
6040	11	3784	5	74	0	3874
6041	8	64	3816	23	0	3911
6042	3938	24	69	4	0	4035
6043	77	10	11	4000	0	4098
6044	4015	3	6	74	0	4098
6045	4116	6	8	17	0	4147
6046	91	9	3	4206	0	4309
6047	30	6	0	4483	0	4519
6048	19	8	4	4549	0	4580
6049	10	10	2	4596	0	4618
6050	4460	8	3	115	0	4586
6051	4517	7	4	41	0	4569
6052	110	5	4463	24	0	4602
6053	35	12	83	4505	0	4635
6054	30	6	25	4573	0	4634
6055	11	7	14	4620	0	4652
6056	14	4	4435	121	0	4574
6057	13	4	84	4426	0	4527
6058	4371	6	20	107	0	4504
6059	90	8	13	4397	0	4508
6060	31	7	4323	110	0	4471
6061	26	7	85	4384	0	4502
6062	16	11	4384	107	0	4518
6063	4460	10	94	30	0	4594
6064	100	11	20	4474	0	4605
6065	4474	7	15	97	0	4593
6066	4440	7	5	36	0	4488
6067	119	4	8	4410	0	4541
6068	4482	11	5	101	0	4599
6069	108	9	7	4434	0	4558
6070	34	4555	6	104	0	4699
6071	4784	85	6	25	0	4900
6072	4765	25	7	18	0	4815
6073	4819	15	9	17	0	4860
6074	128	14	8	4714	0	4864
6075	48	7	8	4738	0	4801
6076	27	7	7	4784	0	4825
6077	22	11	4463	139	0	4635
6078	22	4420	89	47	0	4578
6079	13	82	20	4443	0	4558
6080	15	25	4364	100	0	4504
6081	4382	16	90	34	0	4522
6082	101	8	22	4436	0	4567
6083	34	9	4355	101	0	4499
6084	4538	6	86	36	0	4666
6085	105	5	22	4599	0	4731
6086	33	7	13	4663	0	4716
6087	35	3	8	4732	0	4778
6088	4669	3	3	140	0	4815
6089	4726	5	9	54	0	4794
6090	4689	8	6	38	0	4741
6091	121	4454	10	23	0	4608
6092	36	4552	13	28	0	4629
6093	4582	91	11	16	0	4700
6094	99	30	4489	24	0	4642
6095	29	11	85	4471	0	4596
6096	26	11	24	4610	0	4671
6097	4527	5	21	113	0	4666
6098	4485	2	7	53	0	4547
6099	105	4390	10	37	0	4542
6100	48	75	9	4470	0	4602
6101	26	22	4385	103	0	4536
6102	16	15	4460	50	0	4541
6103	28	3	100	4441	0	4572
6104	18	6	30	4589	0	4643
6105	4467	11	17	118	0	4613
6106	96	3	14	4565	0	4678
6107	4728	5	9	109	0	4851
6108	4756	5	10	41	0	4812
6109	110	5	4731	35	0	4881
6110	4750	2	77	26	0	4855
6111	4790	6	21	25	0	4842
6112	4790	2	18	31	0	4841
6113	104	4668	10	30	0	4812
6114	48	4760	10	25	0	4843
6115	33	96	14	4752	0	4895
6116	27	24	4682	96	0	4829
6117	16	4601	74	46	0	4737
6118	13	79	18	4457	0	4567
6119	28	16	17	4375	0	4436
6120	19	4317	19	76	0	4431
6121	4430	52	12	38	0	4532
6122	4474	17	5	32	0	4528
6123	82	16	4539	16	0	4653
6124	4530	3	56	18	0	4607
6125	75	10	4411	14	0	4510
6126	4165	6	57	20	0	4248
6127	75	7	4294	17	0	4393
6128	27	4084	59	11	0	4181
6129	26	28	34	3983	0	4071
6130	14	12	10	4041	0	4077
6131	4051	10	5	42	0	4108
6132	4042	4	2	34	0	4082
6133	4026	3	5	19	0	4053
6134	54	5	4173	9	0	4241
6135	24	4	30	4179	0	4237
6136	24	2	12	4317	0	4355
6137	4302	2	23	40	0	4367
6138	39	4294	7	26	0	4366
6139	4685	30	7	21	0	4743
6140	41	14	8	4825	0	4888
6141	18	10	5	5019	0	5052
6142	17	6	7	5022	0	5052
6143	7	9	5	5056	0	5077
6144	10	5	3	5080	0	5098
6145	14	4884	6	54	0	4958
6146	7	4787	4	25	0	4823
6147	12	4613	3	3	0	4631
6148	14	26	2	4677	0	4719
6149	7	5	4591	17	0	4620
6150	4390	7	16	5	0	4418
6151	21	4801	10	7	0	4839
6152	11	16	5	4903	0	4935
6153	5	7	6	4968	0	4986
6154	5077	8	3	21	0	5109
6155	5032	3	0	17	0	5052
6156	5060	2	1	9	0	5072
6157	25	5	0	5411	0	5441
6158	12	1	5500	21	0	5534
6159	10	8	5777	7	0	5802
6160	3	5	24	5872	0	5904
6161	6	7	5937	25	0	5975
6162	5738	1	22	15	0	5776
6163	27	2	7	5911	0	5947
6164	10	6	5949	21	0	5986
6165	12	5	16	5859	0	5892
6166	5	3	6253	30	0	6291
6167	6	2	6731	16	0	6755
6168	8	14	30	7405	0	7457
6169	7	3	7892	41	0	7943
6170	8	8	7777	10	0	7803
6171	1	7141	86	14	0	7242
6172	13	50	25	8006	0	8094
6173	8445	15	9	38	0	8507
6174	39	8	3	8412	0	8462
6175	15	2	1	8645	0	8663
6176	10	6	8558	52	0	8626
6177	8099	2	41	29	0	8171
6178	38	0	14	8806	0	8858
6179	19	1	6	8978	0	9004
6180	8949	0	0	57	0	9006
6181	36	0	2	9058	0	9096
6182	9218	1	2	43	0	9264
6183	9178	3	0	22	0	9203
6184	9168	2	2	14	0	9186
6185	59	8869	4	5	0	8937
6186	9284	37	2	3	0	9326
6187	46	9142	5	14	0	9207
6188	18	52	3	9461	0	9534
6189	9747	16	2	49	0	9814
6190	54	9664	6	25	0	9749
6191	9945	56	3	9	0	10013
6192	64	9801	3	12	0	9880
6193	9902	69	2	4	0	9977
6194	70	9583	10	11	0	9674
6195	22	10134	3	10	0	10169
6196	12	10726	5	11	0	10754
6197	5	89	1	10622	0	10717
6198	7	10762	3	67	0	10839
6199	3	78	2	10932	0	11015
6200	7	30	6	11019	0	11062
6201	8	18	3	11054	0	11083
6202	5	5	0	11199	0	11209
6203	11174	7	3	104	0	11288
6204	11311	3	1	40	0	11355
6205	101	8	11162	21	0	11292
6206	11594	4	77	8	0	11683
6207	12125	4	19	15	0	12163
6208	12485	4	18	12	0	12519
6209	148	10	12311	11	0	12480
6210	45	18	12310	4	0	12377
6211	12319	7	136	6	0	12468
6212	138	10	12703	12	0	12863
6213	45	12890	142	15	0	13092
6214	22	138	34	13509	0	13703
6215	13752	32	17	142	0	13943
6216	13800	22	15	44	0	13881
6217	13873	10	11	23	0	13917
6218	184	15	7	13756	0	13962
6219	54	11	13	14036	0	14114
6220	34	29	13942	184	0	14189
6221	26	9	136	14096	0	14267
6222	25	13	39	14431	0	14508
6223	14214	7	23	190	0	14434
6224	155	14105	16	75	0	14351
6225	14498	139	11	42	0	14690
6226	171	42	14	14537	0	14764
6227	14446	23	16	171	0	14656
6228	14356	9	12	59	0	14436
6229	13994	13	17	39	0	14063
6230	198	13898	16	42	0	14154
6231	68	14262	14	35	0	14379
6232	55	167	15	14393	0	14630
6233	14464	51	11	170	0	14696
6234	176	23	19	14207	0	14425
6235	65	14	16	14401	0	14496
6236	53	18	14118	198	0	14387
6237	38	22	142	14132	0	14334
6238	39	20	32	14254	0	14345
6239	41	12	29	14170	0	14252
6240	45	16	13809	218	0	14088
6241	43	14	13515	81	0	13653
6242	36	13459	174	72	0	13741
6243	13857	147	49	41	0	14094
6244	163	50	31	13908	0	14152
6245	74	27	13897	176	0	14174
6246	50	20	153	13902	0	14125
6247	60	18	38	14643	0	14759
6248	14542	18	27	215	0	14802
6249	14491	17	19	82	0	14609
6250	196	14258	31	72	0	14557
6251	14323	153	18	45	0	14539
6252	14309	40	26	49	0	14424
6253	209	34	21	14176	0	14440
6254	93	29	13927	178	0	14227
6255	59	13809	156	82	0	14106
6256	14188	162	51	53	0	14454
6257	14252	57	25	50	0	14384
6258	211	14275	27	62	0	14575
6259	95	156	19	14731	0	15001
6260	15120	50	28	213	0	15411
6261	15234	31	21	91	0	15377
6262	246	33	16	15293	0	15588
6263	15644	18	21	236	0	15919
6264	16331	26	25	89	0	16471
6265	16587	25	25	63	0	16700
6266	333	43	16093	63	0	16532
6267	132	15875	209	51	0	16267
6268	78	15929	64	65	0	16136
6269	15442	254	46	46	0	15788
6270	254	15527	30	56	0	15867
6271	105	269	15276	39	0	15689
6272	82	70	229	15440	0	15821
6273	15306	41	55	272	0	15674
6274	278	37	39	15313	0	15667
6275	15306	29	26	291	0	15652
6276	15379	26	21	87	0	15513
6277	15304	25	15	69	0	15413
6278	336	14763	22	63	0	15184
6279	119	15375	22	59	0	15575
6280	15415	276	36	37	0	15764
6281	15427	86	31	46	0	15590
6282	15389	59	13	54	0	15515
6283	362	32	20	15114	0	15528
6284	14955	35	23	273	0	15286
6285	300	14654	43	102	0	15099
6286	116	15119	21	86	0	15342
6287	117	283	13	15005	0	15418
6288	77	91	14556	278	0	15002
6289	77	64	14281	85	0	14507
6290	70	39	245	14362	0	14716
6291	82	37	14245	254	0	14618
6292	70	38	241	14306	0	14655
6293	14411	32	61	271	0	14775
6294	282	43	33	14313	0	14671
6295	14077	26	23	274	0	14400
6296	290	13481	22	96	0	13889
6297	124	241	13593	58	0	14016
6298	76	61	233	13445	0	13815
6299	67	58	55	13945	0	14125
6300	66	49	13698	281	0	14094
6301	60	33	214	13493	0	13800
6302	65	13846	65	257	0	14233
6303	60	238	45	13956	0	14299
6304	78	58	21	14039	0	14196
6305	64	53	25	14293	0	14435
6306	64	30	13792	337	0	14223
6307	62	36	12988	106	0	13192
6308	12294	30	242	67	0	12633
6309	251	30	12217	42	0	12540
6310	77	12036	222	46	0	12381
6311	12295	197	54	41	0	12587
6312	215	12147	44	40	0	12446
6313	11938	209	44	36	0	12227
6314	11976	60	32	39	0	12107
6315	11869	28	35	29	0	11961
6316	11853	20	13	43	0	11929
6317	253	11396	25	36	0	11710
6318	79	11581	28	37	0	11725
6319	11640	212	28	27	0	11907
6320	224	71	11173	37	0	11505
6321	76	37	184	11140	0	11437
6322	58	27	47	11442	0	11574
6323	43	30	11182	229	0	11484
6324	10776	34	181	77	0	11068
6325	11271	23	47	52	0	11393
6326	11157	22	31	36	0	11246
6327	248	10866	26	42	0	11182
6328	11445	199	24	17	0	11685
6329	227	65	24	11138	0	11454
6330	87	11768	30	180	0	12065
6331	12111	202	37	67	0	12417
6332	12284	72	31	54	0	12441
6333	13027	52	29	34	0	13142
6334	329	33	28	12817	0	13207
6335	142	31	25	12954	0	13152
6336	83	12388	23	309	0	12803
6337	72	225	12558	116	0	12971
6338	65	75	209	12759	0	13108
6339	54	66	79	12872	0	13071
6340	63	32	51	13161	0	13307
6341	60	22	12726	344	0	13152
6342	12640	31	235	135	0	13041
6343	273	31	75	13063	0	13442
6344	115	32	12999	271	0	13417
6345	78	36	248	12866	0	13228
6346	13089	27	82	299	0	13497
6347	274	12840	52	123	0	13289
6348	104	274	33	13238	0	13649
6349	75	89	13074	289	0	13527
6350	12788	49	256	125	0	13218
6351	13252	35	96	82	0	13465
6352	354	31	13028	65	0	13478
6353	144	47	250	12392	0	12833
6354	84	12818	91	257	0	13250
6355	13178	264	59	98	0	13599
6356	297	95	12878	82	0	13352
6357	12670	56	285	63	0	13074
6358	353	37	12317	41	0	12748
6359	148	36	11554	43	0	11781
6360	11156	25	288	53	0	11522
6361	230	11245	104	76	0	11655
6362	130	220	11156	45	0	11551
6363	67	10746	230	60	0	11103
6364	80	210	10241	50	0	10581
6365	38	10067	192	51	0	10348
6366	9656	199	115	50	0	10020
6367	191	56	9392	30	0	9669
6368	73	37	9273	38	0	9421
6369	50	29	9009	40	0	9128
6370	8747	25	216	26	0	9014
6371	8891	15	77	27	0	9010
6372	180	18	40	8714	0	8952
6373	81	21	9066	145	0	9313
6374	40	26	9142	64	0	9272
6375	9280	10	179	34	0	9503
6376	162	16	77	9394	0	9649
6377	9404	11	47	137	0	9599
6378	9487	14	35	60	0	9596
6379	190	22	34	8992	0	9238
6380	93	8965	31	147	0	9236
6381	50	131	28	9179	0	9388
6382	45	51	27	9343	0	9466
6383	35	38	9078	186	0	9337
6384	37	8862	147	91	0	9137
6385	34	9081	76	43	0	9234
6386	36	168	48	8981	0	9233
6387	29	70	9022	132	0	9253
6388	29	8879	157	71	0	9136
6389	35	140	9097	43	0	9315
6390	9070	63	182	23	0	9338
6391	9365	32	79	24	0	9500
6392	186	24	9177	26	0	9413
6393	9232	20	160	16	0	9428
6394	174	24	74	9291	0	9563
6395	88	9603	63	127	0	9881
6396	65	142	42	9867	0	10116
6397	9670	54	36	160	0	9920
6398	9686	36	49	66	0	9837
6399	9618	16	39	44	0	9717
6400	9380	22	37	23	0	9462
6401	213	9052	43	33	0	9341
6402	86	8954	41	40	0	9121
6403	9020	156	35	31	0	9242
6404	160	67	8948	35	0	9210
6405	66	93	130	8766	0	9055
6406	52	9029	61	127	0	9269
6407	37	134	50	8991	0	9212
6408	34	9160	47	137	0	9378
6409	35	152	26	9380	0	9593
6410	34	63	9279	150	0	9526
6411	9253	51	141	65	0	9510
6412	9455	29	73	48	0	9605
6413	180	37	9318	28	0	9563
6414	9385	32	154	21	0	9592
6415	9539	20	66	26	0	9651
6416	206	17	9324	24	0	9571
6417	96	19	157	9243	0	9515
6418	9427	21	74	140	0	9662
6419	167	20	9375	59	0	9621
6420	85	25	151	9233	0	9494
6421	71	19	9816	142	0	10048
6422	52	23	9710	64	0	9849
6423	9852	22	188	47	0	10109
6424	10368	37	70	24	0	10499
6425	10392	21	36	42	0	10491
6426	10779	21	39	26	0	10865
6427	227	31	31	10479	0	10768
6428	101	9932	32	152	0	10217
6429	61	10241	34	65	0	10401
6430	45	198	20	9675	0	9938
6431	9621	51	29	139	0	9840
6432	151	9220	32	50	0	9453
6433	43	8853	19	16	0	8931
6434	8856	127	16	14	0	9013
6435	133	41	14	8780	0	8968
6436	8873	12	25	117	0	9027
6437	127	8730	19	44	0	8920
6438	9043	120	18	21	0	9202
6439	137	36	9366	25	0	9564
6440	10590	27	142	27	0	10786
6441	11012	12	53	17	0	11094
6442	11316	12	28	16	0	11372
6443	261	19	10707	11	0	10998
6444	10851	17	180	14	0	11062
6445	215	10644	50	23	0	10932
6446	75	170	10696	10	0	10951
6447	55	69	188	10295	0	10607
6448	29	31	50	10154	0	10264
6449	23	10165	21	209	0	10418
6450	27	177	17	10400	0	10621
6451	25	46	21	10609	0	10701
6452	15	27	10109	225	0	10376
6453	9911	17	191	53	0	10172
6454	198	15	10259	31	0	10503
6455	59	6	184	10269	0	10518
6456	44	16	10348	182	0	10590
6457	28	13	194	10485	0	10720
6458	10583	8	53	204	0	10848
6459	10867	10	31	62	0	10970
6460	251	17	19	10765	0	11052
6461	79	15	10999	204	0	11297
6462	45	6	189	11094	0	11334
6463	36	12	10900	213	0	11161
6464	10704	19	202	66	0	10991
6465	11038	19	59	37	0	11153
6466	10919	16	33	28	0	10996
6467	10748	12	18	38	0	10816
6468	254	10304	19	29	0	10606
6469	79	200	16	10616	0	10911
6470	10466	54	21	203	0	10744
6471	215	10274	24	73	0	10586
6472	79	10455	36	31	0	10601
6473	60	230	9741	24	0	10055
6474	9882	56	204	21	0	10163
6475	10126	30	62	27	0	10245
6476	266	18	9790	23	0	10097
6477	76	26	200	9780	0	10082
6478	59	12	64	10067	0	10202
6479	46	18	9800	257	0	10121
6480	43	12	209	9822	0	10086
6481	9848	18	70	222	0	10158
6482	234	12	9588	77	0	9911
6483	86	20	9805	46	0	9957
6484	9714	13	250	29	0	10006
6485	246	19	9695	34	0	9994
6486	9696	14	217	34	0	9961
6487	236	9535	68	40	0	9879
6488	9655	203	37	32	0	9927
6489	235	59	24	9540	0	9858
6490	88	28	31	9776	0	9923
6491	9591	34	26	246	0	9897
6492	229	29	29	9577	0	9864
6493	9526	21	32	225	0	9804
6494	245	9496	29	75	0	9845
6495	94	201	22	9075	0	9392
6496	66	57	34	9417	0	9574
6497	9231	34	19	247	0	9531
6498	9248	19	29	84	0	9380
6499	9221	20	40	54	0	9335
6500	270	8818	27	42	0	9157
6501	96	9086	31	42	0	9255
6502	9060	220	31	32	0	9343
6503	238	68	8700	37	0	9043
6504	99	8645	195	40	0	8979
6505	8444	200	104	50	0	8798
6506	8347	51	46	31	0	8475
6507	8352	26	26	30	0	8434
6508	232	21	30	8086	0	8369
6509	8161	22	30	185	0	8398
6510	8103	14	24	69	0	8210
6511	244	10	32	7825	0	8111
6512	7862	17	23	186	0	8088
6513	217	12	7449	63	0	7741
6514	87	12	172	7562	0	7833
6515	42	23	49	7746	0	7860
6516	51	12	36	7883	0	7982
6517	7689	11	30	242	0	7972
6518	7939	10	17	98	0	8064
6519	7946	19	22	46	0	8033
6520	7888	9	21	50	0	7968
6521	7390	7	22	45	0	7464
6522	235	17	21	6982	0	7255
6523	97	11	17	7108	0	7233
6524	6735	11	26	208	0	6980
6525	203	6555	12	82	0	6852
6526	6488	147	25	27	0	6687
6527	190	32	6147	42	0	6411
6528	6524	20	148	20	0	6712
6529	6852	17	36	29	0	6934
6530	224	17	6916	36	0	7193
6531	7126	9	197	20	0	7352
6532	235	11	7163	26	0	7435
6533	96	9	7622	13	0	7740
6534	69	16	244	7576	0	7905
6535	56	17	77	8048	0	8198
6536	50	10	7779	251	0	8090
6537	55	10	7780	79	0	7924
6538	25	7385	251	51	0	7712
6539	23	7127	75	45	0	7270
6540	5643	160	76	20	0	5899
6541	122	5803	34	16	0	5975
6542	5493	118	39	14	0	5664
6543	114	5428	9	10	0	5561
6544	5445	122	9	6	0	5582
6545	127	48	5174	5	0	5354
6546	5232	24	100	9	0	5365
6547	125	13	34	5145	0	5317
6548	49	5180	18	104	0	5351
6549	29	105	16	5305	0	5455
6550	5256	38	14	115	0	5423
6551	5359	25	9	41	0	5434
6552	147	18	6	5277	0	5448
6553	56	14	5154	117	0	5341
6554	35	15	5093	42	0	5185
6555	29	5112	139	21	0	5301
6556	22	129	42	5156	0	5349
6557	22	32	5070	115	0	5239
6558	12	4674	117	34	0	4837
6559	25	108	41	4783	0	4957
6560	9	37	20	4884	0	4950
6561	4465	18	15	119	0	4617
6562	95	18	10	4474	0	4597
6563	41	12	4375	115	0	4543
6564	26	7	95	4430	0	4558
6565	4331	10	35	118	0	4494
6566	104	11	4343	47	0	4505
6567	4295	6	104	25	0	4430
6568	107	4297	35	15	0	4454
6569	4463	91	19	27	0	4600
6570	4539	27	18	18	0	4602
6571	134	18	14	4351	0	4517
6572	50	14	7	4466	0	4537
6573	23	4291	11	130	0	4455
6574	29	96	9	4463	0	4597
6575	4374	33	5	121	0	4533
6576	104	22	4276	45	0	4447
6577	39	13	92	4340	0	4484
6578	26	4291	34	107	0	4458
6579	20	99	25	4358	0	4502
6580	25	32	16	4489	0	4562
6581	4365	25	10	137	0	4537
6582	111	4293	7	54	0	4465
6583	44	101	11	4330	0	4486
6584	4256	30	7	127	0	4420
6585	116	18	5	4292	0	4431
6586	55	20	8	4387	0	4470
6587	4332	11	12	148	0	4503
6588	4364	6	10	62	0	4442
6589	138	13	4259	30	0	4440
6590	4242	11	94	38	0	4385
6591	4362	13	31	28	0	4434
6592	4380	14	22	24	0	4440
6593	145	4069	15	29	0	4258
6594	71	4094	13	20	0	4198
6595	41	119	12	4056	0	4228
6596	4040	42	15	113	0	4210
6597	4121	29	9	42	0	4201
6598	135	18	10	4022	0	4185
6599	55	17	4045	118	0	4235
6600	4150	6	90	46	0	4292
6601	4352	12	37	25	0	4426
6602	140	9	26	4199	0	4374
6603	60	12	13	4290	0	4375
6604	4233	10	10	129	0	4382
6605	123	11	4	4190	0	4328
6606	50	4160	12	129	0	4351
6607	33	105	6	4312	0	4456
6608	4286	33	4	128	0	4451
6609	121	15	4203	60	0	4399
6610	4137	11	94	37	0	4279
6611	121	17	4192	26	0	4356
6612	50	7	104	4186	0	4347
6613	4287	13	43	107	0	4450
6614	115	7	22	4312	0	4456
6615	53	4	10	4390	0	4457
6616	4261	11	15	140	0	4427
6617	118	16	4204	57	0	4395
6618	48	6	4323	46	0	4423
6619	30	12	118	4320	0	4480
6620	22	4	41	4483	0	4550
6621	29	7	23	4572	0	4631
6622	20	6	4501	142	0	4669
6623	4393	4	97	61	0	4555
6624	4647	9	35	44	0	4735
6625	4672	6	18	31	0	4727
6626	4634	4	13	28	0	4679
6627	142	4462	13	27	0	4644
6628	60	4481	11	29	0	4581
6629	40	4442	6	36	0	4524
6630	22	53	5	3876	0	3956
6631	19	15	8	3898	0	3940
6632	11	3	3689	58	0	3761
6633	11	3151	26	16	0	3204
6634	37	16	11	2917	0	2981
6635	2841	2	1	18	0	2862
6636	14	2886	2	6	0	2908
6637	2	14	1	2890	0	2907
6638	1	2939	0	14	0	2954
6639	3029	12	1	4	0	3046
6640	15	3	4	2992	0	3014
6641	4	1	2934	15	0	2954
6642	1	5	2958	4	0	2968
6643	2	2	17	2992	0	3013
6644	2	3	4	3061	0	3070
6645	2	2	1	3153	0	3158
6646	3132	1	2	25	0	3160
6647	24	2	3085	5	0	3116
6648	8	3042	22	3	0	3075
6649	3	18	5	3092	0	3118
6650	3	5	3142	18	0	3168
6651	3	3096	17	15	0	3131
6652	1	24	5	3229	0	3259
6653	5	6	3252	20	0	3283
6654	0	3	24	3214	0	3241
6655	1	2	6	3305	0	3314
6656	3447	1	1	23	0	3472
6657	3442	0	1	9	0	3452
6658	28	1	2	3446	0	3477
6659	3479	0	2	27	0	3508
6660	26	4	3560	6	0	3596
6661	6	2	28	3613	0	3649
6662	6	0	3720	32	0	3758
6663	2	1	29	3800	0	3832
6664	1	3680	9	39	0	3729
6665	0	3824	4	10	0	3838
6666	1	3935	2	8	0	3946
6667	2	38	3	4051	0	4094
6668	1	10	2	4228	0	4241
6669	1	3	4180	40	0	4224
6670	1	3	4242	11	0	4257
6671	2	3	4382	4	0	4391
6672	4393	1	39	6	0	4439
6673	31	2	10	4562	0	4605
6674	4631	3	4	37	0	4675
6675	43	4652	3	11	0	4709
6676	8	46	2	4731	0	4787
6677	4776	9	0	52	0	4837
6678	48	5	4	4773	0	4830
6679	4773	0	6	54	0	4833
6680	55	6	4875	10	0	4946
6681	9	4921	44	14	0	4988
6682	8	45	10	5087	0	5150
6683	5099	9	6	54	0	5168
6684	5218	7	2	12	0	5239
6685	56	1	4	5190	0	5251
6686	13	5	2	5246	0	5266
6687	5154	2	7	60	0	5223
6688	49	1	3	5119	0	5172
6689	10	3	5054	57	0	5124
6690	9	5032	45	15	0	5101
6691	3	48	11	5174	0	5236
6692	5165	6	7	55	0	5233
6693	5187	5	2	17	0	5211
6694	57	3	5236	15	0	5311
6695	20	5139	48	10	0	5217
6696	8	5325	18	8	0	5359
6697	6	57	4	5374	0	5441
6698	5	17	4	5452	0	5478
6699	4	8	7	5378	0	5397
6700	8	4	5	5377	0	5394
6701	4	5229	7	76	0	5316
6702	8	54	3	5304	0	5369
6703	9	13	4	5406	0	5432
6704	5337	12	1	73	0	5423
6705	5310	5	4	25	0	5344
6706	68	5292	1	18	0	5379
6707	5420	55	7	13	0	5495
6708	5434	13	7	14	0	5468
6709	5432	8	5	14	0	5459
6710	72	2	5320	10	0	5404
6711	18	6	53	5307	0	5384
6712	13	6	11	5466	0	5496
6713	13	7	5306	76	0	5402
6714	11	9	55	5247	0	5322
6715	9	4	18	5261	0	5292
6716	5258	3	14	82	0	5357
6717	66	10	5202	29	0	5307
6718	23	2	57	5081	0	5163
6719	5054	5	21	67	0	5147
6720	62	5051	13	26	0	5152
6721	5076	63	4	20	0	5163
6722	5011	20	6	11	0	5048
6723	80	4902	5	28	0	5015
6724	26	61	2	5014	0	5103
6725	4986	13	7	80	0	5086
6726	69	4969	12	28	0	5078
6727	19	67	5	5009	0	5100
6728	4899	19	7	76	0	5001
6729	4815	14	4	25	0	4858
6730	84	4792	5	25	0	4906
6731	4869	109	4	13	0	4995
6732	86	20	3	4959	0	5068
6733	4983	14	7	85	0	5089
6734	90	5	4878	29	0	5002
6735	27	9	72	4899	0	5007
6736	17	11	17	4933	0	4978
6737	4825	3	15	100	0	4943
6738	88	4741	11	29	0	4869
6739	4716	78	10	20	0	4824
6740	82	4745	10	20	0	4857
6741	27	79	4620	14	0	4740
6742	18	16	4612	16	0	4662
6743	21	70	86	4488	0	4665
6744	18	5	4531	84	0	4638
6745	13	13	72	4512	0	4610
6746	12	11	13	4538	0	4574
6747	16	5	9	4625	0	4655
6748	4592	9	4	99	0	4704
6749	4559	12	5	32	0	4608
6750	4648	5	12	22	0	4687
6751	102	4642	11	26	0	4781
6752	39	4913	5	21	0	4978
6753	27	105	5152	13	0	5297
6754	14	33	103	5249	0	5399
6755	14	25	5176	126	0	5341
6756	18	16	116	5040	0	5190
6757	19	13	42	5149	0	5223
6758	17	5	24	5168	0	5214
6759	16	10	4874	164	0	5064
6760	15	9	102	4866	0	4992
6761	4809	9	35	143	0	4996
6762	105	4597	19	64	0	4785
6763	28	100	23	4710	0	4861
6764	4672	25	12	126	0	4835
6765	4651	23	13	39	0	4726
6766	127	15	8	4509	0	4659
6767	44	11	8	4483	0	4546
6768	4248	7	8	134	0	4397
6769	129	5	8	4225	0	4367
6770	3988	7	7	138	0	4140
6771	121	8	6	3953	0	4088
6772	47	9	3744	126	0	3926
6773	35	3620	88	52	0	3795
6774	29	3782	26	38	0	3875
6775	25	86	27	3666	0	3804
6776	29	27	30	3752	0	3838
6777	3638	21	14	120	0	3793
6778	87	20	13	3674	0	3794
6779	25	11	4	3734	0	3774
6780	23	5	8	3487	0	3523
6781	25	3338	9	131	0	3503
6782	17	81	4	3437	0	3539
6783	15	26	6	3474	0	3521
6784	16	18	4	3436	0	3474
6785	3235	17	8	141	0	3401
6786	87	3237	7	65	0	3396
6787	32	81	9	3317	0	3439
6788	20	18	6	3376	0	3420
6789	18	22	6	3396	0	3442
6790	3265	19	3	138	0	3425
6791	99	9	2	3301	0	3411
6792	38	9	5	3328	0	3380
6793	29	11	3041	132	0	3213
6794	17	3011	75	68	0	3171
6795	18	87	21	3122	0	3248
6796	2996	28	27	116	0	3167
6797	77	3043	17	58	0	3195
6798	3020	79	9	39	0	3147
6799	3073	25	8	40	0	3146
6800	102	19	5	3026	0	3152
6801	45	15	6	3084	0	3150
6802	37	19	3017	108	0	3181
6803	22	12	74	3110	0	3218
6804	23	13	3031	117	0	3184
6805	15	8	80	3148	0	3251
6806	2957	8	32	121	0	3118
6807	86	3053	23	53	0	3215
6808	30	79	22	3260	0	3391
6809	20	21	21	3321	0	3383
6810	16	19	19	3313	0	3367
6811	16	19	7	3330	0	3372
6812	3177	10	15	145	0	3347
6813	79	3112	10	92	0	3293
6814	30	72	7	3258	0	3367
6815	3214	24	12	124	0	3374
6816	94	24	3137	58	0	3313
6817	3146	22	68	56	0	3292
6818	3250	19	22	43	0	3334
6819	109	19	3112	43	0	3283
6820	51	9	69	3145	0	3274
6821	3197	11	31	93	0	3332
6822	97	3233	19	53	0	3402
6823	3333	74	22	50	0	3479
6824	3336	19	14	43	0	3412
6825	3328	20	11	37	0	3396
6826	112	15	8	3248	0	3383
6827	59	12	13	3338	0	3422
6828	53	3538	3	107	0	3701
6829	40	82	6	3668	0	3796
6830	3592	25	7	120	0	3744
6831	92	27	3392	66	0	3577
6832	3326	16	65	54	0	3461
6833	3539	11	17	42	0	3609
6834	112	14	16	3422	0	3564
6835	45	7	13	3571	0	3636
6836	3559	7	10	106	0	3682
6837	3533	9	15	53	0	3610
6838	3540	10	7	54	0	3611
6839	112	7	3371	43	0	3533
6840	56	3280	60	29	0	3425
6841	3429	63	17	22	0	3531
6842	91	17	18	3403	0	3529
6843	38	3378	12	72	0	3500
6844	29	70	11	3456	0	3566
6845	3451	20	12	91	0	3574
6846	77	28	11	3462	0	3578
6847	40	14	3457	91	0	3602
6848	28	3354	52	49	0	3483
6849	18	3490	15	37	0	3560
6850	19	59	3264	31	0	3373
6851	2912	68	60	31	0	3071
6852	40	2942	19	23	0	3024
6853	34	25	9	2556	0	2624
6854	2541	5	6	16	0	2568
6855	12	2504	4	17	0	2537
6856	9	14	2	2571	0	2596
6857	2612	6	1	16	0	2635
6858	14	8	0	2575	0	2597
6859	2620	2	1	20	0	2643
6860	22	6	2662	10	0	2700
6861	9	2660	12	7	0	2688
6862	2939	11	6	8	0	2964
6863	2891	6	4	2	0	2903
6864	2871	8	1	7	0	2887
6865	25	3	2833	4	0	2865
6866	2793	4	15	1	0	2813
6867	2945	2	7	5	0	2959
6868	26	1	4	2934	0	2965
6869	2956	2	2	14	0	2974
6870	19	2870	4	11	0	2904
6871	9	12	2	2974	0	2997
6872	11	8	2965	13	0	2997
6873	7	5	11	2952	0	2975
6874	9	2	4	3053	0	3068
6875	3037	5	4	22	0	3068
6876	3008	5	4	15	0	3032
6877	25	1	3014	13	0	3053
6878	2927	4	14	5	0	2950
6879	19	3	2992	9	0	3023
6880	15	0	18	3009	0	3042
6881	13	5	3044	15	0	3077
6882	9	2	13	3007	0	3031
6883	5	2939	11	22	0	2977
6884	11	16	3076	10	0	3113
6885	11	7	3174	6	0	3198
6886	8	7	21	2876	0	2912
6887	3249	4	9	11	0	3273
6888	3257	3	8	9	0	3277
6889	3278	3	1	8	0	3290
6890	27	3	5	3215	0	3250
6891	8	3	3	3267	0	3281
6892	12	4	2	3271	0	3289
6893	7	2	4	3271	0	3284
6894	6	4	3218	29	0	3257
6895	8	1	14	3221	0	3244
6896	5	3179	10	23	0	3217
6897	6	15	5	3279	0	3305
6898	3331	3	4	20	0	3358
6899	22	6	3343	11	0	3382
6900	3101	3	23	11	0	3138
6901	28	1	3498	8	0	3535
6902	9	4	3452	5	0	3470
6903	4	3367	35	9	0	3415
6904	6	21	16	3464	0	3507
6905	4	11	12	3488	0	3515
6906	4	3471	11	33	0	3519
6907	3807	26	8	12	0	3853
6908	36	15	3	3997	0	4051
6909	23	9	4	4294	0	4330
6910	14	1	5	4488	0	4508
6911	4918	6	2	97	0	5023
6912	5207	3	6	49	0	5265
6913	116	1	3	5192	0	5312
6914	41	4	2	5245	0	5292
6915	5127	2	2	131	0	5262
6916	109	6	3	5152	0	5270
6917	37	5	4	5237	0	5283
6918	33	5	3	5290	0	5331
6919	20	7	4999	160	0	5186
6920	4864	1	91	70	0	5026
6921	5073	5	22	55	0	5155
6922	132	6	4806	32	0	4976
6923	60	12	91	4635	0	4798
6924	35	4792	35	113	0	4975
6925	4783	88	23	54	0	4948
6926	109	4789	12	41	0	4951
6927	38	4701	17	25	0	4781
6928	36	101	9	4513	0	4659
6929	4442	36	14	110	0	4602
6930	4570	21	9	40	0	4640
6931	119	24	6	4484	0	4633
6932	54	17	4	4494	0	4569
6933	37	12	6	4491	0	4546
6934	24	15	8	4440	0	4487
6935	30	15	4	4409	0	4458
6936	36	4186	8	147	0	4377
6937	23	89	7	4351	0	4470
6938	4252	26	4	151	0	4433
6939	4317	21	5	74	0	4417
6940	4315	8	5	66	0	4394
6941	136	4168	6	49	0	4359
6942	48	95	10	4227	0	4380
6943	41	29	4105	130	0	4305
6944	4145	26	101	61	0	4333
6945	135	13	24	4186	0	4358
6946	4200	19	23	120	0	4362
6947	4090	16	9	65	0	4180
6948	4090	24	11	51	0	4176
6949	165	14	3	3959	0	4141
6950	3990	19	12	122	0	4143
6951	152	22	5	3966	0	4145
6952	57	16	6	4061	0	4140
6953	3966	6	7	152	0	4131
6954	137	5	8	3987	0	4137
6955	3943	7	3	150	0	4103
6956	3980	9	3	79	0	4071
6957	144	10	7	3927	0	4088
6958	79	6	4	3988	0	4077
6959	58	7	5	4034	0	4104
6960	55	10	3625	168	0	3858
6961	43	10	3692	86	0	3831
6962	47	8	108	3649	0	3812
6963	54	5	37	3714	0	3810
6964	46	10	26	3723	0	3805
6965	37	14	15	3700	0	3766
6966	30	9	17	3736	0	3792
6967	3524	10	24	187	0	3745
6968	126	3446	16	96	0	3684
6969	49	92	12	3587	0	3740
6970	3530	22	15	153	0	3720
6971	130	25	10	3543	0	3708
6972	59	13	10	3587	0	3669
6973	3448	15	7	175	0	3645
6974	3474	12	6	100	0	3592
6975	148	15	3331	76	0	3570
6976	65	14	93	3432	0	3604
6977	64	6	3339	157	0	3566
6978	52	8	105	3432	0	3597
6979	46	9	26	3476	0	3557
6980	38	5	30	3515	0	3588
6981	46	10	3241	186	0	3483
6982	33	3231	106	96	0	3466
6983	26	3385	31	101	0	3543
6984	25	109	43	3338	0	3515
6985	3223	41	27	143	0	3434
6986	121	26	3174	73	0	3394
6987	38	23	3244	84	0	3389
6988	42	17	115	3240	0	3414
6989	25	12	48	3251	0	3336
6990	34	3241	31	156	0	3462
6991	35	98	29	3328	0	3490
6992	31	37	23	3451	0	3542
6993	29	30	17	3493	0	3569
6994	3337	13	18	183	0	3551
6995	3353	13	18	93	0	3477
6996	135	6	16	3345	0	3502
6997	59	3238	17	155	0	3469
6998	51	100	15	3247	0	3413
6999	3122	26	19	155	0	3322
7000	117	3131	14	84	0	3346
7001	46	95	16	2904	0	3061
7002	34	2877	12	140	0	3063
7003	2834	101	10	78	0	3023
7004	2729	33	12	64	0	2838
7005	110	2809	16	38	0	2973
7006	42	2727	16	32	0	2817
7007	35	115	2375	32	0	2557
7008	22	2168	72	24	0	2286
7009	26	102	19	1855	0	2002
7010	17	14	1760	75	0	1866
7011	11	1206	38	13	0	1268
7012	8	21	7	977	0	1013
7013	0	1	8	1000	0	1009
7014	2	4	0	1001	0	1007
7015	976	0	0	29	0	1005
7016	26	1	946	5	0	978
7017	2	4	963	6	0	975
7018	4	3	20	949	0	976
7019	5	1	1019	22	0	1047
7020	5	2	23	1024	0	1054
7021	3	2	2	1049	0	1056
7022	1	2	6	1064	0	1073
7023	1	2	1	1075	0	1079
7024	1052	1	1	29	0	1083
7025	1054	3	0	9	0	1066
7026	20	2	1	1054	0	1077
7027	6	2	1120	21	0	1149
7028	6	3	17	1116	0	1142
7029	1	1088	2	25	0	1116
7030	1	20	4	1115	0	1140
7031	1133	3	0	26	0	1162
7032	1160	4	1	5	0	1170
7033	20	0	4	1182	0	1206
7034	7	2	1	1187	0	1197
7035	8	1	1	1203	0	1213
7036	1171	0	5	28	0	1204
7037	19	2	1172	10	0	1203
7038	5	0	1171	9	0	1185
7039	5	1133	19	5	0	1162
7040	1169	13	7	6	0	1195
7041	16	2	4	1170	0	1192
7042	1	4	1236	15	0	1256
7043	4	1192	16	4	0	1216
7044	0	1264	0	9	0	1273
7045	1	16	2	1281	0	1300
7046	3	2	1	1314	0	1320
7047	3	1310	2	14	0	1329
7048	2	14	2	1350	0	1368
7049	0	0	0	1353	0	1353
7050	1349	2	0	18	0	1369
7051	15	1310	0	6	0	1331
7052	2	14	1	1333	0	1350
7053	3	0	1318	17	0	1338
7054	1	1	14	1314	0	1330
7055	1341	2	1	16	0	1360
7056	17	1343	1	1	0	1362
7057	2	12	1	1368	0	1383
7058	2	1	1359	15	0	1377
7059	1	4	1525	1	0	1531
7060	3	4	14	1526	0	1547
7061	1	4	1	1587	0	1593
7062	1579	1	1	17	0	1598
7063	16	1623	0	5	0	1644
7064	1691	17	1	2	0	1711
7065	19	1	1688	2	0	1710
7066	1699	3	17	5	0	1724
7067	26	2	1775	0	0	1803
7068	1759	1	23	2	0	1785
7069	1818	1	1	2	0	1822
7070	25	1	1961	1	0	1988
7071	3	3	1963	1	0	1970
7072	3	1937	24	4	0	1968
7073	0	25	3	2031	0	2059
7074	2099	2	3	28	0	2132
7075	27	6	2	2129	0	2164
7076	2	1	1	2209	0	2213
7077	2	0	0	2241	0	2243
7078	5	0	2221	29	0	2255
7079	2069	1	30	4	0	2104
7080	2243	1	2	4	0	2250
7081	28	2291	3	6	0	2328
7082	6	26	2	2304	0	2338
7083	4	2361	1	25	0	2391
7084	3	24	1	2418	0	2446
7085	2427	1	1	30	0	2459
7086	28	2382	3	3	0	2416
7087	2	23	2	2385	0	2412
7088	2375	2	2	27	0	2406
7089	2374	3	0	3	0	2380
7090	30	1	2	2331	0	2364
7091	4	2	2345	30	0	2381
7092	4	7	23	2269	0	2303
7093	1	2350	2	29	0	2382
7094	2386	23	7	3	0	2419
7095	27	2341	3	3	0	2374
7096	2	23	2	2346	0	2373
7097	2414	3	1	24	0	2442
7098	26	3	1	2522	0	2552
7099	2	2	0	2528	0	2532
7100	5	0	2571	24	0	2600
7101	1	2528	20	5	0	2554
7102	2563	20	1	6	0	2590
7103	2438	2	3	5	0	2448
7104	20	2524	3	3	0	2550
7105	4	2580	0	3	0	2587
7106	5	17	1	2566	0	2589
7107	2557	4	0	18	0	2579
7108	17	2512	1	2	0	2532
7109	4	19	0	2592	0	2615
7110	4	3	2573	18	0	2598
7111	2	3	17	2514	0	2536
7112	2638	2	3	18	0	2661
7113	17	2582	1	6	0	2606
7114	2	18	2	2722	0	2744
7115	4	1	2694	18	0	2717
7116	5	3	2704	3	0	2715
7117	1	2	18	2683	0	2704
7118	2	0	2	2792	0	2796
7119	0	2722	3	23	0	2748
7120	2	17	1	2770	0	2790
7121	2811	2	1	23	0	2837
7122	19	5	2	2786	0	2812
7123	2855	2	0	24	0	2881
7124	24	2798	2	5	0	2829
7125	3	2944	4	4	0	2955
7126	2	22	3	3088	0	3115
7127	2	4	1	3022	0	3029
7128	6	3	3085	27	0	3121
7129	5	3	22	2967	0	2997
7130	3104	3	1	25	0	3133
7131	26	1	3085	6	0	3118
7132	3	0	27	3058	0	3088
7133	8	0	3376	32	0	3416
7134	2	5	30	3352	0	3389
7135	2	1	3	3391	0	3397
7136	2	2	4	3506	0	3514
7137	7	3	3556	38	0	3604
7138	4	1	30	3412	0	3447
7139	3	3469	4	34	0	3510
7140	2	28	5	3684	0	3719
7141	3	4	2	3690	0	3699
7142	3673	5	0	36	0	3714
7143	38	2	3624	11	0	3675
7144	6	1	27	3598	0	3632
7145	5	5	3660	33	0	3703
7146	3	6	3599	7	0	3615
7147	6	4	34	3712	0	3756
7148	6	4	7	3762	0	3779
7149	3	3	5	3951	0	3962
7150	3975	3	3	39	0	4020
7151	38	3	3911	9	0	3961
7152	4117	5	33	7	0	4162
7153	36	1	2	4409	0	4448
7154	3	5	5	4605	0	4618
7155	4	4864	5	37	0	4910
7156	8	32	1	5155	0	5196
7157	4	2	2	5110	0	5118
7158	1	4	1	5116	0	5122
7159	4852	2	7	37	0	4898
7160	28	4	4792	6	0	4830
7161	4204	5	26	11	0	4246
7162	34	4712	7	6	0	4759
7163	4791	30	2	3	0	4826
7164	28	4667	6	5	0	4706
7165	4	4738	4	19	0	4765
7166	10	35	2	4838	0	4885
7167	5020	4	13	21	0	5058
7168	21	1	1	5012	0	5035
7169	1	4894	7	36	0	4938
7170	2	5327	4	10	0	5343
7171	5	32	1	5557	0	5595
7172	0	12	1	5488	0	5501
7173	1	5531	2	41	0	5575
7174	1	34	0	5902	0	5937
7175	3	3	0	5917	0	5923
7176	2	3	0	6010	0	6015
7177	6077	2	1	45	0	6125
7178	39	4	6110	7	0	6160
7179	6056	2	35	11	0	6104
7180	6520	1	5	4	0	6530
7181	6486	5	5	2	0	6498
7182	40	6282	1	6	0	6329
7183	7	36	0	6484	0	6527
7184	6584	3	0	38	0	6625
7185	38	2	1	6636	0	6677
7186	6791	0	3	38	0	6832
7187	37	7336	2	6	0	7381
7188	7967	35	0	5	0	8007
7189	8117	4	2	3	0	8126
7190	8225	6	1	3	0	8235
7191	39	2	0	9553	0	9594
7192	7	5	0	9862	0	9874
7193	10259	3	0	46	0	10308
7194	39	9850	5	12	0	9906
7195	6	10022	1	12	0	10041
7196	10902	41	0	3	0	10946
7197	41	8	0	10700	0	10749
7198	10	5	3	10938	0	10956
7199	4	0	0	11326	0	11330
7200	4	11073	8	58	0	11143
7201	11558	42	2	15	0	11617
7202	44	11	2	11640	0	11697
7203	14	11839	5	47	0	11905
7204	11	50	1	12834	0	12896
7205	4	10	0	12989	0	13003
7206	6	5	2	12925	0	12938
7207	3	9	1	13157	0	13170
7208	13240	4	1	58	0	13303
7209	12993	4	5	28	0	13030
7210	13342	6	2	16	0	13366
7211	57	8	1	13551	0	13617
7212	28	4	13313	49	0	13394
7213	28	25	12340	19	0	12412
7214	11	21	12930	23	0	12985
7215	14087	4	52	17	0	14160
7216	48	6	16	14473	0	14543
7217	19	5	8	14269	0	14301
7218	18	4	2	14659	0	14683
7219	14671	2	3	67	0	14743
7220	14196	5	7	27	0	14235
7221	49	15187	18	22	0	15276
7222	24	40	6	15856	0	15926
7223	26	21	15563	49	0	15659
7224	16	15369	41	30	0	15456
7225	4	63	11	16304	0	16382
7226	6	17	7	16348	0	16378
7227	12	9	3	16070	0	16094
7228	12	7	5	15728	0	15752
7229	13	11	15963	67	0	16054
7230	16	10	15262	35	0	15323
7231	9	15610	63	26	0	15708
7232	10	35	14	16583	0	16642
7233	11	14	7	16390	0	16422
7234	16308	10	6	57	0	16381
7235	43	12	16335	32	0	16422
7236	15	8	37	15994	0	16054
7237	12	5	26	16906	0	16949
7238	23	20	17354	48	0	17445
7239	8	16495	53	36	0	16592
7240	17569	37	11	29	0	17646
7241	46	16	17219	24	0	17305
7242	16612	5	33	17	0	16667
7243	49	26	18151	9	0	18235
7244	16	9	37	18072	0	18134
7245	15	11	18629	46	0	18701
7246	21	24	18981	23	0	19049
7247	12	14	49	19098	0	19173
7248	24	39	45	18181	0	18289
7249	9	5	15	20405	0	20434
7250	10	6	8	19936	0	19960
7251	9	7	14	19932	0	19962
7252	19	10	20121	62	0	20212
7253	15	26	18797	33	0	18871
7254	8	18660	79	27	0	18774
7255	20241	40	23	23	0	20327
7256	42	27	12	20198	0	20279
7257	20527	5	7	58	0	20597
7258	51	6	9	20255	0	20321
7259	21182	6	13	74	0	21275
7260	49	4	9	21139	0	21201
7261	16	7	9	21434	0	21466
7262	16	21149	17	72	0	21254
7263	11	58	5	22525	0	22599
7264	8	28	6	22326	0	22368
7265	11	7	10	22270	0	22298
7266	6	4	7	22256	0	22273
7267	16	21080	24	83	0	21203
7268	22095	36	5	39	0	22175
7269	47	21154	20	32	0	21253
7270	12	38	1	21671	0	21722
7271	21487	11	4	39	0	21541
7272	46	25	20549	18	0	20638
7273	22	27	20373	22	0	20444
7274	22	18	45	19818	0	19903
7275	4	6	17	21250	0	21277
7276	2	2	7	21369	0	21380
7277	3	13	3	20594	0	20613
7278	7	4	0	20994	0	21005
7279	4	20044	9	83	0	20140
7280	5	31	3	21207	0	21246
7281	21158	9	3	54	0	21224
7282	33	9	4	21057	0	21103
7283	21	16	21472	49	0	21558
7284	9	6	48	21022	0	21085
7285	21366	5	15	68	0	21454
7286	46	21091	23	37	0	21197
7287	18	52	6	22632	0	22708
7288	12	19	2	23440	0	23473
7289	14	16	23090	176	0	23296
7290	20	39	29762	41	0	29862
7291	35377	6	486	31	0	35900
7292	843	7	135	36322	0	37307
7293	221	5	107	37640	0	37973
7294	223	27	38174	1135	0	39559
7295	153	98	37692	465	0	38408
7296	33	37921	1184	383	0	39521
7297	27	969	464	39015	0	40475
7298	66	302	37398	1052	0	38818
7299	12	37650	1131	333	0	39126
7300	38486	1071	342	271	0	40170
7301	40369	315	259	151	0	41094
7302	1378	262	132	38398	0	40170
7303	506	38866	105	1118	0	40595
7304	39263	1157	83	301	0	40804
7305	1382	401	149	32735	0	34667
7306	424	312	37117	887	0	38740
7307	324	37486	1111	316	0	39237
7308	38257	1165	296	211	0	39929
7309	39166	324	229	156	0	39875
7310	1422	282	144	38115	0	39963
7311	565	157	93	39342	0	40157
7312	397	146	36709	1475	0	38727
7313	247	100	1095	37997	0	39439
7314	187	87	290	38133	0	38697
7315	151	66	263	38441	0	38921
7316	133	89	166	38506	0	38894
7317	122	87	92	37691	0	37992
7318	128	35866	118	1864	0	37976
7319	36714	1074	84	810	0	38682
7320	1234	325	35161	593	0	37313
7321	373	34649	1113	407	0	36542
7322	338	1168	314	36034	0	37854
7323	35457	348	273	1361	0	37439
7324	1218	265	199	35805	0	37487
7325	371	195	128	36523	0	37217
7326	320	116	106	36672	0	37214
7327	189	100	96	37026	0	37411
7328	169	145	33284	1989	0	35587
7329	144	34052	1097	963	0	36256
7330	35063	1165	310	667	0	37205
7331	1248	375	34040	458	0	36121
7332	397	326	1272	34682	0	36677
7333	34920	211	383	1377	0	36891
7334	1325	34216	348	551	0	36440
7335	34832	1202	222	469	0	36725
7336	1489	402	154	34205	0	36250
7337	562	327	119	35332	0	36340
7338	437	225	108	35049	0	35819
7339	308	150	73	35386	0	35917
7340	33485	119	109	2015	0	35728
7341	1295	142	101	34106	0	35644
7342	465	99	96	35199	0	35859
7343	32590	113	98	1873	0	34674
7344	1411	123	30981	865	0	33380
7345	474	107	1138	32302	0	34021
7346	30824	83	325	1620	0	32852
7347	31510	98	270	664	0	32542
7348	1590	84	174	30527	0	32375
7349	702	73	127	31009	0	31911
7350	514	29179	124	1787	0	31604
7351	322	1124	99	30649	0	32194
7352	248	310	86	31099	0	31743
7353	236	272	28074	1930	0	30512
7354	211	187	28536	984	0	29918
7355	159	28384	1371	827	0	30741
7356	193	1154	556	28870	0	30773
7357	192	359	436	30281	0	31268
7358	28973	335	296	1749	0	31353
7359	1275	262	205	28968	0	30710
7360	478	172	27539	1793	0	29982
7361	426	145	1205	28771	0	30547
7362	286	164	26757	1818	0	29025
7363	237	137	27429	848	0	28651
7364	192	139	1554	26930	0	28815
7365	164	161	646	28437	0	29408
7366	27079	170	467	1784	0	29500
7367	28190	122	329	868	0	29509
7368	1543	113	244	27683	0	29583
7369	27640	142	191	1635	0	29608
7370	28507	92	156	708	0	29463
7371	1795	91	137	27472	0	29495
7372	794	86	149	28643	0	29672
7373	27314	112	142	1859	0	29427
7374	28261	48	152	953	0	29414
7375	1674	57	137	27273	0	29141
7376	777	26439	144	1685	0	29045
7377	607	1141	96	27364	0	29208
7378	437	293	98	28566	0	29394
7379	354	281	25391	1970	0	27996
7380	274	171	1087	27641	0	29173
7381	25647	118	339	1922	0	28026
7382	1273	26157	320	888	0	28638
7383	26333	1153	201	696	0	28383
7384	26961	347	123	581	0	28012
7385	27395	303	106	516	0	28320
7386	1822	286	107	25608	0	27823
7387	926	165	22528	1512	0	25131
7388	719	152	22110	621	0	23602
7389	392	22176	1268	606	0	24442
7390	206	14331	359	355	0	15251
7391	111	7186	151	161	0	7609
7392	120	6924	186	145	0	7375
7393	314	350	6172	105	0	6941
7394	3765	226	422	104	0	4517
7395	198	77	25	3603	0	3903
7396	72	40	15	3660	0	3787
7397	82	22	23	3570	0	3697
7398	53	3492	28	179	0	3752
7399	3640	155	44	57	0	3896
7400	168	46	3650	60	0	3924
7401	6	2335	36	6	0	2383
7402	7	37	6	2433	0	2483
7403	2466	5	3	40	0	2514
7404	41	2	2	2470	0	2515
7405	7	4	2420	45	0	2476
7406	5	5	2457	7	0	2474
7407	5	4	33	2492	0	2534
7408	3	3	6	2540	0	2552
7409	2508	2	5	44	0	2559
7410	42	1	2480	12	0	2535
7411	2479	4	36	6	0	2525
7412	2500	2	3	8	0	2513
7413	43	0	5	2499	0	2547
7414	8	1	2507	45	0	2561
7415	5	0	38	2535	0	2578
7416	2515	2	7	54	0	2578
7417	42	2521	6	14	0	2583
7418	2579	35	7	8	0	2629
7419	48	5	10	2586	0	2649
7420	10	2659	9	51	0	2729
7421	9	39	1	2688	0	2737
7422	12	6	3	2752	0	2773
7423	7	2680	10	55	0	2752
7424	8	41	5	2722	0	2776
7425	12	5	4	2795	0	2816
7426	9	5	4	2828	0	2846
7427	15	5	2720	57	0	2797
7428	3	2733	46	25	0	2807
7429	2798	43	13	10	0	2864
7430	48	10	4	2769	0	2831
7431	11	2832	7	50	0	2900
7432	3015	52	5	16	0	3088
7433	55	13	4	3027	0	3099
7434	11	4	1	3080	0	3096
7435	8	3	3	3008	0	3022
7436	11	7	3	2959	0	2980
7437	2945	5	4	67	0	3021
7438	57	4	0	2989	0	3050
7439	15	5	1	3037	0	3058
7440	2999	6	5	66	0	3076
7441	59	6	2	3026	0	3093
7442	20	6	2966	68	0	3060
7443	8	8	44	3033	0	3093
7444	2940	3	10	70	0	3023
7445	55	2	7	2952	0	3016
7446	20	8	2921	66	0	3015
7447	13	3	2910	29	0	2955
7448	2967	3	58	19	0	3047
7449	3075	5	10	23	0	3113
7450	3077	2	8	13	0	3100
7451	3085	6	7	13	0	3111
7452	69	3	3033	15	0	3120
7453	22	2	50	2980	0	3054
7454	16	4	12	3057	0	3089
7455	2939	1	10	70	0	3020
7456	58	1	10	2936	0	3005
7457	19	3	2860	68	0	2950
7458	13	1	45	2902	0	2961
7459	12	3	2879	63	0	2957
7460	11	2856	51	21	0	2939
7461	2955	49	19	13	0	3036
7462	55	9	6	2935	0	3005
7463	18	3	2830	55	0	2906
7464	13	5	43	2890	0	2951
7465	11	0	13	2972	0	2996
7466	4	5	2932	69	0	3010
7467	7	2	43	2941	0	2993
7468	2939	1	12	66	0	3018
7469	56	4	2776	17	0	2853
7470	2726	3	44	14	0	2787
7471	50	2698	19	13	0	2780
7472	16	34	2677	14	0	2741
7473	8	10	2677	12	0	2707
7474	15	38	41	2409	0	2503
7475	8	4	14	2487	0	2513
7476	5	2	2479	46	0	2532
7477	5	3	32	2515	0	2555
7478	2563	2	13	45	0	2623
7479	2568	0	11	19	0	2598
7480	43	5	9	2491	0	2548
7481	14	4	8	2507	0	2533
7482	12	2513	13	38	0	2576
7483	2584	34	7	17	0	2642
7484	43	8	3	2615	0	2669
7485	10	2633	9	41	0	2693
7486	2665	33	11	15	0	2724
7487	2722	8	8	13	0	2751
7488	39	2761	6	16	0	2822
7489	13	34	7	2754	0	2808
7490	7	7	5	2795	0	2814
7491	10	7	2686	49	0	2752
7492	13	3	33	2665	0	2714
7493	2660	2	11	41	0	2714
7494	34	6	3	2627	0	2670
7495	11	3	2549	41	0	2604
7496	2535	6	34	17	0	2592
7497	42	4	10	2564	0	2620
7498	11	3	2517	45	0	2576
7499	7	3	31	2467	0	2508
7500	12	1	2416	38	0	2467
7501	8	2	32	2413	0	2455
7502	13	4	9	2427	0	2453
7503	2322	2	0	47	0	2371
7504	26	2327	9	12	0	2374
7505	2375	27	7	9	0	2418
7506	2347	7	5	12	0	2371
7507	2357	4	4	5	0	2370
7508	36	2303	3	14	0	2356
7509	13	26	2315	6	0	2360
7510	14	8	23	2327	0	2372
7511	2344	1	8	35	0	2388
7512	2365	5	6	13	0	2389
7513	33	1	5	2298	0	2337
7514	2312	3	7	34	0	2356
7515	32	2	2278	14	0	2326
7516	2299	0	25	16	0	2340
7517	34	2	2266	8	0	2310
7518	15	2219	27	5	0	2266
7519	2213	27	11	5	0	2256
7520	2111	9	6	5	0	2131
7521	35	2093	6	7	0	2141
7522	2074	26	8	6	0	2114
7523	2025	7	6	6	0	2044
7524	26	1	1995	10	0	2032
7525	1936	2	23	3	0	1964
7526	30	1	1928	8	0	1967
7527	13	9	18	1831	0	1871
7528	9	1871	8	17	0	1905
7529	8	17	1882	10	0	1917
7530	1797	35	27	18	0	1877
7531	1776	4	16	5	0	1801
7532	20	2	2	1655	0	1679
7533	11	2	1634	15	0	1662
7534	5	1	13	1664	0	1683
7535	1664	0	5	15	0	1684
7536	15	1704	2	6	0	1727
7537	1676	14	2	4	0	1696
7538	1678	1	1	3	0	1683
7539	16	1643	3	3	0	1665
7540	3	14	0	1638	0	1655
7541	1669	1	1	14	0	1685
7542	19	2	1	1675	0	1697
7543	3	3	2	1770	0	1778
7544	4	2	1799	15	0	1820
7545	5	4	19	1809	0	1837
7546	7	0	2	1830	0	1839
7547	1817	3	0	23	0	1843
7548	1818	3	4	4	0	1829
7549	30	0	1	1796	0	1827
7550	6	3	1781	27	0	1817
7551	5	2	1756	6	0	1769
7552	9	5	23	1735	0	1772
7553	3	1	1796	30	0	1830
7554	4	5	29	1786	0	1824
7555	6	3	2	1798	0	1809
7556	1810	2	2	26	0	1840
7557	30	0	1769	5	0	1804
7558	1730	5	21	8	0	1764
7559	1760	0	7	3	0	1770
7560	29	1	1698	7	0	1735
7561	4	2	1710	8	0	1724
7562	9	42	23	1637	0	1711
7563	4	1642	6	21	0	1673
7564	6	1690	2	10	0	1708
7565	20	21	4	1621	0	1666
7566	6	4	5	1609	0	1624
7567	7	3	0	1629	0	1639
7568	6	1	4	1635	0	1646
7569	1598	1	5	25	0	1629
7570	26	1	2	1600	0	1629
7571	6	2	1571	24	0	1603
7572	1	3	21	1554	0	1579
7573	5	1532	2	23	0	1562
7574	5	19	4	1559	0	1587
7575	1551	0	3	21	0	1575
7576	20	6	4	1542	0	1572
7577	6	3	1523	21	0	1553
7578	5	1468	20	3	0	1496
7579	2	18	2	1512	0	1534
7580	1523	1	2	21	0	1547
7581	1527	2	2	4	0	1535
7582	21	2	1	1542	0	1566
7583	5	1	1472	20	0	1498
7584	6	1	1393	3	0	1403
7585	1481	1	13	7	0	1502
7586	21	2	1488	3	0	1514
7587	1	1	1477	4	0	1483
7588	2	4	15	1433	0	1454
7589	1518	0	5	14	0	1537
7590	1504	1	2	5	0	1512
7591	1503	0	1	3	0	1507
7592	16	0	1565	2	0	1583
7593	5	2	1554	1	0	1562
7594	1	1593	16	2	0	1612
7595	3	15	4	1609	0	1631
7596	2	1	2	1621	0	1626
7597	3	1	2	1575	0	1581
7598	3	0	5	1622	0	1630
7599	3	1	1603	17	0	1624
7600	4	1585	14	5	0	1608
7601	1707	12	6	5	0	1730
7602	1931	2	5	4	0	1942
7603	1970	1	2	9	0	1982
7604	30	1976	3	10	0	2019
7605	8	27	3	1957	0	1995
7606	2031	5	0	33	0	2069
7607	29	2058	8	11	0	2106
7608	2069	29	3	4	0	2105
7609	33	2051	1	5	0	2090
7610	2060	28	2	2	0	2092
7611	2087	5	2	5	0	2099
7612	34	2	3	2073	0	2112
7613	8	5	3	2164	0	2180
7614	5	2	2119	36	0	2162
7615	2	8	2077	9	0	2096
7616	2092	3	32	6	0	2133
7617	2143	3	7	5	0	2158
7618	38	6	2	2112	0	2158
7619	10	5	3	2141	0	2159
7620	7	5	2084	40	0	2136
7621	10	1	29	2038	0	2078
7622	6	7	2053	36	0	2102
7623	14	5	32	2052	0	2103
7624	7	7	5	2113	0	2132
7625	2076	4	5	37	0	2122
7626	2056	4	2	12	0	2074
7627	41	9	2	2041	0	2093
7628	11	4	4	2041	0	2060
7629	9	5	1987	39	0	2040
7630	8	4	32	2015	0	2059
7631	8	3	2000	39	0	2050
7632	1983	3	31	16	0	2033
7633	40	2	9	2024	0	2075
7634	1996	2	5	40	0	2043
7635	40	1959	10	13	0	2022
7636	1953	33	5	16	0	2007
7637	40	6	11	1922	0	1979
7638	14	4	10	1919	0	1947
7639	13	1878	6	42	0	1939
7640	14	35	7	1928	0	1984
7641	16	7	1858	46	0	1927
7642	8	5	35	1887	0	1935
7643	13	2	1776	51	0	1842
7644	7	1717	38	17	0	1779
7645	9	30	12	1742	0	1793
7646	5	5	1715	39	0	1764
7647	12	2	1693	16	0	1723
7648	7	2	24	1692	0	1725
7649	1667	1	20	33	0	1721
7650	25	6	1629	16	0	1676
7651	13	2	27	1640	0	1682
7652	1649	3	11	34	0	1697
7653	25	1597	7	22	0	1651
7654	1655	28	4	14	0	1701
7655	32	8	4	1664	0	1708
7656	13	2	9	1677	0	1701
7657	11	4	6	1701	0	1722
7658	1676	5	7	41	0	1729
7659	27	8	7	1697	0	1739
7660	14	1	8	1726	0	1749
7661	1650	1	10	41	0	1702
7662	25	6	1634	20	0	1685
7663	11	4	30	1665	0	1710
7664	9	6	1629	34	0	1678
7665	1631	2	30	19	0	1682
7666	28	6	14	1650	0	1698
7667	20	6	1630	28	0	1684
7668	1619	5	23	26	0	1673
7669	1663	2	11	15	0	1691
7670	33	9	1676	13	0	1731
7671	15	5	25	1701	0	1746
7672	12	4	11	1737	0	1764
7673	10	5	1715	42	0	1772
7674	13	1691	28	19	0	1751
7675	9	26	1753	20	0	1808
7676	1700	9	28	17	0	1754
7677	32	4	1793	15	0	1844
7678	1743	0	34	19	0	1796
7679	29	3	1761	18	0	1811
7680	1733	4	26	12	0	1775
7681	34	1776	15	15	0	1840
7682	12	21	10	1761	0	1804
7683	15	6	6	1820	0	1847
7684	17	7	1781	33	0	1838
7685	9	4	29	1678	0	1720
7686	6	1707	16	38	0	1767
7687	1661	22	10	16	0	1709
7688	27	1647	11	13	0	1698
7689	15	23	6	1637	0	1681
7690	1640	4	12	36	0	1692
7691	30	1666	6	17	0	1719
7692	1649	26	10	10	0	1695
7693	39	5	1684	15	0	1743
7694	5	5	29	1668	0	1707
7695	8	1	14	1690	0	1713
7696	14	3	7	1740	0	1764
7697	1716	5	11	38	0	1770
7698	1734	3	6	16	0	1759
7699	1739	3	10	7	0	1759
7700	1710	2	5	13	0	1730
7701	34	6	1596	10	0	1646
7702	1298	2	10	6	0	1316
7703	13	1313	4	5	0	1335
7704	1	1279	3	6	0	1289
7705	1370	9	29	4	0	1412
7706	1409	0	5	2	0	1416
7707	11	1	2	1344	0	1358
7708	1372	2	5	9	0	1388
7709	1384	1	1	0	0	1386
7710	1468	1	2	2	0	1473
7711	12	0	3	1458	0	1473
7712	1	1440	3	12	0	1456
7713	4	1441	1	4	0	1450
7714	1	12	1	1449	0	1463
7715	1445	0	1	10	0	1456
7716	9	1444	4	6	0	1463
7717	2	8	0	1450	0	1460
7718	4	0	1465	9	0	1478
7719	1376	4	9	1	0	1390
7720	10	1475	5	0	0	1490
7721	3	1515	0	2	0	1520
7722	1514	13	0	2	0	1529
7723	11	3	1530	1	0	1545
7724	4	2	11	1495	0	1512
7725	2	1559	1	13	0	1575
7726	0	11	0	1602	0	1613
7727	5	3	0	1585	0	1593
7728	4	1561	4	10	0	1579
7729	3	10	0	1657	0	1670
7730	2	2	2	1653	0	1659
7731	1647	4	1	10	0	1662
7732	11	1630	1	7	0	1649
7733	1673	10	2	2	0	1687
7734	14	3	0	1651	0	1668
7735	4	1700	1	11	0	1716
7736	1	12	1722	3	0	1738
7737	2	3	12	1734	0	1751
7738	4	1	3	1787	0	1795
7739	1	4	1810	12	0	1827
7740	1760	4	13	3	0	1780
7741	12	1	6	1984	0	2003
7742	1979	0	2	19	0	2000
7743	17	4	1957	7	0	1985
7744	7	3	16	1968	0	1994
7745	1	0	2060	23	0	2084
7746	5	4	17	2075	0	2101
7747	0	6	6	2115	0	2127
7748	2103	0	2	30	0	2135
7749	20	2119	1	12	0	2152
7750	2162	21	0	3	0	2186
7751	24	12	2180	1	0	2217
7752	13	0	21	2188	0	2222
7753	2	3	2343	24	0	2372
7754	2138	6	26	10	0	2180
7755	2337	2	11	2	0	2352
7756	32	1	2341	8	0	2382
7757	2323	0	23	5	0	2351
7758	2389	3	13	1	0	2406
7759	35	1	2	2372	0	2410
7760	10	1	2347	30	0	2388
7761	9	1	2442	12	0	2464
7762	2	2	33	2446	0	2483
7763	4	1	10	2446	0	2461
7764	2	2395	7	39	0	2443
7765	5	2460	1	16	0	2482
7766	2476	28	4	6	0	2514
7767	27	13	0	2488	0	2528
7768	8	2460	2	24	0	2494
7769	7	2511	3	8	0	2529
7770	2417	30	4	5	0	2456
7771	25	8	1	2481	0	2515
7772	13	2493	6	23	0	2535
7773	12	22	0	2507	0	2541
7774	5	10	4	2502	0	2521
7775	3	1	7	2506	0	2517
7776	2473	4	3	36	0	2516
7777	28	2452	2	15	0	2497
7778	10	24	1	2501	0	2536
7779	4	12	6	2503	0	2525
7780	6	3	6	2522	0	2537
7781	3	4	2428	38	0	2473
7782	2354	1	24	20	0	2399
7783	24	7	12	2452	0	2495
7784	2412	5	3	25	0	2445
7785	2392	2	6	12	0	2412
7786	2409	3	4	8	0	2424
7787	35	8	2409	4	0	2456
7788	13	2350	21	6	0	2390
7789	7	20	10	2379	0	2416
7790	2	12	2386	28	0	2428
7791	3	3	2320	8	0	2334
7792	3	7	26	2282	0	2318
7793	4	2250	10	25	0	2289
7794	2346	19	8	12	0	2385
7795	2357	11	4	6	0	2378
7796	2384	3	3	10	0	2400
7797	2357	2	4	9	0	2372
7798	31	2	2344	8	0	2385
7799	2319	3	18	4	0	2344
7800	25	2385	11	4	0	2425
7801	16	20	3	2443	0	2482
7802	3	10	6	2473	0	2492
7803	2465	4	2	31	0	2502
7804	25	3	2	2458	0	2488
7805	16	1	2370	24	0	2411
7806	2274	4	20	11	0	2309
7807	2368	5	10	5	0	2388
7808	2361	1	4	9	0	2375
7809	30	2	2327	6	0	2365
7810	2186	2	20	3	0	2211
7811	18	2221	13	8	0	2260
7812	2273	19	4	4	0	2300
7813	23	10	3	2236	0	2272
7814	13	3	0	2255	0	2271
7815	7	2231	2	25	0	2265
7816	7	21	7	2275	0	2310
7817	3	2261	4	20	0	2288
7818	3	22	1	2246	0	2272
7819	2	2236	3	20	0	2261
7820	3	16	2	2254	0	2275
7821	3	2243	5	25	0	2276
7822	4	21	2	2362	0	2389
7823	1	2367	0	21	0	2389
7824	2564	19	2	13	0	2598
7825	28	9	1	2627	0	2665
7826	17	2	1	2653	0	2673
7827	6	1	1	2813	0	2821
7828	4	0	5	2844	0	2853
7829	4	4	2826	42	0	2876
7830	1	4	23	2863	0	2891
7831	5	1	16	2916	0	2938
7832	2886	0	2	49	0	2937
7833	2846	0	3	26	0	2875
7834	44	2906	2	9	0	2961
7835	17	29	3	2930	0	2979
7836	8	14	3	3113	0	3138
7837	3217	1	1	60	0	3279
7838	50	4	3109	19	0	3182
7839	3096	1	38	8	0	3143
7840	42	3144	20	12	0	3218
7841	3048	30	3	4	0	3085
7842	3021	14	3	5	0	3043
7843	49	2978	1	3	0	3031
7844	17	3040	6	3	0	3066
7845	14	50	2	2948	0	3014
7846	6	16	2900	33	0	2955
7847	2926	4	31	15	0	2976
7848	34	6	2929	5	0	2974
7849	2880	3	32	5	0	2920
7850	31	6	2876	4	0	2917
7851	16	2827	34	4	0	2881
7852	5	28	9	2847	0	2889
7853	2711	11	3	35	0	2760
7854	2730	2	3	11	0	2746
7855	44	2	7	2730	0	2783
7856	2871	1	6	30	0	2908
7857	2850	9	1	14	0	2874
7858	47	2798	3	15	0	2863
7859	2864	32	2	4	0	2902
7860	37	2857	4	4	0	2902
7861	17	34	1	2836	0	2888
7862	2829	14	2	37	0	2882
7863	2879	3	7	12	0	2901
7864	2885	3	0	8	0	2896
7865	55	3	2703	120	0	2881
7866	20	8	2824	5	0	2857
7867	12	1	47	2906	0	2966
7868	11	14	15	3026	0	3066
7869	12	3154	5	54	0	3225
7870	3169	44	2	24	0	3239
7871	54	16	2	3153	0	3225
7872	20	9	4	3194	0	3227
7873	15	6	3091	62	0	3174
7874	10	3084	43	26	0	3163
7875	8	3160	17	21	0	3206
7876	17	53	9	3166	0	3245
7877	3111	24	7	53	0	3195
7878	53	7	6	3092	0	3158
7879	27	14	3	3183	0	3227
7880	3140	9	7	67	0	3223
7881	3178	9	5	28	0	3220
7882	62	14	8	3169	0	3253
7883	30	13	3134	57	0	3234
7884	24	7	43	3198	0	3272
7885	20	8	20	3238	0	3286
7886	3202	10	9	69	0	3290
7887	63	3	11	3188	0	3265
7888	3196	7	8	68	0	3279
7889	55	8	3159	38	0	3260
7890	27	10	48	3238	0	3323
7891	16	12	19	3287	0	3334
7892	25	11	7	3295	0	3338
7893	19	6	9	3267	0	3301
7894	25	2	6	3252	0	3285
7895	13	3	3112	88	0	3216
7896	3099	15	48	41	0	3203
7897	51	16	19	3159	0	3245
7898	37	4	3057	70	0	3168
7899	24	10	3069	39	0	3142
7900	13	5	65	3076	0	3159
7901	3035	5	31	76	0	3147
7902	3061	5	12	40	0	3118
7903	3081	10	14	21	0	3126
7904	80	6	12	2931	0	3029
7905	40	2964	19	55	0	3078
7906	2994	45	14	49	0	3102
7907	3009	21	8	34	0	3072
7908	3003	15	11	20	0	3049
7909	3003	6	3	26	0	3038
7910	85	6	12	2938	0	3041
7911	47	8	2880	65	0	3000
7912	27	4	52	2922	0	3005
7913	26	11	2851	71	0	2959
7914	2857	13	49	50	0	2969
7915	2912	4	24	33	0	2973
7916	86	4	2795	30	0	2915
7917	2824	4	54	30	0	2912
7918	2941	7	27	24	0	2999
7919	81	10	16	2839	0	2946
7920	48	2847	15	58	0	2968
7921	2827	45	17	39	0	2928
7922	61	40	14	2649	0	2764
7923	44	2612	12	60	0	2728
7924	27	38	4	2490	0	2559
7925	25	12	2388	52	0	2477
7926	22	2413	38	28	0	2501
7927	2278	58	17	30	0	2383
7928	2266	20	22	11	0	2319
7929	2209	9	6	24	0	2248
7930	2220	7	13	16	0	2256
7931	63	15	5	2130	0	2213
7932	27	2107	5	46	0	2185
7933	2134	32	12	19	0	2197
7934	53	14	2057	13	0	2137
7935	31	1986	32	11	0	2060
7936	23	27	1812	11	0	1873
7937	15	10	26	1622	0	1673
7938	14	1645	12	19	0	1690
7939	10	16	4	1686	0	1716
7940	13	13	1725	20	0	1771
7941	14	5	21	1698	0	1738
7942	9	5	10	1723	0	1747
7943	8	4	15	1748	0	1775
7944	1690	2	7	35	0	1734
7945	29	1697	4	19	0	1749
7946	16	14	5	1719	0	1754
7947	1672	7	6	24	0	1709
7948	25	1684	10	15	0	1734
7949	1692	19	3	16	0	1730
7950	24	11	1704	12	0	1751
7951	17	6	20	1669	0	1712
7952	12	1719	8	21	0	1760
7953	1729	21	7	11	0	1768
7954	21	9	1690	14	0	1734
7955	12	1656	21	7	0	1696
7956	13	16	9	1538	0	1576
7957	8	7	9	1550	0	1574
7958	1526	9	3	25	0	1563
7959	26	6	2	1500	0	1534
7960	17	3	1452	25	0	1497
7961	11	4	17	1418	0	1450
7962	10	9	1465	21	0	1505
7963	8	5	15	1427	0	1455
7964	7	1465	10	22	0	1504
7965	1464	19	4	10	0	1497
7966	1411	5	6	11	0	1433
7967	16	1326	5	4	0	1351
7968	8	1190	2	6	0	1206
7969	9	12	8	1097	0	1126
7970	1099	3	1	5	0	1108
7971	9	3	2	1091	0	1105
7972	1078	2	4	6	0	1090
7973	4	1072	0	4	0	1080
7974	4	3	0	1109	0	1116
7975	2	3	1150	4	0	1159
7976	1	5	5	1142	0	1153
7977	3	3	3	1162	0	1171
7978	1198	0	0	8	0	1206
7979	5	1213	3	3	0	1224
7980	2	5	0	1232	0	1239
7981	1241	2	2	5	0	1250
7982	5	4	1219	2	0	1230
7983	1190	1	3	2	0	1196
7984	6	3	2	1225	0	1236
7985	3	1240	2	6	0	1251
7986	1247	4	1	2	0	1254
7987	8	1	1265	2	0	1276
7988	1	2	1245	2	0	1250
7989	4	1248	4	1	0	1257
7990	1216	2	15	0	0	1233
7991	1	0	1	1231	0	1233
7992	0	0	1	1243	0	1244
7993	1257	0	0	3	0	1260
7994	1	0	1254	3	0	1258
7995	3	0	1	1263	0	1267
7996	1	2	1351	1	0	1355
7997	0	0	1	1358	0	1359
7998	1	1346	1	17	0	1365
7999	0	2	1	1417	0	1420
8000	2	0	1398	1	0	1401
8001	1388	0	3	2	0	1393
8002	3	0	1	1417	0	1421
8003	2	2	1430	3	0	1437
8004	1	1	3	1405	0	1410
8005	1	0	2	1429	0	1432
8006	0	2	1433	2	0	1437
8007	1	0	1465	2	0	1468
8008	1	1	3	1495	0	1500
8009	2	0	1497	4	0	1503
8010	1481	0	3	4	0	1488
8011	2	0	3	1531	0	1536
8012	1533	1	0	6	0	1540
8013	2	0	1532	4	0	1538
8014	3	0	5	1564	0	1572
8015	0	1	1693	4	0	1698
8016	2	1648	5	4	0	1659
8017	1	3	1704	0	0	1708
8018	0	3	1638	2	0	1643
8019	1626	2	7	0	0	1635
8020	1659	0	2	1	0	1662
8021	7	0	1719	2	0	1728
8022	2	0	7	1688	0	1697
8023	0	1	1	1785	0	1787
8024	3	0	1813	7	0	1823
8025	0	1728	7	2	0	1737
8026	1738	6	2	1	0	1747
8027	6	2	1825	2	0	1835
8028	6	2	8	1821	0	1837
8029	2	0	2	1872	0	1876
8030	1912	1	2	7	0	1922
8031	1921	0	1	2	0	1924
8032	1928	0	1	1	0	1930
8033	1937	0	3	2	0	1942
8034	8	0	3	1924	0	1935
8035	2	2	2046	8	0	2058
8036	1	1	7	2025	0	2034
8037	2	1	3	2069	0	2075
8038	2	0	3	2116	0	2121
8039	2	0	2088	10	0	2100
8040	2012	0	8	3	0	2023
8041	9	0	2	2101	0	2112
8042	3	2	2205	9	0	2219
8043	1	2243	9	5	0	2258
8044	2	14	3	2336	0	2355
8045	1	1	1	2358	0	2361
8046	2349	2	2	11	0	2364
8047	10	2414	0	6	0	2430
8048	3	9	2421	4	0	2437
8049	1	3	9	2408	0	2421
8050	1	1	2	2408	0	2412
8051	2414	1	1	12	0	2428
8052	2383	0	1	5	0	2389
8053	13	0	0	2421	0	2434
8054	2429	1	1	9	0	2440
8055	9	2394	2	5	0	2410
8056	5	7	2576	3	0	2591
8057	1	3	9	2563	0	2576
8058	3	2	3	2624	0	2632
8059	3	1	1	2621	0	2626
8060	0	0	3	2602	0	2605
8061	2	2581	1	13	0	2597
8062	2576	10	0	6	0	2592
8063	9	3	2	2613	0	2627
8064	4	2814	3	12	0	2833
8065	2856	8	0	4	0	2868
8066	2830	6	1	3	0	2840
8067	11	2945	1	4	0	2961
8068	5	14	1	3049	0	3069
8069	3	2	1	3072	0	3078
8070	3	1	1	3036	0	3041
8071	1	4	0	3080	0	3085
8072	3199	0	1	16	0	3216
8073	3247	0	0	7	0	3254
8074	17	3221	0	6	0	3244
8075	5	17	3225	2	0	3249
8076	3	6	20	3237	0	3266
8077	3288	1	4	23	0	3316
8078	21	3209	2	13	0	3245
8079	6	3210	3	3	0	3222
8080	3334	25	3	4	0	3366
8081	3375	5	1	7	0	3388
8082	28	3	2	3352	0	3385
8083	6	4	3512	22	0	3544
8084	11	9	3619	3	0	3642
8085	3840	5	31	3	0	3879
8086	4021	1	5	6	0	4033
8087	3975	0	2	5	0	3982
8088	3967	2	2	1	0	3972
8089	3944	1	1	3	0	3949
8090	29	4010	2	7	0	4048
8091	6	27	1	4099	0	4133
8092	6	4289	3	26	0	4324
8093	4455	22	2	8	0	4487
8094	4437	5	7	11	0	4460
8095	4463	3	2	5	0	4473
8096	4458	1	0	5	0	4464
8097	26	4330	3	7	0	4366
8098	4445	24	3	1	0	4473
8099	26	4442	1	11	0	4480
8100	7	24	1	4547	0	4579
8101	4542	5	3	23	0	4573
8102	24	9	4715	5	0	4753
8103	3	5	20	4672	0	4700
8104	5	3	2	4879	0	4889
8105	9	2	4918	27	0	4956
8106	3	4840	22	11	0	4876
8107	4953	22	7	4	0	4986
8108	4901	3	3	5	0	4912
8109	28	4855	1	7	0	4891
8110	9	23	3	4948	0	4983
8111	8	8	5199	23	0	5238
8112	7	5359	26	14	0	5406
8113	5522	24	3	2	0	5551
8114	21	9	5485	4	0	5519
8115	5137	4	20	6	0	5167
8116	5353	2	5	3	0	5363
8117	26	2	5653	6	0	5687
8118	7	5643	22	7	0	5679
8119	9	22	9	5812	0	5852
8120	9	9	5833	18	0	5869
8121	5548	4	21	7	0	5580
8122	5790	4	4	3	0	5801
8123	22	5767	6	11	0	5806
8124	7	17	3	5852	0	5879
8125	5	5	2	5974	0	5986
8126	9	5	6009	20	0	6043
8127	4	6008	20	4	0	6036
8128	6687	23	5	13	0	6728
8129	6748	3	0	5	0	6756
8130	6894	5	6	8	0	6913
8131	24	5	6872	4	0	6905
8132	6697	3	18	2	0	6720
8133	6931	3	3	1	0	6938
8134	24	5	0	6987	0	7016
8135	5	5	6913	22	0	6945
8136	7	0	19	6876	0	6902
8137	10	2	7041	17	0	7070
8138	2	8	18	6903	0	6931
8139	3	6925	6	23	0	6957
8140	4	7477	4	15	0	7500
8141	7	23	4	7659	0	7693
8142	6	4	3	7515	0	7528
8143	7595	0	3	28	0	7626
8144	26	3	7557	6	0	7592
8145	7383	2	21	6	0	7412
8146	20	7562	9	9	0	7600
8147	7794	24	3	5	0	7826
8148	7791	4	1	3	0	7799
8149	27	2	4	7794	0	7827
8150	8	6	8213	21	0	8248
8151	4	6	20	8207	0	8237
8152	3	8595	8	32	0	8638
8153	4	36	2	8852	0	8894
8154	4	5	0	8910	0	8919
8155	8865	4	6	40	0	8915
8156	41	2	2	8745	0	8790
8157	12	8535	1	49	0	8597
8158	7	39	1	8874	0	8921
8159	8922	7	2	44	0	8975
8160	37	8947	3	17	0	9004
8161	10	47	5	9283	0	9345
8162	7	8	3	9311	0	9329
8163	7	9	1	9569	0	9586
8164	8	5	0	9441	0	9454
8165	9555	3	2	76	0	9636
8166	57	3	5	9669	0	9734
8167	16	2	2	9788	0	9808
8168	11	5	1	9897	0	9914
8169	6	9809	3	89	0	9907
8170	9974	64	4	27	0	10069
8171	73	13	9868	16	0	9970
8172	15	9620	62	23	0	9720
8173	9768	61	10	6	0	9845
8174	71	17	9990	5	0	10083
8175	14	9911	64	20	0	10009
8176	13	76	15	10116	0	10220
8177	8	10092	17	61	0	10178
8178	3	69	10139	13	0	10224
8179	9	27	10209	14	0	10259
8180	3	9970	72	14	0	10059
8181	10441	58	21	10	0	10530
8182	10442	16	12	15	0	10485
8183	78	20	10102	7	0	10207
8184	26	21	9614	11	0	9672
8185	13	10	9960	9	0	9992
8186	7	6	77	9879	0	9969
8187	9	5	25	9932	0	9971
8188	8	8	13	10227	0	10256
8189	7	9	10506	84	0	10606
8190	3	10	62	10238	0	10313
8191	8	5	18	10511	0	10542
8192	10	3	10451	84	0	10548
8193	9895	11	76	38	0	10020
8194	79	4	20	10971	0	11074
8195	24	6	20	10931	0	10981
8196	17	10942	19	116	0	11094
8197	11186	78	18	41	0	11323
8198	94	31	11048	22	0	11195
8199	10973	16	87	16	0	11092
8200	99	7	32	11149	0	11287
8201	32	16	11272	92	0	11412
8202	19	9	91	11137	0	11256
8203	11279	9	32	109	0	11429
8204	86	11	11177	38	0	11312
8205	11049	3	98	33	0	11183
8206	11261	5	60	20	0	11346
8207	11427	6	24	16	0	11473
8208	126	11080	16	34	0	11256
8209	51	84	9	11726	0	11870
8210	12262	28	14	101	0	12405
8211	12153	17	13	39	0	12222
8212	12552	7	112	35	0	12706
8213	176	18	12235	18	0	12447
8214	12735	9	118	17	0	12879
8215	155	4	50	13486	0	13695
8216	61	11	13357	178	0	13607
8217	40	9	154	13760	0	13963
8218	22	9	47	13996	0	14074
8219	30	14	13947	239	0	14230
8220	25	2	212	14007	0	14246
8221	26	11	59	14625	0	14721
8222	19	18	15672	281	0	15990
8223	16184	6	273	104	0	16567
8224	17325	7	94	68	0	17494
8225	398	6	68	17595	0	18067
8226	162	12	17237	363	0	17774
8227	95	4	331	17140	0	17570
8228	55	16726	109	404	0	17294
8229	64	316	85	16799	0	17264
8230	42	94	47	17158	0	17341
8231	16799	66	32	482	0	17379
8232	16801	28	41	211	0	17081
8233	17061	26	34	136	0	17257
8234	516	21	30	16718	0	17285
8235	210	14	24	17101	0	17349
8236	137	26	16217	477	0	16857
8237	96	21	315	16402	0	16834
8238	73	16489	110	470	0	17142
8239	16624	323	84	176	0	17207
8240	365	16175	52	164	0	16756
8241	16436	384	42	98	0	16960
8242	427	120	44	15723	0	16314
8243	151	15950	41	397	0	16539
8244	16060	352	42	157	0	16611
8245	15699	130	52	129	0	16010
8246	485	102	29	15889	0	16505
8247	223	15849	35	420	0	16527
8248	137	365	30	16054	0	16586
8249	110	133	15564	451	0	16258
8250	15202	102	339	191	0	15834
8251	402	15305	121	164	0	15992
8252	15011	347	78	122	0	15558
8253	439	129	49	15047	0	15664
8254	15229	85	42	414	0	15770
8255	471	61	15208	161	0	15901
8256	15651	39	354	150	0	16194
8257	15953	51	124	112	0	16240
8258	566	39	15477	129	0	16211
8259	253	33	391	15423	0	16100
8260	194	36	137	15695	0	16062
8261	15115	57	113	524	0	15809
8262	463	14991	75	265	0	15794
8263	190	401	70	14958	0	15619
8264	187	134	14623	455	0	15399
8265	123	116	14416	220	0	14875
8266	120	14305	407	187	0	15019
8267	154	365	14244	135	0	14898
8268	13925	164	435	120	0	14644
8269	412	98	150	13873	0	14533
8270	14057	76	118	419	0	14670
8271	466	58	13786	192	0	14502
8272	182	80	392	13831	0	14485
8273	169	61	139	14193	0	14562
8274	134	83	13498	470	0	14185
8275	134	56	371	13654	0	14215
8276	13462	70	135	486	0	14153
8277	13689	51	123	217	0	14080
8278	515	41	89	13456	0	14101
8279	13389	45	74	438	0	13946
8280	13533	42	59	208	0	13842
8281	539	12959	68	180	0	13746
8282	257	323	67	13182	0	13829
8283	13209	122	53	456	0	13840
8284	478	96	57	13187	0	13818
8285	12962	74	68	482	0	13586
8286	510	57	48	12986	0	13601
8287	245	62	12667	476	0	13450
8288	188	12723	372	230	0	13513
8289	173	398	142	11174	0	11887
8290	160	12391	118	382	0	13051
8291	12177	408	94	166	0	12845
8292	396	11880	81	189	0	12546
8293	203	11921	78	119	0	12321
8294	143	420	95	11522	0	12180
8295	11432	191	77	417	0	12117
8296	386	135	61	11386	0	11968
8297	11285	89	76	457	0	11907
8298	11347	101	58	207	0	11713
8299	473	11137	60	189	0	11859
8300	11366	351	66	121	0	11904
8301	11397	131	76	120	0	11724
8302	11446	111	55	109	0	11721
8303	561	71	10650	106	0	11388
8304	288	76	322	10627	0	11313
8305	217	53	115	11010	0	11395
8306	190	45	10492	469	0	11196
8307	10555	42	336	239	0	11172
8308	10875	39	129	178	0	11221
8309	10614	39	107	168	0	10928
8310	9953	38	84	107	0	10182
8311	530	9440	59	140	0	10169
8312	8935	278	48	97	0	9358
8313	466	97	35	8767	0	9365
8314	229	87	8132	339	0	8787
8315	7694	62	229	133	0	8118
8316	348	7653	98	131	0	8230
8317	6935	234	58	79	0	7306
8318	329	6872	33	91	0	7325
8319	159	6632	37	73	0	6901
8320	135	6522	35	72	0	6764
8321	113	6271	85	89	0	6558
8322	126	228	4552	61	0	4967
8323	94	357	167	3547	0	4165
8324	37	47	3189	105	0	3378
8325	2643	18	73	34	0	2768
8326	67	2650	25	22	0	2764
8327	31	2672	17	24	0	2744
8328	28	80	10	2570	0	2688
8329	25	31	12	2631	0	2699
8330	12	23	2568	78	0	2681
8331	26	19	2559	31	0	2635
8332	18	16	65	2542	0	2641
8333	26	13	2543	63	0	2645
8334	30	2467	62	36	0	2595
8335	25	64	20	2509	0	2618
8336	31	24	11	2636	0	2702
8337	25	19	2541	74	0	2659
8338	30	13	50	2450	0	2543
8339	2455	11	24	67	0	2557
8340	58	7	20	2428	0	2513
8341	24	8	17	2409	0	2458
8342	22	9	2320	79	0	2430
8343	2289	11	52	39	0	2391
8344	65	2323	25	34	0	2447
8345	40	50	12	2313	0	2415
8346	33	21	2274	61	0	2389
8347	21	20	54	2303	0	2398
8348	2312	10	18	69	0	2409
8349	69	14	2298	32	0	2413
8350	35	14	55	2290	0	2394
8351	24	12	2288	70	0	2394
8352	17	2284	60	37	0	2398
8353	21	55	2265	17	0	2358
8354	13	2200	54	18	0	2285
8355	19	34	1758	12	0	1823
8356	15	34	31	1481	0	1561
8357	6	1528	18	28	0	1580
8358	1451	22	6	18	0	1497
8359	24	9	5	1471	0	1509
8360	1484	7	6	21	0	1518
8361	27	7	0	1506	0	1540
8362	14	5	9	1547	0	1575
8363	1541	3	4	33	0	1581
8364	1567	7	4	14	0	1592
8365	38	3	4	1616	0	1661
8366	14	2	1658	30	0	1704
8367	7	1608	29	16	0	1660
8368	10	23	1644	7	0	1684
8369	8	1667	24	3	0	1702
8370	1642	22	12	9	0	1685
8371	25	6	1609	6	0	1646
8372	14	8	1599	3	0	1624
8373	8	2	28	1545	0	1583
8374	1567	8	13	25	0	1613
8375	26	3	1617	11	0	1657
8376	13	1659	25	7	0	1704
8377	1763	24	10	3	0	1800
8378	1782	8	5	6	0	1801
8379	1793	6	4	5	0	1808
8380	1817	4	6	5	0	1832
8381	1803	7	5	6	0	1821
8382	43	7	1744	6	0	1800
8383	13	5	22	1643	0	1683
8384	6	1674	10	17	0	1707
8385	1699	17	4	12	0	1732
8386	21	1718	5	5	0	1749
8387	1662	20	3	2	0	1687
8388	1637	8	3	2	0	1650
8389	21	1610	3	2	0	1636
8390	1663	15	2	3	0	1683
8391	19	8	3	1663	0	1693
8392	8	3	6	1689	0	1706
8393	5	4	1652	25	0	1686
8394	4	1696	20	8	0	1728
8395	3	16	9	1722	0	1750
8396	2	10	4	1743	0	1759
8397	5	7	1	1750	0	1763
8398	4	1	1680	22	0	1707
8399	1601	2	15	15	0	1633
8400	23	3	7	1702	0	1735
8401	1719	1	5	19	0	1744
8402	20	2	4	1710	0	1736
8403	12	0	1752	25	0	1789
8404	8	5	1812	10	0	1835
8405	1747	1	27	4	0	1779
8406	1820	6	8	2	0	1836
8407	29	1744	2	3	0	1778
8408	8	18	1814	6	0	1846
8409	6	7	13	1806	0	1832
8410	3	7	9	1814	0	1833
8411	1930	0	4	24	0	1958
8412	1941	3	3	10	0	1957
8413	1949	3	2	2	0	1956
8414	24	5	1908	2	0	1939
8415	1982	4	14	2	0	2002
8416	19	4	10	1996	0	2029
8417	14	0	2	2015	0	2031
8418	6	3	4	2030	0	2043
8419	5	1977	1	26	0	2009
8420	1975	17	2	11	0	2005
8421	23	7	0	1964	0	1994
8422	9	1	1987	26	0	2023
8423	8	2	15	1969	0	1994
8424	8	1963	9	17	0	1997
8425	2021	15	3	10	0	2049
8426	16	8	3	2007	0	2034
8427	11	7	3	1986	0	2007
8428	5	3	2001	26	0	2035
8429	3	3	18	2016	0	2040
8430	4	2040	9	24	0	2077
8431	9	15	2	2088	0	2114
8432	4	10	2089	18	0	2121
8433	1975	2	17	10	0	2004
8434	2076	0	12	7	0	2095
8435	25	2092	4	9	0	2130
8436	2060	15	3	2	0	2080
8437	2154	8	0	3	0	2165
8438	20	2139	2	4	0	2165
8439	10	15	1	2173	0	2199
8440	2221	5	5	18	0	2249
8441	21	2234	1	11	0	2267
8442	11	17	2270	2	0	2300
8443	2259	6	19	6	0	2290
8444	2390	1	7	2	0	2400
8445	2392	3	0	2	0	2397
8446	2396	2	3	1	0	2402
8447	23	2408	2	4	0	2437
8448	2486	18	2	1	0	2507
8449	2562	9	1	2	0	2574
8450	2581	4	2	1	0	2588
8451	30	2	0	2598	0	2630
8452	2548	0	4	23	0	2575
8453	26	2631	4	10	0	2671
8454	13	29	2789	2	0	2833
8455	6	12	26	2923	0	2967
8456	2954	5	10	32	0	3001
8457	31	2	2955	14	0	3002
8458	13	2	33	2966	0	3014
8459	6	1	2944	35	0	2986
8460	5	2920	31	12	0	2968
8461	5	32	12	2938	0	2987
8462	4	13	2896	35	0	2948
8463	5	2865	31	14	0	2915
8464	5	40	8	2901	0	2954
8465	2932	11	9	32	0	2984
8466	2930	4	8	15	0	2957
8467	2944	4	3	9	0	2960
8468	2916	2	3	7	0	2928
8469	2924	0	8	6	0	2938
8470	46	1	2889	14	0	2950
8471	2923	1	30	4	0	2958
8472	2974	7	13	4	0	2998
8473	41	4	4	2957	0	3006
8474	2974	1	9	33	0	3017
8475	2867	8	5	12	0	2892
8476	41	2780	4	10	0	2835
8477	19	29	2	2876	0	2926
8478	15	12	2	2889	0	2918
8479	2871	7	3	42	0	2923
8480	41	2841	2	22	0	2906
8481	21	2897	8	9	0	2935
8482	16	44	7	2957	0	3024
8483	15	9	7	2991	0	3022
8484	16	7	3	2975	0	3001
8485	11	1	5	2999	0	3016
8486	2934	5	2	53	0	2994
8487	2927	2	2	17	0	2948
8488	53	9	2945	10	0	3017
8489	22	6	34	2901	0	2963
8490	11	4	10	2990	0	3015
8491	16	7	2933	48	0	3004
8492	2860	7	33	19	0	2919
8493	45	2891	8	8	0	2952
8494	2915	36	5	10	0	2966
8495	43	12	3	2887	0	2945
8496	18	5	2895	48	0	2966
8497	12	4	33	2948	0	2997
8498	17	3	3080	41	0	3141
8499	18	3087	33	23	0	3161
8500	3113	36	17	9	0	3175
8501	3114	11	7	16	0	3148
8502	42	3057	7	15	0	3121
8503	17	32	10	3046	0	3105
8504	2979	13	5	39	0	3036
8505	42	2942	3	16	0	3003
8506	24	38	2	2997	0	3061
8507	3017	13	5	43	0	3078
8508	37	8	2945	22	0	3012
8509	2932	5	36	17	0	2990
8510	37	2954	18	19	0	3028
8511	2985	36	9	9	0	3039
8512	2960	17	7	8	0	2992
8513	58	8	2940	7	0	3013
8514	24	13	32	2867	0	2936
8515	15	5	12	2956	0	2988
8516	16	4	2944	51	0	3015
8517	12	10	33	2887	0	2942
8518	17	7	10	2950	0	2984
8519	2999	7	6	45	0	3057
8520	2994	3	14	16	0	3027
8521	47	7	3	2984	0	3041
8522	22	9	2963	39	0	3033
8523	13	4	31	2993	0	3041
8524	18	4	14	3023	0	3059
8525	10	7	3070	47	0	3134
8526	16	4	33	3120	0	3173
8527	3119	3	13	50	0	3185
8528	3062	2	17	23	0	3104
8529	42	3040	7	20	0	3109
8530	3112	30	6	19	0	3167
8531	3114	15	4	10	0	3143
8532	54	3147	5	11	0	3217
8533	3224	30	3	13	0	3270
8534	3222	13	11	12	0	3258
8535	3286	2	5	12	0	3305
8536	46	6	3209	15	0	3276
8537	3122	4	30	10	0	3166
8538	38	1	12	3220	0	3271
8539	3223	1	9	36	0	3269
8540	43	4	3141	17	0	3205
8541	20	3054	30	12	0	3116
8542	3106	30	12	5	0	3153
8543	35	3165	5	17	0	3222
8544	15	26	3	3192	0	3236
8545	12	10	3	3233	0	3258
8546	3246	6	5	34	0	3291
8547	3210	3	4	17	0	3234
8548	45	6	3192	5	0	3248
8549	18	7	2998	9	0	3032
8550	12	4	3049	13	0	3078
8551	11	15	24	2989	0	3039
8552	6	4	3023	27	0	3060
8553	9	15	2865	8	0	2897
8554	23	65	24	2684	0	2796
8555	2980	8	9	20	0	3017
8556	2996	0	2	5	0	3003
8557	3038	0	3	1	0	3042
8558	3022	2	1	6	0	3031
8559	17	0	0	3044	0	3061
8560	5	1	2	3065	0	3073
8561	2	6	3169	12	0	3189
8562	8	2	13	3129	0	3152
8563	3	4	6	3207	0	3220
8564	3281	2	2	19	0	3304
8565	3263	1	3	6	0	3273
8566	21	1	0	3260	0	3282
8567	3328	0	2	13	0	3343
8568	3334	1	7	4	0	3346
8569	18	1	3	3336	0	3358
8570	7	1	2	3309	0	3319
8571	5	0	3274	19	0	3298
8572	6	4	3287	6	0	3303
8573	2	2	21	3362	0	3387
8574	5	1	7	3437	0	3450
8575	7	2	3460	17	0	3486
8576	3347	1	14	11	0	3373
8577	3386	0	6	4	0	3396
8578	24	1	3399	3	0	3427
8579	10	3353	13	5	0	3381
8580	3515	8	6	4	0	3533
8581	11	8	3951	4	0	3974
8582	12	5	12	3937	0	3966
8583	6	1	8	4085	0	4100
8584	4368	0	2	16	0	4386
8585	4665	1	2	11	0	4679
8586	16	2	5	4719	0	4742
8587	12	0	6	5009	0	5027
8588	5051	1	3	27	0	5082
8589	5035	3	1	13	0	5052
8590	5015	1	4	5	0	5025
8591	27	0	5080	6	0	5113
8592	13	1	17	5078	0	5109
8593	5	0	8	5206	0	5219
8594	5210	3	7	23	0	5243
8595	23	5169	4	13	0	5209
8596	5730	16	5	9	0	5760
8597	44	5688	8	11	0	5751
8598	14	41	2	5903	0	5960
8599	12	9	1	5958	0	5980
8600	13	9	5900	60	0	5982
8601	8	2	49	5896	0	5955
8602	12	3	5907	61	0	5983
8603	7	1	51	5950	0	6009
8604	8	4	14	5993	0	6019
8605	10	5805	12	68	0	5895
8606	9	6051	11	19	0	6090
8607	5	60	8	6128	0	6201
8608	4	15	4	6183	0	6206
8609	10	4	4	6210	0	6228
8610	16	5	4	6301	0	6326
8611	10	5	8	6371	0	6394
8612	7	7	6260	81	0	6355
8613	4	5	54	6217	0	6280
8614	9	2	10	6389	0	6410
8615	8	8	6169	80	0	6265
8616	9	6020	53	44	0	6126
8617	5	55	17	6273	0	6350
8618	11	13	6146	75	0	6245
8619	9	6170	60	35	0	6274
8620	9	58	10	6413	0	6490
8621	6500	19	7	74	0	6600
8622	56	9	8	6428	0	6501
8623	17	7	7	6493	0	6524
8624	9	4	5	6574	0	6592
8625	6	5	10	6480	0	6501
8626	6	6175	16	86	0	6283
8627	8	58	10	6466	0	6542
8628	6647	15	9	89	0	6760
8629	64	5	11	6720	0	6800
8630	19	10	8	6708	0	6745
8631	12	8	7	6788	0	6815
8632	6562	11	11	91	0	6675
8633	6558	10	8	46	0	6622
8634	73	5	4	6655	0	6737
8635	6548	7	7	85	0	6647
8636	6542	11	1	43	0	6597
8637	69	6503	5	42	0	6619
8638	6557	59	6	29	0	6651
8639	58	6473	6	35	0	6572
8640	14	6540	8	34	0	6596
8641	13	71	10	6682	0	6776
8642	15	24	6749	78	0	6866
8643	12	16	58	6614	0	6700
8644	14	9	24	6752	0	6799
8645	7	6636	12	94	0	6749
8646	6750	65	5	34	0	6854
8647	68	22	4	6743	0	6837
8648	26	16	7133	78	0	7253
8649	13	15	52	7137	0	7217
8650	8	7247	14	88	0	7357
8651	7438	69	8	38	0	7553
8652	67	19	6	7432	0	7524
8653	22	15	7545	83	0	7665
8654	11	16	60	7584	0	7671
8655	11	7260	14	96	0	7381
8656	15	74	11	7482	0	7582
8657	7921	20	5	94	0	8040
8658	8045	7	7	48	0	8107
8659	8118	9	14	31	0	8172
8660	111	8118	9	45	0	8283
8661	8313	93	4	30	0	8440
8662	107	27	12	8348	0	8494
8663	8361	10	8	122	0	8501
8664	104	8336	9	56	0	8505
8665	41	104	6	8586	0	8737
8666	12	42	8562	117	0	8733
8667	8229	21	90	56	0	8396
8668	96	8643	28	43	0	8810
8669	33	110	9	8795	0	8947
8670	10	38	8	8966	0	9022
8671	17	12	7	8885	0	8921
8672	17	13	10	8709	0	8749
8673	11	8580	7	152	0	8750
8674	8827	111	11	59	0	9008
8675	8807	38	9	27	0	8881
8676	138	17	8820	37	0	9012
8677	43	12	101	8852	0	9008
8678	27	11	8903	125	0	9066
8679	8840	16	101	48	0	9005
8680	9033	13	29	27	0	9102
8681	8569	13	8	34	0	8624
8682	140	11	13	8333	0	8497
8683	44	8242	7	130	0	8423
8684	8451	116	4	37	0	8608
8685	127	42	6	8227	0	8402
8686	8213	15	19	129	0	8376
8687	132	15	7795	55	0	7997
8688	66	11	7690	28	0	7795
8689	7880	16	136	28	0	8060
8690	133	11	33	7951	0	8128
8691	7893	11	15	131	0	8050
8692	135	7743	12	54	0	7944
8693	7952	116	8	24	0	8100
8694	8020	38	8	35	0	8101
8695	164	18	7888	19	0	8089
8696	50	19	7238	18	0	7325
8697	27	7160	109	17	0	7313
8698	55	103	44	7315	0	7517
8699	7460	29	42	90	0	7621
8700	93	10	6	7487	0	7596
8701	42	8	9	7739	0	7798
8702	18	9	7552	120	0	7699
8703	7409	6	83	37	0	7535
8704	94	14	33	7803	0	7944
8705	52	7	7706	93	0	7858
8706	30	13	7563	32	0	7638
8707	20	27	102	7685	0	7834
8708	19	11	7751	97	0	7878
8709	23	13	7707	35	0	7778
8710	29	17	108	7337	0	7491
8711	19	15	7855	94	0	7983
8712	21	10	87	7703	0	7821
8713	14	7613	46	93	0	7766
8714	8238	84	11	39	0	8372
8715	97	8277	17	24	0	8415
8716	44	104	10	8332	0	8490
8717	22	8522	14	120	0	8678
8718	23	113	8734	33	0	8903
8719	20	42	116	9919	0	10097
8720	18	34	11018	186	0	11256
8721	11065	11	191	54	0	11321
8722	204	11511	59	51	0	11825
8723	11735	212	32	30	0	12009
8724	240	55	25	11634	0	11954
8725	11824	33	35	221	0	12113
8726	263	28	11518	64	0	11873
8727	69	11605	213	52	0	11939
8728	11695	209	54	24	0	11982
8729	226	68	35	11004	0	11333
8730	75	11460	29	200	0	11764
8731	54	218	21	11811	0	12104
8732	11798	61	20	254	0	12133
8733	227	12421	32	84	0	12764
8734	12608	254	29	49	0	12940
8735	285	81	12124	37	0	12527
8736	12336	42	241	37	0	12656
8737	293	33	63	12375	0	12764
8738	12286	22	45	260	0	12613
8739	276	12168	41	73	0	12558
8740	93	250	24	12311	0	12678
8741	63	65	23	12578	0	12729
8742	46	48	11852	315	0	12261
8743	35	39	241	11934	0	12249
8744	41	33	59	12294	0	12427
8745	39	19	41	12265	0	12364
8746	36	31	31	12347	0	12445
8747	40	22	11745	350	0	12157
8748	36	11228	237	144	0	11645
8749	40	236	82	11544	0	11902
8750	11250	74	43	292	0	11659
8751	11357	44	39	89	0	11529
8752	297	11292	27	96	0	11712
8753	11181	256	25	60	0	11522
8754	11168	70	31	60	0	11329
8755	11110	53	32	47	0	11242
8756	317	10774	42	72	0	11205
8757	10404	222	16	50	0	10692
8758	275	75	24	10151	0	10525
8759	87	56	9844	259	0	10246
8760	64	9788	209	86	0	10147
8761	58	242	72	9854	0	10226
8762	47	62	9542	246	0	9897
8763	9500	50	220	82	0	9852
8764	241	38	51	9584	0	9914
8765	75	38	45	9675	0	9833
8766	69	31	29	9501	0	9630
8767	56	42	20	9577	0	9695
8768	53	27	8974	309	0	9363
8769	8715	40	197	122	0	9074
8770	239	8945	57	88	0	9329
8771	8975	208	45	60	0	9288
8772	244	8971	38	55	0	9308
8773	9060	240	31	49	0	9380
8774	252	65	25	9059	0	9401
8775	91	63	8859	236	0	9249
8776	81	40	8866	82	0	9069
8777	58	43	225	8802	0	9128
8778	48	29	77	8958	0	9112
8779	47	27	55	9000	0	9129
8780	8735	25	41	304	0	9105
8781	231	31	8528	129	0	8919
8782	71	8420	206	124	0	8821
8783	76	8762	61	71	0	8970
8784	8430	233	46	65	0	8774
8785	233	77	8290	53	0	8653
8786	76	8185	204	71	0	8536
8787	74	209	8173	46	0	8502
8788	70	67	222	8241	0	8600
8789	47	59	8179	227	0	8512
8790	55	37	8254	87	0	8433
8791	50	36	226	8239	0	8551
8792	50	22	8123	245	0	8440
8793	42	41	8198	97	0	8378
8794	47	25	241	8056	0	8369
8795	7927	36	87	238	0	8288
8796	221	44	7806	88	0	8159
8797	73	37	220	7811	0	8141
8798	62	38	68	7964	0	8132
8799	7679	39	57	258	0	8033
8800	209	33	48	7644	0	7934
8801	7423	20	54	258	0	7755
8802	239	7340	44	105	0	7728
8803	79	193	38	7457	0	7767
8804	7338	48	57	246	0	7689
8805	7495	52	33	97	0	7677
8806	254	28	50	7295	0	7627
8807	98	27	7105	242	0	7472
8808	6969	39	201	82	0	7291
8809	212	7067	65	85	0	7429
8810	7000	187	59	73	0	7319
8811	7077	56	42	62	0	7237
8812	7097	46	39	56	0	7238
8813	274	24	6691	72	0	7061
8814	100	6491	186	75	0	6852
8815	76	227	66	6287	0	6656
8816	64	119	53	6415	0	6651
8817	50	55	6056	227	0	6388
8818	51	5597	153	102	0	5903
8819	34	4385	40	64	0	4523
8820	20	3224	17	23	0	3284
8821	2857	75	163	8	0	3103
8822	60	19	16	2705	0	2800
8823	18	11	9	2751	0	2789
8824	15	12	2681	62	0	2770
8825	2563	8	44	20	0	2635
8826	50	11	14	2622	0	2697
8827	21	22	9	2632	0	2684
8828	16	12	2539	53	0	2620
8829	15	2514	47	27	0	2603
8830	16	78	15	2522	0	2631
8831	7	17	2464	51	0	2539
8832	5	2102	30	23	0	2160
8833	1607	10	13	6	0	1636
8834	13	8	1676	3	0	1700
8835	4	2	14	1656	0	1676
8836	3	1679	8	13	0	1703
8837	1702	14	2	3	0	1721
8838	13	4	1	1706	0	1724
8839	1756	2	1	14	0	1773
8840	1746	2	2	5	0	1755
8841	16	1735	0	5	0	1756
8842	1790	11	2	2	0	1805
8843	1861	4	1	2	0	1868
8844	16	4	1907	2	0	1929
8845	1884	2	10	2	0	1898
8846	11	0	1909	5	0	1925
8847	1877	0	12	0	0	1889
8848	1921	0	3	1	0	1925
8849	13	2	2012	1	0	2028
8850	5	1	8	2018	0	2032
8851	3	1	2082	9	0	2095
8852	1	2	1998	3	0	2004
8853	5	3	2256	1	0	2265
8854	4	1	14	2258	0	2277
8855	1	1	5	2554	0	2561
8856	0	1	3	2598	0	2602
8857	0	0	0	2706	0	2706
8858	0	0	2771	20	0	2791
8859	0	1	14	2784	0	2799
8860	0	2816	11	19	0	2846
8861	1	16	2912	5	0	2934
8862	1	6	16	2905	0	2928
8863	1	4	3050	17	0	3072
8864	1	2962	19	12	0	2994
8865	0	3029	7	4	0	3040
8866	0	23	3	3065	0	3091
8867	3	8	3033	18	0	3062
8868	1	3	3050	8	0	3062
8869	1	0	29	3070	0	3100
8870	0	3	9	3112	0	3124
8871	1	1	2	3189	0	3193
8872	6	3	3100	26	0	3135
8873	0	3140	23	12	0	3175
8874	0	3259	10	4	0	3273
8875	0	26	2	3280	0	3308
8876	1	9	3231	19	0	3260
8877	0	6	3217	9	0	3232
8878	0	3329	28	3	0	3360
8879	3400	22	8	1	0	3431
8880	20	3373	5	5	0	3403
8881	6	22	3546	5	0	3579
8882	3533	5	26	0	0	3564
8883	25	5	9	3616	0	3655
8884	3686	3	2	24	0	3715
8885	26	3	4	3673	0	3706
8886	10	3	2	3725	0	3740
8887	3748	0	4	36	0	3788
8888	33	3857	1	21	0	3912
8889	15	31	3836	7	0	3889
8890	6	3934	33	6	0	3979
8891	3942	36	11	2	0	3991
8892	36	3919	6	2	0	3963
8893	3968	36	1	4	0	4009
8894	3959	11	4	2	0	3976
8895	43	3946	3	6	0	3998
8896	13	33	1	3970	0	4017
8897	3956	11	0	33	0	4000
8898	3972	6	3	12	0	3993
8899	46	2	4	3940	0	3992
8900	14	2	3879	34	0	3929
8901	7	3	3883	15	0	3908
8902	3	5	41	3928	0	3977
8903	6	3	3883	35	0	3927
8904	3779	5	38	12	0	3834
8905	29	3805	16	14	0	3864
8906	9	32	11	3918	0	3970
8907	7	12	5	3924	0	3948
8908	3	8	7	3935	0	3953
8909	3	4	5	3902	0	3914
8910	2	7	2	3925	0	3936
8911	8	1	3843	45	0	3897
8912	3	3820	31	25	0	3879
8913	3950	27	10	9	0	3996
8914	38	8	2	3901	0	3949
8915	13	7	4	3938	0	3962
8916	8	4	4	3958	0	3974
8917	5	3921	5	58	0	3989
8918	4	33	1	4035	0	4073
8919	3	14	1	4066	0	4084
8920	3986	8	3	50	0	4047
8921	36	3882	9	20	0	3947
8922	13	3914	4	10	0	3941
8923	7	44	2	3975	0	4028
8924	3957	13	4	36	0	4010
8925	39	7	3941	14	0	4001
8926	3852	4	38	11	0	3905
8927	40	8	4033	6	0	4087
8928	13	4	37	4043	0	4097
8929	12	4	13	4112	0	4141
8930	9	3	5	4097	0	4114
8931	3	3	12	4081	0	4099
8932	4	2	9	4053	0	4068
8933	4025	4	7	55	0	4091
8934	40	3	3924	25	0	3992
8935	9	7	37	3999	0	4052
8936	14	2	4140	44	0	4200
8937	4	4133	39	19	0	4195
8938	4188	35	10	19	0	4252
8939	43	15	4331	13	0	4402
8940	12	5	37	4377	0	4431
8941	7	4	15	4485	0	4511
8942	5	7	4490	58	0	4560
8943	7	10	4518	20	0	4555
8944	7	4	58	4419	0	4488
8945	4607	3	17	50	0	4677
8946	4599	2	13	25	0	4639
8947	50	4557	8	18	0	4633
8948	4719	43	7	11	0	4780
8949	47	16	8	4546	0	4617
8950	16	4722	1	56	0	4795
8951	14	41	3	4786	0	4844
8952	17	16	4829	43	0	4905
8953	2	11	43	4565	0	4621
8954	9	5	11	4711	0	4736
8955	4430	4	7	58	0	4499
8956	41	4380	9	27	0	4457
8957	4323	40	5	14	0	4382
8958	45	4250	6	8	0	4309
8959	4139	38	5	13	0	4195
8960	39	4112	3	13	0	4167
8961	14	4070	2	16	0	4102
8962	4170	37	12	8	0	4227
8963	39	17	3	4033	0	4092
8964	10	4056	7	39	0	4112
8965	4216	31	6	12	0	4265
8966	4202	9	3	13	0	4227
8967	4292	6	5	6	0	4309
8968	4247	7	2	7	0	4263
8969	45	4226	7	15	0	4293
8970	13	30	6	4350	0	4399
8971	9	9	6	4412	0	4436
8972	4467	4	3	40	0	4514
8973	34	2	2	4388	0	4426
8974	4379	3	6	42	0	4430
8975	37	5	4298	12	0	4352
8976	4252	3	31	10	0	4296
8977	39	3	4396	9	0	4447
8978	11	21	34	4290	0	4356
8979	4365	2	9	37	0	4413
8980	34	4268	10	13	0	4325
8981	4203	28	4	8	0	4243
8982	34	4240	1	7	0	4282
8983	7	33	7	4540	0	4587
8984	11	6	4475	29	0	4521
8985	4166	16	31	8	0	4221
8986	31	4393	5	10	0	4439
8987	8	35	8	4454	0	4505
8988	4	8	0	4387	0	4399
8989	3	5	1	4356	0	4365
8990	11	3	4407	27	0	4448
8991	5	4306	15	10	0	4336
8992	4434	21	6	7	0	4468
8993	4426	8	3	7	0	4444
8994	24	4355	5	5	0	4389
8995	4598	17	2	6	0	4623
8996	23	4	14	4559	0	4600
8997	8	4505	2	18	0	4533
8998	4639	20	1	8	0	4668
8999	24	8	4524	6	0	4562
9000	7	4505	24	6	0	4542
9001	10	17	5	4708	0	4740
9002	5	6	5	4760	0	4776
9003	6	7	4720	19	0	4752
9004	8	3	19	4565	0	4595
9005	6	2	4736	23	0	4767
9006	5	4	21	4698	0	4728
9007	5	5	3	4789	0	4802
9008	6	3	7	4809	0	4825
9009	6	2	3	4877	0	4888
9010	2	6	4827	30	0	4865
9011	6	7	5145	14	0	5172
9012	2	5593	46	19	0	5660
9013	5	61	11	6128	0	6205
9014	8	19	6317	71	0	6415
9015	3	6179	79	26	0	6287
9016	6	79	16	6628	0	6729
9017	4	26	6681	84	0	6795
9018	6435	8	95	23	0	6561
9019	7099	4	23	8	0	7134
9020	119	3	6	7026	0	7154
9021	34	4	6962	106	0	7106
9022	14	7	89	6983	0	7093
9023	7004	3	22	113	0	7142
9024	99	7067	15	36	0	7217
9025	7416	105	4	19	0	7544
9026	7533	22	10	5	0	7570
9027	127	16	2	7294	0	7439
9028	39	6	4	7452	0	7501
9029	22	5	2	7479	0	7508
9030	16	1	7	7439	0	7463
9031	4	7	4	7511	0	7526
9032	7374	3	7	140	0	7524
9033	7429	7	7	52	0	7495
9034	7481	3	11	25	0	7520
9035	144	10	7198	17	0	7369
9036	7069	10	94	24	0	7197
9037	121	5	34	7167	0	7327
9038	38	14	6993	121	0	7166
9039	22	6810	113	49	0	6994
9040	12	118	38	6987	0	7155
9041	24	25	23	6988	0	7060
9042	15	6861	16	128	0	7020
9043	18	94	13	7037	0	7162
9044	12	38	6894	129	0	7073
9045	22	16	6927	50	0	7015
9046	16	13	128	7019	0	7176
9047	6962	10	40	130	0	7142
9048	6905	8	20	43	0	6976
9049	139	13	6839	33	0	7024
9050	46	6431	106	30	0	6613
9051	22	6761	30	33	0	6846
9052	6560	122	16	25	0	6723
9053	113	38	6565	29	0	6745
9054	42	19	98	6527	0	6686
9055	6582	13	32	123	0	6750
9056	122	6398	17	54	0	6591
9057	45	6566	13	35	0	6659
9058	6522	129	16	21	0	6688
9059	126	35	3	6568	0	6732
9060	6987	18	20	122	0	7147
9061	148	7	14	7872	0	8041
9062	57	23	11	8034	0	8125
9063	30	13	7925	191	0	8159
9064	19	13	134	8219	0	8385
9065	19	15	47	8400	0	8481
9066	8276	14	27	222	0	8539
9067	152	12	19	8413	0	8596
9068	65	14	8197	186	0	8462
9069	8185	10	140	87	0	8422
9070	163	8	63	8373	0	8607
9071	8306	11	30	175	0	8522
9072	183	7935	27	83	0	8228
9073	69	8280	21	50	0	8420
9074	8233	198	20	32	0	8483
9075	8322	68	13	24	0	8427
9076	209	39	19	8180	0	8447
9077	89	28	7989	180	0	8286
9078	57	17	154	8192	0	8420
9079	8078	22	67	193	0	8360
9080	163	8035	36	81	0	8315
9081	82	149	19	8144	0	8394
9082	8072	70	15	178	0	8335
9083	184	36	7789	91	0	8100
9084	7823	20	155	55	0	8053
9085	7960	17	61	51	0	8089
9086	229	15	7817	44	0	8105
9087	104	25	7973	48	0	8150
9088	56	13	197	7705	0	7971
9089	50	9	83	7835	0	7977
9090	40	7881	49	215	0	8185
9091	40	155	23	8029	0	8247
9092	41	59	7962	213	0	8275
9093	45	39	159	8105	0	8348
9094	46	14	69	8477	0	8606
9095	41	24	8028	242	0	8335
9096	41	8021	163	128	0	8353
9097	48	161	71	8177	0	8457
9098	46	58	39	8350	0	8493
9099	8195	43	33	243	0	8514
9100	182	25	26	8241	0	8474
9101	100	22	8010	220	0	8352
9102	8049	17	170	97	0	8333
9103	8203	27	70	70	0	8370
9104	8260	18	37	61	0	8376
9105	258	17	7854	51	0	8180
9106	119	18	173	7873	0	8183
9107	64	18	71	8090	0	8243
9108	49	11	56	8177	0	8293
9109	7787	20	31	254	0	8092
9110	179	7696	39	144	0	8058
9111	80	143	7034	71	0	7328
9112	41	6809	119	58	0	7027
9113	33	6489	54	46	0	6622
9114	27	6349	41	39	0	6456
9115	83	188	63	6113	0	6447
9116	39	60	5970	129	0	6198
9117	5456	47	103	76	0	5682
9118	94	5770	57	62	0	5983
9119	5549	72	34	48	0	5703
9120	98	5695	18	43	0	5854
9121	5793	91	19	36	0	5939
9122	97	5812	22	36	0	5967
9123	66	100	5883	30	0	6079
9124	51	49	76	5822	0	5998
9125	35	30	45	6061	0	6171
9126	5971	10	37	147	0	6165
9127	107	19	22	6461	0	6609
9128	64	16	6398	148	0	6626
9129	44	15	105	6529	0	6693
9130	40	14	6404	146	0	6604
9131	24	6411	128	96	0	6659
9132	28	103	63	6217	0	6411
9133	27	6490	37	116	0	6670
9134	6515	124	26	67	0	6732
9135	122	55	22	6530	0	6729
9136	69	34	6430	134	0	6667
9137	39	18	6383	76	0	6516
9138	6348	20	153	50	0	6571
9139	111	27	71	6449	0	6658
9140	71	20	6333	132	0	6556
9141	42	46	6152	61	0	6301
9142	24	6264	159	52	0	6499
9143	24	124	86	5973	0	6207
9144	21	6310	52	116	0	6499
9145	26	120	28	6434	0	6608
9146	6387	56	19	149	0	6611
9147	114	29	34	6458	0	6635
9148	57	15	24	6562	0	6658
9149	6511	21	24	174	0	6730
9150	121	22	22	6815	0	6980
9151	69	21	31	6747	0	6868
9152	46	6853	27	177	0	7103
9153	6956	128	29	90	0	7203
9154	7094	59	25	57	0	7235
9155	165	43	30	7022	0	7260
9156	81	19	23	7083	0	7206
9157	50	27	22	7053	0	7152
9158	29	6701	26	229	0	6985
9159	33	6951	33	103	0	7120
9160	21	162	28	6505	0	6716
9161	5461	43	16	114	0	5634
9162	5380	28	10	48	0	5466
9163	113	5186	13	55	0	5367
9164	4901	90	22	27	0	5040
9165	89	4845	20	24	0	4978
9166	21	4893	10	21	0	4945
9167	72	109	32	4753	0	4966
9168	4654	36	12	100	0	4802
9169	89	4537	9	53	0	4688
9170	41	4619	11	29	0	4700
9171	12	91	12	4652	0	4767
9172	15	37	10	4721	0	4783
9173	20	27	4556	109	0	4712
9174	4469	16	66	65	0	4616
9175	4621	18	22	40	0	4701
9176	104	24	4595	23	0	4746
9177	52	19	4522	20	0	4613
9178	33	18	80	4599	0	4730
9179	11	21	30	4732	0	4794
9180	16	4578	13	132	0	4739
9181	9	101	10	4687	0	4807
9182	20	47	4547	109	0	4723
9183	19	37	80	4512	0	4648
9184	21	13	24	4615	0	4673
9185	4509	12	20	124	0	4665
9186	99	16	4380	61	0	4556
9187	4246	19	94	36	0	4395
9188	118	23	4250	23	0	4414
9189	29	25	91	4160	0	4305
9190	22	22	4155	107	0	4306
9191	14	10	4124	60	0	4208
9192	26	24	103	4046	0	4199
9193	3947	36	43	106	0	4132
9194	3830	32	21	50	0	3933
9195	105	3787	15	52	0	3959
9196	3815	86	29	42	0	3972
9197	3832	29	23	34	0	3918
9198	119	3781	24	29	0	3953
9199	45	89	31	3874	0	4039
9200	21	26	37	3918	0	4002
9201	17	24	27	3944	0	4012
9202	19	13	22	3990	0	4044
9203	16	25	3803	138	0	3982
9204	3713	23	100	45	0	3881
9205	102	12	34	3884	0	4032
9206	32	14	39	3896	0	3981
9207	31	3864	20	132	0	4047
9208	28	99	10	4015	0	4152
9209	32	31	3931	122	0	4116
9210	3859	22	94	48	0	4023
9211	116	17	3965	45	0	4143
9212	35	13	104	3906	0	4058
9213	3863	14	25	134	0	4036
9214	98	3898	27	65	0	4088
9215	34	96	19	4049	0	4198
9216	35	26	3962	132	0	4155
9217	35	13	98	4023	0	4169
9218	3994	14	23	130	0	4161
9219	113	22	3934	51	0	4120
9220	49	18	3810	41	0	3918
9221	31	3748	112	31	0	3922
9222	3629	115	40	33	0	3817
9223	101	3513	17	46	0	3677
9224	39	97	3445	37	0	3618
9225	25	25	3299	37	0	3386
9226	33	3236	103	32	0	3404
9227	2734	80	33	7	0	2854
9228	74	2667	21	18	0	2780
9229	15	72	6	2658	0	2751
9230	7	20	6	2726	0	2759
9231	9	18	2618	82	0	2727
9232	9	6	71	2637	0	2723
9233	7	7	2629	75	0	2718
9234	2603	7	73	20	0	2703
9235	2688	9	24	19	0	2740
9236	2718	7	14	16	0	2755
9237	92	16	2589	9	0	2706
9238	2621	5	62	15	0	2703
9239	73	9	20	2498	0	2600
9240	12	2521	11	68	0	2612
9241	2584	61	9	20	0	2674
9242	65	14	2484	9	0	2572
9243	2399	6	60	11	0	2476
9244	2403	9	29	8	0	2449
9245	74	4	2224	6	0	2308
9246	20	2185	60	9	0	2274
9247	15	64	18	2237	0	2334
9248	14	12	2227	56	0	2309
9249	8	19	2140	13	0	2180
9250	11	45	46	1768	0	1870
9251	8	2	1773	45	0	1828
9252	6	5	46	1640	0	1697
9253	6	2	13	1654	0	1675
9254	2	5	9	1665	0	1681
9255	9	4	1626	47	0	1686
9256	7	8	40	1641	0	1696
9257	6	3	1656	46	0	1711
9258	4	7	49	1672	0	1732
9259	1751	5	9	49	0	1814
9260	48	5	5	1776	0	1834
9261	8	1804	9	45	0	1866
9262	2	45	5	1914	0	1966
9263	1900	7	7	52	0	1966
9264	49	1907	9	12	0	1977
9265	10	51	5	1926	0	1992
9266	1930	7	7	55	0	1999
9267	51	3	1921	13	0	1988
9268	14	6	45	1940	0	2005
9269	9	2	1935	56	0	2002
9270	4	7	1955	14	0	1980
9271	10	1	51	1952	0	2014
9272	1951	1	7	56	0	2015
9273	53	7	1909	9	0	1978
9274	1910	2	48	12	0	1972
9275	51	5	14	1950	0	2020
9276	16	4	1931	46	0	1997
9277	7	1	1953	11	0	1972
9278	11	3	1953	5	0	1972
9279	6	14	46	1845	0	1911
9280	1882	4	19	41	0	1946
9281	38	1892	7	9	0	1946
9282	9	34	11	1893	0	1947
9283	6	8	7	1959	0	1980
9284	1938	6	5	41	0	1990
9285	1936	3	7	13	0	1959
9286	39	1907	12	9	0	1967
9287	1933	34	8	11	0	1986
9288	1943	4	8	9	0	1964
9289	39	2	10	1932	0	1983
9290	7	5	1911	38	0	1961
9291	1926	5	37	12	0	1980
9292	40	3	9	1988	0	2040
9293	11	3	7	2018	0	2039
9294	1969	4	5	41	0	2019
9295	34	3	6	1887	0	1930
9296	13	4	4	1929	0	1950
9297	1887	2	5	42	0	1936
9298	34	1904	4	14	0	1956
9299	1862	34	5	8	0	1909
9300	36	5	1840	10	0	1891
9301	1828	4	23	5	0	1860
9302	30	6	6	1823	0	1865
9303	9	1860	6	36	0	1911
9304	12	27	3	1895	0	1937
9305	10	5	5	1905	0	1925
9306	5	4	5	1891	0	1905
9307	1830	2	10	32	0	1874
9308	28	1768	7	15	0	1818
9309	6	1732	5	12	0	1755
9310	1749	22	7	6	0	1784
9311	25	5	1843	6	0	1879
9312	9	5	1821	8	0	1843
9313	1811	10	34	6	0	1861
9314	21	7	1849	4	0	1881
9315	4	1	11	1765	0	1781
9316	6	1	3	1791	0	1801
9317	4	3	2	1827	0	1836
9318	6	3	3	1808	0	1820
9319	5	1785	5	16	0	1811
9320	5	12	4	1823	0	1844
9321	7	5	1779	19	0	1810
9322	4	6	11	1796	0	1817
9323	5	9	1755	16	0	1785
9324	7	1	1726	9	0	1743
9325	4	3	12	1766	0	1785
9326	5	2	1756	17	0	1780
9327	6	5	11	1751	0	1773
9328	1772	4	6	19	0	1801
9329	16	2	1759	8	0	1785
9330	1726	4	16	5	0	1751
9331	13	3	6	1776	0	1798
9332	12	2	1759	12	0	1785
9333	6	1748	14	7	0	1775
9334	4	8	7	1821	0	1840
9335	7	2	1883	14	0	1906
9336	3	3	13	1903	0	1922
9337	1957	2	6	17	0	1982
9338	1967	3	5	9	0	1984
9339	1997	4	4	8	0	2013
9340	14	1	4	2020	0	2039
9341	9	3	3	2042	0	2057
9342	4	2	5	2062	0	2073
9343	2099	2	8	18	0	2127
9344	14	2113	4	14	0	2145
9345	6	14	4	2146	0	2170
9346	4	6	5	2236	0	2251
9347	2215	6	5	22	0	2248
9348	20	2260	5	14	0	2299
9349	12	16	5	2417	0	2450
9350	2460	8	3	26	0	2497
9351	2446	5	5	13	0	2469
9352	38	3	5	2421	0	2467
9353	2429	1	3	37	0	2470
9354	36	5	3	2420	0	2464
9355	15	4	2424	42	0	2485
9356	10	8	23	2442	0	2483
9357	14	3	10	2488	0	2515
9358	9	5	4	2484	0	2502
9359	2342	1	5	47	0	2395
9360	30	2278	2	23	0	2333
9361	2250	22	1	11	0	2284
9362	30	2187	3	12	0	2232
9363	17	2216	2	7	0	2242
9364	2217	33	5	13	0	2268
9365	26	2218	6	13	0	2263
9366	17	29	1	2239	0	2286
9367	2218	16	5	28	0	2267
9368	2248	8	0	26	0	2282
9369	38	3	2	2221	0	2264
9370	19	10	1	2238	0	2268
9371	14	2254	2	38	0	2308
9372	2323	30	3	22	0	2378
9373	2298	17	2	12	0	2329
9374	38	2398	3	10	0	2449
9375	20	2418	2	12	0	2452
9376	15	32	3	2429	0	2479
9377	2423	12	2	39	0	2476
9378	33	5	3	2415	0	2456
9379	12	5	4	2455	0	2476
9380	13	2	2378	50	0	2443
9381	4	9	2372	25	0	2410
9382	10	4	32	2386	0	2432
9383	12	6	2364	36	0	2418
9384	9	2348	31	17	0	2405
9385	9	32	10	2405	0	2456
9386	2	16	6	2439	0	2463
9387	10	9	3	2435	0	2457
9388	9	7	2386	48	0	2450
9389	13	7	2314	27	0	2361
9390	2291	4	39	18	0	2352
9391	32	2340	20	12	0	2404
9392	2349	30	8	15	0	2402
9393	35	10	6	2341	0	2392
9394	2384	10	4	38	0	2436
9395	37	8	3	2357	0	2405
9396	17	2358	3	37	0	2415
9397	2407	32	5	20	0	2464
9398	37	12	2296	14	0	2359
9399	11	2295	29	11	0	2346
9400	2342	34	9	7	0	2392
9401	35	14	5	2302	0	2356
9402	21	2227	5	40	0	2293
9403	13	32	5	2334	0	2384
9404	2316	14	8	40	0	2378
9405	37	9	6	2314	0	2366
9406	2314	9	4	41	0	2368
9407	39	13	2265	16	0	2333
9408	15	7	31	2285	0	2338
9409	2269	8	9	43	0	2329
9410	39	6	2215	15	0	2275
9411	10	2051	31	27	0	2119
9412	14	29	13	2107	0	2163
9413	12	9	2059	37	0	2117
9414	13	12	2046	15	0	2086
9415	7	11	38	2087	0	2143
9416	11	4	2084	39	0	2138
9417	7	8	2069	15	0	2099
9418	6	4	35	2054	0	2099
9419	2068	6	14	37	0	2125
9420	32	6	10	2058	0	2106
9421	12	6	9	2110	0	2137
9422	13	6	2086	43	0	2148
9423	9	5	39	2163	0	2216
9424	2222	8	10	44	0	2284
9425	35	7	2220	18	0	2280
9426	15	2196	37	16	0	2264
9427	11	29	14	2287	0	2341
9428	2311	11	9	42	0	2373
9429	39	4	6	2286	0	2335
9430	14	2292	10	44	0	2360
9431	10	35	2385	22	0	2452
9432	9	12	33	2462	0	2516
9433	2646	8	18	38	0	2710
9434	48	6	2575	18	0	2647
9435	17	5	40	2660	0	2722
9436	2746	7	15	52	0	2820
9437	2882	3	13	20	0	2918
9438	59	2837	9	23	0	2928
9439	2879	48	10	13	0	2950
9440	56	8	12	2858	0	2934
9441	20	14	2864	54	0	2952
9442	16	2831	52	17	0	2916
9443	6	2922	16	15	0	2959
9444	9	73	13	2836	0	2931
9445	5	15	4	2913	0	2937
9446	4	14	2760	53	0	2831
9447	1	2715	44	20	0	2780
9448	7	2717	10	14	0	2748
9449	11	38	17	2594	0	2660
9450	2552	8	10	35	0	2605
9451	32	2537	4	7	0	2580
9452	10	32	0	2618	0	2660
9453	2702	4	1	39	0	2746
9454	34	2	4	2720	0	2760
9455	7	5	4	2706	0	2722
9456	11	4	2	2738	0	2755
9457	8	6	1	2759	0	2774
9458	2719	4	2	49	0	2774
9459	38	3	3	2747	0	2791
9460	3	6	2663	47	0	2719
9461	2647	5	38	9	0	2699
9462	40	7	2632	9	0	2688
9463	6	6	2778	7	0	2797
9464	8	5	36	2781	0	2830
9465	8	1	11	2828	0	2848
9466	3	4	9	2871	0	2887
9467	2856	4	3	42	0	2905
9468	39	5	2791	15	0	2850
9469	2793	1	32	14	0	2840
9470	2861	2	3	11	0	2877
9471	40	4	2912	5	0	2961
9472	2888	4	33	7	0	2932
9473	41	5	2906	11	0	2963
9474	7	2986	33	13	0	3039
9475	6	32	6	3100	0	3144
9476	8	6	7	3143	0	3164
9477	2	4	6	3076	0	3088
9478	4	3	4	3073	0	3084
9479	5	3	3098	41	0	3147
9480	6	5	3078	11	0	3100
9481	6	4	33	3096	0	3139
9482	3	1	3133	38	0	3175
9483	3012	3	34	8	0	3057
9484	3188	1	6	18	0	3213
9485	37	4	4	3160	0	3205
9486	3165	1	5	36	0	3207
9487	35	3344	7	15	0	3401
9488	3417	26	8	9	0	3460
9489	41	7	3492	9	0	3549
9490	11	5	25	3445	0	3486
9491	11	3512	14	33	0	3570
9492	3688	29	8	8	0	3733
9493	34	8	7	3656	0	3705
9494	13	7	3644	38	0	3702
9495	7	5	32	3616	0	3660
9496	3680	7	8	40	0	3735
9497	40	5	3788	13	0	3846
9498	7	9	34	3779	0	3829
9499	7	7	10	3859	0	3883
9500	9	11	3885	40	0	3945
9501	10	3789	36	19	0	3854
9502	6	3706	16	21	0	3749
9503	10	38	14	4013	0	4075
9504	8	12	2	4099	0	4121
9505	8	10	2	4134	0	4154
9506	4109	8	8	44	0	4169
9507	4064	5	5	21	0	4095
9508	41	7	4	4122	0	4174
9509	4145	4	4	46	0	4199
9510	40	4162	5	15	0	4222
9511	8	37	0	4313	0	4358
9512	10	7	2	4335	0	4354
9513	9	6	6	4365	0	4386
9514	4232	3	4	56	0	4295
9515	38	4160	9	21	0	4228
9516	13	35	4	4247	0	4299
9517	4239	3	12	41	0	4295
9518	40	6	3	4254	0	4303
9519	8	1	6	4263	0	4278
9520	12	4111	7	51	0	4181
9521	8	4192	4	23	0	4227
9522	10	35	8	4223	0	4276
9523	8	10	4	4188	0	4210
9524	4093	9	10	46	0	4158
9525	45	2	6	4063	0	4116
9526	15	3	3990	50	0	4058
9527	15	3	38	3977	0	4033
9528	4	3878	8	50	0	3940
9529	4051	32	12	13	0	4108
9530	37	8	4	4045	0	4094
9531	10	10	3	3944	0	3967
9532	12	3882	4	49	0	3947
9533	3746	26	3	15	0	3790
9534	29	3932	3	10	0	3974
9535	4	34	7	3952	0	3997
9536	8	10	3887	31	0	3936
9537	10	41	29	3710	0	3790
9538	3758	2	10	39	0	3809
9539	28	3700	9	7	0	3744
9540	3	34	0	3809	0	3846
9541	4	3678	1	39	0	3722
9542	2	33	1	3799	0	3835
9543	1	9	3730	37	0	3777
9544	2	16	32	3654	0	3704
9545	1	4	6	3743	0	3754
9546	1	2	4	3818	0	3825
9547	3744	2	1	46	0	3793
9548	3691	5	2	16	0	3714
9549	37	3726	1	13	0	3777
9550	3758	35	3	6	0	3802
9551	39	3692	3	6	0	3740
9552	8	3760	4	3	0	3775
9553	3757	40	1	9	0	3807
9554	42	18	3591	9	0	3660
9555	5	8	35	3606	0	3654
9556	10	2	8	3715	0	3735
9557	5	5	5	3820	0	3835
9558	3760	5	1	55	0	3821
9559	42	3711	6	21	0	3780
9560	9	43	0	3798	0	3850
9561	10	3796	5	43	0	3854
9562	3969	51	2	11	0	4033
9563	48	12	4	3926	0	3990
9564	11	9	0	4766	0	4786
9565	10	5294	2	122	0	5428
9566	6	102	3	5574	0	5685
9567	8	29	4	5667	0	5708
9568	5468	22	3	161	0	5654
9569	107	5284	10	62	0	5463
9570	35	5488	1	40	0	5564
9571	26	140	1	5477	0	5644
9572	14	59	5186	139	0	5398
9573	12	37	5163	59	0	5271
9574	11	19	137	5167	0	5334
9575	14	17	5049	145	0	5225
9576	11	23	136	5129	0	5299
9577	7	24	43	5140	0	5214
9578	9	7	28	5346	0	5390
9579	5077	11	18	200	0	5306
9580	126	8	15	5147	0	5296
9581	39	13	10	5160	0	5222
9582	27	4907	15	183	0	5132
9583	15	129	5	5219	0	5368
9584	10	45	4878	184	0	5117
9585	16	23	120	5112	0	5271
9586	17	14	38	5276	0	5345
9587	4770	14	35	202	0	5021
9588	131	22	15	4913	0	5081
9589	37	15	15	4880	0	4947
9590	28	10	19	4937	0	4994
9591	4453	9	22	220	0	4704
9592	121	4500	12	116	0	4749
9593	41	126	12	4691	0	4870
9594	27	45	12	4804	0	4888
9595	17	29	4435	222	0	4703
9596	12	24	126	4617	0	4779
9597	4279	10	43	216	0	4548
9598	137	4303	29	104	0	4573
9599	52	137	17	4326	0	4532
9600	29	54	11	4449	0	4543
9601	29	40	4078	215	0	4362
9602	4010	18	128	118	0	4274
9603	136	4050	47	92	0	4325
9604	4080	138	26	62	0	4306
9605	149	52	14	4137	0	4352
9606	54	40	21	4222	0	4337
9607	30	21	24	4268	0	4343
9608	25	18	17	4309	0	4369
9609	4079	22	12	228	0	4341
9610	147	31	17	3966	0	4161
9611	58	3804	13	213	0	4088
9612	30	134	13	3987	0	4164
9613	26	51	23	4102	0	4202
9614	3848	27	15	229	0	4119
9615	142	3783	25	113	0	4063
9616	65	133	9	3974	0	4181
9617	3859	55	16	196	0	4126
9618	3959	34	11	110	0	4114
9619	167	16	12	3964	0	4159
9620	76	22	3705	204	0	4007
9621	3827	23	113	99	0	4062
9622	154	19	33	3933	0	4139
9623	67	28	3792	200	0	4087
9624	50	12	127	4005	0	4194
9625	30	24	47	4085	0	4186
9626	35	9	31	4069	0	4144
9627	37	3916	22	235	0	4210
9628	36	134	17	4150	0	4337
9629	28	49	14	4137	0	4228
9630	25	29	14	4153	0	4221
9631	28	23	16	4129	0	4196
9632	35	17	20	4070	0	4142
9633	28	33	10	4116	0	4187
9634	3614	25	13	236	0	3888
9635	144	14	3391	132	0	3681
9636	55	3349	113	105	0	3622
9637	3409	113	41	78	0	3641
9638	114	3403	27	85	0	3629
9639	3407	131	20	67	0	3625
9640	162	48	22	3399	0	3631
9641	3432	29	20	167	0	3648
9642	136	26	20	3440	0	3622
9643	64	16	12	3373	0	3465
9644	42	3329	10	194	0	3575
9645	3407	114	13	103	0	3637
9646	131	47	3352	92	0	3622
9647	52	25	101	3514	0	3692
9648	50	19	3441	169	0	3679
9649	39	17	3447	96	0	3599
9650	3428	27	141	80	0	3676
9651	132	25	51	3516	0	3724
9652	67	16	3417	160	0	3660
9653	47	17	3500	90	0	3654
9654	34	9	130	3531	0	3704
9655	29	12	53	3710	0	3804
9656	3599	18	36	169	0	3822
9657	136	11	23	3642	0	3812
9658	56	18	3586	174	0	3834
9659	45	16	100	3735	0	3896
9660	28	42	43	3690	0	3803
9661	29	3666	34	175	0	3904
9662	3532	93	25	94	0	3744
9663	101	3477	14	76	0	3668
9664	2709	42	7	33	0	2791
9665	31	2002	1	18	0	2052
9666	5	1905	5	9	0	1924
9667	10	29	15	1904	0	1958
9668	2	5	3	1909	0	1919
9669	3	10	1	1884	0	1898
9670	1814	0	1	20	0	1835
9671	16	3	1799	4	0	1822
9672	2	7	11	1746	0	1766
9673	1714	2	2	16	0	1734
9674	13	1719	0	5	0	1737
9675	3	1748	1	7	0	1759
9676	3	11	3	1765	0	1782
9677	1	2	1	1775	0	1779
9678	3	1	1	1764	0	1769
9679	3	1785	1	16	0	1805
9680	1	12	2	1825	0	1840
9681	5	5	1817	14	0	1841
9682	3	2	1708	3	0	1716
9683	1721	3	6	1	0	1731
9684	5	0	1	1810	0	1816
9685	1833	1	0	6	0	1840
9686	1813	0	0	3	0	1816
9687	4	1825	1	1	0	1831
9688	1871	4	0	3	0	1878
9689	1918	1	1	2	0	1922
9690	6	1	2	1916	0	1925
9691	2	0	1	1962	0	1965
9692	1	2	2029	8	0	2040
9693	2	2069	5	4	0	2080
9694	2	2	1	2125	0	2130
9695	0	2	1	2159	0	2162
9696	2182	1	0	3	0	2186
9697	4	2	0	2169	0	2175
9698	2240	1	0	4	0	2245
9699	6	4	0	2280	0	2290
9700	1	2299	2	9	0	2311
9701	2452	11	0	4	0	2467
9702	11	2	0	2696	0	2709
9703	3	0	0	3059	0	3062
9704	1	2	0	3296	0	3299
9705	4	3	3220	64	0	3291
9706	2	0	44	3311	0	3357
9707	3373	1	16	63	0	3453
9708	53	3	6	3539	0	3601
9709	18	0	3	3949	0	3970
9710	8	3	3	3994	0	4008
9711	6	3855	4	113	0	3978
9712	3	4048	2	40	0	4093
9713	4024	106	2	19	0	4151
9714	88	4031	9	19	0	4147
9715	4076	91	2	11	0	4180
9716	4093	31	0	10	0	4134
9717	4158	12	0	13	0	4183
9718	123	12	4007	10	0	4152
9719	42	4082	78	4	0	4206
9720	4218	99	20	5	0	4342
9721	106	30	8	4238	0	4382
9722	37	15	2	4309	0	4363
9723	22	12	3	4295	0	4332
9724	17	4085	4	132	0	4238
9725	16	86	7	4182	0	4291
9726	4167	31	6	114	0	4318
9727	102	14	2	4144	0	4262
9728	37	8	3	4236	0	4284
9729	16	3	4061	140	0	4220
9730	12	9	4186	52	0	4259
9731	5	11	107	4212	0	4335
9732	11	10	35	4286	0	4342
9733	11	4231	12	135	0	4389
9734	11	87	8	4326	0	4432
9735	10	27	7	4390	0	4434
9736	13	16	6	4416	0	4451
9737	4295	10	9	145	0	4459
9738	102	9	4283	52	0	4446
9739	32	14	91	4400	0	4537
9740	4424	12	26	116	0	4578
9741	4435	10	9	50	0	4504
9742	123	8	9	4367	0	4507
9743	44	9	6	4474	0	4533
9744	4316	13	4	141	0	4474
9745	111	4261	8	52	0	4432
9746	42	4313	9	31	0	4395
9747	28	122	5	4309	0	4464
9748	4295	32	3	113	0	4443
9749	4385	18	3	45	0	4451
9750	4396	8	13	34	0	4451
9751	132	12	4318	34	0	4496
9752	4179	13	93	24	0	4309
9753	123	16	4242	24	0	4405
9754	4181	10	96	38	0	4325
9755	111	4119	36	33	0	4299
9756	46	93	4166	26	0	4331
9757	33	33	96	4125	0	4287
9758	28	16	4136	112	0	4292
9759	17	13	103	4063	0	4196
9760	4065	8	33	123	0	4229
9761	119	14	4061	44	0	4238
9762	43	12	101	4081	0	4237
9763	25	4313	42	113	0	4493
9764	27	93	19	4476	0	4615
9765	20	35	20	4477	0	4552
9766	18	23	15	4506	0	4562
9767	4430	14	9	153	0	4606
9768	4499	8	11	64	0	4582
9769	136	9	9	4479	0	4633
9770	48	14	4379	126	0	4567
9771	33	15	4409	52	0	4509
9772	31	10	118	4473	0	4632
9773	27	10	4688	123	0	4848
9774	24	10	99	4708	0	4841
9775	24	13	37	4735	0	4809
9776	24	3	19	4849	0	4895
9777	24	4587	27	142	0	4780
9778	16	4834	19	63	0	4932
9779	16	107	18	4871	0	5012
9780	19	41	16	4905	0	4981
9781	21	19	19	4909	0	4968
9782	4812	12	13	157	0	4994
9783	111	15	4824	69	0	5019
9784	40	13	99	4897	0	5049
9785	4898	11	39	124	0	5072
9786	107	4874	27	71	0	5079
9787	46	90	10	5032	0	5178
9788	28	33	13	5135	0	5209
9789	18	11	17	5064	0	5110
9790	13	13	12	5074	0	5112
9791	19	10	4904	165	0	5098
9792	4705	7	94	78	0	4884
9793	4906	10	34	50	0	5000
9794	133	16	4780	48	0	4977
9795	4780	8	102	42	0	4932
9796	4877	17	34	33	0	4961
9797	137	8	4930	38	0	5113
9798	48	5090	106	42	0	5286
9799	31	111	39	5151	0	5332
9800	31	27	5303	101	0	5462
9801	24	5165	94	50	0	5333
9802	24	73	5047	38	0	5182
9803	14	4668	77	22	0	4781
9804	18	61	38	4564	0	4681
9805	15	17	4605	57	0	4694
9806	6	12	55	4527	0	4600
9807	14	4	4716	54	0	4788
9808	12	4514	41	22	0	4589
9809	4314	10	8	8	0	4340
9810	8	4241	5	6	0	4260
9811	4	4620	7	23	0	4654
9812	34	10	8	4812	0	4864
9813	1	6	5	4793	0	4805
9814	2	4	2	4791	0	4799
9815	1	3	2	4782	0	4788
9816	2	1	2	4869	0	4874
9817	4	0	5325	17	0	5346
9818	1	1	10	5249	0	5261
9819	0	0	3	5455	0	5458
9820	5597	2	2	16	0	5617
9821	5645	1	2	6	0	5654
9822	5690	1	1	5	0	5697
9823	18	3	1	5712	0	5734
9824	6327	1	2	22	0	6352
9825	6897	0	1	6	0	6904
9826	6993	1	1	5	0	7000
9827	48	1	7000	3	0	7052
9828	6916	4	40	2	0	6962
9829	7273	0	7	4	0	7284
9830	7352	0	8	5	0	7365
9831	51	2	8	7331	0	7392
9832	20	3	7434	46	0	7503
9833	20	2	40	7354	0	7416
9834	7857	0	5	50	0	7912
9835	46	1	6	8093	0	8146
9836	8	8605	9	51	0	8673
9837	7	41	1	9149	0	9198
9838	9163	4	3	56	0	9226
9839	9282	5	2	19	0	9308
9840	9197	7	3	13	0	9220
9841	63	4	9608	13	0	9688
9842	24	4	53	9418	0	9499
9843	14	1	9	9997	0	10021
9844	14	5	10097	71	0	10187
9845	5	9536	66	26	0	9633
9846	7	56	10082	19	0	10164
9847	8	8	54	10044	0	10114
9848	10305	5	18	62	0	10390
9849	61	8	10774	17	0	10860
9850	13	2	61	10802	0	10878
9851	11	5	11007	64	0	11087
9852	10744	3	64	13	0	10824
9853	61	6	17	11191	0	11275
9854	17	5	11843	68	0	11933
9855	11	4	60	11774	0	11849
9856	13	1	12157	71	0	12242
9857	8	12060	67	35	0	12170
9858	9	59	17	12583	0	12668
9859	12802	13	11	71	0	12897
9860	61	10	13	12760	0	12844
9861	16	8	4	12701	0	12729
9862	12738	1	8	83	0	12830
9863	74	12090	15	22	0	12201
9864	17	12531	3	26	0	12577
9865	15	66	3	12770	0	12854
9866	14	12574	12	73	0	12673
9867	10	66	3	12884	0	12963
9868	9	17	6	12883	0	12915
9869	12970	9	6	78	0	13063
9870	67	12540	14	34	0	12655
9871	29	64	12759	27	0	12879
9872	15	12903	57	26	0	13001
9873	13274	65	10	13	0	13362
9874	13455	19	12	15	0	13501
9875	82	10	12	13305	0	13409
9876	13673	14	4	69	0	13760
9877	89	4	5	13562	0	13660
9878	13747	4	3	82	0	13836
9879	13932	6	8	29	0	13975
9880	97	6	6	14320	0	14429
9881	14576	5	9	77	0	14667
9882	86	12	14464	25	0	14587
9883	14306	6	65	23	0	14400
9884	85	5	24	14609	0	14723
9885	14860	8	13	83	0	14964
9886	86	14906	22	46	0	15060
9887	33	67	15	15318	0	15433
9888	35	20	7	15340	0	15402
9889	15421	15	10	92	0	15538
9890	81	23	15342	47	0	15493
9891	45	14933	66	37	0	15081
9892	27	60	33	15678	0	15798
9893	37	15523	19	87	0	15666
9894	24	70	19	16127	0	16240
9895	38	25	11	15934	0	16008
9896	19	17	14	16136	0	16186
9897	16088	13	10	109	0	16220
9898	79	12	7	15791	0	15889
9899	15970	10	12	105	0	16097
9900	15845	13	12	49	0	15919
9901	96	14	14	15918	0	16042
9902	15984	7	8	106	0	16105
9903	15675	16	15	44	0	15750
9904	96	13	15803	37	0	15949
9905	40	15	66	15424	0	15545
9906	16104	11	26	96	0	16237
9907	95	15586	22	36	0	15739
9908	16328	69	14	40	0	16451
9909	16280	15	14	36	0	16345
9910	122	17	15822	24	0	15985
9911	34	26	80	15200	0	15340
9912	16908	12	19	93	0	17032
9913	108	12	14	17151	0	17285
9914	52	16	22	17932	0	18022
9915	36	7	10	18275	0	18328
9916	31	8	12	19263	0	19314
9917	19277	10	11	194	0	19492
9918	201	21	19700	73	0	19995
9919	73	16	177	20659	0	20925
9920	34	18	22898	221	0	23171
9921	48	30	23855	83	0	24016
9922	23787	5	540	59	0	24391
9923	466	24	25045	50	0	25585
9924	203	24194	508	54	0	24959
9925	25146	430	232	36	0	25844
9926	25355	180	73	42	0	25650
9927	636	56	25	24760	0	25477
9928	257	27	24987	449	0	25720
9929	105	44	24515	207	0	24871
9930	24920	14	652	74	0	25660
9931	482	21	253	25737	0	26493
9932	25849	9	85	489	0	26432
9933	530	25804	65	231	0	26630
9934	26231	460	47	85	0	26823
9935	26150	193	45	42	0	26430
9936	687	25117	47	54	0	25905
9937	283	474	30	25489	0	26276
9938	25437	203	38	498	0	26176
9939	549	88	24787	214	0	25638
9940	257	24953	502	108	0	25820
9941	124	471	232	25057	0	25884
9942	24955	182	119	507	0	25763
9943	524	24838	80	255	0	25697
9944	25317	491	77	114	0	25999
9945	631	248	24629	66	0	25574
9946	24742	105	518	73	0	25438
9947	638	70	24918	58	0	25684
9948	24700	48	561	67	0	25376
9949	24603	34	270	65	0	24972
9950	761	69	23696	61	0	24587
9951	352	23732	541	90	0	24715
9952	183	503	248	23998	0	24932
9953	149	237	23825	537	0	24748
9954	136	23153	558	266	0	24113
9955	141	526	258	23393	0	24318
9956	155	242	128	23800	0	24325
9957	132	136	22924	726	0	23918
9958	163	81	549	22624	0	23417
9959	144	58	297	23336	0	23835
9960	142	71	22616	756	0	23585
9961	128	88	591	22218	0	23025
9962	148	22550	326	625	0	23649
9963	23120	549	176	302	0	24147
9964	617	265	172	22576	0	23630
9965	347	22888	178	594	0	24007
9966	223	582	160	21757	0	22722
9967	219	23082	178	587	0	24066
9968	226	629	22456	239	0	23550
9969	195	22961	607	199	0	23962
9970	23060	624	314	152	0	24150
9971	23133	276	220	146	0	23775
9972	23289	195	163	144	0	23791
9973	912	119	22699	163	0	23893
9974	448	137	22534	150	0	23269
9975	280	22656	828	168	0	23932
9976	234	627	362	21904	0	23127
9977	251	23100	214	586	0	24151
9978	251	728	173	20753	0	21905
9979	236	22961	167	578	0	23942
9980	22940	685	156	310	0	24091
9981	24686	361	143	212	0	25402
9982	1001	222	158	25307	0	26688
9983	510	179	24661	768	0	26118
9984	24630	171	748	380	0	25929
9985	855	25087	366	275	0	26583
9986	479	765	233	24590	0	26067
9987	356	376	189	24326	0	25247
9988	273	24836	183	947	0	26239
9989	25028	797	211	438	0	26474
9990	887	426	24367	226	0	25906
9991	525	269	748	24626	0	26168
9992	24655	199	390	818	0	26062
9993	24512	207	273	388	0	25380
9994	1120	24088	191	276	0	25675
9995	535	795	236	23547	0	25113
9996	339	24292	205	817	0	25653
9997	24554	884	212	441	0	26091
9998	865	424	24238	321	0	25848
9999	453	327	24412	237	0	25429
10000	317	226	991	23719	0	25253
10001	226	223	475	23694	0	24618
10002	228	23989	293	1023	0	25533
10003	257	804	233	24469	0	25763
10004	252	377	23643	963	0	25235
10005	23564	291	826	485	0	25166
10006	822	205	395	24099	0	25521
10007	434	238	23309	894	0	24875
10008	307	231	767	23685	0	24990
10009	191	210	402	23399	0	24202
10010	194	23382	264	1045	0	24885
10011	218	804	209	23317	0	24548
10012	190	435	182	22902	0	23709
10013	200	263	203	22829	0	23495
10014	20715	168	176	1154	0	22213
10015	804	20274	155	557	0	21790
10016	371	20023	159	328	0	20881
10017	18935	802	139	241	0	20117
10018	18024	368	155	228	0	18775
10019	818	17007	159	171	0	18155
10020	292	14696	79	130	0	15197
10021	12333	374	70	74	0	12851
10022	343	12250	55	87	0	12735
10023	118	11952	35	87	0	12192
10024	11479	350	156	67	0	12052
10025	289	11439	33	72	0	11833
10026	11320	332	45	68	0	11765
10027	11302	139	43	73	0	11557
10028	11226	124	23	67	0	11440
10029	376	10938	44	68	0	11426
10030	162	10899	38	60	0	11159
10031	143	302	26	10399	0	10870
10032	103	10668	30	262	0	11063
10033	109	305	22	10571	0	11007
10034	10421	130	31	297	0	10879
10035	263	109	36	10221	0	10629
10036	116	10068	42	306	0	10532
10037	9925	259	27	131	0	10342
10038	271	9872	32	110	0	10285
10039	128	10116	18	94	0	10356
10040	110	350	20	9679	0	10159
10041	91	9826	25	250	0	10192
10042	9853	306	44	98	0	10301
10043	266	136	9515	90	0	10007
10044	115	9495	215	94	0	9919
10045	104	257	89	9601	0	10051
10046	94	133	9506	257	0	9990
10047	83	121	222	9517	0	9943
10048	63	102	97	9723	0	9985
10049	73	86	81	9739	0	9979
10050	73	79	64	9762	0	9978
10051	80	75	9346	371	0	9872
10052	54	9282	236	222	0	9794
10053	9371	233	100	210	0	9914
10054	241	124	9191	149	0	9705
10055	9206	111	226	140	0	9683
10056	290	89	9310	118	0	9807
10057	131	93	263	9313	0	9800
10058	147	78	9255	277	0	9757
10059	120	74	9490	125	0	9809
10060	94	87	304	9324	0	9809
10061	76	78	152	9414	0	9720
10062	70	81	113	9588	0	9852
10063	66	82	79	9486	0	9713
10064	9216	80	70	377	0	9743
10065	238	65	9078	221	0	9602
10066	9060	75	214	172	0	9521
10067	9158	64	87	147	0	9456
10068	9169	75	80	122	0	9446
10069	9166	86	61	92	0	9405
10070	9207	63	56	92	0	9418
10071	393	66	41	8917	0	9417
10072	229	65	8653	263	0	9210
10073	169	73	8480	131	0	8853
10074	130	8502	226	126	0	8984
10075	8249	219	114	123	0	8705
10076	244	142	77	8124	0	8587
10077	117	175	52	8084	0	8428
10078	124	7994	43	249	0	8410
10079	108	8011	46	159	0	8324
10080	108	7697	33	108	0	7946
10081	5891	194	48	53	0	6186
10082	76	115	31	4638	0	4860
10083	22	4569	18	51	0	4660
10084	20	49	5	4636	0	4710
10085	15	22	4609	60	0	4706
10086	15	15	4776	24	0	4830
10087	16	22	53	5139	0	5230
10088	5370	21	20	62	0	5473
10089	5639	14	10	28	0	5691
10090	5707	10	6	21	0	5744
10091	103	15	5676	16	0	5810
10092	34	21	76	5624	0	5755
10093	23	19	25	5838	0	5905
10094	14	17	5700	97	0	5828
10095	5487	11	84	41	0	5623
10096	86	13	5739	31	0	5869
10097	31	20	5686	16	0	5753
10098	19	10	5764	22	0	5815
10099	17	8	103	5597	0	5725
10100	8	10	34	5747	0	5799
10101	15	9	5808	105	0	5937
10102	12	5	87	5846	0	5950
10103	5916	10	29	92	0	6047
10104	84	7	31	6031	0	6153
10105	26	10	6145	99	0	6280
10106	27	6	6515	42	0	6590
10107	14	8	109	6427	0	6558
10108	6732	12	36	98	0	6878
10109	105	6956	32	47	0	7140
10110	7214	93	26	36	0	7369
10111	7301	27	33	28	0	7389
10112	129	10	7397	31	0	7567
10113	48	4	110	7399	0	7561
10114	7500	4	57	121	0	7682
10115	7463	5	44	44	0	7556
10116	131	7402	34	38	0	7605
10117	63	91	28	7500	0	7682
10118	36	24	30	7645	0	7735
10119	27	13	7442	147	0	7629
10120	33	8	111	7368	0	7520
10121	35	4	7418	135	0	7592
10122	35	8	7358	51	0	7452
10123	30	7	132	7209	0	7378
10124	7208	5	58	116	0	7387
10125	112	6912	42	69	0	7135
10126	7023	89	35	36	0	7183
10127	7030	25	25	41	0	7121
10128	122	6972	32	38	0	7164
10129	49	90	29	6830	0	6998
10130	6821	31	26	100	0	6978
10131	116	6784	23	40	0	6963
10132	6799	84	19	32	0	6934
10133	103	6627	24	24	0	6778
10134	47	94	23	6525	0	6689
10135	45	22	12	6687	0	6766
10136	6562	18	19	105	0	6704
10137	6528	18	21	43	0	6610
10138	109	6535	20	59	0	6723
10139	38	84	6453	31	0	6606
10140	26	27	6460	33	0	6546
10141	23	23	112	6283	0	6441
10142	24	6485	46	92	0	6647
10143	25	82	33	6647	0	6787
10144	26	29	28	6748	0	6831
10145	29	19	23	6819	0	6890
10146	25	22	6681	120	0	6848
10147	33	23	6711	54	0	6821
10148	25	6746	108	43	0	6922
10149	26	87	38	6853	0	7004
10150	31	31	25	7147	0	7234
10151	38	23	6981	115	0	7157
10152	6560	21	103	42	0	6726
10153	97	22	34	7093	0	7246
10154	39	17	7098	107	0	7261
10155	6945	20	98	45	0	7108
10156	95	7033	29	50	0	7207
10157	51	89	7416	32	0	7588
10158	40	32	106	7397	0	7575
10159	7450	27	37	112	0	7626
10160	105	17	7572	58	0	7752
10161	42	16	108	7583	0	7749
10162	34	27	37	7810	0	7908
10163	28	20	34	8171	0	8253
10164	8228	17	21	149	0	8415
10165	106	7994	32	80	0	8212
10166	40	104	33	8166	0	8343
10167	36	31	8193	132	0	8392
10168	28	31	125	8055	0	8239
10169	17	8109	49	139	0	8314
10170	27	8399	27	66	0	8519
10171	8359	132	25	52	0	8568
10172	8438	41	23	45	0	8547
10173	146	34	8310	33	0	8523
10174	8155	20	116	35	0	8326
10175	116	8201	44	43	0	8404
10176	8340	113	33	33	0	8519
10177	120	42	22	8308	0	8492
10178	59	33	8456	118	0	8666
10179	33	26	125	8399	0	8583
10180	37	20	8390	138	0	8585
10181	8175	18	112	66	0	8371
10182	112	19	39	8479	0	8649
10183	47	8545	24	131	0	8747
10184	30	126	27	8694	0	8877
10185	33	45	8549	129	0	8756
10186	21	8400	108	67	0	8596
10187	8006	97	43	32	0	8178
10188	87	7719	22	28	0	7856
10189	27	7602	20	19	0	7668
10190	28	96	10	7516	0	7650
10191	13	7554	15	68	0	7650
10192	11	73	21	7697	0	7802
10193	26	29	7610	77	0	7742
10194	7158	24	65	27	0	7274
10195	7496	22	29	16	0	7563
10196	84	14	7494	19	0	7611
10197	7280	11	63	14	0	7368
10198	75	7336	31	9	0	7451
10199	7491	62	11	17	0	7581
10200	70	26	11	7416	0	7523
10201	30	15	7500	77	0	7622
10202	14	7687	64	30	0	7795
10203	23	76	32	7703	0	7834
10204	9	28	17	7768	0	7822
10205	7521	13	8	78	0	7620
10206	7114	10	7	30	0	7161
10207	70	7064	15	21	0	7170
10208	25	6781	7	18	0	6831
10209	12	6665	4	16	0	6697
10210	34	53	15	6677	0	6779
10211	6662	18	27	41	0	6748
10212	6515	16	4	16	0	6551
10213	52	11	5	6476	0	6544
10214	16	3	6	6522	0	6547
10215	6479	7	4	60	0	6550
10216	48	5	8	6619	0	6680
10217	18	11	6774	47	0	6850
10218	6802	10	35	20	0	6867
10219	6906	10	9	12	0	6937
10220	53	7	7081	13	0	7154
10221	7313	10	34	12	0	7369
10222	50	8	17	7593	0	7668
10223	25	2	11	7579	0	7617
10224	8	6	11	7666	0	7691
10225	7599	6	3	65	0	7673
10226	43	7769	6	32	0	7850
10227	20	42	6	8003	0	8071
10228	17	7767	9	52	0	7845
10229	7964	43	8	19	0	8034
10230	48	22	8	8020	0	8098
10231	23	13	6	8262	0	8304
10232	19	8181	8	65	0	8273
10233	16	52	8232	28	0	8328
10234	10	17	45	8361	0	8433
10235	8446	13	17	62	0	8538
10236	9075	10	10	22	0	9117
10237	108	14	9497	14	0	9633
10238	50	8	97	9714	0	9869
10239	15	9810	46	107	0	9978
10240	13	110	18	10283	0	10424
10241	10197	47	11	136	0	10391
10242	10241	22	11	61	0	10335
10243	163	11	8	10097	0	10279
10244	71	9793	15	122	0	10001
10245	10862	110	4	55	0	11031
10246	120	50	3	11143	0	11316
10247	11281	21	7	138	0	11447
10248	11926	13	10	61	0	12010
10249	171	12	3	11926	0	12112
10250	77	14	7	11908	0	12006
10251	32	12	7	12232	0	12283
10252	25	11941	5	206	0	12177
10253	24	130	4	12339	0	12497
10254	16	53	3	12329	0	12401
10255	25	35	11844	186	0	12090
10256	24	20	11646	77	0	11767
10257	8	11	155	11652	0	11826
10258	11654	11	58	142	0	11865
10259	135	11468	23	79	0	11705
10260	11526	124	14	44	0	11708
10261	161	52	11594	28	0	11835
10262	66	31	11318	21	0	11436
10263	28	11311	157	28	0	11524
10264	29	134	72	11842	0	12077
10265	26	47	11847	124	0	12044
10266	13	35	12282	52	0	12382
10267	13	19	148	12266	0	12446
10268	12420	6	56	129	0	12611
10269	12360	6	34	59	0	12459
10270	147	16	14	12278	0	12455
10271	72	14	13579	129	0	13794
10272	35	9	109	13857	0	14010
10273	24	11	53	13902	0	13990
10274	15	13833	38	154	0	14040
10275	14121	106	15	70	0	14312
10276	14093	41	24	31	0	14189
10277	145	13994	20	40	0	14199
10278	73	112	16	13940	0	14141
10279	34	13993	24	135	0	14186
10280	14334	119	17	58	0	14528
10281	133	58	13924	38	0	14153
10282	59	51	13669	25	0	13804
10283	44	27	13761	21	0	13853
10284	28	10	168	13836	0	14042
10285	15	8	61	14017	0	14101
10286	14036	10	29	156	0	14231
10287	120	12	13	13938	0	14083
10288	53	15	15	14372	0	14455
10289	39	14	15024	161	0	15238
10290	23	27	14443	80	0	14573
10291	14653	14	150	40	0	14857
10292	118	14671	69	39	0	14897
10293	15295	117	25	27	0	15464
10294	134	43	18	15164	0	15359
10295	56	28	18	15199	0	15301
10296	44	14923	21	163	0	15151
10297	30	117	12	15276	0	15435
10298	15115	44	23	146	0	15328
10299	123	28	19	15167	0	15337
10300	66	30	15098	152	0	15346
10301	44	14584	125	86	0	14839
10302	14958	118	45	49	0	15170
10303	15155	45	28	39	0	15267
10304	15090	29	20	45	0	15184
10305	15192	15	18	40	0	15265
10306	186	20	10	14958	0	15174
10307	75	16	17	15232	0	15340
10308	51	23	15102	184	0	15360
10309	42	12	112	15016	0	15182
10310	37	20	14985	157	0	15199
10311	29	18	119	15016	0	15182
10312	15070	15	40	168	0	15293
10313	118	15360	41	98	0	15617
10314	61	114	22	15778	0	15975
10315	39	51	18	16041	0	16149
10316	15831	32	26	162	0	16051
10317	15263	16	33	94	0	15406
10318	168	21	15340	61	0	15590
10319	77	15081	131	59	0	15348
10320	35	121	60	15390	0	15606
10321	30	54	31	15380	0	15495
10322	15189	24	28	178	0	15419
10323	15026	8	41	91	0	15166
10324	173	21	15156	51	0	15401
10325	81	22	14981	44	0	15128
10326	43	21	155	14778	0	14997
10327	30	18	75	15141	0	15264
10328	35	15	14920	172	0	15142
10329	14464	17	131	87	0	14699
10330	148	11	55	15030	0	15244
10331	14946	14	44	140	0	15144
10332	143	14644	35	94	0	14916
10333	16167	124	26	56	0	16373
10334	217	64	17752	55	0	18088
10335	81	17593	201	70	0	17945
10336	38	17954	62	43	0	18097
10337	17553	169	118	19	0	17859
10338	17403	47	21	17	0	17488
10339	175	26	7	17121	0	17329
10340	52	17014	20	141	0	17227
10341	24	17556	9	62	0	17651
10342	21	178	5	17845	0	18049
10343	17822	54	8	162	0	18046
10344	17961	23	9	44	0	18037
10345	188	32	16815	24	0	17059
10346	16578	9	135	11	0	16733
10347	157	17281	36	18	0	17492
10348	17739	178	25	7	0	17949
10349	253	20161	22	21	0	20457
10350	55	21729	29	12	0	21825
10351	71	462	10	23661	0	24204
10352	24880	173	21	472	0	25546
10353	25379	82	12	175	0	25648
10354	665	67	24479	93	0	25304
10355	266	34	472	24928	0	25700
10356	25090	23	156	533	0	25802
10357	563	14	85	25338	0	26000
10358	25416	15	36	605	0	26072
10359	25655	22	42	212	0	25931
10360	729	38	24950	144	0	25861
10361	317	32	494	24697	0	25540
10362	175	25	154	25386	0	25740
10363	116	25	94	25510	0	25745
10364	106	33	24106	777	0	25022
10365	77	29	521	24430	0	25057
10366	69	25	179	23717	0	23990
10367	62	23559	119	713	0	24453
10368	98	525	22818	291	0	23732
10369	46	23770	502	232	0	24550
10370	23853	602	168	115	0	24738
10371	555	215	108	22272	0	23150
10372	226	164	64	22018	0	22472
10373	150	22139	59	674	0	23022
10374	22247	547	39	288	0	23121
10375	22603	185	33	181	0	23002
10376	10257	12325	53	138	0	22773
10377	511	22113	44	122	0	22790
10378	22288	601	42	101	0	23032
10379	686	239	21557	88	0	22570
10380	287	165	21596	81	0	22129
10381	21419	98	639	82	0	22238
10382	584	21571	281	94	0	22530
10383	21957	547	160	84	0	22748
10384	655	224	21548	100	0	22527
10385	21725	141	531	108	0	22505
10386	665	22042	222	107	0	23036
10387	277	563	142	22282	0	23264
10388	231	216	81	22485	0	23013
10389	139	164	70	21751	0	22124
10390	143	101	54	21843	0	22141
10391	117	103	63	21374	0	21657
10392	141	20895	58	867	0	21961
10393	21167	543	57	396	0	22163
10394	616	209	20644	262	0	21731
10395	267	136	537	21170	0	22110
10396	207	111	20911	657	0	21886
10397	162	108	602	21171	0	22043
10398	151	70	253	21640	0	22114
10399	21066	87	175	787	0	22115
10400	617	93	20542	386	0	21638
10401	269	20474	579	281	0	21603
10402	199	548	238	20690	0	21675
10403	133	241	169	21380	0	21923
10404	147	179	20576	774	0	21676
10405	126	138	566	20874	0	21704
10406	140	125	211	21506	0	21982
10407	20300	85	154	851	0	21390
10408	576	20518	96	427	0	21617
10409	20736	576	92	298	0	21702
10410	21172	247	63	234	0	21716
10411	776	175	61	20704	0	21716
10412	396	133	20278	658	0	21465
10413	279	133	20300	308	0	21020
10414	227	82	702	20009	0	21020
10415	180	100	324	19740	0	20344
10416	137	19868	220	757	0	20982
10417	19906	569	150	375	0	21000
10418	613	19704	143	284	0	20744
10419	284	20252	124	228	0	20888
10420	19988	737	100	202	0	21027
10421	655	330	80	19745	0	20810
10422	320	20380	82	668	0	21450
10423	227	603	103	20751	0	21684
10424	155	267	19975	785	0	21182
10425	148	193	20139	416	0	20896
10426	125	128	696	20393	0	21342
10427	129	106	20257	757	0	21249
10428	120	81	666	20363	0	21230
10429	124	87	287	20637	0	21135
10430	93	94	220	21011	0	21418
10431	19720	97	137	926	0	20880
10432	584	19287	141	468	0	20480
10433	230	18758	96	340	0	19424
10434	16565	585	92	219	0	17461
10435	16741	267	95	188	0	17291
10436	608	177	71	15944	0	16800
10437	290	135	15698	539	0	16662
10438	187	110	428	16037	0	16762
10439	157	116	15881	589	0	16743
10440	127	15767	505	287	0	16686
10441	97	437	196	15995	0	16725
10442	15816	191	154	530	0	16691
10443	464	132	99	15994	0	16689
10444	219	102	15354	571	0	16246
10445	15304	86	442	277	0	16109
10446	520	72	15460	223	0	16275
10447	261	91	14994	139	0	15485
10448	158	14439	509	140	0	15246
10449	69	11539	162	81	0	11851
10450	88	10663	149	79	0	10979
10451	8019	221	347	146	0	8733
10452	7323	15	33	14	0	7385
10453	20	3	1	7533	0	7557
10454	5	3	1	7607	0	7616
10455	2	0	2	7903	0	7907
10456	2	7757	2	23	0	7784
10457	8052	17	1	5	0	8075
10458	22	7840	7	7	0	7876
10459	1	17	0	8123	0	8141
10460	8254	2	3	25	0	8284
10461	21	2	3	8219	0	8245
10462	4	4	3	8434	0	8445
10463	8591	3	4	28	0	8626
10464	8368	4	5	10	0	8387
10465	35	4	8529	5	0	8573
10466	12	9	8433	2	0	8456
10467	8	10	8863	2	0	8883
10468	3	4	32	8799	0	8838
10469	2	0	6	9089	0	9097
10470	1	9016	6	44	0	9067
10471	9490	27	2	14	0	9533
10472	31	7	1	9513	0	9552
10473	9	8	3	9679	0	9699
10474	6	9689	4	45	0	9744
10475	5	10366	6	22	0	10399
10476	3	40	2	10919	0	10964
10477	7	10	3	11830	0	11850
10478	11881	7	2	107	0	11997
10479	11791	6	3	30	0	11830
10480	110	5	1	11857	0	11973
10481	37	12	11771	105	0	11925
10482	23	14	11380	34	0	11451
10483	11	1	108	11740	0	11860
10484	12	4	35	11593	0	11644
10485	9	11377	23	123	0	11532
10486	11369	87	9	65	0	11530
10487	97	27	11	11390	0	11525
10488	26	24	11390	107	0	11547
10489	20	10	89	11627	0	11746
10490	16	12	11633	128	0	11789
10491	19	20	11787	38	0	11864
10492	11	17	110	11987	0	12125
10493	12161	5	35	124	0	12325
10494	106	6	12011	35	0	12158
10495	33	5	99	11878	0	12015
10496	28	15	12813	119	0	12975
10497	13	7	114	12758	0	12892
10498	11	10	30	12921	0	12972
10499	21	9	12860	132	0	13022
10500	21	14	12517	60	0	12612
10501	18	9	129	12050	0	12206
10502	15	6	48	12901	0	12970
10503	13	6	32	13046	0	13097
10504	9	5	24	12979	0	13017
10505	12909	5	26	150	0	13090
10506	12911	5	20	64	0	13000
10507	120	12591	27	64	0	12802
10508	13068	92	17	35	0	13212
10509	123	24	11	13118	0	13276
10510	13261	20	18	123	0	13422
10511	125	10	13036	48	0	13219
10512	13202	5	122	42	0	13371
10513	132	8	42	13506	0	13688
10514	45	8	29	14018	0	14100
10515	14002	5	24	165	0	14196
10516	141	5	25	15403	0	15574
10517	44	6	15985	233	0	16268
10518	16189	6	198	86	0	16479
10519	229	16329	65	81	0	16704
10520	63	201	37	17484	0	17785
10521	52	61	18506	290	0	18909
10522	32	36	284	18454	0	18806
10523	36	34	18260	374	0	18704
10524	32	19	319	18807	0	19177
10525	18	18679	94	374	0	19165
10526	32	294	54	19200	0	19580
10527	29	19443	44	376	0	19892
10528	39	370	28	19575	0	20012
10529	36	98	31	21860	0	22025
10530	36	64	22	21949	0	22071
10531	45	30	46	21931	0	22052
10532	50	20	36	22114	0	22220
10533	49	50	21003	544	0	21646
10534	32	20	380	21483	0	21915
10535	24	25	115	21878	0	22042
10536	21648	23	101	556	0	22328
10537	375	21225	62	249	0	21911
10538	21556	384	57	175	0	22172
10539	445	124	44	21579	0	22192
10540	136	112	20773	499	0	21520
10541	83	21083	378	238	0	21782
10542	20989	409	136	179	0	21713
10543	387	20866	99	170	0	21522
10544	110	21450	62	171	0	21793
10545	21185	473	51	171	0	21880
10546	414	163	50	21947	0	22574
10547	21780	104	54	530	0	22468
10548	476	54	53	21371	0	21954
10549	147	60	20978	601	0	21786
10550	104	71	20696	249	0	21120
10551	19977	52	507	200	0	20736
10552	21050	49	167	164	0	21430
10553	543	52	106	20382	0	21083
10554	202	55	80	20758	0	21095
10555	20052	61	74	589	0	20776
10556	467	19493	66	276	0	20302
10557	189	20008	60	204	0	20461
10558	19892	514	33	141	0	20580
10559	20056	189	52	122	0	20419
10560	576	19504	57	131	0	20268
10561	237	450	45	19748	0	20480
10562	178	164	19206	508	0	20056
10563	112	119	19303	215	0	19749
10564	18900	83	522	158	0	19663
10565	501	81	19141	144	0	19867
10566	200	77	473	18687	0	19437
10567	167	70	143	18563	0	18943
10568	117	18453	104	605	0	19279
10569	18508	432	71	255	0	19266
10570	495	150	67	18592	0	19304
10571	196	132	17794	518	0	18640
10572	170	17890	443	231	0	18734
10573	135	465	123	18052	0	18775
10574	131	166	17588	488	0	18373
10575	125	119	16939	215	0	17398
10576	82	16597	511	204	0	17394
10577	15751	379	196	113	0	16439
10578	387	15874	128	135	0	16524
10579	16045	423	101	104	0	16673
10580	432	159	15608	128	0	16327
10581	15449	105	369	126	0	16049
10582	421	15640	144	131	0	16336
10583	167	408	107	15693	0	16375
10584	134	131	94	16233	0	16592
10585	15965	109	102	518	0	16694
10586	412	102	15683	233	0	16430
10587	15769	86	400	200	0	16455
10588	16039	79	168	167	0	16453
10589	497	77	15336	141	0	16051
10590	205	102	15581	126	0	16014
10591	161	114	454	15210	0	15939
10592	15391	93	168	470	0	16122
10593	15487	103	116	209	0	15915
10594	499	15247	106	168	0	16020
10595	214	397	85	15588	0	16284
10596	170	163	77	15176	0	15586
10597	128	125	85	15168	0	15506
10598	143	86	66	15372	0	15667
10599	14935	89	100	559	0	15683
10600	468	62	92	15166	0	15788
10601	206	83	14609	508	0	15406
10602	222	73	14473	194	0	14962
10603	14332	80	481	153	0	15046
10604	471	14347	215	115	0	15148
10605	198	14890	138	145	0	15371
10606	192	460	98	14834	0	15584
10607	157	183	80	15161	0	15581
10608	147	112	79	15009	0	15347
10609	131	93	72	15189	0	15485
10610	120	89	14399	604	0	15212
10611	126	75	388	14507	0	15096
10612	116	46	144	14740	0	15046
10613	132	55	13661	558	0	14406
10614	12990	52	422	270	0	13734
10615	417	13312	180	259	0	14168
10616	11926	277	121	118	0	12442
10617	336	97	11089	107	0	11629
10618	144	61	10619	89	0	10913
10619	69	10248	288	106	0	10711
10620	9056	344	625	159	0	10184
10621	8311	70	98	68	0	8547
10622	8184	35	33	43	0	8295
10623	188	7886	33	58	0	8165
10624	7566	137	39	49	0	7791
10625	166	44	7411	39	0	7660
10626	67	7295	128	37	0	7527
10627	7011	118	61	38	0	7228
10628	120	7058	42	42	0	7262
10629	5632	108	38	22	0	5800
10630	5598	44	29	23	0	5694
10631	140	28	5586	25	0	5779
10632	60	5603	94	29	0	5786
10633	5578	90	47	14	0	5729
10634	120	33	5428	23	0	5604
10635	45	5433	96	28	0	5602
10636	44	80	38	5212	0	5374
10637	29	33	5127	86	0	5275
10638	26	28	5003	27	0	5084
10639	30	29	85	5031	0	5175
10640	4973	16	36	72	0	5097
10641	87	4937	24	42	0	5090
10642	41	67	4946	21	0	5075
10643	37	27	4912	10	0	4986
10644	4693	22	85	10	0	4810
10645	75	4873	33	11	0	4992
10646	4286	40	42	2	0	4370
10647	46	4297	11	5	0	4359
10648	4459	45	16	5	0	4525
10649	4406	12	6	7	0	4431
10650	56	4327	14	10	0	4407
10651	12	51	10	4437	0	4510
10652	4739	11	7	49	0	4806
10653	59	9	9	4793	0	4870
10654	14	9	14	5074	0	5111
10655	5039	7	7	75	0	5128
10656	69	5885	13	20	0	5987
10657	6082	125	12	8	0	6227
10658	144	40	6040	5	0	6229
10659	43	22	130	6107	0	6302
10660	28	16	37	6270	0	6351
10661	6172	14	20	162	0	6368
10662	6259	9	12	55	0	6335
10663	176	9	11	6199	0	6395
10664	63	10	6227	143	0	6443
10665	35	10	123	6297	0	6465
10666	18	13	34	6466	0	6531
10667	21	17	19	6470	0	6527
10668	24	6	10	6546	0	6586
10669	6370	12	16	193	0	6591
10670	145	13	6243	79	0	6480
10671	61	6252	123	45	0	6481
10672	36	131	34	6293	0	6494
10673	24	44	20	6574	0	6662
10674	38	20	6429	194	0	6681
10675	20	13	6439	71	0	6543
10676	12	17	162	6522	0	6713
10677	20	7	56	6597	0	6680
10678	23	8	6374	196	0	6601
10679	17	5	146	6472	0	6640
10680	6399	5	57	183	0	6644
10681	147	6564	34	84	0	6829
10682	64	145	6471	58	0	6738
10683	28	6521	158	42	0	6749
10684	28	151	51	6642	0	6872
10685	22	43	6605	184	0	6854
10686	30	6534	156	68	0	6788
10687	28	139	58	6647	0	6872
10688	32	56	6706	184	0	6978
10689	36	18	168	6675	0	6897
10690	16	16	74	6876	0	6982
10691	6748	21	44	227	0	7040
10692	157	13	21	6798	0	6989
10693	6764	19	29	220	0	7032
10694	6601	15	28	94	0	6738
10695	6610	18	43	89	0	6760
10696	220	23	39	6553	0	6835
10697	72	20	6392	207	0	6691
10698	48	18	6387	111	0	6564
10699	6480	11	196	89	0	6776
10700	174	27	6523	64	0	6788
10701	6355	16	183	68	0	6622
10702	180	6443	97	59	0	6779
10703	6614	151	62	66	0	6893
10704	182	44	6650	97	0	6973
10705	79	38	6926	81	0	7124
10706	63	23	204	7045	0	7335
10707	48	19	7268	229	0	7564
10708	40	35	7569	106	0	7750
10709	29	14	243	7874	0	8160
10710	47	21	107	8139	0	8314
10711	44	30	49	8303	0	8426
10712	43	8207	49	320	0	8619
10713	35	219	58	8102	0	8414
10714	36	8370	68	273	0	8747
10715	8369	238	58	121	0	8786
10716	8582	65	65	110	0	8822
10717	265	53	58	8247	0	8623
10718	121	8161	47	276	0	8605
10719	80	206	8340	135	0	8761
10720	8480	76	259	82	0	8897
10721	251	49	103	8575	0	8978
10722	99	30	80	8661	0	8870
10723	71	43	65	8859	0	9038
10724	8470	28	75	363	0	8936
10725	260	8292	61	163	0	8776
10726	127	8556	58	111	0	8852
10727	8133	278	70	85	0	8566
10728	242	8261	60	121	0	8684
10729	8297	269	71	82	0	8719
10730	8352	92	74	93	0	8611
10731	324	8191	66	96	0	8677
10732	137	236	73	8042	0	8488
10733	85	8147	67	290	0	8589
10734	59	249	79	8206	0	8593
10735	71	86	48	8618	0	8823
10736	8342	60	72	373	0	8847
10737	8626	49	72	171	0	8918
10738	325	47	48	8586	0	9006
10739	159	66	8278	297	0	8800
10740	8221	54	283	136	0	8694
10741	296	8227	105	113	0	8741
10742	129	261	66	8287	0	8743
10743	94	102	59	8505	0	8760
10744	70	78	74	8583	0	8805
10745	8090	63	56	383	0	8592
10746	8127	59	69	172	0	8427
10747	353	7760	57	129	0	8299
10748	147	7949	52	113	0	8261
10749	107	295	55	7791	0	8248
10750	81	156	49	7982	0	8268
10751	84	92	7657	347	0	8180
10752	74	69	246	7606	0	7995
10753	77	69	7407	328	0	7881
10754	88	38	7208	171	0	7505
10755	74	7034	282	149	0	7539
10756	38	147	52	6149	0	6386
10757	6156	39	28	156	0	6379
10758	160	33	7	6070	0	6270
10759	46	24	5967	181	0	6218
10760	5848	26	139	52	0	6065
10761	6026	19	35	41	0	6121
10762	190	18	5820	36	0	6064
10763	67	20	137	5972	0	6196
10764	5850	15	41	164	0	6070
10765	161	5888	33	68	0	6150
10766	5947	146	33	47	0	6173
10767	6144	42	22	49	0	6257
10768	184	35	27	6032	0	6278
10769	75	25	19	6290	0	6409
10770	6207	16	12	223	0	6458
10771	180	14	26	6241	0	6461
10772	61	13	6114	207	0	6395
10773	6020	21	155	57	0	6253
10774	6137	18	42	44	0	6241
10775	190	5974	26	41	0	6231
10776	56	6136	25	54	0	6271
10777	45	206	19	5967	0	6237
10778	47	6054	19	182	0	6302
10779	37	182	11	6111	0	6341
10780	6019	50	31	193	0	6293
10781	5903	32	15	67	0	6017
10782	195	5757	15	56	0	6023
10783	5706	164	15	43	0	5928
10784	185	5689	18	38	0	5930
10785	5699	168	11	45	0	5923
10786	5811	48	26	34	0	5919
10787	199	38	5526	32	0	5795
10788	5491	24	145	32	0	5692
10789	191	5441	38	25	0	5695
10790	61	5597	24	37	0	5719
10791	5526	174	19	37	0	5756
10792	175	62	8	5513	0	5758
10793	75	37	5437	175	0	5724
10794	62	37	133	5517	0	5749
10795	56	15	40	5678	0	5789
10796	33	27	5392	206	0	5658
10797	5276	25	148	62	0	5511
10798	180	5332	32	51	0	5595
10799	5255	147	21	30	0	5453
10800	177	45	19	5089	0	5330
10801	5049	27	18	162	0	5256
10802	177	4967	12	52	0	5208
10803	70	154	15	4977	0	5216
10804	4901	46	15	169	0	5131
10805	161	35	4549	50	0	4795
10806	51	23	4135	40	0	4249
10807	3910	34	139	40	0	4123
10808	133	3762	46	23	0	3964
10809	37	3307	23	20	0	3387
10810	87	101	49	3090	0	3327
10811	30	3110	12	84	0	3236
10812	28	95	20	3097	0	3240
10813	30	29	3	3165	0	3227
10814	27	25	13	3091	0	3156
10815	28	2978	12	102	0	3120
10816	21	76	15	2967	0	3079
10817	29	22	2841	96	0	2988
10818	22	2828	64	28	0	2942
10819	16	67	14	2584	0	2681
10820	20	2591	18	59	0	2688
10821	2611	65	11	28	0	2715
10822	2636	15	11	25	0	2687
10823	2633	16	15	18	0	2682
10824	82	2635	6	15	0	2738
10825	30	58	11	2569	0	2668
10826	34	18	2533	58	0	2643
10827	20	26	2538	18	0	2602
10828	2486	17	56	28	0	2587
10829	2515	15	19	25	0	2574
10830	67	13	12	2574	0	2666
10831	26	20	9	2645	0	2700
10832	30	10	2638	68	0	2746
10833	24	2624	52	24	0	2724
10834	10	2657	18	31	0	2716
10835	18	42	2477	20	0	2557
10836	18	31	47	2378	0	2474
10837	16	12	6	2310	0	2344
10838	9	13	8	2413	0	2443
10839	16	8	5	2420	0	2449
10840	2409	9	6	40	0	2464
10841	40	10	2346	14	0	2410
10842	2326	9	31	12	0	2378
10843	41	5	11	2352	0	2409
10844	2349	11	6	33	0	2399
10845	40	8	7	2365	0	2420
10846	18	6	2362	39	0	2425
10847	14	8	28	2391	0	2441
10848	11	9	2452	42	0	2514
10849	8	8	30	2441	0	2487
10850	10	7	2573	41	0	2631
10851	10	2555	28	11	0	2604
10852	10	23	11	2589	0	2633
10853	2	16	6	2596	0	2620
10854	7	2585	6	35	0	2633
10855	2733	27	7	21	0	2788
10856	30	13	5	2727	0	2775
10857	13	6	8	2700	0	2727
10858	2764	6	4	41	0	2815
10859	2808	8	7	13	0	2836
10860	2907	8	5	12	0	2932
10861	2923	5	2	20	0	2950
10862	43	9	2801	11	0	2864
10863	2806	5	27	11	0	2849
10864	2856	5	10	14	0	2885
10865	44	7	8	2709	0	2768
10866	11	8	6	2711	0	2736
10867	2614	2	4	34	0	2654
10868	31	2548	7	14	0	2600
10869	7	16	4	2473	0	2500
10870	4	6	2530	22	0	2562
10871	3	2469	19	11	0	2502
10872	2480	16	9	8	0	2513
10873	2484	7	3	2	0	2496
10874	2489	1	3	4	0	2497
10875	2515	2	1	3	0	2521
10876	24	1	2	2428	0	2455
10877	9	1	2392	20	0	2422
10878	5	2	2588	5	0	2600
10879	2	0	25	2731	0	2758
10880	2889	4	10	28	0	2931
10881	31	1	5	2900	0	2937
10882	7	4	2932	35	0	2978
10883	2970	0	36	8	0	3014
10884	2957	2	6	5	0	2970
10885	39	0	5	3019	0	3063
10886	14	0	3110	35	0	3159
10887	8	2	3272	7	0	3289
10888	3201	1	40	8	0	3250
10889	38	3197	12	1	0	3248
10890	9	35	3333	2	0	3379
10891	8	9	40	3324	0	3381
10892	3384	4	9	39	0	3436
10893	41	3272	6	11	0	3330
10894	6	3294	5	9	0	3314
10895	3354	41	5	2	0	3402
10896	43	11	3	3329	0	3386
10897	3543	5	2	42	0	3592
10898	44	4	4	3615	0	3667
10899	9	3	7	3667	0	3686
10900	11	2	3623	51	0	3687
10901	9	11	3514	15	0	3549
10902	7	6	3648	8	0	3669
10903	3	1	53	3641	0	3698
10904	3719	0	18	45	0	3782
10905	49	4	3685	13	0	3751
10906	11	6	45	3700	0	3762
10907	11	3	3739	51	0	3804
10908	5	3786	53	17	0	3861
10909	5	51	14	3912	0	3982
10910	6	10	5	3931	0	3952
10911	3	5	5	3963	0	3976
10912	3902	1	7	71	0	3981
10913	49	2	9	3887	0	3947
10914	14	4	11	3952	0	3981
10915	3927	4	3	64	0	3998
10916	54	4	3849	23	0	3930
10917	3861	3	52	10	0	3926
10918	3867	0	11	13	0	3891
10919	62	7	3825	12	0	3906
10920	3756	5	53	7	0	3821
10921	61	4	12	3852	0	3929
10922	18	2	3951	53	0	4024
10923	3965	1	50	22	0	4038
10924	4009	5	13	11	0	4038
10925	61	3	12	3981	0	4057
10926	25	1	2	4013	0	4041
10927	18	0	3	4023	0	4044
10928	3942	2	9	68	0	4021
10929	55	3944	8	23	0	4030
10930	3900	45	4	15	0	3964
10931	78	3724	10	10	0	3822
10932	22	3759	9	6	0	3796
10933	16	58	6	3798	0	3878
10934	5	14	9	3852	0	3880
10935	13	8	9	3813	0	3843
10936	15	3	5	3840	0	3863
10937	17	4	3723	73	0	3817
10938	3696	7	45	29	0	3777
10939	53	4	19	3792	0	3868
10940	24	5	3854	56	0	3939
10941	13	9	49	3840	0	3911
10942	9	3	16	3940	0	3968
10943	10	5	4175	74	0	4264
10944	12	3	51	4179	0	4245
10945	9	6	12	4268	0	4295
10946	4216	3	11	74	0	4304
10947	62	2	4237	30	0	4331
10948	4091	1	48	28	0	4168
10949	61	4294	18	17	0	4390
10950	4282	52	16	9	0	4359
10951	4213	15	5	14	0	4247
10952	68	13	13	4190	0	4284
10953	23	4	4169	63	0	4259
10954	13	4338	59	27	0	4437
10955	14	53	9	4265	0	4341
10956	6	4457	14	59	0	4536
10957	4502	61	8	18	0	4589
10958	66	15	4376	22	0	4479
10959	22	8	4382	12	0	4424
10960	14	11	68	4307	0	4400
10961	10	8	4478	71	0	4567
10962	7	5	65	4532	0	4609
10963	14	6	14	4610	0	4644
10964	4635	3	14	80	0	4732
10965	58	4651	15	30	0	4754
10966	19	61	6	4751	0	4837
10967	13	14	8	4823	0	4858
10968	7	8	12	4789	0	4816
10969	12	4731	4	82	0	4829
10970	13	4764	11	24	0	4812
10971	4692	67	14	17	0	4790
10972	4720	18	5	25	0	4768
10973	4711	6	6	19	0	4742
10974	70	6	4625	11	0	4712
10975	23	13	58	4619	0	4713
10976	18	5	4607	64	0	4694
10977	10	4558	59	25	0	4652
10978	4420	54	20	13	0	4507
10979	54	10	4310	13	0	4387
10980	14	10	40	4162	0	4226
10981	10	3	4292	43	0	4348
10982	4178	2	46	13	0	4239
10983	4369	2	10	11	0	4392
10984	4373	4	5	7	0	4389
10985	4283	1	3	7	0	4294
10986	52	4	4476	2	0	4534
10987	4250	3	30	2	0	4285
10988	4350	1	8	8	0	4367
10989	39	4245	5	7	0	4296
10990	4256	29	1	4	0	4290
10991	4332	8	2	4	0	4346
10992	42	5	3	4225	0	4275
10993	15	4420	3	30	0	4468
10994	4672	32	3	10	0	4717
10995	4975	10	3	9	0	4997
10996	61	3	5580	10	0	5654
10997	21	4	5654	2	0	5681
10998	10	6	5768	4	0	5788
10999	3	7	100	5737	0	5847
11000	5789	2	34	76	0	5901
11001	78	5712	22	38	0	5850
11002	5732	78	10	16	0	5836
11003	89	5773	2	10	0	5874
11004	5731	93	5	0	0	5829
11005	89	5729	3	7	0	5828
11006	24	5837	5	5	0	5871
11007	5745	93	6	5	0	5849
11008	67	5846	3	9	0	5925
11009	18	89	3	5908	0	6018
11010	26	25	5889	75	0	6015
11011	9	21	5912	19	0	5961
11012	8	8	88	5831	0	5935
11013	3	5	28	6046	0	6082
11014	2	9	5989	93	0	6093
11015	8	6	79	5914	0	6007
11016	7	5	19	6088	0	6119
11017	6044	2	22	98	0	6166
11018	79	6008	11	40	0	6138
11019	18	79	13	5916	0	6026
11020	15	6104	7	75	0	6201
11021	6194	94	6	22	0	6316
11022	75	6145	5	25	0	6250
11023	6206	91	4	12	0	6313
11024	6214	27	8	5	0	6254
11025	102	21	7	6126	0	6256
11026	35	12	3	6149	0	6199
11027	32	5	7	6232	0	6276
11028	13	13	7	6241	0	6274
11029	12	11	6018	120	0	6161
11030	5645	12	83	48	0	5788
11031	91	5989	26	34	0	6140
11032	24	82	23	6202	0	6331
11033	29	17	12	6245	0	6303
11034	21	6246	12	93	0	6372
11035	6269	85	9	43	0	6406
11036	87	6261	7	35	0	6390
11037	23	101	12	6413	0	6549
11038	30	27	4	6510	0	6571
11039	18	26	9	6513	0	6566
11040	24	18	7	6492	0	6541
11041	6418	14	13	117	0	6562
11042	87	11	6328	47	0	6473
11043	34	6	81	6156	0	6277
11044	34	13	25	6225	0	6297
11045	25	12	22	6262	0	6321
11046	21	10	21	6231	0	6283
11047	6070	11	13	126	0	6220
11048	103	19	5973	57	0	6152
11049	27	21	70	5831	0	5949
11050	33	5741	28	92	0	5894
11051	24	5948	18	30	0	6020
11052	5967	96	10	24	0	6097
11053	92	43	5889	14	0	6038
11054	5548	33	75	16	0	5672
11055	95	21	5731	21	0	5868
11056	27	17	82	5577	0	5703
11057	5793	10	25	79	0	5907
11058	76	5956	28	36	0	6096
11059	23	75	14	5820	0	5932
11060	26	5900	19	85	0	6030
11061	5955	88	19	33	0	6095
11062	5972	26	9	33	0	6040
11063	90	28	5	5962	0	6085
11064	39	16	5887	93	0	6035
11065	30	17	5889	35	0	5971
11066	21	18	75	5944	0	6058
11067	18	6012	40	86	0	6156
11068	20	85	21	6299	0	6425
11069	18	30	16	6194	0	6258
11070	14	38	7	6234	0	6293
11071	21	17	6105	128	0	6271
11072	14	17	72	6156	0	6259
11073	16	11	22	6254	0	6303
11074	16	6070	30	191	0	6307
11075	10	108	21	6088	0	6227
11076	8	22	10	6546	0	6586
11077	9	23	12	6585	0	6629
11078	12	16	9	6583	0	6620
11079	13	17	8	6546	0	6584
11080	13	12	8	6555	0	6588
11081	13	19	6	6404	0	6442
11082	10	12	10	6330	0	6362
11083	16	18	4875	1046	0	5955
11084	12	13	73	6104	0	6202
11085	6061	13	19	137	0	6230
11086	90	13	19	5883	0	6005
11087	31	10	5958	133	0	6132
11088	5778	5	92	62	0	5937
11089	6104	9	22	56	0	6191
11090	6102	11	23	41	0	6177
11091	6077	7	15	38	0	6137
11092	126	6	11	6071	0	6214
11093	55	12	5897	114	0	6078
11094	36	5653	84	50	0	5823
11095	16	5497	28	42	0	5583
11096	32	87	95	4687	0	4901
11097	8	14	34	4811	0	4867
11098	3	10	5	4827	0	4845
11099	5	6	6	4895	0	4912
11100	7	3	1	5454	0	5465
11101	5933	4	2	99	0	6038
11102	97	5890	3	32	0	6022
11103	38	6097	2	20	0	6157
11104	16	159	13	6207	0	6395
11105	10	57	4	6326	0	6397
11106	12	25	2	6328	0	6367
11107	4	13	1	6349	0	6367
11108	9	9	5817	186	0	6021
11109	8	5715	119	75	0	5917
11110	6	115	30	5973	0	6124
11111	5846	32	17	148	0	6043
11112	120	22	8	5928	0	6078
11113	42	15	5834	150	0	6041
11114	20	19	5760	54	0	5853
11115	8	15	5940	35	0	5998
11116	9	13	167	5708	0	5897
11117	5960	7	60	146	0	6173
11118	123	4	25	5982	0	6134
11119	40	6	15	6140	0	6201
11120	5968	10	14	175	0	6167
11121	129	9	11	6033	0	6182
11122	53	6	7	6153	0	6219
11123	32	11	6238	178	0	6459
11124	19	6166	127	79	0	6391
11125	14	118	43	6590	0	6765
11126	6496	32	27	156	0	6711
11127	127	18	16	6611	0	6772
11128	46	11	6542	168	0	6767
11129	24	11	127	6623	0	6785
11130	10	6558	40	168	0	6776
11131	15	126	22	6786	0	6949
11132	22	41	6554	168	0	6785
11133	9	6975	132	77	0	7193
11134	21	167	46	7253	0	7487
11135	11	58	28	8183	0	8280
11136	2	41	19	8329	0	8391
11137	8	11	13	8414	0	8446
11138	10	16	7874	324	0	8224
11139	8	7862	196	144	0	8210
11140	8063	206	59	85	0	8413
11141	8224	64	34	49	0	8371
11142	261	42	18	8106	0	8427
11143	93	21	7929	241	0	8284
11144	7798	14	212	89	0	8113
11145	220	18	64	8089	0	8391
11146	74	10	8118	246	0	8448
11147	48	9	211	8231	0	8499
11148	24	11	65	8357	0	8457
11149	17	5	46	8470	0	8538
11150	15	10	8246	337	0	8608
11151	21	16	214	8220	0	8471
11152	21	8327	69	279	0	8696
11153	8496	213	46	105	0	8860
11154	8632	60	22	74	0	8788
11155	8626	42	23	59	0	8750
11156	305	8301	27	55	0	8688
11157	8363	214	20	58	0	8655
11158	264	64	24	8119	0	8471
11159	8096	40	31	258	0	8425
11160	8178	22	28	98	0	8326
11161	294	28	7792	83	0	8197
11162	118	7719	211	60	0	8108
11163	7815	205	69	53	0	8142
11164	241	72	49	7825	0	8187
11165	96	50	7561	244	0	7951
11166	63	7561	221	107	0	7952
11167	7611	213	70	76	0	7970
11168	250	68	39	7609	0	7966
11169	94	54	26	7797	0	7971
11170	66	30	21	7846	0	7963
11171	49	7457	19	325	0	7850
11172	49	208	16	7716	0	7989
11173	37	7452	27	291	0	7807
11174	35	227	26	7589	0	7877
11175	37	83	7340	274	0	7734
11176	35	54	206	7504	0	7799
11177	32	31	82	7705	0	7850
11178	35	30	51	7803	0	7919
11179	29	30	7371	355	0	7785
11180	36	19	215	7583	0	7853
11181	32	25	81	7801	0	7939
11182	30	21	63	7850	0	7964
11183	30	25	36	7864	0	7955
11184	36	25	36	7906	0	8003
11185	30	34	7419	369	0	7852
11186	29	22	207	7656	0	7914
11187	39	16	78	7655	0	7788
11188	7224	22	50	348	0	7644
11189	220	7014	48	183	0	7465
11190	82	7352	34	119	0	7587
11191	62	260	25	7359	0	7706
11192	43	92	33	7388	0	7556
11193	43	6960	34	315	0	7352
11194	32	211	27	7148	0	7418
11195	37	6943	31	307	0	7318
11196	44	225	17	7047	0	7333
11197	32	82	21	7029	0	7164
11198	38	51	6483	312	0	6884
11199	31	6353	185	157	0	6726
11200	25	6102	62	105	0	6294
11201	5250	171	59	49	0	5529
11202	121	5236	20	48	0	5425
11203	57	135	18	5245	0	5455
11204	53	61	5048	141	0	5303
11205	28	48	108	5091	0	5275
11206	5098	25	44	169	0	5336
11207	117	30	5027	77	0	5251
11208	39	5125	118	66	0	5348
11209	41	120	39	5162	0	5362
11210	19	45	28	5442	0	5534
11211	5408	31	18	176	0	5633
11212	117	24	19	5499	0	5659
11213	32	21	23	5555	0	5631
11214	31	29	15	5540	0	5615
11215	22	24	13	5552	0	5611
11216	5359	13	14	206	0	5592
11217	5365	21	20	105	0	5511
11218	138	19	17	5380	0	5554
11219	5288	18	21	156	0	5483
11220	135	14	14	5223	0	5386
11221	43	23	5021	170	0	5257
11222	46	12	4957	84	0	5099
11223	22	32	131	4671	0	4856
11224	22	4562	48	144	0	4776
11225	21	96	20	4674	0	4811
11226	4591	31	22	170	0	4814
11227	98	30	12	4667	0	4807
11228	4596	20	9	164	0	4789
11229	123	25	9	4647	0	4804
11230	47	17	4591	153	0	4808
11231	37	4485	89	82	0	4693
11232	28	4701	30	62	0	4821
11233	14	161	23	4038	0	4236
11234	9	29	4069	96	0	4203
11235	1	3162	24	26	0	3213
11236	8	24	7	3176	0	3215
11237	3137	6	1	21	0	3165
11238	13	4	3165	9	0	3191
11239	5	5	14	3228	0	3252
11240	2	0	5	3365	0	3372
11241	3	5	3321	21	0	3350
11242	5	5	3202	12	0	3224
11243	3	3	3392	5	0	3403
11244	0	6	19	3428	0	3453
11245	6	1	3521	18	0	3546
11246	3342	5	17	8	0	3372
11247	24	1	4	3751	0	3780
11248	7	4	4556	28	0	4595
11249	4	4608	28	16	0	4656
11250	8	30	4724	8	0	4770
11251	2	8	27	4778	0	4815
11252	5005	6	10	31	0	5052
11253	30	1	4	5185	0	5220
11254	7	2	1	5267	0	5277
11255	5659	0	1	40	0	5700
11256	58	2	1	5748	0	5809
11257	10	2	5815	66	0	5893
11258	5816	1	59	15	0	5891
11259	58	5827	16	8	0	5909
11260	6078	62	5	6	0	6151
11261	63	8	5	6116	0	6192
11262	15	5	6078	62	0	6160
11263	9	4	6164	17	0	6194
11264	2	13	70	6165	0	6250
11265	5	3	17	6187	0	6212
11266	5	3	6274	68	0	6350
11267	4	4	6087	18	0	6113
11268	6278	0	72	6	0	6356
11269	64	5	16	6379	0	6464
11270	6459	3	12	71	0	6545
11271	77	3	6	6407	0	6493
11272	14	2	6734	84	0	6834
11273	9	7	7089	19	0	7124
11274	9	1	85	7173	0	7268
11275	8	4	24	7363	0	7399
11276	10	4	7417	101	0	7532
11277	7456	3	94	29	0	7582
11278	105	2	22	7804	0	7933
11279	8094	0	14	113	0	8221
11280	123	8850	12	31	0	9016
11281	24	144	7	9229	0	9404
11282	9296	30	6	166	0	9498
11283	158	15	9352	42	0	9567
11284	37	5	160	9453	0	9655
11285	17	8	40	9542	0	9607
11286	10	5	18	9774	0	9807
11287	14	6	9492	197	0	9709
11288	15	7	156	9453	0	9631
11289	7	9509	46	183	0	9745
11290	17	148	16	9791	0	9972
11291	12	39	9585	182	0	9818
11292	23	17	9745	53	0	9838
11293	15	7	173	9785	0	9980
11294	11	9	55	9926	0	10001
11295	11	6	32	10067	0	10116
11296	11	3	25	10162	0	10201
11297	9968	5	19	219	0	10211
11298	9966	5	20	77	0	10068
11299	198	8	9734	44	0	9984
11300	49	9821	165	45	0	10080
11301	25	147	42	10251	0	10465
11302	10597	33	30	185	0	10845
11303	10482	13	23	68	0	10586
11304	10755	13	22	44	0	10834
11305	10826	17	27	41	0	10911
11306	214	5	10532	51	0	10802
11307	10425	6	172	37	0	10640
11308	184	10263	51	42	0	10540
11309	65	155	23	10583	0	10826
11310	39	34	10530	202	0	10805
11311	25	25	182	10514	0	10746
11312	30	18	10467	205	0	10720
11313	22	30	165	10585	0	10802
11314	20	12	54	10848	0	10934
11315	10704	4	48	231	0	10987
11316	177	13	45	10752	0	10987
11317	62	6	10715	236	0	11019
11318	37	15	171	11044	0	11267
11319	11018	16	56	235	0	11325
11320	185	8	33	11148	0	11374
11321	81	13	10970	223	0	11287
11322	47	10618	190	88	0	10943
11323	11360	155	69	60	0	11644
11324	175	59	41	11005	0	11280
11325	61	11319	30	202	0	11612
11326	11459	163	25	88	0	11735
11327	207	50	11325	52	0	11634
11328	79	10973	177	59	0	11288
11329	58	154	58	11508	0	11778
11330	48	60	11298	185	0	11591
11331	47	21	182	11103	0	11353
11332	11225	26	73	223	0	11547
11333	180	28	10984	92	0	11284
11334	71	9	184	11028	0	11292
11335	51	12	11086	223	0	11372
11336	45	15	180	11048	0	11288
11337	45	19	67	11339	0	11470
11338	11058	18	45	261	0	11382
11339	199	10877	41	107	0	11224
11340	73	165	32	11189	0	11459
11341	11077	47	50	209	0	11383
11342	11085	15	34	117	0	11251
11343	237	22	40	10882	0	11181
11344	85	10589	34	221	0	10929
11345	36	10969	43	111	0	11159
11346	52	210	37	10845	0	11144
11347	55	68	30	10775	0	10928
11348	9855	21	29	231	0	10136
11349	160	33	31	9724	0	9948
11350	70	33	9298	201	0	9602
11351	8924	12	160	99	0	9195
11352	163	8963	52	74	0	9252
11353	8986	141	24	68	0	9219
11354	185	41	9130	55	0	9411
11355	57	9166	145	60	0	9428
11356	9667	144	75	35	0	9921
11357	9664	49	39	40	0	9792
11358	194	25	9590	41	0	9850
11359	9619	17	173	38	0	9847
11360	9906	23	55	41	0	10025
11361	197	9979	22	54	0	10252
11362	77	152	24	10565	0	10818
11363	51	60	10395	183	0	10689
11364	39	36	168	10557	0	10800
11365	42	22	10608	202	0	10874
11366	34	25	167	10457	0	10683
11367	10603	14	65	205	0	10887
11368	172	23	32	10816	0	11043
11369	58	27	11117	196	0	11398
11370	11190	13	191	83	0	11477
11371	199	10	58	11532	0	11799
11372	85	15	10948	205	0	11253
11373	10430	7	179	86	0	10702
11374	190	13	76	10737	0	11016
11375	88	10	10512	191	0	10801
11376	40	30	10297	75	0	10442
11377	31	97	193	10146	0	10467
11378	43	14	10315	163	0	10535
11379	22	9635	183	78	0	9918
11380	49	140	46	9082	0	9317
11381	9075	25	45	114	0	9259
11382	110	17	9083	42	0	9252
11383	42	7	8961	24	0	9034
11384	8641	7	142	21	0	8811
11385	109	3	9094	12	0	9218
11386	8671	3	116	17	0	8807
11387	118	5	9011	13	0	9147
11388	42	4	123	8897	0	9066
11389	29	6	9088	111	0	9234
11390	12	13	124	8974	0	9123
11391	14	11	9238	113	0	9376
11392	7	8	9096	43	0	9154
11393	8543	5	138	30	0	8716
11394	98	8976	66	20	0	9160
11395	9346	102	32	18	0	9498
11396	114	9271	22	13	0	9420
11397	44	102	25	9444	0	9615
11398	26	28	27	9652	0	9733
11399	9606	18	25	126	0	9775
11400	114	4	22	9443	0	9583
11401	40	11	9360	119	0	9530
11402	8946	4	110	46	0	9106
11403	9114	3	52	31	0	9200
11404	139	8	35	9069	0	9251
11405	60	9	9090	115	0	9274
11406	30	18	117	9083	0	9248
11407	21	9156	53	128	0	9358
11408	26	103	38	9336	0	9503
11409	19	37	26	9524	0	9606
11410	24	29	9196	148	0	9397
11411	8414	11	112	87	0	8624
11412	112	9073	57	56	0	9298
11413	9235	100	34	46	0	9415
11414	131	9229	33	36	0	9429
11415	52	111	24	9269	0	9456
11416	41	9278	32	129	0	9480
11417	31	118	9102	52	0	9303
11418	37	31	122	8829	0	9019
11419	26	28	43	9068	0	9165
11420	20	10	46	9240	0	9316
11421	9028	6	41	169	0	9244
11422	126	12	36	9022	0	9196
11423	8821	13	37	155	0	9026
11424	8887	15	35	65	0	9002
11425	8786	16	32	49	0	8883
11426	171	17	8775	33	0	8996
11427	60	21	132	8860	0	9073
11428	45	23	57	9261	0	9386
11429	37	19	43	9436	0	9535
11430	9734	14	39	193	0	9980
11431	174	16	36	9841	0	10067
11432	60	10	51	10078	0	10199
11433	10546	5	36	225	0	10812
11434	207	13	41	10790	0	11051
11435	71	13	10990	248	0	11322
11436	57	18	11135	83	0	11293
11437	39	12	256	11346	0	11653
11438	11277	10	88	256	0	11631
11439	10962	10	62	84	0	11118
11440	287	9	36	11162	0	11494
11441	92	22	10980	251	0	11345
11442	69	10821	237	86	0	11213
11443	51	216	57	11217	0	11541
11444	36	48	53	11412	0	11549
11445	44	42	39	11424	0	11549
11446	11204	19	36	323	0	11582
11447	242	17	11018	131	0	11408
11448	11122	12	225	77	0	11436
11449	266	7	59	11005	0	11337
11450	81	11005	71	255	0	11412
11451	11207	212	44	77	0	11540
11452	11160	55	33	89	0	11337
11453	284	48	11186	70	0	11588
11454	113	10698	229	73	0	11113
11455	62	10376	48	69	0	10555
11456	10189	209	65	60	0	10523
11457	210	70	33	10129	0	10442
11458	70	45	30	10111	0	10256
11459	55	27	26	9901	0	10009
11460	51	9472	26	259	0	9808
11461	47	9304	15	92	0	9458
11462	8910	189	19	64	0	9182
11463	179	59	14	8867	0	9119
11464	51	41	9552	195	0	9839
11465	44	25	200	10112	0	10381
11466	33	20	11041	266	0	11360
11467	32	30	11198	87	0	11347
11468	39	30	10980	64	0	11113
11469	27	10230	341	34	0	10632
11470	37	265	187	9946	0	10435
11471	24	10284	95	249	0	10652
11472	23	291	62	10229	0	10605
11473	18	102	32	10617	0	10769
11474	10311	72	28	353	0	10764
11475	250	56	20	10422	0	10748
11476	10215	29	20	358	0	10622
11477	10338	22	16	139	0	10515
11478	339	13	17	9934	0	10303
11479	133	9856	23	298	0	10310
11480	107	250	17	9911	0	10285
11481	63	9858	32	323	0	10276
11482	45	283	23	9961	0	10312
11483	42	108	9667	344	0	10161
11484	34	74	240	9845	0	10193
11485	30	49	86	10138	0	10303
11486	9638	32	57	397	0	10124
11487	256	9643	56	192	0	10147
11488	92	263	28	9858	0	10241
11489	81	90	23	9779	0	9973
11490	57	9508	17	385	0	9967
11491	40	282	23	9625	0	9970
11492	9213	91	22	391	0	9717
11493	9458	76	26	168	0	9728
11494	323	9177	23	130	0	9653
11495	137	264	24	9305	0	9730
11496	8989	94	20	312	0	9415
11497	302	9080	19	147	0	9548
11498	121	290	25	8861	0	9297
11499	87	8941	28	321	0	9377
11500	9041	326	37	130	0	9534
11501	297	125	8791	115	0	9328
11502	117	91	8891	85	0	9184
11503	86	66	329	8855	0	9336
11504	66	48	8856	329	0	9299
11505	58	53	325	8791	0	9227
11506	8759	38	134	345	0	9276
11507	297	53	8750	159	0	9259
11508	109	42	291	8799	0	9241
11509	84	59	94	9148	0	9385
11510	8846	41	76	403	0	9366
11511	292	8897	55	205	0	9449
11512	9028	274	43	150	0	9495
11513	9039	102	27	125	0	9293
11514	369	8688	42	99	0	9198
11515	176	285	27	8879	0	9367
11516	129	125	8526	314	0	9094
11517	76	85	253	8660	0	9074
11518	63	8625	96	353	0	9137
11519	8854	289	80	157	0	9380
11520	280	118	53	8955	0	9406
11521	121	103	8936	340	0	9500
11522	90	76	267	9147	0	9580
11523	68	47	95	9444	0	9654
11524	53	49	71	9528	0	9701
11525	56	49	57	9519	0	9681
11526	41	52	50	9238	0	9381
11527	47	51	8662	476	0	9236
11528	63	54	8331	246	0	8694
11529	48	8114	297	179	0	8638
11530	36	8179	116	137	0	8468
11531	8026	254	101	94	0	8475
11532	236	119	8017	82	0	8454
11533	7365	83	230	70	0	7748
11534	236	68	7176	60	0	7540
11535	105	42	6775	53	0	6975
11536	66	34	230	6518	0	6848
11537	6896	36	115	179	0	7226
11538	167	22	91	6954	0	7234
11539	84	31	60	7121	0	7296
11540	61	34	7745	268	0	8108
11541	59	17	166	7927	0	8169
11542	41	24	79	8106	0	8250
11543	39	12	56	8148	0	8255
11544	37	28	49	8114	0	8228
11545	32	19	30	8200	0	8281
11546	7907	19	26	310	0	8262
11547	159	22	19	8037	0	8237
11548	84	18	7687	277	0	8066
11549	62	29	150	7860	0	8101
11550	52	28	7663	238	0	7981
11551	39	23	173	7822	0	8057
11552	35	25	8066	230	0	8356
11553	20	32	181	7811	0	8044
11554	21	22	101	8281	0	8425
11555	19	20	8006	265	0	8310
11556	7463	18	168	159	0	7808
11557	154	21	8180	121	0	8476
11558	80	26	179	8315	0	8600
11559	8572	10	103	200	0	8885
11560	171	12	69	8605	0	8857
11561	87	21	51	8758	0	8917
11562	67	17	8672	267	0	9023
11563	52	8325	150	161	0	8688
11564	21	7613	59	110	0	7803
11565	20	7278	42	63	0	7403
11566	131	28	61	6122	0	6342
11567	6339	11	14	18	0	6382
11568	12	8	3	6266	0	6289
11569	9	5	1	6388	0	6403
11570	3	1	3	6463	0	6470
11571	5	2	2	6449	0	6458
11572	0	6211	6	36	0	6253
11573	1	14	0	6573	0	6588
11574	0	10	2	6550	0	6562
11575	3	6326	3	37	0	6369
11576	6649	16	1	19	0	6685
11577	16	10	1	6614	0	6641
11578	6644	6	1	28	0	6679
11579	6557	6	1	17	0	6581
11580	28	6562	3	10	0	6603
11581	11	13	1	7275	0	7300
11582	14	7	7082	18	0	7121
11583	9	7	6965	16	0	6997
11584	7	20	21	7062	0	7110
11585	7339	3	11	29	0	7382
11586	7446	2	10	15	0	7473
11587	18	0	9	7489	0	7516
11588	7643	0	10	22	0	7675
11589	22	7353	7	11	0	7393
11590	7666	14	6	12	0	7698
11591	22	8224	4	13	0	8263
11592	12	25	5	8707	0	8749
11593	13	12	1	8763	0	8789
11594	8	8537	12	29	0	8586
11595	8819	20	1	16	0	8856
11596	18	17	8561	19	0	8615
11597	6	9	15	8620	0	8650
11598	8	11	8914	21	0	8954
11599	10	7	22	8781	0	8820
11600	9117	5	15	24	0	9161
11601	16	4	13	9030	0	9063
11602	9042	1	11	36	0	9090
11603	9018	3	6	22	0	9049
11604	27	1	4	8946	0	8978
11605	18	2	8864	38	0	8922
11606	18	9082	26	16	0	9142
11607	9	15	5	9645	0	9674
11608	9610	8	8	24	0	9650
11609	21	17	9536	14	0	9588
11610	10	6	19	9597	0	9632
11611	10	4	9	9701	0	9724
11612	10	5	8	9887	0	9910
11613	9920	1	4	40	0	9965
11614	21	5	6	9789	0	9821
11615	10	1	8	9937	0	9956
11616	11	7	9883	38	0	9939
11617	7	6	26	9906	0	9945
11618	10	1	10	10195	0	10216
11619	6	3	11	10447	0	10467
11620	10	10012	12	57	0	10091
11621	8	14	3	10368	0	10393
11622	8	10	3	10256	0	10277
11623	9994	10	3	45	0	10052
11624	28	9	9826	25	0	9888
11625	17	22	9446	21	0	9506
11626	8	9348	50	23	0	9429
11627	9	25	18	10302	0	10354
11628	10306	15	14	40	0	10375
11629	31	7	5	10208	0	10251
11630	20	9	6	10215	0	10250
11631	10	6	6	10316	0	10338
11632	11	4	5	10141	0	10161
11633	7	4	7	10139	0	10157
11634	10	6	9938	61	0	10015
11635	5	2	26	10076	0	10109
11636	10149	2	9	61	0	10221
11637	37	9661	10	38	0	9746
11638	18	30	6	10096	0	10150
11639	11	14	6	10239	0	10270
11640	13	11	9446	64	0	9534
11641	9	11	34	9293	0	9347
11642	8	6	17	10372	0	10403
11643	10471	5	11	116	0	10603
11644	81	10480	16	54	0	10631
11645	26	90	7	10800	0	10923
11646	20	27	10	10926	0	10983
11647	21	41	4	10927	0	10993
11648	21	16	10833	152	0	11022
11649	11	32	10405	75	0	10523
11650	11	10290	134	61	0	10496
11651	3	11001	41	49	0	11094
11652	6	121	24	10947	0	11098
11653	3	10759	39	144	0	10945
11654	7	185	19	12037	0	12248
11655	4	60	12	13361	0	13437
11656	6	33	11	14134	0	14184
11657	13	28	6	16076	0	16123
11658	7	43	15322	495	0	15867
11659	1	14	290	15871	0	16176
11660	10	10	120	16116	0	16256
11661	6	12	93	16428	0	16539
11662	15479	10	56	653	0	16198
11663	311	15749	67	372	0	16499
11664	143	339	34	15057	0	15573
11665	96	15788	30	450	0	16364
11666	15345	428	30	281	0	16084
11667	13698	236	34	218	0	14186
11668	421	15631	17	147	0	16216
11669	207	16056	20	141	0	16424
11670	176	607	14568	93	0	15444
11671	107	15810	335	99	0	16351
11672	92	504	152	15858	0	16606
11673	15670	267	105	440	0	16482
11674	370	15823	67	270	0	16530
11675	185	439	78	16056	0	16758
11676	122	274	51	16403	0	16850
11677	85	176	49	16687	0	16997
11678	16038	116	34	722	0	16910
11679	423	134	15453	404	0	16414
11680	15318	87	346	310	0	16061
11681	498	15245	157	228	0	16128
11682	241	438	105	15632	0	16416
11683	205	231	14942	493	0	15871
11684	14542	178	412	268	0	15400
11685	469	15142	194	189	0	15994
11686	229	466	131	15008	0	15834
11687	176	15030	94	483	0	15783
11688	119	523	87	15275	0	16004
11689	117	265	53	15676	0	16111
11690	80	221	14688	671	0	15660
11691	87	137	14182	417	0	14823
11692	80	140	507	14358	0	15085
11693	68	112	14143	607	0	14930
11694	67	82	518	14275	0	14942
11695	65	73	287	14396	0	14821
11696	53	74	213	14823	0	15163
11697	14129	45	140	807	0	15121
11698	408	63	144	14472	0	15087
11699	216	76	13834	706	0	14832
11700	14006	79	396	448	0	14929
11701	442	74	202	14381	0	15099
11702	270	73	153	14729	0	15225
11703	14161	75	100	727	0	15063
11704	452	14133	141	441	0	15167
11705	263	406	96	14620	0	15385
11706	167	217	94	14331	0	14809
11707	13764	151	89	768	0	14772
11708	472	115	13333	484	0	14404
11709	237	128	403	13641	0	14409
11710	172	80	203	13906	0	14361
11711	145	73	148	13712	0	14078
11712	118	13172	126	798	0	14214
11713	99	389	118	13796	0	14402
11714	13189	185	92	762	0	14228
11715	430	13221	94	488	0	14233
11716	12981	422	62	394	0	13859
11717	499	13096	69	319	0	13983
11718	13220	516	59	278	0	14073
11719	597	265	12723	224	0	13809
11720	309	232	12769	229	0	13539
11721	12863	147	518	185	0	13713
11722	548	154	12782	177	0	13661
11723	300	126	521	12689	0	13636
11724	220	90	299	12795	0	13404
11725	167	80	217	13310	0	13774
11726	12796	92	152	764	0	13804
11727	472	77	12352	465	0	13366
11728	12612	87	441	372	0	13512
11729	547	86	204	13026	0	13863
11730	13035	87	169	625	0	13916
11731	610	111	109	13177	0	14007
11732	13350	79	117	629	0	14175
11733	648	88	98	13908	0	14742
11734	360	82	13532	691	0	14665
11735	13884	79	454	351	0	14768
11736	14308	76	220	324	0	14928
11737	752	57	169	13928	0	14906
11738	398	65	139	13924	0	14526
11739	296	13508	144	720	0	14668
11740	13127	426	127	396	0	14076
11741	593	13308	106	304	0	14311
11742	12686	459	88	280	0	13513
11743	588	208	12146	247	0	13189
11744	318	171	12218	211	0	12918
11745	262	105	12151	181	0	12699
11746	11814	99	646	167	0	12726
11747	532	11934	302	167	0	12935
11748	294	375	233	11834	0	12736
11749	11675	172	187	476	0	12510
11750	501	11808	140	278	0	12727
11751	306	577	99	11291	0	12273
11752	212	11364	89	478	0	12143
11753	158	11173	80	296	0	11707
11754	166	10722	48	189	0	11125
11755	8747	458	121	134	0	9460
11756	294	8590	50	100	0	9034
11757	79	6438	29	30	0	6576
11758	41	6218	45	38	0	6342
11759	6122	162	88	29	0	6401
11760	6185	48	29	22	0	6284
11761	180	30	5910	24	0	6144
11762	5687	18	118	27	0	5850
11763	6017	18	36	20	0	6091
11764	158	18	11	5932	0	6119
11765	6049	21	11	124	0	6205
11766	142	24	5794	40	0	6000
11767	49	6134	108	13	0	6304
11768	6168	127	35	15	0	6345
11769	133	37	10	6317	0	6497
11770	6355	14	9	131	0	6509
11771	148	21	6042	30	0	6241
11772	6200	17	115	13	0	6345
11773	149	8	19	6275	0	6451
11774	47	17	6133	133	0	6330
11775	16	5945	119	40	0	6120
11776	17	6303	33	9	0	6362
11777	31	139	12	6062	0	6244
11778	20	36	7	6015	0	6078
11779	8	6077	5	137	0	6227
11780	6162	120	8	29	0	6319
11781	6187	31	7	11	0	6236
11782	6125	11	5	15	0	6156
11783	141	6215	12	19	0	6387
11784	41	116	6	5987	0	6150
11785	20	6251	3	108	0	6382
11786	6278	113	6	25	0	6422
11787	6262	34	2	16	0	6314
11788	138	6102	12	16	0	6268
11789	6251	125	11	9	0	6396
11790	133	35	8	6232	0	6408
11791	42	18	5	6361	0	6426
11792	6389	10	10	145	0	6554
11793	6291	11	11	37	0	6350
11794	6328	16	5	19	0	6368
11795	160	9	8	6261	0	6438
11796	53	12	9	6363	0	6437
11797	27	16	6168	147	0	6358
11798	27	24	112	6137	0	6300
11799	20	16	29	6160	0	6225
11800	24	19	5933	157	0	6133
11801	27	23	5872	42	0	5964
11802	24	13	6012	23	0	6072
11803	34	16	139	5892	0	6081
11804	34	21	5775	131	0	5961
11805	27	16	123	5820	0	5986
11806	19	23	37	6002	0	6081
11807	27	32	5885	156	0	6100
11808	30	21	5912	46	0	6009
11809	30	23	141	5784	0	5978
11810	26	27	6106	134	0	6293
11811	32	19	6028	44	0	6123
11812	27	5909	154	31	0	6121
11813	6209	129	44	21	0	6403
11814	6292	39	20	22	0	6373
11815	6293	18	20	24	0	6355
11816	155	6115	20	15	0	6305
11817	42	6215	17	24	0	6298
11818	35	147	13	6232	0	6427
11819	35	43	19	6269	0	6366
11820	35	25	6043	162	0	6265
11821	21	28	125	6125	0	6299
11822	6171	19	42	142	0	6374
11823	142	15	24	5861	0	6042
11824	52	6121	24	132	0	6329
11825	6498	135	19	31	0	6683
11826	6569	43	22	22	0	6656
11827	6645	25	7	33	0	6710
11828	181	21	6441	29	0	6672
11829	50	25	108	6362	0	6545
11830	6879	9	43	131	0	7062
11831	152	13	6787	44	0	6996
11832	48	6567	133	22	0	6770
11833	15	6265	35	20	0	6335
11834	5861	106	30	16	0	6013
11835	96	5880	13	13	0	6002
11836	28	93	11	5817	0	5949
11837	15	34	5806	98	0	5953
11838	12	11	80	5883	0	5986
11839	5841	12	23	106	0	5982
11840	94	5737	15	44	0	5890
11841	5821	88	8	19	0	5936
11842	100	25	5731	12	0	5868
11843	26	18	97	5608	0	5749
11844	15	5885	20	89	0	6009
11845	19	87	14	6074	0	6194
11846	6118	24	19	101	0	6262
11847	6175	14	12	25	0	6226
11848	6161	12	7	14	0	6194
11849	6214	11	8	12	0	6245
11850	114	9	13	6021	0	6157
11851	30	19	6092	107	0	6248
11852	19	6	88	5986	0	6099
11853	14	6037	33	102	0	6186
11854	6232	91	16	28	0	6367
11855	100	31	6083	18	0	6232
11856	5960	8	85	13	0	6066
11857	92	11	24	6028	0	6155
11858	28	10	6209	96	0	6343
11859	16	14	82	6236	0	6348
11860	6362	5	22	102	0	6491
11861	6400	9	13	28	0	6450
11862	6412	8	11	19	0	6450
11863	115	9	6214	7	0	6345
11864	29	11	73	6163	0	6276
11865	19	5	6266	88	0	6378
11866	14	6159	81	31	0	6285
11867	5972	75	21	15	0	6083
11868	78	5876	14	11	0	5979
11869	5709	68	19	11	0	5807
11870	72	12	10	5580	0	5674
11871	18	5600	11	74	0	5703
11872	5785	60	8	17	0	5870
11873	71	14	5773	8	0	5866
11874	17	6	55	5687	0	5765
11875	5785	4	11	58	0	5858
11876	69	9	5734	12	0	5824
11877	20	8	54	5622	0	5704
11878	11	5632	19	66	0	5728
11879	9	55	22	5791	0	5877
11880	15	19	5	5825	0	5864
11881	5730	12	8	69	0	5819
11882	72	5657	6	19	0	5754
11883	23	61	5	5579	0	5668
11884	15	5614	14	71	0	5714
11885	15	63	10	5632	0	5720
11886	13	5665	5	68	0	5751
11887	5760	61	12	15	0	5848
11888	77	18	5758	14	0	5867
11889	25	12	58	5718	0	5813
11890	18	5	17	5784	0	5824
11891	14	7	16	5801	0	5838
11892	15	9	8	5734	0	5766
11893	19	6	5634	79	0	5738
11894	17	5685	58	25	0	5785
11895	5851	62	11	14	0	5938
11896	5897	14	11	10	0	5932
11897	72	5835	12	14	0	5933
11898	5989	63	8	17	0	6077
11899	5956	16	17	16	0	6005
11900	73	6066	11	24	0	6174
11901	24	69	6	6017	0	6116
11902	19	6123	9	59	0	6210
11903	6192	65	9	20	0	6286
11904	75	21	6058	13	0	6167
11905	5791	15	56	17	0	5879
11906	60	7	6238	26	0	6331
11907	18	13	63	6246	0	6340
11908	6311	9	17	65	0	6402
11909	73	12	6199	19	0	6303
11910	5964	17	56	15	0	6052
11911	6164	4	16	16	0	6200
11912	68	10	15	6140	0	6233
11913	25	6169	12	67	0	6273
11914	6347	71	6	17	0	6441
11915	72	20	8	6281	0	6381
11916	22	6176	10	73	0	6281
11917	6325	60	4	18	0	6407
11918	71	18	8	6351	0	6448
11919	24	6601	12	68	0	6705
11920	12	66	8	6852	0	6938
11921	6959	11	19	68	0	7057
11922	6915	13	5	30	0	6963
11923	6969	13	4	9	0	6995
11924	80	6	13	6741	0	6840
11925	24	6	5	6666	0	6701
11926	19	17	6657	76	0	6769
11927	9	27	58	6698	0	6792
11928	12	11	6888	73	0	6984
11929	13	8	6480	17	0	6518
11930	8	6	6215	7	0	6236
11931	5	6373	41	13	0	6432
11932	16	37	32	6352	0	6437
11933	7	6874	10	22	0	6913
11934	7239	47	5	8	0	7299
11935	7211	16	8	8	0	7243
11936	56	12	4	7386	0	7458
11937	24	2	7627	57	0	7710
11938	12	8	60	7666	0	7746
11939	5	9	7849	78	0	7941
11940	10	14	65	7844	0	7933
11941	6	7815	30	102	0	7953
11942	7	8088	14	29	0	8138
11943	8034	87	6	24	0	8151
11944	77	33	8039	11	0	8160
11945	30	15	67	7998	0	8110
11946	12	6	26	8205	0	8249
11947	8229	6	15	94	0	8344
11948	68	8183	16	47	0	8314
11949	8334	71	11	22	0	8438
11950	77	8357	8	23	0	8465
11951	8301	78	17	15	0	8411
11952	8478	37	7	10	0	8532
11953	104	18	12	8473	0	8607
11954	45	11	8440	79	0	8575
11955	8292	16	70	36	0	8414
11956	82	8484	32	29	0	8627
11957	8711	82	14	11	0	8818
11958	93	40	10	8357	0	8500
11959	44	24	6	8389	0	8463
11960	24	8335	12	105	0	8476
11961	25	77	5	8367	0	8474
11962	24	8433	10	90	0	8557
11963	21	83	11	8365	0	8480
11964	15	36	10	8285	0	8346
11965	8071	19	4	113	0	8207
11966	88	21	8037	51	0	8197
11967	44	7967	72	38	0	8121
11968	26	76	28	8242	0	8372
11969	8381	34	18	93	0	8526
11970	8492	27	13	36	0	8568
11971	8588	18	5	37	0	8648
11972	131	21	8418	27	0	8597
11973	8448	12	92	25	0	8577
11974	118	12	33	8651	0	8814
11975	8595	13	17	113	0	8738
11976	118	8413	17	48	0	8596
11977	42	97	19	8656	0	8814
11978	8563	37	8	117	0	8725
11979	118	8779	12	54	0	8963
11980	52	108	6	8955	0	9121
11981	41	48	8951	124	0	9164
11982	9153	22	116	53	0	9344
11983	9542	26	41	38	0	9647
11984	175	23	9366	34	0	9598
11985	80	9288	114	32	0	9514
11986	37	9663	53	21	0	9774
11987	40	159	29	9636	0	9864
11988	32	58	18	9542	0	9650
11989	34	36	17	9733	0	9820
11990	41	20	9695	196	0	9952
11991	9754	19	146	83	0	10002
11992	10319	22	39	48	0	10428
11993	10541	19	24	46	0	10630
11994	10570	18	13	33	0	10634
11995	10741	36	19	30	0	10826
11996	10914	16	22	35	0	10987
11997	226	18	26	11227	0	11497
11998	103	19	11057	180	0	11359
11999	68	26	11200	78	0	11372
12000	48	32	192	11294	0	11566
12001	51	27	72	11308	0	11458
12002	61	25	29	11199	0	11314
12003	41	11257	23	235	0	11556
12004	11348	164	27	90	0	11629
12005	196	11533	25	71	0	11825
12006	85	178	20	11403	0	11686
12007	11239	61	20	200	0	11520
12008	193	11250	21	79	0	11543
12009	89	188	13	11351	0	11641
12010	72	66	10	11561	0	11709
12011	49	40	12	11603	0	11704
12012	39	11263	18	264	0	11584
12013	39	181	22	11497	0	11739
12014	42	73	11297	230	0	11642
12015	36	42	167	11597	0	11842
12016	36	27	60	11763	0	11886
12017	36	30	37	12200	0	12303
12018	51	24	18	12348	0	12441
12019	33	45	11555	330	0	11963
12020	34	11774	188	168	0	12164
12021	34	216	59	11815	0	12124
12022	36	76	46	12116	0	12274
12023	36	51	25	11960	0	12072
12024	32	11652	49	338	0	12071
12025	35	12056	27	172	0	12290
12026	11909	282	18	111	0	12320
12027	223	100	12	11800	0	12135
12028	92	66	11408	254	0	11820
12029	49	11512	198	128	0	11887
12030	11328	216	64	94	0	11702
12031	234	82	11068	81	0	11465
12032	91	45	11119	86	0	11341
12033	60	36	10965	71	0	11132
12034	41	122	257	10638	0	11058
12035	46	32	10630	237	0	10945
12036	27	10278	227	120	0	10652
12037	23	180	89	10080	0	10372
12038	25	84	10113	207	0	10429
12039	23	57	190	9950	0	10220
12040	9881	28	75	243	0	10227
12041	181	39	9815	115	0	10150
12042	9660	28	196	83	0	9967
12043	199	9885	79	64	0	10227
12044	9899	183	62	51	0	10195
12045	216	74	42	9853	0	10185
12046	9857	39	57	218	0	10171
12047	9943	30	44	102	0	10119
12048	9677	41	35	70	0	9823
12049	252	9812	58	59	0	10181
12050	9839	182	42	63	0	10126
12051	9921	60	41	65	0	10087
12052	248	60	9631	67	0	10006
12053	117	9669	174	68	0	10028
12054	90	200	78	9694	0	10062
12055	63	72	60	9867	0	10062
12056	66	53	44	9933	0	10096
12057	47	34	9607	273	0	9961
12058	49	40	188	9702	0	9979
12059	51	38	9679	252	0	10020
12060	9711	32	195	111	0	10049
12061	9961	28	82	91	0	10162
12062	263	31	9789	66	0	10149
12063	9874	35	191	66	0	10166
12064	10081	32	83	54	0	10250
12065	10121	34	63	51	0	10269
12066	287	33	48	9880	0	10248
12067	121	53	9912	209	0	10295
12068	80	9949	185	110	0	10324
12069	71	177	67	10023	0	10338
12070	67	71	9989	219	0	10346
12071	56	52	9660	107	0	9875
12072	9414	38	218	81	0	9751
12073	165	9852	105	63	0	10185
12074	10030	159	71	72	0	10332
12075	10063	57	69	62	0	10251
12076	225	10006	65	52	0	10348
12077	10026	164	48	50	0	10288
12078	211	79	10197	44	0	10531
12079	116	49	10036	54	0	10255
12080	100	30	9953	60	0	10143
12081	59	9620	210	45	0	9934
12082	9368	140	119	50	0	9677
12083	9353	48	78	38	0	9517
12084	160	9093	62	49	0	9364
12085	88	9416	54	48	0	9606
12086	56	159	49	9361	0	9625
12087	59	70	36	9443	0	9608
12088	9442	52	36	158	0	9688
12089	150	9467	34	74	0	9725
12090	9366	131	25	50	0	9572
12091	9120	48	38	40	0	9246
12092	169	46	9006	30	0	9251
12093	98	8823	118	33	0	9072
12094	83	126	68	8837	0	9114
12095	8668	47	48	101	0	8864
12096	134	35	38	8578	0	8785
12097	8092	28	37	107	0	8264
12098	119	36	7897	43	0	8095
12099	61	7758	100	51	0	7970
12100	47	7958	44	36	0	8085
12101	54	128	42	7641	0	7865
12102	39	8024	27	70	0	8160
12103	8079	101	34	41	0	8255
12104	106	48	7875	24	0	8053
12105	7641	42	81	25	0	7789
12106	113	22	8123	24	0	8282
12107	58	30	91	8032	0	8211
12108	57	18	35	8119	0	8229
12109	38	23	32	8235	0	8328
12110	8132	17	24	108	0	8281
12111	99	11	8233	55	0	8398
12112	41	12	70	8209	0	8332
12113	40	25	34	8233	0	8332
12114	27	8114	30	104	0	8275
12115	32	8123	20	42	0	8217
12116	28	8394	24	39	0	8485
12117	19	61	20	8251	0	8351
12118	13	45	14	8049	0	8121
12119	12	7888	12	45	0	7957
12120	8	8005	11	22	0	8046
12121	8115	29	14	15	0	8173
12122	26	37	8	8075	0	8146
12123	4	7935	5	34	0	7978
12124	8236	19	4	13	0	8272
12125	28	3	7	8347	0	8385
12126	9126	0	6	34	0	9166
12127	47	4	4	9382	0	9437
12128	16	19	9501	55	0	9591
12129	5	9630	49	20	0	9704
12130	9759	51	11	7	0	9828
12131	53	23	9800	4	0	9880
12132	10	9842	53	10	0	9915
12133	10	66	18	10148	0	10242
12134	2	10	3	10254	0	10269
12135	6	7	2	10101	0	10116
12136	2	6	4	10149	0	10161
12137	3	24	9924	65	0	10016
12138	2	9900	44	39	0	9985
12139	1	46	5	10201	0	10253
12140	9965	13	4	49	0	10031
12141	39	10067	5	35	0	10146
12142	9	46	5	10716	0	10776
12143	8	22	10475	70	0	10575
12144	3	10625	64	20	0	10712
12145	29	74	16	9954	0	10073
12146	3	10963	16	46	0	11028
12147	11310	84	4	12	0	11410
12148	11372	15	2	17	0	11406
12149	97	19	11033	11	0	11160
12150	11068	12	74	13	0	11167
12151	11298	2	17	7	0	11324
12152	102	20	10857	2	0	10981
12153	31	10890	86	18	0	11025
12154	24	76	12	11331	0	11443
12155	13	13	11	11473	0	11510
12156	11429	14	8	103	0	11554
12157	92	7	5	11425	0	11529
12158	20	10	11324	102	0	11456
12159	10861	8	86	27	0	10982
12160	95	11	11121	22	0	11249
12161	20	11057	94	15	0	11186
12162	11129	86	19	8	0	11242
12163	108	23	11141	11	0	11283
12164	31	22	10926	4	0	10983
12165	25	10904	106	18	0	11053
12166	8	91	27	11307	0	11433
12167	15	25	11074	93	0	11207
12168	18	20	92	10516	0	10646
12169	5	8	25	11090	0	11128
12170	9	12	10767	106	0	10894
12171	11	10533	106	38	0	10688
12172	3	92	22	11039	0	11156
12173	10771	21	17	98	0	10907
12174	10674	13	9	31	0	10727
12175	101	7	12	10753	0	10873
12176	32	11	10644	100	0	10787
12177	24	17	11259	26	0	11326
12178	13	10	108	11195	0	11326
12179	21	8	11107	106	0	11242
12180	11382	12	118	26	0	11538
12181	123	9	25	11748	0	11905
12182	28	8	25	12040	0	12101
12183	21	11842	24	150	0	12037
12184	10	129	11	12309	0	12459
12185	16	30	11893	152	0	12091
12186	11594	21	132	41	0	11788
12187	12023	9	26	45	0	12103
12188	157	15	12084	23	0	12279
12189	43	5	148	12611	0	12807
12190	34	13	31	13014	0	13092
12191	22	8	12888	204	0	13122
12192	17	8	183	13004	0	13212
12193	19	11	38	13374	0	13442
12194	12	13284	36	229	0	13561
12195	18	193	15	13833	0	14059
12196	19	35	17	14094	0	14165
12197	14132	21	22	244	0	14419
12198	14502	12	20	84	0	14618
12199	14728	11	17	54	0	14810
12200	14607	12	20	39	0	14678
12201	14606	6	21	44	0	14677
12202	277	9	14024	34	0	14344
12203	83	16	217	14043	0	14359
12204	53	23	38	14395	0	14509
12205	41	16	14084	256	0	14397
12206	13702	18	221	78	0	14019
12207	14062	11	40	67	0	14180
12208	266	21	13639	37	0	13963
12209	13935	14	211	42	0	14202
12210	14281	5	48	45	0	14379
12211	285	21	14005	19	0	14330
12212	107	10	222	13863	0	14202
12213	66	14623	57	236	0	14982
12214	44	232	48	15166	0	15490
12215	42	50	27	15347	0	15466
12216	28	24	30	15345	0	15427
12217	28	21	14669	312	0	15030
12218	14311	8	235	113	0	14667
12219	14776	11	57	63	0	14907
12220	285	10	43	14556	0	14894
12221	104	9	14283	265	0	14661
12222	75	12	246	14260	0	14593
12223	50	12	14491	276	0	14829
12224	54	11	14694	83	0	14842
12225	32	14503	296	64	0	14895
12226	89	206	90	14112	0	14497
12227	13961	37	58	242	0	14298
12228	13611	24	34	69	0	13738
12229	13821	13	25	53	0	13912
12230	292	4	27	13508	0	13831
12231	91	13886	32	226	0	14235
12232	64	218	14	14261	0	14557
12233	44	43	14263	283	0	14633
12234	14915	25	261	82	0	15283
12235	15885	17	53	57	0	16012
12236	329	12	52	15776	0	16169
12237	92	15	31	15981	0	16119
12238	71	13	13	16112	0	16209
12239	50	14	15393	373	0	15830
12240	13729	13	310	170	0	14222
12241	306	15255	62	88	0	15711
12242	77	15028	44	65	0	15214
12243	63	285	14842	42	0	15232
12244	46	98	263	14716	0	15123
12245	30	42	14782	300	0	15154
12246	14187	25	281	78	0	14571
12247	286	20	67	14531	0	14904
12248	85	23	14224	272	0	14604
12249	60	14634	263	106	0	15063
12250	14709	242	69	71	0	15091
12251	280	56	15024	59	0	15419
12252	79	14854	270	48	0	15251
12253	59	15213	67	56	0	15395
12254	15227	302	47	34	0	15610
12255	280	89	41	15336	0	15746
12256	84	53	15604	283	0	16024
12257	56	15609	277	99	0	16041
12258	15913	256	75	59	0	16303
12259	16009	59	44	54	0	16166
12260	310	15589	40	60	0	15999
12261	97	265	16004	47	0	16413
12262	62	63	267	16229	0	16621
12263	16241	41	79	293	0	16654
12264	16371	38	55	80	0	16544
12265	339	41	16053	51	0	16484
12266	115	31	277	15914	0	16337
12267	68	25	79	16431	0	16603
12268	58	26	16265	333	0	16682
12269	60	39	16059	98	0	16256
12270	16396	22	312	80	0	16810
12271	16861	22	103	54	0	17040
12272	16903	36	69	46	0	17054
12273	16972	29	52	46	0	17099
12274	370	27	16383	48	0	16828
12275	16459	19	273	44	0	16795
12276	338	26	77	16357	0	16798
12277	123	26	16469	282	0	16900
12278	78	19	16545	100	0	16742
12279	55	16328	318	86	0	16787
12280	44	242	88	16015	0	16389
12281	44	53	16008	248	0	16353
12282	15549	31	264	82	0	15926
12283	263	57	74	14628	0	15022
12284	95	15806	68	173	0	16142
12285	16231	222	47	62	0	16562
12286	16378	55	33	57	0	16523
12287	295	36	16063	38	0	16432
12288	108	15699	248	60	0	16115
12289	68	176	71	15511	0	15826
12290	15442	63	46	196	0	15747
12291	208	53	48	15294	0	15603
12292	71	33	14871	215	0	15190
12293	13710	21	183	80	0	13994
12294	197	14419	79	60	0	14755
12295	74	14103	39	47	0	14263
12296	44	14758	34	57	0	14893
12297	14743	207	153	35	0	15138
12298	14582	73	33	22	0	14710
12299	14701	28	27	16	0	14772
12300	199	23	28	14456	0	14706
12301	78	37	14573	158	0	14846
12302	54	13	159	14847	0	15073
12303	14988	22	48	178	0	15236
12304	181	14	29	15159	0	15383
12305	15550	11	25	178	0	15764
12306	15590	15	29	63	0	15697
12307	15572	20	35	43	0	15670
12308	203	15335	30	41	0	15609
12309	15573	153	30	22	0	15778
12310	205	54	15121	18	0	15398
12311	83	44	15270	26	0	15423
12312	53	14941	177	26	0	15197
12313	76	149	64	14588	0	14877
12314	14507	28	32	145	0	14712
12315	156	20	14197	46	0	14419
12316	13838	14	147	27	0	14026
12317	161	20	45	14005	0	14231
12318	57	14014	39	139	0	14249
12319	44	134	26	14596	0	14800
12320	40	50	14347	148	0	14585
12321	13786	25	140	48	0	13999
12322	160	22	14533	29	0	14744
12323	64	29	13903	16	0	14012
12324	13563	17	145	23	0	13748
12325	128	13253	64	22	0	13467
12326	13991	116	34	25	0	14166
12327	14046	33	34	23	0	14136
12328	173	24	13559	18	0	13774
12329	13431	16	137	27	0	13611
12330	162	18	13339	29	0	13548
12331	68	15	12736	14	0	12833
12332	52	21	12800	20	0	12893
12333	27	12157	127	22	0	12333
12334	11802	107	202	23	0	12134
12335	11605	16	32	17	0	11670
12336	11651	9	10	7	0	11677
12337	11677	6	12	8	0	11703
12338	89	9	11725	3	0	11826
12339	31	4	65	11602	0	11702
12340	21	5	9	11930	0	11965
12341	11850	6	13	72	0	11941
12342	78	11651	11	18	0	11758
12343	20	65	7	11849	0	11941
12344	11783	13	11	74	0	11881
12345	80	12	11823	11	0	11926
12346	25	14	65	12154	0	12258
12347	21	18	12329	73	0	12441
12348	17	11981	82	38	0	12118
12349	21	103	31	11926	0	12081
12350	11975	22	25	86	0	12108
12351	82	12	10	13010	0	13114
12352	26	14	12960	89	0	13089
12353	17	13027	87	33	0	13164
12354	13419	82	23	17	0	13541
12355	101	21	13278	10	0	13410
12356	13261	13	90	15	0	13379
12357	99	13456	43	18	0	13616
12358	14013	100	34	10	0	14157
12359	14107	31	10	11	0	14159
12360	138	21	7	14158	0	14324
12361	57	16	13779	128	0	13980
12362	29	13736	118	56	0	13939
12363	29	123	36	14392	0	14580
12364	26	34	24	14713	0	14797
12365	17	18	21	15148	0	15204
12366	18	14	24	15422	0	15478
12367	13	16338	26	242	0	16619
12368	16884	184	16	75	0	17159
12369	209	16727	24	56	0	17016
12370	66	221	18	17381	0	17686
12371	17425	59	23	227	0	17734
12372	245	55	12	17495	0	17807
12373	94	36	17027	254	0	17411
12374	59	16887	217	115	0	17278
12375	41	221	48	17191	0	17501
12376	39	66	43	17671	0	17819
12377	16681	46	25	299	0	17051
12378	251	49	16260	109	0	16669
12379	16222	30	230	83	0	16565
12380	16289	22	62	68	0	16441
12381	16322	34	36	71	0	16463
12382	335	35	15861	55	0	16286
12383	118	42	229	15814	0	16203
12384	80	32	62	15977	0	16151
12385	55	32	15777	319	0	16183
12386	56	32	15917	132	0	16137
12387	16006	19	290	90	0	16405
12388	252	32	107	16360	0	16751
12389	16475	34	65	288	0	16862
12390	16766	30	48	109	0	16953
12391	329	37	38	16716	0	17120
12392	148	27	16861	289	0	17325
12393	16509	38	280	117	0	16944
12394	337	19	89	17228	0	17673
12395	156	33	16708	302	0	17199
12396	104	16562	284	131	0	17081
12397	16616	270	97	93	0	17076
12398	305	16688	77	97	0	17167
12399	133	287	55	15272	0	15747
12400	86	16791	53	282	0	17212
12401	16450	295	65	111	0	16921
12402	16508	95	61	77	0	16741
12403	364	16287	50	118	0	16819
12404	16296	276	46	89	0	16707
12405	16012	94	44	88	0	16238
12406	376	15652	58	104	0	16190
12407	15687	288	53	86	0	16114
12408	354	94	54	15515	0	16017
12409	143	67	51	15808	0	16069
12410	15564	54	53	361	0	16032
12411	366	56	46	14363	0	14831
12412	155	14986	42	300	0	15483
12413	14934	292	52	108	0	15386
12414	14887	113	35	103	0	15138
12415	350	14992	41	109	0	15492
12416	15047	299	58	68	0	15472
12417	15217	101	37	77	0	15432
12418	396	76	45	14862	0	15379
12419	190	81	14498	306	0	15075
12420	174	14608	255	150	0	15187
12421	14808	300	75	115	0	15298
12422	14927	122	57	101	0	15207
12423	437	72	14414	99	0	15022
12424	14636	76	269	102	0	15083
12425	399	59	14243	96	0	14797
12426	14362	72	284	79	0	14797
12427	392	76	81	14376	0	14925
12428	206	55	14159	325	0	14745
12429	153	85	14267	134	0	14639
12430	136	133	319	13973	0	14561
12431	139	74	123	14061	0	14397
12432	147	58	13544	365	0	14114
12433	144	68	289	13759	0	14260
12434	146	69	13526	345	0	14086
12435	143	68	306	13546	0	14063
12436	156	102	105	13277	0	13640
12437	165	13306	101	339	0	13911
12438	160	13259	88	161	0	13668
12439	127	13549	92	168	0	13936
12440	158	332	75	13368	0	13933
12441	146	126	78	13669	0	14019
12442	119	83	13073	398	0	13673
12443	13119	78	298	182	0	13677
12444	13323	70	122	132	0	13647
12445	399	12994	101	142	0	13636
12446	12660	268	75	111	0	13114
12447	385	79	81	12524	0	13069
12448	12552	64	81	321	0	13018
12449	12616	54	80	161	0	12911
12450	395	55	75	12220	0	12745
12451	10612	56	53	302	0	11023
12452	299	10489	75	125	0	10988
12453	141	10478	54	98	0	10771
12454	119	269	44	9775	0	10207
12455	99	10124	54	244	0	10521
12456	89	233	54	9191	0	9567
12457	100	87	28	9418	0	9633
12458	8810	48	44	260	0	9162
12459	239	8719	46	91	0	9095
12460	8449	201	32	81	0	8763
12461	8243	72	46	69	0	8430
12462	246	8262	51	54	0	8613
12463	8021	201	36	68	0	8326
12464	255	69	7632	77	0	8033
12465	87	7233	161	54	0	7535
12466	6748	149	48	62	0	7007
12467	150	38	5665	38	0	5891
12468	42	5014	104	34	0	5194
12469	35	5170	58	28	0	5291
12470	4592	90	90	23	0	4795
12471	4484	35	23	17	0	4559
12472	4475	23	16	16	0	4530
12473	95	4444	6	27	0	4572
12474	38	68	15	4529	0	4650
12475	4538	27	9	78	0	4652
12476	4591	24	11	31	0	4657
12477	90	24	6	4534	0	4654
12478	40	17	4558	80	0	4695
12479	26	23	4582	30	0	4661
12480	24	15	71	4569	0	4679
12481	25	9	28	4686	0	4748
12482	25	16	4615	87	0	4743
12483	28	12	64	4489	0	4593
12484	25	4537	26	82	0	4670
12485	4416	69	15	19	0	4519
12486	73	20	10	4303	0	4406
12487	4002	13	7	70	0	4092
12488	75	4072	13	30	0	4190
12489	24	4044	6	23	0	4097
12490	3941	54	13	15	0	4023
12491	60	18	3802	13	0	3893
12492	3183	16	47	8	0	3254
12493	39	3162	13	7	0	3221
12494	7	21	17	2847	0	2892
12495	2817	4	7	25	0	2853
12496	21	2	7	2779	0	2809
12497	2902	2	5	28	0	2937
12498	2863	4	3	7	0	2877
12499	28	2934	5	13	0	2980
12500	2870	17	0	7	0	2894
12501	20	2797	3	7	0	2827
12502	2872	16	3	1	0	2892
12503	26	3	4	2873	0	2906
12504	2948	3	0	19	0	2970
12505	18	5	2	3018	0	3043
12506	3160	4	2	21	0	3187
12507	3302	4	1	4	0	3311
12508	3318	3	3	3	0	3327
12509	3330	0	0	6	0	3336
12510	3377	2	4	4	0	3387
12511	24	3	1	3412	0	3440
12512	3340	3	0	20	0	3363
12513	21	3270	0	8	0	3299
12514	7	19	3315	2	0	3343
12515	6	5	17	3298	0	3326
12516	2	8	3412	24	0	3446
12517	5	1	18	3592	0	3616
12518	7	5	3638	21	0	3671
12519	3566	3	18	4	0	3591
12520	20	1	5	3631	0	3657
12521	9	1	3592	19	0	3621
12522	5	6	3712	6	0	3729
12523	5	5	16	3726	0	3752
12524	4240	2	8	17	0	4267
12525	28	4473	5	8	0	4514
12526	4654	25	0	8	0	4687
12527	4646	8	3	1	0	4658
12528	33	4598	4	3	0	4638
12529	4902	27	3	2	0	4934
12530	33	8	0	4884	0	4925
12531	13	7	6	4898	0	4924
12532	8	5	2	4955	0	4970
12533	4962	4	3	31	0	5000
12534	27	4936	3	18	0	4984
12535	13	29	4	5047	0	5093
12536	7	9	4	5106	0	5126
12537	5094	5	3	41	0	5143
12538	34	3	3	5074	0	5114
12539	9	3	5170	37	0	5219
12540	5	5358	40	15	0	5418
12541	5515	38	11	7	0	5571
12542	38	17	10	5380	0	5445
12543	19	5566	6	32	0	5623
12544	5675	40	3	13	0	5731
12545	51	15	5595	16	0	5677
12546	19	5537	39	12	0	5607
12547	5718	43	18	8	0	5787
12548	42	19	10	5660	0	5731
12549	20	13	3	5701	0	5737
12550	23	9	5703	52	0	5787
12551	8	11	42	5618	0	5679
12552	14	8	6113	59	0	6194
12553	13	10	5944	24	0	5991
12554	7	14	6130	19	0	6170
12555	6186	6	64	13	0	6269
12556	6302	3	25	15	0	6345
12557	6393	7	17	7	0	6424
12558	62	3	10	6314	0	6389
12559	28	6278	12	42	0	6360
12560	20	6392	9	18	0	6439
12561	6634	52	4	14	0	6704
12562	6656	20	10	12	0	6698
12563	54	6600	7	11	0	6672
12564	6682	41	10	7	0	6740
12565	59	13	6533	6	0	6611
12566	18	26	6552	11	0	6607
12567	27	11	47	6264	0	6349
12568	10	7	28	6713	0	6758
12569	14	7	6726	53	0	6800
12570	12	3	48	6573	0	6636
12571	6741	6	19	54	0	6820
12572	46	8	6691	23	0	6768
12573	6566	3	52	16	0	6637
12574	52	6	20	6792	0	6870
12575	33	4	7054	45	0	7136
12576	22	7065	48	23	0	7158
12577	7368	38	20	21	0	7447
12578	49	12	7182	14	0	7257
12579	7096	15	53	8	0	7172
12580	56	13	18	7191	0	7278
12581	7252	6	15	47	0	7320
12582	65	4	7843	17	0	7929
12583	20	10	48	7983	0	8061
12584	8400	5	14	50	0	8469
12585	8648	5	18	23	0	8694
12586	8944	7	20	16	0	8987
12587	8970	7	8	12	0	8997
12588	82	6	8	8671	0	8767
12589	42	8	14	8714	0	8778
12590	34	12	8784	72	0	8902
12591	23	5	52	8749	0	8829
12592	19	5	24	8846	0	8894
12593	17	8965	18	70	0	9070
12594	9174	57	8	41	0	9280
12595	9310	16	16	26	0	9368
12596	83	9535	8	47	0	9673
12597	46	76	8	9546	0	9676
12598	26	18	15	9702	0	9761
12599	9530	16	9	107	0	9662
12600	89	9	10140	47	0	10285
12601	34	8	77	10304	0	10423
12602	35	9	10426	94	0	10564
12603	10223	4	94	34	0	10355
12604	10536	8	26	25	0	10595
12605	10613	10	17	22	0	10662
12606	119	8	11	10395	0	10533
12607	54	8	10	10343	0	10415
12608	10386	7	13	108	0	10514
12609	103	9	10234	49	0	10395
12610	37	9	79	10251	0	10376
12611	10349	12	17	101	0	10479
12612	102	3	18	10340	0	10463
12613	35	13	11006	107	0	11161
12614	33	16	10880	40	0	10969
12615	10742	2	99	37	0	10880
12616	83	10874	50	41	0	11048
12617	11411	74	24	28	0	11537
12618	11653	19	23	18	0	11713
12619	115	14	15	11659	0	11803
12620	49	14	19	11637	0	11719
12621	34	11554	12	117	0	11717
12622	11740	75	16	41	0	11872
12623	102	11890	16	32	0	12040
12624	46	11795	11	32	0	11884
12625	27	83	13	11644	0	11767
12626	11652	23	8	88	0	11771
12627	11852	14	22	30	0	11918
12628	108	8	14	11739	0	11869
12629	52	9	16	11566	0	11643
12630	41	6	11	11606	0	11664
12631	11540	8	10	114	0	11672
12632	95	14	11469	45	0	11623
12633	37	11365	77	43	0	11522
12634	11561	64	26	30	0	11681
12635	90	24	15	11554	0	11683
12636	51	17	11604	82	0	11754
12637	35	11	11556	41	0	11643
12638	32	11514	77	35	0	11658
12639	21	11850	28	37	0	11936
12640	31	94	44	11761	0	11930
12641	20	11396	26	66	0	11508
12642	35	66	4	11846	0	11951
12643	16	25	6	11850	0	11897
12644	11933	9	7	93	0	12042
12645	86	8	7	11889	0	11990
12646	30	13	8	11992	0	12043
12647	24	6	11878	98	0	12006
12648	21	20	60	12031	0	12132
12649	12257	13	13	83	0	12366
12650	12179	17	14	34	0	12244
12651	76	12390	14	35	0	12515
12652	12344	72	27	27	0	12470
12653	93	28	12201	26	0	12348
12654	38	12310	70	30	0	12448
12655	26	83	22	12734	0	12865
12656	19	22	18	12891	0	12950
12657	16	22	13	12949	0	13000
12658	12925	15	7	115	0	13062
12659	12543	18	26	45	0	12632
12660	102	26	12699	32	0	12859
12661	53	21	12627	32	0	12733
12662	37	25	12816	42	0	12920
12663	27	12704	106	30	0	12867
12664	23	12708	40	38	0	12809
12665	13241	105	14	24	0	13384
12666	13170	42	15	26	0	13253
12667	94	17	11	13394	0	13516
12668	49	18	9	13310	0	13386
12669	28	13432	18	128	0	13606
12670	19	85	10	14100	0	14214
12671	46	29	13798	101	0	13974
12672	22	14002	98	62	0	14184
12673	20	89	22	14465	0	14596
12674	31	42	15183	102	0	15358
12675	28	23	103	14603	0	14757
12676	30	15162	29	133	0	15354
12677	15922	108	12	30	0	16072
12678	15866	44	14	38	0	15962
12679	16700	18	16	30	0	16764
12680	173	13	26	16759	0	16971
12681	52	27	15	17117	0	17211
12682	16906	19	11	197	0	17133
12683	163	16642	19	62	0	16886
12684	17085	157	12	32	0	17286
12685	183	41	17497	24	0	17745
12686	17832	13	188	21	0	18054
12687	18145	14	58	31	0	18248
12688	260	16	19	18068	0	18363
12689	18407	8	25	212	0	18652
12690	18646	21	23	68	0	18758
12691	272	26	10	18734	0	19042
12692	88	11	18267	247	0	18613
12693	17966	9	229	81	0	18285
12694	251	83	17784	31	0	18149
12695	70	18841	202	53	0	19166
12696	46	207	71	18975	0	19299
12697	24	60	16	19424	0	19524
12698	20161	16	15	260	0	20452
12699	265	64	19490	70	0	19889
12700	76	21	219	18981	0	19297
12701	23	19492	77	247	0	19839
12702	22	19547	34	70	0	19673
12703	25	302	10	19694	0	20031
12704	29	76	19224	270	0	19599
12705	21	29	246	19558	0	19854
12706	25	15	66	19672	0	19778
12707	28	83	17879	334	0	18324
12708	25	19412	210	105	0	19752
12709	19059	268	66	39	0	19432
12710	244	19546	31	48	0	19869
12711	92	274	17	19556	0	19939
12712	19083	71	22	273	0	19449
12713	255	18441	38	116	0	18850
12714	94	246	18187	39	0	18566
12715	18388	67	249	32	0	18736
12716	259	18770	82	46	0	19157
12717	18897	252	29	31	0	19209
12718	297	90	18028	40	0	18455
12719	18171	40	249	40	0	18500
12720	300	25	71	18125	0	18521
12721	91	45	17266	967	0	18369
12722	43	38	241	17935	0	18257
12723	41	17804	75	278	0	18198
12724	40	266	32	18003	0	18341
12725	39	73	32	18149	0	18293
12726	59	42	17416	337	0	17854
12727	46	32	257	17713	0	18048
12728	67	123	15442	312	0	15944
12729	49	17490	222	112	0	17873
12730	60	269	54	17736	0	18119
12731	69	106	17532	300	0	18007
12732	53	17558	279	111	0	18001
12733	61	18031	84	104	0	18280
12734	102	334	17687	52	0	18175
12735	89	101	17751	75	0	18016
12736	79	63	320	17704	0	18166
12737	17575	48	107	327	0	18057
12738	325	17434	57	142	0	17958
12739	159	293	50	17258	0	17760
12740	17204	103	34	329	0	17670
12741	352	17308	49	156	0	17865
12742	17359	279	54	89	0	17781
12743	371	17563	56	73	0	18063
12744	17737	312	49	93	0	18191
12745	17765	90	59	99	0	18013
12746	17942	58	66	85	0	18151
12747	462	18363	51	98	0	18974
12748	177	327	65	18759	0	19328
12749	132	118	18114	402	0	18766
12750	142	18300	329	170	0	18941
12751	145	357	113	18040	0	18655
12752	133	146	91	18237	0	18607
12753	134	92	17333	433	0	17992
12754	121	17086	329	203	0	17739
12755	17100	339	136	144	0	17719
12756	376	16963	86	124	0	17549
12757	163	331	81	17128	0	17703
12758	114	142	16892	412	0	17560
12759	16624	108	350	179	0	17261
12760	350	86	138	17243	0	17817
12761	142	89	16716	396	0	17343
12762	16083	114	352	181	0	16730
12763	347	16344	126	173	0	16990
12764	16511	356	88	124	0	17079
12765	16635	179	60	121	0	16995
12766	417	95	72	16483	0	17067
12767	146	116	16141	388	0	16791
12768	104	16028	334	169	0	16635
12769	91	391	15765	122	0	16369
12770	88	157	334	15492	0	16071
12771	71	131	141	16000	0	16343
12772	15397	90	84	436	0	16007
12773	358	78	14984	192	0	15612
12774	120	14104	310	116	0	14650
12775	94	314	114	13921	0	14443
12776	72	134	66	13911	0	14183
12777	13363	81	51	369	0	13864
12778	294	13337	56	160	0	13847
12779	110	262	39	12487	0	12898
12780	12096	100	47	270	0	12513
12781	234	11917	38	129	0	12318
12782	11463	234	35	67	0	11799
12783	11419	97	33	44	0	11593
12784	273	11082	50	56	0	11461
12785	9686	181	19	24	0	9910
12786	183	9645	20	42	0	9890
12787	9676	172	24	28	0	9900
12788	9631	48	31	31	0	9741
12789	201	9362	20	34	0	9617
12790	8955	129	6	33	0	9123
12791	9175	40	21	18	0	9254
12792	9150	39	14	19	0	9222
12793	181	29	8857	24	0	9091
12794	72	24	8390	24	0	8510
12795	33	31	8410	24	0	8498
12796	8362	33	198	18	0	8611
12797	162	23	8244	16	0	8445
12798	38	22	7328	13	0	7401
12799	43	26	124	6855	0	7048
12800	6984	9	42	91	0	7126
12801	100	17	6968	20	0	7105
12802	30	14	7256	22	0	7322
12803	24	10	108	7180	0	7322
12804	26	10	35	7301	0	7372
12805	22	11	24	7385	0	7442
12806	19	18	7221	124	0	7382
12807	19	8	94	7215	0	7336
12808	7220	15	29	117	0	7381
12809	104	7205	24	38	0	7371
12810	36	97	15	7297	0	7445
12811	33	24	16	7455	0	7528
12812	25	27	7644	120	0	7816
12813	27	7521	113	44	0	7705
12814	7759	122	29	28	0	7938
12815	130	7765	28	26	0	7949
12816	30	131	19	7886	0	8066
12817	40	36	7756	128	0	7960
12818	25	30	126	8123	0	8304
12819	25	17	35	8339	0	8416
12820	8291	12	34	173	0	8510
12821	143	11	34	8064	0	8252
12822	32	7969	31	172	0	8204
12823	44	8274	28	44	0	8390
12824	26	165	8220	48	0	8459
12825	8293	43	151	41	0	8528
12826	160	28	48	8346	0	8582
12827	35	23	29	8434	0	8521
12828	35	14	22	8501	0	8572
12829	8399	14	29	195	0	8637
12830	147	8401	18	92	0	8658
12831	8419	152	23	52	0	8646
12832	172	53	8043	33	0	8301
12833	42	37	8017	38	0	8134
12834	8292	12	168	31	0	8503
12835	179	19	71	8296	0	8565
12836	50	31	37	8502	0	8620
12837	48	20	26	8570	0	8664
12838	35	20	8290	209	0	8554
12839	8340	26	156	73	0	8595
12840	8504	18	47	57	0	8626
12841	8208	13	46	44	0	8311
12842	197	24	37	8055	0	8313
12843	88	21	7702	175	0	7986
12844	50	20	7571	70	0	7711
12845	45	23	7739	61	0	7868
12846	36	7386	162	59	0	7643
12847	82	132	121	6636	0	6971
12848	6609	16	36	116	0	6777
12849	125	21	6521	41	0	6708
12850	6659	13	104	51	0	6827
12851	127	10	29	6702	0	6868
12852	39	17	37	6648	0	6741
12853	31	6489	35	136	0	6691
12854	37	6567	23	54	0	6681
12855	30	6816	32	42	0	6920
12856	25	123	33	6846	0	7027
12857	6812	24	30	121	0	6987
12858	6842	19	37	51	0	6949
12859	134	13	6701	57	0	6905
12860	6680	14	115	49	0	6858
12861	129	14	6683	43	0	6869
12862	47	22	115	6703	0	6887
12863	47	24	6661	119	0	6851
12864	6697	27	127	42	0	6893
12865	121	12	40	6849	0	7022
12866	52	16	6945	129	0	7142
12867	44	19	6706	46	0	6815
12868	6619	14	135	51	0	6819
12869	6833	23	53	38	0	6947
12870	121	6824	43	48	0	7036
12871	48	102	24	7010	0	7184
12872	41	29	6936	123	0	7129
12873	39	31	6846	60	0	6976
12874	41	20	106	6963	0	7130
12875	7012	23	52	135	0	7222
12876	110	6879	50	61	0	7100
12877	47	112	23	7065	0	7247
12878	7078	41	21	138	0	7278
12879	114	37	32	7066	0	7249
12880	54	6998	29	131	0	7212
12881	53	99	28	7183	0	7363
12882	7106	27	37	142	0	7312
12883	130	22	30	7141	0	7323
12884	7149	18	41	137	0	7345
12885	126	7219	35	57	0	7437
12886	7357	109	30	59	0	7555
12887	144	24	7101	47	0	7316
12888	7049	20	107	53	0	7229
12889	7261	26	49	40	0	7376
12890	138	7237	55	40	0	7470
12891	68	101	33	7130	0	7332
12892	56	30	7069	113	0	7268
12893	36	36	6894	43	0	7009
12894	6652	41	111	51	0	6855
12895	6571	13	54	38	0	6676
12896	88	6563	43	43	0	6737
12897	46	6708	24	38	0	6816
12898	6668	86	26	38	0	6818
12899	103	6548	23	35	0	6709
12900	44	6812	11	39	0	6906
12901	35	91	24	6829	0	6979
12902	32	23	17	6740	0	6812
12903	30	22	6641	113	0	6806
12904	32	12	86	6675	0	6805
12905	6708	13	25	109	0	6855
12906	99	27	6631	30	0	6787
12907	42	17	6695	29	0	6783
12908	39	16	101	6577	0	6733
12909	31	18	37	6839	0	6925
12910	34	9	33	6839	0	6915
12911	33	16	6676	107	0	6832
12912	16	13	68	6182	0	6279
12913	19	14	20	6407	0	6460
12914	6127	6	16	64	0	6213
12915	58	5928	11	32	0	6029
12916	6052	49	13	12	0	6126
12917	56	12	6026	17	0	6111
12918	5469	10	35	4	0	5518
12919	45	5761	14	3	0	5823
12920	5547	25	6	4	0	5582
12921	25	5459	4	5	0	5493
12922	5377	29	13	3	0	5422
12923	18	5229	2	4	0	5253
12924	5	5246	3	6	0	5260
12925	7	22	9	5378	0	5416
12926	5485	6	1	17	0	5509
12927	5486	3	0	3	0	5492
12928	5539	2	1	1	0	5543
12929	23	4	5367	2	0	5396
12930	8	6	5371	2	0	5387
12931	5	0	20	5544	0	5569
12932	2	5540	8	14	0	5564
12933	1	5733	2	6	0	5742
12934	2	21	2	5693	0	5718
12935	5662	6	2	18	0	5688
12936	5665	1	1	5	0	5672
12937	5705	2	0	2	0	5709
12938	29	4	5736	1	0	5770
12939	7	2	19	5892	0	5920
12940	5	5	5943	23	0	5976
12941	5982	0	24	5	0	6011
12942	6098	2	6	6	0	6112
12943	32	8	6046	1	0	6087
12944	10	7	20	6074	0	6111
12945	6188	5	7	34	0	6234
12946	29	6	3	6348	0	6386
12947	16	2	1	6442	0	6461
12948	16	3	3	7050	0	7072
12949	7328	0	10	74	0	7412
12950	60	4	3	7867	0	7934
12951	8064	2	12	80	0	8158
12952	77	8715	4	25	0	8821
12953	23	82	5	9127	0	9237
12954	13	19	10	9190	0	9232
12955	14	11	1	9049	0	9075
12956	9053	6	5	115	0	9179
12957	98	6	1	8996	0	9101
12958	31	5	2	8904	0	8942
12959	9163	5	2	131	0	9301
12960	9217	2	4	42	0	9265
12961	9176	4	7	29	0	9216
12962	137	9	8852	18	0	9016
12963	46	16	8518	25	0	8605
12964	9035	5	106	14	0	9160
12965	113	7	30	9060	0	9210
12966	33	7	14	8791	0	8845
12967	9074	2	8	127	0	9211
12968	8977	2	8	55	0	9042
12969	8861	1	6	31	0	8899
12970	125	8620	6	44	0	8795
12971	8802	84	3	19	0	8908
12972	8572	24	6	14	0	8616
12973	127	8575	14	9	0	8725
12974	44	8604	15	16	0	8679
12975	33	99	12	8744	0	8888
12976	8988	24	7	111	0	9130
12977	9023	9	5	38	0	9075
12978	8936	7	6	28	0	8977
12979	134	6	5	8847	0	8992
12980	8881	3	8	105	0	8997
12981	130	13	8615	28	0	8786
12982	8703	7	95	32	0	8837
12983	114	14	8756	19	0	8903
12984	45	19	8481	18	0	8563
12985	37	13	101	8472	0	8623
12986	8499	11	37	109	0	8656
12987	100	10	16	8630	0	8756
12988	53	3	8640	116	0	8812
12989	53	15	8520	43	0	8631
12990	38	7	93	8521	0	8659
12991	8414	4	36	108	0	8562
12992	110	8534	26	41	0	8711
12993	55	80	13	8744	0	8892
12994	38	19	20	8940	0	9017
12995	32	15	8933	124	0	9104
12996	35	14	8783	58	0	8890
12997	29	7	109	8973	0	9118
12998	8936	7	33	134	0	9110
12999	125	8	8904	55	0	9092
13000	60	7	95	8951	0	9113
13001	47	8	36	9041	0	9132
13002	44	13	28	9157	0	9242
13003	8967	18	16	150	0	9151
13004	131	48	7992	82	0	8253
13005	52	8862	75	72	0	9061
13006	46	101	28	9302	0	9477
13007	55	31	9187	135	0	9408
13008	50	9060	108	72	0	9290
13009	55	9389	46	62	0	9552
13010	9517	114	30	51	0	9712
13011	151	9459	25	75	0	9710
13012	9769	116	31	51	0	9967
13013	140	52	9665	66	0	9923
13014	76	25	107	9906	0	10114
13015	9863	19	40	167	0	10089
13016	162	10005	22	108	0	10297
13017	92	114	10041	76	0	10323
13018	78	61	128	9159	0	9426
13019	75	10153	42	138	0	10408
13020	81	133	35	10534	0	10783
13021	10421	54	33	166	0	10674
13022	165	10565	29	91	0	10850
13023	10711	130	34	71	0	10946
13024	10780	47	34	76	0	10937
13025	218	30	10564	64	0	10876
13026	126	10952	148	52	0	11278
13027	98	162	55	11575	0	11890
13028	101	49	11806	188	0	12144
13029	87	43	12519	62	0	12711
13030	77	52	245	12813	0	13187
13031	13104	22	85	232	0	13443
13032	12981	29	61	80	0	13151
13033	294	28	46	13088	0	13456
13034	125	30	12810	264	0	13229
13035	87	12896	228	88	0	13299
13036	13338	234	50	77	0	13699
13037	13444	70	48	39	0	13601
13038	311	13222	43	47	0	13623
13039	13451	235	34	34	0	13754
13040	276	75	13083	36	0	13470
13041	13156	51	225	27	0	13459
13042	13225	30	79	42	0	13376
13043	303	25	13027	39	0	13394
13044	108	26	242	12976	0	13352
13045	73	21	12718	249	0	13061
13046	61	12551	232	101	0	12945
13047	56	12799	90	64	0	13009
13048	50	256	61	12018	0	12385
13049	41	65	11642	215	0	11963
13050	23	11069	163	62	0	11317
13051	14	11042	57	32	0	11145
13052	10078	179	49	16	0	10322
13053	10153	48	16	14	0	10231
13054	174	26	6	10234	0	10440
13055	55	15	11	10169	0	10250
13056	27	10207	23	155	0	10412
13057	10165	148	16	50	0	10379
13058	10331	44	15	25	0	10415
13059	185	10252	13	22	0	10472
13060	57	152	11	10371	0	10591
13061	31	47	10256	154	0	10488
13062	31	31	135	10387	0	10584
13063	10419	15	47	160	0	10641
13064	163	12	31	10489	0	10695
13065	48	27	15	10699	0	10789
13066	10622	28	10	186	0	10846
13067	167	15	33	10390	0	10605
13068	52	10476	22	173	0	10723
13069	48	152	19	10686	0	10905
13070	30	50	18	10806	0	10904
13071	28	28	13	10593	0	10662
13072	26	10558	28	199	0	10811
13073	31	166	20	10565	0	10782
13074	31	56	10343	182	0	10612
13075	28	36	152	10425	0	10641
13076	38	39	10216	183	0	10476
13077	39	10230	155	65	0	10489
13078	28	173	48	10474	0	10723
13079	35	58	36	10601	0	10730
13080	43	37	21	10628	0	10729
13081	42	28	24	10623	0	10717
13082	41	31	10217	225	0	10514
13083	25	10211	170	89	0	10495
13084	37	169	43	10544	0	10793
13085	47	59	10514	192	0	10812
13086	40	45	164	10684	0	10933
13087	10810	30	57	208	0	11105
13088	188	44	10435	87	0	10754
13089	10514	30	163	61	0	10768
13090	204	31	55	10738	0	11028
13091	75	30	10651	205	0	10961
13092	57	10553	181	79	0	10870
13093	57	173	54	10615	0	10899
13094	47	62	10694	216	0	11019
13095	32	10527	203	81	0	10843
13096	39	199	56	10709	0	11003
13097	10700	68	35	224	0	11027
13098	10911	39	45	82	0	11077
13099	10915	42	37	62	0	11056
13100	231	45	10619	70	0	10965
13101	95	10711	186	57	0	11049
13102	60	199	55	10678	0	10992
13103	51	57	38	11173	0	11319
13104	11132	41	44	237	0	11454
13105	210	11232	32	98	0	11572
13106	11148	214	30	63	0	11455
13107	11076	70	28	54	0	11228
13108	11256	53	24	62	0	11395
13109	255	35	10912	55	0	11257
13110	10841	26	201	56	0	11124
13111	240	27	48	10855	0	11170
13112	72	28	53	10820	0	10973
13113	10509	24	17	259	0	10809
13114	217	17	26	10344	0	10604
13115	55	10180	23	239	0	10497
13116	45	190	14	10036	0	10285
13117	9797	49	12	243	0	10101
13118	203	43	9605	81	0	9932
13119	56	9517	177	65	0	9815
13120	46	173	35	9370	0	9624
13121	9342	48	38	198	0	9626
13122	194	28	9176	75	0	9473
13123	61	161	188	9056	0	9466
13124	56	21	9041	204	0	9322
13125	53	30	8854	58	0	8995
13126	54	20	8390	64	0	8528
13127	48	9	8154	37	0	8248
13128	44	28	7738	32	0	7842
13129	6574	120	214	17	0	6925
13130	86	6524	45	19	0	6674
13131	6267	60	22	9	0	6358
13132	6218	13	20	13	0	6264
13133	73	6140	12	16	0	6241
13134	35	6256	12	21	0	6324
13135	6242	69	18	11	0	6340
13136	6210	26	10	11	0	6257
13137	78	17	6	5986	0	6087
13138	36	6066	14	63	0	6179
13139	6155	67	11	17	0	6250
13140	64	6065	14	15	0	6158
13141	32	71	10	6162	0	6275
13142	6203	17	13	67	0	6300
13143	6213	18	9	25	0	6265
13144	82	12	8	6189	0	6291
13145	38	14	9	6218	0	6279
13146	27	9	6134	78	0	6248
13147	14	9	70	6108	0	6201
13148	15	13	6161	74	0	6263
13149	20	3	73	5916	0	6012
13150	16	9	23	6079	0	6127
13151	6041	8	18	85	0	6152
13152	6019	9	20	31	0	6079
13153	88	13	5908	17	0	6026
13154	5828	19	57	21	0	5925
13155	84	7	17	5871	0	5979
13156	39	7	5917	69	0	6032
13157	34	10	65	5985	0	6094
13158	17	12	29	6358	0	6416
13159	23	13	6236	96	0	6368
13160	22	12	71	6401	0	6506
13161	19	10	6541	100	0	6670
13162	17	15	84	6815	0	6931
13163	7222	7	27	105	0	7361
13164	118	7241	17	46	0	7422
13165	7358	110	13	35	0	7516
13166	141	7440	17	26	0	7624
13167	7405	128	13	23	0	7569
13168	131	7304	11	26	0	7472
13169	7242	123	13	24	0	7402
13170	139	7284	12	23	0	7458
13171	43	138	12	7346	0	7539
13172	39	42	7324	128	0	7533
13173	24	38	7320	47	0	7429
13174	26	12	147	7237	0	7422
13175	7184	17	52	133	0	7386
13176	133	7192	17	62	0	7404
13177	51	129	21	7273	0	7474
13178	39	48	7189	137	0	7413
13179	21	28	7288	56	0	7393
13180	26	40	151	7016	0	7233
13181	11	7238	69	131	0	7449
13182	7283	115	40	53	0	7491
13183	119	36	7411	37	0	7603
13184	52	32	7242	24	0	7350
13185	28	7187	151	28	0	7394
13186	7098	125	91	26	0	7340
13187	7108	41	39	13	0	7201
13188	139	36	18	7012	0	7205
13189	7132	19	17	110	0	7278
13190	7002	24	17	38	0	7081
13191	150	6954	16	30	0	7150
13192	6956	118	17	12	0	7103
13193	139	37	7080	20	0	7276
13194	53	29	111	6932	0	7125
13195	37	23	39	7024	0	7123
13196	6910	16	26	132	0	7084
13197	111	6810	17	67	0	7005
13198	6777	109	19	29	0	6934
13199	124	6936	21	19	0	7100
13200	49	6900	20	23	0	6992
13201	57	123	6758	18	0	6956
13202	25	75	6664	18	0	6782
13203	6167	62	143	18	0	6390
13204	6294	21	68	10	0	6393
13205	108	16	6054	14	0	6192
13206	51	5876	73	19	0	6019
13207	33	6054	34	8	0	6129
13208	6020	98	24	6	0	6148
13209	6010	38	21	5	0	6074
13210	101	29	18	6030	0	6178
13211	6197	21	13	79	0	6310
13212	101	15	12	6155	0	6283
13213	48	10	6134	88	0	6280
13214	32	15	5962	38	0	6047
13215	6099	12	102	20	0	6233
13216	85	24	39	6058	0	6206
13217	45	6564	17	69	0	6695
13218	6802	82	14	26	0	6924
13219	6806	29	18	26	0	6879
13220	114	21	6780	26	0	6941
13221	6886	14	86	18	0	7004
13222	7101	17	36	9	0	7163
13223	117	14	29	6983	0	7143
13224	56	6961	24	78	0	7119
13225	37	7311	25	42	0	7415
13226	27	120	18	7397	0	7562
13227	31	51	22	7317	0	7421
13228	27	33	11	7421	0	7492
13229	37	27	7247	133	0	7444
13230	42	17	7124	51	0	7234
13231	28	17	124	7103	0	7272
13232	25	21	7240	103	0	7389
13233	26	28	7199	43	0	7296
13234	31	17	122	7045	0	7215
13235	35	14	7486	103	0	7638
13236	18	7319	115	59	0	7511
13237	7879	99	50	37	0	8065
13238	108	46	28	7754	0	7936
13239	53	7776	27	105	0	7961
13240	47	97	8034	44	0	8222
13241	26	39	114	8036	0	8215
13242	22	27	8402	117	0	8568
13243	22	19	110	8392	0	8543
13244	34	11	63	8709	0	8817
13245	22	19	8999	147	0	9187
13246	26	21	110	8872	0	9029
13247	24	9043	52	114	0	9233
13248	23	107	30	9285	0	9445
13249	31	49	9240	128	0	9448
13250	23	30	113	9179	0	9345
13251	9135	13	56	134	0	9338
13252	112	9181	38	97	0	9428
13253	51	104	26	9489	0	9670
13254	35	48	9657	109	0	9849
13255	18	9490	110	73	0	9691
13256	21	9656	60	41	0	9778
13257	32	137	9435	30	0	9634
13258	17	67	95	9112	0	9291
13259	20	54	56	9166	0	9296
13260	17	19	9055	132	0	9223
13261	19	8647	96	67	0	8829
13262	14	8646	53	40	0	8753
13263	8192	80	18	8	0	8298
13264	40	8162	14	7	0	8223
13265	8222	53	5	5	0	8285
13266	55	25	5	8017	0	8102
13267	8556	12	9	43	0	8620
13268	50	12	8532	25	0	8619
13269	8590	4	46	13	0	8653
13270	59	5	21	8789	0	8874
13271	26	8727	14	51	0	8818
13272	8971	40	8	24	0	9043
13273	50	35	3	9125	0	9213
13274	23	9279	11	49	0	9362
13275	17	9716	4	32	0	9769
13276	10033	68	9	9	0	10119
13277	10085	29	4	15	0	10133
13278	10215	15	6	8	0	10244
13279	77	11	2	10002	0	10092
13280	36	9831	7	54	0	9928
13281	18	10029	2	32	0	10081
13282	11	62	3	10202	0	10278
13283	10194	31	3	55	0	10283
13284	10108	16	5	26	0	10155
13285	10090	12	1	15	0	10118
13286	82	13	10267	11	0	10373
13287	42	21	10150	11	0	10224
13288	10835	9	68	8	0	10920
13289	58	6	36	10882	0	10982
13290	31	4	16	10970	0	11021
13291	19	5	5	10921	0	10950
13292	11	2	5	11004	0	11022
13293	8	9	10757	85	0	10859
13294	4	11	48	10648	0	10711
13295	11	8	10649	68	0	10736
13296	10222	5	56	36	0	10319
13297	51	10511	32	30	0	10624
13298	28	47	13	11000	0	11088
13299	15	22	9	10837	0	10883
13300	10824	12	8	75	0	10919
13301	10685	9	5	41	0	10740
13302	10693	2	6	29	0	10730
13303	10702	2	11	15	0	10730
13304	86	7	10751	14	0	10858
13305	44	8	10498	10	0	10560
13306	20	6	70	10601	0	10697
13307	10812	6	34	56	0	10908
13308	10683	3	18	41	0	10745
13309	72	13	10656	19	0	10760
13310	36	12	50	10474	0	10572
13311	10617	5	28	56	0	10706
13312	57	3	15	10546	0	10621
13313	29	4	10687	67	0	10787
13314	20	3	50	10653	0	10726
13315	10823	8	28	60	0	10919
13316	53	11131	18	53	0	11255
13317	11252	49	14	15	0	11330
13318	11378	25	7	20	0	11430
13319	11363	12	6	19	0	11400
13320	84	13	6	11309	0	11412
13321	11241	3	5	59	0	11308
13322	62	11619	9	36	0	11726
13323	27	11986	12	21	0	12046
13324	19	130	4	12073	0	12226
13325	12248	53	6	93	0	12400
13326	108	12829	6	58	0	13001
13327	15786	151	7	23	0	15967
13328	17040	63	7	14	0	17124
13329	360	17742	5	22	0	18129
13330	120	324	3	18082	0	18529
13331	67	111	7	18580	0	18765
13332	62	70	18293	422	0	18847
13333	46	31	320	18380	0	18777
13334	58	38	18251	428	0	18775
13335	33	17810	364	168	0	18375
13336	35	351	117	18497	0	19000
13337	17837	104	76	421	0	18438
13338	18184	61	52	163	0	18460
13339	433	54	40	18122	0	18649
13340	162	46	17513	398	0	18119
13341	16824	34	347	159	0	17364
13342	373	17023	124	156	0	17676
13343	127	17181	65	95	0	17468
13344	104	17430	57	80	0	17671
13345	87	483	51	16863	0	17484
13346	62	161	17072	367	0	17662
13347	50	101	342	17063	0	17556
13348	53	80	17101	413	0	17647
13349	44	76	17134	145	0	17399
13350	49	78	17494	96	0	17717
13351	44	51	491	16879	0	17465
13352	25	52	191	17540	0	17808
13353	15	41	124	17721	0	17901
13354	26	38	95	17518	0	17677
13355	17121	27	96	524	0	17768
13356	336	16839	88	230	0	17493
13357	17101	345	71	155	0	17672
13358	396	17279	58	124	0	17857
13359	148	393	42	17387	0	17970
13360	90	143	32	18184	0	18449
13361	17954	84	42	501	0	18581
13362	18249	69	32	225	0	18575
13363	18401	62	43	135	0	18641
13364	18294	57	26	110	0	18487
13365	18210	61	17	89	0	18377
13366	521	17690	26	100	0	18337
13367	17497	370	26	68	0	17961
13368	477	17209	14	101	0	17801
13369	17347	383	40	64	0	17834
13370	470	131	17052	74	0	17727
13371	211	83	349	16867	0	17510
13372	150	17240	130	323	0	17843
13373	122	381	77	17293	0	17873
13374	111	170	16959	406	0	17646
13375	104	107	335	16780	0	17326
13376	16268	81	136	439	0	16924
13377	375	16223	85	242	0	16925
13378	160	16590	69	158	0	16977
13379	120	459	16702	111	0	17392
13380	86	195	361	16524	0	17166
13381	69	17081	160	396	0	17706
13382	78	395	94	17581	0	18148
13383	66	172	17390	462	0	18090
13384	79	16856	393	246	0	17574
13385	85	391	17342	135	0	17953
13386	100	167	17161	120	0	17548
13387	94	128	457	16823	0	17502
13388	17001	103	198	403	0	17705
13389	369	109	132	17081	0	17691
13390	165	94	17104	444	0	17807
13391	98	87	417	17410	0	18012
13392	80	74	18049	476	0	18679
13393	76	80	18203	221	0	18580
13394	18194	79	528	170	0	18971
13395	19096	61	240	145	0	19542
13396	19201	57	182	132	0	19572
13397	519	45	18829	147	0	19540
13398	222	54	19084	123	0	19483
13399	153	44	512	18646	0	19355
13400	126	53	238	19275	0	19692
13401	19001	48	144	505	0	19698
13402	431	57	129	19128	0	19745
13403	185	59	19158	489	0	19891
13404	133	72	19034	226	0	19465
13405	104	18921	484	194	0	19703
13406	104	359	208	19479	0	20150
13407	128	156	19660	421	0	20365
13408	90	105	433	19618	0	20246
13409	19822	58	229	480	0	20589
13410	403	63	20151	235	0	20852
13411	200	58	432	20236	0	20926
13412	128	54	179	20729	0	21090
13413	117	53	20161	545	0	20876
13414	110	51	436	20072	0	20669
13415	107	61	20037	499	0	20704
13416	19068	61	473	224	0	19826
13417	434	51	186	19171	0	19842
13418	175	18986	131	454	0	19746
13419	19240	363	113	202	0	19918
13420	19171	126	120	165	0	19582
13421	479	19037	111	159	0	19786
13422	295	1228	93	17087	0	18703
13423	133	17967	77	351	0	18528
13424	115	18158	69	166	0	18508
13425	254	404	17011	106	0	17775
13426	127	16660	289	115	0	17191
13427	135	285	13568	92	0	14080
13428	11355	126	145	31	0	11657
13429	11581	16	27	9	0	11633
13430	77	11852	15	16	0	11960
13431	25	11926	10	10	0	11971
13432	11	12595	10	11	0	12627
13433	13103	97	11	6	0	13217
13434	88	35	5	13426	0	13554
13435	19	24	14019	90	0	14152
13436	9	14074	89	41	0	14213
13437	8	92	19	14600	0	14719
13438	19	22	13	14254	0	14308
13439	7	16030	9	109	0	16155
13440	17028	174	10	44	0	17256
13441	220	41	16919	16	0	17196
13442	57	30	210	19139	0	19436
13443	23	20481	40	285	0	20829
13444	20645	318	20	71	0	21054
13445	341	93	20102	27	0	20563
13446	68	19879	322	42	0	20311
13447	37	325	70	20320	0	20752
13448	29	88	20079	327	0	20523
13449	19625	38	334	75	0	20072
13450	325	20	72	19883	0	20300
13451	97	35	19590	333	0	20055
13452	41	19509	322	134	0	20006
13453	19504	334	90	40	0	19968
13454	319	19628	40	53	0	20040
13455	19744	367	18	27	0	20156
13456	19971	93	25	28	0	20117
13457	395	61	27	19506	0	19989
13458	124	18900	36	351	0	19411
13459	79	330	18693	84	0	19186
13460	36	82	315	18970	0	19403
13461	38	74	101	18293	0	18506
13462	34	34	55	19048	0	19171
13463	44	41	36	19057	0	19178
13464	33	34	39	19105	0	19211
13465	18656	35	32	452	0	19175
13466	18644	32	30	146	0	18852
13467	18466	36	36	77	0	18615
13468	407	17822	50	80	0	18359
13469	137	329	18236	61	0	18763
13470	91	95	18404	45	0	18635
13471	61	72	18520	54	0	18707
13472	47	54	431	17769	0	18301
13473	30	44	145	18328	0	18547
13474	37	41	66	18428	0	18572
13475	49	35	17796	472	0	18352
13476	38	17250	379	214	0	17881
13477	68	339	17740	120	0	18267
13478	76	110	17936	83	0	18205
13479	70	67	426	17331	0	17894
13480	72	63	17462	371	0	17968
13481	57	63	409	17049	0	17578
13482	16966	55	132	411	0	17564
13483	16920	36	97	149	0	17202
13484	438	50	16469	104	0	17061
13485	139	37	379	16513	0	17068
13486	93	61	16319	422	0	16895
13487	68	16361	399	177	0	17005
13488	16543	364	126	111	0	17144
13489	408	124	16294	69	0	16895
13490	121	15980	379	95	0	16575
13491	88	16108	140	85	0	16421
13492	71	15650	85	81	0	15887
13493	105	454	14575	79	0	15213
13494	75	173	392	14101	0	14741
13495	60	14450	132	394	0	15036
13496	75	384	92	14422	0	14973
13497	63	117	94	14693	0	14967
13498	14032	86	81	479	0	14678
13499	370	14013	79	226	0	14688
13500	13847	381	76	127	0	14431
13501	396	13736	69	116	0	14317
13502	148	14070	81	89	0	14388
13503	127	435	13537	88	0	14187
13504	80	176	380	13576	0	14212
13505	88	109	13421	391	0	14009
13506	56	13163	420	221	0	13860
13507	70	361	13049	130	0	13610
13508	66	116	13129	102	0	13413
13509	67	13032	418	138	0	13655
13510	12410	351	157	114	0	13032
13511	337	12609	106	119	0	13171
13512	12627	394	111	96	0	13228
13513	385	136	12550	98	0	13169
13514	142	98	12640	88	0	12968
13515	86	12491	419	97	0	13093
13516	12318	372	158	94	0	12942
13517	363	12410	126	101	0	13000
13518	129	368	111	12464	0	13072
13519	12486	137	116	370	0	13109
13520	368	101	12336	127	0	12932
13521	107	82	389	12486	0	13064
13522	12299	84	145	397	0	12925
13523	355	12325	111	158	0	12949
13524	124	365	96	12338	0	12923
13525	91	140	12089	388	0	12708
13526	12042	87	373	138	0	12640
13527	340	86	155	12106	0	12687
13528	109	89	11528	375	0	12101
13529	68	84	359	11356	0	11867
13530	66	11392	144	374	0	11976
13531	74	332	11324	147	0	11877
13532	68	96	315	10589	0	11068
13533	9914	85	124	325	0	10448
13534	303	55	83	9513	0	9954
13535	8573	58	65	305	0	9001
13536	319	8541	61	95	0	9016
13537	8249	295	61	70	0	8675
13538	299	101	7990	62	0	8452
13539	84	73	6606	43	0	6806
13540	75	35	5644	34	0	5788
13541	26	5307	275	40	0	5648
13542	129	29	315	1794	0	2267
13543	5	10	28	1767	0	1810
13544	1	2	7	1795	0	1805
13545	3	1	1	1797	0	1802
13546	2	0	1772	21	0	1795
13547	1698	3	14	12	0	1727
13548	17	1811	6	13	0	1847
13549	1807	18	4	3	0	1832
13550	16	5	4	1833	0	1858
13551	5	1873	4	17	0	1899
13552	3	16	2	1928	0	1949
13553	1938	4	1	17	0	1960
13554	16	2024	3	8	0	2051
13555	2055	13	2	3	0	2073
13556	2038	9	1	3	0	2051
13557	18	4	0	2084	0	2106
13558	5	5	2100	13	0	2123
13559	2082	2	22	5	0	2111
13560	13	2	3	2206	0	2224
13561	2220	4	2	16	0	2242
13562	2281	0	3	9	0	2293
13563	2287	2	1	10	0	2300
13564	19	3	2297	3	0	2322
13565	8	1	13	2243	0	2265
13566	2292	3	5	13	0	2313
13567	17	5	2350	5	0	2377
13568	6	2335	16	6	0	2363
13569	8	20	6	2328	0	2362
13570	2	6	2388	15	0	2411
13571	0	3	2412	5	0	2420
13572	4	10	12	2409	0	2435
13573	2	2	7	2445	0	2456
13574	3	2	5	2476	0	2486
13575	3	2	1	2438	0	2444
13576	4	3	2439	16	0	2462
13577	2	2454	14	9	0	2479
13578	4	11	3	2573	0	2591
13579	2595	2	3	15	0	2615
13580	2555	3	5	3	0	2566
13581	2605	4	0	5	0	2614
13582	17	0	2	2585	0	2604
13583	5	10	2	2563	0	2580
13584	5	2471	1	16	0	2493
13585	5	2570	4	6	0	2585
13586	5	15	3	2539	0	2562
13587	2519	8	10	20	0	2557
13588	2531	1	2	3	0	2537
13589	2494	0	3	4	0	2501
13590	2495	2	1	3	0	2501
13591	2528	1	1	2	0	2532
13592	10	2515	3	4	0	2532
13593	7	9	0	2562	0	2578
13594	2645	2	1	10	0	2658
13595	2662	1	1	1	0	2665
13596	10	1	1	2664	0	2676
13597	5	1	0	2702	0	2708
13598	3	2	2750	10	0	2765
13599	2	0	10	2694	0	2706
13600	2	1	2	2757	0	2762
13601	4	1	2874	12	0	2891
13602	4	6	8	2842	0	2860
13603	2	2952	1	12	0	2967
13604	4	10	2944	5	0	2963
13605	3	2960	8	8	0	2979
13606	4	9	2	3022	0	3037
13607	1	2	4	2997	0	3004
13608	3	2965	2	7	0	2977
13609	2	3005	0	10	0	3017
13610	3148	9	1	2	0	3160
13611	3123	2	2	2	0	3129
13612	11	3	3119	2	0	3135
13613	3279	2	5	2	0	3288
13614	3446	2	0	5	0	3453
13615	3469	0	3	7	0	3479
13616	3456	3	12	3	0	3474
13617	10	7	3413	2	0	3432
13618	6	7	3294	4	0	3311
13619	3484	1	9	3	0	3497
13620	9	3491	6	5	0	3511
13621	10	3	3552	3	0	3568
13622	3571	0	5	3	0	3579
13623	3590	2	4	4	0	3600
13624	9	1	3601	4	0	3615
13625	3534	1	8	2	0	3545
13626	12	2	6	3936	0	3956
13627	4	2	4134	8	0	4148
13628	3927	1	8	2	0	3938
13629	4	4179	7	11	0	4201
13630	4382	6	7	3	0	4398
13631	4908	2	2	8	0	4920
13632	7	6	2	4930	0	4945
13633	5	2	4	4974	0	4985
13634	9	3	1	5065	0	5078
13635	5095	2	5	12	0	5114
13636	5313	3	3	8	0	5327
13637	11	2	2	5353	0	5368
13638	9	1	2	5328	0	5340
13639	13	3	5230	14	0	5260
13640	5114	3	9	11	0	5137
13641	10	3	2	5414	0	5429
13642	5	1	5	5401	0	5412
13643	9	5313	2	19	0	5343
13644	5	12	1	5417	0	5435
13645	8	5	1	5390	0	5404
13646	5364	7	2	21	0	5394
13647	18	5483	1	16	0	5518
13648	6	14	1	5670	0	5691
13649	11	8	0	5638	0	5657
13650	5	7	2	5731	0	5745
13651	3	3	5653	33	0	5692
13652	6	2	17	5626	0	5651
13653	5652	0	6	26	0	5684
13654	22	7	5615	9	0	5653
13655	9	1	17	5748	0	5775
13656	8	4	6	5835	0	5853
13657	5861	1	8	37	0	5907
13658	5768	1	1	20	0	5790
13659	28	2	5813	12	0	5855
13660	5588	2	21	8	0	5619
13661	32	5	5897	10	0	5944
13662	5858	4	32	9	0	5903
13663	40	6252	13	16	0	6321
13664	6485	34	9	10	0	6538
13665	43	6488	2	17	0	6550
13666	6752	41	3	8	0	6804
13667	42	6897	4	15	0	6958
13668	12	49	5	7116	0	7182
13669	11	11	1	7121	0	7144
13670	6	9	4	7084	0	7103
13671	2	6890	5	62	0	6959
13672	5	41	2	7035	0	7083
13673	5	6970	4	49	0	7028
13674	4	43	6	7108	0	7161
13675	7130	11	1	51	0	7193
13676	7043	8	2	20	0	7073
13677	60	6986	6	13	0	7065
13678	24	42	5	7134	0	7205
13679	7095	11	8	51	0	7165
13680	50	7178	3	24	0	7255
13681	22	7209	4	29	0	7264
13682	7381	62	7	8	0	7458
13683	7426	24	2	7	0	7459
13684	66	7344	6	10	0	7426
13685	7490	46	5	9	0	7550
13686	63	17	2	7566	0	7648
13687	22	16	8292	56	0	8386
13688	8417	5	64	23	0	8509
13689	8589	4	21	21	0	8635
13690	104	10	8609	9	0	8732
13691	8785	10	69	6	0	8870
13692	9025	6	24	9	0	9064
13693	9382	7	14	11	0	9414
13694	118	9310	5	12	0	9445
13695	9563	82	5	9	0	9659
13696	9610	32	0	10	0	9652
13697	112	26	2	9579	0	9719
13698	55	9	2	9735	0	9801
13699	32	9	2	9883	0	9926
13700	9875	8	3	128	0	10014
13701	95	13	2	9772	0	9882
13702	9868	7	2	117	0	9994
13703	9964	7	4	46	0	10021
13704	127	15	2	9888	0	10032
13705	65	12	6	10332	0	10415
13706	33	3	3	10431	0	10470
13707	10495	9	11	145	0	10660
13708	113	10413	8	62	0	10596
13709	57	94	5	10722	0	10878
13710	44	36	6	10969	0	11055
13711	10834	31	3	149	0	11017
13712	10876	9	13	71	0	10969
13713	168	8	10565	34	0	10775
13714	73	17	10593	29	0	10712
13715	11103	10	144	24	0	11281
13716	141	14	56	11309	0	11520
13717	72	8	23	12349	0	12452
13718	44	19	12072	233	0	12368
13719	38	17	153	12032	0	12240
13720	37	12168	52	177	0	12434
13721	30	12497	31	85	0	12643
13722	12338	201	26	54	0	12619
13723	185	82	11917	37	0	12221
13724	68	12352	145	40	0	12605
13725	56	173	46	12585	0	12860
13726	45	65	12328	189	0	12627
13727	35	34	159	12112	0	12340
13728	34	18	56	12345	0	12453
13729	30	22	12027	241	0	12320
13730	38	11919	184	117	0	12258
13731	31	164	70	11758	0	12023
13732	11701	58	41	187	0	11987
13733	11746	36	22	87	0	11891
13734	11775	20	19	61	0	11875
13735	244	11543	32	68	0	11887
13736	11473	170	25	38	0	11706
13737	196	69	20	11523	0	11808
13738	72	57	11282	188	0	11599
13739	11255	25	156	84	0	11520
13740	198	11402	59	64	0	11723
13741	71	168	38	11473	0	11750
13742	57	64	24	11498	0	11643
13743	31	11368	24	227	0	11650
13744	50	174	31	11636	0	11891
13745	45	65	21	11768	0	11899
13746	35	37	26	11905	0	12003
13747	11501	33	34	262	0	11830
13748	11435	31	29	119	0	11614
13749	221	26	11370	89	0	11706
13750	98	27	165	11363	0	11653
13751	73	28	59	11615	0	11775
13752	52	36	36	11699	0	11823
13753	11505	41	32	257	0	11835
13754	196	33	11139	117	0	11485
13755	11137	33	161	72	0	11403
13756	11446	25	62	63	0	11596
13757	237	25	47	11363	0	11672
13758	11462	23	29	216	0	11730
13759	215	28	11178	114	0	11535
13760	11084	26	175	89	0	11374
13761	208	11626	69	91	0	11994
13762	103	167	11522	66	0	11858
13763	79	62	11513	69	0	11723
13764	75	88	206	11355	0	11724
13765	74	40	11420	203	0	11737
13766	11135	36	186	104	0	11461
13767	191	10981	73	92	0	11337
13768	11190	158	43	75	0	11466
13769	206	68	35	11291	0	11600
13770	110	45	11203	215	0	11573
13771	71	29	11263	109	0	11472
13772	66	29	197	11355	0	11647
13773	11406	29	83	218	0	11736
13774	190	11164	45	136	0	11535
13775	82	11548	39	117	0	11786
13776	11525	189	33	95	0	11842
13777	200	11559	36	85	0	11880
13778	11692	178	41	59	0	11970
13779	223	76	34	11579	0	11912
13780	11464	42	55	194	0	11755
13781	219	28	49	11436	0	11732
13782	11491	27	37	218	0	11773
13783	200	34	45	11393	0	11672
13784	104	11223	47	207	0	11581
13785	11235	164	40	90	0	11529
13786	190	11145	37	97	0	11469
13787	90	156	10204	53	0	10503
13788	78	46	156	9936	0	10216
13789	52	10245	63	136	0	10496
13790	10175	150	31	71	0	10427
13791	9924	44	33	68	0	10069
13792	183	9838	36	48	0	10105
13793	60	146	9523	40	0	9769
13794	56	50	131	9306	0	9543
13795	44	9381	59	133	0	9617
13796	39	133	38	9532	0	9742
13797	52	50	30	9591	0	9723
13798	9384	46	18	164	0	9612
13799	144	9271	25	67	0	9507
13800	79	123	16	9500	0	9718
13801	9511	53	18	147	0	9729
13802	9517	28	20	64	0	9629
13803	9417	28	26	55	0	9526
13804	175	34	29	9353	0	9591
13805	8988	27	17	137	0	9169
13806	144	8941	14	69	0	9168
13807	8868	118	18	33	0	9037
13808	129	8938	15	37	0	9119
13809	8947	112	23	28	0	9110
13810	8872	31	9	28	0	8940
13811	134	51	17	8821	0	9023
13812	65	17	9162	114	0	9358
13813	53	28	9019	45	0	9145
13814	38	9044	106	40	0	9228
13815	8924	108	65	33	0	9130
13816	116	36	8733	15	0	8900
13817	7285	10	42	5	0	7342
13818	39	7424	12	7	0	7482
13819	15	7844	12	4	0	7875
13820	11	61	1	8149	0	8222
13821	8	8344	7	41	0	8400
13822	22	68	8408	15	0	8513
13823	10	29	58	8364	0	8461
13824	3	8691	21	61	0	8776
13825	8	76	7	8947	0	9038
13826	8941	25	2	83	0	9051
13827	79	16	4	9029	0	9128
13828	33	7	9012	90	0	9142
13829	19	8985	85	34	0	9123
13830	6	100	29	9217	0	9352
13831	7	33	12	9336	0	9388
13832	7	13	6	9440	0	9466
13833	9256	7	5	123	0	9391
13834	9224	3	6	47	0	9280
13835	123	13	9232	13	0	9381
13836	45	18	9145	9	0	9217
13837	14	9048	119	19	0	9200
13838	9576	97	33	8	0	9714
13839	100	35	13	9562	0	9710
13840	37	18	5	9617	0	9677
13841	17	6	7	9658	0	9688
13842	10	9	3	9691	0	9713
13843	8	9	9291	141	0	9449
13844	9166	3	99	54	0	9322
13845	106	6	26	10365	0	10503
13846	41	12	10189	149	0	10391
13847	10395	5	145	59	0	10604
13848	11240	4	58	35	0	11337
13849	227	14	12484	13	0	12738
13850	91	15	12878	10	0	12994
13851	39	7	295	12829	0	13170
13852	12979	3	94	254	0	13330
13853	13128	5	36	77	0	13246
13854	309	9	21	12754	0	13093
13855	95	8	21	13183	0	13307
13856	51	9	12860	312	0	13232
13857	26	8	247	12832	0	13113
13858	30	9	12744	305	0	13088
13859	12414	6	264	86	0	12770
13860	253	12673	85	69	0	13080
13861	12572	245	32	43	0	12892
13862	276	12487	38	42	0	12843
13863	12461	269	26	32	0	12788
13864	298	83	20	12210	0	12611
13865	112	32	24	12438	0	12606
13866	12386	23	9	331	0	12749
13867	12460	22	12	115	0	12609
13868	12535	13	16	49	0	12613
13869	12609	16	13	32	0	12670
13870	392	9	12053	41	0	12495
13871	12199	9	256	38	0	12502
13872	12405	9	84	32	0	12530
13873	12374	5	43	28	0	12450
13874	404	14	25	12048	0	12491
13875	11736	7	28	271	0	12042
13876	305	11630	34	106	0	12075
13877	132	241	30	11794	0	12197
13878	88	72	19	12074	0	12253
13879	61	45	11486	361	0	11953
13880	61	32	242	11533	0	11868
13881	60	11594	87	314	0	12055
13882	11575	274	49	117	0	12015
13883	286	11601	32	102	0	12021
13884	11714	298	24	69	0	12105
13885	341	108	27	11645	0	12121
13886	11504	39	38	323	0	11904
13887	319	11253	36	127	0	11735
13888	11458	283	25	57	0	11823
13889	11616	99	23	50	0	11788
13890	387	56	20	11324	0	11787
13891	184	32	18	11643	0	11877
13892	110	25	11160	382	0	11677
13893	90	25	254	11288	0	11657
13894	77	25	89	11540	0	11731
13895	88	16	11084	389	0	11577
13896	67	19	277	11262	0	11625
13897	72	14	11037	376	0	11499
13898	10962	19	303	137	0	11421
13899	311	24	119	11060	0	11514
13900	145	25	10744	317	0	11231
13901	10770	18	288	130	0	11206
13902	318	18	101	10868	0	11305
13903	142	26	10725	324	0	11217
13904	10742	18	279	128	0	11167
13905	331	20	92	10850	0	11293
13906	130	24	61	10982	0	11197
13907	10804	16	42	395	0	11257
13908	325	25	32	10576	0	10958
13909	134	16	41	10756	0	10947
13910	100	28	27	10432	0	10587
13911	85	10089	35	394	0	10603
13912	9675	264	26	185	0	10150
13913	9809	91	22	102	0	10024
13914	374	44	22	9460	0	9900
13915	9479	32	18	338	0	9867
13916	9601	23	26	163	0	9813
13917	9627	28	34	95	0	9784
13918	9133	31	26	97	0	9287
13919	9282	20	44	62	0	9408
13920	427	14	8415	69	0	8925
13921	173	25	8153	89	0	8440
13922	8002	8	289	63	0	8362
13923	298	7930	111	74	0	8413
13924	123	222	63	7733	0	8141
13925	104	65	7601	270	0	8040
13926	88	37	7697	107	0	7929
13927	64	88	282	7486	0	7920
13928	7430	36	144	295	0	7905
13929	271	30	65	7453	0	7819
13930	106	28	7348	286	0	7768
13931	7656	15	221	139	0	8031
13932	261	9	95	7714	0	8079
13933	110	12	58	7874	0	8054
13934	103	7	30	7967	0	8107
13935	79	11	27	7815	0	7932
13936	72	16	7350	336	0	7774
13937	71	7	211	7414	0	7703
13938	7347	13	80	284	0	7724
13939	243	9	7134	134	0	7520
13940	7231	17	206	96	0	7550
13941	7495	10	61	86	0	7652
13942	7439	18	49	63	0	7569
13943	7343	13	44	64	0	7464
13944	327	7062	27	79	0	7495
13945	111	6132	30	31	0	6304
13946	73	6341	23	37	0	6474
13947	5779	239	106	67	0	6191
13948	183	53	5245	33	0	5514
13949	3594	42	96	11	0	3743
13950	90	11	31	3349	0	3481
13951	3372	5	10	51	0	3438
13952	46	6	4	3356	0	3412
13953	3357	5	5	51	0	3418
13954	50	0	3	3352	0	3405
13955	26	1	10	3473	0	3510
13956	2864	4	11	72	0	2951
13957	51	3600	3	37	0	3691
13958	31	36	3589	18	0	3674
13959	22	3528	37	16	0	3603
13960	13	26	3335	11	0	3385
13961	17	53	31	3103	0	3204
13962	3205	4	29	24	0	3262
13963	22	5	5	3185	0	3217
13964	3152	3	4	29	0	3188
13965	23	3421	6	13	0	3463
13966	16	18	3549	6	0	3589
13967	10	3486	20	8	0	3524
13968	10	3538	7	6	0	3561
13969	3391	13	8	2	0	3414
13970	3307	4	1	3	0	3315
13971	19	3341	3	4	0	3367
13972	5	14	2	3421	0	3442
13973	2	2	3	3429	0	3436
13974	3447	4	2	16	0	3469
13975	13	2	3464	8	0	3487
13976	8	2	3392	2	0	3404
13977	5	0	15	3430	0	3450
13978	2	1	3522	16	0	3541
13979	3345	0	15	5	0	3365
13980	3494	3	2	5	0	3504
13981	14	3406	6	0	0	3426
13982	7	17	3575	0	0	3599
13983	6	2	14	3601	0	3623
13984	0	5	3859	17	0	3881
13985	5	2	16	3846	0	3869
13986	3917	1	4	16	0	3938
13987	16	3995	5	8	0	4024
13988	2	19	4247	5	0	4273
13989	6	4271	23	2	0	4302
13990	0	4474	6	8	0	4488
13991	4581	19	5	3	0	4608
13992	4522	5	0	6	0	4533
13993	22	8	4580	4	0	4614
13994	4	4693	22	10	0	4729
13995	2	21	5	4857	0	4885
13996	2	6	4	4849	0	4861
13997	7	5	2	4831	0	4845
13998	8	2	4933	26	0	4969
13999	6	3	20	4888	0	4917
14000	3	2	8	5089	0	5102
14001	5242	2	4	24	0	5272
14002	5236	2	4	8	0	5250
14003	5245	2	2	11	0	5260
14004	5191	3	3	5	0	5202
14005	5172	3	6	3	0	5184
14006	20	5081	4	9	0	5114
14007	5119	17	3	2	0	5141
14008	23	6	5087	4	0	5120
14009	7	5	16	5103	0	5131
14010	5189	5	1	18	0	5213
14011	17	5147	8	4	0	5176
14012	5352	18	1	8	0	5379
14013	5508	4	0	5	0	5517
14014	20	4	2	5622	0	5648
14015	8	7	2	5702	0	5719
14016	5	6105	5	22	0	6137
14017	5	16	2	6338	0	6361
14018	4	5	6621	20	0	6650
14019	7	6	23	6763	0	6799
14020	4	2	6813	36	0	6855
14021	6519	2	40	14	0	6575
14022	36	1	6	6931	0	6974
14023	8	11	7012	35	0	7066
14024	4	6848	45	19	0	6916
14025	3	6973	8	11	0	6995
14026	7005	38	12	1	0	7056
14027	36	14	6	6973	0	7029
14028	8	6	7407	37	0	7458
14029	5	7130	41	19	0	7195
14030	2	35	7349	6	0	7392
14031	7242	9	44	4	0	7299
14032	7353	5	7	6	0	7371
14033	7386	6	4	2	0	7398
14034	44	3	3	7409	0	7459
14035	14	3	7377	37	0	7431
14036	4	7309	39	17	0	7369
14037	3	35	9	7692	0	7739
14038	2	14	7488	36	0	7540
14039	11	15	7279	7	0	7312
14040	3	4	36	7596	0	7639
14041	7717	2	12	39	0	7770
14042	38	5	4	7694	0	7741
14043	7	3	5	7850	0	7865
14044	7	5	7950	45	0	8007
14045	3	3	40	7900	0	7946
14046	2	2	9	8030	0	8043
14047	14	2	8136	43	0	8195
14048	8	4	8045	13	0	8070
14049	5	3	49	8105	0	8162
14050	12	6	8252	43	0	8313
14051	3	3	43	8234	0	8283
14052	8320	1	13	45	0	8379
14053	37	8465	11	14	0	8527
14054	8	39	3	8725	0	8775
14055	5	10	8563	42	0	8620
14056	7665	7	48	18	0	7738
14057	40	8118	14	14	0	8186
14058	8408	40	7	8	0	8463
14059	43	8	5	8371	0	8427
14060	12	4	4	8348	0	8368
14061	8556	4	8	57	0	8625
14062	43	3	8520	20	0	8586
14063	8402	4	43	8	0	8457
14064	46	1	9	8625	0	8681
14065	8368	2	7	42	0	8419
14066	8356	4	3	14	0	8377
14067	49	4	1	8375	0	8429
14068	13	8471	8	46	0	8538
14069	8775	35	3	12	0	8825
14070	8762	10	5	9	0	8786
14071	63	8	8762	4	0	8837
14072	8703	6	48	6	0	8763
14073	57	2	12	8914	0	8985
14074	17	9021	11	47	0	9096
14075	14	48	4	9021	0	9087
14076	8	8965	10	49	0	9032
14077	9101	51	5	16	0	9173
14078	9550	13	6	13	0	9582
14079	71	9	4	10892	0	10976
14080	33	7	10841	92	0	10973
14081	18	3	10901	50	0	10972
14082	12	14	120	11309	0	11455
14083	11359	2	68	103	0	11532
14084	11836	5	22	56	0	11919
14085	159	11878	16	33	0	12086
14086	72	127	7	12147	0	12353
14087	36	48	12246	135	0	12465
14088	15	28	12592	65	0	12700
14089	14	22	215	13399	0	13650
14090	14317	9	104	219	0	14649
14091	228	5	38	14580	0	14851
14092	75	13	14260	278	0	14626
14093	14353	5	226	97	0	14681
14094	244	2	83	14364	0	14693
14095	87	4	54	14632	0	14777
14096	58	12	27	14327	0	14424
14097	37	13965	33	339	0	14374
14098	27	199	14119	133	0	14478
14099	26	79	14356	83	0	14544
14100	21	48	309	14487	0	14865
14101	24	26	14291	253	0	14594
14102	14161	13	290	112	0	14576
14103	238	9	105	14316	0	14668
14104	90	8	63	14333	0	14494
14105	64	7	39	14350	0	14460
14106	40	14196	30	369	0	14635
14107	14496	234	20	162	0	14912
14108	247	85	26	14510	0	14868
14109	14365	50	30	289	0	14734
14110	268	14357	22	118	0	14765
14111	14391	246	29	79	0	14745
14112	14143	86	35	66	0	14330
14113	14295	54	19	44	0	14412
14114	359	13621	37	61	0	14078
14115	143	14053	34	47	0	14277
14116	13330	306	26	41	0	13703
14117	275	13357	19	48	0	13699
14118	116	281	12852	46	0	13295
14119	74	12634	212	52	0	12972
14120	49	12997	84	43	0	13173
14121	13004	303	55	35	0	13397
14122	254	132	12797	25	0	13208
14123	108	83	12784	35	0	13010
14124	88	46	308	12595	0	13037
14125	9843	34	3088	255	0	13220
14126	231	32	12878	100	0	13241
14127	100	33	270	12906	0	13309
14128	60	36	12508	280	0	12884
14129	53	40	12353	112	0	12558
14130	12105	40	324	77	0	12546
14131	257	38	12315	70	0	12680
14132	124	37	298	12072	0	12531
14133	78	42	133	12306	0	12559
14134	58	12188	94	301	0	12641
14135	52	12501	65	155	0	12773
14136	57	286	64	12401	0	12808
14137	57	136	12216	281	0	12690
14138	47	89	247	12326	0	12709
14139	51	44	128	12591	0	12814
14140	35	44	12561	369	0	13009
14141	40	30	295	12732	0	13097
14142	12834	35	138	347	0	13354
14143	258	31	12672	164	0	13125
14144	12634	36	291	130	0	13091
14145	316	37	156	12575	0	13084
14146	148	29	122	12816	0	13115
14147	98	12654	80	395	0	13227
14148	77	265	70	12979	0	13391
14149	64	112	71	13272	0	13519
14150	12997	90	82	419	0	13588
14151	281	49	74	13139	0	13543
14152	129	37	79	13343	0	13588
14153	12817	38	74	435	0	13364
14154	297	47	75	12943	0	13362
14155	156	44	68	12584	0	12852
14156	109	12606	82	426	0	13223
14157	12789	255	73	226	0	13343
14158	318	115	51	12876	0	13360
14159	141	99	40	13150	0	13430
14160	122	56	12624	432	0	13234
14161	84	53	264	12758	0	13159
14162	72	57	126	13036	0	13291
14163	12513	57	105	438	0	13113
14164	12691	44	73	247	0	13055
14165	376	54	55	12664	0	13149
14166	190	57	12238	367	0	12852
14167	148	12005	278	189	0	12620
14168	92	12279	117	176	0	12664
14169	103	345	95	12283	0	12826
14170	12224	149	75	331	0	12779
14171	297	116	60	12289	0	12762
14172	12302	81	33	390	0	12806
14173	342	55	49	12453	0	12899
14174	183	56	50	12487	0	12776
14175	12165	62	54	422	0	12703
14176	12094	65	49	208	0	12416
14177	395	12024	49	148	0	12616
14178	188	12067	40	118	0	12413
14179	90	260	32	10431	0	10813
14180	76	103	37	10569	0	10785
14181	59	77	10099	287	0	10522
14182	9322	45	205	128	0	9700
14183	208	9727	72	98	0	10105
14184	56	9242	44	75	0	9417
14185	9002	178	72	56	0	9308
14186	190	71	8897	42	0	9200
14187	73	48	8621	43	0	8785
14188	68	55	7934	35	0	8092
14189	33	7066	117	27	0	7243
14190	51	50	92	6309	0	6502
14191	12	14	9	6296	0	6331
14192	16	16	6	6356	0	6394
14193	6249	7	8	72	0	6336
14194	6183	7	7	36	0	6233
14195	64	6239	9	27	0	6339
14196	25	43	13	6496	0	6577
14197	19	20	6524	59	0	6622
14198	12	6564	47	29	0	6652
14199	6604	45	19	23	0	6691
14200	52	23	6514	18	0	6607
14201	6056	13	45	24	0	6138
14202	60	5	6647	15	0	6727
14203	21	25	43	6509	0	6598
14204	16	6602	19	50	0	6687
14205	6815	44	15	20	0	6894
14206	52	6860	7	17	0	6936
14207	6870	47	12	16	0	6945
14208	52	18	9	6791	0	6870
14209	22	22	6971	48	0	7063
14210	18	5	36	7139	0	7198
14211	14	11	16	7715	0	7756
14212	18	11	7584	77	0	7690
14213	7125	7	62	53	0	7247
14214	63	7648	27	25	0	7763
14215	7749	57	12	14	0	7832
14216	68	7755	9	36	0	7868
14217	32	76	9	8102	0	8219
14218	20	32	7922	71	0	8045
14219	9171	17	70	35	0	9293
14220	129	9480	31	27	0	9667
14221	49	130	15	9568	0	9762
14222	35	43	11	9986	0	10075
14223	10433	28	13	174	0	10648
14224	10992	12	14	74	0	11092
14225	217	11066	16	41	0	11340
14226	11943	185	11	22	0	12161
14227	12042	50	12	19	0	12123
14228	12223	34	10	16	0	12283
14229	334	30	11947	18	0	12329
14230	126	11892	230	31	0	12279
14231	62	12373	66	33	0	12534
14232	52	301	39	11816	0	12208
14233	36	113	18	12270	0	12437
14234	12077	64	15	304	0	12460
14235	254	11898	16	113	0	12281
14236	12145	247	10	60	0	12462
14237	289	89	7	11917	0	12302
14238	108	50	12	12208	0	12378
14239	11816	38	11	319	0	12184
14240	11671	33	9	122	0	11835
14241	330	28	11319	85	0	11762
14242	125	23	232	11335	0	11715
14243	82	29	11173	248	0	11532
14244	61	27	11111	87	0	11286
14245	42	23	11235	56	0	11356
14246	10907	28	328	37	0	11300
14247	251	16	119	10892	0	11278
14248	103	23	51	10901	0	11078
14249	58	18	34	11192	0	11302
14250	51	11	10842	335	0	11239
14251	38	21	221	10914	0	11194
14252	42	11	79	11227	0	11359
14253	10839	19	48	325	0	11231
14254	10971	22	34	129	0	11156
14255	11149	11	19	74	0	11253
14256	11161	8	20	60	0	11249
14257	374	17	29	10789	0	11209
14258	10885	24	28	256	0	11193
14259	310	32	22	10834	0	11198
14260	127	21	10331	303	0	10782
14261	10523	19	224	130	0	10896
14262	292	10453	73	83	0	10901
14263	126	245	53	10542	0	10966
14264	89	91	34	10638	0	10852
14265	63	10599	32	318	0	11012
14266	10506	249	22	144	0	10921
14267	284	10314	24	113	0	10735
14268	135	258	10226	62	0	10681
14269	92	101	10391	57	0	10641
14270	10248	53	293	61	0	10655
14271	10559	38	115	58	0	10770
14272	349	30	10218	53	0	10650
14273	10195	29	267	53	0	10544
14274	340	29	10092	46	0	10507
14275	10164	31	271	57	0	10523
14276	328	32	10048	63	0	10471
14277	164	26	10073	61	0	10324
14278	96	43	311	9461	0	9911
14279	95	28	135	9916	0	10174
14280	9820	37	77	343	0	10277
14281	9944	29	63	155	0	10191
14282	10011	28	51	102	0	10192
14283	10017	39	37	80	0	10173
14284	417	9574	45	63	0	10099
14285	212	236	45	9464	0	9957
14286	142	9584	53	270	0	10049
14287	107	263	55	9681	0	10106
14288	95	103	54	9676	0	9928
14289	114	71	52	9644	0	9881
14290	91	55	9145	393	0	9684
14291	9011	35	247	202	0	9495
14292	289	8917	108	144	0	9458
14293	146	9267	79	107	0	9599
14294	134	299	9095	74	0	9602
14295	102	130	243	9081	0	9556
14296	92	67	121	9202	0	9482
14297	8911	44	71	377	0	9403
14298	318	41	63	8838	0	9260
14299	171	31	61	8985	0	9248
14300	115	34	56	9026	0	9231
14301	95	25	71	9104	0	9295
14302	8602	27	63	404	0	9096
14303	8775	27	74	178	0	9054
14304	8847	18	65	129	0	9059
14305	384	24	69	8719	0	9196
14306	8616	21	54	329	0	9020
14307	345	27	52	8742	0	9166
14308	163	25	69	9004	0	9261
14309	130	19	8341	403	0	8893
14310	104	16	8210	182	0	8512
14311	107	20	7791	120	0	8038
14312	7669	25	342	103	0	8139
14313	306	43	155	7244	0	7748
14314	138	7473	82	273	0	7966
14315	7661	222	62	120	0	8065
14316	315	72	7332	112	0	7831
14317	7092	52	240	87	0	7471
14318	288	6837	107	65	0	7297
14319	5496	130	47	48	0	5721
14320	196	63	35	5369	0	5663
14321	5246	17	23	180	0	5466
14322	189	5003	26	81	0	5299
14323	85	4779	24	52	0	4940
14324	4015	123	33	32	0	4203
14325	123	3995	24	18	0	4160
14326	26	2944	14	8	0	2992
14327	26	2940	32	13	0	3011
14328	2721	57	96	6	0	2880
14329	2556	13	14	5	0	2588
14330	2561	8	3	4	0	2576
14331	45	5	2	2522	0	2574
14332	12	2	4	2569	0	2587
14333	9	5	2524	37	0	2575
14334	5	5	28	2514	0	2552
14335	10	3	2554	32	0	2599
14336	6	1	29	2554	0	2590
14337	6	5	6	2592	0	2609
14338	2571	4	6	38	0	2619
14339	2560	2	1	17	0	2580
14340	39	2546	5	5	0	2595
14341	13	32	0	2548	0	2593
14342	5	8	2641	33	0	2687
14343	5	7	29	2621	0	2662
14344	6	3	8	2676	0	2693
14345	5	5	2	2694	0	2706
14346	9	3	2647	41	0	2700
14347	4	4	2537	16	0	2561
14348	2546	2	33	10	0	2591
14349	32	3	14	2600	0	2649
14350	11	1	2583	34	0	2629
14351	2488	3	31	13	0	2535
14352	31	2584	10	11	0	2636
14353	2640	28	6	10	0	2684
14354	38	6	2708	9	0	2761
14355	2602	4	28	7	0	2641
14356	28	5	11	2637	0	2681
14357	13	3	2680	25	0	2721
14358	7	2644	28	14	0	2693
14359	2694	24	11	7	0	2736
14360	25	15	5	2671	0	2716
14361	10	5	6	2663	0	2684
14362	10	2686	6	29	0	2731
14363	4	27	4	2736	0	2771
14364	10	11	2689	24	0	2734
14365	1	2657	25	14	0	2697
14366	2701	17	10	7	0	2735
14367	22	10	3	2663	0	2698
14368	11	6	3	2680	0	2700
14369	8	4	2672	29	0	2713
14370	4	9	23	2670	0	2706
14371	8	4	2752	27	0	2791
14372	3	2774	24	12	0	2813
14373	2776	24	11	5	0	2816
14374	2767	12	6	3	0	2788
14375	2776	5	2	4	0	2787
14376	31	3029	5	7	0	3072
14377	14	26	2	3112	0	3154
14378	8	7	3	3131	0	3149
14379	5	6	2	3097	0	3110
14380	3072	5	5	31	0	3113
14381	3063	5	3	14	0	3085
14382	32	0	3	3060	0	3095
14383	13	4	3416	31	0	3464
14384	6	2	22	3409	0	3439
14385	6	1	8	3452	0	3467
14386	5	1	5	3452	0	3463
14387	3	5	3	3443	0	3454
14388	3452	3	4	36	0	3495
14389	26	6	3	3454	0	3489
14390	10	2	3	3471	0	3486
14391	5	3463	5	33	0	3506
14392	3	26	1	3552	0	3582
14393	4	3570	4	34	0	3612
14394	2	25	4	3601	0	3632
14395	3590	7	4	33	0	3634
14396	29	3557	1	14	0	3601
14397	3573	24	3	10	0	3610
14398	31	13	3601	9	0	3654
14399	11	6	25	3600	0	3642
14400	10	5	3680	28	0	3723
14401	2	4	26	3651	0	3683
14402	6	3	8	3688	0	3705
14403	5	3628	5	34	0	3672
14404	8	3639	4	21	0	3672
14405	3	3618	6	8	0	3635
14406	3571	26	10	8	0	3615
14407	17	3402	2	6	0	3427
14408	0	3397	1	6	0	3404
14409	24	16	6	3473	0	3519
14410	3537	1	0	13	0	3551
14411	10	3716	1	6	0	3733
14412	3885	10	2	2	0	3899
14413	3857	2	1	2	0	3862
14414	12	2	3999	2	0	4015
14415	2	3	11	3924	0	3940
14416	0	1	1	4124	0	4126
14417	1	1	1	4158	0	4161
14418	0	1	1	4113	0	4115
14419	5	2	4026	13	0	4046
14420	3	10	3645	2	0	3660
14421	3797	1	8	3	0	3809
14422	10	3943	4	4	0	3961
14423	1	4013	2	2	0	4018
14424	4108	7	1	1	0	4117
14425	7	4054	3	4	0	4068
14426	1	8	0	4228	0	4237
14427	4256	3	1	12	0	4272
14428	12	3	4329	3	0	4347
14429	3	1	10	4401	0	4415
14430	2	3	4500	12	0	4517
14431	4416	2	10	4	0	4432
14432	12	6	4964	2	0	4984
14433	5066	2	12	4	0	5084
14434	5275	1	3	3	0	5282
14435	5299	2	0	2	0	5303
14436	5334	1	0	6	0	5341
14437	5361	0	1	1	0	5363
14438	15	1	0	5331	0	5347
14439	5680	2	1	17	0	5700
14440	12	1	1	5686	0	5700
14441	1	2	0	5716	0	5719
14442	2	0	0	5795	0	5797
14443	1	0	5871	18	0	5890
14444	2	1	15	5718	0	5736
14445	4	2	3	6004	0	6013
14446	3	4	5878	19	0	5904
14447	5432	4	20	10	0	5466
14448	14	2	3	6029	0	6048
14449	8	3	6038	14	0	6063
14450	3	6	5860	3	0	5872
14451	3	0	14	5878	0	5895
14452	5	2	6066	11	0	6084
14453	0	4	13	6126	0	6143
14454	2	0	4	6146	0	6152
14455	0	6056	5	15	0	6076
14456	1	6100	5	8	0	6114
14457	6286	12	2	0	0	6300
14458	13	3	0	6287	0	6303
14459	4	2	1	6220	0	6227
14460	4	5	0	6374	0	6383
14461	5	4	6455	15	0	6479
14462	2	4	14	6330	0	6350
14463	6459	0	2	22	0	6483
14464	22	4	6540	5	0	6571
14465	2	4	12	6701	0	6719
14466	6	7	2	6812	0	6827
14467	3	0	4	6933	0	6940
14468	0	7205	7	27	0	7239
14469	7432	29	2	6	0	7469
14470	7684	9	3	7	0	7703
14471	58	7907	5	9	0	7979
14472	15	48	0	8478	0	8541
14473	7	11	8434	61	0	8513
14474	3	19	8326	17	0	8365
14475	8572	4	86	14	0	8676
14476	82	2	28	8745	0	8857
14477	9124	5	14	83	0	9226
14478	92	9260	7	32	0	9391
14479	34	9418	5	16	0	9473
14480	9478	119	8	9	0	9614
14481	104	9666	6	9	0	9785
14482	33	110	4	9948	0	10095
14483	27	41	2	9485	0	9555
14484	11	10016	7	117	0	10151
14485	10299	114	4	35	0	10452
14486	116	47	10274	23	0	10460
14487	10052	19	111	20	0	10202
14488	135	13	10441	11	0	10600
14489	9746	19	134	15	0	9914
14490	150	6	10602	11	0	10769
14491	50	10354	131	11	0	10546
14492	32	121	42	10695	0	10890
14493	10621	45	31	132	0	10829
14494	136	27	10492	48	0	10703
14495	61	16	10522	22	0	10621
14496	26	13	163	10321	0	10523
14497	25	10	10658	132	0	10825
14498	16	12	143	10451	0	10622
14499	20	15	54	10612	0	10701
14500	15	19	10639	170	0	10843
14501	15	10	133	10652	0	10810
14502	10884	6	66	154	0	11110
14503	133	10679	34	68	0	10914
14504	11012	125	21	37	0	11195
14505	142	52	22	10874	0	11090
14506	10930	26	16	152	0	11124
14507	11183	12	21	59	0	11275
14508	178	15	20	11009	0	11222
14509	79	11004	29	131	0	11243
14510	11323	113	26	52	0	11514
14511	157	49	10840	36	0	11082
14512	71	25	10750	27	0	10873
14513	10708	22	171	28	0	10929
14514	140	14	70	10793	0	11017
14515	68	14	10830	137	0	11049
14516	40	9	142	10898	0	11089
14517	10963	13	62	152	0	11190
14518	11182	14	42	70	0	11308
14519	11143	17	27	44	0	11231
14520	185	11285	27	39	0	11536
14521	78	128	20	11481	0	11707
14522	45	49	21	11555	0	11670
14523	11418	28	15	179	0	11640
14524	156	11240	15	90	0	11501
14525	11408	131	18	40	0	11597
14526	163	50	18	11270	0	11501
14527	11259	36	23	138	0	11456
14528	175	30	10740	60	0	11005
14529	86	10764	132	48	0	11030
14530	51	144	54	10686	0	10935
14531	38	11084	30	125	0	11277
14532	37	133	22	10887	0	11079
14533	10844	60	26	142	0	11072
14534	156	40	10387	64	0	10647
14535	10349	25	138	38	0	10550
14536	150	10646	56	50	0	10902
14537	75	126	43	11023	0	11267
14538	51	55	32	11156	0	11294
14539	10814	39	38	177	0	11068
14540	166	25	10597	90	0	10878
14541	79	24	117	10875	0	11095
14542	58	21	56	10833	0	10968
14543	44	24	40	10796	0	10904
14544	35	23	32	10903	0	10993
14545	10682	16	24	214	0	10936
14546	10662	22	23	110	0	10817
14547	197	23	10639	71	0	10930
14548	85	30	10447	63	0	10625
14549	10880	15	172	48	0	11115
14550	11268	16	69	43	0	11396
14551	202	22	41	11135	0	11400
14552	89	19	37	11210	0	11355
14553	11031	18	28	192	0	11269
14554	163	10815	36	106	0	11120
14555	85	125	27	11034	0	11271
14556	57	45	29	11189	0	11320
14557	53	33	10862	202	0	11150
14558	41	21	130	10880	0	11072
14559	51	20	10923	184	0	11178
14560	44	22	146	10945	0	11157
14561	10842	15	70	183	0	11110
14562	143	14	45	10914	0	11116
14563	80	9	10713	198	0	11000
14564	50	10344	149	107	0	10650
14565	40	138	56	11021	0	11255
14566	53	45	10877	174	0	11149
14567	48	10927	141	103	0	11219
14568	63	157	56	10856	0	11132
14569	43	58	10660	141	0	10902
14570	8803	25	132	98	0	9058
14571	113	10290	60	59	0	10522
14572	57	9953	29	47	0	10086
14573	34	10087	28	43	0	10192
14574	61	188	34	9770	0	10053
14575	41	63	10065	101	0	10270
14576	21	9953	103	61	0	10138
14577	43	183	48	9875	0	10149
14578	10187	51	19	110	0	10367
14579	117	22	16	12925	0	13080
14580	62	45	14447	295	0	14849
14581	37	14691	295	132	0	15155
14582	14453	321	92	62	0	14928
14583	297	14623	54	58	0	15032
14584	110	356	13842	33	0	14341
14585	48	14124	299	37	0	14508
14586	34	395	111	13988	0	14528
14587	37	165	13592	310	0	14104
14588	40	13642	297	126	0	14105
14589	41	351	112	13591	0	14095
14590	20	161	81	13625	0	13887
14591	16	13574	73	400	0	14063
14592	23	357	46	13811	0	14237
14593	17	160	13438	402	0	14017
14594	16	114	13655	158	0	13943
14595	8	80	391	13740	0	14219
14596	13580	62	154	395	0	14191
14597	13618	55	83	186	0	13942
14598	386	59	69	13314	0	13828
14599	143	13294	71	379	0	13887
14600	71	332	71	13548	0	14022
14601	13245	123	78	420	0	13866
14602	345	87	63	13227	0	13722
14603	165	55	43	13489	0	13752
14604	13125	67	40	476	0	13708
14605	347	12918	38	244	0	13547
14606	152	362	36	13078	0	13628
14607	12955	156	28	411	0	13550
14608	368	95	12463	221	0	13147
14609	12597	66	317	171	0	13151
14610	394	78	117	12726	0	13315
14611	12738	52	70	428	0	13288
14612	12884	77	42	210	0	13213
14613	12622	63	44	164	0	12893
14614	494	12342	56	139	0	13031
14615	246	346	11949	81	0	12622
14616	147	12326	324	103	0	12900
14617	12253	363	131	109	0	12856
14618	451	12169	77	92	0	12789
14619	230	384	44	12198	0	12856
14620	11809	168	45	369	0	12391
14621	378	11809	46	178	0	12411
14622	212	405	11543	115	0	12275
14623	146	202	310	11853	0	12511
14624	103	139	11590	415	0	12247
14625	96	11698	366	277	0	12437
14626	104	398	137	11593	0	12232
14627	95	191	87	11896	0	12269
14628	85	144	61	12015	0	12305
14629	69	88	96	11725	0	11978
14630	60	11474	82	521	0	12137
14631	11388	374	74	239	0	12075
14632	362	201	11145	193	0	11901
14633	166	102	359	11401	0	12028
14634	11289	79	141	459	0	11968
14635	398	101	11120	237	0	11856
14636	194	10906	347	159	0	11606
14637	118	425	158	10866	0	11567
14638	110	180	10764	416	0	11470
14639	96	10927	383	205	0	11611
14640	10558	414	180	150	0	11302
14641	377	10809	121	132	0	11439
14642	175	439	87	10576	0	11277
14643	98	212	87	11079	0	11476
14644	10616	157	81	531	0	11385
14645	366	10631	89	279	0	11365
14646	160	423	96	10785	0	11464
14647	10345	219	86	449	0	11099
14648	10336	153	68	274	0	10831
14649	481	10089	59	228	0	10857
14650	10167	406	40	165	0	10778
14651	10373	201	32	182	0	10788
14652	518	158	41	10022	0	10739
14653	278	111	9723	431	0	10543
14654	202	97	355	9919	0	10573
14655	172	97	137	10196	0	10602
14656	159	99	9537	524	0	10319
14657	157	9595	355	287	0	10394
14658	144	381	133	9757	0	10415
14659	96	185	113	10047	0	10441
14660	87	116	92	10178	0	10473
14661	101	84	97	9978	0	10260
14662	112	9653	86	567	0	10418
14663	9721	397	67	292	0	10477
14664	9807	177	58	240	0	10282
14665	9538	105	28	217	0	9888
14666	524	8999	31	205	0	9759
14667	221	406	39	8869	0	9535
14668	159	180	8578	461	0	9378
14669	168	145	308	8577	0	9198
14670	168	8775	108	420	0	9471
14671	8412	371	74	175	0	9032
14672	8452	179	39	144	0	8814
14673	8255	133	47	126	0	8561
14674	470	7981	56	154	0	8661
14675	201	7612	91	115	0	8019
14676	139	7660	75	120	0	7994
14677	149	420	7116	105	0	7790
14678	140	280	6652	110	0	7182
14679	228	903	201	2742	0	4074
14680	1704	12	90	37	0	1843
14681	1632	5	2	8	0	1647
14682	24	3	2	1710	0	1739
14683	9	5	1	1715	0	1730
14684	4	2	2	1729	0	1737
14685	1	1	4	1752	0	1758
14686	1750	4	0	28	0	1782
14687	1800	1	1	9	0	1811
14688	28	1832	3	7	0	1870
14689	1886	24	2	6	0	1918
14690	1877	6	1	5	0	1889
14691	1896	4	1	3	0	1904
14692	34	6	1797	2	0	1839
14693	1847	2	21	1	0	1871
14694	28	1842	6	5	0	1881
14695	8	25	4	1924	0	1961
14696	4	5	2	1928	0	1939
14697	4	1928	1	34	0	1967
14698	4	26	2	1970	0	2002
14699	1938	8	2	27	0	1975
14700	27	2	1	1970	0	2000
14701	10	6	1909	30	0	1955
14702	1884	1	25	11	0	1921
14703	27	1980	8	7	0	2022
14704	10	28	1	2006	0	2045
14705	4	10	2	2007	0	2023
14706	4	4	0	2018	0	2026
14707	8	0	1941	33	0	1982
14708	5	1888	24	16	0	1933
14709	3	26	5	1932	0	1966
14710	2	5	1887	28	0	1922
14711	4	2	23	1887	0	1916
14712	2	5	1877	27	0	1911
14713	3	5	21	1862	0	1891
14714	4	1858	10	19	0	1891
14715	8	24	1	1890	0	1923
14716	1882	5	2	25	0	1914
14717	1897	3	3	9	0	1912
14718	27	6	1844	9	0	1886
14719	5	6	1766	2	0	1779
14720	3	6	1952	2	0	1963
14721	3	4	31	1950	0	1988
14722	2	3	9	2065	0	2079
14723	4	1	1	2089	0	2095
14724	6	2092	2	32	0	2132
14725	3	25	3	2126	0	2157
14726	4	9	2	2176	0	2191
14727	3	4	2	2213	0	2222
14728	2198	3	2	36	0	2239
14729	2215	1	1	14	0	2231
14730	33	4	2213	7	0	2257
14731	10	8	2198	8	0	2224
14732	2226	1	30	9	0	2266
14733	2300	1	8	8	0	2317
14734	35	4	2402	6	0	2447
14735	12	4	2343	4	0	2363
14736	2370	1	29	5	0	2405
14737	2430	4	9	6	0	2449
14738	30	4	2413	4	0	2451
14739	9	4	18	2407	0	2438
14740	6	6	6	2431	0	2449
14741	6	2555	5	28	0	2594
14742	7	22	5	2621	0	2655
14743	9	5	2753	30	0	2797
14744	5	2	28	2762	0	2797
14745	8	4	13	2804	0	2829
14746	8	3	2722	35	0	2768
14747	2691	3	28	23	0	2745
14748	2775	2	12	17	0	2806
14749	34	1	5	2744	0	2784
14750	15	2	5	2773	0	2795
14751	2769	7	4	36	0	2816
14752	2736	4	2	22	0	2764
14753	2716	3	7	11	0	2737
14754	2751	3	2	10	0	2766
14755	42	2667	3	9	0	2721
14756	2645	25	9	5	0	2684
14757	29	2639	5	5	0	2678
14758	15	24	3	2647	0	2689
14759	8	11	3	2623	0	2645
14760	7	2581	4	39	0	2631
14761	6	28	6	2614	0	2654
14762	4	12	3	2596	0	2615
14763	4	2541	4	43	0	2592
14764	4	29	4	2562	0	2599
14765	6	12	2	2585	0	2605
14766	8	6	4	2598	0	2616
14767	4	2	2508	45	0	2559
14768	0	2423	28	27	0	2478
14769	6	29	12	2383	0	2430
14770	10	2429	8	28	0	2475
14771	2431	25	4	13	0	2473
14772	26	9	2393	12	0	2440
14773	15	5	2339	9	0	2368
14774	2326	2	28	6	0	2362
14775	32	5	15	2332	0	2384
14776	15	3	2239	22	0	2279
14777	9	4	2180	17	0	2210
14778	6	14	24	2125	0	2169
14779	2126	3	11	23	0	2163
14780	2104	4	6	13	0	2127
14781	25	2	9	2090	0	2126
14782	13	2	2020	26	0	2061
14783	8	2081	17	17	0	2123
14784	7	21	10	2114	0	2152
14785	5	5	2101	21	0	2132
14786	5	2068	17	20	0	2110
14787	13	20	7	2050	0	2090
14788	2025	8	3	20	0	2056
14789	19	3	4	1958	0	1984
14790	6	1981	7	20	0	2014
14791	2025	11	4	8	0	2048
14792	16	9	2073	6	0	2104
14793	6	2013	15	12	0	2046
14794	16	14	2051	3	0	2084
14795	1993	7	21	5	0	2026
14796	10	6	9	1994	0	2019
14797	8	2	7	2036	0	2053
14798	2044	2	3	18	0	2067
14799	14	2	3	2046	0	2065
14800	7	2	2013	18	0	2040
14801	1951	4	9	12	0	1976
14802	15	2049	7	10	0	2081
14803	9	13	4	2031	0	2057
14804	2032	6	5	14	0	2057
14805	13	1990	9	9	0	2021
14806	9	18	2	2086	0	2115
14807	2118	6	3	17	0	2144
14808	13	6	5	2117	0	2141
14809	9	2094	3	21	0	2127
14810	6	15	2169	12	0	2202
14811	8	9	11	2214	0	2242
14812	5	5	9	2190	0	2209
14813	2227	4	6	21	0	2258
14814	15	4	6	2217	0	2242
14815	2230	2	6	22	0	2260
14816	2223	3	3	15	0	2244
14817	25	6	5	2189	0	2225
14818	16	2222	5	20	0	2263
14819	7	21	2	2225	0	2255
14820	2074	5	4	25	0	2108
14821	23	2098	1	11	0	2133
14822	12	2159	1	8	0	2180
14823	2189	19	5	6	0	2219
14824	2210	8	3	3	0	2224
14825	30	2219	1	6	0	2256
14826	2244	26	7	10	0	2287
14827	2233	10	9	2	0	2254
14828	26	4	2	2253	0	2285
14829	6	5	2348	31	0	2390
14830	9	13	27	2352	0	2401
14831	6	2	2416	37	0	2461
14832	2	5	28	2412	0	2447
14833	8	3	2395	30	0	2436
14834	2264	2	25	21	0	2312
14835	28	6	11	2295	0	2340
14836	2326	0	3	28	0	2357
14837	35	6	3	2282	0	2326
14838	17	2336	2	28	0	2383
14839	2418	27	4	17	0	2466
14840	33	18	2313	9	0	2373
14841	2203	6	21	4	0	2234
14842	23	2209	9	7	0	2248
14843	2109	22	3	2	0	2136
14844	2106	8	2	3	0	2119
14845	33	2107	1	5	0	2146
14846	13	25	2	2201	0	2241
14847	2191	9	2	30	0	2232
14848	30	2180	2	14	0	2226
14849	18	28	1	2210	0	2257
14850	2223	12	3	34	0	2272
14851	33	1	2	2209	0	2245
14852	15	6	2	2230	0	2253
14853	5	1	2	2245	0	2253
14854	8	0	2180	43	0	2231
14855	4	5	28	2198	0	2235
14856	2245	3	10	37	0	2295
14857	34	2	2219	15	0	2270
14858	17	6	31	2233	0	2287
14859	2	3	12	2305	0	2322
14860	10	1	2250	42	0	2303
14861	2206	4	28	15	0	2253
14862	2314	4	12	7	0	2337
14863	44	5	2296	7	0	2352
14864	16	3	32	2267	0	2318
14865	7	3	10	2361	0	2381
14866	10	3	2479	44	0	2536
14867	3	5	32	2557	0	2597
14868	6	1	13	2647	0	2667
14869	10	2	2674	56	0	2742
14870	2661	5	45	19	0	2730
14871	43	1	13	2771	0	2828
14872	2763	0	1	49	0	2813
14873	2767	0	11	21	0	2799
14874	54	0	2746	11	0	2811
14875	16	1	38	2749	0	2804
14876	2743	0	23	44	0	2810
14877	44	2803	4	33	0	2884
14878	16	40	6	2898	0	2960
14879	6	12	10	2962	0	2990
14880	13	0	4	2996	0	3013
14881	6	5	2926	63	0	3000
14882	2730	1	49	22	0	2802
14883	51	3	14	2826	0	2894
14884	20	1	5	2867	0	2893
14885	5	2	2804	67	0	2878
14886	10	0	41	2828	0	2879
14887	4	7	15	2896	0	2922
14888	2816	0	6	68	0	2890
14889	55	2771	7	25	0	2858
14890	15	46	2799	15	0	2875
14891	2815	10	49	12	0	2886
14892	54	3	13	2786	0	2856
14893	16	4	2829	57	0	2906
14894	7	1	2869	25	0	2902
14895	12	0	59	2905	0	2976
14896	9	3	2958	56	0	3026
14897	3	4	3008	31	0	3046
14898	9	2856	54	15	0	2934
14899	4	53	16	3096	0	3169
14900	5	14	3097	58	0	3174
14901	11	1	48	3081	0	3141
14902	3239	4	20	55	0	3318
14903	45	2	11	3226	0	3284
14904	18	1	13	3303	0	3335
14905	3229	1	7	75	0	3312
14906	3217	2	9	25	0	3253
14907	61	2	12	3358	0	3433
14908	16	5	3385	62	0	3468
14909	11	3324	48	28	0	3411
14910	9	52	19	3384	0	3464
14911	3364	16	12	56	0	3448
14912	3398	5	4	23	0	3430
14913	60	3327	9	17	0	3413
14914	16	3419	13	19	0	3467
14915	3472	51	7	6	0	3536
14916	3485	14	13	10	0	3522
14917	62	4	3568	18	0	3652
14918	22	7	50	3521	0	3600
14919	8	3596	21	47	0	3672
14920	3746	42	5	29	0	3822
14921	53	20	5	3709	0	3787
14922	21	3616	9	52	0	3698
14923	10	42	3638	25	0	3715
14924	16	37	38	3481	0	3572
14925	10	3745	16	49	0	3820
14926	3827	38	9	24	0	3898
14927	3843	17	10	10	0	3880
14928	52	3745	5	23	0	3825
14929	3690	34	9	14	0	3747
14930	3640	12	8	12	0	3672
14931	39	3613	5	14	0	3671
14932	17	3664	8	13	0	3702
14933	12	47	10	3660	0	3729
14934	3669	14	3	44	0	3730
14935	37	6	3825	13	0	3881
14936	3671	3	34	14	0	3722
14937	30	3825	15	13	0	3883
14938	3876	35	6	5	0	3922
14939	3856	11	6	10	0	3883
14940	3913	5	3	7	0	3928
14941	44	7	7	3865	0	3923
14942	15	3848	9	44	0	3916
14943	3951	38	9	14	0	4012
14944	42	9	3992	7	0	4050
14945	11	3947	38	11	0	4007
14946	9	29	9	4136	0	4183
14947	13	6	4043	30	0	4092
14948	9	15	4118	7	0	4149
14949	13	3	29	4137	0	4182
14950	10	5	10	4325	0	4350
14951	7	12	2	4352	0	4373
14952	7	6	6	4299	0	4318
14953	9	4194	6	42	0	4251
14954	11	4321	3	12	0	4347
14955	4428	35	3	9	0	4475
14956	32	8	7	4410	0	4457
14957	12	8	4	4451	0	4475
14958	13	3	3	4484	0	4503
14959	4461	6	3	34	0	4504
14960	4486	6	2	13	0	4507
14961	41	7	2	4482	0	4532
14962	4558	7	2	34	0	4601
14963	4581	7	0	12	0	4600
14964	4677	7	9	3	0	4696
14965	40	6	6	4618	0	4670
14966	8	12	4411	32	0	4463
14967	8	8	4172	11	0	4199
14968	13	4	4332	3	0	4352
14969	11	3	4424	1	0	4439
14970	22	22	26	4355	0	4425
14971	4445	4	5	21	0	4475
14972	4387	1	3	8	0	4399
14973	22	2	4426	4	0	4454
14974	7	7	4490	2	0	4506
14975	3	4840	29	9	0	4881
14976	4	18	7	5052	0	5081
14977	5092	3	5	17	0	5117
14978	18	1	5115	8	0	5142
14979	5021	3	13	5	0	5042
14980	16	5328	9	7	0	5360
14981	8	14	2	5590	0	5614
14982	4	4	3	5791	0	5802
14983	5	5	5	5808	0	5823
14984	5856	3	4	30	0	5893
14985	25	1	1	5877	0	5904
14986	9	3	3	5891	0	5906
14987	5908	2	4	33	0	5947
14988	26	3	3	5848	0	5880
14989	10	2	5971	24	0	6007
14990	5918	0	25	15	0	5958
14991	26	3	6	6099	0	6134
14992	12	4	5	6017	0	6038
14993	13	5969	1	26	0	6009
14994	6120	20	6	17	0	6163
14995	6153	7	7	8	0	6175
14996	36	6	2	6147	0	6191
14997	11	2	6170	28	0	6211
14998	5839	3	28	11	0	5881
14999	29	4	6291	11	0	6335
15000	14	2	26	6211	0	6253
15001	11	3	9	6444	0	6467
15002	6433	2	7	49	0	6491
15003	44	3	5	6741	0	6793
15004	18	4	6783	48	0	6853
15005	6700	8	53	14	0	6775
15006	56	0	7312	10	0	7378
15007	19	8	7367	12	0	7406
15008	7728	4	81	3	0	7816
15009	67	7	15	8195	0	8284
15010	17	8471	18	57	0	8563
15011	8671	60	6	10	0	8747
15012	8636	10	4	20	0	8670
15013	75	5	8554	11	0	8645
15014	8522	4	66	3	0	8595
15015	77	6	22	8798	0	8903
15016	22	5	8993	66	0	9086
15017	13	8751	73	47	0	8884
15018	8907	65	20	12	0	9004
15019	67	9145	12	5	0	9229
15020	21	78	13	9320	0	9432
15021	14	18	4	9452	0	9488
15022	11	11	9	9509	0	9540
15023	14	9	7	9384	0	9414
15024	10	9387	11	84	0	9492
15025	9	67	9130	26	0	9232
15026	8	9238	59	21	0	9326
15027	9437	65	20	9	0	9531
15028	69	29	10	9390	0	9498
15029	9475	8	4	74	0	9561
15030	69	8	5	9544	0	9626
15031	10071	7	1	76	0	10155
15032	72	10213	7	37	0	10329
15033	10725	66	6	15	0	10812
15034	10778	20	10	15	0	10823
15035	10597	12	2	8	0	10619
15036	10765	8	6	10	0	10789
15037	86	10555	5	20	0	10666
15038	34	64	10718	7	0	10823
15039	21	23	61	10791	0	10896
15040	10857	10	15	73	0	10955
15041	10999	12	11	24	0	11046
15042	100	5	7	11074	0	11186
15043	30	10	11346	85	0	11471
15044	22	12	78	11171	0	11283
15045	20	11299	20	94	0	11433
15046	11600	81	8	31	0	11720
15047	90	21	12	11619	0	11742
15048	35	11323	10	94	0	11462
15049	17	11940	14	30	0	12001
15050	18	12036	8	17	0	12079
15051	26	97	8	12149	0	12280
15052	12164	29	6	101	0	12300
15053	108	12113	4	38	0	12263
15054	28	94	8	12403	0	12533
15055	12365	24	10	104	0	12503
15056	97	20	8	12356	0	12481
15057	12391	16	4	101	0	12512
15058	12405	16	4	38	0	12463
15059	129	12709	9	31	0	12878
15060	43	97	5	12724	0	12869
15061	27	12890	9	82	0	13008
15062	13051	101	11	24	0	13187
15063	13063	27	6	33	0	13129
15064	13244	12	11	16	0	13283
15065	128	21	4	13197	0	13350
15066	46	22	13033	97	0	13198
15067	12851	13	98	36	0	12998
15068	13361	15	21	25	0	13422
15069	129	15	9	13180	0	13333
15070	49	13254	14	107	0	13424
15071	30	104	7	13644	0	13785
15072	31	32	5	13841	0	13909
15073	13894	20	9	133	0	14056
15074	13812	25	12	48	0	13897
15075	139	19	13372	24	0	13554
15076	45	16	97	13427	0	13585
15077	13698	20	23	112	0	13853
15078	122	17	7	13819	0	13965
15079	55	22	13724	124	0	13925
15080	29	12970	113	61	0	13173
15081	41	13672	24	29	0	13766
15082	15311	118	14	31	0	15474
15083	173	35	7	16242	0	16457
15084	65	19	9	18783	0	18876
15085	18682	25	15	358	0	19080
15086	345	21	18436	107	0	18909
15087	100	25	284	18722	0	19131
15088	85	33	18476	340	0	18934
15089	56	18526	329	132	0	19043
15090	19496	303	96	72	0	19967
15091	19888	77	58	60	0	20083
15092	20116	51	40	32	0	20239
15093	435	39	19377	37	0	19888
15094	19838	29	303	41	0	20211
15095	20330	23	94	30	0	20477
15096	444	32	45	20057	0	20578
15097	19791	16	71	323	0	20201
15098	386	38	19723	92	0	20239
15099	19495	15	306	62	0	19878
15100	399	48	19230	63	0	19740
15101	150	19820	333	51	0	20354
15102	115	418	108	18787	0	19428
15103	84	19887	81	286	0	20338
15104	75	350	19305	74	0	19804
15105	42	19891	303	61	0	20297
15106	19101	342	95	31	0	19569
15107	277	18823	79	49	0	19228
15108	92	18651	45	39	0	18827
15109	88	342	18003	34	0	18467
15110	65	136	275	17994	0	18470
15111	18238	76	89	282	0	18685
15112	295	74	17899	80	0	18348
15113	98	17962	301	97	0	18458
15114	75	293	88	18180	0	18636
15115	71	86	18170	285	0	18612
15116	52	55	17919	90	0	18116
15117	44	49	343	18033	0	18469
15118	56	47	17857	319	0	18279
15119	63	66	344	16243	0	16716
15120	38	17372	133	278	0	17821
15121	42	282	79	17315	0	17718
15122	41	17466	93	299	0	17899
15123	46	317	51	17626	0	18040
15124	17097	93	40	325	0	17555
15125	308	65	45	17223	0	17641
15126	108	17131	42	345	0	17626
15127	76	289	52	17609	0	18026
15128	83	82	17224	356	0	17745
15129	63	68	281	17456	0	17868
15130	17388	54	100	365	0	17907
15131	319	49	16502	122	0	16992
15132	111	32	311	16525	0	16979
15133	16218	39	91	333	0	16681
15134	309	16018	98	132	0	16557
15135	123	301	71	16133	0	16628
15136	16256	90	50	339	0	16735
15137	345	80	37	16198	0	16660
15138	133	70	15618	336	0	16157
15139	15569	67	297	138	0	16071
15140	344	15765	102	98	0	16309
15141	115	15995	84	92	0	16286
15142	16155	333	72	70	0	16630
15143	15996	121	64	61	0	16242
15144	368	98	54	15684	0	16204
15145	15804	75	62	285	0	16226
15146	381	71	15297	122	0	15871
15147	15511	66	291	117	0	15985
15148	355	15211	109	125	0	15800
15149	15480	273	121	78	0	15952
15150	385	102	15254	91	0	15832
15151	172	89	314	15564	0	16139
15152	136	84	151	15775	0	16146
15153	127	89	130	14850	0	15196
15154	129	15446	106	367	0	16048
15155	15737	294	77	198	0	16306
15156	378	129	95	14514	0	15116
15157	189	14905	97	320	0	15511
15158	16298	301	97	121	0	16817
15159	15789	111	77	124	0	16101
15160	16089	107	64	103	0	16363
15161	15998	80	99	114	0	16291
15162	15834	57	90	97	0	16078
15163	472	74	89	15506	0	16141
15164	252	76	97	15631	0	16056
15165	15346	65	96	382	0	15889
15166	350	107	84	15358	0	15899
15167	179	109	82	15446	0	15816
15168	124	121	14353	394	0	14992
15169	14945	114	299	194	0	15552
15170	15181	108	112	175	0	15576
15171	15262	125	100	129	0	15616
15172	410	124	117	14003	0	14654
15173	205	14505	82	327	0	15119
15174	15962	311	84	137	0	16494
15175	15755	145	98	143	0	16141
15176	443	105	87	16737	0	17372
15177	16534	96	98	387	0	17115
15178	494	295	13819	241	0	14849
15179	218	16569	339	177	0	17303
15180	177	17077	179	164	0	17597
15181	226	448	16313	131	0	17118
15182	69	14743	326	138	0	15276
15183	93	14000	147	120	0	14360
15184	11438	147	157	54	0	11796
15185	127	11243	41	67	0	11478
15186	68	144	33	11492	0	11737
15187	11785	63	30	141	0	12019
15188	142	53	11396	65	0	11656
15189	11316	58	108	64	0	11546
15190	166	35	11256	60	0	11517
15191	74	35	11129	41	0	11279
15192	11070	24	140	55	0	11289
15193	147	16	11197	53	0	11413
15194	67	10666	134	33	0	10900
15195	58	114	64	10890	0	11126
15196	10859	43	33	112	0	11047
15197	120	10511	26	65	0	10722
15198	51	107	27	10707	0	10892
15199	43	41	10614	133	0	10831
15200	42	47	103	10677	0	10869
15201	10410	32	47	142	0	10631
15202	131	16	10242	69	0	10458
15203	76	18	108	10129	0	10331
15204	10195	26	42	126	0	10389
15205	10379	14	32	52	0	10477
15206	172	13	25	10300	0	10510
15207	92	14	9	10421	0	10536
15208	58	15	10457	143	0	10673
15209	58	18	10376	64	0	10516
15210	10584	21	138	46	0	10789
15211	10830	17	61	38	0	10946
15212	149	10632	43	37	0	10861
15213	10798	104	25	19	0	10946
15214	11100	37	18	23	0	11178
15215	169	30	11551	19	0	11769
15216	75	11672	125	26	0	11898
15217	12202	119	66	9	0	12396
15218	12153	42	28	7	0	12230
15219	12410	23	16	8	0	12457
15220	186	24	14	12120	0	12344
15221	82	13	13	12205	0	12313
15222	48	12029	9	163	0	12249
15223	38	123	7	12420	0	12588
15224	12330	42	7	159	0	12538
15225	135	20	8	12413	0	12576
15226	52	19	12227	161	0	12459
15227	35	20	12012	70	0	12137
15228	33	11	160	12137	0	12341
15229	21	8	12343	154	0	12526
15230	22	17	12231	62	0	12332
15231	23	8	192	11917	0	12140
15232	20	13	75	12550	0	12658
15233	13	7	12542	183	0	12745
15234	22	20	12472	71	0	12585
15235	18	12406	191	53	0	12668
15236	12825	142	76	23	0	13066
15237	146	12893	50	34	0	13123
15238	13120	159	27	21	0	13327
15239	13273	65	25	15	0	13378
15240	205	13223	23	19	0	13470
15241	13460	176	16	12	0	13664
15242	214	56	18	13250	0	13538
15243	83	34	13376	168	0	13661
15244	58	28	165	13259	0	13510
15245	41	14	50	13639	0	13744
15246	13104	16	35	227	0	13382
15247	13133	20	29	89	0	13271
15248	13203	14	14	59	0	13290
15249	13193	16	16	33	0	13258
15250	12722	9	14	34	0	12779
15251	252	12167	22	30	0	12471
15252	96	163	21	12575	0	12855
15253	68	54	13254	183	0	13559
15254	50	29	174	13297	0	13550
15255	33	27	55	13569	0	13684
15256	42	12	42	14075	0	14171
15257	14545	13	33	258	0	14849
15258	230	9	18	14519	0	14776
15259	14747	11	21	275	0	15054
15260	277	18	14912	101	0	15308
15261	102	11	242	17434	0	17789
15262	69	29	17757	353	0	18208
15263	17830	16	350	112	0	18308
15264	357	10	100	18018	0	18485
15265	111	20	18090	362	0	18583
15266	90	8	356	18314	0	18768
15267	18442	19	113	427	0	19001
15268	374	17	18415	142	0	18948
15269	18484	15	366	103	0	18968
15270	19052	9	120	86	0	19267
15271	18824	9	92	74	0	18999
15272	18527	7	64	74	0	18672
15273	495	17971	68	70	0	18604
15274	192	17027	56	56	0	17331
15275	142	17101	48	66	0	17357
15276	101	515	61	15232	0	15909
15277	87	15429	38	278	0	15832
15278	15287	289	34	74	0	15684
15279	297	14927	42	75	0	15341
15280	113	15283	37	70	0	15503
15281	103	324	48	15315	0	15790
15282	82	123	37	15654	0	15896
15283	15289	86	47	346	0	15768
15284	310	66	45	15425	0	15846
15285	119	67	14952	358	0	15496
15286	122	76	14436	137	0	14771
15287	106	53	14875	104	0	15138
15288	119	56	349	14470	0	14994
15289	113	42	127	15461	0	15743
15290	126	52	14948	372	0	15498
15291	103	60	14691	144	0	14998
15292	98	74	14980	107	0	15259
15293	14990	73	403	91	0	15557
15294	326	78	135	15152	0	15691
15295	108	72	107	15455	0	15742
15296	15289	70	92	398	0	15849
15297	333	71	78	15139	0	15621
15298	128	14966	70	376	0	15540
15299	105	15491	63	175	0	15834
15300	75	340	60	15524	0	15999
15301	15428	122	57	384	0	15991
15302	15480	82	55	176	0	15793
15303	15696	61	77	158	0	15992
15304	417	52	81	15494	0	16044
15305	167	45	15155	382	0	15749
15306	120	49	348	15297	0	15814
15307	110	45	15100	414	0	15669
15308	14379	42	373	187	0	14981
15309	345	39	151	14911	0	15446
15310	14697	32	157	386	0	15272
15311	395	29	14549	180	0	15153
15312	14024	32	346	168	0	14570
15313	417	32	14736	133	0	15318
15314	196	14086	339	153	0	14774
15315	171	14111	123	139	0	14544
15316	13745	322	134	111	0	14312
15317	378	142	67	13571	0	14158
15318	163	122	13490	354	0	14129
15319	159	13272	286	165	0	13882
15320	141	13718	109	140	0	14108
15321	144	355	91	13717	0	14307
15322	13750	148	66	353	0	14317
15323	13846	108	81	167	0	14202
15324	373	13668	91	171	0	14303
15325	13838	335	88	126	0	14387
15326	390	112	102	13805	0	14409
15327	193	91	13591	375	0	14250
15328	156	13648	342	186	0	14332
15329	154	298	152	13787	0	14391
15330	111	109	122	13985	0	14327
15331	13769	88	105	377	0	14339
15332	369	76	13443	195	0	14083
15333	13442	90	328	134	0	13994
15334	13689	81	138	105	0	14013
15335	412	78	117	13302	0	13909
15336	200	68	94	13623	0	13985
15337	13229	87	99	373	0	13788
15338	344	104	92	13253	0	13793
15339	151	98	12895	385	0	13529
15340	141	85	12664	172	0	13062
15341	130	12456	303	150	0	13039
15342	130	13236	117	127	0	13610
15343	133	340	87	12436	0	12996
15344	142	12762	65	293	0	13262
15345	12864	306	62	161	0	13393
15346	309	12997	77	143	0	13526
15347	126	324	68	13050	0	13568
15348	111	142	72	13346	0	13671
15349	103	123	12868	381	0	13475
15350	100	81	285	13012	0	13478
15351	114	54	129	13307	0	13604
15352	114	13200	104	366	0	13784
15353	104	271	82	12452	0	12909
15354	103	94	70	12835	0	13102
15355	95	77	12308	417	0	12897
15356	89	12056	293	230	0	12668
15357	88	780	87	10492	0	11447
15358	75	11020	91	274	0	11460
15359	65	242	10491	155	0	10953
15360	60	10160	230	109	0	10559
15361	7486	196	136	86	0	7904
15362	7212	34	27	26	0	7299
15363	7169	42	9	25	0	7245
15364	111	7083	11	31	0	7236
15365	7064	95	10	19	0	7188
15366	105	31	15	6946	0	7097
15367	6798	26	9	93	0	6926
15368	97	6690	16	47	0	6850
15369	6737	93	8	35	0	6873
15370	7013	32	12	25	0	7082
15371	118	7017	12	35	0	7182
15372	54	116	7025	22	0	7217
15373	25	33	108	7754	0	7920
15374	29	33	8215	148	0	8425
15375	21	21	183	8501	0	8726
15376	18	25	43	9039	0	9125
15377	14	28	8985	241	0	9268
15378	26	20	189	9152	0	9387
15379	9136	18	91	232	0	9477
15380	208	28	9093	64	0	9393
15381	58	9074	197	47	0	9376
15382	32	213	47	9039	0	9331
15383	22	54	38	9392	0	9506
15384	27	36	9083	265	0	9411
15385	18	26	196	8844	0	9084
15386	30	9008	55	219	0	9312
15387	8834	211	34	78	0	9157
15388	177	8897	30	51	0	9155
15389	8485	193	18	38	0	8734
15390	176	8451	29	26	0	8682
15391	46	8669	32	31	0	8778
15392	29	221	8200	33	0	8483
15393	23	77	195	8308	0	8603
15394	15	38	46	8446	0	8545
15395	20	23	24	8554	0	8621
15396	15	8668	30	252	0	8965
15397	17	208	23	8892	0	9140
15398	8623	63	23	248	0	8957
15399	204	46	24	8646	0	8920
15400	8581	25	24	257	0	8887
15401	238	23	8447	88	0	8796
15402	8474	28	218	54	0	8774
15403	224	30	68	8482	0	8804
15404	69	34	37	8878	0	9018
15405	8736	35	38	292	0	9101
15406	229	29	8633	112	0	9003
15407	63	8579	208	88	0	8938
15408	37	230	61	8807	0	9135
15409	8735	72	43	240	0	9090
15410	8921	48	16	94	0	9079
15411	275	32	17	8788	0	9112
15412	89	29	8661	244	0	9023
15413	8325	46	220	86	0	8677
15414	233	30	8420	59	0	8742
15415	74	31	227	8368	0	8700
15416	50	28	8322	257	0	8657
15417	26	34	225	8317	0	8602
15418	37	27	8022	265	0	8351
15419	30	8064	228	110	0	8432
15420	42	214	61	7484	0	7801
15421	36	8023	36	209	0	8304
15422	8115	211	25	84	0	8435
15423	8245	65	33	53	0	8396
15424	273	32	7912	54	0	8271
15425	92	30	208	7887	0	8217
15426	7965	22	69	234	0	8290
15427	231	30	35	7922	0	8218
15428	74	18	35	8043	0	8170
15429	58	22	7703	268	0	8051
15430	7521	25	202	113	0	7861
15431	223	23	7763	71	0	8080
15432	91	27	214	7710	0	8042
15433	60	23	7720	245	0	8048
15434	7709	17	221	101	0	8048
15435	7852	19	80	70	0	8021
15436	7835	19	62	53	0	7969
15437	266	21	64	7645	0	7996
15438	88	32	7481	248	0	7849
15439	53	24	7615	109	0	7801
15440	51	34	253	7131	0	7469
15441	44	7462	98	212	0	7816
15442	7209	199	54	97	0	7559
15443	227	75	54	7210	0	7566
15444	101	39	7166	239	0	7545
15445	70	27	212	7283	0	7592
15446	52	30	7346	255	0	7683
15447	55	37	224	7462	0	7778
15448	69	19	7479	258	0	7825
15449	51	19	7494	109	0	7673
15450	41	7254	259	109	0	7663
15451	48	183	7321	69	0	7621
15452	66	64	7416	63	0	7609
15453	67	63	255	6390	0	6775
15454	52	31	93	6624	0	6800
15455	57	6927	67	229	0	7280
15456	6984	178	54	84	0	7300
15457	212	6933	55	69	0	7269
15458	85	191	57	6882	0	7215
15459	6925	48	44	226	0	7243
15460	209	31	45	6912	0	7197
15461	6917	25	55	225	0	7222
15462	217	22	44	7002	0	7285
15463	75	31	6998	230	0	7334
15464	53	29	200	7092	0	7374
15465	55	23	66	7312	0	7456
15466	7147	26	67	249	0	7489
15467	7204	12	48	105	0	7369
15468	6980	19	55	78	0	7132
15469	240	6783	66	64	0	7153
15470	69	6573	54	61	0	6757
15471	6507	175	67	54	0	6803
15472	177	58	6497	46	0	6778
15473	60	28	6036	33	0	6157
15474	48	254	145	5182	0	5629
15475	22	18	5200	100	0	5340
15476	18	9	4862	32	0	4921
15477	4505	22	94	22	0	4643
15478	4474	4	35	21	0	4534
15479	81	4496	21	22	0	4620
15480	34	4579	26	17	0	4656
15481	26	71	25	3989	0	4111
15482	13	4496	25	53	0	4587
15483	4632	62	18	27	0	4739
15484	70	22	13	4386	0	4491
15485	25	4560	16	71	0	4672
15486	4820	51	18	26	0	4915
15487	69	21	4868	20	0	4978
15488	26	22	4850	15	0	4913
15489	4841	3	84	21	0	4949
15490	78	15	4739	27	0	4859
15491	4647	5	74	15	0	4741
15492	75	10	28	4816	0	4929
15493	29	12	4753	66	0	4860
15494	17	4695	74	34	0	4820
15495	15	4847	29	24	0	4915
15496	4392	46	30	13	0	4481
15497	43	4421	15	13	0	4492
15498	4380	42	14	10	0	4446
15499	4405	9	13	8	0	4435
15500	46	4356	12	7	0	4421
15501	19	45	10	4427	0	4501
15502	13	12	4509	47	0	4581
15503	9	4786	51	18	0	4864
15504	8	139	17	4918	0	5082
15505	12	21	13	5293	0	5339
15506	5149	6	0	87	0	5242
15507	76	7	4	5166	0	5253
15508	15	7	5076	87	0	5185
15509	8	5059	68	22	0	5157
15510	10	72	12	5183	0	5277
15511	5168	16	13	80	0	5277
15512	5296	8	8	23	0	5335
15513	85	6	12	5303	0	5406
15514	5405	6	11	84	0	5506
15515	94	6	5342	21	0	5463
15516	27	4	86	5400	0	5517
15517	13	8	5450	95	0	5566
15518	15	4	92	5754	0	5865
15519	10	7	32	5684	0	5733
15520	12	5	11	5753	0	5781
15521	9	4	12	5710	0	5735
15522	10	9	5	5741	0	5765
15523	5644	2	8	137	0	5791
15524	5688	9	4	48	0	5749
15525	121	5595	7	31	0	5754
15526	5696	98	6	25	0	5825
15527	112	23	4	5723	0	5862
15528	34	13	4	5803	0	5854
15529	24	7	7	5796	0	5834
15530	26	8	5698	140	0	5872
15531	20	6	102	5536	0	5664
15532	11	5653	28	134	0	5826
15533	5701	105	12	30	0	5848
15534	5725	21	15	28	0	5789
15535	128	14	5532	28	0	5702
15536	31	5582	101	26	0	5740
15537	20	100	27	5631	0	5778
15538	19	26	5623	111	0	5779
15539	14	18	104	5286	0	5422
15540	20	5457	24	103	0	5604
15541	5348	103	18	43	0	5512
15542	107	5399	18	22	0	5546
15543	27	116	5354	24	0	5521
15544	16	33	5406	16	0	5471
15545	19	5271	125	24	0	5439
15546	7	5261	30	20	0	5318
15547	5099	118	29	18	0	5264
15548	5128	36	9	15	0	5188
15549	118	16	14	5062	0	5210
15550	35	16	5007	112	0	5170
15551	23	10	93	5019	0	5145
15552	16	14	26	5070	0	5126
15553	4997	9	8	133	0	5147
15554	4964	13	14	40	0	5031
15555	122	12	10	5195	0	5339
15556	37	8	5141	124	0	5310
15557	20	5180	102	42	0	5344
15558	5231	107	24	27	0	5389
15559	116	5364	10	28	0	5518
15560	38	118	13	5460	0	5629
15561	23	37	8	5679	0	5747
15562	23	17	18	5609	0	5667
15563	15	15	15	5494	0	5539
15564	5344	16	12	157	0	5529
15565	123	20	8	5338	0	5489
15566	42	5197	9	150	0	5398
15567	19	110	12	5306	0	5447
15568	5138	30	14	143	0	5325
15569	115	5146	8	59	0	5328
15570	38	111	9	5207	0	5365
15571	30	29	5064	136	0	5259
15572	5073	20	99	45	0	5237
15573	120	23	28	5116	0	5287
15574	39	20	5050	133	0	5242
15575	24	13	5007	43	0	5087
15576	28	20	125	5023	0	5196
15577	5019	15	46	134	0	5214
15578	5105	15	20	50	0	5190
15579	132	5112	13	57	0	5314
15580	5062	106	14	33	0	5215
15581	5116	29	13	40	0	5198
15582	5117	15	19	31	0	5182
15583	5017	21	23	20	0	5081
15584	142	17	10	4882	0	5051
15585	53	18	9	4915	0	4995
15586	40	15	4572	151	0	4778
15587	24	4401	95	64	0	4584
15588	19	4514	30	56	0	4619
15589	25	102	4406	36	0	4569
15590	4358	31	98	32	0	4519
15591	108	21	28	4446	0	4603
15592	4473	15	13	113	0	4614
15593	4486	15	14	46	0	4561
15594	126	19	4323	35	0	4503
15595	43	15	91	4296	0	4445
15596	4324	10	28	111	0	4473
15597	106	11	16	4316	0	4449
15598	42	16	4258	115	0	4431
15599	29	115	89	4073	0	4306
15600	37	4392	28	95	0	4552
15601	27	4451	15	41	0	4534
15602	31	99	4174	22	0	4326
15603	14	3898	68	29	0	4009
15604	3595	84	40	38	0	3757
15605	3365	17	11	13	0	3406
15606	68	7	8	3311	0	3394
15607	21	5	7	3354	0	3387
15608	14	6	7	3374	0	3401
15609	3335	3	2	70	0	3410
15610	60	3294	6	24	0	3384
15611	3267	57	4	9	0	3337
15612	3228	15	5	10	0	3258
15613	68	3174	4	11	0	3257
15614	3023	39	3	7	0	3072
15615	49	3018	3	10	0	3080
15616	3057	47	6	9	0	3119
15617	49	8	2994	9	0	3060
15618	2701	14	31	4	0	2750
15619	30	2742	12	8	0	2792
15620	13	24	24	2771	0	2832
15621	10	6	2	2903	0	2921
15622	6	3	6	2947	0	2962
15623	2972	2	2	43	0	3019
15624	38	4	3	2984	0	3029
15625	9	6	2920	40	0	2975
15626	2884	5	32	10	0	2931
15627	35	7	2905	11	0	2958
15628	16	2	35	2917	0	2970
15629	9	4	2965	34	0	3012
15630	3	5	34	2878	0	2920
15631	4	2923	10	32	0	2969
15632	2	28	8	2919	0	2957
15633	5	2888	6	37	0	2936
15634	8	35	4	2945	0	2992
15635	2957	5	2	36	0	3000
15636	32	8	2	3045	0	3087
15637	3060	2	2	36	0	3100
15638	41	6	2939	9	0	2995
15639	2988	5	26	6	0	3025
15640	3043	3	4	3	0	3053
15641	3036	5	7	4	0	3052
15642	46	2	2	3023	0	3073
15643	2992	5	5	31	0	3033
15644	37	7	2859	11	0	2914
15645	2894	4	32	8	0	2938
15646	36	5	2892	7	0	2940
15647	2890	2	34	8	0	2934
15648	40	5	6	2950	0	3001
15649	15	3	3013	33	0	3064
15650	13	3	33	2990	0	3039
15651	8	0	13	3055	0	3076
15652	7	0	3016	43	0	3066
15653	2842	0	36	20	0	2898
15654	35	3061	11	16	0	3123
15655	2946	28	10	8	0	2992
15656	30	2916	4	6	0	2956
15657	2872	33	10	2	0	2917
15658	31	6	2827	6	0	2870
15659	2573	17	32	8	0	2630
15660	28	2618	6	5	0	2657
15661	6	23	9	2629	0	2667
15662	3	3	3	2754	0	2763
15663	2	2	1	2796	0	2801
15664	6	1	2799	32	0	2838
15665	3	1	24	2770	0	2798
15666	3	1	2958	30	0	2992
15667	3072	1	27	7	0	3107
15668	3275	0	7	5	0	3287
15669	40	1	4	3320	0	3365
15670	10	1	3380	34	0	3425
15671	3312	1	34	8	0	3355
15672	39	2	4120	7	0	4168
15673	7	2	43	4085	0	4137
15674	8	2	9	4232	0	4251
15675	2	0	7	4320	0	4329
15676	7	0	4	4372	0	4383
15677	4269	0	6	57	0	4332
15678	42	4299	7	21	0	4369
15679	14	44	4204	10	0	4272
15680	12	4207	39	10	0	4268
15681	4282	50	15	7	0	4354
15682	50	11	12	4279	0	4352
15683	4363	8	6	45	0	4422
15684	54	2	5	4359	0	4420
15685	10	7	3	4380	0	4400
15686	12	0	3	4428	0	4443
15687	3	5	4316	65	0	4389
15688	12	4262	42	22	0	4338
15689	11	45	4400	14	0	4470
15690	6	9	53	4402	0	4470
15691	4449	10	14	50	0	4523
15692	4414	3	9	22	0	4448
15693	4419	4	5	19	0	4447
15694	60	4386	8	10	0	4464
15695	4573	41	1	10	0	4625
15696	47	11	6	4554	0	4618
15697	13	9	8	4587	0	4617
15698	13	3	4	4611	0	4631
15699	4	4633	10	56	0	4703
15700	9	42	4	4413	0	4468
15701	9	4456	3	48	0	4516
15702	4509	44	1	21	0	4575
15703	4512	11	5	18	0	4546
15704	58	11	2	4574	0	4645
15705	24	8	4496	45	0	4573
15706	4481	5	41	18	0	4545
15707	45	5	13	4606	0	4669
15708	21	7	4547	50	0	4625
15709	4330	5	37	23	0	4395
15710	45	6	10	4642	0	4703
15711	4609	5	9	48	0	4671
15712	46	4513	8	19	0	4586
15713	19	40	6	4570	0	4635
15714	13	4773	10	51	0	4847
15715	11	53	5	4887	0	4956
15716	12	4864	8	53	0	4937
15717	11	43	6	5024	0	5084
15718	10	17	4937	41	0	5005
15719	4095	20	41	30	0	4186
15720	42	4913	17	19	0	4991
15721	20	37	4839	7	0	4903
15722	4706	7	35	13	0	4761
15723	37	13	11	4928	0	4989
15724	16	4	4955	41	0	5016
15725	8	4976	35	24	0	5043
15726	6	31	13	5202	0	5252
15727	11	12	5270	36	0	5329
15728	4	13	32	5267	0	5316
15729	15	5	11	5368	0	5399
15730	5	10	5540	42	0	5597
15731	10	5	29	5551	0	5595
15732	11	9	5721	37	0	5778
15733	10	5	35	5733	0	5783
15734	11	11	6116	45	0	6183
15735	7	4	35	6152	0	6198
15736	8	7	13	6241	0	6269
15737	6	5	9	6233	0	6253
15738	11	6079	7	60	0	6157
15739	6235	33	9	28	0	6305
15740	6239	11	6	24	0	6280
15741	47	11	8	6278	0	6344
15742	6353	6	13	44	0	6416
15743	39	9	6326	25	0	6399
15744	15	6400	34	24	0	6473
15745	6595	33	19	20	0	6667
15746	36	6532	13	25	0	6606
15747	22	32	6	6711	0	6771
15748	11	11	12	6713	0	6747
15749	6577	11	5	44	0	6637
15750	36	8	8	6568	0	6620
15751	20	8	6543	47	0	6618
15752	14	6416	27	22	0	6479
15753	6609	28	10	21	0	6668
15754	40	15	8	6501	0	6564
15755	14	6538	7	42	0	6601
15756	17	35	8	6636	0	6696
15757	13	6678	9	43	0	6743
15758	6766	38	3	22	0	6829
15759	6705	11	9	19	0	6744
15760	40	20	6626	11	0	6697
15761	20	8	6546	13	0	6587
15762	13	9	30	6521	0	6573
15763	11	6552	10	35	0	6608
15764	7	27	6	6779	0	6819
15765	6740	9	5	39	0	6793
15766	28	12	6519	20	0	6579
15767	10	10	22	6242	0	6284
15768	7	4	6298	20	0	6329
15769	4	3	6076	16	0	6099
15770	4	6301	25	13	0	6343
15771	38	62	32	6259	0	6391
15772	5733	0	14	14	0	5761
15773	12	3	5732	2	0	5749
15774	2	5529	10	9	0	5550
15775	5639	8	0	5	0	5652
15776	12	1	1	5642	0	5656
15777	5904	2	2	8	0	5916
15778	5958	2	2	3	0	5965
15779	6025	5	1	4	0	6035
15780	12	2	6517	1	0	6532
15781	6232	1	15	6	0	6254
15782	6626	2	9	3	0	6640
15783	26	6831	9	4	0	6870
15784	13	17	3	7082	0	7115
15785	6	10	1	7090	0	7107
15786	4	5	2	7270	0	7281
15787	7466	0	4	36	0	7506
15788	7240	4	2	22	0	7268
15789	49	8	7404	7	0	7468
15790	26	1	29	7322	0	7378
15791	9	7285	19	34	0	7347
15792	7550	32	8	21	0	7611
15793	42	18	7530	10	0	7600
15794	23	6	32	7466	0	7527
15795	17	2	20	7483	0	7522
15796	9	7517	15	53	0	7594
15797	8	39	5	7667	0	7719
15798	9	24	6	7602	0	7641
15799	9	11	6	7706	0	7732
15800	7667	2	5	71	0	7745
15801	41	5	5	7590	0	7641
15802	23	6	1	7613	0	7643
15803	7769	3	5	65	0	7842
15804	41	7	3	7743	0	7794
15805	23	8526	1	60	0	8610
15806	8971	69	2	20	0	9062
15807	9210	35	3	25	0	9273
15808	9478	15	3	15	0	9511
15809	10061	2	0	16	0	10079
15810	169	10362	9	13	0	10553
15811	11600	118	1	13	0	11732
15812	11727	54	9	17	0	11807
15813	232	28	1	11628	0	11889
15814	98	20	11393	178	0	11689
15815	53	8	159	11504	0	11724
15816	29	9	59	11621	0	11718
15817	29	10	22	11438	0	11499
15818	30	8	11	11479	0	11528
15819	26	19	5	11592	0	11642
15820	11208	5	5	272	0	11490
15821	183	8	6	11285	0	11482
15822	76	15	11427	234	0	11752
15823	51	9	164	11404	0	11628
15824	30	11464	61	223	0	11778
15825	23	160	23	11685	0	11891
15826	30	62	11459	221	0	11772
15827	10280	28	176	116	0	10600
15828	11084	28	71	59	0	11242
15829	258	12	11762	56	0	12088
15830	96	11588	187	47	0	11918
15831	12053	179	67	37	0	12336
15832	12055	56	28	37	0	12176
15833	12089	36	27	43	0	12195
15834	11759	32	16	32	0	11839
15835	306	14	17	11490	0	11827
15836	143	20	11694	208	0	12065
15837	94	18	182	11915	0	12209
15838	80	15	77	12321	0	12493
15839	53	14	12079	313	0	12459
15840	61	21	12209	130	0	12421
15841	12025	10	262	104	0	12401
15842	226	12265	111	88	0	12690
15843	108	203	67	12512	0	12890
15844	77	73	12245	252	0	12647
15845	11826	39	232	127	0	12224
15846	244	30	12204	98	0	12576
15847	11981	14	247	93	0	12335
15848	258	12190	127	73	0	12648
15849	142	205	65	12412	0	12824
15850	82	88	12217	269	0	12656
15851	11877	50	223	130	0	12280
15852	249	12204	112	90	0	12655
15853	131	12706	82	68	0	12987
15854	103	276	66	12637	0	13082
15855	93	130	42	13325	0	13590
15856	13794	77	46	327	0	14244
15857	313	13629	55	172	0	14169
15858	150	262	48	14031	0	14491
15859	13922	105	31	344	0	14402
15860	14305	60	47	161	0	14573
15861	14796	108	45	124	0	15073
15862	464	42	14772	115	0	15393
15863	224	46	15153	94	0	15517
15864	15705	38	404	86	0	16233
15865	434	15799	171	93	0	16497
15866	177	16290	98	110	0	16675
15867	137	482	73	15433	0	16125
15868	113	16055	59	387	0	16614
15869	16186	448	77	151	0	16862
15870	452	159	75	16087	0	16773
15871	205	111	15840	440	0	16596
15872	15980	85	391	169	0	16625
15873	16369	86	140	123	0	16718
15874	540	85	98	16069	0	16792
15875	247	79	98	16333	0	16757
15876	200	71	59	16477	0	16807
15877	140	78	58	16371	0	16647
15878	115	89	15171	608	0	15983
15879	115	15264	383	285	0	16047
15880	131	402	138	14233	0	14904
15881	127	15026	96	458	0	15707
15882	128	435	85	13943	0	14591
15883	104	14584	67	439	0	15194
15884	14531	439	71	219	0	15260
15885	14656	175	79	147	0	15057
15886	513	14396	81	153	0	15143
15887	14347	414	68	118	0	14947
15888	492	161	61	14260	0	14974
15889	14076	119	78	452	0	14725
15890	486	13947	59	187	0	14679
15891	14118	423	63	147	0	14751
15892	14380	182	83	123	0	14768
15893	551	125	72	13917	0	14665
15894	268	117	13648	443	0	14476
15895	183	13669	374	201	0	14427
15896	163	415	144	13884	0	14606
15897	13878	192	81	458	0	14609
15898	487	139	13542	211	0	14379
15899	216	134	355	13545	0	14250
15900	179	99	139	13943	0	14360
15901	13821	83	97	531	0	14532
15902	13970	95	93	243	0	14401
15903	13760	94	87	186	0	14127
15904	569	13259	78	156	0	14062
15905	12654	360	56	150	0	13220
15906	441	138	11943	147	0	12669
15907	183	115	11808	132	0	12238
15908	163	109	11706	132	0	12110
15909	188	397	431	10490	0	11506
15910	132	75	10279	323	0	10809
15911	9319	67	239	112	0	9737
15912	275	59	76	9415	0	9825
15913	135	64	9345	279	0	9823
15914	9564	51	236	113	0	9964
15915	291	46	89	9549	0	9975
15916	134	55	77	9765	0	10031
15917	9671	52	55	304	0	10082
15918	288	52	54	9810	0	10204
15919	129	52	9763	294	0	10238
15920	118	48	239	9914	0	10319
15921	121	61	9860	294	0	10336
15922	106	44	250	9781	0	10181
15923	9621	40	93	300	0	10054
15924	285	9284	79	132	0	9780
15925	137	9664	61	121	0	9983
15926	114	261	61	9505	0	9941
15927	96	104	69	9530	0	9799
15928	87	9331	65	307	0	9790
15929	96	9071	59	167	0	9393
15930	86	258	67	8867	0	9278
15931	82	90	63	8982	0	9217
15932	8602	58	57	332	0	9049
15933	246	8482	59	182	0	8969
15934	111	8585	60	129	0	8885
15935	105	8787	50	90	0	9032
15936	8219	263	57	96	0	8635
15937	251	86	7994	97	0	8428
15938	7838	70	222	91	0	8221
15939	257	43	84	7872	0	8256
15940	95	7418	71	248	0	7832
15941	91	7805	42	101	0	8039
15942	7592	260	49	79	0	7980
15943	249	91	50	7300	0	7690
15944	97	7780	56	256	0	8189
15945	7902	227	54	104	0	8287
15946	8043	84	52	93	0	8272
15947	285	83	7760	83	0	8211
15948	7852	56	208	90	0	8206
15949	7995	59	60	79	0	8193
15950	265	55	50	7648	0	8018
15951	110	7588	50	242	0	7990
15952	94	7796	23	126	0	8039
15953	67	277	31	7474	0	7849
15954	7381	89	33	253	0	7756
15955	257	68	6967	88	0	7380
15956	89	56	6340	73	0	6558
15957	127	57	6180	46	0	6410
15958	82	53	6211	50	0	6396
15959	48	6072	201	61	0	6382
15960	42	6002	79	50	0	6173
15961	84	164	5401	39	0	5688
15962	45	73	5150	37	0	5305
15963	19	4483	106	18	0	4626
15964	17	41	33	3857	0	3948
15965	3	11	4109	36	0	4159
15966	6	10	35	3997	0	4048
15967	6	3	10	4222	0	4241
15968	5	4	5	4270	0	4284
15969	6	3	6	4416	0	4431
15970	9	6	4296	53	0	4364
15971	7	2	45	4179	0	4233
15972	4275	5	10	54	0	4344
15973	45	10	4198	12	0	4265
15974	4271	5	44	9	0	4329
15975	55	2	16	4372	0	4445
15976	13	2	4418	50	0	4483
15977	4406	2	51	13	0	4472
15978	53	2	24	4481	0	4560
15979	4510	1	12	54	0	4577
15980	58	7	5	4423	0	4493
15981	15	4408	11	60	0	4494
15982	19	57	4521	16	0	4613
15983	2	10	61	4578	0	4651
15984	4618	9	20	55	0	4702
15985	4652	7	10	18	0	4687
15986	4653	5	6	13	0	4677
15987	4638	7	5	12	0	4662
15988	4608	5	7	14	0	4634
15989	58	4525	12	14	0	4609
15990	4623	53	10	18	0	4704
15991	64	15	4549	13	0	4641
15992	4582	6	55	17	0	4660
15993	67	10	37	3999	0	4113
15994	19	8	4579	34	0	4640
15995	15	10	4545	17	0	4587
15996	15	6	62	4572	0	4655
15997	4658	7	24	62	0	4751
15998	72	4551	14	13	0	4650
15999	4642	55	10	15	0	4722
16000	68	4667	11	11	0	4757
16001	21	59	8	4797	0	4885
16002	15	20	5	4878	0	4918
16003	4874	10	12	71	0	4967
16004	64	6	6	4937	0	5013
16005	26	10	4923	64	0	5023
16006	4915	10	63	21	0	5009
16007	66	4	19	5183	0	5272
16008	26	4	14	5207	0	5251
16009	22	7	5157	83	0	5269
16010	4893	11	71	29	0	5004
16011	5171	7	17	13	0	5208
16012	88	5105	10	15	0	5218
16013	30	71	5063	13	0	5177
16014	23	17	4882	11	0	4933
16015	13	13	78	4892	0	4996
16016	15	14	25	4851	0	4905
16017	8	4878	22	87	0	4995
16018	16	62	4806	21	0	4905
16019	6	21	72	4650	0	4749
16020	14	8	4737	76	0	4835
16021	9	7	73	4546	0	4635
16022	15	4605	25	69	0	4714
16023	12	68	14	4737	0	4831
16024	13	22	10	4758	0	4803
16025	15	11	7	4725	0	4758
16026	4663	11	15	85	0	4774
16027	75	7	4590	28	0	4700
16028	19	4752	73	20	0	4864
16029	14	71	20	5039	0	5144
16030	5149	21	14	80	0	5264
16031	83	8	11	5228	0	5330
16032	5237	3	12	98	0	5350
16033	91	12	5192	39	0	5334
16034	5221	7	81	16	0	5325
16035	87	10	26	5373	0	5496
16036	35	10	5333	86	0	5464
16037	13	5324	85	40	0	5462
16038	23	79	21	5349	0	5472
16039	10	20	14	5448	0	5492
16040	5339	7	12	103	0	5461
16041	84	5254	10	38	0	5386
16042	31	5194	15	16	0	5256
16043	11	5336	7	23	0	5377
16044	4975	85	15	11	0	5086
16045	72	5004	6	19	0	5101
16046	33	75	11	4978	0	5097
16047	15	23	7	5065	0	5110
16048	4994	6	12	93	0	5105
16049	73	4909	10	30	0	5022
16050	26	68	5	5034	0	5133
16051	5083	22	6	78	0	5189
16052	5075	7	9	26	0	5117
16053	5060	11	7	14	0	5092
16054	94	4938	4	26	0	5062
16055	4792	56	8	15	0	4871
16056	75	23	2	4717	0	4817
16057	23	4614	8	66	0	4711
16058	10	4726	6	27	0	4769
16059	16	61	5	4701	0	4783
16060	4650	20	9	64	0	4743
16061	4705	13	5	22	0	4745
16062	66	8	4	4541	0	4619
16063	25	4449	4	66	0	4544
16064	4537	49	3	21	0	4610
16065	59	24	4359	9	0	4451
16066	19	13	4288	9	0	4329
16067	4224	11	61	6	0	4302
16068	56	10	4203	12	0	4281
16069	22	2	44	4025	0	4093
16070	4071	3	11	49	0	4134
16071	48	5	7	4144	0	4204
16072	17	4	4104	52	0	4177
16073	8	4141	43	24	0	4216
16074	5	43	11	4266	0	4325
16075	10	15	4213	54	0	4292
16076	4081	6	44	15	0	4146
16077	47	8	12	4201	0	4268
16078	21	11	4197	49	0	4278
16079	14	10	41	4145	0	4210
16080	8	4176	18	42	0	4244
16081	4	36	13	4335	0	4388
16082	4	19	8	4337	0	4368
16083	12	7	6	4296	0	4321
16084	7	4220	7	62	0	4296
16085	4359	40	8	24	0	4431
16086	50	12	7	4385	0	4454
16087	16	9	9	4421	0	4455
16088	8	10	9	4456	0	4483
16089	12	6	4376	65	0	4459
16090	7	4	41	4438	0	4490
16091	4448	2	17	54	0	4521
16092	50	4421	7	27	0	4505
16093	22	43	6	4543	0	4614
16094	11	17	10	4583	0	4621
16095	4540	13	3	62	0	4618
16096	43	4539	7	32	0	4621
16097	4626	45	4	17	0	4692
16098	4772	18	3	18	0	4811
16099	70	7	6	4728	0	4811
16100	4731	6	8	53	0	4798
16101	66	4564	5	23	0	4658
16102	4732	54	4	16	0	4806
16103	63	19	5	4916	0	5003
16104	5123	13	7	64	0	5207
16105	5231	10	5	28	0	5274
16106	82	10	5116	21	0	5229
16107	5055	2	48	11	0	5116
16108	5144	7	13	5	0	5169
16109	5443	7	7	13	0	5470
16110	94	5	5428	14	0	5541
16111	32	5441	68	9	0	5550
16112	17	79	20	5523	0	5639
16113	5515	26	8	84	0	5633
16114	77	5367	7	29	0	5480
16115	5412	78	3	13	0	5506
16116	89	23	4	5496	0	5612
16117	31	13	5450	89	0	5583
16118	5647	5	74	29	0	5755
16119	102	7	22	5818	0	5949
16120	34	10	5782	93	0	5919
16121	5879	1	93	26	0	5999
16122	110	7	5946	18	0	6081
16123	42	5	100	6207	0	6354
16124	27	6	24	6512	0	6569
16125	6466	11	13	163	0	6653
16126	6510	4	10	54	0	6578
16127	160	6403	8	33	0	6604
16128	6391	110	15	18	0	6534
16129	147	33	6052	9	0	6241
16130	49	18	6081	17	0	6165
16131	6040	13	137	8	0	6198
16132	128	6055	44	20	0	6247
16133	5978	104	27	9	0	6118
16134	122	5977	15	10	0	6124
16135	5972	111	15	10	0	6108
16136	135	31	10	5876	0	6052
16137	55	18	5872	107	0	6052
16138	26	17	105	5914	0	6062
16139	21	10	34	6084	0	6149
16140	5997	10	14	147	0	6168
16141	119	12	5882	52	0	6065
16142	5874	5	106	25	0	6010
16143	121	5795	37	22	0	5975
16144	5901	107	26	14	0	6048
16145	137	29	14	5802	0	5982
16146	48	19	5711	116	0	5894
16147	43	11	113	5784	0	5951
16148	5756	12	34	134	0	5936
16149	132	12	25	5740	0	5909
16150	58	10	12	5723	0	5803
16151	31	5550	17	136	0	5734
16152	35	100	15	5666	0	5816
16153	24	27	5533	145	0	5729
16154	25	19	121	5587	0	5752
16155	29	11	31	5705	0	5776
16156	5552	16	25	151	0	5744
16157	131	13	18	5511	0	5673
16158	48	13	5356	139	0	5556
16159	34	5425	104	54	0	5617
16160	31	107	35	5446	0	5619
16161	22	33	18	5558	0	5631
16162	5553	19	17	150	0	5739
16163	122	5418	17	67	0	5624
16164	47	103	16	5533	0	5699
16165	5376	35	16	136	0	5563
16166	5542	18	11	59	0	5630
16167	154	14	11	5495	0	5674
16168	50	19	5479	136	0	5684
16169	5575	5	115	51	0	5746
16170	135	17	39	5671	0	5862
16171	5662	5	20	143	0	5830
16172	5691	12	15	56	0	5774
16173	163	5401	16	39	0	5619
16174	5405	116	16	40	0	5577
16175	148	5375	21	26	0	5570
16176	65	124	7	5387	0	5583
16177	34	46	14	5391	0	5485
16178	36	5314	11	158	0	5519
16179	5406	121	11	72	0	5610
16180	5421	44	15	40	0	5520
16181	151	29	5146	56	0	5382
16182	66	26	5134	28	0	5254
16183	51	16	129	5172	0	5368
16184	5217	9	48	150	0	5424
16185	142	9	34	5207	0	5392
16186	55	18	18	5329	0	5420
16187	36	17	5245	168	0	5466
16188	46	18	5267	62	0	5393
16189	29	16	5307	52	0	5404
16190	5112	15	156	44	0	5327
16191	5245	16	57	31	0	5349
16192	140	5067	36	34	0	5277
16193	65	5177	24	40	0	5306
16194	42	136	18	5182	0	5378
16195	38	42	5104	120	0	5304
16196	5055	23	113	49	0	5240
16197	125	22	5148	36	0	5331
16198	54	10	113	5042	0	5219
16199	32	13	39	5136	0	5220
16200	30	10	24	5152	0	5216
16201	27	8	21	5206	0	5262
16202	4983	16	17	155	0	5171
16203	114	12	9	4803	0	4938
16204	35	6	4538	124	0	4703
16205	4345	7	90	56	0	4498
16206	106	5	4425	27	0	4563
16207	36	8	4366	25	0	4435
16208	25	4281	120	20	0	4446
16209	65	70	102	3837	0	4074
16210	3861	19	41	68	0	3989
16211	61	10	11	3891	0	3973
16212	25	7	3867	72	0	3971
16213	22	3	56	3912	0	3993
16214	3885	3	18	73	0	3979
16215	60	3881	11	35	0	3987
16216	3811	57	13	21	0	3902
16217	68	3705	6	25	0	3804
16218	3628	57	3	12	0	3700
16219	63	3525	4	10	0	3602
16220	27	3526	6	10	0	3569
16221	21	57	3385	5	0	3468
16222	13	3355	56	3	0	3427
16223	2910	34	22	6	0	2972
16224	16	5	4	2875	0	2900
16225	2924	4	3	12	0	2943
16226	19	2980	0	5	0	3004
16227	2968	15	1	4	0	2988
16228	21	5	2945	3	0	2974
16229	5	4	16	2949	0	2974
16230	4	3036	5	15	0	3060
16231	6	15	4	3176	0	3201
16232	3	7	3	3162	0	3175
16233	3563	6	4	34	0	3607
16234	45	3573	4	20	0	3642
16235	3671	41	2	10	0	3724
16236	61	17	3677	4	0	3759
16237	25	14	3623	3	0	3665
16238	17	3609	61	2	0	3689
16239	6	41	28	3677	0	3752
16240	8	20	3687	51	0	3766
16241	5	15	55	3600	0	3675
16242	4	7	23	3814	0	3848
16243	4	5	3772	68	0	3849
16244	3	4	3699	32	0	3738
16245	5	4	3859	18	0	3886
16246	6	4	3851	13	0	3874
16247	1	3930	81	15	0	4027
16248	3	48	35	4013	0	4099
16249	2	22	20	4081	0	4125
16250	5	15	4017	77	0	4114
16251	3	4	63	4000	0	4070
16252	5	9	4174	72	0	4260
16253	7	6	65	4164	0	4242
16254	5	2	25	4206	0	4238
16255	1	4230	21	75	0	4327
16256	2	54	8	4308	0	4372
16257	5	23	6	4312	0	4346
16258	6	16	7	4303	0	4332
16259	4	8	4146	95	0	4253
16260	2	4132	61	41	0	4236
16261	4204	54	22	30	0	4310
16262	4207	25	15	22	0	4269
16263	73	18	5	4161	0	4257
16264	31	8	11	4146	0	4196
16265	18	4250	8	70	0	4346
16266	4290	53	9	38	0	4390
16267	55	4335	8	26	0	4424
16268	4228	63	11	8	0	4310
16269	62	24	4165	14	0	4265
16270	4015	24	56	7	0	4102
16271	69	4199	23	11	0	4302
16272	22	56	15	4286	0	4379
16273	22	20	6	4331	0	4379
16274	3	4287	10	70	0	4370
16275	4349	53	10	32	0	4444
16276	53	29	7	4419	0	4508
16277	23	14	4	4499	0	4540
16278	4536	5	5	86	0	4632
16279	4561	9	2	46	0	4618
16280	74	9	4508	23	0	4614
16281	4566	3	50	20	0	4639
16282	66	5	28	4617	0	4716
16283	33	11	4613	61	0	4718
16284	26	3	52	4587	0	4668
16285	6	6	4600	73	0	4685
16286	15	7	4574	32	0	4628
16287	12	8	65	4583	0	4668
16288	5	6	4668	64	0	4743
16289	6	4704	74	39	0	4823
16290	8	51	27	4811	0	4897
16291	9	20	23	4938	0	4990
16292	5	22	4866	81	0	4974
16293	6	4841	56	54	0	4957
16294	4983	57	30	25	0	5095
16295	58	35	17	5050	0	5160
16296	5079	18	9	76	0	5182
16297	72	4979	18	36	0	5105
16298	32	67	5118	25	0	5242
16299	23	31	64	5099	0	5217
16300	5131	19	27	77	0	5254
16301	68	7	5162	32	0	5269
16302	5000	13	65	26	0	5104
16303	75	5078	37	17	0	5207
16304	24	5085	24	22	0	5155
16305	5146	70	14	15	0	5245
16306	59	34	21	5135	0	5249
16307	27	13	17	5092	0	5149
16308	16	5194	9	90	0	5309
16309	10	60	12	5331	0	5413
16310	12	26	10	5365	0	5413
16311	5295	14	10	95	0	5414
16312	57	9	9	5260	0	5335
16313	27	14	5245	72	0	5358
16314	19	10	64	5266	0	5359
16315	9	0	27	5519	0	5555
16316	17	9	5520	90	0	5636
16317	6	14	56	5536	0	5612
16318	5547	7	29	83	0	5666
16319	5441	7	17	50	0	5515
16320	5469	4	10	35	0	5518
16321	93	10	14	5443	0	5560
16322	37	6	5534	72	0	5649
16323	28	5550	60	42	0	5680
16324	17	60	23	5662	0	5762
16325	19	33	5695	60	0	5807
16326	9	22	56	5644	0	5731
16327	12	9	23	5770	0	5814
16328	5643	10	17	88	0	5758
16329	54	5852	16	58	0	5980
16330	24	54	5763	25	0	5866
16331	5415	22	60	18	0	5515
16332	63	5658	20	26	0	5767
16333	13	5330	9	12	0	5364
16334	5532	32	34	8	0	5606
16335	32	13	6	5633	0	5684
16336	27	9	6302	30	0	6368
16337	9	10	36	6296	0	6351
16338	4	6320	16	49	0	6389
16339	6502	38	7	20	0	6567
16340	43	18	2	6571	0	6634
16341	6731	10	7	44	0	6792
16342	45	3	4	6702	0	6754
16343	20	6747	6	49	0	6822
16344	6938	41	2	18	0	6999
16345	6861	16	6	18	0	6901
16346	61	6806	10	11	0	6888
16347	6794	43	3	9	0	6849
16348	47	23	0	6704	0	6774
16349	25	6621	3	47	0	6696
16350	6777	43	6	21	0	6847
16351	48	6807	7	16	0	6878
16352	6924	45	3	13	0	6985
16353	49	20	5	6888	0	6962
16354	7010	13	3	46	0	7072
16355	7030	8	3	23	0	7064
16356	7042	10	8	12	0	7072
16357	65	3	2	7044	0	7114
16358	21	10	6	7190	0	7227
16359	7160	9	2	62	0	7233
16360	65	12	7369	25	0	7471
16361	28	13	52	7482	0	7575
16362	18	7609	16	73	0	7716
16363	13	61	4	7815	0	7893
16364	18	21	7	7879	0	7925
16365	19	13	7756	84	0	7872
16366	10	16	55	8578	0	8659
16367	13	9137	27	120	0	9297
16368	9	140	8	9587	0	9744
16369	17	58	10453	165	0	10693
16370	25	24	196	10535	0	10780
16371	12	25	70	10902	0	11009
16372	10639	9	23	288	0	10959
16373	10651	5	16	116	0	10788
16374	282	13	9	10560	0	10864
16375	106	10264	19	214	0	10603
16376	49	10412	16	105	0	10582
16377	40	269	10220	34	0	10563
16378	18	96	199	10421	0	10734
16379	10467	44	75	230	0	10816
16380	208	25	29	10550	0	10812
16381	81	15	10505	250	0	10851
16382	34	10	216	10596	0	10856
16383	27	13	77	10772	0	10889
16384	12	14	32	10998	0	11056
16385	23	13	10385	319	0	10740
16386	14	10450	209	144	0	10817
16387	10578	209	73	60	0	10920
16388	10572	82	27	51	0	10732
16389	293	30	25	10379	0	10727
16390	117	37	10221	213	0	10588
16391	49	10263	217	97	0	10626
16392	38	231	80	10310	0	10659
16393	27	10362	33	215	0	10637
16394	16	10663	26	91	0	10796
16395	10590	268	26	35	0	10919
16396	214	109	10538	27	0	10888
16397	93	63	10658	23	0	10837
16398	48	40	269	10514	0	10871
16399	38	12	94	10972	0	11116
16400	35	19	10812	287	0	11153
16401	25	15	218	10707	0	10965
16402	24	16	10732	260	0	11032
16403	10266	19	224	120	0	10629
16404	214	13	93	10822	0	11142
16405	95	15	10969	246	0	11325
16406	49	18	219	10760	0	11046
16407	28	11265	92	239	0	11624
16408	11469	204	40	103	0	11816
16409	203	11312	28	68	0	11611
16410	11604	214	23	45	0	11886
16411	233	103	11328	45	0	11709
16412	11443	41	208	38	0	11730
16413	250	37	83	11595	0	11965
16414	106	17	11588	239	0	11950
16415	44	15	232	11523	0	11814
16416	33	19	11256	268	0	11576
16417	10785	16	234	130	0	11165
16418	219	11273	104	86	0	11682
16419	95	200	46	11018	0	11359
16420	44	11471	37	194	0	11746
16421	11517	236	29	95	0	11877
16422	11491	107	26	62	0	11686
16423	280	11288	34	54	0	11656
16424	116	236	14	11379	0	11745
16425	69	97	17	11412	0	11595
16426	44	42	31	11466	0	11583
16427	11231	44	33	323	0	11631
16428	215	11043	21	178	0	11457
16429	87	204	36	11019	0	11346
16430	48	91	36	11179	0	11354
16431	10933	45	35	326	0	11339
16432	229	44	10626	153	0	11052
16433	113	32	10505	102	0	10752
16434	10288	19	290	80	0	10677
16435	241	21	10456	64	0	10782
16436	99	30	9717	49	0	9895
16437	64	31	284	9437	0	9816
16438	9669	22	118	214	0	10023
16439	210	20	60	9609	0	9899
16440	97	24	9485	238	0	9844
16441	9145	27	204	121	0	9497
16442	227	21	9277	61	0	9586
16443	90	9360	209	66	0	9725
16444	53	197	110	9829	0	10189
16445	9980	84	50	213	0	10327
16446	192	42	45	9980	0	10259
16447	87	30	34	10160	0	10311
16448	10263	8	34	286	0	10591
16449	205	19	26	10357	0	10607
16450	89	11	34	10617	0	10751
16451	50	26	10254	289	0	10619
16452	39	21	185	10322	0	10567
16453	10451	17	88	248	0	10804
16454	10418	26	44	118	0	10606
16455	10510	24	43	51	0	10628
16456	280	27	23	10186	0	10516
16457	125	10053	26	195	0	10399
16458	10222	174	22	86	0	10504
16459	197	10201	26	67	0	10491
16460	9996	183	27	34	0	10240
16461	206	87	24	9909	0	10226
16462	9878	34	33	188	0	10133
16463	9922	18	32	90	0	10062
16464	9920	9	21	63	0	10013
16465	251	9702	33	49	0	10035
16466	85	8981	18	30	0	9114
16467	8572	105	14	21	0	8712
16468	102	8867	20	20	0	9009
16469	8	8351	6	8	0	8373
16470	8	8334	11	7	0	8360
16471	8507	76	25	3	0	8611
16472	64	41	2	8441	0	8548
16473	30	11	0	8614	0	8655
16474	8693	8	4	97	0	8802
16475	67	9	8784	44	0	8904
16476	37	4	62	9842	0	9945
16477	14	5	28	10107	0	10154
16478	13	3	4	10850	0	10870
16479	13	6	9	11144	0	11172
16480	1	10883	24	264	0	11172
16481	9	12324	9	109	0	12451
16482	12465	283	6	46	0	12800
16483	241	108	0	12512	0	12861
16484	90	39	1	12832	0	12962
16485	47	22	12362	357	0	12788
16486	21	12	236	12703	0	12972
16487	13	14	12637	317	0	12981
16488	8	11	276	12844	0	13139
16489	18	17	13115	336	0	13486
16490	6	12815	316	146	0	13283
16491	9	265	97	13281	0	13652
16492	13261	101	51	308	0	13721
16493	13260	51	21	121	0	13453
16494	365	32	20	13155	0	13572
16495	140	20	13037	333	0	13530
16496	64	17	13065	140	0	13286
16497	12514	10	372	79	0	12975
16498	285	12636	154	62	0	13137
16499	13119	289	64	38	0	13510
16500	13177	98	36	44	0	13355
16501	400	66	12679	42	0	13187
16502	148	33	291	12641	0	13113
16503	64	27	106	13200	0	13397
16504	57	19	54	13430	0	13560
16505	52	18	33	13115	0	13218
16506	35	20	33	13106	0	13194
16507	41	20	12077	484	0	12622
16508	28	27	12127	208	0	12390
16509	36	13	399	12210	0	12658
16510	38	32	148	12452	0	12670
16511	41	21	64	12672	0	12798
16512	12191	24	55	487	0	12757
16513	343	25	42	12229	0	12639
16514	12211	11	42	427	0	12691
16515	374	25	32	12463	0	12894
16516	12482	13	28	456	0	12979
16517	12825	13	41	191	0	13070
16518	12591	12	38	140	0	12781
16519	12636	12	49	95	0	12792
16520	12599	13	48	89	0	12749
16521	502	19	49	12212	0	12782
16522	12220	28	26	396	0	12670
16523	391	11930	32	194	0	12547
16524	12214	295	33	114	0	12656
16525	412	96	31	12244	0	12783
16526	161	52	12011	411	0	12635
16527	105	19	334	12282	0	12740
16528	81	23	12154	441	0	12699
16529	87	23	353	12195	0	12658
16530	71	28	129	12614	0	12842
16531	97	16	12125	482	0	12720
16532	87	19	12173	210	0	12489
16533	66	11	434	12259	0	12770
16534	12219	10	170	436	0	12835
16535	386	20	11996	205	0	12607
16536	159	11811	346	153	0	12469
16537	117	314	12369	102	0	12902
16538	12326	101	381	112	0	12920
16539	387	55	151	12489	0	13082
16540	12592	28	100	397	0	13117
16541	12772	18	48	187	0	13025
16542	484	14	49	12509	0	13056
16543	205	19	11947	420	0	12591
16544	122	4	354	11923	0	12403
16545	84	12	139	12092	0	12327
16546	11581	15	79	524	0	12199
16547	363	11606	65	244	0	12278
16548	157	329	56	11757	0	12299
16549	122	119	11279	412	0	11932
16550	11149	56	339	195	0	11739
16551	387	11198	142	148	0	11875
16552	178	316	65	11415	0	11974
16553	107	109	57	11612	0	11885
16554	91	54	52	11801	0	11998
16555	11329	32	58	541	0	11960
16556	11647	22	50	239	0	11958
16557	485	16	46	11580	0	12127
16558	219	23	11162	436	0	11840
16559	134	11352	336	196	0	12018
16560	11446	330	136	129	0	12041
16561	11794	126	72	110	0	12102
16562	489	51	61	11445	0	12046
16563	223	37	55	11809	0	12124
16564	121	32	11268	520	0	11941
16565	87	11292	347	248	0	11974
16566	11389	329	140	155	0	12013
16567	10999	115	78	108	0	11300
16568	440	10512	59	86	0	11097
16569	9857	294	41	76	0	10268
16570	371	86	34	9769	0	10260
16571	133	58	9533	360	0	10084
16572	106	41	296	9769	0	10212
16573	79	28	9528	385	0	10020
16574	9334	27	323	154	0	9838
16575	327	9227	113	124	0	9791
16576	80	284	45	8281	0	8690
16577	66	58	8084	287	0	8495
16578	56	37	7719	90	0	7902
16579	7044	38	224	59	0	7365
16580	185	6983	81	49	0	7298
16581	5777	104	72	29	0	5982
16582	5743	23	21	21	0	5808
16583	5753	14	18	20	0	5805
16584	122	29	19	5628	0	5798
16585	40	12	5559	111	0	5722
16586	29	5493	96	40	0	5658
16587	20	101	35	5589	0	5745
16588	24	28	5576	98	0	5726
16589	24	12	5129	21	0	5186
16590	14	19	67	5038	0	5138
16591	19	9	4984	75	0	5087
16592	4791	3	63	28	0	4885
16593	64	11	25	5035	0	5135
16594	25	5	11	5155	0	5196
16595	5122	13	11	77	0	5223
16596	69	4977	15	28	0	5089
16597	5240	56	9	16	0	5321
16598	69	11	12	5195	0	5287
16599	28	11	9	5235	0	5283
16600	14	7	17	5286	0	5324
16601	19	4	9	5177	0	5209
16602	5112	8	8	79	0	5207
16603	74	5	5058	27	0	5164
16604	22	4963	54	21	0	5060
16605	13	51	13	5050	0	5127
16606	5014	13	10	64	0	5101
16607	5055	6	13	19	0	5093
16608	59	5006	11	16	0	5092
16609	4940	52	5	19	0	5016
16610	55	4940	8	15	0	5018
16611	20	5186	9	10	0	5225
16612	17	61	8	5224	0	5310
16613	18	16	5220	60	0	5314
16614	10	26	40	5146	0	5222
16615	5085	8	10	55	0	5158
16616	47	4991	10	26	0	5074
16617	21	39	5	5121	0	5186
16618	15	12	5648	55	0	5730
16619	5768	14	49	15	0	5846
16620	5988	10	9	21	0	6028
16621	6037	8	11	18	0	6074
16622	68	7	5891	5	0	5971
16623	5804	9	46	12	0	5871
16624	55	5888	13	13	0	5969
16625	14	56	10	5813	0	5893
16626	15	5910	9	48	0	5982
16627	6124	52	5	12	0	6193
16628	6008	10	8	16	0	6042
16629	69	9	6160	11	0	6249
16630	18	6150	42	18	0	6228
16631	17	55	13	6249	0	6334
16632	13	10	8	6290	0	6321
16633	9	11	13	6282	0	6315
16634	11	5	6	6440	0	6462
16635	10	9	7	6535	0	6561
16636	22	11	6179	87	0	6299
16637	10	6114	71	35	0	6230
16638	6190	71	11	12	0	6284
16639	86	20	6196	14	0	6316
16640	18	6259	64	27	0	6368
16641	6439	72	17	13	0	6541
16642	83	20	6526	14	0	6643
16643	6449	10	77	16	0	6552
16644	6557	12	22	16	0	6607
16645	6595	14	11	13	0	6633
16646	89	6718	11	22	0	6840
16647	32	81	6658	12	0	6783
16648	21	6843	84	11	0	6959
16649	24	103	21	6363	0	6511
16650	17	6907	14	59	0	6997
16651	7108	87	22	20	0	7237
16652	7371	26	6	16	0	7419
16653	7339	11	9	11	0	7370
16654	135	13	7275	11	0	7434
16655	45	7508	92	19	0	7664
16656	26	108	29	8292	0	8455
16657	8966	34	18	119	0	9137
16658	149	8886	18	53	0	9106
16659	49	138	8	8951	0	9146
16660	24	51	9044	158	0	9277
16661	9125	25	153	47	0	9350
16662	169	19	9528	24	0	9740
16663	63	10	9704	16	0	9793
16664	9338	9	223	6	0	9576
16665	188	11	9453	8	0	9660
16666	9151	5	182	8	0	9346
16667	189	9196	69	8	0	9462
16668	9455	167	35	10	0	9667
16669	201	52	22	9393	0	9668
16670	77	26	20	9566	0	9689
16671	47	11	16	9650	0	9724
16672	9410	16	23	241	0	9690
16673	9420	7	20	80	0	9527
16674	9433	17	17	35	0	9502
16675	250	9138	21	39	0	9448
16676	89	166	10	9347	0	9612
16677	54	72	9098	175	0	9399
16678	40	30	170	9008	0	9248
16679	29	8943	74	199	0	9245
16680	38	174	29	8997	0	9238
16681	32	60	18	9171	0	9281
16682	8989	33	34	232	0	9288
16683	193	26	15	9069	0	9303
16684	87	27	8894	215	0	9223
16685	44	31	8821	86	0	8982
16686	40	22	220	8900	0	9182
16687	8771	13	94	199	0	9077
16688	195	14	47	8719	0	8975
16689	81	14	43	8972	0	9110
16690	45	15	8627	253	0	8940
16691	51	8546	185	114	0	8896
16692	50	170	75	8768	0	9063
16693	8585	62	38	212	0	8897
16694	196	8528	31	93	0	8848
16695	80	179	35	8677	0	8971
16696	59	70	8534	216	0	8879
16697	37	33	186	8499	0	8755
16698	8302	28	65	234	0	8629
16699	201	8185	37	108	0	8531
16700	95	171	8273	64	0	8603
16701	65	70	175	8339	0	8649
16702	39	42	8361	221	0	8663
16703	8286	23	198	103	0	8610
16704	8423	27	90	62	0	8602
16705	250	18	8279	62	0	8609
16706	94	29	188	8342	0	8653
16707	59	27	8460	224	0	8770
16708	41	8361	212	118	0	8732
16709	44	177	108	8572	0	8901
16710	39	72	8484	219	0	8814
16711	33	45	205	8093	0	8376
16712	42	8230	122	210	0	8604
16713	41	188	54	8363	0	8646
16714	43	76	8200	241	0	8560
16715	8040	31	218	124	0	8413
16716	204	8098	86	83	0	8471
16717	8256	189	61	53	0	8559
16718	219	90	7611	65	0	7985
16719	7566	46	202	57	0	7871
16720	241	30	7449	61	0	7781
16721	7423	48	221	55	0	7747
16722	7641	29	84	55	0	7809
16723	269	28	71	7436	0	7804
16724	116	26	49	7647	0	7838
16725	7455	27	48	272	0	7802
16726	221	7378	37	122	0	7758
16727	7429	176	45	80	0	7730
16728	211	79	45	7248	0	7583
16729	107	7196	57	211	0	7571
16730	76	174	39	7385	0	7674
16731	65	76	43	7477	0	7661
16732	42	41	54	7428	0	7565
16733	39	7227	51	299	0	7616
16734	7127	159	46	116	0	7448
16735	192	91	31	7189	0	7503
16736	97	44	7049	216	0	7406
16737	59	36	7109	103	0	7307
16738	44	40	7168	84	0	7336
16739	7029	29	234	64	0	7356
16740	7099	29	106	68	0	7302
16741	237	33	6906	57	0	7233
16742	113	27	160	6634	0	6934
16743	61	39	88	6844	0	7032
16744	63	24	6895	236	0	7218
16745	42	32	6876	110	0	7060
16746	49	23	211	6793	0	7076
16747	6723	22	102	176	0	7023
16748	6592	20	53	93	0	6758
16749	6520	21	49	60	0	6650
16750	209	6418	42	62	0	6731
16751	92	6324	26	51	0	6493
16752	63	156	24	6162	0	6405
16753	6119	63	35	149	0	6366
16754	144	35	5910	68	0	6157
16755	5408	31	108	56	0	5603
16756	110	4926	51	37	0	5124
16757	37	4168	10	22	0	4237
16758	4085	78	13	15	0	4191
16759	62	4085	21	13	0	4181
16760	17	3849	5	14	0	3885
16761	3667	94	105	35	0	3901
16762	40	3675	14	14	0	3743
16763	8	26	4	3555	0	3593
16764	4	7	3	3587	0	3601
16765	3605	5	0	31	0	3641
16766	3588	2	2	12	0	3604
16767	33	3626	6	8	0	3673
16768	11	3667	4	5	0	3687
16769	6	23	3682	3	0	3714
16770	3810	9	24	6	0	3849
16771	3929	6	11	2	0	3948
16772	3985	3	4	5	0	3997
16773	37	3	2	3996	0	4038
16774	9	2	5	4129	0	4145
16775	4157	4	3	39	0	4203
16776	39	2	3	4161	0	4205
16777	8	5	4196	41	0	4250
16778	6	3	33	4166	0	4208
16779	5	4268	7	36	0	4316
16780	6	40	4	4341	0	4391
16781	7	7	2	4414	0	4430
16782	1	6	3	4463	0	4473
16783	4396	5	3	46	0	4450
16784	35	4347	2	24	0	4408
16785	11	34	2	4455	0	4502
16786	5	8	4439	35	0	4487
16787	7	6	4379	9	0	4401
16788	8	6	39	4395	0	4448
16789	7	5	8	4428	0	4448
16790	4404	2	7	43	0	4456
16791	39	3	3	4316	0	4361
16792	8	4325	5	50	0	4388
16793	9	38	4499	14	0	4560
16794	6	10	32	4555	0	4603
16795	9	5	4666	45	0	4725
16796	8	3	35	4666	0	4712
16797	4714	6	10	40	0	4770
16798	4739	5	2	17	0	4763
16799	41	4683	8	6	0	4738
16800	12	37	3	4803	0	4855
16801	4958	12	4	36	0	5010
16802	5021	11	1	14	0	5047
16803	5085	5	3	12	0	5105
16804	5073	2	5	17	0	5097
16805	5039	9	6	10	0	5064
16806	46	4929	5	12	0	4992
16807	4860	28	2	8	0	4898
16808	39	8	4887	3	0	4937
16809	7	3	27	4864	0	4901
16810	4953	4	7	25	0	4989
16811	4939	4	4	11	0	4958
16812	4921	4	2	8	0	4935
16813	32	4	4995	6	0	5037
16814	9	3	23	5162	0	5197
16815	5384	2	5	30	0	5421
16816	31	5340	12	15	0	5398
16817	5796	27	4	5	0	5832
16818	5717	3	6	9	0	5735
16819	5779	6	4	7	0	5796
16820	35	5	2	5899	0	5941
16821	5999	6	3	35	0	6043
16822	35	8	6161	11	0	6215
16823	16	5	6163	8	0	6192
16824	6204	5	33	4	0	6246
16825	40	3	6331	4	0	6378
16826	6003	3	32	8	0	6046
16827	39	4	6296	9	0	6348
16828	13	4	28	6241	0	6286
16829	6252	5	10	30	0	6297
16830	33	6220	7	14	0	6274
16831	6408	26	8	7	0	6449
16832	36	6337	4	9	0	6386
16833	13	6634	8	8	0	6663
16834	10	30	2	6763	0	6805
16835	11	5	6	6733	0	6755
16836	5	9	6	6733	0	6753
16837	14	5	6669	34	0	6722
16838	6525	6	34	13	0	6578
16839	6954	4	5	5	0	6968
16840	6991	1	4	7	0	7003
16841	6972	5	5	10	0	6992
16842	6968	1	9	10	0	6988
16843	54	4	6828	5	0	6891
16844	20	5	6801	3	0	6829
16845	8	1	43	6882	0	6934
16846	12	4	7025	37	0	7078
16847	6813	2	47	10	0	6872
16848	52	7197	18	14	0	7281
16849	18	50	6	7660	0	7734
16850	7679	10	8	60	0	7757
16851	68	4	4	7930	0	8006
16852	32	4	8070	61	0	8167
16853	17	8	8124	23	0	8172
16854	14	2	72	8440	0	8528
16855	13	8	8447	67	0	8535
16856	8246	6	70	25	0	8347
16857	69	4	19	8489	0	8581
16858	34	6	8520	68	0	8628
16859	13	8423	78	30	0	8544
16860	16	62	24	8892	0	8994
16861	23	17	8902	80	0	9022
16862	13	6	80	8659	0	8758
16863	15	4	26	8896	0	8941
16864	18	6	9014	95	0	9133
16865	8	1	85	8987	0	9081
16866	12	4	30	8981	0	9027
16867	9	4	14	9045	0	9072
16868	8897	2	15	103	0	9017
16869	77	8789	16	32	0	8914
16870	20	8865	10	23	0	8918
16871	12	89	8805	14	0	8920
16872	8656	19	76	8	0	8759
16873	76	13	8913	16	0	9018
16874	20	10	8834	12	0	8876
16875	11	10	85	8805	0	8911
16876	8901	0	25	76	0	9002
16877	65	8814	19	48	0	8946
16878	8994	66	11	18	0	9089
16879	8919	19	8	15	0	8961
16880	74	8985	10	14	0	9083
16881	9111	69	7	11	0	9198
16882	9112	19	13	14	0	9158
16883	80	9200	8	19	0	9307
16884	22	78	12	9360	0	9472
16885	26	28	8	9526	0	9588
16886	9969	8	10	89	0	10076
16887	92	10036	18	30	0	10176
16888	10403	95	11	14	0	10523
16889	10466	24	11	19	0	10520
16890	11010	9	12	9	0	11040
16891	140	12	5	10948	0	11105
16892	45	8	5	11201	0	11259
16893	11101	7	10	132	0	11250
16894	11315	12	6	40	0	11373
16895	11343	12	5	26	0	11386
16896	145	9	14	11679	0	11847
16897	51	11	11703	148	0	11913
16898	29	13	133	11913	0	12088
16899	20	10	43	12744	0	12817
16900	27	6	12493	190	0	12716
16901	33	19	13182	73	0	13307
16902	18	12	215	13455	0	13700
16903	27	11	13377	208	0	13623
16904	13579	4	203	86	0	13872
16905	217	12	73	13774	0	14076
16906	77	10	36	13974	0	14097
16907	14055	4	17	284	0	14360
16908	209	14	31	13989	0	14243
16909	90	25	18	14122	0	14255
16910	36	10	15	14260	0	14321
16911	41	1	23	14262	0	14327
16912	38	18	13672	294	0	14022
16913	20	13	205	13885	0	14123
16914	28	9	13324	268	0	13629
16915	36	13388	205	141	0	13770
16916	26	192	72	13455	0	13745
16917	30	70	12918	240	0	13258
16918	12459	26	198	112	0	12795
16919	209	12919	85	59	0	13272
16920	13196	203	33	50	0	13482
16921	229	72	19	12740	0	13060
16922	95	12799	39	219	0	13152
16923	12946	196	29	97	0	13268
16924	205	12946	30	95	0	13276
16925	13111	202	25	55	0	13393
16926	232	86	24	12905	0	13247
16927	13097	39	28	218	0	13382
16928	245	13123	23	121	0	13512
16929	13301	198	28	56	0	13583
16930	261	90	12926	53	0	13330
16931	104	35	202	13161	0	13502
16932	13053	17	79	247	0	13396
16933	13069	28	46	110	0	13253
16934	284	30	33	12874	0	13221
16935	124	20	12724	251	0	13119
16936	64	12415	210	129	0	12818
16937	60	12784	87	95	0	13026
16938	13061	247	64	70	0	13442
16939	226	88	35	12899	0	13248
16940	108	42	43	13108	0	13301
16941	12977	38	33	306	0	13354
16942	12839	17	42	148	0	13046
16943	286	34	12826	90	0	13236
16944	144	16	196	13049	0	13405
16945	62	38	12746	269	0	13115
16946	83	12700	202	149	0	13134
16947	12434	180	92	104	0	12810
16948	189	12494	57	88	0	12828
16949	103	12669	40	92	0	12904
16950	107	235	51	12587	0	12980
16951	12196	87	46	227	0	12556
16952	189	12140	33	141	0	12503
16953	12102	190	37	86	0	12415
16954	215	11826	46	80	0	12167
16955	105	191	40	12025	0	12361
16956	11948	90	45	221	0	12304
16957	217	74	11943	122	0	12356
16958	121	73	179	11987	0	12360
16959	106	41	11814	228	0	12189
16960	66	11320	184	137	0	11707
16961	75	11731	88	94	0	11988
16962	11579	236	65	81	0	11961
16963	201	11639	37	98	0	11975
16964	11801	198	60	70	0	12129
16965	12005	102	42	80	0	12229
16966	260	70	11721	81	0	12132
16967	11657	61	184	75	0	11977
16968	252	48	12015	67	0	12382
16969	125	12041	188	79	0	12433
16970	12320	186	86	72	0	12664
16971	226	12199	64	72	0	12561
16972	136	197	48	12295	0	12676
16973	12417	99	36	214	0	12766
16974	237	60	31	12331	0	12659
16975	146	48	12532	226	0	12952
16976	81	64	179	12491	0	12815
16977	83	52	77	12810	0	13022
16978	12672	65	55	266	0	13058
16979	222	58	12503	142	0	12925
16980	12580	62	193	84	0	12919
16981	12998	44	84	80	0	13206
16982	308	61	36	12775	0	13180
16983	152	41	45	12868	0	13106
16984	12658	48	36	293	0	13035
16985	263	12937	41	122	0	13363
16986	126	220	28	12650	0	13024
16987	88	81	12266	212	0	12647
16988	79	78	11853	100	0	12110
16989	70	12187	206	75	0	12538
16990	72	198	79	11876	0	12225
16991	57	89	42	12026	0	12214
16992	11747	59	34	238	0	12078
16993	203	51	36	11554	0	11844
16994	11226	43	34	197	0	11500
16995	190	10987	30	112	0	11319
16996	93	11073	21	62	0	11249
16997	58	11339	29	51	0	11477
16998	11121	156	54	67	0	11398
16999	10431	60	40	33	0	10564
17000	154	10206	27	36	0	10423
17001	9393	65	11	9	0	9478
17002	72	9124	12	10	0	9218
17003	20	73	2	9168	0	9263
17004	15	9025	4	66	0	9110
17005	9244	71	10	19	0	9344
17006	9249	18	1	13	0	9281
17007	82	11	2	9041	0	9136
17008	9151	4	4	72	0	9231
17009	67	13	6	9120	0	9206
17010	23	9216	11	72	0	9322
17011	11	80	7	9421	0	9519
17012	6	9240	7	79	0	9332
17013	9392	65	4	21	0	9482
17014	74	24	9137	11	0	9246
17015	8972	6	67	17	0	9062
17016	73	6	17	9293	0	9389
17017	26	12	9222	73	0	9333
17018	9118	11	58	22	0	9209
17019	74	23	9526	15	0	9638
17020	22	10	65	9431	0	9528
17021	16	10	12	9722	0	9760
17022	15	7	5	9704	0	9731
17023	14	8	5	9908	0	9935
17024	10	9858	7	116	0	9991
17025	14	101	3	10585	0	10703
17026	10682	25	6	121	0	10834
17027	122	23	10435	36	0	10616
17028	38	11243	111	20	0	11412
17029	11691	149	28	17	0	11885
17030	12475	38	6	20	0	12539
17031	206	22	8	13532	0	13768
17032	57	22	13359	229	0	13667
17033	33	24	206	13414	0	13677
17034	33	10	63	14168	0	14274
17035	36	20	13595	303	0	13954
17036	28	13910	245	102	0	14285
17037	14627	242	77	53	0	14999
17038	14629	79	29	49	0	14786
17039	14913	28	32	52	0	15025
17040	350	28	67	14578	0	15023
17041	136	23	19	15316	0	15494
17042	15509	19	21	363	0	15912
17043	343	23	26	14837	0	15229
17044	139	14908	24	308	0	15379
17045	15818	273	15	133	0	16239
17046	16298	85	19	81	0	16483
17047	16781	38	15	75	0	16909
17048	16886	34	25	76	0	17021
17049	514	28	15870	50	0	16462
17050	205	45	15984	50	0	16284
17051	122	30	406	15903	0	16461
17052	115	30	125	16389	0	16659
17053	117	25	15799	434	0	16375
17054	99	27	15960	165	0	16251
17055	88	17	434	15955	0	16494
17056	15922	17	165	389	0	16493
17057	369	21	97	15791	0	16278
17058	158	27	15468	419	0	16072
17059	109	15616	361	192	0	16278
17060	15934	333	149	107	0	16523
17061	16134	104	89	101	0	16428
17062	16176	47	77	96	0	16396
17063	16185	37	61	98	0	16381
17064	537	44	15232	98	0	15911
17065	213	45	362	15392	0	16012
17066	15428	37	145	390	0	16000
17067	456	35	71	15398	0	15960
17068	235	25	58	14825	0	15143
17069	168	14738	46	483	0	15435
17070	151	328	63	15007	0	15549
17071	14677	118	62	448	0	15305
17072	417	14669	64	216	0	15366
17073	14614	357	47	130	0	15148
17074	454	14567	50	125	0	15196
17075	216	369	54	13751	0	14390
17076	155	13844	67	385	0	14451
17077	133	14380	58	182	0	14753
17078	14230	423	74	138	0	14865
17079	444	175	13765	127	0	14511
17080	194	120	13604	134	0	14052
17081	129	93	13481	133	0	13836
17082	12967	90	429	144	0	13630
17083	399	13244	181	137	0	13961
17084	228	13663	117	114	0	14122
17085	12672	407	89	92	0	13260
17086	416	12820	99	113	0	13448
17087	222	13125	103	106	0	13556
17088	167	441	78	13004	0	13690
17089	175	194	12747	389	0	13505
17090	172	151	12904	214	0	13441
17091	176	122	414	12876	0	13588
17092	12693	98	188	420	0	13399
17093	402	12762	129	205	0	13498
17094	266	370	96	12984	0	13716
17095	194	177	12751	413	0	13535
17096	199	120	12520	225	0	13064
17097	171	109	443	12297	0	13020
17098	12253	104	190	443	0	12990
17099	12564	114	124	209	0	13011
17100	523	105	12064	174	0	12866
17101	12275	99	404	157	0	12935
17102	493	82	12096	140	0	12811
17103	277	61	423	11501	0	12262
17104	189	11979	226	383	0	12777
17105	12274	342	156	180	0	12952
17106	455	155	152	12312	0	13074
17107	257	107	162	12378	0	12904
17108	207	97	144	12554	0	13002
17109	195	75	125	12537	0	12932
17110	176	79	11596	523	0	12374
17111	165	11658	379	275	0	12477
17112	175	331	198	11932	0	12636
17113	11718	135	137	455	0	12445
17114	393	110	125	11968	0	12596
17115	228	83	108	12193	0	12612
17116	165	105	11475	529	0	12274
17117	173	93	11479	264	0	12009
17118	155	11429	433	226	0	12243
17119	169	11560	183	214	0	12126
17120	155	414	124	11292	0	11985
17121	11208	191	126	430	0	11955
17122	395	130	10842	265	0	11632
17123	218	10814	345	150	0	11527
17124	140	343	177	10133	0	10793
17125	133	10187	90	351	0	10761
17126	133	357	93	9654	0	10237
17127	109	9913	97	352	0	10471
17128	103	288	76	8937	0	9404
17129	8543	163	75	283	0	9064
17130	235	7747	54	160	0	8196
17131	78	230	39	6496	0	6843
17132	6267	92	42	195	0	6596
17133	161	6305	32	106	0	6604
17134	66	5787	33	74	0	5960
17135	67	5851	30	47	0	5995
17136	65	147	96	5218	0	5526
17137	21	65	18	5188	0	5292
17138	25	5111	25	128	0	5289
17139	25	120	24	5097	0	5266
17140	29	60	4990	111	0	5190
17141	17	4772	82	44	0	4915
17142	14	346	32	4104	0	4496
17143	15	4427	21	61	0	4524
17144	29	75	4103	26	0	4233
17145	12	3949	40	19	0	4020
17146	3198	64	26	19	0	3307
17147	16	14	5	3085	0	3120
17148	3112	2	3	14	0	3131
17149	12	3	3116	9	0	3140
17150	8	2	11	3154	0	3175
17151	5	3	3233	14	0	3255
17152	3	1	13	3215	0	3232
17153	3373	2	10	14	0	3399
17154	12	1	1	3399	0	3413
17155	3447	3	2	16	0	3468
17156	13	3494	3	9	0	3519
17157	3534	14	1	4	0	3553
17158	16	14	3571	7	0	3608
17159	6	3740	11	8	0	3765
17160	3	15	8	3923	0	3949
17161	2	8	4	3941	0	3955
17162	1	3	3903	22	0	3929
17163	1	3966	13	13	0	3993
17164	2	14	6	4090	0	4112
17165	1	4086	2	14	0	4103
17166	3	14	1	4137	0	4155
17167	1	4104	2	15	0	4122
17168	4120	15	3	10	0	4148
17169	14	10	5	4164	0	4193
17170	9	9	4201	12	0	4231
17171	1	4239	15	20	0	4275
17172	4	4372	6	5	0	4387
17173	8	17	4368	7	0	4400
17174	2	4378	13	6	0	4399
17175	3	15	6	4485	0	4509
17176	0	5	4557	15	0	4577
17177	1	3	11	4467	0	4482
17178	0	1	6	4626	0	4633
17179	3	3	4608	16	0	4630
17180	4421	1	15	5	0	4442
17181	12	3	7	4713	0	4735
17182	9	5	5196	15	0	5225
17183	2	5253	17	15	0	5287
17184	5483	13	5	4	0	5505
17185	11	5333	3	8	0	5355
17186	5	14	0	5557	0	5576
17187	5549	7	2	14	0	5572
17188	11	4	0	5547	0	5562
17189	8	4	5829	15	0	5856
17190	3	2	12	5826	0	5843
17191	3	2	5887	18	0	5910
17192	5777	4	20	8	0	5809
17193	18	4	5969	3	0	5994
17194	5999	3	19	3	0	6024
17195	6073	4	8	4	0	6089
17196	23	7	6240	3	0	6273
17197	9	4	6076	3	0	6092
17198	2	6198	26	11	0	6237
17199	6602	18	9	2	0	6631
17200	18	9	3	6807	0	6837
17201	7	4	2	6810	0	6823
17202	7936	2	2	24	0	7964
17203	8093	1	1	13	0	8108
17204	8109	2	3	8	0	8122
17205	8111	2	4	6	0	8123
17206	23	3	1	8045	0	8072
17207	8215	2	1	22	0	8240
17208	17	1	1	8197	0	8216
17209	9	2	3	8170	0	8184
17210	2	4	2	8310	0	8318
17211	5	0	8152	28	0	8185
17212	1	7908	19	18	0	7946
17213	0	7980	12	7	0	7999
17214	4	18	3	8274	0	8299
17215	8302	7	2	17	0	8328
17216	19	5	2	8207	0	8233
17217	8271	3	3	21	0	8298
17218	21	5	8711	10	0	8747
17219	8472	4	15	6	0	8497
17220	16	12	8	9037	0	9073
17221	9341	1	4	16	0	9362
17222	9244	1	1	15	0	9261
17223	9494	1	3	6	0	9504
17224	26	4	0	9452	0	9482
17225	17	3	9483	17	0	9520
17226	4	1	18	9352	0	9375
17227	9691	2	9	17	0	9719
17228	23	6	10768	11	0	10808
17229	8	3	19	11206	0	11236
17230	11828	0	11	28	0	11867
17231	29	9	12059	11	0	12108
17232	12572	2	33	7	0	12614
17233	13203	1	13	3	0	13220
17234	56	3	5	13313	0	13377
17235	17	1	3	13565	0	13586
17236	13665	4	5	78	0	13752
17237	67	1	3	13937	0	14008
17238	13932	4	6	98	0	14040
17239	94	13833	7	35	0	13969
17240	18	14042	2	26	0	14088
17241	15	112	1	14299	0	14427
17242	10	37	14346	100	0	14493
17243	8	14278	103	30	0	14419
17244	14529	107	19	15	0	14670
17245	95	14135	24	22	0	14276
17246	26	119	14425	7	0	14577
17247	15	29	108	14148	0	14300
17248	16	50	14736	109	0	14911
17249	7	14755	122	55	0	14939
17250	2	103	27	15124	0	15256
17251	4	14696	27	89	0	14816
17252	18	111	14826	18	0	14973
17253	6	24	110	14585	0	14725
17254	8	26	15097	105	0	15236
17255	7	9	113	14851	0	14980
17256	15099	9	24	120	0	15252
17257	109	8	14859	26	0	15002
17258	14211	5	102	26	0	14344
17259	119	11	14576	10	0	14716
17260	25	5	111	14400	0	14541
17261	34	6	15129	111	0	15280
17262	10	6	118	15073	0	15207
17263	15	10	24	15169	0	15218
17264	9	3	25	15128	0	15165
17265	10	6	11	15221	0	15248
17266	14	10	15801	145	0	15970
17267	15160	3	110	54	0	15327
17268	107	6	25	16905	0	17043
17269	17198	8	18	126	0	17350
17270	17665	4	14	36	0	17719
17271	17994	10	10	34	0	18048
17272	166	8	10	18280	0	18464
17273	50	11	9	18816	0	18886
17274	32	20820	15	180	0	21047
17275	23481	270	13	59	0	23823
17276	24855	86	13	47	0	25001
17277	25104	45	10	28	0	25187
17278	579	42	25001	23	0	25645
17279	219	19	371	24937	0	25546
17280	138	31	24850	397	0	25416
17281	24722	13	427	145	0	25307
17282	25081	8	172	74	0	25335
17283	533	10	90	24604	0	25237
17284	204	15	63	24200	0	24482
17285	127	24623	41	514	0	25305
17286	25216	376	30	172	0	25794
17287	25277	129	25	109	0	25540
17288	540	24692	32	97	0	25361
17289	25124	415	25	58	0	25622
17290	502	145	26	25006	0	25679
17291	224	68	26	25407	0	25725
17292	25422	53	25	531	0	26031
17293	484	43	24817	206	0	25550
17294	24984	20	368	139	0	25511
17295	25411	21	135	114	0	25681
17296	554	24569	77	90	0	25290
17297	25409	391	50	53	0	25903
17298	540	158	24624	45	0	25367
17299	268	92	383	24799	0	25542
17300	24900	56	139	415	0	25510
17301	513	42	88	24903	0	25546
17302	225	37	23835	486	0	24583
17303	154	25	412	23441	0	24032
17304	120	25457	182	517	0	26276
17305	119	411	88	26254	0	26872
17306	96	144	72	26773	0	27085
17307	83	77	45	26697	0	26902
17308	79	69	39	26849	0	27036
17309	86	65	25906	680	0	26737
17310	87	54	390	26320	0	26851
17311	26236	45	142	566	0	26989
17312	460	25775	89	299	0	26623
17313	196	405	70	26756	0	27427
17314	156	157	26562	533	0	27408
17315	135	85	416	26944	0	27580
17316	27221	60	171	547	0	27999
17317	27141	52	103	256	0	27552
17318	26500	36	101	161	0	26798
17319	700	31	72	26735	0	27538
17320	361	57	26250	499	0	27167
17321	253	25906	434	270	0	26863
17322	26857	407	188	172	0	27624
17323	536	152	114	26430	0	27232
17324	275	107	93	26886	0	27361
17325	228	82	26140	637	0	27087
17326	199	25531	450	326	0	26506
17327	159	26746	176	250	0	27331
17328	146	609	112	25625	0	26492
17329	161	220	24760	562	0	25703
17330	23853	152	459	305	0	24769
17331	553	121	24298	205	0	25177
17332	23349	75	442	175	0	24041
17333	553	24359	225	207	0	25344
17334	311	405	24331	159	0	25206
17335	23867	179	451	138	0	24635
17336	546	24060	216	130	0	24952
17337	25153	409	145	108	0	25815
17338	563	189	24977	111	0	25840
17339	312	25049	398	145	0	25904
17340	26153	430	178	117	0	26878
17341	579	180	25555	122	0	26436
17342	25651	107	452	122	0	26332
17343	555	106	217	25638	0	26516
17344	25995	77	139	464	0	26675
17345	537	71	132	25893	0	26633
17346	25956	80	80	552	0	26668
17347	547	85	25772	318	0	26722
17348	277	60	426	26206	0	26969
17349	177	71	200	26404	0	26852
17350	175	93	25951	656	0	26875
17351	114	96	438	26269	0	26917
17352	114	25805	288	585	0	26792
17353	109	394	147	28361	0	29011
17354	136	169	127	29753	0	30185
17355	147	119	98	32423	0	32787
17356	135	94	31749	881	0	32859
17357	32115	70	578	460	0	33223
17358	703	72	247	34209	0	35231
17359	337	81	34206	813	0	35437
17360	34622	52	731	375	0	35780
17361	35296	75	289	241	0	35901
17362	36153	68	165	208	0	36594
17363	1117	73	151	35734	0	37075
17364	487	77	126	38823	0	39513
17365	302	72	115	38249	0	38738
17366	224	37430	106	1311	0	39071
17367	37530	909	105	583	0	39127
17368	37846	299	118	364	0	38627
17369	1224	183	113	37022	0	38542
17370	538	129	35734	1074	0	37475
17371	388	108	35788	456	0	36740
17372	234	34568	1216	310	0	36328
17373	187	35690	424	291	0	36592
17374	31822	1155	476	330	0	33783
17375	743	30755	122	125	0	31745
17376	30085	682	74	86	0	30927
17377	30140	213	51	94	0	30498
17378	30172	101	43	105	0	30421
17379	937	69	54	29892	0	30952
17380	362	59	37	31428	0	31886
17381	31486	55	47	916	0	32504
17382	830	58	46	31924	0	32858
17383	314	60	31223	897	0	32494
17384	31774	68	704	311	0	32857
17385	825	65	224	31458	0	32572
17386	323	78	129	32156	0	32686
17387	217	74	61	32743	0	33095
17388	172	88	31358	1033	0	32651
17389	30456	65	743	429	0	31693
17390	870	81	31200	232	0	32383
17391	333	75	814	31256	0	32478
17392	284	81	31343	836	0	32544
17393	187	81	820	30934	0	32022
17394	177	60	271	31806	0	32314
17395	183	86	31186	1047	0	32502
17396	187	61	793	30152	0	31193
17397	169	31071	277	882	0	32399
17398	31431	739	172	368	0	32710
17399	31979	222	104	260	0	32565
17400	1027	124	95	31570	0	32816
17401	423	70	31125	921	0	32539
17402	263	29923	808	422	0	31416
17403	176	31449	299	297	0	32221
17404	29485	887	195	251	0	30818
17405	846	312	28776	228	0	30162
17406	29001	149	808	217	0	30175
17407	942	88	296	28929	0	30255
17408	342	51	242	29720	0	30355
17409	28569	56	162	1115	0	29902
17410	850	28330	166	552	0	29898
17411	347	737	28500	349	0	29933
17412	249	242	803	28624	0	29918
17413	213	166	28436	926	0	29741
17414	184	27936	882	426	0	29428
17415	168	763	338	28579	0	29848
17416	28260	271	224	938	0	29693
17417	28764	176	178	389	0	29507
17418	1053	152	27682	336	0	29223
17419	453	27704	843	240	0	29240
17420	27832	776	304	222	0	29134
17421	878	27830	221	223	0	29152
17422	393	877	139	27709	0	29118
17423	27660	333	151	906	0	29050
17424	934	197	139	27920	0	29190
17425	387	161	27098	1001	0	28647
17426	288	133	835	27663	0	28919
17427	280	137	26991	981	0	28389
17428	222	142	873	27339	0	28576
17429	27009	116	352	1007	0	28484
17430	876	26765	236	466	0	28343
17431	26816	778	205	295	0	28094
17432	954	322	136	26450	0	27862
17433	382	205	166	26803	0	27556
17434	293	175	25339	1099	0	26906
17435	262	159	26154	475	0	27050
17436	232	25643	979	380	0	27234
17437	239	793	25415	267	0	26714
17438	23779	283	934	247	0	25243
17439	837	24309	373	263	0	25782
17440	325	24639	235	278	0	25477
17441	279	24799	175	228	0	25481
17442	234	1011	143	24152	0	25540
17443	223	412	23860	858	0	25353
17444	191	24149	805	437	0	25582
17445	225	811	325	22740	0	24101
17446	178	24190	192	848	0	25408
17447	23659	840	194	349	0	25042
17448	24138	327	156	302	0	24923
17449	996	233	175	23456	0	24860
17450	392	178	166	23694	0	24430
17451	22157	111	171	1057	0	23496
17452	797	21384	165	467	0	22813
17453	301	21682	152	319	0	22454
17454	187	962	135	19348	0	20632
17455	129	275	16981	688	0	18073
17456	105	16687	580	287	0	17659
17457	15262	555	261	152	0	16230
17458	481	14775	131	131	0	15518
17459	174	14465	98	122	0	14859
17460	13470	559	137	85	0	14251
17461	421	13783	88	103	0	14395
17462	185	479	12917	92	0	13673
17463	108	12921	401	102	0	13532
17464	10138	244	158	44	0	10584
17465	178	9991	45	44	0	10258
17466	9959	211	68	36	0	10274
17467	225	75	22	9857	0	10179
17468	64	69	26	10145	0	10304
17469	63	46	9978	227	0	10314
17470	44	9968	165	105	0	10282
17471	34	181	61	10175	0	10451
17472	10046	72	50	175	0	10343
17473	9982	54	31	86	0	10153
17474	207	9982	33	63	0	10285
17475	87	172	22	9942	0	10223
17476	9875	77	25	171	0	10148
17477	9939	59	31	73	0	10102
17478	221	45	9501	57	0	9824
17479	88	57	8859	31	0	9035
17480	44	48	8493	29	0	8614
17481	20	8033	113	24	0	8190
17482	7624	96	105	18	0	7843
17483	83	7441	29	13	0	7566
17484	7444	84	28	10	0	7566
17485	81	7875	14	14	0	7984
17486	24	87	12	8234	0	8357
17487	8341	26	9	86	0	8462
17488	80	26	8356	23	0	8485
17489	8258	19	67	18	0	8362
17490	8530	27	20	11	0	8588
17491	89	8560	14	15	0	8678
17492	29	8833	10	14	0	8886
17493	9145	82	15	11	0	9253
17494	81	34	9645	14	0	9774
17495	9395	21	65	17	0	9498
17496	9527	17	33	8	0	9585
17497	84	18	8	9414	0	9524
17498	9704	19	6	66	0	9795
17499	75	20	7	10074	0	10176
17500	27	20	7	10385	0	10439
17501	24	19	1	10298	0	10342
17502	18	10106	12	85	0	10221
17503	10467	69	9	32	0	10577
17504	10544	20	12	21	0	10597
17505	80	20	10	10518	0	10628
17506	34	17	8	10511	0	10570
17507	24	10379	12	77	0	10492
17508	10570	73	9	27	0	10679
17509	79	37	10406	12	0	10534
17510	30	24	60	10451	0	10565
17511	19	22	10349	70	0	10460
17512	23	18	63	10333	0	10437
17513	26	16	10498	69	0	10609
17514	21	21	67	10380	0	10489
17515	10567	15	24	71	0	10677
17516	76	20	10825	26	0	10947
17517	10673	12	65	16	0	10766
17518	77	11381	28	25	0	11511
17519	30	61	17	11766	0	11874
17520	25	25	14	11948	0	12012
17521	12444	23	9	75	0	12551
17522	82	18	6	13050	0	13156
17523	43	20	13830	71	0	13964
17524	13544	13	59	31	0	13647
17525	14114	17	20	27	0	14178
17526	14204	10	11	25	0	14250
17527	14191	15	17	22	0	14245
17528	93	13758	26	24	0	13901
17529	38	57	14	14224	0	14333
17530	14190	18	12	62	0	14282
17531	70	15	9	14035	0	14129
17532	13914	19	15	57	0	14005
17533	75	15	13617	26	0	13733
17534	31	9	13620	14	0	13674
17535	23	115	55	13084	0	13277
17536	25	13352	25	69	0	13471
17537	17	13885	10	46	0	13958
17538	13944	56	17	26	0	14043
17539	53	14	13965	16	0	14048
17540	12891	10	38	17	0	12956
17541	44	13848	24	19	0	13935
17542	14186	39	6	9	0	14240
17543	49	11	11	14091	0	14162
17544	27	17	14428	45	0	14517
17545	19	4	34	14305	0	14362
17546	15	6	14	14414	0	14449
17547	12	14215	11	58	0	14296
17548	11	14663	13	29	0	14716
17549	19	48	15	14945	0	15027
17550	23	14805	5	67	0	14900
17551	12	59	14771	17	0	14859
17552	17	36	14319	12	0	14384
17553	13787	12	54	14	0	13867
17554	14906	8	11	17	0	14942
17555	53	14471	15	21	0	14560
17556	19	46	13	14714	0	14792
17557	23	18	4	14866	0	14911
17558	19	11	14830	46	0	14906
17559	12	56	48	14253	0	14369
17560	11	14509	16	58	0	14594
17561	16	50	14314	20	0	14400
17562	13	15	14414	10	0	14452
17563	10	13736	68	43	0	13857
17564	18	43	14357	10	0	14428
17565	11	16	38	14338	0	14403
17566	14	16	16	13925	0	13971
17567	16	15	14762	48	0	14841
17568	9	15	36	14452	0	14512
17569	7	14023	23	51	0	14104
17570	13	14539	13	25	0	14590
17571	10	53	7	14690	0	14760
17572	22	9	14691	38	0	14760
17573	7	14469	56	21	0	14553
17574	16	69	13	15021	0	15119
17575	8	20	14724	36	0	14788
17576	14129	13	32	17	0	14191
17577	14914	7	6	10	0	14937
17578	14925	4	15	9	0	14953
17579	33	3	8	14604	0	14648
17580	7	4	7	14792	0	14810
17581	10	10	15154	36	0	15210
17582	6	4	35	15007	0	15052
17583	2	9	6	15427	0	15444
17584	7	11	15233	39	0	15290
17585	12892	6	47	27	0	12972
17586	32	14067	19	22	0	14140
17587	14472	32	3	3	0	14510
17588	34	14082	9	17	0	14142
17589	12	31	8	14391	0	14442
17590	13	12	14314	38	0	14377
17591	9	14	39	13939	0	14001
17592	7	9	13995	40	0	14051
17593	11978	7	61	44	0	12090
17594	39	11	13739	10	0	13799
17595	11	7	49	13328	0	13395
17596	8	6	13920	56	0	13990
17597	12	14160	77	27	0	14276
17598	12	78	25	16289	0	16404
17599	15	19	11	16713	0	16758
17600	7	11	10	17255	0	17283
17601	9	10	16938	186	0	17143
17602	9	21	17511	43	0	17584
17603	11	5	181	17382	0	17579
17604	15	10	45	21450	0	21520
17605	12	2	18	22863	0	22895
17606	23104	6	30	417	0	23557
17607	348	3	11	23806	0	24168
17608	118	17	24054	419	0	24608
17609	24937	4	373	162	0	25476
17610	426	6	118	25632	0	26182
17611	26134	7	73	454	0	26668
17612	26664	1	43	172	0	26880
17613	563	3	32	26633	0	27231
17614	26671	3	26	489	0	27189
17615	26922	3	22	194	0	27141
17616	611	21	25979	106	0	26717
17617	215	26215	443	84	0	26957
17618	116	422	139	25104	0	25781
17619	77	133	76	26516	0	26802
17620	26135	59	34	600	0	26828
17621	25824	23	38	244	0	26129
17622	25608	18	31	152	0	25809
17623	679	21	23524	95	0	24319
17624	277	23818	439	115	0	24649
17625	24092	435	155	74	0	24756
17626	537	24170	91	72	0	24870
17627	24409	486	52	82	0	25029
17628	561	168	36	24303	0	25068
17629	24248	86	31	505	0	24870
17630	24555	38	36	217	0	24846
17631	24711	28	43	137	0	24919
17632	741	43	24011	95	0	24890
17633	24497	23	477	88	0	25085
17634	598	24220	160	109	0	25087
17635	24905	452	86	76	0	25519
17636	25077	165	42	82	0	25366
17637	25280	93	50	80	0	25503
17638	771	52	48	24065	0	24936
17639	366	24201	40	508	0	25115
17640	24605	450	68	195	0	25318
17641	634	191	23935	125	0	24885
17642	306	24182	458	143	0	25089
17643	239	504	166	22477	0	23386
17644	228	23816	100	398	0	24542
17645	24010	531	76	181	0	24798
17646	24635	210	67	117	0	25029
17647	723	127	62	24248	0	25160
17648	367	90	23479	597	0	24533
17649	253	23705	470	292	0	24720
17650	293	558	270	19083	0	20204
17651	195	207	171	23696	0	24269
17652	196	114	118	24898	0	25326
17653	24593	96	95	746	0	25530
17654	24949	96	79	337	0	25461
17655	25093	80	65	253	0	25491
17656	25271	85	82	184	0	25622
17657	877	70	67	24703	0	25717
17658	454	82	24543	612	0	25691
17659	344	80	512	25133	0	26069
17660	297	62	192	25348	0	25899
17661	306	90	127	25438	0	25961
17662	312	74	98	25593	0	26077
17663	24919	84	123	894	0	26020
17664	792	80	125	25001	0	25998
17665	25040	58	116	752	0	25966
17666	25410	113	98	390	0	26011
17667	981	95	24434	328	0	25838
17668	571	98	24476	287	0	25432
17669	456	84	25048	297	0	25885
17670	459	69	716	24639	0	25883
17671	402	112	24858	656	0	26028
17672	349	129	644	24619	0	25741
17673	306	162	276	25016	0	25760
17674	24998	130	133	891	0	26152
17675	815	91	114	24558	0	25578
17676	562	24865	100	748	0	26275
17677	25279	507	134	356	0	26276
17678	851	25286	153	288	0	26578
17679	511	615	25375	224	0	26725
17680	421	25637	562	216	0	26836
17681	25453	644	246	213	0	26556
17682	846	308	190	25323	0	26667
17683	561	187	24837	667	0	26252
17684	25221	149	550	369	0	26289
17685	933	110	239	25302	0	26584
17686	582	118	25035	643	0	26378
17687	481	128	568	25401	0	26578
17688	381	148	287	25668	0	26484
17689	389	186	170	25474	0	26219
17690	371	25132	159	791	0	26453
17691	25489	586	149	356	0	26580
17692	849	288	123	24947	0	26207
17693	479	24983	131	661	0	26254
17694	372	611	109	25068	0	26160
17695	383	318	24412	654	0	25767
17696	327	24448	573	350	0	25698
17697	23884	566	279	275	0	25004
17698	22511	301	163	184	0	23159
17699	637	189	96	21477	0	22399
17700	356	178	84	21436	0	22054
17701	21217	123	78	602	0	22020
17702	20217	102	85	360	0	20764
17703	627	20237	141	253	0	21258
17704	16122	238	65	105	0	16530
17705	285	76	15219	80	0	15660
17706	157	61	14927	54	0	15199
17707	85	14330	199	62	0	14676
17708	55	14078	85	53	0	14271
17709	13092	131	190	37	0	13450
17710	104	12993	33	39	0	13169
17711	12865	79	31	19	0	12994
17712	12617	45	14	24	0	12700
17713	12452	10	15	25	0	12502
17714	99	16	11	12335	0	12461
17715	12531	9	7	87	0	12634
17716	92	20	12413	36	0	12561
17717	43	22	12467	23	0	12555
17718	30	12544	95	42	0	12711
17719	33	86	12733	27	0	12879
17720	27	45	87	12333	0	12492
17721	33	17	12869	94	0	13013
17722	32	17	12707	39	0	12795
17723	24	20	91	12673	0	12808
17724	12901	7	41	89	0	13038
17725	12942	11	21	47	0	13021
17726	110	12	13596	32	0	13750
17727	13498	9	88	23	0	13618
17728	104	14	13967	23	0	14108
17729	13930	14	90	21	0	14055
17730	14641	16	31	24	0	14712
17731	109	8	24	14544	0	14685
17732	39	12	19	14291	0	14361
17733	40	14037	21	115	0	14213
17734	26	14463	15	52	0	14556
17735	22	102	23	14357	0	14504
17736	28	31	22	14733	0	14814
17737	14558	14	11	113	0	14696
17738	104	14319	18	37	0	14478
17739	14605	90	20	25	0	14740
17740	99	14577	23	28	0	14727
17741	46	105	14551	15	0	14717
17742	23	36	98	14717	0	14874
17743	14863	13	37	117	0	15030
17744	15591	10	12	38	0	15651
17745	169	16015	18	31	0	16233
17746	45	16710	23	28	0	16806
17747	23	16973	18	32	0	17046
17748	19	242	20	18396	0	18677
17749	37	57	18285	255	0	18634
17750	20	18239	248	67	0	18574
17751	45	271	44	18488	0	18848
17752	13	39	24	19044	0	19120
17753	19	25	18552	292	0	18888
17754	28	32	18491	63	0	18614
17755	18320	11	287	42	0	18660
17756	283	16	18927	23	0	19249
17757	18813	19	277	18	0	19127
17758	18657	18	48	16	0	18739
17759	18654	26	33	19	0	18732
17760	18542	30	26	18	0	18616
17761	321	37	17742	23	0	18123
17762	75	17804	252	27	0	18158
17763	46	253	44	18422	0	18765
17764	39	55	18170	275	0	18539
17765	28	48	258	17957	0	18291
17766	26	17735	84	276	0	18121
17767	35	270	33	18701	0	19039
17768	40	50	34	18806	0	18930
17769	31	43	28	18710	0	18812
17770	18511	28	25	345	0	18909
17771	293	26	32	18459	0	18810
17772	70	32	17	18634	0	18753
17773	47	24	48	18555	0	18674
17774	41	17770	45	348	0	18204
17775	17927	288	41	84	0	18340
17776	274	17169	47	81	0	17571
17777	78	17818	40	62	0	17998
17778	64	301	53	17970	0	18388
17779	64	96	46	18073	0	18279
17780	17880	43	31	365	0	18319
17781	324	40	39	17995	0	18398
17782	18061	31	38	341	0	18471
17783	20301	35	46	114	0	20496
17784	554	31	29	20132	0	20746
17785	178	30	44	20247	0	20499
17786	68	20176	54	601	0	20899
17787	20619	464	41	206	0	21330
17788	499	20877	37	147	0	21560
17789	21186	509	58	84	0	21837
17790	584	187	20510	71	0	21352
17791	20750	91	492	76	0	21409
17792	21634	63	139	89	0	21925
17793	681	68	53	21062	0	21864
17794	255	55	20678	589	0	21577
17795	126	20846	536	232	0	21740
17796	85	569	146	21473	0	22273
17797	89	188	20970	652	0	21899
17798	53	115	549	21163	0	21880
17799	20860	67	179	652	0	21758
17800	617	65	20245	255	0	21182
17801	210	20317	535	163	0	21225
17802	125	21058	182	118	0	21483
17803	121	734	100	18565	0	19520
17804	120	20458	55	493	0	21126
17805	20636	585	60	185	0	21466
17806	20699	208	44	118	0	21069
17807	20843	108	53	98	0	21102
17808	760	96	19405	106	0	20367
17809	19883	76	548	100	0	20607
17810	642	92	176	19604	0	20514
17811	257	80	77	20029	0	20443
17812	153	73	68	20160	0	20454
17813	109	56	123	20264	0	20552
17814	126	68	19207	810	0	20211
17815	125	78	19332	314	0	19849
17816	114	68	19032	180	0	19394
17817	18147	66	685	167	0	19065
17818	619	18340	219	165	0	19343
17819	228	582	131	18418	0	19359
17820	18276	193	90	635	0	19194
17821	622	18370	81	260	0	19333
17822	243	18937	83	165	0	19428
17823	18438	718	78	122	0	19356
17824	18678	246	63	110	0	19097
17825	751	18388	62	128	0	19329
17826	291	596	62	17110	0	18059
17827	154	17541	70	605	0	18370
17828	17387	588	52	241	0	18268
17829	17520	212	79	150	0	17961
17830	17337	123	61	139	0	17660
17831	779	16562	58	143	0	17542
17832	299	559	51	16749	0	17658
17833	181	233	16257	641	0	17312
17834	143	124	515	16543	0	17325
17835	138	114	177	17076	0	17505
17836	152	114	15799	774	0	16839
17837	15666	89	528	303	0	16586
17838	627	83	194	15944	0	16848
17839	257	88	105	15866	0	16316
17840	164	15476	75	716	0	16431
17841	15374	548	69	287	0	16278
17842	606	212	65	15009	0	15892
17843	250	14914	57	627	0	15848
17844	14023	521	51	243	0	14838
17845	535	13651	71	162	0	14419
17846	12765	480	80	100	0	13425
17847	523	196	12393	124	0	13236
17848	216	89	10862	77	0	11244
17849	115	56	10431	65	0	10667
17850	83	10167	487	78	0	10815
17851	119	384	278	9045	0	9826
17852	93	9759	81	324	0	10257
17853	9824	381	57	155	0	10417
17854	386	166	9663	99	0	10314
17855	9682	84	339	76	0	10181
17856	9894	74	156	49	0	10173
17857	499	74	69	9547	0	10189
17858	9549	63	217	353	0	10182
17859	403	61	73	9699	0	10236
17860	208	68	9432	384	0	10092
17861	9512	46	350	179	0	10087
17862	373	9431	157	95	0	10056
17863	198	352	69	9560	0	10179
17864	9562	157	45	367	0	10131
17865	389	75	48	9637	0	10149
17866	209	70	9161	384	0	9824
17867	97	46	338	9271	0	9752
17868	88	9220	143	380	0	9831
17869	9241	338	68	172	0	9819
17870	365	143	38	9186	0	9732
17871	9154	69	41	372	0	9636
17872	388	49	37	9160	0	9634
17873	184	51	54	9062	0	9351
17874	104	8906	39	465	0	9514
17875	8776	345	33	190	0	9344
17876	367	9188	22	113	0	9690
17877	143	357	38	8171	0	8709
17878	88	8301	25	332	0	8746
17879	8274	346	34	144	0	8798
17880	8306	147	34	100	0	8587
17881	8308	70	23	78	0	8479
17882	450	7798	29	70	0	8347
17883	63	5646	15	28	0	5752
17884	5516	146	12	29	0	5703
17885	139	5651	10	30	0	5830
17886	50	189	21	5264	0	5524
17887	41	39	5131	107	0	5318
17888	4744	27	77	28	0	4876
17889	4865	13	17	20	0	4915
17890	4785	18	8	9	0	4820
17891	91	4744	7	11	0	4853
17892	4607	60	5	9	0	4681
17893	68	24	4733	4	0	4829
17894	24	4542	51	14	0	4631
17895	12	52	19	4321	0	4404
17896	5	4326	6	23	0	4360
17897	4230	19	6	9	0	4264
17898	16	4335	5	5	0	4361
17899	6	14	6	4377	0	4403
17900	5	4383	6	14	0	4408
17901	1	14	5	4530	0	4550
17902	5	9	1	4455	0	4470
17903	6	5	4482	20	0	4513
17904	1	3	13	4390	0	4407
17905	4421	0	5	17	0	4443
17906	4392	3	4	6	0	4405
17907	20	1	0	4443	0	4464
17908	12	4	4389	11	0	4416
17909	5	3	11	4373	0	4392
17910	4417	2	6	15	0	4440
17911	4708	1	3	11	0	4723
17912	4776	5	4	5	0	4790
17913	20	5059	5	8	0	5092
17914	5283	11	3	5	0	5302
17915	17	6	5161	3	0	5187
17916	5713	5	18	4	0	5740
17917	19	1	4	5915	0	5939
17918	7	4	4	5936	0	5951
17919	7	3	0	6007	0	6017
17920	5906	4	3	30	0	5943
17921	5819	2	2	10	0	5833
17922	27	4	1	5846	0	5878
17923	15	2	6080	25	0	6122
17924	10	3	19	6077	0	6109
17925	9	7	6	6101	0	6123
17926	9	5	6087	26	0	6127
17927	6	6018	22	15	0	6061
17928	2	25	3	6334	0	6364
17929	6404	3	3	21	0	6431
17930	21	8	1	6427	0	6457
17931	8	3	0	6463	0	6474
17932	6578	4	1	24	0	6607
17933	20	6506	2	9	0	6537
17934	8	6577	1	10	0	6596
17935	6618	22	2	7	0	6649
17936	21	10	6553	6	0	6590
17937	6309	6	24	3	0	6342
17938	26	4	7067	3	0	7100
17939	10	7054	23	7	0	7094
17940	7311	21	8	12	0	7352
17941	7326	4	5	4	0	7339
17942	7365	3	3	4	0	7375
17943	7412	2	0	5	0	7419
17944	33	6	7431	4	0	7474
17945	8	8	18	7336	0	7370
17946	7548	2	7	21	0	7578
17947	28	3	7880	7	0	7918
17948	11	6	7885	2	0	7904
17949	6	7831	27	4	0	7868
17950	8233	22	9	2	0	8266
17951	28	5	2	8173	0	8208
17952	8399	0	2	24	0	8425
17953	20	8527	7	15	0	8569
17954	8	22	6	9189	0	9225
17955	5	6	2	9233	0	9246
17956	7	7	1	9491	0	9506
17957	11	5	9599	63	0	9678
17958	5	9693	58	24	0	9780
17959	10485	61	14	7	0	10567
17960	84	15	3	10490	0	10592
17961	10459	4	5	87	0	10555
17962	10393	1	4	20	0	10418
17963	99	4	3	10437	0	10543
17964	24	5	10572	87	0	10688
17965	14	4	82	10603	0	10703
17966	7	10522	25	87	0	10641
17967	10	72	8	10909	0	10999
17968	11	22	10755	93	0	10881
17969	10737	9	80	31	0	10857
17970	86	6	20	10977	0	11089
17971	10956	4	9	96	0	11065
17972	97	9	10864	27	0	10997
17973	10542	3	85	19	0	10649
17974	97	7	10911	16	0	11031
17975	10591	8	86	14	0	10699
17976	95	10557	30	22	0	10704
17977	30	10901	11	29	0	10971
17978	20	120	14	11021	0	11175
17979	19	32	12	10831	0	10894
17980	11	17	8	11102	0	11138
17981	11084	8	10	109	0	11211
17982	92	4	8	11234	0	11338
17983	31	10	11234	93	0	11368
17984	11016	7	81	34	0	11138
17985	91	11326	28	23	0	11468
17986	11644	83	14	15	0	11756
17987	11433	22	13	15	0	11483
17988	113	19	11560	18	0	11710
17989	42	12	89	11582	0	11725
17990	27	9	26	12321	0	12383
17991	28	14	12497	135	0	12674
17992	15	12222	119	55	0	12411
17993	12615	104	30	31	0	12780
17994	12691	32	17	19	0	12759
17995	140	16	11	13138	0	13305
17996	50	12	9	13250	0	13321
17997	27	8	16	14048	0	14099
17998	13761	11	12	196	0	13980
17999	163	13944	13	81	0	14201
18000	14265	156	14	31	0	14466
18001	14223	39	8	30	0	14300
18002	213	30	14721	36	0	15000
18003	66	16	186	14578	0	14846
18004	40	14970	46	193	0	15249
18005	34	192	25	15323	0	15574
18006	32	64	13	15961	0	16070
18007	35	30	15948	271	0	16284
18008	16396	13	227	88	0	16724
18009	17656	16	55	63	0	17790
18010	18095	16	30	41	0	18182
18011	334	22	21	17792	0	18169
18012	107	19	13	17613	0	17752
18013	60	17192	31	324	0	17607
18014	37	17788	28	112	0	17965
18015	17660	323	22	56	0	18061
18016	307	17085	35	51	0	17478
18017	103	300	17130	45	0	17578
18018	59	76	273	17503	0	17911
18019	17678	33	79	312	0	18102
18020	326	39	17429	101	0	17895
18021	119	48	17478	59	0	17704
18022	17628	24	336	53	0	18041
18023	17693	31	97	45	0	17866
18024	367	28	59	17373	0	17827
18025	121	38	17280	325	0	17764
18026	91	32	290	17467	0	17880
18027	78	47	17398	345	0	17868
18028	78	44	17415	113	0	17650
18029	62	17477	369	86	0	17994
18030	17847	294	109	64	0	18314
18031	17852	79	71	59	0	18061
18032	393	17554	63	59	0	18069
18033	132	326	50	17580	0	18088
18034	114	87	62	17806	0	18069
18035	79	68	38	18060	0	18245
18036	17684	50	43	415	0	18192
18037	343	17433	54	178	0	18008
18038	17333	318	51	84	0	17786
18039	17321	90	59	79	0	17549
18040	413	68	16761	54	0	17296
18041	148	16699	326	78	0	17251
18042	110	314	99	17245	0	17768
18043	94	98	17090	335	0	17617
18044	17024	62	343	109	0	17538
18045	17494	46	99	91	0	17730
18046	17466	36	59	93	0	17654
18047	17229	34	63	75	0	17401
18048	430	38	54	16806	0	17328
18049	165	52	16513	342	0	17072
18050	106	47	319	16547	0	17019
18051	16596	34	85	370	0	17085
18052	16489	42	59	126	0	16716
18053	408	16082	65	99	0	16654
18054	15915	300	38	79	0	16332
18055	385	74	15807	59	0	16325
18056	139	62	15763	53	0	16017
18057	15298	57	347	65	0	15767
18058	358	15354	96	55	0	15863
18059	136	246	55	14718	0	15155
18060	99	14957	47	260	0	15363
18061	87	261	42	15365	0	15755
18062	75	75	51	15484	0	15685
18063	77	46	37	15986	0	16146
18064	15691	43	42	322	0	16098
18065	15890	42	33	116	0	16081
18066	15822	40	36	70	0	15968
18067	364	34	15424	58	0	15880
18068	15340	29	275	58	0	15702
18069	336	30	83	15855	0	16304
18070	129	38	47	16361	0	16575
18071	101	36	16032	346	0	16515
18072	95	28	289	16683	0	17095
18073	17344	33	87	369	0	17833
18074	385	35	17157	133	0	17710
18075	128	38	321	17375	0	17862
18076	17500	29	90	373	0	17992
18077	17463	31	71	119	0	17684
18078	433	28	17460	89	0	18010
18079	177	47	17689	71	0	17984
18080	112	42	378	17943	0	18475
18081	18273	29	120	372	0	18794
18082	18332	38	79	133	0	18582
18083	417	37	69	17479	0	18002
18084	160	17909	57	327	0	18453
18085	18151	301	59	114	0	18625
18086	377	18213	64	102	0	18756
18087	135	334	49	18548	0	19066
18088	131	88	18116	363	0	18698
18089	112	45	17822	117	0	18096
18090	104	43	17727	80	0	17954
18091	88	22	413	17064	0	17587
18092	80	30	127	17540	0	17777
18093	17151	25	84	383	0	17643
18094	352	16747	72	153	0	17324
18095	16815	262	62	88	0	17227
18096	318	72	67	16120	0	16577
18097	116	16031	42	289	0	16478
18098	98	16552	38	103	0	16791
18099	83	302	34	16355	0	16774
18100	16250	87	46	283	0	16666
18101	274	16133	59	95	0	16561
18102	15379	226	39	80	0	15724
18103	260	15604	44	70	0	15978
18104	15562	237	46	53	0	15898
18105	280	86	15231	50	0	15647
18106	115	72	14793	33	0	15013
18107	76	14639	235	30	0	14980
18108	13795	245	229	47	0	14316
18109	172	13046	42	38	0	13298
18110	57	12527	41	42	0	12667
18111	108	176	40	12767	0	13091
18112	12783	53	30	137	0	13003
18113	141	12734	19	54	0	12948
18114	12671	128	22	32	0	12853
18115	139	12485	19	25	0	12668
18116	12468	138	21	19	0	12646
18117	130	12328	23	28	0	12509
18118	53	12531	9	26	0	12619
18119	40	149	17	12393	0	12599
18120	21	12390	15	95	0	12521
18121	12470	120	9	38	0	12637
18122	121	47	12220	28	0	12416
18123	44	32	92	12343	0	12511
18124	25	38	12504	114	0	12681
18125	28	16	108	12399	0	12551
18126	22	20	41	12657	0	12740
18127	37	15	11965	136	0	12153
18128	10788	16	115	67	0	10986
18129	106	11454	43	59	0	11662
18130	11965	104	28	31	0	12128
18131	130	11853	26	36	0	12045
18132	48	114	16	12131	0	12309
18133	12093	41	25	119	0	12278
18134	12054	31	21	37	0	12143
18135	12180	31	15	35	0	12261
18136	158	22	16	11989	0	12185
18137	68	24	15	12239	0	12346
18138	48	12406	16	129	0	12599
18139	12774	106	15	46	0	12941
18140	12792	38	12	49	0	12891
18141	12719	30	20	27	0	12796
18142	12581	23	19	33	0	12656
18143	144	12126	25	27	0	12322
18144	58	107	16	12370	0	12551
18145	48	49	12124	116	0	12337
18146	11963	34	108	39	0	12144
18147	12510	29	34	42	0	12615
18148	152	21	12406	24	0	12603
18149	61	44	12390	20	0	12515
18150	44	20	134	12412	0	12610
18151	32	25	49	12809	0	12915
18152	36	27	36	13013	0	13112
18153	12995	24	22	167	0	13208
18154	138	23	24	13133	0	13318
18155	49	24	12789	167	0	13029
18156	36	28	126	12957	0	13147
18157	49	28	13116	183	0	13376
18158	37	27	158	13159	0	13381
18159	34	22	49	14898	0	15003
18160	39	26	15116	202	0	15383
18161	14275	36	181	84	0	14576
18162	171	15298	53	85	0	15607
18163	15815	187	37	39	0	16078
18164	215	68	21	16438	0	16742
18165	16158	48	15	236	0	16457
18166	255	16806	21	97	0	17179
18167	100	17713	22	52	0	17887
18168	52	426	15	18820	0	19313
18169	66	144	19032	360	0	19602
18170	57	102	18555	116	0	18830
18171	29	18951	465	80	0	19525
18172	17921	395	148	59	0	18523
18173	360	109	70	18011	0	18550
18174	17629	50	63	394	0	18136
18175	382	17429	66	140	0	18017
18176	140	18056	66	92	0	18354
18177	82	478	41	17929	0	18530
18178	17746	155	30	400	0	18331
18179	17829	90	16	140	0	18075
18180	497	86	17175	82	0	17840
18181	183	78	16820	60	0	17141
18182	16850	70	416	59	0	17395
18183	424	16834	148	63	0	17469
18184	16844	370	100	52	0	17366
18185	457	139	69	16689	0	17354
18186	185	94	15961	382	0	16622
18187	15691	60	387	132	0	16270
18188	416	15795	142	81	0	16434
18189	145	16342	88	58	0	16633
18190	108	467	61	16151	0	16787
18191	16238	161	50	406	0	16855
18192	407	91	54	16351	0	16903
18193	16642	70	55	420	0	17187
18194	453	93	15919	145	0	16610
18195	16041	81	341	90	0	16553
18196	16501	62	98	100	0	16761
18197	542	58	15454	70	0	16124
18198	15443	54	369	50	0	15916
18199	466	15434	140	87	0	16127
18200	211	371	99	15071	0	15752
18201	152	15468	84	359	0	16063
18202	15713	410	52	107	0	16282
18203	450	161	66	15051	0	15728
18204	178	15060	67	409	0	15714
18205	139	404	47	15105	0	15695
18206	110	14996	45	436	0	15587
18207	114	423	27	15367	0	15931
18208	15204	176	46	448	0	15874
18209	439	96	49	15314	0	15898
18210	176	94	14907	460	0	15637
18211	14841	83	360	199	0	15483
18212	434	84	118	15089	0	15725
18213	193	75	14654	461	0	15383
18214	139	64	14562	213	0	14978
18215	136	69	14886	123	0	15214
18216	123	37	502	14659	0	15321
18217	112	59	213	15000	0	15384
18218	124	69	120	14914	0	15227
18219	86	60	106	15164	0	15416
18220	14750	68	95	570	0	15483
18221	15118	63	84	267	0	15532
18222	15224	67	78	171	0	15540
18223	15361	66	55	191	0	15673
18224	586	63	68	14870	0	15587
18225	278	63	14771	506	0	15618
18226	15105	61	384	216	0	15766
18227	15608	78	124	144	0	15954
18228	576	80	92	15169	0	15917
18229	270	69	88	15675	0	16102
18230	15517	62	69	565	0	16213
18231	517	64	81	14766	0	15428
18232	216	14728	93	520	0	15557
18233	15180	402	87	227	0	15896
18234	15385	127	83	166	0	15761
18235	594	98	15046	168	0	15906
18236	269	74	426	15206	0	15975
18237	208	64	164	15637	0	16073
18238	15110	70	104	596	0	15880
18239	15398	73	102	228	0	15801
18240	624	64	63	15204	0	15955
18241	313	64	14881	509	0	15767
18242	228	49	15136	245	0	15658
18243	201	51	467	15205	0	15924
18244	179	67	186	15637	0	16069
18245	15050	59	105	571	0	15785
18246	522	14711	106	274	0	15613
18247	246	14818	90	210	0	15364
18248	204	15150	100	154	0	15608
18249	183	487	111	14808	0	15589
18250	14674	175	108	479	0	15436
18251	14623	124	60	230	0	15037
18252	588	14498	38	164	0	15288
18253	14422	441	53	126	0	15042
18254	504	161	41	14123	0	14829
18255	217	110	13940	465	0	14732
18256	170	83	371	13991	0	14615
18257	173	69	128	14112	0	14482
18258	142	69	72	13916	0	14199
18259	12124	50	61	532	0	12767
18260	399	47	48	11218	0	11712
18261	162	11096	62	445	0	11765
18262	10550	300	103	202	0	11155
18263	341	10145	35	156	0	10677
18264	113	9604	44	112	0	9873
18265	92	9808	45	93	0	10038
18266	83	257	8446	66	0	8852
18267	43	8078	180	78	0	8379
18268	50	142	6569	34	0	6795
18269	5897	35	72	18	0	6022
18270	6121	9	9	11	0	6150
18271	53	5	6367	8	0	6433
18272	6518	12	31	10	0	6571
18273	6860	9	9	7	0	6885
18274	45	12	6895	11	0	6963
18275	14	6988	38	10	0	7050
18276	20	41	14	7342	0	7417
18277	7494	9	9	37	0	7549
18278	45	5	3	7422	0	7475
18279	8016	4	7	41	0	8068
18280	7932	2	8	17	0	7959
18281	50	8	8001	17	0	8076
18282	8002	5	35	14	0	8056
18283	38	8131	19	13	0	8201
18284	8432	37	3	11	0	8483
18285	42	10	3	8473	0	8528
18286	19	8	8484	39	0	8550
18287	10	7	36	8418	0	8471
18288	8499	4	12	40	0	8555
18289	36	8422	8	34	0	8500
18290	24	49	8499	7	0	8579
18291	19	16	38	8194	0	8267
18292	13	12	8587	46	0	8658
18293	14	8447	43	22	0	8526
18294	8752	35	14	18	0	8819
18295	43	8	9	8702	0	8762
18296	25	11	8732	41	0	8809
18297	16	8	8404	25	0	8453
18298	8824	9	49	20	0	8902
18299	46	10	18	9058	0	9132
18300	21	9	10	9069	0	9109
18301	13	13	9191	54	0	9271
18302	14	24	9124	21	0	9183
18303	14	9292	56	23	0	9385
18304	17	48	11	9702	0	9778
18305	21	21	16	9776	0	9834
18306	18	9620	22	55	0	9715
18307	23	52	9638	20	0	9733
18308	9380	15	52	10	0	9457
18309	48	12	15	10016	0	10091
18310	21	13	10163	57	0	10254
18311	13	6	49	9857	0	9925
18312	25	9966	29	60	0	10080
18313	16	58	10266	29	0	10369
18314	9972	18	63	21	0	10074
18315	67	11	10716	11	0	10805
18316	25	10	10623	14	0	10672
18317	28	9	10589	14	0	10640
18318	19	15	11564	11	0	11609
18319	22	16	82	11598	0	11718
18320	20	18	12500	69	0	12607
18321	7	20	78	12103	0	12208
18322	8	12360	30	78	0	12476
18323	13203	70	15	16	0	13304
18324	96	23	17	13265	0	13401
18325	32	10	13003	103	0	13148
18326	19	12870	104	32	0	13025
18327	7	91	31	13327	0	13456
18328	13224	25	19	99	0	13367
18329	97	13124	15	37	0	13273
18330	30	87	6	13652	0	13775
18331	13807	23	9	105	0	13944
18332	106	15	13535	23	0	13679
18333	13551	8	94	20	0	13673
18334	106	11	13734	15	0	13866
18335	13210	3	94	9	0	13316
18336	13347	6	23	10	0	13386
18337	100	11	13099	9	0	13219
18338	25	12832	85	15	0	12957
18339	22	86	23	13111	0	13242
18340	12	23	13222	87	0	13344
18341	11	29	89	12691	0	12820
18342	10	5	21	13011	0	13047
18343	16	8	13044	99	0	13167
18344	18	17	12887	26	0	12948
18345	10	13	102	13063	0	13188
18346	13327	5	31	87	0	13450
18347	82	12920	25	33	0	13060
18348	21	13166	18	27	0	13232
18349	13570	98	9	13	0	13690
18350	13798	26	15	11	0	13850
18351	106	10	13	13753	0	13882
18352	27	9	14	13816	0	13866
18353	19	4	12	13966	0	14001
18354	13739	7	16	117	0	13879
18355	91	13154	25	48	0	13318
18356	28	13475	9	29	0	13541
18357	21	104	13	13706	0	13844
18358	13	23	16	13819	0	13871
18359	9	18	9	13845	0	13881
18360	13776	9	14	127	0	13926
18361	105	13856	19	58	0	14038
18362	14280	106	19	28	0	14433
18363	128	29	14119	17	0	14293
18364	34	14269	130	26	0	14459
18365	23	124	37	14531	0	14715
18366	14560	35	20	153	0	14768
18367	151	21	14480	46	0	14698
18368	50	27	14469	38	0	14584
18369	27	19	160	14424	0	14630
18370	29	20	51	14707	0	14807
18371	21	20	19	14467	0	14527
18372	18	21	21	14058	0	14118
18373	23	17	13	13997	0	14050
18374	22	13427	27	219	0	13695
18375	28	125	16	13892	0	14061
18376	13631	45	24	163	0	13863
18377	143	13627	36	68	0	13874
18378	13723	140	28	45	0	13936
18379	163	53	13155	45	0	13416
18380	66	29	13251	43	0	13389
18381	37	22	181	13820	0	14060
18382	49	33	16325	197	0	16604
18383	42	22	311	16306	0	16681
18384	33	28	107	16647	0	16815
18385	16643	26	51	418	0	17138
18386	16388	20	33	153	0	16594
18387	408	16639	41	89	0	17177
18388	131	17283	48	63	0	17525
18389	58	419	42	17250	0	17769
18390	17355	140	30	367	0	17892
18391	355	54	17268	150	0	17827
18392	131	51	332	17300	0	17814
18393	68	29	114	17521	0	17732
18394	58	41	16910	465	0	17474
18395	32	16925	342	209	0	17508
18396	46	334	115	17298	0	17793
18397	61	119	17070	390	0	17640
18398	37	55	356	17144	0	17592
18399	16418	45	120	405	0	16988
18400	337	16454	78	172	0	17041
18401	137	16839	54	93	0	17123
18402	65	423	45	16779	0	17312
18403	16149	149	50	400	0	16748
18404	348	16227	49	188	0	16812
18405	16439	335	49	123	0	16946
18406	396	130	16161	99	0	16786
18407	157	68	16518	91	0	16834
18408	94	60	463	15660	0	16277
18409	75	59	151	16936	0	17221
18410	16493	62	67	493	0	17115
18411	403	71	49	16480	0	17003
18412	174	64	16067	427	0	16732
18413	99	66	358	15900	0	16423
18414	69	57	137	16495	0	16758
18415	53	57	15430	523	0	16063
18416	14877	51	364	232	0	15524
18417	356	46	152	15514	0	16068
18418	14504	53	82	430	0	15069
18419	358	13590	74	198	0	14220
18420	13489	335	62	130	0	14016
18421	369	13273	59	113	0	13814
18422	129	13475	65	100	0	13769
18423	90	417	89	12769	0	13365
18424	12685	140	90	352	0	13267
18425	12794	81	43	159	0	13077
18426	400	71	47	12498	0	13016
18427	12558	57	38	368	0	13021
18428	12633	54	49	182	0	12918
18429	443	52	49	12434	0	12978
18430	12046	59	47	368	0	12520
18431	377	12022	50	182	0	12631
18432	12311	313	56	107	0	12787
18433	367	143	11998	119	0	12627
18434	12483	55	310	120	0	12968
18435	372	43	134	12413	0	12962
18436	177	26	74	12813	0	13090
18437	91	34	72	12897	0	13094
18438	87	35	69	12925	0	13116
18439	69	35	60	12789	0	12953
18440	74	11780	66	496	0	12416
18441	94	12530	72	207	0	12903
18442	12609	380	52	136	0	13177
18443	379	175	12312	113	0	12979
18444	12416	109	306	92	0	12923
18445	393	99	12416	112	0	13020
18446	214	79	316	12297	0	12906
18447	136	88	110	12769	0	13103
18448	12376	75	50	464	0	12965
18449	409	79	12083	197	0	12768
18450	221	73	304	12338	0	12936
18451	148	52	12501	405	0	13106
18452	145	12772	341	215	0	13473
18453	140	303	141	13317	0	13901
18454	13360	129	73	421	0	13983
18455	13175	67	71	217	0	13530
18456	13445	63	69	147	0	13724
18457	477	13154	69	159	0	13859
18458	208	13569	69	142	0	13988
18459	12504	430	91	146	0	13171
18460	359	13254	66	168	0	13847
18461	163	13253	76	168	0	13660
18462	119	416	12548	165	0	13248
18463	93	12520	296	138	0	13047
18464	98	12537	122	130	0	12887
18465	91	397	66	12417	0	12971
18466	101	194	12299	333	0	12927
18467	99	118	12189	166	0	12572
18468	11951	75	381	116	0	12523
18469	373	61	12292	83	0	12809
18470	12463	52	334	93	0	12942
18471	365	45	157	12197	0	12764
18472	207	12259	74	352	0	12892
18473	12872	296	81	170	0	13419
18474	13503	119	72	111	0	13805
18475	419	71	63	13229	0	13782
18476	185	64	65	13468	0	13782
18477	125	58	77	13556	0	13816
18478	13226	54	55	449	0	13784
18479	13210	57	47	213	0	13527
18480	13209	64	42	124	0	13439
18481	443	12099	31	110	0	12683
18482	9640	113	19	33	0	9805
18483	138	9463	24	34	0	9659
18484	74	9614	14	34	0	9736
18485	46	201	35	9264	0	9546
18486	41	9318	25	114	0	9498
18487	9037	96	21	34	0	9188
18488	106	41	5	8912	0	9064
18489	8766	20	12	99	0	8897
18490	95	8493	17	34	0	8639
18491	37	8865	12	22	0	8936
18492	9179	103	9	16	0	9307
18493	99	9353	18	27	0	9497
18494	47	109	11	9535	0	9702
18495	38	31	12	9671	0	9752
18496	9730	21	9	125	0	9885
18497	113	21	12	9811	0	9957
18498	45	28	9950	121	0	10144
18499	33	20	107	10064	0	10224
18500	10292	25	32	135	0	10484
18501	134	10364	25	44	0	10567
18502	11043	143	21	27	0	11234
18503	11052	45	14	32	0	11143
18504	11170	31	10	21	0	11232
18505	197	27	10943	25	0	11192
18506	69	23	10723	25	0	10840
18507	10462	17	157	22	0	10658
18508	163	10596	48	25	0	10832
18509	50	145	32	10867	0	11094
18510	29	42	23	10847	0	10941
18511	27	10423	25	176	0	10651
18512	24	10742	16	53	0	10835
18513	24	160	15	10908	0	11107
18514	24	46	12	11033	0	11115
18515	28	32	10670	186	0	10916
18516	25	52	10281	63	0	10421
18517	10575	16	151	45	0	10787
18518	11097	14	54	30	0	11195
18519	177	19	33	11007	0	11236
18520	71	15	10980	150	0	11216
18521	42	31	137	10926	0	11136
18522	10931	21	39	168	0	11159
18523	157	20	10858	67	0	11102
18524	65	23	137	11080	0	11305
18525	44	23	11057	164	0	11288
18526	41	10586	151	91	0	10869
18527	43	129	10930	32	0	11134
18528	23	67	149	10919	0	11158
18529	11142	24	52	142	0	11360
18530	140	30	31	11331	0	11532
18531	11463	25	26	153	0	11667
18532	11536	17	19	67	0	11639
18533	11298	24	16	35	0	11373
18534	194	24	10965	32	0	11215
18535	11177	18	130	34	0	11359
18536	167	20	45	11279	0	11511
18537	67	10	25	11412	0	11514
18538	39	11	11138	179	0	11367
18539	39	21	125	11297	0	11482
18540	11415	17	47	152	0	11631
18541	138	11282	30	79	0	11529
18542	11885	126	23	43	0	12077
18543	11982	43	17	41	0	12083
18544	12121	25	16	33	0	12195
18545	195	22	19	11893	0	12129
18546	83	22	12021	159	0	12285
18547	56	17	135	12397	0	12605
18548	42	14	48	12660	0	12764
18549	12486	11	32	205	0	12734
18550	12099	17	29	81	0	12226
18551	208	19	11847	46	0	12120
18552	70	24	150	11904	0	12148
18553	53	16	11939	198	0	12206
18554	12367	11	183	70	0	12631
18555	215	13326	68	40	0	13649
18556	13613	201	32	32	0	13878
18557	239	13766	28	45	0	14078
18558	13873	232	30	27	0	14162
18559	254	13854	24	38	0	14170
18560	96	241	26	13851	0	14214
18561	68	75	22	14286	0	14451
18562	14201	43	20	285	0	14549
18563	14240	32	22	107	0	14401
18564	14278	18	21	70	0	14387
18565	14051	25	26	52	0	14154
18566	14089	16	21	36	0	14162
18567	337	23	17	13667	0	14044
18568	127	13585	22	245	0	13979
18569	92	230	15	13512	0	13849
18570	63	13441	20	255	0	13779
18571	60	255	21	13354	0	13690
18572	65	13322	18	270	0	13675
18573	60	250	13	13319	0	13642
18574	47	64	12621	286	0	13018
18575	12230	45	209	97	0	12581
18576	264	12587	53	77	0	12981
18577	12819	219	30	54	0	13122
18578	289	71	12468	42	0	12870
18579	12505	48	221	43	0	12817
18580	297	40	13053	40	0	13430
18581	99	34	255	13086	0	13474
18582	73	13651	90	272	0	14086
18583	66	266	13916	103	0	14351
18584	45	94	292	13891	0	14322
18585	13916	62	78	315	0	14371
18586	294	46	68	14022	0	14430
18587	124	24	29	14204	0	14381
18588	89	30	43	14373	0	14535
18589	79	27	13712	401	0	14219
18590	65	41	255	13712	0	14073
18591	75	13397	99	344	0	13915
18592	49	242	59	13444	0	13794
18593	59	72	37	13574	0	13742
18594	13265	53	37	359	0	13714
18595	276	41	25	13510	0	13852
18596	87	37	13381	351	0	13856
18597	73	34	13298	129	0	13534
18598	49	47	13008	122	0	13226
18599	50	12780	340	89	0	13259
18600	12790	253	161	84	0	13288
18601	247	12569	85	57	0	12958
18602	12424	249	48	50	0	12771
18603	278	95	43	12285	0	12701
18604	110	63	12327	256	0	12756
18605	88	52	12059	96	0	12295
18606	60	12091	316	93	0	12560
18607	56	251	117	12296	0	12720
18608	53	76	81	12483	0	12693
18609	34	72	49	12672	0	12827
18610	53	43	12250	351	0	12697
18611	11745	45	258	163	0	12211
18612	267	35	12277	116	0	12695
18613	101	40	286	12136	0	12563
18614	86	35	94	12590	0	12805
18615	48	41	12143	347	0	12579
18616	11816	32	260	154	0	12262
18617	261	12099	104	135	0	12599
18618	12262	264	83	85	0	12694
18619	302	76	51	11980	0	12409
18620	105	12097	53	285	0	12540
18621	93	248	56	12400	0	12797
18622	12278	94	56	339	0	12767
18623	293	70	51	12239	0	12653
18624	115	54	11795	337	0	12301
18625	11787	52	255	132	0	12226
18626	12042	40	99	122	0	12303
18627	342	53	11561	99	0	12055
18628	148	35	262	11788	0	12233
18629	11998	41	110	306	0	12455
18630	312	48	78	11689	0	12127
18631	124	43	58	11639	0	11864
18632	111	35	52	11693	0	11891
18633	70	28	57	11720	0	11875
18634	65	41	11071	412	0	11589
18635	67	30	273	11270	0	11640
18636	68	25	11039	376	0	11508
18637	11004	31	305	176	0	11516
18638	11300	26	124	153	0	11603
18639	11178	41	107	110	0	11436
18640	11172	29	75	107	0	11383
18641	379	37	74	10762	0	11252
18642	10545	30	55	328	0	10958
18643	357	26	10259	141	0	10783
18644	140	33	10255	136	0	10564
18645	9742	32	307	92	0	10173
18646	288	9688	153	103	0	10232
18647	111	9555	89	101	0	9856
18648	113	260	77	9445	0	9895
18649	73	104	9298	279	0	9754
18650	9111	65	248	108	0	9532
18651	278	39	9159	118	0	9594
18652	106	8605	230	85	0	9026
18653	114	186	8447	71	0	8818
18654	64	7677	193	89	0	8023
18655	6713	198	159	82	0	7152
18656	160	6624	69	57	0	6910
18657	77	6291	32	42	0	6442
18658	62	157	32	6232	0	6483
18659	44	70	6107	144	0	6365
18660	30	45	131	6009	0	6215
18661	50	27	54	6082	0	6213
18662	31	30	5857	173	0	6091
18663	43	24	134	5780	0	5981
18664	37	5802	65	164	0	6068
18665	39	129	47	6019	0	6234
18666	5978	49	27	174	0	6228
18667	144	31	38	6082	0	6295
18668	66	20	5971	174	0	6231
18669	52	22	140	6134	0	6348
18670	42	23	6006	169	0	6240
18671	6032	33	145	76	0	6286
18672	135	16	67	6130	0	6348
18673	6168	23	53	163	0	6407
18674	170	15	6124	79	0	6388
18675	5893	17	157	55	0	6122
18676	160	6132	59	55	0	6406
18677	67	117	6168	47	0	6399
18678	56	73	144	6006	0	6279
18679	46	33	6048	133	0	6260
18680	34	5500	125	66	0	5725
18681	31	5619	63	34	0	5747
18682	4609	95	22	31	0	4757
18683	83	4730	19	23	0	4855
18684	4724	90	29	25	0	4868
18685	99	32	21	4795	0	4947
18686	37	21	4685	87	0	4830
18687	26	4800	82	31	0	4939
18688	19	95	40	4847	0	5001
18689	15	33	19	5106	0	5173
18690	19	24	23	5201	0	5267
18691	22	14	11	5069	0	5116
18692	12	4895	18	126	0	5051
18693	17	5017	13	56	0	5103
18694	4705	98	22	26	0	4851
18695	88	4583	14	24	0	4709
18696	18	85	9	4399	0	4511
18697	15	21	4307	81	0	4424
18698	8	4310	69	27	0	4414
18699	12	78	30	4295	0	4415
18700	6	39	20	4309	0	4374
18701	7	4271	7	89	0	4374
18702	4207	69	5	35	0	4316
18703	72	26	4213	20	0	4331
18704	3996	17	58	8	0	4079
18705	70	4119	17	10	0	4216
18706	3889	58	12	4	0	3963
18707	59	3963	3	10	0	4035
18708	23	59	10	4168	0	4260
18709	8	26	3	4257	0	4294
18710	4175	14	7	93	0	4289
18711	66	10	2	4244	0	4322
18712	23	14	4092	73	0	4202
18713	13	4049	55	29	0	4146
18714	8	4138	24	13	0	4183
18715	9	84	10	4094	0	4197
18716	11	38	4102	67	0	4218
18717	8	14	56	4041	0	4119
18718	4	13	24	4132	0	4173
18719	6	11	3999	87	0	4103
18720	7	9	3922	40	0	3978
18721	8	3987	76	18	0	4089
18722	4042	62	28	14	0	4146
18723	61	27	11	3988	0	4087
18724	30	3895	11	55	0	3991
18725	4024	67	8	25	0	4124
18726	63	30	5	4013	0	4111
18727	25	16	6	4032	0	4079
18728	10	3910	4	98	0	4022
18729	9	54	7	3914	0	3984
18730	3918	26	10	79	0	4033
18731	63	18	7	3957	0	4045
18732	31	15	7	4009	0	4062
18733	11	19	3903	95	0	4028
18734	12	12	3767	46	0	3837
18735	3862	15	85	25	0	3987
18736	70	8	29	3860	0	3967
18737	28	10	15	3898	0	3951
18738	10	14	13	3930	0	3967
18739	12	18	3801	95	0	3926
18740	3771	13	64	47	0	3895
18741	66	13	29	3803	0	3911
18742	36	12	13	3882	0	3943
18743	3769	17	10	102	0	3898
18744	68	3707	16	58	0	3849
18745	32	65	3703	29	0	3829
18746	11	32	65	3636	0	3744
18747	17	3706	26	81	0	3830
18748	13	65	18	3807	0	3903
18749	3749	31	12	85	0	3877
18750	73	19	13	3762	0	3867
18751	3713	15	6	94	0	3828
18752	3683	11	12	50	0	3756
18753	89	14	12	3587	0	3702
18754	37	3544	9	84	0	3674
18755	26	3636	7	47	0	3716
18756	10	90	3604	35	0	3739
18757	15	35	65	3562	0	3677
18758	10	23	32	3686	0	3751
18759	11	13	22	3718	0	3764
18760	3622	13	11	107	0	3753
18761	73	10	9	3657	0	3749
18762	40	9	3638	95	0	3782
18763	3641	11	58	53	0	3763
18764	65	14	32	3773	0	3884
18765	41	8	20	3848	0	3917
18766	17	18	3755	98	0	3888
18767	3672	15	62	55	0	3804
18768	74	5	24	3807	0	3910
18769	39	16	3821	83	0	3959
18770	19	8	64	3858	0	3949
18771	20	8	40	3672	0	3740
18772	20	3888	15	84	0	4007
18773	3850	62	13	47	0	3972
18774	3771	35	10	37	0	3853
18775	80	3690	13	36	0	3819
18776	3694	51	10	30	0	3785
18777	3643	32	12	28	0	3715
18778	85	9	10	3648	0	3752
18779	45	10	3560	75	0	3690
18780	27	12	3501	48	0	3588
18781	19	12	3532	25	0	3588
18782	18	11	3579	24	0	3632
18783	21	26	76	3415	0	3538
18784	7	10	41	3669	0	3727
18785	16	9	14	3626	0	3665
18786	15	3	16	3765	0	3799
18787	3662	10	10	89	0	3771
18788	69	3682	13	51	0	3815
18789	3739	39	8	26	0	3812
18790	60	25	3688	19	0	3792
18791	28	11	3858	14	0	3911
18792	16	18	63	3938	0	4035
18793	3999	6	30	63	0	4098
18794	3650	8	23	36	0	3717
18795	68	3908	12	23	0	4011
18796	22	4002	9	19	0	4052
18797	11	61	3	4010	0	4085
18798	4008	20	10	57	0	4095
18799	56	3990	4	25	0	4075
18800	4065	52	4	9	0	4130
18801	4062	20	7	7	0	4096
18802	4092	5	5	9	0	4111
18803	67	6	4026	13	0	4112
18804	18	4059	45	9	0	4131
18805	4072	45	17	7	0	4141
18806	4065	14	12	5	0	4096
18807	54	3920	8	10	0	3992
18808	13	3765	5	9	0	3792
18809	3812	43	3	3	0	3861
18810	39	10	2	3793	0	3844
18811	15	7	3806	37	0	3865
18812	3752	7	36	9	0	3804
18813	37	3	9	3914	0	3963
18814	11	3977	11	44	0	4043
18815	5	35	4	4129	0	4173
18816	7	16	4160	37	0	4220
18817	5	5	40	4150	0	4200
18818	4360	3	10	44	0	4417
18819	40	4	4	4382	0	4430
18820	10	2	1	4453	0	4466
18821	9	4	4690	47	0	4750
18822	8	4	34	4591	0	4637
18823	4	4664	13	43	0	4724
18824	4768	38	11	10	0	4827
18825	4627	9	3	9	0	4648
18826	46	9	4741	4	0	4800
18827	12	6	34	4624	0	4676
18828	10	4589	9	82	0	4690
18829	10	4742	11	11	0	4774
18830	4772	43	2	3	0	4820
18831	36	12	3	4844	0	4895
18832	11	8	4801	40	0	4860
18833	8	9	4753	9	0	4779
18834	3	5	43	4843	0	4894
18835	4824	2	11	41	0	4878
18836	4848	2	5	11	0	4866
18837	47	3	4	5013	0	5067
18838	12	5	5090	39	0	5146
18839	7	5031	36	17	0	5091
18840	5140	33	11	6	0	5190
18841	37	5075	7	12	0	5131
18842	5190	37	2	4	0	5233
18843	40	7	3	5174	0	5224
18844	10	5	5199	39	0	5253
18845	6	7	34	5147	0	5194
18846	5199	5	10	40	0	5254
18847	41	6	5170	10	0	5227
18848	11	5118	35	8	0	5172
18849	5	36	12	5267	0	5320
18850	5282	5	7	46	0	5340
18851	40	5	5254	9	0	5308
18852	12	6	35	5341	0	5394
18853	10	6	12	5477	0	5505
18854	6	6	5483	52	0	5547
18855	5	4	41	5416	0	5466
18856	4	9	5472	46	0	5531
18857	5365	3	39	15	0	5422
18858	44	5	8	5889	0	5946
18859	17	5	6284	44	0	6350
18860	7	6409	48	24	0	6488
18861	6795	53	15	12	0	6875
18862	7455	13	24	8	0	7500
18863	94	14	4	8334	0	8446
18864	31	8639	6	101	0	8777
18865	8808	119	4	25	0	8956
18866	127	28	5	8818	0	8978
18867	32	17	8762	130	0	8941
18868	8552	10	122	29	0	8713
18869	126	8573	30	22	0	8751
18870	37	121	14	8768	0	8940
18871	8750	27	15	127	0	8919
18872	130	18	8634	35	0	8817
18873	38	14	8686	19	0	8757
18874	21	8	145	8450	0	8624
18875	15	7	8805	127	0	8954
18876	12	4	136	8643	0	8795
18877	12	8669	39	119	0	8839
18878	9	124	22	9000	0	9155
18879	8881	28	18	140	0	9067
18880	129	14	8808	40	0	8991
18881	30	8812	124	46	0	9012
18882	15	129	29	8959	0	9132
18883	11	33	9178	132	0	9354
18884	11	45	115	8832	0	9003
18885	13	8889	40	135	0	9077
18886	15	9135	22	36	0	9208
18887	8969	128	16	26	0	9139
18888	99	9080	19	26	0	9224
18889	21	123	8913	14	0	9071
18890	8483	38	116	12	0	8649
18891	109	23	9018	10	0	9160
18892	29	18	106	8575	0	8728
18893	16	13	9058	103	0	9190
18894	12	8963	108	36	0	9119
18895	11	95	31	9178	0	9315
18896	13	23	17	9151	0	9204
18897	5	14	10	9017	0	9046
18898	10	14	8986	140	0	9150
18899	5	21	100	8905	0	9031
18900	10	13	24	9173	0	9220
18901	8979	9	14	142	0	9144
18902	9021	9	13	52	0	9095
18903	130	8	9017	27	0	9182
18904	39	8731	120	19	0	8909
18905	26	102	9023	18	0	9169
18906	18	33	113	9035	0	9199
18907	16	14	9344	110	0	9484
18908	10	15	120	9189	0	9334
18909	7	15	37	9470	0	9529
18910	7	12	9360	136	0	9515
18911	8716	8	118	45	0	8887
18912	105	9460	37	37	0	9639
18913	25	100	23	9596	0	9744
18914	23	28	9990	122	0	10163
18915	27	24	9786	43	0	9880
18916	9565	18	141	20	0	9744
18917	111	9695	45	22	0	9873
18918	28	104	31	9947	0	10110
18919	10155	28	21	118	0	10322
18920	110	20	21	10142	0	10293
18921	34	18	19	10379	0	10450
18922	30	18	10316	157	0	10521
18923	10042	14	119	62	0	10237
18924	10514	10	38	41	0	10603
18925	144	12	23	10485	0	10664
18926	10538	8	22	137	0	10705
18927	137	10	24	10514	0	10685
18928	47	10196	26	145	0	10414
18929	43	10660	20	61	0	10784
18930	22	150	13	10886	0	11071
18931	10738	46	16	144	0	10944
18932	126	26	14	10818	0	10984
18933	10955	20	16	159	0	11150
18934	11039	18	12	58	0	11127
18935	164	7	14	10991	0	11176
18936	60	12	13	11251	0	11336
18937	38	13	10930	177	0	11158
18938	28	9	11141	65	0	11243
18939	30	15	174	11205	0	11424
18940	21	14	11767	168	0	11970
18941	11717	11	162	67	0	11957
18942	147	17	61	12685	0	12910
18943	40	9	13168	188	0	13405
18944	13155	7	203	79	0	13444
18945	14082	8	65	55	0	14210
18946	265	14534	50	39	0	14888
18947	94	201	23	15390	0	15708
18948	56	69	15736	233	0	16094
18949	15933	27	215	79	0	16254
18950	16468	17	82	46	0	16613
18951	290	25	16424	36	0	16775
18952	16720	12	217	33	0	16982
18953	251	10	74	16668	0	17003
18954	94	13	38	16973	0	17118
18955	16794	15	29	286	0	17124
18956	16776	10	33	104	0	16923
18957	293	79	33	16708	0	17113
18958	119	17	16629	244	0	17009
18959	63	15749	230	119	0	16161
18960	53	191	16011	64	0	16319
18961	59	65	15866	43	0	16033
18962	39	15078	257	54	0	15428
18963	79	157	129	13870	0	14235
18964	28	49	35	14133	0	14245
18965	23	20	13948	174	0	14165
18966	18	15	147	13757	0	13937
18967	14113	8	49	162	0	14332
18968	155	13	14096	67	0	14331
18969	14240	7	153	44	0	14444
18970	14559	8	53	22	0	14642
18971	14624	11	26	48	0	14709
18972	219	14	14314	27	0	14574
18973	89	22	14258	32	0	14401
18974	56	9	181	14268	0	14514
18975	49	21	77	13954	0	14101
18976	46	14322	54	148	0	14570
18977	14550	135	42	70	0	14797
18978	14458	41	39	47	0	14585
18979	192	14442	39	43	0	14716
18980	14670	143	24	43	0	14880
18981	179	14398	25	66	0	14668
18982	14818	145	29	34	0	15026
18983	183	53	21	14379	0	14636
18984	80	29	14565	162	0	14836
18985	57	32	14444	56	0	14589
18986	42	22	199	14431	0	14694
18987	40	16	82	14627	0	14765
18988	44	23	14424	199	0	14690
18989	50	18	161	14215	0	14444
18990	31	23	67	14728	0	14849
18991	14532	14	45	214	0	14805
18992	14637	18	47	95	0	14797
18993	14408	17	40	58	0	14523
18994	229	26	14090	46	0	14391
18995	101	13964	167	68	0	14300
18996	83	144	64	14497	0	14788
18997	76	47	14663	148	0	14934
18998	58	14396	173	77	0	14704
18999	15082	148	83	40	0	15353
19000	178	53	42	15047	0	15320
19001	72	32	34	15235	0	15373
19002	15105	25	45	210	0	15385
19003	170	30	33	15004	0	15237
19004	85	21	33	15217	0	15356
19005	15262	24	31	223	0	15540
19006	193	32	14984	84	0	15293
19007	87	14692	164	89	0	15032
19008	15139	150	67	58	0	15414
19009	188	64	15238	52	0	15542
19010	14996	32	176	59	0	15263
19011	187	15309	95	59	0	15650
19012	15508	152	62	58	0	15780
19013	15465	70	46	62	0	15643
19014	14996	27	56	65	0	15144
19015	240	34	41	14706	0	15021
19016	106	65	37	14766	0	14974
19017	84	14614	45	234	0	14977
19018	73	14858	39	104	0	15074
19019	94	14819	26	89	0	15028
19020	14850	173	39	61	0	15123
19021	183	67	14486	51	0	14787
19022	89	38	138	14489	0	14754
19023	59	29	63	14560	0	14711
19024	48	14474	51	176	0	14749
19025	66	160	28	14683	0	14937
19026	72	59	36	14621	0	14788
19027	58	14633	37	210	0	14938
19028	14709	148	56	73	0	14986
19029	152	14656	33	83	0	14924
19030	76	157	14479	59	0	14771
19031	14508	50	143	50	0	14751
19032	165	14672	61	55	0	14953
19033	14442	129	42	51	0	14664
19034	170	53	29	14610	0	14862
19035	73	30	41	14627	0	14771
19036	70	21	14540	177	0	14808
19037	68	45	14488	63	0	14664
19038	46	42	148	14649	0	14885
19039	14731	21	54	137	0	14943
19040	14528	21	27	60	0	14636
19041	178	15465	33	42	0	15718
19042	44	15238	30	28	0	15340
19043	29	15031	19	28	0	15107
19044	134	308	73	14817	0	15332
19045	14671	45	130	180	0	15026
19046	14655	8	3	41	0	14707
19047	14479	7	4	14	0	14504
19048	217	21	13704	11	0	13953
19049	52	16377	178	20	0	16627
19050	20	165	46	18367	0	18598
19051	18166	39	14	192	0	18411
19052	197	16	3	18258	0	18474
19053	51	7	2	19050	0	19110
19054	18914	10	5	266	0	19195
19055	19658	7	2	67	0	19734
19056	315	18	19436	18	0	19787
19057	97	7	249	19675	0	20028
19058	41	17	19261	271	0	19590
19059	22	5	266	19522	0	19815
19060	29	26	18942	287	0	19284
19061	10	12	267	19446	0	19735
19062	18645	11	72	293	0	19021
19063	259	18884	34	96	0	19273
19064	76	19618	14	60	0	19768
19065	53	351	20	17518	0	17942
19066	23	19495	22	227	0	19767
19067	19560	291	17	57	0	19925
19068	18994	83	13	41	0	19131
19069	357	59	18384	31	0	18831
19070	109	18601	257	51	0	19018
19071	53	258	66	19180	0	19557
19072	42	91	18755	273	0	19161
19073	18805	33	260	104	0	19202
19074	292	23	79	19130	0	19524
19075	98	37	18975	285	0	19395
19076	54	27	269	19175	0	19525
19077	19144	11	99	315	0	19569
19078	292	21	18775	111	0	19199
19079	18685	16	270	55	0	19026
19080	19092	12	95	45	0	19244
19081	352	25	57	18738	0	19172
19082	123	39	18458	299	0	18919
19083	59	43	18273	128	0	18503
19084	18111	25	355	66	0	18557
19085	18572	29	98	55	0	18754
19086	395	29	17979	51	0	18454
19087	143	29	282	18087	0	18541
19088	91	34	97	17441	0	17663
19089	73	18091	57	337	0	18558
19090	58	270	47	18304	0	18679
19091	18098	88	53	338	0	18577
19092	313	42	48	18246	0	18649
19093	141	28	17721	354	0	18244
19094	17569	22	299	149	0	18039
19095	333	30	121	17792	0	18276
19096	145	42	17245	337	0	17769
19097	90	17163	306	158	0	17717
19098	16701	292	136	107	0	17236
19099	310	17293	73	146	0	17822
19100	17295	295	66	103	0	17759
19101	370	119	16618	110	0	17217
19102	182	16513	326	113	0	17134
19103	131	17133	127	87	0	17478
19104	101	366	100	16768	0	17335
19105	95	133	97	17136	0	17461
19106	117	77	16506	428	0	17128
19107	98	64	336	16832	0	17330
19108	16561	57	161	403	0	17182
19109	369	57	16074	196	0	16696
19110	189	66	323	16274	0	16852
19111	124	86	15753	380	0	16343
19112	15533	81	353	182	0	16149
19113	364	15862	164	160	0	16550
19114	16025	319	103	155	0	16602
19115	16294	148	116	144	0	16702
19116	16464	70	101	157	0	16792
19117	508	81	15433	125	0	16147
19118	242	15644	371	127	0	16384
19119	183	334	155	15642	0	16314
19120	145	146	121	16366	0	16778
19121	16313	100	112	477	0	17002
19122	417	91	112	16426	0	17046
19123	16374	58	133	460	0	17025
19124	16501	53	115	216	0	16885
19125	16571	64	102	167	0	16904
19126	16584	67	132	123	0	16906
19127	524	80	103	16031	0	16738
19128	16012	81	91	439	0	16623
19129	455	77	15225	223	0	15980
19130	15465	71	380	150	0	16066
19131	15874	70	187	132	0	16263
19132	554	65	14918	128	0	15665
19133	15482	60	379	115	0	16036
19134	15858	66	184	101	0	16209
19135	542	55	129	15416	0	16142
19136	261	69	111	15677	0	16118
19137	15164	72	107	481	0	15824
19138	459	62	89	15024	0	15634
19139	230	54	114	14752	0	15150
19140	194	13805	108	479	0	14586
19141	143	198	83	12882	0	13306
19142	12464	77	88	290	0	12919
19143	315	50	66	12293	0	12724
19144	172	41	69	11801	0	12083
19145	133	11355	81	338	0	11907
19146	139	197	59	10967	0	11362
19147	149	79	66	10814	0	11108
19148	10298	52	76	274	0	10700
19149	224	88	28	7033	0	7373
19150	81	20	5584	190	0	5875
19151	62	5159	116	84	0	5421
19152	47	5015	52	49	0	5163
19153	4624	135	26	49	0	4834
19154	130	4634	20	35	0	4819
19155	3892	70	34	20	0	4016
19156	78	3832	18	29	0	3957
19157	3934	73	23	18	0	4048
19158	81	38	3	3969	0	4091
19159	42	15	0	4051	0	4108
19160	28	3979	1	103	0	4111
19161	24	70	0	4081	0	4175
19162	19	28	4022	101	0	4170
19163	3916	19	70	42	0	4047
19164	73	4197	20	35	0	4325
19165	4163	69	15	27	0	4274
19166	4198	31	4	21	0	4254
19167	4243	13	5	26	0	4287
19168	105	16	10	4105	0	4236
19169	48	16	5	4120	0	4189
19170	28	4124	4	94	0	4250
19171	4158	71	2	38	0	4269
19172	81	4143	5	31	0	4260
19173	4195	69	2	20	0	4286
19174	88	34	4132	13	0	4267
19175	4338	15	74	14	0	4441
19176	104	14	27	4355	0	4500
19177	55	15	4313	89	0	4472
19178	36	13	4385	46	0	4480
19179	26	11	113	4410	0	4560
19180	29	8	4424	92	0	4553
19181	23	8	98	4399	0	4528
19182	4257	11	40	103	0	4411
19183	101	7	20	4336	0	4464
19184	64	6	4222	107	0	4399
19185	35	4156	83	68	0	4342
19186	27	4246	35	38	0	4346
19187	23	113	28	4201	0	4365
19188	4205	43	27	103	0	4378
19189	98	23	9	4240	0	4370
19190	55	19	13	4304	0	4391
19191	37	12	8	4338	0	4395
19192	29	14	11	4377	0	4431
19193	26	12	4244	145	0	4427
19194	29	9	4217	77	0	4332
19195	4206	15	112	45	0	4378
19196	4319	12	52	36	0	4419
19197	126	10	22	4272	0	4430
19198	70	10	16	4350	0	4446
19199	40	9	4171	143	0	4363
19200	26	4179	98	73	0	4376
19201	4240	81	37	43	0	4401
19202	4271	41	25	34	0	4371
19203	127	28	16	4232	0	4403
19204	61	17	4228	113	0	4419
19205	43	9	85	4183	0	4320
19206	24	4237	44	107	0	4412
19207	23	76	4267	58	0	4424
19208	4250	44	83	42	0	4419
19209	95	30	38	4386	0	4549
19210	4424	23	23	106	0	4576
19211	109	17	4252	57	0	4435
19212	4284	23	85	43	0	4435
19213	116	12	51	4306	0	4485
19214	4301	12	28	106	0	4447
19215	107	16	13	4216	0	4352
19216	57	4060	23	114	0	4254
19217	41	4206	26	52	0	4325
19218	26	106	18	4143	0	4293
19219	34	47	3910	86	0	4077
19220	22	3836	68	53	0	3979
19221	36	60	34	3562	0	3692
19222	3467	29	19	74	0	3589
19223	3490	21	11	41	0	3563
19224	78	11	9	3461	0	3559
19225	41	14	11	3451	0	3517
19226	31	3333	8	81	0	3453
19227	23	3446	6	54	0	3529
19228	3431	69	8	31	0	3539
19229	56	38	7	3411	0	3512
19230	31	15	12	3455	0	3513
19231	16	13	3392	90	0	3511
19232	17	14	59	3366	0	3456
19233	15	12	32	3352	0	3411
19234	19	4	17	3414	0	3454
19235	23	7	3350	96	0	3476
19236	16	6	61	3404	0	3487
19237	3374	8	31	83	0	3496
19238	59	13	3262	47	0	3381
19239	3491	16	59	32	0	3598
19240	67	7	33	3555	0	3662
19241	42	10	17	3625	0	3694
19242	19	8	12	3766	0	3805
19243	15	9	3620	100	0	3744
19244	3499	7	62	58	0	3626
19245	57	3712	31	39	0	3839
19246	3741	55	25	24	0	3845
19247	73	3786	16	15	0	3890
19248	40	61	5	3841	0	3947
19249	3855	27	6	76	0	3964
19250	63	15	3774	52	0	3904
19251	3704	10	50	32	0	3796
19252	63	13	3849	26	0	3951
19253	37	16	59	3812	0	3924
19254	24	11	3776	61	0	3872
19255	15	3677	61	38	0	3791
19256	29	53	34	3573	0	3689
19257	3463	30	19	74	0	3586
19258	41	12	8	3357	0	3418
19259	27	3315	12	51	0	3405
19260	16	39	8	3388	0	3451
19261	3308	29	8	52	0	3397
19262	3219	14	8	35	0	3276
19263	72	3204	8	28	0	3312
19264	27	3007	4	17	0	3055
19265	15	40	5	2999	0	3059
19266	4	18	9	3014	0	3045
19267	3006	6	3	49	0	3064
19268	2948	10	6	24	0	2988
19269	45	2998	8	19	0	3070
19270	26	36	1	2912	0	2975
19271	10	24	7	2959	0	3000
19272	7	9	2926	53	0	2995
19273	6	2899	32	31	0	2968
19274	10	2859	19	13	0	2901
19275	14	33	4	2806	0	2857
19276	3	12	2797	29	0	2841
19277	6	2	2789	17	0	2814
19278	3	7	38	2786	0	2834
19279	4	4	13	2826	0	2847
19280	6	3	2810	33	0	2852
19281	2	2	27	2858	0	2889
19282	1	3	2885	31	0	2920
19283	2945	25	26	17	0	3013
19284	29	0	14	3017	0	3060
19285	17	2	3074	32	0	3125
19286	3	7	3081	17	0	3108
19287	5	6	42	3315	0	3368
19288	6	2	3587	51	0	3646
19289	5	3	3681	19	0	3708
19290	6	3556	69	13	0	3644
19291	3725	49	20	4	0	3798
19292	53	17	3788	4	0	3862
19293	19	3	55	3754	0	3831
19294	3	2	20	3854	0	3879
19295	3	3	11	3947	0	3964
19296	4	5	3845	75	0	3929
19297	3	7	52	3827	0	3889
19298	3824	3	18	64	0	3909
19299	54	3	11	3820	0	3888
19300	18	3	3812	60	0	3893
19301	9	0	53	3847	0	3909
19302	3840	0	27	70	0	3937
19303	3902	2	13	27	0	3944
19304	3855	2	8	13	0	3878
19305	76	5	5	3829	0	3915
19306	3859	0	7	59	0	3925
19307	3846	4	9	27	0	3886
19308	3858	3	9	15	0	3885
19309	79	3675	6	9	0	3769
19310	3763	53	6	9	0	3831
19311	64	15	8	3727	0	3814
19312	24	9	3656	59	0	3748
19313	15	3666	60	23	0	3764
19314	3729	56	20	10	0	3815
19315	59	23	10	3733	0	3825
19316	21	13	7	3693	0	3734
19317	13	3651	9	75	0	3748
19318	6	3768	13	36	0	3823
19319	3622	69	16	12	0	3719
19320	51	3675	10	16	0	3752
19321	3579	52	11	7	0	3649
19322	56	3595	13	15	0	3679
19323	3577	52	5	18	0	3652
19324	56	3599	7	14	0	3676
19325	25	3689	8	13	0	3735
19326	3703	65	5	11	0	3784
19327	64	25	3568	8	0	3665
19328	25	3616	49	15	0	3705
19329	14	55	25	3683	0	3777
19330	13	21	16	3746	0	3796
19331	16	14	7	3718	0	3755
19332	14	19	6	3759	0	3798
19333	20	7	3651	81	0	3759
19334	3649	6	56	41	0	3752
19335	58	11	31	3789	0	3889
19336	3873	10	14	66	0	3963
19337	3986	6	7	35	0	4034
19338	4029	5	8	31	0	4073
19339	3892	6	9	25	0	3932
19340	91	13	3751	20	0	3875
19341	36	11	70	3750	0	3867
19342	21	12	3647	74	0	3754
19343	21	3672	69	30	0	3792
19344	26	88	32	3604	0	3750
19345	20	23	22	3652	0	3717
19346	19	13	10	3673	0	3715
19347	15	11	9	3653	0	3688
19348	12	14	3522	101	0	3649
19349	16	14	76	3562	0	3668
19350	18	10	33	3635	0	3696
19351	3589	15	16	98	0	3718
19352	3670	10	3	56	0	3739
19353	101	7	12	3710	0	3830
19354	41	9	13	3744	0	3807
19355	22	5	11	3781	0	3819
19356	3673	7	16	124	0	3820
19357	3789	5	13	47	0	3854
19358	3767	12	10	33	0	3822
19359	3749	7	10	23	0	3789
19360	124	3643	10	28	0	3805
19361	3709	80	8	25	0	3822
19362	3741	28	7	25	0	3801
19363	123	13	7	3620	0	3763
19364	51	6	11	3652	0	3720
19365	3528	9	13	115	0	3665
19366	105	3457	6	46	0	3614
19367	44	3602	1	27	0	3674
19368	3607	96	6	16	0	3725
19369	100	19	6	3615	0	3740
19370	36	14	9	3675	0	3734
19371	23	10	12	3701	0	3746
19372	23	8	4	3679	0	3714
19373	19	8	5	3638	0	3670
19374	22	3475	4	117	0	3618
19375	22	67	2	3363	0	3454
19376	3322	15	4	91	0	3432
19377	72	12	5	3308	0	3397
19378	30	7	3	3354	0	3394
19379	3263	7	2	103	0	3375
19380	87	3268	4	42	0	3401
19381	32	81	1	3214	0	3328
19382	27	3226	3	75	0	3331
19383	17	115	10	3070	0	3212
19384	19	29	2992	73	0	3113
19385	2834	16	53	33	0	2936
19386	77	2846	14	21	0	2958
19387	2564	44	12	17	0	2637
19388	55	17	2402	14	0	2488
19389	26	24	33	2187	0	2270
19390	8	2204	15	37	0	2264
19391	9	2261	6	21	0	2297
19392	2161	39	14	18	0	2232
19393	37	14	0	2177	0	2228
19394	12	7	2247	50	0	2316
19395	6	4	36	2293	0	2339
19396	9	3	2283	47	0	2342
19397	2214	10	35	23	0	2282
19398	39	6	2290	11	0	2346
19399	17	5	36	2280	0	2338
19400	8	2313	12	46	0	2379
19401	8	33	4	2333	0	2378
19402	7	2337	1	45	0	2390
19403	2409	40	4	20	0	2473
19404	46	9	2	2493	0	2550
19405	16	5	2508	53	0	2582
19406	9	7	2476	17	0	2509
19407	2493	7	44	10	0	2554
19408	2609	5	10	12	0	2636
19409	2610	2	4	10	0	2626
19410	2573	4	5	7	0	2589
19411	47	2528	2	19	0	2596
19412	2595	40	5	9	0	2649
19413	2617	12	2	10	0	2641
19414	51	9	2549	14	0	2623
19415	25	2	36	2524	0	2587
19416	2556	6	10	47	0	2619
19417	45	4	2507	22	0	2578
19418	18	6	39	2501	0	2564
19419	15	5	2616	47	0	2683
19420	15	3	34	2582	0	2634
19421	7	2625	11	41	0	2684
19422	2684	38	7	16	0	2745
19423	49	10	2611	14	0	2684
19424	2587	9	38	11	0	2645
19425	45	6	9	2598	0	2658
19426	2623	0	6	41	0	2670
19427	42	4	2	2610	0	2658
19428	2917	7	4	46	0	2974
19429	49	5	2888	16	0	2958
19430	3076	5	36	9	0	3126
19431	41	6	11	3122	0	3180
19432	16	7	3	3160	0	3186
19433	3161	5	2	50	0	3218
19434	39	4	3	3180	0	3226
19435	13	3	3133	45	0	3194
19436	4	11	29	3094	0	3138
19437	3015	1	5	33	0	3054
19438	27	2975	4	13	0	3019
19439	8	2969	1	10	0	2988
19440	2988	27	1	4	0	3020
19441	26	3204	4	4	0	3238
19442	14	20	12	3193	0	3239
19443	3248	4	7	21	0	3280
19444	3240	4	0	8	0	3252
19445	3237	5	0	4	0	3246
19446	26	4	3259	3	0	3292
19447	9	5	16	3202	0	3232
19448	3	3239	10	17	0	3269
19449	4	15	3	3288	0	3310
19450	4	9	3358	16	0	3387
19451	5	3232	15	10	0	3262
19452	2	29	2	3225	0	3258
19453	3150	1	2	10	0	3163
19454	6	3146	1	5	0	3158
19455	1	8	3279	1	0	3289
19456	2	2	8	3210	0	3222
19457	4	0	3268	12	0	3284
19458	2	1	10	3204	0	3217
19459	3356	1	7	8	0	3372
19460	9	1	0	3338	0	3348
19461	3398	1	1	8	0	3408
19462	3414	0	1	3	0	3418
19463	10	3487	1	2	0	3500
19464	3586	9	0	2	0	3597
19465	9	3527	3	1	0	3540
19466	3	9	3670	1	0	3683
19467	1	3	13	3627	0	3644
19468	1	0	2	3891	0	3894
19469	4	6	3782	16	0	3808
19470	1	3685	12	5	0	3703
19471	3861	11	5	2	0	3879
19472	4007	4	1	2	0	4014
19473	15	1	1	4109	0	4126
19474	6	1	0	4132	0	4139
19475	2	0	1	4213	0	4216
19476	4194	2	0	18	0	4214
19477	17	1	4121	6	0	4145
19478	8	1	4182	1	0	4192
19479	2	0	18	4194	0	4214
19480	4	3	4214	15	0	4236
19481	3	1	4213	8	0	4225
19482	1	1	20	4116	0	4138
19483	5	4	4378	15	0	4402
19484	1	4298	21	9	0	4329
19485	2	13	6	4491	0	4512
19486	1	5	4555	17	0	4578
19487	0	2	16	4541	0	4559
19488	2	4435	5	18	0	4460
19489	2	12	2	4585	0	4601
19490	7	4	4656	18	0	4685
19491	4	8	14	4589	0	4615
19492	4641	1	4	16	0	4662
19493	15	2	4660	12	0	4689
19494	4397	2	20	2	0	4421
19495	15	4601	4	6	0	4626
19496	4747	15	5	1	0	4768
19497	16	5	2	4731	0	4754
19498	7	4684	4	16	0	4711
19499	4904	16	4	5	0	4929
19500	25	5	1	4943	0	4974
19501	10	5	4984	30	0	5029
19502	2	4943	26	7	0	4978
19503	2	23	7	5087	0	5119
19504	5038	4	2	29	0	5073
19505	4959	0	3	7	0	4969
19506	25	3	3	4972	0	5003
19507	8	3	4953	27	0	4991
19508	4714	2	27	9	0	4752
19509	29	1	4957	4	0	4991
19510	6	2	26	4953	0	4987
19511	5066	2	6	25	0	5099
19512	27	4960	6	9	0	5002
19513	5091	24	4	4	0	5123
19514	27	6	5001	4	0	5038
19515	5046	2	28	1	0	5077
19516	25	3	5	5146	0	5179
19517	11	5	4	5207	0	5227
19518	14	4	5240	34	0	5292
19519	4	1	24	5105	0	5134
19520	5229	2	8	30	0	5269
19521	32	3	4	5332	0	5371
19522	8	5384	7	42	0	5441
19523	9	31	2	5494	0	5536
19524	4	5446	4	42	0	5496
19525	7	42	5451	10	0	5510
19526	5316	8	37	8	0	5369
19527	39	7	11	5619	0	5676
19528	11	5	5364	39	0	5419
19529	7	5271	38	20	0	5336
19530	6	40	9	5288	0	5343
19531	5	11	11	5348	0	5375
19532	5321	7	5	52	0	5385
19533	48	3	2	5372	0	5425
19534	5417	2	2	53	0	5474
19535	5378	5	3	15	0	5401
19536	51	5319	9	11	0	5390
19537	5441	45	2	9	0	5497
19538	58	5	4	5718	0	5785
19539	15	8	5754	60	0	5837
19540	5733	7	52	15	0	5807
19541	61	3	15	5608	0	5687
19542	19	7	5559	60	0	5645
19543	5424	4	56	16	0	5500
19544	59	5	11	5630	0	5705
19545	20	5834	12	63	0	5929
19546	13	59	6	5765	0	5843
19547	7	5841	12	68	0	5928
19548	5863	68	7	19	0	5957
19549	72	18	6053	17	0	6160
19550	18	6054	67	19	0	6158
19551	15	71	12	6226	0	6324
19552	8	18	6241	76	0	6343
19553	12	22	6140	20	0	6194
19554	11	6177	78	20	0	6286
19555	16	71	26	6228	0	6341
19556	9	23	11	6330	0	6373
19557	8	9	11	7334	0	7362
19558	7485	10	9	144	0	7648
19559	138	13	7803	29	0	7983
19560	25	7840	146	26	0	8037
19561	21	155	32	7903	0	8111
19562	8	28	18	8217	0	8271
19563	11	20	7920	192	0	8143
19564	13	18	161	7986	0	8178
19565	12	14	7858	189	0	8073
19566	17	13	7730	45	0	7805
19567	9	9	7752	29	0	7799
19568	9	10	175	7420	0	7614
19569	14	8	42	7716	0	7780
19570	5	8	27	7903	0	7943
19571	7767	8	18	187	0	7980
19572	158	7585	19	47	0	7809
19573	7759	157	13	33	0	7962
19574	7821	31	16	25	0	7893
19575	7907	18	9	22	0	7956
19576	177	7827	16	25	0	8045
19577	7943	165	12	22	0	8142
19578	8039	30	8	25	0	8102
19579	191	19	12	7886	0	8108
19580	54	18	12	7996	0	8080
19581	33	11	11	8128	0	8183
19582	19	17	7766	209	0	8011
19583	7658	14	162	65	0	7899
19584	175	16	38	7776	0	8005
19585	7638	14	33	195	0	7880
19586	176	7574	28	66	0	7844
19587	45	164	25	7675	0	7909
19588	29	24	26	7838	0	7917
19589	7645	23	22	209	0	7899
19590	180	16	13	7667	0	7876
19591	7543	17	7	215	0	7782
19592	7611	15	13	62	0	7701
19593	202	7365	12	50	0	7629
19594	59	7638	16	34	0	7747
19595	54	193	20	7369	0	7636
19596	30	7458	14	176	0	7678
19597	27	190	6	7545	0	7768
19598	30	39	7345	208	0	7622
19599	21	35	7253	59	0	7368
19600	7020	30	179	37	0	7266
19601	7208	18	38	48	0	7312
19602	187	7057	29	49	0	7322
19603	7130	158	15	38	0	7341
19604	189	7311	20	38	0	7558
19605	58	177	17	7371	0	7623
19606	39	46	15	7486	0	7586
19607	38	32	16	7467	0	7553
19608	26	25	17	7539	0	7607
19609	7295	17	25	223	0	7560
19610	168	7233	18	87	0	7506
19611	7329	166	19	61	0	7575
19612	7450	37	27	52	0	7566
19613	211	33	7199	41	0	7484
19614	7161	34	157	38	0	7390
19615	182	7108	34	39	0	7363
19616	45	175	27	7187	0	7434
19617	44	37	18	7131	0	7230
19618	39	7051	26	192	0	7308
19619	7158	169	33	77	0	7437
19620	203	43	6964	47	0	7257
19621	6863	33	159	53	0	7108
19622	196	42	6864	44	0	7146
19623	69	21	165	6846	0	7101
19624	42	33	50	7039	0	7164
19625	41	18	39	7129	0	7227
19626	7056	22	28	238	0	7344
19627	171	22	7117	94	0	7404
19628	7144	24	165	73	0	7406
19629	7297	19	51	60	0	7427
19630	7279	14	34	63	0	7390
19631	7238	22	37	47	0	7344
19632	215	29	20	7087	0	7351
19633	83	23	6983	181	0	7270
19634	70	27	134	6982	0	7213
19635	65	25	6960	175	0	7225
19636	65	30	6863	66	0	7024
19637	64	6853	155	55	0	7127
19638	66	143	41	6596	0	6846
19639	60	41	20	6730	0	6851
19640	47	41	19	6523	0	6630
19641	55	15	13	6747	0	6830
19642	6612	18	21	192	0	6843
19643	6671	14	10	86	0	6781
19644	176	15	28	6511	0	6730
19645	62	15	6241	179	0	6497
19646	52	12	124	6354	0	6542
19647	52	13	31	6516	0	6612
19648	51	24	6325	175	0	6575
19649	38	10	122	6141	0	6311
19650	6143	15	27	162	0	6347
19651	6179	16	16	58	0	6269
19652	6148	13	8	65	0	6234
19653	185	16	11	6009	0	6221
19654	5969	13	8	155	0	6145
19655	5951	21	22	40	0	6034
19656	163	19	5792	42	0	6016
19657	37	11	4656	24	0	4728
19658	22	10	4612	21	0	4665
19659	4022	9	27	8	0	4066
19660	24	4002	11	9	0	4046
19661	4132	13	13	9	0	4167
19662	17	4424	10	12	0	4463
19663	6	14	4	4549	0	4573
19664	12	5	1	4566	0	4584
19665	5	7	3	4592	0	4607
19666	7	1	4542	25	0	4575
19667	4382	1	23	10	0	4416
19668	23	5	6	4629	0	4663
19669	8	0	4637	21	0	4666
19670	8	4	4372	11	0	4395
19671	4471	2	24	12	0	4509
19672	23	4526	21	8	0	4578
19673	4630	17	10	2	0	4659
19674	4624	5	3	5	0	4637
19675	20	4539	4	11	0	4574
19676	4590	15	5	4	0	4614
19677	26	3	4727	4	0	4760
19678	9	11	4639	5	0	4664
19679	10	3	4954	1	0	4968
19680	5	9	27	4885	0	4926
19681	4	2	5014	16	0	5036
19682	4961	2	24	3	0	4990
19683	5055	0	9	9	0	5073
19684	31	2	5096	1	0	5130
19685	9	2	23	5035	0	5069
19686	5145	0	8	27	0	5180
19687	24	5432	8	13	0	5477
19688	7	5579	3	7	0	5596
19689	5725	28	5	0	0	5758
19690	24	11	5798	2	0	5835
19691	8	17	22	5660	0	5707
19692	7	2	8	5786	0	5803
19693	1	1	6	5870	0	5878
19694	1	5731	4	31	0	5767
19695	2	24	1	6009	0	6036
19696	6179	6	2	36	0	6223
19697	35	4	2	6291	0	6332
19698	10	6265	2	58	0	6335
19699	6617	43	3	12	0	6675
19700	47	11	1	6629	0	6688
19701	9	8	1	6992	0	7010
19702	7214	0	2	61	0	7277
19703	7280	0	1	20	0	7301
19704	68	2	0	7361	0	7431
19705	7645	1	1	65	0	7712
19706	7748	2	2	23	0	7775
19707	81	7864	6	18	0	7969
19708	8071	77	0	3	0	8151
19709	87	7898	10	6	0	8001
19710	27	84	1	8065	0	8177
19711	17	25	8158	85	0	8285
19712	10	18	75	8213	0	8316
19713	9	8	20	8323	0	8360
19714	6	4	11	8537	0	8558
19715	8447	5	1	114	0	8567
19716	88	8390	3	38	0	8519
19717	8731	88	4	20	0	8843
19718	103	8951	6	16	0	9076
19719	9312	105	6	7	0	9430
19720	9338	22	5	9	0	9374
19721	9378	15	2	12	0	9407
19722	9280	7	4	12	0	9303
19723	143	18	9104	10	0	9275
19724	48	11	98	9167	0	9324
19725	29	3	22	9626	0	9680
19726	13	8	9297	146	0	9464
19727	9033	1	115	45	0	9194
19728	127	11	25	9265	0	9428
19729	36	8	9094	134	0	9272
19730	23	18	9043	37	0	9121
19731	16	4	139	9320	0	9479
19732	21	10	9641	132	0	9804
19733	12	12	128	9545	0	9697
19734	18	4	31	9768	0	9821
19735	14	11	9494	155	0	9674
19736	9073	5	124	55	0	9257
19737	131	8	32	9546	0	9717
19738	49	17	9677	143	0	9886
19739	26	10	123	9782	0	9941
19740	9853	1	36	144	0	10034
19741	139	8	9762	48	0	9957
19742	9669	5	122	43	0	9839
19743	10144	7	39	21	0	10211
19744	159	9	24	10044	0	10236
19745	53	8	13	10040	0	10114
19746	36	9	9944	162	0	10151
19747	25	4	124	10000	0	10153
19748	23	14	39	9826	0	9902
19749	23	3	21	10155	0	10202
19750	26	6	9781	174	0	9987
19751	9690	4	134	62	0	9890
19752	10010	5	33	47	0	10095
19753	10192	2	23	36	0	10253
19754	10452	10	21	25	0	10508
19755	180	7	16	10422	0	10625
19756	10372	6	16	146	0	10540
19757	10466	9	15	58	0	10548
19758	9937	12	30	40	0	10019
19759	10447	5	17	33	0	10502
19760	167	10189	21	32	0	10409
19761	10461	113	17	35	0	10626
19762	10355	28	17	37	0	10437
19763	179	10222	23	39	0	10463
19764	10396	137	22	26	0	10581
19765	173	35	15	10372	0	10595
19766	59	15	20	10515	0	10609
19767	10382	9	24	192	0	10607
19768	175	10152	18	69	0	10414
19769	60	10216	17	55	0	10348
19770	48	166	19	10423	0	10656
19771	35	42	10388	158	0	10623
19772	40	23	138	10266	0	10467
19773	27	15	41	10558	0	10641
19774	10338	12	26	199	0	10575
19775	10378	9	20	68	0	10475
19776	188	12	20	10327	0	10547
19777	74	11	10109	172	0	10366
19778	44	6	145	10266	0	10461
19779	10382	6	49	187	0	10624
19780	196	10	10684	66	0	10956
19781	70	10638	186	49	0	10943
19782	11048	169	42	32	0	11291
19783	210	38	25	11019	0	11292
19784	59	21	18	11096	0	11194
19785	47	14	26	11354	0	11441
19786	35	13	10959	253	0	11260
19787	9879	11	173	93	0	10156
19788	214	16	10352	46	0	10628
19789	64	10264	185	48	0	10561
19790	50	170	52	10484	0	10756
19791	45	36	30	10704	0	10815
19792	43	20	21	11251	0	11335
19793	40	22	10876	313	0	11251
19794	36	22	10918	91	0	11067
19795	32	23	11082	61	0	11198
19796	38	11038	248	37	0	11361
19797	29	220	77	11413	0	11739
19798	11578	39	34	243	0	11894
19799	12586	24	30	65	0	12705
19800	309	22	12750	57	0	13138
19801	94	12782	253	72	0	13201
19802	72	294	12471	27	0	12864
19803	44	12999	268	41	0	13352
19804	12720	336	146	48	0	13250
19805	12649	70	51	43	0	12813
19806	318	12335	41	38	0	12732
19807	12288	277	19	19	0	12603
19808	306	54	34	12137	0	12531
19809	90	47	22	12439	0	12598
19810	12237	31	20	325	0	12613
19811	12027	16	19	109	0	12171
19812	11958	17	16	74	0	12065
19813	342	11639	32	46	0	12059
19814	115	12092	29	43	0	12279
19815	12037	299	26	36	0	12398
19816	302	94	11722	29	0	12147
19817	88	91	240	11697	0	12116
19818	11254	34	63	262	0	11613
19819	289	10925	50	79	0	11343
19820	98	11398	41	44	0	11581
19821	11454	301	28	33	0	11816
19822	308	95	11092	41	0	11536
19823	11064	81	243	37	0	11425
19824	334	54	10924	28	0	11340
19825	132	47	10921	30	0	11130
19826	93	56	282	10835	0	11266
19827	68	60	10994	239	0	11361
19828	10925	57	271	69	0	11322
19829	11272	47	90	54	0	11463
19830	11304	37	57	53	0	11451
19831	11218	44	48	37	0	11347
19832	370	38	30	10620	0	11058
19833	10638	40	28	266	0	10972
19834	312	10473	30	106	0	10921
19835	155	240	35	10235	0	10665
19836	134	10593	40	240	0	11007
19837	11062	262	29	70	0	11423
19838	10938	111	44	48	0	11141
19839	324	88	34	10776	0	11222
19840	10872	64	43	250	0	11229
19841	10983	37	64	85	0	11169
19842	337	38	54	10722	0	11151
19843	169	43	42	10809	0	11063
19844	137	56	43	10933	0	11169
19845	108	62	10505	319	0	10994
19846	108	40	10358	128	0	10634
19847	108	40	10545	83	0	10776
19848	114	29	307	10454	0	10904
19849	93	32	10635	272	0	11032
19850	77	41	305	10602	0	11025
19851	106	27	11052	308	0	11493
19852	100	36	11027	122	0	11285
19853	10671	28	324	97	0	11120
19854	329	10553	112	99	0	11093
19855	10856	253	79	54	0	11242
19856	352	81	54	10693	0	11180
19857	141	71	48	10901	0	11161
19858	132	68	10507	335	0	11042
19859	117	10546	251	144	0	11058
19860	84	273	98	10836	0	11291
19861	94	105	10716	277	0	11192
19862	103	10519	240	123	0	10985
19863	108	239	107	10651	0	11105
19864	10551	72	81	298	0	11002
19865	10678	58	82	105	0	10923
19866	334	36	74	10572	0	11016
19867	10554	41	70	290	0	10955
19868	295	10521	64	140	0	11020
19869	123	230	70	10729	0	11152
19870	111	73	10706	287	0	11177
19871	91	57	296	10790	0	11234
19872	83	51	10783	311	0	11228
19873	10565	47	283	132	0	11027
19874	294	55	107	10753	0	11209
19875	122	10776	91	307	0	11296
19876	104	269	86	11195	0	11654
19877	95	84	10938	306	0	11423
19878	107	83	10931	119	0	11240
19879	106	65	10663	100	0	10934
19880	9967	75	279	88	0	10409
19881	232	10051	102	87	0	10472
19882	104	200	80	9991	0	10375
19883	9960	74	81	236	0	10351
19884	226	9957	72	109	0	10364
19885	12143	201	65	108	0	12517
19886	12262	72	80	80	0	12494
19887	12403	76	63	69	0	12611
19888	12539	46	63	78	0	12726
19889	314	42	12054	72	0	12482
19890	11888	33	196	63	0	12180
19891	266	30	11947	74	0	12317
19892	10649	30	194	63	0	10936
19893	204	44	94	11556	0	11898
19894	109	36	11145	180	0	11470
19895	83	10834	175	88	0	11180
19896	99	644	100	10174	0	11017
19897	66	10578	78	137	0	10859
19898	71	10630	60	59	0	10820
19899	9225	114	71	51	0	9461
19900	81	27	8859	29	0	8996
19901	23	8321	56	26	0	8426
19902	8502	42	39	13	0	8596
19903	41	8430	24	13	0	8508
19904	8778	38	7	6	0	8829
19905	42	17	5	8677	0	8741
19906	8817	8	6	33	0	8864
19907	37	5	4	8710	0	8756
19908	8850	5	9	37	0	8901
19909	40	8	9	8773	0	8830
19910	12	9008	10	41	0	9071
19911	16	32	8	9380	0	9436
19912	9396	12	8	37	0	9453
19913	35	9139	6	15	0	9195
19914	16	30	8	9312	0	9366
19915	9495	13	4	34	0	9546
19916	40	11	3	9522	0	9576
19917	13	8	2	9545	0	9568
19918	17	10	9685	42	0	9754
19919	17	8	9485	19	0	9529
19920	9	9	41	9451	0	9510
19921	9	12	10052	35	0	10108
19922	14	8	33	9909	0	9964
19923	11	10	14	9617	0	9652
19924	9	11	11	10150	0	10181
19925	13	13	10211	51	0	10288
19926	14	14	31	9821	0	9880
19927	14	6	9	10115	0	10144
19928	9	10045	15	40	0	10109
19929	16	31	7	10437	0	10491
19930	10417	11	7	41	0	10476
19931	35	11	4	10499	0	10549
19932	19	10	11663	48	0	11740
19933	11030	9	92	22	0	11153
19934	93	12241	41	28	0	12403
19935	45	103	32	12691	0	12871
19936	39	43	12370	117	0	12569
19937	11766	31	97	63	0	11957
19938	113	12041	48	57	0	12259
19939	12489	112	38	20	0	12659
19940	131	46	16	12429	0	12622
19941	12434	37	18	117	0	12606
19942	146	19	12305	50	0	12520
19943	64	11964	119	48	0	12195
19944	39	13106	50	34	0	13229
19945	13505	134	34	12	0	13685
19946	13428	66	11	30	0	13535
19947	154	38	13341	13	0	13546
19948	13004	15	101	13	0	13133
19949	13570	7	49	14	0	13640
19950	13832	7	33	11	0	13883
19951	166	13119	24	26	0	13335
19952	80	13255	12	20	0	13367
19953	13562	135	17	9	0	13723
19954	13670	70	8	9	0	13757
19955	140	13694	10	28	0	13872
19956	77	111	10	14063	0	14261
19957	46	49	13901	107	0	14103
19958	13899	43	107	49	0	14098
19959	14508	22	50	45	0	14625
19960	15055	17	38	19	0	15129
19961	162	14428	20	37	0	14647
19962	79	120	15077	9	0	15285
19963	15655	48	111	14	0	15828
19964	121	36	47	16022	0	16226
19965	64	20	38	15916	0	16038
19966	48	14	10	16354	0	16426
19967	42	16	16103	171	0	16332
19968	25	12	102	15843	0	15982
19969	37	25	16170	142	0	16374
19970	19	15663	117	72	0	15871
19971	15854	98	55	39	0	16046
19972	98	15681	33	29	0	15841
19973	44	15997	17	21	0	16079
19974	16372	133	16	7	0	16528
19975	109	16634	18	15	0	16776
19976	53	128	9	16793	0	16983
19977	43	16611	19	102	0	16775
19978	17194	132	6	32	0	17364
19979	118	16985	11	29	0	17143
19980	67	148	3	17639	0	17857
19981	49	69	17260	124	0	17502
19982	26	46	113	17539	0	17724
19983	20	17362	62	190	0	17634
19984	19	134	35	18091	0	18279
19985	14	78	21	16439	0	16552
19986	21	47	15	16467	0	16550
19987	21	16	10	16597	0	16644
19988	21	23	12	16600	0	16656
19989	21	17	12	16759	0	16809
19990	21	21	16166	238	0	16446
19991	15701	14	139	126	0	15980
19992	143	22	60	16994	0	17219
19993	75	24	16708	180	0	16987
19994	54	39	16665	95	0	16853
19995	31	16	209	17172	0	17428
19996	17347	15	105	179	0	17646
19997	182	29	16820	85	0	17116
19998	16761	23	171	64	0	17019
19999	204	29	17539	30	0	17802
20000	97	28	193	17575	0	17893
20001	71	26	75	18131	0	18303
20002	47	37	17827	219	0	18130
20003	16880	31	170	119	0	17200
20004	185	28	80	17776	0	18069
20005	107	21	17704	193	0	18025
20006	70	35	17745	100	0	17950
20007	56	28	229	17250	0	17563
20008	45	17608	120	169	0	17942
20009	18314	162	59	93	0	18628
20010	18052	78	43	74	0	18247
20011	243	59	18321	38	0	18661
20012	129	41	177	17872	0	18219
20013	18429	27	73	212	0	18741
20014	213	31	18319	107	0	18670
20015	17911	19	186	94	0	18210
20016	222	17962	107	87	0	18378
20017	102	171	60	18803	0	19136
20018	81	69	42	18968	0	19160
20019	19571	41	50	260	0	19922
20020	232	38	51	19572	0	19893
20021	100	33	33	19464	0	19630
20022	76	23	37	19695	0	19831
20023	19379	17	49	342	0	19787
20024	245	21	19139	169	0	19574
20025	19313	23	221	121	0	19678
20026	19701	21	105	88	0	19915
20027	19927	17	68	76	0	20088
20028	333	29	53	19712	0	20127
20029	153	39	19754	259	0	20205
20030	92	19256	259	138	0	19745
20031	70	19722	114	121	0	20027
20032	47	19068	54	76	0	19245
20033	77	248	19066	61	0	19452
20034	62	132	234	23245	0	23673
20035	23812	33	85	501	0	24431
20036	25335	28	50	237	0	25650
20037	655	29	27	26298	0	27009
20038	275	27	25960	577	0	26839
20039	154	27	25886	233	0	26300
20040	80	25	671	26344	0	27120
20041	88	28	26280	581	0	26977
20042	62	25	609	26558	0	27254
20043	67	20	243	26261	0	26591
20044	69	25902	168	728	0	26867
20045	96	528	91	26428	0	27143
20046	66	188	69	27395	0	27718
20047	26535	109	103	802	0	27549
20048	569	40	100	26720	0	27429
20049	241	26	74	27098	0	27439
20050	25991	32	101	824	0	26948
20051	586	25715	88	430	0	26819
20052	26357	524	68	261	0	27210
20053	700	217	25579	135	0	26631
20054	25745	109	564	187	0	26605
20055	26020	64	232	189	0	26505
20056	842	68	25073	139	0	26122
20057	369	76	25036	180	0	25661
20058	238	65	721	24631	0	25655
20059	24443	38	351	641	0	25473
20060	686	64	23895	322	0	24967
20061	330	28	656	24112	0	25126
20062	224	45	23538	675	0	24482
20063	165	44	748	23310	0	24267
20064	159	30	311	23996	0	24496
20065	23404	70	245	867	0	24586
20066	23600	55	158	496	0	24309
20067	23893	73	109	373	0	24448
20068	933	81	23349	242	0	24605
20069	403	65	23355	298	0	24121
20070	260	52	791	23216	0	24319
20071	234	59	377	23507	0	24177
20072	178	62	225	24256	0	24721
20073	22883	32	159	1013	0	24087
20074	702	22850	179	509	0	24240
20075	22369	582	152	304	0	23407
20076	22147	236	147	222	0	22752
20077	844	21769	208	207	0	23028
20078	428	22156	183	212	0	22979
20079	21620	675	151	229	0	22675
20080	668	268	183	21032	0	22151
20081	383	21003	169	786	0	22341
20082	389	546	112	21510	0	22557
20083	331	265	20831	803	0	22230
20084	295	143	642	21257	0	22337
20085	21033	103	419	885	0	22440
20086	705	85	20738	491	0	22019
20087	376	114	20599	409	0	21498
20088	335	160	839	19245	0	20579
20089	256	19567	485	774	0	21082
20090	249	20364	288	490	0	21391
20091	283	20886	179	461	0	21809
20092	20551	779	249	407	0	21986
20093	20824	307	203	419	0	21753
20094	20072	157	197	456	0	20882
20095	865	19797	188	487	0	21337
20096	20471	523	194	447	0	21635
20097	20443	280	145	391	0	21259
20098	983	325	19449	278	0	21035
20099	614	19203	625	242	0	20684
20100	507	622	353	19465	0	20947
20101	19459	342	308	697	0	20806
20102	897	260	18768	413	0	20338
20103	513	141	708	18629	0	19991
20104	363	18935	435	836	0	20569
20105	326	612	334	18960	0	20232
20106	340	281	263	19469	0	20353
20107	18962	177	311	979	0	20429
20108	19184	163	313	575	0	20235
20109	911	152	268	18907	0	20238
20110	487	189	18123	851	0	19650
20111	398	189	17966	536	0	19089
20112	18128	171	731	470	0	19500
20113	956	222	17936	286	0	19400
20114	598	221	704	16174	0	17697
20115	459	17057	434	635	0	18585
20116	17055	550	370	383	0	18358
20117	810	17044	298	363	0	18515
20118	17399	614	235	422	0	18670
20119	824	274	267	17061	0	18426
20120	517	239	224	17452	0	18432
20121	17169	207	197	849	0	18422
20122	17716	216	214	415	0	18561
20123	985	242	210	17262	0	18699
20124	630	267	175	17449	0	18521
20125	445	273	16293	803	0	17814
20126	338	231	16300	505	0	17374
20127	16389	215	724	403	0	17731
20128	749	223	15636	395	0	17003
20129	15954	189	621	416	0	17180
20130	16438	121	368	408	0	17335
20131	933	136	15377	321	0	16767
20132	570	15020	605	324	0	16519
20133	491	15635	437	249	0	16812
20134	128	177	11098	95	0	11498
20135	334	673	396	9665	0	11068
20136	9012	127	241	253	0	9633
20137	8686	22	21	44	0	8773
20138	9375	17	13	39	0	9444
20139	10630	15	16	39	0	10700
20140	10695	16	19	29	0	10759
20141	251	10667	21	51	0	10990
20142	10483	194	12	16	0	10705
20143	211	10290	21	58	0	10580
20144	10282	205	17	8	0	10512
20145	220	59	9837	3	0	10119
20146	70	22	178	9754	0	10024
20147	44	13	43	9387	0	9487
20148	21	9580	26	206	0	9833
20149	9790	176	7	46	0	10019
20150	9897	52	9	23	0	9981
20151	234	23	6	9656	0	9919
20152	69	15	9	9876	0	9969
20153	9661	9	9	238	0	9917
20154	193	5	4	9707	0	9909
20155	71	9	5	9895	0	9980
20156	9701	7	5	243	0	9956
20157	219	3	1	9746	0	9969
20158	9720	2	5	214	0	9941
20159	9863	15	4	73	0	9955
20160	260	12	9531	32	0	9835
20161	9695	11	170	24	0	9900
20162	9606	7	44	32	0	9689
20163	9611	9	27	15	0	9662
20164	269	8	9099	19	0	9395
20165	82	6	184	9074	0	9346
20166	49	12	44	9357	0	9462
20167	43	17	9013	234	0	9307
20168	8893	8	189	71	0	9161
20169	210	25	52	8870	0	9157
20170	77	10	8670	207	0	8964
20171	47	10	8829	66	0	8952
20172	30	12	219	8828	0	9089
20173	33	12	8788	223	0	9056
20174	39	13	201	8800	0	9053
20175	41	7	65	8982	0	9095
20176	36	15	8589	260	0	8900
20177	52	10	181	8302	0	8545
20178	39	8343	70	203	0	8655
20179	44	8700	39	67	0	8850
20180	8524	226	24	46	0	8820
20181	8506	74	20	35	0	8635
20182	231	8399	24	48	0	8702
20183	8419	191	25	36	0	8671
20184	8518	65	17	42	0	8642
20185	266	36	16	8328	0	8646
20186	109	32	21	8541	0	8703
20187	8209	23	13	260	0	8505
20188	233	8108	24	96	0	8461
20189	104	8246	26	58	0	8434
20190	72	246	23	8169	0	8510
20191	69	68	7994	226	0	8357
20192	7803	31	198	110	0	8142
20193	7985	26	58	90	0	8159
20194	7729	25	41	58	0	7853
20195	290	7697	26	60	0	8073
20196	134	205	22	7504	0	7865
20197	90	76	26	7833	0	8025
20198	7632	42	28	262	0	7964
20199	269	7566	21	110	0	7966
20200	131	214	19	7465	0	7829
20201	107	72	27	7659	0	7865
20202	115	38	24	7709	0	7886
20203	7478	30	22	296	0	7826
20204	259	7435	22	152	0	7868
20205	139	223	24	7195	0	7581
20206	101	7456	25	222	0	7804
20207	7458	226	39	110	0	7833
20208	279	77	7247	86	0	7689
20209	7331	43	207	93	0	7674
20210	264	40	7113	93	0	7510
20211	124	48	208	6976	0	7356
20212	6980	25	77	252	0	7334
20213	262	30	6748	118	0	7158
20214	6883	26	197	91	0	7197
20215	7001	18	73	96	0	7188
20216	7027	15	53	88	0	7183
20217	309	19	49	6686	0	7063
20218	132	12	45	6761	0	6950
20219	100	17	41	6859	0	7017
20220	6502	17	35	301	0	6855
20221	249	6476	35	147	0	6907
20222	6267	163	49	84	0	6563
20223	6403	50	44	74	0	6571
20224	273	32	6045	80	0	6430
20225	6203	34	179	61	0	6477
20226	6350	26	78	65	0	6519
20227	271	20	54	6188	0	6533
20228	120	28	47	6289	0	6484
20229	76	25	56	6279	0	6436
20230	5896	20	54	251	0	6221
20231	5858	25	45	128	0	6056
20232	5289	20	36	84	0	5429
20233	238	4805	41	58	0	5142
20234	74	4221	28	55	0	4378
20235	40	4240	31	64	0	4375
20236	4108	173	52	55	0	4388
20237	167	52	3950	58	0	4227
20238	51	25	3262	39	0	3377
20239	1868	9	55	13	0	1945
20240	43	10	1923	6	0	1982
20241	8	3	7	1423	0	1441
20242	7	1436	4	9	0	1456
20243	1510	9	2	4	0	1525
20244	1510	0	5	2	0	1517
20245	1521	3	2	4	0	1530
20246	13	0	0	1647	0	1660
20247	3	0	1712	15	0	1730
20248	4	3	1666	6	0	1679
20249	1695	1	10	6	0	1712
20250	1750	1	0	1	0	1752
20251	1734	2	1	1	0	1738
20252	13	2	0	1752	0	1767
20253	1	2	2	1770	0	1775
20254	2	2	1758	9	0	1771
20255	1807	2	9	1	0	1819
20256	10	3	3	1857	0	1873
20257	5	0	1	1863	0	1869
20258	2	1	3	1864	0	1870
20259	3	1828	1	11	0	1843
20260	2	9	2	1847	0	1860
20261	3	0	1	1840	0	1844
20262	1825	1	2	11	0	1839
20263	12	3	1790	1	0	1806
20264	1764	0	9	4	0	1777
20265	1829	3	1	1	0	1834
20266	11	0	1	1815	0	1827
20267	2	1	2	1830	0	1835
20268	1823	0	2	9	0	1834
20269	9	0	1788	1	0	1798
20270	2	1777	10	1	0	1790
20271	5	7	0	1803	0	1815
20272	1786	1	2	9	0	1798
20273	12	0	0	1738	0	1750
20274	2	0	1739	11	0	1752
20275	4	2	1804	1	0	1811
20276	1839	2	9	4	0	1854
20277	8	0	0	1929	0	1937
20278	3	0	1918	10	0	1931
20279	1964	0	9	3	0	1976
20280	2131	2	1	0	0	2134
20281	11	0	2	2126	0	2139
20282	3	0	0	2146	0	2149
20283	2	2131	1	12	0	2146
20284	2315	6	2	2	0	2325
20285	9	0	0	2329	0	2338
20286	5	1	0	2366	0	2372
20287	0	2	2432	11	0	2445
20288	2355	1	8	3	0	2367
20289	2434	1	0	2	0	2437
20290	11	2358	5	2	0	2376
20291	3	8	2364	1	0	2376
20292	2	1	2378	1	0	2382
20293	1	4	6	2343	0	2354
20294	2507	0	4	9	0	2520
20295	8	0	2	2509	0	2519
20296	2719	0	2	7	0	2728
20297	2770	0	1	0	0	2771
20298	2818	0	0	1	0	2819
20299	8	4	2	2865	0	2879
20300	1	1	1	2888	0	2891
20301	2962	2	0	8	0	2972
20302	10	0	3037	0	0	3047
20303	2865	0	1	0	0	2866
20304	2901	0	1	1	0	2903
20305	0	0	3005	0	0	3005
20306	1	5	2973	0	0	2979
20307	0	2969	1	2	0	2972
20308	0	0	0	3079	0	3079
20309	2816	5	3	3	0	2827
20310	0	1	0	3109	0	3110
20311	0	0	3166	0	0	3166
20312	0	3071	1	0	0	3072
20313	0	3109	1	5	0	3115
20314	0	0	1	3277	0	3278
20315	0	3	0	3225	0	3228
20316	0	3182	0	2	0	3184
20317	1	1	3188	0	0	3190
20318	3089	1	1	2	0	3093
20319	3310	0	0	0	0	3310
20320	0	3254	0	1	0	3255
20321	3260	1	0	0	0	3261
20322	1	0	0	3227	0	3228
20323	3224	0	0	2	0	3226
20324	1	0	0	3229	0	3230
20325	0	3429	3	2	0	3434
20326	1	3	3474	1	0	3479
20327	0	0	5	3812	0	3817
20328	0	1	1	3844	0	3846
20329	0	0	0	4003	0	4003
20330	4090	0	0	6	0	4096
20331	7	0	0	4092	0	4099
20332	4	1	4308	8	0	4321
20333	2	7	4313	1	0	4323
20334	4499	1	10	3	0	4513
20335	10	2	4537	1	0	4550
20336	4542	0	9	1	0	4552
20337	12	0	1	4865	0	4878
20338	6	2	3	4906	0	4917
20339	4	0	1	5121	0	5126
20340	2	1	0	5052	0	5055
20341	5011	0	1	32	0	5044
20342	25	2	4982	8	0	5017
20343	6	1	24	5012	0	5043
20344	3	5020	7	28	0	5058
20345	5095	28	1	5	0	5129
20346	28	6	2	5003	0	5039
20347	4951	1	0	35	0	4987
20348	32	4	4894	9	0	4939
20349	9	1	27	4813	0	4850
20350	3	4876	8	29	0	4916
20351	4957	27	3	8	0	4995
20352	29	6	4900	13	0	4948
20353	10	2	28	4858	0	4898
20354	6	3	8	4927	0	4944
20355	4891	0	5	40	0	4936
20356	38	2	4857	15	0	4912
20357	8	3	4860	7	0	4878
20358	4	0	38	4897	0	4939
20359	6	3	4928	40	0	4977
20360	9	2	5008	10	0	5029
20361	8	1	46	4995	0	5050
20362	7	1	16	5063	0	5087
20363	4	7	9	5302	0	5322
20364	5306	1	3	52	0	5362
20365	36	5368	10	15	0	5429
20366	5441	34	4	13	0	5492
20367	40	7	7	5482	0	5536
20368	17	5473	5	47	0	5542
20369	4	42	8	5684	0	5738
20370	5933	10	4	44	0	5991
20371	53	6205	3	27	0	6288
20372	18	61	6	6457	0	6542
20373	16	17	6405	77	0	6515
20374	6376	11	70	27	0	6484
20375	72	10	15	6393	0	6490
20376	22	6	13	6443	0	6484
20377	19	6	6299	88	0	6412
20378	13	7	6249	40	0	6309
20379	6158	4	76	28	0	6266
20380	77	6081	31	26	0	6215
20381	19	69	24	6146	0	6258
20382	6160	14	19	85	0	6278
20383	83	11	6082	32	0	6208
20384	22	5983	81	25	0	6111
20385	20	69	23	6049	0	6161
20386	6015	22	18	88	0	6143
20387	5922	14	16	34	0	5986
20388	5935	13	10	34	0	5992
20389	94	5831	9	34	0	5968
20390	34	75	5846	23	0	5978
20391	28	17	80	5898	0	6023
20392	23	17	21	5830	0	5891
20393	19	18	15	5968	0	6020
20394	13	6	19	5923	0	5961
20395	5815	7	16	114	0	5952
20396	5668	7	16	46	0	5737
20397	96	10	5499	39	0	5644
20398	31	10	5450	26	0	5517
20399	5360	8	85	22	0	5475
20400	5399	8	27	23	0	5457
20401	98	10	23	5276	0	5407
20402	34	5252	24	92	0	5402
20403	5261	71	21	31	0	5384
20404	91	5197	12	38	0	5338
20405	34	5252	11	29	0	5326
20406	31	93	23	5282	0	5429
20407	24	29	14	5355	0	5422
20408	23	24	15	5349	0	5411
20409	24	13	10	5344	0	5391
20410	16	18	5145	115	0	5294
20411	5130	11	72	55	0	5268
20412	5255	8	23	39	0	5325
20413	103	10	19	5085	0	5217
20414	37	19	17	5097	0	5170
20415	5056	12	22	103	0	5193
20416	103	14	4889	43	0	5049
20417	5028	12	72	40	0	5152
20418	5102	10	25	38	0	5175
20419	114	10	4880	35	0	5039
20420	5096	12	76	28	0	5212
20421	107	12	29	5130	0	5278
20422	42	10	26	5176	0	5254
20423	30	20	23	5186	0	5259
20424	38	7	15	5138	0	5198
20425	4785	9	13	117	0	4924
20426	80	13	14	4705	0	4812
20427	22	10	13	4347	0	4392
20428	30	4100	13	110	0	4253
20429	26	4179	12	43	0	4260
20430	28	77	3	4124	0	4232
20431	4086	19	8	92	0	4205
20432	77	23	8	3842	0	3950
20433	38	11	3631	81	0	3761
20434	28	10	3503	37	0	3578
20435	3450	8	73	31	0	3562
20436	81	3457	27	36	0	3601
20437	3245	56	37	23	0	3361
20438	83	16	3248	19	0	3366
20439	37	69	56	3066	0	3228
20440	3056	10	26	66	0	3158
20441	61	3029	19	29	0	3138
20442	3019	48	16	34	0	3117
20443	76	11	3181	26	0	3294
20444	26	12	44	3183	0	3265
20445	19	12	14	3298	0	3343
20446	3354	9	18	63	0	3444
20447	3374	12	19	26	0	3431
20448	3501	9	10	25	0	3545
20449	3522	7	3	23	0	3555
20450	3511	11	5	22	0	3549
20451	70	3441	13	32	0	3556
20452	31	43	11	3553	0	3638
20453	3624	15	14	55	0	3708
20454	65	17	6	3616	0	3704
20455	31	8	6	3639	0	3684
20456	35	4	6	3637	0	3682
20457	25	3495	9	69	0	3598
20458	3564	45	6	31	0	3646
20459	50	15	15	3535	0	3615
20460	3394	10	15	62	0	3481
20461	3350	4	7	29	0	3390
20462	55	3293	10	32	0	3390
20463	3255	43	4	26	0	3328
20464	65	6	3156	19	0	3246
20465	3057	14	44	9	0	3124
20466	65	24	33	3014	0	3136
20467	23	8	3143	45	0	3219
20468	29	3089	38	21	0	3177
20469	28	36	3062	20	0	3146
20470	8	2729	19	12	0	2768
20471	2425	42	51	23	0	2541
20472	2370	8	8	6	0	2392
20473	2343	0	2	6	0	2351
20474	5	2312	1	7	0	2325
20475	2371	8	1	2	0	2382
20476	11	3	2361	2	0	2377
20477	3	1	2404	2	0	2410
20478	4	10	5	2347	0	2366
20479	3	2	0	2522	0	2527
20480	2	2484	2	5	0	2493
20481	2607	6	1	0	0	2614
20482	8	0	3	2626	0	2637
20483	3	2625	9	6	0	2643
20484	3	4	0	2783	0	2790
20485	2809	3	0	8	0	2820
20486	2766	1	0	4	0	2771
20487	8	0	2695	2	0	2705
20488	3	2	3	2712	0	2720
20489	1	6	2742	5	0	2754
20490	2	0	4	2785	0	2791
20491	3	1	2817	7	0	2828
20492	2	4	3	2803	0	2812
20493	0	1	2849	9	0	2859
20494	2	3	3	2847	0	2855
20495	3	2	2934	8	0	2947
20496	0	2	6	2922	0	2930
20497	3	1	4	2995	0	3003
20498	0	3069	3	10	0	3082
20499	1	7	3	3249	0	3260
20500	1	5	3201	8	0	3215
20501	4	0	7	3198	0	3209
20502	3	1	5	3239	0	3248
20503	3251	0	1	12	0	3264
20504	4	2	2	3284	0	3292
20505	1	1	2	3281	0	3285
20506	2	2	3211	12	0	3227
20507	3166	2	8	8	0	3184
20508	5	1	4	3301	0	3311
20509	3	0	2	3313	0	3318
20510	1	1	3	3347	0	3352
20511	3358	1	1	16	0	3376
20512	9	1	2	3405	0	3417
20513	6	1	0	3416	0	3423
20514	3411	1	0	19	0	3431
20515	11	3365	4	6	0	3386
20516	9	9	1	3407	0	3426
20517	4	2	3	3436	0	3445
20518	2	3	3370	17	0	3392
20519	2820	5	15	24	0	2864
20520	10	0	5	3331	0	3346
20521	4	3	3264	16	0	3287
20522	3291	0	13	8	0	3312
20523	12	1	4	3406	0	3423
20524	6	2	3	3485	0	3496
20525	2	1	1	3542	0	3546
20526	2	0	1	3626	0	3629
20527	3	2	3818	22	0	3845
20528	5	2	16	3851	0	3874
20529	0	1	5	4715	0	4721
20530	3	4	5217	67	0	5291
20531	5465	0	93	26	0	5584
20532	5695	1	27	15	0	5738
20533	5733	1	11	18	0	5763
20534	142	3	17	5640	0	5802
20535	5689	0	4	112	0	5805
20536	5787	1	9	38	0	5835
20537	163	2	4	5710	0	5879
20538	5713	0	3	128	0	5844
20539	5726	1	5	45	0	5777
20540	5757	0	4	26	0	5787
20541	5776	0	3	28	0	5807
20542	170	2	3	5570	0	5745
20543	70	5296	3	126	0	5495
20544	41	5396	9	40	0	5486
20545	41	5463	1	26	0	5531
20546	5288	145	5	29	0	5467
20547	5443	57	3	13	0	5516
20548	152	34	5201	19	0	5406
20549	5330	24	103	9	0	5466
20550	148	9	35	5403	0	5595
20551	67	4	10	5384	0	5465
20552	36	6	16	5454	0	5512
20553	5284	7	5	158	0	5454
20554	118	5	6	5314	0	5443
20555	56	5155	3	148	0	5362
20556	25	110	3	5324	0	5462
20557	36	42	5317	130	0	5525
20558	19	12	105	5416	0	5552
20559	5406	23	36	134	0	5599
20560	130	7	5287	66	0	5490
20561	50	10	126	5362	0	5548
20562	23	6	40	5352	0	5421
20563	37	6	12	5452	0	5507
20564	17	5333	28	163	0	5541
20565	23	109	8	5512	0	5652
20566	5420	33	9	153	0	5615
20567	5330	17	8	78	0	5433
20568	159	21	5139	37	0	5356
20569	63	11	5195	34	0	5303
20570	45	5	140	5154	0	5344
20571	39	4	47	5304	0	5394
20572	22	10	5182	163	0	5377
20573	25	8	123	4974	0	5130
20574	13	5098	47	142	0	5300
20575	5302	116	14	82	0	5514
20576	5308	41	26	34	0	5409
20577	5287	11	14	35	0	5347
20578	167	30	5104	17	0	5318
20579	79	6	109	5147	0	5341
20580	49	8	5085	132	0	5274
20581	5036	4	125	51	0	5216
20582	132	4994	61	30	0	5217
20583	55	117	22	5000	0	5194
20584	4969	38	30	139	0	5176
20585	150	14	8	4954	0	5126
20586	63	21	20	5102	0	5206
20587	39	7	4887	184	0	5117
20588	4818	14	130	65	0	5027
20589	145	4885	48	53	0	5131
20590	63	117	20	4972	0	5172
20591	4915	42	23	143	0	5123
20592	158	12	16	4944	0	5130
20593	4886	27	10	156	0	5079
20594	152	4892	5	77	0	5126
20595	5005	121	10	37	0	5173
20596	156	40	4918	42	0	5156
20597	5010	15	118	30	0	5173
20598	4900	25	42	25	0	4992
20599	4939	13	19	21	0	4992
20600	189	13	20	4736	0	4958
20601	94	22	13	4793	0	4922
20602	53	14	13	4825	0	4905
20603	60	4651	8	165	0	4884
20604	4693	122	8	85	0	4908
20605	155	38	11	4692	0	4896
20606	59	16	10	4763	0	4848
20607	39	23	11	4791	0	4864
20608	4624	15	13	182	0	4834
20609	153	12	1	4701	0	4867
20610	63	10	4522	177	0	4772
20611	37	4541	112	91	0	4781
20612	42	117	35	4613	0	4807
20613	17	45	17	4728	0	4807
20614	28	19	21	4824	0	4892
20615	24	33	4579	188	0	4824
20616	26	9	4607	92	0	4734
20617	29	13	147	4669	0	4858
20618	25	8	4802	172	0	5007
20619	15	4	144	4925	0	5088
20620	4909	9	60	165	0	5143
20621	5124	8	18	97	0	5247
20622	5128	12	28	46	0	5214
20623	177	13	4894	55	0	5139
20624	4858	6	126	38	0	5028
20625	166	22	48	4962	0	5198
20626	76	4	4834	147	0	5061
20627	33	7	4765	54	0	4859
20628	29	4659	152	43	0	4883
20629	15	3900	41	35	0	3991
20630	3239	63	100	12	0	3414
20631	49	10	13	3092	0	3164
20632	8	4	3153	29	0	3194
20633	1	1	27	3192	0	3221
20634	3228	3	7	27	0	3265
20635	29	3	3470	13	0	3515
20636	3517	1	33	7	0	3558
20637	3675	1	10	9	0	3695
20638	3639	1	8	5	0	3653
20639	43	3565	6	9	0	3623
20640	3730	30	4	4	0	3768
20641	40	9	4	3752	0	3805
20642	18	4	4	3752	0	3778
20643	6	3	5	3778	0	3792
20644	11	1	3	3765	0	3780
20645	3682	3	3	46	0	3734
20646	37	3614	4	19	0	3674
20647	12	3556	3	8	0	3579
20648	10	3665	2	5	0	3682
20649	3682	34	6	5	0	3727
20650	3692	10	2	8	0	3712
20651	3682	5	1	8	0	3696
20652	3675	0	2	10	0	3687
20653	43	2	3	3669	0	3717
20654	11	3	2	3643	0	3659
20655	3638	3	2	41	0	3684
20656	38	3570	2	17	0	3627
20657	3534	31	2	7	0	3574
20658	3595	11	4	3	0	3613
20659	40	5	3	3569	0	3617
20660	17	3568	1	48	0	3634
20661	11	30	2	3657	0	3700
20662	3619	7	1	40	0	3667
20663	42	6	3629	13	0	3690
20664	11	14	31	3539	0	3595
20665	9	3591	8	37	0	3645
20666	3666	30	7	10	0	3713
20667	3597	9	2	10	0	3618
20668	45	8	3651	7	0	3711
20669	15	3544	35	10	0	3604
20670	11	31	3675	4	0	3721
20671	7	17	31	3586	0	3641
20672	9	8	3591	32	0	3640
20673	8	8	3545	10	0	3571
20674	11	3514	34	12	0	3571
20675	3550	26	9	10	0	3595
20676	3617	8	4	6	0	3635
20677	39	3671	9	6	0	3725
20678	14	3682	7	8	0	3711
20679	13	39	3554	5	0	3611
20680	7	18	3566	7	0	3598
20681	9	9	3640	9	0	3667
20682	4	10	41	3641	0	3696
20683	7	1	3700	35	0	3743
20684	10	3	31	3590	0	3634
20685	7	5	8	3662	0	3682
20686	12	8	3685	35	0	3740
20687	9	3618	33	18	0	3678
20688	9	32	4	3717	0	3762
20689	3702	10	10	31	0	3753
20690	34	10	3	3683	0	3730
20691	11	4	3713	38	0	3766
20692	13	3647	33	19	0	3712
20693	8	3868	7	11	0	3894
20694	9	39	11	3828	0	3887
20695	3792	16	2	37	0	3847
20696	3782	13	6	11	0	3812
20697	43	7	4	3713	0	3767
20698	18	3821	3	40	0	3882
20699	15	34	5	3884	0	3938
20700	13	8	3	3967	0	3991
20701	14	11	3	3971	0	3999
20702	4096	6	5	44	0	4151
20703	39	4076	6	22	0	4143
20704	4189	50	3	10	0	4252
20705	4242	9	6	8	0	4265
20706	4226	11	3	8	0	4248
20707	4328	5	4	13	0	4350
20708	60	4	3	4268	0	4335
20709	22	4	4208	51	0	4285
20710	11	4188	45	17	0	4261
20711	4315	53	8	14	0	4390
20712	4355	16	4	10	0	4385
20713	4434	9	5	4	0	4452
20714	68	6	4286	3	0	4363
20715	4248	3	47	3	0	4301
20716	4345	7	10	5	0	4367
20717	56	4	9	4303	0	4372
20718	22	6	4083	50	0	4161
20719	13	3986	44	16	0	4059
20720	8	41	16	4038	0	4103
20721	4010	17	13	42	0	4082
20722	47	12	3	3989	0	4051
20723	18	2	3	4228	0	4251
20724	4456	2	5	51	0	4514
20725	52	6	4322	22	0	4402
20726	4350	2	48	10	0	4410
20727	4311	4	15	7	0	4337
20728	4243	2	11	11	0	4267
20729	4243	6	4	12	0	4265
20730	65	4	4082	7	0	4158
20731	30	6	39	4091	0	4166
20732	18	6	4119	49	0	4192
20733	4	6	51	4085	0	4146
20734	8	4	4051	54	0	4117
20735	3732	4	41	17	0	3794
20736	49	3695	13	13	0	3770
20737	19	3766	6	2	0	3793
20738	18	52	4	3992	0	4066
20739	11	15	6	4070	0	4102
20740	14	4182	4	63	0	4263
20741	4248	47	5	17	0	4317
20742	4439	10	5	17	0	4471
20743	4575	7	6	4	0	4592
20744	4730	2	5	6	0	4743
20745	88	1	5	4688	0	4782
20746	28	3	3	4763	0	4797
20747	4731	3	6	85	0	4825
20748	73	5	4	4666	0	4748
20749	26	8	4548	73	0	4655
20750	21	6	4531	24	0	4582
20751	16	2	78	4636	0	4732
20752	17	4	4594	71	0	4686
20753	4588	2	69	25	0	4684
20754	76	9	24	4596	0	4705
20755	4620	2	8	82	0	4712
20756	79	5	4566	28	0	4678
20757	27	7	74	4614	0	4722
20758	14	4	4551	79	0	4648
20759	11	4543	76	27	0	4657
20760	4508	68	30	17	0	4623
20761	4545	18	11	14	0	4588
20762	84	4489	11	14	0	4598
20763	4456	64	5	15	0	4540
20764	88	19	7	4414	0	4528
20765	35	10	7	4477	0	4529
20766	4393	8	5	87	0	4493
20767	82	4277	6	41	0	4406
20768	26	4335	14	24	0	4399
20769	23	82	7	4332	0	4444
20770	4242	22	10	73	0	4347
20771	4296	15	7	28	0	4346
20772	4311	11	11	10	0	4343
20773	106	8	4157	13	0	4284
20774	37	7	4129	21	0	4194
20775	27	4115	84	13	0	4239
20776	4114	69	22	19	0	4224
20777	79	26	8	4018	0	4131
20778	4023	13	13	72	0	4121
20779	4054	13	10	29	0	4106
20780	108	6	8	3989	0	4111
20781	45	7	3950	76	0	4078
20782	3970	7	65	32	0	4074
20783	84	4	30	3972	0	4090
20784	38	8	3941	79	0	4066
20785	3918	8	69	32	0	4027
20786	3962	2	29	21	0	4014
20787	94	9	16	3901	0	4020
20788	41	9	3866	72	0	3988
20789	25	7	64	3837	0	3933
20790	27	3893	27	73	0	4020
20791	28	69	3841	35	0	3973
20792	29	3864	67	23	0	3983
20793	3793	62	32	21	0	3908
20794	3838	24	18	18	0	3898
20795	3830	9	16	12	0	3867
20796	3817	10	13	15	0	3855
20797	98	6	14	3703	0	3821
20798	3619	11	13	67	0	3710
20799	79	11	12	3588	0	3690
20800	3488	9	14	75	0	3586
20801	75	3473	17	44	0	3609
20802	40	60	8	3282	0	3390
20803	23	3280	15	62	0	3380
20804	3298	57	12	28	0	3395
20805	3260	24	13	16	0	3313
20806	92	3177	5	23	0	3297
20807	34	53	10	3151	0	3248
20808	33	18	3090	59	0	3200
20809	31	9	50	3102	0	3192
20810	31	11	3035	57	0	3134
20811	18	16	61	2888	0	2983
20812	23	2983	22	64	0	3092
20813	2945	51	8	29	0	3033
20814	2993	19	7	15	0	3034
20815	82	11	8	2938	0	3039
20816	3059	10	11	57	0	3137
20817	63	10	13	3043	0	3129
20818	33	11	13	3058	0	3115
20819	25	4	8	3094	0	3131
20820	3082	7	14	74	0	3177
20821	3060	11	6	36	0	3113
20822	3038	7	9	13	0	3067
20823	74	2764	6	23	0	2867
20824	2527	40	11	11	0	2589
20825	62	2485	4	9	0	2560
20826	2543	41	5	13	0	2602
20827	51	15	5	2486	0	2557
20828	29	8	10	2536	0	2583
20829	2485	8	3	60	0	2556
20830	2494	9	4	20	0	2527
20831	59	2436	5	17	0	2517
20832	2386	41	4	12	0	2443
20833	50	18	1	2316	0	2385
20834	26	3	7	2340	0	2376
20835	2298	12	2	55	0	2367
20836	55	4	2250	16	0	2325
20837	25	2145	33	11	0	2214
20838	14	38	10	1928	0	1990
20839	10	8	1771	27	0	1816
20840	14	49	19	1630	0	1712
20841	1650	4	8	25	0	1687
20842	28	1458	3	18	0	1507
20843	8	1318	2	10	0	1338
20844	4	1206	1	6	0	1217
20845	18	22	10	1152	0	1202
20846	1161	2	16	10	0	1189
20847	7	5	0	1157	0	1169
20848	1165	0	1	8	0	1174
20849	1159	1	0	6	0	1166
20850	13	0	0	1169	0	1182
20851	1176	0	0	8	0	1184
20852	8	0	0	1180	0	1188
20853	5	2	1181	7	0	1195
20854	1177	0	7	5	0	1189
20855	6	2	1297	0	0	1305
20856	1238	1	5	1	0	1245
20857	7	4	1255	2	0	1268
20858	3	2	3	1211	0	1219
20859	3	1	3	1243	0	1250
20860	1271	0	2	8	0	1281
20861	4	2	1	1308	0	1315
20862	1324	0	1	4	0	1329
20863	5	1292	1	3	0	1301
20864	1381	5	0	0	0	1386
20865	4	3	0	1398	0	1405
20866	2	0	0	1405	0	1407
20867	1	0	0	1417	0	1418
20868	1	0	0	1417	0	1418
20869	0	0	1389	8	0	1397
20870	3	1	1385	3	0	1392
20871	1	0	6	1416	0	1423
20872	1	1	1431	6	0	1439
20873	1	1398	6	3	0	1408
20874	1	4	2	1437	0	1444
20875	2	4	1516	5	0	1527
20876	2	1	1494	4	0	1501
20877	2	2	10	1562	0	1576
20878	6	0	2	1563	0	1571
20879	1	1565	2	9	0	1577
20880	1	8	1	1621	0	1631
20881	1	4	1621	9	0	1635
20882	1610	1	10	5	0	1626
20883	15	0	4	1675	0	1694
20884	1697	1	0	15	0	1713
20885	1698	2	0	6	0	1706
20886	1726	0	0	6	0	1732
20887	18	0	1733	4	0	1755
20888	6	3	1690	3	0	1702
20889	1614	0	18	4	0	1636
20890	13	1	1695	7	0	1716
20891	3	1	14	1637	0	1655
20892	1	0	7	1677	0	1685
20893	1	2	1656	18	0	1677
20894	2	1672	16	5	0	1695
20895	1696	15	8	4	0	1723
20896	10	1707	2	8	0	1727
20897	3	1744	1	4	0	1752
20898	1751	14	5	3	0	1773
20899	14	9	1812	2	0	1837
20900	5	3	1817	5	0	1830
20901	2	4	18	1772	0	1796
20902	1801	1	6	15	0	1823
20903	15	1801	4	7	0	1827
20904	1861	14	1	3	0	1879
20905	19	5	1858	2	0	1884
20906	6	1990	19	6	0	2021
20907	8	15	4	2054	0	2081
20908	5	6	2060	16	0	2087
20909	4	1	19	2060	0	2084
20910	0	1	10	2036	0	2047
20911	6	1	3	2082	0	2092
20912	2	2	2	2078	0	2084
20913	2052	0	5	26	0	2083
20914	2047	2	2	10	0	2061
20915	24	2	2066	4	0	2096
20916	1970	3	19	4	0	1996
20917	20	1927	9	8	0	1964
20918	1964	19	3	2	0	1988
20919	20	6	1970	6	0	2002
20920	8	3	19	1925	0	1955
20921	5	4	1942	18	0	1969
20922	5	2	1955	4	0	1966
20923	1	3	24	1925	0	1953
20924	3	2	7	1970	0	1982
20925	3	1	1901	23	0	1928
20926	2	1855	19	11	0	1887
20927	3	1891	9	7	0	1910
20928	4	19	4	1908	0	1935
20929	1869	6	1	18	0	1894
20930	17	1925	7	7	0	1956
20931	7	16	1961	4	0	1988
20932	5	6	1937	4	0	1952
20933	0	1	1961	3	0	1965
20934	4	1	21	1929	0	1955
20935	1968	1	7	19	0	1995
20936	19	1914	4	5	0	1942
20937	10	17	1902	3	0	1932
20938	4	1905	17	7	0	1933
20939	2	19	6	1945	0	1972
20940	6	6	1931	15	0	1958
20941	0	1929	16	7	0	1952
20942	4	16	7	1931	0	1958
20943	3	6	5	1976	0	1990
20944	5	4	2044	19	0	2072
20945	4	2	20	2033	0	2059
20946	1	2054	5	17	0	2077
20947	5	13	2061	6	0	2085
20948	2039	6	20	1	0	2066
20949	17	5	5	2093	0	2120
20950	4	1	5	2064	0	2074
20951	3	2079	5	16	0	2103
20952	2093	21	3	8	0	2125
20953	20	4	2036	2	0	2062
20954	2069	8	15	4	0	2096
20955	17	7	6	1986	0	2016
20956	5	1990	3	16	0	2014
20957	5	17	2	2023	0	2047
20958	3	4	3	2057	0	2067
20959	2043	2	2	20	0	2067
20960	2059	3	2	8	0	2072
20961	22	2	1	2035	0	2060
20962	4	0	2002	19	0	2025
20963	1936	1	17	8	0	1962
20964	19	1977	4	6	0	2006
20965	5	16	8	1983	0	2012
20966	3	6	2	2015	0	2026
20967	2	2	3	2026	0	2033
20968	6	0	1987	22	0	2015
20969	5	4	16	1952	0	1977
20970	3	1986	4	22	0	2015
20971	3	14	6	1956	0	1979
20972	4	1974	1	17	0	1996
20973	2	19	5	1980	0	2006
20974	1	6	1952	19	0	1978
20975	1801	4	17	10	0	1832
20976	15	4	7	1893	0	1919
20977	2	2	1899	20	0	1923
20978	1	1884	14	8	0	1907
20979	1908	15	4	5	0	1932
20980	16	4	1865	4	0	1889
20981	1851	6	15	1	0	1873
20982	15	2	5	1884	0	1906
20983	4	2	3	1890	0	1899
20984	4	1876	2	11	0	1893
20985	1902	9	5	2	0	1918
20986	1855	2	4	5	0	1866
20987	15	1938	3	7	0	1963
20988	3	11	4	1982	0	2000
20989	2	1	6	1989	0	1998
20990	1	3	1	1958	0	1963
20991	2	1	1930	19	0	1952
20992	1901	1	16	3	0	1921
20993	12	5	3	1938	0	1958
20994	3	2	1	1939	0	1945
20995	5	1	1909	17	0	1932
20996	3	1	1882	5	0	1891
20997	1	5	15	1932	0	1953
20998	2	3	1985	13	0	2003
20999	1909	4	15	5	0	1933
21000	14	0	4	1936	0	1954
21001	4	0	2	1989	0	1995
21002	3	0	2073	18	0	2094
21003	1	8	14	2114	0	2137
21004	3	1	2140	15	0	2159
21005	2	2107	17	5	0	2131
21006	1985	14	4	10	0	2013
21007	1983	1	2	3	0	1989
21008	12	1952	2	4	0	1970
21009	1	12	1	2018	0	2032
21010	0	2	2037	17	0	2056
21011	1	4	14	2062	0	2081
21012	2073	0	1	14	0	2088
21013	13	2059	1	2	0	2075
21014	2092	12	3	1	0	2108
21015	16	1	1	2073	0	2091
21016	2086	0	1	14	0	2101
21017	12	2072	0	8	0	2092
21018	2111	13	3	2	0	2129
21019	13	3	2052	2	0	2070
21020	3	2056	10	2	0	2071
21021	3	13	3	2074	0	2093
21022	2155	1	2	11	0	2169
21023	2164	1	1	1	0	2167
21024	13	2	0	2141	0	2156
21025	2175	1	1	12	0	2189
21026	2172	2	1	1	0	2176
21027	2222	0	0	3	0	2225
21028	15	1	1	2223	0	2240
21029	1	2	2250	13	0	2266
21030	1	3	2193	3	0	2200
21031	2	1	2200	3	0	2206
21032	2220	0	9	0	0	2229
21033	13	1	0	2231	0	2245
21034	2	2234	1	11	0	2248
21035	1	12	2	2261	0	2276
21036	3	2286	2	13	0	2304
21037	2347	11	3	2	0	2363
21038	14	0	0	2351	0	2365
21039	0	0	3	2439	0	2442
21040	2458	2	2	15	0	2477
21041	17	0	0	2467	0	2484
21042	2	2	0	2513	0	2517
21043	2543	1	1	13	0	2558
21044	15	0	2506	5	0	2526
21045	2	0	13	2487	0	2502
21046	2	1	2483	16	0	2502
21047	2449	1	19	2	0	2471
21048	19	0	1	2503	0	2523
21049	2506	0	1	19	0	2526
21050	17	2	2	2567	0	2588
21051	1	1	2608	23	0	2633
21052	1	1	22	2699	0	2723
21053	2722	0	1	25	0	2748
21054	21	2743	2	5	0	2771
21055	2	24	2744	3	0	2773
21056	2671	0	18	1	0	2690
21057	26	2749	4	9	0	2788
21058	3	2856	1	10	0	2870
21059	3	3101	2	2	0	3108
21060	5	26	1	3405	0	3437
21061	3446	3	5	38	0	3492
21062	3585	4	1	4	0	3594
21063	46	3	3491	6	0	3546
21064	3515	2	39	3	0	3559
21065	48	3473	6	4	0	3531
21066	10	37	4	3558	0	3609
21067	3679	1	2	41	0	3723
21068	3714	6	2	6	0	3728
21069	3734	5	1	5	0	3745
21070	3686	5	1	10	0	3702
21071	3753	3	6	4	0	3766
21072	55	2	3	3703	0	3763
21073	15	3	3688	47	0	3753
21074	19	4	41	3756	0	3820
21075	11	9	4	3823	0	3847
21076	3785	3	5	52	0	3845
21077	57	3637	4	10	0	3708
21078	3723	50	2	11	0	3786
21079	3788	3	4	11	0	3806
21080	3951	4	2	9	0	3966
21081	4031	3	3	8	0	4045
21082	64	3	3917	12	0	3996
21083	3948	3	42	7	0	4000
21084	4018	5	5	10	0	4038
21085	3893	5	11	13	0	3922
21086	4012	2	4	10	0	4028
21087	69	2	2	3864	0	3937
21088	31	8	3744	48	0	3831
21089	3811	3	47	5	0	3866
21090	68	3798	6	17	0	3889
21091	23	40	8	3833	0	3904
21092	23	3877	11	44	0	3955
21093	15	48	7	3968	0	4038
21094	4014	6	6	57	0	4083
21095	4038	7	4	13	0	4062
21096	4042	10	8	7	0	4067
21097	72	6	3860	8	0	3946
21098	3872	4	46	9	0	3931
21099	70	5	3807	5	0	3887
21100	23	9	3859	11	0	3902
21101	21	8	3897	8	0	3934
21102	29	17	52	3724	0	3822
21103	18	7	13	3770	0	3808
21104	23	2	15	3765	0	3805
21105	23	3	8	3740	0	3774
21106	22	4	6	3749	0	3781
21107	19	3	13	3729	0	3764
21108	18	3702	14	53	0	3787
21109	3723	44	9	20	0	3796
21110	46	3752	6	25	0	3829
21111	15	52	10	3775	0	3852
21112	22	10	7	3845	0	3884
21113	3796	9	8	53	0	3866
21114	63	3750	4	23	0	3840
21115	3814	43	4	22	0	3883
21116	57	9	13	3808	0	3887
21117	22	10	6	3831	0	3869
21118	20	11	10	3823	0	3864
21119	17	8	3788	60	0	3873
21120	15	11	48	3790	0	3864
21121	18	7	3730	65	0	3820
21122	20	10	3671	28	0	3729
21123	24	6	3886	24	0	3940
21124	25	6	48	3893	0	3972
21125	22	3	19	4014	0	4058
21126	18	8	17	4048	0	4091
21127	4038	9	13	66	0	4126
21128	56	9	9	4096	0	4170
21129	4117	7	16	69	0	4209
21130	72	4046	13	36	0	4167
21131	4307	54	12	31	0	4404
21132	4507	7	9	29	0	4552
21133	68	4615	12	23	0	4718
21134	4682	58	7	20	0	4767
21135	4697	15	10	22	0	4744
21136	4722	13	6	29	0	4770
21137	4709	10	10	23	0	4752
21138	89	10	4586	20	0	4705
21139	44	4503	60	15	0	4622
21140	38	62	14	4552	0	4666
21141	4557	11	21	59	0	4648
21142	74	13	4477	16	0	4580
21143	30	4391	53	25	0	4499
21144	36	52	13	4308	0	4409
21145	26	4406	16	60	0	4508
21146	26	60	11	4470	0	4567
21147	21	15	15	4526	0	4577
21148	26	15	4466	69	0	4576
21149	23	17	4411	29	0	4480
21150	4217	5	62	27	0	4311
21151	71	10	4377	14	0	4472
21152	18	17	4394	16	0	4445
21153	31	11	55	4299	0	4396
21154	23	9	18	4293	0	4343
21155	21	4289	20	61	0	4391
21156	20	4575	17	31	0	4643
21157	22	59	4537	25	0	4643
21158	9	73	70	4551	0	4703
21159	15	22	4405	57	0	4499
21160	6	5	4002	12	0	4025
21161	3	3927	50	11	0	3991
21162	20	40	18	3834	0	3912
21163	3830	11	9	37	0	3887
21164	35	13	6	3872	0	3926
21165	3907	2	5	48	0	3962
21166	3872	2	7	15	0	3896
21167	3885	2	7	11	0	3905
21168	50	2	3842	1	0	3895
21169	3840	5	35	6	0	3886
21170	44	4	13	3910	0	3971
21171	3903	1	11	42	0	3957
21172	3915	3	3	17	0	3938
21173	41	3818	5	12	0	3876
21174	3876	36	2	2	0	3916
21175	40	16	3898	5	0	3959
21176	3838	5	38	2	0	3883
21177	3887	3	11	8	0	3909
21178	47	3838	10	9	0	3904
21179	3921	33	5	2	0	3961
21180	44	13	2	3670	0	3729
21181	18	6	2	3689	0	3715
21182	16	3629	6	38	0	3689
21183	9	32	4	3705	0	3750
21184	13	8	3	3725	0	3749
21185	12	9	3654	41	0	3716
21186	14	4	3623	16	0	3657
21187	3536	5	44	13	0	3598
21188	3665	1	13	5	0	3684
21189	45	5	7	3698	0	3755
21190	22	4	3689	40	0	3755
21191	14	3641	34	16	0	3705
21192	3	41	13	3688	0	3745
21193	10	10	3713	36	0	3769
21194	3636	5	43	12	0	3696
21195	43	6	11	3823	0	3883
21196	15	3901	8	39	0	3963
21197	10	41	8	3961	0	4020
21198	6	13	6	4020	0	4045
21199	6	7	8	4069	0	4090
21200	3980	6	5	58	0	4049
21201	46	5	6	3960	0	4017
21202	4031	1	13	52	0	4097
21203	4051	5	3	18	0	4077
21204	58	3	3990	13	0	4064
21205	20	4021	45	10	0	4096
21206	12	45	13	3807	0	3877
21207	11	4216	9	36	0	4272
21208	4279	53	3	21	0	4356
21209	56	14	9	4262	0	4341
21210	23	10	4255	61	0	4349
21211	22	3	4284	22	0	4331
21212	4	7	4281	8	0	4300
21213	4208	8	68	3	0	4287
21214	55	4260	17	16	0	4348
21215	4267	56	7	6	0	4336
21216	63	4304	4	13	0	4384
21217	22	58	7	4327	0	4414
21218	10	20	9	4321	0	4360
21219	14	4355	14	64	0	4447
21220	15	54	4364	25	0	4458
21221	12	4392	57	13	0	4474
21222	4347	57	13	8	0	4425
21223	51	18	10	4198	0	4277
21224	23	11	4132	55	0	4221
21225	13	9	4138	21	0	4181
21226	9	8	58	4134	0	4209
21227	8	7	4069	49	0	4133
21228	6	7	3978	20	0	4011
21229	3814	6	52	12	0	3884
21230	43	3904	19	13	0	3979
21231	3757	40	12	3	0	3812
21232	44	17	3736	4	0	3801
21233	17	3544	40	11	0	3612
21234	10	3631	19	9	0	3669
21235	14	59	15	3598	0	3686
21236	5	19	8	3645	0	3677
21237	4	11	10	3734	0	3759
21238	9	5	3640	61	0	3715
21239	5	3	52	3721	0	3781
21240	7	6	16	3813	0	3842
21241	3788	7	9	61	0	3865
21242	48	3740	7	24	0	3819
21243	16	49	4	3914	0	3983
21244	3899	12	4	58	0	3973
21245	3864	10	9	18	0	3901
21246	65	5	7	3867	0	3944
21247	21	5	3846	56	0	3928
21248	13	6	43	3878	0	3940
21249	4	6	3887	58	0	3955
21250	3914	5	55	21	0	3995
21251	4142	4	17	16	0	4179
21252	69	9	12	4185	0	4275
21253	25	5	4176	68	0	4274
21254	10	4261	68	28	0	4367
21255	10	75	4335	14	0	4434
21256	18	40	74	3816	0	3948
21257	9	4046	20	56	0	4131
21258	3970	62	8	14	0	4054
21259	60	17	8	3828	0	3913
21260	13	3907	7	64	0	3991
21261	3973	61	4	16	0	4054
21262	67	15	8	3928	0	4018
21263	18	3935	5	65	0	4023
21264	8	62	2	3986	0	4058
21265	9	15	3908	70	0	4002
21266	3849	9	60	20	0	3938
21267	3920	10	20	9	0	3959
21268	74	7	3789	8	0	3878
21269	20	3812	54	12	0	3898
21270	3850	58	17	9	0	3934
21271	59	14	10	3822	0	3905
21272	14	10	9	3865	0	3898
21273	13	4	6	3882	0	3905
21274	10	1	7	3867	0	3885
21275	6	10	7	3809	0	3832
21276	3735	7	6	73	0	3821
21277	3803	7	5	27	0	3842
21278	75	9	9	3744	0	3837
21279	27	6	1	3831	0	3865
21280	10	5	3716	77	0	3808
21281	8	7	3705	23	0	3743
21282	3668	7	68	16	0	3759
21283	65	3	17	3698	0	3783
21284	17	7	3651	66	0	3741
21285	14	3	57	3681	0	3755
21286	3692	7	18	77	0	3794
21287	3798	6	10	21	0	3835
21288	77	4	10	3726	0	3817
21289	22	8	5	3762	0	3797
21290	3778	7	8	73	0	3866
21291	66	8	5	3728	0	3807
21292	18	3756	8	70	0	3852
21293	20	60	8	3679	0	3767
21294	11	24	5	3673	0	3713
21295	9	11	3553	79	0	3652
21296	7	4	3433	31	0	3475
21297	11	3450	62	20	0	3543
21298	3421	55	28	14	0	3518
21299	3379	13	9	12	0	3413
21300	3397	8	5	16	0	3426
21301	66	3291	7	19	0	3383
21302	14	3306	13	19	0	3352
21303	3243	57	9	11	0	3320
21304	48	3260	6	17	0	3331
21305	15	52	3202	15	0	3284
21306	9	3140	49	23	0	3221
21307	13	50	2999	10	0	3072
21308	2942	8	43	14	0	3007
21309	3009	8	7	12	0	3036
21310	55	2950	2	8	0	3015
21311	3018	42	5	15	0	3080
21312	3303	11	3	17	0	3334
21313	3333	10	6	10	0	3359
21314	75	5	9	3284	0	3373
21315	3332	3	10	61	0	3406
21316	71	9	3188	23	0	3291
21317	3205	3	64	18	0	3290
21318	70	6	17	3223	0	3316
21319	22	10	3162	54	0	3248
21320	28	4	3167	20	0	3219
21321	9	6	62	3188	0	3265
21322	12	6	29	3238	0	3285
21323	3239	6	13	75	0	3333
21324	57	8	5	3214	0	3284
21325	25	10	3147	75	0	3257
21326	25	4	53	3122	0	3204
21327	14	3253	16	72	0	3355
21328	3298	51	21	26	0	3396
21329	58	19	8	3311	0	3396
21330	21	15	3240	59	0	3335
21331	27	3226	59	20	0	3332
21332	3120	51	15	20	0	3206
21333	56	15	15	3154	0	3240
21334	20	16	3139	55	0	3230
21335	24	3098	50	23	0	3195
21336	3143	53	21	20	0	3237
21337	3082	17	17	10	0	3126
21338	3096	14	7	11	0	3128
21339	70	6	4	2957	0	3037
21340	33	4	7	2982	0	3026
21341	2940	5	2	66	0	3013
21342	55	2845	6	27	0	2933
21343	2834	44	5	18	0	2901
21344	64	11	4	2799	0	2878
21345	2903	14	4	48	0	2969
21346	66	3	7	2860	0	2936
21347	17	3	3	2886	0	2909
21348	22	3	7	2886	0	2918
21349	12	4	7	2912	0	2935
21350	13	2	2727	70	0	2812
21351	8	5	2574	28	0	2615
21352	2334	4	32	17	0	2387
21353	33	3	2511	8	0	2555
21354	9	4	2291	8	0	2312
21355	2216	0	25	6	0	2247
21356	2298	1	22	6	0	2327
21357	28	1	15	2532	0	2576
21358	2628	1	11	23	0	2663
21359	29	2681	6	17	0	2733
21360	2833	18	4	15	0	2870
21361	2808	7	6	4	0	2825
21362	3002	8	4	7	0	3021
21363	35	3	6	2976	0	3020
21364	25	2891	4	20	0	2940
21365	16	2951	2	16	0	2985
21366	3041	20	4	13	0	3078
21367	3060	17	4	6	0	3087
21368	31	10	2	2979	0	3022
21369	21	3	3	2995	0	3022
21370	18	2969	4	21	0	3012
21371	3037	18	2	20	0	3077
21372	23	10	3055	13	0	3101
21373	15	12	17	2999	0	3043
21374	23	3	7	3072	0	3105
21375	9	3	3130	31	0	3173
21376	5	2	15	3009	0	3031
21377	9	2894	7	32	0	2942
21378	6	16	10	3193	0	3225
21379	9	6	2	3135	0	3152
21380	4	2985	7	26	0	3022
21381	8	3148	2	21	0	3179
21382	2	23	5	3194	0	3224
21383	3284	18	2	21	0	3325
21384	20	12	1	3234	0	3267
21385	9	1	3	3287	0	3300
21386	11	3405	7	29	0	3452
21387	4	23	4	3588	0	3619
21388	5	13	2	3538	0	3558
21389	6	13	4	3557	0	3580
21390	3574	2	6	32	0	3614
21391	19	4	4	3536	0	3563
21392	11	2	2	3501	0	3516
21393	16	6	1	3519	0	3542
21394	7	2	3457	36	0	3502
21395	3190	4	20	24	0	3238
21396	22	3393	6	18	0	3439
21397	3534	18	10	7	0	3569
21398	31	8	2	3498	0	3539
21399	10	13	3486	20	0	3529
21400	3278	4	16	15	0	3313
21401	21	11	4542	14	0	4588
21402	11	7	24	4554	0	4596
21403	4977	3	5	18	0	5003
21404	4898	3	14	11	0	4926
21405	5083	2	2	19	0	5106
21406	32	6	1	5151	0	5190
21407	22	2	4	5202	0	5230
21408	14	7	3	5258	0	5282
21409	3	5080	5	39	0	5127
21410	2	5120	4	28	0	5154
21411	3	5071	6	15	0	5095
21412	2	5091	2	5	0	5100
21413	7	5	5	5300	0	5317
21414	0	0	3	5255	0	5258
21415	5348	1	0	12	0	5361
21416	5186	0	1	2	0	5189
21417	5362	0	1	2	0	5365
21418	4	2	0	5401	0	5407
21419	0	0	0	5477	0	5477
21420	5554	2	1	7	0	5564
21421	5343	1	4	1	0	5349
21422	3	4	5384	1	0	5392
21423	2	10	5169	3	0	5184
21424	3	5	5344	2	0	5354
21425	1	1	5659	2	0	5663
21426	0	1	5	5489	0	5495
21427	5674	1	0	5	0	5680
21428	6	5395	8	9	0	5418
21429	0	4	0	5753	0	5757
21430	5	12	5713	8	0	5738
21431	1	5757	7	12	0	5777
21432	2	6	0	6140	0	6148
21433	0	5	6128	6	0	6139
21434	0	0	4	5942	0	5946
21435	1	2	2	6161	0	6166
21436	6334	0	0	7	0	6341
21437	4	2	0	6319	0	6325
21438	2	1	6410	5	0	6418
21439	0	1	5	6300	0	6306
21440	2	6655	3	12	0	6672
21441	1	5	0	7135	0	7141
21442	2	0	1	7147	0	7150
21443	0	0	0	7083	0	7083
21444	7274	0	1	5	0	7280
21445	7194	0	1	2	0	7197
21446	7295	0	2	3	0	7300
21447	7320	0	0	4	0	7324
21448	6	1	7295	1	0	7303
21449	7053	0	6	1	0	7060
21450	7363	0	1	0	0	7364
21451	3	3	7229	2	0	7237
21452	1	3	7534	4	0	7542
21453	1	0	4	7604	0	7609
21454	0	7565	6	11	0	7582
21455	8019	4	8	0	0	8031
21456	8131	0	1	1	0	8133
21457	8259	0	1	1	0	8261
21458	5	0	0	8134	0	8139
21459	2	8291	6	11	0	8310
21460	9132	4	0	0	0	9136
21461	9254	0	0	1	0	9255
21462	6	0	0	9130	0	9136
21463	1	4	9059	6	0	9070
21464	9044	2	7	0	0	9053
21465	5	1	2	9540	0	9548
21466	9793	1	0	4	0	9798
21467	3	1	0	9975	0	9979
21468	4	2	10044	5	0	10055
21469	10837	0	4	6	0	10847
21470	5	1	0	11159	0	11165
21471	4	0	0	11138	0	11142
21472	1	1	0	11248	0	11250
21473	0	3	0	11193	0	11196
21474	11447	0	0	5	0	11452
21475	4	0	0	11347	0	11351
21476	14	11011	3	11	0	11039
21477	0	4	3	11531	0	11538
21478	7	11245	6	8	0	11266
21479	0	3	2	11733	0	11738
21480	1	0	1	11803	0	11805
21481	0	11473	4	10	0	11487
21482	2	4	0	11931	0	11937
21483	0	5	1	11749	0	11755
21484	11853	0	0	4	0	11857
21485	6	3	11893	2	0	11904
21486	0	2	3	11982	0	11987
21487	12203	1	0	8	0	12212
21488	11941	1	2	2	0	11946
21489	12062	0	1	0	0	12063
21490	9	4	12103	6	0	12122
21491	7	10	12169	0	0	12186
21492	4	9	7	12181	0	12201
21493	12855	1	4	11	0	12871
21494	8	9	12645	2	0	12664
21495	12188	2	7	5	0	12202
21496	7	12600	16	19	0	12642
21497	6	8	2	13972	0	13988
21498	2	8	1	14231	0	14242
21499	14665	1	3	13	0	14682
21500	10	7	0	14701	0	14718
21501	14142	1	1	11	0	14155
21502	14386	0	2	4	0	14392
21503	7	2	1	14289	0	14299
21504	8	4	0	14326	0	14338
21505	14510	0	2	14	0	14526
21506	24	6	15493	2	0	15525
21507	15440	1	12	10	0	15463
21508	17	6	16775	3	0	16801
21509	16919	0	16	9	0	16944
21510	18397	1	6	4	0	18408
21511	18330	0	9	4	0	18343
21512	17939	0	4	5	0	17948
21513	17	17732	9	13	0	17771
21514	18723	15	0	7	0	18745
21515	18896	4	5	4	0	18909
21516	27	19702	14	10	0	19753
21517	20551	25	3	9	0	20588
21518	40	15	20187	4	0	20246
21519	20614	2	26	4	0	20646
21520	98	28	21409	2	0	21537
21521	23	2	87	21395	0	21507
21522	8	3	15	22145	0	22171
21523	15	6	22741	128	0	22890
21524	7	8	111	22473	0	22599
21525	21	41	66	21830	0	21958
21526	24601	2	16	206	0	24825
21527	167	3	9	24695	0	24874
21528	41	0	5	24751	0	24797
21529	22	2	2	24990	0	25016
21530	16	23942	20	231	0	24209
21531	9	166	4	24777	0	24956
21532	24772	36	6	217	0	25031
21533	192	25	24821	58	0	25096
21534	47	14	182	25272	0	25515
21535	42	15	25342	223	0	25622
21536	24681	8	205	54	0	24948
21537	228	5	53	26752	0	27038
21538	81	17	33924	317	0	34339
21539	37	5	718	34284	0	35044
21540	30	11	329	34585	0	34955
21541	20	34245	290	1097	0	35652
21542	30	719	144	36190	0	37083
21543	29	314	44	38662	0	39049
21544	34	299	37218	1409	0	38960
21545	30	150	862	37848	0	38890
21546	28	43	358	39183	0	39612
21547	37617	22	291	1479	0	39409
21548	37547	16	177	778	0	38518
21549	1211	37091	91	571	0	38964
21550	38400	870	88	341	0	39699
21551	38609	391	90	237	0	39327
21552	1429	38847	81	247	0	40604
21553	744	1058	58	39308	0	41168
21554	39705	435	50	1090	0	41280
21555	39787	319	69	587	0	40762
21556	39541	224	80	470	0	40315
21557	1634	37929	114	389	0	40066
21558	986	934	38302	248	0	40470
21559	39303	426	921	237	0	40887
21560	40321	376	374	214	0	41285
21561	1518	39264	338	237	0	41357
21562	40450	1078	196	211	0	41935
21563	41256	475	114	183	0	42028
21564	1735	416	94	40023	0	42268
21565	959	297	39772	1234	0	42262
21566	735	131	1034	40862	0	42762
21567	532	118	439	41644	0	42733
21568	351	146	348	42203	0	43048
21569	325	167	39246	1882	0	41620
21570	302	115	1097	39874	0	41388
21571	317	119	450	41232	0	42118
21572	269	102	363	41528	0	42262
21573	281	133	242	41682	0	42338
21574	278	99	113	41821	0	42311
21575	279	39371	130	2327	0	42107
21576	232	1096	131	41419	0	42878
21577	189	449	163	42928	0	43729
21578	199	391	40155	2041	0	42786
21579	209	232	1119	43436	0	44996
21580	223	151	449	44570	0	45393
21581	233	111	406	45400	0	46150
21582	227	143	273	46205	0	46848
21583	43793	109	187	2702	0	46791
21584	1419	117	153	45175	0	46864
21585	684	123	118	45983	0	46908
21586	601	208	41935	2456	0	45200
21587	425	40831	1262	1514	0	44032
21588	242	43796	611	1183	0	45832
21589	42877	1664	515	863	0	45919
21590	1362	43382	393	735	0	45872
21591	652	1732	149	43437	0	45970
21592	43024	773	159	1937	0	45893
21593	1654	552	41771	1150	0	45127
21594	721	396	1326	42833	0	45276
21595	622	42319	613	2003	0	45557
21596	431	1432	467	42809	0	45139
21597	269	42384	324	2183	0	45160
21598	281	1749	200	43233	0	45463
21599	41969	825	165	2169	0	45128
21600	1621	616	41312	1211	0	44760
21601	808	449	1413	40976	0	43646
21602	651	41263	664	1938	0	44516
21603	41767	1519	511	1097	0	44894
21604	1703	726	40869	960	0	44258
21605	805	554	1481	41403	0	44243
21606	735	447	39492	1952	0	42626
21607	564	298	1773	39987	0	42622
21608	415	241	38254	2253	0	41163
21609	293	323	1855	38181	0	40652
21610	293	251	895	39092	0	40531
21611	36957	256	595	2567	0	40375
21612	38039	269	466	1402	0	40176
21613	2121	268	281	36914	0	39584
21614	1129	35947	255	2102	0	39433
21615	846	1487	224	36887	0	39444
21616	494	675	270	37004	0	38443
21617	34296	498	274	2712	0	37780
21618	1574	34296	293	1593	0	37756
21619	33686	1502	216	1247	0	36651
21620	33866	729	239	898	0	35732
21621	2012	32031	215	820	0	35078
21622	1076	33637	177	825	0	35715
21623	32300	1745	226	795	0	35066
21624	1799	887	30395	819	0	33900
21625	30577	633	1340	772	0	33322
21626	31219	478	586	707	0	32990
21627	2149	29631	514	677	0	32971
21628	1196	1407	359	27647	0	30609
21629	864	29901	278	1664	0	32707
21630	29825	1714	308	1042	0	32889
21631	30767	895	308	834	0	32804
21632	2004	677	265	28773	0	31719
21633	1204	588	199	30166	0	32157
21634	28358	423	168	2167	0	31116
21635	1746	27737	182	1395	0	31060
21636	949	27812	220	1123	0	30104
21637	847	27469	265	745	0	29326
21638	295	18155	148	383	0	18981
21639	242	18460	140	448	0	19290
21640	400	1167	271	17305	0	19143
21641	254	487	16055	975	0	17771
21642	282	16414	614	480	0	17790
21643	14452	722	218	302	0	15694
21644	730	294	182	14214	0	15420
21645	14148	263	145	700	0	15256
21646	714	14015	118	377	0	15224
21647	14143	614	166	290	0	15213
21648	741	13863	177	414	0	15195
21649	386	640	171	14204	0	15401
21650	14220	279	150	704	0	15353
21651	14644	203	145	386	0	15378
21652	764	210	141	14361	0	15476
21653	377	190	112	14633	0	15312
21654	333	13948	90	868	0	15239
21655	314	583	72	14305	0	15274
21656	278	268	58	14687	0	15291
21657	291	229	36	14474	0	15030
21658	245	13250	62	910	0	14467
21659	12212	550	40	444	0	13246
21660	539	12394	38	339	0	13310
21661	11915	588	40	232	0	12775
21662	628	11836	62	186	0	12712
21663	385	586	11110	165	0	12246
21664	304	328	405	11269	0	12306
21665	282	229	10644	483	0	11638
21666	214	208	10592	202	0	11216
21667	220	209	527	10314	0	11270
21668	231	157	10266	473	0	11127
21669	246	125	508	10106	0	10985
21670	234	130	210	10428	0	11002
21671	212	146	130	10621	0	11109
21672	10115	150	88	672	0	11025
21673	519	167	61	10176	0	10923
21674	294	155	43	10289	0	10781
21675	9419	107	28	651	0	10205
21676	543	9203	27	380	0	10153
21677	275	8579	20	304	0	9178
21678	235	8702	28	211	0	9176
21679	116	535	19	6337	0	7007
21680	83	132	6202	283	0	6700
21681	5211	143	188	109	0	5651
21682	205	5362	48	70	0	5685
21683	5114	175	36	50	0	5375
21684	5201	78	18	39	0	5336
21685	5234	57	17	29	0	5337
21686	222	51	5105	31	0	5409
21687	90	58	132	5211	0	5491
21688	77	46	47	5371	0	5541
21689	74	40	29	5448	0	5591
21690	66	31	26	5314	0	5437
21691	49	5190	16	231	0	5486
21692	5130	152	16	98	0	5396
21693	148	65	4757	67	0	5037
21694	4531	34	96	58	0	4719
21695	144	52	32	4473	0	4701
21696	69	4377	18	126	0	4590
21697	50	4554	8	65	0	4677
21698	48	251	27	4166	0	4492
21699	37	4186	14	109	0	4346
21700	3634	54	14	39	0	3741
21701	54	23	3517	16	0	3610
21702	13	9	28	3380	0	3430
21703	7	3	13	3492	0	3515
21704	3	7	6	3573	0	3589
21705	7	7	5	3548	0	3567
21706	3575	4	4	53	0	3636
21707	40	15	3	3727	0	3785
21708	4276	5	2	53	0	4336
21709	68	7	3	4450	0	4528
21710	25	5	4	4667	0	4701
21711	19	3862	3	957	0	4841
21712	4964	64	3	48	0	5079
21713	5023	20	7	33	0	5083
21714	99	4938	10	21	0	5068
21715	35	75	5	4702	0	4817
21716	28	4780	2	71	0	4881
21717	4292	90	513	21	0	4916
21718	82	23	4771	28	0	4904
21719	19	30	4675	14	0	4738
21720	4503	11	82	14	0	4610
21721	78	4566	35	6	0	4685
21722	20	77	30	4625	0	4752
21723	25	17	13	4708	0	4763
21724	11	25	4622	96	0	4754
21725	6	11	71	4621	0	4709
21726	6	10	14	4754	0	4784
21727	5	4590	26	94	0	4715
21728	9	68	9	4664	0	4750
21729	10	18	4	4672	0	4704
21730	4552	24	4	99	0	4679
21731	74	4432	3	49	0	4558
21732	16	4504	6	44	0	4570
21733	26	85	5	4531	0	4647
21734	16	33	1	4608	0	4658
21735	11	32	2	4578	0	4623
21736	3	4447	8	119	0	4577
21737	7	69	1	4582	0	4659
21738	6	22	1	4554	0	4583
21739	14	23	3	4576	0	4616
21740	6	12	3	4548	0	4569
21741	7	4336	11	125	0	4479
21742	8	4597	3	57	0	4665
21743	4601	92	1	39	0	4733
21744	4649	40	3	26	0	4718
21745	109	34	3	4638	0	4784
21746	46	18	4580	103	0	4747
21747	39	17	85	4624	0	4765
21748	21	11	17	4650	0	4699
21749	4469	17	25	121	0	4632
21750	97	4497	16	58	0	4668
21751	27	93	10	4540	0	4670
21752	31	65	8	4529	0	4633
21753	19	33	4384	123	0	4559
21754	13	19	4407	54	0	4493
21755	12	14	105	4393	0	4524
21756	12	10	46	4376	0	4444
21757	13	4291	37	114	0	4455
21758	11	4448	18	53	0	4530
21759	4402	101	16	60	0	4579
21760	88	40	7	4620	0	4755
21761	28	35	4476	114	0	4653
21762	28	4499	83	53	0	4663
21763	15	95	27	4620	0	4757
21764	4583	36	27	116	0	4762
21765	91	34	9	4670	0	4804
21766	4554	19	8	139	0	4720
21767	115	4568	6	56	0	4745
21768	4456	92	4	67	0	4619
21769	118	41	5	4543	0	4707
21770	41	42	4553	119	0	4755
21771	41	21	90	4599	0	4751
21772	21	4671	29	143	0	4864
21773	17	103	30	4713	0	4863
21774	13	4737	16	152	0	4918
21775	20	123	11	4930	0	5084
21776	24	40	4731	154	0	4949
21777	18	41	4696	72	0	4827
21778	13	28	4679	74	0	4794
21779	4613	22	134	49	0	4818
21780	110	4623	56	43	0	4832
21781	40	4777	44	39	0	4900
21782	4669	120	24	40	0	4853
21783	4699	60	19	35	0	4813
21784	136	51	15	4606	0	4808
21785	60	29	4579	132	0	4800
21786	54	22	4429	52	0	4557
21787	35	15	125	4418	0	4593
21788	4394	17	57	139	0	4607
21789	103	4343	40	67	0	4553
21790	32	111	24	4440	0	4607
21791	4388	36	24	138	0	4586
21792	4434	32	20	70	0	4556
21793	124	22	4343	70	0	4559
21794	4281	30	107	40	0	4458
21795	138	29	4354	49	0	4570
21796	55	21	4479	39	0	4594
21797	55	19	118	4321	0	4513
21798	22	19	62	4441	0	4544
21799	32	21	43	4486	0	4582
21800	24	25	4293	168	0	4510
21801	4375	18	110	81	0	4584
21802	114	18	32	4557	0	4721
21803	4435	20	32	137	0	4624
21804	4452	15	23	62	0	4552
21805	138	4405	17	52	0	4612
21806	63	4515	15	51	0	4644
21807	48	4383	18	39	0	4488
21808	37	118	21	3739	0	3915
21809	22	45	3622	83	0	3772
21810	13	103	75	3356	0	3547
21811	21	3394	27	88	0	3530
21812	7	3310	17	39	0	3373
21813	8	71	14	3245	0	3338
21814	3176	31	16	67	0	3290
21815	60	3141	11	34	0	3246
21816	20	3148	15	29	0	3212
21817	3198	68	16	11	0	3293
21818	65	28	6	3222	0	3321
21819	27	23	5	3262	0	3317
21820	24	20	5	3287	0	3336
21821	3182	14	8	95	0	3299
21822	3224	11	10	41	0	3286
21823	79	13	14	3204	0	3310
21824	28	14	3103	72	0	3217
21825	3103	14	65	29	0	3211
21826	65	17	23	3166	0	3271
21827	25	12	3093	79	0	3209
21828	23	15	3123	33	0	3194
21829	22	12	72	3170	0	3276
21830	17	13	3231	77	0	3338
21831	19	6	72	3444	0	3541
21832	12	13	31	3497	0	3553
21833	16	10	18	3605	0	3649
21834	3520	10	10	112	0	3652
21835	83	14	11	3551	0	3659
21836	31	12	8	3596	0	3647
21837	23	9	12	3612	0	3656
21838	21	9	16	3616	0	3662
21839	17	8	3321	120	0	3466
21840	17	3401	74	57	0	3549
21841	9	54	29	3306	0	3398
21842	14	26	14	3197	0	3251
21843	8	3103	14	87	0	3212
21844	8	3260	11	42	0	3321
21845	3214	67	14	32	0	3327
21846	58	3107	13	62	0	3240
21847	27	56	14	3148	0	3245
21848	22	29	3109	68	0	3228
21849	3080	14	50	49	0	3193
21850	65	6	2982	33	0	3086
21851	2984	10	64	24	0	3082
21852	3042	13	26	20	0	3101
21853	78	12	2987	20	0	3097
21854	37	13	52	2920	0	3022
21855	18	2966	22	80	0	3086
21856	10	54	17	3063	0	3144
21857	3072	25	8	77	0	3182
21858	3082	18	13	37	0	3150
21859	81	3007	10	29	0	3127
21860	2868	56	5	20	0	2949
21861	58	20	10	2818	0	2906
21862	2826	13	9	62	0	2910
21863	2873	18	6	31	0	2928
21864	68	9	9	2823	0	2909
21865	2800	3	7	66	0	2876
21866	2790	6	5	32	0	2833
21867	67	13	2730	23	0	2833
21868	2720	9	50	18	0	2797
21869	65	9	2679	19	0	2772
21870	28	8	2542	17	0	2595
21871	22	2595	69	15	0	2701
21872	14	50	22	2598	0	2684
21873	14	22	2609	53	0	2698
21874	17	17	2592	27	0	2653
21875	2677	10	54	21	0	2762
21876	53	9	22	2685	0	2769
21877	26	5	11	2802	0	2844
21878	14	10	15	2821	0	2860
21879	14	14	9	2829	0	2866
21880	18	5	6	2849	0	2878
21881	19	6	2748	72	0	2845
21882	18	12	2714	33	0	2777
21883	19	8	54	2758	0	2839
21884	2745	6	24	61	0	2836
21885	51	2684	13	35	0	2783
21886	33	37	11	2717	0	2798
21887	2708	17	11	61	0	2797
21888	59	2671	9	40	0	2779
21889	29	42	12	2733	0	2816
21890	14	19	16	2787	0	2836
21891	14	11	13	2773	0	2811
21892	2738	4	11	71	0	2824
21893	49	8	2643	39	0	2739
21894	2659	6	47	26	0	2738
21895	55	4	21	2702	0	2782
21896	27	6	9	2602	0	2644
21897	16	2572	17	64	0	2669
21898	14	43	2560	39	0	2656
21899	2567	19	44	30	0	2660
21900	2620	5	22	29	0	2676
21901	63	7	2498	17	0	2585
21902	2376	4	49	18	0	2447
21903	51	2468	23	19	0	2561
21904	23	2517	17	23	0	2580
21905	12	2539	9	15	0	2575
21906	2383	48	13	15	0	2459
21907	42	27	2352	14	0	2435
21908	21	17	28	2268	0	2334
21909	6	2201	17	39	0	2263
21910	9	2200	6	23	0	2238
21911	7	2167	10	6	0	2190
21912	13	53	7	2006	0	2079
21913	2099	17	3	31	0	2150
21914	25	2125	5	25	0	2180
21915	17	24	4	2163	0	2208
21916	6	12	7	2175	0	2200
21917	2148	5	7	34	0	2194
21918	26	6	3	2138	0	2173
21919	17	5	1	2193	0	2216
21920	5	5	2180	44	0	2234
21921	10	3	21	2187	0	2221
21922	6	6	16	2244	0	2272
21923	2244	1	6	38	0	2289
21924	2246	4	6	20	0	2276
21925	39	8	4	2274	0	2325
21926	2259	4	3	29	0	2295
21927	2253	7	2	21	0	2283
21928	38	2253	4	7	0	2302
21929	20	25	2250	6	0	2301
21930	9	2159	27	6	0	2201
21931	12	40	8	2009	0	2069
21932	1979	6	14	15	0	2014
21933	14	1939	1	7	0	1961
21934	4	13	0	1993	0	2010
21935	2002	4	1	14	0	2021
21936	1982	2	1	5	0	1990
21937	15	3	1	1978	0	1997
21938	5	4	2056	15	0	2080
21939	2	1	10	2096	0	2109
21940	2	2	5	2164	0	2173
21941	3	2	2139	18	0	2162
21942	5	0	12	2134	0	2151
21943	3	2	4	2176	0	2185
21944	2270	2	2	21	0	2295
21945	12	3	1	2287	0	2303
21946	6	2	0	2286	0	2294
21947	2278	2	1	17	0	2298
21948	2218	3	4	5	0	2230
21949	2249	2	1	9	0	2261
21950	16	3	2231	8	0	2258
21951	12	1	11	2214	0	2238
21952	3	2264	5	13	0	2285
21953	1	17	3	2349	0	2370
21954	8	8	2380	13	0	2409
21955	6	10	13	2315	0	2344
21956	1	1	2366	22	0	2390
21957	2285	3	14	9	0	2311
21958	2339	0	6	5	0	2350
21959	16	0	1	2461	0	2478
21960	7	0	5	2473	0	2485
21961	3	0	1	2466	0	2470
21962	3	2491	1	18	0	2513
21963	2595	10	2	11	0	2618
21964	2610	5	1	7	0	2623
21965	14	3	1	2605	0	2623
21966	11	2	2	2624	0	2639
21967	9	1	1	2629	0	2640
21968	5	1	3	2648	0	2657
21969	3	2	2605	19	0	2629
21970	5	2	10	2620	0	2637
21971	2565	5	5	20	0	2595
21972	2537	2	4	11	0	2554
21973	18	0	4	2468	0	2490
21974	6	3	2402	16	0	2427
21975	2322	0	11	11	0	2344
21976	13	9	5	2492	0	2519
21977	9	2438	4	27	0	2478
21978	5	2535	3	14	0	2557
21979	2661	20	2	8	0	2691
21980	17	5	4	2709	0	2735
21981	10	2	1	2772	0	2785
21982	9	0	1	2911	0	2921
21983	5	3	1	2927	0	2936
21984	2	2	3	3022	0	3029
21985	5	0	2948	45	0	2998
21986	2	3	2917	19	0	2941
21987	4	3	2941	12	0	2960
21988	5	1	39	2925	0	2970
21989	8	3	3013	40	0	3064
21990	10	0	34	2998	0	3042
21991	3	1	11	3043	0	3058
21992	4	1	8	3126	0	3139
21993	3137	2	6	46	0	3191
21994	36	10	2	3112	0	3160
21995	8	8	4	3215	0	3235
21996	3176	4	4	40	0	3224
21997	34	3160	12	13	0	3219
21998	8	3254	6	16	0	3284
21999	3284	42	5	13	0	3344
22000	34	3304	4	23	0	3365
22001	3378	38	2	15	0	3433
22002	3423	10	4	13	0	3450
22003	3404	7	6	9	0	3426
22004	3376	5	5	8	0	3394
22005	3389	4	4	12	0	3409
22006	53	3324	2	17	0	3396
22007	3359	39	3	14	0	3415
22008	3420	8	1	17	0	3446
22009	52	3429	2	15	0	3498
22010	3840	39	2	10	0	3891
22011	3895	12	1	14	0	3922
22012	4193	7	4	11	0	4215
22013	4392	2	4	11	0	4409
22014	104	6	4509	5	0	4624
22015	29	13	90	4750	0	4882
22016	23	4	21	4964	0	5012
22017	19	8	4804	130	0	4961
22018	23	12	4778	37	0	4850
22019	4768	6	128	18	0	4920
22020	127	5	31	4860	0	5023
22021	44	4	4868	117	0	5033
22022	26	7	4884	33	0	4950
22023	4829	6	137	19	0	4991
22024	4998	7	35	10	0	5050
22025	4976	6	15	14	0	5011
22026	144	7	4866	14	0	5031
22027	44	9	117	4866	0	5036
22028	31	6	4902	120	0	5059
22029	4861	0	124	42	0	5027
22030	140	7	4972	19	0	5138
22031	47	4	127	4916	0	5094
22032	33	5	45	4901	0	4984
22033	20	4956	29	134	0	5139
22034	5095	109	21	38	0	5263
22035	142	25	5052	21	0	5240
22036	5080	9	128	21	0	5238
22037	152	5	5170	19	0	5346
22038	53	8	133	4994	0	5188
22039	36	6	46	5112	0	5200
22040	36	2	32	5133	0	5203
22041	5000	11	27	150	0	5188
22042	147	5	23	4983	0	5158
22043	51	3	19	5060	0	5133
22044	25	4810	21	155	0	5011
22045	26	108	21	4916	0	5071
22046	4843	22	23	139	0	5027
22047	144	17	4780	42	0	4983
22048	58	7	118	4826	0	5009
22049	33	7	4770	146	0	4956
22050	22	4576	143	61	0	4802
22051	32	103	4768	48	0	4951
22052	4691	35	139	32	0	4897
22053	4830	11	52	37	0	4930
22054	160	2	32	4688	0	4882
22055	4689	11	32	147	0	4879
22056	4715	10	39	57	0	4821
22057	163	6	34	4659	0	4862
22058	73	10	28	4755	0	4866
22059	38	8	4507	171	0	4724
22060	42	4454	131	68	0	4695
22061	4526	119	53	30	0	4728
22062	137	4388	29	41	0	4595
22063	59	123	32	4414	0	4628
22064	49	32	33	4476	0	4590
22065	38	14	37	4504	0	4593
22066	35	9	25	4524	0	4593
22067	38	14	4290	180	0	4522
22068	4273	19	129	66	0	4487
22069	4432	13	47	49	0	4541
22070	171	10	34	4305	0	4520
22071	4297	19	24	147	0	4487
22072	144	16	25	4314	0	4499
22073	57	14	4210	158	0	4439
22074	40	17	122	4210	0	4389
22075	37	4135	36	167	0	4375
22076	35	105	25	4002	0	4167
22077	31	4018	12	151	0	4212
22078	21	109	17	3856	0	4003
22079	23	3917	19	146	0	4105
22080	3843	113	15	61	0	4032
22081	131	33	3737	51	0	3952
22082	52	3566	103	40	0	3761
22083	33	3679	39	45	0	3796
22084	27	128	34	3565	0	3754
22085	35	38	23	3636	0	3732
22086	24	20	25	3676	0	3745
22087	22	14	24	3642	0	3702
22088	25	3467	24	138	0	3654
22089	29	101	12	3501	0	3643
22090	31	27	22	3532	0	3612
22091	3410	27	12	137	0	3586
22092	112	18	14	3447	0	3591
22093	42	19	3322	143	0	3526
22094	27	21	3301	57	0	3406
22095	3210	13	115	48	0	3386
22096	103	3238	39	42	0	3422
22097	36	3292	19	31	0	3378
22098	17	111	19	3215	0	3362
22099	17	44	13	3276	0	3350
22100	22	20	3062	135	0	3239
22101	3003	21	87	65	0	3176
22102	3137	21	34	39	0	3231
22103	110	22	3140	43	0	3315
22104	44	10	3117	46	0	3217
22105	3114	7	92	41	0	3254
22106	3270	12	34	29	0	3345
22107	3258	11	10	36	0	3315
22108	3199	17	13	33	0	3262
22109	108	2990	14	38	0	3150
22110	2675	74	8	21	0	2778
22111	75	19	2537	25	0	2656
22112	18	13	2252	11	0	2294
22113	14	12	2208	17	0	2251
22114	29	196	87	1521	0	1833
22115	1530	0	36	13	0	1579
22116	1515	0	0	7	0	1522
22117	11	0	3	1508	0	1522
22118	5	3	4	1490	0	1502
22119	9	2	0	1517	0	1528
22120	3	1672	2	12	0	1689
22121	1778	10	3	3	0	1794
22122	1806	1	3	5	0	1815
22123	1801	3	2	6	0	1812
22124	1796	0	4	2	0	1802
22125	1796	5	2	2	0	1805
22126	11	1	1	1761	0	1774
22127	1	1723	3	11	0	1738
22128	2	7	2	1722	0	1733
22129	2	9	0	1666	0	1677
22130	1639	2	1	7	0	1649
22131	9	2	1606	1	0	1618
22132	5	7	1549	0	0	1561
22133	3	5	1591	2	0	1601
22134	1628	0	5	3	0	1636
22135	1672	1	15	3	0	1691
22136	3	2	1	1750	0	1756
22137	1	0	1	1715	0	1717
22138	2	0	0	1751	0	1753
22139	1	0	1761	5	0	1767
22140	2	1	4	1699	0	1706
22141	1	0	1900	4	0	1905
22142	1	1	4	1880	0	1886
22143	1	0	1	1913	0	1915
22144	1	2	0	1972	0	1975
22145	1982	0	0	7	0	1989
22146	1975	1	0	4	0	1980
22147	6	2	2010	0	0	2018
22148	2000	1	2	1	0	2004
22149	2036	0	3	0	0	2039
22150	5	0	0	2038	0	2043
22151	2071	1	1	4	0	2077
22152	3	0	0	2219	0	2222
22153	3	0	0	2243	0	2246
22154	2	2	2222	10	0	2236
22155	2129	0	7	6	0	2142
22156	6	1	3	2296	0	2306
22157	6	1	2356	5	0	2368
22158	1	1	2490	5	0	2497
22159	1	0	9	2440	0	2450
22160	1	0	4	2486	0	2491
22161	2559	0	1	10	0	2570
22162	6	0	1	2582	0	2589
22163	6	0	1	2578	0	2585
22164	1	0	0	2607	0	2608
22165	2	0	2	2754	0	2758
22166	2888	0	3	24	0	2915
22167	2876	0	1	12	0	2889
22168	2948	0	2	5	0	2955
22169	2971	0	2	3	0	2976
22170	30	0	3	3051	0	3084
22171	3094	0	1	33	0	3128
22172	30	0	0	3110	0	3140
22173	3138	0	1	33	0	3172
22174	35	0	1	3099	0	3135
22175	18	1	1	3095	0	3115
22176	5	3073	2	46	0	3126
22177	7	29	1	3143	0	3180
22178	3108	9	1	36	0	3154
22179	3011	1	2	21	0	3035
22180	48	2	3082	7	0	3139
22181	17	3082	32	6	0	3137
22182	3142	30	12	8	0	3192
22183	37	3198	5	11	0	3251
22184	3235	32	2	5	0	3274
22185	36	3350	4	7	0	3397
22186	21	31	3352	5	0	3409
22187	5	3382	33	6	0	3426
22188	5	3427	12	7	0	3451
22189	2	49	2	3508	0	3561
22190	3603	9	3	37	0	3652
22191	38	3	0	3596	0	3637
22192	12	2	6	3626	0	3646
22193	3560	5	3	51	0	3619
22194	3625	0	2	25	0	3652
22195	48	3	1	3633	0	3685
22196	23	3	2	3645	0	3673
22197	7	2	0	3681	0	3690
22198	3611	1	5	53	0	3670
22199	40	2	3572	23	0	3637
22200	18	3	34	3598	0	3653
22201	10	2	3715	45	0	3772
22202	15	3583	32	18	0	3648
22203	7	34	3611	10	0	3662
22204	7	13	30	3547	0	3597
22205	13	5	3595	37	0	3650
22206	3501	2	36	24	0	3563
22207	41	1	16	3613	0	3671
22208	18	3653	4	46	0	3721
22209	9	35	6	3713	0	3763
22210	12	3716	1	41	0	3770
22211	11	3754	3	22	0	3790
22212	7	3769	3	19	0	3798
22213	11	52	4	3604	0	3671
22214	8	3643	3	41	0	3695
22215	3681	39	6	20	0	3746
22216	48	19	3528	10	0	3605
22217	24	14	3535	10	0	3583
22218	9	12	3686	9	0	3716
22219	10	6	52	3712	0	3780
22220	11	10	17	3577	0	3615
22221	12	5	3	3563	0	3583
22222	9	8	11	3568	0	3596
22223	9	9	4	3547	0	3569
22224	11	3569	6	67	0	3653
22225	11	40	3573	27	0	3651
22226	17	23	3561	17	0	3618
22227	15	3610	58	17	0	3700
22228	7	42	22	3764	0	3835
22229	12	24	7	3793	0	3836
22230	9	10	7	3808	0	3834
22231	3764	11	6	68	0	3849
22232	53	3	3693	34	0	3783
22233	3649	6	43	25	0	3723
22234	3671	8	25	16	0	3720
22235	65	3494	10	18	0	3587
22236	23	3613	9	13	0	3658
22237	3684	57	6	11	0	3758
22238	50	23	10	3682	0	3765
22239	24	9	7	3806	0	3846
22240	13	8	3876	77	0	3974
22241	10	12	3732	114	0	3868
22242	11	10	67	3919	0	4007
22243	3969	9	19	63	0	4060
22244	58	12	4094	30	0	4194
22245	4228	9	62	16	0	4315
22246	63	15	19	4401	0	4498
22247	26	9	12	4663	0	4710
22248	10	11	10	4809	0	4840
22249	13	11	4709	97	0	4830
22250	8	4635	74	37	0	4754
22251	16	4878	27	17	0	4938
22252	4823	90	7	20	0	4940
22253	4890	21	11	20	0	4942
22254	89	7	9	4919	0	5024
22255	4926	8	13	81	0	5028
22256	78	7	4803	35	0	4923
22257	26	7	4773	16	0	4822
22258	13	3	78	4675	0	4769
22259	4805	1	32	74	0	4912
22260	72	4	12	4831	0	4919
22261	22	11	10	4939	0	4982
22262	4872	3	12	95	0	4982
22263	4919	4	15	35	0	4973
22264	91	5071	9	26	0	5197
22265	5092	70	9	17	0	5188
22266	78	23	16	4985	0	5102
22267	25	5033	9	88	0	5155
22268	5044	74	6	26	0	5150
22269	83	5084	10	12	0	5189
22270	22	73	2	5095	0	5192
22271	5089	11	5	78	0	5183
22272	72	8	4987	21	0	5088
22273	17	8	4998	13	0	5036
22274	19	11	82	4957	0	5069
22275	15	7	14	5078	0	5114
22276	8	6	6	5031	0	5051
22277	15	5189	8	79	0	5291
22278	5356	72	8	19	0	5455
22279	5382	23	9	12	0	5426
22280	5409	6	3	17	0	5435
22281	97	5615	7	17	0	5736
22282	28	84	8	6128	0	6248
22283	17	24	10	6160	0	6211
22284	20	10	6	6204	0	6240
22285	5923	11	5	131	0	6070
22286	95	5892	6	41	0	6034
22287	42	92	5	5939	0	6078
22288	20	24	5	6035	0	6084
22289	20	21	5721	127	0	5889
22290	24	5751	83	43	0	5901
22291	11	107	21	5831	0	5970
22292	20	28	7	5895	0	5950
22293	20	17	4	5921	0	5962
22294	5722	13	10	138	0	5883
22295	100	5669	13	52	0	5834
22296	5760	97	7	27	0	5891
22297	98	33	8	5757	0	5896
22298	5790	12	8	121	0	5931
22299	105	18	5655	47	0	5825
22300	5737	16	89	35	0	5877
22301	5793	11	21	33	0	5858
22302	130	19	5632	30	0	5811
22303	46	14	90	5760	0	5910
22304	31	14	29	5878	0	5952
22305	5922	11	12	139	0	6084
22306	105	18	12	6003	0	6138
22307	47	5	13	6069	0	6134
22308	26	18	12	6038	0	6094
22309	15	20	5746	154	0	5935
22310	5587	9	86	56	0	5738
22311	102	5890	34	38	0	6064
22312	47	91	19	5862	0	6019
22313	24	5844	11	131	0	6010
22314	26	6063	11	53	0	6153
22315	24	120	12	6111	0	6267
22316	36	35	6109	117	0	6297
22317	20	30	6081	61	0	6192
22318	26	12	107	6131	0	6276
22319	31	12	6109	122	0	6274
22320	6048	23	95	46	0	6212
22321	108	13	31	6228	0	6380
22322	36	10	13	6326	0	6385
22323	26	6219	20	149	0	6414
22324	19	101	20	6276	0	6416
22325	24	38	14	6283	0	6359
22326	24	6086	21	150	0	6281
22327	25	106	15	6257	0	6403
22328	16	37	8	6270	0	6331
22329	18	6088	17	153	0	6276
22330	6193	109	21	60	0	6383
22331	120	32	6067	47	0	6266
22332	36	24	6056	41	0	6157
22333	23	23	113	6040	0	6199
22334	19	19	33	6199	0	6270
22335	29	16	6033	142	0	6220
22336	24	22	5954	56	0	6056
22337	5615	17	115	40	0	5787
22338	103	5910	43	46	0	6102
22339	5960	98	21	39	0	6118
22340	109	27	5792	35	0	5963
22341	28	5757	97	45	0	5927
22342	18	109	34	5924	0	6085
22343	17	29	6031	119	0	6196
22344	23	24	5883	42	0	5972
22345	24	58	109	6036	0	6227
22346	25	20	5973	133	0	6151
22347	17	5791	113	57	0	5978
22348	13	103	39	5828	0	5983
22349	19	43	5786	113	0	5961
22350	8	5800	113	56	0	5977
22351	5828	108	51	34	0	6021
22352	105	41	5646	34	0	5826
22353	43	5704	105	24	0	5876
22354	26	105	49	5693	0	5873
22355	15	35	27	5878	0	5955
22356	5761	26	19	145	0	5951
22357	101	14	25	5749	0	5889
22358	39	17	20	5761	0	5837
22359	5610	12	20	156	0	5798
22360	99	17	19	5627	0	5762
22361	42	13	5447	132	0	5634
22362	19	14	99	5495	0	5627
22363	17	12	5464	132	0	5625
22364	18	13	5239	55	0	5325
22365	18	10	5286	33	0	5347
22366	18	17	115	5081	0	5231
22367	7	11	49	5271	0	5338
22368	5233	5	26	119	0	5383
22369	82	5	17	5053	0	5157
22370	39	5345	27	101	0	5512
22371	19	76	13	5563	0	5671
22372	12	31	24	5495	0	5562
22373	12	5441	16	116	0	5585
22374	5478	77	14	62	0	5631
22375	5381	37	16	38	0	5472
22376	101	5328	12	34	0	5475
22377	37	5249	10	21	0	5317
22378	25	250	16	5046	0	5337
22379	5205	41	16	86	0	5348
22380	77	22	5119	45	0	5263
22381	36	14	4675	23	0	4748
22382	4257	8	75	9	0	4349
22383	55	4405	29	15	0	4504
22384	24	67	15	4456	0	4562
22385	10	26	13	4538	0	4587
22386	10	15	7	4579	0	4611
22387	10	10	5	4576	0	4601
22388	6	4425	10	84	0	4525
22389	11	43	7	4593	0	4654
22390	4544	19	8	73	0	4644
22391	49	17	6	4633	0	4705
22392	23	6	6	4677	0	4712
22393	4710	3	10	78	0	4801
22394	4717	6	9	38	0	4770
22395	4799	6	9	23	0	4837
22396	4842	5	7	21	0	4875
22397	87	7	5	4779	0	4878
22398	4776	3	3	61	0	4843
22399	63	2	6	4752	0	4823
22400	4705	6	6	65	0	4782
22401	4685	2	7	38	0	4732
22402	75	4	9	4739	0	4827
22403	36	4	4693	63	0	4796
22404	4707	2	45	34	0	4788
22405	4798	2	23	21	0	4844
22406	4776	3	12	8	0	4799
22407	4770	8	6	12	0	4796
22408	83	4	7	4807	0	4901
22409	46	6	4799	58	0	4909
22410	25	13	4677	31	0	4746
22411	4681	4	67	26	0	4778
22412	4866	6	35	16	0	4923
22413	70	4799	29	15	0	4913
22414	34	4818	15	14	0	4881
22415	4970	61	9	16	0	5056
22416	56	29	9	4823	0	4917
22417	28	19	7	4987	0	5041
22418	4955	8	7	67	0	5037
22419	47	5001	10	42	0	5100
22420	5210	53	4	21	0	5288
22421	67	19	5119	19	0	5224
22422	5119	12	43	16	0	5190
22423	61	9	19	5177	0	5266
22424	30	10	5256	57	0	5353
22425	27	5243	47	34	0	5351
22426	20	46	23	5494	0	5583
22427	13	21	5732	66	0	5832
22428	11	20	46	5682	0	5759
22429	5840	7	30	77	0	5954
22430	60	5	5785	36	0	5886
22431	5631	1	55	26	0	5713
22432	76	5740	29	18	0	5863
22433	31	50	18	5926	0	6025
22434	32	26	6113	58	0	6229
22435	13	14	58	6101	0	6186
22436	21	2	6241	70	0	6334
22437	20	6051	57	38	0	6166
22438	6139	47	37	24	0	6247
22439	56	6347	18	15	0	6436
22440	26	61	8	6381	0	6476
22441	23	30	11	6445	0	6509
22442	18	21	6213	74	0	6326
22443	5277	9	48	48	0	5382
22444	51	5900	34	21	0	6006
22445	18	5508	13	11	0	5550
22446	10	5589	7	10	0	5616
22447	11	62	23	5465	0	5561
22448	9	5473	6	21	0	5509
22449	11	37	2	5455	0	5505
22450	5	5412	4	22	0	5443
22451	13	35	4	5363	0	5415
22452	4	5436	3	21	0	5464
22453	5532	17	5	6	0	5560
22454	16	12	5428	7	0	5463
22455	5296	8	14	5	0	5323
22456	5444	3	7	4	0	5458
22457	5590	6	5	5	0	5606
22458	26	5526	3	8	0	5563
22459	5691	15	5	4	0	5715
22460	5659	9	1	6	0	5675
22461	5741	7	2	4	0	5754
22462	36	6	5659	1	0	5702
22463	21	5	20	5708	0	5754
22464	17	6	5791	23	0	5837
22465	5	5	27	5686	0	5723
22466	5731	3	12	27	0	5773
22467	23	5687	11	23	0	5744
22468	16	25	6482	14	0	6537
22469	12	14	72	6626	0	6724
22470	10	7	13	7072	0	7102
22471	9	6	7833	107	0	7955
22472	7772	5	137	21	0	7935
22473	8161	3	29	16	0	8209
22474	8319	1	21	8	0	8349
22475	192	6	6	8134	0	8338
22476	50	7915	11	146	0	8122
22477	22	8358	7	31	0	8418
22478	11	175	3	8285	0	8474
22479	14	45	5	8266	0	8330
22480	7	8142	7	184	0	8340
22481	8246	142	8	52	0	8448
22482	147	8158	7	35	0	8347
22483	35	160	8	8133	0	8336
22484	27	39	8018	158	0	8242
22485	13	27	151	8036	0	8227
22486	8110	9	32	174	0	8325
22487	156	15	7987	38	0	8196
22488	8090	12	157	30	0	8289
22489	8387	10	40	15	0	8452
22490	8485	12	28	16	0	8541
22491	8510	8	9	17	0	8544
22492	8675	4	26	14	0	8719
22493	220	13	8225	8	0	8466
22494	77	17	8313	7	0	8414
22495	8849	12	198	11	0	9070
22496	9227	13	48	7	0	9295
22497	228	10	25	9217	0	9480
22498	78	9247	12	222	0	9559
22499	39	196	13	9456	0	9704
22500	9466	49	11	227	0	9753
22501	218	31	9	9228	0	9486
22502	65	9519	4	217	0	9805
22503	9560	205	11	52	0	9828
22504	9551	53	11	39	0	9654
22505	9486	28	16	27	0	9557
22506	266	9299	26	20	0	9611
22507	94	193	11	9304	0	9602
22508	59	57	6	9324	0	9446
22509	33	9031	12	236	0	9312
22510	31	206	5	9180	0	9422
22511	9019	52	5	245	0	9321
22512	9114	32	12	68	0	9226
22513	257	8848	17	48	0	9170
22514	99	199	8	8931	0	9237
22515	65	53	14	9038	0	9170
22516	38	27	20	9135	0	9220
22517	8759	34	17	284	0	9094
22518	243	26	8533	96	0	8898
22519	8408	14	203	68	0	8693
22520	264	36	8327	54	0	8681
22521	86	29	217	8140	0	8472
22522	77	8136	64	218	0	8495
22523	69	8547	40	71	0	8727
22524	8249	260	30	52	0	8591
22525	8287	80	15	53	0	8435
22526	268	7975	17	56	0	8316
22527	97	8003	8	58	0	8166
22528	7999	265	13	36	0	8313
22529	8178	81	21	46	0	8326
22530	271	8165	17	62	0	8515
22531	8406	218	18	38	0	8680
22532	267	74	8141	43	0	8525
22533	8342	52	201	44	0	8639
22534	8310	42	54	39	0	8445
22535	294	30	39	8071	0	8434
22536	126	7907	31	239	0	8303
22537	91	203	26	8167	0	8487
22538	8096	60	22	255	0	8433
22539	278	33	29	7876	0	8216
22540	129	22	26	8097	0	8274
22541	100	33	7827	274	0	8234
22542	86	31	213	7985	0	8315
22543	66	22	66	8264	0	8418
22544	8096	35	45	289	0	8465
22545	257	34	8009	112	0	8412
22546	8100	35	219	65	0	8419
22547	281	34	56	8101	0	8472
22548	110	44	28	8238	0	8420
22549	75	36	20	8212	0	8343
22550	77	7822	17	287	0	8203
22551	79	8087	18	116	0	8300
22552	81	257	21	7933	0	8292
22553	7945	76	20	242	0	8283
22554	8114	64	20	96	0	8294
22555	311	36	17	7974	0	8338
22556	7998	34	17	243	0	8292
22557	292	28	16	7913	0	8249
22558	113	45	9	8126	0	8293
22559	7757	32	12	305	0	8106
22560	246	8012	17	132	0	8407
22561	8031	228	10	86	0	8355
22562	8162	67	11	72	0	8312
22563	7977	35	20	70	0	8102
22564	296	7811	23	58	0	8188
22565	114	229	13	7924	0	8280
22566	81	71	14	8130	0	8296
22567	65	41	7657	298	0	8061
22568	48	67	159	7047	0	7321
22569	61	36	6599	203	0	6899
22570	48	6086	160	78	0	6372
22571	25	5134	52	45	0	5256
22572	33	5115	25	30	0	5203
22573	92	112	47	5099	0	5350
22574	18	43	14	5166	0	5241
22575	19	23	3	5140	0	5185
22576	16	24	4	5195	0	5239
22577	15	17	5104	142	0	5278
22578	20	14	5708	63	0	5805
22579	24	21	112	5896	0	6053
22580	23	10	5995	129	0	6157
22581	5967	9	116	62	0	6154
22582	6122	13	45	28	0	6208
22583	140	21	6024	39	0	6224
22584	58	5	107	6059	0	6229
22585	37	16	44	6197	0	6294
22586	30	13	22	6252	0	6317
22587	34	12	17	6182	0	6245
22588	18	16	20	6255	0	6309
22589	5662	22	23	162	0	5869
22590	5894	16	15	82	0	6007
22591	130	5839	9	68	0	6046
22592	49	87	5558	43	0	5737
22593	31	5540	90	41	0	5702
22594	21	5561	35	32	0	5649
22595	5143	85	15	26	0	5269
22596	73	4973	17	23	0	5086
22597	27	4739	14	11	0	4791
22598	4690	75	10	12	0	4787
22599	64	30	4611	19	0	4724
22600	4634	13	54	15	0	4716
22601	65	9	23	4670	0	4767
22602	30	11	9	4578	0	4628
22603	11	7	11	4618	0	4647
22604	18	9	4462	93	0	4582
22605	10	4476	52	45	0	4583
22606	4559	55	23	27	0	4664
22607	53	24	7	4653	0	4737
22608	27	4621	12	66	0	4726
22609	12	58	6	4784	0	4860
22610	17	33	4739	76	0	4865
22611	15	18	57	4779	0	4869
22612	19	14	23	4880	0	4936
22613	13	15	11	4911	0	4950
22614	4845	9	15	100	0	4969
22615	64	12	8	4884	0	4968
22616	35	9	4781	81	0	4906
22617	13	4758	64	53	0	4888
22618	23	57	25	4834	0	4939
22619	20	29	7	4904	0	4960
22620	15	16	4721	93	0	4845
22621	15	15	4645	54	0	4729
22622	4595	10	82	38	0	4725
22623	4640	15	35	34	0	4724
22624	75	4599	21	37	0	4732
22625	4638	56	18	28	0	4740
22626	78	26	4614	18	0	4736
22627	38	17	4558	20	0	4633
22628	4467	16	73	25	0	4581
22629	4379	11	41	24	0	4455
22630	82	13	4234	24	0	4353
22631	4126	9	64	26	0	4225
22632	66	4	4155	26	0	4251
22633	4092	3	55	22	0	4172
22634	4165	8	31	18	0	4222
22635	75	8	20	4073	0	4176
22636	34	4331	23	52	0	4440
22637	4280	63	9	33	0	4385
22638	63	20	4382	17	0	4482
22639	23	4380	61	21	0	4485
22640	4418	61	24	20	0	4523
22641	4306	21	9	21	0	4357
22642	70	4251	24	17	0	4362
22643	32	60	14	4270	0	4376
22644	28	23	4199	63	0	4313
22645	23	14	63	4169	0	4269
22646	21	11	4158	71	0	4261
22647	17	9	69	4121	0	4216
22648	17	18	31	4208	0	4274
22649	19	7	4123	80	0	4229
22650	18	4045	73	34	0	4170
22651	13	59	25	4134	0	4231
22652	20	23	4033	70	0	4146
22653	3958	7	56	32	0	4053
22654	60	15	22	4063	0	4160
22655	27	11	9	4123	0	4170
22656	4048	10	19	83	0	4160
22657	71	6	12	4037	0	4126
22658	28	10	14	4017	0	4069
22659	21	3996	13	77	0	4107
22660	21	54	14	3926	0	4015
22661	16	18	3835	75	0	3944
22662	19	8	57	3740	0	3824
22663	17	3739	18	66	0	3840
22664	9	3760	18	33	0	3820
22665	13	62	17	3749	0	3841
22666	3734	18	16	63	0	3831
22667	56	16	14	3732	0	3818
22668	3760	18	12	59	0	3849
22669	61	15	9	3786	0	3871
22670	3751	9	19	70	0	3849
22671	3886	5	12	32	0	3935
22672	84	26	14	3813	0	3937
22673	39	74	14	3725	0	3852
22674	32	3686	11	72	0	3801
22675	27	3735	10	34	0	3806
22676	23	57	3665	25	0	3770
22677	16	3579	44	32	0	3671
22678	2925	41	48	21	0	3035
22679	41	20	11	2880	0	2952
22680	15	2762	9	29	0	2815
22681	2891	28	7	14	0	2940
22682	29	10	5	2874	0	2918
22683	18	2	6	2820	0	2846
22684	11	4	9	2886	0	2910
22685	11	6	4	2887	0	2908
22686	10	2904	6	39	0	2959
22687	6	3048	5	24	0	3083
22688	3188	32	4	14	0	3238
22689	43	3185	9	18	0	3255
22690	11	47	12	3214	0	3284
22691	11	11	3	3250	0	3275
22692	14	5	5	3250	0	3274
22693	12	12	4	3262	0	3290
22694	3229	8	3	58	0	3298
22695	3320	3	7	24	0	3354
22696	59	5	3287	14	0	3365
22697	13	6	48	3328	0	3395
22698	14	4	3386	59	0	3463
22699	9	12	53	3390	0	3464
22700	15	2	15	3460	0	3492
22701	3442	6	10	75	0	3533
22702	53	11	8	3456	0	3528
22703	21	8	3457	67	0	3553
22704	15	11	3398	31	0	3455
22705	3420	4	63	19	0	3506
22706	57	9	3473	21	0	3560
22707	18	14	55	3330	0	3417
22708	16	3	3446	58	0	3523
22709	10	11	51	3366	0	3438
22710	9	3378	17	55	0	3459
22711	3	53	9	3455	0	3520
22712	1	3358	14	58	0	3431
22713	4	3407	9	22	0	3442
22714	6	55	5	3378	0	3444
22715	3363	16	6	58	0	3443
22716	47	3389	10	22	0	3468
22717	14	47	6	3430	0	3497
22718	3447	17	5	58	0	3527
22719	3495	11	6	24	0	3536
22720	3554	8	6	16	0	3584
22721	64	6	5	3485	0	3560
22722	21	4	6	3545	0	3576
22723	3564	5	5	64	0	3638
22724	3570	3	8	28	0	3609
22725	3614	6	4	20	0	3644
22726	63	3	6	3577	0	3649
22727	30	5	3487	52	0	3574
22728	3491	7	43	21	0	3562
22729	52	5	14	3481	0	3552
22730	18	3549	14	53	0	3634
22731	11	46	5	3579	0	3641
22732	11	3554	4	57	0	3626
22733	15	46	1	3624	0	3686
22734	8	18	3549	57	0	3632
22735	10	3546	39	30	0	3625
22736	9	44	16	3401	0	3470
22737	10	14	6	3421	0	3451
22738	8	7	5	3414	0	3434
22739	3493	8	2	63	0	3566
22740	51	3496	1	32	0	3580
22741	17	52	1	3610	0	3680
22742	3582	14	5	64	0	3665
22743	3620	5	4	22	0	3651
22744	68	7	4	3607	0	3686
22745	24	9	3637	66	0	3736
22746	14	6	55	3661	0	3736
22747	9	3680	17	66	0	3772
22748	8	60	7	3769	0	3844
22749	3761	15	7	71	0	3854
22750	57	11	7	3924	0	3999
22751	19	12	3963	76	0	4070
22752	9	4296	63	29	0	4397
22753	4424	68	15	20	0	4527
22754	74	19	4424	14	0	4531
22755	4492	11	72	14	0	4589
22756	76	10	20	4683	0	4789
22757	28	6	8	4709	0	4751
22758	15	4670	6	90	0	4781
22759	4910	70	6	33	0	5019
22760	87	19	8	4923	0	5037
22761	23	9	4	5042	0	5078
22762	16	8	5	5151	0	5180
22763	15	3	5096	110	0	5224
22764	14	2	75	5141	0	5232
22765	5240	3	22	98	0	5363
22766	5368	3	10	38	0	5419
22767	96	11	7	5339	0	5453
22768	27	5	6	5431	0	5469
22769	5376	1	6	108	0	5491
22770	94	8	5317	35	0	5454
22771	5294	3	78	25	0	5400
22772	88	6	5224	14	0	5332
22773	29	7	5291	14	0	5341
22774	17	3	98	5246	0	5364
22775	15	4	5380	87	0	5486
22776	5430	5	80	30	0	5545
22777	80	1	24	5653	0	5758
22778	23	8	5617	91	0	5739
22779	5448	7	82	34	0	5571
22780	5659	3	25	16	0	5703
22781	102	9	5710	15	0	5836
22782	27	13	72	5556	0	5668
22783	17	5862	26	83	0	5988
22784	6057	73	11	23	0	6164
22785	91	16	6108	21	0	6236
22786	5862	14	77	13	0	5966
22787	81	5954	25	18	0	6078
22788	6004	61	19	10	0	6094
22789	6061	13	7	8	0	6089
22790	6156	6	10	7	0	6179
22791	84	14	6	6158	0	6262
22792	27	6130	10	66	0	6233
22793	18	63	6055	20	0	6156
22794	15	6241	53	17	0	6326
22795	12	70	25	6045	0	6152
22796	11	6171	11	46	0	6239
22797	6	6242	3	22	0	6273
22798	6153	62	18	6	0	6239
22799	63	20	6107	6	0	6196
22800	18	9	6350	9	0	6386
22801	10	4	6423	6	0	6443
22802	6	6287	58	21	0	6372
22803	6563	48	17	9	0	6637
22804	6581	10	5	8	0	6604
22805	6522	4	6	7	0	6539
22806	60	6441	7	7	0	6515
22807	13	46	6	6787	0	6852
22808	7	14	6701	50	0	6772
22809	12	15	6715	19	0	6761
22810	7029	5	54	7	0	7095
22811	7211	7	14	8	0	7240
22812	7203	2	6	16	0	7227
22813	61	9	7034	9	0	7113
22814	7032	6	50	14	0	7102
22815	54	2	16	7125	0	7197
22816	21	9	9	7181	0	7220
22817	18	12	7558	66	0	7654
22818	12	7477	47	28	0	7564
22819	14	50	11	7813	0	7888
22820	18	9	7651	68	0	7746
22821	7309	5	53	29	0	7396
22822	59	7	17	7864	0	7947
22823	26	4	12	7934	0	7976
22824	7903	4	11	74	0	7992
22825	67	1	11	7901	0	7980
22826	7914	1	12	73	0	8000
22827	7917	4	10	29	0	7960
22828	70	6	13	7923	0	8012
22829	30	1	17	7989	0	8037
22830	7972	2	15	75	0	8064
22831	71	3	19	8017	0	8110
22832	8137	2	16	68	0	8223
22833	8114	3	22	25	0	8164
22834	8053	4	24	16	0	8097
22835	85	5	10	7995	0	8095
22836	21	4	22	8040	0	8087
22837	8047	4	18	67	0	8136
22838	70	7779	17	26	0	7892
22839	23	7648	25	7	0	7703
22840	7812	40	17	14	0	7883
22841	56	18	7597	10	0	7681
22842	7694	6	53	7	0	7760
22843	54	9	15	8043	0	8121
22844	29	9	8017	45	0	8100
22845	8053	6	48	11	0	8118
22846	52	10	10	8198	0	8270
22847	27	7	12	8289	0	8335
22848	25	9	9	8415	0	8458
22849	22	10	6	8413	0	8451
22850	8358	5	7	46	0	8416
22851	44	8072	14	20	0	8150
22852	7757	23	12	5	0	7797
22853	29	13	7676	4	0	7722
22854	19	10	7473	6	0	7508
22855	10	7638	25	9	0	7682
22856	23	48	16	7755	0	7842
22857	9	8	7706	23	0	7746
22858	6	7158	25	17	0	7206
22859	7	13	7310	3	0	7333
22860	2	1	7	7278	0	7288
22861	0	1	0	7355	0	7356
22862	7381	2	2	5	0	7390
22863	6	0	1	7252	0	7259
22864	7295	0	0	8	0	7303
22865	8	2	7222	2	0	7234
22866	1	7090	12	6	0	7109
22867	1	8	0	7552	0	7561
22868	3	6	0	7862	0	7871
22869	2	2	7947	7	0	7958
22870	3	10	7608	0	0	7621
22871	7570	0	8	11	0	7589
22872	8098	0	2	3	0	8103
22873	6	6	1	8049	0	8062
22874	1	0	1	8048	0	8050
22875	3	7778	7	8	0	7796
22876	3	10	0	8177	0	8190
22877	8610	0	0	14	0	8624
22878	8881	2	0	6	0	8889
22879	13	9206	6	2	0	9227
22880	9656	22	1	3	0	9682
22881	10080	7	2	3	0	10092
22882	44	4	1	11476	0	11525
22883	11	11337	12	43	0	11403
22884	13	43	1	11620	0	11677
22885	6	13	1	11654	0	11674
22886	4	15	11329	68	0	11416
22887	11382	5	47	31	0	11465
22888	61	4	14	12057	0	12136
22889	26	2	6	12283	0	12317
22890	9	13417	8	116	0	13550
22891	12	149	4	14421	0	14586
22892	14468	26	4	191	0	14689
22893	15198	24	4	63	0	15289
22894	235	25	14893	34	0	15187
22895	77	24	14848	25	0	14974
22896	46	12	231	14801	0	15090
22897	25	10	61	15552	0	15648
22898	28	11	15275	251	0	15565
22899	21	14	15311	81	0	15427
22900	20	6	251	14805	0	15082
22901	22	13	15112	242	0	15389
22902	29	17	15108	78	0	15232
22903	14	13	265	14911	0	15203
22904	15173	7	82	255	0	15517
22905	15391	9	55	71	0	15526
22906	259	8	46	15183	0	15496
22907	85	7	42	15407	0	15541
22908	15043	16	34	271	0	15364
22909	242	7	28	14829	0	15106
22910	14689	4	28	277	0	14998
22911	14701	7	33	103	0	14844
22912	274	15	32	14658	0	14979
22913	94	9	28	14932	0	15063
22914	14518	6	28	312	0	14864
22915	234	14318	41	132	0	14725
22916	86	14621	45	96	0	14848
22917	69	247	30	14197	0	14543
22918	62	79	13884	282	0	14307
22919	51	51	213	14019	0	14334
22920	13914	36	66	304	0	14320
22921	243	27	45	14008	0	14323
22922	14062	24	36	305	0	14427
22923	282	27	13709	135	0	14153
22924	13916	32	235	101	0	14284
22925	271	21	69	14167	0	14528
22926	108	20	52	14513	0	14693
22927	101	18	14629	336	0	15084
22928	80	27	238	14762	0	15107
22929	67	30	85	15111	0	15293
22930	58	23	68	15393	0	15542
22931	15178	25	65	375	0	15643
22932	259	22	15030	189	0	15500
22933	104	31	14921	133	0	15189
22934	14940	17	285	148	0	15390
22935	15253	11	121	124	0	15509
22936	316	23	15236	100	0	15675
22937	137	14	273	14944	0	15368
22938	98	15305	128	305	0	15836
22939	107	216	96	15886	0	16305
22940	15718	50	103	332	0	16203
22941	15920	41	101	174	0	16236
22942	327	21	89	15678	0	16115
22943	142	15410	85	352	0	15989
22944	122	214	85	15107	0	15528
22945	106	15371	90	324	0	15891
22946	15586	244	78	183	0	16091
22947	15343	73	87	163	0	15666
22948	15275	46	82	149	0	15552
22949	359	14689	72	156	0	15276
22950	168	15111	76	158	0	15513
22951	147	292	59	15286	0	15784
22952	133	94	57	15477	0	15761
22953	130	66	54	15401	0	15651
22954	149	45	57	15597	0	15848
22955	115	52	14796	433	0	15396
22956	14609	52	252	232	0	15145
22957	321	60	15115	190	0	15686
22958	15285	55	292	176	0	15808
22959	359	46	15507	168	0	16080
22960	15648	38	283	173	0	16142
22961	372	42	15748	135	0	16297
22962	15510	39	317	150	0	16016
22963	371	46	134	15942	0	16493
22964	16137	38	108	379	0	16662
22965	366	40	95	16304	0	16805
22966	181	26	94	16493	0	16794
22967	137	34	94	16023	0	16288
22968	137	15383	92	439	0	16051
22969	15501	233	89	244	0	16067
22970	15495	67	93	179	0	15834
22971	397	15419	76	185	0	16077
22972	193	262	74	15675	0	16204
22973	160	100	15164	385	0	15809
22974	15283	64	284	201	0	15832
22975	15645	47	121	176	0	15989
22976	15437	46	85	165	0	15733
22977	418	43	70	14472	0	15003
22978	215	13998	59	344	0	14616
22979	148	241	73	13914	0	14376
22980	13673	77	53	318	0	14121
22981	309	57	50	12690	0	13106
22982	116	11163	37	254	0	11570
22983	11058	196	44	107	0	11405
22984	259	69	11052	75	0	11455
22985	109	45	10964	80	0	11198
22986	84	10799	229	76	0	11188
22987	76	10727	82	62	0	10947
22988	148	215	10204	54	0	10621
22989	164	91	9588	49	0	9892
22990	89	488	141	7677	0	8395
22991	8026	13	58	73	0	8170
22992	86	10	7937	34	0	8067
22993	25	7248	46	12	0	7331
22994	7576	34	56	10	0	7676
22995	41	7459	5	6	0	7511
22996	7400	33	9	5	0	7447
22997	38	7287	9	12	0	7346
22998	18	7412	8	10	0	7448
22999	8	42	10	7567	0	7627
23000	10	14	8	7601	0	7633
23001	13	6	7272	42	0	7333
23002	12	8	25	7173	0	7218
23003	7321	3	13	41	0	7378
23004	7299	7	3	22	0	7331
23005	43	9	0	7220	0	7272
23006	20	12	7164	37	0	7233
23007	12	10	7062	18	0	7102
23008	5	5	41	7319	0	7370
23009	15	8	7571	36	0	7630
23010	8	5	39	7578	0	7630
23011	5	7	18	7834	0	7864
23012	6	7	8996	45	0	9054
23013	8632	49	94	20	0	8795
23014	9192	2	31	15	0	9240
23015	111	8	9498	6	0	9623
23016	40	6	9804	8	0	9858
23017	26	4	144	10119	0	10293
23018	19	6	47	11039	0	11111
23019	12	4	25	11288	0	11329
23020	13	5	18	11411	0	11447
23021	11264	6	10	203	0	11483
23022	11680	10	14	70	0	11774
23023	197	4	7	12162	0	12370
23024	62	2	13	12622	0	12699
23025	29	12	12864	237	0	13142
23026	27	9	214	13150	0	13400
23027	17	9	73	13523	0	13622
23028	13387	2	32	382	0	13803
23029	277	13890	18	138	0	14323
23030	98	291	8	13980	0	14377
23031	42	82	8	14195	0	14327
23032	31	29	13	13944	0	14017
23033	14	12830	27	438	0	13309
23034	15	13689	16	180	0	13900
23035	17	350	16	13639	0	14022
23036	15	114	12	13565	0	13706
23037	20	47	6	13747	0	13820
23038	12877	31	8	441	0	13357
23039	292	12891	13	188	0	13384
23040	13114	307	11	96	0	13528
23041	13336	97	9	77	0	13519
23042	406	51	10	12873	0	13340
23043	129	12677	12	336	0	13154
23044	12787	317	6	145	0	13255
23045	331	107	7	12836	0	13281
23046	12901	55	16	368	0	13340
23047	352	39	13	13026	0	13430
23048	146	34	12657	381	0	13218
23049	74	41	12900	167	0	13182
23050	65	26	373	12955	0	13419
23051	50	23	116	13125	0	13314
23052	33	32	59	13077	0	13201
23053	53	12547	34	456	0	13090
23054	41	13203	23	204	0	13471
23055	12892	372	17	120	0	13401
23056	12803	134	14	112	0	13063
23057	394	12617	29	101	0	13141
23058	134	12526	28	82	0	12770
23059	73	12723	25	83	0	12904
23060	12008	401	25	98	0	12532
23061	289	12060	28	96	0	12473
23062	115	344	17	12152	0	12628
23063	12030	126	18	353	0	12527
23064	12062	71	17	147	0	12297
23065	395	57	18	11684	0	12154
23066	174	46	11307	359	0	11886
23067	110	60	11477	145	0	11792
23068	63	58	342	11581	0	12044
23069	72	55	11531	367	0	12025
23070	66	44	322	11612	0	12044
23071	50	52	115	11768	0	11985
23072	66	41	11388	468	0	11963
23073	78	38	11513	191	0	11820
23074	72	42	388	11382	0	11884
23075	57	44	147	11882	0	12130
23076	11381	37	92	460	0	11970
23077	316	11267	62	243	0	11888
23078	124	11797	46	185	0	12152
23079	11313	396	51	139	0	11899
23080	11775	146	39	138	0	12098
23081	403	11417	32	159	0	12011
23082	173	11714	48	149	0	12084
23083	11581	393	46	142	0	12162
23084	353	175	40	11526	0	12094
23085	11318	101	40	408	0	11867
23086	383	11222	38	211	0	11854
23087	11400	339	32	172	0	11943
23088	382	157	11065	172	0	11776
23089	11283	95	289	129	0	11796
23090	395	100	11103	142	0	11740
23091	165	85	319	11110	0	11679
23092	10952	76	124	417	0	11569
23093	375	82	10444	220	0	11121
23094	154	94	317	10742	0	11307
23095	10649	97	119	436	0	11301
23096	382	84	10400	234	0	11100
23097	177	73	323	10697	0	11270
23098	10450	81	125	421	0	11077
23099	382	10358	73	200	0	11013
23100	175	339	61	10542	0	11117
23101	147	144	50	10728	0	11069
23102	140	104	46	10670	0	10960
23103	98	10426	54	482	0	11060
23104	114	356	36	10760	0	11266
23105	141	130	52	10941	0	11264
23106	117	103	61	10966	0	11247
23107	98	93	50	11168	0	11409
23108	110	73	10366	521	0	11070
23109	10190	74	325	246	0	10835
23110	10462	61	118	190	0	10831
23111	433	10020	86	151	0	10690
23112	147	282	43	8976	0	9448
23113	99	105	58	9073	0	9335
23114	68	8835	56	386	0	9345
23115	62	230	46	8506	0	8844
23116	7862	91	47	316	0	8316
23117	228	7455	40	158	0	7881
23118	6916	215	50	89	0	7270
23119	231	87	39	6846	0	7203
23120	104	63	6581	254	0	7002
23121	68	6706	199	124	0	7097
23122	6207	187	104	91	0	6589
23123	182	5673	46	56	0	5957
23124	78	5536	27	43	0	5684
23125	4641	149	44	34	0	4868
23126	122	49	4496	46	0	4713
23127	29	3931	63	36	0	4059
23128	3247	155	199	58	0	3659
23129	2903	24	17	10	0	2954
23130	35	2890	3	10	0	2938
23131	13	34	2	3009	0	3058
23132	9	13	3087	30	0	3139
23133	10	9	26	3059	0	3104
23134	6	6	7	3073	0	3092
23135	3	10	8	3205	0	3226
23136	11	9	3210	37	0	3267
23137	8	3	30	3137	0	3178
23138	5	10	3218	35	0	3268
23139	9	6	3124	6	0	3145
23140	2889	2	33	10	0	2934
23141	28	3108	13	4	0	3153
23142	10	3153	8	4	0	3175
23143	17	32	6	3327	0	3382
23144	3762	10	4	31	0	3807
23145	3756	11	3	10	0	3780
23146	3686	3	3	15	0	3707
23147	3711	3	6	5	0	3725
23148	3598	4	1	10	0	3613
23149	43	7	3481	11	0	3542
23150	15	2	30	3487	0	3534
23151	10	3443	13	35	0	3501
23152	5	34	5	3559	0	3603
23153	3578	11	8	37	0	3634
23154	32	3523	7	19	0	3581
23155	14	34	2	3626	0	3676
23156	3649	15	1	37	0	3702
23157	3756	13	4	15	0	3788
23158	40	3	2	3737	0	3782
23159	25	5	1	3705	0	3736
23160	15	4	2	3761	0	3782
23161	11	6	3709	42	0	3768
23162	12	5	3867	18	0	3902
23163	9	6	39	3904	0	3958
23164	6	4	16	3972	0	3998
23165	3977	4	9	45	0	4035
23166	3964	11	2	15	0	3992
23167	4087	4	2	17	0	4110
23168	4270	4	2	10	0	4286
23169	4205	7	3	7	0	4222
23170	50	4204	7	13	0	4274
23171	4437	35	0	8	0	4480
23172	4454	11	4	8	0	4477
23173	4452	9	5	9	0	4475
23174	51	7	3	4557	0	4618
23175	16	8	4492	54	0	4570
23176	11	3	46	4607	0	4667
23177	18	7	4927	54	0	5006
23178	11	8	47	4782	0	4848
23179	6	4940	16	60	0	5022
23180	5069	42	11	11	0	5133
23181	5324	9	6	13	0	5352
23182	57	11	5	5447	0	5520
23183	23	8	2	5695	0	5728
23184	23	8	1	5719	0	5751
23185	12	5758	4	59	0	5833
23186	5880	42	2	22	0	5946
23187	5889	13	5	14	0	5921
23188	55	5875	2	18	0	5950
23189	20	44	3	5988	0	6055
23190	24	11	8	5946	0	5989
23191	7	5944	6	61	0	6018
23192	6081	46	4	22	0	6153
23193	6077	13	3	19	0	6112
23194	55	12	9	6064	0	6140
23195	31	6	6105	55	0	6197
23196	20	15	6024	17	0	6076
23197	10	6	46	6371	0	6433
23198	16	4	15	6337	0	6372
23199	10	7	11	6539	0	6567
23200	6515	8	4	78	0	6605
23201	6645	2	5	34	0	6686
23202	71	6860	5	37	0	6973
23203	7054	51	11	14	0	7130
23204	63	17	7050	14	0	7144
23205	23	16	6988	19	0	7046
23206	22	7287	63	10	0	7382
23207	7143	48	45	7	0	7243
23208	47	7072	10	11	0	7140
23209	7161	44	5	12	0	7222
23210	53	16	7171	9	0	7249
23211	16	17	7077	8	0	7118
23212	17	9	52	6992	0	7070
23213	23	9	7374	51	0	7457
23214	11	11	45	7481	0	7548
23215	15	10	15	7314	0	7354
23216	9	7537	13	58	0	7617
23217	7	54	7	7701	0	7769
23218	13	17	8	7770	0	7808
23219	7929	9	9	58	0	8005
23220	54	7827	6	32	0	7919
23221	19	50	5	8189	0	8263
23222	15	23	8046	58	0	8142
23223	7449	8	57	35	0	7549
23224	59	8	8047	22	0	8136
23225	18	17	60	7995	0	8090
23226	12	8389	19	67	0	8487
23227	15	66	13	8475	0	8569
23228	8563	20	9	76	0	8668
23229	8538	13	6	28	0	8585
23230	93	8751	12	22	0	8878
23231	9096	70	13	19	0	9198
23232	9135	24	9	15	0	9183
23233	9293	18	13	14	0	9338
23234	9368	8	9	11	0	9396
23235	9176	14	9	11	0	9210
23236	100	9	9100	18	0	9227
23237	38	11	72	9054	0	9175
23238	24	12	21	9196	0	9253
23239	19	7	16	9182	0	9224
23240	23	9148	11	89	0	9271
23241	20	72	6	9260	0	9358
23242	18	26	9008	87	0	9139
23243	14	8923	63	31	0	9031
23244	14	8764	14	37	0	8829
23245	19	74	14	8828	0	8935
23246	23	19	8	8826	0	8876
23247	16	19	11	8786	0	8832
23248	12	8575	15	106	0	8708
23249	17	8665	8	40	0	8730
23250	8796	74	7	30	0	8907
23251	8765	24	15	16	0	8820
23252	87	8725	7	22	0	8841
23253	8995	78	6	24	0	9103
23254	9258	16	6	24	0	9304
23255	93	19	6	9358	0	9476
23256	40	15	8	9713	0	9776
23257	24	16	12	9802	0	9854
23258	33	17	9719	100	0	9869
23259	34	28	9816	31	0	9909
23260	30	10465	97	42	0	10634
23261	11025	108	33	25	0	11191
23262	136	33	10967	27	0	11163
23263	11035	24	122	30	0	11211
23264	145	23	11438	31	0	11637
23265	11509	21	142	24	0	11696
23266	162	11845	51	21	0	12079
23267	11881	155	41	30	0	12107
23268	161	50	27	11748	0	11986
23269	64	36	17	11999	0	12116
23270	51	67	11329	192	0	11639
23271	39	12007	137	76	0	12259
23272	24	166	26	12282	0	12498
23273	40	58	12011	168	0	12277
23274	11322	40	149	61	0	11572
23275	164	11873	47	47	0	12131
23276	11843	148	38	28	0	12057
23277	157	11494	20	42	0	11713
23278	66	163	15	11567	0	11811
23279	11372	61	22	152	0	11607
23280	158	11205	18	218	0	11599
23281	60	149	17	11386	0	11612
23282	46	56	11012	159	0	11273
23283	10552	49	142	63	0	10806
23284	157	30	46	10988	0	11221
23285	81	21	10637	160	0	10899
23286	44	10635	140	76	0	10895
23287	38	147	53	10794	0	11032
23288	41	61	10641	158	0	10901
23289	38	45	147	10372	0	10602
23290	29	10786	60	176	0	11051
23291	49	10929	35	70	0	11083
23292	48	187	10789	37	0	11061
23293	29	79	143	10845	0	11096
23294	27	46	10865	169	0	11107
23295	10636	40	153	72	0	10901
23296	166	48	54	10605	0	10873
23297	63	10403	46	152	0	10664
23298	50	10883	35	60	0	11028
23299	10652	173	25	41	0	10891
23300	143	10877	32	36	0	11088
23301	10857	167	29	33	0	11086
23302	160	73	10485	39	0	10757
23303	10111	34	132	36	0	10313
23304	160	10239	54	32	0	10485
23305	10295	148	41	27	0	10511
23306	145	10108	22	37	0	10312
23307	65	156	18	10103	0	10342
23308	36	68	21	10311	0	10436
23309	30	37	10101	189	0	10357
23310	9929	35	138	74	0	10176
23311	155	37	10459	41	0	10692
23312	10620	38	167	33	0	10858
23313	178	31	66	10588	0	10863
23314	79	29	35	10765	0	10908
23315	42	10838	23	230	0	11133
23316	37	189	18	11197	0	11441
23317	28	68	31	11430	0	11557
23318	36	37	10975	277	0	11325
23319	10450	25	204	114	0	10793
23320	205	10731	78	67	0	11081
23321	10745	202	33	34	0	11014
23322	211	86	20	10712	0	11029
23323	84	47	28	10922	0	11081
23324	10675	34	24	262	0	10995
23325	216	10732	27	125	0	11100
23326	10417	189	29	43	0	10678
23327	226	10264	30	31	0	10551
23328	87	10361	23	38	0	10509
23329	10325	244	40	32	0	10641
23330	215	102	13	10032	0	10362
23331	86	58	9739	209	0	10092
23332	55	45	186	9804	0	10090
23333	39	33	70	9746	0	9888
23334	34	9574	45	275	0	9928
23335	54	197	23	9801	0	10075
23336	36	91	22	9950	0	10099
23337	40	49	21	10059	0	10169
23338	28	36	19	10283	0	10366
23339	33	44	9962	310	0	10349
23340	25	41	10236	135	0	10437
23341	31	35	251	10481	0	10798
23342	35	31	10428	265	0	10759
23343	43	31	10478	112	0	10664
23344	41	37	270	10420	0	10768
23345	45	41	10631	247	0	10964
23346	45	37	241	10252	0	10575
23347	31	10731	95	256	0	11113
23348	11088	224	53	117	0	11482
23349	237	95	11427	73	0	11832
23350	101	62	232	11429	0	11824
23351	64	45	11605	262	0	11976
23352	37	34	259	11963	0	12293
23353	35	41	89	12285	0	12450
23354	11801	37	61	373	0	12272
23355	268	31	56	12008	0	12363
23356	11379	26	45	348	0	11798
23357	11509	22	47	164	0	11742
23358	345	11107	54	104	0	11610
23359	10588	234	30	64	0	10916
23360	250	10326	52	66	0	10694
23361	85	10419	40	66	0	10610
23362	10119	267	60	61	0	10507
23363	237	87	9940	48	0	10312
23364	87	46	9715	49	0	9897
23365	9352	61	294	48	0	9755
23366	9458	26	111	36	0	9631
23367	247	9354	51	53	0	9705
23368	9654	197	30	49	0	9930
23369	9677	69	36	42	0	9824
23370	9562	34	40	38	0	9674
23371	272	23	24	9316	0	9635
23372	9253	29	32	212	0	9526
23373	221	9493	25	108	0	9847
23374	104	195	24	9893	0	10216
23375	80	71	26	9982	0	10159
23376	54	9823	26	281	0	10184
23377	58	206	18	10067	0	10349
23378	9907	73	27	234	0	10241
23379	10018	52	27	109	0	10206
23380	277	9738	30	73	0	10118
23381	125	10008	26	60	0	10219
23382	10022	255	31	46	0	10354
23383	250	98	9853	49	0	10250
23384	133	52	9942	54	0	10181
23385	77	54	242	9709	0	10082
23386	81	33	94	10138	0	10346
23387	72	40	9856	265	0	10233
23388	71	9550	224	106	0	9951
23389	71	204	80	9763	0	10118
23390	71	91	9778	235	0	10175
23391	64	56	209	9751	0	10080
23392	59	52	85	9812	0	10008
23393	63	10020	41	285	0	10409
23394	62	213	35	10101	0	10411
23395	52	98	38	10240	0	10428
23396	61	47	37	10355	0	10500
23397	10140	44	38	294	0	10516
23398	225	39	34	9849	0	10147
23399	105	9840	43	253	0	10241
23400	9927	197	36	116	0	10276
23401	239	82	9610	93	0	10024
23402	119	49	9502	76	0	9746
23403	9516	38	244	76	0	9874
23404	221	69	98	9662	0	10050
23405	112	38	9712	241	0	10103
23406	72	38	209	9695	0	10014
23407	48	44	85	10070	0	10247
23408	9854	43	66	289	0	10252
23409	9807	38	46	138	0	10029
23410	262	9813	47	95	0	10217
23411	93	181	40	9595	0	9909
23412	63	73	9530	217	0	9883
23413	63	9982	173	105	0	10323
23414	9966	170	66	76	0	10278
23415	185	10118	42	46	0	10391
23416	10036	146	33	59	0	10274
23417	172	72	9960	51	0	10255
23418	9843	33	146	54	0	10076
23419	10213	34	58	50	0	10355
23420	197	35	10334	56	0	10622
23421	89	54	158	10136	0	10437
23422	63	10345	57	164	0	10629
23423	50	10649	44	87	0	10830
23424	47	10693	37	60	0	10837
23425	58	192	29	10496	0	10775
23426	48	67	10543	165	0	10823
23427	51	48	132	10458	0	10689
23428	53	37	56	10798	0	10944
23429	45	43	10637	180	0	10905
23430	43	10485	142	110	0	10780
23431	51	154	58	10723	0	10986
23432	10803	63	40	153	0	11059
23433	156	47	35	10791	0	11029
23434	76	34	31	10770	0	10911
23435	53	10617	34	199	0	10903
23436	10847	136	36	77	0	11096
23437	155	78	22	11425	0	11680
23438	81	44	11221	157	0	11503
23439	39	11026	130	83	0	11278
23440	10973	121	43	49	0	11186
23441	125	64	10908	35	0	11132
23442	10678	31	114	34	0	10857
23443	135	30	55	10880	0	11100
23444	49	10938	33	105	0	11125
23445	10964	112	25	49	0	11150
23446	10908	52	30	33	0	11023
23447	134	11239	27	40	0	11440
23448	47	117	21	11169	0	11354
23449	25	48	9	10974	0	11056
23450	10817	18	21	128	0	10984
23451	101	10805	16	69	0	10991
23452	26	106	9	10505	0	10646
23453	13	10315	20	84	0	10432
23454	12	10366	19	25	0	10422
23455	12	85	14	10296	0	10407
23456	10276	20	16	63	0	10375
23457	62	10281	9	25	0	10377
23458	16	57	9	10468	0	10550
23459	14	30	6	10523	0	10573
23460	22	20	10460	66	0	10568
23461	17	30	10068	27	0	10142
23462	17	10191	72	25	0	10305
23463	17	75	10273	20	0	10385
23464	20	18	61	10338	0	10437
23465	17	19	10897	56	0	10989
23466	17	14	55	10725	0	10811
23467	12	5	20	10999	0	11036
23468	13	12	9	11044	0	11078
23469	10899	15	7	85	0	11006
23470	68	14	3	10834	0	10919
23471	26	25	5	10855	0	10911
23472	20	10671	12	83	0	10786
23473	10	62	5	10673	0	10750
23474	10767	19	24	73	0	10883
23475	59	10837	10	33	0	10939
23476	11194	61	6	30	0	11291
23477	68	36	11043	16	0	11163
23478	28	35	11317	13	0	11393
23479	10	17	74	11642	0	11743
23480	15	19	23	11958	0	12015
23481	15	11817	18	96	0	11946
23482	11	80	12	12013	0	12116
23483	11966	27	9	99	0	12101
23484	11660	20	21	40	0	11741
23485	88	14	13	12101	0	12216
23486	33	18	12782	99	0	12932
23487	19	22	91	12987	0	13119
23488	15	14	27	13550	0	13606
23489	9	12	23	13689	0	13733
23490	13	17	12	13554	0	13596
23491	13	9	16	13446	0	13484
23492	15	13165	17	149	0	13346
23493	13283	105	9	54	0	13451
23494	13448	26	13	44	0	13531
23495	13507	20	11	40	0	13578
23496	129	13484	15	50	0	13678
23497	13557	104	14	39	0	13714
23498	122	13493	13	36	0	13664
23499	40	128	13317	29	0	13514
23500	34	34	107	13106	0	13281
23501	36	44	13480	120	0	13680
23502	25	13360	125	55	0	13565
23503	13609	118	37	44	0	13808
23504	127	33	13873	32	0	14065
23505	46	41	14544	31	0	14662
23506	25	14753	183	46	0	15007
23507	27	157	61	15514	0	15759
23508	32	59	16392	187	0	16670
23509	22	46	196	16645	0	16909
23510	37	22	63	18459	0	18581
23511	31	24	34	19865	0	19954
23512	20790	14	20	418	0	21242
23513	20851	21	17	153	0	21042
23514	469	14	16	20757	0	21256
23515	21258	10	16	450	0	21734
23516	478	28	20850	157	0	21513
23517	153	25	20847	121	0	21146
23518	123	21	21217	73	0	21434
23519	81	29	21440	66	0	21616
23520	76	20781	535	106	0	21498
23521	102	376	188	21221	0	21887
23522	100	102	21406	416	0	22024
23523	20426	65	486	152	0	21129
23524	21649	29	189	97	0	21964
23525	518	21141	171	132	0	21962
23526	21503	401	138	61	0	22103
23527	487	133	132	21356	0	22108
23528	164	85	21632	449	0	22330
23529	130	58	486	21044	0	21718
23530	91	21877	197	432	0	22597
23531	22054	420	125	150	0	22749
23532	22208	143	92	115	0	22558
23533	545	21911	81	91	0	22628
23534	22416	426	74	77	0	22993
23535	22424	157	61	80	0	22722
23536	583	22132	74	78	0	22867
23537	256	449	64	21489	0	22258
23538	163	21371	59	461	0	22054
23539	21790	478	65	181	0	22514
23540	507	205	73	21585	0	22370
23541	21721	131	58	461	0	22371
23542	546	103	47	21625	0	22321
23543	246	110	21097	484	0	21937
23544	21211	106	398	188	0	21903
23545	538	98	21405	143	0	22184
23546	238	97	468	21353	0	22156
23547	202	84	21075	483	0	21844
23548	142	92	459	21131	0	21824
23549	151	69	21003	555	0	21778
23550	20619	63	483	221	0	21386
23551	498	20752	201	183	0	21634
23552	21056	408	149	142	0	21755
23553	527	126	132	20896	0	21681
23554	20747	87	137	499	0	21470
23555	517	20497	143	225	0	21382
23556	213	20687	141	166	0	21207
23557	155	21345	139	152	0	21791
23558	21516	544	110	116	0	22286
23559	494	211	96	21331	0	22132
23560	214	141	89	21746	0	22190
23561	191	117	20969	564	0	21841
23562	182	135	20986	220	0	21523
23563	141	126	473	21165	0	21905
23564	156	111	21287	504	0	22058
23565	135	20717	481	239	0	21572
23566	21126	472	182	178	0	21958
23567	477	195	21122	141	0	21935
23568	216	160	21225	128	0	21729
23569	173	93	555	20868	0	21689
23570	21419	71	268	529	0	22287
23571	486	65	204	21515	0	22270
23572	21457	78	179	534	0	22248
23573	530	70	181	21530	0	22311
23574	211	83	21502	521	0	22317
23575	163	20935	533	243	0	21874
23576	161	443	21358	161	0	22123
23577	142	21195	543	156	0	22036
23578	151	496	229	21106	0	21982
23579	20892	160	187	481	0	21720
23580	503	114	20718	232	0	21567
23581	217	101	451	20829	0	21598
23582	198	97	192	21614	0	22101
23583	21662	93	148	587	0	22490
23584	495	98	130	21520	0	22243
23585	198	21622	155	527	0	22502
23586	21262	440	133	225	0	22060
23587	498	193	20740	167	0	21598
23588	20257	125	423	160	0	20965
23589	510	20876	180	139	0	21705
23590	235	444	121	20468	0	21268
23591	184	21240	107	444	0	21975
23592	21331	458	99	197	0	22085
23593	517	186	21221	168	0	22092
23594	21078	161	405	135	0	21779
23595	531	21599	156	119	0	22405
23596	234	440	117	22030	0	22821
23597	22318	189	86	445	0	23038
23598	22662	129	89	181	0	23061
23599	559	117	96	22435	0	23207
23600	281	123	81	22762	0	23247
23601	186	22417	97	545	0	23245
23602	152	469	82	22836	0	23539
23603	153	25570	95	530	0	26348
23604	158	26891	103	231	0	27383
23605	131	820	75	25157	0	26183
23606	145	25225	120	527	0	26017
23607	178	512	25617	198	0	26505
23608	214	192	25912	190	0	26508
23609	120	25466	536	231	0	26353
23610	114	434	25280	105	0	25933
23611	77	144	24882	87	0	25190
23612	58	97	22745	42	0	22942
23613	29	22512	379	56	0	22976
23614	22235	302	226	52	0	22815
23615	220	21480	96	26	0	21822
23616	71	279	21720	11	0	22081
23617	54	91	242	21647	0	22034
23618	21633	63	82	234	0	22012
23619	234	34	21246	68	0	21582
23620	64	32	261	21275	0	21632
23621	63	21	21379	248	0	21711
23622	25	23	296	21230	0	21574
23623	21169	17	103	287	0	21576
23624	260	23	20936	91	0	21310
23625	73	21250	258	85	0	21666
23626	65	266	86	21292	0	21709
23627	21731	74	67	256	0	22128
23628	266	70	20956	82	0	21374
23629	85	39	254	20385	0	20763
23630	70	20880	96	252	0	21298
23631	21171	266	87	62	0	21586
23632	21429	88	54	61	0	21632
23633	318	75	41	21278	0	21712
23634	136	21302	43	299	0	21780
23635	85	21922	39	104	0	22150
23636	22043	343	37	68	0	22491
23637	318	146	34	21619	0	22117
23638	99	21883	42	312	0	22336
23639	22073	308	52	87	0	22520
23640	316	92	45	22165	0	22618
23641	94	79	52	22475	0	22700
23642	79	117	20505	386	0	21087
23643	63	21750	264	164	0	22241
23644	39	22513	97	107	0	22756
23645	47	382	55	22344	0	22828
23646	22296	156	42	328	0	22822
23647	313	22182	39	121	0	22655
23648	22228	342	43	94	0	22707
23649	362	22050	46	76	0	22534
23650	111	379	45	22199	0	22734
23651	22221	125	35	325	0	22706
23652	351	97	51	22224	0	22723
23653	109	63	21928	411	0	22511
23654	100	71	313	21495	0	21979
23655	63	21638	120	365	0	22186
23656	21647	342	85	118	0	22192
23657	301	21437	57	130	0	21925
23658	119	367	47	20923	0	21456
23659	107	132	48	21459	0	21746
23660	76	110	20811	394	0	21391
23661	66	94	20802	172	0	21134
23662	53	720	375	20279	0	21427
23663	103	82	20529	364	0	21078
23664	62	20283	364	174	0	20883
23665	20666	347	134	120	0	21267
23666	337	148	20713	83	0	21281
23667	20591	122	321	77	0	21111
23668	21143	85	114	87	0	21429
23669	21021	77	110	61	0	21269
23670	21015	51	96	84	0	21246
23671	438	84	74	20601	0	21197
23672	183	85	72	20494	0	20834
23673	139	20237	100	396	0	20872
23674	19997	323	88	182	0	20590
23675	352	159	19547	131	0	20189
23676	141	128	333	19505	0	20107
23677	130	104	130	19801	0	20165
23678	100	92	19148	421	0	19761
23679	94	19259	325	223	0	19901
23680	98	347	140	19254	0	19839
23681	94	124	113	19747	0	20078
23682	19112	103	77	431	0	19723
23683	326	18807	79	235	0	19447
23684	138	338	59	18795	0	19330
23685	123	18530	65	377	0	19095
23686	94	379	62	18706	0	19241
23687	18537	142	46	412	0	19137
23688	18674	117	57	185	0	19033
23689	430	82	52	18193	0	18757
23690	17914	67	70	378	0	18429
23691	17892	73	69	184	0	18218
23692	424	17558	50	158	0	18190
23693	196	326	35	17239	0	17796
23694	169	17242	51	328	0	17790
23695	105	363	41	17051	0	17560
23696	16821	152	32	393	0	17398
23697	341	142	44	16625	0	17152
23698	174	78	37	16827	0	17116
23699	144	83	16024	432	0	16683
23700	103	15621	261	229	0	16214
23701	107	16159	85	163	0	16514
23702	15579	341	73	150	0	16143
23703	264	174	21	11903	0	12362
23704	10749	65	22	222	0	11058
23705	224	10303	23	113	0	10663
23706	101	9593	20	72	0	9786
23707	66	9821	19	58	0	9964
23708	8232	199	145	33	0	8609
23709	104	8086	27	43	0	8260
23710	7690	107	105	46	0	7948
23711	7494	27	19	18	0	7558
23712	7717	16	4	19	0	7756
23713	100	20	3	8124	0	8247
23714	31	16	4	8382	0	8433
23715	20	11	6	8451	0	8488
23716	14	17	9	8445	0	8485
23717	8381	17	7	132	0	8537
23718	95	8187	6	63	0	8351
23719	41	90	8	8330	0	8469
23720	8447	36	8	104	0	8595
23721	100	16	2	8353	0	8471
23722	38	12	12	8396	0	8458
23723	8351	15	8	125	0	8499
23724	101	17	8164	50	0	8332
23725	43	14	71	8105	0	8233
23726	25	12	8203	95	0	8335
23727	21	5	70	8024	0	8120
23728	16	9	30	8075	0	8130
23729	7926	12	11	107	0	8056
23730	82	7647	8	45	0	7782
23731	31	7630	10	21	0	7692
23732	7505	85	5	17	0	7612
23733	55	7584	6	20	0	7665
23734	7729	48	17	19	0	7813
23735	66	31	7515	14	0	7626
23736	7100	6	35	7	0	7148
23737	7252	3	26	8	0	7289
23738	7274	7	4	6	0	7291
23739	58	3	4	7081	0	7146
23740	31	3	2	7105	0	7141
23741	8	7005	3	60	0	7076
23742	10	54	11	7075	0	7150
23743	6992	23	3	41	0	7059
23744	35	6961	3	29	0	7028
23745	23	6960	5	12	0	7000
23746	7016	48	3	7	0	7074
23747	36	26	6913	8	0	6983
23748	22	13	32	6811	0	6878
23749	10	6	6981	36	0	7033
23750	4	2	32	6917	0	6955
23751	5	6930	21	35	0	6991
23752	6	34	2	7227	0	7269
23753	7088	18	4	35	0	7145
23754	32	1	3	7070	0	7106
23755	20	11	7283	37	0	7351
23756	6852	7	38	27	0	6924
23757	43	7297	31	21	0	7392
23758	27	7827	6	10	0	7870
23759	8217	73	5	7	0	8302
23760	8638	32	3	8	0	8681
23761	127	9	8678	7	0	8821
23762	8420	14	88	3	0	8525
23763	106	8625	35	3	0	8769
23764	8899	95	9	4	0	9007
23765	111	39	6	8575	0	8731
23766	49	8151	13	85	0	8298
23767	8444	95	5	40	0	8584
23768	109	56	8359	15	0	8539
23769	54	10	94	8393	0	8551
23770	8665	15	37	108	0	8825
23771	117	14	8564	47	0	8742
23772	8666	9	100	17	0	8792
23773	109	15	40	8647	0	8811
23774	56	15	11	8839	0	8921
23775	32	12	8799	139	0	8982
23776	16	11	107	8804	0	8938
23777	8903	5	37	119	0	9064
23778	104	8641	25	65	0	8835
23779	8911	94	13	27	0	9045
23780	8927	43	14	21	0	9005
23781	141	15	5	8838	0	8999
23782	62	21	8960	112	0	9155
23783	24	13	96	9028	0	9161
23784	9111	8	44	123	0	9286
23785	116	8881	14	72	0	9083
23786	9265	106	18	16	0	9405
23787	126	50	9	9205	0	9390
23788	63	14	5	9492	0	9574
23789	32	15	7	9571	0	9625
23790	25	16	9348	164	0	9553
23791	27	3	115	9503	0	9648
23792	16	11	9573	143	0	9743
23793	28	15	9673	65	0	9781
23794	18	10	152	10504	0	10684
23795	21	18	10625	167	0	10831
23796	11297	12	157	85	0	11551
23797	190	12	72	11941	0	12215
23798	89	9	39	11974	0	12111
23799	50	12000	21	284	0	12355
23800	12242	205	29	109	0	12585
23801	12649	82	22	49	0	12802
23802	283	12596	22	49	0	12950
23803	123	208	12	12857	0	13200
23804	68	85	12726	219	0	13098
23805	12392	39	216	109	0	12756
23806	13016	19	79	66	0	13180
23807	301	25	41	12439	0	12806
23808	139	30	11987	232	0	12388
23809	84	11905	216	102	0	12307
23810	11950	209	79	67	0	12305
23811	250	102	11856	33	0	12241
23812	107	11657	223	51	0	12038
23813	11442	193	112	31	0	11778
23814	11511	72	50	24	0	11657
23815	286	46	26	11235	0	11593
23816	128	11450	27	214	0	11819
23817	72	205	22	11966	0	12265
23818	36	83	24	12164	0	12307
23819	37	50	25	12076	0	12188
23820	37	27	24	12169	0	12257
23821	44	35	11712	332	0	12123
23822	52	17	196	12007	0	12272
23823	38	24	76	12295	0	12433
23824	40	29	11816	298	0	12183
23825	33	11754	216	161	0	12164
23826	11987	212	85	103	0	12387
23827	12103	77	56	78	0	12314
23828	287	56	29	12127	0	12499
23829	12202	19	30	254	0	12505
23830	272	18	39	12455	0	12784
23831	113	32	12516	300	0	12961
23832	94	31	12509	132	0	12766
23833	39	12235	301	104	0	12679
23834	12515	228	120	64	0	12927
23835	272	84	13237	58	0	13651
23836	132	52	275	12777	0	13236
23837	85	24	123	14119	0	14351
23838	50	22	66	14519	0	14657
23839	46	30	39	14518	0	14633
23840	40	30	53	14629	0	14752
23841	48	31	13832	494	0	14405
23842	50	34	286	14233	0	14603
23843	14037	29	127	400	0	14593
23844	309	13793	80	207	0	14389
23845	13958	280	50	130	0	14418
23846	330	13965	43	103	0	14441
23847	14068	337	38	90	0	14533
23848	14445	130	37	80	0	14692
23849	431	81	38	14049	0	14599
23850	215	36	31	14353	0	14635
23851	14059	27	41	449	0	14576
23852	13796	33	39	230	0	14098
23853	14015	45	23	132	0	14215
23854	443	13460	43	90	0	14036
23855	200	13555	43	91	0	13889
23856	124	364	13124	74	0	13686
23857	81	178	287	13137	0	13683
23858	70	78	12779	348	0	13275
23859	56	12504	300	191	0	13051
23860	48	246	128	12210	0	12632
23861	58	115	73	12243	0	12489
23862	48	66	37	12539	0	12690
23863	12133	41	28	404	0	12606
23864	12123	40	34	206	0	12403
23865	336	11965	44	135	0	12480
23866	174	230	34	12203	0	12641
23867	118	119	11957	267	0	12461
23868	73	96	11728	154	0	12051
23869	11838	48	330	99	0	12315
23870	12044	46	144	92	0	12326
23871	351	33	84	11914	0	12382
23872	12041	18	59	292	0	12410
23873	321	33	11695	164	0	12213
23874	158	11682	248	123	0	12211
23875	109	238	130	11829	0	12306
23876	65	123	11938	277	0	12403
23877	55	81	263	12131	0	12530
23878	67	47	127	12452	0	12693
23879	75	34	12176	391	0	12676
23880	11950	26	258	238	0	12472
23881	12525	41	121	155	0	12842
23882	334	12889	93	152	0	13468
23883	13306	252	51	103	0	13712
23884	13592	126	44	114	0	13876
23885	428	85	13259	83	0	13855
23886	13265	54	273	83	0	13675
23887	356	15028	122	99	0	15605
23888	15259	270	80	66	0	15675
23889	15644	131	55	75	0	15905
23890	15878	74	39	84	0	16075
23891	15584	53	46	78	0	15761
23892	15739	37	29	78	0	15883
23893	486	15154	44	82	0	15766
23894	14519	244	34	56	0	14853
23895	341	14209	35	51	0	14636
23896	129	13057	34	41	0	13261
23897	76	13520	32	53	0	13681
23898	13404	275	119	43	0	13841
23899	13437	118	31	48	0	13634
23900	320	54	13075	36	0	13485
23901	13211	42	202	40	0	13495
23902	13367	36	89	40	0	13532
23903	351	34	13047	34	0	13466
23904	161	29	227	12897	0	13314
23905	90	42	110	13115	0	13357
23906	75	30	41	13427	0	13573
23907	65	25	34	13454	0	13578
23908	55	21	36	13514	0	13626
23909	51	35	12854	357	0	13297
23910	55	12820	231	156	0	13262
23911	12759	221	109	74	0	13163
23912	276	12745	41	69	0	13131
23913	12884	245	39	46	0	13214
23914	12814	121	31	41	0	13007
23915	348	56	12387	43	0	12834
23916	175	48	212	11662	0	12097
23917	84	12023	111	209	0	12427
23918	12272	218	48	101	0	12639
23919	12345	119	32	56	0	12552
23920	12465	48	36	51	0	12600
23921	350	12302	24	51	0	12727
23922	12500	214	23	32	0	12769
23923	12585	110	31	21	0	12747
23924	12586	63	18	22	0	12689
23925	357	49	29	12163	0	12598
23926	178	38	27	12358	0	12601
23927	102	35	24	12549	0	12710
23928	12172	39	16	308	0	12535
23929	256	12121	21	142	0	12540
23930	12124	209	13	66	0	12412
23931	11832	107	21	48	0	12008
23932	11690	48	26	29	0	11793
23933	11566	33	21	19	0	11639
23934	361	11213	17	30	0	11621
23935	10363	169	17	30	0	10579
23936	248	10209	14	37	0	10508
23937	128	9835	11	31	0	10005
23938	9792	185	24	27	0	10028
23939	176	9646	15	32	0	9869
23940	99	9878	9	32	0	10018
23941	9940	182	37	17	0	10176
23942	9987	80	13	21	0	10101
23943	213	53	11	9681	0	9958
23944	102	55	8	9913	0	10078
23945	10111	35	10	170	0	10326
23946	10277	37	14	68	0	10396
23947	10298	38	22	41	0	10399
23948	234	40	9813	29	0	10116
23949	10173	38	129	24	0	10364
23950	203	40	57	10178	0	10478
23951	117	41	26	10280	0	10464
23952	90	34	20	10346	0	10490
23953	81	36	18	10379	0	10514
23954	66	34	10023	216	0	10339
23955	72	39	10000	101	0	10212
23956	76	37	165	10086	0	10364
23957	75	34	10122	162	0	10393
23958	88	31	10051	88	0	10258
23959	76	46	170	9940	0	10232
23960	85	34	68	10287	0	10474
23961	76	39	35	10485	0	10635
23962	77	31	40	10466	0	10614
23963	10464	34	22	227	0	10747
23964	10712	47	28	113	0	10900
23965	228	30	23	10546	0	10827
23966	122	32	30	10591	0	10775
23967	92	34	20	10597	0	10743
23968	80	38	27	10570	0	10715
23969	82	42	21	10468	0	10613
23970	95	10250	24	219	0	10588
23971	10314	149	26	109	0	10598
23972	174	10276	28	79	0	10557
23973	10408	147	11	71	0	10637
23974	10411	78	11	71	0	10571
23975	10419	37	9	68	0	10533
23976	226	43	10	9957	0	10236
23977	9937	21	13	155	0	10126
23978	193	41	11	9745	0	9990
23979	132	35	8	9685	0	9860
23980	9626	41	10	197	0	9874
23981	203	9332	17	93	0	9645
23982	91	8806	12	64	0	8973
23983	8743	129	16	42	0	8930
23984	144	54	8630	37	0	8865
23985	8036	42	104	30	0	8212
23986	142	38	42	8635	0	8857
23987	77	7052	14	114	0	7257
23988	58	7206	16	64	0	7344
23989	7247	104	8	34	0	7393
23990	114	45	3	7265	0	7427
23991	58	7442	4	92	0	7596
23992	7414	75	14	32	0	7535
23993	7405	32	3	22	0	7462
23994	7361	13	3	22	0	7399
23995	7367	24	6	22	0	7419
23996	103	6942	9	23	0	7077
23997	21	6826	4	16	0	6867
23998	6989	55	4	3	0	7051
23999	7191	13	4	5	0	7213
24000	69	11	7160	8	0	7248
24001	14	6974	48	12	0	7048
24002	7190	46	8	3	0	7247
24003	7433	10	4	5	0	7452
24004	80	7	7461	9	0	7557
24005	7395	6	69	6	0	7476
24006	86	3	7776	3	0	7868
24007	16	5	8260	1	0	8282
24008	15	10	96	7871	0	7992
24009	6	8081	28	87	0	8202
24010	8591	93	7	13	0	8704
24011	101	24	6	8557	0	8688
24012	24	8	3	8660	0	8695
24013	11	8	0	8771	0	8790
24014	8695	7	3	123	0	8828
24015	109	6	5	8617	0	8737
24016	22	4	3	8887	0	8916
24017	18	5	8831	121	0	8975
24018	8808	5	96	36	0	8945
24019	9074	5	23	14	0	9116
24020	139	10	8914	13	0	9076
24021	8733	6	115	12	0	8866
24022	135	4	25	8682	0	8846
24023	36	8668	14	110	0	8828
24024	25	115	5	8833	0	8978
24025	8751	21	11	132	0	8915
24026	120	8732	4	40	0	8896
24027	28	126	7	8874	0	9035
24028	26	29	5	9048	0	9108
24029	18	7	8	9136	0	9169
24030	20	12	8	8895	0	8935
24031	17	9180	8	142	0	9347
24032	9314	122	7	45	0	9488
24033	9418	35	7	23	0	9483
24034	163	9499	11	32	0	9705
24035	10250	151	5	12	0	10418
24036	10531	41	6	15	0	10593
24037	10428	19	3	17	0	10467
24038	236	18	10111	15	0	10380
24039	83	12	163	10095	0	10353
24040	46	16	9936	177	0	10175
24041	9885	10	178	64	0	10137
24042	179	9938	53	35	0	10205
24043	9904	164	38	22	0	10128
24044	193	9917	14	20	0	10144
24045	73	180	19	9552	0	9824
24046	47	67	11	9789	0	9914
24047	31	30	9574	218	0	9853
24048	31	9671	178	87	0	9967
24049	9692	183	47	44	0	9966
24050	190	60	10589	27	0	10866
24051	10569	34	226	30	0	10859
24052	251	23	103	10685	0	11062
24053	134	27	10559	249	0	10969
24054	68	10570	237	124	0	10999
24055	49	213	109	10754	0	11125
24056	42	108	10651	251	0	11052
24057	32	58	10615	139	0	10844
24058	46	10548	329	68	0	10991
24059	48	239	138	10441	0	10866
24060	49	104	62	10347	0	10562
24061	41	10394	58	305	0	10798
24062	10446	241	36	152	0	10875
24063	241	133	30	10253	0	10657
24064	127	10203	27	255	0	10612
24065	10388	239	27	121	0	10775
24066	10386	126	33	72	0	10617
24067	10539	71	25	53	0	10688
24068	362	10256	43	83	0	10744
24069	10536	241	33	54	0	10864
24070	10592	118	36	47	0	10793
24071	379	70	36	10371	0	10856
24072	10432	53	37	262	0	10784
24073	304	53	36	10420	0	10813
24074	178	49	10121	309	0	10657
24075	111	37	10326	164	0	10638
24076	83	40	335	10379	0	10837
24077	72	51	10333	296	0	10752
24078	10150	46	287	190	0	10673
24079	285	53	154	10396	0	10888
24080	159	44	87	10545	0	10835
24081	113	50	10017	386	0	10566
24082	77	9818	261	192	0	10348
24083	82	10251	123	121	0	10577
24084	77	321	66	9819	0	10283
24085	73	173	39	9942	0	10227
24086	84	97	9443	352	0	9976
24087	81	69	9606	180	0	9936
24088	85	71	317	9535	0	10008
24089	76	32	9260	302	0	9670
24090	8992	36	282	169	0	9479
24091	283	40	152	8971	0	9446
24092	8997	39	84	298	0	9418
24093	304	35	65	8965	0	9369
24094	171	31	73	9194	0	9469
24095	124	34	8713	398	0	9269
24096	78	8855	269	239	0	9441
24097	80	224	155	8960	0	9419
24098	48	126	8745	322	0	9241
24099	53	8492	290	184	0	9019
24100	49	243	161	8655	0	9108
24101	8613	147	119	290	0	9169
24102	262	78	8512	179	0	9031
24103	8262	53	237	143	0	8695
24104	255	47	8050	110	0	8462
24105	7581	46	279	81	0	7987
24106	264	7559	159	75	0	8057
24107	127	7255	92	73	0	7547
24108	107	293	64	6781	0	7245
24109	66	7046	57	201	0	7370
24110	6871	207	44	138	0	7260
24111	213	117	56	6841	0	7227
24112	144	81	35	6973	0	7233
24113	91	39	43	7104	0	7277
24114	71	45	6631	312	0	7059
24115	68	42	169	6838	0	7117
24116	58	39	6516	282	0	6895
24117	53	6361	214	189	0	6817
24118	6031	157	128	137	0	6453
24119	176	6271	111	78	0	6636
24120	6443	187	73	77	0	6780
24121	6482	108	75	76	0	6741
24122	6556	74	61	59	0	6750
24123	6540	55	53	52	0	6700
24124	295	61	6196	82	0	6634
24125	176	53	187	6203	0	6619
24126	96	61	124	6244	0	6525
24127	69	52	58	6383	0	6562
24128	5926	53	55	307	0	6341
24129	5971	45	58	193	0	6267
24130	243	6040	39	147	0	6469
24131	131	162	5740	89	0	6122
24132	74	92	5756	99	0	6021
24133	57	5604	235	91	0	5987
24134	62	5570	145	68	0	5845
24135	148	201	141	4647	0	5137
24136	56	112	38	4737	0	4943
24137	4648	59	30	198	0	4935
24138	145	4612	37	130	0	4924
24139	108	124	26	4788	0	5046
24140	82	74	4779	148	0	5083
24141	53	61	126	5005	0	5245
24142	55	31	94	5081	0	5261
24143	41	45	71	5144	0	5301
24144	39	30	41	5176	0	5286
24145	61	20	4813	254	0	5148
24146	67	4687	124	163	0	5041
24147	72	4834	83	82	0	5071
24148	4573	159	69	64	0	4865
24149	125	4750	62	65	0	5002
24150	12	3816	2	11	0	3841
24151	10	50	5	3834	0	3899
24152	7	14	8	3882	0	3911
24153	5	15	4	3833	0	3857
24154	10	11	3795	53	0	3869
24155	6	3724	32	31	0	3793
24156	8	38	10	3741	0	3797
24157	7	3741	14	35	0	3797
24158	3750	36	4	18	0	3808
24159	30	3733	7	21	0	3791
24160	3769	38	7	17	0	3831
24161	35	16	3722	14	0	3787
24162	3740	10	36	13	0	3799
24163	37	11	7	3823	0	3878
24164	14	15	3833	35	0	3897
24165	3774	6	26	14	0	3820
24166	3844	10	10	13	0	3877
24167	3863	14	9	8	0	3894
24168	44	5	5	3833	0	3887
24169	12	11	3820	41	0	3884
24170	3847	5	30	20	0	3902
24171	30	11	14	4036	0	4091
24172	11	15	6	4024	0	4056
24173	9	9	4209	47	0	4274
24174	7	4193	31	21	0	4252
24175	15	37	10	4185	0	4247
24176	9	4228	8	25	0	4270
24177	4263	32	4	13	0	4312
24178	4259	9	12	12	0	4292
24179	40	9	6	4258	0	4313
24180	4245	6	5	41	0	4297
24181	34	4252	17	11	0	4314
24182	4306	27	3	8	0	4344
24183	38	4320	3	6	0	4367
24184	18	34	4	4362	0	4418
24185	12	14	7	4308	0	4341
24186	7	4319	10	32	0	4368
24187	16	26	3	4319	0	4364
24188	10	14	4259	39	0	4322
24189	5	4126	28	22	0	4181
24190	4104	19	11	8	0	4142
24191	22	4044	3	8	0	4077
24192	8	23	2	4112	0	4145
24193	6	14	4132	24	0	4176
24194	6	7	25	4174	0	4212
24195	7	2	6	4210	0	4225
24196	4113	4	5	40	0	4162
24197	29	2	4109	14	0	4154
24198	7	4130	23	12	0	4172
24199	11	26	4356	10	0	4403
24200	4	8	4295	4	0	4311
24201	11	10	4209	8	0	4238
24202	22	54	32	4029	0	4137
24203	4237	5	11	21	0	4274
24204	22	4121	4	6	0	4153
24205	4289	22	2	3	0	4316
24206	4468	7	1	2	0	4478
24207	29	6	0	4361	0	4396
24208	5	4370	4	29	0	4408
24209	4442	23	1	10	0	4476
24210	24	4465	4	13	0	4506
24211	5	26	2	4543	0	4576
24212	4	8	2	4688	0	4702
24213	3	4658	2	33	0	4696
24214	0	26	1	4748	0	4775
24215	4	9	4654	27	0	4694
24216	4	7	4638	4	0	4653
24217	4	1	24	4725	0	4754
24218	3	0	10	4783	0	4796
24219	8	2	4618	30	0	4658
24220	5	4	4492	9	0	4510
24221	4278	5	29	6	0	4318
24222	28	4410	12	2	0	4452
24223	11	4775	7	6	0	4799
24224	6	29	2	4773	0	4810
24225	6	13	1	4786	0	4806
24226	4	6	3	4833	0	4846
24227	6	6	4822	33	0	4867
24228	9	5	4720	11	0	4745
24229	6	3	26	4929	0	4964
24230	7	4	4864	34	0	4909
24231	1	4787	35	15	0	4838
24232	4905	30	10	6	0	4951
24233	33	10	4861	4	0	4908
24234	9	6	4870	9	0	4894
24235	5	9	33	4927	0	4974
24236	9	4	5367	37	0	5417
24237	3	5448	45	21	0	5517
24238	10	47	12	5687	0	5756
24239	4	11	5610	47	0	5672
24240	3	5448	43	17	0	5511
24241	5512	53	14	8	0	5587
24242	48	8	8	5472	0	5536
24243	10	6	6	5536	0	5558
24244	5517	4	1	58	0	5580
24245	45	5454	5	19	0	5523
24246	5565	49	2	9	0	5625
24247	5571	9	3	11	0	5594
24248	5593	6	3	8	0	5610
24249	54	5	9	5497	0	5565
24250	5388	5	12	48	0	5453
24251	48	5242	8	17	0	5315
24252	12	5347	14	10	0	5383
24253	5449	56	9	7	0	5521
24254	54	13	3	5498	0	5568
24255	17	11	6	5520	0	5554
24256	8	10	10	5573	0	5601
24257	10	5	5392	73	0	5480
24258	6	5367	53	30	0	5456
24259	7	52	12	5714	0	5785
24260	5700	16	5	70	0	5791
24261	57	9	7	5724	0	5797
24262	22	9	5633	69	0	5733
24263	17	5616	58	20	0	5711
24264	5802	61	13	15	0	5891
24265	5791	15	10	21	0	5837
24266	5902	12	10	15	0	5939
24267	83	13	5	5879	0	5980
24268	25	16	5852	74	0	5967
24269	27	7	5978	18	0	6030
24270	16	5978	84	19	0	6097
24271	21	71	20	6040	0	6152
24272	11	17	11	6151	0	6190
24273	5799	13	16	98	0	5926
24274	79	19	8	5823	0	5929
24275	5937	10	5	98	0	6050
24276	103	7	5790	29	0	5929
24277	25	14	5892	26	0	5957
24278	23	5	93	5819	0	5940
24279	11	8	31	5925	0	5975
24280	14	13	17	6053	0	6097
24281	6175	12	11	108	0	6306
24282	6509	9	7	45	0	6570
24283	122	15	8	6551	0	6696
24284	42	6	6440	123	0	6611
24285	17	18	6617	42	0	6694
24286	19	13	122	6615	0	6769
24287	6737	3	44	120	0	6904
24288	122	9	18	6673	0	6822
24289	43	8	15	6844	0	6910
24290	30	6	6712	157	0	6905
24291	18	11	6713	47	0	6789
24292	6534	12	141	30	0	6717
24293	123	10	6622	24	0	6779
24294	33	5	117	6479	0	6634
24295	25	6	41	6659	0	6731
24296	6571	3	24	153	0	6751
24297	121	6426	25	70	0	6642
24298	6368	104	17	34	0	6523
24299	111	6139	24	33	0	6307
24300	6129	103	26	18	0	6276
24301	118	35	5961	33	0	6147
24302	5630	19	142	28	0	5819
24303	5807	13	37	23	0	5880
24304	139	16	19	5769	0	5943
24305	60	7	5702	110	0	5879
24306	36	5	107	5557	0	5705
24307	19	6	44	5597	0	5666
24308	18	5466	30	138	0	5652
24309	17	100	24	5443	0	5584
24310	27	5439	12	117	0	5595
24311	25	103	10	5444	0	5582
24312	5329	29	14	125	0	5497
24313	104	18	19	5328	0	5469
24314	49	13	5226	117	0	5405
24315	5250	18	102	47	0	5417
24316	123	8	5384	34	0	5549
24317	5409	8	113	30	0	5560
24318	5516	5	37	37	0	5595
24319	148	5405	28	30	0	5611
24320	48	5605	25	39	0	5717
24321	5572	129	21	25	0	5747
24322	5725	49	16	27	0	5817
24323	5537	23	14	32	0	5606
24324	5496	19	16	26	0	5557
24325	5503	10	10	36	0	5559
24326	161	14	13	5375	0	5563
24327	68	11	19	5512	0	5610
24328	43	17	5316	143	0	5519
24329	5281	11	105	57	0	5454
24330	126	8	49	5297	0	5480
24331	50	9	26	5299	0	5384
24332	45	8	5112	144	0	5309
24333	36	5049	109	59	0	5253
24334	42	5176	38	37	0	5293
24335	5034	117	27	33	0	5211
24336	4654	37	20	26	0	4737
24337	122	4387	18	23	0	4550
24338	56	4353	15	19	0	4443
24339	4346	106	16	20	0	4488
24340	4474	36	11	29	0	4550
24341	122	17	13	4363	0	4515
24342	55	13	14	4409	0	4491
24343	44	10	15	4486	0	4555
24344	4380	10	14	131	0	4535
24345	4425	9	10	56	0	4500
24346	123	12	17	4394	0	4546
24347	4454	19	17	107	0	4597
24348	125	12	4351	43	0	4531
24349	58	10	85	4466	0	4619
24350	39	15	4357	105	0	4516
24351	37	4380	97	44	0	4558
24352	29	99	50	4381	0	4559
24353	4335	29	24	110	0	4498
24354	112	17	19	4301	0	4449
24355	40	18	12	4351	0	4421
24356	31	13	4204	128	0	4376
24357	28	17	4222	58	0	4325
24358	26	4236	100	43	0	4405
24359	4141	81	35	26	0	4283
24360	4172	25	23	25	0	4245
24361	4183	16	13	23	0	4235
24362	4171	14	18	22	0	4225
24363	121	13	15	4054	0	4203
24364	51	14	17	4007	0	4089
24365	37	4005	12	105	0	4159
24366	3953	75	11	39	0	4078
24367	3982	30	11	25	0	4048
24368	110	18	3775	24	0	3927
24369	3487	7	65	18	0	3577
24370	78	3519	30	16	0	3643
24371	40	88	16	3447	0	3591
24372	28	3527	15	66	0	3636
24373	3524	63	8	34	0	3629
24374	74	3504	14	25	0	3617
24375	44	65	13	3408	0	3530
24376	25	25	7	3474	0	3531
24377	21	11	8	3407	0	3447
24378	13	3315	7	93	0	3428
24379	18	66	7	3329	0	3420
24380	22	47	10	3273	0	3352
24381	15	2883	11	79	0	2988
24382	10	2667	11	26	0	2714
24383	2479	37	4	14	0	2534
24384	43	2494	5	12	0	2554
24385	2326	32	5	10	0	2373
24386	48	11	2250	5	0	2314
24387	14	2223	26	10	0	2273
24388	2229	35	6	11	0	2281
24389	2198	11	4	10	0	2223
24390	42	9	2143	11	0	2205
24391	26	10	20	2115	0	2171
24392	20	5	2143	27	0	2195
24393	9	2105	29	18	0	2161
24394	2090	29	10	13	0	2142
24395	24	2072	3	8	0	2107
24396	14	29	5	2027	0	2075
24397	19	15	2	2066	0	2102
24398	10	11	2034	28	0	2083
24399	8	10	1999	18	0	2035
24400	2000	11	31	13	0	2055
24401	2048	11	7	13	0	2079
24402	2045	9	3	9	0	2066
24403	2041	8	4	8	0	2061
24404	33	2030	6	16	0	2085
24405	13	23	6	2066	0	2108
24406	12	18	2	2072	0	2104
24407	15	2103	4	26	0	2148
24408	2157	29	2	12	0	2200
24409	2168	12	3	12	0	2195
24410	35	10	2152	12	0	2209
24411	2172	7	27	10	0	2216
24412	34	11	12	2163	0	2220
24413	18	8	2156	26	0	2208
24414	20	11	23	2159	0	2213
24415	13	4	2177	33	0	2227
24416	10	6	2013	13	0	2042
24417	10	33	21	1926	0	1990
24418	6	1916	9	16	0	1947
24419	1922	15	7	11	0	1955
24420	1856	9	7	9	0	1881
24421	19	2068	6	12	0	2105
24422	11	2085	5	7	0	2108
24423	2158	16	11	4	0	2189
24424	2168	10	8	4	0	2190
24425	2165	6	4	7	0	2182
24426	2174	3	4	7	0	2188
24427	24	5	6	2231	0	2266
24428	15	5	2177	14	0	2211
24429	10	2175	14	9	0	2208
24430	2161	16	3	12	0	2192
24431	19	2250	4	7	0	2280
24432	2272	19	2	4	0	2297
24433	2265	9	3	4	0	2281
24434	21	9	2314	5	0	2349
24435	11	2465	19	3	0	2498
24436	12	20	6	2545	0	2583
24437	14	8	4	2556	0	2582
24438	12	2	5	2520	0	2539
24439	2512	3	6	23	0	2544
24440	2424	6	7	12	0	2449
24441	2430	6	8	7	0	2451
24442	21	2460	6	9	0	2496
24443	2453	17	3	5	0	2478
24444	24	2458	1	9	0	2492
24445	16	18	2457	4	0	2495
24446	9	2464	13	5	0	2491
24447	10	24	12	2411	0	2457
24448	5	4	1	2374	0	2384
24449	4	3	2380	13	0	2400
24450	5	2	14	2342	0	2363
24451	5	2	4	2365	0	2376
24452	2413	2	4	16	0	2435
24453	2392	2	3	7	0	2404
24454	2410	4	2	3	0	2419
24455	17	2410	0	8	0	2435
24456	2430	12	1	4	0	2447
24457	2363	3	2	3	0	2371
24458	19	2458	3	2	0	2482
24459	10	14	3	2485	0	2512
24460	6	6	1	2519	0	2532
24461	2505	3	1	19	0	2528
24462	19	3	2457	4	0	2483
24463	3	2386	14	8	0	2411
24464	2	27	5	2347	0	2381
24465	2	2322	6	19	0	2349
24466	4	2372	2	4	0	2382
24467	2409	17	3	2	0	2431
24468	2403	4	3	3	0	2413
24469	20	3	0	2400	0	2423
24470	9	3	1	2386	0	2399
24471	7	1	2	2390	0	2400
24472	3	2	0	2392	0	2397
24473	0	2	2348	25	0	2375
24474	4	1	2263	6	0	2274
24475	3	1	15	2371	0	2390
24476	6	3	2515	18	0	2542
24477	2	2521	23	3	0	2549
24478	2610	18	1	5	0	2634
24479	2642	3	2	1	0	2648
24480	20	6	2	2644	0	2672
24481	5	3	1	2707	0	2716
24482	5	1	2	2725	0	2733
24483	3	2710	1	23	0	2737
24484	2752	19	0	11	0	2782
24485	2759	1	1	10	0	2771
24486	26	4	2744	6	0	2780
24487	8	4	23	2912	0	2947
24488	6	4	3021	33	0	3064
24489	5	3	27	3295	0	3330
24490	4	1	6	3300	0	3311
24491	5	4	2	3324	0	3335
24492	4	4	1	3374	0	3383
24493	3363	1	5	51	0	3420
24494	3414	5	1	19	0	3439
24495	3482	0	0	14	0	3496
24496	55	1	2	3457	0	3515
24497	19	2	3397	44	0	3462
24498	3392	1	40	8	0	3441
24499	42	1	7	3470	0	3520
24500	3509	1	9	46	0	3565
24501	48	1	1	3510	0	3560
24502	7	3446	2	59	0	3514
24503	13	3589	1	13	0	3616
24504	6	46	0	3613	0	3665
24505	4	8	2	3613	0	3627
24506	3	8	0	3642	0	3653
24507	2	3567	3	58	0	3630
24508	3567	40	1	20	0	3628
24509	39	3542	5	19	0	3605
24510	12	54	3555	6	0	3627
24511	10	7	37	3575	0	3629
24512	4	3662	3	45	0	3714
24513	4	44	8	3660	0	3716
24514	3	12	4	3697	0	3716
24515	8	12	3587	53	0	3660
24516	3463	4	34	26	0	3527
24517	46	3696	8	19	0	3769
24518	3771	43	10	13	0	3837
24519	3846	11	3	10	0	3870
24520	3846	11	1	11	0	3869
24521	63	13	3525	9	0	3610
24522	21	5	38	3512	0	3576
24523	16	5	6	3543	0	3570
24524	10	4	3457	57	0	3528
24525	3335	1	45	24	0	3405
24526	47	6	3448	15	0	3516
24527	10	4	3329	12	0	3355
24528	13	3381	46	7	0	3447
24529	11	45	18	3417	0	3491
24530	7	11	3427	42	0	3487
24531	3260	11	40	14	0	3325
24532	3312	6	10	16	0	3344
24533	48	6	3349	8	0	3411
24534	24	5	41	3385	0	3455
24535	19	3	3374	45	0	3441
24536	8	3350	51	23	0	3432
24537	3620	40	12	17	0	3689
24538	3692	10	9	8	0	3719
24539	3757	12	4	8	0	3781
24540	61	4	4	3711	0	3780
24541	23	2	6	3809	0	3840
24542	17	6	3721	57	0	3801
24543	3709	4	48	18	0	3779
24544	51	1	9	3741	0	3802
24545	3688	5	15	52	0	3760
24546	58	4	3682	14	0	3758
24547	20	2	3788	11	0	3821
24548	16	5	50	3686	0	3757
24549	13	2	19	3841	0	3875
24550	10	2	3773	60	0	3845
24551	3726	4	45	23	0	3798
24552	50	8	12	3695	0	3765
24553	16	3854	12	46	0	3928
24554	3903	39	5	15	0	3962
24555	44	3918	12	23	0	3997
24556	3973	51	5	14	0	4043
24557	54	10	4028	8	0	4100
24558	18	9	3908	8	0	3943
24559	16	3942	47	21	0	4026
24560	3993	38	29	8	0	4068
24561	48	12	3960	8	0	4028
24562	3867	9	46	7	0	3929
24563	55	3929	8	9	0	4001
24564	15	42	10	4081	0	4148
24565	15	9	7	4047	0	4078
24566	11	4122	6	49	0	4188
24567	4276	46	5	16	0	4343
24568	4336	13	7	15	0	4371
24569	4423	9	2	14	0	4448
24570	65	10	4442	10	0	4527
24571	25	9	49	4460	0	4543
24572	14	6	13	4499	0	4532
24573	11	2	12	4598	0	4623
24574	7	5	4503	69	0	4584
24575	4	4404	50	32	0	4490
24576	4342	46	10	15	0	4413
24577	51	9	4359	10	0	4429
24578	4305	14	44	5	0	4368
24579	58	4294	10	13	0	4375
24580	4367	48	12	5	0	4432
24581	57	14	4	4312	0	4387
24582	4381	8	7	46	0	4442
24583	52	3	8	4390	0	4453
24584	18	9	4492	49	0	4568
24585	14	14	40	4475	0	4543
24586	6	7	4472	46	0	4531
24587	4160	4	37	11	0	4212
24588	31	4238	10	18	0	4297
24589	8	32	6	3942	0	3988
24590	7	4106	5	21	0	4139
24591	4217	24	4	7	0	4252
24592	4185	5	5	8	0	4203
24593	31	4144	4	3	0	4182
24594	4223	30	3	2	0	4258
24595	4330	2	3	4	0	4339
24596	28	5	4	4270	0	4307
24597	11	4	4	4337	0	4356
24598	4509	2	4	33	0	4548
24599	4595	2	7	5	0	4609
24600	33	5	2	4548	0	4588
24601	11	4	5	4994	0	5014
24602	5162	2	6	55	0	5225
24603	54	5	5124	10	0	5193
24604	4957	7	46	12	0	5022
24605	57	6	5030	10	0	5103
24606	14	4964	46	12	0	5036
24607	15	50	6	5013	0	5084
24608	18	12	5090	45	0	5165
24609	10	5234	49	9	0	5302
24610	5366	52	17	9	0	5444
24611	59	6	5365	9	0	5439
24612	5344	7	56	9	0	5416
24613	5466	8	9	8	0	5491
24614	5589	4	4	11	0	5608
24615	62	7	9	5310	0	5388
24616	16	5607	8	39	0	5670
24617	5665	46	6	10	0	5727
24618	57	9	5595	8	0	5669
24619	5426	5	48	9	0	5488
24620	63	7	5617	8	0	5695
24621	21	5578	54	11	0	5664
24622	9	51	10	5671	0	5741
24623	14	11	8	5676	0	5709
24624	12	5624	7	56	0	5699
24625	13	48	15	5785	0	5861
24626	7	21	5691	58	0	5777
24627	13	5694	50	22	0	5779
24628	10	50	18	5734	0	5812
24629	5724	19	3	57	0	5803
24630	5895	11	6	19	0	5931
24631	66	11	9	5978	0	6064
24632	23	6059	3	72	0	6157
24633	17	59	12	6059	0	6147
24634	18	15	4	6021	0	6058
24635	13	18	5656	85	0	5772
24636	14	5758	60	27	0	5859
24637	14	61	14	5687	0	5776
24638	10	13	5571	69	0	5663
24639	11	5453	59	25	0	5548
24640	10	70	12	5583	0	5675
24641	5581	16	8	67	0	5672
24642	57	5640	11	30	0	5738
24643	20	66	6	5735	0	5827
24644	5821	18	4	72	0	5915
24645	5881	9	9	21	0	5920
24646	5888	12	11	14	0	5925
24647	5786	11	6	17	0	5820
24648	81	5	6	5734	0	5826
24649	32	12	5723	62	0	5829
24650	16	12	58	5664	0	5750
24651	17	5680	16	70	0	5783
24652	5818	59	8	21	0	5906
24653	67	21	5601	13	0	5702
24654	5517	6	61	12	0	5596
24655	72	9	5545	13	0	5639
24656	26	11	61	5512	0	5610
24657	17	7	5578	58	0	5660
24658	15	7	62	5522	0	5606
24659	23	8	5508	63	0	5602
24660	13	5	62	5496	0	5576
24661	5575	5	19	68	0	5667
24662	71	5745	14	25	0	5855
24663	17	58	13	5864	0	5952
24664	15	20	11	5862	0	5908
24665	18	6	5965	85	0	6074
24666	18	12	5808	27	0	5865
24667	5649	6	73	22	0	5750
24668	61	5729	31	25	0	5846
24669	5784	56	16	11	0	5867
24670	5828	16	24	16	0	5884
24671	65	12	11	5783	0	5871
24672	25	5895	13	70	0	6003
24673	6069	57	15	25	0	6166
24674	6195	17	12	11	0	6235
24675	6325	12	7	19	0	6363
24676	6332	12	6	12	0	6362
24677	6293	10	7	10	0	6320
24678	86	7	6145	19	0	6257
24679	6194	13	59	11	0	6277
24680	85	9	6206	8	0	6308
24681	33	5	66	6141	0	6245
24682	36	12	16	6532	0	6596
24683	22	12	6370	80	0	6484
24684	6440	7	60	31	0	6538
24685	78	7	26	7008	0	7119
24686	30	11	10	7124	0	7175
24687	27	10	12	7214	0	7263
24688	28	4	11	7178	0	7221
24689	26	10	9	7308	0	7353
24690	22	6	7202	146	0	7376
24691	19	4	103	7112	0	7238
24692	18	11	7162	130	0	7321
24693	18	9	7110	58	0	7195
24694	7065	3	130	38	0	7236
24695	7316	5	50	31	0	7402
24696	7577	4	78	35	0	7694
24697	159	8	7691	27	0	7885
24698	59	8	7723	22	0	7812
24699	34	14	7703	32	0	7783
24700	20	7808	175	27	0	8030
24701	78	143	100	7551	0	7872
24702	7764	23	38	119	0	7944
24703	136	16	19	7937	0	8108
24704	45	7989	20	138	0	8192
24705	8193	125	21	44	0	8383
24706	143	39	21	8140	0	8343
24707	43	8238	26	149	0	8456
24708	30	138	18	8325	0	8511
24709	26	43	11	8313	0	8393
24710	8104	23	16	187	0	8330
24711	146	17	15	8101	0	8279
24712	59	14	7891	159	0	8123
24713	34	12	134	7908	0	8088
24714	20	7792	51	156	0	8019
24715	28	7955	29	63	0	8075
24716	23	165	22	7732	0	7942
24717	24	64	12	7728	0	7828
24718	23	7606	20	178	0	7827
24719	18	7681	20	68	0	7787
24720	24	7793	10	48	0	7875
24721	14	193	11	7404	0	7622
24722	14	7702	12	144	0	7872
24723	7670	155	7	66	0	7898
24724	138	55	7632	53	0	7878
24725	43	55	134	7555	0	7787
24726	27	7646	42	144	0	7859
24727	7653	152	21	70	0	7896
24728	148	64	7567	50	0	7829
24729	50	7601	133	46	0	7830
24730	7515	148	41	36	0	7740
24731	129	7351	33	35	0	7548
24732	44	7526	18	34	0	7622
24733	36	179	20	7413	0	7648
24734	27	7454	15	148	0	7644
24735	7467	152	19	60	0	7698
24736	135	70	10	7422	0	7637
24737	56	44	7349	146	0	7595
24738	25	39	7414	60	0	7538
24739	18	40	150	7409	0	7617
24740	27	35	7468	143	0	7673
24741	27	32	139	7485	0	7683
24742	7343	31	52	164	0	7590
24743	134	33	7328	73	0	7568
24744	50	24	144	7235	0	7453
24745	30	7206	55	144	0	7435
24746	26	127	33	7378	0	7564
24747	14	52	30	7418	0	7514
24748	28	7417	26	186	0	7657
24749	25	141	24	7584	0	7774
24750	16	61	32	7633	0	7742
24751	26	42	7401	180	0	7649
24752	20	7366	125	94	0	7605
24753	7479	134	48	71	0	7732
24754	129	73	42	7532	0	7776
24755	49	42	7585	165	0	7841
24756	35	31	144	7582	0	7792
24757	20	29	7505	194	0	7748
24758	7304	38	152	78	0	7572
24759	142	7442	60	65	0	7709
24760	57	134	48	7579	0	7818
24761	36	60	37	7726	0	7859
24762	7351	44	27	189	0	7611
24763	155	31	31	7358	0	7575
24764	62	48	7183	176	0	7469
24765	42	34	137	6982	0	7195
24766	31	6868	62	164	0	7125
24767	20	7084	42	101	0	7247
24768	32	7170	34	63	0	7299
24769	27	186	26	7074	0	7313
24770	23	77	6856	172	0	7128
24771	30	6725	121	83	0	6959
24772	6626	153	43	67	0	6889
24773	121	6706	30	65	0	6922
24774	6770	151	25	51	0	6997
24775	6735	70	16	59	0	6880
24776	167	48	6582	46	0	6843
24777	6703	36	128	56	0	6923
24778	6964	42	47	38	0	7091
24779	6977	27	27	54	0	7085
24780	6950	35	27	41	0	7053
24781	184	32	6829	35	0	7080
24782	6590	28	120	39	0	6777
24783	6744	32	52	35	0	6863
24784	152	6564	22	28	0	6766
24785	60	100	12	6157	0	6329
24786	26	52	12	6175	0	6265
24787	24	6108	21	116	0	6269
24788	6042	103	11	39	0	6195
24789	98	5977	13	28	0	6116
24790	5843	95	11	20	0	5969
24791	5885	40	13	20	0	5958
24792	106	5913	18	32	0	6069
24793	49	86	15	5965	0	6115
24794	36	38	5970	78	0	6122
24795	31	5784	80	39	0	5934
24796	34	131	21	5349	0	5535
24797	28	5470	17	58	0	5573
24798	24	5617	13	18	0	5672
24799	27	120	20	5380	0	5547
24800	33	27	5381	66	0	5507
24801	16	5138	65	32	0	5251
24802	9	5072	28	13	0	5122
24803	4719	59	31	5	0	4814
24804	44	17	3	4920	0	4984
24805	18	7	0	5059	0	5084
24806	5	4	2	5234	0	5245
24807	4	3	5226	74	0	5307
24808	4	5	52	5453	0	5514
24809	6	5584	23	66	0	5679
24810	5921	58	7	24	0	6010
24811	71	23	3	5932	0	6029
24812	27	9	5873	72	0	5981
24813	6063	6	72	28	0	6169
24814	85	3	25	6271	0	6384
24815	29	11	6563	90	0	6693
24816	18	8	6586	30	0	6642
24817	6670	7	122	11	0	6810
24818	6922	1	33	10	0	6966
24819	6907	4	6	7	0	6924
24820	6963	4	2	7	0	6976
24821	133	10	6725	3	0	6871
24822	44	6809	93	28	0	6974
24823	6872	103	39	8	0	7022
24824	108	6879	14	7	0	7008
24825	6878	97	7	10	0	6992
24826	104	6881	8	15	0	7008
24827	48	99	4	6898	0	7049
24828	8	38	9	6931	0	6986
24829	13	8	10	6899	0	6930
24830	8	6708	15	127	0	6858
24831	16	6853	6	44	0	6919
24832	18	120	2	6595	0	6735
24833	10	6653	11	100	0	6774
24834	13	105	6616	33	0	6767
24835	12	38	102	6609	0	6761
24836	10	19	6656	104	0	6789
24837	6561	9	106	39	0	6715
24838	6699	19	34	16	0	6768
24839	140	7	6615	18	0	6780
24840	40	23	6613	14	0	6690
24841	14	11	125	6571	0	6721
24842	17	16	6570	110	0	6713
24843	13	18	102	6350	0	6483
24844	21	6390	40	105	0	6556
24845	14	117	8	6557	0	6696
24846	24	46	16	6588	0	6674
24847	11	21	11	6656	0	6699
24848	8	19	6330	148	0	6505
24849	19	15	102	6253	0	6389
24850	18	22	45	6283	0	6368
24851	19	21	17	6139	0	6196
24852	17	6248	18	129	0	6412
24853	6324	104	16	66	0	6510
24854	6320	38	25	41	0	6424
24855	6257	17	26	41	0	6341
24856	148	20	16	6153	0	6337
24857	56	21	6075	122	0	6274
24858	60	26	6035	53	0	6174
24859	21	6040	127	45	0	6233
24860	5993	104	56	40	0	6193
24861	107	6030	27	41	0	6205
24862	6139	104	26	34	0	6303
24863	113	6110	26	37	0	6286
24864	6097	111	21	37	0	6266
24865	113	6314	19	32	0	6478
24866	69	111	25	6354	0	6559
24867	42	59	6239	132	0	6472
24868	37	30	6341	68	0	6476
24869	33	27	153	6268	0	6481
24870	20	26	64	6414	0	6524
24871	26	27	39	6496	0	6588
24872	41	26	6271	165	0	6503
24873	43	29	115	6261	0	6448
24874	6179	18	53	141	0	6391
24875	6197	20	39	70	0	6326
24876	165	6085	37	49	0	6336
24877	5995	124	31	37	0	6187
24878	144	5930	28	34	0	6136
24879	5959	131	29	38	0	6157
24880	6008	66	31	34	0	6139
24881	5916	36	37	29	0	6018
24882	172	32	5869	38	0	6111
24883	78	22	5821	50	0	5971
24884	5767	27	155	42	0	5991
24885	5912	28	66	37	0	6043
24886	179	31	38	5789	0	6037
24887	82	38	21	5954	0	6095
24888	62	23	23	6040	0	6148
24889	36	40	24	6067	0	6167
24890	33	37	26	6157	0	6253
24891	5948	40	27	187	0	6202
24892	135	35	20	5910	0	6100
24893	83	30	5711	148	0	5972
24894	5625	23	124	93	0	5865
24895	5736	29	70	53	0	5888
24896	169	5690	40	57	0	5956
24897	65	5679	29	57	0	5830
24898	5301	121	21	30	0	5473
24899	106	5440	26	38	0	5610
24900	5328	93	24	42	0	5487
24901	5557	36	35	36	0	5664
24902	5608	17	22	37	0	5684
24903	150	18	19	5370	0	5557
24904	57	5195	21	113	0	5386
24905	5157	84	18	45	0	5304
24906	98	32	8	5067	0	5205
24907	38	16	21	4830	0	4905
24908	4433	8	15	118	0	4574
24909	82	4314	16	56	0	4468
24910	42	67	7	4170	0	4286
24911	4193	29	12	89	0	4323
24912	72	4193	4	46	0	4315
24913	4141	47	6	21	0	4215
24914	65	28	3984	20	0	4097
24915	3770	9	40	14	0	3833
24916	60	3824	14	12	0	3910
24917	3776	43	19	4	0	3842
24918	3767	26	6	5	0	3804
24919	60	3845	2	10	0	3917
24920	3893	40	0	3	0	3936
24921	53	3824	1	5	0	3883
24922	4008	43	1	2	0	4054
24923	47	21	1	3994	0	4063
24924	24	11	1	3990	0	4026
24925	13	10	1	4037	0	4061
24926	17	2	3865	58	0	3942
24927	5	3	35	3911	0	3954
24928	12	5	3921	51	0	3989
24929	7	9	38	3919	0	3973
24930	5	3908	22	39	0	3974
24931	9	34	8	4025	0	4076
24932	5	21	4015	47	0	4088
24933	6	10	4099	27	0	4142
24934	6	7	51	4110	0	4174
24935	4113	2	24	46	0	4185
24936	4125	2	15	26	0	4168
24937	55	4147	11	14	0	4227
24938	27	35	2	4211	0	4275
24939	21	20	4336	40	0	4417
24940	10	11	39	4393	0	4453
24941	11	9	4398	46	0	4464
24942	4337	7	43	26	0	4413
24943	50	4	20	4446	0	4520
24944	26	5	4421	50	0	4502
24945	14	7	44	4443	0	4508
24946	14	4	20	4517	0	4555
24947	12	6	4475	66	0	4559
24948	12	3	46	4443	0	4504
24949	4473	4	25	58	0	4560
24950	4521	4	15	31	0	4571
24951	66	6	8	4570	0	4650
24952	4606	7	11	56	0	4680
24953	66	4	4616	27	0	4713
24954	33	11	4598	17	0	4659
24955	4652	7	55	20	0	4734
24956	4867	4	27	13	0	4911
24957	67	9	16	4776	0	4868
24958	38	5	11	4840	0	4894
24959	22	3	4771	80	0	4876
24960	24	6	45	4613	0	4688
24961	9	4789	24	57	0	4879
24962	4912	41	21	21	0	4995
24963	5154	17	12	13	0	5196
24964	66	5135	8	16	0	5225
24965	4963	48	7	14	0	5032
24966	4982	25	8	13	0	5028
24967	73	5092	17	17	0	5199
24968	5164	52	13	13	0	5242
24969	60	5140	11	15	0	5226
24970	5220	54	4	13	0	5291
24971	68	29	5188	14	0	5299
24972	31	15	47	5207	0	5300
24973	18	13	28	5318	0	5377
24974	16	7	15	5578	0	5616
24975	5556	8	14	84	0	5662
24976	72	2	6	5782	0	5862
24977	30	10	5708	80	0	5828
24978	5796	5	70	35	0	5906
24979	75	3	30	5812	0	5920
24980	31	5680	19	85	0	5815
24981	23	5905	13	44	0	5985
24982	15	88	13	5853	0	5969
24983	15	34	9	5867	0	5925
24984	19	17	12	5904	0	5952
24985	23	10	5661	105	0	5799
24986	22	5609	67	50	0	5748
24987	5631	60	20	28	0	5739
24988	5543	25	16	18	0	5602
24989	85	5543	16	12	0	5656
24990	40	5769	14	14	0	5837
24991	40	88	15	5722	0	5865
24992	23	26	5644	73	0	5766
24993	5551	25	60	51	0	5687
24994	5728	15	21	29	0	5793
24995	79	9	17	5709	0	5814
24996	37	6	15	5692	0	5750
24997	5562	4	9	84	0	5659
24998	75	10	5489	36	0	5610
24999	5400	9	50	31	0	5490
25000	67	5439	30	18	0	5554
25001	27	52	7	5224	0	5310
25002	22	5180	6	52	0	5260
25003	5301	49	9	26	0	5385
25004	48	21	7	5248	0	5324
25005	20	18	5	5229	0	5272
25006	21	5155	12	60	0	5248
25007	5297	40	10	32	0	5379
25008	5305	23	7	20	0	5355
25009	66	15	5216	20	0	5317
25010	25	18	5011	22	0	5076
25011	5163	8	55	11	0	5237
25012	57	11	5159	14	0	5241
25013	28	12	5013	12	0	5065
25014	5070	6	67	11	0	5154
25015	48	6	5736	12	0	5802
25016	25	8	85	5796	0	5914
25017	21	5	33	6020	0	6079
25018	6327	4	20	120	0	6471
25019	113	6	6435	57	0	6611
25020	6737	6	119	38	0	6900
25021	142	12	42	6739	0	6935
25022	6806	6	22	122	0	6956
25023	6894	5	20	57	0	6976
25024	6950	2	9	31	0	6992
25025	199	7	9	6817	0	7032
25026	6931	7	11	130	0	7079
25027	188	8	7	6888	0	7091
25028	91	9	9	6917	0	7026
25029	53	6	13	6958	0	7030
25030	53	6	11	6970	0	7040
25031	6794	8	8	219	0	7029
25032	6813	6	12	105	0	6936
25033	188	12	6633	66	0	6899
25034	6738	5	133	41	0	6917
25035	6876	5	51	35	0	6967
25036	196	7	27	6687	0	6917
25037	98	6605	21	151	0	6875
25038	6760	122	15	67	0	6964
25039	181	51	15	6529	0	6776
25040	6522	21	15	156	0	6714
25041	176	6433	20	68	0	6697
25042	6585	125	7	49	0	6766
25043	174	51	8	6423	0	6656
25044	84	6368	7	148	0	6607
25045	6478	154	6	72	0	6710
25046	174	6429	11	56	0	6670
25047	71	6687	19	53	0	6830
25048	6701	173	12	38	0	6924
25049	165	78	6504	50	0	6797
25050	6666	44	130	40	0	6880
25051	196	28	52	6624	0	6900
25052	102	27	6620	142	0	6891
25053	82	22	141	6554	0	6799
25054	72	26	53	6737	0	6888
25055	51	23	6527	208	0	6809
25056	6469	14	148	95	0	6726
25057	180	8	61	6556	0	6805
25058	95	10	35	6636	0	6776
25059	69	13	23	6624	0	6729
25060	6489	11	20	243	0	6763
25061	165	16	6344	137	0	6662
25062	92	16	6388	93	0	6589
25063	58	16	162	6091	0	6327
25064	61	8	6021	165	0	6255
25065	5954	8	154	95	0	6211
25066	158	5909	76	69	0	6212
25067	5894	113	42	49	0	6098
25068	177	51	38	5700	0	5966
25069	91	5751	35	148	0	6025
25070	67	147	28	5786	0	6028
25071	70	5815	26	166	0	6077
25072	57	153	18	5907	0	6135
25073	71	75	5705	168	0	6019
25074	60	47	5491	94	0	5692
25075	51	5495	150	78	0	5774
25076	5317	121	65	63	0	5566
25077	127	70	42	5223	0	5462
25078	79	40	25	5344	0	5488
25079	5304	38	21	181	0	5544
25080	5360	30	30	86	0	5506
25081	187	22	27	5356	0	5592
25082	108	28	5195	137	0	5468
25083	79	5202	112	73	0	5466
25084	62	115	49	5265	0	5491
25085	47	51	41	5235	0	5374
25086	46	5327	25	168	0	5566
25087	5410	128	19	94	0	5651
25088	136	59	5396	58	0	5649
25089	74	42	114	5352	0	5582
25090	42	35	53	5302	0	5432
25091	47	26	5154	184	0	5411
25092	40	27	124	5268	0	5459
25093	5281	26	57	168	0	5532
25094	5277	27	45	93	0	5442
25095	5348	15	43	65	0	5471
25096	188	5186	35	68	0	5477
25097	5552	115	40	44	0	5751
25098	175	54	31	5479	0	5739
25099	90	39	29	5494	0	5652
25100	62	5791	27	180	0	6060
25101	6367	135	20	92	0	6614
25102	6587	69	23	60	0	6739
25103	6662	48	21	56	0	6787
25104	6741	36	25	59	0	6861
25105	6754	26	22	64	0	6866
25106	235	27	6396	59	0	6717
25107	6650	26	151	39	0	6866
25108	6708	27	61	36	0	6832
25109	6651	14	44	38	0	6747
25110	237	14	43	6455	0	6749
25111	124	19	30	6530	0	6703
25112	98	15	6165	200	0	6478
25113	5881	22	152	95	0	6150
25114	178	6087	69	88	0	6422
25115	66	5450	32	40	0	5588
25116	58	93	5224	28	0	5403
25117	39	5206	85	32	0	5362
25118	21	4942	34	21	0	5018
25119	66	147	78	4132	0	4423
25120	13	4285	11	57	0	4366
25121	4284	58	12	14	0	4368
25122	4189	23	6	13	0	4231
25123	62	15	5	4160	0	4242
25124	31	15	4111	51	0	4208
25125	4096	7	50	19	0	4172
25126	67	9	4112	19	0	4207
25127	24	8	4135	13	0	4180
25128	23	5	67	3932	0	4027
25129	22	5	22	4133	0	4182
25130	16	7	4108	58	0	4189
25131	16	4022	58	25	0	4121
25132	10	4252	16	28	0	4306
25133	4227	60	21	11	0	4319
25134	4290	17	13	8	0	4328
25135	63	19	4189	6	0	4277
25136	4193	16	49	6	0	4264
25137	4369	7	11	10	0	4397
25138	68	8	17	4238	0	4331
25139	35	6	11	4340	0	4392
25140	35	6	1	4385	0	4427
25141	4354	4	6	67	0	4431
25142	4397	10	6	27	0	4440
25143	4418	4	6	18	0	4446
25144	87	5	7	4358	0	4457
25145	48	5	4261	52	0	4366
25146	4256	5	50	13	0	4324
25147	4206	7	12	20	0	4245
25148	67	4	23	4091	0	4185
25149	38	4146	13	61	0	4258
25150	31	50	5	4170	0	4256
25151	28	4194	12	66	0	4300
25152	19	61	9	4059	0	4148
25153	16	4210	7	71	0	4304
25154	4140	61	17	16	0	4234
25155	68	21	11	4116	0	4216
25156	21	4117	10	65	0	4213
25157	26	64	4090	17	0	4197
25158	4099	16	53	20	0	4188
25159	56	26	16	4117	0	4215
25160	30	4129	16	58	0	4233
25161	34	45	10	4048	0	4137
25162	24	4017	11	61	0	4113
25163	28	4196	15	14	0	4253
25164	4220	65	9	19	0	4313
25165	4255	25	13	24	0	4317
25166	64	21	4221	15	0	4321
25167	4240	15	51	16	0	4322
25168	4254	17	21	13	0	4305
25169	78	4151	29	14	0	4272
25170	40	55	10	4212	0	4317
25171	38	20	6	4189	0	4253
25172	34	18	4085	55	0	4192
25173	37	17	4048	22	0	4124
25174	4083	9	60	23	0	4175
25175	4168	7	25	15	0	4215
25176	4156	1	23	17	0	4197
25177	77	5	4040	23	0	4145
25178	42	11	48	3998	0	4099
25179	4010	9	17	59	0	4095
25180	62	6	14	3982	0	4064
25181	20	9	3843	65	0	3937
25182	3785	9	49	30	0	3873
25183	69	5	3967	20	0	4061
25184	26	3842	53	25	0	3946
25185	3956	47	21	8	0	4032
25186	58	17	3872	18	0	3965
25187	17	21	50	3853	0	3941
25188	3837	19	16	45	0	3917
25189	56	10	8	3872	0	3946
25190	3895	16	9	56	0	3976
25191	60	14	3	3900	0	3977
25192	3982	7	6	64	0	4059
25193	4034	15	9	24	0	4082
25194	4003	6	11	23	0	4043
25195	3981	11	9	12	0	4013
25196	74	8	9	3917	0	4008
25197	32	5	3646	43	0	3726
25198	23	11	3672	18	0	3724
25199	11	3620	48	17	0	3696
25200	10	3188	17	17	0	3232
25201	2699	25	65	10	0	2799
25202	24	12	0	2568	0	2604
25203	3	4	2575	13	0	2595
25204	2	2	2688	2	0	2694
25205	1	10	13	2690	0	2714
25206	2723	1	0	13	0	2737
25207	15	2723	3	1	0	2742
25208	2912	13	3	3	0	2931
25209	13	0	4	2944	0	2961
25210	4	0	0	2947	0	2951
25211	2	1	2	2955	0	2960
25212	5	4	2965	13	0	2987
25213	4	2	2905	4	0	2915
25214	2	2881	13	4	0	2900
25215	0	13	1	3044	0	3058
25216	3010	1	2	16	0	3029
25217	13	2	2959	6	0	2980
25218	2	4	3009	1	0	3016
25219	3	1	10	3060	0	3074
25220	2	0	0	3139	0	3141
25221	1	1	2	3168	0	3172
25222	4	1	3	3608	0	3616
25223	3637	0	3	36	0	3676
25224	33	0	2	3708	0	3743
25225	3699	1	2	39	0	3741
25226	38	1	3708	12	0	3759
25227	9	3703	35	6	0	3753
25228	4	37	4	3767	0	3812
25229	11	5	3809	40	0	3865
25230	9	3	3827	11	0	3850
25231	5	3867	43	4	0	3919
25232	2	34	8	3786	0	3830
25233	3	8	6	3821	0	3838
25234	3	2	3822	39	0	3866
25235	3734	8	40	6	0	3788
25236	38	3	10	3831	0	3882
25237	5	3	3	3780	0	3791
25238	4	2	3831	48	0	3885
25239	7	3836	43	19	0	3905
25240	4	4164	7	14	0	4189
25241	4248	65	3	13	0	4329
25242	63	13	9	4263	0	4348
25243	4516	8	7	70	0	4601
25244	77	10	4461	15	0	4563
25245	23	6	70	4474	0	4573
25246	4489	3	21	81	0	4594
25247	4539	2	12	22	0	4575
25248	86	5	9	4498	0	4598
25249	24	8	4484	82	0	4598
25250	18	3	4531	20	0	4572
25251	11	3	88	4506	0	4608
25252	12	6	4534	83	0	4635
25253	4370	1	83	26	0	4480
25254	73	4377	27	29	0	4506
25255	4512	74	18	14	0	4618
25256	4596	18	12	11	0	4637
25257	93	9	6	4546	0	4654
25258	29	7	12	4616	0	4664
25259	4586	11	15	91	0	4703
25260	87	7	5	4597	0	4696
25261	23	9	4522	94	0	4648
25262	13	4533	85	32	0	4663
25263	10	77	18	4544	0	4649
25264	11	22	12	4565	0	4610
25265	12	10	11	4604	0	4637
25266	10	9	4436	107	0	4562
25267	9	4407	81	47	0	4544
25268	14	72	20	4558	0	4664
25269	5	16	4491	98	0	4610
25270	8	9	85	4489	0	4591
25271	4495	16	22	91	0	4624
25272	82	14	10	4538	0	4644
25273	26	8	4458	98	0	4590
25274	4467	4	83	43	0	4597
25275	92	4523	29	23	0	4667
25276	27	4654	16	29	0	4726
25277	4747	91	16	21	0	4875
25278	94	26	4797	19	0	4936
25279	31	18	89	4762	0	4900
25280	19	10	23	4951	0	5003
25281	19	9	4868	100	0	4996
25282	11	4860	102	41	0	5014
25283	13	79	26	4770	0	4888
25284	20	23	4814	91	0	4948
25285	15	13	89	4828	0	4945
25286	4849	16	24	101	0	4990
25287	92	9	4946	37	0	5084
25288	28	8	88	4955	0	5079
25289	17	5	22	5037	0	5081
25290	18	6	4871	108	0	5003
25291	20	13	91	4746	0	4870
25292	19	4733	24	104	0	4880
25293	7	77	27	4554	0	4665
25294	11	4768	21	91	0	4891
25295	4799	80	16	46	0	4941
25296	4773	23	28	27	0	4851
25297	106	18	4721	41	0	4886
25298	32	21	4700	29	0	4782
25299	26	13	4641	22	0	4702
25300	20	4590	97	31	0	4738
25301	21	78	43	4737	0	4879
25302	23	19	4851	93	0	4986
25303	17	15	98	4799	0	4929
25304	19	16	27	4843	0	4905
25305	19	12	4824	108	0	4963
25306	21	13	84	4855	0	4973
25307	21	18	23	4831	0	4893
25308	18	4740	16	115	0	4889
25309	17	75	24	4798	0	4914
25310	12	21	24	4931	0	4988
25311	13	19	4836	118	0	4986
25312	11	16	89	4796	0	4912
25313	14	11	4871	114	0	5010
25314	11	13	4769	47	0	4840
25315	4702	13	102	39	0	4856
25316	81	16	36	4691	0	4824
25317	22	4805	33	94	0	4954
25318	20	4871	21	49	0	4961
25319	14	99	23	4849	0	4985
25320	12	40	4724	103	0	4879
25321	14	4763	89	51	0	4917
25322	16	70	26	4451	0	4563
25323	14	18	4596	70	0	4698
25324	8	4611	61	26	0	4706
25325	4802	56	20	23	0	4901
25326	4806	18	19	15	0	4858
25327	4939	16	11	16	0	4982
25328	65	10	9	4982	0	5066
25329	21	11	11	5028	0	5071
25330	13	13	10	5020	0	5056
25331	8	5	4925	88	0	5026
25332	4970	5	66	39	0	5080
25333	55	7	27	5074	0	5163
25334	17	8	5080	66	0	5171
25335	5069	11	62	28	0	5170
25336	5206	8	23	21	0	5258
25337	78	23	5005	18	0	5124
25338	5144	6	56	23	0	5229
25339	61	5366	21	27	0	5475
25340	13	27	5158	15	0	5213
25341	5029	12	49	11	0	5101
25342	33	5160	23	18	0	5234
25343	4	26	10	4896	0	4936
25344	3	4944	6	27	0	4980
25345	6	21	6	5034	0	5067
25346	5	6	5013	23	0	5047
25347	4728	5	25	8	0	4766
25348	28	4	5025	4	0	5061
25349	5	4856	28	6	0	4895
25350	1	5013	5	5	0	5024
25351	4998	20	3	6	0	5027
25352	27	3	4958	3	0	4991
25353	1	2	27	4929	0	4959
25354	5	9	5024	24	0	5062
25355	3	5071	27	6	0	5107
25356	4	26	8	4900	0	4938
25357	2	5092	6	21	0	5121
25358	5258	24	6	6	0	5294
25359	5303	5	4	3	0	5315
25360	5289	5	4	5	0	5303
25361	28	4	5267	6	0	5305
25362	8	8	5139	4	0	5159
25363	5168	0	28	8	0	5204
25364	27	5	5378	6	0	5416
25365	6	11	26	5216	0	5259
25366	1	5279	9	29	0	5318
25367	5535	25	8	9	0	5577
25368	5521	7	2	5	0	5535
25369	5652	2	5	5	0	5664
25370	32	3	5	5748	0	5788
25371	11	4	1	5839	0	5855
25372	5867	4	3	36	0	5910
25373	35	5771	6	16	0	5828
25374	5850	29	5	7	0	5891
25375	33	5	4	5775	0	5817
25376	7	5	3	5790	0	5805
25377	5665	3	3	41	0	5712
25378	32	5526	6	12	0	5576
25379	5599	33	3	5	0	5640
25380	37	5589	10	11	0	5647
25381	5563	34	5	6	0	5608
25382	37	11	1	5755	0	5804
25383	5810	4	3	37	0	5854
25384	6069	5	3	10	0	6087
25385	6660	9	2	4	0	6675
25386	66	6775	3	9	0	6853
25387	13	65	6648	8	0	6734
25388	6718	10	59	7	0	6794
25389	6865	8	9	2	0	6884
25390	68	6770	10	8	0	6856
25391	16	67	7	6891	0	6981
25392	13	13	6	6928	0	6960
25393	6939	4	5	74	0	7022
25394	80	10	5	7044	0	7139
25395	22	14	7054	72	0	7162
25396	18	10	7005	23	0	7056
25397	7208	10	78	7	0	7303
25398	86	10	10	7261	0	7367
25399	17	7	11	7337	0	7372
25400	13	3	6	7442	0	7464
25401	15	7	7527	88	0	7637
25402	15	7	78	7488	0	7588
25403	14	4	19	7818	0	7855
25404	14	4	15	7781	0	7814
25405	7641	4	14	105	0	7764
25406	98	3	11	7714	0	7826
25407	26	12	7781	100	0	7919
25408	8173	8	91	37	0	8309
25409	108	9	8416	22	0	8555
25410	8622	3	99	32	0	8756
25411	7784	20	64	40	0	7908
25412	148	4	13	8961	0	9126
25413	35	8963	13	144	0	9155
25414	32	127	18	9162	0	9339
25415	19	32	13	9159	0	9223
25416	25	9159	21	154	0	9359
25417	9150	127	13	46	0	9336
25418	136	9070	17	35	0	9258
25419	9190	124	12	33	0	9359
25420	9237	32	16	31	0	9316
25421	165	16	6	9124	0	9311
25422	47	16	7	9144	0	9214
25423	29	14	8709	176	0	8928
25424	37	22	8519	42	0	8620
25425	8418	14	140	40	0	8612
25426	8634	16	32	32	0	8714
25427	158	8225	19	39	0	8441
25428	50	119	17	8288	0	8474
25429	36	37	8546	142	0	8761
25430	38	38	129	8616	0	8821
25431	8582	19	39	149	0	8789
25432	8459	14	22	46	0	8541
25433	149	8410	18	42	0	8619
25434	53	127	11	8427	0	8618
25435	38	40	15	8497	0	8590
25436	31	22	16	8452	0	8521
25437	36	19	8063	166	0	8284
25438	7477	14	131	67	0	7689
25439	7899	11	27	45	0	7982
25440	161	20	7783	34	0	7998
25441	44	7773	132	44	0	7993
25442	7876	116	36	36	0	8064
25443	7955	26	16	45	0	8042
25444	165	19	7764	40	0	7988
25445	48	25	8015	37	0	8125
25446	39	20	147	7959	0	8165
25447	52	16	7969	139	0	8176
25448	7900	11	137	42	0	8090
25449	8030	19	37	31	0	8117
25450	8177	18	27	28	0	8250
25451	175	16	32	7760	0	7983
25452	58	8262	27	120	0	8467
25453	8457	113	26	54	0	8650
25454	8387	30	20	47	0	8484
25455	170	23	8241	38	0	8472
25456	68	26	8132	25	0	8251
25457	7742	25	126	37	0	7930
25458	159	16	46	8182	0	8403
25459	66	32	8086	140	0	8324
25460	44	8009	127	57	0	8237
25461	57	126	44	8115	0	8342
25462	8091	31	32	143	0	8297
25463	143	8159	42	53	0	8397
25464	54	124	31	8084	0	8293
25465	57	8068	26	131	0	8282
25466	56	8262	30	48	0	8396
25467	34	135	24	8221	0	8414
25468	31	47	41	8226	0	8345
25469	37	8052	38	159	0	8286
25470	8116	124	22	46	0	8308
25471	163	34	8009	33	0	8239
25472	7983	33	128	31	0	8175
25473	146	32	30	8254	0	8462
25474	43	24	32	8321	0	8420
25475	46	19	27	8358	0	8450
25476	45	18	27	8335	0	8425
25477	55	15	8284	160	0	8514
25478	48	22	126	8358	0	8554
25479	37	28	41	8438	0	8544
25480	39	8752	27	162	0	8980
25481	51	135	8836	59	0	9081
25482	34	9095	131	68	0	9328
25483	49	138	9211	46	0	9444
25484	33	9232	121	40	0	9426
25485	73	149	56	8497	0	8775
25486	8453	41	26	119	0	8639
25487	118	8452	26	49	0	8645
25488	58	112	21	8596	0	8787
25489	41	42	8476	134	0	8693
25490	25	8643	127	49	0	8844
25491	8707	131	37	37	0	8912
25492	8662	48	34	38	0	8782
25493	142	8624	32	25	0	8823
25494	57	123	8435	24	0	8639
25495	8293	41	125	24	0	8483
25496	141	33	38	8718	0	8930
25497	8550	37	34	139	0	8760
25498	142	8712	31	54	0	8939
25499	54	8924	23	44	0	9045
25500	47	157	8669	38	0	8911
25501	8586	59	129	30	0	8804
25502	141	56	35	8635	0	8867
25503	8578	28	27	127	0	8760
25504	129	8573	36	52	0	8790
25505	8636	130	24	33	0	8823
25506	8589	43	22	33	0	8687
25507	166	39	8596	22	0	8823
25508	47	8167	101	24	0	8339
25509	45	8275	40	18	0	8378
25510	28	153	33	7605	0	7819
25511	16	7706	13	81	0	7816
25512	7621	86	12	24	0	7743
25513	80	7547	6	25	0	7658
25514	31	87	10	7383	0	7511
25515	25	7334	15	69	0	7443
25516	22	7277	9	30	0	7338
25517	15	7478	15	18	0	7526
25518	31	107	10	7483	0	7631
25519	20	35	10	7549	0	7614
25520	30	26	4	7488	0	7548
25521	21	7287	17	96	0	7421
25522	21	72	7301	32	0	7426
25523	14	46	7276	22	0	7358
25524	7183	34	75	16	0	7308
25525	69	33	27	7421	0	7550
25526	36	31	7586	72	0	7725
25527	31	37	7675	32	0	7775
25528	19	7727	77	33	0	7856
25529	19	87	29	7538	0	7673
25530	20	42	20	7677	0	7759
25531	7661	39	13	84	0	7797
25532	67	38	12	7632	0	7749
25533	26	22	10	7681	0	7739
25534	24	29	7863	101	0	8017
25535	17	21	74	7768	0	7880
25536	15	29	25	8231	0	8300
25537	17	19	8306	98	0	8440
25538	21	25	8341	42	0	8429
25539	17	8193	87	45	0	8342
25540	29	83	8277	28	0	8417
25541	18	31	87	8135	0	8271
25542	12	41	47	7529	0	7629
25543	20	28	8368	109	0	8525
25544	14	8135	82	64	0	8295
25545	8056	84	34	50	0	8224
25546	69	8080	34	44	0	8227
25547	29	89	31	8199	0	8348
25548	22	38	23	8291	0	8374
25549	22	8199	30	125	0	8376
25550	16	85	33	8321	0	8455
25551	20	40	24	8340	0	8424
25552	23	37	7883	110	0	8053
25553	15	7749	92	62	0	7918
25554	14	94	43	7988	0	8139
25555	21	39	7928	98	0	8086
25556	18	48	82	7852	0	8000
25557	19	33	40	7915	0	8007
25558	24	26	43	8039	0	8132
25559	28	38	22	7975	0	8063
25560	25	31	25	7934	0	8015
25561	27	7923	32	119	0	8101
25562	7937	91	25	63	0	8116
25563	83	47	7815	60	0	8005
25564	7105	41	72	62	0	7280
25565	84	31	8052	56	0	8223
25566	36	8182	87	61	0	8366
25567	28	100	8242	43	0	8413
25568	24	8258	92	54	0	8428
25569	22	112	56	8132	0	8322
25570	36	44	28	8067	0	8175
25571	20	8205	26	118	0	8369
25572	27	8440	24	67	0	8558
25573	8567	108	23	51	0	8749
25574	8653	53	17	53	0	8776
25575	8653	38	22	46	0	8759
25576	8797	38	23	43	0	8901
25577	104	53	23	8705	0	8885
25578	41	8593	26	89	0	8749
25579	8764	78	16	45	0	8903
25580	63	35	25	8366	0	8489
25581	8143	24	16	72	0	8255
25582	7788	26	18	30	0	7862
25583	67	7511	15	24	0	7617
25584	21	7351	6	21	0	7399
25585	21	7756	6	17	0	7800
25586	9	92	12	7540	0	7653
25587	9	7616	4	49	0	7678
25588	7720	46	7	21	0	7794
25589	7900	15	3	16	0	7934
25590	7915	8	7	12	0	7942
25591	8037	11	5	8	0	8061
25592	8152	5	14	9	0	8180
25593	68	12	8236	7	0	8323
25594	8297	7	64	8	0	8376
25595	81	6	8409	7	0	8503
25596	8247	3	67	8	0	8325
25597	75	11	28	8080	0	8194
25598	23	9	8376	52	0	8460
25599	14	11	8718	14	0	8757
25600	14	9285	77	16	0	9392
25601	9675	114	35	4	0	9828
25602	10136	16	22	10	0	10184
25603	155	11121	10	23	0	11309
25604	41	185	7	12758	0	12991
25605	13577	43	7	234	0	13861
25606	267	64	13524	68	0	13923
25607	80	13544	241	43	0	13908
25608	13534	249	68	17	0	13868
25609	254	13542	43	19	0	13858
25610	76	299	19	13189	0	13583
25611	60	13672	14	232	0	13978
25612	26	305	16	13386	0	13733
25613	23	13377	18	260	0	13678
25614	21	13867	14	85	0	13987
25615	13652	324	9	50	0	14035
25616	13887	130	9	31	0	14057
25617	334	89	13575	28	0	14026
25618	131	51	13576	26	0	13784
25619	86	51	13762	14	0	13913
25620	41	40	361	13534	0	13976
25621	47	41	13831	266	0	14185
25622	48	35	315	13593	0	13991
25623	34	35	102	13763	0	13934
25624	36	13592	82	347	0	14057
25625	13747	275	51	126	0	14199
25626	262	13815	43	87	0	14207
25627	95	315	33	14126	0	14569
25628	84	110	27	14268	0	14489
25629	52	89	28	14358	0	14527
25630	51	62	13999	387	0	14499
25631	35	53	284	14030	0	14402
25632	40	52	98	14262	0	14452
25633	40	42	79	14476	0	14637
25634	28	55	13586	417	0	14086
25635	34	13648	278	200	0	14160
25636	13608	292	91	121	0	14112
25637	13422	103	71	95	0	13691
25638	318	13643	47	88	0	14096
25639	140	300	47	13683	0	14170
25640	81	115	42	14154	0	14392
25641	59	90	13623	373	0	14145
25642	57	13521	279	197	0	14054
25643	52	288	99	13984	0	14423
25644	39	112	13832	354	0	14337
25645	34	84	289	13824	0	14231
25646	28	78	122	14039	0	14267
25647	51	64	13799	424	0	14338
25648	43	55	302	13813	0	14213
25649	49	60	102	14049	0	14260
25650	62	43	13858	425	0	14388
25651	38	65	305	13944	0	14352
25652	43	52	125	14013	0	14233
25653	34	61	98	14336	0	14529
25654	35	54	13823	473	0	14385
25655	35	53	299	14046	0	14433
25656	13876	39	127	429	0	14471
25657	13983	41	111	194	0	14329
25658	343	13840	77	167	0	14427
25659	14203	289	58	124	0	14674
25660	362	111	14572	124	0	15169
25661	121	74	323	14711	0	15229
25662	84	66	128	14824	0	15102
25663	58	49	99	15253	0	15459
25664	14663	48	72	466	0	15249
25665	288	14502	63	253	0	15106
25666	90	294	64	14196	0	14644
25667	74	14181	60	407	0	14722
25668	14234	328	59	205	0	14826
25669	288	14233	58	166	0	14745
25670	14231	353	48	123	0	14755
25671	347	13979	48	136	0	14510
25672	123	14213	62	124	0	14522
25673	107	382	42	14028	0	14559
25674	60	171	65	14155	0	14451
25675	58	119	46	14159	0	14382
25676	57	77	51	14140	0	14325
25677	62	87	13460	480	0	14089
25678	65	13426	277	236	0	14004
25679	58	312	94	13345	0	13809
25680	53	13370	92	350	0	13865
25681	69	341	13262	160	0	13832
25682	51	120	288	13196	0	13655
25683	36	114	114	13821	0	14085
25684	66	66	13271	423	0	13826
25685	36	12868	290	225	0	13419
25686	44	296	116	13084	0	13540
25687	48	125	12868	365	0	13406
25688	31	12780	302	223	0	13336
25689	25	313	118	12791	0	13247
25690	46	125	12587	364	0	13122
25691	55	94	12462	185	0	12796
25692	37	12159	319	156	0	12671
25693	32	13076	154	126	0	13388
25694	35	383	93	13393	0	13904
25695	42	153	65	14362	0	14622
25696	34	104	13877	463	0	14478
25697	13416	65	315	247	0	14043
25698	13734	75	134	155	0	14098
25699	393	80	13092	129	0	13694
25700	146	12514	299	114	0	13073
25701	92	12761	117	109	0	13079
25702	51	12222	98	92	0	12463
25703	72	10921	78	102	0	11173
25704	187	361	148	10027	0	10723
25705	21	55	22	10810	0	10908
25706	6	41	5	10776	0	10828
25707	10	30	7	10958	0	11005
25708	4	10620	15	338	0	10977
25709	11	223	9	10873	0	11116
25710	10	10706	9	286	0	11011
25711	7	233	10	10981	0	11231
25712	10799	97	10	286	0	11192
25713	219	64	7	10978	0	11268
25714	98	10742	20	294	0	11154
25715	52	226	11	11113	0	11402
25716	31	101	10	11398	0	11540
25717	24	65	9	11522	0	11620
25718	11050	44	8	414	0	11516
25719	225	56	10	11433	0	11724
25720	94	52	10753	358	0	11257
25721	46	11178	201	209	0	11634
25722	31	267	83	11684	0	12065
25723	38	128	34	11981	0	12181
25724	32	61	17	12169	0	12279
25725	11633	73	18	474	0	12198
25726	271	65	11149	267	0	11752
25727	128	65	235	11098	0	11526
25728	58	11055	95	403	0	11611
25729	60	281	42	11371	0	11754
25730	10812	131	19	419	0	11381
25731	266	10986	32	242	0	11526
25732	114	304	23	11145	0	11586
25733	62	140	18	11327	0	11547
25734	39	10789	20	502	0	11350
25735	47	273	27	11154	0	11501
25736	62	146	18	11358	0	11584
25737	41	83	10467	511	0	11102
25738	30	10572	261	280	0	11143
25739	10771	296	114	205	0	11386
25740	300	153	10542	184	0	11179
25741	10577	82	283	178	0	11120
25742	343	67	10485	167	0	11062
25743	156	82	302	10665	0	11205
25744	10557	57	136	425	0	11175
25745	307	84	65	10739	0	11195
25746	10669	69	45	459	0	11242
25747	10743	69	42	274	0	11128
25748	10689	72	50	195	0	11006
25749	447	10395	40	150	0	11032
25750	208	296	42	10402	0	10948
25751	113	167	42	10693	0	11015
25752	92	98	52	10785	0	11027
25753	89	69	10136	530	0	10824
25754	88	51	296	10490	0	10925
25755	10296	67	157	434	0	10954
25756	10514	65	81	270	0	10930
25757	439	48	10106	188	0	10781
25758	10324	65	309	140	0	10838
25759	10437	57	145	141	0	10780
25760	463	62	82	9569	0	10176
25761	9560	51	59	408	0	10078
25762	9663	60	55	256	0	10034
25763	483	47	58	9455	0	10043
25764	9494	52	64	414	0	10024
25765	9570	48	50	253	0	9921
25766	477	66	63	9368	0	9974
25767	281	59	8703	419	0	9462
25768	9140	50	293	248	0	9731
25769	402	49	9142	204	0	9797
25770	273	46	9140	154	0	9613
25771	182	9019	374	173	0	9748
25772	169	266	194	9099	0	9728
25773	172	123	83	9326	0	9704
25774	175	61	82	9406	0	9724
25775	175	43	8862	522	0	9602
25776	201	51	8894	257	0	9403
25777	165	8930	385	190	0	9670
25778	151	273	180	8821	0	9425
25779	184	119	105	9170	0	9578
25780	157	68	92	9345	0	9662
25781	158	43	8742	508	0	9451
25782	146	8744	325	285	0	9500
25783	148	260	160	8934	0	9502
25784	140	131	8884	409	0	9564
25785	135	66	8946	254	0	9401
25786	8904	57	430	164	0	9555
25787	8967	49	225	159	0	9400
25788	9157	62	137	157	0	9513
25789	463	59	110	8201	0	8833
25790	237	47	8471	363	0	9118
25791	147	8430	335	259	0	9171
25792	127	8796	194	198	0	9315
25793	131	309	7569	122	0	8131
25794	139	278	284	6826	0	7527
25795	89	115	173	6389	0	6766
25796	103	6069	111	324	0	6607
25797	97	6327	85	205	0	6714
25798	6161	246	81	130	0	6618
25799	6332	134	84	92	0	6642
25800	6378	61	71	124	0	6634
25801	6194	46	83	103	0	6426
25802	5809	62	77	94	0	6042
25803	354	5508	76	100	0	6038
25804	105	4152	46	64	0	4367
25805	49	3461	45	32	0	3587
25806	3168	115	99	42	0	3424
25807	105	40	47	3012	0	3204
25808	56	13	19	3017	0	3105
25809	2986	8	24	91	0	3109
25810	85	2950	24	44	0	3103
25811	48	68	28	3012	0	3156
25812	35	31	17	3062	0	3145
25813	28	15	28	3048	0	3119
25814	2888	15	16	97	0	3016
25815	82	14	18	2893	0	3007
25816	41	9	2665	73	0	2788
25817	2627	15	67	33	0	2742
25818	68	20	31	2652	0	2771
25819	36	13	2572	66	0	2687
25820	23	2550	61	42	0	2676
25821	17	2357	24	18	0	2416
25822	2151	47	63	17	0	2278
25823	2098	11	18	17	0	2144
25824	33	2115	6	9	0	2163
25825	16	22	8	2223	0	2269
25826	2297	5	4	29	0	2335
25827	27	3	3	2441	0	2474
25828	18	1	5	2509	0	2533
25829	8	5	10	2547	0	2570
25830	8	5	6	2534	0	2553
25831	9	2497	7	37	0	2550
25832	10	23	8	2520	0	2561
25833	7	8	6	2531	0	2552
25834	6	7	7	2592	0	2612
25835	9	4	2478	44	0	2535
25836	4	2504	27	21	0	2556
25837	3	27	12	2561	0	2603
25838	5	9	2516	26	0	2556
25839	1	7	2372	13	0	2393
25840	3	2424	29	11	0	2467
25841	2441	19	11	8	0	2479
25842	18	12	8	2452	0	2490
25843	2449	6	5	23	0	2483
25844	18	2459	2	12	0	2491
25845	9	21	4	2487	0	2521
25846	2410	10	4	25	0	2449
25847	2423	6	3	12	0	2444
25848	29	1	3	2432	0	2465
25849	13	2	2	2392	0	2409
25850	5	4	2372	30	0	2411
25851	7	1	19	2365	0	2392
25852	4	5	9	2410	0	2428
25853	2369	2	4	27	0	2402
25854	21	2394	3	14	0	2432
25855	8	18	2309	8	0	2343
25856	2276	5	16	5	0	2302
25857	21	2347	10	2	0	2380
25858	7	19	4	2380	0	2410
25859	2375	5	1	20	0	2401
25860	19	4	1	2339	0	2363
25861	8	0	2	2350	0	2360
25862	4	1	2322	28	0	2355
25863	3	2	14	2340	0	2359
25864	2344	1	7	22	0	2374
25865	17	1	5	2354	0	2377
25866	2316	1	1	21	0	2339
25867	16	2289	0	19	0	2324
25868	8	2328	1	9	0	2346
25869	6	22	5	2322	0	2355
25870	2	12	1	2328	0	2343
25871	2248	8	1	27	0	2284
25872	18	2210	4	16	0	2248
25873	2246	17	4	6	0	2273
25874	2246	9	1	3	0	2259
25875	26	5	1	2242	0	2274
25876	2245	3	1	22	0	2271
25877	24	4	2158	12	0	2198
25878	9	3	17	2180	0	2209
25879	7	2	2189	27	0	2225
25880	6	1	19	2229	0	2255
25881	2203	3	9	23	0	2238
25882	2208	3	2	13	0	2226
25883	26	2206	2	10	0	2244
25884	12	19	4	2225	0	2260
25885	3	8	4	2232	0	2247
25886	4	2217	2	27	0	2250
25887	8	17	2	2261	0	2288
25888	4	10	1	2257	0	2272
25889	3	2208	4	34	0	2249
25890	2169	20	3	15	0	2207
25891	2178	8	2	9	0	2197
25892	23	5	0	2169	0	2197
25893	15	3	1	2184	0	2203
25894	8	4	2136	29	0	2177
25895	1	4	18	2146	0	2169
25896	5	2134	8	19	0	2166
25897	2162	16	5	11	0	2194
25898	18	8	2	2156	0	2184
25899	12	3	0	2092	0	2107
25900	2034	4	2	27	0	2067
25901	21	2055	1	16	0	2093
25902	7	21	3	2096	0	2127
25903	7	8	2	2097	0	2114
25904	4	2076	2	29	0	2111
25905	2111	17	4	15	0	2147
25906	21	7	2085	8	0	2121
25907	10	9	2066	5	0	2090
25908	7	3	21	2100	0	2131
25909	5	2	2071	24	0	2102
25910	2043	1	19	14	0	2077
25911	22	2	7	2119	0	2150
25912	10	4	2151	24	0	2189
25913	7	4	2148	9	0	2168
25914	5	2192	26	9	0	2232
25915	2170	19	14	9	0	2212
25916	23	2253	6	8	0	2290
25917	2260	24	8	2	0	2294
25918	2240	12	4	7	0	2263
25919	28	2175	4	6	0	2213
25920	2155	22	7	5	0	2189
25921	2212	8	3	9	0	2232
25922	34	8	2161	4	0	2207
25923	18	36	21	2093	0	2168
25924	11	2012	7	24	0	2054
25925	6	2005	7	9	0	2027
25926	19	39	7	1883	0	1948
25927	1780	9	11	31	0	1831
25928	17	7	2	1747	0	1773
25929	8	3	0	1826	0	1837
25930	5	3	2	1866	0	1876
25931	4	1899	2	34	0	1939
25932	4	23	1	2046	0	2074
25933	6	8	2122	33	0	2169
25934	2066	3	33	12	0	2114
25935	2182	1	8	8	0	2199
25936	42	2113	5	6	0	2166
25937	2152	32	2	4	0	2190
25938	35	10	4	2173	0	2222
25939	13	9	2133	31	0	2186
25940	2122	3	31	14	0	2170
25941	36	2172	11	6	0	2225
25942	13	39	2	2180	0	2234
25943	2235	11	2	35	0	2283
25944	34	2205	4	17	0	2260
25945	16	2259	5	3	0	2283
25946	2274	44	1	5	0	2324
25947	36	16	2193	3	0	2248
25948	2228	4	29	6	0	2267
25949	41	7	11	2205	0	2264
25950	12	7	2	2243	0	2264
25951	7	2	2201	44	0	2254
25952	8	3	2227	13	0	2251
25953	6	3	43	2216	0	2268
25954	6	5	2196	38	0	2245
25955	6	5	2194	10	0	2215
25956	9	2	39	2186	0	2236
25957	2	4	15	2204	0	2225
25958	2182	1	8	45	0	2236
25959	38	2	3	2184	0	2227
25960	2172	3	8	39	0	2222
25961	38	2163	5	17	0	2223
25962	12	36	3	2193	0	2244
25963	4	11	2192	40	0	2247
25964	2207	4	38	11	0	2260
25965	2264	4	10	11	0	2289
25966	2279	5	8	4	0	2296
25967	2254	4	3	8	0	2269
25968	2232	2	6	8	0	2248
25969	50	3	6	2179	0	2238
25970	17	3	2153	40	0	2213
25971	8	6	2182	13	0	2209
25972	13	1	2159	8	0	2181
25973	2128	4	46	3	0	2181
25974	2196	1	12	8	0	2217
25975	48	4	5	2107	0	2164
25976	19	2156	9	37	0	2221
25977	8	38	5	2204	0	2255
25978	9	10	2186	41	0	2246
25979	8	5	2158	12	0	2183
25980	2119	2	44	10	0	2175
25981	41	2	2218	7	0	2268
25982	18	10	40	2212	0	2280
25983	2269	3	10	43	0	2325
25984	2269	5	11	11	0	2296
25985	2331	1	10	7	0	2349
25986	2327	1	5	6	0	2339
25987	49	1	2238	7	0	2295
25988	2242	3	38	8	0	2291
25989	45	2243	15	5	0	2308
25990	18	36	8	2274	0	2336
25991	14	11	2266	38	0	2329
25992	14	8	39	2266	0	2327
25993	9	6	2304	39	0	2358
25994	14	1	37	2294	0	2346
25995	7	6	13	2334	0	2360
25996	10	4	2278	54	0	2346
25997	6	3	44	2290	0	2343
25998	2325	1	16	48	0	2390
25999	42	2	14	2332	0	2390
26000	12	1	8	2368	0	2389
26001	2311	3	7	53	0	2374
26002	36	2340	10	21	0	2407
26003	2338	39	8	10	0	2395
26004	45	2373	2	11	0	2431
26005	2410	41	5	11	0	2467
26006	52	11	2383	6	0	2452
26007	15	6	40	2393	0	2454
26008	10	5	8	2435	0	2458
26009	2378	3	6	50	0	2437
26010	45	2354	3	22	0	2424
26011	18	34	6	2328	0	2386
26012	8	9	7	2292	0	2316
26013	9	2158	0	99	0	2266
26014	2164	37	6	14	0	2221
26015	44	2146	5	11	0	2206
26016	8	33	3	2061	0	2105
26017	2	6	2	2070	0	2080
26018	4	2011	2	41	0	2058
26019	2008	36	1	10	0	2055
26020	38	10	1989	4	0	2041
26021	1891	3	27	8	0	1929
26022	32	1902	4	1	0	1939
26023	8	33	3	1908	0	1952
26024	1928	7	1	30	0	1966
26025	32	1	4	1929	0	1966
26026	12	2	1	1955	0	1970
26027	1955	3	2	38	0	1998
26028	36	1910	0	10	0	1956
26029	8	1924	3	5	0	1940
26030	1887	24	2	5	0	1918
26031	25	8	1814	2	0	1849
26032	7	1747	20	3	0	1777
26033	14	25	11	1626	0	1676
26034	5	3	1733	11	0	1752
26035	3	6	11	1663	0	1683
26036	1689	1	5	12	0	1707
26037	13	1682	1	2	0	1698
26038	1	13	2	1646	0	1662
26039	0	1677	3	9	0	1689
26040	1692	11	0	3	0	1706
26041	1716	1	1	1	0	1719
26042	14	1719	0	3	0	1736
26043	0	13	0	1729	0	1742
26044	0	1777	2	15	0	1794
26045	1828	16	1	4	0	1849
26046	1850	2	2	2	0	1856
26047	22	5	0	1829	0	1856
26048	8	0	1	1856	0	1865
26049	5	2	1810	21	0	1838
26050	1774	0	16	10	0	1800
26051	20	0	1818	4	0	1842
26052	5	0	19	1790	0	1814
26053	1808	0	5	15	0	1828
26054	15	1832	7	5	0	1859
26055	1833	16	1	4	0	1854
26056	21	6	1809	0	0	1836
26057	1774	5	15	3	0	1797
26058	20	1827	5	1	0	1853
26059	1855	16	3	1	0	1875
26060	17	1887	1	2	0	1907
26061	4	20	1	1875	0	1900
26062	8	6	1843	17	0	1874
26063	2	6	1791	5	0	1804
26064	1	1	20	1796	0	1818
26065	1	2	1821	16	0	1840
26066	2	0	15	1813	0	1830
26067	2	1	6	1803	0	1812
26068	1	1	1834	22	0	1858
26069	1693	0	14	14	0	1721
26070	1836	2	7	6	0	1851
26071	23	1815	4	1	0	1843
26072	1842	15	2	2	0	1861
26073	19	5	2	1842	0	1868
26074	7	6	1896	15	0	1924
26075	8	1	14	1904	0	1927
26076	3	3	8	1916	0	1930
26077	1889	1	6	21	0	1917
26078	17	1867	0	12	0	1896
26079	6	1896	2	6	0	1910
26080	6	20	1	1904	0	1931
26081	2	11	2	1852	0	1867
26082	3	1858	1	18	0	1880
26083	2	14	2	1864	0	1882
26084	2	6	2	1843	0	1853
26085	2	1825	1	20	0	1848
26086	1900	15	2	10	0	1927
26087	18	6	1	1890	0	1915
26088	8	1923	3	20	0	1954
26089	4	19	2	1956	0	1981
26090	1939	5	1	23	0	1968
26091	18	1940	3	7	0	1968
26092	1972	16	1	6	0	1995
26093	1971	8	2	2	0	1983
26094	25	4	1	1985	0	2015
26095	2036	0	1	17	0	2054
26096	2047	4	0	7	0	2058
26097	2054	2	1	6	0	2063
26098	2036	2	2	2	0	2042
26099	30	1	1	2007	0	2039
26100	11	3	2	2031	0	2047
26101	7	2	2000	30	0	2039
26102	1	2	14	1966	0	1983
26103	3	3	4	2006	0	2016
26104	5	3	1943	21	0	1972
26105	1869	2	16	15	0	1902
26106	20	3	5	1932	0	1960
26107	10	2	1945	21	0	1978
26108	1968	3	18	9	0	1998
26109	25	3	2109	9	0	2146
26110	6	2146	28	28	0	2208
26111	10	2287	6	4	0	2307
26112	5	29	8	2458	0	2500
26113	6	14	2773	29	0	2822
26114	2806	12	33	8	0	2859
26115	2989	1	8	16	0	3014
26116	47	2	2934	5	0	2988
26117	2986	2	35	5	0	3028
26118	3039	2	9	7	0	3057
26119	47	2976	10	4	0	3037
26120	2998	38	4	9	0	3049
26121	49	9	1	2972	0	3031
26122	11	11	2982	38	0	3042
26123	16	2	33	2979	0	3030
26124	8	3027	10	37	0	3082
26125	5	3107	10	11	0	3133
26126	3083	42	2	7	0	3134
26127	3056	15	5	7	0	3083
26128	3058	9	3	8	0	3078
26129	49	3	5	3040	0	3097
26130	18	4	7	3019	0	3048
26131	17	2977	3	48	0	3045
26132	2995	36	6	15	0	3052
26133	43	3033	7	11	0	3094
26134	2913	37	6	5	0	2961
26135	46	2904	4	7	0	2961
26136	2899	43	3	6	0	2951
26137	2906	7	11	7	0	2931
26138	50	7	8	2856	0	2921
26139	23	2879	7	36	0	2945
26140	14	32	2865	9	0	2920
26141	2796	14	33	11	0	2854
26142	39	2835	12	8	0	2894
26143	21	32	2817	5	0	2875
26144	14	13	2861	6	0	2894
26145	15	8	38	2782	0	2843
26146	10	6	7	2772	0	2795
26147	8	2836	5	35	0	2884
26148	2954	34	3	10	0	3001
26149	35	10	17	2965	0	3027
26150	13	3138	5	35	0	3191
26151	16	3460	2	14	0	3492
26152	18	38	3449	5	0	3510
26153	21	10	3453	4	0	3488
26154	3416	6	29	15	0	3466
26155	38	9	3522	8	0	3577
26156	11	11	32	3462	0	3516
26157	18	8	7	3608	0	3641
26158	13	11	3635	34	0	3693
26159	13	11	29	3549	0	3602
26160	10	7	9	3593	0	3619
26161	3580	5	7	39	0	3631
26162	3679	5	2	18	0	3704
26163	41	11	6	3640	0	3698
26164	15	3600	10	32	0	3657
26165	17	3798	6	16	0	3837
26166	3859	39	8	12	0	3918
26167	41	18	3834	5	0	3898
26168	13	14	37	3834	0	3898
26169	3939	4	17	38	0	3998
26170	4008	9	11	15	0	4043
26171	36	11	6	3995	0	4048
26172	14	14	4008	40	0	4076
26173	10	16	3866	13	0	3905
26174	3779	11	35	10	0	3835
26175	3987	12	11	5	0	4015
26176	39	3948	14	10	0	4011
26177	17	4074	11	14	0	4116
26178	4293	35	11	9	0	4348
26179	4432	10	16	10	0	4468
26180	54	10	7	4541	0	4612
26181	17	11	7	4632	0	4667
26182	17	8	12	4667	0	4704
26183	4635	4	10	51	0	4700
26184	39	7	8	4681	0	4735
26185	20	8	4778	47	0	4853
26186	4667	7	31	12	0	4717
26187	41	8	5	4799	0	4853
26188	13	8	4889	41	0	4951
26189	4744	9	28	15	0	4796
26190	4874	11	7	9	0	4901
26191	39	5155	10	4	0	5208
26192	15	5297	10	15	0	5337
26193	20	39	5256	8	0	5323
26194	5172	12	33	7	0	5224
26195	37	5404	5	19	0	5465
26196	17	35	5387	12	0	5451
26197	5140	13	30	8	0	5191
26198	34	5695	6	15	0	5750
26199	18	36	5720	6	0	5780
26200	5539	12	30	5	0	5586
26201	39	5773	8	12	0	5832
26202	15	37	4	5852	0	5908
26203	5857	9	6	36	0	5908
26204	35	5851	10	15	0	5911
26205	12	35	9	5888	0	5944
26206	5853	3	9	37	0	5902
26207	39	5	5900	15	0	5959
26208	8	5747	25	28	0	5808
26209	21	34	5723	9	0	5787
26210	9	43	26	5626	0	5704
26211	8	5	5650	27	0	5690
26212	3	5307	28	11	0	5349
26213	2	5122	6	3	0	5133
26214	20	19	7	5151	0	5197
26215	1	2	0	4985	0	4988
26216	0	3	0	5102	0	5105
26217	2	0	5277	11	0	5290
26218	1	1	9	5316	0	5327
26219	5382	0	6	14	0	5402
26220	5252	0	1	5	0	5258
26221	17	1	5536	3	0	5557
26222	3	5475	14	2	0	5494
26223	5630	12	1	4	0	5647
26224	11	5515	7	4	0	5537
26225	5664	13	0	2	0	5679
26226	5645	4	1	2	0	5652
26227	14	2	5637	0	0	5653
26228	4	5709	15	7	0	5735
26229	2	13	0	5880	0	5895
26230	1	2	5858	15	0	5876
26231	5653	3	17	1	0	5674
26232	16	4	2	5878	0	5900
26233	3	3	5883	16	0	5905
26234	5855	0	16	4	0	5875
26235	23	3	6180	1	0	6207
26236	8	2	21	6264	0	6295
26237	6490	1	4	27	0	6522
26238	26	6682	6	8	0	6722
26239	7	27	7083	4	0	7121
26240	7031	11	35	7	0	7084
26241	7863	3	6	2	0	7874
26242	60	8068	4	5	0	8137
26243	15	53	5	8227	0	8300
26244	15	14	1	8247	0	8277
26245	8212	8	0	67	0	8287
26246	58	5	0	8222	0	8285
26247	17	7	8269	69	0	8362
26248	11	5	54	8246	0	8316
26249	8325	2	18	67	0	8412
26250	58	8139	9	30	0	8236
26251	18	60	8	7968	0	8054
26252	10	8019	7	60	0	8096
26253	8205	72	3	17	0	8297
26254	65	24	1	8719	0	8809
26255	20	12	4	8945	0	8981
26256	15	8824	3	131	0	8973
26257	14	102	8668	44	0	8828
26258	7	28	96	8664	0	8795
26259	11	14	30	8846	0	8901
26260	8	13	12	8839	0	8872
26261	7	8598	22	137	0	8764
26262	16	94	8688	44	0	8842
26263	10	32	8859	22	0	8923
26264	8783	22	126	14	0	8945
26265	9016	7	39	18	0	9080
26266	134	13	9113	15	0	9275
26267	9024	3	111	11	0	9149
26268	135	8	9415	17	0	9575
26269	9181	10	129	12	0	9332
26270	128	9371	41	45	0	9585
26271	9701	109	25	17	0	9852
26272	142	35	9705	16	0	9898
26273	46	28	9843	15	0	9932
26274	25	20	150	10234	0	10429
26275	10601	9	52	166	0	10828
26276	175	10869	35	67	0	11146
26277	61	173	11794	34	0	12062
26278	46	50	223	11853	0	12172
26279	30	31	66	12208	0	12335
26280	11964	19	35	291	0	12309
26281	12024	14	26	98	0	12162
26282	299	10	16	11887	0	12212
26283	11989	17	18	254	0	12278
26284	290	17	11688	79	0	12074
26285	93	16	228	11639	0	11976
26286	60	9	66	12067	0	12202
26287	11860	21	37	310	0	12228
26288	11837	12	30	111	0	11990
26289	299	9	25	11729	0	12062
26290	11724	18	22	272	0	12036
26291	297	14	11211	97	0	11619
26292	102	11085	236	61	0	11484
26293	71	223	11061	47	0	11402
26294	48	60	258	11212	0	11578
26295	11156	35	78	266	0	11535
26296	250	11010	41	101	0	11402
26297	98	239	35	11053	0	11425
26298	63	61	29	10942	0	11095
26299	40	10771	28	331	0	11170
26300	48	244	29	11019	0	11340
26301	41	88	33	11124	0	11286
26302	41	39	29	11150	0	11259
26303	44	28	21	11147	0	11240
26304	55	22	26	11027	0	11130
26305	45	10578	31	364	0	11018
26306	36	235	29	10855	0	11155
26307	47	67	29	10939	0	11082
26308	41	52	10377	353	0	10823
26309	50	10394	231	152	0	10827
26310	53	239	72	10612	0	10976
26311	42	71	54	10722	0	10889
26312	61	38	34	10665	0	10798
26313	39	10272	36	358	0	10705
26314	60	240	10205	158	0	10663
26315	39	73	241	10528	0	10881
26316	54	51	10352	310	0	10767
26317	41	31	10307	149	0	10528
26318	46	40	303	10281	0	10670
26319	10362	33	106	311	0	10812
26320	255	32	60	10334	0	10681
26321	91	29	46	10292	0	10458
26322	65	10237	43	321	0	10666
26323	51	244	26	10496	0	10817
26324	35	75	27	10712	0	10849
26325	44	51	10362	371	0	10828
26326	44	10369	247	163	0	10823
26327	27	255	81	10596	0	10959
26328	10273	85	55	332	0	10745
26329	250	57	10204	153	0	10664
26330	87	43	240	10285	0	10655
26331	48	40	90	10537	0	10715
26332	10235	27	51	373	0	10686
26333	252	10085	40	186	0	10563
26334	9915	242	36	138	0	10331
26335	251	9802	26	121	0	10200
26336	85	266	38	9763	0	10152
26337	9611	92	24	306	0	10033
26338	244	53	9281	153	0	9731
26339	86	8959	230	111	0	9386
26340	52	9072	87	114	0	9325
26341	8226	248	71	100	0	8645
26342	211	86	44	7933	0	8274
26343	72	7894	37	249	0	8252
26344	55	8126	26	138	0	8345
26345	73	245	20	8042	0	8380
26346	40	87	34	8160	0	8321
26347	7823	53	25	310	0	8211
26348	204	7781	39	139	0	8163
26349	75	225	42	7827	0	8169
26350	50	86	7594	259	0	7989
26351	53	7632	209	122	0	8016
26352	51	211	7516	93	0	7871
26353	30	7513	208	100	0	7851
26354	98	228	120	6935	0	7381
26355	29	57	41	6884	0	7011
26356	32	6838	22	213	0	7105
26357	30	172	6837	87	0	7126
26358	6876	60	153	77	0	7166
26359	159	52	50	7366	0	7627
26360	58	44	39	7512	0	7653
26361	41	45	7360	229	0	7675
26362	24	47	168	7449	0	7688
26363	32	44	7423	221	0	7720
26364	26	48	169	7510	0	7753
26365	22	43	7559	217	0	7841
26366	13	7364	173	130	0	7680
26367	25	171	7538	84	0	7818
26368	21	65	157	7413	0	7656
26369	7350	39	50	206	0	7645
26370	157	7139	31	101	0	7428
26371	45	177	28	7199	0	7449
26372	30	58	6959	202	0	7249
26373	17	7106	160	86	0	7369
26374	12	145	44	6513	0	6714
26375	17	46	6447	133	0	6643
26376	9	5687	98	38	0	5832
26377	4819	100	42	37	0	4998
26378	4616	7	25	12	0	4660
26379	30	7	15	4661	0	4713
26380	4667	5	4	34	0	4710
26381	35	4	5	4639	0	4683
26382	5	5	3	4730	0	4743
26383	7	7	5000	35	0	5049
26384	5	3	30	4907	0	4945
26385	7	4	3	5013	0	5027
26386	4960	5	5	39	0	5009
26387	4862	3	4	14	0	4883
26388	31	4890	10	15	0	4946
26389	16	32	5000	11	0	5059
26390	10	7	29	4973	0	5019
26391	7	4	4947	34	0	4992
26392	4713	7	30	7	0	4757
26393	37	4	4928	12	0	4981
26394	9	4	30	4881	0	4924
26395	6	4918	8	39	0	4971
26396	9	26	9	4978	0	5022
26397	3	8	5	4965	0	4981
26398	5	9	5128	36	0	5178
26399	4	5	28	5102	0	5139
26400	5160	4	9	35	0	5208
26401	5123	7	6	16	0	5152
26402	5082	5	10	13	0	5110
26403	5159	4	5	16	0	5184
26404	35	5053	9	13	0	5110
26405	12	5095	10	13	0	5130
26406	9	29	9	5131	0	5178
26407	7	9	10	5181	0	5207
26408	9	5039	13	39	0	5100
26409	9	33	7	5230	0	5279
26410	10	5	4	5238	0	5257
26411	9	13	7	5226	0	5255
26412	8	7	4	5209	0	5228
26413	4	7	4	5275	0	5290
26414	5195	6	12	45	0	5258
26415	30	5029	9	29	0	5097
26416	14	32	4995	18	0	5059
26417	15	12	29	5021	0	5077
26418	10	9	10	5093	0	5122
26419	10	7	5	5052	0	5074
26420	5066	10	10	50	0	5136
26421	37	5631	8	30	0	5706
26422	8	77	9	5793	0	5887
26423	12	5952	9	106	0	6079
26424	9	124	8	5919	0	6060
26425	10	5783	8	135	0	5936
26426	11	130	6147	33	0	6321
26427	12	22	136	6662	0	6832
26428	15	24	7518	176	0	7733
26429	13	13	211	7571	0	7808
26430	11	12	42	8208	0	8273
26431	8078	10	29	263	0	8380
26432	8178	10	16	81	0	8285
26433	8293	6	12	50	0	8361
26434	8259	9	11	30	0	8309
26435	8241	9	13	25	0	8288
26436	286	10	7	7904	0	8207
26437	77	7942	12	226	0	8257
26438	45	220	8	8059	0	8332
26439	21	66	7735	258	0	8080
26440	7768	31	206	72	0	8077
26441	8075	11	51	49	0	8186
26442	268	9	36	7964	0	8277
26443	82	12	10	8001	0	8105
26444	49	7667	14	265	0	7995
26445	30	207	9	7945	0	8191
26446	23	51	14	7970	0	8058
26447	28	7695	14	286	0	8023
26448	28	210	17	7934	0	8189
26449	7684	51	8	285	0	8028
26450	239	43	7481	85	0	7848
26451	7422	19	213	64	0	7718
26452	266	14	7433	55	0	7768
26453	68	23	237	7442	0	7770
26454	55	22	53	7408	0	7538
26455	35	7228	37	288	0	7588
26456	42	7515	18	110	0	7685
26457	42	260	17	7293	0	7612
26458	48	78	6998	255	0	7379
26459	6647	30	212	72	0	6961
26460	236	17	45	6814	0	7112
26461	67	6606	39	236	0	6948
26462	48	224	15	6769	0	7056
26463	29	52	8	6766	0	6855
26464	28	6457	12	270	0	6767
26465	29	211	10	6322	0	6572
26466	34	50	5902	265	0	6251
26467	29	51	5912	71	0	6063
26468	27	37	225	5674	0	5963
26469	25	5822	66	196	0	6109
26470	17	211	30	5926	0	6184
26471	5887	52	13	242	0	6194
26472	6031	39	15	79	0	6164
26473	5751	21	21	62	0	5855
26474	259	5540	15	55	0	5869
26475	77	206	5411	40	0	5734
26476	5534	63	201	46	0	5844
26477	5732	38	56	49	0	5875
26478	249	5487	42	49	0	5827
26479	87	209	12	5573	0	5881
26480	5589	61	22	241	0	5913
26481	5720	44	15	88	0	5867
26482	5748	23	24	59	0	5854
26483	288	22	19	5213	0	5542
26484	5272	24	22	246	0	5564
26485	244	27	21	5247	0	5539
26486	86	22	19	5428	0	5555
26487	5224	25	22	284	0	5555
26488	244	25	21	5212	0	5502
26489	5116	25	21	257	0	5419
26490	258	21	22	5122	0	5423
26491	90	25	24	5306	0	5445
26492	5099	36	15	301	0	5451
26493	239	21	4856	132	0	5248
26494	105	39	207	5041	0	5392
26495	87	22	55	5155	0	5319
26496	85	23	34	5088	0	5230
26497	68	25	25	5184	0	5302
26498	72	24	18	4962	0	5076
26499	64	4708	20	313	0	5105
26500	64	206	21	4838	0	5129
26501	62	69	4624	290	0	5045
26502	62	53	199	4820	0	5134
26503	66	18	50	4990	0	5124
26504	74	21	34	5072	0	5201
26505	53	26	4705	330	0	5114
26506	54	34	4780	136	0	5004
26507	4758	27	234	101	0	5120
26508	4893	21	81	87	0	5082
26509	276	4927	37	86	0	5326
26510	107	218	17	5096	0	5438
26511	54	59	19	5433	0	5565
26512	53	42	21	5509	0	5625
26513	5237	31	35	327	0	5630
26514	5463	16	19	148	0	5646
26515	266	23	32	5337	0	5658
26516	91	43	23	5490	0	5647
26517	54	26	18	5522	0	5620
26518	28	31	18	5536	0	5613
26519	5208	38	31	328	0	5605
26520	232	20	4887	152	0	5291
26521	54	4193	156	83	0	4486
26522	47	4079	35	67	0	4228
26523	3746	129	27	63	0	3965
26524	119	105	22	3715	0	3961
26525	40	32	3653	155	0	3880
26526	35	15	3321	62	0	3433
26527	16	3132	85	53	0	3286
26528	2184	21	52	17	0	2274
26529	23	9	2150	7	0	2189
26530	1618	22	11	2	0	1653
26531	3	2	2	1758	0	1765
26532	3	4	1	1780	0	1788
26533	2	1752	1	6	0	1761
26534	2	1808	1	8	0	1819
26535	1846	1	2	4	0	1853
26536	1822	3	4	2	0	1831
26537	5	1867	1	2	0	1875
26538	4	6	1853	3	0	1866
26539	3	6	1890	2	0	1901
26540	3	6	6	1898	0	1913
26541	1976	0	7	7	0	1990
26542	5	1918	2	5	0	1930
26543	2	5	0	2093	0	2100
26544	2106	2	0	8	0	2116
26545	8	1	0	2111	0	2120
26546	2	0	1	2190	0	2193
26547	2190	0	0	12	0	2202
26548	8	2216	2	7	0	2233
26549	1	2329	0	9	0	2339
26550	4	9	2449	3	0	2465
26551	1	3	8	2476	0	2488
26552	2	3	2	2518	0	2525
26553	2	0	2596	11	0	2609
26554	2301	2	15	9	0	2327
26555	2484	3	0	5	0	2492
26556	9	1	2627	5	0	2642
26557	2231	1	11	7	0	2250
26558	11	9	3234	3	0	3257
26559	4	3335	13	3	0	3355
26560	5	8	3	3567	0	3583
26561	2	1	2	3667	0	3672
26562	3719	3	1	11	0	3734
26563	3676	0	0	7	0	3683
26564	3709	1	2	3	0	3715
26565	3703	1	2	3	0	3709
26566	3698	0	2	1	0	3701
26567	13	4	3630	2	0	3649
26568	4	3592	9	4	0	3609
26569	4	10	0	3736	0	3750
26570	2	3678	5	14	0	3699
26571	2	3767	2	12	0	3783
26572	3	10	1	3816	0	3830
26573	2	5	2	3814	0	3823
26574	4	12	3789	11	0	3816
26575	3574	2	8	6	0	3590
26576	3803	1	2	6	0	3812
26577	12	3649	8	7	0	3676
26578	3819	10	2	2	0	3833
26579	3966	3	2	3	0	3974
26580	10	3	3	3949	0	3965
26581	4	2	4146	10	0	4162
26582	4	0	4109	2	0	4115
26583	4152	3	8	2	0	4165
26584	4249	0	1	1	0	4251
26585	14	4139	4	2	0	4159
26586	4	4284	2	8	0	4298
26587	2	13	1	4518	0	4534
26588	4536	2	1	10	0	4549
26589	14	3	4568	1	0	4586
26590	4	2	13	4616	0	4635
26591	4792	1	7	16	0	4816
26592	4800	2	2	2	0	4806
26593	14	1	1	4996	0	5012
26594	5063	0	3	15	0	5081
26595	17	2	4888	2	0	4909
26596	6	1	5234	4	0	5245
26597	5	1	16	5147	0	5169
26598	5	1	2	5408	0	5416
26599	1	2	3	5396	0	5402
26600	3	5298	3	18	0	5322
26601	1	5413	5	9	0	5428
26602	1	15	2	5476	0	5494
26603	5558	2	3	15	0	5578
26604	15	2	2	5576	0	5595
26605	2	1	0	5598	0	5601
26606	3	5500	3	27	0	5533
26607	2	5677	2	13	0	5694
26608	0	16	0	5796	0	5812
26609	1	4	0	5557	0	5562
26610	5507	2	0	18	0	5527
26611	15	5278	5	11	0	5309
26612	5433	17	0	4	0	5454
26613	17	3	0	5442	0	5462
26614	5	3	5359	19	0	5386
26615	3	8	5284	4	0	5299
26616	5509	0	16	3	0	5528
26617	17	2	3	5754	0	5776
26618	5	4	2	5769	0	5780
26619	2	2	1	5817	0	5822
26620	5	3	5846	18	0	5872
26621	1	0	16	5859	0	5876
26622	2	5820	4	25	0	5851
26623	1	16	3	6083	0	6103
26624	2	3	1	6063	0	6069
26625	2	6085	0	22	0	6109
26626	0	21	3	6330	0	6354
26627	6266	2	0	34	0	6302
26628	28	6158	7	12	0	6205
26629	6590	31	0	6	0	6627
26630	6620	7	6	9	0	6642
26631	48	5	0	6615	0	6668
26632	10	1	0	6583	0	6594
26633	5	3	0	6729	0	6737
26634	8	4	6495	48	0	6555
26635	5	6362	37	19	0	6423
26636	4	6629	9	6	0	6648
26637	3	46	3	6606	0	6658
26638	6560	11	2	40	0	6613
26639	48	4	0	6486	0	6538
26640	13	17	6535	43	0	6608
26641	2	6301	32	20	0	6355
26642	3	6496	9	5	0	6513
26643	6597	42	1	5	0	6645
26644	6637	11	4	8	0	6660
26645	42	6858	8	23	0	6931
26646	7139	39	8	2	0	7188
26647	43	20	6957	4	0	7024
26648	17	16	6847	2	0	6882
26649	7079	5	56	2	0	7142
26650	7198	3	10	5	0	7216
26651	67	3	4	7188	0	7262
26652	7192	1	3	56	0	7252
26653	61	8	7156	13	0	7238
26654	19	9	7470	7	0	7505
26655	7	9	87	8543	0	8646
26656	11	4	15	9613	0	9643
26657	10	2	5	10038	0	10055
26658	11	7	6	10036	0	10060
26659	10	1	3	11217	0	11231
26660	17	10	10763	360	0	11150
26661	2	2	256	10923	0	11183
26662	10856	2	65	361	0	11284
26663	275	2	36	11008	0	11321
26664	10882	2	24	371	0	11279
26665	304	3	13	11008	0	11328
26666	11084	4	15	380	0	11483
26667	11554	2	14	154	0	11724
26668	382	4	20	11321	0	11727
26669	120	3	29	11652	0	11804
26670	11380	4	19	423	0	11826
26671	11486	5	9	179	0	11679
26672	426	5	11278	128	0	11837
26673	160	2	280	11462	0	11904
26674	118	7	62	11887	0	12074
26675	11594	3	38	421	0	12056
26676	11836	1	30	172	0	12039
26677	418	4	15	11665	0	12102
26678	152	5	17	11946	0	12120
26679	134	2	20	11911	0	12067
26680	102	2	22	11795	0	11921
26681	63	10850	31	498	0	11442
26682	50	11311	26	226	0	11613
26683	68	341	15	11246	0	11670
26684	67	11046	21	392	0	11526
26685	60	316	17	11329	0	11722
26686	35	95	10876	452	0	11458
26687	33	83	10686	220	0	11022
26688	44	10853	318	169	0	11384
26689	46	313	91	10963	0	11413
26690	29	114	10775	401	0	11319
26691	31	89	315	10718	0	11153
26692	31	69	90	11174	0	11364
26693	10611	52	62	467	0	11192
26694	304	70	61	10812	0	11247
26695	116	46	10632	428	0	11222
26696	73	41	10562	201	0	10877
26697	81	10285	357	141	0	10864
26698	54	10992	120	153	0	11319
26699	11032	349	113	117	0	11611
26700	335	110	11568	124	0	12137
26701	143	77	315	11610	0	12145
26702	11761	37	108	399	0	12305
26703	11782	32	96	168	0	12078
26704	393	11607	72	155	0	12227
26705	153	308	64	11827	0	12352
26706	130	109	46	12122	0	12407
26707	87	76	41	12116	0	12320
26708	11775	58	56	486	0	12375
26709	348	44	11530	224	0	12146
26710	135	11657	305	174	0	12271
26711	110	332	82	11955	0	12479
26712	102	113	63	12259	0	12537
26713	68	86	11849	480	0	12483
26714	62	60	299	11972	0	12393
26715	57	45	104	12286	0	12492
26716	65	46	61	12275	0	12447
26717	50	52	71	12262	0	12435
26718	53	48	11651	542	0	12294
26719	27	62	320	11871	0	12280
26720	32	38	11753	536	0	12359
26721	43	11598	368	268	0	12277
26722	45	299	131	11891	0	12366
26723	49	110	91	12257	0	12507
26724	51	56	11707	538	0	12352
26725	44	11387	310	305	0	12046
26726	49	304	127	11620	0	12100
26727	68	96	11320	439	0	11923
26728	64	11159	314	233	0	11770
26729	50	319	108	11371	0	11848
26730	75	109	11171	401	0	11756
26731	61	82	319	11181	0	11643
26732	60	59	111	11405	0	11635
26733	54	56	109	11644	0	11863
26734	11170	71	72	479	0	11792
26735	298	11062	63	261	0	11684
26736	11270	292	66	200	0	11828
26737	341	108	11154	166	0	11769
26738	11379	84	299	173	0	11935
26739	11916	53	118	153	0	12240
26740	377	47	100	11679	0	12203
26741	11873	63	48	421	0	12405
26742	12096	49	40	229	0	12414
26743	12279	51	55	181	0	12566
26744	410	51	47	12018	0	12526
26745	181	62	37	11918	0	12198
26746	127	43	11230	447	0	11847
26747	119	40	11033	190	0	11382
26748	10837	47	322	149	0	11355
26749	326	79	135	11008	0	11548
26750	132	11183	109	324	0	11748
26751	11259	259	90	149	0	11757
26752	303	11172	51	152	0	11678
26753	117	11241	56	168	0	11582
26754	144	347	10673	134	0	11298
26755	66	109	10856	64	0	11095
26756	72	259	270	10207	0	10808
26757	38	20	10796	195	0	11049
26758	32	24	9854	83	0	9993
26759	8665	4	24	6	0	8699
26760	9010	0	4	5	0	9019
26761	13	1	4	9034	0	9052
26762	3	5	4	9145	0	9157
26763	7	9	9362	13	0	9391
26764	5	9275	17	10	0	9307
26765	2	11	3	9624	0	9640
26766	9942	4	1	14	0	9961
26767	11	1	2	10001	0	10015
26768	4	10005	7	17	0	10033
26769	11	13	9979	4	0	10007
26770	4	9915	14	11	0	9944
26771	10301	12	6	7	0	10326
26772	10040	5	1	5	0	10051
26773	19	2	4	10006	0	10031
26774	8	4	10105	17	0	10134
26775	13	12	9735	3	0	9763
26776	4	9853	23	10	0	9890
26777	4	21	10	9941	0	9976
26778	2	7	7	10165	0	10181
26779	4	6	10069	21	0	10100
26780	3	4	17	9914	0	9938
26781	3	10368	11	18	0	10400
26782	3	26	6	10632	0	10667
26783	0	8	6	10625	0	10639
26784	8	8	10595	39	0	10650
26785	2	7	32	10332	0	10373
26786	10687	5	8	44	0	10744
26787	49	5	10786	14	0	10854
26788	20	8	10778	12	0	10818
26789	10	10599	82	17	0	10708
26790	7	64	22	11351	0	11444
26791	9	19	12	12025	0	12065
26792	6	12	11841	120	0	11979
26793	11176	4	106	40	0	11326
26794	102	4	32	11876	0	12014
26795	32	10	11749	107	0	11898
26796	14	7	105	11424	0	11550
26797	7	11	11754	120	0	11892
26798	12	13	11461	41	0	11527
26799	2	11245	138	21	0	11406
26800	14	111	37	10870	0	11032
26801	3	11063	20	114	0	11200
26802	11070	107	14	29	0	11220
26803	102	33	11061	19	0	11215
26804	30	10701	113	17	0	10861
26805	21	101	33	10972	0	11127
26806	10959	31	20	105	0	11115
26807	92	10792	18	43	0	10945
26808	29	105	9	11057	0	11200
26809	18	31	7	11079	0	11135
26810	4	11229	13	127	0	11373
26811	11495	129	9	48	0	11681
26812	125	33	8	13192	0	13358
26813	37	18	9	13775	0	13839
26814	27	16	13296	294	0	13633
26815	5	13693	239	126	0	14063
26816	5	253	71	14012	0	14341
26817	9	78	48	15100	0	15235
26818	12	15111	30	354	0	15507
26819	8	324	16	15359	0	15707
26820	20	94	17	15827	0	15958
26821	7	58	15	16044	0	16124
26822	8	15633	24	459	0	16124
26823	15751	328	10	177	0	16266
26824	341	113	15554	92	0	16100
26825	15278	61	321	50	0	15710
26826	373	15557	113	48	0	16091
26827	112	336	51	15810	0	16309
26828	64	109	15657	379	0	16209
26829	39	77	338	15842	0	16296
26830	24	37	108	16027	0	16196
26831	24	25	65	16383	0	16497
26832	24	35	15686	510	0	16255
26833	15	15555	349	251	0	16170
26834	18	360	15687	135	0	16200
26835	14	15821	414	117	0	16366
26836	29	399	15990	94	0	16512
26837	17	144	383	16130	0	16674
26838	15913	88	137	408	0	16546
26839	334	15945	92	210	0	16581
26840	119	376	15942	129	0	16566
26841	63	15907	379	98	0	16447
26842	53	425	16006	86	0	16570
26843	33	150	397	15749	0	16329
26844	41	91	148	15651	0	15931
26845	34	15562	107	441	0	16144
26846	38	16276	72	205	0	16591
26847	16208	441	62	152	0	16863
26848	360	174	63	16314	0	16911
26849	142	124	16158	432	0	16856
26850	70	73	383	16226	0	16752
26851	47	52	16266	512	0	16877
26852	37	81	16344	216	0	16678
26853	33	77	502	15841	0	16453
26854	37	15719	203	430	0	16389
26855	15052	386	135	187	0	15760
26856	363	163	90	14763	0	15379
26857	124	125	80	14593	0	14922
26858	74	14548	84	497	0	15203
26859	14515	408	80	213	0	15216
26860	14696	172	75	149	0	15092
26861	479	123	70	14184	0	14856
26862	184	14106	79	431	0	14800
26863	101	15227	97	191	0	15616
26864	15071	480	62	161	0	15774
26865	381	223	14899	122	0	15625
26866	14595	136	402	89	0	15222
26867	14847	96	166	109	0	15218
26868	14771	68	110	115	0	15064
26869	506	14474	83	139	0	15202
26870	203	403	67	14863	0	15536
26871	14923	146	88	428	0	15585
26872	15067	121	81	195	0	15464
26873	459	14804	83	163	0	15509
26874	15229	393	68	118	0	15808
26875	449	169	69	15309	0	15996
26876	176	122	62	15510	0	15870
26877	112	15207	48	525	0	15892
26878	93	411	46	15629	0	16179
26879	77	161	60	15859	0	16157
26880	78	15470	54	553	0	16155
26881	80	409	54	15018	0	15561
26882	83	15156	52	496	0	15787
26883	15259	422	64	223	0	15968
26884	15027	194	85	133	0	15439
26885	481	14965	52	153	0	15651
26886	210	380	14469	137	0	15196
26887	133	219	322	14637	0	15311
26888	112	146	14493	389	0	15140
26889	86	14084	362	220	0	14752
26890	112	14352	139	148	0	14751
26891	13537	367	75	113	0	14092
26892	326	13799	59	101	0	14285
26893	174	375	43	13488	0	14080
26894	122	13597	65	315	0	14099
26895	122	13964	29	159	0	14274
26896	13822	407	37	133	0	14399
26897	320	181	55	13819	0	14375
26898	168	127	13560	348	0	14203
26899	125	92	13713	190	0	14120
26900	63	13883	342	170	0	14458
26901	14103	363	141	113	0	14720
26902	319	14323	113	93	0	14848
26903	142	413	62	15741	0	16358
26904	16472	179	72	406	0	17129
26905	420	129	45	16788	0	17382
26906	173	118	58	17063	0	17412
26907	145	16815	42	547	0	17549
26908	99	424	44	17204	0	17771
26909	66	202	16794	493	0	17555
26910	16454	127	379	192	0	17152
26911	407	16892	145	148	0	17592
26912	106	16010	60	65	0	16241
26913	15488	340	24	53	0	15905
26914	325	121	15213	43	0	15702
26915	14792	85	271	31	0	15179
26916	286	15953	83	57	0	16379
26917	62	16705	44	28	0	16839
26918	59	360	16151	17	0	16587
26919	25	16812	334	36	0	17207
26920	42	359	101	16040	0	16542
26921	17	103	40	16264	0	16424
26922	8	16211	12	340	0	16571
26923	23	292	18	16515	0	16848
26924	16565	102	13	333	0	17013
26925	323	57	16260	101	0	16741
26926	16386	36	305	57	0	16784
26927	16973	42	86	34	0	17135
26928	16865	34	48	37	0	16984
26929	426	40	16452	34	0	16952
26930	126	21	319	16432	0	16898
26931	85	31	16444	336	0	16896
26932	16112	36	341	93	0	16582
26933	16379	22	92	58	0	16551
26934	396	16155	65	27	0	16643
26935	139	312	28	16322	0	16801
26936	74	16364	43	301	0	16782
26937	74	351	16211	89	0	16725
26938	50	104	313	16433	0	16900
26939	16381	62	100	342	0	16885
26940	16577	28	54	118	0	16777
26941	407	57	34	15853	0	16351
26942	151	15681	48	318	0	16198
26943	88	317	16561	93	0	17059
26944	53	111	16838	55	0	17057
26945	16139	60	438	55	0	16692
26946	387	45	16676	46	0	17154
26947	125	16443	406	50	0	17024
26948	86	350	129	16692	0	17257
26949	84	109	16634	366	0	17193
26950	62	53	388	16504	0	17007
26951	54	50	16390	411	0	16905
26952	15450	46	427	133	0	16056
26953	377	35	145	16110	0	16667
26954	129	15923	104	377	0	16533
26955	88	16309	59	125	0	16581
26956	46	441	65	16032	0	16584
26957	57	162	31	16111	0	16361
26958	34	15647	59	478	0	16218
26959	49	375	15485	158	0	16067
26960	54	123	369	15806	0	16352
26961	53	83	15810	397	0	16343
26962	56	64	15677	140	0	15937
26963	14337	63	462	94	0	14956
26964	393	14598	171	77	0	15239
26965	14597	385	100	69	0	15151
26966	422	150	67	14326	0	14965
26967	131	14479	68	399	0	15077
26968	102	391	76	14676	0	15245
26969	52	158	68	14719	0	14997
26970	65	14137	61	486	0	14749
26971	68	391	13965	185	0	14609
26972	54	147	386	14261	0	14848
26973	14166	106	141	431	0	14844
26974	412	81	85	14046	0	14624
26975	147	75	71	14140	0	14433
26976	103	76	13423	507	0	14109
26977	90	13405	381	207	0	14083
26978	76	377	144	13563	0	14160
26979	74	162	13327	442	0	14005
26980	62	129	13385	173	0	13749
26981	12978	87	495	124	0	13684
26982	410	13095	187	129	0	13821
26983	13131	415	126	99	0	13771
26984	438	13032	90	113	0	13673
26985	154	13407	76	123	0	13760
26986	13128	505	74	77	0	13784
26987	411	185	86	12842	0	13524
26988	170	12886	84	410	0	13550
26989	133	405	81	13152	0	13771
26990	13101	120	83	472	0	13776
26991	451	102	12896	169	0	13618
26992	178	98	12923	122	0	13321
26993	12450	77	485	114	0	13126
26994	423	12618	188	114	0	13343
26995	187	397	12564	79	0	13227
26996	129	12548	426	92	0	13195
26997	92	419	152	12536	0	13199
26998	88	158	12430	405	0	13081
26999	70	99	410	12229	0	12808
27000	78	89	11899	435	0	12501
27001	11414	76	440	164	0	12094
27002	402	11569	172	124	0	12267
27003	10223	290	78	70	0	10661
27004	296	124	86	9239	0	9745
27005	122	9914	62	267	0	10365
27006	9873	302	80	106	0	10361
27007	9892	110	73	82	0	10157
27008	358	66	9586	76	0	10086
27009	145	73	9471	46	0	9735
27010	8488	43	340	58	0	8929
27011	259	8653	122	55	0	9089
27012	90	8355	83	52	0	8580
27013	122	375	95	7887	0	8479
27014	54	123	7807	253	0	8237
27015	52	7563	237	88	0	7940
27016	38	6762	85	56	0	6941
27017	95	149	64	4949	0	5257
27018	5064	43	25	85	0	5217
27019	5077	30	13	44	0	5164
27020	5144	18	17	22	0	5201
27021	125	31	5027	19	0	5202
27022	5056	18	92	18	0	5184
27023	5129	22	30	20	0	5201
27024	5189	28	21	12	0	5250
27025	128	19	22	4992	0	5161
27026	50	4941	21	97	0	5109
27027	4967	96	17	28	0	5108
27028	107	4950	18	23	0	5098
27029	38	94	15	5053	0	5200
27030	29	50	5212	94	0	5385
27031	28	28	102	5217	0	5375
27032	24	18	44	5367	0	5453
27033	22	31	5248	124	0	5425
27034	21	5218	98	48	0	5385
27035	19	103	29	5063	0	5214
27036	4941	38	16	99	0	5094
27037	99	4881	18	37	0	5035
27038	4862	93	9	26	0	4990
27039	108	44	14	4762	0	4928
27040	49	4736	12	102	0	4899
27041	4762	93	10	30	0	4895
27042	100	4786	19	17	0	4922
27043	22	56	4007	10	0	4095
27044	4130	19	54	17	0	4220
27045	4172	16	14	4	0	4206
27046	66	4154	15	7	0	4242
27047	25	55	4022	8	0	4110
27048	10	4262	58	5	0	4335
27049	11	81	20	4030	0	4142
27050	5	18	7	4486	0	4516
27051	5	13	4	4497	0	4519
27052	8	4414	2	84	0	4508
27053	13	63	3	4474	0	4553
27054	9	19	4	4494	0	4526
27055	4426	17	5	78	0	4526
27056	75	5	5	4404	0	4489
27057	23	6	0	4525	0	4554
27058	4496	5	1	82	0	4584
27059	70	4526	2	27	0	4625
27060	4646	74	4	12	0	4736
27061	4671	15	8	9	0	4703
27062	4681	12	4	9	0	4706
27063	93	8	5	4614	0	4720
27064	28	15	6	4702	0	4751
27065	14	6	4548	89	0	4657
27066	8	19	4498	29	0	4554
27067	9	9	4528	16	0	4562
27068	4290	13	84	12	0	4399
27069	76	10	4433	16	0	4535
27070	24	4460	70	17	0	4571
27071	19	68	17	4514	0	4618
27072	10	22	11	4457	0	4500
27073	23	4560	10	80	0	4673
27074	13	74	4651	33	0	4771
27075	11	4733	63	20	0	4827
27076	4780	71	19	14	0	4884
27077	79	23	4740	8	0	4850
27078	26	4665	74	15	0	4780
27079	26	64	4767	10	0	4867
27080	13	25	71	4753	0	4862
27081	15	21	4780	72	0	4888
27082	12	10	76	4689	0	4787
27083	4780	9	23	80	0	4892
27084	74	10	4753	26	0	4863
27085	19	4753	75	15	0	4862
27086	4872	77	20	7	0	4976
27087	74	21	5009	14	0	5118
27088	35	14	4987	14	0	5050
27089	18	9	87	4890	0	5004
27090	12	11	4969	78	0	5070
27091	4813	8	76	29	0	4926
27092	72	4924	31	25	0	5052
27093	27	76	13	5022	0	5138
27094	23	5101	9	73	0	5206
27095	5244	79	17	22	0	5362
27096	85	24	5160	14	0	5283
27097	27	17	5316	17	0	5377
27098	16	13	85	5320	0	5434
27099	14	8	34	5441	0	5497
27100	12	10	17	5518	0	5557
27101	12	13	13	5549	0	5587
27102	20	9	5559	99	0	5687
27103	12	5484	82	35	0	5613
27104	10	54	18	5206	0	5288
27105	8	20	4920	63	0	5011
27106	9	4809	52	25	0	4895
27107	4889	62	24	17	0	4992
27108	60	17	12	4856	0	4945
27109	4837	13	5	60	0	4915
27110	56	4800	9	32	0	4897
27111	4877	55	2	14	0	4948
27112	64	29	4992	10	0	5095
27113	18	18	56	4885	0	4977
27114	15	5001	14	57	0	5087
27115	16	60	4914	26	0	5016
27116	6	4914	52	14	0	4986
27117	10	63	16	4527	0	4616
27118	4762	13	8	52	0	4835
27119	48	4722	8	18	0	4796
27120	4764	47	10	13	0	4834
27121	57	15	4736	9	0	4817
27122	18	12	4695	3	0	4728
27123	4715	8	55	9	0	4787
27124	51	12	19	4749	0	4831
27125	16	6	9	4783	0	4814
27126	9	8	5039	60	0	5116
27127	13	9	4957	24	0	5003
27128	4	5026	56	12	0	5098
27129	5006	45	25	13	0	5089
27130	4757	13	11	5	0	4786
27131	49	4728	14	5	0	4796
27132	9	42	9	4907	0	4967
27133	5007	16	4	42	0	5069
27134	41	4	9	5020	0	5074
27135	5098	5	8	47	0	5158
27136	5122	6	4	20	0	5152
27137	5372	3	10	10	0	5395
27138	50	7	11	5305	0	5373
27139	22	6	5	5584	0	5617
27140	5534	6	5	50	0	5595
27141	5635	5	8	14	0	5662
27142	5618	7	6	16	0	5647
27143	55	5505	9	17	0	5586
27144	5403	39	7	4	0	5453
27145	40	5317	5	14	0	5376
27146	5348	34	4	6	0	5392
27147	38	17	5277	3	0	5335
27148	5031	12	26	5	0	5074
27149	34	5100	9	3	0	5146
27150	11	5107	4	4	0	5126
27151	5255	31	8	3	0	5297
27152	29	6	2	5285	0	5322
27153	4	2	7	5456	0	5469
27154	4	5430	7	28	0	5469
27155	7	5720	4	5	0	5736
27156	6007	31	2	4	0	6044
27157	31	11	6145	3	0	6190
27158	10	6	33	6512	0	6561
27159	6666	1	7	37	0	6711
27160	50	7	6596	6	0	6659
27161	13	7208	50	8	0	7279
27162	7729	67	5	5	0	7806
27163	112	16	7902	2	0	8032
27164	21	11	114	8359	0	8505
27165	14	6	8549	130	0	8699
27166	8295	3	131	31	0	8460
27167	127	8645	34	21	0	8827
27168	8881	125	21	7	0	9034
27169	8896	28	11	3	0	8938
27170	155	23	2	8872	0	9052
27171	8921	10	0	134	0	9065
27172	145	5	4	9006	0	9160
27173	35	4	5	9116	0	9160
27174	28	9	8673	150	0	8860
27175	14	8772	109	42	0	8937
27176	13	113	20	9014	0	9160
27177	11	28	20	9046	0	9105
27178	14	18	6	9148	0	9186
27179	15	13	8859	168	0	9055
27180	10	8804	127	52	0	8993
27181	11	135	23	9067	0	9236
27182	16	27	15	9200	0	9258
27183	13	26	8975	154	0	9168
27184	4	15	126	8992	0	9137
27185	8991	3	25	151	0	9170
27186	124	8977	21	43	0	9165
27187	9010	129	6	25	0	9170
27188	153	27	8968	8	0	9156
27189	35	23	122	9044	0	9224
27190	9164	11	23	138	0	9336
27191	9120	11	25	33	0	9189
27192	149	10	9227	29	0	9415
27193	44	11	127	9164	0	9346
27194	36	11	9064	137	0	9248
27195	8786	13	139	32	0	8970
27196	125	8980	33	37	0	9175
27197	9086	121	29	29	0	9265
27198	9069	27	14	24	0	9134
27199	145	9143	28	27	0	9343
27200	9366	127	20	16	0	9529
27201	152	36	9275	19	0	9482
27202	9185	29	126	17	0	9357
27203	160	18	33	9233	0	9444
27204	47	11	9453	145	0	9656
27205	52	7	136	9481	0	9676
27206	31	20	44	9613	0	9708
27207	41	21	30	9572	0	9664
27208	40	9421	35	166	0	9662
27209	9604	130	26	72	0	9832
27210	162	36	19	9593	0	9810
27211	63	9476	32	160	0	9731
27212	51	138	24	9290	0	9503
27213	38	9325	32	172	0	9567
27214	53	155	9362	58	0	9628
27215	38	38	135	9311	0	9522
27216	29	45	46	9631	0	9751
27217	49	24	9423	191	0	9687
27218	8788	31	148	89	0	9056
27219	148	9316	49	80	0	9593
27220	55	136	51	9501	0	9743
27221	66	40	33	9297	0	9436
27222	44	49	36	9369	0	9498
27223	36	9302	41	196	0	9575
27224	9423	144	33	111	0	9711
27225	151	55	9372	93	0	9671
27226	72	49	9121	58	0	9300
27227	58	40	159	9049	0	9306
27228	49	29	68	9288	0	9434
27229	9188	20	48	199	0	9455
27230	157	8976	48	102	0	9283
27231	70	149	46	9212	0	9477
27232	9037	50	38	192	0	9317
27233	169	46	39	8911	0	9165
27234	8933	29	38	192	0	9192
27235	184	43	8588	86	0	8901
27236	82	8619	146	84	0	8931
27237	8728	141	50	61	0	8980
27238	185	60	8594	48	0	8887
27239	8438	41	150	66	0	8695
27240	180	35	8485	64	0	8764
27241	8407	19	164	61	0	8651
27242	183	29	51	8455	0	8718
27243	8550	30	57	154	0	8791
27244	181	23	40	8488	0	8732
27245	59	34	40	8642	0	8775
27246	8520	22	38	198	0	8778
27247	157	8477	31	101	0	8766
27248	71	145	28	8702	0	8946
27249	8790	50	27	178	0	9045
27250	9111	50	32	70	0	9263
27251	181	44	27	9235	0	9487
27252	84	28	33	9609	0	9754
27253	9882	24	37	190	0	10133
27254	191	33	28	10242	0	10494
27255	66	29	37	10263	0	10395
27256	9957	27	24	228	0	10236
27257	183	30	35	9778	0	10026
27258	66	9	9083	212	0	9370
27259	8882	22	150	82	0	9136
27260	183	22	9135	50	0	9390
27261	58	21	8380	28	0	8487
27262	7818	28	160	14	0	8020
27263	79	7704	59	15	0	7857
27264	31	58	29	7465	0	7583
27265	11	13	5	7465	0	7494
27266	14	10	2	7731	0	7757
27267	9	6	2	7801	0	7818
27268	7685	5	4	101	0	7795
27269	7895	2	8	31	0	7936
27270	8082	1	0	19	0	8102
27271	113	3	8304	18	0	8438
27272	38	0	104	8578	0	8720
27273	23	4	27	8657	0	8711
27274	17	6	10	8386	0	8419
27275	13	8189	19	172	0	8393
27276	14	8531	7	56	0	8608
27277	8560	147	11	37	0	8755
27278	132	36	6	8558	0	8732
27279	47	18	9	8939	0	9013
27280	21	7	7	9068	0	9103
27281	16	10	8674	210	0	8910
27282	22	22	8548	75	0	8667
27283	8595	7	175	42	0	8819
27284	8924	8	51	19	0	9002
27285	193	5	25	8679	0	8902
27286	53	8680	25	153	0	8911
27287	40	138	11	8690	0	8879
27288	20	36	14	8794	0	8864
27289	22	24	8436	196	0	8678
27290	8408	13	143	81	0	8645
27291	162	7	42	8832	0	9043
27292	54	4	20	8689	0	8767
27293	8440	7	12	220	0	8679
27294	173	8546	16	87	0	8822
27295	8690	154	12	55	0	8911
27296	190	57	11	8529	0	8787
27297	61	8413	17	182	0	8673
27298	8525	165	7	77	0	8774
27299	182	49	6	8472	0	8709
27300	8367	24	6	195	0	8592
27301	8257	19	7	84	0	8367
27302	8230	16	10	56	0	8312
27303	225	8011	14	39	0	8289
27304	79	7866	13	44	0	8002
27305	58	190	15	7668	0	7931
27306	39	7772	14	209	0	8034
27307	7864	174	22	77	0	8137
27308	186	55	21	7867	0	8129
27309	7860	31	18	189	0	8098
27310	7995	18	19	84	0	8116
27311	226	22	18	7775	0	8041
27312	76	21	17	8072	0	8186
27313	7944	17	9	249	0	8219
27314	7973	15	14	112	0	8114
27315	8117	17	16	78	0	8228
27316	8129	25	10	53	0	8217
27317	8186	23	15	50	0	8274
27318	248	12	14	8042	0	8316
27319	102	23	8	8120	0	8253
27320	79	24	10	8158	0	8271
27321	7949	11	10	253	0	8223
27322	201	25	11	7858	0	8095
27323	94	7817	10	208	0	8129
27324	77	171	5	7963	0	8216
27325	7776	62	11	235	0	8084
27326	7878	45	7	88	0	8018
27327	241	33	7539	75	0	7888
27328	114	27	153	7427	0	7721
27329	66	7651	53	179	0	7949
27330	7670	176	27	83	0	7956
27331	188	7713	12	80	0	7993
27332	84	191	15	7794	0	8084
27333	7848	67	12	202	0	8129
27334	7899	49	10	87	0	8045
27335	264	7823	9	63	0	8159
27336	108	166	10	7830	0	8114
27337	78	59	7722	201	0	8060
27338	7725	28	160	88	0	8001
27339	220	21	7735	79	0	8055
27340	7776	16	176	51	0	8019
27341	7936	17	50	50	0	8053
27342	251	27	23	7797	0	8098
27343	7903	31	9	213	0	8156
27344	8056	32	7	95	0	8190
27345	8111	25	8	83	0	8227
27346	264	26	14	7925	0	8229
27347	7790	11	15	198	0	8014
27348	228	21	9	7741	0	7999
27349	109	23	9	7747	0	7888
27350	69	7482	16	242	0	7809
27351	75	160	8	7060	0	7303
27352	63	6879	10	190	0	7142
27353	6413	144	7	57	0	6621
27354	6012	42	2	46	0	6102
27355	175	30	7	5868	0	6080
27356	85	14	4	5857	0	5960
27357	5728	22	5	170	0	5925
27358	152	15	5571	74	0	5812
27359	5552	15	109	49	0	5725
27360	162	15	30	5462	0	5669
27361	69	12	5082	133	0	5296
27362	5091	9	105	61	0	5266
27363	5245	22	27	44	0	5338
27364	180	13	5135	32	0	5360
27365	5123	10	108	24	0	5265
27366	150	10	4982	22	0	5164
27367	66	4986	104	24	0	5180
27368	5073	80	59	29	0	5241
27369	4958	34	37	24	0	5053
27370	122	4706	7	28	0	4863
27371	40	4293	12	19	0	4364
27372	4033	53	38	12	0	4136
27373	4031	20	10	12	0	4073
27374	51	20	6	4181	0	4258
27375	36	9	4114	43	0	4202
27376	30	10	3912	21	0	3973
27377	4059	8	37	17	0	4121
27378	41	14	4094	10	0	4159
27379	3920	19	38	10	0	3987
27380	40	7	7	3911	0	3965
27381	17	2	12	3945	0	3976
27382	18	10	3988	33	0	4049
27383	4018	2	27	20	0	4067
27384	37	5	12	4121	0	4175
27385	21	2	14	4174	0	4211
27386	4133	3	11	30	0	4177
27387	4142	5	5	20	0	4172
27388	4147	5	5	16	0	4173
27389	34	4242	8	11	0	4295
27390	23	22	4110	6	0	4161
27391	4090	7	15	7	0	4119
27392	4158	10	8	7	0	4183
27393	27	4061	10	7	0	4105
27394	3986	7	11	7	0	4011
27395	19	7	6	3954	0	3986
27396	9	5	4075	11	0	4100
27397	4105	2	13	4	0	4124
27398	4197	4	9	3	0	4213
27399	4197	4	3	1	0	4205
27400	4213	1	4	6	0	4224
27401	20	2	0	4210	0	4232
27402	9	0	3	4207	0	4219
27403	4246	0	5	15	0	4266
27404	11	1	7	4246	0	4265
27405	13	0	0	4257	0	4270
27406	9	4183	2	19	0	4213
27407	9	13	1	4276	0	4299
27408	6	5	0	4295	0	4306
27409	4	3	0	4318	0	4325
27410	2	3	6	4386	0	4397
27411	12	4306	2	16	0	4336
27412	4	7	3	4303	0	4317
27413	3	7	1	4211	0	4222
27414	1	3	4154	13	0	4171
27415	6	4	3994	9	0	4013
27416	1	4037	13	11	0	4062
27417	5062	9	3	2	0	5076
27418	38	5134	3	6	0	5181
27419	5	51	2	6209	0	6267
27420	10	10	6479	61	0	6560
27421	6905	7	63	10	0	6985
27422	69	3	14	7217	0	7303
27423	7197	2	10	72	0	7281
27424	7212	3	4	13	0	7232
27425	80	7131	1	22	0	7234
27426	7226	72	3	7	0	7308
27427	83	7286	6	7	0	7382
27428	18	89	1	7368	0	7476
27429	21	7361	3	79	0	7464
27430	7	94	7153	15	0	7269
27431	9	7335	64	16	0	7424
27432	13	93	12	7359	0	7477
27433	7292	13	12	72	0	7389
27434	66	7355	7	25	0	7453
27435	16	80	5	7468	0	7569
27436	18	27	3	7587	0	7635
27437	5	23	7441	100	0	7569
27438	13	6	82	7450	0	7551
27439	16	13	7435	100	0	7564
27440	7200	7	93	32	0	7332
27441	94	7	7520	24	0	7645
27442	29	7444	96	12	0	7581
27443	25	94	15	7478	0	7612
27444	19	26	21	7464	0	7530
27445	14	20	10	7536	0	7580
27446	7467	11	14	115	0	7607
27447	101	20	6	7281	0	7408
27448	22	7270	10	113	0	7415
27449	7186	96	13	30	0	7325
27450	95	6995	4	36	0	7130
27451	31	105	6	7042	0	7184
27452	7038	31	5	102	0	7176
27453	97	6889	14	37	0	7037
27454	22	7081	6	39	0	7148
27455	7106	117	11	20	0	7254
27456	7138	37	12	28	0	7215
27457	109	30	7022	26	0	7187
27458	7062	13	87	19	0	7181
27459	117	18	7140	16	0	7291
27460	29	24	112	7139	0	7304
27461	33	16	7127	118	0	7294
27462	12	9	109	7154	0	7284
27463	20	13	7142	125	0	7300
27464	24	12	107	6981	0	7124
27465	13	11	28	7154	0	7206
27466	7001	17	27	125	0	7170
27467	104	16	6874	43	0	7037
27468	6606	16	100	42	0	6764
27469	114	11	6771	35	0	6931
27470	42	10	6761	34	0	6847
27471	35	29	104	6659	0	6827
27472	6755	22	36	113	0	6926
27473	114	6687	32	36	0	6869
27474	6570	106	14	33	0	6723
27475	6572	23	23	21	0	6639
27476	121	6488	17	33	0	6659
27477	6530	103	18	26	0	6677
27478	134	37	6457	20	0	6648
27479	41	34	99	6484	0	6658
27480	6551	20	30	107	0	6708
27481	110	6487	30	41	0	6668
27482	39	101	23	6423	0	6586
27483	30	29	17	6485	0	6561
27484	29	30	20	6501	0	6580
27485	33	14	16	6535	0	6598
27486	6404	11	28	141	0	6584
27487	6469	14	25	55	0	6563
27488	6461	12	31	45	0	6549
27489	6331	11	23	46	0	6411
27490	142	8	6200	45	0	6395
27491	6207	14	95	28	0	6344
27492	6346	16	26	26	0	6414
27493	143	6177	29	21	0	6370
27494	68	6329	16	26	0	6439
27495	51	116	24	6262	0	6453
27496	38	39	28	6223	0	6328
27497	35	37	6021	132	0	6225
27498	41	6120	98	55	0	6314
27499	30	129	30	6097	0	6286
27500	26	6179	33	105	0	6343
27501	26	120	12	6314	0	6472
27502	18	36	20	6356	0	6430
27503	30	6442	15	129	0	6616
27504	29	108	14	6565	0	6716
27505	37	38	6495	140	0	6710
27506	42	40	6499	46	0	6627
27507	6320	17	108	53	0	6498
27508	6568	14	53	43	0	6678
27509	127	6442	43	40	0	6652
27510	6479	104	23	30	0	6636
27511	132	39	20	6417	0	6608
27512	6436	42	12	119	0	6609
27513	141	6387	10	59	0	6597
27514	75	107	6291	53	0	6526
27515	6252	36	123	34	0	6445
27516	135	34	6517	31	0	6717
27517	48	18	5470	12	0	5548
27518	44	15	5383	17	0	5459
27519	21	4430	79	17	0	4547
27520	3889	121	176	21	0	4207
27521	3688	15	29	16	0	3748
27522	39	13	15	3600	0	3667
27523	20	5	10	3593	0	3628
27524	16	3777	8	34	0	3835
27525	3871	29	5	21	0	3926
27526	36	3871	9	13	0	3929
27527	16	3806	3	13	0	3838
27528	3822	28	16	6	0	3872
27529	31	19	10	3762	0	3822
27530	10	12	7	3799	0	3828
27531	11	7	3	3840	0	3861
27532	8	3810	1	37	0	3856
27533	3798	24	5	14	0	3841
27534	27	11	0	3760	0	3798
27535	10	3628	0	29	0	3667
27536	12	3627	4	8	0	3651
27537	6	22	3	3549	0	3580
27538	7	3587	4	23	0	3621
27539	9	25	3	3605	0	3642
27540	3564	11	2	25	0	3602
27541	19	12	3510	8	0	3549
27542	7	3587	17	11	0	3622
27543	10	23	5	3720	0	3758
27544	7	7	3765	22	0	3801
27545	3628	7	29	8	0	3672
27546	22	11	5	3795	0	3833
27547	3808	3	6	25	0	3842
27548	3837	4	5	8	0	3854
27549	26	4007	6	9	0	4048
27550	4116	21	2	7	0	4146
27551	4103	8	3	5	0	4119
27552	4103	7	4	4	0	4118
27553	32	8	2	4032	0	4074
27554	16	3	2	4007	0	4028
27555	15	6	3	4064	0	4088
27556	13	5	4004	34	0	4056
27557	4	3977	21	21	0	4023
27558	3969	19	8	18	0	4014
27559	19	3943	7	11	0	3980
27560	10	24	4	3965	0	4003
27561	10	10	3935	21	0	3976
27562	3702	9	22	13	0	3746
27563	25	3946	5	9	0	3985
27564	9	21	6	3953	0	3989
27565	9	6	3	3995	0	4013
27566	9	8	3943	27	0	3987
27567	4	3931	22	10	0	3967
27568	5	21	4	3983	0	4013
27569	3	8	3	4000	0	4014
27570	4	7	4	3969	0	3984
27571	3887	5	4	32	0	3928
27572	22	6	3871	13	0	3912
27573	11	3816	21	10	0	3858
27574	3868	20	6	12	0	3906
27575	23	3871	11	9	0	3914
27576	12	37	5	3856	0	3910
27577	5	3885	5	28	0	3923
27578	3852	26	1	13	0	3892
27579	3911	7	4	9	0	3931
27580	26	10	1	4047	0	4084
27581	15	2	3	4084	0	4104
27582	11	9	1	4349	0	4370
27583	11	5	4405	38	0	4459
27584	4	4627	31	20	0	4682
27585	9	33	7	5477	0	5526
27586	6	10	4	5567	0	5587
27587	7	6	8	5562	0	5583
27588	7	8	1	5585	0	5601
27589	10	5	5404	91	0	5510
27590	3	5546	69	35	0	5653
27591	6	72	17	6158	0	6253
27592	7	25	12	6458	0	6502
27593	9	16	6234	123	0	6382
27594	4	14	90	6171	0	6279
27595	5	6110	22	125	0	6262
27596	4	6301	16	58	0	6379
27597	5	107	15	6276	0	6403
27598	10	43	5993	118	0	6164
27599	5608	24	101	44	0	5777
27600	89	5932	33	50	0	6104
27601	22	98	5848	39	0	6007
27602	17	36	5846	27	0	5926
27603	11	5690	127	39	0	5867
27604	19	111	5739	16	0	5885
27605	18	57	117	5680	0	5872
27606	5659	28	36	107	0	5830
27607	5722	25	27	34	0	5808
27608	5731	14	28	29	0	5802
27609	5859	15	26	27	0	5927
27610	131	5947	22	23	0	6123
27611	6761	108	20	26	0	6915
27612	130	6798	14	27	0	6969
27613	46	115	6661	23	0	6845
27614	32	39	115	6609	0	6795
27615	33	6791	32	106	0	6962
27616	19	130	23	6709	0	6881
27617	6593	40	22	131	0	6786
27618	117	33	21	6447	0	6618
27619	38	6614	18	126	0	6796
27620	6695	119	24	46	0	6884
27621	124	49	6606	32	0	6811
27622	40	29	120	6576	0	6765
27623	33	37	30	6659	0	6759
27624	6439	21	34	135	0	6629
27625	112	6303	22	79	0	6516
27626	53	119	6209	34	0	6415
27627	37	41	107	6270	0	6455
27628	35	35	6221	134	0	6425
27629	27	6117	125	54	0	6323
27630	18	6269	43	48	0	6378
27631	6246	137	24	38	0	6445
27632	115	49	6158	39	0	6361
27633	6232	38	118	37	0	6425
27634	121	44	42	6051	0	6258
27635	47	6242	35	110	0	6434
27636	6261	129	32	53	0	6475
27637	135	46	6199	30	0	6410
27638	45	30	117	6145	0	6337
27639	39	46	43	6165	0	6293
27640	47	30	26	6136	0	6239
27641	23	6095	37	147	0	6302
27642	5909	112	23	63	0	6107
27643	117	5899	29	53	0	6098
27644	48	5974	28	53	0	6103
27645	37	149	37	5982	0	6205
27646	6001	64	36	133	0	6234
27647	5953	53	32	64	0	6102
27648	5943	41	30	51	0	6065
27649	142	5660	23	57	0	5882
27650	61	143	23	5710	0	5937
27651	63	61	5614	128	0	5866
27652	51	49	126	5630	0	5856
27653	54	41	54	5580	0	5729
27654	37	5685	29	156	0	5907
27655	5685	131	36	60	0	5912
27656	128	55	30	5611	0	5824
27657	62	5637	34	137	0	5870
27658	5680	124	35	66	0	5905
27659	138	65	5570	65	0	5838
27660	5472	55	116	53	0	5696
27661	139	5644	42	66	0	5891
27662	5704	125	33	47	0	5909
27663	5765	71	27	47	0	5910
27664	172	65	5666	29	0	5932
27665	5693	53	117	45	0	5908
27666	154	51	5818	35	0	6058
27667	85	42	5899	37	0	6063
27668	5806	40	149	32	0	6027
27669	5938	46	50	35	0	6069
27670	155	44	5912	46	0	6157
27671	89	31	136	5784	0	6040
27672	65	37	64	5852	0	6018
27673	52	6071	52	131	0	6306
27674	6199	119	39	63	0	6420
27675	6273	48	44	40	0	6405
27676	173	45	6200	43	0	6461
27677	6189	51	116	37	0	6393
27678	6350	30	46	42	0	6468
27679	157	6297	40	34	0	6528
27680	83	116	41	6187	0	6427
27681	62	63	29	6135	0	6289
27682	55	42	35	5975	0	6107
27683	5667	35	37	132	0	5871
27684	125	5402	31	69	0	5627
27685	50	74	14	4600	0	4738
27686	35	4600	21	81	0	4737
27687	50	116	13	4482	0	4661
27688	36	4486	15	74	0	4611
27689	28	4574	20	44	0	4666
27690	4483	70	29	37	0	4619
27691	3993	17	18	12	0	4040
27692	27	5	2	3869	0	3903
27693	12	3	3	3911	0	3929
27694	9	7	2	3964	0	3982
27695	9	4	2	3932	0	3947
27696	3	5	4	3936	0	3948
27697	4	3869	3	35	0	3911
27698	6	24	4	3982	0	4016
27699	7	9	4	4007	0	4027
27700	3863	3	4	29	0	3899
27701	29	10	4	3909	0	3952
27702	15	4	3	3961	0	3983
27703	11	5	4001	30	0	4047
27704	5	4	23	3888	0	3920
27705	7	8	7	4101	0	4123
27706	9	2	4228	37	0	4276
27707	4	4185	30	17	0	4236
27708	11	23	4333	8	0	4375
27709	9	6	4216	8	0	4239
27710	6	3944	30	2	0	3982
27711	3539	15	10	6	0	3570
27712	3504	4	1	4	0	3513
27713	17	2	1	3439	0	3459
27714	3530	0	0	18	0	3548
27715	16	3	3667	7	0	3693
27716	6	1	18	3713	0	3738
27717	2	4	4218	18	0	4242
27718	2	4	16	4241	0	4263
27719	4	1	8	4313	0	4326
27720	1	2	2	4375	0	4380
27721	4407	2	1	27	0	4437
27722	20	1	4	4463	0	4488
27723	4489	3	1	20	0	4513
27724	4482	1	2	12	0	4497
27725	22	4465	5	5	0	4497
27726	4578	18	1	6	0	4603
27727	19	4736	2	13	0	4770
27728	8	16	4	4760	0	4788
27729	5	10	0	5244	0	5259
27730	7	2	3	5441	0	5453
27731	7	2	5234	150	0	5393
27732	4	5184	103	52	0	5343
27733	6	107	37	5075	0	5225
27734	10	39	10	5195	0	5254
27735	7	5287	6	94	0	5394
27736	5368	112	3	35	0	5518
27737	106	5290	1	37	0	5434
27738	5339	108	2	15	0	5464
27739	112	5425	4	16	0	5557
27740	45	114	1	5334	0	5494
27741	11	5507	4	97	0	5619
27742	5660	111	3	39	0	5813
27743	5785	44	3	17	0	5849
27744	5819	15	3	13	0	5850
27745	5783	12	2	12	0	5809
27746	165	10	5785	6	0	5966
27747	5846	5	105	9	0	5965
27748	6074	10	32	21	0	6137
27749	6103	6	11	27	0	6147
27750	154	13	5996	12	0	6175
27751	5954	22	104	9	0	6089
27752	125	6020	37	30	0	6212
27753	6267	106	15	16	0	6404
27754	129	55	6725	14	0	6923
27755	6793	18	105	9	0	6925
27756	6978	26	33	9	0	7046
27757	169	8	11	6834	0	7022
27758	65	17	6786	113	0	6981
27759	6910	9	108	50	0	7077
27760	132	20	34	7120	0	7306
27761	69	9	15	7449	0	7542
27762	43	13	7477	151	0	7684
27763	7082	9	108	56	0	7255
27764	7660	7	39	25	0	7731
27765	149	7504	33	26	0	7712
27766	81	117	10	7775	0	7983
27767	47	46	12	7818	0	7923
27768	43	20	5	7806	0	7874
27769	21	7754	22	157	0	7954
27770	7887	116	10	67	0	8080
27771	133	57	8	7833	0	8031
27772	77	20	7	7942	0	8046
27773	7712	19	24	164	0	7919
27774	7695	8	11	61	0	7775
27775	189	12	10	7708	0	7919
27776	73	20	4	7741	0	7838
27777	42	10	7372	172	0	7596
27778	7119	11	120	75	0	7325
27779	142	7400	48	55	0	7645
27780	59	129	18	7961	0	8167
27781	42	46	33	8163	0	8284
27782	43	8306	20	197	0	8566
27783	51	165	4	8677	0	8897
27784	9321	72	8	215	0	9616
27785	220	25	8	10851	0	11104
27786	98	26	18	11197	0	11339
27787	50	17	7	11493	0	11567
27788	51	32	10849	475	0	11407
27789	44	16	272	11172	0	11504
27790	34	22	10762	438	0	11256
27791	38	10588	313	220	0	11159
27792	42	280	136	10874	0	11332
27793	44	124	65	11186	0	11419
27794	30	52	46	11386	0	11514
27795	33	37	36	11368	0	11474
27796	31	33	26	11518	0	11608
27797	10862	20	22	538	0	11442
27798	320	35	10653	262	0	11270
27799	136	10555	281	193	0	11165
27800	74	11204	111	154	0	11543
27801	54	397	70	11201	0	11722
27802	45	165	53	11472	0	11735
27803	54	96	34	11460	0	11644
27804	35	11033	28	494	0	11590
27805	31	310	24	11388	0	11753
27806	40	138	10707	465	0	11350
27807	29	10644	284	247	0	11204
27808	23	314	117	11027	0	11481
27809	10748	139	79	407	0	11373
27810	306	73	50	10934	0	11363
27811	142	52	36	10998	0	11228
27812	75	10303	38	506	0	10922
27813	63	10975	34	274	0	11346
27814	64	396	23	11028	0	11511
27815	36	166	21	11194	0	11417
27816	46	103	10478	512	0	11139
27817	36	71	299	10435	0	10841
27818	30	67	118	10686	0	10901
27819	21	62	78	10596	0	10757
27820	23	50	53	10782	0	10908
27821	10204	42	34	580	0	10860
27822	10373	29	24	334	0	10760
27823	422	37	25	10425	0	10909
27824	187	33	22	10807	0	11049
27825	10377	29	31	550	0	10987
27826	369	48	22	10771	0	11210
27827	163	42	10250	537	0	10992
27828	106	10367	318	309	0	11100
27829	57	233	102	10217	0	10609
27830	39	99	82	10430	0	10650
27831	10177	66	45	415	0	10703
27832	233	58	33	10424	0	10748
27833	102	41	16	10720	0	10879
27834	10481	26	20	454	0	10981
27835	277	28	15	10591	0	10911
27836	131	10429	15	420	0	10995
27837	90	230	17	10997	0	11334
27838	72	101	20	11432	0	11625
27839	57	72	22	11376	0	11527
27840	27	53	25	11497	0	11602
27841	40	56	10762	493	0	11351
27842	24	60	10749	288	0	11121
27843	18	39	321	10919	0	11297
27844	18	45	133	10914	0	11110
27845	28	10662	84	468	0	11242
27846	33	249	52	10589	0	10923
27847	29	10480	55	424	0	10988
27848	10405	319	36	230	0	10990
27849	258	10755	36	212	0	11261
27850	109	336	18	11013	0	11476
27851	75	146	17	11303	0	11541
27852	54	107	10642	479	0	11282
27853	10344	62	258	280	0	10944
27854	10361	60	101	205	0	10727
27855	343	10169	84	202	0	10798
27856	151	264	62	10156	0	10633
27857	109	115	10397	335	0	10956
27858	62	10557	272	223	0	11114
27859	10472	301	113	177	0	11063
27860	10571	138	67	137	0	10913
27861	375	95	9854	128	0	10452
27862	9999	65	263	108	0	10435
27863	362	62	94	9878	0	10396
27864	161	9763	63	369	0	10356
27865	9857	278	44	197	0	10376
27866	334	112	44	9727	0	10217
27867	9756	81	30	350	0	10217
27868	10116	64	36	188	0	10404
27869	388	65	26	9892	0	10371
27870	184	44	9723	390	0	10341
27871	9988	37	260	214	0	10499
27872	10344	46	98	143	0	10631
27873	10359	25	75	126	0	10585
27874	416	10181	51	128	0	10776
27875	216	264	41	10225	0	10746
27876	120	119	20	10650	0	10909
27877	80	88	10206	424	0	10798
27878	70	65	238	10237	0	10610
27879	59	10019	100	390	0	10568
27880	9744	249	62	209	0	10264
27881	267	9605	52	160	0	10084
27882	106	261	9233	101	0	9701
27883	69	9352	235	119	0	9775
27884	56	8848	94	74	0	9072
27885	86	110	87	7007	0	7290
27886	6998	44	30	100	0	7172
27887	7027	19	5	39	0	7090
27888	6992	15	9	27	0	7043
27889	108	7067	13	36	0	7224
27890	43	78	6979	26	0	7126
27891	7096	31	82	20	0	7229
27892	7297	15	29	20	0	7361
27893	112	7165	14	27	0	7318
27894	7494	85	13	16	0	7608
27895	109	37	6	7504	0	7656
27896	37	24	7961	104	0	8126
27897	8090	19	86	45	0	8240
27898	8206	9	28	26	0	8269
27899	8422	14	12	20	0	8468
27900	121	11	12	8292	0	8436
27901	55	18	12	8557	0	8642
27902	28	11	9	8905	0	8953
27903	20	8788	10	170	0	8988
27904	34	129	11	9419	0	9593
27905	22	39	7	9835	0	9903
27906	26	32	9657	199	0	9914
27907	27	17	159	9699	0	9902
27908	25	19	39	9928	0	10011
27909	24	12	21	9908	0	9965
27910	27	15	14	9895	0	9951
27911	25	9628	24	232	0	9909
27912	27	160	14	9830	0	10031
27913	29	39	12	9849	0	9929
27914	9591	33	22	222	0	9868
27915	186	16	9451	101	0	9754
27916	48	29	9311	65	0	9453
27917	9251	13	193	51	0	9508
27918	9618	20	50	48	0	9736
27919	221	29	35	8728	0	9013
27920	68	9358	24	162	0	9612
27921	9488	168	18	59	0	9733
27922	198	39	16	9331	0	9584
27923	54	9507	27	182	0	9770
27924	9509	162	25	53	0	9749
27925	180	9460	8	59	0	9707
27926	9358	168	9	34	0	9569
27927	9184	47	13	37	0	9281
27928	186	8895	9	39	0	9129
27929	76	151	19	8925	0	9171
27930	50	48	8741	173	0	9012
27931	32	49	136	8695	0	8912
27932	8748	19	37	184	0	8988
27933	162	30	8538	59	0	8789
27934	63	8365	136	45	0	8609
27935	35	163	36	8497	0	8731
27936	31	58	8181	153	0	8423
27937	24	8063	133	75	0	8295
27938	8134	138	47	46	0	8365
27939	129	34	29	8320	0	8512
27940	46	23	20	8423	0	8512
27941	30	18	24	8355	0	8427
27942	21	8215	15	170	0	8421
27943	8285	143	14	59	0	8501
27944	135	8177	16	46	0	8374
27945	37	8358	10	43	0	8448
27946	8414	150	10	31	0	8605
27947	8427	43	7	46	0	8523
27948	164	35	8171	22	0	8392
27949	7997	18	123	29	0	8167
27950	7977	28	27	15	0	8047
27951	189	18	16	7786	0	8009
27952	60	32	7704	140	0	7936
27953	41	28	126	7728	0	7923
27954	7884	10	29	163	0	8086
27955	171	19	7907	43	0	8140
27956	49	12	147	8580	0	8788
27957	46	17	34	9379	0	9476
27958	37	13	29	10194	0	10273
27959	10092	12	16	331	0	10451
27960	264	10122	25	110	0	10521
27961	10254	262	14	69	0	10599
27962	293	57	10138	45	0	10533
27963	61	30	245	10063	0	10399
27964	41	10279	43	298	0	10661
27965	10395	267	29	80	0	10771
27966	284	58	21	10413	0	10776
27967	75	46	10104	296	0	10521
27968	46	32	249	10160	0	10487
27969	9927	21	50	310	0	10308
27970	263	9799	43	88	0	10193
27971	65	270	17	9272	0	9624
27972	48	9703	20	246	0	10017
27973	9682	276	22	77	0	10057
27974	9674	61	16	63	0	9814
27975	315	9440	34	46	0	9835
27976	9456	267	15	54	0	9792
27977	313	75	16	9143	0	9547
27978	73	9293	16	258	0	9640
27979	9339	266	12	67	0	9684
27980	9522	75	22	43	0	9662
27981	331	9048	10	47	0	9436
27982	102	9238	14	31	0	9385
27983	9117	310	9	38	0	9474
27984	302	77	13	9040	0	9432
27985	9088	59	13	288	0	9448
27986	320	51	8	9069	0	9448
27987	88	38	8844	292	0	9262
27988	74	39	239	9019	0	9371
27989	8916	37	46	301	0	9300
27990	304	29	8789	72	0	9194
27991	79	30	246	8849	0	9204
27992	64	19	56	9195	0	9334
27993	45	22	8842	331	0	9240
27994	8439	24	257	100	0	8820
27995	275	19	60	8666	0	9020
27996	66	22	8006	292	0	8386
27997	7616	31	258	71	0	7976
27998	239	7948	60	71	0	8318
27999	62	7983	45	64	0	8154
28000	43	8074	28	50	0	8195
28001	52	265	7529	39	0	7885
28002	41	100	211	7303	0	7655
28003	31	50	7197	247	0	7525
28004	26	144	179	6681	0	7030
28005	28	6468	45	200	0	6741
28006	26	6545	28	38	0	6637
28007	32	199	15	6451	0	6697
28008	6428	51	17	195	0	6691
28009	170	31	20	6537	0	6758
28010	51	19	10	6610	0	6690
28011	33	6434	15	212	0	6694
28012	6441	173	19	61	0	6694
28013	180	6447	11	47	0	6685
28014	40	185	18	6598	0	6841
28015	43	43	11	6676	0	6773
28016	37	6530	13	228	0	6808
28017	33	186	15	6681	0	6915
28018	6612	54	13	227	0	6906
28019	210	49	17	6651	0	6927
28020	72	50	13	6736	0	6871
28021	65	6528	19	212	0	6824
28022	62	184	27	6701	0	6974
28023	6419	52	28	232	0	6731
28024	6591	50	17	72	0	6730
28025	6635	43	10	72	0	6760
28026	244	35	22	6482	0	6783
28027	70	44	6308	226	0	6648
28028	70	37	6358	82	0	6547
28029	62	43	162	6465	0	6732
28030	6503	47	43	202	0	6795
28031	209	44	17	6523	0	6793
28032	6577	45	19	225	0	6866
28033	240	36	20	6600	0	6896
28034	91	31	13	6819	0	6954
28035	6722	43	16	221	0	7002
28036	230	40	6460	82	0	6812
28037	6523	34	175	58	0	6790
28038	213	43	6389	61	0	6706
28039	79	34	162	6211	0	6486
28040	6327	27	38	187	0	6579
28041	209	34	6344	68	0	6655
28042	65	46	6376	49	0	6536
28043	6267	30	181	49	0	6527
28044	199	22	6292	64	0	6577
28045	68	6222	177	57	0	6524
28046	58	166	52	6651	0	6927
28047	7019	35	52	216	0	7322
28048	188	34	7096	78	0	7396
28049	7200	11	168	72	0	7451
28050	7418	20	63	49	0	7550
28051	7392	18	51	71	0	7532
28052	7433	22	32	75	0	7562
28053	212	37	41	7131	0	7421
28054	81	7146	39	184	0	7450
28055	7102	156	33	61	0	7352
28056	165	35	6283	61	0	6544
28057	23	5060	68	24	0	5175
28058	4593	28	41	13	0	4675
28059	30	4262	7	6	0	4305
28060	9	4559	12	5	0	4585
28061	107	41	63	4530	0	4741
28062	10	6	4	4624	0	4644
28063	3	4	4	4632	0	4643
28064	4782	3	2	27	0	4814
28065	5026	2	1	9	0	5038
28066	50	1	4	5218	0	5273
28067	15	2	4	5705	0	5726
28068	10	1	5895	77	0	5983
28069	5874	1	66	22	0	5963
28070	6138	1	21	11	0	6171
28071	89	1	5	6152	0	6247
28072	24	1	8	6257	0	6290
28073	17	6	6150	95	0	6268
28074	11	1	78	6132	0	6222
28075	7	5	6326	92	0	6430
28076	9	6184	87	36	0	6316
28077	17	72	6428	22	0	6539
28078	9	18	86	6255	0	6368
28079	5	10	6552	79	0	6646
28080	6	11	6421	20	0	6458
28081	6394	5	100	12	0	6511
28082	85	7	23	6739	0	6854
28083	22	4	6746	85	0	6857
28084	6388	5	89	24	0	6506
28085	90	6	6816	13	0	6925
28086	25	3	7558	14	0	7600
28087	10	7588	104	22	0	7724
28088	14	83	27	7799	0	7923
28089	17	19	7788	85	0	7909
28090	10	18	7658	19	0	7705
28091	7	13	90	7710	0	7820
28092	6	3	28	7810	0	7847
28093	4	7797	22	100	0	7923
28094	10	81	13	8036	0	8140
28095	8194	18	7	95	0	8314
28096	8154	9	9	35	0	8207
28097	8382	6	13	20	0	8421
28098	99	4	10	8237	0	8350
28099	32	8348	19	94	0	8493
28100	8509	84	6	20	0	8619
28101	83	8482	14	24	0	8603
28102	20	8481	13	23	0	8537
28103	15	8522	12	25	0	8574
28104	8713	92	17	10	0	8832
28105	86	26	13	8661	0	8786
28106	23	21	9	8691	0	8744
28107	12	8657	11	92	0	8772
28108	8712	80	18	27	0	8837
28109	92	27	8619	20	0	8758
28110	24	11	85	8679	0	8799
28111	8778	14	27	87	0	8906
28112	87	9028	18	32	0	9165
28113	9665	82	14	26	0	9787
28114	86	21	16	9877	0	10000
28115	32	10033	11	78	0	10154
28116	22	90	9986	26	0	10124
28117	10000	17	82	16	0	10115
28118	85	19	16	10321	0	10441
28119	10484	11	11	95	0	10601
28120	95	16	11	10412	0	10534
28121	36	10223	23	100	0	10382
28122	32	83	10610	38	0	10763
28123	20	21	10637	21	0	10699
28124	13	31	91	10796	0	10931
28125	11031	14	35	108	0	11188
28126	11076	10	20	34	0	11140
28127	106	9	16	10938	0	11069
28128	47	7	14	11034	0	11102
28129	11249	8	13	122	0	11392
28130	98	10	15	11279	0	11402
28131	11394	9	17	115	0	11535
28132	100	11174	19	60	0	11353
28133	11317	89	15	40	0	11461
28134	118	29	11367	29	0	11543
28135	44	20	99	11376	0	11539
28136	30	15	34	11659	0	11738
28137	26	13	30	11713	0	11782
28138	22	11372	34	138	0	11566
28139	22	11282	27	63	0	11394
28140	17	112	22	11611	0	11762
28141	18	32	11594	125	0	11769
28142	16	25	117	11696	0	11854
28143	17	18	44	11934	0	12013
28144	21	13	32	12017	0	12083
28145	11776	18	36	136	0	11966
28146	100	11299	39	60	0	11498
28147	33	11385	37	44	0	11499
28148	30	125	33	11398	0	11586
28149	28	33	32	11486	0	11579
28150	31	18	20	11430	0	11499
28151	17	21	20	11546	0	11604
28152	11372	18	25	144	0	11559
28153	102	11295	29	74	0	11500
28154	11517	97	28	47	0	11689
28155	11715	30	22	42	0	11809
28156	115	26	17	11656	0	11814
28157	46	23	11	11787	0	11867
28158	11753	16	16	135	0	11920
28159	11698	16	13	56	0	11783
28160	116	21	9	11507	0	11653
28161	44	19	5	11608	0	11676
28162	37	22	11597	128	0	11784
28163	30	11225	103	54	0	11412
28164	30	11559	14	51	0	11654
28165	11445	80	17	20	0	11562
28166	109	24	11735	28	0	11896
28167	25	24	10988	21	0	11058
28168	10572	14	95	12	0	10693
28169	10947	3	29	11	0	10990
28170	59	11616	22	13	0	11710
28171	21	12048	8	16	0	12093
28172	22	70	7	12339	0	12438
28173	12780	25	5	60	0	12870
28174	12858	13	1	28	0	12900
28175	12893	9	4	23	0	12929
28176	84	6	2	12953	0	13045
28177	29	8	3	13138	0	13178
28178	31	12	12945	84	0	13072
28179	21	22	12580	32	0	12655
28180	12	10	13179	22	0	13223
28181	9	51	81	13239	0	13380
28182	13355	3	35	73	0	13466
28183	74	4	13563	34	0	13675
28184	23	5	68	13569	0	13665
28185	15	13605	32	75	0	13727
28186	11	62	7	13586	0	13666
28187	6	22	11	13725	0	13764
28188	15	17	14073	112	0	14217
28189	8	10	99	14034	0	14151
28190	14876	6	37	130	0	15049
28191	151	13	15212	45	0	15421
28192	46	4	146	15253	0	15449
28193	28	11	15498	162	0	15699
28194	12	15171	179	57	0	15419
28195	32	143	15650	32	0	15857
28196	9	48	174	15503	0	15734
28197	10	23	57	16021	0	16111
28198	16	19	16567	215	0	16817
28199	7	11	173	16399	0	16590
28200	5	11	53	16655	0	16724
28201	10	16175	38	244	0	16467
28202	19	173	16443	83	0	16718
28203	10	47	176	16578	0	16811
28204	12	30	59	17749	0	17850
28205	16	17503	35	241	0	17795
28206	15	179	27	18149	0	18370
28207	18209	54	24	225	0	18512
28208	183	25	28	18186	0	18422
28209	66	19	18253	234	0	18572
28210	18150	23	195	94	0	18462
28211	19768	8	67	64	0	19907
28212	303	19	19649	58	0	20029
28213	18911	15	255	47	0	19228
28214	267	19371	102	55	0	19795
28215	104	232	56	19829	0	20221
28216	51	75	47	21428	0	21601
28217	38	38	32	21537	0	21645
28218	33	29	40	21725	0	21827
28219	32	15	29	21924	0	22000
28220	21597	19	30	465	0	22111
28221	321	29	21159	185	0	21694
28222	20770	13	316	131	0	21230
28223	359	29	20859	103	0	21350
28224	126	15	347	20905	0	21393
28225	21051	18	140	374	0	21583
28226	372	19	69	20864	0	21324
28227	120	20972	73	388	0	21553
28228	21778	309	47	175	0	22309
28229	367	93	60	22513	0	23033
28230	133	66	21997	401	0	22597
28231	21376	42	311	171	0	21900
28232	369	22737	130	135	0	23371
28233	139	325	23402	103	0	23969
28234	110	101	353	23296	0	23860
28235	86	56	130	23286	0	23558
28236	75	23062	93	473	0	23703
28237	84	337	23207	185	0	23813
28238	64	116	352	23321	0	23853
28239	56	63	24035	454	0	24608
28240	59	57	376	23907	0	24399
28241	62	40	148	24222	0	24472
28242	59	50	23881	526	0	24516
28243	68	38	397	23956	0	24459
28244	79	47	168	23317	0	23611
28245	73	40	119	25241	0	25473
28246	61	28	114	25435	0	25638
28247	24739	23	86	630	0	25478
28248	406	47	24132	279	0	24864
28249	25281	30	411	212	0	25934
28250	458	43	161	26086	0	26748
28251	190	35	107	26610	0	26942
28252	114	45	99	26527	0	26785
28253	100	25665	99	648	0	26512
28254	26572	401	85	291	0	27349
28255	435	133	78	27524	0	28170
28256	172	27066	80	556	0	27874
28257	90	406	83	27931	0	28510
28258	28170	126	83	572	0	28951
28259	28181	89	72	290	0	28632
28260	28063	76	83	214	0	28436
28261	536	27579	104	235	0	28454
28262	221	411	27929	187	0	28748
28263	27929	150	425	198	0	28702
28264	28961	72	171	189	0	29393
28265	541	28520	107	211	0	29379
28266	28548	396	88	200	0	29232
28267	28437	142	72	187	0	28838
28268	28788	94	79	167	0	29128
28269	591	29645	77	192	0	30505
28270	275	399	62	30153	0	30889
28271	30804	139	75	496	0	31514
28272	31443	92	55	247	0	31837
28273	31139	68	55	183	0	31445
28274	31244	69	38	183	0	31534
28275	633	61	51	30707	0	31452
28276	294	85	30370	513	0	31262
28277	232	57	393	30484	0	31166
28278	189	30744	141	522	0	31596
28279	173	409	77	32091	0	32750
28280	179	151	32618	533	0	33481
28281	32423	96	461	242	0	33222
28282	577	90	155	33503	0	34325
28283	33406	63	88	564	0	34121
28284	34300	86	79	249	0	34714
28285	709	69	73	34783	0	35634
28286	335	72	35154	556	0	36117
28287	276	116	32911	221	0	33524
28288	31997	75	537	178	0	32787
28289	580	33645	194	175	0	34594
28290	268	33608	108	145	0	34129
28291	199	34337	69	158	0	34763
28292	193	35256	88	140	0	35677
28293	34831	518	175	118	0	35642
28294	35038	178	77	112	0	35405
28295	34802	122	64	116	0	35104
28296	34987	99	58	100	0	35244
28297	584	94	51	33929	0	34658
28298	279	33182	48	405	0	33914
28299	33673	372	70	160	0	34275
28300	491	161	33071	121	0	33844
28301	234	32737	372	177	0	33520
28302	195	353	33286	118	0	33952
28303	33150	144	373	97	0	33764
28304	33170	106	142	98	0	33516
28305	33395	97	90	92	0	33674
28306	553	76	81	33097	0	33807
28307	263	96	32994	386	0	33739
28308	211	32550	360	180	0	33301
28309	32521	352	140	96	0	33109
28310	456	32153	93	113	0	32815
28311	195	31146	66	111	0	31518
28312	151	31385	53	118	0	31707
28313	144	31348	64	99	0	31655
28314	146	439	29418	66	0	30069
28315	106	30397	300	65	0	30868
28316	29441	280	123	51	0	29895
28317	250	111	53	30966	0	31380
28318	133	84	31	31383	0	31631
28319	31249	63	36	262	0	31610
28320	254	30479	40	125	0	30898
28321	138	248	31173	67	0	31626
28322	101	101	215	31286	0	31703
28323	93	78	69	32043	0	32283
28324	81	64	51	32367	0	32563
28325	89	88	31883	277	0	32337
28326	90	78	31719	100	0	31987
28327	78	78	253	31822	0	32231
28328	93	74	32156	230	0	32553
28329	87	68	30384	91	0	30630
28330	26811	80	306	88	0	27285
28331	267	30134	136	118	0	30655
28332	116	30158	68	82	0	30424
28333	105	31267	59	80	0	31511
28334	106	307	52	30867	0	31332
28335	67	32049	64	202	0	32382
28336	32812	271	83	103	0	33269
28337	291	126	32462	79	0	32958
28338	32977	83	299	71	0	33430
28339	344	69	102	33712	0	34227
28340	127	81	76	34198	0	34482
28341	81	34585	61	387	0	35114
28342	35049	341	60	132	0	35582
28343	34968	136	87	88	0	35279
28344	470	36938	58	113	0	37579
28345	173	424	48	36994	0	37639
28346	103	158	36941	462	0	37664
28347	1137	114	35903	130	0	37284
28348	70	37062	544	159	0	37835
28349	38850	480	183	89	0	39602
28350	548	177	38779	39	0	39543
28351	225	91	535	38535	0	39386
28352	39288	65	182	541	0	40076
28353	39861	57	92	179	0	40189
28354	709	47438	88	112	0	48347
28355	247	49531	82	106	0	49966
28356	49946	1024	70	75	0	51115
28357	956	390	49142	42	0	50530
28358	49262	172	910	54	0	50398
28359	50217	106	270	50	0	50643
28360	1159	94	168	49695	0	51116
28361	431	109	49707	905	0	51152
28362	251	109	49392	251	0	50003
28363	47942	82	1180	171	0	49375
28364	1038	100	49320	87	0	50545
28365	47138	94	1074	62	0	48368
28366	48938	98	317	67	0	49420
28367	1190	47786	231	138	0	49345
28368	1300	940	46596	49	0	48885
28369	277	46556	974	82	0	47889
28370	46782	1017	315	70	0	48184
28371	1074	335	45754	73	0	47236
28372	400	217	1003	44648	0	46268
28373	312	124	45625	944	0	47005
28374	341	108	45831	273	0	46553
28375	269	103	45725	157	0	46254
28376	232	118	45153	106	0	45609
28377	223	42997	1403	135	0	44758
28378	257	999	43188	82	0	44526
28379	231	42339	1190	109	0	43869
28380	251	1015	41667	56	0	42989
28381	41327	323	1125	67	0	42842
28382	1100	238	406	38315	0	40059
28383	412	41372	353	719	0	42856
28384	41158	904	274	249	0	42585
28385	41047	337	329	158	0	41871
28386	39847	253	315	113	0	40528
28387	40059	155	334	70	0	40618
28388	1251	39427	346	138	0	41162
28389	39295	939	294	99	0	40627
28390	39568	364	320	73	0	40325
28391	1210	37789	296	151	0	39446
28392	530	996	36433	85	0	38044
28393	378	413	1070	36072	0	37933
28394	302	37302	494	840	0	38938
28395	279	1013	37371	289	0	38952
28396	363	380	37488	194	0	38425
28397	330	36622	1374	117	0	38443
28398	323	37449	596	144	0	38512
28399	1007	37798	428	107	0	39340
28400	321	38660	311	107	0	39399
28401	37645	1365	310	81	0	39401
28402	38369	621	337	91	0	39418
28403	1414	427	38045	123	0	40009
28404	683	321	38581	121	0	39706
28405	535	293	1385	37234	0	39447
28406	433	291	659	38159	0	39542
28407	417	302	458	38803	0	39980
28408	37761	294	392	1252	0	39699
28409	1254	37662	398	488	0	39802
28410	626	39112	361	281	0	40380
28411	561	39686	365	175	0	40787
28412	38343	1559	356	118	0	40376
28413	39070	689	367	150	0	40276
28414	1565	525	382	37998	0	40470
28415	38828	383	454	1039	0	40704
28416	39237	381	409	398	0	40425
28417	1624	408	393	37125	0	39550
28418	37068	401	429	1157	0	39055
28419	1487	36611	528	470	0	39096
28420	729	1239	532	37057	0	39557
28421	655	592	35406	1132	0	37785
28422	572	36917	1387	438	0	39314
28423	538	1470	36988	338	0	39334
28424	546	699	1566	34452	0	37263
28425	553	37501	778	1074	0	39906
28426	559	1404	684	36860	0	39507
28427	573	608	616	38107	0	39904
28428	592	485	36728	1533	0	39338
28429	545	384	38140	656	0	39725
28430	473	397	1705	37263	0	39838
28431	493	462	853	35073	0	36881
28432	526	37304	650	1362	0	39842
28433	35142	1450	517	553	0	37662
28434	1492	36200	503	371	0	38566
28435	664	36536	467	306	0	37973
28436	574	1693	33745	326	0	36338
28437	427	34225	1421	322	0	36395
28438	445	1506	695	30849	0	33495
28439	427	33269	591	1170	0	35457
28440	383	1430	416	31238	0	33467
28441	355	32105	434	1254	0	34148
28442	31362	1438	409	453	0	33662
28443	1276	31882	417	404	0	33979
28444	518	1296	358	27399	0	29571
28445	444	29069	315	938	0	30766
28446	28652	1298	322	364	0	30636
28447	28123	658	235	303	0	29319
28448	1300	27966	260	270	0	29796
28449	26007	1094	192	194	0	27487
28450	1140	814	210	24834	0	26998
28451	440	445	24318	939	0	26142
28452	408	357	24707	342	0	25814
28453	321	24424	1060	339	0	26144
28454	14362	500	303	92	0	15257
28455	14223	142	76	75	0	14516
28456	459	126	13713	88	0	14386
28457	126	123	13584	77	0	13910
28458	13157	83	422	67	0	13729
28459	13669	106	107	68	0	13950
28460	443	90	12949	68	0	13550
28461	12426	95	345	72	0	12938
28462	390	12545	110	74	0	13119
28463	101	13193	96	84	0	13474
28464	95	438	81	12833	0	13447
28465	75	147	64	13240	0	13526
28466	13025	122	62	403	0	13612
28467	13036	98	67	128	0	13329
28468	13075	99	62	103	0	13339
28469	425	100	55	12801	0	13381
28470	138	93	69	12880	0	13180
28471	103	12305	70	399	0	12877
28472	114	12657	51	145	0	12967
28473	90	13085	57	96	0	13328
28474	90	468	79	12233	0	12870
28475	90	12650	81	370	0	13191
28476	94	466	12246	113	0	12919
28477	11998	153	331	119	0	12601
28478	391	154	12487	111	0	13143
28479	133	118	12551	101	0	12903
28480	11986	111	403	77	0	12577
28481	387	12187	133	114	0	12821
28482	12372	401	86	102	0	12961
28483	12622	164	55	82	0	12923
28484	455	142	12230	90	0	12917
28485	185	142	12388	70	0	12785
28486	146	12287	386	52	0	12871
28487	105	450	12255	86	0	12896
28488	119	175	384	12293	0	12971
28489	119	154	123	11838	0	12234
28490	106	12227	128	375	0	12836
28491	122	12710	118	143	0	13093
28492	12494	470	67	108	0	13139
28493	13115	195	86	66	0	13462
28494	444	154	89	12868	0	13555
28495	169	136	91	13270	0	13666
28496	12888	132	91	408	0	13519
28497	12991	146	80	124	0	13341
28498	444	13011	84	111	0	13650
28499	12352	371	87	79	0	12889
28500	434	11910	47	69	0	12460
28501	169	12362	69	84	0	12684
28502	12211	395	102	87	0	12795
28503	12300	136	88	85	0	12609
28504	390	135	73	12068	0	12666
28505	11957	115	53	316	0	12441
28506	427	97	11577	93	0	12194
28507	170	11707	299	83	0	12259
28508	11835	321	96	89	0	12341
28509	385	103	11710	73	0	12271
28510	153	119	272	10727	0	11271
28511	132	10918	97	238	0	11385
28512	132	11388	78	61	0	11659
28513	11469	310	83	56	0	11918
28514	301	142	11089	51	0	11583
28515	10757	101	236	49	0	11143
28516	320	79	72	10876	0	11347
28517	143	59	11062	239	0	11503
28518	11294	41	230	64	0	11629
28519	298	11492	74	73	0	11937
28520	116	12103	63	69	0	12351
28521	11057	269	1394	60	0	12780
28522	10966	48	16	36	0	11066
28523	11159	34	18	38	0	11249
28524	142	34	16	11025	0	11217
28525	66	35	14	11050	0	11165
28526	62	26	10858	100	0	11046
28527	51	18	10567	40	0	10676
28528	40	10500	89	47	0	10676
28529	29	96	37	9988	0	10150
28530	9908	9	16	45	0	9978
28531	52	9712	8	23	0	9795
28532	12	54	8	9973	0	10047
28533	9998	10	11	52	0	10071
28534	44	9768	17	21	0	9850
28535	19	10179	7	13	0	10218
28536	27	68	9892	6	0	9993
28537	10007	8	40	10	0	10065
28538	10434	12	8	10	0	10464
28539	50	16	10179	13	0	10258
28540	9872	10	32	8	0	9922
28541	45	8	10294	13	0	10360
28542	10	9989	38	11	0	10048
28543	34	40	33	10124	0	10231
28544	10095	8	13	34	0	10150
28545	36	9877	9	10	0	9932
28546	13	9948	4	12	0	9977
28547	9911	30	6	6	0	9953
28548	32	15	10101	7	0	10155
28549	9982	7	32	6	0	10027
28550	34	10276	6	14	0	10330
28551	14	37	10039	7	0	10097
28552	10312	4	26	5	0	10347
28553	10659	6	3	1	0	10669
28554	38	12	4	10516	0	10570
28555	16	4	3	10737	0	10760
28556	10	10568	14	35	0	10627
28557	11	41	10717	6	0	10775
28558	8	14	32	11027	0	11081
28559	10	2	11682	55	0	11749
28560	12	8	11750	16	0	11786
28561	4	8	82	12480	0	12574
28562	13	6	12788	95	0	12902
28563	15	14	12628	21	0	12678
28564	6	8	115	12328	0	12457
28565	12	9	12704	100	0	12825
28566	11841	9	107	20	0	11977
28567	96	11930	51	25	0	12102
28568	31	87	12732	8	0	12858
28569	15	35	13487	5	0	13542
28570	18	14	108	13365	0	13505
28571	13963	7	32	92	0	14094
28572	14006	5	16	26	0	14053
28573	13942	8	16	18	0	13984
28574	13981	5	20	15	0	14021
28575	124	5	18	13752	0	13899
28576	34	10	13955	100	0	14099
28577	14142	6	103	28	0	14279
28578	14476	11	26	17	0	14530
28579	14578	6	19	15	0	14618
28580	124	7	14190	11	0	14332
28581	13576	8	104	14	0	13702
28582	117	12	30	15014	0	15173
28583	37	15072	32	121	0	15262
28584	25	113	25	15130	0	15293
28585	23	15236	24	114	0	15397
28586	15563	127	30	38	0	15758
28587	147	34	15565	23	0	15769
28588	40	13	140	15330	0	15523
28589	26	15415	60	120	0	15621
28590	27	15786	28	54	0	15895
28591	16037	156	44	21	0	16258
28592	16002	35	17	17	0	16071
28593	168	41	15422	13	0	15644
28594	15562	14	148	16	0	15740
28595	165	11	44	15628	0	15848
28596	60	15	16158	144	0	16377
28597	57	17	16054	34	0	16162
28598	51	11	156	16532	0	16750
28599	17120	11	54	160	0	17345
28600	179	13	42	16955	0	17189
28601	57	21	27	17034	0	17139
28602	52	7	32	16985	0	17076
28603	47	16810	38	218	0	17113
28604	39	156	24	17205	0	17424
28605	16880	45	20	186	0	17131
28606	172	16775	42	81	0	17070
28607	69	167	29	17045	0	17310
28608	16863	43	25	197	0	17128
28609	170	16516	39	66	0	16791
28610	74	16802	26	52	0	16954
28611	50	198	20	16905	0	17173
28612	16682	58	25	178	0	16943
28613	186	50	16434	74	0	16744
28614	68	44	16333	56	0	16501
28615	16711	32	213	41	0	16997
28616	17565	28	70	38	0	17701
28617	255	17204	51	44	0	17554
28618	98	215	38	16873	0	17224
28619	72	62	16705	216	0	17055
28620	61	47	16492	76	0	16676
28621	54	42	17096	58	0	17250
28622	42	16749	297	59	0	17147
28623	42	17058	108	58	0	17266
28624	17113	239	52	58	0	17462
28625	260	83	17018	38	0	17399
28626	16814	44	239	56	0	17153
28627	17118	37	69	53	0	17277
28628	304	45	17099	56	0	17504
28629	108	17526	247	68	0	17949
28630	82	247	73	17840	0	18242
28631	86	84	17920	263	0	18353
28632	65	74	17604	89	0	17832
28633	17172	55	283	63	0	17573
28634	269	17737	104	67	0	18177
28635	98	270	76	17202	0	17646
28636	78	101	54	17352	0	17585
28637	81	17467	47	293	0	17888
28638	76	17945	66	102	0	18189
28639	68	18172	80	60	0	18380
28640	76	331	52	18429	0	18888
28641	19264	100	50	306	0	19720
28642	339	73	44	19573	0	20029
28643	93	62	19434	371	0	19960
28644	75	58	19513	113	0	19759
28645	59	66	395	19639	0	20159
28646	70	54	19417	372	0	19913
28647	62	19454	388	116	0	20020
28648	45	369	109	20374	0	20897
28649	20855	116	73	409	0	21453
28650	20838	74	68	120	0	21100
28651	463	20872	67	88	0	21490
28652	21182	420	53	68	0	21723
28653	21474	118	63	73	0	21728
28654	21579	82	61	66	0	21788
28655	510	86	20288	65	0	20949
28656	20336	47	397	73	0	20853
28657	458	20246	125	82	0	20911
28658	121	391	20175	67	0	20754
28659	101	116	20026	67	0	20310
28660	84	19780	434	71	0	20369
28661	19348	400	151	68	0	19967
28662	406	114	101	18824	0	19445
28663	120	18654	65	357	0	19196
28664	19003	376	43	105	0	19527
28665	377	113	53	19023	0	19566
28666	19131	84	64	377	0	19656
28667	383	64	55	19338	0	19840
28668	139	58	18871	413	0	19481
28669	109	68	18633	118	0	18928
28670	87	65	18709	100	0	18961
28671	87	72	450	18044	0	18653
28672	82	60	133	18920	0	19195
28673	97	67	18256	439	0	18859
28674	89	18196	393	145	0	18823
28675	18606	379	110	84	0	19179
28676	18359	126	99	71	0	18655
28677	442	18346	92	81	0	18961
28678	176	421	84	18353	0	19034
28679	126	125	18531	410	0	19192
28680	17738	96	449	104	0	18387
28681	446	65	18648	95	0	19254
28682	148	65	17960	65	0	18238
28683	108	64	17873	56	0	18101
28684	17036	81	490	55	0	17662
28685	418	62	17145	71	0	17696
28686	131	16635	443	61	0	17270
28687	126	17324	148	72	0	17670
28688	116	407	113	16660	0	17296
28689	86	129	99	17059	0	17373
28690	88	94	16587	415	0	17184
28691	16189	66	378	137	0	16770
28692	17000	72	133	82	0	17287
28693	433	66	108	16806	0	17413
28694	16583	61	89	371	0	17104
28695	406	16451	97	135	0	17089
28696	16054	366	86	95	0	16601
28697	406	15758	90	85	0	16339
28698	131	15825	84	82	0	16122
28699	15294	391	86	76	0	15847
28700	15467	126	82	61	0	15736
28701	15731	81	90	59	0	15961
28702	15968	74	79	60	0	16181
28703	475	73	14840	63	0	15451
28704	14931	67	370	70	0	15438
28705	413	68	125	14687	0	15293
28706	144	14938	101	335	0	15518
28707	14966	332	81	90	0	15469
28708	396	14971	72	93	0	15532
28709	15031	367	65	63	0	15526
28710	421	97	73	14957	0	15548
28711	150	90	71	15331	0	15642
28712	129	69	14894	407	0	15499
28713	111	76	14919	119	0	15225
28714	103	14868	379	91	0	15441
28715	14159	333	110	71	0	14673
28716	350	14003	88	63	0	14504
28717	148	14038	59	61	0	14306
28718	133	14404	55	66	0	14658
28719	145	388	13658	42	0	14233
28720	112	13978	302	43	0	14435
28721	13238	341	102	51	0	13732
28722	13332	108	79	33	0	13552
28723	371	89	56	12890	0	13406
28724	138	12822	55	274	0	13289
28725	113	13234	54	83	0	13484
28726	103	328	70	13025	0	13526
28727	90	114	12841	289	0	13334
28728	95	12578	286	91	0	13050
28729	101	304	85	12266	0	12756
28730	11925	101	58	303	0	12387
28731	12068	93	50	82	0	12293
28732	327	12105	52	79	0	12563
28733	12113	299	40	64	0	12516
28734	12189	92	50	63	0	12394
28735	325	87	62	11796	0	12270
28736	120	79	11494	266	0	11959
28737	96	11562	261	97	0	12016
28738	92	704	89	11038	0	11923
28739	84	131	11243	230	0	11688
28740	80	10797	225	75	0	11177
28741	9789	191	75	47	0	10102
28742	9885	70	48	44	0	10047
28743	204	59	36	9615	0	9914
28744	81	9681	36	173	0	9971
28745	75	177	9467	60	0	9779
28746	62	79	163	9501	0	9805
28747	52	60	9522	163	0	9797
28748	34	8528	135	64	0	8761
28749	140	140	71	7829	0	8180
28750	7732	38	45	101	0	7916
28751	91	7592	18	43	0	7744
28752	7490	97	24	27	0	7638
28753	7402	48	17	18	0	7485
28754	130	7509	9	30	0	7678
28755	54	108	18	7495	0	7675
28756	52	52	9	7522	0	7635
28757	32	7317	12	111	0	7472
28758	39	7467	22	47	0	7575
28759	25	103	18	7064	0	7210
28760	30	7171	15	88	0	7304
28761	7235	86	19	31	0	7371
28762	7165	42	19	29	0	7255
28763	99	38	7084	27	0	7248
28764	46	32	6980	12	0	7070
28765	6896	29	83	22	0	7030
28766	7099	18	35	23	0	7175
28767	91	7331	18	26	0	7466
28768	7349	103	19	19	0	7490
28769	7278	37	11	27	0	7353
28770	112	7139	18	15	0	7284
28771	7255	103	8	13	0	7379
28772	108	46	12	8689	0	8855
28773	51	38	10	9189	0	9288
28774	34	38	9453	220	0	9745
28775	24	9233	177	53	0	9487
28776	22	9808	47	33	0	9910
28777	9431	268	59	58	0	9816
28778	9697	68	20	27	0	9812
28779	9758	25	17	35	0	9835
28780	9951	24	13	21	0	10009
28781	261	24	9638	6	0	9929
28782	73	31	9634	17	0	9755
28783	45	9553	211	29	0	9838
28784	46	208	55	9674	0	9983
28785	45	59	35	9417	0	9556
28786	36	9726	19	200	0	9981
28787	21	214	29	9578	0	9842
28788	9414	50	27	217	0	9708
28789	216	9442	28	48	0	9734
28790	66	223	9597	33	0	9919
28791	55	9886	183	38	0	10162
28792	10042	221	46	21	0	10330
28793	222	79	9922	26	0	10249
28794	9910	45	213	28	0	10196
28795	10280	26	47	25	0	10378
28796	244	39	10046	29	0	10358
28797	74	31	10107	15	0	10227
28798	58	26	9956	19	0	10059
28799	9419	27	246	11	0	9703
28800	227	23	9796	16	0	10062
28801	71	9533	224	27	0	9855
28802	9625	206	55	13	0	9899
28803	212	44	9616	10	0	9882
28804	9313	42	223	14	0	9592
28805	249	27	9513	19	0	9808
28806	74	19	9788	8	0	9889
28807	55	9568	247	19	0	9889
28808	48	204	9797	14	0	10063
28809	50	43	9778	17	0	9888
28810	42	8872	278	37	0	9229
28811	9415	203	100	8	0	9726
28812	210	70	9438	7	0	9725
28813	61	54	218	8782	0	9115
28814	55	9333	71	159	0	9618
28815	9515	195	58	43	0	9811
28816	9561	62	57	31	0	9711
28817	251	55	9293	31	0	9630
28818	85	8972	226	22	0	9305
28819	51	9376	92	23	0	9542
28820	48	257	58	8983	0	9346
28821	50	9218	54	194	0	9516
28822	81	238	42	9023	0	9384
28823	77	80	48	9323	0	9528
28824	73	9273	50	229	0	9625
28825	61	242	54	9209	0	9566
28826	58	9278	57	215	0	9608
28827	66	254	8991	66	0	9377
28828	49	87	232	9069	0	9437
28829	57	74	69	9148	0	9348
28830	47	9098	72	227	0	9444
28831	55	9464	42	94	0	9655
28832	70	266	42	8968	0	9346
28833	47	9155	66	219	0	9487
28834	9144	264	61	72	0	9541
28835	232	92	57	9123	0	9504
28836	80	9232	56	226	0	9594
28837	9105	252	60	48	0	9465
28838	233	9027	61	66	0	9387
28839	103	255	8789	57	0	9204
28840	76	87	247	8938	0	9348
28841	9030	82	92	219	0	9423
28842	236	70	9029	66	0	9401
28843	85	64	253	8770	0	9172
28844	91	8868	83	213	0	9255
28845	65	239	8744	54	0	9102
28846	71	8845	246	61	0	9223
28847	8946	253	105	32	0	9336
28848	8958	79	106	24	0	9167
28849	252	8790	95	36	0	9173
28850	8889	242	89	38	0	9258
28851	256	96	8748	35	0	9135
28852	73	83	259	8639	0	9054
28853	86	70	95	8642	0	8893
28854	79	8673	86	203	0	9041
28855	9373	240	100	62	0	9775
28856	9824	99	72	47	0	10042
28857	263	90	9648	37	0	10038
28858	9690	59	247	40	0	10036
28859	9940	73	86	41	0	10140
28860	9987	63	73	47	0	10170
28861	288	77	63	9678	0	10106
28862	114	60	60	9768	0	10002
28863	87	9650	64	229	0	10030
28864	9531	235	70	75	0	9911
28865	9523	85	37	76	0	9721
28866	247	9444	44	48	0	9783
28867	97	238	39	9036	0	9410
28868	57	9163	39	211	0	9470
28869	100	9495	35	67	0	9697
28870	9331	250	51	63	0	9695
28871	239	73	9154	50	0	9516
28872	29	43	7427	20	0	7519
28873	18	7241	74	26	0	7359
28874	6603	56	55	14	0	6728
28875	51	17	6511	11	0	6590
28876	10	6020	48	10	0	6088
28877	6094	29	8	0	0	6131
28878	27	2	5941	5	0	5975
28879	0	7	27	5906	0	5940
28880	6327	3	6	23	0	6359
28881	31	1	6332	4	0	6368
28882	2	5	6599	5	0	6611
28883	8	9	6850	4	0	6871
28884	4	8	6819	2	0	6833
28885	6455	7	39	3	0	6504
28886	7080	5	8	4	0	7097
28887	30	7076	9	2	0	7117
28888	8	35	3	7450	0	7496
28889	13	5	1	7607	0	7626
28890	4	7334	3	51	0	7392
28891	1	53	4	7471	0	7529
28892	3	7648	3	52	0	7706
28893	0	7715	2	16	0	7733
28894	4	70	1	7689	0	7764
28895	4	24	7685	52	0	7765
28896	3	7653	58	16	0	7730
28897	1	57	19	7843	0	7920
28898	7947	21	8	53	0	8029
28899	58	8	7493	380	0	7939
28900	7824	8	54	6	0	7892
28901	8106	5	19	5	0	8135
28902	88	5	7	8404	0	8504
28903	38	5	8832	73	0	8948
28904	10	9	8942	24	0	8985
28905	8	9158	124	16	0	9306
28906	9	105	38	9306	0	9458
28907	9	31	9289	103	0	9432
28908	9	20	9485	34	0	9548
28909	9	9266	139	32	0	9446
28910	9617	115	55	6	0	9793
28911	9683	32	26	6	0	9747
28912	139	20	17	9982	0	10158
28913	51	12	10240	121	0	10424
28914	30	11	10278	46	0	10365
28915	15	10397	168	38	0	10618
28916	8	123	10778	8	0	10917
28917	7	47	10761	11	0	10826
28918	9	37	179	10171	0	10396
28919	9	16	10705	131	0	10861
28920	10341	8	152	51	0	10552
28921	122	10	52	10880	0	11064
28922	44	19	11102	128	0	11293
28923	23	10987	134	68	0	11212
28924	13	127	64	11362	0	11566
28925	12	38	11386	128	0	11564
28926	9	11368	146	64	0	11587
28927	16	139	53	11501	0	11709
28928	16	11743	28	139	0	11926
28929	14	149	22	11884	0	12069
28930	11	51	28	11970	0	12060
28931	5	38	11706	186	0	11935
28932	13	11810	139	72	0	12034
28933	13	134	109	11998	0	12254
28934	8	55	41	12016	0	12120
28935	8	27	29	12209	0	12273
28936	15	21	11799	187	0	12022
28937	15	11613	148	84	0	11860
28938	9	143	61	11917	0	12130
28939	21	55	11794	162	0	12032
28940	8	11654	156	77	0	11895
28941	6	147	65	11967	0	12185
28942	19	55	12005	146	0	12225
28943	14	11927	156	80	0	12177
28944	4	149	71	12036	0	12260
28945	16	66	40	12423	0	12545
28946	12	37	12634	199	0	12882
28947	11967	21	162	93	0	12243
28948	132	12549	82	55	0	12818
28949	12944	161	43	32	0	13180
28950	162	66	13028	42	0	13298
28951	13178	42	164	36	0	13420
28952	161	24	69	13312	0	13566
28953	53	31	46	13738	0	13868
28954	31	26	13483	214	0	13754
28955	12534	34	169	100	0	12837
28956	12797	20	68	69	0	12954
28957	181	12734	43	55	0	13013
28958	69	13214	33	50	0	13366
28959	13287	201	37	36	0	13561
28960	164	91	13163	39	0	13457
28961	55	14093	166	47	0	14361
28962	31	168	84	14606	0	14889
28963	21	70	58	14896	0	15045
28964	25	47	14668	215	0	14955
28965	14225	32	177	102	0	14536
28966	183	29	14892	54	0	15158
28967	14712	20	202	44	0	14978
28968	204	36	15300	37	0	15577
28969	70	15168	209	40	0	15487
28970	15820	184	92	43	0	16139
28971	15812	71	53	47	0	15983
28972	15706	35	55	34	0	15830
28973	15784	27	50	24	0	15885
28974	230	43	31	15546	0	15850
28975	97	35	15578	180	0	15890
28976	58	32	176	15429	0	15695
28977	33	15728	92	205	0	16058
28978	39	178	56	16108	0	16381
28979	30	69	15870	203	0	16172
28980	28	46	16066	84	0	16224
28981	29	36	224	16010	0	16299
28982	16112	33	123	167	0	16435
28983	15912	26	51	91	0	16080
28984	15990	25	48	47	0	16110
28985	244	26	16053	42	0	16365
28986	92	37	16040	41	0	16210
28987	52	15839	224	43	0	16158
28988	31	16102	86	47	0	16266
28989	16198	166	106	32	0	16502
28990	16194	79	39	28	0	16340
28991	177	16635	34	38	0	16884
28992	16885	139	30	23	0	17077
28993	16854	52	20	28	0	16954
28994	175	16651	26	32	0	16884
28995	17399	138	17	32	0	17586
28996	17388	55	28	25	0	17496
28997	171	17479	35	30	0	17715
28998	18122	128	32	28	0	18310
28999	18108	51	31	30	0	18220
29000	202	39	18336	26	0	18603
29001	93	30	18273	20	0	18416
29002	39	17869	159	29	0	18096
29003	29	18144	57	20	0	18250
29004	18285	160	127	24	0	18596
29005	17943	45	23	17	0	18028
29006	17766	25	18	12	0	17821
29007	127	17715	26	28	0	17896
29008	49	82	16	18360	0	18507
29009	41	36	18613	86	0	18776
29010	33	54	87	18329	0	18503
29011	25	18456	38	95	0	18614
29012	18876	76	29	13	0	18994
29013	86	18195	23	20	0	18324
29014	32	88	9	18819	0	18948
29015	19898	24	8	74	0	20004
29016	19761	15	6	21	0	19803
29017	124	27	20049	15	0	20215
29018	20124	11	90	12	0	20237
29019	21223	10	22	11	0	21266
29020	21462	11	17	11	0	21501
29021	155	19	14	20985	0	21173
29022	55	20605	17	119	0	20796
29023	40	120	12	21472	0	21644
29024	32	64	21399	147	0	21642
29025	23	21630	152	77	0	21882
29026	28	178	36	22084	0	22326
29027	31	55	21702	166	0	21954
29028	23	21529	155	51	0	21758
29029	18	158	51	21849	0	22076
29030	23	56	21996	159	0	22234
29031	18652	44	215	74	0	18985
29032	199	20	22121	28	0	22368
29033	71	37	22040	17	0	22165
29034	43	21822	220	20	0	22105
29035	24	201	61	22577	0	22863
29036	33	73	34	22276	0	22416
29037	35	21852	35	208	0	22130
29038	32	199	25	23041	0	23297
29039	23230	48	14	198	0	23490
29040	23136	40	14	61	0	23251
29041	251	29	22826	31	0	23137
29042	22459	24	192	24	0	22699
29043	23331	19	41	24	0	23415
29044	262	35	22857	24	0	23178
29045	80	22383	211	25	0	22699
29046	40	22796	60	29	0	22925
29047	48	270	40	21119	0	21477
29048	46	22467	24	142	0	22679
29049	41	239	21863	30	0	22173
29050	51	90	21355	26	0	21522
29051	30	21472	274	24	0	21800
29052	22625	205	70	21	0	22921
29053	22877	65	38	18	0	22998
29054	23015	50	19	23	0	23107
29055	23001	28	19	21	0	23069
29056	22646	28	18	18	0	22710
29057	255	21913	17	22	0	22207
29058	85	225	21710	15	0	22035
29059	56	58	186	22035	0	22335
29060	21910	32	55	206	0	22203
29061	203	21104	47	77	0	21431
29062	72	229	23	21168	0	21492
29063	53	77	20901	212	0	21243
29064	33	20234	214	58	0	20539
29065	16	21444	54	47	0	21561
29066	21168	268	72	27	0	21535
29067	213	20883	32	54	0	21182
29068	77	217	25	20607	0	20926
29069	20630	58	28	197	0	20913
29070	20346	43	19	50	0	20458
29071	20664	27	12	31	0	20734
29072	279	32	19898	25	0	20234
29073	83	19847	204	19	0	20153
29074	21010	222	47	23	0	21302
29075	228	67	33	20676	0	21004
29076	21066	46	18	216	0	21346
29077	254	20356	31	74	0	20715
29078	22105	231	35	30	0	22401
29079	23965	76	19	33	0	24093
29080	392	48	20	23463	0	23923
29081	147	39	24084	339	0	24609
29082	95	34	338	24825	0	25292
29083	24766	28	93	406	0	25293
29084	25009	36	58	106	0	25209
29085	454	24182	32	82	0	24750
29086	23951	369	32	45	0	24397
29087	414	23786	38	52	0	24290
29088	24193	397	26	49	0	24665
29089	24220	113	34	41	0	24408
29090	476	91	23218	35	0	23820
29091	159	23080	357	48	0	23644
29092	93	381	113	23541	0	24128
29093	77	122	49	23979	0	24227
29094	72	84	39	23295	0	23490
29095	67	22854	48	506	0	23475
29096	68	402	22665	141	0	23276
29097	80	133	23275	86	0	23574
29098	61	28244	457	76	0	28838
29099	28762	548	132	62	0	29504
29100	583	176	28130	51	0	28940
29101	27471	110	562	51	0	28194
29102	613	27443	193	51	0	28300
29103	245	536	27654	46	0	28481
29104	121	199	561	27695	0	28576
29105	91	127	27956	567	0	28741
29106	92	73	28329	173	0	28667
29107	117	90	676	25624	0	26507
29108	81	26992	250	446	0	27769
29109	70	27848	130	154	0	28202
29110	27571	697	73	259	0	28600
29111	617	248	26948	71	0	27884
29112	27548	121	576	48	0	28293
29113	27984	92	208	55	0	28339
29114	738	27570	124	49	0	28481
29115	26793	583	73	50	0	27499
29116	26913	197	55	41	0	27206
29117	25955	113	72	45	0	26185
29118	772	25182	82	38	0	26074
29119	285	23914	84	41	0	24324
29120	164	24966	67	47	0	25244
29121	24922	677	144	34	0	25777
29122	25152	246	68	46	0	25512
29123	728	126	24237	31	0	25122
29124	281	115	23655	25	0	24076
29125	24094	72	588	34	0	24788
29126	24474	74	218	43	0	24809
29127	24613	77	120	40	0	24850
29128	705	73	74	23779	0	24631
29129	290	56	68	24327	0	24741
29130	171	67	63	24574	0	24875
29131	127	88	47	24769	0	25031
29132	133	96	23616	628	0	24473
29133	127	87	23586	241	0	24041
29134	154	51	23622	110	0	23937
29135	142	61	23354	70	0	23627
29136	22992	63	642	57	0	23754
29137	527	23044	254	76	0	23901
29138	240	23786	134	75	0	24235
29139	23706	563	73	68	0	24410
29140	555	234	23387	75	0	24251
29141	225	137	23125	83	0	23570
29142	22969	117	615	77	0	23778
29143	23588	64	273	77	0	24002
29144	625	23224	181	74	0	24104
29145	307	455	131	23473	0	24366
29146	23684	182	109	441	0	24416
29147	24198	125	106	165	0	24594
29148	677	103	77	23276	0	24133
29149	332	23967	72	440	0	24811
29150	24419	488	84	186	0	25177
29151	555	216	23463	137	0	24371
29152	23585	130	477	98	0	24290
29153	548	23600	245	104	0	24497
29154	24096	475	166	88	0	24825
29155	24203	209	115	90	0	24617
29156	660	151	23806	77	0	24694
29157	307	111	23641	69	0	24128
29158	23712	100	611	65	0	24488
29159	24219	106	274	47	0	24646
29160	661	24137	158	68	0	25024
29161	312	492	124	24411	0	25339
29162	215	204	24113	427	0	24959
29163	23827	134	505	155	0	24621
29164	570	116	234	24218	0	25138
29165	315	90	157	24454	0	25016
29166	24059	96	126	576	0	24857
29167	548	24573	116	256	0	25493
29168	24987	492	121	141	0	25741
29169	25248	181	123	98	0	25650
29170	25476	135	117	95	0	25823
29171	730	24849	117	111	0	25807
29172	25204	485	102	80	0	25871
29173	623	218	96	24940	0	25877
29174	313	143	101	25169	0	25726
29175	303	119	24337	589	0	25348
29176	315	99	24083	229	0	24726
29177	181	24217	589	145	0	25132
29178	205	23877	208	83	0	24373
29179	195	446	21588	49	0	22278
29180	150	21957	365	67	0	22539
29181	21613	452	203	110	0	22378
29182	21618	146	75	41	0	21880
29183	21833	92	41	36	0	22002
29184	498	84	45	21113	0	21740
29185	224	69	51	21658	0	22002
29186	140	85	21416	421	0	22062
29187	112	21229	324	194	0	21859
29188	21438	358	123	84	0	22003
29189	364	21463	97	51	0	21975
29190	21686	372	80	35	0	22173
29191	21742	138	53	30	0	21963
29192	513	94	37	21380	0	22024
29193	255	51	36	21646	0	21988
29194	139	44	41	22053	0	22277
29195	117	66	20897	507	0	21587
29196	98	20530	325	236	0	21189
29197	64	20410	126	149	0	20749
29198	22	14439	15	38	0	14514
29199	19	14480	19	45	0	14563
29200	18	14678	18	33	0	14747
29201	14184	144	48	13	0	14389
29202	121	66	14206	15	0	14408
29203	45	14178	105	22	0	14350
29204	38	137	13731	16	0	13922
29205	14	14151	108	21	0	14294
29206	30	132	35	13432	0	13629
29207	17	43	15	13902	0	13977
29208	24	14149	12	117	0	14302
29209	14234	108	20	39	0	14401
29210	105	62	13945	19	0	14131
29211	35	14124	94	33	0	14286
29212	33	126	13959	15	0	14133
29213	18	51	111	14035	0	14215
29214	21	37	30	13546	0	13634
29215	27	13772	31	131	0	13961
29216	24	123	18	14126	0	14291
29217	29	42	19	14280	0	14370
29218	20	14195	25	144	0	14384
29219	31	123	14070	60	0	14284
29220	23	46	14152	35	0	14256
29221	13919	35	124	26	0	14104
29222	14503	29	37	23	0	14592
29223	131	37	20	13947	0	14135
29224	44	26	13896	118	0	14084
29225	19	31	119	13583	0	13752
29226	28	14162	36	136	0	14362
29227	32	110	14211	44	0	14397
29228	20	13899	117	47	0	14083
29229	24	138	13984	24	0	14170
29230	20	13937	111	37	0	14105
29231	14146	123	41	24	0	14334
29232	103	53	28	13970	0	14154
29233	40	38	25	13909	0	14012
29234	30	39	13928	123	0	14120
29235	40	32	13582	49	0	13703
29236	26	13674	113	32	0	13845
29237	14010	108	50	26	0	14194
29238	105	56	33	13730	0	13924
29239	52	32	14143	110	0	14337
29240	26	47	13823	46	0	13942
29241	13194	30	152	39	0	13415
29242	13740	36	55	26	0	13857
29243	138	36	14051	28	0	14253
29244	48	47	119	13613	0	13827
29245	26	14052	55	107	0	14240
29246	14314	115	37	48	0	14514
29247	119	14094	28	43	0	14284
29248	13977	115	19	21	0	14132
29249	113	14151	25	32	0	14321
29250	34	14506	21	40	0	14601
29251	27	145	16	14559	0	14747
29252	20	53	15	14618	0	14706
29253	14	14384	23	153	0	14574
29254	21	140	14146	39	0	14346
29255	27	58	14184	27	0	14296
29256	22	51	14202	14	0	14289
29257	13682	23	151	24	0	13880
29258	14236	18	50	26	0	14330
29259	132	14840	29	48	0	15049
29260	49	165	14745	20	0	14979
29261	21	75	164	14966	0	15226
29262	19	44	15743	180	0	15986
29263	15	44	16312	62	0	16433
29264	18	40	239	17672	0	17969
29265	10	36	96	18715	0	18857
29266	22	30	19748	370	0	20170
29267	19210	30	284	171	0	19695
29268	340	20377	143	103	0	20963
29269	141	21342	98	57	0	21638
29270	74	497	26	20945	0	21542
29271	21426	224	34	357	0	22041
29272	383	21757	40	221	0	22401
29273	21888	405	32	88	0	22413
29274	429	22043	19	60	0	22551
29275	23065	462	27	38	0	23592
29276	512	200	22652	34	0	23398
29277	230	134	23065	26	0	23455
29278	124	127	553	22615	0	23419
29279	78	64	22408	429	0	22979
29280	53	21473	502	188	0	22216
29281	47	21938	207	105	0	22297
29282	21914	551	132	48	0	22645
29283	426	260	56	21222	0	21964
29284	189	22041	51	395	0	22676
29285	22555	449	50	170	0	23224
29286	22265	222	49	82	0	22618
29287	22922	123	41	46	0	23132
29288	684	73	47	22420	0	23224
29289	304	75	51	22900	0	23330
29290	163	74	22441	612	0	23290
29291	122	62	22389	268	0	22841
29292	22216	46	590	135	0	22987
29293	481	60	256	22227	0	23024
29294	236	52	22018	485	0	22791
29295	21940	52	473	217	0	22682
29296	497	22669	237	136	0	23539
29297	23175	452	128	71	0	23826
29298	23403	196	64	82	0	23745
29299	23487	114	77	81	0	23759
29300	763	58	22391	65	0	23277
29301	22580	57	464	57	0	23158
29302	632	415	211	21079	0	22337
29303	299	21461	159	409	0	22328
29304	201	22652	96	194	0	23143
29305	22692	576	90	116	0	23474
29306	22847	258	85	66	0	23256
29307	23138	139	60	57	0	23394
29308	768	95	48	22184	0	23095
29309	385	81	67	22579	0	23112
29310	267	72	61	21953	0	22353
29311	189	21999	60	687	0	22935
29312	22143	467	56	296	0	22962
29313	22482	232	49	178	0	22941
29314	22867	158	60	129	0	23214
29315	796	95	22377	98	0	23366
29316	23100	97	469	86	0	23752
29317	716	99	205	21981	0	23001
29318	368	22315	119	488	0	23290
29319	22476	524	62	226	0	23288
29320	22580	242	73	163	0	23058
29321	803	161	23543	114	0	24621
29322	425	102	480	23343	0	24350
29323	275	23784	222	529	0	24810
29324	24586	514	160	246	0	25506
29325	651	237	97	24594	0	25579
29326	348	166	99	24593	0	25206
29327	269	104	79	24967	0	25419
29328	191	107	77	25714	0	26089
29329	212	132	24573	863	0	25780
29330	201	24749	549	410	0	25909
29331	211	567	237	25196	0	26211
29332	188	274	25115	671	0	26248
29333	25049	190	561	345	0	26145
29334	25823	128	255	240	0	26446
29335	830	104	177	25508	0	26619
29336	25780	110	116	649	0	26655
29337	26384	97	104	331	0	26916
29338	887	121	25492	254	0	26754
29339	476	25345	569	183	0	26573
29340	25884	564	251	188	0	26887
29341	703	253	189	25671	0	26816
29342	26041	175	131	641	0	26988
29343	767	120	123	25649	0	26659
29344	393	120	114	26214	0	26841
29345	321	127	24907	797	0	26152
29346	23498	92	558	415	0	24563
29347	679	25068	272	316	0	26335
29348	406	581	24936	191	0	26114
29349	286	24684	541	234	0	25745
29350	24572	633	278	164	0	25647
29351	711	268	168	24401	0	25548
29352	24331	171	103	613	0	25218
29353	711	23976	133	365	0	25185
29354	24781	578	107	229	0	25695
29355	25206	238	83	199	0	25726
29356	25210	164	103	183	0	25660
29357	25107	90	95	173	0	25465
29358	941	24238	91	171	0	25441
29359	23952	501	88	132	0	24673
29360	732	236	105	23509	0	24582
29361	443	212	73	23199	0	23927
29362	337	21566	91	636	0	22630
29363	261	21441	90	299	0	22091
29364	218	20346	58	174	0	20796
29365	19138	486	105	125	0	19854
29366	452	17466	38	106	0	18062
29367	206	16212	46	70	0	16534
29368	16161	301	193	69	0	16724
29369	15793	104	41	76	0	16014
29370	348	15666	54	72	0	16140
29371	15675	244	33	41	0	15993
29372	318	106	14816	59	0	15299
29373	14792	81	195	59	0	15127
29374	301	80	14705	66	0	15152
29375	112	13630	150	66	0	13958
29376	91	13915	63	73	0	14142
29377	224	257	64	13653	0	14198
29378	13857	87	43	162	0	14149
29379	14087	68	19	63	0	14237
29380	14254	58	19	61	0	14392
29381	14289	42	30	45	0	14406
29382	14028	54	38	52	0	14172
29383	246	57	13474	46	0	13823
29384	112	72	12956	48	0	13188
29385	13540	45	142	53	0	13780
29386	195	13409	62	62	0	13728
29387	13539	126	42	39	0	13746
29388	13896	53	19	46	0	14014
29389	14244	44	24	40	0	14352
29390	14280	36	28	40	0	14384
29391	14281	43	25	47	0	14396
29392	203	46	14069	43	0	14361
29393	14351	40	110	53	0	14554
29394	14578	41	47	40	0	14706
29395	199	49	14362	52	0	14662
29396	13893	42	119	55	0	14109
29397	14251	42	66	51	0	14410
29398	219	48	14535	53	0	14855
29399	131	57	14386	35	0	14609
29400	101	14530	158	45	0	14834
29401	115	153	66	14905	0	15239
29402	123	59	14912	128	0	15222
29403	15089	54	137	46	0	15326
29404	223	44	50	15716	0	16033
29405	134	37	15937	152	0	16260
29406	15846	37	153	57	0	16093
29407	16156	52	57	38	0	16303
29408	16250	54	40	37	0	16381
29409	242	16274	34	58	0	16608
29410	134	156	32	16196	0	16518
29411	122	16185	35	142	0	16484
29412	16516	174	45	54	0	16789
29413	16438	61	51	52	0	16602
29414	225	68	16051	30	0	16374
29415	121	15282	110	17	0	15530
29416	61	15395	61	38	0	15555
29417	69	148	45	15276	0	15538
29418	82	68	23	15399	0	15572
29419	15431	41	14	127	0	15613
29420	178	15139	27	77	0	15421
29421	95	13845	18	46	0	14004
29422	132	132	13530	19	0	13813
29423	81	13826	100	24	0	14031
29424	13887	130	41	17	0	14075
29425	173	56	13555	22	0	13806
29426	12650	27	84	17	0	12778
29427	130	39	13110	13	0	13292
29428	12191	15	70	6	0	12282
29429	84	13102	35	31	0	13252
29430	13991	92	14	7	0	14104
29431	133	45	14126	3	0	14307
29432	14234	19	129	16	0	14398
29433	14369	7	63	9	0	14448
29434	176	16	14597	5	0	14794
29435	14818	8	110	6	0	14942
29436	15749	12	44	7	0	15812
29437	15377	9	23	4	0	15413
29438	228	15040	12	21	0	15301
29439	15678	154	15	4	0	15851
29440	225	69	15877	6	0	16177
29441	86	16378	166	18	0	16648
29442	16817	161	54	9	0	17041
29443	16629	65	36	11	0	16741
29444	16879	30	22	4	0	16935
29445	275	17755	20	30	0	18080
29446	111	194	20	19756	0	20081
29447	70	84	19429	256	0	19839
29448	46	42	268	19605	0	19961
29449	52	34	19768	300	0	20154
29450	19284	24	298	89	0	19695
29451	309	19913	102	48	0	20372
29452	133	297	46	19634	0	20110
29453	77	20085	34	273	0	20469
29454	58	323	32	20321	0	20734
29455	43	125	38	20238	0	20444
29456	59	20640	36	395	0	21130
29457	63	347	32	20751	0	21193
29458	57	135	45	21511	0	21748
29459	47	21349	52	462	0	21910
29460	58	21868	48	214	0	22188
29461	69	466	48	21873	0	22456
29462	86	208	21301	404	0	21999
29463	60	21708	361	195	0	22324
29464	74	416	114	21809	0	22413
29465	79	215	21798	427	0	22519
29466	57	22122	376	233	0	22788
29467	22317	454	145	118	0	23034
29468	448	192	21842	90	0	22572
29469	21767	122	402	101	0	22392
29470	460	107	142	21605	0	22314
29471	158	115	93	21998	0	22364
29472	107	83	52	22255	0	22497
29473	78	107	21515	592	0	22292
29474	94	112	21465	226	0	21897
29475	20765	97	529	158	0	21549
29476	435	79	206	21513	0	22233
29477	192	117	21263	469	0	22041
29478	21223	90	420	237	0	21970
29479	460	89	184	21258	0	21991
29480	193	108	111	21486	0	21898
29481	147	93	76	21290	0	21606
29482	83	21148	106	651	0	21988
29483	98	445	98	20697	0	21338
29484	104	20701	88	536	0	21429
29485	103	21451	89	254	0	21897
29486	21095	549	94	192	0	21930
29487	20752	240	97	145	0	21234
29488	20927	123	104	151	0	21305
29489	585	20249	98	156	0	21088
29490	20199	481	70	192	0	20942
29491	20423	201	104	151	0	20879
29492	590	145	79	19825	0	20639
29493	263	111	83	20196	0	20653
29494	155	137	19165	632	0	20089
29495	131	19595	425	330	0	20481
29496	19483	472	191	188	0	20334
29497	19304	204	127	177	0	19812
29498	558	19036	93	178	0	19865
29499	19030	454	86	173	0	19743
29500	19021	233	68	182	0	19504
29501	585	151	79	18353	0	19168
29502	285	18109	91	488	0	18973
29503	160	18720	76	295	0	19251
29504	18277	557	72	213	0	19119
29505	483	240	73	17989	0	18785
29506	230	179	17551	537	0	18497
29507	17429	145	418	289	0	18281
29508	499	179	17728	183	0	18589
29509	250	17616	422	178	0	18466
29510	17748	485	171	187	0	18591
29511	523	245	17469	186	0	18423
29512	249	196	434	17780	0	18659
29513	189	155	17873	526	0	18743
29514	197	18169	445	282	0	19093
29515	167	501	187	18343	0	19198
29516	185	246	18031	524	0	18986
29517	17408	202	430	302	0	18342
29518	470	18345	206	250	0	19271
29519	252	487	148	17586	0	18473
29520	178	18492	130	500	0	19300
29521	18352	499	116	289	0	19256
29522	18292	252	127	212	0	18883
29523	545	18233	115	202	0	19095
29524	295	499	138	17783	0	18715
29525	188	18138	130	505	0	18961
29526	18157	506	140	273	0	19076
29527	509	265	17731	211	0	18716
29528	270	210	17454	168	0	18102
29529	181	17030	462	179	0	17852
29530	145	16861	206	163	0	17375
29531	173	464	157	16279	0	17073
29532	16199	236	138	373	0	16946
29533	16322	145	100	192	0	16759
29534	15755	128	108	188	0	16179
29535	514	16049	106	164	0	16833
29536	216	333	91	15072	0	15712
29537	157	15330	115	354	0	15956
29538	15355	338	112	185	0	15990
29539	367	147	101	14973	0	15588
29540	182	116	14228	339	0	14865
29541	158	13983	293	168	0	14602
29542	13908	304	118	130	0	14460
29543	329	165	13642	127	0	14263
29544	13586	131	251	129	0	14097
29545	297	12307	78	83	0	12765
29546	86	10949	33	44	0	11112
29547	10715	195	32	29	0	10971
29548	157	11011	31	27	0	11226
29549	10760	159	20	28	0	10967
29550	158	10770	23	26	0	10977
29551	10970	162	24	22	0	11178
29552	11005	61	18	27	0	11111
29553	186	49	11282	21	0	11538
29554	84	29	10765	18	0	10896
29555	34	10714	121	34	0	10903
29556	10634	97	80	20	0	10831
29557	105	40	10340	19	0	10504
29558	9628	32	66	12	0	9738
29559	60	40	31	9579	0	9710
29560	26	16	9876	45	0	9963
29561	19	19	9624	21	0	9683
29562	18	10	10211	12	0	10251
29563	11	10074	57	5	0	10147
29564	69	132	74	9909	0	10184
29565	9798	8	5	19	0	9830
29566	20	4	0	9887	0	9911
29567	10032	0	2	24	0	10058
29568	28	1	1	10057	0	10087
29569	10444	1	1	31	0	10477
29570	10861	2	3	9	0	10875
29571	11838	0	3	7	0	11848
29572	76	12092	8	7	0	12183
29573	28	75	12503	5	0	12611
29574	10	18	70	12691	0	12789
29575	23	78	56	10718	0	10875
29576	3	8	7	13098	0	13116
29577	10	6	4	12887	0	12907
29578	4	12709	7	114	0	12834
29579	23	86	12476	38	0	12623
29580	8	12595	85	29	0	12717
29581	7	106	29	12723	0	12865
29582	2	35	17	13069	0	13123
29583	8	13	5	13147	0	13173
29584	9	14	5	13090	0	13118
29585	4	12650	10	122	0	12786
29586	13	12799	9	49	0	12870
29587	10	115	12660	28	0	12813
29588	7	34	81	12845	0	12967
29589	4	18	27	13070	0	13119
29590	4	13	14	13373	0	13404
29591	13519	15	6	126	0	13666
29592	92	13331	8	63	0	13494
29593	39	108	13381	27	0	13555
29594	13530	32	95	24	0	13681
29595	107	18	30	13768	0	13923
29596	14117	14	13	121	0	14265
29597	119	9	9	14251	0	14388
29598	14532	14	8	128	0	14682
29599	128	11	14	14465	0	14618
29600	14456	15	13	128	0	14612
29601	129	12	14973	45	0	15159
29602	45	7	104	14907	0	15063
29603	24	15225	36	118	0	15403
29604	24	112	18	15749	0	15903
29605	15643	40	8	149	0	15840
29606	139	15611	22	55	0	15827
29607	37	135	21	16349	0	16542
29608	34	16019	13	167	0	16233
29609	14	165	11	16456	0	16646
29610	17	53	5	16534	0	16609
29611	23	32	16149	213	0	16417
29612	16	16	154	16013	0	16199
29613	29	25	15670	192	0	15916
29614	12	15190	165	110	0	15477
29615	15609	154	52	48	0	15863
29616	159	62	15441	35	0	15697
29617	15175	29	161	33	0	15398
29618	16054	21	49	30	0	16154
29619	212	17	39	16275	0	16543
29620	81	22	17090	182	0	17375
29621	16849	14	213	85	0	17161
29622	18092	19	70	56	0	18237
29623	283	13	46	17709	0	18051
29624	115	16	21	17935	0	18087
29625	55	17771	32	297	0	18155
29626	37	216	34	18066	0	18353
29627	27	18013	20	273	0	18333
29628	35	263	17755	104	0	18157
29629	31	84	214	18004	0	18333
29630	17922	52	78	261	0	18313
29631	18119	33	41	115	0	18308
29632	290	18004	25	107	0	18426
29633	109	238	20	18625	0	18992
29634	18743	83	31	279	0	19136
29635	270	17979	33	112	0	18394
29636	18380	264	20	76	0	18740
29637	312	92	19	19339	0	19762
29638	20435	57	26	354	0	20872
29639	431	81	21447	135	0	22094
29640	157	22087	409	90	0	22743
29641	22310	454	115	63	0	22942
29642	473	22727	76	104	0	23380
29643	23454	489	34	73	0	24050
29644	24015	151	34	59	0	24259
29645	637	95	23690	70	0	24492
29646	236	59	465	23596	0	24356
29647	24337	66	142	518	0	25063
29648	558	59	23764	173	0	24554
29649	23957	56	499	110	0	24622
29650	594	62	145	24034	0	24835
29651	216	62	23605	551	0	24434
29652	141	42	489	23646	0	24318
29653	23254	41	171	582	0	24048
29654	568	56	23742	196	0	24562
29655	210	43	490	24035	0	24778
29656	157	45	163	24716	0	25081
29657	24450	36	97	684	0	25267
29658	24464	39	71	257	0	24831
29659	668	24593	77	194	0	25532
29660	277	514	62	24750	0	25603
29661	182	162	67	24945	0	25356
29662	162	115	57	24728	0	25062
29663	24121	61	91	713	0	24986
29664	24309	91	73	289	0	24762
29665	739	90	43	23924	0	24796
29666	346	23579	54	592	0	24571
29667	240	529	70	23380	0	24219
29668	188	23740	77	624	0	24629
29669	23607	534	84	254	0	24479
29670	591	22843	108	226	0	23768
29671	22114	484	79	154	0	22831
29672	635	171	72	21565	0	22443
29673	21487	94	101	529	0	22211
29674	621	118	20574	269	0	21582
29675	262	21369	434	231	0	22296
29676	21854	478	194	154	0	22680
29677	22224	177	100	165	0	22666
29678	694	120	75	21276	0	22165
29679	334	21430	97	547	0	22408
29680	228	471	75	22399	0	23173
29681	210	177	53	22637	0	23077
29682	226	114	62	22764	0	23166
29683	22274	97	73	714	0	23158
29684	22608	105	66	359	0	23138
29685	688	92	50	22030	0	22860
29686	350	21818	75	574	0	22817
29687	22501	429	53	316	0	23299
29688	637	188	21865	217	0	22907
29689	300	145	441	22413	0	23299
29690	215	130	22118	638	0	23101
29691	199	116	447	22409	0	23171
29692	221	118	22407	641	0	23387
29693	218	113	470	22653	0	23454
29694	22686	124	170	652	0	23632
29695	22802	124	103	312	0	23341
29696	729	21852	95	250	0	22926
29697	22871	475	88	216	0	23650
29698	656	207	86	22748	0	23697
29699	332	148	83	23304	0	23867
29700	23102	127	98	715	0	24042
29701	625	129	22452	355	0	23561
29702	339	109	22842	279	0	23569
29703	275	118	23122	248	0	23763
29704	22655	112	547	257	0	23571
29705	629	124	23629	229	0	24611
29706	334	100	22965	225	0	23624
29707	22600	106	512	240	0	23458
29708	583	23751	215	229	0	24778
29709	322	434	135	24864	0	25755
29710	257	195	135	25411	0	25998
29711	240	147	25386	611	0	26384
29712	25611	87	466	308	0	26472
29713	26189	90	214	277	0	26770
29714	26226	93	171	252	0	26742
29715	658	74	25830	261	0	26823
29716	25669	74	447	243	0	26433
29717	629	106	25152	253	0	26140
29718	346	25207	391	225	0	26169
29719	291	25529	169	216	0	26205
29720	24505	459	117	208	0	25289
29721	464	24208	116	211	0	24999
29722	272	24454	90	205	0	25021
29723	24412	412	99	190	0	25113
29724	476	24332	130	185	0	25123
29725	24617	395	140	148	0	25300
29726	500	150	146	25409	0	26205
29727	230	124	141	25907	0	26402
29728	210	96	118	26145	0	26569
29729	212	125	120	25642	0	26099
29730	177	25480	120	576	0	26353
29731	26469	406	103	233	0	27211
29732	499	29267	87	230	0	30083
29733	246	29745	159	312	0	30462
29734	244	588	30668	185	0	31685
29735	30343	195	617	168	0	31323
29736	713	115	32144	136	0	33108
29737	267	172	31282	125	0	31846
29738	163	31419	540	146	0	32268
29739	64	30658	121	81	0	30924
29740	30541	483	149	40	0	31213
29741	396	30346	156	86	0	30984
29742	139	423	31051	22	0	31635
29743	70	28749	582	69	0	29470
29744	40	367	31344	36	0	31787
29745	44	84	30898	15	0	31041
29746	30259	63	490	10	0	30822
29747	405	47	30745	16	0	31213
29748	88	18	438	30387	0	30931
29749	30121	19	111	381	0	30632
29750	365	28842	109	131	0	29447
29751	130	343	29918	42	0	30433
29752	30264	70	402	28	0	30764
29753	401	55	99	28890	0	29445
29754	91	27282	119	346	0	27838
29755	53	327	29110	97	0	29587
29756	29068	65	408	44	0	29585
29757	415	45	29455	33	0	29948
29758	90	24	422	29385	0	29921
29759	61	24	28677	378	0	29140
29760	39	21	435	28949	0	29444
29761	28511	21	131	425	0	29088
29762	376	28577	70	146	0	29169
29763	29292	367	53	50	0	29762
29764	453	92	28944	32	0	29521
29765	108	53	410	29065	0	29636
29766	70	35	28984	413	0	29502
29767	29121	36	451	85	0	29693
29768	29443	20	112	53	0	29628
29769	469	29159	85	55	0	29768
29770	29772	398	57	27	0	30254
29771	29974	103	47	19	0	30143
29772	536	60	31	29381	0	30008
29773	157	72	28700	406	0	29335
29774	88	27717	435	172	0	28412
29775	73	382	103	28668	0	29226
29776	28738	88	70	437	0	29333
29777	439	75	28441	102	0	29057
29778	123	56	28517	49	0	28745
29779	96	42	28053	38	0	28229
29780	27561	38	541	39	0	28179
29781	453	44	27827	23	0	28347
29782	27398	35	518	23	0	27974
29783	488	85	25948	22	0	26543
29784	142	27172	460	57	0	27831
29785	82	443	142	27495	0	28162
29786	75	117	27213	432	0	27837
29787	54	26673	487	121	0	27335
29788	56	27415	165	68	0	27704
29789	56	524	95	27332	0	28007
29790	27105	156	92	439	0	27792
29791	452	86	75	27218	0	27831
29792	26480	88	78	476	0	27122
29793	493	75	64	26587	0	27219
29794	153	74	26265	481	0	26973
29795	121	66	26279	131	0	26597
29796	25948	63	553	80	0	26644
29797	26140	66	207	73	0	26486
29798	563	56	25229	43	0	25891
29799	24956	75	512	53	0	25596
29800	569	75	24904	31	0	25579
29801	183	23937	542	72	0	24734
29802	141	24090	200	48	0	24479
29803	111	23497	159	41	0	23808
29804	88	571	144	23092	0	23895
29805	22761	183	137	445	0	23526
29806	22993	134	117	125	0	23369
29807	571	85	107	22610	0	23373
29808	200	99	20841	477	0	21617
29809	155	74	503	20671	0	21403
29810	130	73	20343	494	0	21040
29811	98	63	546	19691	0	20398
29812	19470	54	221	514	0	20259
29813	19767	68	168	165	0	20168
29814	19652	43	136	118	0	19949
29815	19530	47	116	95	0	19788
29816	651	45	95	18821	0	19612
29817	245	53	109	19247	0	19654
29818	18845	51	98	565	0	19559
29819	19209	45	102	182	0	19538
29820	596	64	105	18781	0	19546
29821	228	59	96	19042	0	19425
29822	166	59	95	18663	0	18983
29823	156	52	76	18786	0	19070
29824	18136	44	110	607	0	18897
29825	531	43	17640	220	0	18434
29826	180	35	477	16656	0	17348
29827	16438	42	170	489	0	17139
29828	507	37	15980	177	0	16701
29829	204	58	471	16123	0	16856
29830	160	44	15790	470	0	16464
29831	129	14383	460	351	0	15323
29832	146	297	151	11023	0	11617
29833	9788	72	100	251	0	10211
29834	249	201	80	8006	0	8536
29835	102	7854	62	247	0	8265
29836	80	7118	51	87	0	7336
29837	52	5475	32	57	0	5616
29838	57	5036	46	44	0	5183
29839	2688	281	332	205	0	3506
29840	161	73	62	1855	0	2151
29841	17	5	1471	40	0	1533
29842	7	5	32	1393	0	1437
29843	11	2	1350	37	0	1400
29844	1353	1	36	15	0	1405
29845	35	1	14	1349	0	1399
29846	15	2	8	1370	0	1395
29847	5	5	5	1365	0	1380
29848	10	3	3	1370	0	1386
29849	1323	5	8	43	0	1379
29850	1346	6	2	18	0	1372
29851	39	5	4	1322	0	1370
29852	1261	4	5	37	0	1307
29853	35	4	1213	16	0	1268
29854	14	1238	31	7	0	1290
29855	7	32	9	1239	0	1287
29856	5	10	4	1209	0	1228
29857	8	1193	7	34	0	1242
29858	2	31	4	1134	0	1171
29859	7	23	7	1116	0	1153
29860	1098	2	4	38	0	1142
29861	30	3	1019	15	0	1067
29862	11	1	954	9	0	975
29863	906	1	31	8	0	946
29864	30	1	861	6	0	898
29865	485	0	28	3	0	516
29866	427	0	12	2	0	441
29867	19	11	6	330	0	366
29868	6	0	259	13	0	278
29869	188	0	11	4	0	203
29870	8	187	2	3	0	200
29871	102	9	20	4	0	135
29872	65	2	13	10	0	90
29873	24	0	2	0	0	26
29874	7	0	0	1	0	8
29875	8	0	0	0	0	8
29876	8	0	0	0	0	8
29877	8	0	0	0	0	8
29878	7	0	0	0	0	7
29879	7	0	0	1	0	8
29880	7	0	0	0	0	7
29881	8	0	0	0	0	8
29882	8	0	0	0	0	8
29883	3	0	0	1	0	4
29884	2	0	0	1	0	3
29885	2	0	0	1	0	3
29886	2	0	0	1	0	3
29887	3	0	0	0	0	3
29888	2	0	1	0	0	3
29889	2	0	0	1	0	3
29890	3	0	0	0	0	3
29891	2	0	1	0	0	3
29892	2	0	0	1	0	3
29893	2	0	1	0	0	3
29894	2	1	0	0	0	3
29895	2	0	0	1	0	3
29896	3	0	0	0	0	3
29897	2	0	0	1	0	3
29898	2	0	0	0	0	2
29899	2	0	0	0	0	2
29900	2	0	0	0	0	2
29901	2	0	0	0	0	2
29902	2	0	0	0	0	2
29903	2	0	0	0	0	2
