Pos	A	C	G	T	Other	Total
1	47	0	0	0	0	47
2	0	0	0	71	0	71
3	0	0	0	100	0	100
4	131	0	0	0	0	131
5	262	0	0	1	0	263
6	265	0	1	0	0	266
7	0	0	285	0	0	285
8	0	2	326	0	0	328
9	0	0	0	361	0	361
10	0	0	0	389	0	389
11	0	0	1	419	0	420
12	1294	0	2	37	0	1333
13	5	9	2	3227	0	3243
14	6888	2	1	128	0	7019
15	10	11095	17	6	0	11128
16	15	19209	34	59	0	19317
17	152	18	23	43321	0	43514
18	52	34	15	47897	0	47998
19	21	62168	108	108	0	62405
20	9	66803	122	107	0	67041
21	22	73946	125	178	0	74271
22	78261	44	82	397	0	78784
23	66	297	80661	87	0	81111
24	69	367	80408	71	0	80915
25	83	53	87	87266	0	87489
26	94968	20	60	450	0	95498
27	96589	20	42	262	0	96913
28	93	97970	200	131	0	98394
29	117633	77	47	871	0	118628
30	127066	76	43	672	0	127857
31	130625	26	69	367	0	131087
32	88	132997	266	163	0	133514
33	61	136080	223	260	0	136624
34	140459	68	33	438	0	140998
35	141577	51	51	405	0	142084
36	102	145757	276	176	0	146311
37	67	155653	295	458	0	156473
38	156526	79	26	440	0	157071
39	156622	72	36	316	0	157046
40	110	159460	300	211	0	160081
41	191	84	24	165346	0	165645
42	143	66	30	167033	0	167272
43	135	44	35	167107	0	167321
44	63	167030	245	389	0	167727
45	198	729	161764	248	0	162939
46	144547	194	195	467	0	145403
47	163	59	74	169197	0	169493
48	114	170265	322	196	0	170897
49	131	109	32	172239	0	172511
50	98	172926	323	293	0	173640
51	167	187	36	173918	0	174308
52	148	171	42	176510	0	176871
53	162	570	176634	359	0	177725
54	174	95	149	174844	0	175262
55	174744	45	146	521	0	175456
56	230	623	175957	317	0	177127
57	168734	92	199	461	0	169486
58	241	55	121	179694	0	180111
59	154	180504	383	316	0	181357
60	141	188	59	183039	0	183427
61	161	754	182049	442	0	183406
62	208	111	203	178878	0	179400
63	180	93	143	184427	0	184843
64	95	187162	365	409	0	188031
65	216	227	50	188935	0	189428
66	201	187688	358	393	0	188640
67	125	249	57	189324	0	189755
68	186289	173	71	560	0	187093
69	182954	100	132	559	0	183745
70	185942	88	90	514	0	186634
71	577	191399	289	348	0	192613
72	326	719	186333	271	0	187649
73	178836	232	373	450	0	179891
74	195324	80	216	365	0	195985
75	611	201731	370	377	0	203089
76	464	639	67	177114	0	178284
77	277	402	90	184322	0	185091
78	243	162	71	182574	0	183050
79	172317	154	11815	1956	0	186242
80	183285	92	134	1117	0	184628
81	184990	72	128	591	0	185781
82	187962	106	126	467	0	188661
83	1956	370	72	185591	0	187989
84	888	187146	408	1294	0	189736
85	452	1092	64	192033	0	193641
86	369	1249	191557	1397	0	194572
87	379	191	1212	196425	0	198207
88	323	676	202260	1710	0	204969
89	385	145	1583	200713	0	202826
90	236	622	208364	1980	0	211202
91	398	566	208174	1285	0	210423
92	176	216801	2918	862	0	220757
93	448	1928	1194	226341	0	229911
94	447	1569	235341	2137	0	239494
95	382	306	2099	230219	0	233006
96	126	237957	1638	2272	0	241993
97	237376	2012	400	1685	0	241473
98	2014	249877	708	568	0	253167
99	1406	2234	247	243408	0	247295
100	296	251646	677	2175	0	254794
101	350	2842	242180	1430	0	246802
102	501	1944	242983	736	0	246164
103	223	248189	3648	887	0	252947
104	441	2174	1456	250301	0	254372
105	783	1982	250497	2755	0	256017
106	241	249891	2684	1750	0	254566
107	248582	2203	1385	845	0	253015
108	2357	1389	442	251567	0	255755
109	1488	1012	260257	2453	0	265210
110	450	261961	2553	1645	0	266609
111	557	2275	1352	261787	0	265971
112	498	1390	474	264128	0	266490
113	244640	517	413	3919	0	249489
114	2202	1010	259242	1761	0	264215
115	1534	372	2283	254834	0	259023
116	531	901	253425	2597	0	257454
117	305	237178	2810	1911	0	242204
118	228797	2264	1513	1027	0	233601
119	2147	228974	1022	691	0	232834
120	1586	2492	412	218827	0	223317
121	444	223515	822	2190	0	226971
122	214120	2502	416	1756	0	218794
123	2174	220470	828	880	0	224352
124	1572	3053	214207	713	0	219545
125	518	217103	2627	684	0	220932
126	207876	2528	1494	918	0	212816
127	2450	2140	213078	801	0	218469
128	1642	679	2544	212207	0	217072
129	203233	539	1662	2794	0	208228
130	2780	557	555	198161	0	202053
131	200091	503	509	3125	0	204228
132	201439	488	485	2134	0	204546
133	4189	568	439	199921	0	205117
134	2211	481	455	200687	0	203834
135	196318	496	420	4472	0	201706
136	195767	502	426	2358	0	199053
137	4378	553	426	191375	0	196732
138	192017	481	466	3268	0	196232
139	193013	468	521	2215	0	196217
140	4164	192128	1014	1026	0	198332
141	2345	2684	528	191891	0	197448
142	192652	1745	567	3331	0	198295
143	195021	686	520	2344	0	198571
144	4457	635	490	193210	0	198792
145	2404	522	498	196515	0	199939
146	192095	494	502	4656	0	197747
147	3004	194348	982	2499	0	200833
148	2422	2751	495	193616	0	199284
149	1119	2441	193133	3184	0	199877
150	1198	797	2721	187733	0	192449
151	822	191675	2176	3299	0	197972
152	869	3245	190587	2188	0	196889
153	1020	1817	2740	186968	0	192545
154	1044	865	1859	186576	0	190344
155	886	1010	191079	4506	0	197481
156	170495	615	2880	2792	0	176782
157	2869	195296	2251	1424	0	201840
158	194910	2783	823	1328	0	199844
159	3319	2267	194026	1123	0	200735
160	2152	1302	198496	1116	0	203066
161	182452	701	4071	1331	0	188555
162	3019	201479	2426	1222	0	208146
163	200755	2838	750	1201	0	205544
164	3101	204126	1127	1135	0	209489
165	2184	3527	202887	1057	0	209655
166	195169	1882	2782	1285	0	201118
167	3256	1409	209300	958	0	214923
168	2406	669	2872	206020	0	211967
169	207202	656	1798	3299	0	212955
170	206064	646	766	2259	0	209735
171	4098	206377	1125	1174	0	212774
172	2422	4977	738	199451	0	207588
173	1153	205310	1042	2813	0	210318
174	1011	3197	199952	2196	0	206356
175	1360	3329	2339	185709	0	192737
176	879	188422	1871	2341	0	193513
177	1100	2077	602	183071	0	186850
178	154583	1390	678	2470	0	159121
179	2059	434	451	178414	0	181358
180	1294	178757	795	2065	0	182911
181	945	1687	354	180107	0	183093
182	871	1170	344	178845	0	181230
183	704	179577	711	2508	0	183500
184	864	1899	401	179699	0	182863
185	854	1474	176463	2065	0	180856
186	607	175052	1891	1535	0	179085
187	159848	1235	1046	900	0	163029
188	1518	1455	167365	550	0	170888
189	1233	832	164375	592	0	167032
190	648	161796	1931	508	0	164883
191	1351	1955	1389	154029	0	158724
192	582	1076	150938	1048	0	153644
193	477	132198	1207	983	0	134865
194	614	785	613	135481	0	137493
195	534	624	268	138535	0	139961
196	134593	273	225	1480	0	136571
197	859	136758	473	1037	0	139127
198	692	1236	126467	423	0	128818
199	484	1006	129645	397	0	131532
200	438	409	1208	127217	0	129272
201	417	312	708	153883	0	155320
202	438	304	291	155061	0	156094
203	273	180282	580	3246	0	184381
204	450	3285	185842	1689	0	191266
205	527	1962	2918	189727	0	195134
206	287	204708	2328	3539	0	210862
207	325	215148	924	2456	0	218853
208	512	6413	224512	890	0	232327
209	522	2966	4545	221039	0	229072
210	409	1277	247997	5049	0	254732
211	562	544	5764	242978	0	249848
212	493	564	3537	253309	0	257903
213	709	980	250878	8603	0	261170
214	268	249456	6074	4643	0	260441
215	242876	5390	3837	1597	0	253700
216	5551	3939	251943	939	0	262372
217	3392	251621	6173	1152	0	262338
218	892	258718	4285	993	0	264888
219	683	9306	249724	820	0	260533
220	240251	4589	6062	770	0	251672
221	5984	1761	4029	220981	0	232755
222	3548	251375	2042	5018	0	261983
223	250324	6089	983	3468	0	260864
224	5995	4286	1003	236292	0	247576
225	3747	248438	1457	5953	0	259595
226	249357	6169	1097	4248	0	260871
227	5876	4537	247403	1758	0	259574
228	3752	248292	6516	1259	0	259819
229	242275	6058	4400	1349	0	254082
230	5473	246804	2066	1386	0	255729
231	241573	6762	1287	1112	0	250734
232	6316	4692	1211	229188	0	241407
233	3862	236049	1902	5519	0	247332
234	1621	6257	1243	238717	0	247838
235	233177	4269	1432	6833	0	245711
236	5763	2304	231705	4732	0	244504
237	4047	2008	236112	2183	0	244350
238	2111	1534	9209	226391	0	239245
239	1482	1741	5019	232873	0	241115
240	1772	1679	2129	226817	0	232397
241	1182	225762	2141	9406	0	238491
242	1275	6959	222802	4999	0	236035
243	1652	4752	6441	209619	0	222464
244	1299	219720	5026	6087	0	232132
245	1609	226853	2337	4651	0	235450
246	1544	9562	222534	2233	0	235873
247	1620	5844	225572	1773	0	234809
248	1686	3074	231886	1669	0	238315
249	1882	2119	9915	221243	0	235159
250	1591	2624	229655	6160	0	240030
251	1997	2069	7319	225362	0	236747
252	1578	2248	230517	7150	0	241493
253	212012	2175	7438	4973	0	226598
254	6536	234893	5448	2600	0	249477
255	4599	251948	2832	2093	0	261472
256	2540	10809	262472	2072	0	277893
257	255706	5908	7850	2291	0	271755
258	267359	2921	5336	2111	0	277727
259	268525	2235	2659	2282	0	275701
260	12000	2408	255836	1955	0	272199
261	6053	2342	262000	2127	0	272522
262	2701	1760	12314	252441	0	269216
263	257294	1833	6744	8675	0	274546
264	259114	2131	3275	6238	0	270758
265	11445	2320	251496	3284	0	268545
266	252504	2226	9150	2573	0	266453
267	8896	2272	6810	245600	0	263578
268	5561	2769	253350	8499	0	270179
269	2514	2745	256293	5970	0	267522
270	237606	2305	13393	3535	0	256839
271	7805	2454	256548	2712	0	269519
272	246472	1959	10600	3041	0	262072
273	8965	2108	256719	2790	0	270582
274	5748	243316	11630	3030	0	263724
275	2870	256258	8573	2657	0	270358
276	3320	11726	4701	244388	0	264135
277	3062	6715	4296	257947	0	272020
278	3086	3610	253803	11978	0	272477
279	3313	2927	10318	240263	0	256821
280	3123	243352	8412	8636	0	263523
281	3476	251052	5064	6034	0	265626
282	3697	259005	4388	3019	0	270109
283	4218	12846	4033	245712	0	266809
284	3891	7231	249629	8174	0	268925
285	3413	3736	252628	6352	0	266129
286	4032	3078	13376	241624	0	262110
287	3966	2811	7782	246695	0	261254
288	4511	2777	4391	224230	0	235909
289	3914	243726	4184	11900	0	263724
290	245415	8197	3617	6590	0	263819
291	245760	6190	3604	3500	0	259054
292	12864	243804	4223	3266	0	264157
293	7687	8848	247435	2969	0	266939
294	247148	6374	9619	2792	0	265933
295	9846	3842	254775	2757	0	271220
296	251194	2754	10263	2594	0	266805
297	253507	2621	7580	2969	0	266677
298	254269	2986	4568	2757	0	264580
299	249224	2594	3684	3644	0	259146
300	12645	247154	4148	3901	0	267848
301	222055	6930	3168	3491	0	235644
302	7840	224494	3727	3408	0	239469
303	192935	6159	2682	2255	0	204031
304	6342	188891	2849	2303	0	200385
305	4368	5326	171674	1495	0	182863
306	2246	16828	5345	142583	0	167002
307	1592	158059	4354	4038	0	168043
308	1514	150352	2034	2869	0	156769
309	135971	6196	4347	3222	0	149736
310	123940	2216	1167	1323	0	128646
311	3975	128858	1242	905	0	134980
312	2397	2679	1042	119767	0	125885
313	1300	134100	1170	2353	0	138923
314	134517	2732	1021	1584	0	139854
315	3394	1924	135284	791	0	141393
316	2618	1271	3015	130049	0	136953
317	1569	699	2239	131545	0	136052
318	1474	687	1198	133918	0	137277
319	1386	964	131034	3792	0	137176
320	1363	129462	2964	1903	0	135692
321	1408	134516	2137	870	0	138931
322	1508	3734	1055	135118	0	141415
323	1447	2255	137766	2615	0	144083
324	1278	1242	2984	136200	0	141704
325	1288	1159	2124	138928	0	143499
326	1282	1288	1095	138449	0	142114
327	1448	1236	908	138286	0	141878
328	133975	1100	1401	4236	0	140712
329	2787	136112	1407	2462	0	142768
330	135675	2925	1288	1500	0	141388
331	3084	2387	136008	1299	0	142778
332	2330	1485	137620	1206	0	142641
333	1588	1243	3780	129908	0	136519
334	1359	1179	2090	130688	0	135316
335	1015	139117	1351	3975	0	145458
336	1154	3065	139488	2499	0	146206
337	957	142554	3333	1561	0	148405
338	1043	3161	143778	1307	0	149289
339	128604	2025	3302	1521	0	135452
340	2915	143362	2332	1503	0	150112
341	2194	3229	144347	1264	0	151034
342	1431	2321	2932	141266	0	147950
343	1124	1646	145590	2976	0	151336
344	967	143952	3273	2290	0	150482
345	1200	3152	2110	137230	0	143692
346	1014	144179	1376	3204	0	149773
347	1197	3210	143420	2448	0	150275
348	1339	2248	2804	140825	0	147216
349	141262	1266	1798	3256	0	147582
350	2978	141158	1174	2253	0	147563
351	2431	3274	138095	1235	0	145035
352	1364	4777	2711	130244	0	139096
353	1066	1413	136843	2681	0	142003
354	912	1065	121945	1683	0	125605
355	764	112694	3097	935	0	117490
356	1226	1133	1465	94535	0	98359
357	289	887	481	95120	0	96777
358	309	356	323	95587	0	96575
359	269	463	96518	1520	0	98770
360	273	394	94726	808	0	96201
361	81407	400	1522	600	0	83929
362	906	417	94314	353	0	95990
363	85326	224	982	412	0	86944
364	944	92015	772	408	0	94139
365	648	993	416	86440	0	88497
366	210	94489	379	872	0	95950
367	154	96600	470	756	0	97980
368	215	1344	94002	459	0	96020
369	204	804	989	92108	0	94105
370	203	544	94563	964	0	96274
371	216	523	89089	700	0	90528
372	85083	253	1352	522	0	87210
373	744	407	92922	359	0	94432
374	544	305	90860	433	0	92142
375	83323	216	1306	517	0	85362
376	772	309	90652	500	0	92233
377	517	459	92345	419	0	93740
378	305	303	1228	86584	0	88420
379	197	92987	813	820	0	94817
380	243	800	463	93192	0	94698
381	223	613	429	92595	0	93860
382	93414	261	423	1394	0	95492
383	759	226	394	91332	0	92711
384	544	95717	466	1003	0	97730
385	93672	837	386	810	0	95705
386	764	851	95128	432	0	97175
387	87189	332	978	570	0	89069
388	929	455	100258	354	0	101996
389	673	381	102220	346	0	103620
390	219	105374	1707	459	0	107759
391	91079	990	1041	14817	0	107927
392	821	109395	658	637	0	111511
393	656	1257	108301	481	0	110695
394	433	919	1195	96522	0	99069
395	210	110349	1140	904	0	112603
396	110885	1148	550	811	0	113394
397	109690	885	477	393	0	111445
398	1693	111864	607	344	0	114508
399	114273	1248	499	328	0	116348
400	1262	871	517	108103	0	110753
401	757	112156	681	1332	0	114926
402	362	1229	499	114880	0	116970
403	366	971	486	120603	0	122426
404	123750	467	496	1958	0	126671
405	121749	416	462	1130	0	123757
406	121484	356	485	513	0	122838
407	2224	505	121495	430	0	124654
408	117605	352	1561	382	0	119900
409	1614	658	1197	122597	0	126066
410	1067	457	124133	1420	0	127077
411	518	378	116917	1045	0	118858
412	358	118377	2305	470	0	121510
413	106765	1161	1191	341	0	109458
414	1070	113285	432	288	0	115075
415	883	1091	266	111835	0	114075
416	441	762	258	113820	0	115281
417	371	365	115959	1691	0	118386
418	400	223	1166	110347	0	112136
419	308	323	117208	1207	0	119046
420	290	275	113149	923	0	114637
421	268	115711	1697	366	0	118042
422	451	884	778	110906	0	113019
423	307	626	307	109616	0	110856
424	110294	197	212	1418	0	112121
425	969	292	111103	761	0	113125
426	782	131	953	111954	0	113820
427	112266	157	712	1125	0	114260
428	992	295	114127	961	0	116375
429	110004	129	1060	408	0	111601
430	114669	175	778	318	0	115940
431	1661	332	119008	301	0	121302
432	886	178	1105	114839	0	117008
433	488	171	848	116362	0	117869
434	357	287	121256	1521	0	123421
435	113975	162	1120	1047	0	116304
436	121765	169	891	473	0	123298
437	118124	198	468	372	0	119162
438	119603	264	415	397	0	120679
439	117905	262	556	449	0	119172
440	1813	514	101469	548	0	104344
441	1027	428	120383	381	0	122219
442	541	121871	1602	571	0	124585
443	545	1296	122314	420	0	124575
444	592	903	1344	118896	0	121735
445	752	817	1220	94901	0	97690
446	625	380	540	122651	0	124196
447	674	374	453	124083	0	125584
448	712	494	123264	1953	0	126423
449	713	121060	1312	1157	0	124242
450	721	126865	1066	627	0	129279
451	806	1710	472	117884	0	120872
452	587	129319	562	1248	0	131716
453	127975	1247	452	1177	0	130851
454	127924	886	417	764	0	129991
455	2055	134991	544	802	0	138392
456	1459	1106	442	135425	0	138432
457	958	827	531	138529	0	140845
458	840	558	139286	2071	0	142755
459	121198	372	1517	1589	0	124676
460	138610	363	1269	748	0	140990
461	2298	143928	853	763	0	147842
462	143822	1383	631	849	0	146685
463	1892	1255	148260	731	0	152138
464	1436	146678	1745	760	0	150619
465	852	151670	1409	752	0	154683
466	846	151992	816	728	0	154382
467	887	2473	658	148512	0	152530
468	148370	1286	639	2086	0	152381
469	2011	556	754	151823	0	155144
470	1863	642	157481	2174	0	162160
471	1263	500	2146	157202	0	161111
472	1146	736	164574	2349	0	168805
473	1000	613	2526	155152	0	159291
474	1094	726	1840	146804	0	150464
475	809	162697	1165	3048	0	167719
476	165030	2005	1015	2009	0	170059
477	2316	1544	1082	158187	0	163129
478	1754	164597	1076	2370	0	169797
479	164713	2178	850	1950	0	169691
480	142328	1790	1045	1311	0	146474
481	164897	797	834	1316	0	167844
482	3101	165175	1021	1365	0	170662
483	1882	2225	164076	1374	0	169557
484	987	1625	2473	163452	0	168537
485	1081	1101	1904	158152	0	162238
486	995	164437	1272	3247	0	169951
487	1160	2330	162063	1844	0	167397
488	1115	1636	160553	1159	0	164463
489	150273	585	2878	1087	0	154823
490	2455	1233	1622	156007	0	161317
491	1792	720	160353	2124	0	164989
492	985	163203	2082	1728	0	167998
493	1246	2006	1544	146477	0	151273
494	932	164086	1025	1661	0	167704
495	991	2008	161027	1317	0	165343
496	148733	1224	1994	950	0	152901
497	159083	511	1532	858	0	161984
498	2622	161744	908	1003	0	166277
499	1547	1692	612	159155	0	163006
500	1025	1472	159849	1952	0	164298
501	951	157961	1936	1499	0	162347
502	151666	1729	1233	821	0	155449
503	1701	150173	566	543	0	152983
504	1029	149317	514	531	0	151391
505	767	2299	324	142594	0	145984
506	378	148941	466	1427	0	151212
507	147084	1555	410	1067	0	150116
508	1584	1262	363	146414	0	149623
509	1010	695	141854	1383	0	144942
510	421	652	137120	967	0	139160
511	466	617	1811	135433	0	138327
512	276	139912	1052	1304	0	142544
513	139800	1336	408	980	0	142524
514	1384	958	330	136145	0	138817
515	891	672	135983	1402	0	138948
516	462	388	1313	134735	0	136898
517	352	484	944	135427	0	137207
518	133492	409	409	2008	0	136318
519	1330	426	350	130525	0	132631
520	1009	559	132106	1442	0	135116
521	483	607	131446	1037	0	133573
522	462	381	1867	132895	0	135605
523	441	401	1009	135566	0	137417
524	394	597	137180	1961	0	140132
525	115786	437	1359	1504	0	119086
526	1334	667	136305	646	0	138952
527	947	136018	1498	644	0	139107
528	525	1359	978	136642	0	139504
529	460	1126	137865	1483	0	140934
530	488	676	135881	1053	0	138098
531	465	505	1927	130704	0	133601
532	130807	353	1209	1565	0	133934
533	1290	546	134128	1209	0	137173
534	911	131823	1499	647	0	134880
535	133136	1284	1031	726	0	136177
536	1315	1153	135153	577	0	138198
537	125391	428	1501	691	0	128011
538	133810	388	1071	653	0	135922
539	1899	138330	716	621	0	141566
540	1189	1259	596	126165	0	129209
541	505	135236	644	1237	0	137622
542	505	1577	132216	1051	0	135349
543	123661	997	1520	720	0	126898
544	134579	504	1092	622	0	136797
545	2006	636	136788	515	0	139945
546	1220	665	135385	580	0	137850
547	532	140673	2259	499	0	143963
548	142760	1433	1228	578	0	145999
549	1626	1036	656	141467	0	144785
550	1326	522	564	133579	0	135991
551	524	140200	685	2002	0	143411
552	136087	1406	594	1219	0	139306
553	1509	1259	140311	692	0	143771
554	1129	555	1511	147895	0	151090
555	149117	421	1160	2242	0	152940
556	2362	152908	859	1639	0	157768
557	1502	2486	173493	640	0	178121
558	692	1638	178269	490	0	181089
559	741	1379	5190	162514	0	169824
560	371	177173	2259	3180	0	182983
561	546	3889	178613	1686	0	184734
562	558	2057	3829	174856	0	181300
563	179067	472	2110	3880	0	185529
564	3826	672	184818	1882	0	191198
565	2075	727	4190	182961	0	189953
566	750	631	189951	4009	0	195341
567	580	580	193404	2086	0	196650
568	923	1898	5998	185453	0	194272
569	681	673	192793	4035	0	198182
570	154809	390	4491	2374	0	162064
571	3683	467	185405	614	0	190169
572	167061	252	4074	610	0	171997
573	3745	178825	2257	407	0	185234
574	183191	3553	699	624	0	188067
575	3708	188144	906	423	0	193181
576	2145	3820	447	185466	0	191878
577	759	1829	538	194825	0	197951
578	509	697	190994	5505	0	197705
579	418	670	193310	2291	0	196689
580	530	298	5935	192744	0	199507
581	495	559	197825	4174	0	203053
582	605	425	4634	181348	0	187012
583	370	191150	2963	3896	0	198379
584	604	199755	1437	2215	0	204011
585	631	5703	1123	193371	0	200828
586	714	2480	981	197847	0	202022
587	593	1133	194433	5917	0	202076
588	627	720	4442	185285	0	191074
589	495	189818	2787	4372	0	197472
590	424	192700	1483	2631	0	197238
591	479	192744	1281	1390	0	195894
592	782	5764	1095	171015	0	178656
593	477	182724	1573	4332	0	189106
594	178787	4105	1104	2573	0	186569
595	4120	2244	1326	178759	0	186449
596	2225	1067	179396	4611	0	187299
597	875	873	4654	177959	0	184361
598	711	925	182680	4778	0	189094
599	737	994	183444	2719	0	187894
600	806	920	186229	1437	0	189392
601	686	179977	6798	1481	0	188942
602	846	4581	184094	1250	0	190771
603	179285	2476	4984	1345	0	188090
604	185719	1171	3075	1216	0	191181
605	191142	924	1753	1365	0	195184
606	6020	854	1447	186735	0	195056
607	186362	959	1612	4880	0	193813
608	4371	183374	1965	2997	0	192707
609	2373	194576	1661	1870	0	200480
610	192268	5855	1661	1538	0	201322
611	4431	3077	196073	1552	0	205133
612	2515	1400	4933	193711	0	202559
613	1074	1627	200505	4778	0	207984
614	955	1502	201497	3241	0	207195
615	657	199485	6861	1816	0	208819
616	1024	4781	3501	187554	0	196860
617	949	2847	1839	201112	0	206747
618	196823	1434	1541	6596	0	206394
619	4292	200319	1878	3539	0	210028
620	2588	206254	1837	1949	0	212628
621	1573	6626	202261	1816	0	212276
622	979	207668	5336	1620	0	215603
623	200170	5121	3377	1747	0	210415
624	201777	3063	2134	1901	0	208875
625	5918	1956	206596	1766	0	216236
626	2765	1804	208477	1943	0	214989
627	1334	1382	7811	194677	0	205204
628	1294	1568	4291	196154	0	203307
629	1217	201231	2836	6427	0	211711
630	1618	5046	2117	199699	0	208480
631	1639	3001	2155	199066	0	205861
632	1566	201419	2228	6736	0	211949
633	1770	4969	1914	200642	0	209295
634	1449	3098	2207	195215	0	201969
635	1205	194157	2393	7019	0	204774
636	1424	5128	194470	3713	0	204735
637	1638	3013	5767	196744	0	207162
638	197525	1816	3642	5335	0	208318
639	196134	1626	2397	3245	0	203402
640	6796	1889	193826	1751	0	204262
641	188226	1912	5238	1983	0	197359
642	195087	1916	3176	1917	0	202096
643	6266	194842	2154	2247	0	205509
644	3154	5144	189864	2251	0	200413
645	1482	3340	192933	2344	0	200099
646	1457	2407	6765	191713	0	202342
647	197148	1438	3823	5404	0	207813
648	204664	1454	2249	3270	0	211637
649	6530	1797	1993	210310	0	220630
650	227276	1501	1781	5692	0	236250
651	232354	1645	1784	3418	0	239201
652	227110	1715	2086	2110	0	233021
653	7787	1843	228945	1957	0	240532
654	3619	1500	226944	1651	0	233714
655	210977	1006	6337	1788	0	220108
656	4485	1462	223268	1638	0	230853
657	1980	201169	3128	802	0	207079
658	1723	3024	3281	193019	0	201047
659	734	1915	203096	2354	0	208099
660	705	872	200377	1503	0	203457
661	940	1828	3674	186123	0	192565
662	622	685	197561	2236	0	201104
663	570	707	193472	1621	0	196370
664	441	179748	3168	805	0	184162
665	380	190172	1608	551	0	192711
666	187624	2673	811	533	0	191641
667	2095	1301	422	185535	0	189353
668	184569	353	425	1826	0	187173
669	2072	525	188185	1131	0	191913
670	1406	340	1895	183516	0	187157
671	580	374	1218	190307	0	192479
672	178065	285	462	2870	0	181682
673	1775	189799	588	1565	0	193727
674	1339	1972	180646	459	0	184416
675	844	1549	185300	460	0	188153
676	399	189469	2906	662	0	193436
677	449	1831	187341	362	0	189983
678	288	187405	2047	391	0	190131
679	329	179318	1327	359	0	181333
680	627	2806	169301	406	0	173140
681	157693	1135	1772	339	0	160939
682	1653	407	1008	178609	0	181677
683	983	185878	599	1458	0	188918
684	421	1544	263	183308	0	185536
685	182205	915	276	1720	0	185116
686	183884	284	338	1120	0	185626
687	182954	215	326	578	0	184073
688	2411	393	180277	315	0	183396
689	1221	268	1653	172914	0	176056
690	331	185849	1275	1435	0	188890
691	191903	1520	474	1161	0	195058
692	1691	1037	358	192174	0	195260
693	1190	433	345	191416	0	193384
694	539	271	327	197505	0	198642
695	395	507	191828	2594	0	195324
696	158826	313	1755	1842	0	162736
697	1741	194964	1246	571	0	198522
698	1240	1547	446	193169	0	196402
699	688	974	308	195211	0	197181
700	182686	309	452	2798	0	186245
701	1936	528	190215	1189	0	193868
702	1342	511	197331	482	0	199666
703	525	195334	2883	503	0	199245
704	493	2006	199707	450	0	202656
705	165616	1166	2365	740	0	169887
706	1829	199518	1662	635	0	203644
707	1301	2210	197807	437	0	201755
708	164199	1296	2473	706	0	168674
709	2030	816	208905	599	0	212350
710	1350	210174	2491	516	0	214531
711	723	2025	1428	207055	0	211231
712	682	1394	595	212346	0	215017
713	669	782	207966	3004	0	212421
714	750	683	206070	1569	0	209072
715	588	205957	3408	762	0	210715
716	197233	1963	1746	734	0	201676
717	1971	211181	1097	663	0	214912
718	1564	2195	735	205672	0	210166
719	744	1725	208092	2204	0	212765
720	174003	647	2684	1643	0	178977
721	2310	545	1683	201901	0	206439
722	1520	202138	1215	2135	0	207008
723	599	210117	1139	1515	0	213370
724	689	3065	804	206927	0	211485
725	651	1619	728	210186	0	213184
726	203272	755	707	3330	0	208064
727	2268	628	676	211233	0	214805
728	1467	916	211053	2528	0	215964
729	195848	558	2452	1865	0	200723
730	210687	585	1661	1034	0	213967
731	3272	896	213919	834	0	218921
732	196654	616	2553	833	0	200656
733	2697	631	1607	218974	0	223909
734	1929	600	778	224077	0	227384
735	999	615	672	226289	0	228575
736	974	595	625	218928	0	221122
737	605	222280	1057	3879	0	227821
738	224109	2573	683	2080	0	229445
739	230912	1781	679	1188	0	234560
740	4047	1110	237999	910	0	244066
741	236835	673	2912	1101	0	241521
742	255606	579	2119	908	0	259212
743	262384	680	855	920	0	264839
744	273259	574	730	887	0	275450
745	7142	268544	1041	784	0	277511
746	2792	3922	604	263574	0	270892
747	1239	2354	266830	3676	0	274099
748	979	1121	255803	2183	0	260086
749	224543	2264	5904	1459	0	234170
750	238310	771	2841	732	0	242654
751	4095	233517	799	600	0	239011
752	235005	2478	417	623	0	238523
753	3021	237429	711	554	0	241715
754	2268	2732	395	234677	0	240072
755	241003	1545	442	3024	0	246014
756	239432	504	342	1884	0	242162
757	240341	379	330	755	0	241805
758	4425	237566	576	550	0	243117
759	238864	2672	349	652	0	242537
760	3354	1730	417	237274	0	242775
761	239345	504	518	2900	0	243267
762	3466	786	236414	1742	0	242408
763	2230	237645	2976	728	0	243579
764	235920	2654	1612	603	0	240789
765	3314	2018	238443	434	0	244209
766	2255	769	2605	231874	0	237503
767	1151	769	242151	2764	0	246835
768	1095	777	240020	1693	0	243585
769	1219	520	4017	231349	0	237105
770	1124	790	243472	2793	0	248179
771	1127	513	2908	237181	0	241729
772	1180	497	1735	242343	0	245755
773	240816	444	662	4257	0	246179
774	3284	243996	925	2165	0	250370
775	2171	250741	932	952	0	254796
776	1146	254620	887	709	0	257362
777	1555	4978	248017	641	0	255191
778	1205	2251	3361	243318	0	250135
779	1000	1144	255369	3533	0	261046
780	227990	641	3762	2412	0	234805
781	248354	521	2227	1082	0	252184
782	4793	252348	1323	1028	0	259492
783	2777	3371	804	240869	0	247821
784	1146	255098	1039	3191	0	260474
785	254655	3374	795	2215	0	261039
786	4012	2146	670	253059	0	259887
787	2732	1383	254387	3742	0	262244
788	1302	252018	3609	2462	0	259391
789	1321	4076	254691	1077	0	261165
790	1333	2264	3741	248703	0	256041
791	1138	1376	252818	3608	0	258940
792	229228	763	4032	2741	0	236764
793	4168	1277	254310	1243	0	260998
794	2759	253331	4291	1034	0	261415
795	1460	3710	2514	250290	0	257974
796	1365	2375	1179	257006	0	261925
797	252390	1121	1064	5303	0	259878
798	253051	916	1044	2852	0	257863
799	5377	251220	1430	1490	0	259517
800	2779	3877	249927	1046	0	257629
801	1497	2806	248344	1033	0	253680
802	235808	1094	5381	1269	0	243552
803	4008	1257	249803	1154	0	256222
804	2787	1291	244349	1023	0	249450
805	1657	1272	246243	1054	0	250226
806	1522	1182	244906	1076	0	248686
807	1194	242843	5792	1137	0	250966
808	243113	3588	3137	1191	0	251029
809	4114	2473	1475	235792	0	243854
810	236049	1072	1387	3624	0	242132
811	4107	234808	1690	2545	0	243150
812	234537	3643	1493	1368	0	241041
813	3955	242628	1781	1163	0	249527
814	3068	3814	1583	232900	0	241365
815	1562	250882	1837	3514	0	257795
816	1531	4251	245526	2583	0	253891
817	1326	255334	4692	1264	0	262616
818	1688	4222	3038	277311	0	286259
819	280855	2694	1684	4417	0	289650
820	4788	1518	1434	281021	0	288761
821	3409	1735	281816	4674	0	291634
822	2003	1250	4693	262879	0	270825
823	1408	280898	3720	4486	0	290512
824	1486	4928	280941	2966	0	290321
825	272196	3151	4863	1636	0	281846
826	5058	1600	3406	287925	0	297989
827	285873	1281	1814	4939	0	293907
828	282875	1361	1648	3547	0	289431
829	6403	286945	2114	1778	0	297240
830	284437	4610	1734	1624	0	292405
831	285387	3169	1633	1728	0	291917
832	6563	286285	2034	1559	0	296441
833	3617	4435	1653	283310	0	293015
834	2007	3063	1735	279137	0	285942
835	1318	283200	1984	6406	0	292908
836	1721	4776	1453	287237	0	295187
837	1488	3514	284422	4689	0	294113
838	1880	2484	4713	278975	0	288052
839	1811	1616	278520	5001	0	286948
840	2017	1372	260308	3035	0	266732
841	1345	257848	5760	1619	0	266572
842	1121	254895	3171	1491	0	260678
843	1464	257529	1726	1130	0	261849
844	2712	5398	1919	236011	0	246040
845	780	2769	241128	3182	0	247859
846	225334	934	3371	2391	0	232030
847	3211	764	2292	241347	0	247614
848	2109	1151	242060	3106	0	248426
849	992	1256	241161	2298	0	245707
850	747	243388	4811	1096	0	250042
851	983	3617	2392	236497	0	243489
852	234054	2240	1139	3009	0	240442
853	2723	233186	1228	2352	0	239489
854	1960	232379	1080	1037	0	236456
855	772	231047	1118	1055	0	233992
856	837	4853	967	224792	0	231449
857	571	238027	1273	3153	0	243024
858	829	3273	1000	250887	0	255989
859	983	2217	889	257921	0	262010
860	835	1429	254801	5606	0	262671
861	210847	1019	4227	3927	0	220020
862	3727	1393	261703	1118	0	267941
863	2645	1478	4055	256130	0	264308
864	1041	1369	263634	4129	0	270173
865	656	259550	4447	2996	0	267649
866	257365	4260	3126	1518	0	266269
867	4110	3195	1166	248084	0	256555
868	2823	1075	902	254981	0	259781
869	253801	800	922	5979	0	261502
870	252302	818	943	3274	0	257337
871	257637	829	999	1567	0	261032
872	6015	1206	255014	1097	0	263332
873	231100	839	3674	1196	0	236809
874	3852	247801	2811	951	0	255415
875	2557	248867	1152	1054	0	253630
876	1461	5479	894	237084	0	244918
877	1179	2822	620	228566	0	233187
878	900	236419	954	5315	0	243588
879	1178	3693	568	235111	0	240550
880	224432	2520	608	4185	0	231745
881	3706	1243	234617	2956	0	242522
882	2609	233274	3824	1342	0	241049
883	220482	3621	2570	1274	0	227947
884	3159	229713	1344	1297	0	235513
885	2339	4079	227920	1339	0	235677
886	1154	2992	3545	223975	0	231666
887	919	1569	229009	3922	0	235419
888	813	224711	3941	2922	0	232387
889	1182	3702	2510	220478	0	227872
890	1022	2880	223944	3729	0	231575
891	1049	1551	225471	2675	0	230746
892	1392	1294	5157	217214	0	225057
893	221796	942	2780	3713	0	229231
894	223131	1017	1180	2704	0	228032
895	223756	1018	912	1458	0	227144
896	5423	1348	225408	1324	0	233503
897	2687	224935	3868	1340	0	232830
898	1181	3734	2656	222290	0	229861
899	1154	2708	1199	211229	0	216290
900	875	225090	1394	5257	0	232616
901	222270	3752	965	3017	0	230004
902	3761	2696	939	225102	0	232498
903	2763	1522	224974	4055	0	233314
904	1151	224931	4094	3039	0	233215
905	214227	3710	2772	1790	0	222499
906	3503	222901	1647	1534	0	229585
907	2821	3871	1315	216446	0	224453
908	1476	2784	1276	219113	0	224649
909	1421	1385	1460	217861	0	222127
910	1306	1782	217504	5919	0	226511
911	1424	1348	4061	203140	0	209973
912	1217	211133	3413	4309	0	220072
913	1449	209453	1941	3257	0	216100
914	1736	5445	202900	1778	0	211859
915	187719	2767	3805	1925	0	196216
916	198985	1442	2960	2010	0	205397
917	5197	195708	1752	1869	0	204526
918	169702	2808	1530	1408	0	175448
919	167474	2085	887	1455	0	171901
920	4341	173116	1241	1535	0	180233
921	2894	3022	1041	173503	0	180460
922	1716	2482	181062	3168	0	188428
923	1657	1664	174720	2342	0	180383
924	173467	1458	4472	1597	0	180994
925	3309	180460	2739	1581	0	188089
926	2622	3329	1132	179205	0	186288
927	1506	2703	931	181806	0	186946
928	1522	1394	1006	182252	0	186174
929	176911	1246	1119	5141	0	184417
930	3815	1262	1113	178623	0	184813
931	2979	1296	1053	178561	0	183889
932	1594	1718	172324	4755	0	180391
933	154292	1256	3221	3107	0	161876
934	3349	170687	2832	1512	0	178380
935	168996	3299	1327	1528	0	175150
936	3306	168028	1491	1428	0	174253
937	2708	3487	1143	161355	0	168693
938	167787	2420	1194	3503	0	174904
939	168212	1267	1373	2700	0	173552
940	4365	1524	166811	1507	0	174207
941	166849	1266	3252	1674	0	173041
942	3696	1451	173721	1318	0	180186
943	2715	1337	167806	1287	0	173145
944	1488	1437	168061	1442	0	172428
945	1458	1345	182147	1228	0	186178
946	1468	1349	5302	182061	0	190180
947	1474	1391	187723	4053	0	194641
948	1541	1136	4269	184522	0	191468
949	185721	1163	2839	4432	0	194155
950	4227	1217	1551	184906	0	191901
951	178967	1109	1371	4752	0	186199
952	3901	183829	1612	3261	0	192603
953	2872	4319	1279	181307	0	189777
954	1856	2986	176653	4444	0	185939
955	1281	188222	4178	3402	0	197083
956	1518	5826	2430	180052	0	189826
957	1638	2741	182029	4271	0	190679
958	932	173499	3686	2381	0	180498
959	760	172332	2067	1237	0	176396
960	1529	4852	167208	1185	0	174774
961	1107	3460	3321	158258	0	166146
962	587	891	161217	3346	0	166041
963	148423	425	3287	1825	0	153960
964	156434	312	1672	764	0	159182
965	4025	155140	945	472	0	160582
966	156290	2865	446	558	0	160159
967	3254	1637	491	155313	0	160695
968	1699	844	154342	3055	0	159940
969	143157	314	3052	2069	0	148592
970	3191	482	153311	810	0	157794
971	1701	151210	3276	553	0	156740
972	154090	2866	1873	549	0	159378
973	3136	1687	572	151625	0	157020
974	1726	766	154493	2897	0	159882
975	151357	256	3045	1835	0	156493
976	153755	277	1787	694	0	156513
977	155742	318	626	526	0	157212
978	4557	360	414	152318	0	157649
979	2170	296	365	155258	0	158089
980	679	550	153520	4373	0	159122
981	470	152572	3295	2097	0	158434
982	786	2809	1825	148840	0	154260
983	704	1637	657	155178	0	158176
984	565	778	153277	4281	0	158901
985	607	689	153072	2189	0	156557
986	629	346	4417	151570	0	156962
987	148682	352	2219	3270	0	154523
988	2949	151376	1188	2052	0	157565
989	151513	2873	672	992	0	156050
990	3234	152006	1033	790	0	157063
991	2016	3275	151639	617	0	157547
992	797	2007	153500	770	0	157074
993	143734	699	4874	807	0	150114
994	162068	563	2221	811	0	165663
995	4839	161521	1240	1026	0	168626
996	2540	3557	158869	981	0	165947
997	1332	1963	3681	156297	0	163273
998	1101	764	2417	151379	0	155661
999	865	159046	1435	5073	0	166419
1000	1095	3494	720	159030	0	164339
1001	881	2445	160851	3977	0	168154
1002	154389	1059	3819	2471	0	161738
1003	160945	768	2386	1195	0	165294
1004	160513	704	1125	1174	0	163516
1005	164026	632	1025	1008	0	166691
1006	5919	920	159253	782	0	166874
1007	156134	545	3919	942	0	161540
1008	4644	828	160180	779	0	166431
1009	2878	158126	4573	764	0	166341
1010	1722	3525	2754	157523	0	165524
1011	161947	2076	1394	3813	0	169230
1012	4302	883	1173	168639	0	174997
1013	2683	993	169610	4741	0	178027
1014	167003	645	4568	2828	0	175044
1015	173393	612	2819	1478	0	178302
1016	6627	668	1328	170161	0	178784
1017	3576	655	1052	173432	0	178715
1018	1805	857	169954	6434	0	179050
1019	1250	170614	4754	3451	0	180069
1020	163718	4120	2818	1564	0	172220
1021	4573	2676	158272	1098	0	166619
1022	151095	945	4071	1058	0	157169
1023	4715	155455	2996	918	0	164084
1024	154277	3807	1224	867	0	160175
1025	4790	151705	1278	911	0	158684
1026	3022	153542	1353	1004	0	158921
1027	2058	5541	1121	150164	0	158884
1028	1651	2641	1059	154931	0	160282
1029	1575	1110	915	157013	0	160613
1030	1446	879	771	157781	0	160877
1031	1190	977	152120	6362	0	160649
1032	146651	822	4087	3301	0	154861
1033	155148	689	2612	1737	0	160186
1034	159163	615	1334	1479	0	162591
1035	6711	582	1082	153659	0	162034
1036	3864	620	938	156844	0	162266
1037	155401	632	906	6008	0	162947
1038	157015	657	994	3096	0	161762
1039	158615	753	1002	1588	0	161958
1040	6699	927	982	150878	0	159486
1041	3695	873	929	149090	0	154587
1042	1953	822	143612	5455	0	151842
1043	1501	787	142273	2894	0	147455
1044	1390	140505	5440	1530	0	148865
1045	119969	4478	4302	1915	0	130664
1046	119550	1757	1284	1065	0	123656
1047	119786	664	656	1110	0	122216
1048	4121	767	120736	974	0	126598
1049	117715	509	2470	1117	0	121811
1050	121344	446	1724	1025	0	124539
1051	123368	471	819	912	0	125570
1052	4554	312	698	119130	0	124694
1053	2822	320	673	119955	0	123770
1054	1736	365	601	119782	0	122484
1055	1291	556	108334	3996	0	114177
1056	98341	434	2198	2281	0	103254
1057	2814	107076	1720	1040	0	112650
1058	97315	1763	505	712	0	100295
1059	2536	96208	538	714	0	99996
1060	1732	97474	556	678	0	100440
1061	1332	2655	669	95778	0	100434
1062	1280	1469	672	93332	0	96753
1063	854	94446	537	2592	0	98429
1064	93143	1801	384	1477	0	96805
1065	93760	1138	385	924	0	96207
1066	2785	509	377	91814	0	95485
1067	1654	506	91563	2108	0	95831
1068	1128	427	89639	1423	0	92617
1069	1119	453	93397	797	0	95766
1070	1132	461	92329	693	0	94615
1071	86500	516	2964	780	0	90760
1072	88329	304	1223	631	0	90487
1073	2773	265	567	86127	0	89732
1074	1595	405	85948	1959	0	89907
1075	1107	342	1640	85292	0	88381
1076	911	88425	1195	1913	0	92444
1077	899	97530	767	1272	0	100468
1078	98512	2231	465	900	0	102108
1079	99114	1207	433	754	0	101508
1080	100192	595	436	791	0	102014
1081	2809	478	462	98311	0	102060
1082	1646	509	436	100149	0	102740
1083	1132	492	395	100700	0	102719
1084	1166	386	307	100671	0	102530
1085	1100	500	98781	2775	0	103156
1086	1082	277	1580	99323	0	102262
1087	103105	227	1097	2295	0	106724
1088	2160	242	623	104213	0	107238
1089	1549	288	532	105714	0	108083
1090	1038	518	558	104177	0	106291
1091	887	101376	601	2916	0	105780
1092	803	101602	620	1692	0	104717
1093	774	103676	564	1018	0	106032
1094	692	1932	340	93763	0	96727
1095	616	915	337	95329	0	97197
1096	94439	324	242	2224	0	97229
1097	94764	293	235	1241	0	96533
1098	96204	308	249	672	0	97433
1099	2217	310	255	94747	0	97529
1100	1299	269	241	94173	0	95982
1101	691	94139	371	2092	0	97293
1102	696	97214	352	1185	0	99447
1103	96102	1737	149	672	0	98660
1104	1685	913	171	95716	0	98485
1105	96639	255	243	1573	0	98710
1106	100104	204	301	1250	0	101859
1107	2029	213	339	97541	0	100122
1108	1097	105221	425	1431	0	108174
1109	107117	1157	262	1228	0	109764
1110	111290	816	212	842	0	113160
1111	2087	496	113632	614	0	116829
1112	104564	216	671	467	0	105918
1113	906	107918	695	397	0	109916
1114	784	648	147	110211	0	111790
1115	120967	563	117	1146	0	122793
1116	1013	179	103	121216	0	122511
1117	868	174	107	121088	0	122237
1118	331	122524	255	1447	0	124557
1119	121456	748	101	914	0	123219
1120	122091	641	78	494	0	123304
1121	1431	122622	235	389	0	124677
1122	793	127550	244	264	0	128851
1123	126689	1201	288	404	0	128582
1124	125506	638	107	364	0	126615
1125	1358	448	123266	305	0	125377
1126	843	438	116319	347	0	117947
1127	379	419	125745	253	0	126796
1128	295	156	1227	126836	0	128514
1129	276	142	611	129878	0	130907
1130	283	410	129216	1330	0	131239
1131	124097	158	774	979	0	126008
1132	133452	161	601	436	0	134650
1133	134625	135	191	392	0	135343
1134	132632	158	118	412	0	133320
1135	1451	479	146139	259	0	148328
1136	144901	180	781	535	0	146397
1137	150073	157	732	493	0	151455
1138	150237	143	280	469	0	151129
1139	151542	143	174	458	0	152317
1140	150576	167	211	459	0	151413
1141	1492	515	153994	547	0	156548
1142	898	154532	978	380	0	156788
1143	585	852	610	154868	0	156915
1144	505	685	205	158024	0	159419
1145	471	679	156537	1370	0	159057
1146	144600	237	834	993	0	146664
1147	1116	207	640	155471	0	157434
1148	986	658	156799	916	0	159359
1149	615	546	151413	898	0	153472
1150	490	161726	1532	540	0	164288
1151	558	798	737	164394	0	166487
1152	541	675	248	166043	0	167507
1153	541	304	202	166156	0	167203
1154	166464	194	237	1587	0	168482
1155	1154	191	220	166789	0	168354
1156	976	658	164928	1147	0	167709
1157	592	615	153752	1054	0	156013
1158	625	599	172870	545	0	174639
1159	621	271	1452	175166	0	177510
1160	178205	220	816	1212	0	180453
1161	1164	711	179355	845	0	182075
1162	174208	251	939	641	0	176039
1163	198487	205	814	1055	0	200561
1164	1759	232	384	202271	0	204646
1165	1171	240	308	203182	0	204901
1166	593	204191	570	1758	0	207112
1167	634	1476	201588	1064	0	204762
1168	195308	754	1130	723	0	197915
1169	1341	304	882	209026	0	211553
1170	1047	209806	766	1314	0	212933
1171	640	1107	299	212216	0	214262
1172	613	1484	211469	1434	0	215000
1173	671	441	1149	206704	0	208965
1174	540	210370	1250	1331	0	213491
1175	645	988	387	209162	0	211182
1176	206891	795	350	1550	0	209586
1177	1302	363	327	203744	0	205736
1178	1018	201417	678	1339	0	204452
1179	448	204912	661	1177	0	207198
1180	195195	1577	364	882	0	198018
1181	1340	1375	204975	575	0	208265
1182	1167	409	1132	203514	0	206222
1183	680	225	863	210721	0	212489
1184	555	817	212105	1940	0	215417
1185	427	212961	1418	1634	0	216440
1186	581	1610	212880	716	0	215787
1187	656	1437	1213	204652	0	207958
1188	420	216828	1224	1088	0	219560
1189	220028	891	456	1577	0	222952
1190	1060	221681	648	599	0	223988
1191	800	224806	677	699	0	226982
1192	227416	1358	496	794	0	230064
1193	231202	744	432	952	0	233330
1194	235729	280	295	711	0	237015
1195	1613	230	305	236959	0	239107
1196	843	859	236034	1303	0	239039
1197	223485	272	1058	1324	0	226139
1198	246212	228	756	682	0	247878
1199	1945	236	310	254383	0	256874
1200	1030	813	254283	1750	0	257876
1201	373	253958	1745	1199	0	257275
1202	253113	1399	883	773	0	256168
1203	259889	851	357	913	0	262010
1204	2085	266315	683	575	0	269658
1205	946	272419	624	495	0	274484
1206	270224	2015	283	745	0	273267
1207	268745	989	233	676	0	270643
1208	264806	342	255	555	0	265958
1209	2454	301	184	262663	0	265602
1210	1171	989	264164	1814	0	268138
1211	648	339	1468	258277	0	260732
1212	532	926	260602	1802	0	263862
1213	364	256397	1800	1243	0	259804
1214	407	259687	1239	510	0	261843
1215	839	1996	400	241712	0	244947
1216	506	734	230	249402	0	250872
1217	455	272	231	243956	0	244914
1218	261	249472	628	1960	0	252321
1219	246116	1382	257	1280	0	249035
1220	242328	848	295	727	0	244198
1221	1957	250181	563	573	0	253274
1222	1078	1474	167	243280	0	245999
1223	443	246672	506	1550	0	249171
1224	565	1628	171	244749	0	247113
1225	437	247796	551	1529	0	250313
1226	247217	1517	242	1266	0	250242
1227	1678	898	187	244378	0	247141
1228	995	1003	242592	1643	0	246233
1229	232194	353	1496	1407	0	235450
1230	240635	365	861	931	0	242792
1231	2153	1040	240224	698	0	244115
1232	1233	458	1372	239628	0	242691
1233	602	1053	244032	1744	0	247431
1234	599	483	1471	243348	0	245901
1235	485	1109	231402	1813	0	234809
1236	214903	463	1544	1397	0	218307
1237	1739	463	798	225844	0	228844
1238	1043	228859	646	1606	0	232154
1239	233073	1707	281	1327	0	236388
1240	1900	1062	271	235561	0	238794
1241	1294	494	297	234086	0	236171
1242	658	1095	231114	2576	0	235443
1243	833	487	1552	237055	0	239927
1244	733	1132	245283	2345	0	249493
1245	820	1061	250484	1503	0	253868
1246	847	495	2975	257202	0	261519
1247	714	1097	275527	2472	0	279810
1248	265885	487	2877	2000	0	271249
1249	321599	478	1801	1126	0	325004
1250	336347	634	680	1065	0	338726
1251	7138	369943	1151	1060	0	379292
1252	3977	5707	594	371401	0	381679
1253	1822	3725	691	338870	0	345108
1254	1213	381091	1347	7654	0	391305
1255	378404	5865	686	3925	0	388880
1256	6469	3528	578	374387	0	384962
1257	3964	1859	386453	6478	0	398754
1258	1629	1708	370192	4323	0	377852
1259	993	370570	9592	2169	0	383324
1260	371119	5995	4153	1663	0	382930
1261	6482	4595	373539	1642	0	386258
1262	337344	1278	6817	1730	0	347169
1263	6478	340430	4723	1702	0	353333
1264	4077	6217	353696	1417	0	365407
1265	1627	4139	346212	1267	0	353245
1266	1313	1904	360075	1165	0	364457
1267	1290	346049	10184	1310	0	358833
1268	1666	6865	351080	1130	0	360741
1269	337116	3635	6883	1379	0	349013
1270	6660	1595	4266	329678	0	342199
1271	4265	992	1761	351114	0	358132
1272	1936	1010	1235	355607	0	359788
1273	1707	966	1136	357113	0	360922
1274	1432	1476	278813	80536	0	362257
1275	1663	944	5447	347590	0	355644
1276	1668	930	3323	350349	0	356270
1277	344689	848	1603	10016	0	357156
1278	351790	754	1416	5379	0	359339
1279	330193	965	1648	2709	0	335515
1280	9430	1580	344208	2089	0	357307
1281	4705	350543	7099	2066	0	364413
1282	1927	363414	5037	1929	0	372307
1283	330998	9885	1942	2145	0	344970
1284	6578	354123	2078	1969	0	364748
1285	4970	7388	1522	346443	0	360323
1286	2609	4414	1690	354526	0	363239
1287	1820	2469	350653	10266	0	365208
1288	1534	341249	8052	5693	0	356528
1289	1708	7671	341286	2436	0	353101
1290	328847	4546	7958	2212	0	343563
1291	344063	1921	5086	2040	0	353110
1292	10777	1394	2471	338521	0	353163
1293	5608	1299	2225	335636	0	344768
1294	2488	1294	2318	336648	0	342748
1295	2208	1405	2100	338043	0	343756
1296	2032	1889	332031	11664	0	347616
1297	2583	1648	7516	327465	0	339212
1298	1988	1564	331144	8681	0	343377
1299	1875	1393	320871	6011	0	330150
1300	1595	318161	11159	3425	0	334340
1301	316648	6761	5746	3027	0	332182
1302	7028	327353	3253	2798	0	340432
1303	5218	7901	2378	304813	0	320310
1304	2306	5125	326922	8100	0	342453
1305	311031	1749	8314	5645	0	326739
1306	8070	2165	326125	2787	0	339147
1307	322620	1538	8720	2515	0	335393
1308	328117	1387	5664	2312	0	337480
1309	12081	1624	2633	331872	0	348210
1310	6430	1604	2248	330652	0	340934
1311	3241	1587	2337	334447	0	341612
1312	2641	2205	323783	13271	0	341900
1313	312036	1711	8674	7034	0	329455
1314	8966	318922	6428	3629	0	337945
1315	6992	8007	2706	310605	0	328310
1316	323285	5273	2329	9435	0	340322
1317	328971	2405	2511	6860	0	340747
1318	332090	2133	2351	3883	0	340457
1319	14314	2713	318433	3558	0	339018
1320	323871	2390	9031	3710	0	339002
1321	326894	2758	6156	4136	0	339944
1322	13401	2735	293031	4779	0	313946
1323	7272	2820	332939	3808	0	346839
1324	4482	2338	13643	320713	0	341176
1325	3844	2217	336771	10085	0	352917
1326	3091	321301	12516	7053	0	343961
1327	3121	336749	9500	2982	0	352352
1328	324026	12761	4852	2754	0	344393
1329	10182	336598	4615	2684	0	354079
1330	7940	9617	3987	332753	0	354297
1331	320590	6112	4153	10203	0	341058
1332	9679	333923	4488	7368	0	355458
1333	6686	9847	3790	331631	0	351954
1334	3805	5946	4078	339723	0	353552
1335	3070	3267	331120	15013	0	352470
1336	3572	2272	10446	332413	0	348703
1337	3260	2842	332689	12347	0	351138
1338	3588	2153	332157	8749	0	346647
1339	4197	1917	12909	318974	0	337997
1340	3487	1755	6622	327323	0	339187
1341	319321	1566	3102	15999	0	339988
1342	10086	338529	3659	9504	0	361778
1343	7458	9133	2819	329351	0	348761
1344	4501	9541	2859	332214	0	349115
1345	315193	2382	2229	15427	0	335231
1346	10872	307190	2900	8549	0	329511
1347	7344	293500	2956	3812	0	307612
1348	3749	279440	2754	2914	0	288857
1349	2166	241239	2237	2120	0	247762
1350	189221	8157	7902	1693	0	206973
1351	181914	3268	1781	1440	0	188403
1352	175989	1188	702	1289	0	179168
1353	175519	971	611	1219	0	178320
1354	7416	932	658	169122	0	178128
1355	3373	1253	166434	4951	0	176011
1356	1465	165709	4930	3132	0	175236
1357	1535	4669	2807	161080	0	170091
1358	1414	2911	162617	4774	0	171716
1359	1448	1168	4662	160626	0	167904
1360	1376	822	2694	161746	0	166638
1361	1094	1060	160414	6794	0	169362
1362	1201	866	4690	159884	0	166641
1363	1357	910	2936	158220	0	163423
1364	160505	751	1222	7083	0	169561
1365	160537	770	1070	3656	0	166033
1366	161033	756	864	1934	0	164587
1367	161096	861	880	1693	0	164530
1368	7494	774	915	154054	0	163237
1369	3848	823	827	157777	0	163275
1370	2039	959	749	159565	0	163312
1371	153568	885	881	7578	0	162912
1372	5708	875	801	155821	0	163205
1373	3924	818	855	157597	0	163194
1374	2132	1174	151375	7432	0	162113
1375	2041	1383	4610	144958	0	152992
1376	1766	146182	3136	5544	0	156628
1377	1787	154286	1384	3665	0	161122
1378	147010	6286	836	2042	0	156174
1379	5534	2978	146408	1970	0	156890
1380	3255	139917	4600	1674	0	149446
1381	136200	4180	2981	1507	0	144868
1382	4898	2607	1131	136499	0	145135
1383	2837	1372	136770	5013	0	145992
1384	1730	1608	4192	128168	0	135698
1385	1282	138584	2800	4866	0	147532
1386	136324	4206	1313	3129	0	144972
1387	4387	141502	1367	1867	0	149123
1388	141477	4472	826	1821	0	148596
1389	144427	2556	852	1656	0	149491
1390	6725	1251	779	140804	0	149559
1391	3494	1062	666	135765	0	140987
1392	1731	139902	1079	6406	0	149118
1393	141159	4392	704	3532	0	149787
1394	5018	2952	139666	1939	0	149575
1395	137054	1172	3969	1698	0	143893
1396	137009	889	2365	1720	0	141983
1397	6234	968	131344	2061	0	140607
1398	3061	1650	3682	124776	0	133169
1399	126166	787	2342	4562	0	133857
1400	4302	1023	125485	3082	0	133892
1401	2677	958	122173	1687	0	127495
1402	111891	767	5052	1425	0	119135
1403	3833	112109	2648	1411	0	120001
1404	2368	105816	1246	1109	0	110539
1405	2267	4685	1016	101261	0	109229
1406	1300	2269	102053	3264	0	108886
1407	94726	888	3161	2347	0	101122
1408	3269	875	100539	1347	0	106030
1409	2039	91972	2874	889	0	97774
1410	91081	2645	1963	1002	0	96691
1411	3010	1727	762	90721	0	96220
1412	91797	732	600	3027	0	96156
1413	3222	826	90301	2012	0	96361
1414	2294	699	2534	86145	0	91672
1415	1228	90738	1890	2579	0	96435
1416	1182	2724	753	89256	0	93915
1417	1252	1839	561	91671	0	95323
1418	1225	906	90649	3878	0	96658
1419	1137	87542	2765	2188	0	93632
1420	1122	88810	1857	1167	0	92956
1421	1201	3278	84901	976	0	90356
1422	78345	1646	2706	836	0	83533
1423	81616	588	1605	890	0	84699
1424	3734	706	785	78733	0	83958
1425	75344	432	723	2312	0	78811
1426	2424	71544	915	1735	0	76618
1427	1615	74947	713	963	0	78238
1428	74713	2905	814	812	0	79244
1429	2814	1802	750	73895	0	79261
1430	76561	583	578	2404	0	80126
1431	77704	499	486	1765	0	80454
1432	3517	553	489	73344	0	77903
1433	1984	710	73110	2325	0	78129
1434	71426	560	2233	1534	0	75753
1435	74221	486	1388	724	0	76819
1436	3543	615	736	70244	0	75138
1437	1902	72349	716	2242	0	77209
1438	1146	2298	525	72895	0	76864
1439	891	1450	71786	2541	0	76668
1440	932	715	71549	1731	0	74927
1441	808	70743	3134	955	0	75640
1442	1704	1332	1102	48434	0	52572
1443	427	641	487	49117	0	50672
1444	384	368	49033	1352	0	51137
1445	46525	256	911	798	0	48490
1446	50120	230	677	392	0	51419
1447	50406	208	305	338	0	51257
1448	50553	198	260	312	0	51323
1449	1586	49100	348	309	0	51343
1450	878	50936	320	366	0	52500
1451	51869	1407	246	354	0	53876
1452	1182	762	252	53434	0	55630
1453	935	271	241	53888	0	55335
1454	441	54497	340	1602	0	56880
1455	494	1082	222	54918	0	56716
1456	526	794	213	53252	0	54785
1457	408	53792	299	1656	0	56155
1458	464	1192	53509	914	0	56079
1459	469	813	1064	53838	0	56184
1460	54063	328	765	1267	0	56423
1461	53722	275	310	965	0	55272
1462	1795	388	52863	445	0	55491
1463	1107	315	52305	365	0	54092
1464	582	296	52660	383	0	53921
1465	547	226	1640	50848	0	53261
1466	481	278	51861	1174	0	53794
1467	437	297	51685	861	0	53280
1468	540	708	1582	47875	0	50705
1469	434	52030	914	1044	0	54422
1470	527	1038	52264	838	0	54667
1471	350	53368	1145	470	0	55333
1472	52290	1094	815	426	0	54625
1473	1027	53090	434	423	0	54974
1474	859	1076	378	52063	0	54376
1475	52658	688	334	1164	0	54844
1476	1143	299	324	52858	0	54624
1477	920	239	314	53487	0	54960
1478	457	363	53597	1616	0	56033
1479	436	51553	1132	952	0	54073
1480	442	53520	892	428	0	55282
1481	566	1531	432	50683	0	53212
1482	402	728	344	51115	0	52589
1483	382	331	299	50120	0	51132
1484	303	331	48585	1568	0	50787
1485	265	310	46164	887	0	47626
1486	41947	208	1328	516	0	43999
1487	844	268	46099	318	0	47529
1488	598	268	45886	295	0	47047
1489	212	44765	1283	318	0	46578
1490	349	1079	754	44169	0	46351
1491	272	596	45358	917	0	47143
1492	280	182	854	44287	0	45603
1493	235	171	46581	988	0	47975
1494	240	131	922	46412	0	47705
1495	195	222	48840	1073	0	50330
1496	217	134	994	48138	0	49483
1497	215	171	658	46943	0	47987
1498	134	49001	381	1328	0	50844
1499	180	862	231	48510	0	49783
1500	122	50219	356	1044	0	51741
1501	188	922	260	50700	0	52070
1502	200	595	255	50982	0	52032
1503	49563	270	266	1439	0	51538
1504	901	201	260	49879	0	51241
1505	611	291	49308	1100	0	51310
1506	282	187	965	49157	0	50591
1507	221	173	681	49899	0	50974
1508	222	258	48788	1514	0	50782
1509	202	261	48207	881	0	49551
1510	214	188	1391	46783	0	48576
1511	204	229	738	48620	0	49791
1512	171	309	48533	1511	0	50524
1513	146	46954	1083	927	0	49110
1514	133	48925	815	538	0	50411
1515	47850	1276	360	536	0	50022
1516	909	641	315	48669	0	50534
1517	49631	236	352	1149	0	51368
1518	48365	187	387	855	0	49794
1519	1191	49468	443	480	0	51582
1520	50147	889	378	456	0	51870
1521	50168	619	352	463	0	51602
1522	1310	360	49783	425	0	51878
1523	733	241	978	49487	0	51439
1524	222	314	51260	1156	0	52952
1525	228	247	1135	51181	0	52791
1526	184	268	51423	1203	0	53078
1527	175	48635	1152	814	0	50776
1528	178	49674	754	468	0	51074
1529	420	1326	400	46876	0	49022
1530	46154	496	306	926	0	47882
1531	742	201	251	46392	0	47586
1532	523	163	240	46955	0	47881
1533	186	223	46851	1251	0	48511
1534	142	230	46769	780	0	47921
1535	173	277	47507	411	0	48368
1536	183	171	1252	46165	0	47771
1537	188	178	684	44556	0	45606
1538	127	46388	411	1252	0	48178
1539	138	48000	415	768	0	49321
1540	46501	1144	302	465	0	48412
1541	745	47486	379	438	0	49048
1542	514	1032	46675	392	0	48613
1543	249	554	968	46254	0	48025
1544	164	351	48771	1122	0	50408
1545	143	48937	1091	835	0	51006
1546	189	1036	736	48939	0	50900
1547	46888	545	379	1113	0	48925
1548	745	318	48796	840	0	50699
1549	506	48802	980	588	0	50876
1550	221	913	48650	441	0	50225
1551	119	47793	966	447	0	49325
1552	464	1064	724	44532	0	46784
1553	44978	496	272	887	0	46633
1554	44363	194	228	680	0	45465
1555	946	44361	294	375	0	45976
1556	45137	647	222	382	0	46388
1557	719	474	249	44956	0	46398
1558	45109	201	257	871	0	46438
1559	749	254	45761	669	0	47433
1560	495	277	46086	395	0	47253
1561	294	203	1145	43692	0	45334
1562	267	166	588	47619	0	48640
1563	191	291	47004	1223	0	48709
1564	251	197	822	47675	0	48945
1565	47919	209	562	1056	0	49746
1566	47951	226	277	729	0	49183
1567	1151	46475	298	428	0	48352
1568	607	46942	346	368	0	48263
1569	45450	1086	230	378	0	47144
1570	950	567	223	45057	0	46797
1571	44774	275	244	886	0	46179
1572	843	44676	332	617	0	46468
1573	44926	746	247	403	0	46322
1574	854	557	44009	316	0	45736
1575	548	338	43962	301	0	45149
1576	285	313	1136	43264	0	44998
1577	242	340	44597	861	0	46040
1578	262	206	823	42951	0	44242
1579	281	226	534	42825	0	43866
1580	259	337	44699	1090	0	46385
1581	249	211	768	44505	0	45733
1582	311	167	541	47427	0	48446
1583	216	245	49117	1216	0	50794
1584	198	243	48872	719	0	50032
1585	46870	185	1306	393	0	48754
1586	838	221	50611	312	0	51982
1587	50550	243	987	270	0	52050
1588	55217	119	680	287	0	56303
1589	1414	222	56423	229	0	58288
1590	745	215	57880	260	0	59100
1591	406	440	1523	54539	0	56908
1592	296	152	796	52536	0	53780
1593	193	54934	415	1309	0	56851
1594	180	56519	345	697	0	57741
1595	175	1415	54423	308	0	56321
1596	51311	637	1066	316	0	53330
1597	54269	219	741	271	0	55500
1598	1483	260	53718	259	0	55720
1599	756	262	53965	210	0	55193
1600	360	334	1486	50805	0	52985
1601	220	54249	842	844	0	56155
1602	265	902	341	54727	0	56235
1603	284	602	236	55870	0	56992
1604	55548	186	227	1480	0	57441
1605	55888	139	223	811	0	57061
1606	1508	146	210	57005	0	58869
1607	779	256	57359	1051	0	59445
1608	53176	135	1004	808	0	55123
1609	1036	58115	819	349	0	60319
1610	58981	865	308	321	0	60475
1611	56603	602	272	307	0	57784
1612	1448	58378	307	287	0	60420
1613	763	59886	314	276	0	61239
1614	402	1437	262	58863	0	60964
1615	337	716	239	59136	0	60428
1616	229	59527	335	1476	0	61567
1617	350	985	205	59607	0	61147
1618	285	680	211	60354	0	61530
1619	245	378	59639	1661	0	61923
1620	57408	195	1131	948	0	59682
1621	60541	144	737	446	0	61868
1622	61435	143	323	392	0	62293
1623	1829	137	291	59671	0	61928
1624	59018	98	289	1150	0	60555
1625	1229	58318	375	806	0	60728
1626	996	1090	285	53313	0	55684
1627	414	57568	352	976	0	59310
1628	359	59991	318	682	0	61350
1629	59700	1424	328	395	0	61847
1630	59832	694	276	348	0	61150
1631	59482	253	223	336	0	60294
1632	59530	229	244	314	0	60317
1633	59183	196	228	310	0	59917
1634	1746	332	59152	258	0	61488
1635	57744	239	992	323	0	59298
1636	1337	281	61112	228	0	62958
1637	58362	189	1113	272	0	59936
1638	60016	164	780	296	0	61256
1639	59621	121	406	335	0	60483
1640	1676	314	62495	299	0	64784
1641	963	328	1016	58813	0	61120
1642	447	64408	855	872	0	66582
1643	65240	909	368	655	0	67172
1644	64580	600	289	346	0	65815
1645	1621	65764	385	285	0	68055
1646	67469	887	265	343	0	68964
1647	1223	623	317	64562	0	66725
1648	808	67422	384	982	0	69596
1649	67460	938	215	804	0	69417
1650	67875	673	229	412	0	69189
1651	1696	296	262	67453	0	69707
1652	68619	252	291	1078	0	70240
1653	1371	215	322	68944	0	70852
1654	1047	192	280	69614	0	71133
1655	598	354	68904	1555	0	71411
1656	612	272	998	67816	0	69698
1657	566	255	691	69458	0	70970
1658	467	397	69019	1563	0	71446
1659	424	343	68243	780	0	69790
1660	520	205	1341	68458	0	70524
1661	399	372	69756	1053	0	71580
1662	63034	224	1007	806	0	65071
1663	1035	70793	784	433	0	73045
1664	798	836	270	70712	0	72616
1665	437	592	221	72455	0	73705
1666	465	241	168	72764	0	73638
1667	72213	178	146	1462	0	73999
1668	71577	169	173	838	0	72757
1669	73170	166	160	442	0	73938
1670	1485	73044	258	348	0	75135
1671	993	844	126	73387	0	75350
1672	582	618	107	74264	0	75571
1673	73686	249	75	1364	0	75374
1674	73859	259	115	736	0	74969
1675	1552	251	108	73675	0	75586
1676	835	387	74023	973	0	76218
1677	71602	280	801	773	0	73456
1678	75113	202	546	414	0	76275
1679	1538	356	75827	339	0	78060
1680	68999	192	809	413	0	70413
1681	1117	256	77273	355	0	79001
1682	74293	149	863	323	0	75628
1683	987	837	578	76177	0	78579
1684	763	81052	334	790	0	82939
1685	580	829	83597	610	0	85616
1686	396	84365	940	302	0	86003
1687	336	80790	625	260	0	82011
1688	81470	1098	513	593	0	83674
1689	679	455	200	80715	0	82049
1690	379	67	53	79715	0	80214
1691	82713	40	73	926	0	83752
1692	507	60	67	84144	0	84778
1693	400	80	57	84198	0	84735
1694	197	46	52	84496	0	84791
1695	145	87	63	84146	0	84441
1696	121	262	83970	793	0	85146
1697	117	265	82164	415	0	82961
1698	86	83445	763	190	0	84484
1699	84956	445	352	290	0	86043
1700	522	305	61	87258	0	88146
1701	384	86022	199	556	0	87161
1702	171	554	79	92295	0	93099
1703	169	315	63	93116	0	93663
1704	174	98	57	93544	0	93873
1705	196	78	52	94362	0	94688
1706	181	96	43	93532	0	93852
1707	93	92114	181	890	0	93278
1708	144	491	46	93653	0	94334
1709	158	557	91369	656	0	92740
1710	148	91959	566	591	0	93264
1711	188	490	320	92630	0	93628
1712	186	341	64	92587	0	93178
1713	120	91136	211	805	0	92272
1714	125	92588	169	486	0	93368
1715	90496	668	92	341	0	91597
1716	455	91107	233	243	0	92038
1717	90091	435	91	300	0	90917
1718	89350	296	74	313	0	90033
1719	699	336	94931	250	0	96216
1720	420	161	440	90547	0	91568
1721	163	281	96501	611	0	97556
1722	116	98730	596	464	0	99906
1723	206	746	336	92513	0	93801
1724	173	334	81	99603	0	100191
1725	143	85	89	100977	0	101294
1726	130	99	84	101825	0	102138
1727	117	344	103258	941	0	104660
1728	176	91	494	102446	0	103207
1729	133	335	104435	649	0	105552
1730	178	371	103303	499	0	104351
1731	96760	105	869	519	0	98253
1732	107414	98	395	392	0	108299
1733	109202	81	128	354	0	109765
1734	861	107523	322	240	0	108946
1735	515	556	85	108715	0	109871
1736	210	716	113055	722	0	114703
1737	246	141	547	112277	0	113211
1738	295	448	117261	768	0	118772
1739	112449	153	618	690	0	113910
1740	115571	114	420	356	0	116461
1741	115559	96	157	338	0	116150
1742	987	370	112220	267	0	113844
1743	545	405	112403	265	0	113618
1744	277	215	879	114308	0	115679
1745	278	112	425	114327	0	115142
1746	216	63	121	117642	0	118042
1747	157	358	117322	925	0	118762
1748	170	382	109663	563	0	110778
1749	112474	119	865	425	0	113883
1750	585	96	416	122840	0	123937
1751	452	83	142	124176	0	124853
1752	126863	62	127	1150	0	128202
1753	631	80	118	126923	0	127752
1754	137169	70	153	1142	0	138534
1755	141757	79	143	819	0	142798
1756	140507	111	140	540	0	141298
1757	966	511	144322	366	0	146165
1758	483	143727	726	558	0	145494
1759	149445	555	409	534	0	150943
1760	738	381	154	149431	0	150704
1761	605	131	136	148579	0	149451
1762	170	150234	437	1027	0	151868
1763	149016	580	136	768	0	150500
1764	148914	445	138	545	0	150042
1765	151310	122	114	478	0	152024
1766	1022	153265	401	273	0	154961
1767	162015	609	115	610	0	163349
1768	162821	445	97	466	0	163829
1769	163893	123	113	426	0	164555
1770	1181	109	113	161207	0	162610
1771	659	117	125	163438	0	164339
1772	269	545	167377	1159	0	169350
1773	338	120	646	163915	0	165019
1774	324	102	442	167986	0	168854
1775	248	572	167538	1150	0	169508
1776	156504	128	618	839	0	158089
1777	169014	76	442	500	0	170032
1778	1124	148	180	167632	0	169084
1779	542	166199	436	764	0	167941
1780	279	168425	368	658	0	169730
1781	391	1135	159	165964	0	167649
1782	297	888	162551	764	0	164500
1783	452	341	537	157789	0	159119
1784	243	585	161791	825	0	163444
1785	226	596	163906	475	0	165203
1786	236	165	605	168398	0	169404
1787	170206	62	314	782	0	171364
1788	167689	66	143	724	0	168622
1789	754	79	127	173379	0	174339
1790	469	113	130	174864	0	175576
1791	291	95	124	175004	0	175514
1792	254	112	120	174567	0	175053
1793	174559	73	103	969	0	175704
1794	172357	90	126	743	0	173316
1795	172297	72	119	551	0	173039
1796	747	534	172542	302	0	174125
1797	534	106	404	171227	0	172271
1798	306	79	291	176044	0	176720
1799	174420	61	132	960	0	175573
1800	480	172481	493	484	0	173938
1801	172916	369	88	561	0	173934
1802	171944	282	124	511	0	172861
1803	170985	121	109	516	0	171731
1804	170370	88	132	458	0	171048
1805	868	574	175749	259	0	177450
1806	617	654	165286	191	0	166748
1807	180192	95	833	574	0	181694
1808	186346	68	405	450	0	187269
1809	185607	105	207	485	0	186404
1810	187696	94	189	513	0	188492
1811	994	703	197654	300	0	199651
1812	601	206673	1125	362	0	208761
1813	673	923	548	219960	0	222104
1814	230513	698	210	1891	0	233312
1815	234350	221	174	1384	0	236129
1816	249967	121	148	856	0	251092
1817	253946	120	166	627	0	254859
1818	256339	127	192	650	0	257308
1819	246195	163	414	633	0	247405
1820	4364	793	227076	546	0	232779
1821	2011	758	239409	237	0	242415
1822	1055	255	2689	237687	0	241686
1823	807	698	244652	2036	0	248193
1824	633	240255	2485	1475	0	244848
1825	606	245066	1847	666	0	248185
1826	902	3022	593	248606	0	253123
1827	673	2088	258440	2022	0	263223
1828	519	1171	248236	1510	0	251436
1829	243487	327	3332	912	0	248058
1830	274358	282	1741	687	0	277068
1831	4062	323	621	278518	0	283524
1832	283793	294	765	3276	0	288128
1833	3513	252	470	283236	0	287471
1834	2374	294	407	284945	0	288020
1835	1027	938	286831	4812	0	293608
1836	807	875	277034	2494	0	281210
1837	905	218	4643	277753	0	283519
1838	806	929	279554	3473	0	284762
1839	257526	233	3458	2904	0	264121
1840	280966	154	2186	1441	0	284747
1841	4956	287773	1447	997	0	295173
1842	291223	2981	659	1064	0	295927
1843	4095	2653	286878	692	0	294318
1844	281869	482	3545	862	0	286758
1845	291595	219	2330	998	0	295142
1846	295369	305	906	930	0	297510
1847	6217	394	641	282329	0	289581
1848	3116	289900	1306	3324	0	297646
1849	290924	3234	744	2533	0	297435
1850	290415	2073	711	1177	0	294376
1851	6403	743	672	291263	0	299081
1852	291086	363	609	4367	0	296425
1853	4771	295603	1080	3107	0	304561
1854	3565	3863	543	289355	0	297326
1855	1891	3028	284911	4519	0	294349
1856	242813	862	4514	3828	0	252017
1857	4949	1197	285089	1547	0	292782
1858	3730	844	4732	278756	0	288062
1859	1733	281650	3401	4510	0	291294
1860	1496	303925	1784	3205	0	310410
1861	1995	7173	1005	300109	0	310282
1862	4287	310475	1620	5265	0	321647
1863	2225	6537	1116	405387	0	415265
1864	2173	3717	1027	429685	0	436602
1865	2073	1619	1027	437818	0	442537
1866	413852	1248	912	14888	0	430900
1867	10350	1011	796	423884	0	436041
1868	6322	2058	413151	11584	0	433115
1869	3039	414870	9778	7017	0	434704
1870	413845	9306	4947	3357	0	431455
1871	11355	5192	1540	414914	0	433001
1872	7218	1831	1116	420969	0	431134
1873	3595	1390	1051	428193	0	434229
1874	2966	2398	412214	16181	0	433759
1875	2252	414029	10510	7996	0	434787
1876	413381	9638	5995	4040	0	433054
1877	10847	5734	2237	383863	0	402681
1878	6171	418819	2569	10513	0	438072
1879	415392	10238	1786	7132	0	434548
1880	10708	6724	415726	3469	0	436627
1881	408768	2640	10509	3425	0	425342
1882	11955	2933	424627	2711	0	442226
1883	7411	2893	423449	3056	0	436809
1884	3487	415926	15598	3834	0	438845
1885	3581	10417	6901	399910	0	420809
1886	3131	6506	406384	12335	0	428356
1887	2658	395116	12035	7847	0	417656
1888	3041	10497	7061	375552	0	396151
1889	2214	395448	4211	11355	0	413228
1890	2374	12122	392992	7318	0	414806
1891	2554	6772	10949	390469	0	410744
1892	2442	3846	399697	12566	0	418551
1893	2857	2673	11692	393841	0	411063
1894	2928	2274	7068	404210	0	416480
1895	2472	3073	395635	17268	0	418448
1896	2918	2286	11880	396957	0	414041
1897	382902	2162	7318	14183	0	406565
1898	10908	389173	4423	10295	0	414799
1899	7414	11331	389071	6140	0	413956
1900	378533	6650	11685	5577	0	402445
1901	12912	3286	7513	365044	0	388755
1902	8036	389332	4504	12256	0	414128
1903	393495	11331	3644	8552	0	417022
1904	401605	7500	3422	5003	0	417530
1905	17137	4056	3101	380450	0	404744
1906	9288	3308	2855	389173	0	404624
1907	4700	3030	2869	393088	0	403687
1908	4075	3156	2864	383440	0	393535
1909	3523	375768	3658	19987	0	402936
1910	4936	16182	3304	342864	0	367286
1911	3422	360476	3430	14303	0	381631
1912	3417	355268	3727	10535	0	372947
1913	2863	350928	4234	7039	0	365064
1914	4199	16256	326309	6144	0	352908
1915	3191	337344	12000	5967	0	358502
1916	309531	12088	8461	6766	0	336846
1917	10408	315160	4716	7352	0	337636
1918	7469	11504	3845	274483	0	297301
1919	4093	315019	4614	13364	0	337090
1920	4303	12129	3881	310092	0	330405
1921	4540	8383	3926	320378	0	337227
1922	4042	5937	310720	17077	0	337776
1923	295358	5489	11039	10752	0	322638
1924	311427	4990	7021	7681	0	331119
1925	308429	4533	4529	7453	0	324944
1926	14842	301135	5240	8318	0	329535
1927	8310	10871	4868	293326	0	317375
1928	4951	7899	290332	14726	0	317908
1929	4485	288102	12292	10317	0	315196
1930	5650	12504	7405	231153	0	256712
1931	4081	269752	5193	10521	0	289547
1932	265083	11282	4332	7563	0	288260
1933	269344	7964	4122	5280	0	286710
1934	273184	5053	4607	4888	0	287732
1935	270460	4357	5381	4491	0	284689
1936	14652	3948	5242	258325	0	282167
1937	8063	4417	4992	253262	0	270734
1938	4490	259863	5487	13882	0	283722
1939	4718	10599	4125	264041	0	283483
1940	3690	7857	257236	13270	0	282053
1941	3552	4811	9981	254965	0	273309
1942	2683	5387	251062	13362	0	272494
1943	2631	245201	10983	9891	0	268706
1944	2570	10922	249421	6924	0	269837
1945	3202	7455	11411	245748	0	267816
1946	2929	4874	250999	12676	0	271478
1947	3045	4456	10955	247763	0	266219
1948	3663	4282	7460	249570	0	264975
1949	4223	3966	4547	251616	0	264352
1950	4489	4063	4237	250443	0	263232
1951	238559	4213	3362	14940	0	261074
1952	9715	240329	3829	9452	0	263325
1953	234399	9865	2874	6733	0	253871
1954	9410	7401	228070	6234	0	251115
1955	224421	4539	8068	6118	0	243146
1956	232315	4107	4834	5938	0	247194
1957	13644	4483	223515	5486	0	247128
1958	9610	4091	217730	5143	0	236574
1959	5616	211899	10272	5681	0	233468
1960	4014	202899	5104	5690	0	217707
1961	5560	10329	185127	6228	0	207244
1962	3299	168005	6750	6255	0	184309
1963	5463	7541	3493	79715	0	96212
1964	70895	1229	1430	1840	0	75394
1965	1317	497	369	71014	0	73197
1966	71390	540	238	1398	0	73566
1967	71274	480	267	1073	0	73094
1968	1515	73037	454	634	0	75640
1969	72959	1028	256	649	0	74892
1970	73287	797	196	687	0	74967
1971	1546	591	213	71680	0	74030
1972	72655	431	173	1326	0	74585
1973	1144	73854	279	918	0	76195
1974	874	1090	186	73607	0	75757
1975	73604	768	212	1263	0	75847
1976	1050	582	72763	883	0	75278
1977	71535	297	778	429	0	73039
1978	1105	517	609	73153	0	75384
1979	777	389	73295	799	0	75260
1980	423	444	70454	669	0	71990
1981	68160	754	1404	436	0	70754
1982	70626	141	548	375	0	71690
1983	999	118	193	69901	0	71211
1984	580	98	121	70961	0	71760
1985	289	98	116	70132	0	70635
1986	198	71235	244	983	0	72660
1987	70871	577	135	705	0	72288
1988	667	71666	234	333	0	72900
1989	70922	613	158	327	0	72020
1990	756	640	70511	242	0	72149
1991	591	168	606	70966	0	72331
1992	72888	117	438	815	0	74258
1993	757	122	201	73218	0	74298
1994	619	100	155	71826	0	72700
1995	271	70881	252	1054	0	72458
1996	71037	598	131	692	0	72458
1997	724	75617	293	342	0	76976
1998	581	783	184	76255	0	77803
1999	325	736	75028	829	0	76918
2000	62808	211	787	861	0	64667
2001	877	343	73680	438	0	75338
2002	65792	164	835	395	0	67186
2003	899	73609	665	260	0	75433
2004	730	822	168	69397	0	71117
2005	263	72928	279	830	0	74300
2006	73104	860	148	698	0	74810
2007	981	589	142	73368	0	75080
2008	748	213	150	75042	0	76153
2009	369	407	72565	1340	0	74681
2010	64882	232	872	927	0	66913
2011	1022	172	575	74044	0	75813
2012	736	340	72870	987	0	74933
2013	364	72839	967	751	0	74921
2014	318	853	603	72959	0	74733
2015	73407	572	270	1076	0	75325
2016	945	234	219	74141	0	75539
2017	731	328	74170	1046	0	76275
2018	75295	144	896	836	0	77171
2019	1222	154	614	78507	0	80497
2020	834	342	87294	1223	0	89693
2021	477	157	1328	88228	0	90190
2022	388	198	811	86624	0	88021
2023	302	90070	449	2050	0	92871
2024	88798	1360	235	1178	0	91571
2025	1522	90570	392	507	0	92991
2026	90791	1504	217	519	0	93031
2027	1717	926	235	85874	0	88752
2028	1048	89748	377	1492	0	92665
2029	526	1454	197	89511	0	91688
2030	384	1194	87442	1743	0	90763
2031	83243	376	1429	1139	0	86187
2032	1605	335	855	86001	0	88796
2033	1183	228	301	85936	0	87648
2034	552	251	244	87086	0	88133
2035	389	382	83921	2543	0	87235
2036	383	400	83678	1423	0	85884
2037	384	84395	2319	622	0	87720
2038	436	1431	1004	81578	0	84449
2039	81647	891	378	1656	0	84572
2040	1451	83422	415	1229	0	86517
2041	1046	1550	284	85251	0	88131
2042	87069	950	280	1836	0	90135
2043	86961	416	277	1215	0	88869
2044	2436	87876	350	656	0	91318
2045	95060	1636	236	595	0	97527
2046	104508	1031	232	578	0	106349
2047	3177	513	271	107365	0	111326
2048	1654	109513	439	2574	0	114180
2049	880	2283	278	112442	0	115883
2050	110597	1525	244	2893	0	115259
2051	2654	788	111415	1895	0	116752
2052	1939	426	2316	110262	0	114943
2053	1019	435	1447	112764	0	115665
2054	691	631	110696	4122	0	116140
2055	681	483	2446	111480	0	115090
2056	110474	405	1596	3276	0	115751
2057	103187	399	760	2317	0	106663
2058	3765	335	528	109871	0	114499
2059	2024	491	108801	3188	0	114504
2060	971	536	106304	2463	0	110274
2061	715	106445	3853	1376	0	112389
2062	699	109912	2090	1096	0	113797
2063	1039	3606	704	105258	0	110607
2064	105086	1768	610	2868	0	110332
2065	2529	105699	763	2062	0	111053
2066	104969	2528	602	1154	0	109253
2067	2956	1721	617	103485	0	108779
2068	1992	841	512	103942	0	107287
2069	99718	656	431	4219	0	105024
2070	2750	100703	614	2354	0	106421
2071	101970	2566	403	1285	0	106224
2072	3113	1983	98197	1045	0	104338
2073	2045	955	97366	928	0	101294
2074	1171	789	3548	93983	0	99491
2075	906	738	96749	2922	0	101315
2076	877	669	95407	1993	0	98946
2077	957	618	3627	89761	0	94963
2078	809	638	93646	2811	0	97904
2079	869	405	2934	90552	0	94760
2080	814	400	1966	91984	0	95164
2081	665	537	93033	4072	0	98307
2082	749	411	2816	91021	0	94997
2083	759	475	2005	87803	0	91042
2084	670	89156	1184	3974	0	94984
2085	89034	2335	870	2373	0	94612
2086	2551	1764	89117	1398	0	94830
2087	1770	678	2628	88180	0	93256
2088	929	556	1906	90701	0	94092
2089	687	690	87970	4235	0	93582
2090	81822	562	2609	2726	0	87719
2091	2583	87090	1992	1615	0	93280
2092	2021	2399	969	86312	0	91701
2093	1106	1667	809	85744	0	89326
2094	748	86800	1004	4180	0	92732
2095	813	2531	86448	2585	0	92377
2096	706	88110	2931	1543	0	93290
2097	83140	2819	1999	1363	0	89321
2098	2467	1897	82775	1178	0	88317
2099	1818	941	2542	81773	0	87074
2100	906	832	83852	2933	0	88523
2101	756	786	83686	2299	0	87527
2102	658	82477	3839	1341	0	88315
2103	1058	2404	2074	77826	0	83362
2104	79896	1563	1070	2628	0	85157
2105	80400	771	957	1992	0	84120
2106	3217	80442	1157	1335	0	86151
2107	1835	2186	903	80888	0	85812
2108	80532	1572	909	2730	0	85743
2109	81683	799	819	2067	0	85368
2110	3345	80920	967	1307	0	86539
2111	82924	2166	776	1084	0	86950
2112	2765	1482	754	78846	0	83847
2113	1832	82351	935	2565	0	87683
2114	1182	2224	766	84091	0	88263
2115	1039	1757	696	84405	0	87897
2116	1060	1186	644	85403	0	88293
2117	892	859	81925	3773	0	87449
2118	844	805	76378	2130	0	80157
2119	733	76446	3122	1262	0	81563
2120	66374	1668	1731	962	0	70735
2121	1612	66231	788	1003	0	69634
2122	1267	1578	614	64201	0	67660
2123	607	1211	66917	1898	0	70633
2124	618	649	1716	64421	0	67404
2125	544	511	1317	66998	0	69370
2126	492	576	669	68539	0	70276
2127	66760	524	549	2547	0	70380
2128	1534	508	515	67913	0	70470
2129	1057	557	70755	2085	0	74454
2130	67263	404	1677	1672	0	71016
2131	70417	363	1233	1058	0	73071
2132	72385	357	628	937	0	74307
2133	72756	303	496	926	0	74481
2134	72648	324	472	851	0	74295
2135	2455	71021	657	837	0	74970
2136	1494	1364	511	66698	0	70067
2137	860	70850	633	1601	0	73944
2138	70482	1424	416	1251	0	73573
2139	70150	941	433	821	0	72345
2140	68002	482	390	701	0	69575
2141	2195	66594	511	634	0	69934
2142	1143	64784	520	553	0	67000
2143	746	65693	419	517	0	67375
2144	937	2007	63086	531	0	66561
2145	1264	4840	1288	50562	0	57954
2146	257	45652	468	479	0	46856
2147	73	40569	149	191	0	40982
2148	108	231	112	39741	0	40192
2149	52	106	34	39734	0	39926
2150	45	126	40074	269	0	40514
2151	38290	57	187	211	0	38745
2152	218	31	115	42495	0	42859
2153	186	55	39	42797	0	43077
2154	74	137	42366	367	0	42944
2155	71	150	40957	207	0	41385
2156	53	44161	381	90	0	44685
2157	74	211	153	44780	0	45218
2158	75	171	46	45064	0	45356
2159	73	145	44009	406	0	44633
2160	39892	50	214	242	0	40398
2161	43853	47	146	135	0	44181
2162	343	172	45009	126	0	45650
2163	43664	56	229	173	0	44122
2164	280	153	45966	113	0	46512
2165	45105	53	258	126	0	45542
2166	46590	31	176	129	0	46926
2167	439	161	47926	91	0	48617
2168	238	61	257	47427	0	47983
2169	147	51	209	48408	0	48815
2170	112	36	63	50565	0	50776
2171	50135	54	69	540	0	50798
2172	49625	60	64	340	0	50089
2173	504	147	51827	125	0	52603
2174	272	157	49398	161	0	49988
2175	52093	66	553	232	0	52944
2176	55349	41	294	173	0	55857
2177	651	148	54866	146	0	55811
2178	358	154	54537	96	0	55145
2179	176	42	642	55216	0	56076
2180	140	147	57284	453	0	58024
2181	140	54	457	54674	0	55325
2182	57080	28	330	548	0	57986
2183	602	169	61224	340	0	62335
2184	57209	42	701	251	0	58203
2185	778	182	68676	282	0	69918
2186	543	50	873	67933	0	69399
2187	218	46	532	72531	0	73327
2188	221	74	164	72684	0	73143
2189	148	73963	234	1498	0	75843
2190	236	969	132	71076	0	72413
2191	247	504	109	74780	0	75640
2192	73419	84	134	1525	0	75162
2193	1044	205	73200	659	0	75108
2194	68082	53	1015	349	0	69499
2195	1092	186	73265	197	0	74740
2196	63989	87	1047	345	0	65468
2197	1070	71625	718	333	0	73746
2198	658	985	72149	207	0	73999
2199	251	589	72403	138	0	73381
2200	280	271	1501	65612	0	67664
2201	219	55	633	72330	0	73237
2202	158	149	72887	1416	0	74610
2203	173	172	72572	602	0	73519
2204	165	197	79789	228	0	80379
2205	81218	47	1529	350	0	83144
2206	84000	40	700	301	0	85041
2207	84539	45	259	248	0	85091
2208	1561	46	221	82896	0	84724
2209	744	45	201	84029	0	85019
2210	293	229	87635	1585	0	89742
2211	263	81	1068	85689	0	87101
2212	263	84	694	86193	0	87234
2213	86441	51	260	1635	0	88387
2214	86254	74	207	891	0	87426
2215	88386	57	171	479	0	89093
2216	1631	85	205	87290	0	89211
2217	802	76	229	87851	0	88958
2218	348	59	225	88417	0	89049
2219	87110	45	220	1696	0	89071
2220	1206	82	278	84130	0	85696
2221	749	86709	351	1079	0	88888
2222	453	958	259	82961	0	84631
2223	262	84577	449	1028	0	86316
2224	84662	988	297	750	0	86697
2225	82233	551	300	465	0	83549
2226	1437	84247	469	400	0	86553
2227	712	85775	422	402	0	87311
2228	422	1510	288	84685	0	86905
2229	309	748	82322	1167	0	84546
2230	385	193	1142	80281	0	82001
2231	321	309	82896	1405	0	84931
2232	325	82933	1279	987	0	85524
2233	437	992	728	83369	0	85526
2234	431	604	315	84648	0	85998
2235	354	376	87882	1756	0	90368
2236	432	147	1177	87657	0	89413
2237	337	308	90292	1439	0	92376
2238	87264	118	1289	1072	0	89743
2239	91211	133	811	581	0	92736
2240	92348	134	333	594	0	93409
2241	1837	154	311	90516	0	92818
2242	994	134	312	91356	0	92796
2243	439	339	92622	1929	0	95329
2244	484	458	1230	88410	0	90582
2245	398	91277	927	1471	0	94073
2246	456	1235	91501	975	0	94167
2247	460	789	90084	562	0	91895
2248	519	388	1658	84199	0	86764
2249	415	378	91507	1349	0	93649
2250	423	423	90704	1009	0	92559
2251	79912	235	1595	850	0	82592
2252	1146	100372	1028	619	0	103165
2253	104510	993	423	764	0	106690
2254	104993	648	346	718	0	106705
2255	107316	252	332	776	0	108676
2256	1746	189	430	106642	0	109007
2257	1027	180	357	108582	0	110146
2258	544	522	108377	1846	0	111289
2259	615	234	1160	105924	0	107933
2260	418	109466	1067	1298	0	112249
2261	109457	957	502	1030	0	111946
2262	1138	110771	679	575	0	113163
2263	757	111675	633	639	0	113704
2264	521	1572	460	110986	0	113539
2265	486	994	112890	1325	0	115695
2266	500	299	1154	111569	0	113522
2267	466	539	112673	1432	0	115110
2268	423	111699	1371	981	0	114474
2269	111535	866	814	728	0	113943
2270	112557	541	403	637	0	114138
2271	115592	177	424	770	0	116963
2272	1557	545	120975	570	0	123647
2273	893	542	114513	552	0	116500
2274	118289	176	1411	734	0	120610
2275	105715	193	17920	681	0	124509
2276	124018	176	374	656	0	125224
2277	1428	177	299	122927	0	124831
2278	904	161	235	125326	0	126626
2279	125151	140	243	1549	0	127083
2280	123260	134	286	1051	0	124731
2281	1380	635	127225	556	0	129796
2282	744	565	121851	410	0	123570
2283	116620	134	731	620	0	118105
2284	671	548	124029	409	0	125657
2285	113668	111	752	478	0	115009
2286	391	536	118995	251	0	120173
2287	343	320	234	114133	0	115030
2288	176	497	121284	232	0	122189
2289	205	111	151	121342	0	121809
2290	155	59	119	123628	0	123961
2291	89	126230	397	408	0	127124
2292	125545	115	72	521	0	126253
2293	185	648	128647	198	0	129678
2294	118440	114	207	427	0	119188
2295	185	131078	462	193	0	131918
2296	136033	143	86	406	0	136668
2297	275	142	66	135719	0	136202
2298	259	81	79	136811	0	137230
2299	114	140918	403	455	0	141890
2300	212	236	77	145642	0	146167
2301	167	218	68	146408	0	146861
2302	167	93	72	147495	0	147827
2303	143015	54	73	961	0	144103
2304	135597	70	87	659	0	136413
2305	736	571	134884	276	0	136467
2306	395	136561	694	277	0	137927
2307	238	427	331	139215	0	140211
2308	200	362	103	143469	0	144134
2309	160	611	144401	933	0	146105
2310	243	80	623	139882	0	140828
2311	142699	58	400	1002	0	144159
2312	143527	60	105	803	0	144495
2313	145535	74	124	513	0	146246
2314	1281	111	103	147276	0	148771
2315	153525	57	85	1316	0	154983
2316	153266	66	98	913	0	154343
2317	155944	70	135	520	0	156669
2318	1369	117	101	155543	0	157130
2319	786	90	97	157261	0	158234
2320	382	100	98	158067	0	158647
2321	331	90	100	156412	0	156933
2322	287	67	84	156640	0	157078
2323	228	554	153904	1374	0	156060
2324	323	560	151847	810	0	153540
2325	285	150171	1378	402	0	152236
2326	374	755	558	154452	0	156139
2327	311	494	174	156242	0	157221
2328	315	123	85	157400	0	157923
2329	299	575	155044	1532	0	157450
2330	338	103	796	153378	0	154615
2331	230	561	155331	1201	0	157323
2332	265	94	898	154309	0	155566
2333	344	599	163205	1233	0	165381
2334	142	163962	1144	1132	0	166380
2335	315	907	545	162583	0	164350
2336	236	1138	159921	1271	0	162566
2337	134577	281	1052	1366	0	137276
2338	896	162368	1027	536	0	164827
2339	768	890	199	163921	0	165778
2340	208	165693	456	1232	0	167589
2341	276	1063	173	164702	0	166214
2342	166385	585	183	1413	0	168566
2343	1129	219	176	163956	0	165480
2344	646	165540	573	1289	0	168048
2345	166435	980	171	1114	0	168700
2346	1185	685	192	168378	0	170440
2347	821	381	136	171718	0	173056
2348	173358	166	187	2329	0	176040
2349	1551	165	184	185421	0	187321
2350	1292	130	140	230350	0	231912
2351	506	877	237366	4909	0	243658
2352	395	803	232851	2102	0	236151
2353	661	214	5811	229646	0	236332
2354	480	661	234436	4287	0	239864
2355	370	952	228620	2466	0	232408
2356	208941	161	6323	1609	0	217034
2357	4507	646	237430	898	0	243481
2358	2177	237487	5617	754	0	246035
2359	1151	4286	2426	237383	0	245246
2360	245063	2031	1106	4827	0	253027
2361	250910	691	737	2843	0	255181
2362	249396	306	584	1562	0	251848
2363	7150	248234	1311	995	0	257690
2364	3405	4762	657	244709	0	253533
2365	1486	2332	682	251025	0	255525
2366	237515	867	876	7435	0	246693
2367	247329	416	663	3697	0	252105
2368	248157	359	765	1828	0	251109
2369	7636	976	249087	1132	0	258831
2370	3491	248296	5871	1241	0	258899
2371	1503	280689	3730	1350	0	287272
2372	1683	8515	1481	270388	0	282067
2373	1466	3837	830	286560	0	292693
2374	1274	1754	285405	10138	0	298571
2375	275302	736	7319	5148	0	288505
2376	289594	784	4046	2376	0	296800
2377	10725	942	1737	284864	0	298268
2378	5430	684	929	289630	0	296673
2379	2894	508	715	292865	0	296982
2380	285078	485	906	11724	0	298193
2381	8443	1194	278669	5615	0	293921
2382	4902	1343	282845	2720	0	291810
2383	2560	857	10549	275484	0	289450
2384	1483	1466	280190	8558	0	291697
2385	270539	638	8470	5398	0	285045
2386	279244	439	4613	2983	0	287279
2387	282361	395	2347	2226	0	287329
2388	12044	268584	2287	1889	0	284804
2389	272560	6978	1332	1932	0	282802
2390	9462	4007	1175	265873	0	280517
2391	5517	1694	1144	269112	0	277467
2392	3166	803	1263	276104	0	281336
2393	2105	1274	264424	12657	0	280460
2394	2432	919	8084	252247	0	263682
2395	2062	261449	5524	9155	0	278190
2396	253154	6887	2537	5826	0	268404
2397	7852	261422	2309	4239	0	275822
2398	5498	8537	256680	3019	0	273734
2399	3237	259219	8531	2495	0	273482
2400	250254	8259	5035	2570	0	266118
2401	8033	254048	3548	2581	0	268210
2402	5826	8450	2517	211711	0	228504
2403	2785	252338	2836	7246	0	265205
2404	250299	8167	2258	4870	0	265594
2405	254523	4617	2074	3018	0	264232
2406	238187	2405	2349	2759	0	245700
2407	11936	2562	247634	2137	0	264269
2408	6490	2367	247524	2134	0	258515
2409	3932	2394	247025	2346	0	255697
2410	240000	1926	11848	2400	0	256174
2411	9258	1928	6252	237262	0	254700
2412	6058	1598	3215	242544	0	253415
2413	3783	2180	236548	11222	0	253733
2414	3274	1770	7954	237845	0	250843
2415	227768	1750	4885	9548	0	243951
2416	8390	229506	3625	6046	0	247567
2417	234535	7294	2210	3618	0	247657
2418	10021	5085	230193	2425	0	247724
2419	232603	2609	8089	2338	0	245639
2420	237631	2069	5205	2440	0	247345
2421	239525	2019	3221	2533	0	247298
2422	12718	2410	229262	2586	0	246976
2423	8258	1635	7851	227353	0	245097
2424	5027	1781	231610	8522	0	246940
2425	4575	1309	8699	231587	0	246170
2426	3744	1871	233134	9170	0	247919
2427	3937	1496	9109	228908	0	243450
2428	3688	1454	5593	235605	0	246340
2429	230959	1322	3190	11681	0	247152
2430	234243	1259	2581	6783	0	244866
2431	237642	956	2837	4085	0	245520
2432	13094	1101	2915	218368	0	235478
2433	7238	209822	3196	8407	0	228663
2434	4511	222603	2979	5921	0	236014
2435	219856	9485	2176	3687	0	235204
2436	9202	5368	217473	2942	0	234985
2437	217757	2296	7936	2865	0	230854
2438	9798	2095	217026	2737	0	231656
2439	219869	1722	8514	2800	0	232905
2440	208497	1581	5350	3102	0	218530
2441	11420	1732	219736	2877	0	235765
2442	221562	1107	8185	3155	0	234009
2443	224141	1214	5245	2727	0	233327
2444	225051	1383	3279	2310	0	232023
2445	12718	220951	3015	2562	0	239246
2446	7630	9164	2608	216204	0	235606
2447	4380	4743	217651	7805	0	234579
2448	4172	2646	219822	4917	0	231557
2449	3638	202662	10116	3111	0	219527
2450	2439	159740	4502	1647	0	168328
2451	4333	4844	3543	140280	0	153000
2452	139226	2465	1656	3913	0	147260
2453	4377	141365	1523	2875	0	150140
2454	3718	3738	1092	135065	0	143613
2455	2375	142331	1325	3516	0	149547
2456	140638	3963	951	2509	0	148061
2457	4555	2804	966	137160	0	145485
2458	3218	1804	135011	3810	0	143843
2459	2049	130874	3873	2754	0	139550
2460	1589	131781	2909	1625	0	137904
2461	1879	4614	1601	115337	0	123431
2462	1478	127428	1476	2800	0	133182
2463	1747	3831	1018	124932	0	131528
2464	125371	2537	911	3707	0	132526
2465	124821	1568	855	2495	0	129739
2466	130550	1131	841	1524	0	134046
2467	130723	1060	970	1449	0	134202
2468	5563	1296	128196	1164	0	136219
2469	3353	122652	3148	969	0	130122
2470	1861	121713	2288	964	0	126826
2471	889	97522	745	487	0	99643
2472	611	94730	663	408	0	96412
2473	86983	2057	1987	655	0	91682
2474	84805	730	404	352	0	86291
2475	86768	268	188	320	0	87544
2476	86921	199	151	282	0	87553
2477	1547	432	85549	137	0	87665
2478	90140	212	909	380	0	91641
2479	93073	178	614	270	0	94135
2480	94652	188	198	254	0	95292
2481	1754	175	133	93146	0	95208
2482	1002	173	150	94078	0	95403
2483	94976	167	152	1536	0	96831
2484	1217	207	142	93684	0	95250
2485	816	94007	338	1152	0	96313
2486	479	1015	133	95877	0	97504
2487	412	675	126	95204	0	96417
2488	324	96272	311	1563	0	98470
2489	424	987	160	96482	0	98053
2490	381	692	124	96890	0	98087
2491	94617	296	106	1641	0	96660
2492	1111	481	91986	820	0	94398
2493	89471	228	925	515	0	91139
2494	1234	432	92368	376	0	94410
2495	880	382	89210	275	0	90747
2496	411	424	91297	278	0	92410
2497	87782	203	1526	349	0	89860
2498	1175	386	96049	256	0	97866
2499	92948	290	1166	417	0	94821
2500	95923	209	656	327	0	97115
2501	96632	159	295	337	0	97423
2502	1520	96264	306	265	0	98355
2503	97013	938	167	338	0	98456
2504	1112	98591	278	267	0	100248
2505	864	1032	161	98840	0	100897
2506	502	638	137	98113	0	99390
2507	364	98173	322	1425	0	100284
2508	344	99129	292	753	0	100518
2509	371	101398	283	375	0	102427
2510	99949	1449	161	344	0	101903
2511	1123	102412	332	261	0	104128
2512	102628	1065	149	402	0	104244
2513	1270	1031	100210	265	0	102776
2514	99152	409	948	326	0	100835
2515	103144	273	612	375	0	104404
2516	1738	529	100238	236	0	102741
2517	1083	276	934	99439	0	101732
2518	562	495	102075	1150	0	104282
2519	575	233	1010	101146	0	102964
2520	500	218	695	103001	0	104414
2521	102833	236	265	1632	0	104966
2522	102749	233	269	958	0	104209
2523	1610	102488	387	485	0	104970
2524	104291	1025	182	486	0	105984
2525	1314	1025	104228	303	0	106870
2526	102978	330	1009	562	0	104879
2527	1475	521	109414	328	0	111738
2528	1078	536	107672	256	0	109542
2529	109830	238	1756	456	0	112280
2530	114261	240	945	371	0	115817
2531	2035	544	116422	403	0	119404
2532	1220	279	1375	109793	0	112667
2533	662	255	909	117522	0	119348
2534	561	497	115881	1926	0	118865
2535	603	311	1294	111447	0	113655
2536	605	111834	1149	1286	0	114874
2537	688	1247	407	117765	0	120107
2538	704	892	299	117099	0	118994
2539	667	697	113768	1812	0	116944
2540	102042	331	1378	1238	0	104989
2541	111803	267	921	589	0	113580
2542	111318	219	381	538	0	112456
2543	109827	213	361	571	0	110972
2544	2303	107616	559	442	0	110920
2545	1489	1187	323	104332	0	107331
2546	869	1072	103171	1328	0	106440
2547	738	610	101714	988	0	104050
2548	751	496	1769	99042	0	102058
2549	594	536	101925	1455	0	104510
2550	96889	226	1282	1086	0	99483
2551	1426	253	840	101373	0	103892
2552	1051	237	378	102264	0	103930
2553	545	245	315	102324	0	103429
2554	99849	205	329	2115	0	102498
2555	1223	100359	543	1181	0	103306
2556	99953	1094	296	743	0	102086
2557	99445	695	325	628	0	101093
2558	1859	97868	573	478	0	100778
2559	1063	98996	595	390	0	101044
2560	100352	1478	431	496	0	102757
2561	1443	761	513	99941	0	102658
2562	1107	230	501	99900	0	101738
2563	102088	168	520	1726	0	104502
2564	1520	503	101274	896	0	104193
2565	98953	212	1390	537	0	101092
2566	102085	185	890	487	0	103647
2567	2105	104312	570	407	0	107394
2568	110058	1169	263	462	0	111952
2569	108379	813	294	531	0	110017
2570	2218	123756	474	427	0	126875
2571	1011	126809	428	416	0	128664
2572	1043	2602	277	122285	0	126207
2573	124159	1150	164	1886	0	127359
2574	1741	128293	396	1138	0	131568
2575	1270	1896	133	130192	0	133491
2576	132519	1117	141	2243	0	136020
2577	2250	720	131231	1278	0	135479
2578	1571	227	2037	129806	0	133641
2579	531	548	131877	2333	0	135289
2580	124252	210	2329	1542	0	128333
2581	131685	182	1333	694	0	133894
2582	3389	449	131182	454	0	135474
2583	1608	129728	2526	524	0	134386
2584	732	2098	1362	130821	0	135013
2585	478	1541	132924	2239	0	137182
2586	565	373	2292	132129	0	135359
2587	555	251	1371	136857	0	139034
2588	417	560	134492	3453	0	138922
2589	126181	217	2345	1998	0	130741
2590	134628	199	1399	767	0	136993
2591	3547	456	135632	515	0	140150
2592	1655	135529	2657	725	0	140566
2593	810	2352	1465	127462	0	132089
2594	489	134862	813	2191	0	138355
2595	478	137085	663	1415	0	139641
2596	135288	3453	393	798	0	139932
2597	2631	1626	316	135430	0	140003
2598	1729	537	303	134694	0	137263
2599	700	634	134618	3606	0	139558
2600	510	650	133687	1754	0	136601
2601	644	344	3597	131013	0	135598
2602	698	328	1687	135888	0	138601
2603	486	652	133850	3760	0	138748
2604	527	672	133982	2052	0	137233
2605	608	399	3791	133000	0	137798
2606	134868	384	1906	2991	0	140149
2607	2618	137175	972	2177	0	142942
2608	137799	2649	563	992	0	142003
2609	3013	138595	775	768	0	143151
2610	1911	140594	744	827	0	144076
2611	137423	3993	484	812	0	142712
2612	3010	2240	138676	659	0	144585
2613	2192	707	2915	137191	0	143005
2614	1041	572	1901	141608	0	145122
2615	944	497	725	151087	0	153253
2616	737	882	150181	4979	0	156779
2617	901	535	3401	152104	0	156941
2618	153996	485	2208	4014	0	160703
2619	3687	499	878	157038	0	162102
2620	2559	433	710	163222	0	166924
2621	161934	459	693	5859	0	168945
2622	160105	454	662	3193	0	164414
2623	5449	159224	1078	1561	0	167312
2624	2866	3752	161315	1027	0	168960
2625	1265	2363	158970	941	0	163539
2626	895	1012	161913	1024	0	164844
2627	820	153010	5997	1070	0	160897
2628	1244	3594	3013	146860	0	154711
2629	950	2162	1007	152355	0	156474
2630	150731	815	859	5389	0	157794
2631	3814	585	843	149402	0	154644
2632	2393	808	148041	4319	0	155561
2633	1145	503	3873	148938	0	154459
2634	915	521	2546	150095	0	154077
2635	828	715	147975	5873	0	155391
2636	741	146230	4073	3317	0	154361
2637	1320	3534	2597	124491	0	131942
2638	697	146766	1549	3615	0	152627
2639	846	3947	146265	2644	0	153702
2640	143545	2243	3982	1452	0	151222
2641	147880	1002	2579	1292	0	152753
2642	150108	732	1206	1288	0	153334
2643	5874	778	967	142418	0	150037
2644	2756	146911	1278	3973	0	154918
2645	146121	3711	961	2814	0	153607
2646	148951	2317	1003	1477	0	153748
2647	148566	920	948	1471	0	151905
2648	5877	903	144996	1404	0	153180
2649	141125	597	3828	1432	0	146982
2650	4179	144210	2828	1267	0	152484
2651	143213	3548	1155	1272	0	149188
2652	4112	145438	1282	1354	0	152186
2653	146490	3790	1021	1261	0	152562
2654	4372	2587	146926	1113	0	154998
2655	146151	923	3825	1174	0	152073
2656	150550	740	2526	1166	0	154982
2657	132644	901	1417	1309	0	136271
2658	152030	748	887	1072	0	154737
2659	6057	1091	147150	1045	0	155343
2660	3541	740	3733	145395	0	153409
2661	145057	666	2520	3967	0	152210
2662	4201	144926	1543	2866	0	153536
2663	3119	3458	914	142784	0	150275
2664	1631	2405	141840	3918	0	149794
2665	1717	1565	3620	142113	0	149015
2666	1351	874	143107	4180	0	149512
2667	1149	135732	4158	2983	0	144022
2668	1143	129719	2661	1476	0	134999
2669	1188	131564	1389	1189	0	135330
2670	1677	4834	845	111795	0	119151
2671	1174	1883	682	111998	0	115737
2672	898	783	109003	3760	0	114444
2673	761	105234	2640	1901	0	110536
2674	98533	2215	1537	917	0	103202
2675	2186	96560	844	681	0	100271
2676	1478	95913	689	613	0	98693
2677	2155	2918	722	91073	0	96868
2678	90946	1395	518	2078	0	94937
2679	92117	573	484	1540	0	94714
2680	3008	462	464	90782	0	94716
2681	91190	434	401	2046	0	94071
2682	2185	462	451	90465	0	93563
2683	1438	641	88946	2173	0	93198
2684	87769	441	1846	1548	0	91604
2685	2189	501	1235	88129	0	92054
2686	1473	570	86525	1922	0	90490
2687	772	644	85359	1383	0	88158
2688	866	437	2577	85324	0	89204
2689	87070	384	1441	2016	0	90911
2690	86879	402	610	1395	0	89286
2691	2733	87338	626	672	0	91369
2692	90138	1784	451	701	0	93074
2693	89978	1230	429	628	0	92265
2694	90997	500	465	603	0	92565
2695	2918	90660	612	557	0	94747
2696	91923	1668	398	633	0	94622
2697	92868	1107	351	550	0	94876
2698	3051	521	303	91197	0	95072
2699	88757	351	352	1774	0	91234
2700	2068	87595	498	1223	0	91384
2701	1460	89660	533	592	0	92245
2702	951	2297	352	88124	0	91724
2703	874	1241	331	87535	0	89981
2704	735	89114	539	2207	0	92595
2705	87902	1496	300	1186	0	90884
2706	1764	86494	466	543	0	89267
2707	83916	1434	277	427	0	86054
2708	1732	86108	436	390	0	88666
2709	1382	1542	222	80524	0	83670
2710	729	87520	378	1247	0	89874
2711	86679	1565	981	1055	0	90280
2712	86231	1014	461	552	0	88258
2713	85942	514	575	538	0	87569
2714	2310	522	82560	366	0	85758
2715	1104	448	75705	293	0	77550
2716	452	73975	1315	374	0	76116
2717	484	1013	71489	327	0	73313
2718	375	844	68293	303	0	69815
2719	365	1208	1030	59154	0	61757
2720	231	307	63308	514	0	64360
2721	171	63682	500	486	0	64839
2722	63147	381	331	209	0	64068
2723	394	63210	240	179	0	64023
2724	351	63936	195	143	0	64625
2725	66149	603	92	295	0	67139
2726	67051	346	106	259	0	67762
2727	602	69839	203	184	0	70828
2728	70817	422	118	245	0	71602
2729	70075	335	111	218	0	70739
2730	70233	136	91	214	0	70674
2731	699	319	68641	126	0	69785
2732	400	373	68172	155	0	69100
2733	251	192	564	69325	0	70332
2734	244	143	290	71643	0	72320
2735	72394	127	77	670	0	73268
2736	481	71449	219	360	0	72509
2737	430	473	104	73104	0	74111
2738	241	315	93	74087	0	74736
2739	239	136	105	74971	0	75451
2740	234	102	102	75186	0	75624
2741	192	352	74268	884	0	75696
2742	192	324	73376	471	0	74363
2743	265	109	744	76023	0	77141
2744	207	284	77880	605	0	78976
2745	73702	108	673	533	0	75016
2746	719	122	428	79085	0	80354
2747	467	313	79405	680	0	80865
2748	70842	102	657	681	0	72282
2749	669	79167	587	220	0	80643
2750	79208	584	159	246	0	80197
2751	689	81798	261	199	0	82947
2752	507	688	114	80134	0	81443
2753	230	578	80712	672	0	82192
2754	243	186	602	77200	0	78231
2755	185	290	77833	767	0	79075
2756	75094	145	663	501	0	76403
2757	700	140	379	79381	0	80600
2758	80166	97	182	769	0	81214
2759	732	305	79450	488	0	80975
2760	80068	107	652	331	0	81158
2761	88300	83	425	261	0	89069
2762	1286	341	89320	175	0	91122
2763	719	147	864	87793	0	89523
2764	284	308	90448	877	0	91917
2765	204	90073	1011	591	0	91879
2766	89764	814	757	359	0	91694
2767	89620	473	291	267	0	90651
2768	1292	324	91188	191	0	92995
2769	643	286	90250	169	0	91348
2770	357	114	1265	88607	0	90343
2771	244	119	606	91456	0	92425
2772	91666	95	212	1294	0	93267
2773	882	92186	394	592	0	94054
2774	93879	776	202	332	0	95189
2775	93636	451	196	342	0	94625
2776	1285	352	91606	277	0	93520
2777	86208	106	908	353	0	87575
2778	1003	336	92947	216	0	94502
2779	799	141	891	93143	0	94974
2780	357	336	98230	889	0	99812
2781	378	92	953	97173	0	98596
2782	301	279	98571	922	0	100073
2783	94364	112	1020	715	0	96211
2784	98239	68	636	351	0	99294
2785	1363	75	268	97827	0	99533
2786	100113	101	386	1119	0	101719
2787	1063	126	250	101490	0	102929
2788	674	103231	464	1005	0	105374
2789	103286	729	235	738	0	104988
2790	986	103250	409	360	0	105005
2791	739	844	239	103238	0	105060
2792	443	493	199	101617	0	102752
2793	390	184	202	101278	0	102054
2794	367	148	176	100678	0	101369
2795	293	460	97511	1397	0	99661
2796	85790	172	896	954	0	87812
2797	96008	144	514	502	0	97168
2798	1344	96774	429	443	0	98990
2799	742	750	180	97379	0	99051
2800	397	460	205	98342	0	99404
2801	328	453	95849	1349	0	97979
2802	91273	134	894	765	0	93066
2803	1039	163	580	96032	0	97814
2804	662	371	95520	975	0	97528
2805	92551	127	878	875	0	94431
2806	96828	106	586	533	0	98053
2807	97161	110	316	502	0	98089
2808	1387	318	94905	358	0	96968
2809	730	322	90338	407	0	91797
2810	90564	136	1131	345	0	92176
2811	995	120	590	93775	0	95480
2812	711	135	249	96328	0	97423
2813	402	392	95472	1180	0	97446
2814	89297	109	817	758	0	90981
2815	948	96	514	96596	0	98154
2816	99457	90	270	1141	0	100958
2817	99406	105	246	811	0	100568
2818	99483	102	211	519	0	100315
2819	1411	409	101816	370	0	104006
2820	811	93	895	101064	0	102863
2821	101637	77	603	1238	0	103555
2822	1043	104346	512	740	0	106641
2823	894	844	211	105975	0	107924
2824	530	529	200	106503	0	107762
2825	103793	142	207	1648	0	105790
2826	102413	102	245	955	0	103715
2827	1619	112	203	100830	0	102764
2828	872	399	99914	1105	0	102290
2829	96266	117	995	966	0	98344
2830	1269	373	103220	440	0	105302
2831	102427	100	1148	441	0	104116
2832	104387	66	794	451	0	105698
2833	1842	371	104932	319	0	107464
2834	1096	205	1155	104763	0	107219
2835	483	426	111656	1346	0	113911
2836	422	119516	1539	964	0	122441
2837	616	1559	896	112433	0	115504
2838	355	122941	524	1405	0	125225
2839	493	1511	229	124241	0	126474
2840	403	1260	127642	1744	0	131049
2841	326	129709	1927	1277	0	133239
2842	312	134243	1352	452	0	136359
2843	663	3150	439	133262	0	137514
2844	134952	1261	230	2034	0	138477
2845	1997	298	187	148295	0	150777
2846	150488	182	224	2589	0	153483
2847	2451	154113	534	1733	0	158831
2848	173826	2442	204	644	0	177116
2849	3267	2045	181318	382	0	187012
2850	2185	384	3048	178401	0	184018
2851	798	237	1888	180318	0	183241
2852	469	607	178939	4923	0	184938
2853	168080	246	3158	2500	0	173984
2854	176733	272	1971	722	0	179698
2855	4913	177482	909	489	0	183793
2856	2701	3603	418	155395	0	162117
2857	599	175262	751	2899	0	179511
2858	512	3467	174652	1969	0	180600
2859	543	2343	176924	761	0	180571
2860	1022	2008	4842	168620	0	176492
2861	168281	328	2054	3090	0	173753
2862	2913	165919	804	2098	0	171734
2863	168148	2896	279	729	0	172052
2864	3221	2200	164959	436	0	170816
2865	165238	498	3047	585	0	169368
2866	169879	305	1959	595	0	172738
2867	4829	611	167936	523	0	173899
2868	2492	322	3065	163507	0	169386
2869	168683	379	1947	3173	0	174182
2870	169763	316	605	2199	0	172883
2871	170781	342	508	717	0	172348
2872	5247	306	433	166311	0	172297
2873	2518	564	165615	3059	0	171756
2874	160557	341	3245	2334	0	166477
2875	3581	682	169167	792	0	174222
2876	2572	400	3330	163524	0	169826
2877	1250	375	2159	157654	0	161438
2878	829	165700	976	4728	0	172233
2879	894	3272	164917	2452	0	171535
2880	714	161435	3614	891	0	166654
2881	893	163514	2604	864	0	167875
2882	1073	4951	888	160359	0	167271
2883	859	2518	161686	3427	0	168490
2884	1043	719	3270	161797	0	166829
2885	875	899	163466	3731	0	168971
2886	1080	571	3535	159928	0	165114
2887	994	630	2374	160369	0	164367
2888	861	949	154843	5420	0	162073
2889	986	528	3542	154121	0	159177
2890	914	824	157432	3873	0	163043
2891	1054	729	155572	2745	0	160100
2892	888	153958	5531	1381	0	161758
2893	154892	3269	2693	1128	0	161982
2894	3726	2565	154730	1040	0	162061
2895	147875	807	3831	1076	0	153589
2896	3967	613	2730	155801	0	163111
2897	2654	860	154529	3894	0	161937
2898	1114	153895	4229	3034	0	162272
2899	1225	3449	2733	152659	0	160066
2900	1132	2738	155030	3737	0	162637
2901	1410	950	3866	142675	0	148901
2902	1106	153995	3198	3520	0	161819
2903	155143	3467	1273	2622	0	162505
2904	4016	2484	1152	154891	0	162543
2905	154492	1072	1121	3951	0	160636
2906	156221	793	1099	3017	0	161130
2907	157314	702	1133	1576	0	160725
2908	158150	751	1102	1365	0	161368
2909	154978	728	1073	1397	0	158176
2910	5795	149726	1489	1295	0	158305
2911	3475	3328	1110	149792	0	157705
2912	2012	2302	1057	151523	0	156894
2913	1857	806	1116	152658	0	156437
2914	1584	902	146753	5668	0	154907
2915	1499	145857	4111	3165	0	154632
2916	148983	3420	2773	1476	0	156652
2917	149911	2382	1346	1429	0	155068
2918	5807	146784	1611	1504	0	155706
2919	3015	149196	1647	1516	0	155374
2920	146646	5180	1264	1581	0	154671
2921	4175	2924	144410	1324	0	152833
2922	3307	1467	4108	139165	0	148047
2923	140939	880	2920	3942	0	148681
2924	4226	942	1290	136299	0	142757
2925	2728	139627	1570	4032	0	147957
2926	1600	3617	1252	140954	0	147423
2927	1253	2791	140653	4090	0	148787
2928	136040	962	4123	2902	0	144027
2929	143412	715	2810	1544	0	148481
2930	6025	720	1183	137070	0	144998
2931	3624	717	1037	139144	0	144522
2932	132810	698	1039	5378	0	139925
2933	4025	132502	1468	3001	0	140996
2934	3054	3070	1089	130217	0	137430
2935	2134	2067	918	130240	0	135359
2936	117266	553	796	4780	0	123395
2937	3304	118096	1191	2809	0	125400
2938	116182	2633	688	1351	0	120854
2939	3506	115752	991	1051	0	121300
2940	2208	115136	921	964	0	119229
2941	110298	3545	939	888	0	115670
2942	2839	112252	947	923	0	116961
2943	2231	4423	1334	105989	0	113977
2944	1090	1879	106956	2728	0	112653
2945	947	720	92960	1552	0	96179
2946	624	521	90121	709	0	91975
2947	525	86183	3088	510	0	90306
2948	64855	1706	2968	312	0	69841
2949	1178	729	279	60230	0	62416
2950	807	230	159	61538	0	62734
2951	292	236	60615	1631	0	62774
2952	58448	143	1061	952	0	60604
2953	1104	165	716	62111	0	64096
2954	862	125	208	62890	0	64085
2955	339	124	144	62792	0	63399
2956	60291	129	176	1875	0	62471
2957	1111	212	59686	975	0	61984
2958	59211	121	1014	414	0	60760
2959	1275	134	708	59581	0	61698
2960	857	289	59398	1143	0	61687
2961	57045	165	997	891	0	59098
2962	1199	252	60288	374	0	62113
2963	910	355	1135	57846	0	60246
2964	401	270	60305	1112	0	62088
2965	259	268	58390	826	0	59743
2966	53585	109	1689	473	0	55856
2967	1100	223	56996	265	0	58584
2968	799	170	1214	55311	0	57494
2969	55555	155	866	1134	0	57710
2970	1092	180	411	56020	0	57703
2971	853	239	55433	1182	0	57707
2972	387	205	56227	915	0	57734
2973	270	55832	1751	450	0	58303
2974	337	967	912	54555	0	56771
2975	53048	689	389	1143	0	55269
2976	1012	52922	346	930	0	55210
2977	53648	952	260	468	0	55328
2978	1215	676	256	52785	0	54932
2979	52973	292	236	1150	0	54651
2980	1201	52238	331	942	0	54712
2981	928	950	265	51518	0	53661
2982	52134	694	255	1107	0	54190
2983	1109	52508	378	832	0	54827
2984	911	1001	282	52218	0	54412
2985	503	698	301	52253	0	53755
2986	52671	270	314	1657	0	54912
2987	1203	163	297	53150	0	54813
2988	920	149	366	53149	0	54584
2989	501	178	317	54232	0	55228
2990	361	233	50637	1866	0	53097
2991	49000	131	1173	1165	0	51469
2992	1263	115	878	58133	0	60389
2993	901	284	61833	1475	0	64493
2994	60608	158	1504	1225	0	63495
2995	1572	258	64586	601	0	67017
2996	1196	195	1662	60762	0	63815
2997	480	64662	1276	1506	0	67924
2998	464	1394	435	65660	0	67953
2999	396	1073	65923	1796	0	69188
3000	421	428	67723	1316	0	69888
3001	454	268	2444	67041	0	70207
3002	388	342	67739	1770	0	70239
3003	64621	243	1768	1274	0	67906
3004	1673	369	67247	672	0	69961
3005	1279	213	1763	64792	0	68047
3006	563	220	1207	66639	0	68629
3007	485	210	491	67018	0	68204
3008	65549	186	389	2692	0	68816
3009	66334	177	382	1522	0	68415
3010	67623	182	344	746	0	68895
3011	2669	192	322	65847	0	69030
3012	1456	260	310	66989	0	69015
3013	541	227	65059	2724	0	68551
3014	544	212	65414	1568	0	67738
3015	446	64601	2509	759	0	68315
3016	580	1679	1239	56573	0	60071
3017	443	873	423	53988	0	55727
3018	309	56977	449	1935	0	59670
3019	56526	1099	375	1133	0	59133
3020	1233	57321	429	505	0	59488
3021	57117	1194	330	480	0	59121
3022	1409	858	273	56486	0	59026
3023	57034	244	339	1368	0	58985
3024	1418	162	328	57183	0	59091
3025	999	239	55715	1490	0	58443
3026	428	185	1299	56504	0	58416
3027	55277	128	1027	1525	0	57957
3028	1370	130	397	56042	0	57939
3029	1061	157	302	55953	0	57473
3030	368	217	55537	2240	0	58362
3031	444	140	1271	56400	0	58255
3032	411	149	927	54687	0	56174
3033	368	54737	429	2142	0	57676
3034	412	1111	248	56012	0	57783
3035	452	769	244	56467	0	57932
3036	509	238	246	55523	0	56516
3037	284	52747	322	2126	0	55479
3038	376	1055	203	51086	0	52720
3039	48197	669	194	1346	0	50406
3040	979	47327	276	1020	0	49602
3041	651	44157	206	432	0	45446
3042	220	43613	227	318	0	44378
3043	284	2208	254	37798	0	40544
3044	193	40202	380	878	0	41653
3045	259	40962	417	650	0	42288
3046	39060	1110	465	361	0	40996
3047	864	612	38316	347	0	40139
3048	37432	249	869	410	0	38960
3049	786	230	651	38155	0	39822
3050	521	247	38053	1036	0	39857
3051	36699	136	1087	766	0	38688
3052	777	172	37589	492	0	39030
3053	588	193	37118	462	0	38361
3054	37800	137	1542	443	0	39922
3055	957	203	939	38678	0	40777
3056	676	172	39309	1159	0	41316
3057	38909	109	1033	1047	0	41098
3058	40279	119	701	774	0	41873
3059	1471	173	40612	600	0	42856
3060	41784	105	882	565	0	43336
3061	42870	83	689	515	0	44157
3062	1582	171	41222	624	0	43599
3063	41631	106	926	677	0	43340
3064	42146	132	810	645	0	43733
3065	1438	213	40960	508	0	43119
3066	792	284	43655	474	0	45205
3067	375	281	1458	43780	0	45894
3068	281	354	44574	1299	0	46508
3069	43954	306	983	984	0	46227
3070	1172	352	726	43992	0	46242
3071	961	390	272	44701	0	46324
3072	567	439	43307	1605	0	45918
3073	524	258	882	43647	0	45311
3074	503	297	43793	1293	0	45886
3075	43504	228	993	1040	0	45765
3076	44782	190	748	613	0	46333
3077	1582	242	44121	612	0	46557
3078	44296	145	996	640	0	46077
3079	45352	139	705	737	0	46933
3080	1593	178	44814	732	0	47317
3081	45395	136	1069	791	0	47391
3082	44759	149	845	721	0	46474
3083	1354	246	45387	760	0	47747
3084	44500	220	911	771	0	46402
3085	1003	362	45990	799	0	48154
3086	743	205	983	45332	0	47263
3087	353	201	697	46078	0	47329
3088	337	268	217	47228	0	48050
3089	308	377	45419	1830	0	47934
3090	42213	335	894	1148	0	44590
3091	1054	434	45094	618	0	47200
3092	566	37248	688	368	0	38870
3093	180	34725	439	240	0	35584
3094	31860	691	373	190	0	33114
3095	581	403	99	31541	0	32624
3096	355	32104	153	538	0	33150
3097	30216	293	92	280	0	30881
3098	30111	210	75	135	0	30531
3099	526	31300	137	72	0	32035
3100	351	316	72	28289	0	29028
3101	104	30491	132	277	0	31004
3102	30750	322	80	246	0	31398
3103	30959	213	71	121	0	31364
3104	566	56	82	30012	0	30716
3105	30279	39	67	372	0	30757
3106	424	44	69	30339	0	30876
3107	299	104	29930	358	0	30691
3108	28848	46	379	286	0	29559
3109	419	98	30188	113	0	30818
3110	316	82	370	29641	0	30409
3111	30161	43	260	373	0	30837
3112	429	44	85	30536	0	31094
3113	326	78	30288	404	0	31096
3114	151	86	29783	253	0	30273
3115	183	269	547	29978	0	30977
3116	30130	51	330	396	0	30907
3117	390	30512	154	270	0	31326
3118	331	315	77	30552	0	31275
3119	149	265	30823	359	0	31596
3120	29978	71	359	285	0	30693
3121	31777	29	274	138	0	32218
3122	597	112	31394	89	0	32192
3123	31398	36	368	111	0	31913
3124	427	33	269	32459	0	33188
3125	292	97	32234	354	0	32977
3126	31524	69	388	284	0	32265
3127	408	29	270	31785	0	32492
3128	310	33	119	31677	0	32139
3129	31908	26	79	532	0	32545
3130	361	30744	125	285	0	31515
3131	294	31567	120	162	0	32143
3132	31596	498	78	113	0	32285
3133	30558	222	104	138	0	31022
3134	552	89	31906	92	0	32639
3135	320	97	31542	99	0	32058
3136	153	73	508	31915	0	32649
3137	32801	40	278	362	0	33481
3138	32389	38	101	282	0	32810
3139	32710	44	86	156	0	32996
3140	559	32460	146	105	0	33270
3141	307	33239	135	117	0	33798
3142	152	448	96	33942	0	34638
3143	168	240	94	33909	0	34411
3144	166	61	92	35181	0	35500
3145	154	100	35393	567	0	36214
3146	139	129	32763	294	0	33325
3147	34295	55	585	163	0	35098
3148	36397	60	305	155	0	36917
3149	657	50	118	36076	0	36901
3150	398	55	81	35931	0	36465
3151	193	41	100	36740	0	37074
3152	138	111	35601	649	0	36499
3153	151	84	35277	347	0	35859
3154	123	121	582	35025	0	35851
3155	119	96	35517	469	0	36201
3156	107	34383	423	323	0	35236
3157	86	35147	304	136	0	35673
3158	34344	526	123	135	0	35128
3159	382	33877	153	112	0	34524
3160	271	13827	95	20606	0	34799
3161	156	342	61	33841	0	34400
3162	98	35650	131	489	0	36368
3163	144	427	80	36101	0	36752
3164	104	307	35238	508	0	36157
3165	79	35096	468	328	0	35971
3166	126	436	241	33461	0	34264
3167	109	287	33381	415	0	34192
3168	77	32900	407	289	0	33673
3169	132	369	228	31590	0	32319
3170	82	33101	155	338	0	33676
3171	94	424	52	32948	0	33518
3172	130	218	67	31743	0	32158
3173	88	32573	119	526	0	33306
3174	31435	364	83	288	0	32170
3175	30666	225	88	175	0	31154
3176	514	31561	114	128	0	32317
3177	265	31981	97	134	0	32477
3178	119	547	78	31821	0	32565
3179	72	339	31564	433	0	32408
3180	29708	90	363	312	0	30473
3181	30801	86	233	144	0	31264
3182	543	145	30960	93	0	31741
3183	30019	79	368	147	0	30613
3184	31129	101	217	128	0	31575
3185	552	114	30703	104	0	31473
3186	29041	59	383	156	0	29639
3187	448	141	31768	94	0	32451
3188	259	31888	428	111	0	32686
3189	32164	356	270	114	0	32904
3190	32213	243	97	124	0	32677
3191	556	163	32048	94	0	32861
3192	32008	76	364	106	0	32554
3193	33120	67	250	159	0	33596
3194	550	134	32887	94	0	33665
3195	32785	87	346	131	0	33349
3196	33766	58	240	136	0	34200
3197	545	139	33041	127	0	33852
3198	33033	70	353	111	0	33567
3199	433	73	249	31903	0	32658
3200	278	82	106	32142	0	32608
3201	131	117	31826	523	0	32597
3202	133	154	31113	267	0	31667
3203	140	110	483	31564	0	32297
3204	131	62	271	32112	0	32576
3205	33920	57	107	491	0	34575
3206	424	120	33565	246	0	34355
3207	33789	37	415	140	0	34381
3208	495	84	246	35589	0	36414
3209	270	125	36600	420	0	37415
3210	38669	51	424	354	0	39498
3211	520	85	259	41400	0	42264
3212	294	121	41743	526	0	42684
3213	40479	78	532	337	0	41426
3214	511	110	299	42028	0	42948
3215	42781	33	138	535	0	43487
3216	536	131	44556	344	0	45567
3217	375	59	473	41264	0	42171
3218	158	45336	358	444	0	46296
3219	45788	481	128	316	0	46713
3220	44948	290	119	196	0	45553
3221	743	46920	170	121	0	47954
3222	47852	483	102	199	0	48636
3223	47531	270	98	131	0	48030
3224	47338	89	91	139	0	47657
3225	812	46827	175	134	0	47948
3226	437	521	92	47089	0	48139
3227	210	396	47645	579	0	48830
3228	212	110	536	46777	0	47635
3229	194	65	306	47759	0	48324
3230	152	183	47599	823	0	48757
3231	158	161	46847	407	0	47573
3232	273	119	783	43544	0	44719
3233	157	48388	403	496	0	49444
3234	48298	507	143	345	0	49293
3235	47461	282	119	192	0	48054
3236	814	49944	191	166	0	51115
3237	50748	494	98	189	0	51529
3238	50463	291	93	199	0	51046
3239	824	231	50979	128	0	52162
3240	48921	81	575	222	0	49799
3241	634	52132	378	189	0	53333
3242	395	606	51241	179	0	52421
3243	289	419	50144	145	0	50997
3244	163	50781	808	199	0	51951
3245	50126	471	379	151	0	51127
3246	603	372	51422	128	0	52525
3247	382	111	493	50820	0	51806
3248	192	197	51492	491	0	52372
3249	47528	101	559	376	0	48564
3250	588	309	60289	199	0	61385
3251	411	259	59751	172	0	60593
3252	57951	92	728	183	0	58954
3253	557	62246	439	162	0	63404
3254	64195	449	186	258	0	65088
3255	64971	280	140	250	0	65641
3256	776	162	143	63898	0	64979
3257	396	69758	310	463	0	70927
3258	70885	451	136	456	0	71928
3259	569	563	71650	112	0	72894
3260	68064	131	511	254	0	68960
3261	549	71875	451	198	0	73073
3262	70575	400	127	219	0	71321
3263	70220	229	131	229	0	70809
3264	619	71890	285	203	0	72997
3265	343	402	130	72609	0	73484
3266	73542	233	138	545	0	74458
3267	488	73337	294	285	0	74404
3268	408	434	121	73865	0	74828
3269	75540	285	145	582	0	76552
3270	561	155	125	78345	0	79186
3271	461	112	107	77516	0	78196
3272	217	78556	276	716	0	79765
3273	77830	486	129	483	0	78928
3274	79590	318	114	310	0	80332
3275	80615	170	111	230	0	81126
3276	841	82931	298	160	0	84230
3277	84432	511	118	283	0	85344
3278	84440	336	109	271	0	85156
3279	892	153	125	83521	0	84691
3280	509	143	109	84291	0	85052
3281	323	392	83418	826	0	84959
3282	329	140	542	81336	0	82347
3283	364	149	330	82403	0	83246
3284	238	414	83631	774	0	85057
3285	70397	175	643	807	0	72022
3286	723	331	83814	223	0	85091
3287	517	382	84845	211	0	85955
3288	358	115	742	84859	0	86074
3289	299	142	368	85644	0	86453
3290	219	87683	372	758	0	89032
3291	87590	539	112	517	0	88758
3292	84767	352	142	345	0	85606
3293	866	87335	268	225	0	88694
3294	510	92031	303	239	0	93083
3295	434	950	132	89851	0	91367
3296	229	95178	339	642	0	96388
3297	95300	781	131	590	0	96802
3298	95066	448	109	346	0	95969
3299	1217	232	134	94459	0	96042
3300	704	170	146	95469	0	96489
3301	95113	129	137	1298	0	96677
3302	882	493	92838	611	0	94824
3303	91204	133	787	357	0	92481
3304	973	469	92755	292	0	94489
3305	90800	90	765	330	0	91985
3306	906	259	410	92861	0	94436
3307	537	407	93820	794	0	95558
3308	371	367	90061	517	0	91316
3309	86421	378	1310	438	0	88547
3310	89815	109	487	293	0	90704
3311	959	92139	318	172	0	93588
3312	510	609	90	94904	0	96113
3313	249	368	97	97121	0	97835
3314	96171	125	89	1291	0	97676
3315	831	95380	312	684	0	97207
3316	93724	731	102	320	0	94877
3317	824	93413	277	175	0	94689
3318	490	92585	239	219	0	93533
3319	92191	1043	78	317	0	93629
3320	879	791	90786	150	0	92606
3321	618	253	720	89566	0	91157
3322	317	103	438	90963	0	91821
3323	183	457	90748	1146	0	92534
3324	215	113	720	89595	0	90643
3325	263	166	513	83821	0	84763
3326	132	90667	343	1158	0	92300
3327	89983	702	101	732	0	91518
3328	825	705	90939	256	0	92725
3329	85221	163	751	343	0	86478
3330	851	91175	634	203	0	92863
3331	603	796	134	91878	0	93411
3332	95202	478	81	1016	0	96777
3333	930	141	121	95203	0	96395
3334	691	85	85	95711	0	96572
3335	250	371	94706	1280	0	96607
3336	86320	132	806	861	0	88119
3337	92834	89	517	435	0	93875
3338	1283	371	93229	291	0	95174
3339	715	97	747	92409	0	93968
3340	257	374	93229	935	0	94795
3341	88748	109	874	790	0	90521
3342	94546	91	517	388	0	95542
3343	1310	109	189	93882	0	95490
3344	93223	104	132	1036	0	94495
3345	978	356	98959	668	0	100961
3346	732	113	800	97529	0	99174
3347	364	104	532	98760	0	99760
3348	295	84	188	101475	0	102042
3349	286	115	128	101311	0	101840
3350	90965	83	130	1520	0	92698
3351	920	401	89690	708	0	91719
3352	685	98	830	90527	0	92140
3353	274	362	89001	1095	0	90732
3354	248	378	86399	769	0	87794
3355	324	95	1228	86063	0	87710
3356	313	100	606	87871	0	88890
3357	83365	72	204	1446	0	85087
3358	949	80	161	83566	0	84756
3359	685	98	180	83767	0	84730
3360	338	67	143	85026	0	85574
3361	83697	73	115	1685	0	85570
3362	83945	84	128	909	0	85066
3363	84883	91	138	461	0	85573
3364	83039	86	143	378	0	83646
3365	1419	88456	343	310	0	90528
3366	813	990	122	88030	0	89955
3367	363	659	149	89609	0	90780
3368	90952	183	122	1915	0	93172
3369	1262	95764	310	1032	0	98368
3370	930	1387	88	100782	0	103187
3371	327	1122	110410	1821	0	113680
3372	117015	216	1999	1435	0	120665
3373	2637	128472	1371	475	0	132955
3374	136675	2679	308	462	0	140124
3375	141629	1417	169	462	0	143677
3376	4776	277	155	139438	0	144646
3377	2016	523	139693	3454	0	145686
3378	752	198	3118	144745	0	148813
3379	145399	211	1676	3794	0	151080
3380	3717	130	360	146148	0	150355
3381	146340	141	201	3719	0	150401
3382	3629	144478	526	2156	0	150789
3383	151333	3256	244	832	0	155665
3384	4042	1719	206	151603	0	157570
3385	2434	338	205	159214	0	162191
3386	163237	206	180	5328	0	168951
3387	163137	201	151	2428	0	165917
3388	164914	242	132	806	0	166094
3389	164594	190	128	655	0	165567
3390	163705	158	195	716	0	164774
3391	5998	191	201	158179	0	164569
3392	2727	520	154938	3892	0	162077
3393	974	155029	3605	2343	0	161951
3394	151071	3301	1924	988	0	157284
3395	3952	2033	148777	505	0	155267
3396	146749	405	3334	563	0	151051
3397	3951	148433	2099	622	0	155105
3398	151751	3271	593	658	0	156273
3399	4196	1889	261	150107	0	156453
3400	2693	463	283	152825	0	156264
3401	1104	635	151615	5213	0	158567
3402	1246	292	3368	150185	0	155091
3403	1002	594	154634	3910	0	160140
3404	1033	585	153965	2288	0	157871
3405	153070	270	5000	1239	0	159579
3406	160569	296	2109	1125	0	164099
3407	5710	717	156059	921	0	163407
3408	154313	281	3482	1041	0	159117
3409	158216	273	2059	990	0	161538
3410	5832	630	154375	938	0	161775
3411	2908	153343	3746	844	0	160841
3412	2085	3485	2037	155903	0	163510
3413	159505	1716	699	3814	0	165734
3414	163601	503	481	2385	0	166970
3415	164848	361	515	1056	0	166780
3416	164957	366	559	977	0	166859
3417	164681	425	654	870	0	166630
3418	6138	801	158898	874	0	166711
3419	3451	819	162977	760	0	168007
3420	2157	731	4881	162063	0	169832
3421	165302	562	2260	3874	0	171998
3422	168355	489	828	2501	0	172173
3423	169742	447	732	1429	0	172350
3424	161962	482	917	1357	0	164718
3425	5838	163541	1237	1410	0	172026
3426	3312	172913	1201	1570	0	178996
3427	173091	4578	837	1603	0	180109
3428	174643	2035	785	1465	0	178928
3429	6141	172928	1279	1362	0	181710
3430	176349	3421	741	1332	0	181843
3431	5286	2607	173831	1077	0	182801
3432	3758	829	3576	171550	0	179713
3433	2613	933	174551	4023	0	182120
3434	2645	1010	172251	4310	0	180216
3435	2718	619	4911	172672	0	180920
3436	2878	522	2285	180040	0	185725
3437	2606	865	180230	5195	0	188896
3438	2549	619	3692	175132	0	181992
3439	2491	595	2368	181878	0	187332
3440	180900	589	1176	5453	0	188118
3441	182400	561	1099	2824	0	186884
3442	6731	665	1105	180307	0	188808
3443	3893	1197	180484	4036	0	189610
3444	2347	180557	4203	2987	0	190094
3445	177167	3453	2581	1612	0	184813
3446	5170	2425	181899	1392	0	190886
3447	3511	178141	4314	1413	0	187379
3448	2157	186001	2984	1403	0	192545
3449	186265	4549	1345	1449	0	193608
3450	189344	2076	1260	1371	0	194051
3451	6566	714	1289	185672	0	194241
3452	3676	1194	194463	3951	0	203284
3453	2672	720	4157	194569	0	202118
3454	2592	679	2689	198000	0	203960
3455	2659	574	1332	200713	0	205278
3456	195346	635	1250	5660	0	202891
3457	5055	192863	1745	2854	0	202517
3458	3618	203079	1834	1332	0	209863
3459	2551	5058	1159	197657	0	206425
3460	2261	2306	1120	204701	0	210388
3461	201518	843	1038	5993	0	209392
3462	197296	650	1015	3162	0	202123
3463	203245	715	949	1669	0	206578
3464	6697	199240	1647	1266	0	208850
3465	196820	3128	997	1429	0	202374
3466	5186	2567	1092	192932	0	201777
3467	3634	1215	191205	3816	0	199870
3468	2564	1016	182153	2264	0	187997
3469	173909	555	4690	1448	0	180602
3470	3776	1010	175466	980	0	181232
3471	2452	888	162154	692	0	166186
3472	140260	420	2483	855	0	144018
3473	1884	677	144643	652	0	147856
3474	1160	680	138709	423	0	140972
3475	839	1355	1496	129618	0	133308
3476	476	547	137732	872	0	139627
3477	445	205	752	131601	0	133003
3478	481	163	491	134043	0	135178
3479	392	539	136623	1068	0	138622
3480	244	138117	935	644	0	139940
3481	136509	544	592	688	0	138333
3482	777	822	139985	200	0	141784
3483	550	673	136430	303	0	137956
3484	109938	203	1121	587	0	111849
3485	615	626	129645	272	0	131158
3486	379	126538	655	280	0	127852
3487	294	122739	682	257	0	123972
3488	271	644	235	128694	0	129844
3489	254	377	186	128418	0	129235
3490	132455	98	98	1124	0	133775
3491	131278	112	144	707	0	132241
3492	132389	144	108	448	0	133089
3493	846	234	119	132551	0	133750
3494	133432	96	138	875	0	134541
3495	131437	133	188	761	0	132519
3496	860	486	133618	270	0	135234
3497	608	484	130552	230	0	131874
3498	287	134421	988	261	0	135957
3499	253	471	373	135045	0	136142
3500	135572	353	145	757	0	136827
3501	562	133772	454	515	0	135303
3502	509	488	173	135831	0	137001
3503	134589	329	175	819	0	135912
3504	132108	160	152	671	0	133091
3505	802	134044	428	375	0	135649
3506	132624	498	137	496	0	133755
3507	132231	421	155	458	0	133265
3508	953	193	134	132921	0	134201
3509	561	562	134034	742	0	135899
3510	341	131981	744	616	0	133682
3511	210	132745	633	305	0	133893
3512	127623	761	186	337	0	128907
3513	787	581	180	127550	0	129098
3514	488	626	129272	744	0	131130
3515	236	129804	804	552	0	131396
3516	130098	568	366	441	0	131473
3517	130718	389	149	386	0	131642
3518	922	565	133279	215	0	134981
3519	582	165	595	128092	0	129434
3520	333	131	415	136233	0	137112
3521	226	692	145426	1173	0	147517
3522	141564	144	1054	859	0	143621
3523	179734	128	652	446	0	180960
3524	2921	145	333	207613	0	211012
3525	1247	220427	765	3356	0	225795
3526	817	3572	221	233142	0	237752
3527	480	2347	233403	4328	0	240558
3528	226408	559	4092	2403	0	233462
3529	4410	303	2073	239639	0	246425
3530	2290	816	238496	4487	0	246089
3531	225358	360	4328	2576	0	232622
3532	4597	286	2186	237241	0	244310
3533	2518	379	781	237966	0	241644
3534	233600	288	503	6632	0	241023
3535	4454	235143	1211	3045	0	243853
3536	235138	4130	562	1342	0	241172
3537	5441	2102	456	232299	0	240298
3538	232396	699	534	5028	0	238657
3539	5305	786	230726	3080	0	239897
3540	2795	231692	4884	1482	0	240853
3541	1591	4496	2261	233357	0	241705
3542	234948	2513	683	5287	0	243431
3543	4890	234692	1139	3103	0	243824
3544	3578	4704	590	235225	0	244097
3545	237969	2461	480	5458	0	246368
3546	235995	833	711	3467	0	241006
3547	7932	619	697	230903	0	240151
3548	3774	1322	228894	5872	0	239862
3549	1708	1181	228343	3638	0	234870
3550	222180	729	6877	2151	0	231937
3551	5636	225597	3499	1639	0	236371
3552	3278	223238	1692	1439	0	229647
3553	218255	6688	883	1424	0	227250
3554	5542	223657	1183	1505	0	231887
3555	3957	5164	932	220270	0	230323
3556	2125	2839	985	227171	0	233120
3557	223078	1377	862	7676	0	232993
3558	220767	1041	797	3954	0	226559
3559	222208	1164	614	1914	0	225900
3560	8117	1669	213345	1532	0	224663
3561	4674	1000	4805	212999	0	223478
3562	2521	1474	215600	5632	0	225227
3563	2127	1237	214311	3744	0	221419
3564	2003	1152	220641	2051	0	225847
3565	2079	780	7799	211926	0	222584
3566	2097	1167	218820	5785	0	227869
3567	2087	1377	221796	3293	0	228553
3568	1880	1089	7821	215278	0	226068
3569	218532	971	3902	6146	0	229551
3570	6178	1408	220022	3629	0	231237
3571	4062	1010	6082	214346	0	225500
3572	2422	915	3670	223180	0	230187
3573	1756	1328	221816	8251	0	233151
3574	2139	851	5924	219068	0	227982
3575	2093	1306	222832	6685	0	232916
3576	2326	885	6331	215783	0	225325
3577	2174	897	3771	219679	0	226521
3578	2113	807	1967	221336	0	226223
3579	1906	798	1856	220155	0	224715
3580	209818	702	1975	9294	0	221789
3581	211415	668	1920	5155	0	219158
3582	8072	1152	209288	2837	0	221349
3583	4172	205208	6911	2983	0	219274
3584	2202	5316	211740	2467	0	221725
3585	1813	3225	211467	2499	0	219004
3586	201387	1052	8578	2461	0	213478
3587	6019	209899	5249	2575	0	223742
3588	212298	5083	2643	2352	0	222376
3589	6355	214210	3072	2319	0	225956
3590	213667	5432	2367	2288	0	223754
3591	217068	3154	2363	2308	0	224893
3592	8708	1347	2414	208560	0	221029
3593	4440	212918	2617	6681	0	226656
3594	2913	5432	1891	215348	0	225584
3595	2409	3246	1842	219181	0	226678
3596	2025	1862	213332	9513	0	226732
3597	2042	213227	6968	5189	0	227426
3598	2530	5490	4099	213293	0	225412
3599	211954	3255	2262	7266	0	224737
3600	220403	1489	1882	4883	0	228657
3601	222518	1055	2047	2980	0	228600
3602	8968	216675	2555	2692	0	230890
3603	223053	5734	1774	2662	0	233223
3604	7246	232546	2419	2360	0	244571
3605	5134	6777	1595	238110	0	251616
3606	2786	4524	237659	7485	0	252454
3607	2942	1696	6987	231923	0	243548
3608	2354	236881	5175	7642	0	252052
3609	2690	6889	2129	237022	0	248730
3610	2350	4447	1618	235833	0	244248
3611	1763	238552	2283	10549	0	253147
3612	239232	7094	1562	5565	0	253453
3613	7768	4254	1589	237313	0	250924
3614	4600	2537	232860	8249	0	248246
3615	2827	1602	7006	234581	0	246016
3616	2683	1453	4273	240671	0	249080
3617	2106	2166	236275	11165	0	251712
3618	2664	1744	7099	214959	0	226466
3619	1976	231762	5011	8420	0	247169
3620	2456	7438	232000	5367	0	247261
3621	3590	4706	224789	2935	0	236020
3622	1489	214869	9752	2759	0	228869
3623	1179	190026	4487	2044	0	197736
3624	998	160755	1803	1252	0	164808
3625	138813	6076	4017	1800	0	150706
3626	131099	2286	1037	944	0	135366
3627	130246	656	554	782	0	132238
3628	4819	605	471	127299	0	133194
3629	2189	831	125184	3300	0	131504
3630	870	584	3024	124841	0	129319
3631	772	567	1939	126392	0	129670
3632	124632	531	614	4829	0	130606
3633	125008	489	526	2505	0	128528
3634	4527	124678	780	1020	0	131005
3635	125541	2938	461	911	0	129851
3636	126290	1894	443	901	0	129528
3637	128304	669	476	979	0	130428
3638	4885	712	123346	894	0	129837
3639	2367	694	124285	696	0	128042
3640	1112	858	4300	120016	0	126286
3641	744	732	122353	3138	0	126967
3642	115838	539	3039	2043	0	121459
3643	119922	510	1905	903	0	123240
3644	4344	748	116351	657	0	122100
3645	113523	388	2705	598	0	117214
3646	2952	114594	2055	628	0	120229
3647	116550	2608	600	608	0	120366
3648	3222	1712	476	113684	0	119094
3649	2271	556	466	109228	0	112521
3650	959	113490	678	3868	0	118995
3651	113054	2615	462	2009	0	118140
3652	113618	1775	458	895	0	116746
3653	4076	112881	672	773	0	118402
3654	2343	2680	427	109334	0	114784
3655	1153	1842	370	108860	0	112225
3656	841	109503	695	4006	0	115045
3657	1081	2758	475	109479	0	113793
3658	1021	1918	448	111638	0	115025
3659	108867	831	419	4286	0	114403
3660	110056	593	439	2396	0	113484
3661	4278	861	107845	1148	0	114132
3662	106776	599	2609	1090	0	111074
3663	3089	814	108560	884	0	113347
3664	2332	725	2737	105162	0	110956
3665	1086	683	106565	3030	0	111364
3666	918	104281	3005	2225	0	110429
3667	1227	2637	1963	100780	0	106607
3668	1108	1794	668	103000	0	106570
3669	100976	609	535	3876	0	105996
3670	2850	537	539	100078	0	104004
3671	2034	716	97218	2887	0	102855
3672	96774	559	2454	2081	0	101868
3673	99456	528	1698	999	0	102681
3674	101245	562	666	883	0	103356
3675	100850	538	535	877	0	102800
3676	4448	475	542	102960	0	108425
3677	2490	503	520	106582	0	110095
3678	1374	478	514	111770	0	114136
3679	1252	431	475	113208	0	115366
3680	109691	425	540	4853	0	115509
3681	110847	378	521	2491	0	114237
3682	5016	349	479	99453	0	105297
3683	2522	105346	826	3178	0	111872
3684	106342	2677	616	2263	0	111898
3685	3488	2005	105270	1142	0	111905
3686	2429	105151	3083	985	0	111648
3687	99161	2620	1799	871	0	104451
3688	3053	100879	961	805	0	105698
3689	2153	2836	98966	741	0	104696
3690	98757	1697	2644	763	0	103861
3691	100438	602	1699	739	0	103478
3692	4439	742	97681	673	0	103535
3693	2690	434	2628	98229	0	103981
3694	1465	409	1753	97264	0	100891
3695	1074	98637	978	4098	0	104787
3696	1302	2633	546	99530	0	104011
3697	95885	1634	505	3143	0	101167
3698	3044	97007	783	2180	0	103014
3699	2286	2441	424	92898	0	98049
3700	1249	1656	320	94564	0	97789
3701	968	710	90917	4036	0	96631
3702	807	90559	2622	2100	0	96088
3703	82630	2418	1469	974	0	87491
3704	2200	72870	557	610	0	76237
3705	1256	66955	402	510	0	69123
3706	64925	2309	853	597	0	68684
3707	1859	1064	290	62180	0	65393
3708	1257	394	238	63578	0	65467
3709	62787	280	226	2401	0	65694
3710	1855	305	173	63783	0	66116
3711	1324	285	175	64692	0	66476
3712	65020	299	183	2554	0	68056
3713	1910	285	185	63374	0	65754
3714	1217	64337	340	1867	0	67761
3715	64259	1575	146	1257	0	67237
3716	1827	1097	62022	634	0	65580
3717	1163	59506	1554	548	0	62771
3718	548	1775	823	56822	0	59968
3719	423	939	55819	1578	0	58759
3720	370	391	55618	1102	0	57481
3721	716	2337	1796	50118	0	54967
3722	49656	222	1036	1407	0	52321
3723	1201	172	217	49247	0	50837
3724	860	188	171	49951	0	51170
3725	387	182	164	50646	0	51379
3726	308	184	175	50609	0	51276
3727	332	207	163	50954	0	51656
3728	311	261	47926	1849	0	50347
3729	284	291	47486	996	0	49057
3730	293	183	1582	47365	0	49423
3731	285	251	47673	1363	0	49572
3732	241	47076	1266	1006	0	49589
3733	302	1092	758	47076	0	49228
3734	252	779	46223	1326	0	48580
3735	40832	253	1170	1059	0	43314
3736	1110	44940	839	527	0	47416
3737	688	44257	329	550	0	45824
3738	310	45718	300	454	0	46782
3739	418	1634	207	43822	0	46081
3740	44051	739	222	1322	0	46334
3741	1135	309	200	44401	0	46045
3742	43086	262	194	1289	0	44831
3743	1087	41764	291	919	0	44061
3744	42942	1103	185	462	0	44692
3745	1198	788	139	42521	0	44646
3746	810	339	174	42416	0	43739
3747	331	41959	281	1729	0	44300
3748	363	1083	214	42603	0	44263
3749	408	726	162	42930	0	44226
3750	378	334	167	43265	0	44144
3751	41457	309	162	1848	0	43776
3752	40293	228	189	1091	0	41801
3753	1537	285	41171	604	0	43597
3754	40935	214	1018	619	0	42786
3755	1208	281	42233	534	0	44256
3756	838	238	1089	41717	0	43882
3757	397	241	677	42938	0	44253
3758	344	196	282	43650	0	44472
3759	289	259	42062	1854	0	44464
3760	292	252	1073	42501	0	44118
3761	275	289	43131	1415	0	45110
3762	318	199	1150	43246	0	44913
3763	42666	201	763	1456	0	45086
3764	1119	320	42926	1022	0	45387
3765	42830	236	1116	627	0	44809
3766	1185	206	715	43510	0	45616
3767	43771	213	286	1416	0	45686
3768	1106	43385	400	1037	0	45928
3769	844	1004	231	44188	0	46267
3770	343	773	45454	1441	0	48011
3771	411	389	1095	44974	0	46869
3772	344	801	728	43235	0	45108
3773	252	44038	342	1789	0	46421
3774	365	1090	43321	980	0	45756
3775	265	43268	1051	561	0	45145
3776	36349	930	584	479	0	38342
3777	700	36915	291	327	0	38233
3778	32906	534	388	251	0	34079
3779	32315	378	134	223	0	33050
3780	32411	128	119	190	0	32848
3781	926	113	90	32049	0	33178
3782	479	142	31903	658	0	33182
3783	194	82	554	30860	0	31690
3784	127	32073	462	594	0	33256
3785	155	499	125	32368	0	33147
3786	31578	381	118	678	0	32755
3787	526	32158	161	520	0	33365
3788	417	530	104	31114	0	32165
3789	176	360	99	31543	0	32178
3790	30898	112	73	965	0	32048
3791	543	156	30802	562	0	32063
3792	391	30057	589	258	0	31295
3793	172	426	298	28217	0	29113
3794	110	289	27669	458	0	28526
3795	122	117	397	26276	0	26912
3796	69	27093	307	433	0	27902
3797	109	421	95	28005	0	28630
3798	96	264	75	27524	0	27959
3799	84	83	47	27737	0	27951
3800	70	127	26953	654	0	27804
3801	25338	81	379	396	0	26194
3802	384	73	262	28761	0	29480
3803	31532	51	78	538	0	32199
3804	32364	66	88	394	0	32912
3805	33002	82	54	156	0	33294
3806	32626	60	62	169	0	32917
3807	33460	59	50	125	0	33694
3808	872	45	50	32457	0	33424
3809	420	32059	99	543	0	33121
3810	217	465	47	31252	0	31981
3811	114	31560	89	510	0	32273
3812	149	425	35	29479	0	30088
3813	29108	244	26	409	0	29787
3814	368	76	29	29029	0	29502
3815	265	119	28540	394	0	29318
3816	26300	26	306	333	0	26965
3817	335	28577	250	136	0	29298
3818	29045	309	115	120	0	29589
3819	28859	224	58	95	0	29236
3820	28078	68	24	111	0	28281
3821	519	29229	78	69	0	29895
3822	286	290	18	29423	0	30017
3823	123	213	21	29767	0	30124
3824	101	122	29172	512	0	29907
3825	96	73	300	27734	0	28203
3826	113	37	200	28267	0	28617
3827	119	35	58	28772	0	28984
3828	75	29057	80	547	0	29759
3829	29180	313	33	322	0	29848
3830	27835	218	48	143	0	28244
3831	518	144	30348	98	0	31108
3832	297	30700	329	106	0	31432
3833	170	305	193	31121	0	31789
3834	140	227	55	31521	0	31943
3835	136	84	42	31615	0	31877
3836	137	67	25	32005	0	32234
3837	126	58	43	32229	0	32456
3838	132	143	31068	614	0	31957
3839	100	109	28951	369	0	29529
3840	30803	62	525	215	0	31605
3841	33092	68	257	178	0	33595
3842	33491	63	83	166	0	33803
3843	714	67	50	33644	0	34475
3844	362	126	33091	467	0	34046
3845	32512	57	417	373	0	33359
3846	33959	72	286	212	0	34529
3847	708	100	33047	148	0	34003
3848	32774	51	437	161	0	33423
3849	627	135	36740	129	0	37631
3850	446	52	507	36907	0	37912
3851	199	129	37623	557	0	38508
3852	35652	47	578	457	0	36734
3853	37681	64	382	216	0	38343
3854	37931	58	123	183	0	38295
3855	37695	53	100	212	0	38060
3856	906	142	39069	164	0	40281
3857	452	39169	574	198	0	40393
3858	39867	478	406	173	0	40924
3859	39994	319	130	189	0	40632
3860	867	171	39944	152	0	41134
3861	518	87	505	38553	0	39663
3862	272	57	341	40129	0	40799
3863	177	134	39135	873	0	40319
3864	35762	53	560	527	0	36902
3865	39139	69	351	269	0	39828
3866	841	39846	241	199	0	41127
3867	41261	530	117	225	0	42133
3868	41206	338	103	196	0	41843
3869	41473	107	135	161	0	41876
3870	40151	80	120	177	0	40528
3871	1097	117	39039	152	0	40405
3872	37708	58	587	144	0	38497
3873	823	178	388	38429	0	39818
3874	531	39526	197	564	0	40818
3875	292	589	38776	398	0	40055
3876	227	39864	673	174	0	40938
3877	293	747	448	37886	0	39374
3878	197	366	38758	483	0	39804
3879	35196	114	571	408	0	36289
3880	601	156	38719	163	0	39639
3881	38082	38	572	154	0	38846
3882	674	48	344	38889	0	39955
3883	453	48	147	39020	0	39668
3884	213	38565	176	757	0	39711
3885	184	40222	172	372	0	40950
3886	226	722	111	41232	0	42291
3887	40713	344	71	571	0	41699
3888	40719	108	101	359	0	41287
3889	40448	68	114	193	0	40823
3890	894	169	40868	125	0	42056
3891	39445	72	516	178	0	40211
3892	689	122	42355	115	0	43281
3893	423	152	40492	90	0	41157
3894	40599	75	783	125	0	41582
3895	42907	59	393	149	0	43508
3896	855	126	43392	93	0	44466
3897	519	51	547	42328	0	43445
3898	286	70	348	44284	0	44988
3899	44344	51	161	775	0	45331
3900	43427	44	135	421	0	44027
3901	860	129	46251	183	0	47423
3902	417	44815	532	155	0	45919
3903	179	43406	318	97	0	44000
3904	42710	511	229	126	0	43576
3905	535	276	78	42604	0	43493
3906	340	98	79	43475	0	43992
3907	207	53	61	44047	0	44368
3908	36811	81	96	715	0	37703
3909	483	39	78	43926	0	44526
3910	44044	36	78	475	0	44633
3911	45281	46	72	337	0	45736
3912	702	48643	147	166	0	49658
3913	478	416	79	53399	0	54372
3914	256	366	53712	561	0	54895
3915	51492	108	565	464	0	52629
3916	54156	70	391	184	0	54801
3917	55070	47	170	158	0	55445
3918	1067	170	56344	116	0	57697
3919	594	47	632	56439	0	57712
3920	57495	42	442	686	0	58665
3921	55365	69	172	452	0	56058
3922	55564	63	124	226	0	55977
3923	1086	55335	175	155	0	56751
3924	586	57804	168	187	0	58745
3925	366	895	96	58769	0	60126
3926	297	469	73	58305	0	59144
3927	239	58760	163	976	0	60138
3928	58351	647	98	561	0	59657
3929	777	578	59797	201	0	61353
3930	567	184	600	59621	0	60972
3931	293	120	410	59366	0	60189
3932	213	211	58616	1044	0	60084
3933	53694	102	736	657	0	55189
3934	59540	84	447	281	0	60352
3935	1085	58815	284	198	0	60382
3936	59088	617	129	224	0	60058
3937	847	562	62236	234	0	63879
3938	62527	148	653	303	0	63631
3939	919	232	65060	155	0	66366
3940	63582	179	788	189	0	64738
3941	66011	90	439	213	0	66753
3942	66080	86	248	176	0	66590
3943	65381	56	167	189	0	65793
3944	1072	65161	236	193	0	66662
3945	67255	528	132	254	0	68169
3946	68745	381	149	227	0	69502
3947	1126	284	68602	179	0	70191
3948	68345	111	545	196	0	69197
3949	814	121	388	68221	0	69544
3950	598	258	67761	610	0	69227
3951	66847	116	592	446	0	68001
3952	820	105	404	68952	0	70281
3953	70532	106	160	725	0	71523
3954	75913	109	128	694	0	76844
3955	1062	278	78516	243	0	80099
3956	77047	80	578	269	0	77974
3957	79274	95	463	250	0	80082
3958	79846	83	169	228	0	80326
3959	81000	69	139	240	0	81448
3960	1205	72	175	78477	0	79929
3961	715	79634	293	622	0	81264
3962	78322	559	213	579	0	79673
3963	80936	403	163	257	0	81759
3964	81840	162	151	190	0	82343
3965	1295	279	80851	225	0	82650
3966	746	80659	713	235	0	82353
3967	521	546	480	81047	0	82594
3968	547	377	231	81892	0	83047
3969	588	355	84177	882	0	86002
3970	565	106	727	84059	0	85457
3971	517	309	85934	838	0	87598
3972	479	140	842	84737	0	86198
3973	523	112	541	86818	0	87994
3974	455	341	87726	1207	0	89729
3975	82241	165	800	848	0	84054
3976	89583	173	594	468	0	90818
3977	1381	340	91636	334	0	93691
3978	89037	161	840	470	0	90508
3979	92425	139	614	475	0	93653
3980	1482	347	95840	309	0	97978
3981	1022	176	840	94207	0	96245
3982	609	111	653	96144	0	97517
3983	96838	85	345	1355	0	98623
3984	1057	98136	423	832	0	100448
3985	92212	741	335	489	0	93777
3986	96648	547	262	375	0	97832
3987	1462	100337	374	285	0	102458
3988	101712	732	270	379	0	103093
3989	101304	582	216	339	0	102441
3990	1594	100979	381	302	0	103256
3991	1061	785	255	101097	0	103198
3992	648	103542	374	811	0	105375
3993	673	863	236	103796	0	105568
3994	657	852	102818	995	0	105322
3995	608	465	101294	735	0	103102
3996	98512	245	1331	532	0	100620
3997	103593	216	733	440	0	104982
3998	1605	432	104571	333	0	106941
3999	103325	184	973	443	0	104925
4000	107049	122	726	441	0	108338
4001	105561	135	401	424	0	106521
4002	1702	108385	495	313	0	110895
4003	1158	790	268	110764	0	112980
4004	110970	562	304	1025	0	112861
4005	109383	217	292	824	0	110716
4006	1746	438	111471	400	0	114055
4007	1208	178	900	109797	0	112083
4008	739	197	715	110621	0	112272
4009	608	111587	464	1355	0	114014
4010	658	115830	397	930	0	117815
4011	684	2050	249	110283	0	113266
4012	504	113534	400	1026	0	115464
4013	108968	941	251	676	0	110836
4014	1174	114726	370	381	0	116651
4015	116719	1121	155	416	0	118411
4016	1501	956	118680	213	0	121350
4017	120990	314	1258	402	0	122964
4018	128285	156	774	368	0	129583
4019	128567	144	279	290	0	129280
4020	126270	170	202	336	0	126978
4021	2505	126406	350	309	0	129570
4022	1373	1403	179	127876	0	130831
4023	682	951	159	128947	0	130739
4024	473	585	127474	2345	0	130877
4025	500	271	1412	124750	0	126933
4026	473	180	946	128595	0	130194
4027	128848	216	281	2547	0	131892
4028	1714	130218	406	1292	0	133630
4029	1347	1491	190	130675	0	133703
4030	739	1018	241	133176	0	135174
4031	635	413	187	134339	0	135574
4032	132729	323	204	2904	0	136160
4033	1923	212	215	134195	0	136545
4034	134692	225	264	2250	0	137431
4035	2039	240	312	134980	0	137571
4036	1498	183	228	136832	0	138741
4037	795	405	128921	2871	0	132992
4038	113759	355	1687	1829	0	117630
4039	1972	128141	1271	846	0	132230
4040	132431	1533	351	878	0	135193
4041	2234	1050	281	130420	0	133985
4042	1644	422	193	132265	0	134524
4043	132392	260	211	3023	0	135886
4044	134127	209	242	1794	0	136372
4045	3177	291	178	139048	0	142694
4046	1722	541	139417	2388	0	144068
4047	906	423	138201	1784	0	141314
4048	633	144909	3117	925	0	149584
4049	147609	2198	1472	866	0	152145
4050	147612	1392	507	773	0	150284
4051	3717	500	301	145984	0	150502
4052	1867	152493	478	2494	0	157332
4053	1089	2276	216	153301	0	156882
4054	930	1527	231	145563	0	148251
4055	637	142127	518	3796	0	147078
4056	141834	2283	390	2108	0	146615
4057	2721	1614	409	141042	0	145786
4058	1885	145557	575	2528	0	150545
4059	943	151170	532	1800	0	154445
4060	149898	3314	340	1036	0	154588
4061	2832	1993	149022	788	0	154635
4062	149305	842	2306	782	0	153235
4063	3203	745	1356	150861	0	156165
4064	2189	502	438	149841	0	152970
4065	1075	151910	616	3854	0	157455
4066	1220	2922	287	152479	0	156908
4067	1104	1935	152488	3212	0	158739
4068	896	150075	2479	2189	0	155639
4069	800	152630	1634	1152	0	156216
4070	148510	3341	616	1107	0	153574
4071	2559	152153	738	998	0	156448
4072	1855	2606	400	150358	0	155219
4073	926	152717	588	2792	0	157023
4074	1000	2585	319	153137	0	157041
4075	914	1763	300	154509	0	157486
4076	807	1133	148802	4175	0	154917
4077	873	734	2267	146678	0	150552
4078	830	668	1464	149746	0	152708
4079	145364	754	528	4258	0	150904
4080	2877	1024	145414	2464	0	151779
4081	2226	716	2283	147918	0	153143
4082	1074	1027	148779	3430	0	154310
4083	142480	758	2615	2602	0	148455
4084	2824	151330	1903	1751	0	157808
4085	160397	2676	773	1714	0	165560
4086	3450	1816	695	162585	0	168546
4087	2414	1016	514	165089	0	169033
4088	1212	1080	162144	5185	0	169621
4089	143965	845	2825	3476	0	151111
4090	3252	165043	2131	1828	0	172254
4091	155254	3209	845	1849	0	161157
4092	3681	2159	639	161275	0	167754
4093	2499	165840	925	3562	0	172826
4094	165055	3304	608	2703	0	171670
4095	3464	169359	823	1589	0	175235
4096	2544	3464	527	167979	0	174514
4097	1505	2328	475	170206	0	174514
4098	1328	1107	643	168393	0	171471
4099	1153	165237	944	5406	0	172740
4100	1267	3318	633	166867	0	172085
4101	1344	2335	524	168314	0	172517
4102	161874	1152	554	5488	0	169068
4103	163089	1074	495	3230	0	167888
4104	164024	1150	538	1820	0	167532
4105	5191	1425	162306	1666	0	170588
4106	162481	1185	3008	1708	0	168382
4107	166445	1054	1957	1732	0	171188
4108	160467	1169	909	1752	0	164297
4109	5193	1446	152167	1596	0	160402
4110	157307	1079	2347	1624	0	162357
4111	3887	997	1659	162001	0	168544
4112	2601	1265	159885	3701	0	167452
4113	1487	159244	3046	2803	0	166580
4114	1553	4857	1822	147666	0	155898
4115	1096	151687	1149	2915	0	156847
4116	1146	151909	960	2171	0	156186
4117	142840	3168	967	1209	0	148184
4118	2658	1582	510	141803	0	146553
4119	143384	706	553	2676	0	147319
4120	2634	672	398	143452	0	147156
4121	142655	670	509	2752	0	146586
4122	2652	684	427	142657	0	146420
4123	141937	747	402	2739	0	145825
4124	2582	1038	136966	1831	0	142417
4125	1860	767	2000	138025	0	142652
4126	1122	966	140078	2632	0	144798
4127	998	931	133482	1896	0	137307
4128	963	946	139328	1171	0	142408
4129	1015	906	2981	135212	0	140114
4130	876	859	137763	2704	0	142202
4131	134852	550	2102	1966	0	139470
4132	2382	651	1271	138062	0	142366
4133	1670	825	145484	2745	0	150724
4134	1064	522	2020	145169	0	148775
4135	939	471	1322	147575	0	150307
4136	959	933	154648	3504	0	160044
4137	1083	505	2102	153821	0	157511
4138	1132	502	1389	151734	0	154757
4139	1305	156515	978	3185	0	161983
4140	156284	1842	614	2044	0	160784
4141	157034	1178	567	1251	0	160030
4142	3246	1032	153942	1125	0	159345
4143	149088	421	2008	1146	0	152663
4144	2429	806	150435	951	0	154621
4145	1541	770	144108	832	0	147251
4146	872	778	144592	767	0	147009
4147	1121	2120	2487	136181	0	141909
4148	673	804	139535	1794	0	142806
4149	661	522	1364	135541	0	138088
4150	595	272	892	137301	0	139060
4151	649	232	444	136516	0	137841
4152	635	257	411	135812	0	137115
4153	133512	253	375	2270	0	136410
4154	132646	263	380	1458	0	134747
4155	1926	136057	698	913	0	139594
4156	1182	1174	391	137385	0	140132
4157	716	1172	139931	1627	0	143446
4158	584	142669	1740	1224	0	146217
4159	774	1653	1043	146479	0	149949
4160	505	1333	149579	1933	0	153350
4161	645	337	1842	145913	0	148737
4162	429	660	148693	2055	0	151837
4163	441	640	146746	1329	0	149156
4164	539	286	2541	148361	0	151727
4165	493	262	1230	150316	0	152301
4166	149943	167	506	2967	0	153583
4167	1868	224	446	149130	0	151668
4168	147716	216	398	2331	0	150661
4169	1769	147493	707	1552	0	151521
4170	1185	151844	740	842	0	154611
4171	673	2489	343	153405	0	156910
4172	154738	1024	393	2192	0	158347
4173	1846	156423	810	1451	0	160530
4174	1413	1726	404	159919	0	163462
4175	165704	989	491	2278	0	169462
4176	167112	320	436	1583	0	169451
4177	164840	240	528	892	0	166500
4178	164643	210	512	817	0	166182
4179	169207	209	447	804	0	170667
4180	3025	696	163498	626	0	167845
4181	1445	577	161189	632	0	163843
4182	577	162050	2820	645	0	166092
4183	787	2374	1508	159673	0	164342
4184	523	1441	163418	1822	0	167204
4185	485	865	157476	1110	0	159936
4186	549	663	2379	153353	0	156944
4187	421	565	166549	1757	0	169292
4188	391	621	166039	1226	0	168277
4189	308	204014	3059	691	0	208072
4190	203918	3081	1264	642	0	208905
4191	2951	224879	888	552	0	229270
4192	1935	3744	404	223412	0	229495
4193	235505	1681	366	3761	0	241313
4194	3871	239901	1028	1967	0	246767
4195	2233	4069	409	235142	0	241853
4196	580	2464	240185	4185	0	247414
4197	237245	536	4068	2212	0	244061
4198	246020	461	2032	887	0	249400
4199	251539	283	560	813	0	253195
4200	6469	340	410	249110	0	256329
4201	2593	1173	250253	4972	0	258991
4202	770	251789	4920	2474	0	259953
4203	1090	4419	2124	247926	0	255559
4204	247677	2123	690	4677	0	255167
4205	4791	1101	250928	2276	0	259096
4206	2500	242561	4971	969	0	251001
4207	942	4759	250554	688	0	256943
4208	244013	2173	4770	805	0	251761
4209	255159	616	2493	826	0	259094
4210	254520	545	707	906	0	256678
4211	6909	825	249422	683	0	257839
4212	2917	244969	5067	727	0	253680
4213	1363	4510	2457	243530	0	251860
4214	1226	2235	903	249100	0	253464
4215	1103	675	844	248531	0	251153
4216	918	1181	244067	6671	0	252837
4217	234145	439	4783	3152	0	242519
4218	5161	1039	248791	953	0	255944
4219	247440	574	5078	1169	0	254261
4220	254045	584	2652	1078	0	258359
4221	256150	525	882	1111	0	258668
4222	247278	566	915	1138	0	249897
4223	7239	1208	248740	708	0	257895
4224	3601	606	4946	245736	0	254889
4225	1646	1174	248113	4836	0	255769
4226	1443	240533	5384	2887	0	250247
4227	1350	250024	3114	1282	0	255770
4228	247767	6606	1023	1309	0	256705
4229	241277	2923	1095	1170	0	246465
4230	7019	248511	1624	1266	0	258420
4231	252055	5142	1006	1255	0	259458
4232	6413	3460	217853	1299	0	229025
4233	238763	1126	4148	1234	0	245271
4234	6039	244547	3263	1117	0	254966
4235	251417	5241	1157	1132	0	258947
4236	243961	2877	1196	1160	0	249194
4237	8747	1167	1071	237328	0	248313
4238	4510	1081	1125	241963	0	248679
4239	238025	1039	1281	7562	0	247907
4240	6696	1131	1170	239495	0	248492
4241	240002	1082	1284	6110	0	248478
4242	7142	949	1127	239634	0	248852
4243	237740	890	1403	5987	0	246020
4244	234630	1025	1272	3550	0	240477
4245	8421	231880	1918	1501	0	243720
4246	4360	237363	2024	1350	0	245097
4247	228198	7376	1294	1433	0	238301
4248	6376	233462	1999	1457	0	243294
4249	4528	5935	1374	227928	0	239765
4250	2945	3253	1343	232848	0	240389
4251	223114	1580	1384	7982	0	234060
4252	6237	226794	2056	4012	0	239099
4253	4340	225444	1940	2105	0	233829
4254	2626	228639	2170	1909	0	235344
4255	3872	7695	218870	1775	0	232212
4256	2875	4046	221345	1672	0	229938
4257	3261	2200	223225	1740	0	230426
4258	3676	4538	7648	182698	0	198560
4259	2698	208181	3981	4566	0	219426
4260	208495	5158	1433	3107	0	218193
4261	6497	3410	206087	1818	0	217812
4262	4263	1781	206531	2018	0	214593
4263	2727	1686	211901	1811	0	218125
4264	3217	1394	7361	203370	0	215342
4265	3064	1231	3605	209255	0	217155
4266	3275	1357	1710	211607	0	217949
4267	207885	1298	1517	7048	0	217748
4268	208968	1371	1533	3288	0	215160
4269	210829	1236	1625	1693	0	215383
4270	8519	1243	1740	201676	0	213178
4271	4290	1615	196352	5013	0	207270
4272	2679	1954	200387	3012	0	208032
4273	2935	1215	6556	195169	0	205875
4274	3051	1182	3166	194032	0	201431
4275	189367	1130	1637	6686	0	198820
4276	6105	187074	1923	3511	0	198613
4277	188683	4425	1269	1982	0	196359
4278	6156	187326	1832	2032	0	197346
4279	4681	4699	1131	184642	0	195153
4280	2733	3002	185332	5493	0	196560
4281	3151	1695	4662	184517	0	194025
4282	186141	1108	2500	5641	0	195390
4283	6050	1433	183883	3511	0	194877
4284	178328	1025	4602	2000	0	185955
4285	6146	1373	178800	1616	0	187935
4286	4349	1559	173996	1253	0	181157
4287	159164	1121	5786	1466	0	167537
4288	5620	1351	163259	1398	0	171628
4289	2507	907	122053	850	0	126317
4290	2378	118269	4675	926	0	126248
4291	95610	3608	5109	1575	0	105902
4292	89547	852	1054	477	0	91930
4293	88551	232	391	494	0	89668
4294	1764	398	84583	369	0	87114
4295	80413	231	1126	426	0	82196
4296	1257	84008	813	338	0	86416
4297	82153	1057	242	337	0	83789
4298	1277	825	81984	257	0	84343
4299	893	1229	941	76262	0	79325
4300	292	291	75966	871	0	77420
4301	239	74983	971	546	0	76739
4302	441	604	651	71024	0	72720
4303	317	383	209	72421	0	73330
4304	72755	116	137	988	0	73996
4305	72666	85	148	524	0	73423
4306	72635	92	130	283	0	73140
4307	72902	77	137	253	0	73369
4308	71860	91	152	255	0	72358
4309	1014	260	71914	199	0	73387
4310	601	91	621	71021	0	72334
4311	270	312	74692	656	0	75930
4312	302	110	679	74502	0	75593
4313	75637	90	472	832	0	77031
4314	76681	82	207	614	0	77584
4315	77427	100	166	284	0	77977
4316	77354	93	202	259	0	77908
4317	1228	303	79286	225	0	81042
4318	701	88	814	78132	0	79735
4319	321	314	78715	928	0	80278
4320	270	79443	998	788	0	81499
4321	268	79930	754	270	0	81222
4322	422	1484	263	75944	0	78113
4323	318	584	200	84543	0	85645
4324	332	227	217	87236	0	88012
4325	307	106	191	92085	0	92689
4326	90193	92	182	2035	0	92502
4327	1287	89757	365	1046	0	92455
4328	88068	1112	157	418	0	89755
4329	1380	714	139	87374	0	89607
4330	968	210	147	84373	0	85698
4331	344	86972	314	1773	0	89403
4332	406	1218	111	87354	0	89089
4333	86258	708	127	1378	0	88471
4334	1234	83302	286	948	0	85770
4335	757	81453	228	345	0	82783
4336	80702	1648	126	280	0	82756
4337	1299	805	90	80446	0	82640
4338	776	81332	244	1208	0	83560
4339	481	1161	106	82557	0	84305
4340	82397	733	115	1399	0	84644
4341	1293	291	95	82344	0	84023
4342	904	126	90	83106	0	84226
4343	81974	106	90	1984	0	84154
4344	1350	139	92	81877	0	83458
4345	845	82040	225	1399	0	84509
4346	420	1111	84	81611	0	83226
4347	241	82440	240	1372	0	84293
4348	308	1238	87	82977	0	84610
4349	82140	747	72	1445	0	84404
4350	82997	240	111	1009	0	84357
4351	1957	214	79	83151	0	85401
4352	953	394	82124	1353	0	84824
4353	78196	149	1102	1074	0	80521
4354	1344	353	82098	435	0	84230
4355	80163	175	1188	417	0	81943
4356	81809	158	727	405	0	83099
4357	1945	264	80017	414	0	82640
4358	918	79135	1308	316	0	81677
4359	79308	1137	804	372	0	81621
4360	79564	747	216	412	0	80939
4361	1797	455	82748	257	0	85257
4362	81461	201	1077	392	0	83131
4363	81696	157	694	378	0	82925
4364	82825	144	191	407	0	83567
4365	1969	154	121	81026	0	83270
4366	1096	159	127	81135	0	82517
4367	428	81563	330	1776	0	84097
4368	467	1092	107	82978	0	84644
4369	426	759	100	83419	0	84704
4370	330	493	80770	1929	0	83522
4371	318	400	77091	1078	0	78887
4372	71852	193	1683	633	0	74361
4373	77746	201	785	450	0	79182
4374	1863	77466	433	415	0	80177
4375	1080	1189	192	78032	0	80493
4376	496	1013	80145	1429	0	83083
4377	467	325	1207	81144	0	83143
4378	455	253	786	82771	0	84265
4379	451	211	246	84411	0	85319
4380	315	84590	334	2286	0	87525
4381	432	1429	171	85859	0	87891
4382	438	986	143	87259	0	88826
4383	384	487	85480	2356	0	88707
4384	383	411	85708	1273	0	87775
4385	80348	248	2104	681	0	83381
4386	85786	232	997	582	0	87597
4387	2361	235	319	90465	0	93380
4388	1330	229	213	89087	0	90859
4389	626	233	224	91542	0	92625
4390	518	415	86637	3157	0	90727
4391	417	85299	1907	1796	0	89419
4392	393	2059	86139	735	0	89326
4393	83575	1158	2001	671	0	87405
4394	2083	581	87469	547	0	90680
4395	86231	270	2044	584	0	89129
4396	85705	250	1255	549	0	87759
4397	88501	251	433	514	0	89699
4398	3255	205	306	85720	0	89486
4399	1611	401	85923	2122	0	90057
4400	662	86736	2087	1524	0	91009
4401	672	1806	1230	85853	0	89561
4402	606	1191	399	88292	0	90488
4403	510	629	89856	3176	0	94171
4404	393	89109	2350	1773	0	93625
4405	92675	2104	1439	750	0	96968
4406	2532	96508	703	572	0	100315
4407	103651	2628	369	574	0	107222
4408	3347	1522	383	104122	0	109374
4409	2002	697	107665	3063	0	113427
4410	772	108127	3222	1995	0	114116
4411	108882	2925	1873	845	0	114525
4412	3216	1953	109384	560	0	115113
4413	109333	566	3231	553	0	113683
4414	111053	303	1840	595	0	113791
4415	4718	488	109882	493	0	115581
4416	108491	264	3139	534	0	112428
4417	109445	234	1923	454	0	112056
4418	108027	256	702	426	0	109411
4419	4897	104515	713	455	0	110580
4420	102739	2792	429	435	0	106395
4421	3368	104354	625	467	0	108814
4422	2083	3095	103248	529	0	108955
4423	776	103205	3009	455	0	107445
4424	96698	3030	2131	509	0	102368
4425	98426	1486	543	416	0	100871
4426	100076	465	394	353	0	101288
4427	4338	339	334	95445	0	100456
4428	2107	277	368	98558	0	101310
4429	94743	288	356	3902	0	99289
4430	98037	237	304	1772	0	100350
4431	4284	250	307	94359	0	99200
4432	2048	439	94819	2613	0	99919
4433	776	91824	2674	1591	0	96865
4434	641	95384	1693	609	0	98327
4435	691	3749	563	92685	0	97688
4436	662	1744	93552	2620	0	98578
4437	775	708	2564	87440	0	91487
4438	584	91703	1688	2442	0	96417
4439	743	2570	536	91521	0	95370
4440	640	1710	91333	2745	0	96428
4441	655	576	2583	91709	0	95523
4442	633	644	95905	2929	0	100111
4443	745	385	2825	95233	0	99188
4444	661	643	98423	2848	0	102575
4445	648	579	98331	1715	0	101273
4446	93218	414	4014	745	0	98391
4447	98521	438	1817	585	0	101361
4448	100109	374	757	582	0	101822
4449	4304	97371	768	531	0	102974
4450	2320	2615	614	98702	0	104251
4451	97126	1554	549	2778	0	102007
4452	100953	605	523	1691	0	103772
4453	101283	450	551	774	0	103058
4454	4502	649	98820	631	0	104602
4455	2231	94512	2864	630	0	100237
4456	1104	100333	1944	606	0	103987
4457	98505	3761	697	592	0	103555
4458	3389	1817	607	97908	0	103721
4459	98346	701	635	2734	0	102416
4460	3485	808	96352	1656	0	102301
4461	2368	561	2715	93965	0	99609
4462	1375	579	1694	96490	0	100138
4463	1243	575	732	91775	0	94325
4464	1113	94782	802	3878	0	100575
4465	94962	2704	590	1857	0	100113
4466	96349	1654	607	829	0	99439
4467	4348	94316	840	667	0	100171
4468	2418	2775	593	93773	0	99559
4469	94888	1695	522	2827	0	99932
4470	3476	771	519	94758	0	99524
4471	95434	536	519	3001	0	99490
4472	3419	93849	767	1909	0	99944
4473	94576	2762	538	778	0	98654
4474	3449	1870	92655	694	0	98668
4475	2250	93239	2706	825	0	99020
4476	1352	2845	92304	805	0	97306
4477	1706	2754	3000	88765	0	96225
4478	89376	808	1752	2739	0	94675
4479	90977	545	746	1642	0	93910
4480	90720	522	571	789	0	92602
4481	4384	477	537	86817	0	92215
4482	88227	383	522	2772	0	91904
4483	3358	430	482	87303	0	91573
4484	87500	373	520	2995	0	91388
4485	88895	450	545	1841	0	91731
4486	4091	660	87416	959	0	93126
4487	1866	482	83069	590	0	86007
4488	918	570	83225	577	0	85290
4489	823	627	2999	78799	0	83248
4490	80336	369	1765	2199	0	84669
4491	2359	346	594	80892	0	84191
4492	1628	304	491	83074	0	85497
4493	85484	324	385	3070	0	89263
4494	85765	263	418	1649	0	88095
4495	86716	249	383	870	0	88218
4496	87626	248	355	730	0	88959
4497	3352	229	352	85168	0	89101
4498	84899	241	385	2210	0	87735
4499	2427	83378	643	1314	0	87762
4500	83595	1748	438	731	0	86512
4501	83153	1068	530	648	0	85399
4502	2888	601	79276	527	0	83292
4503	74344	321	1581	470	0	76716
4504	2149	392	75086	401	0	78028
4505	1068	274	69367	373	0	71082
4506	780	362	68766	315	0	70223
4507	699	1455	1378	56818	0	60350
4508	306	219	58689	710	0	59924
4509	324	316	494	53579	0	54713
4510	242	171	56176	518	0	57107
4511	190	238	59808	408	0	60644
4512	211	123	628	57898	0	58860
4513	208	55	312	62149	0	62724
4514	160	218	64475	621	0	65474
4515	60202	50	455	453	0	61160
4516	540	41	336	64263	0	65180
4517	430	73	111	64921	0	65535
4518	64951	32	120	776	0	65879
4519	539	37	99	65944	0	66619
4520	403	275	65417	542	0	66637
4521	191	244	62072	373	0	62880
4522	182	105	659	61915	0	62861
4523	147	252	63894	497	0	64790
4524	114	65546	592	392	0	66644
4525	182	389	335	64163	0	65069
4526	65007	255	94	540	0	65896
4527	421	272	65155	401	0	66249
4528	62319	48	450	259	0	63076
4529	487	49	333	66730	0	67599
4530	365	40	108	67289	0	67802
4531	164	34	92	67769	0	68059
4532	160	43	94	67504	0	67801
4533	66496	33	86	847	0	67462
4534	455	70582	202	472	0	71711
4535	420	509	95	71566	0	72590
4536	201	386	81	71712	0	72380
4537	185	67	94	72210	0	72556
4538	165	49	97	72129	0	72440
4539	70702	49	92	1112	0	71955
4540	553	70756	264	632	0	72205
4541	69858	507	101	289	0	70755
4542	579	67164	168	235	0	68146
4543	389	67334	175	244	0	68142
4544	65057	791	97	296	0	66241
4545	619	570	66574	193	0	67956
4546	499	104	575	66612	0	67790
4547	68145	73	402	755	0	69375
4548	68570	82	134	621	0	69407
4549	62652	216	269	427	0	63564
4550	68767	84	112	285	0	69248
4551	954	72436	252	219	0	73861
4552	74033	693	98	338	0	75162
4553	75897	477	92	328	0	76794
4554	1297	81905	247	269	0	83718
4555	773	1044	88	84884	0	86789
4556	288	874	85245	1262	0	87669
4557	317	213	1116	85966	0	87612
4558	84405	144	726	1420	0	86695
4559	1210	307	89063	836	0	91416
4560	794	87898	1322	413	0	90427
4561	302	1368	89857	364	0	91891
4562	355	873	1268	81840	0	84336
4563	150	87724	1027	1091	0	89992
4564	89379	1132	207	853	0	91571
4565	1150	90695	368	304	0	92517
4566	909	1243	158	89013	0	91323
4567	345	853	133	91778	0	93109
4568	89790	243	157	1975	0	92165
4569	1320	217	120	88265	0	89922
4570	841	89789	301	1320	0	92251
4571	89628	1179	131	1087	0	92025
4572	90494	808	112	472	0	91886
4573	1837	91521	285	435	0	94078
4574	91726	1243	115	409	0	93493
4575	1340	90814	292	347	0	92793
4576	90265	1291	117	431	0	92104
4577	1390	90695	274	365	0	92724
4578	1099	1345	153	85285	0	87882
4579	471	931	119	90935	0	92456
4580	88713	325	120	1911	0	91069
4581	90819	265	136	1067	0	92287
4582	1931	90500	296	512	0	93239
4583	1083	1514	88384	396	0	91377
4584	89338	907	1207	435	0	91887
4585	1560	333	782	90398	0	93073
4586	1057	91432	415	1318	0	94222
4587	609	1324	166	92287	0	94386
4588	91804	930	135	1515	0	94384
4589	92801	378	146	1148	0	94473
4590	94327	330	145	531	0	95333
4591	2336	339	112	92417	0	95204
4592	1210	502	92041	1483	0	95236
4593	85690	289	1162	1172	0	88313
4594	89146	286	806	554	0	90792
4595	90888	257	254	465	0	91864
4596	2253	89067	328	392	0	92040
4597	1353	1321	187	89155	0	92016
4598	577	91919	391	1347	0	94234
4599	607	1447	190	92003	0	94247
4600	610	1050	154	94032	0	95846
4601	538	598	96927	2174	0	100237
4602	607	365	1392	103546	0	105910
4603	576	343	920	107159	0	108998
4604	106870	309	273	2935	0	110387
4605	1913	108220	445	1562	0	112140
4606	109413	1877	217	713	0	112220
4607	114290	1380	192	595	0	116457
4608	3433	615	185	113596	0	117829
4609	1832	635	115608	2226	0	120301
4610	730	112506	2099	1660	0	116995
4611	587	111671	1540	638	0	114436
4612	108284	3175	375	650	0	112484
4613	2216	110728	530	562	0	114036
4614	1751	2155	227	106537	0	110670
4615	744	1491	244	110571	0	113050
4616	600	724	108244	3273	0	112841
4617	596	678	107560	1789	0	110623
4618	573	107835	3219	649	0	112276
4619	663	2242	1441	107511	0	111857
4620	108018	1601	345	2171	0	112135
4621	2263	583	310	110194	0	113350
4622	1571	746	110804	2483	0	115604
4623	710	501	2012	110615	0	113838
4624	105600	428	1405	2515	0	109948
4625	107270	451	389	1843	0	109953
4626	3286	107422	582	781	0	112071
4627	108227	2083	284	780	0	111374
4628	2354	108700	489	669	0	112212
4629	109081	2155	277	698	0	112211
4630	2639	1594	258	106638	0	111129
4631	1829	739	106509	2237	0	111314
4632	897	683	105662	1681	0	108923
4633	734	108430	3158	674	0	112996
4634	1023	1997	1533	104259	0	108812
4635	673	1500	411	107786	0	110370
4636	106658	504	335	3261	0	110758
4637	108149	425	275	1841	0	110690
4638	110704	483	261	850	0	112298
4639	3567	407	278	108089	0	112341
4640	1991	472	302	110595	0	113360
4641	959	430	313	112010	0	113712
4642	722	630	108362	3388	0	113102
4643	695	648	108447	1877	0	111667
4644	102939	430	3016	1008	0	107393
4645	106981	420	1535	865	0	109801
4646	3324	656	107445	627	0	112052
4647	104293	404	1975	821	0	107493
4648	103282	378	1483	874	0	106017
4649	3263	521	104356	792	0	108932
4650	1754	104992	2183	764	0	109693
4651	1121	2281	1636	100423	0	105461
4652	804	1493	102785	2053	0	107135
4653	715	105391	2060	1620	0	109786
4654	1068	2354	1253	91306	0	95981
4655	581	98399	670	1627	0	101277
4656	578	1824	95084	1395	0	98881
4657	676	1475	96797	604	0	99552
4658	750	1026	2693	95109	0	99578
4659	97013	442	1328	1919	0	100702
4660	1980	436	398	97517	0	100331
4661	97345	421	355	2004	0	100125
4662	2074	447	387	97909	0	100817
4663	1507	629	96829	1991	0	100956
4664	91294	465	1815	1690	0	95264
4665	1890	611	98160	683	0	101344
4666	96525	421	1958	634	0	99538
4667	2011	445	1459	93999	0	97914
4668	1509	97466	738	1964	0	101677
4669	811	1716	463	96659	0	99649
4670	626	100269	698	2045	0	103638
4671	881	1748	519	91921	0	95069
4672	639	99758	728	1883	0	103008
4673	97343	1720	527	1601	0	101191
4674	98782	1285	445	908	0	101420
4675	98396	435	478	841	0	100150
4676	2995	553	97067	809	0	101424
4677	1815	426	1841	96220	0	100302
4678	890	590	98857	2050	0	102387
4679	742	95250	2118	1652	0	99762
4680	750	98355	1654	749	0	101508
4681	95318	2706	629	632	0	99285
4682	2194	1525	96413	631	0	100763
4683	1714	94730	2033	577	0	99054
4684	1137	1736	1486	96118	0	100477
4685	95770	1373	654	2014	0	99811
4686	1898	97419	790	1641	0	101748
4687	98945	1831	596	756	0	102128
4688	2081	1685	98686	690	0	103142
4689	1717	590	1892	99596	0	103795
4690	844	475	1535	102328	0	105182
4691	751	414	635	104767	0	106567
4692	715	103507	756	3200	0	108178
4693	895	2088	521	100344	0	103848
4694	783	1714	104867	2399	0	109763
4695	886	450	2085	103113	0	106534
4696	796	395	1663	105826	0	108680
4697	838	320	642	104239	0	106039
4698	707	102301	811	3314	0	107133
4699	864	1792	571	103038	0	106265
4700	921	1457	550	101442	0	104370
4701	513	96102	663	3086	0	100364
4702	87418	1484	395	1506	0	90803
4703	1503	88535	515	612	0	91165
4704	1072	86950	451	491	0	88964
4705	751	2562	334	84209	0	87856
4706	367	1206	83274	1625	0	86472
4707	71425	393	1404	1096	0	74318
4708	1264	250	867	79470	0	81851
4709	923	339	77542	1444	0	80248
4710	224	77934	1358	1180	0	80696
4711	315	1257	867	78022	0	80461
4712	317	1080	78947	1374	0	81718
4713	344	327	1261	76933	0	78865
4714	335	293	888	77997	0	79513
4715	75858	187	249	2087	0	78381
4716	1195	75721	399	1165	0	78480
4717	75504	1173	234	533	0	77444
4718	1293	978	76691	446	0	79408
4719	912	76787	1318	442	0	79459
4720	403	1375	77501	399	0	79678
4721	416	1185	1262	77375	0	80238
4722	77307	271	953	1406	0	79937
4723	1255	252	232	77065	0	78804
4724	77958	201	200	1361	0	79720
4725	78781	218	200	1034	0	80233
4726	2030	209	203	79702	0	82144
4727	1014	402	82489	1369	0	85274
4728	367	395	83757	1110	0	85629
4729	403	273	1979	85305	0	87960
4730	370	196	1024	87901	0	89491
4731	86835	170	316	2282	0	89603
4732	1429	200	229	86370	0	88228
4733	1071	84961	403	1553	0	87988
4734	436	1292	224	86253	0	88205
4735	373	1036	227	87186	0	88822
4736	85067	274	212	2420	0	87973
4737	1314	86768	396	1351	0	89829
4738	1166	1360	204	87613	0	90343
4739	433	1072	203	87149	0	88857
4740	290	86373	349	2447	0	89459
4741	357	1390	211	87753	0	89711
4742	359	1131	160	86563	0	88213
4743	242	85353	360	2580	0	88535
4744	350	1411	186	86415	0	88362
4745	304	1122	215	84997	0	86638
4746	205	84112	365	2534	0	87216
4747	305	1408	200	85776	0	87689
4748	83998	1147	160	1950	0	87255
4749	84212	370	164	1546	0	86292
4750	83346	311	169	774	0	84600
4751	83242	314	166	691	0	84413
4752	2178	79734	308	670	0	82890
4753	75426	1223	132	583	0	77364
4754	1309	74753	241	545	0	76848
4755	944	73481	253	417	0	75095
4756	728	1999	316	72366	0	75409
4757	273	1084	72995	1249	0	75601
4758	68417	345	1011	1109	0	70882
4759	72415	216	779	492	0	73902
4760	1791	423	75763	433	0	78410
4761	73657	229	1059	484	0	75429
4762	77329	186	812	474	0	78801
4763	1854	75390	328	413	0	77985
4764	84378	1079	155	629	0	86241
4765	1368	921	149	83153	0	85591
4766	1117	290	143	83934	0	85484
4767	430	243	136	84847	0	85656
4768	412	212	116	84768	0	85508
4769	83653	214	142	2219	0	86228
4770	1297	244	130	83195	0	84866
4771	1129	205	133	83844	0	85311
4772	414	455	81577	2079	0	84525
4773	72762	263	1083	1474	0	75582
4774	81870	218	841	662	0	83591
4775	82610	223	239	525	0	83597
4776	1954	81006	304	591	0	83855
4777	1113	82392	334	507	0	84346
4778	81778	1768	151	519	0	84216
4779	1362	1001	129	81659	0	84151
4780	1064	83970	302	1417	0	86753
4781	497	1189	135	83873	0	85694
4782	376	84544	297	1453	0	86670
4783	83669	1247	107	1258	0	86281
4784	1254	85254	256	618	0	87382
4785	1094	1283	116	84062	0	86555
4786	536	987	95	85509	0	87127
4787	454	514	85469	2112	0	88549
4788	397	89100	1243	1294	0	92034
4789	514	1603	853	91941	0	94911
4790	391	1378	93821	1740	0	97330
4791	368	590	96860	1258	0	99076
4792	449	411	2446	98220	0	101526
4793	465	277	1432	97360	0	99534
4794	301	96513	521	2999	0	100334
4795	327	100795	357	1705	0	103184
4796	416	2946	161	100408	0	103931
4797	100689	1589	155	2050	0	104483
4798	1997	440	118	106207	0	108762
4799	108012	339	128	2412	0	110891
4800	109956	352	121	1829	0	112258
4801	111875	302	127	778	0	113082
4802	3530	554	110337	660	0	115081
4803	109757	267	1862	555	0	112441
4804	2438	267	1474	111024	0	115203
4805	1947	189	357	112702	0	115195
4806	723	513	110154	3471	0	114861
4807	575	554	110151	1999	0	113279
4808	612	464	3065	105716	0	109857
4809	440	106425	1864	2069	0	110798
4810	436	109599	618	1631	0	112284
4811	681	3005	257	108716	0	112659
4812	108595	1579	212	2184	0	112570
4813	2046	433	233	109966	0	112678
4814	1710	320	245	108336	0	110611
4815	549	109519	431	3260	0	113759
4816	539	1857	206	111527	0	114129
4817	469	1724	110966	2310	0	115469
4818	406	666	106701	1819	0	109592
4819	102655	281	3041	925	0	106902
4820	1877	108595	1885	642	0	112999
4821	109707	1851	462	615	0	112635
4822	109660	1502	297	633	0	112092
4823	3224	523	262	102358	0	106367
4824	1686	108470	490	1781	0	112427
4825	789	1881	240	109031	0	111941
4826	108688	1418	215	2202	0	112523
4827	1901	106341	410	1699	0	110351
4828	104582	1738	167	705	0	107192
4829	1879	104621	399	548	0	107447
4830	105302	1835	190	582	0	107909
4831	105300	1382	237	564	0	107483
4832	2856	103930	459	492	0	107737
4833	1685	1736	235	104544	0	108200
4834	104779	1320	273	1893	0	108265
4835	1887	672	101771	1490	0	105820
4836	1468	568	101383	646	0	104065
4837	782	1089	2649	98908	0	103428
4838	101346	292	1308	1858	0	104804
4839	1785	305	374	102174	0	104638
4840	102497	298	233	2001	0	105029
4841	1916	559	104668	1448	0	108591
4842	104864	280	1575	796	0	107515
4843	111359	255	1191	687	0	113492
4844	2932	235	385	109982	0	113534
4845	1797	235	230	111364	0	113626
4846	809	247	239	111890	0	113185
4847	542	111195	545	2891	0	115173
4848	665	1491	317	111333	0	113806
4849	604	1218	298	113259	0	115379
4850	111760	346	297	2973	0	115376
4851	112062	261	284	1832	0	114439
4852	2703	579	110155	757	0	114194
4853	107447	317	1592	834	0	110190
4854	1901	636	110708	588	0	113833
4855	101694	340	1771	806	0	104611
4856	1991	525	109422	681	0	112619
4857	1522	507	107534	651	0	110214
4858	799	464	2465	104904	0	108632
4859	579	489	107203	1951	0	110222
4860	102507	315	1739	1694	0	106255
4861	1725	339	1257	109629	0	112950
4862	111434	295	463	1994	0	114186
4863	111494	305	418	1603	0	113820
4864	105196	293	379	766	0	106634
4865	103970	218	332	684	0	105204
4866	2937	497	102640	626	0	106700
4867	1938	214	1431	102284	0	105867
4868	992	437	104665	1728	0	107822
4869	936	251	1610	103506	0	106303
4870	102656	205	1285	1872	0	106018
4871	1900	209	516	104745	0	107370
4872	105556	252	412	1965	0	108185
4873	1915	260	388	106111	0	108674
4874	1545	263	379	107181	0	109368
4875	106254	285	390	2733	0	109662
4876	1753	105729	584	1659	0	109725
4877	106418	1479	248	823	0	108968
4878	1805	106049	472	692	0	109018
4879	1608	1522	251	106556	0	109937
4880	105026	1117	266	1859	0	108268
4881	1719	661	105433	1543	0	109356
4882	1582	279	1420	106228	0	109509
4883	106147	306	1169	1860	0	109482
4884	108676	279	443	1449	0	110847
4885	2853	292	366	106648	0	110159
4886	1707	109347	562	1778	0	113394
4887	809	109355	519	1339	0	112022
4888	916	4148	292	102017	0	107373
4889	103146	1035	295	1566	0	106042
4890	1514	100306	299	1015	0	103134
4891	758	95383	222	352	0	96715
4892	92101	1473	168	294	0	94036
4893	966	92092	262	261	0	93581
4894	94758	1047	240	311	0	96356
4895	1298	618	156	94202	0	96274
4896	793	271	90	93570	0	94724
4897	263	93461	184	1521	0	95429
4898	170	91927	182	751	0	93030
4899	87277	1326	65	304	0	88972
4900	930	90649	203	212	0	91994
4901	522	96758	222	179	0	97681
4902	472	1612	101	95680	0	97865
4903	98322	767	43	1319	0	100451
4904	1306	489	104597	842	0	107234
4905	103545	153	1428	317	0	105443
4906	1767	162	863	113895	0	116687
4907	1001	374	116514	1828	0	119717
4908	390	369	119530	1156	0	121445
4909	327	99	2770	121017	0	124213
4910	258	420	126316	1931	0	128925
4911	122206	132	2103	1409	0	125850
4912	127632	130	1242	571	0	129575
4913	3110	427	128877	278	0	132692
4914	1589	126	2045	126957	0	130717
4915	531	136	1334	128921	0	130922
4916	130161	110	485	3317	0	134073
4917	2240	237	287	123101	0	125865
4918	1381	126790	510	2123	0	130804
4919	127303	1913	237	1458	0	130911
4920	2080	127765	416	638	0	130899
4921	1427	131914	387	533	0	134261
4922	734	3102	253	129408	0	133497
4923	491	1497	183	130639	0	132810
4924	482	484	178	131898	0	133042
4925	436	663	127011	3596	0	131706
4926	114928	382	2059	1992	0	119361
4927	2057	125515	1520	805	0	129897
4928	128182	2155	360	695	0	131392
4929	129652	1411	199	691	0	131953
4930	3527	558	204	127921	0	132210
4931	1723	129226	456	2319	0	133724
4932	815	2232	243	132330	0	135620
4933	648	1449	200	134070	0	136367
4934	134130	583	207	3694	0	138614
4935	133319	399	243	2018	0	135979
4936	3521	688	131583	794	0	136586
4937	132083	397	2015	799	0	135294
4938	2632	135583	1515	752	0	140482
4939	136715	2324	468	711	0	140218
4940	2764	144457	446	639	0	148306
4941	1999	2770	258	140274	0	145301
4942	1033	1712	268	140011	0	143024
4943	693	139851	528	3964	0	145036
4944	847	2663	227	143084	0	146821
4945	743	1946	252	144034	0	146975
4946	752	756	325	140970	0	142803
4947	556	139843	507	4465	0	145371
4948	821	2702	289	141927	0	145739
4949	775	1897	312	142509	0	145493
4950	725	838	297	144230	0	146090
4951	597	948	138754	4776	0	145075
4952	129508	634	2544	2826	0	135512
4953	2905	921	140279	1267	0	145372
4954	135890	680	2859	1154	0	140583
4955	3175	818	140702	1090	0	145785
4956	137443	592	2903	1146	0	142084
4957	141168	596	1851	1060	0	144675
4958	4484	795	140499	987	0	146765
4959	2702	562	2712	138496	0	144472
4960	1199	882	134198	3094	0	139373
4961	128028	567	2769	2446	0	133810
4962	3199	845	140554	1338	0	145936
4963	2381	793	138345	1126	0	142645
4964	134454	530	4180	1273	0	140437
4965	3071	139151	2622	1004	0	145848
4966	2502	2743	978	139781	0	146004
4967	142759	1929	870	3225	0	148783
4968	3388	793	846	143316	0	148343
4969	2544	567	859	145749	0	149719
4970	143147	597	805	4753	0	149302
4971	143818	544	756	2896	0	148014
4972	4703	764	141654	1476	0	148597
4973	2724	766	141607	1387	0	146484
4974	1569	561	4347	141438	0	147915
4975	1259	804	144357	3649	0	150069
4976	1383	548	3266	142498	0	147695
4977	1372	501	2294	143012	0	147179
4978	1388	533	1055	147126	0	150102
4979	141967	561	823	5254	0	148605
4980	3259	143806	1118	3126	0	151309
4981	145014	2781	668	1864	0	150327
4982	144268	1942	703	1686	0	148599
4983	4452	143911	992	1735	0	151090
4984	142399	2624	514	1612	0	147149
4985	3452	2273	140258	1325	0	147308
4986	2459	1251	2290	137590	0	143590
4987	139104	770	1627	3234	0	144735
4988	2953	1024	136012	2385	0	142374
4989	133973	672	2111	1480	0	138236
4990	2791	141729	1920	1283	0	147723
4991	159906	2242	833	1286	0	164267
4992	160580	1543	615	1276	0	164014
4993	5314	163414	1008	1091	0	170827
4994	169003	3064	679	1029	0	173775
4995	4783	2065	630	168825	0	176303
4996	3244	1172	553	172578	0	177547
4997	170078	645	592	5329	0	176644
4998	159880	696	571	3384	0	164531
4999	5393	167989	900	1907	0	176189
5000	3174	168514	926	1422	0	174036
5001	1796	5375	454	153555	0	161180
5002	1122	160092	747	3161	0	165122
5003	1128	163008	777	2213	0	167126
5004	150999	4253	694	1277	0	157223
5005	2833	153909	664	893	0	158299
5006	145223	2998	324	735	0	149280
5007	2874	148642	526	700	0	152742
5008	2290	3170	144653	734	0	150847
5009	1134	147127	2275	618	0	151154
5010	141803	3447	1734	1017	0	148001
5011	140285	1641	736	620	0	143282
5012	3412	1241	139708	442	0	144803
5013	2296	502	2138	134475	0	139411
5014	1294	409	1400	141561	0	144664
5015	849	711	140239	3210	0	145009
5016	860	341	2215	136605	0	140021
5017	606	630	140431	2961	0	144628
5018	623	628	136292	1899	0	139442
5019	132327	290	3196	1310	0	137123
5020	2227	138380	2131	801	0	143539
5021	138354	2036	971	693	0	142054
5022	2921	1390	570	138148	0	143029
5023	1867	1232	139302	2365	0	144766
5024	1321	619	2054	132434	0	136428
5025	751	140318	1606	2370	0	145045
5026	141939	2037	842	1535	0	146353
5027	142135	1457	468	1021	0	145081
5028	3547	895	398	141472	0	146312
5029	2193	866	138794	2513	0	144366
5030	130657	513	2015	1695	0	134880
5031	2558	137078	1511	947	0	142094
5032	137451	2101	759	646	0	140957
5033	3311	1544	381	135423	0	140659
5034	136475	961	407	2292	0	140135
5035	3525	748	308	135597	0	140178
5036	2207	1122	134854	2908	0	141091
5037	1682	800	131090	1936	0	135508
5038	125393	461	2833	1983	0	130670
5039	2530	135233	2009	1147	0	140919
5040	131295	1935	1418	847	0	135495
5041	130887	1419	554	730	0	133590
5042	2774	132302	589	475	0	136140
5043	130645	2369	298	678	0	133990
5044	2747	2126	135681	698	0	141252
5045	1741	1467	1643	136109	0	140960
5046	1500	1063	1073	138547	0	142183
5047	1203	916	685	140805	0	143609
5048	982	1322	137932	3218	0	143454
5049	1046	1104	139071	1940	0	143161
5050	860	902	2873	135190	0	139825
5051	672	138320	2306	1930	0	143228
5052	794	143963	1313	1389	0	147459
5053	143723	2874	634	1125	0	148356
5054	143814	1786	697	855	0	147152
5055	2946	148481	1069	1016	0	153512
5056	2076	2200	517	150291	0	155084
5057	1299	1508	603	152525	0	155935
5058	153213	1004	822	3507	0	158546
5059	2586	595	738	157080	0	160999
5060	2129	637	906	156341	0	160013
5061	1604	605	817	157223	0	160249
5062	1257	1069	147296	3793	0	153415
5063	1225	1198	139500	2439	0	144362
5064	144627	501	3070	1849	0	150047
5065	2643	413	2080	153722	0	158858
5066	1854	928	153151	2788	0	158721
5067	1280	1073	147921	1997	0	152271
5068	146614	810	3490	1689	0	152603
5069	3163	957	169221	1163	0	174504
5070	2232	172643	3367	1135	0	179377
5071	1438	2508	2123	186060	0	192129
5072	1181	2317	186993	3025	0	193516
5073	183611	1197	3214	2262	0	190284
5074	3862	926	2158	199441	0	206387
5075	2729	1100	198542	3904	0	206275
5076	1749	521	3515	201986	0	207771
5077	1390	523	2511	204695	0	209119
5078	204636	415	1382	5909	0	212342
5079	3643	206462	1747	3399	0	215251
5080	3017	3237	1067	204050	0	211371
5081	207347	2274	691	4179	0	214491
5082	209060	1208	660	3066	0	213994
5083	211076	595	593	1788	0	214052
5084	213102	700	655	1315	0	215772
5085	6757	691	650	207372	0	215470
5086	207788	466	799	3959	0	213012
5087	206643	414	861	3131	0	211049
5088	197573	421	720	2244	0	200958
5089	201421	412	725	1856	0	204414
5090	5916	190938	1147	1539	0	199540
5091	2037	173825	545	486	0	176893
5092	1006	4256	344	168725	0	174331
5093	602	170969	569	2198	0	174338
5094	167930	2227	339	1812	0	172308
5095	2598	1636	191	166382	0	170807
5096	166160	295	183	2316	0	168954
5097	167927	274	183	1843	0	170227
5098	3511	317	176	171465	0	175469
5099	1915	259	204	169333	0	171711
5100	649	170009	497	3410	0	174565
5101	170896	1888	199	1922	0	174905
5102	2267	170859	519	751	0	174396
5103	173322	2066	217	794	0	176399
5104	2584	1482	198	173489	0	177753
5105	1912	922	171242	2413	0	176489
5106	167990	290	1997	2080	0	172357
5107	164776	339	1442	983	0	167540
5108	3689	703	164103	589	0	169084
5109	2126	739	163763	561	0	167189
5110	1201	430	3172	158215	0	163018
5111	169847	326	1586	2675	0	174434
5112	178798	324	478	2073	0	181673
5113	184782	313	372	1047	0	186514
5114	185863	342	310	906	0	187421
5115	4602	183182	702	713	0	189199
5116	190162	2528	396	993	0	194079
5117	3517	1805	347	187217	0	192886
5118	2705	469	325	189528	0	193027
5119	1461	388	305	195493	0	197647
5120	1333	395	260	198027	0	200015
5121	193229	368	351	5101	0	199049
5122	3597	427	347	203555	0	207926
5123	2633	963	197983	3841	0	205420
5124	1520	382	3004	204350	0	209256
5125	1453	327	2103	206569	0	210452
5126	1351	344	524	207145	0	209364
5127	1403	346	397	205144	0	207290
5128	198733	386	365	6179	0	205663
5129	3930	198138	837	3201	0	206106
5130	2922	200650	831	1322	0	205725
5131	1487	5179	435	197279	0	204380
5132	197225	2493	417	4115	0	204250
5133	202827	668	427	3072	0	206994
5134	6104	489	382	201146	0	208121
5135	3390	890	195625	4098	0	204003
5136	194319	534	3302	3243	0	201398
5137	4482	614	2291	203792	0	211179
5138	3243	995	201643	4331	0	210212
5139	189556	556	3444	3587	0	197143
5140	4546	199379	2780	1623	0	208328
5141	218923	3472	599	1524	0	224518
5142	5539	227746	932	1376	0	235593
5143	4410	5015	386	225058	0	234869
5144	1846	232950	900	5687	0	241383
5145	2011	5977	392	239490	0	247870
5146	228748	3647	420	6602	0	239417
5147	5803	232595	886	4826	0	244110
5148	4278	5733	231914	1938	0	243863
5149	2202	4049	4965	232501	0	243717
5150	1630	1706	235818	6090	0	245244
5151	1705	871	5606	230344	0	238526
5152	1622	857	3617	236993	0	243089
5153	1444	1190	230414	8990	0	242038
5154	204426	820	5486	5761	0	216493
5155	5964	1046	229597	2317	0	238924
5156	4301	1037	226298	1923	0	233559
5157	1681	226306	8632	1870	0	238489
5158	1724	5249	4085	224580	0	235638
5159	1626	3659	1237	228991	0	235513
5160	1688	1401	928	226766	0	230783
5161	1535	951	760	232868	0	236114
5162	1278	1150	222865	9842	0	235135
5163	203223	765	5535	5911	0	215434
5164	5907	1208	225511	2701	0	235327
5165	4318	611	5652	219545	0	230126
5166	216310	544	3781	6450	0	227085
5167	5553	218513	1902	4970	0	230938
5168	4301	6367	1081	210967	0	222716
5169	201832	3267	1105	5789	0	211993
5170	5381	195729	1368	4194	0	206672
5171	3352	192820	1081	1755	0	199008
5172	188034	6862	850	1716	0	197462
5173	4692	190720	993	1510	0	197915
5174	182280	4825	926	1506	0	189537
5175	4801	185320	891	1389	0	192401
5176	184691	4669	809	1197	0	191366
5177	184270	3168	600	1162	0	189200
5178	6701	186549	1074	1187	0	195511
5179	3877	4490	648	184594	0	193609
5180	1606	3601	181771	4945	0	191923
5181	178398	1308	4227	3588	0	187521
5182	4861	988	2875	178460	0	187184
5183	3407	175545	1420	4925	0	185297
5184	1433	183201	1297	3540	0	189471
5185	1233	6528	806	182562	0	191129
5186	181199	3314	794	5187	0	190494
5187	4531	1732	181296	3659	0	191218
5188	3475	922	4277	182966	0	191640
5189	1660	876	2937	186793	0	192266
5190	1329	814	1217	190220	0	193580
5191	1273	776	859	184491	0	187399
5192	959	180541	1274	7828	0	190602
5193	1216	4411	828	185304	0	191759
5194	1024	3567	179827	5737	0	190155
5195	996	1695	178646	4133	0	185470
5196	1066	1519	181910	2091	0	186586
5197	1154	1206	6984	175960	0	185304
5198	172218	1155	3619	5289	0	182281
5199	4762	1420	173173	3918	0	183273
5200	3552	1303	175812	1971	0	182638
5201	1748	1023	7039	171774	0	181584
5202	173850	926	3813	5315	0	183904
5203	4651	172468	2142	4052	0	183313
5204	173933	4569	1315	2195	0	182012
5205	5507	3347	1077	172013	0	181944
5206	3761	1918	174498	5326	0	185503
5207	2104	2134	4533	163007	0	171778
5208	1421	174225	3858	5002	0	184506
5209	179054	4699	1714	3667	0	189134
5210	5131	3752	180106	2210	0	191199
5211	3336	175807	4767	1843	0	185753
5212	172743	4676	3517	1918	0	182854
5213	5269	3592	1863	173713	0	184437
5214	3752	1327	1198	177059	0	183336
5215	176721	975	1165	7556	0	186417
5216	181496	901	1168	4472	0	188037
5217	190021	965	1173	2169	0	194328
5218	8469	1167	1047	178440	0	189123
5219	4523	179571	1299	5442	0	190835
5220	180877	4569	1029	4315	0	190790
5221	5239	182564	1251	2312	0	191366
5222	174456	4781	800	1664	0	181701
5223	5384	171890	1186	1330	0	179790
5224	4023	4785	842	166657	0	176307
5225	169496	3363	750	4717	0	178326
5226	171375	1624	566	3758	0	177323
5227	173815	1187	540	2059	0	177601
5228	174750	1077	514	1618	0	177959
5229	174132	1028	616	1403	0	177179
5230	8070	1306	168016	1259	0	178651
5231	4960	972	4049	166876	0	176857
5232	2484	1320	170015	4419	0	178238
5233	2033	1201	167904	3407	0	174545
5234	166273	1001	6654	1716	0	175644
5235	171129	855	3699	1345	0	177028
5236	173127	939	1553	1135	0	176754
5237	8034	975	991	164484	0	174484
5238	163879	904	950	4567	0	170300
5239	5706	161732	1184	3624	0	172246
5240	4278	165343	1051	1706	0	172378
5241	2042	155564	786	1068	0	159460
5242	139251	4697	815	906	0	145669
5243	3237	142709	726	865	0	147537
5244	137677	2617	515	695	0	141504
5245	135578	2005	276	663	0	138522
5246	4717	1028	134087	564	0	140396
5247	3097	599	2388	130702	0	136786
5248	1647	516	1874	138361	0	142398
5249	138879	472	625	4261	0	144237
5250	140041	401	421	2518	0	143381
5251	5139	395	461	138235	0	144230
5252	3086	677	136606	2970	0	143339
5253	1565	697	137284	2444	0	141990
5254	1454	423	4264	137857	0	143998
5255	1505	430	2305	139336	0	143576
5256	1379	479	672	142629	0	145159
5257	136730	456	476	4931	0	142593
5258	137642	500	481	2855	0	141478
5259	5056	136640	797	1134	0	143627
5260	3356	2830	431	136686	0	143303
5261	1680	2311	419	135935	0	140345
5262	1438	138228	663	4610	0	144939
5263	1690	2910	408	139566	0	144574
5264	138982	2356	426	3488	0	145252
5265	3795	896	569	139052	0	144312
5266	3322	638	524	140343	0	144827
5267	136448	588	454	5178	0	142668
5268	136933	562	534	3133	0	141162
5269	138991	522	559	1580	0	141652
5270	6069	825	582	133733	0	141209
5271	3497	674	129721	3353	0	137245
5272	1942	732	128326	2831	0	133831
5273	1709	648	129408	1497	0	133262
5274	1545	124557	4618	1189	0	131909
5275	120906	2778	2705	1328	0	127717
5276	3516	2189	120189	1104	0	126998
5277	117951	730	2520	1030	0	122231
5278	3557	592	2139	118068	0	124356
5279	117629	614	920	3099	0	122262
5280	121011	578	626	2664	0	124879
5281	4625	121754	826	1312	0	128517
5282	125159	2332	528	1268	0	129287
5283	124196	1985	550	1351	0	128082
5284	4827	122646	880	1324	0	129677
5285	3466	2353	586	124883	0	131288
5286	1863	2245	124639	3058	0	131805
5287	1786	781	2388	123300	0	128255
5288	1710	566	2017	125922	0	130215
5289	124640	578	841	4654	0	130713
5290	3619	596	664	122940	0	127819
5291	2916	125188	954	3274	0	132332
5292	1769	2536	720	125293	0	130318
5293	1571	2142	649	128049	0	132411
5294	1450	1102	124763	4906	0	132221
5295	1535	122624	2809	3149	0	130117
5296	1579	126499	2323	1612	0	132013
5297	122081	4055	826	1557	0	128519
5298	3213	127591	896	1608	0	133308
5299	3059	2865	721	125670	0	132315
5300	1788	2542	125834	3304	0	133468
5301	1527	126546	2927	2846	0	133846
5302	126833	2782	2237	1508	0	133360
5303	3529	2315	1000	126536	0	133380
5304	3107	953	769	129725	0	134554
5305	1523	1070	127563	4875	0	135031
5306	1474	753	2687	124221	0	129135
5307	1581	650	2254	127675	0	132160
5308	124143	744	938	5040	0	130865
5309	116522	615	636	3198	0	120971
5310	4477	115243	924	1765	0	122409
5311	109226	2114	514	1464	0	113318
5312	2749	107055	665	1415	0	111884
5313	2309	3734	466	94833	0	101342
5314	1207	100324	556	2355	0	104442
5315	1111	102372	612	1944	0	106039
5316	95151	3206	885	1434	0	100676
5317	91705	1388	428	1023	0	94544
5318	2584	90638	598	808	0	94628
5319	91668	1517	386	913	0	94484
5320	91357	1231	339	966	0	93893
5321	95121	476	341	908	0	96846
5322	2733	445	353	94925	0	98456
5323	95828	547	347	1834	0	98556
5324	1905	709	91568	1512	0	95694
5325	89802	503	1385	877	0	92567
5326	1945	707	95505	666	0	98823
5327	1682	569	1438	94757	0	98446
5328	923	578	1108	98541	0	101150
5329	865	736	97567	2468	0	101636
5330	91200	505	1400	1672	0	94777
5331	96343	465	1155	840	0	98803
5332	2646	669	101360	787	0	105462
5333	1670	432	1408	99230	0	102740
5334	889	372	1183	101216	0	103660
5335	796	332	397	103528	0	105053
5336	100870	332	398	2675	0	104275
5337	101477	320	459	1611	0	103867
5338	2587	510	369	97079	0	100545
5339	1400	94937	495	1582	0	98414
5340	643	93024	449	1321	0	95437
5341	87904	1673	272	713	0	90562
5342	1325	89301	428	559	0	91613
5343	1042	86831	381	453	0	88707
5344	792	1297	205	79262	0	81556
5345	391	787	79227	859	0	81264
5346	302	78252	732	709	0	79995
5347	418	1067	524	76398	0	78407
5348	287	78099	357	764	0	79507
5349	410	656	180	76579	0	77825
5350	76805	439	98	774	0	78116
5351	590	78528	272	590	0	79980
5352	79409	529	131	441	0	80510
5353	77381	445	134	380	0	78340
5354	898	390	76352	293	0	77933
5355	74194	153	467	352	0	75166
5356	671	169	341	78236	0	79417
5357	443	325	78965	603	0	80336
5358	198	79048	570	468	0	80284
5359	347	664	322	77858	0	79191
5360	225	312	93	78424	0	79054
5361	78074	116	87	779	0	79056
5362	534	131	70	78145	0	78880
5363	425	124	79	78634	0	79262
5364	78370	133	80	810	0	79393
5365	488	78165	239	456	0	79348
5366	76857	443	93	366	0	77759
5367	525	547	76934	205	0	78211
5368	68429	167	448	459	0	69503
5369	581	329	79293	265	0	80468
5370	393	79950	516	235	0	81094
5371	79999	469	272	265	0	81005
5372	76800	348	173	313	0	77634
5373	750	348	78914	217	0	80229
5374	499	341	79592	229	0	80661
5375	303	347	81389	236	0	82275
5376	199	84961	852	222	0	86234
5377	304	560	388	84776	0	86028
5378	302	638	93197	603	0	94740
5379	248	402	91074	443	0	92167
5380	266	154	1382	91125	0	92927
5381	278	397	93699	910	0	95284
5382	89717	164	1013	880	0	91774
5383	107083	167	698	408	0	108356
5384	2109	382	107422	267	0	110180
5385	1133	107294	1604	388	0	110419
5386	531	1359	1050	106331	0	109271
5387	390	1218	108480	1452	0	111540
5388	247	108025	1666	1149	0	111087
5389	444	1659	1044	106684	0	109831
5390	107763	945	395	1572	0	110675
5391	106169	270	299	1191	0	107929
5392	2148	108420	577	446	0	111591
5393	1269	1417	201	108832	0	111719
5394	446	1003	278	109688	0	111415
5395	411	349	208	109655	0	110623
5396	422	196	187	110395	0	111200
5397	302	435	107554	2526	0	110817
5398	439	217	1367	106981	0	109004
5399	273	434	105826	1786	0	108319
5400	170	104063	1636	1246	0	107115
5401	102671	1318	972	685	0	105646
5402	1231	108080	526	453	0	110290
5403	1092	1448	187	107936	0	110663
5404	530	931	211	108326	0	109998
5405	107312	321	170	2362	0	110165
5406	1378	187	171	106463	0	108199
5407	918	106193	363	1551	0	109025
5408	482	1314	140	108158	0	110094
5409	333	1028	177	108447	0	109985
5410	106332	327	199	2340	0	109198
5411	1342	507	104587	1344	0	107780
5412	973	103251	1294	546	0	106064
5413	357	105888	955	444	0	107644
5414	293	1928	214	103502	0	105937
5415	101641	1008	126	1472	0	104247
5416	1149	101933	333	1168	0	104583
5417	968	1210	124	103023	0	105325
5418	393	1133	101723	1392	0	104641
5419	332	371	1206	101957	0	103866
5420	101922	280	853	1579	0	104634
5421	98738	260	309	1198	0	100505
5422	2045	207	137	99451	0	101840
5423	101278	209	169	1553	0	103209
5424	100009	199	184	1255	0	101647
5425	2067	474	99472	571	0	102584
5426	94266	246	1233	483	0	96228
5427	1443	97949	1054	486	0	100932
5428	99078	1218	310	499	0	101105
5429	1564	1175	96813	328	0	99880
5430	1149	324	1281	97790	0	100544
5431	100166	167	987	1525	0	102845
5432	1462	396	94011	1154	0	97023
5433	1190	378	95013	463	0	97044
5434	662	210	2189	93723	0	96784
5435	351	441	97129	1562	0	99483
5436	94445	196	1614	1261	0	97516
5437	1576	473	99338	527	0	101914
5438	1277	186	1682	100133	0	103278
5439	603	185	1151	103656	0	105595
5440	106613	218	514	2708	0	110053
5441	1942	424	107951	1509	0	111826
5442	1382	400	113940	590	0	116312
5443	711	140	3108	120932	0	124891
5444	429	411	123949	2436	0	127225
5445	120388	196	2717	1731	0	125032
5446	2546	172	1759	121905	0	126382
5447	1719	387	124599	2571	0	129276
5448	812	175	2674	123556	0	127217
5449	624	193	1778	126416	0	129011
5450	125162	163	639	3993	0	129957
5451	2620	408	124408	2056	0	129492
5452	118736	246	2690	976	0	122648
5453	2954	501	127477	726	0	131658
5454	123589	208	2978	746	0	127521
5455	126507	235	1899	692	0	129333
5456	126386	203	693	861	0	128143
5457	4210	121876	775	691	0	127552
5458	124412	2329	462	672	0	127875
5459	124558	1532	399	680	0	127169
5460	4303	408	441	122904	0	128056
5461	2197	470	122128	2818	0	127613
5462	117157	211	2565	2273	0	122206
5463	2896	442	125398	967	0	129703
5464	2197	271	2882	121489	0	126839
5465	1066	217	1894	126319	0	129496
5466	125002	182	785	4162	0	130131
5467	2747	127446	896	2217	0	133306
5468	2229	2409	514	126513	0	131665
5469	1184	1631	453	128567	0	131835
5470	686	868	127008	4268	0	132830
5471	798	314	2658	126776	0	130546
5472	920	225	1787	129699	0	132631
5473	938	196	710	123861	0	125705
5474	622	123878	788	4265	0	129553
5475	121682	2330	521	2287	0	126820
5476	121948	1550	487	1163	0	125148
5477	3941	122184	759	925	0	127809
5478	114601	2098	382	794	0	117875
5479	2842	1572	376	117728	0	122518
5480	1861	617	121509	2568	0	126555
5481	683	122625	2632	1849	0	127789
5482	607	126586	1790	807	0	129790
5483	119164	2896	908	591	0	123559
5484	127312	1295	467	496	0	129570
5485	3824	302	297	127886	0	132309
5486	1998	221	314	130615	0	133148
5487	774	214	338	131540	0	132866
5488	126754	262	394	4200	0	131610
5489	2852	545	126209	1919	0	131525
5490	127369	195	2538	807	0	130909
5491	3063	224	1668	127665	0	132620
5492	2051	182	535	125832	0	128600
5493	714	127543	790	3984	0	133031
5494	866	2353	429	130925	0	134573
5495	841	1536	410	132679	0	135466
5496	840	740	131573	4151	0	137304
5497	787	132345	2818	2209	0	138159
5498	134720	2399	1744	1128	0	139991
5499	132163	1565	609	991	0	135328
5500	137716	439	446	1009	0	139610
5501	135044	323	481	974	0	136822
5502	4261	623	130772	693	0	136349
5503	128620	327	2740	853	0	132540
5504	3290	615	132601	790	0	137296
5505	2376	282	2816	126168	0	131642
5506	1056	131715	2025	2796	0	137592
5507	1216	2500	604	132784	0	137104
5508	1107	1630	551	135446	0	138734
5509	964	797	133367	4317	0	139445
5510	126070	425	2808	2530	0	131833
5511	131769	403	1818	1267	0	135257
5512	4153	130531	1047	1210	0	136941
5513	2415	2881	131577	1100	0	137973
5514	1264	1725	2724	132316	0	138029
5515	1059	935	134052	3225	0	139271
5516	1023	811	132365	2368	0	136567
5517	1295	510	4028	131206	0	137039
5518	1158	777	133259	3288	0	138482
5519	1304	535	2818	132686	0	137343
5520	1227	757	135527	3575	0	141086
5521	1290	497	2977	135234	0	139998
5522	135053	425	2014	3728	0	141220
5523	135627	417	846	2722	0	139612
5524	136022	436	678	1654	0	138790
5525	134094	516	709	1461	0	136780
5526	4525	133326	1038	1381	0	140270
5527	2702	2675	693	132299	0	138369
5528	1511	1770	656	134923	0	138860
5529	1252	1028	131772	4682	0	138734
5530	1268	570	2782	131026	0	135646
5531	1056	918	130980	3711	0	136665
5532	1030	871	126923	2484	0	131308
5533	121832	587	4029	1481	0	127929
5534	3019	130713	2426	1334	0	137492
5535	132354	2632	926	1247	0	137159
5536	131878	1684	742	1198	0	135502
5537	4496	132963	1056	1180	0	139695
5538	133328	2403	799	1323	0	137853
5539	3466	1829	133133	1085	0	139513
5540	2046	130226	2817	1040	0	136129
5541	129106	2252	1980	1113	0	134451
5542	2729	1828	123734	922	0	129213
5543	114001	629	1931	957	0	117518
5544	2131	118951	1635	948	0	123665
5545	119204	1629	692	944	0	122469
5546	117793	1111	649	915	0	120468
5547	2837	116338	850	768	0	120793
5548	1546	116092	882	670	0	119190
5549	778	120854	903	644	0	123179
5550	815	2506	683	120114	0	124118
5551	753	1161	719	121644	0	124277
5552	122314	353	700	2838	0	126205
5553	120061	372	712	1750	0	122895
5554	2754	644	120586	870	0	124854
5555	1529	615	118469	826	0	121439
5556	782	629	122430	783	0	124624
5557	933	327	2895	120765	0	124920
5558	924	570	124762	2078	0	128334
5559	1020	287	2048	123466	0	126821
5560	124861	282	1414	2297	0	128854
5561	2288	673	126171	1422	0	130554
5562	123952	341	2019	864	0	127176
5563	126888	418	1362	873	0	129541
5564	2964	730	128591	834	0	133119
5565	1539	131291	2328	893	0	136051
5566	981	1753	1517	131876	0	136127
5567	729	1582	131894	2171	0	136376
5568	890	435	2290	130018	0	133633
5569	972	358	1614	140712	0	143656
5570	137947	396	721	3258	0	142322
5571	2739	459	592	138717	0	142507
5572	1859	915	137763	2484	0	143021
5573	1052	509	2299	138549	0	142409
5574	139418	455	1604	2580	0	144057
5575	2532	141257	1086	1687	0	146562
5576	142147	2168	848	775	0	145938
5577	2995	1892	834	140178	0	145899
5578	2015	960	140488	2266	0	145729
5579	1210	806	135702	1436	0	139154
5580	1257	794	133996	780	0	136827
5581	622	128359	3045	479	0	132505
5582	123286	2170	2247	686	0	128389
5583	1761	120197	719	417	0	123094
5584	111134	1180	392	363	0	113069
5585	1239	111348	429	211	0	113227
5586	903	1223	226	111038	0	113390
5587	381	759	186	112129	0	113455
5588	340	213	186	112186	0	112925
5589	189	111707	436	1910	0	114242
5590	406	1231	153	115986	0	117776
5591	374	755	145	129580	0	130854
5592	137006	183	166	2893	0	140248
5593	2504	174	176	143722	0	146576
5594	1287	560	153323	2831	0	158001
5595	149313	225	2851	1658	0	154047
5596	155677	173	1513	699	0	158062
5597	4165	157264	717	552	0	162698
5598	159600	2979	253	530	0	163362
5599	163324	1623	258	623	0	165828
5600	4966	326	267	161082	0	166641
5601	2300	225	290	165395	0	168210
5602	907	239	329	169606	0	171081
5603	166648	240	280	5230	0	172398
5604	168627	226	248	2340	0	171441
5605	5211	713	166288	582	0	172794
5606	164939	265	3255	757	0	169216
5607	167786	224	1778	730	0	170518
5608	168547	196	434	769	0	169946
5609	5382	516	162279	691	0	168868
5610	2430	543	164655	687	0	168315
5611	1259	220	4923	164081	0	170483
5612	1046	553	169311	3653	0	174563
5613	1074	211	3735	164992	0	170012
5614	1403	338	2176	149507	0	153424
5615	874	167935	1009	4672	0	174490
5616	167881	3328	688	2157	0	174054
5617	4029	2221	169866	856	0	176972
5618	171423	483	3843	836	0	176585
5619	4609	378	2231	174942	0	182160
5620	172937	325	712	4228	0	178202
5621	4456	170794	935	2792	0	178977
5622	2762	177406	884	1361	0	182413
5623	1617	5555	528	174551	0	182251
5624	1423	2302	503	178898	0	183126
5625	1203	1001	175223	6251	0	183678
5626	1542	430	3923	176053	0	181948
5627	171422	394	2333	4902	0	179051
5628	4571	172097	1159	3031	0	180858
5629	3069	4177	172326	1344	0	180916
5630	1736	2319	4134	171302	0	179491
5631	1273	1025	175643	4498	0	182439
5632	1406	479	4379	173927	0	180191
5633	1119	773	176976	4866	0	183734
5634	1035	884	172190	2917	0	177026
5635	1250	663	6007	169645	0	177565
5636	171830	553	2829	4678	0	179890
5637	171391	533	1199	2937	0	176060
5638	168598	463	1013	1520	0	171594
5639	6165	165601	1309	1358	0	174433
5640	168475	3853	848	1339	0	174515
5641	166635	2316	889	1289	0	171129
5642	6363	948	163200	1324	0	171835
5643	3113	161835	4332	1320	0	170600
5644	2045	4015	2444	159362	0	167866
5645	160115	2283	839	4458	0	167695
5646	4525	159987	1172	2926	0	168610
5647	164378	4044	856	1437	0	170715
5648	164935	2366	757	1424	0	169482
5649	164704	837	834	1361	0	167736
5650	163802	722	931	1294	0	166749
5651	6736	692	889	157991	0	166308
5652	159686	707	814	4570	0	165777
5653	5025	664	861	156085	0	162635
5654	2955	154713	1346	4557	0	163571
5655	1909	3552	923	157170	0	163554
5656	155678	2012	986	4525	0	163201
5657	4651	867	155652	3019	0	164189
5658	3503	449	3832	155423	0	163207
5659	154870	537	2384	4310	0	162101
5660	4598	153118	1414	2847	0	161977
5661	154632	3600	899	1446	0	160577
5662	156596	2177	858	1263	0	160894
5663	6117	155979	1218	1227	0	164541
5664	155507	3660	925	1170	0	161262
5665	4948	2444	148633	931	0	156956
5666	3185	1114	147468	1034	0	152801
5667	142081	839	5139	1102	0	149161
5668	4655	1110	147784	1094	0	154643
5669	3436	854	3414	132941	0	140645
5670	1908	139597	2393	3130	0	147028
5671	140827	3374	833	2121	0	147155
5672	4304	140049	1153	1025	0	146531
5673	2980	139937	1151	1027	0	145095
5674	2152	4556	881	143854	0	151443
5675	1842	1943	732	145190	0	149707
5676	1648	778	683	145308	0	148417
5677	1658	701	609	145553	0	148521
5678	1280	1099	139949	5138	0	147466
5679	1458	777	3054	137654	0	142943
5680	1529	779	1833	139976	0	144117
5681	136743	715	802	4906	0	143166
5682	3872	721	683	137902	0	143178
5683	2489	1019	134114	3796	0	141418
5684	128623	604	3084	2531	0	134842
5685	4007	775	1837	134390	0	141009
5686	2591	1023	138792	3381	0	145787
5687	1731	924	3171	134403	0	140229
5688	1333	138961	2266	3192	0	145752
5689	137447	2901	994	2145	0	143487
5690	3647	1888	135552	1048	0	142135
5691	1881	120143	2768	778	0	125570
5692	112113	1961	1658	668	0	116400
5693	1864	105049	845	610	0	108368
5694	1007	95051	498	443	0	96999
5695	93081	1599	910	503	0	96093
5696	1185	91160	491	395	0	93231
5697	756	90586	333	371	0	92046
5698	1074	1584	679	88328	0	91665
5699	508	760	88403	1094	0	90765
5700	364	89646	840	719	0	91569
5701	525	1048	442	86085	0	88100
5702	295	87013	300	798	0	88406
5703	84101	655	198	620	0	85574
5704	766	591	84853	462	0	86672
5705	601	292	619	85263	0	86775
5706	88650	174	462	893	0	90179
5707	776	231	197	89942	0	91146
5708	542	353	89457	832	0	91184
5709	81990	191	676	694	0	83551
5710	89507	198	440	420	0	90565
5711	1015	94137	354	282	0	95788
5712	647	630	184	93701	0	95162
5713	346	438	150	95446	0	96380
5714	95165	208	176	1006	0	96555
5715	92618	198	204	597	0	93617
5716	1075	369	96184	333	0	97961
5717	589	94851	693	266	0	96399
5718	94129	417	356	197	0	95099
5719	554	346	137	94167	0	95204
5720	400	297	96924	526	0	98147
5721	211	329	92588	414	0	93542
5722	299	737	599	92952	0	94587
5723	95139	47	285	410	0	95881
5724	307	94524	170	272	0	95273
5725	101529	291	58	341	0	102219
5726	354	208	47	102951	0	103560
5727	245	66	59	103904	0	104274
5728	116	59	63	105096	0	105334
5729	104049	50	64	668	0	104831
5730	292	106518	211	329	0	107350
5731	266	294	37	107830	0	108427
5732	120	216	40	107660	0	108036
5733	99	269	106293	523	0	107184
5734	128	66	307	103582	0	104083
5735	82	242	107312	457	0	108093
5736	83	104450	397	358	0	105288
5737	80	257	169	105738	0	106244
5738	102533	165	57	379	0	103134
5739	268	233	103995	267	0	104763
5740	233	36	258	103572	0	104099
5741	87	221	103558	329	0	104195
5742	92777	46	289	460	0	93572
5743	313	227	104870	141	0	105551
5744	240	73	278	99704	0	100295
5745	101730	35	174	356	0	102295
5746	364	86480	277	353	0	87474
5747	97671	236	58	196	0	98161
5748	367	91353	188	141	0	92049
5749	256	272	46	100630	0	101204
5750	107	383	99091	349	0	99930
5751	113	312	95163	292	0	95880
5752	112	76	416	98596	0	99200
5753	99948	81	228	478	0	100735
5754	98673	71	83	350	0	99177
5755	502	70	50	100373	0	100995
5756	267	70	52	102540	0	102929
5757	97544	47	65	617	0	98273
5758	295	96860	188	381	0	97724
5759	243	102034	163	254	0	102694
5760	101355	470	56	299	0	102180
5761	422	503	101200	223	0	102348
5762	339	100	370	98853	0	99662
5763	145	280	100091	469	0	100985
5764	183	51	318	99380	0	99932
5765	150	290	101241	442	0	102123
5766	145	329	98093	321	0	98888
5767	207	65	560	100186	0	101018
5768	113	97739	476	436	0	98764
5769	102945	360	106	428	0	103839
5770	412	103146	268	211	0	104037
5771	374	421	90	103944	0	104829
5772	104618	275	93	578	0	105564
5773	465	108	124	106794	0	107491
5774	105997	94	114	702	0	106907
5775	106014	96	108	499	0	106717
5776	107184	79	103	363	0	107729
5777	666	104526	264	234	0	105690
5778	109066	406	93	327	0	109892
5779	598	435	88	111665	0	112786
5780	115044	95	118	791	0	116048
5781	724	108	102	118629	0	119563
5782	117615	91	122	1174	0	119002
5783	120355	70	117	751	0	121293
5784	1290	119859	288	381	0	121818
5785	749	912	103	132086	0	133850
5786	335	569	99	131793	0	132796
5787	188	141473	338	1985	0	143984
5788	312	1591	108	145673	0	147684
5789	143913	934	138	2048	0	147033
5790	151904	207	146	1367	0	153624
5791	149218	152	183	622	0	150175
5792	2768	485	155830	375	0	159458
5793	157694	153	1849	608	0	160304
5794	168724	138	1115	447	0	170424
5795	171748	146	286	520	0	172700
5796	3415	169480	491	371	0	173757
5797	1733	2056	156	170926	0	174871
5798	676	1268	146	175151	0	177241
5799	597	282	163	174882	0	175924
5800	364	559	168541	3577	0	173041
5801	500	251	2116	170825	0	173692
5802	170656	164	1340	2841	0	175001
5803	2577	187	325	174239	0	177328
5804	1838	161	220	179304	0	181523
5805	727	595	176081	3983	0	181386
5806	441	174105	2723	2067	0	179336
5807	180002	2388	1516	871	0	184777
5808	2892	1432	358	179881	0	184563
5809	179314	348	245	2990	0	182897
5810	2880	771	177044	1860	0	182555
5811	164940	230	2490	1067	0	168727
5812	2774	179004	1708	839	0	184325
5813	1832	2806	177335	723	0	182696
5814	673	1816	178634	493	0	181616
5815	758	600	3720	171345	0	176423
5816	647	577	182770	2853	0	186847
5817	462	181405	2871	1886	0	186624
5818	634	2437	1543	177711	0	182325
5819	618	1417	570	183844	0	186449
5820	536	515	329	184180	0	185560
5821	178591	287	276	4149	0	183303
5822	2501	179924	634	2167	0	185226
5823	1890	2372	249	182090	0	186601
5824	791	1480	403	184685	0	187359
5825	177965	420	295	4122	0	182802
5826	2566	177856	609	2079	0	183110
5827	180153	2430	412	1129	0	184124
5828	179635	1522	396	985	0	182538
5829	179019	433	283	1123	0	180858
5830	4266	725	174880	753	0	180624
5831	2341	506	2462	169211	0	174520
5832	1016	174008	1806	2880	0	179710
5833	985	178349	805	2002	0	182141
5834	1171	3813	383	167915	0	173282
5835	954	176675	679	2661	0	180969
5836	182371	2844	424	2182	0	187821
5837	2909	2239	181170	1171	0	187489
5838	176930	627	2580	1303	0	181440
5839	186853	538	1613	1227	0	190231
5840	4460	678	538	187343	0	193019
5841	188794	551	486	3379	0	193210
5842	3397	195729	906	2449	0	202481
5843	199684	2731	492	1559	0	204466
5844	199880	1803	664	1424	0	203771
5845	216350	787	599	1509	0	219245
5846	5448	1266	217548	1183	0	225445
5847	3213	1238	219954	1137	0	225542
5848	1880	647	4995	217385	0	224907
5849	1553	218039	2948	3853	0	226393
5850	1587	224470	1434	2636	0	230127
5851	1595	5069	854	221463	0	228981
5852	222848	2583	779	4429	0	230639
5853	4339	966	817	224148	0	230270
5854	2906	769	809	227275	0	231759
5855	223283	772	770	6314	0	231139
5856	4117	223566	1331	3768	0	232782
5857	3097	4192	221964	2228	0	231481
5858	1752	2901	219294	1854	0	225801
5859	224346	1051	5306	1843	0	232546
5860	4362	1025	2815	223010	0	231212
5861	2993	1442	225946	4388	0	234769
5862	1649	914	3775	221510	0	227848
5863	1646	932	2437	224824	0	229839
5864	1558	891	1201	229916	0	233566
5865	1612	809	850	224919	0	228190
5866	1372	221589	1467	6160	0	230588
5867	1517	3662	972	224425	0	230576
5868	221933	2395	918	5045	0	230291
5869	4113	220637	1613	3786	0	230149
5870	226292	3869	993	2167	0	233321
5871	227992	2524	1041	1903	0	233460
5872	229575	1222	1101	1808	0	233706
5873	6136	1705	220517	1587	0	229945
5874	220279	986	3699	2036	0	227000
5875	227056	962	2596	1670	0	232284
5876	224782	1014	1020	1885	0	228701
5877	226707	892	747	1840	0	230186
5878	6243	222832	1296	1677	0	232048
5879	220925	3706	712	1701	0	227044
5880	4796	3194	218357	1401	0	227748
5881	3410	1136	3160	213122	0	220828
5882	2451	888	2005	218131	0	223475
5883	220303	847	804	5115	0	227069
5884	4336	217038	1135	3102	0	225611
5885	209628	2915	519	1502	0	214564
5886	3792	208951	1072	1067	0	214882
5887	199941	2558	458	1058	0	204015
5888	197063	1545	381	1028	0	200017
5889	4028	210012	849	794	0	215683
5890	209252	2665	546	847	0	213310
5891	215937	1661	557	875	0	219030
5892	4642	203022	827	601	0	209092
5893	2191	207481	778	548	0	210998
5894	220461	4082	1175	780	0	226498
5895	4672	2008	425	223866	0	230971
5896	227514	726	334	4146	0	232720
5897	234314	480	258	2375	0	237427
5898	241188	545	256	1168	0	243157
5899	238677	523	294	933	0	240427
5900	6714	232782	839	710	0	241045
5901	3016	238701	786	944	0	243447
5902	238848	5713	367	877	0	245805
5903	4951	3335	237223	442	0	245951
5904	3160	1293	4082	228989	0	237524
5905	1576	491	2236	237208	0	241511
5906	231913	570	668	6323	0	239474
5907	4270	230664	975	3077	0	238986
5908	3124	4136	361	228827	0	236448
5909	1504	2365	394	237253	0	241516
5910	234258	801	353	6777	0	242189
5911	4987	567	279	236801	0	242634
5912	235575	534	311	5371	0	241791
5913	236119	766	325	3124	0	240334
5914	237123	677	295	1587	0	239682
5915	7654	640	396	232062	0	240752
5916	4189	530	338	233218	0	238275
5917	1891	1027	246746	7038	0	256702
5918	1744	1225	244083	3658	0	250710
5919	246187	557	7722	1620	0	256086
5920	6687	967	3551	254105	0	265310
5921	4309	969	272375	5977	0	283630
5922	2096	1202	275220	3973	0	282491
5923	1975	548	9678	273425	0	285626
5924	1774	1085	277450	7020	0	287329
5925	1868	768	7260	272699	0	282595
5926	1874	671	4236	278434	0	285215
5927	1592	1065	277690	10506	0	290853
5928	1862	578	7106	278295	0	287841
5929	1820	682	4156	278906	0	285564
5930	1875	590	1654	288204	0	292323
5931	1618	1234	277788	11802	0	292442
5932	2040	717	6723	283598	0	293078
5933	281052	615	4311	8905	0	294883
5934	7681	280548	2189	5823	0	296241
5935	286721	6755	1169	2881	0	297526
5936	8736	4675	279101	2267	0	294779
5937	282804	1256	7400	2017	0	293477
5938	287435	973	4536	2137	0	295081
5939	285928	867	1802	1909	0	290506
5940	12663	1030	1315	276921	0	291929
5941	7188	978	1259	283090	0	292515
5942	3063	1286	263349	11955	0	279653
5943	249073	638	7461	6397	0	263569
5944	8677	255715	5333	2947	0	272672
5945	5066	240747	2339	2266	0	250418
5946	2407	247457	1945	2275	0	254084
5947	3635	9803	1596	233145	0	248179
5948	232563	4307	1512	7562	0	245944
5949	235483	1349	1431	5269	0	243532
5950	10484	1575	229165	2745	0	243969
5951	5913	1086	6632	227707	0	241338
5952	2966	1144	4182	231964	0	240256
5953	2172	1427	227265	10952	0	241816
5954	2210	1281	224336	6069	0	233896
5955	219547	808	9821	3236	0	233412
5956	7349	223374	5622	2768	0	239113
5957	228485	6183	2040	2849	0	239557
5958	230193	3889	1606	2775	0	238463
5959	11206	1444	1692	222986	0	237328
5960	6404	931	1576	229181	0	238092
5961	223453	774	1405	10883	0	236515
5962	8510	1018	1468	225058	0	236054
5963	6117	809	1606	227230	0	235762
5964	223359	732	1704	11287	0	237082
5965	8528	688	1626	225730	0	236572
5966	226667	712	1659	9217	0	238255
5967	228956	699	1769	6130	0	237554
5968	10891	1230	222346	3621	0	238088
5969	223332	921	7363	3421	0	235037
5970	225768	829	4974	3061	0	234632
5971	226000	745	2507	3217	0	232469
5972	11603	1363	187043	3258	0	203267
5973	213710	762	6118	3286	0	223876
5974	8254	211486	5153	3270	0	228163
5975	218538	5842	2352	3327	0	230059
5976	220993	3508	2140	3238	0	229879
5977	11512	1071	1875	215314	0	229772
5978	6541	803	1973	215146	0	224463
5979	3622	213917	2485	11092	0	231116
5980	3596	6218	1545	217633	0	228992
5981	3645	3844	1655	221756	0	230900
5982	215718	1429	1705	11259	0	230111
5983	8952	1009	1535	214852	0	226348
5984	6708	946	1303	216599	0	225556
5985	4233	1170	1431	213275	0	220109
5986	3302	203835	2135	11633	0	220905
5987	201290	6054	1617	6716	0	215677
5988	8522	203284	2171	3729	0	217706
5989	189712	6070	1370	3126	0	200278
5990	8362	3949	181111	2853	0	196275
5991	171891	1405	5656	2838	0	181790
5992	7598	1586	173648	2593	0	185425
5993	5336	166059	6314	2472	0	180181
5994	150907	5125	5745	2309	0	164086
5995	145151	3063	2052	2063	0	152329
5996	7366	139935	1514	1904	0	150719
5997	4419	139576	1380	1842	0	147217
5998	133169	5374	1382	1797	0	141722
5999	134856	2913	777	1688	0	140234
6000	6966	1117	779	131412	0	140274
6001	4348	927	766	135262	0	141303
6002	2359	1334	130654	6139	0	140486
6003	128101	986	3526	3607	0	136220
6004	5262	826	2431	126811	0	135330
6005	3795	128844	1638	4268	0	138545
6006	2470	3501	714	130354	0	137039
6007	2249	2400	549	131328	0	136526
6008	1901	1399	126373	6211	0	135884
6009	2322	1039	3223	128151	0	134735
6010	124407	862	2176	4955	0	132400
6011	4379	121200	1343	3391	0	130313
6012	3263	122214	940	1927	0	128344
6013	121353	4800	724	1705	0	128582
6014	122493	2703	766	1464	0	127426
6015	121889	1079	742	1470	0	125180
6016	6392	115812	1051	1240	0	124495
6017	2422	101628	627	835	0	105512
6018	106221	3362	692	791	0	111066
6019	106694	1764	586	856	0	109900
6020	4391	101462	694	804	0	107351
6021	1199	83189	327	412	0	85127
6022	80475	2054	584	439	0	83552
6023	1902	1004	130	78732	0	81768
6024	80107	322	116	1590	0	82135
6025	1802	377	101	78858	0	81138
6026	1060	81171	282	1521	0	84034
6027	547	81682	304	950	0	83483
6028	83608	2222	240	497	0	86567
6029	86198	1011	204	433	0	87846
6030	88310	399	114	376	0	89199
6031	2813	86609	309	393	0	90124
6032	1290	1864	81794	242	0	85190
6033	386	83066	1623	239	0	85314
6034	79824	1906	951	270	0	82951
6035	75300	918	214	299	0	76731
6036	2232	429	77050	167	0	79878
6037	939	75806	1585	225	0	78555
6038	546	1547	901	75543	0	78537
6039	427	917	160	72582	0	74086
6040	327	70148	259	1979	0	72713
6041	344	1635	73584	777	0	76340
6042	74523	824	1397	313	0	77057
6043	1670	371	743	76656	0	79440
6044	77531	239	169	1560	0	79499
6045	78999	231	148	985	0	80363
6046	2305	298	146	80442	0	83191
6047	1242	242	133	84770	0	86387
6048	594	230	120	87144	0	88088
6049	441	272	155	87881	0	88749
6050	85042	287	128	2815	0	88272
6051	85859	233	125	1388	0	87605
6052	2786	428	85530	535	0	89279
6053	1448	242	1651	85863	0	89204
6054	653	287	971	87979	0	89890
6055	601	248	266	88937	0	90052
6056	496	489	85678	2911	0	89574
6057	655	220	1690	85121	0	87686
6058	84198	237	1064	2137	0	87636
6059	2042	244	288	85029	0	87603
6060	1317	434	84376	2263	0	88390
6061	677	249	1735	84986	0	87647
6062	488	423	85358	2225	0	88494
6063	85375	260	1827	1478	0	88940
6064	2142	229	1079	86710	0	90160
6065	87416	244	386	2176	0	90222
6066	86522	271	301	1509	0	88603
6067	3001	231	223	85738	0	89193
6068	87700	254	255	2275	0	90484
6069	2371	236	293	85022	0	87922
6070	1467	90056	452	2137	0	94112
6071	93162	1844	226	1482	0	96714
6072	94141	1153	224	784	0	96302
6073	95842	361	246	715	0	97164
6074	3467	306	235	93932	0	97940
6075	1839	286	228	94849	0	97202
6076	949	281	210	96092	0	97532
6077	730	469	90857	3552	0	95608
6078	727	89751	2111	1846	0	94435
6079	913	1924	1182	88510	0	92529
6080	678	1340	88147	2347	0	92512
6081	86455	336	1974	1702	0	90467
6082	2378	247	1166	89087	0	92878
6083	1503	463	88225	2421	0	92612
6084	89601	281	1876	1814	0	93572
6085	2300	228	1238	92699	0	96465
6086	1672	201	442	94376	0	96691
6087	880	195	315	96031	0	97421
6088	93878	184	289	3576	0	97927
6089	94992	194	407	1903	0	97496
6090	94102	199	388	1010	0	95699
6091	3189	89923	531	863	0	94506
6092	1598	91850	516	912	0	94876
6093	91976	2554	330	846	0	95706
6094	2373	1314	90902	786	0	95375
6095	1684	453	1787	89623	0	93547
6096	966	237	1176	92120	0	94499
6097	90171	233	392	3205	0	94001
6098	88177	241	288	1804	0	90510
6099	3025	88529	482	920	0	92956
6100	1769	1726	335	89391	0	93221
6101	882	1207	88626	2333	0	93048
6102	801	434	90639	1751	0	93625
6103	873	248	2721	91192	0	95034
6104	772	220	1253	94471	0	96716
6105	92452	250	448	3388	0	96538
6106	2327	198	398	95266	0	98189
6107	98517	198	425	2712	0	101852
6108	97970	189	429	1901	0	100489
6109	3106	390	98110	1024	0	102630
6110	97468	162	1833	1013	0	100476
6111	99593	177	1229	884	0	101883
6112	100468	199	470	1031	0	102168
6113	3163	98451	637	978	0	103229
6114	1685	100019	601	883	0	103188
6115	1046	2726	374	98981	0	103127
6116	848	1290	98259	2376	0	102773
6117	803	95259	1810	1534	0	99406
6118	940	1748	1026	88925	0	92639
6119	802	816	353	86796	0	88767
6120	572	87810	483	2019	0	90884
6121	88466	1188	243	1238	0	91135
6122	89130	804	288	709	0	90931
6123	2232	456	91857	603	0	95148
6124	89013	211	1213	839	0	91276
6125	1548	450	91007	545	0	93550
6126	81760	248	1159	598	0	83765
6127	1533	401	88751	588	0	91273
6128	981	87098	1207	446	0	89732
6129	889	756	983	82986	0	85614
6130	515	511	304	84409	0	85739
6131	84749	153	226	1338	0	86466
6132	84685	118	220	902	0	85925
6133	83559	147	182	568	0	84456
6134	1337	335	86217	444	0	88333
6135	930	128	727	85717	0	87502
6136	596	135	587	88561	0	89879
6137	88238	116	237	1333	0	89924
6138	937	87946	342	842	0	90067
6139	91317	681	164	632	0	92794
6140	1111	524	177	92926	0	94738
6141	901	249	167	94801	0	96118
6142	521	179	148	95205	0	96053
6143	420	175	156	95600	0	96351
6144	465	207	165	95120	0	95957
6145	395	92113	267	1473	0	94248
6146	297	89774	246	720	0	91037
6147	228	87693	214	293	0	88428
6148	271	772	98	87474	0	88615
6149	242	539	85942	538	0	87261
6150	75309	120	481	627	0	76537
6151	514	88553	438	252	0	89757
6152	527	379	147	88877	0	89930
6153	250	298	123	90043	0	90714
6154	90667	121	110	879	0	91777
6155	89104	133	120	558	0	89915
6156	89811	110	126	376	0	90423
6157	936	109	112	97285	0	98442
6158	562	289	98232	714	0	99797
6159	283	320	101562	563	0	102728
6160	292	94	905	103322	0	104613
6161	257	331	104301	786	0	105675
6162	97085	93	688	743	0	98609
6163	797	84	498	102984	0	104363
6164	595	364	103755	763	0	105477
6165	307	91	621	102138	0	103157
6166	285	361	109004	823	0	110473
6167	255	441	114170	621	0	115487
6168	407	301	1133	120874	0	122715
6169	172	370	128694	1161	0	130397
6170	205	417	123641	855	0	125118
6171	126	115777	1965	389	0	118257
6172	498	1428	848	125446	0	128220
6173	130816	696	216	1470	0	133198
6174	1253	170	124	130458	0	132005
6175	859	111	98	135423	0	136491
6176	238	489	132358	2066	0	135151
6177	115097	131	1345	1287	0	117860
6178	1310	64	761	136167	0	138302
6179	862	38	189	139162	0	140251
6180	134745	42	136	2238	0	137161
6181	1373	41	110	138473	0	139997
6182	137117	59	137	1736	0	139049
6183	137904	59	138	1177	0	139278
6184	137502	58	110	588	0	138258
6185	2066	133941	329	332	0	136668
6186	137390	1157	99	417	0	139063
6187	1393	136763	407	257	0	138820
6188	990	1321	114	137088	0	139513
6189	138710	791	105	1550	0	141156
6190	1294	138411	336	1046	0	141087
6191	139873	1304	132	511	0	141820
6192	1398	139229	357	408	0	141392
6193	136468	1433	174	412	0	138487
6194	1479	137294	407	306	0	139486
6195	977	141794	303	297	0	143371
6196	384	150244	364	333	0	151325
6197	370	2278	121	144508	0	147277
6198	201	152428	392	1404	0	154425
6199	354	1647	116	149783	0	151900
6200	368	1065	123	152273	0	153829
6201	357	330	91	153010	0	153788
6202	315	217	109	153078	0	153719
6203	147840	173	121	2936	0	151070
6204	150380	151	103	1543	0	152177
6205	2607	614	147955	490	0	151666
6206	151771	160	1536	711	0	154178
6207	158293	156	1036	594	0	160079
6208	162317	184	283	595	0	163379
6209	3183	676	157001	330	0	161190
6210	1633	667	157677	327	0	160304
6211	151572	225	3181	654	0	155632
6212	2501	632	166978	528	0	170639
6213	1611	174278	2806	436	0	179131
6214	756	2428	1433	176968	0	181585
6215	182220	1468	382	2834	0	186904
6216	183359	422	336	1920	0	186037
6217	186554	269	299	800	0	187922
6218	4350	288	258	183427	0	188323
6219	2210	252	223	188413	0	191098
6220	742	779	187567	4251	0	193339
6221	802	272	2570	187794	0	191438
6222	754	247	1654	193704	0	196359
6223	189021	224	471	4607	0	194323
6224	2897	189493	813	2234	0	195437
6225	193200	2673	297	1012	0	197182
6226	3337	1746	285	192855	0	198223
6227	190429	465	292	3327	0	194513
6228	189264	307	309	2334	0	192214
6229	181796	332	328	1118	0	183574
6230	4528	184006	706	805	0	190045
6231	2277	189280	670	703	0	192930
6232	1087	4134	354	188912	0	194487
6233	190536	1853	353	3237	0	195979
6234	3314	551	360	188122	0	192347
6235	2420	381	279	190459	0	193539
6236	899	973	187559	4720	0	194151
6237	1002	400	2686	187424	0	191512
6238	974	373	1726	189730	0	192803
6239	986	303	488	190711	0	192488
6240	847	779	184869	5083	0	191578
6241	923	810	180985	2813	0	185531
6242	737	183293	4571	1195	0	189796
6243	184764	2729	1999	1075	0	190567
6244	3417	1836	537	187004	0	192794
6245	2336	1154	188326	3426	0	195242
6246	1346	362	2824	186950	0	191482
6247	1161	392	1781	200246	0	203580
6248	197625	351	572	5051	0	203599
6249	198807	353	469	2657	0	202286
6250	4655	197603	877	1178	0	204313
6251	198404	2790	421	1138	0	202753
6252	198370	1809	449	1024	0	201652
6253	5004	699	433	196434	0	202570
6254	2615	1103	195894	3339	0	202951
6255	1103	196422	3196	2308	0	203029
6256	195602	2793	1770	1256	0	201421
6257	197494	1822	556	1122	0	200994
6258	4558	200493	951	1039	0	207041
6259	2658	2898	371	205013	0	210940
6260	213716	1814	364	4111	0	220005
6261	216406	557	399	2776	0	220138
6262	5759	449	408	216491	0	223107
6263	220338	435	515	4390	0	225678
6264	232632	449	398	2951	0	236430
6265	235810	407	436	1500	0	238153
6266	6851	981	236580	1157	0	245569
6267	3192	230956	4350	1155	0	239653
6268	1244	234159	2926	1087	0	239416
6269	225119	5641	840	1121	0	232721
6270	4431	228697	922	909	0	234959
6271	3014	4676	226297	812	0	234799
6272	1570	2520	3826	225469	0	233385
6273	226049	653	2370	4459	0	233531
6274	4715	524	627	227695	0	233561
6275	228921	552	352	4796	0	234621
6276	229434	516	359	3078	0	233387
6277	230168	492	396	1306	0	232362
6278	6658	222812	1005	964	0	231439
6279	3135	233927	1045	1014	0	239121
6280	233429	5874	459	1265	0	241027
6281	232305	2734	444	1247	0	236730
6282	236695	766	362	1134	0	238957
6283	7200	581	409	231011	0	239201
6284	230305	568	452	4654	0	235979
6285	4827	225278	994	3063	0	234162
6286	3168	233655	884	1394	0	239101
6287	1779	5887	362	230169	0	238197
6288	1381	3197	228146	4506	0	237230
6289	1476	1263	226090	2834	0	231663
6290	1711	578	5834	226042	0	234165
6291	1334	1233	230185	4439	0	237191
6292	1452	836	4128	229199	0	235615
6293	230749	769	2387	4688	0	238593
6294	5131	658	679	230928	0	237396
6295	227811	527	583	4789	0	233710
6296	4722	219642	1117	3025	0	228506
6297	3300	4479	221236	1298	0	230313
6298	1762	2605	3952	214985	0	223304
6299	1564	1028	2350	225291	0	230233
6300	1264	1263	223208	6475	0	232210
6301	1715	708	3983	214146	0	220552
6302	1365	223785	2976	4294	0	232420
6303	1653	4122	789	227650	0	234214
6304	1595	2565	604	231554	0	236318
6305	1674	836	538	241350	0	244398
6306	1592	1132	235491	7367	0	245582
6307	1443	1126	225460	3368	0	231397
6308	204586	629	6531	1694	0	213440
6309	5133	1090	221498	1070	0	228791
6310	2949	218933	4903	1086	0	227871
6311	219166	4037	2445	1026	0	226674
6312	4512	221162	1293	1134	0	228101
6313	214887	4043	1169	1122	0	221221
6314	214344	2322	1286	1078	0	219030
6315	212942	906	683	907	0	215438
6316	212985	785	601	1059	0	215430
6317	6185	205283	1010	1073	0	213551
6318	2991	208950	992	1043	0	213976
6319	208840	5468	608	1013	0	215929
6320	4766	2880	204349	802	0	212797
6321	3197	1013	3827	199361	0	207398
6322	1721	691	2218	206860	0	211490
6323	1280	1149	203982	5679	0	212090
6324	188018	802	3812	2861	0	195493
6325	205782	749	2222	1274	0	210027
6326	204922	784	878	1182	0	207766
6327	6220	200243	1177	1084	0	208724
6328	208712	3866	782	1317	0	214677
6329	5001	2401	883	199176	0	207461
6330	2957	214313	1283	4027	0	222580
6331	218621	4367	759	2802	0	226549
6332	221883	2752	790	1265	0	226690
6333	235868	1099	780	1202	0	238949
6334	7916	954	748	228607	0	238225
6335	4243	930	716	229499	0	235388
6336	1858	224983	1184	7264	0	235289
6337	1850	5276	225945	3553	0	236624
6338	2154	2966	4764	224638	0	234522
6339	2210	1133	2946	226502	0	232791
6340	1988	904	997	238095	0	241984
6341	1636	1269	231212	8031	0	242148
6342	220731	834	5021	4287	0	230873
6343	5868	966	3052	234668	0	244554
6344	3929	1393	236033	5656	0	247011
6345	2271	799	5209	233962	0	242241
6346	237436	704	3286	6218	0	247644
6347	5994	235200	1706	4130	0	247030
6348	4292	5368	959	239804	0	250423
6349	1861	3995	239853	6213	0	251922
6350	224559	1483	5757	4240	0	236039
6351	239363	824	3693	2035	0	245915
6352	8863	1331	237317	1859	0	249370
6353	4993	1255	5683	212888	0	224819
6354	1850	233357	4280	5476	0	244963
6355	235756	5419	1598	3719	0	246492
6356	6423	3931	232212	1741	0	244307
6357	225099	1261	6129	1873	0	234362
6358	6874	1300	226544	1633	0	236351
6359	4607	1117	214308	1438	0	221470
6360	200054	939	7464	1388	0	209845
6361	5267	208318	4121	1603	0	219309
6362	4409	4926	205551	1521	0	216407
6363	1833	202640	5202	1350	0	211025
6364	2232	4608	194274	1244	0	202358
6365	1224	193512	4889	1075	0	200700
6366	180782	4322	3376	1268	0	189748
6367	3975	2662	178277	1156	0	186070
6368	2842	1187	177421	877	0	182327
6369	1466	1026	174655	984	0	178131
6370	164965	866	5990	783	0	172604
6371	170393	501	2770	807	0	174471
6372	5079	492	1267	165606	0	172444
6373	2745	811	172584	3353	0	179493
6374	1319	877	174342	2358	0	178896
6375	169623	529	5239	1015	0	176406
6376	3929	526	2903	174340	0	181698
6377	175090	448	1277	3554	0	180369
6378	176566	462	1156	2289	0	180473
6379	5553	536	930	165818	0	172837
6380	3037	167310	1337	3272	0	174956
6381	1543	3128	1145	169792	0	175608
6382	1364	2090	1013	172154	0	176621
6383	1281	1178	168901	5097	0	176457
6384	1303	165568	3866	2863	0	173600
6385	1150	170540	2881	1252	0	175823
6386	1244	4816	1295	161752	0	169107
6387	992	2793	166416	3400	0	173601
6388	963	165096	4219	2489	0	172767
6389	1109	3681	166525	1156	0	172471
6390	159070	2278	4107	1197	0	166652
6391	167278	941	2876	1052	0	172147
6392	5301	1103	165140	973	0	172517
6393	163749	719	4026	955	0	169449
6394	4271	825	2812	163715	0	171623
6395	2900	172321	1937	3411	0	180569
6396	1790	3250	1432	174760	0	181232
6397	169758	2215	1332	3789	0	177094
6398	172051	918	1305	2591	0	176865
6399	171932	739	1181	1316	0	175168
6400	169082	681	1139	1085	0	171987
6401	5541	162774	1564	1149	0	171028
6402	2918	163799	1508	962	0	169187
6403	161413	4401	1251	926	0	167991
6404	3994	2680	160793	966	0	168433
6405	2919	4553	3145	149868	0	160485
6406	1367	162329	2660	2666	0	169022
6407	1389	2943	1182	156126	0	161640
6408	911	166711	1295	2951	0	171868
6409	1181	3391	984	165853	0	171409
6410	971	2529	167014	3311	0	173825
6411	159730	900	3472	2436	0	166538
6412	167268	711	2520	1083	0	171582
6413	4951	1136	165806	741	0	172634
6414	162200	800	3435	877	0	167312
6415	167009	736	2544	908	0	171197
6416	5134	1011	163966	764	0	170875
6417	3305	696	3485	157856	0	165342
6418	163169	463	2685	3201	0	169518
6419	3791	943	163309	2356	0	170399
6420	3072	752	3409	157071	0	164304
6421	1464	891	167805	3297	0	173457
6422	1272	1069	165547	2323	0	170211
6423	159151	690	5152	1304	0	166297
6424	169662	646	2804	923	0	174035
6425	171830	538	1151	932	0	174451
6426	177141	587	980	905	0	179613
6427	5786	691	1005	166523	0	174005
6428	3068	163278	1221	3175	0	170742
6429	1570	169142	1256	2269	0	174237
6430	1404	4690	815	157638	0	164547
6431	157511	1951	759	3034	0	163255
6432	3596	155633	1034	1927	0	162190
6433	1877	150248	785	709	0	153619
6434	147974	3653	638	589	0	152854
6435	3073	1868	536	146852	0	152329
6436	149297	515	541	2796	0	153149
6437	3118	147905	734	1691	0	153448
6438	150644	2575	413	817	0	154449
6439	3299	1752	154815	591	0	160457
6440	171318	677	2966	653	0	175614
6441	180146	432	1607	710	0	182895
6442	185883	469	621	672	0	187645
6443	5828	992	162326	710	0	169856
6444	175551	539	2617	673	0	179380
6445	3905	177739	1964	623	0	184231
6446	2279	3531	175757	482	0	182049
6447	1599	2641	3597	164854	0	172691
6448	1080	622	1921	162056	0	165679
6449	627	167707	961	4351	0	173646
6450	903	3106	341	169247	0	173597
6451	805	1715	373	171090	0	173983
6452	674	797	165622	4662	0	171755
6453	147357	333	3349	2601	0	153640
6454	3632	550	169066	736	0	173984
6455	2327	279	3517	162783	0	168906
6456	946	495	170753	3338	0	175532
6457	777	284	3624	167218	0	171903
6458	172572	261	2061	3631	0	178525
6459	180355	291	746	2087	0	183479
6460	5395	208	655	178558	0	184816
6461	2515	561	181908	3833	0	188817
6462	1198	295	3634	181710	0	186837
6463	813	573	181154	3951	0	186491
6464	170082	319	3820	2539	0	176760
6465	181052	353	2098	1028	0	184531
6466	178664	396	718	771	0	180549
6467	176148	439	607	781	0	177975
6468	5450	169966	913	967	0	177296
6469	2876	3704	603	172298	0	179481
6470	166445	2199	570	3965	0	173179
6471	3884	169135	814	2497	0	176330
6472	2704	173005	869	1002	0	177580
6473	1465	5322	159634	786	0	167207
6474	160142	2237	3855	821	0	167055
6475	167380	671	2321	802	0	171174
6476	6045	689	161766	751	0	169251
6477	3564	377	3995	156663	0	164599
6478	1999	381	2289	165833	0	170502
6479	1485	612	163671	5463	0	171231
6480	1576	420	4024	161421	0	167441
6481	161401	368	2573	4190	0	168532
6482	4403	625	159724	2438	0	167190
6483	2812	642	164423	1152	0	169029
6484	156557	418	5655	1083	0	163713
6485	4264	870	164817	1002	0	170953
6486	159382	541	4338	1032	0	165293
6487	4662	161084	2796	909	0	169451
6488	165626	3638	923	921	0	171108
6489	4991	2138	825	161120	0	169074
6490	3201	768	800	166274	0	171043
6491	162780	674	691	5806	0	169951
6492	4639	722	693	164275	0	170329
6493	164450	696	730	4485	0	170361
6494	4629	162102	936	2807	0	170474
6495	3224	3854	672	155398	0	163148
6496	1694	2315	740	161139	0	165888
6497	155041	861	716	5598	0	162216
6498	159659	602	649	2919	0	163829
6499	160234	532	779	1315	0	162860
6500	6422	152067	1014	1150	0	160653
6501	3335	157464	1030	934	0	162763
6502	155571	5014	767	951	0	162303
6503	4894	2380	151768	1007	0	160049
6504	3212	151062	3988	950	0	159212
6505	140195	3544	3591	1125	0	148455
6506	136256	1794	1182	691	0	139923
6507	135284	561	536	637	0	137018
6508	5149	555	586	127260	0	133550
6509	131952	380	539	3155	0	136026
6510	131232	311	506	2010	0	134059
6511	5102	367	443	124568	0	130480
6512	128260	372	486	3173	0	132291
6513	3656	585	121891	1976	0	128108
6514	2567	469	2793	123544	0	129373
6515	1307	484	1734	127310	0	130835
6516	1097	279	787	130781	0	132944
6517	125108	296	558	4797	0	130759
6518	130629	385	476	2426	0	133916
6519	132177	344	480	1038	0	134039
6520	132145	229	495	986	0	133855
6521	127826	204	507	889	0	129426
6522	5107	201	554	118625	0	124487
6523	2903	215	453	123745	0	127316
6524	120009	205	552	4293	0	125059
6525	3330	116740	704	2325	0	123099
6526	117593	2393	571	874	0	121431
6527	3357	1552	110671	779	0	116359
6528	117989	397	2465	729	0	121580
6529	120024	315	1573	793	0	122705
6530	4424	446	125117	732	0	130719
6531	129127	235	2775	558	0	132695
6532	3568	466	130493	654	0	135181
6533	2388	441	136706	402	0	139937
6534	1599	628	4074	130978	0	137279
6535	1391	368	1968	144058	0	147785
6536	1099	347	143677	4274	0	149397
6537	1298	372	145634	2238	0	149542
6538	771	139339	4271	939	0	145320
6539	586	136637	2124	777	0	140124
6540	111129	2917	1407	493	0	115946
6541	1737	118799	564	353	0	121453
6542	111895	1722	629	452	0	114698
6543	1650	111037	386	371	0	113444
6544	109389	1563	286	276	0	111514
6545	1749	1181	105350	208	0	108488
6546	105303	378	1442	196	0	107319
6547	1817	251	920	104923	0	107911
6548	1152	107699	436	1363	0	110650
6549	658	1336	230	108956	0	111180
6550	108058	927	214	1575	0	110774
6551	110031	312	166	1032	0	111541
6552	2471	275	157	106880	0	109783
6553	1304	303	106950	1465	0	110022
6554	551	254	106566	1064	0	108435
6555	405	108198	2221	397	0	111221
6556	476	1963	1118	105836	0	109393
6557	413	1024	106098	1479	0	109014
6558	252	96861	1471	888	0	99472
6559	614	1718	1159	95693	0	99184
6560	279	779	298	96973	0	98329
6561	91713	246	193	1752	0	93904
6562	1128	168	152	91880	0	93328
6563	802	211	91095	1286	0	93394
6564	358	113	1057	89767	0	91295
6565	83152	107	731	1424	0	85414
6566	1124	166	88238	870	0	90398
6567	82951	107	1120	499	0	84677
6568	1227	88776	887	288	0	91178
6569	91052	993	322	327	0	92694
6570	91720	697	249	213	0	92879
6571	1896	229	217	86207	0	88549
6572	1054	162	158	90251	0	91625
6573	382	88465	245	1766	0	90858
6574	396	1049	142	91281	0	92868
6575	85328	735	159	1382	0	87604
6576	1144	350	88188	941	0	90623
6577	864	266	1029	86701	0	88860
6578	346	87764	836	1193	0	90139
6579	349	1039	293	89351	0	91032
6580	334	768	193	90593	0	91888
6581	85875	294	178	1876	0	88223
6582	1150	87588	235	1047	0	90020
6583	883	1102	176	88132	0	90293
6584	85939	734	153	1352	0	88178
6585	1235	316	126	87642	0	89319
6586	917	219	149	88960	0	90245
6587	86247	212	141	1980	0	88580
6588	87865	124	143	1152	0	89284
6589	1823	311	88036	491	0	90661
6590	85216	148	1034	508	0	86906
6591	88914	170	763	420	0	90267
6592	89513	168	305	362	0	90348
6593	1926	84052	325	451	0	86754
6594	1075	85748	322	259	0	87404
6595	624	1613	212	84589	0	87038
6596	85137	852	258	1160	0	87407
6597	86434	376	152	877	0	87839
6598	1816	261	149	83928	0	86154
6599	1028	342	86160	1254	0	88784
6600	85165	197	1008	984	0	87354
6601	91746	186	709	548	0	93189
6602	1861	175	286	88447	0	90769
6603	1172	224	210	91020	0	92626
6604	89744	137	199	1760	0	91840
6605	1378	149	152	89734	0	91413
6606	931	89743	302	1349	0	92325
6607	577	1040	133	92553	0	94303
6608	89873	697	116	1510	0	92196
6609	1282	407	90788	1032	0	93509
6610	84704	208	1005	664	0	86581
6611	1332	314	91169	475	0	93290
6612	1003	169	1170	89905	0	92247
6613	91965	136	752	1302	0	94155
6614	1334	129	315	91621	0	93399
6615	1034	143	225	92790	0	94192
6616	88516	133	258	1949	0	90856
6617	1293	270	90201	1183	0	92947
6618	946	276	92718	663	0	94603
6619	519	146	1550	91738	0	93953
6620	456	126	829	95474	0	96885
6621	455	115	330	96378	0	97278
6622	330	289	94628	1879	0	97126
6623	87928	109	1083	1235	0	90355
6624	96258	95	747	674	0	97774
6625	97307	99	295	623	0	98324
6626	96837	91	206	513	0	97647
6627	1859	93354	330	415	0	95958
6628	1072	93930	291	447	0	95740
6629	540	91988	245	327	0	93100
6630	584	1759	162	75693	0	78198
6631	464	606	138	79124	0	80332
6632	247	252	75324	879	0	76702
6633	192	68472	475	445	0	69584
6634	663	362	227	62352	0	63604
6635	59615	186	84	421	0	60306
6636	231	60642	146	324	0	61343
6637	255	329	69	59276	0	59929
6638	94	61018	154	284	0	61550
6639	62231	211	60	371	0	62873
6640	329	284	46	61839	0	62498
6641	230	228	61409	336	0	62203
6642	107	210	61274	293	0	61884
6643	155	383	548	63460	0	64546
6644	135	58	270	65053	0	65516
6645	113	34	73	67701	0	67921
6646	66653	32	74	846	0	67605
6647	495	250	66448	438	0	67631
6648	350	66068	483	160	0	67061
6649	157	421	299	66050	0	66927
6650	128	466	66382	513	0	67489
6651	87	66554	491	454	0	67586
6652	141	561	318	67531	0	68551
6653	106	469	67615	501	0	68691
6654	97	92	418	66374	0	66981
6655	105	62	278	68062	0	68507
6656	68549	24	79	740	0	69392
6657	68536	45	49	419	0	69049
6658	737	32	45	68785	0	69599
6659	69014	29	94	605	0	69742
6660	539	204	69590	408	0	70741
6661	378	47	502	70207	0	71134
6662	126	257	72147	613	0	73143
6663	162	191	542	72674	0	73569
6664	88	72310	473	681	0	73552
6665	74	73833	209	479	0	74595
6666	86	75014	195	231	0	75526
6667	164	1010	157	72649	0	73980
6668	90	418	54	80963	0	81525
6669	99	280	80031	1165	0	81575
6670	111	275	80572	584	0	81542
6671	102	269	84574	167	0	85112
6672	87104	84	1420	242	0	88850
6673	1084	94	643	92999	0	94820
6674	96068	66	134	1269	0	97537
6675	1206	99846	280	869	0	102201
6676	853	1343	133	101113	0	103442
6677	103701	894	132	1552	0	106279
6678	1573	240	100	104518	0	106431
6679	104185	129	80	1794	0	106188
6680	1711	295	105403	1148	0	108557
6681	1081	107127	1544	375	0	110127
6682	350	1430	974	108138	0	110892
6683	108533	966	281	1664	0	111444
6684	109858	223	202	1200	0	111483
6685	2567	123	152	109220	0	112062
6686	1299	101	154	110426	0	111980
6687	107157	125	161	2628	0	110071
6688	1721	120	160	107367	0	109368
6689	1174	308	106333	1878	0	109693
6690	398	105883	1695	1286	0	109262
6691	385	1476	1052	107222	0	110135
6692	106944	1021	300	1864	0	110129
6693	107427	274	231	1337	0	109269
6694	2695	354	108808	558	0	112415
6695	1378	106324	1775	557	0	110034
6696	525	110877	1270	492	0	113164
6697	509	2725	323	109234	0	112791
6698	508	1381	232	112370	0	114491
6699	504	400	180	111576	0	112660
6700	484	268	230	110875	0	111857
6701	397	107808	374	3331	0	111910
6702	513	1860	211	109309	0	111893
6703	471	1296	224	110818	0	112809
6704	107994	392	172	3400	0	111958
6705	108429	255	192	1947	0	110823
6706	3079	107610	353	849	0	111891
6707	109489	1838	212	826	0	112365
6708	109037	1293	218	816	0	111364
6709	109628	448	179	791	0	111046
6710	3410	487	105900	669	0	110466
6711	1969	263	1871	105176	0	109279
6712	872	331	1293	108410	0	110906
6713	662	494	105118	3358	0	109632
6714	727	305	1935	104674	0	107641
6715	724	387	1355	102946	0	105412
6716	103659	265	511	3448	0	107883
6717	2173	472	103530	2033	0	108208
6718	1705	338	1865	101124	0	105032
6719	99988	341	1346	2565	0	104240
6720	2028	99528	617	2132	0	104305
6721	100772	1884	281	1139	0	104076
6722	99542	1350	261	985	0	102138
6723	3234	98023	475	925	0	102657
6724	1885	1992	237	97751	0	101865
6725	97913	1379	193	2460	0	101945
6726	2396	97393	445	1830	0	102064
6727	1981	2007	229	97753	0	101970
6728	96151	1462	244	2438	0	100295
6729	95643	557	254	1889	0	98343
6730	3429	94324	454	929	0	99136
6731	96464	1950	295	872	0	99581
6732	2627	1428	305	95438	0	99798
6733	96278	485	306	2607	0	99676
6734	2556	514	93945	1964	0	98979
6735	1970	322	1987	93762	0	98041
6736	994	330	1384	94708	0	97416
6737	92224	329	486	3614	0	96653
6738	2338	90561	567	2106	0	95572
6739	89128	1886	392	1084	0	92490
6740	2447	89062	532	941	0	92982
6741	1853	2129	83483	861	0	88326
6742	1007	1546	82998	750	0	86301
6743	1326	1681	3074	79025	0	85106
6744	834	654	80289	2219	0	83996
6745	857	587	1944	79027	0	82415
6746	881	412	1184	78294	0	80771
6747	886	381	439	81305	0	83011
6748	79213	410	309	3299	0	83231
6749	79343	403	244	1990	0	81980
6750	80674	359	246	1015	0	82294
6751	3400	79492	442	852	0	84186
6752	1939	85306	428	819	0	88492
6753	1117	3111	90158	816	0	95202
6754	1043	1555	2195	92290	0	97083
6755	898	736	92889	2778	0	97301
6756	950	412	2503	92341	0	96206
6757	903	447	1572	93863	0	96785
6758	911	378	604	94907	0	96800
6759	743	575	90036	4296	0	95650
6760	812	403	2317	90695	0	94227
6761	88627	369	1604	3152	0	93752
6762	2553	86559	858	2204	0	92174
6763	1945	2155	520	86893	0	91513
6764	87029	1536	446	2801	0	91812
6765	87461	615	410	2090	0	90576
6766	3840	377	418	85008	0	89643
6767	2399	303	363	84363	0	87428
6768	78262	258	332	3670	0	82522
6769	2641	259	281	78715	0	81896
6770	73757	209	242	2649	0	76857
6771	2636	263	209	70865	0	73973
6772	1533	261	64519	2346	0	68659
6773	763	60193	1559	1526	0	64041
6774	537	60754	1041	786	0	63118
6775	959	1977	884	54231	0	58051
6776	859	914	582	54719	0	57074
6777	52702	300	174	2040	0	55216
6778	1343	202	170	53284	0	54999
6779	927	202	173	53175	0	54477
6780	427	179	165	49275	0	50046
6781	266	47805	249	2142	0	50462
6782	350	1100	156	49440	0	51046
6783	337	709	134	49594	0	50774
6784	350	260	123	50087	0	50820
6785	46752	186	128	2267	0	49333
6786	1238	47388	234	1266	0	50126
6787	911	1165	153	48199	0	50428
6788	471	770	129	49040	0	50410
6789	347	322	144	49850	0	50663
6790	47417	176	140	2263	0	49996
6791	1396	187	119	48327	0	50029
6792	941	172	110	47939	0	49162
6793	379	216	44493	2160	0	47248
6794	275	43266	1016	1297	0	45854
6795	335	1163	650	43846	0	45994
6796	42791	642	269	1426	0	45128
6797	1064	42983	190	1049	0	45286
6798	41634	932	133	530	0	43229
6799	41795	588	122	424	0	42929
6800	1469	242	133	41061	0	42905
6801	804	166	123	42266	0	43359
6802	369	187	42394	1714	0	44664
6803	309	146	919	44118	0	45492
6804	282	198	43889	1438	0	45807
6805	274	122	1032	44716	0	46144
6806	42219	106	622	1454	0	44401
6807	996	44233	313	1027	0	46569
6808	733	1021	172	46436	0	48362
6809	390	641	181	47177	0	48389
6810	310	264	196	47425	0	48195
6811	288	155	194	47826	0	48463
6812	45722	167	173	1969	0	48031
6813	1049	45785	256	1242	0	48332
6814	734	938	164	47300	0	49136
6815	46771	597	118	1590	0	49076
6816	1132	293	46434	1192	0	49051
6817	46045	165	955	798	0	47963
6818	47701	150	638	647	0	49136
6819	1630	204	598	46883	0	49315
6820	928	217	195	48257	0	49597
6821	47706	208	152	1924	0	49990
6822	1211	49211	248	1197	0	51867
6823	50662	1001	162	801	0	52626
6824	51028	617	131	703	0	52479
6825	51631	256	99	707	0	52693
6826	1967	144	102	50646	0	52859
6827	1054	187	107	51936	0	53284
6828	504	55164	226	1996	0	57890
6829	553	1154	90	56138	0	57935
6830	55802	783	103	1660	0	58348
6831	1392	390	54614	1154	0	57550
6832	53749	225	1059	723	0	55756
6833	57091	194	694	639	0	58618
6834	1954	206	198	56735	0	59093
6835	1122	157	102	57732	0	59113
6836	56812	129	114	2250	0	59305
6837	57298	144	133	1311	0	58886
6838	54473	161	164	759	0	55557
6839	1973	205	55975	646	0	58799
6840	992	55389	1063	590	0	58034
6841	56291	1039	688	580	0	58598
6842	1345	778	200	55289	0	57612
6843	988	56417	251	1335	0	58991
6844	581	1069	119	57386	0	59155
6845	57132	719	135	1499	0	59485
6846	1339	374	101	57929	0	59743
6847	1155	310	56442	1552	0	59459
6848	410	55483	955	1161	0	58009
6849	304	57382	714	669	0	59069
6850	463	1516	54519	496	0	56994
6851	46552	1497	1312	643	0	50004
6852	797	48135	693	461	0	50086
6853	850	841	372	39681	0	41744
6854	39310	315	69	456	0	40150
6855	407	39446	95	341	0	40289
6856	352	386	75	39633	0	40446
6857	39797	263	72	446	0	40578
6858	488	100	51	39805	0	40444
6859	39752	53	62	564	0	40431
6860	511	146	40454	380	0	41491
6861	364	40841	412	179	0	41796
6862	42178	396	270	242	0	43086
6863	41598	286	74	196	0	42154
6864	41429	99	62	207	0	41797
6865	753	171	39744	169	0	40837
6866	39216	71	384	212	0	39883
6867	41174	87	265	189	0	41715
6868	727	129	73	40886	0	41815
6869	41113	91	56	540	0	41800
6870	558	40422	146	372	0	41498
6871	428	387	93	40994	0	41902
6872	282	377	40430	477	0	41566
6873	227	138	414	40038	0	40817
6874	218	118	266	41033	0	41635
6875	40537	103	98	746	0	41484
6876	40359	121	73	451	0	41004
6877	764	201	39916	222	0	41103
6878	38585	88	425	212	0	39310
6879	608	160	40084	201	0	41053
6880	494	94	432	39867	0	40887
6881	257	181	40352	557	0	41347
6882	287	95	432	39177	0	39991
6883	236	40003	375	504	0	41118
6884	262	462	40374	378	0	41476
6885	258	401	40909	188	0	41756
6886	268	182	797	34355	0	35602
6887	41310	90	381	523	0	42304
6888	41487	91	123	459	0	42160
6889	41951	120	90	245	0	42406
6890	883	100	109	40910	0	42002
6891	537	77	123	41690	0	42427
6892	312	83	102	41892	0	42389
6893	294	88	97	41903	0	42382
6894	251	203	40411	851	0	41716
6895	299	139	428	39605	0	40471
6896	217	39720	402	594	0	40933
6897	219	448	132	40428	0	41227
6898	39803	340	113	622	0	40878
6899	569	169	40250	508	0	41496
6900	36168	106	497	332	0	37103
6901	602	143	40589	229	0	41563
6902	439	137	39218	195	0	39989
6903	194	38536	780	197	0	39707
6904	326	662	511	33760	0	35259
6905	194	374	175	37373	0	38116
6906	185	33535	271	808	0	34799
6907	39870	504	142	446	0	40962
6908	724	411	116	41809	0	43060
6909	637	146	110	46814	0	47707
6910	264	81	119	49604	0	50068
6911	54934	70	113	1676	0	56793
6912	59725	82	98	933	0	60838
6913	2091	67	84	58935	0	61177
6914	1113	63	76	59716	0	60968
6915	58256	67	84	2218	0	60625
6916	1376	82	97	58915	0	60470
6917	1026	71	96	59430	0	60623
6918	407	61	95	60420	0	60983
6919	313	152	57488	2316	0	60269
6920	54172	56	1211	1312	0	56751
6921	57148	54	830	560	0	58592
6922	2247	122	54860	421	0	57650
6923	1234	458	1251	49001	0	51944
6924	390	53871	961	1387	0	56609
6925	52909	1138	286	1034	0	55367
6926	1313	53874	297	553	0	56037
6927	925	51542	291	516	0	53274
6928	586	1689	203	48382	0	50860
6929	48182	778	281	1342	0	50583
6930	50027	206	133	994	0	51360
6931	1919	161	78	49033	0	51191
6932	1076	157	167	49392	0	50792
6933	479	154	94	49476	0	50203
6934	379	243	54	49319	0	49995
6935	418	174	87	47629	0	48308
6936	296	46586	129	2038	0	49049
6937	367	1126	58	47681	0	49232
6938	46293	703	58	1628	0	48682
6939	47521	189	86	1192	0	48988
6940	47691	137	77	624	0	48529
6941	1926	45496	155	875	0	48452
6942	1037	1036	126	45540	0	47739
6943	465	809	45463	1465	0	48202
6944	44072	268	1055	1140	0	46535
6945	1402	333	706	44917	0	47358
6946	45250	284	236	1390	0	47160
6947	44489	221	113	1095	0	45918
6948	44955	213	93	559	0	45820
6949	2119	238	106	42845	0	45308
6950	43633	184	134	1354	0	45305
6951	1530	222	124	43522	0	45398
6952	1152	151	111	44144	0	45558
6953	43242	98	169	2079	0	45588
6954	1571	161	90	43999	0	45821
6955	43342	150	65	1705	0	45262
6956	43890	159	71	1277	0	45397
6957	2136	145	61	43391	0	45733
6958	1365	140	49	44268	0	45822
6959	693	133	52	45114	0	45992
6960	657	161	41323	2273	0	44414
6961	623	190	41881	1386	0	44080
6962	633	96	1633	40828	0	43190
6963	681	102	825	41520	0	43128
6964	544	152	227	42548	0	43471
6965	521	121	176	42340	0	43158
6966	601	121	191	42864	0	43777
6967	40647	118	201	2362	0	43328
6968	1407	40285	348	1418	0	43458
6969	1147	1037	208	41257	0	43649
6970	41535	721	236	1645	0	44137
6971	1469	230	240	42017	0	43956
6972	1127	164	139	42656	0	44086
6973	41497	170	132	2331	0	44130
6974	41900	183	151	1484	0	43718
6975	2006	223	41096	898	0	44223
6976	1268	181	985	41747	0	44181
6977	738	196	41999	1727	0	44660
6978	619	185	1073	42493	0	44370
6979	590	124	726	42655	0	44095
6980	688	78	212	43448	0	44426
6981	571	152	41211	2452	0	44386
6982	420	40245	1225	1591	0	43481
6983	461	42440	922	920	0	44743
6984	525	1559	330	41870	0	44284
6985	41504	750	329	1715	0	44298
6986	1337	304	41644	1447	0	44732
6987	1009	238	43771	842	0	45860
6988	540	187	1759	43215	0	45701
6989	496	181	930	41933	0	43540
6990	397	44379	427	2117	0	47320
6991	439	1146	330	44499	0	46414
6992	440	837	248	46474	0	47999
6993	472	340	263	47492	0	48567
6994	45798	160	272	2381	0	48611
6995	46360	136	240	1465	0	48201
6996	2055	191	254	46373	0	48873
6997	1096	46295	389	1685	0	49465
6998	600	1110	175	47278	0	49163
6999	45527	736	216	1828	0	48307
7000	1286	46435	328	1430	0	49479
7001	1018	1094	196	43753	0	46061
7002	467	45404	264	1623	0	47758
7003	44436	1160	203	1244	0	47043
7004	42065	783	244	805	0	43897
7005	1809	44613	263	645	0	47330
7006	948	45059	272	657	0	46936
7007	528	1579	41567	577	0	44251
7008	273	39794	917	563	0	41547
7009	487	1268	745	33675	0	36175
7010	266	570	33132	883	0	34851
7011	83	25712	450	378	0	26623
7012	127	421	294	21942	0	22784
7013	65	185	50	22455	0	22755
7014	39	52	30	22655	0	22776
7015	21933	37	20	482	0	22472
7016	263	69	21708	258	0	22298
7017	186	70	21902	100	0	22258
7018	64	72	402	21874	0	22412
7019	58	81	24048	339	0	24526
7020	52	43	278	24033	0	24406
7021	60	50	187	23459	0	23756
7022	51	37	72	24792	0	24952
7023	47	48	54	24969	0	25118
7024	23894	42	29	510	0	24475
7025	24035	35	42	291	0	24403
7026	432	30	43	24645	0	25150
7027	227	77	26153	330	0	26787
7028	82	39	263	26085	0	26469
7029	43	26103	244	329	0	26719
7030	50	250	54	26251	0	26605
7031	25926	191	59	329	0	26505
7032	26411	58	39	284	0	26792
7033	438	56	36	26552	0	27082
7034	233	47	33	26825	0	27138
7035	88	47	41	27218	0	27394
7036	26041	41	36	523	0	26641
7037	289	91	26552	260	0	27192
7038	216	76	26342	132	0	26766
7039	55	25988	422	99	0	26564
7040	26835	234	194	128	0	27391
7041	265	181	44	27542	0	28032
7042	203	85	28391	296	0	28975
7043	73	28013	260	228	0	28574
7044	68	29170	205	116	0	29559
7045	58	357	54	29339	0	29808
7046	66	202	31	30093	0	30392
7047	59	29900	91	421	0	30471
7048	81	236	45	30688	0	31050
7049	47	190	49	30804	0	31090
7050	30004	55	59	449	0	30567
7051	228	30408	99	283	0	31018
7052	219	219	23	30362	0	30823
7053	65	245	30044	301	0	30655
7054	59	67	241	29840	0	30207
7055	30003	64	170	304	0	30541
7056	227	30510	111	245	0	31093
7057	200	223	31	31032	0	31486
7058	68	236	30782	307	0	31393
7059	72	182	32016	223	0	32493
7060	70	90	417	32949	0	33526
7061	75	39	221	34430	0	34765
7062	34591	44	55	547	0	35237
7063	295	35491	128	297	0	36211
7064	36123	335	47	176	0	36681
7065	363	323	37164	109	0	37959
7066	34620	65	376	196	0	35257
7067	448	129	39136	112	0	39825
7068	36594	69	442	172	0	37277
7069	38963	55	323	162	0	39503
7070	728	135	43002	136	0	44001
7071	393	146	43023	136	0	43698
7072	104	42564	842	140	0	43650
7073	127	455	378	44468	0	45428
7074	46090	345	106	623	0	47164
7075	520	83	67	46886	0	47556
7076	425	61	72	47640	0	48198
7077	142	43	74	48301	0	48560
7078	117	164	47540	887	0	48708
7079	40187	85	535	640	0	41447
7080	47260	45	405	224	0	47934
7081	818	49185	187	181	0	50371
7082	453	484	88	48692	0	49717
7083	129	50609	184	560	0	51482
7084	151	572	66	51251	0	52040
7085	50930	392	86	694	0	52102
7086	585	51121	179	512	0	52397
7087	515	539	67	49755	0	50876
7088	49398	400	82	674	0	50554
7089	49597	97	59	515	0	50268
7090	950	94	76	48953	0	50073
7091	495	163	49271	655	0	50584
7092	205	308	519	47370	0	48402
7093	115	49806	455	593	0	50969
7094	49442	518	98	474	0	50532
7095	561	50595	153	173	0	51482
7096	467	529	54	49861	0	50911
7097	51340	387	56	668	0	52451
7098	621	114	68	53357	0	54160
7099	458	85	65	53911	0	54519
7100	188	182	53563	930	0	54863
7101	123	53314	599	517	0	54553
7102	52296	524	394	215	0	53429
7103	48500	456	131	260	0	49347
7104	731	52944	150	195	0	54020
7105	331	54084	153	161	0	54729
7106	209	750	57	53325	0	54341
7107	52883	357	63	550	0	53853
7108	479	53350	134	402	0	54365
7109	388	456	56	53854	0	54754
7110	146	496	53828	547	0	55017
7111	160	114	429	53719	0	54422
7112	54683	78	324	573	0	55658
7113	484	55476	174	462	0	56596
7114	419	477	71	57255	0	58222
7115	150	481	56491	578	0	57700
7116	173	243	56210	428	0	57054
7117	155	109	745	56520	0	57529
7118	150	126	374	58095	0	58745
7119	130	57187	191	826	0	58334
7120	183	511	65	57285	0	58044
7121	57790	371	90	665	0	58916
7122	565	132	98	58659	0	59454
7123	58848	113	97	706	0	59764
7124	581	59185	195	506	0	60467
7125	480	61576	188	235	0	62479
7126	252	832	125	62970	0	64179
7127	222	438	91	62152	0	62903
7128	173	278	61891	970	0	63312
7129	220	115	513	60885	0	61733
7130	60916	140	409	723	0	62188
7131	610	297	61568	564	0	63039
7132	542	141	544	62506	0	63733
7133	237	285	66398	803	0	67723
7134	238	122	645	66423	0	67428
7135	268	143	469	66860	0	67740
7136	243	120	161	68491	0	69015
7137	203	286	67592	1156	0	69237
7138	213	136	623	65691	0	66663
7139	159	67877	592	774	0	69402
7140	220	604	150	68626	0	69600
7141	205	475	107	68415	0	69202
7142	66620	174	121	1194	0	68109
7143	685	292	66379	709	0	68065
7144	583	146	599	66261	0	67589
7145	230	290	66371	865	0	67756
7146	215	310	64333	711	0	65569
7147	214	168	1001	66306	0	67689
7148	253	210	504	66130	0	67097
7149	266	170	138	69900	0	70474
7150	68270	130	165	1282	0	69847
7151	688	322	69031	795	0	70836
7152	70280	162	690	592	0	71724
7153	810	146	502	75537	0	76995
7154	611	137	176	77626	0	78550
7155	216	80521	292	1272	0	82301
7156	258	672	161	81796	0	82887
7157	240	490	138	81653	0	82521
7158	355	159	165	81871	0	82550
7159	75296	112	158	1253	0	76819
7160	637	323	75620	683	0	77263
7161	65079	144	573	604	0	66400
7162	610	75894	503	375	0	77382
7163	74588	484	152	360	0	75584
7164	529	74714	219	331	0	75793
7165	449	74361	220	314	0	75344
7166	452	812	269	73094	0	74627
7167	73811	318	239	660	0	75028
7168	471	203	82	74343	0	75099
7169	324	73625	190	610	0	74749
7170	127	75896	197	465	0	76685
7171	191	708	74	76219	0	77192
7172	152	429	82	75769	0	76432
7173	80	77080	199	904	0	78263
7174	144	504	86	78673	0	79407
7175	163	379	87	78872	0	79501
7176	137	100	89	79788	0	80114
7177	76743	90	80	1192	0	78105
7178	580	327	78840	559	0	80306
7179	75071	125	572	545	0	76313
7180	81404	81	386	387	0	82258
7181	80983	94	126	346	0	81549
7182	856	80606	213	265	0	81940
7183	460	487	55	79958	0	80960
7184	80989	312	92	721	0	82114
7185	580	110	64	82596	0	83350
7186	82725	64	65	731	0	83585
7187	513	87190	227	451	0	88381
7188	90318	420	86	411	0	91235
7189	91973	314	70	354	0	92711
7190	93339	113	68	310	0	93830
7191	835	93	60	92938	0	93926
7192	507	118	52	95554	0	96231
7193	95478	77	71	975	0	96601
7194	516	95439	240	502	0	96697
7195	351	94975	172	290	0	95788
7196	97678	624	49	389	0	98740
7197	548	349	79	96906	0	97882
7198	462	122	69	97660	0	98313
7199	230	121	62	99163	0	99576
7200	158	98138	257	922	0	99475
7201	97239	522	78	662	0	98501
7202	613	388	41	99613	0	100655
7203	442	101317	211	702	0	102672
7204	254	651	51	105547	0	106503
7205	213	429	46	105990	0	106678
7206	233	121	61	106081	0	106496
7207	180	105	58	106888	0	107231
7208	104825	114	45	1218	0	106202
7209	104522	94	52	744	0	105412
7210	105888	98	81	517	0	106584
7211	1039	100	43	106306	0	107488
7212	557	398	102966	736	0	104657
7213	300	442	94582	560	0	95884
7214	276	374	99917	328	0	100895
7215	104109	107	880	437	0	105533
7216	690	165	411	107147	0	108413
7217	546	128	114	106884	0	107672
7218	304	98	72	108194	0	108668
7219	106096	91	62	1193	0	107442
7220	104489	124	85	783	0	105481
7221	874	111591	284	381	0	113130
7222	568	532	65	113098	0	114263
7223	289	716	110894	734	0	112633
7224	215	112537	683	620	0	114055
7225	302	732	315	112007	0	113356
7226	253	410	109	112586	0	113358
7227	283	175	73	111670	0	112201
7228	279	120	70	110251	0	110720
7229	254	479	108407	986	0	110126
7230	271	416	104951	700	0	106338
7231	198	110105	963	393	0	111659
7232	248	462	376	110516	0	111602
7233	235	334	117	108140	0	108826
7234	104813	131	102	1061	0	106107
7235	606	490	107178	582	0	108856
7236	530	151	468	106520	0	107669
7237	291	120	397	110727	0	111535
7238	309	469	111916	995	0	113689
7239	179	111868	662	654	0	113363
7240	111472	451	362	551	0	112836
7241	613	717	110985	376	0	112691
7242	105423	141	486	517	0	106567
7243	627	538	117349	315	0	118829
7244	554	117	488	117619	0	118778
7245	285	536	119539	678	0	121038
7246	258	560	121123	609	0	122550
7247	294	153	744	121381	0	122572
7248	437	401	655	107159	0	108652
7249	239	109	136	126832	0	127316
7250	304	150	126	124894	0	125474
7251	249	118	139	124362	0	124868
7252	263	630	120983	1011	0	122887
7253	254	557	115172	716	0	116699
7254	162	121156	969	442	0	122729
7255	120774	487	446	520	0	122227
7256	692	425	177	123269	0	124563
7257	123730	127	113	1008	0	124978
7258	786	111	121	123913	0	124931
7259	126662	79	139	1292	0	128172
7260	776	100	134	128424	0	129434
7261	577	85	134	129041	0	129837
7262	202	130598	433	1208	0	132441
7263	294	651	142	133323	0	134410
7264	268	447	142	133173	0	134030
7265	310	142	149	132976	0	133577
7266	254	128	136	132161	0	132679
7267	130	129482	436	1215	0	131263
7268	128540	567	114	985	0	130206
7269	612	128596	412	391	0	130011
7270	476	615	100	125391	0	126582
7271	122673	364	124	1115	0	124276
7272	669	586	120598	544	0	122397
7273	499	590	119565	293	0	120947
7274	411	379	989	115141	0	116920
7275	240	130	473	121011	0	121854
7276	268	82	149	121308	0	121807
7277	228	153	149	116588	0	117118
7278	234	97	133	118474	0	118938
7279	131	115859	376	959	0	117325
7280	198	512	112	117929	0	118751
7281	116464	324	144	940	0	117872
7282	639	147	90	118193	0	119069
7283	450	557	118990	778	0	120775
7284	237	80	600	116916	0	117833
7285	115180	77	448	1107	0	116812
7286	601	118973	403	658	0	120635
7287	570	643	122	123028	0	124363
7288	275	513	95	128460	0	129343
7289	226	533	125838	1938	0	128535
7290	258	510	164824	1108	0	166700
7291	202196	137	3510	579	0	206422
7292	4899	188	1536	210428	0	217051
7293	2682	158	513	218471	0	221824
7294	1110	609	231232	7341	0	240292
7295	767	782	236057	3773	0	241379
7296	325	235625	8813	1879	0	246642
7297	799	5691	3739	231201	0	241430
7298	637	3275	234718	6002	0	244632
7299	205	234864	6810	3541	0	245420
7300	234849	5901	3569	1507	0	245826
7301	241839	3139	1495	988	0	247461
7302	8785	1461	704	227950	0	238900
7303	3875	235054	1341	6152	0	246422
7304	235406	6039	817	3327	0	245589
7305	7235	3825	872	196818	0	208750
7306	3979	1728	231077	5298	0	242082
7307	1748	233290	6494	3029	0	244561
7308	231597	6198	3223	1848	0	242866
7309	237308	3509	1164	1236	0	243217
7310	9426	1282	707	232724	0	244139
7311	4639	709	636	239061	0	245045
7312	1823	1103	231614	9273	0	243813
7313	1606	785	6051	234136	0	242578
7314	1558	528	3363	229352	0	234801
7315	1290	475	1379	235748	0	238892
7316	1101	537	804	235857	0	238299
7317	1129	445	743	225703	0	228020
7318	735	226235	1405	10430	0	238805
7319	225058	5902	713	5742	0	237415
7320	6513	3593	225908	3307	0	239321
7321	3456	221171	6669	2483	0	233779
7322	1964	6207	3438	222613	0	234222
7323	222028	3435	1594	7593	0	234650
7324	6730	1737	1047	223569	0	233083
7325	4212	965	967	225771	0	231915
7326	2042	795	1102	229257	0	233196
7327	1633	1040	849	229683	0	233205
7328	1429	1170	219251	11832	0	233682
7329	1374	220212	6854	6199	0	234639
7330	219708	6420	3582	3849	0	233559
7331	6873	4021	220024	3064	0	233982
7332	4123	1644	7002	220483	0	233252
7333	220389	1098	4027	8205	0	233719
7334	6965	220106	2824	4977	0	234872
7335	223272	6841	1386	3212	0	234711
7336	8485	4005	1364	211797	0	225651
7337	4806	1943	1404	225485	0	233638
7338	2851	1287	969	225890	0	230997
7339	2427	1085	977	227084	0	231573
7340	215272	1391	1110	12178	0	229951
7341	7740	1056	1074	219565	0	229435
7342	4791	957	906	224290	0	230944
7343	208286	917	944	11968	0	222115
7344	7626	1629	206232	6734	0	222221
7345	4918	967	6505	208798	0	221188
7346	201782	834	3593	9066	0	215275
7347	205883	912	1854	5911	0	214560
7348	10426	921	1267	200188	0	212802
7349	5980	784	1282	199900	0	207946
7350	2690	192954	2099	11160	0	208903
7351	2311	6391	955	199657	0	209314
7352	2642	3521	866	201045	0	208074
7353	1966	2010	190075	11856	0	205907
7354	1548	1332	191321	7363	0	201564
7355	1406	186964	9825	4609	0	202804
7356	1874	6480	4610	183611	0	196575
7357	1818	3519	2305	191603	0	199245
7358	186675	1734	1707	11036	0	201152
7359	7272	1363	1678	187297	0	197610
7360	4320	1515	182232	9588	0	197655
7361	2913	1309	6595	186568	0	197385
7362	1814	1346	180285	10055	0	193500
7363	1627	1481	183450	6341	0	192899
7364	2340	1275	9904	174962	0	188481
7365	1942	1111	4957	184979	0	192989
7366	179666	1097	2645	11075	0	194483
7367	185098	950	1623	6748	0	194419
7368	10349	908	1753	181584	0	194594
7369	185288	990	1488	8823	0	196589
7370	190228	792	1053	6139	0	198212
7371	10862	885	1053	184991	0	197791
7372	6367	936	1142	190696	0	199141
7373	185200	858	1115	11318	0	198491
7374	189245	668	994	7010	0	197917
7375	10742	691	1002	183133	0	195568
7376	5899	182102	1751	8872	0	198624
7377	3615	6106	798	187508	0	198027
7378	2856	3276	767	192489	0	199388
7379	2368	1828	182571	12147	0	198914
7380	2216	849	6206	190181	0	199452
7381	178695	758	3735	10343	0	193531
7382	6617	181800	2807	6547	0	197771
7383	184018	5933	1132	4576	0	195659
7384	184820	3364	933	3819	0	192936
7385	188326	1595	1027	3358	0	194306
7386	11278	1829	871	177572	0	191550
7387	6650	1319	165035	7742	0	180746
7388	4220	1364	161657	4814	0	172055
7389	2440	158608	8311	3360	0	172719
7390	1459	118481	3209	1976	0	125125
7391	793	76084	1248	849	0	78974
7392	972	71048	1354	809	0	74183
7393	2099	2519	63447	874	0	68939
7394	44101	2494	2626	717	0	49938
7395	736	253	531	43857	0	45377
7396	492	102	107	43274	0	43975
7397	223	102	89	42878	0	43292
7398	153	42699	172	980	0	44004
7399	41599	512	112	595	0	42818
7400	597	435	42055	271	0	43358
7401	356	40035	545	200	0	41136
7402	247	507	445	40120	0	41319
7403	40236	310	146	606	0	41298
7404	581	88	62	40284	0	41015
7405	421	170	39267	615	0	40473
7406	160	155	39576	442	0	40333
7407	181	116	716	39997	0	41010
7408	140	53	348	40830	0	41371
7409	40185	40	82	901	0	41208
7410	537	127	40423	480	0	41567
7411	39124	65	496	232	0	39917
7412	40320	60	366	200	0	40946
7413	831	53	92	40653	0	41629
7414	430	173	41380	587	0	42570
7415	189	71	491	41579	0	42330
7416	41826	57	355	663	0	42901
7417	533	41884	191	454	0	43062
7418	42806	466	90	279	0	43641
7419	588	333	92	43059	0	44072
7420	398	44686	186	652	0	45922
7421	215	549	64	45195	0	46023
7422	215	399	75	45856	0	46545
7423	143	45851	188	1002	0	47184
7424	210	588	98	46864	0	47760
7425	182	425	97	47841	0	48545
7426	201	120	98	49570	0	49989
7427	168	210	49083	1236	0	50697
7428	130	48895	800	682	0	50507
7429	49740	694	505	258	0	51197
7430	803	548	117	50263	0	51731
7431	583	54633	197	839	0	56252
7432	57546	846	76	722	0	59190
7433	1001	623	103	58040	0	59767
7434	785	153	70	58575	0	59583
7435	317	103	62	57810	0	58292
7436	221	97	80	57375	0	57773
7437	56249	111	60	1778	0	58198
7438	1086	98	55	57491	0	58730
7439	820	94	57	57823	0	58794
7440	57034	81	97	1805	0	59017
7441	1063	102	86	57904	0	59155
7442	812	229	56734	1324	0	59099
7443	343	103	939	57623	0	59008
7444	55732	109	695	1260	0	57796
7445	1114	125	145	56692	0	58076
7446	833	217	56151	1201	0	58402
7447	262	215	55180	944	0	56601
7448	55743	95	1660	509	0	58007
7449	58755	88	827	412	0	60082
7450	59694	71	183	344	0	60292
7451	59736	80	151	330	0	60297
7452	1808	197	58502	256	0	60763
7453	1006	82	1018	57967	0	60073
7454	413	76	721	60189	0	61399
7455	59148	66	193	1814	0	61221
7456	1163	68	157	60163	0	61551
7457	861	199	58868	1246	0	61174
7458	343	83	997	59482	0	60905
7459	225	198	59850	1292	0	61565
7460	184	59329	1221	984	0	61718
7461	60634	970	808	408	0	62820
7462	1190	704	191	60433	0	62518
7463	879	254	59699	1239	0	62071
7464	365	84	1042	60145	0	61636
7465	309	81	790	62446	0	63626
7466	228	250	62569	1961	0	65008
7467	280	94	1171	63151	0	64696
7468	62173	68	854	1554	0	64649
7469	1286	223	59026	1090	0	61625
7470	57443	89	1096	548	0	59176
7471	1258	58284	894	478	0	60914
7472	917	1096	58165	383	0	60561
7473	357	922	58353	399	0	60031
7474	516	992	1865	48123	0	51496
7475	353	151	884	54360	0	55748
7476	243	210	54264	1727	0	56444
7477	304	118	1063	54565	0	56050
7478	55102	90	787	1433	0	57412
7479	55785	64	314	1072	0	57235
7480	1751	92	233	53607	0	55683
7481	993	88	189	53657	0	54927
7482	409	54740	319	1798	0	57266
7483	54488	955	187	1181	0	56811
7484	1262	662	199	55430	0	57553
7485	880	56708	336	1334	0	59258
7486	57273	997	213	1144	0	59627
7487	57978	698	222	656	0	59554
7488	1791	59386	352	558	0	62087
7489	1134	1115	212	59036	0	61497
7490	562	732	232	59446	0	60972
7491	409	332	57666	2115	0	60522
7492	495	161	1210	57377	0	59243
7493	56831	115	874	1632	0	59452
7494	1417	139	353	56915	0	58824
7495	1039	220	55752	1644	0	58655
7496	55114	90	1256	1277	0	57737
7497	1431	92	967	56227	0	58717
7498	1064	230	55916	1560	0	58770
7499	622	92	1254	56425	0	58393
7500	470	215	56384	1654	0	58723
7501	503	119	1381	56159	0	58162
7502	540	117	962	56918	0	58537
7503	55557	90	423	2203	0	58273
7504	1271	55494	558	1338	0	58661
7505	56802	1055	383	746	0	58986
7506	56166	739	350	633	0	57888
7507	56415	215	323	616	0	57569
7508	2107	55084	461	597	0	58249
7509	1216	1220	54912	524	0	57872
7510	644	804	1316	54303	0	57067
7511	55568	236	988	1439	0	58231
7512	56369	154	414	1178	0	58115
7513	2139	173	374	53751	0	56437
7514	54587	175	361	1501	0	56624
7515	1487	270	53756	1244	0	56757
7516	52974	157	1328	729	0	55188
7517	1535	245	53886	669	0	56335
7518	1134	52858	1475	577	0	56044
7519	52562	1013	990	546	0	55111
7520	50850	728	451	548	0	52577
7521	1880	50938	578	500	0	53896
7522	50889	1070	424	559	0	52942
7523	49943	724	353	565	0	51585
7524	1842	345	48762	467	0	51416
7525	46994	186	1074	518	0	48772
7526	1242	250	46851	443	0	48786
7527	921	464	1028	41256	0	43669
7528	498	44024	829	962	0	46313
7529	525	897	43623	805	0	45850
7530	38748	1404	1411	1144	0	42707
7531	37729	329	691	587	0	39336
7532	1093	118	220	35473	0	36904
7533	617	177	35195	653	0	36642
7534	372	178	581	35171	0	36302
7535	35123	93	473	720	0	36409
7536	687	35554	273	524	0	37038
7537	35495	518	170	285	0	36468
7538	35403	357	118	248	0	36126
7539	958	35036	249	198	0	36441
7540	616	513	120	35082	0	36331
7541	35705	352	153	608	0	36818
7542	758	162	133	35891	0	36944
7543	615	124	158	37322	0	38219
7544	356	222	37362	877	0	38817
7545	326	128	556	37262	0	38272
7546	340	109	412	37532	0	38393
7547	37119	107	155	951	0	38332
7548	37336	80	148	553	0	38117
7549	1110	103	132	37185	0	38530
7550	644	153	36408	677	0	37882
7551	364	178	35992	523	0	37057
7552	339	173	938	35606	0	37056
7553	314	184	37305	701	0	38504
7554	355	168	680	36469	0	37672
7555	312	109	531	36434	0	37386
7556	36636	92	214	969	0	37911
7557	733	167	36316	553	0	37769
7558	35551	80	623	340	0	36594
7559	35786	74	447	272	0	36579
7560	954	158	34771	269	0	36152
7561	568	160	34547	241	0	35516
7562	358	1240	809	31818	0	34225
7563	266	32365	525	491	0	33647
7564	296	33115	229	441	0	34081
7565	420	666	147	30553	0	31786
7566	256	294	129	29785	0	30464
7567	219	95	128	30711	0	31153
7568	244	56	105	30981	0	31386
7569	30001	67	125	701	0	30894
7570	490	73	121	30264	0	30948
7571	369	126	29796	536	0	30827
7572	232	54	401	28986	0	29673
7573	214	29088	371	452	0	30125
7574	241	334	139	29352	0	30066
7575	29073	239	109	487	0	29908
7576	477	62	149	29755	0	30443
7577	354	111	29592	478	0	30535
7578	158	28847	472	393	0	29870
7579	173	341	335	29064	0	29913
7580	29054	257	132	500	0	29943
7581	29328	84	116	427	0	29955
7582	694	63	100	29720	0	30577
7583	381	104	28014	445	0	28944
7584	228	134	26810	325	0	27497
7585	26900	51	555	189	0	27695
7586	436	124	28316	147	0	29023
7587	305	102	27483	131	0	28021
7588	210	230	420	25412	0	26272
7589	27449	45	271	325	0	28090
7590	26805	41	98	303	0	27247
7591	26978	42	87	164	0	27271
7592	477	98	29020	105	0	29700
7593	295	81	29782	102	0	30260
7594	97	31146	476	108	0	31827
7595	75	249	271	30896	0	31491
7596	84	218	112	31291	0	31705
7597	113	45	88	30608	0	30854
7598	83	25	93	31285	0	31486
7599	88	80	30996	532	0	31696
7600	80	30927	360	344	0	31711
7601	32534	227	253	177	0	33191
7602	36339	213	102	163	0	36817
7603	36923	48	89	153	0	37213
7604	778	37692	192	143	0	38805
7605	422	483	113	37717	0	38735
7606	40052	335	109	574	0	41070
7607	585	42254	177	507	0	43523
7608	42100	576	83	223	0	42982
7609	661	42174	184	149	0	43168
7610	42601	627	85	173	0	43486
7611	42829	436	98	157	0	43520
7612	1083	144	93	43033	0	44353
7613	593	86	74	44948	0	45701
7614	209	179	44271	1097	0	45756
7615	159	208	43170	656	0	44193
7616	43860	74	1124	237	0	45295
7617	45499	88	584	180	0	46351
7618	1232	86	161	44543	0	46022
7619	691	76	81	45167	0	46015
7620	238	159	44371	1309	0	46077
7621	218	81	699	44216	0	45214
7622	178	184	44835	941	0	46138
7623	239	84	788	44792	0	45903
7624	196	75	576	45912	0	46759
7625	45278	61	168	1404	0	46911
7626	45307	91	130	817	0	46345
7627	1350	99	98	45228	0	46775
7628	805	77	112	45692	0	46686
7629	300	203	44897	1393	0	46793
7630	267	70	764	45401	0	46502
7631	207	198	45675	1002	0	47082
7632	44389	100	884	786	0	46159
7633	905	81	627	45952	0	47565
7634	45971	74	223	958	0	47226
7635	928	45442	254	783	0	47407
7636	46430	718	158	420	0	47726
7637	1000	579	175	45876	0	47630
7638	825	128	185	45614	0	46752
7639	328	45809	270	1391	0	47798
7640	332	747	182	46615	0	47876
7641	234	677	45750	1024	0	47685
7642	307	154	869	46038	0	47368
7643	212	160	44801	1087	0	46260
7644	202	43378	966	790	0	45336
7645	244	732	658	43526	0	45160
7646	210	619	43438	926	0	45193
7647	200	262	42599	752	0	43813
7648	236	156	1214	42198	0	43804
7649	41925	63	695	922	0	43605
7650	776	149	42101	767	0	43793
7651	648	71	790	41641	0	43150
7652	42426	58	611	943	0	44038
7653	781	41397	334	725	0	43237
7654	44093	697	142	473	0	45405
7655	914	545	159	43786	0	45404
7656	713	169	142	44383	0	45407
7657	308	107	125	45452	0	45992
7658	44690	99	128	1492	0	46409
7659	877	101	155	45565	0	46698
7660	720	72	139	46157	0	47088
7661	44253	88	188	1455	0	45984
7662	831	191	44289	866	0	46177
7663	709	96	785	44590	0	46180
7664	265	198	45025	979	0	46467
7665	43157	84	884	852	0	44977
7666	914	90	660	44890	0	46554
7667	711	185	45355	941	0	47192
7668	42669	96	842	812	0	44419
7669	44458	83	634	478	0	45653
7670	1337	193	47217	381	0	49128
7671	851	120	802	46910	0	48683
7672	370	116	638	48265	0	49389
7673	274	200	49051	1409	0	50934
7674	247	48689	925	942	0	50803
7675	267	838	49589	498	0	51192
7676	45985	567	907	452	0	47911
7677	838	268	51490	397	0	52993
7678	48040	91	913	502	0	49546
7679	929	187	51627	436	0	53179
7680	49279	76	937	426	0	50718
7681	932	52191	824	381	0	54328
7682	787	702	305	51407	0	53201
7683	402	535	242	53408	0	54587
7684	253	293	53125	1460	0	55131
7685	354	148	880	50753	0	52135
7686	259	52132	788	973	0	54152
7687	51330	671	316	771	0	53088
7688	829	52078	331	446	0	53684
7689	696	739	233	52110	0	53778
7690	52536	493	211	1033	0	54273
7691	888	53102	311	846	0	55147
7692	51967	782	219	424	0	53392
7693	1001	708	53013	396	0	55118
7694	784	186	941	52808	0	54719
7695	376	128	705	53771	0	54980
7696	350	110	292	55345	0	56097
7697	54581	114	264	1594	0	56553
7698	54849	123	228	916	0	56116
7699	55339	99	264	448	0	56150
7700	54820	128	210	385	0	55543
7701	1477	245	52300	297	0	54319
7702	45280	93	672	307	0	46352
7703	778	47890	603	223	0	49494
7704	541	47494	250	192	0	48477
7705	47831	860	961	353	0	50005
7706	47922	384	303	263	0	48872
7707	777	95	91	45813	0	46776
7708	46756	73	104	533	0	47466
7709	46327	70	82	415	0	46894
7710	50468	49	94	236	0	50847
7711	963	58	75	49780	0	50876
7712	492	49735	150	608	0	50985
7713	145	50576	166	370	0	51257
7714	192	879	71	50385	0	51527
7715	49790	355	88	642	0	50875
7716	531	50555	163	450	0	51699
7717	391	539	53	50445	0	51428
7718	156	450	50682	578	0	51866
7719	44515	102	554	554	0	45725
7720	614	51200	404	147	0	52365
7721	405	52090	153	120	0	52768
7722	50922	775	65	177	0	51939
7723	632	467	52052	143	0	53294
7724	440	113	521	50730	0	51804
7725	169	52485	390	559	0	53603
7726	172	549	88	53121	0	53930
7727	214	327	49	52643	0	53233
7728	159	49932	184	841	0	51116
7729	177	537	61	54867	0	55642
7730	196	335	55	55234	0	55820
7731	54230	116	56	912	0	55314
7732	596	53858	148	468	0	55070
7733	53871	590	48	245	0	54754
7734	646	355	51	53596	0	54648
7735	387	54930	138	612	0	56067
7736	223	737	54085	426	0	55471
7737	229	436	534	54010	0	55209
7738	230	138	328	56717	0	57413
7739	160	243	57034	977	0	58414
7740	52850	145	637	509	0	54141
7741	720	125	390	62752	0	63987
7742	62327	108	127	985	0	63547
7743	940	252	61610	641	0	63443
7744	623	107	870	62352	0	63952
7745	294	261	66366	1122	0	68043
7746	198	137	985	66734	0	68054
7747	191	136	538	68757	0	69622
7748	67843	102	194	1546	0	69685
7749	959	68835	227	791	0	70812
7750	68863	1003	81	383	0	70330
7751	1133	766	69368	224	0	71491
7752	733	229	978	69276	0	71216
7753	284	312	71778	1081	0	73455
7754	60829	205	1142	898	0	63074
7755	69600	159	652	354	0	70765
7756	1588	285	69848	230	0	71951
7757	68150	109	1023	330	0	69612
7758	70987	112	625	275	0	71999
7759	1610	120	212	70057	0	71999
7760	816	263	69071	1157	0	71307
7761	369	302	70800	753	0	72224
7762	331	136	1522	70897	0	72886
7763	342	112	717	70365	0	71536
7764	279	70179	399	1616	0	72473
7765	226	72214	362	882	0	73684
7766	71771	1464	214	502	0	73951
7767	1217	724	226	70919	0	73086
7768	738	70527	313	1225	0	72803
7769	332	72850	330	825	0	74337
7770	67765	1544	231	434	0	69974
7771	1257	765	191	69595	0	71808
7772	772	70396	302	1225	0	72695
7773	473	1118	207	70140	0	71938
7774	383	708	181	70161	0	71433
7775	404	241	209	70248	0	71102
7776	67819	159	202	1862	0	70042
7777	1172	67217	345	958	0	69692
7778	960	1054	217	66911	0	69142
7779	524	674	215	67774	0	69187
7780	440	252	210	68445	0	69347
7781	352	343	64921	1850	0	67466
7782	61241	191	1177	1033	0	63642
7783	1233	184	750	65218	0	67385
7784	64411	165	328	1406	0	66310
7785	64607	190	332	935	0	66064
7786	64886	176	270	574	0	65906
7787	1809	339	64036	489	0	66673
7788	920	63733	1227	466	0	66346
7789	528	1132	705	62672	0	65037
7790	417	867	62574	1224	0	65082
7791	358	457	61296	838	0	62949
7792	437	506	1461	57967	0	60371
7793	247	59163	837	1117	0	61364
7794	59645	994	301	910	0	61850
7795	60353	649	245	608	0	61855
7796	61268	320	186	523	0	62297
7797	60790	226	189	553	0	61758
7798	1599	417	60336	465	0	62817
7799	58338	238	926	539	0	60041
7800	1200	61334	798	459	0	63791
7801	854	970	258	61900	0	63982
7802	485	596	255	63166	0	64502
7803	62629	239	262	1675	0	64805
7804	1260	172	203	62914	0	64549
7805	791	325	60202	1337	0	62655
7806	56508	170	1012	920	0	58610
7807	59607	162	626	581	0	60976
7808	59549	157	328	508	0	60542
7809	1634	336	58268	441	0	60679
7810	52407	164	842	456	0	53869
7811	1014	54641	731	407	0	56793
7812	55330	731	359	381	0	56801
7813	1064	532	272	53994	0	55862
7814	704	255	206	54078	0	55243
7815	359	53635	323	1211	0	55528
7816	417	815	171	53607	0	55010
7817	356	53710	303	918	0	55287
7818	430	885	169	52720	0	54204
7819	344	52803	281	902	0	54330
7820	407	824	160	52413	0	53804
7821	342	52946	261	905	0	54454
7822	401	876	163	54098	0	55538
7823	307	54960	271	1061	0	56599
7824	58969	939	146	828	0	60882
7825	1258	644	132	60509	0	62543
7826	945	354	133	61396	0	62828
7827	511	216	110	65722	0	66559
7828	428	164	132	66289	0	67013
7829	370	329	65710	2234	0	68643
7830	432	174	1270	66520	0	68396
7831	423	155	859	67544	0	68981
7832	66070	137	235	2253	0	68695
7833	65434	174	182	1255	0	67045
7834	2177	67130	360	555	0	70222
7835	1257	1298	150	67010	0	69715
7836	542	883	150	72821	0	74396
7837	74556	268	165	2549	0	77538
7838	1938	426	71103	1308	0	74775
7839	69665	211	1463	605	0	71944
7840	1765	72620	1099	446	0	75930
7841	67936	1339	188	298	0	69761
7842	67119	866	98	292	0	68375
7843	2166	66485	239	234	0	69124
7844	1015	68745	210	195	0	70165
7845	554	2299	129	63523	0	66505
7846	203	1025	63384	1294	0	65906
7847	61303	214	1260	950	0	63727
7848	1340	257	63753	242	0	65592
7849	61449	137	1296	247	0	63129
7850	1394	223	63370	200	0	65187
7851	833	62054	1412	202	0	64501
7852	296	1214	815	62175	0	64500
7853	60642	765	176	1320	0	62903
7854	62158	175	129	898	0	63360
7855	2111	99	78	61994	0	64282
7856	64230	100	112	1391	0	65833
7857	63947	124	84	953	0	65108
7858	2160	62911	182	316	0	65569
7859	64185	1315	63	260	0	65823
7860	1549	64897	213	211	0	66870
7861	1034	1452	78	64302	0	66866
7862	63956	874	99	1526	0	66455
7863	65568	210	87	982	0	66847
7864	65453	156	93	326	0	66028
7865	2369	259	64591	188	0	67407
7866	1091	296	65741	188	0	67316
7867	418	129	2213	65937	0	68697
7868	379	130	999	69245	0	70753
7869	283	74149	367	2400	0	77199
7870	74756	1727	153	1232	0	77868
7871	1952	1134	179	74947	0	78212
7872	1401	283	144	77402	0	79230
7873	430	333	76483	2930	0	80176
7874	321	75261	1889	1483	0	78954
7875	324	78410	1297	501	0	80532
7876	455	2860	267	77423	0	81005
7877	77133	1356	158	2082	0	80729
7878	2018	368	173	77885	0	80444
7879	1477	228	196	79643	0	81544
7880	78309	228	170	3192	0	81899
7881	79750	246	187	1659	0	81842
7882	3270	237	173	78923	0	82603
7883	1652	410	78206	2195	0	82463
7884	705	230	1844	79589	0	82368
7885	582	180	1248	80900	0	82910
7886	79274	197	345	3375	0	83191
7887	2310	220	207	80217	0	82954
7888	80337	208	214	2482	0	83241
7889	2429	377	79859	1695	0	84360
7890	1768	220	1971	81824	0	85783
7891	755	258	1341	84269	0	86623
7892	673	249	383	85728	0	87033
7893	686	276	246	84896	0	86104
7894	738	232	249	84547	0	85766
7895	579	431	80136	3830	0	84976
7896	78827	269	2112	2100	0	83308
7897	2440	263	1460	80608	0	84771
7898	1729	406	79457	2685	0	84277
7899	755	431	80644	1950	0	83780
7900	756	296	3262	79076	0	83390
7901	78916	252	1665	2637	0	83470
7902	79992	292	523	1962	0	82769
7903	82138	310	390	999	0	83837
7904	3960	320	393	74449	0	79122
7905	2036	78857	565	2459	0	83917
7906	80695	2126	406	1896	0	85123
7907	81698	1522	410	922	0	84552
7908	82495	510	378	849	0	84232
7909	82338	377	340	841	0	83896
7910	4193	319	284	78897	0	83693
7911	2175	473	78371	2646	0	83665
7912	1150	321	2180	79251	0	82902
7913	899	519	79368	2788	0	83574
7914	77717	280	2317	2104	0	82418
7915	80094	192	1562	1141	0	82989
7916	3844	363	78031	986	0	83224
7917	78439	200	2256	1020	0	81915
7918	81757	216	1597	1156	0	84726
7919	3987	190	645	77679	0	82501
7920	2219	79358	701	2564	0	84842
7921	80289	2005	459	2036	0	84789
7922	2775	1826	473	75584	0	80658
7923	1976	76109	577	2512	0	81174
7924	1098	1917	354	73951	0	77320
7925	803	1216	72820	2467	0	77306
7926	780	73221	1925	1739	0	77665
7927	69529	1803	1336	1020	0	73688
7928	69418	1134	711	1009	0	72272
7929	68382	310	344	742	0	69778
7930	68969	165	375	763	0	70272
7931	2858	498	353	64789	0	68498
7932	1540	65996	509	1828	0	69873
7933	62430	1387	489	1427	0	65733
7934	1934	1052	64735	677	0	68398
7935	1483	62931	1595	637	0	66646
7936	841	1261	58867	625	0	61594
7937	799	925	1247	52188	0	55159
7938	606	50425	1007	1195	0	53233
7939	680	961	353	55066	0	57060
7940	660	911	57567	1246	0	60384
7941	736	267	1069	55984	0	58056
7942	718	186	873	58145	0	59922
7943	652	213	319	59618	0	60802
7944	56485	215	289	1965	0	58954
7945	1343	57150	463	1287	0	60243
7946	1216	942	296	57621	0	60075
7947	56375	723	334	1371	0	58803
7948	1284	56965	442	1216	0	59907
7949	57116	935	374	641	0	59066
7950	1456	858	57324	569	0	60207
7951	1240	420	1031	54258	0	56949
7952	756	56933	975	1155	0	59819
7953	56525	991	361	994	0	58871
7954	1443	922	56207	518	0	59090
7955	1176	53975	1149	537	0	56837
7956	785	927	758	53982	0	56452
7957	606	783	315	55115	0	56819
7958	53953	334	323	1602	0	56212
7959	1260	315	277	54232	0	56084
7960	986	399	52901	1167	0	55453
7961	660	306	826	51771	0	53563
7962	539	359	53938	1095	0	55931
7963	615	391	933	49636	0	51575
7964	489	53176	812	968	0	55445
7965	52610	813	360	820	0	54603
7966	51280	640	221	513	0	52654
7967	1362	49840	337	372	0	51911
7968	622	46778	267	280	0	47947
7969	876	736	310	43298	0	45220
7970	43078	320	154	576	0	44128
7971	618	146	133	43043	0	43940
7972	42217	108	79	498	0	42902
7973	466	41348	171	341	0	42326
7974	366	384	80	42215	0	43045
7975	241	384	43206	389	0	44220
7976	253	154	369	42544	0	43320
7977	219	166	263	43855	0	44503
7978	44326	105	105	676	0	45212
7979	389	45465	158	387	0	46399
7980	313	387	94	45745	0	46539
7981	44900	273	80	455	0	45708
7982	398	217	45662	376	0	46653
7983	42178	113	324	297	0	42912
7984	478	252	231	46078	0	47039
7985	325	48119	202	391	0	49037
7986	47287	378	110	382	0	48157
7987	474	369	49223	136	0	50202
7988	324	199	48046	123	0	48692
7989	148	48734	581	127	0	49590
7990	46340	261	445	119	0	47165
7991	233	163	68	46918	0	47382
7992	191	45	18	47062	0	47316
7993	46764	29	37	492	0	47322
7994	281	159	47581	293	0	48314
7995	258	40	292	48033	0	48623
7996	94	148	50709	353	0	51304
7997	76	37	335	49960	0	50408
7998	45	51715	328	363	0	52451
7999	77	359	47	52666	0	53149
8000	52	368	52020	405	0	52845
8001	49313	64	396	366	0	50139
8002	411	51	276	53293	0	54031
8003	317	166	53268	463	0	54214
8004	116	44	412	52119	0	52691
8005	90	56	291	53690	0	54127
8006	85	147	53233	695	0	54160
8007	74	170	53259	385	0	53888
8008	101	48	682	54375	0	55206
8009	72	139	55251	479	0	55941
8010	52311	41	547	413	0	53312
8011	480	37	331	55777	0	56625
8012	54877	47	130	556	0	55610
8013	518	179	55335	397	0	56429
8014	372	43	475	56063	0	56953
8015	127	174	60474	527	0	61302
8016	87	59294	622	437	0	60440
8017	120	573	60286	174	0	61153
8018	110	484	57506	142	0	58242
8019	54495	84	857	209	0	55645
8020	58596	37	463	212	0	59308
8021	851	182	60840	160	0	62033
8022	477	85	614	56128	0	57304
8023	161	51	412	61208	0	61832
8024	138	189	62013	926	0	63266
8025	82	59885	693	667	0	61327
8026	58417	533	469	247	0	59666
8027	637	518	62197	132	0	63484
8028	495	106	606	61852	0	63059
8029	205	73	454	64178	0	64910
8030	64920	36	154	1074	0	66184
8031	65578	49	123	644	0	66394
8032	66015	47	121	288	0	66471
8033	66727	47	126	187	0	67087
8034	1081	52	116	65486	0	66735
8035	573	221	68393	704	0	69891
8036	255	52	664	67777	0	68748
8037	158	56	518	69538	0	70270
8038	190	34	158	71741	0	72123
8039	160	218	70114	1246	0	71738
8040	62792	59	750	708	0	64309
8041	819	50	581	69830	0	71280
8042	628	198	72505	928	0	74259
8043	186	74054	929	721	0	75890
8044	214	724	648	75498	0	77084
8045	213	557	215	76568	0	77553
8046	74680	101	176	1465	0	76422
8047	794	76545	281	830	0	78450
8048	677	943	76331	295	0	78246
8049	285	599	818	74969	0	76671
8050	209	122	681	76164	0	77176
8051	75275	66	202	1441	0	76984
8052	75463	74	189	856	0	76582
8053	1422	103	145	76923	0	78593
8054	76828	54	172	986	0	78040
8055	909	76090	283	809	0	78091
8056	763	957	80809	345	0	82874
8057	322	607	866	80417	0	82212
8058	288	118	705	83507	0	84618
8059	272	76	212	84328	0	84888
8060	288	71	175	82621	0	83155
8061	182	81542	317	1560	0	83601
8062	79973	778	189	908	0	81848
8063	943	618	193	80680	0	82434
8064	727	84861	321	958	0	86867
8065	85187	778	178	893	0	87036
8066	84821	613	183	434	0	86051
8067	1379	87697	335	386	0	89797
8068	850	856	154	89185	0	91045
8069	362	637	139	90228	0	91366
8070	318	190	158	89444	0	90110
8071	327	128	151	90561	0	91167
8072	89550	103	179	1739	0	91571
8073	91367	129	158	1043	0	92697
8074	1643	93239	313	462	0	95657
8075	914	1190	92843	427	0	95374
8076	377	788	1094	92772	0	95031
8077	94680	165	812	1396	0	97053
8078	1160	93139	390	1127	0	95816
8079	930	93904	365	442	0	95641
8080	95786	1803	134	453	0	98176
8081	97259	908	152	413	0	98732
8082	2130	227	143	96727	0	99227
8083	1144	384	98997	1401	0	101926
8084	423	474	98814	1130	0	100841
8085	101855	205	1997	618	0	104675
8086	107537	173	1051	486	0	109247
8087	106818	170	231	417	0	107636
8088	106516	174	203	449	0	107342
8089	106352	135	177	458	0	107122
8090	2138	107687	374	442	0	110641
8091	1313	1244	161	104336	0	107054
8092	362	113492	367	1217	0	115438
8093	114102	1213	284	1068	0	116667
8094	112953	922	191	600	0	114666
8095	113352	252	143	411	0	114158
8096	113282	132	121	465	0	114000
8097	1936	111659	336	338	0	114269
8098	111954	1051	99	383	0	113487
8099	1228	113138	319	330	0	115015
8100	1086	1205	106	113057	0	115454
8101	111394	796	106	1294	0	113590
8102	1254	499	115387	899	0	118039
8103	1071	196	953	112859	0	115079
8104	492	194	723	117619	0	119028
8105	430	495	116527	1798	0	119250
8106	334	116764	1113	1034	0	119245
8107	116863	1027	749	476	0	119115
8108	116033	790	171	471	0	117465
8109	1766	116299	311	728	0	119104
8110	1101	1049	162	117226	0	119538
8111	629	1167	122182	1199	0	125177
8112	375	127097	1173	971	0	129616
8113	124662	1067	791	652	0	127172
8114	1193	1212	126410	277	0	129092
8115	114005	310	1039	506	0	115860
8116	122716	231	755	473	0	124175
8117	1856	537	129045	428	0	131866
8118	992	129760	1153	370	0	132275
8119	569	1042	767	129505	0	131883
8120	496	1175	132368	1011	0	135050
8121	119366	306	979	1040	0	121691
8122	130254	195	729	451	0	131629
8123	1664	132348	421	379	0	134812
8124	1100	863	173	132005	0	134141
8125	529	757	177	134859	0	136322
8126	561	694	134873	1596	0	137724
8127	369	135715	1091	858	0	138033
8128	139602	973	659	682	0	141916
8129	140104	737	170	493	0	141504
8130	140770	250	190	521	0	141731
8131	1681	701	139415	313	0	142110
8132	132752	282	849	522	0	134405
8133	139868	241	658	457	0	141224
8134	1602	257	194	141768	0	143821
8135	940	638	138191	944	0	140713
8136	572	261	790	137201	0	138824
8137	523	635	139486	984	0	141628
8138	547	390	750	135122	0	136809
8139	397	137785	857	1013	0	140052
8140	338	143011	455	680	0	144484
8141	439	1138	240	144124	0	145941
8142	456	639	196	139763	0	141054
8143	137522	212	151	1455	0	139340
8144	908	660	138837	689	0	141094
8145	128621	198	773	631	0	130223
8146	859	140605	847	310	0	142621
8147	141061	742	199	515	0	142517
8148	140737	564	204	449	0	141954
8149	1293	228	188	140590	0	142299
8150	817	640	144777	849	0	147083
8151	527	212	749	144265	0	145753
8152	372	152369	874	855	0	154470
8153	416	903	213	153532	0	155064
8154	386	666	189	154831	0	156072
8155	151215	217	180	1672	0	153284
8156	1091	179	172	149105	0	150547
8157	795	147047	512	1010	0	149364
8158	434	881	137	150007	0	151459
8159	149893	659	162	1258	0	151972
8160	996	151832	457	896	0	154181
8161	923	1049	196	154765	0	156933
8162	420	763	150	155684	0	157017
8163	423	239	149	161062	0	161873
8164	473	191	131	159272	0	160067
8165	159801	163	166	2245	0	162375
8166	1521	206	168	162623	0	164518
8167	1190	238	162	165537	0	167127
8168	514	375	163	167279	0	168331
8169	286	170573	491	2765	0	174115
8170	167096	1713	234	1633	0	170676
8171	2109	1584	169735	517	0	173945
8172	1221	167728	1969	553	0	171471
8173	161973	1583	1126	620	0	165302
8174	1847	1552	168140	414	0	171953
8175	1122	167652	1840	446	0	171060
8176	648	2225	1135	160807	0	164815
8177	305	168208	642	1622	0	170777
8178	308	1984	165363	1035	0	168690
8179	375	1480	166152	576	0	168583
8180	155	166619	2520	419	0	169713
8181	165046	1476	1056	501	0	168079
8182	163889	942	347	489	0	165667
8183	2163	720	159937	298	0	163118
8184	1109	639	150372	336	0	152456
8185	414	592	156476	291	0	157773
8186	436	203	2323	152287	0	155249
8187	375	141	1104	154792	0	156412
8188	324	158	330	159512	0	160324
8189	279	595	161069	2468	0	164411
8190	412	188	1548	152662	0	154810
8191	287	160	1024	158381	0	159852
8192	235	539	155326	2567	0	158667
8193	141374	238	1831	1613	0	145056
8194	1852	201	1067	161960	0	165080
8195	1423	159	362	159575	0	161519
8196	361	163571	687	2922	0	167541
8197	163416	1808	498	1676	0	167398
8198	1991	1751	163189	612	0	167543
8199	159607	373	1947	636	0	162563
8200	2252	298	1324	162366	0	166240
8201	1565	800	164395	2192	0	168952
8202	634	271	2062	161856	0	164823
8203	163379	258	1470	2614	0	167721
8204	2089	791	162750	1662	0	167292
8205	158747	226	2213	919	0	162105
8206	162750	234	1568	777	0	165329
8207	165005	190	542	824	0	166561
8208	3360	161981	834	737	0	166912
8209	1902	1979	408	165038	0	169327
8210	167633	1373	426	2458	0	171890
8211	164873	414	503	1819	0	167609
8212	167580	313	415	894	0	169202
8213	4068	753	161059	585	0	166465
8214	166698	329	2433	730	0	170190
8215	3246	256	1762	176908	0	182172
8216	2234	776	175684	3309	0	182003
8217	1160	300	3129	178686	0	183275
8218	988	237	2078	181280	0	184583
8219	873	769	181942	5562	0	189146
8220	987	248	3719	182455	0	187409
8221	825	313	2484	190007	0	193629
8222	610	1002	215398	6368	0	223378
8223	226469	402	4966	3570	0	235407
8224	252229	224	3371	1543	0	257367
8225	9005	230	1356	259028	0	269619
8226	4713	860	257085	6502	0	269160
8227	2340	303	6415	249212	0	258270
8228	1511	251826	4511	7095	0	264943
8229	1769	5682	1633	251634	0	260718
8230	1551	3523	1218	257364	0	263656
8231	253137	1071	1038	10547	0	265793
8232	254890	688	1075	5928	0	262581
8233	260791	691	969	2921	0	265372
8234	10935	628	771	252828	0	265162
8235	5964	575	756	259417	0	266712
8236	2907	1141	251452	10710	0	266210
8237	3001	564	6247	242849	0	252661
8238	2215	250176	4633	8042	0	265066
8239	250714	5842	1727	5630	0	263913
8240	6948	249427	1848	3621	0	261844
8241	252061	6766	1263	2834	0	262924
8242	8024	4316	1245	231965	0	245550
8243	4937	244826	1741	7437	0	258941
8244	246643	6579	1049	5435	0	259706
8245	249719	4371	1081	2800	0	257971
8246	11232	1899	974	240958	0	255063
8247	6025	243755	1580	7785	0	259145
8248	3415	6750	1015	246555	0	257735
8249	2660	4883	242143	8612	0	258298
8250	234339	1898	6617	5851	0	248705
8251	7765	238607	4779	3461	0	254612
8252	236679	6621	1731	2705	0	247736
8253	8555	4369	1314	234045	0	248283
8254	239027	2015	1299	7951	0	250292
8255	8871	1810	243143	5460	0	259284
8256	249229	1322	6996	3564	0	261111
8257	251639	1402	4563	2806	0	260410
8258	12733	1634	249060	2835	0	266262
8259	8121	1049	7429	245572	0	262171
8260	4894	974	5041	250973	0	261882
8261	242704	1200	2380	12409	0	258693
8262	8960	241702	2721	7450	0	260833
8263	6604	7902	2041	237638	0	254185
8264	3937	5141	234913	8966	0	252957
8265	3354	2618	234461	6632	0	247065
8266	3408	228290	10445	4281	0	246424
8267	3937	7357	227891	3559	0	242744
8268	217322	5093	8380	3355	0	234150
8269	8343	2331	5090	212741	0	228505
8270	219794	1512	2754	8066	0	232126
8271	8409	2096	216127	5811	0	232443
8272	5966	1814	7384	214378	0	229542
8273	3898	1704	4735	219662	0	229999
8274	3279	2350	212693	10855	0	229177
8275	3811	1685	6985	215331	0	227812
8276	211266	1855	4736	8891	0	226748
8277	216313	1505	2619	6285	0	226722
8278	11437	1388	2163	211432	0	226420
8279	213433	1462	1970	8569	0	225434
8280	213895	1415	1743	6402	0	223455
8281	11703	206217	2422	4019	0	224361
8282	7847	6285	1587	207862	0	223581
8283	210412	4167	1617	8341	0	224537
8284	9428	2013	1784	211373	0	224598
8285	207926	1596	1836	8942	0	220300
8286	9778	1564	1643	205484	0	218469
8287	7026	1885	205643	9190	0	223744
8288	4516	203977	7315	6606	0	222414
8289	4839	6860	4781	168172	0	184652
8290	4223	202684	3060	7158	0	217125
8291	198111	6946	2392	5648	0	213097
8292	8180	196425	2931	3777	0	211313
8293	6032	195864	2786	3146	0	207828
8294	4518	9549	2152	189845	0	206064
8295	189594	5453	2026	8004	0	205077
8296	8348	2773	1711	190866	0	203698
8297	190096	2258	1689	8831	0	202874
8298	188327	2341	1785	6321	0	198774
8299	10316	187028	2360	4188	0	203892
8300	191841	6745	2138	3451	0	204175
8301	191790	4492	2195	3303	0	201780
8302	193469	2525	2093	2980	0	201067
8303	12392	2275	181039	2953	0	198659
8304	7998	1988	6403	179167	0	195556
8305	5736	1651	4340	184405	0	196132
8306	4533	1965	178668	10229	0	195395
8307	180413	1415	6518	6458	0	194804
8308	186428	1153	4688	4217	0	196486
8309	186082	1181	2548	3880	0	193691
8310	180399	1076	2117	3764	0	187356
8311	11665	171373	2484	3593	0	189115
8312	172555	5377	1521	3084	0	182537
8313	10046	3692	1374	166758	0	181870
8314	7366	2130	152585	6730	0	168811
8315	151913	1318	4599	4745	0	162575
8316	7845	152030	3828	3141	0	166844
8317	144309	4858	1782	2331	0	153280
8318	7339	142225	1553	2526	0	153643
8319	5261	136505	1436	2429	0	145631
8320	3677	135189	1603	2386	0	142855
8321	3722	132401	1963	2450	0	140536
8322	3556	5952	97510	2731	0	109749
8323	3124	8172	3676	73963	0	88935
8324	1246	998	65555	2440	0	70239
8325	51069	565	1587	1433	0	54654
8326	1698	52384	1160	897	0	56139
8327	1257	52872	608	707	0	55444
8328	945	2183	363	50543	0	54034
8329	956	1328	248	51924	0	54456
8330	760	862	50649	2089	0	54360
8331	718	855	50975	1195	0	53743
8332	801	694	1869	50128	0	53492
8333	761	576	50872	1619	0	53828
8334	842	49869	1554	1268	0	53533
8335	1006	1427	950	48528	0	51911
8336	1035	1046	393	53252	0	55726
8337	1033	547	52107	2160	0	55847
8338	1171	306	1285	51813	0	54575
8339	52112	304	955	1675	0	55046
8340	1945	324	575	51743	0	54587
8341	1424	291	458	51720	0	53893
8342	774	370	50155	2676	0	53975
8343	48032	255	1533	1523	0	51343
8344	1843	50553	1237	813	0	54446
8345	1822	1263	368	50574	0	54027
8346	1340	1012	50471	1497	0	54320
8347	1189	510	1247	50661	0	53607
8348	50540	470	869	1662	0	53541
8349	2027	577	50511	1236	0	54351
8350	1546	569	1426	50029	0	53570
8351	903	446	51375	1765	0	54489
8352	877	50397	1571	1363	0	54208
8353	948	1464	50225	764	0	53401
8354	694	49011	1502	549	0	51756
8355	474	1017	38089	279	0	39859
8356	390	1242	857	30967	0	33456
8357	172	33403	607	581	0	34763
8358	31630	583	165	407	0	32785
8359	582	423	116	31970	0	33091
8360	32865	152	92	603	0	33712
8361	671	130	88	33610	0	34499
8362	513	134	92	34287	0	35026
8363	33819	98	99	945	0	34961
8364	34488	97	83	538	0	35206
8365	1028	85	99	35377	0	36589
8366	546	146	36154	673	0	37519
8367	241	35618	665	521	0	37045
8368	249	628	36340	195	0	37412
8369	158	36859	696	164	0	37877
8370	35830	618	493	190	0	37131
8371	627	507	35514	166	0	36814
8372	495	189	35455	129	0	36268
8373	232	109	931	33871	0	35143
8374	34831	76	505	649	0	36061
8375	618	137	36542	492	0	37789
8376	469	38375	720	204	0	39768
8377	39556	578	450	200	0	40784
8378	40327	432	155	195	0	41109
8379	40823	137	136	184	0	41280
8380	41122	116	126	155	0	41519
8381	40694	121	126	185	0	41126
8382	1049	163	40168	143	0	41523
8383	571	322	584	37474	0	38951
8384	215	39309	515	552	0	40591
8385	39442	521	174	440	0	40577
8386	570	40046	204	185	0	41005
8387	37668	479	93	165	0	38405
8388	37534	323	105	151	0	38113
8389	749	37358	180	141	0	38428
8390	38202	461	114	151	0	38928
8391	589	323	95	37986	0	38993
8392	447	124	109	38529	0	39209
8393	202	163	37904	784	0	39053
8394	154	38503	559	445	0	39661
8395	178	478	378	38290	0	39324
8396	167	344	160	39076	0	39747
8397	161	146	130	39398	0	39835
8398	157	184	38055	826	0	39222
8399	34911	98	489	496	0	35994
8400	564	107	383	38721	0	39775
8401	39324	75	148	592	0	40139
8402	651	103	107	39447	0	40308
8403	496	152	39949	592	0	41189
8404	209	176	39847	471	0	40703
8405	37199	97	840	271	0	38407
8406	40408	77	458	207	0	41150
8407	860	39763	260	154	0	41037
8408	467	609	39506	177	0	40759
8409	274	396	541	38572	0	39783
8410	280	229	464	34731	0	35704
8411	40860	109	160	858	0	41987
8412	40763	96	121	472	0	41452
8413	40998	94	107	229	0	41428
8414	908	165	40208	159	0	41440
8415	40390	99	535	253	0	41277
8416	680	78	380	41300	0	42438
8417	516	79	162	41610	0	42367
8418	261	91	126	41564	0	42042
8419	200	41164	203	852	0	42419
8420	40571	491	123	485	0	41670
8421	648	363	122	40408	0	41541
8422	456	238	40398	604	0	41696
8423	281	102	518	39679	0	40580
8424	199	40443	489	602	0	41733
8425	40953	496	167	470	0	42086
8426	641	369	129	40548	0	41687
8427	540	149	113	40405	0	41207
8428	261	195	40744	874	0	42074
8429	229	87	544	39931	0	40791
8430	206	40909	476	616	0	42207
8431	268	522	134	41584	0	42508
8432	219	460	41812	657	0	43148
8433	36587	127	533	545	0	37792
8434	40605	92	383	260	0	41340
8435	798	41536	245	214	0	42793
8436	39739	385	107	172	0	40403
8437	40509	272	77	202	0	41060
8438	698	40528	142	148	0	41516
8439	478	527	85	40682	0	41772
8440	41466	272	82	533	0	42353
8441	513	42693	153	386	0	43745
8442	382	551	42995	156	0	44084
8443	41739	295	571	219	0	42824
8444	44744	91	299	206	0	45340
8445	44987	77	99	184	0	45347
8446	44939	67	75	191	0	45272
8447	815	45997	165	148	0	47125
8448	46873	473	71	185	0	47602
8449	47250	294	61	212	0	47817
8450	47978	84	76	167	0	48305
8451	909	69	63	47620	0	48661
8452	47479	52	64	648	0	48243
8453	578	49019	168	435	0	50200
8454	455	725	50823	140	0	52143
8455	213	545	628	52355	0	53741
8456	52294	78	465	809	0	53646
8457	787	178	53527	501	0	54993
8458	608	109	693	53306	0	54716
8459	197	181	53765	820	0	54963
8460	152	52995	829	650	0	54626
8461	184	730	483	52268	0	53665
8462	229	568	52647	796	0	54240
8463	124	52809	821	532	0	54286
8464	259	833	490	52007	0	53589
8465	53242	446	152	890	0	54730
8466	53510	94	81	537	0	54222
8467	54359	91	80	209	0	54739
8468	54119	52	79	174	0	54424
8469	54076	65	76	187	0	54404
8470	1182	175	53704	121	0	55182
8471	53365	67	695	188	0	54315
8472	55545	61	459	156	0	56221
8473	1200	89	118	55230	0	56637
8474	55572	65	72	769	0	56478
8475	53306	67	73	539	0	53985
8476	1122	52133	203	162	0	53620
8477	626	683	82	52643	0	54034
8478	277	441	70	53247	0	54035
8479	52416	97	67	1129	0	53709
8480	775	52175	161	597	0	53708
8481	594	53607	157	204	0	54562
8482	282	1110	85	54012	0	55489
8483	252	537	74	54716	0	55579
8484	216	130	99	54642	0	55087
8485	256	91	61	55340	0	55748
8486	53221	89	59	1334	0	54703
8487	52536	90	56	717	0	53399
8488	1327	235	53981	222	0	55765
8489	769	90	741	52820	0	54420
8490	292	112	499	54435	0	55338
8491	228	188	53452	1300	0	55168
8492	49295	89	788	767	0	50939
8493	872	53186	607	255	0	54920
8494	53625	750	129	225	0	54729
8495	952	514	92	53276	0	54834
8496	650	272	54336	880	0	56138
8497	334	98	751	55253	0	56436
8498	241	235	57831	929	0	59236
8499	234	58096	882	679	0	59891
8500	56689	751	559	313	0	58312
8501	57064	477	153	225	0	57919
8502	1194	57205	256	198	0	58853
8503	667	715	118	56010	0	57510
8504	55386	473	108	832	0	56799
8505	810	55318	246	577	0	56951
8506	664	740	88	55906	0	57398
8507	56168	493	88	839	0	57588
8508	859	319	55448	593	0	57219
8509	53604	134	695	360	0	54793
8510	834	56142	644	220	0	57840
8511	56700	697	152	256	0	57805
8512	56421	511	127	266	0	57325
8513	1257	309	55917	246	0	57729
8514	810	125	692	53745	0	55372
8515	398	120	500	56440	0	57458
8516	275	263	56176	1219	0	57933
8517	334	134	699	55038	0	56205
8518	352	147	550	54595	0	55644
8519	57045	126	155	1253	0	58579
8520	57496	98	152	728	0	58474
8521	1282	104	144	56944	0	58474
8522	726	246	57016	906	0	58894
8523	376	116	752	57263	0	58507
8524	328	127	521	58052	0	59028
8525	300	248	58428	1282	0	60258
8526	356	103	747	59160	0	60366
8527	58354	110	535	960	0	59959
8528	58289	104	188	745	0	59326
8529	1198	58114	254	327	0	59893
8530	59796	673	134	410	0	61013
8531	59395	482	114	369	0	60360
8532	1273	60100	256	256	0	61885
8533	61444	696	113	334	0	62587
8534	61166	485	104	299	0	62054
8535	62341	155	132	294	0	62922
8536	1396	265	60375	297	0	62333
8537	59646	116	714	299	0	60775
8538	964	123	507	62039	0	63633
8539	62002	93	177	942	0	63214
8540	954	220	61334	687	0	63195
8541	672	60284	865	307	0	62128
8542	60630	720	538	272	0	62160
8543	815	63096	292	228	0	64431
8544	646	710	121	62071	0	63548
8545	336	494	93	63697	0	64620
8546	63283	155	108	1225	0	64771
8547	61896	80	139	700	0	62815
8548	1266	244	61548	296	0	63354
8549	691	220	57384	236	0	58531
8550	288	222	59750	190	0	60450
8551	247	362	1070	58595	0	60274
8552	219	223	59666	706	0	60814
8553	229	224	57163	515	0	58131
8554	689	867	861	54597	0	57014
8555	58541	85	476	700	0	59802
8556	59181	52	108	453	0	59794
8557	59784	42	88	237	0	60151
8558	59733	54	66	163	0	60016
8559	767	49	65	59728	0	60609
8560	446	48	69	60453	0	61016
8561	170	198	61741	731	0	62840
8562	200	52	472	60655	0	61379
8563	212	80	385	60126	0	60803
8564	62909	39	120	898	0	63966
8565	62732	37	86	546	0	63401
8566	919	53	91	62522	0	63585
8567	63310	37	89	677	0	64113
8568	63878	46	105	545	0	64574
8569	1013	36	103	64116	0	65268
8570	627	61	78	63692	0	64458
8571	251	213	62660	1076	0	64200
8572	210	229	61903	561	0	62903
8573	227	115	916	63103	0	64361
8574	212	70	512	64643	0	65437
8575	212	225	64313	1003	0	65753
8576	59925	66	604	676	0	61271
8577	61771	51	450	338	0	62610
8578	1072	203	62904	268	0	64447
8579	577	63310	670	218	0	64775
8580	65804	492	497	363	0	67156
8581	702	628	70659	250	0	72239
8582	547	170	618	69390	0	70725
8583	272	79	475	72065	0	72891
8584	74809	35	200	1138	0	76182
8585	78786	37	167	785	0	79775
8586	1034	46	176	79325	0	80581
8587	696	72	130	83343	0	84241
8588	83033	27	170	1264	0	84494
8589	83378	51	157	815	0	84401
8590	82747	40	154	441	0	83382
8591	1369	297	84399	305	0	86370
8592	815	58	782	84438	0	86093
8593	380	61	589	87180	0	88210
8594	86517	31	231	1520	0	88299
8595	894	86647	343	888	0	88772
8596	93722	700	177	485	0	95084
8597	1334	95070	343	352	0	97099
8598	1045	1186	170	97332	0	99733
8599	508	749	162	99732	0	101151
8600	379	443	98391	2326	0	101539
8601	384	116	1401	98678	0	100579
8602	393	351	99632	1715	0	102091
8603	451	139	1543	99674	0	101807
8604	391	118	1042	99416	0	100967
8605	269	96513	557	2544	0	99883
8606	332	100465	460	1412	0	102669
8607	421	2279	295	97005	0	100000
8608	434	1018	237	102036	0	103725
8609	435	214	242	103382	0	104273
8610	434	161	223	104661	0	105479
8611	441	179	192	105920	0	106732
8612	369	456	102938	2905	0	106668
8613	442	189	1606	102405	0	104642
8614	403	127	1137	104894	0	106561
8615	370	336	101527	3001	0	105234
8616	329	100829	1773	1836	0	104767
8617	430	1466	1164	101743	0	104803
8618	404	1303	101700	2038	0	105445
8619	310	102899	1863	1616	0	106688
8620	436	1579	1181	103386	0	106582
8621	105608	1078	362	2129	0	109177
8622	1817	321	302	105872	0	108312
8623	1346	240	256	106493	0	108335
8624	552	221	270	108271	0	109314
8625	446	197	267	105987	0	106897
8626	343	102769	519	3098	0	106729
8627	449	1547	226	105969	0	108191
8628	108624	1094	257	2586	0	112561
8629	1775	323	274	110739	0	113111
8630	1286	237	254	109943	0	111720
8631	484	221	266	111780	0	112751
8632	106271	252	254	3360	0	110137
8633	107173	280	316	2018	0	109787
8634	2774	250	238	108305	0	111567
8635	105839	196	225	2312	0	108572
8636	105722	203	234	1871	0	108030
8637	2455	106328	461	1072	0	110316
8638	106445	1408	216	988	0	109057
8639	1718	106516	473	819	0	109526
8640	1157	106876	403	874	0	109310
8641	624	2317	357	107890	0	111188
8642	477	1490	109449	2051	0	113467
8643	508	524	1483	106020	0	108535
8644	446	355	1069	107492	0	109362
8645	288	107030	595	2677	0	110590
8646	106310	1546	252	1732	0	109840
8647	1592	1078	238	107397	0	110305
8648	1080	776	115244	2079	0	119179
8649	507	335	1474	114447	0	116763
8650	325	118540	1211	2112	0	122188
8651	119570	1491	319	1789	0	123169
8652	1627	1093	200	120791	0	123711
8653	1151	856	122791	2207	0	127005
8654	594	324	1399	122395	0	124712
8655	310	120647	1404	2152	0	124513
8656	432	1561	329	123434	0	125756
8657	127851	1111	253	2431	0	131646
8658	130761	420	257	2065	0	133503
8659	133134	312	323	1283	0	135052
8660	2932	134807	685	1033	0	139457
8661	137468	1936	289	1058	0	140751
8662	2344	1334	250	138535	0	142463
8663	138166	498	279	2735	0	141678
8664	2347	139383	591	2050	0	144371
8665	1874	2167	221	141356	0	145618
8666	625	1995	141538	2693	0	146851
8667	128423	597	2008	2354	0	133382
8668	2142	142018	1639	1208	0	147007
8669	1708	2163	391	142543	0	146805
8670	701	1491	251	145647	0	148090
8671	562	507	271	145090	0	146430
8672	612	360	286	140967	0	142225
8673	447	141682	640	3780	0	146549
8674	142207	2172	209	2338	0	146926
8675	142524	1456	238	1263	0	145481
8676	3440	876	144840	1068	0	150224
8677	1917	428	2033	145736	0	150114
8678	711	725	147279	2755	0	151470
8679	141326	431	2240	2164	0	146161
8680	145882	385	1425	1079	0	148771
8681	141403	319	425	971	0	143118
8682	3803	382	307	135990	0	140482
8683	1794	137688	630	2557	0	142669
8684	139599	2139	256	2130	0	144124
8685	2742	1530	234	137490	0	141996
8686	138565	459	406	2881	0	142311
8687	2677	831	134608	1897	0	140013
8688	1816	818	133252	895	0	136781
8689	135828	370	3094	871	0	140163
8690	2658	385	1574	137475	0	142092
8691	136690	298	391	2689	0	140068
8692	2530	136369	612	1900	0	141411
8693	137997	2134	362	979	0	141472
8694	138848	1471	404	904	0	141627
8695	3763	880	137621	733	0	142997
8696	1664	689	127784	590	0	130727
8697	651	129081	2852	495	0	133079
8698	1200	1784	1758	126194	0	130936
8699	127667	1081	596	1876	0	131220
8700	1818	308	249	127007	0	129382
8701	1380	249	210	130765	0	132604
8702	628	669	127068	2634	0	130999
8703	121831	282	1497	1575	0	125185
8704	1974	284	1038	130801	0	134097
8705	1414	570	129559	1885	0	133428
8706	687	658	127750	1270	0	130365
8707	682	651	2413	128056	0	131802
8708	681	587	129986	1793	0	133047
8709	655	654	128848	1331	0	131488
8710	727	369	2507	116014	0	119617
8711	563	682	130953	1738	0	133936
8712	635	342	1653	125621	0	128251
8713	497	126872	1405	1843	0	130617
8714	131328	1467	436	1460	0	134691
8715	1703	134475	646	734	0	137558
8716	1392	1791	386	130450	0	134019
8717	613	137041	510	1861	0	140025
8718	624	2251	138317	1337	0	142529
8719	770	1238	2019	153322	0	157349
8720	647	940	180120	3057	0	184764
8721	176129	380	3815	2129	0	182453
8722	3989	191761	2658	794	0	199202
8723	195300	3837	812	746	0	200695
8724	4669	2281	597	190468	0	198015
8725	192981	683	697	4302	0	198663
8726	4868	878	192923	2627	0	201296
8727	2872	194165	4542	1004	0	202583
8728	191908	4057	2483	889	0	199337
8729	4784	2549	880	177259	0	185472
8730	2826	191731	1158	3792	0	199507
8731	1409	4319	629	193935	0	200292
8732	194483	2550	574	5037	0	202644
8733	4540	209308	1078	3097	0	218023
8734	211796	4821	595	1320	0	218532
8735	5653	3450	208055	1004	0	218162
8736	206137	990	5077	909	0	213113
8737	6150	582	2970	208107	0	217809
8738	207831	604	1043	5392	0	214870
8739	5662	206725	1190	3148	0	216725
8740	3677	4959	830	206650	0	216116
8741	1873	2951	621	211618	0	217063
8742	1148	1393	202299	7815	0	212655
8743	1314	657	5026	201450	0	208447
8744	1260	673	3034	207036	0	212003
8745	1253	628	993	208535	0	211409
8746	1223	628	681	209695	0	212227
8747	978	1007	203371	8655	0	214011
8748	895	193538	5637	4439	0	204509
8749	1151	4969	3256	194804	0	204180
8750	192039	2951	1133	5926	0	202049
8751	193566	943	878	3846	0	199233
8752	7667	193521	1269	1876	0	204333
8753	192686	5176	824	1498	0	200184
8754	192657	3049	909	1502	0	198117
8755	192304	1031	802	1463	0	195600
8756	8382	186241	1221	1248	0	197092
8757	181563	4994	638	1169	0	188364
8758	6198	3227	648	175632	0	185705
8759	3572	1350	172919	5355	0	183196
8760	1512	172007	4944	3376	0	181839
8761	1672	5153	3039	169147	0	179011
8762	1220	3114	167715	5019	0	177068
8763	163047	1031	4591	3256	0	171925
8764	5227	715	2633	166376	0	174951
8765	3285	713	929	168990	0	173917
8766	1548	691	678	168791	0	171708
8767	1420	655	618	169964	0	172657
8768	1192	989	161418	7634	0	171233
8769	149039	707	4557	4021	0	158324
8770	4860	160000	3071	1925	0	169856
8771	160852	4466	985	1433	0	167736
8772	5101	162021	1122	1466	0	169710
8773	163189	4861	727	1335	0	170112
8774	5614	2847	584	160149	0	169194
8775	3394	1434	160304	5174	0	170306
8776	1645	1231	160644	3335	0	166855
8777	1571	1084	6468	156764	0	165887
8778	1537	816	2924	160242	0	165519
8779	1505	783	1011	163184	0	166483
8780	156231	692	885	7602	0	165410
8781	5019	983	156768	4009	0	166779
8782	3192	153044	4986	3190	0	164412
8783	1548	160642	3205	1740	0	167135
8784	153457	6361	985	1714	0	162517
8785	5068	3335	153624	1588	0	163615
8786	3161	151570	4905	1736	0	161372
8787	1709	4605	151132	1393	0	158839
8788	1585	2952	4709	148915	0	158161
8789	1448	1501	149943	4893	0	157785
8790	1335	1294	150474	3191	0	156294
8791	1596	1057	6221	147454	0	156328
8792	1285	1140	148791	5025	0	156241
8793	1265	1159	149538	3275	0	155237
8794	1462	814	6436	143177	0	151889
8795	143460	801	3147	5113	0	152521
8796	4679	1137	143404	3423	0	152643
8797	3215	770	4631	140448	0	149064
8798	1726	661	2907	145583	0	150877
8799	141710	700	1429	6847	0	150686
8800	4846	763	1041	143911	0	150561
8801	141289	651	1088	5461	0	148489
8802	4941	139136	1388	3559	0	149024
8803	3291	4189	986	140642	0	149108
8804	140437	2424	1001	5210	0	149072
8805	143283	947	1000	3463	0	148693
8806	7119	761	896	140078	0	148854
8807	3331	1067	139603	5247	0	149248
8808	133436	708	4411	3496	0	142051
8809	4712	138413	3298	1881	0	148304
8810	137598	4104	1313	1718	0	144733
8811	139099	2507	975	1646	0	144227
8812	140722	950	943	1653	0	144268
8813	6973	989	135224	1473	0	144659
8814	3340	134508	4753	1373	0	143974
8815	1994	5104	2666	130495	0	140259
8816	1701	3276	1259	134341	0	140577
8817	1462	1145	130234	6216	0	139057
8818	1208	122999	4164	3277	0	131648
8819	929	105808	2204	1253	0	110194
8820	590	85045	894	704	0	87233
8821	73344	2622	3031	808	0	79805
8822	1920	1045	471	70265	0	73701
8823	1107	329	291	71198	0	72925
8824	508	402	70561	2156	0	73627
8825	66351	325	1393	1121	0	69190
8826	1503	306	881	70454	0	73144
8827	1106	686	365	70930	0	73087
8828	525	342	69990	2157	0	73014
8829	359	69400	1468	1173	0	72400
8830	517	1835	894	68413	0	71659
8831	434	867	68693	1456	0	71450
8832	298	62759	1177	874	0	65108
8833	51303	605	500	288	0	52696
8834	625	475	53610	191	0	54901
8835	432	183	562	50373	0	51550
8836	135	52521	429	501	0	53586
8837	52566	500	192	394	0	53652
8838	584	409	114	52686	0	53793
8839	53121	100	105	579	0	53905
8840	52771	87	80	408	0	53346
8841	727	53244	188	211	0	54370
8842	54405	467	97	232	0	55201
8843	56542	296	92	304	0	57234
8844	765	206	57390	148	0	58509
8845	55475	85	492	221	0	56273
8846	563	202	57663	128	0	58556
8847	55349	64	415	167	0	55995
8848	56604	55	269	193	0	57121
8849	620	212	58241	141	0	59214
8850	310	127	326	57481	0	58244
8851	140	181	59409	366	0	60096
8852	127	184	55949	232	0	56492
8853	136	223	59629	151	0	60139
8854	150	179	504	57943	0	58776
8855	100	55	188	63772	0	64115
8856	101	40	69	64316	0	64526
8857	125	44	52	65835	0	66056
8858	90	209	66403	642	0	67344
8859	128	55	452	62671	0	63306
8860	95	60722	380	688	0	61885
8861	116	615	69716	383	0	70830
8862	119	340	545	68607	0	69611
8863	134	226	72124	641	0	73125
8864	79	71484	749	489	0	72801
8865	61	72741	542	205	0	73549
8866	102	928	104	72384	0	73518
8867	125	613	72494	664	0	73896
8868	105	280	72951	541	0	73877
8869	158	125	1019	72827	0	74129
8870	170	103	508	73967	0	74748
8871	113	114	121	75421	0	75769
8872	142	244	74174	1153	0	75713
8873	74	73696	767	627	0	75164
8874	80	76415	621	217	0	77333
8875	136	1090	147	75482	0	76855
8876	92	671	74879	746	0	76388
8877	126	292	75538	639	0	76595
8878	76	78411	1236	262	0	79985
8879	78611	696	559	266	0	80132
8880	699	80547	325	221	0	81792
8881	560	942	83505	242	0	85249
8882	81758	525	944	248	0	83475
8883	942	135	670	86269	0	88016
8884	88709	107	181	1133	0	90130
8885	1080	116	146	89167	0	90509
8886	803	109	124	90403	0	91439
8887	90586	112	160	1827	0	92685
8888	1104	93498	326	1046	0	95974
8889	874	1260	93209	349	0	95692
8890	185	95374	1294	296	0	97149
8891	93807	1170	865	333	0	96175
8892	1119	94947	351	270	0	96687
8893	94736	1218	164	284	0	96402
8894	94324	874	140	283	0	95621
8895	1906	95184	329	235	0	97654
8896	1025	1191	156	94082	0	96454
8897	94255	874	128	1303	0	96560
8898	94822	224	168	1000	0	96214
8899	2074	183	130	93508	0	95895
8900	1064	315	92154	1295	0	94828
8901	327	342	93052	900	0	94621
8902	319	207	1914	93429	0	95869
8903	211	333	93654	1293	0	95491
8904	86634	210	1319	1074	0	89237
8905	1212	91827	1065	386	0	94490
8906	987	1152	240	92681	0	95060
8907	369	867	220	93622	0	95078
8908	294	247	218	93791	0	94550
8909	294	184	184	93269	0	93931
8910	301	164	200	94089	0	94754
8911	278	353	91739	2097	0	94467
8912	211	91550	1330	1183	0	94274
8913	91816	1178	926	465	0	94385
8914	1277	902	290	91086	0	93555
8915	1010	272	215	92042	0	93539
8916	387	220	206	92517	0	93330
8917	232	91778	377	2235	0	94622
8918	395	1257	220	93774	0	95646
8919	312	1009	199	94622	0	96142
8920	91794	262	213	2350	0	94619
8921	1247	90200	381	1382	0	93210
8922	967	91825	359	578	0	93729
8923	373	2112	193	91484	0	94162
8924	90207	1092	238	1576	0	93113
8925	1359	529	91334	1188	0	94410
8926	84861	310	1343	705	0	87219
8927	1464	441	94234	517	0	96656
8928	1180	368	1365	92427	0	95340
8929	473	281	1031	94676	0	96461
8930	424	290	305	94517	0	95536
8931	427	273	268	94334	0	95302
8932	412	253	263	94125	0	95053
8933	91274	232	245	2419	0	94170
8934	1393	442	91346	1360	0	94541
8935	1175	245	1274	92322	0	95016
8936	431	416	95656	1679	0	98182
8937	276	94877	1542	1420	0	98115
8938	93522	1254	1065	756	0	96597
8939	1484	1231	97584	657	0	100956
8940	1235	331	1390	98644	0	101600
8941	510	278	1059	102744	0	104591
8942	326	479	101480	2695	0	104980
8943	352	483	101000	1582	0	103417
8944	494	288	2450	95057	0	98289
8945	100554	231	1278	1886	0	103949
8946	101104	235	414	1550	0	103303
8947	2503	100697	523	684	0	104407
8948	102913	1471	294	656	0	105334
8949	1767	1163	285	97776	0	100991
8950	1299	103319	507	1806	0	106931
8951	660	1509	233	104911	0	107313
8952	488	1418	105646	1978	0	109530
8953	515	356	1527	101840	0	104238
8954	669	305	1189	104751	0	106914
8955	100703	233	372	2718	0	104026
8956	1508	100648	496	1752	0	104404
8957	99485	1422	271	787	0	101965
8958	1595	99468	456	608	0	102127
8959	94177	1460	262	603	0	96502
8960	1503	95222	406	509	0	97640
8961	1154	94279	393	506	0	96332
8962	94062	2047	234	612	0	96955
8963	1591	1195	286	88795	0	91867
8964	1046	91997	386	1329	0	94758
8965	93482	1242	310	1288	0	96322
8966	93441	908	223	655	0	95227
8967	95641	273	215	589	0	96718
8968	94211	259	235	510	0	95215
8969	2102	94613	419	499	0	97633
8970	1181	1230	227	95576	0	98214
8971	520	934	197	97654	0	99305
8972	97532	293	181	2255	0	100261
8973	1504	229	207	97359	0	99299
8974	95788	234	189	1619	0	97830
8975	1393	465	93938	1153	0	96949
8976	89529	208	1124	804	0	91665
8977	1382	506	94747	529	0	97164
8978	1194	695	1251	92181	0	95321
8979	92828	221	913	1488	0	95450
8980	1301	91534	460	1140	0	94435
8981	88176	940	167	509	0	89792
8982	1126	88885	284	413	0	90708
8983	970	1322	199	91589	0	94080
8984	365	925	89243	1052	0	91585
8985	78458	481	1023	1022	0	80984
8986	885	88087	743	355	0	90070
8987	765	1017	187	86177	0	88146
8988	336	553	125	84779	0	85793
8989	266	213	108	84469	0	85056
8990	258	426	82996	1248	0	84928
8991	214	82930	770	785	0	84699
8992	82392	718	493	381	0	83984
8993	82605	509	164	329	0	83607
8994	1094	82755	278	261	0	84388
8995	85606	694	96	409	0	86805
8996	862	526	91	85119	0	86598
8997	602	85342	315	770	0	87029
8998	85241	694	107	720	0	86762
8999	811	769	83982	429	0	85991
9000	607	85824	763	297	0	87491
9001	414	732	479	87006	0	88631
9002	314	537	143	88426	0	89420
9003	259	428	86303	1171	0	88161
9004	317	243	663	83958	0	85181
9005	291	417	86142	879	0	87729
9006	324	179	682	84954	0	86139
9007	298	180	491	86811	0	87780
9008	295	199	155	87191	0	87840
9009	305	151	138	88020	0	88614
9010	268	393	85815	1259	0	87735
9011	275	437	88134	749	0	89595
9012	267	98027	1484	456	0	100234
9013	343	1218	688	104984	0	107233
9014	384	1102	109644	1451	0	112581
9015	227	109452	1680	1158	0	112517
9016	407	1719	934	112618	0	115678
9017	272	1340	119300	1718	0	122630
9018	109743	308	1813	1258	0	113122
9019	127120	226	1103	468	0	128917
9020	2991	180	259	126290	0	129720
9021	1481	485	126111	2127	0	130204
9022	538	252	1947	125458	0	128195
9023	124983	169	1288	2382	0	128822
9024	1953	127963	621	1447	0	131984
9025	131198	1968	228	676	0	134070
9026	132759	1259	167	569	0	134754
9027	3355	325	193	127710	0	131583
9028	1670	210	223	130254	0	132357
9029	673	206	174	131319	0	132372
9030	500	194	211	130877	0	131782
9031	502	207	194	131106	0	132009
9032	127966	176	206	3600	0	131948
9033	129517	169	172	1848	0	131706
9034	129359	181	242	894	0	130676
9035	3398	513	123107	627	0	127645
9036	121733	196	1863	691	0	124483
9037	2474	329	1247	123305	0	127355
9038	1545	518	122593	2414	0	127070
9039	595	120222	2300	1659	0	124776
9040	886	2375	1463	117053	0	121777
9041	648	1253	472	116266	0	118639
9042	490	117995	569	2975	0	122029
9043	668	1803	340	120566	0	123377
9044	535	1406	118878	2474	0	123293
9045	520	586	120262	1684	0	123052
9046	608	330	3229	120606	0	124773
9047	119626	253	1583	2567	0	124029
9048	119369	282	519	1895	0	122065
9049	3531	542	119351	965	0	124389
9050	1904	111878	2307	812	0	116901
9051	755	116171	1646	880	0	119452
9052	110263	3047	560	933	0	114803
9053	2396	1709	112590	998	0	117693
9054	1807	464	2037	110892	0	115200
9055	111396	281	1379	2676	0	115732
9056	2403	109716	724	1998	0	114841
9057	1764	112922	567	1025	0	116278
9058	111200	2952	386	854	0	115392
9059	2640	1503	362	112378	0	116883
9060	119291	382	394	2685	0	122752
9061	3043	315	410	132856	0	136624
9062	2291	333	424	136037	0	139085
9063	1032	638	135389	4730	0	141789
9064	982	417	2812	140258	0	144469
9065	912	415	1872	142090	0	145289
9066	141351	393	738	5360	0	147842
9067	3457	399	548	145396	0	149800
9068	2272	748	143883	4319	0	151222
9069	141415	384	3347	2980	0	148126
9070	3605	391	2324	144727	0	151047
9071	145458	371	915	4079	0	150823
9072	3910	139212	1010	3080	0	147212
9073	2684	145378	1006	1554	0	150622
9074	144153	4960	717	1262	0	151092
9075	145710	2564	678	1168	0	150120
9076	5771	915	640	142630	0	149956
9077	3131	908	141412	3856	0	149307
9078	1618	595	3409	144403	0	150025
9079	140896	693	2390	4195	0	148174
9080	3800	141255	1240	2956	0	149251
9081	3080	3480	652	140388	0	147600
9082	140363	2442	687	4036	0	147528
9083	4079	1188	136384	3052	0	144703
9084	136821	672	3381	1723	0	142597
9085	131057	666	2466	1696	0	135885
9086	5528	802	137001	1442	0	144773
9087	3281	854	138739	1490	0	144364
9088	1784	547	5303	132918	0	140552
9089	1740	497	2828	131984	0	137049
9090	1304	139241	1374	5732	0	147651
9091	1538	3356	817	141655	0	147366
9092	1402	2583	141335	4604	0	149924
9093	1511	897	3675	143086	0	149169
9094	1513	584	2614	148459	0	153170
9095	1396	791	141713	6460	0	150360
9096	1229	140929	4030	4050	0	150238
9097	1461	3570	2693	141059	0	148783
9098	1506	2493	1113	145253	0	150365
9099	142739	936	870	6438	0	150983
9100	4369	757	872	142697	0	148695
9101	3158	1010	139785	4994	0	148947
9102	137920	700	3796	3584	0	146000
9103	142409	774	2651	1975	0	147809
9104	144446	717	1174	1772	0	148109
9105	6629	985	137810	1530	0	146954
9106	3871	657	3952	136281	0	144761
9107	1967	560	2903	140277	0	145707
9108	1766	567	1402	141815	0	145550
9109	135367	591	1047	6585	0	143590
9110	4249	135038	1409	4171	0	144867
9111	3233	3415	128352	1980	0	136980
9112	1404	124646	3546	1629	0	131225
9113	1141	117710	2445	1462	0	122758
9114	1074	116185	1321	1318	0	119898
9115	2061	5268	1617	110026	0	118972
9116	1105	2392	108621	3309	0	115427
9117	93426	1225	2734	2621	0	100006
9118	2560	102047	2234	1505	0	108346
9119	96558	2158	830	1186	0	100732
9120	2504	99949	813	1111	0	104377
9121	101234	2366	603	1130	0	105333
9122	2704	103114	813	987	0	107618
9123	2125	2748	103968	1035	0	109876
9124	1267	1798	2274	103041	0	108380
9125	1032	772	1736	108381	0	111921
9126	107649	555	843	4066	0	113113
9127	2761	591	575	118011	0	121938
9128	2133	796	117437	3474	0	123840
9129	1275	529	2736	119943	0	124483
9130	941	816	119630	3664	0	125051
9131	796	118122	3303	2845	0	125066
9132	1063	2876	2246	107492	0	113677
9133	801	120730	1229	2893	0	125653
9134	119886	3032	792	2372	0	126082
9135	3214	2164	718	119781	0	125877
9136	2379	1046	119847	3335	0	126607
9137	1068	897	119115	2563	0	123643
9138	116289	683	4381	1355	0	122708
9139	3239	768	2331	117875	0	124213
9140	2348	920	117526	3228	0	124022
9141	1109	887	114623	2433	0	119052
9142	754	116166	4595	1262	0	122777
9143	935	2980	2562	102801	0	109278
9144	703	115001	1299	2834	0	119837
9145	719	2875	761	112798	0	117153
9146	113835	1869	804	3269	0	119777
9147	2774	807	776	115172	0	119529
9148	2092	599	747	116910	0	120348
9149	115895	617	724	4620	0	121856
9150	2889	632	742	120834	0	125097
9151	2256	744	725	115736	0	119461
9152	963	120325	902	4561	0	126751
9153	120710	2812	645	2738	0	126905
9154	123131	2095	597	1463	0	127286
9155	4632	790	658	121425	0	127505
9156	2609	603	686	122783	0	126681
9157	1232	572	650	121206	0	123660
9158	904	115506	874	5153	0	122437
9159	855	120116	985	2976	0	124932
9160	1302	4185	648	112343	0	118478
9161	95802	1541	463	2426	0	100232
9162	94293	531	499	1780	0	97103
9163	2889	91612	582	1006	0	96089
9164	85225	1741	332	716	0	88014
9165	1713	85477	470	667	0	88327
9166	1241	84366	464	650	0	86721
9167	1747	2708	603	80153	0	85211
9168	78315	1104	476	1838	0	81733
9169	1495	76946	423	1304	0	80168
9170	1047	78398	437	660	0	80542
9171	552	2009	257	77164	0	79982
9172	499	1064	235	78898	0	80696
9173	380	602	76928	2401	0	80311
9174	74182	404	1365	1368	0	77319
9175	75257	423	920	675	0	77275
9176	2130	535	77093	650	0	80408
9177	1137	520	77286	670	0	79613
9178	518	399	2057	77406	0	80380
9179	464	352	1016	79314	0	81146
9180	375	79029	508	2548	0	82460
9181	498	1607	252	80675	0	83032
9182	448	1253	79451	2074	0	83226
9183	558	454	1542	79020	0	81574
9184	560	418	991	80023	0	81992
9185	77924	367	425	2719	0	81435
9186	1695	545	76649	1618	0	80507
9187	74232	420	1637	886	0	77175
9188	1794	524	76202	845	0	79365
9189	1225	473	1649	74213	0	77560
9190	534	550	74598	1993	0	77675
9191	453	622	74672	1501	0	77248
9192	603	810	2314	72143	0	75870
9193	69271	571	1470	2154	0	73466
9194	68427	409	560	1422	0	70818
9195	2203	69674	679	820	0	73376
9196	69663	1537	591	755	0	72546
9197	68803	1082	524	758	0	71167
9198	2251	69061	600	760	0	72672
9199	1289	1646	506	69315	0	72756
9200	710	1104	553	70915	0	73282
9201	615	537	430	71570	0	73152
9202	556	494	400	72336	0	73786
9203	548	559	69886	2760	0	73753
9204	63804	404	1713	1789	0	67710
9205	1803	322	1164	70130	0	73419
9206	1337	350	542	68719	0	70948
9207	606	70133	568	2669	0	73976
9208	689	1644	318	71621	0	74272
9209	506	1252	70996	2168	0	74922
9210	65064	502	1633	1754	0	68953
9211	1805	536	72212	1022	0	75575
9212	1318	524	1516	70019	0	73377
9213	69911	376	998	2124	0	73409
9214	1730	71414	477	1734	0	75355
9215	1387	1583	280	73698	0	76948
9216	667	1315	73972	2141	0	78095
9217	668	497	1578	74751	0	77494
9218	72284	455	1097	2135	0	75971
9219	1921	575	72968	1520	0	76984
9220	1480	480	71107	882	0	73949
9221	579	69466	2515	814	0	73374
9222	65777	1733	1142	744	0	69396
9223	1681	65000	607	705	0	67993
9224	1115	1643	62210	618	0	65586
9225	481	1059	58879	564	0	60983
9226	380	57351	2016	598	0	60345
9227	46344	1034	919	328	0	48625
9228	893	46475	365	260	0	47993
9229	626	865	225	44371	0	46087
9230	245	527	214	45595	0	46581
9231	206	182	45333	1353	0	47074
9232	217	143	968	45074	0	46402
9233	150	232	45874	988	0	47244
9234	44097	153	944	618	0	45812
9235	45640	166	576	277	0	46659
9236	45930	126	207	315	0	46578
9237	1325	215	44556	309	0	46405
9238	44305	119	952	272	0	45648
9239	1009	142	597	41643	0	43391
9240	584	44346	327	891	0	46148
9241	44349	837	194	656	0	46036
9242	957	601	43449	255	0	45262
9243	43082	102	863	312	0	44359
9244	43319	100	641	276	0	44336
9245	1300	146	42397	276	0	44119
9246	594	42161	971	257	0	43983
9247	336	1035	563	41592	0	43526
9248	285	532	41876	861	0	43554
9249	219	231	40199	540	0	41189
9250	338	602	1049	35149	0	37138
9251	183	137	35582	681	0	36583
9252	185	97	690	34384	0	35356
9253	170	125	493	33618	0	34406
9254	191	104	171	35035	0	35501
9255	164	150	34543	958	0	35815
9256	194	100	697	34651	0	35642
9257	160	123	35103	749	0	36135
9258	164	95	727	35220	0	36206
9259	35743	91	471	772	0	37077
9260	727	103	184	35751	0	36765
9261	430	37267	270	765	0	38732
9262	182	675	195	38673	0	39725
9263	39193	424	191	840	0	40648
9264	770	39839	276	572	0	41457
9265	565	737	190	39861	0	41353
9266	39969	468	179	879	0	41495
9267	797	209	40359	636	0	42001
9268	579	138	807	39996	0	41520
9269	201	158	41056	877	0	42292
9270	204	166	40524	610	0	41504
9271	234	129	1228	39687	0	41278
9272	39920	126	614	887	0	41547
9273	842	204	39258	586	0	40890
9274	38898	110	854	255	0	40117
9275	910	140	590	39647	0	41287
9276	578	157	39922	791	0	41448
9277	221	165	39346	576	0	40308
9278	218	167	39628	219	0	40232
9279	297	412	1146	36724	0	38579
9280	37693	86	860	754	0	39393
9281	629	37576	286	516	0	39007
9282	538	559	228	36479	0	37804
9283	204	409	200	37715	0	38528
9284	37374	110	192	990	0	38666
9285	37445	74	202	566	0	38287
9286	977	37368	274	233	0	38852
9287	37972	572	180	217	0	38941
9288	37858	437	150	216	0	38661
9289	1047	96	203	37308	0	38654
9290	499	165	37521	687	0	38872
9291	36737	119	691	524	0	38071
9292	758	63	465	37847	0	39133
9293	555	142	163	38173	0	39033
9294	37730	92	124	1023	0	38969
9295	724	70	147	36677	0	37618
9296	553	82	159	37028	0	37822
9297	36116	55	140	1043	0	37354
9298	656	37087	222	576	0	38541
9299	37133	522	160	250	0	38065
9300	696	430	37140	220	0	38486
9301	36587	66	651	215	0	37519
9302	686	64	438	36417	0	37605
9303	475	37528	218	617	0	38838
9304	247	545	142	38124	0	39058
9305	193	340	129	38214	0	38876
9306	240	78	126	38519	0	38963
9307	37318	63	145	947	0	38473
9308	598	36621	188	523	0	37930
9309	381	36363	178	209	0	37131
9310	35383	715	108	208	0	36414
9311	547	405	36859	156	0	37967
9312	361	150	35943	160	0	36614
9313	34066	252	915	185	0	35418
9314	536	131	35893	150	0	36710
9315	299	80	378	33486	0	34243
9316	160	70	259	32607	0	33096
9317	114	51	81	34656	0	34902
9318	116	51	73	34257	0	34497
9319	91	33886	145	643	0	34765
9320	131	343	62	34973	0	35509
9321	111	354	34269	476	0	35210
9322	134	72	374	34385	0	34965
9323	118	135	33834	502	0	34589
9324	126	129	33390	340	0	33985
9325	142	54	606	34005	0	34807
9326	146	148	34410	476	0	35180
9327	157	84	428	34059	0	34728
9328	34126	39	306	537	0	35008
9329	442	117	34675	376	0	35610
9330	33065	42	438	200	0	33745
9331	478	44	316	34488	0	35326
9332	337	133	34403	504	0	35377
9333	124	34192	479	391	0	35186
9334	185	396	299	35242	0	36122
9335	152	333	36574	508	0	37567
9336	146	84	462	36683	0	37375
9337	37447	50	325	559	0	38381
9338	37689	64	133	427	0	38313
9339	38477	58	135	222	0	38892
9340	723	72	121	38621	0	39537
9341	426	57	106	39025	0	39614
9342	203	63	101	39892	0	40259
9343	40081	58	111	825	0	41075
9344	541	41334	178	460	0	42513
9345	437	489	95	41866	0	42887
9346	208	354	92	42785	0	43439
9347	42143	93	87	987	0	43310
9348	609	43118	182	556	0	44465
9349	461	603	92	45296	0	46452
9350	46157	410	79	835	0	47481
9351	46210	106	96	629	0	47041
9352	1212	253	120	45584	0	47169
9353	46024	71	105	896	0	47096
9354	924	50	112	45840	0	46926
9355	589	205	46289	926	0	48009
9356	285	66	718	46392	0	47461
9357	254	76	503	47199	0	48032
9358	254	66	121	47790	0	48231
9359	45372	60	96	1293	0	46821
9360	732	45168	189	706	0	46795
9361	43865	632	83	312	0	44892
9362	671	43233	170	226	0	44300
9363	414	43910	138	198	0	44660
9364	43560	899	128	247	0	44834
9365	632	44817	184	213	0	45846
9366	503	638	93	44421	0	45655
9367	44154	406	51	753	0	45364
9368	44830	115	77	514	0	45536
9369	1014	91	69	44524	0	45698
9370	553	105	48	43998	0	44704
9371	180	44701	137	1047	0	46065
9372	45561	616	54	593	0	46824
9373	44554	415	93	314	0	45376
9374	953	47074	140	245	0	48412
9375	494	47862	143	204	0	48703
9376	220	1072	53	47778	0	49123
9377	47872	491	53	884	0	49300
9378	810	161	43	47902	0	48916
9379	591	110	62	48626	0	49389
9380	219	202	47177	1252	0	48850
9381	226	224	47200	606	0	48256
9382	198	128	1097	47411	0	48834
9383	171	200	47962	944	0	49277
9384	157	47821	863	679	0	49520
9385	206	758	486	47969	0	49419
9386	204	473	127	49144	0	49948
9387	198	152	101	49530	0	49981
9388	147	247	48661	1332	0	50387
9389	167	258	47339	718	0	48482
9390	45635	108	1171	393	0	47307
9391	811	48504	627	337	0	50279
9392	48733	753	144	306	0	49936
9393	907	491	112	48394	0	49904
9394	49748	138	133	936	0	50955
9395	932	149	100	48617	0	49798
9396	556	49970	186	910	0	51622
9397	50150	758	85	672	0	51665
9398	909	603	48866	314	0	50692
9399	597	48575	798	284	0	50254
9400	48402	802	522	322	0	50048
9401	889	555	134	47092	0	48670
9402	559	46963	210	830	0	48562
9403	303	776	99	48377	0	49555
9404	48211	543	78	935	0	49767
9405	884	190	81	48514	0	49669
9406	48359	165	77	1016	0	49617
9407	949	282	47647	688	0	49566
9408	678	151	725	47667	0	49221
9409	47368	167	474	986	0	48995
9410	953	245	47315	709	0	49222
9411	630	45555	857	349	0	47391
9412	359	829	511	44771	0	46470
9413	263	645	44595	896	0	46399
9414	271	312	44093	668	0	45344
9415	262	328	1132	44130	0	45852
9416	245	255	44387	922	0	45809
9417	230	253	43770	713	0	44966
9418	234	213	1146	42777	0	44370
9419	43499	123	619	934	0	45175
9420	809	143	237	43684	0	44873
9421	597	124	184	44737	0	45642
9422	239	259	44671	1338	0	46507
9423	256	138	783	45960	0	47137
9424	46399	145	582	1059	0	48185
9425	844	215	46734	772	0	48565
9426	597	47213	869	380	0	49059
9427	265	739	574	47823	0	49401
9428	47542	524	195	957	0	49218
9429	871	172	219	47272	0	48534
9430	584	47635	261	928	0	49408
9431	255	950	48666	691	0	50562
9432	253	570	826	49848	0	51497
9433	52557	191	588	994	0	54330
9434	952	283	52150	745	0	54130
9435	770	149	911	54016	0	55846
9436	56271	107	678	1223	0	58279
9437	59506	119	259	897	0	60781
9438	1766	60766	355	396	0	63283
9439	60972	1135	192	337	0	62636
9440	1380	844	158	60885	0	63267
9441	970	309	62264	1297	0	64840
9442	271	60855	1280	1031	0	63437
9443	313	62795	914	333	0	64355
9444	335	1989	349	60277	0	62950
9445	283	890	196	61564	0	62933
9446	198	333	59749	1761	0	62041
9447	152	59142	1198	944	0	61436
9448	160	59556	848	314	0	60878
9449	380	1743	282	55935	0	58340
9450	55642	709	153	1016	0	57520
9451	853	56062	223	760	0	57898
9452	734	893	114	57108	0	58849
9453	58707	632	128	1084	0	60551
9454	963	164	119	59569	0	60815
9455	757	136	104	58887	0	59884
9456	293	123	113	59709	0	60238
9457	217	139	113	59792	0	60261
9458	58001	119	99	1665	0	59884
9459	1023	123	132	58733	0	60011
9460	727	246	57064	1040	0	59077
9461	54404	166	956	895	0	56421
9462	980	243	56667	357	0	58247
9463	711	242	57077	304	0	58334
9464	242	193	1446	56029	0	57910
9465	248	163	704	56409	0	57524
9466	209	117	179	58011	0	58516
9467	56610	111	142	1613	0	58476
9468	950	237	56448	827	0	58462
9469	55199	108	908	458	0	56673
9470	56847	116	649	362	0	57974
9471	1475	252	56864	305	0	58896
9472	55146	121	855	402	0	56524
9473	989	207	58025	330	0	59551
9474	678	57861	930	303	0	59772
9475	370	951	792	57080	0	59193
9476	284	553	214	58322	0	59373
9477	233	145	151	58118	0	58647
9478	218	109	159	58119	0	58605
9479	208	249	57146	1412	0	59015
9480	190	256	56979	757	0	58182
9481	212	124	1257	56701	0	58294
9482	172	227	57795	959	0	59153
9483	54514	112	844	830	0	56300
9484	58381	116	581	414	0	59492
9485	1291	118	184	57768	0	59361
9486	57665	105	180	954	0	58904
9487	855	58752	283	786	0	60676
9488	58409	732	172	383	0	59696
9489	902	703	58834	345	0	60784
9490	720	202	794	57499	0	59215
9491	240	59479	686	929	0	61334
9492	60307	736	219	761	0	62023
9493	877	552	160	60858	0	62447
9494	650	301	59915	1003	0	61869
9495	347	118	809	59861	0	61135
9496	58878	112	628	1105	0	60723
9497	924	273	59370	824	0	61391
9498	786	121	866	59500	0	61273
9499	362	130	651	60362	0	61505
9500	321	268	59784	1482	0	61855
9501	305	58621	928	903	0	60757
9502	402	51074	833	580	0	52889
9503	420	1201	264	59663	0	61548
9504	398	637	215	60822	0	62072
9505	379	251	197	61893	0	62720
9506	59127	215	212	1586	0	61140
9507	60385	228	214	932	0	61759
9508	1409	224	253	60565	0	62451
9509	60405	223	245	1143	0	62016
9510	899	59498	379	899	0	61675
9511	745	912	229	60397	0	62283
9512	321	682	195	61156	0	62354
9513	298	233	217	61869	0	62617
9514	56792	193	220	1713	0	58918
9515	924	57904	310	962	0	60100
9516	761	863	198	58739	0	60561
9517	57743	636	167	1184	0	59730
9518	1017	212	168	58936	0	60333
9519	800	160	166	58246	0	59372
9520	350	55971	255	1645	0	58221
9521	311	58149	292	1065	0	59817
9522	360	1211	175	57173	0	58919
9523	365	635	165	56944	0	58109
9524	53884	141	198	1701	0	55924
9525	1066	108	214	55289	0	56677
9526	768	223	53516	1173	0	55680
9527	381	131	922	52991	0	54425
9528	294	52527	829	1126	0	54776
9529	53451	753	313	896	0	55413
9530	1009	540	263	53482	0	55294
9531	776	184	216	52075	0	53251
9532	311	51274	310	1420	0	53315
9533	48045	628	141	783	0	49597
9534	789	49956	220	420	0	51385
9535	653	674	116	48000	0	49443
9536	245	455	46157	759	0	47616
9537	410	1005	447	41161	0	43023
9538	41002	56	356	525	0	41939
9539	409	41738	136	385	0	42668
9540	334	455	43	40836	0	41668
9541	85	40069	111	431	0	40696
9542	116	449	56	40849	0	41470
9543	91	393	39870	527	0	40881
9544	136	209	384	38744	0	39473
9545	103	62	268	39697	0	40130
9546	98	63	57	40144	0	40362
9547	37943	60	44	760	0	38807
9548	38724	56	35	445	0	39260
9549	629	39432	87	236	0	40384
9550	39289	382	44	201	0	39916
9551	421	39148	65	172	0	39806
9552	295	39619	87	154	0	40155
9553	37385	650	29	173	0	38237
9554	447	401	37169	159	0	38176
9555	335	113	360	36385	0	37193
9556	129	66	257	37893	0	38345
9557	92	84	66	38722	0	38964
9558	37306	76	39	762	0	38183
9559	393	37781	95	469	0	38738
9560	359	429	31	37431	0	38250
9561	123	37684	122	635	0	38564
9562	39566	471	30	424	0	40491
9563	507	350	37	39480	0	40374
9564	435	138	24	47666	0	48263
9565	133	53307	101	1222	0	54763
9566	153	982	38	57945	0	59118
9567	175	687	42	58430	0	59334
9568	55547	174	53	1943	0	57717
9569	1021	55906	162	1049	0	58138
9570	761	57835	150	339	0	59085
9571	232	1861	35	55443	0	57571
9572	151	974	54098	1305	0	56528
9573	152	352	54152	986	0	55642
9574	187	300	1828	53080	0	55395
9575	152	258	53734	1326	0	55470
9576	194	146	1236	53722	0	55298
9577	212	198	905	51997	0	53312
9578	147	177	204	55832	0	56360
9579	53405	138	148	2229	0	55920
9580	1209	90	152	54479	0	55930
9581	910	117	136	53337	0	54500
9582	206	52953	192	2179	0	55530
9583	205	1204	104	55231	0	56744
9584	180	932	53140	1607	0	55859
9585	245	219	1175	54154	0	55793
9586	201	156	885	55100	0	56342
9587	51854	171	178	2298	0	54501
9588	1254	184	127	53100	0	54665
9589	932	174	118	52306	0	53530
9590	301	165	124	53431	0	54021
9591	48813	148	129	2446	0	51536
9592	1172	50060	208	1362	0	52802
9593	936	1190	148	50318	0	52592
9594	280	920	102	51423	0	52725
9595	195	322	49500	2346	0	52363
9596	258	182	1178	50310	0	51928
9597	47747	158	936	1700	0	50541
9598	1185	48509	283	1364	0	51341
9599	953	1217	140	48000	0	50310
9600	345	967	150	49546	0	51008
9601	202	320	47802	2366	0	50690
9602	44924	196	1178	1456	0	47754
9603	1188	47099	972	670	0	49929
9604	47339	1221	235	622	0	49417
9605	1322	948	151	47495	0	49916
9606	945	305	157	48414	0	49821
9607	375	251	158	49279	0	50063
9608	334	220	182	49535	0	50271
9609	47385	258	174	2447	0	50264
9610	1311	263	155	47480	0	49209
9611	948	46394	274	1755	0	49371
9612	336	1217	230	47844	0	49627
9613	281	874	255	48766	0	50176
9614	46727	230	243	2556	0	49756
9615	1282	46655	312	1553	0	49802
9616	1027	1263	164	48118	0	50572
9617	47328	935	160	1916	0	50339
9618	48323	260	135	1587	0	50305
9619	2086	260	167	48368	0	50881
9620	1088	338	47235	1872	0	50533
9621	46731	265	1117	1528	0	49641
9622	1436	270	876	48194	0	50776
9623	1090	321	48713	1807	0	51931
9624	396	227	1252	50164	0	52039
9625	405	175	963	49676	0	51219
9626	447	173	299	49888	0	50807
9627	351	50382	323	2561	0	53617
9628	375	1174	205	52047	0	53801
9629	359	901	203	52504	0	53967
9630	411	261	184	52871	0	53727
9631	403	244	151	52916	0	53714
9632	347	284	164	52621	0	53416
9633	386	303	159	52755	0	53603
9634	47596	253	189	2741	0	50779
9635	1213	308	46744	1727	0	49992
9636	925	46024	1186	955	0	49090
9637	45926	1084	796	895	0	48701
9638	1163	46512	375	819	0	48869
9639	45970	1158	244	784	0	48156
9640	1486	876	236	45366	0	47964
9641	46678	227	278	1628	0	48811
9642	1392	234	216	46982	0	48824
9643	1079	253	201	44918	0	46451
9644	441	46004	271	2085	0	48801
9645	46385	1054	124	1412	0	48975
9646	1240	883	47357	912	0	50392
9647	988	248	979	48356	0	50571
9648	454	274	48817	1677	0	51222
9649	409	355	47188	1353	0	49305
9650	47143	240	1577	844	0	49804
9651	1201	265	821	48683	0	50970
9652	910	296	48265	1628	0	51099
9653	430	321	50498	1330	0	52579
9654	442	171	1631	49918	0	52162
9655	467	217	842	52092	0	53618
9656	51437	167	296	2094	0	53994
9657	1276	184	254	52620	0	54334
9658	1025	313	54148	1588	0	57074
9659	542	156	1044	54763	0	56505
9660	485	294	803	53938	0	55520
9661	323	55003	393	1912	0	57631
9662	53451	884	261	1247	0	55843
9663	999	53514	334	734	0	55581
9664	45090	605	203	548	0	46446
9665	410	38630	150	269	0	39459
9666	211	35335	131	155	0	35832
9667	279	404	245	34823	0	35751
9668	159	176	205	34686	0	35226
9669	129	116	45	34431	0	34721
9670	33040	32	32	353	0	33457
9671	190	140	33559	185	0	34074
9672	134	76	121	33112	0	33443
9673	31694	39	119	238	0	32090
9674	152	32660	79	167	0	33058
9675	131	32965	54	106	0	33256
9676	138	269	71	33198	0	33676
9677	68	86	53	33804	0	34011
9678	67	28	26	34052	0	34173
9679	41	34702	81	248	0	35072
9680	65	119	28	35027	0	35239
9681	42	200	34621	178	0	35041
9682	50	154	32044	127	0	32375
9683	31945	42	135	121	0	32243
9684	118	53	95	34688	0	34954
9685	34931	22	25	195	0	35173
9686	34431	22	31	165	0	34649
9687	116	35582	105	71	0	35874
9688	36471	75	21	145	0	36712
9689	37739	50	32	185	0	38006
9690	153	36	23	37905	0	38117
9691	112	26	25	38937	0	39100
9692	48	144	40385	176	0	40753
9693	52	41501	137	159	0	41849
9694	96	134	79	38357	0	38666
9695	54	66	26	42367	0	42513
9696	42483	25	17	220	0	42745
9697	110	24	24	42490	0	42648
9698	42661	19	17	193	0	42890
9699	127	56	16	43468	0	43667
9700	74	43759	87	175	0	44095
9701	45367	152	62	221	0	45802
9702	192	137	32	50746	0	51107
9703	195	29	24	54452	0	54700
9704	91	28	21	58655	0	58795
9705	63	162	58196	1016	0	59437
9706	114	38	616	58823	0	59591
9707	59856	31	432	909	0	61228
9708	711	33	103	62450	0	63297
9709	494	35	67	69525	0	70121
9710	168	45	50	69313	0	69576
9711	72	69275	165	1802	0	71314
9712	65	72199	200	836	0	73300
9713	71279	1675	38	345	0	73337
9714	1085	72812	196	184	0	74277
9715	72980	1218	31	233	0	74462
9716	72938	794	42	196	0	73970
9717	73330	171	38	252	0	73791
9718	1937	264	73429	171	0	75801
9719	890	75286	1211	120	0	77507
9720	76691	1142	708	230	0	78771
9721	1294	794	114	77339	0	79541
9722	895	153	76	78495	0	79619
9723	297	94	65	78054	0	78510
9724	160	76335	181	1997	0	78673
9725	223	1117	50	77459	0	78849
9726	76810	745	36	1461	0	79052
9727	1199	157	40	76739	0	78135
9728	877	114	34	77806	0	78831
9729	205	240	76215	2090	0	78750
9730	192	258	77611	1106	0	79167
9731	229	88	1833	78235	0	80385
9732	188	91	877	79156	0	80312
9733	139	79527	349	2072	0	82087
9734	261	1142	161	80023	0	81587
9735	250	788	131	81431	0	82600
9736	236	193	91	82422	0	82942
9737	78864	175	99	2309	0	81447
9738	1272	355	80435	1236	0	83298
9739	980	188	1156	81665	0	83989
9740	82077	231	747	1519	0	84574
9741	81995	208	158	1119	0	83480
9742	2108	193	136	80785	0	83222
9743	1176	201	116	82206	0	83699
9744	80227	173	124	2257	0	82781
9745	1453	80230	278	1251	0	83212
9746	1033	81808	272	532	0	83645
9747	506	2022	158	81390	0	84076
9748	82491	976	128	1600	0	85195
9749	83369	316	85	1264	0	85034
9750	81975	237	117	704	0	83033
9751	2139	381	83019	536	0	86075
9752	75831	289	1223	769	0	78112
9753	1615	402	81613	515	0	84145
9754	77665	270	1314	649	0	79898
9755	1515	80230	1017	627	0	83389
9756	1123	1423	80495	658	0	83699
9757	509	930	1362	79972	0	82773
9758	422	504	81806	1712	0	84444
9759	461	288	1418	81005	0	83172
9760	80306	274	961	1934	0	83475
9761	1499	459	82988	1429	0	86375
9762	1149	276	1361	81879	0	84665
9763	495	87431	1137	1749	0	90812
9764	508	1288	371	90908	0	93075
9765	528	879	309	90668	0	92384
9766	513	340	292	90100	0	91245
9767	89449	278	247	2595	0	92569
9768	89898	283	222	1584	0	91987
9769	2287	263	202	90379	0	93131
9770	1287	424	88687	1883	0	92281
9771	649	434	87270	1493	0	89846
9772	616	304	2002	90144	0	93066
9773	596	512	93680	1851	0	96639
9774	651	319	1445	93587	0	96002
9775	738	328	1004	90202	0	92272
9776	701	280	335	94291	0	95607
9777	604	90985	515	2485	0	94589
9778	566	91524	529	1490	0	94109
9779	646	1940	348	95124	0	98058
9780	596	1060	342	95409	0	97407
9781	649	416	321	95997	0	97383
9782	92496	331	312	2626	0	95765
9783	1699	513	95623	1573	0	99408
9784	1300	299	1427	96217	0	99243
9785	96218	219	1057	1970	0	99464
9786	1571	97006	722	1485	0	100784
9787	1272	1387	415	98350	0	101424
9788	681	951	387	99551	0	101570
9789	591	353	359	98720	0	100023
9790	564	254	325	99002	0	100145
9791	445	443	95654	2702	0	99244
9792	86347	270	1407	1852	0	89876
9793	94079	251	1036	1186	0	96552
9794	2262	439	95322	792	0	98815
9795	92018	209	1411	967	0	94605
9796	96232	207	1056	844	0	98339
9797	2297	427	99115	842	0	102681
9798	1232	102779	1677	788	0	106476
9799	701	1430	1097	103180	0	106408
9800	525	1015	107119	1635	0	110294
9801	480	104576	1507	1514	0	108077
9802	545	1267	100112	759	0	102683
9803	302	98309	1123	546	0	100280
9804	440	862	751	94446	0	96499
9805	265	635	95286	859	0	97045
9806	348	284	740	93191	0	94563
9807	361	408	98355	908	0	100032
9808	191	97703	797	696	0	99387
9809	90857	241	435	268	0	91801
9810	209	91243	181	175	0	91808
9811	185	98497	195	295	0	99172
9812	616	419	226	98293	0	99554
9813	119	179	74	100712	0	101084
9814	89	46	28	100756	0	100919
9815	85	40	30	100218	0	100373
9816	75	43	32	101617	0	101767
9817	82	374	107450	368	0	108274
9818	121	75	150	105046	0	105392
9819	130	44	109	108751	0	109034
9820	109796	26	40	535	0	110397
9821	109886	33	33	383	0	110335
9822	111251	42	42	265	0	111600
9823	406	48	38	111990	0	112482
9824	120830	35	35	619	0	121519
9825	129836	41	41	648	0	130566
9826	131912	30	56	362	0	132360
9827	1136	424	131783	93	0	133436
9828	126477	62	707	336	0	127582
9829	135176	47	451	371	0	136045
9830	137489	52	83	258	0	137882
9831	1333	67	52	138441	0	139893
9832	604	501	139590	932	0	141627
9833	237	50	756	139010	0	140053
9834	145189	32	490	1199	0	146910
9835	922	46	95	147906	0	148969
9836	581	154206	362	869	0	156018
9837	277	746	57	158920	0	160000
9838	158747	466	70	1238	0	160521
9839	159754	83	74	904	0	160815
9840	158351	48	68	487	0	158954
9841	1510	507	162343	284	0	164644
9842	817	116	914	159843	0	161690
9843	309	118	622	167654	0	168703
9844	237	538	167539	1623	0	169937
9845	184	164062	1129	1012	0	166387
9846	295	1418	164911	297	0	166921
9847	285	631	1018	165932	0	167866
9848	166592	99	673	1303	0	168667
9849	1120	616	174017	929	0	176682
9850	901	83	1014	174688	0	176686
9851	288	589	176141	1172	0	178190
9852	169128	103	1162	1062	0	171455
9853	1169	67	710	179828	0	181774
9854	883	633	186763	1143	0	189422
9855	430	80	1073	185675	0	187258
9856	307	611	189588	1468	0	191974
9857	265	191015	1443	1240	0	193963
9858	410	1034	730	191664	0	193838
9859	192715	714	226	1522	0	195177
9860	1322	221	222	194268	0	196033
9861	1084	94	200	191669	0	193047
9862	190320	60	217	2210	0	192807
9863	1297	183221	553	1148	0	186219
9864	954	187287	420	594	0	189255
9865	514	1788	210	187888	0	190400
9866	281	189214	596	1357	0	191448
9867	460	1107	201	190547	0	192315
9868	453	786	168	191015	0	192422
9869	189629	226	167	2265	0	192287
9870	1200	190057	515	1475	0	193247
9871	1166	1628	187895	616	0	191305
9872	428	194417	1378	492	0	196715
9873	192603	1193	830	758	0	195384
9874	197438	788	298	725	0	199249
9875	2229	222	227	195907	0	198585
9876	200525	182	247	1733	0	202687
9877	1597	179	266	200173	0	202215
9878	200758	198	240	1906	0	203102
9879	203920	211	278	1530	0	205939
9880	2371	205	261	213406	0	216243
9881	216574	150	318	1992	0	219034
9882	1767	769	217015	1313	0	220864
9883	211849	199	1430	916	0	214394
9884	1777	178	1056	219668	0	222679
9885	222543	177	316	1931	0	224967
9886	1725	224934	766	1385	0	228810
9887	1575	1301	303	226318	0	229497
9888	814	925	347	227831	0	229917
9889	223330	237	419	2860	0	226846
9890	2232	938	226375	1586	0	231131
9891	1422	224931	1808	803	0	228964
9892	892	1379	1083	227707	0	231061
9893	555	228199	888	1767	0	231409
9894	771	1534	300	230209	0	232814
9895	855	1051	350	226555	0	228811
9896	733	366	321	230530	0	231950
9897	225988	332	285	3053	0	229658
9898	1776	382	285	223210	0	225653
9899	225010	379	264	2365	0	228018
9900	223699	342	306	1954	0	226301
9901	2685	345	288	225193	0	228511
9902	225151	244	352	2282	0	228029
9903	221122	309	353	2042	0	223826
9904	2648	924	223906	910	0	228388
9905	1608	409	1518	218913	0	222448
9906	225874	340	1165	2206	0	229585
9907	1721	223502	959	1602	0	227784
9908	227704	1458	355	1223	0	230740
9909	227209	1012	356	1126	0	229703
9910	2772	914	221942	828	0	226456
9911	1766	277	1573	208952	0	212568
9912	230944	259	1125	2585	0	234913
9913	2144	303	410	235821	0	238678
9914	1816	278	352	241051	0	243497
9915	1045	315	339	243593	0	245292
9916	889	254	360	254295	0	255798
9917	250362	229	408	4042	0	255041
9918	2945	999	260609	2110	0	266663
9919	2257	573	2802	268894	0	274526
9920	900	1087	294406	3561	0	299954
9921	867	1257	311871	2637	0	316632
9922	298315	389	7976	1682	0	308362
9923	6120	1008	337439	1191	0	345758
9924	3713	328791	6720	1074	0	340298
9925	331429	5361	4323	1261	0	342374
9926	337008	3540	984	926	0	342458
9927	9298	749	598	331555	0	342200
9928	4654	1187	336720	6003	0	348564
9929	1410	1243	333190	4132	0	339975
9930	334951	377	9402	1503	0	346233
9931	6569	451	4547	348563	0	360130
9932	352006	270	1232	6465	0	359973
9933	6741	358454	1562	4389	0	371146
9934	360584	5937	801	1652	0	368974
9935	357222	3926	772	1269	0	363189
9936	10261	353352	1519	981	0	366113
9937	5478	6257	645	353903	0	366283
9938	351998	4047	727	6924	0	363696
9939	7160	1797	354733	4665	0	368355
9940	4998	357232	7313	1669	0	371212
9941	2485	6438	4627	354343	0	367893
9942	357344	4265	1516	6914	0	370039
9943	7126	361246	1644	4829	0	374845
9944	367811	6692	918	1954	0	377375
9945	8290	5677	363039	1034	0	378040
9946	353651	1527	7075	1487	0	363740
9947	8525	1799	367830	1268	0	379422
9948	356492	794	7798	1466	0	366550
9949	354755	842	5327	1429	0	362353
9950	11821	1525	356044	1370	0	370760
9951	6327	357143	7906	1594	0	372970
9952	3061	6904	5311	348511	0	363787
9953	2346	5667	358556	7498	0	374067
9954	2277	352832	8114	5318	0	368541
9955	2914	7058	5417	346190	0	361579
9956	2800	5023	2110	357497	0	367430
9957	2272	2491	350948	11398	0	367109
9958	3060	1279	7943	341602	0	353884
9959	2826	1118	6011	354048	0	364003
9960	2362	2132	349705	11864	0	366063
9961	2725	1635	8345	333017	0	345722
9962	2284	347902	6908	8215	0	365309
9963	350428	7432	2988	6069	0	366917
9964	8833	5473	2765	342263	0	359334
9965	6507	353015	3681	8237	0	371440
9966	4355	7785	3103	326153	0	341396
9967	3501	360039	3921	7692	0	375153
9968	4281	9165	354569	5764	0	373779
9969	3566	361346	9516	2955	0	377383
9970	355909	8771	6626	2781	0	374087
9971	358628	5941	3366	2972	0	370907
9972	363035	2956	2897	3253	0	372141
9973	14203	3106	361553	3286	0	382148
9974	8395	3042	359277	3030	0	373744
9975	4525	369430	14565	2949	0	391469
9976	5044	9538	7716	341275	0	363573
9977	4303	379736	4367	8769	0	397175
9978	5892	10760	3178	322018	0	341848
9979	4499	378719	3686	8401	0	395305
9980	374911	10509	2898	6418	0	394736
9981	399969	7685	3053	3598	0	414305
9982	17075	3941	2997	411116	0	435129
9983	10423	3862	408698	11658	0	434641
9984	393951	3186	11534	8903	0	417574
9985	12946	413036	9452	4387	0	439821
9986	10526	11719	4401	405233	0	431879
9987	6643	8728	3452	390418	0	409241
9988	5221	415864	4324	15968	0	441377
9989	415408	12411	3762	9196	0	440777
9990	14257	9850	412530	3975	0	440612
9991	11336	4660	12160	412384	0	440540
9992	414381	3621	8930	12359	0	439291
9993	413058	3643	4801	9371	0	430873
9994	19231	413890	4771	4921	0	442813
9995	11915	12336	4102	392126	0	420479
9996	5477	421955	5131	11994	0	444557
9997	423940	13349	4034	9599	0	450922
9998	13576	10218	424802	5427	0	454023
9999	10139	6146	427541	4460	0	448286
10000	5917	4439	17527	414536	0	442419
10001	5053	4130	9967	406454	0	425604
10002	4570	421604	6036	17823	0	450033
10003	4895	12735	4544	423698	0	445872
10004	4283	9669	419157	14987	0	448096
10005	407902	4466	13293	10847	0	436508
10006	13499	4200	9240	422946	0	449885
10007	9464	5241	419732	14349	0	448786
10008	5710	4576	12470	421077	0	443833
10009	4761	4202	9273	401836	0	420072
10010	3735	418105	6049	18565	0	446454
10011	4587	13066	4068	420777	0	442498
10012	4459	9331	3958	412822	0	430570
10013	4655	5039	3939	415087	0	428720
10014	387423	3885	3583	20217	0	415108
10015	12440	384630	4124	11869	0	413063
10016	9162	386427	3862	6278	0	405729
10017	369371	15516	3251	4934	0	393072
10018	351366	8191	3206	4772	0	367535
10019	14703	343333	3968	4224	0	366228
10020	7223	324007	3237	2999	0	337466
10021	283523	9959	1992	2474	0	297948
10022	6938	284462	1798	2369	0	295567
10023	4641	278058	1600	2191	0	286490
10024	268373	9363	3073	2338	0	283147
10025	6377	271342	1725	2129	0	281573
10026	267018	7104	1389	2292	0	277803
10027	264291	4757	1334	2116	0	272498
10028	262230	2842	1186	2009	0	268267
10029	9485	259160	1511	2072	0	272228
10030	5541	260741	1412	2018	0	269712
10031	3537	9269	808	246738	0	260352
10032	2634	256656	1339	5993	0	266622
10033	2975	7472	930	258990	0	270367
10034	262419	4819	1098	7398	0	275734
10035	7143	3039	1131	257460	0	268773
10036	4957	256806	1699	7378	0	270840
10037	251707	6916	1174	5227	0	265024
10038	6928	252691	1386	4179	0	265184
10039	5109	258938	1386	2902	0	268335
10040	3888	11480	997	238706	0	255071
10041	2337	252898	1514	6361	0	263110
10042	247189	7499	1329	4463	0	260480
10043	6671	5604	243462	2554	0	258291
10044	4581	241329	6218	2498	0	254626
10045	2805	6673	3890	241635	0	255003
10046	2320	5415	240203	7234	0	255172
10047	2679	2987	5645	236282	0	247593
10048	2410	2480	3988	241523	0	250401
10049	2480	2368	2141	244987	0	251976
10050	2419	2243	1690	242492	0	248844
10051	2174	2616	234295	10751	0	249836
10052	1781	232331	6774	6903	0	247789
10053	229511	6333	4217	4735	0	244796
10054	6062	5320	227629	4054	0	243065
10055	224321	2769	5769	3944	0	236803
10056	7043	2751	231878	3476	0	245148
10057	5092	2528	6614	229310	0	243544
10058	3284	2743	231179	7162	0	244368
10059	2882	2787	234490	5193	0	245352
10060	2757	2441	9085	230151	0	244434
10061	2822	2337	5218	227639	0	238016
10062	2575	2442	2553	239790	0	247360
10063	2472	2435	1933	239585	0	246425
10064	231446	2354	2117	10853	0	246770
10065	6491	2927	230082	6574	0	246074
10066	228514	2376	5744	4672	0	241306
10067	232973	2424	4072	3843	0	243312
10068	234546	2369	1873	3579	0	242367
10069	233574	2491	1361	3371	0	240797
10070	235268	2423	1196	2977	0	241864
10071	11726	2264	1203	225706	0	240899
10072	6960	2735	217489	6502	0	233686
10073	4227	2715	211155	4678	0	222775
10074	3532	213803	7330	2908	0	227573
10075	202979	5958	4397	2618	0	215952
10076	6079	5072	1944	197502	0	210597
10077	4489	4452	1318	191344	0	201603
10078	2730	193982	1654	7257	0	205623
10079	2504	192268	1568	4496	0	200836
10080	2480	190833	1365	2444	0	197122
10081	159067	7209	1733	2227	0	170236
10082	3429	4828	716	137342	0	146315
10083	1970	136944	742	2835	0	142491
10084	1099	2483	377	136574	0	140533
10085	787	2183	136045	2889	0	141904
10086	1010	1272	141694	2015	0	145991
10087	1190	879	3382	151634	0	157085
10088	159001	909	1684	3150	0	164744
10089	172803	802	534	2358	0	176497
10090	174434	812	442	1291	0	176979
10091	5781	1258	173403	1137	0	181579
10092	3160	1073	3419	170266	0	177918
10093	1439	1005	2443	179654	0	184541
10094	1277	1453	173060	5505	0	181295
10095	158836	1032	3659	3363	0	166890
10096	4269	1353	175512	1618	0	182752
10097	2737	1203	170490	1185	0	175615
10098	1291	1059	173656	1184	0	177190
10099	1170	701	5544	162815	0	170230
10100	1017	557	2896	168629	0	173099
10101	816	970	172917	5532	0	180235
10102	1060	591	3817	173859	0	179327
10103	175735	401	2927	4394	0	183457
10104	3655	396	1565	180143	0	185759
10105	2506	751	182047	4693	0	189997
10106	1068	693	190260	3730	0	195751
10107	1060	407	5807	183434	0	190708
10108	193344	451	3223	4489	0	201507
10109	4205	205739	1999	3220	0	215163
10110	213447	3989	1346	1786	0	220568
10111	215629	2768	1406	1533	0	221336
10112	7724	1131	219452	1509	0	229816
10113	4455	449	5355	217777	0	228036
10114	220773	378	4362	5784	0	231297
10115	216714	393	2031	4683	0	223821
10116	7654	219922	2046	2137	0	231759
10117	4661	4259	1632	219177	0	229729
10118	2362	2882	1511	226782	0	233537
10119	1664	1220	221753	8105	0	232742
10120	1715	430	5461	220151	0	227757
10121	1809	765	223237	6375	0	232186
10122	2013	855	220973	4636	0	228477
10123	2109	546	7742	214768	0	225165
10124	215284	426	4416	5711	0	225837
10125	5513	211032	2463	4668	0	223676
10126	212548	4073	1779	2521	0	220921
10127	211978	2950	1713	2146	0	218787
10128	7918	211700	2184	1891	0	223693
10129	4803	4305	1683	200673	0	211464
10130	203262	3169	1409	4821	0	212661
10131	5701	204303	1558	3590	0	215152
10132	201186	4423	1167	1860	0	208636
10133	5571	197768	1466	1485	0	206290
10134	4183	3793	1221	185735	0	194932
10135	2381	2643	1190	191388	0	197602
10136	186464	1131	1026	6262	0	194883
10137	181959	974	978	3853	0	187764
10138	6395	187620	1378	2304	0	197697
10139	3615	3942	184208	2002	0	193767
10140	1753	2869	184051	2099	0	190772
10141	1647	1273	6162	172194	0	181276
10142	1311	185128	4250	4491	0	195180
10143	1775	3435	2285	187558	0	195053
10144	1761	2495	1941	188167	0	194364
10145	1823	1098	1801	191105	0	195827
10146	1594	1405	187426	6685	0	197110
10147	1712	1292	185131	4202	0	192337
10148	1834	189410	6407	2525	0	200176
10149	2217	3956	3465	186341	0	195979
10150	2262	2960	1681	195224	0	202127
10151	2046	1863	191756	6589	0	202254
10152	166155	1498	4538	4648	0	176839
10153	5046	1215	3505	193671	0	203437
10154	3851	1584	194866	4911	0	205212
10155	178501	1307	4535	4537	0	188880
10156	4744	194190	3642	2929	0	205505
10157	4345	4255	199226	2684	0	210510
10158	2929	3049	4585	198303	0	208866
10159	198218	1539	3785	5252	0	208794
10160	4995	1527	202757	4273	0	213552
10161	3822	1230	5298	200517	0	210867
10162	2344	1163	4144	204416	0	212067
10163	2130	1208	2342	218090	0	223770
10164	217310	1241	2000	8132	0	228683
10165	4934	214782	2318	5606	0	227640
10166	4064	4356	1756	217523	0	227699
10167	2175	3728	220619	6368	0	232890
10168	2209	1704	5524	210542	0	219979
10169	1809	214608	4459	6154	0	227030
10170	1817	225681	2671	4779	0	234948
10171	220722	6883	1672	3402	0	232679
10172	223148	3993	1646	3136	0	231923
10173	7946	2403	221765	2571	0	234685
10174	214723	1652	5202	2620	0	224197
10175	6070	221094	4470	2481	0	234115
10176	225199	5037	1987	2564	0	234787
10177	6486	4104	1556	222720	0	234866
10178	5055	2734	227112	5536	0	240437
10179	3475	1860	5087	226441	0	236863
10180	2724	2022	228663	6523	0	239932
10181	218385	1407	5975	5134	0	230901
10182	5648	1471	4382	225253	0	236754
10183	4155	234200	2648	6413	0	247416
10184	2675	5334	1729	237066	0	246804
10185	2428	4235	233992	7208	0	247863
10186	1847	229152	5457	5627	0	242083
10187	212798	4659	3811	3462	0	224730
10188	4059	210778	2397	2512	0	219746
10189	2660	201281	1833	1819	0	207593
10190	1769	5635	1257	190136	0	198797
10191	1099	197983	1457	3694	0	204233
10192	1648	4194	1043	197840	0	204725
10193	1377	3377	195294	4001	0	204049
10194	174028	1555	3368	3243	0	182194
10195	190149	1152	2501	1614	0	195416
10196	5277	1632	191118	1404	0	199431
10197	180091	1024	3166	1477	0	185758
10198	3772	188050	2762	1341	0	195925
10199	190566	3091	1316	1349	0	196322
10200	3969	2612	1101	186800	0	194482
10201	2891	1545	189670	3659	0	197765
10202	1451	193162	3423	2885	0	200921
10203	1671	3108	2640	189735	0	197154
10204	1144	2278	1023	192896	0	197341
10205	183149	1064	728	4973	0	189914
10206	173674	832	865	3107	0	178478
10207	4191	175019	1192	1614	0	182016
10208	2067	166129	923	1037	0	170156
10209	780	159581	742	676	0	161779
10210	1640	3188	780	151350	0	156958
10211	149601	1144	922	1658	0	153325
10212	147242	409	212	1211	0	149074
10213	2202	366	213	146537	0	149318
10214	1186	356	227	147149	0	148918
10215	145642	338	217	2172	0	148369
10216	1562	327	182	149054	0	151125
10217	1019	813	149565	1527	0	152924
10218	144904	297	1261	1440	0	147902
10219	149841	321	847	796	0	151805
10220	2156	758	154457	548	0	157919
10221	155419	331	1251	718	0	157719
10222	1733	406	901	160316	0	163356
10223	1250	394	343	161984	0	163971
10224	615	363	342	164476	0	165796
10225	159378	375	331	2519	0	162603
10226	1454	165051	665	1419	0	168589
10227	1229	1446	316	164237	0	167228
10228	617	161925	554	1590	0	164686
10229	161186	1451	327	1403	0	164367
10230	1642	1097	341	162946	0	166026
10231	1403	469	298	163993	0	166163
10232	711	162683	627	2388	0	166409
10233	724	2031	159442	1362	0	163559
10234	805	1104	1396	162291	0	165596
10235	161818	501	1039	1894	0	165252
10236	176683	416	478	1627	0	179204
10237	3453	872	188004	834	0	193163
10238	2148	432	2709	188319	0	193608
10239	761	197099	2066	2916	0	202842
10240	789	2881	559	201263	0	205492
10241	199334	1890	403	3701	0	205328
10242	200311	740	400	2468	0	203919
10243	4910	560	410	196064	0	201944
10244	2401	195890	744	3316	0	202351
10245	207853	3130	320	2521	0	213824
10246	3630	2162	287	212983	0	219062
10247	214298	850	293	4061	0	219502
10248	222848	624	278	2854	0	226604
10249	5611	583	255	222907	0	229356
10250	3051	482	350	225006	0	228889
10251	1380	519	324	229351	0	231574
10252	953	227827	785	5928	0	235493
10253	1196	3514	269	232083	0	237062
10254	1241	2336	328	231343	0	235248
10255	1095	1282	222784	6055	0	231216
10256	935	1201	217038	3390	0	222564
10257	1020	569	5268	217824	0	224681
10258	216009	464	2592	4359	0	223424
10259	3597	217253	1242	3262	0	225354
10260	213356	3431	613	1603	0	219003
10261	4333	2856	214836	1388	0	223413
10262	2957	1272	209340	1396	0	214965
10263	1064	212179	5281	1122	0	219646
10264	1558	3402	3066	209419	0	217445
10265	816	2705	210220	3285	0	217026
10266	765	1380	214134	2382	0	218661
10267	890	871	4434	211627	0	217822
10268	212684	290	2312	3592	0	218878
10269	213277	329	819	2552	0	216977
10270	4810	338	452	211585	0	217185
10271	2531	1168	223966	3489	0	231154
10272	1220	367	2888	226128	0	230603
10273	1147	446	2030	219739	0	223362
10274	604	226707	1344	4619	0	233274
10275	225758	2763	600	2910	0	232031
10276	225059	1945	503	1534	0	229041
10277	4541	228344	1008	1282	0	235175
10278	2768	3048	518	214040	0	220374
10279	975	224730	1186	3092	0	229983
10280	222486	3090	660	2742	0	228978
10281	3364	2851	219951	1164	0	227330
10282	2497	1566	211840	1065	0	216968
10283	1098	1208	213707	887	0	216900
10284	997	650	4791	210377	0	216815
10285	826	465	2497	213944	0	217732
10286	211066	383	945	5094	0	217488
10287	3267	466	664	212238	0	216635
10288	2561	511	618	219063	0	222753
10289	1116	1237	226717	4984	0	234054
10290	868	1252	219989	2883	0	224992
10291	215304	489	4553	1893	0	222239
10292	3057	226018	2984	1279	0	233338
10293	229803	2817	900	1493	0	235013
10294	3670	2001	715	228275	0	234661
10295	2649	703	754	226881	0	230987
10296	1097	226689	1433	4803	0	234022
10297	1152	3020	733	228742	0	233647
10298	225452	2071	666	4198	0	232387
10299	3524	940	645	227033	0	232142
10300	2637	1495	226114	4041	0	234287
10301	1264	220716	3628	3066	0	228674
10302	218403	2916	2351	1916	0	225586
10303	221682	2138	1025	1844	0	226689
10304	222176	993	818	1858	0	225845
10305	223993	751	712	1826	0	227282
10306	5547	679	776	220749	0	227751
10307	3386	608	760	224290	0	229044
10308	1720	1405	221829	5416	0	230370
10309	1623	601	3088	222149	0	227461
10310	1454	1567	221198	4310	0	228529
10311	1506	633	3269	221206	0	226614
10312	219648	597	2295	4661	0	227201
10313	3409	227348	1790	3561	0	236108
10314	2884	3036	895	229967	0	236782
10315	1573	2251	927	235475	0	240226
10316	230343	834	942	5927	0	238046
10317	224517	695	883	3819	0	229914
10318	5202	1374	225071	2037	0	233684
10319	2838	226876	3839	1713	0	235266
10320	1633	3104	2446	222284	0	229467
10321	1384	2264	1273	224281	0	229202
10322	220006	883	1170	5738	0	227797
10323	218510	712	1118	3715	0	224055
10324	5382	1391	221823	1872	0	230468
10325	3149	1543	221001	1483	0	227176
10326	1803	762	5172	214302	0	222039
10327	1470	565	2919	221632	0	226586
10328	1279	1363	218415	5563	0	226620
10329	208744	649	3588	3451	0	216432
10330	4010	560	2548	220724	0	227842
10331	219082	433	1380	4306	0	225201
10332	3600	216939	1761	3459	0	225759
10333	223697	2956	1002	2393	0	230048
10334	4267	3052	241756	1765	0	250840
10335	3033	239392	4047	1638	0	248110
10336	1122	230554	2580	1058	0	235314
10337	215232	3455	3084	1241	0	223012
10338	209816	1493	522	1003	0	212834
10339	3335	542	341	206795	0	211013
10340	1660	207429	844	2084	0	212017
10341	625	212636	980	1767	0	216008
10342	717	3142	321	213084	0	217264
10343	213919	1602	412	2566	0	218499
10344	214703	503	346	2307	0	217859
10345	3340	1119	204771	564	0	209794
10346	194217	246	1664	951	0	197078
10347	1938	211468	1721	504	0	215631
10348	217382	2163	284	816	0	220645
10349	2955	269518	967	678	0	274118
10350	1781	294501	923	621	0	297826
10351	1589	8405	506	327086	0	337586
10352	358215	3445	686	7786	0	370132
10353	367859	1124	329	4336	0	373648
10354	12461	1800	359095	1604	0	374960
10355	6306	463	8099	360196	0	375064
10356	364235	467	4277	9075	0	378054
10357	9816	511	1495	368344	0	380166
10358	370443	402	813	10272	0	381930
10359	372979	385	575	5642	0	379581
10360	13581	1571	367115	2325	0	384592
10361	6935	386	8538	358701	0	374560
10362	3368	396	4359	368493	0	376616
10363	2294	302	1613	372474	0	376683
10364	1465	1360	355639	14277	0	372741
10365	1771	440	8750	354816	0	365777
10366	1637	498	4571	338750	0	345456
10367	1075	345636	2702	13342	0	362755
10368	1566	9291	341918	6546	0	359321
10369	793	351820	9735	3170	0	365518
10370	348214	9938	4547	2318	0	365017
10371	9708	5163	1733	331037	0	347641
10372	5873	2208	1163	319392	0	328636
10373	2478	333201	1709	12484	0	349872
10374	330663	9012	832	6501	0	347008
10375	335795	4671	760	3460	0	344686
10376	13447	328428	1793	2544	0	346212
10377	6568	338771	1719	2125	0	349183
10378	334362	12663	770	1992	0	349787
10379	10551	6886	330832	1702	0	349971
10380	6086	3473	333846	1894	0	345299
10381	316977	1893	12900	2038	0	333808
10382	9844	330565	6757	1809	0	348975
10383	332970	9265	2795	1966	0	346996
10384	11022	5972	329255	2052	0	348301
10385	327132	2555	9082	2568	0	341337
10386	11234	337108	5728	2296	0	356366
10387	7336	9561	2502	337214	0	356613
10388	4700	5165	1890	340318	0	352073
10389	4010	2623	1633	328200	0	336466
10390	3693	1833	1360	333853	0	340739
10391	3237	1605	1524	318531	0	324897
10392	2718	321136	2431	16232	0	342517
10393	322923	9286	1502	8605	0	342316
10394	10985	6026	320637	4991	0	342639
10395	7424	2637	9389	323855	0	343305
10396	4169	2860	326136	11566	0	344731
10397	3641	1853	11169	325578	0	342241
10398	3270	1660	6318	331801	0	343049
10399	321745	1611	3458	16208	0	343022
10400	10666	2441	320294	9280	0	342681
10401	6470	317998	11491	5388	0	341347
10402	4404	9786	6204	318239	0	338633
10403	3811	5859	3252	330362	0	343284
10404	3247	4486	322643	15076	0	345452
10405	3468	2828	10218	323371	0	339885
10406	3526	2608	5651	332044	0	343829
10407	314038	2194	3048	16356	0	335636
10408	10304	319522	3379	9405	0	342610
10409	323566	10209	1878	5785	0	341438
10410	328777	6435	1532	4764	0	341508
10411	15916	3823	1635	319831	0	341205
10412	8862	3618	317649	11667	0	341796
10413	5172	3499	319788	7134	0	335593
10414	4831	2745	14074	308884	0	330534
10415	4452	2549	7794	300048	0	314843
10416	3511	310441	5483	14416	0	333851
10417	309143	9668	3600	8338	0	330749
10418	11038	307780	4004	5595	0	328417
10419	7570	316918	3570	4634	0	332692
10420	311334	14375	2324	4580	0	332613
10421	12611	7581	2328	303230	0	325750
10422	7909	316761	3335	12014	0	340019
10423	5505	10984	2295	321550	0	340334
10424	3461	7044	312408	14413	0	337326
10425	3055	4206	316836	9731	0	333828
10426	3518	2859	13937	315829	0	336143
10427	2795	3239	319001	13605	0	338640
10428	3571	2423	12232	315883	0	334109
10429	3419	2424	7286	318675	0	331804
10430	3603	2342	4138	325905	0	335988
10431	309306	2263	3484	17732	0	332785
10432	10222	303886	4232	10581	0	328921
10433	6109	312143	4240	6506	0	328998
10434	288535	12910	2503	5687	0	309635
10435	294728	6861	2202	5038	0	308829
10436	14472	4052	1978	287115	0	307617
10437	7366	4195	286176	11572	0	309309
10438	5067	2901	9466	289698	0	307132
10439	3627	3348	288969	12990	0	308934
10440	2997	286057	11678	8302	0	309034
10441	3670	9755	6122	288104	0	307651
10442	287736	5620	3526	11560	0	308442
10443	11136	3432	2730	290357	0	307655
10444	6833	3341	282369	11521	0	304064
10445	272879	2620	10030	7577	0	293106
10446	11239	2870	286075	4893	0	305077
10447	7626	2303	279420	3851	0	293200
10448	3616	263558	12936	3790	0	283900
10449	1935	210063	5602	2367	0	219967
10450	1856	191469	4165	2190	0	199680
10451	132112	6909	6634	5046	0	150701
10452	116598	799	874	954	0	119225
10453	1062	230	153	117612	0	119057
10454	635	139	126	118842	0	119742
10455	325	152	113	120790	0	121380
10456	155	120588	384	1124	0	122251
10457	120847	584	131	834	0	122396
10458	618	121046	410	327	0	122401
10459	556	639	115	121474	0	122784
10460	119496	461	132	1015	0	121104
10461	689	202	146	119863	0	120900
10462	596	160	110	121815	0	122681
10463	121473	136	122	1392	0	123123
10464	118840	171	176	926	0	120113
10465	1096	556	120765	290	0	122707
10466	664	536	118868	265	0	120333
10467	324	598	124150	323	0	125395
10468	327	171	1246	123196	0	124940
10469	272	209	634	125847	0	126962
10470	160	126415	463	1281	0	128319
10471	129417	804	159	984	0	131364
10472	918	597	152	131076	0	132743
10473	773	240	143	132786	0	133942
10474	280	133983	474	1483	0	136220
10475	237	141711	463	944	0	143355
10476	338	1360	145	145212	0	147055
10477	340	776	115	164294	0	165525
10478	164574	256	149	2816	0	167795
10479	164990	229	156	1541	0	166916
10480	2909	241	148	164943	0	168241
10481	1450	696	164064	2035	0	168245
10482	531	882	158688	1493	0	161594
10483	444	215	2807	161868	0	165334
10484	518	189	1291	159997	0	161995
10485	326	159823	735	3117	0	164001
10486	155708	1789	283	1637	0	159417
10487	2038	1169	277	155937	0	159421
10488	1275	873	156938	2233	0	161319
10489	623	232	1897	159800	0	162552
10490	361	692	159811	2389	0	163253
10491	432	752	160174	1613	0	162971
10492	607	746	2956	161444	0	165753
10493	161536	273	1463	2461	0	165733
10494	1969	670	160803	1588	0	165030
10495	1356	259	1917	158152	0	161684
10496	469	747	169350	2338	0	172904
10497	509	219	1984	168681	0	171393
10498	563	206	1215	170412	0	172396
10499	418	663	168553	3260	0	172894
10500	488	662	164091	1706	0	166947
10501	627	275	3132	152933	0	156967
10502	464	174	1481	167645	0	169764
10503	481	180	615	169131	0	170407
10504	399	186	466	168497	0	169548
10505	164968	145	429	3513	0	169055
10506	165899	197	416	2031	0	168543
10507	2853	165646	855	810	0	170164
10508	169091	1826	398	1134	0	172449
10509	2265	1172	450	169747	0	173634
10510	171150	274	491	2680	0	174595
10511	2229	758	169539	1809	0	174335
10512	170003	193	2217	1122	0	173535
10513	2415	228	1555	173433	0	177631
10514	1760	208	536	180170	0	182674
10515	178963	194	465	3896	0	183518
10516	2506	239	490	191747	0	194982
10517	1697	882	198491	3445	0	204515
10518	194666	220	3032	2630	0	200548
10519	3104	206224	2541	1239	0	213108
10520	2330	2945	649	215640	0	221564
10521	820	2496	232777	4043	0	240136
10522	850	403	4011	231669	0	236933
10523	661	1014	234062	5017	0	240754
10524	877	334	4381	230641	0	236233
10525	571	234739	3356	4820	0	243486
10526	927	4079	829	233619	0	239454
10527	672	246624	1245	5020	0	253561
10528	1202	5140	774	233165	0	240281
10529	1095	2797	696	258820	0	263408
10530	1111	640	724	262014	0	264489
10531	1167	462	769	262072	0	264470
10532	1247	448	725	263582	0	266002
10533	866	1249	252813	9111	0	264039
10534	1022	416	5228	255401	0	262067
10535	887	406	3503	258607	0	263403
10536	255310	387	1294	9011	0	266002
10537	5057	255040	1551	5178	0	266826
10538	258001	5138	831	2574	0	266544
10539	6100	3392	791	257223	0	267506
10540	3784	1562	256051	6892	0	268289
10541	1011	256454	6151	5033	0	268649
10542	251122	5179	3897	2619	0	262817
10543	5277	255299	1978	2316	0	264870
10544	3429	260609	1686	2183	0	267907
10545	255203	8061	1057	2110	0	266431
10546	5968	3885	917	270979	0	281749
10547	271077	1055	931	7312	0	280375
10548	6801	736	894	267146	0	275577
10549	4092	1373	265766	7579	0	278810
10550	1431	1393	264245	5243	0	272312
10551	250612	845	9263	2864	0	263584
10552	266821	624	4452	2473	0	274370
10553	9706	673	1485	259276	0	271140
10554	4963	690	1146	263795	0	270594
10555	250498	709	1032	10718	0	262957
10556	6122	252698	1560	5844	0	266224
10557	4197	260403	1516	2801	0	268917
10558	256288	8912	942	2502	0	268644
10559	258897	4217	913	2196	0	266223
10560	9864	256690	1489	2011	0	270054
10561	5431	6349	759	255732	0	268271
10562	2054	4734	254289	7027	0	268104
10563	1726	2038	255168	4949	0	263881
10564	243638	1147	9389	2512	0	256686
10565	7152	1646	256015	2091	0	266904
10566	5123	1107	6507	245287	0	258024
10567	2388	975	4068	240781	0	248212
10568	1603	246726	2192	9826	0	260347
10569	243450	6142	1315	5244	0	256151
10570	7079	4185	1185	246497	0	258946
10571	5014	1815	242558	7381	0	256768
10572	2094	241759	6876	5627	0	256356
10573	2055	6607	4126	240057	0	252845
10574	1733	4549	238849	7170	0	252301
10575	1767	1965	233818	5334	0	242884
10576	1434	228632	9637	2653	0	242356
10577	205960	5328	4247	1986	0	217521
10578	5085	211975	2148	1899	0	221107
10579	210771	5297	1312	1936	0	219316
10580	5477	3992	207170	1928	0	218567
10581	200972	1446	5120	1942	0	209480
10582	5428	207760	4180	1798	0	219166
10583	4245	5004	1404	205852	0	216505
10584	1954	3570	1317	214240	0	221081
10585	210765	1426	1296	8275	0	221762
10586	5335	1685	210547	4706	0	222273
10587	208696	1120	5223	2404	0	217443
10588	211992	1169	3741	2134	0	219036
10589	8094	1584	204631	1998	0	216307
10590	4240	1715	208548	1954	0	216457
10591	2398	1473	7579	202362	0	213812
10592	204969	1355	3973	6118	0	216415
10593	206943	1313	1638	4446	0	214340
10594	7959	206446	2104	2212	0	218721
10595	4886	5236	1279	208385	0	219786
10596	2436	3681	1270	204566	0	211953
10597	2267	1446	1212	207916	0	212841
10598	2242	1153	1253	210483	0	215131
10599	203440	1116	1380	8759	0	214695
10600	6412	1227	1275	208236	0	217150
10601	4602	1756	205289	6344	0	217991
10602	2409	1629	204484	4364	0	212886
10603	192852	1190	8168	2470	0	204680
10604	6120	201202	4846	2009	0	214177
10605	4588	209215	2349	1943	0	218095
10606	2911	8156	1495	206139	0	218701
10607	2523	4063	1393	211295	0	219274
10608	2413	1614	1380	210162	0	215569
10609	2235	1301	1363	212912	0	217811
10610	1941	1715	204611	9183	0	217450
10611	2433	1178	5473	203207	0	212291
10612	2488	1145	3752	203641	0	211026
10613	1835	1592	194996	8681	0	207104
10614	178977	990	5837	4999	0	190803
10615	5607	190165	4591	2516	0	202879
10616	179027	4424	1823	2094	0	187368
10617	5308	3104	173094	1773	0	183279
10618	3446	1309	168332	1515	0	174602
10619	1480	164040	6522	1426	0	173468
10620	146648	6357	9486	2540	0	165031
10621	136696	2255	1572	1392	0	141915
10622	136476	723	779	1111	0	139089
10623	4591	132634	1069	1046	0	139340
10624	131085	2661	848	966	0	135560
10625	3201	2096	131159	1101	0	137557
10626	1952	130462	2985	967	0	136366
10627	125218	2377	2031	948	0	130574
10628	2691	127708	1064	836	0	132299
10629	121844	2257	600	746	0	125447
10630	117885	1487	629	769	0	120770
10631	3419	721	121571	659	0	126370
10632	1723	121681	2615	627	0	126646
10633	119289	2099	1578	717	0	123683
10634	2405	1672	119872	576	0	124525
10635	1652	119331	2306	655	0	123944
10636	1003	2486	1514	115319	0	120322
10637	638	1466	114954	1952	0	119010
10638	595	842	112589	1406	0	115432
10639	624	704	2593	111793	0	115714
10640	110144	308	1304	1843	0	113599
10641	1834	110543	701	1544	0	114622
10642	1341	1783	109620	537	0	113281
10643	788	1299	108320	403	0	110810
10644	99858	491	2398	481	0	103228
10645	1638	108744	1436	373	0	112191
10646	93806	884	525	286	0	95501
10647	950	94231	341	175	0	95697
10648	94732	950	329	335	0	96346
10649	92060	560	197	282	0	93099
10650	1317	91455	407	212	0	93391
10651	741	880	213	92134	0	93968
10652	95983	610	168	1051	0	97812
10653	1089	239	192	97662	0	99182
10654	772	228	222	103050	0	104272
10655	102378	132	288	1808	0	104606
10656	1210	103061	423	949	0	105643
10657	104347	1218	208	741	0	106514
10658	1394	1112	103721	346	0	106573
10659	994	298	1258	103837	0	106387
10660	426	217	813	104423	0	105879
10661	103477	205	251	2012	0	105945
10662	103818	233	213	1042	0	105306
10663	2061	197	163	103544	0	105965
10664	1037	545	104865	1371	0	107818
10665	571	233	1228	104535	0	106567
10666	481	247	784	106205	0	107717
10667	460	214	285	107134	0	108093
10668	429	208	197	107419	0	108253
10669	104186	182	190	2219	0	106777
10670	1481	457	104591	1187	0	107716
10671	1029	104738	1462	519	0	107748
10672	568	1257	831	103755	0	106411
10673	536	826	275	107161	0	108798
10674	466	549	106321	2184	0	109520
10675	412	554	104819	1272	0	107057
10676	504	198	1990	107132	0	109824
10677	461	217	951	108658	0	110287
10678	519	498	106319	2462	0	109798
10679	554	227	1479	106103	0	108363
10680	107365	217	1045	1945	0	110572
10681	1617	111011	660	1429	0	114717
10682	1211	1700	109395	879	0	113185
10683	454	110461	1719	635	0	113269
10684	538	1606	1078	109890	0	113112
10685	471	1315	110230	1812	0	113828
10686	424	109684	1893	1560	0	113561
10687	485	1542	1155	109571	0	112753
10688	457	1328	111901	1828	0	115514
10689	495	373	1718	110378	0	112964
10690	507	331	1143	111623	0	113604
10691	111046	254	473	2874	0	114647
10692	1861	279	397	112041	0	114578
10693	112622	286	379	2196	0	115483
10694	108793	267	427	1600	0	111087
10695	109933	292	402	882	0	111509
10696	2889	333	351	108462	0	112035
10697	1375	522	106961	2024	0	110882
10698	582	537	105394	1445	0	107958
10699	103191	277	2523	981	0	106972
10700	1839	496	107576	657	0	110568
10701	101127	287	1813	744	0	103971
10702	1687	105519	1448	693	0	109347
10703	106644	1417	436	726	0	109223
10704	1848	1226	107523	657	0	111254
10705	1321	574	110579	591	0	113065
10706	603	256	2409	111930	0	115198
10707	520	479	118440	2082	0	121521
10708	489	498	121312	1463	0	123762
10709	653	281	3093	126648	0	130675
10710	575	223	1544	134740	0	137082
10711	625	245	586	138065	0	139521
10712	424	139454	813	4341	0	145032
10713	756	2601	497	133032	0	136886
10714	394	143386	863	2953	0	147596
10715	142281	2838	506	2093	0	147718
10716	144987	1750	531	1026	0	148294
10717	4337	509	575	136963	0	142384
10718	2097	138013	940	3145	0	144195
10719	718	3005	141906	2387	0	148016
10720	141748	1752	3138	1109	0	147747
10721	3307	531	2144	143391	0	149373
10722	2350	384	761	145516	0	149011
10723	1022	407	529	149112	0	151070
10724	142387	416	504	5352	0	148659
10725	3235	138659	828	2855	0	145577
10726	2156	143020	821	1217	0	147214
10727	135687	4439	564	1000	0	141690
10728	3096	139584	814	863	0	144357
10729	139669	3208	542	933	0	144352
10730	139000	2024	504	1026	0	142554
10731	4686	137546	792	1039	0	144063
10732	2592	3181	563	131991	0	138327
10733	884	138298	803	3401	0	143386
10734	898	3343	517	137117	0	141875
10735	915	2168	412	143156	0	146651
10736	141147	783	473	5521	0	147924
10737	146098	666	488	3014	0	150266
10738	5672	593	504	144995	0	151764
10739	2899	920	142244	3997	0	150060
10740	136613	647	3435	3033	0	143728
10741	3646	141397	2629	1519	0	149191
10742	2786	3481	860	141253	0	148380
10743	1425	2396	623	144112	0	148556
10744	1124	946	577	146791	0	149438
10745	137729	776	521	6347	0	145373
10746	137976	831	526	3609	0	142942
10747	5526	133091	796	1753	0	141166
10748	2983	136649	815	1415	0	141862
10749	1688	5365	501	134259	0	141813
10750	1523	2910	473	137087	0	141993
10751	1228	1428	134682	5878	0	143216
10752	1403	1058	3322	132890	0	138673
10753	981	1054	131177	4494	0	137706
10754	1133	858	124140	3101	0	129232
10755	969	123286	4911	1617	0	130783
10756	1301	3393	2525	122814	0	130033
10757	123997	2316	824	4095	0	131232
10758	3795	1001	561	124378	0	129735
10759	2787	1070	122485	3971	0	130313
10760	118610	1022	3130	2860	0	125622
10761	122740	912	2162	1446	0	127260
10762	5405	1168	121543	1246	0	129362
10763	3205	886	3069	123647	0	130807
10764	122790	716	2121	3917	0	129544
10765	3849	124578	1150	2911	0	132488
10766	127249	3373	706	1837	0	133165
10767	130376	2412	680	1583	0	135051
10768	5706	1087	693	127847	0	135333
10769	3285	873	550	132789	0	137497
10770	130648	778	646	5969	0	138041
10771	4412	729	600	133154	0	138895
10772	3083	1049	131105	4704	0	139941
10773	125459	823	3489	3420	0	133191
10774	129925	761	2347	1933	0	134966
10775	5569	127129	1164	1799	0	135661
10776	3090	131234	979	1703	0	137006
10777	1698	5464	620	124188	0	131970
10778	1283	130965	888	4075	0	137211
10779	1562	4083	598	130963	0	137206
10780	127629	2473	563	4382	0	135047
10781	125274	1054	619	3134	0	130081
10782	5356	123951	947	1711	0	131965
10783	123701	3474	607	1615	0	129397
10784	3972	124711	952	1526	0	131161
10785	124481	3587	769	1540	0	130377
10786	125426	2377	799	1499	0	130101
10787	5498	1302	121651	1480	0	129931
10788	118992	864	3285	1394	0	124535
10789	4252	118744	2483	1271	0	126750
10790	2924	123018	1107	1355	0	128404
10791	122347	4822	839	1254	0	129262
10792	4561	2676	540	121958	0	129735
10793	3153	1359	122120	3752	0	130384
10794	2024	997	3203	122541	0	128765
10795	1911	845	2114	125328	0	130198
10796	1572	1124	121408	5366	0	129470
10797	113236	835	3253	3278	0	120602
10798	4028	119333	2457	1808	0	127626
10799	119781	3173	888	1400	0	125242
10800	4401	2309	678	116422	0	123810
10801	117041	992	637	3741	0	122411
10802	4183	115514	848	2800	0	123345
10803	3122	3421	537	115914	0	122994
10804	114081	2105	541	3847	0	120574
10805	3929	1121	109024	2838	0	116912
10806	2632	853	102060	1447	0	106992
10807	93783	995	4144	1182	0	100104
10808	3300	94941	2136	988	0	101365
10809	1838	82607	767	668	0	85880
10810	2398	3664	1095	74044	0	81201
10811	852	77742	533	1795	0	80922
10812	1013	2097	620	75918	0	79648
10813	912	1275	384	78598	0	81169
10814	818	584	386	77280	0	79068
10815	717	75671	555	2664	0	79607
10816	855	1642	370	75358	0	78225
10817	827	1337	73416	1936	0	77516
10818	778	72117	1508	1376	0	75779
10819	819	1792	825	62860	0	66296
10820	754	67514	499	1290	0	70057
10821	66060	1427	382	983	0	68852
10822	66034	956	348	678	0	68016
10823	66379	479	345	597	0	67800
10824	2170	67183	477	511	0	70341
10825	1396	1382	310	66712	0	69800
10826	923	1090	65777	1276	0	69066
10827	775	777	64278	999	0	66829
10828	61409	716	1709	708	0	64542
10829	63923	513	883	658	0	65977
10830	1968	493	329	66326	0	69116
10831	1213	433	318	68536	0	70500
10832	757	514	68977	2259	0	72507
10833	618	67704	1435	1410	0	71167
10834	669	68159	1106	675	0	70609
10835	628	1783	64577	592	0	67580
10836	659	1476	1226	61294	0	64655
10837	523	522	703	55624	0	57372
10838	477	383	276	62544	0	63680
10839	472	413	203	62771	0	63859
10840	61645	378	224	1611	0	63858
10841	1204	497	59863	892	0	62456
10842	59492	362	920	476	0	61250
10843	1295	368	673	60307	0	62643
10844	60508	353	249	1175	0	62285
10845	1304	344	234	60943	0	62825
10846	954	492	61310	1206	0	63962
10847	585	331	964	61821	0	63701
10848	486	478	63774	1201	0	65939
10849	452	403	983	62606	0	64444
10850	413	425	65512	1264	0	67614
10851	346	64952	1062	927	0	67287
10852	405	961	670	64571	0	66607
10853	388	712	300	63786	0	65186
10854	291	65716	374	1389	0	67770
10855	66837	897	299	962	0	68995
10856	1061	677	249	66442	0	68429
10857	812	323	257	65919	0	67311
10858	66502	291	235	1679	0	68707
10859	67254	245	223	1076	0	68798
10860	69671	272	261	613	0	70817
10861	69960	266	243	543	0	71012
10862	1687	379	66524	498	0	69088
10863	65464	221	947	555	0	67187
10864	67798	248	738	495	0	69279
10865	1618	246	295	64726	0	66885
10866	969	302	235	64805	0	66311
10867	62248	170	223	1529	0	64170
10868	936	61711	322	921	0	63890
10869	787	874	176	60053	0	61890
10870	319	708	61834	1000	0	63861
10871	177	60946	737	717	0	62577
10872	60122	728	609	397	0	61856
10873	60419	460	225	340	0	61444
10874	60468	144	112	259	0	60983
10875	61334	93	105	268	0	61800
10876	1072	99	127	59584	0	60882
10877	576	251	59271	716	0	60814
10878	248	265	63109	594	0	64216
10879	237	88	1132	67677	0	69134
10880	72669	80	619	1077	0	74445
10881	1144	86	159	73748	0	75137
10882	816	267	74802	1179	0	77064
10883	74938	69	1116	1004	0	77127
10884	76005	79	797	354	0	77235
10885	1899	89	211	76997	0	79196
10886	1009	267	79444	1251	0	81971
10887	381	263	80687	945	0	82276
10888	76299	65	1865	470	0	78699
10889	1253	79492	1044	426	0	82215
10890	966	1227	80184	283	0	82660
10891	442	692	1210	79888	0	82232
10892	79957	128	883	1334	0	82302
10893	1261	77908	468	961	0	80598
10894	944	79241	385	333	0	80903
10895	79083	1778	173	371	0	81405
10896	1366	820	225	78805	0	81216
10897	83964	187	186	1408	0	85745
10898	1602	134	172	85685	0	87593
10899	1099	139	195	86426	0	87859
10900	361	331	85384	2278	0	88354
10901	366	330	82174	1138	0	84008
10902	410	388	86165	396	0	87359
10903	445	186	2304	84483	0	87418
10904	86335	124	1118	1649	0	89226
10905	1710	341	86511	1157	0	89719
10906	1249	129	1546	86718	0	89642
10907	484	440	89375	1744	0	92043
10908	383	89622	1893	1234	0	93132
10909	492	1535	1140	90621	0	93788
10910	490	938	382	91635	0	93445
10911	443	192	355	92817	0	93807
10912	90670	139	333	2873	0	94015
10913	1790	123	378	91089	0	93380
10914	1302	171	405	91786	0	93664
10915	90505	143	383	2834	0	93865
10916	1786	366	89827	1435	0	93414
10917	89176	155	1706	675	0	91712
10918	90335	175	1167	527	0	92204
10919	2699	403	89172	515	0	92789
10920	85960	197	1721	597	0	88475
10921	2007	206	1251	86219	0	89683
10922	1332	397	91568	1688	0	94985
10923	90007	141	1659	1454	0	93261
10924	92303	124	1154	691	0	94272
10925	2741	106	420	91155	0	94422
10926	1561	113	367	92403	0	94444
10927	686	110	322	93879	0	94997
10928	90655	72	365	2906	0	93998
10929	1823	90968	598	1519	0	94908
10930	88827	1339	356	674	0	91196
10931	1687	85575	546	482	0	88290
10932	1109	84676	578	480	0	86843
10933	626	2062	406	84544	0	87638
10934	575	925	329	85842	0	87671
10935	525	229	334	85674	0	86762
10936	529	159	348	86276	0	87312
10937	448	354	83717	2537	0	87056
10938	81000	209	1543	1417	0	84169
10939	1693	206	1017	84773	0	87689
10940	1194	456	85406	1849	0	88905
10941	600	215	1523	86123	0	88461
10942	618	214	1017	87542	0	89391
10943	546	442	89473	2543	0	93004
10944	599	272	1527	89326	0	91724
10945	561	242	1058	90407	0	92268
10946	88622	192	443	2697	0	91954
10947	1692	347	89836	1487	0	93362
10948	84975	149	1594	925	0	87643
10949	1686	89738	1337	721	0	93482
10950	88578	1358	483	774	0	91193
10951	87047	884	602	754	0	89287
10952	2630	213	428	86620	0	89891
10953	1346	359	86211	1916	0	89832
10954	606	91598	1838	1459	0	95501
10955	695	1663	1101	86223	0	89682
10956	431	97012	666	1777	0	99886
10957	96319	1799	451	1435	0	100004
10958	2049	1268	94935	726	0	98978
10959	1282	548	94973	680	0	97483
10960	631	273	2647	92997	0	96548
10961	548	525	97265	2147	0	100485
10962	591	256	1924	97413	0	100184
10963	653	260	1122	98262	0	100297
10964	99062	204	433	3147	0	102846
10965	2011	99881	677	1662	0	104231
10966	1417	1794	452	101090	0	104753
10967	635	1035	460	103342	0	105472
10968	607	311	454	101585	0	102957
10969	477	99029	728	3158	0	103392
10970	493	100685	732	1722	0	103632
10971	98806	2577	464	924	0	102771
10972	99605	1123	427	846	0	102001
10973	99819	305	391	875	0	101390
10974	3063	489	97751	778	0	102081
10975	1590	515	1878	96318	0	100301
10976	720	532	96757	2330	0	100339
10977	538	95892	2080	1603	0	100113
10978	90629	1818	1305	897	0	94649
10979	1847	1129	88394	634	0	92004
10980	1174	437	1494	83230	0	86335
10981	465	377	85388	1681	0	87911
10982	80864	205	1551	1116	0	83736
10983	84594	177	867	625	0	86263
10984	85050	170	340	506	0	86066
10985	83361	184	299	475	0	84319
10986	2116	409	83607	504	0	86636
10987	80751	168	1325	497	0	82741
10988	82998	164	800	510	0	84472
10989	1839	82544	557	396	0	85336
10990	82227	1145	253	434	0	84059
10991	83420	681	259	419	0	84779
10992	2009	261	248	79164	0	81682
10993	970	83348	454	1266	0	86038
10994	86507	1174	264	915	0	88860
10995	92237	725	246	531	0	93739
10996	2339	490	103324	460	0	106613
10997	1195	437	104574	309	0	106515
10998	496	406	107145	354	0	108401
10999	577	583	3131	103498	0	107789
11000	104520	207	1462	2056	0	108245
11001	2018	104848	720	1455	0	109041
11002	104017	1869	426	527	0	106839
11003	2149	105330	515	418	0	108412
11004	103485	1960	363	429	0	106237
11005	2111	103401	542	390	0	106444
11006	1343	104823	548	333	0	107047
11007	100419	2801	223	388	0	103831
11008	1997	103276	394	285	0	105952
11009	1431	2057	208	101650	0	105346
11010	668	1381	102341	1790	0	106180
11011	439	732	102391	1119	0	104681
11012	458	387	2669	100198	0	103712
11013	555	298	1219	103991	0	106063
11014	405	551	102855	2754	0	106565
11015	555	285	1895	101509	0	104244
11016	465	247	1270	103950	0	105932
11017	102670	196	547	3015	0	106428
11018	1858	103370	595	1665	0	107488
11019	1459	1898	417	96138	0	99912
11020	570	104428	607	1825	0	107430
11021	102566	2054	361	1409	0	106390
11022	1981	103614	596	621	0	106812
11023	103681	2052	352	521	0	106606
11024	103465	1374	298	475	0	105612
11025	3222	588	245	101650	0	105705
11026	1756	559	288	102787	0	105390
11027	949	470	350	104107	0	105876
11028	815	479	373	104370	0	106037
11029	655	656	100212	3254	0	104777
11030	91446	426	1928	1842	0	95642
11031	2186	99761	1351	816	0	104114
11032	1649	2040	460	101259	0	105408
11033	846	1343	451	101323	0	103963
11034	598	102487	665	3069	0	106819
11035	102033	2090	610	1686	0	106419
11036	2229	104377	643	822	0	108071
11037	1647	2331	429	103502	0	107909
11038	828	1515	402	106005	0	108750
11039	845	703	310	106751	0	108609
11040	769	652	315	106078	0	107814
11041	102495	542	350	3594	0	106981
11042	2449	830	102507	1849	0	107635
11043	1697	593	2151	99900	0	104341
11044	898	552	1449	101668	0	104567
11045	788	498	730	102613	0	104629
11046	846	463	574	102200	0	104083
11047	96901	421	516	3800	0	101638
11048	2542	733	98003	2083	0	103361
11049	1778	705	2060	92075	0	96618
11050	823	93470	1551	2528	0	98372
11051	679	97621	791	1831	0	100922
11052	95486	3093	407	1170	0	100156
11053	2467	1955	95725	873	0	101020
11054	87424	837	1822	732	0	90815
11055	2372	947	90758	749	0	94826
11056	1462	600	1674	84950	0	88686
11057	86375	492	1177	2173	0	90217
11058	1724	87678	791	1796	0	91989
11059	1338	1682	624	81158	0	84802
11060	671	84792	724	1926	0	88113
11061	84946	1786	572	1577	0	88881
11062	85226	1165	432	1174	0	87997
11063	2644	560	374	84874	0	88452
11064	1448	729	82618	2241	0	87036
11065	810	697	82555	1743	0	85805
11066	792	734	2294	79927	0	83747
11067	687	82349	1364	1981	0	86381
11068	765	1991	461	85819	0	89036
11069	719	1461	319	83201	0	85700
11070	844	724	273	84053	0	85894
11071	668	779	83143	3072	0	87662
11072	715	451	1583	83072	0	85821
11073	578	494	1118	83153	0	85343
11074	384	82216	693	3473	0	86766
11075	479	1911	412	79742	0	82544
11076	434	1063	410	86134	0	88041
11077	493	406	531	87314	0	88744
11078	584	332	435	87033	0	88384
11079	546	374	408	85549	0	86877
11080	496	475	310	85557	0	86838
11081	542	491	262	83798	0	85093
11082	584	566	286	82319	0	83755
11083	535	753	73413	6563	0	81264
11084	719	557	1423	79174	0	81873
11085	77509	425	1028	2601	0	81563
11086	1903	340	401	76453	0	79097
11087	1370	517	76464	2491	0	80842
11088	72494	363	1644	2008	0	76509
11089	77723	342	1173	1211	0	80449
11090	77673	380	519	1099	0	79671
11091	78292	355	397	1103	0	80147
11092	2874	321	347	77716	0	81258
11093	1539	393	76347	2395	0	80674
11094	788	72945	1637	1759	0	77129
11095	609	67626	1157	976	0	70368
11096	1226	2083	1584	50808	0	55701
11097	276	378	544	51026	0	52224
11098	143	128	67	50498	0	50836
11099	118	75	61	52515	0	52769
11100	110	84	57	58015	0	58266
11101	63269	76	67	1298	0	64710
11102	994	64658	177	699	0	66528
11103	664	67457	177	330	0	68628
11104	307	1869	103	67848	0	70127
11105	165	804	92	69788	0	70849
11106	163	159	84	70044	0	70450
11107	198	85	57	69811	0	70151
11108	106	234	66076	2291	0	68707
11109	103	65771	1376	1094	0	68344
11110	160	1261	723	65454	0	67598
11111	64465	746	169	1493	0	66873
11112	1280	215	80	65635	0	67210
11113	782	291	65401	1546	0	68020
11114	265	261	64150	1010	0	65686
11115	153	249	67029	428	0	67859
11116	217	281	1973	64375	0	66846
11117	67334	124	1029	1535	0	70022
11118	1246	101	197	68244	0	69788
11119	826	101	111	70552	0	71590
11120	70076	78	161	2279	0	72594
11121	1370	89	145	72330	0	73934
11122	911	82	170	73345	0	74508
11123	320	265	75309	2176	0	78070
11124	165	75981	1424	1140	0	78710
11125	210	1328	807	78691	0	81036
11126	78084	789	247	1701	0	80821
11127	1435	177	176	79485	0	81273
11128	946	334	79048	1752	0	82080
11129	359	268	1359	78654	0	80640
11130	192	79720	1061	1741	0	82714
11131	272	1391	250	81201	0	83114
11132	221	1119	80082	1789	0	83211
11133	174	85237	1562	1359	0	88332
11134	309	1723	950	86204	0	89186
11135	278	1093	306	95130	0	96807
11136	240	302	190	98438	0	99170
11137	232	177	208	99717	0	100334
11138	198	347	95976	3611	0	100132
11139	138	96412	2050	1990	0	100590
11140	96592	1856	1343	815	0	100606
11141	98546	1322	375	657	0	100900
11142	3116	325	228	97713	0	101382
11143	1545	421	96826	2375	0	101167
11144	93422	185	1985	1779	0	97371
11145	2055	174	1447	98209	0	101885
11146	1450	433	101867	2339	0	106089
11147	553	178	2016	102652	0	105399
11148	457	134	1425	103236	0	105252
11149	322	133	423	105272	0	106150
11150	341	413	105342	3740	0	109836
11151	491	208	2039	99556	0	102294
11152	281	105971	1741	2360	0	110353
11153	106225	1949	468	1833	0	110475
11154	107062	1402	318	929	0	109711
11155	107813	394	296	801	0	109304
11156	3366	105691	574	723	0	110354
11157	106470	1959	297	839	0	109565
11158	2376	1458	308	104145	0	108287
11159	104289	397	335	2603	0	107624
11160	104194	280	356	1989	0	106819
11161	3419	488	101737	1051	0	106695
11162	1739	101380	2241	851	0	106211
11163	101341	1975	1493	821	0	105630
11164	2235	1463	492	102167	0	106357
11165	1681	703	102127	2489	0	107000
11166	610	102575	2255	1919	0	107359
11167	100882	1924	1581	931	0	105318
11168	2194	1457	467	101749	0	105867
11169	1776	467	335	103326	0	105904
11170	818	309	322	103482	0	104931
11171	486	101447	514	3780	0	106227
11172	642	1985	352	102235	0	105214
11173	491	101865	591	2588	0	105535
11174	633	2110	378	102771	0	105892
11175	497	1763	101481	2664	0	106405
11176	662	545	2039	102389	0	105635
11177	627	378	1531	103647	0	106183
11178	592	308	552	105858	0	107310
11179	509	568	102012	4001	0	107090
11180	613	371	2080	102016	0	105080
11181	653	286	1634	104349	0	106922
11182	582	334	637	105833	0	107386
11183	640	382	427	105943	0	107392
11184	649	359	429	106712	0	108149
11185	589	638	103247	4049	0	108523
11186	672	423	2011	103760	0	106866
11187	703	435	1605	103158	0	105901
11188	99185	347	567	4017	0	104116
11189	2166	98480	652	2496	0	103794
11190	1783	101552	636	1360	0	105331
11191	886	3105	448	101193	0	105632
11192	749	1705	436	100408	0	103298
11193	537	97964	699	3741	0	102941
11194	733	2005	365	98840	0	101943
11195	548	99051	631	2839	0	103069
11196	795	2162	400	99073	0	102430
11197	745	1634	385	98677	0	101441
11198	592	747	95074	3596	0	100009
11199	498	92968	2044	2283	0	97793
11200	476	90641	1457	1160	0	93734
11201	79286	2133	761	957	0	83137
11202	1169	81160	515	722	0	83566
11203	1183	1320	297	78624	0	81424
11204	534	1215	76686	1611	0	80046
11205	466	503	1160	76216	0	78345
11206	74857	379	942	1664	0	77842
11207	1227	510	77801	1439	0	80977
11208	1030	79533	1277	793	0	82633
11209	628	1392	1025	71059	0	74104
11210	409	979	319	82006	0	83713
11211	82459	337	323	2401	0	85520
11212	1208	343	277	83511	0	85339
11213	1023	297	227	83195	0	84742
11214	461	298	223	83304	0	84286
11215	332	340	224	83016	0	83912
11216	79950	281	238	2501	0	82970
11217	79423	312	231	1668	0	81634
11218	1875	241	219	80111	0	82446
11219	78083	256	248	1686	0	80273
11220	1274	262	223	76464	0	78223
11221	954	419	73846	1726	0	76945
11222	438	439	71617	1474	0	73968
11223	485	729	1594	66650	0	69458
11224	275	68944	1070	1437	0	71726
11225	388	934	295	68487	0	70104
11226	67418	747	195	1446	0	69806
11227	933	303	173	68763	0	70172
11228	68309	234	216	1518	0	70277
11229	1056	217	169	69420	0	70862
11230	809	399	69506	1405	0	72119
11231	264	68600	908	1156	0	70928
11232	253	70318	804	677	0	72052
11233	365	1849	241	63346	0	65801
11234	215	746	63863	960	0	65784
11235	68	56012	401	437	0	56918
11236	287	416	239	53436	0	54378
11237	52482	150	108	354	0	53094
11238	183	261	53856	234	0	54534
11239	182	65	167	53547	0	53961
11240	89	37	153	55553	0	55832
11241	69	191	54968	395	0	55623
11242	59	209	51694	287	0	52249
11243	86	232	55381	150	0	55849
11244	86	99	344	55200	0	55729
11245	85	214	57040	294	0	57633
11246	49881	51	287	324	0	50543
11247	331	42	203	58909	0	59485
11248	304	253	72317	439	0	73313
11249	92	74449	471	470	0	75482
11250	112	597	74577	211	0	75497
11251	184	376	490	74260	0	75310
11252	77551	84	404	730	0	78769
11253	485	52	106	79508	0	80151
11254	433	69	63	80415	0	80980
11255	86492	29	76	1090	0	87687
11256	762	52	61	89846	0	90721
11257	543	451	90868	979	0	92841
11258	87911	48	860	794	0	89613
11259	863	92805	834	237	0	94739
11260	94456	817	134	320	0	95727
11261	1012	594	57	94412	0	96075
11262	663	384	94068	1015	0	96130
11263	224	383	95076	733	0	96416
11264	190	225	1508	93331	0	95254
11265	185	90	686	93540	0	94501
11266	155	311	94189	1453	0	96108
11267	124	419	90736	788	0	92067
11268	92378	64	1528	301	0	94271
11269	1018	60	734	94684	0	96496
11270	95886	32	213	1113	0	97244
11271	1094	58	136	95338	0	96626
11272	731	308	99641	1183	0	101863
11273	227	368	104285	855	0	105735
11274	248	73	1661	105220	0	107202
11275	232	60	808	108882	0	109982
11276	184	365	110634	1857	0	113040
11277	106996	84	1303	1094	0	109477
11278	1441	96	848	114522	0	116907
11279	119321	42	229	1655	0	121247
11280	1592	134747	503	1045	0	137887
11281	1179	2063	183	137868	0	141293
11282	138491	1164	179	2548	0	142382
11283	2319	588	140073	1513	0	144493
11284	1538	145	2243	140371	0	144297
11285	447	132	1388	141762	0	143729
11286	366	132	325	146124	0	146947
11287	293	504	142822	3853	0	147472
11288	414	152	2442	140108	0	143116
11289	198	142837	1923	2721	0	147679
11290	337	2295	383	144835	0	147850
11291	294	1684	143052	2737	0	147767
11292	282	691	144329	1684	0	146986
11293	498	169	3799	143436	0	147902
11294	413	203	1709	146046	0	148371
11295	366	175	471	149310	0	150322
11296	362	134	377	150360	0	151233
11297	146737	104	399	4283	0	151523
11298	146526	100	386	2154	0	149166
11299	3842	433	145569	855	0	150699
11300	1660	148993	2856	743	0	154252
11301	688	2367	1553	151970	0	156578
11302	156700	1357	463	3151	0	161671
11303	148563	364	574	2114	0	151615
11304	159405	191	361	935	0	160892
11305	159603	170	450	786	0	161009
11306	4120	562	156483	667	0	161832
11307	149542	170	2686	911	0	153309
11308	2808	152743	2056	744	0	158351
11309	1989	2423	485	154198	0	159095
11310	760	1764	155182	2937	0	160643
11311	775	316	2760	153949	0	157800
11312	544	616	155915	3164	0	160239
11313	710	241	2900	155597	0	159448
11314	635	264	1765	159470	0	162134
11315	157975	207	626	4571	0	163379
11316	3006	204	530	160194	0	163934
11317	1819	629	161199	3432	0	167079
11318	821	264	2915	165273	0	169273
11319	165103	191	1844	3703	0	170841
11320	3048	210	755	168378	0	172391
11321	2037	554	167338	3517	0	173446
11322	656	165408	3288	2476	0	171828
11323	170365	2533	1931	1475	0	176304
11324	3166	1624	826	161636	0	167252
11325	1946	172854	1008	3075	0	178883
11326	171338	2677	686	2357	0	177058
11327	3159	2040	172209	1237	0	178645
11328	1959	170428	3329	1278	0	176994
11329	994	2715	2017	172955	0	178681
11330	782	2045	172261	3431	0	178519
11331	913	511	3057	168209	0	172690
11332	168069	299	2004	3824	0	174196
11333	3062	835	168918	2508	0	175323
11334	2274	344	2968	168122	0	173708
11335	987	752	171011	3634	0	176384
11336	1024	356	3258	168661	0	173299
11337	989	393	2014	173162	0	176558
11338	169148	276	803	5069	0	175296
11339	3056	171051	1231	2706	0	178044
11340	2249	2642	708	172166	0	177765
11341	170298	1547	684	3731	0	176260
11342	171309	490	693	2632	0	175124
11343	4442	500	690	168096	0	173728
11344	2201	167090	1081	3371	0	173743
11345	902	171961	1117	2433	0	176413
11346	1149	3928	790	167741	0	173608
11347	1013	1718	730	167129	0	170590
11348	150145	461	587	4511	0	155704
11349	3065	359	574	151123	0	155121
11350	1702	730	145292	3353	0	151077
11351	128561	389	2626	2568	0	134144
11352	2682	141466	1920	1286	0	147354
11353	139363	2267	636	1278	0	143544
11354	2938	1649	144198	1116	0	149901
11355	1613	144665	2545	966	0	149789
11356	142797	2313	1924	1069	0	148103
11357	143517	1369	738	917	0	146541
11358	3406	776	144009	787	0	148978
11359	140720	413	2444	811	0	144388
11360	146191	306	1378	818	0	148693
11361	3424	146897	866	682	0	151869
11362	1861	2241	390	150079	0	154571
11363	890	1724	148422	2631	0	153667
11364	845	418	2513	150781	0	154557
11365	683	830	154386	2969	0	158868
11366	792	363	2586	152175	0	155916
11367	153933	341	1618	3151	0	159043
11368	2769	275	572	158697	0	162313
11369	1692	720	168172	3155	0	173739
11370	167748	248	3025	2099	0	173120
11371	3378	263	1779	175685	0	181105
11372	1928	698	170676	3549	0	176851
11373	159541	236	3201	2299	0	165277
11374	3464	380	1839	167597	0	173280
11375	2074	638	164713	3487	0	170912
11376	887	651	163080	1955	0	166573
11377	853	1383	4008	159354	0	165598
11378	653	693	163953	3142	0	168441
11379	668	158317	3220	1788	0	163993
11380	763	2246	1319	141347	0	145675
11381	140498	957	495	2094	0	144044
11382	1801	536	142018	1165	0	145520
11383	1158	522	140113	534	0	142327
11384	127463	139	2875	635	0	131112
11385	1778	454	141485	426	0	144143
11386	130073	123	1929	585	0	132710
11387	1898	421	139698	389	0	142406
11388	1226	142	1919	136354	0	139641
11389	382	460	141090	1728	0	143660
11390	559	163	1829	137963	0	140514
11391	347	534	143227	1835	0	145943
11392	374	419	139886	1130	0	141809
11393	124972	170	2690	671	0	128503
11394	1582	141242	1511	496	0	144831
11395	142153	1429	580	510	0	144672
11396	1712	143842	704	358	0	146616
11397	1256	1542	452	143664	0	146914
11398	589	960	453	146676	0	148678
11399	145226	216	378	2523	0	148343
11400	1779	245	362	143382	0	145768
11401	1220	521	141675	1927	0	145343
11402	133400	184	1776	1381	0	136741
11403	139015	145	1206	696	0	141062
11404	2621	166	491	139151	0	142429
11405	1393	525	141160	1795	0	144873
11406	693	238	1845	138943	0	141719
11407	411	141128	1604	1895	0	145038
11408	568	1642	484	141028	0	143722
11409	627	1066	422	143690	0	145805
11410	442	644	140141	2987	0	144214
11411	120280	245	2085	1874	0	124484
11412	1781	138492	1690	800	0	142763
11413	138452	1654	580	718	0	141404
11414	1892	139795	765	654	0	143106
11415	1473	1773	515	136012	0	139773
11416	487	139465	775	1999	0	142726
11417	638	2141	133976	1410	0	138165
11418	562	1326	2018	128097	0	132003
11419	677	370	1405	131305	0	133757
11420	565	310	593	134475	0	135943
11421	130549	219	561	3180	0	134509
11422	2006	301	612	131097	0	134016
11423	128299	236	629	2376	0	131540
11424	128755	255	571	1836	0	131417
11425	127259	248	639	1019	0	129165
11426	3021	599	127285	782	0	131687
11427	1889	253	2084	127031	0	131257
11428	908	271	1543	132163	0	134885
11429	792	248	888	134814	0	136742
11430	139776	224	790	3495	0	144285
11431	2634	274	765	141120	0	144793
11432	1828	262	852	144601	0	147543
11433	152489	281	759	4185	0	157714
11434	3149	265	701	158754	0	162869
11435	2135	671	163067	3382	0	169255
11436	998	722	166101	2361	0	170182
11437	1004	327	4880	166508	0	172719
11438	164650	270	2539	3827	0	171286
11439	159682	247	1137	2600	0	163666
11440	5204	243	842	162241	0	168530
11441	2571	597	162366	3723	0	169257
11442	973	161283	3932	2583	0	168771
11443	1085	2992	2424	163246	0	169747
11444	1022	1863	919	166098	0	169902
11445	1092	439	837	167541	0	169909
11446	163876	326	802	5699	0	170703
11447	3622	666	164861	2912	0	172061
11448	165226	425	3527	1343	0	170521
11449	3953	440	2358	161229	0	167980
11450	2567	166444	1194	3644	0	173849
11451	167108	3137	659	2964	0	173868
11452	165848	2060	580	1501	0	169989
11453	5397	874	174196	1259	0	181726
11454	2718	166194	3759	1334	0	174005
11455	931	164975	2701	1179	0	169786
11456	162467	4633	781	1213	0	169094
11457	3822	2158	577	162174	0	168731
11458	2803	611	504	161867	0	165785
11459	1319	478	647	159210	0	161654
11460	936	155337	861	5329	0	162463
11461	735	158916	899	2803	0	163353
11462	154219	4515	502	1312	0	160548
11463	3479	2162	400	153123	0	159164
11464	2241	898	163015	3615	0	169769
11465	1125	458	3377	170628	0	175588
11466	860	829	191457	4445	0	197591
11467	877	926	193648	2897	0	198348
11468	986	876	195517	1296	0	198675
11469	539	177900	7008	863	0	186310
11470	1342	4124	4025	159695	0	169186
11471	580	174461	1445	3673	0	180159
11472	945	4433	941	162931	0	169250
11473	693	2558	734	174890	0	178875
11474	171913	852	658	6435	0	179858
11475	4063	518	577	174032	0	179190
11476	171496	518	481	5004	0	177499
11477	172158	442	432	3380	0	176412
11478	6408	479	428	162705	0	170020
11479	3245	165831	760	4478	0	174314
11480	1548	3817	474	161671	0	167510
11481	972	167709	756	4704	0	174141
11482	1130	4279	457	167188	0	173054
11483	941	2932	164589	5067	0	173529
11484	1036	939	3982	166190	0	172147
11485	996	614	2658	169421	0	173689
11486	161037	626	1002	7086	0	169751
11487	4022	163886	1016	3998	0	172922
11488	3082	4064	658	164494	0	172298
11489	1423	2738	644	162561	0	167366
11490	822	161804	1102	6861	0	170589
11491	1039	4131	684	163201	0	169055
11492	155167	2830	704	5560	0	164261
11493	161182	1180	580	3781	0	166723
11494	6340	158030	883	2031	0	167284
11495	3665	4263	486	158328	0	166742
11496	153685	2873	530	5072	0	162160
11497	4385	156895	875	3774	0	165929
11498	3502	4472	560	145454	0	153988
11499	1533	156975	966	4542	0	164016
11500	154713	4697	740	3487	0	163637
11501	4633	3284	153935	1912	0	163764
11502	3207	1603	154754	1629	0	161193
11503	1885	1171	6348	152597	0	162001
11504	2107	1289	155127	4944	0	163467
11505	1203	937	4808	152454	0	159402
11506	150720	991	3192	5356	0	160259
11507	4444	1199	155187	3692	0	164522
11508	3195	974	4388	154663	0	163220
11509	1619	882	3006	159214	0	164721
11510	155769	845	1305	7309	0	165228
11511	4270	158111	1320	4259	0	167960
11512	159818	4151	810	2417	0	167196
11513	158531	2843	724	1980	0	164078
11514	6553	154645	1112	2007	0	164317
11515	3866	4227	734	156474	0	165301
11516	1821	3400	154031	4983	0	164235
11517	1623	1537	4018	151403	0	158581
11518	1231	154642	3140	5064	0	164077
11519	156373	4455	1238	3602	0	165668
11520	4582	3176	911	157487	0	166156
11521	3064	1883	158451	5388	0	168786
11522	1583	1199	4173	160775	0	167730
11523	1267	1116	2981	163729	0	169093
11524	1273	1091	1210	166370	0	169944
11525	1424	1070	849	166647	0	169990
11526	1369	1057	793	162858	0	166077
11527	1106	1345	155236	8227	0	165914
11528	1872	1182	151154	4950	0	159158
11529	951	146210	6163	2922	0	156246
11530	881	146518	3247	2168	0	152814
11531	141926	5090	1475	2045	0	150536
11532	3965	2990	141858	1840	0	150653
11533	127537	1468	3897	1752	0	134654
11534	3695	1068	126526	1392	0	132681
11535	2159	945	119405	1165	0	123674
11536	1235	770	4208	114261	0	120474
11537	118360	710	2374	3217	0	124661
11538	3074	679	1034	120464	0	125251
11539	2206	646	753	121928	0	125533
11540	1093	824	126507	4673	0	133097
11541	808	539	2745	127844	0	131936
11542	829	412	1826	128342	0	131409
11543	922	414	794	129420	0	131550
11544	1105	442	526	129279	0	131352
11545	988	402	466	129862	0	131718
11546	124536	433	425	5182	0	130576
11547	2847	450	453	125573	0	129323
11548	1786	798	120695	3973	0	127252
11549	1169	596	2341	121982	0	126088
11550	736	764	120873	3742	0	126115
11551	844	906	2834	121104	0	125688
11552	700	669	124066	3799	0	129234
11553	734	866	3119	114876	0	119595
11554	601	448	1966	119483	0	122498
11555	513	662	117533	4292	0	123000
11556	104796	420	2638	2898	0	110752
11557	2453	697	119294	1577	0	124021
11558	1914	728	2867	118552	0	124061
11559	120303	290	1918	3102	0	125613
11560	2603	319	945	121710	0	125577
11561	2075	419	569	122755	0	125818
11562	1094	566	122074	4193	0	127927
11563	701	118553	2511	2683	0	124448
11564	410	107820	1507	1340	0	111077
11565	426	103143	862	936	0	105367
11566	2726	1065	1506	75763	0	81060
11567	76035	289	444	573	0	77341
11568	326	119	66	75634	0	76145
11569	311	54	80	76036	0	76481
11570	123	37	59	76889	0	77108
11571	86	60	74	76665	0	76885
11572	55	75737	191	701	0	76684
11573	124	296	62	77497	0	77979
11574	91	284	58	77133	0	77566
11575	46	76625	169	743	0	77583
11576	78406	310	64	536	0	79316
11577	341	298	57	78704	0	79400
11578	78446	79	59	561	0	79145
11579	78232	42	49	502	0	78825
11580	560	80474	178	235	0	81447
11581	385	353	59	84670	0	85467
11582	146	464	83573	492	0	84675
11583	114	286	82275	433	0	83108
11584	117	273	560	83022	0	83972
11585	85090	52	399	518	0	86059
11586	87253	47	109	508	0	87917
11587	601	63	80	88747	0	89491
11588	89587	34	84	606	0	90311
11589	419	88942	210	476	0	90047
11590	89386	320	74	316	0	90096
11591	422	96234	192	205	0	97053
11592	390	410	66	98450	0	99316
11593	219	351	50	98680	0	99300
11594	103	99113	240	738	0	100194
11595	98127	359	73	573	0	99132
11596	433	636	97421	249	0	98739
11597	391	128	364	97306	0	98189
11598	304	340	99157	527	0	100328
11599	179	92	428	98071	0	98770
11600	99909	64	317	621	0	100911
11601	438	92	133	99943	0	100606
11602	99029	64	73	705	0	99871
11603	98800	70	105	584	0	99559
11604	723	64	83	98719	0	99589
11605	450	258	98306	598	0	99612
11606	186	103155	514	496	0	104351
11607	192	371	310	101188	0	102061
11608	99054	303	101	653	0	100111
11609	476	426	98946	491	0	100339
11610	476	108	387	98627	0	99598
11611	240	124	336	99100	0	99800
11612	179	98	112	100911	0	101300
11613	99905	82	100	969	0	101056
11614	458	88	116	98976	0	99638
11615	437	86	78	100887	0	101488
11616	203	328	99408	896	0	100835
11617	228	95	424	99870	0	100617
11618	219	78	393	102460	0	103150
11619	204	68	144	103631	0	104047
11620	170	102769	229	889	0	104057
11621	229	423	95	100690	0	101437
11622	245	350	78	101053	0	101726
11623	94736	120	124	1043	0	96023
11624	557	374	96522	599	0	98052
11625	456	354	92667	368	0	93845
11626	197	97400	845	246	0	98688
11627	203	511	455	99712	0	100881
11628	99781	367	213	771	0	101132
11629	551	135	106	98452	0	99244
11630	491	87	103	100249	0	100930
11631	240	71	100	100992	0	101403
11632	171	79	89	99739	0	100078
11633	180	90	97	99727	0	100094
11634	189	324	97503	1045	0	99061
11635	183	105	431	97641	0	98360
11636	97267	66	337	877	0	98547
11637	460	95896	285	645	0	97286
11638	453	459	71	97564	0	98547
11639	230	356	75	97813	0	98474
11640	178	336	93346	1053	0	94913
11641	187	119	484	91791	0	92581
11642	159	119	392	98554	0	99224
11643	98363	66	146	1262	0	99837
11644	674	102305	249	762	0	103990
11645	613	750	112	104126	0	105601
11646	278	532	120	105697	0	106627
11647	213	233	109	106596	0	107151
11648	181	302	105810	1570	0	107863
11649	247	341	102552	928	0	104068
11650	129	105175	1498	464	0	107266
11651	124	107567	836	429	0	108956
11652	202	1290	263	104552	0	106307
11653	146	94814	355	1294	0	96609
11654	275	1219	161	110385	0	112040
11655	153	767	154	124383	0	125457
11656	207	199	122	131786	0	132314
11657	198	172	93	151682	0	152145
11658	161	411	153098	3828	0	157498
11659	259	145	2267	154936	0	157607
11660	226	125	1689	157894	0	159934
11661	237	105	487	162314	0	163143
11662	153311	124	286	5036	0	158757
11663	2428	159888	547	2996	0	165859
11664	2163	2642	291	144257	0	149353
11665	459	162078	516	2878	0	165931
11666	154723	2967	274	2374	0	160338
11667	134401	2366	367	1427	0	138561
11668	3784	161288	378	1050	0	166500
11669	1954	166592	352	840	0	169738
11670	906	5131	159622	772	0	166431
11671	473	168302	2961	735	0	172471
11672	615	3668	1993	161009	0	167285
11673	165394	2462	517	3275	0	171648
11674	2920	169188	581	2441	0	175130
11675	2278	3422	326	169949	0	175975
11676	862	2600	326	172698	0	176486
11677	550	1010	379	177213	0	179152
11678	168655	771	319	5833	0	175578
11679	3180	938	170879	3473	0	178470
11680	161591	541	2953	1763	0	166848
11681	3469	168955	2356	1274	0	176054
11682	2581	3432	558	169910	0	176481
11683	901	2758	168332	3833	0	175824
11684	153809	954	3319	3133	0	161215
11685	3393	169042	2555	1251	0	176241
11686	2710	3374	804	163194	0	170082
11687	1064	169866	659	3397	0	174986
11688	785	3830	464	169606	0	174685
11689	760	2650	428	173445	0	177283
11690	532	1337	168587	5805	0	176261
11691	639	1013	162616	3344	0	167612
11692	753	869	5084	162200	0	168906
11693	637	1000	166031	4246	0	171914
11694	667	819	3605	164062	0	169153
11695	600	624	2616	162797	0	166637
11696	567	531	1051	169743	0	171892
11697	164237	418	920	6456	0	172031
11698	3460	456	928	167675	0	172519
11699	2546	751	166121	4858	0	174276
11700	163001	604	3456	3773	0	170834
11701	3547	597	2506	169329	0	175979
11702	2800	526	947	172131	0	176404
11703	167183	541	771	6502	0	174997
11704	3567	170731	1132	3855	0	179285
11705	2904	3345	791	171991	0	179031
11706	1299	2550	804	170893	0	175546
11707	165598	996	722	6656	0	173972
11708	3581	1147	166424	4348	0	175500
11709	2893	795	3315	165496	0	172499
11710	1350	807	2576	167977	0	172710
11711	1165	807	1000	164401	0	167373
11712	809	164258	1303	6693	0	173063
11713	1062	3400	866	167368	0	172696
11714	163355	2582	780	5261	0	171978
11715	3494	164095	1180	4223	0	172992
11716	162820	3521	719	2622	0	169682
11717	3819	166413	987	2249	0	173468
11718	166229	3947	655	2246	0	173077
11719	4153	3278	163764	1959	0	173154
11720	3156	1697	163072	1793	0	169718
11721	159810	1007	5196	1929	0	167942
11722	4058	1308	167974	1806	0	175146
11723	3292	950	3750	165220	0	173212
11724	1721	998	2944	159363	0	165026
11725	1509	835	1307	171487	0	175138
11726	166837	746	1196	6647	0	175426
11727	3820	986	165126	4189	0	174121
11728	164322	698	3708	2432	0	171160
11729	4216	727	2895	170161	0	177999
11730	171617	720	1181	5041	0	178559
11731	4587	834	843	174051	0	180315
11732	179189	754	947	5249	0	186139
11733	5023	790	870	191648	0	198331
11734	3503	1223	195735	5565	0	206026
11735	194430	756	4298	4281	0	203765
11736	204772	692	3126	2477	0	211067
11737	7565	759	1261	202655	0	212240
11738	4376	804	1087	195397	0	201664
11739	1959	202086	1610	7455	0	213110
11740	195425	4108	1184	4545	0	205262
11741	5019	200900	1633	2411	0	209963
11742	193240	4346	1203	2298	0	201087
11743	5253	3331	195343	2036	0	205963
11744	3808	1447	195568	2023	0	202846
11745	1891	1133	193565	1993	0	198582
11746	180924	962	7100	1869	0	190855
11747	4921	192103	4187	1765	0	202976
11748	3971	3983	1649	189108	0	198711
11749	187464	2780	1268	4723	0	196235
11750	4578	193440	1659	3932	0	203609
11751	3769	5952	1089	181096	0	191906
11752	1622	190587	1366	4766	0	198341
11753	1554	186748	1196	3539	0	193037
11754	1458	187768	1047	1800	0	192073
11755	164752	5922	1546	2024	0	174244
11756	3508	167001	986	1423	0	172918
11757	1919	144006	771	886	0	147582
11758	843	140485	697	791	0	142816
11759	136239	3370	1152	783	0	141544
11760	136091	1548	613	814	0	139066
11761	3447	894	132291	780	0	137412
11762	127610	496	2045	812	0	130963
11763	132028	425	1291	740	0	134484
11764	3380	444	424	130567	0	134815
11765	132057	380	404	2381	0	135222
11766	2608	660	130630	1521	0	135419
11767	1695	138161	2228	719	0	142803
11768	139616	2237	1470	659	0	143982
11769	2709	1568	434	145546	0	150257
11770	146432	527	330	2623	0	149912
11771	2901	754	139799	1786	0	145240
11772	141307	458	2187	703	0	144655
11773	2916	403	1436	144926	0	149681
11774	1936	598	144390	2501	0	149425
11775	722	140257	2497	1733	0	145209
11776	647	146059	1729	659	0	149094
11777	926	3863	687	139571	0	145047
11778	815	1741	353	133212	0	136121
11779	405	142693	527	3046	0	146671
11780	142269	2295	246	1510	0	146320
11781	141831	1506	236	533	0	144106
11782	139776	469	224	516	0	140985
11783	3680	142778	435	460	0	147353
11784	1995	2340	238	131017	0	135590
11785	641	143881	419	1945	0	146886
11786	142945	2390	178	1372	0	146885
11787	141441	1477	214	544	0	143676
11788	3591	139167	449	994	0	144201
11789	142350	2251	165	508	0	145274
11790	2663	1497	217	141150	0	145527
11791	1823	489	201	142883	0	145396
11792	143371	384	259	3577	0	147591
11793	140886	397	257	1735	0	143275
11794	142978	376	230	582	0	144166
11795	3922	351	240	140702	0	145215
11796	1951	423	209	143707	0	146290
11797	761	682	141548	3647	0	146638
11798	900	484	2196	140323	0	143903
11799	945	496	1354	140443	0	143238
11800	809	668	137057	3494	0	142028
11801	798	649	132519	1751	0	135717
11802	619	690	138988	652	0	140949
11803	711	466	3692	135930	0	140799
11804	746	769	136352	2692	0	140559
11805	858	563	2466	135117	0	139004
11806	884	576	1534	138534	0	141528
11807	778	719	137322	3751	0	142570
11808	742	799	138039	1892	0	141472
11809	739	609	3607	135537	0	140492
11810	645	776	144311	2731	0	148463
11811	796	797	142531	1873	0	145997
11812	662	141803	3901	832	0	147198
11813	144709	2576	1822	702	0	149809
11814	146237	1748	627	658	0	149270
11815	146473	743	542	695	0	148453
11816	3929	143903	674	759	0	149265
11817	2104	146626	728	680	0	150138
11818	1243	3654	474	144824	0	150195
11819	1143	1842	437	145229	0	148651
11820	960	918	142507	3983	0	148368
11821	1122	569	2531	142180	0	146402
11822	142434	524	1621	3011	0	147590
11823	2969	570	635	132256	0	136430
11824	2005	141320	834	2664	0	146823
11825	144622	2572	527	1968	0	149689
11826	145933	1730	536	932	0	149131
11827	147963	567	575	922	0	150027
11828	4477	719	145185	841	0	151222
11829	2313	944	2340	146116	0	151713
11830	152929	492	1726	3090	0	158237
11831	3361	718	158079	2200	0	164358
11832	2206	151326	3085	1105	0	157722
11833	913	143746	2052	702	0	147413
11834	131879	3242	1074	716	0	136911
11835	2320	133937	712	652	0	137621
11836	1730	2201	442	129068	0	133441
11837	649	1614	131486	2459	0	136208
11838	726	741	2200	130864	0	134531
11839	130701	391	1477	2503	0	135072
11840	2268	130105	767	1717	0	134857
11841	129639	2061	389	690	0	132779
11842	2356	1574	128756	689	0	133375
11843	1691	633	2169	121976	0	126469
11844	547	133110	1689	2082	0	137428
11845	680	2109	470	134678	0	137937
11846	135631	1364	432	2456	0	139883
11847	137080	401	385	1600	0	139466
11848	137646	323	430	647	0	139046
11849	138233	317	441	620	0	139611
11850	3434	318	403	131874	0	136029
11851	1660	617	133684	2429	0	138390
11852	916	382	2090	128160	0	131548
11853	637	133116	1621	2153	0	137527
11854	134082	1980	521	1574	0	138157
11855	2341	1521	133616	652	0	138130
11856	128431	355	2166	748	0	131700
11857	2275	302	1413	133679	0	137669
11858	1495	611	137513	2370	0	141989
11859	784	330	2090	136887	0	140091
11860	138145	300	1425	2493	0	142363
11861	139320	251	515	1659	0	141745
11862	139685	305	515	723	0	141228
11863	3288	582	139393	652	0	143915
11864	1759	502	2065	137802	0	142128
11865	747	660	142843	2271	0	146521
11866	640	140373	2257	1627	0	144897
11867	133105	1822	1448	726	0	137101
11868	2019	131441	689	581	0	134730
11869	123548	1448	524	470	0	125990
11870	1724	926	325	119062	0	122037
11871	1007	123333	506	1367	0	126213
11872	123806	1358	307	1106	0	126577
11873	1632	1241	125669	428	0	128970
11874	1142	357	1307	123505	0	126311
11875	124012	288	861	1566	0	126727
11876	1647	512	124684	1144	0	127987
11877	1245	403	1372	120112	0	123132
11878	568	122403	1125	1431	0	125527
11879	647	1472	381	125588	0	128088
11880	614	1060	300	126747	0	128721
11881	122262	394	244	2214	0	125114
11882	1614	125004	473	1218	0	128309
11883	1238	1507	301	120375	0	123421
11884	523	125596	542	1557	0	128218
11885	610	1620	391	123139	0	125760
11886	528	128185	554	1552	0	130819
11887	126629	1641	323	1126	0	129719
11888	1888	1361	129363	574	0	133186
11889	1360	435	1620	127753	0	131168
11890	653	300	1035	129639	0	131627
11891	623	359	402	130445	0	131829
11892	637	371	283	129296	0	130587
11893	731	714	126584	2696	0	130725
11894	708	129672	1758	1285	0	133423
11895	129570	1454	982	766	0	132772
11896	130715	974	386	701	0	132776
11897	2247	131270	577	665	0	134759
11898	132436	1550	369	735	0	135090
11899	131904	998	339	705	0	133946
11900	2484	136282	522	530	0	139818
11901	1610	1668	315	130954	0	134547
11902	787	138317	573	1402	0	141079
11903	135563	1589	373	1166	0	138691
11904	1845	1338	135505	626	0	139314
11905	121730	390	1633	911	0	124664
11906	1851	668	138898	667	0	142084
11907	1396	364	1620	137235	0	140615
11908	137632	283	981	1873	0	140769
11909	2011	659	136426	1199	0	140295
11910	128317	293	1633	737	0	130980
11911	135723	269	1098	753	0	137843
11912	2553	344	475	134725	0	138097
11913	1281	137419	665	1596	0	140961
11914	139414	1622	279	1228	0	142543
11915	2028	1115	291	137905	0	141339
11916	1339	136283	565	1754	0	139941
11917	137267	1553	307	1327	0	140454
11918	1823	1142	301	138144	0	141410
11919	1194	143395	711	1683	0	146983
11920	711	1647	338	147706	0	150402
11921	147697	951	363	2008	0	151019
11922	146871	406	315	1478	0	149070
11923	147948	335	366	769	0	149418
11924	2552	351	368	144642	0	147913
11925	1315	402	280	145317	0	147314
11926	659	763	144774	2456	0	148652
11927	784	622	1553	143829	0	146788
11928	702	756	148761	1873	0	152092
11929	544	615	137527	1030	0	139716
11930	325	447	135750	471	0	136993
11931	253	141915	1651	873	0	144692
11932	619	1290	1222	132644	0	135775
11933	205	152754	516	909	0	154384
11934	155554	1360	255	855	0	158024
11935	156248	809	204	466	0	157727
11936	2136	239	188	161981	0	164544
11937	1051	522	167562	1731	0	170866
11938	450	219	1794	166928	0	169391
11939	381	693	173659	2191	0	176924
11940	471	320	1916	166007	0	168714
11941	284	172186	1448	1906	0	175824
11942	311	176650	594	1293	0	178848
11943	171699	2804	248	617	0	175368
11944	2126	1651	173458	499	0	177734
11945	1449	374	1965	170163	0	173951
11946	499	274	1222	174893	0	176888
11947	175777	242	326	3275	0	179620
11948	1995	177304	616	1773	0	181688
11949	177902	1935	302	705	0	180844
11950	2027	181566	601	561	0	184755
11951	179027	2098	300	675	0	182100
11952	181924	1296	305	767	0	184292
11953	3281	407	275	183361	0	187324
11954	1547	736	183220	2334	0	187837
11955	171434	384	2134	1788	0	175740
11956	2313	184715	1659	616	0	189303
11957	187937	2159	404	691	0	191191
11958	2567	1385	316	181366	0	185634
11959	1730	483	271	179881	0	182365
11960	632	181825	587	3262	0	186306
11961	767	2156	286	177883	0	181092
11962	519	184182	569	2330	0	187600
11963	733	2338	265	181195	0	184531
11964	715	1424	246	179755	0	182140
11965	172075	507	296	3651	0	176529
11966	2431	849	175952	1716	0	180948
11967	1624	174466	2290	790	0	179170
11968	793	2214	1359	175392	0	179758
11969	177785	1377	427	2591	0	182180
11970	179233	517	355	1891	0	181996
11971	178481	456	413	1009	0	180359
11972	3656	822	176640	700	0	181818
11973	176166	461	2394	857	0	179878
11974	2854	514	1470	179698	0	184536
11975	178013	437	513	2861	0	181824
11976	2692	176826	810	1969	0	182297
11977	1957	2508	417	177983	0	182865
11978	175927	1554	408	2849	0	180738
11979	2791	181853	724	1898	0	187266
11980	2075	2703	375	182808	0	187961
11981	1078	2120	181786	2916	0	187900
11982	177940	705	2483	2393	0	183521
11983	192021	525	1650	1086	0	195282
11984	4834	961	191236	927	0	197958
11985	2385	188708	3123	936	0	195152
11986	1140	194113	2234	1306	0	198793
11987	1262	4426	809	190745	0	197242
11988	1033	2248	604	187237	0	191122
11989	1097	858	494	193411	0	195860
11990	899	1043	192230	4923	0	199095
11991	184690	725	3176	2810	0	191401
11992	201563	681	2011	1455	0	205710
11993	207180	691	694	1280	0	209845
11994	207247	747	559	1271	0	209824
11995	209893	664	613	1275	0	212445
11996	211999	704	659	1220	0	214582
11997	6201	653	604	219080	0	226538
11998	3220	1059	217494	4315	0	226088
11999	1608	1194	221236	2890	0	226928
12000	1635	847	5807	220880	0	229169
12001	1635	764	2731	221107	0	226237
12002	1734	738	852	218712	0	222036
12003	1389	224112	1071	6680	0	233252
12004	225614	4279	730	3483	0	234106
12005	5043	234335	1112	1563	0	242053
12006	3714	4744	643	229003	0	238104
12007	225877	2942	695	5248	0	234762
12008	5081	229024	974	3672	0	238751
12009	3826	4784	586	229915	0	239111
12010	1918	3097	608	234457	0	240080
12011	1645	1267	539	234308	0	237759
12012	1320	229008	1027	7956	0	239311
12013	1614	4796	653	234516	0	241579
12014	1339	3649	231370	6257	0	242615
12015	1630	1310	4785	235431	0	243156
12016	1648	1014	2874	240057	0	245593
12017	1667	1092	820	253934	0	257513
12018	1745	1024	594	260922	0	264285
12019	1565	1381	252664	10077	0	265687
12020	1386	253615	6152	5797	0	266950
12021	1719	6083	3715	254637	0	266154
12022	1663	3944	1472	266183	0	273262
12023	1708	1675	1165	255374	0	259922
12024	1448	255144	1730	11141	0	269463
12025	1407	269481	1544	6668	0	279100
12026	263561	9599	928	3748	0	277836
12027	7030	5084	790	260238	0	273142
12028	4648	2574	257744	8160	0	273126
12029	1970	257713	6235	6225	0	272143
12030	248995	6761	4303	3431	0	263490
12031	6913	4880	246569	2724	0	261086
12032	4683	2466	245404	2622	0	255175
12033	2309	1874	246619	2399	0	253201
12034	2051	3219	9790	235625	0	250685
12035	1613	1701	241883	7130	0	252327
12036	1247	229864	7609	5360	0	244080
12037	1350	5580	4778	220534	0	232242
12038	1171	4010	226839	6507	0	238527
12039	1134	1967	6697	222900	0	232698
12040	218009	1402	4717	7715	0	231843
12041	5412	1700	220616	5779	0	233507
12042	213266	1280	6358	3744	0	224648
12043	6135	224161	4821	3006	0	238123
12044	225020	5877	2407	2802	0	236106
12045	7167	4100	2029	223130	0	236426
12046	224837	1913	1963	7142	0	235855
12047	225247	1546	2084	5197	0	234074
12048	219459	1904	1823	3182	0	226368
12049	9719	222463	2100	2563	0	236845
12050	224455	5804	1850	2641	0	234750
12051	224043	3801	2071	2616	0	232531
12052	9998	2245	218957	2450	0	233650
12053	6092	217447	6494	2515	0	232548
12054	3934	6257	4600	214373	0	229164
12055	3282	4513	2521	219599	0	229915
12056	3088	2407	2038	223058	0	230591
12057	2423	2251	215493	10169	0	230336
12058	2508	1706	6329	218000	0	228543
12059	2386	1919	218754	8545	0	231604
12060	211498	1530	7166	6446	0	226640
12061	220360	1486	4935	4351	0	231132
12062	9308	1985	219406	3662	0	234361
12063	219068	1657	6608	3487	0	230820
12064	224869	1457	4997	3390	0	234713
12065	228924	1364	2941	3005	0	236234
12066	11514	1355	2461	220174	0	235504
12067	7278	1797	223236	7178	0	239489
12068	4573	224284	6829	5413	0	241099
12069	4456	5889	4629	222357	0	237331
12070	4098	4458	226117	7176	0	241849
12071	3484	2607	218449	5407	0	229947
12072	207882	2108	8903	3915	0	222808
12073	6361	224262	5923	3518	0	240064
12074	226247	5751	3189	3847	0	239034
12075	226191	4019	2914	3676	0	236800
12076	8913	226161	3575	3298	0	241947
12077	227057	5705	3039	3085	0	238886
12078	7982	4650	231427	2890	0	246949
12079	6339	2480	227784	2576	0	239179
12080	4822	2186	228677	2372	0	238057
12081	3939	221555	9413	2154	0	237061
12082	216080	5137	6351	1974	0	229542
12083	216546	3512	3625	2159	0	225842
12084	8890	209233	3671	1870	0	223664
12085	5796	217369	3381	2294	0	228840
12086	3992	7070	3025	212700	0	226787
12087	3396	4813	2533	217398	0	228140
12088	215974	2775	2253	7581	0	228583
12089	6177	217970	2750	4747	0	231644
12090	215993	5443	2500	3129	0	227065
12091	210670	4044	2327	2732	0	219773
12092	8270	3100	208397	2483	0	222250
12093	6053	205750	5076	2071	0	218950
12094	5121	5796	4035	202203	0	217155
12095	201278	3881	2436	4300	0	211895
12096	7273	2360	2097	198437	0	210167
12097	189585	1778	2369	4283	0	198015
12098	5952	1925	184668	3073	0	195618
12099	4606	179014	4933	2211	0	190764
12100	3336	183051	3587	1862	0	191836
12101	3762	6384	2621	161257	0	174024
12102	3143	183595	2241	3089	0	192068
12103	181036	4476	2036	2777	0	190325
12104	4289	4063	178455	1843	0	188650
12105	166041	2729	3581	2027	0	174378
12106	4470	2636	179878	2129	0	189113
12107	4029	1943	3584	176624	0	186180
12108	3354	1978	2765	178852	0	186949
12109	3490	1737	1942	181492	0	188661
12110	178134	1401	1839	4871	0	186245
12111	4873	1590	180517	3212	0	190192
12112	3857	1428	3437	178366	0	187088
12113	2913	1564	2592	175509	0	182578
12114	2587	172776	1976	4904	0	182243
12115	2578	172084	1596	3657	0	179915
12116	2659	176333	1743	2378	0	183113
12117	2160	3981	1238	162065	0	169444
12118	1564	2128	972	153479	0	158143
12119	738	146247	688	1982	0	149655
12120	726	147095	652	1270	0	149743
12121	143618	1441	867	1065	0	146991
12122	1290	1221	347	141953	0	144811
12123	740	139647	494	785	0	141666
12124	140914	662	432	760	0	142768
12125	1061	519	353	141219	0	143152
12126	149939	222	308	978	0	151447
12127	1166	230	333	153836	0	155565
12128	789	582	159933	1286	0	162590
12129	404	161045	1044	1027	0	163520
12130	153308	888	663	783	0	155642
12131	1118	904	163491	428	0	165941
12132	741	163958	1036	422	0	166157
12133	392	809	502	161930	0	163633
12134	234	430	173	163568	0	164405
12135	200	236	110	160572	0	161118
12136	291	137	83	160236	0	160747
12137	232	525	160197	1106	0	162060
12138	147	158656	738	645	0	160186
12139	198	628	397	158980	0	160203
12140	151719	402	122	980	0	153223
12141	574	158268	317	787	0	159946
12142	484	623	63	166143	0	167313
12143	309	869	164032	1060	0	166270
12144	153	165200	1125	1162	0	167640
12145	772	1155	661	149901	0	152489
12146	164	170793	406	609	0	171972
12147	170722	1251	94	586	0	172653
12148	170676	775	70	499	0	172020
12149	1950	584	168491	368	0	171393
12150	162425	247	1205	443	0	164320
12151	170334	151	791	460	0	171736
12152	2098	552	168142	288	0	171080
12153	1002	170715	1506	326	0	173549
12154	542	1280	802	169684	0	172308
12155	299	859	234	176175	0	177567
12156	175280	175	164	2317	0	177936
12157	1489	156	113	175228	0	176986
12158	985	465	175669	1464	0	178583
12159	154438	193	1442	1435	0	157508
12160	1641	528	172996	465	0	175630
12161	951	173690	1665	492	0	176798
12162	165343	1348	958	434	0	168083
12163	1544	1250	170475	394	0	173663
12164	1083	604	166092	326	0	168105
12165	364	169918	2333	342	0	172957
12166	329	1397	1010	171186	0	173922
12167	312	1354	167010	1550	0	170226
12168	476	341	1609	146792	0	149218
12169	333	164	986	165540	0	167023
12170	277	502	162789	2372	0	165940
12171	220	163766	1723	1170	0	166879
12172	297	1427	960	164553	0	167237
12173	161975	920	389	1728	0	165012
12174	160537	348	248	1233	0	162366
12175	2296	258	193	161608	0	164355
12176	1149	498	160206	1696	0	163549
12177	423	711	164850	1088	0	167072
12178	449	237	2280	161294	0	164260
12179	359	588	160657	1853	0	163457
12180	153018	259	1769	1280	0	156326
12181	1904	203	1079	163545	0	166731
12182	1405	184	459	165883	0	167931
12183	446	167265	699	2750	0	171160
12184	476	1813	292	171352	0	173933
12185	336	1621	165678	2149	0	169784
12186	152389	382	1921	1725	0	156417
12187	164664	262	1276	860	0	167062
12188	3002	520	166949	692	0	171163
12189	1672	345	2012	176475	0	180504
12190	788	251	1354	184508	0	186901
12191	497	536	184210	4145	0	189388
12192	705	276	2730	186727	0	190438
12193	809	319	1834	186724	0	189686
12194	408	195642	1030	4473	0	201553
12195	627	2961	508	201954	0	206050
12196	604	1887	413	205697	0	208601
12197	208977	458	530	5519	0	215484
12198	218476	448	525	2904	0	222353
12199	224323	297	459	1219	0	226298
12200	222225	352	521	1015	0	224113
12201	221100	294	492	997	0	222883
12202	6412	742	212120	911	0	220185
12203	3443	317	3776	209538	0	217074
12204	1495	298	2487	215847	0	220127
12205	1062	707	213780	6061	0	221610
12206	202136	334	3931	3268	0	209669
12207	212076	327	2610	1365	0	216378
12208	6190	761	200632	1009	0	208592
12209	209947	234	3617	1225	0	215023
12210	216352	255	2473	1091	0	220171
12211	6592	662	213273	893	0	221420
12212	3820	401	4119	202217	0	210557
12213	1559	221166	3186	3881	0	229792
12214	1481	3918	1154	232086	0	238639
12215	1370	2468	794	233812	0	238444
12216	1384	673	747	235876	0	238680
12217	1018	912	229837	7282	0	239049
12218	218262	392	4487	4076	0	227217
12219	232809	374	2998	1699	0	237880
12220	7029	327	1087	230592	0	239035
12221	3559	779	227226	5189	0	236753
12222	1649	510	4473	226578	0	233210
12223	1237	682	232078	5296	0	239293
12224	1320	628	235338	3703	0	240989
12225	1029	237837	7361	1703	0	247930
12226	1645	3803	3357	228268	0	237073
12227	227963	2317	1317	4670	0	236267
12228	220614	606	926	3307	0	225453
12229	225150	386	902	1593	0	228031
12230	7161	351	893	216375	0	224780
12231	3622	227673	1137	4665	0	237097
12232	1833	4363	699	232616	0	239511
12233	1329	3151	239204	5584	0	249268
12234	250370	782	5012	3958	0	260122
12235	275246	463	3180	1964	0	280853
12236	9277	421	1225	273329	0	284252
12237	4958	505	994	278169	0	284626
12238	2333	380	1078	282345	0	286136
12239	1648	861	271963	10250	0	284722
12240	227558	519	6357	6553	0	240987
12241	6612	266817	4358	2487	0	280274
12242	3886	265167	1943	1849	0	272845
12243	1848	7971	264087	1695	0	275601
12244	1714	3928	5806	258559	0	270007
12245	1180	1592	265890	6334	0	274996
12246	246942	846	6101	4070	0	257959
12247	6330	746	3505	256927	0	267508
12248	4081	982	257238	6049	0	268350
12249	1865	262935	6027	4551	0	275378
12250	256936	5083	3514	2391	0	267924
12251	6312	3450	269529	1725	0	281016
12252	4075	263883	6489	1669	0	276116
12253	1865	272503	4237	1564	0	280169
12254	271077	7793	1779	1582	0	282231
12255	6328	3826	1210	271033	0	282397
12256	4060	1864	278839	6326	0	291089
12257	1793	278948	6640	4229	0	291610
12258	278652	5605	3785	2103	0	290145
12259	281256	3490	1588	1802	0	288136
12260	8891	278733	1908	1558	0	291090
12261	4623	6377	283704	1793	0	296497
12262	2428	3644	6235	284383	0	296690
12263	285657	1357	3952	6592	0	297558
12264	288467	998	1708	4338	0	295511
12265	9506	1462	285218	2049	0	298235
12266	5334	1102	6264	276821	0	289521
12267	2755	935	3961	289151	0	296802
12268	2094	1361	288391	9078	0	300924
12269	2013	1542	285030	4706	0	293291
12270	283632	986	9215	2403	0	296236
12271	295659	995	4666	2022	0	303342
12272	299279	950	2045	1941	0	304215
12273	299809	915	1755	1984	0	304463
12274	10091	1502	288776	1846	0	302215
12275	289938	806	6586	1817	0	299147
12276	8406	801	4140	287312	0	300659
12277	5474	1371	291668	6597	0	305110
12278	2997	1347	292673	4711	0	301728
12279	2197	290723	9802	2770	0	305492
12280	2220	5625	4801	282877	0	295523
12281	2108	4264	289081	6393	0	301846
12282	273697	1559	6670	4224	0	286150
12283	7325	1619	4665	242016	0	255625
12284	4414	286285	2981	4943	0	298623
12285	288418	5570	2026	4004	0	300018
12286	291625	3354	2091	2398	0	299468
12287	9424	1907	288277	1995	0	301603
12288	5240	285547	7057	1812	0	299656
12289	2967	4955	3777	273786	0	285485
12290	273210	3230	1948	5626	0	284014
12291	6613	1612	1666	272429	0	282320
12292	4224	1841	263416	5705	0	275186
12293	231606	1233	5317	3820	0	241976
12294	5257	255605	3916	2045	0	266823
12295	3496	246541	2196	1604	0	253837
12296	2147	259167	2161	1588	0	265063
12297	249992	6786	3598	1986	0	262362
12298	246398	2892	1885	1508	0	252683
12299	248479	1308	1306	1116	0	252209
12300	6825	1006	1095	242517	0	251443
12301	3676	1552	245481	4202	0	254911
12302	2193	1128	4301	247388	0	255010
12303	249265	902	2772	4676	0	257615
12304	5332	832	1342	251600	0	259106
12305	256804	738	1276	4830	0	263648
12306	256558	811	1402	3071	0	261842
12307	252311	888	1462	1816	0	256477
12308	6087	253434	1792	1647	0	262960
12309	252661	3900	1323	1534	0	259418
12310	5284	3068	249104	1132	0	258588
12311	3923	1623	251843	1064	0	258453
12312	2482	248864	6056	997	0	258399
12313	2970	3737	3164	235042	0	244913
12314	234924	2145	1260	3659	0	241988
12315	4678	1346	233810	2347	0	242181
12316	228609	628	3937	1304	0	234478
12317	4872	632	2564	226124	0	234192
12318	2879	234073	2063	3678	0	242693
12319	1840	3383	1482	237626	0	244331
12320	1605	2802	236974	3866	0	245247
12321	215576	1038	3955	3079	0	223648
12322	4427	1353	240201	1331	0	247312
12323	3153	1237	233185	1077	0	238652
12324	218572	676	5048	1192	0	225488
12325	4133	225388	3160	984	0	233665
12326	231682	3459	1213	1064	0	237418
12327	232749	2021	1048	1224	0	237042
12328	6110	1422	227592	804	0	235928
12329	219621	723	4167	1222	0	225733
12330	4409	1161	226086	1133	0	232789
12331	2840	1015	216232	1092	0	221179
12332	1977	1057	218855	1143	0	223032
12333	1353	207162	4839	1090	0	214444
12334	183009	3054	6102	1331	0	193496
12335	178752	1229	931	821	0	181733
12336	178790	289	414	651	0	180144
12337	178233	222	448	631	0	179534
12338	2647	750	177584	330	0	181311
12339	1654	242	1595	175042	0	178533
12340	841	280	1085	180546	0	182752
12341	178871	256	418	2558	0	182103
12342	1809	178188	792	1227	0	182016
12343	1478	1418	411	176655	0	179962
12344	174609	923	451	1826	0	177809
12345	1833	877	177235	1137	0	181082
12346	1382	354	1577	174558	0	177871
12347	658	815	178907	1825	0	182205
12348	605	176923	1975	1252	0	180755
12349	1041	1919	1293	167239	0	171492
12350	164923	1003	468	1688	0	168082
12351	1661	287	317	170067	0	172332
12352	1267	746	170883	1730	0	174626
12353	432	171794	1783	1270	0	175279
12354	167212	1364	1105	735	0	170416
12355	1731	1450	169005	464	0	172650
12356	159501	308	1576	632	0	162017
12357	1640	168379	1425	687	0	172131
12358	171404	1467	721	597	0	174189
12359	172986	1039	313	532	0	174870
12360	2729	285	245	174307	0	177566
12361	1450	737	173264	1878	0	177329
12362	486	175308	1922	1347	0	179063
12363	674	1615	1246	179779	0	183314
12364	639	1197	352	183177	0	185365
12365	628	280	296	193298	0	194502
12366	628	251	298	199869	0	201046
12367	347	223903	830	4029	0	229109
12368	233118	3082	332	2237	0	238769
12369	3638	236615	833	788	0	241874
12370	2605	3936	305	246448	0	253294
12371	251814	2254	314	4452	0	258834
12372	4753	570	268	254783	0	260374
12373	2929	996	252259	4997	0	261181
12374	823	253065	4802	3054	0	261744
12375	1150	4399	2544	251693	0	259786
12376	863	2783	531	258690	0	262867
12377	247744	649	378	7179	0	255950
12378	4780	1271	246288	3175	0	255514
12379	242525	529	4475	1515	0	249044
12380	247093	514	2748	1211	0	251566
12381	248514	595	648	1219	0	250976
12382	7457	1242	243229	1079	0	253007
12383	3857	670	4560	238544	0	247631
12384	1579	569	2780	243579	0	248507
12385	1167	1061	243504	7463	0	253195
12386	1111	1085	246076	3678	0	251950
12387	243439	595	7236	1650	0	252920
12388	5702	629	3221	249633	0	259185
12389	254895	493	1117	5802	0	262307
12390	260565	547	920	3893	0	265925
12391	8421	551	832	258610	0	268414
12392	4144	1102	273842	6139	0	285227
12393	258120	582	6063	4385	0	269150
12394	6830	526	3627	279999	0	290982
12395	4449	1204	280262	6858	0	292773
12396	1952	276648	6510	4648	0	289758
12397	274842	5759	3909	2116	0	286626
12398	6743	280389	1965	1719	0	290816
12399	5538	6417	1309	240456	0	253720
12400	2391	283195	1631	5851	0	293068
12401	274162	6511	1264	4353	0	286290
12402	277916	3861	1322	2421	0	285520
12403	9933	275579	1925	2325	0	289762
12404	276746	6197	1396	2378	0	286717
12405	273088	4029	1340	2490	0	280947
12406	10196	268567	1900	2294	0	282957
12407	271963	6380	1293	2361	0	281997
12408	8519	3887	1326	266515	0	280247
12409	6127	1446	1326	271759	0	280658
12410	268324	1158	1309	9871	0	280662
12411	8797	1087	1321	246783	0	257988
12412	5846	259823	1916	6765	0	274350
12413	260825	6285	1434	4847	0	273391
12414	259887	4077	1480	2525	0	267969
12415	10172	259914	2034	2608	0	274728
12416	263870	6400	1520	2454	0	274244
12417	265991	4235	1552	2215	0	273993
12418	11492	1591	1335	257345	0	271763
12419	6616	2129	256738	7427	0	272910
12420	3808	255705	6938	5136	0	271587
12421	259615	6533	3987	2656	0	272791
12422	262314	4336	1427	2416	0	270493
12423	11992	2263	253691	2315	0	270261
12424	255715	1440	6439	2477	0	266071
12425	8793	2103	252641	2410	0	265947
12426	251743	1690	6809	2246	0	262488
12427	9063	1994	4264	243612	0	258933
12428	6280	2379	249359	7142	0	265160
12429	3714	2492	252812	4952	0	263970
12430	3970	2745	9146	243730	0	259591
12431	3984	2076	4312	246277	0	256649
12432	3613	2383	239844	9638	0	255478
12433	4280	1981	6309	240272	0	252842
12434	4153	2512	243117	7166	0	256948
12435	4457	1968	6849	239596	0	252870
12436	4535	2080	4432	232490	0	243537
12437	4093	234176	2649	9483	0	250401
12438	3979	234655	2401	5596	0	246631
12439	3975	244121	2528	3333	0	253957
12440	4295	9415	1761	237337	0	252808
12441	4205	4752	1933	243569	0	254459
12442	3570	2610	237004	10809	0	253993
12443	228269	1953	6697	6214	0	243133
12444	240987	2024	4476	3274	0	250761
12445	11513	234711	2809	2766	0	251799
12446	239007	6686	1923	2623	0	250239
12447	9477	4455	1897	233090	0	248919
12448	238658	1916	2108	7726	0	250408
12449	241170	1725	2082	5598	0	250575
12450	11982	1920	2016	233838	0	249756
12451	226223	1943	2090	7538	0	237794
12452	8288	220919	2648	5403	0	237258
12453	6232	226303	2574	2867	0	237976
12454	4482	9019	2163	206755	0	222419
12455	3994	224266	2750	6361	0	237371
12456	4367	6644	1856	215298	0	228165
12457	4534	4247	1727	219738	0	230246
12458	212774	2094	1774	8859	0	225501
12459	7641	208681	2537	5307	0	224166
12460	207144	5978	1933	2967	0	218022
12461	200608	3904	1945	2922	0	209379
12462	9340	200988	2360	3050	0	215738
12463	199778	5783	1815	2920	0	210296
12464	7831	3995	194813	2967	0	209606
12465	4649	184839	5744	2650	0	197882
12466	173391	4910	3445	2611	0	184357
12467	5251	2726	154789	1867	0	164633
12468	3023	138063	3576	1662	0	146324
12469	2102	141256	3143	1450	0	147951
12470	125217	3766	3000	1159	0	133142
12471	123249	1962	798	1009	0	127018
12472	123496	927	596	933	0	125952
12473	4200	121391	884	956	0	127431
12474	2505	2492	586	122648	0	128231
12475	122797	1813	657	2772	0	128039
12476	123919	887	642	2051	0	127499
12477	4179	772	573	121799	0	127323
12478	2387	1026	122822	2691	0	128926
12479	1438	1041	122770	1889	0	127138
12480	1339	773	3481	122033	0	127626
12481	1329	613	1831	125550	0	129323
12482	1309	872	123355	3878	0	129414
12483	1350	584	2550	117433	0	121917
12484	1210	121749	2076	2678	0	127713
12485	119199	2190	947	1838	0	124174
12486	2996	1677	763	117583	0	123019
12487	113150	544	650	2535	0	116879
12488	2381	113548	877	1987	0	118793
12489	1685	115568	845	1015	0	119113
12490	110804	2473	572	1017	0	114866
12491	2042	1479	107959	816	0	112296
12492	87268	951	1426	617	0	90262
12493	1282	90065	1142	494	0	92983
12494	1079	809	481	82054	0	84423
12495	81652	559	146	963	0	83320
12496	969	218	164	81274	0	82625
12497	82681	144	195	1050	0	84070
12498	81113	177	168	738	0	82196
12499	1171	84281	280	360	0	86092
12500	81814	537	78	290	0	82719
12501	636	80944	192	212	0	81984
12502	80786	549	130	226	0	81691
12503	777	376	113	80641	0	81907
12504	82300	133	187	679	0	83299
12505	611	151	71	83448	0	84281
12506	86113	127	55	749	0	87044
12507	87918	139	75	586	0	88718
12508	88980	125	69	278	0	89452
12509	89313	113	54	250	0	89730
12510	89858	103	49	266	0	90276
12511	929	99	55	90540	0	91623
12512	89032	94	74	664	0	89864
12513	638	87765	189	460	0	89052
12514	479	802	87564	214	0	89059
12515	298	399	485	86797	0	87979
12516	256	322	91255	582	0	92415
12517	283	157	513	93229	0	94182
12518	224	377	95050	790	0	96441
12519	90937	108	592	566	0	92203
12520	763	131	367	96014	0	97275
12521	458	302	95175	673	0	96608
12522	249	345	97839	538	0	98971
12523	250	289	852	99363	0	100754
12524	110342	95	447	950	0	111834
12525	809	117450	310	630	0	119199
12526	118771	866	96	360	0	120093
12527	118080	541	91	296	0	119008
12528	1381	118730	319	191	0	120621
12529	123882	841	96	471	0	125290
12530	1096	582	104	124351	0	126133
12531	771	204	93	124859	0	125927
12532	365	119	83	126325	0	126892
12533	124811	77	82	1567	0	126537
12534	979	127064	324	744	0	129111
12535	754	1030	72	128623	0	130479
12536	353	625	79	130337	0	131394
12537	129203	158	88	1881	0	131330
12538	1234	158	62	129783	0	131237
12539	815	453	131707	1397	0	134372
12540	297	137667	1361	932	0	140257
12541	139326	1437	762	420	0	141945
12542	1705	987	208	134413	0	137313
12543	1015	141871	392	1413	0	144691
12544	141127	1474	156	1057	0	143814
12545	1745	1235	141454	472	0	144906
12546	1009	141472	1724	364	0	144569
12547	143232	1536	925	357	0	146050
12548	1723	984	248	142080	0	145035
12549	1168	289	142	143028	0	144627
12550	436	611	141918	2436	0	145401
12551	473	231	1494	139648	0	141846
12552	320	503	149783	1847	0	152453
12553	310	538	142528	1187	0	144563
12554	362	478	148825	465	0	150130
12555	144793	242	2581	572	0	148188
12556	151344	138	1178	486	0	153146
12557	155911	153	383	436	0	156883
12558	2683	209	249	151252	0	154393
12559	1267	153254	506	1555	0	156582
12560	467	156676	480	1092	0	158715
12561	157439	2279	170	647	0	160535
12562	155786	1124	211	586	0	157707
12563	2307	158173	387	376	0	161243
12564	155942	1489	291	482	0	158204
12565	1763	1287	153633	432	0	157115
12566	1166	741	152887	403	0	155197
12567	582	286	2262	142817	0	145947
12568	502	206	1045	154350	0	156103
12569	403	541	153946	2291	0	157181
12570	395	224	1562	150267	0	152448
12571	151849	140	1091	1946	0	155026
12572	1574	510	152375	1130	0	155589
12573	144736	200	1611	587	0	147134
12574	1859	168	1009	152468	0	155504
12575	1239	464	157404	1702	0	160809
12576	470	159042	1851	1242	0	162605
12577	160306	1447	1064	695	0	163512
12578	1731	1477	156854	517	0	160579
12579	153687	329	1694	460	0	156170
12580	1877	260	1042	157665	0	160844
12581	157523	197	393	1860	0	159973
12582	1924	602	167110	1204	0	170840
12583	1441	211	1639	168907	0	172198
12584	175088	200	1095	2058	0	178441
12585	178303	228	478	1461	0	180470
12586	184473	189	352	736	0	185750
12587	185921	200	311	633	0	187065
12588	3235	221	322	179348	0	183126
12589	1806	241	332	179689	0	182068
12590	775	642	178539	3056	0	183012
12591	858	255	1913	176786	0	179812
12592	839	260	1293	174384	0	176776
12593	543	182210	776	3089	0	186618
12594	183132	2078	368	1798	0	187376
12595	187250	1276	361	995	0	189882
12596	3525	196083	737	710	0	201055
12597	1964	2706	363	194697	0	199730
12598	982	1529	310	198711	0	201532
12599	189686	402	344	4531	0	194963
12600	3062	691	199671	2382	0	205806
12601	2136	311	2808	201709	0	206964
12602	844	716	204975	3405	0	209940
12603	193473	309	3115	2318	0	199215
12604	205170	235	1802	1010	0	208217
12605	208255	220	568	829	0	209872
12606	4882	272	427	201481	0	207062
12607	2567	262	398	202601	0	205828
12608	200575	237	460	4724	0	205996
12609	3398	779	198931	2349	0	205457
12610	2316	302	2872	199687	0	205177
12611	201076	249	1774	3343	0	206442
12612	3463	280	562	202568	0	206873
12613	2178	711	210707	3477	0	217073
12614	980	753	205021	2206	0	208960
12615	196590	238	4302	1285	0	202415
12616	3094	208964	2435	924	0	215417
12617	213600	2611	715	1141	0	218067
12618	216633	1524	508	1069	0	219734
12619	4675	425	542	215519	0	221161
12620	2359	382	537	214890	0	218168
12621	1040	214034	841	4372	0	220287
12622	211132	2647	479	2371	0	216629
12623	3192	214584	805	1064	0	219645
12624	2010	209302	747	779	0	212838
12625	1180	3523	380	200831	0	205914
12626	200296	1491	457	3039	0	205283
12627	203770	475	371	2018	0	206634
12628	4279	306	322	200559	0	205466
12629	2248	305	306	197149	0	200008
12630	1173	305	305	198114	0	199897
12631	191445	194	328	4389	0	196356
12632	3012	750	194173	2239	0	200174
12633	1925	193909	2786	1105	0	199725
12634	193279	2172	1408	1168	0	198027
12635	2946	1529	531	193081	0	198087
12636	1853	834	193325	2801	0	198813
12637	1030	814	192425	1951	0	196220
12638	779	193263	3680	1069	0	198791
12639	847	196552	1920	894	0	200213
12640	1436	3269	1100	184601	0	190406
12641	733	174552	748	2135	0	178168
12642	833	1946	362	183983	0	187124
12643	763	1118	339	188988	0	191208
12644	187598	426	279	3348	0	191651
12645	2299	394	319	188367	0	191379
12646	1612	377	298	189828	0	192115
12647	865	830	186747	3155	0	191597
12648	906	346	1839	189177	0	192268
12649	187855	350	1235	2732	0	192172
12650	189977	336	493	1922	0	192728
12651	3205	196475	706	1039	0	201425
12652	191037	2060	325	1135	0	194557
12653	2809	1804	191113	1040	0	196766
12654	1815	191973	2494	994	0	197276
12655	1093	2341	1404	194839	0	199677
12656	951	1473	497	198271	0	201192
12657	929	600	461	199172	0	201162
12658	196458	422	471	4259	0	201610
12659	180836	520	920	2436	0	184712
12660	3623	889	193358	1101	0	198971
12661	2014	887	191100	1185	0	195186
12662	1258	935	195088	1117	0	198398
12663	1007	195296	3896	1070	0	201269
12664	957	199812	2082	1019	0	203870
12665	199162	3586	578	1261	0	204587
12666	199271	1708	533	1307	0	202819
12667	4109	620	537	201762	0	207028
12668	2237	504	552	198752	0	202045
12669	918	203912	994	4237	0	210061
12670	1277	2595	456	208467	0	212795
12671	1076	2222	205896	3336	0	212530
12672	919	207827	2949	2643	0	214338
12673	1017	2604	1785	208790	0	214196
12674	983	2266	213855	3118	0	220222
12675	1252	849	2678	194159	0	198938
12676	818	208928	2176	3001	0	214923
12677	214361	2849	638	2308	0	220156
12678	214555	2019	502	1445	0	218521
12679	222728	742	492	1436	0	225398
12680	4958	704	504	222307	0	228473
12681	2678	715	427	226546	0	230366
12682	223965	703	434	5312	0	230414
12683	3638	223277	966	2834	0	230715
12684	226949	3267	606	1484	0	232306
12685	3987	2672	236339	1083	0	244081
12686	236632	631	3743	1245	0	242251
12687	245586	518	2551	1294	0	249949
12688	6787	589	672	240092	0	248140
12689	249588	581	536	4432	0	255137
12690	253505	587	606	3326	0	258024
12691	7029	633	595	254588	0	262845
12692	3455	1044	253861	4395	0	262755
12693	232204	589	4170	3648	0	240611
12694	4486	1078	257754	1273	0	264591
12695	3094	261032	4548	997	0	269671
12696	1706	3825	3191	256415	0	265137
12697	955	2551	598	263469	0	267573
12698	276434	498	598	6531	0	284061
12699	4850	1055	281267	3306	0	290478
12700	3496	804	4703	250279	0	259282
12701	898	277583	3534	4324	0	286339
12702	775	277108	1191	3136	0	282210
12703	976	7399	617	275525	0	284517
12704	966	3742	276502	5199	0	286409
12705	1060	898	4859	276838	0	283655
12706	1077	668	3253	272853	0	277851
12707	892	1352	270386	7775	0	280405
12708	695	276209	5083	3893	0	285880
12709	263496	5010	3099	1650	0	273255
12710	4684	280182	1277	1569	0	287712
12711	3680	5071	762	269993	0	279506
12712	261972	3341	688	5377	0	271378
12713	4643	263143	1380	3812	0	272978
12714	3320	5511	265464	1429	0	275724
12715	250387	3373	4869	1410	0	260039
12716	5018	270581	3851	1138	0	280588
12717	270745	4987	866	1339	0	277937
12718	5703	3857	262131	1185	0	272876
12719	258609	983	4923	1317	0	265832
12720	5660	927	3462	260598	0	270647
12721	4030	1380	264096	5550	0	275056
12722	1703	1010	5028	249592	0	257333
12723	1402	258223	3729	5229	0	268583
12724	1585	5000	1041	262745	0	270371
12725	1610	3367	931	261040	0	266948
12726	1449	1543	258388	8184	0	269564
12727	1546	940	5185	259717	0	267388
12728	1594	1413	232225	6207	0	241439
12729	1386	260436	4813	4784	0	271419
12730	1728	5363	3065	257801	0	267957
12731	1822	4058	263252	5971	0	275103
12732	1488	262123	5956	4484	0	274051
12733	1587	270867	4165	2118	0	278737
12734	1683	8594	265933	1871	0	278081
12735	1865	4500	266466	1730	0	274561
12736	2074	1457	8296	259952	0	271779
12737	260782	1231	4142	6380	0	272535
12738	6242	260609	1948	4941	0	273740
12739	4828	6004	1290	254828	0	266950
12740	256845	3864	1237	6324	0	268270
12741	6665	259012	1947	4696	0	272320
12742	259579	5733	1338	2281	0	268931
12743	6961	265769	1790	2014	0	276534
12744	266474	5882	1260	1970	0	275586
12745	266668	4157	1386	2299	0	274510
12746	269589	1576	1314	2141	0	274620
12747	10247	278389	1982	2246	0	292864
12748	6030	6430	1593	279977	0	294030
12749	3246	4849	276750	7379	0	292224
12750	3008	276184	7186	5583	0	291961
12751	3351	6803	4565	268811	0	283530
12752	3606	4664	1907	271942	0	282119
12753	2873	2409	262805	9939	0	278026
12754	2722	257889	7097	5696	0	273404
12755	254133	6300	4887	2780	0	268100
12756	7294	256758	2508	2644	0	269204
12757	5418	6448	1723	253707	0	267296
12758	2562	4867	253683	7352	0	268464
12759	239347	1796	6841	5367	0	253351
12760	7024	1891	4491	256092	0	269498
12761	4449	2222	252681	7453	0	266805
12762	234789	2064	6966	5327	0	249146
12763	6475	246909	5159	3038	0	261581
12764	249878	6650	2352	2807	0	261687
12765	250841	4936	1510	3120	0	260407
12766	9460	1911	1560	247835	0	260766
12767	4757	2511	246873	7298	0	261439
12768	2320	245562	7064	5254	0	260200
12769	1967	7285	245032	2664	0	256948
12770	1875	5396	6422	236029	0	249722
12771	1912	2755	4462	245973	0	255102
12772	237962	2049	2000	9901	0	251912
12773	6289	2264	238005	5773	0	252331
12774	4251	232870	7264	2688	0	247073
12775	2311	6478	4371	229900	0	243060
12776	2242	4629	1680	236092	0	244643
12777	228031	2166	1720	8759	0	240676
12778	6458	230296	1834	4727	0	243315
12779	4839	6078	1188	221341	0	233446
12780	213962	4248	1268	6384	0	225862
12781	5386	213625	1917	4214	0	225142
12782	207069	5223	1064	1716	0	215072
12783	204888	3531	1398	1556	0	211373
12784	7565	200184	1818	1753	0	211320
12785	179922	4254	731	1176	0	186083
12786	4698	180545	1298	1020	0	187561
12787	178412	3999	895	1046	0	184352
12788	176938	2467	860	1122	0	181387
12789	5879	173953	1170	1164	0	182166
12790	165062	3636	520	1005	0	170223
12791	168592	2085	565	852	0	172094
12792	168983	907	452	955	0	171297
12793	5670	1044	163210	901	0	170825
12794	2690	917	154752	782	0	159141
12795	1082	833	156600	588	0	159103
12796	150950	1177	5583	735	0	158445
12797	3631	881	151132	734	0	156378
12798	1987	772	135095	513	0	138367
12799	1305	1140	3649	123816	0	129910
12800	126285	423	1830	2409	0	130947
12801	2592	634	128882	1549	0	133657
12802	1834	632	135978	632	0	139076
12803	959	424	3646	131992	0	137021
12804	838	363	1810	136372	0	139383
12805	777	383	595	138984	0	140739
12806	712	669	135440	3859	0	140680
12807	799	404	2495	135125	0	138823
12808	133754	430	1706	2813	0	138703
12809	2611	135757	905	1968	0	141241
12810	2022	2409	438	135242	0	140111
12811	983	1625	424	137879	0	140911
12812	789	859	137288	3794	0	142730
12813	674	135117	2802	1981	0	140574
12814	133956	2463	1716	882	0	139017
12815	2678	136879	954	723	0	141234
12816	2013	2685	526	135567	0	140791
12817	892	1926	135551	2775	0	141144
12818	956	590	2768	142113	0	146427
12819	878	500	1868	145202	0	148448
12820	144465	415	862	4521	0	150263
12821	3289	447	709	140809	0	145254
12822	2171	142763	963	3352	0	149249
12823	1040	150849	978	2270	0	155137
12824	748	4707	152491	1062	0	159008
12825	150473	2118	3406	909	0	156906
12826	3654	634	2242	154801	0	161331
12827	2537	477	792	156684	0	160490
12828	1183	482	698	158963	0	161326
12829	157559	454	645	5535	0	164193
12830	3501	159631	1039	2932	0	167103
12831	159685	3220	751	1301	0	164957
12832	3745	2304	153383	1000	0	160432
12833	2437	959	152631	979	0	157006
12834	155723	479	5033	1082	0	162317
12835	3918	522	2733	156751	0	163924
12836	2509	600	955	161356	0	165420
12837	1184	475	824	163768	0	166251
12838	822	729	160416	5579	0	167546
12839	157321	425	3551	2975	0	164272
12840	162717	408	2390	1430	0	166945
12841	159324	464	1005	1267	0	162060
12842	5495	803	721	155278	0	162297
12843	2655	728	152647	3845	0	159875
12844	1245	646	149814	2748	0	154453
12845	1064	704	157149	1453	0	160370
12846	897	150424	5208	1289	0	157818
12847	1709	2741	3081	135687	0	143218
12848	135120	1540	856	3000	0	140516
12849	2504	744	137114	2273	0	142635
12850	138326	350	2637	1367	0	142680
12851	2906	374	1913	139639	0	144832
12852	2109	512	819	138114	0	141554
12853	996	136272	841	4206	0	142315
12854	839	139127	902	2406	0	143274
12855	772	144110	1079	1251	0	147212
12856	958	3727	847	142128	0	147660
12857	141555	1767	838	2959	0	147119
12858	142413	646	738	2396	0	146193
12859	3976	856	140238	1398	0	146468
12860	137053	432	2717	1352	0	141554
12861	3313	688	140607	1248	0	145856
12862	2343	477	2825	139261	0	144906
12863	1173	688	140857	3033	0	145751
12864	137287	429	2879	2380	0	142975
12865	2980	602	2129	137589	0	143300
12866	2106	751	147051	2803	0	152711
12867	1109	687	140532	2124	0	144452
12868	137439	477	3966	1447	0	143329
12869	144359	470	2178	1330	0	148337
12870	3899	147324	1296	1304	0	153823
12871	2307	2259	966	149572	0	155104
12872	1186	1893	149398	2853	0	155330
12873	1072	977	148427	2263	0	152739
12874	1239	882	3743	148361	0	154225
12875	149423	533	2326	3158	0	155440
12876	2602	149042	1323	2310	0	155277
12877	2261	2303	829	150709	0	156102
12878	151079	1675	695	3069	0	156518
12879	2854	720	738	150166	0	154478
12880	2117	151458	1130	3032	0	157737
12881	1362	2197	869	153906	0	158334
12882	150484	1641	892	2914	0	155931
12883	3123	677	800	153704	0	158304
12884	153665	467	862	3133	0	158127
12885	2828	154365	1318	2411	0	160922
12886	154614	2191	1050	1454	0	159309
12887	3030	1783	151823	1265	0	157901
12888	146358	657	2833	1265	0	151113
12889	153537	599	2119	1269	0	157524
12890	3946	154807	1380	1134	0	161267
12891	2418	2429	970	150395	0	156212
12892	1391	1778	151120	2438	0	156727
12893	1081	845	146349	2138	0	150413
12894	138219	1227	3505	1386	0	144337
12895	137817	573	1773	1113	0	141276
12896	2882	140346	997	1033	0	145258
12897	1768	142111	819	905	0	145603
12898	139132	2511	778	867	0	143288
12899	2103	139231	992	756	0	143082
12900	1643	143476	964	804	0	146887
12901	1213	2248	701	140862	0	145024
12902	908	1219	499	137322	0	139948
12903	800	778	138119	2957	0	142654
12904	858	435	1696	137952	0	140941
12905	136049	351	1393	2265	0	140058
12906	2158	613	137641	1612	0	142024
12907	1765	710	138083	902	0	141460
12908	1217	443	2469	134525	0	138654
12909	1003	411	1420	140436	0	143270
12910	1035	385	735	140508	0	142663
12911	840	738	138503	2658	0	142739
12912	855	489	1761	133868	0	136973
12913	887	489	1328	139603	0	142307
12914	137304	378	674	2473	0	140829
12915	1667	136707	814	1425	0	140613
12916	135764	1236	584	758	0	138342
12917	1854	1223	136854	700	0	140631
12918	117687	326	1088	632	0	119733
12919	1152	131366	1055	513	0	134086
12920	123285	587	393	418	0	124683
12921	722	123703	390	359	0	125174
12922	118377	652	383	370	0	119782
12923	477	115774	212	188	0	116651
12924	424	114048	338	200	0	115010
12925	822	723	589	112931	0	115065
12926	113369	209	193	446	0	114217
12927	113127	62	50	350	0	113589
12928	113099	69	83	295	0	113546
12929	501	391	111558	203	0	112653
12930	288	328	110365	143	0	111124
12931	178	127	438	112168	0	112911
12932	79	115314	353	361	0	116107
12933	106	117876	216	299	0	118497
12934	152	506	32	112165	0	112855
12935	112809	240	47	419	0	113515
12936	112391	84	63	417	0	112955
12937	112987	68	45	251	0	113351
12938	581	316	112510	149	0	113556
12939	393	79	343	113567	0	114382
12940	159	341	115820	428	0	116748
12941	114243	55	397	460	0	115155
12942	117780	58	319	311	0	118468
12943	718	322	118163	106	0	119309
12944	442	69	405	117880	0	118796
12945	118998	79	300	752	0	120129
12946	528	83	92	122714	0	123417
12947	430	82	78	124249	0	124839
12948	244	149	81	129744	0	130218
12949	137443	53	68	1382	0	138946
12950	1044	75	69	146487	0	147675
12951	150039	68	81	1460	0	151648
12952	1320	164513	303	983	0	167119
12953	1037	1642	93	174814	0	177586
12954	380	974	87	176082	0	177523
12955	338	180	84	170365	0	170967
12956	173453	101	93	3051	0	176698
12957	1974	97	116	172970	0	175157
12958	1456	107	84	160172	0	161819
12959	175052	102	81	2919	0	178154
12960	176343	111	91	1418	0	177963
12961	175281	139	126	571	0	176117
12962	3250	418	171429	361	0	175458
12963	1596	386	162281	401	0	164664
12964	170076	120	2852	488	0	173536
12965	2245	98	1205	172113	0	175661
12966	1546	135	248	158631	0	160560
12967	170329	81	163	3257	0	173830
12968	167191	119	183	1629	0	169122
12969	159996	165	172	623	0	160956
12970	2981	163156	386	435	0	166958
12971	165261	1804	139	463	0	167667
12972	156803	1179	167	493	0	158642
12973	3140	162393	315	386	0	166234
12974	1478	160117	393	387	0	162375
12975	918	2716	179	150572	0	154385
12976	167356	1160	206	1818	0	170540
12977	167506	213	182	1330	0	169231
12978	165787	179	137	584	0	166687
12979	3448	181	120	162304	0	166053
12980	163833	148	184	2260	0	166425
12981	2468	454	162682	1390	0	166994
12982	157297	220	1971	686	0	160174
12983	2407	414	164809	469	0	168099
12984	1624	495	158225	508	0	160852
12985	831	208	2760	157573	0	161372
12986	159204	189	1524	2318	0	163235
12987	2141	192	311	160172	0	162816
12988	1556	495	162519	2349	0	166919
12989	778	495	161584	1635	0	164492
12990	830	186	2851	155915	0	159782
12991	156432	185	1321	2437	0	160375
12992	2131	163112	588	1764	0	167595
12993	1718	1786	346	165325	0	169175
12994	1017	1151	286	167045	0	169499
12995	869	545	169622	3308	0	174344
12996	855	627	164852	1829	0	168163
12997	913	209	3083	167551	0	171756
12998	168015	179	1464	2724	0	172382
12999	2646	585	167221	2046	0	172498
13000	2099	276	1990	165460	0	169825
13001	1244	339	1300	167055	0	169938
13002	1118	356	510	166581	0	168565
13003	162332	346	466	4226	0	167370
13004	2862	774	142216	2828	0	148680
13005	2184	162862	1871	1788	0	168705
13006	1474	2033	1090	165053	0	169650
13007	1510	1680	163642	3306	0	170138
13008	1538	162104	2406	2659	0	168707
13009	1621	166421	1852	1710	0	171604
13010	166234	3154	691	1586	0	171665
13011	3463	166987	940	1657	0	173047
13012	169018	2329	734	1814	0	173895
13013	3563	1922	166433	2001	0	173919
13014	2936	690	2417	169491	0	175534
13015	169631	476	1680	4354	0	176141
13016	3798	171616	1011	3712	0	180137
13017	3345	2679	170953	2591	0	179568
13018	3037	1760	2493	151742	0	159032
13019	2577	173516	2089	3248	0	181430
13020	2758	2714	807	177597	0	183876
13021	177623	1949	915	3893	0	184380
13022	4402	180670	1350	3001	0	189423
13023	183220	2762	954	2109	0	189045
13024	184555	1921	951	2020	0	189447
13025	6064	1208	182085	1951	0	191308
13026	4229	188841	3445	1710	0	198225
13027	3242	3210	2202	197324	0	205978
13028	3161	2495	204572	4082	0	214310
13029	3160	1391	222672	2747	0	229970
13030	3147	1287	6119	227978	0	238531
13031	235730	769	3385	4829	0	244713
13032	234519	972	1585	3433	0	240509
13033	8570	968	1096	235122	0	245756
13034	4794	1430	238124	5524	0	249872
13035	2579	238443	5265	3873	0	250160
13036	243551	4810	3082	2030	0	253473
13037	243985	3024	1285	1671	0	249965
13038	8491	244137	1773	1478	0	255879
13039	247781	4779	1151	1503	0	255214
13040	6607	3647	241155	1306	0	252715
13041	239720	999	5218	1634	0	247571
13042	227135	938	3978	1673	0	233724
13043	7482	1402	240737	1398	0	251019
13044	4484	761	5446	235345	0	246036
13045	2229	909	239435	5491	0	248064
13046	1829	230120	6214	3882	0	242045
13047	1583	234069	4434	2069	0	242155
13048	2188	7707	1983	218910	0	230788
13049	1474	2994	222119	4804	0	231391
13050	868	209139	4620	2963	0	217590
13051	655	206374	2996	1204	0	211229
13052	184378	5165	1915	1354	0	192812
13053	184958	1902	594	582	0	188036
13054	4395	568	338	185355	0	190656
13055	2203	359	367	179344	0	182273
13056	631	186597	726	4099	0	192053
13057	182920	2807	403	2134	0	188264
13058	187044	1724	368	851	0	189987
13059	4326	187466	653	637	0	193082
13060	2293	2890	269	188380	0	193832
13061	859	2238	187986	3087	0	194170
13062	759	580	2863	188550	0	192752
13063	190327	479	1761	3376	0	195943
13064	3284	494	518	191808	0	196104
13065	2308	450	385	195085	0	198228
13066	194502	405	385	4758	0	200050
13067	3473	412	425	188386	0	192696
13068	2086	193301	838	3236	0	199461
13069	1078	3001	454	196440	0	200973
13070	1008	1847	405	198776	0	202036
13071	930	680	454	191282	0	193346
13072	663	195796	906	4717	0	202082
13073	879	3224	488	195479	0	200070
13074	716	2480	193050	3591	0	199837
13075	882	848	3131	192351	0	197212
13076	835	1114	192561	3827	0	198337
13077	759	190296	3716	2580	0	197351
13078	1034	3320	2132	192941	0	199427
13079	1110	2093	736	194990	0	198929
13080	1135	845	704	196481	0	199165
13081	1130	668	661	196099	0	198558
13082	949	1210	190762	5581	0	198502
13083	845	189997	3723	3032	0	197597
13084	1089	3417	2125	192106	0	198737
13085	1053	2732	194961	3810	0	202556
13086	1226	932	3560	196446	0	202164
13087	196507	770	2465	4327	0	204069
13088	3907	1212	192342	2944	0	200405
13089	190995	711	3650	1501	0	196857
13090	4494	789	2443	196053	0	203779
13091	3053	1171	196760	4456	0	205440
13092	1506	193669	4228	3318	0	202721
13093	1631	3706	2515	192760	0	200612
13094	1508	2903	198278	4311	0	207000
13095	1278	196749	4413	3043	0	205483
13096	1552	3974	2645	197062	0	205233
13097	198022	2759	1179	4463	0	206423
13098	201498	1235	1093	3236	0	207062
13099	204707	1088	980	1816	0	208591
13100	6489	1426	200495	1648	0	210058
13101	3492	203253	4574	1414	0	212733
13102	2008	4222	2851	202951	0	212032
13103	1656	2954	1177	215463	0	221250
13104	219186	1175	1127	6841	0	228329
13105	4758	224468	1547	3710	0	234483
13106	228193	4890	896	2048	0	236027
13107	226610	3326	988	1964	0	232888
13108	229859	1528	999	1963	0	234349
13109	7541	1739	225771	1805	0	236856
13110	226582	1163	4846	1857	0	234448
13111	5886	1183	3047	228152	0	238268
13112	4092	1118	1007	230670	0	236887
13113	225918	935	882	7967	0	235702
13114	5604	987	758	221797	0	229146
13115	3575	221097	1350	5881	0	231903
13116	1915	4805	678	220503	0	227901
13117	213694	3091	689	6105	0	223579
13118	5167	1647	212656	4397	0	223867
13119	3395	210266	5073	2302	0	221036
13120	1937	4644	2806	207715	0	217102
13121	206991	2937	945	5641	0	216514
13122	4908	1517	204779	4017	0	215221
13123	3758	3576	4621	199544	0	211499
13124	2013	1202	201115	5506	0	209836
13125	1836	1075	194828	3909	0	201648
13126	1853	985	191220	2061	0	196119
13127	1507	954	186720	1754	0	190935
13128	1346	1139	177229	1509	0	181223
13129	145341	2419	7122	1268	0	156150
13130	2620	148179	2521	957	0	154277
13131	143601	1935	826	684	0	147046
13132	142194	1344	573	611	0	144722
13133	3325	141704	729	556	0	146314
13134	1641	143804	734	577	0	146756
13135	143437	2997	652	687	0	147773
13136	143175	1411	397	639	0	145622
13137	3399	512	355	136186	0	140452
13138	1765	140406	658	1958	0	144787
13139	141702	1897	337	1624	0	145560
13140	2168	141789	718	668	0	145343
13141	1807	2113	406	141016	0	145342
13142	142556	1388	377	2209	0	146530
13143	142395	492	375	1716	0	144978
13144	3385	422	383	141635	0	145825
13145	1963	372	360	142769	0	145464
13146	874	724	140753	3247	0	145598
13147	841	432	2057	138949	0	142279
13148	695	741	141217	2388	0	145041
13149	903	311	2155	134567	0	137936
13150	809	331	1556	137548	0	140244
13151	136622	281	594	3450	0	140947
13152	135867	375	534	1964	0	138740
13153	3351	717	134801	749	0	139618
13154	131950	351	2162	813	0	135276
13155	2622	355	1575	134542	0	139094
13156	1864	732	136293	2344	0	141233
13157	1113	353	2237	136296	0	139999
13158	1015	380	1552	145228	0	148175
13159	859	718	145208	3635	0	150420
13160	918	402	2524	147224	0	151068
13161	878	677	152790	2778	0	157123
13162	888	468	2772	157546	0	161674
13163	166944	373	1929	3300	0	172546
13164	3326	170972	1100	2548	0	177946
13165	173838	3073	648	1115	0	178674
13166	3525	177855	1106	953	0	183439
13167	175056	3344	534	1021	0	179955
13168	3702	175706	1051	791	0	181250
13169	172896	3349	670	973	0	177888
13170	3631	175912	1052	922	0	181517
13171	2877	3572	549	174343	0	181341
13172	1238	2706	175244	3489	0	182677
13173	1090	1311	174181	2425	0	179007
13174	1241	711	5020	172615	0	179587
13175	173252	564	2633	3670	0	180119
13176	3739	176903	1326	2811	0	184779
13177	2988	3454	617	177496	0	184555
13178	1167	2749	178959	3829	0	186704
13179	996	1159	181985	2867	0	187007
13180	1284	1101	5447	165552	0	173384
13181	808	181330	3223	3486	0	188847
13182	179161	3370	1089	2695	0	186315
13183	3778	2833	185428	1239	0	193278
13184	2772	1218	182577	1090	0	187657
13185	956	184196	5737	1028	0	191917
13186	181989	3480	3327	1187	0	189983
13187	184278	2311	1082	1004	0	188675
13188	5432	858	845	181672	0	188807
13189	185309	668	781	3627	0	190385
13190	180780	569	874	2628	0	184851
13191	5099	181849	1381	1110	0	189439
13192	182360	3153	976	1002	0	187491
13193	3938	2758	185705	787	0	193188
13194	2984	821	3423	180391	0	187619
13195	1583	738	2463	182289	0	187073
13196	179561	587	973	5092	0	186213
13197	3475	180306	1250	2940	0	187971
13198	178506	3247	762	1129	0	183644
13199	3691	183532	969	951	0	189143
13200	2516	182235	964	934	0	186649
13201	1584	4769	177439	867	0	184659
13202	1260	3092	172812	988	0	178152
13203	156579	1841	4565	890	0	163875
13204	162134	811	2189	733	0	165867
13205	3652	950	157326	509	0	162437
13206	1865	152457	2299	485	0	157106
13207	828	156912	1775	501	0	160016
13208	153825	3078	946	592	0	158441
13209	153661	1744	574	563	0	156542
13210	3362	768	432	154729	0	159291
13211	158518	552	437	2162	0	161669
13212	2526	510	484	157943	0	161463
13213	1737	877	157438	2229	0	162281
13214	871	888	151785	1634	0	155178
13215	152443	511	3096	891	0	156941
13216	2423	529	1683	152858	0	157493
13217	1781	166512	1015	1863	0	171171
13218	168826	2018	584	1593	0	173021
13219	168331	1569	589	878	0	171367
13220	3328	1154	169284	649	0	174415
13221	167905	535	2176	733	0	171349
13222	175175	483	1648	669	0	177975
13223	3667	514	717	171597	0	176495
13224	2126	172363	979	2083	0	177551
13225	1086	177469	1023	1679	0	181257
13226	1150	3404	570	180375	0	185499
13227	1194	1919	556	177564	0	181233
13228	1190	786	492	181555	0	184023
13229	1109	1109	177415	3787	0	183420
13230	1073	1088	172220	2016	0	176397
13231	1200	628	3578	172579	0	177985
13232	1003	1118	176341	2525	0	180987
13233	1072	1055	174430	1889	0	178446
13234	1115	701	3682	169420	0	174918
13235	1164	993	183163	2693	0	188013
13236	815	181834	3156	2159	0	187964
13237	189608	2546	2086	1283	0	195523
13238	2956	2023	928	187274	0	193181
13239	2272	190879	1186	2670	0	197007
13240	1197	3100	195167	2057	0	201521
13241	1116	1926	2903	194193	0	200138
13242	942	1313	203809	2872	0	208936
13243	1119	610	3086	201746	0	206561
13244	1136	592	2217	209135	0	213080
13245	1015	1099	214330	4670	0	221114
13246	1112	699	3219	207171	0	212201
13247	831	213198	2983	3313	0	220325
13248	1097	3011	1007	219032	0	224147
13249	1007	2916	218761	3509	0	226193
13250	1188	866	3141	216959	0	222154
13251	212441	580	2469	3819	0	219309
13252	3146	217279	1514	3210	0	225149
13253	2700	3189	885	217950	0	224724
13254	1234	2921	221419	3361	0	228935
13255	856	217179	3581	2969	0	224585
13256	857	220595	2854	1274	0	225580
13257	1207	5042	213881	1186	0	221316
13258	1120	2667	2942	205043	0	211772
13259	1090	1336	2212	206840	0	211478
13260	1021	1049	205953	4741	0	212764
13261	628	197907	3029	2664	0	204228
13262	612	198895	2401	1011	0	202919
13263	183403	2866	780	874	0	187923
13264	1652	186013	894	625	0	189184
13265	184088	1703	475	799	0	187065
13266	1890	1318	336	178637	0	182181
13267	187093	417	414	2279	0	190203
13268	1775	930	188645	1640	0	192990
13269	184838	351	1761	851	0	187801
13270	2011	370	1393	190720	0	194494
13271	1440	194437	904	1898	0	198679
13272	196389	1710	355	1786	0	200240
13273	1969	2244	422	195636	0	200271
13274	1407	200065	775	1979	0	204226
13275	479	208638	728	1715	0	211560
13276	204551	2599	589	830	0	208569
13277	206720	1317	327	755	0	209119
13278	208913	429	301	667	0	210310
13279	2858	351	292	201568	0	205069
13280	1385	199076	682	1890	0	203033
13281	438	203962	751	1525	0	206676
13282	498	2620	278	203281	0	206677
13283	199709	1427	308	2153	0	203597
13284	192039	517	431	1755	0	194742
13285	198164	351	293	908	0	199716
13286	2871	903	196751	454	0	200979
13287	1588	1026	194603	513	0	197730
13288	205534	418	2615	737	0	209304
13289	2062	382	1417	206838	0	210699
13290	1677	367	417	209740	0	212201
13291	796	347	312	207452	0	208907
13292	642	339	342	209346	0	210669
13293	463	1041	203046	3271	0	207821
13294	583	453	1791	201941	0	204768
13295	507	1002	202084	2422	0	206015
13296	185169	402	1997	2155	0	189723
13297	1867	202877	1905	915	0	207564
13298	1674	1807	566	207420	0	211467
13299	723	1458	474	205169	0	207824
13300	202600	544	426	3452	0	207022
13301	201407	453	443	2163	0	204466
13302	201766	462	425	1180	0	203833
13303	201204	513	496	1077	0	203290
13304	3240	1039	201503	829	0	206611
13305	1871	1033	197527	813	0	201244
13306	988	503	2895	199937	0	204323
13307	202495	404	1642	2482	0	207023
13308	200012	480	670	2137	0	203299
13309	3126	1037	199927	1201	0	205291
13310	2002	462	1917	195388	0	199769
13311	196760	403	1535	2543	0	201241
13312	2172	470	641	197839	0	201122
13313	1781	1083	201060	2648	0	206572
13314	1028	535	1957	200618	0	204138
13315	202337	500	1523	2729	0	207089
13316	2056	217083	1181	2039	0	222359
13317	216360	1888	519	1397	0	220164
13318	218301	1524	542	1377	0	221744
13319	220432	616	535	1166	0	222749
13320	3547	546	446	218587	0	223126
13321	215436	520	439	2478	0	218873
13322	2205	224898	959	1868	0	229930
13323	1835	231957	923	1029	0	235744
13324	1281	3821	480	228531	0	234113
13325	230535	1873	430	2738	0	235576
13326	2635	241703	871	2191	0	247400
13327	291621	2736	425	1248	0	296030
13328	310552	2172	452	1260	0	314436
13329	7499	329074	1110	1022	0	338705
13330	4423	5438	479	331768	0	342108
13331	2032	3457	357	339740	0	345586
13332	1573	2108	337688	8324	0	349693
13333	1853	817	5379	334776	0	342825
13334	1555	1649	339595	6784	0	349583
13335	1305	329257	6530	4601	0	341693
13336	1643	5915	3406	333498	0	344462
13337	321670	3386	1353	6944	0	333353
13338	327207	1041	954	4807	0	334009
13339	8959	1028	1041	326031	0	337059
13340	4157	1795	320053	6842	0	332847
13341	294819	861	5783	4946	0	306409
13342	5998	310916	4093	2173	0	323180
13343	3849	311211	1661	2043	0	318764
13344	1909	317322	1415	1727	0	322373
13345	2296	8766	1051	301766	0	313879
13346	1631	4391	308682	5984	0	320688
13347	1750	1557	5308	307240	0	315855
13348	1406	1996	310398	5757	0	319557
13349	1149	2050	306634	3680	0	313513
13350	1180	2027	315017	1820	0	320044
13351	1484	1343	8276	295546	0	306649
13352	1213	1099	3793	315104	0	321209
13353	1018	960	1977	318445	0	322400
13354	1042	974	1687	315855	0	319558
13355	311887	629	1684	8960	0	323160
13356	4943	311189	2349	4646	0	323127
13357	312273	5064	1464	2665	0	321466
13358	5417	318924	1856	2427	0	328624
13359	3720	5432	1127	318377	0	328656
13360	1759	3150	908	330423	0	336240
13361	325015	1221	736	9255	0	336227
13362	330150	1008	782	4966	0	336906
13363	333702	1271	714	2471	0	338158
13364	331485	1170	593	2448	0	335696
13365	328468	1180	510	2338	0	332496
13366	8770	324428	1099	2033	0	336330
13367	313887	5316	556	2183	0	321942
13368	6749	314722	1191	1678	0	324340
13369	311709	5585	719	1704	0	319717
13370	7187	3999	309277	1489	0	321952
13371	5138	1941	4807	297038	0	308924
13372	2702	312952	3635	4933	0	324222
13373	2431	5665	996	312768	0	321860
13374	2576	4336	308205	5903	0	321020
13375	2434	1814	5244	300535	0	310027
13376	294339	1448	3240	6727	0	305754
13377	5707	299987	2331	4683	0	312708
13378	3505	305775	1894	2895	0	314069
13379	2145	8805	306914	2564	0	320428
13380	1857	4216	5608	295323	0	307004
13381	2570	313497	4330	6221	0	326618
13382	1784	5905	1586	320440	0	329715
13383	1708	4518	320262	6717	0	333205
13384	1490	315428	6527	5270	0	328715
13385	1768	6923	315434	2773	0	326898
13386	2031	5068	312683	2252	0	322034
13387	1981	2242	7719	308214	0	320156
13388	313442	1909	4030	6634	0	326015
13389	5993	1832	2130	315927	0	325882
13390	3918	2699	317365	6697	0	330679
13391	2104	2186	6328	322938	0	333556
13392	1523	2761	335694	6983	0	346961
13393	1612	2511	329877	4819	0	338819
13394	325758	1608	9103	3694	0	340163
13395	348304	1292	5059	3317	0	357972
13396	351019	1129	2980	3451	0	358579
13397	9128	1955	344859	3035	0	358977
13398	4695	1981	347742	2683	0	357101
13399	2844	1013	10079	338231	0	352167
13400	2710	1128	5493	348635	0	357966
13401	346470	1104	2605	10079	0	360258
13402	7625	1076	2225	350819	0	361745
13403	4841	1934	350675	7910	0	365360
13404	2787	1989	345805	5554	0	356135
13405	2249	350985	10367	3290	0	366891
13406	2844	6184	4904	353660	0	367592
13407	2579	5007	359968	7527	0	375081
13408	2705	1647	7214	354105	0	365671
13409	354411	1239	4907	8631	0	369188
13410	7123	2165	362730	5775	0	377793
13411	5346	1243	7305	360422	0	374316
13412	3193	1377	4819	368955	0	378344
13413	2487	2316	358654	10365	0	373822
13414	3099	1252	7347	352924	0	364622
13415	2343	2263	356587	8400	0	369593
13416	326591	1253	7589	5949	0	341382
13417	7430	1264	5188	328760	0	342642
13418	4723	334239	3652	7533	0	350147
13419	332477	6081	2065	5813	0	346436
13420	331103	3723	2421	3396	0	340643
13421	9584	332278	2997	3115	0	347974
13422	8078	22792	2580	285684	0	319134
13423	2491	312472	2337	5641	0	322941
13424	2184	314281	1791	4299	0	322555
13425	5859	9583	295220	2390	0	313052
13426	2300	293217	6302	2400	0	304219
13427	2459	6106	236012	2092	0	246669
13428	186634	2880	3006	1171	0	193691
13429	192349	466	1400	755	0	194970
13430	2459	201115	824	636	0	205034
13431	1296	201489	671	560	0	204016
13432	478	204538	762	480	0	206258
13433	205939	2634	441	604	0	209618
13434	2082	1330	450	209057	0	212919
13435	1461	1051	222328	2213	0	227053
13436	494	222354	2567	1704	0	227119
13437	546	2258	1572	226903	0	231279
13438	715	1686	550	213836	0	216787
13439	305	251394	915	3453	0	256067
13440	270047	3358	436	1968	0	275809
13441	4280	2689	277939	890	0	285798
13442	3052	828	4554	322794	0	331228
13443	598	380099	3164	6126	0	389987
13444	377906	7554	777	3536	0	389773
13445	8003	4532	377777	1487	0	391799
13446	3930	370684	8154	1207	0	383975
13447	1544	7923	3929	368921	0	382317
13448	901	4600	372030	7855	0	385386
13449	355214	1141	8197	4225	0	368777
13450	8419	777	4007	365373	0	378576
13451	4436	1708	367230	8114	0	381488
13452	1181	365959	9205	4840	0	381185
13453	355879	8052	4178	1639	0	369748
13454	7594	369129	2109	1246	0	380078
13455	369280	8500	1086	1322	0	380188
13456	371119	4411	827	1266	0	377623
13457	12090	1572	801	355078	0	369541
13458	5029	348167	1729	8038	0	362963
13459	1879	8359	353862	4438	0	368538
13460	1707	4291	8080	351761	0	365839
13461	1983	2350	4863	326738	0	335934
13462	1783	1067	1618	357961	0	362429
13463	2095	861	1032	359369	0	363357
13464	1703	950	1075	359744	0	363472
13465	348613	1126	1187	12870	0	363796
13466	344918	1148	1208	5801	0	353075
13467	336432	1089	1143	2623	0	341287
13468	11592	334308	1852	2490	0	350242
13469	5433	8247	344562	1821	0	360063
13470	2219	4836	349921	1808	0	358784
13471	1677	2282	354796	1779	0	360534
13472	1966	1661	12770	329845	0	346242
13473	1855	1256	5626	344307	0	353044
13474	1996	1186	1978	346475	0	351635
13475	1444	1715	339056	13381	0	355596
13476	1279	329465	9751	7223	0	347718
13477	1534	8790	337638	2983	0	350945
13478	1712	5111	341852	2307	0	350982
13479	2676	1873	12540	325693	0	342782
13480	2040	2201	337857	9435	0	351533
13481	2190	1680	9831	326196	0	339897
13482	322298	1708	5739	10008	0	339753
13483	325146	1591	2766	5770	0	335273
13484	12864	2044	320815	2744	0	338467
13485	6445	1623	9755	313580	0	331403
13486	3042	2096	322617	10104	0	337859
13487	2040	319648	10724	6706	0	339118
13488	317067	9228	5953	3356	0	335604
13489	10029	5995	320452	2653	0	339129
13490	5843	309575	10615	2717	0	328750
13491	2633	309558	6752	2789	0	321732
13492	2328	305176	4163	2986	0	314653
13493	2709	13194	289353	2924	0	308180
13494	3272	7480	9984	261772	0	282508
13495	2516	282612	6203	9060	0	300391
13496	3089	9461	3170	280415	0	296135
13497	3243	5713	2715	285847	0	297518
13498	274240	2611	2681	13258	0	292790
13499	8940	275636	3729	7305	0	295610
13500	271819	9099	2795	3867	0	287580
13501	9514	270595	3288	3760	0	287157
13502	5865	277167	3334	3297	0	289663
13503	3583	12517	269944	3369	0	289413
13504	3481	6823	9304	264160	0	283768
13505	2731	3899	268378	9860	0	284868
13506	2629	259156	10190	7652	0	279627
13507	2891	8992	263610	4105	0	279598
13508	2997	5460	264612	4132	0	277201
13509	2522	261410	12654	3923	0	280509
13510	251162	8747	6353	4214	0	270476
13511	8603	259794	4376	4398	0	277171
13512	259502	9584	3658	3980	0	276724
13513	9604	5934	258638	4092	0	278268
13514	5936	2906	262657	4109	0	275608
13515	2774	256091	13697	3910	0	276472
13516	252892	8992	6558	3795	0	272237
13517	9056	258231	4767	3504	0	275558
13518	6258	9170	3939	254562	0	273929
13519	258456	5549	3910	9153	0	277068
13520	9151	3595	258586	5856	0	277188
13521	5664	2834	10882	257981	0	277361
13522	256114	2609	6762	9879	0	275364
13523	9053	256467	4701	6578	0	276799
13524	6012	9179	3454	255916	0	274561
13525	3139	5775	256911	10373	0	276198
13526	252836	2593	10345	6555	0	272329
13527	9009	2517	6809	257185	0	275520
13528	4800	3007	256326	10143	0	274276
13529	2979	2487	10263	244129	0	259858
13530	2406	250717	7110	10478	0	270711
13531	2679	9142	252674	6717	0	271212
13532	3350	4986	9350	245464	0	263150
13533	240308	2503	5884	9044	0	257739
13534	9916	2295	3525	236906	0	252642
13535	220494	2237	3106	8384	0	234221
13536	8423	220535	3539	4776	0	237273
13537	216696	8150	3470	2595	0	230911
13538	7653	5273	213116	2606	0	228648
13539	4645	2771	191375	2042	0	200833
13540	2365	2134	167408	1722	0	173629
13541	2083	154615	10757	2014	0	169469
13542	5558	2123	10185	52780	0	70646
13543	390	633	815	52024	0	53862
13544	227	300	244	51080	0	51851
13545	206	196	235	52345	0	52982
13546	153	275	51338	1196	0	52962
13547	45639	174	770	766	0	47349
13548	673	51633	641	295	0	53242
13549	50225	646	264	244	0	51379
13550	763	530	185	49984	0	51462
13551	550	51448	218	672	0	52888
13552	296	722	191	51937	0	53146
13553	51313	525	196	776	0	52810
13554	652	53450	265	515	0	54882
13555	53393	650	175	251	0	54469
13556	53146	499	197	215	0	54057
13557	1033	242	172	53518	0	54965
13558	578	285	53458	715	0	55036
13559	51314	238	696	575	0	52823
13560	684	166	513	55000	0	56363
13561	55691	125	211	775	0	56802
13562	57284	142	167	623	0	58216
13563	57289	132	159	307	0	57887
13564	1194	219	57624	208	0	59245
13565	657	218	620	56301	0	57796
13566	56873	106	577	749	0	58305
13567	731	217	60247	617	0	61812
13568	582	60347	715	260	0	61904
13569	383	795	527	55921	0	57626
13570	205	590	59865	611	0	61271
13571	192	250	58966	516	0	59924
13572	273	464	913	57523	0	59173
13573	221	122	589	59980	0	60912
13574	194	95	156	60414	0	60859
13575	207	98	123	59825	0	60253
13576	168	217	59260	1005	0	60650
13577	154	59785	642	559	0	61140
13578	201	507	455	60134	0	61297
13579	60522	398	197	642	0	61759
13580	59244	117	141	582	0	60084
13581	60103	89	130	301	0	60623
13582	972	120	111	59381	0	60584
13583	568	194	114	58462	0	59338
13584	202	56167	208	872	0	57449
13585	165	57803	185	489	0	58642
13586	442	948	191	56052	0	57633
13587	55253	504	212	746	0	56715
13588	54904	80	98	470	0	55552
13589	54661	65	84	255	0	55065
13590	54815	75	72	215	0	55177
13591	55225	74	86	262	0	55647
13592	629	55460	175	188	0	56452
13593	388	355	88	56371	0	57202
13594	58533	287	92	536	0	59448
13595	58997	83	88	464	0	59632
13596	699	151	73	58580	0	59503
13597	435	61	85	59364	0	59945
13598	188	248	60086	662	0	61184
13599	216	79	368	58438	0	59101
13600	201	77	295	60409	0	60982
13601	184	244	62526	667	0	63621
13602	212	100	330	61155	0	61797
13603	153	63152	357	539	0	64201
13604	187	482	62404	422	0	63495
13605	159	63926	429	222	0	64736
13606	202	397	291	62598	0	63488
13607	202	277	128	62727	0	63334
13608	119	63050	174	587	0	63930
13609	126	63495	196	344	0	64161
13610	64028	481	81	299	0	64889
13611	63572	299	80	246	0	64197
13612	577	261	63698	179	0	64715
13613	64350	88	357	414	0	65209
13614	69075	64	279	363	0	69781
13615	69525	65	103	288	0	69981
13616	68726	78	381	288	0	69473
13617	621	240	67599	302	0	68762
13618	402	245	63819	158	0	64624
13619	67160	65	493	285	0	68003
13620	388	71827	402	230	0	72847
13621	300	407	71393	176	0	72276
13622	70124	212	335	244	0	70915
13623	72066	78	218	240	0	72602
13624	496	247	71996	154	0	72893
13625	69758	100	384	257	0	70499
13626	437	101	298	79934	0	80770
13627	304	303	82915	421	0	83943
13628	73322	118	430	547	0	74417
13629	346	83128	455	261	0	84190
13630	85619	308	133	406	0	86466
13631	93864	242	135	624	0	94865
13632	624	90	144	94148	0	95006
13633	388	98	133	94381	0	95000
13634	230	92	90	96007	0	96419
13635	95653	60	90	879	0	96682
13636	99477	77	90	596	0	100240
13637	774	78	91	100166	0	101109
13638	569	89	68	99898	0	100624
13639	245	450	97689	925	0	99309
13640	91594	128	508	696	0	92926
13641	647	109	350	101822	0	102928
13642	555	101	95	101728	0	102479
13643	239	100817	266	1077	0	102399
13644	324	550	62	102468	0	103404
13645	295	442	59	102325	0	103121
13646	99372	141	87	1143	0	100743
13647	698	102462	261	680	0	104101
13648	679	613	71	104161	0	105524
13649	379	470	56	104143	0	105048
13650	333	167	52	105286	0	105838
13651	278	390	103317	1174	0	105159
13652	311	122	577	102289	0	103299
13653	100152	108	471	990	0	101721
13654	789	367	101728	715	0	103599
13655	678	94	621	103137	0	104530
13656	316	92	495	105385	0	106288
13657	104744	81	186	1485	0	106496
13658	101665	91	182	955	0	102893
13659	1177	447	103446	474	0	105544
13660	93323	134	733	619	0	94809
13661	800	355	103716	363	0	105234
13662	99393	114	699	483	0	100689
13663	845	111172	678	393	0	113088
13664	113599	759	155	425	0	114938
13665	925	114945	287	404	0	116561
13666	117804	883	112	461	0	119260
13667	943	118734	323	317	0	120317
13668	748	1000	158	120793	0	122699
13669	337	591	106	121254	0	122288
13670	286	198	95	120584	0	121163
13671	174	118784	322	1703	0	120983
13672	259	928	102	118764	0	120053
13673	149	119979	365	1238	0	121731
13674	246	1023	111	121281	0	122661
13675	121390	625	111	1411	0	123537
13676	119148	219	118	1005	0	120490
13677	1603	120018	355	473	0	122449
13678	947	1015	109	120766	0	122837
13679	119182	683	110	1307	0	121282
13680	1122	121575	347	905	0	123949
13681	820	122780	284	433	0	124317
13682	123041	1675	104	446	0	125266
13683	123149	862	148	419	0	124578
13684	1764	123232	347	372	0	125715
13685	123971	1142	98	397	0	125608
13686	1386	873	91	124213	0	126563
13687	968	721	128812	1287	0	131788
13688	126854	264	1128	1185	0	129431
13689	130190	227	739	660	0	131816
13690	2030	632	131966	318	0	134946
13691	130530	267	1197	721	0	132715
13692	135668	253	811	705	0	137437
13693	140819	191	236	722	0	141968
13694	2227	139351	419	481	0	142478
13695	141963	1405	121	615	0	144104
13696	142604	1085	142	554	0	144385
13697	2519	410	118	142041	0	145088
13698	1559	293	144	144212	0	146208
13699	774	308	129	146538	0	147749
13700	145848	306	120	2732	0	149006
13701	1852	334	121	144432	0	146739
13702	145952	316	109	2014	0	148391
13703	146196	328	166	1612	0	148302
13704	2759	323	141	145210	0	148433
13705	1707	361	138	149421	0	151627
13706	885	279	146	151290	0	152600
13707	149884	332	136	3116	0	153468
13708	1984	150041	497	1650	0	154172
13709	1762	1697	161	152820	0	156440
13710	907	1269	161	155622	0	157959
13711	153518	455	190	3314	0	157477
13712	153398	357	154	2028	0	155937
13713	3274	765	148932	796	0	153767
13714	1951	775	148040	714	0	151480
13715	157329	401	2934	810	0	161474
13716	2784	372	1417	163267	0	167840
13717	2178	379	366	188532	0	191455
13718	980	920	188489	5203	0	195592
13719	1085	557	3428	178488	0	183558
13720	817	187506	2237	3875	0	194435
13721	814	193591	898	2362	0	197665
13722	187347	5110	359	1287	0	194103
13723	4122	2638	188755	1089	0	196604
13724	2385	193520	3645	1023	0	200573
13725	1428	3663	1805	194874	0	201770
13726	1091	2584	192030	4007	0	199712
13727	1156	763	3635	187109	0	192663
13728	1114	532	1945	190944	0	194535
13729	1019	955	189424	5799	0	197197
13730	884	189690	4006	2835	0	197415
13731	1080	3747	2025	180653	0	187505
13732	183727	2044	727	4163	0	190661
13733	185495	691	518	2697	0	189401
13734	186351	540	436	1342	0	188669
13735	5888	182945	971	1031	0	190835
13736	181207	3559	554	1063	0	186383
13737	4489	2108	530	180738	0	187865
13738	2434	1140	178947	4151	0	186672
13739	172686	491	3574	2756	0	179507
13740	3981	180676	2384	1306	0	188347
13741	2561	3476	646	178478	0	185161
13742	1299	1946	518	177493	0	181256
13743	845	178196	981	5429	0	185451
13744	1077	3737	541	181601	0	186956
13745	1191	2056	505	183939	0	187691
13746	1349	836	499	187148	0	189832
13747	180601	743	698	6029	0	188071
13748	180244	716	650	3245	0	184855
13749	5462	1304	180298	1683	0	188747
13750	2795	1003	3687	179128	0	186613
13751	1518	698	2039	184983	0	189238
13752	1329	756	1144	187118	0	190347
13753	181733	866	790	6185	0	189574
13754	4240	1295	178163	3212	0	186910
13755	174832	694	3863	1988	0	181377
13756	182499	745	2081	1822	0	187147
13757	5762	669	909	181071	0	188411
13758	182227	605	881	4682	0	188395
13759	4548	1229	178026	2995	0	186798
13760	172167	671	3517	2262	0	178617
13761	4675	191192	2461	2019	0	200347
13762	3108	4191	188589	1392	0	197280
13763	1809	2593	188741	1506	0	194649
13764	1825	1866	5543	184663	0	193897
13765	1617	1164	188736	4688	0	196205
13766	178555	817	4229	3276	0	186877
13767	4260	181922	2863	1750	0	190795
13768	184144	3686	1028	1731	0	190589
13769	4619	2323	813	184575	0	192330
13770	2729	1417	184202	4734	0	193082
13771	1428	1141	185492	3450	0	191511
13772	1472	1137	5233	185506	0	193348
13773	187092	643	2522	5003	0	195260
13774	4178	184435	1512	3523	0	193648
13775	2521	190846	1352	2287	0	197006
13776	187132	5961	1010	2164	0	196267
13777	4392	190778	1388	1828	0	198386
13778	191142	3869	1115	1807	0	197933
13779	5067	2338	903	188795	0	197103
13780	189361	819	956	4596	0	195732
13781	4778	802	978	188976	0	195534
13782	189619	706	882	4675	0	195882
13783	4603	615	1080	186485	0	192783
13784	2935	185694	1680	4351	0	194660
13785	186108	3494	1026	3057	0	193685
13786	4266	186337	1324	2162	0	194089
13787	3113	4205	177067	1411	0	185796
13788	2055	2318	3930	166212	0	174515
13789	1547	180211	2762	3620	0	188140
13790	175613	3748	999	2372	0	182732
13791	173714	2289	1104	1468	0	178575
13792	5561	173142	1496	1346	0	181545
13793	2496	4077	169877	1552	0	178002
13794	1797	1903	3859	161619	0	169178
13795	1318	166697	2669	3831	0	174515
13796	1549	3638	1242	169635	0	176064
13797	1852	1941	1025	171760	0	176578
13798	167233	1199	755	5488	0	174675
13799	4120	166837	1280	2603	0	174840
13800	2747	3559	926	167750	0	174982
13801	167949	2228	813	4208	0	175198
13802	168632	1080	764	2722	0	173198
13803	167624	1125	804	1715	0	171268
13804	5930	1092	794	163632	0	171448
13805	161023	891	698	3957	0	166569
13806	4165	159918	1291	2383	0	167757
13807	159037	3308	794	1623	0	164762
13808	4011	160092	1049	1570	0	166722
13809	159264	3402	703	1503	0	164872
13810	158362	1841	591	1684	0	162478
13811	5486	1826	718	154810	0	162840
13812	2796	1192	158119	3633	0	165740
13813	1752	1457	155887	2336	0	161432
13814	1632	156499	4006	1172	0	163309
13815	149049	3233	2292	1359	0	155933
13816	3455	2124	146675	744	0	152998
13817	108624	606	1256	637	0	111123
13818	1351	115801	979	475	0	118606
13819	1150	119901	551	371	0	121973
13820	673	1890	315	119615	0	122493
13821	572	126689	461	1422	0	129144
13822	562	2260	128638	1124	0	132584
13823	815	1401	1870	122403	0	126489
13824	480	131766	1402	1943	0	135591
13825	524	2329	398	132896	0	136147
13826	132659	1336	294	2541	0	136830
13827	2314	713	247	135458	0	138732
13828	1501	849	136655	2649	0	141654
13829	665	138669	2597	1731	0	143662
13830	578	2691	1474	138127	0	142870
13831	667	1588	542	140712	0	143509
13832	647	674	345	142776	0	144442
13833	137556	567	309	4197	0	142629
13834	137188	368	346	2272	0	140174
13835	3855	818	138389	887	0	143949
13836	2055	803	137687	749	0	141294
13837	739	138368	3914	796	0	143817
13838	140557	2523	1710	869	0	145659
13839	2932	1592	588	140476	0	145588
13840	1918	683	375	141530	0	144506
13841	1015	406	289	142974	0	144684
13842	940	435	246	143606	0	145227
13843	762	749	136357	4338	0	142206
13844	130622	345	2426	2445	0	135838
13845	3026	369	1501	150286	0	155182
13846	2071	787	149125	3375	0	155358
13847	148448	471	3062	2356	0	154337
13848	165913	343	1935	1246	0	169437
13849	5557	852	185914	728	0	193051
13850	3108	870	195076	629	0	199683
13851	1494	445	6837	189242	0	198018
13852	194821	395	3057	5104	0	203377
13853	199161	329	1189	2992	0	203671
13854	7422	431	852	190347	0	199052
13855	3478	425	812	198618	0	203333
13856	1401	841	195260	7330	0	204832
13857	1175	748	5228	191970	0	199121
13858	1081	1004	193102	5931	0	201118
13859	180503	463	5401	3388	0	189755
13860	5108	192019	3371	1549	0	202047
13861	182415	4403	944	1091	0	188853
13862	5120	182399	1131	867	0	189517
13863	182235	4963	1044	933	0	189175
13864	5741	2479	595	176203	0	185018
13865	3368	840	456	179892	0	184556
13866	179021	524	328	7136	0	187009
13867	181596	454	414	3290	0	185754
13868	183556	403	387	1479	0	185825
13869	184805	350	424	1139	0	186718
13870	8047	560	177852	983	0	187442
13871	176598	280	4854	1068	0	182800
13872	182520	245	2589	957	0	186311
13873	183459	289	876	889	0	185513
13874	8605	285	620	176158	0	185668
13875	172244	260	614	5335	0	178453
13876	5981	172446	1027	3016	0	182470
13877	3957	4524	603	173688	0	182772
13878	2093	2444	531	178470	0	183538
13879	1522	1197	173067	7635	0	183421
13880	1691	510	4901	165807	0	172909
13881	1330	172558	3137	5656	0	182681
13882	171018	4836	1179	3516	0	180549
13883	5395	174171	1311	1875	0	182752
13884	175842	5282	784	1578	0	183486
13885	6559	2871	727	173835	0	183992
13886	172338	986	719	5805	0	179848
13887	6110	170355	1152	3478	0	181095
13888	174470	5012	767	1809	0	182058
13889	176657	2885	703	1557	0	181802
13890	8616	1134	707	171808	0	182265
13891	4632	650	729	177016	0	183027
13892	2386	1046	171194	8172	0	182798
13893	2345	706	4982	172328	0	180361
13894	2227	695	2757	175522	0	181201
13895	1936	877	170546	8185	0	181544
13896	1994	508	5268	172969	0	180739
13897	1709	748	171465	6736	0	180658
13898	167219	506	5781	4158	0	177664
13899	6407	510	3208	169175	0	179300
13900	4077	926	166864	6061	0	177928
13901	165508	592	5406	3707	0	175213
13902	6732	519	3026	168317	0	178594
13903	4087	855	170749	6260	0	181951
13904	169232	514	5467	3947	0	179160
13905	6651	579	2997	172876	0	183103
13906	4440	509	1364	176269	0	182582
13907	174800	483	969	8422	0	184674
13908	6829	517	916	174551	0	182813
13909	4442	539	981	177221	0	183183
13910	2897	591	944	168962	0	173394
13911	2094	169312	1398	8497	0	181301
13912	165852	4814	913	4534	0	176113
13913	169264	2701	831	2440	0	175236
13914	8726	1061	776	163461	0	174024
13915	165897	745	698	6298	0	173638
13916	166509	682	790	4105	0	172086
13917	168385	704	799	2405	0	172293
13918	144022	833	1422	2398	0	148675
13919	162793	570	1054	2111	0	166528
13920	8626	889	149392	1935	0	160842
13921	4363	802	144047	1980	0	151192
13922	139158	678	5760	1712	0	147308
13923	5459	140400	3134	1808	0	150801
13924	3607	3942	1357	135727	0	144633
13925	2094	2271	135667	4758	0	144790
13926	1863	1089	136672	3079	0	142703
13927	2156	1945	5551	131954	0	141606
13928	132547	925	3664	5000	0	142136
13929	4837	609	1017	134023	0	140486
13930	2958	871	133557	4776	0	142162
13931	135824	371	3904	3278	0	143377
13932	4914	377	2329	138400	0	146020
13933	3300	266	1123	141409	0	146098
13934	2046	300	855	143673	0	146874
13935	2067	257	698	141373	0	144395
13936	1706	599	135431	6556	0	144292
13937	1921	277	3721	137422	0	143341
13938	135533	269	2355	5168	0	143325
13939	4539	617	133015	3236	0	141407
13940	133015	365	3673	2107	0	139160
13941	137789	338	2045	1850	0	142022
13942	138026	352	987	1732	0	141097
13943	135741	329	933	1715	0	138718
13944	6172	131756	1107	1666	0	140701
13945	2752	120063	813	1129	0	124757
13946	1626	124139	823	1243	0	127831
13947	113827	5207	2364	2031	0	123429
13948	3486	1670	106059	1267	0	112482
13949	78662	1265	2402	684	0	83013
13950	2052	234	951	75529	0	78766
13951	75684	115	279	1220	0	77298
13952	1260	119	183	75314	0	76876
13953	75500	95	225	1342	0	77162
13954	1273	88	191	75801	0	77353
13955	1028	114	180	78602	0	79924
13956	63120	128	241	2146	0	65635
13957	1213	84904	287	1043	0	87447
13958	993	964	85176	521	0	87654
13959	488	84626	980	471	0	86565
13960	548	851	80858	352	0	82609
13961	494	1220	814	75405	0	77933
13962	77563	138	765	817	0	79283
13963	742	96	149	76697	0	77684
13964	75414	90	109	857	0	76470
13965	747	82172	260	686	0	83865
13966	754	782	83693	334	0	85563
13967	264	84156	687	268	0	85375
13968	221	84438	519	287	0	85465
13969	80609	668	248	252	0	81777
13970	78762	302	161	253	0	79478
13971	690	81206	248	167	0	82311
13972	395	417	71	81631	0	82514
13973	203	276	88	81957	0	82524
13974	81428	90	107	851	0	82476
13975	514	321	81996	411	0	83242
13976	405	266	80659	192	0	81522
13977	263	86	676	81424	0	82449
13978	185	318	83264	694	0	84461
13979	76186	98	535	568	0	77387
13980	82579	82	347	279	0	83287
13981	799	83373	279	260	0	84711
13982	512	654	86678	229	0	88073
13983	292	356	529	86580	0	87757
13984	245	371	92969	600	0	94185
13985	242	125	553	91745	0	92665
13986	92023	83	375	779	0	93260
13987	641	95891	308	611	0	97451
13988	553	821	98928	269	0	100571
13989	231	100730	748	279	0	101988
13990	196	104011	577	282	0	105066
13991	104259	854	194	404	0	105711
13992	100992	423	172	416	0	102003
13993	1048	427	105059	473	0	107007
13994	561	107887	742	331	0	109521
13995	346	603	485	108928	0	110362
13996	273	442	144	109146	0	110005
13997	293	172	170	108854	0	109489
13998	304	471	109745	1149	0	111669
13999	392	162	657	107997	0	109208
14000	334	150	472	112458	0	113414
14001	113227	138	182	1293	0	114840
14002	112792	150	148	798	0	113888
14003	112081	166	166	515	0	112928
14004	110641	136	148	430	0	111355
14005	110839	135	170	387	0	111531
14006	1131	110403	330	290	0	112154
14007	108526	627	136	335	0	109624
14008	871	718	108445	251	0	110285
14009	652	349	557	107367	0	108925
14010	109438	148	390	762	0	110738
14011	686	109610	359	516	0	111171
14012	111427	560	112	413	0	112512
14013	114139	442	104	466	0	115151
14014	1005	169	130	114949	0	116253
14015	609	132	157	115365	0	116263
14016	241	120580	364	1086	0	122271
14017	326	637	130	122819	0	123912
14018	316	803	125582	804	0	127505
14019	391	182	709	126648	0	127930
14020	309	519	128992	942	0	130762
14021	115338	205	1009	1000	0	117552
14022	1071	160	644	131721	0	133596
14023	794	510	133929	1117	0	136350
14024	268	132534	1126	918	0	134846
14025	230	134638	945	391	0	136204
14026	132844	1465	365	462	0	135136
14027	1095	807	215	133238	0	135355
14028	719	557	138852	1010	0	141138
14029	213	135604	1047	1019	0	137883
14030	310	1226	135132	376	0	137044
14031	130034	661	917	362	0	131974
14032	133358	170	611	393	0	134532
14033	134439	141	300	330	0	135210
14034	1474	129	130	135592	0	137325
14035	740	441	134906	1108	0	137195
14036	213	136115	1053	782	0	138163
14037	294	794	650	138362	0	140100
14038	258	1021	135589	938	0	137806
14039	274	496	131382	814	0	132966
14040	284	131	1344	136268	0	138027
14041	138848	98	690	1118	0	140754
14042	912	124	264	139158	0	140458
14043	784	148	192	141973	0	143097
14044	259	521	142235	1567	0	144582
14045	326	147	930	140959	0	142362
14046	290	142	673	142695	0	143800
14047	252	449	142909	1550	0	145160
14048	295	481	140621	830	0	142227
14049	324	137	1403	140419	0	142283
14050	349	502	144100	1058	0	146009
14051	285	155	1007	142924	0	144371
14052	143317	118	756	1270	0	145461
14053	881	146665	607	1082	0	149235
14054	788	904	237	148888	0	150817
14055	314	999	145671	1094	0	148078
14056	121275	222	1045	1465	0	124007
14057	869	137069	1040	453	0	139431
14058	138526	835	283	507	0	140151
14059	1093	684	255	137587	0	139619
14060	857	230	266	137773	0	139126
14061	139215	148	303	1873	0	141539
14062	1010	615	140172	986	0	142783
14063	135882	169	1006	609	0	137666
14064	1120	153	776	141822	0	143871
14065	136204	131	318	1318	0	137971
14066	135389	155	274	1126	0	136944
14067	1702	185	301	134597	0	136785
14068	921	140172	542	1240	0	142875
14069	144592	1073	304	1137	0	147106
14070	146676	810	293	669	0	148448
14071	2217	617	147593	430	0	150857
14072	145716	222	1420	531	0	147889
14073	1735	250	988	147231	0	150204
14074	1155	150470	672	1495	0	153792
14075	740	1421	326	143776	0	146263
14076	390	150313	670	1406	0	152779
14077	148896	1443	331	1186	0	151856
14078	150654	1012	334	626	0	152626
14079	2543	286	313	160903	0	164045
14080	1324	602	160113	1959	0	163998
14081	640	667	158539	1385	0	161231
14082	588	262	2759	162005	0	165614
14083	162181	203	1408	2217	0	166009
14084	169356	205	473	1686	0	171720
14085	3341	173784	689	701	0	178515
14086	1927	2258	312	174831	0	179328
14087	667	1918	178554	2830	0	183969
14088	517	818	183323	2016	0	186674
14089	712	806	4457	193002	0	198977
14090	210579	242	2402	4019	0	217242
14091	4208	228	619	213800	0	218855
14092	2460	615	211432	4459	0	218966
14093	207786	210	4118	2824	0	214938
14094	4320	220	2474	208231	0	215245
14095	2703	239	766	213061	0	216769
14096	1058	209	582	206271	0	208120
14097	567	207872	961	6463	0	215863
14098	691	4101	208572	3060	0	216424
14099	629	2711	212514	1258	0	217112
14100	868	552	6203	209608	0	217231
14101	654	753	213421	4649	0	219477
14102	207271	260	4685	3021	0	215237
14103	4688	328	2647	210011	0	217674
14104	2946	371	897	211398	0	215612
14105	1161	346	729	208640	0	210876
14106	686	210649	1225	6676	0	219236
14107	214446	4037	679	3422	0	222584
14108	4707	2367	643	213631	0	221348
14109	213118	626	720	5162	0	219626
14110	4734	212642	1110	3416	0	221902
14111	213689	4288	697	1537	0	220211
14112	208235	2474	721	1458	0	212888
14113	211051	669	612	1509	0	213841
14114	6925	204903	1122	1332	0	214282
14115	3324	208082	1011	1296	0	213713
14116	198192	6121	681	1296	0	206290
14117	4594	202667	1048	1329	0	209638
14118	3013	4896	196997	1382	0	206288
14119	1297	193805	4487	1208	0	200797
14120	1001	197442	2958	1070	0	202471
14121	194028	5821	1090	1071	0	202010
14122	4609	3026	192384	1125	0	201144
14123	2878	1377	190246	1008	0	195509
14124	1528	975	5974	185460	0	193937
14125	189936	684	2854	4486	0	197960
14126	4655	1011	190669	2855	0	199190
14127	3069	718	4395	189001	0	197183
14128	1319	1119	184822	4569	0	191829
14129	1164	1203	182589	2946	0	187902
14130	175654	732	6081	1553	0	184020
14131	4755	1066	184503	1161	0	191485
14132	3122	953	4686	177632	0	186393
14133	1614	943	2818	177422	0	182797
14134	1302	179013	1705	6004	0	188024
14135	1305	184612	1675	3165	0	190757
14136	1450	5876	1285	179150	0	187761
14137	1245	3168	180474	4829	0	189716
14138	1444	1282	4500	180069	0	187295
14139	1347	1013	2963	183427	0	188750
14140	1185	1259	182968	6905	0	192317
14141	1270	883	4817	184430	0	191400
14142	183879	852	3220	5497	0	193448
14143	4682	1272	182796	3610	0	192360
14144	182098	874	4963	2033	0	189968
14145	5240	773	3503	180572	0	190088
14146	3487	747	1691	183907	0	189832
14147	1706	187161	1960	7263	0	198090
14148	1939	4628	1484	189525	0	197576
14149	1833	2788	1363	195089	0	201073
14150	191641	1123	1598	7741	0	202103
14151	5327	979	1512	193708	0	201526
14152	3505	1007	1397	196334	0	202243
14153	187734	1150	1527	8074	0	198485
14154	5484	1096	1582	190392	0	198554
14155	3706	1142	1674	178807	0	185329
14156	1691	186911	2178	7570	0	198350
14157	187487	4600	1641	4535	0	198263
14158	5581	2933	1381	188833	0	198728
14159	3753	1298	1260	193288	0	199599
14160	2065	1509	187034	8402	0	199010
14161	2026	1078	4904	186246	0	194254
14162	1849	1044	3187	189969	0	196049
14163	183363	1126	1438	8270	0	194197
14164	186996	1176	1290	4705	0	194167
14165	7636	1064	1295	184460	0	194455
14166	3965	1438	180957	6030	0	192390
14167	2060	175140	5152	4008	0	186360
14168	1832	179143	3508	2471	0	186954
14169	2652	7105	2082	172211	0	184050
14170	172631	3047	1491	5652	0	182821
14171	5135	1460	1048	174252	0	181895
14172	174948	1240	838	5788	0	182814
14173	5196	1258	914	176678	0	184046
14174	3502	1107	1021	177641	0	183271
14175	172345	1123	999	7275	0	181742
14176	171416	1176	1114	4082	0	177788
14177	6802	172229	1497	2258	0	182786
14178	3511	177454	1477	2085	0	184527
14179	1955	5482	1010	159694	0	168141
14180	1641	2826	1051	163642	0	169160
14181	1539	1509	159115	6111	0	168274
14182	143059	961	3985	3687	0	151692
14183	4080	154108	2786	2163	0	163137
14184	1970	145302	1323	1764	0	150359
14185	138884	3882	1373	1443	0	145582
14186	3525	2045	138802	1330	0	145702
14187	2094	999	131897	1147	0	136137
14188	1379	1098	123435	1127	0	127039
14189	712	111078	2931	759	0	115480
14190	900	1079	1642	93576	0	97197
14191	359	649	291	93912	0	95211
14192	351	252	198	94871	0	95672
14193	92618	184	230	1764	0	94796
14194	91499	182	243	1043	0	92967
14195	1470	93028	378	593	0	95469
14196	830	1020	198	94816	0	96864
14197	541	998	95499	1234	0	98272
14198	329	96272	1128	957	0	98686
14199	94147	1015	690	685	0	96537
14200	1087	972	94807	466	0	97332
14201	83866	283	910	674	0	85733
14202	1039	567	93703	495	0	95804
14203	766	614	903	89143	0	91426
14204	333	93629	791	1047	0	95800
14205	94084	879	261	950	0	96174
14206	971	95540	429	518	0	97458
14207	93436	910	211	509	0	95066
14208	1031	628	150	92670	0	94479
14209	756	618	97057	1168	0	99599
14210	501	251	872	99218	0	100842
14211	435	277	577	106830	0	108119
14212	368	662	106111	1901	0	109042
14213	97593	260	1260	1276	0	100389
14214	1333	109081	1018	638	0	112070
14215	108524	1206	258	664	0	110652
14216	1404	110795	512	498	0	113209
14217	1014	1431	192	112985	0	115622
14218	434	1188	112552	1718	0	115892
14219	129905	340	1475	1293	0	133013
14220	2395	137848	1170	671	0	142084
14221	1477	2431	302	136309	0	140519
14222	694	1287	257	143015	0	145253
14223	149773	494	237	3602	0	154106
14224	159086	374	271	1896	0	161627
14225	4362	163687	587	775	0	169411
14226	177076	3343	273	680	0	181372
14227	178161	1829	290	720	0	181000
14228	182788	591	279	728	0	184386
14229	6383	881	181249	633	0	189146
14230	2939	178979	4185	705	0	186808
14231	1053	186147	2684	636	0	190520
14232	1241	6075	648	172153	0	180117
14233	1152	2823	375	182183	0	186533
14234	181628	950	347	6056	0	188981
14235	4369	180681	860	2887	0	188797
14236	183861	4327	383	1096	0	189667
14237	4852	2784	326	179749	0	187711
14238	3020	1012	320	184016	0	188368
14239	179667	653	299	6562	0	187181
14240	179208	551	292	3203	0	183254
14241	6678	1018	175300	1201	0	184197
14242	3572	840	3958	173900	0	182270
14243	1395	863	174510	4340	0	181108
14244	1006	932	172595	2924	0	177457
14245	1087	930	175167	1135	0	178319
14246	166430	753	6716	1100	0	174999
14247	4586	552	3009	164940	0	173087
14248	3046	458	976	164544	0	169024
14249	1363	484	718	170556	0	173121
14250	837	780	166706	6418	0	174741
14251	1180	372	4148	165626	0	171326
14252	1243	437	2527	168950	0	173157
14253	165978	428	865	6308	0	173579
14254	168529	453	562	3356	0	172900
14255	172373	407	469	1680	0	174929
14256	172283	431	667	1340	0	174721
14257	7262	520	660	165910	0	174352
14258	168671	568	633	4813	0	174685
14259	5557	659	526	168328	0	175070
14260	3882	978	160968	4999	0	170827
14261	162331	609	3806	3384	0	170130
14262	5512	164067	2823	1625	0	174027
14263	4030	4232	977	161289	0	170528
14264	2403	2968	701	159722	0	165794
14265	1791	164696	1006	6477	0	173970
14266	162525	4434	732	3701	0	171392
14267	5400	162039	1124	2077	0	170640
14268	4037	4937	160760	1329	0	171063
14269	2189	3312	162278	1462	0	169241
14270	157524	1271	6325	1708	0	166828
14271	162885	1189	3076	1728	0	168878
14272	7197	1397	157754	1426	0	167774
14273	157166	981	4485	1554	0	164186
14274	5920	1294	157934	1449	0	166597
14275	156973	840	5071	1613	0	164497
14276	5974	1311	157633	1814	0	166732
14277	4299	1090	159777	1806	0	166972
14278	2744	963	6840	147314	0	157861
14279	2474	845	3662	155435	0	162416
14280	156546	779	1789	7127	0	166241
14281	155857	781	1565	4209	0	162412
14282	159611	631	1551	2293	0	164086
14283	160578	786	1544	2082	0	164990
14284	8069	153778	1993	2153	0	165993
14285	5127	4081	1474	147318	0	158000
14286	3008	154704	1937	5137	0	164786
14287	3207	4411	1537	155113	0	164268
14288	3116	2843	1355	154694	0	162008
14289	3348	1304	1384	155730	0	161766
14290	2818	1482	148632	8049	0	160981
14291	141775	1061	4785	5072	0	152693
14292	5967	142497	3652	3188	0	155304
14293	4304	149620	1971	2874	0	158769
14294	3300	6488	148740	2712	0	161240
14295	3066	3184	4693	147473	0	158416
14296	2890	1428	3425	150414	0	158157
14297	148017	1096	1820	7755	0	158688
14298	6507	1207	1490	147867	0	157071
14299	4917	1250	1576	149413	0	157156
14300	3282	1069	1525	151774	0	157650
14301	2908	1006	1840	153360	0	159114
14302	146871	758	1737	8313	0	157679
14303	149385	754	1936	4808	0	156883
14304	151528	738	1880	2816	0	156962
14305	8519	775	1804	147527	0	158625
14306	149592	767	1955	6155	0	158469
14307	6639	676	1846	151234	0	160395
14308	4995	828	2043	154965	0	162831
14309	3516	903	145907	7904	0	158230
14310	2981	840	142901	4659	0	151381
14311	2798	911	140558	2649	0	146916
14312	134902	768	7418	2481	0	145569
14313	6148	1025	4210	122968	0	134351
14314	4459	132424	2424	5317	0	144624
14315	135294	3674	1989	4033	0	144990
14316	6259	2577	132387	2372	0	143595
14317	127235	881	4663	2145	0	134924
14318	5947	123779	3830	1800	0	135356
14319	105701	2503	1240	1411	0	110855
14320	4560	2013	986	103186	0	110745
14321	102246	697	884	3424	0	107251
14322	3833	96643	1124	2729	0	104329
14323	2747	94862	1196	1420	0	100225
14324	81227	2725	752	975	0	85679
14325	2377	81903	859	934	0	86073
14326	1107	65354	411	479	0	67351
14327	841	66419	741	503	0	68504
14328	60809	1911	1439	552	0	64711
14329	58309	705	255	319	0	59588
14330	58566	301	145	267	0	59279
14331	1483	223	130	57127	0	58963
14332	772	234	117	57933	0	59056
14333	386	366	56872	1266	0	58890
14334	389	200	769	57055	0	58413
14335	370	316	58547	932	0	60165
14336	391	162	824	58109	0	59486
14337	369	150	535	59560	0	60614
14338	58793	130	195	1417	0	60535
14339	57946	146	196	834	0	59122
14340	1306	58325	295	411	0	60337
14341	744	812	180	58413	0	60149
14342	358	683	60330	970	0	62341
14343	363	273	828	60259	0	61723
14344	382	191	543	60902	0	62018
14345	415	200	198	61849	0	62662
14346	348	342	60117	1413	0	62220
14347	305	304	56204	807	0	57620
14348	57957	136	1196	487	0	59776
14349	944	166	626	61072	0	62808
14350	624	245	60786	1070	0	62725
14351	56341	111	827	896	0	58175
14352	851	61827	721	491	0	63890
14353	62903	713	295	426	0	64337
14354	932	678	64818	367	0	66795
14355	62277	190	807	433	0	63707
14356	911	175	548	64678	0	66312
14357	674	285	66028	831	0	67818
14358	326	65295	824	680	0	67125
14359	65671	750	595	372	0	67388
14360	890	571	288	65592	0	67341
14361	646	226	247	65431	0	66550
14362	327	66660	332	1084	0	68403
14363	296	664	230	67332	0	68522
14364	337	608	66512	858	0	68315
14365	241	66160	811	660	0	67872
14366	66837	640	515	379	0	68371
14367	815	492	209	66406	0	67922
14368	611	234	167	66347	0	67359
14369	343	337	65728	1100	0	67508
14370	324	224	681	65813	0	67042
14371	411	367	69237	833	0	70848
14372	275	69190	793	642	0	70900
14373	69036	653	553	441	0	70683
14374	68978	461	232	379	0	70050
14375	69234	219	208	361	0	70022
14376	1034	73861	323	316	0	75534
14377	647	609	195	73932	0	75383
14378	359	483	204	74104	0	75150
14379	352	267	189	70969	0	71777
14380	73159	148	167	1210	0	74684
14381	72934	189	165	731	0	74019
14382	1153	152	136	73004	0	74445
14383	679	408	79873	900	0	81860
14384	373	166	622	79618	0	80779
14385	319	147	489	81154	0	82109
14386	319	141	198	81440	0	82098
14387	362	110	185	81864	0	82521
14388	81731	142	158	1377	0	83408
14389	780	126	169	83402	0	84477
14390	642	145	199	83035	0	84021
14391	275	83407	291	1331	0	85304
14392	331	704	145	85994	0	87174
14393	260	87998	286	1064	0	89608
14394	304	885	132	88510	0	89831
14395	87589	584	127	1236	0	89536
14396	902	88351	313	928	0	90494
14397	86233	888	162	646	0	87929
14398	1043	889	89070	473	0	91475
14399	801	274	863	88523	0	90461
14400	334	378	92005	1275	0	93992
14401	336	174	958	91840	0	93308
14402	319	253	660	91297	0	92529
14403	251	91356	365	1599	0	93571
14404	240	93314	338	947	0	94839
14405	203	96631	316	472	0	97622
14406	94524	1163	170	535	0	96392
14407	724	92472	267	347	0	93810
14408	413	91343	196	363	0	92315
14409	795	964	237	92100	0	94096
14410	92632	395	97	852	0	93976
14411	532	97904	244	518	0	99198
14412	99516	620	74	445	0	100655
14413	98795	400	75	338	0	99608
14414	911	422	102181	274	0	103788
14415	541	180	583	99347	0	100651
14416	239	159	376	104438	0	105212
14417	205	160	111	104924	0	105400
14418	210	149	110	103826	0	104295
14419	196	460	98617	1051	0	100324
14420	197	466	87106	567	0	88336
14421	87908	142	875	492	0	89417
14422	566	97636	505	241	0	98948
14423	390	98590	228	206	0	99414
14424	98846	836	84	373	0	100139
14425	571	98916	263	245	0	99995
14426	462	588	92	100222	0	101364
14427	100362	405	79	834	0	101680
14428	644	411	100598	611	0	102264
14429	488	154	559	101600	0	102801
14430	181	408	103578	762	0	104929
14431	97005	156	594	760	0	98515
14432	732	506	113286	240	0	114764
14433	112327	166	655	453	0	113601
14434	119578	126	449	485	0	120638
14435	120203	146	132	488	0	120969
14436	120691	131	116	462	0	121400
14437	121706	137	105	387	0	122335
14438	1187	122	118	121663	0	123090
14439	126965	122	126	1100	0	128313
14440	821	137	124	127506	0	128588
14441	666	144	127	127432	0	128369
14442	308	146	115	128465	0	129034
14443	269	515	127305	1299	0	129388
14444	314	186	668	124838	0	126006
14445	328	150	499	129381	0	130358
14446	269	569	126155	1290	0	128283
14447	111729	209	782	956	0	113676
14448	862	145	479	128918	0	130404
14449	663	512	128827	867	0	130869
14450	326	496	125210	724	0	126756
14451	349	182	1073	125789	0	127393
14452	348	558	130121	1215	0	132242
14453	350	195	731	131269	0	132545
14454	336	170	546	130301	0	131353
14455	203	130202	399	1214	0	132018
14456	201	131635	436	778	0	133050
14457	132382	1002	151	559	0	134094
14458	807	539	179	133389	0	134914
14459	704	155	164	132059	0	133082
14460	373	140	162	135730	0	136405
14461	291	647	135238	1382	0	137558
14462	325	170	730	133313	0	134538
14463	132631	150	591	1134	0	134506
14464	874	613	136996	904	0	139387
14465	771	171	785	140180	0	141907
14466	406	153	563	142203	0	143325
14467	361	113	220	143617	0	144311
14468	204	150381	502	1422	0	152509
14469	150550	963	215	1047	0	152775
14470	154709	677	246	676	0	156308
14471	1939	160656	502	392	0	163489
14472	1123	1235	173	168035	0	170566
14473	468	1363	168616	1678	0	172125
14474	418	709	166925	1178	0	169230
14475	169863	176	2759	662	0	173460
14476	2152	176	1326	177058	0	180712
14477	184371	140	416	2376	0	187303
14478	2464	190355	638	1695	0	195152
14479	1603	193997	620	689	0	196909
14480	192020	3854	243	727	0	196844
14481	2531	202116	689	605	0	205941
14482	1965	2711	254	203098	0	208028
14483	854	1750	239	191820	0	194663
14484	387	207350	692	3923	0	212352
14485	208484	2753	253	2185	0	213675
14486	2955	2507	211270	780	0	217512
14487	198991	534	2904	927	0	203356
14488	3368	857	215671	460	0	220356
14489	192637	371	3296	1168	0	197472
14490	3581	942	218778	635	0	223936
14491	2223	215433	3720	558	0	221934
14492	1254	3310	2172	215068	0	221804
14493	212863	1892	675	3523	0	218953
14494	3180	934	212097	1929	0	218140
14495	2191	786	213448	686	0	217111
14496	936	317	4637	206923	0	212813
14497	607	857	214335	3053	0	218852
14498	669	304	3247	209440	0	213660
14499	714	336	2122	209530	0	212702
14500	536	955	210946	5203	0	217640
14501	657	307	3100	209751	0	213815
14502	214246	194	2165	3652	0	220257
14503	2915	212929	1220	2423	0	219487
14504	215981	2853	490	1076	0	220400
14505	3396	1963	475	210592	0	216426
14506	212404	479	426	3469	0	216778
14507	215100	365	503	2503	0	218471
14508	5102	393	484	207972	0	213951
14509	2498	213592	837	3097	0	220024
14510	214958	2874	519	2408	0	220759
14511	3408	2522	207628	1002	0	214560
14512	2427	1116	206228	847	0	210618
14513	202325	428	4718	878	0	208349
14514	3596	359	2413	204050	0	210418
14515	2430	922	205453	3290	0	212095
14516	1079	437	3235	205878	0	210629
14517	205938	401	2264	3755	0	212358
14518	210004	447	888	2803	0	214142
14519	210177	443	675	1304	0	212599
14520	5160	213958	1108	953	0	221179
14521	2966	3018	571	215360	0	221915
14522	1306	2173	534	216661	0	220674
14523	214734	720	538	5130	0	221122
14524	3538	213957	986	2674	0	221155
14525	213667	3132	539	1328	0	218666
14526	3992	2191	508	210928	0	217619
14527	210178	814	559	3643	0	215194
14528	3895	1148	204372	2586	0	212001
14529	2704	205673	3644	1152	0	213173
14530	1724	3363	2255	193791	0	201133
14531	1077	210740	1361	2922	0	216100
14532	1245	3408	704	201215	0	206572
14533	199277	2142	696	3709	0	205824
14534	3586	1269	194256	2432	0	201543
14535	187780	610	3300	1394	0	193084
14536	3671	198149	2845	980	0	205645
14537	2813	3129	977	200367	0	207286
14538	1491	2155	756	203834	0	208236
14539	195857	719	818	5248	0	202642
14540	3661	1198	195423	2758	0	203040
14541	2895	539	3277	196401	0	203112
14542	1526	567	2332	197391	0	201816
14543	1332	571	965	198109	0	200977
14544	1312	559	815	199520	0	202206
14545	194605	516	756	5688	0	201565
14546	194162	523	752	3272	0	198709
14547	5309	1001	194495	1420	0	202225
14548	2926	1175	189054	1287	0	194442
14549	195003	530	4781	1566	0	201880
14550	203185	514	2487	1510	0	207696
14551	5533	509	980	200379	0	207401
14552	3246	457	760	200472	0	204935
14553	196730	437	845	5316	0	203328
14554	3720	196135	1387	3043	0	204285
14555	3102	2884	825	197407	0	204218
14556	1677	1981	758	200594	0	205010
14557	1347	1266	195374	5430	0	203417
14558	1502	562	3239	196119	0	201422
14559	1337	1018	198041	4162	0	204558
14560	1467	528	3523	197289	0	202807
14561	191271	442	2430	4343	0	198486
14562	4016	449	945	196462	0	201872
14563	2911	1079	193205	4347	0	201542
14564	1379	185209	3789	3257	0	193634
14565	1483	3209	2250	191378	0	198320
14566	1456	2481	191205	3880	0	199022
14567	1198	191891	3681	3091	0	199861
14568	1378	3341	2096	186704	0	193519
14569	1133	2561	185100	3542	0	192336
14570	143313	848	3098	3388	0	150647
14571	3001	175386	2348	1349	0	182084
14572	2080	169342	950	1039	0	173411
14573	1000	172498	894	944	0	175336
14574	1922	5167	647	160830	0	168566
14575	849	2169	166019	2682	0	171719
14576	646	164501	2669	1945	0	169761
14577	1340	5052	1646	156970	0	165008
14578	167579	1323	487	2431	0	171820
14579	2712	474	306	223058	0	226550
14580	2302	1196	266646	5452	0	275596
14581	711	268382	6274	2902	0	278269
14582	259452	5947	2870	1446	0	269715
14583	5654	266818	1461	1216	0	275149
14584	3447	6854	254403	1182	0	265886
14585	943	258200	6581	1015	0	266739
14586	1267	7704	3395	247438	0	259804
14587	1009	3993	249935	5721	0	260658
14588	789	248485	6842	2987	0	259103
14589	1257	6836	3139	238210	0	249442
14590	841	3911	1464	237976	0	244192
14591	363	244406	1829	7927	0	254525
14592	811	6720	1200	245562	0	254293
14593	480	4189	244200	6798	0	255667
14594	523	2241	249147	3666	0	255577
14595	620	1793	8188	244737	0	255338
14596	244217	1335	3509	7338	0	256399
14597	246347	1328	1381	4383	0	253439
14598	8028	1387	1228	237914	0	248557
14599	3065	242487	2122	7037	0	254711
14600	1590	6093	1798	243418	0	252899
14601	239978	3072	1737	7452	0	252239
14602	6887	1418	1241	240356	0	249902
14603	4301	1412	822	244464	0	250999
14604	237781	1407	807	9541	0	249536
14605	6362	236618	1574	4948	0	249502
14606	3757	6776	1079	235177	0	246789
14607	235080	3501	770	7705	0	247056
14608	6879	1983	231345	4827	0	245034
14609	231142	1329	5954	3112	0	241537
14610	7355	1384	2816	233792	0	245347
14611	234665	1450	1034	7934	0	245083
14612	236193	1583	903	4880	0	243559
14613	224786	1299	1185	3093	0	230363
14614	9396	228676	1850	2492	0	242414
14615	4940	6379	228583	2237	0	242139
14616	3113	231413	6909	2154	0	243589
14617	227532	6615	3321	2310	0	239778
14618	8201	228547	1815	2008	0	240571
14619	5591	6985	1056	225101	0	238733
14620	220438	4167	1281	6919	0	232805
14621	7324	222005	1746	4015	0	235090
14622	4623	7905	221096	2277	0	235901
14623	3081	4669	6291	220691	0	234732
14624	2517	3003	223193	7483	0	236196
14625	2297	222218	7055	5594	0	237164
14626	2488	7768	3540	217123	0	230919
14627	2353	4587	2017	223160	0	232117
14628	2078	2706	1812	225760	0	232356
14629	2279	1932	2266	215818	0	222295
14630	1732	217305	2695	10264	0	231996
14631	214169	7110	1876	5887	0	229042
14632	7162	5088	214341	3958	0	230549
14633	4522	2383	7081	215832	0	229818
14634	213404	2392	4073	8966	0	228835
14635	7833	3067	214762	5840	0	231502
14636	4631	211312	7893	3571	0	227407
14637	2942	8547	4668	205782	0	221939
14638	2803	5457	210992	7940	0	227192
14639	2210	211700	8216	5776	0	227902
14640	204328	7659	4782	4021	0	220790
14641	7398	211820	3385	3324	0	225927
14642	4562	8732	2383	206191	0	221868
14643	2599	5430	2194	215459	0	225682
14644	207337	3415	2321	11057	0	224130
14645	6861	208423	3398	6515	0	225197
14646	4887	7894	2755	209973	0	225509
14647	204347	5112	2924	8620	0	221003
14648	203566	3225	2200	6593	0	215584
14649	10346	200647	2009	5031	0	218033
14650	203175	7936	1403	4198	0	216712
14651	205868	5431	1166	3851	0	216316
14652	11503	3819	1223	198961	0	215506
14653	6199	3450	196412	9234	0	215295
14654	5053	2566	6746	196584	0	210949
14655	4588	2389	3706	200654	0	211337
14656	3950	2673	193359	11557	0	211539
14657	3868	191795	7484	6377	0	209524
14658	3997	7910	3928	190638	0	206473
14659	3098	4564	2437	197644	0	207743
14660	3247	2457	2622	199435	0	207761
14661	3158	2256	2699	191222	0	199335
14662	2970	190780	3000	11546	0	208296
14663	192320	7143	2010	6997	0	208470
14664	195179	4279	1323	5394	0	206175
14665	193607	2386	1050	4905	0	201948
14666	10761	183205	1770	4834	0	200570
14667	5739	8079	1081	182942	0	197841
14668	3557	5321	181623	8975	0	199476
14669	4147	4125	6434	172848	0	187554
14670	4429	181620	4051	7714	0	197814
14671	178419	7392	1535	4961	0	192307
14672	180243	4594	1136	3968	0	189941
14673	178053	2806	1470	3646	0	185975
14674	9794	174347	2452	3346	0	189939
14675	4733	166977	2941	3098	0	177749
14676	3150	172189	2510	3435	0	181284
14677	3642	8770	165707	2953	0	181072
14678	3887	7173	149188	3130	0	163378
14679	5758	21663	5716	68289	0	101426
14680	45265	536	3007	1333	0	50141
14681	43551	172	167	681	0	44571
14682	1179	202	147	44516	0	46044
14683	648	237	108	44532	0	45525
14684	293	186	127	45673	0	46279
14685	228	183	133	45985	0	46529
14686	45495	186	107	1316	0	47104
14687	46495	181	104	751	0	47531
14688	1251	47999	182	327	0	49759
14689	48815	859	89	388	0	50151
14690	48917	597	116	335	0	49965
14691	49513	216	130	299	0	50158
14692	1487	348	42643	283	0	44761
14693	46611	191	619	321	0	47742
14694	982	48678	549	250	0	50459
14695	728	851	168	50054	0	51801
14696	365	631	124	50148	0	51268
14697	296	49894	202	1497	0	51889
14698	340	960	108	52075	0	53483
14699	51123	711	134	1181	0	53149
14700	1088	235	154	52304	0	53781
14701	776	305	51286	1225	0	53592
14702	48557	189	897	952	0	50595
14703	1041	52300	704	448	0	54493
14704	867	949	146	52734	0	54696
14705	413	719	110	53350	0	54592
14706	392	252	93	54129	0	54866
14707	379	314	52358	1784	0	54835
14708	371	51666	963	1042	0	54042
14709	430	976	631	52123	0	54160
14710	411	804	51249	1104	0	53568
14711	418	262	858	50739	0	52277
14712	342	318	50878	1134	0	52672
14713	383	397	932	47987	0	49699
14714	281	49309	744	1101	0	51435
14715	305	918	209	48834	0	50266
14716	48521	647	142	1142	0	50452
14717	48524	229	155	844	0	49752
14718	1490	266	48434	396	0	50586
14719	739	276	47062	317	0	48394
14720	302	259	51742	311	0	52614
14721	283	221	1350	51036	0	52890
14722	269	145	669	53749	0	54832
14723	250	150	226	53913	0	54539
14724	194	54536	265	1633	0	56628
14725	278	961	184	54411	0	55834
14726	272	718	157	56400	0	57547
14727	270	241	143	58275	0	58929
14728	57116	174	184	1845	0	59319
14729	57593	183	166	1088	0	59030
14730	1622	285	57961	480	0	60348
14731	891	301	57607	425	0	59224
14732	57103	184	1620	442	0	59349
14733	59875	147	874	458	0	61354
14734	1789	274	60960	405	0	63428
14735	985	258	59689	360	0	61292
14736	58364	190	1794	409	0	60757
14737	60183	152	927	409	0	61671
14738	1820	230	61113	417	0	63580
14739	1078	177	1109	60214	0	62578
14740	439	136	919	60145	0	61639
14741	312	63399	502	1836	0	66049
14742	415	1118	289	65016	0	66838
14743	374	946	67943	1484	0	70747
14744	385	225	1378	68209	0	70197
14745	381	157	993	69270	0	70801
14746	320	282	67733	2327	0	70662
14747	65124	183	1390	1357	0	68054
14748	69006	169	1036	655	0	70866
14749	2189	155	415	67563	0	70322
14750	1222	137	304	69357	0	71020
14751	68607	135	311	2396	0	71449
14752	68397	150	366	1342	0	70255
14753	65765	179	386	585	0	66915
14754	69123	143	305	564	0	70135
14755	2271	67052	447	522	0	70292
14756	66464	1198	315	559	0	68536
14757	1551	67188	399	534	0	69672
14758	1220	1300	319	66503	0	69342
14759	593	921	305	65878	0	67697
14760	458	65320	454	2254	0	68486
14761	532	1250	326	66643	0	68751
14762	491	940	285	65162	0	66878
14763	388	65154	445	2303	0	68290
14764	480	1273	285	66072	0	68110
14765	489	922	304	66575	0	68290
14766	486	291	313	67240	0	68330
14767	422	327	64784	2542	0	68075
14768	424	63419	1453	1494	0	66790
14769	603	1707	1059	57880	0	61249
14770	397	64036	532	1487	0	66452
14771	62620	1280	363	1243	0	65506
14772	1499	1012	62338	692	0	65541
14773	1101	459	60592	628	0	62780
14774	57141	260	1880	554	0	59835
14775	1467	559	1051	57964	0	61041
14776	971	289	56444	1264	0	58968
14777	479	320	55568	1008	0	57375
14778	567	733	1653	53758	0	56711
14779	53265	171	961	1201	0	55598
14780	53552	178	342	954	0	55026
14781	1697	180	263	53226	0	55366
14782	922	284	52599	1253	0	55058
14783	391	54283	1127	1059	0	56860
14784	415	971	775	54090	0	56251
14785	356	793	54366	1200	0	56715
14786	358	53787	1086	1008	0	56239
14787	499	961	738	52510	0	54708
14788	52043	632	316	1153	0	54144
14789	995	254	237	50410	0	51896
14790	721	51518	336	1125	0	53700
14791	50948	827	288	915	0	52978
14792	979	813	53416	473	0	55681
14793	815	52386	929	478	0	54608
14794	406	937	52367	433	0	54143
14795	48856	644	1047	440	0	50987
14796	992	326	631	48567	0	50516
14797	777	187	318	51001	0	52283
14798	50819	146	294	1327	0	52586
14799	922	176	290	51310	0	52698
14800	720	286	50226	965	0	52197
14801	46051	148	874	864	0	47937
14802	883	50897	749	470	0	52999
14803	736	720	228	50130	0	51814
14804	49919	521	226	987	0	51653
14805	871	49733	331	800	0	51735
14806	715	754	240	51065	0	52774
14807	51283	590	252	945	0	53070
14808	887	290	211	51196	0	52584
14809	632	51268	295	1006	0	53201
14810	322	881	52081	816	0	54100
14811	317	608	755	53306	0	54986
14812	396	288	605	52744	0	54033
14813	54051	160	230	1411	0	55852
14814	942	200	182	54533	0	55857
14815	54666	219	170	1093	0	56148
14816	54851	218	249	839	0	56157
14817	1370	184	187	53276	0	55017
14818	742	54694	302	927	0	56665
14819	470	842	147	53996	0	55455
14820	50613	554	169	1068	0	52404
14821	890	51571	238	811	0	53510
14822	615	53349	222	370	0	54556
14823	53780	1079	110	417	0	55386
14824	54792	578	162	335	0	55867
14825	1211	55232	281	302	0	57026
14826	55427	843	257	358	0	56885
14827	54766	566	151	285	0	55768
14828	1304	203	117	54446	0	56070
14829	674	290	57167	892	0	59023
14830	342	426	865	57024	0	58657
14831	260	313	58578	1003	0	60154
14832	318	189	836	58400	0	59743
14833	236	245	59028	1015	0	60524
14834	56032	99	861	679	0	57671
14835	895	102	595	57727	0	59319
14836	60431	65	191	929	0	61616
14837	958	257	122	58460	0	59797
14838	682	60575	240	919	0	62416
14839	61995	792	101	786	0	63674
14840	974	755	59996	230	0	61955
14841	56105	219	693	252	0	57269
14842	817	58548	618	169	0	60152
14843	55822	606	103	151	0	56682
14844	55938	473	56	126	0	56593
14845	1080	56283	154	123	0	57640
14846	633	642	40	58013	0	59328
14847	57908	511	44	806	0	59269
14848	764	58443	131	589	0	59927
14849	652	728	43	59205	0	60628
14850	59858	553	75	843	0	61329
14851	855	126	54	60150	0	61185
14852	680	86	50	60697	0	61513
14853	234	97	47	61703	0	62081
14854	167	244	59667	1388	0	61466
14855	203	81	727	59867	0	60878
14856	60084	81	532	935	0	61632
14857	828	194	60231	682	0	61935
14858	675	90	738	60663	0	62166
14859	268	78	562	61903	0	62811
14860	146	177	60606	1369	0	62298
14861	57184	67	740	836	0	58827
14862	61723	67	590	287	0	62667
14863	1348	206	62219	239	0	64012
14864	763	75	801	61230	0	62869
14865	303	50	606	64171	0	65130
14866	190	197	66177	1411	0	67975
14867	264	73	819	66432	0	67588
14868	252	87	635	67178	0	68152
14869	185	171	68388	1539	0	70283
14870	64684	71	904	933	0	66592
14871	1004	69	686	69891	0	71650
14872	69663	69	210	1112	0	71054
14873	69623	68	127	938	0	70756
14874	1592	226	70555	366	0	72739
14875	903	82	974	69339	0	71298
14876	70127	69	724	1155	0	72075
14877	1029	71841	327	1005	0	74202
14878	854	888	186	73663	0	75591
14879	378	660	167	74530	0	75735
14880	321	130	172	76087	0	76710
14881	257	217	74287	1984	0	76745
14882	64559	112	1105	1181	0	66957
14883	1187	81	780	72088	0	74136
14884	945	71	265	72813	0	74094
14885	343	189	71718	1938	0	74188
14886	331	91	1077	71521	0	73020
14887	336	81	826	72993	0	74236
14888	71523	70	283	1963	0	73839
14889	1121	71804	308	1193	0	74426
14890	930	1040	71634	486	0	74090
14891	70869	744	1098	470	0	73181
14892	1221	161	821	71330	0	73533
14893	924	207	73564	1320	0	76015
14894	407	218	74404	1010	0	76039
14895	341	146	1695	75034	0	77216
14896	316	215	78071	1293	0	79895
14897	326	225	78387	1137	0	80075
14898	288	75844	1823	627	0	78582
14899	322	1005	971	81842	0	84140
14900	353	819	82897	1251	0	85320
14901	351	193	1137	81169	0	82850
14902	84796	98	890	1489	0	87273
14903	1168	111	363	85596	0	87238
14904	897	104	275	87237	0	88513
14905	83630	104	287	2000	0	86021
14906	85042	102	279	1259	0	86682
14907	1851	107	286	89029	0	91273
14908	994	254	89851	1423	0	92522
14909	350	88909	1381	1143	0	91783
14910	407	1026	913	89555	0	91901
14911	88363	723	377	1528	0	90991
14912	88906	167	318	1188	0	90579
14913	1879	88727	433	616	0	91655
14914	1005	90900	476	514	0	92895
14915	90637	1682	345	543	0	93207
14916	89980	838	315	508	0	91641
14917	1978	358	95584	471	0	98391
14918	1164	246	1266	91710	0	94386
14919	384	97425	1083	1348	0	100240
14920	100618	1146	369	1111	0	103244
14921	1469	1054	271	99028	0	101822
14922	1062	99353	427	1467	0	102309
14923	477	1389	100888	1049	0	103803
14924	476	1317	1245	93538	0	96576
14925	312	103763	1030	1541	0	106646
14926	103394	1091	414	1010	0	105909
14927	103388	830	292	575	0	105085
14928	1684	103826	378	531	0	106419
14929	100874	993	211	463	0	102541
14930	99605	684	209	496	0	100994
14931	1581	100486	366	437	0	102870
14932	882	102567	383	437	0	104269
14933	645	1640	236	100954	0	103475
14934	100039	712	232	1270	0	102253
14935	1099	490	104227	840	0	106656
14936	93805	236	936	521	0	95498
14937	1002	104362	761	448	0	106573
14938	104497	869	259	474	0	106099
14939	104691	607	229	381	0	105908
14940	105868	241	184	380	0	106673
14941	1549	254	227	103185	0	105215
14942	784	104559	342	1026	0	106711
14943	104686	860	234	800	0	106580
14944	1068	823	106833	373	0	109097
14945	731	107629	1023	339	0	109722
14946	460	868	565	109869	0	111762
14947	332	747	106973	863	0	108915
14948	328	469	107397	656	0	108850
14949	398	257	1318	104738	0	106711
14950	389	204	630	111762	0	112985
14951	315	194	257	113387	0	114153
14952	359	241	192	111339	0	112131
14953	295	108730	326	1459	0	110810
14954	275	112363	347	836	0	113821
14955	113561	1260	176	447	0	115444
14956	1038	693	151	114033	0	115915
14957	807	261	159	114824	0	116051
14958	426	214	167	116857	0	117664
14959	114826	238	138	1587	0	116789
14960	116524	221	146	896	0	117787
14961	1475	214	173	116954	0	118816
14962	119706	178	146	1148	0	121178
14963	119273	199	150	866	0	120488
14964	121585	205	154	513	0	122457
14965	1542	198	160	118978	0	120878
14966	811	363	114491	899	0	116564
14967	409	407	108193	677	0	109686
14968	377	358	113497	360	0	114592
14969	411	367	116904	237	0	117919
14970	415	394	1182	115187	0	117178
14971	116922	150	606	881	0	118559
14972	115455	171	198	682	0	116506
14973	1214	349	117202	246	0	119011
14974	691	369	119479	368	0	120907
14975	287	130025	1233	255	0	131800
14976	336	717	551	131424	0	133028
14977	130674	484	305	902	0	132365
14978	792	415	131547	575	0	133329
14979	124475	200	698	474	0	125847
14980	737	136317	717	275	0	138046
14981	621	672	198	138634	0	140125
14982	310	445	161	143038	0	143954
14983	290	186	158	142979	0	143613
14984	143804	144	115	1501	0	145564
14985	984	151	118	144605	0	145858
14986	795	138	127	145633	0	146693
14987	145340	127	162	1573	0	147202
14988	1014	145	117	145303	0	146579
14989	743	472	147216	1152	0	149583
14990	141317	136	813	1010	0	143276
14991	1031	131	606	149233	0	151001
14992	862	135	229	147330	0	148556
14993	353	146803	382	1407	0	148945
14994	147461	795	133	991	0	149380
14995	149711	630	157	595	0	151093
14996	1591	215	122	148280	0	150208
14997	901	423	146899	1065	0	149288
14998	130698	165	951	1161	0	132975
14999	1102	430	148011	522	0	150065
15000	933	164	1038	145019	0	147154
15001	435	119	730	150276	0	151560
15002	150257	111	252	1961	0	152581
15003	1416	118	212	157128	0	158874
15004	972	484	157503	1605	0	160564
15005	149465	118	1307	1195	0	152085
15006	1423	460	166969	604	0	169456
15007	990	514	166482	449	0	168435
15008	171211	134	2293	574	0	174212
15009	1874	290	1102	178270	0	181536
15010	1030	186582	665	1442	0	189719
15011	187466	1395	303	1105	0	190269
15012	186483	848	276	586	0	188193
15013	2389	647	186731	421	0	190188
15014	184700	138	1547	515	0	186900
15015	1908	300	970	189679	0	192857
15016	1198	649	194592	1701	0	198140
15017	489	190081	1780	1319	0	193669
15018	187777	1472	1099	767	0	191115
15019	1534	193182	663	456	0	195835
15020	1166	1501	366	190939	0	193972
15021	613	866	247	192613	0	194339
15022	556	260	214	191612	0	192642
15023	494	254	246	187060	0	188054
15024	383	187192	491	2455	0	190521
15025	490	1790	180538	1368	0	184186
15026	313	184337	1657	819	0	187126
15027	184151	1456	924	673	0	187204
15028	1607	991	305	184671	0	187574
15029	185382	303	249	1816	0	187750
15030	1762	318	242	186909	0	189231
15031	193415	228	259	2164	0	196066
15032	1739	196801	583	1349	0	200472
15033	203160	1470	269	921	0	205820
15034	203593	929	234	831	0	205587
15035	199871	320	260	739	0	201190
15036	202119	234	205	797	0	203355
15037	2542	200723	485	642	0	204392
15038	1392	1854	200827	488	0	204561
15039	831	956	1454	201260	0	204501
15040	202354	326	1029	1923	0	205632
15041	204988	249	357	1268	0	206862
15042	2651	233	277	208239	0	211400
15043	1495	681	213663	1930	0	217769
15044	829	311	1749	207484	0	210373
15045	612	213632	1473	1970	0	217687
15046	215451	1834	393	1507	0	219185
15047	2273	1216	353	215598	0	219440
15048	1453	213755	624	2162	0	217994
15049	689	226131	597	1525	0	228942
15050	516	230403	649	762	0	232330
15051	680	3227	370	231806	0	236083
15052	233390	1488	279	2721	0	237878
15053	2490	236527	597	1739	0	241353
15054	1711	2469	263	239603	0	244046
15055	238009	1468	262	2783	0	242522
15056	2767	606	231	239824	0	243428
15057	238269	426	249	3030	0	241974
15058	238570	438	266	2042	0	241316
15059	3790	246280	625	887	0	251582
15060	2450	2490	292	233015	0	238247
15061	825	249167	672	2171	0	252835
15062	246035	2620	292	1569	0	250516
15063	246666	1561	295	921	0	249443
15064	251065	623	307	912	0	252907
15065	4254	465	364	249378	0	254461
15066	2140	896	246349	2726	0	252111
15067	237884	507	2412	1982	0	242785
15068	249942	458	1416	1062	0	252878
15069	4228	501	471	243570	0	248770
15070	2206	251648	684	2676	0	257214
15071	1405	2559	286	253449	0	257699
15072	1137	1723	313	258108	0	261281
15073	255858	780	370	4008	0	261016
15074	250526	585	343	2314	0	253768
15075	4147	1145	241454	1189	0	247935
15076	2397	638	2444	239867	0	245346
15077	242247	563	1438	3136	0	247384
15078	3354	686	458	246476	0	250974
15079	2219	1058	246297	3436	0	253010
15080	1149	236721	2799	2344	0	243013
15081	1011	247372	1766	1170	0	251319
15082	269904	3726	517	1125	0	275272
15083	4162	1848	316	287137	0	293463
15084	2698	814	279	326362	0	330153
15085	324000	599	409	7349	0	332357
15086	5741	1210	328502	3401	0	338854
15087	3681	707	4973	321593	0	330954
15088	1843	1120	331722	5524	0	340209
15089	1248	329550	5925	3489	0	340212
15090	338035	5219	2977	1806	0	348037
15091	344202	2849	906	1412	0	349369
15092	347521	1061	761	1246	0	350589
15093	8713	1462	338188	1502	0	349865
15094	336962	814	5346	1420	0	344542
15095	348224	709	3236	1425	0	353594
15096	9144	938	1014	344223	0	355319
15097	286266	1073	3087	6510	0	296936
15098	5414	1502	338136	3418	0	348470
15099	325103	777	5339	1968	0	333187
15100	7293	1076	339856	1321	0	349546
15101	4560	343387	5910	1548	0	355405
15102	2872	8015	3588	297632	0	312107
15103	2365	339006	1703	5034	0	348108
15104	2745	5874	332189	2886	0	343694
15105	2002	338658	5692	1813	0	348165
15106	316637	5323	3042	1439	0	326441
15107	5306	316307	1859	1214	0	324686
15108	3640	309053	1317	1131	0	315141
15109	2166	7238	303504	1074	0	313982
15110	1668	3719	5011	297945	0	308343
15111	301293	1450	2961	5013	0	310717
15112	5290	1882	304164	3067	0	314403
15113	3341	303604	5649	1582	0	314176
15114	2026	5368	2960	293546	0	303900
15115	1974	3624	304040	5124	0	314762
15116	1924	2043	300160	3174	0	307301
15117	1762	1549	7472	297470	0	308253
15118	1827	1505	303038	5686	0	312056
15119	2145	1475	6211	262567	0	272398
15120	1890	291465	4040	4866	0	302261
15121	2328	5165	2274	278943	0	288710
15122	1934	297117	2180	5059	0	306290
15123	2527	5373	1485	294723	0	304108
15124	293412	3060	1995	5740	0	304207
15125	6465	1457	1888	288632	0	298442
15126	4070	291754	2040	6011	0	303875
15127	2484	5158	1868	297755	0	307265
15128	2323	3383	295906	6180	0	307792
15129	2330	1867	5716	294506	0	304419
15130	293060	1317	3672	6413	0	304462
15131	6062	1998	286373	3992	0	298425
15132	4312	1843	5900	278178	0	290233
15133	276018	1490	3521	6110	0	287139
15134	5935	276504	2513	4369	0	289321
15135	4465	5997	2077	270302	0	282841
15136	277923	3879	1851	6291	0	289944
15137	6932	2011	2241	277342	0	288526
15138	4388	2532	273221	6728	0	286869
15139	260349	2342	6056	4500	0	273247
15140	6288	271906	5045	2416	0	285655
15141	3998	274858	3161	2949	0	284966
15142	275521	7500	2601	2235	0	287857
15143	269374	4276	2455	2126	0	278231
15144	8205	2800	2088	263315	0	276408
15145	267348	2101	2411	5821	0	277681
15146	6673	2818	260917	4336	0	274744
15147	255114	2167	6365	3145	0	266791
15148	6384	256928	4734	3221	0	271267
15149	255903	5284	3283	3011	0	267481
15150	6575	4134	255688	3024	0	269421
15151	5901	3149	6314	251680	0	267044
15152	3940	2316	4863	254168	0	265287
15153	3520	2723	3448	230830	0	240521
15154	3429	249123	3714	7128	0	263394
15155	251490	5540	2759	4543	0	264332
15156	8084	3579	3022	224384	0	239069
15157	5866	235540	3258	5425	0	250089
15158	258394	5050	2856	4723	0	271023
15159	249559	3606	3607	3428	0	260200
15160	254309	2635	2650	3780	0	263374
15161	253376	2616	2617	3884	0	262493
15162	248183	2186	2895	4039	0	257303
15163	8516	2873	2952	245947	0	260288
15164	5956	2810	3031	245037	0	256834
15165	241962	3006	2693	8150	0	255811
15166	6242	3462	2933	243428	0	256065
15167	5454	3910	2552	241981	0	253897
15168	3699	3916	229645	8348	0	245608
15169	233427	3651	6349	5188	0	248615
15170	239631	3294	4672	4259	0	251856
15171	241843	4100	2955	3502	0	252400
15172	8764	3752	3229	212822	0	228567
15173	5258	230927	3203	6856	0	246244
15174	245059	5888	3208	5330	0	259485
15175	236684	4351	3566	5113	0	249714
15176	9214	2694	3093	254506	0	269507
15177	254033	2575	3920	7749	0	268277
15178	8827	4431	209710	6440	0	229408
15179	5880	257691	6334	4851	0	274756
15180	5830	263830	5026	5487	0	280173
15181	6923	8780	256822	5012	0	277537
15182	3049	232453	6673	4568	0	246743
15183	3727	214136	4486	4893	0	227242
15184	172990	4034	4149	2966	0	184139
15185	3071	171884	2023	2882	0	179860
15186	3388	3397	1614	171820	0	180219
15187	176066	2397	1331	4175	0	183969
15188	3671	1946	171631	3290	0	180538
15189	167556	1690	2068	3167	0	174481
15190	3655	2045	169765	2578	0	178043
15191	2803	1433	166828	2659	0	173723
15192	160292	1021	3336	2666	0	167315
15193	3137	1177	170406	2371	0	177091
15194	2654	166608	2527	1666	0	173455
15195	2033	1951	2404	164521	0	170909
15196	164671	1746	1023	2599	0	170039
15197	2925	161014	969	2382	0	167290
15198	2574	2172	846	162029	0	167621
15199	2028	2194	160475	2591	0	167288
15200	2272	1079	1614	161644	0	166609
15201	157262	791	1777	2855	0	162685
15202	3279	1065	155613	2071	0	162028
15203	3241	942	1893	154236	0	160312
15204	156891	1271	1564	2429	0	162155
15205	160539	1039	934	2094	0	164606
15206	4666	783	776	159320	0	165545
15207	3487	798	534	161022	0	165841
15208	2262	1089	161277	3533	0	168161
15209	2258	859	157258	2213	0	162588
15210	155871	535	3014	1475	0	160895
15211	163948	662	1744	1380	0	167734
15212	3752	162962	1100	1107	0	168921
15213	162725	1613	801	732	0	165871
15214	165254	1323	779	1082	0	168438
15215	3335	1082	176540	1256	0	182213
15216	2080	180912	2064	1340	0	186396
15217	183751	1869	1524	1019	0	188163
15218	184058	1344	534	636	0	186572
15219	188507	489	361	615	0	189972
15220	3587	449	300	184782	0	189118
15221	2299	313	249	185542	0	188403
15222	1064	185971	614	3102	0	190751
15223	926	1975	219	188985	0	192105
15224	187356	1380	258	2541	0	191535
15225	2505	534	201	189107	0	192347
15226	1887	829	186097	2578	0	191391
15227	1066	752	182199	1808	0	185825
15228	926	246	3179	183843	0	188194
15229	718	658	187833	2524	0	191733
15230	700	769	185392	1984	0	188845
15231	838	301	3475	178160	0	182774
15232	795	388	1878	189338	0	192399
15233	647	684	189810	3635	0	194776
15234	832	684	189259	2132	0	192907
15235	591	192083	3760	1037	0	197471
15236	192726	2026	1981	930	0	197663
15237	2305	199078	1263	735	0	203381
15238	199700	2226	604	791	0	203321
15239	201604	1613	519	665	0	204401
15240	3489	202703	872	575	0	207639
15241	204623	2291	418	653	0	207985
15242	2906	1730	367	201412	0	206415
15243	2112	1125	206149	2541	0	211927
15244	1131	459	2355	202701	0	206646
15245	765	436	1710	209385	0	212296
15246	201480	280	685	4193	0	206638
15247	203096	280	552	2416	0	206344
15248	204801	326	487	1141	0	206755
15249	204786	311	374	959	0	206430
15250	196685	283	406	934	0	198308
15251	4349	191524	812	705	0	197390
15252	2629	2182	427	194869	0	200107
15253	1133	2051	196762	2604	0	202550
15254	1062	618	2469	196092	0	200241
15255	1020	360	1859	199270	0	202509
15256	926	300	804	207422	0	209452
15257	214376	286	561	4684	0	219907
15258	3497	331	473	215410	0	219711
15259	219247	335	446	4064	0	224092
15260	4118	839	224745	2794	0	232496
15261	3111	326	3360	263041	0	269838
15262	1336	1019	273386	5411	0	281152
15263	269799	344	5317	3595	0	279055
15264	5588	402	3127	273278	0	282395
15265	3587	923	279816	5719	0	290045
15266	1720	338	5321	281316	0	288695
15267	280510	322	3488	6490	0	290810
15268	5661	887	284234	3856	0	294638
15269	283028	322	5420	2099	0	290869
15270	292693	285	3515	1665	0	298158
15271	292142	251	1537	1659	0	295589
15272	285672	290	1290	1554	0	288806
15273	8604	280142	1700	1617	0	292063
15274	4169	272607	1438	1425	0	279639
15275	2148	269211	1604	1261	0	274224
15276	2436	9804	1578	240052	0	253870
15277	1459	251821	1295	4256	0	258831
15278	245040	4437	914	2646	0	253037
15279	4716	242424	1308	1276	0	249724
15280	3189	245854	1206	1107	0	251356
15281	1916	6184	789	242301	0	251190
15282	1839	3103	667	247793	0	253402
15283	243164	1283	850	6677	0	251974
15284	5132	1013	680	245490	0	252315
15285	3270	1375	237738	5302	0	247685
15286	1806	1344	226233	3460	0	232843
15287	1663	1306	236250	1923	0	241142
15288	2151	855	6493	227886	0	237385
15289	2133	689	2998	246333	0	252153
15290	1970	1176	240118	7027	0	250291
15291	1966	1191	236246	3808	0	243211
15292	1784	1409	246286	1933	0	251412
15293	243180	1007	7609	1610	0	253406
15294	5588	1110	3735	249185	0	259618
15295	3664	1106	1660	253351	0	259781
15296	251797	1100	1412	7928	0	262237
15297	5679	1037	1329	249238	0	257283
15298	3616	249105	1811	6097	0	260629
15299	1832	258778	1735	4298	0	266643
15300	1783	7152	1142	255055	0	265132
15301	256006	3449	1050	6291	0	266796
15302	257755	1264	1178	4615	0	264812
15303	262284	856	1249	2696	0	267085
15304	8678	830	1356	256381	0	267245
15305	4368	1316	252079	6432	0	264195
15306	2473	803	5572	253386	0	262234
15307	1864	1236	253423	6672	0	263195
15308	234744	801	6192	4700	0	246437
15309	6210	801	3957	247441	0	258409
15310	239771	645	2239	6537	0	249192
15311	6165	1145	246813	4319	0	258442
15312	223723	661	5994	2915	0	233293
15313	6778	1170	253973	2226	0	264147
15314	4799	241557	6091	2214	0	254661
15315	2626	239673	4042	2228	0	248569
15316	233637	6880	1803	2202	0	244522
15317	6309	3647	1334	232144	0	243434
15318	4127	1988	233106	5721	0	244942
15319	2219	228898	5366	3930	0	240413
15320	1938	236840	3924	2006	0	244708
15321	2338	7101	1553	233655	0	244647
15322	235231	3500	1282	5628	0	245641
15323	235919	1481	1299	4014	0	242713
15324	7456	235119	1930	2349	0	246854
15325	237590	4955	1496	2270	0	246311
15326	6291	3284	1650	235355	0	246580
15327	4206	1873	235179	5963	0	247221
15328	2181	237187	5897	4318	0	249583
15329	2769	4822	3841	237371	0	248803
15330	2537	3086	1917	240397	0	247937
15331	236660	1370	1669	7900	0	247599
15332	5936	1760	234474	4280	0	246450
15333	230582	1321	5282	2408	0	239593
15334	236793	1228	3785	2095	0	243901
15335	8445	1280	1771	232227	0	243723
15336	4853	1349	1401	237739	0	245342
15337	229381	1453	1419	7741	0	239994
15338	6173	1554	1347	231597	0	240671
15339	4117	1795	227478	6153	0	239543
15340	2250	1742	224770	4074	0	232836
15341	2115	222415	7056	2361	0	233947
15342	2028	235789	3676	2393	0	243886
15343	2624	6973	1503	211055	0	222155
15344	2196	224737	1766	5096	0	233795
15345	225730	5332	1348	3975	0	236385
15346	5316	230554	1842	2449	0	240161
15347	4037	5310	1208	228210	0	238765
15348	2196	3455	1253	233647	0	240551
15349	1687	2265	228613	7894	0	240459
15350	2071	1238	5179	226683	0	235171
15351	1997	1262	3575	229050	0	235884
15352	1881	232285	2403	7583	0	244152
15353	2150	4916	1651	229854	0	238571
15354	2243	3168	1423	237247	0	244081
15355	2424	1645	231272	8460	0	243801
15356	1623	227970	5757	5083	0	240433
15357	1750	14256	3207	195452	0	214665
15358	1359	214387	1690	4796	0	222232
15359	1596	4626	204067	3590	0	213879
15360	1088	199057	4466	1955	0	206566
15361	154426	3932	3440	1850	0	163648
15362	149133	1673	739	782	0	152327
15363	148834	785	388	736	0	150743
15364	3127	147791	623	722	0	152263
15365	146306	2058	387	642	0	149393
15366	2382	1552	370	143842	0	148146
15367	140977	691	344	2247	0	144259
15368	2136	138959	534	1691	0	143320
15369	139737	2015	296	899	0	142947
15370	142322	1476	323	824	0	144945
15371	3126	145758	535	733	0	150152
15372	1964	2335	145937	706	0	150942
15373	890	1706	2009	157023	0	161628
15374	743	931	169026	2896	0	173596
15375	807	544	3029	172592	0	176972
15376	783	515	1890	183124	0	186312
15377	554	848	184401	5089	0	190892
15378	673	579	3319	185960	0	190531
15379	186011	502	2212	4102	0	192827
15380	3458	819	186890	2842	0	194009
15381	2201	187295	3837	1239	0	194572
15382	1034	3464	2217	183265	0	189980
15383	843	2204	707	190814	0	194568
15384	657	1126	187834	5596	0	195213
15385	831	747	3451	176916	0	181945
15386	566	186147	2457	3807	0	192977
15387	180053	3395	875	2630	0	186953
15388	3115	184201	869	1180	0	189365
15389	171799	3293	401	939	0	176432
15390	3033	174555	758	809	0	179155
15391	1763	179005	674	860	0	182302
15392	855	4674	168944	703	0	175176
15393	912	2696	3461	167367	0	174436
15394	629	827	1812	167252	0	170520
15395	654	531	609	172179	0	173973
15396	420	181224	831	5085	0	187560
15397	659	3594	594	183558	0	188405
15398	185437	2096	543	4569	0	192645
15399	3967	763	605	187033	0	192368
15400	185372	560	613	4824	0	191369
15401	4223	926	186838	2991	0	194978
15402	185902	618	4034	1559	0	192113
15403	4392	760	2370	188561	0	196083
15404	2663	738	889	196905	0	201195
15405	199536	676	783	6533	0	207528
15406	4268	982	202435	3453	0	211138
15407	2545	201332	4485	1759	0	210121
15408	1242	4290	2522	199833	0	207887
15409	203846	2732	956	4635	0	212169
15410	206593	1239	713	3029	0	211574
15411	6511	1164	587	201867	0	210129
15412	3090	1274	203199	4921	0	212484
15413	191969	985	4258	3185	0	200397
15414	4496	1316	198961	1659	0	206432
15415	3188	1043	4451	194901	0	203583
15416	1245	1067	198366	5225	0	205903
15417	1331	990	4363	195334	0	202018
15418	1096	953	193015	5412	0	200476
15419	1067	190273	4620	3781	0	199741
15420	1991	4165	2717	154787	0	163660
15421	1053	190866	1410	4115	0	197444
15422	191060	4220	908	2818	0	199006
15423	192883	2436	984	1815	0	198118
15424	6351	1325	188028	1805	0	197509
15425	3581	869	4195	186245	0	194890
15426	189446	747	2715	4856	0	197764
15427	4972	863	1204	188471	0	195510
15428	3380	750	1051	186913	0	192094
15429	1795	1054	183393	6720	0	192962
15430	173448	770	4506	3991	0	182715
15431	4824	1009	185440	2302	0	193575
15432	3514	755	4734	181223	0	190226
15433	1914	857	184781	5334	0	192886
15434	180723	722	4891	3820	0	190156
15435	184209	602	3311	2371	0	190493
15436	183537	773	1991	1907	0	188208
15437	6822	750	1781	179686	0	189039
15438	3570	1004	179077	5186	0	188837
15439	1898	1139	180463	3711	0	187211
15440	2018	1487	6368	152499	0	162372
15441	1551	176075	3956	4610	0	186192
15442	171109	3933	1892	3521	0	180455
15443	5182	2741	1525	170383	0	179831
15444	3542	1521	171803	5183	0	182049
15445	2516	1133	4531	173478	0	181658
15446	2265	1189	177576	5389	0	186419
15447	2510	1053	4991	177488	0	186042
15448	2139	1005	180949	5777	0	189870
15449	2186	954	179803	4243	0	187186
15450	1888	174582	6819	3219	0	186508
15451	1894	3830	177469	2716	0	185909
15452	2047	2539	177455	2552	0	184593
15453	2431	1525	6844	141364	0	152164
15454	2437	926	3708	147746	0	154817
15455	2071	168413	2532	5801	0	178817
15456	168506	3514	2207	3327	0	177554
15457	5169	169128	2442	2276	0	179015
15458	4010	3844	2127	165610	0	175591
15459	169380	2236	2213	4992	0	178821
15460	5320	932	2095	169249	0	177596
15461	170407	848	2395	5358	0	179008
15462	5183	789	2171	172600	0	180743
15463	3414	1308	172388	5553	0	182663
15464	2320	1049	4996	173083	0	181448
15465	2247	1029	3651	173796	0	180723
15466	172633	924	2513	6830	0	182900
15467	172704	778	2496	4409	0	180387
15468	168837	775	2627	2838	0	175077
15469	6208	164540	3080	2526	0	176354
15470	3157	164185	2709	2614	0	172665
15471	160241	4522	2781	2374	0	169918
15472	4332	2703	163113	2315	0	172463
15473	2917	1292	154772	1996	0	160977
15474	2525	4782	5419	134888	0	147614
15475	1549	981	139267	3451	0	145248
15476	1433	756	131510	2586	0	136285
15477	121333	793	4405	1833	0	128364
15478	122801	524	2441	1584	0	127350
15479	3778	126299	1580	1615	0	133272
15480	2325	128741	1621	1547	0	134234
15481	2053	3184	1338	95443	0	102018
15482	1356	127637	1730	2408	0	133131
15483	129640	2153	1488	2073	0	135354
15484	2981	1588	1342	115264	0	121175
15485	2146	128996	1562	2705	0	135409
15486	131593	2166	1246	2226	0	137231
15487	2971	1746	132249	1432	0	138398
15488	2369	1003	130209	1348	0	134929
15489	127061	634	3879	1651	0	133225
15490	2918	712	127852	1575	0	133057
15491	123366	421	2892	1441	0	128120
15492	2827	813	2411	118846	0	124897
15493	2041	848	128167	2464	0	133520
15494	1220	125255	2916	1981	0	131372
15495	1201	126835	2474	1147	0	131657
15496	111116	2020	1528	1083	0	115747
15497	1559	114156	1565	953	0	118233
15498	105759	1057	1068	843	0	108727
15499	104461	811	1084	705	0	107061
15500	1873	104598	1079	610	0	108160
15501	1237	1181	829	102427	0	105674
15502	592	1057	104289	1278	0	107216
15503	446	107952	1668	919	0	110985
15504	655	4711	1168	105325	0	111859
15505	456	1141	519	112037	0	114153
15506	108886	217	256	2080	0	111439
15507	1404	198	241	109055	0	110898
15508	919	341	107818	1667	0	110745
15509	271	107845	1624	1077	0	110817
15510	353	1500	953	108110	0	110916
15511	108748	862	441	1674	0	111725
15512	111129	283	268	1142	0	112822
15513	2314	315	283	111176	0	114088
15514	113356	158	358	1782	0	115654
15515	1913	485	114657	1085	0	118140
15516	1295	209	1786	114362	0	117652
15517	458	450	117687	1872	0	120467
15518	490	236	1871	125826	0	128423
15519	480	195	1245	126794	0	128714
15520	418	241	367	128879	0	129905
15521	512	201	308	128514	0	129535
15522	416	253	227	129121	0	130017
15523	125459	202	185	4087	0	129933
15524	126993	188	209	1990	0	129380
15525	3507	126761	448	911	0	131627
15526	129223	2256	243	808	0	132530
15527	2768	1343	234	128907	0	133252
15528	1770	344	302	131746	0	134162
15529	791	283	263	132471	0	133808
15530	665	453	131339	4132	0	136589
15531	807	279	2456	121901	0	125443
15532	569	130225	1681	2707	0	135182
15533	130284	2388	470	1880	0	135022
15534	130506	1476	387	945	0	133314
15535	3872	728	128822	844	0	134266
15536	1901	129242	2683	855	0	134681
15537	843	2453	1587	128178	0	133061
15538	599	1765	129961	2941	0	135266
15539	697	537	2600	119532	0	123366
15540	531	127043	1842	2862	0	132278
15541	123034	2490	654	1988	0	128166
15542	2643	126764	678	1187	0	131272
15543	1873	2874	126287	894	0	131928
15544	918	1883	126689	795	0	130285
15545	692	124653	3825	846	0	130016
15546	506	123748	1789	848	0	126891
15547	119452	3514	667	850	0	124483
15548	120129	1631	417	818	0	122995
15549	3708	629	399	119598	0	124334
15550	1789	673	119422	2842	0	124726
15551	894	449	2415	118922	0	122680
15552	801	427	1485	120078	0	122791
15553	117716	421	536	4087	0	122760
15554	117860	480	502	2127	0	120969
15555	4002	405	401	122297	0	127105
15556	1931	658	123208	3138	0	128935
15557	786	123994	2881	2108	0	129769
15558	123712	2666	1628	1188	0	129194
15559	2849	128677	787	1085	0	133398
15560	2070	3045	485	129501	0	135101
15561	1044	1868	472	135456	0	138840
15562	906	628	592	135595	0	137721
15563	752	609	589	133759	0	135709
15564	127810	668	498	5125	0	134101
15565	3397	604	410	129197	0	133608
15566	2186	127228	644	3847	0	133905
15567	1071	2935	420	129419	0	133845
15568	124863	1848	511	3932	0	131154
15569	2996	126436	827	2872	0	133131
15570	2239	2988	493	127297	0	133017
15571	1053	2172	124538	3796	0	131559
15572	120537	712	2912	2735	0	126896
15573	3567	654	1792	124278	0	130291
15574	2295	788	122342	3838	0	129263
15575	1065	859	121121	2591	0	125636
15576	1344	1118	4416	119925	0	126803
15577	119319	597	2546	3707	0	126169
15578	120402	650	807	2626	0	124485
15579	4495	121851	862	1512	0	128720
15580	121306	2890	528	1520	0	126244
15581	121993	1776	581	1511	0	125861
15582	122559	588	644	1484	0	125275
15583	120176	601	601	1462	0	122840
15584	4784	583	526	117358	0	123251
15585	2705	617	484	118745	0	122551
15586	1379	777	113021	4999	0	120176
15587	1090	108119	2930	2900	0	115039
15588	956	112260	1991	1651	0	116858
15589	1045	4245	109827	1472	0	116589
15590	106279	1926	2997	1403	0	112605
15591	3437	730	1751	108724	0	114642
15592	110469	651	710	3450	0	115280
15593	109770	655	631	2499	0	113555
15594	4432	887	107186	1524	0	114029
15595	2453	600	2796	106866	0	112715
15596	108140	526	1771	3399	0	113836
15597	3446	579	716	108469	0	113210
15598	2301	940	107377	3551	0	114169
15599	1438	2910	2784	100328	0	107460
15600	1221	108351	2048	2993	0	114613
15601	1131	111926	920	2081	0	116058
15602	1299	3954	106300	1253	0	112806
15603	889	103548	2842	1017	0	108296
15604	92976	2711	1909	1351	0	98947
15605	90534	1253	553	913	0	93253
15606	3016	424	435	88653	0	92528
15607	1659	377	435	89922	0	92393
15608	805	364	429	91565	0	93163
15609	88871	359	349	3044	0	92623
15610	2234	88680	549	1575	0	93038
15611	88422	1809	268	776	0	91275
15612	86864	1096	314	687	0	88961
15613	2867	86641	494	674	0	90676
15614	82876	1477	255	723	0	85331
15615	1926	83817	429	621	0	86793
15616	83908	1597	310	722	0	86537
15617	1934	1147	82605	726	0	86412
15618	70019	728	1445	549	0	72741
15619	1203	74024	848	444	0	76519
15620	1270	1145	697	73170	0	76282
15621	490	681	169	77231	0	78571
15622	486	233	164	79057	0	79940
15623	79005	144	178	2086	0	81413
15624	1441	211	184	80596	0	82432
15625	1014	359	78576	1549	0	81498
15626	75597	246	1154	1130	0	78127
15627	1353	433	78805	566	0	81157
15628	1090	405	1187	77513	0	80195
15629	455	459	79517	1386	0	81817
15630	476	395	1205	75029	0	77105
15631	334	78110	960	1254	0	80658
15632	462	1136	330	75649	0	77577
15633	401	78232	373	1221	0	80227
15634	481	1109	268	78509	0	80367
15635	78529	794	204	1423	0	80950
15636	1343	271	227	81184	0	83025
15637	81362	194	205	1404	0	83165
15638	1415	396	77960	1007	0	80778
15639	78054	249	1083	558	0	79944
15640	80524	252	762	457	0	81995
15641	80815	238	273	417	0	81743
15642	2187	246	183	80313	0	82929
15643	79354	213	250	1300	0	81117
15644	1468	387	76710	931	0	79496
15645	75796	273	1132	564	0	77765
15646	1510	364	77167	439	0	79480
15647	76949	242	1150	455	0	78796
15648	1484	220	802	79173	0	81679
15649	1150	371	80900	1265	0	83686
15650	668	235	1112	80470	0	82485
15651	560	228	914	82321	0	84023
15652	552	360	80981	2028	0	83921
15653	72246	173	1157	1309	0	74885
15654	1295	82433	1035	619	0	85382
15655	80049	898	331	483	0	81761
15656	1089	80000	382	468	0	81939
15657	77554	855	330	448	0	79187
15658	1106	734	76607	374	0	78821
15659	67135	667	1159	536	0	69497
15660	775	71237	634	291	0	72937
15661	763	490	358	69161	0	70772
15662	251	342	138	71120	0	71851
15663	248	140	84	71735	0	72207
15664	237	242	71421	979	0	72879
15665	244	68	527	70717	0	71556
15666	214	236	74722	647	0	75819
15667	75548	79	649	568	0	76844
15668	82483	91	489	353	0	83416
15669	1313	85	151	84215	0	85764
15670	695	230	84961	909	0	86795
15671	78964	76	859	900	0	80799
15672	1017	254	102829	289	0	104389
15673	838	109	1247	101325	0	103519
15674	357	84	792	105418	0	106651
15675	323	81	245	108699	0	109348
15676	323	78	170	110121	0	110692
15677	105770	79	163	2363	0	108375
15678	1344	107745	380	1263	0	110732
15679	1065	1394	104559	398	0	107416
15680	333	106231	1457	337	0	108358
15681	105838	1330	933	376	0	108477
15682	1558	912	244	105870	0	108584
15683	108061	199	202	1624	0	110086
15684	1568	126	194	108348	0	110236
15685	1142	130	202	108526	0	110000
15686	444	130	180	109598	0	110352
15687	258	367	107349	2421	0	110395
15688	263	105912	1522	1430	0	109127
15689	500	1448	108753	550	0	111251
15690	450	860	1476	108219	0	111005
15691	110254	226	977	1732	0	113189
15692	109831	168	356	1347	0	111702
15693	110628	155	264	761	0	111808
15694	2281	110141	444	510	0	113376
15695	114128	1310	221	647	0	116306
15696	1691	945	260	113515	0	116411
15697	1171	321	234	115091	0	116817
15698	547	193	260	114594	0	115594
15699	397	115216	418	2477	0	118508
15700	640	1364	237	106762	0	109003
15701	398	112471	507	1549	0	114925
15702	111874	1494	228	1235	0	114831
15703	112406	956	232	761	0	114355
15704	2508	278	182	112900	0	115868
15705	1329	466	110968	1845	0	114608
15706	108400	261	1430	1419	0	111510
15707	1658	293	1001	113779	0	116731
15708	1187	517	112701	1833	0	116238
15709	104225	288	1465	1529	0	107507
15710	1727	243	976	114548	0	117494
15711	114094	213	354	1898	0	116559
15712	1713	113578	434	1385	0	117110
15713	1329	1519	261	111420	0	114529
15714	617	116949	501	1741	0	119808
15715	693	1983	274	116597	0	119547
15716	512	118276	458	1809	0	121055
15717	616	1648	253	119024	0	121541
15718	469	1242	116936	1778	0	120425
15719	89222	531	1476	2110	0	93339
15720	1498	114942	1066	862	0	118368
15721	1130	1539	111042	649	0	114360
15722	107003	867	1286	694	0	109850
15723	1533	345	804	113340	0	116022
15724	1108	539	112813	1551	0	116011
15725	510	113841	1427	1337	0	117115
15726	510	1152	823	115277	0	117762
15727	535	1105	116377	1431	0	119448
15728	510	351	1182	115973	0	118016
15729	492	311	806	118272	0	119881
15730	470	620	120350	2110	0	123550
15731	560	364	1264	121034	0	123222
15732	452	714	123793	1749	0	126708
15733	498	391	1342	123962	0	126193
15734	461	665	128992	1835	0	131953
15735	515	352	1420	128355	0	130642
15736	564	311	955	129030	0	130860
15737	650	329	436	127012	0	128427
15738	471	127458	664	2333	0	130926
15739	127565	1317	417	1538	0	130837
15740	128627	917	512	917	0	130973
15741	2271	358	395	130359	0	133383
15742	130401	308	489	2011	0	133209
15743	1600	733	130450	1468	0	134251
15744	1035	131959	1616	988	0	135598
15745	132527	1285	1001	1142	0	135955
15746	1444	134538	706	923	0	137611
15747	1172	1446	352	134893	0	137863
15748	590	1047	400	135882	0	137919
15749	131154	385	423	2443	0	134405
15750	1630	362	337	132037	0	134366
15751	1189	691	130714	1948	0	134542
15752	574	130246	1587	1418	0	133825
15753	131085	1339	960	944	0	134328
15754	1623	965	397	129452	0	132437
15755	1090	133600	554	1870	0	137114
15756	714	1496	367	129378	0	131955
15757	469	135702	637	1661	0	138469
15758	135410	1515	401	1470	0	138796
15759	134448	999	421	965	0	136833
15760	2273	788	133558	786	0	137405
15761	1339	800	131936	674	0	134749
15762	808	331	1960	131021	0	134120
15763	507	135012	1334	1696	0	138549
15764	622	1374	420	137150	0	139566
15765	135792	936	361	1944	0	139033
15766	1356	780	132870	1299	0	136305
15767	1100	348	1099	126690	0	129237
15768	440	567	126952	1351	0	129310
15769	361	533	121565	1124	0	123583
15770	320	128673	1748	637	0	131378
15771	1485	2661	1040	122392	0	127578
15772	111272	432	344	968	0	113016
15773	656	466	111769	605	0	113496
15774	414	110282	664	284	0	111644
15775	109048	380	299	332	0	110059
15776	470	283	116	109649	0	110518
15777	113939	114	86	799	0	114938
15778	115102	96	94	612	0	115904
15779	115745	91	119	486	0	116441
15780	685	428	121452	199	0	122764
15781	113323	110	465	401	0	114299
15782	122286	81	322	381	0	123070
15783	721	125231	384	220	0	126556
15784	496	544	79	126208	0	127327
15785	273	352	84	125254	0	125963
15786	209	94	103	127871	0	128277
15787	128106	91	92	1011	0	129300
15788	124057	93	118	687	0	124955
15789	920	510	126524	328	0	128282
15790	603	96	538	124844	0	126081
15791	177	125732	675	640	0	127224
15792	126511	535	132	690	0	127868
15793	647	779	126955	237	0	128618
15794	587	144	575	122927	0	124233
15795	314	90	422	124901	0	125727
15796	183	125606	425	972	0	127186
15797	260	622	126	126042	0	127050
15798	277	450	150	122657	0	123534
15799	221	158	103	125948	0	126430
15800	124944	93	94	1262	0	126393
15801	735	122	115	124259	0	125231
15802	584	119	102	124749	0	125554
15803	125418	100	104	1400	0	127022
15804	785	166	100	124672	0	125723
15805	546	136156	387	948	0	138037
15806	141196	998	123	831	0	143148
15807	145811	752	126	607	0	147296
15808	150212	236	116	511	0	151075
15809	164008	121	111	470	0	164710
15810	2923	174442	428	373	0	178166
15811	196026	2225	120	518	0	198889
15812	198489	1266	140	484	0	200379
15813	4661	427	114	196645	0	201847
15814	2137	800	193654	3106	0	199697
15815	985	217	2930	193110	0	197242
15816	721	223	1553	194337	0	196834
15817	797	170	395	193417	0	194779
15818	636	210	223	193858	0	194927
15819	630	176	241	195108	0	196155
15820	188365	143	232	5297	0	194037
15821	3470	128	119	191146	0	194863
15822	1885	727	192476	3974	0	199062
15823	944	193	3055	187207	0	191399
15824	455	192062	1982	3737	0	198236
15825	777	3274	436	192345	0	196832
15826	516	1960	191895	3819	0	198190
15827	165848	540	3316	2788	0	172492
15828	180427	245	1762	1282	0	183716
15829	4712	668	195751	929	0	202060
15830	2068	194118	3400	813	0	200399
15831	197027	3032	1789	959	0	202807
15832	197430	1608	555	862	0	200455
15833	199057	492	317	755	0	200621
15834	194908	284	371	704	0	196267
15835	5649	345	339	189964	0	196297
15836	2756	880	191205	3664	0	198505
15837	1738	314	3194	192204	0	197450
15838	1389	361	1734	198464	0	201948
15839	1183	796	195678	5434	0	203091
15840	1123	863	193970	2931	0	198887
15841	187693	340	5014	1674	0	194721
15842	4129	195671	2751	1426	0	203977
15843	2874	3374	856	196032	0	203136
15844	1270	2287	194105	4565	0	202227
15845	178980	555	3955	3678	0	187168
15846	4198	730	194776	2113	0	201817
15847	185120	373	3997	2308	0	191798
15848	4187	193363	2759	2043	0	202352
15849	2812	3389	1003	194093	0	201297
15850	1472	2571	192767	4926	0	201736
15851	178992	728	3917	3545	0	187182
15852	4318	192248	2912	1753	0	201231
15853	2810	201161	1630	1573	0	207174
15854	1868	5356	1128	197149	0	205501
15855	1521	2711	973	204878	0	210083
15856	211627	1211	973	6412	0	220223
15857	5448	211523	1331	3571	0	221873
15858	4026	4659	1006	214600	0	224291
15859	213997	2583	988	5639	0	223207
15860	220247	1018	997	3733	0	225995
15861	226689	908	975	2189	0	230761
15862	8554	1403	229934	1894	0	241785
15863	4568	1206	236912	1954	0	244640
15864	244948	602	7736	2240	0	255526
15865	7131	251738	4304	2174	0	265347
15866	4366	257352	2277	2275	0	266270
15867	2664	8427	1491	238472	0	251054
15868	1572	254302	2257	6724	0	264855
15869	255277	6366	1577	4474	0	267694
15870	7305	3599	1609	253383	0	265896
15871	4405	2151	253138	6843	0	266537
15872	250888	1255	6753	4439	0	263335
15873	258188	1389	3929	2300	0	265806
15874	10374	1431	1883	252824	0	266512
15875	5710	1112	1632	257266	0	265720
15876	3454	1334	1800	259211	0	265799
15877	3194	1459	1482	256265	0	262400
15878	2683	2037	242858	10190	0	257768
15879	2455	241566	6917	5571	0	256509
15880	2996	6846	3797	212117	0	225756
15881	2472	241197	2304	7055	0	253028
15882	3031	7175	1614	207594	0	219414
15883	2173	237158	2128	6978	0	248437
15884	233149	7121	1421	5030	0	246721
15885	235931	4059	1429	3299	0	244718
15886	9893	233971	2011	3046	0	248921
15887	236169	6768	1454	2892	0	247283
15888	8582	4164	1453	233494	0	247693
15889	232502	2353	1400	7701	0	243956
15890	8366	230866	2119	4833	0	246184
15891	234275	7114	1669	2538	0	245596
15892	237316	4303	1806	2071	0	245496
15893	11003	2516	1718	229516	0	244753
15894	5696	2641	230052	7352	0	245741
15895	3325	229448	7192	4503	0	244468
15896	3550	7228	3743	229340	0	243861
15897	230969	4734	1822	7414	0	244939
15898	8170	3382	229132	4897	0	245581
15899	5746	2319	6374	225242	0	239681
15900	3685	2175	3741	230285	0	239886
15901	230957	1707	1819	10139	0	244622
15902	234045	1887	1647	5759	0	243338
15903	231386	1877	1632	3433	0	238328
15904	10618	225164	2080	3343	0	241205
15905	217125	6261	1377	3335	0	228098
15906	7534	3798	206990	3386	0	221708
15907	4511	2300	202561	3231	0	212603
15908	2902	1956	202717	2853	0	210428
15909	3674	8358	8430	174882	0	195344
15910	2336	1719	173555	5243	0	182853
15911	150814	1129	3656	3080	0	158679
15912	4425	1115	2027	152916	0	160483
15913	3316	1257	154812	4205	0	163590
15914	157921	1038	3472	2973	0	165404
15915	4869	1062	2178	158938	0	167047
15916	3361	1220	1053	163050	0	168684
15917	163040	981	968	5554	0	170543
15918	4605	1047	1303	166832	0	173787
15919	3106	1404	167839	4272	0	176621
15920	2065	986	4033	169552	0	176636
15921	1965	1270	171833	4649	0	179717
15922	2069	884	4196	168237	0	175386
15923	163409	808	2501	4801	0	171519
15924	4470	161288	1651	3393	0	170802
15925	3351	166701	1536	2067	0	173655
15926	2434	5020	1006	162751	0	171211
15927	2134	2498	1116	160253	0	166001
15928	1890	160818	1326	5885	0	169919
15929	1932	157627	1538	3418	0	164515
15930	1987	4785	1229	154182	0	162183
15931	1889	2528	1432	155650	0	161499
15932	149342	1079	1256	6178	0	157855
15933	4096	149076	1628	3668	0	158468
15934	2895	149390	1420	2327	0	156032
15935	1868	154876	1445	1824	0	160013
15936	147066	5279	1209	1953	0	155507
15937	4068	2887	147388	1901	0	156244
15938	142889	1149	3840	2073	0	149951
15939	4286	1150	2324	141374	0	149134
15940	2702	139046	1503	4216	0	147467
15941	1585	146735	1186	2989	0	152495
15942	142437	4820	992	2094	0	150343
15943	4188	2503	1135	133312	0	141138
15944	2707	149117	1432	4007	0	157263
15945	151060	3806	1187	2909	0	158962
15946	152588	2533	1017	1929	0	158067
15947	5364	1848	150072	1769	0	159053
15948	150130	1251	3522	1647	0	156550
15949	153585	1216	2334	1641	0	158776
15950	5756	1136	1075	145155	0	153122
15951	2821	147289	1282	4288	0	155680
15952	1673	150920	1058	2940	0	156591
15953	1778	5419	708	144601	0	152506
15954	137341	2567	835	4019	0	144762
15955	3707	1663	133296	2812	0	141478
15956	2642	1330	128052	1350	0	133374
15957	2741	1163	125262	1214	0	130380
15958	2496	1088	126834	1113	0	131531
15959	1100	125599	4061	1172	0	131932
15960	1476	123728	2190	1196	0	128590
15961	2418	3786	112575	1146	0	119925
15962	1430	2163	109053	1275	0	113921
15963	580	96902	2747	794	0	101023
15964	567	1094	1281	83462	0	86404
15965	170	879	87999	881	0	89929
15966	196	312	943	84583	0	86034
15967	198	191	731	90712	0	91832
15968	215	149	290	93019	0	93673
15969	235	152	215	97438	0	98040
15970	177	457	95466	2018	0	98118
15971	215	153	1288	93506	0	95162
15972	94249	135	953	1573	0	96910
15973	1275	293	93723	1084	0	96375
15974	94335	151	1344	534	0	96364
15975	1512	138	916	96548	0	99114
15976	1035	306	98440	1489	0	101270
15977	96420	132	1473	1124	0	99149
15978	1521	134	1002	99471	0	102128
15979	100051	153	340	1662	0	102206
15980	1633	137	305	97728	0	99803
15981	1110	98558	432	1616	0	101716
15982	457	1525	101677	1151	0	104810
15983	379	954	1478	101511	0	104322
15984	102905	296	1046	1701	0	105948
15985	103480	274	384	1296	0	105434
15986	104161	220	321	604	0	105306
15987	103325	239	289	603	0	104456
15988	101442	280	264	546	0	102532
15989	2301	101521	478	513	0	104813
15990	102570	1436	267	563	0	104836
15991	1716	1232	100880	502	0	104330
15992	100553	415	1435	508	0	102911
15993	1904	409	1298	85310	0	88921
15994	1266	548	101318	1159	0	104291
15995	558	543	100885	948	0	102934
15996	547	360	2302	99719	0	102928
15997	101993	274	1188	1660	0	105115
15998	1601	100978	733	1255	0	104567
15999	101335	1475	372	635	0	103817
16000	1724	102440	503	531	0	105198
16001	1461	1661	397	103756	0	107275
16002	741	1170	389	106054	0	108354
16003	105249	418	347	2576	0	108590
16004	1879	366	331	106573	0	109149
16005	1427	545	105827	1939	0	109738
16006	104036	295	1583	1454	0	107368
16007	1918	323	1146	107216	0	110603
16008	1474	296	473	107172	0	109415
16009	743	620	105461	2671	0	109495
16010	95727	366	1682	1616	0	99391
16011	103898	301	1265	753	0	106217
16012	2644	104748	736	695	0	108823
16013	1485	1617	102549	516	0	106167
16014	821	1213	99807	479	0	102320
16015	823	921	2403	96383	0	100530
16016	724	687	1317	95179	0	97907
16017	492	97083	708	2440	0	100723
16018	518	1616	93985	1230	0	97349
16019	550	949	1565	90681	0	93745
16020	424	441	93738	1691	0	96294
16021	499	272	1632	87500	0	89903
16022	389	91340	1301	1561	0	94591
16023	513	1400	520	92839	0	95272
16024	481	919	440	93560	0	95400
16025	476	302	413	93521	0	94712
16026	91452	240	399	2504	0	94595
16027	1591	414	91478	1418	0	94901
16028	1105	94508	1668	763	0	98044
16029	557	1505	1067	99929	0	103058
16030	102960	993	448	2048	0	106449
16031	1957	292	405	105734	0	108388
16032	106301	215	401	2257	0	109174
16033	2104	394	107941	1635	0	112074
16034	106822	223	2031	678	0	109754
16035	2388	211	1345	111383	0	115327
16036	1647	413	111904	2324	0	116288
16037	709	111131	2273	1702	0	115815
16038	802	1922	1442	109692	0	113858
16039	748	1266	489	112532	0	115035
16040	109123	355	448	3294	0	113220
16041	2162	109128	626	1770	0	113686
16042	1518	108142	638	792	0	111090
16043	624	111734	661	711	0	113730
16044	101778	2833	466	703	0	105780
16045	2029	103389	514	612	0	106544
16046	1612	1968	360	100615	0	104555
16047	795	1245	325	102210	0	104575
16048	100679	411	299	2996	0	104385
16049	1939	99933	526	1593	0	103991
16050	1487	1860	281	100857	0	104485
16051	102154	1232	293	2253	0	105932
16052	102591	373	299	1578	0	104841
16053	102372	314	299	777	0	103762
16054	2930	100744	500	684	0	104858
16055	98282	1622	316	597	0	100817
16056	2009	1264	255	95179	0	98707
16057	1239	94427	450	1809	0	97925
16058	557	96487	404	1278	0	98726
16059	784	2466	317	94574	0	98141
16060	93869	1051	319	1935	0	97174
16061	95272	404	235	1334	0	97245
16062	2437	422	256	91137	0	94252
16063	1159	91284	417	1721	0	94581
16064	91707	1525	262	1248	0	94742
16065	1713	1237	89957	535	0	93442
16066	1124	628	87894	497	0	90143
16067	83678	434	1941	513	0	86566
16068	1580	511	85412	501	0	88004
16069	901	367	1093	78161	0	80522
16070	79170	227	768	1303	0	81468
16071	1264	260	232	81349	0	83105
16072	849	431	81017	1343	0	83640
16073	372	83017	1198	1005	0	85592
16074	456	1109	695	83725	0	85985
16075	398	892	83327	1262	0	85879
16076	77491	332	1086	942	0	79851
16077	1218	269	616	82988	0	85091
16078	828	454	82860	1208	0	85350
16079	438	250	1035	80971	0	82694
16080	828	81306	847	1199	0	84180
16081	432	1145	228	84933	0	86738
16082	412	747	172	83931	0	85262
16083	415	292	158	82472	0	83337
16084	356	82249	353	1787	0	84745
16085	83956	1032	202	1129	0	86319
16086	1200	807	199	84551	0	86757
16087	945	352	181	85177	0	86655
16088	482	243	224	86498	0	87447
16089	406	419	84763	1949	0	87537
16090	448	262	1057	85402	0	87169
16091	85309	225	739	1460	0	87733
16092	1157	86043	433	1082	0	88715
16093	962	1185	195	87404	0	89746
16094	463	904	182	88030	0	89579
16095	86684	335	208	1996	0	89223
16096	1184	87087	356	1184	0	89811
16097	88437	1208	187	680	0	90512
16098	89977	900	170	585	0	91632
16099	2103	321	167	88987	0	91578
16100	89350	274	156	1588	0	91368
16101	1418	85569	363	1178	0	88528
16102	86964	1270	215	561	0	89010
16103	1613	935	162	88220	0	90930
16104	95342	335	144	1642	0	97463
16105	97054	281	125	1246	0	98706
16106	2525	542	94504	559	0	98130
16107	97403	284	1263	624	0	99574
16108	100904	259	854	590	0	102607
16109	102353	335	327	615	0	103630
16110	2762	486	110068	511	0	113827
16111	1404	111206	2136	500	0	115246
16112	724	2031	1201	111607	0	115563
16113	111736	1204	395	2294	0	115629
16114	2174	110083	497	1430	0	114184
16115	111180	2022	193	608	0	114003
16116	2456	1247	227	112383	0	116313
16117	1540	630	112466	2281	0	116917
16118	114751	265	2009	1586	0	118611
16119	2512	247	1280	119131	0	123170
16120	1635	508	119911	2293	0	124347
16121	118937	219	2258	1733	0	123147
16122	2749	467	125065	685	0	128966
16123	1902	286	2590	130335	0	135113
16124	859	256	1577	137913	0	140605
16125	137003	224	434	4534	0	142195
16126	137259	176	319	2396	0	140150
16127	4507	136698	548	870	0	142623
16128	136711	2659	432	707	0	140509
16129	3162	1842	129421	465	0	134890
16130	1951	694	128331	437	0	131413
16131	123553	312	3936	531	0	128332
16132	2769	127080	2039	403	0	132291
16133	123813	2228	726	418	0	127185
16134	2692	123834	561	306	0	127393
16135	119938	2404	3187	344	0	125873
16136	2783	1431	338	118980	0	123532
16137	1832	688	121731	2361	0	126612
16138	949	295	2245	121569	0	125058
16139	759	254	1435	125449	0	127897
16140	123427	229	472	3728	0	127856
16141	2639	549	122665	1921	0	127774
16142	120077	198	2364	832	0	123471
16143	2730	122086	1794	560	0	127170
16144	123515	2292	554	543	0	126904
16145	2979	1526	365	121071	0	125941
16146	1949	815	120947	2490	0	126201
16147	1004	360	2468	121924	0	125756
16148	122225	325	1563	2792	0	126905
16149	2902	317	552	123081	0	126852
16150	2012	302	453	120734	0	123501
16151	900	118735	619	3808	0	124062
16152	901	2274	415	121196	0	124786
16153	833	1656	119636	2910	0	125035
16154	834	470	2529	119947	0	123780
16155	898	312	1648	122004	0	124862
16156	119504	330	598	4076	0	124508
16157	2908	341	511	119849	0	123609
16158	2054	557	117733	3110	0	123454
16159	993	118319	2832	2063	0	124207
16160	1084	2409	1680	117928	0	123101
16161	1007	1603	657	119746	0	123013
16162	119490	606	506	4045	0	124647
16163	2938	117474	760	2238	0	123410
16164	2132	2510	566	118937	0	124145
16165	116881	1628	550	3018	0	122077
16166	119559	635	569	2063	0	122826
16167	4253	477	486	118664	0	123880
16168	2357	631	119371	3049	0	125408
16169	118677	480	2598	2216	0	123971
16170	3340	426	1770	124038	0	129574
16171	124527	390	784	3367	0	129068
16172	124141	412	625	2407	0	127585
16173	4495	119280	841	1244	0	125860
16174	119639	2503	553	1194	0	123889
16175	3381	120647	902	988	0	125918
16176	2520	2825	617	119630	0	125592
16177	1537	1790	537	117044	0	120908
16178	1121	119290	879	4153	0	125443
16179	120811	2673	571	2393	0	126448
16180	119500	1857	637	1372	0	123366
16181	4425	1015	116606	1111	0	123157
16182	2515	822	116189	1148	0	120674
16183	1431	561	3895	117178	0	123065
16184	118684	432	1957	3434	0	124507
16185	3282	509	812	119013	0	123616
16186	2464	545	670	121366	0	125045
16187	1307	657	119966	4549	0	126479
16188	1127	695	119438	2618	0	123878
16189	1131	703	121890	1496	0	125220
16190	114906	512	4250	1409	0	121077
16191	119814	500	2108	1281	0	123703
16192	4315	116559	1190	1152	0	123216
16193	2498	119903	1024	1162	0	124587
16194	1534	3944	681	117993	0	124152
16195	1057	2166	118648	3101	0	124972
16196	114293	787	2650	2463	0	120193
16197	3196	891	122099	1319	0	127505
16198	2278	569	2736	119639	0	125222
16199	1239	437	1810	123183	0	126669
16200	1168	483	811	124001	0	126463
16201	1185	407	639	126088	0	128319
16202	122599	419	698	4611	0	128327
16203	3330	516	517	122952	0	127315
16204	2082	633	117976	3264	0	123955
16205	108872	400	2486	2494	0	114252
16206	2809	572	116797	1342	0	121520
16207	2062	578	115441	1141	0	119222
16208	995	114853	3783	1094	0	120725
16209	1966	2173	2048	103916	0	110103
16210	103086	1187	913	2164	0	107350
16211	2111	419	423	104056	0	107009
16212	1494	604	103680	2191	0	107969
16213	760	250	1746	104968	0	107724
16214	103130	214	1364	2262	0	106970
16215	1899	104196	669	1731	0	108495
16216	102366	1570	410	937	0	105283
16217	1944	102130	577	686	0	105337
16218	100994	1607	403	831	0	103835
16219	1759	100275	532	580	0	103146
16220	1241	99828	447	490	0	102006
16221	813	2215	95826	416	0	99270
16222	493	95250	1502	416	0	97661
16223	83453	1032	1039	308	0	85832
16224	916	675	158	81869	0	83618
16225	82380	173	108	885	0	83546
16226	783	84318	239	684	0	86024
16227	83515	780	131	297	0	84723
16228	918	823	84467	176	0	86384
16229	775	191	813	82946	0	84725
16230	243	86623	799	849	0	88514
16231	271	830	183	89251	0	90535
16232	227	723	123	89696	0	90769
16233	100418	204	113	1766	0	102501
16234	1372	103033	285	996	0	105686
16235	105089	1378	228	399	0	107094
16236	1697	1325	106101	273	0	109396
16237	1323	512	103798	274	0	105907
16238	366	104917	2766	371	0	108420
16239	320	1514	1379	104734	0	107947
16240	307	1412	106308	1567	0	109594
16241	407	369	1634	100717	0	103127
16242	342	249	1280	108482	0	110353
16243	296	452	106095	2733	0	109576
16244	281	401	104741	1464	0	106887
16245	285	429	109506	488	0	110708
16246	360	394	110361	438	0	111553
16247	223	113296	3143	467	0	117129
16248	432	1695	1623	112655	0	116405
16249	347	1433	522	116248	0	118550
16250	284	586	114699	3012	0	118581
16251	328	310	1814	114180	0	116632
16252	281	537	119979	2069	0	122866
16253	354	230	2060	118389	0	121033
16254	403	247	1595	116957	0	119202
16255	246	119063	761	3059	0	123129
16256	392	1816	395	120264	0	122867
16257	420	1458	388	119805	0	122071
16258	379	483	355	121136	0	122353
16259	360	575	117361	3353	0	121649
16260	234	117105	2007	2088	0	121434
16261	116800	1766	1529	844	0	120939
16262	117829	1521	524	713	0	120587
16263	3021	510	399	116465	0	120395
16264	1743	462	374	114176	0	116755
16265	535	118542	585	3070	0	122732
16266	117654	1816	393	1863	0	121726
16267	1769	120650	570	825	0	123814
16268	117257	1910	448	628	0	120243
16269	1949	1736	116156	490	0	120331
16270	108088	521	1836	787	0	111232
16271	1793	116100	1660	601	0	120154
16272	1565	1697	597	116500	0	120359
16273	646	1456	405	115231	0	117738
16274	405	117640	610	2946	0	121601
16275	117488	1740	391	1809	0	121428
16276	1922	1461	428	119422	0	123233
16277	1570	509	438	122433	0	124950
16278	122491	432	420	3301	0	126644
16279	124525	379	381	2025	0	127310
16280	3061	691	123970	900	0	128622
16281	124862	369	1935	814	0	127980
16282	2292	325	1625	126807	0	131049
16283	1691	627	126845	2285	0	131448
16284	772	363	2049	126186	0	129370
16285	487	680	126320	2437	0	129924
16286	507	656	126132	1933	0	129228
16287	571	447	3286	126026	0	130330
16288	531	612	129314	2390	0	132847
16289	380	129392	2519	2252	0	134543
16290	539	1903	1842	129009	0	133293
16291	503	1590	756	133592	0	136441
16292	472	798	132573	3624	0	137467
16293	413	131918	2446	2273	0	137050
16294	132213	1988	1812	1163	0	137176
16295	2176	1650	715	135043	0	139584
16296	135238	619	585	2626	0	139068
16297	2249	133784	918	2256	0	139207
16298	1981	2550	135090	1039	0	140660
16299	823	1857	2411	134178	0	139269
16300	132711	681	1995	2680	0	138067
16301	2234	825	134610	2264	0	139933
16302	126242	472	2410	1363	0	130487
16303	2461	132236	2194	932	0	137823
16304	1654	131024	1042	885	0	134605
16305	129365	2960	809	859	0	133993
16306	2298	1760	738	127630	0	132426
16307	1853	719	689	126423	0	129684
16308	630	128304	807	3343	0	133084
16309	647	1893	570	130904	0	134014
16310	535	1572	566	131548	0	134221
16311	128943	581	479	3623	0	133626
16312	2037	391	509	129137	0	132074
16313	1584	661	127876	2603	0	132724
16314	747	345	2101	128021	0	131214
16315	581	391	1697	131286	0	133955
16316	475	751	129515	3703	0	134444
16317	514	501	1936	130134	0	133085
16318	125726	360	1536	2927	0	130549
16319	123037	346	673	2326	0	126382
16320	124652	378	555	1273	0	126858
16321	3382	342	446	124194	0	128364
16322	1921	699	124364	2533	0	129517
16323	785	125187	2107	2234	0	130313
16324	890	1842	1501	125790	0	130023
16325	743	1887	125479	2294	0	130403
16326	786	658	1819	123102	0	126365
16327	729	465	1434	125082	0	127710
16328	121173	343	584	3333	0	125433
16329	1855	124260	824	2124	0	129063
16330	1607	2137	120394	1050	0	125188
16331	110230	1311	1830	986	0	114357
16332	1914	118884	1692	810	0	123300
16333	960	108594	576	555	0	110685
16334	109820	1661	1047	659	0	113187
16335	1471	935	302	110264	0	112972
16336	974	761	119693	1411	0	122839
16337	540	290	1311	117744	0	119885
16338	330	120503	1193	1605	0	123631
16339	121999	1350	350	1262	0	124961
16340	1490	1007	217	123416	0	126130
16341	126203	317	237	1832	0	128589
16342	1623	301	253	123911	0	126088
16343	1052	128782	516	1635	0	131985
16344	131351	1423	226	1355	0	134355
16345	130518	1023	263	716	0	132520
16346	2490	131113	540	560	0	134703
16347	128987	1535	191	606	0	131319
16348	1849	1075	219	125101	0	128244
16349	1159	126223	502	1706	0	129590
16350	126737	1538	191	1392	0	129858
16351	1702	128505	471	562	0	131240
16352	127412	1616	187	645	0	129860
16353	1872	1101	198	126904	0	130075
16354	128843	370	166	1877	0	131256
16355	129472	367	174	1445	0	131458
16356	130239	357	180	706	0	131482
16357	2785	342	153	129343	0	132623
16358	1546	356	144	131864	0	133910
16359	129025	309	182	2689	0	132205
16360	1937	708	132087	1487	0	136219
16361	1505	316	1505	131182	0	134508
16362	705	135287	1309	1892	0	139193
16363	774	1675	275	137469	0	140193
16364	731	1243	180	138526	0	140680
16365	618	759	135766	2971	0	140114
16366	697	375	1629	142479	0	145180
16367	522	154657	1486	2406	0	159071
16368	812	2517	323	158838	0	162490
16369	631	2242	172268	3055	0	178196
16370	860	671	2945	173339	0	177815
16371	792	417	1969	179512	0	182690
16372	175708	365	592	5687	0	182352
16373	177711	389	386	3123	0	181609
16374	5594	502	336	172054	0	178486
16375	2879	172198	663	3685	0	179425
16376	1085	174168	682	2892	0	178827
16377	1169	5434	170650	1437	0	178690
16378	1065	3329	3205	169570	0	177169
16379	169576	902	2223	3962	0	176663
16380	3669	753	605	171191	0	176218
16381	2583	1007	169819	4127	0	177536
16382	1213	551	3308	169800	0	174872
16383	952	474	2290	170686	0	174402
16384	922	531	688	175050	0	177191
16385	939	837	169786	5971	0	177533
16386	787	168569	3563	3393	0	176312
16387	166401	3204	2222	1752	0	173579
16388	165802	2390	737	1324	0	170253
16389	5451	945	469	163093	0	169958
16390	2911	1007	163419	3879	0	171216
16391	1159	164665	3515	3104	0	172443
16392	1271	3703	2288	149961	0	157223
16393	876	164310	1157	3370	0	169713
16394	763	167726	895	2429	0	171813
16395	161979	4987	669	1391	0	169026
16396	3568	2979	163870	1133	0	171550
16397	2498	1299	163512	1099	0	168408
16398	1273	881	4907	159280	0	166341
16399	978	741	2474	165265	0	169458
16400	1000	1098	165467	5060	0	172625
16401	1202	602	3039	162377	0	167220
16402	889	897	165421	3971	0	171178
16403	152523	593	3533	3077	0	159726
16404	3426	599	2367	163662	0	170054
16405	2479	1045	166878	3831	0	174233
16406	1368	760	3280	155531	0	160939
16407	819	169771	2656	3655	0	176901
16408	168690	3099	977	2890	0	175656
16409	3260	169891	1310	1583	0	176044
16410	170635	3248	857	1574	0	176314
16411	3641	2755	167693	1431	0	175520
16412	166727	974	3155	1509	0	172365
16413	3783	771	2407	169350	0	176311
16414	2638	1232	169820	3797	0	177487
16415	1398	769	3352	169121	0	174640
16416	1196	1155	167027	4233	0	173611
16417	155116	664	3631	3455	0	162866
16418	3512	166712	2928	1917	0	175069
16419	3053	3182	1243	153358	0	160836
16420	1174	170069	1390	3503	0	176136
16421	168035	3555	908	2986	0	175484
16422	167612	2487	934	1886	0	172919
16423	5172	167614	1418	1604	0	175808
16424	3119	3423	876	167064	0	174482
16425	1713	2413	911	169503	0	174540
16426	1415	1120	814	171314	0	174663
16427	166045	780	913	6373	0	174111
16428	3296	165907	1405	3939	0	174547
16429	2693	3368	1034	163874	0	170969
16430	1398	2520	1077	166274	0	171269
16431	161797	1162	995	6149	0	170103
16432	3539	1357	159608	3757	0	168261
16433	2752	1206	158004	2311	0	164273
16434	148101	665	4885	2077	0	155728
16435	3552	1018	154036	1841	0	160447
16436	2514	1156	141156	1467	0	146293
16437	1582	936	4549	136634	0	143701
16438	140576	626	2838	3543	0	147583
16439	3177	720	1241	140900	0	146038
16440	2484	1028	138601	3583	0	145696
16441	129771	712	3150	2805	0	136438
16442	3167	992	136902	1757	0	142818
16443	2212	135738	3498	1342	0	142790
16444	1758	2911	2536	136721	0	143926
16445	137785	1755	1382	3169	0	144091
16446	2663	726	1046	138263	0	142698
16447	2170	732	959	139627	0	143488
16448	140996	420	803	4567	0	146786
16449	2802	446	892	142569	0	146709
16450	2238	392	855	144507	0	147992
16451	1112	907	141350	4431	0	147800
16452	1035	540	2478	141121	0	145174
16453	141404	391	2027	3575	0	147397
16454	141249	505	947	2675	0	145376
16455	142595	523	829	1450	0	145397
16456	4366	673	705	136621	0	142365
16457	2395	137184	1060	2830	0	143469
16458	138341	2251	659	2321	0	143572
16459	2686	139900	1126	1199	0	144911
16460	137843	2394	653	1097	0	141987
16461	3097	1621	657	136865	0	142240
16462	135507	681	567	2744	0	139499
16463	134301	467	585	2240	0	137593
16464	134721	353	769	1281	0	137124
16465	3693	132216	958	995	0	137862
16466	1691	124988	751	810	0	128240
16467	113169	1716	326	673	0	115884
16468	1373	114392	497	527	0	116789
16469	557	100349	321	323	0	101550
16470	305	97547	494	236	0	98582
16471	94715	712	827	343	0	96597
16472	546	365	93	93304	0	94308
16473	379	90	36	94924	0	95429
16474	94321	48	36	934	0	95339
16475	463	389	97295	448	0	98595
16476	496	45	417	107682	0	108640
16477	245	67	340	109822	0	110474
16478	188	55	72	119986	0	120301
16479	244	88	73	124276	0	124681
16480	92	124767	346	2334	0	127539
16481	72	153418	466	1227	0	155183
16482	156058	3311	60	607	0	160036
16483	2781	1637	91	156843	0	161352
16484	1824	423	86	159821	0	162154
16485	527	648	157053	4435	0	162663
16486	360	163	2769	158670	0	161962
16487	276	651	161263	3376	0	165566
16488	421	220	3180	161574	0	165395
16489	372	531	169636	3652	0	174191
16490	153	166982	4106	2404	0	173645
16491	411	3221	2094	166619	0	172345
16492	168768	1938	668	3715	0	175089
16493	168730	496	358	2488	0	172072
16494	5459	244	324	167462	0	173489
16495	2488	581	167630	3793	0	174492
16496	716	584	166861	2457	0	170618
16497	156538	280	5316	1141	0	163275
16498	3375	163933	2870	742	0	170920
16499	167016	3356	717	687	0	171776
16500	165422	2082	336	789	0	168629
16501	5553	929	163578	583	0	170643
16502	3055	312	3676	160379	0	167422
16503	1133	263	2339	165488	0	169223
16504	800	311	704	171203	0	173018
16505	751	316	349	166846	0	168262
16506	911	199	382	165455	0	166947
16507	533	541	155805	6500	0	163379
16508	426	615	157020	3288	0	161349
16509	617	242	5643	156131	0	162633
16510	707	279	2711	160271	0	163968
16511	716	249	809	163519	0	165293
16512	157707	284	514	6892	0	165397
16513	4227	287	536	159594	0	164644
16514	160599	270	612	4883	0	166364
16515	4663	268	593	164316	0	169840
16516	166108	231	519	5256	0	172114
16517	168611	280	504	3648	0	173043
16518	166858	234	575	1843	0	169510
16519	168066	266	522	1420	0	170274
16520	167876	239	615	1310	0	170040
16521	7232	291	521	162601	0	170645
16522	163196	273	564	4910	0	168943
16523	4842	160926	896	3397	0	170061
16524	163371	3806	582	1720	0	169479
16525	5206	2471	576	164244	0	172497
16526	3507	1111	163276	4807	0	172701
16527	1698	434	4229	166199	0	172560
16528	1279	874	166596	5524	0	174273
16529	1453	436	4670	165494	0	172053
16530	1381	388	2909	169969	0	174647
16531	1226	727	166641	7287	0	175881
16532	1078	728	167912	4120	0	173838
16533	1301	343	6816	167025	0	175485
16534	166108	292	3515	5521	0	175436
16535	4726	677	167850	3985	0	177238
16536	3370	168844	5059	2266	0	179539
16537	1512	4337	175023	1861	0	182733
16538	170610	2555	5150	1726	0	180041
16539	5131	654	3329	173197	0	182311
16540	176206	390	1388	5432	0	183416
16541	177632	351	1018	3888	0	182889
16542	7425	433	1003	175131	0	183992
16543	4084	838	171513	5419	0	181854
16544	2110	341	4693	170714	0	177858
16545	1755	310	3256	171463	0	176784
16546	164640	284	1283	8073	0	174280
16547	4932	168248	1571	4622	0	179373
16548	3957	3948	923	169167	0	177995
16549	1761	2996	166659	5701	0	177117
16550	158721	812	4728	4247	0	168508
16551	5163	165275	3725	2391	0	176554
16552	4274	4131	1313	166397	0	176115
16553	2314	2813	920	168454	0	174501
16554	1960	854	989	172176	0	175979
16555	164598	463	1021	8330	0	174412
16556	169280	415	1046	4680	0	175421
16557	8015	506	868	168541	0	177930
16558	4272	896	167226	6029	0	178423
16559	1918	166667	5223	4519	0	178327
16560	167441	4242	3212	2450	0	177345
16561	172716	2731	1352	2097	0	178896
16562	8132	702	1059	167881	0	177774
16563	4710	473	945	173259	0	179387
16564	2023	787	170576	8377	0	181763
16565	1523	170726	5590	4673	0	182512
16566	174931	4473	3413	2386	0	185203
16567	172719	2844	1330	1993	0	178886
16568	7608	171443	1687	1916	0	182654
16569	172370	4343	849	1811	0	179373
16570	6103	2789	865	169743	0	179500
16571	3888	1412	168974	5675	0	179949
16572	2335	643	4697	171917	0	179592
16573	1648	1043	170025	6144	0	178860
16574	163712	565	5066	4086	0	173429
16575	5307	165865	3770	2166	0	177108
16576	3681	4395	1086	154745	0	163907
16577	1730	2785	154790	4915	0	164220
16578	1317	1144	149972	3179	0	155612
16579	137055	836	5559	1824	0	145274
16580	3779	141174	3254	1368	0	149575
16581	114221	2064	1934	923	0	119142
16582	111932	1280	768	796	0	114776
16583	112265	406	503	779	0	113953
16584	3410	537	528	109420	0	113895
16585	1741	506	109034	2322	0	113603
16586	767	108997	2102	1572	0	113438
16587	1042	2241	1524	108196	0	113003
16588	749	1502	108804	2011	0	113066
16589	553	627	99884	1294	0	102358
16590	621	403	2169	98651	0	101844
16591	503	429	98329	1600	0	100861
16592	90943	246	1537	1280	0	94006
16593	1588	276	1008	98090	0	100962
16594	1194	268	422	101149	0	103033
16595	100033	245	367	2273	0	102918
16596	1489	98964	649	1204	0	102306
16597	103663	1274	416	771	0	106124
16598	1674	848	419	102960	0	105901
16599	1207	329	369	104609	0	106514
16600	665	293	322	105536	0	106816
16601	671	235	348	103570	0	104824
16602	100448	218	402	2369	0	103437
16603	1631	516	100723	1278	0	104148
16604	1162	99959	1525	649	0	103295
16605	677	1288	956	100625	0	103546
16606	98527	902	391	1625	0	101445
16607	100320	277	342	1309	0	102248
16608	2003	100645	591	745	0	103984
16609	99023	1199	363	642	0	101227
16610	1412	100140	499	601	0	102652
16611	984	104097	531	541	0	106153
16612	699	1804	372	104097	0	106972
16613	484	1137	104662	1594	0	107877
16614	567	598	1186	102348	0	104699
16615	100587	271	869	1534	0	103261
16616	1336	100202	576	1037	0	103151
16617	1075	1167	256	100829	0	103327
16618	509	1160	108973	1562	0	112204
16619	106830	329	1170	1316	0	109645
16620	113206	260	836	718	0	115020
16621	113863	310	293	639	0	115105
16622	1922	636	110439	570	0	113567
16623	105667	277	1124	564	0	107632
16624	1269	110856	992	449	0	113566
16625	952	1218	323	105847	0	108340
16626	494	110387	558	1084	0	112523
16627	110146	1025	324	938	0	112433
16628	105795	712	247	630	0	107384
16629	1613	625	110673	411	0	113322
16630	819	111307	1148	430	0	113704
16631	491	991	795	111192	0	113469
16632	461	664	355	111697	0	113177
16633	482	319	252	110767	0	111820
16634	496	260	257	111876	0	112889
16635	546	239	256	112897	0	113938
16636	450	542	107725	1792	0	110509
16637	367	106263	1229	1163	0	109022
16638	104077	1050	811	628	0	106566
16639	1364	1014	108220	461	0	111059
16640	966	110836	1269	468	0	113539
16641	110992	1078	817	521	0	113408
16642	1376	1086	115430	480	0	118372
16643	110804	352	1267	609	0	113032
16644	112076	306	872	579	0	113833
16645	113960	283	312	531	0	115086
16646	1920	116045	425	599	0	118989
16647	1176	1606	113791	508	0	117081
16648	425	118574	1534	393	0	120926
16649	791	1673	974	98558	0	101996
16650	407	119016	518	1137	0	121078
16651	118521	1324	286	909	0	121040
16652	122643	801	278	607	0	124329
16653	119985	326	246	603	0	121160
16654	2387	540	123060	422	0	126409
16655	1197	128569	1758	509	0	132033
16656	588	1729	1035	138488	0	141840
16657	154450	1110	331	2184	0	158075
16658	2789	154416	553	1422	0	159180
16659	1926	2730	312	154079	0	159047
16660	715	2058	157755	2693	0	163221
16661	154338	564	2852	1872	0	159626
16662	3452	726	168578	587	0	173343
16663	2137	670	173053	414	0	176274
16664	158968	331	5053	559	0	164911
16665	3603	680	169164	465	0	173912
16666	159310	288	3523	457	0	163578
16667	3425	162920	2459	355	0	169159
16668	168644	3020	788	594	0	173046
16669	3755	1904	509	167774	0	173942
16670	2548	514	477	169248	0	172787
16671	1045	286	468	172263	0	174062
16672	167918	263	463	5316	0	173960
16673	168144	267	516	2596	0	171523
16674	168345	310	401	925	0	169981
16675	5495	164421	723	559	0	171198
16676	2962	3130	386	165970	0	172448
16677	1190	2336	164221	3478	0	171225
16678	1073	569	3227	157567	0	162436
16679	771	159592	2428	3671	0	166462
16680	958	3229	647	159215	0	164049
16681	1029	2161	395	161302	0	164887
16682	159680	717	430	5284	0	166111
16683	3822	527	388	161301	0	166038
16684	2541	851	159801	4012	0	167205
16685	1158	768	158612	2735	0	163273
16686	1126	475	5222	159153	0	165976
16687	158884	474	2736	3847	0	165941
16688	3937	522	968	158738	0	164165
16689	2859	481	800	162634	0	166774
16690	1349	661	160650	5739	0	168399
16691	1041	159033	4041	3145	0	167260
16692	1175	3263	2660	159627	0	166725
16693	157312	2218	1219	3969	0	164718
16694	3824	157971	1268	2883	0	165946
16695	3062	3388	714	158669	0	165833
16696	1454	2617	158919	4142	0	167132
16697	1315	831	3640	157033	0	162819
16698	153366	595	2632	4572	0	161165
16699	3813	152359	1402	3234	0	160808
16700	3001	3708	154429	1676	0	162814
16701	1739	2426	3472	153106	0	160743
16702	1281	1265	157294	4322	0	164162
16703	151441	765	3977	3291	0	159474
16704	155643	814	2683	1884	0	161024
16705	5949	1053	155997	1566	0	164565
16706	3579	798	3866	154569	0	162812
16707	1710	997	159354	4372	0	166433
16708	1377	156531	4646	3479	0	166033
16709	1491	3560	3237	157727	0	166015
16710	1421	2751	158711	4436	0	167319
16711	1719	1219	4406	146303	0	153647
16712	1416	154080	3687	4225	0	163408
16713	1650	3646	1702	154489	0	161487
16714	1374	2838	153813	4809	0	162834
16715	145572	1088	4267	3642	0	154569
16716	4224	152854	3521	2069	0	162668
16717	156569	3701	1493	2006	0	163769
16718	4643	2838	148025	1925	0	157431
16719	144462	1134	4105	2010	0	151711
16720	4753	1187	147632	1952	0	155524
16721	145414	979	4390	1833	0	152616
16722	151365	983	3018	1832	0	157198
16723	6230	1008	1571	147989	0	156798
16724	3909	957	1385	151921	0	158172
16725	149616	1071	1362	6514	0	158563
16726	4619	150626	1703	4070	0	161018
16727	154297	3854	1592	2214	0	161957
16728	5104	2673	1549	148045	0	157371
16729	3575	149802	2059	4739	0	160175
16730	2471	3825	1515	154536	0	162347
16731	2231	2561	1542	156636	0	162970
16732	2038	1097	1479	154495	0	159109
16733	1703	152488	1819	7189	0	163199
16734	152785	3721	1382	4081	0	161969
16735	4853	2608	1120	153769	0	162350
16736	3319	1489	150902	5260	0	160970
16737	1819	1255	148241	4212	0	155527
16738	1443	1233	151697	2599	0	156972
16739	145491	1030	6158	2324	0	155003
16740	148719	981	3322	2238	0	155260
16741	6022	1318	145764	2114	0	155218
16742	3493	1047	3960	136512	0	145012
16743	1838	1033	2942	142306	0	148119
16744	1276	1167	144553	6181	0	153177
16745	1214	1159	144369	3736	0	150478
16746	1515	844	5555	144242	0	152156
16747	143647	757	3302	4322	0	152028
16748	141154	687	1708	3350	0	146899
16749	140345	582	1652	2128	0	144707
16750	5797	137978	1970	1845	0	147590
16751	3246	140855	1850	1712	0	147663
16752	2038	4325	1415	137292	0	145070
16753	136590	2193	1344	3889	0	144016
16754	3702	1233	133782	2916	0	141633
16755	119954	735	3255	2103	0	126047
16756	3061	116021	2198	1334	0	122614
16757	1370	101443	747	671	0	104231
16758	98628	2272	692	700	0	102292
16759	1583	99722	695	674	0	102674
16760	1086	95851	590	480	0	98007
16761	90143	3086	1862	1588	0	96679
16762	958	91083	537	385	0	92963
16763	592	739	187	86531	0	88049
16764	313	464	129	87303	0	88209
16765	86309	179	147	1138	0	87773
16766	85527	160	166	612	0	86465
16767	1004	87264	279	310	0	88857
16768	496	87327	250	231	0	88304
16769	284	1092	85048	220	0	86644
16770	84987	557	719	350	0	86613
16771	90374	196	436	340	0	91346
16772	92788	107	164	307	0	93366
16773	1199	152	144	93103	0	94598
16774	670	145	128	96867	0	97810
16775	98912	153	114	1363	0	100542
16776	1059	122	127	99770	0	101078
16777	722	347	100755	1083	0	102907
16778	413	149	916	99728	0	101206
16779	251	104038	713	1077	0	106079
16780	316	1022	205	106131	0	107674
16781	289	641	138	108712	0	109780
16782	329	202	132	109843	0	110506
16783	106698	142	161	1932	0	108933
16784	1126	107258	350	1003	0	109737
16785	856	1079	144	108928	0	111007
16786	303	980	108599	1308	0	111190
16787	319	494	103503	952	0	105268
16788	309	261	1685	106129	0	108384
16789	325	201	864	107471	0	108861
16790	105879	146	262	1956	0	108243
16791	1226	210	188	103646	0	105270
16792	834	104076	310	1397	0	106617
16793	398	1327	107388	1052	0	110165
16794	378	848	1150	108639	0	111015
16795	310	494	111342	1479	0	113625
16796	351	218	1250	110564	0	112383
16797	110454	175	843	1472	0	112944
16798	111585	182	273	1112	0	113152
16799	1868	111748	410	487	0	114513
16800	1095	1114	213	110072	0	112494
16801	115371	778	180	1400	0	117729
16802	115725	278	225	1054	0	117282
16803	116949	207	222	579	0	117957
16804	116662	181	205	515	0	117563
16805	115670	180	223	477	0	116550
16806	1970	113501	404	395	0	116270
16807	113466	1048	168	412	0	115094
16808	1409	963	112705	344	0	115421
16809	1024	244	1026	112002	0	114296
16810	114609	143	686	1309	0	116747
16811	113985	178	224	972	0	115359
16812	113779	177	178	509	0	114643
16813	1912	404	113882	415	0	116613
16814	1094	171	1013	114925	0	117203
16815	118761	155	744	1343	0	121003
16816	1194	118615	469	964	0	121242
16817	123201	1031	170	666	0	125068
16818	120483	734	177	559	0	121953
16819	121857	270	163	525	0	122815
16820	1915	252	202	122650	0	125019
16821	124169	171	187	1497	0	126024
16822	1430	499	123074	1061	0	126064
16823	1021	496	121026	561	0	123104
16824	119390	199	1665	672	0	121926
16825	1340	512	125688	424	0	127964
16826	113499	185	1103	604	0	115391
16827	1272	446	123094	371	0	125183
16828	955	254	1008	119832	0	122049
16829	118813	137	754	1267	0	120971
16830	1082	115740	501	941	0	118264
16831	119346	835	196	516	0	120893
16832	1095	118274	404	382	0	120155
16833	844	122466	379	361	0	124050
16834	557	1302	239	123658	0	125756
16835	451	670	261	123830	0	125212
16836	460	187	200	124049	0	124896
16837	474	447	121061	1574	0	123556
16838	114133	175	999	1179	0	116486
16839	126464	181	738	589	0	127972
16840	127671	192	230	513	0	128606
16841	127800	163	200	547	0	128710
16842	126773	187	398	551	0	127909
16843	2034	442	121480	425	0	124381
16844	1167	421	120629	328	0	122545
16845	701	210	1636	123576	0	126123
16846	619	485	124662	1310	0	127076
16847	118414	174	1245	1213	0	121046
16848	1671	133084	1074	441	0	136270
16849	1388	1343	265	142105	0	145101
16850	144288	880	245	1814	0	147227
16851	2117	236	299	147766	0	150418
16852	1543	531	150442	1890	0	154406
16853	687	554	151364	1362	0	153967
16854	730	150	2839	155693	0	159412
16855	602	547	157388	2075	0	160612
16856	149996	183	2037	1563	0	153779
16857	2245	207	1343	157201	0	160996
16858	1688	587	157465	2116	0	161856
16859	667	158092	2198	1664	0	162621
16860	739	1770	1446	161909	0	165864
16861	640	1712	162462	2296	0	167110
16862	714	323	2116	157790	0	160943
16863	783	199	1477	161819	0	164278
16864	609	550	162643	3453	0	167255
16865	729	207	2215	161892	0	165043
16866	689	240	1613	159947	0	162489
16867	660	202	484	163353	0	164699
16868	158093	189	428	3680	0	162390
16869	2252	157978	780	1967	0	162977
16870	1678	161298	684	776	0	164436
16871	653	3460	157644	692	0	162449
16872	146558	1493	2058	815	0	150924
16873	2129	676	157693	577	0	161075
16874	1532	573	154091	560	0	156756
16875	631	356	2865	150191	0	154043
16876	152219	144	1429	2071	0	155863
16877	1781	153586	760	1549	0	157676
16878	153752	1698	383	712	0	156545
16879	150567	1164	355	725	0	152811
16880	2660	154239	595	477	0	157971
16881	153926	1556	441	553	0	156476
16882	151324	1127	346	515	0	153312
16883	2501	155979	545	408	0	159433
16884	1510	1613	273	156996	0	160392
16885	792	1127	304	160198	0	162421
16886	162032	254	275	2778	0	165339
16887	1742	164985	647	1430	0	168804
16888	169066	1771	228	651	0	171716
16889	169570	1204	216	669	0	171659
16890	177490	304	250	645	0	178689
16891	3419	219	217	175639	0	179494
16892	1832	227	216	178935	0	181210
16893	176077	226	203	3526	0	180032
16894	177948	237	243	1909	0	180337
16895	179706	230	231	778	0	180945
16896	3873	220	212	182708	0	187013
16897	1918	648	184184	2641	0	189391
16898	852	221	2361	186982	0	190416
16899	717	226	1658	201409	0	204010
16900	674	638	198954	4561	0	204827
16901	686	706	214494	2345	0	218231
16902	887	256	5122	217457	0	223722
16903	587	650	222481	3950	0	227668
16904	221022	208	3914	3081	0	228225
16905	3870	226	2618	226794	0	233508
16906	2867	251	817	230784	0	234719
16907	233131	181	569	6395	0	240276
16908	4097	250	577	233951	0	238875
16909	3082	228	581	235197	0	239088
16910	1152	197	541	238374	0	240264
16911	1032	248	440	239045	0	240765
16912	767	789	231540	6893	0	239989
16913	1060	226	3670	232681	0	237637
16914	837	623	228868	4915	0	235243
16915	661	229560	4349	4270	0	238840
16916	959	3681	2676	228689	0	236005
16917	761	2947	224842	4778	0	233328
16918	206304	593	4069	4062	0	215028
16919	4028	223176	3453	1592	0	232249
16920	226173	3676	973	1468	0	232290
16921	4607	2733	780	216370	0	224490
16922	2914	221772	1162	4345	0	230193
16923	222591	3772	669	3503	0	230535
16924	4057	225728	1136	1581	0	232502
16925	228388	4070	674	1338	0	234470
16926	4777	2931	623	223484	0	231815
16927	228844	823	541	4504	0	234712
16928	4429	230899	978	3439	0	239745
16929	230763	4068	585	1649	0	237065
16930	4932	3292	229952	1311	0	239487
16931	3748	962	3991	231220	0	239921
16932	229829	556	2832	4857	0	238074
16933	234085	532	818	3778	0	239213
16934	7085	580	622	231016	0	239303
16935	3821	1108	231590	4953	0	241472
16936	1572	224006	4432	3677	0	233687
16937	1184	234763	3443	1647	0	241037
16938	234974	6215	1434	1744	0	244367
16939	4981	2958	727	232704	0	241370
16940	3762	834	758	236355	0	241709
16941	231618	586	830	7178	0	240212
16942	227009	676	920	4232	0	232837
16943	6855	1246	232341	1964	0	242406
16944	4204	811	4113	230748	0	239876
16945	1783	1063	231004	5076	0	238926
16946	1435	228087	4586	4060	0	238168
16947	219223	3689	2978	2234	0	228124
16948	4068	222274	1454	1838	0	229634
16949	2884	219519	1377	1523	0	225303
16950	2481	5612	1027	214350	0	223470
16951	209270	2599	922	4419	0	217210
16952	3615	208745	1303	3487	0	217150
16953	206370	3549	817	2013	0	212749
16954	4072	205235	1255	1535	0	212097
16955	3215	3866	794	204640	0	212515
16956	201425	2681	836	4377	0	209319
16957	4028	1512	205342	3391	0	214273
16958	3370	1248	3566	203251	0	211435
16959	1878	1397	203920	4329	0	211524
16960	1534	194220	3885	3418	0	203057
16961	1291	201982	2883	1919	0	208075
16962	196495	5274	1078	1993	0	204840
16963	3694	201278	1332	1783	0	208087
16964	201456	3568	987	1895	0	207906
16965	199579	2586	3526	1843	0	207534
16966	5397	1773	199587	1386	0	208143
16967	192523	1286	3339	1655	0	198803
16968	4205	1648	204483	1588	0	211924
16969	3256	204357	4002	1462	0	213077
16970	204836	3594	2549	1520	0	212499
16971	4179	204888	1613	1468	0	212148
16972	3732	3672	999	204177	0	212580
16973	205146	2703	931	3997	0	212777
16974	4642	1320	814	205452	0	212228
16975	3424	1768	207239	4221	0	216652
16976	2099	1288	3314	205481	0	212182
16977	1871	1245	2475	209447	0	215038
16978	205241	1150	983	6030	0	213404
16979	4288	1663	204562	3505	0	214018
16980	203709	1083	3486	1880	0	210158
16981	213578	1006	2653	1666	0	218903
16982	6528	1045	1254	212269	0	221096
16983	3957	1090	810	212979	0	218836
16984	208389	963	825	6346	0	216523
16985	4752	211056	1492	3397	0	220697
16986	4040	3741	812	208379	0	216972
16987	2048	3061	203030	3968	0	212107
16988	1730	1588	195274	3274	0	201866
16989	1463	202677	5469	1715	0	211324
16990	2076	3627	2639	195215	0	203557
16991	1662	2762	871	198457	0	203752
16992	194856	1270	729	5430	0	202285
16993	4327	1075	749	193900	0	200051
16994	188415	837	807	3936	0	193995
16995	3858	185238	1164	2924	0	193184
16996	2557	185788	931	1446	0	190722
16997	1319	191999	912	1328	0	195558
16998	184924	4379	1030	1504	0	191837
16999	171550	2193	953	1305	0	176001
17000	3783	169463	848	1076	0	175170
17001	150066	1417	493	611	0	152587
17002	1603	148027	470	439	0	150539
17003	1203	1670	222	141750	0	144845
17004	454	144633	501	1361	0	146949
17005	143699	1655	420	1250	0	147024
17006	144277	997	201	572	0	146047
17007	2263	417	150	139260	0	142090
17008	140118	360	160	1631	0	142269
17009	1689	366	180	138606	0	140841
17010	1054	141376	457	1537	0	144424
17011	717	1796	186	140507	0	143206
17012	484	141965	490	1414	0	144353
17013	140843	1321	232	1165	0	143561
17014	1531	1334	136959	573	0	140397
17015	130554	397	1199	596	0	132746
17016	1439	347	665	137302	0	139753
17017	961	676	134980	1303	0	137920
17018	128261	343	1087	1191	0	130882
17019	1334	725	139937	541	0	142537
17020	1054	309	1115	136243	0	138721
17021	590	264	734	140589	0	142177
17022	554	282	257	138470	0	139563
17023	543	278	228	139205	0	140254
17024	387	137157	522	2171	0	140237
17025	597	1417	242	143808	0	146064
17026	141768	944	276	2023	0	145011
17027	1724	736	141825	1266	0	145551
17028	1161	149585	1698	647	0	153091
17029	153418	1844	970	695	0	156927
17030	165178	1398	299	690	0	167565
17031	3736	466	234	189915	0	194351
17032	2016	869	190005	3407	0	196297
17033	908	521	3076	187605	0	192110
17034	846	432	2140	200660	0	204078
17035	807	777	200484	5733	0	207801
17036	624	212452	4102	3017	0	220195
17037	218948	4179	2530	1264	0	226921
17038	220743	2878	661	1207	0	225489
17039	226310	838	639	1141	0	228928
17040	7798	563	651	219961	0	228973
17041	4231	568	408	230063	0	235270
17042	232753	402	477	7931	0	241563
17043	5794	623	582	217639	0	224638
17044	4146	229079	827	5272	0	239324
17045	239759	4660	355	3835	0	248609
17046	246612	3367	578	1881	0	252438
17047	263600	1041	362	1565	0	266568
17048	266489	631	409	1646	0	269175
17049	10681	1035	251432	1255	0	264403
17050	6043	960	253783	1111	0	261897
17051	2858	737	8851	241876	0	254322
17052	2359	648	4409	255292	0	262708
17053	2068	870	253136	9308	0	265382
17054	1911	933	255286	5068	0	263198
17055	2130	585	9278	250876	0	262869
17056	253354	443	5022	6464	0	265283
17057	6784	505	2070	250829	0	260188
17058	5084	873	251883	7142	0	264982
17059	2340	252206	6563	5234	0	266343
17060	255088	5423	4572	2608	0	267691
17061	259877	3780	2197	1942	0	267796
17062	261946	1128	1752	2002	0	266828
17063	262477	698	1537	1994	0	266706
17064	11164	1198	248582	1828	0	262772
17065	6442	735	6348	249192	0	262717
17066	251704	736	4798	6715	0	263953
17067	8148	774	2012	252385	0	263319
17068	6683	557	1528	237471	0	246239
17069	3482	242238	1701	9944	0	257365
17070	3230	5678	1310	246999	0	257217
17071	241966	3942	1556	7778	0	255242
17072	7161	243247	2140	5710	0	258258
17073	242987	6034	1311	3010	0	253342
17074	8337	243924	1619	2592	0	256472
17075	6454	6539	1162	218590	0	232745
17076	3358	234361	1736	6804	0	246259
17077	2651	242615	1948	5219	0	252433
17078	236409	9276	1530	3213	0	250428
17079	7930	5562	233763	2764	0	250019
17080	6013	2656	231467	2694	0	242830
17081	3366	2345	230555	2508	0	238774
17082	211903	2122	9846	2701	0	226572
17083	7358	221586	5847	2622	0	237413
17084	6083	228384	2876	2293	0	239636
17085	217236	9346	1801	2193	0	230576
17086	7896	219141	2399	2267	0	231703
17087	6069	225242	2586	2374	0	236271
17088	3786	9789	1990	222636	0	238201
17089	3478	6068	222763	7316	0	239625
17090	3604	3350	225635	5763	0	238352
17091	3633	2731	9458	223128	0	238950
17092	221089	2380	5765	7435	0	236669
17093	8001	223865	3579	5678	0	241123
17094	6824	7040	2353	225554	0	241771
17095	4447	5630	224080	7477	0	241634
17096	4031	3214	221539	5961	0	234745
17097	3973	2514	9958	217341	0	233786
17098	217239	2311	6105	7956	0	233611
17099	221475	2249	3124	6298	0	233146
17100	11518	2640	216668	3640	0	234466
17101	216711	2141	7480	3534	0	229866
17102	9225	2170	220261	3286	0	234942
17103	7704	1674	8435	196045	0	213858
17104	4719	214388	6784	7031	0	232922
17105	220064	6558	3328	5595	0	235545
17106	9457	5106	2911	218639	0	236113
17107	7467	2659	3258	219861	0	233245
17108	5047	1877	3307	226081	0	236312
17109	4664	1658	3185	226655	0	236162
17110	4075	1994	213730	11824	0	231623
17111	4090	212012	7983	7455	0	231540
17112	4408	6402	6139	213512	0	230461
17113	212967	4651	3693	8592	0	229903
17114	8519	2394	3178	216575	0	230666
17115	6740	2033	2926	219406	0	231105
17116	3970	2541	211761	11879	0	230151
17117	3716	2678	209767	7799	0	223960
17118	3814	205562	11035	4661	0	225072
17119	3619	211440	6678	4390	0	226127
17120	3997	9553	3141	207228	0	223919
17121	207728	5708	2833	8583	0	224852
17122	7740	3419	207388	7109	0	225656
17123	6318	207210	7531	4242	0	225301
17124	4524	6925	5622	189998	0	207069
17125	3204	202722	3408	7244	0	216578
17126	3649	7380	2254	188791	0	202074
17127	2993	198645	2781	7611	0	212030
17128	3194	6660	2194	189087	0	201135
17129	179779	4877	2166	7103	0	193925
17130	5493	169971	2480	5037	0	182981
17131	3284	6288	1365	139617	0	150554
17132	135012	3361	1329	4644	0	144346
17133	3882	136079	1555	3665	0	145181
17134	2594	120919	1204	2126	0	126843
17135	1880	123949	1380	1747	0	128956
17136	2538	4480	1800	105135	0	113953
17137	938	2142	987	102894	0	106961
17138	619	102813	774	3112	0	107318
17139	786	2535	700	102451	0	106472
17140	1097	1932	101332	2495	0	106856
17141	642	99311	1796	1602	0	103351
17142	839	7940	1034	84046	0	93859
17143	635	93754	683	1557	0	96629
17144	794	1755	87732	1089	0	91370
17145	400	87313	1467	632	0	89812
17146	68230	1979	1265	1105	0	72579
17147	767	569	164	67082	0	68582
17148	66391	117	140	669	0	67317
17149	532	251	66772	489	0	68044
17150	394	117	521	67483	0	68515
17151	145	267	68932	618	0	69962
17152	186	133	542	68367	0	69228
17153	70876	128	385	708	0	72097
17154	554	130	123	70930	0	71737
17155	70670	128	106	719	0	71623
17156	519	72104	193	536	0	73352
17157	70889	521	112	354	0	71876
17158	553	526	72605	301	0	73985
17159	413	73526	599	268	0	74806
17160	180	546	397	73446	0	74569
17161	228	408	135	73413	0	74184
17162	143	319	72024	865	0	73351
17163	111	72169	558	606	0	73444
17164	203	508	346	71153	0	72210
17165	100	72969	208	547	0	73824
17166	168	566	71	70747	0	71552
17167	85	72428	180	523	0	73216
17168	70347	511	94	412	0	71364
17169	507	471	67	71971	0	73016
17170	372	298	71661	526	0	72857
17171	95	71765	499	470	0	72829
17172	100	73698	349	209	0	74356
17173	224	827	72054	169	0	73274
17174	85	73324	493	212	0	74114
17175	100	413	247	71278	0	72038
17176	91	425	73016	397	0	73929
17177	153	86	343	71548	0	72130
17178	89	86	248	74383	0	74806
17179	98	270	73794	656	0	74818
17180	66369	112	415	464	0	67360
17181	396	67	250	75017	0	75730
17182	301	240	78941	446	0	79928
17183	72	79733	468	409	0	80682
17184	80119	361	281	268	0	81029
17185	360	80346	231	148	0	81085
17186	336	389	71	80507	0	81303
17187	78946	294	75	548	0	79863
17188	435	74	82	78638	0	79229
17189	325	245	80709	481	0	81760
17190	178	107	433	79300	0	80018
17191	103	323	80225	479	0	81130
17192	74869	79	482	499	0	75929
17193	506	228	80221	158	0	81113
17194	79214	94	461	274	0	80043
17195	81165	93	355	294	0	81907
17196	747	254	82598	178	0	83777
17197	427	230	80116	212	0	80985
17198	143	83865	860	159	0	85027
17199	86807	449	396	260	0	87912
17200	589	366	118	88471	0	89544
17201	461	120	112	88994	0	89687
17202	92770	72	134	1113	0	94089
17203	93800	97	117	623	0	94637
17204	94309	81	110	299	0	94799
17205	94123	85	115	254	0	94577
17206	868	85	96	92913	0	93962
17207	94036	85	90	692	0	94903
17208	639	89	82	94334	0	95144
17209	489	96	78	94191	0	94854
17210	281	72	95	95192	0	95640
17211	223	359	92920	939	0	94441
17212	151	92021	607	593	0	93372
17213	166	93680	500	272	0	94618
17214	205	759	139	94121	0	95224
17215	94069	382	105	740	0	95296
17216	596	131	117	94040	0	94884
17217	93635	92	107	789	0	94623
17218	600	316	97516	557	0	98989
17219	93491	129	562	366	0	94548
17220	639	129	408	100487	0	101663
17221	103254	109	148	848	0	104359
17222	101759	110	104	627	0	102600
17223	103011	83	105	401	0	103600
17224	1004	102	113	102912	0	104131
17225	557	365	102766	749	0	104437
17226	280	117	634	102732	0	103763
17227	104603	88	450	900	0	106041
17228	825	434	116056	562	0	117877
17229	685	143	718	122715	0	124261
17230	129033	68	547	1178	0	130826
17231	1124	495	131188	750	0	133557
17232	136686	129	1077	559	0	138451
17233	144595	94	754	453	0	145896
17234	2170	95	238	146579	0	149082
17235	1149	155	168	149396	0	150868
17236	149246	80	174	2515	0	152015
17237	1703	131	161	156273	0	158268
17238	153979	93	204	2253	0	156529
17239	1888	157222	493	1401	0	161004
17240	1148	160044	399	511	0	162102
17241	550	2875	142	159148	0	162715
17242	383	1666	162603	2175	0	166827
17243	311	163513	2187	1388	0	167399
17244	159008	2098	1165	763	0	163034
17245	1909	160598	605	466	0	163578
17246	1158	2355	159285	308	0	163106
17247	546	1145	1888	157348	0	160927
17248	333	802	162632	2290	0	166057
17249	229	166901	2319	1379	0	170828
17250	459	1950	1108	161290	0	164807
17251	251	164983	643	1739	0	167616
17252	375	2316	164853	1064	0	168608
17253	379	1123	1935	161910	0	165347
17254	268	808	167365	2067	0	170508
17255	338	214	2093	164838	0	167483
17256	165280	197	1179	2424	0	169080
17257	2034	620	163687	1340	0	167681
17258	153148	239	2016	753	0	156156
17259	2183	571	162734	427	0	165915
17260	1373	196	2107	161594	0	165270
17261	551	699	173543	2276	0	177069
17262	546	197	2136	173113	0	175992
17263	541	254	1223	176566	0	178584
17264	518	225	451	175975	0	177169
17265	496	213	304	178405	0	179418
17266	371	702	184327	3374	0	188774
17267	173245	287	2106	2032	0	177670
17268	2146	239	1252	194816	0	198453
17269	192963	254	531	2570	0	196318
17270	195213	257	384	1751	0	197605
17271	199417	220	392	957	0	200986
17272	3426	294	333	201176	0	205229
17273	1710	296	430	197589	0	200025
17274	574	202330	726	3246	0	206876
17275	205530	2094	454	1867	0	209945
17276	206123	1308	361	1042	0	208834
17277	207503	444	366	1086	0	209399
17278	3610	888	209852	782	0	215132
17279	1902	326	2307	209054	0	213589
17280	768	940	209816	2723	0	214247
17281	202334	329	2499	1910	0	207072
17282	211563	286	1520	1123	0	214492
17283	3736	277	604	208823	0	213440
17284	2036	285	499	206212	0	209032
17285	739	215221	930	3389	0	220279
17286	214352	2130	513	2083	0	219078
17287	215759	1313	535	1140	0	218747
17288	3456	216001	914	763	0	221134
17289	220354	2081	447	1086	0	223968
17290	2750	1300	463	222426	0	226939
17291	1856	465	415	225556	0	228292
17292	224643	311	433	3987	0	229374
17293	2589	935	224923	1968	0	230415
17294	218466	313	2337	1245	0	222361
17295	227326	307	1413	1169	0	230215
17296	3519	224809	1035	881	0	230244
17297	227543	2101	417	1130	0	231191
17298	2794	1978	223988	869	0	229629
17299	1968	503	2239	224384	0	229094
17300	225550	330	1476	2780	0	230136
17301	2757	378	570	226169	0	229874
17302	1859	882	222458	2718	0	227917
17303	1127	428	2254	216545	0	220354
17304	910	242512	1920	2724	0	248066
17305	1048	2235	662	249167	0	253112
17306	1049	1330	512	253158	0	256049
17307	995	491	605	250925	0	253016
17308	1029	374	456	254326	0	256185
17309	860	1129	250567	4021	0	256577
17310	1017	376	2332	250577	0	254302
17311	250975	331	1551	3391	0	256248
17312	2566	250528	1157	2246	0	256497
17313	2010	2299	450	256908	0	261667
17314	1129	2031	258319	2937	0	264416
17315	1035	485	2417	259592	0	263529
17316	261242	323	1610	3427	0	266602
17317	258647	348	704	2427	0	262126
17318	252415	351	579	1360	0	254705
17319	4125	329	468	258936	0	263858
17320	2215	935	257237	3066	0	263453
17321	1039	254616	2803	2238	0	260696
17322	258501	2156	1563	1540	0	263760
17323	2914	1344	572	257342	0	262172
17324	2263	601	411	259345	0	262620
17325	1249	1028	257762	3840	0	263879
17326	929	253319	2568	2188	0	259004
17327	870	260598	1876	1163	0	264507
17328	1441	4314	868	246553	0	253176
17329	957	1923	239564	2567	0	245011
17330	207658	493	2067	2243	0	212461
17331	2308	943	235353	793	0	239397
17332	206073	326	1721	1368	0	209488
17333	1858	238855	1440	792	0	242945
17334	1305	2082	233336	761	0	237484
17335	218727	923	1519	926	0	222095
17336	1705	233940	1315	701	0	237661
17337	238961	972	429	1219	0	241581
17338	1446	1305	242683	803	0	246237
17339	846	244690	1310	574	0	247420
17340	246795	882	657	977	0	249311
17341	1235	1405	243432	644	0	246716
17342	239592	260	917	669	0	241438
17343	1176	287	694	244666	0	246823
17344	246788	149	269	1352	0	248558
17345	1070	191	230	247469	0	248960
17346	245224	196	183	1469	0	247072
17347	1183	958	249847	950	0	252938
17348	871	171	909	251340	0	253291
17349	556	147	623	251356	0	252682
17350	438	927	252120	1640	0	255125
17351	521	195	937	254335	0	255988
17352	560	212361	1672	1853	0	216446
17353	473	1005	276	275162	0	276916
17354	498	803	237	291787	0	293325
17355	617	285	202	325328	0	326432
17356	431	1054	322757	4677	0	328919
17357	297780	253	3450	2972	0	304455
17358	4067	234	1904	351486	0	357691
17359	2458	1262	364723	4399	0	372842
17360	346293	244	4623	3183	0	354343
17361	370186	187	2573	1360	0	374306
17362	383523	222	738	1209	0	385692
17363	8379	301	444	381623	0	390747
17364	4022	289	439	435606	0	440356
17365	1639	364	552	418330	0	420885
17366	774	430169	1405	10534	0	442882
17367	428867	7159	560	4937	0	441523
17368	434801	3778	548	1925	0	441052
17369	11760	806	475	425367	0	438408
17370	5030	1177	423782	8294	0	438283
17371	1710	1178	425280	5087	0	433255
17372	1052	421269	11935	1901	0	436157
17373	1855	13987	4652	402193	0	422687
17374	418508	3991	1124	7967	0	431590
17375	7916	422719	1539	4622	0	436796
17376	434615	7551	720	2197	0	445083
17377	435342	4083	827	2002	0	442254
17378	436665	1098	778	1761	0	440302
17379	13280	950	640	428068	0	442938
17380	6659	650	604	456028	0	463941
17381	460632	632	632	13296	0	475192
17382	10368	632	604	475060	0	486664
17383	6054	1478	470796	10856	0	489184
17384	470577	591	9433	6245	0	486846
17385	11096	816	5016	473377	0	490305
17386	6794	692	1223	484378	0	493087
17387	3265	617	733	491186	0	495801
17388	2264	1702	472346	16005	0	492317
17389	428409	717	10167	8295	0	447588
17390	11333	1455	472869	3072	0	488729
17391	7290	714	10547	465508	0	484059
17392	2856	1708	477296	11678	0	493538
17393	2661	684	11023	464181	0	478549
17394	2855	800	6254	477478	0	487387
17395	2521	1610	484682	16427	0	505240
17396	3609	986	11183	432128	0	447906
17397	2533	484959	7322	11143	0	505957
17398	481369	10109	2214	7513	0	501205
17399	491945	5600	1569	4104	0	503218
17400	17119	1381	1408	485946	0	505854
17401	8195	1824	489096	13163	0	512278
17402	3512	472865	12128	8479	0	496984
17403	2836	494301	7575	4164	0	508876
17404	466179	14916	2653	3922	0	487670
17405	12490	7128	461452	3377	0	484447
17406	461069	1794	11217	4008	0	478088
17407	13335	1141	6905	462660	0	484041
17408	8267	1278	2886	471954	0	484385
17409	450412	1436	2248	18060	0	472156
17410	12005	455779	3032	9955	0	480771
17411	8352	11286	462764	4558	0	486960
17412	4798	5942	11751	452501	0	474992
17413	3570	2507	468789	13859	0	488725
17414	2973	459454	13804	9332	0	485563
17415	3654	10716	7492	459008	0	480870
17416	459070	6537	3322	13646	0	482575
17417	466374	2246	2944	9320	0	480884
17418	17754	2594	459081	5207	0	484636
17419	9099	457813	13157	4636	0	484705
17420	453690	10937	7546	4751	0	476924
17421	12768	462099	4451	4621	0	483939
17422	9743	11771	2550	449639	0	473703
17423	457060	6873	2827	13148	0	479908
17424	13902	2742	2865	461361	0	480870
17425	9028	3061	453912	14473	0	480474
17426	5649	2192	11970	458331	0	478142
17427	4604	3383	458262	14722	0	480971
17428	5085	2344	12727	452993	0	473149
17429	450301	1941	7820	15353	0	475415
17430	13327	452882	4924	10200	0	481333
17431	456659	11062	3639	6289	0	477649
17432	14395	7227	3639	450357	0	475618
17433	9726	3125	3265	455053	0	471169
17434	4824	3581	425423	19386	0	453214
17435	4662	3075	450153	10540	0	468430
17436	4611	445235	18230	6664	0	474740
17437	4960	12423	442039	5435	0	464857
17438	402737	7124	13980	5726	0	429567
17439	13370	431385	9911	5527	0	460193
17440	8980	443276	5593	5268	0	463117
17441	4827	449997	5123	5094	0	465041
17442	5591	18384	3323	434333	0	461631
17443	4826	9616	441993	14525	0	470960
17444	4489	445132	14351	10344	0	474316
17445	5774	12987	8367	393630	0	420758
17446	4106	450340	5400	13198	0	473044
17447	438616	13204	3954	9467	0	465241
17448	448277	7848	3804	6145	0	466074
17449	18840	3596	4002	438779	0	465217
17450	10357	3189	3971	443182	0	460699
17451	420436	2896	3798	19526	0	446656
17452	12915	415597	4672	11156	0	444340
17453	8627	423092	4572	5763	0	442054
17454	6304	17923	3309	390673	0	418209
17455	3413	7418	361834	11911	0	384576
17456	2891	357345	11205	8037	0	379478
17457	332107	9718	7557	4202	0	353584
17458	8846	328763	4141	3528	0	345278
17459	5496	322312	3179	3312	0	334299
17460	301849	11791	3395	2750	0	319785
17461	8037	312990	2640	2961	0	326628
17462	5849	9038	300573	2949	0	318409
17463	2572	302753	8185	2771	0	316281
17464	246772	6049	5547	1898	0	260266
17465	4777	246801	1989	1502	0	255069
17466	243225	5302	1898	1507	0	251932
17467	5436	3704	1129	239212	0	249481
17468	3623	1839	1074	246174	0	252710
17469	1948	2062	244245	6732	0	254987
17470	1604	245965	4569	3790	0	255928
17471	1700	4758	2856	247408	0	256722
17472	246325	3269	1342	5000	0	255936
17473	248134	1532	1052	3670	0	254388
17474	6306	252056	1566	2092	0	262020
17475	3637	4893	1108	252069	0	261707
17476	253840	3360	1105	5013	0	263318
17477	255652	1878	1297	3568	0	262395
17478	7066	2048	248445	1678	0	259237
17479	3998	1834	234557	1349	0	241738
17480	1977	1698	230803	1367	0	235845
17481	1001	222314	5314	1043	0	229672
17482	207537	3217	4319	894	0	215967
17483	2912	208026	1317	821	0	213076
17484	203613	3077	1056	821	0	208567
17485	2892	212680	930	673	0	217175
17486	2151	3015	568	214260	0	219994
17487	214847	2030	496	2801	0	220174
17488	2856	1434	216814	2029	0	223133
17489	209957	867	2498	1001	0	214323
17490	218936	756	1753	814	0	222259
17491	4036	218391	886	700	0	224013
17492	1903	220442	717	719	0	223781
17493	224710	3684	1033	793	0	230220
17494	2821	2391	229508	609	0	235329
17495	213020	1655	2684	699	0	218058
17496	219156	648	1708	638	0	222150
17497	3678	554	499	215263	0	219994
17498	220538	542	300	2337	0	223717
17499	2763	624	313	222923	0	226623
17500	1918	563	310	227909	0	230700
17501	1137	480	318	221907	0	223842
17502	796	222831	751	3423	0	227801
17503	223997	2196	328	1988	0	228509
17504	226528	1565	336	928	0	229357
17505	3716	674	361	225246	0	229997
17506	2252	583	460	220194	0	223489
17507	1012	223082	856	3275	0	228225
17508	221470	2303	543	1965	0	226281
17509	2662	2176	220617	815	0	226270
17510	2225	866	2095	221627	0	226813
17511	1129	1212	219510	2470	0	224321
17512	1169	603	2210	218324	0	222306
17513	930	1132	220386	2638	0	225086
17514	1110	633	2250	214045	0	218038
17515	214804	653	1593	2722	0	219772
17516	2700	1024	222232	2060	0	228016
17517	211350	501	2355	1164	0	215370
17518	2888	233223	2006	917	0	239034
17519	2202	2309	763	236484	0	241758
17520	1316	1804	561	240273	0	243954
17521	246931	836	543	3856	0	252166
17522	2992	665	584	256528	0	260769
17523	2433	1283	259664	2585	0	265965
17524	246435	637	2179	2453	0	251704
17525	263253	564	1516	1512	0	266845
17526	264683	565	609	1319	0	267176
17527	263990	489	485	1366	0	266330
17528	4150	261148	940	1097	0	267335
17529	2515	2065	520	263241	0	268341
17530	261765	1500	510	2807	0	266582
17531	3118	711	520	259820	0	264169
17532	255151	617	573	2827	0	259168
17533	3043	1058	250842	1903	0	256846
17534	2255	1199	249297	1131	0	253882
17535	1505	3558	2889	232841	0	240793
17536	1140	245611	1890	2259	0	250900
17537	883	253158	1080	1988	0	257109
17538	243093	2651	696	1938	0	248378
17539	2234	1825	248820	1006	0	253885
17540	219130	592	1690	1559	0	222971
17541	2022	246044	1879	929	0	250874
17542	246418	1371	602	1168	0	249559
17543	2247	1056	502	243125	0	246930
17544	1666	1296	248068	2116	0	253146
17545	1433	446	1546	245234	0	248659
17546	1128	483	1154	245869	0	248634
17547	902	246036	1011	2798	0	250747
17548	818	252477	902	1989	0	256186
17549	1157	2307	490	248124	0	252078
17550	1035	252745	918	2345	0	257043
17551	1151	2403	244680	1492	0	249726
17552	1077	1821	237046	1080	0	241024
17553	218962	634	2447	1403	0	223446
17554	246336	550	1298	1053	0	249237
17555	2866	244495	988	940	0	249289
17556	1895	1671	549	242905	0	247020
17557	1258	1160	539	246267	0	249224
17558	1088	1269	245533	2644	0	250534
17559	1103	473	1752	230581	0	233909
17560	936	241598	1667	2207	0	246408
17561	927	2200	233116	1619	0	237862
17562	1099	1820	232237	960	0	236116
17563	934	223390	2862	1279	0	228465
17564	1149	2320	231673	938	0	236080
17565	1030	1447	1808	226641	0	230926
17566	1177	940	1370	213382	0	216869
17567	938	1307	233941	2850	0	239036
17568	1240	848	1708	226495	0	230291
17569	736	226481	1779	2250	0	231246
17570	831	235078	1200	1825	0	238934
17571	1010	2606	633	231245	0	235494
17572	1104	1848	233683	2270	0	238905
17573	808	237576	2231	1730	0	242345
17574	1381	2611	1517	233505	0	239014
17575	698	1828	229305	1966	0	233797
17576	206057	572	1456	1452	0	209537
17577	227393	399	956	916	0	229664
17578	228329	341	428	941	0	230039
17579	2200	367	394	223092	0	226053
17580	1223	297	518	225875	0	227913
17581	660	947	231693	2278	0	235578
17582	668	373	1512	227255	0	229808
17583	639	513	1013	234649	0	236814
17584	510	1191	231240	2267	0	235208
17585	183463	421	1581	2025	0	187490
17586	1429	216939	1547	671	0	220586
17587	217615	1296	434	734	0	220079
17588	1386	216676	820	618	0	219500
17589	1195	1422	349	216542	0	219508
17590	666	1430	216741	1813	0	220650
17591	689	912	1428	208965	0	211994
17592	422	988	212325	1771	0	215506
17593	161547	369	1507	1823	0	165246
17594	1038	802	200259	636	0	202735
17595	757	275	1285	190605	0	192922
17596	414	751	200119	1353	0	202637
17597	376	202356	1554	1015	0	205301
17598	629	1139	873	207056	0	209697
17599	678	725	351	207809	0	209563
17600	579	259	278	217183	0	218299
17601	419	692	216462	2743	0	220316
17602	318	847	221157	1632	0	223954
17603	415	192	2983	219796	0	223386
17604	508	188	1490	264524	0	266710
17605	564	219	600	284442	0	285825
17606	293630	197	452	6346	0	300625
17607	4448	287	446	307924	0	313105
17608	2863	1082	328661	5370	0	337976
17609	346766	433	5212	3596	0	356007
17610	6445	368	3273	367470	0	377556
17611	389338	302	1268	7333	0	398241
17612	399414	231	738	4976	0	405359
17613	11156	240	745	398064	0	410205
17614	399281	184	978	8049	0	408492
17615	402362	215	727	5400	0	408704
17616	11686	1128	392466	2211	0	407491
17617	5823	394391	8067	1611	0	409892
17618	2696	6998	4515	374431	0	388640
17619	1960	4242	1231	394322	0	401755
17620	388957	1051	796	11801	0	402605
17621	383511	556	924	6312	0	391303
17622	383834	452	977	2853	0	388116
17623	12726	1236	362951	2249	0	379162
17624	6335	366149	8367	2055	0	382906
17625	366679	7022	4874	2113	0	380688
17626	8517	371082	2410	1847	0	383856
17627	373881	7863	1020	1964	0	384728
17628	9718	4638	942	369479	0	384777
17629	371798	1358	1175	8555	0	382886
17630	373985	1031	841	5923	0	381780
17631	378163	681	823	2858	0	382525
17632	13900	1615	370040	2177	0	387732
17633	371951	663	7431	2340	0	382385
17634	10345	372330	5440	2202	0	390317
17635	382634	7447	1578	2054	0	393713
17636	385491	4774	1210	2270	0	393745
17637	390988	1589	1126	2194	0	395897
17638	15092	1059	1286	364422	0	381859
17639	8136	375301	1734	8260	0	393431
17640	375847	8016	1042	5883	0	390788
17641	11095	5727	374290	3004	0	394116
17642	8148	375756	8684	2244	0	394832
17643	6057	8405	5071	327864	0	347397
17644	4242	371737	2480	7277	0	385736
17645	371031	9043	1461	5105	0	386640
17646	382091	5733	1398	2539	0	391761
17647	15350	2476	1200	375083	0	394109
17648	9001	2501	369703	9782	0	390987
17649	4960	371533	9000	7010	0	392503
17650	7185	9294	6543	290938	0	313960
17651	5161	5755	2385	371041	0	384342
17652	4922	2345	1900	391762	0	400929
17653	390299	1753	1810	14677	0	408539
17654	396331	1814	1862	7864	0	407871
17655	400996	1932	1497	3882	0	408307
17656	404763	1786	1394	3711	0	411654
17657	18098	1942	1387	391465	0	412892
17658	10722	2776	394322	11154	0	418974
17659	7127	1675	9026	400799	0	418627
17660	6497	1693	5966	403100	0	417256
17661	6858	1772	2374	406604	0	417608
17662	6998	1874	1881	409729	0	420482
17663	399574	1700	2353	17307	0	420934
17664	14511	1729	2678	402160	0	421078
17665	403313	1679	2426	13604	0	421022
17666	407259	1803	2371	9885	0	421318
17667	19902	2595	393093	5876	0	421466
17668	13427	2440	392984	5627	0	414478
17669	9831	2366	405262	5808	0	423267
17670	9921	2439	14358	389054	0	415772
17671	9325	2629	402098	12009	0	426061
17672	9070	2499	10965	392400	0	414934
17673	8681	2702	7279	398202	0	416864
17674	400448	2297	3669	17566	0	423980
17675	16241	2616	3226	388749	0	410832
17676	13064	401214	4269	13290	0	431837
17677	408424	9812	3412	9942	0	431590
17678	15432	412264	4479	6636	0	438811
17679	12679	11765	412380	6556	0	443380
17680	8887	418964	11197	5728	0	444776
17681	411708	11514	7351	5380	0	435953
17682	16871	8097	3449	407314	0	435731
17683	13381	5351	403916	12021	0	434669
17684	406890	3766	10316	8988	0	429960
17685	17315	3702	7163	407186	0	435366
17686	13916	4701	408935	11698	0	439250
17687	10743	3266	10568	411882	0	436459
17688	9824	2895	7659	413346	0	433724
17689	9935	3148	3969	407739	0	424791
17690	9573	408724	4326	16127	0	438750
17691	417176	10065	3472	9625	0	440338
17692	17129	7118	3576	402209	0	430032
17693	12927	411961	4079	12405	0	441372
17694	9546	11556	2394	415597	0	439093
17695	8843	9174	411619	13219	0	442855
17696	8364	413744	11432	9394	0	442934
17697	412579	11230	7406	6171	0	437386
17698	413341	8510	3499	5732	0	431082
17699	18092	5156	2929	399621	0	425798
17700	11917	4402	2990	405548	0	424857
17701	400888	3771	3357	15775	0	423791
17702	389706	3747	3255	10058	0	406766
17703	16274	393180	4457	6327	0	420238
17704	352327	8216	3127	4570	0	368240
17705	11187	5822	333525	3832	0	354366
17706	8655	2843	325430	4002	0	340930
17707	3969	314043	9543	3764	0	331319
17708	2869	300191	5415	2880	0	311355
17709	260423	6671	7290	2330	0	276714
17710	4284	261164	2292	1869	0	269609
17711	247012	3086	1195	1489	0	252782
17712	240494	1980	777	1352	0	244603
17713	238077	806	796	1367	0	241046
17714	4802	773	665	235259	0	241499
17715	236727	735	684	3515	0	241661
17716	3705	1349	232861	2380	0	240295
17717	2765	1234	233939	1341	0	239279
17718	1576	235898	4373	1443	0	243290
17719	1462	3242	238716	1163	0	244583
17720	1528	2042	3072	228706	0	235348
17721	1191	1436	239372	3316	0	245315
17722	1272	1407	235947	2512	0	241138
17723	1231	775	4242	234051	0	240299
17724	237754	703	2391	3391	0	244239
17725	238768	715	1081	2659	0	243223
17726	4392	1399	245377	1194	0	252362
17727	236749	676	3017	1653	0	242095
17728	3392	1252	250250	1143	0	256037
17729	245498	626	3244	1324	0	250692
17730	258210	574	2252	1522	0	262558
17731	4932	591	1050	255249	0	261822
17732	3056	598	893	247281	0	251828
17733	1420	245467	1558	4384	0	252829
17734	1313	251958	1484	2523	0	257278
17735	1540	4000	1029	246048	0	252617
17736	1608	2169	900	248324	0	253001
17737	239630	845	739	4378	0	245592
17738	2969	240044	1272	2450	0	246735
17739	236899	2630	739	1532	0	241800
17740	2931	240517	1296	1238	0	245982
17741	2371	3603	234913	1039	0	241926
17742	1595	2331	2654	233407	0	239987
17743	233097	807	2024	3243	0	239171
17744	242873	703	779	2486	0	246841
17745	4701	248395	1248	1237	0	255581
17746	2621	255779	1088	959	0	260447
17747	1251	261173	1222	926	0	264572
17748	1486	5830	940	275841	0	284097
17749	1331	3327	282135	4744	0	291537
17750	1048	282908	4933	2728	0	291617
17751	1636	4773	2711	280310	0	289430
17752	1089	2508	753	286945	0	291295
17753	824	1755	283112	6201	0	291892
17754	815	1455	282301	2983	0	287554
17755	267073	700	6531	1571	0	275875
17756	4758	1327	291600	1051	0	298736
17757	285917	579	4691	1191	0	292378
17758	284887	603	2836	1080	0	289406
17759	286677	604	927	1171	0	289379
17760	285664	559	881	1239	0	288343
17761	7093	1208	275324	1102	0	284727
17762	3300	279633	5014	951	0	288898
17763	1748	4400	2836	276553	0	285537
17764	1354	3391	279813	4617	0	289175
17765	1506	922	4500	270921	0	277849
17766	1354	253986	3890	4643	0	263873
17767	1689	4425	1044	282939	0	290097
17768	1677	2736	842	284131	0	289386
17769	1592	1020	855	281679	0	285146
17770	276014	821	826	7325	0	284986
17771	5251	829	875	278179	0	285134
17772	3722	863	908	279060	0	284553
17773	1603	918	1035	275379	0	278935
17774	993	265086	1601	7158	0	274838
17775	262699	4586	1001	3979	0	272265
17776	4581	254844	1467	1985	0	262877
17777	2930	256742	1448	1578	0	262698
17778	1782	6372	1106	255480	0	264740
17779	1547	3112	825	258895	0	264379
17780	254477	937	899	7508	0	263821
17781	5439	758	865	260855	0	267917
17782	262132	794	884	5781	0	269591
17783	316422	812	946	3804	0	321984
17784	10359	899	897	314340	0	326495
17785	5459	1036	970	308329	0	315794
17786	1805	319782	1637	10943	0	334167
17787	329098	7310	944	5760	0	343112
17788	8121	342738	1806	2632	0	355297
17789	344724	8661	1079	2116	0	356580
17790	9368	6082	337880	1922	0	355252
17791	336207	1626	7898	2358	0	348089
17792	352443	1240	4885	2317	0	360885
17793	13611	1210	1372	341587	0	357780
17794	6762	1832	343028	9606	0	361228
17795	2699	345091	9321	6735	0	363846
17796	2789	9461	5399	351177	0	368826
17797	2537	6506	352211	10304	0	371558
17798	2762	2400	9071	352229	0	366462
17799	343747	1451	5788	10716	0	361702
17800	10451	1883	346125	6937	0	365396
17801	6482	340305	9827	3239	0	359853
17802	3013	352031	6775	2477	0	364296
17803	3865	13990	2483	283681	0	304019
17804	2279	347327	2313	7570	0	359489
17805	343239	9750	1491	5472	0	359952
17806	345251	5834	1296	3142	0	355523
17807	347628	2129	1476	2595	0	353828
17808	14400	2645	332095	2160	0	351300
17809	337028	1851	8949	2521	0	350349
17810	10564	2040	5655	332557	0	350816
17811	6999	1798	1787	337838	0	348422
17812	3575	1789	1408	341973	0	348745
17813	3106	1630	2156	342992	0	349884
17814	2758	2454	329511	14866	0	349589
17815	2846	2244	331215	7886	0	344191
17816	2506	2059	331660	3868	0	340093
17817	306138	1601	13906	3483	0	325128
17818	10078	318914	7296	3660	0	339948
17819	7336	8955	2381	315630	0	334302
17820	313594	5907	1748	11018	0	332267
17821	9841	319956	2718	7643	0	340158
17822	6845	330177	2650	3609	0	343281
17823	323173	13640	1947	3041	0	341801
17824	326998	6801	1947	3081	0	338827
17825	14525	325311	2474	3101	0	345411
17826	8717	9783	1584	292589	0	312673
17827	3784	318586	2265	9518	0	334153
17828	313273	10036	1726	6653	0	331688
17829	315394	6669	1733	3414	0	327210
17830	313743	3148	1318	3055	0	321264
17831	15386	302914	2230	3186	0	323716
17832	8488	9647	1444	305454	0	325033
17833	4329	7229	303069	10713	0	325340
17834	4088	3141	8875	303473	0	319577
17835	3888	2660	5699	311531	0	323778
17836	3553	3543	300687	14749	0	322532
17837	295058	2279	9185	7843	0	314365
17838	11368	2310	6072	303732	0	323482
17839	7957	2507	2393	298441	0	311298
17840	3930	300403	2787	14280	0	321400
17841	300663	9542	1880	7853	0	319938
17842	11318	6607	1955	290668	0	310548
17843	7415	296720	2817	10391	0	317343
17844	284595	9171	1955	7296	0	303017
17845	9696	286517	2579	3964	0	302756
17846	272833	9042	2100	3184	0	287159
17847	10121	6038	267737	3226	0	287122
17848	5954	2724	244234	2595	0	255507
17849	3024	2110	240069	2315	0	247518
17850	2614	236206	11402	2247	0	252469
17851	3822	7729	6685	201667	0	219903
17852	2489	226213	2545	6082	0	237329
17853	225076	7463	1593	4387	0	238519
17854	7392	5322	226681	2225	0	241620
17855	221459	2262	6742	2059	0	232522
17856	227434	1959	4798	1781	0	235972
17857	10923	1662	2245	221168	0	235998
17858	226819	1790	1643	6866	0	237118
17859	8502	1666	1639	226858	0	238665
17860	5182	2338	223831	7422	0	238773
17861	216143	1934	6566	5085	0	229728
17862	7254	222059	5217	2294	0	236824
17863	5775	6740	1888	223121	0	237524
17864	224039	4574	1354	6834	0	236801
17865	8147	2166	1289	225135	0	236737
17866	5833	2150	219537	7529	0	235049
17867	3204	1522	6540	216011	0	227277
17868	2421	219911	5160	7154	0	234646
17869	222036	6545	1790	4964	0	235335
17870	7747	4402	1381	220862	0	234392
17871	224646	1903	1385	7395	0	235329
17872	8263	1367	1216	224608	0	235454
17873	5613	1254	1407	216429	0	224703
17874	2773	219912	2129	9681	0	234495
17875	217667	6453	1360	5525	0	231005
17876	7003	228852	1869	3073	0	240797
17877	5572	6893	1172	207620	0	221257
17878	2358	220921	1602	6643	0	231524
17879	216816	6609	1047	4871	0	229343
17880	215767	4395	1172	2692	0	224026
17881	215206	2141	1038	2257	0	220642
17882	9830	205586	1770	1964	0	219150
17883	2641	154250	727	892	0	158510
17884	150192	4314	668	952	0	156126
17885	3333	153989	778	947	0	159047
17886	3022	5818	962	140237	0	150039
17887	1295	2084	135256	2745	0	141380
17888	119873	758	2078	1661	0	124370
17889	125403	465	1119	733	0	127720
17890	124193	513	308	582	0	125596
17891	2754	124280	452	611	0	128097
17892	121178	1700	240	557	0	123675
17893	2118	1368	126014	432	0	129932
17894	1201	124465	1524	482	0	127672
17895	812	2538	875	114158	0	118383
17896	298	116287	468	843	0	117896
17897	108899	816	234	689	0	110638
17898	830	113080	298	301	0	114509
17899	579	780	100	112208	0	113667
17900	243	113326	300	789	0	114658
17901	302	760	139	115378	0	116579
17902	357	561	121	113367	0	114406
17903	296	561	113212	1163	0	115232
17904	298	205	707	110557	0	111767
17905	110296	211	487	985	0	111979
17906	110551	199	188	705	0	111643
17907	1245	190	147	111469	0	113051
17908	697	553	110113	865	0	112228
17909	391	212	678	109175	0	110456
17910	109664	199	516	1061	0	111440
17911	114443	172	207	882	0	115704
17912	115841	191	176	529	0	116737
17913	1229	120423	390	343	0	122385
17914	121879	761	113	471	0	123224
17915	974	969	119064	382	0	121389
17916	126024	242	784	656	0	127706
17917	1078	186	598	132588	0	134450
17918	802	208	160	133771	0	134941
17919	510	204	125	134891	0	135730
17920	130627	192	128	1775	0	132722
17921	128087	207	139	1043	0	129476
17922	1599	186	175	128848	0	130808
17923	917	503	131669	1142	0	134231
17924	581	187	864	131032	0	132664
17925	558	198	555	130617	0	131928
17926	423	608	129949	1669	0	132649
17927	340	131072	1094	966	0	133472
17928	513	921	591	133589	0	135614
17929	135057	653	270	1268	0	137248
17930	1178	260	148	136026	0	137612
17931	878	248	137	137062	0	138325
17932	136571	212	139	1919	0	138841
17933	1084	135829	401	1086	0	138400
17934	888	138039	395	476	0	139798
17935	135964	1484	139	606	0	138193
17936	1145	1189	136216	440	0	138990
17937	123914	359	996	780	0	126049
17938	1287	683	145030	570	0	147570
17939	805	147191	1203	428	0	149627
17940	148551	970	737	534	0	150792
17941	149612	727	222	646	0	151207
17942	151003	310	176	604	0	152093
17943	151734	237	181	645	0	152797
17944	1747	754	151429	402	0	154332
17945	1015	280	941	149061	0	151297
17946	150462	202	671	1270	0	152605
17947	1244	790	157377	835	0	160246
17948	984	733	155155	462	0	157334
17949	473	155356	1615	377	0	157821
17950	157088	770	694	519	0	159071
17951	1036	580	238	156322	0	158176
17952	157572	170	199	1210	0	159151
17953	994	161121	509	753	0	163377
17954	842	952	144	170475	0	172413
17955	475	607	153	171617	0	172852
17956	413	210	136	175891	0	176650
17957	322	703	177097	2139	0	180261
17958	283	179097	1658	1226	0	182264
17959	193804	1439	880	656	0	196779
17960	2157	1051	279	193980	0	197467
17961	194282	260	205	2354	0	197101
17962	192993	206	213	1566	0	194978
17963	3265	174	182	193541	0	197162
17964	1633	871	196195	2314	0	201013
17965	816	185	1983	194118	0	197102
17966	428	197682	1765	2277	0	202152
17967	600	1927	360	201061	0	203948
17968	466	1819	199032	2546	0	203863
17969	194317	375	2034	1775	0	198501
17970	2280	185	1292	201974	0	205731
17971	198841	183	515	2580	0	202119
17972	2371	845	197762	1513	0	202491
17973	184054	260	2048	1203	0	187565
17974	2508	786	199093	566	0	202953
17975	184013	235	2197	832	0	187277
17976	2319	192981	1655	644	0	197599
17977	1451	199038	820	580	0	201889
17978	894	3001	361	197715	0	201971
17979	782	1475	312	190156	0	192725
17980	710	458	288	200284	0	201740
17981	199322	243	273	3517	0	203355
17982	2268	256	264	203013	0	205801
17983	1454	876	202385	2517	0	207232
17984	189146	293	1959	2117	0	193515
17985	2067	203815	1665	924	0	208471
17986	206294	1891	501	938	0	209624
17987	200663	1246	317	892	0	203118
17988	3381	1022	204303	768	0	209474
17989	2102	335	2128	200338	0	204903
17990	1031	273	1366	214026	0	216696
17991	705	953	215673	3580	0	220911
17992	589	214407	2725	2069	0	219790
17993	210579	2210	1495	1221	0	215505
17994	213405	1467	608	1035	0	216515
17995	3913	526	410	215660	0	220509
17996	2191	337	379	218576	0	221483
17997	1004	330	448	228336	0	230118
17998	221981	356	419	4762	0	227518
17999	2863	228251	966	2407	0	234487
18000	230872	2646	480	1278	0	235276
18001	228876	1743	451	1118	0	232188
18002	4725	1290	241084	1121	0	248220
18003	2750	452	3174	232444	0	238820
18004	1104	246454	2658	3597	0	253813
18005	1291	3360	675	249682	0	255008
18006	1242	2385	464	257931	0	262022
18007	1080	1475	261372	5733	0	269660
18008	265920	446	3863	3395	0	273624
18009	297632	432	2557	1841	0	302462
18010	312321	531	969	1460	0	315281
18011	8440	569	657	307292	0	316958
18012	4445	688	607	295036	0	300776
18013	1561	302691	1411	8117	0	313780
18014	1227	315931	1463	4254	0	322875
18015	310378	8192	738	1889	0	321197
18016	6207	307160	1381	1493	0	316241
18017	4269	6607	306222	1580	0	318678
18018	2233	3626	5676	309519	0	321054
18019	313735	1191	3803	6610	0	325339
18020	6572	1680	312793	4261	0	325306
18021	4577	1664	310570	1848	0	318659
18022	313586	875	9057	1571	0	325089
18023	317876	826	4372	1608	0	324682
18024	10074	732	1382	312584	0	324772
18025	5246	1425	313485	6795	0	326951
18026	2641	831	6204	315141	0	324817
18027	2014	1690	307495	7256	0	318455
18028	2230	1496	316656	4719	0	325101
18029	1838	319347	9837	2283	0	333305
18030	320732	5953	4800	1981	0	333466
18031	321890	3800	1783	2115	0	329588
18032	9749	318786	2070	1849	0	332454
18033	5649	6474	1343	316464	0	329930
18034	2803	4111	1445	321515	0	329874
18035	2410	1584	1284	327921	0	333199
18036	319301	1009	1143	10581	0	332034
18037	7018	317513	1954	5614	0	332099
18038	313195	6180	1321	2609	0	323305
18039	312224	4097	1324	2316	0	319961
18040	10253	2106	303638	2084	0	318081
18041	5495	304183	6927	1870	0	318475
18042	3216	6557	4192	304121	0	318086
18043	2394	5060	305625	6630	0	319709
18044	295938	1685	6496	5011	0	309130
18045	308857	1094	4393	2595	0	316939
18046	311081	1128	1880	2384	0	316473
18047	307307	1039	1561	2177	0	312084
18048	11230	1150	1363	297331	0	311074
18049	5963	1841	296258	6808	0	310870
18050	3595	1129	6383	297526	0	308633
18051	296475	1069	4286	7583	0	309413
18052	296720	876	1764	5216	0	304576
18053	10069	289481	2171	2577	0	304298
18054	286805	5657	1391	2253	0	296106
18055	7568	4529	283909	1838	0	297844
18056	5259	2126	283238	1814	0	292437
18057	270434	1419	8787	1896	0	282536
18058	7244	277112	5049	1612	0	291017
18059	5334	4956	1565	252103	0	263958
18060	2450	265230	1667	4980	0	274327
18061	2435	5129	1139	265867	0	274570
18062	2154	3315	1195	268203	0	274867
18063	2282	1405	1063	276072	0	280822
18064	266450	1130	1025	8335	0	276940
18065	271459	1220	989	4335	0	278003
18066	270460	1205	1005	1978	0	274648
18067	8814	1818	263129	1881	0	275642
18068	259655	929	5380	1886	0	267850
18069	6925	836	3767	271364	0	282892
18070	5185	841	1641	282992	0	290659
18071	2807	1594	280528	8665	0	293594
18072	2923	1008	5772	305683	0	315386
18073	316894	895	3981	7745	0	329515
18074	7999	1413	316562	5077	0	331051
18075	6049	870	6869	316614	0	330402
18076	318776	719	4675	7755	0	331925
18077	317620	779	2043	5465	0	325907
18078	11396	1518	320202	2456	0	335572
18079	6438	1748	326245	2004	0	336435
18080	3646	954	10402	324817	0	339819
18081	329678	944	5342	7834	0	343798
18082	334317	997	1922	5632	0	342868
18083	11994	1031	1593	310690	0	325308
18084	6238	329401	2350	7512	0	345501
18085	328994	6612	1572	5425	0	342603
18086	8220	334862	2497	2737	0	348316
18087	6568	7158	1514	332309	0	347549
18088	3410	4898	329593	7919	0	345820
18089	2996	2042	323017	5311	0	333366
18090	2844	1731	330577	2262	0	337414
18091	2962	1293	11118	313054	0	328427
18092	2848	935	5578	322689	0	332050
18093	318708	852	2227	11159	0	332946
18094	7958	316163	2551	6042	0	332714
18095	319518	6397	1680	2676	0	330271
18096	9182	4319	1679	294013	0	309193
18097	5522	308936	2239	6899	0	323596
18098	2818	319897	2252	4884	0	329851
18099	2928	9792	1339	311443	0	325502
18100	310121	4426	1353	7537	0	323437
18101	7524	312564	2194	5220	0	327502
18102	296281	5966	1386	2328	0	305961
18103	7280	302987	1969	2048	0	314284
18104	297490	6448	1689	1943	0	307570
18105	7664	4614	291469	1789	0	305536
18106	5162	2124	286681	1710	0	295677
18107	2454	282652	8880	1444	0	295430
18108	255852	6956	6891	1881	0	271580
18109	4909	246115	1987	1319	0	254330
18110	3160	228680	1375	1049	0	234264
18111	3592	6683	1251	226604	0	238130
18112	226885	2629	1202	4085	0	234801
18113	4134	229641	1296	2815	0	237886
18114	222548	3543	750	1152	0	227993
18115	3970	222661	1150	1142	0	228923
18116	216194	3698	736	884	0	221512
18117	3732	216525	963	951	0	222171
18118	2337	218274	845	917	0	222373
18119	1628	5162	677	202291	0	209758
18120	882	214300	833	2956	0	218971
18121	208098	3483	468	2107	0	214156
18122	3413	2834	207931	898	0	215076
18123	2468	1093	3030	207298	0	213889
18124	1007	1692	212202	3392	0	218293
18125	1060	772	3410	207061	0	212303
18126	1023	740	2074	212098	0	215935
18127	902	1222	200312	4877	0	207313
18128	171335	742	3256	3339	0	178672
18129	3606	196024	2644	1393	0	203667
18130	199329	3167	1018	1251	0	204765
18131	3754	201795	1243	1090	0	207882
18132	2695	3568	675	199842	0	206780
18133	200818	2131	778	3697	0	207424
18134	202267	1139	958	2464	0	206828
18135	205367	892	919	1375	0	208553
18136	5619	961	735	199258	0	206573
18137	3571	986	694	196296	0	201547
18138	1741	205185	1147	4525	0	212598
18139	206421	3431	770	2851	0	213473
18140	209581	2472	774	1346	0	214173
18141	209908	1257	887	1157	0	213209
18142	207964	1127	877	1191	0	211159
18143	5457	200891	1374	1201	0	208923
18144	3120	3551	1023	202573	0	210267
18145	1657	3143	200908	3476	0	209184
18146	189907	1391	3390	2702	0	197390
18147	205013	1201	2060	1664	0	209938
18148	5717	1607	201625	1108	0	210057
18149	3345	1698	203161	999	0	209203
18150	1945	1529	4707	198426	0	206607
18151	1696	1416	2375	208531	0	214018
18152	1503	1335	1022	212155	0	216015
18153	205229	1412	853	5616	0	213110
18154	4355	1297	766	208318	0	214736
18155	2982	1610	201982	4248	0	210822
18156	1730	1204	3582	204785	0	211301
18157	1367	1595	208050	4394	0	215406
18158	1604	1225	3895	202336	0	209060
18159	1752	1116	2372	217607	0	222847
18160	1512	1527	217509	5932	0	226480
18161	193484	1177	4172	3727	0	202560
18162	4290	219331	3452	1626	0	228699
18163	223649	4413	1010	1449	0	230521
18164	5384	3215	715	230235	0	239549
18165	228922	1670	655	5170	0	236417
18166	5350	242492	1178	3500	0	252520
18167	3676	257078	1137	1736	0	263627
18168	2376	9979	753	268126	0	281234
18169	1795	4773	279960	5933	0	292461
18170	1652	2113	271904	3668	0	279337
18171	1415	273360	9066	1767	0	285608
18172	237097	5693	3881	1261	0	247932
18173	4930	2939	1105	236025	0	244999
18174	233226	913	728	4850	0	239717
18175	4884	232154	1081	3010	0	241129
18176	2898	239052	1160	1105	0	244215
18177	1649	7517	610	234537	0	244313
18178	232599	3411	557	4984	0	241551
18179	234203	1205	435	3121	0	238964
18180	7366	1409	229570	1362	0	239707
18181	3750	1259	224675	974	0	230658
18182	217576	872	6536	957	0	225941
18183	4850	225314	3492	893	0	234549
18184	224645	4517	1116	799	0	231077
18185	5724	2903	647	221110	0	230384
18186	3306	1422	218598	4530	0	227856
18187	203629	662	4659	3110	0	212060
18188	4703	214523	3453	1137	0	223816
18189	2985	220612	1478	817	0	225892
18190	1947	6706	987	214659	0	224299
18191	218244	3077	857	4904	0	227082
18192	5106	1232	814	220191	0	227343
18193	223700	947	862	5308	0	230817
18194	5487	1460	217303	3020	0	227270
18195	213753	1071	4132	1607	0	220563
18196	222037	903	2426	1334	0	226700
18197	7506	1209	213110	1086	0	222911
18198	203134	779	4446	1240	0	209599
18199	5687	208372	3195	1032	0	218286
18200	4000	4371	1289	199002	0	208662
18201	2194	210250	1211	3992	0	217647
18202	210705	4871	901	2662	0	219139
18203	5497	2872	1024	203814	0	213207
18204	3527	205538	1334	4498	0	214897
18205	2214	4776	833	204237	0	212060
18206	1450	207748	1005	5138	0	215341
18207	1551	5233	661	209396	0	216841
18208	207402	3271	643	5404	0	216720
18209	5241	1603	626	209155	0	216625
18210	3425	1610	204778	5589	0	215402
18211	197193	1266	4283	3760	0	206502
18212	5422	1238	2583	204682	0	213925
18213	3514	1474	200738	5342	0	211068
18214	2160	1276	195813	3747	0	202996
18215	1886	1195	205788	1987	0	210856
18216	1979	826	7396	197097	0	207298
18217	2007	803	3872	206858	0	213540
18218	1947	889	1886	207445	0	212167
18219	1752	859	1573	210278	0	214462
18220	205380	878	1587	7844	0	215689
18221	210491	902	1366	4442	0	217201
18222	213145	1029	1183	2524	0	217881
18223	216652	1077	1057	2216	0	221002
18224	8334	1007	901	210158	0	220400
18225	4636	1558	212605	5919	0	224718
18226	209771	1058	4507	4269	0	219605
18227	220998	1134	2910	2294	0	227336
18228	8314	1116	1284	216224	0	226938
18229	5060	950	1012	221859	0	228881
18230	221394	859	1066	7937	0	231256
18231	6430	805	1274	210254	0	218763
18232	4410	213009	1853	5928	0	225200
18233	217767	4521	1420	4183	0	227891
18234	216674	2937	1358	2667	0	223636
18235	8121	1772	223361	2245	0	235499
18236	5007	1125	5155	221864	0	233151
18237	3002	1023	3458	230495	0	237978
18238	228176	990	1711	8405	0	239282
18239	231813	1078	1262	4692	0	238845
18240	9303	972	979	230066	0	241320
18241	5219	1330	229012	6582	0	242143
18242	3082	1260	231065	4589	0	239996
18243	2968	845	7352	231161	0	242326
18244	2969	961	3821	235962	0	243713
18245	229557	714	1717	8437	0	240425
18246	6723	226727	1879	5046	0	240375
18247	4601	227813	1879	2739	0	237032
18248	2773	236350	2029	2054	0	243206
18249	2786	7434	1491	229368	0	241079
18250	228750	3578	1205	6193	0	239726
18251	228087	1623	1014	4266	0	234990
18252	8130	228716	1430	2510	0	240786
18253	231981	5329	788	2155	0	240253
18254	6537	3434	817	228900	0	239688
18255	4394	2162	230235	5973	0	242764
18256	3071	1282	4589	226163	0	235105
18257	2803	1140	2807	229476	0	236226
18258	3136	1078	1288	229770	0	235272
18259	217530	782	970	7760	0	227042
18260	5623	1454	1005	208068	0	216150
18261	3689	208656	1419	5878	0	219642
18262	202058	3789	2000	4026	0	211873
18263	4726	201604	1363	2509	0	210202
18264	2851	192202	1209	1961	0	198223
18265	1712	195692	1213	1805	0	200422
18266	2063	4361	175120	1495	0	183039
18267	1001	168765	3088	1435	0	174289
18268	1368	2439	142199	963	0	146969
18269	124625	1249	1577	699	0	128150
18270	131681	268	729	707	0	133385
18271	1652	538	136847	428	0	139465
18272	131685	232	1021	796	0	133734
18273	141826	220	660	652	0	143358
18274	1648	515	143952	523	0	146638
18275	836	149736	1108	458	0	152138
18276	674	1215	731	149489	0	152109
18277	151248	644	209	1273	0	153374
18278	1175	310	181	150033	0	151699
18279	156436	235	239	1503	0	158413
18280	154363	226	242	964	0	155795
18281	1562	731	156198	462	0	158953
18282	150773	276	906	657	0	152612
18283	1138	160637	874	484	0	163133
18284	162626	987	188	642	0	164443
18285	1215	745	193	162761	0	164914
18286	946	715	163014	1203	0	165878
18287	602	255	930	161296	0	163083
18288	160407	243	700	1373	0	162723
18289	1087	161579	443	1225	0	164334
18290	927	1455	160706	875	0	163963
18291	648	746	971	154200	0	156565
18292	559	710	162141	1361	0	164771
18293	383	162883	1311	993	0	165570
18294	161965	1048	722	663	0	164398
18295	1251	746	292	162405	0	164694
18296	904	784	163325	1281	0	166294
18297	567	759	153903	1046	0	156275
18298	160768	341	1558	669	0	163336
18299	1341	422	799	167538	0	170100
18300	1080	419	326	168618	0	170443
18301	571	752	169544	1737	0	172604
18302	607	743	167740	1024	0	170114
18303	577	174609	1981	590	0	177757
18304	642	1206	947	174662	0	177457
18305	692	902	433	171351	0	173378
18306	526	175419	623	1835	0	178403
18307	580	1677	172457	1038	0	175752
18308	159437	910	1332	776	0	162455
18309	1589	299	905	176995	0	179788
18310	1138	850	179258	1478	0	182724
18311	782	391	1368	170213	0	172754
18312	618	178434	1216	1400	0	181668
18313	625	1702	176859	1067	0	180253
18314	160780	1003	1443	1004	0	164230
18315	1639	808	180552	555	0	183554
18316	1140	841	176940	510	0	179431
18317	641	712	173811	483	0	175647
18318	574	697	186488	500	0	188259
18319	685	419	2356	183489	0	186949
18320	616	746	199612	1820	0	202794
18321	671	429	1949	189513	0	192562
18322	385	198126	1626	1917	0	202054
18323	211723	1730	533	1513	0	215499
18324	2525	1292	432	216765	0	221014
18325	1723	899	216962	2717	0	222301
18326	563	217927	2877	1996	0	223363
18327	708	2420	1790	218042	0	222960
18328	217316	1661	667	2802	0	222446
18329	2383	220481	927	1895	0	225686
18330	1879	2455	438	221775	0	226547
18331	223329	1625	441	2787	0	228182
18332	2589	921	222650	1901	0	228061
18333	215581	347	2645	935	0	219508
18334	2705	789	225583	495	0	229572
18335	208927	396	2733	628	0	212684
18336	211332	262	1719	691	0	214004
18337	3860	625	210782	606	0	215873
18338	1704	208027	2546	468	0	212745
18339	950	2461	1800	202361	0	207572
18340	517	1778	210396	2380	0	215071
18341	596	671	2347	199929	0	203543
18342	618	369	1545	207410	0	209942
18343	405	664	207984	3512	0	212565
18344	510	585	207142	1834	0	210071
18345	487	289	3564	207005	0	211345
18346	211289	165	1806	2656	0	215916
18347	2188	210180	957	1822	0	215147
18348	1611	211835	693	752	0	214891
18349	211835	3358	455	828	0	216476
18350	216505	1665	465	842	0	219477
18351	3814	482	394	215986	0	220676
18352	1985	278	363	217884	0	220510
18353	712	264	437	221124	0	222537
18354	213656	288	367	4088	0	218399
18355	2324	209241	689	2111	0	214365
18356	1758	214260	758	750	0	217526
18357	842	3562	452	212909	0	217765
18358	676	1685	382	216506	0	219249
18359	719	468	382	218347	0	219916
18360	213897	374	404	4310	0	218985
18361	2410	217450	786	2514	0	223160
18362	221104	2400	443	977	0	224924
18363	2994	2171	220349	831	0	226345
18364	1976	224692	3019	827	0	230514
18365	829	2759	1976	223280	0	228844
18366	222553	1973	636	3390	0	228552
18367	3142	1013	225048	2256	0	231459
18368	2300	1017	225467	836	0	229620
18369	1044	544	4692	221551	0	227831
18370	788	467	2328	226963	0	230546
18371	829	482	730	224684	0	226725
18372	800	489	561	217810	0	219660
18373	954	477	539	215197	0	217167
18374	596	210639	942	5254	0	217431
18375	933	2919	550	211304	0	215706
18376	205762	2025	679	3923	0	212389
18377	2918	208963	1029	2852	0	215762
18378	207017	2913	594	1513	0	212037
18379	3490	2551	202819	1155	0	210015
18380	2408	1189	204710	1122	0	209429
18381	1195	658	4802	209693	0	216348
18382	883	1036	257979	3991	0	263889
18383	1123	570	5075	252978	0	259746
18384	1150	648	3369	256797	0	261964
18385	262392	523	1187	8314	0	272416
18386	259259	591	869	4605	0	265324
18387	8324	271917	1504	1790	0	283535
18388	4249	283999	1295	1398	0	290941
18389	1732	8853	806	279500	0	290891
18390	281855	4516	824	6587	0	293782
18391	6158	1891	285717	4668	0	298434
18392	4565	826	6150	284336	0	295877
18393	1889	757	4228	288592	0	295466
18394	1366	1379	284207	10591	0	297543
18395	1175	284049	6825	5814	0	297863
18396	1479	6376	4302	282831	0	294988
18397	1242	4996	286814	7416	0	300468
18398	1424	1502	6277	286134	0	295337
18399	271268	853	4462	7888	0	284471
18400	6051	276173	2256	5571	0	290051
18401	4140	282537	1816	2600	0	291093
18402	1904	9718	1123	275386	0	288131
18403	270160	4749	1225	7328	0	283462
18404	6018	274169	1930	5357	0	287474
18405	276792	6301	1216	3134	0	287443
18406	7076	4786	274917	2571	0	289350
18407	4951	2105	282136	2433	0	291625
18408	2648	1481	10238	263084	0	277451
18409	2026	1593	5009	285813	0	294441
18410	279791	1596	1766	10882	0	294035
18411	7888	1549	1139	280811	0	291387
18412	5882	2123	278423	8205	0	294633
18413	2859	2042	6680	274499	0	286080
18414	2479	1871	4738	284129	0	293217
18415	1911	1829	273600	11660	0	289000
18416	257788	1329	7380	6935	0	273432
18417	7133	1519	5261	274137	0	288050
18418	264638	1094	2220	8837	0	276789
18419	6786	253501	2494	6447	0	269228
18420	250259	5887	2076	3588	0	261810
18421	6461	249698	2134	3244	0	261537
18422	4276	251985	2192	3315	0	261768
18423	3649	9319	2694	227967	0	243629
18424	227829	4549	2162	6815	0	241355
18425	229371	2103	1284	4754	0	237512
18426	8487	2021	1213	224150	0	235871
18427	226697	1764	1148	6665	0	236274
18428	226294	1627	1155	5135	0	234211
18429	9450	1827	1177	223118	0	235572
18430	215271	1936	1283	6488	0	224978
18431	6648	219809	1811	5134	0	233402
18432	221127	5716	1709	3065	0	231617
18433	6840	4503	217636	2832	0	231811
18434	222986	1641	5518	3217	0	233362
18435	7135	1134	4106	222502	0	234877
18436	5399	989	2151	228145	0	236684
18437	3071	1000	1856	229818	0	235745
18438	2683	1181	1874	229816	0	235554
18439	2390	1376	1686	223899	0	229351
18440	2306	210794	2210	10290	0	225600
18441	2292	222078	2407	6294	0	233071
18442	219910	7626	1649	3722	0	232907
18443	6663	4915	218502	3183	0	233263
18444	214702	2529	5477	3208	0	225916
18445	7150	2741	220376	3274	0	233541
18446	5691	2234	5833	214562	0	228320
18447	3664	2397	3605	222970	0	232636
18448	214134	2196	1594	9713	0	227637
18449	7376	2535	216245	5924	0	232080
18450	6505	2051	5324	216569	0	230449
18451	4064	2058	225273	7250	0	238645
18452	3571	227046	6488	5941	0	243046
18453	4106	5831	4186	231127	0	245250
18454	231960	4119	1968	7732	0	245779
18455	227542	1921	1700	6386	0	237549
18456	231730	1688	1687	4010	0	239115
18457	10422	229991	2175	3735	0	246323
18458	6205	238208	2508	3587	0	250508
18459	206886	8646	2460	4074	0	222066
18460	6569	235268	2248	4233	0	248318
18461	4928	235383	2013	4351	0	246675
18462	3324	8996	227144	4300	0	243764
18463	2690	226996	5839	3961	0	239486
18464	2643	227539	4324	3338	0	237844
18465	2959	8894	1812	222337	0	236002
18466	2534	5964	224376	6646	0	239520
18467	2755	3360	221038	4871	0	232024
18468	209794	2131	8189	3317	0	223431
18469	7062	2278	225208	2663	0	237211
18470	226289	1848	6463	2718	0	237318
18471	7398	1781	4760	218459	0	232398
18472	5509	227076	2926	6893	0	242404
18473	236322	5618	1882	5564	0	249386
18474	244449	4203	2030	3536	0	254218
18475	9639	1815	2149	242355	0	255958
18476	6386	1572	2062	245333	0	255353
18477	4286	1468	1871	247100	0	254725
18478	238619	1538	1452	10179	0	251788
18479	226633	1529	1493	6355	0	236010
18480	239220	1717	1183	3631	0	245751
18481	9819	224147	1427	2897	0	238290
18482	180581	3054	786	1368	0	185789
18483	3946	178646	809	1281	0	184682
18484	2857	177616	783	1206	0	182462
18485	2441	6986	1531	159427	0	170385
18486	1244	165927	928	2513	0	170612
18487	154988	2213	619	1734	0	159554
18488	2745	1738	277	153165	0	157925
18489	148767	642	319	2185	0	151913
18490	2085	145080	483	1531	0	149179
18491	1458	150646	522	698	0	153324
18492	151230	2607	359	681	0	154877
18493	2105	155527	564	577	0	158773
18494	1814	2109	458	154551	0	158932
18495	1127	1351	444	156264	0	159186
18496	155396	498	286	2976	0	159156
18497	2211	442	222	157121	0	159996
18498	1593	832	158755	2217	0	163397
18499	764	522	1925	160426	0	163637
18500	163246	450	1282	2462	0	167440
18501	2328	167326	781	1570	0	172005
18502	178562	2356	323	966	0	182207
18503	175077	1611	327	875	0	177890
18504	180714	632	307	781	0	182434
18505	4245	904	176555	562	0	182266
18506	2121	944	171469	499	0	175033
18507	164557	521	3538	627	0	169243
18508	2575	173280	1920	668	0	178443
18509	1884	2486	495	175034	0	179899
18510	887	1714	333	173386	0	176320
18511	576	169785	701	3597	0	174659
18512	571	175462	734	1835	0	178602
18513	747	3697	366	174872	0	179682
18514	707	1831	321	176850	0	179709
18515	649	1079	171032	3925	0	176685
18516	710	885	163166	2154	0	166915
18517	165263	507	3684	1019	0	170473
18518	177275	499	1800	805	0	180379
18519	4103	473	590	175934	0	181100
18520	2259	911	175860	2855	0	181885
18521	1083	531	2475	175168	0	179257
18522	172629	495	1711	3212	0	178047
18523	2944	997	174752	2132	0	180825
18524	2227	543	2622	177194	0	182586
18525	998	982	180064	2972	0	185016
18526	805	176680	3046	2329	0	182860
18527	897	2995	179198	955	0	184045
18528	957	2210	2896	175424	0	181487
18529	179092	643	1883	2876	0	184494
18530	2970	601	695	182108	0	186374
18531	182554	463	526	3271	0	186814
18532	183995	520	511	2198	0	187224
18533	181747	543	494	1140	0	183924
18534	4382	915	176122	1062	0	182481
18535	178652	514	2569	894	0	182629
18536	3448	479	1775	180630	0	186332
18537	2448	445	703	182766	0	186362
18538	1248	894	180139	4269	0	186550
18539	1176	776	2571	180985	0	185508
18540	182632	479	1740	3299	0	188150
18541	2915	184069	1046	2263	0	190293
18542	187641	2430	500	1372	0	191943
18543	188693	1609	446	1293	0	192041
18544	190652	636	527	1089	0	192904
18545	4667	544	459	186083	0	191753
18546	2484	974	188637	3113	0	195208
18547	1354	517	2728	190712	0	195311
18548	1176	444	1764	194804	0	198188
18549	192401	408	815	4633	0	198257
18550	186233	467	631	2653	0	189984
18551	4536	758	181845	1123	0	188262
18552	2582	543	2745	180616	0	186486
18553	1198	813	185320	3391	0	190722
18554	184291	394	3409	2481	0	190575
18555	3667	209960	2501	1380	0	217508
18556	212085	3416	843	1051	0	217395
18557	4199	219423	1097	903	0	225622
18558	217640	3947	664	1053	0	223304
18559	4352	219998	1103	976	0	226429
18560	3183	4113	731	217597	0	225624
18561	1440	2352	520	224965	0	229277
18562	223191	747	512	6181	0	230631
18563	223681	471	488	3119	0	227759
18564	225420	423	496	1338	0	227677
18565	219347	468	518	1086	0	221419
18566	221830	406	470	984	0	223690
18567	6892	417	492	212556	0	220357
18568	3362	214667	932	4061	0	223022
18569	1927	3792	460	208603	0	214782
18570	1303	212240	881	4248	0	218672
18571	1460	4108	368	204146	0	210082
18572	1179	209170	891	4289	0	215529
18573	1422	4110	427	205494	0	211453
18574	1143	2641	197929	4585	0	206298
18575	182435	823	3762	3109	0	190129
18576	4288	197112	2542	1281	0	205223
18577	198922	3728	759	1105	0	204514
18578	4767	2662	196005	905	0	204339
18579	190583	870	3733	1124	0	196310
18580	4720	943	205850	971	0	212484
18581	3118	695	4252	201570	0	209635
18582	1331	218719	2863	4253	0	227166
18583	1250	4820	221915	2736	0	230721
18584	1352	2838	4638	222565	0	231393
18585	216472	973	2930	5238	0	225613
18586	5350	644	1019	229059	0	236072
18587	3650	528	720	231141	0	236039
18588	1880	565	601	235270	0	238316
18589	1314	1071	226851	7974	0	237210
18590	1489	645	4698	221806	0	228638
18591	1198	222379	3498	5615	0	232690
18592	1521	4568	948	223775	0	230812
18593	1510	2915	577	225115	0	230117
18594	218661	990	517	7569	0	227737
18595	5427	806	507	225731	0	232471
18596	3400	983	226152	5786	0	236321
18597	1665	1025	226217	3704	0	232611
18598	1367	855	227241	2033	0	231496
18599	1136	223574	7759	1433	0	233902
18600	218420	4691	4278	1379	0	228768
18601	4821	218980	1588	1223	0	226612
18602	212523	4638	864	1132	0	219157
18603	5286	2816	772	208623	0	217497
18604	3300	1405	212947	4717	0	222369
18605	1501	1179	210982	3317	0	216979
18606	1116	218482	7123	1600	0	228321
18607	1318	4900	3338	215236	0	224792
18608	1285	3177	1152	219746	0	225360
18609	1181	1322	786	224691	0	227980
18610	973	1309	218797	7999	0	229078
18611	198295	831	5136	4666	0	208928
18612	5194	1104	222198	1989	0	230485
18613	3837	859	5355	214399	0	224450
18614	2026	760	3251	225091	0	231128
18615	1368	1102	220931	8166	0	231567
18616	205435	732	5400	4855	0	216422
18617	5193	221107	4152	2412	0	232864
18618	223002	4943	1729	1751	0	231425
18619	5990	3407	1261	211460	0	222118
18620	3594	220740	1598	5395	0	231327
18621	2006	5063	1034	224769	0	232872
18622	222935	3374	1061	6484	0	233854
18623	5842	1410	1104	223065	0	231421
18624	3941	1450	217738	6418	0	229547
18625	211677	1061	5402	4449	0	222589
18626	219392	1040	3665	2516	0	226613
18627	8139	1362	215452	2085	0	227038
18628	4724	1017	5256	214398	0	225395
18629	219412	895	3704	6362	0	230373
18630	6092	863	1723	218207	0	226885
18631	4456	835	1380	216694	0	223365
18632	2396	816	1488	218729	0	223429
18633	1871	809	1389	219188	0	223257
18634	1537	1379	210693	9188	0	222797
18635	1689	933	5487	212392	0	220501
18636	1459	1299	211375	7083	0	221216
18637	204360	887	5940	5091	0	216278
18638	212260	918	3893	3008	0	220079
18639	213242	836	1967	2562	0	218607
18640	213595	865	1484	2534	0	218478
18641	8990	841	1603	204973	0	216407
18642	204071	781	1748	6594	0	213194
18643	6361	1099	201810	4903	0	214173
18644	4367	1059	201733	2601	0	209760
18645	190940	701	7757	2467	0	201865
18646	5765	193219	4853	2297	0	206134
18647	3961	195526	2527	2246	0	204260
18648	2564	6634	1859	191788	0	202845
18649	1817	3728	192294	5940	0	203779
18650	177762	1198	5448	4822	0	189230
18651	5445	1147	194567	2713	0	203872
18652	3791	183898	5446	2616	0	195751
18653	2460	4330	183036	2241	0	192067
18654	1553	171545	4967	2092	0	180157
18655	150284	4113	4126	1981	0	160504
18656	3610	150109	1896	1713	0	157328
18657	2756	143378	1404	1657	0	149195
18658	1917	4292	1163	141629	0	149001
18659	1394	2611	140158	3614	0	147777
18660	1496	951	3125	135190	0	140762
18661	1406	731	2545	138896	0	143578
18662	1265	953	136550	5052	0	143820
18663	1503	687	3303	129704	0	135197
18664	1346	132920	2887	3387	0	140540
18665	1409	2849	1341	137437	0	143036
18666	137102	2156	1152	3733	0	144143
18667	3565	870	1081	138963	0	144479
18668	2749	944	137751	3911	0	145355
18669	1654	733	3218	139425	0	145030
18670	1183	989	139235	4017	0	145424
18671	134426	805	3523	2934	0	141688
18672	3445	776	2557	139858	0	146636
18673	140505	739	1469	3700	0	146413
18674	3665	1100	140751	2875	0	148391
18675	128709	772	3303	1941	0	134725
18676	3475	141899	2899	1480	0	149753
18677	2649	3053	143868	1558	0	151128
18678	1672	3035	3432	140666	0	148805
18679	1396	1138	146619	3564	0	152717
18680	1145	136746	3591	2792	0	144274
18681	1138	141246	2776	1433	0	146593
18682	123347	3169	1178	1126	0	128820
18683	2322	131190	1040	1012	0	135564
18684	131604	2371	882	1025	0	135882
18685	2925	1763	816	132873	0	138377
18686	2000	949	131609	2777	0	137335
18687	868	133400	2749	2246	0	139263
18688	1108	2659	2046	132408	0	138221
18689	943	1907	801	137131	0	140782
18690	1003	742	630	140651	0	143026
18691	911	668	684	136740	0	139003
18692	771	133694	1005	4222	0	139692
18693	678	139098	951	2398	0	143125
18694	133041	3564	735	1151	0	138491
18695	2336	134154	904	970	0	138364
18696	1793	2451	576	128431	0	133251
18697	768	1802	128069	2537	0	133176
18698	537	127335	2385	2029	0	132286
18699	741	2324	1620	124421	0	129106
18700	691	2220	565	121472	0	124948
18701	451	125925	678	3333	0	130387
18702	121683	2159	529	1884	0	126255
18703	2145	1916	123329	786	0	128176
18704	110751	687	1943	695	0	114076
18705	1946	119410	1672	603	0	123631
18706	111239	1761	497	476	0	113973
18707	1735	115259	439	370	0	117803
18708	1568	2023	371	119569	0	123531
18709	623	1478	313	122027	0	124441
18710	119394	569	264	3230	0	123457
18711	1942	540	251	121677	0	124410
18712	1556	687	119790	2253	0	124286
18713	425	116824	1900	1747	0	120896
18714	325	118803	1498	719	0	121345
18715	466	3027	383	116114	0	119990
18716	387	1795	117053	1947	0	121182
18717	394	628	1618	114907	0	117547
18718	367	473	1236	117471	0	119547
18719	289	721	115064	2992	0	119066
18720	344	637	112115	1892	0	114988
18721	229	114830	2807	835	0	118701
18722	115304	1758	1413	674	0	119149
18723	1746	1552	379	110933	0	114610
18724	1310	111292	524	1744	0	114870
18725	115367	1819	361	1593	0	119140
18726	1746	1536	326	115557	0	119165
18727	1420	628	219	115189	0	117456
18728	435	114229	466	3037	0	118167
18729	470	1867	293	114162	0	116792
18730	113776	1547	274	2248	0	117845
18731	1870	657	268	115374	0	118169
18732	1541	565	310	116229	0	118645
18733	587	790	113225	3042	0	117644
18734	472	856	107748	1927	0	111003
18735	111122	512	2770	993	0	115397
18736	1858	554	1462	113627	0	117501
18737	1542	569	464	114332	0	116907
18738	694	533	354	116544	0	118125
18739	441	780	113037	3361	0	117619
18740	109692	560	1856	2086	0	114194
18741	1921	603	1477	112921	0	116922
18742	1610	582	596	114557	0	117345
18743	111330	537	497	3410	0	115774
18744	1860	111373	653	2233	0	116119
18745	1586	2093	111186	1194	0	116059
18746	737	1597	1892	106050	0	110276
18747	514	110289	1776	2328	0	114907
18748	716	1910	607	112250	0	115483
18749	109940	1603	481	2535	0	114559
18750	2039	756	477	110311	0	113583
18751	108460	689	491	2659	0	112299
18752	107935	651	478	2243	0	111307
18753	3149	677	473	103381	0	107680
18754	1704	104172	657	2641	0	109174
18755	691	107666	669	2252	0	111278
18756	687	3137	105571	1400	0	110795
18757	751	1816	1958	100159	0	104684
18758	729	693	1598	106613	0	109633
18759	670	603	653	109141	0	111067
18760	105856	601	508	3753	0	110718
18761	2150	591	448	107649	0	110838
18762	1830	724	107299	2766	0	112619
18763	106092	508	1858	2514	0	110972
18764	2229	486	1524	112367	0	116606
18765	1893	516	626	114951	0	117986
18766	822	708	111822	3784	0	117136
18767	106371	583	1940	2568	0	111462
18768	2168	543	1579	113281	0	117571
18769	1818	745	115203	2873	0	120639
18770	971	500	1991	114831	0	118293
18771	979	473	1767	102875	0	106094
18772	751	114694	1050	3343	0	119838
18773	113331	1832	623	2385	0	118171
18774	112199	1494	556	1525	0	115774
18775	3029	111531	903	1413	0	116876
18776	110286	1758	603	1332	0	113979
18777	107769	1427	499	1335	0	111030
18778	3258	539	456	107359	0	111612
18779	1845	652	103214	2517	0	108228
18780	898	597	99084	2006	0	102585
18781	725	593	98702	1127	0	101147
18782	646	593	101215	1087	0	103541
18783	901	1400	2646	91130	0	96077
18784	492	371	1478	95602	0	97943
18785	541	277	487	94520	0	95825
18786	685	283	330	97390	0	98688
18787	96273	224	370	2922	0	99789
18788	1691	98747	546	1900	0	102884
18789	103545	1289	472	1017	0	106323
18790	1856	1245	104213	815	0	108129
18791	1415	620	108482	669	0	111186
18792	612	816	2541	110433	0	114402
18793	111767	246	1923	2092	0	116028
18794	102752	245	553	1824	0	105374
18795	2642	110330	630	856	0	114458
18796	1408	112059	556	656	0	114679
18797	671	2525	321	111737	0	115254
18798	111826	1217	390	1910	0	115343
18799	1623	113358	568	1484	0	117033
18800	113953	1486	292	773	0	116504
18801	114014	1245	260	699	0	116218
18802	115044	364	241	666	0	116315
18803	2695	548	115184	518	0	118945
18804	1470	115867	1621	592	0	119550
18805	114285	1390	1159	639	0	117473
18806	113032	1096	435	600	0	115163
18807	2527	110115	502	443	0	113587
18808	1063	105497	350	253	0	107163
18809	104916	1782	348	354	0	107400
18810	1419	953	121	104867	0	107360
18811	1074	591	105358	1245	0	108268
18812	101357	311	1090	1012	0	103770
18813	1367	289	776	106351	0	108783
18814	1028	111223	427	1168	0	113846
18815	524	1230	143	113468	0	115365
18816	430	1234	113904	1363	0	116931
18817	467	384	1178	113514	0	115543
18818	119195	215	851	1580	0	121841
18819	1481	236	288	120401	0	122406
18820	1200	254	195	121494	0	123143
18821	488	620	123539	2200	0	126847
18822	512	265	1244	117653	0	119674
18823	365	123239	1138	1406	0	126148
18824	123542	1266	329	1171	0	126308
18825	119153	958	255	628	0	120994
18826	2224	710	122533	481	0	125948
18827	1358	339	1301	117043	0	120041
18828	466	120404	1186	1370	0	123426
18829	379	123868	548	1035	0	125830
18830	122551	1971	233	542	0	125297
18831	1548	1097	205	124689	0	127539
18832	1144	660	124589	1515	0	127908
18833	550	676	122587	1198	0	125011
18834	497	258	2101	124815	0	127671
18835	124108	252	1113	1673	0	127146
18836	124693	307	358	1250	0	126608
18837	2360	311	326	129649	0	132646
18838	1324	614	131533	1690	0	135161
18839	511	131739	1635	1325	0	135210
18840	131579	1337	1070	726	0	134712
18841	1503	133884	653	554	0	136594
18842	134407	1503	313	631	0	136854
18843	1799	1064	276	134119	0	137258
18844	1277	807	134050	1713	0	137847
18845	673	361	1465	132650	0	135149
18846	132599	322	1111	1915	0	135947
18847	1677	694	134855	1333	0	138559
18848	1259	135631	1715	745	0	139350
18849	764	1450	1085	136757	0	140056
18850	136999	1041	448	1782	0	140270
18851	1695	744	137639	1316	0	141394
18852	1419	349	1581	137743	0	141092
18853	796	331	1118	141356	0	143601
18854	648	672	140215	2470	0	144005
18855	739	414	1627	138483	0	141263
18856	595	707	140293	1891	0	143486
18857	132167	405	1722	1560	0	135854
18858	1942	354	1217	145048	0	148561
18859	1467	859	152748	2064	0	157138
18860	680	155675	2110	1555	0	160020
18861	159403	1817	1305	910	0	163435
18862	170701	1305	518	886	0	173410
18863	3629	589	474	185462	0	190154
18864	1946	195304	819	2980	0	201049
18865	197367	3281	483	2102	0	203233
18866	3793	1975	420	197509	0	203697
18867	2295	1114	197647	3516	0	204572
18868	186905	563	3324	2432	0	193224
18869	3587	194425	2281	909	0	201202
18870	2459	3207	698	195064	0	201428
18871	195868	1903	496	3673	0	201940
18872	3627	1229	193686	2199	0	200741
18873	2340	990	196780	854	0	200964
18874	1209	500	4875	187807	0	194391
18875	856	1018	200753	3508	0	206135
18876	1055	474	3811	189775	0	195115
18877	640	196707	2669	3769	0	203785
18878	915	3376	933	203824	0	209048
18879	200196	1918	649	4193	0	206956
18880	3557	1048	202510	2757	0	209872
18881	2179	202933	4075	1394	0	210581
18882	1202	3407	2092	200920	0	207621
18883	822	2568	205813	3837	0	213040
18884	1040	1550	3405	192375	0	198370
18885	755	200060	2586	3568	0	206969
18886	623	205143	1341	2229	0	209336
18887	195159	4417	713	1273	0	201562
18888	2866	201229	1036	1029	0	206160
18889	1714	3541	189257	780	0	195292
18890	169796	1983	3281	1056	0	176116
18891	2879	1249	188019	511	0	192658
18892	1796	522	2869	174931	0	180118
18893	803	838	186858	2790	0	191289
18894	488	184734	3269	1713	0	190204
18895	702	2643	1629	184392	0	189366
18896	565	1382	695	185583	0	188225
18897	660	518	548	183652	0	185378
18898	439	864	182887	4270	0	188460
18899	655	552	2723	178640	0	182570
18900	707	492	1513	184344	0	187056
18901	179072	383	711	4245	0	184411
18902	178029	420	588	2405	0	181442
18903	3855	782	179963	1164	0	185764
18904	1853	177116	3174	972	0	183115
18905	872	2976	180372	797	0	185017
18906	822	1520	2946	179770	0	185058
18907	671	1115	184247	3027	0	189060
18908	738	515	3099	180745	0	185097
18909	711	436	1848	186357	0	189352
18910	491	876	184554	4377	0	190298
18911	162917	463	3153	2637	0	169170
18912	2697	184851	2387	1219	0	191154
18913	1816	2808	825	184194	0	189643
18914	764	2171	186557	3248	0	192740
18915	760	1284	182256	2008	0	186308
18916	172868	566	4181	1235	0	178850
18917	2734	183978	2631	925	0	190268
18918	1736	2771	934	182321	0	187762
18919	186067	1528	772	3351	0	191718
18920	3086	618	728	186863	0	191295
18921	2067	547	688	189671	0	192973
18922	791	1055	188523	4545	0	194914
18923	177608	600	3060	2649	0	183917
18924	190502	536	1949	1329	0	194316
18925	4554	471	927	190416	0	196368
18926	190466	500	758	3506	0	195230
18927	3512	422	791	189363	0	194088
18928	2030	185147	1405	3554	0	192136
18929	1032	193253	1228	2321	0	197834
18930	1242	4357	669	193482	0	199750
18931	189474	2100	643	3735	0	195952
18932	3251	769	547	192070	0	196637
18933	193370	576	566	4082	0	198594
18934	194352	547	624	2591	0	198114
18935	4787	482	644	193088	0	199001
18936	2767	462	704	197099	0	201032
18937	1260	940	189494	4957	0	196651
18938	1062	979	191408	2666	0	196115
18939	1089	500	4655	191546	0	197790
18940	799	1034	201451	3885	0	207169
18941	195475	520	3983	2773	0	202751
18942	3621	497	2447	211248	0	217813
18943	2169	1017	223455	4253	0	230894
18944	221712	362	4360	3204	0	229638
18945	244155	386	2773	1684	0	248998
18946	6935	255119	1707	1310	0	265071
18947	3982	4650	841	259158	0	268631
18948	1630	3592	265596	6029	0	276847
18949	262931	1060	5168	3848	0	273007
18950	275073	626	3366	1912	0	280977
18951	7879	1350	272130	1321	0	282680
18952	273863	516	5429	1344	0	281152
18953	6232	585	3446	268214	0	278477
18954	4240	545	1274	277144	0	283203
18955	273400	510	1023	8062	0	282995
18956	275366	372	949	4387	0	281074
18957	8594	1085	1130	270755	0	281564
18958	4663	1075	270388	5504	0	281630
18959	1894	259951	5367	4371	0	271583
18960	1864	4922	261566	2012	0	270364
18961	1706	3228	259174	1787	0	265895
18962	1508	247556	7784	1514	0	258362
18963	2010	4030	4083	215853	0	225976
18964	1224	2183	1341	221244	0	225992
18965	788	1233	219625	5247	0	226893
18966	1008	557	3565	217374	0	222504
18967	219192	405	2553	4282	0	226432
18968	3687	970	222270	2821	0	229748
18969	220818	400	3681	1636	0	226535
18970	226868	307	2727	1329	0	231231
18971	229100	324	1245	1227	0	231896
18972	6451	912	223308	1049	0	231720
18973	3703	983	224160	1001	0	229847
18974	2094	496	5482	219049	0	227121
18975	1926	575	3137	208742	0	214380
18976	1410	224302	1760	5172	0	232644
18977	223963	3205	1159	3169	0	231496
18978	222343	2184	1178	1571	0	227276
18979	5980	222867	1612	1324	0	231783
18980	223450	3299	1150	1503	0	229402
18981	4409	221352	1530	1346	0	228637
18982	223554	3729	992	1484	0	229759
18983	4796	2536	928	214455	0	222715
18984	3425	1568	217100	4116	0	226209
18985	1883	1378	215736	2943	0	221940
18986	1593	822	5695	213384	0	221494
18987	1637	614	3342	217544	0	223137
18988	1412	1214	213807	5657	0	222090
18989	1506	686	4229	209664	0	216085
18990	1560	638	3236	215252	0	220686
18991	211155	601	1692	6180	0	219628
18992	213540	518	1351	3818	0	219227
18993	210278	543	1348	2159	0	214328
18994	6412	987	205788	1691	0	214878
18995	3770	205777	4497	1765	0	215809
18996	2394	3361	2971	205837	0	214563
18997	2169	2869	211009	3840	0	219887
18998	1983	211947	4521	2910	0	221361
18999	214536	3537	3006	1617	0	222696
19000	4902	2509	1584	213739	0	222734
19001	3687	1054	1424	217903	0	224068
19002	215375	880	1323	6208	0	223786
19003	4729	849	1216	216392	0	223186
19004	3803	853	1154	218030	0	223840
19005	215153	828	1206	6493	0	223680
19006	4811	1358	212830	4013	0	223012
19007	3583	211188	4513	2183	0	221467
19008	210902	3661	3045	2036	0	219644
19009	4750	3137	213973	1857	0	223717
19010	206961	1157	4070	2069	0	214257
19011	4720	216597	3850	1860	0	227027
19012	215962	3512	1780	1876	0	223130
19013	215284	2471	1563	2039	0	221357
19014	212901	1049	1503	1816	0	217269
19015	7151	986	1413	206283	0	215833
19016	4355	1516	1358	204940	0	212169
19017	2350	204502	1835	6328	0	215015
19018	2080	206479	1902	3698	0	214159
19019	2194	208178	1544	2054	0	213970
19020	204429	5134	1151	1871	0	212585
19021	4652	3263	200862	1696	0	210473
19022	3843	1149	3568	199131	0	207691
19023	2135	1021	2702	198133	0	203991
19024	1573	200658	1785	5751	0	209767
19025	2164	3706	1085	201426	0	208381
19026	1950	2780	1161	198766	0	204657
19027	1627	202721	1650	5722	0	211720
19028	198541	3679	1211	3690	0	207121
19029	4002	203171	1605	2290	0	211068
19030	3245	4342	197825	1801	0	207213
19031	193157	2751	3499	1909	0	201316
19032	4160	201281	2988	1787	0	210216
19033	195179	3430	1242	1801	0	201652
19034	4666	2589	1058	197907	0	206220
19035	3795	1198	1102	199752	0	205847
19036	2181	1708	196264	5225	0	205378
19037	2098	1769	195359	2919	0	202145
19038	2109	1617	4644	193013	0	201383
19039	191635	1050	2518	3766	0	198969
19040	186032	943	1055	2685	0	190715
19041	5159	189564	1311	1461	0	197495
19042	2773	182635	1117	1077	0	187602
19043	1345	175003	931	882	0	178161
19044	4676	6286	1903	156862	0	169727
19045	152895	1380	2482	2833	0	159590
19046	149803	362	261	1413	0	151839
19047	147463	276	235	717	0	148691
19048	2906	589	142938	497	0	146930
19049	1394	166712	2137	488	0	170731
19050	759	2447	1191	187377	0	191774
19051	190980	1463	318	3372	0	196133
19052	3652	418	259	196808	0	201137
19053	2271	327	209	205480	0	208287
19054	204492	316	251	5662	0	210721
19055	222202	361	230	2652	0	225445
19056	6468	808	223712	830	0	231818
19057	3222	291	4370	223685	0	231568
19058	934	816	224886	4745	0	231381
19059	877	292	4683	224337	0	230189
19060	711	904	223734	5309	0	230658
19061	791	678	4753	222574	0	228796
19062	215621	312	2750	5239	0	223922
19063	4457	218727	1095	3231	0	227510
19064	2768	227376	892	1059	0	232095
19065	1589	7241	464	192942	0	202236
19066	532	229380	893	3964	0	234769
19067	226291	5020	442	2569	0	234322
19068	221951	2860	428	970	0	226209
19069	7238	1076	219276	858	0	228448
19070	3202	219227	4947	811	0	228187
19071	1267	4639	2727	218687	0	227320
19072	759	3144	219998	4825	0	228726
19073	215349	745	4781	3025	0	223900
19074	5250	557	2726	218625	0	227158
19075	3045	893	219315	5061	0	228314
19076	1121	392	4735	220285	0	226533
19077	218436	366	2955	5282	0	227039
19078	4949	841	217404	3452	0	226646
19079	216113	356	4827	1146	0	222442
19080	222000	371	2888	916	0	226175
19081	7677	434	780	215759	0	224650
19082	3388	802	216451	4980	0	225621
19083	1170	965	215108	3319	0	220562
19084	209623	403	7228	1327	0	218581
19085	217890	365	3182	1101	0	222538
19086	7810	764	213758	944	0	223276
19087	4021	444	5045	210246	0	219756
19088	1739	442	3156	203289	0	208626
19089	1045	214580	1528	7204	0	224357
19090	1320	4781	851	215346	0	222298
19091	214204	2812	889	5818	0	223723
19092	5788	746	775	216552	0	223861
19093	3559	969	212775	6049	0	223352
19094	206124	525	5314	3815	0	215778
19095	5757	490	3308	210198	0	219753
19096	3775	1025	210587	5709	0	221096
19097	1457	207282	5773	3853	0	218365
19098	199885	4944	3330	1866	0	210025
19099	5352	208891	1834	1761	0	217838
19100	206275	5221	1041	1718	0	214255
19101	6190	3495	204314	1623	0	215622
19102	3961	198698	5754	1573	0	209986
19103	1869	206222	3888	1511	0	213490
19104	2010	7359	1559	198501	0	209429
19105	1910	3397	1284	204227	0	210818
19106	1547	1537	199977	8215	0	211276
19107	1764	876	5525	201657	0	209822
19108	197926	759	3715	6439	0	208839
19109	5719	1239	195914	4205	0	207077
19110	4099	896	5699	194673	0	205367
19111	1866	1319	195382	6105	0	204672
19112	186074	1017	5936	4358	0	197385
19113	5655	193056	4344	2327	0	205382
19114	195162	5248	1719	2245	0	204374
19115	197905	3354	1478	2127	0	204864
19116	200626	1246	1434	2014	0	205320
19117	8961	1442	190552	1873	0	202828
19118	4777	190493	6186	1795	0	203251
19119	2825	5311	3897	189309	0	201342
19120	2423	3422	2026	200159	0	208030
19121	203399	1332	1763	8638	0	215132
19122	7081	1024	1652	206868	0	216625
19123	208722	985	1907	7251	0	218865
19124	209912	1001	1885	4950	0	217748
19125	212879	961	1767	2626	0	218233
19126	213004	1079	1768	2224	0	218075
19127	10458	1064	1528	203461	0	216511
19128	205534	994	1568	6911	0	215007
19129	7548	1500	198739	4615	0	212402
19130	200104	1071	6319	2340	0	209834
19131	204796	1028	4170	1919	0	211913
19132	10258	1529	196325	2550	0	210662
19133	200345	1026	6342	1802	0	209515
19134	205995	915	4307	1838	0	213055
19135	10250	875	2042	198108	0	211275
19136	5866	895	1807	202790	0	211358
19137	198075	1728	1732	9190	0	210725
19138	7747	793	1668	199518	0	209726
19139	5570	764	1676	195126	0	203136
19140	2881	190123	2270	9055	0	204329
19141	3029	4666	1496	189431	0	198622
19142	184481	2855	1433	6646	0	195415
19143	6946	1072	1386	184324	0	193728
19144	4838	709	1344	178660	0	185551
19145	2574	172080	1982	8250	0	184886
19146	2756	4522	1307	168667	0	177252
19147	3117	2869	1258	167881	0	175125
19148	160639	980	1246	7342	0	170207
19149	5697	1786	875	132572	0	140930
19150	2903	637	111878	3717	0	119135
19151	1308	103952	2973	2540	0	110773
19152	1012	100184	1923	1081	0	104200
19153	92748	3342	1021	968	0	98079
19154	2779	94286	750	889	0	98704
19155	76660	1514	1007	735	0	79916
19156	1746	75535	391	483	0	78155
19157	76693	1477	468	524	0	79162
19158	1751	942	143	76033	0	78869
19159	1296	407	141	76344	0	78188
19160	593	76987	255	2336	0	80171
19161	710	1620	117	78792	0	81239
19162	529	1137	78851	1781	0	82298
19163	73797	360	1335	1367	0	76859
19164	1654	84500	1068	642	0	87864
19165	83368	1493	253	598	0	85712
19166	83558	1069	167	542	0	85336
19167	85134	320	173	443	0	86070
19168	2880	229	168	82390	0	85667
19169	1582	269	172	81267	0	83290
19170	623	82959	300	2567	0	86449
19171	82626	1629	120	1462	0	85837
19172	1893	84120	293	619	0	86925
19173	84650	1698	151	517	0	87016
19174	2106	1376	85660	517	0	89659
19175	89439	362	1636	553	0	91990
19176	2505	280	1128	90528	0	94441
19177	1699	493	90691	2157	0	95040
19178	758	480	91560	1585	0	94383
19179	694	337	3102	91575	0	95708
19180	652	398	92932	2233	0	96215
19181	631	262	2193	92066	0	95152
19182	88538	217	1479	2422	0	92656
19183	2314	233	467	90780	0	93794
19184	1732	387	89435	2417	0	93971
19185	665	87782	2200	1807	0	92454
19186	555	90737	1612	739	0	93643
19187	733	3056	538	87916	0	92243
19188	88645	1473	399	2328	0	92845
19189	2236	469	205	89486	0	92396
19190	1737	279	258	90167	0	92441
19191	718	322	296	91610	0	92946
19192	642	399	237	92137	0	93415
19193	476	549	89426	3487	0	93938
19194	557	476	87658	1989	0	90680
19195	86994	268	3063	937	0	91262
19196	90671	241	1524	882	0	93318
19197	3313	268	476	89676	0	93733
19198	1883	266	312	91553	0	94014
19199	721	451	89266	3502	0	93940
19200	551	89713	2183	1976	0	94423
19201	89545	1930	1497	853	0	93825
19202	91292	1380	457	719	0	93848
19203	3375	482	315	90351	0	94523
19204	1867	595	90715	2466	0	95643
19205	840	405	1948	86012	0	89205
19206	595	90440	1647	2243	0	94925
19207	725	2203	90552	1679	0	95159
19208	89004	1443	1960	843	0	93250
19209	2416	467	1440	92212	0	96535
19210	94055	342	552	2525	0	97474
19211	2341	565	90929	1938	0	95773
19212	91331	413	2091	962	0	94797
19213	2501	437	1631	91576	0	96145
19214	91956	365	616	2336	0	95273
19215	2669	369	479	89527	0	93044
19216	1857	87395	631	2544	0	92427
19217	872	90431	716	1859	0	93878
19218	987	3269	479	88003	0	92738
19219	728	1618	86588	2169	0	91103
19220	570	84656	1992	1738	0	88956
19221	1232	1862	1315	77702	0	82111
19222	75790	1091	645	1812	0	79338
19223	75633	390	332	1465	0	77820
19224	2495	288	333	75368	0	78484
19225	1512	286	364	74629	0	76791
19226	552	72663	552	2550	0	76317
19227	462	75822	504	1593	0	78381
19228	74851	2214	346	814	0	78225
19229	1685	1249	309	74669	0	77912
19230	1413	394	329	75731	0	77867
19231	601	442	74213	2794	0	78050
19232	540	293	1497	73976	0	76306
19233	554	331	1250	73804	0	75939
19234	574	315	460	75199	0	76548
19235	553	452	73959	2808	0	77772
19236	584	288	1544	74920	0	77336
19237	73288	237	1289	2140	0	76954
19238	1584	399	72626	1746	0	76355
19239	76455	293	1753	1150	0	79651
19240	1730	260	1339	77966	0	81295
19241	1419	230	509	80114	0	82272
19242	744	207	416	82652	0	84019
19243	538	397	79705	3026	0	83666
19244	73406	218	1724	1995	0	77343
19245	1744	82635	1528	940	0	86847
19246	83956	1571	531	892	0	86950
19247	1881	85336	648	802	0	88667
19248	1575	1716	434	85155	0	88880
19249	85397	1234	356	2187	0	89174
19250	1916	589	84054	1718	0	88277
19251	81130	278	1644	1000	0	84052
19252	2051	496	86767	719	0	90033
19253	1541	369	1811	85194	0	88915
19254	656	493	85528	1969	0	88646
19255	514	84022	1986	1609	0	88131
19256	989	1617	1315	81475	0	85396
19257	79608	1113	540	1991	0	83252
19258	1660	334	346	78115	0	80455
19259	1168	78357	484	1669	0	81678
19260	623	1373	338	79158	0	81492
19261	77060	1002	288	1761	0	80111
19262	75361	310	256	1417	0	77344
19263	2302	75324	434	688	0	78748
19264	983	69362	402	421	0	71168
19265	558	1569	219	67603	0	69949
19266	509	814	224	68210	0	69757
19267	66996	267	161	1712	0	69136
19268	66163	209	155	1001	0	67528
19269	1510	66999	309	454	0	69272
19270	907	1150	128	65468	0	67653
19271	413	815	163	66489	0	67880
19272	340	403	65381	1671	0	67795
19273	287	64342	1013	995	0	66637
19274	259	62598	693	406	0	63956
19275	336	1339	174	58246	0	60095
19276	192	626	57896	705	0	59419
19277	167	275	57640	538	0	58620
19278	200	171	1008	57302	0	58681
19279	182	154	526	58505	0	59367
19280	157	264	58260	1072	0	59753
19281	204	111	688	58752	0	59755
19282	151	270	60104	849	0	61374
19283	61065	114	767	697	0	62643
19284	892	126	551	62712	0	64281
19285	700	267	64582	1022	0	66571
19286	221	283	65198	771	0	66473
19287	207	205	1597	69591	0	71600
19288	181	313	75726	1311	0	77531
19289	242	273	77799	1007	0	79321
19290	151	75868	2208	426	0	78653
19291	78302	1307	1005	333	0	80947
19292	1398	1079	81032	307	0	83816
19293	1018	241	1477	78863	0	81599
19294	307	157	1064	82800	0	84328
19295	224	153	277	84823	0	85477
19296	197	347	81860	2598	0	85002
19297	250	150	1478	80959	0	82837
19298	80675	123	1104	1801	0	83703
19299	1523	117	309	81081	0	83030
19300	1056	307	80569	1782	0	83714
19301	355	144	1532	80538	0	82569
19302	80713	102	1116	1894	0	83825
19303	82253	123	328	1292	0	83996
19304	81908	121	265	549	0	82843
19305	2521	89	266	80533	0	83409
19306	81017	80	279	1731	0	83107
19307	80942	77	269	1305	0	82593
19308	81116	97	259	551	0	82023
19309	2507	77894	403	396	0	81200
19310	79070	1367	293	425	0	81155
19311	1789	976	236	78472	0	81473
19312	1250	371	77736	1644	0	81001
19313	433	77668	1644	1249	0	80994
19314	77985	1459	1126	529	0	81099
19315	1692	1025	385	77738	0	80840
19316	1312	275	322	75143	0	77052
19317	387	76580	447	2436	0	79850
19318	294	79710	471	1319	0	81794
19319	75703	2322	327	593	0	78945
19320	1555	77445	406	508	0	79914
19321	75136	1534	235	484	0	77389
19322	1580	75573	383	458	0	77994
19323	73747	1585	255	543	0	76130
19324	1614	75172	377	502	0	77665
19325	1172	77194	388	454	0	79208
19326	76016	2292	227	482	0	79017
19327	1689	1314	75243	409	0	78655
19328	1234	76547	1638	404	0	79823
19329	564	1616	1079	75746	0	79005
19330	538	1081	383	79000	0	81002
19331	527	379	296	78771	0	79973
19332	498	269	308	79804	0	80879
19333	441	450	78091	2737	0	81719
19334	75294	248	1626	1503	0	78671
19335	1823	257	1159	79848	0	83087
19336	81335	242	428	1974	0	83979
19337	83875	255	333	1500	0	85963
19338	85267	272	303	706	0	86548
19339	81542	266	357	670	0	82835
19340	3109	392	80668	528	0	84697
19341	1667	344	1882	79711	0	83604
19342	681	458	81680	2159	0	84978
19343	543	80344	2238	1646	0	84771
19344	849	2086	1544	73119	0	77598
19345	637	1342	514	78492	0	80985
19346	590	338	363	79744	0	81035
19347	496	261	388	79176	0	80321
19348	450	373	76524	3299	0	80646
19349	585	296	1910	76949	0	79740
19350	645	278	1383	78560	0	80866
19351	77554	275	504	3317	0	81650
19352	80582	263	411	1948	0	83204
19353	3440	274	369	81089	0	85172
19354	1940	245	402	82348	0	84935
19355	849	236	440	84079	0	85604
19356	81623	261	387	3871	0	86142
19357	83604	245	366	2154	0	86369
19358	82531	274	387	1014	0	84206
19359	83395	266	353	894	0	84908
19360	3624	81426	479	900	0	86429
19361	83330	1958	310	852	0	86450
19362	83584	1377	277	872	0	86110
19363	3764	378	267	80857	0	85266
19364	2174	356	224	81821	0	84575
19365	79277	288	243	3561	0	83369
19366	2587	77866	415	1986	0	82854
19367	1962	80899	414	849	0	84124
19368	82241	3040	220	852	0	86353
19369	2723	1528	237	82756	0	87244
19370	2099	513	193	84512	0	87317
19371	1085	430	177	86039	0	87731
19372	970	416	175	85983	0	87544
19373	966	417	196	84066	0	85645
19374	750	81785	374	3666	0	86575
19375	868	1957	172	82011	0	85008
19376	81063	1438	191	2512	0	85204
19377	2343	483	162	80849	0	83837
19378	1709	404	192	81319	0	83624
19379	78711	409	186	3406	0	82712
19380	2219	79620	360	1994	0	84193
19381	1733	2531	201	76933	0	81398
19382	749	79511	350	2216	0	82826
19383	708	2842	146	75669	0	79365
19384	715	1286	74056	2112	0	78169
19385	66317	679	1513	1582	0	70091
19386	1712	70120	1083	747	0	73662
19387	65280	1270	318	630	0	67498
19388	1508	994	62394	540	0	65436
19389	1088	1002	1056	55452	0	58598
19390	435	57731	845	1222	0	60233
19391	367	59708	352	1020	0	61447
19392	57323	1543	342	559	0	59767
19393	1243	748	130	58079	0	60200
19394	864	359	61813	1287	0	64323
19395	471	193	945	63239	0	64848
19396	342	355	63380	1429	0	65506
19397	58991	173	1035	1151	0	61350
19398	1217	306	64380	582	0	66485
19399	970	162	1013	62196	0	64341
19400	419	65664	862	1324	0	68269
19401	494	1022	211	64275	0	66002
19402	352	66659	312	1373	0	68696
19403	68354	1092	158	1078	0	70682
19404	1408	772	157	70603	0	72940
19405	1006	425	71167	1482	0	74080
19406	506	420	68667	1120	0	70713
19407	68488	223	1643	783	0	71137
19408	73810	221	772	601	0	75404
19409	74068	212	187	608	0	75075
19410	73333	183	169	633	0	74318
19411	1975	72488	302	563	0	75328
19412	74435	1141	168	565	0	76309
19413	74404	788	145	593	0	75930
19414	2064	480	72606	490	0	75640
19415	1264	248	1030	72065	0	74607
19416	73514	252	692	1509	0	75967
19417	1412	423	72285	1129	0	75249
19418	1137	277	1048	72034	0	74496
19419	554	427	75081	1482	0	77544
19420	568	268	1140	71942	0	73918
19421	464	75857	912	1401	0	78634
19422	76642	1072	230	1134	0	79078
19423	1334	998	75088	570	0	77990
19424	73795	327	1066	589	0	75777
19425	1491	275	744	75687	0	78197
19426	76648	236	252	1457	0	78593
19427	1388	277	186	76858	0	78709
19428	82135	239	188	1701	0	84263
19429	1380	463	80345	1099	0	83287
19430	84044	274	1066	740	0	86124
19431	1421	242	753	86891	0	89307
19432	1080	246	249	87663	0	89238
19433	85873	236	220	1867	0	88196
19434	1351	219	163	86720	0	88453
19435	854	455	85185	1361	0	87855
19436	603	365	957	84389	0	86314
19437	79979	144	655	1267	0	82045
19438	957	80216	398	862	0	82433
19439	671	80084	301	412	0	81468
19440	77892	971	155	415	0	79433
19441	771	82407	327	310	0	83815
19442	828	643	187	80339	0	81997
19443	80968	392	271	837	0	82468
19444	80406	159	130	541	0	81236
19445	79928	146	98	287	0	80459
19446	906	329	80318	259	0	81812
19447	478	350	537	79038	0	80403
19448	202	81012	492	621	0	82327
19449	304	573	148	81407	0	82432
19450	231	589	83393	599	0	84812
19451	231	80357	686	459	0	81733
19452	393	844	316	80548	0	82101
19453	77846	230	114	569	0	78759
19454	405	78968	176	511	0	80060
19455	346	562	81513	127	0	82548
19456	185	272	484	80373	0	81314
19457	174	279	82679	588	0	83720
19458	203	136	522	80045	0	80906
19459	83859	50	360	713	0	84982
19460	574	89	110	84357	0	85130
19461	84477	61	109	709	0	85356
19462	85070	56	109	551	0	85786
19463	824	87417	209	205	0	88655
19464	88906	483	108	281	0	89778
19465	615	88420	254	198	0	89487
19466	508	747	89240	195	0	90690
19467	330	425	606	87978	0	89339
19468	267	100	408	95337	0	96112
19469	232	327	92575	1107	0	94241
19470	171	92318	840	615	0	93944
19471	93640	656	472	332	0	95100
19472	96542	465	145	344	0	97496
19473	1216	122	114	97526	0	98978
19474	661	100	106	98141	0	99008
19475	283	73	101	100015	0	100472
19476	97442	87	138	1379	0	99046
19477	820	375	95954	685	0	97834
19478	659	370	96620	290	0	97939
19479	315	109	1135	97893	0	99452
19480	222	320	97820	901	0	99263
19481	210	319	97235	679	0	98443
19482	258	77	1182	93282	0	94799
19483	274	331	99580	916	0	101101
19484	176	98996	1007	848	0	101027
19485	267	789	551	100612	0	102219
19486	191	803	102240	970	0	104204
19487	241	143	865	100136	0	101385
19488	172	98432	824	982	0	100410
19489	244	749	213	100883	0	102089
19490	265	853	101326	1026	0	103470
19491	259	187	861	98190	0	99497
19492	97320	128	630	1193	0	99271
19493	886	388	99424	701	0	101399
19494	89770	126	820	476	0	91192
19495	923	97794	690	297	0	99704
19496	98989	815	181	354	0	100339
19497	996	580	167	99195	0	100938
19498	617	99679	306	976	0	101578
19499	102942	857	161	783	0	104743
19500	1126	623	138	104970	0	106857
19501	731	412	106087	1292	0	108522
19502	223	107252	1288	904	0	109667
19503	389	1054	723	107167	0	109333
19504	105604	695	211	1268	0	107778
19505	103802	185	162	874	0	105023
19506	1843	135	166	103868	0	106012
19507	871	347	103214	1191	0	105623
19508	94027	150	1137	1165	0	96479
19509	1207	428	103620	366	0	105621
19510	910	133	1165	102314	0	104522
19511	104024	104	849	1347	0	106324
19512	1122	103642	507	988	0	106259
19513	104966	1032	202	500	0	106700
19514	1288	969	103377	361	0	105995
19515	103516	202	1223	404	0	105345
19516	1381	143	867	105529	0	107920
19517	1082	140	276	107462	0	108960
19518	464	467	106838	1917	0	109686
19519	415	199	1167	104223	0	106004
19520	105414	139	866	1502	0	107921
19521	1258	196	309	105478	0	107241
19522	958	106988	444	1405	0	109795
19523	489	1133	259	105229	0	107110
19524	289	107669	500	1467	0	109925
19525	352	1535	105118	1125	0	108130
19526	99213	848	1274	632	0	101967
19527	1362	242	908	106764	0	109276
19528	994	425	101128	1476	0	104023
19529	380	100243	1438	1114	0	103175
19530	425	1253	929	97855	0	100462
19531	418	962	317	99249	0	100946
19532	98316	289	322	2187	0	101114
19533	1441	229	286	100614	0	102570
19534	100946	229	273	1641	0	103089
19535	100403	241	301	1278	0	102223
19536	2161	101098	512	566	0	104337
19537	103253	1352	262	607	0	105474
19538	1839	972	249	111509	0	114569
19539	1290	521	111868	1956	0	115635
19540	110509	207	1743	1489	0	113948
19541	1995	219	1169	109392	0	112775
19542	1442	426	108710	1955	0	112533
19543	102941	283	1792	1568	0	106584
19544	2044	242	1215	108120	0	111621
19545	1445	111179	653	2031	0	115308
19546	860	1691	377	106713	0	109641
19547	464	111509	661	1969	0	114603
19548	109507	1814	409	1527	0	113257
19549	2039	1441	111948	713	0	116141
19550	1439	110228	1993	714	0	114374
19551	719	1782	1243	110709	0	114453
19552	541	1489	110786	1987	0	114803
19553	523	734	108385	1599	0	111241
19554	507	110001	2953	754	0	114215
19555	852	2061	1450	106487	0	110850
19556	568	1234	522	109093	0	111417
19557	590	427	351	130864	0	132232
19558	133958	310	368	4372	0	139008
19559	3391	627	144997	2116	0	151131
19560	1924	146086	4051	950	0	153011
19561	804	3669	2072	144015	0	150560
19562	706	2042	683	151165	0	154596
19563	597	834	147891	5893	0	155215
19564	696	534	3931	148747	0	153908
19565	540	579	148991	4577	0	154687
19566	539	704	144242	2530	0	148015
19567	612	645	145583	1218	0	148058
19568	700	380	5709	135738	0	142527
19569	575	363	2500	141218	0	144656
19570	550	337	809	146040	0	147736
19571	141649	311	650	5914	0	148524
19572	3762	140096	974	2794	0	147626
19573	144556	3724	660	1196	0	150136
19574	142631	2004	545	1144	0	146324
19575	147631	583	508	1095	0	149817
19576	5755	146751	819	885	0	154210
19577	149167	3863	510	912	0	154452
19578	151328	2228	392	945	0	154893
19579	6249	709	452	147010	0	154420
19580	3067	479	477	150402	0	154425
19581	1382	477	457	154553	0	156869
19582	908	810	149216	6435	0	157369
19583	143261	451	4174	3135	0	151021
19584	4487	497	2401	148581	0	155966
19585	146641	416	951	4821	0	152829
19586	4345	146066	1048	3097	0	154556
19587	2640	3810	862	147125	0	154437
19588	1175	2141	827	151455	0	155598
19589	147684	711	822	6452	0	155669
19590	4430	498	670	149973	0	155571
19591	144935	557	645	5161	0	151298
19592	148636	666	458	3133	0	152893
19593	6059	143972	850	1664	0	152545
19594	2860	148335	827	1199	0	153221
19595	1703	6680	573	138197	0	147153
19596	910	146704	848	4237	0	152699
19597	1306	4531	561	145854	0	152252
19598	1031	2497	143351	4689	0	151568
19599	916	1132	139776	2752	0	144576
19600	130634	764	5569	1521	0	138488
19601	136306	507	2543	1301	0	140657
19602	5515	133989	1207	1633	0	142344
19603	134977	3655	706	1397	0	140735
19604	4094	140293	1105	1290	0	146782
19605	2590	3927	799	140087	0	147403
19606	1268	2067	771	143382	0	147488
19607	1121	819	725	144449	0	147114
19608	995	579	821	145831	0	148226
19609	140061	492	828	6422	0	147803
19610	3941	140575	1140	3236	0	148892
19611	141473	3675	844	1891	0	147883
19612	143305	2058	734	1630	0	147727
19613	6000	1153	139630	1486	0	148269
19614	136278	727	3700	1552	0	142257
19615	4715	138105	2366	1252	0	146438
19616	3113	4139	763	137782	0	145797
19617	1839	2487	582	134077	0	138985
19618	1364	137444	943	5533	0	145284
19619	138850	3998	784	2912	0	146544
19620	4689	2553	136723	1480	0	145445
19621	134266	984	3887	1628	0	140765
19622	4968	891	138388	1790	0	146037
19623	3296	722	4222	136712	0	144952
19624	1976	899	2465	141113	0	146453
19625	1721	799	1234	144164	0	147918
19626	140971	877	1091	7053	0	149992
19627	4652	1165	142674	3956	0	152447
19628	142036	867	4257	2740	0	149900
19629	147021	739	2648	2528	0	152936
19630	147673	699	1465	2376	0	152213
19631	147810	634	1378	2131	0	151953
19632	6928	639	1438	143061	0	152066
19633	3358	889	142217	5059	0	151523
19634	2292	737	4023	142452	0	149504
19635	1946	889	142044	5187	0	150066
19636	1956	1024	138965	3246	0	145191
19637	1860	138955	5088	1957	0	147860
19638	2231	3794	2019	125822	0	133866
19639	1971	2247	691	131298	0	136207
19640	2083	1286	603	121541	0	125513
19641	2096	932	626	132300	0	135954
19642	129721	853	682	5294	0	136550
19643	131415	748	540	2781	0	135484
19644	6063	605	449	128232	0	135349
19645	3084	894	125737	4716	0	134431
19646	1757	601	3259	128247	0	133864
19647	1586	535	1808	131055	0	134984
19648	1491	792	127236	5892	0	135411
19649	1749	530	3279	126640	0	132198
19650	126492	593	1749	4732	0	133566
19651	128046	674	758	3035	0	132513
19652	130073	715	455	1967	0	133210
19653	5681	763	353	126388	0	133185
19654	126669	598	478	4311	0	132056
19655	124877	518	622	2774	0	128791
19656	5435	768	122156	1622	0	129981
19657	1876	458	98077	875	0	101286
19658	1096	490	97067	616	0	99269
19659	80271	220	1261	455	0	82207
19660	809	84525	812	341	0	86487
19661	83442	558	551	346	0	84897
19662	692	89930	298	278	0	91198
19663	601	641	190	89315	0	90747
19664	348	464	128	90413	0	91353
19665	322	148	104	91030	0	91604
19666	263	346	89579	1218	0	91406
19667	81650	140	667	778	0	83235
19668	814	114	476	89939	0	91343
19669	556	323	89119	739	0	90737
19670	281	319	85127	564	0	86291
19671	81478	128	922	452	0	82980
19672	618	89443	645	266	0	90972
19673	88032	495	256	360	0	89143
19674	87467	330	130	377	0	88304
19675	810	87444	281	255	0	88790
19676	85551	441	166	308	0	86466
19677	647	603	88612	286	0	90148
19678	499	315	85740	178	0	86732
19679	272	323	89844	304	0	90743
19680	259	530	830	88345	0	89964
19681	227	308	89967	585	0	91087
19682	84824	69	523	490	0	85906
19683	88076	31	335	357	0	88799
19684	779	336	90120	243	0	91478
19685	470	64	448	88928	0	89910
19686	90687	33	345	660	0	91725
19687	468	95752	325	436	0	96981
19688	361	97768	270	209	0	98608
19689	97783	609	96	330	0	98818
19690	483	631	98833	162	0	100109
19691	425	743	370	94871	0	96409
19692	212	62	294	96589	0	97157
19693	138	58	101	97577	0	97874
19694	73	97854	309	555	0	98791
19695	185	425	68	95163	0	95841
19696	101455	239	62	636	0	102392
19697	500	83	52	105584	0	106219
19698	340	106729	290	678	0	108037
19699	109057	522	54	651	0	110284
19700	645	397	59	109941	0	111042
19701	484	127	48	113782	0	114441
19702	115499	59	58	1180	0	116796
19703	115403	62	73	716	0	116254
19704	1263	72	60	115949	0	117344
19705	118611	71	48	1084	0	119814
19706	118031	95	73	832	0	119031
19707	1522	121570	336	292	0	123720
19708	122559	1008	56	386	0	124009
19709	1182	122054	301	212	0	123749
19710	957	1102	63	122382	0	124504
19711	377	1058	124674	1158	0	127267
19712	324	218	1051	123709	0	125302
19713	321	141	714	125702	0	126878
19714	305	129	155	129134	0	129723
19715	127173	136	72	2102	0	129483
19716	1228	127314	381	1127	0	130050
19717	131390	1169	72	569	0	133200
19718	1374	137574	411	411	0	139770
19719	141025	1338	126	537	0	143026
19720	141537	868	100	474	0	142979
19721	142209	261	86	480	0	143036
19722	140881	158	81	479	0	141599
19723	2516	550	139201	296	0	142563
19724	1291	249	1384	138894	0	141818
19725	568	192	913	145429	0	147102
19726	397	548	142161	2582	0	145688
19727	135533	154	1620	1425	0	138732
19728	1978	137	1027	141356	0	144498
19729	1366	475	139566	1814	0	143221
19730	537	522	138234	1270	0	140563
19731	475	126	2682	142939	0	146222
19732	464	549	148177	2020	0	151210
19733	577	174	1833	144848	0	147432
19734	557	160	1162	146828	0	148707
19735	453	569	143920	2862	0	147804
19736	133680	231	1832	1653	0	137396
19737	1945	162	1243	144705	0	148055
19738	1368	589	146743	2226	0	150926
19739	639	177	1797	147492	0	150105
19740	147109	137	1300	2303	0	150849
19741	2030	535	146712	1583	0	150860
19742	140292	188	1863	910	0	143253
19743	149838	136	1307	659	0	151940
19744	3120	154	443	149353	0	153070
19745	1670	162	321	149009	0	151162
19746	710	591	147875	3017	0	152193
19747	648	190	1853	147890	0	150581
19748	757	289	1341	140567	0	142954
19749	671	171	512	149973	0	151327
19750	605	526	145654	3240	0	150025
19751	139168	165	1909	1996	0	143238
19752	146392	154	1358	1023	0	148927
19753	150018	170	455	978	0	151621
19754	153323	211	432	896	0	154862
19755	3374	223	407	152841	0	156845
19756	152170	216	366	2457	0	155209
19757	151715	205	388	1901	0	154209
19758	130620	599	910	1289	0	133418
19759	152320	188	398	903	0	153809
19760	3223	150997	854	734	0	155808
19761	153403	1696	382	982	0	156463
19762	149939	1088	381	947	0	152355
19763	3338	149650	776	873	0	154637
19764	151684	1914	426	800	0	154824
19765	2977	1235	372	151591	0	156175
19766	2141	402	359	152994	0	155896
19767	151083	243	399	3609	0	155334
19768	2555	149304	702	1896	0	154457
19769	1891	150615	730	890	0	154126
19770	1185	3004	442	153674	0	158305
19771	924	1716	154746	2504	0	159890
19772	996	385	2159	151544	0	155084
19773	952	214	1434	156028	0	158628
19774	152562	266	535	3749	0	157112
19775	153910	272	428	2003	0	156613
19776	3755	305	446	153357	0	157863
19777	1924	722	150832	2722	0	156200
19778	1132	206	2244	153486	0	157068
19779	153683	159	1647	2996	0	158485
19780	2813	523	162097	2058	0	167491
19781	2000	164127	2980	1035	0	170142
19782	169335	2434	1648	936	0	174353
19783	3230	1440	573	168636	0	173879
19784	2223	316	515	170029	0	173083
19785	1087	226	528	174492	0	176333
19786	838	632	168325	4612	0	174407
19787	143184	285	2867	2791	0	149127
19788	3274	642	162001	1049	0	166966
19789	2187	160190	3252	950	0	166579
19790	1206	2430	1803	160485	0	165924
19791	1062	1523	645	163600	0	166830
19792	1096	362	518	172029	0	174005
19793	904	584	168737	5136	0	175361
19794	925	634	165511	2537	0	169607
19795	937	617	172642	1257	0	175453
19796	760	172102	5138	1063	0	179063
19797	1126	3264	2486	170312	0	177188
19798	174816	1627	763	3902	0	181108
19799	183128	421	672	2509	0	186730
19800	5566	625	195277	1139	0	202607
19801	2721	198057	4505	1153	0	206436
19802	1264	4178	202352	962	0	208756
19803	819	208490	4722	866	0	214897
19804	201767	4665	3191	1190	0	210813
19805	201588	2286	1013	980	0	205867
19806	5878	201507	1094	872	0	209351
19807	202674	3944	799	761	0	208178
19808	4715	2238	661	200314	0	207928
19809	2768	867	637	204259	0	208531
19810	202222	660	460	5897	0	209239
19811	198606	491	410	2893	0	202400
19812	198465	500	447	1357	0	200769
19813	6346	196355	906	1015	0	204622
19814	2902	202909	910	984	0	207705
19815	200472	5573	524	1112	0	207681
19816	4526	2851	199949	966	0	208292
19817	3124	1880	3745	194334	0	203083
19818	189700	693	2206	4036	0	196635
19819	4459	186105	1107	2335	0	194006
19820	2597	193169	883	1036	0	197685
19821	192066	5387	669	882	0	199004
19822	4421	2862	188236	817	0	196336
19823	182117	1350	3926	978	0	188371
19824	4732	1036	186444	715	0	192927
19825	2822	1009	187725	486	0	192042
19826	1671	995	5159	184202	0	192027
19827	1204	1272	192598	3410	0	198484
19828	186528	721	4056	2198	0	193503
19829	194819	577	2447	1161	0	199004
19830	197854	529	1163	961	0	200507
19831	196395	483	924	933	0	198735
19832	6189	552	793	188971	0	196505
19833	190503	661	762	3806	0	195732
19834	4619	189597	1127	2206	0	197549
19835	3438	3592	732	177538	0	185300
19836	1830	193287	1075	3344	0	199536
19837	197756	3766	668	2338	0	204528
19838	197388	2155	730	1238	0	201511
19839	5994	976	731	195275	0	202976
19840	197900	831	733	3904	0	203368
19841	198805	891	741	2495	0	202932
19842	6248	836	720	195681	0	203485
19843	3623	903	636	197105	0	202267
19844	2417	682	641	200589	0	204329
19845	1929	1046	193707	5691	0	202373
19846	1729	1016	186347	3034	0	192126
19847	1778	1081	195109	1463	0	199431
19848	1757	887	5634	192444	0	200722
19849	1590	1065	199606	4242	0	206503
19850	1892	762	4321	196581	0	203556
19851	1820	1061	211782	4529	0	219192
19852	1721	1018	206052	2801	0	211592
19853	193253	737	5850	1862	0	201702
19854	4493	205206	3433	1335	0	214467
19855	208233	3616	1646	1466	0	214961
19856	4887	2204	1227	206304	0	214622
19857	3558	1086	1082	209493	0	215219
19858	2093	1254	210567	5719	0	219633
19859	1635	211089	4522	3302	0	220548
19860	1870	3997	2554	212234	0	220655
19861	1752	2717	214936	4317	0	223722
19862	1581	211822	4200	2746	0	220349
19863	1843	3650	2541	210014	0	218048
19864	209043	2125	1608	4118	0	216894
19865	209509	1148	1301	2546	0	214504
19866	5735	989	1163	209004	0	216891
19867	210093	899	1160	4091	0	216243
19868	4533	210477	1605	2655	0	219270
19869	3336	3574	1110	212346	0	220366
19870	2106	2550	214607	4110	0	223373
19871	2235	1129	3836	214515	0	221715
19872	1778	1404	216244	4731	0	224157
19873	206067	965	4205	3107	0	214344
19874	4937	867	2472	214925	0	223201
19875	3252	220345	1766	4384	0	229747
19876	2447	4309	948	226579	0	234283
19877	1952	2756	224378	4754	0	233840
19878	1892	1517	220945	3100	0	227454
19879	1776	1357	219389	1678	0	224200
19880	199799	1511	5989	1621	0	208920
19881	3811	211113	3156	1318	0	219398
19882	2665	3295	1387	204724	0	212071
19883	208134	1982	1217	3769	0	215102
19884	3559	209388	1687	2557	0	217191
19885	217474	3110	1194	1850	0	223628
19886	218790	2015	1232	1417	0	223454
19887	222994	1034	1029	1372	0	226429
19888	224977	757	1091	1301	0	228126
19889	5476	1176	219098	1108	0	226858
19890	208503	574	3582	1428	0	214087
19891	4087	980	216517	1106	0	222690
19892	187022	656	3544	1148	0	192370
19893	3820	577	2299	210292	0	216988
19894	2738	890	209449	2735	0	215812
19895	1556	205707	2886	2137	0	212286
19896	2196	9464	2248	188681	0	202589
19897	1364	200594	1294	2032	0	205284
19898	1226	201458	982	1740	0	205406
19899	178648	2394	1323	1165	0	183530
19900	1856	1464	178087	658	0	182065
19901	1013	172657	1330	488	0	175488
19902	166146	1150	1406	482	0	169184
19903	941	170411	603	313	0	172268
19904	170035	757	254	453	0	171499
19905	1081	699	195	169028	0	171003
19906	170237	212	205	954	0	171608
19907	990	200	204	167777	0	169171
19908	168095	200	541	1024	0	169860
19909	951	221	178	167733	0	169083
19910	691	173724	458	969	0	175842
19911	400	808	197	177457	0	178862
19912	176228	584	194	1035	0	178041
19913	841	176234	440	770	0	178285
19914	814	794	157	176100	0	177865
19915	177931	578	163	1160	0	179832
19916	974	256	182	179324	0	180736
19917	806	221	190	179827	0	181044
19918	425	669	180933	1398	0	183425
19919	426	653	177116	850	0	179045
19920	459	281	1179	176739	0	178658
19921	418	674	186395	1072	0	188559
19922	413	247	802	185068	0	186530
19923	501	364	732	175113	0	176710
19924	399	247	228	187404	0	188278
19925	366	733	185141	1460	0	187700
19926	457	244	813	177224	0	178738
19927	424	216	636	180670	0	181946
19928	288	183452	590	1433	0	185763
19929	416	859	214	184786	0	186275
19930	183398	598	260	1255	0	185511
19931	1038	205	234	186855	0	188332
19932	761	709	209040	1394	0	211904
19933	191658	223	2011	1419	0	195311
19934	2107	223493	1633	711	0	227944
19935	1690	2304	511	226514	0	231019
19936	767	1993	225335	2474	0	230569
19937	203249	627	2460	2200	0	208536
19938	2465	223399	2052	871	0	228787
19939	224888	2435	650	904	0	228877
19940	2946	1667	455	223537	0	228605
19941	222206	649	453	2883	0	226191
19942	3046	985	224699	1919	0	230649
19943	2010	221959	2694	969	0	227632
19944	895	237258	1972	765	0	240890
19945	238633	3527	701	888	0	243749
19946	238819	1834	408	863	0	241924
19947	4011	1343	237560	493	0	243407
19948	228128	499	2504	694	0	231825
19949	236975	510	1596	714	0	239795
19950	236378	412	639	777	0	238206
19951	4181	227234	818	528	0	232761
19952	2343	230755	737	513	0	234348
19953	229777	3568	356	680	0	234381
19954	229048	1895	272	677	0	231892
19955	3920	233061	654	572	0	238207
19956	2369	2656	216	234374	0	239615
19957	1070	2443	234304	2605	0	240422
19958	222220	837	2480	2191	0	227728
19959	211010	931	2315	1467	0	215723
19960	237469	508	788	951	0	239716
19961	3985	235856	856	758	0	241455
19962	2319	3101	236696	671	0	242787
19963	237327	1676	2649	764	0	242416
19964	3263	796	1732	242964	0	248755
19965	2433	536	735	245727	0	249431
19966	1381	535	476	250185	0	252577
19967	988	1143	247087	4385	0	253603
19968	1013	404	2561	242063	0	246041
19969	931	951	246376	3570	0	251828
19970	566	239112	3122	2525	0	245325
19971	233345	2367	1773	1377	0	238862
19972	2354	237425	1141	875	0	241795
19973	1678	239514	986	782	0	242960
19974	237116	3527	616	916	0	242175
19975	2462	242699	1049	552	0	246762
19976	1963	2903	292	235329	0	240487
19977	1045	237675	751	2146	0	241617
19978	234957	2821	320	1604	0	239702
19979	2522	238044	690	840	0	242096
19980	1974	2943	238	240339	0	245494
19981	1093	2510	238880	2750	0	245233
19982	984	967	2418	239399	0	243768
19983	700	241872	2044	3312	0	247928
19984	883	2832	729	243658	0	248102
19985	721	2035	538	240079	0	243373
19986	896	949	509	237294	0	239648
19987	851	604	458	243080	0	244993
19988	904	577	398	245047	0	246926
19989	867	611	416	247306	0	249200
19990	773	1232	244027	5481	0	251513
19991	231072	566	3273	3413	0	238324
19992	3595	486	2161	263633	0	269875
19993	2535	1135	264593	4496	0	272759
19994	1329	1257	265859	3212	0	271657
19995	1206	610	6020	267886	0	275722
19996	272358	567	3425	4706	0	281056
19997	4368	1267	268472	3162	0	277269
19998	262101	613	4440	1981	0	269135
19999	5004	1336	278414	1203	0	285957
20000	3827	768	4931	272994	0	282520
20001	2213	791	3160	283060	0	289224
20002	1693	1601	279628	6632	0	289554
20003	259557	816	4717	4050	0	269140
20004	5090	770	3139	273767	0	282766
20005	3554	1358	275570	4935	0	285417
20006	2098	1343	276524	3601	0	283566
20007	2258	776	6869	249688	0	259591
20008	1334	275837	4504	4224	0	285899
20009	278759	4121	1858	3366	0	288104
20010	275354	2913	1481	1984	0	281732
20011	7200	2155	275522	1693	0	286570
20012	4453	1077	4667	269133	0	279330
20013	274373	852	3300	5302	0	283827
20014	5318	1485	275661	3800	0	286264
20015	264767	538	4983	2490	0	272778
20016	5648	270613	4301	1869	0	282431
20017	4196	4158	1862	275355	0	285571
20018	2468	2850	1513	279194	0	286025
20019	283292	1159	1474	7725	0	293650
20020	5613	851	1362	285168	0	292994
20021	4151	840	1180	281116	0	287287
20022	2181	800	1161	285674	0	289816
20023	275944	603	1163	9333	0	287043
20024	5494	1469	275657	5317	0	287937
20025	271485	651	5188	3143	0	280467
20026	275251	580	3733	2717	0	282281
20027	282454	610	1856	2334	0	287254
20028	8990	863	1468	273736	0	285057
20029	5145	1468	277773	5980	0	290366
20030	2577	272002	6012	4318	0	284909
20031	2155	276593	4235	2521	0	285504
20032	1489	263244	1923	1650	0	268306
20033	2034	6659	261134	1711	0	271538
20034	1955	5107	4943	293144	0	305149
20035	304604	1012	3475	6941	0	316032
20036	333199	760	1194	4676	0	339829
20037	10512	681	1078	345239	0	357510
20038	5421	1274	347495	7820	0	362010
20039	2299	1348	348650	5371	0	357668
20040	1842	534	10900	348817	0	362093
20041	1622	1192	354543	8733	0	366090
20042	1923	468	8547	353911	0	364849
20043	1726	585	5283	339074	0	346668
20044	1162	348480	3272	11785	0	364699
20045	1626	7174	1750	352488	0	363038
20046	1820	4230	1600	363630	0	371280
20047	355906	1483	1648	13377	0	372414
20048	8901	748	1439	359514	0	370602
20049	6148	704	1364	358646	0	366862
20050	349788	702	1431	13777	0	365698
20051	8453	349868	2389	7607	0	368317
20052	355547	7501	1725	3777	0	368550
20053	9776	5210	349489	2983	0	367458
20054	348090	1600	8411	3027	0	361128
20055	347104	966	5676	3116	0	356862
20056	13115	1482	341484	2890	0	358971
20057	7020	1697	341136	2632	0	352485
20058	4000	1468	12679	318541	0	336688
20059	328510	872	6837	9591	0	345810
20060	9585	1306	327298	6404	0	344593
20061	6711	688	9686	325467	0	342552
20062	3264	1349	327951	9956	0	342520
20063	3188	703	10204	320506	0	334601
20064	2911	843	6485	323712	0	333951
20065	321896	837	3300	14236	0	340269
20066	322202	900	2657	8575	0	334334
20067	330050	985	2318	4872	0	338225
20068	14402	1403	322942	4407	0	343154
20069	7798	1375	325212	4261	0	338646
20070	4626	954	13492	316185	0	335257
20071	3972	1030	7390	320531	0	332923
20072	3956	1096	3846	329101	0	337999
20073	312975	1111	3314	15094	0	332494
20074	9879	314007	3815	9153	0	336854
20075	311460	8097	3185	5231	0	327973
20076	301396	5111	2895	4944	0	314346
20077	13692	303233	3690	4897	0	325512
20078	8245	311426	3471	4445	0	327587
20079	303930	11494	2965	4855	0	323244
20080	10727	5757	2757	289856	0	309097
20081	8399	297079	3324	11329	0	320131
20082	6746	8349	2593	299936	0	317624
20083	5462	5950	294718	12111	0	318241
20084	5212	2435	10087	298499	0	316233
20085	293509	1699	8242	12952	0	316402
20086	10950	2381	291119	10003	0	314453
20087	7675	2379	291995	7242	0	309291
20088	5626	7217	15066	248677	0	276586
20089	4421	270342	9507	11680	0	295950
20090	4196	274238	5371	9255	0	293060
20091	3869	282195	4928	7266	0	298258
20092	263867	11110	3961	7515	0	286453
20093	264569	5209	3256	6799	0	279833
20094	254279	2366	3046	6782	0	266473
20095	12594	251256	3626	7356	0	274832
20096	256850	6846	3126	6268	0	273090
20097	253749	5094	2897	5623	0	267363
20098	14269	3556	248120	5306	0	271251
20099	9679	239298	9773	4153	0	262903
20100	7587	7465	7312	238577	0	260941
20101	240837	5044	4673	9373	0	259927
20102	11300	2962	238735	7437	0	260434
20103	8270	1920	10321	224917	0	245428
20104	5401	233983	8262	10823	0	258469
20105	5883	7199	5086	232204	0	250372
20106	5946	4629	4600	236832	0	252007
20107	237300	2286	4488	14038	0	258112
20108	239840	2597	4404	9158	0	255999
20109	13418	2708	4312	235169	0	255607
20110	8364	3086	231933	11401	0	254784
20111	6073	3088	234066	8872	0	252099
20112	232673	2793	11004	6280	0	252750
20113	12703	2903	235796	5489	0	256891
20114	10625	3080	9280	196856	0	219841
20115	6833	222942	8172	8268	0	246215
20116	224069	6854	5466	6805	0	243194
20117	10271	223744	5901	5460	0	245376
20118	227254	7478	4690	6039	0	245461
20119	10876	4810	4035	222729	0	242450
20120	8572	3399	3679	225316	0	240966
20121	224417	3627	3321	12219	0	243584
20122	229174	3504	2843	7358	0	242879
20123	14475	4009	3074	222228	0	243786
20124	9973	4344	3002	223969	0	241288
20125	6947	4260	219151	11054	0	241412
20126	5890	4223	219023	7349	0	236485
20127	214219	3639	10510	5665	0	234033
20128	10140	3988	207122	5457	0	226707
20129	211150	2826	8139	5670	0	227785
20130	214110	2530	6283	5394	0	228317
20131	12582	2655	205918	5215	0	226370
20132	8103	194609	8616	4108	0	215436
20133	5510	196028	7092	3427	0	212057
20134	4071	4903	148728	2011	0	159713
20135	7316	15960	8038	115783	0	147097
20136	104651	2918	5237	4937	0	117743
20137	98900	668	571	1701	0	101840
20138	108844	563	511	980	0	110898
20139	127125	530	454	1025	0	129134
20140	128652	513	486	892	0	130543
20141	4715	130498	1008	805	0	137026
20142	126495	2972	531	709	0	130707
20143	3561	125847	843	673	0	130924
20144	121850	2961	498	455	0	125764
20145	3485	1666	117815	293	0	123259
20146	2009	381	2604	111496	0	116490
20147	946	298	1312	104922	0	107478
20148	535	111961	684	3398	0	116578
20149	112990	2638	194	1448	0	117270
20150	115113	1449	136	491	0	117189
20151	4126	503	210	111939	0	116778
20152	1998	246	246	114669	0	117159
20153	113071	185	259	3970	0	117485
20154	2980	242	181	113794	0	117197
20155	1770	290	151	115380	0	117591
20156	113380	275	114	3953	0	117722
20157	3238	202	104	113744	0	117288
20158	114171	153	167	3239	0	117730
20159	114657	123	156	1889	0	116825
20160	4041	356	113179	836	0	118412
20161	113928	171	2535	778	0	117412
20162	113378	161	1287	703	0	115529
20163	114548	133	319	577	0	115577
20164	4355	360	108778	534	0	114027
20165	2265	161	2523	106151	0	111100
20166	1263	177	1372	110449	0	113261
20167	810	468	108227	3793	0	113298
20168	105197	150	2755	1659	0	109761
20169	3367	161	1361	105676	0	110565
20170	1976	316	105224	2834	0	110350
20171	998	330	107842	1577	0	110747
20172	909	159	3848	106360	0	111276
20173	788	345	109000	3098	0	113231
20174	887	171	2999	107540	0	111597
20175	1058	164	1553	109698	0	112473
20176	919	333	107545	4233	0	113030
20177	960	307	3007	99242	0	103516
20178	758	103787	1915	2937	0	109397
20179	638	109309	1012	1776	0	112735
20180	107284	3739	648	896	0	112567
20181	107082	1565	523	897	0	110067
20182	4190	106138	793	968	0	112089
20183	107579	2699	556	857	0	111691
20184	108682	1537	455	819	0	111493
20185	4739	687	362	105648	0	111436
20186	2480	606	374	108398	0	111858
20187	104919	562	299	4331	0	110111
20188	3540	103340	635	2126	0	109641
20189	2292	106239	715	986	0	110232
20190	1687	4097	395	104010	0	110189
20191	1309	2012	104901	3291	0	111513
20192	101249	618	2870	2278	0	107015
20193	105327	432	1548	1349	0	108656
20194	102730	520	589	1095	0	104934
20195	5051	102788	732	896	0	109467
20196	2933	3130	458	99708	0	106229
20197	1831	1723	470	105049	0	109073
20198	102358	687	580	4626	0	108251
20199	3970	101758	856	2341	0	108925
20200	2941	2959	532	100187	0	106619
20201	2055	1744	462	102927	0	107188
20202	1962	857	435	103863	0	107117
20203	100666	623	509	5031	0	106829
20204	4039	99912	886	2735	0	107572
20205	3056	3487	586	92655	0	99784
20206	1795	100670	855	3341	0	106661
20207	99004	3262	666	2300	0	105232
20208	3957	1850	98028	1666	0	105501
20209	95216	707	3220	1957	0	101100
20210	3928	759	95633	1770	0	102090
20211	2828	1855	3093	88212	0	95988
20212	88467	619	1703	3551	0	94340
20213	3702	759	88112	2252	0	94825
20214	88225	460	2779	1640	0	93104
20215	91242	369	1730	1505	0	94846
20216	92580	312	924	1325	0	95141
20217	4932	303	826	87704	0	93765
20218	2628	346	757	89209	0	92940
20219	1832	285	718	90937	0	93772
20220	86899	266	730	4647	0	92542
20221	3679	86959	1003	2451	0	94092
20222	88050	2351	791	1300	0	92492
20223	89538	1263	765	1169	0	92735
20224	4464	805	86494	1187	0	92950
20225	86733	439	2710	1192	0	91074
20226	90403	377	1575	1255	0	93610
20227	4553	459	943	87961	0	93916
20228	2500	517	828	89259	0	93104
20229	1683	443	750	90475	0	93351
20230	86668	441	814	4240	0	92163
20231	85970	411	886	2333	0	89600
20232	83092	402	773	1396	0	85663
20233	3718	79083	1022	1171	0	84994
20234	1453	73500	942	1025	0	76920
20235	820	75236	804	1181	0	78041
20236	73160	2575	1073	1243	0	78051
20237	2493	1160	71692	1118	0	76463
20238	1433	574	60170	957	0	63134
20239	39289	323	1223	394	0	41229
20240	782	204	42670	275	0	43931
20241	240	106	289	33920	0	34555
20242	122	35040	201	272	0	35635
20243	36318	278	76	212	0	36884
20244	36327	150	59	156	0	36692
20245	36693	58	48	111	0	36910
20246	499	58	42	39718	0	40317
20247	230	156	40878	284	0	41548
20248	132	186	39545	193	0	40056
20249	39557	60	386	151	0	40154
20250	41243	43	204	144	0	41634
20251	40873	44	83	131	0	41131
20252	475	51	49	41467	0	42042
20253	274	46	55	41926	0	42301
20254	135	170	41618	386	0	42309
20255	39974	67	276	282	0	40599
20256	366	50	149	42847	0	43412
20257	269	40	75	42764	0	43148
20258	176	35	43	42577	0	42831
20259	98	42388	147	431	0	43064
20260	129	245	54	42186	0	42614
20261	140	145	64	42126	0	42475
20262	41491	45	49	474	0	42059
20263	326	155	41218	227	0	41926
20264	39108	61	263	213	0	39645
20265	42063	40	132	182	0	42417
20266	430	49	67	41786	0	42332
20267	256	31	54	41970	0	42311
20268	41421	35	67	500	0	42023
20269	350	133	41030	262	0	41775
20270	217	41232	331	154	0	41934
20271	157	250	139	40857	0	41403
20272	40705	120	62	334	0	41221
20273	277	45	61	39859	0	40242
20274	218	141	39465	387	0	40211
20275	150	142	39088	255	0	39635
20276	39294	39	331	187	0	39851
20277	300	78	148	42077	0	42603
20278	190	139	41643	268	0	42240
20279	40437	34	190	283	0	40944
20280	44422	24	114	248	0	44808
20281	323	36	60	44555	0	44974
20282	186	38	46	44527	0	44797
20283	97	44519	147	291	0	45054
20284	46194	174	48	277	0	46693
20285	268	112	38	46391	0	46809
20286	186	49	40	46791	0	47066
20287	112	177	46997	285	0	47571
20288	42568	42	204	272	0	43086
20289	46157	30	109	175	0	46471
20290	262	45965	146	152	0	46525
20291	165	265	44601	137	0	45168
20292	110	224	44700	110	0	45144
20293	138	219	217	43917	0	44491
20294	46638	39	145	316	0	47138
20295	186	31	32	46605	0	46854
20296	48722	26	32	355	0	49135
20297	49245	30	33	216	0	49524
20298	50150	18	45	186	0	50399
20299	220	29	52	50975	0	51276
20300	137	21	34	51344	0	51536
20301	51401	14	29	295	0	51739
20302	193	208	52446	132	0	52979
20303	47344	27	98	193	0	47662
20304	49594	25	72	159	0	49850
20305	123	155	51333	58	0	51669
20306	93	137	50463	96	0	50789
20307	54	51598	163	79	0	51894
20308	131	116	120	52097	0	52464
20309	49827	56	77	201	0	50161
20310	80	28	15	52586	0	52709
20311	60	193	53386	101	0	53740
20312	36	52725	107	108	0	52976
20313	39	53680	126	68	0	53913
20314	43	77	34	55404	0	55558
20315	46	37	23	54377	0	54483
20316	27	54581	117	132	0	54857
20317	51	237	53594	135	0	54017
20318	49036	65	109	211	0	49421
20319	55284	33	39	136	0	55492
20320	100	55684	123	83	0	55990
20321	54650	81	18	131	0	54880
20322	109	56	26	53940	0	54131
20323	53763	35	20	204	0	54022
20324	133	25	26	53329	0	53513
20325	70	56659	98	183	0	57010
20326	88	316	56545	137	0	57086
20327	90	100	166	60734	0	61090
20328	120	60	109	60219	0	60508
20329	55	25	34	64153	0	64267
20330	65710	18	30	633	0	66391
20331	475	24	25	66479	0	67003
20332	298	225	70378	518	0	71419
20333	119	234	73068	313	0	73734
20334	73747	18	991	284	0	75040
20335	798	202	77669	157	0	78826
20336	76662	32	819	155	0	77668
20337	900	47	472	83176	0	84595
20338	555	26	99	85624	0	86304
20339	198	31	85	90910	0	91224
20340	167	68	66	91086	0	91387
20341	89297	10	70	2009	0	91386
20342	1279	285	90815	904	0	93283
20343	887	38	1225	87083	0	89233
20344	133	92573	948	1246	0	94900
20345	92156	1276	161	886	0	94479
20346	1405	753	76	89578	0	91812
20347	89163	98	70	1533	0	90864
20348	1501	253	88405	903	0	91062
20349	1013	66	1394	82625	0	85098
20350	167	87902	1020	1366	0	90455
20351	88426	1316	161	966	0	90869
20352	1451	945	88102	374	0	90872
20353	1027	132	1399	86242	0	88800
20354	358	64	845	89064	0	90331
20355	87630	43	264	2333	0	90270
20356	1456	248	87587	1147	0	90438
20357	966	304	88630	340	0	90240
20358	412	71	2260	87367	0	90110
20359	288	199	89160	1539	0	91186
20360	273	260	89815	1126	0	91474
20361	354	109	2311	87344	0	90118
20362	353	90	1061	89265	0	90769
20363	339	99	334	93453	0	94225
20364	91919	56	299	2540	0	94814
20365	1561	93425	483	1315	0	96784
20366	92459	1457	321	623	0	94860
20367	1814	922	307	92671	0	95714
20368	1137	94785	439	1833	0	98194
20369	438	1525	268	97662	0	99893
20370	100125	954	269	2179	0	103527
20371	1884	107464	466	1629	0	111443
20372	1399	2011	278	111256	0	114944
20373	511	1440	112095	2453	0	116499
20374	109332	302	2362	1763	0	113759
20375	2381	267	1460	111804	0	115912
20376	1722	211	465	113157	0	115555
20377	669	394	110964	3749	0	115776
20378	523	476	111068	1994	0	114061
20379	106578	198	3646	1028	0	111450
20380	2517	108082	2096	753	0	113448
20381	1797	2297	643	107891	0	112628
20382	108767	1408	523	2795	0	113493
20383	2658	587	109277	1965	0	114487
20384	1665	108054	2797	964	0	113480
20385	768	2272	1730	108393	0	113163
20386	108849	1406	718	2922	0	113895
20387	107053	433	571	2097	0	110154
20388	110072	316	517	1122	0	112027
20389	3899	106866	807	1006	0	112578
20390	1943	2542	107489	893	0	112867
20391	958	1553	2617	107742	0	112870
20392	983	670	1900	100324	0	103877
20393	877	388	655	110335	0	112255
20394	762	329	597	110082	0	111770
20395	106917	286	587	4359	0	112149
20396	105775	404	637	2351	0	109167
20397	3977	603	103465	1126	0	109171
20398	1991	605	102944	1155	0	106695
20399	99811	294	3806	1092	0	105003
20400	102610	335	1972	1130	0	106047
20401	4146	343	776	96867	0	102132
20402	2143	100203	926	2840	0	106112
20403	99624	2399	700	2139	0	104862
20404	2772	99439	847	1252	0	104310
20405	1975	100091	832	1138	0	104036
20406	1155	3716	579	100772	0	106222
20407	1066	1706	574	102866	0	106212
20408	1011	588	602	103857	0	106058
20409	989	569	583	103857	0	105998
20410	832	725	99295	4473	0	105325
20411	96690	535	2611	2417	0	102253
20412	101039	491	1781	1160	0	104471
20413	4290	456	729	96571	0	102046
20414	2318	489	604	97753	0	101164
20415	96205	494	670	4224	0	101593
20416	2965	683	91873	2446	0	97967
20417	95653	514	2544	1264	0	99975
20418	96939	491	1745	1170	0	100345
20419	4115	648	94549	1171	0	100483
20420	97111	442	2587	1219	0	101359
20421	3301	407	1825	95166	0	100699
20422	2344	395	863	98530	0	102132
20423	1194	397	794	99722	0	102107
20424	1365	384	648	99736	0	102133
20425	92824	345	639	4263	0	98071
20426	3229	423	634	92009	0	96295
20427	2047	380	558	86297	0	89282
20428	980	81557	767	3821	0	87125
20429	811	84365	839	2115	0	88130
20430	982	2932	456	82260	0	86630
20431	81326	1401	372	2707	0	85806
20432	2691	479	418	77069	0	80657
20433	1570	459	70594	2337	0	74960
20434	806	433	67745	1497	0	70481
20435	65509	299	2565	835	0	69208
20436	1916	66918	1466	787	0	71087
20437	62295	1396	783	658	0	65132
20438	1920	1043	62321	643	0	65927
20439	1685	2143	1473	56201	0	61502
20440	55722	249	1013	1475	0	58459
20441	1325	55445	589	1076	0	58435
20442	54880	1050	375	619	0	56924
20443	1517	873	58821	497	0	61708
20444	1147	356	1072	57511	0	60086
20445	579	188	787	59548	0	61102
20446	59834	185	406	1893	0	62318
20447	59999	201	380	1043	0	61623
20448	61930	255	243	619	0	63047
20449	61791	257	168	492	0	62708
20450	62143	259	202	548	0	63152
20451	1849	60864	389	566	0	63668
20452	1090	990	261	61738	0	64079
20453	62543	673	220	1363	0	64799
20454	1419	323	176	62397	0	64315
20455	1155	175	167	62440	0	63937
20456	783	149	191	62495	0	63618
20457	553	60520	329	1944	0	63346
20458	61312	1005	198	1108	0	63623
20459	1265	720	231	60943	0	63159
20460	59673	218	225	1429	0	61545
20461	58770	142	152	1176	0	60240
20462	1692	57947	343	704	0	60686
20463	58158	860	165	587	0	59770
20464	1399	782	56674	430	0	59285
20465	55497	214	978	373	0	57062
20466	1378	591	927	54894	0	57790
20467	936	273	56537	1037	0	58783
20468	509	56374	983	879	0	58745
20469	706	905	55130	498	0	57239
20470	306	50600	759	288	0	51953
20471	43124	930	925	513	0	45492
20472	42290	198	143	296	0	42927
20473	41483	41	120	159	0	41803
20474	280	41709	144	113	0	42246
20475	41002	129	70	142	0	41343
20476	189	334	40717	103	0	41343
20477	148	268	40839	129	0	41384
20478	112	202	164	40245	0	40723
20479	107	87	110	42804	0	43108
20480	52	42874	164	197	0	43287
20481	43545	152	33	200	0	43930
20482	199	91	38	44055	0	44383
20483	100	44079	159	195	0	44533
20484	78	188	40	45278	0	45584
20485	45044	102	22	325	0	45493
20486	44034	40	25	250	0	44349
20487	295	226	42793	95	0	43409
20488	178	42	191	43131	0	43542
20489	90	228	43320	270	0	43908
20490	86	37	201	43815	0	44139
20491	76	223	43954	274	0	44527
20492	90	34	221	43725	0	44070
20493	86	164	44093	293	0	44636
20494	92	30	230	43865	0	44217
20495	91	206	44928	338	0	45563
20496	88	30	241	44515	0	44874
20497	89	33	134	45798	0	46054
20498	50	46727	176	382	0	47335
20499	78	225	55	48159	0	48517
20500	63	276	47401	332	0	48072
20501	85	54	246	47053	0	47438
20502	73	38	146	47659	0	47916
20503	47761	28	63	484	0	48336
20504	278	37	52	48368	0	48735
20505	188	39	33	47973	0	48233
20506	81	189	46404	443	0	47117
20507	44676	28	255	324	0	45283
20508	279	22	151	47838	0	48290
20509	173	25	59	48139	0	48396
20510	101	27	55	48504	0	48687
20511	48395	30	34	514	0	48973
20512	273	27	57	48973	0	49330
20513	182	33	53	49171	0	49439
20514	48586	21	51	547	0	49205
20515	304	48614	138	285	0	49341
20516	212	279	35	48145	0	48671
20517	123	136	42	48611	0	48912
20518	80	180	47302	546	0	48108
20519	37182	96	335	496	0	38109
20520	323	42	144	46629	0	47138
20521	180	151	45381	414	0	46126
20522	45093	24	274	360	0	45751
20523	326	34	151	47399	0	47910
20524	207	31	68	48289	0	48595
20525	111	26	49	48734	0	48920
20526	111	20	46	49529	0	49706
20527	90	168	52157	610	0	53025
20528	104	44	439	52475	0	53062
20529	131	37	257	65070	0	65495
20530	111	233	77356	1294	0	78994
20531	79650	27	1484	749	0	81910
20532	84358	37	840	392	0	85627
20533	85649	37	352	270	0	86308
20534	2866	50	166	83471	0	86553
20535	84870	44	115	1836	0	86865
20536	86638	45	81	1181	0	87945
20537	2852	43	126	85730	0	88751
20538	85203	39	98	2029	0	87369
20539	85133	51	98	1210	0	86492
20540	85784	27	79	583	0	86473
20541	86390	19	79	399	0	86887
20542	3174	32	89	82107	0	85402
20543	1529	77914	258	1752	0	81453
20544	673	78716	235	1145	0	80769
20545	395	80183	221	531	0	81330
20546	77134	2760	78	395	0	80367
20547	78922	1247	79	339	0	80587
20548	2797	619	76842	250	0	80508
20549	78319	214	1699	347	0	80579
20550	2434	183	987	79440	0	83044
20551	1514	135	373	80037	0	82059
20552	830	136	166	81501	0	82633
20553	78618	65	125	3185	0	81993
20554	2149	58	88	79178	0	81473
20555	1283	77529	310	2362	0	81484
20556	835	1702	94	79278	0	81909
20557	512	1214	80229	2319	0	84274
20558	528	395	1747	81422	0	84092
20559	81156	180	1056	2425	0	84817
20560	2281	292	81350	1368	0	85291
20561	1578	134	1834	80840	0	84386
20562	886	196	1053	81048	0	83183
20563	642	181	421	81470	0	82714
20564	469	81679	404	3138	0	85690
20565	590	1802	158	83193	0	85743
20566	82120	1034	154	2483	0	85791
20567	81168	423	205	1500	0	83296
20568	3175	389	79326	841	0	83731
20569	1782	360	80454	596	0	83192
20570	1010	173	2739	79485	0	83407
20571	717	214	1363	82225	0	84519
20572	589	395	81666	3200	0	85850
20573	788	295	2022	75359	0	78464
20574	532	80771	1376	2271	0	84950
20575	83419	1912	535	1454	0	87320
20576	83398	1136	360	847	0	85741
20577	83174	431	298	731	0	84634
20578	3567	396	82499	620	0	87082
20579	2135	237	1977	82599	0	86948
20580	1087	302	82829	2423	0	86641
20581	78640	200	2229	1658	0	82727
20582	2351	81073	1428	936	0	85788
20583	1706	1885	547	80377	0	84515
20584	81035	1139	321	2383	0	84878
20585	2382	538	326	81335	0	84581
20586	1693	302	295	83697	0	85987
20587	993	481	81452	3275	0	86201
20588	76386	215	2030	2017	0	80648
20589	2416	81478	1581	1125	0	86600
20590	1776	1840	663	82305	0	86584
20591	82437	1131	374	2464	0	86406
20592	2603	579	323	83066	0	86571
20593	82681	375	266	2780	0	86102
20594	2727	82462	515	1809	0	87513
20595	84856	1857	277	1092	0	88082
20596	2855	1331	84554	774	0	89514
20597	84480	586	2078	850	0	87994
20598	85413	282	1375	844	0	87914
20599	86568	253	764	838	0	88423
20600	4100	291	483	83200	0	88074
20601	2488	422	374	81374	0	84658
20602	1514	454	269	83328	0	85565
20603	1011	81621	544	3598	0	86774
20604	82985	2025	304	2094	0	87408
20605	2884	1232	330	82783	0	87229
20606	2147	543	342	84011	0	87043
20607	1375	340	427	85124	0	87266
20608	82414	262	428	3757	0	86861
20609	2657	251	356	83905	0	87169
20610	1766	504	81425	3127	0	86822
20611	1015	81956	2087	2192	0	87250
20612	867	2152	1157	83314	0	87490
20613	816	1424	551	84757	0	87548
20614	872	742	424	86409	0	88447
20615	838	643	82717	3748	0	87946
20616	854	512	83268	2220	0	86854
20617	898	237	3225	83954	0	88314
20618	810	486	88401	2829	0	92526
20619	815	231	2442	89763	0	93251
20620	89945	250	1519	3322	0	95036
20621	93254	276	713	2505	0	96748
20622	93709	336	494	1471	0	96010
20623	3806	680	90517	1017	0	96020
20624	89241	410	2095	1013	0	92759
20625	3082	384	1499	91742	0	96707
20626	2002	407	90956	2573	0	95938
20627	1237	438	89471	1824	0	92970
20628	919	87858	3232	1238	0	93247
20629	534	78429	1467	628	0	81058
20630	63948	1413	1707	573	0	67641
20631	870	478	231	62007	0	63586
20632	494	273	63298	717	0	64782
20633	247	117	527	63677	0	64568
20634	63901	83	428	824	0	65236
20635	679	293	69157	526	0	70655
20636	67538	94	722	418	0	68772
20637	72395	69	486	296	0	73246
20638	72196	64	150	319	0	72729
20639	1301	71367	261	280	0	73209
20640	73963	728	135	323	0	75149
20641	1001	512	124	74419	0	76056
20642	753	171	102	74181	0	75207
20643	375	96	108	75464	0	76043
20644	275	81	95	75259	0	75710
20645	73256	65	108	1540	0	74969
20646	884	72322	250	870	0	74326
20647	586	71266	233	346	0	72431
20648	238	73616	255	261	0	74370
20649	73245	1223	194	355	0	75017
20650	73308	569	155	311	0	74343
20651	73215	154	79	306	0	73754
20652	73291	121	91	292	0	73795
20653	1452	95	88	72818	0	74453
20654	746	100	120	73426	0	74392
20655	72921	80	77	1402	0	74480
20656	856	72675	242	729	0	74502
20657	71306	740	114	374	0	72534
20658	72811	525	75	369	0	73780
20659	1371	165	81	72243	0	73860
20660	702	73165	262	881	0	75010
20661	348	857	77	75227	0	76509
20662	73782	560	105	1130	0	75577
20663	1048	367	75681	698	0	77794
20664	821	154	823	72728	0	74526
20665	286	75676	741	863	0	77566
20666	75299	859	209	752	0	77119
20667	73516	568	153	418	0	74655
20668	1522	433	75672	247	0	77874
20669	783	74764	982	273	0	76802
20670	374	1079	76134	227	0	77814
20671	385	700	893	73673	0	75651
20672	253	386	74246	899	0	75784
20673	278	324	72972	607	0	74181
20674	214	72906	1323	300	0	74743
20675	72481	760	597	276	0	74114
20676	73319	553	220	366	0	74458
20677	1219	75850	286	325	0	77680
20678	673	75710	335	309	0	77027
20679	332	1448	72444	263	0	74487
20680	301	877	72102	238	0	73518
20681	311	464	74644	235	0	75654
20682	324	203	1281	73846	0	75654
20683	306	406	75476	878	0	77066
20684	321	184	878	73276	0	74659
20685	320	156	617	73499	0	74592
20686	260	397	74589	1370	0	76616
20687	243	74468	1015	760	0	76486
20688	341	833	583	74658	0	76415
20689	74810	570	220	1016	0	76616
20690	995	219	165	74913	0	76292
20691	714	419	74936	1077	0	77146
20692	352	74496	961	760	0	76569
20693	268	78407	812	392	0	79879
20694	379	1484	235	76400	0	78498
20695	76129	688	159	1066	0	78042
20696	76025	276	178	785	0	77264
20697	1559	241	169	74529	0	76498
20698	843	77948	321	1045	0	80157
20699	439	1104	159	79213	0	80915
20700	437	737	165	81498	0	82837
20701	449	292	129	82509	0	83379
20702	85797	197	141	2046	0	88181
20703	1429	86243	420	1077	0	89169
20704	87911	1298	179	574	0	89962
20705	88725	971	189	483	0	90368
20706	89083	340	162	466	0	90051
20707	91817	261	154	449	0	92681
20708	2620	238	139	89493	0	92490
20709	1401	448	89989	1673	0	93511
20710	512	90106	1652	1212	0	93482
20711	91675	1519	1039	643	0	94876
20712	93293	1066	313	457	0	95129
20713	95079	334	225	471	0	96109
20714	2751	529	91841	412	0	95533
20715	91284	244	1512	359	0	93399
20716	94001	253	1050	327	0	95631
20717	2733	310	299	92386	0	95728
20718	1461	404	88415	1610	0	91890
20719	629	87050	1741	1168	0	90588
20720	634	1569	1056	86624	0	89883
20721	85500	1017	440	1712	0	88669
20722	1755	309	239	85810	0	88113
20723	1302	240	276	87937	0	89755
20724	89747	241	233	2600	0	92821
20725	1903	453	88541	1296	0	92193
20726	89049	197	1646	621	0	91513
20727	89054	210	1210	476	0	90950
20728	89719	181	417	444	0	90761
20729	89811	199	241	442	0	90693
20730	2990	403	86252	362	0	90007
20731	1664	205	1669	85105	0	88643
20732	654	378	86391	1708	0	89131
20733	628	285	1765	84964	0	87642
20734	485	381	85588	1882	0	88336
20735	75719	153	1744	1330	0	78946
20736	1752	76547	1376	522	0	80197
20737	1266	78730	527	373	0	80896
20738	761	2314	346	82521	0	85942
20739	721	1196	331	83223	0	85471
20740	451	88127	430	2768	0	91776
20741	89009	1918	212	1405	0	92544
20742	93579	1305	211	537	0	95632
20743	98984	348	221	451	0	100004
20744	105540	212	242	452	0	106446
20745	4374	213	232	103689	0	108508
20746	2333	232	213	108114	0	110892
20747	108510	201	193	4385	0	113289
20748	3337	156	228	108673	0	112394
20749	2328	483	105408	3191	0	111410
20750	995	574	106838	2041	0	110448
20751	829	225	4249	107353	0	112656
20752	663	371	108359	3158	0	112551
20753	105696	154	3114	2237	0	111201
20754	3222	208	1983	106827	0	112240
20755	108587	135	708	3109	0	112539
20756	3452	397	107966	2187	0	114002
20757	2453	172	2949	107519	0	113093
20758	1024	370	108857	3261	0	113512
20759	735	106596	3486	2317	0	113134
20760	105510	2887	2273	1065	0	111735
20761	106920	1821	731	783	0	110255
20762	4725	104392	747	723	0	110587
20763	104933	2793	452	675	0	108853
20764	3751	1863	503	102107	0	108224
20765	2558	602	394	104488	0	108042
20766	102009	298	409	4698	0	107414
20767	3448	99897	632	2532	0	106509
20768	2523	102494	570	1049	0	106636
20769	1405	4403	411	99454	0	105673
20770	99043	2169	413	3179	0	104804
20771	101334	669	407	2325	0	104735
20772	102617	452	406	1008	0	104483
20773	5374	656	98155	713	0	104898
20774	3001	589	98588	833	0	103011
20775	1333	97311	4687	776	0	104107
20776	97096	2923	2278	761	0	103058
20777	3920	1928	764	94342	0	100954
20778	96561	592	593	3293	0	101039
20779	97165	386	555	2303	0	100409
20780	5521	383	604	93758	0	100266
20781	3030	687	93643	3407	0	100767
20782	93944	417	3062	2423	0	99846
20783	3968	353	2058	93749	0	100128
20784	2850	494	93736	3504	0	100584
20785	92892	305	3167	2517	0	98881
20786	95430	323	2202	1257	0	99212
20787	5399	293	1026	92741	0	99459
20788	3097	501	92383	3540	0	99521
20789	1688	357	3169	88368	0	93582
20790	1360	92088	2522	3547	0	99517
20791	1587	2956	92251	2417	0	99211
20792	1364	93960	3511	1200	0	100035
20793	91471	3002	2265	960	0	97698
20794	93443	1952	1059	929	0	97383
20795	94598	669	812	902	0	96981
20796	94265	514	793	887	0	96459
20797	5747	534	715	89032	0	96028
20798	88501	460	659	3178	0	92798
20799	4199	443	559	86703	0	91904
20800	84003	387	588	3393	0	88371
20801	3707	81600	860	2453	0	88620
20802	2565	2616	509	73870	0	79560
20803	1305	77632	695	2736	0	82368
20804	77230	2658	478	1968	0	82334
20805	77224	1742	446	992	0	80404
20806	4359	75057	658	845	0	80919
20807	2678	2472	455	73284	0	78889
20808	1312	1720	72676	2676	0	78384
20809	1297	932	2303	72595	0	77127
20810	1120	659	72418	2847	0	77044
20811	1378	626	2512	63985	0	68501
20812	968	68784	1791	2401	0	73944
20813	68740	2238	682	1692	0	73352
20814	70202	1473	540	892	0	73107
20815	3973	602	487	68131	0	73193
20816	71679	405	504	2594	0	75182
20817	3271	411	476	70877	0	75035
20818	2231	482	455	71994	0	75162
20819	1442	417	421	73459	0	75739
20820	71818	367	367	3933	0	76485
20821	72771	329	377	2221	0	75698
20822	73734	316	393	1081	0	75524
20823	3989	69010	591	895	0	74485
20824	67778	1979	415	813	0	70985
20825	2740	66539	559	705	0	70543
20826	67352	2214	371	648	0	70585
20827	3018	1365	338	64732	0	69453
20828	2195	560	373	66630	0	69758
20829	65215	457	324	3145	0	69141
20830	65841	380	276	1820	0	68317
20831	3468	63969	513	891	0	68841
20832	64826	1924	299	724	0	67773
20833	2845	1265	245	62458	0	66813
20834	1985	506	245	64127	0	66863
20835	62422	367	260	3140	0	66189
20836	2582	482	61721	1754	0	66539
20837	1828	59428	1833	807	0	63896
20838	1221	1617	976	52950	0	56764
20839	758	965	49672	1454	0	52849
20840	795	1629	1220	46494	0	50138
20841	46310	200	861	1577	0	48948
20842	1342	42610	377	993	0	45322
20843	790	38364	229	481	0	39864
20844	320	33485	212	230	0	34247
20845	844	1542	563	28776	0	31725
20846	28724	312	689	674	0	30399
20847	471	100	30	28088	0	28689
20848	27771	69	32	453	0	28325
20849	27858	76	39	268	0	28241
20850	611	65	27	27492	0	28195
20851	27924	56	27	449	0	28456
20852	482	46	33	28082	0	28643
20853	282	114	28087	466	0	28949
20854	27223	49	359	325	0	27956
20855	474	97	31351	118	0	32040
20856	28572	45	377	150	0	29144
20857	480	98	30125	105	0	30808
20858	266	34	298	28282	0	28880
20859	111	58	205	29365	0	29739
20860	29688	40	56	514	0	30298
20861	362	32	33	30561	0	30988
20862	30617	34	48	382	0	31081
20863	362	30615	92	254	0	31323
20864	32265	301	33	162	0	32761
20865	403	209	31	32932	0	33575
20866	288	58	22	33361	0	33729
20867	162	42	24	33639	0	33867
20868	113	49	46	33672	0	33880
20869	130	89	32499	560	0	33278
20870	114	99	32007	287	0	32507
20871	111	57	470	32563	0	33201
20872	98	114	33211	387	0	33810
20873	85	32906	363	306	0	33660
20874	110	314	243	33008	0	33675
20875	103	260	33735	414	0	34512
20876	83	126	33425	318	0	33952
20877	122	61	552	33784	0	34519
20878	104	57	258	34056	0	34475
20879	71	34834	116	607	0	35628
20880	101	347	68	35460	0	35976
20881	80	326	35697	452	0	36555
20882	34024	63	451	350	0	34888
20883	492	50	317	36655	0	37514
20884	37522	54	110	585	0	38271
20885	37626	53	73	416	0	38168
20886	38293	59	78	208	0	38638
20887	763	130	38736	137	0	39766
20888	383	119	38396	110	0	39008
20889	33611	55	740	257	0	34663
20890	513	124	39059	162	0	39858
20891	402	47	481	37043	0	37973
20892	168	66	343	37932	0	38509
20893	145	105	38288	787	0	39325
20894	96	38363	545	420	0	39424
20895	37681	439	358	202	0	38680
20896	480	38814	176	203	0	39673
20897	381	40060	166	167	0	40774
20898	39777	704	174	208	0	40863
20899	525	416	41468	149	0	42558
20900	385	174	41719	129	0	42407
20901	190	64	874	40673	0	41801
20902	41502	79	422	605	0	42608
20903	543	41759	212	487	0	43001
20904	42195	522	141	220	0	43078
20905	624	447	43483	163	0	44717
20906	407	46997	693	176	0	48273
20907	196	631	415	48044	0	49286
20908	194	512	49002	695	0	50403
20909	198	125	678	49024	0	50025
20910	212	140	496	45944	0	46792
20911	211	88	164	50233	0	50696
20912	209	86	161	50249	0	50705
20913	49135	75	159	1171	0	50540
20914	48689	71	141	643	0	49544
20915	1111	173	49743	268	0	51295
20916	46709	92	745	243	0	47789
20917	773	47950	620	203	0	49546
20918	48094	637	200	218	0	49149
20919	748	531	48314	178	0	49771
20920	547	168	691	46829	0	48235
20921	207	162	48658	708	0	49735
20922	175	161	48511	552	0	49399
20923	183	192	1073	47211	0	48659
20924	185	107	508	48229	0	49029
20925	172	172	47864	1109	0	49317
20926	162	47013	824	576	0	48575
20927	149	48511	585	249	0	49494
20928	213	1041	208	48197	0	49659
20929	47372	471	184	785	0	48812
20930	682	50097	239	618	0	51636
20931	524	750	50238	247	0	51759
20932	195	550	49689	221	0	50655
20933	181	261	50986	194	0	51622
20934	204	130	1173	48652	0	50159
20935	49882	113	589	837	0	51421
20936	728	49690	316	656	0	51390
20937	584	786	49547	237	0	51154
20938	159	50047	895	223	0	51324
20939	183	727	575	49823	0	51308
20940	192	595	50304	846	0	51937
20941	175	51066	844	638	0	52723
20942	241	716	546	50225	0	51728
20943	216	510	230	52234	0	53190
20944	173	254	52635	1149	0	54211
20945	225	151	825	50107	0	51308
20946	158	51802	662	802	0	53424
20947	197	798	51402	586	0	52983
20948	49648	515	801	297	0	51261
20949	785	195	558	52120	0	53658
20950	566	147	283	51364	0	52360
20951	186	52142	337	1132	0	53797
20952	51321	693	266	616	0	52896
20953	729	588	50885	267	0	52469
20954	49407	187	806	322	0	50722
20955	760	221	478	48846	0	50305
20956	439	49365	279	726	0	50809
20957	203	629	235	49477	0	50544
20958	204	453	201	50956	0	51814
20959	50171	173	191	1074	0	51609
20960	50789	119	217	583	0	51708
20961	1022	130	167	51102	0	52421
20962	493	224	50676	752	0	52145
20963	45393	150	721	679	0	46943
20964	655	50377	582	261	0	51875
20965	556	674	234	50304	0	51768
20966	244	472	182	51904	0	52802
20967	206	171	168	52299	0	52844
20968	159	255	51451	1189	0	53054
20969	157	185	751	50460	0	51553
20970	130	51710	644	823	0	53307
20971	188	681	251	50610	0	51730
20972	129	51863	261	836	0	53089
20973	253	706	164	51747	0	52870
20974	175	610	51177	848	0	52810
20975	45374	163	746	667	0	46950
20976	716	162	526	51131	0	52535
20977	473	264	50962	733	0	52432
20978	136	50901	755	652	0	52444
20979	50104	621	568	318	0	51611
20980	621	525	50342	278	0	51766
20981	48772	212	656	321	0	49961
20982	658	144	485	51016	0	52303
20983	462	118	170	50523	0	51273
20984	143	50839	259	850	0	52091
20985	50418	527	155	506	0	51606
20986	49677	388	150	276	0	50491
20987	803	51927	231	248	0	53209
20988	481	496	147	52373	0	53497
20989	192	403	140	52623	0	53358
20990	191	161	108	52582	0	53042
20991	133	229	51460	957	0	52779
20992	48493	118	559	595	0	49765
20993	579	135	424	51696	0	52834
20994	454	149	144	52021	0	52768
20995	165	235	50604	974	0	51978
20996	151	258	50044	566	0	51019
20997	175	135	826	51417	0	52553
20998	179	254	52344	706	0	53483
20999	49023	124	549	531	0	50227
21000	531	97	424	51539	0	52591
21001	433	112	134	52683	0	53362
21002	162	225	54409	956	0	55752
21003	169	250	536	55000	0	55955
21004	159	189	56350	711	0	57409
21005	106	54332	641	558	0	55637
21006	49992	503	529	288	0	51312
21007	49715	300	156	247	0	50418
21008	585	49874	178	214	0	50851
21009	399	397	90	50599	0	51485
21010	124	469	51056	523	0	52172
21011	124	104	388	51038	0	51654
21012	50866	64	332	531	0	51793
21013	405	51214	204	414	0	52237
21014	51517	368	91	218	0	52194
21015	459	344	168	50718	0	51689
21016	51012	81	88	510	0	51691
21017	398	50738	171	410	0	51717
21018	51356	372	75	257	0	52060
21019	438	440	50031	162	0	51071
21020	349	51000	438	181	0	51968
21021	217	312	303	50948	0	51780
21022	52442	256	110	472	0	53280
21023	52841	78	74	379	0	53372
21024	606	68	62	52889	0	53625
21025	53743	48	76	470	0	54337
21026	53176	61	73	422	0	53732
21027	54784	68	62	242	0	55156
21028	651	73	76	54402	0	55202
21029	373	190	54803	414	0	55780
21030	160	197	50834	384	0	51575
21031	130	189	52647	185	0	53151
21032	52104	48	630	164	0	52946
21033	436	56	338	53671	0	54501
21034	316	54846	193	464	0	55819
21035	181	366	78	53745	0	54370
21036	123	55976	170	395	0	56664
21037	56719	361	84	420	0	57584
21038	432	307	92	57323	0	58154
21039	416	92	85	58725	0	59318
21040	59627	58	84	833	0	60602
21041	538	62	67	60026	0	60693
21042	446	92	68	60907	0	61513
21043	61625	70	85	921	0	62701
21044	637	187	63387	479	0	64690
21045	503	73	621	63396	0	64593
21046	211	229	63940	752	0	65132
21047	61741	78	656	608	0	63083
21048	751	81	497	64342	0	65671
21049	64511	70	133	818	0	65532
21050	796	72	116	65264	0	66248
21051	581	211	67060	846	0	68698
21052	256	67	706	68267	0	69296
21053	69486	60	552	895	0	70993
21054	748	70965	308	724	0	72745
21055	624	835	70572	294	0	72325
21056	65984	503	734	311	0	67532
21057	768	71372	660	199	0	72999
21058	559	72170	219	227	0	73175
21059	216	77998	235	220	0	78669
21060	284	1387	96	82199	0	83966
21061	85156	615	136	1137	0	87044
21062	88850	144	121	804	0	89919
21063	1851	273	88259	255	0	90638
21064	86592	139	1161	268	0	88160
21065	1297	87038	907	211	0	89453
21066	922	1142	178	85863	0	88105
21067	91024	723	120	1326	0	93193
21068	92044	141	107	852	0	93144
21069	92762	124	133	280	0	93299
21070	91624	77	143	287	0	92131
21071	92591	111	137	244	0	93083
21072	2096	146	121	91216	0	93579
21073	1009	307	91302	1302	0	93920
21074	480	108	1188	92297	0	94073
21075	503	132	713	92628	0	93976
21076	92535	106	148	1990	0	94779
21077	1504	90722	308	958	0	93492
21078	92470	1245	110	333	0	94158
21079	93904	793	160	421	0	95278
21080	96771	171	172	481	0	97595
21081	97659	136	167	429	0	98391
21082	2366	287	95068	292	0	98013
21083	95101	163	1263	412	0	96939
21084	97204	168	809	342	0	98523
21085	85568	260	418	466	0	86712
21086	97521	140	172	291	0	98124
21087	2515	117	149	93612	0	96393
21088	1365	310	92005	1441	0	95121
21089	90377	97	1353	1077	0	92904
21090	1726	93417	1016	391	0	96550
21091	1376	1233	231	90392	0	93232
21092	648	95565	347	1366	0	97926
21093	642	1307	178	96438	0	98565
21094	97394	816	212	1623	0	100045
21095	98168	205	215	1056	0	99644
21096	98545	213	221	449	0	99428
21097	2544	371	92655	390	0	95960
21098	92340	243	1263	383	0	94229
21099	1804	427	92760	322	0	95313
21100	1387	382	92297	359	0	94425
21101	758	341	95052	344	0	96495
21102	910	443	2091	86200	0	89644
21103	787	166	933	92151	0	94037
21104	783	176	311	92517	0	93787
21105	727	176	308	92781	0	93992
21106	694	229	309	91178	0	92410
21107	693	217	322	90785	0	92017
21108	593	92028	464	2053	0	95138
21109	90323	1308	273	1134	0	93038
21110	1616	92511	454	615	0	95196
21111	1335	1377	252	92723	0	95687
21112	738	929	210	94424	0	96301
21113	92873	251	252	2335	0	95711
21114	1741	92759	394	1262	0	96156
21115	94044	1356	267	589	0	96256
21116	1985	904	304	93181	0	96374
21117	1526	319	284	93809	0	95938
21118	838	284	330	94418	0	95870
21119	781	504	92163	2408	0	95856
21120	809	300	1366	92194	0	94669
21121	742	482	90841	1741	0	93806
21122	814	395	88776	1276	0	91261
21123	888	444	94029	681	0	96042
21124	919	243	2041	92751	0	95954
21125	910	246	967	96279	0	98402
21126	864	267	369	98063	0	99563
21127	96994	262	372	2574	0	100202
21128	1945	268	411	100094	0	102718
21129	101109	226	434	2033	0	103802
21130	2088	100296	602	1497	0	104483
21131	105618	1560	320	948	0	108446
21132	109953	1048	305	968	0	112274
21133	3014	113387	536	781	0	117718
21134	115268	1609	234	889	0	118000
21135	114902	1084	362	854	0	117202
21136	117241	289	398	720	0	118648
21137	116828	241	450	669	0	118188
21138	3475	480	113854	612	0	118421
21139	1885	112686	1941	643	0	117155
21140	1173	1805	1244	111298	0	115520
21141	111145	1052	438	2078	0	114713
21142	2225	555	111373	1511	0	115664
21143	1650	109656	1798	734	0	113838
21144	1113	1484	1061	102333	0	105991
21145	787	108958	568	1703	0	112016
21146	882	1661	278	108690	0	111511
21147	901	1161	246	110054	0	112362
21148	932	625	109082	2411	0	113050
21149	840	535	107663	1218	0	110256
21150	97935	355	2359	746	0	101395
21151	1922	583	107799	500	0	110804
21152	1471	564	106130	516	0	108681
21153	935	315	2242	102753	0	106245
21154	838	288	1160	100763	0	103049
21155	594	103929	741	2298	0	107562
21156	645	110996	699	1386	0	113726
21157	667	2476	111346	593	0	115082
21158	920	1961	2094	113085	0	118060
21159	453	553	112327	1913	0	115246
21160	374	379	103119	1297	0	105169
21161	253	101963	2377	555	0	105148
21162	718	1440	1277	96456	0	99891
21163	98096	896	395	1365	0	100752
21164	1341	257	249	98836	0	100683
21165	99450	157	310	1508	0	101425
21166	98768	177	244	1106	0	100295
21167	99017	192	201	581	0	99991
21168	2201	438	97520	303	0	100462
21169	97267	189	1309	378	0	99143
21170	1619	157	917	99708	0	102401
21171	100643	118	338	1492	0	102591
21172	100325	132	245	1142	0	101844
21173	2113	99045	410	412	0	101980
21174	99497	1195	249	393	0	101334
21175	1522	1095	99657	407	0	102681
21176	95747	294	1255	407	0	97703
21177	97003	181	938	397	0	98519
21178	2047	98645	506	285	0	101483
21179	98248	1200	235	328	0	100011
21180	1571	895	253	93623	0	96342
21181	1189	307	306	92695	0	94497
21182	528	93481	447	1887	0	96343
21183	558	1200	228	94927	0	96913
21184	526	916	222	95552	0	97216
21185	456	587	93825	2047	0	96915
21186	443	458	92495	1258	0	94654
21187	88220	242	1993	643	0	91098
21188	92995	235	1063	476	0	94769
21189	2232	167	396	94236	0	97031
21190	1276	419	93914	1513	0	97122
21191	602	93349	1566	1097	0	96614
21192	581	1297	1038	92657	0	95573
21193	565	1149	94005	1443	0	97162
21194	88545	359	1429	1256	0	91589
21195	1646	248	1037	95486	0	98417
21196	1190	98214	640	1543	0	101587
21197	698	1507	373	99549	0	102127
21198	571	1088	391	101674	0	103724
21199	613	363	435	102970	0	104381
21200	99913	255	433	2774	0	103375
21201	1953	289	354	100013	0	102609
21202	100542	327	382	2028	0	103279
21203	100704	333	341	1563	0	102941
21204	2860	486	99937	777	0	104060
21205	1625	100864	1878	728	0	105095
21206	1064	1784	1269	87677	0	91794
21207	670	106673	696	1600	0	109639
21208	108393	1939	388	1267	0	111987
21209	2331	1300	411	108060	0	112102
21210	1718	632	107719	2083	0	112152
21211	765	519	107373	1692	0	110349
21212	679	559	108748	696	0	110682
21213	103662	357	3229	674	0	107922
21214	2299	107961	1814	675	0	112749
21215	108099	1942	602	662	0	111305
21216	2400	109708	776	593	0	113477
21217	1913	2111	572	106871	0	111467
21218	1020	1447	558	105362	0	108387
21219	758	109412	659	3178	0	114007
21220	896	2286	109187	1744	0	114113
21221	645	111490	2233	837	0	115205
21222	108032	2179	1442	795	0	112448
21223	2325	1490	510	104924	0	109249
21224	1630	739	103547	2350	0	108266
21225	768	640	103813	1666	0	106887
21226	852	539	3163	101614	0	106168
21227	727	606	101833	2106	0	105272
21228	714	545	98131	1481	0	100871
21229	90032	403	2952	741	0	94128
21230	1830	94447	1743	651	0	98671
21231	90435	1669	646	605	0	93355
21232	1972	1363	88838	507	0	92680
21233	1326	83958	2053	540	0	87877
21234	575	85715	1582	445	0	88317
21235	1148	2971	732	83216	0	88067
21236	563	1270	425	85003	0	87261
21237	521	506	406	87276	0	88709
21238	442	556	84981	2994	0	88973
21239	541	398	1763	85340	0	88042
21240	510	354	1260	87148	0	89272
21241	85714	292	465	3037	0	89508
21242	1866	84779	558	1804	0	89007
21243	1519	1827	358	86268	0	89972
21244	86135	1283	367	2139	0	89924
21245	85751	467	435	1631	0	88284
21246	3068	403	365	84725	0	88561
21247	1611	593	84855	2110	0	89169
21248	695	431	1884	85602	0	88612
21249	512	533	85766	2221	0	89032
21250	85083	312	2049	1690	0	89134
21251	91799	255	1530	786	0	94370
21252	3316	520	706	93976	0	98518
21253	1700	413	95417	2387	0	99917
21254	653	99145	2521	1921	0	104240
21255	667	2610	102086	700	0	106063
21256	892	2410	2591	84410	0	90303
21257	439	95522	1743	2022	0	99726
21258	90431	2099	388	1331	0	94249
21259	2249	1420	283	85151	0	89103
21260	1343	89354	607	2102	0	93406
21261	90725	2170	342	1435	0	94672
21262	2260	1358	397	88375	0	92390
21263	1386	90000	566	2247	0	94199
21264	599	2220	324	91140	0	94283
21265	398	1567	89553	2419	0	93937
21266	85673	415	2210	1636	0	89934
21267	88439	386	1425	585	0	90835
21268	3337	458	86916	462	0	91173
21269	1488	86217	2345	505	0	90555
21270	86575	2227	1503	434	0	90739
21271	2363	1394	444	85835	0	90036
21272	1648	431	392	86729	0	89200
21273	673	349	363	88733	0	90118
21274	551	306	373	88718	0	89948
21275	552	296	365	88165	0	89378
21276	84968	357	321	3624	0	89270
21277	87049	286	326	1857	0	89518
21278	3477	270	359	85432	0	89538
21279	1712	292	333	87356	0	89693
21280	590	423	84655	3650	0	89318
21281	462	445	85367	1886	0	88160
21282	82907	326	3295	791	0	87319
21283	2547	325	1480	84183	0	88535
21284	1618	417	83512	2541	0	88088
21285	678	271	2218	84579	0	87746
21286	84429	252	1481	2727	0	88889
21287	87256	224	545	1848	0	89873
21288	3528	264	426	85387	0	89605
21289	1843	242	440	87064	0	89589
21290	85896	204	429	3631	0	90160
21291	2509	269	415	84621	0	87814
21292	1634	85522	556	2606	0	90318
21293	830	2105	372	85077	0	88384
21294	741	1463	365	85304	0	87873
21295	643	523	82067	3441	0	86674
21296	625	368	79913	1803	0	82709
21297	480	80255	3194	904	0	84833
21298	77788	2093	1570	837	0	82288
21299	77639	1244	485	699	0	80067
21300	78851	318	338	733	0	80240
21301	3079	75775	517	734	0	80105
21302	1475	77717	566	687	0	80445
21303	74891	2701	399	690	0	78681
21304	2058	77148	543	708	0	80457
21305	1507	2023	74755	627	0	78912
21306	600	75807	2009	660	0	79076
21307	619	1950	71410	658	0	74637
21308	67163	1180	1741	625	0	70709
21309	70084	395	1113	558	0	72150
21310	2537	69604	533	580	0	73254
21311	71740	1721	273	559	0	74293
21312	78554	1083	302	574	0	80513
21313	80125	413	284	640	0	81462
21314	3348	369	335	77992	0	82044
21315	79405	345	287	2183	0	82220
21316	2476	437	76490	1524	0	80927
21317	77289	361	1832	781	0	80263
21318	2637	304	1262	77789	0	81992
21319	1751	418	77170	2148	0	81487
21320	966	469	77895	1551	0	80881
21321	866	400	2902	76972	0	81140
21322	800	274	1548	79165	0	81787
21323	78541	281	602	3210	0	82634
21324	2349	267	437	79616	0	82669
21325	1576	410	78436	2543	0	82965
21326	968	268	1943	76257	0	79436
21327	681	79720	1492	2424	0	84317
21328	80767	1753	569	1757	0	84846
21329	2274	1219	422	80988	0	84903
21330	1641	585	80022	2270	0	84518
21331	780	79513	2059	1739	0	84091
21332	77361	1739	1344	850	0	81294
21333	2237	1194	594	78171	0	82196
21334	1580	586	78747	2133	0	83046
21335	820	77600	2002	1535	0	81957
21336	77017	1828	1425	868	0	81138
21337	77106	1084	577	662	0	79429
21338	78355	463	413	642	0	79873
21339	3047	287	382	76004	0	79720
21340	1775	292	356	77433	0	79856
21341	75698	221	342	2734	0	78995
21342	1975	74977	434	1649	0	79035
21343	75889	1501	322	893	0	78605
21344	2207	1000	306	74923	0	78436
21345	77245	421	323	1978	0	79967
21346	2236	316	326	76155	0	79033
21347	1542	264	325	76804	0	78935
21348	1010	304	320	77696	0	79330
21349	1019	315	332	77921	0	79587
21350	752	336	72343	2711	0	76142
21351	621	369	66711	1378	0	69079
21352	57642	160	1719	826	0	60347
21353	1278	251	64363	584	0	66476
21354	760	252	57052	440	0	58504
21355	52979	174	1474	369	0	54996
21356	55645	128	1115	308	0	57196
21357	1334	158	401	58655	0	60548
21358	59747	86	294	840	0	60967
21359	1035	60229	307	649	0	62220
21360	61435	620	196	504	0	62755
21361	60865	477	176	365	0	61883
21362	62960	278	124	397	0	63759
21363	1435	212	147	61559	0	63353
21364	919	60726	223	722	0	62590
21365	586	62395	245	619	0	63845
21366	62289	962	165	406	0	63822
21367	63010	614	171	404	0	64199
21368	1198	320	169	62249	0	63936
21369	833	224	172	62046	0	63275
21370	492	61808	288	1113	0	63701
21371	61263	677	156	781	0	62877
21372	953	644	62034	500	0	64131
21373	799	281	594	60899	0	62573
21374	531	148	476	62901	0	64056
21375	355	230	62703	1203	0	64491
21376	373	157	655	61387	0	62572
21377	350	51071	665	1030	0	53116
21378	361	615	271	63430	0	64677
21379	365	485	228	62623	0	63701
21380	275	58936	293	1167	0	60671
21381	358	63380	227	833	0	64798
21382	327	927	131	63186	0	64571
21383	62882	546	151	1011	0	64590
21384	716	344	147	63819	0	65026
21385	647	223	176	64087	0	65133
21386	407	63850	305	1080	0	65642
21387	411	588	232	65762	0	66993
21388	400	446	184	65536	0	66566
21389	363	223	185	66044	0	66815
21390	63811	145	159	1330	0	65445
21391	807	177	113	64600	0	65697
21392	672	157	100	64114	0	65043
21393	478	187	82	64578	0	65325
21394	403	250	61508	1291	0	63452
21395	52583	159	562	1075	0	54379
21396	774	61539	538	609	0	63460
21397	62155	526	217	463	0	63361
21398	869	449	162	61941	0	63421
21399	629	383	61052	744	0	62808
21400	52378	222	608	794	0	54002
21401	829	394	71751	443	0	73417
21402	681	196	680	71285	0	72842
21403	74415	121	520	774	0	75830
21404	73306	116	295	626	0	74343
21405	76166	109	186	566	0	77027
21406	1110	135	143	75775	0	77163
21407	832	122	121	76824	0	77899
21408	511	188	145	77087	0	77931
21409	321	73314	216	1149	0	75000
21410	282	73539	173	784	0	74778
21411	232	72912	192	553	0	73889
21412	92	67654	125	138	0	68009
21413	199	194	33	68451	0	68877
21414	116	104	26	69129	0	69375
21415	67399	25	23	294	0	67741
21416	66828	27	49	205	0	67109
21417	68549	31	35	257	0	68872
21418	237	35	40	68592	0	68904
21419	149	27	38	69657	0	69871
21420	67785	27	33	333	0	68178
21421	65649	50	59	294	0	66052
21422	252	219	67568	103	0	68142
21423	180	214	64315	106	0	64815
21424	80	201	67162	78	0	67521
21425	115	233	70016	96	0	70460
21426	99	33	191	69612	0	69935
21427	70141	34	106	280	0	70561
21428	153	70345	139	252	0	70889
21429	173	152	18	72387	0	72730
21430	111	320	73420	228	0	74079
21431	74	77408	209	277	0	77968
21432	92	144	79	79104	0	79419
21433	106	374	77872	225	0	78577
21434	122	70	145	76313	0	76650
21435	100	50	105	78545	0	78800
21436	79013	36	35	372	0	79456
21437	188	43	37	80033	0	80301
21438	172	294	79981	236	0	80683
21439	128	59	129	79459	0	79775
21440	93	85274	269	255	0	85891
21441	143	157	52	89701	0	90053
21442	99	105	50	90477	0	90731
21443	94	61	58	89989	0	90202
21444	90759	36	40	434	0	91269
21445	90215	42	60	379	0	90696
21446	91860	37	54	326	0	92277
21447	91697	51	47	303	0	92098
21448	307	289	91465	91	0	92152
21449	87468	54	166	253	0	87941
21450	91943	38	123	293	0	92397
21451	278	289	91379	157	0	92103
21452	172	289	95918	176	0	96555
21453	165	67	203	96398	0	96833
21454	66	98690	247	205	0	99208
21455	101466	120	45	376	0	102007
21456	103957	94	50	368	0	104469
21457	104271	45	50	400	0	104766
21458	247	40	44	104009	0	104340
21459	160	107467	277	219	0	108123
21460	111982	127	35	423	0	112567
21461	113026	115	69	330	0	113540
21462	293	73	45	112438	0	112849
21463	179	382	110150	574	0	111285
21464	109247	56	183	363	0	109849
21465	237	59	148	116010	0	116454
21466	117484	42	60	511	0	118097
21467	267	49	48	119184	0	119548
21468	191	416	118904	299	0	119810
21469	124279	51	207	586	0	125123
21470	286	42	127	129855	0	130310
21471	260	56	69	130548	0	130933
21472	154	78	52	130782	0	131066
21473	134	42	50	130438	0	130664
21474	131741	41	40	592	0	132414
21475	244	53	28	131501	0	131826
21476	236	130167	258	289	0	130950
21477	197	190	45	133022	0	133454
21478	84	132824	286	336	0	133530
21479	155	253	40	135068	0	135516
21480	139	176	51	135172	0	135538
21481	67	133604	287	489	0	134447
21482	164	232	47	135755	0	136198
21483	116	187	55	135093	0	135451
21484	133468	54	63	685	0	134270
21485	321	519	134824	339	0	136003
21486	334	69	297	137124	0	137824
21487	138259	47	232	643	0	139181
21488	136695	74	84	540	0	137393
21489	137534	64	74	391	0	138063
21490	707	491	139115	200	0	140513
21491	470	511	140569	153	0	141703
21492	254	209	775	144920	0	146158
21493	147559	45	481	797	0	148882
21494	583	431	147339	529	0	148882
21495	138685	100	548	523	0	139856
21496	572	151364	678	236	0	152850
21497	638	485	127	160718	0	161968
21498	240	451	105	164964	0	165760
21499	165973	98	86	1285	0	167442
21500	604	83	87	167920	0	168694
21501	159715	70	80	1017	0	160882
21502	161597	82	93	909	0	162681
21503	995	130	69	160845	0	162039
21504	607	65	69	161663	0	162404
21505	160073	45	59	1320	0	161497
21506	722	656	166242	625	0	168245
21507	160543	84	601	784	0	162012
21508	773	641	173871	211	0	175496
21509	172477	77	625	606	0	173785
21510	185347	49	445	742	0	186583
21511	183453	65	174	555	0	184247
21512	182079	53	111	523	0	182766
21513	1076	182579	487	287	0	184429
21514	187136	528	124	656	0	188444
21515	187793	419	91	527	0	188830
21516	1073	197384	519	283	0	199259
21517	198898	577	93	682	0	200250
21518	832	1188	196324	179	0	198523
21519	189948	171	644	714	0	191477
21520	955	836	199856	318	0	201965
21521	840	124	723	199946	0	201633
21522	473	79	544	203410	0	204506
21523	352	857	202627	1356	0	205192
21524	393	126	778	202048	0	203345
21525	956	1091	1339	163433	0	166819
21526	212984	87	198	1883	0	215152
21527	1102	84	180	215294	0	216660
21528	946	125	158	214688	0	215917
21529	446	111	122	215661	0	216340
21530	281	210651	683	1778	0	213393
21531	342	873	126	211657	0	212998
21532	208736	687	132	1647	0	211202
21533	1223	823	212053	1223	0	215322
21534	1108	125	1098	215470	0	217801
21535	441	866	215879	1545	0	218731
21536	207172	143	1369	1430	0	210114
21537	1587	124	906	226604	0	229221
21538	1295	1042	281940	2195	0	286472
21539	831	164	3883	284062	0	288940
21540	611	177	2808	282618	0	286214
21541	392	286182	1795	6778	0	295147
21542	648	3871	553	296445	0	301517
21543	669	2840	351	314452	0	318312
21544	522	1985	311794	8469	0	322770
21545	696	522	4924	311530	0	317672
21546	813	299	3421	316727	0	321260
21547	308865	268	1273	9069	0	319475
21548	306850	357	799	5434	0	313440
21549	7884	309926	1148	2451	0	321409
21550	315297	4883	528	1980	0	322688
21551	313884	3465	647	1894	0	319890
21552	8579	322970	1391	1735	0	334675
21553	5167	5251	427	322352	0	333197
21554	326146	3634	433	6315	0	336528
21555	326671	1487	467	4694	0	333319
21556	320995	813	440	2622	0	324870
21557	9588	316258	1209	1768	0	328823
21558	5622	5907	321800	1484	0	334813
21559	325207	3723	5265	1874	0	336069
21560	333030	1565	3597	1734	0	339926
21561	10256	334433	2025	1359	0	348073
21562	339269	6340	728	1533	0	347870
21563	343124	4474	617	1541	0	349756
21564	11674	1692	622	337836	0	351824
21565	6686	2198	342307	7001	0	358192
21566	3351	943	6186	348827	0	359307
21567	2651	794	4347	351564	0	359356
21568	2547	758	1600	357464	0	362369
21569	2209	1698	340400	12013	0	356320
21570	2620	972	6715	330803	0	341110
21571	2056	804	4689	346108	0	353657
21572	2129	663	1844	350088	0	354724
21573	2227	612	1105	352300	0	356244
21574	2081	732	771	350405	0	353989
21575	1553	342882	1619	13678	0	359732
21576	2089	6542	827	350408	0	359866
21577	1758	4492	900	360866	0	368016
21578	1376	2553	350564	13336	0	367829
21579	1830	951	7173	381834	0	391788
21580	1945	833	4921	390017	0	397716
21581	2022	890	1887	407230	0	412029
21582	2067	904	1447	415609	0	420027
21583	403160	940	1381	18349	0	423830
21584	10538	1027	1013	413736	0	426314
21585	7649	1413	902	417360	0	427324
21586	3607	2407	399333	18041	0	423388
21587	2775	388109	9749	11546	0	412179
21588	2075	406865	7648	6720	0	423308
21589	396156	13735	3118	5598	0	418607
21590	9440	403622	2825	5569	0	421456
21591	7570	10399	1522	394884	0	414375
21592	391225	6733	1391	13335	0	412684
21593	10519	3869	393978	10418	0	418784
21594	7828	2238	9677	387903	0	407646
21595	3702	396380	7584	13393	0	421059
21596	3449	9953	2714	386017	0	402133
21597	2239	397561	2776	14249	0	416825
21598	2777	11339	1435	399162	0	414713
21599	391577	7700	1401	14862	0	415540
21600	11298	4580	400073	11323	0	427274
21601	8692	2935	10375	375692	0	397694
21602	3917	399729	8625	13361	0	425632
21603	398130	10925	3327	10841	0	423223
21604	11540	8714	395911	7413	0	423578
21605	9151	3535	10402	394446	0	417534
21606	4582	3319	389534	14918	0	412353
21607	4250	2006	12135	390004	0	408395
21608	3196	2954	384091	16186	0	406427
21609	3241	2149	12576	374367	0	392333
21610	3001	2207	8836	381600	0	395644
21611	368504	2261	3999	20764	0	395528
21612	377852	2343	2711	12951	0	395857
21613	18194	2271	2533	363112	0	386110
21614	10027	366280	3470	14818	0	394595
21615	5132	11333	2173	372749	0	391387
21616	4491	8138	2211	369691	0	384531
21617	352503	3360	2499	21479	0	379841
21618	11318	354532	3355	14239	0	383444
21619	357231	11521	2186	8480	0	379418
21620	353845	8576	1974	7475	0	371870
21621	17314	345183	2983	7230	0	372710
21622	9957	359560	3186	7469	0	380172
21623	348940	16522	2201	7926	0	375589
21624	12929	10054	343226	7946	0	374155
21625	343361	4355	10913	7665	0	366294
21626	345823	3493	7706	7446	0	364468
21627	19086	337148	4527	6888	0	367649
21628	12339	11927	3070	294302	0	321638
21629	5524	341152	4131	14267	0	365074
21630	336279	13169	3561	11556	0	364565
21631	344069	9705	3403	7529	0	364706
21632	18946	5678	3128	329016	0	356768
21633	12193	4838	2787	340678	0	360496
21634	319844	4274	2351	20663	0	347132
21635	13092	322773	3103	14038	0	353006
21636	10731	321116	3038	8789	0	343674
21637	6115	320327	3831	7043	0	337316
21638	3577	254137	2467	5565	0	265746
21639	3159	257796	2674	5513	0	269142
21640	5130	14934	2623	241964	0	264651
21641	3652	8268	235356	10673	0	257949
21642	3370	236043	7465	8390	0	255268
21643	217682	9017	4948	4472	0	236119
21644	9343	6690	2348	215723	0	234104
21645	217074	3930	1872	8906	0	231782
21646	8609	214449	2655	7039	0	232752
21647	216515	8116	2229	4323	0	231183
21648	9046	217050	3386	3744	0	233226
21649	7521	8559	2627	215113	0	233820
21650	215483	5885	2610	8882	0	232860
21651	219936	3404	2532	7369	0	233241
21652	12064	2888	2379	215876	0	233207
21653	7837	2946	2004	215484	0	228271
21654	4720	211417	2364	12483	0	230984
21655	5089	7674	1456	215577	0	229796
21656	4836	5933	1188	217663	0	229620
21657	4815	4138	1094	215000	0	225047
21658	4008	202876	1590	13184	0	221658
21659	187769	6979	1028	7807	0	203583
21660	7433	192509	1411	5097	0	206450
21661	186889	7594	941	4001	0	199425
21662	8108	187253	1488	3572	0	200421
21663	7050	7871	178927	3263	0	197111
21664	4606	6388	5474	176980	0	193448
21665	3781	3932	173415	6670	0	187798
21666	3565	3511	171262	4961	0	183299
21667	3881	3225	8279	167287	0	182672
21668	3639	2971	169767	6545	0	182922
21669	4075	2506	6343	166010	0	178934
21670	4090	2387	4583	167994	0	179054
21671	3966	2486	2105	172554	0	181111
21672	166324	2509	1590	10083	0	180506
21673	7523	2548	1338	168386	0	179795
21674	6596	2171	1025	168795	0	178587
21675	158883	1976	929	9864	0	171652
21676	7207	155951	1151	6798	0	171107
21677	5474	150444	856	4363	0	161137
21678	3688	153261	907	3413	0	161269
21679	2741	11535	791	113945	0	129012
21680	1984	3469	114147	4375	0	123975
21681	93163	2694	3243	2962	0	102062
21682	3163	97914	1966	1352	0	104395
21683	92184	3031	668	1117	0	97000
21684	91654	2253	353	862	0	95122
21685	92674	1321	362	695	0	95052
21686	4042	1385	90562	726	0	96715
21687	2618	1148	2076	90247	0	96089
21688	1645	968	1567	92639	0	96819
21689	1545	838	664	93958	0	97005
21690	1481	846	535	90666	0	93528
21691	1156	88259	687	3796	0	93898
21692	87225	2219	460	2335	0	92239
21693	2371	1765	82793	1229	0	88158
21694	78484	674	1534	1076	0	81768
21695	2430	1677	1127	73779	0	79013
21696	1732	73249	465	2036	0	77482
21697	934	75262	341	1671	0	78208
21698	1170	5416	450	64885	0	71921
21699	611	67906	471	1514	0	70502
21700	56615	970	233	972	0	58790
21701	883	924	54963	431	0	57201
21702	752	412	561	51515	0	53240
21703	306	219	456	53240	0	54221
21704	248	207	188	54031	0	54674
21705	327	251	113	54033	0	54724
21706	53497	237	136	1128	0	54998
21707	691	55383	203	745	0	57022
21708	62439	683	117	440	0	63679
21709	1067	605	131	63535	0	65338
21710	885	258	157	65415	0	66715
21711	323	45602	219	24295	0	70439
21712	70112	778	133	1423	0	72446
21713	71924	634	145	832	0	73535
21714	2064	71541	279	459	0	74343
21715	1260	1258	134	65698	0	68350
21716	411	70539	282	1274	0	72506
21717	68844	1356	225	1093	0	71518
21718	1416	1241	69867	460	0	72984
21719	1146	505	68582	373	0	70606
21720	64324	272	1996	422	0	67014
21721	1288	68261	1251	343	0	71143
21722	1112	1247	343	68208	0	70910
21723	454	1033	205	69223	0	70915
21724	286	506	68618	2219	0	71629
21725	332	245	1183	68710	0	70470
21726	294	222	993	69044	0	70553
21727	216	67316	416	2226	0	70174
21728	299	1212	196	68155	0	69862
21729	303	1036	187	67840	0	69366
21730	65507	375	160	2323	0	68365
21731	1242	64822	258	1372	0	67694
21732	1037	65639	280	586	0	67542
21733	477	2017	165	64717	0	67376
21734	329	1124	147	66085	0	67685
21735	302	393	124	65919	0	66738
21736	230	64680	220	2279	0	67409
21737	265	1288	119	66277	0	67949
21738	277	1028	103	65786	0	67194
21739	292	342	96	66672	0	67402
21740	301	308	130	65360	0	66099
21741	241	62308	242	2409	0	65200
21742	215	65951	207	1456	0	67829
21743	64261	1937	99	631	0	66928
21744	64504	1144	110	527	0	66285
21745	2133	426	85	64324	0	66968
21746	1226	443	64206	1494	0	67369
21747	490	336	1168	64813	0	66807
21748	369	286	913	64373	0	65941
21749	62296	272	243	2321	0	65132
21750	1333	63828	280	1392	0	66833
21751	1169	1308	145	63602	0	66224
21752	539	1056	124	64754	0	66473
21753	334	542	62929	2303	0	66108
21754	363	462	63554	1429	0	65808
21755	361	316	1971	63057	0	65705
21756	310	331	1155	61372	0	63168
21757	302	61858	533	2230	0	64923
21758	285	63688	371	1373	0	65717
21759	62328	1977	257	747	0	65309
21760	1384	1191	221	63650	0	66446
21761	977	566	63487	1564	0	66594
21762	367	62848	1237	1318	0	65770
21763	340	1201	937	63917	0	66395
21764	63467	1018	314	1646	0	66445
21765	1224	469	188	64297	0	66178
21766	62947	363	195	1704	0	65209
21767	1318	63021	281	1356	0	65976
21768	62164	1307	126	766	0	64363
21769	1423	1136	152	63256	0	65967
21770	1144	691	65681	1609	0	69125
21771	513	440	1303	65159	0	67415
21772	320	68765	1144	1804	0	72033
21773	424	1612	324	68105	0	70465
21774	280	72452	366	1882	0	74980
21775	358	1726	185	74875	0	77144
21776	327	1467	72585	2198	0	76577
21777	287	679	71357	1788	0	74111
21778	274	575	73253	1031	0	75133
21779	69888	445	2625	915	0	73873
21780	1580	71675	1584	766	0	75605
21781	1374	74095	657	673	0	76799
21782	72486	2638	292	766	0	76182
21783	73268	1506	312	714	0	75800
21784	2745	637	282	72604	0	76268
21785	1511	615	72693	2127	0	76946
21786	665	572	70432	1822	0	73491
21787	547	353	2612	70108	0	73620
21788	70137	367	1510	2124	0	74138
21789	1621	70186	631	1772	0	74210
21790	1387	1708	350	70828	0	74273
21791	70536	1330	359	2241	0	74466
21792	70643	477	360	1856	0	73336
21793	2557	529	70361	987	0	74434
21794	66177	424	1656	913	0	69170
21795	1894	598	71717	760	0	74969
21796	1503	570	72566	701	0	75340
21797	734	404	2632	69435	0	73205
21798	555	327	1502	71222	0	73606
21799	567	425	599	73060	0	74651
21800	431	635	70546	3111	0	74723
21801	69252	434	1704	1970	0	73360
21802	1882	419	1267	73450	0	77018
21803	72436	360	494	2284	0	75574
21804	71774	421	396	1858	0	74449
21805	2781	72575	575	934	0	76865
21806	1600	74272	618	861	0	77351
21807	639	74003	579	771	0	75992
21808	557	2521	431	64621	0	68130
21809	400	1315	64628	1509	0	67852
21810	461	2737	1335	57834	0	62367
21811	367	59996	1129	1348	0	62840
21812	325	59273	482	966	0	61046
21813	416	1739	283	57056	0	59494
21814	56231	846	277	1173	0	58527
21815	1090	56056	392	925	0	58463
21816	803	56649	368	393	0	58213
21817	57210	1653	214	493	0	59570
21818	1222	866	187	57389	0	59664
21819	920	313	171	57893	0	59297
21820	432	226	194	59165	0	60017
21821	56812	182	212	1931	0	59137
21822	57635	175	196	1068	0	59074
21823	1911	182	224	57258	0	59575
21824	1046	292	55862	1261	0	58461
21825	55242	194	1143	981	0	57560
21826	1289	168	849	56917	0	59223
21827	947	281	56387	1341	0	58956
21828	387	264	56461	1034	0	58146
21829	378	168	1812	57513	0	59871
21830	343	287	60707	1401	0	62738
21831	378	191	1319	65303	0	67191
21832	417	243	1002	65116	0	66778
21833	391	202	357	70003	0	70953
21834	68060	259	275	2614	0	71208
21835	1575	318	241	69137	0	71271
21836	1250	296	249	69679	0	71474
21837	490	317	284	70293	0	71384
21838	432	305	295	70619	0	71651
21839	373	426	67042	2642	0	70483
21840	313	67124	1529	1623	0	70589
21841	340	1480	1050	66181	0	69051
21842	382	1178	379	63800	0	65739
21843	281	64078	435	2275	0	67069
21844	294	66841	450	1346	0	68931
21845	65402	2111	258	756	0	68527
21846	1402	65194	400	551	0	67547
21847	1160	1572	268	63895	0	66895
21848	501	1199	64334	1615	0	67649
21849	61110	366	1292	1379	0	64147
21850	1511	451	62969	663	0	65594
21851	61675	232	1461	682	0	64050
21852	62846	173	1068	616	0	64703
21853	2390	271	62771	575	0	66007
21854	1384	184	1495	58754	0	61817
21855	544	61840	1232	1725	0	65341
21856	533	1305	474	65184	0	67496
21857	66701	962	422	1931	0	70016
21858	67872	320	380	1524	0	70096
21859	2416	67490	498	823	0	71227
21860	68527	1408	329	872	0	71136
21861	1796	1031	331	66250	0	69408
21862	66637	310	343	2039	0	69329
21863	67735	279	339	1628	0	69981
21864	2642	279	231	66885	0	70037
21865	67105	261	238	2131	0	69735
21866	63338	300	307	1725	0	65670
21867	2311	462	65296	954	0	69023
21868	63478	410	1402	896	0	66186
21869	1846	471	64713	760	0	67790
21870	1174	388	60781	626	0	62969
21871	468	61731	2090	692	0	64981
21872	503	1267	1101	58009	0	60880
21873	386	993	58961	1316	0	61656
21874	352	439	56998	1046	0	58835
21875	56632	340	1638	513	0	59123
21876	1240	225	854	57302	0	59621
21877	936	200	394	58989	0	60519
21878	436	233	273	60027	0	60969
21879	420	271	221	60201	0	61113
21880	455	250	187	61054	0	61946
21881	457	332	59190	2031	0	62010
21882	472	325	59442	1142	0	61381
21883	513	214	1679	59656	0	62062
21884	58911	208	898	1439	0	61456
21885	1217	58499	441	1162	0	61319
21886	1104	1053	274	58323	0	60754
21887	58384	712	252	1456	0	60804
21888	1332	58305	409	1117	0	61163
21889	1139	1086	289	58429	0	60943
21890	591	782	236	59409	0	61018
21891	540	228	307	59874	0	60949
21892	58205	183	272	2147	0	60807
21893	1285	291	57508	1306	0	60390
21894	57224	162	1229	685	0	59300
21895	1419	217	904	57788	0	60328
21896	1048	159	405	55509	0	57121
21897	434	56360	487	2002	0	59283
21898	435	1085	56123	1247	0	58890
21899	54263	741	1154	809	0	56967
21900	56783	259	919	750	0	58711
21901	1864	343	55926	692	0	58825
21902	52749	205	1110	729	0	54793
21903	1289	55299	972	670	0	58230
21904	981	56017	451	625	0	58074
21905	418	56493	495	522	0	57928
21906	53338	1651	405	536	0	55930
21907	1238	993	54001	528	0	56760
21908	984	784	1030	50655	0	53453
21909	398	51094	856	1067	0	53415
21910	380	51671	384	935	0	53370
21911	406	51860	334	416	0	53016
21912	695	1950	305	41813	0	44763
21913	48364	661	177	1103	0	50305
21914	915	49094	291	892	0	51192
21915	794	801	178	49078	0	50851
21916	428	599	190	49882	0	51099
21917	48059	234	263	1404	0	49960
21918	1086	182	203	48329	0	49800
21919	828	147	210	49242	0	50427
21920	394	291	48071	1470	0	50226
21921	417	243	780	48198	0	49638
21922	391	165	639	49506	0	50701
21923	48422	149	250	1425	0	50246
21924	48770	174	200	798	0	49942
21925	1451	133	208	48667	0	50459
21926	46801	165	185	1095	0	48246
21927	47453	205	185	801	0	48644
21928	1335	47694	278	394	0	49701
21929	761	877	46415	369	0	48422
21930	442	44961	894	299	0	46596
21931	693	1509	532	38735	0	41469
21932	37530	385	351	577	0	38843
21933	448	37431	149	404	0	38432
21934	382	416	97	37255	0	38150
21935	37057	300	109	532	0	37998
21936	36942	121	94	392	0	37549
21937	680	118	75	36898	0	37771
21938	352	189	37765	527	0	38833
21939	197	90	373	38220	0	38880
21940	171	90	270	39107	0	39638
21941	132	180	38769	794	0	39875
21942	182	72	405	38449	0	39108
21943	164	90	304	39095	0	39653
21944	40045	64	97	812	0	41018
21945	465	80	77	40497	0	41119
21946	342	90	69	40745	0	41246
21947	39821	88	83	773	0	40765
21948	39387	72	96	468	0	40023
21949	39657	87	96	254	0	40094
21950	751	188	39211	208	0	40358
21951	426	146	413	37955	0	38940
21952	161	40006	326	499	0	40992
21953	186	445	81	41056	0	41768
21954	196	397	41445	552	0	42590
21955	250	242	418	38789	0	39699
21956	160	184	39822	469	0	40635
21957	35664	115	433	319	0	36531
21958	37076	64	257	188	0	37585
21959	479	41	67	37872	0	38459
21960	257	53	42	37799	0	38151
21961	144	41	37	37214	0	37436
21962	75	38641	150	496	0	39362
21963	38301	270	44	358	0	38973
21964	38991	189	50	244	0	39474
21965	504	74	30	38781	0	39389
21966	289	66	38	38769	0	39162
21967	144	38	39	39131	0	39352
21968	127	36	60	39206	0	39429
21969	108	140	38430	571	0	39249
21970	144	52	271	38530	0	38997
21971	37386	33	200	442	0	38061
21972	37279	46	61	349	0	37735
21973	487	42	45	36567	0	37141
21974	261	144	35473	386	0	36264
21975	33744	45	269	358	0	34416
21976	367	66	206	35343	0	35982
21977	236	35100	125	347	0	35808
21978	80	36433	127	268	0	36908
21979	37128	409	127	219	0	37883
21980	347	215	29	37988	0	38579
21981	238	63	35	38866	0	39202
21982	118	40	30	40677	0	40865
21983	105	32	36	41215	0	41388
21984	106	33	24	43541	0	43704
21985	88	161	43057	783	0	44089
21986	85	167	42433	447	0	43132
21987	81	153	43240	183	0	43657
21988	92	28	777	42702	0	43599
21989	77	167	44413	557	0	45214
21990	112	34	515	44065	0	44726
21991	121	50	377	44685	0	45233
21992	111	29	105	46515	0	46760
21993	47285	19	107	1068	0	48479
21994	566	45	96	47715	0	48422
21995	438	28	94	48719	0	49279
21996	48142	31	98	1027	0	49298
21997	560	48810	181	591	0	50142
21998	398	50727	206	228	0	51559
21999	50651	876	71	264	0	51862
22000	615	52286	161	239	0	53301
22001	52380	605	51	252	0	53288
22002	52700	425	56	252	0	53433
22003	52587	89	49	281	0	53006
22004	51818	89	57	238	0	52202
22005	52211	74	45	216	0	52546
22006	1074	51599	162	179	0	53014
22007	51847	634	50	217	0	52748
22008	51819	455	76	228	0	52578
22009	1109	53026	156	181	0	54472
22010	57768	641	68	227	0	58704
22011	58757	471	68	233	0	59529
22012	64529	105	42	234	0	64910
22013	67557	102	60	232	0	67951
22014	2201	231	70524	286	0	73242
22015	1218	117	1438	74297	0	77070
22016	508	129	909	77540	0	79086
22017	356	312	76188	2588	0	79444
22018	327	301	75536	1308	0	77472
22019	74753	129	2606	395	0	77883
22020	1893	118	1182	77344	0	80537
22021	1278	251	78306	1757	0	81592
22022	475	313	78042	1188	0	80018
22023	76798	88	2720	425	0	80031
22024	79777	85	1274	358	0	81494
22025	80496	99	361	346	0	81302
22026	2991	300	79443	269	0	83003
22027	1597	85	1767	79054	0	82503
22028	586	231	80986	1761	0	83564
22029	77508	84	1935	1328	0	80855
22030	2039	231	82451	394	0	85115
22031	1495	105	2042	79800	0	83442
22032	704	159	1350	77768	0	79981
22033	430	82359	606	2692	0	86087
22034	83174	1759	314	1461	0	86708
22035	2093	1266	83640	506	0	87505
22036	82911	252	2080	485	0	85728
22037	2306	307	86664	383	0	89660
22038	1625	121	2231	83361	0	87338
22039	725	112	1460	85567	0	87864
22040	583	118	584	86678	0	87963
22041	84344	98	423	3274	0	88139
22042	2333	121	421	84167	0	87042
22043	1749	116	377	84205	0	86447
22044	634	82311	564	3163	0	86672
22045	645	1792	411	83980	0	86828
22046	80733	1120	439	2491	0	84783
22047	2307	474	82253	1577	0	86611
22048	1758	146	2099	81359	0	85362
22049	761	298	82650	2301	0	86010
22050	608	79803	2507	1695	0	84613
22051	635	1942	82189	736	0	85502
22052	79166	1214	2470	819	0	83669
22053	82062	306	1651	666	0	84685
22054	3302	173	790	80024	0	84289
22055	81352	153	723	2434	0	84662
22056	81708	151	741	1741	0	84341
22057	3484	150	718	80813	0	85165
22058	2045	171	708	82518	0	85442
22059	996	249	80777	3356	0	85378
22060	835	79965	2492	1837	0	85129
22061	79709	1821	1685	939	0	84154
22062	2438	79432	890	760	0	83520
22063	1996	2025	671	78297	0	82989
22064	1135	1292	577	79647	0	82651
22065	1037	387	678	80502	0	82604
22066	933	275	644	80691	0	82543
22067	689	477	77478	3646	0	82290
22068	73828	270	2343	2141	0	78582
22069	79147	239	1708	1010	0	82104
22070	3524	243	791	77642	0	82200
22071	78626	229	640	2628	0	82123
22072	2674	304	536	79323	0	82837
22073	1875	433	77873	2758	0	82939
22074	1126	326	2255	76401	0	80108
22075	968	77184	1793	2569	0	82514
22076	960	1833	762	74920	0	78475
22077	769	77578	806	2608	0	81761
22078	880	1986	559	71892	0	75317
22079	683	75585	689	2585	0	79542
22080	72612	1961	508	2015	0	77096
22081	2212	1400	73346	1279	0	78237
22082	1582	69750	2117	1122	0	74571
22083	795	71660	1600	1020	0	75075
22084	1191	2696	1012	68058	0	72957
22085	926	1230	605	68560	0	71321
22086	843	430	595	69146	0	71014
22087	871	339	621	69083	0	70914
22088	634	66978	824	3226	0	71662
22089	849	1763	590	67443	0	70645
22090	849	1150	557	68052	0	70608
22091	65696	483	541	3043	0	69763
22092	2269	354	404	66919	0	69946
22093	1572	494	64475	2459	0	69000
22094	878	437	63375	1808	0	66498
22095	58715	313	2473	1263	0	62764
22096	1895	62702	1395	1078	0	67070
22097	1268	63724	669	1023	0	66684
22098	907	2371	550	60617	0	64445
22099	632	1254	423	62182	0	64491
22100	542	699	59263	2882	0	63386
22101	55338	502	1601	1746	0	59187
22102	59273	436	1065	1118	0	61892
22103	2437	480	61099	1069	0	65085
22104	1272	427	60170	1079	0	62948
22105	59301	269	2364	1061	0	62995
22106	62943	259	1198	982	0	65382
22107	63287	290	527	836	0	64940
22108	62757	247	403	819	0	64226
22109	2642	59342	455	759	0	63198
22110	55653	1362	288	732	0	58035
22111	1648	966	52859	722	0	56195
22112	804	381	47591	561	0	49337
22113	401	323	47865	502	0	49091
22114	809	3249	1645	36497	0	42200
22115	36386	86	697	445	0	37614
22116	36339	66	86	296	0	36787
22117	495	77	83	36294	0	36949
22118	283	80	77	35391	0	35831
22119	127	70	76	36559	0	36832
22120	119	38226	171	508	0	39024
22121	38570	295	62	374	0	39301
22122	38696	207	52	218	0	39173
22123	39024	67	52	204	0	39347
22124	38911	69	66	206	0	39252
22125	38956	57	61	212	0	39286
22126	501	71	93	37498	0	38163
22127	248	37173	162	390	0	37973
22128	204	330	71	35638	0	36243
22129	165	257	56	36179	0	36657
22130	35092	62	61	427	0	35642
22131	282	149	34710	228	0	35369
22132	155	116	33411	102	0	33784
22133	97	132	33375	116	0	33720
22134	34500	42	278	149	0	34969
22135	36568	30	239	139	0	36976
22136	243	30	64	37654	0	37991
22137	142	28	37	37053	0	37260
22138	83	35	31	37960	0	38109
22139	50	137	38018	291	0	38496
22140	80	32	164	37175	0	37451
22141	71	146	40134	237	0	40588
22142	87	21	169	39984	0	40261
22143	71	30	116	40419	0	40636
22144	58	25	29	41237	0	41349
22145	41024	16	42	354	0	41436
22146	40896	34	38	282	0	41250
22147	273	145	41646	94	0	42158
22148	40470	33	179	153	0	40835
22149	41910	21	120	135	0	42186
22150	287	16	36	42185	0	42524
22151	43034	14	49	282	0	43379
22152	215	16	37	43598	0	43866
22153	179	15	39	43849	0	44082
22154	78	131	43125	345	0	43679
22155	39667	33	193	224	0	40117
22156	224	20	132	43528	0	43904
22157	180	159	44150	243	0	44732
22158	103	149	45403	216	0	45871
22159	107	25	289	44847	0	45268
22160	84	24	170	45883	0	46161
22161	46431	5	58	428	0	46922
22162	221	17	56	46963	0	47257
22163	195	9	45	47071	0	47320
22164	86	16	55	47787	0	47944
22165	100	13	54	50554	0	50721
22166	52293	12	56	628	0	52989
22167	52492	18	64	387	0	52961
22168	54299	14	52	231	0	54596
22169	55482	21	61	245	0	55809
22170	810	28	43	57783	0	58664
22171	58764	13	45	695	0	59517
22172	694	11	50	58833	0	59588
22173	59645	13	49	769	0	60476
22174	789	27	56	59550	0	60422
22175	527	31	48	58380	0	58986
22176	184	58877	141	1458	0	60660
22177	190	593	51	59773	0	60607
22178	58919	347	57	854	0	60177
22179	57908	91	46	657	0	58702
22180	1081	177	59557	241	0	61056
22181	488	59912	717	234	0	61351
22182	60017	616	426	312	0	61371
22183	692	61867	241	172	0	62972
22184	61552	678	79	260	0	62569
22185	767	64922	182	232	0	66103
22186	562	806	65252	233	0	66853
22187	196	66821	745	185	0	67947
22188	177	67635	534	216	0	68562
22189	232	1072	97	68611	0	70012
22190	70160	506	78	900	0	71644
22191	826	156	57	70596	0	71635
22192	590	132	44	71127	0	71893
22193	70170	77	74	1320	0	71641
22194	72064	94	63	794	0	73015
22195	1237	123	52	72336	0	73748
22196	702	84	62	72655	0	73503
22197	347	68	53	73057	0	73525
22198	70699	57	79	1399	0	72234
22199	890	275	71340	724	0	73229
22200	683	81	685	71497	0	72946
22201	320	258	73355	969	0	74902
22202	224	71850	874	757	0	73705
22203	288	897	70543	353	0	72081
22204	249	507	769	69789	0	71314
22205	232	356	70533	925	0	72046
22206	67416	124	908	743	0	69191
22207	887	123	511	70469	0	71990
22208	597	72721	343	953	0	74614
22209	334	809	147	72607	0	73897
22210	259	73083	241	947	0	74530
22211	261	73553	202	726	0	74742
22212	305	73822	262	369	0	74758
22213	421	1241	110	68386	0	70158
22214	245	71297	246	887	0	72675
22215	70362	838	123	784	0	72107
22216	913	751	68739	367	0	70770
22217	686	439	67072	346	0	68543
22218	373	410	69851	314	0	70948
22219	332	203	1192	70383	0	72110
22220	344	189	584	68534	0	69651
22221	331	198	203	68788	0	69520
22222	434	160	171	69162	0	69927
22223	475	187	162	67309	0	68133
22224	371	69836	346	1437	0	71990
22225	422	1032	68588	842	0	70884
22226	402	766	67980	535	0	69683
22227	358	70993	1287	493	0	73131
22228	412	836	585	71863	0	73696
22229	405	601	218	72602	0	73826
22230	379	286	211	72858	0	73734
22231	71278	279	195	1599	0	73351
22232	949	473	70277	869	0	72568
22233	68294	271	837	640	0	70042
22234	69349	269	568	551	0	70737
22235	1326	68045	415	501	0	70287
22236	735	69138	340	476	0	70689
22237	69900	1210	256	527	0	71893
22238	1085	663	201	69892	0	71841
22239	843	335	219	72524	0	73921
22240	447	489	75030	1523	0	77489
22241	406	524	73817	877	0	75624
22242	411	341	1395	75982	0	78129
22243	76976	322	761	1194	0	79253
22244	1108	549	81438	899	0	83994
22245	83134	300	1188	631	0	85253
22246	1332	331	817	86662	0	89142
22247	1013	293	325	90541	0	92172
22248	461	237	281	93774	0	94753
22249	396	472	92539	2391	0	95798
22250	350	91195	1562	1318	0	94425
22251	331	95090	1156	669	0	97246
22252	94677	2066	310	697	0	97750
22253	97098	1007	229	701	0	99035
22254	2392	306	248	97297	0	100243
22255	98074	221	312	1930	0	100537
22256	1729	465	95872	1385	0	99451
22257	1148	503	95129	603	0	97383
22258	468	281	2404	93129	0	96282
22259	95972	229	1194	1878	0	99273
22260	1715	214	415	97258	0	99602
22261	1205	200	360	99805	0	101570
22262	97643	175	391	2835	0	101044
22263	99767	200	398	1615	0	101980
22264	2583	103969	562	649	0	107763
22265	104051	1635	279	595	0	106560
22266	1948	1323	278	100158	0	103707
22267	1234	102902	425	1835	0	106396
22268	101931	1586	268	1446	0	105231
22269	1723	103880	410	479	0	106492
22270	1376	1732	262	100782	0	104152
22271	100300	1066	206	1735	0	103307
22272	1710	464	99265	1174	0	102613
22273	1229	426	98416	347	0	100418
22274	520	407	2361	96215	0	99503
22275	423	181	1116	98799	0	100519
22276	455	168	241	95952	0	96816
22277	297	101597	359	2396	0	104649
22278	103382	1599	190	1295	0	106466
22279	103746	1152	194	568	0	105660
22280	104847	232	186	545	0	105810
22281	2766	108885	359	468	0	112478
22282	1552	1817	164	118225	0	121758
22283	560	1308	181	120063	0	122112
22284	544	312	198	122000	0	123054
22285	113523	280	191	3821	0	117815
22286	2221	114575	462	1793	0	119051
22287	1810	2115	177	114457	0	118559
22288	634	1470	134	116338	0	118576
22289	504	597	112183	3772	0	117056
22290	472	111341	2299	1911	0	116023
22291	567	2273	1481	110457	0	114778
22292	619	1479	279	112351	0	114728
22293	618	368	197	113022	0	114205
22294	108106	338	214	3917	0	112575
22295	2272	108226	442	2172	0	113112
22296	110085	2233	232	957	0	113507
22297	2635	1545	252	108536	0	112968
22298	109792	470	239	2695	0	113196
22299	2556	611	107379	1980	0	112526
22300	107570	354	2121	1083	0	111128
22301	109357	368	1452	1009	0	112186
22302	3757	611	109006	732	0	114106
22303	2116	495	2140	108937	0	113688
22304	902	446	1492	110366	0	113206
22305	112452	386	384	4161	0	117383
22306	2715	395	337	114224	0	117671
22307	2147	412	360	113931	0	116850
22308	975	457	330	114438	0	116200
22309	843	602	109820	4139	0	115404
22310	99916	384	2261	2664	0	105225
22311	2671	110626	1825	1136	0	116258
22312	2172	2349	483	106689	0	111693
22313	934	110802	640	2772	0	115148
22314	827	115098	628	2291	0	118844
22315	865	3720	374	113977	0	118936
22316	815	2072	114140	3267	0	120294
22317	840	789	114930	2454	0	119013
22318	1038	520	3727	114995	0	120280
22319	891	756	116078	3332	0	121057
22320	110738	596	2568	2564	0	116466
22321	2981	587	1793	117512	0	122873
22322	2274	558	551	118571	0	121954
22323	883	118228	752	4619	0	124482
22324	903	2635	531	119370	0	123439
22325	882	1878	559	117262	0	120581
22326	721	115861	787	4698	0	122067
22327	901	2648	502	118665	0	122716
22328	907	1907	455	116492	0	119761
22329	756	116003	797	4681	0	122237
22330	115446	2701	536	2793	0	121476
22331	2967	2193	115282	1531	0	121973
22332	2286	940	115064	1368	0	119658
22333	1111	944	3926	113381	0	119362
22334	975	710	1942	116340	0	119967
22335	843	835	114153	4765	0	120596
22336	810	885	112948	2817	0	117460
22337	100880	629	3964	1724	0	107197
22338	2677	111946	2299	1471	0	118393
22339	110819	2517	691	1413	0	115440
22340	2832	1900	109099	1531	0	115362
22341	1950	108958	2801	1450	0	115159
22342	973	2760	2021	110030	0	115784
22343	762	2008	112757	3266	0	118793
22344	600	775	109009	2365	0	112749
22345	995	1286	3703	109323	0	115307
22346	742	767	111005	3172	0	115686
22347	616	107487	2784	2458	0	113345
22348	722	2497	1891	105117	0	110227
22349	797	2015	107180	2750	0	112742
22350	539	108047	2743	2307	0	113636
22351	106652	2418	1925	1087	0	112082
22352	2537	1848	106574	999	0	111958
22353	1844	106615	2665	925	0	112049
22354	872	2445	1994	104396	0	109707
22355	731	1766	720	109244	0	112461
22356	107661	578	733	4096	0	113068
22357	2523	468	656	108438	0	112085
22358	1923	411	568	108602	0	111504
22359	105213	421	703	4103	0	110440
22360	2495	495	522	106168	0	109680
22361	1687	563	102411	3082	0	107743
22362	733	623	2312	102754	0	106422
22363	513	626	102166	2879	0	106184
22364	533	502	96150	2015	0	99200
22365	501	522	98159	932	0	100114
22366	680	629	3229	90729	0	95267
22367	534	237	1793	94951	0	97515
22368	93853	284	658	3230	0	98025
22369	1976	314	543	90452	0	93285
22370	1398	96422	695	2382	0	100897
22371	597	1787	597	99320	0	102301
22372	493	1289	599	96631	0	99012
22373	275	98557	791	3207	0	102830
22374	97499	1798	586	1927	0	101810
22375	96087	1257	491	1060	0	98895
22376	2643	96778	771	922	0	101114
22377	1226	95145	649	684	0	97704
22378	836	4631	603	90643	0	96713
22379	92483	1339	668	1913	0	96403
22380	1662	753	92577	1461	0	96453
22381	1179	567	84687	670	0	87103
22382	73149	325	1840	431	0	75745
22383	1076	78811	1145	376	0	81408
22384	896	1122	401	78987	0	81406
22385	349	836	272	78666	0	80123
22386	279	288	264	80584	0	81415
22387	256	213	254	80467	0	81190
22388	220	79515	432	1919	0	82086
22389	263	1062	243	81229	0	82797
22390	80746	827	194	1461	0	83228
22391	1166	264	197	82157	0	83784
22392	867	211	209	82857	0	84144
22393	82318	151	212	2086	0	84767
22394	83238	168	210	1231	0	84847
22395	84590	174	224	611	0	85599
22396	85068	151	218	504	0	85941
22397	2029	176	184	83779	0	86168
22398	84512	157	200	1442	0	86311
22399	1359	130	193	84193	0	85875
22400	83543	143	198	1494	0	85378
22401	83019	134	204	1154	0	84511
22402	2011	153	202	83083	0	85449
22403	1109	330	84502	1332	0	87273
22404	82928	158	1149	1192	0	85427
22405	85720	156	836	634	0	87346
22406	86448	143	316	578	0	87485
22407	87374	190	228	497	0	88289
22408	2131	158	220	87433	0	89942
22409	1154	315	88054	1269	0	90792
22410	443	449	86311	1114	0	88317
22411	83949	200	1817	686	0	86652
22412	89325	170	989	524	0	91008
22413	1798	89586	518	428	0	92330
22414	979	89028	356	374	0	90737
22415	90513	1481	274	487	0	92755
22416	1183	797	224	88784	0	90988
22417	1013	338	188	92384	0	93923
22418	91320	148	204	1784	0	93456
22419	1060	93052	351	1005	0	95468
22420	95021	1001	151	586	0	96759
22421	1207	963	93493	428	0	96091
22422	91655	243	975	507	0	93380
22423	1243	184	675	94816	0	96918
22424	909	342	96458	1299	0	99008
22425	470	97478	1067	1064	0	100079
22426	504	960	711	99892	0	102067
22427	459	904	104424	1182	0	106969
22428	444	216	1052	103856	0	105568
22429	106111	110	880	1501	0	108602
22430	1184	370	106713	1130	0	109397
22431	100924	121	1122	639	0	102806
22432	1283	108646	1046	434	0	111409
22433	1104	1060	301	110210	0	112675
22434	584	1093	116193	1301	0	119171
22435	468	288	1090	115129	0	116975
22436	440	454	118441	1463	0	120798
22437	370	116805	1386	1133	0	119694
22438	115076	1038	815	576	0	117505
22439	1138	120898	490	381	0	122907
22440	1034	1138	191	118523	0	120886
22441	501	904	208	119154	0	120767
22442	366	587	114872	1872	0	117697
22443	90623	273	1088	1438	0	93422
22444	1057	110201	893	425	0	112576
22445	679	105112	327	283	0	106401
22446	289	106339	302	266	0	107196
22447	530	1562	342	102253	0	104687
22448	174	103764	334	710	0	104982
22449	307	837	154	101718	0	103016
22450	189	102509	278	688	0	103664
22451	247	751	83	100103	0	101184
22452	136	102204	219	583	0	103142
22453	100549	601	121	569	0	101840
22454	568	735	100834	263	0	102400
22455	94518	259	595	384	0	95756
22456	99725	169	418	282	0	100594
22457	102783	140	125	337	0	103385
22458	829	103534	234	195	0	104792
22459	104881	492	92	298	0	105763
22460	104526	401	99	256	0	105282
22461	105432	160	148	295	0	106035
22462	1017	352	105139	133	0	106641
22463	687	121	530	106223	0	107561
22464	329	400	109981	727	0	111437
22465	267	158	666	108832	0	109923
22466	108708	121	520	914	0	110263
22467	806	109489	294	696	0	111285
22468	689	967	119538	269	0	121463
22469	354	601	1077	118139	0	120171
22470	266	180	654	126644	0	127744
22471	184	471	140450	1979	0	143084
22472	134151	180	1943	1142	0	137416
22473	145582	149	1067	436	0	147234
22474	149650	159	260	335	0	150404
22475	3290	167	219	146270	0	149946
22476	1382	145230	449	2209	0	149270
22477	488	152222	394	1326	0	154430
22478	447	3157	211	150486	0	154301
22479	506	1439	166	148103	0	150214
22480	320	149731	465	3250	0	153766
22481	148931	2172	156	1532	0	152791
22482	2181	150160	392	543	0	153276
22483	1466	2316	142	146603	0	150527
22484	464	1610	145879	2367	0	150320
22485	436	440	2130	144971	0	147977
22486	146167	266	1209	2578	0	150220
22487	2291	517	146341	1388	0	150537
22488	145664	267	2191	622	0	148744
22489	150707	265	1297	560	0	152829
22490	152686	229	364	522	0	153801
22491	153180	231	277	560	0	154248
22492	155567	202	465	528	0	156762
22493	3792	451	150071	316	0	154630
22494	1906	501	149097	384	0	151888
22495	158490	217	3509	476	0	162692
22496	166365	243	1510	441	0	168559
22497	4513	270	403	169041	0	174227
22498	2066	173156	556	2911	0	178689
22499	852	2968	274	176672	0	180766
22500	179596	1847	290	3465	0	185198
22501	3542	565	281	170500	0	174888
22502	2141	180838	496	3168	0	186643
22503	179706	3142	219	2057	0	185124
22504	177829	1969	234	868	0	180900
22505	178530	611	233	708	0	180082
22506	5025	175937	606	661	0	182229
22507	2663	3144	322	174941	0	181070
22508	1267	1904	311	172649	0	176131
22509	919	170156	590	4689	0	176354
22510	1137	3164	253	172891	0	177445
22511	169875	1952	237	3654	0	175718
22512	170986	650	223	2332	0	174191
22513	5196	168721	570	941	0	175428
22514	2841	3222	291	169006	0	175360
22515	1349	2003	323	170772	0	174447
22516	1103	676	396	173102	0	175277
22517	164581	501	443	5430	0	170955
22518	3865	837	163021	2652	0	170375
22519	156827	547	3115	1380	0	161869
22520	4174	1118	163568	1192	0	170052
22521	2935	718	3378	151635	0	158666
22522	1471	158429	2237	3550	0	165687
22523	1307	165297	909	2606	0	170119
22524	160191	5007	497	1382	0	167077
22525	159148	2513	450	1377	0	163488
22526	5366	157073	718	1232	0	164389
22527	2761	157094	669	1188	0	161712
22528	157366	5042	528	1114	0	164050
22529	160223	2562	480	1235	0	164500
22530	5514	162185	796	1069	0	169564
22531	166773	3780	520	1134	0	172207
22532	4583	2827	163777	984	0	172171
22533	164749	1219	3322	1079	0	170369
22534	164003	953	2050	1178	0	168184
22535	6244	890	752	159315	0	167201
22536	3491	159829	859	3928	0	168107
22537	2251	3662	577	162723	0	169213
22538	163391	2266	592	4227	0	170476
22539	5144	992	513	159251	0	165900
22540	3817	832	508	162802	0	167959
22541	2192	1194	162455	5726	0	171567
22542	2156	740	3593	163880	0	170369
22543	1956	808	2267	168210	0	173241
22544	165102	869	912	6113	0	172996
22545	4577	1208	164106	3326	0	173217
22546	165713	1022	3676	1766	0	172177
22547	5090	989	2135	166401	0	174615
22548	3536	974	737	168674	0	173921
22549	2154	995	516	165874	0	169539
22550	1689	161303	895	6065	0	169952
22551	1821	166470	921	3218	0	172430
22552	2150	5405	535	163709	0	171799
22553	164243	2582	539	4483	0	171847
22554	166630	1261	557	2934	0	171382
22555	7054	1019	536	163627	0	172236
22556	164835	946	510	4698	0	170989
22557	5584	963	505	163197	0	170249
22558	3704	1029	474	165251	0	170458
22559	156942	973	483	6580	0	164978
22560	4786	162630	853	3499	0	171768
22561	163578	4078	431	2048	0	170135
22562	163716	2468	415	1933	0	168532
22563	159309	1021	465	2015	0	162810
22564	6235	156735	780	1860	0	165610
22565	3742	4294	547	157555	0	166138
22566	2315	2420	580	161010	0	166325
22567	1952	1276	154635	6417	0	164280
22568	2030	1817	3339	145857	0	153043
22569	1709	1211	141726	4344	0	148990
22570	1494	132929	3356	2762	0	140541
22571	1049	116230	1768	1319	0	120366
22572	1199	118700	797	1086	0	121782
22573	2126	3815	1151	117086	0	124178
22574	1234	1699	471	118562	0	121966
22575	880	817	285	118305	0	120287
22576	812	625	300	119212	0	120949
22577	765	769	117019	3970	0	122523
22578	812	893	136967	2315	0	140987
22579	894	721	3570	141751	0	146936
22580	866	786	147945	3507	0	153104
22581	145455	525	2950	2471	0	151401
22582	149805	514	1806	1438	0	153563
22583	4495	781	149560	1368	0	156204
22584	2431	509	2880	150258	0	156078
22585	1318	513	1837	154038	0	157706
22586	1365	469	740	156096	0	158670
22587	1384	451	649	154969	0	157453
22588	1229	525	656	157704	0	160114
22589	122237	848	1019	5569	0	129673
22590	148989	534	621	3085	0	153229
22591	4217	150163	790	1973	0	157143
22592	2298	3088	145612	1670	0	152668
22593	1064	145200	2994	1700	0	150958
22594	953	146301	1842	1569	0	150665
22595	136678	3554	727	1214	0	142173
22596	2708	136202	801	1229	0	140940
22597	1405	128234	624	940	0	131203
22598	125417	3108	840	828	0	130193
22599	2367	1650	124832	752	0	129601
22600	120270	676	2038	853	0	123837
22601	2417	524	1219	123471	0	127631
22602	1553	476	414	121103	0	123546
22603	842	480	339	122500	0	124161
22604	674	523	118782	3504	0	123483
22605	619	119303	2248	1980	0	124150
22606	119675	1897	1353	1268	0	124193
22607	2298	1141	705	119438	0	123582
22608	1383	122388	691	2891	0	127353
22609	732	2179	704	126356	0	129971
22610	852	1567	126085	2755	0	131259
22611	998	643	2311	126739	0	130691
22612	840	658	1453	130123	0	133074
22613	851	531	539	131437	0	133358
22614	128912	557	443	4292	0	134204
22615	2483	532	517	131138	0	134670
22616	1592	543	129494	3725	0	135354
22617	741	129275	2499	2615	0	135130
22618	950	2231	1365	130651	0	135197
22619	1121	1433	654	130804	0	134012
22620	799	1198	128061	4042	0	134100
22621	818	832	125229	2322	0	129201
22622	122320	948	4188	1647	0	129103
22623	122589	955	2054	1767	0	127365
22624	3793	124838	1559	1332	0	131522
22625	125326	2477	962	1319	0	130084
22626	3392	1854	124586	1267	0	131099
22627	2568	841	122835	1457	0	127701
22628	120382	704	3729	2302	0	127117
22629	119332	587	1787	2486	0	124192
22630	3283	704	115734	2710	0	122431
22631	111787	520	2360	2512	0	117179
22632	2797	621	114954	2097	0	120469
22633	112687	605	2649	1167	0	117108
22634	114605	1065	1640	1001	0	118311
22635	3651	1566	1027	101069	0	107313
22636	1846	117988	1395	2340	0	123569
22637	90498	3562	1611	1836	0	97507
22638	2268	2492	119051	1025	0	124836
22639	2117	118798	2750	1004	0	124669
22640	119165	3302	1542	1354	0	125363
22641	113085	2147	802	1431	0	117465
22642	3937	113962	1159	1470	0	120528
22643	2592	2235	1429	114303	0	120559
22644	1834	1566	112942	3236	0	119578
22645	1165	735	2723	114328	0	118951
22646	1114	1110	113356	3872	0	119452
22647	1016	902	2800	113072	0	117790
22648	991	933	2461	113303	0	117688
22649	1155	1549	111582	3759	0	118045
22650	1462	111527	2909	2549	0	118447
22651	1480	2586	1750	108837	0	114653
22652	1601	2359	82704	3409	0	90073
22653	108234	1004	2084	2716	0	114038
22654	2597	703	2077	112534	0	117911
22655	1872	594	1216	114844	0	118526
22656	112140	587	1140	4431	0	118298
22657	3025	628	830	111474	0	115957
22658	2879	589	932	107461	0	111861
22659	1301	110039	1550	3734	0	116624
22660	1589	2226	1462	109269	0	114546
22661	1145	2123	106513	3785	0	113566
22662	1452	751	2363	102157	0	106723
22663	1299	104928	2041	3148	0	111416
22664	997	106522	2080	2290	0	111889
22665	1364	2887	1599	105751	0	111601
22666	106407	1641	1132	2520	0	111700
22667	3104	1118	1141	106213	0	111576
22668	106541	1594	1018	2522	0	111675
22669	3453	806	1190	106627	0	112076
22670	106430	765	1835	2611	0	111641
22671	108470	867	1594	2214	0	113145
22672	4374	1061	1166	104896	0	111497
22673	3061	3718	1538	99804	0	108121
22674	1798	99919	1838	3679	0	107234
22675	2058	102987	1606	2344	0	108995
22676	2057	2593	101110	1895	0	107655
22677	2062	99100	2225	1694	0	105081
22678	73401	1848	2202	1276	0	78727
22679	1764	905	733	71090	0	74492
22680	948	68309	661	1324	0	71242
22681	70011	971	508	1198	0	72688
22682	1421	798	470	69842	0	72531
22683	1248	318	498	68326	0	70390
22684	767	341	543	70092	0	71743
22685	695	433	604	69661	0	71393
22686	631	69946	686	1812	0	73075
22687	710	74289	574	1169	0	76742
22688	76912	1438	556	658	0	79564
22689	1678	79276	587	534	0	82075
22690	1201	1369	512	78191	0	81273
22691	861	892	350	78943	0	81046
22692	817	379	322	79584	0	81102
22693	675	428	290	80108	0	81501
22694	78418	338	348	2243	0	81347
22695	80163	243	384	1262	0	82052
22696	2314	423	79148	659	0	82544
22697	1418	354	1430	79537	0	82739
22698	810	422	81235	1748	0	84215
22699	741	326	1560	80896	0	83523
22700	648	408	1074	82181	0	84311
22701	81833	382	392	2595	0	85202
22702	1871	378	421	82837	0	85507
22703	1196	475	82685	1942	0	86298
22704	565	471	79941	1415	0	82392
22705	80190	293	2261	960	0	83704
22706	1633	433	83676	799	0	86541
22707	1234	463	1498	79551	0	82746
22708	461	370	82112	1862	0	84805
22709	464	702	1496	78135	0	80797
22710	242	79343	1169	1774	0	82528
22711	343	1441	384	77811	0	79979
22712	187	78504	440	1608	0	80739
22713	206	79049	312	1219	0	80786
22714	364	2127	268	76535	0	79294
22715	75970	903	197	1602	0	78672
22716	1176	77010	333	1085	0	79604
22717	968	1217	160	77062	0	79407
22718	77256	836	148	1599	0	79839
22719	78426	262	115	1221	0	80024
22720	79986	237	117	648	0	80988
22721	2067	205	122	78320	0	80714
22722	1084	210	150	79541	0	80985
22723	79218	202	139	2172	0	81731
22724	79450	205	183	1230	0	81068
22725	80599	198	163	615	0	81575
22726	2104	211	165	79184	0	81664
22727	1059	347	76952	1414	0	79772
22728	74434	211	1095	1121	0	76861
22729	1421	168	752	75870	0	78211
22730	976	77248	383	1445	0	80052
22731	584	1450	190	75974	0	78198
22732	448	76907	309	1377	0	79041
22733	457	1211	174	77910	0	79752
22734	340	960	75593	1534	0	78427
22735	273	74377	1213	1156	0	77019
22736	444	1075	700	68939	0	71158
22737	315	690	233	69427	0	70665
22738	330	220	152	69783	0	70485
22739	69609	178	146	1854	0	71787
22740	1061	70603	290	1077	0	73031
22741	881	1141	151	72293	0	74466
22742	73611	822	146	1491	0	76070
22743	74184	288	151	1172	0	75795
22744	2058	245	146	74798	0	77247
22745	1109	405	76023	1637	0	79174
22746	481	202	1247	74775	0	76705
22747	328	76468	1100	1556	0	79452
22748	401	1280	263	78041	0	79985
22749	76981	890	237	1693	0	79801
22750	1476	249	169	80954	0	82848
22751	1094	359	82425	1773	0	85651
22752	396	86179	1432	1390	0	89397
22753	87459	1437	953	691	0	90540
22754	1590	1216	88520	593	0	91919
22755	88979	307	1537	600	0	91423
22756	1813	243	1121	92387	0	95564
22757	1342	168	348	93216	0	95074
22758	421	94095	493	2705	0	97714
22759	98286	1541	261	1549	0	101637
22760	1931	1118	270	99588	0	102907
22761	1520	293	266	102302	0	104381
22762	602	222	260	105163	0	106247
22763	453	453	103302	3195	0	107403
22764	450	219	1736	104158	0	106563
22765	104697	214	1231	2314	0	108456
22766	107018	204	316	1727	0	109265
22767	2927	248	251	106088	0	109514
22768	1538	215	190	107682	0	109625
22769	105265	204	225	3166	0	108860
22770	1922	454	104225	1649	0	108250
22771	101571	245	1817	844	0	104477
22772	2093	415	102840	642	0	105990
22773	1505	387	102842	604	0	105338
22774	667	180	2668	102389	0	105904
22775	560	399	105059	2080	0	108098
22776	102603	221	1841	1595	0	106260
22777	2028	199	1286	106780	0	110293
22778	1466	375	107099	1964	0	110904
22779	102222	174	1794	1627	0	105817
22780	106770	148	1242	841	0	109001
22781	2905	438	109208	713	0	113264
22782	1764	557	1769	101630	0	105720
22783	639	110242	1477	1754	0	114112
22784	110888	1593	427	1535	0	114443
22785	2098	1382	111366	645	0	115491
22786	101741	448	1657	773	0	104619
22787	1736	107750	1346	616	0	111448
22788	102693	1210	815	582	0	105300
22789	101935	852	289	587	0	103663
22790	102275	220	275	550	0	103320
22791	2175	274	261	101927	0	104637
22792	1234	103120	395	1437	0	106186
22793	576	1396	101664	1265	0	104901
22794	471	104807	1377	642	0	107297
22795	703	1441	930	93557	0	96631
22796	410	101864	458	1255	0	103987
22797	379	103290	456	1043	0	105168
22798	99684	1713	400	610	0	102407
22799	1369	1095	100119	501	0	103084
22800	1024	605	101851	550	0	104030
22801	625	507	101557	552	0	103241
22802	478	103078	1855	543	0	105954
22803	102431	1004	933	637	0	105005
22804	102580	794	346	624	0	104344
22805	102097	254	296	629	0	103276
22806	1745	101464	468	614	0	104291
22807	1101	1034	282	104752	0	107169
22808	542	968	104603	1358	0	107471
22809	518	618	103306	1154	0	105596
22810	103860	273	1672	854	0	106659
22811	108754	250	907	744	0	110655
22812	109081	309	464	711	0	110565
22813	1985	490	107066	735	0	110276
22814	105847	173	1186	788	0	107994
22815	1578	225	935	108024	0	110762
22816	1300	218	440	108362	0	110320
22817	821	505	111015	1983	0	114324
22818	739	111881	1411	1288	0	115319
22819	687	945	1035	112630	0	115297
22820	650	1013	111253	1602	0	114518
22821	103380	271	1410	1460	0	106521
22822	1489	245	1132	112887	0	115753
22823	1317	210	580	113382	0	115489
22824	112260	179	603	2169	0	115211
22825	1694	175	492	112875	0	115236
22826	112383	155	507	1891	0	114936
22827	112392	179	584	1536	0	114691
22828	2323	206	516	112465	0	115510
22829	1577	203	608	113526	0	115914
22830	112239	195	627	2211	0	115272
22831	1714	242	604	113745	0	116305
22832	114369	249	599	1669	0	116886
22833	113552	238	665	1301	0	115756
22834	113101	257	651	792	0	114801
22835	2476	278	563	112042	0	115359
22836	1597	335	638	112524	0	115094
22837	112075	195	629	1913	0	114812
22838	1661	110542	839	1109	0	114151
22839	1211	108728	801	478	0	111218
22840	107897	1243	554	562	0	110256
22841	1309	988	106133	456	0	108886
22842	104303	252	1033	487	0	106075
22843	1287	247	806	110197	0	112537
22844	1008	514	110197	894	0	112613
22845	107962	245	958	783	0	109948
22846	1215	277	626	111693	0	113811
22847	1063	291	305	114331	0	115990
22848	732	262	321	116625	0	117940
22849	747	284	246	116721	0	117998
22850	113712	267	250	1287	0	115516
22851	954	110768	529	782	0	113033
22852	104319	556	297	449	0	105621
22853	743	737	103828	236	0	105544
22854	604	415	100235	249	0	101503
22855	374	104634	731	253	0	105992
22856	864	1263	688	102071	0	104886
22857	240	563	101594	482	0	102879
22858	157	95154	391	568	0	96270
22859	105	441	95215	309	0	96070
22860	133	134	140	93534	0	93941
22861	96	60	107	94110	0	94373
22862	93905	35	45	389	0	94374
22863	156	42	48	93027	0	93273
22864	92349	28	49	347	0	92773
22865	189	317	93954	268	0	94728
22866	133	96165	239	146	0	96683
22867	151	135	94	100926	0	101306
22868	146	141	41	106509	0	106837
22869	96	389	107086	251	0	107822
22870	101	363	99997	181	0	100642
22871	98178	59	215	319	0	98771
22872	109033	30	100	279	0	109442
22873	268	46	53	108834	0	109201
22874	182	44	50	108753	0	109029
22875	66	107667	233	300	0	108266
22876	140	170	38	111293	0	111641
22877	110545	98	54	434	0	111131
22878	111443	41	78	404	0	111966
22879	364	113619	283	162	0	114428
22880	114696	296	47	322	0	115361
22881	113169	247	62	311	0	113789
22882	690	84	35	122349	0	123158
22883	352	123806	282	785	0	125225
22884	211	703	30	125293	0	126237
22885	224	461	32	126160	0	126877
22886	137	460	123193	1283	0	125073
22887	121421	85	798	768	0	123072
22888	1078	71	467	134280	0	135896
22889	765	106	87	140142	0	141100
22890	156	161667	487	2154	0	164464
22891	282	2105	58	174531	0	176976
22892	177051	1143	152	2919	0	181265
22893	189571	299	129	1762	0	191761
22894	4418	675	190268	629	0	195990
22895	2049	605	191820	417	0	194891
22896	814	212	4729	193334	0	199089
22897	566	117	1994	203328	0	206005
22898	423	530	201473	5250	0	207676
22899	414	549	202263	2360	0	205586
22900	534	233	5333	193369	0	199469
22901	382	559	204555	3899	0	209395
22902	548	639	204189	2353	0	207729
22903	505	183	5581	197267	0	203536
22904	204027	114	2535	4012	0	210688
22905	208654	126	864	2554	0	212198
22906	5567	108	579	206411	0	212665
22907	2639	121	552	208239	0	211551
22908	203177	88	567	5813	0	209645
22909	3930	102	478	202593	0	207103
22910	201048	101	450	4497	0	206096
22911	200356	110	421	2893	0	203780
22912	5882	140	378	200015	0	206415
22913	2849	141	372	202976	0	206338
22914	196716	160	372	6086	0	203334
22915	3895	196878	728	3133	0	204634
22916	2554	199934	755	1874	0	205117
22917	1377	5242	393	193894	0	200906
22918	949	2682	193390	4364	0	201385
22919	932	627	3716	193465	0	198740
22920	192738	370	2296	4790	0	200194
22921	4051	343	790	195019	0	200203
22922	194879	328	627	4872	0	200706
22923	4363	827	193281	3502	0	201973
22924	192449	388	3941	1672	0	198450
22925	4546	355	2371	197187	0	204459
22926	3006	243	832	202437	0	206518
22927	1333	720	204961	6317	0	213331
22928	1429	330	3953	204250	0	209962
22929	1210	343	2517	208684	0	212754
22930	1115	350	958	212539	0	214962
22931	205937	299	859	7062	0	214157
22932	4258	793	206636	3734	0	215421
22933	3088	795	205193	1941	0	211017
22934	200856	317	5916	2038	0	209127
22935	208381	246	3053	1870	0	213550
22936	6404	754	211353	1783	0	220294
22937	3747	385	4612	200926	0	209670
22938	1656	211984	3617	4745	0	222002
22939	1687	3671	1658	216234	0	223250
22940	215421	2110	1664	5555	0	224750
22941	218202	583	1705	3969	0	224459
22942	6465	501	1739	212680	0	221385
22943	3333	211966	2177	5586	0	223062
22944	2180	3648	1718	201732	0	209278
22945	1638	212019	2209	5236	0	221102
22946	211137	3852	1634	4106	0	220729
22947	205603	2310	1678	2624	0	212215
22948	208217	657	1549	2625	0	213048
22949	6903	200202	1892	2556	0	211553
22950	3842	207332	1895	2689	0	215758
22951	2566	5898	1334	206673	0	216471
22952	2263	2704	1195	209915	0	216077
22953	2478	927	1139	209754	0	214298
22954	2559	652	1019	212677	0	216907
22955	2258	1038	202860	7943	0	214099
22956	191431	798	4221	5247	0	201697
22957	5481	1296	207586	2994	0	217357
22958	206682	899	4650	2973	0	215204
22959	5961	1324	215121	2805	0	225211
22960	212759	740	4934	3017	0	221450
22961	5974	1260	220506	2757	0	230497
22962	212460	855	5227	2715	0	221257
22963	6358	755	3402	220955	0	231470
22964	225657	690	1720	6450	0	234517
22965	6527	643	1485	226213	0	234868
22966	4730	571	1444	226190	0	232935
22967	2853	682	1561	217824	0	222920
22968	2221	211220	2019	8346	0	223806
22969	211098	4129	1439	5110	0	221776
22970	211935	2588	1416	3312	0	219251
22971	7687	211431	1822	3084	0	224024
22972	4659	4278	1238	212614	0	222789
22973	2656	3172	209328	6260	0	221416
22974	204586	1032	4847	4869	0	215334
22975	213596	728	3271	3074	0	220669
22976	212548	654	1717	2782	0	217701
22977	8499	610	1369	201108	0	211586
22978	4535	201682	1959	5651	0	213827
22979	2832	4157	1409	203645	0	212043
22980	201306	2611	1298	5981	0	211196
22981	6096	1142	1305	193542	0	202085
22982	3633	188023	1784	5056	0	198496
22983	183678	3636	1237	3700	0	192251
22984	5157	2946	185437	2278	0	195818
22985	4273	1547	184004	2007	0	191831
22986	2195	182799	5993	1865	0	192852
22987	1999	181679	3235	1622	0	188535
22988	3910	5267	171015	1555	0	181747
22989	3083	3414	160750	1497	0	168744
22990	2481	9503	4091	125063	0	141138
22991	130817	581	2231	2336	0	135965
22992	2102	828	130484	1453	0	134867
22993	1062	120260	1370	666	0	123358
22994	118995	1046	1293	623	0	121957
22995	1090	118148	531	423	0	120192
22996	112727	803	251	404	0	114185
22997	868	112580	410	307	0	114165
22998	714	115017	421	305	0	116457
22999	578	1155	383	114969	0	117085
23000	533	649	327	115182	0	116691
23001	337	642	109920	1066	0	111965
23002	411	201	611	108359	0	109582
23003	109355	211	463	964	0	110993
23004	110008	179	187	775	0	111149
23005	1131	216	99	108675	0	110121
23006	688	533	106984	827	0	109032
23007	346	497	104927	745	0	106515
23008	322	179	986	106892	0	108379
23009	320	457	109464	808	0	111049
23010	346	155	793	108049	0	109343
23011	376	184	595	107660	0	108815
23012	283	485	116905	1200	0	118873
23013	108570	179	1033	981	0	110763
23014	117465	147	859	533	0	119004
23015	1516	476	118587	301	0	120880
23016	928	517	121019	341	0	122805
23017	532	254	1940	119503	0	122229
23018	372	192	973	134708	0	136245
23019	386	164	364	138072	0	138986
23020	420	227	296	138268	0	139211
23021	137347	190	243	2649	0	140429
23022	144292	187	255	1398	0	146132
23023	2754	229	300	151907	0	155190
23024	1581	188	234	160072	0	162075
23025	487	591	170256	3702	0	175036
23026	591	198	2863	174885	0	178537
23027	527	181	1838	185854	0	188400
23028	195175	161	536	5841	0	201713
23029	4130	209342	729	2949	0	217150
23030	2775	4613	298	209040	0	216726
23031	974	2479	300	213510	0	217263
23032	691	581	356	209366	0	210994
23033	411	197158	789	7623	0	205981
23034	432	209921	775	3605	0	214733
23035	604	6737	349	206527	0	214217
23036	692	2952	266	205760	0	209670
23037	649	844	343	209634	0	211470
23038	197068	521	349	8197	0	206135
23039	4535	199552	695	4195	0	208977
23040	202565	4722	285	1820	0	209392
23041	205366	2856	330	1396	0	209948
23042	7487	1025	270	196399	0	205181
23043	3264	197227	615	5565	0	206671
23044	198332	4788	265	3778	0	207163
23045	5284	2989	209	199222	0	207704
23046	203120	971	323	5929	0	210343
23047	5782	777	259	205601	0	212419
23048	3373	1020	203976	6280	0	214649
23049	1282	962	208266	4027	0	214537
23050	1205	577	7093	205059	0	213934
23051	1125	698	3106	209105	0	214034
23052	1226	745	816	204009	0	206796
23053	924	200400	910	8234	0	210468
23054	972	210538	832	4380	0	216722
23055	204775	7125	524	2287	0	214711
23056	202264	3420	619	1945	0	208248
23057	7236	201666	894	1781	0	211577
23058	3171	198235	696	1672	0	203774
23059	1142	203958	664	1782	0	207546
23060	191383	7258	523	1834	0	200998
23061	4614	194640	709	1669	0	201632
23062	3384	5282	377	192637	0	201680
23063	192234	3170	355	5459	0	201218
23064	193043	1179	317	3704	0	198243
23065	7487	965	344	186948	0	195744
23066	3594	1355	184205	5508	0	194662
23067	1452	1492	187121	3570	0	193635
23068	1480	960	6512	186147	0	195099
23069	1426	1241	191134	5690	0	199491
23070	1426	973	4833	189306	0	196538
23071	1360	957	2798	191132	0	196247
23072	1232	1299	188652	7809	0	198992
23073	1397	1153	190280	4047	0	196877
23074	1312	932	7007	185862	0	195113
23075	1130	915	3345	195053	0	200443
23076	187720	871	1253	8276	0	198120
23077	4968	186818	1397	4637	0	197820
23078	3079	195320	1335	2640	0	202374
23079	189442	7109	894	2284	0	199729
23080	193447	3575	861	2265	0	200148
23081	7325	189639	1238	2381	0	200583
23082	3784	194298	1288	2206	0	201576
23083	192020	7393	790	2243	0	202446
23084	5745	3747	635	190520	0	200647
23085	189438	1659	795	6216	0	198108
23086	5668	188613	1327	4495	0	200103
23087	190912	5343	732	2654	0	199641
23088	5994	3798	188227	2402	0	200421
23089	185511	1466	4811	2406	0	194194
23090	6041	1702	190669	2312	0	200724
23091	4108	1389	5137	185596	0	196230
23092	183704	1180	3143	6361	0	194388
23093	5848	1382	180526	4708	0	192464
23094	4058	1360	4944	181181	0	191543
23095	179878	1378	3183	6276	0	190715
23096	5833	1688	180183	4682	0	192386
23097	4159	1379	5037	181607	0	192182
23098	177628	1324	3111	6559	0	188622
23099	5529	177851	1722	4625	0	189727
23100	4189	5403	980	180061	0	190633
23101	2533	3648	965	180700	0	187846
23102	2243	1849	931	180856	0	185879
23103	1845	180740	1289	8415	0	192289
23104	2224	5668	859	185776	0	194527
23105	2405	3615	749	188056	0	194825
23106	2461	1761	797	189765	0	194784
23107	2516	1506	794	194786	0	199602
23108	2363	1926	187233	8798	0	200320
23109	176538	1458	5240	4904	0	188140
23110	188064	1274	3312	2799	0	195449
23111	8408	186975	1813	2393	0	199589
23112	4382	5247	1029	180104	0	190762
23113	2264	3349	1008	181206	0	187827
23114	1786	180002	1700	8352	0	191840
23115	1964	4727	1180	181126	0	188997
23116	172423	2944	1303	6318	0	182988
23117	4880	169215	1888	4241	0	180224
23118	164107	4317	1256	2201	0	171881
23119	5112	2864	982	162615	0	171573
23120	3028	1410	161551	5780	0	171769
23121	1301	161477	4624	3936	0	171338
23122	149318	4528	3177	2083	0	159106
23123	3976	145862	1163	1504	0	152505
23124	2452	142373	920	1319	0	147064
23125	124397	4023	1273	1180	0	130873
23126	3082	1960	124904	1030	0	130976
23127	1390	112622	2110	781	0	116903
23128	91043	3378	4046	1419	0	99886
23129	82590	826	553	494	0	84463
23130	1178	83428	205	298	0	85109
23131	690	803	113	85829	0	87435
23132	237	692	88224	983	0	90136
23133	234	216	723	87786	0	88959
23134	221	219	492	87835	0	88767
23135	221	140	140	91919	0	92420
23136	209	319	91254	1335	0	93117
23137	297	196	743	88932	0	90168
23138	223	334	91033	942	0	92532
23139	209	354	85650	666	0	86879
23140	74609	174	1120	591	0	76494
23141	736	89098	624	241	0	90699
23142	523	90509	291	247	0	91570
23143	381	1176	188	93132	0	94877
23144	100992	603	127	1102	0	102824
23145	102250	213	108	707	0	103278
23146	99752	184	166	400	0	100502
23147	101221	168	103	332	0	101824
23148	97524	161	120	298	0	98103
23149	1489	383	94993	218	0	97083
23150	809	170	816	94230	0	96025
23151	288	94586	751	924	0	96549
23152	236	897	225	96125	0	97483
23153	97321	620	127	1160	0	99228
23154	924	97131	299	781	0	99135
23155	708	917	124	99076	0	100825
23156	99654	630	148	1142	0	101574
23157	102388	210	155	930	0	103683
23158	1569	165	171	101950	0	103855
23159	894	154	170	100598	0	101816
23160	441	168	128	102246	0	102983
23161	318	391	99623	1657	0	101989
23162	311	397	99814	967	0	101489
23163	340	178	1403	102181	0	104102
23164	338	230	723	103807	0	105098
23165	103102	163	234	1691	0	105190
23166	102749	188	161	990	0	104088
23167	104720	193	164	571	0	105648
23168	106611	195	185	561	0	107552
23169	105393	184	190	467	0	106234
23170	1629	107898	326	422	0	110275
23171	111538	986	152	512	0	113188
23172	111303	703	150	560	0	112716
23173	112240	254	161	469	0	113124
23174	1799	266	168	114173	0	116406
23175	993	468	112858	1341	0	115660
23176	576	216	1071	115413	0	117276
23177	526	498	122212	1436	0	124672
23178	575	226	1179	116707	0	118687
23179	427	123783	994	1288	0	126492
23180	124714	1169	252	1072	0	127207
23181	129622	847	240	707	0	131416
23182	2111	279	234	131933	0	134557
23183	1242	194	190	138330	0	139956
23184	603	165	192	137923	0	138883
23185	488	139925	403	2052	0	142868
23186	139713	1176	168	1245	0	142302
23187	139864	843	212	578	0	141497
23188	2212	140747	407	491	0	143857
23189	1318	1228	220	141602	0	144368
23190	673	926	196	137414	0	139209
23191	440	142184	414	2087	0	145125
23192	144122	1287	180	1236	0	146825
23193	143889	933	211	627	0	145660
23194	2463	299	167	144066	0	146995
23195	1382	486	144930	1596	0	148394
23196	607	549	141247	1352	0	143755
23197	548	219	2157	147131	0	150055
23198	575	258	1116	148354	0	150303
23199	601	250	279	151759	0	152889
23200	149090	222	223	2775	0	152310
23201	149534	239	207	1627	0	151607
23202	2545	158687	482	863	0	162577
23203	160525	1525	453	861	0	163364
23204	2062	1468	161930	586	0	166046
23205	1569	676	161349	560	0	164154
23206	643	169612	2825	547	0	173627
23207	164123	1653	1593	699	0	168068
23208	1497	165610	568	471	0	168146
23209	164923	1472	344	624	0	167363
23210	1730	1407	165541	430	0	169108
23211	1315	705	163871	479	0	166370
23212	620	250	2275	161535	0	164680
23213	597	656	172177	1831	0	175261
23214	591	242	1531	173554	0	175918
23215	667	386	1167	160074	0	162294
23216	455	175921	641	2532	0	179549
23217	554	1451	372	178459	0	180836
23218	506	1157	320	180006	0	181989
23219	182936	365	344	2828	0	186473
23220	1766	183940	564	1553	0	187823
23221	1559	1702	255	187337	0	190853
23222	642	1678	187274	2077	0	191671
23223	159318	486	1901	2131	0	163836
23224	2019	672	188004	875	0	191570
23225	1704	416	1882	178135	0	182137
23226	620	192491	1580	1893	0	196584
23227	644	2067	430	189276	0	192417
23228	196242	1436	316	2521	0	200515
23229	194432	503	349	1959	0	197243
23230	3651	203190	667	815	0	208323
23231	210772	2258	357	1168	0	214555
23232	210777	1687	355	1067	0	213886
23233	213204	657	375	953	0	215189
23234	216713	430	356	945	0	218444
23235	199440	503	668	1029	0	201640
23236	3809	891	209555	603	0	214858
23237	2251	471	2368	207842	0	212932
23238	1131	513	1789	206301	0	209734
23239	990	477	579	208015	0	210061
23240	833	210946	776	3927	0	216482
23241	1023	2251	423	210934	0	214631
23242	938	2080	209690	2733	0	215441
23243	744	205019	2496	2093	0	210352
23244	762	202766	1929	1001	0	206458
23245	1209	3422	592	201681	0	206904
23246	862	1757	480	201745	0	204844
23247	862	656	503	197417	0	199438
23248	704	195973	813	3859	0	201349
23249	696	199991	891	2086	0	203664
23250	198443	3457	533	1164	0	203597
23251	197667	1836	529	1067	0	201099
23252	3514	200875	826	1035	0	206250
23253	205656	2288	546	1150	0	209640
23254	211181	1754	574	1352	0	214861
23255	3812	738	659	212871	0	218080
23256	2281	659	629	217644	0	221213
23257	1136	671	611	219206	0	221624
23258	996	1199	218221	4090	0	224506
23259	1034	1051	218028	2387	0	222500
23260	1058	227507	4023	1344	0	233932
23261	230209	2616	2040	1310	0	236175
23262	3206	2531	235940	1029	0	242706
23263	224952	849	2990	1549	0	230340
23264	3699	1219	250097	1155	0	256170
23265	243192	752	3602	1392	0	248938
23266	4053	261725	3009	1088	0	269875
23267	262435	3763	942	1325	0	268465
23268	4415	2655	875	260219	0	268164
23269	3206	989	875	265564	0	270634
23270	1604	1507	262013	6124	0	271248
23271	1243	270787	4022	3528	0	279580
23272	1558	4050	2559	274043	0	282210
23273	1366	3502	271603	4330	0	280801
23274	237349	1156	3918	3732	0	246155
23275	3939	268782	3121	1626	0	277468
23276	266225	3552	960	1582	0	272319
23277	3850	261688	1280	1434	0	268252
23278	2977	3861	739	259683	0	267260
23279	257196	2460	779	4396	0	264831
23280	3657	260000	1270	3175	0	268102
23281	2948	3686	668	260005	0	267307
23282	1276	3164	254472	4313	0	263225
23283	232466	1110	3431	3211	0	240218
23284	4072	1065	2160	253343	0	260640
23285	2879	1450	250648	4136	0	259113
23286	1334	250209	3644	3334	0	258521
23287	1452	3591	2258	250858	0	258159
23288	1351	3007	251206	3954	0	259518
23289	1400	1283	3488	240070	0	246241
23290	1151	250364	2764	3747	0	258026
23291	1142	255691	1240	2891	0	260964
23292	1471	5478	250683	1320	0	258952
23293	1460	2843	3371	246894	0	254568
23294	1063	1655	254670	4100	0	261488
23295	241095	839	3457	2864	0	248255
23296	3928	1093	2322	243470	0	250813
23297	2533	244013	1148	3414	0	251108
23298	1169	254248	1083	2461	0	258961
23299	248016	4740	799	1266	0	254821
23300	3226	255616	1082	1189	0	261113
23301	251648	3273	906	1370	0	257197
23302	3550	2739	247403	967	0	254659
23303	223330	890	3093	1287	0	228600
23304	3176	241234	2294	970	0	247674
23305	240647	3166	961	1008	0	245782
23306	3103	239427	934	806	0	244270
23307	2386	3301	588	235077	0	241352
23308	1199	2153	486	242876	0	246714
23309	822	1491	238863	4463	0	245639
23310	216926	873	2912	2884	0	223595
23311	3142	1364	238382	1078	0	243966
23312	237451	769	3145	951	0	242316
23313	3587	769	1985	236891	0	243232
23314	2470	753	721	239209	0	243153
23315	888	242464	1115	5092	0	249559
23316	1048	3431	693	253122	0	258294
23317	1182	2365	689	258193	0	262429
23318	897	1598	253508	5716	0	261719
23319	223697	749	3577	3459	0	231482
23320	3533	246914	2939	1287	0	254673
23321	246938	3467	763	1214	0	252382
23322	3934	2401	681	244277	0	251293
23323	2714	1020	586	249001	0	253321
23324	244071	653	743	5774	0	251241
23325	3650	248125	1317	3262	0	256354
23326	241578	3366	604	1245	0	246793
23327	3746	240932	1088	896	0	246662
23328	2420	239083	837	806	0	243146
23329	237447	4941	1177	952	0	244517
23330	3975	2428	723	229423	0	236549
23331	2415	1332	227352	3628	0	234727
23332	1245	774	3167	223889	0	229075
23333	1091	697	2136	223235	0	227159
23334	795	224951	1110	5209	0	232065
23335	1022	3713	467	228422	0	233624
23336	939	2553	459	228862	0	232813
23337	1013	911	464	232048	0	234436
23338	935	800	584	235996	0	238315
23339	752	1180	230120	6137	0	238189
23340	704	1318	234077	3476	0	239575
23341	872	831	5405	239732	0	246840
23342	884	1077	242188	4665	0	248814
23343	973	1274	240316	3279	0	245842
23344	1153	768	5907	241781	0	249609
23345	938	1270	253211	4871	0	260290
23346	1310	905	4384	234918	0	241517
23347	725	252740	3386	4510	0	261361
23348	257854	4191	1115	3417	0	266577
23349	4607	3365	281426	1610	0	291008
23350	3388	1084	5183	279405	0	289060
23351	1187	1388	290736	5813	0	299124
23352	1211	815	5537	306021	0	313584
23353	1272	869	3583	315216	0	320940
23354	310967	912	1309	9882	0	323070
23355	6652	779	1083	321461	0	329975
23356	309046	775	1178	7917	0	318916
23357	313720	696	1039	5739	0	321194
23358	9913	312517	1636	2465	0	326531
23359	309084	6405	920	2344	0	318753
23360	7063	305023	1580	2020	0	315686
23361	4503	310231	1483	2054	0	318271
23362	299744	9450	1691	2017	0	312902
23363	7087	4937	298482	1550	0	312056
23364	4317	1972	289437	1344	0	297070
23365	273301	1661	10273	1603	0	286838
23366	280474	949	4583	1562	0	287568
23367	8659	281395	1925	1255	0	293234
23368	288967	5594	1144	1521	0	297226
23369	290175	3810	1179	1662	0	296826
23370	287631	1240	1215	1498	0	291584
23371	9824	907	1005	279557	0	291293
23372	278048	772	991	6389	0	286200
23373	6597	283297	1420	4653	0	295967
23374	5057	5562	938	288146	0	299703
23375	2659	3652	895	288060	0	295266
23376	1924	287673	1555	9333	0	300485
23377	2148	5638	977	292700	0	301463
23378	284632	3961	974	7320	0	296887
23379	288222	1515	955	5269	0	295961
23380	9424	279712	1434	2733	0	293303
23381	5244	286661	1397	2317	0	295619
23382	284463	8724	898	2123	0	296208
23383	7184	5141	280708	2041	0	295074
23384	5409	2282	282223	2061	0	291975
23385	3346	1678	8821	273845	0	287690
23386	3107	1613	4466	283988	0	293174
23387	2735	2074	279314	9404	0	293527
23388	2740	270940	6580	5368	0	285628
23389	3296	6471	4440	260135	0	274342
23390	2878	5217	279593	6686	0	294374
23391	3181	1973	6313	276244	0	287711
23392	2898	1803	4641	271918	0	281260
23393	2423	284423	2582	9404	0	298832
23394	2925	6527	1609	281966	0	293027
23395	2783	4728	1572	285906	0	294989
23396	2738	2151	1712	290591	0	297192
23397	283209	1706	1483	10529	0	296927
23398	7865	1743	1350	271713	0	282671
23399	5757	279030	1872	7547	0	294206
23400	277568	6439	1387	5555	0	290949
23401	7934	5302	269904	3408	0	286548
23402	6085	2723	268736	3067	0	280611
23403	266731	1800	9008	2942	0	280481
23404	8103	2533	4802	273078	0	288516
23405	5789	2608	275558	7527	0	291482
23406	3565	1803	6444	274212	0	286024
23407	3230	1687	4930	281446	0	291293
23408	275540	1828	2443	10820	0	290631
23409	276331	1852	2042	6690	0	286915
23410	10570	279364	2381	3937	0	296252
23411	6547	6586	1989	276802	0	291924
23412	3615	5230	277831	7639	0	294315
23413	2891	286380	6750	6314	0	302335
23414	281910	6411	4628	3794	0	296743
23415	7273	290401	2872	3216	0	303762
23416	283297	6368	1916	3060	0	294641
23417	7508	5246	279937	2717	0	295408
23418	274127	2342	6055	3012	0	285536
23419	288750	2103	4480	2910	0	298243
23420	10276	2711	294939	2835	0	310761
23421	6284	2783	6590	279588	0	295245
23422	3398	294114	5257	6916	0	309685
23423	3144	306132	2668	5538	0	317482
23424	2741	311373	2511	3314	0	319939
23425	3667	10476	1820	297451	0	313414
23426	3215	5673	302683	7234	0	318805
23427	3168	2615	6183	300321	0	312287
23428	3290	2201	4161	309359	0	319011
23429	3257	2599	304069	10149	0	320074
23430	2700	299975	7032	9933	0	319640
23431	3021	6616	4392	299596	0	313625
23432	303774	4413	2022	7713	0	317922
23433	7329	2203	1995	305595	0	317122
23434	5492	2004	1806	301549	0	310851
23435	3019	301644	2253	10554	0	317470
23436	302749	6464	1633	6312	0	317158
23437	7515	4834	1525	310864	0	324738
23438	5526	2729	307540	7824	0	323619
23439	2800	305848	6461	5967	0	321076
23440	297215	5978	4366	3484	0	311043
23441	6553	5248	300099	2707	0	314607
23442	290620	2541	5881	2538	0	301580
23443	6959	2376	4239	289672	0	303246
23444	4532	298404	2918	5850	0	311704
23445	293353	5805	1976	4730	0	305864
23446	291617	4184	1885	2996	0	300682
23447	8196	300966	2592	2497	0	314251
23448	5174	5452	1770	292074	0	304470
23449	2346	3411	1346	281455	0	288558
23450	269796	1490	1490	7075	0	279851
23451	4665	273101	1946	4229	0	283941
23452	2994	4290	903	249686	0	257873
23453	1209	247263	1188	3488	0	253148
23454	840	242619	1105	2344	0	246908
23455	1489	3856	1017	231260	0	237622
23456	228491	1806	727	2905	0	233929
23457	2073	231137	848	2031	0	236089
23458	1707	2380	357	229140	0	233584
23459	787	1563	378	230997	0	233725
23460	690	1304	226147	3366	0	231507
23461	773	1168	214781	1982	0	218704
23462	571	224172	3201	1258	0	229202
23463	752	2611	220596	910	0	224869
23464	846	1773	2051	219250	0	223920
23465	726	1359	227803	2211	0	232099
23466	729	808	2006	227241	0	230784
23467	783	637	1403	232135	0	234958
23468	706	596	583	232820	0	234705
23469	225430	586	531	3809	0	230356
23470	2207	643	472	225961	0	229283
23471	1706	653	401	224836	0	227596
23472	687	224752	839	3513	0	229791
23473	801	2237	372	222768	0	226178
23474	222825	1532	500	3146	0	228003
23475	2020	228982	829	2065	0	233896
23476	229925	2256	403	1590	0	234174
23477	2410	2250	229153	1227	0	235040
23478	1764	1633	232358	1119	0	236874
23479	1046	825	3130	236922	0	241923
23480	846	1189	1697	243971	0	247703
23481	646	245932	1231	4021	0	251830
23482	909	2896	677	236969	0	241451
23483	242654	1821	610	3347	0	248432
23484	242416	911	634	2550	0	246511
23485	3830	771	568	247753	0	252922
23486	2034	1547	259888	3162	0	266631
23487	1156	745	2600	262492	0	266993
23488	985	760	1771	271671	0	275187
23489	904	728	783	274561	0	276976
23490	865	732	672	270569	0	272838
23491	903	801	635	265023	0	267362
23492	625	265687	1103	5161	0	272576
23493	261386	2881	667	3316	0	268250
23494	266303	2075	630	2112	0	271120
23495	269056	888	613	1940	0	272497
23496	4626	273733	1101	1744	0	281204
23497	271571	3125	512	1858	0	277066
23498	3346	273751	1009	1644	0	279750
23499	2604	4147	268556	1480	0	276787
23500	1418	2418	2995	260918	0	267749
23501	1192	1719	274612	4115	0	281638
23502	953	275897	3717	3210	0	283777
23503	271621	3455	2241	2080	0	279397
23504	3544	3096	280969	1697	0	289306
23505	2774	1937	295271	1603	0	301585
23506	1167	309076	6073	1636	0	317952
23507	1477	4077	3047	312548	0	321149
23508	1143	3780	330369	4779	0	340071
23509	1446	1342	4501	321146	0	328435
23510	1310	818	3097	360175	0	365400
23511	1239	792	1162	386363	0	389556
23512	401879	717	883	9906	0	413385
23513	403749	746	744	5465	0	410704
23514	10289	817	716	403900	0	415722
23515	406742	622	1080	8389	0	416833
23516	7856	1641	401197	5339	0	416033
23517	4953	1583	399380	2111	0	408027
23518	2075	1433	404431	1952	0	409891
23519	1736	1471	407469	2134	0	412810
23520	1294	394849	10727	2003	0	408873
23521	2658	6372	5326	383662	0	398018
23522	1564	4424	397441	6611	0	410040
23523	362280	988	6905	4751	0	374924
23524	393770	574	4368	2208	0	400920
23525	9293	389741	2873	5962	0	407869
23526	395302	5863	1989	1573	0	404727
23527	7277	3622	1896	393345	0	406140
23528	4482	2134	402843	6605	0	416064
23529	2376	1128	7248	375464	0	386216
23530	1270	406782	5505	6424	0	419981
23531	397642	6318	2106	4653	0	410719
23532	403014	3939	1611	2336	0	410900
23533	9713	405023	2160	1908	0	418804
23534	410894	6417	1157	2092	0	420560
23535	406106	4045	1283	2125	0	413559
23536	10409	408322	1933	1926	0	422590
23537	5946	6577	1188	390999	0	404710
23538	2233	403918	2109	6724	0	414984
23539	405435	7016	1164	4709	0	418324
23540	7729	5227	1241	402540	0	416737
23541	405040	1742	1464	7348	0	415594
23542	8553	1578	1116	403829	0	415076
23543	5494	2788	396311	7716	0	412309
23544	382746	1548	6626	5196	0	396116
23545	8198	2448	398993	2193	0	411832
23546	5987	1585	7136	391176	0	405884
23547	2959	2359	392285	7479	0	405082
23548	3064	1431	7281	389556	0	401332
23549	2506	2351	392297	8163	0	405317
23550	371423	1173	7751	5935	0	386282
23551	7513	388457	5872	2904	0	404746
23552	391942	6554	2525	2539	0	403560
23553	8627	4166	2144	387662	0	402599
23554	383162	1591	2309	7851	0	394913
23555	7861	385278	3062	5679	0	401880
23556	5277	386205	2944	2764	0	397190
23557	2816	401473	2915	2407	0	409611
23558	397035	10108	2033	2714	0	411890
23559	8265	5075	1913	395345	0	410598
23560	6042	2183	1648	402743	0	412616
23561	3196	2897	392602	10861	0	409556
23562	3019	3152	390197	5677	0	402045
23563	3462	2003	9796	392633	0	407894
23564	3001	3074	401171	7934	0	415180
23565	2552	394523	8485	5697	0	411257
23566	387183	7491	5512	3352	0	403538
23567	8175	5909	396382	2627	0	413093
23568	5747	3219	397144	2702	0	408812
23569	3236	2042	10983	387140	0	403401
23570	398723	1637	6013	8589	0	414962
23571	8312	1430	3119	402555	0	415416
23572	398933	1308	2955	8869	0	412065
23573	8819	1467	2871	401242	0	414399
23574	5826	2420	402709	8276	0	419231
23575	3106	395636	9276	5950	0	413968
23576	3155	7693	401820	3344	0	416012
23577	2395	401361	9573	2878	0	416207
23578	3462	8101	6029	388353	0	405945
23579	384737	4424	2784	8043	0	399988
23580	7949	2833	387461	5997	0	404240
23581	6259	1532	7348	383494	0	398633
23582	3768	1541	4936	395805	0	406050
23583	395205	1555	2458	11189	0	410407
23584	8183	1974	2381	384931	0	397469
23585	5320	394917	3272	7728	0	411237
23586	380254	7043	2487	5799	0	395583
23587	7576	5810	377707	3193	0	394286
23588	359448	2270	7048	2986	0	371752
23589	7819	379778	5696	2435	0	395728
23590	6210	7763	2265	356372	0	372610
23591	2914	384674	2560	6999	0	397147
23592	378752	6980	1819	5166	0	392717
23593	8003	5455	382096	2976	0	398530
23594	366308	2998	6659	3089	0	379054
23595	7699	384409	5324	2599	0	400031
23596	5843	6469	2014	383878	0	398204
23597	387226	4272	1736	7442	0	400676
23598	391662	2060	1846	5017	0	400585
23599	10408	1832	1643	387761	0	401644
23600	5884	2005	1695	389222	0	398806
23601	3007	386535	2707	9636	0	401885
23602	3228	7586	1767	383148	0	395729
23603	2424	429537	2872	7352	0	442185
23604	2445	448394	2728	5386	0	458953
23605	3077	15925	1815	396266	0	417083
23606	2135	419211	2501	8217	0	432064
23607	3423	8771	424069	5124	0	441387
23608	4436	5839	441309	2675	0	454259
23609	2159	441328	12880	3891	0	460258
23610	2788	9037	442838	1920	0	456583
23611	1729	5714	435248	1661	0	444352
23612	1452	2524	409013	1624	0	414613
23613	610	398517	12449	1216	0	412792
23614	382870	7964	6995	1439	0	399268
23615	6169	386409	2548	981	0	396107
23616	4172	8171	385925	662	0	398930
23617	1599	4384	7129	375171	0	388283
23618	376911	1553	4469	7037	0	389970
23619	6700	1737	380307	4086	0	392830
23620	4408	921	7320	370582	0	383231
23621	1623	1521	387610	6683	0	397437
23622	1232	913	7955	375024	0	385124
23623	370972	768	4850	7970	0	384560
23624	7023	1417	381552	4676	0	394668
23625	4180	382872	8182	1944	0	397178
23626	1940	7256	4676	365055	0	378927
23627	382460	4358	1794	7210	0	395822
23628	7388	2450	379579	4186	0	393603
23629	5229	1203	7906	339523	0	353861
23630	1648	375826	5679	6464	0	389617
23631	378737	7116	2148	4362	0	392363
23632	389590	4522	1647	1935	0	397694
23633	11663	1799	1435	376596	0	391493
23634	5662	391471	2201	7702	0	407036
23635	1949	407175	2069	5359	0	416552
23636	412781	11697	1329	2219	0	428026
23637	9276	6162	1421	394938	0	411797
23638	5486	414829	1992	8610	0	430917
23639	411291	9075	1264	5675	0	427305
23640	9633	5586	1199	415581	0	431999
23641	6063	2158	1447	422430	0	432098
23642	2296	2434	401184	13934	0	419848
23643	1491	413469	8877	7061	0	430898
23644	1588	430261	6080	2760	0	440689
23645	2155	13439	2083	419358	0	437035
23646	422943	6476	1472	9781	0	440672
23647	8827	425588	2231	6391	0	443037
23648	426733	9690	1343	2719	0	440485
23649	10045	428416	2165	1960	0	442586
23650	6509	10540	1348	419691	0	438088
23651	424738	6580	1269	9523	0	442110
23652	10212	2935	1282	427681	0	442110
23653	6532	2963	424355	10603	0	444453
23654	3189	2147	9300	398295	0	412931
23655	1859	420117	6880	9993	0	438849
23656	413809	10148	2370	6220	0	432547
23657	9445	419076	2662	3013	0	434196
23658	6854	10667	1722	398979	0	418222
23659	3341	6596	1699	417094	0	428730
23660	2250	4082	407543	14225	0	428100
23661	2243	3397	411179	7484	0	424303
23662	2551	3017	14152	400710	0	420430
23663	3776	3263	406663	10428	0	424130
23664	1940	401254	11482	7319	0	421995
23665	398744	10032	6596	3755	0	419127
23666	9809	7642	406688	2823	0	426962
23667	394319	3416	10280	3060	0	411075
23668	410464	2819	6874	2823	0	422980
23669	412197	2619	3297	2810	0	420923
23670	411856	2653	2698	2789	0	419996
23671	15696	2694	2640	399230	0	420260
23672	8509	2442	2714	388469	0	402134
23673	3638	394454	3841	14087	0	416020
23674	386631	9895	3088	7798	0	407412
23675	10733	7676	384540	3518	0	406467
23676	7834	3670	10277	376824	0	398605
23677	4465	2983	7057	385181	0	399686
23678	3355	3347	377889	14813	0	399404
23679	3175	378696	11353	8323	0	401547
23680	3945	10563	7240	359332	0	381080
23681	4083	7007	3380	386796	0	401266
23682	376097	3720	2647	15131	0	397595
23683	10619	374811	3089	9375	0	397894
23684	8146	10023	2330	360964	0	381463
23685	3683	374709	3355	11021	0	392768
23686	3786	11003	2354	376988	0	394131
23687	370261	6931	2141	12243	0	391576
23688	378024	3615	2282	8097	0	392018
23689	15481	2753	2204	369392	0	389830
23690	368536	2800	2001	11872	0	385209
23691	367637	2892	2119	8464	0	381112
23692	15044	361529	3033	4785	0	384391
23693	9339	10253	1959	344340	0	365891
23694	4604	359671	3145	10622	0	378042
23695	4875	10988	1612	359249	0	376724
23696	353503	7324	1618	11752	0	374197
23697	11581	3980	1602	354778	0	371941
23698	8422	3373	1434	359032	0	372261
23699	4614	3987	346376	15566	0	370543
23700	4328	332323	9300	8933	0	354884
23701	3951	349731	6158	4888	0	364728
23702	337538	13084	2276	4925	0	357823
23703	9251	7461	1244	291034	0	308990
23704	272210	2807	1366	8054	0	284437
23705	7823	263659	1857	6378	0	279717
23706	5173	249810	1609	3533	0	260125
23707	2738	257491	1701	2969	0	264899
23708	211327	7812	4518	2676	0	226333
23709	4530	212854	1662	1965	0	221011
23710	197214	4035	2507	2278	0	206034
23711	191887	2270	753	1634	0	196544
23712	197714	1124	563	1497	0	200898
23713	5227	971	517	208755	0	215470
23714	3115	946	575	214681	0	219317
23715	1619	907	519	217236	0	220281
23716	1402	924	496	216640	0	219462
23717	211182	799	518	6503	0	219002
23718	4320	208502	1054	3364	0	217240
23719	3216	3775	496	209320	0	216807
23720	209655	2271	505	4809	0	217240
23721	4616	984	479	207527	0	213606
23722	3143	764	407	209058	0	213372
23723	203316	751	462	6400	0	210929
23724	4283	1378	199341	3361	0	208363
23725	2954	853	3316	198920	0	206043
23726	1347	1246	200677	4621	0	207891
23727	1365	771	3548	196400	0	202084
23728	1454	1198	2010	197224	0	201886
23729	190668	575	673	6065	0	197981
23730	3800	187774	957	3290	0	195821
23731	2324	185998	818	1494	0	190634
23732	176962	4172	442	1304	0	182880
23733	3203	181064	749	1030	0	186046
23734	178697	2846	867	1422	0	183832
23735	3549	1978	174527	972	0	181026
23736	156676	674	2034	809	0	160193
23737	161299	217	904	760	0	163180
23738	163001	230	248	717	0	164196
23739	2801	242	158	159027	0	162228
23740	1324	228	193	159203	0	160948
23741	462	158670	529	2559	0	162220
23742	545	2330	152	157418	0	160445
23743	155005	970	157	2224	0	158356
23744	1738	153867	467	1283	0	157355
23745	911	153398	359	619	0	155287
23746	150613	2165	121	537	0	153436
23747	1710	1475	149911	354	0	153450
23748	1078	438	1471	147124	0	150111
23749	514	642	150779	1779	0	153714
23750	617	210	1531	145575	0	147933
23751	277	149885	1035	1608	0	152805
23752	418	1544	200	152387	0	154549
23753	149968	772	149	1941	0	152830
23754	1672	286	106	151313	0	153377
23755	947	747	154231	1970	0	157895
23756	138332	263	1665	1510	0	141770
23757	1788	156934	1168	600	0	160490
23758	1081	166829	575	518	0	169003
23759	172034	2476	181	742	0	175433
23760	180355	1165	178	681	0	182379
23761	3298	883	181704	508	0	186393
23762	171422	338	2271	824	0	174855
23763	2548	182410	1658	552	0	187168
23764	185656	2267	351	761	0	189035
23765	2806	1354	236	176307	0	180703
23766	1545	171294	602	2386	0	175827
23767	173599	2345	216	1716	0	177876
23768	2768	1882	173719	573	0	178942
23769	1780	481	2266	173676	0	178203
23770	177739	354	1298	2951	0	182342
23771	2783	830	176777	1667	0	182057
23772	176472	365	2426	955	0	180218
23773	3011	330	1340	176793	0	181474
23774	1880	333	420	180977	0	183610
23775	877	784	180058	3829	0	185548
23776	826	319	2473	179608	0	183226
23777	181408	281	1392	3371	0	186452
23778	2643	179420	937	2009	0	185009
23779	181870	2406	328	1226	0	185830
23780	182604	1470	319	1033	0	185426
23781	4150	581	284	181538	0	186553
23782	2067	1035	183944	3061	0	190107
23783	1118	420	2552	183933	0	188023
23784	185043	359	1507	3402	0	190311
23785	2930	183408	939	2071	0	189348
23786	188440	2547	390	1177	0	192554
23787	3491	1499	379	186921	0	192290
23788	2255	530	382	191226	0	194393
23789	1111	389	441	193421	0	195362
23790	793	911	188285	4630	0	194619
23791	1028	444	2739	189947	0	194158
23792	921	965	188956	3448	0	194290
23793	918	987	188364	1982	0	192251
23794	1049	503	4114	206003	0	211669
23795	865	1019	209652	3930	0	215466
23796	223591	464	3946	2769	0	230770
23797	4987	473	2244	238365	0	246069
23798	3370	475	1138	234149	0	239132
23799	1420	243566	1282	7049	0	253317
23800	246495	4626	781	3852	0	255754
23801	253204	2948	650	2026	0	258828
23802	7827	254708	1110	1344	0	264989
23803	4344	5070	502	253765	0	263681
23804	1927	3813	254498	5403	0	265641
23805	242501	1271	5047	3955	0	252774
23806	259627	723	3128	1941	0	265419
23807	8352	929	1239	247121	0	257641
23808	4368	1252	240384	5567	0	251571
23809	2032	237201	5556	3874	0	248663
23810	232648	5086	3156	1900	0	242790
23811	6092	3662	236040	1443	0	247237
23812	3634	232317	5542	1453	0	242946
23813	217350	4312	3953	1208	0	226823
23814	217581	2689	1495	1032	0	222797
23815	7135	1086	814	210916	0	219951
23816	3865	217390	1156	4305	0	226716
23817	2126	4465	695	227469	0	234755
23818	1552	2955	827	230973	0	236307
23819	1644	1246	702	229721	0	233313
23820	1540	827	659	233314	0	236340
23821	1240	1281	226842	8089	0	237452
23822	1450	764	4470	229839	0	236523
23823	1458	833	2875	234150	0	239316
23824	1419	1225	229622	7704	0	239970
23825	1068	229156	5089	4683	0	239996
23826	229992	4529	3169	2544	0	240234
23827	232935	3017	1359	2144	0	239455
23828	7516	1257	867	232058	0	241698
23829	234186	687	929	5978	0	241780
23830	5948	838	908	237263	0	244957
23831	3949	1186	238550	6514	0	250199
23832	2297	1137	238329	4609	0	246372
23833	1439	236523	7858	2742	0	248562
23834	232529	4796	4091	2291	0	243707
23835	5894	4055	248883	1837	0	260669
23836	4744	1601	5870	229926	0	242141
23837	2753	1058	4052	257921	0	265784
23838	2226	958	1901	266876	0	271961
23839	2106	1053	1290	268095	0	272544
23840	2122	902	1289	269332	0	273645
23841	1848	1452	258330	11978	0	273608
23842	1962	988	6464	262728	0	272142
23843	257654	1080	4630	8895	0	272259
23844	6842	257416	2784	6565	0	273607
23845	258738	6185	1794	3673	0	270390
23846	7354	261050	2306	2913	0	273623
23847	262184	7151	1395	3007	0	273737
23848	268736	4585	1405	2884	0	277610
23849	11152	1973	1426	261128	0	275679
23850	6596	1364	1209	268236	0	277405
23851	260696	1185	1317	11585	0	274783
23852	258008	1261	1348	7108	0	267725
23853	260914	1370	1243	4008	0	267535
23854	11153	251020	1964	3233	0	267370
23855	6257	255017	1930	2841	0	266045
23856	3494	9832	249425	2801	0	265552
23857	3259	6094	6215	242885	0	258453
23858	2486	2597	242681	8125	0	255889
23859	2106	234147	7215	6376	0	249844
23860	2321	5926	4434	222279	0	234960
23861	2409	3965	1921	225410	0	233705
23862	2401	1762	1410	231686	0	237259
23863	223360	1392	1271	10639	0	236662
23864	224424	1329	1252	6709	0	233714
23865	9282	224998	1885	3632	0	239797
23866	5955	5669	1342	226087	0	239053
23867	3148	4613	225902	7139	0	240802
23868	2402	2810	221757	5357	0	232326
23869	219911	1920	8724	3443	0	233998
23870	226978	1358	5058	3029	0	236423
23871	9709	1120	2266	223514	0	236609
23872	226727	1076	1853	7675	0	237331
23873	7776	1723	221171	6018	0	236688
23874	5583	220571	6368	3887	0	236409
23875	3332	5745	4448	221084	0	234609
23876	2546	4625	227469	7623	0	242263
23877	2565	2105	6462	227856	0	238988
23878	2595	1504	4734	231914	0	240747
23879	2273	1804	230223	10931	0	245231
23880	216917	1291	6191	7541	0	231940
23881	233098	1247	4589	4768	0	243702
23882	9480	238453	2952	3882	0	254767
23883	246855	5972	1739	3898	0	258464
23884	251295	4513	1561	3709	0	261078
23885	11289	2678	248744	3634	0	266345
23886	245220	1628	6443	3603	0	256894
23887	8679	260496	5605	3231	0	278011
23888	265023	6773	2227	3161	0	277184
23889	271895	4809	1894	2875	0	281473
23890	278965	2361	1791	2691	0	285808
23891	266541	1899	1546	2959	0	272945
23892	276870	1771	1448	2858	0	282947
23893	13095	269067	2197	2809	0	287168
23894	254943	6101	1399	2386	0	264829
23895	8447	251774	2134	2204	0	264559
23896	4974	223375	1462	1801	0	231612
23897	2585	233379	1585	1632	0	239181
23898	225432	7690	3088	1819	0	238029
23899	225232	3851	1168	1685	0	231936
23900	8488	1992	220096	1410	0	231986
23901	226621	1266	4610	1561	0	234058
23902	230350	1056	3345	1682	0	236433
23903	9119	1581	232641	1454	0	244795
23904	5340	1021	5664	228448	0	240473
23905	3027	1083	3880	227731	0	235721
23906	2355	1081	1360	242560	0	247356
23907	2356	1037	995	244615	0	249003
23908	2559	934	922	245227	0	249642
23909	1944	1536	235710	9826	0	249016
23910	2017	235400	6241	5186	0	248844
23911	230504	5533	3755	2188	0	241980
23912	6579	234232	1845	1824	0	244480
23913	235010	6015	1174	1663	0	243862
23914	234614	3946	1014	1605	0	241179
23915	9811	2040	228255	1443	0	241549
23916	5779	1840	5580	202317	0	215516
23917	2597	220150	4256	5200	0	232203
23918	222460	5557	1509	3796	0	233322
23919	224039	3655	1140	2042	0	230876
23920	227426	1453	1090	1630	0	231599
23921	9581	225535	1549	1360	0	238025
23922	229346	5319	1074	1367	0	237106
23923	231543	3704	945	1329	0	237521
23924	233533	1448	768	1257	0	237006
23925	10194	1177	880	223111	0	235362
23926	5892	1094	818	228634	0	236438
23927	3453	1027	696	232958	0	238134
23928	225926	1080	783	8527	0	236316
23929	6809	226265	1218	4395	0	238687
23930	229046	5214	615	1713	0	236588
23931	224501	3647	717	1268	0	230133
23932	219955	1383	704	1130	0	223172
23933	220378	1254	593	960	0	223185
23934	9594	211698	1016	954	0	223262
23935	197547	4497	472	933	0	203449
23936	6138	194549	793	788	0	202268
23937	3702	189649	695	672	0	194718
23938	187262	5497	589	832	0	194180
23939	4756	185085	723	703	0	191267
23940	3373	189110	672	651	0	193806
23941	187890	5411	950	797	0	195048
23942	189519	2856	341	787	0	193503
23943	6289	1340	284	183079	0	190992
23944	3715	1031	288	188651	0	193685
23945	190703	965	321	5583	0	197572
23946	197305	955	386	2904	0	201550
23947	192475	927	473	1383	0	195258
23948	6195	1349	188792	772	0	197108
23949	195172	960	3305	1130	0	200567
23950	5059	970	2085	196531	0	204645
23951	3806	807	741	199710	0	205064
23952	2324	833	573	201833	0	205563
23953	2038	760	507	202851	0	206156
23954	1864	1188	192490	5993	0	201535
23955	1805	1250	194426	3064	0	200545
23956	1964	819	5000	195002	0	202785
23957	1805	1222	196789	4339	0	204155
23958	1951	1392	196174	3004	0	202521
23959	2211	866	5269	191290	0	199636
23960	2113	855	2711	202555	0	208234
23961	2060	817	1116	208835	0	212828
23962	2033	972	808	207029	0	210842
23963	204934	862	690	6777	0	213263
23964	213310	874	790	3877	0	218851
23965	6939	822	632	207884	0	216277
23966	4226	795	695	210075	0	215791
23967	2516	853	689	211138	0	215196
23968	2380	778	679	210217	0	214054
23969	2337	844	633	207509	0	211323
23970	2203	203603	1061	6602	0	213469
23971	203863	3799	620	3949	0	212231
23972	4854	206384	1068	2203	0	214509
23973	207289	4186	501	2167	0	214143
23974	208057	2793	414	2001	0	213265
23975	208988	1305	406	1819	0	212518
23976	7503	1100	394	197314	0	206311
23977	200413	1013	373	4606	0	206405
23978	5767	1046	392	197282	0	204487
23979	4424	1256	341	196218	0	202239
23980	193820	1010	331	6258	0	201419
23981	5299	190107	755	3457	0	199618
23982	3383	185789	629	1641	0	191442
23983	179874	4341	285	1439	0	185939
23984	4248	2622	177813	1340	0	186023
23985	159669	1249	2981	1359	0	165258
23986	4831	1658	1677	170199	0	178365
23987	2844	161705	756	2981	0	168286
23988	1684	165872	580	2096	0	170232
23989	163223	3697	521	1499	0	168940
23990	3302	2087	259	164506	0	170154
23991	2117	172793	582	2606	0	178098
23992	170791	2403	352	1957	0	175503
23993	171498	1488	221	1081	0	174288
23994	172534	743	198	1007	0	174482
23995	172655	646	161	969	0	174431
23996	3665	165432	526	821	0	170444
23997	1502	163340	435	574	0	165851
23998	163788	2344	184	733	0	167049
23999	166285	1172	185	771	0	168413
24000	2845	1014	164160	730	0	168749
24001	1166	160585	1398	398	0	163547
24002	159598	1169	954	493	0	162214
24003	166435	761	205	448	0	167849
24004	2387	766	168091	232	0	171476
24005	160109	321	1680	661	0	162771
24006	2451	631	180620	376	0	184078
24007	1302	688	196051	398	0	198439
24008	818	567	3746	166709	0	171840
24009	336	190035	2040	2168	0	194579
24010	204940	2748	470	1723	0	209881
24011	3104	1585	197	204872	0	209758
24012	2015	389	174	207824	0	210402
24013	756	215	221	212147	0	213339
24014	208015	138	202	5109	0	213464
24015	3297	178	218	208656	0	212349
24016	2063	188	237	214666	0	217154
24017	700	766	212062	4800	0	218328
24018	198034	257	3159	2893	0	204343
24019	214402	242	1810	1121	0	217575
24020	5431	622	215317	647	0	222017
24021	206160	195	3453	749	0	210557
24022	4186	254	1917	205900	0	212257
24023	2383	210430	943	3581	0	217337
24024	1135	3431	340	213302	0	218208
24025	207918	1899	300	4293	0	214410
24026	3591	211279	756	2449	0	218075
24027	2613	3532	330	212712	0	219187
24028	1261	1961	303	217193	0	220718
24029	937	539	390	218338	0	220204
24030	925	387	439	205236	0	206987
24031	722	215608	782	5637	0	222749
24032	215505	3889	304	2878	0	222576
24033	218731	2328	396	1383	0	222838
24034	6166	224593	685	1061	0	232505
24035	244302	4268	282	1184	0	250036
24036	252445	2523	266	1229	0	256463
24037	251395	777	319	1324	0	253815
24038	8616	923	242767	1014	0	253320
24039	4536	464	5023	240167	0	250190
24040	1711	1086	240130	5586	0	248513
24041	231354	485	5441	3758	0	241038
24042	5855	241471	3478	1606	0	252410
24043	239692	5184	1047	1162	0	247085
24044	6375	243958	1195	1032	0	252560
24045	4560	5726	616	229531	0	240433
24046	2402	3196	721	237561	0	243880
24047	1670	1594	235186	8016	0	246466
24048	1264	237292	6081	4406	0	249043
24049	233448	5541	3559	1902	0	244450
24050	6488	3901	235504	1322	0	247215
24051	233090	1515	5751	1321	0	241677
24052	7019	1324	3470	235254	0	247067
24053	4464	1477	236776	6539	0	249256
24054	1944	235784	6270	4644	0	248642
24055	1935	5829	3521	234626	0	245911
24056	1672	4199	237126	6339	0	249336
24057	1944	2063	238501	4139	0	246647
24058	1930	233723	8881	2201	0	246735
24059	2422	5789	4249	226218	0	238678
24060	2261	3626	1802	218126	0	225815
24061	1770	226855	1834	8491	0	238950
24062	227345	5825	1336	4688	0	239194
24063	6754	3798	1409	219618	0	231579
24064	4396	224121	1869	6191	0	236577
24065	227183	5743	1475	4461	0	238862
24066	227952	3781	1616	2355	0	235704
24067	232305	1919	1498	1940	0	237662
24068	9664	225852	1669	2187	0	239372
24069	231651	5995	1227	2325	0	241198
24070	233282	4218	1279	2021	0	240800
24071	10026	2167	1068	226080	0	239341
24072	230818	1580	954	7085	0	240437
24073	7981	1710	905	230552	0	241148
24074	5312	1996	224998	7521	0	239827
24075	3317	1754	231144	4963	0	241178
24076	3042	1386	8572	230235	0	243235
24077	2605	1910	234908	7346	0	246769
24078	221543	1486	6822	5191	0	235042
24079	8165	1222	4187	233993	0	247567
24080	5744	1176	2004	239567	0	248491
24081	3185	1761	232685	10271	0	247902
24082	2587	225603	7025	5928	0	241143
24083	2465	237002	5029	3141	0	247637
24084	2657	8819	2374	226642	0	240492
24085	2732	4548	1702	233272	0	242254
24086	2438	2398	225298	9810	0	239944
24087	2478	2016	229788	5485	0	239767
24088	2750	1749	9052	227144	0	240695
24089	2299	1957	225394	7783	0	237433
24090	216685	1767	7017	5252	0	230721
24091	7782	2011	4210	220301	0	234304
24092	224098	1910	1784	7604	0	235396
24093	8175	1661	1471	222605	0	233912
24094	5546	1523	1608	227157	0	235834
24095	3049	1866	219952	10359	0	235226
24096	2458	221170	7466	5930	0	237024
24097	2887	6278	4682	220749	0	234596
24098	2462	4440	220794	7577	0	235273
24099	2466	215458	7285	5096	0	230305
24100	2894	5974	4644	215609	0	229121
24101	214913	3785	2384	7234	0	228316
24102	6799	2003	216077	5281	0	230160
24103	199250	1117	6495	3102	0	209964
24104	6813	1547	203876	2261	0	214497
24105	179673	1217	6315	2142	0	189347
24106	5639	186447	4314	2165	0	198565
24107	3216	175225	2263	1724	0	182428
24108	2015	8388	1864	158271	0	170538
24109	1266	166714	1662	4300	0	173942
24110	161850	4249	1287	3545	0	170931
24111	4352	2674	1321	162332	0	170679
24112	3079	1227	1247	165281	0	170834
24113	1672	1003	1037	167879	0	171591
24114	1150	1209	160408	6535	0	169302
24115	1355	1122	3899	160570	0	166946
24116	1098	1315	159248	4934	0	166595
24117	964	153804	4554	3424	0	162746
24118	144652	3360	2721	1861	0	152594
24119	3641	152276	1614	1470	0	159001
24120	155047	3416	1078	1745	0	161286
24121	156073	2248	881	1885	0	161087
24122	157314	933	961	1780	0	160988
24123	155600	746	1075	1660	0	159081
24124	5438	980	148824	1532	0	156774
24125	3044	908	3587	147589	0	155128
24126	1656	1030	2601	149840	0	155127
24127	1536	1001	1175	154432	0	158144
24128	135941	960	1161	5613	0	143675
24129	139604	864	1012	3293	0	144773
24130	5068	148871	1172	2012	0	157123
24131	3094	2948	144441	1322	0	151805
24132	1836	1947	144644	1266	0	149693
24133	1263	141776	4681	1362	0	149082
24134	1076	140864	2736	1372	0	146048
24135	3509	3872	3014	115264	0	125659
24136	792	1374	675	111425	0	114266
24137	113971	568	485	2628	0	117652
24138	1630	114062	690	1597	0	117979
24139	1449	1558	478	117009	0	120494
24140	754	1452	119888	1947	0	124041
24141	730	544	1624	123332	0	126230
24142	687	450	1296	126317	0	128750
24143	698	391	583	128280	0	129952
24144	745	422	524	126372	0	128063
24145	765	546	122264	3034	0	126609
24146	639	118460	1876	1895	0	122870
24147	594	121125	1438	913	0	124070
24148	115661	2122	610	807	0	119200
24149	1602	117647	675	682	0	120606
24150	1270	122256	591	625	0	124742
24151	907	2311	508	120254	0	123980
24152	692	1223	453	122459	0	124827
24153	686	573	488	122980	0	124727
24154	714	787	120991	2659	0	125151
24155	621	120488	1591	1778	0	124478
24156	729	1612	1030	116321	0	119692
24157	526	122188	663	1722	0	125099
24158	120541	1509	560	1490	0	124100
24159	1398	121823	698	965	0	124884
24160	120661	1581	495	1068	0	123805
24161	1550	1401	119588	867	0	123406
24162	118685	687	1490	869	0	121731
24163	1660	658	1035	122591	0	125944
24164	1302	859	124260	1720	0	128141
24165	118713	590	1471	1433	0	122207
24166	124424	574	1129	818	0	126945
24167	125667	537	547	734	0	127485
24168	2494	552	518	123347	0	126911
24169	1409	829	124341	1850	0	128429
24170	117561	564	1535	1696	0	121356
24171	1820	575	1079	128906	0	132380
24172	1429	505	475	130153	0	132562
24173	844	814	131623	2543	0	135824
24174	681	130855	1574	1592	0	134702
24175	815	1643	1027	123923	0	127408
24176	530	130334	714	1623	0	133201
24177	126289	1479	546	1361	0	129675
24178	126654	1013	454	858	0	128979
24179	2173	550	407	125572	0	128702
24180	125415	455	429	1759	0	128058
24181	1572	124709	522	1292	0	128095
24182	124312	1338	331	851	0	126832
24183	1590	126279	508	682	0	129059
24184	1408	1439	391	125383	0	128621
24185	936	1107	282	123554	0	125879
24186	717	126351	546	1955	0	129569
24187	763	1461	357	126281	0	128862
24188	618	1228	124405	1712	0	127963
24189	463	122258	1314	1250	0	125285
24190	114313	1005	661	706	0	116685
24191	1031	116260	598	585	0	118474
24192	844	949	253	114798	0	116844
24193	460	941	114829	1164	0	117394
24194	444	463	935	113667	0	115509
24195	405	318	577	115891	0	117191
24196	110040	236	274	1821	0	112371
24197	1072	537	113593	1007	0	116209
24198	769	114253	1057	813	0	116892
24199	454	1224	118648	490	0	120816
24200	314	874	118550	462	0	120200
24201	376	536	118967	401	0	120280
24202	859	1599	1699	112018	0	116175
24203	121714	146	970	1261	0	124091
24204	1063	122140	412	854	0	124469
24205	125725	1149	213	480	0	127567
24206	128821	722	200	521	0	130264
24207	1836	248	196	126038	0	128318
24208	809	128486	361	1279	0	130935
24209	127363	1206	94	1017	0	129680
24210	1224	129695	327	345	0	131591
24211	939	1370	143	124103	0	126555
24212	405	794	123	131600	0	132922
24213	208	131998	348	1925	0	134479
24214	295	1249	138	133377	0	135059
24215	317	1131	128629	1459	0	131536
24216	317	631	128710	879	0	130537
24217	305	263	1775	130420	0	132763
24218	264	239	797	133531	0	134831
24219	298	467	127319	1943	0	130027
24220	252	493	124011	1024	0	125780
24221	109394	226	1958	688	0	112266
24222	1240	123627	1122	386	0	126375
24223	898	132002	478	456	0	133834
24224	415	1927	250	126732	0	129324
24225	319	887	243	128767	0	130216
24226	340	309	221	130970	0	131840
24227	316	581	128084	1979	0	130960
24228	338	542	125890	1019	0	127789
24229	361	265	1945	129474	0	132045
24230	372	541	129550	1467	0	131930
24231	233	127507	1551	1342	0	130633
24232	126140	1344	1190	641	0	129315
24233	1451	1131	127109	384	0	130075
24234	998	541	126337	342	0	128218
24235	440	301	2060	127485	0	130286
24236	366	551	141471	1755	0	144143
24237	241	144213	2016	1337	0	147807
24238	444	1789	1174	146769	0	150176
24239	407	1398	148193	2002	0	152000
24240	244	144502	2195	1428	0	148369
24241	142570	1829	1423	666	0	146488
24242	1947	1278	493	141857	0	145575
24243	1281	437	354	143293	0	145365
24244	142465	309	304	3075	0	146153
24245	1761	142251	554	1594	0	146160
24246	143927	1826	285	707	0	146745
24247	143790	1258	288	559	0	145895
24248	144219	348	255	625	0	145447
24249	3092	292	293	140168	0	143845
24250	136532	262	299	2112	0	139205
24251	2167	124793	567	1500	0	129027
24252	1373	132537	552	591	0	135053
24253	137097	2778	327	551	0	140753
24254	2212	1373	255	139176	0	143016
24255	1610	417	255	140451	0	142733
24256	633	323	236	141954	0	143146
24257	486	610	135346	3383	0	139825
24258	364	135753	2128	1716	0	139961
24259	522	2068	1314	138524	0	142428
24260	138302	1307	413	2402	0	142424
24261	2121	393	325	139023	0	141862
24262	1426	587	136641	2583	0	141237
24263	448	136391	2315	1775	0	140929
24264	136527	2035	1513	823	0	140898
24265	136948	1535	579	663	0	139725
24266	137615	547	427	678	0	139267
24267	3572	370	382	136727	0	141051
24268	1790	590	135884	2460	0	140724
24269	842	639	139108	1926	0	142515
24270	594	145011	3782	780	0	150167
24271	884	2625	1775	144293	0	149577
24272	798	1746	452	148143	0	151139
24273	141623	528	342	4342	0	146835
24274	2943	443	363	145571	0	149320
24275	150289	402	484	3252	0	154427
24276	3286	675	147574	2163	0	153698
24277	2297	735	150178	992	0	154202
24278	1042	347	4440	147413	0	153242
24279	925	308	2147	151774	0	155154
24280	810	386	615	156285	0	158096
24281	157122	368	516	5140	0	163146
24282	166597	352	616	2567	0	170132
24283	5353	392	610	167450	0	173805
24284	2663	577	165468	4128	0	172836
24285	875	558	169452	3090	0	173975
24286	868	368	5560	168004	0	174800
24287	172172	356	2807	4174	0	179509
24288	4152	381	803	171678	0	177014
24289	3095	364	621	175216	0	179296
24290	982	600	172625	6215	0	180422
24291	744	623	172590	3296	0	177253
24292	163308	363	6047	1656	0	171374
24293	4149	644	172993	1186	0	178972
24294	3131	368	4053	165824	0	173376
24295	1407	363	2754	170055	0	174579
24296	168951	286	974	6175	0	176386
24297	3916	166617	1283	3360	0	175176
24298	165918	3389	997	1376	0	171680
24299	3995	161604	1110	1132	0	167841
24300	157115	3415	765	1167	0	162462
24301	4084	2464	153046	1305	0	160899
24302	139131	1132	4177	1237	0	145677
24303	144446	397	2415	982	0	148240
24304	5480	816	830	142940	0	150066
24305	2986	609	141013	3425	0	148033
24306	1420	441	3352	135505	0	140718
24307	1145	355	2450	135435	0	139385
24308	834	135110	1198	5376	0	142518
24309	1186	2876	756	130701	0	135519
24310	967	135471	912	3657	0	141007
24311	1177	3127	589	135323	0	140216
24312	133194	2088	593	4059	0	139934
24313	3619	702	570	134808	0	139699
24314	2772	674	132595	3899	0	139940
24315	129782	571	3352	3003	0	136708
24316	3843	645	136738	1521	0	142747
24317	135136	454	3591	1337	0	140518
24318	138522	363	2537	1426	0	142848
24319	5638	136139	1364	1341	0	144482
24320	3129	142649	1165	1181	0	148124
24321	141371	5121	886	1195	0	148573
24322	145557	2619	838	1196	0	150210
24323	143173	704	841	1224	0	145942
24324	143540	545	679	1368	0	146132
24325	143445	516	705	1300	0	145966
24326	6467	692	697	138158	0	146014
24327	3715	576	710	142065	0	147066
24328	1754	926	139196	5829	0	147705
24329	136110	540	3719	3275	0	143644
24330	4653	454	2696	137902	0	145705
24331	3579	476	1007	140847	0	145909
24332	1801	715	138730	5994	0	147240
24333	1445	134584	4007	3580	0	143616
24334	1547	139635	3107	1661	0	145950
24335	135086	5159	1280	1580	0	143105
24336	125314	2434	851	1264	0	129863
24337	5389	118385	1061	1225	0	126060
24338	2882	117767	965	980	0	122594
24339	117376	4313	833	1000	0	123522
24340	121694	2269	596	1130	0	125689
24341	5291	697	610	118551	0	125149
24342	3194	585	596	119936	0	124311
24343	1626	601	545	123706	0	126478
24344	119551	601	546	5193	0	125891
24345	121645	518	613	2905	0	125681
24346	5453	542	602	121285	0	127882
24347	126269	566	551	3656	0	131042
24348	4116	813	126251	2784	0	133964
24349	3385	511	3067	127159	0	134122
24350	1641	737	127827	3839	0	134044
24351	1302	125790	3593	2976	0	133661
24352	1657	3422	2615	124400	0	132094
24353	123970	2229	921	3586	0	130706
24354	4042	662	696	124187	0	129587
24355	3190	518	613	125168	0	129489
24356	1445	738	122414	5470	0	130067
24357	1376	733	123486	3105	0	128700
24358	1299	124540	5027	1434	0	132300
24359	124968	3045	2400	1206	0	131619
24360	127100	2260	808	1153	0	131321
24361	128581	729	663	1183	0	131156
24362	129888	563	633	1134	0	132218
24363	5869	519	626	125566	0	132580
24364	3383	592	610	122810	0	127395
24365	1616	127548	823	4965	0	134952
24366	128214	2969	627	2716	0	134526
24367	128184	2182	566	1319	0	132251
24368	5471	875	123996	1073	0	131415
24369	110005	430	2537	867	0	113839
24370	3326	113703	2205	873	0	120107
24371	2717	4383	655	105832	0	113587
24372	1299	114326	689	2596	0	118910
24373	111893	2684	643	2261	0	117481
24374	2995	112870	685	927	0	117477
24375	2471	2432	428	106479	0	111810
24376	1228	1727	368	108188	0	111511
24377	999	615	355	105918	0	107887
24378	836	103652	513	3937	0	108938
24379	1047	3021	363	104129	0	108560
24380	1277	2635	395	100272	0	104579
24381	720	93756	496	3332	0	98304
24382	600	89247	452	1749	0	92048
24383	82596	2419	273	716	0	86004
24384	1738	84322	371	698	0	87129
24385	79924	1637	231	630	0	82422
24386	1839	1334	78753	501	0	82427
24387	1310	77429	1405	525	0	80669
24388	76950	1403	1087	522	0	79962
24389	76294	1088	318	589	0	78289
24390	2335	577	75618	489	0	79019
24391	1460	433	1229	74383	0	77505
24392	642	447	76953	1542	0	79584
24393	506	75466	1486	1346	0	78804
24394	74542	1467	1069	625	0	77703
24395	1432	75487	452	501	0	77872
24396	1305	1415	257	73736	0	76713
24397	708	1124	218	75973	0	78023
24398	560	552	75162	2159	0	78433
24399	559	502	73086	1249	0	75396
24400	70191	431	2079	658	0	73359
24401	75304	363	1063	524	0	77254
24402	75929	382	332	521	0	77164
24403	75876	363	275	520	0	77034
24404	2344	75454	419	534	0	78751
24405	1480	1342	314	75430	0	78566
24406	710	1128	267	75552	0	77657
24407	596	77959	391	2183	0	81129
24408	78991	1442	241	1306	0	81980
24409	79449	1144	227	674	0	81494
24410	2401	607	79221	571	0	82800
24411	79196	379	1360	519	0	81454
24412	1843	371	1098	79976	0	83288
24413	1462	526	79647	1482	0	83117
24414	885	613	1386	79051	0	81935
24415	643	527	80485	1630	0	83285
24416	578	453	77203	1137	0	79371
24417	683	940	1944	72189	0	75756
24418	369	74790	1130	1234	0	77523
24419	74316	1148	391	1082	0	76937
24420	72325	937	265	541	0	74068
24421	1920	76286	378	504	0	79088
24422	1091	77753	381	384	0	79609
24423	78533	1681	387	509	0	81110
24424	79077	933	248	467	0	80725
24425	79726	400	246	381	0	80753
24426	79724	303	232	363	0	80622
24427	2059	382	162	79524	0	82127
24428	1117	410	79024	1209	0	81760
24429	502	78564	1283	883	0	81232
24430	77117	1159	837	420	0	79533
24431	1262	79836	373	304	0	81775
24432	79176	1119	221	347	0	80863
24433	78902	804	167	343	0	80216
24434	1852	435	80141	307	0	82735
24435	957	82557	1177	237	0	84928
24436	530	1240	758	82193	0	84721
24437	440	822	227	83865	0	85354
24438	438	298	196	82722	0	83654
24439	81485	248	152	1802	0	83687
24440	78517	231	193	984	0	79925
24441	79391	246	189	428	0	80254
24442	1762	79511	302	343	0	81918
24443	78560	1009	160	374	0	80103
24444	1152	79509	262	353	0	81276
24445	963	1217	77975	348	0	80503
24446	387	78657	1033	269	0	80346
24447	743	1595	1005	71951	0	75294
24448	339	492	152	71061	0	72044
24449	249	355	70330	1060	0	71994
24450	285	168	705	68431	0	69589
24451	270	178	432	70568	0	71448
24452	70877	161	147	1211	0	72396
24453	69650	145	141	623	0	70559
24454	70969	137	128	353	0	71587
24455	1146	71586	275	226	0	73233
24456	71476	718	129	269	0	72592
24457	69431	456	117	277	0	70281
24458	1173	71422	231	211	0	73037
24459	712	817	140	71498	0	73167
24460	407	507	144	72435	0	73493
24461	71022	189	134	1241	0	72586
24462	930	327	70229	666	0	72152
24463	627	67846	827	342	0	69642
24464	393	1433	448	63361	0	65635
24465	203	64606	236	677	0	65722
24466	209	65506	191	521	0	66427
24467	65358	973	235	378	0	66944
24468	65136	451	108	245	0	65940
24469	1053	176	66	65509	0	66804
24470	598	189	68	64638	0	65493
24471	322	148	85	65004	0	65559
24472	296	155	81	64810	0	65342
24473	241	312	62586	1062	0	64201
24474	230	266	59355	552	0	60403
24475	247	167	900	62658	0	63972
24476	224	305	66358	808	0	67695
24477	189	66843	810	581	0	68423
24478	67611	708	434	319	0	69072
24479	68651	475	144	293	0	69563
24480	1214	197	122	68769	0	70302
24481	660	149	100	69762	0	70671
24482	351	154	119	70318	0	70942
24483	247	71341	207	1170	0	72965
24484	71512	785	91	688	0	73076
24485	71518	503	94	385	0	72500
24486	1301	371	71222	261	0	73155
24487	756	164	791	76005	0	77716
24488	314	300	78880	1246	0	80740
24489	308	158	1094	85987	0	87547
24490	320	183	621	86164	0	87288
24491	302	166	196	86961	0	87625
24492	326	178	151	89504	0	90159
24493	88610	150	184	2396	0	91340
24494	91883	214	147	1248	0	93492
24495	95177	169	146	538	0	96030
24496	2770	189	98	94305	0	97362
24497	1333	302	93066	1810	0	96511
24498	89932	154	1564	1306	0	92956
24499	1943	132	1017	94022	0	97114
24500	95564	156	267	1956	0	97943
24501	1980	123	208	94601	0	96912
24502	1245	92624	326	1983	0	96178
24503	416	97787	356	1402	0	99961
24504	533	2438	190	96978	0	100139
24505	511	1122	211	97348	0	99192
24506	507	334	131	96954	0	97926
24507	393	95123	319	2793	0	98628
24508	93809	1659	128	1470	0	97066
24509	1721	95192	267	700	0	97880
24510	1089	1893	94600	569	0	98151
24511	490	1136	1647	92420	0	95693
24512	340	97426	1197	1973	0	100936
24513	441	1796	305	97103	0	99645
24514	404	1140	238	98382	0	100164
24515	344	524	96798	3077	0	100743
24516	88289	292	1760	1857	0	92198
24517	1885	100111	1303	893	0	104192
24518	102091	1739	285	794	0	104909
24519	103834	1109	216	738	0	105897
24520	104641	357	180	740	0	105918
24521	3289	490	98458	559	0	102796
24522	1768	285	1904	96219	0	100176
24523	818	300	1181	98744	0	101043
24524	617	445	96532	3196	0	100790
24525	87116	302	1968	1939	0	91325
24526	2246	502	97800	921	0	101469
24527	1442	377	95949	769	0	98537
24528	475	96608	2825	758	0	100666
24529	568	1814	1413	95431	0	99226
24530	434	1381	97126	2054	0	100995
24531	90242	383	1827	1535	0	93987
24532	94544	325	1198	757	0	96824
24533	2876	435	95548	655	0	99514
24534	1543	354	1843	95304	0	99044
24535	654	485	97774	2112	0	101025
24536	469	97578	2064	1553	0	101664
24537	100816	1750	1302	875	0	104743
24538	102999	1158	469	758	0	105384
24539	104697	415	427	664	0	106203
24540	3236	347	402	102696	0	106681
24541	1722	329	398	105483	0	107932
24542	731	594	103285	3214	0	107824
24543	100113	349	1963	1744	0	104169
24544	2404	319	1300	103746	0	107769
24545	103408	294	561	2298	0	106561
24546	2438	454	103209	1767	0	107868
24547	1585	451	105863	973	0	108872
24548	813	292	3086	101530	0	105721
24549	780	304	1595	107514	0	110193
24550	733	529	106543	3202	0	111007
24551	101494	285	2209	1876	0	105864
24552	2443	360	1573	102293	0	106669
24553	1570	109327	992	2151	0	114040
24554	109999	1877	611	1765	0	114252
24555	2254	112633	737	1005	0	116629
24556	112781	2019	653	912	0	116365
24557	2644	1493	115819	879	0	120835
24558	1939	603	114536	788	0	117866
24559	844	115723	3255	778	0	120600
24560	114731	2055	1703	766	0	119255
24561	2514	1588	115134	750	0	119986
24562	109631	507	2243	746	0	113127
24563	2595	115058	1778	643	0	120074
24564	1903	1942	816	116072	0	120733
24565	1026	1325	699	112684	0	115734
24566	743	116894	877	3024	0	121538
24567	120104	1972	664	1735	0	124475
24568	122322	1320	642	847	0	125131
24569	124989	507	591	775	0	126862
24570	3585	707	123959	747	0	128998
24571	2001	403	2350	123133	0	127887
24572	962	471	1653	125672	0	128758
24573	878	430	745	128447	0	130500
24574	916	600	125312	3540	0	130368
24575	857	123265	2490	2070	0	128682
24576	119095	2015	1620	890	0	123620
24577	2469	1648	122006	703	0	126826
24578	117429	525	2364	798	0	121116
24579	2479	121641	1883	757	0	126760
24580	123107	2054	805	707	0	126673
24581	2725	1543	695	120908	0	125871
24582	123473	531	788	2339	0	127131
24583	2744	427	713	123625	0	127509
24584	1894	663	125953	2288	0	130798
24585	1180	990	2163	124914	0	129247
24586	932	756	125272	2293	0	129253
24587	110502	428	1926	1605	0	114461
24588	2041	118423	1693	724	0	122881
24589	1580	1812	569	104709	0	108670
24590	623	113817	704	1327	0	116471
24591	112167	1328	586	1078	0	115159
24592	111233	856	530	624	0	113243
24593	2070	111016	708	451	0	114245
24594	109818	1128	472	514	0	111932
24595	110459	790	397	521	0	112167
24596	1827	303	326	108524	0	110980
24597	993	346	328	109476	0	111143
24598	112112	276	299	1772	0	114459
24599	113391	299	302	931	0	114923
24600	2048	269	297	111399	0	114013
24601	1285	261	276	119027	0	120849
24602	120087	233	334	2132	0	122786
24603	1739	513	119679	1061	0	122992
24604	111241	263	1486	779	0	113769
24605	1775	449	118821	661	0	121706
24606	1180	117219	1679	553	0	120631
24607	683	1403	996	115106	0	118188
24608	633	1132	119829	1479	0	123073
24609	513	123090	1682	1031	0	126316
24610	121744	1434	1128	582	0	124888
24611	1605	1159	123805	357	0	126926
24612	119276	390	1457	529	0	121652
24613	125614	350	848	530	0	127342
24614	127208	298	374	552	0	128432
24615	2282	341	321	118744	0	121688
24616	1222	127299	514	1273	0	130308
24617	123159	1276	339	1060	0	125834
24618	1578	1086	125814	450	0	128928
24619	111570	294	1317	670	0	113851
24620	1549	466	126398	500	0	128913
24621	1074	124441	1378	527	0	127420
24622	699	1187	899	124719	0	127504
24623	637	798	394	123101	0	124930
24624	534	123736	588	1852	0	126710
24625	618	1232	369	125853	0	128072
24626	615	1142	126591	1397	0	129745
24627	551	126694	1494	997	0	129736
24628	669	1335	869	124116	0	126989
24629	124582	916	385	1499	0	127382
24630	129170	442	309	1124	0	131045
24631	2415	366	314	129741	0	132836
24632	1373	133852	540	1648	0	137413
24633	884	1522	306	133644	0	136356
24634	816	1018	289	131561	0	133684
24635	744	590	125533	2588	0	129455
24636	691	127469	1658	1486	0	131304
24637	701	1453	971	126113	0	129238
24638	600	1253	124936	1710	0	128499
24639	476	124748	1660	1326	0	128210
24640	630	1502	1041	124094	0	127267
24641	125296	1035	431	1673	0	128435
24642	1655	128031	551	1214	0	131451
24643	1324	1536	298	128624	0	131782
24644	131603	1066	317	1804	0	134790
24645	132537	441	304	1271	0	134553
24646	133239	372	258	731	0	134600
24647	131529	345	303	634	0	132811
24648	2711	345	274	129771	0	133101
24649	1408	667	129969	1789	0	133833
24650	803	640	1462	125213	0	128118
24651	636	129368	1236	1663	0	132903
24652	130687	1420	460	1327	0	133894
24653	1780	1314	126569	542	0	130205
24654	119249	374	1423	687	0	121733
24655	1696	658	124886	566	0	127806
24656	1366	403	1428	122496	0	125693
24657	639	611	124687	1526	0	127463
24658	675	353	1411	121695	0	124134
24659	633	639	124121	1650	0	127043
24660	681	341	1429	121855	0	124306
24661	123742	279	954	1716	0	126691
24662	1541	131323	724	1253	0	134841
24663	1324	1497	341	131808	0	134970
24664	794	960	335	132216	0	134305
24665	667	705	135526	2250	0	139148
24666	704	643	131151	1220	0	133718
24667	122740	313	2079	832	0	125964
24668	1511	132214	1345	559	0	135629
24669	131195	1159	472	626	0	133452
24670	132359	795	371	684	0	134209
24671	2139	315	372	128736	0	131562
24672	1067	134203	718	1378	0	137366
24673	137617	1312	379	1296	0	140604
24674	139416	871	357	759	0	141403
24675	141695	381	310	765	0	143151
24676	141896	261	371	641	0	143169
24677	139738	258	348	679	0	141023
24678	2287	597	137554	406	0	140844
24679	134502	279	1419	615	0	136815
24680	1772	591	138609	468	0	141440
24681	1362	299	1421	133999	0	137081
24682	777	252	958	140634	0	142621
24683	619	614	137937	2177	0	141347
24684	131955	271	1517	1378	0	135121
24685	1816	287	1036	140294	0	143433
24686	1366	308	421	143975	0	146070
24687	743	256	349	145798	0	147146
24688	717	241	349	144809	0	146116
24689	658	305	363	146013	0	147339
24690	583	624	145459	2824	0	149490
24691	735	296	1701	144117	0	146849
24692	596	595	147193	2178	0	150562
24693	620	708	143603	1558	0	146489
24694	141026	243	2784	972	0	145025
24695	149142	243	1513	857	0	151755
24696	158390	268	688	842	0	160188
24697	3674	607	163235	656	0	168172
24698	1982	556	164413	675	0	167626
24699	925	581	169738	727	0	171971
24700	674	175740	4488	853	0	181755
24701	1599	3141	2616	172085	0	179441
24702	181112	1463	870	2894	0	186339
24703	3061	422	519	191028	0	195030
24704	1956	197455	947	3455	0	203813
24705	199670	3089	569	2441	0	205769
24706	3594	2012	514	196322	0	202442
24707	2365	202393	917	3493	0	209168
24708	1166	3194	517	203910	0	208787
24709	905	2168	530	203171	0	206774
24710	197154	556	622	5664	0	203996
24711	3805	391	639	199046	0	203881
24712	2504	884	196208	4118	0	203714
24713	1260	460	3583	191028	0	196331
24714	833	189880	2852	4008	0	197573
24715	879	195969	1393	2916	0	201157
24716	931	5185	887	188510	0	195513
24717	901	2684	736	185438	0	189759
24718	690	187857	1037	5709	0	195293
24719	864	190188	919	3191	0	195162
24720	757	194153	889	1695	0	197494
24721	1212	6034	521	173461	0	181228
24722	865	191448	828	3900	0	197041
24723	188027	4158	484	3095	0	195764
24724	3862	3281	191499	1757	0	200399
24725	2843	1439	3474	182444	0	190200
24726	1106	192572	2640	4325	0	200643
24727	189308	4111	823	3488	0	197730
24728	4123	3415	192187	2047	0	201772
24729	2792	192199	3953	1966	0	200910
24730	187427	3892	2467	1925	0	195711
24731	3335	187578	1330	1670	0	193913
24732	2349	190076	983	1781	0	195189
24733	1419	5904	754	183002	0	191079
24734	959	190975	952	4103	0	196989
24735	187646	4363	680	3173	0	195862
24736	3631	3191	746	187830	0	195398
24737	2458	2319	186412	4066	0	195255
24738	1145	2288	187041	3049	0	193523
24739	1011	1989	4738	185790	0	193528
24740	1064	2090	189770	4165	0	197089
24741	1078	1554	3579	189218	0	195429
24742	183723	1586	2349	4602	0	192260
24743	3641	2086	185457	3063	0	194247
24744	2724	1636	3527	178103	0	185990
24745	1152	182064	2884	4021	0	190121
24746	1274	4164	1230	185079	0	191747
24747	1362	3048	1030	183360	0	188800
24748	1184	183485	1469	5611	0	191749
24749	1309	4064	1154	188386	0	194913
24750	1159	3204	1090	189938	0	195391
24751	1187	2465	185757	5704	0	195113
24752	924	184514	4135	3633	0	193206
24753	183821	4338	2600	2283	0	193042
24754	3799	3224	1348	185760	0	194131
24755	2646	2486	186288	4676	0	196096
24756	1466	1772	3747	184549	0	191534
24757	1035	2006	184576	4994	0	192611
24758	171125	1664	4043	3946	0	180778
24759	3652	183403	3169	2308	0	192532
24760	2935	3868	1660	182910	0	191373
24761	1548	3108	1484	188436	0	194576
24762	177543	1661	1541	6271	0	187016
24763	3828	1495	1435	180704	0	187462
24764	2779	2008	177148	5243	0	187178
24765	1590	1634	3818	166165	0	173207
24766	1180	168904	3123	5005	0	178212
24767	1110	173849	1955	4099	0	181013
24768	1039	177311	1724	2883	0	182957
24769	1284	6237	1187	172039	0	180747
24770	1177	4063	170385	5021	0	180646
24771	985	170472	3986	4088	0	179531
24772	164175	4426	2675	2727	0	174003
24773	3235	169198	1756	2555	0	176744
24774	168604	4468	1220	2588	0	176880
24775	168940	3146	1392	2319	0	175797
24776	5197	2286	166847	2215	0	176545
24777	167854	1814	3775	2364	0	175807
24778	177908	1621	2763	2513	0	184805
24779	172738	1584	1670	2465	0	178457
24780	178636	1571	1312	2432	0	183951
24781	5706	2047	176492	2010	0	186255
24782	170053	1639	3732	2021	0	177445
24783	180242	1762	2693	1982	0	186679
24784	5300	185841	1680	1904	0	194725
24785	3242	4542	900	180799	0	189483
24786	2026	3361	898	180535	0	186820
24787	1391	182642	1661	5741	0	191435
24788	179774	4230	1201	3442	0	188647
24789	4000	183215	1793	1718	0	190726
24790	178263	4477	1098	1497	0	185335
24791	177777	3279	938	1525	0	183519
24792	5596	180374	1385	1482	0	188837
24793	3483	3945	1084	180172	0	188684
24794	2092	2992	181581	4094	0	190759
24795	1668	178099	4063	3031	0	186861
24796	2088	5394	2374	158560	0	168416
24797	1465	168611	1384	2698	0	174158
24798	1298	178710	953	2233	0	183194
24799	1807	6443	968	166870	0	176088
24800	1321	2638	169218	3465	0	176642
24801	979	163083	3382	2313	0	169757
24802	769	161085	2339	942	0	165135
24803	141102	3608	965	499	0	146174
24804	2217	1785	182	143611	0	147795
24805	1634	500	147	145581	0	147862
24806	563	293	123	149922	0	150901
24807	334	653	146988	4024	0	151999
24808	477	311	2429	146170	0	149387
24809	280	153260	1929	2904	0	158373
24810	159655	2680	419	1967	0	164721
24811	3104	1850	212	159677	0	164843
24812	2019	887	159347	3197	0	165450
24813	158565	358	2977	2279	0	164179
24814	3378	360	1920	166758	0	172416
24815	2200	785	177576	3305	0	183866
24816	677	746	179440	2242	0	183105
24817	176987	325	5561	803	0	183676
24818	189190	327	2475	755	0	192747
24819	189151	386	601	693	0	190831
24820	191384	413	411	703	0	192911
24821	6305	828	186245	649	0	194027
24822	2895	187928	4037	714	0	195574
24823	188180	3870	2452	706	0	195208
24824	4045	188938	1005	598	0	194586
24825	187464	4073	399	675	0	192611
24826	4156	188557	770	617	0	194100
24827	2999	4158	375	185821	0	193353
24828	1090	2659	424	187623	0	191796
24829	849	888	470	184790	0	186997
24830	718	182144	819	6120	0	189801
24831	731	187211	689	3061	0	191692
24832	978	6129	390	172768	0	180265
24833	658	181659	734	3978	0	187029
24834	761	4709	179028	2737	0	187235
24835	892	2857	3980	178255	0	185984
24836	757	1429	181575	4375	0	188136
24837	173832	882	4228	3071	0	182013
24838	179813	851	2732	1254	0	184650
24839	6486	1101	178416	1051	0	187054
24840	3294	1199	178434	1065	0	183992
24841	1421	813	6156	174956	0	183346
24842	1069	1218	178795	4587	0	185669
24843	1159	968	4464	165890	0	172481
24844	999	163486	3442	4280	0	172207
24845	1228	4529	1006	176365	0	183128
24846	1207	3118	801	178783	0	183909
24847	1211	1356	773	180649	0	183989
24848	1000	1503	172183	7262	0	181948
24849	1108	975	4490	169582	0	176155
24850	1083	1187	3177	168862	0	174309
24851	1441	1351	1208	160458	0	164458
24852	1111	171083	1374	6272	0	179840
24853	171723	4509	945	3593	0	180770
24854	173329	3108	912	2087	0	179436
24855	174849	1220	1019	2003	0	179091
24856	7131	1104	1180	169507	0	178922
24857	3593	1407	168316	5119	0	178435
24858	2575	1452	167407	3851	0	175285
24859	1438	167637	6800	2011	0	177886
24860	162962	4494	3407	2034	0	172897
24861	4469	167967	1906	1965	0	176307
24862	167840	4678	1430	1803	0	175751
24863	4764	167823	1668	2011	0	176266
24864	165679	4672	1377	1973	0	173701
24865	4851	172371	1995	1703	0	180920
24866	3958	4987	1247	171613	0	181805
24867	2140	3935	170179	5125	0	181379
24868	2112	1836	172835	3998	0	180781
24869	2157	1394	6905	167935	0	178391
24870	2033	1353	3965	171673	0	179024
24871	2089	1388	1801	175834	0	181112
24872	2074	1725	170687	7503	0	181989
24873	2144	1398	4648	169942	0	178132
24874	164860	1275	3543	5763	0	175441
24875	167057	1318	1826	4287	0	174488
24876	6893	164446	2053	2458	0	175850
24877	161933	4575	1479	2213	0	170200
24878	5350	160201	1656	2067	0	169274
24879	159585	4944	1348	2049	0	167926
24880	160019	3595	1520	1977	0	167111
24881	156293	1753	1611	1969	0	161626
24882	7361	1861	154068	1793	0	165083
24883	4136	1791	152354	1795	0	160076
24884	145275	1264	6316	1796	0	154651
24885	151776	1132	3762	1652	0	158322
24886	7393	1518	1767	147458	0	158136
24887	4762	1136	1245	153296	0	160439
24888	2772	1163	1429	156668	0	162032
24889	2121	1320	1574	158647	0	163662
24890	1973	1384	1489	162376	0	167222
24891	155756	1524	1410	7497	0	166187
24892	5163	1463	1076	157636	0	165338
24893	3533	1843	153553	5548	0	164477
24894	146388	1288	4189	4396	0	156261
24895	152453	1182	3192	2721	0	159548
24896	6336	150448	1823	2632	0	161239
24897	3179	150959	1489	2250	0	157877
24898	133836	4654	820	1447	0	140757
24899	3205	138964	1212	1355	0	144736
24900	135379	3308	1275	1301	0	141263
24901	146608	2024	1131	1261	0	151024
24902	148605	659	828	1255	0	151347
24903	5964	530	847	138656	0	145997
24904	3017	141573	1140	3691	0	149421
24905	142813	3068	773	2742	0	149396
24906	3946	2097	828	141955	0	148826
24907	2875	644	712	139927	0	144158
24908	131750	360	514	5120	0	137744
24909	2942	129417	890	2799	0	136048
24910	2066	2733	382	125617	0	130798
24911	125371	1832	314	3194	0	130711
24912	2765	127734	534	2400	0	133433
24913	128293	2476	348	1193	0	132310
24914	3172	2009	119978	765	0	125924
24915	113533	495	1877	689	0	116594
24916	2656	116779	1562	608	0	121605
24917	114504	2129	868	603	0	118104
24918	112598	1506	170	444	0	114718
24919	3420	114722	376	483	0	119001
24920	114910	1980	115	513	0	117518
24921	2444	113212	310	385	0	116351
24922	116846	2226	142	522	0	119736
24923	2595	1463	145	115621	0	119824
24924	1941	476	111	116749	0	119277
24925	891	382	85	118758	0	120116
24926	652	663	113438	3514	0	118267
24927	754	338	1957	114373	0	117422
24928	655	703	114720	2482	0	118560
24929	754	372	2130	112332	0	115588
24930	621	114093	1605	2289	0	118608
24931	790	2138	323	116413	0	119664
24932	674	1890	115375	2382	0	120321
24933	724	857	118071	1678	0	121330
24934	666	445	3187	117912	0	122210
24935	117448	351	1612	2459	0	121870
24936	118849	302	431	1923	0	121505
24937	3560	118420	490	957	0	123427
24938	2144	2156	234	119756	0	124290
24939	828	1870	122013	2433	0	127144
24940	743	571	2135	123017	0	126466
24941	666	692	123420	2681	0	127459
24942	118645	424	2428	1997	0	123494
24943	2700	469	1494	123788	0	128451
24944	2046	739	121618	2609	0	127012
24945	1109	446	2248	122535	0	126338
24946	931	463	1618	124690	0	127702
24947	806	701	122451	4000	0	127958
24948	883	426	2301	123214	0	126824
24949	122987	377	1584	3070	0	128018
24950	125104	468	626	2155	0	128353
24951	3993	462	372	125333	0	130160
24952	126959	433	445	2891	0	130728
24953	2963	856	125783	2123	0	131725
24954	2055	758	124431	1206	0	128450
24955	124490	440	3725	948	0	129603
24956	130251	375	1979	972	0	133577
24957	4100	411	758	127137	0	132406
24958	2468	393	497	129602	0	132960
24959	1165	705	126366	4259	0	132495
24960	1105	530	2507	115934	0	120076
24961	841	126498	2120	2648	0	132107
24962	127507	2313	738	2065	0	132623
24963	134087	1722	600	1062	0	137471
24964	4294	134019	790	1030	0	140133
24965	129722	2552	519	1060	0	133853
24966	129127	1683	591	1067	0	132468
24967	4118	130225	956	1002	0	136301
24968	131187	2554	615	1080	0	135436
24969	3215	131974	920	931	0	137040
24970	133008	2806	558	1098	0	137470
24971	3383	2173	131374	979	0	137909
24972	2524	703	2786	131315	0	137328
24973	1243	487	1899	136158	0	139787
24974	1068	518	823	141817	0	144226
24975	138987	414	643	4996	0	145040
24976	3540	421	527	145014	0	149502
24977	2582	798	142891	3642	0	149913
24978	142731	439	3107	2732	0	149009
24979	3700	475	2066	142482	0	148723
24980	2530	140809	1198	3531	0	148068
24981	1130	146940	1032	2715	0	151817
24982	1198	4406	650	143888	0	150142
24983	1163	2241	708	144614	0	148726
24984	1278	631	666	147082	0	149657
24985	949	784	139501	5537	0	146771
24986	880	137447	3401	3101	0	144829
24987	134079	2688	1968	1543	0	140278
24988	131614	1892	893	1207	0	135606
24989	4309	130077	882	1139	0	136407
24990	2243	132091	770	1036	0	136140
24991	1725	4095	851	127819	0	134490
24992	824	2027	127002	2994	0	132847
24993	120200	963	2698	2194	0	126055
24994	125477	491	1650	1130	0	128748
24995	3820	426	726	123495	0	128467
24996	2117	342	475	124945	0	127879
24997	120186	323	455	3965	0	124929
24998	2638	632	119168	2268	0	124706
24999	114420	385	2331	1207	0	118343
25000	2765	116580	1771	825	0	121941
25001	1447	1686	369	101608	0	105110
25002	609	105066	470	1812	0	107957
25003	105579	1664	347	1363	0	108953
25004	1905	1101	289	103424	0	106719
25005	1385	390	312	101450	0	103537
25006	693	102213	521	2408	0	105835
25007	102728	1514	318	1405	0	105965
25008	102955	1035	276	743	0	105009
25009	2555	689	100865	530	0	104639
25010	1380	539	95528	577	0	98024
25011	95053	228	2111	647	0	98039
25012	1806	493	97211	483	0	99993
25013	1146	542	91247	418	0	93353
25014	89993	397	2235	529	0	93154
25015	1565	486	101244	496	0	103791
25016	1154	214	1935	100871	0	104174
25017	603	215	1178	104355	0	106351
25018	111754	167	495	3231	0	115647
25019	2510	445	115207	1757	0	119919
25020	121441	236	2640	752	0	125069
25021	3378	228	1611	121773	0	126990
25022	123099	251	665	2993	0	127008
25023	124044	214	430	2106	0	126794
25024	125930	188	384	994	0	127496
25025	5193	218	349	122222	0	127982
25026	124609	226	374	3112	0	128321
25027	4112	190	255	123953	0	128510
25028	2850	219	314	124464	0	127847
25029	1579	213	304	125927	0	128023
25030	1401	212	262	126360	0	128235
25031	122480	199	274	5303	0	128256
25032	123352	199	310	2864	0	126725
25033	4910	472	121077	1474	0	127933
25034	122573	196	2891	1314	0	126974
25035	125530	152	1820	1280	0	128782
25036	5297	213	646	119819	0	125975
25037	2946	120337	695	3509	0	127487
25038	122535	2779	411	2404	0	128129
25039	4073	1767	466	118587	0	124893
25040	118843	550	479	3423	0	123295
25041	4093	116794	705	2398	0	123990
25042	120284	2832	398	1299	0	124813
25043	4135	1958	335	115318	0	121746
25044	2777	116032	512	3421	0	122742
25045	118133	3048	319	2507	0	124007
25046	3811	117696	612	1344	0	123463
25047	2574	122231	676	1104	0	126585
25048	121915	4498	467	1104	0	127984
25049	3818	2562	119517	1195	0	127092
25050	121707	1054	2805	1088	0	126654
25051	4476	746	1817	120058	0	127097
25052	3051	901	120378	3343	0	127673
25053	1978	675	3117	119072	0	124842
25054	1943	597	2002	122862	0	127404
25055	1646	862	119674	5108	0	127290
25056	119155	437	3339	2906	0	125837
25057	4486	322	2105	121150	0	128063
25058	3322	354	903	123396	0	127975
25059	2212	342	615	123902	0	127071
25060	121307	411	618	6124	0	128460
25061	4063	628	118978	3732	0	127401
25062	3049	532	120443	2235	0	126259
25063	1774	348	4311	114439	0	120872
25064	1609	509	114501	4045	0	120664
25065	110527	323	3293	3170	0	117313
25066	3702	112051	2615	1883	0	120251
25067	112776	2602	1298	1499	0	118175
25068	4484	1766	983	106334	0	113567
25069	3034	109258	1230	3294	0	116816
25070	2141	3226	918	107545	0	113830
25071	1836	110764	943	3677	0	117220
25072	1812	3318	546	111554	0	117230
25073	1747	2317	108157	3926	0	116147
25074	1640	1356	104135	2722	0	109853
25075	1452	104617	4184	1742	0	111995
25076	98865	2689	2176	1642	0	105372
25077	3174	2033	934	96453	0	102594
25078	2530	1126	627	97853	0	102136
25079	97956	935	607	4252	0	103750
25080	98473	909	702	2603	0	102687
25081	4540	723	729	97127	0	103119
25082	2935	928	95593	3106	0	102562
25083	1851	95902	2865	2343	0	102961
25084	1661	2607	1875	94625	0	100768
25085	1639	1819	1146	92466	0	97070
25086	1420	98492	1104	4117	0	105133
25087	99624	2552	772	2838	0	105786
25088	3284	2089	99670	1714	0	106757
25089	2620	1076	2736	98721	0	105153
25090	1514	821	1846	100046	0	104227
25091	1094	928	97901	5041	0	104964
25092	1279	741	2787	99814	0	104621
25093	99958	646	1986	3929	0	106519
25094	100490	651	1200	2902	0	105243
25095	101721	593	1115	1997	0	105426
25096	4615	98617	1270	1757	0	106259
25097	104700	2559	1123	1466	0	109848
25098	3981	1776	979	102695	0	109431
25099	2898	1028	896	99672	0	104494
25100	1833	110280	1064	4481	0	117658
25101	119967	3047	709	2863	0	126586
25102	125697	2276	730	1756	0	130459
25103	128271	1205	685	1559	0	131720
25104	131307	1021	664	1654	0	134646
25105	130949	869	708	1799	0	134325
25106	6171	1180	126780	1592	0	135723
25107	130141	869	3638	1417	0	136065
25108	132457	855	2397	1307	0	137016
25109	132002	708	1235	1245	0	135190
25110	6827	576	1003	127559	0	135965
25111	4225	552	915	129686	0	135378
25112	2414	818	125090	5687	0	134009
25113	102957	779	3664	3550	0	110950
25114	3952	122991	2634	2073	0	131650
25115	2648	113563	1112	1318	0	118641
25116	1875	3556	111793	1102	0	118326
25117	1307	111509	2644	1104	0	116564
25118	926	105341	1836	843	0	108946
25119	1731	4804	1760	84960	0	93255
25120	501	92028	568	1550	0	94647
25121	90168	1767	260	1048	0	93243
25122	89609	1084	231	503	0	91427
25123	2562	453	190	88442	0	91647
25124	1349	587	87718	1656	0	91310
25125	85016	282	1587	1220	0	88105
25126	1931	425	89269	560	0	92185
25127	1363	401	90185	405	0	92354
25128	796	243	2364	83780	0	87183
25129	639	223	1156	89399	0	91417
25130	588	300	90288	2321	0	93497
25131	536	88148	1788	1317	0	91789
25132	466	94034	1192	703	0	96395
25133	92933	2206	559	675	0	96373
25134	93947	1029	371	540	0	95887
25135	2406	563	92169	415	0	95553
25136	91106	341	1452	389	0	93288
25137	97715	278	893	467	0	99353
25138	2526	325	305	96782	0	99938
25139	1512	254	279	97875	0	99920
25140	888	258	217	98817	0	100180
25141	97638	273	224	2385	0	100520
25142	98474	224	202	1291	0	100191
25143	100072	205	227	616	0	101120
25144	2973	184	219	98642	0	102018
25145	1783	390	96352	1655	0	100180
25146	94535	178	1488	1121	0	97322
25147	95892	180	992	514	0	97578
25148	2873	224	463	93093	0	96653
25149	1738	94676	547	1606	0	98567
25150	1162	1426	278	94019	0	96885
25151	842	96291	515	1815	0	99463
25152	879	1713	332	92802	0	95726
25153	707	96917	516	1820	0	99960
25154	95005	1646	341	1145	0	98137
25155	1994	1170	315	94212	0	97691
25156	1298	95073	475	1640	0	98486
25157	706	1868	94507	1077	0	98158
25158	89422	1168	1585	621	0	92796
25159	1903	660	937	93592	0	97092
25160	1249	94517	590	1585	0	97941
25161	814	1619	277	90679	0	93389
25162	689	92980	438	1622	0	95729
25163	14931	83757	513	1085	0	100286
25164	97590	1964	398	678	0	100630
25165	99135	1004	428	620	0	101187
25166	2313	723	99309	387	0	102732
25167	97912	389	1534	509	0	100344
25168	99884	426	1056	442	0	101808
25169	2236	99198	724	441	0	102599
25170	1443	1498	373	99844	0	103158
25171	876	987	359	100448	0	102670
25172	688	730	98869	2077	0	102364
25173	758	660	96460	1132	0	99010
25174	97150	373	2111	649	0	100283
25175	100599	291	1125	510	0	102525
25176	100974	216	617	517	0	102324
25177	2564	427	98511	530	0	102032
25178	1485	229	1542	97261	0	100517
25179	98961	207	940	1726	0	101834
25180	1860	199	378	99308	0	101745
25181	1178	418	97897	1763	0	101256
25182	90088	246	1408	1264	0	93006
25183	1864	417	101679	659	0	104619
25184	1261	100114	1573	562	0	103510
25185	100952	1271	989	498	0	103710
25186	1781	998	100076	548	0	103403
25187	1328	441	1453	98285	0	101507
25188	99797	234	948	1550	0	102529
25189	1709	319	326	100925	0	103279
25190	102354	312	244	1802	0	104712
25191	1710	286	195	102066	0	104257
25192	104747	313	206	1869	0	107135
25193	104908	301	204	1225	0	106638
25194	105304	320	198	614	0	106436
25195	104231	274	233	576	0	105314
25196	2403	452	307	103581	0	106743
25197	1153	437	100660	1324	0	103574
25198	731	422	100885	909	0	102947
25199	536	101188	1878	557	0	104159
25200	353	93007	858	306	0	94524
25201	82783	1147	1457	266	0	85653
25202	620	328	206	79977	0	81131
25203	325	237	81160	490	0	82212
25204	138	256	82926	444	0	83764
25205	157	272	585	83499	0	84513
25206	84524	43	280	475	0	85322
25207	378	85898	235	334	0	86845
25208	90359	363	71	337	0	91130
25209	441	254	65	91208	0	91968
25210	370	79	63	91443	0	91955
25211	178	60	85	91755	0	92078
25212	136	241	91136	658	0	92171
25213	137	260	88706	385	0	89488
25214	118	90325	732	171	0	91346
25215	162	391	299	92533	0	93385
25216	91053	274	93	586	0	92006
25217	487	291	89320	375	0	90473
25218	358	350	90375	174	0	91257
25219	209	90	707	91426	0	92432
25220	189	95	365	94607	0	95256
25221	154	90	96	95456	0	95796
25222	160	73	104	102505	0	102842
25223	103243	53	162	1203	0	104661
25224	851	90	107	104896	0	105944
25225	104928	72	118	1018	0	106136
25226	900	279	107187	644	0	109010
25227	587	108103	1049	323	0	110062
25228	266	844	525	108659	0	110294
25229	205	727	109919	941	0	111792
25230	200	291	108755	739	0	109985
25231	157	111083	1506	284	0	113030
25232	238	799	609	107730	0	109376
25233	170	551	166	108456	0	109343
25234	164	396	108976	1402	0	110938
25235	102955	108	1027	820	0	104910
25236	1032	107	624	109602	0	111365
25237	694	140	212	107291	0	108337
25238	204	331	109824	1617	0	111976
25239	142	109829	1332	847	0	112150
25240	124	119897	933	349	0	121303
25241	121260	1990	203	397	0	123850
25242	1634	833	197	122553	0	125217
25243	129774	226	253	1855	0	132108
25244	2045	396	129287	1160	0	132888
25245	1248	142	1890	129360	0	132640
25246	130281	155	1129	2115	0	133680
25247	131931	134	375	1360	0	133800
25248	2982	140	230	130543	0	133895
25249	1415	343	131327	2033	0	135118
25250	468	402	134379	1273	0	136522
25251	400	185	2837	133017	0	136439
25252	350	395	135241	2039	0	138025
25253	126299	268	2096	1489	0	130152
25254	1962	133616	1477	641	0	137696
25255	136776	1775	516	548	0	139615
25256	137840	1096	347	616	0	139899
25257	3112	302	357	137878	0	141649
25258	1515	232	434	139918	0	142099
25259	138926	250	299	3196	0	142671
25260	2178	216	342	139976	0	142712
25261	1393	409	139040	2410	0	143252
25262	560	138711	2222	1549	0	143042
25263	504	1948	1325	136774	0	140551
25264	541	1221	451	137212	0	139425
25265	653	347	363	138333	0	139696
25266	584	427	134189	3461	0	138661
25267	614	133088	2240	1950	0	137892
25268	574	1885	1417	134322	0	138198
25269	552	1417	133839	2472	0	138280
25270	622	420	2200	133874	0	137116
25271	133654	322	1454	2671	0	138101
25272	2343	318	664	135649	0	138974
25273	1573	568	134072	2579	0	138792
25274	127944	287	2270	2036	0	132537
25275	2264	135914	1821	1040	0	141039
25276	1492	139905	1023	948	0	143368
25277	139991	2846	571	1066	0	144474
25278	2490	1783	143409	868	0	148550
25279	1910	482	2301	141146	0	145839
25280	1027	343	1512	145282	0	148164
25281	693	645	145574	3643	0	150555
25282	634	145357	2584	2156	0	150731
25283	867	2113	1629	132937	0	137546
25284	701	1537	142950	2738	0	147926
25285	778	558	2430	142089	0	145855
25286	141652	501	1629	2922	0	146704
25287	2394	727	145516	2106	0	150743
25288	1843	509	2322	146079	0	150753
25289	939	578	1564	147845	0	150926
25290	837	703	144652	3945	0	150137
25291	965	492	2438	135442	0	139337
25292	788	134407	2009	3147	0	140351
25293	1126	2271	1108	126365	0	130870
25294	679	142805	1116	2756	0	147356
25295	141429	2246	875	2216	0	146766
25296	134369	1442	966	1455	0	138232
25297	3462	793	139769	1439	0	145463
25298	1969	773	137674	1301	0	141717
25299	1037	803	137635	1179	0	140654
25300	797	136813	3826	1317	0	142753
25301	997	2289	2143	139224	0	144653
25302	898	1575	141619	2718	0	146810
25303	1040	710	2637	133969	0	138356
25304	1001	567	1829	137306	0	140703
25305	944	708	138614	3652	0	143918
25306	1070	607	2512	137410	0	141599
25307	907	693	1800	133328	0	136728
25308	942	133390	1408	3876	0	139616
25309	1189	2109	932	135438	0	139668
25310	993	1453	1012	136935	0	140393
25311	799	965	136276	4115	0	142155
25312	975	635	2529	133786	0	137925
25313	845	818	136548	3578	0	141789
25314	709	1016	132390	2686	0	136801
25315	127852	618	3527	1957	0	133954
25316	2447	951	2168	122703	0	128269
25317	1490	134179	1440	3208	0	140317
25318	898	136527	1371	2541	0	141337
25319	973	3289	1306	134543	0	140111
25320	877	1925	135509	3585	0	141896
25321	761	135582	3022	2736	0	142101
25322	1101	2162	1890	128651	0	133804
25323	724	1638	135712	2801	0	140875
25324	667	136566	2401	2159	0	141793
25325	142037	2039	1749	1539	0	147364
25326	141188	1422	1134	1439	0	145183
25327	142479	775	843	1615	0	145712
25328	2947	651	944	152218	0	156760
25329	1627	614	979	153202	0	156422
25330	887	557	869	152204	0	154517
25331	592	986	151433	3966	0	156977
25332	148159	742	2544	2643	0	154088
25333	2529	555	1952	144786	0	149822
25334	1700	919	149481	2645	0	154745
25335	148415	658	2520	2405	0	153998
25336	155498	537	1946	1679	0	159660
25337	3470	1161	130114	1413	0	136158
25338	149359	541	2046	1607	0	153553
25339	2159	158017	1800	1553	0	163529
25340	1296	1588	151533	1070	0	155487
25341	142400	1225	2192	1092	0	146909
25342	1443	148961	1557	961	0	152922
25343	902	1022	622	138204	0	140750
25344	251	142414	757	1284	0	144706
25345	370	1096	340	143376	0	145182
25346	315	1053	142798	1371	0	145537
25347	123491	327	1448	1417	0	126683
25348	1076	557	143931	764	0	146328
25349	721	140522	1335	591	0	143169
25350	197	141244	1082	439	0	142962
25351	138710	1519	315	553	0	141097
25352	1002	1105	139195	381	0	141683
25353	800	220	1107	136557	0	138684
25354	310	443	140797	1178	0	142728
25355	199	141947	1285	971	0	144402
25356	514	1071	824	127637	0	130046
25357	146	141596	508	957	0	143207
25358	143193	1016	287	869	0	145365
25359	144133	731	293	492	0	145649
25360	144222	259	273	456	0	145210
25361	1658	472	142290	321	0	144741
25362	810	533	137332	383	0	139058
25363	135145	197	1698	492	0	137532
25364	1192	462	145882	340	0	147876
25365	1074	168	1210	134217	0	136669
25366	245	144179	1138	1081	0	146643
25367	147750	1003	379	1038	0	150170
25368	147557	766	397	501	0	149221
25369	152847	184	298	567	0	153896
25370	1907	171	259	152959	0	155296
25371	930	169	269	154138	0	155506
25372	153031	147	250	2090	0	155518
25373	1174	152069	445	1074	0	154762
25374	151960	1095	253	525	0	153833
25375	1344	749	193	149381	0	151667
25376	948	211	154	149746	0	151059
25377	146248	146	159	2013	0	148566
25378	1125	144198	397	1026	0	146746
25379	144722	1090	237	513	0	146562
25380	1258	145630	400	339	0	147627
25381	143960	1136	189	341	0	145626
25382	1375	772	146	148337	0	150630
25383	149814	222	172	1371	0	151579
25384	155343	184	127	1050	0	156704
25385	169693	213	141	494	0	170541
25386	2530	178047	363	316	0	181256
25387	1298	2213	173226	320	0	177057
25388	170183	1239	1944	408	0	173774
25389	177515	300	1091	393	0	179299
25390	2916	176930	565	282	0	180693
25391	1543	1836	187	178469	0	182035
25392	636	1123	149	180077	0	181985
25393	179602	291	188	3054	0	183135
25394	2254	307	180	182028	0	184769
25395	1489	592	182202	2125	0	186408
25396	641	646	179663	1469	0	182419
25397	182449	185	3039	636	0	186309
25398	2415	233	1345	185101	0	189094
25399	1652	192	332	186908	0	189084
25400	715	205	261	189509	0	190690
25401	528	468	189404	3454	0	193854
25402	647	175	2233	188065	0	191120
25403	737	167	1421	194084	0	196409
25404	586	173	399	196020	0	197178
25405	191691	146	310	3936	0	196083
25406	2775	228	292	193964	0	197259
25407	1707	523	195355	2787	0	200372
25408	193454	256	2577	2124	0	198411
25409	3003	641	205633	896	0	210173
25410	204268	298	2957	945	0	208468
25411	194050	518	1900	919	0	197387
25412	4966	280	419	212999	0	218664
25413	2272	214996	707	3587	0	221562
25414	1135	3069	391	218944	0	223539
25415	974	2134	497	217636	0	221241
25416	748	222349	894	5117	0	229108
25417	220557	3146	560	2556	0	226819
25418	3563	222098	871	1117	0	227649
25419	222900	3377	496	1092	0	227865
25420	223890	1918	350	1153	0	227311
25421	5387	589	407	220564	0	226947
25422	2731	453	385	220450	0	224019
25423	1031	741	211625	5555	0	218952
25424	909	801	203473	2917	0	208100
25425	197067	484	4815	1373	0	203739
25426	204417	410	2081	1238	0	208146
25427	5023	195540	958	1277	0	202798
25428	2675	2942	587	189509	0	195713
25429	1250	1961	199800	3644	0	206655
25430	1383	2268	3545	198504	0	205700
25431	195931	619	2385	3910	0	202845
25432	193533	323	763	2285	0	196904
25433	4763	194953	779	1172	0	201667
25434	2599	2976	446	194783	0	200804
25435	1223	1817	470	197202	0	200712
25436	1050	676	496	197740	0	199962
25437	941	1057	188029	5036	0	195063
25438	163610	607	3080	3202	0	170499
25439	182936	638	1825	1415	0	186814
25440	5162	901	185070	1321	0	192454
25441	2549	184661	3262	1280	0	191752
25442	184803	2919	1900	1516	0	191138
25443	186349	1742	830	1337	0	190258
25444	5061	898	181950	1362	0	189271
25445	2840	779	190522	1149	0	195290
25446	1678	558	4568	189014	0	195818
25447	1345	938	192575	3423	0	198281
25448	183804	622	3506	2432	0	190364
25449	191340	560	2079	1368	0	195347
25450	194940	580	1000	1341	0	197861
25451	5310	585	848	181642	0	188385
25452	2770	197286	1267	3270	0	204593
25453	200229	2963	878	2534	0	206604
25454	198322	1848	829	1545	0	202544
25455	5368	1125	194816	1428	0	202737
25456	3059	1006	190375	1331	0	195771
25457	180071	600	4490	1602	0	186763
25458	4202	605	2186	194293	0	201286
25459	2849	1039	193689	3936	0	201513
25460	1790	193104	3646	2733	0	201273
25461	1904	3086	2219	193200	0	200409
25462	191929	1950	1085	3551	0	198515
25463	4022	196957	1452	2537	0	204968
25464	2934	3128	1031	191304	0	198397
25465	1733	193745	1430	3530	0	200438
25466	1605	198443	1386	2612	0	204046
25467	1795	4215	1130	196526	0	203666
25468	1776	2083	1070	195313	0	200242
25469	1530	196428	1548	4830	0	204336
25470	194508	3160	934	2789	0	201391
25471	4172	2489	197033	1451	0	205145
25472	190079	1053	3287	1625	0	196044
25473	4396	927	2079	201241	0	208643
25474	3175	823	1010	203087	0	208095
25475	1997	805	1011	204689	0	208502
25476	1979	835	1074	203813	0	207701
25477	1831	1170	202664	5025	0	210690
25478	1967	697	3530	201804	0	207998
25479	1805	1044	2362	200940	0	206151
25480	1491	209202	1559	5020	0	217272
25481	1573	3630	212073	3032	0	220308
25482	1421	218851	3974	2037	0	226283
25483	1737	4013	221328	1613	0	228691
25484	1388	223422	4136	1549	0	230495
25485	2492	4092	2733	199956	0	209273
25486	198580	1869	1001	3229	0	204679
25487	3425	203065	1051	2558	0	210099
25488	2634	3095	781	206063	0	212573
25489	1308	2489	209302	3501	0	216600
25490	938	212844	3697	2562	0	220041
25491	209727	3242	2482	1301	0	216752
25492	210234	2315	1115	1193	0	214857
25493	4824	212189	1279	1043	0	219335
25494	2706	3727	207502	932	0	214867
25495	196906	2278	3361	1041	0	203586
25496	3919	1130	2226	210923	0	218198
25497	209223	816	958	3799	0	214796
25498	3778	214085	1061	2707	0	221631
25499	2526	220124	988	1371	0	225009
25500	1435	5321	214654	1252	0	222662
25501	207407	2641	3485	1197	0	214730
25502	4143	1518	2245	216778	0	224684
25503	216910	831	916	3463	0	222120
25504	3597	217716	1014	2486	0	224813
25505	217643	3306	856	1168	0	222973
25506	215333	2366	791	1076	0	219566
25507	5040	1314	218156	1130	0	225640
25508	2446	210304	3058	860	0	216668
25509	1115	213156	2143	790	0	217204
25510	1066	4602	812	194594	0	201074
25511	734	200394	760	2364	0	204252
25512	196450	2750	555	1804	0	201559
25513	2566	199888	660	901	0	204015
25514	1804	3306	367	191870	0	197347
25515	820	193969	509	2206	0	197504
25516	670	191163	586	1472	0	193891
25517	768	195481	588	724	0	197561
25518	1136	3909	664	190682	0	196391
25519	825	1870	349	193288	0	196332
25520	743	961	334	191481	0	193519
25521	642	187991	534	3507	0	192674
25522	746	2735	184663	1773	0	189917
25523	729	2142	184103	768	0	187742
25524	175800	1006	3102	822	0	180730
25525	2449	915	1528	188861	0	193753
25526	1695	1221	190898	2341	0	196155
25527	865	1317	191490	1685	0	195357
25528	664	197352	3386	934	0	202336
25529	782	2687	1652	183806	0	188927
25530	701	1942	571	190403	0	193617
25531	188466	1059	438	3665	0	193628
25532	2368	910	454	189383	0	193115
25533	1745	974	479	188966	0	192164
25534	837	1253	190511	3663	0	196264
25535	758	934	2232	188757	0	192681
25536	909	922	1569	196760	0	200160
25537	670	1237	195644	3690	0	201241
25538	633	1182	195271	2255	0	199341
25539	565	193059	3672	1311	0	198607
25540	748	2986	193465	1050	0	198249
25541	697	1940	2625	188739	0	194001
25542	985	1528	2225	160377	0	165115
25543	812	1232	194460	3802	0	200306
25544	555	193160	2745	2326	0	198786
25545	181107	2564	1869	1465	0	187005
25546	2076	188748	1278	1366	0	193468
25547	1722	2743	834	187668	0	192967
25548	856	2020	837	189725	0	193438
25549	558	189823	1162	4055	0	195598
25550	728	2714	986	189279	0	193707
25551	735	2073	895	190343	0	194046
25552	700	1425	180140	4357	0	186622
25553	611	179500	2887	2867	0	185865
25554	687	2766	1945	181217	0	186615
25555	667	2439	180148	3268	0	186522
25556	823	1198	2756	178736	0	183513
25557	811	1156	2022	179698	0	183687
25558	833	962	1123	182730	0	185648
25559	824	1029	986	181898	0	184737
25560	800	1107	857	176845	0	179609
25561	755	179271	1214	4326	0	185566
25562	173172	2684	1005	2854	0	179715
25563	2404	2404	174248	1792	0	180848
25564	142945	1200	2840	2249	0	149234
25565	2336	1329	181850	1530	0	187045
25566	1612	186577	2988	1813	0	192990
25567	974	3125	184567	1616	0	190282
25568	590	188733	3224	1723	0	194270
25569	1013	3390	2312	167382	0	174097
25570	880	2086	1160	174537	0	178663
25571	631	183528	1145	4123	0	189427
25572	593	190920	1133	2731	0	195377
25573	190053	4042	879	1842	0	196816
25574	194431	2457	865	1829	0	199582
25575	195662	1191	832	1666	0	199351
25576	198347	989	834	1752	0	201922
25577	4091	1273	821	191707	0	197892
25578	2060	195625	1107	3052	0	201844
25579	193826	2883	840	2599	0	200148
25580	2628	2096	710	188851	0	194285
25581	182253	942	784	2845	0	186824
25582	174264	753	670	2305	0	177992
25583	2938	171395	862	1229	0	176424
25584	1379	164532	735	839	0	167485
25585	623	170028	762	777	0	172190
25586	962	3872	757	155221	0	160812
25587	406	164376	745	1892	0	167419
25588	160906	1524	396	1508	0	164334
25589	163251	1029	290	969	0	165539
25590	161592	559	311	851	0	163313
25591	164739	478	302	742	0	166261
25592	165726	404	351	838	0	167319
25593	2493	757	173072	673	0	176995
25594	171590	379	1830	751	0	174550
25595	2224	771	176437	551	0	179983
25596	171993	350	1811	606	0	174760
25597	2101	438	1344	171319	0	175202
25598	1533	831	167602	1789	0	171755
25599	731	686	175917	1388	0	178722
25600	479	185492	2924	675	0	189570
25601	185087	2182	1763	715	0	189747
25602	188914	1447	496	637	0	191494
25603	3646	209153	604	611	0	214014
25604	2081	2849	265	241111	0	246306
25605	262189	1947	384	4160	0	268680
25606	5408	1188	267649	2925	0	277170
25607	3033	265987	4718	885	0	274623
25608	257195	4479	2844	889	0	265407
25609	4695	265506	1193	857	0	272251
25610	3483	5175	563	242301	0	251522
25611	1185	267231	887	4070	0	273373
25612	1263	5778	421	245356	0	252818
25613	789	262216	1005	4511	0	268521
25614	667	268812	795	3071	0	273345
25615	260118	7448	370	1105	0	269041
25616	264810	3851	413	1013	0	270087
25617	7407	1912	263827	914	0	274060
25618	3947	1607	261430	710	0	267694
25619	1543	1579	266952	727	0	270801
25620	1377	1093	7613	262324	0	272407
25621	1327	1557	270345	4780	0	278009
25622	1192	1034	5541	264636	0	272403
25623	1209	1034	3680	263207	0	269130
25624	929	267721	1847	7585	0	278082
25625	265617	5102	1105	4137	0	275961
25626	4975	272692	1349	1657	0	280673
25627	3781	5701	908	273529	0	283919
25628	1680	3912	950	276220	0	282762
25629	1645	1567	956	279084	0	283252
25630	1518	1909	273187	8517	0	285131
25631	1497	1371	5514	272100	0	280482
25632	1542	1388	3637	275100	0	281667
25633	1594	1386	1332	280022	0	284334
25634	1438	1986	268191	9190	0	280805
25635	1326	267065	5515	5166	0	279072
25636	263338	5746	3599	2769	0	275452
25637	254312	4176	1406	2479	0	262373
25638	7772	268177	1523	2129	0	279601
25639	4532	5976	1157	266270	0	277935
25640	2217	4310	1207	274833	0	282567
25641	1953	2423	269032	8822	0	282230
25642	1625	268021	6043	5465	0	281154
25643	1743	5903	4066	269144	0	280856
25644	1691	4663	271158	6499	0	284011
25645	1670	2196	5857	269059	0	278782
25646	1676	1828	4218	269967	0	277689
25647	1630	2416	268143	9463	0	281652
25648	1820	1948	5914	266280	0	275962
25649	1906	1915	4284	266914	0	275019
25650	1870	2282	269084	9674	0	282910
25651	1766	2000	6089	269673	0	279528
25652	1732	1812	4314	266213	0	274071
25653	1410	1627	2188	276191	0	281416
25654	1230	2163	269182	10471	0	283046
25655	1495	1563	6331	270780	0	280169
25656	263960	1513	4534	8358	0	278365
25657	265047	1469	2487	6436	0	275439
25658	8150	266370	2733	4070	0	281323
25659	271391	5514	2115	3705	0	282725
25660	6437	4731	276461	3459	0	291088
25661	4821	1986	6331	275743	0	288881
25662	2338	1774	4651	276255	0	285018
25663	2060	1798	2300	286189	0	292347
25664	271645	1560	2010	10728	0	285943
25665	5505	271683	2393	7224	0	286805
25666	4250	5689	1714	251882	0	263535
25667	1731	266198	2232	7475	0	277636
25668	259578	6018	1732	6019	0	273347
25669	5629	263707	2292	3893	0	275521
25670	256832	5886	1676	3825	0	268219
25671	5408	255437	2246	3735	0	266826
25672	3837	255110	2195	3955	0	265097
25673	2337	8081	1871	251501	0	263790
25674	1811	4340	1779	253470	0	261400
25675	1944	2251	1676	254214	0	260085
25676	1781	2072	1486	253365	0	258704
25677	1586	2636	243916	10215	0	258353
25678	1560	243324	5717	6529	0	257130
25679	1733	5893	3751	226838	0	238215
25680	1438	243375	2262	7118	0	254193
25681	1584	6523	240318	5850	0	254275
25682	1713	4312	5470	237576	0	249071
25683	1762	2195	3891	247551	0	255399
25684	1578	2242	242505	9649	0	255974
25685	1214	238172	6267	6623	0	252276
25686	1303	5289	4251	235251	0	246094
25687	1491	4088	236965	8049	0	250593
25688	1032	237100	6383	6598	0	251113
25689	1391	5776	4084	232677	0	243928
25690	1279	4505	233008	7438	0	246230
25691	1506	2594	229814	5864	0	239778
25692	1175	224621	7619	3868	0	237283
25693	1301	234370	4184	3278	0	243133
25694	1677	7549	2558	234303	0	246087
25695	1716	4433	1746	251644	0	259539
25696	1119	2680	248418	9668	0	261885
25697	235602	1955	5735	6168	0	249460
25698	242905	1863	4110	3823	0	252701
25699	7938	2372	243822	3454	0	257586
25700	3926	232241	5848	3102	0	245117
25701	1643	231479	4277	2699	0	240098
25702	1391	226014	2347	2484	0	232236
25703	1922	185170	2992	3041	0	193125
25704	3832	10673	3016	157731	0	175252
25705	794	1835	691	186404	0	189724
25706	334	628	238	188844	0	190044
25707	374	472	208	190199	0	191253
25708	157	190379	541	6535	0	197612
25709	361	3577	268	189405	0	193611
25710	172	192033	583	4439	0	197227
25711	348	4020	214	194793	0	199375
25712	190209	2549	241	4584	0	197583
25713	3634	917	253	192338	0	197142
25714	2376	191215	657	4609	0	198857
25715	921	3853	269	195877	0	200920
25716	655	2603	258	199059	0	202575
25717	648	1033	233	200891	0	202805
25718	188871	689	237	7603	0	197400
25719	3889	923	214	198214	0	203240
25720	2527	1222	191804	5358	0	200911
25721	755	196688	3819	3890	0	205152
25722	710	4449	2445	202118	0	209722
25723	870	3053	708	209298	0	213929
25724	844	1120	438	213257	0	215659
25725	200314	888	444	8439	0	210085
25726	4542	1295	200091	4731	0	210659
25727	3289	920	4103	188157	0	196469
25728	967	196652	3130	5702	0	206451
25729	975	4695	757	199723	0	206150
25730	186788	3414	486	6264	0	196952
25731	4077	194883	960	4871	0	204791
25732	3011	4843	492	195464	0	203810
25733	1051	3568	412	195621	0	200652
25734	518	194008	654	8892	0	204072
25735	900	4780	300	199868	0	205848
25736	940	3476	372	201725	0	206513
25737	924	1811	193922	8867	0	205524
25738	608	192868	4660	5605	0	203741
25739	192201	5020	2989	3133	0	203343
25740	4645	3953	191711	2943	0	203252
25741	188227	1586	4380	3004	0	197197
25742	5348	1678	192376	2932	0	202334
25743	3695	1362	4837	191713	0	201607
25744	189942	1096	3191	7387	0	201616
25745	4983	1297	1145	195885	0	203310
25746	195149	1279	776	7963	0	205167
25747	195398	1565	897	5877	0	203737
25748	194165	1668	883	3773	0	200489
25749	7835	191948	1400	3131	0	204314
25750	4569	5435	861	191336	0	202201
25751	2480	3839	889	196363	0	203571
25752	2050	1763	909	198281	0	203003
25753	1845	1685	190433	9998	0	203961
25754	1867	1387	5059	193844	0	202157
25755	191354	1216	3606	8200	0	204376
25756	195118	1341	1400	6527	0	204386
25757	8501	1723	189702	4104	0	204030
25758	193484	1340	5016	3335	0	203175
25759	195909	1503	3790	3319	0	204521
25760	8891	1710	1589	183999	0	196189
25761	185367	1656	1120	7592	0	195735
25762	186360	1482	1113	6694	0	195649
25763	8930	1432	1124	184426	0	195912
25764	185864	1250	1370	7842	0	196326
25765	185926	1317	1584	6192	0	195019
25766	9221	1566	1557	182287	0	194631
25767	6069	2090	156153	7436	0	171748
25768	172326	1571	4640	5854	0	184391
25769	6927	1575	182202	3645	0	194349
25770	5656	1602	181567	3365	0	192190
25771	3247	178422	8136	3788	0	193593
25772	3448	5048	4232	176334	0	189062
25773	3507	3720	1575	183130	0	191932
25774	3445	1593	1370	184357	0	190765
25775	3432	1514	178396	10437	0	193779
25776	3508	1607	179152	6466	0	190733
25777	3135	178432	8247	4059	0	193873
25778	3467	5251	4448	173657	0	186823
25779	3420	3475	2303	181045	0	190243
25780	3210	1407	2198	184728	0	191543
25781	3165	1269	177558	10345	0	192337
25782	2943	175371	6363	6791	0	191468
25783	3340	4791	4297	174577	0	187005
25784	3331	3859	178472	7447	0	193109
25785	3458	1725	179041	6201	0	190425
25786	176023	1031	8396	3914	0	189364
25787	177548	1200	4935	3478	0	187161
25788	182549	1408	2422	3322	0	189701
25789	9796	1377	1973	170278	0	183424
25790	5964	1480	173490	7610	0	188544
25791	3408	169715	5877	6641	0	185641
25792	2979	175937	4839	4540	0	188295
25793	3142	6692	158709	3556	0	172099
25794	3903	6460	5633	140860	0	156856
25795	3033	3060	4178	128097	0	138368
25796	2581	129781	3067	6195	0	141624
25797	2771	134142	2597	3972	0	143482
25798	130936	5142	2105	2503	0	140686
25799	132936	2688	1715	2520	0	139859
25800	134274	1113	1489	2453	0	139329
25801	132217	945	1480	2547	0	137189
25802	125954	1232	1537	2554	0	131277
25803	6501	120432	1776	2342	0	131051
25804	3008	98511	1417	1679	0	104615
25805	1363	81653	1052	1296	0	85364
25806	75195	2737	2986	1296	0	82214
25807	3077	2102	1406	70429	0	77014
25808	1594	377	623	70029	0	72623
25809	68578	321	659	2482	0	72040
25810	1639	68686	842	1619	0	72786
25811	1498	1211	712	69290	0	72711
25812	1070	955	693	70122	0	72840
25813	1056	460	765	70790	0	73071
25814	68405	363	708	2234	0	71710
25815	1970	370	625	69737	0	72702
25816	1532	521	66407	1656	0	70116
25817	64541	364	1324	1347	0	67576
25818	1926	547	1013	66557	0	70043
25819	1469	451	67062	1507	0	70489
25820	953	66141	1331	1271	0	69696
25821	621	62637	852	556	0	64666
25822	57750	1744	1350	593	0	61437
25823	56352	617	434	496	0	57899
25824	1031	58476	228	286	0	60021
25825	748	639	152	61674	0	63213
25826	63997	434	110	947	0	65488
25827	941	151	120	68839	0	70051
25828	811	92	117	71579	0	72599
25829	307	100	124	72445	0	72976
25830	251	84	149	71458	0	71942
25831	188	70088	256	1854	0	72386
25832	226	989	135	71415	0	72765
25833	207	721	145	71508	0	72581
25834	228	213	132	72551	0	73124
25835	204	292	69614	2053	0	72163
25836	156	69907	1158	1213	0	72434
25837	243	1138	800	70912	0	73093
25838	126	972	70241	1270	0	72609
25839	245	368	67195	1079	0	68887
25840	122	69734	1892	462	0	72210
25841	69016	1183	940	357	0	71496
25842	1086	870	321	69920	0	72197
25843	70103	274	180	1250	0	71807
25844	1148	70902	288	1003	0	73341
25845	925	1164	165	71321	0	73575
25846	69347	842	144	1342	0	71675
25847	71012	288	149	1064	0	72513
25848	1941	186	104	70650	0	72881
25849	1078	162	118	70560	0	71918
25850	407	274	69592	2054	0	72327
25851	342	179	1098	69551	0	71170
25852	293	276	837	71182	0	72588
25853	68849	152	273	2090	0	71364
25854	1163	69208	276	1307	0	71954
25855	884	1271	67901	654	0	70710
25856	64659	807	1033	573	0	67072
25857	1135	68639	913	469	0	71156
25858	949	1125	240	68737	0	71051
25859	68201	806	168	1391	0	70566
25860	1227	259	155	67989	0	69630
25861	946	235	124	68384	0	69689
25862	292	319	66920	2095	0	69626
25863	324	247	1065	67590	0	69226
25864	66778	189	812	1612	0	69391
25865	1201	167	251	67913	0	69532
25866	66149	174	165	1644	0	68132
25867	1253	65037	314	1304	0	67908
25868	952	67370	293	669	0	69284
25869	462	1768	205	67213	0	69648
25870	369	968	147	67929	0	69413
25871	65790	346	173	2156	0	68465
25872	1162	65996	290	1404	0	68852
25873	67141	1178	143	763	0	69225
25874	67292	911	174	710	0	69087
25875	1977	385	192	66539	0	69093
25876	66934	286	207	1545	0	68972
25877	1444	417	64108	1212	0	67181
25878	1217	237	1111	64714	0	67279
25879	541	408	66280	1503	0	68732
25880	561	257	1264	66755	0	68837
25881	65059	271	900	1692	0	67922
25882	66418	234	370	1351	0	68373
25883	2023	66284	378	782	0	69467
25884	1283	1203	259	65645	0	68390
25885	638	895	205	66355	0	68093
25886	508	66204	348	2254	0	69314
25887	546	1255	205	68335	0	70341
25888	550	937	194	67458	0	69139
25889	439	66602	318	2271	0	69630
25890	65211	1261	184	1483	0	68139
25891	65654	947	203	876	0	67680
25892	2059	398	220	65199	0	67876
25893	1302	314	191	65802	0	67609
25894	590	432	63885	2327	0	67234
25895	594	372	1129	62643	0	64738
25896	546	63009	1006	1659	0	66220
25897	63993	1228	311	1333	0	66865
25898	1484	925	186	64274	0	66869
25899	1188	388	226	63225	0	65027
25900	61123	320	194	2375	0	64012
25901	1368	61576	355	1478	0	64777
25902	1156	1164	215	63290	0	65825
25903	712	930	183	62448	0	64273
25904	559	62418	304	2138	0	65419
25905	62361	1243	234	1444	0	65282
25906	1436	1052	61524	788	0	64800
25907	1139	523	61911	732	0	64305
25908	643	412	1783	62364	0	65202
25909	497	466	62752	1614	0	65329
25910	60261	364	1238	1345	0	63208
25911	1507	311	896	62652	0	65366
25912	1154	387	64475	1667	0	67683
25913	691	405	64454	1300	0	66850
25914	528	65965	1950	729	0	69172
25915	65570	1138	966	726	0	68400
25916	1318	67404	540	663	0	69925
25917	67644	1149	365	772	0	69930
25918	67496	840	370	673	0	69379
25919	1749	65203	458	531	0	67941
25920	65488	1051	238	594	0	67371
25921	64834	818	251	555	0	66458
25922	1842	514	64170	581	0	67107
25923	1289	2793	948	58869	0	63899
25924	542	58664	720	1013	0	60939
25925	347	56916	300	695	0	58258
25926	1060	1948	457	51801	0	55266
25927	48870	572	310	1029	0	50781
25928	566	120	69	47966	0	48721
25929	392	91	74	49454	0	50011
25930	218	74	66	50493	0	50851
25931	118	52638	167	886	0	53809
25932	187	630	63	56304	0	57184
25933	186	569	60011	845	0	61611
25934	55435	167	818	665	0	57085
25935	62443	83	510	319	0	63355
25936	1347	61921	226	210	0	63704
25937	63002	837	53	221	0	64113
25938	987	550	45	63873	0	65455
25939	622	259	63398	904	0	65183
25940	60157	85	871	710	0	61823
25941	897	64443	653	234	0	66227
25942	622	823	109	64255	0	65809
25943	66580	557	84	956	0	68177
25944	893	66483	163	638	0	68177
25945	586	67709	182	212	0	68689
25946	67242	1340	106	230	0	68918
25947	981	759	65183	208	0	67131
25948	66029	181	841	188	0	67239
25949	1019	128	552	66005	0	67704
25950	700	121	117	66693	0	67631
25951	260	248	65488	1409	0	67405
25952	224	232	65100	671	0	66227
25953	280	121	1422	66111	0	67934
25954	259	248	65926	974	0	67407
25955	249	232	66095	709	0	67285
25956	312	145	1429	64414	0	66300
25957	304	127	692	67057	0	68180
25958	66853	160	229	1496	0	68738
25959	1054	155	179	67325	0	68713
25960	67500	128	195	1097	0	68920
25961	1073	67435	276	750	0	69534
25962	808	966	154	68292	0	70220
25963	335	771	69553	1079	0	71738
25964	67262	236	987	799	0	69284
25965	71492	187	660	370	0	72709
25966	72198	142	259	325	0	72924
25967	71372	153	198	309	0	72032
25968	70879	156	204	326	0	71565
25969	1705	131	200	69090	0	71126
25970	890	219	68542	1089	0	70740
25971	409	231	67488	802	0	68930
25972	339	235	69277	374	0	70225
25973	65847	140	1652	379	0	68018
25974	70768	143	847	380	0	72138
25975	1651	111	338	67929	0	70029
25976	841	71631	391	1056	0	73919
25977	450	918	252	73256	0	74876
25978	376	735	72841	1246	0	75198
25979	393	290	71417	851	0	72951
25980	65285	148	1587	530	0	67550
25981	1264	262	75457	370	0	77353
25982	966	170	1117	74857	0	77110
25983	77721	134	786	1261	0	79902
25984	75743	155	393	898	0	77189
25985	79781	118	319	409	0	80627
25986	80423	102	294	404	0	81223
25987	2015	276	78099	335	0	80725
25988	75468	154	1147	394	0	77163
25989	1398	78697	946	389	0	81430
25990	1123	1027	381	79976	0	82507
25991	593	814	80144	1187	0	82738
25992	607	211	1243	79889	0	81950
25993	531	318	81722	1305	0	83876
25994	536	203	1318	80476	0	82533
25995	495	181	904	82211	0	83791
25996	463	320	81046	1914	0	83743
25997	569	173	1286	80846	0	82874
25998	81840	146	951	1440	0	84377
25999	1387	143	456	82743	0	84729
26000	1077	142	427	83943	0	85589
26001	82370	145	379	1995	0	84889
26002	1348	82892	545	1131	0	85916
26003	83833	1038	401	555	0	85827
26004	1484	84637	499	415	0	87035
26005	86525	1142	379	547	0	88593
26006	1538	901	86419	461	0	89319
26007	1239	232	1209	85342	0	88022
26008	636	252	931	87003	0	88822
26009	85648	177	414	2031	0	88270
26010	1388	84955	545	1152	0	88040
26011	1164	1097	379	84244	0	86884
26012	587	759	396	83298	0	85040
26013	425	81196	486	2107	0	84214
26014	80400	1038	349	1244	0	83031
26015	1323	81148	546	620	0	83637
26016	1099	1089	344	79536	0	82068
26017	629	764	303	76817	0	78513
26018	437	77322	453	1899	0	80111
26019	76245	1068	299	1203	0	78815
26020	1350	954	75989	668	0	78961
26021	72950	309	1155	609	0	75023
26022	1408	76256	1000	432	0	79096
26023	1124	1103	305	76994	0	79526
26024	77879	770	288	1395	0	80332
26025	1433	303	273	78335	0	80344
26026	1107	249	264	79510	0	81130
26027	79493	246	289	2045	0	82073
26028	1340	78289	398	1190	0	81217
26029	1011	80135	394	603	0	82143
26030	78644	1520	330	608	0	81102
26031	1266	882	78878	562	0	81588
26032	842	73553	928	435	0	75758
26033	796	1100	837	72796	0	75529
26034	366	630	83275	793	0	85064
26035	274	328	1003	80681	0	82286
26036	81887	136	761	1220	0	84004
26037	1067	83593	282	983	0	85925
26038	954	1038	161	77266	0	79419
26039	216	83905	259	945	0	85325
26040	83955	1106	135	817	0	86013
26041	85374	845	102	394	0	86715
26042	1855	86868	216	376	0	89315
26043	1036	1192	112	82517	0	84857
26044	318	88184	253	1122	0	89877
26045	88966	1287	114	953	0	91320
26046	89957	1007	146	361	0	91471
26047	2221	281	128	88868	0	91498
26048	1222	231	84	90413	0	91950
26049	416	366	88280	2231	0	91293
26050	79472	239	1234	1450	0	82395
26051	1467	368	89069	384	0	91288
26052	1174	225	1320	87197	0	89916
26053	86809	170	1019	1468	0	89466
26054	1352	89179	330	1175	0	92036
26055	85183	1339	252	531	0	87305
26056	1441	1254	81195	450	0	84340
26057	83462	323	1055	425	0	85265
26058	1542	88928	947	388	0	91805
26059	89530	1334	259	456	0	91579
26060	1491	91914	301	409	0	94115
26061	1213	1481	182	90454	0	93330
26062	478	1284	89077	1415	0	92254
26063	450	532	86643	1113	0	88738
26064	611	342	2112	86853	0	89918
26065	504	466	88926	1582	0	91478
26066	485	359	1362	88259	0	90465
26067	442	339	1027	88842	0	90650
26068	371	453	89719	2332	0	92875
26069	75329	293	1458	1540	0	78620
26070	88623	295	1053	576	0	90547
26071	2253	88237	449	482	0	91421
26072	88909	1321	260	468	0	90958
26073	1651	1039	221	88512	0	91423
26074	1230	476	90733	1478	0	93917
26075	589	310	1381	90270	0	92550
26076	542	310	1052	91000	0	92904
26077	88198	302	307	2306	0	91113
26078	1447	87352	363	1281	0	90443
26079	1134	88486	296	600	0	90516
26080	531	2024	254	88223	0	91032
26081	473	1118	268	85820	0	87679
26082	446	85621	361	2124	0	88552
26083	512	1366	210	84412	0	86500
26084	444	1115	236	83315	0	85110
26085	304	82557	377	2260	0	85498
26086	81440	1254	299	1263	0	84256
26087	1315	982	269	81219	0	83785
26088	1076	82085	364	1485	0	85010
26089	529	1290	215	82722	0	84756
26090	81001	1017	224	1590	0	83832
26091	1295	81420	356	1218	0	84289
26092	83011	1293	165	600	0	85069
26093	83450	1064	171	620	0	85305
26094	2254	480	162	84279	0	87175
26095	86859	385	177	1627	0	89048
26096	87714	352	188	1387	0	89641
26097	88919	422	179	542	0	90062
26098	89092	385	208	506	0	90191
26099	2484	255	198	87529	0	90466
26100	1419	375	201	88805	0	90800
26101	593	484	87113	2287	0	90477
26102	697	281	1193	87290	0	89461
26103	657	274	942	88619	0	90492
26104	568	495	85961	2451	0	89475
26105	81065	315	1307	1450	0	84137
26106	1623	285	971	87161	0	90040
26107	1307	421	87991	1694	0	91413
26108	81725	284	1427	1547	0	84983
26109	1818	451	96699	802	0	99770
26110	1440	98749	1735	686	0	102610
26111	655	104814	1364	590	0	107423
26112	693	2620	372	109395	0	113080
26113	551	1559	120906	2096	0	125112
26114	117725	446	2075	1793	0	122039
26115	128301	314	1507	896	0	131018
26116	3559	538	127931	664	0	132692
26117	126622	322	2134	736	0	129814
26118	130046	287	1618	713	0	132664
26119	3531	130573	784	662	0	135550
26120	132106	1939	459	592	0	135096
26121	2618	1482	450	130256	0	134806
26122	1874	706	130764	2305	0	135649
26123	954	449	2081	121342	0	124826
26124	604	130531	1833	2185	0	135153
26125	690	133990	714	1672	0	137066
26126	132549	3140	454	724	0	136867
26127	131518	1568	416	750	0	134252
26128	132223	496	555	590	0	133864
26129	3706	430	429	130054	0	134619
26130	2112	775	409	124515	0	127811
26131	770	126701	615	3256	0	131342
26132	125488	2107	431	1862	0	129888
26133	2533	128574	615	931	0	132653
26134	116065	1593	396	513	0	118567
26135	2107	116955	570	481	0	120113
26136	115942	1542	532	527	0	118543
26137	114348	1188	385	510	0	116431
26138	3154	899	396	110171	0	114620
26139	1880	115447	509	1500	0	119336
26140	1186	1753	111832	1217	0	115988
26141	101443	1256	1485	776	0	104960
26142	1842	107912	1139	623	0	111516
26143	1460	1701	110063	523	0	113747
26144	794	1335	111590	548	0	114267
26145	811	766	1960	104574	0	108111
26146	771	498	914	104323	0	106506
26147	692	111205	437	1870	0	114204
26148	113895	1510	141	1135	0	116681
26149	1823	1201	166	110318	0	113508
26150	1449	116912	331	1365	0	120057
26151	948	122011	358	1125	0	124442
26152	881	2216	119009	576	0	122682
26153	769	1502	119506	510	0	122287
26154	113081	745	1847	512	0	116185
26155	1812	804	121544	434	0	124594
26156	1507	667	1293	118499	0	121966
26157	914	683	892	123333	0	125822
26158	766	843	122910	2100	0	126619
26159	844	621	1428	119825	0	122718
26160	881	524	1096	118235	0	120736
26161	117680	532	515	2233	0	120960
26162	121591	571	614	1215	0	123991
26163	2230	495	654	120082	0	123461
26164	1245	120483	815	1525	0	124068
26165	605	124664	819	1200	0	127288
26166	124032	2109	644	720	0	127505
26167	1619	1487	124330	715	0	128151
26168	1387	590	1564	123307	0	126848
26169	127199	606	1194	1843	0	130842
26170	128158	726	599	1405	0	130888
26171	2506	741	533	127039	0	130819
26172	1533	933	127810	1693	0	131969
26173	949	873	121819	1312	0	124953
26174	116163	653	2587	911	0	120314
26175	124850	538	1605	882	0	127875
26176	2607	126756	1124	846	0	131333
26177	1679	129943	1058	850	0	133530
26178	132787	2193	818	1141	0	136939
26179	135473	1295	763	1177	0	138708
26180	3023	587	685	137051	0	141346
26181	2114	504	663	139763	0	143044
26182	1388	534	590	141134	0	143646
26183	139450	661	585	2871	0	143567
26184	2592	716	527	140053	0	143888
26185	2074	1025	141212	1949	0	146260
26186	136611	753	1727	1578	0	140669
26187	2365	753	1222	141386	0	145726
26188	1864	1123	142095	1912	0	146994
26189	134654	780	1685	1589	0	138708
26190	127955	886	1420	1075	0	131336
26191	2581	145713	934	1002	0	150230
26192	1822	148047	873	842	0	151584
26193	1486	2582	141064	819	0	145951
26194	133204	1443	1568	1001	0	137216
26195	2296	147333	1458	936	0	152023
26196	1949	2127	142304	787	0	147167
26197	131891	1494	1617	982	0	135984
26198	2410	151922	1321	975	0	156628
26199	1892	2267	150280	944	0	155383
26200	140195	1574	1571	1067	0	144407
26201	2336	151869	1363	934	0	156502
26202	1860	1723	486	150682	0	154751
26203	150546	1210	528	2149	0	154433
26204	2035	151573	844	1781	0	156233
26205	1630	2088	637	149979	0	154334
26206	147179	1106	793	2181	0	151259
26207	1844	742	149151	1563	0	153300
26208	1340	146955	1794	831	0	150920
26209	1173	1824	141111	722	0	144830
26210	882	1878	1536	135703	0	139999
26211	601	655	135814	1296	0	138366
26212	432	128993	1194	996	0	131615
26213	367	120303	804	288	0	121762
26214	699	1455	362	116412	0	118928
26215	248	372	124	112085	0	112829
26216	210	145	136	114018	0	114509
26217	190	450	116203	1006	0	117849
26218	264	110	582	116698	0	117654
26219	115304	92	469	854	0	116719
26220	113558	132	151	673	0	114514
26221	990	428	119082	328	0	120828
26222	507	118438	754	226	0	119925
26223	117775	557	398	433	0	119163
26224	586	118200	343	281	0	119410
26225	118085	601	206	479	0	119371
26226	118161	409	140	428	0	119138
26227	1034	427	117596	281	0	119338
26228	534	120995	752	283	0	122564
26229	316	621	445	121360	0	122742
26230	273	718	121184	695	0	122870
26231	111968	210	666	628	0	113472
26232	784	272	476	121084	0	122616
26233	512	450	119185	614	0	120761
26234	109497	146	697	692	0	111032
26235	841	456	122913	278	0	124488
26236	642	170	723	123225	0	124760
26237	125087	106	523	1017	0	126733
26238	772	129086	440	694	0	130992
26239	665	1092	130203	332	0	132292
26240	125860	554	827	450	0	127691
26241	142113	166	592	396	0	143267
26242	1659	146596	427	289	0	148971
26243	1023	1161	195	146615	0	148994
26244	421	816	154	145281	0	146672
26245	143647	215	164	2089	0	146115
26246	1392	163	163	145578	0	147296
26247	1020	542	145497	1433	0	148492
26248	449	183	1230	143714	0	145576
26249	141653	152	896	1671	0	144372
26250	1290	140800	539	1321	0	143950
26251	1101	1365	170	134279	0	136915
26252	295	138910	439	1397	0	141041
26253	139801	1439	167	1192	0	142599
26254	1626	998	158	151795	0	154577
26255	1261	246	198	154923	0	156628
26256	341	155513	467	3291	0	159612
26257	379	2378	151964	1663	0	156384
26258	438	1394	2002	150736	0	154570
26259	412	353	1349	153485	0	155599
26260	436	265	303	151813	0	152817
26261	279	152357	557	3384	0	156577
26262	378	2441	151656	1746	0	156221
26263	481	1762	154163	572	0	156978
26264	149086	378	3310	710	0	153484
26265	156111	236	1525	648	0	158520
26266	3455	654	157193	541	0	161843
26267	151517	206	2224	729	0	154676
26268	2467	657	160131	510	0	163765
26269	149848	276	2446	587	0	153157
26270	2359	158961	1899	546	0	163765
26271	160660	2143	557	685	0	164045
26272	2662	1810	162380	527	0	167379
26273	1826	793	165041	620	0	168280
26274	768	332	3688	172876	0	177664
26275	178439	247	1907	3236	0	183829
26276	3081	190063	946	2237	0	196327
26277	2270	3833	214167	897	0	221167
26278	1040	2166	4381	214759	0	222346
26279	801	544	2744	221669	0	225758
26280	219565	354	763	7088	0	227770
26281	221385	333	510	3368	0	225596
26282	7269	412	413	218229	0	226323
26283	221637	387	502	5099	0	227625
26284	5288	817	217169	3263	0	226537
26285	3430	320	4717	213869	0	222336
26286	1261	357	2892	220195	0	224705
26287	217496	343	747	7569	0	226155
26288	218233	408	541	3691	0	222873
26289	7691	412	553	215773	0	224429
26290	216806	326	626	5395	0	223153
26291	5476	671	210854	3522	0	220523
26292	3291	209456	5098	1596	0	219441
26293	1394	4886	212489	1152	0	219921
26294	1392	3311	5089	210918	0	220710
26295	207357	622	3062	5449	0	216490
26296	5150	207617	1385	3615	0	217767
26297	3713	4713	799	203229	0	212454
26298	1521	2978	896	197499	0	202894
26299	1028	201475	1176	7481	0	211160
26300	1308	5073	892	203999	0	211272
26301	1422	2939	933	205066	0	210360
26302	1509	817	838	207740	0	210904
26303	1530	580	764	207017	0	209891
26304	1672	525	797	203090	0	206084
26305	1383	197500	1332	8376	0	208591
26306	1720	4697	913	201426	0	208756
26307	1742	2882	924	202118	0	207666
26308	1603	1211	194437	8581	0	205832
26309	1524	193230	5509	4793	0	205056
26310	1697	4932	3288	194439	0	204356
26311	1896	2947	1179	196013	0	202035
26312	1919	972	1083	194110	0	198084
26313	1653	190485	1518	8833	0	202489
26314	1789	5157	191208	4923	0	203077
26315	2001	3180	5352	194024	0	204557
26316	1691	1547	194610	6550	0	204398
26317	1684	1364	192028	4689	0	199765
26318	1681	1070	7565	190736	0	201052
26319	192064	904	3805	6867	0	203640
26320	5694	1131	1387	193735	0	201947
26321	3951	1014	1239	189054	0	195258
26322	1618	190607	1581	8918	0	202724
26323	1671	5024	1087	196289	0	204071
26324	1821	3204	1061	198767	0	204853
26325	1578	1471	193295	9727	0	206071
26326	1371	192456	5596	5747	0	205170
26327	1661	5085	3410	194261	0	204417
26328	187775	3361	1509	7301	0	199946
26329	5189	1922	189403	5316	0	201830
26330	3657	1257	5307	189780	0	200001
26331	1612	1177	3511	194372	0	200672
26332	187661	1118	1425	9634	0	199838
26333	5183	187638	1687	5926	0	200434
26334	185873	5215	1059	3685	0	195832
26335	5162	185664	1634	3582	0	196042
26336	3541	5408	1151	183578	0	193678
26337	178844	3324	1251	7340	0	190759
26338	5038	1608	178334	5679	0	190659
26339	3401	173789	5518	3620	0	186328
26340	1538	176984	3998	3232	0	185752
26341	162421	6325	1950	2988	0	173684
26342	4840	3376	1387	155274	0	164877
26343	3030	155593	1677	6219	0	166519
26344	1449	162471	1601	5067	0	170588
26345	1676	6361	1062	161067	0	170166
26346	1569	3419	904	164299	0	170191
26347	156874	1588	993	8467	0	167922
26348	4603	157469	1473	5251	0	168796
26349	3272	4993	1458	158218	0	167941
26350	1418	3431	155813	6175	0	166837
26351	1233	155780	5109	4777	0	166899
26352	1382	4710	155082	3169	0	164343
26353	1284	154867	5091	3079	0	164321
26354	2332	4774	3477	139057	0	149640
26355	1644	2515	937	134138	0	139234
26356	1263	137331	1058	6312	0	145964
26357	1258	4320	137091	3750	0	146419
26358	134725	2872	3617	2486	0	143700
26359	3829	1570	2458	142102	0	149959
26360	2624	1529	1130	145460	0	150743
26361	1193	1757	142941	6534	0	152425
26362	1251	1548	3774	144356	0	150929
26363	1070	1902	143269	5187	0	151428
26364	1123	1701	3808	142618	0	149250
26365	1013	1784	145117	5210	0	153124
26366	863	144489	4119	4526	0	153997
26367	938	4632	148782	2940	0	157292
26368	1126	3135	3814	148663	0	156738
26369	146715	1581	2392	5661	0	156349
26370	3797	145550	1388	4355	0	155090
26371	2834	4579	951	143894	0	152258
26372	1338	3222	141536	5091	0	151187
26373	772	142257	4319	3873	0	151221
26374	940	4458	2580	127688	0	135666
26375	729	2881	128202	3768	0	135580
26376	492	113792	3050	2180	0	119514
26377	82948	2820	2485	1407	0	89660
26378	77489	1103	641	750	0	79983
26379	1666	317	210	77446	0	79639
26380	77853	211	228	1250	0	79542
26381	1105	203	205	77231	0	78744
26382	850	193	143	78518	0	79704
26383	308	381	78922	1764	0	81375
26384	312	223	1019	77912	0	79466
26385	278	178	762	79325	0	80543
26386	77648	192	188	1897	0	79925
26387	76212	160	165	1123	0	77660
26388	1588	76826	316	458	0	79188
26389	838	1227	77072	461	0	79598
26390	317	824	1074	76407	0	78622
26391	271	416	75655	1231	0	77573
26392	68482	191	1014	978	0	70665
26393	1061	336	73171	398	0	74966
26394	788	244	943	69340	0	71315
26395	225	71407	815	974	0	73421
26396	265	890	247	71310	0	72712
26397	194	687	230	71700	0	72811
26398	195	383	71517	1635	0	73730
26399	216	153	948	71575	0	72892
26400	70490	147	703	1241	0	72581
26401	70539	162	268	925	0	71894
26402	71005	143	217	475	0	71840
26403	70382	144	211	499	0	71236
26404	1427	69728	342	442	0	71939
26405	776	70361	322	401	0	71860
26406	456	1485	296	62909	0	65146
26407	340	715	224	68974	0	70253
26408	279	66586	297	1618	0	68780
26409	344	918	197	69781	0	71240
26410	323	749	184	69870	0	71126
26411	317	269	229	70134	0	70949
26412	284	213	238	70205	0	70940
26413	278	262	203	70533	0	71276
26414	68044	223	224	1801	0	70292
26415	993	67251	339	1104	0	69687
26416	804	1113	65570	584	0	68071
26417	345	747	954	65626	0	67672
26418	316	315	757	66023	0	67411
26419	297	263	278	65400	0	66238
26420	63548	256	265	1875	0	65944
26421	1052	70984	389	1172	0	73597
26422	958	1373	257	69913	0	72501
26423	408	75211	360	1835	0	77814
26424	557	1822	234	71244	0	73857
26425	392	73575	345	2009	0	76321
26426	434	1967	77940	1465	0	81806
26427	406	1294	2008	82432	0	86140
26428	350	535	99438	2609	0	102932
26429	448	370	2822	98912	0	102552
26430	442	338	1766	106615	0	109161
26431	106154	358	452	4816	0	111780
26432	108070	315	375	2448	0	111208
26433	110519	331	369	971	0	112190
26434	110446	315	406	847	0	112014
26435	110456	269	384	822	0	111931
26436	5002	307	389	102296	0	107994
26437	2278	105311	622	3354	0	111565
26438	918	3058	346	104719	0	109041
26439	746	2073	102079	3505	0	108403
26440	100683	475	2925	2395	0	106478
26441	105517	330	1844	897	0	108588
26442	5031	322	451	103320	0	109124
26443	2508	321	299	101273	0	104401
26444	824	100082	457	4956	0	106319
26445	802	2936	283	103037	0	107058
26446	797	1908	329	100879	0	103913
26447	640	100465	496	4981	0	106582
26448	752	3015	322	103163	0	107252
26449	95353	1894	365	3853	0	101465
26450	3042	723	98771	2521	0	105057
26451	96753	476	2961	1265	0	101455
26452	3421	599	99327	1085	0	104432
26453	2341	406	3174	96418	0	102339
26454	961	449	1947	91765	0	95122
26455	673	94615	704	4969	0	100961
26456	691	98608	607	2666	0	102572
26457	906	4639	434	93601	0	99580
26458	815	2167	94761	3573	0	101316
26459	87835	524	3045	2352	0	93756
26460	3341	400	1833	90078	0	95652
26461	1989	90263	732	3628	0	96612
26462	887	2905	329	91901	0	96022
26463	850	1946	272	89797	0	92865
26464	720	88766	424	4761	0	94671
26465	1167	3022	338	85492	0	90019
26466	749	1676	79100	3090	0	84615
26467	717	558	77582	1913	0	80770
26468	722	799	3428	66891	0	71840
26469	431	73968	1602	2512	0	78513
26470	587	2449	478	73241	0	76755
26471	74085	1453	272	2866	0	78676
26472	76003	446	318	1819	0	78586
26473	73273	333	315	898	0	74819
26474	3555	71471	447	763	0	76236
26475	1635	2427	71136	754	0	75952
26476	70314	1466	2379	760	0	74919
26477	73423	542	1421	811	0	76197
26478	3644	71306	578	764	0	76292
26479	1833	2475	336	70240	0	74884
26480	71588	1514	306	2721	0	76129
26481	73025	551	354	1841	0	75771
26482	74328	477	394	817	0	76016
26483	3955	359	443	69920	0	74677
26484	72002	370	426	2895	0	75693
26485	2945	360	468	71686	0	75459
26486	1997	394	337	73016	0	75744
26487	71090	446	343	4031	0	75910
26488	2883	487	334	71942	0	75646
26489	71866	432	444	3213	0	75955
26490	3146	492	365	72195	0	76198
26491	2137	438	377	73894	0	76846
26492	71060	473	336	4454	0	76323
26493	3122	577	71390	2352	0	77441
26494	2464	456	2341	72575	0	77836
26495	1487	424	1528	74003	0	77442
26496	1329	449	519	74139	0	76436
26497	1186	445	400	75618	0	77649
26498	1125	544	405	73239	0	75313
26499	994	71232	592	4452	0	77270
26500	1209	2532	506	73259	0	77506
26501	1185	1669	71685	3402	0	77941
26502	1409	604	2424	73359	0	77796
26503	1238	495	1440	74243	0	77416
26504	1171	509	451	76567	0	78698
26505	887	694	72592	4651	0	78824
26506	848	746	73128	2632	0	77354
26507	70648	601	3578	1527	0	76354
26508	74108	506	1747	1400	0	77761
26509	4008	76711	745	1392	0	82856
26510	2341	2580	454	79331	0	84706
26511	1157	1596	520	83216	0	86489
26512	1008	612	556	85270	0	87446
26513	81883	496	624	4616	0	87619
26514	84255	471	523	2714	0	87963
26515	4109	512	468	83411	0	88500
26516	2116	638	354	84959	0	88067
26517	1007	686	375	86091	0	88159
26518	899	545	428	86340	0	88212
26519	80884	476	613	4698	0	86671
26520	2830	591	80234	2784	0	86439
26521	1592	69612	2185	1507	0	74896
26522	653	68241	1215	1148	0	71257
26523	64500	2225	422	1116	0	68263
26524	1863	2432	460	63206	0	67961
26525	1159	558	64087	2184	0	67988
26526	475	556	58514	1422	0	60967
26527	379	59009	1873	857	0	62118
26528	43617	438	950	340	0	45345
26529	457	316	43331	261	0	44365
26530	34361	196	322	197	0	35076
26531	150	55	118	38333	0	38656
26532	119	43	34	38975	0	39171
26533	47	38640	77	258	0	39022
26534	53	39623	58	145	0	39879
26535	39601	158	35	144	0	39938
26536	39564	96	38	108	0	39806
26537	155	40751	69	103	0	41078
26538	307	175	39746	369	0	40597
26539	89	199	40970	73	0	41331
26540	58	84	185	41372	0	41699
26541	42948	31	149	160	0	43288
26542	110	43249	103	157	0	43619
26543	118	121	31	44903	0	45173
26544	45566	102	36	233	0	45937
26545	186	35	50	46650	0	46921
26546	157	28	38	48400	0	48623
26547	47471	26	32	364	0	47893
26548	193	48625	74	243	0	49135
26549	177	50779	66	118	0	51140
26550	115	425	51319	101	0	51960
26551	67	206	189	52191	0	52653
26552	82	56	167	52894	0	53199
26553	75	152	53607	373	0	54207
26554	41532	72	257	525	0	42386
26555	48881	48	212	229	0	49370
26556	351	151	53232	65	0	53799
26557	42046	69	229	390	0	42734
26558	255	150	55855	131	0	56391
26559	197	58678	286	83	0	59244
26560	116	199	170	61392	0	61877
26561	97	164	49	62820	0	63130
26562	62383	66	39	470	0	62958
26563	62072	52	44	320	0	62488
26564	61784	39	58	198	0	62079
26565	62119	50	37	185	0	62391
26566	61698	60	58	212	0	62028
26567	397	174	61005	125	0	61701
26568	229	61951	282	122	0	62584
26569	146	212	167	61980	0	62505
26570	78	62888	155	215	0	63336
26571	82	63449	134	220	0	63885
26572	95	339	62	62663	0	63159
26573	76	190	50	63334	0	63650
26574	101	273	62532	389	0	63295
26575	55802	64	234	349	0	56449
26576	62702	49	169	165	0	63085
26577	359	62561	140	133	0	63193
26578	63087	198	49	180	0	63514
26579	65163	152	50	214	0	65579
26580	392	86	54	64938	0	65470
26581	234	189	67631	221	0	68275
26582	141	219	66495	211	0	67066
26583	65675	38	292	177	0	66182
26584	67572	39	159	152	0	67922
26585	363	67354	120	118	0	67955
26586	207	69924	141	120	0	70392
26587	144	358	33	71512	0	72047
26588	71496	190	39	342	0	72067
26589	306	255	72383	204	0	73148
26590	251	48	270	73043	0	73612
26591	75183	55	209	446	0	75893
26592	75429	68	69	357	0	75923
26593	478	60	67	77151	0	77756
26594	77476	40	77	434	0	78027
26595	357	230	75116	254	0	75957
26596	262	271	79238	140	0	79911
26597	191	62	451	77290	0	77994
26598	153	48	245	82562	0	83008
26599	122	50	95	82366	0	82633
26600	86	80608	208	488	0	81390
26601	103	82319	174	319	0	82915
26602	138	456	40	83024	0	83658
26603	83659	234	65	478	0	84436
26604	349	83	67	84860	0	85359
26605	324	48	49	84854	0	85275
26606	108	84316	195	529	0	85148
26607	85	86332	166	409	0	86992
26608	145	452	57	86604	0	87258
26609	138	269	45	82798	0	83250
26610	80573	99	26	612	0	81310
26611	307	79889	174	340	0	80710
26612	80335	295	49	268	0	80947
26613	392	235	35	81391	0	82053
26614	300	321	80019	377	0	81017
26615	146	306	78368	343	0	79163
26616	78864	76	511	255	0	79706
26617	427	83	245	85097	0	85852
26618	288	90	79	85650	0	86107
26619	159	52	49	86530	0	86790
26620	107	286	86722	631	0	87746
26621	145	67	320	86783	0	87315
26622	103	86615	407	471	0	87596
26623	126	353	76	89923	0	90478
26624	178	249	52	89429	0	89908
26625	87	90130	227	651	0	91095
26626	129	443	46	91939	0	92557
26627	88915	300	51	717	0	89983
26628	514	89348	238	458	0	90558
26629	92678	536	59	327	0	93600
26630	93238	398	48	315	0	93999
26631	1091	134	61	92928	0	94214
26632	623	109	51	92642	0	93425
26633	274	86	49	94235	0	94644
26634	200	273	90467	1276	0	92216
26635	149	89332	721	766	0	90968
26636	127	92148	603	389	0	93267
26637	204	1017	116	90423	0	91760
26638	89578	493	71	815	0	90957
26639	717	145	76	88770	0	89708
26640	553	435	89957	945	0	91890
26641	161	88786	716	703	0	90366
26642	118	90704	589	327	0	91738
26643	89538	935	121	353	0	90947
26644	90334	488	85	345	0	91252
26645	962	98160	225	289	0	99636
26646	99223	591	97	368	0	100279
26647	780	691	98096	177	0	99744
26648	602	432	96301	187	0	97522
26649	97714	162	1122	295	0	99293
26650	102089	120	568	356	0	103133
26651	1344	112	142	102133	0	103731
26652	101777	94	136	1037	0	103044
26653	974	323	103857	641	0	105795
26654	765	432	111891	221	0	113309
26655	426	185	1573	122757	0	124941
26656	349	100	773	141832	0	143054
26657	362	98	213	148187	0	148860
26658	453	134	180	150941	0	151708
26659	376	104	138	161028	0	161646
26660	263	607	155953	4335	0	161158
26661	409	120	2548	156276	0	159353
26662	156729	111	1708	3455	0	162003
26663	2764	121	408	159390	0	162683
26664	158473	98	234	3606	0	162411
26665	3013	154	217	159600	0	162984
26666	163298	110	307	3735	0	167450
26667	169092	134	246	2543	0	172015
26668	4584	152	237	167018	0	171991
26669	2379	145	228	170403	0	173155
26670	166992	133	235	4879	0	172239
26671	167786	145	186	2838	0	170955
26672	4781	491	169779	1101	0	176152
26673	2698	209	2652	168895	0	174454
26674	1278	160	1644	175220	0	178302
26675	172928	139	450	4944	0	178461
26676	175429	161	289	2795	0	178674
26677	4937	144	276	174733	0	180090
26678	2665	118	351	177447	0	180581
26679	1276	139	349	177516	0	179280
26680	1018	191	345	174796	0	176350
26681	732	165805	646	5554	0	172737
26682	683	170108	681	3104	0	174576
26683	920	4000	285	168370	0	173575
26684	742	170246	649	3813	0	175450
26685	785	2918	346	173165	0	177214
26686	649	2226	168685	4258	0	175818
26687	640	1044	164857	3264	0	169805
26688	651	170848	4434	1943	0	177876
26689	871	2977	2015	169533	0	175396
26690	825	2340	169984	4096	0	177245
26691	911	771	3006	167107	0	171795
26692	973	559	2066	173025	0	176623
26693	169923	391	914	5727	0	176955
26694	3532	616	635	175781	0	180564
26695	2483	833	178708	4372	0	186396
26696	1362	724	179751	3375	0	185212
26697	1105	178790	4759	2089	0	186743
26698	1109	189828	2696	1885	0	195518
26699	192248	4048	1005	2088	0	199389
26700	3772	2409	206125	1909	0	214215
26701	2786	651	3152	206231	0	212820
26702	208260	377	2157	4478	0	215272
26703	208123	455	1013	3404	0	212995
26704	4923	213705	1180	2035	0	221843
26705	3184	3176	743	207554	0	214657
26706	1701	2035	632	221210	0	225578
26707	1433	745	612	221647	0	224437
26708	214547	548	680	6359	0	222134
26709	3733	1020	214455	3886	0	223094
26710	2505	219111	3468	2376	0	227460
26711	1633	3186	2011	219216	0	226046
26712	1289	2174	824	225335	0	229622
26713	1029	1548	220995	6040	0	229612
26714	1284	808	3223	218345	0	223660
26715	1212	651	2244	224602	0	228709
26716	1152	782	1020	224977	0	227931
26717	1160	747	891	224816	0	227614
26718	918	1139	218544	6592	0	227193
26719	1070	674	3541	218230	0	223515
26720	912	1125	222642	5446	0	230125
26721	863	220255	4094	4171	0	229383
26722	1074	2814	2531	222336	0	228755
26723	1181	2009	1252	226577	0	231019
26724	1023	1273	220921	6391	0	229608
26725	955	218525	3677	4422	0	227579
26726	1339	3151	2507	217581	0	224578
26727	1195	2502	219076	4485	0	227258
26728	1052	217976	3629	3644	0	226301
26729	1350	2995	2171	218113	0	224629
26730	1269	2544	217726	4226	0	225765
26731	1436	988	3076	216062	0	221562
26732	1364	781	2134	217104	0	221383
26733	1205	787	1174	224054	0	227220
26734	219079	839	827	5761	0	226506
26735	3013	218669	1239	3782	0	226703
26736	219088	2758	843	2598	0	225287
26737	3347	2389	219628	2267	0	227631
26738	221636	825	2977	2881	0	228319
26739	237558	670	2074	2632	0	242934
26740	4543	686	1013	236208	0	242450
26741	241560	801	852	4633	0	247846
26742	244150	760	823	3717	0	249450
26743	250241	754	835	2778	0	254608
26744	4772	769	836	247617	0	253994
26745	2762	743	786	242860	0	247151
26746	1239	1158	234938	5151	0	242486
26747	1024	1273	223750	3301	0	229348
26748	217588	652	3998	2310	0	224548
26749	3009	1408	2218	231680	0	238315
26750	1801	235052	1680	3547	0	242080
26751	234569	2359	1132	2953	0	241013
26752	2497	235711	1307	2028	0	241543
26753	1707	234113	1362	1894	0	239076
26754	1544	4219	219734	1998	0	227495
26755	961	1964	222991	1223	0	227139
26756	1067	3491	2884	213203	0	220645
26757	512	940	225627	1603	0	228682
26758	384	858	208498	1005	0	210745
26759	192424	236	726	755	0	194141
26760	209793	148	324	605	0	210870
26761	592	130	147	213937	0	214806
26762	462	154	144	217886	0	218646
26763	318	779	220133	828	0	222058
26764	179	223649	707	573	0	225108
26765	299	446	307	222199	0	223251
26766	226636	237	200	1007	0	228080
26767	496	121	157	229795	0	230569
26768	371	231051	447	771	0	232640
26769	392	1108	226881	619	0	229000
26770	145	235292	865	396	0	236698
26771	235055	512	398	762	0	236727
26772	231134	461	179	565	0	232339
26773	964	278	121	231187	0	232550
26774	573	821	234610	705	0	236709
26775	310	802	223059	765	0	224936
26776	202	236563	1447	401	0	238613
26777	420	838	660	227979	0	229897
26778	309	515	171	239749	0	240744
26779	223	927	237178	1449	0	239777
26780	350	128	756	233676	0	234910
26781	173	249708	1053	1015	0	251949
26782	333	1030	195	251755	0	253313
26783	316	797	159	253157	0	254429
26784	342	827	252503	2005	0	255677
26785	351	235	1165	248842	0	250593
26786	244330	169	1058	1779	0	247336
26787	1348	877	252375	1082	0	255682
26788	1193	825	253228	580	0	255826
26789	310	257838	2720	463	0	261331
26790	503	1598	1277	262927	0	266305
26791	348	1119	285	277100	0	278852
26792	293	956	273185	3040	0	277474
26793	247838	250	2178	1991	0	252257
26794	2136	208	1441	272807	0	276592
26795	1547	1043	269254	2063	0	273907
26796	592	203	2074	259137	0	262006
26797	357	874	269811	2372	0	273414
26798	452	788	261458	1786	0	264484
26799	297	260982	3749	670	0	265698
26800	573	2055	1677	240888	0	245193
26801	165	254349	1022	2106	0	257642
26802	243685	2073	427	1831	0	248016
26803	2054	2096	250980	678	0	255808
26804	1430	246687	2534	699	0	251350
26805	489	2038	1570	245917	0	250014
26806	242810	1437	531	2563	0	247341
26807	1891	244882	815	2066	0	249654
26808	1591	2057	373	246770	0	250791
26809	548	1504	412	244514	0	246978
26810	219	247157	818	3507	0	251701
26811	245032	2253	429	2157	0	249871
26812	2430	1667	404	271931	0	276432
26813	1897	527	375	287323	0	290122
26814	591	1070	283549	6103	0	291313
26815	362	296406	4252	3243	0	304263
26816	714	4211	2726	296957	0	304608
26817	612	2795	798	319054	0	323259
26818	313	330011	950	7463	0	338737
26819	645	5359	475	333565	0	340044
26820	895	3408	652	344280	0	349235
26821	644	925	3358	342935	0	347862
26822	281	346367	1256	9743	0	357647
26823	337820	6066	676	4971	0	349533
26824	6175	4691	345533	1695	0	358094
26825	328259	991	6293	1989	0	337532
26826	6341	346667	4693	1496	0	359197
26827	3989	6257	1190	345640	0	357076
26828	1220	4808	348808	6946	0	361782
26829	1091	1236	6349	347380	0	356056
26830	964	785	4119	351525	0	357393
26831	1073	805	1182	360136	0	363196
26832	784	1650	351708	10612	0	364754
26833	667	348600	7152	6316	0	362735
26834	919	6849	355227	2382	0	365377
26835	665	359490	7613	2374	0	370142
26836	950	7590	364458	2061	0	375059
26837	942	4328	7210	358513	0	370993
26838	349129	1501	4622	8116	0	363368
26839	5984	359873	2075	5861	0	373793
26840	3994	7430	361655	2886	0	375965
26841	1068	361430	7570	2507	0	372575
26842	1139	8093	362170	2370	0	373772
26843	1153	4859	7478	344584	0	358074
26844	1575	2119	4755	333821	0	342270
26845	920	352112	2558	10376	0	365966
26846	987	364091	2400	5673	0	373151
26847	360723	10727	1625	2985	0	376060
26848	7233	5601	1668	363898	0	378400
26849	4641	3245	365017	8826	0	381729
26850	2132	1886	7553	364951	0	376522
26851	1439	2818	371506	9383	0	385146
26852	1316	2854	372797	6519	0	383486
26853	1611	1956	11267	347811	0	362645
26854	1095	361063	6439	8627	0	377224
26855	352703	7939	2462	6814	0	369918
26856	7363	5391	2072	349283	0	364109
26857	5046	2488	2290	339956	0	349780
26858	1464	350051	2976	11959	0	366450
26859	344693	8197	2107	6978	0	361975
26860	349379	5620	2180	3855	0	361034
26861	11093	2531	2393	335120	0	351137
26862	5368	338057	3021	8921	0	355367
26863	1786	353502	3103	6702	0	365093
26864	343721	11665	2282	3814	0	361482
26865	7469	7158	344352	3397	0	362376
26866	332469	2954	8178	3721	0	347322
26867	339743	2545	5504	3623	0	351415
26868	339575	2562	2510	3557	0	348204
26869	10914	336568	2813	3431	0	353726
26870	5710	8334	2125	338605	0	354774
26871	338940	5663	2367	8926	0	355896
26872	340416	2786	2241	6629	0	352072
26873	10571	339520	3210	3683	0	356984
26874	344604	7899	2162	3362	0	358027
26875	8021	5679	2146	345967	0	361813
26876	5627	2627	2230	343627	0	354111
26877	2363	342587	2988	11590	0	359528
26878	2604	7801	2147	348971	0	361523
26879	2566	5640	1937	348793	0	358936
26880	2121	346367	2856	11855	0	363199
26881	2492	7618	1766	325050	0	336926
26882	1810	339516	2490	8645	0	352461
26883	335905	7841	1758	6192	0	351696
26884	325625	5293	1998	3791	0	336707
26885	9721	328639	2364	4009	0	344733
26886	5224	8199	324509	3518	0	341450
26887	2910	6258	6462	322703	0	338333
26888	2643	3692	323779	7805	0	337919
26889	2370	312785	7416	6118	0	328689
26890	2342	319520	5056	3183	0	330101
26891	299149	8629	2148	2753	0	312679
26892	6605	312196	2210	2390	0	323401
26893	5441	6607	1657	295553	0	309258
26894	2611	306463	2385	6062	0	317521
26895	2606	312615	1925	4372	0	321518
26896	306859	8876	1316	2738	0	319789
26897	6937	4832	1208	305719	0	318696
26898	4628	3475	304475	6758	0	319336
26899	2652	3073	299090	5326	0	310141
26900	2242	306402	8425	3067	0	320136
26901	304541	6768	3882	2825	0	318016
26902	6286	310924	2574	2287	0	322071
26903	4885	7099	1303	314032	0	327319
26904	316182	4820	1466	7122	0	329590
26905	7150	2640	1292	322134	0	333216
26906	4998	2503	1329	321379	0	330209
26907	2678	322912	2004	9539	0	337133
26908	2981	6898	1136	328206	0	339221
26909	2151	5891	327249	7326	0	342617
26910	308918	2540	6333	5566	0	323357
26911	7173	340617	4583	2770	0	355143
26912	3855	338581	2033	2126	0	346595
26913	320606	7729	1044	1865	0	331244
26914	6060	4817	325188	1699	0	337764
26915	295140	2317	5940	1793	0	305190
26916	5493	352503	3785	1391	0	363172
26917	2699	385343	1678	1094	0	390814
26918	1445	10506	392525	1119	0	405595
26919	833	402662	8258	1178	0	412931
26920	1847	8990	4405	355278	0	370520
26921	1154	4241	939	364810	0	371144
26922	497	381385	1172	9379	0	392433
26923	805	7235	449	380951	0	389440
26924	383782	4181	410	7527	0	395900
26925	7112	2105	382473	3906	0	395596
26926	379307	1156	6925	1633	0	389021
26927	394785	907	3813	1384	0	400889
26928	392994	1045	993	1325	0	396357
26929	11364	2026	385978	861	0	400229
26930	5279	1179	7318	381292	0	395068
26931	1725	1791	389989	7501	0	401006
26932	368573	1019	8219	4736	0	382547
26933	373613	909	4226	2038	0	380786
26934	10987	381608	1831	1458	0	395884
26935	5588	7914	821	364501	0	378824
26936	1957	386756	1639	7500	0	397852
26937	1839	8727	388178	4571	0	403315
26938	2356	5034	8314	384238	0	399942
26939	384518	1620	4772	8428	0	399338
26940	389180	1119	1305	4806	0	396410
26941	12871	1367	1243	354801	0	370282
26942	5625	369479	1818	7768	0	384690
26943	1947	8607	377441	4911	0	392906
26944	1577	5566	383568	1821	0	392532
26945	352877	1685	12252	1902	0	368716
26946	9377	1997	385561	1416	0	398351
26947	5533	379686	9455	2321	0	396995
26948	2420	9065	5052	369169	0	385706
26949	1700	5967	383537	8259	0	399463
26950	1994	1865	9301	372862	0	386022
26951	1890	2256	380014	9898	0	394058
26952	350207	1278	9647	5647	0	366779
26953	9614	1297	5765	359554	0	376230
26954	5704	364371	2735	8843	0	381653
26955	2257	374600	2533	5771	0	385161
26956	2249	12862	2378	362670	0	380159
26957	2440	5923	2103	357186	0	367652
26958	2090	362752	2992	12513	0	380347
26959	2559	9822	363025	5945	0	381351
26960	2365	5816	9310	360269	0	377760
26961	2035	3069	370783	9544	0	385431
26962	2033	2485	363211	6265	0	373994
26963	334097	1846	13593	3361	0	352897
26964	9344	351800	7308	2851	0	371303
26965	354400	9550	2834	2355	0	369139
26966	10460	6407	2477	331933	0	351277
26967	6026	352262	3187	9344	0	370819
26968	3432	10471	2798	354359	0	371060
26969	2852	6562	3001	348932	0	361347
26970	2497	348176	3193	13968	0	367834
26971	2570	10788	346642	7450	0	367450
26972	3078	6379	10000	348394	0	367851
26973	346890	3092	6759	11004	0	367745
26974	10447	2674	3487	346397	0	363005
26975	7536	2278	3318	346913	0	360045
26976	3994	3082	338900	14305	0	360281
26977	3606	335932	10931	7514	0	357983
26978	3887	10152	6757	330208	0	351004
26979	3291	7287	335420	10684	0	356682
26980	2736	4239	335931	7504	0	350410
26981	313890	3130	14816	5160	0	336996
26982	9653	329711	8848	4890	0	353102
26983	327421	10128	4438	3948	0	345935
26984	10292	328149	4449	4271	0	347161
26985	6932	335339	4064	4423	0	350758
26986	326995	14419	3453	4085	0	348952
26987	11204	7460	3601	312036	0	334301
26988	7515	325277	4696	10644	0	348132
26989	5055	10331	3460	332334	0	351180
26990	327283	6765	3308	11596	0	348952
26991	11454	4274	328914	7683	0	352325
26992	7554	3655	324533	4337	0	340079
26993	307248	3025	15146	3999	0	329418
26994	10622	319731	9498	4111	0	343962
26995	7823	10764	320074	3483	0	342144
26996	4694	321448	11662	3581	0	341385
26997	4122	11498	7293	311776	0	334689
26998	3235	8423	319142	10953	0	341753
26999	3448	3935	10945	318089	0	336417
27000	2853	3914	316851	12508	0	336126
27001	293019	3452	11562	8754	0	316787
27002	10288	309290	8605	4787	0	332970
27003	306105	9725	4232	3973	0	324035
27004	10826	7139	4105	264843	0	286913
27005	6454	312910	4901	9296	0	333561
27006	309700	10913	4098	6732	0	331443
27007	304979	7131	4290	4472	0	320872
27008	13276	4519	309215	3976	0	330986
27009	7113	4120	308105	3543	0	322881
27010	270005	2980	13726	3477	0	290188
27011	8258	278468	8371	4399	0	299496
27012	5090	272298	5039	3412	0	285839
27013	6053	15940	5390	251994	0	279377
27014	3430	6200	256097	8277	0	274004
27015	2956	244150	8565	5064	0	260735
27016	2437	216378	5063	2653	0	226531
27017	7805	7234	2765	143034	0	160838
27018	145497	2183	1207	2967	0	151854
27019	146297	1034	710	2219	0	150260
27020	149040	748	721	1075	0	151584
27021	4339	1079	146690	769	0	152877
27022	144169	784	2863	866	0	148682
27023	147659	789	2101	904	0	151453
27024	151087	823	837	755	0	153502
27025	4643	861	740	140492	0	146736
27026	2382	144876	899	2627	0	150784
27027	142996	2820	653	1898	0	148367
27028	2869	144811	937	804	0	149421
27029	2041	2784	657	143111	0	148593
27030	992	2104	147578	2898	0	153572
27031	927	939	2813	145616	0	150295
27032	1005	697	1901	148073	0	151676
27033	856	893	148155	4025	0	153929
27034	842	146123	2836	2091	0	151892
27035	799	2601	1618	135245	0	140263
27036	133422	1628	644	2485	0	138179
27037	2327	132302	707	1619	0	136955
27038	129235	2134	388	801	0	132558
27039	2447	1956	437	123298	0	128138
27040	1691	128165	594	1942	0	132392
27041	125249	2051	439	1398	0	129137
27042	2199	128411	592	583	0	131785
27043	1505	2085	124418	399	0	128407
27044	118656	1582	2205	640	0	123083
27045	122866	977	1244	469	0	125556
27046	2771	123277	494	478	0	127020
27047	1423	1981	118938	339	0	122681
27048	549	124159	1785	350	0	126843
27049	1230	3232	1588	89860	0	95910
27050	464	1288	369	124192	0	126313
27051	466	560	227	123121	0	124374
27052	396	124421	347	3049	0	128213
27053	542	2079	214	124876	0	127711
27054	519	1370	217	125788	0	127894
27055	122918	577	210	3191	0	126896
27056	2304	401	227	123239	0	126171
27057	1555	320	178	124680	0	126733
27058	121867	318	213	3348	0	125746
27059	2206	123815	356	1692	0	128069
27060	125576	2176	196	817	0	128765
27061	125007	1417	242	646	0	127312
27062	126114	569	251	587	0	127521
27063	3608	455	288	123143	0	127494
27064	1886	415	268	125875	0	128444
27065	893	615	122233	3268	0	127009
27066	774	682	119678	1758	0	122892
27067	769	604	120273	845	0	122491
27068	108564	479	3329	837	0	113209
27069	2517	596	119470	694	0	123277
27070	1651	119614	2514	807	0	124586
27071	979	2296	1458	117640	0	122373
27072	881	1646	657	111489	0	114673
27073	860	121111	651	3039	0	125661
27074	898	2622	122892	1788	0	128200
27075	871	124869	2358	925	0	129023
27076	123059	2562	1526	807	0	127954
27077	2655	1937	124659	752	0	130003
27078	1893	123532	2547	860	0	128832
27079	1126	2611	126270	719	0	130726
27080	972	1771	2507	124025	0	129275
27081	877	1104	127252	2489	0	131722
27082	908	744	2591	123336	0	127579
27083	125063	658	1631	2926	0	130278
27084	2670	813	126348	2010	0	131841
27085	1835	126683	2598	1202	0	132318
27086	127379	2497	1663	1169	0	132708
27087	2806	1880	130523	997	0	136206
27088	1988	1019	131005	1063	0	135075
27089	1161	713	3468	127319	0	132661
27090	1074	856	130467	2923	0	135320
27091	121084	784	2762	2262	0	126892
27092	2773	128474	1949	1270	0	134466
27093	2138	2633	904	122546	0	128221
27094	1042	134513	1013	2641	0	139209
27095	135233	2871	820	2065	0	140989
27096	2911	2132	134504	1250	0	140797
27097	2088	1217	138306	1117	0	142728
27098	1214	854	3877	135575	0	141520
27099	1064	797	2126	138417	0	142404
27100	1073	801	1104	140756	0	143734
27101	1041	747	988	142219	0	144995
27102	996	1083	140398	4537	0	147014
27103	906	137824	3145	2670	0	144545
27104	943	2568	1761	126800	0	132072
27105	816	1770	124241	2465	0	129292
27106	732	123171	2545	1770	0	128218
27107	121693	2342	1820	1095	0	126950
27108	3017	1919	925	120570	0	126431
27109	118238	730	643	2465	0	122076
27110	2171	117909	795	1889	0	122764
27111	117893	2067	700	1097	0	121757
27112	2379	1666	120456	887	0	125388
27113	1817	1424	2240	111596	0	117077
27114	836	119195	1725	2064	0	123820
27115	807	2123	117716	1851	0	122497
27116	576	117612	2305	952	0	121445
27117	975	2915	1569	91928	0	97387
27118	108619	1154	745	1965	0	112483
27119	1755	109355	795	1406	0	113311
27120	108360	1688	654	807	0	111509
27121	1985	1359	107656	726	0	111726
27122	1350	791	105766	738	0	108645
27123	104045	468	2582	723	0	107818
27124	1822	536	1567	105757	0	109682
27125	1340	578	835	107182	0	109935
27126	707	577	109156	2403	0	112843
27127	591	623	106913	1364	0	109491
27128	474	109756	2656	715	0	113601
27129	104306	1730	1743	765	0	108544
27130	100263	980	774	574	0	102591
27131	1868	100187	645	479	0	103179
27132	1345	1355	557	102106	0	105363
27133	103466	900	510	1620	0	106496
27134	1444	452	491	103961	0	106348
27135	105116	315	482	1675	0	107588
27136	105343	345	467	1201	0	107356
27137	107964	354	457	727	0	109502
27138	2204	336	425	105239	0	108204
27139	1230	323	426	109352	0	111331
27140	105694	327	400	2212	0	108633
27141	105199	310	419	1340	0	107268
27142	105134	336	390	703	0	106563
27143	2201	103556	569	604	0	106930
27144	99444	1145	288	450	0	101327
27145	1323	99323	448	382	0	101476
27146	96665	1184	361	534	0	98744
27147	1408	913	96662	373	0	99356
27148	83267	516	1247	530	0	85560
27149	899	89525	699	308	0	91431
27150	563	88668	319	239	0	89789
27151	89535	914	283	326	0	91058
27152	807	499	162	89387	0	90855
27153	608	188	179	91981	0	92956
27154	275	92096	317	1050	0	93738
27155	286	97481	302	609	0	98678
27156	99602	1080	139	342	0	101163
27157	989	837	102858	236	0	104920
27158	767	247	861	107745	0	109620
27159	109533	210	586	1195	0	111524
27160	1310	405	110610	781	0	113106
27161	826	120642	1290	377	0	123135
27162	129653	1502	722	374	0	132251
27163	2464	1155	134874	336	0	138829
27164	1434	296	2411	140733	0	144874
27165	475	510	147429	2777	0	151191
27166	136971	206	2880	1665	0	141722
27167	2702	148801	1653	560	0	153716
27168	150873	2760	465	431	0	154529
27169	150529	1405	264	382	0	152580
27170	4253	398	178	148610	0	153439
27171	149952	261	235	2983	0	153431
27172	3215	229	176	150863	0	154483
27173	1754	268	145	151952	0	154119
27174	591	504	145785	4147	0	151027
27175	456	145611	2839	1720	0	150626
27176	561	2807	1431	145544	0	150343
27177	520	1376	349	147559	0	149804
27178	474	382	201	148967	0	150024
27179	406	522	144639	4337	0	149904
27180	334	143891	2871	1917	0	149013
27181	472	2705	1326	144829	0	149332
27182	519	1348	343	147221	0	149431
27183	380	696	144495	4108	0	149679
27184	513	303	2673	142849	0	146338
27185	142623	176	1425	3250	0	147474
27186	2730	143203	623	1691	0	148247
27187	140691	2669	292	733	0	144385
27188	3152	1657	139975	452	0	145236
27189	1737	462	2701	139468	0	144368
27190	141962	294	1423	2930	0	146609
27191	141737	264	449	1697	0	144147
27192	4072	520	142594	607	0	147793
27193	2013	444	2803	139952	0	145212
27194	703	504	140897	2918	0	145022
27195	130296	243	2949	1790	0	135278
27196	2778	139165	1703	716	0	144362
27197	141393	2727	512	693	0	145325
27198	141003	1376	471	551	0	143401
27199	4142	142747	706	543	0	148138
27200	145143	2895	390	686	0	149114
27201	3365	1754	143392	487	0	148998
27202	142873	549	2899	620	0	146941
27203	3443	454	1566	144727	0	150190
27204	2105	650	147142	3164	0	153061
27205	1244	363	3080	146793	0	151480
27206	1003	424	1760	146728	0	149915
27207	1055	357	891	144591	0	146894
27208	935	146287	947	4399	0	152568
27209	146784	2989	654	2338	0	152765
27210	3678	1721	601	145332	0	151332
27211	2276	146288	872	3466	0	152902
27212	1482	3121	684	137541	0	142828
27213	1192	144267	907	3596	0	149962
27214	1252	3514	143174	2481	0	150421
27215	1189	1811	3236	140896	0	147132
27216	1077	797	1923	145702	0	149499
27217	959	994	143600	5136	0	150689
27218	128040	773	3442	3141	0	135396
27219	3382	142387	2205	1927	0	149901
27220	2459	3217	980	142605	0	149261
27221	1426	1866	929	139469	0	143690
27222	1424	933	907	137753	0	141017
27223	1253	140226	1176	5078	0	147733
27224	138443	3329	1042	3107	0	145921
27225	3745	2158	139733	2048	0	147684
27226	2441	1164	136175	1844	0	141624
27227	1495	787	4642	134501	0	141425
27228	1414	744	2248	138268	0	142674
27229	135819	772	1197	5493	0	143281
27230	3634	134734	1363	3245	0	142976
27231	2546	3261	1154	136100	0	143061
27232	133953	1998	1118	4334	0	141403
27233	4088	1049	1001	132746	0	138884
27234	133005	800	1024	4526	0	139355
27235	4267	990	129060	2938	0	137255
27236	2635	130381	3828	1881	0	138725
27237	130539	3389	2227	1656	0	137811
27238	4184	2363	130100	1497	0	138144
27239	125632	989	3672	1581	0	131874
27240	4344	1118	127399	1571	0	134432
27241	127523	797	3635	1541	0	133496
27242	4422	796	2149	126151	0	133518
27243	129905	839	1279	3742	0	135765
27244	4358	806	1055	128736	0	134955
27245	2813	734	1032	130784	0	135363
27246	128110	729	1071	5371	0	135281
27247	3933	126924	1268	3017	0	135142
27248	2608	3351	960	128769	0	135688
27249	130146	2013	886	4243	0	137288
27250	133852	1131	850	2811	0	138644
27251	5135	999	840	131103	0	138077
27252	2900	953	821	134785	0	139459
27253	134084	922	863	5364	0	141233
27254	4418	937	750	136078	0	142183
27255	2714	1002	747	135009	0	139472
27256	129863	806	853	5412	0	136934
27257	4062	766	845	127651	0	133324
27258	2068	713	117372	4066	0	124219
27259	108261	465	3083	2781	0	114590
27260	3414	779	117558	1393	0	123144
27261	1825	668	105971	992	0	109456
27262	90296	1057	3903	807	0	96063
27263	1693	91265	1409	603	0	94970
27264	1302	1189	701	83334	0	86526
27265	445	633	283	82956	0	84317
27266	413	152	160	87572	0	88297
27267	336	120	113	89495	0	90064
27268	87764	100	158	2186	0	90208
27269	93401	94	116	1156	0	94767
27270	96859	108	111	566	0	97644
27271	2540	299	104402	359	0	107600
27272	1426	134	1882	111235	0	114677
27273	524	115	1331	113950	0	115920
27274	570	127	327	107596	0	108620
27275	355	108748	385	3917	0	113405
27276	339	112487	298	2117	0	115241
27277	114741	3667	159	897	0	119464
27278	2739	1814	143	115365	0	120061
27279	1955	481	182	122776	0	125394
27280	791	226	143	126301	0	127461
27281	545	450	120789	4903	0	126687
27282	424	442	119036	2637	0	122539
27283	117791	187	4366	1083	0	123427
27284	124749	168	2198	734	0	127849
27285	4612	181	703	119810	0	125306
27286	2324	122484	614	3013	0	128435
27287	1089	2721	342	123390	0	127542
27288	713	1827	277	124873	0	127690
27289	535	663	120861	4868	0	126927
27290	118088	262	2760	2814	0	123924
27291	3200	190	1867	126286	0	131543
27292	2318	197	594	124450	0	127559
27293	120112	169	410	5096	0	125787
27294	3222	123967	556	2887	0	130632
27295	127044	2917	390	1300	0	131651
27296	3943	2284	328	122435	0	128990
27297	2302	119040	370	3313	0	125025
27298	120308	3051	208	2484	0	126051
27299	3539	2080	257	119803	0	125679
27300	118716	637	262	3546	0	123161
27301	117041	353	224	2607	0	120225
27302	117457	291	249	1257	0	119254
27303	5219	112788	503	912	0	119422
27304	2790	113784	506	781	0	117861
27305	1279	4566	327	108126	0	114298
27306	884	113504	407	3279	0	118074
27307	114395	3394	228	2439	0	120456
27308	3566	2206	262	114168	0	120202
27309	115281	763	262	3668	0	119974
27310	116895	541	274	2696	0	120406
27311	5389	489	303	113143	0	119324
27312	3034	414	299	118387	0	122134
27313	117045	440	321	5498	0	123304
27314	118910	465	287	3198	0	122860
27315	122517	401	258	1626	0	124802
27316	123966	517	274	1313	0	126070
27317	125811	521	206	1223	0	127761
27318	6041	518	200	121058	0	127817
27319	3453	555	243	123367	0	127618
27320	1866	521	256	125620	0	128263
27321	121485	459	232	6065	0	128241
27322	4228	409	248	120062	0	124947
27323	3159	119747	480	4282	0	127668
27324	1736	3208	285	123492	0	128721
27325	120804	2323	310	4365	0	127802
27326	122541	884	312	3206	0	126943
27327	5965	921	119024	1585	0	127495
27328	3607	815	2971	112908	0	120301
27329	1720	119371	2284	3765	0	127140
27330	120708	3243	584	3152	0	127687
27331	4048	122839	667	1657	0	129211
27332	3311	3498	333	122401	0	129543
27333	125372	2427	354	4076	0	132229
27334	126801	835	328	3212	0	131176
27335	6065	124644	538	1708	0	132955
27336	3875	3359	213	123854	0	131301
27337	2024	2707	123618	3990	0	132339
27338	118211	905	3025	3350	0	125491
27339	4412	992	125168	1605	0	132177
27340	125935	629	3449	1551	0	131564
27341	128449	685	2281	1582	0	132997
27342	6411	611	583	126792	0	134397
27343	130562	682	422	4344	0	136010
27344	132669	673	297	3329	0	136968
27345	134727	750	340	1730	0	137547
27346	6967	692	279	129630	0	137568
27347	132624	621	360	4203	0	137808
27348	5040	659	313	131976	0	137988
27349	3726	630	441	130538	0	135335
27350	2019	128970	733	5958	0	137680
27351	2225	3278	409	122303	0	128215
27352	1810	127448	575	4013	0	133846
27353	124276	3366	199	2841	0	130682
27354	124127	2276	192	1591	0	128186
27355	5805	853	165	121216	0	128039
27356	3518	684	190	122620	0	127012
27357	119915	532	228	5317	0	125992
27358	4175	806	116633	3149	0	124763
27359	118818	447	2634	1613	0	123512
27360	4630	490	1822	116943	0	123885
27361	3147	672	111815	3614	0	119248
27362	110582	490	2668	2838	0	116578
27363	114934	434	1771	1611	0	118750
27364	5390	751	113372	1226	0	120739
27365	113359	440	2609	1414	0	117822
27366	3989	654	113064	1225	0	118932
27367	3128	111893	2884	995	0	118900
27368	112334	2375	2533	1177	0	118419
27369	110077	1800	766	1126	0	113769
27370	4244	105543	691	928	0	111406
27371	2146	98010	684	748	0	101588
27372	90235	1995	903	598	0	93731
27373	89980	956	260	592	0	91788
27374	2541	449	235	91726	0	94951
27375	1447	509	89690	1431	0	93077
27376	803	566	85347	1072	0	87788
27377	87011	295	1822	655	0	89783
27378	1661	527	89169	507	0	91864
27379	84432	587	1513	479	0	87011
27380	1392	258	771	83907	0	86328
27381	1124	146	238	84604	0	86112
27382	597	443	85433	1644	0	88117
27383	84734	137	980	1058	0	86909
27384	1262	238	770	87670	0	89940
27385	1115	93	284	90563	0	92055
27386	88644	115	257	1741	0	90757
27387	88458	106	182	1131	0	89877
27388	88306	137	246	584	0	89273
27389	1781	89613	415	437	0	92246
27390	1017	1040	85962	383	0	88402
27391	82987	592	852	439	0	84870
27392	86468	170	662	449	0	87749
27393	1509	84984	372	406	0	87271
27394	81569	543	290	346	0	82748
27395	1039	430	146	80495	0	82110
27396	655	441	83974	591	0	85661
27397	82326	144	608	661	0	83739
27398	85576	128	497	444	0	86645
27399	86386	106	144	367	0	87003
27400	86738	84	131	267	0	87220
27401	1091	114	108	86411	0	87724
27402	692	81	135	86691	0	87599
27403	87282	59	110	1083	0	88534
27404	789	69	133	86932	0	87923
27405	676	62	112	86394	0	87244
27406	327	85843	316	979	0	87465
27407	398	524	98	87651	0	88671
27408	351	418	112	87762	0	88643
27409	368	129	110	88242	0	88849
27410	357	82	115	88682	0	89236
27411	278	87471	251	1104	0	89104
27412	353	566	107	86621	0	87647
27413	332	509	93	84819	0	85753
27414	276	375	83575	1073	0	85299
27415	255	383	79862	678	0	81178
27416	231	82591	1023	348	0	84193
27417	94185	577	462	364	0	95588
27418	1122	97416	346	273	0	99157
27419	819	1141	113	103825	0	105898
27420	325	943	113334	1513	0	116115
27421	119105	174	1581	1127	0	121987
27422	1871	220	910	126250	0	129251
27423	127313	94	283	1988	0	129678
27424	127919	150	175	1337	0	129581
27425	2628	128424	429	577	0	132058
27426	128878	1681	155	493	0	131207
27427	1996	134119	463	364	0	136942
27428	1343	2247	125	135246	0	138961
27429	440	138009	424	2040	0	140913
27430	545	2387	136059	1316	0	140307
27431	314	139620	2096	475	0	142505
27432	534	2318	1055	135246	0	139153
27433	135583	1168	295	2128	0	139174
27434	1902	139178	467	1361	0	142908
27435	1451	2050	124	140218	0	143843
27436	632	1363	143	143549	0	145687
27437	414	770	142868	3319	0	147371
27438	520	327	2214	142808	0	145869
27439	449	574	144399	2557	0	147979
27440	133403	262	2435	1964	0	138064
27441	2589	504	147379	775	0	151247
27442	1689	147243	2664	646	0	152242
27443	909	2448	1492	146462	0	151311
27444	730	1542	463	147019	0	149754
27445	710	651	293	149664	0	151318
27446	148797	425	259	4233	0	153714
27447	2880	492	240	144835	0	148447
27448	1652	147093	611	2833	0	152189
27449	144506	2708	276	2066	0	149556
27450	2530	144455	547	1285	0	148817
27451	1839	2866	356	143319	0	148380
27452	144078	1786	290	2966	0	149120
27453	2770	142832	581	2059	0	148242
27454	1826	147802	546	1095	0	151269
27455	147053	3974	400	917	0	152344
27456	148827	1996	345	1038	0	152206
27457	3982	1084	146431	1077	0	152574
27458	147525	506	2772	1039	0	151842
27459	3372	802	153135	846	0	158155
27460	2189	719	3087	153443	0	159438
27461	1034	954	155327	3279	0	160594
27462	1000	658	3072	155258	0	159988
27463	789	1007	156844	3731	0	162371
27464	898	621	3104	151815	0	156438
27465	835	549	1904	156703	0	159991
27466	152060	628	707	5049	0	158444
27467	3217	964	151376	2538	0	158095
27468	142425	705	3111	1435	0	147676
27469	3568	1022	150980	1125	0	156695
27470	2306	1019	151699	986	0	156010
27471	1163	985	4300	148574	0	155022
27472	151102	630	2167	3474	0	157373
27473	3130	151346	1163	2417	0	158056
27474	150264	2937	680	1317	0	155198
27475	150044	1932	741	1099	0	153816
27476	4612	148705	1148	981	0	155446
27477	149842	2979	802	976	0	154599
27478	3690	2270	152717	1147	0	159824
27479	2564	864	3144	153046	0	159618
27480	154219	580	2103	3603	0	160505
27481	3365	155605	1348	2465	0	162783
27482	2463	3052	831	153708	0	160054
27483	1291	1969	817	155759	0	159836
27484	1300	819	755	157684	0	160558
27485	1161	681	838	159067	0	161747
27486	154013	598	755	5236	0	160602
27487	157345	679	848	2883	0	161755
27488	158889	566	915	1659	0	162029
27489	156017	574	913	1451	0	158955
27490	5158	972	154462	1234	0	161826
27491	151598	639	3212	1340	0	156789
27492	157569	628	2266	1252	0	161715
27493	5253	155317	1265	1161	0	162996
27494	2969	159707	1133	1050	0	164859
27495	1991	4464	813	154393	0	161661
27496	1609	2200	894	157098	0	161801
27497	1291	1271	154278	4942	0	161782
27498	1317	156847	3542	2773	0	164479
27499	1518	3179	2232	152708	0	159637
27500	1294	159471	1407	3451	0	165623
27501	1467	3350	751	162353	0	167921
27502	1480	2089	715	161572	0	165856
27503	1256	167039	1218	5066	0	174579
27504	1430	3208	852	170188	0	175678
27505	1398	2415	170898	4112	0	178823
27506	1453	1400	168775	2997	0	174625
27507	162183	806	5009	1777	0	169775
27508	174578	647	2585	1509	0	179319
27509	5517	172813	1545	1352	0	181227
27510	175510	3204	833	1242	0	180789
27511	4481	2361	847	174076	0	181765
27512	175226	1089	783	3851	0	180949
27513	4148	175289	1100	3007	0	183544
27514	3407	3764	172693	1513	0	181377
27515	164225	2328	3778	1607	0	171938
27516	4328	1568	183843	1283	0	191022
27517	2572	1047	168522	1000	0	173141
27518	1466	973	167778	1080	0	171297
27519	1011	162335	4350	941	0	168637
27520	150196	3124	3955	1153	0	158428
27521	145840	1441	808	974	0	149063
27522	3239	614	557	143719	0	148129
27523	1959	531	558	142050	0	145098
27524	856	146649	846	3046	0	151397
27525	148059	1728	522	1968	0	152277
27526	2091	149410	879	893	0	153273
27527	1612	145304	824	760	0	148500
27528	143281	2346	654	840	0	147121
27529	2205	1272	620	141417	0	145514
27530	1555	496	485	142222	0	144758
27531	895	429	453	143291	0	145068
27532	678	141901	651	2646	0	145876
27533	140868	1504	333	1498	0	144203
27534	2040	1452	338	138417	0	142247
27535	1289	135357	474	1591	0	138711
27536	653	136073	464	1150	0	138340
27537	703	2126	330	131492	0	134651
27538	478	134624	538	1391	0	137031
27539	710	1544	299	133797	0	136350
27540	129694	965	313	1714	0	132686
27541	1357	771	128755	1167	0	132050
27542	961	132439	1280	628	0	135308
27543	717	1346	779	133286	0	136128
27544	466	1266	135653	1345	0	138730
27545	127961	488	1217	1202	0	130868
27546	1560	448	833	137143	0	139984
27547	136932	287	340	1603	0	139162
27548	136582	331	245	1242	0	138400
27549	1956	145390	585	501	0	148432
27550	147965	1253	258	650	0	150126
27551	147369	984	235	657	0	149245
27552	148477	416	265	619	0	149777
27553	2302	386	194	145305	0	148187
27554	1354	387	221	145351	0	147313
27555	697	356	223	147138	0	148414
27556	595	815	143999	2349	0	147758
27557	456	143047	1332	1268	0	146103
27558	140043	1127	804	691	0	142665
27559	1125	139877	533	502	0	142037
27560	929	1083	143	138623	0	140778
27561	466	1209	136794	1150	0	139619
27562	118654	388	1017	1330	0	121389
27563	1045	137133	956	450	0	139584
27564	986	1007	222	136125	0	138340
27565	516	789	173	136716	0	138194
27566	342	625	134809	1605	0	137381
27567	297	134980	1091	1020	0	137388
27568	396	1041	690	135210	0	137337
27569	378	762	245	136026	0	137411
27570	376	367	156	133852	0	134751
27571	126337	295	196	1889	0	128717
27572	1071	624	129713	1014	0	132422
27573	841	129750	1064	549	0	132204
27574	129087	936	692	579	0	131294
27575	1000	131668	494	460	0	133622
27576	968	1121	180	128652	0	130921
27577	368	132409	401	1112	0	134290
27578	126990	1026	172	1052	0	129240
27579	129638	780	223	648	0	131289
27580	1782	399	171	132312	0	134664
27581	1035	348	181	132883	0	134447
27582	539	305	167	139067	0	140078
27583	477	565	140386	2284	0	143712
27584	379	146070	1658	1382	0	149489
27585	547	1784	1068	171027	0	174426
27586	495	1234	294	176565	0	178588
27587	518	395	222	180865	0	182000
27588	555	381	226	181184	0	182346
27589	463	711	176954	4851	0	182979
27590	369	189956	2958	2633	0	195916
27591	583	3312	1836	199332	0	205063
27592	557	2367	411	219961	0	223296
27593	430	1266	216081	6560	0	224337
27594	614	612	3854	205424	0	210504
27595	383	209447	3079	4824	0	217733
27596	371	217134	1274	3589	0	222368
27597	582	6416	532	212205	0	219735
27598	473	3545	207321	5165	0	216504
27599	183374	1095	4172	4651	0	193292
27600	3724	204822	3316	2397	0	214259
27601	2638	4607	201924	1879	0	211048
27602	881	3413	203491	1748	0	209533
27603	503	198818	6958	1539	0	207818
27604	913	4830	202944	1485	0	210172
27605	1174	4365	4942	194715	0	205196
27606	194585	1313	3330	4494	0	203722
27607	196628	976	1645	3326	0	202575
27608	197398	1126	1292	1604	0	201420
27609	202401	1205	1192	1268	0	206066
27610	6335	204502	1361	1451	0	213649
27611	205140	4234	1159	1623	0	212156
27612	5029	207745	1536	1477	0	215787
27613	3884	5226	203123	1310	0	213543
27614	2204	3524	4632	190147	0	200507
27615	1430	207066	3607	4356	0	216459
27616	1574	5065	1500	197964	0	206103
27617	194420	3916	1162	5188	0	204686
27618	4861	1700	1339	184657	0	192557
27619	3457	196137	1412	5188	0	206194
27620	196830	4861	1153	4019	0	206863
27621	5104	3898	196321	2149	0	207472
27622	4118	1875	4643	193124	0	203760
27623	2011	1414	3456	193567	0	200448
27624	189359	1586	1451	7657	0	200053
27625	5033	189253	1511	4722	0	200519
27626	3814	5308	187756	2414	0	199292
27627	2288	3718	4773	188059	0	198838
27628	1692	2108	190810	5854	0	200464
27629	1527	183384	5231	4823	0	194965
27630	1549	190729	3863	3038	0	199179
27631	187473	7287	1900	2555	0	199215
27632	4804	4731	187763	2881	0	200179
27633	189425	2445	5511	2664	0	200045
27634	5412	2034	4322	179406	0	191174
27635	3485	189301	2862	5605	0	201253
27636	187126	5428	2026	4679	0	199259
27637	5358	4603	190172	3052	0	203185
27638	4624	2510	5335	187124	0	199593
27639	2577	2160	4269	188615	0	197621
27640	2278	2306	2415	184656	0	191655
27641	2101	187008	2499	8091	0	199699
27642	179933	5642	2263	5132	0	192970
27643	5473	182326	2311	3203	0	193313
27644	4109	184069	2382	2885	0	193445
27645	2834	7623	2060	181616	0	194133
27646	181282	4712	2295	5865	0	194154
27647	180937	2833	2096	4748	0	190614
27648	181186	3050	1894	3053	0	189183
27649	7913	170353	2334	2686	0	183286
27650	5182	5878	1829	168843	0	181732
27651	3207	5040	169887	5744	0	183878
27652	3548	2503	5113	168978	0	180142
27653	3246	2459	3974	162406	0	172085
27654	3051	169937	2356	7830	0	183174
27655	170317	5951	1803	5383	0	183454
27656	6292	4761	1935	162564	0	175552
27657	4652	170574	2350	6104	0	183680
27658	169728	5883	2112	5331	0	183054
27659	6084	5028	168741	3760	0	183613
27660	165818	3124	4837	3321	0	177100
27661	6529	171097	4182	3008	0	184816
27662	174016	6187	1916	2829	0	184948
27663	174149	5155	1864	2699	0	183867
27664	8246	3764	171114	2618	0	185742
27665	171854	2966	5326	2390	0	182536
27666	6811	2840	177656	2656	0	189963
27667	5506	3007	178524	2380	0	189417
27668	173669	2603	7408	2259	0	185939
27669	179424	2343	4721	2365	0	188853
27670	8845	2913	178542	2454	0	192754
27671	6008	2276	6106	173988	0	188378
27672	4092	2181	4904	169905	0	181082
27673	3355	181625	3372	7274	0	195626
27674	176818	5377	2645	4688	0	189528
27675	183575	4499	1921	3075	0	193070
27676	9174	3024	180938	2438	0	195574
27677	181751	2352	5248	2654	0	192005
27678	185198	2458	4108	2382	0	194146
27679	9078	181029	2910	2299	0	195316
27680	5833	5730	2338	176231	0	190132
27681	4580	4349	1966	175181	0	186076
27682	3976	2507	1897	174991	0	183371
27683	165081	1972	2050	6836	0	175939
27684	5846	158592	2125	4481	0	171044
27685	3669	4141	1237	128769	0	137816
27686	2246	130920	1329	3391	0	137886
27687	2052	7833	991	116527	0	127403
27688	1863	122384	1101	2929	0	128277
27689	1766	124683	1212	2468	0	130129
27690	105108	3917	1745	2142	0	112912
27691	100425	1776	1523	1947	0	105671
27692	1646	385	312	87399	0	89742
27693	919	217	251	88158	0	89545
27694	521	203	215	89151	0	90090
27695	424	214	218	89155	0	90011
27696	366	217	232	88004	0	88819
27697	311	86659	341	1555	0	88866
27698	381	951	180	87799	0	89311
27699	436	741	145	88887	0	90209
27700	85886	277	172	1544	0	87879
27701	1215	238	202	88008	0	89663
27702	949	231	174	88092	0	89446
27703	491	453	87838	1586	0	90368
27704	453	304	863	85435	0	87055
27705	439	357	654	89510	0	90960
27706	436	415	89954	1621	0	92426
27707	357	90852	987	1146	0	93342
27708	355	1089	91380	534	0	93358
27709	382	807	89467	494	0	91150
27710	214	86104	1274	309	0	87901
27711	86898	759	785	345	0	88787
27712	86387	430	151	275	0	87243
27713	1068	126	86	85080	0	86360
27714	86104	73	81	909	0	87167
27715	802	298	90246	576	0	91922
27716	619	86	718	91657	0	93080
27717	205	353	101016	915	0	102489
27718	213	91	789	101516	0	102609
27719	208	93	550	102502	0	103353
27720	209	102	122	104113	0	104546
27721	102236	71	98	1631	0	104036
27722	894	155	89	104195	0	105333
27723	103406	102	118	1177	0	104803
27724	103800	102	123	959	0	104984
27725	1304	104821	281	449	0	106855
27726	105490	808	112	480	0	106890
27727	891	108890	295	400	0	110476
27728	744	854	121	107157	0	108876
27729	335	619	120	109390	0	110464
27730	339	178	108	110772	0	111397
27731	272	417	107715	1734	0	110138
27732	215	107452	1085	1030	0	109782
27733	381	995	675	101403	0	103454
27734	399	788	190	100549	0	101926
27735	222	107229	336	1371	0	109158
27736	106976	962	129	914	0	108981
27737	1017	105494	322	520	0	107353
27738	103956	1014	136	545	0	105651
27739	1051	107259	307	462	0	109079
27740	911	1082	122	101903	0	104018
27741	257	108651	290	1100	0	110298
27742	109715	1008	92	1114	0	111929
27743	111097	750	119	669	0	112635
27744	110581	252	125	601	0	111559
27745	109752	223	131	630	0	110736
27746	1750	517	109520	451	0	112238
27747	108718	207	939	582	0	110446
27748	112704	212	677	599	0	114192
27749	112911	242	198	626	0	113977
27750	1741	567	111213	485	0	114006
27751	108751	228	926	653	0	110558
27752	1174	113932	862	567	0	116535
27753	115384	952	258	679	0	117273
27754	1204	1152	121403	621	0	124380
27755	120202	304	986	697	0	122189
27756	123692	248	712	641	0	125293
27757	1692	256	216	122880	0	125044
27758	1023	583	121828	1237	0	124671
27759	121135	211	912	1250	0	123508
27760	1303	234	697	124883	0	127117
27761	1092	269	292	126955	0	128608
27762	506	560	126570	1775	0	129411
27763	113858	238	1053	1379	0	116528
27764	125927	218	797	710	0	127652
27765	1678	126604	502	620	0	129404
27766	1106	1008	280	125162	0	127556
27767	645	776	280	125123	0	126824
27768	599	307	267	123658	0	124831
27769	480	125568	553	1763	0	128364
27770	124038	1007	263	1148	0	126456
27771	1331	816	229	123844	0	126220
27772	1216	303	186	124400	0	126105
27773	121057	226	190	1926	0	123399
27774	120363	259	196	1251	0	122069
27775	1836	203	295	122009	0	124343
27776	1187	244	236	120685	0	122352
27777	529	550	116507	1767	0	119353
27778	104240	281	939	1437	0	106897
27779	1193	116128	944	604	0	118869
27780	1120	958	193	121641	0	123912
27781	698	736	178	123573	0	125185
27782	531	129567	437	2049	0	132584
27783	639	1388	192	133383	0	135602
27784	142433	1147	247	1966	0	145793
27785	2202	457	188	169681	0	172528
27786	1842	325	171	175024	0	177362
27787	850	329	164	179636	0	180979
27788	586	656	174381	5917	0	181540
27789	682	299	2944	176539	0	180464
27790	594	679	174518	4243	0	180034
27791	484	170787	3582	2935	0	177788
27792	701	3034	2395	170580	0	176710
27793	644	2162	683	173183	0	176672
27794	526	669	362	176915	0	178472
27795	547	344	389	176123	0	177403
27796	457	288	342	178354	0	179441
27797	167726	238	418	6284	0	174666
27798	3101	649	171482	3403	0	178635
27799	2267	168647	3171	1714	0	175799
27800	780	177169	2488	1294	0	181731
27801	657	4828	710	175143	0	181338
27802	588	2531	430	178756	0	182305
27803	605	799	337	176380	0	178121
27804	399	173997	675	5868	0	180939
27805	640	3099	329	175960	0	180028
27806	506	2667	170784	4224	0	178181
27807	327	168934	3134	3066	0	175461
27808	488	3207	2083	170079	0	175857
27809	166927	2225	762	3959	0	173873
27810	3057	749	367	169242	0	173415
27811	2327	606	351	166053	0	169337
27812	711	161200	646	5370	0	167927
27813	585	170319	724	3212	0	174840
27814	648	4545	349	168296	0	173838
27815	538	2477	267	168190	0	171472
27816	438	1223	163408	5507	0	170576
27817	527	704	19833	140312	0	161376
27818	409	533	2273	158707	0	161922
27819	422	507	995	157614	0	159538
27820	388	559	550	160870	0	162367
27821	154860	545	426	6214	0	162045
27822	157359	452	382	3999	0	162192
27823	4867	404	379	159032	0	164682
27824	2706	322	360	165327	0	168715
27825	160580	339	375	6589	0	167883
27826	3387	429	403	168784	0	173003
27827	2535	778	168125	5592	0	177030
27828	947	168595	3572	4378	0	177492
27829	892	3193	2689	171027	0	177801
27830	652	2411	1118	175207	0	179388
27831	172283	972	717	6918	0	180890
27832	3341	715	639	177251	0	181946
27833	2604	716	412	180194	0	183926
27834	177258	519	472	7474	0	185723
27835	3712	645	475	180037	0	184869
27836	2713	180248	802	5690	0	189453
27837	1262	3518	474	189591	0	194845
27838	1096	2827	508	195398	0	199829
27839	1053	1110	507	195169	0	197839
27840	884	841	630	196937	0	199292
27841	668	1571	187014	8042	0	197295
27842	571	1557	184784	5354	0	192266
27843	673	925	5640	186549	0	193787
27844	703	902	3118	184495	0	189218
27845	444	185500	1522	7851	0	195317
27846	737	3942	793	181050	0	186522
27847	557	184598	1235	5923	0	192313
27848	182211	4231	898	4842	0	192182
27849	3571	192356	1202	3030	0	200159
27850	3221	4477	569	194862	0	203129
27851	1421	3272	421	199696	0	204810
27852	851	1933	192851	8187	0	203822
27853	178373	1097	3658	5934	0	189062
27854	184393	1161	2873	3428	0	191855
27855	5941	185546	1595	3133	0	196215
27856	3762	3939	927	179439	0	188067
27857	1577	3547	190818	5542	0	201484
27858	895	193447	4434	4854	0	203630
27859	191133	4019	3053	3249	0	201454
27860	192590	3158	1029	3006	0	199783
27861	6660	1648	185094	2917	0	196319
27862	187335	970	3634	2737	0	194676
27863	5239	939	2755	186731	0	195664
27864	3682	188340	1539	5423	0	198984
27865	188609	3917	823	4861	0	198210
27866	4760	3114	775	188599	0	197248
27867	190975	1274	668	5703	0	198620
27868	197655	1012	727	5039	0	204433
27869	6876	1028	702	195337	0	203943
27870	3945	1476	196354	5982	0	207757
27871	193979	949	3805	5397	0	204130
27872	203572	812	2918	3168	0	210470
27873	205582	743	1114	2904	0	210343
27874	7256	205872	1441	2863	0	217432
27875	4576	4079	720	205714	0	215089
27876	2330	3277	542	216386	0	222535
27877	1496	2202	210588	8603	0	222889
27878	1684	1265	4136	207238	0	214323
27879	1193	209050	3792	6446	0	220481
27880	203016	4048	1176	5241	0	213481
27881	4281	205937	1291	3115	0	214624
27882	3540	4579	199591	2558	0	210268
27883	1260	203144	4499	2303	0	211206
27884	1013	197682	3644	1766	0	204105
27885	2636	3776	1808	163802	0	172022
27886	163369	1858	878	2461	0	168566
27887	162668	571	314	2095	0	165648
27888	161405	438	298	967	0	163108
27889	3378	164363	662	921	0	169324
27890	1957	2387	161287	776	0	166407
27891	159987	1706	1804	903	0	164400
27892	165814	538	1554	915	0	168821
27893	3384	164672	804	716	0	169576
27894	168160	1920	338	861	0	171279
27895	2532	1681	360	167609	0	172182
27896	2018	1178	174895	2202	0	180293
27897	173202	497	2004	2197	0	177900
27898	176167	497	1691	1112	0	179467
27899	182274	436	511	925	0	184146
27900	3986	454	371	177485	0	182296
27901	2378	492	372	182402	0	185644
27902	1100	475	316	189969	0	191860
27903	778	189906	788	4510	0	195982
27904	1288	2992	444	194876	0	199600
27905	1093	2137	320	216285	0	219835
27906	854	1316	215426	5638	0	223234
27907	1025	585	3382	216628	0	221620
27908	996	540	2459	221895	0	225890
27909	973	541	716	222341	0	224571
27910	1018	569	489	219688	0	221764
27911	766	218664	1000	6623	0	227053
27912	1062	3651	486	222074	0	227273
27913	1061	2656	513	221480	0	225710
27914	216309	707	569	6769	0	224354
27915	4120	1246	216583	3730	0	225679
27916	3151	1220	212839	1650	0	218860
27917	209225	613	5919	1644	0	217401
27918	219666	635	2970	1394	0	224665
27919	6781	1038	985	184993	0	193797
27920	3452	216520	1015	3538	0	224525
27921	217970	3705	614	2824	0	225113
27922	4587	2821	675	210927	0	219010
27923	3168	217050	1086	4101	0	225405
27924	214686	3470	527	3093	0	221776
27925	4001	217023	973	1325	0	223322
27926	212777	3738	414	1252	0	218181
27927	205532	2604	388	1232	0	209756
27928	5923	201433	884	1106	0	209346
27929	3443	3492	393	200647	0	207975
27930	1528	3165	198903	3836	0	207432
27931	1320	1223	3227	197706	0	203476
27932	195507	771	2340	4393	0	203011
27933	3976	1164	194662	3150	0	202952
27934	2913	193725	3600	1623	0	201861
27935	1455	4177	2243	190317	0	198192
27936	1174	2894	189525	3862	0	197455
27937	803	187378	3670	3018	0	194869
27938	185025	3439	2401	1604	0	192469
27939	3655	2208	860	186180	0	192903
27940	2732	821	648	187803	0	192004
27941	1321	796	606	183800	0	186523
27942	751	185532	1041	5556	0	192880
27943	184683	3240	657	3241	0	191821
27944	3378	185278	938	1565	0	191159
27945	2511	189005	880	1415	0	193811
27946	188233	4851	490	1468	0	195042
27947	189017	2589	464	1500	0	193570
27948	5140	1541	183538	1281	0	191500
27949	177765	900	3046	1229	0	182940
27950	177924	862	2107	1086	0	181979
27951	5587	864	706	174107	0	181264
27952	3116	1352	173137	3512	0	181117
27953	1788	802	3014	173759	0	179363
27954	175060	651	2221	4082	0	182014
27955	4006	1073	178720	2805	0	186604
27956	3290	638	3333	188818	0	196079
27957	1817	704	2360	207133	0	212014
27958	1486	685	885	230566	0	233622
27959	228256	633	780	9636	0	239305
27960	6712	232375	1309	4702	0	245098
27961	234194	6514	721	2178	0	243607
27962	7624	3863	233680	2013	0	247180
27963	4285	1270	6721	223413	0	235689
27964	1627	235673	3937	7133	0	248370
27965	237603	6799	1167	4244	0	249813
27966	7764	3556	805	237790	0	249915
27967	4095	2061	233703	7817	0	247676
27968	1990	1042	6635	231944	0	241611
27969	223781	949	3436	8151	0	236317
27970	6835	223807	1794	4767	0	237203
27971	4293	7341	893	199637	0	212164
27972	1607	223050	1299	6545	0	232501
27973	216072	7038	759	6406	0	230275
27974	217894	3467	707	2052	0	224120
27975	9257	213891	1200	1714	0	226062
27976	212237	6528	689	1431	0	220885
27977	7764	3550	577	198515	0	210406
27978	3726	208023	1039	6285	0	219073
27979	208347	6588	597	3462	0	218994
27980	212351	3282	633	1672	0	217938
27981	9351	203668	1133	1332	0	215484
27982	4140	207089	1046	1217	0	213492
27983	201757	8449	571	1135	0	211912
27984	7438	3665	480	199915	0	211498
27985	203609	1507	490	6577	0	212183
27986	7641	1244	387	203006	0	212278
27987	4080	1505	199153	6908	0	211646
27988	2247	1064	5901	203194	0	212406
27989	198688	1037	2649	7373	0	209747
27990	7237	1325	199856	3681	0	212099
27991	4046	803	6246	198531	0	209626
27992	2143	891	2880	207164	0	213078
27993	1611	1141	200914	9201	0	212867
27994	191880	781	6423	4160	0	203244
27995	7222	770	3064	198897	0	209953
27996	3605	1211	189203	7206	0	201225
27997	174502	757	6463	3961	0	185683
27998	6493	186690	3631	2092	0	198906
27999	3412	188544	1771	1824	0	195551
28000	1623	192648	1638	1649	0	197558
28001	1675	8363	179719	1578	0	191335
28002	1771	4655	5810	171904	0	184140
28003	1354	1723	173054	6264	0	182395
28004	1464	4627	5487	150590	0	162168
28005	855	148442	2781	5410	0	157488
28006	972	149161	1177	2720	0	154030
28007	1495	6464	838	143782	0	152579
28008	144424	2422	669	5378	0	152893
28009	5095	1106	527	146927	0	153655
28010	2468	1105	564	145400	0	149537
28011	1204	144105	839	6368	0	152516
28012	141862	4811	464	2791	0	149928
28013	4946	144974	765	1516	0	152201
28014	2732	5168	489	142920	0	151309
28015	1574	2438	524	143168	0	147704
28016	1193	141755	946	6378	0	150272
28017	1443	4931	513	143675	0	150562
28018	142303	2460	418	5896	0	151077
28019	5607	1738	379	143110	0	150834
28020	3175	1556	461	142378	0	147570
28021	1954	140575	955	6447	0	149931
28022	2037	4917	793	142809	0	150556
28023	136803	2520	747	5629	0	145699
28024	140333	1592	568	3282	0	145775
28025	142257	1530	591	1972	0	146350
28026	7482	1332	590	137898	0	147302
28027	3471	1465	135193	5968	0	146097
28028	2233	1382	136927	3396	0	143938
28029	2232	1158	5964	137309	0	146663
28030	138462	1354	2268	5714	0	147798
28031	5918	1382	905	139688	0	147893
28032	142752	1341	979	6039	0	151111
28033	6344	1277	753	143662	0	152036
28034	3827	1162	686	147370	0	153045
28035	144407	1282	696	6953	0	153338
28036	6054	1631	140536	3221	0	151442
28037	141084	1220	4517	2088	0	148909
28038	6125	1485	141933	1824	0	151367
28039	3644	1106	4792	139964	0	149506
28040	140798	993	2326	5644	0	149761
28041	5835	1373	142226	2860	0	152294
28042	3128	1585	143001	1628	0	149342
28043	136760	1266	6251	1779	0	146056
28044	5841	1307	142693	1932	0	151773
28045	3052	139663	5478	2016	0	150209
28046	1967	4595	2562	146189	0	155313
28047	153016	2082	1508	6310	0	162916
28048	5276	1474	155361	3404	0	165515
28049	154662	885	5263	2318	0	163128
28050	160855	877	2755	1980	0	166467
28051	161792	861	1560	2071	0	166284
28052	161855	817	1247	2192	0	166111
28053	6882	1784	1217	152357	0	162240
28054	3085	154499	1495	5452	0	164531
28055	148204	4395	1245	3229	0	157073
28056	4836	2155	137104	1806	0	145901
28057	1643	111779	2277	1100	0	116799
28058	94597	1191	1495	643	0	97926
28059	974	87936	495	434	0	89839
28060	649	90845	336	370	0	92200
28061	2637	1315	1194	86982	0	92128
28062	502	407	283	88781	0	89973
28063	281	160	159	88980	0	89580
28064	89401	101	134	1081	0	90717
28065	92701	90	135	682	0	93608
28066	1222	127	131	96842	0	98322
28067	763	124	136	103617	0	104640
28068	358	346	108840	1647	0	111191
28069	102955	116	1384	1086	0	105541
28070	112826	125	855	447	0	114253
28071	2299	121	253	112847	0	115520
28072	1215	119	158	114225	0	115717
28073	416	412	112940	2443	0	116211
28074	385	124	1523	112917	0	114949
28075	330	322	117134	1857	0	119643
28076	345	116131	1835	1362	0	119673
28077	410	1689	117756	731	0	120586
28078	395	1081	1652	113915	0	117043
28079	457	491	120814	1693	0	123455
28080	301	437	115140	1148	0	117026
28081	115203	237	2514	550	0	118504
28082	1728	152	1072	125484	0	128436
28083	1051	377	125896	1746	0	129070
28084	112996	151	1800	1362	0	116309
28085	1780	354	127743	516	0	130393
28086	1195	441	139896	524	0	142056
28087	416	143516	2811	557	0	147300
28088	485	1526	1199	142976	0	146186
28089	367	1208	142481	1768	0	145824
28090	390	561	139350	1150	0	141451
28091	405	169	2498	138827	0	141899
28092	436	106	1289	139076	0	140907
28093	292	142376	803	2451	0	145922
28094	397	1577	342	143794	0	146110
28095	145915	915	326	2121	0	149277
28096	145714	262	371	1408	0	147755
28097	149058	147	397	699	0	150301
28098	2676	168	397	145560	0	148801
28099	1283	148806	659	2000	0	152748
28100	148613	1576	413	1357	0	151959
28101	1773	150648	593	664	0	153678
28102	1162	147962	566	590	0	150280
28103	482	149796	650	614	0	151542
28104	149913	2295	530	722	0	153460
28105	1767	1080	453	149418	0	152718
28106	1205	431	429	149307	0	151372
28107	396	150405	696	2492	0	153989
28108	145831	1613	509	1456	0	149409
28109	1781	1399	148071	540	0	151791
28110	1240	375	1839	148284	0	151738
28111	149077	253	1256	2003	0	152589
28112	1684	154680	879	1352	0	158595
28113	162548	1581	526	981	0	165636
28114	2037	1061	480	163303	0	166881
28115	1223	168535	727	1894	0	172379
28116	672	2036	164723	1262	0	168693
28117	160968	1104	1840	737	0	164649
28118	1916	443	1210	170978	0	174547
28119	173006	388	567	2129	0	176090
28120	1989	402	448	171847	0	174686
28121	1275	171781	768	2099	0	175923
28122	699	2086	174725	1425	0	178935
28123	667	1566	173509	775	0	176517
28124	618	901	2481	175418	0	179418
28125	179333	423	1390	2107	0	183253
28126	180140	340	488	1518	0	182486
28127	2680	344	392	178366	0	181782
28128	1555	330	408	180165	0	182458
28129	182532	332	428	2801	0	186093
28130	2031	355	462	184005	0	186853
28131	185032	398	462	2315	0	188207
28132	1983	182677	760	1490	0	186910
28133	179914	1750	453	1010	0	183127
28134	2142	1680	185592	829	0	190243
28135	1640	596	1905	184972	0	189113
28136	935	429	1313	189750	0	192427
28137	863	423	623	190485	0	192394
28138	712	185591	884	3117	0	190304
28139	769	172489	812	1940	0	176010
28140	792	2578	556	187638	0	191564
28141	646	1750	188087	2546	0	193029
28142	825	563	2077	187957	0	191422
28143	800	487	1358	193859	0	196504
28144	702	2482	679	193859	0	197722
28145	185789	551	605	3216	0	190161
28146	1959	184400	913	1857	0	189129
28147	1421	186078	977	1086	0	189562
28148	998	2830	659	181581	0	186068
28149	891	1318	548	187464	0	190221
28150	913	552	487	187680	0	189632
28151	894	493	461	189300	0	191148
28152	182695	479	526	3346	0	187046
28153	2010	184501	907	3502	0	190920
28154	187483	1904	621	1207	0	191215
28155	193216	1277	596	1251	0	196340
28156	2969	627	485	191910	0	195991
28157	1690	488	404	195285	0	197867
28158	191973	427	414	3370	0	196184
28159	193913	467	435	2152	0	196967
28160	3099	554	278	190848	0	194779
28161	1873	555	202	193145	0	195775
28162	1022	992	190974	3334	0	196322
28163	889	187463	1828	2021	0	192201
28164	891	195340	1227	1120	0	198578
28165	185964	2115	951	995	0	190025
28166	1795	1528	192855	753	0	196931
28167	1077	874	178969	701	0	181621
28168	161723	481	1635	722	0	164561
28169	175863	188	896	585	0	177532
28170	1088	193036	448	467	0	195039
28171	603	201692	434	464	0	203193
28172	472	1052	141	204506	0	206171
28173	214707	522	132	1424	0	216785
28174	216073	202	147	1072	0	217494
28175	218226	194	112	818	0	219350
28176	1267	306	128	216213	0	217914
28177	809	213	108	218872	0	220002
28178	426	790	214698	1294	0	217208
28179	408	711	199712	904	0	201735
28180	410	706	213109	477	0	214702
28181	468	1828	1097	210549	0	213942
28182	208095	127	522	1118	0	209862
28183	775	667	217846	772	0	220060
28184	663	157	640	216603	0	218063
28185	240	223903	844	816	0	225803
28186	402	588	183	218750	0	219923
28187	288	500	143	220280	0	221211
28188	296	804	226152	1458	0	228710
28189	327	186	954	224034	0	225501
28190	232808	107	762	1629	0	235306
28191	1678	738	247700	1121	0	251237
28192	1169	154	1573	248594	0	251490
28193	409	685	259285	1998	0	262377
28194	288	260420	2160	1563	0	264431
28195	574	2374	261340	739	0	265027
28196	581	1302	2159	246840	0	250882
28197	370	367	1427	264423	0	266587
28198	350	969	270962	3559	0	275840
28199	441	298	2152	263652	0	266543
28200	445	339	1436	263325	0	265545
28201	245	267275	1019	3448	0	271987
28202	400	2647	268788	2087	0	273922
28203	536	1390	2254	265565	0	269745
28204	482	383	1597	271486	0	273948
28205	245	275614	961	3715	0	280535
28206	432	2342	373	278265	0	281412
28207	278291	1504	384	2971	0	283150
28208	2439	463	408	280351	0	283661
28209	1630	929	281526	2912	0	286997
28210	267054	282	2436	2560	0	272332
28211	293168	318	1752	1374	0	296612
28212	4431	900	302360	850	0	308541
28213	284030	251	3092	1403	0	288776
28214	3272	309100	2565	998	0	315935
28215	2428	3050	761	314318	0	320557
28216	1086	2070	589	343898	0	347643
28217	910	627	499	346533	0	348569
28218	708	412	567	352324	0	354011
28219	919	395	470	352800	0	354584
28220	344894	352	507	7798	0	353551
28221	4455	1204	342840	4065	0	352564
28222	322594	298	4463	2347	0	329702
28223	4862	1170	341392	1591	0	349015
28224	3426	302	4777	338122	0	346627
28225	341522	289	3059	5523	0	350393
28226	5095	404	1118	338043	0	344660
28227	3219	345314	1556	5224	0	355313
28228	357333	4207	986	3885	0	366411
28229	5283	3190	865	370119	0	379457
28230	3317	1495	358825	5572	0	369209
28231	333577	553	4419	4591	0	343140
28232	4929	378908	3405	2224	0	389466
28233	3581	5367	386870	2098	0	397916
28234	1876	3219	5122	380087	0	390304
28235	1773	1024	3561	372709	0	379067
28236	1088	382671	1905	8135	0	393799
28237	1292	5643	381468	4636	0	393039
28238	1359	3361	5116	379386	0	389222
28239	1116	1897	396861	6564	0	406438
28240	1241	855	5663	390718	0	398477
28241	1201	737	3694	394887	0	400519
28242	1078	1593	393407	9412	0	405490
28243	1403	688	5786	391140	0	399017
28244	1996	1806	5011	332429	0	341242
28245	1491	650	1849	410992	0	414982
28246	1439	671	1694	414570	0	418374
28247	395134	448	1497	11025	0	408104
28248	6113	1328	396354	6176	0	409971
28249	401908	816	6259	3788	0	412771
28250	7155	822	4306	424853	0	437136
28251	4963	773	1964	433410	0	441110
28252	2147	765	1635	429415	0	433962
28253	1614	420544	2256	17340	0	441754
28254	430035	6405	1530	6963	0	444933
28255	7085	4171	1660	448976	0	461892
28256	4656	453673	2515	8285	0	469129
28257	2035	6058	1463	460661	0	470217
28258	460189	4205	1463	9662	0	475519
28259	459711	1670	1592	7150	0	470123
28260	461480	1447	1631	4155	0	468713
28261	10310	460445	2614	3655	0	477024
28262	5368	7217	460961	3937	0	477483
28263	450309	4414	6818	4280	0	465821
28264	473772	1461	4634	4292	0	484159
28265	10518	477424	2831	3678	0	494451
28266	476615	6610	1597	3920	0	488742
28267	471405	4567	1590	3766	0	481328
28268	481509	1556	1531	3878	0	488474
28269	11678	493370	2412	3835	0	511295
28270	7075	6709	1570	489702	0	505056
28271	494133	4618	1472	9236	0	509459
28272	504289	1817	1277	6909	0	514292
28273	496643	1338	1204	4206	0	503391
28274	500195	1441	1167	3909	0	506712
28275	13460	1672	1209	489047	0	505388
28276	7201	2460	486709	9726	0	506096
28277	4503	1325	7316	480678	0	493822
28278	3561	496553	5696	9747	0	515557
28279	3914	7793	1616	510853	0	524176
28280	3608	5984	516021	10158	0	535771
28281	503787	1783	8280	7549	0	521399
28282	10771	1425	5400	527369	0	544965
28283	525278	1500	2162	10358	0	539298
28284	530513	1757	1853	7829	0	541952
28285	14625	1834	1630	536131	0	554220
28286	8471	2302	539515	10410	0	560698
28287	5191	2457	503054	7010	0	517712
28288	477868	1613	11732	4339	0	495552
28289	10095	520573	6531	3722	0	540921
28290	6974	516930	2749	3058	0	529711
28291	4069	519033	2277	3258	0	528637
28292	3515	533965	2448	2961	0	542889
28293	512839	11536	3468	3275	0	531118
28294	514721	5077	1646	2999	0	524443
28295	516888	1992	1143	2721	0	522744
28296	518728	2000	1118	2739	0	524585
28297	12865	2166	1100	498337	0	514468
28298	6807	501212	2138	7899	0	518056
28299	495955	7009	1589	5970	0	510523
28300	9077	5647	500234	2645	0	517603
28301	6680	497469	7431	3300	0	514880
28302	4365	7850	499224	2647	0	514086
28303	480891	4620	7258	3081	0	495850
28304	504992	1994	4638	2966	0	514590
28305	507121	2521	1868	2767	0	514277
28306	12773	1730	1577	499577	0	515657
28307	7484	2549	502426	7525	0	519984
28308	4155	501487	7444	5877	0	518963
28309	484736	6646	4727	3142	0	499251
28310	8720	493849	2627	3003	0	508199
28311	6114	481204	1780	2520	0	491618
28312	3996	478434	1816	2193	0	486439
28313	3604	477761	1906	2494	0	485765
28314	3617	9497	447123	2114	0	462351
28315	3093	463066	6474	2054	0	474687
28316	426603	5429	3717	1929	0	437678
28317	6036	3524	1035	430477	0	441072
28318	4524	1777	947	437291	0	444539
28319	428878	1464	982	7219	0	438543
28320	5562	428674	1835	4010	0	440081
28321	4579	5818	434790	2060	0	447247
28322	3107	3669	4410	428699	0	439885
28323	3157	1622	2973	441380	0	449132
28324	3016	1551	1282	449273	0	455122
28325	2621	2488	440532	7242	0	452883
28326	2725	2530	438118	3831	0	447204
28327	3131	1533	6507	436164	0	447335
28328	2811	2356	436007	4942	0	446116
28329	2647	2506	408276	3341	0	416770
28330	324888	1778	6836	3013	0	336515
28331	5225	412538	3906	1971	0	423640
28332	3740	402172	1881	1562	0	409355
28333	2911	414121	1823	1595	0	420450
28334	3053	7094	1278	388387	0	399812
28335	2194	418846	2037	3778	0	426855
28336	418463	4633	1538	3250	0	427884
28337	5461	4041	423236	1669	0	434407
28338	419200	1855	4726	1817	0	427598
28339	5994	1695	3184	437811	0	448684
28340	4377	1620	1551	439482	0	447030
28341	2053	462307	2170	7139	0	473669
28342	459928	5779	1497	4350	0	471554
28343	460685	4032	1817	2061	0	468595
28344	10492	496732	2053	1848	0	511125
28345	5453	7245	1189	487475	0	501362
28346	2480	5418	498258	6766	0	512922
28347	2476	2858	502544	4720	0	512598
28348	1927	510723	10861	2543	0	526054
28349	500958	8200	5454	2667	0	517279
28350	7991	5588	512702	1157	0	527438
28351	5923	2117	7125	497985	0	513150
28352	512693	1480	4969	7360	0	526502
28353	521142	1596	1982	5249	0	529969
28354	11533	623129	2496	2166	0	639324
28355	6026	651937	2528	1813	0	662304
28356	650152	16198	1794	1621	0	669765
28357	12391	8717	651485	1934	0	674527
28358	645412	2962	11253	1915	0	661542
28359	659088	2029	7040	1625	0	669782
28360	18359	2553	2555	651826	0	675293
28361	8688	3236	665435	11726	0	689085
28362	4200	2831	659502	6602	0	673135
28363	618414	1656	18947	2942	0	641959
28364	14135	3329	664281	2108	0	683853
28365	615805	1937	13649	2079	0	633470
28366	642754	1707	7919	2095	0	654475
28367	18031	645637	4523	2422	0	670613
28368	9952	12969	647589	1673	0	672183
28369	4252	637032	14131	1771	0	657186
28370	618311	12696	8517	2126	0	641650
28371	14001	8510	620500	1526	0	644537
28372	9845	3688	12659	584174	0	610366
28373	4925	3100	617645	12016	0	637686
28374	3958	2734	620214	6543	0	633449
28375	4922	2637	621486	1951	0	630996
28376	4654	2793	620106	1836	0	629389
28377	3877	597379	20302	2724	0	624282
28378	4675	12856	596700	2750	0	616981
28379	3854	588146	14795	2321	0	609116
28380	4585	12927	577213	1915	0	596640
28381	557711	7247	15590	1708	0	582256
28382	14628	3108	9466	494200	0	521402
28383	8894	575999	6242	9137	0	600272
28384	567296	11915	5215	6110	0	590536
28385	569376	7613	5985	2618	0	585592
28386	540695	4116	5499	2375	0	552685
28387	560393	3005	5969	1886	0	571253
28388	18585	558134	6618	2318	0	585655
28389	543949	12537	4964	2497	0	563947
28390	556956	8319	5615	2207	0	573097
28391	18842	540749	6180	2762	0	568533
28392	10614	13980	526209	1999	0	552802
28393	7373	9181	14328	493454	0	524336
28394	6224	537067	11423	10373	0	565087
28395	6075	14033	540952	6832	0	567892
28396	6832	9741	548418	3227	0	568218
28397	6255	533593	21814	2615	0	564277
28398	6297	540917	12944	2378	0	562536
28399	6151	566505	8514	2977	0	584147
28400	6317	566469	7000	2328	0	582114
28401	550624	21138	6922	2144	0	580828
28402	560585	12127	6647	2492	0	581851
28403	22500	7392	569156	2812	0	601860
28404	13538	7096	581810	2216	0	604660
28405	9076	5953	22657	548666	0	586352
28406	8732	6137	13198	570193	0	598260
28407	9250	6376	7446	579355	0	602427
28408	565472	6034	7966	18530	0	598002
28409	18049	572204	8583	9883	0	608719
28410	13924	594228	8434	4229	0	620815
28411	9425	611024	8639	3665	0	632753
28412	593777	23881	7616	3389	0	628663
28413	607216	13705	7881	3399	0	632201
28414	27150	8104	7179	590171	0	632604
28415	611156	7215	8759	14347	0	641477
28416	615781	7401	8552	9434	0	641168
28417	27567	8115	7702	604054	0	647438
28418	610512	8407	7816	16112	0	642847
28419	22313	602791	10380	10453	0	645937
28420	17534	18519	10156	597545	0	643754
28421	12585	14387	597331	14594	0	638897
28422	11351	594711	22832	10622	0	639516
28423	11702	21002	603947	6053	0	642704
28424	12585	14438	22440	534111	0	583574
28425	11399	601402	18879	14620	0	646300
28426	12737	18900	13063	589654	0	634354
28427	12172	14295	12434	602719	0	641620
28428	12013	9513	598134	23089	0	642749
28429	11366	8825	627506	12358	0	660055
28430	11117	8093	28795	605349	0	653354
28431	11328	9045	18767	554113	0	593253
28432	10458	618909	14104	21479	0	664950
28433	576645	20987	11325	12227	0	621184
28434	21731	609069	12297	7230	0	650327
28435	16116	618056	11241	6560	0	651973
28436	10537	27350	588696	7412	0	633995
28437	8067	597309	22308	7636	0	635320
28438	9977	21511	18026	511102	0	560616
28439	8994	584278	12790	15736	0	621798
28440	9031	21034	10502	528933	0	569500
28441	6770	565207	11627	16370	0	599974
28442	548383	20891	9655	10789	0	589718
28443	18511	564077	10497	6914	0	599999
28444	12333	20243	8075	464519	0	505170
28445	8059	523810	8051	13029	0	552949
28446	507899	19131	7623	8665	0	543318
28447	505445	14434	4860	5713	0	530452
28448	21883	503815	6305	5002	0	537005
28449	490046	17653	4004	4139	0	515842
28450	19350	18205	4551	460821	0	502927
28451	12325	8809	474603	13407	0	509144
28452	9525	7658	479120	8855	0	505158
28453	8234	474140	18516	5728	0	506618
28454	347248	9363	9132	3445	0	369188
28455	341665	5197	2502	2604	0	351968
28456	10093	3123	337540	2450	0	353206
28457	4887	3075	332942	2220	0	343124
28458	308056	2724	8881	2559	0	322220
28459	329242	2587	4376	2418	0	338623
28460	9025	3111	322536	2255	0	336927
28461	295933	2939	6436	2263	0	307571
28462	6579	309460	4410	2192	0	322641
28463	4028	322905	2349	2333	0	331615
28464	2787	9458	2585	309541	0	324371
28465	2275	5101	2085	318229	0	327690
28466	313956	3074	2078	8741	0	327849
28467	314779	2728	2099	4823	0	324429
28468	316251	2839	2058	2819	0	323967
28469	8931	2886	1844	310613	0	324274
28470	5065	2899	1749	306945	0	316658
28471	2831	298995	1989	8574	0	312389
28472	2616	308106	2281	4783	0	317786
28473	2533	318243	2055	2832	0	325663
28474	3153	9858	1922	285684	0	300617
28475	2817	307665	2071	5910	0	318463
28476	3232	8093	293523	4070	0	308918
28477	261886	5622	5715	3168	0	276391
28478	6979	4100	302573	2523	0	316175
28479	4640	3819	300483	2327	0	311269
28480	274619	3484	8088	2279	0	288470
28481	7034	300198	4204	2253	0	313689
28482	302520	7325	1947	2359	0	314151
28483	302380	5391	1928	2663	0	312362
28484	9427	3726	295769	2303	0	311225
28485	5617	3604	306297	1946	0	317464
28486	3735	307561	8522	2337	0	322155
28487	3859	7868	310860	2399	0	324986
28488	3791	5319	6797	304186	0	320093
28489	4001	3854	4814	262979	0	275648
28490	3371	310080	3411	8025	0	324887
28491	3250	321877	3081	4245	0	332453
28492	317589	10051	2519	2757	0	332916
28493	328345	5732	2393	2715	0	339185
28494	10299	3754	2447	323527	0	340027
28495	6218	3306	2620	332435	0	344579
28496	320917	3040	2687	8952	0	335596
28497	324969	3070	2691	4783	0	335513
28498	9916	329085	3137	2901	0	345039
28499	312576	6678	2343	1963	0	323560
28500	7960	304077	2444	1885	0	316366
28501	5111	313556	2340	1889	0	322896
28502	308689	8441	2208	2067	0	321405
28503	307605	4729	2131	2133	0	316598
28504	9373	3099	1638	299728	0	313838
28505	299262	2574	1568	5662	0	309066
28506	7990	2967	296985	3396	0	311338
28507	5306	299466	5526	2336	0	312634
28508	289721	5677	3437	2687	0	301522
28509	6953	4045	296564	2365	0	309927
28510	4537	5453	4778	259014	0	273782
28511	3055	275367	3199	3801	0	285422
28512	3014	279898	1965	2492	0	287369
28513	275854	5968	2130	1739	0	285691
28514	5581	3650	271933	1364	0	282528
28515	253751	1680	3925	997	0	260353
28516	5372	1446	2665	260265	0	269748
28517	3490	1556	260187	3463	0	268696
28518	242246	1297	3970	2719	0	250232
28519	4650	267859	2865	1286	0	276660
28520	2926	278272	1976	1182	0	284356
28521	278794	4858	1852	1310	0	286814
28522	278543	2576	1119	1384	0	283622
28523	283538	1450	860	1618	0	287466
28524	5842	1446	961	275032	0	283281
28525	3666	1271	997	280517	0	286451
28526	2377	1457	276889	4173	0	284896
28527	2144	1468	270534	2433	0	276579
28528	1947	274330	4317	1696	0	282290
28529	1667	3811	2108	255207	0	262793
28530	252599	1506	742	2559	0	257406
28531	2560	253386	772	1720	0	258438
28532	1692	2513	504	254258	0	258967
28533	249636	1480	566	2637	0	254319
28534	2583	252057	742	1766	0	257148
28535	1874	260589	725	909	0	264097
28536	1658	3422	248216	797	0	254093
28537	233617	1794	2263	1008	0	238682
28538	252640	849	1346	910	0	255745
28539	3029	1203	249002	891	0	254125
28540	221172	635	1841	782	0	224430
28541	2206	1068	246807	759	0	250840
28542	1296	242742	1898	514	0	246450
28543	1396	2162	1457	237958	0	242973
28544	233754	1019	697	1654	0	237124
28545	1708	236256	677	965	0	239606
28546	1126	236939	662	564	0	239291
28547	223663	1842	399	630	0	226534
28548	1579	1490	239048	447	0	242564
28549	219136	686	1224	793	0	221839
28550	1406	245862	1062	564	0	248894
28551	1186	1607	230830	385	0	234008
28552	223912	865	1123	515	0	226415
28553	239293	439	628	442	0	240802
28554	1698	295	322	235183	0	237498
28555	978	294	280	240520	0	242072
28556	506	238016	414	1499	0	240435
28557	571	1816	233871	1034	0	237292
28558	604	758	1178	235957	0	238497
28559	576	853	252619	1691	0	255739
28560	523	744	253764	1098	0	256129
28561	573	320	2289	265020	0	268202
28562	493	671	276977	2329	0	280470
28563	655	824	271906	1320	0	274705
28564	619	366	3330	256829	0	261144
28565	451	692	274938	2407	0	278488
28566	234318	357	2690	1781	0	239146
28567	2305	268141	1799	1001	0	273246
28568	1535	2632	275532	600	0	280299
28569	857	1829	294594	538	0	297818
28570	593	565	3538	276514	0	281210
28571	303883	290	1641	2674	0	308488
28572	305267	258	685	1649	0	307859
28573	305068	301	521	806	0	306696
28574	306399	337	486	720	0	307942
28575	3776	309	507	296994	0	301586
28576	1822	922	301036	2400	0	306180
28577	291916	336	2525	1859	0	296636
28578	305281	260	1470	944	0	307955
28579	307607	302	662	817	0	309388
28580	3925	822	298149	533	0	303429
28581	275742	388	2542	712	0	279384
28582	2753	328	1732	306213	0	311026
28583	1636	314929	1346	2502	0	320413
28584	1167	2957	724	299534	0	304382
28585	726	311991	1069	2492	0	316278
28586	307311	2514	891	1836	0	312552
28587	3086	2074	315600	900	0	321660
28588	1888	848	3348	298676	0	304760
28589	684	314377	2569	2751	0	320381
28590	600	321564	1517	1937	0	325618
28591	318295	4184	1264	965	0	324708
28592	316899	1864	918	883	0	320564
28593	4624	1321	304375	814	0	311134
28594	302040	505	3500	731	0	306776
28595	3933	436	2151	308334	0	314854
28596	2597	1038	320235	3374	0	327244
28597	1656	1047	316770	2072	0	321545
28598	1695	423	4642	322363	0	329123
28599	347216	328	2288	4168	0	354000
28600	4871	306	962	347906	0	354045
28601	3268	310	850	349320	0	353748
28602	1651	368	915	344471	0	347405
28603	1364	349558	1460	5731	0	358113
28604	1661	3724	802	353966	0	360153
28605	338424	2183	877	4888	0	346372
28606	4421	349245	1415	3208	0	358289
28607	3200	4146	768	353372	0	361486
28608	347294	2564	712	5183	0	355753
28609	4488	347260	1363	3271	0	356382
28610	2844	353948	1340	1477	0	359609
28611	1597	6706	891	349007	0	358201
28612	338849	3149	858	5157	0	348013
28613	4986	1881	344276	3263	0	354406
28614	3366	1681	335883	1598	0	342528
28615	334209	1027	7030	1514	0	343780
28616	355880	988	3347	1426	0	361641
28617	7696	367053	1848	1167	0	377764
28618	4452	5039	1185	351407	0	362083
28619	2068	3662	362003	5181	0	372914
28620	1916	1561	353157	3653	0	360287
28621	1720	1311	384714	2098	0	389843
28622	1500	380006	9485	1691	0	392682
28623	1324	385670	4894	1757	0	393645
28624	378550	8019	1665	2133	0	390367
28625	6387	4391	384425	1772	0	396975
28626	371847	1286	6140	1923	0	381196
28627	384092	1013	4065	2076	0	391246
28628	9257	1732	393549	1947	0	406485
28629	4678	403936	6627	1799	0	417040
28630	2722	6589	3863	392473	0	405647
28631	2175	4855	411601	6390	0	425021
28632	2196	2604	396163	4260	0	405223
28633	370311	1595	9197	2281	0	383384
28634	6820	407450	5112	1768	0	421150
28635	4847	6793	1853	392668	0	406161
28636	2422	4724	1482	379224	0	387852
28637	1854	398788	2195	8888	0	411725
28638	2134	408930	2348	4463	0	417875
28639	2203	416005	2568	1961	0	422737
28640	2571	10033	1674	417589	0	431867
28641	429262	4857	1567	7450	0	443136
28642	8285	2109	1618	436142	0	448154
28643	5118	3073	433821	9112	0	451124
28644	2378	2299	434479	5309	0	444465
28645	2288	1833	11645	436890	0	452656
28646	2225	2310	444615	8300	0	457450
28647	2080	442222	9502	5672	0	459476
28648	2286	8053	5419	447598	0	463356
28649	471191	5018	2534	9316	0	488059
28650	466328	2173	2288	5983	0	476772
28651	13047	477978	2933	2831	0	496789
28652	486669	9628	2053	2812	0	501162
28653	491548	5810	1970	2735	0	502063
28654	493543	2302	1980	3127	0	500952
28655	14952	3045	444364	2541	0	464902
28656	454442	2119	8808	2779	0	468148
28657	10403	470046	6491	2790	0	489730
28658	6743	9852	470148	2092	0	488835
28659	3769	6142	469090	2135	0	481136
28660	2782	462180	13610	2495	0	481067
28661	449183	9515	7127	2184	0	468009
28662	10223	5476	2632	426529	0	444860
28663	5916	438711	2562	8160	0	455349
28664	444450	8733	2025	5475	0	460683
28665	9606	5768	2005	444423	0	461802
28666	452488	2360	2044	9628	0	466520
28667	10423	2005	2060	457038	0	471526
28668	6487	2674	447223	9739	0	466123
28669	3067	2901	436777	6227	0	448972
28670	3104	2909	445202	2699	0	453914
28671	3257	2468	13649	417834	0	437208
28672	3238	2341	6644	443181	0	455404
28673	3224	2984	439771	13247	0	459226
28674	3165	437673	10561	6864	0	458263
28675	445605	9506	6412	2966	0	464489
28676	446847	6044	3408	2677	0	458976
28677	14506	460441	3914	2559	0	481420
28678	8428	10766	3102	456932	0	479228
28679	4233	7025	478293	10670	0	500221
28680	451766	2875	11766	6863	0	473270
28681	12004	2992	484070	3512	0	502578
28682	7896	2887	462643	2162	0	475588
28683	4148	3109	471633	2067	0	480957
28684	435531	2588	16457	2506	0	457082
28685	11868	3010	464834	2779	0	482491
28686	7465	447084	12369	2433	0	469351
28687	4263	462287	8463	2312	0	477325
28688	4471	13740	4528	435836	0	458575
28689	4149	6792	3586	448463	0	462990
28690	3635	3524	448516	13233	0	468908
28691	421289	2624	11150	7103	0	442166
28692	455175	2613	7521	3208	0	468517
28693	15154	2504	4209	450568	0	472435
28694	451908	2097	3950	10137	0	468092
28695	11145	448625	4539	6790	0	471099
28696	441563	9854	3465	3540	0	458422
28697	11462	435268	4064	3326	0	454120
28698	7075	436210	3754	3150	0	450189
28699	419194	12601	3503	3071	0	438369
28700	420292	6327	3184	2903	0	432706
28701	430339	2890	3326	2589	0	439144
28702	434246	2374	3684	2750	0	443054
28703	14925	2872	411608	2378	0	431783
28704	399067	2303	10625	2237	0	414232
28705	11699	2597	7003	393102	0	414401
28706	7271	409310	4651	8572	0	429804
28707	406940	9118	3341	5676	0	425075
28708	10496	411269	3813	3011	0	428589
28709	413850	9518	3095	2722	0	429185
28710	11539	5792	2962	407608	0	427901
28711	7759	3147	2846	417473	0	431225
28712	5010	3049	408143	12371	0	428573
28713	5113	2953	411689	6503	0	426258
28714	4623	411046	12984	3637	0	432290
28715	394257	8768	6602	3074	0	412701
28716	10590	399587	3957	2936	0	417070
28717	7501	393066	3296	2683	0	406546
28718	5214	407561	3256	2308	0	418339
28719	5778	12857	386176	2070	0	406881
28720	4864	396237	8971	1925	0	411997
28721	361544	9565	5728	2037	0	378874
28722	364027	5559	2828	1904	0	374318
28723	12974	3412	2399	345002	0	363787
28724	7364	352379	3112	7162	0	370017
28725	4749	362220	3112	4787	0	374868
28726	4833	11128	2482	352032	0	370475
28727	4908	6382	357049	7445	0	375784
28728	4596	348166	8108	4877	0	365747
28729	5363	9693	4504	336534	0	356094
28730	330770	5866	2340	7725	0	346701
28731	332549	3535	2191	5212	0	343487
28732	10857	337813	3097	3201	0	354968
28733	339631	8219	2705	2621	0	353176
28734	341452	5523	2732	2350	0	352057
28735	12263	3566	2603	330379	0	348811
28736	7035	3522	328609	7382	0	346548
28737	4156	332732	8153	4980	0	350021
28738	4205	10238	4907	326299	0	345649
28739	3843	6543	327209	6691	0	344286
28740	3563	320024	7365	4170	0	335122
28741	302780	7869	4789	2392	0	317830
28742	306468	5121	2442	2166	0	316197
28743	9901	3276	1896	297232	0	312305
28744	5905	306124	2376	5972	0	320377
28745	3829	7306	302578	4293	0	318006
28746	3626	5914	6093	298170	0	313803
28747	3294	3786	307652	6264	0	320996
28748	2768	291052	5875	4091	0	303786
28749	4754	6305	4278	261629	0	276966
28750	259490	3661	2020	4425	0	269596
28751	4858	259087	1588	3143	0	268676
28752	252367	4560	1170	2011	0	260108
28753	249112	3597	1134	1620	0	255463
28754	6824	257090	1332	1638	0	266884
28755	4819	4547	1241	255109	0	265716
28756	3199	3887	1161	252886	0	261133
28757	2391	248615	1529	5561	0	258096
28758	2170	258085	1687	3311	0	265253
28759	2452	6079	1313	238939	0	248783
28760	2170	253042	1611	3547	0	260370
28761	251347	4782	1238	2507	0	259874
28762	249811	3437	1060	1733	0	256041
28763	6336	2724	246521	1577	0	257158
28764	3814	2397	241166	1631	0	249008
28765	233315	2123	4676	1789	0	241903
28766	248674	1943	2771	1671	0	255059
28767	5110	255946	1986	1557	0	264599
28768	254102	4294	1585	1705	0	261686
28769	251411	3346	1169	1645	0	257571
28770	5520	249112	1269	1612	0	257513
28771	256042	4422	917	1663	0	263044
28772	4957	3811	914	289473	0	299155
28773	3865	2681	1032	303516	0	311094
28774	2567	2444	323045	7438	0	335494
28775	2002	314346	5576	3534	0	325458
28776	1622	326944	2989	1758	0	333313
28777	306681	10482	3072	3110	0	323345
28778	308334	3235	985	1343	0	313897
28779	300118	1092	675	1206	0	303091
28780	311349	849	672	1228	0	314098
28781	7167	1326	300263	850	0	309606
28782	2973	1510	308093	780	0	313356
28783	1251	310968	6579	933	0	319731
28784	1612	5415	2700	307036	0	316763
28785	1716	2990	984	292221	0	297911
28786	1514	315938	912	5708	0	324072
28787	1880	5402	670	307964	0	315916
28788	305021	2742	797	5125	0	313685
28789	5557	310044	1246	2721	0	319568
28790	3561	5631	314731	1212	0	325135
28791	1587	322598	5306	1263	0	330754
28792	317013	5537	2784	1300	0	326634
28793	5566	3753	316546	1818	0	327683
28794	306897	1452	5313	1402	0	315064
28795	320825	1236	2722	1302	0	326085
28796	7433	1823	316495	1043	0	326794
28797	3261	1682	315467	1046	0	321456
28798	1891	1692	311042	943	0	315568
28799	282516	1417	7226	943	0	292102
28800	5887	1417	315700	1014	0	324018
28801	3417	311196	5535	1251	0	321399
28802	307262	4866	3018	862	0	316008
28803	5468	2866	311316	553	0	320203
28804	280425	1184	5796	981	0	288386
28805	6034	1383	313091	573	0	321081
28806	3789	1220	323294	561	0	328864
28807	2092	324082	7497	918	0	334589
28808	1889	5379	326058	747	0	334073
28809	2328	2980	320916	729	0	326953
28810	1751	288576	8095	1331	0	299753
28811	306100	5142	3887	864	0	315993
28812	5905	3280	315701	740	0	325626
28813	3676	1601	6072	276027	0	287376
28814	1948	317274	3812	3845	0	326879
28815	312803	5257	2274	2793	0	323127
28816	312194	2975	2406	1704	0	319279
28817	7574	2176	313859	1399	0	325008
28818	3841	306699	6593	1060	0	318193
28819	2053	317184	4851	1056	0	325144
28820	2512	8107	2372	295948	0	308939
28821	2682	299073	2489	4520	0	308764
28822	3601	6933	2145	273284	0	285963
28823	3760	3800	1928	309835	0	319323
28824	3135	315525	2961	6918	0	328539
28825	3317	6319	2804	304498	0	316938
28826	2890	313432	2929	5409	0	324660
28827	2752	7337	300718	3741	0	314548
28828	2815	4857	6668	301437	0	315777
28829	2758	3593	4239	299281	0	309871
28830	2650	303846	2982	7814	0	317292
28831	3180	316474	2641	4094	0	326389
28832	3333	9162	2189	291135	0	305819
28833	2771	310094	3292	5788	0	321945
28834	298228	7900	2944	3867	0	312939
28835	7253	4771	3006	300242	0	315272
28836	4447	308475	3667	6132	0	322721
28837	301069	7330	2948	3788	0	315135
28838	6997	302842	3536	2303	0	315678
28839	4964	7782	292570	2306	0	307622
28840	3634	4914	7757	292061	0	308366
28841	290155	3446	5612	6175	0	305388
28842	7847	3097	302310	3782	0	317036
28843	4964	3626	8239	278724	0	295553
28844	3923	294911	5609	5278	0	309721
28845	4092	7469	288884	3246	0	303691
28846	3402	299058	8658	1680	0	312798
28847	277392	6860	5962	1770	0	291984
28848	289819	4564	5076	1626	0	301085
28849	9194	290464	5223	1560	0	306441
28850	289265	7124	4854	1685	0	302928
28851	7481	5114	288375	1805	0	302775
28852	4854	3260	9396	276419	0	293929
28853	3375	3542	6300	281091	0	294308
28854	4058	120438	4540	174805	0	303841
28855	298441	5023	4901	5889	0	314254
28856	307549	4165	3856	3159	0	318729
28857	8775	4196	306719	1634	0	321324
28858	302371	3084	8053	1826	0	315334
28859	313881	3438	5273	1871	0	324463
28860	316306	2974	4310	2090	0	325680
28861	9575	3543	3511	304045	0	320674
28862	5233	3970	3511	304728	0	317442
28863	3626	312163	3577	7639	0	327005
28864	301410	7884	3424	4150	0	316868
28865	303465	4726	2769	3314	0	314274
28866	8702	305778	2765	2989	0	320234
28867	4857	8279	2381	290549	0	306066
28868	3259	308815	2133	6484	0	320691
28869	2658	327639	2411	4092	0	336800
28870	309851	9929	2991	3147	0	325918
28871	7889	5939	311660	3118	0	328606
28872	3221	2635	274375	1514	0	281745
28873	1545	269112	5410	1654	0	277721
28874	231740	3667	3152	1137	0	239696
28875	3336	2379	239649	862	0	246226
28876	1778	222647	3095	1094	0	228614
28877	217896	2458	1360	643	0	222357
28878	2483	1603	216868	418	0	221372
28879	1415	725	2262	207743	0	212145
28880	221186	532	1178	2581	0	225477
28881	2674	918	226173	1353	0	231118
28882	1556	899	237913	573	0	240941
28883	695	982	245815	428	0	247920
28884	612	815	244133	426	0	245986
28885	215649	705	4217	608	0	221179
28886	249115	435	1584	537	0	251671
28887	3453	252116	760	474	0	256803
28888	1735	2776	409	254674	0	259594
28889	708	1544	457	261897	0	264606
28890	429	264151	667	3978	0	269225
28891	697	3391	399	257760	0	262247
28892	459	274460	684	3196	0	278799
28893	456	279701	655	1949	0	282761
28894	635	5276	409	272817	0	279137
28895	507	2806	275510	3633	0	282456
28896	422	277462	4074	2128	0	284086
28897	616	3809	2246	272558	0	279229
28898	275736	2242	855	3629	0	282462
28899	3917	1247	276484	2201	0	283849
28900	268550	671	3967	868	0	274056
28901	278880	698	2380	723	0	282681
28902	5838	600	926	281528	0	288892
28903	2854	885	292018	4492	0	300249
28904	1328	1022	294183	2706	0	299239
28905	838	306964	7093	1088	0	315983
28906	1022	5083	3225	293600	0	302930
28907	824	3317	300231	4656	0	309028
28908	841	1306	302464	2982	0	307593
28909	670	305882	7883	1304	0	315739
28910	306082	5132	3668	906	0	315788
28911	311617	3081	1452	948	0	317098
28912	7717	1271	1172	315938	0	326098
28913	3788	1160	329712	5341	0	340001
28914	1628	1231	331844	3478	0	338181
28915	1215	339925	9107	1909	0	352156
28916	1246	5798	344687	1067	0	352798
28917	1159	4086	344544	1055	0	350844
28918	1142	1967	9609	309955	0	322673
28919	922	1619	346254	6486	0	355281
28920	316428	1002	7325	3875	0	328630
28921	5751	939	4788	345971	0	357449
28922	3960	1520	357199	6096	0	368775
28923	1527	357641	6972	4172	0	370312
28924	1475	5709	4657	357296	0	369137
28925	1416	4168	365599	6040	0	377223
28926	1025	375316	7365	4568	0	388274
28927	1426	6519	4942	350861	0	363748
28928	1109	382234	2986	5790	0	392119
28929	1245	7242	2142	379349	0	389978
28930	1539	4479	2157	383239	0	391414
28931	1113	2459	379198	10178	0	392948
28932	919	381469	7846	5551	0	395785
28933	1207	6967	5193	379055	0	392422
28934	1278	4621	2613	382671	0	391183
28935	1192	2029	2210	390689	0	396120
28936	1135	2095	380337	11005	0	394572
28937	1002	377906	8024	6255	0	393187
28938	1219	7144	5382	375669	0	389414
28939	1308	5281	378699	7683	0	392971
28940	996	378604	8229	5830	0	393659
28941	1263	7250	5636	374706	0	388855
28942	1182	5529	383729	7614	0	398054
28943	1031	384568	8315	5977	0	399891
28944	1214	7477	5773	374249	0	388713
28945	1208	5162	3054	390524	0	399948
28946	1176	3167	393504	11112	0	408959
28947	347726	2186	8310	7160	0	365382
28948	6080	393970	6130	3923	0	410103
28949	395758	7437	3344	3292	0	409831
28950	7101	5791	398416	3084	0	414392
28951	392696	2831	8569	3133	0	407229
28952	7568	2394	6221	388922	0	405105
28953	4763	2462	3471	408355	0	419051
28954	2097	2911	403870	11329	0	420207
28955	362747	2301	8865	7087	0	381000
28956	382322	2231	6243	3971	0	394767
28957	9685	381971	4034	3567	0	399257
28958	5033	397194	3649	3391	0	409267
28959	392532	10591	3029	3518	0	409670
28960	7520	6406	395129	3458	0	412513
28961	5148	407923	9329	3052	0	425452
28962	2833	8140	6269	408443	0	425685
28963	2260	5427	3648	418113	0	429448
28964	2029	3411	415807	11443	0	432690
28965	381041	2412	8994	7353	0	399800
28966	7648	2904	424143	3926	0	438621
28967	401918	2131	9447	3639	0	417135
28968	7938	2579	428725	3135	0	442377
28969	5111	420860	9179	2978	0	438128
28970	424187	6991	7328	3069	0	441575
28971	425028	5338	3925	3177	0	437468
28972	421377	2514	3240	2852	0	429983
28973	423877	2252	3151	2541	0	431821
28974	10990	2324	2705	415811	0	431830
28975	6028	2796	417837	7793	0	434454
28976	3285	2487	7859	397828	0	411459
28977	2482	417524	6437	7716	0	434159
28978	2691	6641	3450	418141	0	430923
28979	2233	5561	419441	8025	0	435260
28980	2304	2961	420501	5824	0	431590
28981	2476	2524	10325	405681	0	421006
28982	402500	1915	6793	7681	0	418889
28983	393483	2008	3559	5645	0	404695
28984	398710	1965	2983	3499	0	407157
28985	10372	2554	401971	3136	0	418033
28986	6054	2366	403964	2921	0	415305
28987	3130	401713	10249	2750	0	417842
28988	2616	404374	5958	2715	0	415663
28989	388882	8100	4906	2707	0	404595
28990	386696	4698	2677	2622	0	396693
28991	8087	405061	2815	2630	0	418593
28992	399458	5136	2095	2314	0	409003
28993	394706	3946	2022	2459	0	403133
28994	7884	400455	2563	2253	0	413155
28995	406525	5180	2020	2541	0	416266
28996	400463	3997	1877	2334	0	408671
28997	8207	409911	2445	2210	0	422773
28998	412420	5218	2006	2141	0	421785
28999	409276	3779	2216	2312	0	417583
29000	8534	2782	412050	1921	0	425287
29001	5488	2416	408455	1755	0	418114
29002	3066	407271	7301	1624	0	419262
29003	2564	410894	4495	1601	0	419554
29004	402972	6627	4466	1929	0	415994
29005	390627	3317	2156	1552	0	397652
29006	382410	1553	1744	1291	0	386998
29007	6628	391807	2139	1236	0	401810
29008	4193	3870	1313	390407	0	399783
29009	2864	3805	397440	3319	0	407428
29010	2787	3692	3834	371833	0	382146
29011	2515	397387	3425	3392	0	406719
29012	387374	3323	1411	2204	0	394312
29013	4226	385121	1602	1157	0	392106
29014	3473	3545	1041	375300	0	383359
29015	403008	2305	1049	3759	0	410121
29016	401235	1297	1085	2559	0	406176
29017	6582	2164	403626	898	0	413270
29018	401046	1313	3804	1275	0	407438
29019	428527	1018	2689	1195	0	433429
29020	434303	1082	1359	1240	0	437984
29021	7669	1500	1190	405645	0	416004
29022	4366	421831	1826	3955	0	431978
29023	2927	4695	1070	429745	0	438437
29024	2539	4309	434731	4901	0	446480
29025	2311	443260	5481	3422	0	454474
29026	2234	5098	2990	426142	0	436464
29027	2026	4073	435356	4588	0	446043
29028	1963	434158	5211	3166	0	444498
29029	2503	5145	3160	409301	0	420109
29030	2142	4182	431638	4324	0	442286
29031	357065	1842	5398	4513	0	368818
29032	5876	2102	438430	1322	0	447730
29033	4385	2173	436402	1181	0	444141
29034	2457	440665	7604	1230	0	451956
29035	2495	5358	3516	437990	0	449359
29036	2490	3976	1474	407311	0	415251
29037	2196	435180	2031	6426	0	445833
29038	2753	5338	1376	431122	0	440589
29039	449629	3618	1287	5544	0	460078
29040	450277	1656	1337	3851	0	457121
29041	8871	2438	426612	1788	0	439709
29042	428490	1660	4802	1857	0	436809
29043	448328	1536	3478	1838	0	455180
29044	8961	2213	453566	1525	0	466265
29045	5070	455264	6086	1374	0	467794
29046	2587	458153	4591	1255	0	466586
29047	3357	8822	1970	380691	0	394840
29048	2261	446871	2040	4309	0	455481
29049	2741	7135	415937	3087	0	428900
29050	2960	4946	432944	1491	0	442341
29051	2433	446799	8707	1353	0	459292
29052	441273	6114	4070	1597	0	453054
29053	452593	4376	1675	1712	0	460356
29054	458881	2272	1428	1729	0	464310
29055	459096	2019	1398	1627	0	464140
29056	434277	1940	1435	1696	0	439348
29057	9174	445442	1956	1380	0	457952
29058	5451	7023	439729	1185	0	453388
29059	3298	4475	5642	436682	0	450097
29060	426814	2075	3855	5925	0	438669
29061	6957	427590	2220	4172	0	440939
29062	5311	6821	1522	417524	0	431178
29063	3109	4742	421949	5304	0	435104
29064	2548	413800	6358	3721	0	426427
29065	2056	422029	4285	1598	0	429968
29066	401236	9520	2734	2862	0	416352
29067	5562	404330	1757	1281	0	412930
29068	4453	5378	914	383362	0	394107
29069	385660	3269	1055	4913	0	394897
29070	387079	1452	922	3284	0	392737
29071	389487	1336	900	1409	0	393132
29072	7768	1887	379621	1005	0	390281
29073	3913	384690	5160	1107	0	394870
29074	391161	5040	2912	1365	0	400478
29075	5589	3502	1108	386494	0	396693
29076	392012	1472	975	5240	0	399699
29077	5717	387010	1586	3272	0	397585
29078	405524	5227	945	1455	0	413151
29079	437124	3705	911	1435	0	443175
29080	9923	1630	1004	428823	0	441380
29081	5283	2336	449559	6867	0	464045
29082	3315	1342	6795	455473	0	466925
29083	455048	1208	4283	7675	0	468214
29084	457578	1288	1679	4758	0	465303
29085	11632	452338	2244	1889	0	468103
29086	436742	6928	1382	1655	0	446707
29087	8513	443613	1968	1709	0	455803
29088	442994	7509	1183	1860	0	453546
29089	428187	4623	1357	2242	0	436409
29090	10720	3040	437257	1816	0	452833
29091	5337	434826	7361	1744	0	449268
29092	3039	7824	4388	433643	0	448894
29093	2743	4866	1850	440848	0	450307
29094	2391	2455	1414	415611	0	421871
29095	2008	428777	2213	10725	0	443723
29096	2161	8128	425528	5438	0	441255
29097	2404	5452	433943	1914	0	443713
29098	1923	507775	11758	2218	0	523674
29099	506772	10150	5515	1914	0	524351
29100	10922	6630	509807	1861	0	529220
29101	487876	2462	10709	2086	0	503133
29102	10937	501860	6902	1804	0	521503
29103	6829	11432	506783	1793	0	526837
29104	3323	6187	10378	499424	0	519312
29105	2682	3728	520220	11200	0	537830
29106	2997	2860	531625	6359	0	543841
29107	4286	2190	15434	436064	0	457974
29108	3580	510072	7749	8383	0	529784
29109	2991	525526	3638	5016	0	537171
29110	517335	14652	2657	2116	0	536760
29111	11877	7905	515406	2286	0	537474
29112	509402	2883	11201	1909	0	525395
29113	516614	2257	6797	1833	0	527501
29114	14964	520035	3422	1645	0	540066
29115	497515	10328	1505	1335	0	510683
29116	498468	6035	1364	1460	0	507327
29117	479079	2318	1482	1464	0	484343
29118	14784	471726	2474	1484	0	490468
29119	7240	442598	2151	1370	0	453359
29120	3142	462286	1957	1200	0	468585
29121	454085	13374	3413	1286	0	472158
29122	453320	5981	1758	1668	0	462727
29123	13646	3045	429556	1127	0	447374
29124	6727	2547	422760	895	0	432929
29125	423101	1850	10949	1151	0	437051
29126	436480	1666	4885	1271	0	444302
29127	442242	1583	1991	1447	0	447263
29128	13079	1347	1566	427423	0	443415
29129	6722	1206	1425	437228	0	446581
29130	3553	1409	1540	443500	0	450002
29131	2726	1634	1607	445847	0	451814
29132	2669	2363	421867	11657	0	438556
29133	2831	2006	427667	5150	0	437654
29134	3001	1911	429626	2068	0	436606
29135	2920	1882	423389	1848	0	430039
29136	404991	1460	11807	1883	0	420141
29137	8920	423266	6181	1814	0	440181
29138	5854	436336	3104	1731	0	447025
29139	428541	10943	2174	1630	0	443288
29140	9594	6023	428599	1502	0	445718
29141	5767	3219	421568	1950	0	432504
29142	407669	2408	12385	2134	0	424596
29143	429148	1736	5834	2050	0	438768
29144	11851	431356	3280	1933	0	448420
29145	7105	8005	2175	427896	0	445181
29146	437072	4695	2174	7632	0	451573
29147	444442	2548	2157	4351	0	453498
29148	13410	2268	1978	426687	0	444343
29149	7399	451298	2566	7353	0	468616
29150	452359	8530	1594	4728	0	467211
29151	10133	6445	445690	2433	0	464701
29152	432988	2505	8653	2577	0	446723
29153	10032	444393	6131	2231	0	462787
29154	448611	8538	2750	2406	0	462305
29155	437960	5187	2619	2591	0	448357
29156	12276	3420	447618	2040	0	465354
29157	6480	2927	440990	2005	0	452402
29158	434011	2000	13014	1737	0	450762
29159	450816	2121	6323	1657	0	460917
29160	12393	458741	3996	1323	0	476453
29161	7587	8816	2565	459905	0	478873
29162	4303	5683	461739	8049	0	479774
29163	448469	2398	9684	4541	0	465092
29164	10232	2106	6106	461482	0	479926
29165	7228	1927	3135	470532	0	482822
29166	465400	1940	2547	11516	0	481403
29167	9552	477389	3449	6002	0	496392
29168	483249	8408	2526	3227	0	497410
29169	484513	4891	2749	2239	0	494392
29170	491846	2653	2262	2216	0	498977
29171	13984	483579	3123	2150	0	502836
29172	490619	9044	2096	1986	0	503745
29173	12144	5490	2182	485253	0	505069
29174	8236	2774	2101	488486	0	501597
29175	6239	3004	486498	11847	0	507588
29176	5537	2897	482789	5425	0	496648
29177	4603	484451	12511	2547	0	504112
29178	3979	495278	6221	1795	0	507273
29179	5026	10840	456609	1441	0	473916
29180	3141	467154	8627	1682	0	480604
29181	452718	9111	5515	2765	0	470109
29182	458763	4133	1671	1616	0	466183
29183	465282	1999	1352	1500	0	470133
29184	12143	1785	1237	444205	0	459370
29185	6561	1385	1431	459206	0	468583
29186	3616	1942	463135	10307	0	479000
29187	2337	460670	8045	5265	0	476317
29188	452529	7438	4323	2317	0	466607
29189	8147	463470	2623	1438	0	475678
29190	460356	7721	1397	1434	0	470908
29191	462826	4235	1324	1642	0	470027
29192	12254	1702	1365	450003	0	465324
29193	6773	1373	1543	458996	0	468685
29194	3960	1540	1156	467979	0	474635
29195	3838	2167	448698	11111	0	465814
29196	2658	442867	7514	6113	0	459152
29197	2342	443948	4940	2874	0	454104
29198	1315	363262	1248	1357	0	367182
29199	1232	360005	1302	1262	0	363801
29200	1279	361103	1321	1255	0	364958
29201	320993	5692	1919	1320	0	329924
29202	4199	3518	340614	1071	0	349402
29203	2969	342907	3732	1290	0	350898
29204	1859	4255	326129	952	0	333195
29205	1273	342366	3587	1125	0	348351
29206	2255	6858	2786	250752	0	262651
29207	1610	2804	899	314665	0	319978
29208	1173	331313	1205	4702	0	338393
29209	321723	3585	937	2801	0	329046
29210	3766	3336	323270	1110	0	331482
29211	2868	328390	3498	1233	0	335989
29212	1623	4479	320828	1021	0	327951
29213	1595	2912	3390	316472	0	324369
29214	1646	1635	2397	297794	0	303472
29215	1475	320319	1384	4741	0	327919
29216	1699	3683	867	321810	0	328059
29217	1710	2879	788	319352	0	324729
29218	1389	323030	1294	5291	0	331004
29219	1448	4480	316413	2969	0	325310
29220	1348	3483	315900	1678	0	322409
29221	290130	1845	5102	1639	0	298716
29222	320893	1605	2559	1355	0	326412
29223	5419	1591	1117	314826	0	322953
29224	3126	2231	315603	3888	0	324848
29225	1867	1604	3513	301433	0	308417
29226	1543	322714	2967	4062	0	331286
29227	1544	4597	319108	3352	0	328601
29228	1140	320101	3994	2017	0	327252
29229	1373	4863	315868	1668	0	323772
29230	1016	320586	4222	1527	0	327351
29231	314394	4455	2732	1472	0	323053
29232	3756	3560	1394	312114	0	320824
29233	2946	2190	1171	312718	0	319025
29234	1635	2680	313146	5203	0	322664
29235	1927	2380	303487	3088	0	310882
29236	2495	312015	5557	1847	0	321914
29237	311062	4140	2971	2017	0	320190
29238	3705	3263	1591	306052	0	314611
29239	2708	2626	315317	3735	0	324386
29240	1375	2729	302824	2869	0	309797
29241	268435	1957	5445	1995	0	277832
29242	292136	2096	3010	1827	0	299069
29243	5318	2482	300401	1568	0	309769
29244	3291	2834	3681	279329	0	289135
29245	1702	297794	3360	3555	0	306411
29246	296501	3773	1634	3131	0	305039
29247	3704	298123	1962	1987	0	305776
29248	283784	3402	1427	1928	0	290541
29249	3120	285380	1625	1692	0	291817
29250	2318	289238	1586	1579	0	294721
29251	1668	4787	1157	286427	0	294039
29252	1570	3030	1141	285969	0	291710
29253	1109	289950	1518	4614	0	297191
29254	1470	4208	281026	2622	0	289326
29255	1303	3315	280325	1256	0	286199
29256	1192	2386	279461	1378	0	284417
29257	251055	1568	4743	1796	0	259162
29258	275102	1525	2500	1779	0	280906
29259	4099	288545	1809	1589	0	296042
29260	2295	4776	282575	1324	0	290970
29261	1143	3342	3640	279759	0	287884
29262	905	2493	298506	3915	0	305819
29263	894	2607	305190	2688	0	311379
29264	1121	1992	6029	321442	0	330584
29265	1341	1635	3470	344257	0	350703
29266	956	2476	367283	8039	0	378754
29267	349901	1599	6483	5218	0	363201
29268	6289	394559	5685	2390	0	408923
29269	4634	414152	3182	1646	0	423614
29270	2358	11388	1700	391773	0	407219
29271	412920	6255	1595	6977	0	427747
29272	7632	423034	2487	5509	0	438662
29273	423511	8655	1440	2542	0	436148
29274	8801	430998	2071	1791	0	443661
29275	443868	9860	1343	1869	0	456940
29276	10514	7542	444540	1846	0	464442
29277	7066	4138	453469	1574	0	466247
29278	3702	3857	13329	431794	0	452682
29279	2453	2839	441357	8877	0	455526
29280	2110	416982	10747	5787	0	435626
29281	1735	422429	7021	2711	0	433896
29282	419476	13391	3457	1857	0	438181
29283	9128	7128	2282	394918	0	413456
29284	5686	423115	2763	8734	0	440298
29285	429670	9530	1755	5720	0	446675
29286	423669	6715	1619	2242	0	434245
29287	437892	3217	1276	1697	0	444082
29288	16160	2262	1316	423688	0	443426
29289	8801	1927	1294	432676	0	444698
29290	3931	2723	428383	14262	0	449299
29291	3193	2462	427534	7463	0	440652
29292	416925	1520	14258	3366	0	436069
29293	10950	1566	7426	416321	0	436263
29294	7358	2362	422052	10288	0	442060
29295	410022	1500	10224	7401	0	429147
29296	10507	434357	7857	3538	0	456259
29297	440442	9596	3630	2532	0	456200
29298	444944	6435	2433	2567	0	456379
29299	448786	2605	2200	2678	0	456269
29300	17937	2500	431743	2830	0	455010
29301	429523	1691	10485	2094	0	443793
29302	14258	1870	6928	402727	0	425783
29303	9369	410155	4195	9204	0	432923
29304	5700	438873	3326	6260	0	454159
29305	435128	14145	2613	3162	0	455048
29306	439689	7470	2532	2360	0	452051
29307	447230	3183	2277	2486	0	455176
29308	19222	2575	1902	427796	0	451495
29309	11176	2644	1802	436610	0	452232
29310	6920	2836	1671	413319	0	424746
29311	5480	429833	2303	15911	0	453527
29312	428554	10603	1864	8598	0	449619
29313	436005	7327	1635	4456	0	449423
29314	443463	3530	1702	3847	0	452542
29315	19597	3674	431852	3687	0	458810
29316	440369	3008	10544	3504	0	457425
29317	16323	3288	6912	405322	0	431845
29318	11101	433943	4031	10402	0	459477
29319	435821	11502	2232	7253	0	456808
29320	431561	7746	2296	3969	0	445572
29321	20198	4681	438297	2926	0	466102
29322	12859	2825	11269	417234	0	444187
29323	7215	441017	8458	11282	0	467972
29324	452826	11829	3773	8172	0	476600
29325	15539	8317	2709	450091	0	476656
29326	11957	4198	2720	448959	0	467834
29327	7557	3290	2684	459785	0	473316
29328	6496	3299	2640	475423	0	487858
29329	6095	4047	460104	20583	0	490829
29330	5938	460987	13141	11776	0	491842
29331	6358	12960	8076	457835	0	485229
29332	5666	9717	467023	14869	0	497275
29333	457046	4731	12755	11218	0	485750
29334	479077	3554	8685	6730	0	498046
29335	21202	3692	4717	471861	0	501472
29336	480314	3551	3803	15249	0	502917
29337	489990	3516	3709	11263	0	508478
29338	22966	4122	482326	6551	0	515965
29339	14156	479166	14410	5245	0	512977
29340	485873	13062	8940	5344	0	513219
29341	18302	8544	4781	483706	0	515333
29342	498378	4149	4252	14951	0	521730
29343	19335	3276	4235	489580	0	516426
29344	13856	3584	3851	498650	0	519941
29345	8756	4462	483016	21025	0	517259
29346	428881	3586	13639	13844	0	459950
29347	17189	484854	9749	8068	0	519860
29348	13464	13559	483863	6931	0	517817
29349	8457	488708	14019	6495	0	517679
29350	480776	14246	8983	6046	0	510051
29351	18338	9223	4554	475162	0	507277
29352	478528	4593	3731	15118	0	501970
29353	17888	474340	4676	11025	0	507929
29354	488792	13341	3757	6540	0	512430
29355	494531	8781	3455	5708	0	512475
29356	497966	4305	3305	5600	0	511176
29357	490750	3200	3264	5733	0	502947
29358	24684	477948	4156	5565	0	512353
29359	480892	12787	3166	4848	0	501693
29360	20160	8989	3113	466749	0	499011
29361	15407	6239	2729	455219	0	479594
29362	10401	431974	3487	17729	0	463591
29363	8989	435840	3434	10507	0	458770
29364	8302	430893	3135	5120	0	447450
29365	396138	15805	2840	4910	0	419693
29366	13034	375393	2766	4196	0	395389
29367	8265	342149	2688	3029	0	356131
29368	333304	10934	5205	3147	0	352590
29369	322031	5013	1866	2717	0	331627
29370	12146	322922	2119	2412	0	339599
29371	318439	7462	1407	2344	0	329652
29372	9826	5250	305609	2242	0	322927
29373	296444	2650	6212	2564	0	307870
29374	9647	3135	302477	2621	0	317880
29375	5731	277067	5332	2203	0	290333
29376	3633	280548	3433	2428	0	290042
29377	8377	9378	2898	257481	0	278134
29378	268844	3042	1614	5205	0	278705
29379	272797	1729	1092	3301	0	278919
29380	276240	1987	1165	2096	0	281488
29381	276100	1841	1161	2003	0	281105
29382	269291	1867	1238	2305	0	274701
29383	7157	2313	258263	2161	0	269894
29384	4293	2678	245930	1882	0	254783
29385	254933	2140	4851	2050	0	263974
29386	19683	247666	3025	1701	0	272075
29387	260175	4126	1264	1598	0	267163
29388	267845	2899	902	1627	0	273273
29389	274720	1851	723	1718	0	279012
29390	275126	1506	784	1527	0	278943
29391	274410	1632	820	1773	0	278635
29392	7362	2255	267673	1642	0	278932
29393	270437	1800	3584	2313	0	278134
29394	276835	1704	2499	2252	0	283290
29395	6791	2690	262371	2072	0	273924
29396	251217	2414	3046	2105	0	258782
29397	269448	2709	2376	1823	0	276356
29398	6835	3228	278073	1617	0	289753
29399	4861	2812	275395	1671	0	284739
29400	4087	283591	5112	1530	0	294320
29401	4526	4611	2458	280503	0	292098
29402	4420	3684	284776	3603	0	296483
29403	282830	1954	3569	2585	0	290938
29404	6920	1809	2560	301117	0	312406
29405	4968	2482	309260	3889	0	320599
29406	299966	1673	4617	2728	0	308984
29407	314095	1979	2938	1539	0	320551
29408	316735	2140	1412	1539	0	321826
29409	7865	322903	1667	1862	0	334297
29410	5793	4909	928	309610	0	321240
29411	4108	324854	1662	4187	0	334811
29412	326321	4768	1378	3061	0	335528
29413	323686	3205	1627	1616	0	330134
29414	8539	2549	321696	1025	0	333809
29415	5056	311489	4419	890	0	321854
29416	3106	313247	3330	766	0	320449
29417	3371	5614	1662	305458	0	316105
29418	3369	3131	1263	310376	0	318139
29419	306119	1748	968	5086	0	313921
29420	6303	307198	1180	3212	0	317893
29421	5217	307000	1083	1089	0	314389
29422	5138	5867	300755	966	0	312726
29423	3776	311986	3844	717	0	320323
29424	304033	4023	2591	1016	0	311663
29425	6082	3431	301440	750	0	311703
29426	259105	1382	3457	1385	0	265329
29427	4795	1610	290073	821	0	297299
29428	236983	868	2813	1325	0	241989
29429	3414	281236	2061	652	0	287363
29430	284940	2722	818	774	0	289254
29431	3764	2520	292799	406	0	299489
29432	288309	971	3275	1145	0	293700
29433	294307	658	2013	827	0	297805
29434	4641	1380	302792	314	0	309127
29435	293902	786	2580	780	0	298048
29436	306710	618	1755	654	0	309737
29437	300741	608	653	743	0	302745
29438	4796	295565	992	477	0	301830
29439	299265	2684	627	803	0	303379
29440	3983	2481	308928	387	0	315779
29441	2527	323358	3317	565	0	329767
29442	326576	3276	2155	785	0	332792
29443	324645	2015	854	718	0	328232
29444	329204	674	628	680	0	331186
29445	5607	328658	1049	629	0	335943
29446	3155	3705	540	372280	0	379680
29447	1455	3174	373767	4818	0	383214
29448	1458	845	5300	372430	0	380033
29449	1461	1593	388415	6109	0	397578
29450	351219	709	6129	3715	0	361772
29451	6464	391304	4215	984	0	402967
29452	4562	6089	1030	376573	0	388254
29453	1662	398632	1315	5341	0	406950
29454	1824	6647	732	395844	0	405047
29455	1611	3981	759	393515	0	399866
29456	1392	410347	1511	9333	0	422583
29457	1852	7120	754	413310	0	423036
29458	1790	4414	782	421859	0	428845
29459	1323	429633	1541	10755	0	443252
29460	1379	442381	1490	5314	0	450564
29461	1876	11663	927	435517	0	449983
29462	1690	5962	436969	8672	0	453293
29463	1505	443382	8621	5434	0	458942
29464	1961	8850	4589	436493	0	451893
29465	2021	6279	460133	8894	0	477327
29466	1412	464697	9472	5793	0	481374
29467	459413	9526	5220	2485	0	476644
29468	9483	6536	460127	1917	0	478063
29469	447661	2460	9117	2014	0	461252
29470	10005	2051	5368	455499	0	472923
29471	6169	1856	1761	463908	0	473694
29472	2523	2038	1379	466532	0	472472
29473	1917	2707	456470	14470	0	475564
29474	1941	2691	452802	6796	0	464230
29475	411639	2159	13760	3374	0	430932
29476	9842	1910	6322	452405	0	470479
29477	6133	2852	457037	10264	0	476286
29478	436673	2135	9684	6778	0	455270
29479	10261	1998	5973	451292	0	469524
29480	6706	2226	2403	457547	0	468882
29481	3284	2049	2021	449949	0	457303
29482	2311	456462	2713	14871	0	476357
29483	3060	10092	1890	428629	0	443671
29484	2270	449354	2424	10440	0	464488
29485	2156	463033	2532	7113	0	474834
29486	452328	13921	2240	3694	0	472183
29487	431334	6917	2511	3319	0	444081
29488	452481	2730	2060	3499	0	460770
29489	14207	440657	2848	3544	0	461256
29490	441586	10130	2103	3461	0	457280
29491	445115	6343	2260	3389	0	457107
29492	14982	2765	2373	432207	0	452327
29493	7727	2496	2168	439581	0	451972
29494	3508	3118	429285	15686	0	451597
29495	2673	435089	10596	8486	0	456844
29496	426619	10341	6321	4274	0	447555
29497	424566	6725	2736	3912	0	437939
29498	13645	424023	3071	3710	0	444449
29499	423544	10146	2227	3976	0	439893
29500	422010	6340	1997	4133	0	434480
29501	14579	3488	2174	403052	0	423293
29502	7463	408128	2802	10585	0	428978
29503	3760	420013	2703	7533	0	434009
29504	406891	13332	2030	4481	0	426734
29505	11059	7224	1818	400000	0	420101
29506	6672	3874	396272	11126	0	417944
29507	367585	3113	9468	8197	0	388363
29508	10371	3577	404131	4609	0	422688
29509	6710	392220	9826	4016	0	412772
29510	388282	9513	6018	4383	0	408196
29511	10300	7053	388138	8044	0	413535
29512	7243	4023	9083	393332	0	413681
29513	4137	3614	409606	10916	0	428273
29514	3395	410935	10332	8156	0	432818
29515	4384	10230	5988	406784	0	427386
29516	3686	7725	407183	11014	0	429608
29517	364393	3913	9109	8683	0	386098
29518	9883	414868	6568	5113	0	436432
29519	7306	10194	2922	383831	0	404253
29520	3816	418778	3330	10189	0	436113
29521	410594	10795	2574	7151	0	431114
29522	408765	7181	2319	5134	0	423399
29523	13074	410784	3357	5082	0	432297
29524	7817	10111	2645	391166	0	411739
29525	3816	414561	3254	10070	0	431701
29526	409911	10346	2754	7406	0	430417
29527	405148	7105	6994	4509	0	423756
29528	13563	5052	406549	4194	0	429358
29529	7485	405215	9293	4188	0	426181
29530	4210	418778	7176	3672	0	433836
29531	4474	12859	3219	404088	0	424640
29532	401984	7016	2808	9748	0	421556
29533	405240	3502	2997	6861	0	418600
29534	394173	2875	2699	4149	0	403896
29535	14473	399904	3526	3969	0	421872
29536	8331	8952	2673	381925	0	401881
29537	4796	403065	3229	9639	0	420729
29538	399460	9289	2946	7335	0	419030
29539	11109	6126	2731	395427	0	415393
29540	7697	3479	381839	9589	0	402604
29541	4222	374632	8747	6753	0	394354
29542	363095	8144	5434	3654	0	380327
29543	9267	6319	364883	2712	0	383181
29544	348724	3272	6998	3478	0	362472
29545	9494	358284	4910	3535	0	376223
29546	4597	321712	1821	1917	0	330047
29547	309999	7329	1246	1747	0	320321
29548	5840	319466	1538	1754	0	328598
29549	303656	4966	1231	1567	0	311420
29550	5192	306821	1453	1284	0	314750
29551	305656	4857	1461	1461	0	313435
29552	304909	3084	1271	1151	0	310415
29553	6768	2395	306035	1184	0	316382
29554	3798	1988	298286	943	0	305015
29555	2016	300450	5116	1090	0	308672
29556	291263	3698	3488	1211	0	299660
29557	3847	2890	285437	876	0	293050
29558	264442	1492	2603	1025	0	269562
29559	2923	1509	1932	266510	0	272874
29560	2015	1220	270985	1902	0	276122
29561	1207	1128	259100	1370	0	262805
29562	1170	1194	271865	746	0	274975
29563	845	271923	2707	523	0	275998
29564	3244	5153	2865	256356	0	267618
29565	250869	680	471	1314	0	253334
29566	1007	313	215	253194	0	254729
29567	255167	202	251	1251	0	256871
29568	1084	268	246	255950	0	257548
29569	257192	270	191	1549	0	259202
29570	254002	320	363	1288	0	255973
29571	283883	237	232	623	0	284975
29572	2434	290651	529	431	0	294045
29573	1534	2571	290729	334	0	295168
29574	823	1365	1912	291572	0	295672
29575	2528	3245	2791	184663	0	193227
29576	660	389	329	302018	0	303396
29577	651	379	266	297048	0	298344
29578	548	289371	589	3880	0	294388
29579	656	2931	284866	2148	0	290601
29580	480	293583	2870	923	0	297856
29581	793	3184	1756	267179	0	272912
29582	517	1854	524	294380	0	297275
29583	671	667	329	297144	0	298811
29584	709	522	359	293540	0	295130
29585	451	287269	780	4270	0	292770
29586	532	289345	741	2323	0	292941
29587	785	4516	282059	1022	0	288382
29588	670	1995	2605	284846	0	290116
29589	645	834	1818	289941	0	293238
29590	637	755	534	297707	0	299633
29591	294627	795	387	5018	0	300827
29592	3012	297478	798	2660	0	303948
29593	2372	3593	293349	1155	0	300469
29594	290346	1994	2831	1233	0	296404
29595	3238	809	1813	298454	0	304314
29596	305761	693	544	3773	0	310771
29597	3570	679	500	307269	0	312018
29598	309499	713	488	3682	0	314382
29599	3554	792	517	308329	0	313192
29600	303557	663	731	3796	0	308747
29601	3656	1323	312484	2575	0	320038
29602	2826	674	2964	303033	0	309497
29603	1244	318173	2540	3258	0	325215
29604	1262	3160	744	321162	0	326328
29605	318715	2359	680	3978	0	325732
29606	3489	321120	1218	2800	0	328627
29607	2839	3661	678	329938	0	337116
29608	1056	331326	1168	4259	0	337809
29609	1270	4315	614	334134	0	340333
29610	1200	2961	522	336483	0	341166
29611	1169	1710	328771	6655	0	338305
29612	1281	876	4086	318775	0	325018
29613	1077	1479	313212	5020	0	320788
29614	794	307227	4932	3912	0	316865
29615	304735	4216	2877	2015	0	313843
29616	4560	3498	307641	1783	0	317482
29617	296780	1094	4374	1901	0	304149
29618	315788	753	2950	1740	0	321231
29619	7017	786	1166	318765	0	327734
29620	3410	1500	332093	5285	0	342288
29621	318532	810	5316	4134	0	328792
29622	349088	645	3451	2396	0	355580
29623	8193	700	1241	339127	0	349261
29624	4461	766	942	341216	0	347385
29625	1700	343945	1449	8644	0	355738
29626	1665	5982	940	335471	0	344058
29627	1200	346770	1529	6266	0	355765
29628	1392	6427	339791	4688	0	352298
29629	1366	3890	4862	334357	0	344475
29630	327048	1083	3421	6504	0	338056
29631	332748	874	890	4566	0	339078
29632	7287	332925	1264	2306	0	343782
29633	3986	5288	745	335672	0	345691
29634	337727	3431	699	6007	0	347864
29635	5276	331530	1382	4292	0	342480
29636	335757	5219	586	2489	0	344051
29637	6123	3547	612	347502	0	357784
29638	366573	1343	687	6816	0	375419
29639	7108	2003	401952	5209	0	416272
29640	4463	406336	8010	2258	0	421067
29641	401915	7706	4601	2266	0	416488
29642	7486	421722	2072	2244	0	433524
29643	429845	8024	962	2355	0	441186
29644	438868	4877	763	2422	0	446930
29645	13049	2556	438362	2056	0	456023
29646	6613	1287	8379	429965	0	446244
29647	446659	1294	4934	9469	0	462356
29648	9538	2110	443713	5960	0	461321
29649	444373	1313	8831	2633	0	457150
29650	10318	1298	5052	446433	0	463101
29651	6343	2129	442600	9673	0	460745
29652	2745	1132	8775	440505	0	453157
29653	431842	1153	5360	10408	0	448763
29654	9920	2051	438799	6286	0	457056
29655	6753	1323	8659	439671	0	456406
29656	3186	1279	5406	446116	0	455987
29657	446508	907	1983	14267	0	463665
29658	443139	910	1691	7413	0	453153
29659	13647	447839	2304	3483	0	467273
29660	7815	8623	1438	442518	0	460394
29661	3944	5502	1751	446846	0	458043
29662	3579	1898	1682	445658	0	452817
29663	434298	1409	1893	14897	0	452497
29664	440230	1699	2144	7502	0	451575
29665	15716	2106	1651	424414	0	443887
29666	8694	427303	2173	10036	0	448206
29667	5175	10137	1637	398879	0	415828
29668	4301	431554	2442	9700	0	447997
29669	421968	9292	1868	7317	0	440445
29670	11372	419493	3054	3704	0	437623
29671	396536	8213	2211	3198	0	410158
29672	11590	5717	1957	385969	0	405233
29673	387123	1939	2302	9362	0	400726
29674	10985	2204	379194	6955	0	399338
29675	7544	385473	8926	4257	0	406200
29676	383443	8269	6713	3864	0	402289
29677	387913	4824	2840	3747	0	399324
29678	13831	1973	2248	365890	0	383942
29679	7701	376735	3043	9581	0	397060
29680	4927	7485	2217	391574	0	406203
29681	4708	4775	2126	392731	0	404340
29682	5040	2196	2026	393571	0	402833
29683	388792	2128	1962	13868	0	406750
29684	392592	2288	1771	8467	0	405118
29685	14574	2243	1632	366135	0	384584
29686	8470	383368	2341	10486	0	404665
29687	389242	7761	1713	8209	0	406925
29688	11427	5864	385609	5399	0	408299
29689	9040	2904	7514	388692	0	408150
29690	5474	3056	390689	11321	0	410540
29691	5164	2946	7916	389018	0	405044
29692	4850	3603	389094	11351	0	408898
29693	5110	3125	8241	385629	0	402105
29694	386966	3074	5221	11162	0	406423
29695	386121	3139	2302	8132	0	399694
29696	15093	375645	2835	4947	0	398520
29697	387709	8720	1978	5010	0	403417
29698	12605	6378	2249	380012	0	401244
29699	9477	3483	2481	381751	0	397192
29700	383896	3447	2801	13652	0	403796
29701	12582	3737	373252	8270	0	397841
29702	9794	3709	373074	5305	0	391882
29703	6523	3655	368646	5570	0	384394
29704	353270	3008	11434	6224	0	373936
29705	11879	3179	376678	6216	0	397952
29706	9340	3129	362224	6622	0	381315
29707	342803	2569	11145	6108	0	362625
29708	11277	361300	6513	6447	0	385537
29709	9121	7566	3070	363494	0	383251
29710	6408	5579	2583	370726	0	385296
29711	5833	3829	370049	13296	0	393007
29712	363596	2450	8109	9109	0	383264
29713	374688	2186	6233	6529	0	389636
29714	347659	2246	4101	6739	0	360745
29715	12460	2674	372815	6286	0	394235
29716	355440	2056	8612	7001	0	373109
29717	11304	2893	353785	6311	0	374293
29718	8846	355253	8297	6165	0	378561
29719	6583	360340	5729	5682	0	378334
29720	341209	9331	3116	5366	0	359022
29721	9327	337210	3156	5543	0	355236
29722	7374	337164	3012	5709	0	353259
29723	331344	8566	2677	5913	0	348500
29724	9076	333419	3420	5388	0	351303
29725	333541	6616	2929	4887	0	347973
29726	10334	4637	3213	334459	0	352643
29727	8022	2841	3342	339834	0	354039
29728	5783	2887	3386	342483	0	354539
29729	5474	3050	3485	330375	0	342384
29730	5161	333455	4414	10535	0	353565
29731	334824	6928	3708	6504	0	351964
29732	9654	359622	3931	4628	0	377835
29733	7725	363233	4067	5479	0	380504
29734	5808	10984	371447	5130	0	393369
29735	348529	4985	9912	5194	0	368620
29736	11546	3296	390598	3890	0	409330
29737	8885	2851	395942	3495	0	411173
29738	4804	382005	11085	3370	0	401264
29739	2021	370272	4941	1951	0	379185
29740	361580	8816	3808	2010	0	376214
29741	7063	377269	2409	2385	0	389126
29742	4547	7358	385618	1630	0	399153
29743	1904	337887	8127	1466	0	349384
29744	1695	6423	375717	1228	0	385063
29745	1385	3639	365000	751	0	370775
29746	342147	1538	9663	1044	0	354392
29747	6449	1595	361987	1033	0	371064
29748	3615	830	6827	338869	0	350141
29749	340054	615	3805	5673	0	350147
29750	5671	339496	2527	3631	0	351325
29751	3332	6116	348935	1461	0	359844
29752	342831	2823	6406	946	0	353006
29753	6580	1127	3556	311324	0	322587
29754	3479	313408	2218	5548	0	324653
29755	1536	5736	336013	3096	0	346381
29756	324997	2855	6311	1272	0	335435
29757	6326	1499	339936	925	0	348686
29758	3865	641	6835	323834	0	335175
29759	1545	1167	333891	6011	0	342614
29760	1381	557	6839	327496	0	336273
29761	323177	505	3622	6585	0	333889
29762	5817	332344	2273	3818	0	344252
29763	336256	5764	1224	1617	0	344861
29764	6876	3599	336760	910	0	348145
29765	4058	1115	6450	323619	0	335242
29766	1676	1313	345857	6034	0	354880
29767	336918	823	7267	3399	0	348407
29768	342672	660	3894	1400	0	348626
29769	9198	347170	2372	999	0	359739
29770	351432	6334	1331	1006	0	360103
29771	352813	3362	1290	867	0	358332
29772	10118	1270	1140	340762	0	353290
29773	4884	1325	346114	6631	0	358954
29774	2077	332406	7232	3671	0	345386
29775	2140	6528	3647	326670	0	338985
29776	333982	3596	1727	6356	0	345661
29777	7054	1770	337410	3695	0	349929
29778	4059	1325	338656	1344	0	345384
29779	1800	1348	332702	1027	0	336877
29780	318728	845	10329	1133	0	331035
29781	7145	1329	329494	867	0	338835
29782	318521	889	8035	909	0	328354
29783	7763	1254	300044	894	0	309955
29784	4205	320107	7825	1002	0	333139
29785	2381	6560	4212	314374	0	327527
29786	1568	3915	319370	6440	0	331293
29787	1366	311871	8101	3610	0	324948
29788	1237	320086	4982	1527	0	327832
29789	1940	9489	2118	310328	0	323875
29790	310548	4357	1694	6583	0	323182
29791	7032	2065	1686	312225	0	323008
29792	306622	1714	1533	7206	0	317075
29793	7724	1653	1510	307757	0	318644
29794	4296	1850	306083	7398	0	319627
29795	2321	1744	308382	3992	0	316439
29796	294533	1122	10284	2140	0	308079
29797	299977	1120	5328	1676	0	308101
29798	9986	1753	295180	1697	0	308616
29799	285881	1274	7987	1383	0	296525
29800	8324	1952	293316	1137	0	304729
29801	4994	278314	9228	1195	0	293731
29802	2928	280341	5934	1145	0	290348
29803	2583	279057	3919	1147	0	286706
29804	3015	9893	2875	268227	0	284010
29805	268657	4857	2774	6441	0	282729
29806	273094	2691	2660	3753	0	282198
29807	10699	2305	2423	266339	0	281766
29808	5412	2610	255749	6875	0	270646
29809	3452	1922	8162	253337	0	266873
29810	2679	2052	253671	7529	0	265931
29811	3032	1588	9237	247640	0	261497
29812	245452	1052	6034	7970	0	260508
29813	251042	1085	3666	4603	0	260396
29814	252486	1036	3278	2648	0	259448
29815	252661	1210	3047	2129	0	259047
29816	11792	1107	2791	240986	0	256676
29817	6593	1173	2594	247685	0	258045
29818	243680	1282	2439	10019	0	257420
29819	249244	1288	2194	4881	0	257607
29820	11873	1222	2193	241524	0	256812
29821	6692	1255	2018	245868	0	255833
29822	4093	1233	2026	243154	0	250506
29823	3631	1175	2227	244538	0	251571
29824	236244	993	2346	11044	0	250627
29825	8328	1301	232558	5999	0	248186
29826	5721	955	7497	227038	0	241211
29827	226211	896	4692	8100	0	239899
29828	8405	1338	223687	5232	0	238662
29829	6116	1259	7438	222539	0	237352
29830	3810	1329	224125	7741	0	237005
29831	3162	212483	8641	4482	0	228768
29832	4008	5688	4999	185355	0	200050
29833	174303	2803	2967	5628	0	185701
29834	6110	3716	2301	154362	0	166489
29835	4158	152524	2135	5230	0	164047
29836	2683	141179	1845	2985	0	148692
29837	1948	111937	1267	1455	0	116607
29838	1919	104444	1482	1363	0	109208
29839	58084	7216	5847	5061	0	76208
29840	3516	2635	1521	41415	0	49087
29841	779	236	33594	1155	0	35764
29842	491	177	989	31047	0	32704
29843	518	166	30630	1093	0	32407
29844	30197	122	956	666	0	31941
29845	1264	121	556	29878	0	31819
29846	946	108	242	30519	0	31815
29847	542	135	216	30628	0	31521
29848	507	170	185	30859	0	31721
29849	29849	179	150	1431	0	31609
29850	30396	153	160	799	0	31508
29851	1421	154	147	29831	0	31553
29852	29372	138	145	1238	0	30893
29853	1025	160	28691	890	0	30766
29854	626	28160	944	638	0	30368
29855	471	753	511	28108	0	29843
29856	429	388	312	27214	0	28343
29857	355	27432	338	1450	0	29575
29858	528	719	233	27459	0	28939
29859	371	921	338	27334	0	28964
29860	26944	104	270	1415	0	28733
29861	938	143	25562	667	0	27310
29862	516	177	23888	337	0	24918
29863	22596	105	993	410	0	24104
29864	882	133	21436	317	0	22768
29865	11422	194	754	168	0	12538
29866	9599	40	302	158	0	10099
29867	555	289	136	7563	0	8543
29868	124	52	5731	261	0	6168
29869	4396	60	169	126	0	4751
29870	183	4344	101	62	0	4690
29871	2762	267	292	136	0	3457
29872	1873	105	249	139	0	2366
29873	920	20	31	24	0	995
29874	360	4	6	20	0	390
29875	271	45	31	12	0	359
29876	237	15	8	12	0	272
29877	226	1	8	15	0	250
29878	210	17	2	14	0	243
29879	219	2	3	18	0	242
29880	219	2	3	16	0	240
29881	216	2	3	12	0	233
29882	221	2	4	12	0	239
29883	201	3	7	10	0	221
29884	207	2	5	6	0	220
29885	196	3	9	8	0	216
29886	199	8	6	4	0	217
29887	180	4	3	12	0	199
29888	180	4	3	12	0	199
29889	177	8	3	7	0	195
29890	167	4	2	15	0	188
29891	162	6	1	12	0	181
29892	165	4	2	7	0	178
29893	158	4	9	7	0	178
29894	155	1	10	4	0	170
29895	160	0	6	3	0	169
29896	155	2	13	1	0	171
29897	153	2	5	3	0	163
29898	158	1	3	4	0	166
29899	153	1	3	5	0	162
29900	105	3	8	2	0	118
29901	83	1	2	7	0	93
29902	60	8	2	5	0	75
29903	36	2	1	4	0	43
29904	12	3	1	1	0	17
29905	15	1	1	2	0	19
29906	15	0	1	3	0	19
29907	14	1	1	3	0	19
29908	16	0	3	1	0	20
29909	13	1	1	2	0	17
29910	14	1	1	1	0	17
29911	14	0	0	3	0	17
29912	13	0	1	2	0	16
29913	15	1	0	1	0	17
29914	14	0	0	2	0	16
29915	13	1	0	2	0	16
29916	13	0	0	2	0	15
29917	13	0	1	1	0	15
29918	13	0	1	0	0	14
29919	14	0	0	0	0	14
29920	11	0	1	1	0	13
29921	9	0	0	0	0	9
29922	7	0	1	0	0	8
29923	2	0	0	0	0	2
