Pos	A	C	G	T	Other	Total
1	0	0	0	0	0	0
2	0	0	0	0	0	0
3	0	0	0	0	0	0
4	3	0	0	0	0	3
5	3	0	0	0	0	3
6	3	0	0	0	0	3
7	0	0	3	0	0	3
8	0	0	4	0	0	4
9	0	0	0	4	0	4
10	0	0	0	5	0	5
11	0	0	0	7	0	7
12	13	0	0	0	0	13
13	0	0	0	37	0	37
14	83	0	0	1	0	84
15	0	159	0	0	0	159
16	0	301	0	0	0	301
17	1	0	0	730	0	731
18	1	0	0	786	0	787
19	0	1001	0	3	0	1004
20	0	1086	0	4	0	1090
21	0	1211	0	2	0	1213
22	1290	1	0	1	0	1292
23	1	0	1297	0	0	1298
24	0	0	1291	0	0	1291
25	0	0	1	1392	0	1393
26	1489	0	0	3	0	1492
27	1497	0	0	0	0	1497
28	1	1485	0	0	0	1486
29	1717	1	0	5	0	1723
30	1820	0	0	2	0	1822
31	1853	0	0	2	0	1855
32	1	1845	0	1	0	1847
33	0	1900	0	3	0	1903
34	1977	1	0	0	0	1978
35	2000	0	0	1	0	2001
36	1	2022	1	1	0	2025
37	0	2129	0	3	0	2132
38	2166	1	0	0	0	2167
39	2181	0	0	0	0	2181
40	1	2202	0	2	0	2205
41	0	1	0	2298	0	2299
42	0	0	0	2318	0	2318
43	1	0	0	2317	0	2318
44	0	2323	0	4	0	2327
45	0	1	2302	0	0	2303
46	2183	0	1	1	0	2185
47	2	0	0	2368	0	2370
48	0	2367	0	2	0	2369
49	0	1	0	2399	0	2400
50	0	2400	0	1	0	2401
51	0	1	0	2430	0	2431
52	0	0	0	2457	0	2457
53	0	0	2481	1	0	2482
54	0	0	1	2457	0	2458
55	2484	0	0	2	0	2486
56	1	0	2476	0	0	2477
57	2434	0	1	1	0	2436
58	1	0	0	2510	0	2511
59	0	2526	0	1	0	2527
60	0	1	0	2563	0	2564
61	1	0	2589	1	0	2591
62	0	0	1	2544	0	2545
63	0	0	0	2595	0	2595
64	0	2635	0	1	0	2636
65	0	1	0	2672	0	2673
66	2	2632	0	4	0	2638
67	0	1	0	2674	0	2675
68	2678	0	0	1	0	2679
69	2659	0	0	0	0	2659
70	2686	0	0	1	0	2687
71	3	2709	0	2	0	2714
72	1	1	2699	0	0	2701
73	2644	0	3	1	0	2648
74	2801	0	1	1	0	2803
75	5	2889	0	1	0	2895
76	1	5	0	2342	0	2348
77	0	1	0	2387	0	2388
78	0	0	0	2200	0	2200
79	2229	0	0	13	0	2242
80	2249	0	0	2	0	2251
81	2244	0	0	0	0	2244
82	2278	0	0	1	0	2279
83	12	0	0	2271	0	2283
84	2	2268	0	13	0	2283
85	0	9	0	2319	0	2328
86	1	2	2330	11	0	2344
87	2	0	10	2390	0	2402
88	5	0	2477	16	0	2498
89	5	0	17	2482	0	2504
90	1	0	2549	19	0	2569
91	2	3	2540	5	0	2550
92	0	2648	19	3	0	2670
93	0	16	5	2771	0	2792
94	1	3	2870	20	0	2894
95	1	0	23	2843	0	2867
96	1	2870	3	22	0	2896
97	2908	19	3	5	0	2935
98	18	2982	4	3	0	3007
99	3	20	1	2963	0	2987
100	0	3019	2	20	0	3041
101	6	19	2960	1	0	2986
102	2	5	2938	4	0	2949
103	0	2983	23	3	0	3009
104	2	20	3	3060	0	3085
105	2	10	3066	19	0	3097
106	1	3042	25	5	0	3073
107	3072	26	5	1	0	3104
108	19	8	3	3093	0	3123
109	3	1	3162	20	0	3186
110	1	3167	19	6	0	3193
111	3	22	3	3187	0	3215
112	5	7	3	3192	0	3207
113	3157	5	1	27	0	3190
114	21	5	3138	7	0	3171
115	4	4	20	3101	0	3129
116	2	3	3035	20	0	3060
117	3	2830	22	6	0	2861
118	2769	23	7	3	0	2802
119	17	2718	2	8	0	2745
120	4	20	6	2626	0	2656
121	1	2618	5	19	0	2643
122	2574	20	1	6	0	2601
123	20	2573	5	3	0	2601
124	3	22	2531	5	0	2561
125	3	2546	20	1	0	2570
126	2490	23	3	4	0	2520
127	24	6	2536	5	0	2571
128	7	4	23	2544	0	2578
129	2475	2	10	22	0	2509
130	22	4	2	2428	0	2456
131	2451	1	7	22	0	2481
132	2468	6	3	7	0	2484
133	32	2	1	2443	0	2478
134	6	4	4	2450	0	2464
135	2411	3	0	29	0	2443
136	2409	3	1	7	0	2420
137	28	3	0	2360	0	2391
138	2363	3	1	26	0	2393
139	2381	4	2	5	0	2392
140	30	2370	1	10	0	2411
141	8	26	1	2377	0	2412
142	2384	3	4	26	0	2417
143	2413	3	1	8	0	2425
144	31	2	1	2375	0	2409
145	13	1	1	2412	0	2427
146	2389	1	0	28	0	2418
147	30	2389	2	10	0	2431
148	6	23	0	2383	0	2412
149	9	6	2384	29	0	2428
150	10	2	23	2338	0	2373
151	6	2364	3	29	0	2402
152	5	23	2348	10	0	2386
153	8	2	25	2325	0	2360
154	9	4	4	2259	0	2276
155	5	4	2349	28	0	2386
156	2238	2	27	10	0	2277
157	27	2390	5	10	0	2432
158	2404	26	3	6	0	2439
159	28	3	2359	8	0	2398
160	8	3	2420	8	0	2439
161	2293	4	28	4	0	2329
162	28	2398	6	4	0	2436
163	2388	25	5	9	0	2427
164	21	2374	7	7	0	2409
165	10	25	2387	4	0	2426
166	2333	10	26	3	0	2372
167	26	4	2430	3	0	2463
168	9	3	23	2402	0	2437
169	2384	3	9	29	0	2425
170	2378	3	6	8	0	2395
171	29	2354	4	5	0	2392
172	9	69	4	2262	0	2344
173	8	2309	2	23	0	2342
174	4	20	2299	6	0	2329
175	4	22	27	2107	0	2160
176	10	2124	6	20	0	2160
177	6	24	4	2039	0	2073
178	1962	3	5	19	0	1989
179	16	3	4	1995	0	2018
180	3	1997	4	14	0	2018
181	6	14	3	1998	0	2021
182	4	6	4	1991	0	2005
183	4	1994	3	17	0	2018
184	6	21	3	1996	0	2026
185	6	4	1975	16	0	2001
186	6	1936	11	12	0	1965
187	1839	11	5	5	0	1860
188	13	2	1821	1	0	1837
189	3	2	1775	2	0	1782
190	2	1742	10	4	0	1758
191	14	22	8	1661	0	1705
192	3	2	1619	10	0	1634
193	4	1399	12	4	0	1419
194	1	11	0	1440	0	1452
195	3	0	2	1462	0	1467
196	1435	4	0	5	0	1444
197	5	1437	2	2	0	1446
198	1	6	1362	4	0	1373
199	4	1	1377	0	0	1382
200	2	3	6	1342	0	1353
201	1	2	1	1564	0	1568
202	1	0	2	1590	0	1593
203	2	1849	0	24	0	1875
204	0	39	1939	11	0	1989
205	1	11	32	2075	0	2119
206	2	2188	11	39	0	2240
207	0	2292	8	22	0	2322
208	4	76	2450	9	0	2539
209	0	24	70	2447	0	2541
210	1	12	2774	71	0	2858
211	2	4	90	2778	0	2874
212	1	0	35	2896	0	2932
213	2	3	2819	107	0	2931
214	0	2795	86	46	0	2927
215	2789	80	32	21	0	2922
216	77	32	2805	12	0	2926
217	29	2772	85	10	0	2896
218	14	2877	32	6	0	2929
219	7	110	2770	6	0	2893
220	2721	42	88	11	0	2862
221	87	20	37	2620	0	2764
222	29	2777	24	81	0	2911
223	2786	86	9	38	0	2919
224	90	36	14	2696	0	2836
225	31	2756	11	85	0	2883
226	2793	86	9	31	0	2919
227	91	39	2711	20	0	2861
228	32	2733	89	11	0	2865
229	2680	93	39	8	0	2820
230	84	2696	17	16	0	2813
231	2656	101	14	6	0	2777
232	99	48	8	2568	0	2723
233	39	2586	10	80	0	2715
234	22	96	14	2603	0	2735
235	2583	40	14	95	0	2732
236	87	23	2536	49	0	2695
237	37	22	2604	26	0	2689
238	26	17	116	2492	0	2651
239	13	22	51	2565	0	2651
240	21	18	25	2525	0	2589
241	11	2443	22	127	0	2603
242	12	89	2415	53	0	2569
243	9	45	85	2384	0	2523
244	17	2359	43	83	0	2502
245	13	2480	31	43	0	2567
246	13	111	2415	29	0	2568
247	16	56	2445	20	0	2537
248	15	28	2521	11	0	2575
249	10	26	125	2417	0	2578
250	13	22	2475	90	0	2600
251	19	16	99	2459	0	2593
252	14	21	2462	103	0	2600
253	2375	25	102	41	0	2543
254	85	2500	51	25	0	2661
255	40	2707	30	26	0	2803
256	28	127	2806	22	0	2983
257	2765	59	107	19	0	2950
258	2881	33	56	17	0	2987
259	2898	20	41	20	0	2979
260	154	14	2731	21	0	2920
261	65	12	2841	22	0	2940
262	33	18	152	2755	0	2958
263	2774	21	66	118	0	2979
264	2848	18	44	55	0	2965
265	141	22	2730	40	0	2933
266	2772	35	110	22	0	2939
267	127	24	61	2712	0	2924
268	55	23	2759	114	0	2951
269	34	20	2811	58	0	2923
270	2685	26	161	40	0	2912
271	113	14	2782	32	0	2941
272	2738	13	157	30	0	2938
273	126	14	2780	38	0	2958
274	63	2626	146	30	0	2865
275	52	2810	63	28	0	2953
276	28	145	53	2708	0	2934
277	29	64	53	2830	0	2976
278	30	40	2746	151	0	2967
279	32	39	133	2695	0	2899
280	29	2639	79	129	0	2876
281	41	2750	51	56	0	2898
282	38	2846	51	26	0	2961
283	37	160	40	2725	0	2962
284	49	73	2700	122	0	2944
285	28	42	2778	62	0	2910
286	29	47	155	2701	0	2932
287	36	25	88	2777	0	2926
288	46	20	43	2672	0	2781
289	34	2684	43	149	0	2910
290	2697	120	31	70	0	2918
291	2763	69	35	43	0	2910
292	157	2704	35	33	0	2929
293	69	124	2715	30	0	2938
294	2723	61	123	33	0	2940
295	136	31	2750	36	0	2953
296	2740	29	150	24	0	2943
297	2799	24	74	35	0	2932
298	2811	19	48	46	0	2924
299	2787	26	36	36	0	2885
300	168	2699	38	39	0	2944
301	2465	106	24	42	0	2637
302	125	2478	34	34	0	2671
303	2166	88	22	27	0	2303
304	85	2083	30	26	0	2224
305	48	68	1863	15	0	1994
306	26	210	69	1532	0	1837
307	23	1672	41	59	0	1795
308	28	1536	13	21	0	1598
309	1332	67	72	50	0	1521
310	1179	15	8	7	0	1209
311	43	1196	6	6	0	1251
312	27	27	9	1132	0	1195
313	16	1268	6	27	0	1317
314	1266	35	15	9	0	1325
315	39	11	1261	4	0	1315
316	19	15	31	1233	0	1298
317	16	5	18	1242	0	1281
318	15	9	9	1263	0	1296
319	13	6	1237	38	0	1294
320	15	1199	32	13	0	1259
321	13	1279	10	9	0	1311
322	10	39	11	1283	0	1343
323	10	14	1310	36	0	1370
324	14	13	31	1298	0	1356
325	12	8	16	1321	0	1357
326	9	11	11	1319	0	1350
327	8	12	12	1324	0	1356
328	1282	15	5	42	0	1344
329	30	1300	10	20	0	1360
330	1312	29	9	18	0	1368
331	35	15	1297	10	0	1357
332	15	13	1319	11	0	1358
333	10	10	38	1308	0	1366
334	8	10	16	1321	0	1355
335	7	1342	6	44	0	1399
336	7	34	1340	23	0	1404
337	8	1358	33	20	0	1419
338	12	36	1361	14	0	1423
339	1315	15	36	13	0	1379
340	33	1366	16	15	0	1430
341	16	36	1370	15	0	1437
342	9	17	36	1353	0	1415
343	12	9	1370	36	0	1427
344	10	1363	37	19	0	1429
345	17	31	13	1351	0	1412
346	7	1364	8	36	0	1415
347	7	32	1365	16	0	1420
348	13	20	29	1339	0	1401
349	1330	11	13	35	0	1389
350	39	1321	6	17	0	1383
351	17	37	1303	9	0	1366
352	16	40	36	1243	0	1335
353	8	11	1287	30	0	1336
354	7	11	1164	14	0	1196
355	8	1019	30	11	0	1068
356	10	12	15	854	0	891
357	2	3	6	860	0	871
358	1	2	5	848	0	856
359	3	2	871	13	0	889
360	2	2	875	4	0	883
361	816	2	11	5	0	834
362	9	4	851	2	0	866
363	794	3	8	5	0	810
364	11	836	4	2	0	853
365	2	10	2	818	0	832
366	1	859	5	10	0	875
367	0	886	3	6	0	895
368	2	8	871	3	0	884
369	1	4	11	873	0	889
370	2	2	887	9	0	900
371	1	6	830	3	0	840
372	840	1	7	5	0	853
373	8	1	861	4	0	874
374	1	3	841	3	0	848
375	812	0	9	3	0	824
376	8	1	839	5	0	853
377	1	3	857	3	0	864
378	3	3	8	806	0	820
379	2	838	1	7	0	848
380	2	9	4	847	0	862
381	1	1	8	824	0	834
382	843	3	4	9	0	859
383	8	1	6	833	0	848
384	3	866	3	8	0	880
385	849	9	4	5	0	867
386	7	3	859	6	0	875
387	822	2	11	6	0	841
388	10	2	906	3	0	921
389	3	5	961	0	0	969
390	3	991	18	5	0	1017
391	1005	16	8	6	0	1035
392	17	1020	5	3	0	1045
393	4	16	1045	5	0	1070
394	2	7	17	986	0	1012
395	2	1070	6	15	0	1093
396	1092	18	3	9	0	1122
397	1110	8	3	3	0	1124
398	24	1097	6	4	0	1131
399	1117	22	2	4	0	1145
400	21	8	5	1068	0	1102
401	4	1112	4	20	0	1140
402	2	17	7	1135	0	1161
403	2	9	1	1201	0	1213
404	1218	3	6	22	0	1249
405	1214	4	4	7	0	1229
406	1215	3	2	3	0	1223
407	21	5	1202	5	0	1233
408	1192	1	21	3	0	1217
409	23	7	6	1216	0	1252
410	6	3	1222	22	0	1253
411	3	2	1154	7	0	1166
412	6	1154	26	4	0	1190
413	1054	23	6	3	0	1086
414	21	1087	0	3	0	1111
415	6	18	2	1087	0	1113
416	0	4	4	1109	0	1117
417	4	1	1109	23	0	1137
418	4	0	21	1075	0	1100
419	4	1	1125	18	0	1148
420	4	0	1096	4	0	1104
421	1	1125	21	3	0	1150
422	6	16	8	1070	0	1100
423	0	5	0	1060	0	1065
424	1054	0	0	21	0	1075
425	16	0	1051	5	0	1072
426	3	0	17	1067	0	1087
427	1083	0	3	18	0	1104
428	16	0	1091	3	0	1110
429	1068	0	19	1	0	1088
430	1100	3	3	0	0	1106
431	21	0	1121	2	0	1144
432	4	1	15	1092	0	1112
433	2	0	5	1119	0	1126
434	2	1	1130	19	0	1152
435	1119	1	15	8	0	1143
436	1158	0	4	0	0	1162
437	1140	1	2	0	0	1143
438	1155	2	2	0	0	1159
439	1142	1	2	2	0	1147
440	20	4	992	4	0	1020
441	4	2	1133	3	0	1142
442	0	1139	16	5	0	1160
443	2	16	1159	1	0	1178
444	4	7	16	1126	0	1153
445	5	4	8	902	0	919
446	6	0	2	1155	0	1163
447	5	2	2	1170	0	1179
448	4	3	1155	22	0	1184
449	3	1129	19	6	0	1157
450	2	1198	9	2	0	1211
451	0	25	3	1166	0	1194
452	1	1201	2	19	0	1223
453	1221	18	0	8	0	1247
454	1224	5	1	5	0	1235
455	26	1239	1	3	0	1269
456	8	18	2	1249	0	1277
457	3	4	5	1286	0	1298
458	2	3	1299	26	0	1330
459	1220	3	20	9	0	1252
460	1290	1	9	3	0	1303
461	23	1325	5	2	0	1355
462	1341	21	0	3	0	1365
463	27	7	1364	2	0	1400
464	9	1333	23	2	0	1367
465	3	1370	7	7	0	1387
466	3	1367	4	5	0	1379
467	3	25	5	1338	0	1371
468	1322	7	3	27	0	1359
469	32	2	5	1345	0	1384
470	10	4	1412	27	0	1453
471	8	3	30	1407	0	1448
472	4	3	1466	32	0	1505
473	4	3	31	1416	0	1454
474	5	3	10	1415	0	1433
475	4	1459	4	30	0	1497
476	1502	27	4	18	0	1551
477	33	7	6	1474	0	1520
478	8	1501	7	28	0	1544
479	1495	30	1	8	0	1534
480	1319	8	4	8	0	1339
481	1503	5	4	7	0	1519
482	31	1491	1	10	0	1533
483	10	24	1490	9	0	1533
484	4	8	28	1481	0	1521
485	7	7	9	1458	0	1481
486	4	1490	8	34	0	1536
487	6	31	1483	10	0	1530
488	9	8	1434	4	0	1455
489	1370	6	21	5	0	1402
490	24	13	4	1367	0	1408
491	5	5	1400	20	0	1430
492	4	1414	21	10	0	1449
493	6	22	6	1363	0	1397
494	5	1447	3	17	0	1472
495	4	20	1435	5	0	1464
496	1365	6	22	4	0	1397
497	1408	3	6	4	0	1421
498	20	1409	5	7	0	1441
499	4	21	2	1425	0	1452
500	5	5	1412	22	0	1444
501	5	1398	21	5	0	1429
502	1376	16	5	4	0	1401
503	20	1318	4	3	0	1345
504	6	1319	3	2	0	1330
505	4	24	3	1302	0	1333
506	4	1324	2	17	0	1347
507	1321	20	1	6	0	1348
508	16	7	3	1314	0	1340
509	6	7	1277	13	0	1303
510	5	2	1223	5	0	1235
511	2	10	13	1233	0	1258
512	5	1247	5	14	0	1271
513	1263	13	3	6	0	1285
514	13	10	2	1224	0	1249
515	6	5	1237	15	0	1263
516	2	3	15	1228	0	1248
517	1	7	4	1220	0	1232
518	1207	2	3	17	0	1229
519	13	6	2	1202	0	1223
520	6	4	1174	15	0	1199
521	6	2	1146	7	0	1161
522	3	3	17	1181	0	1204
523	5	3	10	1197	0	1215
524	1	3	1235	21	0	1260
525	1144	5	15	7	0	1171
526	16	4	1228	6	0	1254
527	5	1228	15	6	0	1254
528	6	15	5	1252	0	1278
529	3	5	1250	17	0	1275
530	6	3	1237	7	0	1253
531	5	2	18	1184	0	1209
532	1211	4	8	17	0	1240
533	14	4	1236	6	0	1260
534	5	1237	18	7	0	1267
535	1249	16	6	7	0	1278
536	15	8	1251	4	0	1278
537	1200	7	15	9	0	1231
538	1245	4	7	3	0	1259
539	16	1293	6	7	0	1322
540	11	14	3	1250	0	1278
541	5	1266	5	16	0	1292
542	4	17	1267	7	0	1295
543	1260	3	18	9	0	1290
544	1331	5	8	6	0	1350
545	24	4	1346	3	0	1377
546	8	2	1336	4	0	1350
547	6	1392	24	4	0	1426
548	1429	20	5	2	0	1456
549	20	4	6	1430	0	1460
550	7	3	5	1366	0	1381
551	3	1399	2	21	0	1425
552	1392	23	3	9	0	1427
553	22	3	1422	6	0	1453
554	3	5	25	1527	0	1560
555	1551	1	8	28	0	1588
556	33	1588	3	5	0	1629
557	9	31	1802	3	0	1845
558	5	3	1833	4	0	1845
559	3	9	39	1762	0	1813
560	4	1854	6	31	0	1895
561	3	36	1850	5	0	1894
562	5	4	29	1839	0	1877
563	1876	0	3	36	0	1915
564	35	4	1919	5	0	1963
565	6	8	33	1938	0	1985
566	5	2	1971	36	0	2014
567	4	2	2031	6	0	2043
568	6	6	36	2002	0	2050
569	7	5	2040	34	0	2086
570	1779	3	36	6	0	1824
571	29	1	1981	4	0	2015
572	1870	1	30	4	0	1905
573	30	1903	8	3	0	1944
574	1957	31	4	4	0	1996
575	31	1991	7	6	0	2035
576	8	30	5	1981	0	2024
577	6	4	6	2056	0	2072
578	4	3	2023	35	0	2065
579	4	5	2050	8	0	2067
580	2	1	44	2079	0	2126
581	3	2	2108	37	0	2150
582	7	2	40	2042	0	2091
583	6	2045	15	34	0	2100
584	6	2123	8	13	0	2150
585	4	43	7	2093	0	2147
586	8	9	7	2124	0	2148
587	6	9	2072	43	0	2130
588	6	12	38	2033	0	2089
589	4	2022	12	38	0	2076
590	1	2030	9	14	0	2054
591	4	2057	10	12	0	2083
592	2	39	10	1949	0	2000
593	6	1975	10	31	0	2022
594	1936	38	9	14	0	1997
595	35	16	6	1930	0	1987
596	7	5	1933	42	0	1987
597	2	11	38	1910	0	1961
598	8	8	1941	38	0	1995
599	2	8	1959	16	0	1985
600	8	3	1961	16	0	1988
601	1	1937	47	13	0	1998
602	6	37	1972	7	0	2022
603	1953	15	38	10	0	2016
604	1988	6	16	9	0	2019
605	2018	14	9	4	0	2045
606	44	4	8	1992	0	2048
607	1967	12	9	43	0	2031
608	36	1931	12	15	0	1994
609	10	2027	9	13	0	2059
610	2034	41	15	15	0	2105
611	39	9	2077	13	0	2138
612	11	7	41	2063	0	2122
613	8	9	2092	37	0	2146
614	7	9	2081	14	0	2111
615	7	2067	49	8	0	2131
616	10	39	17	1962	0	2028
617	7	10	17	2097	0	2131
618	2079	9	8	47	0	2143
619	39	2077	8	14	0	2138
620	12	2116	8	16	0	2152
621	12	44	2100	14	0	2170
622	17	2131	40	10	0	2198
623	2107	43	14	12	0	2176
624	2116	13	20	10	0	2159
625	40	9	2133	13	0	2195
626	8	11	2155	18	0	2192
627	5	13	55	2064	0	2137
628	10	8	28	2051	0	2097
629	11	2072	19	50	0	2152
630	18	38	16	2068	0	2140
631	9	18	17	2078	0	2122
632	14	2077	15	50	0	2156
633	14	48	16	2059	0	2137
634	9	19	17	2012	0	2057
635	9	1984	15	58	0	2066
636	9	38	1985	26	0	2058
637	14	14	51	2021	0	2100
638	2038	10	17	47	0	2112
639	2005	11	21	13	0	2050
640	50	11	1969	14	0	2044
641	1925	18	41	11	0	1995
642	1996	14	10	18	0	2038
643	42	1990	9	20	0	2061
644	12	41	1926	18	0	1997
645	9	13	1919	20	0	1961
646	8	14	45	1954	0	2021
647	1946	16	24	44	0	2030
648	2056	5	23	20	0	2104
649	40	11	16	2194	0	2261
650	2341	18	10	50	0	2419
651	2416	14	12	16	0	2458
652	2356	13	9	25	0	2403
653	59	9	2335	19	0	2422
654	21	10	2293	11	0	2335
655	2252	6	49	17	0	2324
656	40	16	2261	13	0	2330
657	14	2050	32	7	0	2103
658	22	39	12	2013	0	2086
659	9	10	2078	28	0	2125
660	4	3	2049	13	0	2069
661	8	14	35	1966	0	2023
662	7	0	2017	27	0	2051
663	6	7	1958	13	0	1984
664	6	1825	34	13	0	1878
665	3	1902	14	4	0	1923
666	1894	25	14	1	0	1934
667	25	10	3	1877	0	1915
668	1875	4	5	24	0	1908
669	28	2	1868	5	0	1903
670	10	3	25	1849	0	1887
671	7	5	8	1884	0	1904
672	1864	1	5	31	0	1901
673	25	1884	2	13	0	1924
674	16	22	1783	4	0	1825
675	7	7	1821	3	0	1838
676	2	1867	30	5	0	1904
677	5	17	1832	6	0	1860
678	6	1831	24	2	0	1863
679	3	1773	2	1	0	1779
680	10	21	1754	2	0	1787
681	1719	9	24	2	0	1754
682	27	8	6	1767	0	1808
683	8	1800	10	20	0	1838
684	8	20	4	1803	0	1835
685	1804	8	5	24	0	1841
686	1816	4	8	7	0	1835
687	1827	2	3	8	0	1840
688	30	1	1825	5	0	1861
689	8	8	22	1801	0	1839
690	7	1831	9	29	0	1876
691	1899	18	13	3	0	1933
692	22	8	6	1908	0	1944
693	10	6	5	1897	0	1918
694	9	3	7	1938	0	1957
695	3	4	1900	31	0	1938
696	1809	6	19	9	0	1843
697	24	1910	8	9	0	1951
698	10	22	7	1915	0	1954
699	7	4	2	1918	0	1931
700	1891	8	1	29	0	1929
701	29	2	1836	8	0	1875
702	13	1	1888	9	0	1911
703	8	1876	29	8	0	1921
704	6	24	1959	6	0	1995
705	1836	8	34	6	0	1884
706	25	1960	13	4	0	2002
707	8	25	2004	4	0	2041
708	1861	12	28	7	0	1908
709	27	8	2048	6	0	2089
710	7	2038	34	7	0	2086
711	8	33	8	2047	0	2096
712	5	10	14	2080	0	2109
713	9	9	2040	28	0	2086
714	10	5	1995	12	0	2022
715	4	2014	33	8	0	2059
716	1999	28	14	7	0	2048
717	31	2054	6	11	0	2102
718	13	30	8	2051	0	2102
719	13	7	2037	25	0	2082
720	1910	6	35	13	0	1964
721	30	5	9	2007	0	2051
722	14	1994	6	25	0	2039
723	12	2062	10	4	0	2088
724	9	31	8	2051	0	2099
725	3	11	10	2077	0	2101
726	2045	11	4	36	0	2096
727	26	7	9	2074	0	2116
728	12	8	2074	33	0	2127
729	2039	14	29	11	0	2093
730	2104	2	13	15	0	2134
731	34	5	2129	11	0	2179
732	2096	3	29	10	0	2138
733	33	8	12	2178	0	2231
734	11	6	11	2211	0	2239
735	17	6	7	2220	0	2250
736	13	6	9	2148	0	2176
737	9	2173	9	43	0	2234
738	2217	36	6	13	0	2272
739	2290	9	9	12	0	2320
740	39	9	2323	13	0	2384
741	2400	6	27	11	0	2444
742	2561	8	12	9	0	2590
743	2609	7	6	12	0	2634
744	2764	1	6	13	0	2784
745	51	2730	13	4	0	2798
746	20	39	7	2690	0	2756
747	13	15	2727	33	0	2788
748	15	13	2560	13	0	2601
749	2320	28	39	16	0	2403
750	2292	9	21	9	0	2331
751	30	2224	9	6	0	2269
752	2267	18	3	5	0	2293
753	23	2296	5	4	0	2328
754	12	26	2	2280	0	2320
755	2323	7	3	22	0	2355
756	2305	7	1	7	0	2320
757	2296	5	1	7	0	2309
758	35	2272	1	2	0	2310
759	2284	19	2	3	0	2308
760	29	7	2	2293	0	2331
761	2313	9	3	22	0	2347
762	32	3	2263	10	0	2308
763	13	2274	18	7	0	2312
764	2294	22	11	2	0	2329
765	28	8	2318	4	0	2358
766	15	13	22	2314	0	2364
767	11	2	2352	28	0	2393
768	6	4	2322	8	0	2340
769	9	0	31	2301	0	2341
770	9	3	2360	25	0	2397
771	9	3	33	2343	0	2388
772	5	6	11	2349	0	2371
773	2391	2	9	40	0	2442
774	31	2389	5	18	0	2443
775	14	2442	9	11	0	2476
776	16	2482	2	6	0	2506
777	10	41	2458	6	0	2515
778	11	18	32	2439	0	2500
779	7	12	2495	29	0	2543
780	2371	6	34	14	0	2425
781	2481	2	13	13	0	2509
782	36	2490	15	2	0	2543
783	26	28	6	2455	0	2515
784	14	2516	5	27	0	2562
785	2536	34	4	16	0	2590
786	32	13	4	2513	0	2562
787	17	10	2505	30	0	2562
788	13	2449	31	18	0	2511
789	8	31	2504	10	0	2553
790	11	13	35	2472	0	2531
791	11	10	2462	31	0	2514
792	2375	5	33	16	0	2429
793	31	8	2470	13	0	2522
794	18	2487	38	5	0	2548
795	12	32	18	2482	0	2544
796	7	14	16	2524	0	2561
797	2482	9	10	41	0	2542
798	2477	7	9	22	0	2515
799	41	2448	7	15	0	2511
800	20	28	2447	8	0	2503
801	13	17	2404	7	0	2441
802	2383	13	35	5	0	2436
803	30	7	2410	9	0	2456
804	22	5	2337	8	0	2372
805	14	9	2363	3	0	2389
806	10	6	2344	4	0	2364
807	3	2340	44	8	0	2395
808	2353	24	26	7	0	2410
809	31	16	19	2282	0	2348
810	2283	14	14	26	0	2337
811	38	2250	9	13	0	2310
812	2260	28	12	8	0	2308
813	36	2319	7	12	0	2374
814	21	31	13	2291	0	2356
815	17	2401	6	27	0	2451
816	11	36	2367	21	0	2435
817	8	2436	33	14	0	2491
818	7	39	24	2645	0	2715
819	2665	22	12	35	0	2734
820	42	14	10	2661	0	2727
821	19	10	2647	44	0	2720
822	14	6	39	2584	0	2643
823	13	2632	21	41	0	2707
824	9	35	2647	20	0	2711
825	2618	23	38	17	0	2696
826	43	11	22	2694	0	2770
827	2651	5	17	44	0	2717
828	2672	11	11	26	0	2720
829	58	2679	8	11	0	2756
830	2632	35	8	17	0	2692
831	2676	26	10	11	0	2723
832	52	2669	13	6	0	2740
833	31	36	8	2632	0	2707
834	15	22	13	2616	0	2666
835	10	2623	14	46	0	2693
836	9	36	14	2684	0	2743
837	11	22	2661	42	0	2736
838	8	32	37	2605	0	2682
839	16	7	2586	48	0	2657
840	12	3	2396	29	0	2440
841	8	2361	47	18	0	2434
842	11	2301	25	8	0	2345
843	10	2353	12	13	0	2388
844	11	42	28	2166	0	2247
845	4	20	2199	28	0	2251
846	2150	5	28	19	0	2202
847	24	8	18	2200	0	2250
848	15	1	2206	24	0	2246
849	6	7	2169	14	0	2196
850	1	2219	37	7	0	2264
851	7	29	17	2188	0	2241
852	2147	12	9	27	0	2195
853	22	2097	7	17	0	2143
854	16	2092	6	8	0	2122
855	6	2077	5	11	0	2099
856	5	37	5	2100	0	2147
857	2	2159	5	29	0	2195
858	6	33	3	2334	0	2376
859	3	16	3	2377	0	2399
860	7	7	2348	40	0	2402
861	2194	10	31	21	0	2256
862	32	8	2395	8	0	2443
863	14	14	32	2397	0	2457
864	7	7	2456	31	0	2501
865	4	2395	30	20	0	2449
866	2387	31	19	11	0	2448
867	29	13	5	2361	0	2408
868	16	4	8	2394	0	2422
869	2385	4	4	37	0	2430
870	2350	1	4	24	0	2379
871	2418	2	5	10	0	2435
872	44	2	2412	6	0	2464
873	2274	4	25	2	0	2305
874	32	2308	14	5	0	2359
875	18	2307	2	4	0	2331
876	9	39	5	2256	0	2309
877	8	14	1	2216	0	2239
878	4	2237	3	33	0	2277
879	4	26	1	2256	0	2287
880	2228	12	4	29	0	2273
881	29	4	2230	15	0	2278
882	10	2204	26	7	0	2247
883	2146	28	12	7	0	2193
884	34	2181	3	8	0	2226
885	10	30	2170	4	0	2214
886	3	22	27	2153	0	2205
887	7	4	2171	27	0	2209
888	3	2160	27	11	0	2201
889	5	32	16	2143	0	2196
890	3	10	2138	35	0	2186
891	7	6	2130	13	0	2156
892	4	6	37	2148	0	2195
893	2133	2	15	32	0	2182
894	2144	4	9	13	0	2170
895	2149	3	5	7	0	2164
896	39	5	2172	5	0	2221
897	14	2176	27	6	0	2223
898	8	30	13	2183	0	2234
899	5	14	6	2174	0	2199
900	4	2187	2	39	0	2232
901	2195	29	4	14	0	2242
902	30	12	4	2200	0	2246
903	15	4	2199	30	0	2248
904	4	2187	33	16	0	2240
905	2133	30	13	6	0	2182
906	27	2157	5	12	0	2201
907	12	32	6	2133	0	2183
908	6	15	8	2164	0	2193
909	11	7	6	2176	0	2200
910	4	6	2153	40	0	2203
911	5	10	28	2089	0	2132
912	5	2082	12	35	0	2134
913	4	2072	10	18	0	2104
914	7	37	2015	7	0	2066
915	1891	11	25	15	0	1942
916	1977	8	11	14	0	2010
917	34	1943	9	7	0	1993
918	1728	23	12	5	0	1768
919	1729	6	6	6	0	1747
920	25	1772	3	6	0	1806
921	11	26	5	1781	0	1823
922	7	11	1863	25	0	1906
923	8	10	1795	11	0	1824
924	1837	7	31	8	0	1883
925	23	1864	13	12	0	1912
926	8	27	7	1853	0	1895
927	8	10	4	1852	0	1874
928	9	8	5	1844	0	1866
929	1815	7	3	37	0	1862
930	25	4	5	1824	0	1858
931	12	3	2	1838	0	1855
932	9	7	1772	33	0	1821
933	1696	6	26	15	0	1743
934	25	1759	12	12	0	1808
935	1763	19	8	7	0	1797
936	24	1718	4	8	0	1754
937	16	22	3	1736	0	1777
938	1730	14	5	22	0	1771
939	1756	4	6	12	0	1778
940	29	5	1729	8	0	1771
941	1763	4	23	10	0	1800
942	29	6	1783	8	0	1826
943	15	3	1720	5	0	1743
944	8	2	1721	6	0	1737
945	8	4	1884	6	0	1902
946	6	9	45	1945	0	2005
947	5	4	1979	48	0	2036
948	2	4	48	1956	0	2010
949	1957	3	19	50	0	2029
950	44	4	10	1964	0	2022
951	1934	2	8	52	0	1996
952	49	1947	7	16	0	2019
953	18	43	7	1961	0	2029
954	10	17	1912	51	0	1990
955	7	1954	44	19	0	2024
956	7	63	15	1910	0	1995
957	11	14	1911	56	0	1992
958	5	1808	40	18	0	1871
959	6	1840	15	10	0	1871
960	10	45	1807	5	0	1867
961	4	29	41	1719	0	1793
962	4	8	1729	35	0	1776
963	1658	5	40	14	0	1717
964	1703	1	17	9	0	1730
965	49	1676	9	2	0	1736
966	1687	38	5	3	0	1733
967	41	16	3	1677	0	1737
968	16	7	1667	36	0	1726
969	1606	2	35	22	0	1665
970	41	2	1642	6	0	1691
971	16	1631	37	3	0	1687
972	1648	39	16	7	0	1710
973	37	16	8	1635	0	1696
974	17	6	1638	40	0	1701
975	1615	3	38	19	0	1675
976	1624	2	17	7	0	1650
977	1659	2	7	4	0	1672
978	52	2	6	1601	0	1661
979	19	5	4	1646	0	1674
980	11	2	1604	48	0	1665
981	2	1604	39	21	0	1666
982	5	38	17	1573	0	1633
983	5	12	5	1647	0	1669
984	5	6	1598	45	0	1654
985	7	3	1609	19	0	1638
986	2	3	49	1584	0	1638
987	1559	3	17	45	0	1624
988	38	1566	11	16	0	1631
989	1573	37	5	10	0	1625
990	45	1584	2	8	0	1639
991	15	39	1574	7	0	1635
992	10	15	1615	3	0	1643
993	1561	6	53	6	0	1626
994	1723	0	17	10	0	1750
995	54	1688	14	3	0	1759
996	26	43	1637	5	0	1711
997	19	21	43	1628	0	1711
998	14	15	19	1624	0	1672
999	8	1642	16	52	0	1718
1000	4	40	10	1670	0	1724
1001	8	15	1655	54	0	1732
1002	1626	17	38	25	0	1706
1003	1668	10	24	14	0	1716
1004	1662	6	15	11	0	1694
1005	1710	3	12	8	0	1733
1006	68	7	1638	6	0	1719
1007	1651	6	42	5	0	1704
1008	58	3	1642	10	0	1713
1009	29	1614	54	6	0	1703
1010	27	38	24	1633	0	1722
1011	1659	21	19	41	0	1740
1012	52	14	10	1768	0	1844
1013	19	8	1762	57	0	1846
1014	1767	4	45	29	0	1845
1015	1838	6	22	16	0	1882
1016	60	5	15	1794	0	1874
1017	32	5	15	1837	0	1889
1018	21	6	1779	63	0	1869
1019	14	1787	42	40	0	1883
1020	1750	41	23	24	0	1838
1021	43	21	1691	14	0	1769
1022	1647	11	46	5	0	1709
1023	57	1660	18	7	0	1742
1024	1665	41	12	7	0	1725
1025	52	1629	7	8	0	1696
1026	24	1654	9	8	0	1695
1027	15	55	9	1623	0	1702
1028	16	24	4	1667	0	1711
1029	9	11	6	1690	0	1716
1030	10	9	5	1699	0	1723
1031	5	3	1632	68	0	1708
1032	1619	2	42	31	0	1694
1033	1680	6	16	22	0	1724
1034	1715	4	15	11	0	1745
1035	66	4	10	1653	0	1733
1036	39	3	3	1699	0	1744
1037	1676	2	2	54	0	1734
1038	1689	3	4	29	0	1725
1039	1710	1	9	18	0	1738
1040	64	4	7	1638	0	1713
1041	36	7	3	1628	0	1674
1042	22	6	1561	50	0	1639
1043	11	2	1529	29	0	1571
1044	7	1535	49	20	0	1611
1045	1283	58	37	31	0	1409
1046	1281	9	17	4	0	1311
1047	1297	8	7	3	0	1315
1048	33	6	1306	5	0	1350
1049	1320	1	15	6	0	1342
1050	1337	0	9	7	0	1353
1051	1347	0	10	7	0	1364
1052	30	4	7	1309	0	1350
1053	24	2	4	1301	0	1331
1054	21	1	4	1309	0	1335
1055	12	2	1205	30	0	1249
1056	1174	2	15	21	0	1212
1057	18	1203	9	15	0	1245
1058	1086	14	3	9	0	1112
1059	20	1066	4	3	0	1093
1060	14	1092	1	3	0	1110
1061	16	19	12	1062	0	1109
1062	15	12	2	1055	0	1084
1063	6	1059	2	17	0	1084
1064	1045	13	4	14	0	1076
1065	1046	8	3	9	0	1066
1066	19	9	0	1031	0	1059
1067	19	3	1031	10	0	1063
1068	17	1	998	11	0	1027
1069	9	1	1053	10	0	1073
1070	3	2	1042	10	0	1057
1071	1008	4	27	4	0	1043
1072	1014	1	17	3	0	1035
1073	18	1	9	994	0	1022
1074	14	2	999	11	0	1026
1075	14	4	4	1048	0	1070
1076	8	1058	7	15	0	1088
1077	7	1141	9	15	0	1172
1078	1168	16	7	7	0	1198
1079	1166	17	2	7	0	1192
1080	1187	12	2	4	0	1205
1081	25	9	3	1169	0	1206
1082	21	2	4	1194	0	1221
1083	13	4	3	1201	0	1221
1084	13	2	3	1198	0	1216
1085	7	5	1188	26	0	1226
1086	10	3	7	1198	0	1218
1087	1246	2	8	23	0	1279
1088	12	0	11	1268	0	1291
1089	12	2	11	1282	0	1307
1090	16	4	2	1282	0	1304
1091	10	1251	4	29	0	1294
1092	11	1235	3	24	0	1273
1093	8	1275	0	16	0	1299
1094	9	17	2	1194	0	1222
1095	7	8	6	1204	0	1225
1096	1203	6	2	24	0	1235
1097	1207	4	2	15	0	1228
1098	1223	3	4	9	0	1239
1099	21	4	3	1209	0	1237
1100	14	2	3	1214	0	1233
1101	11	1197	4	18	0	1230
1102	9	1250	1	18	0	1278
1103	1252	15	4	17	0	1288
1104	21	8	3	1252	0	1284
1105	1271	5	3	18	0	1297
1106	1295	3	3	9	0	1310
1107	24	2	3	1278	0	1307
1108	14	1325	5	20	0	1364
1109	1363	11	4	14	0	1392
1110	1389	13	3	9	0	1414
1111	23	10	1394	5	0	1432
1112	1293	3	9	5	0	1310
1113	17	1306	4	5	0	1332
1114	12	11	4	1351	0	1378
1115	1467	7	1	15	0	1490
1116	15	6	0	1484	0	1505
1117	9	6	1	1488	0	1504
1118	11	1487	0	18	0	1516
1119	1493	10	3	13	0	1519
1120	1514	6	3	9	0	1532
1121	21	1492	0	5	0	1518
1122	10	1590	1	6	0	1607
1123	1589	15	3	10	0	1617
1124	1591	10	0	5	0	1606
1125	18	4	1555	6	0	1583
1126	11	3	1475	5	0	1494
1127	9	3	1582	1	0	1595
1128	6	0	18	1621	0	1645
1129	4	3	11	1652	0	1670
1130	1	7	1633	16	0	1657
1131	1606	5	11	11	0	1633
1132	1689	1	7	7	0	1704
1133	1699	2	7	2	0	1710
1134	1684	2	6	2	0	1694
1135	23	0	1775	3	0	1801
1136	1793	0	13	2	0	1808
1137	1831	1	8	9	0	1849
1138	1821	0	9	8	0	1838
1139	1846	1	4	3	0	1854
1140	1833	2	1	4	0	1840
1141	25	3	1865	1	0	1894
1142	16	1890	7	1	0	1914
1143	11	10	7	1881	0	1909
1144	5	5	7	1929	0	1946
1145	9	5	1915	16	0	1945
1146	1787	2	9	14	0	1812
1147	15	0	7	1884	0	1906
1148	14	2	1878	11	0	1905
1149	11	0	1785	9	0	1805
1150	4	1925	18	8	0	1955
1151	2	14	10	1958	0	1984
1152	4	6	4	1986	0	2000
1153	1	6	4	1983	0	1994
1154	1985	2	4	21	0	2012
1155	15	0	1	1992	0	2008
1156	8	2	1967	21	0	1998
1157	7	1	1826	12	0	1846
1158	5	4	2006	6	0	2021
1159	4	4	18	2080	0	2106
1160	2107	2	12	16	0	2137
1161	12	1	2105	13	0	2131
1162	2072	3	11	8	0	2094
1163	2235	0	9	11	0	2255
1164	20	0	8	2288	0	2316
1165	10	1	8	2300	0	2319
1166	7	2277	6	20	0	2310
1167	3	10	2292	13	0	2318
1168	2243	7	11	12	0	2273
1169	15	5	9	2343	0	2372
1170	11	2332	10	17	0	2370
1171	14	12	0	2368	0	2394
1172	9	7	2360	16	0	2392
1173	2	11	13	2337	0	2363
1174	4	2329	9	16	0	2358
1175	3	11	7	2304	0	2325
1176	2277	7	5	16	0	2305
1177	11	4	3	2242	0	2260
1178	7	2200	3	16	0	2226
1179	6	2228	3	14	0	2251
1180	2146	15	1	8	0	2170
1181	12	10	2219	11	0	2252
1182	8	6	10	2201	0	2225
1183	8	4	8	2270	0	2290
1184	4	1	2283	17	0	2305
1185	3	2280	9	12	0	2304
1186	3	12	2281	8	0	2304
1187	5	22	12	2214	0	2253
1188	4	2288	9	7	0	2308
1189	2320	6	3	7	0	2336
1190	6	2311	4	12	0	2333
1191	4	2328	0	7	0	2339
1192	2365	9	5	3	0	2382
1193	2380	9	7	5	0	2401
1194	2392	6	0	3	0	2401
1195	9	1	2	2396	0	2408
1196	7	0	2383	4	0	2394
1197	2360	2	2	7	0	2371
1198	2512	1	5	6	0	2524
1199	11	1	2	2612	0	2626
1200	7	1	2614	8	0	2630
1201	3	2613	5	6	0	2627
1202	2615	10	3	3	0	2631
1203	2691	7	4	2	0	2704
1204	15	2704	2	0	0	2721
1205	8	2791	3	1	0	2803
1206	2794	14	1	3	0	2812
1207	2787	7	0	3	0	2797
1208	2762	3	2	5	0	2772
1209	21	2	2	2731	0	2756
1210	10	2	2744	14	0	2770
1211	6	0	12	2688	0	2706
1212	4	2	2716	16	0	2738
1213	3	2636	15	6	0	2660
1214	3	2671	6	5	0	2685
1215	6	17	1	2550	0	2574
1216	6	6	2	2563	0	2577
1217	4	3	1	2557	0	2565
1218	2	2562	1	19	0	2584
1219	2543	14	3	6	0	2566
1220	2537	6	2	5	0	2550
1221	16	2551	3	2	0	2572
1222	7	16	1	2466	0	2490
1223	3	2485	0	12	0	2500
1224	6	13	1	2483	0	2503
1225	4	2502	0	15	0	2521
1226	2524	13	1	7	0	2545
1227	14	8	0	2473	0	2495
1228	8	2	2469	13	0	2492
1229	2415	2	13	7	0	2437
1230	2443	4	5	2	0	2454
1231	17	3	2444	7	0	2471
1232	6	5	13	2435	0	2459
1233	5	1	2465	22	0	2493
1234	2	5	16	2479	0	2502
1235	3	3	2384	17	0	2407
1236	2290	3	14	8	0	2315
1237	15	4	5	2321	0	2345
1238	7	2338	4	14	0	2363
1239	2394	16	1	4	0	2415
1240	16	7	4	2417	0	2444
1241	8	4	0	2398	0	2410
1242	4	4	2355	22	0	2385
1243	4	4	14	2459	0	2481
1244	4	2	2518	21	0	2545
1245	6	2	2570	12	0	2590
1246	5	1	30	2693	0	2729
1247	3	6	2920	24	0	2953
1248	3002	0	33	10	0	3045
1249	3452	2	11	6	0	3471
1250	3692	1	4	10	0	3707
1251	79	3950	6	5	0	4040
1252	38	60	4	3991	0	4093
1253	11	29	5	3881	0	3926
1254	11	4048	5	78	0	4142
1255	4045	63	1	34	0	4143
1256	63	33	2	4040	0	4138
1257	36	12	4071	68	0	4187
1258	18	8	3905	38	0	3969
1259	12	3938	90	16	0	4056
1260	3956	67	37	14	0	4074
1261	70	29	3956	10	0	4065
1262	3845	15	69	15	0	3944
1263	73	3778	33	9	0	3893
1264	38	72	3784	11	0	3905
1265	20	28	3666	12	0	3726
1266	14	13	3810	10	0	3847
1267	12	3730	95	7	0	3844
1268	15	68	3763	7	0	3853
1269	3686	32	82	8	0	3808
1270	66	16	40	3630	0	3752
1271	36	9	23	3781	0	3849
1272	16	14	8	3810	0	3848
1273	13	8	16	3834	0	3871
1274	13	5	3751	103	0	3872
1275	9	11	70	3757	0	3847
1276	10	9	35	3824	0	3878
1277	3722	8	19	104	0	3853
1278	3800	7	14	51	0	3872
1279	3675	12	12	29	0	3728
1280	96	13	3711	22	0	3842
1281	47	3743	66	19	0	3875
1282	23	3926	32	17	0	3998
1283	3701	93	20	17	0	3831
1284	70	3849	18	17	0	3954
1285	37	85	15	3793	0	3930
1286	18	41	15	3886	0	3960
1287	18	23	3811	106	0	3958
1288	19	3747	76	55	0	3897
1289	13	81	3720	24	0	3838
1290	3632	34	95	17	0	3778
1291	3801	24	35	19	0	3879
1292	104	12	27	3733	0	3876
1293	47	18	18	3727	0	3810
1294	24	11	22	3739	0	3796
1295	23	14	8	3765	0	3810
1296	16	8	3668	129	0	3821
1297	11	17	78	3653	0	3759
1298	14	5	3656	104	0	3779
1299	15	5	3530	56	0	3606
1300	8	3511	112	29	0	3660
1301	3537	72	58	23	0	3690
1302	74	3620	23	23	0	3740
1303	46	82	24	3553	0	3705
1304	27	38	3714	81	0	3860
1305	3598	26	83	52	0	3759
1306	86	12	3660	24	0	3782
1307	3677	17	92	21	0	3807
1308	3731	14	44	20	0	3809
1309	109	9	28	3748	0	3894
1310	51	15	22	3757	0	3845
1311	32	6	19	3802	0	3859
1312	17	17	3634	126	0	3794
1313	3624	13	82	63	0	3782
1314	85	3640	47	40	0	3812
1315	52	78	22	3654	0	3806
1316	3630	44	20	96	0	3790
1317	3700	16	28	53	0	3797
1318	3749	13	18	33	0	3813
1319	137	16	3587	30	0	3770
1320	3676	15	91	24	0	3806
1321	3707	19	45	31	0	3802
1322	138	20	3366	40	0	3564
1323	73	15	3718	29	0	3835
1324	35	22	123	3677	0	3857
1325	42	9	3741	103	0	3895
1326	25	3542	115	63	0	3745
1327	21	3742	78	27	0	3868
1328	3622	114	42	17	0	3795
1329	105	3719	28	25	0	3877
1330	70	98	30	3694	0	3892
1331	3592	46	37	100	0	3775
1332	105	3703	23	56	0	3887
1333	59	98	30	3680	0	3867
1334	29	54	32	3764	0	3879
1335	17	29	3653	138	0	3837
1336	23	17	107	3676	0	3823
1337	22	34	3657	117	0	3830
1338	23	14	3668	71	0	3776
1339	37	15	109	3583	0	3744
1340	21	17	59	3665	0	3762
1341	3574	11	25	157	0	3767
1342	99	3770	23	79	0	3971
1343	53	95	32	3667	0	3847
1344	39	93	20	3703	0	3855
1345	3521	18	17	147	0	3703
1346	106	3406	14	82	0	3608
1347	61	3193	18	44	0	3316
1348	30	3001	14	36	0	3081
1349	20	2611	22	18	0	2671
1350	2088	75	108	12	0	2283
1351	2023	14	9	10	0	2056
1352	1945	9	4	6	0	1964
1353	1941	2	6	6	0	1955
1354	60	9	2	1881	0	1952
1355	20	7	1875	49	0	1951
1356	11	1850	47	14	0	1922
1357	9	55	12	1826	0	1902
1358	10	11	1819	47	0	1887
1359	11	6	48	1796	0	1861
1360	9	6	15	1830	0	1860
1361	9	6	1783	58	0	1856
1362	4	8	46	1782	0	1840
1363	7	7	19	1740	0	1773
1364	1798	9	4	64	0	1875
1365	1804	3	6	22	0	1835
1366	1813	4	9	13	0	1839
1367	1821	1	5	17	0	1844
1368	62	2	6	1778	0	1848
1369	16	5	13	1815	0	1849
1370	13	6	1	1821	0	1841
1371	1764	5	3	67	0	1839
1372	56	7	4	1770	0	1837
1373	21	1	4	1807	0	1833
1374	11	1	1737	70	0	1819
1375	16	3	49	1696	0	1764
1376	9	1678	14	59	0	1760
1377	6	1765	3	28	0	1802
1378	1705	53	5	15	0	1778
1379	56	19	1676	9	0	1760
1380	19	1586	43	12	0	1660
1381	1548	47	16	11	0	1622
1382	43	14	11	1551	0	1619
1383	14	10	1539	49	0	1612
1384	11	16	39	1518	0	1584
1385	9	1577	14	45	0	1645
1386	1584	44	6	13	0	1647
1387	42	1615	6	19	0	1682
1388	1631	42	7	10	0	1690
1389	1687	12	9	8	0	1716
1390	51	11	2	1675	0	1739
1391	15	9	7	1647	0	1678
1392	9	1652	6	54	0	1721
1393	1651	47	3	24	0	1725
1394	51	10	1646	8	0	1715
1395	1610	10	42	9	0	1671
1396	1629	3	7	15	0	1654
1397	55	6	1571	14	0	1646
1398	15	10	42	1469	0	1536
1399	1481	6	9	47	0	1543
1400	44	5	1470	16	0	1535
1401	16	3	1419	8	0	1446
1402	1309	6	44	7	0	1366
1403	40	1287	12	8	0	1347
1404	14	1188	7	6	0	1215
1405	14	40	4	1154	0	1212
1406	4	11	1156	34	0	1205
1407	1096	6	32	10	0	1144
1408	37	3	1117	5	0	1162
1409	6	1049	30	7	0	1092
1410	1033	31	8	5	0	1077
1411	31	10	4	1028	0	1073
1412	1023	4	4	34	0	1065
1413	32	3	1008	8	0	1051
1414	12	5	23	1004	0	1044
1415	10	1031	4	26	0	1071
1416	9	29	6	1021	0	1065
1417	4	9	2	1046	0	1061
1418	11	4	1021	31	0	1067
1419	5	994	30	12	0	1041
1420	5	1007	7	13	0	1032
1421	6	27	968	6	0	1007
1422	910	8	28	4	0	950
1423	949	2	9	6	0	966
1424	28	5	6	926	0	965
1425	883	3	4	23	0	913
1426	28	855	2	6	0	891
1427	10	907	6	6	0	929
1428	908	27	14	7	0	956
1429	30	10	1	920	0	961
1430	930	2	5	30	0	967
1431	950	2	6	8	0	966
1432	35	2	3	901	0	941
1433	16	3	889	30	0	938
1434	889	6	27	8	0	930
1435	914	0	8	8	0	930
1436	33	2	5	887	0	927
1437	11	885	3	31	0	930
1438	6	29	2	891	0	928
1439	2	9	880	30	0	921
1440	4	5	886	9	0	904
1441	6	881	26	7	0	920
1442	19	19	13	634	0	685
1443	2	6	9	645	0	662
1444	4	3	638	15	0	660
1445	625	3	11	11	0	650
1446	663	1	6	7	0	677
1447	662	1	7	1	0	671
1448	672	2	2	3	0	679
1449	22	670	0	2	0	694
1450	14	695	0	3	0	712
1451	701	18	2	5	0	726
1452	13	7	4	719	0	743
1453	10	6	0	736	0	752
1454	9	743	0	19	0	771
1455	3	15	3	747	0	768
1456	3	6	1	742	0	752
1457	5	737	0	22	0	764
1458	2	13	733	13	0	761
1459	4	6	13	747	0	770
1460	739	8	5	15	0	767
1461	736	4	5	8	0	753
1462	20	3	723	7	0	753
1463	11	1	711	5	0	728
1464	9	1	719	2	0	731
1465	4	3	26	702	0	735
1466	1	2	713	16	0	732
1467	4	1	707	7	0	719
1468	3	11	23	667	0	704
1469	5	695	12	15	0	727
1470	5	11	700	5	0	721
1471	1	711	14	10	0	736
1472	695	18	9	4	0	726
1473	13	711	5	3	0	732
1474	3	18	5	707	0	733
1475	715	7	2	15	0	739
1476	14	8	2	712	0	736
1477	7	2	3	717	0	729
1478	7	2	710	21	0	740
1479	4	701	13	11	0	729
1480	3	723	6	8	0	740
1481	2	27	6	705	0	740
1482	4	8	4	718	0	734
1483	1	8	3	703	0	715
1484	2	4	678	23	0	707
1485	3	0	655	10	0	668
1486	604	2	14	7	0	627
1487	12	1	618	1	0	632
1488	4	1	618	2	0	625
1489	4	572	14	3	0	593
1490	2	14	8	563	0	587
1491	0	3	573	9	0	585
1492	3	5	10	568	0	586
1493	3	2	590	14	0	609
1494	0	0	14	594	0	608
1495	0	0	639	15	0	654
1496	2	3	14	631	0	650
1497	2	2	6	631	0	641
1498	2	648	3	14	0	667
1499	3	9	1	645	0	658
1500	0	665	3	14	0	682
1501	0	13	3	675	0	691
1502	2	6	4	677	0	689
1503	666	4	2	16	0	688
1504	10	3	2	672	0	687
1505	3	1	666	18	0	688
1506	3	3	11	666	0	683
1507	2	3	3	674	0	682
1508	2	0	661	17	0	680
1509	2	1	658	12	0	673
1510	3	2	14	649	0	668
1511	1	1	8	669	0	679
1512	1	4	672	14	0	691
1513	4	634	10	9	0	657
1514	2	666	6	10	0	684
1515	658	11	8	5	0	682
1516	11	6	4	674	0	695
1517	692	5	3	13	0	713
1518	675	1	4	10	0	690
1519	12	681	5	9	0	707
1520	692	10	4	4	0	710
1521	694	5	3	7	0	709
1522	14	5	682	2	0	703
1523	8	2	11	692	0	713
1524	7	1	709	13	0	730
1525	5	4	16	702	0	727
1526	0	2	702	15	0	719
1527	3	666	13	6	0	688
1528	4	666	4	8	0	682
1529	0	9	4	634	0	647
1530	622	4	2	10	0	638
1531	7	4	2	623	0	636
1532	4	4	1	624	0	633
1533	4	1	630	12	0	647
1534	3	1	615	9	0	628
1535	1	1	638	5	0	645
1536	0	2	12	625	0	639
1537	3	2	8	619	0	632
1538	1	617	5	15	0	638
1539	1	632	7	6	0	646
1540	620	9	3	5	0	637
1541	6	624	3	5	0	638
1542	4	4	614	2	0	624
1543	1	4	8	608	0	621
1544	2	3	648	7	0	660
1545	3	645	5	5	0	658
1546	0	5	6	648	0	659
1547	629	2	3	7	0	641
1548	7	0	636	6	0	649
1549	2	633	6	4	0	645
1550	2	3	624	3	0	632
1551	2	616	5	0	0	623
1552	0	4	6	585	0	595
1553	588	2	1	5	0	596
1554	571	1	2	2	0	576
1555	4	575	1	3	0	583
1556	586	2	3	1	0	592
1557	2	4	1	586	0	593
1558	589	3	0	4	0	596
1559	2	0	590	5	0	597
1560	5	0	586	0	0	591
1561	0	0	5	584	0	589
1562	0	1	0	613	0	614
1563	0	0	617	4	0	621
1564	0	1	5	613	0	619
1565	611	1	4	4	0	620
1566	613	0	0	5	0	618
1567	6	581	0	3	0	590
1568	3	596	0	0	0	599
1569	574	6	0	0	0	580
1570	5	3	0	565	0	573
1571	563	2	0	4	0	569
1572	4	560	4	3	0	571
1573	558	2	3	2	0	565
1574	3	3	551	2	0	559
1575	2	2	544	2	0	550
1576	1	0	6	558	0	565
1577	3	1	563	4	0	571
1578	2	2	6	553	0	563
1579	2	3	2	536	0	543
1580	0	2	588	9	0	599
1581	1	4	6	572	0	583
1582	1	0	2	623	0	626
1583	2	0	652	8	0	662
1584	3	1	648	2	0	654
1585	648	3	6	1	0	658
1586	8	0	698	0	0	706
1587	734	1	9	2	0	746
1588	816	1	3	1	0	821
1589	11	0	825	0	0	836
1590	4	0	865	0	0	869
1591	6	1	11	847	0	865
1592	3	0	4	832	0	839
1593	2	825	5	11	0	843
1594	1	856	3	11	0	871
1595	3	12	821	2	0	838
1596	795	3	10	4	0	812
1597	821	5	2	3	0	831
1598	11	4	810	2	0	827
1599	8	0	800	1	0	809
1600	6	1	11	786	0	804
1601	4	801	4	13	0	822
1602	3	9	5	818	0	835
1603	3	2	2	834	0	841
1604	827	2	1	14	0	844
1605	833	2	2	4	0	841
1606	12	1	1	861	0	875
1607	5	2	860	13	0	880
1608	827	1	10	5	0	843
1609	12	865	3	4	0	884
1610	885	11	4	3	0	903
1611	871	5	2	3	0	881
1612	15	882	1	2	0	900
1613	3	901	5	1	0	910
1614	6	12	1	888	0	907
1615	3	4	1	913	0	921
1616	2	900	1	13	0	916
1617	1	12	0	913	0	926
1618	0	4	2	921	0	927
1619	3	2	916	12	0	933
1620	900	2	11	8	0	921
1621	936	0	4	7	0	947
1622	948	1	3	3	0	955
1623	17	0	4	925	0	946
1624	915	1	3	13	0	932
1625	14	901	3	4	0	922
1626	8	11	1	877	0	897
1627	6	888	2	12	0	908
1628	3	946	2	2	0	953
1629	952	13	3	4	0	972
1630	967	2	1	4	0	974
1631	961	6	0	1	0	968
1632	961	3	1	4	0	969
1633	968	0	3	1	0	972
1634	16	1	976	1	0	994
1635	967	1	11	1	0	980
1636	16	0	1017	1	0	1034
1637	990	0	11	2	0	1003
1638	1011	0	3	3	0	1017
1639	994	2	4	0	0	1000
1640	13	2	1059	3	0	1077
1641	7	0	11	1068	0	1086
1642	6	1099	1	8	0	1114
1643	1112	13	2	0	0	1127
1644	1096	1	3	1	0	1101
1645	13	1108	3	2	0	1126
1646	1145	12	1	0	0	1158
1647	16	2	2	1126	0	1146
1648	4	1150	4	12	0	1170
1649	1148	11	4	4	0	1167
1650	1152	3	1	4	0	1160
1651	10	3	3	1154	0	1170
1652	1167	2	2	12	0	1183
1653	15	1	3	1167	0	1186
1654	6	1	1	1175	0	1183
1655	7	1	1173	14	0	1195
1656	6	2	12	1146	0	1166
1657	2	2	5	1181	0	1190
1658	6	1	1188	11	0	1206
1659	4	2	1190	5	0	1201
1660	2	4	10	1197	0	1213
1661	1	2	1201	13	0	1217
1662	1150	3	15	4	0	1172
1663	13	1246	2	5	0	1266
1664	4	9	4	1277	0	1294
1665	5	1	5	1294	0	1305
1666	5	2	2	1297	0	1306
1667	1302	2	1	12	0	1317
1668	1294	2	2	6	0	1304
1669	1332	1	1	8	0	1342
1670	14	1335	2	4	0	1355
1671	6	10	0	1359	0	1375
1672	8	2	0	1364	0	1374
1673	1363	2	0	10	0	1375
1674	1351	4	2	3	0	1360
1675	10	3	0	1361	0	1374
1676	3	4	1363	12	0	1382
1677	1369	1	8	4	0	1382
1678	1383	2	1	5	0	1391
1679	13	2	1401	2	0	1418
1680	1337	0	11	4	0	1352
1681	15	1	1432	3	0	1451
1682	1406	3	9	1	0	1419
1683	14	24	3	1444	0	1485
1684	7	1533	1	15	0	1556
1685	3	13	1589	2	0	1607
1686	5	1566	14	3	0	1588
1687	3	1501	1	5	0	1510
1688	1548	11	9	7	0	1575
1689	7	5	2	1543	0	1557
1690	0	1	1	1509	0	1511
1691	1579	0	0	7	0	1586
1692	6	0	0	1599	0	1605
1693	0	0	0	1587	0	1587
1694	1	0	0	1583	0	1584
1695	0	1	0	1583	0	1584
1696	0	1	1583	9	0	1593
1697	0	2	1550	1	0	1553
1698	0	1584	6	1	0	1591
1699	1625	9	1	0	0	1635
1700	7	1	1	1647	0	1656
1701	2	1634	0	10	0	1646
1702	2	7	0	1717	0	1726
1703	0	1	0	1728	0	1729
1704	4	1	0	1717	0	1722
1705	0	0	0	1752	0	1752
1706	0	0	1	1735	0	1736
1707	0	1712	1	10	0	1723
1708	0	7	1	1737	0	1745
1709	0	1	1719	8	0	1728
1710	1	1718	9	0	0	1728
1711	1	10	0	1730	0	1741
1712	2	2	1	1725	0	1730
1713	1	1703	0	9	0	1713
1714	0	1724	0	3	0	1727
1715	1704	7	0	5	0	1716
1716	7	1708	0	2	0	1717
1717	1697	9	0	4	0	1710
1718	1687	1	0	4	0	1692
1719	6	0	1748	5	0	1759
1720	2	2	8	1682	0	1694
1721	1	2	1759	10	0	1772
1722	0	1801	12	1	0	1814
1723	2	12	1	1671	0	1686
1724	1	2	1	1799	0	1803
1725	1	5	1	1818	0	1825
1726	1	1	0	1844	0	1846
1727	0	4	1859	10	0	1873
1728	5	0	7	1830	0	1842
1729	2	2	1860	14	0	1878
1730	2	1	1836	4	0	1843
1731	1792	0	8	8	0	1808
1732	1903	1	4	1	0	1909
1733	1904	1	2	6	0	1913
1734	9	1867	3	3	0	1882
1735	2	11	0	1882	0	1895
1736	2	1	1937	11	0	1951
1737	0	1	8	1896	0	1905
1738	0	1	1988	11	0	2000
1739	1948	2	9	9	0	1968
1740	1945	0	3	4	0	1952
1741	1946	2	2	3	0	1953
1742	11	0	1899	2	0	1912
1743	7	0	1889	3	0	1899
1744	5	1	11	1943	0	1960
1745	6	1	5	1839	0	1851
1746	2	0	1	1957	0	1960
1747	0	5	1963	11	0	1979
1748	1	0	1823	9	0	1833
1749	1896	1	13	3	0	1913
1750	7	2	3	2002	0	2014
1751	3	1	2	1996	0	2002
1752	2038	0	1	11	0	2050
1753	9	2	1	2037	0	2049
1754	2116	1	2	10	0	2129
1755	2153	0	3	7	0	2163
1756	2148	1	3	3	0	2155
1757	12	0	2181	5	0	2198
1758	5	2158	7	26	0	2196
1759	2230	11	5	5	0	2251
1760	12	2	3	2238	0	2255
1761	2	2	4	2237	0	2245
1762	4	2241	0	14	0	2259
1763	2212	9	1	8	0	2230
1764	2208	4	1	5	0	2218
1765	2223	0	0	2	0	2225
1766	14	2224	1	4	0	2243
1767	2346	10	3	3	0	2362
1768	2354	3	2	4	0	2363
1769	2335	3	1	3	0	2342
1770	19	1	3	2308	0	2331
1771	6	4	0	2321	0	2331
1772	5	0	2377	16	0	2398
1773	1	2	12	2317	0	2332
1774	4	1	3	2333	0	2341
1775	1	3	2373	15	0	2392
1776	2277	0	11	7	0	2295
1777	2374	2	3	6	0	2385
1778	19	2	2	2333	0	2356
1779	8	2300	1	9	0	2318
1780	9	2341	1	3	0	2354
1781	5	13	0	2311	0	2329
1782	3	5	2269	13	0	2290
1783	1	6	9	2180	0	2196
1784	3	1	2161	11	0	2176
1785	2	1	2114	4	0	2121
1786	0	1	9	2182	0	2192
1787	2195	0	5	8	0	2208
1788	2145	0	2	6	0	2153
1789	9	0	0	2195	0	2204
1790	5	3	0	2188	0	2196
1791	4	1	0	2189	0	2194
1792	0	0	0	2172	0	2172
1793	2186	1	1	10	0	2198
1794	2177	0	0	8	0	2185
1795	2186	0	2	3	0	2191
1796	8	0	2183	1	0	2192
1797	5	0	5	2172	0	2182
1798	2	0	4	2221	0	2227
1799	2196	0	2	9	0	2207
1800	5	2161	1	7	0	2174
1801	2163	4	0	2	0	2169
1802	2156	4	0	2	0	2162
1803	2143	1	1	3	0	2148
1804	2142	1	0	1	0	2144
1805	12	1	2168	4	0	2185
1806	10	1	2045	2	0	2058
1807	2213	0	13	4	0	2230
1808	2261	0	6	2	0	2269
1809	2251	0	2	2	0	2255
1810	2270	0	1	3	0	2274
1811	17	1	2475	1	0	2494
1812	6	2596	21	9	0	2632
1813	6	27	7	2797	0	2837
1814	2943	6	3	33	0	2985
1815	3006	3	2	17	0	3028
1816	3265	2	1	14	0	3282
1817	3346	0	2	6	0	3354
1818	3392	0	1	5	0	3398
1819	3291	2	1	2	0	3296
1820	91	2	3002	4	0	3099
1821	44	0	3170	2	0	3216
1822	26	3	62	3139	0	3230
1823	18	1	3189	49	0	3257
1824	15	3099	64	22	0	3200
1825	12	3150	26	11	0	3199
1826	14	68	15	3203	0	3300
1827	9	26	3265	48	0	3348
1828	4	16	3149	20	0	3189
1829	3123	8	76	20	0	3227
1830	3440	7	33	8	0	3488
1831	83	7	18	3487	0	3595
1832	3576	7	15	66	0	3664
1833	83	3	9	3556	0	3651
1834	39	0	12	3607	0	3658
1835	23	3	3590	100	0	3716
1836	17	2	3510	46	0	3575
1837	15	3	90	3507	0	3615
1838	10	4	3508	79	0	3601
1839	3336	1	83	42	0	3462
1840	3534	1	39	27	0	3601
1841	98	3528	26	25	0	3677
1842	3607	65	18	15	0	3705
1843	92	30	3526	10	0	3658
1844	3510	14	73	13	0	3610
1845	3607	7	35	8	0	3657
1846	3642	5	23	10	0	3680
1847	128	4	15	3452	0	3599
1848	66	3487	12	69	0	3634
1849	3552	68	11	30	0	3661
1850	3580	30	12	16	0	3638
1851	120	15	12	3545	0	3692
1852	3556	10	13	88	0	3667
1853	111	3559	9	50	0	3729
1854	57	78	18	3526	0	3679
1855	37	36	3472	93	0	3638
1856	3248	21	87	47	0	3403
1857	108	12	3454	30	0	3604
1858	49	14	101	3466	0	3630
1859	38	3431	47	89	0	3605
1860	27	3733	29	40	0	3829
1861	36	116	19	3775	0	3946
1862	28	3847	21	104	0	4000
1863	26	119	20	4914	0	5079
1864	31	59	17	5233	0	5340
1865	24	33	15	5350	0	5422
1866	5103	29	12	238	0	5382
1867	155	19	11	5137	0	5322
1868	84	20	5004	201	0	5309
1869	56	5006	138	110	0	5310
1870	5061	147	61	66	0	5335
1871	182	64	32	5053	0	5331
1872	98	44	25	5120	0	5287
1873	73	27	21	5208	0	5329
1874	51	23	4957	237	0	5268
1875	50	4985	157	113	0	5305
1876	5012	147	68	88	0	5315
1877	169	70	45	4870	0	5154
1878	83	5048	28	180	0	5339
1879	5067	171	34	95	0	5367
1880	164	87	5002	68	0	5321
1881	5017	54	162	41	0	5274
1882	187	44	5124	49	0	5404
1883	106	34	5134	42	0	5316
1884	73	5045	208	58	0	5384
1885	59	147	106	4944	0	5256
1886	44	84	4951	177	0	5256
1887	47	4804	181	92	0	5124
1888	53	158	98	4758	0	5067
1889	35	4837	55	178	0	5105
1890	28	177	4800	103	0	5108
1891	32	96	174	4791	0	5093
1892	30	53	4817	203	0	5103
1893	26	45	192	4832	0	5095
1894	37	35	104	4951	0	5127
1895	34	31	4776	247	0	5088
1896	33	29	173	4864	0	5099
1897	4671	28	101	220	0	5020
1898	172	4739	58	123	0	5092
1899	101	153	4719	94	0	5067
1900	4706	84	175	67	0	5032
1901	209	46	91	4566	0	4912
1902	104	4721	65	177	0	5067
1903	4813	170	43	109	0	5135
1904	4910	87	46	71	0	5114
1905	237	64	33	4683	0	5017
1906	118	48	32	4799	0	4997
1907	73	44	30	4844	0	4991
1908	64	32	28	4799	0	4923
1909	59	4584	24	285	0	4952
1910	60	241	39	4469	0	4809
1911	45	4294	30	209	0	4578
1912	42	4257	39	130	0	4468
1913	28	4173	31	98	0	4330
1914	29	196	3876	68	0	4169
1915	39	3955	123	69	0	4186
1916	3594	157	92	67	0	3910
1917	120	3626	39	67	0	3852
1918	72	136	29	3359	0	3596
1919	48	3614	36	142	0	3840
1920	38	148	33	3597	0	3816
1921	45	93	30	3696	0	3864
1922	44	56	3564	194	0	3858
1923	3478	50	125	119	0	3772
1924	3576	58	69	85	0	3788
1925	3618	32	52	79	0	3781
1926	176	3493	39	84	0	3792
1927	87	121	39	3440	0	3687
1928	53	82	3385	170	0	3690
1929	51	3360	131	105	0	3647
1930	46	139	61	2950	0	3196
1931	41	3148	46	115	0	3350
1932	3074	124	38	67	0	3303
1933	3112	75	41	45	0	3273
1934	3168	55	33	41	0	3297
1935	3164	33	40	41	0	3278
1936	173	30	47	3013	0	3263
1937	97	34	39	3017	0	3187
1938	57	3001	35	146	0	3239
1939	44	112	39	3080	0	3275
1940	32	70	2996	150	0	3248
1941	22	58	105	2998	0	3183
1942	20	41	2940	154	0	3155
1943	21	2881	119	94	0	3115
1944	24	117	2926	69	0	3136
1945	20	73	137	2909	0	3139
1946	30	43	2965	136	0	3174
1947	23	35	132	2964	0	3154
1948	20	36	71	3005	0	3132
1949	26	33	48	3034	0	3141
1950	30	32	41	3025	0	3128
1951	2842	28	39	174	0	3083
1952	96	2881	25	111	0	3113
1953	2846	110	27	76	0	3059
1954	114	65	2732	58	0	2969
1955	2779	40	89	50	0	2958
1956	2856	43	47	50	0	2996
1957	155	32	2739	47	0	2973
1958	109	30	2634	49	0	2822
1959	60	2554	120	58	0	2792
1960	52	2435	47	46	0	2580
1961	55	104	2237	58	0	2454
1962	35	1943	84	71	0	2133
1963	57	88	33	1042	0	1220
1964	918	10	16	13	0	957
1965	12	0	3	931	0	946
1966	941	3	2	10	0	956
1967	942	1	0	12	0	955
1968	19	945	0	4	0	968
1969	951	8	2	8	0	969
1970	958	7	1	2	0	968
1971	17	3	1	946	0	967
1972	960	7	0	10	0	977
1973	14	967	1	7	0	989
1974	9	13	0	965	0	987
1975	966	5	1	13	0	985
1976	16	1	981	5	0	1003
1977	959	3	9	3	0	974
1978	13	2	4	993	0	1012
1979	7	2	988	8	0	1005
1980	1	0	972	7	0	980
1981	954	6	16	4	0	980
1982	934	0	6	6	0	946
1983	8	0	7	918	0	933
1984	4	1	4	933	0	942
1985	5	2	2	930	0	939
1986	6	933	0	14	0	953
1987	955	7	1	7	0	970
1988	8	949	2	7	0	966
1989	958	10	1	5	0	974
1990	10	6	949	4	0	969
1991	6	2	12	950	0	970
1992	971	4	5	12	0	992
1993	15	1	1	976	0	993
1994	7	0	5	964	0	976
1995	3	931	2	16	0	952
1996	952	9	0	5	0	966
1997	11	987	2	7	0	1007
1998	4	12	2	1009	0	1027
1999	5	6	986	9	0	1006
2000	911	5	7	2	0	925
2001	11	5	965	3	0	984
2002	895	1	11	5	0	912
2003	9	957	6	7	0	979
2004	8	10	3	927	0	948
2005	4	937	4	9	0	954
2006	959	10	1	5	0	975
2007	11	7	0	956	0	974
2008	5	2	2	970	0	979
2009	2	7	942	15	0	966
2010	913	1	9	7	0	930
2011	12	0	4	959	0	975
2012	4	0	937	18	0	959
2013	4	924	12	3	0	943
2014	7	10	2	924	0	943
2015	934	5	3	16	0	958
2016	12	2	4	939	0	957
2017	3	6	953	13	0	975
2018	1015	1	11	6	0	1033
2019	17	0	3	1014	0	1034
2020	3	1	1133	18	0	1155
2021	2	1	20	1150	0	1173
2022	7	1	2	1150	0	1160
2023	1	1166	4	24	0	1195
2024	1162	16	5	7	0	1190
2025	18	1173	2	10	0	1203
2026	1180	19	1	7	0	1207
2027	23	7	1	1156	0	1187
2028	11	1176	0	18	0	1205
2029	6	20	2	1173	0	1201
2030	7	4	1154	22	0	1187
2031	1125	4	18	9	0	1156
2032	18	3	4	1143	0	1168
2033	7	2	3	1142	0	1154
2034	6	1	4	1150	0	1161
2035	4	5	1116	25	0	1150
2036	5	0	1104	14	0	1123
2037	1	1115	22	11	0	1149
2038	4	18	8	1098	0	1128
2039	1098	4	6	19	0	1127
2040	16	1109	4	6	0	1135
2041	6	19	2	1137	0	1164
2042	1140	6	3	18	0	1167
2043	1147	6	0	5	0	1158
2044	23	1138	0	5	0	1166
2045	1241	16	1	9	0	1267
2046	1377	5	1	7	0	1390
2047	31	4	3	1470	0	1508
2048	15	1471	3	30	0	1519
2049	10	32	1	1499	0	1542
2050	1489	12	4	38	0	1543
2051	33	6	1499	16	0	1554
2052	12	8	29	1478	0	1527
2053	13	2	12	1502	0	1529
2054	9	4	1482	44	0	1539
2055	3	5	32	1488	0	1528
2056	1479	5	13	41	0	1538
2057	1421	2	9	20	0	1452
2058	44	4	6	1467	0	1521
2059	15	2	1460	44	0	1521
2060	12	4	1415	20	0	1451
2061	10	1393	36	16	0	1455
2062	8	1450	18	18	0	1494
2063	11	38	8	1406	0	1463
2064	1388	15	5	39	0	1447
2065	30	1391	5	17	0	1443
2066	1372	30	10	9	0	1421
2067	34	13	3	1372	0	1422
2068	15	9	4	1371	0	1399
2069	1318	5	7	40	0	1370
2070	33	1332	1	24	0	1390
2071	1338	29	3	14	0	1384
2072	41	11	1300	7	0	1359
2073	14	9	1300	12	0	1335
2074	12	3	38	1272	0	1325
2075	8	6	1292	31	0	1337
2076	7	5	1267	17	0	1296
2077	10	11	39	1218	0	1278
2078	4	4	1244	35	0	1287
2079	11	2	35	1228	0	1276
2080	4	7	16	1238	0	1265
2081	8	2	1254	44	0	1308
2082	6	5	32	1229	0	1272
2083	9	3	16	1230	0	1258
2084	8	1206	12	45	0	1271
2085	1208	33	7	23	0	1271
2086	32	10	1197	16	0	1255
2087	15	9	29	1193	0	1246
2088	10	7	19	1211	0	1247
2089	6	2	1181	47	0	1236
2090	1126	5	32	25	0	1188
2091	30	1173	17	16	0	1236
2092	11	30	11	1176	0	1228
2093	10	15	7	1174	0	1206
2094	7	1171	7	45	0	1230
2095	8	26	1167	27	0	1228
2096	9	1184	31	15	0	1239
2097	1138	34	12	16	0	1200
2098	31	12	1128	15	0	1186
2099	13	18	32	1122	0	1185
2100	13	5	1140	35	0	1193
2101	11	4	1133	17	0	1165
2102	8	1136	38	13	0	1195
2103	10	29	19	1105	0	1163
2104	1104	14	15	29	0	1162
2105	1128	5	11	17	0	1161
2106	35	1111	9	17	0	1172
2107	16	27	8	1140	0	1191
2108	1121	13	10	32	0	1176
2109	1148	12	8	21	0	1189
2110	32	1133	11	15	0	1191
2111	1150	24	8	14	0	1196
2112	35	11	6	1122	0	1174
2113	12	1138	13	32	0	1195
2114	10	26	6	1172	0	1214
2115	13	14	5	1163	0	1195
2116	10	19	7	1173	0	1209
2117	12	10	1117	41	0	1180
2118	7	5	1056	22	0	1090
2119	9	1044	33	14	0	1100
2120	909	19	25	9	0	962
2121	18	911	7	6	0	942
2122	14	21	1	886	0	922
2123	8	11	925	18	0	962
2124	4	4	18	903	0	929
2125	2	9	11	923	0	945
2126	5	4	10	932	0	951
2127	907	7	6	30	0	950
2128	18	6	3	923	0	950
2129	9	5	964	25	0	1003
2130	938	0	20	17	0	975
2131	964	4	9	12	0	989
2132	980	2	9	14	0	1005
2133	986	4	6	7	0	1003
2134	983	4	2	10	0	999
2135	30	965	6	7	0	1008
2136	15	19	4	945	0	983
2137	9	960	7	19	0	995
2138	960	18	3	13	0	994
2139	957	11	1	9	0	978
2140	947	4	3	7	0	961
2141	27	902	3	8	0	940
2142	18	898	3	3	0	922
2143	9	920	4	10	0	943
2144	12	24	912	7	0	955
2145	21	69	17	729	0	836
2146	6	655	3	8	0	672
2147	2	569	1	3	0	575
2148	5	2	0	557	0	564
2149	1	1	0	555	0	557
2150	0	2	561	1	0	564
2151	552	0	2	1	0	555
2152	3	0	1	593	0	597
2153	2	1	0	586	0	589
2154	0	2	586	3	0	591
2155	1	0	570	2	0	573
2156	0	606	3	1	0	610
2157	1	3	2	615	0	621
2158	1	1	1	629	0	632
2159	0	0	608	7	0	615
2160	566	0	4	3	0	573
2161	606	0	4	0	0	610
2162	3	1	615	0	0	619
2163	608	2	1	2	0	613
2164	2	0	626	2	0	630
2165	620	1	3	1	0	625
2166	635	1	2	1	0	639
2167	5	0	652	1	0	658
2168	3	0	2	642	0	647
2169	1	0	2	646	0	649
2170	1	1	1	683	0	686
2171	684	0	1	4	0	689
2172	678	0	0	2	0	680
2173	5	0	711	0	0	716
2174	2	0	697	2	0	701
2175	729	0	4	4	0	737
2176	744	0	1	4	0	749
2177	6	0	735	2	0	743
2178	3	0	712	1	0	716
2179	1	1	5	726	0	733
2180	2	0	754	4	0	760
2181	1	2	4	726	0	733
2182	784	0	1	5	0	790
2183	5	0	863	1	0	869
2184	841	0	5	2	0	848
2185	4	2	975	2	0	983
2186	3	1	7	968	0	979
2187	1	1	3	1024	0	1029
2188	1	0	2	1029	0	1032
2189	2	1038	2	17	0	1059
2190	4	9	2	977	0	992
2191	1	6	2	1056	0	1065
2192	1050	1	1	14	0	1066
2193	8	0	1041	9	0	1058
2194	1008	0	8	3	0	1019
2195	10	2	1038	1	0	1051
2196	963	0	8	2	0	973
2197	7	1033	4	4	0	1048
2198	6	5	1028	1	0	1040
2199	1	4	1030	2	0	1037
2200	3	3	12	945	0	963
2201	3	1	8	1035	0	1047
2202	1	0	1046	11	0	1058
2203	0	1	1041	5	0	1047
2204	1	0	1136	1	0	1138
2205	1159	0	13	1	0	1173
2206	1169	1	6	2	0	1178
2207	1174	0	3	3	0	1180
2208	11	0	0	1156	0	1167
2209	5	0	2	1167	0	1174
2210	3	0	1208	12	0	1223
2211	3	1	6	1180	0	1190
2212	3	0	9	1123	0	1135
2213	1190	0	2	11	0	1203
2214	1178	0	2	8	0	1188
2215	1214	0	1	3	0	1218
2216	15	0	1	1223	0	1239
2217	5	1	1	1227	0	1234
2218	2	1	0	1229	0	1232
2219	1214	1	0	16	0	1231
2220	8	0	1	1211	0	1220
2221	8	1202	2	6	0	1218
2222	3	7	2	1191	0	1203
2223	2	1171	2	8	0	1183
2224	1177	7	4	6	0	1194
2225	1166	5	1	2	0	1174
2226	11	1177	3	1	0	1192
2227	6	1199	3	2	0	1210
2228	2	11	2	1200	0	1215
2229	2	7	1162	8	0	1179
2230	2	2	8	1159	0	1171
2231	2	4	1177	8	0	1191
2232	1	1179	11	8	0	1199
2233	3	6	7	1194	0	1210
2234	4	4	3	1200	0	1211
2235	5	2	1249	9	0	1265
2236	2	1	7	1260	0	1270
2237	3	0	1278	12	0	1293
2238	1280	3	9	7	0	1299
2239	1292	1	8	7	0	1308
2240	1308	0	1	10	0	1319
2241	15	0	3	1290	0	1308
2242	10	1	1	1292	0	1304
2243	4	2	1346	15	0	1367
2244	5	3	8	1324	0	1340
2245	3	1340	10	8	0	1361
2246	5	7	1345	8	0	1365
2247	3	6	1323	3	0	1335
2248	3	4	13	1273	0	1293
2249	0	3	1376	8	0	1387
2250	0	1	1346	9	0	1356
2251	1309	3	14	4	0	1330
2252	7	1447	6	4	0	1464
2253	1510	6	3	3	0	1522
2254	1505	7	0	3	0	1515
2255	1528	2	0	4	0	1534
2256	14	0	1	1514	0	1529
2257	8	1	3	1538	0	1550
2258	3	0	1548	16	0	1567
2259	2	0	9	1514	0	1525
2260	5	1529	3	7	0	1544
2261	1549	6	3	6	0	1564
2262	6	1533	2	2	0	1543
2263	6	1559	3	4	0	1572
2264	2	9	0	1564	0	1575
2265	2	8	1596	7	0	1613
2266	2	2	7	1594	0	1605
2267	1	3	1597	8	0	1609
2268	3	1574	9	7	0	1593
2269	1586	5	6	5	0	1602
2270	1595	6	4	2	0	1607
2271	1659	2	4	4	0	1669
2272	11	2	1755	5	0	1773
2273	9	3	1661	2	0	1675
2274	1725	1	14	3	0	1743
2275	1767	1	9	4	0	1781
2276	1793	1	3	5	0	1802
2277	14	0	2	1785	0	1801
2278	8	1	3	1806	0	1818
2279	1806	0	1	14	0	1821
2280	1764	1	4	12	0	1781
2281	13	2	1817	5	0	1837
2282	5	1	1726	4	0	1736
2283	1670	0	6	3	0	1679
2284	3	2	1764	3	0	1772
2285	1619	0	4	4	0	1627
2286	2	0	1673	1	0	1676
2287	1	1	4	1604	0	1610
2288	1	2	1665	0	0	1668
2289	1	0	0	1663	0	1664
2290	0	0	1	1673	0	1674
2291	0	1691	0	13	0	1704
2292	1720	0	0	4	0	1724
2293	1	2	1746	1	0	1750
2294	1661	0	0	0	0	1661
2295	0	1770	1	1	0	1772
2296	1827	0	0	1	0	1828
2297	0	1	0	1825	0	1826
2298	1	0	0	1845	0	1846
2299	0	1879	0	4	0	1883
2300	0	3	0	1965	0	1968
2301	1	2	0	1979	0	1982
2302	0	0	0	2014	0	2014
2303	1981	0	0	7	0	1988
2304	1869	0	0	3	0	1872
2305	7	1	1853	0	0	1861
2306	2	1876	4	3	0	1885
2307	0	5	2	1912	0	1919
2308	0	2	0	1994	0	1996
2309	0	0	2028	8	0	2036
2310	0	0	5	1975	0	1980
2311	2012	1	3	9	0	2025
2312	2034	1	0	5	0	2040
2313	2068	0	1	6	0	2075
2314	12	2	2	2087	0	2103
2315	2151	0	1	13	0	2165
2316	2148	0	0	7	0	2155
2317	2183	0	1	6	0	2190
2318	15	0	0	2182	0	2197
2319	8	1	0	2194	0	2203
2320	2	0	2	2206	0	2210
2321	4	2	0	2184	0	2190
2322	2	1	0	2176	0	2179
2323	1	1	2169	16	0	2187
2324	0	0	2133	6	0	2139
2325	0	2128	12	7	0	2147
2326	2	12	2	2182	0	2198
2327	3	5	0	2188	0	2196
2328	4	0	1	2194	0	2199
2329	0	0	2168	20	0	2188
2330	4	2	10	2148	0	2164
2331	3	4	2151	14	0	2172
2332	3	0	9	2143	0	2155
2333	2	1	2191	15	0	2209
2334	1	2193	12	11	0	2217
2335	5	10	2	2165	0	2182
2336	2	2	2134	17	0	2155
2337	1986	1	11	10	0	2008
2338	11	2166	6	5	0	2188
2339	6	11	3	2197	0	2217
2340	3	2196	1	11	0	2211
2341	3	10	1	2204	0	2218
2342	2225	4	1	17	0	2247
2343	15	1	1	2148	0	2165
2344	6	2145	3	13	0	2167
2345	2139	13	3	7	0	2162
2346	14	3	2	2196	0	2215
2347	7	0	1	2217	0	2225
2348	2235	0	3	26	0	2264
2349	21	4	0	2390	0	2415
2350	9	0	0	2894	0	2903
2351	4	1	3024	72	0	3101
2352	5	0	3020	23	0	3048
2353	2	3	90	2974	0	3069
2354	1	0	2990	83	0	3074
2355	1	3	2991	27	0	3022
2356	2835	0	98	26	0	2959
2357	76	1	2990	7	0	3074
2358	20	2969	93	12	0	3094
2359	17	75	25	3010	0	3127
2360	3084	16	19	80	0	3199
2361	3179	16	7	30	0	3232
2362	3192	5	9	25	0	3231
2363	109	3114	5	14	0	3242
2364	39	77	6	3104	0	3226
2365	26	21	6	3163	0	3216
2366	2980	20	8	107	0	3115
2367	3116	4	11	48	0	3179
2368	3131	9	11	30	0	3181
2369	112	4	3086	17	0	3219
2370	49	3019	84	19	0	3171
2371	33	3418	35	13	0	3499
2372	16	107	31	3296	0	3450
2373	14	51	9	3469	0	3543
2374	8	29	3437	145	0	3619
2375	3397	15	111	69	0	3592
2376	3533	9	40	48	0	3630
2377	149	7	39	3450	0	3645
2378	78	13	16	3524	0	3631
2379	50	7	15	3576	0	3648
2380	3456	6	7	180	0	3649
2381	134	5	3342	87	0	3568
2382	57	14	3404	65	0	3540
2383	43	8	140	3357	0	3548
2384	20	9	3356	128	0	3513
2385	3270	8	139	60	0	3477
2386	3359	5	61	47	0	3472
2387	3406	5	47	28	0	3486
2388	181	3231	21	27	0	3460
2389	3287	104	23	19	0	3433
2390	161	42	15	3212	0	3430
2391	65	38	14	3280	0	3397
2392	56	13	9	3336	0	3414
2393	24	12	3145	191	0	3372
2394	27	11	115	3131	0	3284
2395	29	3118	52	148	0	3347
2396	3068	100	42	70	0	3280
2397	112	3134	22	65	0	3333
2398	48	136	3064	36	0	3284
2399	51	3081	110	37	0	3279
2400	2958	140	55	26	0	3179
2401	132	2983	48	17	0	3180
2402	62	136	31	2736	0	2965
2403	46	2959	31	99	0	3135
2404	2941	136	20	61	0	3158
2405	3024	52	17	50	0	3143
2406	2912	44	19	32	0	3007
2407	177	29	2884	25	0	3115
2408	95	23	2870	22	0	3010
2409	69	21	2863	17	0	2970
2410	2786	17	156	28	0	2987
2411	127	28	80	2731	0	2966
2412	56	17	61	2819	0	2953
2413	59	17	2705	144	0	2925
2414	28	18	121	2730	0	2897
2415	2596	21	47	143	0	2807
2416	120	2623	39	73	0	2855
2417	2661	104	24	60	0	2849
2418	145	52	2614	27	0	2838
2419	2657	45	112	28	0	2842
2420	2751	29	40	15	0	2835
2421	2751	28	41	17	0	2837
2422	181	22	2588	25	0	2816
2423	92	18	115	2596	0	2821
2424	74	11	2619	116	0	2820
2425	59	6	130	2615	0	2810
2426	42	11	2642	140	0	2835
2427	38	9	144	2621	0	2812
2428	19	20	64	2732	0	2835
2429	2618	9	57	152	0	2836
2430	2675	10	27	92	0	2804
2431	2726	9	25	59	0	2819
2432	180	5	22	2594	0	2801
2433	91	2399	26	129	0	2645
2434	73	2601	21	57	0	2752
2435	2579	116	14	64	0	2773
2436	130	63	2529	29	0	2751
2437	2573	46	102	34	0	2755
2438	149	22	2543	25	0	2739
2439	2594	20	144	24	0	2782
2440	2546	13	55	25	0	2639
2441	155	7	2591	21	0	2774
2442	2655	10	121	22	0	2808
2443	2699	7	57	27	0	2790
2444	2698	10	50	22	0	2780
2445	190	2595	24	30	0	2839
2446	93	135	30	2542	0	2800
2447	68	36	2553	114	0	2771
2448	48	46	2597	56	0	2747
2449	35	2366	125	56	0	2582
2450	26	1897	50	15	0	1988
2451	49	44	51	1661	0	1805
2452	1631	29	18	42	0	1720
2453	46	1674	14	28	0	1762
2454	28	45	8	1657	0	1738
2455	30	1688	4	38	0	1760
2456	1674	51	4	29	0	1758
2457	43	31	12	1659	0	1745
2458	31	25	1634	43	0	1733
2459	23	1563	41	31	0	1658
2460	17	1575	23	25	0	1640
2461	22	48	23	1447	0	1540
2462	18	1528	13	31	0	1590
2463	16	50	11	1514	0	1591
2464	1522	28	7	46	0	1603
2465	1531	33	5	24	0	1593
2466	1571	13	4	28	0	1616
2467	1587	11	6	17	0	1621
2468	68	6	1554	14	0	1642
2469	40	1488	29	10	0	1567
2470	36	1495	18	6	0	1555
2471	12	1209	8	4	0	1233
2472	6	1191	4	5	0	1206
2473	1113	19	18	3	0	1153
2474	1082	5	3	1	0	1091
2475	1111	1	0	0	0	1112
2476	1117	1	0	0	0	1118
2477	15	2	1090	0	0	1107
2478	1146	1	8	1	0	1156
2479	1167	0	5	0	0	1172
2480	1177	1	0	0	0	1178
2481	16	1	0	1165	0	1182
2482	7	1	0	1170	0	1178
2483	1180	1	3	13	0	1197
2484	13	0	0	1183	0	1196
2485	8	1175	0	9	0	1192
2486	3	9	0	1201	0	1213
2487	1	4	0	1205	0	1210
2488	1	1218	1	16	0	1236
2489	3	10	0	1223	0	1236
2490	1	5	0	1223	0	1229
2491	1210	1	0	14	0	1225
2492	9	0	1186	8	0	1203
2493	1176	0	9	3	0	1188
2494	10	2	1202	1	0	1215
2495	5	2	1155	2	0	1164
2496	0	2	1190	3	0	1195
2497	1196	0	14	2	0	1212
2498	10	3	1248	4	0	1265
2499	1240	4	8	2	0	1254
2500	1255	1	8	4	0	1268
2501	1256	0	2	1	0	1259
2502	15	1246	1	1	0	1263
2503	1249	8	4	2	0	1263
2504	11	1276	2	0	0	1289
2505	12	9	1	1291	0	1313
2506	4	6	1	1298	0	1309
2507	2	1274	4	15	0	1295
2508	1	1287	0	8	0	1296
2509	3	1323	2	0	0	1328
2510	1313	16	1	4	0	1334
2511	10	1353	0	4	0	1367
2512	1354	9	0	5	0	1368
2513	9	9	1342	3	0	1363
2514	1357	4	8	0	0	1369
2515	1373	6	6	1	0	1386
2516	18	1	1332	3	0	1354
2517	7	5	10	1343	0	1365
2518	5	5	1368	8	0	1386
2519	5	4	9	1345	0	1363
2520	4	4	8	1360	0	1376
2521	1372	4	1	14	0	1391
2522	1373	2	4	8	0	1387
2523	22	1364	0	4	0	1390
2524	1385	9	4	0	0	1398
2525	14	7	1419	2	0	1442
2526	1405	1	12	4	0	1422
2527	17	1	1483	2	0	1503
2528	13	3	1496	1	0	1513
2529	1542	2	17	2	0	1563
2530	1577	3	8	3	0	1591
2531	18	0	1621	7	0	1646
2532	17	1	11	1557	0	1586
2533	5	2	9	1617	0	1633
2534	1	6	1604	19	0	1630
2535	4	2	11	1579	0	1596
2536	6	1548	7	15	0	1576
2537	1	17	6	1644	0	1668
2538	5	6	1	1616	0	1628
2539	4	3	1576	20	0	1603
2540	1494	0	12	11	0	1517
2541	1554	1	10	6	0	1571
2542	1549	2	6	1	0	1558
2543	1535	0	3	4	0	1542
2544	24	1506	3	3	0	1536
2545	13	9	8	1466	0	1496
2546	8	6	1454	16	0	1484
2547	4	6	1453	8	0	1471
2548	9	1	17	1418	0	1445
2549	4	3	1468	14	0	1489
2550	1407	3	14	7	0	1431
2551	11	0	7	1464	0	1482
2552	8	1	3	1466	0	1478
2553	4	3	1	1459	0	1467
2554	1445	2	1	24	0	1472
2555	13	1456	1	11	0	1481
2556	1473	11	0	4	0	1488
2557	1466	6	3	2	0	1477
2558	18	1428	1	2	0	1449
2559	10	1446	2	2	0	1460
2560	1471	16	2	0	0	1489
2561	10	8	3	1469	0	1490
2562	9	4	1	1461	0	1475
2563	1523	0	3	18	0	1544
2564	15	0	1493	10	0	1518
2565	1481	1	12	7	0	1501
2566	1530	0	5	2	0	1537
2567	20	1558	3	1	0	1582
2568	1640	16	0	3	0	1659
2569	1652	8	0	0	0	1660
2570	21	1778	2	3	0	1804
2571	8	1802	0	1	0	1811
2572	11	19	4	1746	0	1780
2573	1788	11	0	17	0	1816
2574	17	1841	0	6	0	1864
2575	6	20	0	1864	0	1890
2576	1921	5	0	20	0	1946
2577	20	9	1897	5	0	1931
2578	6	1	17	1901	0	1925
2579	10	2	1911	22	0	1945
2580	1847	3	29	6	0	1885
2581	1919	0	5	13	0	1937
2582	29	2	1901	1	0	1933
2583	15	1892	20	0	0	1927
2584	12	22	4	1896	0	1934
2585	4	8	1913	22	0	1947
2586	2	10	21	1898	0	1931
2587	4	3	4	1958	0	1969
2588	2	2	1949	30	0	1983
2589	1879	1	22	16	0	1918
2590	1946	1	7	9	0	1963
2591	27	1	1944	4	0	1976
2592	15	1940	21	2	0	1978
2593	14	22	6	1901	0	1943
2594	5	1939	10	18	0	1972
2595	4	1968	1	7	0	1980
2596	1938	29	3	9	0	1979
2597	21	16	5	1944	0	1986
2598	9	10	3	1932	0	1954
2599	11	1	1916	29	0	1957
2600	3	0	1883	19	0	1905
2601	3	3	30	1885	0	1921
2602	2	1	15	1917	0	1935
2603	5	3	1894	27	0	1929
2604	2	3	1881	14	0	1900
2605	3	4	27	1863	0	1897
2606	1863	4	14	27	0	1908
2607	22	1871	11	14	0	1918
2608	1876	26	3	12	0	1917
2609	35	1880	3	1	0	1919
2610	8	1919	2	6	0	1935
2611	1879	28	0	10	0	1917
2612	26	11	1878	3	0	1918
2613	6	10	28	1869	0	1913
2614	11	5	7	1905	0	1928
2615	7	2	12	2033	0	2054
2616	7	3	2035	41	0	2086
2617	6	2	33	2049	0	2090
2618	2076	3	12	42	0	2133
2619	34	5	11	2148	0	2198
2620	15	3	5	2204	0	2227
2621	2183	3	6	41	0	2233
2622	2199	5	2	21	0	2227
2623	40	2179	2	17	0	2238
2624	18	34	2179	7	0	2238
2625	13	7	2121	7	0	2148
2626	5	11	2133	11	0	2160
2627	10	2038	41	8	0	2097
2628	12	36	23	1963	0	2034
2629	13	8	13	2007	0	2041
2630	1984	12	6	41	0	2043
2631	37	6	4	1945	0	1992
2632	16	4	1929	46	0	1995
2633	15	4	38	1938	0	1995
2634	8	7	11	1963	0	1989
2635	10	5	1938	43	0	1996
2636	6	1916	37	22	0	1981
2637	6	33	13	1775	0	1827
2638	6	1887	15	44	0	1952
2639	7	37	1884	13	0	1941
2640	1869	12	35	19	0	1935
2641	1913	8	13	12	0	1946
2642	1918	6	13	14	0	1951
2643	49	6	12	1883	0	1950
2644	19	1904	9	44	0	1976
2645	1901	35	8	16	0	1960
2646	1923	13	7	19	0	1962
2647	1903	12	13	12	0	1940
2648	47	4	1863	13	0	1927
2649	1816	7	35	11	0	1869
2650	44	1831	12	11	0	1898
2651	1817	29	16	8	0	1870
2652	35	1838	7	14	0	1894
2653	1849	39	6	10	0	1904
2654	48	11	1850	9	0	1918
2655	1844	12	33	9	0	1898
2656	1876	5	11	11	0	1903
2657	1697	5	11	13	0	1726
2658	1901	5	6	8	0	1920
2659	49	6	1846	8	0	1909
2660	22	6	32	1829	0	1889
2661	1832	7	11	37	0	1887
2662	41	1819	13	14	0	1887
2663	15	37	10	1783	0	1845
2664	17	8	1764	38	0	1827
2665	18	12	32	1750	0	1812
2666	12	9	1763	40	0	1824
2667	11	1696	38	15	0	1760
2668	9	1601	11	15	0	1636
2669	17	1602	6	11	0	1636
2670	9	38	5	1429	0	1481
2671	8	9	6	1420	0	1443
2672	11	0	1382	23	0	1416
2673	3	1322	20	11	0	1356
2674	1266	18	7	5	0	1296
2675	19	1214	7	5	0	1245
2676	4	1187	4	8	0	1203
2677	32	20	10	1136	0	1198
2678	1134	5	2	21	0	1162
2679	1136	4	2	10	0	1152
2680	14	4	6	1132	0	1156
2681	1124	2	1	21	0	1148
2682	19	2	3	1118	0	1142
2683	4	5	1112	15	0	1136
2684	1107	8	15	6	0	1136
2685	17	5	6	1111	0	1139
2686	5	4	1075	16	0	1100
2687	5	4	1070	5	0	1084
2688	4	5	16	1076	0	1101
2689	1096	3	4	16	0	1119
2690	1098	1	2	7	0	1108
2691	17	1092	3	9	0	1121
2692	1132	15	5	3	0	1155
2693	1139	3	2	7	0	1151
2694	1139	2	6	7	0	1154
2695	20	1162	5	2	0	1189
2696	1159	16	1	7	0	1183
2697	1169	3	1	4	0	1177
2698	17	2	3	1170	0	1192
2699	1150	5	2	15	0	1172
2700	20	1141	1	2	0	1164
2701	8	1167	2	1	0	1178
2702	7	14	2	1178	0	1201
2703	3	3	3	1200	0	1209
2704	7	1202	2	15	0	1226
2705	1203	14	1	3	0	1221
2706	15	1183	4	4	0	1206
2707	1178	11	2	2	0	1193
2708	15	1199	3	4	0	1221
2709	7	13	2	1158	0	1180
2710	4	1216	4	14	0	1238
2711	1219	13	11	7	0	1250
2712	1215	8	3	3	0	1229
2713	1204	2	3	3	0	1212
2714	15	2	1181	2	0	1200
2715	5	3	1038	0	0	1046
2716	3	1019	7	3	0	1032
2717	3	5	991	0	0	999
2718	1	7	945	2	0	955
2719	1	8	4	854	0	867
2720	1	0	885	2	0	888
2721	0	897	2	0	0	899
2722	892	2	0	0	0	894
2723	3	866	0	1	0	870
2724	1	876	1	1	0	879
2725	900	3	1	0	0	904
2726	917	1	0	0	0	918
2727	2	943	0	0	0	945
2728	954	2	3	1	0	960
2729	957	0	2	1	0	960
2730	958	1	1	2	0	962
2731	2	1	942	1	0	946
2732	1	2	933	0	0	936
2733	2	2	2	949	0	955
2734	2	2	1	941	0	946
2735	967	2	0	2	0	971
2736	4	936	1	0	0	941
2737	3	3	1	949	0	956
2738	0	2	0	973	0	975
2739	3	0	1	976	0	980
2740	2	0	1	979	0	982
2741	1	1	985	3	0	990
2742	2	3	978	0	0	983
2743	1	1	4	1019	0	1025
2744	2	1	1037	5	0	1045
2745	1009	1	7	4	0	1021
2746	5	1	2	1057	0	1065
2747	2	1	1056	6	0	1065
2748	996	0	4	3	0	1003
2749	6	1045	2	1	0	1054
2750	1049	6	0	1	0	1056
2751	7	1085	0	3	0	1095
2752	3	5	2	1070	0	1080
2753	1	2	1080	6	0	1089
2754	1	4	5	1034	0	1044
2755	1	0	1046	6	0	1053
2756	1022	0	8	4	0	1034
2757	7	1	1	1061	0	1070
2758	1068	2	2	6	0	1078
2759	9	2	1061	3	0	1075
2760	1097	1	4	6	0	1108
2761	1199	1	4	2	0	1206
2762	14	2	1209	2	0	1227
2763	4	2	11	1198	0	1215
2764	3	3	1212	12	0	1230
2765	1	1206	12	4	0	1223
2766	1209	10	6	2	0	1227
2767	1204	2	5	2	0	1213
2768	15	1	1213	4	0	1233
2769	6	1	1222	1	0	1230
2770	5	2	13	1205	0	1225
2771	2	1	3	1224	0	1230
2772	1239	1	1	11	0	1252
2773	12	1242	2	3	0	1259
2774	1254	9	2	4	0	1269
2775	1261	3	2	2	0	1268
2776	14	3	1228	3	0	1248
2777	1195	1	13	3	0	1212
2778	18	2	1236	1	0	1257
2779	6	2	12	1249	0	1269
2780	7	0	1280	10	0	1297
2781	1	2	14	1270	0	1287
2782	3	0	1283	15	0	1301
2783	1251	0	14	5	0	1270
2784	1277	2	4	4	0	1287
2785	15	1	3	1256	0	1275
2786	1311	0	3	13	0	1327
2787	13	2	2	1324	0	1341
2788	8	1353	2	12	0	1375
2789	1353	10	2	6	0	1371
2790	11	1354	7	3	0	1375
2791	5	16	2	1347	0	1370
2792	5	3	5	1322	0	1335
2793	2	4	1	1305	0	1312
2794	5	0	4	1291	0	1300
2795	4	3	1263	15	0	1285
2796	1181	1	12	7	0	1201
2797	1250	1	5	4	0	1260
2798	18	1246	3	3	0	1270
2799	3	14	1	1257	0	1275
2800	6	2	3	1260	0	1271
2801	4	1	1234	16	0	1255
2802	1182	3	11	5	0	1201
2803	15	1	5	1219	0	1240
2804	5	2	1201	12	0	1220
2805	1219	0	10	10	0	1239
2806	1242	1	8	2	0	1253
2807	1246	1	3	6	0	1256
2808	17	0	1213	3	0	1233
2809	7	0	1171	2	0	1180
2810	1165	1	15	1	0	1182
2811	11	2	4	1186	0	1203
2812	4	0	4	1226	0	1234
2813	4	0	1212	13	0	1229
2814	1184	1	9	3	0	1197
2815	13	0	3	1226	0	1242
2816	1280	2	3	11	0	1296
2817	1290	0	2	5	0	1297
2818	1289	2	2	2	0	1295
2819	16	0	1323	3	0	1342
2820	5	1	11	1315	0	1332
2821	1315	0	7	10	0	1332
2822	15	1360	3	5	0	1383
2823	6	12	1	1396	0	1415
2824	3	5	2	1403	0	1413
2825	1377	2	2	16	0	1397
2826	1362	2	0	6	0	1370
2827	17	1	2	1346	0	1366
2828	10	2	1343	15	0	1370
2829	1324	0	13	7	0	1344
2830	16	1	1364	3	0	1384
2831	1371	0	15	4	0	1390
2832	1410	0	3	5	0	1418
2833	20	0	1411	1	0	1432
2834	8	1	13	1422	0	1444
2835	4	0	1479	15	0	1498
2836	4	1586	19	4	0	1613
2837	5	23	5	1562	0	1595
2838	4	1649	2	15	0	1670
2839	3	22	2	1663	0	1690
2840	2	7	1714	20	0	1743
2841	1	1743	19	9	0	1772
2842	3	1789	8	5	0	1805
2843	6	36	2	1798	0	1842
2844	1809	13	0	25	0	1847
2845	23	3	3	1971	0	2000
2846	2045	1	1	37	0	2084
2847	33	2062	3	16	0	2114
2848	2296	37	0	5	0	2338
2849	49	15	2362	1	0	2427
2850	14	4	44	2367	0	2429
2851	8	1	11	2357	0	2377
2852	2	1	2347	60	0	2410
2853	2282	1	42	19	0	2344
2854	2350	2	16	9	0	2377
2855	53	2319	5	5	0	2382
2856	18	54	3	2235	0	2310
2857	9	2299	3	39	0	2350
2858	4	44	2285	13	0	2346
2859	6	15	2311	7	0	2339
2860	5	32	53	2221	0	2311
2861	2183	2	20	45	0	2250
2862	40	2137	9	23	0	2209
2863	2164	38	6	5	0	2213
2864	47	18	2127	4	0	2196
2865	2146	5	40	6	0	2197
2866	2192	4	17	6	0	2219
2867	57	4	2162	5	0	2228
2868	23	5	44	2140	0	2212
2869	2149	3	19	46	0	2217
2870	2172	3	7	18	0	2200
2871	2189	5	4	9	0	2207
2872	64	5	6	2123	0	2198
2873	23	4	2113	43	0	2183
2874	2111	4	42	17	0	2174
2875	49	2	2164	9	0	2224
2876	21	4	47	2146	0	2218
2877	14	2	17	2151	0	2184
2878	9	2155	11	50	0	2225
2879	12	44	2136	21	0	2213
2880	14	2099	43	5	0	2161
2881	9	2157	15	8	0	2189
2882	8	50	13	2129	0	2200
2883	8	18	2119	47	0	2192
2884	9	7	48	2124	0	2188
2885	11	3	2132	50	0	2196
2886	11	2	46	2096	0	2155
2887	9	6	17	2096	0	2128
2888	9	7	1987	61	0	2064
2889	9	7	47	2005	0	2068
2890	6	6	2011	48	0	2071
2891	5	10	1998	26	0	2039
2892	4	1982	58	18	0	2062
2893	1996	45	21	13	0	2075
2894	46	18	1998	13	0	2075
2895	1982	11	51	7	0	2051
2896	50	5	21	2011	0	2087
2897	23	9	2009	49	0	2090
2898	9	1990	50	28	0	2077
2899	7	43	26	1994	0	2070
2900	6	18	2008	54	0	2086
2901	8	9	53	1935	0	2005
2902	11	1988	22	55	0	2076
2903	2006	47	9	22	0	2084
2904	50	19	13	2003	0	2085
2905	1969	10	13	50	0	2042
2906	2019	8	9	27	0	2063
2907	2025	6	17	9	0	2057
2908	2038	6	12	10	0	2066
2909	1998	6	9	15	0	2028
2910	68	1927	12	20	0	2027
2911	26	46	11	1941	0	2024
2912	27	21	4	1950	0	2002
2913	10	8	10	1959	0	1987
2914	16	4	1891	66	0	1977
2915	11	1874	47	33	0	1965
2916	1916	46	24	10	0	1996
2917	1915	19	12	14	0	1960
2918	66	1867	6	18	0	1957
2919	31	1895	12	9	0	1947
2920	1865	58	7	13	0	1943
2921	58	27	1813	10	0	1908
2922	26	22	50	1765	0	1863
2923	1752	12	27	51	0	1842
2924	53	14	16	1718	0	1801
2925	26	1727	12	57	0	1822
2926	17	44	14	1750	0	1825
2927	16	20	1727	64	0	1827
2928	1701	13	53	27	0	1794
2929	1772	11	19	17	0	1819
2930	65	9	15	1708	0	1797
2931	32	3	17	1730	0	1782
2932	1651	6	12	66	0	1735
2933	55	1631	10	28	0	1724
2934	24	46	13	1625	0	1708
2935	15	23	7	1640	0	1685
2936	1463	10	5	61	0	1539
2937	43	1459	14	28	0	1544
2938	1441	41	5	14	0	1501
2939	51	1420	2	17	0	1490
2940	23	1414	9	14	0	1460
2941	1379	42	6	8	0	1435
2942	44	1408	3	16	0	1471
2943	20	59	24	1322	0	1425
2944	15	16	1321	49	0	1401
2945	14	11	1146	18	0	1189
2946	11	6	1099	12	0	1128
2947	6	1052	30	14	0	1102
2948	828	22	40	4	0	894
2949	18	12	10	767	0	807
2950	13	3	2	780	0	798
2951	7	3	770	22	0	802
2952	760	1	14	15	0	790
2953	13	3	10	782	0	808
2954	12	0	2	794	0	808
2955	4	4	5	787	0	800
2956	762	1	1	30	0	794
2957	15	0	754	19	0	788
2958	764	2	10	10	0	786
2959	18	2	11	763	0	794
2960	16	2	757	15	0	790
2961	748	3	16	11	0	778
2962	19	3	764	5	0	791
2963	12	6	15	745	0	778
2964	6	3	765	13	0	787
2965	7	3	729	13	0	752
2966	704	1	25	4	0	734
2967	12	3	725	8	0	748
2968	10	2	21	714	0	747
2969	707	3	16	13	0	739
2970	16	2	8	711	0	737
2971	13	2	703	17	0	735
2972	5	1	707	17	0	730
2973	5	698	26	9	0	738
2974	6	15	12	691	0	724
2975	657	10	11	14	0	692
2976	11	648	5	16	0	680
2977	655	15	3	10	0	683
2978	14	10	1	644	0	669
2979	644	3	4	14	0	665
2980	18	627	1	12	0	658
2981	15	12	1	630	0	658
2982	633	9	3	18	0	663
2983	21	631	1	13	0	666
2984	11	15	5	637	0	668
2985	6	11	3	645	0	665
2986	645	4	1	23	0	673
2987	14	5	4	648	0	671
2988	14	2	3	656	0	675
2989	4	2	6	665	0	677
2990	7	0	627	27	0	661
2991	621	2	13	19	0	655
2992	14	1	12	745	0	772
2993	11	1	781	27	0	820
2994	786	0	26	15	0	827
2995	24	2	820	7	0	853
2996	16	3	25	791	0	835
2997	9	803	16	20	0	848
2998	6	22	5	819	0	852
2999	6	14	819	23	0	862
3000	4	4	832	23	0	863
3001	5	6	35	830	0	876
3002	3	3	837	27	0	870
3003	815	3	24	19	0	861
3004	24	2	831	7	0	864
3005	17	5	20	795	0	837
3006	6	2	21	819	0	848
3007	8	3	6	817	0	834
3008	787	3	6	41	0	837
3009	802	0	5	26	0	833
3010	823	2	6	11	0	842
3011	40	2	3	802	0	847
3012	21	0	5	813	0	839
3013	10	1	785	38	0	834
3014	9	1	785	23	0	818
3015	4	777	35	12	0	828
3016	7	21	19	704	0	751
3017	4	11	6	701	0	722
3018	6	704	3	33	0	746
3019	700	19	4	17	0	740
3020	16	713	4	8	0	741
3021	716	21	4	4	0	745
3022	21	15	2	710	0	748
3023	723	1	1	22	0	747
3024	20	4	2	724	0	750
3025	15	2	695	24	0	736
3026	3	2	19	722	0	746
3027	697	0	15	18	0	730
3028	20	3	4	708	0	735
3029	13	2	3	704	0	722
3030	3	1	690	39	0	733
3031	6	1	17	713	0	737
3032	4	3	15	695	0	717
3033	5	683	2	34	0	724
3034	7	17	2	699	0	725
3035	6	10	1	710	0	727
3036	5	0	2	715	0	722
3037	3	648	5	38	0	694
3038	1	13	7	639	0	660
3039	597	13	2	22	0	634
3040	17	570	0	19	0	606
3041	12	518	1	7	0	538
3042	1	504	2	6	0	513
3043	2	30	4	475	0	511
3044	5	472	2	12	0	491
3045	3	475	3	13	0	494
3046	458	14	5	7	0	484
3047	13	8	451	3	0	475
3048	429	4	13	6	0	452
3049	10	3	10	435	0	458
3050	6	2	435	17	0	460
3051	429	5	12	10	0	456
3052	10	3	428	9	0	450
3053	11	0	436	6	0	453
3054	437	2	28	5	0	472
3055	14	2	14	454	0	484
3056	9	1	458	21	0	489
3057	456	2	20	12	0	490
3058	475	3	12	8	0	498
3059	22	4	469	9	0	504
3060	480	0	15	12	0	507
3061	494	2	8	8	0	512
3062	29	1	468	8	0	506
3063	485	2	13	7	0	507
3064	492	1	11	5	0	509
3065	27	2	463	9	0	501
3066	10	2	517	9	0	538
3067	5	1	24	522	0	552
3068	6	3	523	17	0	549
3069	522	6	19	13	0	560
3070	21	4	9	525	0	559
3071	12	5	3	533	0	553
3072	8	5	512	25	0	550
3073	5	5	19	519	0	548
3074	8	5	521	22	0	556
3075	519	3	16	12	0	550
3076	536	3	11	9	0	559
3077	26	1	520	12	0	559
3078	531	2	16	10	0	559
3079	542	0	12	11	0	565
3080	23	2	536	13	0	574
3081	554	1	17	10	0	582
3082	555	0	11	13	0	579
3083	24	2	548	10	0	584
3084	545	3	18	12	0	578
3085	19	3	562	12	0	596
3086	10	1	15	563	0	589
3087	4	5	10	572	0	591
3088	3	6	3	584	0	596
3089	6	3	550	31	0	590
3090	537	4	16	17	0	574
3091	17	7	545	8	0	577
3092	7	419	7	8	0	441
3093	1	397	7	5	0	410
3094	367	7	4	4	0	382
3095	5	3	1	358	0	367
3096	2	361	2	8	0	373
3097	354	5	0	2	0	361
3098	352	1	2	2	0	357
3099	6	365	0	0	0	371
3100	3	7	0	342	0	352
3101	3	348	1	4	0	356
3102	354	5	0	3	0	362
3103	358	4	0	1	0	363
3104	9	1	0	347	0	357
3105	351	0	1	6	0	358
3106	6	3	0	354	0	363
3107	2	0	349	7	0	358
3108	346	2	5	2	0	355
3109	7	1	351	2	0	361
3110	3	0	5	349	0	357
3111	352	1	2	6	0	361
3112	7	0	1	357	0	365
3113	2	0	353	7	0	362
3114	2	0	356	2	0	360
3115	4	2	5	354	0	365
3116	350	0	5	6	0	361
3117	6	364	2	1	0	373
3118	4	5	0	362	0	371
3119	1	1	360	7	0	369
3120	373	1	7	2	0	383
3121	393	0	3	1	0	397
3122	6	1	390	3	0	400
3123	386	0	4	0	0	390
3124	7	0	3	397	0	407
3125	1	0	399	6	0	406
3126	396	0	6	2	0	404
3127	5	1	1	394	0	401
3128	1	0	3	394	0	398
3129	395	0	1	6	0	402
3130	6	376	1	2	0	385
3131	2	393	0	2	0	397
3132	390	6	1	0	0	397
3133	391	2	0	1	0	394
3134	5	1	391	1	0	398
3135	2	1	389	0	0	392
3136	4	0	5	399	0	408
3137	405	0	2	6	0	413
3138	406	1	1	1	0	409
3139	402	0	0	1	0	403
3140	6	400	1	0	0	407
3141	3	410	0	0	0	413
3142	4	7	0	422	0	433
3143	1	2	1	423	0	427
3144	2	1	1	436	0	440
3145	0	0	452	7	0	459
3146	0	0	427	3	0	430
3147	446	0	6	2	0	454
3148	467	0	2	1	0	470
3149	6	0	2	472	0	480
3150	2	1	0	471	0	474
3151	1	1	1	474	0	477
3152	0	1	455	7	0	463
3153	0	1	454	2	0	457
3154	1	1	3	458	0	463
3155	1	0	460	6	0	467
3156	0	453	5	0	0	458
3157	2	463	0	2	0	467
3158	460	3	2	0	0	465
3159	3	452	0	2	0	457
3160	1	3	0	458	0	462
3161	2	0	1	453	0	456
3162	1	460	1	4	0	466
3163	0	3	1	472	0	476
3164	0	0	465	6	0	471
3165	1	470	4	0	0	475
3166	0	4	0	443	0	447
3167	0	0	434	5	0	439
3168	0	425	4	0	0	429
3169	1	4	0	425	0	430
3170	1	435	0	4	0	440
3171	1	4	1	432	0	438
3172	1	0	0	427	0	428
3173	0	428	1	4	0	433
3174	421	4	2	0	0	427
3175	422	0	0	2	0	424
3176	4	415	0	1	0	420
3177	0	429	1	5	0	435
3178	2	4	0	430	0	436
3179	0	2	429	5	0	436
3180	404	0	5	1	0	410
3181	412	0	1	1	0	414
3182	6	1	410	1	0	418
3183	404	0	5	2	0	411
3184	415	1	2	1	0	419
3185	5	2	404	2	0	413
3186	391	1	5	2	0	399
3187	6	0	403	1	0	410
3188	3	411	4	2	0	420
3189	415	3	2	1	0	421
3190	418	2	1	1	0	422
3191	5	0	417	3	0	425
3192	427	1	4	2	0	434
3193	453	1	0	2	0	456
3194	7	1	457	1	0	466
3195	465	2	6	0	0	473
3196	475	2	1	1	0	479
3197	7	1	471	1	0	480
3198	473	1	4	4	0	482
3199	6	1	1	469	0	477
3200	2	1	1	466	0	470
3201	2	1	466	3	0	472
3202	2	1	462	1	0	466
3203	3	1	4	478	0	486
3204	2	0	1	490	0	493
3205	516	1	2	7	0	526
3206	7	1	513	2	0	523
3207	529	0	8	0	0	537
3208	7	1	1	547	0	556
3209	2	0	550	7	0	559
3210	597	1	6	2	0	606
3211	7	2	1	638	0	648
3212	3	1	639	8	0	651
3213	633	0	7	2	0	642
3214	7	2	2	649	0	660
3215	659	0	2	6	0	667
3216	7	0	692	2	0	701
3217	3	3	7	650	0	663
3218	3	697	0	7	0	707
3219	710	7	5	1	0	723
3220	704	1	3	2	0	710
3221	7	729	1	4	0	741
3222	742	9	2	2	0	755
3223	758	0	1	0	0	759
3224	745	1	0	3	0	749
3225	11	744	2	1	0	758
3226	2	9	3	752	0	766
3227	4	0	754	10	0	768
3228	1	2	10	743	0	756
3229	2	0	3	741	0	746
3230	2	0	755	10	0	767
3231	0	2	745	4	0	751
3232	4	0	8	738	0	750
3233	3	755	1	6	0	765
3234	762	9	2	1	0	774
3235	756	2	1	1	0	760
3236	12	778	1	2	0	793
3237	799	9	1	2	0	811
3238	805	3	1	1	0	810
3239	11	1	806	3	0	821
3240	787	1	11	3	0	802
3241	13	835	1	1	0	850
3242	2	8	809	2	0	821
3243	3	1	790	0	0	794
3244	3	802	11	3	0	819
3245	797	8	1	1	0	807
3246	10	1	812	2	0	825
3247	4	2	10	814	0	830
3248	3	0	819	10	0	832
3249	766	1	11	2	0	780
3250	10	1	934	2	0	947
3251	2	1	918	2	0	923
3252	926	0	12	3	0	941
3253	10	959	4	1	0	974
3254	1000	8	2	2	0	1012
3255	1023	1	3	1	0	1028
3256	10	4	2	1006	0	1022
3257	5	1077	0	9	0	1091
3258	1103	9	2	2	0	1116
3259	11	1	1105	1	0	1118
3260	1088	1	8	3	0	1100
3261	9	1104	5	1	0	1119
3262	1108	6	2	0	0	1116
3263	1095	1	2	2	0	1100
3264	8	1113	2	3	0	1126
3265	4	6	2	1124	0	1136
3266	1134	1	2	8	0	1145
3267	8	1127	1	0	0	1136
3268	5	7	1	1141	0	1154
3269	1162	1	2	8	0	1173
3270	7	3	2	1198	0	1210
3271	5	1	1	1200	0	1207
3272	5	1200	1	12	0	1218
3273	1208	9	3	2	0	1222
3274	1228	4	2	3	0	1237
3275	1252	1	0	4	0	1257
3276	13	1280	3	0	0	1296
3277	1296	10	0	1	0	1307
3278	1307	2	0	4	0	1313
3279	14	1	1	1292	0	1308
3280	3	2	1	1301	0	1307
3281	3	1	1295	13	0	1312
3282	2	3	10	1288	0	1303
3283	6	0	1	1262	0	1269
3284	2	2	1302	10	0	1316
3285	1190	3	9	5	0	1207
3286	14	2	1311	1	0	1328
3287	7	2	1345	2	0	1356
3288	6	0	10	1346	0	1362
3289	2	3	3	1367	0	1375
3290	4	1375	1	12	0	1392
3291	1375	9	3	3	0	1390
3292	1371	1	0	4	0	1376
3293	10	1358	1	3	0	1372
3294	4	1404	3	2	0	1413
3295	4	12	2	1420	0	1438
3296	1	1444	1	10	0	1456
3297	1458	12	3	2	0	1475
3298	1451	1	2	2	0	1456
3299	13	2	2	1441	0	1458
3300	3	1	2	1455	0	1461
3301	1460	1	0	12	0	1473
3302	14	1	1411	3	0	1429
3303	1408	2	10	2	0	1422
3304	12	3	1421	0	0	1436
3305	1406	0	10	1	0	1417
3306	12	1	1	1414	0	1428
3307	1	2	1423	9	0	1435
3308	4	0	1391	2	0	1397
3309	1373	2	11	5	0	1391
3310	1371	0	2	0	0	1373
3311	10	1379	1	3	0	1393
3312	2	10	0	1427	0	1439
3313	1	1	0	1471	0	1473
3314	1450	0	1	15	0	1466
3315	14	1435	0	2	0	1451
3316	1423	12	0	0	0	1435
3317	13	1407	0	0	0	1420
3318	1	1402	0	1	0	1404
3319	1399	12	0	0	0	1411
3320	11	1	1374	0	0	1386
3321	1	2	10	1364	0	1377
3322	1	0	4	1363	0	1368
3323	0	0	1366	13	0	1379
3324	0	1	10	1355	0	1366
3325	4	1	3	1245	0	1253
3326	2	1370	0	12	0	1384
3327	1389	12	0	2	0	1403
3328	13	2	1390	0	0	1405
3329	1340	2	11	0	0	1353
3330	11	1398	1	0	0	1410
3331	3	9	0	1405	0	1417
3332	1455	1	1	13	0	1470
3333	11	0	0	1458	0	1469
3334	2	0	1	1456	0	1459
3335	0	0	1458	12	0	1470
3336	1374	0	11	5	0	1390
3337	1417	1	2	3	0	1423
3338	12	1	1426	0	0	1439
3339	3	0	11	1413	0	1427
3340	1	0	1420	11	0	1432
3341	1390	0	10	3	0	1403
3342	1449	2	2	3	0	1456
3343	11	1	0	1449	0	1461
3344	1449	0	0	12	0	1461
3345	12	0	1515	3	0	1530
3346	2	0	12	1497	0	1511
3347	1	2	3	1496	0	1502
3348	2	0	1	1528	0	1531
3349	1	1	1	1521	0	1524
3350	1395	0	1	14	0	1410
3351	13	2	1367	2	0	1384
3352	1	0	12	1390	0	1403
3353	3	0	1359	12	0	1374
3354	2	1	1363	2	0	1368
3355	1	1	14	1345	0	1361
3356	2	0	2	1353	0	1357
3357	1290	2	2	13	0	1307
3358	15	0	0	1289	0	1304
3359	2	1	1	1305	0	1309
3360	0	0	0	1327	0	1327
3361	1326	0	2	18	0	1346
3362	1342	0	0	2	0	1344
3363	1358	0	2	2	0	1362
3364	1335	1	1	2	0	1339
3365	16	1416	3	1	0	1436
3366	2	21	2	1418	0	1443
3367	3	5	1	1443	0	1452
3368	1474	2	1	28	0	1505
3369	25	1593	2	7	0	1627
3370	7	23	0	1690	0	1720
3371	4	5	1842	25	0	1876
3372	2036	2	28	10	0	2076
3373	44	2122	6	4	0	2176
3374	2218	41	4	4	0	2267
3375	2316	11	0	3	0	2330
3376	67	3	1	2269	0	2340
3377	18	2	2280	57	0	2357
3378	10	2	52	2339	0	2403
3379	2339	3	15	59	0	2416
3380	60	0	4	2355	0	2419
3381	2351	2	5	60	0	2418
3382	62	2320	2	23	0	2407
3383	2416	56	4	7	0	2483
3384	65	12	0	2448	0	2525
3385	23	4	3	2570	0	2600
3386	2561	6	3	71	0	2641
3387	2578	4	2	21	0	2605
3388	2593	4	0	16	0	2613
3389	2587	0	1	11	0	2599
3390	2578	3	0	10	0	2591
3391	87	1	2	2503	0	2593
3392	26	1	2445	66	0	2538
3393	18	2447	55	16	0	2536
3394	2422	58	14	5	0	2499
3395	72	15	2351	8	0	2446
3396	2355	6	60	7	0	2428
3397	66	2360	13	6	0	2445
3398	2408	61	6	5	0	2480
3399	70	14	4	2380	0	2468
3400	27	3	4	2443	0	2477
3401	13	6	2402	79	0	2500
3402	19	5	58	2380	0	2462
3403	10	5	2421	69	0	2505
3404	12	5	2421	24	0	2462
3405	2418	4	74	14	0	2510
3406	2515	2	22	10	0	2549
3407	75	3	2434	13	0	2525
3408	2409	2	63	11	0	2485
3409	2504	3	22	6	0	2535
3410	88	1	2408	8	0	2505
3411	29	2396	62	9	0	2496
3412	29	59	19	2451	0	2558
3413	2491	14	5	61	0	2571
3414	2568	6	8	24	0	2606
3415	2571	5	6	10	0	2592
3416	2566	5	6	16	0	2593
3417	2568	5	7	8	0	2588
3418	91	4	2485	9	0	2589
3419	41	7	2530	6	0	2584
3420	39	8	68	2529	0	2644
3421	2551	14	19	65	0	2649
3422	2608	3	13	27	0	2651
3423	2607	4	12	15	0	2638
3424	2540	7	10	23	0	2580
3425	88	2493	12	14	0	2607
3426	39	2640	6	28	0	2713
3427	2617	65	6	14	0	2702
3428	2663	19	5	20	0	2707
3429	93	2603	5	16	0	2717
3430	2641	65	6	17	0	2729
3431	91	23	2603	12	0	2729
3432	47	10	57	2586	0	2700
3433	31	12	2583	68	0	2694
3434	35	10	2597	24	0	2666
3435	33	9	71	2582	0	2695
3436	37	5	17	2666	0	2725
3437	30	6	2636	82	0	2754
3438	35	5	63	2589	0	2692
3439	26	10	21	2683	0	2740
3440	2645	7	16	85	0	2753
3441	2674	10	22	27	0	2733
3442	96	5	13	2625	0	2739
3443	32	14	2628	77	0	2751
3444	38	2649	63	32	0	2782
3445	2636	63	25	16	0	2740
3446	84	18	2652	22	0	2776
3447	32	2567	75	21	0	2695
3448	21	2726	26	18	0	2791
3449	2728	65	20	13	0	2826
3450	2789	22	20	17	0	2848
3451	87	8	17	2738	0	2850
3452	32	15	2852	64	0	2963
3453	37	7	69	2844	0	2957
3454	38	6	27	2880	0	2951
3455	27	5	17	2917	0	2966
3456	2851	9	21	78	0	2959
3457	83	2797	13	35	0	2928
3458	36	2928	19	23	0	3006
3459	27	71	9	2884	0	2991
3460	31	18	12	2977	0	3038
3461	2919	12	10	82	0	3023
3462	2912	14	11	29	0	2966
3463	2932	9	7	23	0	2971
3464	100	2856	9	16	0	2981
3465	2800	46	8	15	0	2869
3466	72	28	13	2753	0	2866
3467	44	7	2739	52	0	2842
3468	39	11	2580	21	0	2651
3469	2522	5	54	13	0	2594
3470	63	3	2433	15	0	2514
3471	28	9	2252	5	0	2294
3472	1962	8	36	3	0	2009
3473	31	2	1980	3	0	2016
3474	3	3	1899	3	0	1908
3475	5	21	22	1809	0	1857
3476	9	0	1896	13	0	1918
3477	5	2	16	1827	0	1850
3478	4	1	7	1813	0	1825
3479	5	2	1886	15	0	1908
3480	4	1914	15	1	0	1934
3481	1909	10	5	2	0	1926
3482	12	1	1974	4	0	1991
3483	3	1	1906	0	0	1910
3484	1718	5	13	2	0	1738
3485	11	0	1821	0	0	1832
3486	2	1781	10	1	0	1794
3487	3	1643	7	0	0	1653
3488	3	5	2	1845	0	1855
3489	2	1	3	1826	0	1832
3490	1892	2	0	8	0	1902
3491	1877	2	0	2	0	1881
3492	1884	1	0	3	0	1888
3493	9	0	0	1891	0	1900
3494	1894	0	0	7	0	1901
3495	1875	2	0	2	0	1879
3496	10	1	1895	0	0	1906
3497	4	1	1832	2	0	1839
3498	2	1915	6	1	0	1924
3499	2	6	2	1932	0	1942
3500	1931	1	1	5	0	1938
3501	4	1902	3	3	0	1912
3502	3	5	0	1939	0	1947
3503	1920	3	2	9	0	1934
3504	1898	0	0	5	0	1903
3505	7	1916	1	3	0	1927
3506	1916	5	0	2	0	1923
3507	1923	3	1	0	0	1927
3508	11	0	0	1911	0	1922
3509	3	1	1934	5	0	1943
3510	2	1870	4	3	0	1879
3511	4	1893	3	1	0	1901
3512	1832	5	0	3	0	1840
3513	7	2	4	1820	0	1833
3514	3	2	1810	5	0	1820
3515	1	1816	7	1	0	1825
3516	1830	4	2	0	0	1836
3517	1826	2	0	1	0	1829
3518	5	0	1853	1	0	1859
3519	2	2	3	1827	0	1834
3520	2	1	1	1883	0	1887
3521	2	1	2062	7	0	2072
3522	2125	0	9	6	0	2140
3523	2527	1	3	3	0	2534
3524	30	0	0	2912	0	2942
3525	13	3043	3	48	0	3107
3526	6	50	1	3219	0	3276
3527	5	32	3210	57	0	3304
3528	3177	6	55	44	0	3282
3529	60	11	36	3287	0	3394
3530	39	6	3254	72	0	3371
3531	3200	9	61	52	0	3322
3532	64	11	38	3250	0	3363
3533	45	4	17	3273	0	3339
3534	3204	5	25	100	0	3334
3535	75	3210	12	56	0	3353
3536	3250	54	11	37	0	3352
3537	75	35	14	3219	0	3343
3538	3245	11	5	76	0	3337
3539	74	17	3183	60	0	3334
3540	60	3220	59	26	0	3365
3541	33	64	38	3272	0	3407
3542	3287	45	11	73	0	3416
3543	82	3250	15	52	0	3399
3544	54	72	14	3282	0	3422
3545	3283	40	12	82	0	3417
3546	3277	16	16	55	0	3364
3547	117	22	8	3180	0	3327
3548	61	18	3148	94	0	3321
3549	38	17	3168	55	0	3278
3550	3161	15	99	30	0	3305
3551	84	3109	48	37	0	3278
3552	66	3077	23	22	0	3188
3553	3041	96	25	21	0	3183
3554	81	3083	16	28	0	3208
3555	60	75	20	3065	0	3220
3556	24	52	18	3147	0	3241
3557	3089	30	10	110	0	3239
3558	3042	36	8	55	0	3141
3559	3078	29	5	34	0	3146
3560	128	22	2923	31	0	3104
3561	76	18	65	2968	0	3127
3562	37	14	2966	90	0	3107
3563	47	8	2917	64	0	3036
3564	47	11	3030	26	0	3114
3565	39	8	108	2968	0	3123
3566	35	10	3019	86	0	3150
3567	20	18	3076	55	0	3169
3568	21	11	130	3023	0	3185
3569	3041	5	80	95	0	3221
3570	83	12	3071	62	0	3228
3571	59	9	107	3018	0	3193
3572	26	8	72	3114	0	3220
3573	33	10	3074	125	0	3242
3574	23	4	101	3081	0	3209
3575	26	15	3097	108	0	3246
3576	33	11	95	3031	0	3170
3577	26	8	71	3061	0	3166
3578	28	8	27	3078	0	3141
3579	14	7	40	3067	0	3128
3580	2899	5	38	152	0	3094
3581	2932	4	36	88	0	3060
3582	121	6	2865	49	0	3041
3583	57	2814	88	63	0	3022
3584	33	64	2892	51	0	3040
3585	31	44	2888	50	0	3013
3586	2808	12	127	38	0	2985
3587	102	2834	67	33	0	3036
3588	2880	76	41	31	0	3028
3589	87	2906	49	27	0	3069
3590	2908	86	37	27	0	3058
3591	2942	56	41	31	0	3070
3592	148	20	33	2859	0	3060
3593	79	2887	22	95	0	3083
3594	47	90	25	2914	0	3076
3595	48	59	15	2968	0	3090
3596	36	24	2884	136	0	3080
3597	34	2880	83	77	0	3074
3598	32	80	59	2906	0	3077
3599	2852	53	28	108	0	3041
3600	2969	26	27	77	0	3099
3601	3004	22	25	45	0	3096
3602	135	2916	27	50	0	3128
3603	3044	90	32	32	0	3198
3604	118	3202	25	28	0	3373
3605	86	98	20	3287	0	3491
3606	47	69	3252	106	0	3474
3607	46	27	99	3282	0	3454
3608	37	3265	63	103	0	3468
3609	38	105	25	3307	0	3475
3610	31	63	23	3339	0	3456
3611	20	3288	16	170	0	3494
3612	3287	111	27	81	0	3506
3613	115	58	19	3287	0	3479
3614	61	28	3204	136	0	3429
3615	27	33	102	3271	0	3433
3616	30	29	51	3360	0	3470
3617	26	22	3251	176	0	3475
3618	29	20	105	3178	0	3332
3619	29	3195	63	129	0	3416
3620	41	98	3188	89	0	3416
3621	58	59	3102	54	0	3273
3622	23	2935	141	53	0	3152
3623	19	2648	54	36	0	2757
3624	11	2235	26	24	0	2296
3625	1975	67	70	13	0	2125
3626	1903	21	21	13	0	1958
3627	1894	5	3	13	0	1915
3628	65	10	6	1852	0	1933
3629	17	7	1814	58	0	1896
3630	9	10	53	1812	0	1884
3631	11	5	16	1853	0	1885
3632	1813	3	8	70	0	1894
3633	1826	5	10	21	0	1862
3634	61	1823	7	14	0	1905
3635	1824	49	5	16	0	1894
3636	1859	15	6	11	0	1891
3637	1875	5	5	13	0	1898
3638	66	8	1800	9	0	1883
3639	17	9	1797	10	0	1833
3640	11	9	56	1753	0	1829
3641	12	8	1765	45	0	1830
3642	1698	7	41	20	0	1766
3643	1736	9	19	2	0	1766
3644	58	6	1669	9	0	1742
3645	1638	4	37	9	0	1688
3646	48	1645	15	6	0	1714
3647	1670	37	5	7	0	1719
3648	44	18	5	1637	0	1704
3649	24	4	6	1601	0	1635
3650	12	1627	5	50	0	1694
3651	1628	40	1	19	0	1688
3652	1638	14	4	8	0	1664
3653	55	1619	5	9	0	1688
3654	24	41	1	1597	0	1663
3655	13	16	5	1612	0	1646
3656	14	1583	6	53	0	1656
3657	8	41	5	1604	0	1658
3658	9	17	7	1632	0	1665
3659	1592	4	5	58	0	1659
3660	1609	6	5	22	0	1642
3661	59	7	1564	6	0	1636
3662	1566	1	37	14	0	1618
3663	44	5	1559	10	0	1618
3664	24	7	40	1535	0	1606
3665	7	9	1531	43	0	1590
3666	9	1499	40	21	0	1569
3667	16	35	16	1460	0	1527
3668	10	14	2	1489	0	1515
3669	1451	4	5	48	0	1508
3670	36	6	7	1419	0	1468
3671	22	3	1381	34	0	1440
3672	1384	9	33	17	0	1443
3673	1421	2	14	10	0	1447
3674	1433	6	5	8	0	1452
3675	1429	6	2	11	0	1448
3676	45	6	3	1459	0	1513
3677	23	1	1	1530	0	1555
3678	14	2	0	1592	0	1608
3679	10	4	5	1621	0	1640
3680	1563	1	6	60	0	1630
3681	1587	1	7	21	0	1616
3682	60	5	4	1478	0	1547
3683	17	1511	6	50	0	1584
3684	1522	44	2	19	0	1587
3685	49	13	1510	7	0	1579
3686	22	1510	39	13	0	1584
3687	1467	39	10	8	0	1524
3688	45	1467	2	12	0	1526
3689	14	39	1439	9	0	1501
3690	1440	9	44	11	0	1504
3691	1466	4	14	4	0	1488
3692	57	10	1414	5	0	1486
3693	19	2	42	1433	0	1496
3694	13	8	9	1461	0	1491
3695	16	1453	3	49	0	1521
3696	7	39	5	1464	0	1515
3697	1423	12	3	53	0	1491
3698	46	1434	5	20	0	1505
3699	13	34	2	1382	0	1431
3700	7	7	4	1408	0	1426
3701	14	7	1339	47	0	1407
3702	11	1339	33	18	0	1401
3703	1240	34	12	7	0	1293
3704	30	1039	0	4	0	1073
3705	9	954	2	7	0	972
3706	934	29	12	6	0	981
3707	29	6	6	899	0	940
3708	10	7	2	912	0	931
3709	903	3	2	30	0	938
3710	25	3	1	908	0	937
3711	9	4	2	928	0	943
3712	914	3	1	34	0	952
3713	29	1	3	912	0	945
3714	12	907	1	28	0	948
3715	916	25	2	8	0	951
3716	30	13	875	4	0	922
3717	13	852	24	7	0	896
3718	6	33	8	825	0	872
3719	5	10	817	23	0	855
3720	6	4	820	3	0	833
3721	6	52	22	719	0	799
3722	710	3	10	18	0	741
3723	19	3	2	707	0	731
3724	6	0	3	729	0	738
3725	3	1	6	726	0	736
3726	5	3	3	732	0	743
3727	3	1	1	741	0	746
3728	3	5	694	24	0	726
3729	2	2	684	11	0	699
3730	2	3	17	692	0	714
3731	1	5	694	20	0	720
3732	0	687	18	12	0	717
3733	2	15	10	706	0	733
3734	1	3	687	19	0	710
3735	640	3	18	9	0	670
3736	19	662	4	9	0	694
3737	4	669	3	8	0	684
3738	2	678	2	8	0	690
3739	5	19	8	664	0	696
3740	656	4	3	23	0	686
3741	17	7	1	658	0	683
3742	641	6	3	20	0	670
3743	17	636	3	9	0	665
3744	657	16	3	9	0	685
3745	19	5	3	660	0	687
3746	8	3	0	666	0	677
3747	4	651	3	21	0	679
3748	8	20	3	656	0	687
3749	7	7	1	677	0	692
3750	3	8	2	670	0	683
3751	650	6	1	26	0	683
3752	648	4	3	10	0	665
3753	17	3	649	9	0	678
3754	644	1	16	12	0	673
3755	23	2	652	8	0	685
3756	8	2	16	658	0	684
3757	7	3	4	677	0	691
3758	6	2	3	682	0	693
3759	2	0	658	28	0	688
3760	2	4	17	667	0	690
3761	2	2	663	24	0	691
3762	1	3	20	676	0	700
3763	676	2	6	24	0	708
3764	17	3	682	11	0	713
3765	669	4	20	5	0	698
3766	18	1	7	689	0	715
3767	682	0	7	23	0	712
3768	22	681	4	10	0	717
3769	10	17	4	694	0	725
3770	3	5	704	22	0	734
3771	4	9	16	697	0	726
3772	4	10	4	689	0	707
3773	5	674	3	28	0	710
3774	4	16	677	8	0	705
3775	4	666	20	7	0	697
3776	580	13	9	8	0	610
3777	11	591	2	5	0	609
3778	551	10	8	3	0	572
3779	552	4	3	2	0	561
3780	554	2	4	2	0	562
3781	13	4	0	549	0	566
3782	5	5	548	8	0	566
3783	4	2	8	542	0	556
3784	5	548	3	7	0	563
3785	4	9	0	552	0	565
3786	535	2	2	13	0	552
3787	8	544	3	7	0	562
3788	2	10	4	523	0	539
3789	1	6	2	531	0	540
3790	522	2	0	14	0	538
3791	10	4	515	3	0	532
3792	5	507	7	3	0	522
3793	2	6	1	483	0	492
3794	3	0	463	8	0	474
3795	2	0	7	441	0	450
3796	0	460	3	6	0	469
3797	1	7	0	474	0	482
3798	1	1	2	475	0	479
3799	1	0	3	476	0	480
3800	2	3	466	6	0	477
3801	454	3	5	3	0	465
3802	4	0	0	495	0	499
3803	543	0	0	11	0	554
3804	557	0	3	1	0	561
3805	572	1	3	1	0	577
3806	561	1	1	5	0	568
3807	565	0	2	3	0	570
3808	12	0	1	555	0	568
3809	5	549	0	10	0	564
3810	3	8	1	549	0	561
3811	5	547	1	8	0	561
3812	0	7	0	539	0	546
3813	532	2	1	7	0	542
3814	8	0	0	528	0	536
3815	2	1	522	7	0	532
3816	511	0	8	2	0	521
3817	8	529	1	0	0	538
3818	531	7	0	1	0	539
3819	532	1	1	1	0	535
3820	520	1	0	0	0	521
3821	7	536	0	1	0	544
3822	1	7	1	520	0	529
3823	1	1	0	534	0	536
3824	0	0	520	9	0	529
3825	0	1	7	512	0	520
3826	1	1	2	509	0	513
3827	0	1	0	515	0	516
3828	1	517	0	8	0	526
3829	521	8	0	0	0	529
3830	520	1	0	0	0	521
3831	9	0	521	0	0	530
3832	2	520	6	0	0	528
3833	0	7	4	517	0	528
3834	0	1	1	522	0	524
3835	0	0	0	528	0	528
3836	0	1	0	546	0	547
3837	1	0	0	540	0	541
3838	1	0	527	7	0	535
3839	1	1	509	1	0	512
3840	532	0	7	1	0	540
3841	560	0	2	1	0	563
3842	569	0	0	0	0	569
3843	8	0	1	570	0	579
3844	1	1	557	8	0	567
3845	552	0	7	3	0	562
3846	567	0	2	1	0	570
3847	8	0	557	1	0	566
3848	565	1	8	0	0	574
3849	7	0	611	1	0	619
3850	2	0	6	616	0	624
3851	1	0	622	8	0	631
3852	609	0	8	1	0	618
3853	626	0	1	1	0	628
3854	629	0	1	2	0	632
3855	637	0	0	2	0	639
3856	9	0	655	0	0	664
3857	2	666	7	0	0	675
3858	669	7	1	0	0	677
3859	670	1	2	1	0	674
3860	9	0	681	1	0	691
3861	1	0	9	672	0	682
3862	0	0	1	691	0	692
3863	1	0	675	8	0	684
3864	655	0	7	1	0	663
3865	682	0	1	0	0	683
3866	8	680	1	1	0	690
3867	693	8	1	0	0	702
3868	691	1	1	0	0	693
3869	698	1	0	0	0	699
3870	682	0	1	0	0	683
3871	9	1	667	1	0	678
3872	650	1	8	1	0	660
3873	8	8	2	651	0	669
3874	2	680	0	9	0	691
3875	2	5	675	0	0	682
3876	1	686	8	0	0	695
3877	2	18	4	634	0	658
3878	1	2	649	6	0	658
3879	625	0	6	1	0	632
3880	7	0	632	0	0	639
3881	632	0	7	0	0	639
3882	7	0	1	637	0	645
3883	1	0	1	645	0	647
3884	0	628	0	9	0	637
3885	0	659	1	2	0	662
3886	0	11	0	671	0	682
3887	655	1	1	9	0	666
3888	656	1	1	1	0	659
3889	663	0	0	1	0	664
3890	10	0	661	0	0	671
3891	650	0	6	0	0	656
3892	9	1	670	2	0	682
3893	3	0	644	2	0	649
3894	646	0	10	1	0	657
3895	676	1	1	2	0	680
3896	9	1	671	1	0	682
3897	3	1	8	667	0	679
3898	2	0	1	683	0	686
3899	683	0	0	9	0	692
3900	677	0	0	0	0	677
3901	11	0	724	0	0	735
3902	1	709	7	0	0	717
3903	2	666	1	0	0	669
3904	661	4	4	0	0	669
3905	6	1	2	655	0	664
3906	2	0	1	670	0	673
3907	3	0	0	676	0	679
3908	672	0	2	5	0	679
3909	6	1	0	674	0	681
3910	681	0	1	4	0	686
3911	693	1	1	0	0	695
3912	8	759	0	1	0	768
3913	3	6	1	824	0	834
3914	2	2	838	11	0	853
3915	824	1	11	2	0	838
3916	856	0	2	2	0	860
3917	858	1	1	2	0	862
3918	13	0	865	2	0	880
3919	1	1	12	877	0	891
3920	893	0	2	14	0	909
3921	868	1	1	3	0	873
3922	874	1	1	2	0	878
3923	14	855	1	3	0	873
3924	4	898	1	0	0	903
3925	2	13	0	905	0	920
3926	4	1	0	909	0	914
3927	3	892	0	12	0	907
3928	904	12	1	3	0	920
3929	13	1	923	3	0	940
3930	3	1	14	930	0	948
3931	3	1	2	926	0	932
3932	5	0	914	11	0	930
3933	898	0	13	1	0	912
3934	941	0	3	1	0	945
3935	13	914	3	1	0	931
3936	909	12	2	3	0	926
3937	16	3	963	3	0	985
3938	987	1	13	1	0	1002
3939	15	4	1012	0	0	1031
3940	993	4	20	3	0	1020
3941	1019	1	9	6	0	1035
3942	1016	1	2	5	0	1024
3943	999	1	1	1	0	1002
3944	15	993	3	1	0	1012
3945	1019	11	1	4	0	1035
3946	1048	4	2	3	0	1057
3947	15	1	1054	2	0	1072
3948	1051	0	12	3	0	1066
3949	16	0	2	1049	0	1067
3950	5	1	1043	12	0	1061
3951	1045	3	12	5	0	1065
3952	15	2	2	1067	0	1086
3953	1084	1	2	14	0	1101
3954	1173	1	1	5	0	1180
3955	16	3	1182	3	0	1204
3956	1173	2	11	2	0	1188
3957	1200	1	4	1	0	1206
3958	1204	1	0	3	0	1208
3959	1214	1	1	2	0	1218
3960	19	1	2	1176	0	1198
3961	6	1184	2	13	0	1205
3962	1153	14	2	3	0	1172
3963	1210	4	1	4	0	1219
3964	1218	1	1	2	0	1222
3965	17	1	1205	1	0	1224
3966	4	1198	13	1	0	1216
3967	3	14	2	1228	0	1247
3968	5	1	1	1241	0	1248
3969	5	0	1287	15	0	1307
3970	4	0	19	1295	0	1318
3971	4	0	1315	21	0	1340
3972	4	1	20	1308	0	1333
3973	3	0	3	1337	0	1343
3974	6	0	1342	23	0	1371
3975	1322	0	23	4	0	1349
3976	1408	0	2	3	0	1413
3977	22	4	1417	2	0	1445
3978	1410	0	22	0	0	1432
3979	1465	0	3	0	0	1468
3980	27	0	1469	1	0	1497
3981	4	0	20	1462	0	1486
3982	3	0	4	1481	0	1488
3983	1489	0	1	25	0	1515
3984	21	1532	2	4	0	1559
3985	1427	19	2	3	0	1451
3986	1521	3	1	3	0	1528
3987	22	1563	2	5	0	1592
3988	1594	19	2	3	0	1618
3989	1605	3	0	3	0	1611
3990	20	1576	3	6	0	1605
3991	7	18	1	1595	0	1621
3992	5	1612	2	15	0	1634
3993	1	20	3	1632	0	1656
3994	2	3	1622	20	0	1647
3995	3	1	1612	6	0	1622
3996	1604	1	21	2	0	1628
3997	1657	1	6	2	0	1666
3998	22	2	1653	4	0	1681
3999	1649	0	21	4	0	1674
4000	1693	2	5	2	0	1702
4001	1651	1	1	3	0	1656
4002	24	1673	2	3	0	1702
4003	7	21	3	1712	0	1743
4004	1718	4	0	24	0	1746
4005	1718	3	1	5	0	1727
4006	24	3	1723	3	0	1753
4007	5	4	21	1695	0	1725
4008	5	0	6	1736	0	1747
4009	8	1711	2	23	0	1744
4010	4	1786	3	7	0	1800
4011	4	34	5	1742	0	1785
4012	8	1742	2	20	0	1772
4013	1704	15	0	5	0	1724
4014	20	1780	1	4	0	1805
4015	1841	19	2	1	0	1863
4016	21	6	1876	3	0	1906
4017	1965	0	24	3	0	1992
4018	2054	1	4	1	0	2060
4019	2050	2	4	0	0	2056
4020	2023	0	2	7	0	2032
4021	37	1999	2	4	0	2042
4022	14	28	0	2041	0	2083
4023	4	13	2	2062	0	2081
4024	6	1	2051	37	0	2095
4025	7	6	27	2005	0	2045
4026	8	3	8	2057	0	2076
4027	2058	4	2	40	0	2104
4028	31	2087	2	11	0	2131
4029	11	29	4	2108	0	2152
4030	5	10	4	2144	0	2163
4031	8	2	1	2169	0	2180
4032	2152	3	1	41	0	2197
4033	38	0	2	2155	0	2195
4034	2161	7	2	39	0	2209
4035	35	2	1	2167	0	2205
4036	19	1	0	2212	0	2232
4037	7	5	2067	47	0	2126
4038	1993	3	31	12	0	2039
4039	38	2052	8	14	0	2112
4040	2124	30	2	12	0	2168
4041	35	13	6	2102	0	2156
4042	19	3	3	2147	0	2172
4043	2156	7	4	45	0	2212
4044	2158	2	3	19	0	2182
4045	45	2	3	2252	0	2302
4046	16	5	2261	43	0	2325
4047	16	3	2242	19	0	2280
4048	14	2338	42	12	0	2406
4049	2413	36	15	15	0	2479
4050	2434	14	11	11	0	2470
4051	55	4	10	2419	0	2488
4052	19	2465	4	36	0	2524
4053	16	44	2	2462	0	2524
4054	17	10	2	2395	0	2424
4055	9	2299	1	62	0	2371
4056	2321	44	4	19	0	2388
4057	46	15	4	2344	0	2409
4058	14	2334	5	58	0	2411
4059	13	2444	4	21	0	2482
4060	2440	46	7	9	0	2502
4061	43	19	2413	14	0	2489
4062	2450	11	46	11	0	2518
4063	63	10	12	2452	0	2537
4064	29	6	3	2474	0	2512
4065	17	2455	8	60	0	2540
4066	17	43	6	2464	0	2530
4067	17	17	2445	58	0	2537
4068	13	2394	36	26	0	2469
4069	14	2434	10	14	0	2472
4070	2403	42	6	20	0	2471
4071	32	2441	10	14	0	2497
4072	14	43	5	2428	0	2490
4073	10	2441	5	39	0	2495
4074	20	40	3	2437	0	2500
4075	14	19	5	2452	0	2490
4076	14	8	2360	59	0	2441
4077	4	18	29	2347	0	2398
4078	8	11	11	2379	0	2409
4079	2326	7	3	64	0	2400
4080	41	8	2334	24	0	2407
4081	22	6	39	2371	0	2438
4082	8	10	2373	56	0	2447
4083	2347	6	42	29	0	2424
4084	47	2400	18	15	0	2480
4085	2544	46	8	21	0	2619
4086	52	14	12	2600	0	2678
4087	26	15	5	2611	0	2657
4088	11	12	2549	75	0	2647
4089	2458	7	45	35	0	2545
4090	52	2618	16	25	0	2711
4091	2618	46	5	23	0	2692
4092	56	16	9	2641	0	2722
4093	26	2641	8	57	0	2732
4094	2677	56	9	25	0	2767
4095	62	2758	5	18	0	2843
4096	29	56	8	2754	0	2847
4097	23	24	3	2778	0	2828
4098	19	19	6	2764	0	2808
4099	12	2698	6	74	0	2790
4100	12	80	2	2725	0	2819
4101	8	26	8	2779	0	2821
4102	2685	12	5	80	0	2782
4103	2687	16	6	42	0	2751
4104	2696	17	5	21	0	2739
4105	68	18	2668	20	0	2774
4106	2692	7	44	23	0	2766
4107	2765	13	17	11	0	2806
4108	2716	10	12	14	0	2752
4109	65	20	2583	15	0	2683
4110	2652	10	46	18	0	2726
4111	61	6	15	2684	0	2766
4112	30	8	2646	58	0	2742
4113	18	2632	55	23	0	2728
4114	23	75	15	2499	0	2612
4115	11	2464	9	48	0	2532
4116	17	2495	9	18	0	2539
4117	2336	41	15	21	0	2413
4118	38	16	5	2330	0	2389
4119	2339	16	7	35	0	2397
4120	46	8	3	2341	0	2398
4121	2336	11	3	42	0	2392
4122	43	5	4	2328	0	2380
4123	2321	5	6	44	0	2376
4124	40	10	2243	17	0	2310
4125	18	8	33	2271	0	2330
4126	14	9	2285	43	0	2351
4127	18	10	2147	19	0	2194
4128	14	3	2253	14	0	2284
4129	11	9	35	2237	0	2292
4130	9	8	2242	36	0	2295
4131	2207	4	31	17	0	2259
4132	32	8	11	2240	0	2291
4133	17	7	2313	37	0	2374
4134	11	2	29	2313	0	2355
4135	8	7	8	2352	0	2375
4136	8	6	2420	40	0	2474
4137	11	1	31	2419	0	2462
4138	8	3	15	2416	0	2442
4139	14	2425	9	33	0	2481
4140	2428	25	6	20	0	2479
4141	2446	9	7	14	0	2476
4142	44	8	2368	8	0	2428
4143	2314	2	30	12	0	2358
4144	38	4	2315	8	0	2365
4145	16	3	2193	12	0	2224
4146	10	6	2175	8	0	2199
4147	17	33	35	2089	0	2174
4148	10	4	2122	25	0	2161
4149	10	8	19	2051	0	2088
4150	8	6	9	2024	0	2047
4151	6	2	5	2055	0	2068
4152	6	5	5	2051	0	2067
4153	2022	4	2	32	0	2060
4154	2049	2	4	13	0	2068
4155	22	2069	5	12	0	2108
4156	11	20	5	2121	0	2157
4157	6	9	2136	27	0	2178
4158	8	2156	21	19	0	2204
4159	8	23	13	2217	0	2261
4160	9	7	2255	32	0	2303
4161	4	4	26	2228	0	2262
4162	10	3	2250	34	0	2297
4163	4	4	2224	14	0	2246
4164	10	2	38	2254	0	2304
4165	6	3	16	2274	0	2299
4166	2260	3	12	44	0	2319
4167	27	2	11	2262	0	2302
4168	2250	3	6	36	0	2295
4169	24	2223	10	25	0	2282
4170	18	2266	6	13	0	2303
4171	11	33	5	2297	0	2346
4172	2300	16	5	32	0	2353
4173	29	2293	8	17	0	2347
4174	20	25	2	2347	0	2394
4175	2396	14	6	31	0	2447
4176	2422	8	4	13	0	2447
4177	2366	5	5	14	0	2390
4178	2385	3	5	14	0	2407
4179	2450	2	7	9	0	2468
4180	39	3	2356	13	0	2411
4181	23	3	2331	6	0	2363
4182	9	2328	32	9	0	2378
4183	13	33	17	2310	0	2373
4184	6	9	2363	27	0	2405
4185	11	14	2258	11	0	2294
4186	7	19	27	2240	0	2293
4187	6	3	2395	18	0	2422
4188	1	1	2335	13	0	2350
4189	8	2941	24	10	0	2983
4190	2942	33	18	7	0	3000
4191	33	3254	8	5	0	3300
4192	15	45	4	3355	0	3419
4193	3397	16	7	47	0	3467
4194	51	3458	6	20	0	3535
4195	19	50	3	3412	0	3484
4196	9	16	3414	51	0	3490
4197	3436	6	55	19	0	3516
4198	3511	5	15	11	0	3542
4199	3577	5	6	11	0	3599
4200	73	3	8	3545	0	3629
4201	24	3	3546	52	0	3625
4202	12	3540	53	22	0	3627
4203	14	59	15	3599	0	3687
4204	3580	20	7	63	0	3670
4205	64	6	3540	24	0	3634
4206	22	3461	61	13	0	3557
4207	10	53	3521	8	0	3592
4208	3530	16	59	12	0	3617
4209	3652	6	22	7	0	3687
4210	3649	7	10	7	0	3673
4211	83	4	3541	4	0	3632
4212	28	3465	58	5	0	3556
4213	20	54	16	3501	0	3591
4214	12	13	11	3547	0	3583
4215	8	9	11	3573	0	3601
4216	5	9	3473	77	0	3564
4217	3412	6	59	30	0	3507
4218	64	3	3506	14	0	3587
4219	3461	9	131	15	0	3616
4220	3605	6	24	14	0	3649
4221	3641	2	12	6	0	3661
4222	3595	8	12	6	0	3621
4223	88	13	3537	9	0	3647
4224	39	7	60	3554	0	3660
4225	29	12	3529	62	0	3632
4226	21	3381	65	25	0	3492
4227	21	3548	22	14	0	3605
4228	3517	78	10	18	0	3623
4229	3491	23	12	22	0	3548
4230	76	3555	18	8	0	3657
4231	3590	66	11	15	0	3682
4232	89	19	3250	9	0	3367
4233	3488	17	44	7	0	3556
4234	81	3535	16	20	0	3652
4235	3609	64	19	11	0	3703
4236	3569	22	14	6	0	3611
4237	93	18	11	3467	0	3589
4238	47	9	10	3520	0	3586
4239	3466	13	19	84	0	3582
4240	83	22	8	3472	0	3585
4241	3475	8	12	84	0	3579
4242	95	8	12	3486	0	3601
4243	3466	12	5	86	0	3569
4244	3482	7	15	24	0	3528
4245	96	3352	15	15	0	3478
4246	38	3480	12	19	0	3549
4247	3391	85	9	20	0	3505
4248	88	3406	11	16	0	3521
4249	39	81	13	3382	0	3515
4250	27	30	19	3425	0	3501
4251	3327	26	13	90	0	3456
4252	80	3309	14	42	0	3445
4253	43	3264	11	26	0	3344
4254	34	3355	10	24	0	3423
4255	40	86	3254	21	0	3401
4256	40	31	3199	15	0	3285
4257	44	16	3202	11	0	3273
4258	29	59	86	2853	0	3027
4259	27	3060	36	55	0	3178
4260	3036	69	15	25	0	3145
4261	84	27	2997	16	0	3124
4262	30	18	2998	18	0	3064
4263	25	11	3071	22	0	3129
4264	34	17	83	3005	0	3139
4265	37	9	24	3065	0	3135
4266	29	13	20	3093	0	3155
4267	3040	11	16	80	0	3147
4268	3048	17	17	22	0	3104
4269	3064	21	14	15	0	3114
4270	102	10	10	2990	0	3112
4271	41	8	2925	72	0	3046
4272	31	14	3014	25	0	3084
4273	24	15	71	2970	0	3080
4274	25	13	24	2967	0	3029
4275	2894	9	17	86	0	3006
4276	89	2863	13	34	0	2999
4277	2884	65	10	20	0	2979
4278	83	2839	17	23	0	2962
4279	40	73	8	2858	0	2979
4280	29	22	2843	78	0	2972
4281	25	20	64	2844	0	2953
4282	2873	15	20	81	0	2989
4283	83	10	2833	25	0	2951
4284	2764	10	66	27	0	2867
4285	94	5	2710	11	0	2820
4286	42	13	2647	13	0	2715
4287	2496	16	70	13	0	2595
4288	90	10	2526	14	0	2640
4289	16	4	1936	5	0	1961
4290	18	1875	72	8	0	1973
4291	1558	62	61	9	0	1690
4292	1477	11	20	4	0	1512
4293	1458	5	0	4	0	1467
4294	31	3	1373	2	0	1409
4295	1358	2	21	5	0	1386
4296	26	1383	3	2	0	1414
4297	1355	22	4	3	0	1384
4298	27	3	1355	0	0	1385
4299	6	14	22	1276	0	1318
4300	6	0	1276	19	0	1301
4301	0	1281	20	4	0	1305
4302	1	14	7	1244	0	1266
4303	4	2	3	1260	0	1269
4304	1274	3	4	15	0	1296
4305	1264	1	0	4	0	1269
4306	1259	1	1	3	0	1264
4307	1262	1	0	1	0	1264
4308	1243	1	0	1	0	1245
4309	21	0	1233	0	0	1254
4310	7	0	14	1229	0	1250
4311	5	0	1275	14	0	1294
4312	0	4	16	1287	0	1307
4313	1297	0	3	16	0	1316
4314	1323	1	4	3	0	1331
4315	1315	0	2	7	0	1324
4316	1334	0	2	1	0	1337
4317	19	1	1355	3	0	1378
4318	7	0	14	1325	0	1346
4319	3	1	1339	15	0	1358
4320	2	1369	15	5	0	1391
4321	2	1390	5	5	0	1402
4322	4	19	1	1390	0	1414
4323	2	4	0	1503	0	1509
4324	3	1	2	1546	0	1552
4325	2	0	2	1641	0	1645
4326	1617	0	0	28	0	1645
4327	18	1609	1	7	0	1635
4328	1589	21	0	3	0	1613
4329	23	4	1	1589	0	1617
4330	6	2	0	1572	0	1580
4331	3	1579	1	23	0	1606
4332	3	20	1	1565	0	1589
4333	1554	4	2	21	0	1581
4334	19	1484	0	7	0	1510
4335	2	1466	0	2	0	1470
4336	1467	17	0	3	0	1487
4337	17	3	1	1476	0	1497
4338	3	1493	0	19	0	1515
4339	5	16	0	1508	0	1529
4340	1513	4	0	19	0	1536
4341	18	2	1	1504	0	1525
4342	5	0	1	1516	0	1522
4343	1494	0	0	25	0	1519
4344	18	1	0	1496	0	1515
4345	8	1491	0	20	0	1519
4346	3	19	0	1491	0	1513
4347	4	1504	0	18	0	1526
4348	2	21	0	1512	0	1535
4349	1500	7	0	23	0	1530
4350	1526	1	1	6	0	1534
4351	20	2	0	1534	0	1556
4352	5	3	1512	20	0	1540
4353	1476	2	18	8	0	1504
4354	25	1	1498	2	0	1526
4355	1499	1	18	4	0	1522
4356	1525	1	5	5	0	1536
4357	26	2	1483	3	0	1514
4358	6	1479	16	7	0	1508
4359	1481	19	5	2	0	1507
4360	1493	5	1	12	0	1511
4361	23	5	1537	5	0	1570
4362	1522	2	18	6	0	1548
4363	1516	1	5	5	0	1527
4364	1513	2	2	2	0	1519
4365	23	3	0	1492	0	1518
4366	7	3	4	1506	0	1520
4367	4	1508	3	21	0	1536
4368	4	15	2	1533	0	1554
4369	7	5	2	1542	0	1556
4370	5	2	1495	23	0	1525
4371	5	2	1455	8	0	1470
4372	1399	5	20	3	0	1427
4373	1458	1	6	3	0	1468
4374	27	1437	0	3	0	1467
4375	8	17	3	1448	0	1476
4376	8	8	1496	20	0	1532
4377	6	1	23	1529	0	1559
4378	8	3	6	1563	0	1580
4379	4	2	0	1624	0	1630
4380	3	1598	2	37	0	1640
4381	6	26	1	1618	0	1651
4382	4	5	2	1640	0	1651
4383	5	2	1616	35	0	1658
4384	6	3	1621	11	0	1641
4385	1594	2	30	5	0	1631
4386	1630	6	6	5	0	1647
4387	35	1	0	1735	0	1771
4388	6	4	4	1724	0	1738
4389	2	3	3	1783	0	1791
4390	3	2	1699	40	0	1744
4391	10	1663	29	14	0	1716
4392	5	34	1665	6	0	1710
4393	1642	8	29	12	0	1691
4394	34	5	1673	8	0	1720
4395	1658	1	32	15	0	1706
4396	1640	6	14	8	0	1668
4397	1690	5	7	5	0	1707
4398	41	6	7	1646	0	1700
4399	17	3	1645	37	0	1702
4400	7	1653	33	11	0	1704
4401	13	30	8	1636	0	1687
4402	8	6	4	1687	0	1705
4403	6	7	1711	42	0	1766
4404	5	1680	34	17	0	1736
4405	1782	37	11	3	0	1833
4406	40	1820	7	6	0	1873
4407	1970	41	1	11	0	2023
4408	46	9	5	1991	0	2051
4409	12	1	2050	45	0	2108
4410	7	2073	44	7	0	2131
4411	2074	47	10	5	0	2136
4412	50	16	2064	4	0	2134
4413	2073	2	52	6	0	2133
4414	2108	3	14	7	0	2132
4415	61	2	2082	7	0	2152
4416	2056	9	47	7	0	2119
4417	2064	1	14	3	0	2082
4418	2045	5	8	4	0	2062
4419	64	1997	4	2	0	2067
4420	1914	51	5	6	0	1976
4421	54	1924	11	3	0	1992
4422	16	49	1875	3	0	1943
4423	11	1842	45	3	0	1901
4424	1749	49	23	5	0	1826
4425	1774	13	2	1	0	1790
4426	1788	1	3	2	0	1794
4427	49	7	3	1735	0	1794
4428	9	2	10	1774	0	1795
4429	1702	11	3	42	0	1758
4430	1772	1	2	5	0	1780
4431	56	3	1	1713	0	1773
4432	16	3	1709	40	0	1768
4433	4	1659	35	12	0	1710
4434	2	1738	8	6	0	1754
4435	12	45	3	1682	0	1742
4436	10	10	1679	39	0	1738
4437	7	8	38	1631	0	1684
4438	5	1653	12	35	0	1705
4439	3	44	3	1654	0	1704
4440	3	13	1644	42	0	1702
4441	5	2	38	1648	0	1693
4442	7	2	1698	39	0	1746
4443	6	2	39	1697	0	1744
4444	7	7	1737	42	0	1793
4445	4	3	1734	10	0	1751
4446	1693	5	52	2	0	1752
4447	1753	3	8	6	0	1770
4448	1757	2	8	4	0	1771
4449	50	1723	4	11	0	1788
4450	11	42	10	1744	0	1807
4451	1685	12	7	42	0	1746
4452	1766	4	3	12	0	1785
4453	1758	3	6	6	0	1773
4454	54	5	1721	6	0	1786
4455	13	1651	42	6	0	1712
4456	8	1747	10	12	0	1777
4457	1724	45	6	7	0	1782
4458	50	9	7	1718	0	1784
4459	1716	6	2	40	0	1764
4460	47	8	1695	8	0	1758
4461	15	9	41	1651	0	1716
4462	9	9	11	1694	0	1723
4463	13	5	7	1650	0	1675
4464	12	1661	2	44	0	1719
4465	1666	38	7	8	0	1719
4466	1691	6	13	9	0	1719
4467	47	1639	6	9	0	1701
4468	11	43	6	1636	0	1696
4469	1635	11	8	49	0	1703
4470	46	8	5	1643	0	1702
4471	1648	3	5	41	0	1697
4472	47	1636	5	11	0	1699
4473	1636	45	9	7	0	1697
4474	46	12	1609	13	0	1680
4475	19	1630	38	7	0	1694
4476	16	34	1602	11	0	1663
4477	29	28	42	1544	0	1643
4478	1519	8	11	33	0	1571
4479	1535	7	5	8	0	1555
4480	1520	7	10	5	0	1542
4481	43	6	4	1476	0	1529
4482	1478	1	6	34	0	1519
4483	44	2	8	1463	0	1517
4484	1472	4	4	32	0	1512
4485	1499	7	5	10	0	1521
4486	45	5	1479	5	0	1534
4487	10	8	1336	7	0	1361
4488	11	5	1332	9	0	1357
4489	6	9	27	1266	0	1308
4490	1277	4	8	26	0	1315
4491	28	5	5	1297	0	1335
4492	10	3	5	1315	0	1333
4493	1348	3	4	31	0	1386
4494	1360	2	3	11	0	1376
4495	1375	3	2	6	0	1386
4496	1372	3	1	13	0	1389
4497	31	3	2	1356	0	1392
4498	1336	1	5	25	0	1367
4499	34	1321	5	9	0	1369
4500	1326	18	4	4	0	1352
4501	1324	5	6	6	0	1341
4502	25	7	1251	3	0	1286
4503	1184	1	17	6	0	1208
4504	26	2	1179	3	0	1210
4505	11	1	1046	2	0	1060
4506	12	1	1042	1	0	1056
4507	7	32	13	841	0	893
4508	6	0	873	8	0	887
4509	3	9	7	792	0	811
4510	3	1	808	4	0	816
4511	1	0	858	1	0	860
4512	0	0	5	837	0	842
4513	0	0	3	881	0	884
4514	0	0	913	4	0	917
4515	875	0	5	2	0	882
4516	6	0	1	902	0	909
4517	1	0	0	913	0	914
4518	915	0	0	7	0	922
4519	6	0	0	921	0	927
4520	2	0	921	5	0	928
4521	1	0	872	2	0	875
4522	1	4	6	879	0	890
4523	0	0	913	5	0	918
4524	0	921	4	2	0	927
4525	0	4	2	910	0	916
4526	921	2	0	4	0	927
4527	4	0	916	2	0	922
4528	902	0	4	0	0	906
4529	4	0	2	947	0	953
4530	2	0	0	964	0	966
4531	0	0	0	958	0	958
4532	0	0	0	946	0	946
4533	951	0	0	6	0	957
4534	4	1021	0	3	0	1028
4535	2	7	0	1033	0	1042
4536	1	2	0	1035	0	1038
4537	1	0	0	1039	0	1040
4538	0	1	0	1036	0	1037
4539	1032	0	0	10	0	1042
4540	7	1028	0	5	0	1040
4541	1033	6	0	1	0	1040
4542	6	973	1	3	0	983
4543	3	989	0	0	0	992
4544	948	8	2	2	0	960
4545	7	2	986	1	0	996
4546	4	1	7	992	0	1004
4547	1018	1	2	6	0	1027
4548	1020	0	0	3	0	1023
4549	958	0	0	2	0	960
4550	1022	0	0	2	0	1024
4551	8	1081	0	4	0	1093
4552	1108	7	0	0	0	1115
4553	1149	2	0	0	0	1151
4554	12	1231	1	3	0	1247
4555	6	10	1	1265	0	1282
4556	6	2	1265	10	0	1283
4557	2	4	9	1263	0	1278
4558	1275	2	3	14	0	1294
4559	13	3	1317	6	0	1339
4560	5	1275	16	8	0	1304
4561	4	15	1325	2	0	1346
4562	3	7	18	1287	0	1315
4563	4	1312	6	10	0	1332
4564	1329	15	4	3	0	1351
4565	13	1339	3	3	0	1358
4566	4	18	2	1343	0	1367
4567	4	5	1	1359	0	1369
4568	1340	9	1	18	0	1368
4569	17	2	1	1331	0	1351
4570	5	1329	2	18	0	1354
4571	1367	14	2	10	0	1393
4572	1367	4	1	5	0	1377
4573	19	1366	3	3	0	1391
4574	1369	18	1	6	0	1394
4575	20	1346	4	1	0	1371
4576	1341	19	0	5	0	1365
4577	24	1347	0	1	0	1372
4578	9	21	1	1314	0	1345
4579	5	9	0	1357	0	1371
4580	1347	5	2	23	0	1377
4581	1370	2	1	11	0	1384
4582	18	1360	1	6	0	1385
4583	10	15	1331	6	0	1362
4584	1359	8	16	2	0	1385
4585	23	6	2	1382	0	1413
4586	9	1381	3	15	0	1408
4587	8	20	2	1390	0	1420
4588	1392	5	2	24	0	1423
4589	1409	9	1	7	0	1426
4590	1421	3	0	7	0	1431
4591	24	5	0	1398	0	1427
4592	11	2	1385	23	0	1421
4593	1345	2	16	6	0	1369
4594	1344	3	2	5	0	1354
4595	1359	2	5	3	0	1369
4596	25	1330	2	2	0	1359
4597	13	18	4	1353	0	1388
4598	10	1371	0	19	0	1400
4599	7	22	0	1370	0	1399
4600	5	8	2	1400	0	1415
4601	3	7	1451	29	0	1490
4602	7	2	21	1570	0	1600
4603	7	1	6	1623	0	1637
4604	1641	3	4	36	0	1684
4605	29	1661	6	13	0	1709
4606	1673	29	5	10	0	1717
4607	1784	7	0	5	0	1796
4608	45	7	0	1741	0	1793
4609	22	7	1758	31	0	1818
4610	9	1719	31	11	0	1770
4611	7	1706	7	11	0	1731
4612	1682	37	3	6	0	1728
4613	31	1688	5	12	0	1736
4614	6	35	3	1670	0	1714
4615	9	10	3	1708	0	1730
4616	9	6	1678	37	0	1730
4617	5	6	1681	13	0	1705
4618	6	1662	32	7	0	1707
4619	5	33	9	1667	0	1714
4620	1658	7	8	32	0	1705
4621	28	8	5	1683	0	1724
4622	5	5	1718	38	0	1766
4623	5	5	29	1708	0	1747
4624	1681	5	5	37	0	1728
4625	1685	3	4	10	0	1702
4626	35	1678	4	12	0	1729
4627	1687	34	4	7	0	1732
4628	35	1689	2	8	0	1734
4629	1682	32	3	7	0	1724
4630	35	12	4	1657	0	1708
4631	10	10	1659	31	0	1710
4632	10	7	1633	8	0	1658
4633	8	1677	29	9	0	1723
4634	9	29	10	1624	0	1672
4635	3	8	9	1661	0	1681
4636	1654	5	8	33	0	1700
4637	1670	6	2	19	0	1697
4638	1699	5	2	10	0	1716
4639	42	4	2	1685	0	1733
4640	13	11	3	1705	0	1732
4641	18	3	3	1733	0	1757
4642	9	8	1704	36	0	1757
4643	9	4	1676	16	0	1705
4644	1670	4	32	15	0	1721
4645	1660	6	16	6	0	1688
4646	34	3	1664	5	0	1706
4647	1635	7	25	9	0	1676
4648	1635	3	6	10	0	1654
4649	36	4	1613	13	0	1666
4650	15	1606	29	5	0	1655
4651	11	36	20	1542	0	1609
4652	9	7	1584	30	0	1630
4653	7	1630	23	13	0	1673
4654	2	32	5	1492	0	1531
4655	5	1543	4	30	0	1582
4656	5	25	1512	8	0	1550
4657	5	8	1547	2	0	1562
4658	8	18	30	1518	0	1574
4659	1537	3	6	25	0	1571
4660	26	2	4	1546	0	1578
4661	1526	4	4	23	0	1557
4662	28	4	2	1540	0	1574
4663	10	5	1531	25	0	1571
4664	1501	5	22	12	0	1540
4665	24	1	1531	7	0	1563
4666	1548	1	27	5	0	1581
4667	22	5	11	1529	0	1567
4668	10	1538	3	31	0	1582
4669	3	26	3	1560	0	1592
4670	5	1580	7	26	0	1618
4671	11	25	4	1513	0	1553
4672	4	1576	4	22	0	1606
4673	1570	22	6	7	0	1605
4674	1573	11	2	9	0	1595
4675	1577	2	3	8	0	1590
4676	34	0	1544	8	0	1586
4677	11	6	25	1542	0	1584
4678	11	2	1554	26	0	1593
4679	4	1516	24	12	0	1556
4680	9	1576	12	7	0	1604
4681	1554	32	9	4	0	1599
4682	28	15	1544	4	0	1591
4683	14	1534	25	7	0	1580
4684	2	26	14	1572	0	1614
4685	1567	11	6	27	0	1611
4686	24	1573	4	17	0	1618
4687	1595	21	6	7	0	1629
4688	29	13	1604	3	0	1649
4689	17	5	22	1619	0	1663
4690	10	3	12	1653	0	1678
4691	3	1	8	1750	0	1762
4692	5	1736	6	34	0	1781
4693	10	27	2	1678	0	1717
4694	7	13	1768	24	0	1812
4695	6	4	26	1764	0	1800
4696	7	1	11	1794	0	1813
4697	7	5	3	1761	0	1776
4698	5	1741	7	33	0	1786
4699	11	23	3	1744	0	1781
4700	6	11	4	1731	0	1752
4701	9	1642	4	28	0	1683
4702	1514	12	3	13	0	1542
4703	14	1507	4	4	0	1529
4704	6	1471	2	6	0	1485
4705	6	21	1	1447	0	1475
4706	1	9	1441	11	0	1462
4707	1325	1	10	9	0	1345
4708	8	3	7	1391	0	1409
4709	5	0	1353	11	0	1369
4710	2	1360	8	8	0	1378
4711	1	9	4	1362	0	1376
4712	0	7	1387	9	0	1403
4713	2	5	9	1341	0	1357
4714	2	4	6	1353	0	1365
4715	1340	2	1	19	0	1362
4716	10	1336	3	8	0	1357
4717	1354	13	0	4	0	1371
4718	12	7	1362	2	0	1383
4719	7	1375	8	4	0	1394
4720	3	10	1391	2	0	1406
4721	1	8	10	1393	0	1412
4722	1373	1	10	13	0	1397
4723	13	3	1	1374	0	1391
4724	1379	0	2	13	0	1394
4725	1393	1	2	5	0	1401
4726	17	3	2	1401	0	1423
4727	7	2	1432	18	0	1459
4728	2	0	1445	11	0	1458
4729	4	2	20	1487	0	1513
4730	1	3	8	1500	0	1512
4731	1486	2	3	23	0	1514
4732	19	3	4	1492	0	1518
4733	8	1460	1	22	0	1491
4734	3	13	4	1472	0	1492
4735	0	6	3	1487	0	1496
4736	1460	4	1	26	0	1491
4737	15	1475	1	21	0	1512
4738	11	18	1	1512	0	1542
4739	3	10	0	1510	0	1523
4740	3	1482	1	22	0	1508
4741	1	16	3	1501	0	1521
4742	0	9	1	1494	0	1504
4743	3	1476	1	27	0	1507
4744	3	17	2	1490	0	1512
4745	1	9	1	1491	0	1502
4746	4	1476	0	25	0	1505
4747	2	20	3	1500	0	1525
4748	1493	9	1	25	0	1528
4749	1506	3	2	13	0	1524
4750	1474	5	3	8	0	1490
4751	1491	1	1	8	0	1501
4752	22	1433	2	8	0	1465
4753	1361	15	1	1	0	1378
4754	18	1325	0	7	0	1350
4755	7	1324	0	5	0	1336
4756	12	24	4	1302	0	1342
4757	4	8	1338	15	0	1365
4758	1291	4	12	7	0	1314
4759	1323	8	5	4	0	1340
4760	19	1	1367	3	0	1390
4761	1328	5	13	5	0	1351
4762	1368	7	4	2	0	1381
4763	21	1331	2	7	0	1361
4764	1428	13	4	9	0	1454
4765	19	7	1	1410	0	1437
4766	7	3	2	1430	0	1442
4767	2	0	5	1442	0	1449
4768	5	5	1	1426	0	1437
4769	1416	1	0	25	0	1442
4770	17	3	2	1402	0	1424
4771	10	1	0	1425	0	1436
4772	5	5	1381	21	0	1412
4773	1305	1	13	13	0	1332
4774	1391	4	4	11	0	1410
4775	1403	4	2	5	0	1414
4776	20	1371	2	5	0	1398
4777	3	1402	0	8	0	1413
4778	1388	16	0	8	0	1412
4779	13	5	4	1400	0	1422
4780	10	1413	3	20	0	1446
4781	8	15	1	1402	0	1426
4782	8	1403	2	22	0	1435
4783	1415	19	1	9	0	1444
4784	19	1388	1	8	0	1416
4785	7	21	1	1380	0	1409
4786	9	5	3	1399	0	1416
4787	6	9	1416	20	0	1451
4788	6	1449	16	9	0	1480
4789	4	29	3	1502	0	1538
4790	8	7	1569	24	0	1608
4791	5	5	1602	9	0	1621
4792	8	5	30	1601	0	1644
4793	6	3	8	1647	0	1664
4794	2	1565	10	41	0	1618
4795	4	1626	6	12	0	1648
4796	6	37	3	1631	0	1677
4797	1632	11	2	38	0	1683
4798	33	6	2	1712	0	1753
4799	1744	4	0	41	0	1789
4800	1781	1	1	18	0	1801
4801	1814	4	1	7	0	1826
4802	46	4	1797	9	0	1856
4803	1796	0	34	8	0	1838
4804	45	3	10	1792	0	1850
4805	12	4	4	1812	0	1832
4806	10	3	1775	46	0	1834
4807	10	2	1783	16	0	1811
4808	7	11	41	1721	0	1780
4809	3	1682	14	37	0	1736
4810	9	1749	5	13	0	1776
4811	13	37	3	1736	0	1789
4812	1720	13	3	37	0	1773
4813	39	6	5	1722	0	1772
4814	12	4	3	1736	0	1755
4815	8	1716	1	46	0	1771
4816	5	38	1	1736	0	1780
4817	4	15	1733	42	0	1794
4818	3	4	1675	21	0	1703
4819	1668	6	42	11	0	1727
4820	33	1693	12	14	0	1752
4821	1694	34	5	6	0	1739
4822	1706	14	3	4	0	1727
4823	43	7	2	1640	0	1692
4824	13	1656	6	32	0	1707
4825	9	31	4	1709	0	1753
4826	1686	9	1	33	0	1729
4827	27	1666	3	14	0	1710
4828	1638	29	2	6	0	1675
4829	30	1642	3	6	0	1681
4830	1650	29	1	4	0	1684
4831	1672	10	1	3	0	1686
4832	38	1632	1	4	0	1675
4833	13	32	1	1635	0	1681
4834	1651	8	1	30	0	1690
4835	29	5	1603	12	0	1649
4836	10	6	1598	4	0	1618
4837	8	21	29	1550	0	1608
4838	1554	2	11	31	0	1598
4839	25	3	5	1553	0	1586
4840	1567	3	4	28	0	1602
4841	30	2	1575	12	0	1619
4842	1608	2	22	7	0	1639
4843	1678	2	8	6	0	1694
4844	39	4	3	1658	0	1704
4845	11	0	5	1687	0	1703
4846	12	0	1	1662	0	1675
4847	4	1646	3	35	0	1688
4848	6	22	2	1662	0	1692
4849	5	11	0	1679	0	1695
4850	1655	2	0	40	0	1697
4851	1668	4	5	12	0	1689
4852	36	1	1646	6	0	1689
4853	1634	2	26	6	0	1668
4854	31	3	1653	6	0	1693
4855	1590	4	29	4	0	1627
4856	28	3	1621	4	0	1656
4857	11	3	1594	6	0	1614
4858	7	2	35	1567	0	1611
4859	4	3	1588	32	0	1627
4860	1529	2	25	12	0	1568
4861	27	4	10	1587	0	1628
4862	1611	1	6	25	0	1643
4863	1643	0	7	12	0	1662
4864	1568	0	4	6	0	1578
4865	1548	2	1	7	0	1558
4866	40	1	1529	3	0	1573
4867	18	1	25	1523	0	1567
4868	9	1	1545	22	0	1577
4869	6	0	27	1531	0	1564
4870	1533	3	9	27	0	1572
4871	27	1	4	1545	0	1577
4872	1551	1	5	28	0	1585
4873	28	2	2	1554	0	1586
4874	12	3	2	1567	0	1584
4875	1555	3	0	35	0	1593
4876	29	1538	3	11	0	1581
4877	1550	23	2	8	0	1583
4878	28	1540	3	7	0	1578
4879	14	23	2	1552	0	1591
4880	1537	9	3	24	0	1573
4881	28	5	1531	11	0	1575
4882	12	3	25	1539	0	1579
4883	1547	0	9	27	0	1583
4884	1594	1	6	11	0	1612
4885	35	2	4	1569	0	1610
4886	11	1576	1	27	0	1615
4887	11	1567	3	10	0	1591
4888	8	59	2	1469	0	1538
4889	1479	10	4	21	0	1514
4890	21	1383	0	8	0	1412
4891	3	1267	0	3	0	1273
4892	1225	13	5	2	0	1245
4893	11	1207	0	1	0	1219
4894	1248	12	1	2	0	1263
4895	19	2	4	1248	0	1273
4896	3	2	0	1252	0	1257
4897	1	1216	0	17	0	1234
4898	2	1192	0	3	0	1197
4899	1132	18	0	0	0	1150
4900	15	1183	0	1	0	1199
4901	2	1284	0	0	0	1286
4902	3	18	0	1283	0	1304
4903	1315	7	0	17	0	1339
4904	17	6	1428	5	0	1456
4905	1449	0	21	7	0	1477
4906	26	3	13	1605	0	1647
4907	14	2	1639	24	0	1679
4908	7	1	1660	16	0	1684
4909	0	2	39	1690	0	1731
4910	3	3	1758	24	0	1788
4911	1761	1	34	22	0	1818
4912	1801	0	18	10	0	1829
4913	42	1	1808	1	0	1852
4914	24	2	29	1779	0	1834
4915	10	0	19	1780	0	1809
4916	1815	0	11	44	0	1870
4917	34	2	4	1776	0	1816
4918	17	1751	8	37	0	1813
4919	1801	27	2	21	0	1851
4920	32	1779	4	16	0	1831
4921	21	1854	3	3	0	1881
4922	11	44	1	1842	0	1898
4923	6	23	1	1863	0	1893
4924	10	9	2	1876	0	1897
4925	4	7	1791	52	0	1854
4926	1709	8	29	28	0	1774
4927	31	1754	16	19	0	1820
4928	1778	32	9	9	0	1828
4929	1791	18	1	10	0	1820
4930	46	11	4	1786	0	1847
4931	29	1793	3	38	0	1863
4932	16	38	2	1837	0	1893
4933	11	16	3	1861	0	1891
4934	1865	9	2	48	0	1924
4935	1874	1	1	37	0	1913
4936	48	9	1848	13	0	1918
4937	1915	6	27	11	0	1959
4938	42	1914	14	12	0	1982
4939	1941	34	9	11	0	1995
4940	52	2013	1	6	0	2072
4941	23	44	7	1989	0	2063
4942	22	16	2	1977	0	2017
4943	8	1955	4	55	0	2022
4944	10	39	3	1995	0	2047
4945	11	23	2	2011	0	2047
4946	6	12	4	2000	0	2022
4947	8	1946	2	66	0	2022
4948	8	44	3	1960	0	2015
4949	7	25	3	1995	0	2030
4950	9	14	1	2020	0	2044
4951	7	6	1943	75	0	2031
4952	1884	12	42	33	0	1971
4953	41	7	1953	29	0	2030
4954	1933	6	49	16	0	2004
4955	56	5	1966	18	0	2045
4956	1964	7	52	14	0	2037
4957	2001	0	21	14	0	2036
4958	59	5	1969	11	0	2044
4959	35	7	42	1964	0	2048
4960	20	6	1886	48	0	1960
4961	1871	5	48	31	0	1955
4962	50	5	1996	21	0	2072
4963	32	2	1986	12	0	2032
4964	1960	7	54	14	0	2035
4965	48	1971	38	13	0	2070
4966	33	39	18	1992	0	2082
4967	2023	19	13	48	0	2103
4968	50	11	13	2033	0	2107
4969	30	8	15	2072	0	2125
4970	2046	5	8	65	0	2124
4971	2047	7	11	38	0	2103
4972	69	4	2009	21	0	2103
4973	39	7	2035	19	0	2100
4974	26	6	57	2025	0	2114
4975	19	9	2048	58	0	2134
4976	17	10	55	2044	0	2126
4977	16	7	27	2050	0	2100
4978	13	8	18	2096	0	2135
4979	2032	9	10	83	0	2134
4980	48	2065	14	42	0	2169
4981	2093	42	6	33	0	2174
4982	2095	25	7	22	0	2149
4983	61	2061	11	26	0	2159
4984	2057	41	6	21	0	2125
4985	60	26	2013	21	0	2120
4986	32	18	37	2010	0	2097
4987	2035	8	15	55	0	2113
4988	43	14	1980	34	0	2071
4989	1984	13	36	21	0	2054
4990	54	2079	24	20	0	2177
4991	2329	41	18	19	0	2407
4992	2364	16	5	22	0	2407
4993	79	2359	11	20	0	2469
4994	2432	42	9	17	0	2500
4995	71	28	10	2418	0	2527
4996	47	21	10	2479	0	2557
4997	2451	11	7	74	0	2543
4998	2410	13	5	43	0	2471
4999	84	2413	10	29	0	2536
5000	55	2378	7	18	0	2458
5001	19	71	8	2225	0	2323
5002	15	2249	5	48	0	2317
5003	23	2313	8	34	0	2378
5004	2148	46	11	15	0	2220
5005	45	2154	1	14	0	2214
5006	2015	42	2	7	0	2066
5007	46	2035	1	9	0	2091
5008	18	42	2036	5	0	2101
5009	15	2037	31	8	0	2091
5010	1969	49	23	16	0	2057
5011	1949	18	10	8	0	1985
5012	42	10	1944	6	0	2002
5013	23	12	26	1895	0	1956
5014	15	4	14	1972	0	2005
5015	9	10	1954	37	0	2010
5016	11	5	29	1918	0	1963
5017	12	5	1942	35	0	1994
5018	6	6	1903	13	0	1928
5019	1893	6	34	13	0	1946
5020	27	1915	19	9	0	1970
5021	1906	25	16	4	0	1951
5022	35	11	6	1896	0	1948
5023	14	9	1921	27	0	1971
5024	14	3	27	1874	0	1918
5025	11	1926	15	29	0	1981
5026	1966	29	10	13	0	2018
5027	1989	10	6	10	0	2015
5028	35	9	7	1975	0	2026
5029	25	4	1946	29	0	2004
5030	1898	3	23	17	0	1941
5031	30	1907	12	13	0	1962
5032	1912	24	8	9	0	1953
5033	40	13	7	1892	0	1952
5034	1893	8	4	29	0	1934
5035	38	5	5	1877	0	1925
5036	25	4	1856	34	0	1919
5037	16	9	1830	14	0	1869
5038	1810	2	34	15	0	1861
5039	25	1868	19	13	0	1925
5040	1829	25	14	5	0	1873
5041	1826	14	2	5	0	1847
5042	36	1829	5	0	0	1870
5043	1830	22	2	6	0	1860
5044	35	15	1895	5	0	1950
5045	13	16	18	1906	0	1953
5046	18	5	11	1925	0	1959
5047	12	7	11	1952	0	1982
5048	8	9	1931	38	0	1986
5049	9	8	1946	20	0	1983
5050	4	5	33	1939	0	1981
5051	8	1913	19	22	0	1962
5052	4	1994	13	15	0	2026
5053	1986	33	3	15	0	2037
5054	2010	20	8	6	0	2044
5055	35	2036	7	9	0	2087
5056	18	23	4	2077	0	2122
5057	11	17	3	2106	0	2137
5058	2113	12	4	40	0	2169
5059	32	3	12	2148	0	2195
5060	15	4	4	2149	0	2172
5061	12	9	4	2163	0	2188
5062	8	7	2018	46	0	2079
5063	8	8	1911	26	0	1953
5064	2034	5	34	12	0	2085
5065	30	5	17	2113	0	2165
5066	15	9	2110	36	0	2170
5067	12	5	2058	20	0	2095
5068	2136	3	37	15	0	2191
5069	33	7	2293	9	0	2342
5070	25	2326	40	9	0	2400
5071	12	34	13	2562	0	2621
5072	8	19	2562	47	0	2636
5073	2584	7	56	18	0	2665
5074	58	6	14	2734	0	2812
5075	20	6	2716	59	0	2801
5076	18	8	55	2776	0	2857
5077	6	3	24	2844	0	2877
5078	2807	3	23	71	0	2904
5079	63	2811	9	38	0	2921
5080	20	56	12	2806	0	2894
5081	2830	18	10	58	0	2916
5082	2874	12	7	28	0	2921
5083	2872	7	6	22	0	2907
5084	2911	4	4	11	0	2930
5085	84	4	8	2832	0	2928
5086	2792	5	7	64	0	2868
5087	2849	5	5	26	0	2885
5088	2738	3	8	20	0	2769
5089	2802	3	3	16	0	2824
5090	88	2586	8	16	0	2698
5091	23	2389	1	7	0	2420
5092	16	53	1	2371	0	2441
5093	13	2367	0	40	0	2420
5094	2355	42	1	11	0	2409
5095	47	9	1	2343	0	2400
5096	2330	6	1	42	0	2379
5097	2384	1	2	15	0	2402
5098	52	2	1	2425	0	2480
5099	17	1	3	2411	0	2432
5100	10	2381	2	51	0	2444
5101	2394	36	4	14	0	2448
5102	40	2363	3	26	0	2432
5103	2405	41	3	9	0	2458
5104	46	12	5	2432	0	2495
5105	20	10	2406	37	0	2473
5106	2381	5	38	16	0	2440
5107	2353	6	8	12	0	2379
5108	50	5	2311	6	0	2372
5109	19	3	2319	10	0	2351
5110	14	4	46	2280	0	2344
5111	2463	0	13	43	0	2519
5112	2569	1	6	15	0	2591
5113	2602	4	4	11	0	2621
5114	2630	4	2	12	0	2648
5115	61	2572	2	9	0	2644
5116	2691	43	1	2	0	2737
5117	57	12	3	2640	0	2712
5118	22	5	5	2696	0	2728
5119	20	4	3	2747	0	2774
5120	17	5	4	2769	0	2795
5121	2744	3	5	61	0	2813
5122	51	7	4	2857	0	2919
5123	21	6	2798	69	0	2894
5124	16	4	54	2883	0	2957
5125	13	4	13	2916	0	2946
5126	17	1	6	2908	0	2932
5127	8	2	6	2895	0	2911
5128	2828	4	5	82	0	2919
5129	63	2768	3	31	0	2865
5130	20	2854	7	15	0	2896
5131	13	68	6	2825	0	2912
5132	2793	18	3	69	0	2883
5133	2878	7	2	29	0	2916
5134	78	6	7	2850	0	2941
5135	28	4	2782	70	0	2884
5136	2818	1	58	27	0	2904
5137	69	8	15	2901	0	2993
5138	25	8	2913	67	0	3013
5139	2818	4	57	26	0	2905
5140	71	2868	17	21	0	2977
5141	3171	64	6	14	0	3255
5142	89	3269	4	18	0	3380
5143	47	78	8	3294	0	3427
5144	30	3389	4	89	0	3512
5145	18	100	3	3488	0	3609
5146	3396	39	7	106	0	3548
5147	90	3430	3	56	0	3579
5148	46	85	3403	34	0	3568
5149	26	36	76	3430	0	3568
5150	18	23	3429	92	0	3562
5151	21	20	88	3410	0	3539
5152	18	10	43	3485	0	3556
5153	5	13	3387	130	0	3535
5154	3184	3	85	72	0	3344
5155	86	10	3344	35	0	3475
5156	49	5	3339	25	0	3418
5157	26	3312	117	31	0	3486
5158	18	83	57	3327	0	3485
5159	14	47	25	3364	0	3450
5160	9	23	14	3347	0	3393
5161	12	10	16	3432	0	3470
5162	12	10	3267	139	0	3428
5163	3172	8	81	72	0	3333
5164	86	8	3294	41	0	3429
5165	48	4	98	3241	0	3391
5166	3207	7	45	101	0	3360
5167	87	3210	29	63	0	3389
5168	51	106	16	3123	0	3296
5169	3028	42	16	82	0	3168
5170	83	2919	13	52	0	3067
5171	42	2896	11	27	0	2976
5172	2845	92	8	18	0	2963
5173	64	2849	8	18	0	2939
5174	2748	70	12	25	0	2855
5175	67	2787	8	21	0	2883
5176	2784	68	10	17	0	2879
5177	2816	39	4	13	0	2872
5178	95	2818	8	10	0	2931
5179	47	69	10	2786	0	2912
5180	30	39	2752	66	0	2887
5181	2743	19	59	39	0	2860
5182	59	15	32	2736	0	2842
5183	44	2693	13	65	0	2815
5184	20	2765	9	44	0	2838
5185	15	87	8	2745	0	2855
5186	2733	48	7	68	0	2856
5187	63	23	2727	40	0	2853
5188	43	13	54	2763	0	2873
5189	29	14	32	2809	0	2884
5190	14	17	16	2849	0	2896
5191	15	8	10	2797	0	2830
5192	16	2706	4	106	0	2832
5193	10	61	8	2781	0	2860
5194	7	38	2694	83	0	2822
5195	9	20	2664	50	0	2743
5196	11	11	2708	30	0	2760
5197	13	15	90	2643	0	2761
5198	2583	17	50	63	0	2713
5199	56	16	2595	46	0	2713
5200	40	11	2630	30	0	2711
5201	23	9	92	2576	0	2700
5202	2573	6	51	74	0	2704
5203	60	2558	25	43	0	2686
5204	2571	61	12	37	0	2681
5205	71	35	17	2547	0	2670
5206	43	22	2588	68	0	2721
5207	21	25	60	2517	0	2623
5208	14	2556	36	85	0	2691
5209	2648	67	22	40	0	2777
5210	66	38	2632	27	0	2763
5211	41	2623	61	29	0	2754
5212	2568	66	51	23	0	2708
5213	82	36	20	2597	0	2735
5214	41	20	19	2641	0	2721
5215	2612	14	15	95	0	2736
5216	2653	8	10	61	0	2732
5217	2747	17	14	29	0	2807
5218	116	16	10	2633	0	2775
5219	61	2609	15	76	0	2761
5220	2637	62	12	51	0	2762
5221	78	2624	13	40	0	2755
5222	2541	64	9	25	0	2639
5223	77	2503	13	17	0	2610
5224	49	66	11	2440	0	2566
5225	2476	45	10	60	0	2591
5226	2497	24	12	40	0	2573
5227	2544	12	5	29	0	2590
5228	2560	17	5	21	0	2603
5229	2557	10	4	19	0	2590
5230	107	6	2469	20	0	2602
5231	68	6	57	2463	0	2594
5232	37	6	2490	59	0	2592
5233	21	13	2484	41	0	2559
5234	2476	14	78	25	0	2593
5235	2512	15	45	11	0	2583
5236	2520	11	23	10	0	2564
5237	104	14	8	2390	0	2516
5238	2397	10	9	57	0	2473
5239	77	2318	11	39	0	2445
5240	54	2358	3	31	0	2446
5241	31	2207	2	8	0	2248
5242	2016	38	17	4	0	2075
5243	42	2030	1	9	0	2082
5244	1970	31	1	3	0	2005
5245	1942	8	4	5	0	1959
5246	38	7	1920	9	0	1974
5247	18	4	29	1919	0	1970
5248	15	2	7	2000	0	2024
5249	2011	1	7	40	0	2059
5250	2030	3	2	14	0	2049
5251	49	3	0	2005	0	2057
5252	20	3	1978	33	0	2034
5253	14	5	1998	11	0	2028
5254	8	5	38	2019	0	2070
5255	8	7	13	1999	0	2027
5256	12	7	5	2036	0	2060
5257	1978	5	2	44	0	2029
5258	2011	6	2	12	0	2031
5259	48	1998	2	9	0	2057
5260	22	38	2	2012	0	2074
5261	21	5	5	2008	0	2039
5262	8	2008	5	46	0	2067
5263	8	37	3	2024	0	2072
5264	2023	8	5	45	0	2081
5265	43	11	5	2021	0	2080
5266	16	1	6	2068	0	2091
5267	2015	5	2	41	0	2063
5268	2022	5	6	15	0	2048
5269	2026	2	6	15	0	2049
5270	59	10	2	1982	0	2053
5271	20	3	1882	36	0	1941
5272	17	3	1870	13	0	1903
5273	13	3	1856	11	0	1883
5274	12	1821	36	6	0	1875
5275	1776	32	16	8	0	1832
5276	36	7	1731	10	0	1784
5277	1691	9	30	8	0	1738
5278	39	3	9	1688	0	1739
5279	1634	3	9	36	0	1682
5280	1757	6	5	12	0	1780
5281	37	1768	4	12	0	1821
5282	1789	31	4	8	0	1832
5283	1798	6	2	8	0	1814
5284	38	1790	2	12	0	1842
5285	20	25	4	1828	0	1877
5286	15	10	1819	33	0	1877
5287	7	8	29	1800	0	1844
5288	10	5	6	1826	0	1847
5289	1805	6	5	38	0	1854
5290	38	4	2	1791	0	1835
5291	17	1814	5	31	0	1867
5292	11	33	5	1821	0	1870
5293	10	7	4	1865	0	1886
5294	11	9	1829	40	0	1889
5295	11	1781	29	21	0	1842
5296	13	1836	7	16	0	1872
5297	1795	34	6	13	0	1848
5298	40	1839	5	7	0	1891
5299	17	35	1	1847	0	1900
5300	11	9	1849	34	0	1903
5301	7	1842	33	17	0	1899
5302	1874	27	14	17	0	1932
5303	37	8	10	1869	0	1924
5304	15	10	4	1905	0	1934
5305	17	3	1884	41	0	1945
5306	12	5	30	1835	0	1882
5307	10	5	7	1867	0	1889
5308	1821	5	8	39	0	1873
5309	1761	4	2	24	0	1791
5310	40	1722	3	14	0	1779
5311	1595	27	3	9	0	1634
5312	32	1584	1	10	0	1627
5313	10	38	3	1487	0	1538
5314	9	1517	1	29	0	1556
5315	4	1568	1	14	0	1587
5316	1471	26	10	9	0	1516
5317	1455	10	5	8	0	1478
5318	29	1414	1	5	0	1449
5319	1438	17	1	7	0	1463
5320	1453	6	1	6	0	1466
5321	1497	3	3	5	0	1508
5322	25	3	3	1490	0	1521
5323	1488	5	4	20	0	1517
5324	26	2	1447	6	0	1481
5325	1422	4	18	5	0	1449
5326	22	3	1487	4	0	1516
5327	9	3	22	1502	0	1536
5328	7	4	5	1526	0	1542
5329	9	1	1505	23	0	1538
5330	1441	4	16	11	0	1472
5331	1505	3	4	6	0	1518
5332	25	2	1529	3	0	1559
5333	12	3	15	1494	0	1524
5334	6	3	6	1516	0	1531
5335	5	1	4	1548	0	1558
5336	1518	2	2	29	0	1551
5337	1535	3	2	12	0	1552
5338	25	1	2	1503	0	1531
5339	9	1459	1	18	0	1487
5340	5	1423	2	5	0	1435
5341	1370	14	0	9	0	1393
5342	14	1355	0	6	0	1375
5343	6	1329	0	4	0	1339
5344	2	21	0	1211	0	1234
5345	0	4	1230	10	0	1244
5346	0	1187	10	4	0	1201
5347	3	18	2	1166	0	1189
5348	1	1167	0	9	0	1177
5349	2	8	0	1146	0	1156
5350	1155	3	0	8	0	1166
5351	8	1155	0	2	0	1165
5352	1192	7	0	1	0	1200
5353	1160	2	0	3	0	1165
5354	9	0	1156	1	0	1166
5355	1140	0	7	0	0	1147
5356	7	0	2	1174	0	1183
5357	3	0	1177	7	0	1187
5358	0	1166	8	2	0	1176
5359	0	9	1	1140	0	1150
5360	0	2	0	1139	0	1141
5361	1138	1	1	8	0	1148
5362	7	0	0	1141	0	1148
5363	3	0	0	1164	0	1167
5364	1138	0	2	9	0	1149
5365	6	1126	0	4	0	1136
5366	1129	6	0	0	0	1135
5367	6	2	1133	1	0	1142
5368	1072	0	6	1	0	1079
5369	7	0	1160	0	0	1167
5370	2	1166	7	0	0	1175
5371	1194	7	2	0	0	1203
5372	1160	3	0	0	0	1163
5373	8	0	1144	0	0	1152
5374	3	1	1157	0	0	1161
5375	1	1	1185	2	0	1189
5376	0	1245	7	2	0	1254
5377	1	6	4	1259	0	1270
5378	0	4	1356	6	0	1366
5379	0	0	1295	4	0	1299
5380	0	1	15	1325	0	1341
5381	0	0	1328	13	0	1341
5382	1333	0	13	7	0	1353
5383	1588	1	5	1	0	1595
5384	26	0	1551	0	0	1577
5385	12	1562	17	0	0	1591
5386	7	18	11	1554	0	1590
5387	3	8	1599	17	0	1627
5388	0	1575	18	18	0	1611
5389	0	18	11	1584	0	1613
5390	1592	11	6	18	0	1627
5391	1583	6	2	13	0	1604
5392	26	1609	1	8	0	1644
5393	16	17	0	1605	0	1638
5394	6	11	2	1619	0	1638
5395	2	6	2	1599	0	1609
5396	3	2	1	1622	0	1628
5397	2	3	1586	35	0	1626
5398	4	0	15	1587	0	1606
5399	1	3	1558	22	0	1584
5400	1	1537	22	13	0	1573
5401	1535	17	11	12	0	1575
5402	19	1617	4	3	0	1643
5403	16	21	0	1615	0	1652
5404	8	10	2	1631	0	1651
5405	1603	5	3	31	0	1642
5406	17	1	3	1621	0	1642
5407	10	1596	2	26	0	1634
5408	9	17	2	1625	0	1653
5409	1	13	2	1637	0	1653
5410	1609	6	2	32	0	1649
5411	18	1	1591	18	0	1628
5412	14	1548	14	8	0	1584
5413	11	1592	11	2	0	1616
5414	1	25	3	1559	0	1588
5415	1526	13	0	18	0	1557
5416	14	1528	0	15	0	1557
5417	10	13	1	1548	0	1572
5418	7	9	1522	14	0	1552
5419	0	8	14	1532	0	1554
5420	1518	3	8	22	0	1551
5421	1494	2	7	14	0	1517
5422	27	1	1	1471	0	1500
5423	1502	3	3	14	0	1522
5424	1501	4	0	13	0	1518
5425	21	2	1490	11	0	1524
5426	1431	0	14	5	0	1450
5427	23	1454	9	4	0	1490
5428	1483	16	5	4	0	1508
5429	21	8	1451	5	0	1485
5430	12	9	16	1462	0	1499
5431	1501	1	8	16	0	1526
5432	16	1	1448	9	0	1474
5433	12	1	1468	8	0	1489
5434	8	2	21	1471	0	1502
5435	6	1	1507	14	0	1528
5436	1477	0	20	11	0	1508
5437	14	2	1517	9	0	1542
5438	15	2	21	1533	0	1571
5439	7	3	13	1567	0	1590
5440	1629	0	11	26	0	1666
5441	16	3	1653	19	0	1691
5442	12	1	1737	12	0	1762
5443	12	0	31	1860	0	1903
5444	4	0	1896	25	0	1925
5445	1856	1	32	16	0	1905
5446	28	2	13	1876	0	1919
5447	14	0	1886	31	0	1931
5448	11	1	35	1872	0	1919
5449	2	0	17	1921	0	1940
5450	1905	1	11	42	0	1959
5451	32	1	1889	22	0	1944
5452	1852	1	30	8	0	1891
5453	34	3	1929	3	0	1969
5454	1910	1	35	5	0	1951
5455	1924	1	14	7	0	1946
5456	1931	1	8	5	0	1945
5457	46	1859	3	6	0	1914
5458	1898	27	4	7	0	1936
5459	1919	10	6	8	0	1943
5460	42	7	5	1896	0	1950
5461	23	1	1891	31	0	1946
5462	1870	1	32	16	0	1919
5463	35	1	1928	10	0	1974
5464	17	2	35	1907	0	1961
5465	11	2	15	1955	0	1983
5466	1944	4	8	40	0	1996
5467	32	1957	7	25	0	2021
5468	18	27	6	1958	0	2009
5469	12	14	6	1965	0	1997
5470	11	6	1945	39	0	2001
5471	9	1	29	1938	0	1977
5472	4	2	17	1970	0	1993
5473	11	2	8	1930	0	1951
5474	11	1879	5	48	0	1943
5475	1854	26	4	21	0	1905
5476	1873	14	4	17	0	1908
5477	42	1852	2	10	0	1906
5478	1761	22	7	12	0	1802
5479	31	13	7	1865	0	1916
5480	14	7	1912	28	0	1961
5481	10	1927	30	19	0	1986
5482	8	1984	17	11	0	2020
5483	1878	32	14	7	0	1931
5484	2024	7	5	4	0	2040
5485	47	4	3	1999	0	2053
5486	11	3	6	2038	0	2058
5487	5	1	1	2045	0	2052
5488	1980	1	3	55	0	2039
5489	41	0	1967	13	0	2021
5490	1984	3	37	7	0	2031
5491	42	1	11	1993	0	2047
5492	13	3	1	1993	0	2010
5493	6	1974	5	47	0	2032
5494	13	32	0	2000	0	2045
5495	5	12	2	2035	0	2054
5496	6	5	2021	47	0	2079
5497	7	2039	36	16	0	2098
5498	2061	38	12	6	0	2117
5499	2012	12	5	9	0	2038
5500	2090	6	3	6	0	2105
5501	2087	4	3	6	0	2100
5502	53	3	1973	6	0	2035
5503	1962	1	38	8	0	2009
5504	46	1	1985	8	0	2040
5505	16	3	41	1949	0	2009
5506	9	1994	10	41	0	2054
5507	12	37	2	1999	0	2050
5508	9	9	5	2051	0	2074
5509	8	5	2014	55	0	2082
5510	1967	3	44	23	0	2037
5511	1998	2	10	16	0	2026
5512	50	1942	7	19	0	2018
5513	15	38	1973	12	0	2038
5514	9	11	38	2000	0	2058
5515	8	7	1997	42	0	2054
5516	12	10	1979	13	0	2014
5517	11	7	43	1966	0	2027
5518	13	5	1969	43	0	2030
5519	15	6	42	1968	0	2031
5520	12	5	2017	46	0	2080
5521	15	4	44	2008	0	2071
5522	2035	4	16	49	0	2104
5523	2053	2	7	25	0	2087
5524	2042	3	9	13	0	2067
5525	2010	6	10	10	0	2036
5526	54	2002	3	15	0	2074
5527	14	36	7	2009	0	2066
5528	11	11	7	2040	0	2069
5529	11	8	2001	53	0	2073
5530	8	7	39	2002	0	2056
5531	6	5	1971	50	0	2032
5532	8	3	1931	19	0	1961
5533	1890	7	44	16	0	1957
5534	44	1987	15	12	0	2058
5535	1998	43	9	11	0	2061
5536	2023	12	7	16	0	2058
5537	53	2031	7	13	0	2104
5538	2028	38	13	9	0	2088
5539	56	8	2004	5	0	2073
5540	17	1962	40	11	0	2030
5541	1942	39	12	8	0	2001
5542	41	11	1832	11	0	1895
5543	1679	3	28	15	0	1725
5544	32	1730	12	7	0	1781
5545	1733	28	8	6	0	1775
5546	1732	8	5	9	0	1754
5547	35	1685	7	3	0	1730
5548	13	1676	4	2	0	1695
5549	8	1743	5	7	0	1763
5550	7	32	8	1733	0	1780
5551	6	10	11	1738	0	1765
5552	1730	5	7	37	0	1779
5553	1717	1	10	12	0	1740
5554	38	0	1696	7	0	1741
5555	12	3	1659	10	0	1684
5556	8	4	1712	9	0	1733
5557	10	3	34	1723	0	1770
5558	7	2	1739	32	0	1780
5559	8	5	29	1733	0	1775
5560	1753	1	12	35	0	1801
5561	38	5	1742	10	0	1795
5562	1752	8	30	6	0	1796
5563	1751	6	8	10	0	1775
5564	39	3	1782	6	0	1830
5565	13	1809	36	7	0	1865
5566	5	36	11	1821	0	1873
5567	9	7	1824	34	0	1874
5568	7	4	39	1804	0	1854
5569	6	5	11	1990	0	2012
5570	1938	7	9	48	0	2002
5571	44	1	11	1944	0	2000
5572	19	4	1937	46	0	2006
5573	13	5	40	1956	0	2014
5574	1983	1	11	44	0	2039
5575	48	2017	9	12	0	2086
5576	2021	46	9	8	0	2084
5577	55	21	10	2005	0	2091
5578	24	1	2014	45	0	2084
5579	22	4	1911	10	0	1947
5580	11	5	1877	7	0	1900
5581	4	1781	46	5	0	1836
5582	1685	40	37	7	0	1769
5583	30	1605	6	4	0	1645
5584	1495	18	2	0	0	1515
5585	19	1491	1	2	0	1513
5586	5	18	1	1507	0	1531
5587	3	4	2	1515	0	1524
5588	1	3	2	1519	0	1525
5589	1	1501	2	21	0	1525
5590	1	25	1	1577	0	1604
5591	2	4	1	1767	0	1774
5592	1871	3	2	30	0	1906
5593	35	2	0	2003	0	2040
5594	7	3	2111	38	0	2159
5595	2088	3	40	6	0	2137
5596	2137	1	9	3	0	2150
5597	47	2161	6	4	0	2218
5598	2174	40	0	7	0	2221
5599	2236	10	2	4	0	2252
5600	54	5	1	2217	0	2277
5601	19	1	1	2269	0	2290
5602	5	3	8	2312	0	2328
5603	2278	1	2	56	0	2337
5604	2320	3	3	15	0	2341
5605	59	5	2268	7	0	2339
5606	2252	4	46	6	0	2308
5607	2300	3	12	8	0	2323
5608	2290	2	8	11	0	2311
5609	62	1	2219	13	0	2295
5610	15	3	2230	11	0	2259
5611	20	0	54	2246	0	2320
5612	11	1	2280	51	0	2343
5613	11	1	56	2248	0	2316
5614	13	6	14	2159	0	2192
5615	14	2282	7	49	0	2352
5616	2304	47	6	17	0	2374
5617	54	11	2310	6	0	2381
5618	2374	6	48	10	0	2438
5619	55	2	18	2402	0	2477
5620	2348	5	15	53	0	2421
5621	62	2303	7	20	0	2392
5622	15	2405	8	17	0	2445
5623	15	63	2	2385	0	2465
5624	14	16	5	2435	0	2470
5625	15	7	2366	64	0	2452
5626	15	6	47	2384	0	2452
5627	2332	6	12	67	0	2417
5628	62	2332	9	23	0	2426
5629	17	57	2340	17	0	2431
5630	17	14	57	2339	0	2427
5631	6	8	2369	65	0	2448
5632	10	9	61	2364	0	2444
5633	12	5	2379	63	0	2459
5634	10	2	2303	21	0	2336
5635	9	8	63	2298	0	2378
5636	2308	6	20	66	0	2400
5637	2314	6	13	20	0	2353
5638	2291	5	9	17	0	2322
5639	65	2253	13	14	0	2345
5640	2284	52	8	15	0	2359
5641	2292	14	9	7	0	2322
5642	67	6	2220	10	0	2303
5643	23	2217	52	14	0	2306
5644	23	59	14	2207	0	2303
5645	2214	12	7	55	0	2288
5646	64	2202	5	17	0	2288
5647	2250	60	7	10	0	2327
5648	2299	14	5	13	0	2331
5649	2279	9	7	15	0	2310
5650	2271	4	8	8	0	2291
5651	67	11	8	2206	0	2292
5652	2233	5	7	65	0	2310
5653	65	7	6	2225	0	2303
5654	18	2171	11	63	0	2263
5655	20	46	8	2217	0	2291
5656	2211	11	9	60	0	2291
5657	64	9	2191	19	0	2283
5658	31	3	44	2204	0	2282
5659	2185	5	14	58	0	2262
5660	59	2167	14	21	0	2261
5661	2175	47	1	21	0	2244
5662	2220	17	12	5	0	2254
5663	65	2210	5	16	0	2296
5664	2196	48	11	8	0	2263
5665	58	16	2104	13	0	2191
5666	24	7	2091	11	0	2133
5667	2061	5	55	9	0	2130
5668	54	11	2065	5	0	2135
5669	27	6	41	1925	0	1999
5670	22	1935	12	34	0	2003
5671	1979	45	7	5	0	2036
5672	54	1941	5	7	0	2007
5673	18	1950	12	7	0	1987
5674	18	45	8	2013	0	2084
5675	11	15	9	2005	0	2040
5676	13	10	7	1977	0	2007
5677	11	8	4	1981	0	2004
5678	11	14	1924	50	0	1999
5679	14	3	34	1891	0	1942
5680	4	11	11	1938	0	1964
5681	1901	4	8	45	0	1958
5682	41	5	4	1911	0	1961
5683	17	8	1868	43	0	1936
5684	1843	4	31	20	0	1898
5685	41	11	9	1857	0	1918
5686	17	4	1922	40	0	1983
5687	17	7	30	1895	0	1949
5688	8	1925	19	34	0	1986
5689	1915	36	7	15	0	1973
5690	41	6	1869	13	0	1929
5691	16	1678	28	3	0	1725
5692	1544	24	20	10	0	1598
5693	20	1416	11	5	0	1452
5694	4	1322	4	4	0	1334
5695	1316	15	10	8	0	1349
5696	13	1289	5	2	0	1309
5697	3	1252	3	3	0	1261
5698	11	14	3	1251	0	1279
5699	5	3	1232	12	0	1252
5700	4	1221	11	3	0	1239
5701	3	16	1	1200	0	1220
5702	2	1184	3	6	0	1195
5703	1174	8	0	2	0	1184
5704	7	1	1165	6	0	1179
5705	2	3	8	1155	0	1168
5706	1208	2	1	8	0	1219
5707	5	0	4	1229	0	1238
5708	2	1	1225	11	0	1239
5709	1184	3	8	3	0	1198
5710	1237	1	0	4	0	1242
5711	11	1264	2	6	0	1283
5712	7	8	2	1281	0	1298
5713	8	1	1	1303	0	1313
5714	1320	2	2	11	0	1335
5715	1275	1	1	4	0	1281
5716	12	0	1313	6	0	1331
5717	4	1297	5	3	0	1309
5718	1290	5	1	0	0	1296
5719	7	4	3	1272	0	1286
5720	2	4	1293	5	0	1304
5721	4	0	1247	3	0	1254
5722	1	6	6	1247	0	1260
5723	1271	0	2	3	0	1276
5724	2	1267	2	3	0	1274
5725	1368	2	0	0	0	1370
5726	3	1	0	1385	0	1389
5727	1	1	0	1395	0	1397
5728	1	0	0	1404	0	1405
5729	1407	0	0	4	0	1411
5730	2	1415	1	3	0	1421
5731	1	2	0	1447	0	1450
5732	1	1	0	1445	0	1447
5733	0	0	1445	3	0	1448
5734	0	0	2	1427	0	1429
5735	0	0	1457	4	0	1461
5736	0	1414	2	1	0	1417
5737	2	5	1	1429	0	1437
5738	1409	1	1	2	0	1413
5739	2	0	1427	1	0	1430
5740	1	0	2	1415	0	1418
5741	1	0	1418	2	0	1421
5742	1343	0	2	1	0	1346
5743	2	3	1432	0	0	1437
5744	2	0	2	1394	0	1398
5745	1435	0	1	2	0	1438
5746	3	1344	0	1	0	1348
5747	1406	2	0	0	0	1408
5748	3	1344	2	1	0	1350
5749	1	2	0	1442	0	1445
5750	0	1	1430	2	0	1433
5751	0	0	1417	1	0	1418
5752	1	0	3	1458	0	1462
5753	1511	0	1	3	0	1515
5754	1493	1	0	2	0	1496
5755	4	0	0	1490	0	1494
5756	1	0	0	1502	0	1503
5757	1497	0	0	5	0	1502
5758	2	1450	1	2	0	1455
5759	1	1512	0	0	0	1513
5760	1544	4	0	1	0	1549
5761	2	1	1563	1	0	1567
5762	1	0	1	1562	0	1564
5763	0	0	1532	2	0	1534
5764	0	0	2	1531	0	1533
5765	0	0	1550	2	0	1552
5766	1	1	1487	1	0	1490
5767	0	0	3	1569	0	1572
5768	1	1487	1	2	0	1491
5769	1567	1	1	1	0	1570
5770	3	1543	0	1	0	1547
5771	2	2	1	1582	0	1587
5772	1587	1	2	2	0	1592
5773	2	0	1	1569	0	1572
5774	1586	0	0	4	0	1590
5775	1582	0	0	1	0	1583
5776	1589	2	0	1	0	1592
5777	5	1544	1	0	0	1550
5778	1613	3	1	1	0	1618
5779	4	3	0	1649	0	1656
5780	1701	0	2	8	0	1711
5781	7	2	1	1740	0	1750
5782	1747	1	0	12	0	1760
5783	1767	0	0	4	0	1771
5784	13	1755	1	2	0	1771
5785	3	10	2	1912	0	1927
5786	0	5	2	1879	0	1886
5787	2	1979	2	29	0	2012
5788	0	27	0	2048	0	2075
5789	2044	9	0	30	0	2083
5790	2152	1	1	9	0	2163
5791	2139	0	3	2	0	2144
5792	34	0	2216	4	0	2254
5793	2302	1	28	1	0	2332
5794	2385	2	9	4	0	2400
5795	2416	0	3	2	0	2421
5796	41	2387	0	7	0	2435
5797	11	32	1	2435	0	2479
5798	3	12	0	2462	0	2477
5799	3	2	1	2446	0	2452
5800	2	5	2371	45	0	2423
5801	2	2	32	2406	0	2442
5802	2420	2	11	39	0	2472
5803	38	0	8	2440	0	2486
5804	19	1	0	2539	0	2559
5805	11	2	2474	48	0	2535
5806	9	2467	36	17	0	2529
5807	2540	35	14	9	0	2598
5808	42	10	5	2545	0	2602
5809	2558	5	6	41	0	2610
5810	48	5	2501	16	0	2570
5811	2402	4	36	11	0	2453
5812	47	2507	11	17	0	2582
5813	16	36	2470	9	0	2531
5814	5	10	2487	11	0	2513
5815	9	14	43	2423	0	2489
5816	6	5	2527	43	0	2581
5817	5	2522	41	17	0	2585
5818	7	36	13	2524	0	2580
5819	8	11	8	2577	0	2604
5820	9	9	5	2581	0	2604
5821	2514	10	5	51	0	2580
5822	46	2516	5	19	0	2586
5823	16	37	3	2580	0	2636
5824	16	8	7	2611	0	2642
5825	2514	8	9	47	0	2578
5826	41	2498	3	31	0	2573
5827	2568	38	8	16	0	2630
5828	2564	14	8	12	0	2598
5829	2564	6	8	12	0	2590
5830	53	8	2501	12	0	2574
5831	20	6	37	2461	0	2524
5832	9	2484	11	43	0	2547
5833	9	2545	8	25	0	2587
5834	8	47	7	2509	0	2571
5835	10	2551	1	40	0	2602
5836	2691	42	3	13	0	2749
5837	43	23	2666	15	0	2747
5838	2637	6	35	19	0	2697
5839	2735	5	17	13	0	2770
5840	60	7	6	2734	0	2807
5841	2738	10	6	44	0	2798
5842	51	2860	9	16	0	2936
5843	2936	41	4	12	0	2993
5844	2961	15	5	15	0	2996
5845	3231	6	11	15	0	3263
5846	60	12	3218	12	0	3302
5847	31	21	3241	7	0	3300
5848	16	11	54	3237	0	3318
5849	17	3191	19	53	0	3280
5850	16	3280	14	22	0	3332
5851	13	59	11	3244	0	3327
5852	3276	28	8	56	0	3368
5853	61	17	4	3275	0	3357
5854	30	5	7	3334	0	3376
5855	3302	9	7	72	0	3390
5856	59	3286	7	31	0	3383
5857	24	48	3285	26	0	3383
5858	25	20	3285	14	0	3344
5859	3312	13	66	10	0	3401
5860	54	12	28	3285	0	3379
5861	30	7	3302	52	0	3391
5862	15	9	55	3265	0	3344
5863	17	10	21	3296	0	3344
5864	9	13	14	3360	0	3396
5865	12	9	6	3325	0	3352
5866	12	3243	9	78	0	3342
5867	16	50	11	3306	0	3383
5868	3291	15	5	70	0	3381
5869	55	3246	7	39	0	3347
5870	3361	50	11	15	0	3437
5871	3369	24	10	19	0	3422
5872	3389	14	12	10	0	3425
5873	75	11	3277	17	0	3380
5874	3287	6	48	17	0	3358
5875	3361	10	25	14	0	3410
5876	3300	10	14	16	0	3340
5877	3353	5	9	22	0	3389
5878	80	3318	9	16	0	3423
5879	3303	44	5	14	0	3366
5880	57	26	3261	13	0	3357
5881	35	14	39	3205	0	3293
5882	21	9	17	3294	0	3341
5883	3310	9	11	62	0	3392
5884	53	3244	8	34	0	3339
5885	3153	33	0	15	0	3201
5886	50	3139	4	14	0	3207
5887	3050	31	4	9	0	3094
5888	3026	19	5	6	0	3056
5889	51	3206	3	4	0	3264
5890	3198	40	3	5	0	3246
5891	3375	18	8	3	0	3404
5892	63	3181	3	2	0	3249
5893	28	3260	1	4	0	3293
5894	3475	56	13	4	0	3548
5895	72	24	4	3582	0	3682
5896	3624	9	4	69	0	3706
5897	3761	9	1	20	0	3791
5898	3864	10	0	13	0	3887
5899	3858	6	0	12	0	3876
5900	111	3722	2	8	0	3843
5901	40	3848	4	5	0	3897
5902	3846	84	3	6	0	3939
5903	85	32	3826	3	0	3946
5904	40	13	64	3728	0	3845
5905	20	7	27	3826	0	3880
5906	3747	7	10	92	0	3856
5907	71	3727	6	35	0	3839
5908	33	66	2	3738	0	3839
5909	17	28	5	3822	0	3872
5910	3767	8	2	102	0	3879
5911	81	8	2	3786	0	3877
5912	3786	3	5	88	0	3882
5913	3818	5	6	39	0	3868
5914	3847	9	3	18	0	3877
5915	108	10	3	3784	0	3905
5916	51	10	4	3798	0	3863
5917	25	12	3957	103	0	4097
5918	24	6	3934	46	0	4010
5919	3972	4	119	25	0	4120
5920	106	6	50	4067	0	4229
5921	52	7	4346	98	0	4503
5922	24	8	4390	52	0	4474
5923	21	8	150	4354	0	4533
5924	18	6	4395	113	0	4532
5925	21	3	113	4366	0	4503
5926	21	4	57	4415	0	4497
5927	19	3	4376	163	0	4561
5928	19	5	115	4420	0	4559
5929	21	7	47	4364	0	4439
5930	18	4	21	4560	0	4603
5931	17	9	4392	175	0	4593
5932	14	10	107	4521	0	4652
5933	4484	5	57	141	0	4687
5934	117	4463	14	84	0	4678
5935	4543	111	16	37	0	4707
5936	130	56	4430	31	0	4647
5937	4487	14	123	25	0	4649
5938	4545	12	63	26	0	4646
5939	4579	8	21	21	0	4629
5940	180	17	20	4403	0	4620
5941	90	11	20	4506	0	4627
5942	40	4	4197	179	0	4420
5943	4071	10	112	86	0	4279
5944	130	4086	63	42	0	4321
5945	73	3853	22	30	0	3978
5946	32	3948	22	28	0	4030
5947	42	146	20	3769	0	3977
5948	3728	60	14	123	0	3925
5949	3801	18	20	71	0	3910
5950	162	16	3664	35	0	3877
5951	74	11	112	3696	0	3893
5952	41	11	62	3752	0	3866
5953	35	13	3647	164	0	3859
5954	23	17	3593	94	0	3727
5955	3591	14	153	39	0	3797
5956	120	3606	67	31	0	3824
5957	3688	101	31	31	0	3851
5958	3729	57	15	32	0	3833
5959	171	25	13	3622	0	3831
5960	78	11	19	3724	0	3832
5961	3614	11	18	165	0	3808
5962	130	10	13	3648	0	3801
5963	85	10	20	3666	0	3781
5964	3612	6	20	170	0	3808
5965	128	10	16	3669	0	3823
5966	3660	10	19	141	0	3830
5967	3721	9	25	78	0	3833
5968	179	8	3594	34	0	3815
5969	3624	13	113	50	0	3800
5970	3663	10	64	36	0	3773
5971	3686	10	28	33	0	3757
5972	179	14	3014	42	0	3249
5973	3516	8	89	34	0	3647
5974	132	3446	36	42	0	3656
5975	3540	100	29	35	0	3704
5976	3594	46	23	36	0	3699
5977	177	11	13	3510	0	3711
5978	86	12	18	3533	0	3649
5979	49	3469	19	169	0	3706
5980	45	96	13	3524	0	3678
5981	43	52	20	3587	0	3702
5982	3493	9	18	159	0	3679
5983	136	17	18	3480	0	3651
5984	89	13	11	3530	0	3643
5985	41	12	18	3528	0	3599
5986	50	3336	13	171	0	3570
5987	3322	98	14	87	0	3521
5988	133	3353	12	43	0	3541
5989	3146	98	13	31	0	3288
5990	119	50	2996	35	0	3200
5991	2842	13	79	37	0	2971
5992	114	15	2841	26	0	2996
5993	66	2726	87	36	0	2915
5994	2494	72	95	27	0	2688
5995	2426	39	21	19	0	2505
5996	108	2269	11	23	0	2411
5997	60	2259	13	20	0	2352
5998	2175	69	21	19	0	2284
5999	2194	48	10	13	0	2265
6000	99	9	4	2147	0	2259
6001	53	17	7	2174	0	2251
6002	27	12	2095	85	0	2219
6003	2085	10	45	52	0	2192
6004	71	9	31	2073	0	2184
6005	49	2094	13	51	0	2207
6006	25	49	3	2131	0	2208
6007	27	35	4	2135	0	2201
6008	13	15	2064	90	0	2182
6009	17	14	41	2094	0	2166
6010	2065	7	32	60	0	2164
6011	63	2009	6	44	0	2122
6012	47	2029	10	18	0	2104
6013	2011	77	5	20	0	2113
6014	2025	40	11	20	0	2096
6015	2048	10	15	16	0	2089
6016	97	1934	8	12	0	2051
6017	32	1755	3	11	0	1801
6018	1852	51	9	10	0	1922
6019	1897	27	3	7	0	1934
6020	67	1782	2	9	0	1860
6021	18	1532	4	6	0	1560
6022	1489	33	8	3	0	1533
6023	33	15	1	1476	0	1525
6024	1486	6	3	29	0	1524
6025	29	5	2	1498	0	1534
6026	17	1484	2	25	0	1528
6027	6	1502	0	17	0	1525
6028	1544	35	11	2	0	1592
6029	1573	21	3	5	0	1602
6030	1624	5	3	2	0	1634
6031	42	1609	2	2	0	1655
6032	15	29	1494	1	0	1539
6033	6	1493	23	3	0	1525
6034	1442	29	13	3	0	1487
6035	1408	10	2	1	0	1421
6036	37	3	1372	2	0	1414
6037	9	1338	23	4	0	1374
6038	5	28	7	1347	0	1387
6039	3	9	1	1336	0	1349
6040	5	1232	1	29	0	1267
6041	4	22	1317	10	0	1353
6042	1335	5	24	2	0	1366
6043	26	3	9	1352	0	1390
6044	1358	2	3	26	0	1389
6045	1370	2	0	9	0	1381
6046	38	4	0	1369	0	1411
6047	17	2	1	1459	0	1479
6048	7	2	2	1514	0	1525
6049	7	3	0	1531	0	1541
6050	1484	6	0	54	0	1544
6051	1517	6	2	16	0	1541
6052	49	6	1492	6	0	1553
6053	20	2	37	1501	0	1560
6054	11	1	7	1539	0	1558
6055	8	1	5	1548	0	1562
6056	9	7	1491	52	0	1559
6057	8	5	38	1481	0	1532
6058	1469	2	10	51	0	1532
6059	40	3	3	1483	0	1529
6060	12	4	1478	47	0	1541
6061	13	3	42	1501	0	1559
6062	9	3	1517	46	0	1575
6063	1539	4	40	19	0	1602
6064	48	1	12	1531	0	1592
6065	1544	0	9	46	0	1599
6066	1535	2	4	23	0	1564
6067	50	4	5	1506	0	1565
6068	1547	3	4	53	0	1607
6069	50	3	2	1530	0	1585
6070	19	1573	3	51	0	1646
6071	1647	39	9	15	0	1710
6072	1677	10	6	14	0	1707
6073	1719	5	3	10	0	1737
6074	63	2	4	1666	0	1735
6075	19	6	4	1704	0	1733
6076	13	2	3	1719	0	1737
6077	16	1	1623	68	0	1708
6078	13	1606	43	28	0	1690
6079	16	45	12	1615	0	1688
6080	16	10	1607	48	0	1681
6081	1602	6	47	21	0	1676
6082	50	6	14	1625	0	1695
6083	18	5	1595	53	0	1671
6084	1637	3	44	23	0	1707
6085	53	4	14	1674	0	1745
6086	19	3	8	1703	0	1733
6087	18	3	5	1725	0	1751
6088	1689	0	5	70	0	1764
6089	1721	5	5	25	0	1756
6090	1696	6	7	18	0	1727
6091	58	1609	9	12	0	1688
6092	26	1655	3	12	0	1696
6093	1655	48	2	16	0	1721
6094	55	16	1630	12	0	1713
6095	25	5	42	1622	0	1694
6096	16	5	13	1680	0	1714
6097	1640	3	5	61	0	1709
6098	1614	5	5	25	0	1649
6099	54	1600	8	13	0	1675
6100	28	44	2	1627	0	1701
6101	19	11	1606	50	0	1686
6102	17	9	1629	21	0	1676
6103	16	5	50	1655	0	1726
6104	16	4	15	1706	0	1741
6105	1657	4	3	64	0	1728
6106	49	4	9	1686	0	1748
6107	1745	3	7	57	0	1812
6108	1743	5	5	27	0	1780
6109	56	3	1724	19	0	1802
6110	1748	2	42	12	0	1804
6111	1782	3	11	18	0	1814
6112	1797	2	7	12	0	1818
6113	63	1718	8	12	0	1801
6114	23	1767	7	17	0	1814
6115	16	48	8	1739	0	1811
6116	10	12	1711	51	0	1784
6117	13	1663	36	22	0	1734
6118	14	45	9	1538	0	1606
6119	15	7	3	1503	0	1528
6120	12	1497	4	28	0	1541
6121	1507	27	5	15	0	1554
6122	1517	8	9	11	0	1545
6123	35	3	1536	10	0	1584
6124	1518	5	25	12	0	1560
6125	30	6	1507	14	0	1557
6126	1426	3	26	10	0	1465
6127	36	8	1444	6	0	1494
6128	16	1378	26	4	0	1424
6129	17	21	11	1326	0	1375
6130	6	6	12	1343	0	1367
6131	1341	3	4	25	0	1373
6132	1367	1	10	9	0	1387
6133	1358	3	3	6	0	1370
6134	28	3	1368	7	0	1406
6135	12	4	20	1366	0	1402
6136	13	1	5	1410	0	1429
6137	1411	2	3	29	0	1445
6138	27	1396	4	12	0	1439
6139	1461	19	5	9	0	1494
6140	28	6	4	1504	0	1542
6141	9	3	4	1558	0	1574
6142	7	4	2	1565	0	1578
6143	7	4	0	1560	0	1571
6144	9	2	1	1563	0	1575
6145	5	1510	2	31	0	1548
6146	8	1488	0	9	0	1505
6147	4	1444	0	6	0	1454
6148	3	10	3	1429	0	1445
6149	0	2	1412	13	0	1427
6150	1315	1	5	7	0	1328
6151	6	1445	3	3	0	1457
6152	2	10	0	1459	0	1471
6153	1	4	1	1480	0	1486
6154	1495	4	0	10	0	1509
6155	1486	1	0	7	0	1494
6156	1500	1	2	3	0	1506
6157	12	0	0	1564	0	1576
6158	3	2	1585	9	0	1599
6159	1	1	1633	4	0	1639
6160	0	3	11	1650	0	1664
6161	2	1	1646	10	0	1659
6162	1581	0	8	6	0	1595
6163	12	1	2	1609	0	1624
6164	3	2	1619	10	0	1634
6165	4	0	5	1585	0	1594
6166	0	0	1678	8	0	1686
6167	2	0	1762	5	0	1769
6168	1	1	13	1887	0	1902
6169	2	0	2020	17	0	2039
6170	0	0	1941	5	0	1946
6171	2	1885	26	3	0	1916
6172	6	22	9	1979	0	2016
6173	2069	7	10	19	0	2105
6174	17	4	1	2050	0	2072
6175	7	1	3	2105	0	2116
6176	4	0	2101	27	0	2132
6177	2035	0	18	15	0	2068
6178	19	2	8	2128	0	2157
6179	8	0	4	2168	0	2180
6180	2124	1	1	28	0	2154
6181	20	0	1	2146	0	2167
6182	2161	1	0	26	0	2188
6183	2177	0	1	10	0	2188
6184	2153	0	1	7	0	2161
6185	27	2092	2	3	0	2124
6186	2135	19	1	0	0	2155
6187	24	2115	1	1	0	2141
6188	6	25	0	2126	0	2157
6189	2151	7	0	20	0	2178
6190	20	2140	0	10	0	2170
6191	2163	20	1	7	0	2191
6192	24	2148	0	2	0	2174
6193	2147	23	1	1	0	2172
6194	25	2113	0	0	0	2138
6195	8	2162	0	4	0	2174
6196	4	2260	0	4	0	2268
6197	2	28	0	2206	0	2236
6198	1	2265	0	17	0	2283
6199	1	24	1	2253	0	2279
6200	4	10	1	2255	0	2270
6201	1	7	0	2229	0	2237
6202	2	3	0	2236	0	2241
6203	2224	2	0	31	0	2257
6204	2228	3	3	14	0	2248
6205	28	2	2230	6	0	2266
6206	2292	1	20	5	0	2318
6207	2371	2	5	3	0	2381
6208	2457	0	3	5	0	2465
6209	38	2	2427	5	0	2472
6210	17	0	2472	2	0	2491
6211	2479	3	39	6	0	2527
6212	46	1	2590	2	0	2639
6213	15	2697	45	2	0	2759
6214	10	47	12	2739	0	2808
6215	2831	12	6	46	0	2895
6216	2858	5	7	14	0	2884
6217	2887	5	4	8	0	2904
6218	64	0	5	2858	0	2927
6219	21	1	3	2913	0	2938
6220	11	5	2901	57	0	2974
6221	7	2	47	2917	0	2973
6222	8	2	10	2989	0	3009
6223	2927	0	6	66	0	2999
6224	58	2938	3	19	0	3018
6225	2979	55	1	12	0	3047
6226	64	14	3	2985	0	3066
6227	2953	7	4	59	0	3023
6228	2980	4	4	18	0	3006
6229	2931	0	5	13	0	2949
6230	67	2864	0	10	0	2941
6231	20	2962	2	5	0	2989
6232	17	65	1	2945	0	3028
6233	2959	16	1	61	0	3037
6234	60	9	2	2918	0	2989
6235	16	6	3	2981	0	3006
6236	15	3	2918	67	0	3003
6237	9	4	52	2913	0	2978
6238	5	4	13	2955	0	2977
6239	6	2	10	2948	0	2966
6240	8	2	2847	73	0	2930
6241	4	2	2792	25	0	2823
6242	6	2788	60	17	0	2871
6243	2809	54	18	12	0	2893
6244	63	11	10	2846	0	2930
6245	16	6	2852	60	0	2934
6246	13	3	56	2848	0	2920
6247	10	0	15	2981	0	3006
6248	2928	3	10	73	0	3014
6249	2945	5	8	22	0	2980
6250	65	2925	1	16	0	3007
6251	2892	51	3	13	0	2959
6252	2931	10	7	7	0	2955
6253	68	9	3	2879	0	2959
6254	22	5	2877	58	0	2962
6255	14	2868	50	19	0	2951
6256	2876	54	13	13	0	2956
6257	2918	13	5	11	0	2947
6258	65	2971	6	8	0	3050
6259	26	58	3	3051	0	3138
6260	3125	14	3	65	0	3207
6261	3177	12	3	20	0	3212
6262	79	7	5	3162	0	3253
6263	3231	3	1	73	0	3308
6264	3496	5	2	22	0	3525
6265	3558	1	6	14	0	3579
6266	92	7	3536	13	0	3648
6267	28	3412	70	15	0	3525
6268	18	3497	11	18	0	3544
6269	3350	62	8	9	0	3429
6270	70	3415	7	14	0	3506
6271	21	68	3387	10	0	3486
6272	19	16	60	3386	0	3481
6273	3367	7	13	68	0	3455
6274	73	10	7	3351	0	3441
6275	3349	9	5	70	0	3433
6276	3371	9	2	21	0	3403
6277	3362	9	6	8	0	3385
6278	78	3239	5	10	0	3332
6279	27	3393	4	8	0	3432
6280	3383	65	1	18	0	3467
6281	3359	15	2	20	0	3396
6282	3403	8	5	17	0	3433
6283	87	4	3	3338	0	3432
6284	3312	8	1	74	0	3395
6285	84	3208	4	31	0	3327
6286	29	3360	3	16	0	3408
6287	22	75	6	3320	0	3423
6288	25	14	3280	71	0	3390
6289	18	13	3290	17	0	3338
6290	16	9	72	3275	0	3372
6291	15	10	3295	72	0	3392
6292	17	10	70	3303	0	3400
6293	3314	7	21	77	0	3419
6294	75	11	12	3295	0	3393
6295	3264	6	10	81	0	3361
6296	76	3198	6	25	0	3305
6297	31	71	3239	9	0	3350
6298	24	13	65	3202	0	3304
6299	24	8	12	3272	0	3316
6300	16	13	3243	81	0	3353
6301	20	13	61	3161	0	3255
6302	21	3237	15	68	0	3341
6303	23	66	9	3295	0	3393
6304	18	21	7	3359	0	3405
6305	15	11	7	3456	0	3489
6306	23	5	3402	92	0	3522
6307	13	11	3284	35	0	3343
6308	3091	7	86	18	0	3202
6309	75	10	3079	22	0	3186
6310	27	3081	77	13	0	3198
6311	3056	57	25	12	0	3150
6312	74	3071	11	12	0	3168
6313	2956	57	15	14	0	3042
6314	2974	14	17	9	0	3014
6315	2937	9	13	4	0	2963
6316	2916	7	6	11	0	2940
6317	70	2814	10	15	0	2909
6318	17	2862	6	15	0	2900
6319	2878	61	10	4	0	2953
6320	65	14	2791	15	0	2885
6321	25	16	52	2772	0	2865
6322	19	8	11	2843	0	2881
6323	16	7	2784	56	0	2863
6324	2664	11	53	24	0	2752
6325	2787	9	12	18	0	2826
6326	2778	9	11	13	0	2811
6327	65	2726	10	14	0	2815
6328	2809	51	13	9	0	2882
6329	58	14	10	2757	0	2839
6330	25	2924	10	49	0	3008
6331	2985	54	11	18	0	3068
6332	3037	20	10	12	0	3079
6333	3215	17	6	11	0	3249
6334	95	10	4	3149	0	3258
6335	39	15	9	3162	0	3225
6336	27	3093	6	75	0	3201
6337	26	62	3115	29	0	3232
6338	20	24	57	3114	0	3215
6339	21	17	20	3101	0	3159
6340	22	9	10	3223	0	3264
6341	21	6	3160	90	0	3277
6342	3126	3	69	41	0	3239
6343	72	10	18	3210	0	3310
6344	27	13	3197	75	0	3312
6345	24	8	71	3163	0	3266
6346	3217	6	22	82	0	3327
6347	80	3182	14	34	0	3310
6348	26	67	12	3265	0	3370
6349	20	22	3246	84	0	3372
6350	3163	16	71	26	0	3276
6351	3263	11	18	26	0	3318
6352	92	4	3204	26	0	3326
6353	32	13	79	3067	0	3191
6354	34	3164	15	69	0	3282
6355	3210	72	18	25	0	3325
6356	78	21	3164	19	0	3282
6357	3104	12	78	26	0	3220
6358	100	20	3030	18	0	3168
6359	44	8	2854	16	0	2922
6360	2747	3	90	14	0	2854
6361	85	2839	23	10	0	2957
6362	34	61	2798	15	0	2908
6363	21	2678	66	11	0	2776
6364	24	60	2560	13	0	2657
6365	12	2536	60	10	0	2618
6366	2361	59	32	15	0	2467
6367	55	17	2311	13	0	2396
6368	25	12	2265	6	0	2308
6369	19	11	2183	7	0	2220
6370	2082	9	84	4	0	2179
6371	2118	4	30	5	0	2157
6372	54	3	21	2069	0	2147
6373	20	7	2127	42	0	2196
6374	26	6	2134	10	0	2176
6375	2141	6	54	11	0	2212
6376	45	6	25	2167	0	2243
6377	2160	8	19	42	0	2229
6378	2215	3	11	8	0	2237
6379	60	5	11	2098	0	2174
6380	23	2106	8	48	0	2185
6381	19	43	12	2126	0	2200
6382	12	14	9	2165	0	2200
6383	16	12	2117	54	0	2199
6384	10	2081	45	23	0	2159
6385	12	2159	15	17	0	2203
6386	9	47	12	2110	0	2178
6387	8	16	2119	41	0	2184
6388	7	2100	48	13	0	2168
6389	12	48	2109	17	0	2186
6390	2066	10	53	15	0	2144
6391	2148	14	19	7	0	2188
6392	61	12	2102	3	0	2178
6393	2082	5	51	12	0	2150
6394	58	6	18	2099	0	2181
6395	19	2166	16	50	0	2251
6396	21	43	13	2196	0	2273
6397	2147	12	10	50	0	2219
6398	2207	9	8	21	0	2245
6399	2194	10	9	16	0	2229
6400	2143	6	9	16	0	2174
6401	72	2099	8	16	0	2195
6402	25	2107	9	9	0	2150
6403	2090	50	9	8	0	2157
6404	54	19	2085	7	0	2165
6405	25	61	31	2004	0	2121
6406	9	2089	14	29	0	2141
6407	10	40	9	2076	0	2135
6408	3	2121	10	41	0	2175
6409	4	43	6	2152	0	2205
6410	5	14	2145	47	0	2211
6411	2123	14	38	18	0	2193
6412	2133	11	12	10	0	2166
6413	53	5	2106	11	0	2175
6414	2085	7	45	4	0	2141
6415	2127	8	15	6	0	2156
6416	56	9	2101	2	0	2168
6417	33	2	42	2053	0	2130
6418	2093	1	16	35	0	2145
6419	46	1	2092	10	0	2149
6420	20	6	41	2052	0	2119
6421	15	8	2141	43	0	2207
6422	10	6	2159	19	0	2194
6423	2102	6	57	14	0	2179
6424	2188	2	28	8	0	2226
6425	2205	4	17	4	0	2230
6426	2262	4	6	6	0	2278
6427	69	3	8	2186	0	2266
6428	25	2096	8	38	0	2167
6429	21	2156	5	13	0	2195
6430	12	56	7	2007	0	2082
6431	2016	10	5	42	0	2073
6432	43	1970	2	14	0	2029
6433	8	1893	5	9	0	1915
6434	1879	31	2	3	0	1915
6435	27	9	4	1884	0	1924
6436	1895	4	6	25	0	1930
6437	32	1891	0	7	0	1930
6438	1930	29	1	4	0	1964
6439	34	11	2024	4	0	2073
6440	2230	5	34	3	0	2272
6441	2305	1	9	10	0	2325
6442	2401	5	3	0	0	2409
6443	57	9	2198	4	0	2268
6444	2382	2	39	1	0	2424
6445	57	2376	12	2	0	2447
6446	22	38	2381	1	0	2442
6447	19	16	40	2270	0	2345
6448	12	7	13	2251	0	2283
6449	2	2245	11	57	0	2315
6450	8	36	3	2286	0	2333
6451	2	21	4	2309	0	2336
6452	3	6	2255	52	0	2316
6453	2143	4	38	26	0	2211
6454	42	3	2262	14	0	2321
6455	10	7	46	2240	0	2303
6456	11	0	2283	47	0	2341
6457	5	1	48	2289	0	2343
6458	2314	1	22	43	0	2380
6459	2407	0	9	18	0	2434
6460	55	0	8	2402	0	2465
6461	22	2	2422	51	0	2497
6462	13	2	48	2434	0	2497
6463	11	2	2415	57	0	2485
6464	2372	3	51	19	0	2445
6465	2427	5	17	12	0	2461
6466	2383	3	14	17	0	2417
6467	2387	2	13	11	0	2413
6468	63	2288	5	10	0	2366
6469	27	43	9	2321	0	2400
6470	2294	15	2	44	0	2355
6471	59	2256	4	20	0	2339
6472	28	2318	3	13	0	2362
6473	18	56	2206	6	0	2286
6474	2190	25	45	12	0	2272
6475	2264	10	20	11	0	2305
6476	68	6	2187	7	0	2268
6477	29	10	47	2184	0	2270
6478	18	7	20	2239	0	2284
6479	11	1	2224	62	0	2298
6480	19	3	54	2189	0	2265
6481	2210	3	17	60	0	2290
6482	55	3	2166	20	0	2244
6483	26	2	2216	22	0	2266
6484	2187	5	58	18	0	2268
6485	53	6	2228	4	0	2291
6486	2192	3	51	18	0	2264
6487	67	2179	21	4	0	2271
6488	2213	44	23	7	0	2287
6489	59	17	14	2194	0	2284
6490	30	11	7	2223	0	2271
6491	2212	9	12	61	0	2294
6492	61	6	5	2222	0	2294
6493	2213	11	3	59	0	2286
6494	66	2208	5	20	0	2299
6495	27	45	7	2159	0	2238
6496	17	17	6	2203	0	2243
6497	2143	12	8	65	0	2228
6498	2151	9	6	30	0	2196
6499	2142	8	6	19	0	2175
6500	72	2054	8	6	0	2140
6501	31	2108	4	18	0	2161
6502	2089	51	5	17	0	2162
6503	65	18	2055	5	0	2143
6504	25	2026	43	16	0	2110
6505	1896	46	45	7	0	1994
6506	1815	20	11	10	0	1856
6507	1816	12	8	5	0	1841
6508	58	6	5	1763	0	1832
6509	1778	2	7	36	0	1823
6510	1784	7	7	9	0	1807
6511	52	4	2	1736	0	1794
6512	1758	2	6	33	0	1799
6513	43	8	1704	16	0	1771
6514	23	4	31	1735	0	1793
6515	21	2	14	1747	0	1784
6516	15	2	8	1781	0	1806
6517	1755	3	5	55	0	1818
6518	1793	4	4	23	0	1824
6519	1796	2	10	11	0	1819
6520	1775	3	2	19	0	1799
6521	1726	2	5	10	0	1743
6522	54	3	5	1649	0	1711
6523	32	2	1	1676	0	1711
6524	1655	4	3	42	0	1704
6525	45	1625	7	21	0	1698
6526	1622	27	3	14	0	1666
6527	40	12	1559	11	0	1622
6528	1623	7	30	13	0	1673
6529	1682	5	11	10	0	1708
6530	56	4	1749	4	0	1813
6531	1801	5	30	4	0	1840
6532	53	2	1809	10	0	1874
6533	37	1	1892	4	0	1934
6534	24	12	67	1901	0	2004
6535	21	1	33	2006	0	2061
6536	16	5	1991	63	0	2075
6537	9	4	1989	34	0	2036
6538	10	1902	64	26	0	2002
6539	9	1858	39	21	0	1927
6540	1568	48	32	9	0	1657
6541	29	1655	13	8	0	1705
6542	1557	36	10	7	0	1610
6543	33	1519	6	6	0	1564
6544	1511	38	3	3	0	1555
6545	36	26	1433	3	0	1498
6546	1445	15	27	5	0	1492
6547	39	11	20	1431	0	1501
6548	25	1451	16	23	0	1515
6549	19	29	8	1471	0	1527
6550	1466	22	4	33	0	1525
6551	1508	18	3	20	0	1549
6552	49	9	5	1489	0	1552
6553	32	10	1454	33	0	1529
6554	21	5	1406	20	0	1452
6555	11	1456	44	14	0	1525
6556	9	37	25	1459	0	1530
6557	7	18	1454	31	0	1510
6558	11	1381	30	21	0	1443
6559	10	34	21	1361	0	1426
6560	4	21	11	1379	0	1415
6561	1281	11	8	40	0	1340
6562	26	6	5	1296	0	1333
6563	16	8	1266	36	0	1326
6564	11	2	21	1280	0	1314
6565	1250	6	21	33	0	1310
6566	24	4	1244	23	0	1295
6567	1267	3	25	18	0	1313
6568	31	1295	16	14	0	1356
6569	1338	18	13	9	0	1378
6570	1353	20	7	8	0	1388
6571	41	8	7	1309	0	1365
6572	29	5	4	1333	0	1371
6573	23	1299	6	35	0	1363
6574	10	20	4	1351	0	1385
6575	1305	13	11	35	0	1364
6576	25	12	1299	24	0	1360
6577	23	10	21	1298	0	1352
6578	13	1275	17	32	0	1337
6579	13	24	11	1325	0	1373
6580	9	20	5	1334	0	1368
6581	1308	13	6	44	0	1371
6582	29	1296	1	33	0	1359
6583	22	27	3	1306	0	1358
6584	1290	14	5	35	0	1344
6585	29	14	6	1298	0	1347
6586	16	11	4	1319	0	1350
6587	1339	4	1	50	0	1394
6588	1338	7	6	30	0	1381
6589	44	5	1338	23	0	1410
6590	1335	8	19	14	0	1376
6591	1372	2	15	13	0	1402
6592	1387	4	10	11	0	1412
6593	48	1289	7	14	0	1358
6594	32	1303	7	9	0	1351
6595	23	36	2	1311	0	1372
6596	1328	21	6	29	0	1384
6597	1348	15	7	19	0	1389
6598	41	8	5	1324	0	1378
6599	32	7	1344	29	0	1412
6600	1376	7	20	21	0	1424
6601	1422	4	17	18	0	1461
6602	45	5	10	1389	0	1449
6603	31	1	7	1407	0	1446
6604	1400	8	5	40	0	1453
6605	36	4	3	1384	0	1427
6606	27	1387	6	38	0	1458
6607	17	23	8	1440	0	1488
6608	1440	15	3	38	0	1496
6609	36	12	1411	24	0	1483
6610	1368	5	20	22	0	1415
6611	36	3	1417	17	0	1473
6612	30	3	27	1408	0	1468
6613	1435	5	18	32	0	1490
6614	33	6	12	1448	0	1499
6615	23	4	10	1460	0	1497
6616	1438	4	7	43	0	1492
6617	27	4	1409	34	0	1474
6618	27	5	1433	18	0	1483
6619	20	1	29	1475	0	1525
6620	16	1	18	1521	0	1556
6621	11	2	18	1528	0	1559
6622	13	3	1516	48	0	1580
6623	1503	2	21	41	0	1567
6624	1568	3	24	27	0	1622
6625	1584	2	14	18	0	1618
6626	1611	1	8	16	0	1636
6627	50	1526	6	17	0	1599
6628	38	1539	5	11	0	1593
6629	15	1556	7	16	0	1594
6630	7	24	9	1395	0	1435
6631	10	10	2	1419	0	1441
6632	10	2	1358	16	0	1386
6633	5	1225	10	7	0	1247
6634	14	9	3	1134	0	1160
6635	1113	1	1	4	0	1119
6636	4	1111	0	7	0	1122
6637	1	3	0	1119	0	1123
6638	2	1124	0	4	0	1130
6639	1165	4	1	1	0	1171
6640	5	0	3	1159	0	1167
6641	4	1	1132	4	0	1141
6642	3	1	1133	1	0	1138
6643	0	4	11	1191	0	1206
6644	2	0	4	1195	0	1201
6645	2	0	1	1230	0	1233
6646	1213	0	0	17	0	1230
6647	12	0	1218	6	0	1236
6648	5	1209	11	3	0	1228
6649	4	10	4	1212	0	1230
6650	0	3	1227	7	0	1237
6651	1	1220	9	5	0	1235
6652	1	8	5	1246	0	1260
6653	0	4	1248	10	0	1262
6654	1	3	8	1235	0	1247
6655	0	0	4	1262	0	1266
6656	1245	0	3	14	0	1262
6657	1245	1	0	6	0	1252
6658	13	0	1	1237	0	1251
6659	1240	0	2	10	0	1252
6660	12	0	1231	5	0	1248
6661	4	0	10	1252	0	1266
6662	3	0	1280	11	0	1294
6663	1	0	12	1290	0	1303
6664	1	1252	3	12	0	1268
6665	2	1286	2	4	0	1294
6666	0	1324	1	1	0	1326
6667	1	13	0	1336	0	1350
6668	0	6	1	1430	0	1437
6669	0	2	1421	24	0	1447
6670	0	4	1420	6	0	1430
6671	1	2	1545	2	0	1550
6672	1610	3	22	1	0	1636
6673	19	0	7	1707	0	1733
6674	1761	0	2	27	0	1790
6675	26	1832	1	10	0	1869
6676	6	31	2	1890	0	1929
6677	1925	10	2	30	0	1967
6678	31	4	2	1931	0	1968
6679	1933	1	0	37	0	1971
6680	38	2	1972	15	0	2027
6681	12	1985	29	11	0	2037
6682	5	36	12	2026	0	2079
6683	2032	12	5	38	0	2087
6684	2069	5	0	15	0	2089
6685	44	0	1	2050	0	2095
6686	21	2	4	2070	0	2097
6687	2002	4	4	48	0	2058
6688	33	5	3	1991	0	2032
6689	15	1	1967	41	0	2024
6690	13	1953	32	15	0	2013
6691	6	28	14	1991	0	2039
6692	1985	12	7	42	0	2046
6693	1994	4	3	19	0	2020
6694	53	2	2015	10	0	2080
6695	18	1975	34	9	0	2036
6696	11	2079	16	4	0	2110
6697	5	49	6	2078	0	2138
6698	10	16	1	2130	0	2157
6699	12	5	6	2104	0	2127
6700	5	3	10	2123	0	2141
6701	6	2065	6	61	0	2138
6702	4	44	3	2090	0	2141
6703	11	18	0	2129	0	2158
6704	2090	8	2	62	0	2162
6705	2099	5	2	34	0	2140
6706	52	2085	1	19	0	2157
6707	2137	41	1	14	0	2193
6708	2151	17	4	11	0	2183
6709	2151	9	6	12	0	2178
6710	61	2	2100	13	0	2176
6711	30	4	38	2099	0	2171
6712	17	7	13	2171	0	2208
6713	10	6	2132	57	0	2205
6714	18	3	37	2102	0	2160
6715	20	5	15	2030	0	2070
6716	2100	5	10	56	0	2171
6717	44	4	2077	30	0	2155
6718	16	2	44	2045	0	2107
6719	2014	3	17	53	0	2087
6720	39	2020	13	26	0	2098
6721	2025	41	2	27	0	2095
6722	2015	16	2	15	0	2048
6723	55	1960	5	8	0	2028
6724	23	39	5	1974	0	2041
6725	1969	19	2	49	0	2039
6726	53	1953	1	21	0	2028
6727	22	43	5	1956	0	2026
6728	1923	16	5	43	0	1987
6729	1904	11	3	25	0	1943
6730	55	1851	3	22	0	1931
6731	1882	38	2	14	0	1936
6732	52	16	6	1859	0	1933
6733	1865	12	3	52	0	1932
6734	54	3	1836	33	0	1926
6735	31	6	38	1847	0	1922
6736	20	6	13	1866	0	1905
6737	1810	7	8	60	0	1885
6738	53	1779	6	26	0	1864
6739	1758	39	6	21	0	1824
6740	56	1755	7	9	0	1827
6741	21	38	1681	13	0	1753
6742	9	17	1670	20	0	1716
6743	21	14	38	1637	0	1710
6744	12	10	1652	41	0	1715
6745	9	14	36	1649	0	1708
6746	14	5	13	1640	0	1672
6747	7	11	6	1696	0	1720
6748	1683	4	9	50	0	1746
6749	1694	5	8	21	0	1728
6750	1738	10	4	13	0	1765
6751	64	1777	8	17	0	1866
6752	26	1897	1	12	0	1936
6753	17	55	2068	12	0	2152
6754	11	18	68	2130	0	2227
6755	20	13	2113	70	0	2216
6756	14	5	68	2135	0	2222
6757	13	9	24	2190	0	2236
6758	13	11	13	2211	0	2248
6759	7	11	2107	100	0	2225
6760	12	6	71	2121	0	2210
6761	2096	2	29	88	0	2215
6762	68	2051	12	46	0	2177
6763	25	64	15	2109	0	2213
6764	2091	21	12	90	0	2214
6765	2123	9	10	41	0	2183
6766	91	8	10	2056	0	2165
6767	36	14	6	2067	0	2123
6768	1928	9	5	92	0	2034
6769	78	7	4	1928	0	2017
6770	1828	5	5	78	0	1916
6771	77	3	4	1759	0	1843
6772	36	1	1652	77	0	1766
6773	16	1547	46	38	0	1647
6774	16	1587	18	22	0	1643
6775	27	56	21	1457	0	1561
6776	25	13	15	1475	0	1528
6777	1414	6	5	63	0	1488
6778	48	9	5	1423	0	1485
6779	11	7	1	1455	0	1474
6780	9	6	4	1368	0	1387
6781	11	1284	1	70	0	1366
6782	8	42	5	1342	0	1397
6783	10	10	2	1355	0	1377
6784	5	7	0	1360	0	1372
6785	1275	9	7	66	0	1357
6786	43	1289	4	34	0	1370
6787	9	44	3	1326	0	1382
6788	5	10	4	1360	0	1379
6789	8	7	3	1358	0	1376
6790	1291	8	1	75	0	1375
6791	55	4	2	1306	0	1367
6792	13	5	2	1322	0	1342
6793	9	4	1219	74	0	1306
6794	7	1198	36	31	0	1272
6795	5	40	13	1227	0	1285
6796	1180	10	4	55	0	1249
6797	39	1178	5	24	0	1246
6798	1141	46	3	17	0	1207
6799	1183	10	3	21	0	1217
6800	52	7	2	1151	0	1212
6801	18	7	1	1182	0	1208
6802	20	6	1158	52	0	1236
6803	10	5	36	1195	0	1246
6804	13	2	1178	52	0	1245
6805	7	4	38	1201	0	1250
6806	1125	2	13	55	0	1195
6807	41	1119	7	29	0	1196
6808	10	38	11	1166	0	1225
6809	6	12	5	1220	0	1243
6810	10	7	8	1196	0	1221
6811	5	12	2	1215	0	1234
6812	1140	3	5	63	0	1211
6813	42	1114	4	31	0	1191
6814	14	38	1	1169	0	1222
6815	1150	11	4	64	0	1229
6816	42	5	1138	29	0	1214
6817	1137	10	34	20	0	1201
6818	1188	6	12	19	0	1225
6819	54	5	1140	18	0	1217
6820	18	4	44	1172	0	1238
6821	1186	5	14	49	0	1254
6822	51	1212	8	22	0	1293
6823	1250	38	7	18	0	1313
6824	1278	11	9	22	0	1320
6825	1301	5	9	19	0	1334
6826	63	7	1	1257	0	1328
6827	27	6	4	1339	0	1376
6828	18	1409	1	58	0	1486
6829	26	43	2	1449	0	1520
6830	1456	19	4	53	0	1532
6831	55	9	1421	30	0	1515
6832	1429	7	44	27	0	1507
6833	1505	7	11	18	0	1541
6834	65	12	5	1452	0	1534
6835	27	3	6	1511	0	1547
6836	1494	4	5	63	0	1566
6837	1518	1	9	29	0	1557
6838	1399	8	4	24	0	1435
6839	62	5	1455	20	0	1542
6840	22	1458	43	24	0	1547
6841	1470	42	11	19	0	1542
6842	61	10	6	1457	0	1534
6843	21	1457	4	51	0	1533
6844	19	42	4	1483	0	1548
6845	1481	17	7	52	0	1557
6846	48	13	3	1513	0	1577
6847	22	4	1458	61	0	1545
6848	12	1412	33	27	0	1484
6849	15	1480	8	17	0	1520
6850	17	34	1380	21	0	1452
6851	1204	23	43	22	0	1292
6852	28	1200	10	19	0	1257
6853	18	13	9	936	0	976
6854	935	4	0	6	0	945
6855	7	917	1	5	0	930
6856	3	6	3	928	0	940
6857	927	2	0	10	0	939
6858	7	2	2	923	0	934
6859	931	2	0	9	0	942
6860	10	2	931	3	0	946
6861	3	951	7	2	0	963
6862	979	6	2	4	0	991
6863	965	3	1	4	0	973
6864	955	2	1	5	0	963
6865	11	1	914	3	0	929
6866	931	1	7	2	0	941
6867	951	2	1	3	0	957
6868	12	0	3	939	0	954
6869	946	2	0	8	0	956
6870	11	933	2	3	0	949
6871	6	7	3	943	0	959
6872	7	2	931	7	0	947
6873	5	3	7	936	0	951
6874	5	1	2	948	0	956
6875	946	2	1	10	0	959
6876	943	4	2	4	0	953
6877	10	1	931	6	0	948
6878	924	1	8	1	0	934
6879	9	1	933	7	0	950
6880	4	1	10	939	0	954
6881	3	2	943	8	0	956
6882	3	3	8	927	0	941
6883	2	938	4	8	0	952
6884	3	10	949	2	0	964
6885	2	1	969	5	0	977
6886	6	3	13	867	0	889
6887	973	1	4	14	0	992
6888	986	2	4	5	0	997
6889	985	2	1	7	0	995
6890	20	3	4	965	0	992
6891	5	1	3	986	0	995
6892	7	2	1	988	0	998
6893	4	1	4	989	0	998
6894	5	3	946	18	0	972
6895	8	1	14	933	0	956
6896	3	938	3	17	0	961
6897	5	14	3	939	0	961
6898	952	3	2	18	0	975
6899	21	3	935	5	0	964
6900	920	0	16	4	0	940
6901	19	3	962	4	0	988
6902	7	2	942	5	0	956
6903	5	938	18	4	0	965
6904	5	18	6	906	0	935
6905	5	2	6	948	0	961
6906	4	884	7	17	0	912
6907	1044	19	4	4	0	1071
6908	23	2	4	1081	0	1110
6909	11	3	0	1176	0	1190
6910	7	1	2	1235	0	1245
6911	1352	2	0	40	0	1394
6912	1462	2	6	10	0	1480
6913	42	2	4	1426	0	1474
6914	14	3	4	1446	0	1467
6915	1407	0	5	49	0	1461
6916	32	2	3	1421	0	1458
6917	17	5	1	1442	0	1465
6918	12	1	4	1450	0	1467
6919	6	1	1386	51	0	1444
6920	1355	4	33	18	0	1410
6921	1382	1	8	15	0	1406
6922	50	0	1310	12	0	1372
6923	17	11	32	1253	0	1313
6924	9	1286	10	37	0	1342
6925	1276	28	7	16	0	1327
6926	34	1271	6	15	0	1326
6927	12	1223	6	16	0	1257
6928	17	31	9	1116	0	1173
6929	1114	10	3	35	0	1162
6930	1147	5	2	18	0	1172
6931	40	4	3	1126	0	1173
6932	17	4	4	1139	0	1164
6933	10	6	5	1124	0	1145
6934	12	4	0	1121	0	1137
6935	12	4	2	1109	0	1127
6936	15	1064	4	40	0	1123
6937	7	25	2	1102	0	1136
6938	1070	12	1	44	0	1127
6939	1110	6	0	23	0	1139
6940	1100	6	3	17	0	1126
6941	39	1045	2	25	0	1111
6942	14	25	2	1071	0	1112
6943	11	11	1044	34	0	1100
6944	1042	6	28	18	0	1094
6945	41	11	8	1047	0	1107
6946	1031	3	7	38	0	1079
6947	1012	6	4	24	0	1046
6948	1023	10	2	15	0	1050
6949	46	9	2	980	0	1037
6950	992	12	2	35	0	1041
6951	36	10	1	995	0	1042
6952	22	5	3	1012	0	1042
6953	998	1	1	40	0	1040
6954	46	4	1	995	0	1046
6955	988	4	1	47	0	1040
6956	1005	0	4	32	0	1041
6957	44	3	4	991	0	1042
6958	22	0	1	1023	0	1046
6959	17	3	1	1031	0	1052
6960	17	5	946	51	0	1019
6961	18	3	953	28	0	1002
6962	25	2	33	938	0	998
6963	22	1	10	958	0	991
6964	21	1	4	973	0	999
6965	9	7	2	969	0	987
6966	10	5	6	980	0	1001
6967	926	1	10	51	0	988
6968	42	912	8	28	0	990
6969	27	27	3	942	0	999
6970	939	9	6	46	0	1000
6971	44	3	3	943	0	993
6972	23	3	1	958	0	985
6973	925	4	4	58	0	991
6974	942	5	7	25	0	979
6975	42	6	896	24	0	968
6976	22	2	26	925	0	975
6977	17	6	910	48	0	981
6978	12	4	29	935	0	980
6979	16	1	9	943	0	969
6980	24	0	5	944	0	973
6981	15	4	894	52	0	965
6982	4	859	26	40	0	929
6983	8	904	12	29	0	953
6984	8	33	8	892	0	941
6985	878	9	10	45	0	942
6986	34	2	869	29	0	934
6987	23	1	880	20	0	924
6988	15	7	33	882	0	937
6989	7	8	15	893	0	923
6990	6	880	7	49	0	942
6991	13	24	8	896	0	941
6992	14	14	4	939	0	971
6993	5	5	5	965	0	980
6994	923	1	8	46	0	978
6995	948	4	6	24	0	982
6996	37	7	5	941	0	990
6997	20	914	3	43	0	980
6998	17	20	5	939	0	981
6999	906	7	6	37	0	956
7000	23	907	10	30	0	970
7001	17	21	5	851	0	894
7002	5	864	6	40	0	915
7003	851	23	1	21	0	896
7004	822	11	0	17	0	850
7005	32	828	5	17	0	882
7006	14	820	4	12	0	850
7007	9	31	733	9	0	782
7008	6	680	15	9	0	710
7009	9	19	12	582	0	622
7010	5	7	570	10	0	592
7011	0	416	8	5	0	429
7012	1	8	2	321	0	332
7013	1	1	0	331	0	333
7014	1	0	0	334	0	335
7015	326	1	0	6	0	333
7016	6	2	318	1	0	327
7017	1	1	327	0	0	329
7018	0	2	8	320	0	330
7019	0	1	349	7	0	357
7020	0	0	8	352	0	360
7021	0	2	2	341	0	345
7022	0	1	0	361	0	362
7023	0	0	1	360	0	361
7024	349	1	0	8	0	358
7025	351	0	0	3	0	354
7026	8	0	1	352	0	361
7027	1	0	365	7	0	373
7028	1	4	7	358	0	370
7029	0	355	3	7	0	365
7030	0	6	2	357	0	365
7031	354	1	0	9	0	364
7032	366	0	1	3	0	370
7033	7	0	0	366	0	373
7034	2	0	0	370	0	372
7035	2	0	0	370	0	372
7036	358	0	0	9	0	367
7037	7	0	353	2	0	362
7038	1	0	359	1	0	361
7039	0	347	7	1	0	355
7040	354	7	2	1	0	364
7041	7	1	1	361	0	370
7042	4	0	366	6	0	376
7043	1	358	6	3	0	368
7044	1	374	1	1	0	377
7045	2	7	0	379	0	388
7046	1	1	0	390	0	392
7047	1	393	1	7	0	402
7048	0	6	2	396	0	404
7049	1	2	1	401	0	405
7050	394	1	1	7	0	403
7051	7	390	0	4	0	401
7052	0	6	1	395	0	402
7053	1	2	393	7	0	403
7054	0	3	6	391	0	400
7055	396	1	2	8	0	407
7056	5	406	0	4	0	415
7057	1	7	0	412	0	420
7058	0	1	405	8	0	414
7059	0	1	431	3	0	435
7060	2	4	7	435	0	448
7061	1	1	1	459	0	462
7062	453	2	0	10	0	465
7063	6	468	1	2	0	477
7064	468	8	2	1	0	479
7065	8	2	476	2	0	488
7066	479	1	8	1	0	489
7067	7	1	502	2	0	512
7068	506	1	8	1	0	516
7069	517	1	3	1	0	522
7070	9	0	519	3	0	531
7071	1	0	518	3	0	522
7072	2	520	9	1	0	532
7073	1	8	2	532	0	543
7074	547	2	1	7	0	557
7075	10	0	1	563	0	574
7076	2	0	2	581	0	585
7077	2	0	2	577	0	581
7078	2	0	578	10	0	590
7079	559	0	7	2	0	568
7080	593	0	3	1	0	597
7081	11	600	2	0	0	613
7082	3	9	1	601	0	614
7083	0	630	1	10	0	641
7084	1	8	1	651	0	661
7085	651	2	0	10	0	663
7086	9	652	0	3	0	664
7087	2	7	0	652	0	661
7088	647	1	1	10	0	659
7089	650	2	1	2	0	655
7090	10	1	0	642	0	653
7091	4	2	642	7	0	655
7092	3	4	6	617	0	630
7093	4	633	1	9	0	647
7094	637	8	2	1	0	648
7095	7	635	2	4	0	648
7096	2	6	0	640	0	648
7097	658	2	0	6	0	666
7098	8	2	0	677	0	687
7099	2	1	2	680	0	685
7100	3	0	690	8	0	701
7101	2	680	4	3	0	689
7102	684	5	1	4	0	694
7103	655	0	2	3	0	660
7104	5	678	2	2	0	687
7105	3	682	0	1	0	686
7106	4	4	0	681	0	689
7107	677	2	1	5	0	685
7108	5	671	0	0	0	676
7109	0	6	0	681	0	687
7110	3	0	683	5	0	691
7111	2	2	4	668	0	676
7112	681	3	0	6	0	690
7113	4	691	1	2	0	698
7114	1	5	1	711	0	718
7115	2	1	702	5	0	710
7116	2	3	704	1	0	710
7117	1	1	3	721	0	726
7118	1	0	2	740	0	743
7119	1	711	3	7	0	722
7120	2	4	0	713	0	719
7121	716	0	0	9	0	725
7122	4	3	0	734	0	741
7123	737	1	1	8	0	747
7124	7	733	1	1	0	742
7125	2	764	0	5	0	771
7126	3	6	0	783	0	792
7127	1	3	0	773	0	777
7128	1	3	779	10	0	793
7129	1	3	9	754	0	767
7130	759	1	0	14	0	774
7131	10	0	770	1	0	781
7132	2	3	9	786	0	800
7133	4	4	820	10	0	838
7134	2	0	12	827	0	841
7135	0	1	1	826	0	828
7136	2	1	6	853	0	862
7137	0	1	853	16	0	870
7138	4	0	9	843	0	856
7139	0	845	4	15	0	864
7140	0	9	4	866	0	879
7141	1	0	4	858	0	863
7142	852	4	0	13	0	869
7143	10	1	848	6	0	865
7144	0	1	10	856	0	867
7145	4	0	850	11	0	865
7146	1	0	820	3	0	824
7147	1	1	11	855	0	868
7148	1	1	4	813	0	819
7149	0	0	5	876	0	881
7150	870	1	1	13	0	885
7151	9	0	866	7	0	882
7152	868	0	9	9	0	886
7153	13	1	2	924	0	940
7154	2	1	6	936	0	945
7155	4	964	1	13	0	982
7156	4	10	0	979	0	993
7157	0	1	1	992	0	994
7158	2	3	0	984	0	989
7159	925	1	2	11	0	939
7160	9	1	902	7	0	919
7161	839	0	6	10	0	855
7162	12	911	3	2	0	928
7163	893	10	4	3	0	910
7164	11	886	2	3	0	902
7165	1	899	1	4	0	905
7166	11	10	4	874	0	899
7167	884	4	1	8	0	897
7168	7	5	2	885	0	899
7169	2	873	0	14	0	889
7170	4	926	0	1	0	931
7171	3	9	0	931	0	943
7172	1	7	1	935	0	944
7173	2	945	0	10	0	957
7174	1	10	1	983	0	995
7175	3	1	0	983	0	987
7176	0	4	1	999	0	1004
7177	1001	3	2	14	0	1020
7178	10	2	996	6	0	1014
7179	983	0	8	10	0	1001
7180	1033	0	0	3	0	1036
7181	1018	2	4	0	0	1024
7182	14	999	2	3	0	1018
7183	5	11	0	988	0	1004
7184	992	0	0	12	0	1004
7185	11	2	0	1008	0	1021
7186	1002	1	1	13	0	1017
7187	11	1050	0	0	0	1061
7188	1095	9	0	7	0	1111
7189	1115	0	0	1	0	1116
7190	1117	4	1	2	0	1124
7191	12	0	0	1121	0	1133
7192	5	0	0	1145	0	1150
7193	1142	0	0	10	0	1152
7194	8	1136	1	4	0	1149
7195	0	1138	1	3	0	1142
7196	1173	9	0	1	0	1183
7197	10	2	0	1175	0	1187
7198	2	2	0	1162	0	1166
7199	2	0	1	1177	0	1180
7200	0	1152	0	16	0	1168
7201	1180	12	0	3	0	1195
7202	12	0	0	1186	0	1198
7203	1	1184	0	13	0	1198
7204	5	10	0	1211	0	1226
7205	0	0	1	1240	0	1241
7206	2	3	0	1232	0	1237
7207	1	2	0	1241	0	1244
7208	1233	0	1	16	0	1250
7209	1232	0	0	5	0	1237
7210	1229	2	0	5	0	1236
7211	17	2	0	1238	0	1257
7212	5	0	1230	16	0	1251
7213	5	0	1123	2	0	1130
7214	1	0	1196	7	0	1204
7215	1262	0	16	4	0	1282
7216	17	1	2	1262	0	1282
7217	3	2	3	1263	0	1271
7218	6	1	0	1268	0	1275
7219	1259	0	2	20	0	1281
7220	1263	1	2	5	0	1271
7221	13	1322	3	5	0	1343
7222	5	11	2	1335	0	1353
7223	4	0	1315	15	0	1334
7224	1	1325	11	2	0	1339
7225	1	9	1	1343	0	1354
7226	3	1	2	1348	0	1354
7227	4	3	0	1340	0	1347
7228	3	2	0	1302	0	1307
7229	1	1	1312	14	0	1328
7230	0	1	1264	5	0	1270
7231	1	1308	9	5	0	1323
7232	0	8	1	1327	0	1336
7233	1	0	2	1303	0	1306
7234	1289	2	0	10	0	1301
7235	9	2	1286	5	0	1302
7236	2	0	9	1300	0	1311
7237	3	0	2	1312	0	1317
7238	0	2	1332	8	0	1342
7239	0	1323	7	4	0	1334
7240	1325	8	1	5	0	1339
7241	10	1	1315	0	0	1326
7242	1274	2	12	2	0	1290
7243	12	0	1357	2	0	1371
7244	0	0	10	1376	0	1386
7245	2	0	1388	9	0	1399
7246	2	3	1376	2	0	1383
7247	4	1	7	1398	0	1410
7248	3	8	7	1122	0	1140
7249	2	0	2	1438	0	1442
7250	0	1	2	1419	0	1422
7251	0	0	0	1398	0	1398
7252	1	0	1395	12	0	1408
7253	0	0	1318	4	0	1322
7254	0	1400	6	5	0	1411
7255	1399	11	2	3	0	1415
7256	13	7	2	1412	0	1434
7257	1422	1	0	12	0	1435
7258	13	0	0	1420	0	1433
7259	1473	0	3	15	0	1491
7260	14	0	3	1479	0	1496
7261	2	3	1	1500	0	1506
7262	6	1524	0	14	0	1544
7263	1	10	0	1559	0	1570
7264	2	2	0	1554	0	1558
7265	0	3	0	1549	0	1552
7266	3	0	0	1553	0	1556
7267	1	1511	0	20	0	1532
7268	1503	11	0	7	0	1521
7269	11	1498	0	5	0	1514
7270	2	10	0	1473	0	1485
7271	1452	2	0	12	0	1466
7272	9	3	1418	5	0	1435
7273	2	0	1411	7	0	1420
7274	3	9	11	1374	0	1397
7275	3	0	5	1423	0	1431
7276	2	4	3	1414	0	1423
7277	2	1	2	1330	0	1335
7278	3	0	0	1373	0	1376
7279	0	1333	2	13	0	1348
7280	0	7	3	1367	0	1377
7281	1363	2	2	12	0	1379
7282	9	2	1	1381	0	1393
7283	3	0	1391	13	0	1407
7284	3	0	8	1378	0	1389
7285	1364	0	3	15	0	1382
7286	7	1407	3	7	0	1424
7287	4	9	0	1472	0	1485
7288	6	4	0	1537	0	1547
7289	0	4	1514	20	0	1538
7290	0	0	1967	7	0	1974
7291	2487	0	45	5	0	2537
7292	75	2	11	2538	0	2626
7293	23	3	12	2643	0	2681
7294	20	0	2785	103	0	2908
7295	14	1	2865	47	0	2927
7296	5	2875	110	36	0	3026
7297	3	84	50	2847	0	2984
7298	2	28	2883	88	0	3001
7299	0	2874	102	31	0	3007
7300	2858	100	36	29	0	3023
7301	2965	32	28	19	0	3044
7302	116	24	22	2885	0	3047
7303	52	2897	9	82	0	3040
7304	2914	95	8	43	0	3060
7305	116	35	5	2767	0	2923
7306	42	30	2830	95	0	2997
7307	32	2873	91	41	0	3037
7308	2864	97	36	26	0	3023
7309	2956	31	26	28	0	3041
7310	122	28	22	2878	0	3050
7311	57	21	10	2947	0	3035
7312	42	12	2854	125	0	3033
7313	34	7	91	2889	0	3021
7314	18	10	34	2852	0	2914
7315	16	7	20	2934	0	2977
7316	16	4	17	2944	0	2981
7317	8	4	8	2899	0	2919
7318	6	2811	7	166	0	2990
7319	2810	92	7	85	0	2994
7320	97	29	2794	61	0	2981
7321	38	2759	87	38	0	2922
7322	33	101	35	2801	0	2970
7323	2793	36	20	119	0	2968
7324	97	23	25	2803	0	2948
7325	35	24	17	2859	0	2935
7326	36	11	12	2891	0	2950
7327	20	9	14	2901	0	2944
7328	15	10	2703	176	0	2904
7329	7	2747	92	103	0	2949
7330	2753	95	32	66	0	2946
7331	107	34	2732	50	0	2923
7332	41	25	113	2755	0	2934
7333	2753	34	41	119	0	2947
7334	118	2730	32	55	0	2935
7335	2791	99	33	39	0	2962
7336	121	44	18	2660	0	2843
7337	62	27	18	2856	0	2963
7338	39	30	13	2851	0	2933
7339	37	16	3	2878	0	2934
7340	2734	13	8	180	0	2935
7341	107	17	6	2803	0	2933
7342	48	9	10	2866	0	2933
7343	2683	13	13	167	0	2876
7344	122	9	2668	93	0	2892
7345	53	8	94	2726	0	2881
7346	2643	12	35	146	0	2836
7347	2720	4	23	73	0	2820
7348	138	8	16	2639	0	2801
7349	65	9	13	2682	0	2769
7350	57	2522	10	154	0	2743
7351	34	92	13	2612	0	2751
7352	24	36	8	2672	0	2740
7353	23	24	2484	176	0	2707
7354	18	22	2500	97	0	2637
7355	21	2457	110	79	0	2667
7356	15	97	55	2459	0	2626
7357	11	35	44	2566	0	2656
7358	2465	28	33	148	0	2674
7359	100	23	21	2474	0	2618
7360	44	21	2394	145	0	2604
7361	34	14	98	2465	0	2611
7362	36	10	2335	150	0	2531
7363	20	9	2416	90	0	2535
7364	12	13	139	2338	0	2502
7365	25	16	60	2444	0	2545
7366	2350	10	50	157	0	2567
7367	2434	9	35	80	0	2558
7368	125	9	28	2401	0	2563
7369	2412	12	18	143	0	2585
7370	2501	5	20	61	0	2587
7371	151	12	11	2425	0	2599
7372	73	10	9	2514	0	2606
7373	2421	6	5	160	0	2592
7374	2474	3	15	81	0	2573
7375	135	2	13	2427	0	2577
7376	72	2344	14	146	0	2576
7377	67	88	9	2415	0	2579
7378	46	28	9	2516	0	2599
7379	32	18	2323	180	0	2553
7380	30	22	84	2456	0	2592
7381	2312	9	30	165	0	2516
7382	106	2347	20	97	0	2570
7383	2368	98	18	59	0	2543
7384	2413	30	19	61	0	2523
7385	2460	32	10	39	0	2541
7386	156	28	7	2289	0	2480
7387	94	12	2092	133	0	2331
7388	91	8	2060	61	0	2220
7389	46	2035	109	50	0	2240
7390	20	1591	35	42	0	1688
7391	9	1062	14	16	0	1101
7392	20	995	17	5	0	1037
7393	28	30	919	15	0	992
7394	673	26	33	6	0	738
7395	13	0	1	653	0	667
7396	4	0	1	640	0	645
7397	0	3	1	635	0	639
7398	1	633	0	13	0	647
7399	618	10	1	2	0	631
7400	12	1	620	1	0	634
7401	2	586	5	1	0	594
7402	0	5	2	589	0	596
7403	590	1	1	6	0	598
7404	5	1	0	587	0	593
7405	1	0	574	6	0	581
7406	0	1	570	2	0	573
7407	2	2	5	572	0	581
7408	0	0	2	573	0	575
7409	571	0	0	6	0	577
7410	5	0	564	2	0	571
7411	556	0	5	1	0	562
7412	560	0	1	1	0	562
7413	4	1	0	559	0	564
7414	2	0	567	5	0	574
7415	0	0	6	569	0	575
7416	568	1	1	5	0	575
7417	5	564	0	3	0	572
7418	579	4	0	0	0	583
7419	4	1	0	592	0	597
7420	1	598	1	5	0	605
7421	0	5	1	600	0	606
7422	0	1	0	619	0	620
7423	0	607	0	7	0	614
7424	1	5	0	619	0	625
7425	0	3	1	627	0	631
7426	1	0	0	640	0	641
7427	1	0	660	10	0	671
7428	1	645	6	5	0	657
7429	659	5	6	1	0	671
7430	7	4	1	703	0	715
7431	5	767	0	6	0	778
7432	816	9	1	6	0	832
7433	9	7	1	822	0	839
7434	7	3	1	822	0	833
7435	2	3	0	805	0	810
7436	1	0	0	798	0	799
7437	773	1	0	21	0	795
7438	10	1	1	787	0	799
7439	10	1	0	793	0	804
7440	789	0	0	20	0	809
7441	10	0	0	801	0	811
7442	8	1	779	15	0	803
7443	5	3	8	786	0	802
7444	742	1	7	12	0	762
7445	7	1	3	756	0	767
7446	9	3	753	13	0	778
7447	5	0	735	13	0	753
7448	757	0	17	8	0	782
7449	787	0	12	4	0	803
7450	801	0	4	7	0	812
7451	811	0	1	5	0	817
7452	21	1	800	2	0	824
7453	13	0	8	795	0	816
7454	6	0	10	809	0	825
7455	810	0	4	17	0	831
7456	10	1	1	825	0	837
7457	10	0	811	14	0	835
7458	5	2	10	818	0	835
7459	3	0	826	12	0	841
7460	3	819	11	12	0	845
7461	840	7	11	4	0	862
7462	10	8	5	837	0	860
7463	10	3	833	8	0	854
7464	4	1	9	840	0	854
7465	1	0	10	878	0	889
7466	2	2	893	17	0	914
7467	4	1	7	904	0	916
7468	890	0	9	15	0	914
7469	7	0	851	13	0	871
7470	843	0	11	10	0	864
7471	12	838	11	5	0	866
7472	13	10	841	2	0	866
7473	9	11	861	3	0	884
7474	5	11	18	776	0	810
7475	3	1	17	827	0	848
7476	4	3	836	16	0	859
7477	3	0	7	844	0	854
7478	840	2	12	13	0	867
7479	834	0	6	18	0	858
7480	15	0	3	834	0	852
7481	16	1	4	828	0	849
7482	11	826	1	21	0	859
7483	858	5	3	17	0	883
7484	8	8	5	875	0	896
7485	17	887	3	12	0	919
7486	889	6	2	22	0	919
7487	893	11	5	12	0	921
7488	18	916	5	10	0	949
7489	21	9	3	914	0	947
7490	14	10	1	903	0	928
7491	10	8	876	20	0	914
7492	5	4	10	889	0	908
7493	879	3	12	16	0	910
7494	14	4	8	877	0	903
7495	15	2	854	25	0	896
7496	861	1	11	24	0	897
7497	15	3	15	868	0	901
7498	17	0	853	20	0	890
7499	14	2	14	868	0	898
7500	9	3	856	21	0	889
7501	8	1	16	871	0	896
7502	9	2	15	869	0	895
7503	857	3	11	29	0	900
7504	15	852	8	26	0	901
7505	876	12	8	17	0	913
7506	870	10	4	15	0	899
7507	890	7	6	11	0	914
7508	33	873	6	8	0	920
7509	24	11	878	12	0	925
7510	13	11	20	884	0	928
7511	898	7	14	18	0	937
7512	908	2	14	16	0	940
7513	25	6	5	903	0	939
7514	896	3	6	18	0	923
7515	22	2	877	20	0	921
7516	882	4	19	18	0	923
7517	25	3	878	14	0	920
7518	21	853	19	13	0	906
7519	855	12	16	10	0	893
7520	821	11	15	9	0	856
7521	28	838	8	8	0	882
7522	829	12	7	11	0	859
7523	829	10	5	6	0	850
7524	25	10	801	7	0	843
7525	789	3	15	11	0	818
7526	25	3	769	13	0	810
7527	13	12	19	709	0	753
7528	14	727	6	18	0	765
7529	9	13	726	10	0	758
7530	645	21	20	27	0	713
7531	611	12	6	7	0	636
7532	17	1	4	563	0	585
7533	8	2	562	11	0	583
7534	6	0	10	574	0	590
7535	573	1	6	14	0	594
7536	11	594	6	6	0	617
7537	596	6	2	7	0	611
7538	599	3	2	6	0	610
7539	12	588	5	2	0	607
7540	11	7	3	582	0	603
7541	594	5	2	9	0	610
7542	11	4	4	591	0	610
7543	7	3	2	613	0	625
7544	8	3	629	10	0	650
7545	7	1	8	632	0	648
7546	5	2	4	631	0	642
7547	617	3	4	14	0	638
7548	626	2	1	5	0	634
7549	13	2	4	605	0	624
7550	13	1	599	10	0	623
7551	9	1	591	4	0	605
7552	3	2	11	600	0	616
7553	5	3	618	7	0	633
7554	1	6	14	615	0	636
7555	6	0	5	613	0	624
7556	619	1	4	9	0	633
7557	9	2	598	10	0	619
7558	599	1	10	5	0	615
7559	601	2	5	3	0	611
7560	12	1	578	4	0	595
7561	9	2	590	1	0	602
7562	9	16	10	560	0	595
7563	5	552	6	6	0	569
7564	3	576	3	4	0	586
7565	4	7	0	537	0	548
7566	1	2	1	518	0	522
7567	2	1	0	531	0	534
7568	1	0	0	536	0	537
7569	522	0	2	10	0	534
7570	6	0	2	527	0	535
7571	1	0	518	11	0	530
7572	4	0	5	504	0	513
7573	4	499	0	6	0	509
7574	2	6	1	492	0	501
7575	491	1	1	8	0	501
7576	6	2	3	492	0	503
7577	1	0	494	10	0	505
7578	2	490	8	2	0	502
7579	0	6	2	493	0	501
7580	491	1	0	10	0	502
7581	500	1	1	2	0	504
7582	8	0	2	488	0	498
7583	3	0	468	6	0	477
7584	4	0	433	0	0	437
7585	440	0	7	0	0	447
7586	6	0	449	1	0	456
7587	1	0	448	1	0	450
7588	0	4	5	419	0	428
7589	441	0	4	4	0	449
7590	441	0	1	1	0	443
7591	443	0	0	1	0	444
7592	3	0	460	1	0	464
7593	2	0	460	0	0	462
7594	0	477	4	0	0	481
7595	1	1	1	479	0	482
7596	1	1	0	479	0	481
7597	0	0	2	464	0	466
7598	0	0	1	481	0	482
7599	1	0	484	4	0	489
7600	1	487	2	1	0	491
7601	524	3	1	0	0	528
7602	612	1	1	1	0	615
7603	615	0	0	1	0	616
7604	5	661	0	2	0	668
7605	1	7	0	663	0	671
7606	693	1	0	10	0	704
7607	7	721	0	5	0	733
7608	709	8	0	2	0	719
7609	9	706	1	0	0	716
7610	707	10	0	1	0	718
7611	711	2	0	1	0	714
7612	10	2	0	724	0	736
7613	5	1	0	744	0	750
7614	1	3	740	10	0	754
7615	2	1	724	3	0	730
7616	748	0	12	0	0	760
7617	763	1	4	2	0	770
7618	10	0	0	747	0	757
7619	5	1	2	760	0	768
7620	3	0	751	13	0	767
7621	4	0	10	736	0	750
7622	3	0	745	11	0	759
7623	1	0	10	749	0	760
7624	0	0	4	764	0	768
7625	750	0	3	14	0	767
7626	753	0	2	7	0	762
7627	15	0	2	752	0	769
7628	6	0	1	761	0	768
7629	1	0	744	18	0	763
7630	3	0	10	753	0	766
7631	3	1	759	11	0	774
7632	758	0	11	6	0	775
7633	9	0	3	761	0	773
7634	751	0	3	10	0	764
7635	13	737	1	6	0	757
7636	740	9	2	3	0	754
7637	12	3	1	739	0	755
7638	6	0	1	739	0	746
7639	2	736	2	16	0	756
7640	3	12	0	751	0	766
7641	3	5	735	11	0	754
7642	3	1	9	735	0	748
7643	1	0	715	16	0	732
7644	1	697	10	6	0	714
7645	0	10	3	709	0	722
7646	1	3	700	11	0	715
7647	0	1	692	8	0	701
7648	1	0	16	690	0	707
7649	685	5	9	10	0	709
7650	10	0	675	8	0	693
7651	5	0	12	680	0	697
7652	689	0	8	11	0	708
7653	10	669	3	6	0	688
7654	696	10	1	3	0	710
7655	10	4	3	698	0	715
7656	6	1	2	706	0	715
7657	5	0	0	717	0	722
7658	711	1	0	14	0	726
7659	11	2	0	717	0	730
7660	7	0	2	721	0	730
7661	678	0	1	19	0	698
7662	12	0	666	10	0	688
7663	7	4	10	681	0	702
7664	4	1	684	13	0	702
7665	675	1	12	10	0	698
7666	13	1	5	690	0	709
7667	7	1	706	10	0	724
7668	695	3	10	6	0	714
7669	709	1	7	5	0	722
7670	17	1	737	3	0	758
7671	12	0	11	730	0	753
7672	4	1	7	750	0	762
7673	4	0	753	17	0	774
7674	4	744	11	11	0	770
7675	4	9	753	3	0	769
7676	732	5	12	4	0	753
7677	12	2	766	5	0	785
7678	757	0	13	4	0	774
7679	11	2	766	4	0	783
7680	756	0	14	4	0	774
7681	12	772	8	4	0	796
7682	6	9	6	772	0	793
7683	3	4	5	786	0	798
7684	5	1	772	16	0	794
7685	6	1	10	759	0	776
7686	4	762	5	11	0	782
7687	762	9	1	9	0	781
7688	10	758	3	7	0	778
7689	5	10	2	773	0	790
7690	771	3	3	14	0	791
7691	11	784	2	15	0	812
7692	769	11	2	5	0	787
7693	18	7	781	1	0	807
7694	6	3	14	787	0	810
7695	6	0	4	799	0	809
7696	3	2	4	816	0	825
7697	807	0	1	17	0	825
7698	810	2	3	10	0	825
7699	813	1	5	5	0	824
7700	814	2	1	4	0	821
7701	15	0	755	6	0	776
7702	649	0	6	2	0	657
7703	9	667	6	1	0	683
7704	7	635	1	3	0	646
7705	636	7	7	0	0	650
7706	633	4	4	1	0	642
7707	4	2	1	604	0	611
7708	623	0	0	4	0	627
7709	623	0	1	3	0	627
7710	666	1	0	1	0	668
7711	10	0	1	664	0	675
7712	6	654	1	2	0	663
7713	1	666	0	5	0	672
7714	0	13	0	657	0	670
7715	647	3	0	4	0	654
7716	3	654	1	2	0	660
7717	3	3	0	652	0	658
7718	1	3	659	3	0	666
7719	629	0	3	1	0	633
7720	3	650	3	0	0	656
7721	2	674	0	1	0	677
7722	675	6	2	0	0	683
7723	4	3	693	0	0	700
7724	3	0	4	679	0	686
7725	0	710	3	3	0	716
7726	0	4	0	715	0	719
7727	0	2	0	714	0	716
7728	0	646	1	7	0	654
7729	1	4	0	728	0	733
7730	2	1	0	729	0	732
7731	722	0	0	5	0	727
7732	5	709	0	2	0	716
7733	728	4	1	1	0	734
7734	5	1	0	720	0	726
7735	2	728	1	4	0	735
7736	1	4	731	1	0	737
7737	1	3	3	743	0	750
7738	1	0	3	748	0	752
7739	0	0	756	5	0	761
7740	728	2	3	3	0	736
7741	4	0	2	846	0	852
7742	849	0	0	6	0	855
7743	7	0	830	3	0	840
7744	3	1	6	840	0	850
7745	2	0	870	6	0	878
7746	0	0	7	875	0	882
7747	1	0	2	900	0	903
7748	899	1	2	10	0	912
7749	5	897	0	8	0	910
7750	911	7	0	2	0	920
7751	10	3	905	0	0	918
7752	3	3	6	912	0	924
7753	2	1	952	6	0	961
7754	865	3	9	4	0	881
7755	936	0	4	3	0	943
7756	10	1	930	1	0	942
7757	919	0	6	1	0	926
7758	940	1	3	1	0	945
7759	11	0	2	943	0	956
7760	5	0	931	5	0	941
7761	2	1	970	4	0	977
7762	0	0	12	984	0	996
7763	1	0	5	970	0	976
7764	2	953	2	12	0	969
7765	2	973	0	6	0	981
7766	976	8	0	1	0	985
7767	10	5	2	963	0	980
7768	6	957	2	9	0	974
7769	6	972	3	2	0	983
7770	937	9	2	7	0	955
7771	8	7	2	946	0	963
7772	6	955	0	10	0	971
7773	5	9	1	960	0	975
7774	7	2	0	949	0	958
7775	6	5	1	952	0	964
7776	945	0	1	14	0	960
7777	10	941	5	6	0	962
7778	5	8	1	957	0	971
7779	5	6	3	956	0	970
7780	4	4	2	962	0	972
7781	4	2	932	16	0	954
7782	900	2	10	7	0	919
7783	13	2	4	932	0	951
7784	927	0	3	12	0	942
7785	935	1	3	8	0	947
7786	940	1	5	4	0	950
7787	15	1	927	2	0	945
7788	6	925	8	6	0	945
7789	5	12	3	904	0	924
7790	1	7	905	8	0	921
7791	2	6	874	7	0	889
7792	4	8	12	864	0	888
7793	1	861	4	9	0	875
7794	875	10	1	5	0	891
7795	890	4	1	5	0	900
7796	906	4	0	3	0	913
7797	894	1	1	4	0	900
7798	12	3	878	1	0	894
7799	873	0	7	6	0	886
7800	10	885	2	5	0	902
7801	6	8	3	897	0	914
7802	7	3	0	908	0	918
7803	899	5	1	12	0	917
7804	9	0	2	902	0	913
7805	4	2	871	13	0	890
7806	836	0	7	8	0	851
7807	868	0	8	4	0	880
7808	862	0	3	2	0	867
7809	12	1	845	4	0	862
7810	802	1	9	1	0	813
7811	11	807	2	0	0	820
7812	805	8	4	0	0	817
7813	11	2	2	800	0	815
7814	2	4	1	800	0	807
7815	2	783	3	12	0	800
7816	0	7	5	790	0	802
7817	1	794	4	9	0	808
7818	1	9	0	779	0	789
7819	1	775	0	9	0	785
7820	6	7	0	782	0	795
7821	4	779	0	10	0	793
7822	5	5	2	793	0	805
7823	6	808	1	6	0	821
7824	882	12	3	1	0	898
7825	16	4	0	902	0	922
7826	2	4	1	919	0	926
7827	5	0	0	983	0	988
7828	1	2	1	1011	0	1015
7829	5	0	1022	29	0	1056
7830	1	1	21	1029	0	1052
7831	3	0	8	1052	0	1063
7832	1039	1	3	25	0	1068
7833	1025	1	1	10	0	1037
7834	29	1053	2	5	0	1089
7835	9	22	1	1058	0	1090
7836	7	7	1	1148	0	1163
7837	1183	6	2	35	0	1226
7838	32	2	1127	12	0	1173
7839	1135	1	24	11	0	1171
7840	34	1163	6	5	0	1208
7841	1096	25	3	1	0	1125
7842	1100	10	1	3	0	1114
7843	35	1066	0	5	0	1106
7844	13	1098	1	1	0	1113
7845	8	39	1	1033	0	1081
7846	2	12	1028	26	0	1068
7847	1000	4	27	10	0	1041
7848	29	0	1019	4	0	1052
7849	998	2	25	3	0	1028
7850	32	2	1019	1	0	1054
7851	9	1000	25	2	0	1036
7852	5	26	9	998	0	1038
7853	964	8	3	28	0	1003
7854	995	2	1	9	0	1007
7855	34	4	2	983	0	1023
7856	1021	0	1	28	0	1050
7857	1038	1	2	9	0	1050
7858	38	1001	1	6	0	1046
7859	1019	31	1	3	0	1054
7860	36	1019	1	4	0	1060
7861	11	32	2	997	0	1042
7862	974	9	1	31	0	1015
7863	1025	6	1	8	0	1040
7864	1044	2	0	5	0	1051
7865	44	2	984	2	0	1032
7866	15	3	1018	1	0	1037
7867	6	2	38	1012	0	1058
7868	4	1	11	1076	0	1092
7869	5	1124	5	38	0	1172
7870	1142	39	1	13	0	1195
7871	44	10	3	1143	0	1200
7872	14	4	3	1177	0	1198
7873	6	4	1145	49	0	1204
7874	10	1108	35	14	0	1167
7875	6	1185	10	7	0	1208
7876	7	47	5	1153	0	1212
7877	1134	14	6	41	0	1195
7878	41	9	1	1136	0	1187
7879	10	7	1	1185	0	1203
7880	1146	2	5	55	0	1208
7881	1187	4	3	14	0	1208
7882	53	2	1	1154	0	1210
7883	19	1	1136	48	0	1204
7884	13	3	42	1152	0	1210
7885	6	3	10	1187	0	1206
7886	1148	6	3	61	0	1218
7887	47	1	2	1166	0	1216
7888	1174	1	3	52	0	1230
7889	49	2	1180	19	0	1250
7890	14	0	45	1214	0	1273
7891	9	3	10	1263	0	1285
7892	11	3	5	1273	0	1292
7893	7	4	5	1252	0	1268
7894	8	3	2	1247	0	1260
7895	6	4	1177	64	0	1251
7896	1157	1	43	28	0	1229
7897	46	1	15	1185	0	1247
7898	22	3	1155	50	0	1230
7899	11	4	1194	17	0	1226
7900	10	2	57	1159	0	1228
7901	1151	1	20	54	0	1226
7902	1182	4	8	22	0	1216
7903	1215	1	3	14	0	1233
7904	62	4	4	1137	0	1207
7905	27	1161	3	44	0	1235
7906	1173	43	4	23	0	1243
7907	1199	12	5	14	0	1230
7908	1203	4	8	8	0	1223
7909	1207	9	2	8	0	1226
7910	61	4	4	1156	0	1225
7911	28	4	1143	49	0	1224
7912	17	4	46	1152	0	1219
7913	11	6	1157	53	0	1227
7914	1147	2	50	24	0	1223
7915	1195	4	15	10	0	1224
7916	58	4	1149	17	0	1228
7917	1164	3	47	11	0	1225
7918	1235	0	18	10	0	1263
7919	70	2	5	1174	0	1251
7920	23	1176	8	44	0	1251
7921	1180	42	5	20	0	1247
7922	51	18	4	1143	0	1216
7923	18	1108	6	49	0	1181
7924	12	45	3	1074	0	1134
7925	17	12	1045	42	0	1116
7926	14	1045	36	18	0	1113
7927	991	35	13	12	0	1051
7928	988	13	12	12	0	1025
7929	950	4	5	10	0	969
7930	963	6	5	6	0	980
7931	47	9	2	915	0	973
7932	21	910	3	34	0	968
7933	875	29	7	15	0	926
7934	34	8	893	11	0	946
7935	10	877	31	10	0	928
7936	14	29	801	6	0	850
7937	7	5	23	741	0	776
7938	5	692	8	25	0	730
7939	5	23	4	758	0	790
7940	5	5	783	25	0	818
7941	5	2	24	770	0	801
7942	4	4	5	802	0	815
7943	8	2	3	813	0	826
7944	777	1	8	29	0	815
7945	25	777	2	12	0	816
7946	10	18	2	784	0	814
7947	776	4	2	25	0	807
7948	24	776	1	10	0	811
7949	780	22	4	7	0	813
7950	23	5	786	10	0	824
7951	10	10	23	779	0	822
7952	11	791	3	22	0	827
7953	790	19	7	4	0	820
7954	28	5	777	3	0	813
7955	7	744	22	7	0	780
7956	4	19	6	748	0	777
7957	7	5	4	758	0	774
7958	745	2	5	22	0	774
7959	22	1	2	738	0	763
7960	8	2	718	22	0	750
7961	6	3	14	703	0	726
7962	5	2	743	18	0	768
7963	4	7	14	727	0	752
7964	4	736	6	17	0	763
7965	743	15	6	7	0	771
7966	734	5	2	5	0	746
7967	19	697	4	4	0	724
7968	4	657	0	3	0	664
7969	15	6	3	600	0	624
7970	596	2	1	6	0	605
7971	5	2	1	590	0	598
7972	592	1	1	5	0	599
7973	7	579	1	3	0	590
7974	2	5	1	591	0	599
7975	3	2	608	6	0	619
7976	2	2	4	604	0	612
7977	0	1	4	609	0	614
7978	622	3	1	6	0	632
7979	8	630	0	4	0	642
7980	3	4	1	641	0	649
7981	639	4	0	4	0	647
7982	5	1	644	3	0	653
7983	640	0	6	2	0	648
7984	5	2	2	661	0	670
7985	2	681	1	5	0	689
7986	691	4	1	1	0	697
7987	5	2	701	1	0	709
7988	3	2	692	1	0	698
7989	1	685	5	2	0	693
7990	662	4	2	1	0	669
7991	4	0	0	664	0	668
7992	0	1	1	672	0	674
7993	679	0	1	5	0	685
7994	6	0	687	2	0	695
7995	0	0	7	698	0	705
7996	1	0	725	8	0	734
7997	0	1	8	717	0	726
7998	2	746	0	9	0	757
7999	1	10	2	752	0	765
8000	0	1	748	13	0	762
8001	737	3	11	0	0	751
8002	11	0	0	768	0	779
8003	1	1	776	11	0	789
8004	2	0	9	752	0	763
8005	1	0	1	769	0	771
8006	1	1	759	10	0	771
8007	0	0	786	4	0	790
8008	0	0	13	796	0	809
8009	0	0	795	13	0	808
8010	788	1	12	2	0	803
8011	12	0	1	809	0	822
8012	798	1	3	11	0	813
8013	14	0	795	2	0	811
8014	2	1	11	807	0	821
8015	3	0	862	11	0	876
8016	1	846	13	3	0	863
8017	1	9	863	3	0	876
8018	0	1	821	0	0	822
8019	813	2	13	1	0	829
8020	832	1	3	1	0	837
8021	11	1	871	0	0	883
8022	3	1	9	841	0	854
8023	3	0	1	869	0	873
8024	3	0	872	10	0	885
8025	1	841	11	3	0	856
8026	834	9	0	4	0	847
8027	9	0	872	1	0	882
8028	0	3	8	875	0	886
8029	2	1	3	893	0	899
8030	904	0	3	11	0	918
8031	933	1	1	2	0	937
8032	933	0	1	3	0	937
8033	936	0	2	2	0	940
8034	12	0	1	923	0	936
8035	2	0	972	12	0	986
8036	3	0	7	979	0	989
8037	1	1	1	985	0	988
8038	2	0	3	1007	0	1012
8039	0	0	990	14	0	1004
8040	951	0	12	2	0	965
8041	13	0	0	1004	0	1017
8042	1	0	1036	12	0	1049
8043	5	1059	12	2	0	1078
8044	1	12	2	1086	0	1101
8045	2	0	3	1103	0	1108
8046	1092	3	1	14	0	1110
8047	12	1119	2	4	0	1137
8048	0	13	1122	4	0	1139
8049	3	1	13	1109	0	1126
8050	1	2	0	1120	0	1123
8051	1106	0	3	12	0	1121
8052	1113	1	2	3	0	1119
8053	12	1	1	1128	0	1142
8054	1125	0	3	15	0	1143
8055	15	1123	1	3	0	1142
8056	2	13	1198	6	0	1219
8057	7	0	11	1197	0	1215
8058	3	3	2	1231	0	1239
8059	1	2	5	1230	0	1238
8060	1	1	2	1216	0	1220
8061	2	1196	1	16	0	1215
8062	1180	12	2	7	0	1201
8063	13	0	1	1193	0	1207
8064	3	1237	1	13	0	1254
8065	1265	10	1	5	0	1281
8066	1258	0	1	4	0	1263
8067	13	1297	0	4	0	1314
8068	6	12	1	1319	0	1338
8069	4	1	1	1340	0	1346
8070	3	4	1	1324	0	1332
8071	4	1	1	1330	0	1336
8072	1366	2	1	19	0	1388
8073	1390	3	1	7	0	1401
8074	17	1393	1	8	0	1419
8075	4	15	1400	6	0	1425
8076	5	2	17	1417	0	1441
8077	1434	3	1	18	0	1456
8078	24	1393	3	1	0	1421
8079	1	1424	1	5	0	1431
8080	1443	18	2	4	0	1467
8081	1480	4	1	5	0	1490
8082	23	2	0	1476	0	1501
8083	5	3	1506	19	0	1533
8084	5	2	1503	3	0	1513
8085	1550	4	18	8	0	1580
8086	1611	4	1	4	0	1620
8087	1588	0	6	5	0	1599
8088	1575	0	3	4	0	1582
8089	1571	1	4	0	0	1576
8090	22	1575	1	2	0	1600
8091	6	21	3	1565	0	1595
8092	9	1641	1	16	0	1667
8093	1645	21	7	2	0	1675
8094	1642	5	0	9	0	1656
8095	1632	6	2	2	0	1642
8096	1627	2	1	2	0	1632
8097	15	1607	2	4	0	1628
8098	1601	9	2	3	0	1615
8099	13	1607	3	3	0	1626
8100	4	13	1	1622	0	1640
8101	1621	0	2	11	0	1634
8102	13	4	1666	3	0	1686
8103	6	2	10	1619	0	1637
8104	7	6	0	1673	0	1686
8105	3	3	1679	12	0	1697
8106	1	1667	11	7	0	1686
8107	1665	11	2	7	0	1685
8108	1658	2	4	2	0	1666
8109	16	1653	0	4	0	1673
8110	6	13	1	1665	0	1685
8111	8	8	1708	10	0	1734
8112	4	1752	10	2	0	1768
8113	1745	10	1	5	0	1761
8114	15	4	1750	1	0	1770
8115	1631	5	9	7	0	1652
8116	1698	2	2	6	0	1708
8117	14	2	1748	2	0	1766
8118	6	1733	10	5	0	1754
8119	8	10	1	1721	0	1740
8120	4	0	1770	10	0	1784
8121	1678	6	13	4	0	1701
8122	1734	0	2	3	0	1739
8123	13	1745	4	3	0	1765
8124	5	16	1	1753	0	1775
8125	4	3	2	1789	0	1798
8126	5	3	1787	11	0	1806
8127	6	1801	10	3	0	1820
8128	1867	14	0	6	0	1887
8129	1883	3	5	3	0	1894
8130	1889	5	2	2	0	1898
8131	17	0	1852	2	0	1871
8132	1816	2	14	0	0	1832
8133	1878	3	3	2	0	1886
8134	16	2	3	1874	0	1895
8135	7	2	1820	10	0	1839
8136	7	3	10	1802	0	1822
8137	6	1	1828	15	0	1850
8138	5	7	9	1788	0	1809
8139	4	1818	1	14	0	1837
8140	1	1878	1	3	0	1883
8141	3	8	3	1898	0	1912
8142	3	3	2	1834	0	1842
8143	1844	1	1	12	0	1858
8144	10	0	1841	2	0	1853
8145	1792	2	8	2	0	1804
8146	11	1854	3	2	0	1870
8147	1852	10	1	3	0	1866
8148	1852	4	1	1	0	1858
8149	13	2	1	1845	0	1861
8150	5	0	1907	8	0	1920
8151	1	3	10	1900	0	1914
8152	2	1995	5	7	0	2009
8153	4	11	3	2014	0	2032
8154	4	5	2	2023	0	2034
8155	1998	1	3	17	0	2019
8156	17	1	0	1938	0	1956
8157	7	1899	1	15	0	1922
8158	5	13	0	1940	0	1958
8159	1948	5	3	15	0	1971
8160	13	1953	0	8	0	1974
8161	6	18	1	1997	0	2022
8162	5	8	0	2008	0	2021
8163	5	1	1	2103	0	2110
8164	3	2	1	2060	0	2066
8165	2101	1	0	29	0	2131
8166	23	1	0	2156	0	2180
8167	8	5	0	2204	0	2217
8168	2	1	3	2271	0	2277
8169	3	2272	0	43	0	2318
8170	2286	33	2	12	0	2333
8171	31	8	2296	13	0	2348
8172	9	2258	26	6	0	2299
8173	2210	31	10	7	0	2258
8174	30	9	2260	3	0	2302
8175	12	2238	25	2	0	2277
8176	6	35	14	2204	0	2259
8177	1	2244	5	28	0	2278
8178	4	28	2231	11	0	2274
8179	4	11	2212	5	0	2232
8180	5	2215	32	7	0	2259
8181	2193	29	17	4	0	2243
8182	2199	12	6	3	0	2220
8183	39	5	2120	1	0	2165
8184	12	2	2010	1	0	2025
8185	6	6	2068	0	0	2080
8186	3	0	41	2026	0	2070
8187	2	4	16	2037	0	2059
8188	1	1	12	2097	0	2111
8189	4	2	2129	42	0	2177
8190	0	4	28	2072	0	2104
8191	1	0	10	2123	0	2134
8192	5	2	2059	38	0	2104
8193	2039	1	32	16	0	2088
8194	32	0	12	2138	0	2182
8195	9	1	10	2141	0	2161
8196	7	2137	2	53	0	2199
8197	2152	30	5	21	0	2208
8198	35	15	2137	12	0	2199
8199	2115	8	34	10	0	2167
8200	39	2	14	2136	0	2191
8201	14	5	2149	38	0	2206
8202	13	5	36	2107	0	2161
8203	2113	2	15	42	0	2172
8204	35	5	2090	15	0	2145
8205	2080	3	32	17	0	2132
8206	2111	7	14	8	0	2140
8207	2111	2	15	9	0	2137
8208	51	2068	6	5	0	2130
8209	23	33	6	2116	0	2178
8210	2125	13	6	39	0	2183
8211	2112	11	5	11	0	2139
8212	2135	2	4	15	0	2156
8213	56	5	2073	3	0	2137
8214	2167	3	37	7	0	2214
8215	55	1	11	2295	0	2362
8216	20	2	2296	43	0	2361
8217	17	2	43	2390	0	2452
8218	6	5	17	2452	0	2480
8219	9	2	2467	70	0	2548
8220	10	2	51	2487	0	2550
8221	8	1	20	2611	0	2640
8222	8	5	2873	76	0	2962
8223	3018	4	82	37	0	3141
8224	3344	1	31	27	0	3403
8225	117	4	26	3406	0	3553
8226	56	3	3387	95	0	3541
8227	33	2	95	3335	0	3465
8228	23	3301	41	111	0	3476
8229	16	88	26	3315	0	3445
8230	13	30	14	3412	0	3469
8231	3301	17	19	140	0	3477
8232	3340	10	12	77	0	3439
8233	3409	8	10	46	0	3473
8234	144	7	10	3310	0	3471
8235	68	8	6	3393	0	3475
8236	45	3	3265	140	0	3453
8237	30	12	92	3216	0	3350
8238	36	3256	36	118	0	3446
8239	3270	86	19	68	0	3443
8240	104	3209	19	47	0	3379
8241	3230	103	14	31	0	3378
8242	121	44	10	3114	0	3289
8243	52	3163	9	103	0	3327
8244	3155	100	9	57	0	3321
8245	3225	44	7	39	0	3315
8246	139	29	12	3107	0	3287
8247	70	3111	7	102	0	3290
8248	45	105	5	3139	0	3294
8249	33	38	3101	123	0	3295
8250	3018	36	95	45	0	3194
8251	112	3040	35	51	0	3238
8252	2968	103	26	28	0	3125
8253	115	40	11	2974	0	3140
8254	3005	32	17	103	0	3157
8255	124	17	3039	44	0	3224
8256	3120	18	96	41	0	3275
8257	3191	18	37	22	0	3268
8258	148	12	3110	30	0	3300
8259	91	10	100	3087	0	3288
8260	60	5	46	3170	0	3281
8261	3054	15	35	142	0	3246
8262	124	3022	24	74	0	3244
8263	56	103	18	2963	0	3140
8264	45	39	2906	118	0	3108
8265	29	30	2882	57	0	2998
8266	39	2792	104	49	0	2984
8267	43	88	2749	32	0	2912
8268	2623	41	109	32	0	2805
8269	89	31	46	2574	0	2740
8270	2611	11	37	96	0	2755
8271	106	19	2580	50	0	2755
8272	45	19	99	2591	0	2754
8273	38	11	48	2660	0	2757
8274	33	15	2541	115	0	2704
8275	38	14	86	2578	0	2716
8276	2518	19	41	110	0	2688
8277	2588	11	33	62	0	2694
8278	118	9	22	2540	0	2689
8279	2530	10	26	104	0	2670
8280	2567	14	14	54	0	2649
8281	129	2463	17	50	0	2659
8282	73	78	13	2502	0	2666
8283	2502	32	15	102	0	2651
8284	112	21	11	2510	0	2654
8285	2493	16	14	112	0	2635
8286	128	18	10	2475	0	2631
8287	60	13	2445	127	0	2645
8288	48	2445	83	60	0	2636
8289	45	77	40	2209	0	2371
8290	40	2404	28	91	0	2563
8291	2370	94	25	50	0	2539
8292	112	2316	26	38	0	2492
8293	49	2355	16	39	0	2459
8294	49	110	14	2271	0	2444
8295	2271	60	13	98	0	2442
8296	92	40	17	2276	0	2425
8297	2264	29	9	107	0	2409
8298	2284	24	14	58	0	2380
8299	116	2260	13	44	0	2433
8300	2302	90	17	34	0	2443
8301	2326	28	21	37	0	2412
8302	2337	31	19	23	0	2410
8303	138	22	2195	31	0	2386
8304	80	25	77	2187	0	2369
8305	67	16	36	2250	0	2369
8306	45	18	2142	115	0	2320
8307	2228	11	80	59	0	2378
8308	2285	10	41	52	0	2388
8309	2281	9	26	37	0	2353
8310	2244	7	21	42	0	2314
8311	138	2132	15	44	0	2329
8312	2170	77	17	29	0	2293
8313	129	33	15	2112	0	2289
8314	81	28	1922	85	0	2116
8315	1909	19	69	36	0	2033
8316	110	1899	30	33	0	2072
8317	1780	75	14	22	0	1891
8318	90	1723	14	32	0	1859
8319	64	1642	14	27	0	1747
8320	40	1618	14	33	0	1705
8321	51	1558	31	25	0	1665
8322	43	54	1205	21	0	1323
8323	30	98	49	907	0	1084
8324	13	10	776	30	0	829
8325	613	5	21	7	0	646
8326	23	611	3	6	0	643
8327	8	625	5	7	0	645
8328	8	18	3	604	0	633
8329	7	3	1	624	0	635
8330	7	5	604	17	0	633
8331	10	5	605	5	0	625
8332	4	6	17	600	0	627
8333	7	4	598	18	0	627
8334	9	597	17	5	0	628
8335	6	17	2	598	0	623
8336	10	4	6	632	0	652
8337	3	5	621	21	0	650
8338	4	3	19	620	0	646
8339	631	2	5	19	0	657
8340	21	5	4	622	0	652
8341	7	7	2	634	0	650
8342	9	4	612	22	0	647
8343	605	5	16	8	0	634
8344	17	629	6	7	0	659
8345	11	17	2	622	0	652
8346	12	3	621	19	0	655
8347	6	3	15	628	0	652
8348	627	2	10	16	0	655
8349	23	5	629	6	0	663
8350	8	11	16	628	0	663
8351	8	2	644	20	0	674
8352	6	646	19	5	0	676
8353	8	17	632	6	0	663
8354	3	619	18	4	0	644
8355	4	5	533	5	0	547
8356	1	11	8	478	0	498
8357	3	478	7	7	0	495
8358	468	5	1	5	0	479
8359	10	4	1	471	0	486
8360	486	2	0	6	0	494
8361	9	3	0	506	0	518
8362	5	4	1	527	0	537
8363	528	1	2	10	0	541
8364	536	1	2	6	0	545
8365	8	2	2	548	0	560
8366	7	2	563	11	0	583
8367	2	561	10	4	0	577
8368	4	11	570	1	0	586
8369	3	570	9	3	0	585
8370	552	10	1	2	0	565
8371	11	2	544	0	0	557
8372	3	1	540	1	0	545
8373	1	2	10	527	0	540
8374	530	0	1	12	0	543
8375	10	1	564	2	0	577
8376	2	588	11	1	0	602
8377	606	8	2	1	0	617
8378	628	1	2	1	0	632
8379	632	0	0	2	0	634
8380	632	2	3	0	0	637
8381	630	2	0	2	0	634
8382	11	0	629	2	0	642
8383	1	3	10	612	0	626
8384	2	621	4	7	0	634
8385	632	10	2	2	0	646
8386	8	646	0	1	0	655
8387	616	6	2	1	0	625
8388	618	2	0	0	0	620
8389	9	608	0	1	0	618
8390	625	6	0	3	0	634
8391	7	1	0	627	0	635
8392	1	0	0	639	0	640
8393	2	0	631	8	0	641
8394	1	632	6	3	0	642
8395	2	6	2	642	0	652
8396	1	2	1	649	0	653
8397	1	0	1	650	0	652
8398	0	3	629	7	0	639
8399	599	0	6	2	0	607
8400	6	1	4	632	0	643
8401	638	1	0	6	0	645
8402	7	0	1	642	0	650
8403	2	0	664	5	0	671
8404	0	1	659	3	0	663
8405	647	1	6	1	0	655
8406	667	1	2	0	0	670
8407	7	650	2	0	0	659
8408	3	6	642	0	0	651
8409	3	1	5	635	0	644
8410	6	2	4	518	0	530
8411	675	0	1	6	0	682
8412	664	0	0	3	0	667
8413	665	1	1	0	0	667
8414	6	0	650	1	0	657
8415	655	2	5	1	0	663
8416	6	1	1	657	0	665
8417	3	1	0	656	0	660
8418	1	2	0	660	0	663
8419	3	648	0	7	0	658
8420	639	6	1	2	0	648
8421	6	3	0	633	0	642
8422	2	0	644	6	0	652
8423	0	2	4	629	0	635
8424	1	641	2	6	0	650
8425	644	5	3	1	0	653
8426	5	2	2	631	0	640
8427	2	0	1	627	0	630
8428	3	0	635	8	0	646
8429	0	1	5	625	0	631
8430	2	635	3	5	0	645
8431	2	5	0	651	0	658
8432	2	1	645	6	0	654
8433	607	0	6	2	0	615
8434	645	0	2	1	0	648
8435	9	651	2	0	0	662
8436	640	4	2	0	0	646
8437	661	0	0	2	0	663
8438	5	660	0	1	0	666
8439	2	5	1	655	0	663
8440	673	1	2	7	0	683
8441	7	688	0	2	0	697
8442	3	6	705	1	0	715
8443	711	1	8	1	0	721
8444	748	0	1	0	0	749
8445	745	0	1	2	0	748
8446	743	1	1	1	0	746
8447	10	773	1	0	0	784
8448	781	10	2	2	0	795
8449	790	0	0	5	0	795
8450	799	0	1	2	0	802
8451	9	1	0	801	0	811
8452	804	0	1	9	0	814
8453	10	831	0	2	0	843
8454	0	8	885	1	0	894
8455	2	0	9	925	0	936
8456	932	1	1	12	0	946
8457	11	1	942	1	0	955
8458	2	0	12	948	0	962
8459	2	0	941	12	0	955
8460	1	930	12	2	0	945
8461	1	11	0	909	0	921
8462	0	2	905	10	0	917
8463	0	894	11	3	0	908
8464	1	14	5	896	0	916
8465	912	2	0	8	0	922
8466	913	0	0	2	0	915
8467	906	0	1	0	0	907
8468	901	1	0	0	0	902
8469	900	1	0	1	0	902
8470	10	0	910	0	0	920
8471	905	0	7	0	0	912
8472	941	0	1	1	0	943
8473	9	0	0	940	0	949
8474	946	0	0	7	0	953
8475	913	1	1	1	0	916
8476	8	887	1	0	0	896
8477	2	7	0	899	0	908
8478	1	3	0	895	0	899
8479	891	0	0	8	0	899
8480	8	897	0	2	0	907
8481	1	903	1	0	0	905
8482	0	12	0	931	0	943
8483	0	2	0	932	0	934
8484	1	0	1	925	0	927
8485	0	2	0	940	0	942
8486	912	0	0	13	0	925
8487	914	0	0	3	0	917
8488	13	0	911	1	0	925
8489	3	0	9	912	0	924
8490	2	0	2	919	0	923
8491	2	0	902	12	0	916
8492	871	0	10	2	0	883
8493	10	894	2	0	0	906
8494	888	9	0	1	0	898
8495	11	2	0	885	0	898
8496	4	0	900	10	0	914
8497	2	2	9	914	0	927
8498	0	2	947	10	0	959
8499	1	959	10	3	0	973
8500	934	11	3	5	0	953
8501	937	2	1	0	0	940
8502	13	933	0	1	0	947
8503	2	11	2	900	0	915
8504	896	3	0	10	0	909
8505	11	893	1	2	0	907
8506	4	11	0	902	0	917
8507	910	3	1	11	0	925
8508	10	0	915	3	0	928
8509	900	1	10	0	0	911
8510	10	929	2	1	0	942
8511	914	8	0	1	0	923
8512	921	2	0	0	0	923
8513	13	1	908	0	0	922
8514	4	0	10	890	0	904
8515	2	1	2	917	0	922
8516	2	0	914	12	0	928
8517	3	0	10	901	0	914
8518	1	0	3	852	0	856
8519	919	0	0	14	0	933
8520	928	0	0	3	0	931
8521	13	0	0	913	0	926
8522	2	0	925	11	0	938
8523	2	0	10	929	0	941
8524	1	0	2	938	0	941
8525	2	0	950	12	0	964
8526	1	0	10	963	0	974
8527	963	1	3	10	0	977
8528	958	0	0	4	0	962
8529	12	942	0	3	0	957
8530	964	10	1	2	0	977
8531	968	2	0	2	0	972
8532	14	979	0	0	0	993
8533	981	9	0	0	0	990
8534	988	3	1	0	0	992
8535	1001	0	0	1	0	1002
8536	13	2	973	1	0	989
8537	960	1	11	0	0	972
8538	12	0	2	1000	0	1014
8539	998	1	3	12	0	1014
8540	14	0	997	2	0	1013
8541	2	969	14	1	0	986
8542	968	10	7	0	0	985
8543	10	1002	2	2	0	1016
8544	5	12	0	980	0	997
8545	2	4	0	999	0	1005
8546	1000	3	0	12	0	1015
8547	970	0	0	5	0	975
8548	14	1	960	2	0	977
8549	6	0	918	2	0	926
8550	4	1	929	1	0	935
8551	2	6	14	913	0	935
8552	1	0	919	12	0	932
8553	3	0	881	3	0	887
8554	11	29	16	784	0	840
8555	823	0	7	12	0	842
8556	830	0	2	4	0	836
8557	836	0	0	3	0	839
8558	843	0	0	0	0	843
8559	14	0	0	842	0	856
8560	4	0	0	846	0	850
8561	2	1	886	11	0	900
8562	0	0	10	863	0	873
8563	0	0	2	850	0	852
8564	897	0	2	13	0	912
8565	914	0	0	4	0	918
8566	13	0	0	892	0	905
8567	918	0	0	11	0	929
8568	932	0	1	3	0	936
8569	15	0	0	932	0	947
8570	5	0	0	924	0	929
8571	4	0	914	14	0	932
8572	0	1	904	5	0	910
8573	1	9	14	904	0	928
8574	2	1	4	932	0	939
8575	0	2	931	13	0	946
8576	890	0	11	7	0	908
8577	902	0	1	4	0	907
8578	16	0	908	0	0	924
8579	7	915	11	2	0	935
8580	930	11	3	1	0	945
8581	11	2	976	1	0	990
8582	3	3	11	956	0	973
8583	4	0	2	991	0	997
8584	1023	0	3	11	0	1037
8585	1062	0	2	7	0	1071
8586	12	0	0	1072	0	1084
8587	6	0	0	1121	0	1127
8588	1138	0	0	13	0	1151
8589	1146	0	0	4	0	1150
8590	1143	0	0	2	0	1145
8591	16	0	1161	2	0	1179
8592	5	0	11	1149	0	1165
8593	2	0	3	1187	0	1192
8594	1178	0	2	16	0	1196
8595	12	1192	0	8	0	1212
8596	1298	13	0	2	0	1313
8597	18	1299	0	0	0	1317
8598	4	16	0	1357	0	1377
8599	5	5	1	1381	0	1392
8600	2	3	1362	24	0	1391
8601	0	0	19	1373	0	1392
8602	1	0	1380	25	0	1406
8603	1	1	25	1381	0	1408
8604	1	0	6	1394	0	1401
8605	1	1352	3	28	0	1384
8606	3	1413	1	11	0	1428
8607	2	28	3	1391	0	1424
8608	2	9	1	1428	0	1440
8609	5	2	1	1439	0	1447
8610	3	1	4	1439	0	1447
8611	1	3	0	1457	0	1461
8612	4	0	1423	31	0	1458
8613	4	1	24	1422	0	1451
8614	2	2	5	1463	0	1472
8615	2	2	1418	33	0	1455
8616	3	1404	25	10	0	1442
8617	5	22	8	1443	0	1478
8618	1	5	1443	32	0	1481
8619	0	1448	26	12	0	1486
8620	2	23	9	1479	0	1513
8621	1495	5	4	30	0	1534
8622	28	4	2	1469	0	1503
8623	7	2	6	1484	0	1499
8624	5	2	1	1507	0	1515
8625	3	1	1	1491	0	1496
8626	4	1426	2	34	0	1466
8627	2	25	1	1464	0	1492
8628	1508	6	2	31	0	1547
8629	24	5	2	1516	0	1547
8630	7	0	0	1514	0	1521
8631	6	0	1	1536	0	1543
8632	1473	0	2	36	0	1511
8633	1491	2	1	17	0	1511
8634	33	1	2	1494	0	1530
8635	1452	1	1	30	0	1484
8636	1479	3	2	10	0	1494
8637	30	1465	0	11	0	1506
8638	1479	20	2	5	0	1506
8639	21	1445	1	8	0	1475
8640	6	1469	1	4	0	1480
8641	5	22	0	1486	0	1513
8642	5	8	1503	22	0	1538
8643	2	4	16	1462	0	1484
8644	2	2	5	1481	0	1490
8645	3	1462	2	23	0	1490
8646	1466	18	1	10	0	1495
8647	17	7	3	1466	0	1493
8648	5	3	1543	24	0	1575
8649	4	3	16	1541	0	1564
8650	2	1560	5	23	0	1590
8651	1564	19	4	11	0	1598
8652	20	4	2	1577	0	1603
8653	5	4	1575	24	0	1608
8654	5	1	19	1594	0	1619
8655	2	1544	4	28	0	1578
8656	4	17	4	1573	0	1598
8657	1651	7	3	24	0	1685
8658	1700	6	2	13	0	1721
8659	1746	2	2	11	0	1761
8660	35	1777	4	8	0	1824
8661	1791	24	2	7	0	1824
8662	28	9	4	1806	0	1847
8663	1794	6	3	30	0	1833
8664	27	1807	1	18	0	1853
8665	11	27	2	1829	0	1869
8666	5	12	1842	29	0	1888
8667	1758	5	26	11	0	1800
8668	28	1846	6	12	0	1892
8669	10	26	3	1856	0	1895
8670	2	9	2	1898	0	1911
8671	3	4	0	1862	0	1869
8672	4	3	2	1856	0	1865
8673	5	1819	4	39	0	1867
8674	1849	31	3	15	0	1898
8675	1862	6	1	10	0	1879
8676	38	5	1875	6	0	1924
8677	12	6	26	1892	0	1936
8678	7	3	1870	38	0	1918
8679	1837	3	30	15	0	1885
8680	1864	4	6	9	0	1883
8681	1813	5	3	8	0	1829
8682	43	3	2	1778	0	1826
8683	14	1755	1	36	0	1806
8684	1772	26	4	15	0	1817
8685	30	10	1	1772	0	1813
8686	1775	3	5	33	0	1816
8687	33	3	1734	13	0	1783
8688	14	3	1705	10	0	1732
8689	1751	3	31	4	0	1789
8690	34	3	10	1760	0	1807
8691	1736	3	3	34	0	1776
8692	35	1739	1	14	0	1789
8693	1774	27	4	7	0	1812
8694	1790	10	5	4	0	1809
8695	42	4	1752	5	0	1803
8696	11	1	1611	5	0	1628
8697	6	1603	29	4	0	1642
8698	10	24	15	1563	0	1612
8699	1570	5	5	19	0	1599
8700	24	3	0	1557	0	1584
8701	9	1	3	1582	0	1595
8702	4	3	1563	23	0	1593
8703	1542	4	20	8	0	1574
8704	21	1	6	1606	0	1634
8705	10	2	1573	23	0	1608
8706	4	2	1541	10	0	1557
8707	3	3	23	1570	0	1599
8708	4	1	1558	18	0	1581
8709	5	1	1548	8	0	1562
8710	4	5	20	1504	0	1533
8711	4	2	1595	17	0	1618
8712	2	4	19	1573	0	1598
8713	5	1547	10	19	0	1581
8714	1629	14	3	9	0	1655
8715	17	1627	4	9	0	1657
8716	4	20	6	1621	0	1651
8717	5	1643	5	19	0	1672
8718	3	21	1711	12	0	1747
8719	3	7	24	1972	0	2006
8720	4	5	2271	37	0	2317
8721	2286	4	48	11	0	2349
8722	48	2405	16	7	0	2476
8723	2437	51	7	2	0	2497
8724	55	17	5	2419	0	2496
8725	2432	7	7	51	0	2497
8726	59	3	2426	17	0	2505
8727	20	2438	51	11	0	2520
8728	2416	52	19	1	0	2488
8729	59	21	7	2320	0	2407
8730	22	2401	2	50	0	2475
8731	12	52	4	2431	0	2499
8732	2428	15	3	55	0	2501
8733	47	2577	9	20	0	2653
8734	2605	66	6	8	0	2685
8735	69	20	2557	8	0	2654
8736	2575	10	60	7	0	2652
8737	68	10	18	2560	0	2656
8738	2550	4	10	66	0	2630
8739	77	2526	5	21	0	2629
8740	25	68	4	2540	0	2637
8741	17	19	6	2585	0	2627
8742	8	11	2465	79	0	2563
8743	17	4	60	2469	0	2550
8744	7	10	16	2539	0	2572
8745	11	4	6	2548	0	2569
8746	7	9	4	2552	0	2572
8747	7	7	2479	91	0	2584
8748	5	2367	62	38	0	2472
8749	6	65	25	2414	0	2510
8750	2393	18	11	71	0	2493
8751	2420	8	5	35	0	2468
8752	79	2418	5	21	0	2523
8753	2400	63	7	17	0	2487
8754	2429	20	5	10	0	2464
8755	2417	16	9	10	0	2452
8756	90	2340	8	12	0	2450
8757	2262	56	5	11	0	2334
8758	76	26	9	2182	0	2293
8759	23	16	2129	63	0	2231
8760	19	2090	53	21	0	2183
8761	13	62	17	2066	0	2158
8762	10	23	2054	60	0	2147
8763	2037	15	53	24	0	2129
8764	62	5	20	2043	0	2130
8765	20	4	9	2072	0	2105
8766	11	4	9	2058	0	2082
8767	9	9	3	2063	0	2084
8768	7	6	1951	79	0	2043
8769	1895	3	58	27	0	1983
8770	60	1942	17	18	0	2037
8771	1928	48	7	14	0	1997
8772	63	1940	6	15	0	2024
8773	1953	55	2	14	0	2024
8774	60	22	4	1944	0	2030
8775	26	7	1933	57	0	2023
8776	17	7	1913	18	0	1955
8777	16	13	64	1904	0	1997
8778	14	4	18	1950	0	1986
8779	8	7	10	1968	0	1993
8780	1905	4	7	80	0	1996
8781	51	8	1901	33	0	1993
8782	20	1865	55	15	0	1955
8783	10	1955	20	10	0	1995
8784	1877	59	11	10	0	1957
8785	58	20	1867	14	0	1959
8786	18	1858	54	15	0	1945
8787	18	52	1819	9	0	1898
8788	7	16	57	1824	0	1904
8789	8	10	1814	51	0	1883
8790	6	11	1823	17	0	1857
8791	14	4	65	1808	0	1891
8792	6	6	1814	55	0	1881
8793	10	10	1811	21	0	1852
8794	6	7	67	1791	0	1871
8795	1780	3	19	62	0	1864
8796	49	6	1792	19	0	1866
8797	18	3	62	1772	0	1855
8798	14	4	15	1824	0	1857
8799	1781	6	12	70	0	1869
8800	57	4	11	1801	0	1873
8801	1776	2	6	69	0	1853
8802	63	1753	5	23	0	1844
8803	14	51	12	1776	0	1853
8804	1771	19	2	60	0	1852
8805	1815	12	7	22	0	1856
8806	69	7	7	1783	0	1866
8807	22	5	1775	63	0	1865
8808	1758	4	52	20	0	1834
8809	55	1790	15	15	0	1875
8810	1710	53	12	20	0	1795
8811	1807	13	9	14	0	1843
8812	1809	5	10	12	0	1836
8813	70	6	1739	10	0	1825
8814	21	1743	58	8	0	1830
8815	17	52	15	1731	0	1815
8816	11	26	11	1759	0	1807
8817	19	9	1699	59	0	1786
8818	6	1583	47	23	0	1659
8819	9	1317	14	14	0	1354
8820	5	1064	8	0	0	1077
8821	930	32	40	7	0	1009
8822	29	4	3	908	0	944
8823	5	3	2	910	0	920
8824	2	2	906	23	0	933
8825	886	0	16	4	0	906
8826	18	3	0	899	0	920
8827	3	5	3	907	0	918
8828	3	0	899	19	0	921
8829	4	898	15	4	0	921
8830	3	24	1	912	0	940
8831	3	2	890	15	0	910
8832	2	818	13	4	0	837
8833	711	5	4	1	0	721
8834	4	2	740	0	0	746
8835	3	0	3	715	0	721
8836	0	722	2	3	0	727
8837	730	3	0	1	0	734
8838	2	2	0	730	0	734
8839	749	0	1	3	0	753
8840	745	1	1	2	0	749
8841	6	749	0	1	0	756
8842	768	3	0	0	0	771
8843	795	2	0	0	0	797
8844	6	0	809	1	0	816
8845	802	0	5	0	0	807
8846	5	0	806	0	0	811
8847	801	0	3	0	0	804
8848	806	0	1	1	0	808
8849	6	0	822	0	0	828
8850	1	0	3	823	0	827
8851	0	0	843	3	0	846
8852	0	1	778	1	0	780
8853	0	0	852	1	0	853
8854	0	2	4	847	0	853
8855	0	0	0	919	0	919
8856	0	0	0	925	0	925
8857	0	0	0	948	0	948
8858	0	0	970	8	0	978
8859	0	0	7	959	0	966
8860	0	950	1	9	0	960
8861	0	7	1017	2	0	1026
8862	0	6	8	1001	0	1015
8863	0	1	1050	10	0	1061
8864	0	1043	11	3	0	1057
8865	0	1076	1	1	0	1078
8866	2	11	1	1069	0	1083
8867	1	4	1067	12	0	1084
8868	1	1	1062	2	0	1066
8869	0	0	14	1081	0	1095
8870	0	0	3	1090	0	1093
8871	0	0	1	1113	0	1114
8872	0	0	1088	15	0	1103
8873	0	1078	11	6	0	1095
8874	0	1106	2	1	0	1109
8875	0	15	1	1100	0	1116
8876	0	3	1087	12	0	1102
8877	0	1	1078	2	0	1081
8878	0	1119	13	1	0	1133
8879	1137	12	3	0	0	1152
8880	12	1157	0	0	0	1169
8881	3	14	1188	0	0	1205
8882	1185	2	16	1	0	1204
8883	17	1	3	1228	0	1249
8884	1259	0	1	17	0	1277
8885	18	0	1	1254	0	1273
8886	5	0	0	1282	0	1287
8887	1289	0	0	22	0	1311
8888	16	1327	0	6	0	1349
8889	3	17	1320	2	0	1342
8890	2	1336	16	1	0	1355
8891	1325	19	4	0	0	1348
8892	14	1318	2	1	0	1335
8893	1328	19	2	2	0	1351
8894	1331	7	0	2	0	1340
8895	22	1315	2	2	0	1341
8896	6	21	0	1300	0	1327
8897	1306	5	0	17	0	1328
8898	1309	3	2	5	0	1319
8899	22	2	1	1290	0	1315
8900	7	0	1268	19	0	1294
8901	5	2	1262	4	0	1273
8902	2	1	21	1289	0	1313
8903	1	2	1273	19	0	1295
8904	1245	2	20	3	0	1270
8905	17	1252	4	4	0	1277
8906	6	14	3	1269	0	1292
8907	3	8	3	1248	0	1262
8908	3	3	0	1238	0	1244
8909	1	1	0	1226	0	1228
8910	3	0	0	1243	0	1246
8911	0	2	1215	23	0	1240
8912	1	1214	16	8	0	1239
8913	1207	16	5	6	0	1234
8914	17	4	2	1186	0	1209
8915	5	3	2	1198	0	1208
8916	3	2	1	1191	0	1197
8917	3	1179	1	26	0	1209
8918	0	17	1	1216	0	1234
8919	1	4	2	1232	0	1239
8920	1200	2	1	22	0	1225
8921	15	1159	1	7	0	1182
8922	4	1170	0	10	0	1184
8923	2	18	0	1186	0	1206
8924	1174	4	1	19	0	1198
8925	16	3	1188	5	0	1212
8926	1159	2	18	4	0	1183
8927	18	2	1234	3	0	1257
8928	5	2	18	1214	0	1239
8929	2	0	6	1240	0	1248
8930	2	0	4	1224	0	1230
8931	0	2	4	1230	0	1236
8932	1	3	0	1215	0	1219
8933	1214	1	1	22	0	1238
8934	15	0	1182	9	0	1206
8935	4	0	16	1209	0	1229
8936	3	1	1247	18	0	1269
8937	3	1266	14	6	0	1289
8938	1252	17	4	6	0	1279
8939	17	4	1319	5	0	1345
8940	4	2	19	1335	0	1360
8941	2	2	3	1385	0	1392
8942	3	0	1374	23	0	1400
8943	1	1	1369	8	0	1379
8944	2	2	23	1295	0	1322
8945	1364	1	6	22	0	1393
8946	1368	2	4	7	0	1381
8947	25	1362	2	3	0	1392
8948	1393	21	1	5	0	1420
8949	26	4	2	1349	0	1381
8950	7	1413	2	17	0	1439
8951	4	21	0	1415	0	1440
8952	6	4	1441	21	0	1472
8953	0	4	19	1381	0	1404
8954	2	2	5	1438	0	1447
8955	1377	0	2	23	0	1402
8956	19	1375	3	6	0	1403
8957	1345	15	1	6	0	1367
8958	15	1333	2	3	0	1353
8959	1301	17	0	1	0	1319
8960	15	1294	0	2	0	1311
8961	6	1280	0	2	0	1288
8962	1282	19	3	1	0	1305
8963	21	11	0	1236	0	1268
8964	3	1259	0	12	0	1274
8965	1279	14	4	3	0	1300
8966	1290	3	0	2	0	1295
8967	1315	2	0	3	0	1320
8968	1292	2	1	0	0	1295
8969	19	1310	0	2	0	1331
8970	6	13	0	1337	0	1356
8971	5	3	0	1348	0	1356
8972	1352	2	0	16	0	1370
8973	15	2	0	1348	0	1365
8974	1341	0	0	19	0	1360
8975	14	0	1323	5	0	1342
8976	1297	1	12	6	0	1316
8977	14	2	1338	3	0	1357
8978	8	4	12	1321	0	1345
8979	1323	0	5	14	0	1342
8980	14	1299	1	5	0	1319
8981	1259	6	2	2	0	1269
8982	9	1256	0	5	0	1270
8983	5	12	1	1318	0	1336
8984	2	3	1285	7	0	1297
8985	1232	6	7	2	0	1247
8986	7	1269	2	4	0	1282
8987	5	12	0	1249	0	1266
8988	1	1	1	1232	0	1235
8989	1	0	0	1219	0	1220
8990	1	0	1227	8	0	1236
8991	0	1210	7	2	0	1219
8992	1211	7	1	1	0	1220
8993	1224	1	1	1	0	1227
8994	7	1216	1	3	0	1227
8995	1246	7	0	2	0	1255
8996	8	2	1	1246	0	1257
8997	2	1224	1	9	0	1236
8998	1249	8	0	4	0	1261
8999	7	1	1230	1	0	1239
9000	1	1253	9	1	0	1264
9001	2	7	5	1257	0	1271
9002	2	2	1	1276	0	1281
9003	2	0	1265	11	0	1278
9004	1	0	8	1246	0	1255
9005	1	1	1273	10	0	1285
9006	1	0	8	1254	0	1263
9007	0	1	0	1279	0	1280
9008	2	1	0	1283	0	1286
9009	2	0	0	1288	0	1290
9010	0	2	1275	11	0	1288
9011	2	0	1345	3	0	1350
9012	1	1496	11	4	0	1512
9013	0	18	4	1609	0	1631
9014	2	5	1665	16	0	1688
9015	1	1652	17	6	0	1676
9016	1	22	5	1727	0	1755
9017	1	11	1789	22	0	1823
9018	1746	4	17	13	0	1780
9019	1919	2	10	4	0	1935
9020	33	1	3	1919	0	1956
9021	13	1	1923	24	0	1961
9022	5	3	24	1903	0	1935
9023	1921	0	8	27	0	1956
9024	23	1941	5	12	0	1981
9025	1978	22	0	7	0	2007
9026	1990	8	2	1	0	2001
9027	33	5	1	1924	0	1963
9028	14	1	1	1945	0	1961
9029	4	1	1	1958	0	1964
9030	3	0	1	1947	0	1951
9031	4	3	0	1937	0	1944
9032	1931	0	1	35	0	1967
9033	1942	0	1	14	0	1957
9034	1948	0	0	6	0	1954
9035	36	0	1876	5	0	1917
9036	1862	1	19	6	0	1888
9037	28	1	8	1851	0	1888
9038	11	2	1853	23	0	1889
9039	7	1793	18	12	0	1830
9040	4	29	11	1762	0	1806
9041	6	9	6	1743	0	1764
9042	4	1748	4	27	0	1783
9043	3	21	4	1788	0	1816
9044	2	10	1766	31	0	1809
9045	4	5	1765	11	0	1785
9046	6	1	31	1788	0	1826
9047	1762	4	21	26	0	1813
9048	1755	3	7	18	0	1783
9049	33	5	1736	11	0	1785
9050	17	1625	24	8	0	1674
9051	11	1692	7	5	0	1715
9052	1628	35	9	2	0	1674
9053	30	14	1636	5	0	1685
9054	19	6	24	1612	0	1661
9055	1621	0	9	34	0	1664
9056	24	1580	8	18	0	1630
9057	11	1636	4	15	0	1666
9058	1611	29	4	8	0	1652
9059	30	15	1	1612	0	1658
9060	1704	7	1	27	0	1739
9061	43	1	4	1879	0	1927
9062	18	2	3	1941	0	1964
9063	14	3	1935	52	0	2004
9064	6	4	32	2020	0	2062
9065	6	4	14	2040	0	2064
9066	2003	3	12	63	0	2081
9067	42	4	3	2057	0	2106
9068	23	3	2051	57	0	2134
9069	2036	3	33	31	0	2103
9070	39	4	22	2036	0	2101
9071	2044	2	17	47	0	2110
9072	51	1959	9	32	0	2051
9073	23	2048	12	21	0	2104
9074	2035	58	3	12	0	2108
9075	2057	31	5	11	0	2104
9076	67	12	7	2007	0	2093
9077	36	8	1993	42	0	2079
9078	18	10	36	2014	0	2078
9079	1984	10	23	53	0	2070
9080	49	1970	14	27	0	2060
9081	26	43	8	1991	0	2068
9082	1964	22	7	50	0	2043
9083	50	17	1891	35	0	1993
9084	1903	8	42	24	0	1977
9085	1844	10	23	21	0	1898
9086	66	6	1905	16	0	1993
9087	44	3	1920	19	0	1986
9088	27	2	60	1870	0	1959
9089	14	3	38	1912	0	1967
9090	18	1920	18	62	0	2018
9091	13	42	13	1957	0	2025
9092	15	27	1956	54	0	2052
9093	16	21	42	1983	0	2062
9094	15	3	26	2061	0	2105
9095	15	7	1988	73	0	2083
9096	11	1962	46	46	0	2065
9097	10	42	28	2005	0	2085
9098	9	23	19	2040	0	2091
9099	2003	16	7	75	0	2101
9100	44	11	10	2013	0	2078
9101	30	13	1962	62	0	2067
9102	1974	4	40	43	0	2061
9103	1995	6	27	25	0	2053
9104	2015	5	18	14	0	2052
9105	77	5	1921	19	0	2022
9106	47	3	47	1921	0	2018
9107	29	6	33	1956	0	2024
9108	16	7	19	1985	0	2027
9109	1919	6	9	80	0	2014
9110	48	1903	12	43	0	2006
9111	35	35	1777	30	0	1877
9112	23	1702	36	13	0	1774
9113	8	1610	23	14	0	1655
9114	6	1588	12	20	0	1626
9115	29	70	20	1516	0	1635
9116	8	24	1500	43	0	1575
9117	1376	23	33	26	0	1458
9118	33	1396	21	23	0	1473
9119	1325	30	9	14	0	1378
9120	35	1354	4	16	0	1409
9121	1355	33	8	14	0	1410
9122	41	1391	6	6	0	1444
9123	27	38	1398	8	0	1471
9124	20	13	31	1399	0	1463
9125	13	14	19	1467	0	1513
9126	1449	8	13	44	0	1514
9127	33	8	6	1567	0	1614
9128	22	2	1540	50	0	1614
9129	15	5	34	1575	0	1629
9130	8	6	1559	48	0	1621
9131	9	1548	46	23	0	1626
9132	12	36	18	1485	0	1551
9133	7	1567	14	35	0	1623
9134	1570	48	5	17	0	1640
9135	35	23	9	1554	0	1621
9136	17	12	1559	36	0	1624
9137	16	7	1539	24	0	1586
9138	1520	9	43	20	0	1592
9139	40	8	26	1516	0	1590
9140	21	9	1512	41	0	1583
9141	19	10	1485	18	0	1532
9142	9	1489	51	17	0	1566
9143	11	40	32	1356	0	1439
9144	5	1466	16	36	0	1523
9145	6	34	12	1459	0	1511
9146	1465	17	8	39	0	1529
9147	31	12	7	1485	0	1535
9148	17	5	8	1504	0	1534
9149	1492	7	12	49	0	1560
9150	25	5	9	1588	0	1627
9151	22	6	9	1556	0	1593
9152	13	1595	3	49	0	1660
9153	1607	29	6	32	0	1674
9154	1631	22	8	17	0	1678
9155	43	11	7	1604	0	1665
9156	26	6	6	1630	0	1668
9157	15	7	9	1612	0	1643
9158	13	1524	9	51	0	1597
9159	14	1593	6	35	0	1648
9160	12	35	7	1514	0	1568
9161	1284	12	3	21	0	1320
9162	1248	6	4	15	0	1273
9163	23	1202	3	11	0	1239
9164	1108	15	0	8	0	1131
9165	16	1086	0	5	0	1107
9166	8	1098	0	4	0	1110
9167	28	21	11	1030	0	1090
9168	1023	5	5	12	0	1045
9169	10	997	1	8	0	1016
9170	4	1018	1	7	0	1030
9171	3	13	1	1012	0	1029
9172	2	5	0	1029	0	1036
9173	2	4	1011	13	0	1030
9174	993	1	12	4	0	1010
9175	989	3	2	3	0	997
9176	15	2	1007	4	0	1028
9177	6	2	1004	3	0	1015
9178	3	2	12	1027	0	1044
9179	1	2	4	1039	0	1046
9180	3	1030	1	11	0	1045
9181	1	11	4	1049	0	1065
9182	3	4	1041	12	0	1060
9183	1	3	10	1035	0	1049
9184	3	4	3	1041	0	1051
9185	1026	3	2	18	0	1049
9186	13	1	1018	8	0	1040
9187	987	3	13	7	0	1010
9188	12	1	995	6	0	1014
9189	5	2	12	958	0	977
9190	4	0	956	16	0	976
9191	4	3	956	6	0	969
9192	4	6	14	934	0	958
9193	894	7	10	20	0	931
9194	884	2	5	10	0	901
9195	15	882	7	7	0	911
9196	871	15	3	6	0	895
9197	890	2	4	9	0	905
9198	15	879	7	4	0	905
9199	8	12	5	880	0	905
9200	3	5	10	892	0	910
9201	5	4	4	885	0	898
9202	2	4	5	890	0	901
9203	5	4	867	16	0	892
9204	858	2	14	9	0	883
9205	14	3	6	873	0	896
9206	4	3	7	872	0	886
9207	5	884	3	19	0	911
9208	5	12	1	897	0	915
9209	5	7	880	17	0	909
9210	865	5	17	8	0	895
9211	19	1	906	9	0	935
9212	6	7	15	899	0	927
9213	904	1	3	22	0	930
9214	14	936	5	8	0	963
9215	5	11	2	969	0	987
9216	5	4	969	17	0	995
9217	4	7	11	979	0	1001
9218	976	1	3	16	0	996
9219	17	3	968	8	0	996
9220	6	0	932	14	0	952
9221	3	935	13	8	0	959
9222	900	11	5	5	0	921
9223	13	863	7	2	0	885
9224	6	15	824	5	0	850
9225	5	4	769	7	0	785
9226	4	765	11	6	0	786
9227	647	7	10	1	0	665
9228	5	650	4	0	0	659
9229	4	5	1	647	0	657
9230	3	4	1	652	0	660
9231	3	2	647	7	0	659
9232	1	2	7	638	0	648
9233	1	2	657	6	0	666
9234	642	1	4	5	0	652
9235	657	3	4	1	0	665
9236	659	1	2	3	0	665
9237	8	1	645	2	0	656
9238	644	1	5	2	0	652
9239	8	1	3	641	0	653
9240	3	650	4	5	0	662
9241	656	5	1	6	0	668
9242	12	2	622	5	0	641
9243	643	0	6	4	0	653
9244	635	1	3	1	0	640
9245	7	1	632	3	0	643
9246	6	628	7	3	0	644
9247	4	13	3	624	0	644
9248	3	2	635	6	0	646
9249	1	3	613	4	0	621
9250	1	12	7	516	0	536
9251	5	0	523	5	0	533
9252	1	2	7	502	0	512
9253	2	1	4	481	0	488
9254	2	1	1	508	0	512
9255	2	1	500	6	0	509
9256	1	2	3	509	0	515
9257	0	0	515	8	0	523
9258	1	0	8	515	0	524
9259	525	2	2	9	0	538
9260	6	0	1	531	0	538
9261	2	551	4	5	0	562
9262	2	5	2	589	0	598
9263	594	1	1	11	0	607
9264	9	601	2	2	0	614
9265	4	10	0	607	0	621
9266	602	3	4	11	0	620
9267	13	3	599	4	0	619
9268	4	3	12	604	0	623
9269	3	0	610	13	0	626
9270	4	1	604	2	0	611
9271	1	2	14	596	0	613
9272	596	0	5	11	0	612
9273	8	2	588	3	0	601
9274	586	2	8	5	0	601
9275	9	1	4	607	0	621
9276	5	0	612	7	0	624
9277	4	1	591	3	0	599
9278	4	1	587	3	0	595
9279	5	7	13	578	0	603
9280	579	2	8	8	0	597
9281	7	583	4	4	0	598
9282	3	6	5	581	0	595
9283	2	3	0	588	0	593
9284	589	2	2	10	0	603
9285	595	1	2	6	0	604
9286	11	589	1	4	0	605
9287	604	6	0	4	0	614
9288	602	4	1	1	0	608
9289	11	2	2	599	0	614
9290	6	1	598	9	0	614
9291	597	0	9	5	0	611
9292	9	0	3	607	0	619
9293	5	0	3	608	0	616
9294	602	2	2	8	0	614
9295	9	0	0	594	0	603
9296	5	0	0	599	0	604
9297	591	1	3	10	0	605
9298	8	605	0	6	0	619
9299	608	7	0	3	0	618
9300	9	3	623	1	0	636
9301	630	2	9	1	0	642
9302	8	1	4	628	0	641
9303	4	635	5	5	0	649
9304	3	6	1	650	0	660
9305	3	3	0	646	0	652
9306	0	2	1	652	0	655
9307	634	2	0	11	0	647
9308	5	621	0	9	0	635
9309	3	613	1	3	0	620
9310	606	9	1	2	0	618
9311	8	4	615	1	0	628
9312	5	2	601	0	0	608
9313	580	6	12	0	0	598
9314	8	0	571	2	0	581
9315	2	4	8	551	0	565
9316	3	0	3	517	0	523
9317	1	0	1	560	0	562
9318	1	1	1	554	0	557
9319	1	532	1	11	0	545
9320	1	5	0	559	0	565
9321	0	3	559	10	0	572
9322	1	1	9	564	0	575
9323	0	2	557	10	0	569
9324	0	0	560	3	0	563
9325	1	0	9	566	0	576
9326	5	0	558	8	0	571
9327	0	3	9	556	0	568
9328	557	0	2	9	0	568
9329	8	0	553	4	0	565
9330	545	0	11	1	0	557
9331	10	0	3	551	0	564
9332	2	1	545	8	0	556
9333	2	537	7	4	0	550
9334	2	5	2	560	0	569
9335	1	3	574	8	0	586
9336	0	1	9	577	0	587
9337	591	1	2	11	0	605
9338	597	0	1	4	0	602
9339	605	0	2	2	0	609
9340	15	1	1	597	0	614
9341	3	0	2	604	0	609
9342	2	0	1	618	0	621
9343	627	0	0	15	0	642
9344	10	637	2	6	0	655
9345	3	12	0	645	0	660
9346	2	2	1	681	0	686
9347	671	1	1	20	0	693
9348	18	682	0	4	0	704
9349	2	19	0	720	0	741
9350	725	2	1	20	0	748
9351	739	1	0	4	0	744
9352	20	1	0	729	0	750
9353	730	0	2	20	0	752
9354	21	1	1	728	0	751
9355	4	1	746	20	0	771
9356	4	0	18	748	0	770
9357	3	1	3	762	0	769
9358	1	0	1	771	0	773
9359	733	0	0	22	0	755
9360	17	724	1	7	0	749
9361	704	14	0	2	0	720
9362	16	681	0	2	0	699
9363	2	684	1	3	0	690
9364	672	17	0	2	0	691
9365	16	684	0	1	0	701
9366	2	16	0	687	0	705
9367	673	3	0	18	0	694
9368	699	1	0	1	0	701
9369	19	1	1	684	0	705
9370	1	1	0	689	0	691
9371	2	669	1	15	0	687
9372	695	15	1	2	0	713
9373	682	2	1	3	0	688
9374	17	698	1	3	0	719
9375	3	705	0	2	0	710
9376	3	16	0	699	0	718
9377	694	1	0	20	0	715
9378	20	2	0	695	0	717
9379	1	1	1	709	0	712
9380	1	1	689	23	0	714
9381	2	2	693	2	0	699
9382	2	1	18	683	0	704
9383	1	3	677	20	0	701
9384	0	680	18	3	0	701
9385	5	20	1	670	0	696
9386	3	2	0	703	0	708
9387	1	2	1	707	0	711
9388	1	1	690	22	0	714
9389	2	3	684	2	0	691
9390	674	0	18	5	0	697
9391	23	690	1	2	0	716
9392	688	23	2	1	0	714
9393	19	1	1	692	0	713
9394	698	0	0	25	0	723
9395	21	3	1	698	0	723
9396	2	710	1	20	0	733
9397	713	19	1	4	0	737
9398	22	1	696	1	0	720
9399	1	691	18	2	0	712
9400	677	20	1	2	0	700
9401	23	0	0	671	0	694
9402	2	664	1	19	0	686
9403	0	18	1	684	0	703
9404	685	1	1	23	0	710
9405	24	0	1	685	0	710
9406	685	2	1	24	0	712
9407	23	2	672	3	0	700
9408	2	3	20	676	0	701
9409	680	0	0	26	0	706
9410	24	3	670	1	0	698
9411	0	642	22	5	0	669
9412	4	18	1	633	0	656
9413	2	1	639	23	0	665
9414	2	2	656	2	0	662
9415	1	8	20	637	0	666
9416	4	0	633	21	0	658
9417	1	1	643	2	0	647
9418	2	1	20	619	0	642
9419	617	1	1	22	0	641
9420	19	3	1	615	0	638
9421	2	0	3	623	0	628
9422	0	1	627	19	0	647
9423	3	2	20	639	0	664
9424	647	2	1	23	0	673
9425	22	1	643	2	0	668
9426	1	649	22	2	0	674
9427	3	18	0	664	0	685
9428	669	1	1	23	0	694
9429	21	1	2	664	0	688
9430	4	664	1	20	0	689
9431	1	17	689	3	0	710
9432	2	1	19	720	0	742
9433	747	1	1	23	0	772
9434	26	2	734	0	0	762
9435	2	2	25	769	0	798
9436	795	1	1	31	0	828
9437	862	1	2	2	0	867
9438	33	855	2	2	0	892
9439	848	28	1	3	0	880
9440	31	4	2	857	0	894
9441	5	0	859	33	0	897
9442	1	828	32	7	0	868
9443	4	860	5	3	0	872
9444	6	32	3	825	0	866
9445	3	5	2	853	0	863
9446	2	3	797	25	0	827
9447	3	780	25	7	0	815
9448	3	793	4	4	0	804
9449	1	33	4	744	0	782
9450	739	6	2	21	0	768
9451	21	734	0	6	0	761
9452	2	20	1	744	0	767
9453	759	2	4	22	0	787
9454	22	4	0	757	0	783
9455	3	5	1	753	0	762
9456	4	0	0	767	0	771
9457	4	1	0	760	0	765
9458	737	2	3	24	0	766
9459	21	3	0	744	0	768
9460	4	3	723	24	0	754
9461	706	0	21	7	0	734
9462	22	2	720	7	0	751
9463	2	3	751	3	0	759
9464	2	4	23	750	0	779
9465	4	1	5	762	0	772
9466	2	3	1	768	0	774
9467	743	1	3	24	0	771
9468	23	2	728	7	0	760
9469	732	0	20	5	0	757
9470	762	1	4	2	0	769
9471	22	2	751	7	0	782
9472	735	0	21	7	0	763
9473	24	1	746	5	0	776
9474	5	751	18	3	0	777
9475	4	22	5	748	0	779
9476	3	2	3	775	0	783
9477	4	2	2	766	0	774
9478	1	1	4	766	0	772
9479	2	0	756	23	0	781
9480	2	0	754	7	0	763
9481	2	2	21	754	0	779
9482	1	1	752	20	0	774
9483	722	1	17	7	0	747
9484	765	0	4	6	0	775
9485	21	0	3	754	0	778
9486	747	1	3	16	0	767
9487	19	748	4	4	0	775
9488	746	16	2	4	0	768
9489	18	4	744	3	0	769
9490	6	2	18	741	0	767
9491	5	748	3	17	0	773
9492	754	18	3	9	0	784
9493	19	4	0	766	0	789
9494	4	3	753	21	0	781
9495	3	1	20	745	0	769
9496	750	1	6	20	0	777
9497	17	2	743	9	0	771
9498	6	2	17	745	0	770
9499	7	0	5	760	0	772
9500	2	3	742	25	0	772
9501	5	717	18	9	0	749
9502	4	617	5	10	0	636
9503	5	17	4	735	0	761
9504	2	5	6	764	0	777
9505	5	5	1	772	0	783
9506	753	4	3	25	0	785
9507	763	1	3	10	0	777
9508	18	3	5	758	0	784
9509	756	6	2	17	0	781
9510	16	751	1	10	0	778
9511	8	13	2	769	0	792
9512	3	4	3	783	0	793
9513	5	3	3	784	0	795
9514	733	1	2	25	0	761
9515	17	722	3	10	0	752
9516	7	15	2	741	0	765
9517	730	8	4	18	0	760
9518	13	5	0	742	0	760
9519	6	1	1	748	0	756
9520	2	708	1	26	0	737
9521	6	738	0	11	0	755
9522	2	18	5	720	0	745
9523	7	6	1	721	0	735
9524	693	2	4	20	0	719
9525	14	1	2	685	0	702
9526	5	2	674	21	0	702
9527	2	3	14	671	0	690
9528	4	661	4	19	0	688
9529	679	14	4	7	0	704
9530	15	5	3	684	0	707
9531	7	4	1	662	0	674
9532	6	635	1	21	0	663
9533	610	8	5	9	0	632
9534	12	622	0	11	0	645
9535	4	11	1	599	0	615
9536	1	6	598	8	0	613
9537	8	13	11	515	0	547
9538	525	1	3	8	0	537
9539	5	532	2	5	0	544
9540	4	5	2	530	0	541
9541	2	516	1	7	0	526
9542	3	5	1	529	0	538
9543	3	4	525	8	0	540
9544	1	1	5	521	0	528
9545	2	2	2	530	0	536
9546	1	0	1	537	0	539
9547	524	0	2	9	0	535
9548	528	1	0	5	0	534
9549	8	519	0	2	0	529
9550	531	5	0	2	0	538
9551	6	526	1	1	0	534
9552	2	539	1	2	0	544
9553	524	7	1	1	0	533
9554	7	2	518	0	0	527
9555	4	1	5	506	0	516
9556	0	1	2	524	0	527
9557	1	1	1	531	0	534
9558	521	1	2	8	0	532
9559	3	509	0	6	0	518
9560	2	6	0	532	0	540
9561	0	522	0	7	0	529
9562	550	3	1	4	0	558
9563	8	3	0	537	0	548
9564	4	1	0	644	0	649
9565	2	723	0	16	0	741
9566	2	15	0	772	0	789
9567	1	3	0	789	0	793
9568	766	5	0	23	0	794
9569	16	748	0	12	0	776
9570	5	769	1	5	0	780
9571	2	18	0	757	0	777
9572	4	8	736	16	0	764
9573	0	5	742	8	0	755
9574	4	4	20	732	0	760
9575	1	3	731	16	0	751
9576	0	1	15	724	0	740
9577	0	1	5	710	0	716
9578	1	0	3	749	0	753
9579	725	1	3	22	0	751
9580	15	1	0	738	0	754
9581	4	0	0	742	0	746
9582	2	735	1	25	0	763
9583	3	17	1	764	0	785
9584	2	3	744	22	0	771
9585	1	3	17	756	0	777
9586	1	2	4	784	0	791
9587	748	2	2	25	0	777
9588	18	3	2	753	0	776
9589	7	0	0	763	0	770
9590	3	0	3	764	0	770
9591	724	1	0	28	0	753
9592	19	728	0	11	0	758
9593	3	18	0	739	0	760
9594	4	4	2	750	0	760
9595	1	4	725	25	0	755
9596	1	1	17	719	0	738
9597	700	2	5	22	0	729
9598	19	713	2	9	0	743
9599	4	18	1	711	0	734
9600	2	3	0	722	0	727
9601	1	3	693	23	0	720
9602	680	2	17	9	0	708
9603	17	696	3	7	0	723
9604	694	19	2	3	0	718
9605	20	3	0	703	0	726
9606	5	2	1	721	0	729
9607	4	3	2	723	0	732
9608	1	1	0	729	0	731
9609	706	1	1	25	0	733
9610	17	0	1	685	0	703
9611	3	680	1	23	0	707
9612	4	16	0	695	0	715
9613	2	5	1	716	0	724
9614	696	2	0	25	0	723
9615	19	691	0	9	0	719
9616	4	18	1	715	0	738
9617	708	4	1	19	0	732
9618	720	2	1	7	0	730
9619	23	0	0	718	0	741
9620	6	3	706	19	0	734
9621	717	0	17	7	0	741
9622	18	0	3	732	0	753
9623	5	0	747	22	0	774
9624	6	1	18	760	0	785
9625	2	3	4	773	0	782
9626	1	1	2	783	0	787
9627	1	789	1	27	0	818
9628	1	19	1	795	0	816
9629	2	2	2	817	0	823
9630	0	4	2	817	0	823
9631	3	1	0	816	0	820
9632	1	1	0	818	0	820
9633	1	2	2	816	0	821
9634	755	1	0	27	0	783
9635	17	1	729	9	0	756
9636	5	706	13	4	0	728
9637	721	17	3	4	0	745
9638	15	723	3	4	0	745
9639	709	16	4	3	0	732
9640	20	5	1	710	0	736
9641	724	3	2	20	0	749
9642	19	2	1	731	0	753
9643	5	0	0	719	0	724
9644	3	721	0	20	0	744
9645	728	15	2	8	0	753
9646	15	4	750	7	0	776
9647	6	3	14	770	0	793
9648	2	2	774	18	0	796
9649	2	2	759	5	0	768
9650	777	1	19	7	0	804
9651	19	1	5	784	0	809
9652	6	0	780	19	0	805
9653	2	3	799	6	0	810
9654	1	1	20	792	0	814
9655	2	0	6	815	0	823
9656	816	0	3	20	0	839
9657	18	0	1	818	0	837
9658	4	3	857	19	0	883
9659	4	1	16	866	0	887
9660	2	3	3	888	0	896
9661	2	897	5	17	0	921
9662	887	11	3	7	0	908
9663	13	872	1	5	0	891
9664	775	4	0	0	0	779
9665	4	666	0	0	0	670
9666	1	649	1	0	0	651
9667	2	4	3	647	0	656
9668	0	0	0	643	0	643
9669	0	0	1	640	0	641
9670	628	0	0	4	0	632
9671	4	0	633	0	0	637
9672	0	0	4	630	0	634
9673	623	1	0	4	0	628
9674	4	609	0	1	0	614
9675	1	624	0	0	0	625
9676	2	5	0	639	0	646
9677	0	0	0	654	0	654
9678	0	0	1	659	0	660
9679	1	673	0	5	0	679
9680	0	4	0	674	0	678
9681	1	0	671	4	0	676
9682	0	1	633	2	0	636
9683	644	0	2	1	0	647
9684	2	0	0	666	0	668
9685	679	1	0	2	0	682
9686	672	1	0	0	0	673
9687	2	678	0	1	0	681
9688	689	2	0	1	0	692
9689	712	0	0	1	0	713
9690	1	1	0	722	0	724
9691	0	1	0	730	0	731
9692	1	1	750	3	0	755
9693	0	761	1	3	0	765
9694	2	3	0	713	0	718
9695	3	0	0	778	0	781
9696	783	1	1	1	0	786
9697	2	0	0	789	0	791
9698	806	0	0	3	0	809
9699	3	0	0	825	0	828
9700	0	835	0	3	0	838
9701	862	4	0	2	0	868
9702	3	0	0	943	0	946
9703	1	0	0	1017	0	1018
9704	0	1	1	1066	0	1068
9705	1	0	1059	17	0	1077
9706	0	0	13	1063	0	1076
9707	1087	0	3	19	0	1109
9708	17	0	3	1141	0	1161
9709	1	0	2	1307	0	1310
9710	5	0	0	1321	0	1326
9711	3	1301	1	24	0	1329
9712	0	1359	0	11	0	1370
9713	1347	27	0	11	0	1385
9714	26	1361	0	6	0	1393
9715	1363	30	2	5	0	1400
9716	1392	5	1	4	0	1402
9717	1398	5	1	2	0	1406
9718	31	5	1378	2	0	1416
9719	10	1384	24	4	0	1422
9720	1430	25	4	4	0	1463
9721	28	5	4	1427	0	1464
9722	4	6	2	1439	0	1451
9723	9	4	0	1426	0	1439
9724	2	1380	2	32	0	1416
9725	2	28	0	1399	0	1429
9726	1410	4	0	30	0	1444
9727	27	6	0	1381	0	1414
9728	7	2	1	1399	0	1409
9729	7	4	1370	32	0	1413
9730	9	3	1411	7	0	1430
9731	4	1	29	1440	0	1474
9732	3	4	7	1459	0	1473
9733	5	1436	7	30	0	1478
9734	4	26	3	1463	0	1496
9735	3	4	1	1489	0	1497
9736	4	5	3	1495	0	1507
9737	1460	7	0	37	0	1504
9738	28	2	1476	18	0	1524
9739	5	4	25	1509	0	1543
9740	1516	0	5	34	0	1555
9741	1532	1	5	12	0	1550
9742	29	2	4	1505	0	1540
9743	11	3	3	1514	0	1531
9744	1481	5	3	30	0	1519
9745	28	1467	1	16	0	1512
9746	8	1466	0	14	0	1488
9747	11	27	1	1466	0	1505
9748	1477	6	7	31	0	1521
9749	1493	8	3	14	0	1518
9750	1496	5	1	14	0	1516
9751	35	2	1502	7	0	1546
9752	1448	3	24	11	0	1486
9753	33	1	1475	12	0	1521
9754	1462	1	26	8	0	1497
9755	31	1467	8	11	0	1517
9756	10	25	1480	11	0	1526
9757	10	6	27	1487	0	1530
9758	11	7	1487	33	0	1538
9759	8	6	29	1460	0	1503
9760	1454	3	7	40	0	1504
9761	28	4	1463	16	0	1511
9762	10	4	27	1458	0	1499
9763	14	1554	7	31	0	1606
9764	17	27	8	1584	0	1636
9765	10	8	4	1605	0	1627
9766	8	9	8	1556	0	1581
9767	1586	4	5	37	0	1632
9768	1599	4	6	16	0	1625
9769	32	3	6	1592	0	1633
9770	15	3	1563	37	0	1618
9771	13	5	1564	10	0	1592
9772	8	2	28	1614	0	1652
9773	6	6	1650	38	0	1700
9774	8	3	34	1657	0	1702
9775	6	5	7	1643	0	1661
9776	2	5	9	1680	0	1696
9777	8	1607	6	45	0	1666
9778	9	1618	2	19	0	1648
9779	5	27	5	1684	0	1721
9780	7	8	5	1695	0	1715
9781	7	11	6	1682	0	1706
9782	1661	4	4	43	0	1712
9783	30	6	1703	20	0	1759
9784	9	3	29	1713	0	1754
9785	1711	3	7	39	0	1760
9786	32	1708	10	17	0	1767
9787	9	20	7	1773	0	1809
9788	14	8	4	1785	0	1811
9789	7	6	7	1769	0	1789
9790	6	6	5	1777	0	1794
9791	5	4	1735	46	0	1790
9792	1648	4	25	23	0	1700
9793	1732	5	5	20	0	1762
9794	29	4	1727	20	0	1780
9795	1711	4	26	16	0	1757
9796	1795	6	7	12	0	1820
9797	33	7	1794	12	0	1846
9798	18	1837	27	12	0	1894
9799	19	27	9	1854	0	1909
9800	11	6	1921	31	0	1969
9801	10	1865	28	12	0	1915
9802	12	16	1791	10	0	1829
9803	2	1738	20	11	0	1771
9804	3	14	12	1697	0	1726
9805	7	3	1708	17	0	1735
9806	6	3	13	1678	0	1700
9807	5	2	1730	12	0	1749
9808	1	1683	15	8	0	1707
9809	1547	2	5	3	0	1557
9810	3	1529	0	2	0	1534
9811	0	1587	2	1	0	1590
9812	4	7	3	1581	0	1595
9813	1	0	0	1605	0	1606
9814	0	0	0	1595	0	1595
9815	0	0	0	1560	0	1560
9816	0	0	1	1593	0	1594
9817	1	0	1689	1	0	1691
9818	0	0	1	1670	0	1671
9819	0	0	0	1718	0	1718
9820	1731	0	0	4	0	1735
9821	1753	0	0	2	0	1755
9822	1782	0	1	3	0	1786
9823	3	0	0	1787	0	1790
9824	1979	0	0	8	0	1987
9825	2135	0	0	1	0	2136
9826	2161	0	0	1	0	2162
9827	18	1	2171	0	0	2190
9828	2148	0	14	2	0	2164
9829	2270	0	2	2	0	2274
9830	2229	0	1	1	0	2231
9831	18	0	0	2217	0	2235
9832	3	1	2246	14	0	2264
9833	2	0	12	2227	0	2241
9834	2291	0	2	16	0	2309
9835	15	0	1	2334	0	2350
9836	2	2416	0	15	0	2433
9837	1	13	1	2469	0	2484
9838	2440	2	0	18	0	2460
9839	2460	1	2	3	0	2466
9840	2447	0	0	1	0	2448
9841	16	1	2546	0	0	2563
9842	3	0	13	2521	0	2537
9843	3	0	3	2605	0	2611
9844	2	1	2603	17	0	2623
9845	1	2572	14	2	0	2589
9846	0	13	2593	3	0	2609
9847	1	2	16	2628	0	2647
9848	2637	1	2	18	0	2658
9849	17	0	2729	4	0	2750
9850	3	1	14	2726	0	2744
9851	1	0	2727	18	0	2746
9852	2715	1	19	4	0	2739
9853	18	1	2	2761	0	2782
9854	3	0	2856	19	0	2878
9855	5	2	18	2836	0	2861
9856	2	4	2875	27	0	2908
9857	2	2895	20	8	0	2925
9858	3	18	4	2900	0	2925
9859	2922	3	6	22	0	2953
9860	20	1	2	2923	0	2946
9861	7	0	2	2883	0	2892
9862	2877	0	0	22	0	2899
9863	21	2718	2	6	0	2747
9864	8	2810	0	4	0	2822
9865	5	21	2	2825	0	2853
9866	4	2823	1	19	0	2847
9867	3	19	0	2863	0	2885
9868	4	4	3	2867	0	2878
9869	2877	3	0	27	0	2907
9870	21	2837	2	8	0	2868
9871	5	22	2821	4	0	2852
9872	2	2904	15	4	0	2925
9873	2892	21	4	3	0	2920
9874	2953	3	2	2	0	2960
9875	24	2	1	2912	0	2939
9876	2967	1	1	26	0	2995
9877	28	2	2	2954	0	2986
9878	2971	1	0	29	0	3001
9879	3029	1	1	6	0	3037
9880	27	0	2	3118	0	3147
9881	3133	0	1	25	0	3159
9882	29	0	3144	6	0	3179
9883	3071	0	22	8	0	3101
9884	27	1	6	3135	0	3169
9885	3157	1	4	28	0	3190
9886	27	3159	2	9	0	3197
9887	6	22	4	3160	0	3192
9888	6	3	2	3173	0	3184
9889	3153	1	3	31	0	3188
9890	27	2	3162	9	0	3200
9891	6	3152	22	11	0	3191
9892	10	25	5	3171	0	3211
9893	9	3174	0	24	0	3207
9894	5	24	3	3214	0	3246
9895	8	4	3	3155	0	3170
9896	4	3	5	3185	0	3197
9897	3144	3	1	32	0	3180
9898	24	4	1	3081	0	3110
9899	3108	4	1	32	0	3145
9900	3082	5	1	8	0	3096
9901	26	1	2	3100	0	3129
9902	3103	1	1	28	0	3133
9903	3093	1	2	10	0	3106
9904	29	3	3090	5	0	3127
9905	8	4	23	3011	0	3046
9906	3077	4	5	30	0	3116
9907	26	3063	4	9	0	3102
9908	3100	23	2	10	0	3135
9909	3118	5	7	7	0	3137
9910	29	3	3048	8	0	3088
9911	7	2	25	2971	0	3005
9912	3130	1	7	30	0	3168
9913	31	2	2	3162	0	3197
9914	14	0	4	3222	0	3240
9915	6	1	2	3269	0	3278
9916	7	0	3	3393	0	3403
9917	3360	3	3	44	0	3410
9918	40	1	3454	13	0	3508
9919	18	9	37	3533	0	3597
9920	5	4	3864	46	0	3919
9921	8	2	4067	20	0	4097
9922	4087	3	107	11	0	4208
9923	86	1	4406	7	0	4500
9924	39	4240	99	7	0	4385
9925	4247	88	55	6	0	4396
9926	4313	37	24	5	0	4379
9927	120	14	11	4223	0	4368
9928	61	3	4273	80	0	4417
9929	23	6	4219	42	0	4290
9930	4295	5	120	17	0	4437
9931	101	5	57	4353	0	4516
9932	4383	5	17	95	0	4500
9933	105	4440	15	47	0	4607
9934	4474	85	16	22	0	4597
9935	4475	40	13	11	0	4539
9936	131	4388	12	10	0	4541
9937	64	87	10	4397	0	4558
9938	4404	49	7	96	0	4556
9939	106	23	4395	47	0	4571
9940	63	4457	88	18	0	4626
9941	30	98	45	4435	0	4608
9942	4465	47	17	99	0	4628
9943	102	4496	11	53	0	4662
9944	4570	99	11	24	0	4704
9945	116	49	4503	16	0	4684
9946	4496	22	95	17	0	4630
9947	118	14	4557	17	0	4706
9948	4509	13	106	8	0	4636
9949	4440	13	53	11	0	4517
9950	157	9	4393	5	0	4564
9951	74	4374	99	11	0	4558
9952	44	94	57	4294	0	4489
9953	28	43	4429	92	0	4592
9954	32	4341	98	46	0	4517
9955	22	97	53	4266	0	4438
9956	25	51	22	4396	0	4494
9957	20	25	4288	140	0	4473
9958	23	14	104	4247	0	4388
9959	14	15	57	4354	0	4440
9960	15	13	4305	148	0	4481
9961	12	8	113	4217	0	4350
9962	18	4272	58	119	0	4467
9963	4324	94	30	66	0	4514
9964	102	50	26	4247	0	4425
9965	57	4341	24	105	0	4527
9966	36	101	26	4137	0	4300
9967	28	4418	27	106	0	4579
9968	32	113	4345	52	0	4542
9969	27	4423	103	40	0	4593
9970	4377	124	58	28	0	4587
9971	4410	57	34	29	0	4530
9972	4466	36	23	34	0	4559
9973	155	26	4435	26	0	4642
9974	78	23	4413	18	0	4532
9975	49	4572	156	23	0	4800
9976	49	121	69	4413	0	4652
9977	45	4705	35	103	0	4888
9978	57	130	26	4262	0	4475
9979	35	4662	31	111	0	4839
9980	4624	138	27	58	0	4847
9981	4978	77	22	30	0	5107
9982	175	47	20	5092	0	5334
9983	103	35	5038	142	0	5318
9984	5019	31	131	86	0	5267
9985	156	5114	77	39	0	5386
9986	95	139	39	5048	0	5321
9987	55	77	34	5031	0	5197
9988	52	5173	25	182	0	5432
9989	5212	154	24	92	0	5482
9990	161	81	5146	47	0	5435
9991	96	46	138	5157	0	5437
9992	5170	35	76	151	0	5432
9993	5203	34	47	75	0	5359
9994	219	5133	27	46	0	5425
9995	120	137	28	5057	0	5342
9996	61	5250	30	142	0	5483
9997	5330	158	27	79	0	5594
9998	159	79	5323	49	0	5610
9999	90	57	5343	39	0	5529
10000	58	40	189	5235	0	5522
10001	38	32	90	5240	0	5400
10002	36	5265	58	193	0	5552
10003	35	139	54	5328	0	5556
10004	31	79	5240	180	0	5530
10005	5219	40	139	111	0	5509
10006	139	31	82	5309	0	5561
10007	78	35	5233	172	0	5518
10008	40	39	149	5276	0	5504
10009	40	24	81	5192	0	5337
10010	28	5249	48	205	0	5530
10011	38	137	33	5254	0	5462
10012	30	84	32	5233	0	5379
10013	32	45	35	5268	0	5380
10014	4923	40	27	232	0	5222
10015	131	4831	23	127	0	5112
10016	79	4888	20	77	0	5064
10017	4723	158	19	53	0	4953
10018	4644	85	23	39	0	4791
10019	179	4399	24	42	0	4644
10020	64	4173	17	26	0	4280
10021	3706	88	17	23	0	3834
10022	78	3653	6	18	0	3755
10023	33	3540	8	15	0	3596
10024	3437	91	37	10	0	3575
10025	59	3448	6	19	0	3532
10026	3407	70	16	11	0	3504
10027	3379	35	4	11	0	3429
10028	3395	25	4	10	0	3434
10029	86	3349	6	14	0	3455
10030	48	3340	6	9	0	3403
10031	33	85	3	3227	0	3348
10032	27	3281	2	46	0	3356
10033	14	72	7	3339	0	3432
10034	3339	44	8	66	0	3457
10035	68	26	5	3297	0	3396
10036	35	3251	7	75	0	3368
10037	3216	67	7	39	0	3329
10038	74	3178	0	25	0	3277
10039	38	3263	5	19	0	3325
10040	34	117	8	3077	0	3236
10041	18	3118	11	58	0	3205
10042	3086	75	6	30	0	3197
10043	61	36	3011	25	0	3133
10044	33	2997	57	20	0	3107
10045	23	67	28	2982	0	3100
10046	24	35	2973	56	0	3088
10047	15	24	58	2953	0	3050
10048	6	21	25	2992	0	3044
10049	13	13	17	3027	0	3070
10050	17	12	13	3004	0	3046
10051	12	11	2917	98	0	3038
10052	11	2909	56	59	0	3035
10053	2875	61	30	34	0	3000
10054	61	36	2869	26	0	2992
10055	2847	21	60	20	0	2948
10056	69	23	2903	21	0	3016
10057	40	17	65	2903	0	3025
10058	24	11	2897	62	0	2994
10059	15	16	2934	40	0	3005
10060	10	10	86	2879	0	2985
10061	20	7	49	2812	0	2888
10062	15	13	23	2967	0	3018
10063	8	15	12	2943	0	2978
10064	2884	16	12	100	0	3012
10065	62	11	2838	59	0	2970
10066	2869	13	58	37	0	2977
10067	2874	16	31	23	0	2944
10068	2884	12	22	18	0	2936
10069	2877	13	7	26	0	2923
10070	2887	18	10	19	0	2934
10071	113	15	7	2798	0	2933
10072	63	15	2701	61	0	2840
10073	31	17	2618	34	0	2700
10074	25	2625	63	32	0	2745
10075	2450	47	43	19	0	2559
10076	49	49	26	2390	0	2514
10077	34	50	5	2354	0	2443
10078	30	2308	5	89	0	2432
10079	20	2302	6	35	0	2363
10080	18	2284	6	18	0	2326
10081	1934	71	17	10	0	2032
10082	45	57	5	1656	0	1763
10083	14	1621	6	26	0	1667
10084	11	25	4	1623	0	1663
10085	3	9	1629	29	0	1670
10086	5	9	1659	13	0	1686
10087	7	13	34	1795	0	1849
10088	1878	7	23	35	0	1943
10089	2000	4	4	16	0	2024
10090	2001	5	1	18	0	2025
10091	44	11	1999	8	0	2062
10092	18	6	34	1997	0	2055
10093	15	5	15	2055	0	2090
10094	4	8	2014	47	0	2073
10095	1919	5	33	20	0	1977
10096	44	3	2019	12	0	2078
10097	19	6	1947	3	0	1975
10098	9	4	1972	2	0	1987
10099	5	6	46	1905	0	1962
10100	4	6	14	1965	0	1989
10101	10	0	1974	48	0	2032
10102	7	1	39	1979	0	2026
10103	2005	6	11	45	0	2067
10104	39	0	7	2038	0	2084
10105	9	3	2068	47	0	2127
10106	8	2	2174	18	0	2202
10107	8	6	47	2125	0	2186
10108	2240	1	13	48	0	2302
10109	46	2362	9	17	0	2434
10110	2439	50	6	10	0	2505
10111	2492	18	7	13	0	2530
10112	73	8	2472	8	0	2561
10113	27	6	63	2463	0	2559
10114	2514	2	25	60	0	2601
10115	2510	2	15	24	0	2551
10116	70	2481	7	21	0	2579
10117	31	48	12	2495	0	2586
10118	15	14	11	2561	0	2601
10119	8	6	2508	75	0	2597
10120	7	5	56	2489	0	2557
10121	15	2	2485	69	0	2571
10122	15	0	2491	33	0	2539
10123	13	6	70	2441	0	2530
10124	2433	0	27	68	0	2528
10125	63	2376	17	26	0	2482
10126	2392	49	17	13	0	2471
10127	2426	17	7	17	0	2467
10128	82	2407	11	4	0	2504
10129	32	56	8	2344	0	2440
10130	2331	15	3	52	0	2401
10131	60	2310	8	20	0	2398
10132	2291	48	8	15	0	2362
10133	54	2225	12	12	0	2303
10134	18	44	7	2176	0	2245
10135	11	18	3	2217	0	2249
10136	2159	8	7	59	0	2233
10137	2154	6	4	23	0	2187
10138	58	2165	7	16	0	2246
10139	28	37	2119	10	0	2194
10140	13	15	2110	10	0	2148
10141	7	8	51	2066	0	2132
10142	4	2117	19	50	0	2190
10143	10	36	13	2161	0	2220
10144	11	13	10	2163	0	2197
10145	11	9	10	2167	0	2197
10146	11	6	2155	54	0	2226
10147	7	2	2118	27	0	2154
10148	8	2171	49	18	0	2246
10149	13	38	19	2184	0	2254
10150	13	15	11	2251	0	2290
10151	13	13	2200	50	0	2276
10152	2085	12	40	25	0	2162
10153	48	8	15	2223	0	2294
10154	24	6	2228	44	0	2302
10155	2164	6	46	24	0	2240
10156	46	2193	18	27	0	2284
10157	25	39	2274	18	0	2356
10158	16	21	42	2275	0	2354
10159	2288	13	17	49	0	2367
10160	45	14	2292	33	0	2384
10161	22	4	53	2308	0	2387
10162	12	6	26	2356	0	2400
10163	12	8	13	2502	0	2535
10164	2532	3	14	69	0	2618
10165	49	2492	13	23	0	2577
10166	19	50	16	2527	0	2612
10167	20	15	2580	58	0	2673
10168	17	16	39	2527	0	2599
10169	10	2506	18	52	0	2586
10170	13	2649	9	35	0	2706
10171	2655	54	12	13	0	2734
10172	2682	22	10	27	0	2741
10173	59	16	2642	22	0	2739
10174	2597	15	53	14	0	2679
10175	62	2638	21	16	0	2737
10176	2665	53	15	17	0	2750
10177	53	20	15	2660	0	2748
10178	31	9	2676	59	0	2775
10179	24	11	49	2670	0	2754
10180	20	7	2697	58	0	2782
10181	2656	12	51	30	0	2749
10182	48	12	28	2708	0	2796
10183	26	2775	12	57	0	2870
10184	20	45	15	2813	0	2893
10185	13	26	2791	62	0	2892
10186	14	2729	44	32	0	2819
10187	2621	44	23	18	0	2706
10188	36	2487	9	26	0	2558
10189	16	2434	17	14	0	2481
10190	20	50	9	2364	0	2443
10191	11	2403	6	36	0	2456
10192	14	49	6	2434	0	2503
10193	12	27	2401	47	0	2487
10194	2288	14	33	24	0	2359
10195	2403	12	19	13	0	2447
10196	55	9	2381	11	0	2456
10197	2333	10	34	9	0	2386
10198	43	2349	18	9	0	2419
10199	2381	33	12	9	0	2435
10200	40	17	12	2354	0	2423
10201	23	10	2369	36	0	2438
10202	13	2396	29	23	0	2461
10203	12	26	22	2396	0	2456
10204	7	15	12	2413	0	2447
10205	2336	8	8	41	0	2393
10206	2242	10	7	23	0	2282
10207	37	2198	8	19	0	2262
10208	20	2066	4	11	0	2101
10209	5	1996	4	2	0	2007
10210	13	19	8	1954	0	1994
10211	1927	9	9	13	0	1958
10212	1909	6	3	8	0	1926
10213	16	8	1	1901	0	1926
10214	4	4	3	1914	0	1925
10215	1923	4	3	16	0	1946
10216	14	2	1	1949	0	1966
10217	7	5	1961	12	0	1985
10218	1953	2	11	6	0	1972
10219	1988	5	4	4	0	2001
10220	15	7	2035	3	0	2060
10221	2064	4	8	4	0	2080
10222	19	4	3	2123	0	2149
10223	10	2	6	2111	0	2129
10224	4	4	3	2132	0	2143
10225	2105	2	4	19	0	2130
10226	11	2165	1	12	0	2189
10227	7	10	3	2181	0	2201
10228	8	2111	3	17	0	2139
10229	2135	12	2	6	0	2155
10230	17	7	5	2136	0	2165
10231	10	6	4	2157	0	2177
10232	8	2145	2	29	0	2184
10233	7	20	2122	10	0	2159
10234	13	5	11	2169	0	2198
10235	2174	7	4	21	0	2206
10236	2365	4	7	12	0	2388
10237	31	3	2532	9	0	2575
10238	13	4	28	2585	0	2630
10239	10	2621	11	29	0	2671
10240	8	28	7	2698	0	2741
10241	2659	12	5	36	0	2712
10242	2663	6	4	20	0	2693
10243	41	5	11	2644	0	2701
10244	22	2619	5	32	0	2678
10245	2746	34	2	19	0	2801
10246	38	13	2	2816	0	2869
10247	2813	9	2	37	0	2861
10248	2950	3	9	21	0	2983
10249	40	10	2	2933	0	2985
10250	17	9	5	2960	0	2991
10251	15	5	4	3020	0	3044
10252	12	2995	3	52	0	3062
10253	16	33	2	3060	0	3111
10254	10	19	2	3041	0	3072
10255	13	14	2962	53	0	3042
10256	8	7	2900	28	0	2943
10257	13	6	45	2907	0	2971
10258	2902	6	16	43	0	2967
10259	45	2876	12	26	0	2959
10260	2844	37	6	21	0	2908
10261	46	15	2861	16	0	2938
10262	18	16	2767	17	0	2818
10263	14	2794	39	16	0	2863
10264	15	43	28	2759	0	2845
10265	8	13	2747	42	0	2810
10266	6	6	2766	18	0	2796
10267	5	7	47	2735	0	2794
10268	2746	3	18	44	0	2811
10269	2748	5	7	19	0	2779
10270	46	6	6	2709	0	2767
10271	19	4	2809	35	0	2867
10272	15	1	38	2826	0	2880
10273	11	4	17	2805	0	2837
10274	5	2825	10	40	0	2880
10275	2840	31	5	21	0	2897
10276	2844	13	12	11	0	2880
10277	44	2835	11	12	0	2902
10278	17	34	4	2751	0	2806
10279	12	2785	4	41	0	2842
10280	2798	39	6	15	0	2858
10281	38	12	2762	15	0	2827
10282	16	9	2651	13	0	2689
10283	13	3	2675	14	0	2705
10284	11	6	43	2665	0	2725
10285	7	6	17	2670	0	2700
10286	2664	4	12	44	0	2724
10287	33	4	6	2656	0	2699
10288	16	6	6	2703	0	2731
10289	9	7	2783	49	0	2848
10290	8	4	2692	28	0	2732
10291	2695	5	43	10	0	2753
10292	34	2750	21	7	0	2812
10293	2781	29	9	17	0	2836
10294	39	13	11	2772	0	2835
10295	15	7	10	2773	0	2805
10296	11	2720	8	47	0	2786
10297	6	31	8	2754	0	2799
10298	2708	12	7	42	0	2769
10299	36	8	6	2710	0	2760
10300	17	1	2726	46	0	2790
10301	13	2676	30	20	0	2739
10302	2639	34	13	15	0	2701
10303	2685	14	7	14	0	2720
10304	2691	7	7	13	0	2718
10305	2719	2	9	13	0	2743
10306	46	9	6	2658	0	2719
10307	20	9	6	2694	0	2729
10308	19	7	2670	48	0	2744
10309	12	4	28	2665	0	2709
10310	11	2	2643	45	0	2701
10311	9	7	33	2642	0	2691
10312	2637	1	15	45	0	2698
10313	35	2675	10	26	0	2746
10314	21	25	7	2720	0	2773
10315	22	14	10	2755	0	2801
10316	2724	11	6	48	0	2789
10317	2672	2	4	29	0	2707
10318	48	7	2653	15	0	2723
10319	21	2648	32	20	0	2721
10320	12	29	15	2638	0	2694
10321	6	14	9	2642	0	2671
10322	2594	7	6	48	0	2655
10323	2564	6	12	28	0	2610
10324	40	6	2609	21	0	2676
10325	20	6	2623	12	0	2661
10326	11	7	44	2525	0	2587
10327	22	4	16	2581	0	2623
10328	16	6	2569	42	0	2633
10329	2512	4	36	24	0	2576
10330	36	9	22	2600	0	2667
10331	2578	4	10	46	0	2638
10332	36	2518	6	31	0	2591
10333	2609	28	12	16	0	2665
10334	51	13	2750	13	0	2827
10335	20	2709	42	18	0	2789
10336	9	2616	17	10	0	2652
10337	2407	30	33	9	0	2479
10338	2342	5	2	6	0	2355
10339	29	1	4	2317	0	2351
10340	11	2297	8	20	0	2336
10341	6	2345	3	12	0	2366
10342	4	28	4	2373	0	2409
10343	2386	9	5	23	0	2423
10344	2444	5	2	11	0	2462
10345	29	2	2303	8	0	2342
10346	2236	5	15	2	0	2258
10347	23	2393	3	4	0	2423
10348	2448	25	2	4	0	2479
10349	37	2964	2	4	0	3007
10350	8	3325	1	3	0	3337
10351	11	95	7	3733	0	3846
10352	4084	34	6	105	0	4229
10353	4221	15	1	41	0	4278
10354	157	10	4078	17	0	4262
10355	63	10	111	4132	0	4316
10356	4149	3	44	128	0	4324
10357	157	3	16	4196	0	4372
10358	4224	3	24	128	0	4379
10359	4276	2	20	72	0	4370
10360	187	3	4173	35	0	4398
10361	84	5	109	4135	0	4333
10362	52	5	49	4227	0	4333
10363	47	2	17	4250	0	4316
10364	41	0	4073	175	0	4289
10365	18	0	128	4112	0	4258
10366	17	10	51	4011	0	4089
10367	12	3985	22	200	0	4219
10368	9	111	3937	92	0	4149
10369	10	4015	115	85	0	4225
10370	4009	121	52	51	0	4233
10371	127	73	24	3875	0	4099
10372	66	39	32	3793	0	3930
10373	29	3857	21	157	0	4064
10374	3850	126	11	78	0	4065
10375	3951	60	6	60	0	4077
10376	174	3749	12	58	0	3993
10377	72	3933	10	45	0	4060
10378	3902	168	9	27	0	4106
10379	162	67	3834	21	0	4084
10380	78	46	3844	23	0	3991
10381	3753	56	149	19	0	3977
10382	153	3850	65	16	0	4084
10383	3871	118	49	17	0	4055
10384	142	61	3814	23	0	4040
10385	3884	34	125	25	0	4068
10386	157	3944	51	22	0	4174
10387	98	133	28	3953	0	4212
10388	56	59	38	4031	0	4184
10389	60	28	27	3868	0	3983
10390	43	43	16	3962	0	4064
10391	21	28	15	3901	0	3965
10392	23	3795	15	232	0	4065
10393	3811	119	9	122	0	4061
10394	135	61	3785	78	0	4059
10395	63	31	115	3876	0	4085
10396	37	39	3861	150	0	4087
10397	52	28	140	3859	0	4079
10398	36	24	91	3950	0	4101
10399	3824	17	45	207	0	4093
10400	134	17	3795	103	0	4049
10401	68	3785	136	77	0	4066
10402	31	123	64	3840	0	4058
10403	44	62	28	3946	0	4080
10404	48	35	3826	177	0	4086
10405	29	48	137	3865	0	4079
10406	26	30	58	3999	0	4113
10407	3761	23	26	230	0	4040
10408	127	3814	48	110	0	4099
10409	3844	130	28	87	0	4089
10410	3942	56	17	78	0	4093
10411	207	35	10	3851	0	4103
10412	101	40	3782	141	0	4064
10413	64	33	3838	76	0	4011
10414	62	29	168	3756	0	4015
10415	46	18	74	3734	0	3872
10416	26	3744	65	188	0	4023
10417	3707	124	79	91	0	4001
10418	136	3682	40	77	0	3935
10419	66	3812	20	79	0	3977
10420	3749	203	19	52	0	4023
10421	169	86	14	3703	0	3972
10422	88	3857	14	153	0	4112
10423	53	167	11	3892	0	4123
10424	45	81	3800	163	0	4089
10425	36	33	3835	109	0	4013
10426	28	44	166	3816	0	4054
10427	26	33	3856	185	0	4100
10428	28	18	166	3852	0	4064
10429	31	17	96	3881	0	4025
10430	19	24	63	3975	0	4081
10431	3728	21	54	224	0	4027
10432	124	3638	41	126	0	3929
10433	64	3791	20	103	0	3978
10434	3566	159	16	88	0	3829
10435	3669	81	19	64	0	3833
10436	182	53	20	3544	0	3799
10437	81	62	3501	140	0	3784
10438	61	39	124	3581	0	3805
10439	62	28	3527	154	0	3771
10440	43	3493	126	108	0	3770
10441	31	120	81	3562	0	3794
10442	3511	56	47	167	0	3781
10443	129	35	48	3557	0	3769
10444	63	44	3423	151	0	3681
10445	3390	34	119	111	0	3654
10446	147	24	3449	68	0	3688
10447	103	16	3369	57	0	3545
10448	39	3142	161	49	0	3391
10449	37	2616	67	26	0	2746
10450	33	2340	58	22	0	2453
10451	1663	71	89	56	0	1879
10452	1476	7	7	6	0	1496
10453	10	3	1	1479	0	1493
10454	1	3	1	1502	0	1507
10455	3	1	2	1525	0	1531
10456	1	1531	4	12	0	1548
10457	1526	7	2	7	0	1542
10458	9	1521	1	4	0	1535
10459	0	10	1	1542	0	1553
10460	1507	2	0	10	0	1519
10461	9	4	1	1517	0	1531
10462	2	3	0	1547	0	1552
10463	1548	1	0	14	0	1563
10464	1533	2	0	5	0	1540
10465	11	2	1529	3	0	1545
10466	5	2	1512	4	0	1523
10467	3	0	1578	2	0	1583
10468	1	4	15	1571	0	1591
10469	3	1	4	1590	0	1598
10470	3	1580	5	11	0	1599
10471	1619	11	2	10	0	1642
10472	12	1	2	1645	0	1660
10473	5	2	1	1669	0	1677
10474	5	1667	1	19	0	1692
10475	2	1761	3	6	0	1772
10476	1	20	1	1808	0	1830
10477	4	5	4	2000	0	2013
10478	2008	3	2	29	0	2042
10479	2039	2	0	14	0	2055
10480	31	3	2	2016	0	2052
10481	14	4	2016	25	0	2059
10482	6	0	1988	13	0	2007
10483	2	3	32	2021	0	2058
10484	3	4	11	1959	0	1977
10485	7	1937	3	29	0	1976
10486	1890	22	1	17	0	1930
10487	22	12	5	1901	0	1940
10488	15	2	1912	23	0	1952
10489	3	2	21	1947	0	1973
10490	2	0	1945	27	0	1974
10491	3	4	1953	12	0	1972
10492	5	8	31	1968	0	2012
10493	1961	2	20	26	0	2009
10494	20	0	1963	14	0	1997
10495	11	1	20	1931	0	1963
10496	3	2	2015	20	0	2040
10497	1	0	23	2020	0	2044
10498	0	1	10	2020	0	2031
10499	4	0	2003	28	0	2035
10500	1	1	1949	16	0	1967
10501	2	3	32	1875	0	1912
10502	2	1	15	2001	0	2019
10503	2	1	3	2012	0	2018
10504	1	1	3	1990	0	1995
10505	1958	1	4	35	0	1998
10506	1953	2	4	15	0	1974
10507	31	1947	4	7	0	1989
10508	1978	19	1	7	0	2005
10509	23	9	3	2001	0	2036
10510	2002	3	4	23	0	2032
10511	23	2	1971	13	0	2009
10512	2002	0	22	7	0	2031
10513	23	3	11	2005	0	2042
10514	15	0	2	2063	0	2080
10515	2045	1	2	34	0	2082
10516	28	0	4	2190	0	2222
10517	9	1	2292	33	0	2335
10518	2315	1	32	15	0	2363
10519	26	2382	14	12	0	2434
10520	14	22	5	2504	0	2545
10521	8	11	2716	35	0	2770
10522	4	5	36	2692	0	2737
10523	5	2	2723	45	0	2775
10524	1	3	41	2735	0	2780
10525	3	2756	17	47	0	2823
10526	3	36	6	2797	0	2842
10527	3	2886	7	42	0	2938
10528	4	50	8	2818	0	2880
10529	4	22	2	3014	0	3042
10530	2	6	1	3054	0	3063
10531	4	2	4	3056	0	3066
10532	6	0	4	3063	0	3073
10533	6	1	2985	67	0	3059
10534	2	3	44	3014	0	3063
10535	4	3	20	3044	0	3071
10536	3025	3	14	69	0	3111
10537	49	3013	4	40	0	3106
10538	3049	49	6	17	0	3121
10539	58	20	5	3057	0	3140
10540	24	10	3070	60	0	3164
10541	8	3063	51	32	0	3154
10542	3054	53	21	15	0	3143
10543	51	3007	12	17	0	3087
10544	21	3113	5	13	0	3152
10545	3070	65	6	16	0	3157
10546	51	25	3	3241	0	3320
10547	3252	10	6	70	0	3338
10548	67	2	8	3195	0	3272
10549	26	2	3197	81	0	3306
10550	8	5	3178	40	0	3231
10551	3095	3	80	24	0	3202
10552	3208	5	28	16	0	3257
10553	83	5	12	3114	0	3214
10554	34	3	7	3169	0	3213
10555	3058	7	8	89	0	3162
10556	61	3043	7	38	0	3149
10557	25	3114	6	23	0	3168
10558	3069	71	4	18	0	3162
10559	3098	36	7	15	0	3156
10560	85	3072	5	16	0	3178
10561	37	67	3	3079	0	3186
10562	17	25	3051	72	0	3165
10563	8	17	3083	29	0	3137
10564	3008	9	81	17	0	3115
10565	67	6	3080	12	0	3165
10566	34	8	65	2998	0	3105
10567	13	7	25	2982	0	3027
10568	10	2984	13	85	0	3092
10569	2992	61	8	34	0	3095
10570	71	26	6	2992	0	3095
10571	32	18	2942	65	0	3057
10572	15	2945	59	40	0	3059
10573	18	67	19	2917	0	3021
10574	16	24	2886	61	0	2987
10575	14	18	2819	29	0	2880
10576	6	2791	67	24	0	2888
10577	2554	52	30	9	0	2645
10578	52	2597	17	13	0	2679
10579	2590	52	10	11	0	2663
10580	55	17	2556	18	0	2646
10581	2496	12	52	19	0	2579
10582	53	2537	19	16	0	2625
10583	20	53	10	2558	0	2641
10584	15	17	10	2633	0	2675
10585	2592	14	10	64	0	2680
10586	55	11	2580	28	0	2674
10587	2601	13	47	21	0	2682
10588	2610	8	19	17	0	2654
10589	59	11	2513	15	0	2598
10590	21	10	2565	12	0	2608
10591	18	14	60	2498	0	2590
10592	2530	9	24	54	0	2617
10593	2542	10	18	27	0	2597
10594	64	2550	11	22	0	2647
10595	25	52	11	2577	0	2665
10596	16	22	7	2551	0	2596
10597	15	16	10	2591	0	2632
10598	14	8	7	2617	0	2646
10599	2567	7	9	77	0	2660
10600	60	9	7	2606	0	2682
10601	27	11	2589	58	0	2685
10602	22	10	2585	28	0	2645
10603	2553	5	66	18	0	2642
10604	57	2569	25	16	0	2667
10605	27	2674	19	11	0	2731
10606	25	57	8	2668	0	2758
10607	25	17	8	2718	0	2768
10608	18	15	15	2670	0	2718
10609	16	12	8	2708	0	2744
10610	11	11	2644	80	0	2746
10611	16	8	48	2664	0	2736
10612	14	11	11	2666	0	2702
10613	18	7	2575	73	0	2673
10614	2466	7	54	35	0	2562
10615	58	2525	25	28	0	2636
10616	2393	39	18	20	0	2470
10617	53	12	2321	15	0	2401
10618	18	15	2253	13	0	2299
10619	17	2224	50	17	0	2308
10620	2024	62	89	35	0	2210
10621	1893	14	15	15	0	1937
10622	1870	11	5	12	0	1898
10623	38	1822	4	14	0	1878
10624	1793	33	10	8	0	1844
10625	34	10	1807	8	0	1859
10626	11	1793	33	7	0	1844
10627	1763	26	10	4	0	1803
10628	30	1761	3	6	0	1800
10629	1685	29	3	5	0	1722
10630	1667	8	6	5	0	1686
10631	33	3	1701	6	0	1743
10632	13	1705	27	7	0	1752
10633	1691	26	10	5	0	1732
10634	29	9	1677	2	0	1717
10635	15	1672	22	5	0	1714
10636	13	24	13	1624	0	1674
10637	5	10	1618	18	0	1651
10638	4	3	1603	8	0	1618
10639	3	8	23	1603	0	1637
10640	1578	4	8	19	0	1609
10641	15	1582	7	8	0	1612
10642	9	16	1555	3	0	1583
10643	5	9	1549	2	0	1565
10644	1492	2	21	2	0	1517
10645	15	1537	12	2	0	1566
10646	1376	5	6	2	0	1389
10647	6	1366	5	0	0	1377
10648	1386	8	4	0	0	1398
10649	1332	5	2	2	0	1341
10650	9	1329	4	0	0	1342
10651	7	7	3	1339	0	1356
10652	1392	8	0	8	0	1408
10653	12	4	0	1425	0	1441
10654	7	4	0	1516	0	1527
10655	1511	0	2	19	0	1532
10656	11	1522	1	11	0	1545
10657	1548	9	2	7	0	1566
10658	15	8	1546	3	0	1572
10659	12	7	9	1557	0	1585
10660	5	5	7	1543	0	1560
10661	1532	2	6	18	0	1558
10662	1529	1	4	11	0	1545
10663	17	3	1	1523	0	1544
10664	12	2	1538	14	0	1566
10665	7	1	10	1522	0	1540
10666	4	0	6	1534	0	1544
10667	0	1	7	1537	0	1545
10668	5	2	5	1544	0	1556
10669	1522	3	3	23	0	1551
10670	14	3	1514	16	0	1547
10671	10	1535	14	10	0	1569
10672	9	9	12	1522	0	1552
10673	8	8	7	1578	0	1601
10674	4	8	1571	19	0	1602
10675	6	6	1550	13	0	1575
10676	10	1	19	1604	0	1634
10677	5	2	12	1616	0	1635
10678	4	5	1574	23	0	1606
10679	5	1	15	1592	0	1613
10680	1612	3	11	28	0	1654
10681	20	1651	6	16	0	1693
10682	13	17	1620	8	0	1658
10683	10	1626	18	7	0	1661
10684	2	23	14	1638	0	1677
10685	5	15	1638	19	0	1677
10686	5	1627	19	15	0	1666
10687	5	20	11	1641	0	1677
10688	3	12	1655	20	0	1690
10689	2	4	23	1658	0	1687
10690	4	7	11	1659	0	1681
10691	1649	2	7	35	0	1693
10692	20	0	10	1662	0	1692
10693	1664	4	2	30	0	1700
10694	1614	3	2	17	0	1636
10695	1625	3	5	7	0	1640
10696	30	4	4	1620	0	1658
10697	16	4	1567	20	0	1607
10698	10	1	1551	14	0	1576
10699	1569	2	24	10	0	1605
10700	21	2	1562	5	0	1590
10701	1503	2	26	3	0	1534
10702	22	1516	13	2	0	1553
10703	1515	14	6	7	0	1542
10704	22	8	1526	4	0	1560
10705	12	3	1561	8	0	1584
10706	7	4	24	1601	0	1636
10707	8	1	1659	21	0	1689
10708	8	1	1701	10	0	1720
10709	3	4	29	1834	0	1870
10710	3	0	15	1884	0	1902
10711	2	3	10	1937	0	1952
10712	2	1930	7	41	0	1980
10713	4	30	1	1917	0	1952
10714	1	1963	7	34	0	2005
10715	1962	35	3	13	0	2013
10716	2005	15	3	9	0	2032
10717	41	5	1	1916	0	1963
10718	12	1921	3	35	0	1971
10719	9	30	1981	11	0	2031
10720	1980	9	32	11	0	2032
10721	35	5	13	1992	0	2045
10722	12	2	5	2017	0	2036
10723	10	3	4	2033	0	2050
10724	1980	0	3	52	0	2035
10725	34	1902	2	21	0	1959
10726	11	1946	5	9	0	1971
10727	1851	35	3	5	0	1894
10728	32	1881	4	5	0	1922
10729	1890	33	2	8	0	1933
10730	1906	8	6	4	0	1924
10731	40	1857	1	7	0	1905
10732	14	37	4	1826	0	1881
10733	6	1851	7	31	0	1895
10734	5	36	3	1849	0	1893
10735	3	11	3	1929	0	1946
10736	1924	5	5	51	0	1985
10737	2003	2	4	18	0	2027
10738	46	4	2	1982	0	2034
10739	14	6	1941	44	0	2005
10740	1922	4	40	15	0	1981
10741	43	1939	9	14	0	2005
10742	14	36	4	1939	0	1993
10743	13	10	3	1974	0	2000
10744	9	7	5	1982	0	2003
10745	1900	5	2	52	0	1959
10746	1910	4	5	23	0	1942
10747	50	1821	3	14	0	1888
10748	14	1858	2	14	0	1888
10749	9	43	6	1841	0	1899
10750	9	10	8	1874	0	1901
10751	9	7	1849	49	0	1914
10752	8	4	39	1821	0	1872
10753	8	6	1788	39	0	1841
10754	7	5	1672	19	0	1703
10755	7	1674	39	11	0	1731
10756	13	38	11	1653	0	1715
10757	1665	7	2	46	0	1720
10758	36	7	7	1640	0	1690
10759	15	3	1630	39	0	1687
10760	1616	7	33	11	0	1667
10761	1644	4	7	10	0	1665
10762	51	6	1608	6	0	1671
10763	15	8	34	1637	0	1694
10764	1602	3	8	42	0	1655
10765	39	1644	5	16	0	1704
10766	1670	37	7	7	0	1721
10767	1708	8	6	8	0	1730
10768	48	6	4	1697	0	1755
10769	16	4	6	1758	0	1784
10770	1739	5	9	51	0	1804
10771	51	2	3	1748	0	1804
10772	14	5	1745	49	0	1813
10773	1697	4	41	21	0	1763
10774	1720	5	8	14	0	1747
10775	45	1662	5	18	0	1730
10776	13	1697	4	13	0	1727
10777	7	52	4	1637	0	1700
10778	7	1676	5	40	0	1728
10779	9	50	4	1667	0	1730
10780	1652	10	7	40	0	1709
10781	1630	6	4	14	0	1654
10782	38	1594	7	14	0	1653
10783	1585	35	7	8	0	1635
10784	34	1591	8	10	0	1643
10785	1592	35	5	6	0	1638
10786	1618	9	3	10	0	1640
10787	44	3	1578	15	0	1640
10788	1557	4	36	11	0	1608
10789	39	1541	8	12	0	1600
10790	18	1586	6	6	0	1616
10791	1579	40	5	3	0	1627
10792	47	13	5	1585	0	1650
10793	20	3	1603	41	0	1667
10794	11	10	32	1601	0	1654
10795	12	9	9	1637	0	1667
10796	10	8	1571	45	0	1634
10797	1538	5	35	13	0	1591
10798	41	1561	12	13	0	1627
10799	1550	35	3	11	0	1599
10800	44	4	3	1541	0	1592
10801	1525	10	7	37	0	1579
10802	42	1526	4	14	0	1586
10803	12	44	8	1523	0	1587
10804	1529	8	1	34	0	1572
10805	42	11	1441	15	0	1509
10806	11	7	1375	11	0	1404
10807	1300	8	39	13	0	1360
10808	37	1258	7	11	0	1313
10809	12	1114	4	3	0	1133
10810	33	29	8	1038	0	1108
10811	11	1054	2	22	0	1089
10812	16	20	9	1051	0	1096
10813	5	11	4	1075	0	1095
10814	15	7	3	1066	0	1091
10815	6	1034	4	25	0	1069
10816	8	20	6	1017	0	1051
10817	11	7	1009	19	0	1046
10818	7	980	16	9	0	1012
10819	5	21	6	903	0	935
10820	7	909	4	17	0	937
10821	900	19	4	13	0	936
10822	900	3	8	6	0	917
10823	904	8	4	9	0	925
10824	24	909	7	10	0	950
10825	11	20	4	915	0	950
10826	12	5	904	23	0	944
10827	9	7	887	7	0	910
10828	872	12	17	4	0	905
10829	877	4	8	8	0	897
10830	23	3	4	907	0	937
10831	8	4	6	973	0	991
10832	10	2	990	27	0	1029
10833	12	965	19	10	0	1006
10834	4	972	7	4	0	987
10835	6	19	926	6	0	957
10836	2	14	25	870	0	911
10837	2	3	4	772	0	781
10838	4	0	1	877	0	882
10839	2	1	1	883	0	887
10840	870	4	1	16	0	891
10841	17	1	839	6	0	863
10842	837	3	17	2	0	859
10843	18	4	3	847	0	872
10844	850	1	1	18	0	870
10845	18	3	2	849	0	872
10846	4	3	872	19	0	898
10847	6	2	14	879	0	901
10848	3	3	895	17	0	918
10849	3	3	14	888	0	908
10850	3	0	922	21	0	946
10851	2	919	19	3	0	943
10852	2	17	3	916	0	938
10853	1	2	2	926	0	931
10854	1	919	0	17	0	937
10855	935	15	1	4	0	955
10856	16	2	0	933	0	951
10857	2	2	1	935	0	940
10858	932	1	2	21	0	956
10859	951	0	0	5	0	956
10860	966	2	3	2	0	973
10861	973	3	1	1	0	978
10862	22	1	942	4	0	969
10863	929	0	19	5	0	953
10864	974	1	2	4	0	981
10865	23	0	2	907	0	932
10866	3	1	0	919	0	923
10867	889	0	1	19	0	909
10868	18	885	0	3	0	906
10869	2	14	0	841	0	857
10870	3	1	862	14	0	880
10871	1	846	11	2	0	860
10872	831	10	1	1	0	843
10873	846	1	2	1	0	850
10874	850	1	0	0	0	851
10875	855	0	0	1	0	856
10876	15	0	0	829	0	844
10877	3	1	823	12	0	839
10878	1	1	881	3	0	886
10879	1	0	18	944	0	963
10880	1014	1	3	18	0	1036
10881	23	0	1	1023	0	1047
10882	3	1	1062	23	0	1089
10883	1064	0	22	5	0	1091
10884	1073	0	3	3	0	1079
10885	26	1	2	1065	0	1094
10886	5	3	1106	20	0	1134
10887	3	0	1130	3	0	1136
10888	1103	1	23	3	0	1130
10889	22	1110	4	1	0	1137
10890	4	21	1126	1	0	1152
10891	2	2	22	1127	0	1153
10892	1115	0	6	24	0	1145
10893	26	1065	1	4	0	1096
10894	2	1107	0	4	0	1113
10895	1091	23	4	2	0	1120
10896	24	4	2	1093	0	1123
10897	1162	2	3	23	0	1190
10898	28	1	1	1182	0	1212
10899	8	1	2	1209	0	1220
10900	2	0	1203	31	0	1236
10901	3	0	1175	6	0	1184
10902	1	2	1192	2	0	1197
10903	2	1	30	1194	0	1227
10904	1211	0	6	31	0	1248
10905	31	0	1213	5	0	1249
10906	8	1	29	1207	0	1245
10907	4	4	1231	31	0	1270
10908	3	1245	27	10	0	1285
10909	4	31	6	1257	0	1298
10910	9	5	2	1287	0	1303
10911	1	1	4	1290	0	1296
10912	1253	1	5	37	0	1296
10913	31	2	6	1249	0	1288
10914	11	1	3	1277	0	1292
10915	1263	2	5	37	0	1307
10916	29	0	1253	11	0	1293
10917	1240	1	28	5	0	1274
10918	1263	0	8	4	0	1275
10919	36	3	1236	5	0	1280
10920	1223	2	30	3	0	1258
10921	32	2	5	1257	0	1296
10922	8	4	1269	34	0	1315
10923	1273	2	28	6	0	1309
10924	1298	1	3	10	0	1312
10925	37	0	2	1274	0	1313
10926	7	1	2	1313	0	1323
10927	4	0	4	1320	0	1328
10928	1278	0	2	38	0	1318
10929	28	1303	4	11	0	1346
10930	1273	24	2	3	0	1302
10931	23	1190	5	4	0	1222
10932	4	1189	4	4	0	1201
10933	9	24	3	1205	0	1241
10934	5	4	2	1223	0	1234
10935	6	1	3	1218	0	1228
10936	3	1	2	1223	0	1229
10937	3	1	1181	29	0	1214
10938	1179	2	21	8	0	1210
10939	26	3	3	1203	0	1235
10940	5	1	1205	30	0	1241
10941	6	0	24	1211	0	1241
10942	4	3	5	1237	0	1249
10943	8	1	1270	29	0	1308
10944	1	2	23	1277	0	1303
10945	3	2	5	1294	0	1304
10946	1254	1	3	29	0	1287
10947	22	3	1273	9	0	1307
10948	1238	1	22	4	0	1265
10949	24	1282	5	11	0	1322
10950	1265	20	4	6	0	1295
10951	1269	3	2	7	0	1281
10952	24	1	5	1258	0	1288
10953	7	1	1252	27	0	1287
10954	3	1358	22	12	0	1395
10955	5	27	5	1310	0	1347
10956	5	1407	4	29	0	1445
10957	1410	29	2	12	0	1453
10958	29	4	1391	5	0	1429
10959	7	4	1399	5	0	1415
10960	6	2	30	1376	0	1414
10961	8	1	1431	29	0	1469
10962	4	4	27	1439	0	1474
10963	6	1	7	1456	0	1470
10964	1478	3	3	29	0	1513
10965	28	1478	1	13	0	1520
10966	7	25	6	1519	0	1557
10967	4	7	2	1554	0	1567
10968	5	1	4	1542	0	1552
10969	4	1490	7	33	0	1534
10970	3	1520	1	17	0	1541
10971	1496	27	5	9	0	1537
10972	1528	6	2	5	0	1541
10973	1520	2	3	9	0	1534
10974	32	1	1486	3	0	1522
10975	5	6	25	1488	0	1524
10976	6	3	1469	31	0	1509
10977	5	1468	26	6	0	1505
10978	1402	23	6	7	0	1438
10979	24	5	1366	4	0	1399
10980	4	2	16	1304	0	1326
10981	6	1	1310	16	0	1333
10982	1242	0	18	5	0	1265
10983	1283	0	3	5	0	1291
10984	1281	1	6	2	0	1290
10985	1264	1	1	5	0	1271
10986	18	2	1258	5	0	1283
10987	1219	2	18	1	0	1240
10988	1257	2	3	2	0	1264
10989	17	1240	5	2	0	1264
10990	1236	15	3	2	0	1256
10991	1263	1	4	4	0	1272
10992	19	1	2	1230	0	1252
10993	6	1272	1	17	0	1296
10994	1314	17	2	4	0	1337
10995	1416	2	1	2	0	1421
10996	24	5	1538	3	0	1570
10997	7	5	1541	2	0	1555
10998	3	1	1606	0	0	1610
10999	4	7	37	1569	0	1617
11000	1559	0	19	26	0	1604
11001	26	1561	11	14	0	1612
11002	1565	22	6	11	0	1604
11003	31	1562	2	6	0	1601
11004	1551	30	5	1	0	1587
11005	27	1535	5	3	0	1570
11006	14	1560	5	2	0	1581
11007	1520	31	0	4	0	1555
11008	22	1538	2	3	0	1565
11009	10	35	2	1526	0	1573
11010	13	11	1544	23	0	1591
11011	5	11	1541	10	0	1567
11012	3	8	28	1532	0	1571
11013	3	3	16	1562	0	1584
11014	5	4	1550	29	0	1588
11015	2	3	19	1530	0	1554
11016	2	3	10	1555	0	1570
11017	1546	3	12	32	0	1593
11018	22	1537	6	23	0	1588
11019	12	23	3	1511	0	1549
11020	10	1566	4	27	0	1607
11021	1557	27	5	9	0	1598
11022	20	1553	5	14	0	1592
11023	1571	28	3	7	0	1609
11024	1574	16	4	4	0	1598
11025	34	11	1	1548	0	1594
11026	22	6	3	1552	0	1583
11027	13	6	3	1562	0	1584
11028	6	5	4	1565	0	1580
11029	6	2	1499	44	0	1551
11030	1437	4	21	26	0	1488
11031	30	1506	9	16	0	1561
11032	13	27	8	1538	0	1586
11033	15	11	4	1534	0	1564
11034	7	1528	2	35	0	1572
11035	1541	23	3	22	0	1589
11036	27	1543	5	15	0	1590
11037	12	37	4	1551	0	1604
11038	15	11	2	1577	0	1605
11039	5	15	2	1587	0	1609
11040	5	7	2	1587	0	1601
11041	1545	4	4	48	0	1601
11042	27	5	1543	27	0	1602
11043	12	4	25	1503	0	1544
11044	12	5	10	1521	0	1548
11045	7	0	16	1536	0	1559
11046	4	4	9	1538	0	1555
11047	1462	2	3	52	0	1519
11048	29	1	1468	28	0	1526
11049	18	11	25	1423	0	1477
11050	14	1398	10	31	0	1453
11051	7	1459	9	18	0	1493
11052	1436	33	4	15	0	1488
11053	31	21	1422	9	0	1483
11054	1315	13	20	5	0	1353
11055	34	8	1331	3	0	1376
11056	16	3	25	1258	0	1302
11057	1288	9	12	23	0	1332
11058	23	1301	8	21	0	1353
11059	15	17	10	1285	0	1327
11060	12	1256	10	23	0	1301
11061	1270	24	6	12	0	1312
11062	1269	16	5	16	0	1306
11063	28	8	7	1266	0	1309
11064	20	7	1206	28	0	1261
11065	14	4	1189	20	0	1227
11066	11	6	26	1191	0	1234
11067	7	1215	20	18	0	1260
11068	6	20	11	1260	0	1297
11069	6	15	3	1227	0	1251
11070	10	9	3	1207	0	1229
11071	3	8	1223	40	0	1274
11072	6	3	19	1231	0	1259
11073	9	4	12	1232	0	1257
11074	1	1219	10	45	0	1275
11075	1	17	4	1216	0	1238
11076	4	9	1	1289	0	1303
11077	1	11	7	1293	0	1312
11078	5	2	8	1300	0	1315
11079	4	1	6	1287	0	1298
11080	3	9	4	1283	0	1299
11081	4	4	2	1260	0	1270
11082	0	5	1	1257	0	1263
11083	5	6	1193	46	0	1250
11084	7	3	16	1222	0	1248
11085	1197	6	9	35	0	1247
11086	20	2	10	1183	0	1215
11087	13	3	1188	37	0	1241
11088	1164	2	17	23	0	1206
11089	1207	6	9	16	0	1238
11090	1212	2	9	11	0	1234
11091	1189	5	9	6	0	1209
11092	41	1	1	1200	0	1243
11093	27	1	1177	23	0	1228
11094	14	1146	15	22	0	1197
11095	10	1062	11	20	0	1103
11096	8	30	24	885	0	947
11097	5	6	9	893	0	913
11098	2	2	0	878	0	882
11099	0	1	0	918	0	919
11100	1	0	1	1046	0	1048
11101	1195	1	1	16	0	1213
11102	12	1207	0	10	0	1229
11103	13	1251	0	6	0	1270
11104	3	30	0	1274	0	1307
11105	2	16	0	1306	0	1324
11106	0	6	1	1304	0	1311
11107	1	1	0	1306	0	1308
11108	3	0	1237	32	0	1272
11109	0	1222	15	23	0	1260
11110	3	19	12	1222	0	1256
11111	1205	13	3	19	0	1240
11112	18	9	1	1214	0	1242
11113	16	1	1205	25	0	1247
11114	6	0	1173	19	0	1198
11115	2	3	1235	9	0	1249
11116	0	6	33	1195	0	1234
11117	1234	3	22	21	0	1280
11118	18	5	5	1251	0	1279
11119	12	1	1	1266	0	1280
11120	1263	0	3	36	0	1302
11121	17	1	3	1298	0	1319
11122	12	2	8	1299	0	1321
11123	5	2	1354	35	0	1396
11124	4	1352	18	22	0	1396
11125	2	18	14	1416	0	1450
11126	1402	13	9	20	0	1444
11127	18	6	5	1422	0	1451
11128	12	1	1423	30	0	1466
11129	8	3	16	1431	0	1458
11130	2	1420	13	28	0	1463
11131	5	16	4	1444	0	1469
11132	2	12	1413	27	0	1454
11133	3	1482	18	15	0	1518
11134	2	25	12	1503	0	1542
11135	6	12	5	1658	0	1681
11136	2	4	2	1689	0	1697
11137	2	4	8	1700	0	1714
11138	3	3	1645	49	0	1700
11139	2	1655	27	25	0	1709
11140	1663	29	13	15	0	1720
11141	1688	13	8	13	0	1722
11142	38	8	5	1665	0	1716
11143	15	6	1652	38	0	1711
11144	1643	4	28	22	0	1697
11145	28	2	18	1677	0	1725
11146	13	2	1740	36	0	1791
11147	5	3	29	1768	0	1805
11148	5	5	16	1760	0	1786
11149	7	1	4	1788	0	1800
11150	6	0	1780	50	0	1836
11151	7	3	30	1750	0	1790
11152	0	1791	20	39	0	1850
11153	1804	26	7	20	0	1857
11154	1818	13	3	15	0	1849
11155	1805	6	7	13	0	1831
11156	39	1788	8	13	0	1848
11157	1803	29	7	9	0	1848
11158	34	15	1	1779	0	1829
11159	1776	3	9	33	0	1821
11160	1779	2	3	26	0	1810
11161	38	9	1730	14	0	1791
11162	23	1735	30	14	0	1802
11163	1740	29	22	8	0	1799
11164	36	19	6	1744	0	1805
11165	16	15	1732	39	0	1802
11166	13	1730	29	19	0	1791
11167	1713	31	17	20	0	1781
11168	36	12	6	1723	0	1777
11169	21	8	5	1740	0	1774
11170	12	9	8	1741	0	1770
11171	9	1704	3	48	0	1764
11172	12	27	4	1712	0	1755
11173	10	1686	1	40	0	1737
11174	6	27	12	1711	0	1756
11175	9	22	1709	36	0	1776
11176	7	8	30	1713	0	1758
11177	8	3	21	1727	0	1759
11178	6	2	7	1758	0	1773
11179	8	5	1692	52	0	1757
11180	7	10	29	1705	0	1751
11181	8	3	21	1737	0	1769
11182	6	5	4	1761	0	1776
11183	2	5	7	1769	0	1783
11184	8	5	8	1768	0	1789
11185	7	4	1715	57	0	1783
11186	5	9	24	1731	0	1769
11187	6	7	16	1735	0	1764
11188	1672	1	13	52	0	1738
11189	27	1642	4	39	0	1712
11190	18	1690	5	27	0	1740
11191	14	37	4	1695	0	1750
11192	4	18	10	1680	0	1712
11193	11	1613	3	48	0	1675
11194	9	27	5	1642	0	1683
11195	7	1622	5	47	0	1681
11196	3	25	6	1632	0	1666
11197	9	19	7	1604	0	1639
11198	8	8	1537	51	0	1604
11199	3	1482	34	25	0	1544
11200	7	1415	12	17	0	1451
11201	1209	21	7	12	0	1249
11202	10	1202	4	16	0	1232
11203	2	18	6	1164	0	1190
11204	2	6	1142	19	0	1169
11205	5	7	15	1121	0	1148
11206	1124	6	2	17	0	1149
11207	15	5	1140	13	0	1173
11208	4	1167	14	6	0	1191
11209	6	17	2	1071	0	1096
11210	4	2	2	1209	0	1217
11211	1213	3	5	19	0	1240
11212	13	5	2	1217	0	1237
11213	3	6	2	1220	0	1231
11214	3	2	1	1236	0	1242
11215	2	3	4	1213	0	1222
11216	1198	1	3	22	0	1224
11217	1184	2	1	12	0	1199
11218	14	2	2	1187	0	1205
11219	1167	2	4	20	0	1193
11220	16	4	2	1138	0	1160
11221	7	2	1104	19	0	1132
11222	3	1	1093	10	0	1107
11223	4	8	12	1006	0	1030
11224	5	1016	1	17	0	1039
11225	1	14	3	998	0	1016
11226	989	2	4	16	0	1011
11227	11	4	1	1000	0	1016
11228	982	3	1	17	0	1003
11229	16	3	1	996	0	1016
11230	3	1	1003	19	0	1026
11231	2	989	10	9	0	1010
11232	4	1017	3	7	0	1031
11233	4	23	3	918	0	948
11234	3	1	923	14	0	941
11235	1	777	4	3	0	785
11236	3	10	0	750	0	763
11237	741	0	1	3	0	745
11238	2	0	765	2	0	769
11239	1	0	2	766	0	769
11240	2	0	1	787	0	790
11241	0	0	780	3	0	783
11242	0	1	729	0	0	730
11243	0	1	771	2	0	774
11244	1	1	1	781	0	784
11245	0	0	812	2	0	814
11246	732	0	2	0	0	734
11247	2	0	0	817	0	819
11248	1	1	955	4	0	961
11249	1	974	4	1	0	980
11250	0	4	967	0	0	971
11251	1	1	3	975	0	980
11252	988	0	2	4	0	994
11253	3	1	2	1018	0	1024
11254	2	1	1	1030	0	1034
11255	1113	0	1	4	0	1118
11256	7	0	1	1149	0	1157
11257	2	0	1162	9	0	1173
11258	1154	0	9	3	0	1166
11259	12	1185	2	2	0	1201
11260	1208	10	3	2	0	1223
11261	10	2	2	1209	0	1223
11262	1	1	1205	12	0	1219
11263	1	0	1207	2	0	1210
11264	0	1	9	1214	0	1224
11265	2	0	2	1199	0	1203
11266	0	0	1198	15	0	1213
11267	1	0	1167	2	0	1170
11268	1191	0	12	1	0	1204
11269	10	0	2	1207	0	1219
11270	1221	0	1	11	0	1233
11271	12	2	1	1205	0	1220
11272	2	1	1254	11	0	1268
11273	2	0	1310	2	0	1314
11274	2	0	15	1335	0	1352
11275	1	0	1	1365	0	1367
11276	0	0	1398	18	0	1416
11277	1379	0	16	2	0	1397
11278	19	0	2	1436	0	1457
11279	1514	0	1	19	0	1534
11280	20	1737	1	2	0	1760
11281	2	27	1	1770	0	1800
11282	1780	2	0	31	0	1813
11283	30	0	1787	5	0	1822
11284	6	0	29	1813	0	1848
11285	1	3	5	1823	0	1832
11286	1	0	3	1865	0	1869
11287	4	1	1815	35	0	1855
11288	0	1	30	1793	0	1824
11289	1	1821	6	31	0	1859
11290	1	30	2	1842	0	1875
11291	1	2	1820	33	0	1856
11292	3	1	1862	6	0	1872
11293	1	2	33	1847	0	1883
11294	0	2	6	1871	0	1879
11295	2	0	5	1885	0	1892
11296	3	0	6	1900	0	1909
11297	1857	0	2	40	0	1899
11298	1868	1	3	10	0	1882
11299	39	0	1828	8	0	1875
11300	7	1859	28	7	0	1901
11301	6	27	5	1901	0	1939
11302	1925	5	3	36	0	1969
11303	1778	5	11	15	0	1809
11304	1966	2	4	6	0	1978
11305	1970	3	5	6	0	1984
11306	39	1	1929	6	0	1975
11307	1861	3	32	6	0	1902
11308	37	1868	6	6	0	1917
11309	8	30	5	1902	0	1945
11310	5	5	1923	38	0	1971
11311	4	2	37	1892	0	1935
11312	3	3	1914	41	0	1961
11313	7	3	33	1925	0	1968
11314	3	2	12	1971	0	1988
11315	1936	1	7	44	0	1988
11316	36	1	4	1955	0	1996
11317	6	2	1966	43	0	2017
11318	8	1	40	2005	0	2054
11319	2011	3	6	43	0	2063
11320	38	4	6	2036	0	2084
11321	13	1	2014	40	0	2068
11322	8	2002	38	14	0	2062
11323	2073	33	11	19	0	2136
11324	41	4	9	2031	0	2085
11325	9	2124	6	46	0	2185
11326	2110	35	7	19	0	2171
11327	41	5	2105	11	0	2162
11328	11	2082	40	9	0	2142
11329	9	34	9	2124	0	2176
11330	11	7	2108	45	0	2171
11331	6	6	39	2069	0	2120
11332	2081	1	13	50	0	2145
11333	37	3	2066	20	0	2126
11334	9	2	42	2069	0	2122
11335	4	6	2080	46	0	2136
11336	6	1	39	2085	0	2131
11337	12	6	11	2114	0	2143
11338	2045	2	10	47	0	2104
11339	38	2055	10	21	0	2124
11340	10	37	10	2085	0	2142
11341	2065	6	5	51	0	2127
11342	2083	3	11	19	0	2116
11343	46	2	12	2058	0	2118
11344	14	2006	7	46	0	2073
11345	9	2062	5	22	0	2098
11346	20	39	11	2020	0	2090
11347	6	9	6	2023	0	2044
11348	1850	8	4	44	0	1906
11349	39	5	6	1830	0	1880
11350	5	3	1791	41	0	1840
11351	1712	7	32	20	0	1771
11352	35	1740	8	18	0	1801
11353	1731	28	7	18	0	1784
11354	40	5	1769	13	0	1827
11355	14	1785	25	10	0	1834
11356	1759	29	18	6	0	1812
11357	1778	6	7	13	0	1804
11358	33	3	1768	7	0	1811
11359	1747	6	25	10	0	1788
11360	1766	2	7	13	0	1788
11361	33	1762	8	3	0	1806
11362	13	28	4	1789	0	1834
11363	12	3	1765	29	0	1809
11364	9	4	28	1806	0	1847
11365	9	7	1817	34	0	1867
11366	7	4	30	1816	0	1857
11367	1835	5	11	35	0	1886
11368	32	3	6	1875	0	1916
11369	9	2	2057	39	0	2107
11370	2098	1	39	14	0	2152
11371	48	1	8	2187	0	2244
11372	13	4	2129	47	0	2193
11373	2051	3	43	16	0	2113
11374	49	1	13	2082	0	2145
11375	17	4	2038	45	0	2104
11376	14	5	1986	16	0	2021
11377	8	18	41	1974	0	2041
11378	8	4	2011	38	0	2061
11379	8	1909	47	18	0	1982
11380	6	38	15	1672	0	1731
11381	1659	2	14	26	0	1701
11382	30	8	1665	9	0	1712
11383	11	1	1657	12	0	1681
11384	1597	1	36	7	0	1641
11385	26	3	1659	3	0	1691
11386	1581	0	35	6	0	1622
11387	36	1	1644	6	0	1687
11388	9	0	39	1633	0	1681
11389	8	0	1671	27	0	1706
11390	6	4	34	1652	0	1696
11391	2	1	1700	37	0	1740
11392	6	3	1659	11	0	1679
11393	1605	0	35	13	0	1653
11394	27	1675	19	9	0	1730
11395	1698	19	19	4	0	1740
11396	33	1698	10	8	0	1749
11397	14	29	4	1716	0	1763
11398	11	9	13	1749	0	1782
11399	1744	9	7	30	0	1790
11400	25	2	8	1726	0	1761
11401	16	0	1700	39	0	1755
11402	1639	4	34	8	0	1685
11403	1693	0	14	18	0	1725
11404	34	0	16	1679	0	1729
11405	20	2	1700	25	0	1747
11406	16	2	33	1685	0	1736
11407	5	1704	12	35	0	1756
11408	7	24	14	1711	0	1756
11409	6	12	5	1751	0	1774
11410	6	9	1680	36	0	1731
11411	1587	3	27	25	0	1642
11412	29	1643	15	13	0	1700
11413	1643	25	12	11	0	1691
11414	36	1670	11	5	0	1722
11415	13	32	2	1637	0	1684
11416	17	1674	8	26	0	1725
11417	7	30	1635	19	0	1691
11418	6	10	31	1584	0	1631
11419	7	9	11	1589	0	1616
11420	7	6	11	1623	0	1647
11421	1583	1	8	44	0	1636
11422	30	3	6	1585	0	1624
11423	1542	6	10	35	0	1593
11424	1563	3	4	16	0	1586
11425	1515	9	2	19	0	1545
11426	44	3	1514	11	0	1572
11427	19	8	25	1522	0	1574
11428	13	2	12	1608	0	1635
11429	10	6	14	1645	0	1675
11430	1707	7	9	47	0	1770
11431	40	3	5	1747	0	1795
11432	16	3	8	1794	0	1821
11433	1878	5	5	59	0	1947
11434	46	2	8	1949	0	2005
11435	17	3	1991	68	0	2079
11436	26	2	2057	19	0	2104
11437	11	2	57	2066	0	2136
11438	2059	2	22	55	0	2138
11439	2051	2	22	20	0	2095
11440	55	1	9	2043	0	2108
11441	27	2	2017	55	0	2101
11442	23	2004	46	23	0	2096
11443	12	43	15	2044	0	2114
11444	9	9	19	2096	0	2133
11445	9	14	9	2096	0	2128
11446	2041	2	9	76	0	2128
11447	55	1	2049	33	0	2138
11448	2053	6	47	27	0	2133
11449	63	0	17	2048	0	2128
11450	25	2053	16	53	0	2147
11451	2079	47	10	21	0	2157
11452	2092	7	8	24	0	2131
11453	60	17	2146	16	0	2239
11454	28	2010	47	17	0	2102
11455	23	2034	12	12	0	2081
11456	2006	44	22	13	0	2085
11457	54	17	6	2007	0	2084
11458	14	20	7	2003	0	2044
11459	26	5	9	1993	0	2033
11460	14	1901	6	72	0	1993
11461	11	1990	4	31	0	2036
11462	1949	50	4	29	0	2032
11463	47	24	3	1947	0	2021
11464	15	17	2025	53	0	2110
11465	28	8	54	2134	0	2224
11466	9	5	2352	82	0	2448
11467	12	6	2410	22	0	2450
11468	11	7	2424	28	0	2470
11469	6	2146	82	10	0	2244
11470	15	51	58	2032	0	2156
11471	7	2077	28	52	0	2164
11472	7	64	16	1974	0	2061
11473	4	20	8	2134	0	2166
11474	2069	21	3	73	0	2166
11475	49	10	6	2099	0	2164
11476	2055	5	4	80	0	2144
11477	2101	1	4	32	0	2138
11478	76	2	1	2014	0	2093
11479	36	2021	5	67	0	2129
11480	28	50	3	1991	0	2072
11481	16	2026	4	68	0	2114
11482	9	61	4	2028	0	2102
11483	4	24	1980	74	0	2082
11484	5	18	45	2027	0	2095
11485	7	11	17	2082	0	2117
11486	1997	6	20	81	0	2104
11487	53	1995	9	42	0	2099
11488	22	49	7	2030	0	2108
11489	22	14	3	2019	0	2058
11490	14	1977	7	72	0	2070
11491	13	61	6	2001	0	2081
11492	1896	21	9	81	0	2007
11493	1989	19	3	41	0	2052
11494	67	1934	5	34	0	2040
11495	31	53	2	1949	0	2035
11496	1894	20	11	62	0	1987
11497	66	1955	6	24	0	2051
11498	25	63	6	1902	0	1996
11499	23	1942	3	61	0	2029
11500	1935	66	5	26	0	2032
11501	66	29	1908	23	0	2026
11502	24	24	1934	20	0	2002
11503	22	15	67	1910	0	2014
11504	16	11	1930	72	0	2029
11505	17	9	77	1896	0	1999
11506	1895	3	32	79	0	2009
11507	55	4	1934	38	0	2031
11508	21	10	70	1951	0	2052
11509	24	10	27	1989	0	2050
11510	1945	12	21	85	0	2063
11511	56	1977	15	50	0	2098
11512	1990	52	6	49	0	2097
11513	2023	19	7	30	0	2079
11514	82	1944	7	25	0	2058
11515	49	62	7	1967	0	2085
11516	36	23	1946	63	0	2068
11517	25	23	50	1934	0	2032
11518	19	1946	19	84	0	2068
11519	1988	57	21	35	0	2101
11520	55	29	16	2006	0	2106
11521	19	27	2023	72	0	2141
11522	26	26	56	2050	0	2158
11523	17	14	17	2106	0	2154
11524	15	8	20	2122	0	2165
11525	8	9	15	2139	0	2171
11526	10	12	8	2094	0	2124
11527	9	9	1983	108	0	2109
11528	23	13	1932	58	0	2026
11529	8	1841	63	47	0	1959
11530	7	1863	31	25	0	1926
11531	1821	49	25	17	0	1912
11532	43	29	1820	11	0	1903
11533	1646	22	51	11	0	1730
11534	46	13	1626	12	0	1697
11535	24	7	1550	9	0	1590
11536	22	2	50	1499	0	1573
11537	1555	6	29	38	0	1628
11538	38	4	19	1565	0	1626
11539	16	4	16	1596	0	1632
11540	15	3	1678	53	0	1749
11541	11	4	33	1711	0	1759
11542	9	2	16	1708	0	1735
11543	3	1	13	1724	0	1741
11544	5	6	12	1705	0	1728
11545	7	1	5	1723	0	1736
11546	1664	3	5	72	0	1744
11547	34	1	1	1688	0	1724
11548	15	4	1613	62	0	1694
11549	16	7	29	1629	0	1681
11550	12	4	1606	51	0	1673
11551	12	5	43	1625	0	1685
11552	5	6	1675	52	0	1738
11553	2	9	44	1586	0	1641
11554	3	3	23	1640	0	1669
11555	1	4	1615	53	0	1673
11556	1508	2	40	33	0	1583
11557	30	2	1620	26	0	1678
11558	16	5	40	1636	0	1697
11559	1649	1	19	40	0	1709
11560	40	1	17	1663	0	1721
11561	18	1	12	1684	0	1715
11562	15	5	1653	51	0	1724
11563	13	1610	27	35	0	1685
11564	8	1503	12	26	0	1549
11565	4	1455	8	15	0	1482
11566	33	6	21	1159	0	1219
11567	1170	3	4	0	0	1177
11568	0	3	0	1162	0	1165
11569	0	2	1	1168	0	1171
11570	1	0	0	1181	0	1182
11571	3	0	1	1168	0	1172
11572	0	1172	1	5	0	1178
11573	0	0	0	1194	0	1194
11574	0	0	0	1187	0	1187
11575	0	1172	0	2	0	1174
11576	1194	2	0	2	0	1198
11577	1	0	0	1197	0	1198
11578	1195	2	0	3	0	1200
11579	1177	1	0	1	0	1179
11580	2	1211	0	2	0	1215
11581	2	1	0	1273	0	1276
11582	3	0	1281	1	0	1285
11583	1	2	1253	0	0	1256
11584	0	4	3	1269	0	1276
11585	1300	0	2	3	0	1305
11586	1321	0	3	0	0	1324
11587	4	0	1	1347	0	1352
11588	1348	0	0	4	0	1352
11589	6	1329	0	1	0	1336
11590	1338	3	0	2	0	1343
11591	4	1414	1	1	0	1420
11592	2	6	1	1434	0	1443
11593	3	2	0	1441	0	1446
11594	1	1436	0	4	0	1441
11595	1425	3	0	5	0	1433
11596	3	1	1410	3	0	1417
11597	1	2	4	1402	0	1409
11598	3	1	1423	4	0	1431
11599	1	1	5	1402	0	1409
11600	1438	0	3	8	0	1449
11601	4	0	2	1441	0	1447
11602	1420	0	2	6	0	1428
11603	1422	0	0	4	0	1426
11604	6	0	0	1414	0	1420
11605	5	0	1404	5	0	1414
11606	3	1461	3	2	0	1469
11607	2	3	2	1448	0	1455
11608	1438	2	2	4	0	1446
11609	3	3	1424	1	0	1431
11610	1	2	4	1427	0	1434
11611	2	0	1	1396	0	1399
11612	2	0	2	1416	0	1420
11613	1416	0	1	7	0	1424
11614	4	0	0	1392	0	1396
11615	2	0	0	1407	0	1409
11616	4	0	1439	7	0	1450
11617	2	3	3	1426	0	1434
11618	2	0	2	1456	0	1460
11619	0	1	4	1485	0	1490
11620	1	1475	1	10	0	1487
11621	2	5	0	1445	0	1452
11622	0	2	1	1437	0	1440
11623	1416	2	0	9	0	1427
11624	7	3	1392	5	0	1407
11625	4	1	1314	9	0	1328
11626	3	1380	10	6	0	1399
11627	5	10	6	1420	0	1441
11628	1423	2	4	7	0	1436
11629	6	4	2	1406	0	1418
11630	6	2	0	1423	0	1431
11631	7	0	1	1432	0	1440
11632	2	1	0	1410	0	1413
11633	2	0	2	1406	0	1410
11634	0	2	1390	16	0	1408
11635	2	0	7	1390	0	1399
11636	1393	2	1	14	0	1410
11637	8	1332	4	8	0	1352
11638	2	6	2	1359	0	1369
11639	3	4	0	1356	0	1363
11640	6	3	1272	9	0	1290
11641	1	3	7	1248	0	1259
11642	2	0	2	1345	0	1349
11643	1368	2	3	14	0	1387
11644	11	1415	4	9	0	1439
11645	4	12	0	1450	0	1466
11646	5	4	1	1476	0	1486
11647	5	3	2	1472	0	1482
11648	2	3	1485	19	0	1509
11649	1	2	1400	14	0	1417
11650	3	1437	18	10	0	1468
11651	2	1504	8	3	0	1517
11652	1	17	4	1456	0	1478
11653	0	1428	2	23	0	1453
11654	2	26	0	1594	0	1622
11655	1	5	1	1740	0	1747
11656	1	1	3	1845	0	1850
11657	1	2	3	2106	0	2112
11658	2	4	2142	56	0	2204
11659	1	2	40	2163	0	2206
11660	2	7	18	2202	0	2229
11661	1	3	11	2250	0	2265
11662	2172	0	3	82	0	2257
11663	42	2208	8	48	0	2306
11664	22	40	3	2180	0	2245
11665	8	2239	11	53	0	2311
11666	2181	49	5	46	0	2281
11667	2010	25	3	38	0	2076
11668	53	2200	5	27	0	2285
11669	30	2280	3	24	0	2337
11670	16	81	2229	18	0	2344
11671	12	2310	41	18	0	2381
11672	8	70	21	2267	0	2366
11673	2281	38	13	58	0	2390
11674	56	2334	3	38	0	2431
11675	24	60	8	2383	0	2475
11676	14	51	8	2409	0	2482
11677	9	21	15	2474	0	2519
11678	2399	26	7	89	0	2521
11679	55	19	2367	55	0	2496
11680	2323	16	45	33	0	2417
11681	65	2336	28	21	0	2450
11682	33	56	13	2367	0	2469
11683	22	38	2317	70	0	2447
11684	2271	22	51	54	0	2398
11685	70	2305	33	26	0	2434
11686	39	61	22	2266	0	2388
11687	23	2305	8	60	0	2396
11688	15	70	12	2335	0	2432
11689	16	39	7	2383	0	2445
11690	10	23	2314	89	0	2436
11691	21	15	2242	54	0	2332
11692	9	24	73	2253	0	2359
11693	10	13	2294	76	0	2393
11694	6	23	56	2304	0	2389
11695	8	10	37	2298	0	2353
11696	13	8	23	2366	0	2410
11697	2280	10	18	102	0	2410
11698	49	6	26	2338	0	2419
11699	33	8	2294	85	0	2420
11700	2307	9	55	60	0	2431
11701	50	7	41	2364	0	2462
11702	35	8	16	2410	0	2469
11703	2339	7	12	106	0	2464
11704	59	2385	15	65	0	2524
11705	44	47	11	2445	0	2547
11706	17	35	23	2418	0	2493
11707	2359	11	12	104	0	2486
11708	58	11	2336	69	0	2474
11709	39	8	52	2364	0	2463
11710	27	9	33	2391	0	2460
11711	14	13	17	2371	0	2415
11712	16	2323	7	110	0	2456
11713	15	47	12	2390	0	2464
11714	2328	32	12	88	0	2460
11715	57	2321	16	60	0	2454
11716	2278	42	14	47	0	2381
11717	58	2338	10	41	0	2447
11718	2322	57	9	43	0	2431
11719	61	43	2294	31	0	2429
11720	39	26	2282	37	0	2384
11721	2284	11	71	32	0	2398
11722	59	25	2332	23	0	2439
11723	52	16	52	2323	0	2443
11724	32	17	38	2175	0	2262
11725	22	16	25	2399	0	2462
11726	2341	5	22	94	0	2462
11727	56	10	2316	48	0	2430
11728	2315	8	56	33	0	2412
11729	65	7	42	2378	0	2492
11730	2379	14	22	73	0	2488
11731	69	5	10	2431	0	2515
11732	2493	11	16	77	0	2597
11733	78	7	11	2662	0	2758
11734	55	4	2725	72	0	2856
11735	2749	10	62	46	0	2867
11736	2834	5	38	43	0	2920
11737	105	4	18	2809	0	2936
11738	55	9	8	2795	0	2867
11739	36	2779	16	97	0	2928
11740	2739	51	21	61	0	2872
11741	75	2780	13	35	0	2903
11742	2722	57	18	27	0	2824
11743	82	30	2682	27	0	2821
11744	45	16	2646	32	0	2739
11745	32	6	2625	30	0	2693
11746	2577	16	82	23	0	2698
11747	70	2614	37	20	0	2741
11748	54	51	21	2610	0	2736
11749	2590	37	16	64	0	2707
11750	57	2635	25	49	0	2766
11751	48	83	20	2526	0	2677
11752	27	2542	22	46	0	2637
11753	26	2454	13	45	0	2538
11754	21	2481	13	23	0	2538
11755	2248	65	20	24	0	2357
11756	41	2244	8	22	0	2315
11757	22	1904	4	13	0	1943
11758	11	1873	1	10	0	1895
11759	1835	29	17	5	0	1886
11760	1840	16	8	5	0	1869
11761	33	7	1795	6	0	1841
11762	1738	4	15	8	0	1765
11763	1770	5	11	9	0	1795
11764	28	5	2	1765	0	1800
11765	1786	4	0	19	0	1809
11766	19	7	1767	15	0	1808
11767	19	1864	16	5	0	1904
11768	1898	26	10	1	0	1935
11769	28	13	6	1988	0	2035
11770	1995	2	6	23	0	2026
11771	25	2	1942	14	0	1983
11772	1951	4	23	3	0	1981
11773	28	4	10	1966	0	2008
11774	21	5	1935	20	0	1981
11775	6	1875	17	19	0	1917
11776	9	1945	12	6	0	1972
11777	4	32	6	1887	0	1929
11778	4	10	3	1889	0	1906
11779	8	1913	1	25	0	1947
11780	1897	18	4	12	0	1931
11781	1901	10	2	6	0	1919
11782	1877	5	6	3	0	1891
11783	29	1908	1	2	0	1940
11784	13	21	1	1844	0	1879
11785	4	1898	1	21	0	1924
11786	1906	22	0	7	0	1935
11787	1883	13	5	2	0	1903
11788	28	1862	1	3	0	1894
11789	1897	20	1	3	0	1921
11790	26	8	2	1889	0	1925
11791	10	3	3	1895	0	1911
11792	1907	3	3	23	0	1936
11793	1859	1	4	13	0	1877
11794	1866	6	4	6	0	1882
11795	34	3	2	1859	0	1898
11796	16	4	4	1879	0	1903
11797	7	6	1861	30	0	1904
11798	7	5	17	1841	0	1870
11799	7	6	8	1830	0	1851
11800	6	9	1783	28	0	1826
11801	6	8	1721	12	0	1747
11802	15	3	1788	5	0	1811
11803	9	5	30	1767	0	1811
11804	7	4	1752	25	0	1788
11805	6	6	24	1739	0	1775
11806	7	6	8	1778	0	1799
11807	6	7	1758	30	0	1801
11808	9	2	1757	18	0	1786
11809	12	8	29	1742	0	1791
11810	6	8	1813	23	0	1850
11811	9	4	1787	17	0	1817
11812	5	1813	28	9	0	1855
11813	1849	27	12	5	0	1893
11814	1867	15	6	7	0	1895
11815	1866	8	4	7	0	1885
11816	33	1812	3	5	0	1853
11817	12	1817	5	15	0	1849
11818	5	36	8	1834	0	1883
11819	15	9	6	1814	0	1844
11820	12	9	1779	34	0	1834
11821	8	5	26	1772	0	1811
11822	1773	7	12	26	0	1818
11823	28	4	7	1706	0	1745
11824	14	1750	6	29	0	1799
11825	1800	19	3	16	0	1838
11826	1811	10	9	8	0	1838
11827	1824	10	4	7	0	1845
11828	35	3	1808	10	0	1856
11829	11	5	25	1854	0	1895
11830	2010	1	13	31	0	2055
11831	35	3	2063	10	0	2111
11832	19	1951	34	8	0	2012
11833	10	1855	12	11	0	1888
11834	1713	33	11	6	0	1763
11835	30	1714	9	6	0	1759
11836	10	30	3	1678	0	1721
11837	9	6	1711	29	0	1755
11838	7	9	24	1716	0	1756
11839	1693	4	9	37	0	1743
11840	29	1689	10	10	0	1738
11841	1693	26	6	10	0	1735
11842	32	7	1672	8	0	1719
11843	8	11	28	1642	0	1689
11844	9	1708	6	27	0	1750
11845	4	35	5	1742	0	1786
11846	1741	7	4	29	0	1781
11847	1762	2	6	11	0	1781
11848	1769	6	2	11	0	1788
11849	1786	3	3	3	0	1795
11850	39	2	6	1707	0	1754
11851	17	4	1726	30	0	1777
11852	11	5	26	1701	0	1743
11853	4	1738	8	33	0	1783
11854	1761	27	6	8	0	1802
11855	29	10	1751	8	0	1798
11856	1720	10	23	3	0	1756
11857	31	5	9	1742	0	1787
11858	13	2	1783	27	0	1825
11859	10	1	25	1777	0	1813
11860	1797	3	8	37	0	1845
11861	1819	3	8	8	0	1838
11862	1819	3	2	12	0	1836
11863	40	3	1801	3	0	1847
11864	14	5	27	1835	0	1881
11865	10	2	1849	31	0	1892
11866	8	1839	29	9	0	1885
11867	1732	21	11	13	0	1777
11868	21	1692	7	4	0	1724
11869	1590	23	5	3	0	1621
11870	27	8	2	1559	0	1596
11871	7	1580	3	16	0	1606
11872	1600	19	2	6	0	1627
11873	18	7	1610	6	0	1641
11874	9	3	18	1585	0	1615
11875	1612	0	7	21	0	1640
11876	21	4	1626	7	0	1658
11877	11	4	16	1595	0	1626
11878	9	1568	6	18	0	1601
11879	5	18	7	1642	0	1672
11880	3	8	1	1666	0	1678
11881	1640	8	2	25	0	1675
11882	24	1630	0	11	0	1665
11883	14	22	1	1591	0	1628
11884	7	1630	4	22	0	1663
11885	4	19	5	1639	0	1667
11886	7	1665	2	22	0	1696
11887	1664	23	2	6	0	1695
11888	22	8	1685	5	0	1720
11889	10	7	19	1667	0	1703
11890	7	3	5	1671	0	1686
11891	4	4	6	1681	0	1695
11892	4	2	4	1667	0	1677
11893	7	2	1643	26	0	1678
11894	2	1694	20	15	0	1731
11895	1705	18	7	9	0	1739
11896	1724	5	5	7	0	1741
11897	25	1705	1	9	0	1740
11898	1737	20	3	2	0	1762
11899	1731	9	3	3	0	1746
11900	24	1753	3	5	0	1785
11901	10	16	1	1734	0	1761
11902	5	1752	2	14	0	1773
11903	1747	24	1	6	0	1778
11904	22	8	1723	8	0	1761
11905	1637	8	17	2	0	1664
11906	22	2	1751	5	0	1780
11907	9	3	19	1742	0	1773
11908	1756	3	4	17	0	1780
11909	21	3	1747	6	0	1777
11910	1669	2	17	7	0	1695
11911	1746	2	6	7	0	1761
11912	22	2	7	1733	0	1764
11913	9	1751	3	20	0	1783
11914	1774	16	4	4	0	1798
11915	20	10	1	1765	0	1796
11916	11	1747	2	20	0	1780
11917	1778	15	2	8	0	1803
11918	19	8	1	1797	0	1825
11919	10	1846	0	16	0	1872
11920	6	15	3	1894	0	1918
11921	1907	5	6	18	0	1936
11922	1903	4	2	6	0	1915
11923	1917	3	1	8	0	1929
11924	27	2	3	1882	0	1914
11925	7	3	5	1883	0	1898
11926	8	1	1891	24	0	1924
11927	2	10	15	1892	0	1919
11928	3	1	1928	22	0	1954
11929	3	4	1806	12	0	1825
11930	1	0	1677	2	0	1680
11931	0	1742	9	2	0	1753
11932	3	7	9	1723	0	1742
11933	3	1908	5	5	0	1921
11934	1969	11	2	2	0	1984
11935	1968	5	1	3	0	1977
11936	8	1	2	2047	0	2058
11937	1	2	2120	10	0	2133
11938	1	1	18	2115	0	2135
11939	3	0	2172	18	0	2193
11940	4	0	17	2137	0	2158
11941	1	2153	6	22	0	2182
11942	1	2214	2	3	0	2220
11943	2196	19	2	4	0	2221
11944	19	2	2197	3	0	2221
11945	3	2	18	2170	0	2193
11946	4	3	2	2200	0	2209
11947	2205	1	0	22	0	2228
11948	21	2206	3	3	0	2233
11949	2215	18	4	4	0	2241
11950	19	2231	2	5	0	2257
11951	2204	17	3	5	0	2229
11952	2241	4	1	3	0	2249
11953	24	7	2	2238	0	2271
11954	5	4	2243	21	0	2273
11955	2182	6	19	5	0	2212
11956	25	2255	5	7	0	2292
11957	2285	20	4	5	0	2314
11958	25	3	3	2222	0	2253
11959	8	2	5	2221	0	2236
11960	6	2221	1	25	0	2253
11961	6	23	2	2193	0	2224
11962	6	2237	2	22	0	2267
11963	9	22	2	2208	0	2241
11964	7	4	1	2174	0	2186
11965	2117	4	4	25	0	2150
11966	24	3	2113	6	0	2146
11967	8	2103	19	4	0	2134
11968	3	19	5	2142	0	2169
11969	2145	6	1	24	0	2176
11970	2167	3	1	8	0	2179
11971	2154	6	1	4	0	2165
11972	27	6	2130	4	0	2167
11973	2120	1	21	9	0	2151
11974	25	5	5	2146	0	2181
11975	2139	3	2	31	0	2175
11976	30	2104	3	11	0	2148
11977	11	26	3	2119	0	2159
11978	2101	6	3	30	0	2140
11979	27	2154	2	13	0	2196
11980	13	24	1	2174	0	2212
11981	7	10	2162	27	0	2206
11982	2230	1	27	13	0	2271
11983	2330	2	7	8	0	2347
11984	41	4	2296	5	0	2346
11985	16	2228	31	4	0	2279
11986	10	2297	12	5	0	2324
11987	8	38	8	2301	0	2355
11988	8	17	2	2252	0	2279
11989	8	8	2	2299	0	2317
11990	6	6	2312	43	0	2367
11991	2287	8	34	19	0	2348
11992	2399	6	13	15	0	2433
11993	2443	4	8	9	0	2464
11994	2428	6	2	7	0	2443
11995	2445	5	3	8	0	2461
11996	2477	2	7	10	0	2496
11997	57	3	6	2564	0	2630
11998	26	5	2538	46	0	2615
11999	19	7	2600	19	0	2645
12000	10	4	52	2628	0	2694
12001	8	10	16	2628	0	2662
12002	12	3	14	2629	0	2658
12003	14	2663	7	60	0	2744
12004	2676	46	7	33	0	2762
12005	51	2753	8	20	0	2832
12006	24	52	4	2734	0	2814
12007	2704	16	8	55	0	2783
12008	60	2710	5	20	0	2795
12009	23	53	4	2709	0	2789
12010	23	25	4	2747	0	2799
12011	19	13	5	2742	0	2779
12012	15	2667	7	75	0	2764
12013	9	50	9	2723	0	2791
12014	9	16	2706	73	0	2804
12015	13	17	53	2762	0	2845
12016	12	11	13	2813	0	2849
12017	11	11	7	2961	0	2990
12018	9	8	7	3038	0	3062
12019	16	13	2972	99	0	3100
12020	11	2984	68	53	0	3116
12021	17	69	20	3041	0	3147
12022	11	27	24	3143	0	3205
12023	13	22	12	3102	0	3149
12024	8	2980	6	117	0	3111
12025	12	3158	7	64	0	3241
12026	3082	87	11	45	0	3225
12027	74	46	6	3053	0	3179
12028	25	29	3015	94	0	3163
12029	24	3014	74	39	0	3151
12030	2964	74	24	42	0	3104
12031	80	30	2932	24	0	3066
12032	28	31	2911	24	0	2994
12033	29	10	2882	25	0	2946
12034	21	16	110	2752	0	2899
12035	8	18	2796	75	0	2897
12036	7	2653	91	36	0	2787
12037	13	62	33	2558	0	2666
12038	9	21	2578	81	0	2689
12039	5	30	75	2537	0	2647
12040	2487	20	34	83	0	2624
12041	65	11	2515	48	0	2639
12042	2469	8	70	46	0	2593
12043	79	2574	31	27	0	2711
12044	2545	68	26	19	0	2658
12045	87	32	20	2545	0	2684
12046	2573	29	13	73	0	2688
12047	2607	18	15	38	0	2678
12048	2534	10	20	38	0	2602
12049	101	2543	21	29	0	2694
12050	2567	66	19	18	0	2670
12051	2611	29	16	21	0	2677
12052	94	26	2543	22	0	2685
12053	56	2529	69	17	0	2671
12054	44	67	35	2516	0	2662
12055	28	32	34	2577	0	2671
12056	18	35	17	2589	0	2659
12057	24	16	2478	104	0	2622
12058	18	11	69	2545	0	2643
12059	18	12	2512	105	0	2647
12060	2498	15	86	53	0	2652
12061	2576	14	36	48	0	2674
12062	93	8	2557	36	0	2694
12063	2567	15	75	27	0	2684
12064	2647	15	35	24	0	2721
12065	2667	18	28	25	0	2738
12066	111	14	20	2583	0	2728
12067	74	7	2597	79	0	2757
12068	51	2618	66	44	0	2779
12069	29	67	40	2649	0	2785
12070	25	38	2673	77	0	2813
12071	31	27	2550	43	0	2651
12072	2507	19	78	46	0	2650
12073	64	2648	57	36	0	2805
12074	2677	55	46	27	0	2805
12075	2733	31	20	35	0	2819
12076	91	2701	27	25	0	2844
12077	2717	64	25	23	0	2829
12078	93	24	2762	27	0	2906
12079	46	29	2725	18	0	2818
12080	50	22	2707	21	0	2800
12081	44	2636	94	16	0	2790
12082	2575	50	71	12	0	2708
12083	2596	24	35	18	0	2673
12084	75	2529	29	12	0	2645
12085	57	2613	16	17	0	2703
12086	45	59	24	2576	0	2704
12087	28	45	20	2609	0	2702
12088	2596	37	12	67	0	2712
12089	61	2612	20	44	0	2737
12090	2596	56	16	36	0	2704
12091	2600	25	18	21	0	2664
12092	86	31	2539	12	0	2668
12093	52	2513	54	12	0	2631
12094	55	60	25	2505	0	2645
12095	2487	27	22	42	0	2578
12096	64	28	16	2449	0	2557
12097	2337	13	12	56	0	2418
12098	57	10	2266	25	0	2358
12099	35	2209	50	24	0	2318
12100	21	2259	25	15	0	2320
12101	27	61	28	2112	0	2228
12102	26	2266	16	31	0	2339
12103	2253	54	15	17	0	2339
12104	43	28	2233	18	0	2322
12105	2125	23	42	10	0	2200
12106	54	15	2249	14	0	2332
12107	31	6	38	2270	0	2345
12108	30	9	25	2289	0	2353
12109	24	10	18	2298	0	2350
12110	2275	9	12	53	0	2349
12111	46	6	2312	32	0	2396
12112	25	6	37	2315	0	2383
12113	22	16	16	2305	0	2359
12114	18	2249	20	41	0	2328
12115	15	2223	11	31	0	2280
12116	18	2271	3	27	0	2319
12117	14	40	8	2136	0	2198
12118	5	19	4	2044	0	2072
12119	2	1936	1	15	0	1954
12120	4	1932	1	6	0	1943
12121	1913	7	14	5	0	1939
12122	6	9	1	1899	0	1915
12123	1	1864	3	5	0	1873
12124	1896	4	3	3	0	1906
12125	8	0	0	1910	0	1918
12126	2063	0	1	2	0	2066
12127	15	0	2	2113	0	2130
12128	2	1	2126	14	0	2143
12129	1	2143	11	3	0	2158
12130	2124	13	1	2	0	2140
12131	12	2	2144	1	0	2159
12132	2	2155	12	0	0	2169
12133	2	11	2	2132	0	2147
12134	1	2	1	2159	0	2163
12135	0	1	1	2118	0	2120
12136	0	1	1	2080	0	2082
12137	0	0	2118	16	0	2134
12138	0	2078	12	6	0	2096
12139	0	10	1	2106	0	2117
12140	2075	2	1	12	0	2090
12141	12	2075	1	6	0	2094
12142	5	12	0	2197	0	2214
12143	1	3	2157	16	0	2177
12144	1	2180	16	4	0	2201
12145	3	17	3	2061	0	2084
12146	1	2256	2	14	0	2273
12147	2287	19	1	3	0	2310
12148	2311	3	0	2	0	2316
12149	20	2	2255	0	0	2277
12150	2247	1	19	2	0	2269
12151	2308	0	2	1	0	2311
12152	25	0	2229	0	0	2254
12153	5	2242	21	2	0	2270
12154	5	19	3	2253	0	2280
12155	3	2	2	2328	0	2335
12156	2311	1	2	22	0	2336
12157	21	1	0	2322	0	2344
12158	5	0	2308	25	0	2338
12159	2232	0	22	7	0	2261
12160	23	1	2278	2	0	2304
12161	2	2289	25	2	0	2318
12162	2223	21	3	2	0	2249
12163	27	4	2229	0	0	2260
12164	4	3	2176	1	0	2184
12165	2	2222	24	4	0	2252
12166	2	24	5	2245	0	2276
12167	0	3	2183	22	0	2208
12168	0	3	27	2011	0	2041
12169	2	1	3	2164	0	2170
12170	1	1	2137	28	0	2167
12171	0	2133	27	5	0	2165
12172	0	25	3	2155	0	2183
12173	2097	3	1	27	0	2128
12174	2079	2	3	3	0	2087
12175	26	3	0	2076	0	2105
12176	4	0	2054	25	0	2083
12177	4	2	2099	4	0	2109
12178	2	2	26	2042	0	2072
12179	1	1	2004	27	0	2033
12180	1983	1	27	4	0	2015
12181	26	0	4	2042	0	2072
12182	4	0	3	2066	0	2073
12183	5	2040	3	28	0	2076
12184	4	24	1	2075	0	2104
12185	1	3	2017	31	0	2052
12186	1945	4	27	4	0	1980
12187	2004	5	4	4	0	2017
12188	29	1	2016	3	0	2049
12189	7	1	27	2149	0	2184
12190	7	2	3	2207	0	2219
12191	2	0	2197	41	0	2240
12192	4	0	39	2242	0	2285
12193	5	0	4	2326	0	2335
12194	2	2371	5	40	0	2418
12195	1	42	3	2516	0	2562
12196	3	5	1	2561	0	2570
12197	2584	3	4	53	0	2644
12198	2695	3	2	18	0	2718
12199	2757	2	0	11	0	2770
12200	2731	0	3	8	0	2742
12201	2724	1	3	6	0	2734
12202	64	2	2617	5	0	2688
12203	15	0	51	2609	0	2675
12204	11	4	6	2672	0	2693
12205	7	3	2626	56	0	2692
12206	2507	1	47	21	0	2576
12207	2577	2	11	11	0	2601
12208	62	5	2463	6	0	2536
12209	2558	0	40	7	0	2605
12210	2625	2	8	5	0	2640
12211	65	1	2555	4	0	2625
12212	19	1	55	2526	0	2601
12213	14	2645	13	48	0	2720
12214	10	55	10	2744	0	2819
12215	9	6	4	2796	0	2815
12216	10	7	7	2762	0	2786
12217	7	3	2689	76	0	2775
12218	2666	2	60	20	0	2748
12219	2736	3	11	13	0	2763
12220	73	2	8	2686	0	2769
12221	21	0	2648	64	0	2733
12222	19	5	62	2622	0	2708
12223	9	1	2663	71	0	2744
12224	5	3	2728	14	0	2750
12225	6	2720	71	16	0	2813
12226	16	47	20	2564	0	2647
12227	2520	8	14	58	0	2600
12228	2477	5	6	11	0	2499
12229	2492	3	7	12	0	2514
12230	64	2	8	2452	0	2526
12231	16	2553	3	57	0	2629
12232	13	52	5	2583	0	2653
12233	7	5	2712	71	0	2795
12234	2946	7	56	17	0	3026
12235	3163	3	11	16	0	3193
12236	80	5	13	3137	0	3235
12237	24	2	6	3203	0	3235
12238	26	2	5	3216	0	3249
12239	14	1	3111	96	0	3222
12240	2954	1	76	29	0	3060
12241	75	3055	11	33	0	3174
12242	16	3027	16	19	0	3078
12243	15	72	3009	16	0	3112
12244	11	21	73	2970	0	3075
12245	14	11	2984	74	0	3083
12246	2892	6	72	18	0	2988
12247	77	5	15	2895	0	2992
12248	22	5	2860	72	0	2959
12249	18	2913	65	28	0	3024
12250	2940	62	15	20	0	3037
12251	79	9	2992	14	0	3094
12252	13	2935	74	11	0	3033
12253	23	3044	10	16	0	3093
12254	3025	74	20	14	0	3133
12255	74	19	13	3036	0	3142
12256	21	13	3103	76	0	3213
12257	25	3081	65	30	0	3201
12258	3107	65	23	26	0	3221
12259	3154	10	20	21	0	3205
12260	73	3103	9	18	0	3203
12261	27	68	3146	13	0	3254
12262	18	16	79	3151	0	3264
12263	3159	20	12	75	0	3266
12264	3201	13	24	15	0	3253
12265	92	12	3142	19	0	3265
12266	29	8	75	3112	0	3224
12267	24	6	24	3213	0	3267
12268	19	14	3172	80	0	3285
12269	23	11	3146	26	0	3206
12270	3159	11	79	22	0	3271
12271	3248	15	30	20	0	3313
12272	3261	14	25	14	0	3314
12273	3274	7	16	14	0	3311
12274	105	8	3167	14	0	3294
12275	3179	5	74	13	0	3271
12276	96	9	17	3176	0	3298
12277	30	8	3205	85	0	3328
12278	34	4	3223	34	0	3295
12279	14	3192	83	35	0	3324
12280	12	70	36	3168	0	3286
12281	20	19	3214	76	0	3329
12282	3137	17	73	28	0	3255
12283	88	10	28	2969	0	3095
12284	31	3192	28	64	0	3315
12285	3230	66	21	22	0	3339
12286	3271	9	15	32	0	3327
12287	89	13	3204	24	0	3330
12288	27	3167	89	20	0	3303
12289	24	62	28	3081	0	3195
12290	3064	16	23	67	0	3170
12291	79	19	15	3038	0	3151
12292	26	12	2959	66	0	3063
12293	2699	9	66	18	0	2792
12294	68	2791	10	30	0	2899
12295	20	2612	14	16	0	2662
12296	22	2753	21	10	0	2806
12297	2658	63	37	13	0	2771
12298	2627	17	13	16	0	2673
12299	2633	15	14	9	0	2671
12300	67	9	7	2580	0	2663
12301	28	8	2598	49	0	2683
12302	17	7	50	2635	0	2709
12303	2633	9	17	58	0	2717
12304	64	4	12	2647	0	2727
12305	2693	9	12	53	0	2767
12306	2702	12	11	17	0	2742
12307	2665	13	10	14	0	2702
12308	62	2647	7	15	0	2731
12309	2642	46	15	8	0	2711
12310	66	10	2619	6	0	2701
12311	18	12	2581	14	0	2625
12312	21	2528	55	9	0	2613
12313	25	35	23	2415	0	2498
12314	2402	12	11	41	0	2466
12315	50	11	2382	11	0	2454
12316	2362	10	38	13	0	2423
12317	59	4	10	2357	0	2430
12318	26	2395	16	43	0	2480
12319	13	44	15	2450	0	2522
12320	18	10	2455	43	0	2526
12321	2405	8	45	15	0	2473
12322	49	5	2491	13	0	2558
12323	17	11	2427	10	0	2465
12324	2348	4	42	12	0	2406
12325	55	2369	17	9	0	2450
12326	2442	40	12	10	0	2504
12327	2474	9	11	7	0	2501
12328	49	12	2425	7	0	2493
12329	2405	8	40	6	0	2459
12330	47	6	2380	15	0	2448
12331	16	6	2269	10	0	2301
12332	22	5	2283	14	0	2324
12333	14	2141	48	9	0	2212
12334	1844	30	61	12	0	1947
12335	1791	9	8	7	0	1815
12336	1792	5	1	0	0	1798
12337	1801	0	5	4	0	1810
12338	18	2	1782	0	0	1802
12339	10	2	12	1778	0	1802
12340	3	2	9	1792	0	1806
12341	1788	0	3	17	0	1808
12342	18	1784	2	5	0	1809
12343	4	15	5	1754	0	1778
12344	1747	3	3	12	0	1765
12345	16	5	1768	3	0	1792
12346	5	1	17	1736	0	1759
12347	4	4	1770	12	0	1790
12348	6	1746	15	7	0	1774
12349	14	15	11	1661	0	1701
12350	1635	4	4	13	0	1656
12351	16	3	1	1637	0	1657
12352	7	1	1642	15	0	1665
12353	3	1631	15	6	0	1655
12354	1593	13	4	8	0	1618
12355	14	4	1587	4	0	1609
12356	1528	4	15	1	0	1548
12357	15	1544	5	7	0	1571
12358	1557	13	6	2	0	1578
12359	1579	5	0	4	0	1588
12360	20	3	2	1580	0	1605
12361	8	1	1576	16	0	1601
12362	3	1600	13	7	0	1623
12363	3	13	5	1645	0	1666
12364	2	6	3	1672	0	1683
12365	2	2	5	1739	0	1748
12366	4	2	1	1850	0	1857
12367	2	2096	4	31	0	2133
12368	2240	25	1	11	0	2277
12369	35	2262	0	7	0	2304
12370	11	32	3	2426	0	2472
12371	2483	9	3	43	0	2538
12372	45	7	2	2504	0	2558
12373	18	1	2479	51	0	2549
12374	12	2482	44	24	0	2562
12375	6	46	16	2488	0	2556
12376	6	21	10	2545	0	2582
12377	2423	10	1	62	0	2496
12378	46	3	2406	31	0	2486
12379	2400	5	44	15	0	2464
12380	2402	3	18	6	0	2429
12381	2410	3	12	2	0	2427
12382	72	9	2357	5	0	2443
12383	31	1	45	2346	0	2423
12384	14	6	17	2367	0	2404
12385	6	1	2363	68	0	2438
12386	7	4	2390	29	0	2430
12387	2420	1	59	19	0	2499
12388	52	3	27	2457	0	2539
12389	2488	6	10	50	0	2554
12390	2572	1	4	26	0	2603
12391	68	4	2	2550	0	2624
12392	35	1	2722	50	0	2808
12393	2678	3	55	25	0	2761
12394	61	2	21	2822	0	2906
12395	27	3	2826	58	0	2914
12396	18	2785	48	28	0	2879
12397	2777	53	22	17	0	2869
12398	54	2800	14	18	0	2886
12399	33	64	7	2609	0	2713
12400	20	2836	7	47	0	2910
12401	2755	63	7	27	0	2852
12402	2795	25	6	13	0	2839
12403	82	2767	5	20	0	2874
12404	2791	59	10	11	0	2871
12405	2779	24	5	22	0	2830
12406	84	2714	7	23	0	2828
12407	2755	61	11	15	0	2842
12408	81	23	11	2717	0	2832
12409	37	18	10	2774	0	2839
12410	2738	8	5	83	0	2834
12411	74	7	12	2631	0	2724
12412	46	2675	8	69	0	2798
12413	2685	64	9	30	0	2788
12414	2719	24	13	21	0	2777
12415	83	2705	12	13	0	2813
12416	2720	56	8	17	0	2801
12417	2765	24	9	15	0	2813
12418	88	17	14	2665	0	2784
12419	51	5	2659	65	0	2780
12420	38	2654	57	32	0	2781
12421	2674	58	28	28	0	2788
12422	2698	27	17	16	0	2758
12423	104	15	2600	19	0	2738
12424	2653	4	58	22	0	2737
12425	81	12	2584	16	0	2693
12426	2593	11	71	14	0	2689
12427	86	20	25	2569	0	2700
12428	42	10	2565	72	0	2689
12429	34	20	2587	34	0	2675
12430	31	21	78	2536	0	2666
12431	24	17	34	2545	0	2620
12432	27	14	2477	83	0	2601
12433	27	19	59	2470	0	2575
12434	26	16	2481	76	0	2599
12435	31	16	71	2480	0	2598
12436	32	15	26	2463	0	2536
12437	35	2382	13	77	0	2507
12438	31	2412	14	45	0	2502
12439	26	2519	9	32	0	2586
12440	32	77	9	2463	0	2581
12441	21	39	9	2535	0	2604
12442	19	23	2439	92	0	2573
12443	2424	12	61	40	0	2537
12444	2500	10	24	39	0	2573
12445	98	2438	20	17	0	2573
12446	2484	68	10	15	0	2577
12447	91	26	9	2438	0	2564
12448	2470	21	12	68	0	2571
12449	2524	11	11	34	0	2580
12450	103	10	10	2457	0	2580
12451	2434	13	11	68	0	2526
12452	78	2357	13	38	0	2486
12453	40	2444	12	19	0	2515
12454	35	73	17	2329	0	2454
12455	35	2434	11	61	0	2541
12456	23	75	17	2398	0	2513
12457	37	22	11	2445	0	2515
12458	2390	17	19	75	0	2501
12459	71	2350	16	44	0	2481
12460	2321	58	13	31	0	2423
12461	2308	24	17	21	0	2370
12462	79	2293	13	23	0	2408
12463	2288	58	14	18	0	2378
12464	72	21	2226	29	0	2348
12465	29	2146	56	16	0	2247
12466	2035	46	20	26	0	2127
12467	53	12	1833	11	0	1909
12468	13	1625	33	13	0	1684
12469	19	1650	28	14	0	1711
12470	1470	22	28	4	0	1524
12471	1451	12	5	4	0	1472
12472	1440	10	3	2	0	1455
12473	28	1438	4	4	0	1474
12474	10	19	2	1452	0	1483
12475	1459	7	4	21	0	1491
12476	1472	4	5	6	0	1487
12477	29	1	1	1463	0	1494
12478	12	3	1475	20	0	1510
12479	7	10	1478	5	0	1500
12480	3	7	20	1476	0	1506
12481	6	1	8	1501	0	1516
12482	7	4	1499	21	0	1531
12483	3	1	19	1476	0	1499
12484	5	1484	5	28	0	1522
12485	1455	17	11	2	0	1485
12486	18	10	2	1445	0	1475
12487	1386	3	4	20	0	1413
12488	16	1407	4	9	0	1436
12489	6	1434	3	8	0	1451
12490	1402	17	1	6	0	1426
12491	16	5	1372	4	0	1397
12492	1144	8	12	5	0	1169
12493	14	1162	6	7	0	1189
12494	6	6	1	1077	0	1090
12495	1057	2	1	8	0	1068
12496	6	1	2	1050	0	1059
12497	1098	0	2	7	0	1107
12498	1081	1	1	2	0	1085
12499	8	1126	1	2	0	1137
12500	1102	4	1	2	0	1109
12501	5	1080	0	2	0	1087
12502	1096	1	1	2	0	1100
12503	5	0	0	1097	0	1102
12504	1108	2	2	3	0	1115
12505	3	2	0	1139	0	1144
12506	1188	1	0	4	0	1193
12507	1204	3	0	3	0	1210
12508	1217	0	0	1	0	1218
12509	1220	0	0	3	0	1223
12510	1202	0	1	0	0	1203
12511	3	0	0	1211	0	1214
12512	1180	0	0	4	0	1184
12513	4	1161	0	7	0	1172
12514	2	6	1168	0	0	1176
12515	2	1	4	1158	0	1165
12516	2	0	1217	5	0	1224
12517	1	1	5	1253	0	1260
12518	1	2	1276	10	0	1289
12519	1250	1	8	2	0	1261
12520	9	0	3	1275	0	1287
12521	1	2	1275	9	0	1287
12522	1	1	1317	1	0	1320
12523	2	0	9	1337	0	1348
12524	1487	1	2	10	0	1500
12525	12	1583	0	2	0	1597
12526	1596	13	1	2	0	1612
12527	1606	6	1	1	0	1614
12528	20	1578	2	9	0	1609
12529	1664	13	0	2	0	1679
12530	16	6	0	1658	0	1680
12531	6	2	1	1679	0	1688
12532	2	0	0	1688	0	1690
12533	1679	0	0	21	0	1700
12534	13	1678	0	10	0	1701
12535	8	13	1	1707	0	1729
12536	2	7	0	1740	0	1749
12537	1727	3	0	20	0	1750
12538	16	0	0	1730	0	1746
12539	7	1	1790	16	0	1814
12540	2	1885	16	6	0	1909
12541	1916	21	8	3	0	1948
12542	22	12	1	1907	0	1942
12543	15	1967	0	21	0	2003
12544	1973	24	1	12	0	2010
12545	27	14	1959	5	0	2005
12546	12	1964	25	3	0	2004
12547	1990	28	11	2	0	2031
12548	30	12	4	1973	0	2019
12549	13	4	2	1991	0	2010
12550	7	3	1967	34	0	2011
12551	8	1	23	1951	0	1983
12552	1	3	2085	27	0	2116
12553	4	3	1982	15	0	2004
12554	4	2	2097	7	0	2110
12555	2081	5	37	8	0	2131
12556	2122	1	19	7	0	2149
12557	2152	1	10	5	0	2168
12558	40	2	7	2100	0	2149
12559	21	2085	5	22	0	2133
12560	10	2144	5	14	0	2173
12561	2189	35	4	6	0	2234
12562	2178	16	1	7	0	2202
12563	38	2169	4	4	0	2215
12564	2162	29	2	3	0	2196
12565	31	15	2137	2	0	2185
12566	18	6	2116	2	0	2142
12567	8	9	35	2039	0	2091
12568	14	1	15	2128	0	2158
12569	4	1	2116	35	0	2156
12570	3	4	27	2079	0	2113
12571	2097	1	15	31	0	2144
12572	24	2	2085	18	0	2129
12573	2046	1	30	7	0	2084
12574	29	3	16	2108	0	2156
12575	20	2	2163	28	0	2213
12576	10	2164	30	12	0	2216
12577	2184	22	16	9	0	2231
12578	29	14	2137	5	0	2185
12579	2115	5	31	5	0	2156
12580	31	5	15	2131	0	2182
12581	2149	3	5	28	0	2185
12582	30	1	2213	15	0	2259
12583	19	5	24	2239	0	2287
12584	2321	2	13	26	0	2362
12585	2363	0	9	17	0	2389
12586	2433	0	7	5	0	2445
12587	2454	1	4	9	0	2468
12588	48	1	2	2342	0	2393
12589	21	1	6	2335	0	2363
12590	10	1	2340	43	0	2394
12591	11	2	26	2334	0	2373
12592	13	0	13	2284	0	2310
12593	7	2371	7	42	0	2427
12594	2432	28	5	18	0	2483
12595	2486	14	3	14	0	2517
12596	45	2595	2	9	0	2651
12597	20	37	5	2591	0	2653
12598	17	17	1	2641	0	2676
12599	2535	5	3	63	0	2606
12600	39	7	2580	30	0	2656
12601	22	1	37	2618	0	2678
12602	15	1	2647	42	0	2705
12603	2591	5	42	25	0	2663
12604	2660	2	19	17	0	2698
12605	2675	2	6	11	0	2694
12606	68	2	4	2578	0	2652
12607	27	2	5	2593	0	2627
12608	2585	3	4	61	0	2653
12609	44	5	2559	28	0	2636
12610	30	0	37	2571	0	2638
12611	2600	4	20	47	0	2671
12612	46	5	2	2619	0	2672
12613	23	1	2688	47	0	2759
12614	9	4	2645	26	0	2684
12615	2637	3	51	10	0	2701
12616	42	2676	23	7	0	2748
12617	2735	32	9	19	0	2795
12618	2783	15	8	11	0	2817
12619	56	3	7	2766	0	2832
12620	28	5	7	2761	0	2801
12621	12	2732	11	54	0	2809
12622	2708	31	5	26	0	2770
12623	40	2731	5	11	0	2787
12624	26	2679	2	6	0	2713
12625	9	39	2	2572	0	2622
12626	2586	11	2	32	0	2631
12627	2633	6	4	17	0	2660
12628	41	6	1	2597	0	2645
12629	20	2	3	2556	0	2581
12630	14	2	2	2553	0	2571
12631	2509	2	2	45	0	2558
12632	33	3	2500	27	0	2563
12633	18	2512	28	14	0	2572
12634	2504	27	12	10	0	2553
12635	39	15	4	2499	0	2557
12636	22	4	2489	33	0	2548
12637	8	2	2469	21	0	2500
12638	8	2495	33	9	0	2545
12639	6	2489	12	11	0	2518
12640	14	34	12	2354	0	2414
12641	5	2204	5	16	0	2230
12642	10	22	1	2336	0	2369
12643	1	9	4	2358	0	2372
12644	2373	2	4	26	0	2405
12645	22	4	4	2366	0	2396
12646	10	3	1	2386	0	2400
12647	5	2	2355	27	0	2389
12648	4	6	17	2388	0	2415
12649	2408	2	9	24	0	2443
12650	2422	2	5	12	0	2441
12651	32	2506	2	6	0	2546
12652	2449	21	0	12	0	2482
12653	28	12	2454	8	0	2502
12654	16	2446	22	9	0	2493
12655	8	23	12	2496	0	2539
12656	5	10	5	2542	0	2562
12657	5	7	0	2574	0	2586
12658	2545	2	2	38	0	2587
12659	2475	3	9	19	0	2506
12660	31	4	2499	8	0	2542
12661	16	2	2432	5	0	2455
12662	12	4	2493	7	0	2516
12663	8	2488	37	5	0	2538
12664	7	2544	18	8	0	2577
12665	2544	35	4	7	0	2590
12666	2565	13	3	13	0	2594
12667	37	4	3	2589	0	2633
12668	21	4	4	2568	0	2597
12669	6	2599	4	40	0	2649
12670	6	25	1	2639	0	2671
12671	5	16	2634	34	0	2689
12672	6	2630	26	19	0	2681
12673	8	21	13	2670	0	2712
12674	4	12	2719	28	0	2763
12675	3	9	24	2585	0	2621
12676	7	2639	13	28	0	2687
12677	2721	29	6	15	0	2771
12678	2719	19	5	11	0	2754
12679	2840	4	4	5	0	2853
12680	48	5	4	2828	0	2885
12681	21	7	4	2898	0	2930
12682	2891	2	4	51	0	2948
12683	35	2891	8	23	0	2957
12684	2914	34	3	14	0	2965
12685	43	20	3081	9	0	3153
12686	3066	10	37	10	0	3123
12687	3161	3	25	13	0	3202
12688	73	2	12	3147	0	3234
12689	3200	2	9	49	0	3260
12690	3318	7	5	30	0	3360
12691	84	6	6	3307	0	3403
12692	47	3	3263	54	0	3367
12693	3173	5	50	37	0	3265
12694	55	6	3267	15	0	3343
12695	37	3346	54	9	0	3446
12696	28	37	40	3285	0	3390
12697	11	27	9	3413	0	3460
12698	3671	7	2	70	0	3750
12699	53	10	3704	34	0	3801
12700	37	5	50	3624	0	3716
12701	16	3679	25	52	0	3772
12702	8	3695	13	28	0	3744
12703	8	70	5	3710	0	3793
12704	7	30	3674	58	0	3769
12705	5	13	47	3730	0	3795
12706	9	6	30	3712	0	3757
12707	10	3	3595	74	0	3682
12708	7	3687	49	39	0	3782
12709	3582	53	22	16	0	3673
12710	49	3715	11	16	0	3791
12711	29	59	6	3703	0	3797
12712	3560	32	8	52	0	3652
12713	48	3565	8	43	0	3664
12714	29	51	3524	17	0	3621
12715	3482	37	48	9	0	3576
12716	54	3597	24	10	0	3685
12717	3579	49	17	12	0	3657
12718	62	30	3443	11	0	3546
12719	3455	9	49	16	0	3529
12720	61	10	27	3460	0	3558
12721	35	12	3452	53	0	3552
12722	20	11	42	3384	0	3457
12723	19	3360	25	52	0	3456
12724	9	54	16	3416	0	3495
12725	15	27	5	3435	0	3482
12726	12	19	3317	77	0	3425
12727	13	9	49	3376	0	3447
12728	12	10	2970	66	0	3058
12729	13	3354	44	35	0	3446
12730	9	58	21	3368	0	3456
12731	11	31	3379	55	0	3476
12732	9	3347	54	42	0	3452
12733	11	3485	34	18	0	3548
12734	9	70	3440	20	0	3539
12735	9	36	3455	15	0	3515
12736	9	19	75	3422	0	3525
12737	3351	13	33	71	0	3468
12738	53	3363	19	44	0	3479
12739	39	54	9	3338	0	3440
12740	3328	36	12	61	0	3437
12741	56	3374	11	39	0	3480
12742	3359	66	11	14	0	3450
12743	65	3423	9	26	0	3523
12744	3422	58	11	18	0	3509
12745	3400	36	14	16	0	3466
12746	3482	21	11	12	0	3526
12747	94	3574	12	16	0	3696
12748	49	65	20	3597	0	3731
12749	26	32	3538	71	0	3667
12750	25	3551	61	39	0	3676
12751	27	71	24	3461	0	3583
12752	20	34	13	3474	0	3541
12753	29	16	3346	82	0	3473
12754	26	3276	63	36	0	3401
12755	3245	68	27	22	0	3362
12756	66	3263	16	21	0	3366
12757	39	65	14	3218	0	3336
12758	24	29	3220	68	0	3341
12759	3187	15	59	33	0	3294
12760	58	13	32	3265	0	3368
12761	27	14	3209	77	0	3327
12762	3069	15	62	35	0	3181
12763	58	3134	34	23	0	3249
12764	3151	57	19	27	0	3254
12765	3171	41	14	25	0	3251
12766	77	18	11	3143	0	3249
12767	40	16	3099	68	0	3223
12768	23	3097	70	29	0	3219
12769	23	57	3080	25	0	3185
12770	15	39	60	3041	0	3155
12771	10	24	38	3117	0	3189
12772	3057	19	15	82	0	3173
12773	66	13	3010	46	0	3135
12774	36	2942	68	28	0	3074
12775	15	61	31	2968	0	3075
12776	21	35	15	2996	0	3067
12777	2909	26	13	76	0	3024
12778	64	2936	13	38	0	3051
12779	36	56	11	2833	0	2936
12780	2728	31	10	73	0	2842
12781	60	2735	15	29	0	2839
12782	2613	51	10	19	0	2693
12783	2627	27	15	19	0	2688
12784	67	2570	9	22	0	2668
12785	2259	41	10	17	0	2327
12786	47	2264	15	10	0	2336
12787	2208	39	14	12	0	2273
12788	2210	15	8	17	0	2250
12789	44	2169	4	19	0	2236
12790	2016	35	11	8	0	2070
12791	2077	6	6	11	0	2100
12792	2082	8	3	8	0	2101
12793	32	12	2057	10	0	2111
12794	17	4	1944	9	0	1974
12795	10	10	1913	6	0	1939
12796	1857	26	36	10	0	1929
12797	32	7	1809	5	0	1853
12798	3	7	1553	2	0	1565
12799	10	14	20	1397	0	1441
12800	1417	0	5	18	0	1440
12801	17	3	1417	4	0	1441
12802	5	0	1493	1	0	1499
12803	1	3	23	1503	0	1530
12804	7	1	5	1501	0	1514
12805	5	4	3	1506	0	1518
12806	0	3	1488	21	0	1512
12807	4	0	21	1474	0	1499
12808	1475	3	2	20	0	1500
12809	20	1489	1	10	0	1520
12810	5	19	9	1477	0	1510
12811	2	6	5	1505	0	1518
12812	6	2	1508	24	0	1540
12813	5	1480	19	6	0	1510
12814	1482	19	6	5	0	1512
12815	19	1484	5	5	0	1513
12816	5	16	3	1487	0	1511
12817	6	6	1474	19	0	1505
12818	6	2	20	1549	0	1577
12819	2	3	8	1595	0	1608
12820	1627	2	2	29	0	1660
12821	25	2	4	1587	0	1618
12822	4	1645	4	30	0	1683
12823	6	1718	2	12	0	1738
12824	3	28	1730	4	0	1765
12825	1734	5	28	4	0	1771
12826	32	3	7	1753	0	1795
12827	5	6	1	1773	0	1785
12828	1	0	8	1773	0	1782
12829	1781	3	5	31	0	1820
12830	31	1801	3	14	0	1849
12831	1785	29	4	8	0	1826
12832	32	6	1695	8	0	1741
12833	10	3	1674	4	0	1691
12834	1711	5	35	3	0	1754
12835	31	8	11	1708	0	1758
12836	10	2	10	1741	0	1763
12837	6	0	9	1749	0	1764
12838	11	5	1728	36	0	1780
12839	1719	4	31	13	0	1767
12840	1749	4	12	13	0	1778
12841	1713	3	8	11	0	1735
12842	37	6	9	1688	0	1740
12843	16	2	1655	34	0	1707
12844	12	2	1625	14	0	1653
12845	6	4	1683	11	0	1704
12846	9	1638	32	15	0	1694
12847	24	25	23	1463	0	1535
12848	1460	7	9	26	0	1502
12849	23	2	1470	14	0	1509
12850	1491	3	24	11	0	1529
12851	28	2	10	1511	0	1551
12852	11	3	4	1520	0	1538
12853	7	1467	2	32	0	1508
12854	5	1485	8	14	0	1512
12855	6	1535	9	10	0	1560
12856	9	27	4	1557	0	1597
12857	1550	9	2	27	0	1588
12858	1552	4	6	12	0	1574
12859	27	5	1524	12	0	1568
12860	1500	1	22	13	0	1536
12861	31	4	1513	5	0	1553
12862	11	7	25	1525	0	1568
12863	10	3	1527	24	0	1564
12864	1516	2	26	18	0	1562
12865	24	6	9	1558	0	1597
12866	13	6	1588	24	0	1631
12867	10	2	1527	13	0	1552
12868	1522	6	25	9	0	1562
12869	1575	4	9	14	0	1602
12870	29	1595	10	8	0	1642
12871	12	20	7	1636	0	1675
12872	10	8	1615	23	0	1656
12873	9	8	1628	14	0	1659
12874	11	3	26	1647	0	1687
12875	1645	6	14	24	0	1689
12876	21	1622	10	11	0	1664
12877	15	21	6	1652	0	1694
12878	1651	6	4	31	0	1692
12879	23	5	7	1676	0	1711
12880	15	1655	3	30	0	1703
12881	10	20	11	1685	0	1726
12882	1679	5	8	27	0	1719
12883	27	6	7	1684	0	1724
12884	1709	3	4	26	0	1742
12885	26	1755	8	18	0	1807
12886	1753	23	12	10	0	1798
12887	30	5	1735	12	0	1782
12888	1698	5	30	10	0	1743
12889	1759	10	11	5	0	1785
12890	32	1751	8	11	0	1802
12891	20	24	6	1711	0	1761
12892	8	8	1704	27	0	1747
12893	7	7	1660	12	0	1686
12894	1588	15	31	14	0	1648
12895	1594	3	10	7	0	1614
12896	19	1594	4	8	0	1625
12897	9	1619	3	9	0	1640
12898	1588	24	4	5	0	1621
12899	23	1574	6	4	0	1607
12900	13	1638	2	4	0	1657
12901	8	20	2	1635	0	1665
12902	7	5	4	1576	0	1592
12903	2	10	1581	27	0	1620
12904	7	3	23	1569	0	1602
12905	1577	2	8	28	0	1615
12906	25	3	1558	9	0	1595
12907	9	4	1563	7	0	1583
12908	11	1	21	1573	0	1606
12909	8	2	11	1613	0	1634
12910	10	3	5	1602	0	1620
12911	8	2	1590	23	0	1623
12912	5	5	19	1543	0	1572
12913	2	4	7	1612	0	1625
12914	1584	1	5	24	0	1614
12915	19	1575	6	5	0	1605
12916	1576	18	6	2	0	1602
12917	22	4	1589	6	0	1621
12918	1446	0	13	2	0	1461
12919	14	1545	7	1	0	1567
12920	1445	8	1	3	0	1457
12921	7	1452	1	3	0	1463
12922	1367	8	2	4	0	1381
12923	6	1328	1	1	0	1336
12924	2	1320	0	0	0	1322
12925	7	5	5	1313	0	1330
12926	1328	0	4	4	0	1336
12927	1325	1	0	0	0	1326
12928	1323	0	0	2	0	1325
12929	7	0	1301	0	0	1308
12930	0	0	1296	2	0	1298
12931	0	1	6	1328	0	1335
12932	0	1338	1	7	0	1346
12933	2	1373	1	0	0	1376
12934	0	7	0	1356	0	1363
12935	1346	2	0	6	0	1354
12936	1364	3	0	0	0	1367
12937	1363	0	0	2	0	1365
12938	11	0	1342	0	0	1353
12939	4	0	9	1355	0	1368
12940	3	0	1386	9	0	1398
12941	1386	1	11	1	0	1399
12942	1404	0	1	4	0	1409
12943	10	0	1414	0	0	1424
12944	3	0	10	1384	0	1397
12945	1383	0	2	10	0	1395
12946	10	1	2	1412	0	1425
12947	1	3	1	1422	0	1427
12948	2	1	0	1477	0	1480
12949	1557	0	0	26	0	1583
12950	22	0	0	1651	0	1673
12951	1722	1	0	28	0	1751
12952	30	1897	2	7	0	1936
12953	9	35	1	1955	0	2000
12954	5	9	2	1989	0	2005
12955	4	5	1	1985	0	1995
12956	1938	1	0	49	0	1988
12957	38	3	2	1943	0	1986
12958	10	5	1	1968	0	1984
12959	1962	2	0	50	0	2014
12960	1982	1	0	23	0	2006
12961	1990	2	0	16	0	2008
12962	53	0	1935	10	0	1998
12963	21	1	1883	9	0	1914
12964	1954	1	40	12	0	2007
12965	44	1	14	1946	0	2005
12966	19	3	4	1923	0	1949
12967	1956	1	3	49	0	2009
12968	1943	0	9	19	0	1971
12969	1956	0	4	12	0	1972
12970	55	1875	1	7	0	1938
12971	1894	33	2	9	0	1938
12972	1885	10	1	10	0	1906
12973	55	1850	1	4	0	1910
12974	24	1868	1	2	0	1895
12975	20	34	2	1893	0	1949
12976	1912	13	2	34	0	1961
12977	1926	7	3	11	0	1947
12978	1923	1	1	11	0	1936
12979	52	7	0	1880	0	1939
12980	1888	4	0	38	0	1930
12981	44	2	1858	15	0	1919
12982	1858	1	30	12	0	1901
12983	51	3	1868	4	0	1926
12984	21	2	1857	6	0	1886
12985	19	2	34	1798	0	1853
12986	1820	2	17	39	0	1878
12987	39	3	11	1811	0	1864
12988	20	1	1831	39	0	1891
12989	18	1	1863	16	0	1898
12990	9	1	43	1871	0	1924
12991	1864	2	17	37	0	1920
12992	42	1886	6	17	0	1951
12993	23	27	5	1928	0	1983
12994	13	7	8	1981	0	2009
12995	9	7	1971	46	0	2033
12996	13	1	1932	28	0	1974
12997	16	4	45	1960	0	2025
12998	1970	7	19	41	0	2037
12999	37	6	1963	25	0	2031
13000	21	1	33	1957	0	2012
13001	17	3	16	1964	0	2000
13002	9	5	15	1993	0	2022
13003	1913	3	5	60	0	1981
13004	46	3	1811	28	0	1888
13005	23	1918	30	17	0	1988
13006	18	32	13	1955	0	2018
13007	15	13	1947	47	0	2022
13008	9	1909	37	29	0	1984
13009	19	1977	19	15	0	2030
13010	1966	44	18	10	0	2038
13011	45	1972	7	13	0	2037
13012	1992	39	7	15	0	2053
13013	47	14	1958	13	0	2032
13014	26	11	38	1990	0	2065
13015	1991	10	12	44	0	2057
13016	48	2007	12	21	0	2088
13017	24	42	1999	13	0	2078
13018	18	16	41	1868	0	1943
13019	16	1987	17	32	0	2052
13020	12	39	12	2034	0	2097
13021	2034	20	8	50	0	2112
13022	45	2076	5	29	0	2155
13023	2095	44	6	20	0	2165
13024	2126	17	8	13	0	2164
13025	59	14	2126	19	0	2218
13026	32	2213	44	15	0	2304
13027	29	44	18	2334	0	2425
13028	18	19	2453	51	0	2541
13029	19	11	2713	20	0	2763
13030	17	8	69	2843	0	2937
13031	2949	4	30	59	0	3042
13032	3004	6	16	26	0	3052
13033	81	5	15	2963	0	3064
13034	29	3	2961	72	0	3065
13035	19	2962	64	32	0	3077
13036	3027	53	22	19	0	3121
13037	3086	21	10	12	0	3129
13038	84	3074	8	13	0	3179
13039	3096	63	11	14	0	3184
13040	67	25	3023	9	0	3124
13041	3029	9	62	7	0	3107
13042	2996	13	22	11	0	3042
13043	88	8	3048	9	0	3153
13044	29	9	64	3024	0	3126
13045	21	5	3004	63	0	3093
13046	21	2878	63	20	0	2982
13047	19	2962	22	14	0	3017
13048	18	76	12	2823	0	2929
13049	9	16	2882	48	0	2955
13050	7	2693	50	16	0	2766
13051	6	2687	15	15	0	2723
13052	2468	42	15	7	0	2532
13053	2496	12	3	2	0	2513
13054	37	4	4	2504	0	2549
13055	10	3	4	2484	0	2501
13056	8	2511	4	39	0	2562
13057	2506	33	1	12	0	2552
13058	2543	8	3	5	0	2559
13059	39	2506	2	9	0	2556
13060	12	34	4	2533	0	2583
13061	7	10	2526	34	0	2577
13062	6	6	30	2523	0	2565
13063	2535	4	8	39	0	2586
13064	36	2	6	2549	0	2593
13065	13	2	3	2597	0	2615
13066	2599	5	5	44	0	2653
13067	38	5	3	2545	0	2591
13068	12	2575	4	40	0	2631
13069	7	30	4	2608	0	2649
13070	6	10	1	2651	0	2668
13071	5	6	1	2590	0	2602
13072	6	2594	3	46	0	2649
13073	7	34	4	2592	0	2637
13074	6	13	2583	44	0	2646
13075	3	5	34	2583	0	2625
13076	9	5	2569	42	0	2625
13077	7	2535	34	15	0	2591
13078	7	39	10	2585	0	2641
13079	5	12	6	2612	0	2635
13080	5	4	5	2619	0	2633
13081	7	5	5	2596	0	2613
13082	4	5	2559	49	0	2617
13083	5	2547	33	18	0	2603
13084	5	37	10	2588	0	2640
13085	9	10	2598	42	0	2659
13086	7	7	37	2605	0	2656
13087	2625	7	9	44	0	2685
13088	40	8	2546	24	0	2618
13089	2536	4	36	9	0	2585
13090	45	4	8	2577	0	2634
13091	13	5	2570	43	0	2631
13092	8	2532	41	15	0	2596
13093	9	41	12	2513	0	2575
13094	9	12	2526	44	0	2591
13095	3	2526	39	18	0	2586
13096	8	39	9	2540	0	2596
13097	2528	13	11	40	0	2592
13098	2579	11	4	12	0	2606
13099	2587	7	3	15	0	2612
13100	45	6	2565	11	0	2627
13101	20	2611	34	10	0	2675
13102	10	42	10	2626	0	2688
13103	8	13	8	2775	0	2804
13104	2805	11	3	51	0	2870
13105	52	2859	6	22	0	2939
13106	2901	49	7	15	0	2972
13107	2881	19	3	10	0	2913
13108	2945	13	4	14	0	2976
13109	64	7	2884	14	0	2969
13110	2920	4	44	14	0	2982
13111	59	8	15	2918	0	3000
13112	20	8	8	2953	0	2989
13113	2900	4	7	70	0	2981
13114	59	3	8	2859	0	2929
13115	16	2848	7	59	0	2930
13116	9	56	2	2849	0	2916
13117	2811	14	1	69	0	2895
13118	49	8	2764	29	0	2850
13119	19	2767	43	20	0	2849
13120	9	48	11	2765	0	2833
13121	2749	11	8	58	0	2826
13122	50	10	2709	22	0	2791
13123	21	48	54	2644	0	2767
13124	25	8	2634	54	0	2721
13125	16	10	2573	22	0	2621
13126	11	5	2514	16	0	2546
13127	11	3	2437	14	0	2465
13128	8	8	2308	9	0	2333
13129	1866	38	75	10	0	1989
13130	27	1890	15	4	0	1936
13131	1787	23	11	2	0	1823
13132	1790	7	2	3	0	1802
13133	27	1754	7	3	0	1791
13134	10	1801	6	3	0	1820
13135	1796	26	6	2	0	1830
13136	1786	10	4	7	0	1807
13137	30	7	2	1749	0	1788
13138	16	1754	3	22	0	1795
13139	1767	20	3	6	0	1796
13140	21	1741	2	11	0	1775
13141	11	22	4	1751	0	1788
13142	1764	6	3	26	0	1799
13143	1775	4	2	9	0	1790
13144	24	6	7	1755	0	1792
13145	14	5	1	1770	0	1790
13146	9	3	1749	29	0	1790
13147	8	3	21	1737	0	1769
13148	8	3	1749	23	0	1783
13149	6	3	19	1672	0	1700
13150	6	3	14	1699	0	1722
13151	1690	4	7	30	0	1731
13152	1690	4	7	14	0	1715
13153	29	1	1662	10	0	1702
13154	1616	1	23	5	0	1645
13155	26	6	10	1637	0	1679
13156	10	4	1646	27	0	1687
13157	10	3	22	1651	0	1686
13158	12	2	7	1754	0	1775
13159	3	6	1747	33	0	1789
13160	10	2	23	1797	0	1832
13161	10	3	1860	28	0	1901
13162	5	4	31	1938	0	1978
13163	2067	4	12	38	0	2121
13164	41	2110	5	17	0	2173
13165	2182	36	10	5	0	2233
13166	37	2221	2	9	0	2269
13167	2178	41	4	8	0	2231
13168	45	2190	3	9	0	2247
13169	2208	41	2	3	0	2254
13170	36	2208	5	6	0	2255
13171	25	45	1	2228	0	2299
13172	7	21	2218	46	0	2292
13173	13	7	2220	20	0	2260
13174	6	7	59	2194	0	2266
13175	2193	8	22	45	0	2268
13176	45	2234	9	29	0	2317
13177	26	45	5	2269	0	2345
13178	11	22	2268	45	0	2346
13179	10	12	2314	24	0	2360
13180	9	11	58	2233	0	2311
13181	8	2307	28	37	0	2380
13182	2301	46	10	27	0	2384
13183	47	19	2366	14	0	2446
13184	25	7	2358	10	0	2400
13185	6	2375	62	5	0	2448
13186	2359	41	34	15	0	2449
13187	2415	24	14	4	0	2457
13188	60	5	7	2374	0	2446
13189	2413	9	8	38	0	2468
13190	2399	5	9	24	0	2437
13191	66	2391	6	8	0	2471
13192	2407	43	10	7	0	2467
13193	51	26	2430	8	0	2515
13194	29	9	39	2424	0	2501
13195	16	11	23	2425	0	2475
13196	2397	3	9	61	0	2470
13197	39	2378	10	30	0	2457
13198	2380	40	12	6	0	2438
13199	47	2428	4	11	0	2490
13200	32	2398	4	8	0	2442
13201	16	60	2331	5	0	2412
13202	14	25	2293	10	0	2342
13203	2136	18	51	8	0	2213
13204	2172	7	30	4	0	2213
13205	47	7	2097	5	0	2156
13206	22	1985	27	6	0	2040
13207	12	2068	19	4	0	2103
13208	2023	42	9	4	0	2078
13209	2037	19	8	3	0	2067
13210	40	12	4	2030	0	2086
13211	2079	4	4	25	0	2112
13212	36	5	3	2066	0	2110
13213	18	3	2067	29	0	2117
13214	9	3	1998	17	0	2027
13215	2065	2	41	5	0	2113
13216	31	6	16	2056	0	2109
13217	25	2152	5	22	0	2204
13218	2190	29	7	18	0	2244
13219	2210	13	5	8	0	2236
13220	44	8	2197	8	0	2257
13221	2212	5	28	5	0	2250
13222	2266	6	20	6	0	2298
13223	51	3	6	2234	0	2294
13224	24	2225	7	29	0	2285
13225	12	2290	5	15	0	2322
13226	10	39	8	2331	0	2388
13227	14	19	5	2268	0	2306
13228	15	9	2	2326	0	2352
13229	13	7	2301	48	0	2369
13230	13	7	2234	18	0	2272
13231	5	9	43	2218	0	2275
13232	6	6	2268	35	0	2315
13233	9	5	2263	18	0	2295
13234	11	5	48	2234	0	2298
13235	5	5	2376	42	0	2428
13236	9	2359	35	23	0	2426
13237	2455	38	20	18	0	2531
13238	35	20	16	2447	0	2518
13239	18	2451	13	40	0	2522
13240	12	32	2527	18	0	2589
13241	7	14	43	2537	0	2601
13242	5	10	2638	40	0	2693
13243	12	3	40	2654	0	2709
13244	11	4	24	2747	0	2786
13245	6	9	2814	51	0	2880
13246	13	7	42	2758	0	2820
13247	9	2765	18	53	0	2845
13248	11	43	13	2892	0	2959
13249	8	18	2896	53	0	2975
13250	10	13	38	2888	0	2949
13251	2865	10	26	50	0	2951
13252	39	2862	10	40	0	2951
13253	16	40	15	2907	0	2978
13254	10	19	2931	51	0	3011
13255	8	2837	45	32	0	2922
13256	6	2915	16	23	0	2960
13257	11	47	2880	18	0	2956
13258	5	30	49	2764	0	2848
13259	5	25	18	2765	0	2813
13260	7	11	2754	45	0	2817
13261	4	2591	42	16	0	2653
13262	8	2618	19	20	0	2665
13263	2440	24	11	10	0	2485
13264	22	2427	6	5	0	2460
13265	2387	28	1	8	0	2424
13266	19	8	4	2325	0	2356
13267	2393	7	4	25	0	2429
13268	23	7	2389	6	0	2425
13269	2374	1	20	11	0	2406
13270	24	6	6	2417	0	2453
13271	9	2431	6	22	0	2468
13272	2462	17	6	6	0	2491
13273	24	24	1	2467	0	2516
13274	7	2488	4	26	0	2525
13275	8	2608	2	11	0	2629
13276	2584	21	3	8	0	2616
13277	2589	7	4	5	0	2605
13278	2609	7	2	6	0	2624
13279	24	7	1	2520	0	2552
13280	10	2468	2	19	0	2499
13281	12	2529	3	2	0	2546
13282	7	18	1	2537	0	2563
13283	2495	5	0	24	0	2524
13284	2439	11	1	4	0	2455
13285	2454	4	2	12	0	2472
13286	24	2	2438	7	0	2471
13287	12	3	2397	3	0	2415
13288	2543	3	16	4	0	2566
13289	23	4	5	2511	0	2543
13290	5	2	8	2528	0	2543
13291	9	1	4	2491	0	2505
13292	6	3	0	2498	0	2507
13293	3	6	2442	28	0	2479
13294	5	1	20	2430	0	2456
13295	4	0	2423	31	0	2458
13296	2312	1	24	8	0	2345
13297	19	2406	6	12	0	2443
13298	2	21	7	2483	0	2513
13299	9	2	9	2430	0	2450
13300	2428	7	3	27	0	2465
13301	2419	8	2	10	0	2439
13302	2417	1	4	16	0	2438
13303	2414	2	1	12	0	2429
13304	34	0	2403	7	0	2444
13305	14	0	2380	3	0	2397
13306	14	7	17	2394	0	2432
13307	2426	3	8	23	0	2460
13308	2412	3	12	5	0	2432
13309	24	4	2413	10	0	2451
13310	14	4	19	2361	0	2398
13311	2385	1	3	24	0	2413
13312	29	2	6	2376	0	2413
13313	8	2	2438	26	0	2474
13314	12	0	24	2408	0	2444
13315	2433	4	2	30	0	2469
13316	22	2572	3	15	0	2612
13317	2549	18	8	14	0	2589
13318	2561	4	5	12	0	2582
13319	2594	7	2	8	0	2611
13320	34	5	5	2554	0	2598
13321	2536	2	2	23	0	2563
13322	24	2634	6	6	0	2670
13323	11	2724	2	16	0	2753
13324	8	35	2	2701	0	2746
13325	2721	16	3	28	0	2768
13326	29	2870	3	15	0	2917
13327	3390	33	1	14	0	3438
13328	3692	18	1	6	0	3717
13329	78	3808	2	6	0	3894
13330	43	68	2	3847	0	3960
13331	24	22	4	3941	0	3991
13332	18	18	3877	89	0	4002
13333	17	5	63	3829	0	3914
13334	15	16	3848	95	0	3974
13335	13	3720	76	43	0	3852
13336	12	73	30	3787	0	3902
13337	3628	24	27	89	0	3768
13338	3705	17	12	50	0	3784
13339	87	15	16	3672	0	3790
13340	39	15	3586	80	0	3720
13341	3430	8	73	41	0	3552
13342	84	3451	27	29	0	3591
13343	40	3435	16	24	0	3515
13344	23	3497	9	25	0	3554
13345	28	98	21	3323	0	3470
13346	26	33	3386	67	0	3512
13347	10	31	69	3351	0	3461
13348	9	25	3365	78	0	3477
13349	10	21	3332	35	0	3398
13350	11	14	3417	26	0	3468
13351	10	12	101	3253	0	3376
13352	7	11	38	3456	0	3512
13353	5	9	36	3485	0	3535
13354	6	7	27	3409	0	3449
13355	3368	6	24	109	0	3507
13356	65	3341	15	52	0	3473
13357	3361	65	14	40	0	3480
13358	70	3405	16	34	0	3525
13359	29	66	11	3455	0	3561
13360	29	25	6	3550	0	3610
13361	3477	26	7	103	0	3613
13362	3548	14	7	49	0	3618
13363	3572	17	9	27	0	3625
13364	3549	15	5	27	0	3596
13365	3540	12	4	32	0	3588
13366	115	3456	3	25	0	3599
13367	3420	63	6	22	0	3511
13368	101	3369	4	22	0	3496
13369	3369	78	5	10	0	3462
13370	106	29	3350	9	0	3494
13371	47	32	60	3268	0	3407
13372	43	3383	24	57	0	3507
13373	28	76	13	3368	0	3485
13374	28	37	3330	74	0	3469
13375	21	23	71	3218	0	3333
13376	3162	16	27	92	0	3297
13377	74	3173	25	34	0	3306
13378	36	3241	12	43	0	3332
13379	24	91	3265	21	0	3401
13380	19	48	67	3199	0	3333
13381	25	3275	32	82	0	3414
13382	16	78	24	3374	0	3492
13383	17	34	3346	91	0	3488
13384	16	3261	78	45	0	3400
13385	8	82	3291	31	0	3412
13386	13	42	3288	27	0	3370
13387	14	25	91	3244	0	3374
13388	3268	17	46	82	0	3413
13389	70	23	26	3312	0	3431
13390	35	15	3322	90	0	3462
13391	24	23	84	3375	0	3506
13392	17	18	3466	97	0	3598
13393	22	17	3462	40	0	3541
13394	3423	18	107	44	0	3592
13395	3623	14	54	35	0	3726
13396	3653	9	39	41	0	3742
13397	104	13	3567	26	0	3710
13398	49	9	3611	27	0	3696
13399	34	6	113	3503	0	3656
13400	33	6	60	3588	0	3687
13401	3590	12	30	103	0	3735
13402	87	7	30	3597	0	3721
13403	40	12	3612	102	0	3766
13404	32	6	3526	65	0	3629
13405	21	3533	103	51	0	3708
13406	30	75	50	3621	0	3776
13407	28	33	3646	96	0	3803
13408	27	25	86	3613	0	3751
13409	3619	15	43	104	0	3781
13410	83	16	3651	51	0	3801
13411	40	12	90	3645	0	3787
13412	35	7	53	3698	0	3793
13413	25	14	3573	119	0	3731
13414	41	7	83	3548	0	3679
13415	22	9	3560	101	0	3692
13416	3348	6	90	66	0	3510
13417	87	11	44	3357	0	3499
13418	42	3317	32	98	0	3489
13419	3346	76	26	47	0	3495
13420	3366	28	30	43	0	3467
13421	106	3320	27	25	0	3478
13422	97	292	19	2835	0	3243
13423	35	3065	17	71	0	3188
13424	31	3090	23	41	0	3185
13425	78	87	2896	32	0	3093
13426	25	2806	67	28	0	2926
13427	26	66	2255	19	0	2366
13428	1834	34	39	5	0	1912
13429	1846	6	6	5	0	1863
13430	22	1833	6	3	0	1864
13431	7	1840	3	5	0	1855
13432	7	1879	2	1	0	1889
13433	1916	23	6	2	0	1947
13434	22	7	2	1953	0	1984
13435	6	7	2091	22	0	2126
13436	7	2091	24	8	0	2130
13437	3	26	6	2143	0	2178
13438	2	8	8	2124	0	2142
13439	5	2419	2	24	0	2450
13440	2647	35	3	11	0	2696
13441	41	17	2712	5	0	2775
13442	14	7	39	3327	0	3387
13443	7	3684	13	69	0	3773
13444	3709	78	6	17	0	3810
13445	78	20	3669	18	0	3785
13446	21	3609	77	8	0	3715
13447	15	86	22	3615	0	3738
13448	10	23	3611	81	0	3725
13449	3538	19	88	24	0	3669
13450	81	12	22	3556	0	3671
13451	27	8	3553	86	0	3674
13452	21	3543	85	21	0	3670
13453	3487	80	22	19	0	3608
13454	79	3545	18	24	0	3666
13455	3549	97	12	3	0	3661
13456	3611	28	4	12	0	3655
13457	105	23	14	3516	0	3658
13458	41	3411	8	84	0	3544
13459	29	78	3422	29	0	3558
13460	17	33	78	3439	0	3567
13461	20	25	36	3125	0	3206
13462	15	15	22	3488	0	3540
13463	14	11	15	3488	0	3528
13464	12	13	7	3512	0	3544
13465	3412	7	16	125	0	3560
13466	3350	17	10	50	0	3427
13467	3389	10	12	40	0	3451
13468	104	3320	10	28	0	3462
13469	47	80	3352	20	0	3499
13470	36	28	3365	16	0	3445
13471	28	14	3428	18	0	3488
13472	22	23	111	3275	0	3431
13473	13	17	49	3381	0	3460
13474	14	17	25	3394	0	3450
13475	18	10	3278	127	0	3433
13476	16	3225	88	63	0	3392
13477	15	86	3259	48	0	3408
13478	13	30	3321	32	0	3396
13479	21	20	118	3235	0	3394
13480	13	22	3286	100	0	3421
13481	15	15	114	3231	0	3375
13482	3189	23	43	111	0	3366
13483	3235	12	36	51	0	3334
13484	118	10	3171	41	0	3340
13485	48	20	94	3160	0	3322
13486	41	17	3202	109	0	3369
13487	29	3183	115	53	0	3380
13488	3233	103	41	33	0	3410
13489	103	35	3236	36	0	3410
13490	39	3081	110	32	0	3262
13491	40	3118	48	33	0	3239
13492	31	3119	54	26	0	3230
13493	25	128	2958	33	0	3144
13494	25	82	102	2827	0	3036
13495	34	2905	48	105	0	3092
13496	33	101	38	2891	0	3063
13497	32	43	38	2971	0	3084
13498	2826	43	33	128	0	3030
13499	93	2849	35	77	0	3054
13500	2824	90	32	54	0	3000
13501	107	2761	30	53	0	2951
13502	52	2871	23	46	0	2992
13503	39	124	2789	35	0	2987
13504	42	66	95	2755	0	2958
13505	35	46	2780	105	0	2966
13506	31	2727	110	54	0	2922
13507	35	97	2757	43	0	2932
13508	31	44	2768	51	0	2894
13509	25	2765	118	46	0	2954
13510	2699	109	60	34	0	2902
13511	92	2752	50	45	0	2939
13512	2768	112	35	47	0	2962
13513	103	49	2739	48	0	2939
13514	53	32	2753	50	0	2888
13515	37	2725	113	48	0	2923
13516	2730	97	56	45	0	2928
13517	102	2725	55	38	0	2920
13518	55	105	40	2738	0	2938
13519	2762	48	46	100	0	2956
13520	101	42	2744	52	0	2939
13521	40	39	108	2760	0	2947
13522	2728	27	61	105	0	2921
13523	101	2716	52	58	0	2927
13524	47	85	54	2760	0	2946
13525	30	43	2717	122	0	2912
13526	2705	42	109	55	0	2911
13527	94	38	53	2748	0	2933
13528	42	24	2725	107	0	2898
13529	31	32	110	2648	0	2821
13530	38	2703	52	110	0	2903
13531	26	99	2708	60	0	2893
13532	33	46	110	2650	0	2839
13533	2588	32	52	105	0	2777
13534	98	30	47	2542	0	2717
13535	2356	27	43	98	0	2524
13536	88	2355	29	68	0	2540
13537	2328	82	41	38	0	2489
13538	92	41	2258	43	0	2434
13539	55	37	1985	28	0	2105
13540	46	21	1771	14	0	1852
13541	24	1647	116	28	0	1815
13542	54	13	110	695	0	872
13543	5	5	10	679	0	699
13544	1	5	1	657	0	664
13545	2	0	5	681	0	688
13546	1	2	677	16	0	696
13547	639	3	7	6	0	655
13548	6	683	4	5	0	698
13549	689	6	5	3	0	703
13550	10	7	1	683	0	701
13551	5	696	2	7	0	710
13552	3	9	3	708	0	723
13553	701	7	0	10	0	718
13554	8	733	3	10	0	754
13555	734	6	2	4	0	746
13556	730	5	1	3	0	739
13557	10	3	2	736	0	751
13558	6	2	725	5	0	738
13559	715	0	6	7	0	728
13560	5	2	5	751	0	763
13561	762	1	2	5	0	770
13562	782	1	1	7	0	791
13563	789	1	3	4	0	797
13564	13	1	797	4	0	815
13565	7	3	5	790	0	805
13566	792	1	7	7	0	807
13567	10	0	817	7	0	834
13568	6	815	6	3	0	830
13569	5	6	6	769	0	786
13570	3	3	807	6	0	819
13571	1	6	818	4	0	829
13572	1	2	8	822	0	833
13573	4	0	5	845	0	854
13574	3	1	2	848	0	854
13575	2	1	1	837	0	841
13576	3	1	834	9	0	847
13577	1	842	4	8	0	855
13578	2	4	3	858	0	867
13579	857	3	3	5	0	868
13580	836	1	1	5	0	843
13581	842	0	1	3	0	846
13582	10	1	1	836	0	848
13583	6	2	0	830	0	838
13584	3	791	1	9	0	804
13585	0	825	0	9	0	834
13586	4	7	0	797	0	808
13587	792	5	0	11	0	808
13588	794	0	2	2	0	798
13589	784	1	0	0	0	785
13590	788	0	0	1	0	789
13591	792	0	1	1	0	794
13592	5	795	1	1	0	802
13593	2	3	0	815	0	820
13594	846	1	0	5	0	852
13595	854	0	0	4	0	858
13596	4	1	0	855	0	860
13597	1	1	1	862	0	865
13598	0	1	879	5	0	885
13599	1	0	3	864	0	868
13600	2	0	1	856	0	859
13601	2	0	896	4	0	902
13602	3	1	4	884	0	892
13603	1	929	1	4	0	935
13604	0	4	917	1	0	922
13605	0	939	3	1	0	943
13606	2	3	1	937	0	943
13607	1	1	0	940	0	942
13608	1	927	0	5	0	933
13609	2	930	0	2	0	934
13610	957	3	1	0	0	961
13611	954	1	1	1	0	957
13612	5	0	951	1	0	957
13613	991	1	2	0	0	994
13614	1048	0	2	1	0	1051
13615	1045	1	0	1	0	1047
13616	1050	0	1	1	0	1052
13617	4	0	1026	1	0	1031
13618	3	0	1004	1	0	1008
13619	1054	0	4	4	0	1062
13620	5	1094	0	6	0	1105
13621	4	2	1086	2	0	1094
13622	1100	1	2	2	0	1105
13623	1111	0	5	1	0	1117
13624	5	1	1099	2	0	1107
13625	1107	2	3	1	0	1113
13626	5	0	3	1205	0	1213
13627	4	1	1240	2	0	1247
13628	1191	0	4	4	0	1199
13629	3	1277	4	2	0	1286
13630	1300	2	2	3	0	1307
13631	1422	2	1	6	0	1431
13632	3	1	2	1430	0	1436
13633	3	0	3	1414	0	1420
13634	2	2	1	1442	0	1447
13635	1439	0	1	5	0	1445
13636	1494	3	0	2	0	1499
13637	6	0	1	1500	0	1507
13638	7	1	0	1481	0	1489
13639	3	1	1471	6	0	1481
13640	1426	1	4	5	0	1436
13641	6	1	0	1507	0	1514
13642	4	1	0	1512	0	1517
13643	1	1488	1	10	0	1500
13644	3	7	1	1512	0	1523
13645	3	3	1	1506	0	1513
13646	1500	1	0	9	0	1510
13647	9	1516	0	5	0	1530
13648	5	5	1	1546	0	1557
13649	1	2	0	1537	0	1540
13650	2	1	0	1548	0	1551
13651	4	2	1520	6	0	1532
13652	4	3	5	1503	0	1515
13653	1505	1	1	10	0	1517
13654	10	1	1486	6	0	1503
13655	4	1	7	1519	0	1531
13656	2	2	2	1538	0	1544
13657	1552	0	2	11	0	1565
13658	1533	0	1	8	0	1542
13659	6	1	1535	4	0	1546
13660	1440	1	5	4	0	1450
13661	6	1	1534	3	0	1544
13662	1538	0	3	5	0	1546
13663	10	1646	1	3	0	1660
13664	1679	9	1	3	0	1692
13665	12	1698	0	4	0	1714
13666	1780	12	1	4	0	1797
13667	12	1797	1	8	0	1818
13668	6	15	1	1827	0	1849
13669	5	4	0	1838	0	1847
13670	2	4	0	1827	0	1833
13671	1	1769	1	18	0	1789
13672	1	12	0	1799	0	1812
13673	2	1794	1	16	0	1813
13674	1	13	1	1815	0	1830
13675	1824	4	0	16	0	1844
13676	1804	4	1	8	0	1817
13677	16	1794	0	7	0	1817
13678	8	13	0	1815	0	1836
13679	1804	5	3	14	0	1826
13680	20	1812	0	4	0	1836
13681	4	1839	2	4	0	1849
13682	1845	17	1	3	0	1866
13683	1855	8	2	1	0	1866
13684	20	1844	0	2	0	1866
13685	1836	20	0	2	0	1858
13686	22	4	0	1833	0	1859
13687	7	7	1892	15	0	1921
13688	1889	3	12	7	0	1911
13689	1922	5	3	5	0	1935
13690	20	3	1936	6	0	1965
13691	1930	0	15	9	0	1954
13692	1990	1	7	3	0	2001
13693	2030	3	3	2	0	2038
13694	21	2005	3	4	0	2033
13695	2038	15	1	1	0	2055
13696	2057	4	0	5	0	2066
13697	22	6	0	2049	0	2077
13698	9	3	1	2075	0	2088
13699	8	3	0	2096	0	2107
13700	2094	2	0	24	0	2120
13701	22	2	0	2054	0	2078
13702	2078	4	0	21	0	2103
13703	2087	2	3	9	0	2101
13704	26	1	1	2078	0	2106
13705	12	0	0	2133	0	2145
13706	7	2	2	2137	0	2148
13707	2159	1	1	23	0	2184
13708	24	2161	0	10	0	2195
13709	7	18	3	2216	0	2244
13710	9	5	1	2259	0	2274
13711	2239	5	0	24	0	2268
13712	2242	5	1	8	0	2256
13713	27	1	2165	12	0	2205
13714	12	1	2164	10	0	2187
13715	2363	2	28	5	0	2398
13716	36	6	7	2419	0	2468
13717	10	3	5	2858	0	2876
13718	11	6	2871	51	0	2939
13719	10	7	45	2816	0	2878
13720	10	2845	8	57	0	2920
13721	4	2979	5	16	0	3004
13722	2938	52	4	8	0	3002
13723	49	11	2942	11	0	3013
13724	13	2991	44	6	0	3054
13725	7	52	7	3046	0	3112
13726	10	7	2997	52	0	3066
13727	7	5	52	2933	0	2997
13728	4	9	8	2983	0	3004
13729	9	5	2951	57	0	3022
13730	10	2940	50	24	0	3024
13731	2	47	9	2863	0	2921
13732	2858	7	7	58	0	2930
13733	2902	5	7	12	0	2926
13734	2901	5	3	12	0	2921
13735	59	2862	5	12	0	2938
13736	2847	48	4	4	0	2903
13737	63	12	5	2841	0	2921
13738	14	12	2821	49	0	2896
13739	2769	7	43	14	0	2833
13740	57	2840	11	8	0	2916
13741	14	42	9	2843	0	2908
13742	10	10	6	2864	0	2890
13743	9	2838	8	56	0	2911
13744	8	48	5	2889	0	2950
13745	7	15	9	2926	0	2957
13746	13	10	4	2963	0	2990
13747	2894	11	9	56	0	2970
13748	2890	9	4	21	0	2924
13749	57	11	2900	20	0	2988
13750	16	10	49	2891	0	2966
13751	19	6	13	2980	0	3018
13752	8	7	14	2993	0	3022
13753	2927	12	13	72	0	3024
13754	55	9	2880	31	0	2975
13755	2824	8	54	23	0	2909
13756	2936	7	9	16	0	2968
13757	68	9	8	2913	0	2998
13758	2906	4	17	62	0	2989
13759	66	10	2834	23	0	2933
13760	2822	5	48	24	0	2899
13761	68	3092	12	18	0	3190
13762	22	53	3027	7	0	3109
13763	21	11	3041	12	0	3085
13764	13	31	59	3009	0	3112
13765	20	8	3014	60	0	3102
13766	2907	8	50	25	0	2990
13767	57	2943	14	14	0	3028
13768	2953	52	5	18	0	3028
13769	54	14	8	2994	0	3070
13770	11	9	2989	63	0	3072
13771	15	5	2990	29	0	3039
13772	14	14	54	3009	0	3091
13773	3022	4	13	61	0	3100
13774	58	2987	6	26	0	3077
13775	14	3066	7	27	0	3114
13776	3046	52	9	26	0	3133
13777	57	3042	9	33	0	3141
13778	3067	51	12	21	0	3151
13779	61	15	9	3070	0	3155
13780	3051	6	10	53	0	3120
13781	62	8	9	3038	0	3117
13782	3069	7	6	60	0	3142
13783	60	6	11	3054	0	3131
13784	21	3019	11	59	0	3110
13785	3045	45	8	19	0	3117
13786	54	3032	9	27	0	3122
13787	23	51	2927	14	0	3015
13788	18	15	52	2845	0	2930
13789	16	2962	16	46	0	3040
13790	2894	48	13	21	0	2976
13791	2898	15	12	16	0	2941
13792	66	2866	12	11	0	2955
13793	29	52	2842	16	0	2939
13794	18	16	52	2778	0	2864
13795	16	2788	17	55	0	2876
13796	12	48	18	2849	0	2927
13797	21	9	12	2868	0	2910
13798	2796	11	10	63	0	2880
13799	59	2787	7	25	0	2878
13800	20	49	12	2820	0	2901
13801	2837	18	5	57	0	2917
13802	2844	17	4	18	0	2883
13803	2802	14	12	18	0	2846
13804	58	15	8	2766	0	2847
13805	2731	3	10	54	0	2798
13806	62	2714	3	14	0	2793
13807	2690	48	7	16	0	2761
13808	49	2678	9	23	0	2759
13809	2664	46	3	17	0	2730
13810	2659	14	4	21	0	2698
13811	60	34	10	2591	0	2695
13812	25	8	2639	48	0	2720
13813	18	16	2542	16	0	2592
13814	23	2539	36	15	0	2613
13815	2422	47	17	17	0	2503
13816	41	17	2382	8	0	2448
13817	1840	3	11	1	0	1855
13818	14	1846	2	2	0	1864
13819	3	1864	3	1	0	1871
13820	5	18	4	1929	0	1956
13821	3	2022	2	12	0	2039
13822	3	18	2090	5	0	2116
13823	4	7	20	2035	0	2066
13824	3	2164	6	19	0	2192
13825	2	27	1	2187	0	2217
13826	2200	15	2	28	0	2245
13827	25	5	3	2262	0	2295
13828	14	4	2308	29	0	2355
13829	4	2358	22	16	0	2400
13830	3	28	12	2336	0	2379
13831	5	13	5	2369	0	2392
13832	5	7	3	2402	0	2417
13833	2349	4	4	43	0	2400
13834	2351	6	5	19	0	2381
13835	38	5	2337	9	0	2389
13836	18	7	2329	8	0	2362
13837	7	2342	35	10	0	2394
13838	2362	27	16	10	0	2415
13839	31	14	6	2361	0	2412
13840	18	6	7	2352	0	2383
13841	6	3	6	2374	0	2389
13842	7	6	3	2368	0	2384
13843	9	4	2291	46	0	2350
13844	2261	3	27	24	0	2315
13845	29	4	15	2535	0	2583
13846	18	3	2521	49	0	2591
13847	2585	5	44	23	0	2657
13848	2851	4	19	13	0	2887
13849	77	5	3080	7	0	3169
13850	34	4	3238	12	0	3288
13851	16	5	99	3191	0	3311
13852	3217	2	29	83	0	3331
13853	3290	2	15	36	0	3343
13854	104	5	13	3186	0	3308
13855	33	3	13	3287	0	3336
13856	18	3	3211	109	0	3341
13857	20	11	81	3197	0	3309
13858	18	4	3188	93	0	3303
13859	3098	2	84	45	0	3229
13860	85	3187	38	21	0	3331
13861	3031	71	11	18	0	3131
13862	80	3003	12	16	0	3111
13863	2998	77	19	11	0	3105
13864	85	30	13	2927	0	3055
13865	44	10	4	2994	0	3052
13866	2942	13	6	105	0	3066
13867	2992	7	5	35	0	3039
13868	3008	7	7	22	0	3044
13869	3027	3	6	17	0	3053
13870	122	6	2917	13	0	3058
13871	2928	3	80	13	0	3024
13872	3004	1	34	12	0	3051
13873	2996	6	10	12	0	3024
13874	130	3	13	2885	0	3031
13875	2847	2	11	90	0	2950
13876	100	2834	10	34	0	2978
13877	60	71	6	2841	0	2978
13878	32	27	5	2911	0	2975
13879	28	10	2820	116	0	2974
13880	32	8	79	2799	0	2918
13881	15	2829	29	105	0	2978
13882	2807	77	10	53	0	2947
13883	91	2834	17	25	0	2967
13884	2858	83	13	27	0	2981
13885	101	38	11	2833	0	2983
13886	2822	18	8	92	0	2940
13887	98	2783	12	44	0	2937
13888	2811	84	9	22	0	2926
13889	2857	39	9	26	0	2931
13890	131	13	7	2779	0	2930
13891	59	11	5	2860	0	2935
13892	40	14	2746	116	0	2916
13893	39	8	81	2771	0	2899
13894	36	6	35	2831	0	2908
13895	24	10	2725	131	0	2890
13896	26	5	92	2772	0	2895
13897	30	10	2734	108	0	2882
13898	2697	10	89	55	0	2851
13899	103	5	40	2728	0	2876
13900	44	14	2673	100	0	2831
13901	2668	7	92	57	0	2824
13902	105	7	40	2686	0	2838
13903	58	6	2709	99	0	2872
13904	2734	6	90	58	0	2888
13905	109	4	44	2737	0	2894
13906	55	9	22	2803	0	2889
13907	2767	4	16	134	0	2921
13908	104	6	18	2752	0	2880
13909	59	5	16	2813	0	2893
13910	35	9	10	2775	0	2829
13911	33	2704	10	123	0	2870
13912	2676	79	8	69	0	2832
13913	2744	34	10	37	0	2825
13914	127	15	11	2668	0	2821
13915	2685	11	2	116	0	2814
13916	2714	12	12	57	0	2795
13917	2758	12	12	32	0	2814
13918	2321	10	18	43	0	2392
13919	2701	7	16	28	0	2752
13920	139	6	2452	28	0	2625
13921	67	8	2369	23	0	2467
13922	2260	7	105	16	0	2388
13923	114	2242	36	21	0	2413
13924	53	64	15	2139	0	2271
13925	29	22	2135	77	0	2263
13926	36	7	2131	33	0	2207
13927	30	46	101	2015	0	2192
13928	1985	14	61	100	0	2160
13929	81	7	16	1990	0	2094
13930	35	6	1997	83	0	2121
13931	2072	5	73	49	0	2199
13932	85	7	27	2086	0	2205
13933	37	4	15	2161	0	2217
13934	23	3	16	2191	0	2233
13935	27	2	14	2150	0	2193
13936	25	2	2047	117	0	2191
13937	20	6	67	2075	0	2168
13938	2070	8	27	92	0	2197
13939	85	7	2002	43	0	2137
13940	2050	1	75	29	0	2155
13941	2126	4	26	34	0	2190
13942	2157	4	14	19	0	2194
13943	2122	3	19	23	0	2167
13944	113	2030	8	23	0	2174
13945	47	1798	6	14	0	1865
13946	26	1871	10	15	0	1922
13947	1711	82	43	24	0	1860
13948	53	17	1558	18	0	1646
13949	1168	18	46	7	0	1239
13950	35	4	10	1084	0	1133
13951	1090	1	5	20	0	1116
13952	22	0	1	1095	0	1118
13953	1103	1	4	22	0	1130
13954	22	0	0	1110	0	1132
13955	11	1	5	1142	0	1159
13956	1073	0	3	26	0	1102
13957	23	1210	1	13	0	1247
13958	9	13	1211	5	0	1238
13959	6	1195	10	5	0	1216
13960	6	12	1145	3	0	1166
13961	4	7	14	1083	0	1108
13962	1105	6	14	11	0	1136
13963	11	1	4	1092	0	1108
13964	1087	1	1	15	0	1104
13965	11	1132	1	8	0	1152
13966	5	8	1133	6	0	1152
13967	6	1112	7	1	0	1126
13968	3	1135	4	3	0	1145
13969	1068	10	6	1	0	1085
13970	1043	3	0	1	0	1047
13971	11	1043	0	0	0	1054
13972	5	6	1	1058	0	1070
13973	3	4	0	1067	0	1074
13974	1071	2	1	10	0	1084
13975	8	2	1071	5	0	1086
13976	4	2	1054	2	0	1062
13977	2	0	10	1067	0	1079
13978	2	1	1075	7	0	1085
13979	1024	1	10	3	0	1038
13980	1063	0	5	3	0	1071
13981	9	1063	1	1	0	1074
13982	3	8	1090	1	0	1102
13983	4	2	8	1086	0	1100
13984	3	2	1146	8	0	1159
13985	0	1	8	1141	0	1150
13986	1156	0	4	10	0	1170
13987	7	1183	1	7	0	1198
13988	5	7	1222	1	0	1235
13989	0	1252	9	2	0	1263
13990	1	1299	4	1	0	1305
13991	1319	11	0	3	0	1333
13992	1286	3	2	0	0	1291
13993	12	1	1327	1	0	1341
13994	7	1364	7	3	0	1381
13995	3	8	3	1375	0	1389
13996	2	2	2	1377	0	1383
13997	0	0	2	1381	0	1383
13998	6	3	1393	10	0	1412
13999	1	1	8	1382	0	1392
14000	3	1	2	1424	0	1430
14001	1442	2	1	12	0	1457
14002	1449	0	3	5	0	1457
14003	1433	1	1	5	0	1440
14004	1411	1	0	2	0	1414
14005	1409	0	1	1	0	1411
14006	13	1387	1	0	0	1401
14007	1374	8	1	2	0	1385
14008	10	6	1377	1	0	1394
14009	7	5	7	1357	0	1376
14010	1381	2	3	8	0	1394
14011	8	1390	2	4	0	1404
14012	1422	8	3	0	0	1433
14013	1453	2	1	5	0	1461
14014	13	0	1	1457	0	1471
14015	4	1	1	1485	0	1491
14016	5	1529	0	10	0	1544
14017	3	11	1	1567	0	1582
14018	2	5	1608	14	0	1629
14019	2	1	17	1657	0	1677
14020	1	5	1672	16	0	1694
14021	1613	1	20	7	0	1641
14022	18	2	3	1682	0	1705
14023	7	0	1705	17	0	1729
14024	2	1660	15	5	0	1682
14025	2	1696	4	3	0	1705
14026	1694	16	4	4	0	1718
14027	15	9	2	1699	0	1725
14028	3	6	1736	10	0	1755
14029	5	1689	12	3	0	1709
14030	3	12	1700	4	0	1719
14031	1641	1	17	3	0	1662
14032	1673	2	5	2	0	1682
14033	1676	0	6	2	0	1684
14034	16	2	0	1670	0	1688
14035	4	2	1670	10	0	1686
14036	5	1659	9	2	0	1675
14037	1	12	2	1692	0	1707
14038	2	2	1653	11	0	1668
14039	2	3	1612	5	0	1622
14040	1	0	15	1644	0	1660
14041	1680	2	6	11	0	1699
14042	9	1	5	1665	0	1680
14043	4	0	1	1705	0	1710
14044	3	0	1704	17	0	1724
14045	1	0	13	1695	0	1709
14046	1	2	3	1685	0	1691
14047	0	1	1730	16	0	1747
14048	3	0	1683	8	0	1694
14049	3	0	14	1711	0	1728
14050	4	1	1729	11	0	1745
14051	2	1	14	1720	0	1737
14052	1739	0	5	14	0	1758
14053	11	1773	5	3	0	1792
14054	5	10	1	1797	0	1813
14055	9	2	1758	9	0	1778
14056	1606	4	12	10	0	1632
14057	13	1626	3	7	0	1649
14058	1664	15	4	2	0	1685
14059	16	2	0	1666	0	1684
14060	4	4	4	1653	0	1665
14061	1695	0	3	16	0	1714
14062	11	1	1698	11	0	1721
14063	1687	1	11	8	0	1707
14064	16	1	3	1726	0	1746
14065	1693	0	8	17	0	1718
14066	1726	1	2	4	0	1733
14067	15	2	2	1730	0	1749
14068	10	1768	1	15	0	1794
14069	1843	16	1	6	0	1866
14070	1854	3	3	9	0	1869
14071	22	5	1861	1	0	1889
14072	1826	2	17	3	0	1848
14073	26	1	3	1860	0	1890
14074	8	1886	4	19	0	1917
14075	9	20	2	1860	0	1891
14076	3	1884	2	19	0	1908
14077	1889	22	3	7	0	1921
14078	1922	6	1	6	0	1935
14079	20	7	2	2002	0	2031
14080	11	2	1992	21	0	2026
14081	8	0	1987	11	0	2006
14082	6	1	28	2051	0	2086
14083	2079	1	12	27	0	2119
14084	2204	2	6	12	0	2224
14085	35	2249	3	9	0	2296
14086	15	32	5	2272	0	2324
14087	11	12	2325	33	0	2381
14088	8	6	2398	15	0	2427
14089	5	14	47	2621	0	2687
14090	2838	3	26	51	0	2918
14091	59	2	10	2910	0	2981
14092	21	0	2874	66	0	2961
14093	2872	2	56	23	0	2953
14094	66	0	17	2875	0	2958
14095	24	3	7	2948	0	2982
14096	7	4	4	2921	0	2936
14097	4	2886	7	75	0	2972
14098	3	55	2883	30	0	2971
14099	1	18	2926	16	0	2961
14100	6	6	75	2912	0	2999
14101	3	3	2912	64	0	2982
14102	2860	5	69	25	0	2959
14103	66	2	26	2877	0	2971
14104	22	3	12	2913	0	2950
14105	10	1	9	2918	0	2938
14106	5	2873	11	84	0	2973
14107	2941	58	2	31	0	3032
14108	66	20	2	2941	0	3029
14109	2925	6	7	70	0	3008
14110	63	2927	3	29	0	3022
14111	2927	65	5	17	0	3014
14112	2858	19	6	9	0	2892
14113	2917	9	5	16	0	2947
14114	91	2813	2	13	0	2919
14115	33	2848	7	9	0	2897
14116	2758	69	8	8	0	2843
14117	65	2797	6	13	0	2881
14118	30	58	2695	10	0	2793
14119	11	2631	54	13	0	2709
14120	12	2709	20	6	0	2747
14121	2669	69	5	12	0	2755
14122	55	27	2634	10	0	2726
14123	26	12	2619	10	0	2667
14124	9	13	71	2591	0	2684
14125	2635	8	27	57	0	2727
14126	62	5	2634	26	0	2727
14127	27	7	58	2627	0	2719
14128	11	8	2593	59	0	2671
14129	11	9	2557	28	0	2605
14130	2505	4	75	10	0	2594
14131	60	5	2573	7	0	2645
14132	29	5	60	2547	0	2641
14133	8	12	29	2568	0	2617
14134	15	2522	9	74	0	2620
14135	15	2623	7	29	0	2674
14136	11	72	14	2558	0	2655
14137	9	28	2566	60	0	2663
14138	7	15	55	2563	0	2640
14139	13	10	28	2623	0	2674
14140	7	8	2600	81	0	2696
14141	8	11	63	2640	0	2722
14142	2657	7	35	66	0	2765
14143	60	8	2641	37	0	2746
14144	2628	7	59	14	0	2708
14145	61	7	36	2625	0	2729
14146	30	5	17	2719	0	2771
14147	15	2726	12	91	0	2844
14148	15	59	15	2749	0	2838
14149	15	25	12	2831	0	2883
14150	2773	12	11	95	0	2891
14151	67	7	14	2801	0	2889
14152	28	10	14	2837	0	2889
14153	2741	8	10	101	0	2860
14154	67	5	19	2767	0	2858
14155	37	9	11	2694	0	2751
14156	13	2734	11	98	0	2856
14157	2751	55	18	39	0	2863
14158	68	30	9	2754	0	2861
14159	26	12	12	2811	0	2861
14160	23	5	2723	90	0	2841
14161	14	13	61	2724	0	2812
14162	11	9	25	2781	0	2826
14163	2692	6	17	97	0	2812
14164	2718	13	9	47	0	2787
14165	85	9	8	2706	0	2808
14166	36	6	2622	76	0	2740
14167	24	2547	61	42	0	2674
14168	18	2607	29	29	0	2683
14169	20	69	18	2553	0	2660
14170	2552	28	11	69	0	2660
14171	67	11	13	2582	0	2673
14172	2585	10	3	73	0	2671
14173	62	13	6	2625	0	2706
14174	36	9	7	2642	0	2694
14175	2565	10	6	89	0	2670
14176	2575	11	6	51	0	2643
14177	89	2555	8	20	0	2672
14178	34	2635	7	35	0	2711
14179	18	75	6	2486	0	2585
14180	15	31	10	2541	0	2597
14181	26	10	2448	74	0	2558
14182	2253	13	52	48	0	2366
14183	62	2347	23	24	0	2456
14184	26	2250	7	18	0	2301
14185	2146	54	11	20	0	2231
14186	47	15	2159	12	0	2233
14187	23	9	2086	12	0	2130
14188	20	11	1916	15	0	1962
14189	12	1703	32	7	0	1754
14190	22	13	29	1438	0	1502
14191	4	7	2	1442	0	1455
14192	4	4	3	1442	0	1453
14193	1405	2	3	19	0	1429
14194	1392	3	3	9	0	1407
14195	15	1394	4	4	0	1417
14196	10	12	4	1410	0	1436
14197	2	8	1432	14	0	1456
14198	3	1444	11	7	0	1465
14199	1425	9	8	8	0	1450
14200	14	7	1423	4	0	1448
14201	1328	2	11	5	0	1346
14202	16	0	1423	4	0	1443
14203	8	14	12	1389	0	1423
14204	4	1422	5	10	0	1441
14205	1434	10	3	9	0	1456
14206	12	1438	2	4	0	1456
14207	1419	12	4	3	0	1438
14208	12	6	2	1398	0	1418
14209	7	6	1431	12	0	1456
14210	5	1	9	1483	0	1498
14211	3	5	6	1643	0	1657
14212	5	5	1659	24	0	1693
14213	1603	1	17	12	0	1633
14214	19	1686	10	6	0	1721
14215	1684	18	3	6	0	1711
14216	20	1696	5	4	0	1725
14217	4	21	4	1755	0	1784
14218	4	7	1735	22	0	1768
14219	2016	3	20	8	0	2047
14220	37	2072	6	11	0	2126
14221	10	39	4	2079	0	2132
14222	8	7	2	2178	0	2195
14223	2255	7	2	47	0	2311
14224	2431	3	1	12	0	2447
14225	53	2492	1	6	0	2552
14226	2685	50	3	4	0	2742
14227	2732	7	2	6	0	2747
14228	2766	7	1	8	0	2782
14229	81	8	2757	4	0	2850
14230	20	2705	54	6	0	2785
14231	17	2817	10	3	0	2847
14232	10	69	6	2689	0	2774
14233	10	20	1	2792	0	2823
14234	2738	11	3	71	0	2823
14235	62	2730	2	19	0	2813
14236	2755	65	2	12	0	2834
14237	68	19	3	2727	0	2817
14238	20	11	2	2798	0	2831
14239	2714	4	3	75	0	2796
14240	2716	8	3	24	0	2751
14241	87	3	2638	9	0	2737
14242	23	7	60	2619	0	2709
14243	11	6	2573	68	0	2658
14244	12	6	2577	17	0	2612
14245	10	5	2587	12	0	2614
14246	2469	17	78	7	0	2571
14247	62	6	22	2447	0	2537
14248	23	2	10	2488	0	2523
14249	12	10	7	2518	0	2547
14250	10	1	2452	83	0	2546
14251	9	3	61	2466	0	2539
14252	11	5	16	2525	0	2557
14253	2448	7	10	75	0	2540
14254	2498	3	3	29	0	2533
14255	2550	3	10	14	0	2577
14256	2548	3	4	15	0	2570
14257	85	6	8	2464	0	2563
14258	2492	6	8	64	0	2570
14259	74	3	5	2488	0	2570
14260	33	5	2371	75	0	2484
14261	2430	5	61	26	0	2522
14262	71	2443	22	18	0	2554
14263	29	67	7	2408	0	2511
14264	17	24	8	2442	0	2491
14265	18	2436	5	80	0	2539
14266	2424	65	3	31	0	2523
14267	79	2415	8	17	0	2519
14268	29	71	2401	9	0	2510
14269	24	16	2443	14	0	2497
14270	2381	15	78	15	0	2489
14271	2447	5	20	24	0	2496
14272	89	9	2377	12	0	2487
14273	2365	2	66	14	0	2447
14274	76	10	2358	11	0	2455
14275	2350	10	71	14	0	2445
14276	78	8	2342	18	0	2446
14277	28	6	2393	18	0	2445
14278	28	6	77	2257	0	2368
14279	16	14	30	2318	0	2378
14280	2317	12	12	83	0	2424
14281	2291	9	10	45	0	2355
14282	2324	3	19	27	0	2373
14283	2373	5	12	18	0	2408
14284	96	2270	13	14	0	2393
14285	47	61	8	2225	0	2341
14286	32	2272	16	62	0	2382
14287	35	62	11	2285	0	2393
14288	27	18	18	2289	0	2352
14289	26	18	14	2288	0	2346
14290	18	9	2195	95	0	2317
14291	2170	9	65	35	0	2279
14292	74	2129	22	37	0	2262
14293	37	2233	18	21	0	2309
14294	35	75	2216	15	0	2341
14295	24	25	73	2209	0	2331
14296	23	16	16	2249	0	2304
14297	2196	11	12	96	0	2315
14298	77	16	14	2181	0	2288
14299	44	6	13	2243	0	2306
14300	24	14	17	2255	0	2310
14301	20	5	18	2267	0	2310
14302	2176	5	17	94	0	2292
14303	2222	7	12	38	0	2279
14304	2241	6	19	20	0	2286
14305	103	7	11	2195	0	2316
14306	2214	11	17	79	0	2321
14307	85	6	17	2257	0	2365
14308	39	6	19	2338	0	2402
14309	27	7	2226	96	0	2356
14310	17	4	2212	41	0	2274
14311	25	4	2067	26	0	2122
14312	2003	8	86	27	0	2124
14313	76	7	32	1903	0	2018
14314	37	1955	12	69	0	2073
14315	1999	57	13	27	0	2096
14316	77	18	1947	17	0	2059
14317	1884	10	63	22	0	1979
14318	73	1843	25	21	0	1962
14319	1558	35	8	10	0	1611
14320	55	16	4	1551	0	1626
14321	1532	6	6	41	0	1585
14322	46	1455	8	26	0	1535
14323	20	1413	10	12	0	1455
14324	1207	37	10	6	0	1260
14325	30	1205	5	5	0	1245
14326	8	942	1	4	0	955
14327	9	949	12	6	0	976
14328	886	33	27	2	0	948
14329	850	6	1	0	0	857
14330	850	4	0	1	0	855
14331	21	0	1	835	0	857
14332	3	1	0	851	0	855
14333	3	0	828	19	0	850
14334	2	0	16	836	0	854
14335	2	0	836	16	0	854
14336	3	3	15	838	0	859
14337	2	4	3	860	0	869
14338	854	1	1	20	0	876
14339	863	3	0	6	0	872
14340	18	851	2	2	0	873
14341	7	17	1	851	0	876
14342	6	5	891	16	0	918
14343	4	4	15	896	0	919
14344	6	3	3	911	0	923
14345	4	0	2	924	0	930
14346	3	1	902	21	0	927
14347	3	1	884	6	0	894
14348	888	1	19	6	0	914
14349	15	0	7	906	0	928
14350	6	2	894	17	0	919
14351	863	2	12	10	0	887
14352	16	911	5	6	0	938
14353	934	12	4	3	0	953
14354	16	7	954	2	0	979
14355	914	3	10	7	0	934
14356	14	1	8	933	0	956
14357	6	1	961	15	0	983
14358	3	939	13	15	0	970
14359	948	11	7	5	0	971
14360	14	6	4	953	0	977
14361	4	6	5	956	0	971
14362	7	960	2	14	0	983
14363	4	8	3	972	0	987
14364	2	6	961	12	0	981
14365	5	947	11	7	0	970
14366	963	12	5	3	0	983
14367	14	5	3	949	0	971
14368	8	1	4	946	0	959
14369	6	4	931	15	0	956
14370	2	4	11	946	0	963
14371	3	2	970	10	0	985
14372	6	966	12	5	0	989
14373	969	10	6	4	0	989
14374	957	7	3	4	0	971
14375	963	4	2	6	0	975
14376	19	997	3	3	0	1022
14377	10	10	0	1000	0	1020
14378	4	6	4	1009	0	1023
14379	2	7	2	890	0	901
14380	996	3	2	15	0	1016
14381	997	0	4	12	0	1013
14382	12	4	2	1003	0	1021
14383	7	4	1086	11	0	1108
14384	3	2	10	1093	0	1108
14385	3	3	10	1095	0	1111
14386	5	4	3	1107	0	1119
14387	6	3	1	1104	0	1114
14388	1110	1	3	19	0	1133
14389	13	2	2	1142	0	1159
14390	10	4	4	1132	0	1150
14391	3	1142	0	24	0	1169
14392	3	7	2	1203	0	1215
14393	3	1228	3	18	0	1252
14394	4	9	2	1229	0	1244
14395	1223	6	4	13	0	1246
14396	11	1224	0	18	0	1253
14397	1232	12	4	8	0	1256
14398	14	7	1242	8	0	1271
14399	10	1	10	1231	0	1252
14400	2	4	1285	17	0	1308
14401	2	0	12	1291	0	1305
14402	6	3	7	1268	0	1284
14403	2	1270	1	23	0	1296
14404	5	1283	3	13	0	1304
14405	3	1325	1	4	0	1333
14406	1310	13	1	8	0	1332
14407	7	1270	2	6	0	1285
14408	3	1240	2	11	0	1256
14409	12	8	0	1267	0	1287
14410	1278	5	0	7	0	1290
14411	8	1329	1	8	0	1346
14412	1353	7	4	1	0	1365
14413	1345	4	2	6	0	1357
14414	11	0	1389	2	0	1402
14415	3	2	8	1358	0	1371
14416	2	0	3	1404	0	1409
14417	1	4	2	1411	0	1418
14418	1	4	0	1390	0	1395
14419	2	4	1352	11	0	1369
14420	3	4	1248	6	0	1261
14421	1281	5	6	2	0	1294
14422	4	1331	3	1	0	1339
14423	4	1347	1	2	0	1354
14424	1361	6	2	0	0	1369
14425	4	1340	0	1	0	1345
14426	4	5	0	1360	0	1369
14427	1362	4	0	5	0	1371
14428	5	1	1372	3	0	1381
14429	4	1	4	1381	0	1390
14430	1	0	1412	7	0	1420
14431	1381	0	5	4	0	1390
14432	6	1	1512	2	0	1521
14433	1534	0	4	3	0	1541
14434	1611	0	4	1	0	1616
14435	1629	0	0	1	0	1630
14436	1624	1	2	0	0	1627
14437	1631	1	2	0	0	1634
14438	10	1	0	1624	0	1635
14439	1707	1	0	5	0	1713
14440	6	0	0	1706	0	1712
14441	8	0	0	1703	0	1711
14442	1	1	1	1705	0	1708
14443	1	0	1706	9	0	1716
14444	2	0	5	1683	0	1690
14445	1	0	4	1733	0	1738
14446	0	0	1698	10	0	1708
14447	1618	0	6	6	0	1630
14448	6	1	4	1738	0	1749
14449	3	1	1737	6	0	1747
14450	2	0	1694	3	0	1699
14451	3	1	8	1697	0	1709
14452	2	0	1761	6	0	1769
14453	3	0	4	1777	0	1784
14454	3	0	4	1785	0	1792
14455	0	1755	1	9	0	1765
14456	1	1769	1	3	0	1774
14457	1789	5	2	3	0	1799
14458	4	2	0	1810	0	1816
14459	5	1	0	1781	0	1787
14460	0	2	2	1827	0	1831
14461	1	1	1847	7	0	1856
14462	1	0	4	1810	0	1815
14463	1821	0	4	6	0	1831
14464	5	0	1864	4	0	1873
14465	2	0	5	1923	0	1930
14466	0	0	5	1936	0	1941
14467	1	0	1	1971	0	1973
14468	1	2050	2	9	0	2062
14469	2063	12	2	4	0	2081
14470	2146	3	0	4	0	2153
14471	14	2179	0	3	0	2196
14472	4	14	0	2356	0	2374
14473	4	4	2349	15	0	2372
14474	4	3	2314	5	0	2326
14475	2411	2	26	4	0	2443
14476	19	1	11	2472	0	2503
14477	2570	1	7	24	0	2602
14478	36	2632	3	12	0	2683
14479	19	2688	1	7	0	2715
14480	2683	51	0	4	0	2738
14481	36	2728	1	5	0	2770
14482	15	41	2	2774	0	2832
14483	8	19	3	2692	0	2722
14484	6	2809	0	49	0	2864
14485	2811	45	1	19	0	2876
14486	43	21	2841	9	0	2914
14487	2766	12	36	9	0	2823
14488	51	10	2868	1	0	2930
14489	2733	4	46	8	0	2791
14490	55	3	2908	6	0	2972
14491	17	2851	52	8	0	2928
14492	17	43	23	2858	0	2941
14493	2826	19	11	42	0	2898
14494	50	9	2808	14	0	2881
14495	20	3	2819	9	0	2851
14496	18	5	61	2764	0	2848
14497	10	1	2850	45	0	2906
14498	7	4	56	2796	0	2863
14499	3	3	19	2797	0	2822
14500	7	4	2785	63	0	2859
14501	10	0	47	2775	0	2832
14502	2833	3	26	50	0	2912
14503	44	2810	18	26	0	2898
14504	2854	40	11	17	0	2922
14505	56	18	7	2806	0	2887
14506	2808	14	8	48	0	2878
14507	2851	3	6	29	0	2889
14508	60	3	10	2820	0	2893
14509	36	2805	8	48	0	2897
14510	2835	42	5	28	0	2910
14511	56	22	2750	14	0	2842
14512	23	15	2736	10	0	2784
14513	2712	7	58	9	0	2786
14514	52	5	28	2709	0	2794
14515	35	3	2717	44	0	2799
14516	17	6	46	2739	0	2808
14517	2744	4	17	62	0	2827
14518	2825	8	18	22	0	2873
14519	2839	5	12	14	0	2870
14520	77	2837	12	8	0	2934
14521	38	43	11	2875	0	2967
14522	25	16	9	2883	0	2933
14523	2849	10	11	75	0	2945
14524	53	2824	10	32	0	2919
14525	2841	46	4	21	0	2912
14526	70	18	4	2808	0	2900
14527	2795	20	7	46	0	2868
14528	65	9	2700	28	0	2802
14529	25	2712	50	23	0	2810
14530	22	49	24	2631	0	2726
14531	17	2737	10	41	0	2805
14532	14	55	4	2673	0	2746
14533	2654	24	6	58	0	2742
14534	58	12	2560	28	0	2658
14535	2527	7	50	20	0	2604
14536	62	2588	22	12	0	2684
14537	32	49	15	2633	0	2729
14538	15	28	5	2685	0	2733
14539	2582	17	7	69	0	2675
14540	53	12	2557	39	0	2661
14541	32	3	47	2581	0	2663
14542	25	7	25	2583	0	2640
14543	19	6	18	2590	0	2633
14544	11	11	9	2611	0	2642
14545	2543	7	5	81	0	2636
14546	2553	3	12	37	0	2605
14547	68	13	2536	22	0	2639
14548	40	6	2465	20	0	2531
14549	2553	8	60	19	0	2640
14550	2637	3	33	20	0	2693
14551	64	7	22	2602	0	2695
14552	41	4	11	2595	0	2651
14553	2527	4	5	71	0	2607
14554	57	2499	9	38	0	2603
14555	26	44	16	2540	0	2626
14556	17	19	16	2577	0	2629
14557	24	11	2506	65	0	2606
14558	22	6	50	2524	0	2602
14559	14	8	2511	69	0	2602
14560	13	4	51	2519	0	2587
14561	2480	6	24	65	0	2575
14562	57	6	14	2511	0	2588
14563	30	13	2478	62	0	2583
14564	21	2379	43	38	0	2481
14565	15	45	23	2453	0	2536
14566	14	21	2446	50	0	2531
14567	12	2451	45	34	0	2542
14568	15	43	23	2381	0	2462
14569	12	22	2351	54	0	2439
14570	2049	12	42	32	0	2135
14571	40	2222	25	20	0	2307
14572	20	2102	13	11	0	2146
14573	19	2145	7	12	0	2183
14574	18	60	14	2057	0	2149
14575	6	14	2113	41	0	2174
14576	6	2078	40	22	0	2146
14577	20	58	15	2007	0	2100
14578	2118	8	5	40	0	2171
14579	40	4	5	2780	0	2829
14580	17	8	3409	65	0	3499
14581	10	3473	73	25	0	3581
14582	3407	82	21	20	0	3530
14583	77	3448	12	12	0	3549
14584	23	88	3305	14	0	3430
14585	15	3342	79	16	0	3452
14586	12	107	31	3258	0	3408
14587	12	36	3267	70	0	3385
14588	13	3267	84	24	0	3388
14589	12	90	30	3186	0	3318
14590	9	45	23	3191	0	3268
14591	4	3197	21	95	0	3317
14592	3	93	23	3222	0	3341
14593	0	46	3189	100	0	3335
14594	7	28	3242	45	0	3322
14595	4	29	97	3208	0	3338
14596	3171	23	40	99	0	3333
14597	3192	21	22	55	0	3290
14598	89	20	20	3133	0	3262
14599	29	3130	29	111	0	3299
14600	20	80	33	3161	0	3294
14601	3137	34	24	102	0	3297
14602	94	13	15	3125	0	3247
14603	44	21	5	3169	0	3239
14604	3088	18	7	121	0	3234
14605	89	3057	10	67	0	3223
14606	32	90	13	3098	0	3233
14607	3059	29	10	117	0	3215
14608	100	20	2971	58	0	3149
14609	3012	15	68	44	0	3139
14610	95	15	21	3046	0	3177
14611	3042	23	14	102	0	3181
14612	3091	23	12	49	0	3175
14613	2862	12	17	42	0	2933
14614	124	2962	16	29	0	3131
14615	56	70	2946	34	0	3106
14616	58	2982	73	22	0	3135
14617	2976	91	27	23	0	3117
14618	108	2934	15	27	0	3084
14619	63	96	7	2915	0	3081
14620	2873	40	22	81	0	3016
14621	93	2881	13	33	0	3020
14622	45	98	2851	30	0	3024
14623	35	52	79	2864	0	3030
14624	41	31	2858	90	0	3020
14625	30	2887	85	44	0	3046
14626	19	106	30	2854	0	3009
14627	27	39	32	2937	0	3035
14628	13	39	21	2956	0	3029
14629	19	24	32	2872	0	2947
14630	11	2835	22	131	0	2999
14631	2818	89	20	71	0	2998
14632	88	43	2790	55	0	2976
14633	35	30	76	2849	0	2990
14634	2795	25	34	119	0	2973
14635	88	24	2802	68	0	2982
14636	44	2753	89	53	0	2939
14637	31	105	41	2723	0	2900
14638	44	38	2743	95	0	2920
14639	29	2755	96	53	0	2933
14640	2699	86	48	50	0	2883
14641	82	2761	33	37	0	2913
14642	36	108	33	2717	0	2894
14643	34	55	25	2807	0	2921
14644	2703	46	25	119	0	2893
14645	85	2731	26	65	0	2907
14646	40	105	18	2769	0	2932
14647	2674	47	26	107	0	2854
14648	2687	48	15	65	0	2815
14649	117	2639	11	65	0	2832
14650	2660	101	18	40	0	2819
14651	2718	49	12	41	0	2820
14652	134	47	9	2623	0	2813
14653	72	36	2584	105	0	2797
14654	54	28	86	2578	0	2746
14655	61	25	29	2640	0	2755
14656	45	25	2538	124	0	2732
14657	46	2495	80	68	0	2689
14658	44	91	37	2521	0	2693
14659	28	41	25	2630	0	2724
14660	29	27	30	2649	0	2735
14661	18	27	31	2588	0	2664
14662	21	2515	28	154	0	2718
14663	2547	88	23	74	0	2732
14664	2559	41	15	76	0	2691
14665	2535	28	12	61	0	2636
14666	120	2415	11	67	0	2613
14667	54	97	4	2433	0	2588
14668	50	41	2406	109	0	2606
14669	44	47	73	2364	0	2528
14670	55	2439	21	104	0	2619
14671	2403	81	17	47	0	2548
14672	2408	46	9	53	0	2516
14673	2380	29	19	48	0	2476
14674	116	2313	16	41	0	2486
14675	50	2198	23	31	0	2302
14676	56	2303	23	32	0	2414
14677	48	104	2196	24	0	2372
14678	71	81	2014	36	0	2202
14679	103	288	76	981	0	1448
14680	650	3	25	22	0	700
14681	623	0	2	6	0	631
14682	17	2	0	631	0	650
14683	6	0	0	626	0	632
14684	2	0	2	649	0	653
14685	1	1	0	656	0	658
14686	640	1	0	19	0	660
14687	674	0	1	6	0	681
14688	20	687	1	1	0	709
14689	698	16	0	2	0	716
14690	711	6	1	0	0	718
14691	720	4	0	1	0	725
14692	23	1	623	0	0	647
14693	692	1	12	0	0	705
14694	16	692	2	2	0	712
14695	4	14	2	712	0	732
14696	6	3	1	726	0	736
14697	0	695	1	18	0	714
14698	0	15	0	722	0	737
14699	716	2	0	18	0	736
14700	17	3	0	726	0	746
14701	5	2	714	16	0	737
14702	701	1	13	2	0	717
14703	15	746	3	4	0	768
14704	4	13	2	744	0	763
14705	4	2	2	747	0	755
14706	4	2	2	755	0	763
14707	1	0	741	20	0	762
14708	4	736	13	5	0	758
14709	2	16	2	733	0	753
14710	0	2	727	16	0	745
14711	1	1	13	714	0	729
14712	1	2	707	17	0	727
14713	0	3	14	693	0	710
14714	5	689	2	12	0	708
14715	3	12	1	684	0	700
14716	681	3	2	14	0	700
14717	699	1	0	2	0	702
14718	18	4	687	1	0	710
14719	3	1	658	2	0	664
14720	1	1	713	3	0	718
14721	1	1	15	714	0	731
14722	0	5	4	744	0	753
14723	0	2	1	761	0	764
14724	1	749	1	20	0	771
14725	0	15	1	753	0	769
14726	0	2	1	786	0	789
14727	2	1	2	806	0	811
14728	795	1	0	22	0	818
14729	818	2	1	2	0	823
14730	19	0	806	4	0	829
14731	4	1	811	1	0	817
14732	812	0	20	1	0	833
14733	846	1	3	2	0	852
14734	19	0	876	2	0	897
14735	3	0	856	2	0	861
14736	845	3	20	3	0	871
14737	879	0	3	4	0	886
14738	22	0	880	4	0	906
14739	3	2	20	858	0	883
14740	2	0	3	884	0	889
14741	3	907	1	19	0	930
14742	1	21	1	921	0	944
14743	3	1	968	23	0	995
14744	5	2	22	968	0	997
14745	2	1	6	1001	0	1010
14746	0	1	974	26	0	1001
14747	942	0	22	6	0	970
14748	997	0	3	4	0	1004
14749	27	1	6	972	0	1006
14750	5	0	3	998	0	1006
14751	979	1	2	29	0	1011
14752	998	2	0	7	0	1007
14753	939	2	2	6	0	949
14754	1001	0	2	5	0	1008
14755	25	963	4	4	0	996
14756	960	25	1	3	0	989
14757	27	966	1	6	0	1000
14758	5	22	6	967	0	1000
14759	4	3	1	968	0	976
14760	2	934	2	26	0	964
14761	2	23	2	950	0	977
14762	4	3	1	951	0	959
14763	5	949	3	24	0	981
14764	5	23	0	955	0	983
14765	3	4	1	979	0	987
14766	3	4	4	973	0	984
14767	7	3	948	30	0	988
14768	4	920	22	7	0	953
14769	4	29	3	897	0	933
14770	3	919	2	22	0	946
14771	904	22	4	2	0	932
14772	23	6	893	5	0	927
14773	6	2	885	7	0	900
14774	849	1	21	5	0	876
14775	19	5	7	854	0	885
14776	5	1	826	15	0	847
14777	7	1	803	4	0	815
14778	1	10	14	779	0	804
14779	772	1	11	15	0	799
14780	784	2	2	6	0	794
14781	15	1	2	773	0	791
14782	5	4	758	18	0	785
14783	3	804	13	2	0	822
14784	1	13	4	808	0	826
14785	2	4	799	18	0	823
14786	1	795	11	7	0	814
14787	2	15	5	781	0	803
14788	758	3	3	13	0	777
14789	15	1	2	730	0	748
14790	3	749	2	14	0	768
14791	755	11	1	2	0	769
14792	15	2	775	2	0	794
14793	4	749	12	1	0	766
14794	5	12	747	2	0	766
14795	741	2	13	3	0	759
14796	14	2	6	725	0	747
14797	4	1	4	746	0	755
14798	752	3	0	19	0	774
14799	14	0	3	747	0	764
14800	3	1	733	17	0	754
14801	715	3	12	6	0	736
14802	14	734	5	4	0	757
14803	4	12	2	715	0	733
14804	709	3	1	15	0	728
14805	13	713	5	4	0	735
14806	4	13	1	722	0	740
14807	721	1	2	17	0	741
14808	15	1	4	710	0	730
14809	5	708	0	17	0	730
14810	3	14	713	7	0	737
14811	2	1	15	729	0	747
14812	5	3	4	709	0	721
14813	738	3	4	14	0	759
14814	16	1	3	740	0	760
14815	746	0	1	16	0	763
14816	747	5	1	5	0	758
14817	15	1	4	732	0	752
14818	6	722	1	15	0	744
14819	2	15	1	723	0	741
14820	689	3	3	16	0	711
14821	19	705	1	2	0	727
14822	1	740	0	4	0	745
14823	746	13	1	2	0	762
14824	764	2	1	0	0	767
14825	14	750	1	2	0	767
14826	759	11	4	3	0	777
14827	765	4	2	0	0	771
14828	14	4	1	749	0	768
14829	5	1	758	14	0	778
14830	3	0	11	760	0	774
14831	1	2	773	17	0	793
14832	1	9	12	774	0	796
14833	0	0	788	15	0	803
14834	747	1	13	3	0	764
14835	10	0	6	752	0	768
14836	784	2	1	9	0	796
14837	12	4	0	773	0	789
14838	5	796	1	10	0	812
14839	817	11	1	6	0	835
14840	9	2	804	5	0	820
14841	761	1	7	2	0	771
14842	9	776	3	2	0	790
14843	734	7	1	2	0	744
14844	740	1	2	0	0	743
14845	8	743	1	2	0	754
14846	4	8	0	777	0	789
14847	787	1	1	8	0	797
14848	9	777	0	4	0	790
14849	4	10	0	799	0	813
14850	818	2	2	13	0	835
14851	13	2	1	814	0	830
14852	4	3	1	824	0	832
14853	4	2	2	829	0	837
14854	6	1	814	12	0	833
14855	2	4	12	809	0	827
14856	818	2	2	13	0	835
14857	15	3	820	3	0	841
14858	5	2	11	823	0	841
14859	4	3	1	841	0	849
14860	4	3	815	12	0	834
14861	800	1	10	8	0	819
14862	842	3	3	7	0	855
14863	13	1	837	5	0	856
14864	4	0	10	838	0	852
14865	5	1	3	849	0	858
14866	5	1	886	16	0	908
14867	1	2	12	891	0	906
14868	4	0	4	885	0	893
14869	3	1	915	18	0	937
14870	907	3	15	5	0	930
14871	15	1	5	951	0	972
14872	949	1	2	17	0	969
14873	951	0	2	10	0	963
14874	18	1	950	6	0	975
14875	6	2	15	939	0	962
14876	960	0	7	17	0	984
14877	17	988	4	10	0	1019
14878	6	14	1	1032	0	1053
14879	2	3	4	1051	0	1060
14880	2	1	2	1066	0	1071
14881	1	0	1047	27	0	1075
14882	968	0	20	11	0	999
14883	22	0	5	991	0	1018
14884	10	0	4	998	0	1012
14885	4	0	987	24	0	1015
14886	4	0	15	990	0	1009
14887	5	1	5	1013	0	1024
14888	991	1	5	21	0	1018
14889	19	991	1	12	0	1023
14890	6	14	997	8	0	1025
14891	998	5	21	4	0	1028
14892	19	2	4	985	0	1010
14893	5	0	1012	24	0	1041
14894	3	2	1013	9	0	1027
14895	5	1	21	1035	0	1062
14896	2	1	1061	20	0	1084
14897	3	1	1033	12	0	1049
14898	5	1029	19	9	0	1062
14899	3	18	7	1103	0	1131
14900	1	6	1110	22	0	1139
14901	3	1	16	1078	0	1098
14902	1166	2	5	24	0	1197
14903	16	3	6	1170	0	1195
14904	8	2	3	1197	0	1210
14905	1172	0	2	31	0	1205
14906	1199	1	3	15	0	1218
14907	21	0	10	1246	0	1277
14908	6	1	1273	21	0	1301
14909	4	1271	18	15	0	1308
14910	5	16	7	1290	0	1318
14911	1286	9	8	22	0	1325
14912	1309	3	7	11	0	1330
14913	26	1308	1	10	0	1345
14914	8	1334	4	10	0	1356
14915	1344	20	6	6	0	1376
14916	1356	6	5	7	0	1374
14917	24	2	1423	10	0	1459
14918	10	1	19	1421	0	1451
14919	8	1454	9	18	0	1489
14920	1510	19	5	12	0	1546
14921	16	11	5	1489	0	1521
14922	10	1440	5	18	0	1473
14923	4	21	1470	9	0	1504
14924	8	10	18	1440	0	1476
14925	6	1496	4	21	0	1527
14926	1515	19	4	10	0	1548
14927	1521	5	5	1	0	1532
14928	26	1521	1	8	0	1556
14929	1506	18	1	5	0	1530
14930	1513	4	5	3	0	1525
14931	19	1467	4	4	0	1494
14932	9	1503	2	8	0	1522
14933	8	24	5	1488	0	1525
14934	1481	7	4	17	0	1509
14935	16	5	1522	12	0	1555
14936	1448	9	16	3	0	1476
14937	20	1523	6	6	0	1555
14938	1532	17	3	7	0	1559
14939	1548	9	3	1	0	1561
14940	1547	3	1	7	0	1558
14941	23	6	1	1519	0	1549
14942	10	1523	4	13	0	1550
14943	1536	14	1	10	0	1561
14944	18	6	1554	6	0	1584
14945	8	1549	18	4	0	1579
14946	4	19	5	1593	0	1621
14947	3	6	1543	16	0	1568
14948	6	3	1535	7	0	1551
14949	6	7	17	1511	0	1541
14950	1	5	8	1605	0	1619
14951	4	3	3	1618	0	1628
14952	4	1	2	1583	0	1590
14953	5	1534	1	23	0	1563
14954	5	1607	5	9	0	1626
14955	1638	20	1	8	0	1667
14956	12	11	1	1645	0	1669
14957	14	3	4	1645	0	1666
14958	4	5	2	1679	0	1690
14959	1661	5	3	23	0	1692
14960	1673	1	4	12	0	1690
14961	24	2	4	1660	0	1690
14962	1692	4	2	21	0	1719
14963	1686	1	2	13	0	1702
14964	1703	4	1	4	0	1712
14965	23	2	3	1681	0	1709
14966	15	1	1598	15	0	1629
14967	8	3	1474	15	0	1500
14968	5	1	1580	3	0	1589
14969	2	1	1621	3	0	1627
14970	5	3	18	1598	0	1624
14971	1628	1	7	13	0	1649
14972	1625	1	2	9	0	1637
14973	18	2	1616	2	0	1638
14974	8	2	1620	4	0	1634
14975	4	1739	13	5	0	1761
14976	6	11	6	1756	0	1779
14977	1743	5	5	9	0	1762
14978	7	1	1729	8	0	1745
14979	1678	3	9	2	0	1692
14980	9	1780	6	4	0	1799
14981	9	8	1	1825	0	1843
14982	2	6	4	1882	0	1894
14983	3	0	1	1850	0	1854
14984	1897	3	1	19	0	1920
14985	16	0	0	1905	0	1921
14986	6	0	2	1920	0	1928
14987	1913	1	1	22	0	1937
14988	17	1	2	1904	0	1924
14989	8	0	1932	21	0	1961
14990	1902	2	13	10	0	1927
14991	17	0	6	1959	0	1982
14992	11	0	5	1966	0	1982
14993	5	1927	3	21	0	1956
14994	1943	12	2	13	0	1970
14995	1968	8	0	10	0	1986
14996	19	7	0	1952	0	1978
14997	17	3	1948	13	0	1981
14998	1836	1	12	13	0	1862
14999	18	0	1968	6	0	1992
15000	12	1	18	1933	0	1964
15001	6	0	9	2005	0	2020
15002	1972	1	6	21	0	2000
15003	18	2	3	2026	0	2049
15004	10	0	2026	22	0	2058
15005	1995	0	13	15	0	2023
15006	19	1	2192	10	0	2222
15007	11	3	2184	5	0	2203
15008	2214	2	35	2	0	2253
15009	27	1	14	2260	0	2302
15010	8	2307	10	23	0	2348
15011	2331	19	7	11	0	2368
15012	2329	6	4	8	0	2347
15013	32	8	2291	6	0	2337
15014	2259	3	20	4	0	2286
15015	34	4	8	2300	0	2346
15016	15	0	2316	20	0	2351
15017	11	2228	23	10	0	2272
15018	2212	21	12	10	0	2255
15019	21	2252	8	6	0	2287
15020	12	18	9	2217	0	2256
15021	9	7	7	2246	0	2269
15022	7	10	2	2211	0	2230
15023	11	4	1	2159	0	2175
15024	3	2156	2	32	0	2193
15025	4	19	2077	15	0	2115
15026	4	2103	17	12	0	2136
15027	2105	20	9	9	0	2143
15028	16	13	10	2098	0	2137
15029	2111	11	6	18	0	2146
15030	26	5	2	2129	0	2162
15031	2203	6	3	26	0	2238
15032	28	2228	1	13	0	2270
15033	2268	18	2	14	0	2302
15034	2297	7	3	7	0	2314
15035	2227	10	3	11	0	2251
15036	2266	3	1	5	0	2275
15037	33	2240	0	6	0	2279
15038	21	17	2228	3	0	2269
15039	17	10	15	2223	0	2265
15040	2232	7	8	18	0	2265
15041	2271	5	6	10	0	2292
15042	29	3	5	2289	0	2326
15043	17	1	2394	25	0	2437
15044	16	2	21	2330	0	2369
15045	10	2376	6	36	0	2428
15046	2407	27	11	13	0	2458
15047	33	15	4	2407	0	2459
15048	11	2415	4	30	0	2460
15049	13	2519	3	13	0	2548
15050	7	2564	1	12	0	2584
15051	11	38	1	2629	0	2679
15052	2644	17	3	34	0	2698
15053	33	2668	5	9	0	2715
15054	10	35	1	2699	0	2745
15055	2688	12	2	33	0	2735
15056	35	10	3	2684	0	2732
15057	2680	5	2	43	0	2730
15058	2697	3	1	13	0	2714
15059	42	2791	0	18	0	2851
15060	22	33	2	2735	0	2792
15061	16	2820	3	33	0	2872
15062	2808	43	2	9	0	2862
15063	2831	13	5	8	0	2857
15064	2863	17	4	8	0	2892
15065	49	8	7	2858	0	2922
15066	27	9	2800	34	0	2870
15067	2768	7	32	13	0	2820
15068	2843	9	8	16	0	2876
15069	52	6	10	2771	0	2839
15070	31	2841	6	39	0	2917
15071	23	37	8	2879	0	2947
15072	19	13	2	2931	0	2965
15073	2909	17	3	45	0	2974
15074	2878	9	11	23	0	2921
15075	48	14	2750	19	0	2831
15076	31	7	33	2773	0	2844
15077	2825	10	9	42	0	2886
15078	49	9	10	2831	0	2899
15079	22	6	2824	55	0	2907
15080	21	2686	41	24	0	2772
15081	16	2833	7	22	0	2878
15082	3112	37	11	14	0	3174
15083	45	19	7	3356	0	3427
15084	16	17	6	3790	0	3829
15085	3809	9	1	95	0	3914
15086	89	8	3790	40	0	3927
15087	39	11	75	3827	0	3952
15088	30	7	3828	91	0	3956
15089	19	3824	79	48	0	3970
15090	3910	82	32	24	0	4048
15091	3987	24	22	24	0	4057
15092	4029	18	16	16	0	4079
15093	123	15	3902	20	0	4060
15094	3929	24	78	18	0	4049
15095	4049	13	25	16	0	4103
15096	122	16	18	3960	0	4116
15097	3307	10	25	100	0	3442
15098	95	9	3901	33	0	4038
15099	3843	8	85	30	0	3966
15100	118	9	3890	27	0	4044
15101	60	3927	91	29	0	4107
15102	48	102	35	3716	0	3901
15103	43	3899	29	79	0	4050
15104	40	96	3846	30	0	4012
15105	35	3870	91	18	0	4014
15106	3662	94	38	25	0	3819
15107	86	3618	19	19	0	3742
15108	39	3610	16	16	0	3681
15109	30	88	3520	14	0	3652
15110	25	48	79	3472	0	3624
15111	3515	30	32	79	0	3656
15112	91	22	3482	23	0	3618
15113	39	3531	79	22	0	3671
15114	28	78	36	3498	0	3640
15115	22	39	3509	86	0	3656
15116	24	26	3500	34	0	3584
15117	23	22	103	3491	0	3639
15118	21	21	3560	83	0	3685
15119	20	20	93	3318	0	3451
15120	20	3432	41	78	0	3571
15121	22	78	31	3433	0	3564
15122	15	3489	32	94	0	3630
15123	26	88	23	3517	0	3654
15124	3494	29	27	100	0	3650
15125	87	28	22	3487	0	3624
15126	32	3481	21	99	0	3633
15127	29	90	19	3542	0	3680
15128	32	36	3513	103	0	3684
15129	29	18	89	3541	0	3677
15130	3526	15	38	104	0	3683
15131	89	22	3414	45	0	3570
15132	40	24	88	3394	0	3546
15133	3337	14	44	104	0	3499
15134	91	3320	28	53	0	3492
15135	53	83	20	3341	0	3497
15136	3348	33	32	95	0	3508
15137	106	25	20	3349	0	3500
15138	50	24	3300	99	0	3473
15139	3231	22	81	49	0	3383
15140	95	3274	42	42	0	3453
15141	42	3380	24	46	0	3492
15142	3364	90	31	31	0	3516
15143	3309	38	32	26	0	3405
15144	114	32	18	3267	0	3431
15145	3247	25	21	83	0	3376
15146	93	34	3169	39	0	3335
15147	3175	19	68	36	0	3298
15148	86	3120	31	38	0	3275
15149	3114	72	31	27	0	3244
15150	91	32	3100	31	0	3254
15151	53	36	82	3009	0	3180
15152	36	26	43	3065	0	3170
15153	31	28	23	2948	0	3030
15154	38	2985	26	85	0	3134
15155	3020	69	21	48	0	3158
15156	81	33	23	2876	0	3013
15157	54	2915	20	88	0	3077
15158	3104	73	19	42	0	3238
15159	2984	42	20	38	0	3084
15160	3047	29	12	33	0	3121
15161	3044	17	25	30	0	3116
15162	3036	22	18	32	0	3108
15163	117	14	14	2953	0	3098
15164	63	20	29	2961	0	3073
15165	2929	25	12	100	0	3066
15166	90	26	11	2934	0	3061
15167	54	26	16	2960	0	3056
15168	37	22	2829	108	0	2996
15169	2868	25	60	57	0	3010
15170	2916	18	29	40	0	3003
15171	2925	23	18	46	0	3012
15172	108	28	15	2733	0	2884
15173	55	2798	22	87	0	2962
15174	3074	66	17	41	0	3198
15175	3014	26	19	38	0	3097
15176	118	23	17	3322	0	3480
15177	3366	23	13	97	0	3499
15178	130	46	2661	66	0	2903
15179	73	3336	55	44	0	3508
15180	54	3411	34	51	0	3550
15181	74	100	3325	37	0	3536
15182	47	2948	82	30	0	3107
15183	26	2789	52	21	0	2888
15184	2342	51	35	11	0	2439
15185	28	2318	14	10	0	2370
15186	26	34	12	2343	0	2415
15187	2398	28	1	33	0	2460
15188	36	13	2332	26	0	2407
15189	2292	13	24	13	0	2342
15190	32	12	2303	13	0	2360
15191	26	7	2254	11	0	2298
15192	2219	6	43	4	0	2272
15193	33	5	2318	5	0	2361
15194	27	2258	32	7	0	2324
15195	8	27	31	2258	0	2324
15196	2259	17	10	28	0	2314
15197	31	2210	8	19	0	2268
15198	19	26	9	2211	0	2265
15199	11	20	2203	30	0	2264
15200	16	7	23	2221	0	2267
15201	2156	8	17	29	0	2210
15202	26	6	2134	25	0	2191
15203	24	4	31	2128	0	2187
15204	2126	7	20	30	0	2183
15205	2180	2	8	27	0	2217
15206	50	3	6	2181	0	2240
15207	21	5	7	2209	0	2242
15208	20	2	2214	46	0	2282
15209	16	3	2178	24	0	2221
15210	2201	1	40	16	0	2258
15211	2279	2	24	15	0	2320
15212	43	2251	14	7	0	2315
15213	2263	23	13	2	0	2301
15214	2318	17	9	2	0	2346
15215	52	7	2401	6	0	2466
15216	30	2469	25	5	0	2529
15217	2512	33	25	3	0	2573
15218	2530	17	11	4	0	2562
15219	2587	6	9	6	0	2608
15220	59	8	6	2523	0	2596
15221	37	8	5	2526	0	2576
15222	19	2513	1	50	0	2583
15223	17	29	4	2574	0	2624
15224	2557	23	3	42	0	2625
15225	32	9	3	2579	0	2623
15226	28	9	2516	41	0	2594
15227	12	9	2495	29	0	2545
15228	13	5	47	2524	0	2589
15229	15	1	2550	39	0	2605
15230	4	6	2548	29	0	2587
15231	4	7	58	2534	0	2603
15232	6	2	33	2590	0	2631
15233	7	1	2597	57	0	2662
15234	9	3	2571	33	0	2616
15235	5	2623	55	16	0	2699
15236	2627	34	34	12	0	2707
15237	30	2703	15	13	0	2761
15238	2716	35	14	5	0	2770
15239	2729	32	14	6	0	2781
15240	56	2724	5	11	0	2796
15241	2744	35	5	3	0	2787
15242	42	29	7	2709	0	2787
15243	36	12	2720	31	0	2799
15244	16	7	33	2710	0	2766
15245	10	9	28	2761	0	2808
15246	2656	3	11	58	0	2728
15247	2664	5	10	37	0	2716
15248	2703	2	12	14	0	2731
15249	2687	6	2	15	0	2710
15250	2619	3	4	7	0	2633
15251	73	2512	6	4	0	2595
15252	42	28	5	2572	0	2647
15253	26	22	2602	32	0	2682
15254	15	10	30	2610	0	2665
15255	15	7	22	2622	0	2666
15256	9	6	8	2726	0	2749
15257	2781	1	13	66	0	2861
15258	49	4	8	2800	0	2861
15259	2888	5	5	60	0	2958
15260	59	2	2938	41	0	3040
15261	44	5	43	3359	0	3451
15262	23	0	3496	69	0	3588
15263	3479	2	71	47	0	3599
15264	70	3	42	3540	0	3655
15265	38	5	3568	81	0	3692
15266	17	2	74	3614	0	3707
15267	3658	2	43	78	0	3781
15268	74	3	3619	52	0	3748
15269	3669	2	73	27	0	3771
15270	3749	3	37	23	0	3812
15271	3763	3	17	13	0	3796
15272	3707	2	22	12	0	3743
15273	124	3566	8	8	0	3706
15274	58	3371	11	17	0	3457
15275	36	3349	9	9	0	3403
15276	19	123	18	2947	0	3107
15277	14	3012	8	45	0	3079
15278	2920	52	4	16	0	2992
15279	53	2870	3	11	0	2937
15280	21	2932	4	8	0	2965
15281	13	59	2	2933	0	3007
15282	10	25	6	2988	0	3029
15283	2919	16	7	65	0	3007
15284	57	8	0	2949	0	3014
15285	25	6	2869	61	0	2961
15286	17	5	2751	31	0	2804
15287	13	5	2846	18	0	2882
15288	17	4	71	2810	0	2902
15289	14	5	33	3027	0	3079
15290	19	4	2961	75	0	3059
15291	12	6	2936	35	0	2989
15292	18	4	3020	12	0	3054
15293	3024	7	76	9	0	3116
15294	55	10	33	3046	0	3144
15295	25	11	14	3083	0	3133
15296	3062	8	9	80	0	3159
15297	59	11	10	3061	0	3141
15298	29	3046	8	68	0	3151
15299	20	3155	6	40	0	3221
15300	15	71	7	3127	0	3220
15301	3138	30	6	65	0	3239
15302	3145	14	9	35	0	3203
15303	3196	11	7	22	0	3236
15304	79	4	8	3147	0	3238
15305	35	7	3083	65	0	3190
15306	18	6	60	3086	0	3170
15307	17	4	3068	66	0	3155
15308	2982	4	67	33	0	3086
15309	63	10	33	3012	0	3118
15310	2971	3	20	72	0	3066
15311	62	3	2995	38	0	3098
15312	2894	2	58	25	0	2979
15313	77	4	3029	14	0	3124
15314	46	2865	63	15	0	2989
15315	21	2865	34	18	0	2938
15316	2802	65	16	14	0	2897
15317	63	25	11	2765	0	2864
15318	37	19	2772	56	0	2884
15319	20	2713	47	28	0	2808
15320	20	2834	22	17	0	2893
15321	13	64	19	2818	0	2914
15322	2818	27	9	56	0	2910
15323	2823	16	6	33	0	2878
15324	72	2809	8	23	0	2912
15325	2841	50	8	20	0	2919
15326	66	21	10	2825	0	2922
15327	28	13	2799	64	0	2904
15328	22	2824	53	30	0	2929
15329	23	48	20	2833	0	2924
15330	17	20	17	2828	0	2882
15331	2792	9	16	71	0	2888
15332	59	9	2755	31	0	2854
15333	2740	5	56	23	0	2824
15334	2784	11	30	22	0	2847
15335	70	8	23	2735	0	2836
15336	30	10	23	2789	0	2852
15337	2689	7	10	65	0	2771
15338	62	12	10	2715	0	2799
15339	34	8	2671	68	0	2781
15340	24	11	2612	33	0	2680
15341	14	2589	66	21	0	2690
15342	17	2769	24	19	0	2829
15343	22	68	9	2602	0	2701
15344	17	2669	10	57	0	2753
15345	2680	60	9	24	0	2773
15346	65	2715	10	24	0	2814
15347	25	53	14	2710	0	2802
15348	18	30	12	2754	0	2814
15349	14	19	2712	80	0	2825
15350	7	13	55	2720	0	2795
15351	21	7	20	2770	0	2818
15352	21	2742	16	80	0	2859
15353	17	56	15	2780	0	2868
15354	24	25	7	2827	0	2883
15355	29	10	2751	87	0	2877
15356	12	2725	65	44	0	2846
15357	20	187	26	2402	0	2635
15358	13	2577	14	46	0	2650
15359	8	47	2441	30	0	2526
15360	10	2337	51	19	0	2417
15361	1830	51	41	26	0	1948
15362	1757	6	8	3	0	1774
15363	1747	5	0	5	0	1757
15364	31	1721	2	5	0	1759
15365	1712	25	2	3	0	1742
15366	25	7	4	1691	0	1727
15367	1650	5	2	23	0	1680
15368	23	1626	4	10	0	1663
15369	1647	24	1	4	0	1676
15370	1663	9	3	4	0	1679
15371	27	1695	2	5	0	1729
15372	8	25	1721	2	0	1756
15373	5	10	23	1839	0	1877
15374	4	4	1936	30	0	1974
15375	4	4	37	2007	0	2052
15376	6	2	10	2150	0	2168
15377	3	4	2178	53	0	2238
15378	5	4	38	2212	0	2259
15379	2224	3	12	49	0	2288
15380	47	3	2198	15	0	2263
15381	12	2203	43	7	0	2265
15382	10	45	12	2176	0	2243
15383	4	16	6	2249	0	2275
15384	4	8	2199	56	0	2267
15385	3	3	43	2126	0	2175
15386	5	2160	15	45	0	2225
15387	2112	43	8	16	0	2179
15388	42	2116	3	8	0	2169
15389	1955	43	5	7	0	2010
15390	36	1950	3	6	0	1995
15391	10	2038	3	8	0	2059
15392	7	49	1962	7	0	2025
15393	2	19	47	1946	0	2014
15394	2	8	10	1921	0	1941
15395	5	5	5	2001	0	2016
15396	4	2025	5	53	0	2087
15397	5	45	3	2051	0	2104
15398	2026	16	5	57	0	2104
15399	49	7	6	2028	0	2090
15400	2016	8	7	56	0	2087
15401	58	5	1997	24	0	2084
15402	2018	4	49	17	0	2088
15403	54	5	16	2016	0	2091
15404	16	9	8	2116	0	2149
15405	2094	9	5	70	0	2178
15406	53	5	2094	23	0	2175
15407	13	2088	51	28	0	2180
15408	12	54	9	2115	0	2190
15409	2099	15	10	56	0	2180
15410	2143	18	6	16	0	2183
15411	69	16	2	2109	0	2196
15412	24	5	2087	66	0	2182
15413	2025	9	52	25	0	2111
15414	64	4	2037	13	0	2118
15415	15	10	64	2027	0	2116
15416	14	4	2037	67	0	2122
15417	10	18	54	2020	0	2102
15418	9	6	1976	69	0	2060
15419	12	1975	51	26	0	2064
15420	12	48	24	1821	0	1905
15421	10	1959	12	49	0	2030
15422	1956	50	8	27	0	2041
15423	1999	16	9	16	0	2040
15424	71	7	1939	13	0	2030
15425	24	8	51	1934	0	2017
15426	1945	3	24	62	0	2034
15427	65	4	9	1943	0	2021
15428	20	6	16	1958	0	2000
15429	16	8	1886	72	0	1982
15430	1836	7	55	32	0	1930
15431	60	3	1894	17	0	1974
15432	27	4	57	1901	0	1989
15433	14	9	1903	59	0	1985
15434	1869	2	60	26	0	1957
15435	1919	7	27	20	0	1973
15436	1923	5	20	15	0	1963
15437	72	2	13	1874	0	1961
15438	31	6	1834	55	0	1926
15439	19	3	1867	26	0	1915
15440	15	18	60	1761	0	1854
15441	6	1799	28	62	0	1895
15442	1739	50	16	32	0	1837
15443	56	17	25	1731	0	1829
15444	30	12	1717	64	0	1823
15445	23	10	58	1744	0	1835
15446	24	4	1788	68	0	1884
15447	14	7	63	1827	0	1911
15448	18	12	1836	63	0	1929
15449	16	11	1828	26	0	1881
15450	15	1793	63	27	0	1898
15451	11	44	1802	27	0	1884
15452	17	12	1812	19	0	1860
15453	12	19	71	1548	0	1650
15454	13	8	24	1672	0	1717
15455	18	1701	14	58	0	1791
15456	1693	40	18	30	0	1781
15457	57	1680	14	30	0	1781
15458	26	40	22	1695	0	1783
15459	1709	13	15	54	0	1791
15460	50	8	25	1694	0	1777
15461	1691	3	23	64	0	1781
15462	48	2	19	1737	0	1806
15463	28	8	1734	56	0	1826
15464	22	18	39	1736	0	1815
15465	16	11	21	1763	0	1811
15466	1731	10	18	67	0	1826
15467	1748	3	19	38	0	1808
15468	1749	2	21	31	0	1803
15469	62	1641	16	23	0	1742
15470	30	1650	11	26	0	1717
15471	1634	49	22	7	0	1712
15472	53	17	1625	29	0	1724
15473	20	10	1574	17	0	1621
15474	11	71	48	1406	0	1536
15475	14	5	1388	34	0	1441
15476	10	1	1295	19	0	1325
15477	1204	8	49	13	0	1274
15478	1219	3	17	16	0	1255
15479	32	1217	8	8	0	1265
15480	17	1240	5	5	0	1267
15481	15	26	9	1129	0	1179
15482	10	1229	8	20	0	1267
15483	1263	26	8	8	0	1305
15484	23	14	4	1233	0	1274
15485	14	1269	4	20	0	1307
15486	1297	24	7	10	0	1338
15487	29	8	1302	12	0	1351
15488	12	5	1285	9	0	1311
15489	1286	4	31	7	0	1328
15490	31	6	1277	8	0	1322
15491	1228	2	35	7	0	1272
15492	33	2	11	1258	0	1304
15493	15	4	1267	32	0	1318
15494	8	1242	30	9	0	1289
15495	9	1269	7	11	0	1296
15496	1156	21	10	2	0	1189
15497	21	1174	6	4	0	1205
15498	1132	20	8	4	0	1164
15499	1147	4	6	2	0	1159
15500	18	1141	2	3	0	1164
15501	7	21	5	1138	0	1171
15502	4	1	1186	23	0	1214
15503	2	1232	22	5	0	1261
15504	3	47	4	1231	0	1285
15505	2	4	3	1310	0	1319
15506	1284	3	3	23	0	1313
15507	19	3	1	1286	0	1309
15508	3	1	1283	23	0	1310
15509	3	1271	17	6	0	1297
15510	3	23	3	1282	0	1311
15511	1293	1	2	27	0	1323
15512	1350	2	3	4	0	1359
15513	23	4	0	1352	0	1379
15514	1407	1	2	23	0	1433
15515	33	5	1417	4	0	1459
15516	9	2	26	1426	0	1463
15517	8	0	1446	31	0	1485
15518	7	1	31	1598	0	1637
15519	3	1	5	1610	0	1619
15520	4	1	3	1617	0	1625
15521	5	0	7	1611	0	1623
15522	5	0	3	1613	0	1621
15523	1581	0	3	51	0	1635
15524	1618	1	4	14	0	1637
15525	39	1604	3	10	0	1656
15526	1634	35	0	13	0	1682
15527	41	6	2	1638	0	1687
15528	10	6	0	1681	0	1697
15529	8	5	0	1681	0	1694
15530	10	1	1663	43	0	1717
15531	5	4	38	1616	0	1663
15532	5	1657	5	44	0	1711
15533	1664	33	8	9	0	1714
15534	1686	4	3	12	0	1705
15535	39	4	1653	12	0	1708
15536	10	1648	40	9	0	1707
15537	6	35	6	1672	0	1719
15538	2	7	1670	46	0	1725
15539	5	7	35	1596	0	1643
15540	7	1633	5	41	0	1686
15541	1606	40	6	11	0	1663
15542	43	1620	5	10	0	1678
15543	11	39	1622	6	0	1678
15544	8	11	1619	5	0	1643
15545	7	1569	39	9	0	1624
15546	2	1588	10	7	0	1607
15547	1530	39	5	9	0	1583
15548	1560	11	3	6	0	1580
15549	41	6	4	1534	0	1585
15550	10	4	1523	40	0	1577
15551	7	3	37	1510	0	1557
15552	7	7	4	1539	0	1557
15553	1507	5	2	46	0	1560
15554	1518	2	5	10	0	1535
15555	44	3	2	1539	0	1588
15556	9	6	1550	44	0	1609
15557	7	1562	38	14	0	1621
15558	1584	38	7	9	0	1638
15559	40	1624	5	11	0	1680
15560	12	44	6	1658	0	1720
15561	11	9	2	1751	0	1773
15562	4	7	5	1744	0	1760
15563	5	9	6	1711	0	1731
15564	1667	5	3	51	0	1726
15565	46	6	2	1660	0	1714
15566	11	1638	5	46	0	1700
15567	6	41	1	1673	0	1721
15568	1628	5	4	56	0	1693
15569	46	1622	3	21	0	1692
15570	11	43	3	1649	0	1706
15571	9	6	1619	54	0	1688
15572	1602	6	42	13	0	1663
15573	46	7	7	1616	0	1676
15574	14	5	1568	43	0	1630
15575	7	9	1575	7	0	1598
15576	10	17	41	1554	0	1622
15577	1558	5	10	48	0	1621
15578	1585	3	8	14	0	1610
15579	41	1568	5	21	0	1635
15580	1554	35	4	12	0	1605
15581	1589	8	8	13	0	1618
15582	1585	5	4	16	0	1610
15583	1562	3	3	10	0	1578
15584	53	1	2	1522	0	1578
15585	13	9	2	1543	0	1567
15586	13	5	1480	47	0	1545
15587	8	1409	40	13	0	1470
15588	11	1469	8	10	0	1498
15589	9	35	1449	11	0	1504
15590	1416	13	37	10	0	1476
15591	32	6	7	1440	0	1485
15592	1446	6	9	41	0	1502
15593	1471	2	7	13	0	1493
15594	41	9	1417	7	0	1474
15595	11	7	34	1403	0	1455
15596	1428	7	6	34	0	1475
15597	41	4	3	1413	0	1461
15598	15	7	1401	35	0	1458
15599	16	40	29	1331	0	1416
15600	11	1401	6	34	0	1452
15601	6	1452	8	14	0	1480
15602	8	38	1376	9	0	1431
15603	6	1322	31	7	0	1366
15604	1235	36	10	12	0	1293
15605	1216	2	11	11	0	1240
15606	30	2	6	1196	0	1234
15607	6	4	2	1212	0	1224
15608	8	3	1	1221	0	1233
15609	1193	3	1	29	0	1226
15610	30	1183	2	7	0	1222
15611	1178	27	0	8	0	1213
15612	1155	3	2	2	0	1162
15613	31	1132	1	5	0	1169
15614	1065	18	1	5	0	1089
15615	19	1071	0	5	0	1095
15616	1080	18	2	3	0	1103
15617	19	3	1063	5	0	1090
15618	878	3	18	5	0	904
15619	11	903	3	3	0	920
15620	3	9	4	906	0	922
15621	8	1	0	952	0	961
15622	3	1	1	936	0	941
15623	947	2	0	16	0	965
15624	11	4	0	952	0	967
15625	3	0	931	17	0	951
15626	923	1	10	5	0	939
15627	14	2	933	5	0	954
15628	5	1	14	928	0	948
15629	4	1	952	14	0	971
15630	2	4	14	923	0	943
15631	3	942	4	15	0	964
15632	1	12	5	926	0	944
15633	0	936	2	16	0	954
15634	2	13	3	945	0	963
15635	948	4	1	14	0	967
15636	12	4	2	975	0	993
15637	978	3	2	15	0	998
15638	15	2	953	5	0	975
15639	952	1	10	6	0	969
15640	989	1	4	4	0	998
15641	984	1	2	2	0	989
15642	15	2	2	982	0	1001
15643	960	0	1	14	0	975
15644	16	0	929	4	0	949
15645	931	2	10	5	0	948
15646	16	2	935	1	0	954
15647	942	0	14	3	0	959
15648	17	1	3	951	0	972
15649	6	1	968	13	0	988
15650	6	0	10	955	0	971
15651	3	1	5	974	0	983
15652	3	0	963	16	0	982
15653	920	0	14	7	0	941
15654	12	985	5	5	0	1007
15655	973	11	4	3	0	991
15656	15	968	2	4	0	989
15657	955	12	8	2	0	977
15658	15	4	944	2	0	965
15659	848	7	14	6	0	875
15660	11	855	4	2	0	872
15661	5	6	6	818	0	835
15662	5	4	1	841	0	851
15663	3	2	1	836	0	842
15664	2	2	848	11	0	863
15665	1	3	5	842	0	851
15666	1	0	890	11	0	902
15667	926	0	10	6	0	942
15668	997	1	4	3	0	1005
15669	12	2	2	1019	0	1035
15670	6	0	1028	14	0	1048
15671	1017	1	12	5	0	1035
15672	16	0	1245	3	0	1264
15673	4	1	20	1223	0	1248
15674	3	0	7	1270	0	1280
15675	2	1	5	1302	0	1310
15676	4	0	1	1322	0	1327
15677	1276	0	3	26	0	1305
15678	14	1278	1	15	0	1308
15679	7	14	1253	8	0	1282
15680	4	1266	17	6	0	1293
15681	1284	18	7	6	0	1315
15682	22	6	2	1282	0	1312
15683	1301	5	1	20	0	1327
15684	20	1	5	1305	0	1331
15685	9	5	1	1300	0	1315
15686	9	0	4	1315	0	1328
15687	1	2	1285	29	0	1317
15688	6	1262	16	13	0	1297
15689	1	17	1298	13	0	1329
15690	2	6	18	1313	0	1339
15691	1323	3	7	26	0	1359
15692	1328	3	7	11	0	1349
15693	1353	5	2	8	0	1368
15694	24	1329	6	5	0	1364
15695	1366	18	3	5	0	1392
15696	24	9	3	1363	0	1399
15697	12	5	2	1379	0	1398
15698	10	3	1	1386	0	1400
15699	7	1372	1	27	0	1407
15700	7	16	0	1305	0	1328
15701	2	1354	6	25	0	1387
15702	1361	21	1	13	0	1396
15703	1381	7	2	11	0	1401
15704	21	8	2	1394	0	1425
15705	12	1	1378	24	0	1415
15706	1379	7	16	9	0	1411
15707	25	2	6	1408	0	1441
15708	13	4	1401	19	0	1437
15709	1382	3	18	12	0	1415
15710	24	4	10	1413	0	1451
15711	1416	1	5	23	0	1445
15712	22	1399	2	20	0	1443
15713	9	17	4	1401	0	1431
15714	9	1440	1	29	0	1479
15715	5	25	1	1472	0	1503
15716	7	1482	3	23	0	1515
15717	4	30	3	1509	0	1546
15718	5	8	1488	25	0	1526
15719	1290	10	14	13	0	1327
15720	21	1471	6	7	0	1505
15721	9	15	1443	4	0	1471
15722	1437	3	15	9	0	1464
15723	17	5	6	1476	0	1504
15724	8	2	1473	19	0	1502
15725	7	1488	14	9	0	1518
15726	2	14	5	1510	0	1531
15727	6	4	1521	16	0	1547
15728	5	10	13	1514	0	1542
15729	4	1	6	1537	0	1548
15730	3	5	1569	16	0	1593
15731	8	1	12	1577	0	1598
15732	4	6	1611	15	0	1636
15733	3	1	12	1612	0	1628
15734	4	4	1676	18	0	1702
15735	5	2	17	1683	0	1707
15736	4	3	4	1688	0	1699
15737	2	4	9	1674	0	1689
15738	5	1646	3	24	0	1678
15739	1657	13	8	8	0	1686
15740	1674	4	3	11	0	1692
15741	17	6	5	1698	0	1726
15742	1725	1	2	23	0	1751
15743	12	4	1720	11	0	1747
15744	6	1744	18	11	0	1779
15745	1764	14	4	12	0	1794
15746	13	1772	9	11	0	1805
15747	7	12	6	1792	0	1817
15748	7	4	8	1803	0	1822
15749	1769	5	3	19	0	1796
15750	13	2	6	1774	0	1795
15751	6	4	1777	19	0	1806
15752	6	1767	11	12	0	1796
15753	1795	12	5	12	0	1824
15754	17	7	2	1783	0	1809
15755	5	1810	2	23	0	1840
15756	9	10	7	1794	0	1820
15757	3	1838	5	17	0	1863
15758	1862	16	3	8	0	1889
15759	1847	6	5	8	0	1866
15760	18	8	1831	4	0	1861
15761	11	3	1813	8	0	1835
15762	8	6	12	1831	0	1857
15763	8	1862	5	14	0	1889
15764	4	13	2	1886	0	1905
15765	1870	4	9	17	0	1900
15766	14	4	1834	12	0	1864
15767	7	10	7	1752	0	1776
15768	3	4	1760	10	0	1777
15769	5	3	1670	10	0	1688
15770	3	1756	9	11	0	1779
15771	14	27	13	1686	0	1740
15772	1555	4	2	5	0	1566
15773	2	2	1554	4	0	1562
15774	3	1528	2	3	0	1536
15775	1503	1	3	3	0	1510
15776	3	1	1	1516	0	1521
15777	1555	1	1	0	0	1557
15778	1547	2	2	4	0	1555
15779	1557	1	0	2	0	1560
15780	3	2	1601	0	0	1606
15781	1557	1	1	3	0	1562
15782	1615	0	2	2	0	1619
15783	5	1644	3	0	0	1652
15784	2	4	2	1670	0	1678
15785	1	2	1	1654	0	1658
15786	3	2	0	1676	0	1681
15787	1665	1	1	6	0	1673
15788	1618	1	0	4	0	1623
15789	6	3	1643	2	0	1654
15790	5	0	2	1635	0	1642
15791	2	1613	3	6	0	1624
15792	1637	3	2	2	0	1644
15793	4	5	1628	3	0	1640
15794	4	3	5	1610	0	1622
15795	4	0	4	1626	0	1634
15796	2	1619	2	7	0	1630
15797	0	7	1	1641	0	1649
15798	2	3	4	1550	0	1559
15799	1	1	1	1632	0	1635
15800	1623	1	1	9	0	1634
15801	6	0	1	1603	0	1610
15802	5	0	2	1593	0	1600
15803	1615	0	4	7	0	1626
15804	6	1	0	1621	0	1628
15805	3	1753	0	13	0	1769
15806	1853	18	1	4	0	1876
15807	1922	8	4	2	0	1936
15808	2005	3	0	5	0	2013
15809	2213	0	1	2	0	2216
15810	34	2372	3	3	0	2412
15811	2665	32	0	3	0	2700
15812	2723	10	1	3	0	2737
15813	60	4	1	2687	0	2752
15814	19	3	2636	46	0	2704
15815	9	4	43	2639	0	2695
15816	9	2	10	2668	0	2689
15817	7	3	2	2636	0	2648
15818	6	4	2	2624	0	2636
15819	6	2	3	2635	0	2646
15820	2558	1	4	66	0	2629
15821	53	1	1	2570	0	2625
15822	18	0	2583	57	0	2658
15823	8	2	47	2547	0	2604
15824	4	2566	12	59	0	2641
15825	8	46	3	2577	0	2634
15826	9	12	2566	53	0	2640
15827	2394	2	51	25	0	2472
15828	2540	3	19	7	0	2569
15829	60	5	2602	11	0	2678
15830	17	2578	50	7	0	2652
15831	2632	46	14	8	0	2700
15832	2630	13	5	8	0	2656
15833	2645	2	5	7	0	2659
15834	2586	3	5	4	0	2598
15835	68	6	4	2506	0	2584
15836	25	4	2524	52	0	2605
15837	16	3	50	2548	0	2617
15838	14	4	14	2639	0	2671
15839	14	1	2577	75	0	2667
15840	10	1	2561	29	0	2601
15841	2540	4	63	18	0	2625
15842	58	2561	19	15	0	2653
15843	28	49	8	2559	0	2644
15844	10	18	2521	68	0	2617
15845	2450	6	63	25	0	2544
15846	59	4	2498	19	0	2580
15847	2456	4	61	16	0	2537
15848	60	2498	21	20	0	2599
15849	21	51	11	2527	0	2610
15850	15	15	2499	57	0	2586
15851	2403	8	56	27	0	2494
15852	69	2462	21	15	0	2567
15853	29	2571	15	9	0	2624
15854	14	66	12	2544	0	2636
15855	16	25	8	2620	0	2669
15856	2695	13	8	73	0	2789
15857	68	2670	9	35	0	2782
15858	29	64	14	2708	0	2815
15859	2696	19	6	79	0	2800
15860	2799	7	13	37	0	2856
15861	2921	8	7	23	0	2959
15862	97	12	2939	22	0	3070
15863	37	6	3017	24	0	3084
15864	3228	3	81	20	0	3332
15865	103	3214	29	20	0	3366
15866	41	3310	18	22	0	3391
15867	21	99	17	3153	0	3290
15868	15	3245	16	97	0	3373
15869	3270	89	17	47	0	3423
15870	98	30	22	3244	0	3394
15871	32	25	3229	91	0	3377
15872	3230	15	87	33	0	3365
15873	3318	22	23	25	0	3388
15874	125	18	13	3217	0	3373
15875	49	7	15	3299	0	3370
15876	35	9	21	3307	0	3372
15877	36	5	23	3276	0	3340
15878	36	16	3120	113	0	3285
15879	28	3119	80	50	0	3277
15880	20	92	30	2907	0	3049
15881	24	3095	17	105	0	3241
15882	30	91	14	2924	0	3059
15883	26	3045	17	95	0	3183
15884	3037	99	21	35	0	3192
15885	3061	32	14	33	0	3140
15886	109	3028	18	27	0	3182
15887	3055	93	14	23	0	3185
15888	104	38	12	3039	0	3193
15889	3013	27	11	105	0	3156
15890	111	3006	12	47	0	3176
15891	3038	98	7	25	0	3168
15892	3098	36	16	25	0	3175
15893	122	22	19	2989	0	3152
15894	51	19	2978	100	0	3148
15895	42	2964	81	39	0	3126
15896	32	94	30	2986	0	3142
15897	3004	38	18	98	0	3158
15898	101	25	2972	50	0	3148
15899	46	19	83	2969	0	3117
15900	30	27	23	3055	0	3135
15901	2999	26	16	121	0	3162
15902	3055	21	15	52	0	3143
15903	3036	21	12	29	0	3098
15904	119	2943	13	35	0	3110
15905	2808	73	11	35	0	2927
15906	98	25	2668	28	0	2819
15907	48	15	2615	24	0	2702
15908	36	11	2601	26	0	2674
15909	38	135	109	2188	0	2470
15910	22	16	2150	59	0	2247
15911	1879	8	46	26	0	1959
15912	45	7	19	1896	0	1967
15913	21	11	1919	47	0	1998
15914	1966	11	42	23	0	2042
15915	49	7	12	1980	0	2048
15916	26	9	13	2009	0	2057
15917	2020	10	4	55	0	2089
15918	53	8	8	2063	0	2132
15919	28	12	2072	48	0	2160
15920	22	11	44	2082	0	2159
15921	21	8	2118	51	0	2198
15922	19	9	49	2085	0	2162
15923	2072	5	17	60	0	2154
15924	49	2005	13	28	0	2095
15925	26	2103	10	15	0	2154
15926	29	47	6	2068	0	2150
15927	20	19	8	2083	0	2130
15928	15	2016	15	54	0	2100
15929	18	1989	13	25	0	2045
15930	14	47	7	1964	0	2032
15931	14	21	10	1976	0	2021
15932	1923	7	11	57	0	1998
15933	47	1880	11	33	0	1971
15934	16	1874	12	26	0	1928
15935	20	1953	10	17	0	2000
15936	1874	49	11	19	0	1953
15937	47	10	1889	16	0	1962
15938	1861	13	34	11	0	1919
15939	45	11	13	1844	0	1913
15940	16	1746	10	45	0	1817
15941	16	1887	9	19	0	1931
15942	1852	41	13	17	0	1923
15943	38	19	14	1823	0	1894
15944	19	1941	11	51	0	2022
15945	1974	42	10	26	0	2052
15946	2015	16	8	15	0	2054
15947	54	12	1974	11	0	2051
15948	1977	15	41	9	0	2042
15949	2016	11	14	12	0	2053
15950	55	6	5	1964	0	2030
15951	22	1919	12	46	0	1999
15952	18	1983	5	23	0	2029
15953	15	46	5	1927	0	1993
15954	1884	19	8	45	0	1956
15955	40	11	1748	22	0	1821
15956	18	9	1685	15	0	1727
15957	25	7	1648	9	0	1689
15958	30	9	1669	8	0	1716
15959	9	1675	37	4	0	1725
15960	16	1659	21	9	0	1705
15961	21	31	1488	5	0	1545
15962	6	12	1413	4	0	1435
15963	3	1297	21	4	0	1325
15964	6	8	5	1119	0	1138
15965	0	4	1186	5	0	1195
15966	0	0	5	1146	0	1151
15967	1	3	4	1217	0	1225
15968	0	0	0	1251	0	1251
15969	0	1	1	1295	0	1297
15970	1	0	1286	20	0	1307
15971	2	1	13	1266	0	1282
15972	1276	2	8	14	0	1300
15973	13	0	1268	10	0	1291
15974	1289	0	15	2	0	1306
15975	15	2	7	1323	0	1347
15976	8	3	1317	12	0	1340
15977	1306	1	17	8	0	1332
15978	14	0	11	1337	0	1362
15979	1355	3	2	15	0	1375
15980	18	1	2	1338	0	1359
15981	9	1340	4	14	0	1367
15982	3	13	1365	9	0	1390
15983	2	9	14	1379	0	1404
15984	1384	3	7	22	0	1416
15985	1392	4	4	9	0	1409
15986	1405	2	4	5	0	1416
15987	1397	0	2	6	0	1405
15988	1388	1	0	3	0	1392
15989	22	1376	3	2	0	1403
15990	1395	15	4	1	0	1415
15991	16	10	1375	3	0	1404
15992	1374	3	13	2	0	1392
15993	18	2	8	1347	0	1375
15994	7	1	1390	11	0	1409
15995	5	1	1383	8	0	1397
15996	2	0	21	1401	0	1424
15997	1414	2	10	14	0	1440
15998	15	1378	5	10	0	1408
15999	1400	14	1	5	0	1420
16000	17	1417	0	6	0	1440
16001	9	17	1	1447	0	1474
16002	8	8	2	1467	0	1485
16003	1457	2	1	24	0	1484
16004	17	2	2	1478	0	1499
16005	9	3	1471	18	0	1501
16006	1478	2	13	12	0	1505
16007	16	1	11	1512	0	1540
16008	13	1	4	1487	0	1505
16009	4	2	1489	23	0	1518
16010	1396	1	17	14	0	1428
16011	1492	0	11	5	0	1508
16012	24	1473	3	6	0	1506
16013	11	15	1436	1	0	1463
16014	4	9	1406	2	0	1421
16015	7	9	23	1389	0	1428
16016	1	10	10	1388	0	1409
16017	3	1388	3	18	0	1412
16018	1	13	1361	10	0	1385
16019	6	6	14	1318	0	1344
16020	3	3	1356	18	0	1380
16021	2	5	18	1299	0	1324
16022	6	1319	9	14	0	1348
16023	2	16	4	1352	0	1374
16024	5	5	0	1356	0	1366
16025	1	3	6	1325	0	1335
16026	1324	2	3	24	0	1353
16027	17	2	1306	13	0	1338
16028	8	1366	15	8	0	1397
16029	6	16	13	1483	0	1518
16030	1537	10	6	21	0	1574
16031	25	2	3	1595	0	1625
16032	1593	4	2	32	0	1631
16033	26	3	1650	13	0	1692
16034	1642	3	29	6	0	1680
16035	31	0	8	1698	0	1737
16036	11	1	1701	33	0	1746
16037	7	1663	31	11	0	1712
16038	8	27	10	1665	0	1710
16039	6	7	5	1706	0	1724
16040	1670	3	5	38	0	1716
16041	27	1645	4	16	0	1692
16042	13	1634	0	9	0	1656
16043	9	1681	8	2	0	1700
16044	1571	34	1	4	0	1610
16045	25	1572	3	10	0	1610
16046	10	28	4	1568	0	1610
16047	5	5	2	1600	0	1612
16048	1582	5	1	31	0	1619
16049	26	1577	3	9	0	1615
16050	8	24	4	1600	0	1636
16051	1630	5	1	30	0	1666
16052	1632	3	6	9	0	1650
16053	1631	2	0	11	0	1644
16054	32	1606	2	7	0	1647
16055	1593	24	1	5	0	1623
16056	30	7	1	1568	0	1606
16057	6	1546	3	24	0	1579
16058	9	1587	0	5	0	1601
16059	2	31	7	1576	0	1616
16060	1553	8	2	29	0	1592
16061	1609	6	1	9	0	1625
16062	29	3	1	1563	0	1596
16063	9	1542	1	26	0	1578
16064	1561	26	1	7	0	1595
16065	27	6	1522	8	0	1563
16066	10	4	1487	2	0	1503
16067	1456	2	26	5	0	1489
16068	25	4	1443	2	0	1474
16069	4	5	22	1369	0	1400
16070	1378	2	7	20	0	1407
16071	17	2	3	1401	0	1423
16072	6	2	1392	18	0	1418
16073	2	1406	17	8	0	1433
16074	2	18	1	1429	0	1450
16075	3	4	1432	18	0	1457
16076	1387	5	16	5	0	1413
16077	18	5	2	1425	0	1450
16078	3	3	1422	19	0	1447
16079	4	3	18	1406	0	1431
16080	3	1392	4	21	0	1420
16081	5	21	1	1444	0	1471
16082	4	2	4	1442	0	1452
16083	4	2	1	1422	0	1429
16084	4	1432	1	24	0	1461
16085	1444	21	2	7	0	1474
16086	20	4	2	1452	0	1478
16087	4	4	1	1462	0	1471
16088	5	3	0	1472	0	1480
16089	4	4	1442	23	0	1473
16090	2	4	20	1439	0	1465
16091	1460	4	1	24	0	1489
16092	20	1463	4	6	0	1493
16093	4	19	3	1493	0	1519
16094	4	6	1	1496	0	1507
16095	1474	2	1	26	0	1503
16096	23	1483	2	9	0	1517
16097	1496	24	0	5	0	1525
16098	1531	7	0	8	0	1546
16099	28	3	4	1515	0	1550
16100	1503	5	1	26	0	1535
16101	24	1451	1	9	0	1485
16102	1465	20	2	6	0	1493
16103	27	8	1	1495	0	1531
16104	1623	5	0	25	0	1653
16105	1690	5	1	9	0	1705
16106	41	4	1625	7	0	1677
16107	1686	6	25	7	0	1724
16108	1745	6	2	8	0	1761
16109	1833	2	5	5	0	1845
16110	54	2	1929	7	0	1992
16111	14	1941	44	5	0	2004
16112	16	49	6	1945	0	2016
16113	1946	5	8	51	0	2010
16114	50	1918	7	8	0	1983
16115	1930	51	3	11	0	1995
16116	65	4	3	1952	0	2024
16117	11	11	1951	53	0	2026
16118	2021	7	47	10	0	2085
16119	63	4	6	2069	0	2142
16120	11	4	2081	57	0	2153
16121	2109	3	52	11	0	2175
16122	63	3	2146	10	0	2222
16123	11	4	57	2236	0	2308
16124	14	2	17	2356	0	2389
16125	2311	6	8	73	0	2398
16126	2334	5	8	24	0	2371
16127	77	2285	6	18	0	2386
16128	2265	65	3	16	0	2349
16129	80	9	2135	4	0	2228
16130	20	12	2126	11	0	2169
16131	2051	10	63	10	0	2134
16132	69	2071	12	7	0	2159
16133	1985	52	15	8	0	2060
16134	61	1994	10	6	0	2071
16135	1985	54	6	7	0	2052
16136	59	13	9	1953	0	2034
16137	19	7	1973	52	0	2051
16138	16	7	51	1986	0	2060
16139	16	5	11	2057	0	2089
16140	2018	2	9	63	0	2092
16141	60	8	1984	14	0	2066
16142	1956	3	56	16	0	2031
16143	63	1963	12	9	0	2047
16144	1982	54	10	7	0	2053
16145	68	8	8	1944	0	2028
16146	19	16	1929	55	0	2019
16147	21	12	53	1939	0	2025
16148	1942	8	11	69	0	2030
16149	63	4	11	1945	0	2023
16150	21	6	12	1947	0	1986
16151	22	1880	4	66	0	1972
16152	18	48	8	1911	0	1985
16153	11	11	1889	63	0	1974
16154	17	8	56	1885	0	1966
16155	12	10	14	1938	0	1974
16156	1886	2	10	77	0	1975
16157	64	6	10	1876	0	1956
16158	21	5	1857	71	0	1954
16159	19	1852	52	27	0	1950
16160	18	55	16	1868	0	1957
16161	17	10	12	1906	0	1945
16162	1847	13	16	67	0	1943
16163	64	1817	8	24	0	1913
16164	16	54	7	1866	0	1943
16165	1807	15	12	64	0	1898
16166	1879	13	7	22	0	1921
16167	68	10	9	1840	0	1927
16168	23	9	1854	71	0	1957
16169	1880	4	59	21	0	1964
16170	68	8	18	1936	0	2030
16171	1924	4	10	85	0	2023
16172	1984	4	14	22	0	2024
16173	79	1877	7	20	0	1983
16174	1884	58	6	22	0	1970
16175	76	1891	7	17	0	1991
16176	30	62	5	1891	0	1988
16177	21	17	8	1915	0	1961
16178	16	1889	11	67	0	1983
16179	1913	60	6	30	0	2009
16180	1936	14	3	24	0	1977
16181	80	12	1836	21	0	1949
16182	27	13	1865	18	0	1923
16183	25	18	66	1840	0	1949
16184	1849	7	20	70	0	1946
16185	65	6	20	1847	0	1938
16186	24	7	9	1908	0	1948
16187	22	8	1867	78	0	1975
16188	28	8	1881	24	0	1941
16189	14	11	1887	26	0	1938
16190	1834	7	69	24	0	1934
16191	1892	9	23	15	0	1939
16192	71	1797	16	18	0	1902
16193	25	1863	13	21	0	1922
16194	26	59	10	1848	0	1943
16195	16	20	1852	66	0	1954
16196	1815	10	58	25	0	1908
16197	61	7	1881	23	0	1972
16198	21	5	61	1861	0	1948
16199	18	10	15	1913	0	1956
16200	13	5	13	1927	0	1958
16201	12	3	14	1936	0	1965
16202	1875	3	8	84	0	1970
16203	65	10	9	1867	0	1951
16204	17	4	1767	64	0	1852
16205	1669	6	51	22	0	1748
16206	58	5	1709	12	0	1784
16207	17	4	1696	13	0	1730
16208	11	1662	53	11	0	1737
16209	32	37	24	1447	0	1540
16210	1418	7	14	32	0	1471
16211	24	1	3	1425	0	1453
16212	12	5	1422	26	0	1465
16213	9	0	26	1440	0	1475
16214	1429	2	12	27	0	1470
16215	28	1425	5	13	0	1471
16216	1400	27	5	6	0	1438
16217	27	1386	2	11	0	1426
16218	1358	23	2	8	0	1391
16219	23	1344	3	8	0	1378
16220	12	1341	4	5	0	1362
16221	5	28	1287	6	0	1326
16222	10	1254	30	2	0	1296
16223	1113	16	7	1	0	1137
16224	9	7	1	1100	0	1117
16225	1106	3	2	11	0	1122
16226	13	1125	0	6	0	1144
16227	1119	11	0	4	0	1134
16228	10	7	1137	4	0	1158
16229	9	0	12	1150	0	1171
16230	3	1166	4	8	0	1181
16231	7	8	1	1187	0	1203
16232	2	6	3	1207	0	1218
16233	1369	2	1	18	0	1390
16234	26	1396	0	5	0	1427
16235	1425	25	1	4	0	1455
16236	30	9	1445	4	0	1488
16237	17	3	1390	3	0	1413
16238	3	1427	37	1	0	1468
16239	8	28	14	1418	0	1468
16240	3	8	1439	31	0	1481
16241	5	4	34	1377	0	1420
16242	2	6	9	1478	0	1495
16243	5	3	1424	41	0	1473
16244	0	2	1420	15	0	1437
16245	2	0	1482	10	0	1494
16246	1	6	1488	6	0	1501
16247	4	1513	40	7	0	1564
16248	2	29	22	1510	0	1563
16249	2	14	10	1556	0	1582
16250	0	6	1539	42	0	1587
16251	2	5	26	1526	0	1559
16252	2	1	1599	36	0	1638
16253	2	0	33	1596	0	1631
16254	1	2	19	1597	0	1619
16255	1	1594	5	42	0	1642
16256	1	27	6	1617	0	1651
16257	4	13	3	1636	0	1656
16258	0	5	2	1627	0	1634
16259	4	7	1576	47	0	1634
16260	1	1579	35	21	0	1636
16261	1581	26	11	15	0	1633
16262	1599	11	5	9	0	1624
16263	39	7	5	1578	0	1629
16264	15	6	4	1578	0	1603
16265	8	1589	1	45	0	1643
16266	1591	29	2	22	0	1644
16267	30	1617	3	9	0	1659
16268	1583	30	1	6	0	1620
16269	31	13	1565	3	0	1612
16270	1504	5	23	3	0	1535
16271	27	1532	11	1	0	1571
16272	13	26	5	1553	0	1597
16273	5	8	6	1559	0	1578
16274	7	1534	3	33	0	1577
16275	1545	29	3	13	0	1590
16276	25	11	3	1579	0	1618
16277	9	5	2	1611	0	1627
16278	1607	6	1	40	0	1654
16279	1654	3	3	17	0	1677
16280	39	3	1641	13	0	1696
16281	1662	1	29	9	0	1701
16282	36	1	11	1674	0	1722
16283	19	2	1697	30	0	1748
16284	6	3	29	1683	0	1721
16285	8	0	1678	35	0	1721
16286	3	5	1693	19	0	1720
16287	5	6	42	1670	0	1723
16288	3	3	1710	37	0	1753
16289	1	1734	38	21	0	1794
16290	5	27	21	1751	0	1804
16291	5	16	9	1810	0	1840
16292	6	4	1802	45	0	1857
16293	3	1779	31	20	0	1833
16294	1802	31	13	15	0	1861
16295	30	19	6	1822	0	1877
16296	1828	5	7	35	0	1875
16297	33	1804	5	25	0	1867
16298	22	32	1840	8	0	1902
16299	7	19	34	1839	0	1899
16300	1846	5	17	35	0	1903
16301	33	10	1842	19	0	1904
16302	1810	5	34	15	0	1864
16303	35	1808	18	13	0	1874
16304	20	1822	8	14	0	1864
16305	1805	38	14	8	0	1865
16306	34	20	8	1791	0	1853
16307	18	10	7	1779	0	1814
16308	6	1792	9	51	0	1858
16309	10	29	8	1820	0	1867
16310	5	18	4	1839	0	1866
16311	1797	5	7	47	0	1856
16312	30	6	9	1788	0	1833
16313	14	5	1784	40	0	1843
16314	10	2	32	1793	0	1837
16315	6	5	21	1819	0	1851
16316	5	5	1801	51	0	1862
16317	3	6	33	1807	0	1849
16318	1760	3	16	46	0	1825
16319	1738	3	11	32	0	1784
16320	1749	6	10	19	0	1784
16321	44	3	5	1736	0	1788
16322	21	3	1743	38	0	1805
16323	12	1760	25	24	0	1821
16324	11	28	14	1762	0	1815
16325	8	14	1786	36	0	1844
16326	7	6	29	1759	0	1801
16327	6	8	15	1790	0	1819
16328	1713	5	11	43	0	1772
16329	29	1742	7	22	0	1800
16330	18	27	1699	17	0	1761
16331	1646	14	28	10	0	1698
16332	34	1682	14	8	0	1738
16333	9	1529	2	6	0	1546
16334	1577	15	10	5	0	1607
16335	15	5	4	1598	0	1622
16336	6	5	1736	12	0	1759
16337	5	2	17	1724	0	1748
16338	1	1741	6	22	0	1770
16339	1769	17	4	6	0	1796
16340	17	9	1	1761	0	1788
16341	1789	5	2	20	0	1816
16342	21	2	1	1770	0	1794
16343	6	1830	3	25	0	1864
16344	1870	18	2	8	0	1898
16345	1875	10	0	5	0	1890
16346	28	1861	2	5	0	1896
16347	1830	17	1	7	0	1855
16348	25	5	1	1803	0	1834
16349	6	1817	3	21	0	1847
16350	1814	20	4	4	0	1842
16351	20	1827	1	8	0	1856
16352	1809	20	3	6	0	1838
16353	22	8	4	1800	0	1834
16354	1826	3	1	25	0	1855
16355	1837	4	1	11	0	1853
16356	1860	4	3	5	0	1872
16357	30	2	2	1836	0	1870
16358	14	5	0	1857	0	1876
16359	1837	3	4	25	0	1869
16360	24	5	1859	10	0	1898
16361	14	1	18	1868	0	1901
16362	8	1923	8	24	0	1963
16363	2	19	2	1953	0	1976
16364	5	7	4	1962	0	1978
16365	8	3	1940	30	0	1981
16366	4	4	19	2062	0	2089
16367	7	2197	7	29	0	2240
16368	6	37	2	2238	0	2283
16369	6	17	2460	45	0	2528
16370	13	8	46	2498	0	2565
16371	7	6	17	2580	0	2610
16372	2536	6	11	68	0	2621
16373	2563	2	7	34	0	2606
16374	67	3	4	2547	0	2621
16375	32	2478	4	58	0	2572
16376	24	2522	2	29	0	2577
16377	11	65	2478	17	0	2571
16378	14	35	44	2471	0	2564
16379	2458	15	19	57	0	2549
16380	51	13	11	2454	0	2529
16381	20	8	2451	61	0	2540
16382	15	4	52	2453	0	2524
16383	10	6	16	2469	0	2501
16384	14	5	12	2511	0	2542
16385	8	2	2443	77	0	2530
16386	7	2444	53	33	0	2537
16387	2420	47	16	32	0	2515
16388	2430	19	13	15	0	2477
16389	72	10	4	2373	0	2459
16390	31	10	2350	54	0	2445
16391	24	2360	49	26	0	2459
16392	15	51	16	2321	0	2403
16393	14	2364	13	47	0	2438
16394	10	2448	7	24	0	2489
16395	2374	65	8	15	0	2462
16396	54	30	2366	11	0	2461
16397	21	17	2364	16	0	2418
16398	16	12	61	2333	0	2422
16399	7	11	21	2415	0	2454
16400	13	6	2395	63	0	2477
16401	7	11	54	2361	0	2433
16402	9	4	2381	62	0	2456
16403	2283	2	59	32	0	2376
16404	53	1	25	2360	0	2439
16405	24	5	2405	58	0	2492
16406	17	4	51	2350	0	2422
16407	9	2459	19	60	0	2547
16408	2440	49	16	27	0	2532
16409	47	2466	8	25	0	2546
16410	2474	59	10	16	0	2559
16411	63	21	2438	12	0	2534
16412	2456	18	48	13	0	2535
16413	58	15	21	2487	0	2581
16414	26	9	2509	55	0	2599
16415	15	8	55	2497	0	2575
16416	12	3	2480	67	0	2562
16417	2379	10	54	31	0	2474
16418	54	2471	20	25	0	2570
16419	23	49	25	2426	0	2523
16420	13	2519	12	60	0	2604
16421	2526	53	12	28	0	2619
16422	2522	23	11	19	0	2575
16423	72	2495	5	19	0	2591
16424	31	52	9	2505	0	2597
16425	23	26	5	2512	0	2566
16426	17	23	7	2513	0	2560
16427	2469	9	9	77	0	2564
16428	50	2461	11	44	0	2566
16429	27	48	8	2452	0	2535
16430	14	17	10	2494	0	2535
16431	2416	17	14	75	0	2522
16432	52	11	2375	43	0	2481
16433	24	8	2363	34	0	2429
16434	2260	5	61	30	0	2356
16435	52	6	2280	24	0	2362
16436	26	7	2105	12	0	2150
16437	28	11	55	2070	0	2164
16438	2104	3	27	53	0	2187
16439	45	9	22	2096	0	2172
16440	24	4	2099	49	0	2176
16441	2032	5	43	26	0	2106
16442	46	10	2071	19	0	2146
16443	23	2055	44	17	0	2139
16444	23	43	22	2086	0	2174
16445	2089	21	15	43	0	2168
16446	44	17	12	2085	0	2158
16447	16	10	15	2120	0	2161
16448	2115	3	8	67	0	2193
16449	41	5	7	2152	0	2205
16450	19	4	8	2187	0	2218
16451	16	2	2116	58	0	2192
16452	10	4	37	2124	0	2175
16453	2131	1	18	62	0	2212
16454	2135	3	12	38	0	2188
16455	2144	2	16	20	0	2182
16456	55	9	9	2077	0	2150
16457	33	2068	5	45	0	2151
16458	2087	40	5	20	0	2152
16459	47	2084	6	18	0	2155
16460	2050	45	7	8	0	2110
16461	51	17	9	2027	0	2104
16462	2017	13	5	41	0	2076
16463	2013	7	6	25	0	2051
16464	2023	4	9	16	0	2052
16465	60	1938	9	13	0	2020
16466	22	1855	7	10	0	1894
16467	1722	22	8	2	0	1754
16468	24	1715	1	6	0	1746
16469	5	1471	1	1	0	1478
16470	4	1439	5	1	0	1449
16471	1421	9	11	2	0	1443
16472	3	7	2	1404	0	1416
16473	5	1	0	1421	0	1427
16474	1435	0	0	6	0	1441
16475	3	0	1466	6	0	1475
16476	8	0	2	1630	0	1640
16477	2	0	4	1668	0	1674
16478	1	0	1	1851	0	1853
16479	0	0	0	1957	0	1957
16480	0	1981	0	34	0	2015
16481	0	2343	0	15	0	2358
16482	2413	51	1	6	0	2471
16483	46	18	0	2419	0	2483
16484	18	8	1	2469	0	2496
16485	11	7	2400	69	0	2487
16486	7	1	50	2448	0	2506
16487	2	3	2452	67	0	2524
16488	4	5	55	2477	0	2541
16489	5	2	2599	63	0	2669
16490	2	2583	62	33	0	2680
16491	1	54	26	2600	0	2681
16492	2594	16	16	64	0	2690
16493	2612	8	8	29	0	2657
16494	76	7	8	2576	0	2667
16495	30	2	2568	66	0	2666
16496	16	4	2584	27	0	2631
16497	2491	6	74	15	0	2586
16498	60	2517	29	17	0	2623
16499	2564	57	15	10	0	2646
16500	2567	19	12	10	0	2608
16501	82	12	2515	11	0	2620
16502	35	8	67	2507	0	2617
16503	20	7	22	2565	0	2614
16504	16	10	15	2634	0	2675
16505	11	7	10	2564	0	2592
16506	12	2	6	2517	0	2537
16507	10	2	2391	106	0	2509
16508	10	2	2408	51	0	2471
16509	4	2	76	2422	0	2504
16510	9	3	33	2480	0	2525
16511	3	5	24	2516	0	2548
16512	2421	3	12	103	0	2539
16513	67	6	13	2427	0	2513
16514	2417	5	10	87	0	2519
16515	81	1	6	2474	0	2562
16516	2489	3	6	89	0	2587
16517	2538	1	4	42	0	2585
16518	2523	2	4	34	0	2563
16519	2519	1	7	28	0	2555
16520	2526	3	4	25	0	2558
16521	112	0	6	2442	0	2560
16522	2452	3	8	76	0	2539
16523	89	2422	8	36	0	2555
16524	2455	62	6	30	0	2553
16525	91	24	6	2486	0	2607
16526	43	10	2449	90	0	2592
16527	29	9	63	2501	0	2602
16528	22	7	2476	100	0	2605
16529	20	6	77	2506	0	2609
16530	15	4	30	2575	0	2624
16531	16	1	2491	116	0	2624
16532	19	4	2518	57	0	2598
16533	17	3	102	2518	0	2640
16534	2501	4	39	99	0	2643
16535	85	1	2478	47	0	2611
16536	35	2484	80	37	0	2636
16537	28	67	2548	27	0	2670
16538	2554	26	83	20	0	2683
16539	86	13	38	2556	0	2693
16540	2579	10	21	83	0	2693
16541	2623	7	21	37	0	2688
16542	109	4	17	2563	0	2693
16543	48	3	2510	91	0	2652
16544	36	5	72	2497	0	2610
16545	25	5	31	2538	0	2599
16546	2435	4	25	115	0	2579
16547	87	2443	18	56	0	2604
16548	35	67	11	2480	0	2593
16549	27	24	2420	100	0	2571
16550	2381	14	79	51	0	2525
16551	78	2419	30	42	0	2569
16552	35	66	27	2441	0	2569
16553	26	29	19	2487	0	2561
16554	21	19	17	2519	0	2576
16555	2422	12	15	126	0	2575
16556	2484	6	12	61	0	2563
16557	104	5	7	2494	0	2610
16558	53	7	2451	97	0	2608
16559	39	2452	72	57	0	2620
16560	2467	72	25	41	0	2605
16561	2545	24	21	35	0	2625
16562	116	15	12	2486	0	2629
16563	56	9	9	2571	0	2645
16564	47	9	2513	103	0	2672
16565	29	2535	78	52	0	2694
16566	2583	74	34	36	0	2727
16567	2565	26	22	35	0	2648
16568	108	2527	13	28	0	2676
16569	2539	85	10	25	0	2659
16570	111	24	12	2514	0	2661
16571	42	23	2480	101	0	2646
16572	28	11	83	2530	0	2652
16573	28	9	2492	104	0	2633
16574	2436	12	98	41	0	2587
16575	92	2405	31	49	0	2577
16576	31	74	22	2258	0	2385
16577	25	18	2223	90	0	2356
16578	24	13	2128	27	0	2192
16579	1945	23	75	23	0	2066
16580	67	1932	26	20	0	2045
16581	1587	37	46	9	0	1679
16582	1549	12	15	9	0	1585
16583	1554	9	6	5	0	1574
16584	45	7	9	1512	0	1573
16585	18	4	1517	35	0	1574
16586	10	1535	30	12	0	1587
16587	12	38	15	1517	0	1582
16588	10	8	1524	35	0	1577
16589	4	8	1387	10	0	1409
16590	8	5	27	1365	0	1405
16591	6	3	1344	29	0	1382
16592	1314	1	26	15	0	1356
16593	27	1	7	1356	0	1391
16594	6	6	6	1391	0	1409
16595	1376	2	3	29	0	1410
16596	26	1354	5	13	0	1398
16597	1425	21	5	12	0	1463
16598	27	5	5	1403	0	1440
16599	9	8	4	1416	0	1437
16600	12	4	2	1429	0	1447
16601	9	2	3	1394	0	1408
16602	1373	1	2	34	0	1410
16603	23	2	1364	19	0	1408
16604	11	1354	20	7	0	1392
16605	8	22	4	1367	0	1401
16606	1312	5	4	24	0	1345
16607	1371	5	5	7	0	1388
16608	20	1366	3	10	0	1399
16609	1342	16	2	10	0	1370
16610	21	1361	3	6	0	1391
16611	10	1413	3	5	0	1431
16612	12	27	8	1402	0	1449
16613	4	12	1410	23	0	1449
16614	7	9	20	1385	0	1421
16615	1361	6	6	24	0	1397
16616	21	1340	6	7	0	1374
16617	7	17	5	1344	0	1373
16618	7	6	1423	22	0	1458
16619	1423	8	16	10	0	1457
16620	1485	5	6	11	0	1507
16621	1494	3	7	5	0	1509
16622	25	3	1443	5	0	1476
16623	1411	3	18	3	0	1435
16624	26	1432	6	3	0	1467
16625	7	20	4	1382	0	1413
16626	9	1420	5	14	0	1448
16627	1422	16	3	8	0	1449
16628	1398	4	5	5	0	1412
16629	15	5	1438	4	0	1462
16630	8	1439	15	2	0	1464
16631	4	14	3	1436	0	1457
16632	4	3	8	1432	0	1447
16633	2	3	2	1427	0	1434
16634	5	1	3	1421	0	1430
16635	2	4	3	1476	0	1485
16636	7	2	1398	19	0	1426
16637	4	1388	16	9	0	1417
16638	1395	12	2	8	0	1417
16639	21	1	1415	6	0	1443
16640	4	1432	17	5	0	1458
16641	1442	16	4	6	0	1468
16642	21	0	1486	3	0	1510
16643	1432	10	15	4	0	1461
16644	1464	2	4	4	0	1474
16645	1473	3	3	3	0	1482
16646	22	1471	4	4	0	1501
16647	8	15	1441	4	0	1468
16648	4	1472	17	3	0	1496
16649	7	19	1	1321	0	1348
16650	1	1483	3	16	0	1503
16651	1475	18	1	4	0	1498
16652	1529	2	1	4	0	1536
16653	1514	3	2	6	0	1525
16654	20	4	1531	6	0	1561
16655	6	1597	14	4	0	1621
16656	6	19	2	1762	0	1789
16657	1928	2	5	24	0	1959
16658	36	1914	3	6	0	1959
16659	6	37	0	1934	0	1977
16660	8	6	1984	36	0	2034
16661	1990	9	37	8	0	2044
16662	44	5	2119	6	0	2174
16663	8	2	2192	5	0	2207
16664	2083	2	46	3	0	2134
16665	46	2	2122	1	0	2171
16666	2031	0	43	2	0	2076
16667	47	2042	14	0	0	2103
16668	2124	41	8	1	0	2174
16669	46	9	7	2133	0	2195
16670	15	7	5	2135	0	2162
16671	13	5	2	2169	0	2189
16672	2143	3	5	55	0	2206
16673	2132	1	3	21	0	2157
16674	2142	4	4	10	0	2160
16675	58	2087	4	5	0	2154
16676	20	40	4	2124	0	2188
16677	11	10	2099	45	0	2165
16678	10	9	42	2045	0	2106
16679	10	2024	11	52	0	2097
16680	11	35	7	2041	0	2094
16681	10	16	4	2067	0	2097
16682	2040	9	4	54	0	2107
16683	47	5	3	2056	0	2111
16684	15	4	2032	58	0	2109
16685	14	5	2002	22	0	2043
16686	11	5	49	1993	0	2058
16687	1985	0	24	52	0	2061
16688	51	6	12	1976	0	2045
16689	14	8	7	2055	0	2084
16690	9	4	2021	64	0	2098
16691	11	2006	50	22	0	2089
16692	10	34	14	2056	0	2114
16693	2002	15	12	51	0	2080
16694	44	2002	11	23	0	2080
16695	16	43	3	2032	0	2094
16696	22	10	2006	50	0	2088
16697	9	9	41	1974	0	2033
16698	1947	8	17	59	0	2031
16699	44	1943	16	22	0	2025
16700	17	42	1979	16	0	2054
16701	18	13	41	1960	0	2032
16702	10	9	2001	54	0	2074
16703	1949	10	49	23	0	2031
16704	2000	4	18	21	0	2043
16705	57	8	2001	10	0	2076
16706	23	6	42	1985	0	2056
16707	18	6	2010	48	0	2082
16708	11	2001	49	21	0	2082
16709	10	42	23	2027	0	2102
16710	11	14	2006	52	0	2083
16711	8	10	47	1926	0	1991
16712	7	1953	20	45	0	2025
16713	13	42	12	1975	0	2042
16714	7	11	1960	51	0	2029
16715	1892	11	44	24	0	1971
16716	42	1955	21	20	0	2038
16717	1990	43	16	9	0	2058
16718	56	14	1913	12	0	1995
16719	1884	12	47	11	0	1954
16720	49	5	1905	17	0	1976
16721	1893	9	56	7	0	1965
16722	1960	13	16	7	0	1996
16723	55	4	16	1926	0	2001
16724	27	2	14	1979	0	2022
16725	1955	9	8	58	0	2030
16726	53	1993	7	27	0	2080
16727	2021	48	14	15	0	2098
16728	61	10	11	2020	0	2102
16729	18	2022	12	51	0	2103
16730	18	51	8	2062	0	2139
16731	20	13	6	2125	0	2164
16732	15	6	10	2115	0	2146
16733	12	2072	11	67	0	2162
16734	2085	42	10	28	0	2165
16735	51	23	10	2075	0	2159
16736	24	14	2058	56	0	2152
16737	14	5	2029	30	0	2078
16738	10	4	2057	24	0	2095
16739	2029	15	55	14	0	2113
16740	2071	8	20	17	0	2116
16741	57	3	2033	16	0	2109
16742	22	7	50	1923	0	2002
16743	18	15	15	1977	0	2025
16744	10	5	2013	61	0	2089
16745	4	3	2015	23	0	2045
16746	12	3	51	2069	0	2135
16747	2052	6	23	47	0	2128
16748	2042	5	11	18	0	2076
16749	2050	4	8	20	0	2082
16750	47	1986	15	14	0	2062
16751	19	2032	12	19	0	2082
16752	15	43	11	2012	0	2081
16753	2001	17	6	48	0	2072
16754	51	9	1950	17	0	2027
16755	1846	4	41	22	0	1913
16756	42	1722	11	11	0	1786
16757	10	1565	3	9	0	1587
16758	1562	20	6	8	0	1596
16759	22	1538	7	5	0	1572
16760	6	1482	7	6	0	1501
16761	1417	29	33	19	0	1498
16762	15	1394	6	3	0	1418
16763	1	14	3	1355	0	1373
16764	2	1	2	1368	0	1373
16765	1354	1	0	12	0	1367
16766	1358	1	0	2	0	1361
16767	10	1352	2	2	0	1366
16768	3	1347	0	1	0	1351
16769	2	13	1349	1	0	1365
16770	1346	3	12	2	0	1363
16771	1409	1	3	0	0	1413
16772	1427	0	1	1	0	1429
16773	13	0	1	1453	0	1467
16774	1	0	0	1522	0	1523
16775	1560	0	1	12	0	1573
16776	12	0	0	1560	0	1572
16777	0	1	1587	13	0	1601
16778	1	1	12	1584	0	1598
16779	0	1651	1	11	0	1663
16780	0	11	0	1678	0	1689
16781	1	0	0	1715	0	1716
16782	1	0	0	1716	0	1717
16783	1707	0	0	15	0	1722
16784	15	1712	0	0	0	1727
16785	0	15	0	1746	0	1761
16786	4	0	1740	18	0	1762
16787	2	4	1691	1	0	1698
16788	2	0	15	1708	0	1725
16789	2	0	1	1729	0	1732
16790	1697	1	2	19	0	1719
16791	16	2	1	1667	0	1686
16792	2	1661	1	17	0	1681
16793	2	16	1733	2	0	1753
16794	3	3	13	1742	0	1761
16795	2	1	1762	23	0	1788
16796	1	3	16	1749	0	1769
16797	1754	2	1	21	0	1778
16798	1768	0	1	4	0	1773
16799	19	1760	2	3	0	1784
16800	1	18	2	1755	0	1776
16801	1785	2	1	18	0	1806
16802	1801	1	1	3	0	1806
16803	1823	0	3	1	0	1827
16804	1817	0	2	2	0	1821
16805	1785	2	3	3	0	1793
16806	20	1762	2	2	0	1786
16807	1759	13	1	6	0	1779
16808	17	1	1762	3	0	1783
16809	3	2	16	1765	0	1786
16810	1775	2	1	20	0	1798
16811	1785	3	2	2	0	1792
16812	1765	1	1	5	0	1772
16813	19	2	1776	5	0	1802
16814	6	1	15	1799	0	1821
16815	1820	2	0	18	0	1840
16816	19	1816	1	7	0	1843
16817	1893	16	1	2	0	1912
16818	1863	3	3	3	0	1872
16819	1875	2	2	4	0	1883
16820	21	2	2	1884	0	1909
16821	1889	3	2	21	0	1915
16822	20	2	1886	5	0	1913
16823	6	4	1888	3	0	1901
16824	1882	1	20	1	0	1904
16825	19	1	1899	4	0	1923
16826	1763	2	17	2	0	1784
16827	16	2	1831	5	0	1854
16828	3	3	13	1790	0	1809
16829	1782	2	1	15	0	1800
16830	16	1767	3	7	0	1793
16831	1776	13	3	4	0	1796
16832	16	1756	1	3	0	1776
16833	7	1802	0	2	0	1811
16834	5	12	3	1841	0	1861
16835	5	0	3	1834	0	1842
16836	5	0	2	1827	0	1834
16837	5	1	1808	15	0	1829
16838	1771	1	16	1	0	1789
16839	1869	1	3	2	0	1875
16840	1883	1	2	3	0	1889
16841	1885	1	2	3	0	1891
16842	1875	1	0	3	0	1879
16843	20	2	1793	3	0	1818
16844	5	1	1796	1	0	1803
16845	4	3	15	1834	0	1856
16846	3	2	1833	19	0	1857
16847	1825	1	17	4	0	1847
16848	22	1926	2	3	0	1953
16849	3	24	2	2072	0	2101
16850	2108	1	0	29	0	2138
16851	34	1	1	2135	0	2171
16852	12	1	2153	34	0	2200
16853	6	2	2167	12	0	2187
16854	12	5	38	2241	0	2296
16855	4	2	2265	35	0	2306
16856	2201	0	39	9	0	2249
16857	35	0	14	2243	0	2292
16858	12	2	2240	36	0	2290
16859	5	2239	32	10	0	2286
16860	9	32	12	2291	0	2344
16861	4	10	2334	39	0	2387
16862	6	4	38	2265	0	2313
16863	7	3	9	2320	0	2339
16864	5	3	2331	46	0	2385
16865	1	2	39	2343	0	2385
16866	4	2	13	2291	0	2310
16867	3	0	3	2380	0	2386
16868	2296	0	8	47	0	2351
16869	36	2276	2	20	0	2334
16870	15	2343	3	9	0	2370
16871	7	38	2294	5	0	2344
16872	2219	13	30	5	0	2267
16873	34	5	2261	5	0	2305
16874	12	3	2203	4	0	2222
16875	3	4	44	2163	0	2214
16876	2177	2	14	35	0	2228
16877	28	2168	6	19	0	2221
16878	2179	29	7	6	0	2221
16879	2140	13	3	9	0	2165
16880	41	2169	3	7	0	2220
16881	2152	29	9	5	0	2195
16882	2153	12	3	6	0	2174
16883	40	2155	4	1	0	2200
16884	11	33	5	2154	0	2203
16885	7	14	3	2194	0	2218
16886	2199	2	6	38	0	2245
16887	32	2235	3	25	0	2295
16888	2287	32	4	13	0	2336
16889	2312	15	5	8	0	2340
16890	2431	6	2	6	0	2445
16891	54	7	2	2374	0	2437
16892	24	3	3	2450	0	2480
16893	2393	2	2	54	0	2451
16894	2482	3	2	19	0	2506
16895	2505	3	2	9	0	2519
16896	67	2	4	2539	0	2612
16897	24	5	2556	49	0	2634
16898	9	5	48	2610	0	2672
16899	9	1	16	2838	0	2864
16900	11	2	2776	72	0	2861
16901	6	3	3003	24	0	3036
16902	9	4	78	3047	0	3138
16903	8	1	3052	74	0	3135
16904	3075	0	71	35	0	3181
16905	67	6	31	3107	0	3211
16906	31	2	7	3193	0	3233
16907	3201	2	8	102	0	3313
16908	84	5	9	3189	0	3287
16909	37	4	1	3243	0	3285
16910	11	1	7	3276	0	3295
16911	15	3	6	3280	0	3304
16912	8	3	3176	112	0	3299
16913	7	1	67	3215	0	3290
16914	10	0	3155	90	0	3255
16915	4	3151	72	49	0	3276
16916	5	67	37	3147	0	3256
16917	7	26	3071	88	0	3192
16918	2939	7	73	48	0	3067
16919	69	3046	39	20	0	3174
16920	3106	66	9	24	0	3205
16921	78	28	11	3049	0	3166
16922	42	3027	10	72	0	3151
16923	3054	69	10	44	0	3177
16924	66	3069	6	40	0	3181
16925	3100	71	11	20	0	3202
16926	79	39	6	3086	0	3210
16927	3109	11	9	83	0	3212
16928	71	3125	14	41	0	3251
16929	3152	80	9	19	0	3260
16930	83	35	3104	22	0	3244
16931	44	11	73	3125	0	3253
16932	3117	8	37	77	0	3239
16933	3197	12	14	40	0	3263
16934	106	9	13	3129	0	3257
16935	50	9	3102	87	0	3248
16936	24	3002	69	44	0	3139
16937	19	3164	31	23	0	3237
16938	3180	96	13	21	0	3310
16939	79	37	10	3136	0	3262
16940	46	16	9	3192	0	3263
16941	3134	11	5	118	0	3268
16942	3157	12	12	46	0	3227
16943	114	8	3119	17	0	3258
16944	44	10	71	3147	0	3272
16945	25	3	3112	81	0	3221
16946	27	3067	67	51	0	3212
16947	2985	67	40	24	0	3116
16948	78	2994	12	32	0	3116
16949	41	2988	12	21	0	3062
16950	22	77	15	2915	0	3029
16951	2847	30	13	62	0	2952
16952	60	2845	3	49	0	2957
16953	2808	62	12	23	0	2905
16954	68	2785	9	22	0	2884
16955	30	62	7	2805	0	2904
16956	2785	26	10	66	0	2887
16957	69	14	2788	33	0	2904
16958	39	18	59	2781	0	2897
16959	17	10	2770	72	0	2869
16960	19	2615	55	37	0	2726
16961	17	2743	24	13	0	2797
16962	2653	84	16	22	0	2775
16963	56	2695	11	15	0	2777
16964	2679	62	13	15	0	2769
16965	2713	34	6	20	0	2773
16966	79	17	2663	12	0	2771
16967	2647	14	51	15	0	2727
16968	70	17	2696	14	0	2797
16969	40	2683	57	11	0	2791
16970	2702	62	21	16	0	2801
16971	63	2676	13	17	0	2769
16972	34	65	12	2685	0	2796
16973	2697	22	13	68	0	2800
16974	70	17	9	2692	0	2788
16975	41	10	2713	66	0	2830
16976	20	14	58	2719	0	2811
16977	20	8	28	2734	0	2790
16978	2690	17	13	79	0	2799
16979	68	13	2694	32	0	2807
16980	2698	16	63	14	0	2791
16981	2815	11	27	25	0	2878
16982	87	10	14	2788	0	2899
16983	51	9	8	2824	0	2892
16984	2762	9	10	90	0	2871
16985	79	2776	13	33	0	2901
16986	42	51	8	2771	0	2872
16987	17	31	2711	65	0	2824
16988	21	15	2611	35	0	2682
16989	19	2695	64	21	0	2799
16990	20	62	25	2597	0	2704
16991	14	29	13	2649	0	2705
16992	2569	15	7	79	0	2670
16993	63	17	14	2534	0	2628
16994	2446	14	10	63	0	2533
16995	64	2399	10	26	0	2499
16996	28	2363	4	21	0	2416
16997	22	2441	3	19	0	2485
16998	2362	55	14	15	0	2446
16999	2189	22	12	18	0	2241
17000	54	2145	10	11	0	2220
17001	1869	17	3	8	0	1897
17002	21	1830	1	5	0	1857
17003	8	24	1	1810	0	1843
17004	10	1808	0	18	0	1836
17005	1814	23	7	4	0	1848
17006	1823	8	1	6	0	1838
17007	27	4	2	1737	0	1770
17008	1751	1	1	20	0	1773
17009	20	4	3	1738	0	1765
17010	9	1756	2	26	0	1793
17011	10	19	1	1765	0	1795
17012	4	1770	1	17	0	1792
17013	1750	18	3	8	0	1779
17014	17	7	1707	6	0	1737
17015	1674	5	15	3	0	1697
17016	17	5	4	1735	0	1761
17017	6	3	1715	18	0	1742
17018	1678	4	14	8	0	1704
17019	15	2	1763	4	0	1784
17020	7	3	16	1717	0	1743
17021	8	2	4	1744	0	1758
17022	2	4	4	1707	0	1717
17023	3	3	4	1717	0	1727
17024	5	1723	1	24	0	1753
17025	5	14	2	1813	0	1834
17026	1817	6	1	24	0	1848
17027	26	4	1800	11	0	1841
17028	11	1921	21	5	0	1958
17029	1972	26	10	6	0	2014
17030	2115	10	4	4	0	2133
17031	44	5	2	2399	0	2450
17032	14	4	2418	52	0	2488
17033	10	0	50	2397	0	2457
17034	4	1	18	2633	0	2656
17035	8	1	2609	69	0	2687
17036	2	2760	58	31	0	2851
17037	2831	64	27	11	0	2933
17038	2841	30	10	11	0	2892
17039	2937	14	5	6	0	2962
17040	108	5	2	2850	0	2965
17041	46	5	3	2993	0	3047
17042	3020	4	4	99	0	3127
17043	79	7	0	2933	0	3019
17044	40	2965	5	83	0	3093
17045	3104	64	4	40	0	3212
17046	3160	29	6	25	0	3220
17047	3406	18	4	19	0	3447
17048	3422	6	5	24	0	3457
17049	140	7	3236	9	0	3392
17050	68	5	3251	12	0	3336
17051	37	9	105	3228	0	3379
17052	26	7	48	3297	0	3378
17053	23	4	3225	115	0	3367
17054	20	6	3257	59	0	3342
17055	21	5	111	3237	0	3374
17056	3225	5	50	93	0	3373
17057	91	2	30	3206	0	3329
17058	41	4	3210	110	0	3365
17059	34	3248	80	50	0	3412
17060	3272	77	37	37	0	3423
17061	3343	34	26	24	0	3427
17062	3395	21	16	13	0	3445
17063	3390	9	7	21	0	3427
17064	146	7	3212	11	0	3376
17065	72	7	86	3235	0	3400
17066	3257	5	44	95	0	3401
17067	107	5	29	3245	0	3386
17068	55	1	22	3200	0	3278
17069	39	3158	15	127	0	3339
17070	25	79	12	3240	0	3356
17071	3154	33	14	114	0	3315
17072	89	3185	16	60	0	3350
17073	3177	89	12	40	0	3318
17074	126	3189	3	28	0	3346
17075	53	107	8	3030	0	3198
17076	38	3070	12	86	0	3206
17077	39	3200	10	37	0	3286
17078	3127	113	9	35	0	3284
17079	110	47	3060	23	0	3240
17080	52	30	3021	19	0	3122
17081	39	18	3001	23	0	3081
17082	2865	15	125	31	0	3036
17083	92	2873	50	30	0	3045
17084	46	2986	27	30	0	3089
17085	2882	111	17	23	0	3033
17086	96	2878	13	21	0	3008
17087	50	3001	19	15	0	3085
17088	44	119	9	2933	0	3105
17089	38	55	2897	86	0	3076
17090	35	42	2962	40	0	3079
17091	26	34	106	2962	0	3128
17092	2910	21	48	97	0	3076
17093	94	2925	38	46	0	3103
17094	50	97	30	2966	0	3143
17095	42	44	2929	92	0	3107
17096	38	27	2928	49	0	3042
17097	31	19	122	2883	0	3055
17098	2864	21	66	102	0	3053
17099	2926	19	37	56	0	3038
17100	131	23	2857	34	0	3045
17101	2874	29	91	27	0	3021
17102	114	17	2887	32	0	3050
17103	69	14	111	2786	0	2980
17104	44	2847	52	88	0	3031
17105	2932	84	32	50	0	3098
17106	112	45	24	2956	0	3137
17107	64	31	26	2959	0	3080
17108	55	19	31	3034	0	3139
17109	44	14	28	3049	0	3135
17110	42	15	2883	139	0	3079
17111	35	2840	100	78	0	3053
17112	33	82	57	2922	0	3094
17113	2885	30	44	108	0	3067
17114	105	26	32	2938	0	3101
17115	54	18	22	2984	0	3078
17116	45	18	2876	136	0	3075
17117	31	19	2824	81	0	2955
17118	31	2800	116	53	0	3000
17119	34	2906	58	45	0	3043
17120	31	108	34	2892	0	3065
17121	2863	55	31	107	0	3056
17122	100	41	2870	60	0	3071
17123	54	2895	86	57	0	3092
17124	55	82	49	2818	0	3004
17125	30	2852	33	94	0	3009
17126	27	97	19	2761	0	2904
17127	27	2806	19	101	0	2953
17128	31	85	17	2669	0	2802
17129	2577	49	15	96	0	2737
17130	73	2437	13	55	0	2578
17131	30	77	13	2104	0	2224
17132	2071	25	13	65	0	2174
17133	48	2049	5	36	0	2138
17134	23	1800	7	24	0	1854
17135	25	1812	7	23	0	1867
17136	28	52	36	1592	0	1708
17137	3	26	6	1585	0	1620
17138	8	1564	1	35	0	1608
17139	13	29	8	1568	0	1618
17140	5	17	1571	26	0	1619
17141	6	1558	21	11	0	1596
17142	5	80	6	1424	0	1515
17143	7	1506	4	23	0	1540
17144	9	26	1463	7	0	1505
17145	1	1423	14	6	0	1444
17146	1226	31	8	8	0	1273
17147	7	3	0	1210	0	1220
17148	1206	1	1	7	0	1215
17149	6	1	1216	2	0	1225
17150	2	0	6	1238	0	1246
17151	0	0	1246	7	0	1253
17152	0	1	6	1250	0	1257
17153	1300	0	2	7	0	1309
17154	6	0	1	1317	0	1324
17155	1329	1	0	7	0	1337
17156	6	1364	0	4	0	1374
17157	1358	7	0	1	0	1366
17158	6	2	1345	0	0	1353
17159	2	1350	6	0	0	1358
17160	1	5	2	1377	0	1385
17161	0	1	0	1371	0	1372
17162	1	0	1352	7	0	1360
17163	0	1350	7	2	0	1359
17164	0	5	2	1385	0	1392
17165	0	1376	1	7	0	1384
17166	0	4	0	1380	0	1384
17167	1	1370	0	5	0	1376
17168	1371	4	0	2	0	1377
17169	5	2	0	1379	0	1386
17170	2	0	1390	4	0	1396
17171	1	1389	4	2	0	1396
17172	0	1430	3	0	0	1433
17173	1	7	1409	2	0	1419
17174	0	1416	4	1	0	1421
17175	1	4	2	1441	0	1448
17176	0	2	1454	4	0	1460
17177	0	1	4	1450	0	1455
17178	0	0	2	1471	0	1473
17179	0	2	1476	6	0	1484
17180	1409	0	4	4	0	1417
17181	4	1	2	1508	0	1515
17182	2	0	1603	5	0	1610
17183	0	1628	4	2	0	1634
17184	1654	4	2	0	0	1660
17185	3	1623	0	0	0	1626
17186	2	4	0	1654	0	1660
17187	1637	1	0	5	0	1643
17188	4	0	0	1629	0	1633
17189	2	1	1680	4	0	1687
17190	0	0	4	1664	0	1668
17191	0	0	1686	4	0	1690
17192	1617	0	5	2	0	1624
17193	4	1	1706	0	0	1711
17194	1705	0	3	1	0	1709
17195	1730	0	2	2	0	1734
17196	7	0	1723	0	0	1730
17197	3	0	1633	1	0	1637
17198	0	1734	7	2	0	1743
17199	1787	5	3	0	0	1795
17200	6	2	0	1824	0	1832
17201	3	0	0	1821	0	1824
17202	1920	0	0	11	0	1931
17203	1945	0	0	5	0	1950
17204	1956	1	0	1	0	1958
17205	1941	0	0	0	0	1941
17206	6	0	2	1899	0	1907
17207	1929	2	0	6	0	1937
17208	7	0	0	1938	0	1945
17209	2	0	0	1919	0	1921
17210	1	1	0	1948	0	1950
17211	0	2	1920	8	0	1930
17212	0	1863	5	5	0	1873
17213	0	1905	3	0	0	1908
17214	0	8	0	1922	0	1930
17215	1928	2	0	5	0	1935
17216	6	0	0	1910	0	1916
17217	1899	0	0	6	0	1905
17218	5	1	1965	2	0	1973
17219	1934	1	5	2	0	1942
17220	6	1	4	2017	0	2028
17221	2070	0	1	8	0	2079
17222	2044	1	0	5	0	2050
17223	2031	0	0	5	0	2036
17224	8	0	1	2028	0	2037
17225	2	3	2002	6	0	2013
17226	1	0	7	2004	0	2012
17227	2045	1	3	9	0	2058
17228	10	2	2219	4	0	2235
17229	3	1	9	2377	0	2390
17230	2436	0	4	12	0	2452
17231	13	1	2473	4	0	2491
17232	2549	1	12	2	0	2564
17233	2676	2	4	1	0	2683
17234	19	2	1	2720	0	2742
17235	6	0	0	2760	0	2766
17236	2758	2	0	27	0	2787
17237	22	1	0	2846	0	2869
17238	2846	4	1	28	0	2879
17239	23	2864	1	8	0	2896
17240	7	2903	1	2	0	2913
17241	2	25	1	2893	0	2921
17242	3	6	2973	22	0	3004
17243	2	2939	25	8	0	2974
17244	2912	29	8	6	0	2955
17245	28	2886	2	1	0	2917
17246	6	25	2889	1	0	2921
17247	6	5	29	2902	0	2942
17248	1	5	2953	30	0	2989
17249	1	2975	27	10	0	3013
17250	2	26	4	2970	0	3002
17251	2	2956	2	22	0	2982
17252	0	27	2946	6	0	2979
17253	4	7	25	2900	0	2936
17254	3	4	2946	28	0	2981
17255	1	2	29	2907	0	2939
17256	2915	2	6	28	0	2951
17257	27	1	2881	6	0	2915
17258	2751	4	28	3	0	2786
17259	28	3	2860	4	0	2895
17260	8	6	26	2837	0	2877
17261	4	1	2945	27	0	2977
17262	4	2	32	2933	0	2971
17263	4	1	8	2962	0	2975
17264	6	4	6	2916	0	2932
17265	3	0	2	2962	0	2967
17266	7	2	3069	35	0	3113
17267	3025	2	27	15	0	3069
17268	28	1	8	3254	0	3291
17269	3276	1	5	30	0	3312
17270	3325	3	4	6	0	3338
17271	3383	3	2	11	0	3399
17272	43	0	2	3389	0	3434
17273	10	2	2	3475	0	3489
17274	8	3816	4	46	0	3874
17275	4226	48	2	16	0	4292
17276	4510	16	6	9	0	4541
17277	4576	7	5	10	0	4598
17278	95	4	4555	9	0	4663
17279	34	4	67	4567	0	4672
17280	22	3	4546	68	0	4639
17281	4484	3	74	28	0	4589
17282	4570	1	28	20	0	4619
17283	91	2	14	4505	0	4612
17284	43	0	9	4407	0	4459
17285	24	4519	6	89	0	4638
17286	4564	62	2	36	0	4664
17287	4595	22	6	20	0	4643
17288	96	4523	8	19	0	4646
17289	4590	68	8	9	0	4675
17290	93	21	8	4565	0	4687
17291	31	17	9	4629	0	4686
17292	4616	8	6	95	0	4725
17293	79	2	4587	42	0	4710
17294	4562	3	64	31	0	4660
17295	4661	5	19	19	0	4704
17296	91	4549	14	18	0	4672
17297	4626	66	12	10	0	4714
17298	95	26	4548	4	0	4673
17299	43	15	67	4572	0	4697
17300	4584	11	19	76	0	4690
17301	86	11	17	4577	0	4691
17302	43	6	4416	86	0	4551
17303	29	3	71	4332	0	4435
17304	18	4632	23	94	0	4767
17305	21	79	16	4743	0	4859
17306	17	23	19	4855	0	4914
17307	26	14	4	4809	0	4853
17308	20	13	8	4844	0	4885
17309	14	10	4731	109	0	4864
17310	23	7	65	4768	0	4863
17311	4754	8	30	93	0	4885
17312	78	4712	18	46	0	4854
17313	34	69	9	4841	0	4953
17314	20	28	4833	92	0	4973
17315	18	14	72	4883	0	4987
17316	4902	11	20	102	0	5035
17317	4953	10	15	43	0	5021
17318	4860	6	16	33	0	4915
17319	106	6	7	4854	0	4973
17320	57	4	4788	83	0	4932
17321	33	4749	68	41	0	4891
17322	4805	69	29	31	0	4934
17323	84	20	23	4789	0	4916
17324	38	17	17	4852	0	4924
17325	36	12	4788	94	0	4930
17326	33	4694	69	55	0	4851
17327	23	4851	32	34	0	4940
17328	26	100	28	4590	0	4744
17329	24	32	4487	84	0	4627
17330	4275	27	62	40	0	4404
17331	82	12	4243	38	0	4375
17332	4198	8	64	28	0	4298
17333	75	4350	31	25	0	4481
17334	43	55	4300	20	0	4418
17335	4197	24	64	21	0	4306
17336	70	4289	20	23	0	4402
17337	4358	61	21	14	0	4454
17338	73	33	4314	18	0	4438
17339	38	4346	53	13	0	4450
17340	4368	57	25	17	0	4467
17341	74	21	4290	22	0	4407
17342	4238	16	61	11	0	4326
17343	76	10	28	4223	0	4337
17344	4273	9	23	51	0	4356
17345	78	7	16	4268	0	4369
17346	4263	16	12	63	0	4354
17347	70	9	4289	29	0	4397
17348	38	5	52	4316	0	4411
17349	22	15	21	4304	0	4362
17350	28	7	4292	68	0	4395
17351	16	8	60	4312	0	4396
17352	17	3778	36	77	0	3908
17353	19	43	20	4574	0	4656
17354	11	20	23	4818	0	4872
17355	20	11	7	5171	0	5209
17356	24	11	5137	121	0	5293
17357	5196	7	75	65	0	5343
17358	105	10	32	5589	0	5736
17359	47	8	5687	117	0	5859
17360	5621	7	120	59	0	5807
17361	5800	9	42	40	0	5891
17362	5988	10	24	28	0	6050
17363	178	6	27	5915	0	6126
17364	89	10	13	6525	0	6637
17365	41	15	14	6484	0	6554
17366	28	6414	21	210	0	6673
17367	6365	128	15	88	0	6596
17368	6387	46	13	61	0	6507
17369	205	25	16	6310	0	6556
17370	98	21	6160	159	0	6438
17371	68	13	6152	90	0	6323
17372	40	5933	180	62	0	6215
17373	30	6189	75	56	0	6350
17374	5606	190	79	58	0	5933
17375	125	5459	25	32	0	5641
17376	5266	110	18	26	0	5420
17377	5282	44	18	17	0	5361
17378	5269	16	19	18	0	5322
17379	159	25	14	5224	0	5422
17380	69	22	7	5579	0	5677
17381	5693	13	9	154	0	5869
17382	143	23	5	5805	0	5976
17383	76	11	5777	148	0	6012
17384	5847	11	119	70	0	6047
17385	153	9	49	5840	0	6051
17386	67	13	22	5964	0	6066
17387	43	14	15	6031	0	6103
17388	45	17	5809	195	0	6066
17389	5603	13	126	91	0	5833
17390	157	6	5808	44	0	6015
17391	74	9	143	5790	0	6016
17392	35	11	5872	160	0	6078
17393	37	16	150	5766	0	5969
17394	41	11	56	5937	0	6045
17395	33	13	5957	205	0	6208
17396	45	8	142	5698	0	5893
17397	35	5972	73	156	0	6236
17398	6015	127	35	79	0	6256
17399	6118	53	36	57	0	6264
17400	196	27	25	6024	0	6272
17401	82	15	5974	188	0	6259
17402	45	5767	152	91	0	6055
17403	47	6065	63	55	0	6230
17404	5757	179	40	39	0	6015
17405	177	65	5687	42	0	5971
17406	5671	37	148	49	0	5905
17407	182	19	60	5663	0	5924
17408	79	17	47	5806	0	5949
17409	5602	23	26	214	0	5865
17410	158	5596	34	108	0	5896
17411	100	143	5626	59	0	5928
17412	57	57	159	5598	0	5871
17413	56	17	5636	187	0	5896
17414	43	5550	159	102	0	5854
17415	41	143	72	5638	0	5894
17416	5588	56	43	192	0	5879
17417	5706	46	35	100	0	5887
17418	209	35	5559	60	0	5863
17419	98	5546	159	58	0	5861
17420	5532	147	81	51	0	5811
17421	175	5556	47	56	0	5834
17422	83	156	35	5551	0	5825
17423	5536	71	39	178	0	5824
17424	189	40	30	5577	0	5836
17425	92	33	5487	188	0	5800
17426	73	31	154	5535	0	5793
17427	57	26	5472	197	0	5752
17428	48	41	169	5490	0	5748
17429	5419	29	78	217	0	5743
17430	177	5453	39	113	0	5782
17431	5477	152	44	85	0	5758
17432	188	71	52	5440	0	5751
17433	93	44	41	5517	0	5695
17434	74	39	5053	232	0	5398
17435	58	35	5377	120	0	5590
17436	64	5357	185	75	0	5681
17437	52	169	5348	65	0	5634
17438	5131	69	188	64	0	5452
17439	179	5263	77	74	0	5593
17440	95	5426	63	64	0	5648
17441	57	5512	55	61	0	5685
17442	49	214	50	5392	0	5705
17443	58	96	5421	197	0	5772
17444	45	5473	180	98	0	5796
17445	66	177	75	5173	0	5491
17446	50	5508	53	165	0	5776
17447	5387	189	49	86	0	5711
17448	5527	92	48	77	0	5744
17449	214	53	44	5422	0	5733
17450	100	48	43	5488	0	5679
17451	5226	45	32	236	0	5539
17452	183	5122	45	118	0	5468
17453	94	5191	29	81	0	5395
17454	75	214	33	4832	0	5154
17455	44	70	4520	169	0	4803
17456	40	4431	132	92	0	4695
17457	4131	132	90	56	0	4409
17458	111	3982	41	38	0	4172
17459	42	3957	26	48	0	4073
17460	3785	128	41	28	0	3982
17461	104	3884	22	25	0	4035
17462	57	118	3728	27	0	3930
17463	37	3713	84	38	0	3872
17464	3156	88	43	22	0	3309
17465	72	3104	17	11	0	3204
17466	3055	82	22	14	0	3173
17467	75	30	18	3030	0	3153
17468	27	29	10	3112	0	3178
17469	26	19	3095	74	0	3214
17470	21	3095	59	24	0	3199
17471	13	65	16	3160	0	3254
17472	3119	17	17	75	0	3228
17473	3131	22	11	29	0	3193
17474	67	3164	14	19	0	3264
17475	23	77	8	3150	0	3258
17476	3173	29	10	69	0	3281
17477	3213	22	8	26	0	3269
17478	81	16	3080	21	0	3198
17479	36	14	2917	17	0	2984
17480	21	18	2818	16	0	2873
17481	10	2657	55	15	0	2737
17482	2487	48	44	12	0	2591
17483	48	2450	8	5	0	2511
17484	2399	45	15	10	0	2469
17485	42	2477	8	8	0	2535
17486	12	43	4	2562	0	2621
17487	2605	10	4	36	0	2655
17488	39	12	2583	12	0	2646
17489	2555	7	33	12	0	2607
17490	2631	6	11	6	0	2654
17491	42	2569	14	9	0	2634
17492	14	2625	5	10	0	2654
17493	2697	37	4	5	0	2743
17494	39	13	2714	1	0	2767
17495	2543	16	38	11	0	2608
17496	2595	9	6	5	0	2615
17497	35	6	6	2540	0	2587
17498	2585	5	4	27	0	2621
17499	36	3	3	2622	0	2664
17500	15	5	2	2719	0	2741
17501	11	8	1	2649	0	2669
17502	10	2638	1	32	0	2681
17503	2672	28	2	15	0	2717
17504	2699	7	5	6	0	2717
17505	36	6	2	2683	0	2727
17506	15	5	4	2669	0	2693
17507	12	2664	4	31	0	2711
17508	2663	28	4	10	0	2705
17509	34	9	2637	9	0	2689
17510	10	5	26	2664	0	2705
17511	6	9	2618	33	0	2666
17512	11	3	27	2620	0	2661
17513	7	10	2649	31	0	2697
17514	9	9	30	2612	0	2660
17515	2648	3	6	33	0	2690
17516	29	5	2690	13	0	2737
17517	2638	7	27	17	0	2689
17518	35	2777	7	12	0	2831
17519	16	32	5	2844	0	2897
17520	12	11	9	2871	0	2903
17521	2930	5	5	35	0	2975
17522	27	7	9	3022	0	3065
17523	14	6	3057	33	0	3110
17524	3012	6	27	13	0	3058
17525	3119	3	10	19	0	3151
17526	3137	4	6	8	0	3155
17527	3109	4	6	9	0	3128
17528	37	3076	2	10	0	3125
17529	18	26	3	3116	0	3163
17530	3104	9	5	30	0	3148
17531	39	8	3	3069	0	3119
17532	3043	6	4	30	0	3083
17533	33	5	2981	14	0	3033
17534	19	4	2950	8	0	2981
17535	14	37	25	2847	0	2923
17536	14	2895	11	28	0	2948
17537	12	2989	8	12	0	3021
17538	2961	27	7	18	0	3013
17539	20	7	2932	5	0	2964
17540	2684	3	17	11	0	2715
17541	22	2894	8	5	0	2929
17542	2901	13	4	10	0	2928
17543	24	6	4	2854	0	2888
17544	6	3	2911	21	0	2941
17545	8	6	16	2876	0	2906
17546	6	6	5	2876	0	2893
17547	8	2847	2	22	0	2879
17548	2	2931	4	14	0	2951
17549	10	20	2	2953	0	2985
17550	6	2965	4	31	0	3006
17551	8	20	2949	8	0	2985
17552	10	13	2858	6	0	2887
17553	2753	3	21	8	0	2785
17554	2926	4	5	12	0	2947
17555	25	2875	6	6	0	2912
17556	9	21	2	2885	0	2917
17557	7	8	1	2915	0	2931
17558	8	8	2897	20	0	2933
17559	3	3	18	2773	0	2797
17560	7	2844	9	16	0	2876
17561	2	16	2769	11	0	2798
17562	4	8	2724	3	0	2739
17563	6	2647	22	7	0	2682
17564	7	20	2762	4	0	2793
17565	3	9	22	2747	0	2781
17566	9	2	8	2543	0	2562
17567	4	8	2839	21	0	2872
17568	8	1	18	2791	0	2818
17569	6	2691	6	22	0	2725
17570	5	2818	3	10	0	2836
17571	4	22	4	2795	0	2825
17572	7	11	2869	20	0	2907
17573	4	2856	18	19	0	2897
17574	13	22	16	2838	0	2889
17575	2	6	2798	18	0	2824
17576	2637	1	11	9	0	2658
17577	2771	4	4	1	0	2780
17578	2754	4	1	7	0	2766
17579	16	2	3	2718	0	2739
17580	4	4	3	2756	0	2767
17581	5	1	2863	14	0	2883
17582	3	0	15	2845	0	2863
17583	3	1	6	2898	0	2908
17584	2	1	2898	18	0	2919
17585	2557	3	12	10	0	2582
17586	11	2696	6	4	0	2717
17587	2713	9	4	7	0	2733
17588	12	2677	3	1	0	2693
17589	4	9	1	2697	0	2711
17590	2	6	2715	14	0	2737
17591	6	9	11	2641	0	2667
17592	3	1	2639	12	0	2655
17593	2318	1	10	7	0	2336
17594	9	0	2518	4	0	2531
17595	5	1	10	2447	0	2463
17596	2	2	2511	11	0	2526
17597	4	2538	12	6	0	2560
17598	2	11	5	2592	0	2610
17599	1	4	6	2588	0	2599
17600	3	2	2	2637	0	2644
17601	2	3	2634	19	0	2658
17602	3	2	2702	8	0	2715
17603	3	1	22	2734	0	2760
17604	2	1	7	3188	0	3198
17605	1	0	2	3461	0	3464
17606	3578	0	5	76	0	3659
17607	53	1	3	3764	0	3821
17608	25	0	4042	75	0	4142
17609	4333	0	77	35	0	4445
17610	97	1	31	4537	0	4666
17611	4800	2	25	100	0	4927
17612	4960	2	8	41	0	5011
17613	141	3	5	4906	0	5055
17614	4936	1	4	112	0	5053
17615	4988	0	5	54	0	5047
17616	154	1	4835	29	0	5019
17617	73	4874	88	23	0	5058
17618	48	87	42	4745	0	4922
17619	34	40	25	4924	0	5023
17620	4866	20	16	137	0	5039
17621	4835	12	12	68	0	4927
17622	4834	9	8	44	0	4895
17623	167	4	4550	34	0	4755
17624	84	4607	91	24	0	4806
17625	4653	92	43	24	0	4812
17626	132	4660	25	16	0	4833
17627	4730	109	18	16	0	4873
17628	131	58	15	4678	0	4882
17629	4693	28	12	101	0	4834
17630	4749	18	14	53	0	4834
17631	4789	17	7	42	0	4855
17632	183	11	4700	29	0	4923
17633	4797	8	89	29	0	4923
17634	150	4749	43	21	0	4963
17635	4886	95	22	15	0	5018
17636	4959	43	17	12	0	5031
17637	5049	30	14	13	0	5106
17638	189	25	9	4829	0	5052
17639	98	4878	9	109	0	5094
17640	4951	107	6	50	0	5114
17641	148	49	4868	37	0	5102
17642	85	4948	107	25	0	5165
17643	70	116	40	4631	0	4857
17644	51	4892	30	99	0	5072
17645	4914	128	16	48	0	5106
17646	5085	63	13	25	0	5186
17647	179	37	12	4989	0	5217
17648	100	29	4884	109	0	5122
17649	72	4915	110	61	0	5158
17650	78	116	59	4218	0	4471
17651	50	58	32	5112	0	5252
17652	38	35	22	5293	0	5388
17653	5187	27	19	186	0	5419
17654	5296	21	13	97	0	5427
17655	5318	19	9	54	0	5400
17656	5393	15	13	40	0	5461
17657	228	20	10	5225	0	5483
17658	121	17	5259	133	0	5530
17659	78	17	118	5332	0	5545
17660	64	19	58	5389	0	5530
17661	58	13	28	5440	0	5539
17662	50	14	23	5471	0	5558
17663	5292	12	18	220	0	5542
17664	166	13	14	5361	0	5554
17665	5334	14	12	193	0	5553
17666	5414	10	26	104	0	5554
17667	223	14	5202	62	0	5501
17668	124	14	5159	59	0	5356
17669	93	15	5310	54	0	5472
17670	84	19	178	5170	0	5451
17671	75	8	5259	152	0	5494
17672	60	9	160	5180	0	5409
17673	65	16	77	5225	0	5383
17674	5218	11	52	210	0	5491
17675	156	26	35	5157	0	5374
17676	111	5248	22	189	0	5570
17677	5407	117	26	115	0	5665
17678	177	5398	28	86	0	5689
17679	106	149	5375	57	0	5687
17680	83	5439	130	51	0	5703
17681	5338	155	75	55	0	5623
17682	165	84	51	5307	0	5607
17683	107	48	5253	163	0	5571
17684	5269	41	141	90	0	5541
17685	188	28	70	5307	0	5593
17686	112	30	5302	164	0	5608
17687	96	22	135	5357	0	5610
17688	72	27	68	5439	0	5606
17689	79	18	46	5386	0	5529
17690	54	5275	35	223	0	5587
17691	5354	132	30	109	0	5625
17692	174	71	27	5308	0	5580
17693	96	5319	30	177	0	5622
17694	75	147	26	5387	0	5635
17695	80	68	5308	180	0	5636
17696	56	5352	126	113	0	5647
17697	5332	146	69	70	0	5617
17698	5414	80	43	49	0	5586
17699	205	49	33	5263	0	5550
17700	106	43	28	5372	0	5549
17701	5327	32	28	196	0	5583
17702	5240	29	24	124	0	5417
17703	193	5214	33	81	0	5521
17704	4825	99	23	52	0	4999
17705	148	42	4517	46	0	4753
17706	96	34	4395	34	0	4559
17707	46	4221	99	45	0	4411
17708	35	4046	53	28	0	4162
17709	3586	54	110	20	0	3770
17710	52	3576	18	17	0	3663
17711	3368	47	17	11	0	3443
17712	3317	22	5	9	0	3353
17713	3295	10	7	10	0	3322
17714	63	7	6	3264	0	3340
17715	3285	2	9	45	0	3341
17716	57	10	3203	16	0	3286
17717	27	8	3189	19	0	3243
17718	17	3198	55	11	0	3281
17719	18	34	3270	10	0	3332
17720	10	15	49	3175	0	3249
17721	12	12	3247	44	0	3315
17722	11	11	3187	25	0	3234
17723	16	5	53	3216	0	3290
17724	3226	6	22	50	0	3304
17725	3255	7	17	23	0	3302
17726	61	5	3278	13	0	3357
17727	3210	5	46	12	0	3273
17728	51	9	3292	13	0	3365
17729	3291	4	49	13	0	3357
17730	3414	3	27	13	0	3457
17731	58	8	13	3374	0	3453
17732	32	6	9	3270	0	3317
17733	23	3159	9	53	0	3244
17734	14	3252	9	30	0	3305
17735	11	51	8	3186	0	3256
17736	9	23	18	3199	0	3249
17737	3059	6	9	54	0	3128
17738	40	3037	3	28	0	3108
17739	3015	32	6	14	0	3067
17740	42	3001	5	13	0	3061
17741	28	37	2933	4	0	3002
17742	11	26	33	2912	0	2982
17743	2946	10	15	31	0	3002
17744	3053	5	6	20	0	3084
17745	50	3074	6	14	0	3144
17746	22	3179	4	8	0	3213
17747	15	3260	4	7	0	3286
17748	10	62	5	3487	0	3564
17749	6	23	3611	48	0	3688
17750	8	3581	48	30	0	3667
17751	9	46	13	3612	0	3680
17752	6	16	5	3663	0	3690
17753	8	6	3596	47	0	3657
17754	1	8	3542	18	0	3569
17755	3540	2	53	12	0	3607
17756	43	3	3676	6	0	3728
17757	3644	1	47	3	0	3695
17758	3581	0	17	2	0	3600
17759	3592	6	8	4	0	3610
17760	3586	6	2	5	0	3599
17761	59	6	3493	2	0	3560
17762	20	3502	39	9	0	3570
17763	7	46	19	3497	0	3569
17764	4	15	3567	43	0	3629
17765	9	5	41	3489	0	3544
17766	3	3318	17	54	0	3392
17767	11	36	10	3592	0	3649
17768	8	14	7	3599	0	3628
17769	17	8	5	3523	0	3553
17770	3535	5	9	65	0	3614
17771	52	5	2	3534	0	3593
17772	23	3	5	3563	0	3594
17773	15	4	7	3536	0	3562
17774	9	3381	10	52	0	3452
17775	3384	44	14	21	0	3463
17776	43	3229	1	19	0	3292
17777	12	3235	14	13	0	3274
17778	13	51	12	3262	0	3338
17779	12	11	3	3287	0	3313
17780	3257	12	3	55	0	3327
17781	51	2	8	3273	0	3334
17782	3295	3	13	56	0	3367
17783	3818	7	1	18	0	3844
17784	90	4	13	3812	0	3919
17785	44	4	8	3806	0	3862
17786	21	3856	4	100	0	3981
17787	4023	78	6	47	0	4154
17788	94	4217	3	30	0	4344
17789	4240	101	9	17	0	4367
17790	109	49	4145	12	0	4315
17791	4180	20	88	22	0	4310
17792	4334	9	38	16	0	4397
17793	136	6	12	4201	0	4355
17794	52	15	4226	106	0	4399
17795	30	4281	98	56	0	4465
17796	23	119	40	4371	0	4553
17797	20	41	4360	119	0	4540
17798	18	28	108	4352	0	4506
17799	4268	3	43	143	0	4457
17800	124	11	4234	56	0	4425
17801	58	4137	114	33	0	4342
17802	24	4302	47	20	0	4393
17803	38	149	23	3763	0	3973
17804	17	4230	17	90	0	4354
17805	4179	136	7	43	0	4365
17806	4215	45	12	27	0	4299
17807	4236	28	10	19	0	4293
17808	170	12	4058	12	0	4252
17809	4145	19	112	16	0	4292
17810	142	12	39	4085	0	4278
17811	56	11	21	4159	0	4247
17812	30	13	12	4199	0	4254
17813	27	9	6	4192	0	4234
17814	14	15	4034	168	0	4231
17815	23	5	4038	63	0	4129
17816	16	18	4051	34	0	4119
17817	3889	4	149	31	0	4073
17818	119	3937	61	21	0	4138
17819	48	113	20	3921	0	4102
17820	3929	44	16	121	0	4110
17821	118	3944	13	56	0	4131
17822	42	4078	22	33	0	4175
17823	3990	156	11	16	0	4173
17824	4078	50	14	19	0	4161
17825	150	4031	17	20	0	4218
17826	75	115	8	3816	0	4014
17827	38	3965	12	114	0	4129
17828	3938	132	16	47	0	4133
17829	3932	51	15	28	0	4026
17830	3985	34	7	17	0	4043
17831	172	3815	10	30	0	4027
17832	68	122	10	3864	0	4064
17833	36	43	3851	130	0	4060
17834	25	36	106	3876	0	4043
17835	23	20	44	3982	0	4069
17836	17	20	3847	158	0	4042
17837	3829	16	112	57	0	4014
17838	132	10	40	3899	0	4081
17839	55	21	21	3887	0	3984
17840	36	3824	15	154	0	4029
17841	3827	121	11	68	0	4027
17842	125	58	13	3777	0	3973
17843	49	3818	18	126	0	4011
17844	3681	112	12	58	0	3863
17845	127	3644	14	32	0	3817
17846	3481	122	11	21	0	3635
17847	131	43	3407	31	0	3612
17848	50	27	3067	17	0	3161
17849	34	13	2989	12	0	3048
17850	18	2946	127	22	0	3113
17851	35	100	71	2642	0	2848
17852	15	2771	19	89	0	2894
17853	2796	104	20	32	0	2952
17854	98	41	2795	18	0	2952
17855	2753	23	98	10	0	2884
17856	2841	14	43	8	0	2906
17857	126	17	23	2749	0	2915
17858	2801	14	11	92	0	2918
17859	107	16	12	2805	0	2940
17860	48	12	2764	103	0	2927
17861	2749	16	86	40	0	2891
17862	101	2759	33	24	0	2917
17863	53	86	20	2781	0	2940
17864	2785	36	12	92	0	2925
17865	105	19	13	2792	0	2929
17866	43	17	2756	107	0	2923
17867	27	13	87	2735	0	2862
17868	20	2752	35	100	0	2907
17869	2768	90	16	47	0	2921
17870	103	37	9	2772	0	2921
17871	2782	20	10	105	0	2917
17872	113	10	14	2769	0	2906
17873	47	5	16	2756	0	2824
17874	23	2721	9	122	0	2875
17875	2727	89	10	53	0	2879
17876	98	2822	5	32	0	2957
17877	41	101	3	2695	0	2840
17878	25	2732	7	88	0	2852
17879	2703	92	8	42	0	2845
17880	2716	42	10	22	0	2790
17881	2744	15	8	18	0	2785
17882	116	2564	9	14	0	2703
17883	27	2123	0	7	0	2157
17884	2083	59	3	9	0	2154
17885	50	2127	4	9	0	2190
17886	26	82	14	1954	0	2076
17887	21	8	1864	33	0	1926
17888	1693	5	28	7	0	1733
17889	1737	4	5	5	0	1751
17890	1729	1	3	3	0	1736
17891	26	1711	3	5	0	1745
17892	1696	19	4	4	0	1723
17893	21	5	1766	4	0	1796
17894	7	1726	15	2	0	1750
17895	9	23	2	1601	0	1635
17896	3	1610	3	6	0	1622
17897	1553	3	1	1	0	1558
17898	3	1594	0	2	0	1599
17899	1	1	2	1596	0	1600
17900	0	1605	1	3	0	1609
17901	1	4	0	1652	0	1657
17902	1	1	1	1600	0	1603
17903	7	2	1621	5	0	1635
17904	1	0	5	1574	0	1580
17905	1582	0	1	7	0	1590
17906	1599	1	0	1	0	1601
17907	8	1	0	1608	0	1617
17908	2	0	1577	7	0	1586
17909	1	0	5	1552	0	1558
17910	1572	0	1	6	0	1579
17911	1631	1	1	2	0	1635
17912	1659	0	0	2	0	1661
17913	7	1717	1	2	0	1727
17914	1732	5	1	2	0	1740
17915	6	4	1736	0	0	1746
17916	1877	1	6	4	0	1888
17917	7	1	3	1935	0	1946
17918	2	1	0	1946	0	1949
17919	3	2	0	1957	0	1962
17920	1920	1	1	13	0	1935
17921	1877	0	1	5	0	1883
17922	14	2	0	1888	0	1904
17923	3	1	1933	14	0	1951
17924	4	1	9	1917	0	1931
17925	2	1	3	1902	0	1908
17926	3	2	1878	12	0	1895
17927	3	1897	8	4	0	1912
17928	2	12	3	1924	0	1941
17929	1970	6	0	12	0	1988
17930	14	0	1	1975	0	1990
17931	4	3	0	1986	0	1993
17932	1992	0	1	16	0	2009
17933	9	1979	2	5	0	1995
17934	7	2012	0	2	0	2021
17935	2011	13	0	1	0	2025
17936	12	4	2018	2	0	2036
17937	1954	2	9	3	0	1968
17938	12	1	2133	4	0	2150
17939	5	2174	12	3	0	2194
17940	2180	11	5	1	0	2197
17941	2224	2	0	6	0	2232
17942	2236	3	1	1	0	2241
17943	2239	0	1	2	0	2242
17944	17	1	2224	3	0	2245
17945	8	1	14	2207	0	2230
17946	2205	0	3	22	0	2230
17947	15	2	2300	3	0	2320
17948	7	0	2262	1	0	2270
17949	3	2259	17	1	0	2280
17950	2289	15	4	2	0	2310
17951	20	3	2	2271	0	2296
17952	2302	1	2	13	0	2318
17953	16	2347	0	8	0	2371
17954	4	14	2	2517	0	2537
17955	2	5	0	2513	0	2520
17956	1	0	0	2606	0	2607
17957	4	0	2621	27	0	2652
17958	3	2650	19	11	0	2683
17959	2877	22	9	3	0	2911
17960	30	8	3	2888	0	2929
17961	2889	2	3	29	0	2923
17962	2881	3	1	15	0	2900
17963	42	0	3	2867	0	2912
17964	14	3	2920	32	0	2969
17965	9	0	24	2910	0	2943
17966	7	2900	13	28	0	2948
17967	3	27	3	2958	0	2991
17968	4	9	2918	33	0	2964
17969	2886	5	27	20	0	2938
17970	29	4	15	2963	0	3011
17971	2940	5	6	30	0	2981
17972	31	4	2926	15	0	2976
17973	2842	2	28	9	0	2881
17974	35	0	2952	10	0	2997
17975	2841	1	30	1	0	2873
17976	32	2842	12	4	0	2890
17977	15	2932	6	6	0	2959
17978	7	42	6	2910	0	2965
17979	7	21	5	2761	0	2794
17980	7	8	2	2936	0	2953
17981	2941	4	5	39	0	2989
17982	29	2	3	2992	0	3026
17983	12	2	3008	35	0	3057
17984	2926	1	26	22	0	2975
17985	27	3015	14	6	0	3062
17986	3047	27	5	6	0	3085
17987	3012	12	5	5	0	3034
17988	43	4	3024	5	0	3076
17989	24	6	24	2994	0	3048
17990	12	8	14	3160	0	3194
17991	6	6	3180	43	0	3235
17992	4	3149	29	23	0	3205
17993	3108	25	11	16	0	3160
17994	3138	17	6	8	0	3169
17995	42	4	5	3164	0	3215
17996	16	4	6	3174	0	3200
17997	15	2	6	3271	0	3294
17998	3199	6	1	51	0	3257
17999	37	3264	2	32	0	3335
18000	3286	26	7	13	0	3332
18001	3269	17	4	9	0	3299
18002	50	7	3394	9	0	3460
18003	32	4	35	3339	0	3410
18004	12	3435	22	38	0	3507
18005	13	41	10	3510	0	3574
18006	13	29	5	3603	0	3650
18007	13	6	3660	68	0	3747
18008	3811	6	45	37	0	3899
18009	4268	5	21	18	0	4312
18010	4446	6	9	23	0	4484
18011	111	3	9	4366	0	4489
18012	52	7	9	4340	0	4408
18013	31	4273	6	102	0	4412
18014	27	4455	5	48	0	4535
18015	4396	104	6	27	0	4533
18016	81	4308	9	27	0	4425
18017	46	96	4285	18	0	4445
18018	22	47	78	4332	0	4479
18019	4372	22	35	91	0	4520
18020	98	18	4327	40	0	4483
18021	46	14	4349	28	0	4437
18022	4369	5	123	22	0	4519
18023	4405	9	49	13	0	4476
18024	133	9	30	4312	0	4484
18025	57	17	4310	95	0	4479
18026	45	4	88	4369	0	4506
18027	27	16	4220	107	0	4370
18028	20	12	4366	56	0	4454
18029	24	4351	120	50	0	4545
18030	4406	91	55	24	0	4576
18031	4455	41	37	20	0	4553
18032	122	4378	25	23	0	4548
18033	66	101	18	4366	0	4551
18034	43	39	15	4410	0	4507
18035	32	25	22	4488	0	4567
18036	4354	19	16	142	0	4531
18037	104	4325	12	76	0	4517
18038	4270	92	12	46	0	4420
18039	4268	43	21	30	0	4362
18040	139	29	4126	32	0	4326
18041	74	4136	87	29	0	4326
18042	48	90	46	4166	0	4350
18043	32	49	4174	94	0	4349
18044	4090	31	95	60	0	4276
18045	4222	22	50	34	0	4328
18046	4243	21	26	31	0	4321
18047	4198	11	26	24	0	4259
18048	156	14	18	4049	0	4237
18049	84	7	4046	99	0	4236
18050	59	8	86	4085	0	4238
18051	4061	14	47	106	0	4228
18052	4080	14	27	62	0	4183
18053	133	3966	22	41	0	4162
18054	3881	81	21	28	0	4011
18055	123	39	3823	20	0	4005
18056	74	20	3815	19	0	3928
18057	3699	26	112	23	0	3860
18058	110	3705	50	20	0	3885
18059	65	74	26	3428	0	3593
18060	36	3517	23	75	0	3651
18061	35	83	18	3542	0	3678
18062	33	36	12	3580	0	3661
18063	31	28	14	3671	0	3744
18064	3531	23	9	115	0	3678
18065	3622	17	12	61	0	3712
18066	3610	9	18	41	0	3678
18067	120	13	3519	27	0	3679
18068	3542	7	74	21	0	3644
18069	114	16	39	3593	0	3762
18070	65	15	22	3768	0	3870
18071	46	10	3707	108	0	3871
18072	34	15	83	4080	0	4212
18073	4173	10	37	124	0	4344
18074	111	10	4154	61	0	4336
18075	57	10	103	4182	0	4352
18076	4203	12	41	112	0	4368
18077	4224	9	25	57	0	4315
18078	143	11	4166	35	0	4355
18079	74	12	4214	28	0	4328
18080	49	13	121	4245	0	4428
18081	4290	7	58	116	0	4471
18082	4344	10	34	55	0	4443
18083	143	11	31	4142	0	4327
18084	66	4240	21	113	0	4440
18085	4257	88	21	53	0	4419
18086	123	4234	20	97	0	4474
18087	69	97	19	4297	0	4482
18088	52	43	4236	108	0	4439
18089	38	21	4148	53	0	4260
18090	30	16	4212	36	0	4294
18091	28	11	141	4065	0	4245
18092	36	11	58	4171	0	4276
18093	4085	10	38	133	0	4266
18094	111	4031	25	67	0	4234
18095	4077	92	17	44	0	4230
18096	126	40	21	3902	0	4089
18097	51	3943	15	100	0	4109
18098	37	4089	15	44	0	4185
18099	32	115	13	3993	0	4153
18100	3975	42	16	100	0	4133
18101	106	4001	13	51	0	4171
18102	3825	88	12	30	0	3955
18103	100	3871	13	28	0	4012
18104	3809	102	11	19	0	3941
18105	112	36	3730	16	0	3894
18106	51	26	3690	15	0	3782
18107	34	3594	90	12	0	3730
18108	3247	107	104	19	0	3477
18109	60	3014	13	7	0	3094
18110	21	2843	8	8	0	2880
18111	37	57	12	2804	0	2910
18112	2801	19	8	43	0	2871
18113	44	2807	5	19	0	2875
18114	2732	43	2	8	0	2785
18115	48	2724	5	8	0	2785
18116	2668	41	6	3	0	2718
18117	41	2641	3	7	0	2692
18118	18	2681	2	6	0	2707
18119	16	45	2	2562	0	2625
18120	9	2627	3	26	0	2665
18121	2609	36	3	10	0	2658
18122	30	13	2597	7	0	2647
18123	22	8	25	2589	0	2644
18124	13	10	2627	30	0	2680
18125	5	8	29	2599	0	2641
18126	8	6	10	2600	0	2624
18127	9	7	2488	36	0	2540
18128	2309	5	31	19	0	2364
18129	31	2422	16	17	0	2486
18130	2450	28	9	9	0	2496
18131	36	2468	7	13	0	2524
18132	15	34	6	2463	0	2518
18133	2459	8	10	38	0	2515
18134	2482	7	10	14	0	2513
18135	2497	6	2	13	0	2518
18136	47	7	5	2466	0	2525
18137	24	7	4	2488	0	2523
18138	13	2525	4	43	0	2585
18139	2541	35	6	15	0	2597
18140	2566	14	4	12	0	2596
18141	2557	12	5	8	0	2582
18142	2534	8	4	8	0	2554
18143	50	2467	3	10	0	2530
18144	25	29	6	2482	0	2542
18145	14	18	2479	32	0	2543
18146	2431	9	30	16	0	2486
18147	2534	10	10	16	0	2570
18148	53	8	2523	4	0	2588
18149	17	17	2527	3	0	2564
18150	16	6	41	2530	0	2593
18151	11	9	19	2573	0	2612
18152	11	8	11	2605	0	2635
18153	2548	7	6	53	0	2614
18154	38	8	9	2561	0	2616
18155	17	9	2498	47	0	2571
18156	20	9	41	2510	0	2580
18157	11	10	2545	50	0	2616
18158	10	10	40	2505	0	2565
18159	9	6	12	2651	0	2678
18160	10	9	2649	53	0	2721
18161	2508	12	41	28	0	2589
18162	47	2683	10	17	0	2757
18163	2723	51	9	10	0	2793
18164	56	19	5	2855	0	2935
18165	2862	16	7	58	0	2943
18166	58	3014	8	22	0	3102
18167	24	3219	6	20	0	3269
18168	17	122	7	3481	0	3627
18169	17	49	3660	80	0	3806
18170	10	21	3569	38	0	3638
18171	10	3567	105	37	0	3719
18172	3134	75	57	5	0	3271
18173	67	41	19	3119	0	3246
18174	3093	23	6	72	0	3194
18175	79	3033	14	42	0	3168
18176	33	3140	14	24	0	3211
18177	30	98	10	3115	0	3253
18178	3096	54	8	72	0	3230
18179	3139	27	3	39	0	3208
18180	103	10	3043	28	0	3184
18181	58	15	2989	14	0	3076
18182	2966	17	89	8	0	3080
18183	73	2978	44	13	0	3108
18184	2967	67	17	8	0	3059
18185	95	35	9	2913	0	3052
18186	42	22	2868	67	0	2999
18187	2781	4	75	34	0	2894
18188	77	2805	38	19	0	2939
18189	43	2880	25	7	0	2955
18190	40	102	11	2827	0	2980
18191	2852	45	11	75	0	2983
18192	75	25	15	2884	0	2999
18193	2941	12	17	83	0	3053
18194	85	22	2830	37	0	2974
18195	2889	16	65	26	0	2996
18196	2972	16	26	21	0	3035
18197	116	8	2829	14	0	2967
18198	2815	9	65	19	0	2908
18199	93	2791	39	11	0	2934
18200	50	65	27	2736	0	2878
18201	47	2810	11	59	0	2927
18202	2829	84	11	33	0	2957
18203	90	32	17	2756	0	2895
18204	51	2761	14	64	0	2890
18205	35	71	15	2747	0	2868
18206	23	2779	6	87	0	2895
18207	19	87	6	2803	0	2915
18208	2794	47	3	90	0	2934
18209	77	24	8	2816	0	2925
18210	45	14	2753	93	0	2905
18211	2735	22	62	51	0	2870
18212	75	20	28	2773	0	2896
18213	45	13	2717	84	0	2859
18214	41	11	2613	51	0	2716
18215	28	5	2762	38	0	2833
18216	22	6	110	2709	0	2847
18217	21	7	54	2798	0	2880
18218	22	10	32	2812	0	2876
18219	17	10	25	2843	0	2895
18220	2768	8	26	118	0	2920
18221	2838	7	22	65	0	2932
18222	2860	9	18	48	0	2935
18223	2901	17	15	29	0	2962
18224	122	13	6	2812	0	2953
18225	65	14	2820	96	0	2995
18226	2860	9	63	59	0	2991
18227	2975	8	33	37	0	3053
18228	120	11	23	2895	0	3049
18229	74	11	13	2973	0	3071
18230	2974	7	14	115	0	3110
18231	96	5	17	2897	0	3015
18232	59	2871	20	100	0	3050
18233	2953	72	24	45	0	3094
18234	2960	34	12	46	0	3052
18235	120	21	2955	37	0	3133
18236	73	12	75	2963	0	3123
18237	41	17	38	3046	0	3142
18238	3001	18	31	119	0	3169
18239	3076	13	9	64	0	3162
18240	131	10	11	3042	0	3194
18241	73	11	3010	93	0	3187
18242	41	11	3065	67	0	3184
18243	38	10	100	3074	0	3222
18244	38	7	56	3125	0	3226
18245	3073	5	25	116	0	3219
18246	105	2981	10	71	0	3167
18247	58	2971	25	42	0	3096
18248	39	3066	30	25	0	3160
18249	30	112	17	3014	0	3173
18250	2990	45	17	93	0	3145
18251	3000	29	11	54	0	3094
18252	119	2972	7	35	0	3133
18253	3026	78	3	32	0	3139
18254	93	49	8	2982	0	3132
18255	50	35	3008	85	0	3178
18256	52	13	60	3007	0	3132
18257	39	12	34	3057	0	3142
18258	38	13	25	3058	0	3134
18259	2921	11	9	120	0	3061
18260	76	22	17	2857	0	2972
18261	49	2810	17	93	0	2969
18262	2758	56	21	62	0	2897
18263	74	2699	13	48	0	2834
18264	42	2536	12	27	0	2617
18265	29	2628	9	28	0	2694
18266	32	49	2343	24	0	2448
18267	13	2239	40	23	0	2315
18268	22	19	1853	8	0	1902
18269	1624	11	19	5	0	1659
18270	1686	2	2	4	0	1694
18271	12	3	1723	2	0	1740
18272	1720	2	13	2	0	1737
18273	1799	2	4	2	0	1807
18274	12	1	1788	2	0	1803
18275	5	1819	9	2	0	1835
18276	6	12	6	1841	0	1865
18277	1863	4	5	12	0	1884
18278	13	2	1	1830	0	1846
18279	1900	1	4	14	0	1919
18280	1879	1	3	4	0	1887
18281	18	2	1882	2	0	1904
18282	1850	1	12	6	0	1869
18283	17	1919	2	0	0	1938
18284	1943	13	1	5	0	1962
18285	16	3	1	1947	0	1967
18286	6	3	1940	13	0	1962
18287	4	0	16	1917	0	1937
18288	1914	2	2	14	0	1932
18289	13	1900	0	6	0	1919
18290	8	13	1902	1	0	1924
18291	3	3	13	1867	0	1886
18292	2	3	1916	15	0	1936
18293	3	1901	13	6	0	1923
18294	1891	10	4	3	0	1908
18295	14	5	1	1895	0	1915
18296	3	2	1910	16	0	1931
18297	3	3	1829	8	0	1843
18298	1932	1	17	3	0	1953
18299	15	7	4	1960	0	1986
18300	7	1	2	1958	0	1968
18301	3	5	1954	16	0	1978
18302	1	4	1951	2	0	1958
18303	1	2038	17	1	0	2057
18304	4	14	5	2055	0	2078
18305	3	4	5	2057	0	2069
18306	2	2051	2	16	0	2071
18307	3	15	2053	4	0	2075
18308	1986	3	16	4	0	2009
18309	16	3	6	2081	0	2106
18310	7	2	2115	17	0	2141
18311	6	2	14	2051	0	2073
18312	0	2105	5	17	0	2127
18313	6	14	2090	4	0	2114
18314	2018	4	16	8	0	2046
18315	16	1	2119	1	0	2137
18316	6	1	2036	5	0	2048
18317	4	0	2027	4	0	2035
18318	2	5	2175	4	0	2186
18319	4	2	26	2227	0	2259
18320	3	1	2356	17	0	2377
18321	1	3	25	2290	0	2319
18322	5	2362	7	26	0	2400
18323	2510	23	4	8	0	2545
18324	36	5	4	2564	0	2609
18325	9	5	2541	41	0	2596
18326	5	2531	40	12	0	2588
18327	6	36	7	2564	0	2613
18328	2555	10	8	39	0	2612
18329	34	2570	5	15	0	2624
18330	8	34	3	2606	0	2651
18331	2606	10	6	45	0	2667
18332	38	4	2600	7	0	2649
18333	2556	3	33	8	0	2600
18334	38	0	2630	2	0	2670
18335	2495	1	41	4	0	2541
18336	2537	1	11	4	0	2553
18337	41	0	2516	3	0	2560
18338	11	2455	29	5	0	2500
18339	7	41	14	2389	0	2451
18340	2	6	2508	36	0	2552
18341	1	7	32	2415	0	2455
18342	5	3	8	2444	0	2460
18343	1	3	2480	44	0	2528
18344	2	1	2462	16	0	2481
18345	3	3	37	2498	0	2541
18346	2531	1	15	38	0	2585
18347	38	2499	8	12	0	2557
18348	13	2539	3	5	0	2560
18349	2551	43	0	5	0	2599
18350	2612	11	1	5	0	2629
18351	49	6	5	2569	0	2629
18352	16	5	3	2604	0	2628
18353	7	2	3	2633	0	2645
18354	2571	0	3	51	0	2625
18355	36	2446	0	20	0	2502
18356	8	2544	3	8	0	2563
18357	6	46	5	2523	0	2580
18358	3	13	3	2573	0	2592
18359	3	4	4	2570	0	2581
18360	2525	1	2	51	0	2579
18361	34	2550	2	22	0	2608
18362	2615	38	2	8	0	2663
18363	49	13	2617	3	0	2682
18364	18	2645	41	4	0	2708
18365	6	41	15	2635	0	2697
18366	2625	15	9	44	0	2693
18367	46	8	2610	17	0	2681
18368	19	5	2651	8	0	2683
18369	6	5	50	2641	0	2702
18370	6	2	21	2674	0	2703
18371	3	0	10	2636	0	2649
18372	2	3	5	2558	0	2568
18373	7	2	3	2570	0	2582
18374	8	2471	1	71	0	2551
18375	5	40	4	2491	0	2540
18376	2456	14	8	51	0	2529
18377	37	2492	4	25	0	2558
18378	2481	41	1	24	0	2547
18379	50	14	2418	11	0	2493
18380	19	10	2456	7	0	2492
18381	12	4	49	2577	0	2642
18382	5	7	3126	45	0	3183
18383	5	4	81	3114	0	3204
18384	4	2	38	3144	0	3188
18385	3251	3	12	116	0	3382
18386	3294	4	6	49	0	3353
18387	115	3410	9	18	0	3552
18388	46	3598	7	11	0	3662
18389	18	126	2	3574	0	3720
18390	3610	51	3	101	0	3765
18391	97	17	3636	48	0	3798
18392	45	9	102	3632	0	3788
18393	15	10	42	3698	0	3765
18394	11	2	3618	141	0	3772
18395	10	3595	103	59	0	3767
18396	5	103	45	3583	0	3736
18397	8	45	3637	117	0	3807
18398	8	13	105	3629	0	3755
18399	3461	8	53	115	0	3637
18400	102	3465	16	56	0	3639
18401	40	3591	11	26	0	3668
18402	13	133	11	3527	0	3684
18403	3404	54	9	112	0	3579
18404	101	3460	12	54	0	3627
18405	3496	106	15	25	0	3642
18406	110	48	3465	29	0	3652
18407	55	18	3580	23	0	3676
18408	29	20	147	3457	0	3653
18409	20	21	44	3669	0	3754
18410	3532	13	19	164	0	3728
18411	126	10	13	3560	0	3709
18412	61	21	3518	129	0	3729
18413	30	22	108	3543	0	3703
18414	23	22	51	3640	0	3736
18415	18	15	3451	165	0	3649
18416	3380	11	120	78	0	3589
18417	112	9	60	3478	0	3659
18418	3358	7	20	141	0	3526
18419	106	3194	25	80	0	3405
18420	3179	102	26	37	0	3344
18421	108	3084	16	42	0	3250
18422	47	3171	17	43	0	3278
18423	38	145	35	2923	0	3141
18424	2907	50	27	105	0	3089
18425	2949	25	10	53	0	3037
18426	132	25	12	2860	0	3029
18427	2891	29	9	98	0	3027
18428	2910	19	7	62	0	2998
18429	143	23	8	2856	0	3030
18430	2802	26	11	97	0	2936
18431	99	2851	17	65	0	3032
18432	2874	88	19	30	0	3011
18433	111	36	2816	37	0	3000
18434	2944	11	85	42	0	3082
18435	112	9	41	2948	0	3110
18436	63	9	13	3031	0	3116
18437	31	6	17	3056	0	3110
18438	29	8	22	3037	0	3096
18439	24	14	11	3016	0	3065
18440	28	2729	14	147	0	2918
18441	20	2937	25	67	0	3049
18442	2911	105	16	42	0	3074
18443	106	42	2878	41	0	3067
18444	2879	27	83	35	0	3024
18445	108	29	2887	33	0	3057
18446	66	21	84	2858	0	3029
18447	36	25	40	2946	0	3047
18448	2855	23	9	137	0	3024
18449	114	28	2802	64	0	3008
18450	73	18	90	2836	0	3017
18451	43	15	2914	105	0	3077
18452	44	2952	84	60	0	3140
18453	47	83	46	3014	0	3190
18454	3034	39	19	114	0	3206
18455	3011	10	18	72	0	3111
18456	3119	20	15	37	0	3191
18457	137	2986	14	53	0	3190
18458	73	3145	15	40	0	3273
18459	2922	125	28	35	0	3110
18460	117	3074	15	31	0	3237
18461	39	3130	20	55	0	3244
18462	40	122	2996	46	0	3204
18463	29	2975	91	48	0	3143
18464	35	3000	41	35	0	3111
18465	24	128	14	2987	0	3153
18466	20	65	2983	102	0	3170
18467	34	33	2942	54	0	3063
18468	2882	35	115	21	0	3053
18469	107	27	2980	24	0	3138
18470	3001	18	111	24	0	3154
18471	102	26	60	2967	0	3155
18472	66	3014	21	99	0	3200
18473	3100	90	22	75	0	3287
18474	3241	39	25	35	0	3340
18475	134	16	27	3173	0	3350
18476	69	16	28	3235	0	3348
18477	39	10	32	3258	0	3339
18478	3163	19	10	139	0	3331
18479	3027	24	14	70	0	3135
18480	3205	25	9	35	0	3274
18481	147	2954	12	29	0	3142
18482	2464	46	8	10	0	2528
18483	63	2356	7	21	0	2447
18484	36	2382	4	18	0	2440
18485	26	97	13	2185	0	2321
18486	24	2202	11	39	0	2276
18487	2022	28	16	12	0	2078
18488	44	12	1	1982	0	2039
18489	1929	11	7	24	0	1971
18490	31	1861	4	10	0	1906
18491	12	1908	4	8	0	1932
18492	1939	31	4	8	0	1982
18493	24	1979	8	10	0	2021
18494	12	23	5	2020	0	2060
18495	18	11	3	2028	0	2060
18496	2042	6	1	29	0	2078
18497	26	3	3	2056	0	2088
18498	10	6	2090	26	0	2132
18499	4	8	22	2101	0	2135
18500	2155	5	7	26	0	2193
18501	24	2219	3	9	0	2255
18502	2356	24	2	10	0	2392
18503	2333	6	3	9	0	2351
18504	2378	5	0	8	0	2391
18505	33	10	2362	6	0	2411
18506	16	5	2288	6	0	2315
18507	2259	5	25	6	0	2295
18508	28	2297	9	3	0	2337
18509	11	28	7	2297	0	2343
18510	7	9	7	2306	0	2329
18511	15	2222	1	29	0	2267
18512	9	2276	3	13	0	2301
18513	4	27	9	2288	0	2328
18514	5	9	8	2308	0	2330
18515	10	7	2266	32	0	2315
18516	5	14	2174	7	0	2200
18517	2242	5	29	11	0	2287
18518	2336	1	10	14	0	2361
18519	33	9	8	2315	0	2365
18520	10	9	2321	24	0	2364
18521	11	2	25	2312	0	2350
18522	2301	4	7	33	0	2345
18523	28	7	2308	16	0	2359
18524	11	2	28	2357	0	2398
18525	12	5	2354	33	0	2404
18526	18	2335	26	14	0	2393
18527	8	26	2352	12	0	2398
18528	12	13	27	2340	0	2392
18529	2352	3	18	33	0	2406
18530	33	10	5	2380	0	2428
18531	2359	8	9	27	0	2403
18532	2383	5	2	19	0	2409
18533	2314	5	6	7	0	2332
18534	40	5	2254	7	0	2306
18535	2280	5	28	8	0	2321
18536	35	3	11	2297	0	2346
18537	17	7	5	2311	0	2340
18538	8	7	2264	32	0	2311
18539	13	3	25	2277	0	2318
18540	2290	6	9	33	0	2338
18541	27	2324	4	18	0	2373
18542	2357	26	11	9	0	2403
18543	2375	8	3	15	0	2401
18544	2402	6	2	13	0	2423
18545	29	7	10	2386	0	2432
18546	16	2	2418	32	0	2468
18547	19	1	27	2474	0	2521
18548	15	4	10	2503	0	2532
18549	2502	2	6	41	0	2551
18550	2456	5	10	12	0	2483
18551	41	3	2372	16	0	2432
18552	14	5	30	2358	0	2407
18553	14	4	2389	33	0	2440
18554	2440	2	36	14	0	2492
18555	39	2642	19	12	0	2712
18556	2620	36	5	12	0	2673
18557	39	2709	11	10	0	2769
18558	2692	40	5	13	0	2750
18559	44	2717	8	5	0	2774
18560	24	37	4	2697	0	2762
18561	12	19	3	2753	0	2787
18562	2734	6	5	51	0	2796
18563	2725	10	4	21	0	2760
18564	2747	4	5	13	0	2769
18565	2669	7	4	12	0	2692
18566	2719	6	3	9	0	2737
18567	62	4	6	2642	0	2714
18568	28	2622	4	52	0	2706
18569	20	38	2	2576	0	2636
18570	21	2591	3	45	0	2660
18571	15	51	6	2532	0	2604
18572	18	2552	2	45	0	2617
18573	14	42	3	2539	0	2598
18574	16	19	2437	43	0	2515
18575	2390	6	41	24	0	2461
18576	45	2446	15	10	0	2516
18577	2432	41	7	25	0	2505
18578	46	12	2417	15	0	2490
18579	2373	9	42	10	0	2434
18580	52	14	2496	11	0	2573
18581	25	8	47	2497	0	2577
18582	13	2699	17	55	0	2784
18583	18	51	2718	12	0	2799
18584	13	18	54	2764	0	2849
18585	2708	11	20	62	0	2801
18586	57	16	11	2797	0	2881
18587	22	11	12	2840	0	2885
18588	17	9	7	2884	0	2917
18589	23	8	2798	70	0	2899
18590	14	10	51	2773	0	2848
18591	12	2744	17	72	0	2845
18592	14	47	6	2770	0	2837
18593	17	13	10	2758	0	2798
18594	2700	9	2	76	0	2787
18595	59	7	6	2757	0	2829
18596	24	4	2766	68	0	2862
18597	15	3	2763	36	0	2817
18598	15	8	2727	17	0	2767
18599	7	2711	63	25	0	2806
18600	2640	55	50	18	0	2763
18601	59	2627	11	16	0	2713
18602	2557	54	12	7	0	2630
18603	58	21	7	2518	0	2604
18604	24	9	2561	54	0	2648
18605	14	11	2527	20	0	2572
18606	15	2625	69	12	0	2721
18607	10	65	24	2614	0	2713
18608	15	22	11	2665	0	2713
18609	11	12	9	2690	0	2722
18610	10	9	2633	81	0	2733
18611	2531	9	64	35	0	2639
18612	62	8	2664	19	0	2753
18613	21	9	68	2626	0	2724
18614	16	6	26	2721	0	2769
18615	12	10	2655	83	0	2760
18616	2564	5	66	38	0	2673
18617	58	2665	22	32	0	2777
18618	2660	55	22	23	0	2760
18619	72	20	14	2623	0	2729
18620	30	2653	13	67	0	2763
18621	17	62	10	2692	0	2781
18622	2678	27	7	79	0	2791
18623	64	10	12	2659	0	2745
18624	28	14	2592	70	0	2704
18625	2559	11	57	42	0	2669
18626	2629	13	32	19	0	2693
18627	78	6	2570	30	0	2684
18628	29	16	67	2558	0	2670
18629	2607	9	24	66	0	2706
18630	79	8	13	2573	0	2673
18631	38	13	18	2553	0	2622
18632	26	6	12	2577	0	2621
18633	22	5	14	2574	0	2615
18634	17	11	2464	97	0	2589
18635	13	6	66	2494	0	2579
18636	11	12	2466	89	0	2578
18637	2437	7	65	44	0	2553
18638	2509	6	33	35	0	2583
18639	2503	8	20	30	0	2561
18640	2516	4	15	28	0	2563
18641	90	8	17	2402	0	2517
18642	2371	2	14	80	0	2467
18643	81	9	2336	36	0	2462
18644	36	4	2318	34	0	2392
18645	2232	5	72	28	0	2337
18646	76	2197	32	21	0	2326
18647	31	2217	22	17	0	2287
18648	26	61	20	2171	0	2278
18649	24	27	2162	63	0	2276
18650	2104	16	56	31	0	2207
18651	69	11	2169	16	0	2265
18652	26	2094	59	22	0	2201
18653	24	43	2074	14	0	2155
18654	21	1969	51	15	0	2056
18655	1762	55	32	14	0	1863
18656	45	1753	17	16	0	1831
18657	14	1681	10	11	0	1716
18658	16	48	11	1645	0	1720
18659	15	12	1640	39	0	1706
18660	7	21	37	1617	0	1682
18661	9	11	16	1649	0	1685
18662	9	4	1614	52	0	1679
18663	9	5	44	1576	0	1634
18664	11	1573	14	50	0	1648
18665	7	36	18	1621	0	1682
18666	1612	14	7	46	0	1679
18667	38	7	13	1620	0	1678
18668	13	14	1611	53	0	1691
18669	17	3	38	1633	0	1691
18670	7	7	1608	53	0	1675
18671	1602	6	47	18	0	1673
18672	43	5	16	1653	0	1717
18673	1645	3	19	44	0	1711
18674	47	3	1629	18	0	1697
18675	1580	5	37	19	0	1641
18676	42	1653	18	15	0	1728
18677	23	32	1662	14	0	1731
18678	11	22	43	1657	0	1733
18679	14	8	1691	40	0	1753
18680	13	1565	39	16	0	1633
18681	5	1661	19	17	0	1702
18682	1427	34	11	5	0	1477
18683	31	1546	5	14	0	1596
18684	1538	36	12	3	0	1589
18685	44	11	3	1564	0	1622
18686	14	6	1556	41	0	1617
18687	11	1568	37	13	0	1629
18688	6	37	16	1575	0	1634
18689	9	12	8	1645	0	1674
18690	5	9	10	1670	0	1694
18691	4	7	9	1637	0	1657
18692	9	1557	1	57	0	1624
18693	3	1628	10	22	0	1663
18694	1549	45	6	13	0	1613
18695	39	1550	4	8	0	1601
18696	12	33	5	1473	0	1523
18697	9	14	1463	34	0	1520
18698	8	1464	30	14	0	1516
18699	6	33	9	1452	0	1500
18700	4	14	7	1450	0	1475
18701	3	1427	5	35	0	1470
18702	1395	29	2	15	0	1441
18703	25	13	1395	11	0	1444
18704	1320	4	26	5	0	1355
18705	25	1346	8	2	0	1381
18706	1234	20	3	6	0	1263
18707	22	1267	5	3	0	1297
18708	9	27	2	1340	0	1378
18709	7	15	0	1364	0	1386
18710	1338	7	4	31	0	1380
18711	26	5	2	1352	0	1385
18712	11	5	1342	29	0	1387
18713	6	1304	20	14	0	1344
18714	5	1335	9	5	0	1354
18715	1	33	3	1321	0	1358
18716	1	9	1329	29	0	1368
18717	3	5	22	1310	0	1340
18718	2	3	11	1331	0	1347
18719	3	1	1300	32	0	1336
18720	2	4	1280	10	0	1296
18721	2	1305	26	5	0	1338
18722	1317	23	10	3	0	1353
18723	25	9	5	1295	0	1334
18724	8	1280	2	24	0	1314
18725	1306	22	2	13	0	1343
18726	25	7	3	1307	0	1342
18727	9	4	4	1309	0	1326
18728	2	1287	3	35	0	1327
18729	2	29	3	1279	0	1313
18730	1287	10	1	29	0	1327
18731	23	7	2	1297	0	1329
18732	10	2	4	1319	0	1335
18733	3	2	1274	36	0	1315
18734	3	5	1223	17	0	1248
18735	1279	4	30	6	0	1319
18736	23	3	14	1271	0	1311
18737	10	4	4	1284	0	1302
18738	7	3	0	1299	0	1309
18739	2	1	1254	37	0	1294
18740	1245	2	25	13	0	1285
18741	24	6	9	1261	0	1300
18742	11	1	3	1287	0	1302
18743	1252	2	2	35	0	1291
18744	22	1253	2	18	0	1295
18745	9	23	1241	10	0	1283
18746	5	8	26	1200	0	1239
18747	5	1232	12	30	0	1279
18748	3	22	2	1258	0	1285
18749	1226	9	7	32	0	1274
18750	29	3	6	1231	0	1269
18751	1208	5	3	32	0	1248
18752	1205	5	5	13	0	1228
18753	32	4	3	1186	0	1225
18754	11	1170	3	27	0	1211
18755	5	1206	5	17	0	1233
18756	7	25	1206	8	0	1246
18757	4	13	23	1150	0	1190
18758	4	5	8	1220	0	1237
18759	8	2	5	1221	0	1236
18760	1192	4	3	40	0	1239
18761	25	7	3	1203	0	1238
18762	12	5	1219	31	0	1267
18763	1215	4	25	17	0	1261
18764	25	6	12	1286	0	1329
18765	11	4	4	1306	0	1325
18766	7	1	1281	39	0	1328
18767	1263	4	21	17	0	1305
18768	27	4	7	1299	0	1337
18769	13	1	1327	29	0	1370
18770	9	5	19	1328	0	1361
18771	6	6	9	1257	0	1278
18772	3	1305	8	26	0	1342
18773	1308	23	4	16	0	1351
18774	1305	10	2	12	0	1329
18775	31	1287	2	11	0	1331
18776	1272	23	7	8	0	1310
18777	1254	9	3	9	0	1275
18778	27	4	3	1258	0	1292
18779	15	2	1214	24	0	1255
18780	9	2	1168	13	0	1192
18781	3	1	1162	13	0	1179
18782	6	0	1197	4	0	1207
18783	8	19	25	1049	0	1101
18784	3	6	14	1107	0	1130
18785	0	3	5	1087	0	1095
18786	3	3	4	1104	0	1114
18787	1104	3	2	31	0	1140
18788	21	1136	2	13	0	1172
18789	1155	15	2	6	0	1178
18790	18	4	1151	10	0	1183
18791	9	4	1219	2	0	1234
18792	3	10	21	1236	0	1270
18793	1257	0	18	18	0	1293
18794	1226	1	3	13	0	1243
18795	22	1226	8	4	0	1260
18796	4	1272	4	7	0	1287
18797	6	18	4	1261	0	1289
18798	1275	3	3	18	0	1299
18799	14	1284	3	7	0	1308
18800	1307	16	3	6	0	1332
18801	1305	4	1	10	0	1320
18802	1323	2	1	2	0	1328
18803	22	5	1315	2	0	1344
18804	11	1325	15	3	0	1354
18805	1321	15	6	4	0	1346
18806	1327	3	2	4	0	1336
18807	22	1265	4	3	0	1294
18808	5	1205	1	0	0	1211
18809	1213	13	0	1	0	1227
18810	13	3	0	1201	0	1217
18811	3	3	1208	11	0	1225
18812	1178	7	9	2	0	1196
18813	16	3	1	1204	0	1224
18814	7	1234	0	14	0	1255
18815	3	12	3	1271	0	1289
18816	5	2	1279	11	0	1297
18817	2	1	12	1252	0	1267
18818	1315	5	1	15	0	1336
18819	15	1	1	1340	0	1357
18820	4	1	3	1351	0	1359
18821	0	3	1392	18	0	1413
18822	6	4	12	1350	0	1372
18823	3	1381	1	17	0	1402
18824	1381	11	2	7	0	1401
18825	1372	1	5	3	0	1381
18826	17	1	1398	5	0	1421
18827	2	4	11	1379	0	1396
18828	3	1371	2	14	0	1390
18829	5	1410	3	3	0	1421
18830	1412	12	3	4	0	1431
18831	13	2	1	1435	0	1451
18832	4	3	1416	15	0	1438
18833	2	4	1407	6	0	1419
18834	5	1	14	1443	0	1463
18835	1438	1	3	17	0	1459
18836	1435	2	4	3	0	1444
18837	15	3	4	1483	0	1505
18838	5	0	1518	16	0	1539
18839	5	1517	12	6	0	1540
18840	1536	13	2	1	0	1552
18841	14	1539	2	5	0	1560
18842	1554	15	4	3	0	1576
18843	13	6	3	1553	0	1575
18844	7	1	1564	16	0	1588
18845	1	3	13	1546	0	1563
18846	1565	2	7	14	0	1588
18847	16	3	1575	8	0	1602
18848	8	1593	13	4	0	1618
18849	5	15	3	1612	0	1635
18850	1616	2	3	16	0	1637
18851	14	0	1634	5	0	1653
18852	3	6	15	1651	0	1675
18853	4	4	1	1687	0	1696
18854	11	3	1687	14	0	1715
18855	6	4	16	1664	0	1690
18856	4	3	1685	19	0	1711
18857	1650	2	13	15	0	1680
18858	14	4	8	1744	0	1770
18859	6	3	1817	21	0	1847
18860	7	1839	18	5	0	1869
18861	1904	16	5	4	0	1929
18862	2026	4	5	5	0	2040
18863	26	1	8	2246	0	2281
18864	7	2282	4	28	0	2321
18865	2321	28	4	9	0	2362
18866	36	13	0	2322	0	2371
18867	11	7	2311	34	0	2363
18868	2252	6	32	14	0	2304
18869	33	2262	9	14	0	2318
18870	17	29	10	2296	0	2352
18871	2301	12	6	33	0	2352
18872	39	6	2265	14	0	2324
18873	15	6	2289	10	0	2320
18874	12	4	35	2246	0	2297
18875	9	2	2335	34	0	2380
18876	9	4	37	2286	0	2336
18877	6	2292	15	36	0	2349
18878	5	33	9	2383	0	2430
18879	2362	8	7	48	0	2425
18880	33	8	2363	15	0	2419
18881	10	2394	37	15	0	2456
18882	8	32	10	2379	0	2429
18883	8	12	2422	37	0	2479
18884	6	10	33	2311	0	2360
18885	6	2321	12	37	0	2376
18886	5	2388	14	11	0	2418
18887	2322	36	4	13	0	2375
18888	27	2373	8	9	0	2417
18889	7	32	2295	8	0	2342
18890	2178	19	29	4	0	2230
18891	27	11	2308	4	0	2350
18892	12	5	32	2180	0	2229
18893	8	7	2295	28	0	2338
18894	3	2309	34	7	0	2353
18895	5	26	11	2311	0	2353
18896	5	6	11	2298	0	2320
18897	2	8	5	2262	0	2277
18898	3	3	2273	38	0	2317
18899	4	6	26	2243	0	2279
18900	3	3	9	2294	0	2309
18901	2253	4	7	36	0	2300
18902	2262	1	7	20	0	2290
18903	31	4	2250	14	0	2299
18904	14	2234	31	8	0	2287
18905	9	26	2244	8	0	2287
18906	4	9	30	2273	0	2316
18907	7	9	2315	28	0	2359
18908	7	2	34	2299	0	2342
18909	3	3	13	2369	0	2388
18910	3	4	2348	35	0	2390
18911	2163	3	31	24	0	2221
18912	27	2379	14	13	0	2433
18913	8	27	10	2386	0	2431
18914	3	11	2451	30	0	2495
18915	4	8	2349	14	0	2375
18916	2333	5	31	9	0	2378
18917	24	2389	15	6	0	2434
18918	8	28	8	2420	0	2464
18919	2474	10	6	25	0	2515
18920	25	6	9	2461	0	2501
18921	10	3	4	2502	0	2519
18922	9	3	2509	36	0	2557
18923	2420	4	26	22	0	2472
18924	2541	3	8	12	0	2564
18925	35	3	8	2531	0	2577
18926	2536	3	3	32	0	2574
18927	35	2	6	2520	0	2563
18928	14	2446	7	38	0	2505
18929	15	2554	6	14	0	2589
18930	8	30	3	2571	0	2612
18931	2545	19	6	30	0	2600
18932	31	9	2	2559	0	2601
18933	2569	3	1	39	0	2612
18934	2580	6	5	18	0	2609
18935	37	5	4	2571	0	2617
18936	21	3	2	2624	0	2650
18937	16	0	2551	41	0	2608
18938	13	2	2573	22	0	2610
18939	11	3	43	2580	0	2637
18940	6	4	2729	42	0	2781
18941	2699	7	42	20	0	2768
18942	33	6	15	2894	0	2948
18943	10	2	3045	50	0	3107
18944	3035	4	51	24	0	3114
18945	3334	2	19	18	0	3373
18946	85	3478	14	8	0	3585
18947	41	55	6	3547	0	3649
18948	16	24	3585	70	0	3695
18949	3575	11	63	32	0	3681
18950	3708	4	31	13	0	3756
18951	87	8	3667	6	0	3768
18952	3673	5	64	14	0	3756
18953	77	4	32	3640	0	3753
18954	39	3	15	3695	0	3752
18955	3644	6	6	86	0	3742
18956	3666	2	13	47	0	3728
18957	97	7	15	3640	0	3759
18958	53	3	3622	68	0	3746
18959	26	3549	60	39	0	3674
18960	17	64	3573	26	0	3680
18961	22	25	3536	15	0	3598
18962	17	3420	87	19	0	3543
18963	35	56	46	3092	0	3229
18964	15	21	11	3149	0	3196
18965	10	7	3122	61	0	3200
18966	9	1	48	3085	0	3143
18967	3110	6	22	60	0	3198
18968	58	6	3142	30	0	3236
18969	3144	2	51	18	0	3215
18970	3224	0	28	9	0	3261
18971	3244	5	10	11	0	3270
18972	75	6	3157	8	0	3246
18973	25	7	3193	15	0	3240
18974	14	6	74	3163	0	3257
18975	12	9	26	3095	0	3142
18976	13	3185	5	75	0	3278
18977	3177	49	11	28	0	3265
18978	3171	18	12	17	0	3218
18979	71	3171	9	17	0	3268
18980	3172	48	8	15	0	3243
18981	62	3150	8	11	0	3231
18982	3204	51	9	10	0	3274
18983	73	18	5	3113	0	3209
18984	33	8	3138	46	0	3225
18985	21	6	3113	22	0	3162
18986	11	15	69	3084	0	3179
18987	13	1	33	3152	0	3199
18988	7	9	3081	78	0	3175
18989	10	7	50	3033	0	3100
18990	14	8	23	3019	0	3064
18991	3026	4	17	73	0	3120
18992	3062	6	6	34	0	3108
18993	3028	10	8	18	0	3064
18994	77	7	2946	10	0	3040
18995	29	2969	51	15	0	3064
18996	27	42	26	3018	0	3113
18997	15	20	3086	52	0	3173
18998	13	3079	56	28	0	3176
18999	3121	47	35	23	0	3226
19000	52	23	14	3142	0	3231
19001	29	4	10	3201	0	3244
19002	3140	7	9	82	0	3238
19003	59	6	10	3154	0	3229
19004	36	5	9	3179	0	3229
19005	3182	4	5	78	0	3269
19006	62	6	3132	34	0	3234
19007	34	3118	51	6	0	3209
19008	3148	51	26	14	0	3239
19009	53	20	3160	20	0	3253
19010	3109	10	54	22	0	3195
19011	60	3194	34	9	0	3297
19012	3148	55	12	12	0	3227
19013	3163	19	8	19	0	3209
19014	3103	11	7	14	0	3135
19015	81	2	8	3030	0	3121
19016	36	11	6	3067	0	3120
19017	23	3020	4	80	0	3127
19018	22	3071	8	26	0	3127
19019	17	3073	6	16	0	3112
19020	3054	63	14	11	0	3142
19021	55	23	2996	7	0	3081
19022	30	8	50	2967	0	3055
19023	13	4	24	3003	0	3044
19024	11	2973	10	65	0	3059
19025	14	51	6	3002	0	3073
19026	15	22	7	2989	0	3033
19027	14	3003	3	71	0	3091
19028	3017	47	7	27	0	3098
19029	51	3028	3	12	0	3094
19030	17	53	2981	14	0	3065
19031	2946	24	44	11	0	3025
19032	49	3010	17	10	0	3086
19033	3007	51	8	6	0	3072
19034	49	20	6	2981	0	3056
19035	23	3	11	2992	0	3029
19036	13	10	2947	63	0	3033
19037	15	8	2943	25	0	2991
19038	7	24	52	2888	0	2971
19039	2880	4	21	43	0	2948
19040	2765	4	8	24	0	2801
19041	56	2759	7	11	0	2833
19042	19	2701	7	7	0	2734
19043	7	2602	3	6	0	2618
19044	53	78	45	2377	0	2553
19045	2306	9	43	30	0	2388
19046	2322	3	0	8	0	2333
19047	2306	4	2	1	0	2313
19048	31	4	2265	3	0	2303
19049	10	2762	22	3	0	2797
19050	6	26	8	3094	0	3134
19051	3233	9	0	38	0	3280
19052	44	2	0	3339	0	3385
19053	10	2	2	3552	0	3566
19054	3537	3	1	63	0	3604
19055	3856	2	2	19	0	3879
19056	76	1	3881	7	0	3965
19057	20	4	64	3888	0	3976
19058	10	1	3835	73	0	3919
19059	11	3	73	3839	0	3926
19060	6	1	3826	76	0	3909
19061	6	8	72	3803	0	3889
19062	3717	4	24	82	0	3827
19063	69	3726	9	28	0	3832
19064	22	3860	7	14	0	3903
19065	14	84	7	3609	0	3714
19066	8	3923	7	63	0	4001
19067	3910	77	3	27	0	4017
19068	3896	23	10	5	0	3934
19069	91	7	3792	14	0	3904
19070	27	3790	73	11	0	3901
19071	13	74	19	3839	0	3945
19072	14	21	3809	71	0	3915
19073	3796	7	76	30	0	3909
19074	78	15	21	3815	0	3929
19075	26	11	3847	77	0	3961
19076	18	13	69	3849	0	3949
19077	3846	7	27	79	0	3959
19078	75	15	3812	29	0	3931
19079	3794	5	77	19	0	3895
19080	3889	11	23	11	0	3934
19081	99	5	13	3806	0	3923
19082	34	6	3778	75	0	3893
19083	18	10	3764	25	0	3817
19084	3719	9	86	21	0	3835
19085	3820	6	28	18	0	3872
19086	91	7	3758	17	0	3873
19087	41	9	77	3749	0	3876
19088	22	3	27	3729	0	3781
19089	28	3759	19	83	0	3889
19090	14	71	16	3790	0	3891
19091	3783	18	14	93	0	3908
19092	89	11	15	3783	0	3898
19093	38	9	3739	92	0	3878
19094	3700	5	82	36	0	3823
19095	83	6	31	3699	0	3819
19096	36	8	3681	84	0	3809
19097	27	3586	80	38	0	3731
19098	3536	70	32	20	0	3658
19099	89	3605	16	23	0	3733
19100	3607	74	17	31	0	3729
19101	88	30	3568	17	0	3703
19102	36	3457	75	27	0	3595
19103	26	3599	31	23	0	3679
19104	25	88	19	3497	0	3629
19105	23	32	20	3575	0	3650
19106	24	19	3478	104	0	3625
19107	16	17	85	3484	0	3602
19108	3476	13	26	96	0	3611
19109	79	15	3412	42	0	3548
19110	34	13	88	3425	0	3560
19111	28	18	3383	92	0	3521
19112	3355	13	88	40	0	3496
19113	87	3403	41	29	0	3560
19114	3403	76	27	35	0	3541
19115	3498	28	22	26	0	3574
19116	3513	25	25	24	0	3587
19117	117	25	3331	20	0	3493
19118	44	3343	86	31	0	3504
19119	31	83	35	3355	0	3504
19120	38	30	24	3525	0	3617
19121	3597	20	26	107	0	3750
19122	111	16	20	3628	0	3775
19123	3639	18	26	113	0	3796
19124	3685	12	25	52	0	3774
19125	3687	12	25	40	0	3764
19126	3711	16	23	24	0	3774
19127	138	17	15	3582	0	3752
19128	3592	9	20	108	0	3729
19129	130	14	3496	37	0	3677
19130	3503	13	94	48	0	3658
19131	3626	10	41	22	0	3699
19132	137	19	3437	54	0	3647
19133	3523	10	85	23	0	3641
19134	3618	9	37	27	0	3691
19135	137	14	25	3504	0	3680
19136	64	9	29	3559	0	3661
19137	3458	32	23	123	0	3636
19138	141	9	16	3474	0	3640
19139	60	8	19	3466	0	3553
19140	54	3370	14	121	0	3559
19141	41	71	22	3391	0	3525
19142	3347	23	18	107	0	3495
19143	113	17	14	3300	0	3444
19144	52	10	18	3275	0	3355
19145	48	3141	11	117	0	3317
19146	35	72	19	3057	0	3183
19147	44	14	18	3062	0	3138
19148	2917	17	12	108	0	3054
19149	95	31	14	2361	0	2501
19150	31	11	2033	77	0	2152
19151	29	1820	54	31	0	1934
19152	15	1753	19	21	0	1808
19153	1576	47	14	21	0	1658
19154	50	1595	11	18	0	1674
19155	1279	34	34	13	0	1360
19156	38	1276	2	12	0	1328
19157	1300	36	3	8	0	1347
19158	32	12	2	1326	0	1372
19159	13	9	2	1344	0	1368
19160	16	1329	0	39	0	1384
19161	11	31	1	1353	0	1396
19162	7	10	1361	42	0	1420
19163	1333	8	29	12	0	1382
19164	35	1443	7	11	0	1496
19165	1407	39	4	6	0	1456
19166	1424	13	3	6	0	1446
19167	1456	5	1	8	0	1470
19168	54	5	3	1397	0	1459
19169	21	3	3	1411	0	1438
19170	8	1378	1	55	0	1442
19171	1384	42	1	17	0	1444
19172	42	1401	2	8	0	1453
19173	1397	46	1	6	0	1450
19174	51	15	1428	3	0	1497
19175	1464	6	46	7	0	1523
19176	54	4	10	1460	0	1528
19177	19	5	1454	52	0	1530
19178	10	4	1475	19	0	1508
19179	4	5	59	1480	0	1548
19180	7	2	1479	51	0	1539
19181	8	3	52	1465	0	1528
19182	1422	5	15	54	0	1496
19183	55	2	5	1443	0	1505
19184	15	2	1428	54	0	1499
19185	10	1385	49	20	0	1464
19186	4	1449	16	13	0	1482
19187	7	61	7	1394	0	1469
19188	1409	17	5	48	0	1479
19189	49	4	4	1412	0	1469
19190	19	3	5	1447	0	1474
19191	8	2	4	1464	0	1478
19192	6	4	5	1463	0	1478
19193	6	2	1414	70	0	1492
19194	8	2	1414	23	0	1447
19195	1409	2	60	10	0	1481
19196	1446	3	18	10	0	1477
19197	63	3	7	1419	0	1492
19198	23	3	4	1470	0	1500
19199	11	2	1387	66	0	1466
19200	7	1407	48	23	0	1485
19201	1402	44	17	12	0	1475
19202	1441	15	7	7	0	1470
19203	67	7	4	1397	0	1475
19204	21	4	1407	55	0	1487
19205	11	0	46	1404	0	1461
19206	7	1399	16	55	0	1477
19207	5	45	1410	21	0	1481
19208	1409	15	47	13	0	1484
19209	49	7	15	1431	0	1502
19210	1446	4	10	54	0	1514
19211	55	2	1407	20	0	1484
19212	1425	3	46	11	0	1485
19213	55	3	17	1417	0	1492
19214	1415	2	6	52	0	1475
19215	51	6	2	1384	0	1443
19216	19	1334	6	53	0	1412
19217	10	1389	6	19	0	1424
19218	13	54	1	1339	0	1407
19219	8	15	1330	50	0	1403
19220	8	1272	45	19	0	1344
19221	11	36	12	1136	0	1195
19222	1112	10	8	38	0	1168
19223	1131	2	3	12	0	1148
19224	47	3	2	1110	0	1162
19225	16	4	1	1117	0	1138
19226	3	1071	3	45	0	1122
19227	5	1131	3	13	0	1152
19228	1105	44	0	10	0	1159
19229	36	12	3	1103	0	1154
19230	12	5	3	1136	0	1156
19231	6	2	1102	48	0	1158
19232	3	3	35	1105	0	1146
19233	4	3	10	1122	0	1139
19234	5	2	5	1135	0	1147
19235	5	2	1103	48	0	1158
19236	3	2	34	1122	0	1161
19237	1109	2	14	38	0	1163
19238	36	2	1089	16	0	1143
19239	1139	3	35	10	0	1187
19240	37	4	11	1152	0	1204
19241	12	1	5	1221	0	1239
19242	4	1	4	1246	0	1255
19243	4	1	1180	51	0	1236
19244	1170	0	37	19	0	1226
19245	36	1245	12	6	0	1299
19246	1246	35	6	6	0	1293
19247	37	1263	0	9	0	1309
19248	12	32	4	1278	0	1326
19249	1274	8	5	37	0	1324
19250	37	4	1251	14	0	1306
19251	1237	1	33	7	0	1278
19252	38	1	1290	7	0	1336
19253	12	9	35	1269	0	1325
19254	7	0	1259	35	0	1301
19255	5	1239	30	14	0	1288
19256	9	30	14	1164	0	1217
19257	1134	11	5	31	0	1181
19258	25	5	4	1100	0	1134
19259	12	1087	5	28	0	1132
19260	5	28	5	1087	0	1125
19261	1078	10	3	28	0	1119
19262	1060	1	4	10	0	1075
19263	33	1042	3	7	0	1085
19264	7	948	2	4	0	961
19265	4	14	5	930	0	953
19266	4	7	3	936	0	950
19267	919	3	3	15	0	940
19268	914	3	2	5	0	924
19269	16	920	1	5	0	942
19270	7	12	0	908	0	927
19271	2	7	2	915	0	926
19272	5	5	900	14	0	924
19273	6	894	11	6	0	917
19274	2	856	3	3	0	864
19275	2	6	1	803	0	812
19276	1	1	799	7	0	808
19277	2	4	789	0	0	795
19278	1	3	7	789	0	800
19279	1	2	1	800	0	804
19280	1	1	798	8	0	808
19281	2	2	6	808	0	818
19282	2	1	825	7	0	835
19283	863	1	5	3	0	872
19284	11	0	0	865	0	876
19285	2	2	906	11	0	921
19286	0	3	921	5	0	929
19287	1	4	18	1006	0	1029
19288	3	0	1054	16	0	1073
19289	1	1	1076	8	0	1086
19290	1	1070	20	3	0	1094
19291	1093	15	6	3	0	1117
19292	15	4	1143	6	0	1168
19293	7	0	18	1151	0	1176
19294	1	0	11	1167	0	1179
19295	1	3	3	1185	0	1192
19296	3	1	1157	25	0	1186
19297	1	4	17	1144	0	1166
19298	1141	0	13	22	0	1176
19299	16	1	3	1147	0	1167
19300	9	2	1140	20	0	1171
19301	1	1	17	1142	0	1161
19302	1164	0	14	19	0	1197
19303	1171	1	2	18	0	1192
19304	1165	1	6	5	0	1177
19305	26	1	4	1146	0	1177
19306	1157	1	3	20	0	1181
19307	1149	1	2	13	0	1165
19308	1160	0	4	2	0	1166
19309	26	1116	2	8	0	1152
19310	1127	15	4	4	0	1150
19311	24	8	4	1116	0	1152
19312	17	2	1102	17	0	1138
19313	5	1104	16	11	0	1136
19314	1119	17	12	1	0	1149
19315	17	10	1	1120	0	1148
19316	13	1	5	1102	0	1121
19317	4	1099	3	27	0	1133
19318	5	1136	4	10	0	1155
19319	1082	25	1	10	0	1118
19320	21	1091	1	10	0	1123
19321	1065	18	1	7	0	1091
19322	14	1071	4	1	0	1090
19323	1070	19	1	5	0	1095
19324	21	1079	2	2	0	1104
19325	14	1105	1	4	0	1124
19326	1098	29	1	1	0	1129
19327	21	12	1086	4	0	1123
19328	14	1091	15	2	0	1122
19329	6	24	9	1085	0	1124
19330	8	12	1	1106	0	1127
19331	4	5	5	1103	0	1117
19332	7	6	2	1108	0	1123
19333	3	4	1098	32	0	1137
19334	1081	2	16	20	0	1119
19335	16	4	10	1133	0	1163
19336	1157	0	2	27	0	1186
19337	1207	2	5	17	0	1231
19338	1226	1	4	5	0	1236
19339	1203	3	3	6	0	1215
19340	35	2	1184	8	0	1229
19341	19	2	26	1159	0	1206
19342	10	2	1165	26	0	1203
19343	11	1156	26	15	0	1208
19344	8	31	14	1077	0	1130
19345	6	9	2	1139	0	1156
19346	1	3	8	1158	0	1170
19347	3	5	3	1129	0	1140
19348	4	3	1105	38	0	1150
19349	3	2	27	1125	0	1157
19350	1	3	13	1147	0	1164
19351	1137	3	1	44	0	1185
19352	1177	1	7	18	0	1203
19353	43	1	4	1186	0	1234
19354	17	1	2	1217	0	1237
19355	7	0	3	1232	0	1242
19356	1202	2	3	45	0	1252
19357	1232	3	3	24	0	1262
19358	1210	1	2	12	0	1225
19359	1235	3	3	11	0	1252
19360	52	1199	0	8	0	1259
19361	1220	30	4	8	0	1262
19362	1249	14	3	5	0	1271
19363	52	3	0	1196	0	1251
19364	22	6	2	1204	0	1234
19365	1181	3	1	49	0	1234
19366	37	1140	1	22	0	1200
19367	17	1201	2	14	0	1234
19368	1214	41	4	14	0	1273
19369	43	15	2	1220	0	1280
19370	24	9	2	1239	0	1274
19371	10	7	0	1262	0	1279
19372	10	6	0	1256	0	1272
19373	10	3	2	1236	0	1251
19374	10	1200	1	50	0	1261
19375	9	29	1	1215	0	1254
19376	1204	14	0	43	0	1261
19377	34	2	1	1203	0	1240
19378	16	10	1	1207	0	1234
19379	1180	5	1	50	0	1236
19380	40	1183	5	14	0	1242
19381	16	36	1	1174	0	1227
19382	8	1175	4	39	0	1226
19383	8	39	2	1155	0	1204
19384	9	19	1134	31	0	1193
19385	1050	4	19	25	0	1098
19386	21	1067	11	6	0	1105
19387	974	17	2	16	0	1009
19388	26	14	947	5	0	992
19389	21	9	20	891	0	941
19390	4	894	13	24	0	935
19391	13	912	4	16	0	945
19392	863	29	7	7	0	906
19393	23	7	2	874	0	906
19394	7	7	914	23	0	951
19395	5	2	19	934	0	960
19396	6	2	925	24	0	957
19397	898	2	19	16	0	935
19398	26	4	938	5	0	973
19399	12	3	19	926	0	960
19400	4	942	11	22	0	979
19401	7	20	1	956	0	984
19402	5	946	5	21	0	977
19403	978	22	1	10	0	1011
19404	26	8	2	1024	0	1060
19405	9	2	1035	29	0	1075
19406	6	4	1002	14	0	1026
19407	1025	2	23	8	0	1058
19408	1087	3	9	4	0	1103
19409	1076	3	2	5	0	1086
19410	1070	3	6	6	0	1085
19411	35	1054	2	6	0	1097
19412	1063	21	1	7	0	1092
19413	1082	6	3	10	0	1101
19414	32	4	1058	7	0	1101
19415	13	4	20	1058	0	1095
19416	1073	3	6	27	0	1109
19417	27	5	1051	9	0	1092
19418	13	3	20	1054	0	1090
19419	9	6	1116	23	0	1154
19420	9	4	18	1101	0	1132
19421	7	1135	6	28	0	1176
19422	1149	20	4	13	0	1186
19423	21	8	1133	9	0	1171
19424	1119	3	18	10	0	1150
19425	27	4	10	1111	0	1152
19426	1132	3	3	22	0	1160
19427	26	4	2	1146	0	1178
19428	1206	5	2	23	0	1236
19429	23	4	1180	16	0	1223
19430	1247	1	19	10	0	1277
19431	19	5	11	1254	0	1289
19432	12	1	1	1272	0	1286
19433	1238	4	3	29	0	1274
19434	24	2	5	1250	0	1281
19435	8	0	1235	24	0	1267
19436	10	3	16	1206	0	1235
19437	1159	1	5	18	0	1183
19438	18	1130	0	8	0	1156
19439	8	1131	3	3	0	1145
19440	1104	13	1	5	0	1123
19441	13	1153	3	2	0	1171
19442	11	13	2	1124	0	1150
19443	1131	6	4	12	0	1153
19444	1132	1	2	10	0	1145
19445	1129	2	1	1	0	1133
19446	12	2	1134	5	0	1153
19447	8	1	9	1122	0	1140
19448	2	1119	5	12	0	1138
19449	4	9	1	1130	0	1144
19450	2	6	1162	8	0	1178
19451	1	1119	7	8	0	1135
19452	0	5	5	1099	0	1109
19453	1066	1	1	5	0	1073
19454	4	1073	1	2	0	1080
19455	4	3	1116	0	0	1123
19456	0	2	4	1105	0	1111
19457	1	1	1124	6	0	1132
19458	1	2	5	1092	0	1100
19459	1136	0	2	8	0	1146
19460	6	1	1	1133	0	1141
19461	1143	0	0	6	0	1149
19462	1163	0	0	4	0	1167
19463	8	1177	3	1	0	1189
19464	1201	6	1	2	0	1210
19465	6	1179	2	1	0	1188
19466	3	6	1216	2	0	1227
19467	1	4	7	1233	0	1245
19468	2	1	3	1274	0	1280
19469	1	1	1254	11	0	1267
19470	2	1253	10	2	0	1267
19471	1265	9	2	2	0	1278
19472	1296	2	2	1	0	1301
19473	11	0	1	1311	0	1323
19474	5	0	2	1315	0	1322
19475	2	0	3	1339	0	1344
19476	1325	2	0	12	0	1339
19477	12	0	1304	4	0	1320
19478	5	1	1318	2	0	1326
19479	2	1	12	1344	0	1359
19480	2	1	1321	12	0	1336
19481	2	0	1324	5	0	1331
19482	2	0	13	1292	0	1307
19483	1	1	1327	12	0	1341
19484	3	1330	10	3	0	1346
19485	1	11	3	1348	0	1363
19486	3	3	1374	11	0	1391
19487	1	2	11	1367	0	1381
19488	2	1313	2	11	0	1328
19489	3	9	1	1339	0	1352
19490	2	3	1350	11	0	1366
19491	2	0	10	1320	0	1332
19492	1360	0	4	14	0	1378
19493	11	0	1343	5	0	1359
19494	1257	2	10	1	0	1270
19495	8	1311	4	4	0	1327
19496	1328	9	2	2	0	1341
19497	8	3	0	1352	0	1363
19498	6	1346	2	10	0	1364
19499	1398	10	2	7	0	1417
19500	11	4	1	1438	0	1454
19501	4	3	1449	12	0	1468
19502	2	1452	11	8	0	1473
19503	3	10	6	1469	0	1488
19504	1433	4	1	11	0	1449
19505	1423	0	1	6	0	1430
19506	13	0	2	1416	0	1431
19507	5	0	1402	11	0	1418
19508	1339	2	11	6	0	1358
19509	13	0	1400	1	0	1414
19510	4	2	10	1385	0	1401
19511	1400	1	6	11	0	1418
19512	12	1406	1	7	0	1426
19513	1414	10	2	2	0	1428
19514	12	5	1385	2	0	1404
19515	1404	1	11	2	0	1418
19516	11	2	7	1411	0	1431
19517	8	2	0	1427	0	1437
19518	2	2	1420	15	0	1439
19519	4	0	11	1356	0	1371
19520	1381	0	6	13	0	1400
19521	13	2	0	1373	0	1388
19522	6	1388	4	9	0	1407
19523	1	9	0	1387	0	1397
19524	2	1395	3	13	0	1413
19525	3	13	1381	7	0	1404
19526	1358	5	10	5	0	1378
19527	12	2	6	1405	0	1425
19528	8	3	1348	11	0	1370
19529	0	1332	13	10	0	1355
19530	3	12	6	1310	0	1331
19531	3	5	2	1318	0	1328
19532	1314	0	2	20	0	1336
19533	14	1	1	1335	0	1351
19534	1345	0	1	15	0	1361
19535	1333	3	1	7	0	1344
19536	18	1343	3	3	0	1367
19537	1379	15	1	3	0	1398
19538	16	6	3	1522	0	1547
19539	8	1	1517	27	0	1553
19540	1513	1	25	9	0	1548
19541	27	2	7	1485	0	1521
19542	8	2	1480	27	0	1517
19543	1439	0	25	10	0	1474
19544	27	1	6	1483	0	1517
19545	6	1521	2	27	0	1556
19546	3	23	2	1493	0	1521
19547	6	1521	2	24	0	1553
19548	1499	23	5	7	0	1534
19549	29	7	1539	4	0	1579
19550	8	1531	23	7	0	1569
19551	2	30	7	1528	0	1567
19552	4	6	1537	24	0	1571
19553	0	5	1495	12	0	1512
19554	4	1540	29	1	0	1574
19555	11	29	5	1503	0	1548
19556	2	5	4	1544	0	1555
19557	3	0	8	1823	0	1834
19558	1879	3	2	46	0	1930
19559	45	2	2086	13	0	2146
19560	12	2110	48	8	0	2178
19561	6	52	10	2124	0	2192
19562	2	12	1	2219	0	2234
19563	5	3	2140	68	0	2216
19564	6	2	56	2157	0	2221
19565	1	5	2138	59	0	2203
19566	3	3	2104	18	0	2128
19567	2	3	2092	8	0	2105
19568	1	0	66	2001	0	2068
19569	4	1	19	2071	0	2095
19570	4	2	5	2119	0	2130
19571	2044	1	9	68	0	2122
19572	55	2044	7	16	0	2122
19573	2066	53	4	8	0	2131
19574	2060	14	1	14	0	2089
19575	2149	4	5	10	0	2168
19576	74	2109	3	7	0	2193
19577	2130	63	5	8	0	2206
19578	2174	16	7	5	0	2202
19579	82	6	4	2117	0	2209
19580	16	3	2	2195	0	2216
19581	14	4	4	2202	0	2224
19582	10	3	2127	85	0	2225
19583	2107	9	60	22	0	2198
19584	68	5	13	2134	0	2220
19585	2101	4	7	74	0	2186
19586	66	2099	8	24	0	2197
19587	20	61	4	2124	0	2209
19588	11	15	11	2181	0	2218
19589	2123	10	7	80	0	2220
19590	67	8	6	2143	0	2224
19591	2018	5	6	76	0	2105
19592	2137	7	5	23	0	2172
19593	70	2036	3	24	0	2133
19594	19	2116	6	14	0	2155
19595	15	78	8	2034	0	2135
19596	10	2094	6	61	0	2171
19597	9	67	6	2098	0	2180
19598	10	15	2055	75	0	2155
19599	4	11	2005	21	0	2041
19600	1928	9	68	17	0	2022
19601	1965	4	18	14	0	2001
19602	71	1938	12	13	0	2034
19603	1929	60	9	14	0	2012
19604	69	2006	8	18	0	2101
19605	16	72	10	2026	0	2124
19606	12	14	9	2066	0	2101
19607	10	10	7	2085	0	2112
19608	7	10	9	2088	0	2114
19609	2018	2	15	84	0	2119
19610	65	2035	12	23	0	2135
19611	2035	57	8	22	0	2122
19612	2098	11	10	16	0	2135
19613	79	7	2014	16	0	2116
19614	1989	10	57	15	0	2071
19615	82	1981	10	14	0	2087
19616	20	68	6	2017	0	2111
19617	21	15	4	2039	0	2079
19618	17	1980	3	69	0	2069
19619	2012	63	13	26	0	2114
19620	74	18	1973	16	0	2081
19621	1970	13	60	20	0	2063
19622	75	9	2020	28	0	2132
19623	30	5	75	2029	0	2139
19624	18	9	19	2106	0	2152
19625	23	10	20	2127	0	2180
19626	2095	8	15	93	0	2211
19627	74	7	2120	37	0	2238
19628	2126	10	68	29	0	2233
19629	2197	11	16	35	0	2259
19630	2189	8	20	37	0	2254
19631	2202	4	21	27	0	2254
19632	85	10	19	2136	0	2250
19633	30	6	2134	80	0	2250
19634	27	5	63	2119	0	2214
19635	29	2	2122	85	0	2238
19636	20	13	2102	28	0	2163
19637	24	2080	66	28	0	2198
19638	31	56	16	1873	0	1976
19639	28	12	12	1972	0	2024
19640	31	16	10	1763	0	1820
19641	21	12	7	1959	0	1999
19642	1948	10	10	67	0	2035
19643	1980	9	6	20	0	2015
19644	71	6	5	1930	0	2012
19645	26	5	1885	76	0	1992
19646	21	5	50	1903	0	1979
19647	11	5	18	1981	0	2015
19648	19	5	1929	79	0	2032
19649	20	5	47	1909	0	1981
19650	1918	5	14	68	0	2005
19651	1957	11	6	30	0	2004
19652	1979	5	2	33	0	2019
19653	71	8	2	1919	0	2000
19654	1917	10	3	59	0	1989
19655	1928	5	3	30	0	1966
19656	71	4	1870	22	0	1967
19657	18	2	1554	10	0	1584
19658	14	2	1537	9	0	1562
19659	1288	0	25	4	0	1317
19660	18	1303	6	3	0	1330
19661	1291	11	6	1	0	1309
19662	17	1372	3	1	0	1393
19663	4	14	0	1386	0	1404
19664	5	2	0	1385	0	1392
19665	4	3	0	1400	0	1407
19666	4	1	1383	15	0	1403
19667	1311	0	15	6	0	1332
19668	14	0	3	1389	0	1406
19669	4	0	1393	12	0	1409
19670	4	1	1343	1	0	1349
19671	1347	1	12	4	0	1364
19672	13	1390	4	3	0	1410
19673	1378	13	4	2	0	1397
19674	1365	2	3	6	0	1376
19675	9	1350	1	4	0	1364
19676	1339	7	2	1	0	1349
19677	10	2	1379	1	0	1392
19678	3	3	1333	3	0	1342
19679	3	1	1380	2	0	1386
19680	3	3	10	1385	0	1401
19681	2	0	1400	6	0	1408
19682	1330	0	5	2	0	1337
19683	1351	0	2	2	0	1355
19684	6	2	1387	0	0	1395
19685	5	0	5	1372	0	1382
19686	1387	1	1	5	0	1394
19687	6	1420	3	1	0	1430
19688	2	1449	0	2	0	1453
19689	1453	7	0	0	0	1460
19690	6	2	1485	0	0	1493
19691	3	7	6	1438	0	1454
19692	1	2	2	1456	0	1461
19693	0	0	1	1472	0	1473
19694	0	1464	0	9	0	1473
19695	1	9	0	1405	0	1415
19696	1554	1	0	12	0	1567
19697	17	1	0	1599	0	1617
19698	2	1624	0	18	0	1644
19699	1655	17	0	3	0	1675
19700	18	2	0	1657	0	1677
19701	2	1	0	1706	0	1709
19702	1719	1	0	19	0	1739
19703	1744	0	0	4	0	1748
19704	21	2	0	1719	0	1742
19705	1776	0	0	19	0	1795
19706	1792	1	0	5	0	1798
19707	28	1820	0	2	0	1850
19708	1841	21	0	3	0	1865
19709	23	1822	0	2	0	1847
19710	9	23	0	1826	0	1858
19711	4	6	1865	21	0	1896
19712	3	2	22	1863	0	1890
19713	4	3	5	1879	0	1891
19714	3	3	1	1924	0	1931
19715	1902	1	1	33	0	1937
19716	28	1900	1	12	0	1941
19717	1973	22	1	6	0	2002
19718	31	2019	2	4	0	2056
19719	2057	28	1	4	0	2090
19720	2086	10	0	7	0	2103
19721	2095	3	0	5	0	2103
19722	2052	3	1	4	0	2060
19723	39	2	2027	3	0	2071
19724	12	2	25	2046	0	2085
19725	5	4	5	2128	0	2142
19726	7	2	2078	40	0	2127
19727	2007	2	33	12	0	2054
19728	35	3	6	2059	0	2103
19729	14	2	2043	36	0	2095
19730	9	1	2045	8	0	2063
19731	4	2	42	2077	0	2125
19732	6	0	2131	39	0	2176
19733	5	1	40	2092	0	2138
19734	5	2	9	2133	0	2149
19735	6	0	2061	46	0	2113
19736	1991	3	36	14	0	2044
19737	36	0	11	2055	0	2102
19738	8	1	2079	40	0	2128
19739	6	0	36	2084	0	2126
19740	2088	1	9	43	0	2141
19741	39	0	2078	14	0	2131
19742	2037	0	39	10	0	2086
19743	2141	2	14	5	0	2162
19744	46	0	6	2118	0	2170
19745	11	1	5	2110	0	2127
19746	8	0	2081	49	0	2138
19747	11	1	36	2073	0	2121
19748	9	4	12	1940	0	1965
19749	8	1	8	2106	0	2123
19750	7	0	2046	48	0	2101
19751	2009	1	34	24	0	2068
19752	2078	0	10	15	0	2103
19753	2109	2	11	8	0	2130
19754	2158	1	3	10	0	2172
19755	51	4	4	2142	0	2201
19756	2113	2	6	43	0	2164
19757	2128	2	7	16	0	2153
19758	1781	9	8	27	0	1825
19759	2097	2	6	15	0	2120
19760	46	2089	3	10	0	2148
19761	2105	33	3	13	0	2154
19762	2090	8	5	10	0	2113
19763	57	2070	1	12	0	2140
19764	2097	40	2	10	0	2149
19765	51	9	6	2088	0	2154
19766	24	6	3	2126	0	2159
19767	2095	6	1	51	0	2153
19768	51	2051	7	16	0	2125
19769	24	2063	2	13	0	2102
19770	18	47	5	2084	0	2154
19771	17	12	2102	41	0	2172
19772	14	4	40	2084	0	2142
19773	7	5	12	2140	0	2164
19774	2086	2	8	52	0	2148
19775	2109	5	5	22	0	2141
19776	51	4	5	2096	0	2156
19777	19	2	2062	46	0	2129
19778	14	5	40	2074	0	2133
19779	2109	2	9	51	0	2171
19780	45	4	2228	20	0	2297
19781	21	2235	52	16	0	2324
19782	2315	53	13	14	0	2395
19783	60	14	13	2326	0	2413
19784	19	5	6	2364	0	2394
19785	12	2	5	2400	0	2419
19786	10	1	2311	82	0	2404
19787	2126	3	62	28	0	2219
19788	68	3	2221	16	0	2308
19789	22	2201	61	13	0	2297
19790	13	59	18	2195	0	2285
19791	10	11	10	2273	0	2304
19792	9	10	9	2382	0	2410
19793	9	2	2307	90	0	2408
19794	13	2	2327	27	0	2369
19795	9	4	2369	20	0	2402
19796	9	2334	65	22	0	2430
19797	12	55	25	2344	0	2436
19798	2380	10	11	69	0	2470
19799	2582	8	4	25	0	2619
19800	83	2	2670	15	0	2770
19801	32	2701	76	8	0	2817
19802	22	67	2700	6	0	2795
19803	9	2784	74	8	0	2875
19804	2677	91	28	17	0	2813
19805	2695	16	8	14	0	2733
19806	82	2648	6	10	0	2746
19807	2648	73	9	9	0	2739
19808	83	17	8	2645	0	2753
19809	22	16	10	2709	0	2757
19810	2657	12	5	85	0	2759
19811	2643	4	2	26	0	2675
19812	2640	5	3	20	0	2668
19813	96	2560	3	10	0	2669
19814	30	2676	7	13	0	2726
19815	2651	83	8	13	0	2755
19816	81	23	2611	8	0	2723
19817	22	27	68	2549	0	2666
19818	2494	8	17	73	0	2592
19819	85	2441	9	19	0	2554
19820	27	2574	7	13	0	2621
19821	2546	81	6	9	0	2642
19822	83	23	2507	6	0	2619
19823	2438	19	73	15	0	2545
19824	88	10	2425	10	0	2533
19825	28	7	2442	9	0	2486
19826	16	12	72	2423	0	2523
19827	17	10	2465	66	0	2558
19828	2414	9	73	14	0	2510
19829	2497	9	20	8	0	2534
19830	2516	11	14	9	0	2550
19831	2510	7	11	11	0	2539
19832	92	6	8	2394	0	2500
19833	2403	3	11	66	0	2483
19834	75	2389	9	24	0	2497
19835	27	64	9	2341	0	2441
19836	24	2428	6	50	0	2508
19837	2494	68	7	15	0	2584
19838	2523	16	6	12	0	2557
19839	88	8	7	2457	0	2560
19840	2490	10	7	66	0	2573
19841	2532	8	9	23	0	2572
19842	78	14	7	2464	0	2563
19843	33	10	7	2513	0	2563
19844	32	6	5	2542	0	2585
19845	22	5	2438	86	0	2551
19846	21	7	2405	29	0	2462
19847	25	7	2446	19	0	2497
19848	21	6	80	2445	0	2552
19849	16	9	2498	72	0	2595
19850	17	8	73	2469	0	2567
19851	18	7	2610	81	0	2716
19852	21	1	2554	33	0	2609
19853	2495	12	83	24	0	2614
19854	70	2521	27	16	0	2634
19855	2560	62	19	11	0	2652
19856	75	17	20	2550	0	2662
19857	27	8	14	2602	0	2651
19858	27	8	2571	81	0	2687
19859	19	2569	68	26	0	2682
19860	11	67	21	2600	0	2699
19861	14	17	2606	71	0	2708
19862	17	2536	66	22	0	2641
19863	17	59	20	2542	0	2638
19864	2523	18	17	70	0	2628
19865	2557	11	14	24	0	2606
19866	72	8	13	2521	0	2614
19867	2524	8	14	64	0	2610
19868	65	2550	13	21	0	2649
19869	28	60	8	2571	0	2667
19870	24	18	2597	63	0	2702
19871	22	8	60	2610	0	2700
19872	18	9	2601	76	0	2704
19873	2561	5	69	28	0	2663
19874	71	14	20	2605	0	2710
19875	23	2636	14	74	0	2747
19876	16	66	11	2714	0	2807
19877	18	16	2684	77	0	2795
19878	14	12	2666	22	0	2714
19879	12	10	2658	22	0	2702
19880	2437	14	69	12	0	2532
19881	53	2509	23	8	0	2593
19882	15	42	9	2480	0	2546
19883	2462	13	12	50	0	2537
19884	51	2477	10	16	0	2554
19885	2559	45	10	14	0	2628
19886	2584	12	9	14	0	2619
19887	2618	10	9	9	0	2646
19888	2652	9	6	13	0	2680
19889	70	8	2571	8	0	2657
19890	2533	9	45	10	0	2597
19891	53	6	2536	14	0	2609
19892	2382	4	38	12	0	2436
19893	52	9	23	2468	0	2552
19894	26	7	2424	33	0	2490
19895	22	2353	37	18	0	2430
19896	27	118	22	2223	0	2390
19897	14	2321	9	29	0	2373
19898	11	2341	11	13	0	2376
19899	2115	24	16	12	0	2167
19900	24	7	2027	3	0	2061
19901	9	1934	14	6	0	1963
19902	1883	13	20	4	0	1920
19903	13	1928	5	0	0	1946
19904	1927	11	2	4	0	1944
19905	18	3	4	1927	0	1952
19906	1927	8	3	11	0	1949
19907	18	2	2	1902	0	1924
19908	1915	4	3	13	0	1935
19909	17	4	1	1910	0	1932
19910	5	1982	4	14	0	2005
19911	9	9	2	2020	0	2040
19912	2014	4	4	11	0	2033
19913	14	1987	3	4	0	2008
19914	8	10	3	1976	0	1997
19915	2016	3	3	11	0	2033
19916	10	6	2	2023	0	2041
19917	8	3	1	2046	0	2058
19918	5	6	2058	12	0	2081
19919	4	2	2002	9	0	2017
19920	5	4	8	1992	0	2009
19921	6	5	2063	12	0	2086
19922	4	5	9	2073	0	2091
19923	8	3	6	1878	0	1895
19924	3	4	2	2079	0	2088
19925	4	3	2066	13	0	2086
19926	2	3	10	1967	0	1982
19927	8	0	3	2002	0	2013
19928	2	2019	0	17	0	2038
19929	5	8	3	2049	0	2065
19930	2044	3	4	14	0	2065
19931	10	2	2	2076	0	2090
19932	2	3	2348	19	0	2372
19933	2258	4	21	6	0	2289
19934	19	2505	10	12	0	2546
19935	14	20	11	2572	0	2617
19936	16	16	2539	25	0	2596
19937	2404	14	24	23	0	2465
19938	22	2507	16	21	0	2566
19939	2542	24	14	17	0	2597
19940	34	14	14	2516	0	2578
19941	2521	13	5	27	0	2566
19942	40	8	2506	21	0	2575
19943	25	2475	21	19	0	2540
19944	19	2607	16	14	0	2656
19945	2657	30	14	11	0	2712
19946	2655	23	9	8	0	2695
19947	35	24	2651	4	0	2714
19948	2609	8	21	7	0	2645
19949	2672	7	13	8	0	2700
19950	2690	1	15	5	0	2711
19951	48	2536	11	2	0	2597
19952	40	2583	2	5	0	2630
19953	2605	33	5	2	0	2645
19954	2610	23	1	4	0	2638
19955	32	2630	5	11	0	2678
19956	32	28	0	2639	0	2699
19957	23	18	2645	18	0	2704
19958	2593	17	19	16	0	2645
19959	2462	18	19	20	0	2519
19960	2699	3	18	8	0	2728
19961	51	2649	9	5	0	2714
19962	36	25	2664	2	0	2727
19963	2718	16	22	5	0	2761
19964	37	14	12	2747	0	2810
19965	22	11	14	2750	0	2797
19966	19	8	9	2798	0	2834
19967	14	4	2761	48	0	2827
19968	9	4	22	2712	0	2747
19969	11	4	2721	44	0	2780
19970	2	2627	30	26	0	2685
19971	2601	17	21	20	0	2659
19972	19	2605	15	11	0	2650
19973	19	2625	11	5	0	2660
19974	2638	37	4	6	0	2685
19975	24	2671	5	1	0	2701
19976	19	35	0	2614	0	2668
19977	19	2589	2	13	0	2623
19978	2569	32	1	14	0	2616
19979	18	2594	0	12	0	2624
19980	17	35	1	2622	0	2675
19981	18	21	2607	18	0	2664
19982	11	19	18	2635	0	2683
19983	4	2654	13	35	0	2706
19984	4	19	12	2676	0	2711
19985	5	22	10	2611	0	2648
19986	5	18	4	2576	0	2603
19987	7	9	1	2681	0	2698
19988	5	4	2	2706	0	2717
19989	6	3	2	2725	0	2736
19990	6	0	2741	61	0	2808
19991	2701	4	28	42	0	2775
19992	26	2	16	2942	0	2986
19993	18	3	2938	47	0	3006
19994	20	5	2911	28	0	2964
19995	18	3	59	2961	0	3041
19996	2980	3	40	53	0	3076
19997	43	4	2913	28	0	2988
19998	2887	6	53	24	0	2970
19999	60	5	2977	15	0	3057
20000	36	10	55	2992	0	3093
20001	33	11	32	3049	0	3125
20002	25	7	3031	58	0	3121
20003	2900	10	50	42	0	3002
20004	47	6	31	2998	0	3082
20005	34	5	2982	58	0	3079
20006	31	2	2989	33	0	3055
20007	20	9	65	2894	0	2988
20008	14	2979	40	51	0	3084
20009	3022	41	30	24	0	3117
20010	2990	27	22	22	0	3061
20011	65	26	3000	19	0	3110
20012	48	15	45	2932	0	3040
20013	3022	8	30	49	0	3109
20014	62	3	3010	38	0	3113
20015	2942	4	53	36	0	3035
20016	65	2909	36	22	0	3032
20017	47	38	26	2971	0	3082
20018	36	24	25	2992	0	3077
20019	3077	21	18	66	0	3182
20020	59	12	7	3111	0	3189
20021	30	10	11	3076	0	3127
20022	33	2	7	3108	0	3150
20023	3033	1	5	99	0	3138
20024	58	2	2999	64	0	3123
20025	2994	5	53	47	0	3099
20026	3038	5	31	30	0	3104
20027	3096	7	25	12	0	3140
20028	96	9	19	2998	0	3122
20029	62	6	3046	55	0	3169
20030	43	2967	49	32	0	3091
20031	29	2983	32	34	0	3078
20032	18	2866	12	15	0	2911
20033	14	56	2860	10	0	2940
20034	22	42	56	3106	0	3226
20035	3218	13	23	76	0	3330
20036	3595	9	8	35	0	3647
20037	99	5	11	3738	0	3853
20038	53	2	3712	95	0	3862
20039	35	1	3737	44	0	3817
20040	24	4	97	3750	0	3875
20041	10	2	3796	99	0	3907
20042	12	2	98	3785	0	3897
20043	6	2	51	3745	0	3804
20044	9	3711	29	114	0	3863
20045	11	79	12	3799	0	3901
20046	15	25	13	3924	0	3977
20047	3813	24	7	141	0	3985
20048	89	13	11	3857	0	3970
20049	38	10	14	3894	0	3956
20050	3750	7	9	146	0	3912
20051	98	3741	19	67	0	3925
20052	3800	88	17	41	0	3946
20053	116	29	3728	43	0	3916
20054	3747	24	93	31	0	3895
20055	3774	17	43	23	0	3857
20056	135	8	3653	28	0	3824
20057	70	10	3669	24	0	3773
20058	47	20	143	3519	0	3729
20059	3550	9	59	105	0	3723
20060	105	4	3532	53	0	3694
20061	47	7	114	3500	0	3668
20062	44	5	3490	129	0	3668
20063	40	4	118	3482	0	3644
20064	30	10	58	3562	0	3660
20065	3438	4	47	152	0	3641
20066	3484	7	35	84	0	3610
20067	3584	2	28	59	0	3673
20068	147	9	3489	50	0	3695
20069	84	10	3513	31	0	3638
20070	63	9	128	3478	0	3678
20071	42	16	70	3541	0	3669
20072	34	11	51	3591	0	3687
20073	3431	6	38	150	0	3625
20074	117	3416	23	82	0	3638
20075	3391	85	26	75	0	3577
20076	3398	33	26	46	0	3503
20077	139	3332	27	32	0	3530
20078	80	3431	18	38	0	3567
20079	3384	112	23	34	0	3553
20080	120	50	22	3265	0	3457
20081	57	3281	17	136	0	3491
20082	60	101	19	3306	0	3486
20083	61	30	3227	148	0	3466
20084	53	27	95	3295	0	3470
20085	3241	23	55	160	0	3479
20086	123	15	3205	77	0	3420
20087	69	8	3191	71	0	3339
20088	59	81	151	2968	0	3259
20089	54	2969	81	117	0	3221
20090	38	2944	53	83	0	3118
20091	19	3060	38	87	0	3204
20092	2887	112	23	67	0	3089
20093	2917	55	19	61	0	3052
20094	2840	37	19	64	0	2960
20095	132	2813	26	63	0	3034
20096	2872	67	21	60	0	3020
20097	2884	32	25	53	0	2994
20098	115	43	2791	50	0	2999
20099	81	2705	86	41	0	2913
20100	70	79	53	2692	0	2894
20101	2692	45	41	98	0	2876
20102	109	25	2669	61	0	2864
20103	68	15	91	2596	0	2770
20104	62	2608	50	100	0	2820
20105	51	79	45	2613	0	2788
20106	55	27	39	2669	0	2790
20107	2636	29	42	121	0	2828
20108	2665	25	32	79	0	2801
20109	118	16	37	2655	0	2826
20110	62	17	2597	117	0	2793
20111	63	22	2603	73	0	2761
20112	2626	17	102	66	0	2811
20113	125	10	2658	42	0	2835
20114	81	12	99	2438	0	2630
20115	77	2502	58	77	0	2714
20116	2523	59	55	33	0	2670
20117	84	2502	56	61	0	2703
20118	2547	78	37	66	0	2728
20119	91	39	27	2548	0	2705
20120	69	31	17	2589	0	2706
20121	2548	28	21	115	0	2712
20122	2607	21	23	69	0	2720
20123	136	19	18	2544	0	2717
20124	85	32	22	2579	0	2718
20125	65	37	2461	97	0	2660
20126	64	26	2458	54	0	2602
20127	2453	24	85	64	0	2626
20128	88	38	2389	50	0	2565
20129	2393	28	90	47	0	2558
20130	2449	16	51	54	0	2570
20131	99	20	2342	50	0	2511
20132	80	2203	82	43	0	2408
20133	63	2266	49	40	0	2418
20134	25	30	1893	18	0	1966
20135	77	166	71	1521	0	1835
20136	1357	35	45	48	0	1485
20137	1310	5	10	9	0	1334
20138	1473	5	3	8	0	1489
20139	1735	3	4	8	0	1750
20140	1787	3	6	9	0	1805
20141	52	1861	8	6	0	1927
20142	1838	38	5	3	0	1884
20143	48	1812	4	3	0	1867
20144	1775	37	1	7	0	1820
20145	39	11	1718	7	0	1775
20146	12	3	35	1674	0	1724
20147	3	2	10	1657	0	1672
20148	5	1667	1	37	0	1710
20149	1670	34	1	11	0	1716
20150	1718	6	1	3	0	1728
20151	43	2	0	1677	0	1722
20152	14	0	1	1706	0	1721
20153	1665	1	2	44	0	1712
20154	34	1	0	1687	0	1722
20155	9	0	3	1708	0	1720
20156	1674	2	2	46	0	1724
20157	39	0	0	1679	0	1718
20158	1690	0	2	37	0	1729
20159	1708	0	1	12	0	1721
20160	46	0	1678	5	0	1729
20161	1680	0	36	1	0	1717
20162	1679	2	9	3	0	1693
20163	1680	2	0	2	0	1684
20164	48	1	1610	0	0	1659
20165	12	0	34	1606	0	1652
20166	6	1	8	1628	0	1643
20167	6	0	1576	43	0	1625
20168	1554	1	37	10	0	1602
20169	38	1	9	1563	0	1611
20170	15	0	1528	35	0	1578
20171	4	2	1582	11	0	1599
20172	4	0	42	1567	0	1613
20173	4	3	1598	37	0	1642
20174	6	0	30	1597	0	1633
20175	2	1	12	1619	0	1634
20176	3	0	1582	47	0	1632
20177	1	2	31	1543	0	1577
20178	3	1532	13	31	0	1579
20179	3	1616	4	14	0	1637
20180	1590	37	1	7	0	1635
20181	1597	11	4	4	0	1616
20182	42	1580	0	8	0	1630
20183	1587	34	1	3	0	1625
20184	1612	10	2	5	0	1629
20185	48	1	2	1574	0	1625
20186	16	5	0	1611	0	1632
20187	1559	5	0	44	0	1608
20188	42	1536	1	12	0	1591
20189	19	1580	2	4	0	1605
20190	9	40	4	1569	0	1622
20191	9	9	1574	37	0	1629
20192	1553	3	36	12	0	1604
20193	1595	3	8	8	0	1614
20194	1571	6	6	5	0	1588
20195	50	1569	2	7	0	1628
20196	14	36	3	1554	0	1607
20197	9	11	3	1606	0	1629
20198	1568	2	3	46	0	1619
20199	39	1562	3	19	0	1623
20200	22	36	2	1562	0	1622
20201	15	10	4	1594	0	1623
20202	11	8	1	1593	0	1613
20203	1563	3	3	55	0	1624
20204	41	1562	3	20	0	1626
20205	20	41	3	1508	0	1572
20206	15	1563	7	38	0	1623
20207	1548	35	1	19	0	1603
20208	46	10	1536	13	0	1605
20209	1506	7	41	8	0	1562
20210	47	2	1497	14	0	1560
20211	26	15	35	1413	0	1489
20212	1418	5	9	40	0	1472
20213	40	2	1412	22	0	1476
20214	1421	5	37	6	0	1469
20215	1470	0	11	12	0	1493
20216	1495	2	8	12	0	1517
20217	58	1	5	1425	0	1489
20218	14	1	11	1432	0	1458
20219	14	0	3	1464	0	1481
20220	1403	2	5	48	0	1458
20221	42	1421	9	13	0	1485
20222	1428	33	4	10	0	1475
20223	1468	9	6	7	0	1490
20224	46	3	1429	11	0	1489
20225	1429	0	38	11	0	1478
20226	1469	3	12	11	0	1495
20227	44	3	4	1450	0	1501
20228	14	1	5	1469	0	1489
20229	6	5	8	1469	0	1488
20230	1427	1	2	47	0	1477
20231	1429	3	6	13	0	1451
20232	1385	4	8	6	0	1403
20233	41	1319	4	9	0	1373
20234	14	1254	7	6	0	1281
20235	4	1294	4	9	0	1311
20236	1272	34	11	10	0	1327
20237	35	9	1247	5	0	1296
20238	11	5	1051	8	0	1075
20239	753	7	10	1	0	771
20240	6	1	780	3	0	790
20241	4	1	1	637	0	643
20242	1	643	1	2	0	647
20243	662	3	3	1	0	669
20244	665	1	0	2	0	668
20245	665	0	1	0	0	666
20246	3	1	0	724	0	728
20247	2	1	763	3	0	769
20248	3	1	747	1	0	752
20249	746	0	2	1	0	749
20250	763	1	0	2	0	766
20251	764	0	0	0	0	764
20252	1	0	2	775	0	778
20253	3	0	1	776	0	780
20254	2	0	770	2	0	774
20255	770	0	0	1	0	771
20256	4	1	1	799	0	805
20257	2	0	1	801	0	804
20258	0	2	0	798	0	800
20259	2	804	0	1	0	807
20260	2	2	1	804	0	809
20261	1	1	1	806	0	809
20262	808	0	1	4	0	813
20263	4	0	798	2	0	804
20264	785	1	1	1	0	788
20265	813	2	2	1	0	818
20266	4	0	0	815	0	819
20267	4	1	0	817	0	822
20268	821	0	2	3	0	826
20269	4	1	806	2	0	813
20270	4	801	2	0	0	807
20271	1	1	1	804	0	807
20272	802	0	1	3	0	806
20273	3	0	1	775	0	779
20274	4	0	774	1	0	779
20275	2	1	764	2	0	769
20276	777	0	2	2	0	781
20277	2	1	2	824	0	829
20278	2	0	816	3	0	821
20279	806	1	4	1	0	812
20280	864	0	2	0	0	866
20281	3	0	1	863	0	867
20282	1	0	1	853	0	855
20283	1	858	0	3	0	862
20284	901	2	1	0	0	904
20285	2	1	0	907	0	910
20286	1	1	0	913	0	915
20287	2	0	922	3	0	927
20288	868	1	2	1	0	872
20289	900	0	1	0	0	901
20290	2	888	0	2	0	892
20291	1	0	849	2	0	852
20292	0	1	843	1	0	845
20293	2	3	2	835	0	842
20294	855	0	3	4	0	862
20295	0	4	0	860	0	864
20296	891	0	1	1	0	893
20297	903	0	1	1	0	905
20298	906	0	0	2	0	908
20299	2	0	1	906	0	909
20300	1	0	1	902	0	904
20301	925	0	0	1	0	926
20302	1	0	941	2	0	944
20303	907	0	1	1	0	909
20304	918	0	1	1	0	920
20305	2	0	917	0	0	919
20306	2	0	898	0	0	900
20307	0	930	2	1	0	933
20308	0	1	1	927	0	929
20309	913	1	0	1	0	915
20310	0	0	0	935	0	935
20311	1	0	946	0	0	947
20312	0	929	0	2	0	931
20313	0	915	1	2	0	918
20314	0	1	0	934	0	935
20315	0	1	0	918	0	919
20316	0	894	0	2	0	896
20317	1	0	888	1	0	890
20318	853	1	1	2	0	857
20319	911	0	0	0	0	911
20320	2	907	0	0	0	909
20321	897	0	0	1	0	898
20322	0	3	0	872	0	875
20323	875	0	0	0	0	875
20324	0	0	1	874	0	875
20325	1	912	0	2	0	915
20326	0	1	915	3	0	919
20327	1	1	1	977	0	980
20328	2	0	1	951	0	954
20329	1	0	0	1043	0	1044
20330	1073	0	0	11	0	1084
20331	11	0	0	1092	0	1103
20332	4	0	1175	13	0	1192
20333	2	0	1220	5	0	1227
20334	1269	0	23	0	0	1292
20335	16	0	1294	1	0	1311
20336	1284	0	15	1	0	1300
20337	14	0	6	1398	0	1418
20338	5	1	1	1441	0	1448
20339	2	0	3	1552	0	1557
20340	3	1	1	1551	0	1556
20341	1536	0	0	35	0	1571
20342	25	0	1539	8	0	1572
20343	6	0	26	1533	0	1565
20344	4	1572	5	26	0	1607
20345	1582	28	1	10	0	1621
20346	28	5	3	1514	0	1550
20347	1480	1	5	29	0	1515
20348	31	1	1479	8	0	1519
20349	8	0	30	1440	0	1478
20350	5	1476	5	25	0	1511
20351	1477	27	1	7	0	1512
20352	31	5	1467	3	0	1506
20353	8	1	28	1449	0	1486
20354	4	1	6	1488	0	1499
20355	1445	1	3	33	0	1482
20356	29	1	1447	9	0	1486
20357	5	2	1477	5	0	1489
20358	4	3	31	1457	0	1495
20359	4	0	1441	31	0	1476
20360	3	0	1482	10	0	1495
20361	5	0	36	1457	0	1498
20362	2	0	10	1484	0	1496
20363	0	1	5	1515	0	1521
20364	1480	3	6	34	0	1523
20365	31	1501	2	8	0	1542
20366	1502	27	7	5	0	1541
20367	31	4	2	1498	0	1535
20368	5	1510	0	36	0	1551
20369	8	28	0	1539	0	1575
20370	1602	6	3	34	0	1645
20371	37	1707	4	6	0	1754
20372	5	39	1	1805	0	1850
20373	5	5	1814	40	0	1864
20374	1811	3	40	11	0	1865
20375	38	5	7	1797	0	1847
20376	6	2	5	1832	0	1845
20377	6	0	1773	51	0	1830
20378	6	3	1798	10	0	1817
20379	1745	3	43	9	0	1800
20380	38	1721	12	7	0	1778
20381	12	37	6	1741	0	1796
20382	1742	9	7	44	0	1802
20383	44	3	1732	11	0	1790
20384	12	1716	41	7	0	1776
20385	7	39	9	1720	0	1775
20386	1747	6	3	47	0	1803
20387	1743	8	7	8	0	1766
20388	1768	3	5	6	0	1782
20389	43	1714	3	16	0	1776
20390	14	36	1715	11	0	1776
20391	9	10	41	1731	0	1791
20392	7	7	15	1618	0	1647
20393	10	5	4	1770	0	1789
20394	11	6	4	1761	0	1782
20395	1714	1	9	54	0	1778
20396	1713	4	6	18	0	1741
20397	46	2	1672	14	0	1734
20398	14	3	1665	16	0	1698
20399	1644	4	50	15	0	1713
20400	1679	1	14	12	0	1706
20401	51	1	10	1610	0	1672
20402	20	1626	10	37	0	1693
20403	1617	43	6	12	0	1678
20404	43	1598	8	14	0	1663
20405	16	1640	4	13	0	1673
20406	9	54	9	1628	0	1700
20407	10	10	3	1676	0	1699
20408	3	9	5	1684	0	1701
20409	9	6	5	1678	0	1698
20410	17	5	1597	56	0	1675
20411	1609	7	44	14	0	1674
20412	1646	7	15	18	0	1686
20413	53	3	7	1606	0	1669
20414	13	5	7	1624	0	1649
20415	1595	3	5	55	0	1658
20416	45	5	1512	20	0	1582
20417	1598	2	43	8	0	1651
20418	1632	7	10	10	0	1659
20419	50	5	1594	12	0	1661
20420	1613	7	43	11	0	1674
20421	47	3	12	1631	0	1693
20422	18	1	8	1672	0	1699
20423	12	4	5	1668	0	1689
20424	13	4	6	1660	0	1683
20425	1576	5	5	51	0	1637
20426	47	3	12	1557	0	1619
20427	11	8	2	1500	0	1521
20428	6	1415	4	53	0	1478
20429	8	1432	5	18	0	1463
20430	5	31	4	1404	0	1444
20431	1385	5	1	40	0	1431
20432	33	6	6	1284	0	1329
20433	3	1	1198	32	0	1234
20434	12	1	1119	11	0	1143
20435	1109	2	26	10	0	1147
20436	30	1119	7	9	0	1165
20437	1016	16	13	7	0	1052
20438	23	4	1021	2	0	1050
20439	12	23	17	905	0	957
20440	878	1	9	17	0	905
20441	15	877	5	2	0	899
20442	853	11	4	5	0	873
20443	16	2	899	6	0	923
20444	3	6	12	884	0	905
20445	2	5	4	898	0	909
20446	912	0	1	20	0	933
20447	919	1	3	4	0	927
20448	930	2	0	7	0	939
20449	928	0	1	8	0	937
20450	934	1	1	3	0	939
20451	15	924	1	2	0	942
20452	4	14	1	940	0	959
20453	949	2	1	14	0	966
20454	18	1	2	944	0	965
20455	6	1	1	946	0	954
20456	3	2	3	942	0	950
20457	2	916	4	15	0	937
20458	926	12	2	6	0	946
20459	15	4	1	921	0	941
20460	894	3	1	15	0	913
20461	880	1	3	5	0	889
20462	14	875	2	5	0	896
20463	887	12	0	3	0	902
20464	17	3	869	1	0	890
20465	857	1	13	0	0	871
20466	13	6	7	857	0	883
20467	10	1	884	13	0	908
20468	4	867	12	6	0	889
20469	4	13	869	3	0	889
20470	4	803	7	3	0	817
20471	662	14	20	13	0	709
20472	636	1	1	4	0	642
20473	621	0	4	1	0	626
20474	3	614	1	0	0	618
20475	611	2	0	0	0	613
20476	3	0	611	1	0	615
20477	1	1	616	1	0	619
20478	3	3	2	600	0	608
20479	0	0	0	623	0	623
20480	0	618	0	3	0	621
20481	631	3	0	1	0	635
20482	3	0	0	636	0	639
20483	0	639	0	2	0	641
20484	1	2	0	638	0	641
20485	640	1	0	2	0	643
20486	614	2	0	1	0	617
20487	4	0	595	3	0	602
20488	2	0	3	596	0	601
20489	2	3	604	2	0	611
20490	0	0	3	611	0	614
20491	0	0	617	3	0	620
20492	0	1	2	613	0	616
20493	0	0	624	3	0	627
20494	0	1	3	613	0	617
20495	1	0	637	3	0	641
20496	0	0	4	626	0	630
20497	1	0	1	643	0	645
20498	0	683	1	3	0	687
20499	1	3	0	698	0	702
20500	0	1	696	4	0	701
20501	1	0	2	694	0	697
20502	1	0	1	695	0	697
20503	694	0	2	4	0	700
20504	2	1	0	708	0	711
20505	2	0	1	700	0	703
20506	0	0	690	5	0	695
20507	679	1	3	3	0	686
20508	2	0	1	710	0	713
20509	2	0	2	710	0	714
20510	2	0	0	712	0	714
20511	710	0	2	4	0	716
20512	2	0	0	722	0	724
20513	1	0	1	716	0	718
20514	714	0	0	5	0	719
20515	2	713	1	3	0	719
20516	1	2	1	711	0	715
20517	1	1	1	720	0	723
20518	0	1	712	5	0	718
20519	646	0	3	1	0	650
20520	2	0	0	713	0	715
20521	1	0	696	2	0	699
20522	691	0	1	1	0	693
20523	2	0	0	707	0	709
20524	1	0	1	723	0	725
20525	1	0	0	727	0	728
20526	0	0	0	745	0	745
20527	1	0	812	4	0	817
20528	1	0	3	821	0	825
20529	0	0	0	1010	0	1010
20530	1	0	1201	16	0	1218
20531	1264	1	26	3	0	1294
20532	1324	0	4	3	0	1331
20533	1326	0	6	1	0	1333
20534	40	0	5	1295	0	1340
20535	1322	0	0	26	0	1348
20536	1347	0	0	7	0	1354
20537	39	0	0	1342	0	1381
20538	1348	0	1	32	0	1381
20539	1375	0	2	7	0	1384
20540	1370	0	2	9	0	1381
20541	1371	0	0	8	0	1379
20542	43	0	2	1329	0	1374
20543	19	1275	1	30	0	1325
20544	16	1288	2	7	0	1313
20545	12	1316	1	8	0	1337
20546	1267	38	2	11	0	1318
20547	1313	17	0	1	0	1331
20548	37	10	1275	3	0	1325
20549	1308	6	26	3	0	1343
20550	45	1	7	1314	0	1367
20551	18	3	6	1324	0	1351
20552	12	3	5	1345	0	1365
20553	1309	2	0	45	0	1356
20554	33	1	2	1312	0	1348
20555	15	1278	0	41	0	1334
20556	11	27	2	1315	0	1355
20557	10	10	1343	34	0	1397
20558	6	8	25	1366	0	1405
20559	1360	9	7	37	0	1413
20560	32	1	1368	17	0	1418
20561	15	3	32	1372	0	1422
20562	12	0	7	1364	0	1383
20563	10	3	8	1380	0	1401
20564	3	1356	5	43	0	1407
20565	8	27	2	1372	0	1409
20566	1362	5	3	48	0	1418
20567	1351	8	0	16	0	1375
20568	40	6	1315	12	0	1373
20569	16	2	1336	11	0	1365
20570	14	3	31	1319	0	1367
20571	10	2	11	1364	0	1387
20572	1	4	1360	43	0	1408
20573	8	4	38	1304	0	1354
20574	9	1352	10	40	0	1411
20575	1393	28	7	17	0	1445
20576	1400	5	6	18	0	1429
20577	1392	7	5	19	0	1423
20578	48	9	1394	6	0	1457
20579	26	1	30	1430	0	1487
20580	21	2	1414	37	0	1474
20581	1390	0	35	11	0	1436
20582	39	1404	16	11	0	1470
20583	16	30	6	1409	0	1461
20584	1408	5	12	37	0	1462
20585	41	6	0	1414	0	1461
20586	10	14	9	1446	0	1479
20587	12	5	1413	48	0	1478
20588	1371	6	30	16	0	1423
20589	44	1408	9	20	0	1481
20590	13	30	11	1442	0	1496
20591	1432	8	8	38	0	1486
20592	45	8	5	1436	0	1494
20593	1423	9	3	50	0	1485
20594	41	1435	3	27	0	1506
20595	1464	30	7	11	0	1512
20596	43	9	1468	16	0	1536
20597	1474	12	33	10	0	1529
20598	1473	11	11	13	0	1508
20599	1486	3	9	11	0	1509
20600	48	20	12	1433	0	1513
20601	32	5	1	1415	0	1453
20602	23	6	3	1462	0	1494
20603	20	1425	2	41	0	1488
20604	1442	30	3	32	0	1507
20605	44	5	6	1448	0	1503
20606	18	10	1	1467	0	1496
20607	19	11	4	1460	0	1494
20608	1436	2	5	51	0	1494
20609	46	4	2	1445	0	1497
20610	16	1	1417	55	0	1489
20611	13	1435	30	21	0	1499
20612	17	35	7	1445	0	1504
20613	15	6	5	1478	0	1504
20614	8	9	13	1487	0	1517
20615	9	13	1432	51	0	1505
20616	10	8	1428	28	0	1474
20617	11	3	35	1456	0	1505
20618	10	3	1476	56	0	1545
20619	15	4	39	1508	0	1566
20620	1517	3	18	47	0	1585
20621	1562	1	10	35	0	1608
20622	1577	4	9	20	0	1610
20623	49	6	1540	19	0	1614
20624	1525	4	34	14	0	1577
20625	51	7	9	1570	0	1637
20626	27	1	1530	42	0	1600
20627	16	2	1487	16	0	1521
20628	13	1449	37	18	0	1517
20629	9	1291	12	17	0	1329
20630	1050	15	44	9	0	1118
20631	12	0	6	1014	0	1032
20632	2	6	1037	6	0	1051
20633	3	6	6	1035	0	1050
20634	1052	5	1	8	0	1066
20635	13	0	1125	4	0	1142
20636	1150	1	10	6	0	1167
20637	1205	1	4	4	0	1214
20638	1188	0	1	8	0	1197
20639	15	1169	2	4	0	1190
20640	1218	8	7	3	0	1236
20641	19	2	2	1229	0	1252
20642	9	2	1	1226	0	1238
20643	8	2	2	1240	0	1252
20644	5	3	1	1236	0	1245
20645	1222	1	1	19	0	1243
20646	13	1189	0	10	0	1212
20647	3	1167	0	11	0	1181
20648	4	1199	2	6	0	1211
20649	1207	12	3	3	0	1225
20650	1211	5	0	4	0	1220
20651	1200	7	2	2	0	1211
20652	1190	5	1	1	0	1197
20653	18	4	0	1180	0	1202
20654	10	1	0	1190	0	1201
20655	1199	0	1	12	0	1212
20656	13	1182	0	5	0	1200
20657	1143	10	1	6	0	1160
20658	1168	2	0	10	0	1180
20659	14	2	0	1162	0	1178
20660	5	1161	2	12	0	1180
20661	6	12	0	1192	0	1210
20662	1192	1	0	16	0	1209
20663	16	3	1206	3	0	1228
20664	2	4	9	1191	0	1206
20665	3	1203	2	10	0	1218
20666	1217	10	2	4	0	1233
20667	1206	1	2	4	0	1213
20668	12	2	1218	3	0	1235
20669	5	1194	10	5	0	1214
20670	8	14	1223	1	0	1246
20671	6	1	11	1193	0	1211
20672	3	2	1199	10	0	1214
20673	0	0	1173	1	0	1174
20674	0	1169	8	4	0	1181
20675	1172	6	7	0	0	1185
20676	1182	1	2	4	0	1189
20677	11	1198	3	0	0	1212
20678	3	1181	4	0	0	1188
20679	4	12	1135	0	0	1151
20680	3	3	1109	1	0	1116
20681	5	2	1149	0	0	1156
20682	0	3	11	1155	0	1169
20683	0	3	1167	7	0	1177
20684	0	0	14	1144	0	1158
20685	0	2	4	1137	0	1143
20686	0	2	1154	10	0	1166
20687	2	1137	8	6	0	1153
20688	1	6	5	1149	0	1161
20689	1141	1	2	12	0	1156
20690	9	3	1	1147	0	1160
20691	4	0	1152	10	0	1166
20692	2	1139	9	1	0	1151
20693	2	1173	4	6	0	1185
20694	7	12	2	1149	0	1170
20695	1135	3	1	11	0	1150
20696	1115	4	3	2	0	1124
20697	12	5	2	1105	0	1124
20698	6	1155	1	9	0	1171
20699	4	11	0	1161	0	1176
20700	6	1	0	1195	0	1202
20701	5	3	0	1202	0	1210
20702	1248	2	0	22	0	1272
20703	22	1247	0	4	0	1273
20704	1257	23	1	7	0	1288
20705	1289	7	1	7	0	1304
20706	1293	3	1	5	0	1302
20707	1331	0	0	4	0	1335
20708	36	4	1	1291	0	1332
20709	15	2	1285	25	0	1327
20710	8	1306	22	6	0	1342
20711	1336	23	3	9	0	1371
20712	1389	6	3	2	0	1400
20713	1418	5	0	1	0	1424
20714	40	2	1381	0	0	1423
20715	1369	0	26	3	0	1398
20716	1416	0	6	3	0	1425
20717	34	1	3	1395	0	1433
20718	10	4	1319	29	0	1362
20719	6	1298	25	8	0	1337
20720	7	27	6	1293	0	1333
20721	1277	5	11	28	0	1321
20722	28	4	1	1268	0	1301
20723	6	3	0	1298	0	1307
20724	1300	1	0	30	0	1331
20725	31	0	1269	9	0	1309
20726	1271	1	29	6	0	1307
20727	1270	1	14	1	0	1286
20728	1280	2	4	2	0	1288
20729	1284	1	1	1	0	1287
20730	37	0	1240	2	0	1279
20731	11	5	28	1222	0	1266
20732	5	3	1224	27	0	1259
20733	3	1	30	1199	0	1233
20734	5	1	1196	29	0	1231
20735	1081	1	26	7	0	1115
20736	25	1059	7	4	0	1095
20737	6	1091	5	0	0	1102
20738	6	31	2	1166	0	1205
20739	2	5	3	1241	0	1251
20740	3	1268	0	29	0	1300
20741	1289	27	2	9	0	1327
20742	1397	9	0	7	0	1413
20743	1494	4	3	1	0	1502
20744	1604	2	0	1	0	1607
20745	53	1	1	1584	0	1639
20746	19	0	0	1669	0	1688
20747	1683	1	2	56	0	1742
20748	46	0	2	1668	0	1716
20749	16	3	1640	45	0	1704
20750	9	2	1666	14	0	1691
20751	7	1	54	1650	0	1712
20752	5	0	1649	48	0	1702
20753	1637	2	46	18	0	1703
20754	50	0	14	1652	0	1716
20755	1665	1	8	46	0	1720
20756	50	0	1659	18	0	1727
20757	18	1	50	1664	0	1733
20758	7	2	1656	52	0	1717
20759	4	1641	52	21	0	1718
20760	1627	45	17	7	0	1696
20761	1652	16	3	9	0	1680
20762	63	1608	3	5	0	1679
20763	1607	43	6	7	0	1663
20764	49	13	1	1588	0	1651
20765	20	5	6	1621	0	1652
20766	1584	5	1	61	0	1651
20767	48	1549	4	23	0	1624
20768	23	1593	3	8	0	1627
20769	9	56	3	1555	0	1623
20770	1532	17	3	46	0	1598
20771	1565	5	4	20	0	1594
20772	1583	2	2	11	0	1598
20773	71	0	1521	4	0	1596
20774	26	4	1524	4	0	1558
20775	10	1496	54	7	0	1567
20776	1502	43	18	12	0	1575
20777	48	17	9	1472	0	1546
20778	1481	9	2	46	0	1538
20779	1506	1	3	19	0	1529
20780	62	7	8	1456	0	1533
20781	27	5	1445	45	0	1522
20782	1456	4	44	21	0	1525
20783	55	1	20	1452	0	1528
20784	26	5	1447	48	0	1526
20785	1442	6	42	16	0	1506
20786	1477	3	17	15	0	1512
20787	63	4	8	1445	0	1520
20788	28	3	1437	49	0	1517
20789	19	5	40	1409	0	1473
20790	10	1430	21	49	0	1510
20791	11	43	1410	16	0	1480
20792	12	1442	46	13	0	1513
20793	1433	50	17	3	0	1503
20794	1464	15	9	11	0	1499
20795	1479	5	7	10	0	1501
20796	1470	2	5	10	0	1487
20797	75	7	6	1398	0	1486
20798	1364	4	8	49	0	1425
20799	52	7	10	1356	0	1425
20800	1320	5	3	48	0	1376
20801	50	1288	7	19	0	1364
20802	21	34	5	1222	0	1282
20803	23	1240	3	35	0	1301
20804	1243	31	8	16	0	1298
20805	1250	13	3	13	0	1279
20806	43	1201	8	12	0	1264
20807	27	26	6	1187	0	1246
20808	12	18	1170	32	0	1232
20809	13	10	32	1179	0	1234
20810	13	9	1145	36	0	1203
20811	16	12	33	1054	0	1115
20812	17	1087	15	32	0	1151
20813	1076	29	8	10	0	1123
20814	1091	10	3	14	0	1118
20815	39	8	9	1066	0	1122
20816	1092	3	5	30	0	1130
20817	40	4	5	1081	0	1130
20818	16	4	4	1107	0	1131
20819	14	8	6	1114	0	1142
20820	1096	3	1	43	0	1143
20821	1110	5	1	21	0	1137
20822	1122	2	5	12	0	1141
20823	50	1081	4	7	0	1142
20824	1072	29	5	12	0	1118
20825	34	1059	2	13	0	1108
20826	1064	28	5	9	0	1106
20827	42	11	3	1040	0	1096
20828	20	9	4	1068	0	1101
20829	1050	2	4	38	0	1094
20830	1057	10	3	19	0	1089
20831	46	1037	4	8	0	1095
20832	1051	31	2	9	0	1093
20833	40	14	2	1021	0	1077
20834	21	6	1	1051	0	1079
20835	1026	4	2	39	0	1071
20836	37	2	1006	25	0	1070
20837	19	973	22	17	0	1031
20838	15	28	8	883	0	934
20839	14	7	800	20	0	841
20840	3	22	17	729	0	771
20841	724	2	8	23	0	757
20842	20	639	3	7	0	669
20843	5	551	3	4	0	563
20844	2	471	0	5	0	478
20845	14	22	19	389	0	444
20846	370	1	21	9	0	401
20847	6	0	0	366	0	372
20848	366	0	0	3	0	369
20849	365	1	0	2	0	368
20850	4	0	1	364	0	369
20851	363	0	0	4	0	367
20852	3	0	0	373	0	376
20853	1	0	385	3	0	389
20854	392	0	4	0	0	396
20855	4	1	425	0	0	430
20856	410	0	2	2	0	414
20857	2	0	408	0	0	410
20858	0	0	2	390	0	392
20859	0	0	0	397	0	397
20860	398	0	0	2	0	400
20861	2	1	0	405	0	408
20862	410	0	0	3	0	413
20863	3	413	0	1	0	417
20864	430	4	0	2	0	436
20865	4	0	0	443	0	447
20866	0	0	0	451	0	451
20867	0	0	0	450	0	450
20868	0	0	0	451	0	451
20869	0	1	444	4	0	449
20870	0	2	433	0	0	435
20871	1	0	5	444	0	450
20872	0	0	452	4	0	456
20873	0	446	4	0	0	450
20874	0	4	1	452	0	457
20875	0	0	475	4	0	479
20876	0	1	471	0	0	472
20877	0	0	4	478	0	482
20878	0	0	0	483	0	483
20879	0	482	0	3	0	485
20880	0	4	0	490	0	494
20881	0	0	511	4	0	515
20882	498	0	4	0	0	502
20883	4	0	0	514	0	518
20884	529	0	0	4	0	533
20885	544	0	0	0	0	544
20886	547	0	0	0	0	547
20887	4	0	556	0	0	560
20888	0	0	549	0	0	549
20889	525	0	4	0	0	529
20890	4	0	567	0	0	571
20891	0	0	5	548	0	553
20892	0	0	0	557	0	557
20893	0	0	559	4	0	563
20894	0	559	4	2	0	565
20895	555	4	0	0	0	559
20896	4	559	0	0	0	563
20897	0	582	0	0	0	582
20898	577	5	0	0	0	582
20899	5	0	592	0	0	597
20900	0	0	601	0	0	601
20901	0	0	6	579	0	585
20902	594	0	0	6	0	600
20903	6	600	0	4	0	610
20904	605	5	0	1	0	611
20905	6	0	619	0	0	625
20906	0	655	6	0	0	661
20907	0	5	0	691	0	696
20908	0	0	701	6	0	707
20909	1	0	7	695	0	703
20910	2	0	3	615	0	620
20911	0	1	0	714	0	715
20912	0	0	0	702	0	702
20913	700	0	0	8	0	708
20914	702	0	1	1	0	704
20915	11	0	707	0	0	718
20916	676	0	9	2	0	687
20917	10	692	1	0	0	703
20918	691	7	0	0	0	698
20919	10	0	684	0	0	694
20920	1	1	9	681	0	692
20921	0	0	696	8	0	704
20922	1	0	688	0	0	689
20923	0	1	9	671	0	681
20924	0	0	1	685	0	686
20925	0	0	670	10	0	680
20926	0	657	9	1	0	667
20927	0	675	1	0	0	676
20928	1	8	0	680	0	689
20929	672	2	0	8	0	682
20930	6	701	0	1	0	708
20931	2	7	687	1	0	697
20932	0	1	665	0	0	666
20933	1	0	697	1	0	699
20934	1	0	9	680	0	690
20935	687	0	0	8	0	695
20936	8	671	0	2	0	681
20937	3	7	668	1	0	679
20938	0	672	8	1	0	681
20939	1	8	2	675	0	686
20940	2	1	676	8	0	687
20941	0	674	10	1	0	685
20942	1	6	1	675	0	683
20943	0	2	0	697	0	699
20944	1	0	701	9	0	711
20945	1	0	8	685	0	694
20946	2	682	1	7	0	692
20947	1	8	681	1	0	691
20948	673	2	9	1	0	685
20949	8	0	0	700	0	708
20950	1	1	1	699	0	702
20951	1	703	2	6	0	712
20952	693	8	1	2	0	704
20953	8	2	680	1	0	691
20954	651	0	8	2	0	661
20955	9	1	2	640	0	652
20956	1	650	1	8	0	660
20957	0	8	1	652	0	661
20958	0	1	2	678	0	681
20959	668	1	2	10	0	681
20960	679	1	0	4	0	684
20961	10	1	0	680	0	691
20962	1	2	677	5	0	685
20963	630	1	8	2	0	641
20964	7	654	1	0	0	662
20965	2	7	1	658	0	668
20966	0	2	3	667	0	672
20967	1	1	0	675	0	677
20968	0	0	662	10	0	672
20969	1	1	5	654	0	661
20970	0	662	4	7	0	673
20971	0	8	0	656	0	664
20972	0	662	1	7	0	670
20973	2	8	3	661	0	674
20974	1	3	654	8	0	666
20975	595	0	8	6	0	609
20976	8	0	3	637	0	648
20977	2	1	652	6	0	661
20978	1	657	7	2	0	667
20979	662	8	3	0	0	673
20980	10	2	652	0	0	664
20981	627	1	8	2	0	638
20982	7	1	2	637	0	647
20983	2	0	0	647	0	649
20984	0	627	0	8	0	635
20985	622	7	0	1	0	630
20986	613	2	0	0	0	615
20987	7	658	0	1	0	666
20988	2	6	1	669	0	678
20989	1	2	0	673	0	676
20990	0	1	0	664	0	665
20991	0	0	653	10	0	663
20992	636	0	7	5	0	648
20993	7	0	2	656	0	665
20994	3	0	2	659	0	664
20995	1	1	650	10	0	662
20996	1	1	632	3	0	637
20997	0	1	7	652	0	660
20998	1	1	663	7	0	672
20999	636	1	8	3	0	648
21000	6	0	2	645	0	653
21001	3	1	1	656	0	661
21002	1	0	686	10	0	697
21003	1	2	6	696	0	705
21004	1	1	713	7	0	722
21005	2	684	8	4	0	698
21006	635	7	11	5	0	658
21007	627	1	2	2	0	632
21008	5	622	0	1	0	628
21009	2	5	0	644	0	651
21010	2	1	652	5	0	660
21011	1	1	4	648	0	654
21012	654	0	1	7	0	662
21013	3	654	2	2	0	661
21014	653	2	1	3	0	659
21015	3	3	1	645	0	652
21016	644	1	0	5	0	650
21017	3	641	1	1	0	646
21018	640	3	0	2	0	645
21019	3	1	638	3	0	645
21020	2	652	2	2	0	658
21021	2	2	2	654	0	660
21022	673	1	4	5	0	683
21023	683	2	1	1	0	687
21024	5	1	0	679	0	685
21025	691	0	1	3	0	695
21026	694	0	1	1	0	696
21027	708	1	1	2	0	712
21028	4	0	0	712	0	716
21029	2	1	719	3	0	725
21030	3	0	669	2	0	674
21031	2	0	703	2	0	707
21032	716	2	7	1	0	726
21033	6	0	3	717	0	726
21034	1	738	1	7	0	747
21035	2	5	0	747	0	754
21036	0	754	1	5	0	760
21037	778	4	0	1	0	783
21038	6	1	1	787	0	795
21039	1	3	0	812	0	816
21040	818	0	1	8	0	827
21041	5	0	1	828	0	834
21042	3	0	0	847	0	850
21043	866	0	1	9	0	876
21044	9	1	881	3	0	894
21045	4	0	10	892	0	906
21046	2	0	897	12	0	911
21047	882	0	11	4	0	897
21048	9	1	3	903	0	916
21049	889	0	3	10	0	902
21050	11	0	1	905	0	917
21051	5	1	924	11	0	941
21052	2	0	10	949	0	961
21053	955	1	2	14	0	972
21054	10	960	2	6	0	978
21055	2	11	956	2	0	971
21056	916	2	11	4	0	933
21057	12	937	2	1	0	952
21058	3	953	1	1	0	958
21059	2	1021	0	4	0	1027
21060	0	14	1	1151	0	1166
21061	1170	6	1	20	0	1197
21062	1259	4	1	4	0	1268
21063	29	3	1243	1	0	1276
21064	1241	0	21	3	0	1265
21065	27	1229	5	1	0	1262
21066	8	22	4	1255	0	1289
21067	1304	4	1	23	0	1332
21068	1329	2	0	6	0	1337
21069	1337	1	2	4	0	1344
21070	1329	1	1	2	0	1333
21071	1337	1	1	2	0	1341
21072	32	0	1	1305	0	1338
21073	12	1	1293	22	0	1328
21074	5	1	21	1322	0	1349
21075	6	0	2	1342	0	1350
21076	1325	0	2	29	0	1356
21077	26	1281	3	7	0	1317
21078	1294	21	0	7	0	1322
21079	1336	5	2	3	0	1346
21080	1362	2	1	3	0	1368
21081	1374	1	3	2	0	1380
21082	39	0	1342	1	0	1382
21083	1343	1	24	3	0	1371
21084	1389	3	4	4	0	1400
21085	1230	3	3	3	0	1239
21086	1390	2	2	2	0	1396
21087	39	1	1	1312	0	1353
21088	14	0	1283	27	0	1324
21089	1284	0	22	9	0	1315
21090	34	1304	6	2	0	1346
21091	10	23	2	1279	0	1314
21092	5	1316	4	23	0	1348
21093	10	26	1	1351	0	1388
21094	1357	6	2	30	0	1395
21095	1377	2	1	9	0	1389
21096	1382	6	4	2	0	1394
21097	36	3	1307	4	0	1350
21098	1332	2	22	4	0	1360
21099	36	2	1326	3	0	1367
21100	15	2	1329	2	0	1348
21101	9	2	1351	2	0	1364
21102	11	0	32	1272	0	1315
21103	11	0	7	1327	0	1345
21104	9	2	4	1327	0	1342
21105	5	1	6	1323	0	1335
21106	6	3	3	1278	0	1290
21107	5	1	3	1324	0	1333
21108	8	1305	3	30	0	1346
21109	1298	29	2	9	0	1338
21110	29	1313	2	9	0	1353
21111	7	26	3	1327	0	1363
21112	7	8	1	1353	0	1369
21113	1329	3	1	36	0	1369
21114	28	1326	3	12	0	1369
21115	1343	25	2	6	0	1376
21116	33	8	1	1335	0	1377
21117	14	2	2	1347	0	1365
21118	11	3	3	1359	0	1376
21119	7	5	1326	35	0	1373
21120	3	3	30	1326	0	1362
21121	8	0	1305	30	0	1343
21122	3	3	1260	16	0	1282
21123	5	1	1363	9	0	1378
21124	5	6	27	1354	0	1392
21125	5	1	10	1394	0	1410
21126	6	1	2	1404	0	1413
21127	1388	4	7	36	0	1435
21128	34	4	3	1415	0	1456
21129	1429	2	6	36	0	1473
21130	31	1433	3	12	0	1479
21131	1491	27	4	8	0	1530
21132	1578	6	4	6	0	1594
21133	43	1583	3	3	0	1632
21134	1557	32	1	11	0	1601
21135	1593	2	2	10	0	1607
21136	1600	4	5	7	0	1616
21137	1591	3	7	9	0	1610
21138	47	2	1540	7	0	1596
21139	10	1519	34	11	0	1574
21140	10	35	8	1512	0	1565
21141	1501	5	8	39	0	1553
21142	39	4	1507	8	0	1558
21143	13	1469	31	10	0	1523
21144	6	30	8	1412	0	1456
21145	13	1445	3	27	0	1488
21146	10	32	3	1465	0	1510
21147	11	8	3	1480	0	1502
21148	11	4	1460	37	0	1512
21149	8	5	1449	9	0	1471
21150	1395	3	31	7	0	1436
21151	36	4	1433	6	0	1479
21152	13	7	1410	8	0	1438
21153	9	4	38	1385	0	1436
21154	15	5	8	1390	0	1418
21155	7	1381	10	32	0	1430
21156	9	1499	5	10	0	1523
21157	6	31	1532	9	0	1578
21158	7	24	42	1551	0	1624
21159	8	5	1524	36	0	1573
21160	4	3	1366	4	0	1377
21161	3	1356	28	6	0	1393
21162	9	21	12	1277	0	1319
21163	1283	0	4	23	0	1310
21164	20	2	3	1284	0	1309
21165	1284	3	5	22	0	1314
21166	1285	2	4	3	0	1294
21167	1263	4	4	5	0	1276
21168	20	4	1251	3	0	1278
21169	1250	1	22	8	0	1281
21170	21	3	5	1273	0	1302
21171	1284	2	4	23	0	1313
21172	1306	4	2	4	0	1316
21173	19	1269	4	6	0	1298
21174	1281	19	5	2	0	1307
21175	23	0	1287	8	0	1318
21176	1258	1	21	2	0	1282
21177	1283	1	5	3	0	1292
21178	23	1287	1	2	0	1313
21179	1275	18	1	6	0	1300
21180	26	3	1	1222	0	1252
21181	6	2	2	1226	0	1236
21182	10	1211	2	16	0	1239
21183	9	18	2	1224	0	1253
21184	6	3	6	1236	0	1251
21185	9	2	1232	20	0	1263
21186	6	2	1219	6	0	1233
21187	1198	5	15	4	0	1222
21188	1246	3	1	4	0	1254
21189	22	4	1	1233	0	1260
21190	5	2	1221	22	0	1250
21191	4	1226	20	3	0	1253
21192	6	17	4	1218	0	1245
21193	4	6	1218	20	0	1248
21194	1184	1	19	7	0	1211
21195	20	2	4	1242	0	1268
21196	4	1253	5	22	0	1284
21197	5	22	5	1264	0	1296
21198	5	3	2	1306	0	1316
21199	6	1	5	1301	0	1313
21200	1270	4	5	27	0	1306
21201	27	1	4	1265	0	1297
21202	1268	2	4	29	0	1303
21203	1300	4	4	4	0	1312
21204	29	2	1269	6	0	1306
21205	8	1275	24	5	0	1312
21206	4	24	5	1217	0	1250
21207	8	1366	4	21	0	1399
21208	1394	28	4	10	0	1436
21209	31	6	3	1391	0	1431
21210	5	7	1372	35	0	1419
21211	10	3	1374	7	0	1394
21212	8	4	1391	8	0	1411
21213	1373	2	34	8	0	1417
21214	27	1382	7	6	0	1422
21215	1377	28	6	6	0	1417
21216	29	1395	4	9	0	1437
21217	9	27	5	1392	0	1433
21218	8	7	4	1396	0	1415
21219	9	1387	5	32	0	1433
21220	9	29	1393	7	0	1438
21221	4	1407	33	4	0	1448
21222	1379	30	17	5	0	1431
21223	32	9	6	1326	0	1373
21224	11	4	1299	29	0	1343
21225	5	5	1311	6	0	1327
21226	7	8	28	1296	0	1339
21227	7	3	1274	28	0	1312
21228	5	4	1239	7	0	1255
21229	1159	7	33	4	0	1203
21230	24	1173	10	8	0	1215
21231	1129	22	4	6	0	1161
21232	24	6	1113	5	0	1148
21233	8	1054	22	6	0	1090
21234	5	1087	8	4	0	1104
21235	4	26	17	1060	0	1107
21236	6	7	7	1102	0	1122
21237	5	4	6	1120	0	1135
21238	4	4	1091	31	0	1130
21239	2	5	23	1097	0	1127
21240	7	4	5	1123	0	1139
21241	1101	3	2	31	0	1137
21242	21	1091	3	13	0	1128
21243	6	20	6	1102	0	1134
21244	1095	7	3	27	0	1132
21245	1094	5	3	8	0	1110
21246	27	3	1	1070	0	1101
21247	8	4	1075	24	0	1111
21248	7	1	20	1085	0	1113
21249	3	3	1076	26	0	1108
21250	1091	1	21	9	0	1122
21251	1188	2	6	8	0	1204
21252	27	5	5	1224	0	1261
21253	9	1	1258	26	0	1294
21254	8	1341	23	9	0	1381
21255	7	31	1362	7	0	1407
21256	6	20	27	1223	0	1276
21257	2	1261	8	27	0	1298
21258	1189	22	6	9	0	1226
21259	23	9	2	1171	0	1205
21260	9	1177	8	22	0	1216
21261	1197	25	1	10	0	1233
21262	29	7	2	1184	0	1222
21263	7	1177	3	27	0	1214
21264	4	26	4	1187	0	1221
21265	3	10	1179	29	0	1221
21266	1156	3	25	8	0	1192
21267	1175	6	6	6	0	1193
21268	33	3	1145	5	0	1186
21269	13	1134	24	6	0	1177
21270	1150	28	9	4	0	1191
21271	27	8	5	1142	0	1182
21272	10	3	7	1150	0	1170
21273	5	5	2	1168	0	1180
21274	5	5	3	1158	0	1171
21275	4	1	5	1154	0	1164
21276	1126	3	3	38	0	1170
21277	1158	0	0	20	0	1178
21278	30	1	4	1134	0	1169
21279	8	4	2	1153	0	1167
21280	5	3	1128	35	0	1171
21281	8	0	1122	21	0	1151
21282	1113	3	28	10	0	1154
21283	29	1	8	1118	0	1156
21284	9	0	1107	31	0	1147
21285	4	5	27	1105	0	1141
21286	1107	0	9	33	0	1149
21287	1133	1	6	13	0	1153
21288	32	3	6	1109	0	1150
21289	11	0	4	1139	0	1154
21290	1121	1	4	37	0	1163
21291	33	2	4	1110	0	1149
21292	12	1107	2	34	0	1155
21293	9	22	5	1114	0	1150
21294	4	12	1	1126	0	1143
21295	5	3	1090	33	0	1131
21296	2	2	1062	16	0	1082
21297	6	1077	29	10	0	1122
21298	1063	20	9	7	0	1099
21299	1049	7	6	8	0	1070
21300	1050	3	3	8	0	1064
21301	31	1014	1	4	0	1050
21302	11	1056	3	3	0	1073
21303	1033	25	2	4	0	1064
21304	22	1054	1	5	0	1082
21305	6	23	1031	5	0	1065
21306	5	1021	23	1	0	1050
21307	7	19	957	1	0	984
21308	908	9	17	3	0	937
21309	930	7	4	2	0	943
21310	19	917	4	8	0	948
21311	940	19	3	2	0	964
21312	1026	3	5	1	0	1035
21313	1043	7	0	3	0	1053
21314	25	6	2	1025	0	1058
21315	1034	4	1	21	0	1060
21316	30	2	1001	6	0	1039
21317	1010	6	16	6	0	1038
21318	33	3	4	1018	0	1058
21319	11	1	1001	26	0	1039
21320	9	5	1002	8	0	1024
21321	7	3	25	1009	0	1044
21322	13	0	7	1039	0	1059
21323	1039	3	8	26	0	1076
21324	28	2	7	1031	0	1068
21325	5	2	1027	32	0	1066
21326	6	3	25	1012	0	1046
21327	7	1058	6	26	0	1097
21328	1090	20	3	12	0	1125
21329	22	4	4	1103	0	1133
21330	9	4	1086	28	0	1127
21331	8	1084	20	10	0	1122
21332	1043	21	7	7	0	1078
21333	26	3	4	1054	0	1087
21334	7	5	1054	26	0	1092
21335	6	1042	25	8	0	1081
21336	1030	22	10	10	0	1072
21337	1028	4	7	7	0	1046
21338	1032	7	5	4	0	1048
21339	26	2	5	1017	0	1050
21340	9	3	2	1032	0	1046
21341	1017	3	6	21	0	1047
21342	26	1007	2	7	0	1042
21343	1016	18	0	6	0	1040
21344	26	2	1	1015	0	1044
21345	1045	2	1	27	0	1075
21346	25	3	3	1053	0	1084
21347	7	5	4	1059	0	1075
21348	12	3	0	1059	0	1074
21349	7	1	1	1067	0	1076
21350	7	1	997	20	0	1025
21351	5	1	934	8	0	948
21352	849	1	15	10	0	875
21353	14	1	882	9	0	906
21354	4	3	763	5	0	775
21355	734	1	14	4	0	753
21356	761	0	7	2	0	770
21357	12	0	5	835	0	852
21358	856	2	3	11	0	872
21359	10	869	2	3	0	884
21360	896	6	1	4	0	907
21361	885	1	3	3	0	892
21362	912	3	1	4	0	920
21363	11	2	1	914	0	928
21364	6	894	1	7	0	908
21365	7	911	1	6	0	925
21366	924	7	1	4	0	936
21367	935	3	3	3	0	944
21368	12	2	0	926	0	940
21369	4	3	1	930	0	938
21370	3	913	5	8	0	929
21371	916	8	2	4	0	930
21372	12	2	913	3	0	930
21373	3	2	7	919	0	931
21374	6	1	0	926	0	933
21375	6	2	926	10	0	944
21376	5	1	8	912	0	926
21377	3	738	4	14	0	759
21378	2	10	3	938	0	953
21379	6	1	0	936	0	943
21380	4	873	2	10	0	889
21381	2	946	3	5	0	956
21382	4	8	3	951	0	966
21383	976	4	0	9	0	989
21384	7	3	0	982	0	992
21385	2	2	1	991	0	996
21386	3	1019	3	5	0	1030
21387	4	11	3	1056	0	1074
21388	5	0	2	1059	0	1066
21389	5	2	1	1056	0	1064
21390	1071	3	1	10	0	1085
21391	7	3	3	1062	0	1075
21392	4	2	2	1056	0	1064
21393	6	3	0	1059	0	1068
21394	4	2	1035	12	0	1053
21395	965	2	7	8	0	982
21396	10	1025	1	6	0	1042
21397	1043	6	2	5	0	1056
21398	11	1	1	1041	0	1054
21399	4	1	1032	10	0	1047
21400	969	3	6	5	0	983
21401	7	5	1181	2	0	1195
21402	9	4	10	1177	0	1200
21403	1243	0	1	9	0	1253
21404	1220	1	4	4	0	1229
21405	1279	0	3	6	0	1288
21406	11	2	1	1290	0	1304
21407	5	3	1	1301	0	1310
21408	7	3	1	1315	0	1326
21409	4	1267	1	9	0	1281
21410	4	1267	0	6	0	1277
21411	2	1255	1	6	0	1264
21412	2	1240	0	0	0	1242
21413	2	1	1	1260	0	1264
21414	0	0	1	1266	0	1267
21415	1270	0	0	5	0	1275
21416	1257	0	1	1	0	1259
21417	1298	0	1	3	0	1302
21418	3	1	0	1301	0	1305
21419	0	1	0	1319	0	1320
21420	1327	0	1	6	0	1334
21421	1311	1	0	2	0	1314
21422	5	1	1310	0	0	1316
21423	1	1	1233	2	0	1237
21424	2	0	1284	2	0	1288
21425	2	0	1344	1	0	1347
21426	0	0	4	1358	0	1362
21427	1344	1	1	4	0	1350
21428	3	1316	1	5	0	1325
21429	1	3	0	1360	0	1364
21430	0	1	1380	4	0	1385
21431	1	1452	4	3	0	1460
21432	1	3	1	1477	0	1482
21433	0	1	1468	5	0	1474
21434	0	0	3	1445	0	1448
21435	0	0	2	1473	0	1475
21436	1494	0	1	4	0	1499
21437	3	1	0	1493	0	1497
21438	3	2	1512	4	0	1521
21439	1	0	3	1496	0	1500
21440	0	1597	3	4	0	1604
21441	1	2	1	1699	0	1703
21442	1	1	1	1693	0	1696
21443	0	0	1	1700	0	1701
21444	1728	0	1	6	0	1735
21445	1716	0	0	1	0	1717
21446	1739	0	0	1	0	1740
21447	1755	0	0	1	0	1756
21448	4	0	1728	3	0	1735
21449	1695	0	3	3	0	1701
21450	1743	0	1	2	0	1746
21451	5	1	1721	0	0	1727
21452	1	0	1788	0	0	1789
21453	1	0	5	1799	0	1805
21454	0	1813	1	3	0	1817
21455	1870	3	0	2	0	1875
21456	1892	1	0	1	0	1894
21457	1873	0	0	1	0	1874
21458	4	0	0	1851	0	1855
21459	2	1913	0	3	0	1918
21460	1971	3	0	2	0	1976
21461	1999	1	0	1	0	2001
21462	4	0	0	1997	0	2001
21463	1	0	1966	3	0	1970
21464	1962	0	3	2	0	1967
21465	3	0	1	2032	0	2036
21466	2069	0	0	3	0	2072
21467	3	0	0	2092	0	2095
21468	1	0	2093	3	0	2097
21469	2155	0	3	4	0	2162
21470	3	0	1	2208	0	2212
21471	2	0	0	2203	0	2205
21472	0	0	1	2216	0	2217
21473	0	0	0	2211	0	2211
21474	2225	0	0	4	0	2229
21475	3	0	0	2214	0	2217
21476	1	2212	0	6	0	2219
21477	1	6	0	2248	0	2255
21478	0	2242	0	3	0	2245
21479	0	7	0	2280	0	2287
21480	0	1	0	2303	0	2304
21481	0	2259	0	8	0	2267
21482	0	6	0	2313	0	2319
21483	0	1	0	2282	0	2283
21484	2282	0	0	9	0	2291
21485	8	0	2325	2	0	2335
21486	2	0	9	2304	0	2315
21487	2332	0	4	11	0	2347
21488	2345	0	0	2	0	2347
21489	2368	0	0	1	0	2369
21490	12	0	2367	0	0	2379
21491	3	0	2399	0	0	2402
21492	5	1	18	2472	0	2496
21493	2513	0	10	14	0	2537
21494	13	2	2475	8	0	2498
21495	2437	0	14	3	0	2454
21496	14	2542	8	1	0	2565
21497	8	12	2	2690	0	2712
21498	4	6	0	2760	0	2770
21499	2789	2	1	22	0	2814
21500	16	0	0	2817	0	2833
21501	2695	1	0	18	0	2714
21502	2728	0	0	11	0	2739
21503	21	2	0	2717	0	2740
21504	11	0	1	2729	0	2741
21505	2697	0	0	26	0	2723
21506	16	0	2826	11	0	2853
21507	2795	0	15	6	0	2816
21508	18	1	2943	2	0	2964
21509	2983	1	16	2	0	3002
21510	3145	0	7	6	0	3158
21511	3114	1	3	1	0	3119
21512	3066	1	0	4	0	3071
21513	25	3076	1	2	0	3104
21514	3156	15	0	1	0	3172
21515	3161	8	0	5	0	3174
21516	23	3254	1	4	0	3282
21517	3286	16	1	1	0	3304
21518	18	11	3223	1	0	3253
21519	3213	2	16	7	0	3238
21520	24	4	3265	1	0	3294
21521	9	1	22	3278	0	3310
21522	4	2	7	3281	0	3294
21523	4	0	3283	27	0	3314
21524	2	0	19	3277	0	3298
21525	25	13	42	2187	0	2267
21526	3397	0	4	31	0	3432
21527	22	0	3	3429	0	3454
21528	11	0	1	3414	0	3426
21529	3	0	1	3447	0	3451
21530	1	3351	2	33	0	3387
21531	2	24	0	3349	0	3375
21532	3361	7	1	28	0	3397
21533	25	3	3413	13	0	3454
21534	12	0	27	3479	0	3518
21535	6	1	3482	30	0	3519
21536	3471	2	32	11	0	3516
21537	37	0	9	3693	0	3739
21538	13	5	4563	42	0	4623
21539	4	1	88	4617	0	4710
21540	6	2	58	4591	0	4657
21541	4	4582	40	156	0	4782
21542	6	85	12	4842	0	4945
21543	2	60	7	5158	0	5227
21544	4	45	5062	182	0	5293
21545	8	12	102	5136	0	5258
21546	7	12	65	5223	0	5307
21547	5019	6	40	201	0	5266
21548	5054	4	19	123	0	5200
21549	162	4994	14	77	0	5247
21550	5144	106	13	42	0	5305
21551	5154	70	15	44	0	5283
21552	188	5215	21	37	0	5461
21553	122	122	12	5231	0	5487
21554	5273	73	9	140	0	5495
21555	5304	56	13	91	0	5464
21556	5258	22	10	73	0	5363
21557	242	5107	10	39	0	5398
21558	147	120	5176	37	0	5480
21559	5266	78	105	41	0	5490
21560	5352	59	62	41	0	5514
21561	218	5297	49	40	0	5604
21562	5411	133	12	37	0	5593
21563	5527	87	13	23	0	5650
21564	246	60	11	5370	0	5687
21565	156	44	5376	142	0	5718
21566	104	31	130	5496	0	5761
21567	80	15	75	5572	0	5742
21568	67	25	53	5624	0	5769
21569	59	25	5350	252	0	5686
21570	57	16	132	5340	0	5545
21571	54	22	84	5513	0	5673
21572	47	10	62	5557	0	5676
21573	40	16	26	5603	0	5685
21574	35	12	22	5608	0	5677
21575	35	5365	22	323	0	5745
21576	34	122	19	5562	0	5737
21577	25	79	30	5758	0	5892
21578	21	55	5513	277	0	5866
21579	26	16	136	6003	0	6181
21580	27	21	82	6150	0	6280
21581	25	12	55	6430	0	6522
21582	21	20	29	6569	0	6639
21583	6347	23	29	360	0	6759
21584	170	12	23	6582	0	6787
21585	112	22	19	6595	0	6748
21586	75	22	6233	334	0	6664
21587	47	6028	151	246	0	6472
21588	29	6348	104	168	0	6649
21589	6213	231	71	122	0	6637
21590	167	6297	41	113	0	6618
21591	116	205	17	6203	0	6541
21592	6149	116	22	241	0	6528
21593	183	77	6116	185	0	6561
21594	124	48	164	6212	0	6548
21595	87	6162	109	227	0	6585
21596	53	171	60	6199	0	6483
21597	54	6166	33	260	0	6513
21598	46	215	25	6246	0	6532
21599	6104	132	17	263	0	6516
21600	192	95	6207	164	0	6658
21601	136	49	165	6126	0	6476
21602	91	6215	118	251	0	6675
21603	6193	190	76	185	0	6644
21604	203	135	6141	142	0	6621
21605	142	89	178	6159	0	6568
21606	109	57	5995	237	0	6398
21607	69	47	232	6016	0	6364
21608	61	32	5899	286	0	6278
21609	41	56	233	5841	0	6171
21610	45	26	132	5934	0	6137
21611	5671	46	92	322	0	6131
21612	5807	37	59	240	0	6143
21613	289	33	45	5662	0	6029
21614	179	5562	54	259	0	6054
21615	96	172	46	5778	0	6092
21616	52	118	46	5748	0	5964
21617	5428	65	42	364	0	5899
21618	191	5435	41	251	0	5918
21619	5482	183	23	171	0	5859
21620	5547	121	38	115	0	5821
21621	279	5267	25	135	0	5706
21622	175	5488	33	128	0	5824
21623	5425	243	30	135	0	5833
21624	222	145	5286	130	0	5783
21625	5357	98	180	111	0	5746
21626	5409	64	109	104	0	5686
21627	310	5198	71	107	0	5686
21628	221	190	47	4933	0	5391
21629	123	5253	42	222	0	5640
21630	5181	246	31	158	0	5616
21631	5345	135	38	134	0	5652
21632	288	111	39	5170	0	5608
21633	219	79	34	5223	0	5555
21634	4989	67	26	309	0	5391
21635	221	4931	22	222	0	5396
21636	165	4858	29	158	0	5210
21637	131	4825	31	99	0	5086
21638	49	3725	13	66	0	3853
21639	51	3786	17	72	0	3926
21640	70	186	52	3596	0	3904
21641	34	79	3482	148	0	3743
21642	53	3456	73	89	0	3671
21643	3155	108	43	40	0	3346
21644	98	54	30	3089	0	3271
21645	3087	47	18	96	0	3248
21646	97	3068	18	60	0	3243
21647	3096	90	26	44	0	3256
21648	106	3103	30	40	0	3279
21649	65	94	31	3103	0	3293
21650	3099	55	20	99	0	3273
21651	3158	32	27	59	0	3276
21652	122	28	20	3113	0	3283
21653	67	26	15	3126	0	3234
21654	55	3049	14	130	0	3248
21655	46	84	14	3092	0	3236
21656	41	49	7	3133	0	3230
21657	39	51	5	3089	0	3184
21658	40	2933	6	150	0	3129
21659	2763	70	11	75	0	2919
21660	80	2797	11	56	0	2944
21661	2708	98	8	40	0	2854
21662	100	2709	4	31	0	2844
21663	69	82	2624	31	0	2806
21664	40	52	65	2602	0	2759
21665	36	39	2559	70	0	2704
21666	39	28	2519	45	0	2631
21667	35	28	97	2469	0	2629
21668	31	27	2491	74	0	2623
21669	33	21	71	2461	0	2586
21670	38	23	47	2482	0	2590
21671	40	11	22	2532	0	2605
21672	2459	19	20	115	0	2613
21673	80	23	8	2489	0	2600
21674	56	27	9	2494	0	2586
21675	2363	13	4	121	0	2501
21676	85	2309	5	72	0	2471
21677	57	2176	4	38	0	2275
21678	42	2229	2	29	0	2302
21679	31	154	9	1706	0	1900
21680	18	32	1731	47	0	1828
21681	1412	43	49	26	0	1530
21682	44	1436	9	12	0	1501
21683	1318	28	10	9	0	1365
21684	1320	15	5	6	0	1346
21685	1332	12	2	6	0	1352
21686	42	15	1309	2	0	1368
21687	19	8	22	1317	0	1366
21688	11	9	11	1338	0	1369
21689	21	5	7	1347	0	1380
21690	18	9	5	1311	0	1343
21691	8	1300	3	40	0	1351
21692	1297	22	2	27	0	1348
21693	24	16	1225	12	0	1277
21694	1159	8	18	10	0	1195
21695	36	15	5	1111	0	1167
21696	14	1091	4	25	0	1134
21697	10	1118	2	13	0	1143
21698	12	68	4	986	0	1070
21699	6	1028	1	20	0	1055
21700	841	11	0	3	0	855
21701	7	4	820	1	0	832
21702	2	4	6	761	0	773
21703	0	0	2	782	0	784
21704	1	0	2	785	0	788
21705	0	2	0	783	0	785
21706	786	1	0	7	0	794
21707	7	0	1	840	0	848
21708	935	0	0	7	0	942
21709	12	0	1	956	0	969
21710	2	0	1	1027	0	1030
21711	3	1053	0	17	0	1073
21712	1099	16	0	7	0	1122
21713	1146	3	0	4	0	1153
21714	22	1122	0	2	0	1146
21715	10	18	1	1057	0	1086
21716	3	1097	1	15	0	1116
21717	1095	17	1	7	0	1120
21718	18	7	1084	9	0	1118
21719	9	4	1080	2	0	1095
21720	1055	2	22	1	0	1080
21721	15	1072	9	5	0	1101
21722	7	21	3	1067	0	1098
21723	4	7	0	1088	0	1099
21724	1	4	1072	22	0	1099
21725	1	1	16	1078	0	1096
21726	2	0	8	1098	0	1108
21727	1	1065	4	21	0	1091
21728	2	17	0	1081	0	1100
21729	2	7	0	1083	0	1092
21730	1051	5	1	26	0	1083
21731	18	1029	1	14	0	1062
21732	7	1050	2	6	0	1065
21733	3	20	1	1045	0	1069
21734	0	12	1	1060	0	1073
21735	2	4	1	1062	0	1069
21736	3	1031	0	29	0	1063
21737	2	16	0	1055	0	1073
21738	1	7	1	1051	0	1060
21739	0	4	1	1065	0	1070
21740	1	1	1	1062	0	1065
21741	0	1077	1	27	0	1105
21742	0	1132	1	18	0	1151
21743	1124	27	0	7	0	1158
21744	1140	9	1	3	0	1153
21745	30	4	0	1128	0	1162
21746	11	1	1125	25	0	1162
21747	3	2	21	1144	0	1170
21748	0	4	8	1140	0	1152
21749	1093	3	3	34	0	1133
21750	25	1141	0	13	0	1179
21751	10	22	0	1144	0	1176
21752	5	12	1	1167	0	1185
21753	1	4	1135	34	0	1174
21754	1	2	1161	16	0	1180
21755	2	1	28	1150	0	1181
21756	4	4	13	1148	0	1169
21757	2	1142	5	30	0	1179
21758	2	1166	2	16	0	1186
21759	1151	29	1	8	0	1189
21760	22	10	3	1167	0	1202
21761	8	3	1157	25	0	1193
21762	3	1152	24	12	0	1191
21763	3	20	9	1173	0	1205
21764	1159	12	3	23	0	1197
21765	21	5	0	1171	0	1197
21766	1149	3	2	27	0	1181
21767	25	1143	2	17	0	1187
21768	1135	23	1	9	0	1168
21769	26	14	2	1143	0	1185
21770	12	9	1184	21	0	1226
21771	8	2	22	1188	0	1220
21772	5	1208	8	31	0	1252
21773	2	22	7	1217	0	1248
21774	3	1260	3	29	0	1295
21775	3	34	1	1292	0	1330
21776	3	9	1253	40	0	1305
21777	2	6	1262	16	0	1286
21778	1	8	1275	5	0	1289
21779	1251	3	39	6	0	1299
21780	29	1246	13	6	0	1294
21781	10	1285	6	6	0	1307
21782	1237	39	3	7	0	1286
21783	1253	12	4	9	0	1278
21784	39	5	3	1227	0	1274
21785	15	4	1227	35	0	1281
21786	9	3	1208	14	0	1234
21787	6	5	36	1187	0	1234
21788	1181	5	12	36	0	1234
21789	32	1186	5	15	0	1238
21790	12	32	3	1195	0	1242
21791	1176	13	2	36	0	1227
21792	1200	5	5	18	0	1228
21793	38	2	1167	9	0	1216
21794	1161	4	28	10	0	1203
21795	33	6	1187	9	0	1235
21796	13	5	1223	8	0	1249
21797	5	4	41	1161	0	1211
21798	6	2	17	1199	0	1224
21799	4	5	3	1208	0	1220
21800	3	6	1161	43	0	1213
21801	1170	9	30	18	0	1227
21802	38	3	14	1206	0	1261
21803	1206	2	7	37	0	1252
21804	1218	6	6	19	0	1249
21805	38	1190	6	11	0	1245
21806	15	1231	7	9	0	1262
21807	10	1197	3	9	0	1219
21808	8	44	7	1066	0	1125
21809	7	16	1070	25	0	1118
21810	5	35	24	954	0	1018
21811	7	958	9	20	0	994
21812	5	943	3	10	0	961
21813	7	22	6	906	0	941
21814	899	5	2	22	0	928
21815	20	886	5	9	0	920
21816	7	900	4	6	0	917
21817	892	22	1	5	0	920
21818	21	6	2	895	0	924
21819	7	3	4	909	0	923
21820	5	1	5	926	0	937
21821	892	3	4	23	0	922
21822	911	1	2	13	0	927
21823	25	2	5	895	0	927
21824	12	2	872	20	0	906
21825	869	2	21	10	0	902
21826	22	1	7	883	0	913
21827	8	2	870	24	0	904
21828	5	1	874	8	0	888
21829	4	4	24	877	0	909
21830	3	3	921	26	0	953
21831	8	1	22	1001	0	1032
21832	3	5	6	1008	0	1022
21833	5	3	3	1083	0	1094
21834	1059	7	2	39	0	1107
21835	30	7	1	1067	0	1105
21836	8	3	5	1093	0	1109
21837	6	4	3	1092	0	1105
21838	2	4	3	1101	0	1110
21839	2	4	1040	40	0	1086
21840	2	1033	27	19	0	1081
21841	3	25	10	961	0	999
21842	3	10	4	947	0	964
21843	2	918	1	29	0	950
21844	4	969	2	13	0	988
21845	934	32	7	8	0	981
21846	28	923	3	4	0	958
21847	9	28	1	919	0	957
21848	7	10	932	25	0	974
21849	916	6	20	12	0	954
21850	24	4	886	11	0	925
21851	893	0	25	3	0	921
21852	900	2	9	4	0	915
21853	29	1	904	8	0	942
21854	13	1	28	872	0	914
21855	9	878	8	27	0	922
21856	2	21	6	945	0	974
21857	958	7	3	30	0	998
21858	993	4	3	17	0	1017
21859	32	972	3	12	0	1019
21860	984	22	4	10	0	1020
21861	32	7	1	964	0	1004
21862	954	4	5	32	0	995
21863	983	2	3	13	0	1001
21864	36	2	2	971	0	1011
21865	966	6	4	30	0	1006
21866	967	2	4	16	0	989
21867	30	4	957	14	0	1005
21868	956	3	25	11	0	995
21869	29	4	951	6	0	990
21870	11	5	898	5	0	919
21871	7	930	25	5	0	967
21872	8	18	8	891	0	925
21873	2	6	915	19	0	942
21874	6	5	894	6	0	911
21875	903	2	21	6	0	932
21876	16	1	7	908	0	932
21877	9	1	6	928	0	944
21878	6	1	3	944	0	954
21879	2	1	3	943	0	949
21880	2	3	1	946	0	952
21881	4	2	930	23	0	959
21882	3	3	924	11	0	941
21883	4	1	16	941	0	962
21884	926	4	8	16	0	954
21885	18	916	5	8	0	947
21886	5	15	5	917	0	942
21887	918	4	2	14	0	938
21888	16	916	3	8	0	943
21889	8	17	1	920	0	946
21890	11	4	1	941	0	957
21891	6	5	1	941	0	953
21892	913	1	1	28	0	943
21893	19	1	905	12	0	937
21894	901	0	15	9	0	925
21895	20	1	8	906	0	935
21896	9	3	6	889	0	907
21897	5	886	1	23	0	915
21898	4	14	880	13	0	911
21899	881	5	17	8	0	911
21900	902	5	6	5	0	918
21901	22	1	881	6	0	910
21902	849	2	20	6	0	877
21903	18	878	6	6	0	908
21904	8	905	4	4	0	921
21905	5	918	3	5	0	931
21906	881	22	5	3	0	911
21907	17	6	893	3	0	919
21908	7	13	16	849	0	885
21909	5	845	6	16	0	872
21910	2	866	5	4	0	877
21911	2	865	1	5	0	873
21912	6	25	1	715	0	747
21913	827	5	2	15	0	849
21914	17	841	0	7	0	865
21915	4	15	2	844	0	865
21916	4	4	0	854	0	862
21917	824	5	1	20	0	850
21918	16	0	3	831	0	850
21919	8	0	1	856	0	865
21920	5	1	831	23	0	860
21921	2	1	16	836	0	855
21922	3	1	4	869	0	877
21923	843	1	3	20	0	867
21924	867	2	1	8	0	878
21925	24	0	1	860	0	885
21926	838	1	3	18	0	860
21927	870	0	2	5	0	877
21928	21	854	0	4	0	879
21929	8	14	836	1	0	859
21930	6	806	12	0	0	824
21931	11	32	5	695	0	743
21932	673	3	4	8	0	688
21933	7	678	0	0	0	685
21934	0	7	0	671	0	678
21935	672	0	1	6	0	679
21936	669	1	1	0	0	671
21937	5	0	0	669	0	674
21938	1	1	684	5	0	691
21939	0	2	4	690	0	696
21940	0	1	1	698	0	700
21941	1	0	697	6	0	704
21942	3	0	5	693	0	701
21943	0	2	0	697	0	699
21944	710	0	1	8	0	719
21945	6	0	0	707	0	713
21946	1	1	0	713	0	715
21947	711	0	1	8	0	720
21948	698	0	0	4	0	702
21949	694	0	1	4	0	699
21950	8	0	690	2	0	700
21951	1	4	6	683	0	694
21952	2	695	0	9	0	706
21953	2	9	0	705	0	716
21954	3	0	727	10	0	740
21955	3	1	7	703	0	714
21956	1	0	716	7	0	724
21957	677	2	7	4	0	690
21958	675	2	0	1	0	678
21959	6	1	1	690	0	698
21960	2	0	2	687	0	691
21961	0	1	1	682	0	684
21962	0	700	2	6	0	708
21963	704	7	1	0	0	712
21964	707	0	0	0	0	707
21965	7	0	0	694	0	701
21966	0	0	1	689	0	690
21967	0	1	0	679	0	680
21968	0	3	0	686	0	689
21969	2	2	671	6	0	681
21970	4	1	6	668	0	679
21971	642	0	0	10	0	652
21972	642	0	0	3	0	645
21973	6	0	0	625	0	631
21974	0	0	602	11	0	613
21975	580	0	8	1	0	589
21976	7	1	1	600	0	609
21977	3	598	0	8	0	609
21978	3	612	2	0	0	617
21979	632	6	5	4	0	647
21980	6	1	4	649	0	660
21981	2	0	1	658	0	661
21982	1	0	1	676	0	678
21983	0	2	0	686	0	688
21984	0	3	1	737	0	741
21985	3	1	730	9	0	743
21986	2	0	723	3	0	728
21987	0	0	739	6	0	745
21988	0	0	12	731	0	743
21989	0	0	737	13	0	750
21990	0	1	10	738	0	749
21991	1	1	4	758	0	764
21992	2	0	7	772	0	781
21993	783	0	6	17	0	806
21994	10	0	3	801	0	814
21995	1	0	2	826	0	829
21996	815	0	3	15	0	833
21997	11	802	1	23	0	837
21998	2	851	2	8	0	863
21999	853	11	2	5	0	871
22000	14	870	1	4	0	889
22001	858	13	1	7	0	879
22002	866	1	2	6	0	875
22003	856	3	1	3	0	863
22004	834	3	1	4	0	842
22005	838	4	1	3	0	846
22006	17	829	0	3	0	849
22007	822	14	0	2	0	838
22008	832	2	1	5	0	840
22009	17	828	0	4	0	849
22010	916	11	0	2	0	929
22011	940	4	0	1	0	945
22012	1006	6	0	2	0	1014
22013	1070	5	3	1	0	1079
22014	29	3	1128	3	0	1163
22015	11	3	23	1196	0	1233
22016	8	3	3	1238	0	1252
22017	8	1	1217	29	0	1255
22018	9	1	1211	13	0	1234
22019	1204	1	25	10	0	1240
22020	29	4	11	1217	0	1261
22021	10	3	1223	25	0	1261
22022	10	2	1196	9	0	1217
22023	1198	1	28	12	0	1239
22024	1226	1	12	5	0	1244
22025	1219	1	9	6	0	1235
22026	38	5	1198	6	0	1247
22027	20	1	25	1203	0	1249
22028	11	4	1209	26	0	1250
22029	1206	1	33	12	0	1252
22030	35	0	1231	12	0	1278
22031	12	3	34	1236	0	1285
22032	14	2	10	1246	0	1272
22033	7	1245	16	26	0	1294
22034	1279	24	8	12	0	1323
22035	30	3	1284	7	0	1324
22036	1296	6	29	6	0	1337
22037	33	4	1312	5	0	1354
22038	14	0	31	1282	0	1327
22039	15	1	6	1305	0	1327
22040	9	4	11	1308	0	1332
22041	1285	1	5	33	0	1324
22042	33	0	9	1283	0	1325
22043	12	2	5	1306	0	1325
22044	11	1262	8	31	0	1312
22045	7	26	10	1278	0	1321
22046	1262	6	6	37	0	1311
22047	32	8	1257	11	0	1308
22048	13	3	30	1250	0	1296
22049	10	3	1246	35	0	1294
22050	12	1229	33	15	0	1289
22051	12	23	1252	15	0	1302
22052	1230	5	36	13	0	1284
22053	1270	5	8	12	0	1295
22054	31	2	14	1217	0	1264
22055	1211	5	10	37	0	1263
22056	1229	1	11	11	0	1252
22057	35	5	10	1215	0	1265
22058	21	5	11	1242	0	1279
22059	20	1	1217	35	0	1273
22060	15	1203	28	19	0	1265
22061	1209	24	15	16	0	1264
22062	35	1179	17	11	0	1242
22063	20	31	15	1186	0	1252
22064	21	8	8	1214	0	1251
22065	14	8	10	1216	0	1248
22066	12	3	16	1211	0	1242
22067	14	7	1180	41	0	1242
22068	1172	1	31	20	0	1224
22069	1211	3	7	20	0	1241
22070	36	2	16	1196	0	1250
22071	1191	4	8	41	0	1244
22072	40	7	5	1197	0	1249
22073	17	6	1185	42	0	1250
22074	20	6	31	1179	0	1236
22075	13	1191	12	37	0	1253
22076	11	22	11	1182	0	1226
22077	7	1173	9	42	0	1231
22078	12	30	7	1131	0	1180
22079	8	1153	9	43	0	1213
22080	1127	28	7	19	0	1181
22081	34	8	1112	20	0	1174
22082	11	1085	27	15	0	1138
22083	20	1097	7	13	0	1137
22084	15	27	17	1040	0	1099
22085	12	5	7	1053	0	1077
22086	11	4	10	1043	0	1068
22087	4	7	10	1059	0	1080
22088	7	1021	8	35	0	1071
22089	7	26	6	1021	0	1060
22090	12	8	4	1026	0	1050
22091	998	10	5	34	0	1047
22092	30	4	4	1016	0	1054
22093	8	7	992	31	0	1038
22094	13	4	981	15	0	1013
22095	947	4	20	12	0	983
22096	24	954	10	11	0	999
22097	5	967	6	13	0	991
22098	11	20	5	944	0	980
22099	8	4	4	953	0	969
22100	6	10	922	23	0	961
22101	903	6	17	13	0	939
22102	935	5	3	13	0	956
22103	20	2	966	19	0	1007
22104	7	2	946	15	0	970
22105	959	2	18	12	0	991
22106	1002	2	8	11	0	1023
22107	998	3	8	10	0	1019
22108	1004	5	3	5	0	1017
22109	28	960	2	9	0	999
22110	877	15	4	8	0	904
22111	21	1	851	8	0	881
22112	5	5	782	5	0	797
22113	9	2	763	4	0	778
22114	5	51	17	593	0	666
22115	585	0	12	2	0	599
22116	589	0	0	0	0	589
22117	3	0	0	586	0	589
22118	0	0	0	576	0	576
22119	1	0	0	590	0	591
22120	1	635	0	4	0	640
22121	645	1	1	2	0	649
22122	657	1	0	1	0	659
22123	659	0	0	0	0	659
22124	654	1	0	0	0	655
22125	655	0	0	1	0	656
22126	2	1	0	642	0	645
22127	0	633	0	4	0	637
22128	4	2	0	628	0	634
22129	4	0	0	627	0	631
22130	628	0	0	2	0	630
22131	2	1	618	0	0	621
22132	2	0	585	0	0	587
22133	3	1	578	0	0	582
22134	607	0	1	2	0	610
22135	620	0	6	1	0	627
22136	1	1	0	626	0	628
22137	0	0	0	623	0	623
22138	0	0	0	636	0	636
22139	1	0	647	3	0	651
22140	0	0	4	633	0	637
22141	0	1	697	3	0	701
22142	0	0	4	700	0	704
22143	1	0	0	700	0	701
22144	1	0	0	717	0	718
22145	721	0	0	4	0	725
22146	730	0	0	1	0	731
22147	3	0	735	1	0	739
22148	714	0	4	0	0	718
22149	734	0	0	1	0	735
22150	3	0	0	733	0	736
22151	731	0	0	4	0	735
22152	3	0	0	743	0	746
22153	0	0	0	748	0	748
22154	2	0	733	3	0	738
22155	713	0	3	0	0	716
22156	3	0	1	738	0	742
22157	1	0	754	3	0	758
22158	1	0	761	0	0	762
22159	0	0	3	756	0	759
22160	0	0	0	769	0	769
22161	779	0	1	3	0	783
22162	2	0	0	788	0	790
22163	0	0	0	793	0	793
22164	1	0	0	802	0	803
22165	0	0	0	848	0	848
22166	878	0	0	6	0	884
22167	887	0	1	0	0	888
22168	914	0	0	1	0	915
22169	933	0	0	1	0	934
22170	9	0	0	987	0	996
22171	997	0	0	11	0	1008
22172	10	0	0	1003	0	1013
22173	1009	0	0	12	0	1021
22174	10	0	0	1008	0	1018
22175	3	0	0	1009	0	1012
22176	1	1008	0	12	0	1021
22177	1	10	1	1017	0	1029
22178	1007	1	1	10	0	1019
22179	999	0	0	3	0	1002
22180	11	0	1004	1	0	1016
22181	1	999	11	2	0	1013
22182	1004	10	1	1	0	1016
22183	10	1034	0	2	0	1046
22184	1035	10	0	2	0	1047
22185	10	1104	0	1	0	1115
22186	2	10	1130	1	0	1143
22187	2	1139	9	0	0	1150
22188	2	1166	1	0	0	1169
22189	1	11	1	1190	0	1203
22190	1207	2	0	12	0	1221
22191	11	0	0	1213	0	1224
22192	2	1	0	1234	0	1237
22193	1214	0	0	11	0	1225
22194	1230	1	0	3	0	1234
22195	12	0	1	1237	0	1250
22196	1	2	0	1245	0	1248
22197	0	2	0	1235	0	1237
22198	1215	1	0	12	0	1228
22199	13	0	1215	3	0	1231
22200	3	0	11	1214	0	1228
22201	1	2	1256	11	0	1270
22202	2	1226	11	6	0	1245
22203	3	12	1203	0	0	1218
22204	2	2	8	1196	0	1208
22205	1	2	1207	11	0	1221
22206	1174	2	11	1	0	1188
22207	12	2	2	1205	0	1221
22208	1	1237	2	10	0	1250
22209	1	12	2	1243	0	1258
22210	1	1227	1	10	0	1239
22211	1	1237	1	4	0	1243
22212	2	1229	1	2	0	1234
22213	3	12	0	1187	0	1202
22214	3	1194	1	11	0	1209
22215	1193	10	0	4	0	1207
22216	12	2	1172	5	0	1191
22217	4	2	1167	4	0	1177
22218	3	1	1190	4	0	1198
22219	4	0	11	1208	0	1223
22220	2	0	2	1153	0	1157
22221	1	0	2	1151	0	1154
22222	1	1	2	1153	0	1157
22223	2	2	3	1117	0	1124
22224	2	1176	2	14	0	1194
22225	2	10	1153	6	0	1171
22226	4	1	1141	2	0	1148
22227	3	1180	12	5	0	1200
22228	5	12	3	1208	0	1228
22229	3	3	0	1221	0	1227
22230	5	2	1	1221	0	1229
22231	1204	3	1	15	0	1223
22232	12	4	1191	6	0	1213
22233	1182	5	10	1	0	1198
22234	1187	3	2	6	0	1198
22235	14	1170	0	4	0	1188
22236	5	1199	1	2	0	1207
22237	1201	10	3	5	0	1219
22238	15	6	4	1206	0	1231
22239	7	2	3	1266	0	1278
22240	1	4	1283	17	0	1305
22241	4	4	1248	7	0	1263
22242	5	4	18	1283	0	1310
22243	1296	4	7	19	0	1326
22244	19	4	1348	7	0	1378
22245	1369	7	21	5	0	1402
22246	17	3	8	1425	0	1453
22247	6	4	4	1505	0	1519
22248	3	4	1	1548	0	1556
22249	2	3	1537	31	0	1573
22250	6	1499	20	11	0	1536
22251	4	1577	5	7	0	1593
22252	1581	23	1	7	0	1612
22253	1631	5	1	5	0	1642
22254	30	1	2	1625	0	1658
22255	1634	0	0	31	0	1665
22256	25	1	1614	9	0	1649
22257	7	1	1602	7	0	1617
22258	8	1	28	1569	0	1606
22259	1598	4	9	23	0	1634
22260	23	3	5	1610	0	1641
22261	5	1	6	1658	0	1670
22262	1630	4	5	31	0	1670
22263	1669	0	5	12	0	1686
22264	28	1738	4	8	0	1778
22265	1748	23	7	3	0	1781
22266	27	16	1	1725	0	1769
22267	9	1744	1	24	0	1778
22268	1736	24	1	8	0	1769
22269	24	1736	2	6	0	1768
22270	11	23	0	1687	0	1721
22271	1682	3	3	24	0	1712
22272	22	2	1672	5	0	1701
22273	5	0	1656	3	0	1664
22274	6	6	22	1639	0	1673
22275	1	1	4	1665	0	1671
22276	2	1	1	1653	0	1657
22277	3	1688	2	23	0	1716
22278	1727	25	1	4	0	1757
22279	1745	5	1	2	0	1753
22280	1747	1	2	3	0	1753
22281	29	1797	0	4	0	1830
22282	7	25	0	1941	0	1973
22283	5	5	2	1963	0	1975
22284	1	5	1	1971	0	1978
22285	1851	2	2	38	0	1893
22286	32	1823	1	7	0	1863
22287	11	30	1	1817	0	1859
22288	2	7	1	1844	0	1854
22289	3	3	1772	39	0	1817
22290	2	1750	32	10	0	1794
22291	3	32	9	1760	0	1804
22292	3	9	1	1774	0	1787
22293	6	4	0	1776	0	1786
22294	1712	2	1	41	0	1756
22295	32	1714	0	17	0	1763
22296	1726	30	1	5	0	1762
22297	34	8	1	1721	0	1764
22298	1724	5	1	36	0	1766
22299	37	3	1703	10	0	1753
22300	1712	2	28	9	0	1751
22301	1708	4	7	4	0	1723
22302	40	1	1695	7	0	1743
22303	10	5	33	1703	0	1751
22304	8	2	7	1706	0	1723
22305	1732	3	0	41	0	1776
22306	34	5	4	1736	0	1779
22307	11	1	4	1760	0	1776
22308	7	2	2	1746	0	1757
22309	6	2	1700	44	0	1752
22310	1648	5	30	11	0	1694
22311	31	1722	10	10	0	1773
22312	9	30	2	1718	0	1759
22313	5	1718	3	40	0	1766
22314	8	1811	1	11	0	1831
22315	5	42	1	1800	0	1848
22316	4	11	1813	38	0	1866
22317	5	3	1816	16	0	1840
22318	7	5	42	1821	0	1875
22319	10	4	1839	36	0	1889
22320	1835	6	34	13	0	1888
22321	39	3	7	1880	0	1929
22322	10	3	5	1903	0	1921
22323	2	1886	8	62	0	1958
22324	6	36	5	1884	0	1931
22325	7	11	2	1891	0	1911
22326	4	1845	2	56	0	1907
22327	5	33	2	1881	0	1921
22328	8	8	4	1886	0	1906
22329	8	1863	3	43	0	1917
22330	1867	38	2	13	0	1920
22331	42	12	1843	13	0	1910
22332	10	3	1851	17	0	1881
22333	9	10	37	1833	0	1889
22334	9	13	10	1858	0	1890
22335	9	5	1824	50	0	1888
22336	3	2	1821	19	0	1845
22337	1758	7	41	10	0	1816
22338	35	1799	10	12	0	1856
22339	1759	33	4	9	0	1805
22340	36	5	1739	10	0	1790
22341	5	1740	34	12	0	1791
22342	3	34	6	1787	0	1830
22343	2	11	1806	37	0	1856
22344	8	3	1737	11	0	1759
22345	6	9	39	1780	0	1834
22346	4	7	1756	37	0	1804
22347	5	1698	32	15	0	1750
22348	4	33	7	1685	0	1729
22349	9	8	1686	31	0	1734
22350	8	1689	31	11	0	1739
22351	1692	29	12	11	0	1744
22352	33	8	1672	6	0	1719
22353	8	1666	29	8	0	1711
22354	6	27	11	1654	0	1698
22355	3	4	9	1701	0	1717
22356	1679	6	4	41	0	1730
22357	32	2	2	1681	0	1717
22358	7	4	8	1689	0	1708
22359	1650	6	1	42	0	1699
22360	35	3	5	1631	0	1674
22361	5	6	1600	32	0	1643
22362	6	9	29	1585	0	1629
22363	3	2	1575	38	0	1618
22364	3	4	1467	15	0	1489
22365	8	1	1471	5	0	1485
22366	6	7	35	1411	0	1459
22367	5	4	13	1453	0	1475
22368	1431	1	5	34	0	1471
22369	24	3	6	1397	0	1430
22370	7	1450	6	26	0	1489
22371	6	22	4	1484	0	1516
22372	3	7	8	1462	0	1480
22373	2	1466	5	29	0	1502
22374	1466	21	4	16	0	1507
22375	1460	6	5	10	0	1481
22376	27	1435	3	9	0	1474
22377	8	1421	1	9	0	1439
22378	6	52	7	1368	0	1433
22379	1383	7	7	25	0	1422
22380	18	4	1379	15	0	1416
22381	4	2	1294	9	0	1309
22382	1134	1	17	2	0	1154
22383	13	1167	5	2	0	1187
22384	5	14	2	1166	0	1187
22385	4	5	0	1178	0	1187
22386	2	1	1	1198	0	1202
22387	2	2	0	1198	0	1202
22388	2	1187	1	18	0	1208
22389	1	12	3	1206	0	1222
22390	1209	2	3	14	0	1228
22391	14	2	2	1227	0	1245
22392	3	3	2	1242	0	1250
22393	1252	1	3	17	0	1273
22394	1258	1	1	6	0	1266
22395	1274	0	1	3	0	1278
22396	1280	3	0	2	0	1285
22397	20	2	1	1269	0	1292
22398	1274	0	1	17	0	1292
22399	17	2	1	1269	0	1289
22400	1258	2	1	18	0	1279
22401	1264	1	0	6	0	1271
22402	17	1	1	1249	0	1268
22403	5	2	1263	17	0	1287
22404	1274	0	13	7	0	1294
22405	1300	0	3	3	0	1306
22406	1298	0	2	5	0	1305
22407	1299	1	1	2	0	1303
22408	17	1	1	1320	0	1339
22409	9	1	1332	13	0	1355
22410	5	0	1324	7	0	1336
22411	1297	0	19	5	0	1321
22412	1351	2	4	4	0	1361
22413	20	1346	3	5	0	1374
22414	6	1318	3	1	0	1328
22415	1342	12	1	5	0	1360
22416	13	3	4	1312	0	1332
22417	6	3	2	1340	0	1351
22418	1335	2	5	14	0	1356
22419	11	1349	6	7	0	1373
22420	1382	12	2	4	0	1400
22421	15	3	1355	4	0	1377
22422	1348	3	13	6	0	1370
22423	15	4	2	1348	0	1369
22424	8	1	1375	13	0	1397
22425	5	1379	9	11	0	1404
22426	6	9	3	1416	0	1434
22427	4	3	1478	15	0	1500
22428	2	3	14	1469	0	1488
22429	1509	0	6	17	0	1532
22430	13	1	1500	7	0	1521
22431	1473	0	15	5	0	1493
22432	13	1508	7	7	0	1535
22433	6	12	6	1534	0	1558
22434	3	4	1609	17	0	1633
22435	4	4	14	1603	0	1625
22436	2	1	1627	21	0	1651
22437	3	1597	15	9	0	1624
22438	1591	16	4	4	0	1615
22439	15	1636	4	6	0	1661
22440	7	18	3	1614	0	1642
22441	5	8	2	1616	0	1631
22442	4	4	1545	19	0	1572
22443	1386	1	14	9	0	1410
22444	12	1483	5	5	0	1505
22445	2	1380	4	0	0	1386
22446	4	1406	0	3	0	1413
22447	8	14	6	1366	0	1394
22448	0	1371	2	10	0	1383
22449	2	13	1	1357	0	1373
22450	1	1391	1	11	0	1404
22451	3	6	2	1369	0	1380
22452	3	1377	1	6	0	1387
22453	1382	9	0	2	0	1393
22454	7	3	1367	4	0	1381
22455	1322	7	9	0	0	1338
22456	1380	1	1	1	0	1383
22457	1397	2	1	2	0	1402
22458	7	1406	1	1	0	1415
22459	1423	7	0	2	0	1432
22460	1431	2	0	3	0	1436
22461	1446	3	2	0	0	1451
22462	12	0	1441	1	0	1454
22463	4	3	9	1449	0	1465
22464	4	0	1485	9	0	1498
22465	2	1	10	1457	0	1470
22466	1466	2	2	12	0	1482
22467	10	1468	4	2	0	1484
22468	5	10	1603	3	0	1621
22469	6	2	12	1619	0	1639
22470	2	3	3	1749	0	1757
22471	1	2	1952	17	0	1972
22472	1938	1	25	5	0	1969
22473	2029	0	8	3	0	2040
22474	2080	0	2	3	0	2085
22475	38	2	1	2045	0	2086
22476	9	1995	5	29	0	2038
22477	3	2098	3	10	0	2114
22478	2	36	0	2092	0	2130
22479	7	12	3	2080	0	2102
22480	2	2061	2	36	0	2101
22481	2062	29	0	8	0	2099
22482	29	2062	1	1	0	2093
22483	9	31	0	2031	0	2071
22484	3	8	2016	31	0	2058
22485	0	6	30	1994	0	2030
22486	2003	2	11	32	0	2048
22487	30	2	2008	11	0	2051
22488	2008	2	30	7	0	2047
22489	2056	3	14	4	0	2077
22490	2073	1	3	3	0	2080
22491	2067	4	1	2	0	2074
22492	2115	0	3	2	0	2120
22493	40	1	2042	3	0	2086
22494	14	1	2028	4	0	2047
22495	2163	1	39	2	0	2205
22496	2249	2	9	3	0	2263
22497	55	0	4	2322	0	2381
22498	17	2357	3	44	0	2421
22499	9	46	4	2410	0	2469
22500	2468	12	1	49	0	2530
22501	50	3	2	2442	0	2497
22502	13	2476	3	47	0	2539
22503	2487	47	2	15	0	2551
22504	2459	13	0	4	0	2476
22505	2487	5	1	4	0	2497
22506	61	2419	0	7	0	2487
22507	20	47	3	2423	0	2493
22508	9	14	2	2418	0	2443
22509	13	2345	0	52	0	2410
22510	6	43	1	2369	0	2419
22511	2334	18	2	51	0	2405
22512	2362	6	0	17	0	2385
22513	61	2300	0	10	0	2371
22514	26	44	0	2317	0	2387
22515	8	19	3	2337	0	2367
22516	8	5	3	2357	0	2373
22517	2260	3	1	62	0	2326
22518	52	6	2229	20	0	2307
22519	2171	3	42	16	0	2232
22520	55	13	2182	8	0	2258
22521	23	6	47	2135	0	2211
22522	14	2137	18	42	0	2211
22523	12	2239	7	20	0	2278
22524	2165	62	6	15	0	2248
22525	2182	20	6	12	0	2220
22526	64	2121	2	13	0	2200
22527	23	2118	4	7	0	2152
22528	2140	64	2	8	0	2214
22529	2228	22	6	9	0	2265
22530	66	2233	1	12	0	2312
22531	2291	56	2	4	0	2353
22532	61	26	2256	6	0	2349
22533	2288	8	48	7	0	2351
22534	2276	7	17	4	0	2304
22535	73	5	3	2219	0	2300
22536	28	2205	3	49	0	2285
22537	13	51	5	2237	0	2306
22538	2248	18	5	57	0	2328
22539	61	5	2	2201	0	2269
22540	33	8	1	2237	0	2279
22541	12	7	2235	70	0	2324
22542	18	7	49	2253	0	2327
22543	15	3	21	2317	0	2356
22544	2273	5	6	76	0	2360
22545	59	7	2262	23	0	2351
22546	2275	8	54	13	0	2350
22547	65	6	18	2275	0	2364
22548	28	7	5	2317	0	2357
22549	13	9	3	2307	0	2332
22550	13	2182	7	70	0	2272
22551	14	2256	3	29	0	2302
22552	15	65	2	2224	0	2306
22553	2218	25	2	58	0	2303
22554	2257	8	7	23	0	2295
22555	77	7	3	2209	0	2296
22556	2216	7	2	55	0	2280
22557	61	6	5	2207	0	2279
22558	29	6	3	2252	0	2290
22559	2142	7	4	69	0	2222
22560	54	2199	4	34	0	2291
22561	2209	48	1	14	0	2272
22562	2222	21	2	13	0	2258
22563	2180	7	4	12	0	2203
22564	70	2139	4	9	0	2222
22565	26	55	4	2138	0	2223
22566	10	24	4	2189	0	2227
22567	13	10	2086	72	0	2181
22568	14	18	47	1976	0	2055
22569	15	5	1899	53	0	1972
22570	11	1760	45	24	0	1840
22571	11	1538	15	5	0	1569
22572	7	1547	2	7	0	1563
22573	19	44	8	1521	0	1592
22574	12	14	0	1538	0	1564
22575	4	5	1	1527	0	1537
22576	6	5	2	1533	0	1546
22577	2	3	1510	46	0	1561
22578	6	2	1797	15	0	1820
22579	3	3	52	1854	0	1912
22580	3	3	1903	51	0	1960
22581	1892	4	50	12	0	1958
22582	1944	4	15	17	0	1980
22583	58	5	1920	12	0	1995
22584	29	1	48	1905	0	1983
22585	20	2	13	1957	0	1992
22586	11	3	10	1983	0	2007
22587	7	2	9	1971	0	1989
22588	8	2	4	2017	0	2031
22589	1498	16	10	76	0	1600
22590	1986	5	2	35	0	2028
22591	54	1943	2	20	0	2019
22592	22	46	1880	10	0	1958
22593	13	1851	42	9	0	1915
22594	8	1894	19	5	0	1926
22595	1751	49	6	12	0	1818
22596	39	1722	6	11	0	1778
22597	12	1623	2	9	0	1646
22598	1574	37	6	9	0	1626
22599	33	17	1549	4	0	1603
22600	1499	11	31	3	0	1544
22601	37	5	10	1522	0	1574
22602	16	1	9	1492	0	1518
22603	8	1	7	1511	0	1527
22604	5	2	1468	47	0	1522
22605	2	1454	28	23	0	1507
22606	1464	29	9	17	0	1519
22607	32	10	10	1490	0	1542
22608	9	1508	7	33	0	1557
22609	14	32	2	1529	0	1577
22610	7	9	1540	39	0	1595
22611	3	7	31	1555	0	1596
22612	3	7	10	1602	0	1622
22613	5	3	6	1602	0	1616
22614	1574	3	5	53	0	1635
22615	33	3	4	1593	0	1633
22616	11	4	1571	45	0	1631
22617	14	1581	31	20	0	1646
22618	8	31	8	1616	0	1663
22619	5	10	10	1637	0	1662
22620	5	12	1580	42	0	1639
22621	4	8	1546	21	0	1579
22622	1543	5	43	18	0	1609
22623	1526	5	19	8	0	1558
22624	35	1535	12	6	0	1588
22625	1534	29	5	3	0	1571
22626	43	7	1522	6	0	1578
22627	17	10	1496	3	0	1526
22628	1478	12	34	7	0	1531
22629	1448	2	20	13	0	1483
22630	34	1	1395	10	0	1440
22631	1349	5	31	12	0	1397
22632	38	2	1370	9	0	1419
22633	1341	1	36	6	0	1384
22634	1408	2	11	9	0	1430
22635	38	5	10	1372	0	1425
22636	18	1456	8	30	0	1512
22637	1249	36	9	15	0	1309
22638	29	10	1497	14	0	1550
22639	9	1512	31	8	0	1560
22640	1519	39	8	6	0	1572
22641	1478	9	10	8	0	1505
22642	38	1459	9	9	0	1515
22643	16	37	11	1447	0	1511
22644	22	11	1430	35	0	1498
22645	11	12	30	1439	0	1492
22646	4	10	1425	47	0	1486
22647	6	7	34	1443	0	1490
22648	8	3	16	1464	0	1491
22649	7	6	1423	41	0	1477
22650	9	1416	38	15	0	1478
22651	6	34	9	1434	0	1483
22652	11	19	1135	42	0	1207
22653	1402	14	30	13	0	1459
22654	35	10	10	1438	0	1493
22655	14	4	8	1468	0	1494
22656	1443	4	7	42	0	1496
22657	41	4	7	1434	0	1486
22658	19	4	3	1420	0	1446
22659	14	1408	8	45	0	1475
22660	17	30	6	1408	0	1461
22661	8	15	1372	51	0	1446
22662	3	13	35	1352	0	1403
22663	7	1344	10	43	0	1404
22664	7	1373	14	20	0	1414
22665	8	38	11	1366	0	1423
22666	1364	18	5	41	0	1428
22667	34	16	5	1370	0	1425
22668	1364	11	8	46	0	1429
22669	46	7	6	1376	0	1435
22670	1384	5	8	48	0	1445
22671	1440	5	8	20	0	1473
22672	44	10	9	1399	0	1462
22673	28	37	6	1371	0	1442
22674	26	1342	5	39	0	1412
22675	14	1372	8	27	0	1421
22676	11	30	1356	23	0	1420
22677	13	1316	31	19	0	1379
22678	1004	26	16	18	0	1064
22679	23	15	8	979	0	1025
22680	10	946	4	18	0	978
22681	970	14	5	15	0	1004
22682	17	7	5	975	0	1004
22683	9	6	5	965	0	985
22684	7	3	6	982	0	998
22685	11	8	3	968	0	990
22686	8	990	9	22	0	1029
22687	7	1044	2	14	0	1067
22688	1120	18	4	9	0	1151
22689	17	1129	4	7	0	1157
22690	10	15	4	1116	0	1145
22691	8	3	3	1127	0	1141
22692	5	8	3	1124	0	1140
22693	5	3	2	1135	0	1145
22694	1109	2	6	21	0	1138
22695	1145	1	5	10	0	1161
22696	18	5	1132	10	0	1165
22697	10	5	17	1140	0	1172
22698	10	6	1162	20	0	1198
22699	9	4	22	1166	0	1201
22700	4	7	9	1194	0	1214
22701	1202	4	5	24	0	1235
22702	22	3	6	1215	0	1246
22703	10	6	1238	22	0	1276
22704	10	5	1202	14	0	1231
22705	1226	4	15	12	0	1257
22706	15	5	1246	11	0	1277
22707	4	6	19	1206	0	1235
22708	5	0	1263	22	0	1290
22709	5	5	19	1233	0	1262
22710	2	1233	11	19	0	1265
22711	2	17	8	1224	0	1251
22712	6	1187	7	20	0	1220
22713	3	1217	7	6	0	1233
22714	5	23	5	1197	0	1230
22715	1182	4	3	21	0	1210
22716	12	1190	4	10	0	1216
22717	8	16	1	1190	0	1215
22718	1198	5	1	21	0	1225
22719	1213	9	0	8	0	1230
22720	1225	6	2	5	0	1238
22721	19	3	0	1216	0	1238
22722	8	2	3	1231	0	1244
22723	1244	5	0	22	0	1271
22724	1247	2	1	10	0	1260
22725	1258	4	2	8	0	1272
22726	23	0	1	1247	0	1271
22727	12	4	1217	14	0	1247
22728	1210	3	13	8	0	1234
22729	21	0	0	1198	0	1219
22730	11	1202	4	19	0	1236
22731	12	19	2	1194	0	1227
22732	12	1200	2	15	0	1229
22733	3	14	2	1219	0	1238
22734	6	4	1181	17	0	1208
22735	5	1152	12	7	0	1176
22736	2	12	4	1098	0	1116
22737	1	2	2	1094	0	1099
22738	1	5	0	1080	0	1086
22739	1098	4	0	12	0	1114
22740	9	1112	2	6	0	1129
22741	2	11	1	1132	0	1146
22742	1162	3	0	14	0	1179
22743	1174	4	1	6	0	1185
22744	12	2	0	1183	0	1197
22745	5	1	1192	16	0	1214
22746	6	2	11	1179	0	1198
22747	2	1191	2	15	0	1210
22748	4	12	1	1214	0	1231
22749	1211	3	1	15	0	1230
22750	15	3	1	1257	0	1276
22751	4	2	1282	17	0	1305
22752	4	1346	14	8	0	1372
22753	1375	17	4	7	0	1403
22754	16	4	1387	7	0	1414
22755	1413	3	17	5	0	1438
22756	21	1	5	1460	0	1487
22757	5	0	6	1490	0	1501
22758	4	1495	3	18	0	1520
22759	1573	17	2	8	0	1600
22760	21	4	5	1596	0	1626
22761	9	1	5	1617	0	1632
22762	7	2	4	1662	0	1675
22763	4	3	1667	29	0	1703
22764	3	3	19	1666	0	1691
22765	1682	3	6	24	0	1715
22766	1724	3	2	10	0	1739
22767	23	3	2	1712	0	1740
22768	7	0	0	1739	0	1746
22769	1714	2	2	28	0	1746
22770	20	4	1683	11	0	1718
22771	1676	2	17	10	0	1705
22772	27	1	1647	10	0	1685
22773	13	1	1658	5	0	1677
22774	5	1	26	1680	0	1712
22775	7	1	1693	26	0	1727
22776	1709	1	20	11	0	1741
22777	26	1	10	1744	0	1781
22778	11	0	1747	20	0	1778
22779	1712	1	22	9	0	1744
22780	1746	0	7	9	0	1762
22781	24	0	1785	5	0	1814
22782	12	9	21	1714	0	1756
22783	7	1798	6	23	0	1834
22784	1828	16	8	11	0	1863
22785	21	4	1827	4	0	1856
22786	1708	5	23	8	0	1744
22787	23	1774	7	4	0	1808
22788	1698	12	9	7	0	1726
22789	1701	8	5	5	0	1719
22790	1723	3	2	10	0	1738
22791	22	9	3	1708	0	1742
22792	16	1725	4	15	0	1760
22793	7	13	1715	9	0	1744
22794	6	1773	15	4	0	1798
22795	11	16	5	1658	0	1690
22796	8	1703	6	9	0	1726
22797	8	1735	2	11	0	1756
22798	1700	17	2	5	0	1724
22799	18	8	1693	5	0	1724
22800	10	2	1723	6	0	1741
22801	4	4	1698	6	0	1712
22802	8	1724	15	4	0	1751
22803	1725	14	7	5	0	1751
22804	1725	8	2	5	0	1740
22805	1710	3	6	7	0	1726
22806	17	1708	2	9	0	1736
22807	6	17	3	1771	0	1797
22808	5	6	1746	15	0	1772
22809	7	3	1705	11	0	1726
22810	1754	2	16	6	0	1778
22811	1795	1	9	5	0	1810
22812	1797	2	6	5	0	1810
22813	27	3	1747	5	0	1782
22814	1766	2	18	3	0	1789
22815	20	2	8	1782	0	1812
22816	11	2	5	1788	0	1806
22817	3	2	1848	21	0	1874
22818	9	1820	13	9	0	1851
22819	8	10	8	1862	0	1888
22820	6	6	1851	17	0	1880
22821	1794	3	14	15	0	1826
22822	15	3	8	1868	0	1894
22823	9	1	7	1857	0	1874
22824	1841	2	8	21	0	1872
22825	20	4	5	1840	0	1869
22826	1848	3	5	20	0	1876
22827	1854	2	3	20	0	1879
22828	22	2	4	1850	0	1878
22829	18	4	4	1853	0	1879
22830	1839	2	5	23	0	1869
22831	21	2	4	1870	0	1897
22832	1885	2	8	14	0	1909
22833	1878	1	6	12	0	1897
22834	1875	2	4	12	0	1893
22835	24	3	6	1850	0	1883
22836	16	6	7	1847	0	1876
22837	1846	1	3	24	0	1874
22838	15	1818	12	8	0	1853
22839	15	1777	4	4	0	1800
22840	1787	12	4	10	0	1813
22841	12	8	1798	1	0	1819
22842	1777	3	10	5	0	1795
22843	15	8	8	1849	0	1880
22844	9	2	1845	8	0	1864
22845	1863	3	9	5	0	1880
22846	16	4	5	1892	0	1917
22847	7	3	4	1911	0	1925
22848	4	3	4	1965	0	1976
22849	10	3	1	1959	0	1973
22850	1942	2	3	12	0	1959
22851	11	1881	5	5	0	1902
22852	1812	6	3	4	0	1825
22853	7	4	1802	0	0	1813
22854	8	3	1712	2	0	1725
22855	3	1810	5	4	0	1822
22856	8	15	11	1766	0	1800
22857	5	4	1755	6	0	1770
22858	2	1632	3	9	0	1646
22859	0	3	1653	2	0	1658
22860	0	0	1	1626	0	1627
22861	0	0	0	1610	0	1610
22862	1630	0	0	2	0	1632
22863	1	0	0	1588	0	1589
22864	1597	0	0	1	0	1598
22865	2	1	1630	0	0	1633
22866	0	1656	1	1	0	1658
22867	4	0	0	1733	0	1737
22868	0	1	0	1802	0	1803
22869	0	0	1819	1	0	1820
22870	1	0	1689	0	0	1690
22871	1725	0	1	0	0	1726
22872	1821	0	0	0	0	1821
22873	1	0	0	1822	0	1823
22874	0	1	0	1811	0	1812
22875	0	1785	0	2	0	1787
22876	0	1	0	1842	0	1843
22877	1844	0	3	2	0	1849
22878	1864	0	0	3	0	1867
22879	1	1893	0	0	0	1894
22880	1918	2	0	0	0	1920
22881	1889	0	0	1	0	1890
22882	2	0	0	1983	0	1985
22883	0	1988	0	10	0	1998
22884	0	6	0	2038	0	2044
22885	2	2	0	2042	0	2046
22886	0	1	2015	8	0	2024
22887	2017	0	8	3	0	2028
22888	10	0	2	2193	0	2205
22889	6	0	0	2346	0	2352
22890	1	2660	0	19	0	2680
22891	0	27	0	2910	0	2937
22892	2994	10	0	39	0	3043
22893	3250	6	0	17	0	3273
22894	58	10	3208	9	0	3285
22895	17	5	3233	10	0	3265
22896	15	4	60	3314	0	3393
22897	14	1	17	3423	0	3455
22898	5	0	3398	62	0	3465
22899	8	0	3392	23	0	3423
22900	7	1	64	3302	0	3374
22901	2	1	3423	64	0	3490
22902	1	4	3434	21	0	3460
22903	2	3	73	3401	0	3479
22904	3428	1	27	72	0	3528
22905	3502	1	26	23	0	3552
22906	67	1	20	3468	0	3556
22907	20	2	14	3480	0	3516
22908	3413	0	16	72	0	3501
22909	63	2	7	3386	0	3458
22910	3370	1	9	76	0	3456
22911	3410	1	11	31	0	3453
22912	78	0	8	3383	0	3469
22913	31	2	5	3448	0	3486
22914	3371	1	9	78	0	3459
22915	66	3334	10	33	0	3443
22916	25	3375	6	35	0	3441
22917	28	57	5	3315	0	3405
22918	21	20	3284	60	0	3385
22919	9	16	52	3278	0	3355
22920	3282	12	15	74	0	3383
22921	64	5	8	3300	0	3377
22922	3283	8	14	70	0	3375
22923	68	5	3274	38	0	3385
22924	3290	4	52	25	0	3371
22925	63	4	22	3343	0	3432
22926	35	1	10	3402	0	3448
22927	28	3	3400	71	0	3502
22928	19	8	51	3422	0	3500
22929	18	4	17	3494	0	3533
22930	9	4	14	3544	0	3571
22931	3468	3	18	83	0	3572
22932	55	6	3401	55	0	3517
22933	29	2	3384	42	0	3457
22934	3402	0	69	38	0	3509
22935	3461	4	25	26	0	3516
22936	76	1	3467	24	0	3568
22937	41	2	62	3363	0	3468
22938	34	3452	21	59	0	3566
22939	24	47	25	3526	0	3622
22940	3490	17	32	67	0	3606
22941	3512	9	16	46	0	3583
22942	75	11	17	3481	0	3584
22943	34	3434	25	73	0	3566
22944	32	47	19	3339	0	3437
22945	21	3387	20	81	0	3509
22946	3403	52	28	48	0	3531
22947	3322	26	15	26	0	3389
22948	3371	11	17	35	0	3434
22949	78	3207	25	31	0	3341
22950	52	3318	15	31	0	3416
22951	24	70	11	3347	0	3452
22952	34	30	15	3355	0	3434
22953	31	17	13	3318	0	3379
22954	27	17	7	3407	0	3458
22955	27	5	3258	97	0	3387
22956	3201	14	56	50	0	3321
22957	64	9	3315	52	0	3440
22958	3380	12	58	42	0	3492
22959	86	8	3460	31	0	3585
22960	3450	10	66	32	0	3558
22961	79	10	3512	32	0	3633
22962	3493	8	72	23	0	3596
22963	84	12	40	3533	0	3669
22964	3601	8	28	81	0	3718
22965	91	7	22	3584	0	3704
22966	48	8	22	3577	0	3655
22967	38	6	17	3519	0	3580
22968	34	3354	25	99	0	3512
22969	3374	55	12	58	0	3499
22970	3394	21	17	56	0	3488
22971	100	3379	13	42	0	3534
22972	46	62	20	3402	0	3530
22973	43	33	3337	89	0	3502
22974	3342	13	66	60	0	3481
22975	3422	19	22	41	0	3504
22976	3420	11	17	44	0	3492
22977	109	5	24	3255	0	3393
22978	53	3241	24	85	0	3403
22979	47	56	10	3253	0	3366
22980	3227	26	20	80	0	3353
22981	93	14	20	3131	0	3258
22982	55	3090	11	74	0	3230
22983	3055	60	10	45	0	3170
22984	76	27	3032	40	0	3175
22985	64	25	2994	33	0	3116
22986	38	2995	70	35	0	3138
22987	42	2952	25	26	0	3045
22988	52	64	2802	27	0	2945
22989	45	33	2590	18	0	2686
22990	40	174	54	2003	0	2271
22991	2036	14	37	30	0	2117
22992	27	10	2003	15	0	2055
22993	8	1823	24	7	0	1862
22994	1802	16	16	5	0	1839
22995	13	1784	4	5	0	1806
22996	1710	9	8	1	0	1728
22997	12	1691	8	7	0	1718
22998	5	1735	2	5	0	1747
22999	8	16	4	1731	0	1759
23000	4	8	12	1724	0	1748
23001	9	3	1632	12	0	1656
23002	10	4	8	1614	0	1636
23003	1620	9	3	8	0	1640
23004	1625	2	2	9	0	1638
23005	12	7	2	1598	0	1619
23006	7	5	1575	13	0	1600
23007	5	6	1533	10	0	1554
23008	10	1	11	1564	0	1586
23009	4	5	1586	10	0	1605
23010	4	4	10	1585	0	1603
23011	6	1	5	1567	0	1579
23012	5	1	1669	12	0	1687
23013	1633	2	18	12	0	1665
23014	1676	5	12	4	0	1697
23015	19	1	1686	5	0	1711
23016	10	3	1706	9	0	1728
23017	4	0	32	1742	0	1778
23018	7	2	12	1905	0	1926
23019	7	2	10	1952	0	1971
23020	3	3	7	1942	0	1955
23021	1956	1	8	33	0	1998
23022	2065	2	2	19	0	2088
23023	37	2	7	2194	0	2240
23024	17	2	5	2329	0	2353
23025	7	4	2499	53	0	2563
23026	8	1	38	2613	0	2660
23027	4	1	24	2786	0	2815
23028	2883	0	8	79	0	2970
23029	58	3118	6	41	0	3223
23030	28	74	9	3142	0	3253
23031	10	20	3	3211	0	3244
23032	7	13	2	3164	0	3186
23033	11	2915	6	101	0	3033
23034	5	3121	6	49	0	3181
23035	7	74	3	3117	0	3201
23036	13	31	6	3121	0	3171
23037	5	21	6	3161	0	3193
23038	2998	11	1	122	0	3132
23039	66	3036	6	63	0	3171
23040	3064	68	6	36	0	3174
23041	3117	34	2	25	0	3178
23042	98	21	2	3038	0	3159
23043	41	2999	4	82	0	3126
23044	3006	77	2	50	0	3135
23045	80	34	1	3020	0	3135
23046	3059	17	3	86	0	3165
23047	80	14	2	3085	0	3181
23048	41	17	3047	87	0	3192
23049	34	7	3091	38	0	3170
23050	17	10	86	3098	0	3211
23051	17	14	32	3156	0	3219
23052	19	7	10	3118	0	3154
23053	18	2991	9	107	0	3125
23054	17	3146	9	48	0	3220
23055	3077	85	6	39	0	3207
23056	3073	36	11	29	0	3149
23057	86	2994	12	27	0	3119
23058	37	2899	5	21	0	2962
23059	20	3018	3	25	0	3066
23060	2858	90	6	21	0	2975
23061	65	2889	4	22	0	2980
23062	27	83	3	2873	0	2986
23063	2852	35	5	68	0	2960
23064	2865	20	5	30	0	2920
23065	87	14	4	2792	0	2897
23066	39	15	2725	77	0	2856
23067	20	11	2763	34	0	2828
23068	16	14	76	2762	0	2868
23069	13	23	2791	70	0	2897
23070	13	9	72	2805	0	2899
23071	16	11	27	2821	0	2875
23072	18	9	2768	97	0	2892
23073	14	16	2785	45	0	2860
23074	14	9	86	2770	0	2879
23075	9	9	36	2855	0	2909
23076	2757	8	21	105	0	2891
23077	68	2723	16	49	0	2856
23078	31	2895	10	35	0	2971
23079	2802	84	6	32	0	2924
23080	2898	34	11	29	0	2972
23081	88	2824	14	26	0	2952
23082	36	2864	10	42	0	2952
23083	2850	93	10	27	0	2980
23084	80	36	9	2842	0	2967
23085	2806	27	9	85	0	2927
23086	88	2790	4	49	0	2931
23087	2807	76	10	39	0	2932
23088	95	34	2775	21	0	2925
23089	2765	28	68	27	0	2888
23090	90	14	2776	25	0	2905
23091	42	16	78	2731	0	2867
23092	2715	16	30	86	0	2847
23093	80	16	2648	46	0	2790
23094	47	16	70	2669	0	2802
23095	2667	17	29	92	0	2805
23096	82	16	2630	53	0	2781
23097	47	14	68	2652	0	2781
23098	2605	19	30	80	0	2734
23099	78	2580	18	57	0	2733
23100	43	73	13	2635	0	2764
23101	28	37	15	2635	0	2715
23102	21	26	9	2665	0	2721
23103	23	2638	7	109	0	2777
23104	28	73	11	2684	0	2796
23105	27	28	7	2767	0	2829
23106	29	25	9	2761	0	2824
23107	30	22	9	2844	0	2905
23108	27	19	2712	114	0	2872
23109	2677	16	71	63	0	2827
23110	2771	16	30	48	0	2865
23111	100	2715	22	39	0	2876
23112	47	73	13	2664	0	2797
23113	31	35	10	2689	0	2765
23114	21	2626	10	120	0	2777
23115	19	64	12	2658	0	2753
23116	2552	25	17	100	0	2694
23117	68	2516	17	56	0	2657
23118	2429	61	20	31	0	2541
23119	73	34	9	2401	0	2517
23120	28	18	2372	84	0	2502
23121	20	2376	56	43	0	2495
23122	2243	60	31	32	0	2366
23123	53	2071	9	24	0	2157
23124	21	2030	7	18	0	2076
23125	1773	47	20	8	0	1848
23126	46	17	1726	9	0	1798
23127	11	1546	26	11	0	1594
23128	1209	67	83	27	0	1386
23129	1086	9	4	6	0	1105
23130	11	1080	1	3	0	1095
23131	5	10	0	1113	0	1128
23132	2	4	1134	10	0	1150
23133	0	1	9	1132	0	1142
23134	1	0	4	1103	0	1108
23135	1	1	2	1177	0	1181
23136	2	0	1170	12	0	1184
23137	1	3	10	1146	0	1160
23138	3	0	1166	12	0	1181
23139	1	2	1093	5	0	1101
23140	1047	2	12	6	0	1067
23141	10	1128	3	2	0	1143
23142	2	1137	1	1	0	1141
23143	2	13	0	1198	0	1213
23144	1341	3	0	10	0	1354
23145	1344	1	1	6	0	1352
23146	1332	1	1	2	0	1336
23147	1338	1	1	1	0	1341
23148	1297	0	1	1	0	1299
23149	16	3	1253	0	0	1272
23150	5	3	10	1250	0	1268
23151	3	1249	3	12	0	1267
23152	0	12	1	1265	0	1278
23153	1273	5	0	10	0	1288
23154	13	1249	1	4	0	1267
23155	2	12	1	1277	0	1292
23156	1297	6	0	11	0	1314
23157	1335	1	0	5	0	1341
23158	17	1	1	1332	0	1351
23159	6	1	1	1303	0	1311
23160	3	1	1	1315	0	1320
23161	2	0	1303	15	0	1320
23162	0	2	1321	7	0	1330
23163	0	2	14	1350	0	1366
23164	1	1	6	1377	0	1385
23165	1373	0	3	16	0	1392
23166	1392	2	1	5	0	1400
23167	1436	2	3	3	0	1444
23168	1468	1	1	4	0	1474
23169	1451	1	0	1	0	1453
23170	19	1449	0	5	0	1473
23171	1490	13	1	4	0	1508
23172	1502	3	0	9	0	1514
23173	1504	1	2	2	0	1509
23174	18	1	2	1549	0	1570
23175	8	0	1543	15	0	1566
23176	5	0	14	1582	0	1601
23177	3	3	1647	17	0	1670
23178	4	3	17	1592	0	1616
23179	4	1635	5	17	0	1661
23180	1651	12	3	6	0	1672
23181	1716	5	0	7	0	1728
23182	22	5	1	1730	0	1758
23183	11	3	0	1806	0	1820
23184	7	1	1	1812	0	1821
23185	7	1807	0	19	0	1833
23186	1833	10	1	12	0	1856
23187	1833	5	3	6	0	1847
23188	17	1841	5	4	0	1867
23189	7	11	2	1874	0	1894
23190	3	6	3	1852	0	1864
23191	2	1881	0	20	0	1903
23192	1895	14	1	7	0	1917
23193	1906	5	0	4	0	1915
23194	23	2	1	1896	0	1922
23195	11	3	1914	15	0	1943
23196	5	2	1873	11	0	1891
23197	5	3	16	1961	0	1985
23198	5	5	7	1936	0	1953
23199	6	1	3	2008	0	2018
23200	2001	2	2	24	0	2029
23201	2024	3	1	14	0	2042
23202	21	2098	3	16	0	2138
23203	2162	15	3	6	0	2186
23204	23	6	2140	4	0	2173
23205	13	5	2109	6	0	2133
23206	12	2214	19	4	0	2249
23207	2153	13	11	7	0	2184
23208	14	2148	10	3	0	2175
23209	2156	16	4	7	0	2183
23210	20	6	2150	6	0	2182
23211	7	7	2118	6	0	2138
23212	14	5	14	2125	0	2158
23213	11	1	2236	14	0	2262
23214	9	3	17	2238	0	2267
23215	8	4	10	2060	0	2082
23216	6	2256	8	25	0	2295
23217	5	14	5	2279	0	2303
23218	5	8	5	2304	0	2322
23219	2378	7	3	18	0	2406
23220	18	2372	3	13	0	2406
23221	12	15	1	2436	0	2464
23222	8	9	2435	17	0	2469
23223	2263	3	17	10	0	2293
23224	18	4	2410	11	0	2443
23225	9	2	23	2366	0	2400
23226	7	2469	7	20	0	2503
23227	4	18	6	2480	0	2508
23228	2515	10	2	29	0	2556
23229	2514	7	3	13	0	2537
23230	27	2596	4	15	0	2642
23231	2675	18	6	14	0	2713
23232	2664	10	1	11	0	2686
23233	2682	9	4	7	0	2702
23234	2733	5	4	8	0	2750
23235	2614	5	1	10	0	2630
23236	33	4	2670	4	0	2711
23237	20	2	24	2656	0	2702
23238	11	8	7	2635	0	2661
23239	8	5	5	2686	0	2704
23240	11	2680	3	31	0	2725
23241	15	20	2	2686	0	2723
23242	9	12	2682	26	0	2729
23243	8	2598	26	12	0	2644
23244	6	2534	12	12	0	2564
23245	13	25	8	2513	0	2559
23246	6	15	4	2525	0	2550
23247	9	11	0	2499	0	2519
23248	8	2423	5	37	0	2473
23249	5	2478	3	18	0	2504
23250	2495	25	5	13	0	2538
23251	2489	13	3	8	0	2513
23252	28	2510	4	14	0	2556
23253	2572	25	1	11	0	2609
23254	2636	7	5	7	0	2655
23255	30	9	3	2622	0	2664
23256	12	6	6	2668	0	2692
23257	12	6	2	2671	0	2691
23258	5	8	2656	39	0	2708
23259	5	4	2674	23	0	2706
23260	9	2800	32	13	0	2854
23261	2869	29	11	7	0	2916
23262	32	12	2883	11	0	2938
23263	2908	14	27	15	0	2964
23264	45	7	3101	12	0	3165
23265	3147	3	44	9	0	3203
23266	53	3273	8	9	0	3343
23267	3268	44	11	9	0	3332
23268	56	11	8	3225	0	3300
23269	16	13	13	3307	0	3349
23270	18	11	3265	51	0	3345
23271	12	3331	35	23	0	3401
23272	16	45	12	3366	0	3439
23273	13	18	3352	43	0	3426
23274	3163	14	41	15	0	3233
23275	40	3283	15	17	0	3355
23276	3250	37	21	10	0	3318
23277	43	3165	6	21	0	3235
23278	12	43	13	3189	0	3257
23279	3139	8	6	47	0	3200
23280	36	3140	4	21	0	3201
23281	14	42	3	3134	0	3193
23282	9	14	3082	50	0	3155
23283	2948	10	35	22	0	3015
23284	41	7	12	3055	0	3115
23285	15	14	3025	38	0	3092
23286	13	3034	34	23	0	3104
23287	8	36	16	3050	0	3110
23288	15	9	3049	38	0	3111
23289	11	15	39	2974	0	3039
23290	6	3017	12	51	0	3086
23291	4	3069	12	21	0	3106
23292	10	38	3049	18	0	3115
23293	15	16	36	3041	0	3108
23294	11	11	3076	38	0	3136
23295	2970	12	43	14	0	3039
23296	43	5	13	2991	0	3052
23297	18	2913	7	34	0	2972
23298	10	3057	4	17	0	3088
23299	3004	39	7	8	0	3058
23300	37	3074	5	8	0	3124
23301	3056	35	4	12	0	3107
23302	43	12	2977	3	0	3035
23303	2822	10	29	6	0	2867
23304	34	2872	9	7	0	2922
23305	2872	32	16	6	0	2926
23306	36	2834	2	7	0	2879
23307	9	40	4	2838	0	2891
23308	8	11	3	2893	0	2915
23309	2	13	2884	34	0	2933
23310	2756	5	28	18	0	2807
23311	29	7	2852	9	0	2897
23312	2910	7	36	4	0	2957
23313	37	8	6	2887	0	2938
23314	12	2	11	2943	0	2968
23315	12	2987	3	45	0	3047
23316	2	40	4	3114	0	3160
23317	6	9	4	3193	0	3212
23318	5	10	3143	50	0	3208
23319	2972	1	36	21	0	3030
23320	39	3052	11	13	0	3115
23321	3049	40	9	8	0	3106
23322	46	15	2	3038	0	3101
23323	11	9	6	3083	0	3109
23324	3037	3	9	52	0	3101
23325	40	3075	4	26	0	3145
23326	2998	43	1	10	0	3052
23327	46	2980	3	5	0	3034
23328	17	2958	3	5	0	2983
23329	2940	44	14	11	0	3009
23330	53	14	6	2850	0	2923
23331	17	12	2839	37	0	2905
23332	12	9	34	2813	0	2868
23333	9	7	11	2802	0	2829
23334	7	2819	6	48	0	2880
23335	10	40	3	2867	0	2920
23336	4	18	0	2884	0	2906
23337	3	7	8	2899	0	2917
23338	6	7	5	2940	0	2958
23339	4	4	2899	60	0	2967
23340	5	7	2959	22	0	2993
23341	6	5	51	3001	0	3063
23342	5	5	2987	53	0	3050
23343	3	7	2994	21	0	3025
23344	9	4	54	3033	0	3100
23345	4	5	3158	56	0	3223
23346	5	4	57	3074	0	3140
23347	6	3185	25	44	0	3260
23348	3306	45	9	25	0	3385
23349	48	15	3467	14	0	3544
23350	19	9	58	3483	0	3569
23351	13	6	3592	65	0	3676
23352	6	7	60	3801	0	3874
23353	10	5	20	3910	0	3945
23354	3883	8	10	96	0	3997
23355	73	3	11	4025	0	4112
23356	3890	8	8	88	0	3994
23357	3992	9	7	39	0	4047
23358	100	3926	8	24	0	4058
23359	3892	71	8	20	0	3991
23360	86	3810	4	15	0	3915
23361	38	3878	5	20	0	3941
23362	3778	91	10	15	0	3894
23363	84	42	3721	9	0	3856
23364	36	17	3593	9	0	3655
23365	3425	21	100	13	0	3559
23366	3472	22	29	5	0	3528
23367	87	3478	11	11	0	3587
23368	3524	65	10	17	0	3616
23369	3535	27	11	10	0	3583
23370	3496	10	11	13	0	3530
23371	92	9	12	3417	0	3530
23372	3411	4	10	67	0	3492
23373	75	3445	6	32	0	3558
23374	38	63	9	3530	0	3640
23375	25	23	10	3562	0	3620
23376	21	3519	3	90	0	3633
23377	10	69	13	3578	0	3670
23378	3542	23	7	81	0	3653
23379	3574	19	9	39	0	3641
23380	88	3478	10	23	0	3599
23381	36	3575	9	31	0	3651
23382	3552	84	4	22	0	3662
23383	73	32	3529	18	0	3652
23384	39	21	3534	22	0	3616
23385	38	8	74	3488	0	3608
23386	27	16	30	3562	0	3635
23387	16	16	3516	91	0	3639
23388	30	3398	62	35	0	3525
23389	24	69	35	3331	0	3459
23390	11	37	3518	74	0	3640
23391	20	14	68	3521	0	3623
23392	15	14	34	3523	0	3586
23393	10	3560	23	88	0	3681
23394	26	63	13	3574	0	3676
23395	11	33	14	3616	0	3674
23396	17	19	18	3638	0	3692
23397	3578	12	7	99	0	3696
23398	80	9	11	3519	0	3619
23399	35	3559	14	84	0	3692
23400	3532	64	7	42	0	3645
23401	81	29	3445	27	0	3582
23402	40	17	3437	27	0	3521
23403	3463	9	88	26	0	3586
23404	79	11	34	3500	0	3624
23405	37	19	3534	79	0	3669
23406	32	13	66	3515	0	3626
23407	26	8	25	3598	0	3657
23408	3546	17	17	97	0	3677
23409	3567	11	16	48	0	3642
23410	98	3572	10	34	0	3714
23411	43	67	18	3570	0	3698
23412	27	30	3540	81	0	3678
23413	21	3614	68	46	0	3749
23414	3580	65	36	36	0	3717
23415	69	3629	25	32	0	3755
23416	3570	68	17	17	0	3672
23417	73	42	3527	19	0	3661
23418	3519	23	59	15	0	3616
23419	3679	11	28	17	0	3735
23420	96	20	3778	18	0	3912
23421	43	30	70	3752	0	3895
23422	30	3767	37	77	0	3911
23423	17	3931	20	38	0	4006
23424	15	3951	17	31	0	4014
23425	39	98	11	3837	0	3985
23426	21	39	3894	73	0	4027
23427	16	28	69	3891	0	4004
23428	24	19	28	3971	0	4042
23429	24	11	3939	95	0	4069
23430	11	3937	73	48	0	4069
23431	14	75	29	3891	0	4009
23432	3918	33	14	79	0	4044
23433	72	19	14	3932	0	4037
23434	36	12	13	3919	0	3980
23435	24	3854	11	113	0	4002
23436	3903	74	12	50	0	4039
23437	86	30	8	4026	0	4150
23438	40	22	3990	78	0	4130
23439	20	3950	68	41	0	4079
23440	3905	69	30	27	0	4031
23441	71	33	3932	21	0	4057
23442	3896	17	68	14	0	3995
23443	79	19	31	3888	0	4017
23444	35	3913	20	66	0	4034
23445	3836	65	16	37	0	3954
23446	3844	29	11	22	0	3906
23447	84	3898	12	11	0	4005
23448	47	65	11	3826	0	3949
23449	26	26	9	3720	0	3781
23450	3619	15	5	75	0	3714
23451	55	3577	11	39	0	3682
23452	29	63	2	3352	0	3446
23453	13	3282	5	48	0	3348
23454	3	3243	8	19	0	3273
23455	12	44	6	3112	0	3174
23456	3077	13	7	35	0	3132
23457	34	3088	3	11	0	3136
23458	12	31	3	3090	0	3136
23459	5	10	7	3097	0	3119
23460	4	7	3046	37	0	3094
23461	6	6	2922	17	0	2951
23462	3	2998	38	8	0	3047
23463	8	31	3008	7	0	3054
23464	3	16	32	3020	0	3071
23465	4	8	3070	33	0	3115
23466	3	5	35	3088	0	3131
23467	6	2	11	3119	0	3138
23468	3	6	5	3122	0	3136
23469	3064	7	5	42	0	3118
23470	34	4	1	3081	0	3120
23471	14	3	5	3095	0	3117
23472	5	3061	4	40	0	3110
23473	9	32	0	3053	0	3094
23474	3061	11	3	44	0	3119
23475	34	3136	4	12	0	3186
23476	3136	32	2	19	0	3189
23477	39	13	3120	8	0	3180
23478	13	9	3125	7	0	3154
23479	6	8	40	3234	0	3288
23480	5	3	14	3297	0	3319
23481	3	3289	7	46	0	3345
23482	1	41	5	3140	0	3187
23483	3275	9	3	49	0	3336
23484	3259	7	4	19	0	3289
23485	46	9	3	3292	0	3350
23486	13	3	3443	49	0	3508
23487	13	6	38	3475	0	3532
23488	3	4	13	3612	0	3632
23489	4	5	4	3644	0	3657
23490	4	13	8	3568	0	3593
23491	6	4	6	3554	0	3570
23492	1	3509	4	65	0	3579
23493	3497	40	10	24	0	3571
23494	3601	16	4	14	0	3635
23495	3635	6	5	16	0	3662
23496	53	3653	6	12	0	3724
23497	3653	45	4	16	0	3718
23498	47	3656	7	12	0	3722
23499	21	46	3615	9	0	3691
23500	7	16	46	3552	0	3621
23501	16	2	3653	49	0	3720
23502	7	3663	48	25	0	3743
23503	3634	49	20	20	0	3723
23504	52	17	3772	21	0	3862
23505	18	10	3919	12	0	3959
23506	10	4063	77	10	0	4160
23507	13	70	23	4158	0	4264
23508	7	28	4346	73	0	4454
23509	8	13	78	4286	0	4385
23510	3	9	35	4748	0	4795
23511	8	6	11	5045	0	5070
23512	5252	4	11	139	0	5406
23513	5304	6	4	60	0	5374
23514	137	7	9	5290	0	5443
23515	5366	3	7	124	0	5500
23516	125	1	5277	45	0	5448
23517	47	5	5225	26	0	5303
23518	21	9	5271	34	0	5335
23519	27	9	5280	19	0	5335
23520	21	5055	130	19	0	5225
23521	40	85	50	4993	0	5168
23522	30	27	5052	108	0	5217
23523	4793	12	108	41	0	4954
23524	5041	10	55	25	0	5131
23525	121	4975	35	30	0	5161
23526	5007	90	35	18	0	5150
23527	108	39	35	4984	0	5166
23528	48	16	5068	101	0	5233
23529	30	16	107	4877	0	5030
23530	31	5074	53	84	0	5242
23531	4944	103	24	46	0	5117
23532	5100	37	25	25	0	5187
23533	119	5054	25	31	0	5229
23534	5117	93	16	16	0	5242
23535	5120	43	19	25	0	5207
23536	137	5084	20	19	0	5260
23537	65	105	8	4917	0	5095
23538	37	4957	13	96	0	5103
23539	5009	103	21	40	0	5173
23540	118	57	10	4981	0	5166
23541	4974	33	13	103	0	5123
23542	121	29	11	4942	0	5103
23543	69	25	4871	106	0	5071
23544	4779	37	88	55	0	4959
23545	129	20	4867	28	0	5044
23546	62	25	96	4861	0	5044
23547	44	22	4824	110	0	5000
23548	43	16	95	4818	0	4972
23549	41	26	4810	108	0	4985
23550	4707	12	101	66	0	4886
23551	117	4757	53	42	0	4969
23552	4802	88	33	39	0	4962
23553	102	34	46	4795	0	4977
23554	4770	16	32	112	0	4930
23555	110	4722	39	49	0	4920
23556	65	4711	33	38	0	4847
23557	30	4920	29	32	0	5011
23558	4887	117	30	28	0	5062
23559	109	58	19	4846	0	5032
23560	70	26	27	4920	0	5043
23561	38	36	4784	127	0	4985
23562	38	40	4733	46	0	4857
23563	34	26	100	4800	0	4960
23564	28	34	4854	112	0	5028
23565	41	4810	97	54	0	5002
23566	4784	104	49	36	0	4973
23567	105	56	4838	32	0	5031
23568	59	30	4867	22	0	4978
23569	32	27	133	4789	0	4981
23570	4860	13	67	121	0	5061
23571	105	10	46	4896	0	5057
23572	4887	22	46	113	0	5068
23573	113	20	38	4889	0	5060
23574	59	13	4880	118	0	5070
23575	32	4768	129	55	0	4984
23576	43	90	4868	36	0	5037
23577	37	4854	122	42	0	5055
23578	42	113	68	4803	0	5026
23579	4753	39	38	120	0	4950
23580	111	23	4737	62	0	4933
23581	55	23	110	4706	0	4894
23582	38	18	49	4833	0	4938
23583	4849	28	29	126	0	5032
23584	106	19	31	4765	0	4921
23585	47	4811	33	111	0	5002
23586	4667	94	36	61	0	4858
23587	108	43	4620	38	0	4809
23588	4459	28	99	42	0	4628
23589	120	4531	38	41	0	4730
23590	63	99	24	4437	0	4623
23591	36	4598	26	84	0	4744
23592	4562	94	16	55	0	4727
23593	111	54	4574	32	0	4771
23594	4443	40	86	25	0	4594
23595	103	4531	35	41	0	4710
23596	67	103	16	4528	0	4714
23597	4580	49	20	100	0	4749
23598	4631	24	22	51	0	4728
23599	131	39	17	4538	0	4725
23600	64	22	18	4599	0	4703
23601	35	4529	24	120	0	4708
23602	43	112	13	4536	0	4704
23603	40	4945	23	94	0	5102
23604	36	5204	26	58	0	5324
23605	40	177	17	4816	0	5050
23606	21	5041	15	110	0	5187
23607	31	97	5069	48	0	5245
23608	87	38	5114	38	0	5277
23609	24	5262	124	45	0	5455
23610	29	98	5205	25	0	5357
23611	17	56	5149	19	0	5241
23612	14	23	4802	4	0	4843
23613	5	4694	118	5	0	4822
23614	4558	87	78	7	0	4730
23615	72	4528	19	6	0	4625
23616	30	88	4498	3	0	4619
23617	18	38	82	4406	0	4544
23618	4415	24	39	73	0	4551
23619	79	18	4387	33	0	4517
23620	33	9	89	4375	0	4506
23621	18	8	4452	79	0	4557
23622	12	7	103	4373	0	4495
23623	4352	12	44	93	0	4501
23624	82	7	4417	39	0	4545
23625	34	4420	88	22	0	4564
23626	25	78	43	4344	0	4490
23627	4460	35	28	80	0	4603
23628	85	24	4396	36	0	4541
23629	37	20	82	4233	0	4372
23630	24	4371	40	75	0	4510
23631	4447	81	26	36	0	4590
23632	4601	31	23	29	0	4684
23633	117	24	16	4561	0	4718
23634	54	4581	16	95	0	4746
23635	29	4815	19	40	0	4903
23636	4930	116	14	34	0	5094
23637	102	59	15	4834	0	5010
23638	50	4936	15	100	0	5101
23639	4951	98	13	46	0	5108
23640	93	56	14	4975	0	5138
23641	57	30	15	5044	0	5146
23642	30	18	4820	134	0	5002
23643	21	4891	84	78	0	5074
23644	13	5125	44	35	0	5217
23645	19	129	22	5100	0	5270
23646	5098	67	15	106	0	5286
23647	103	5118	12	64	0	5297
23648	5140	111	17	32	0	5300
23649	110	5141	14	27	0	5292
23650	59	118	12	5131	0	5320
23651	5129	63	9	114	0	5315
23652	117	28	19	5147	0	5311
23653	56	30	5112	127	0	5325
23654	30	21	98	4954	0	5103
23655	21	5075	51	120	0	5267
23656	5032	108	27	60	0	5227
23657	103	5055	20	35	0	5213
23658	59	128	11	4939	0	5137
23659	35	72	13	5070	0	5190
23660	29	34	4930	154	0	5147
23661	20	29	4955	74	0	5078
23662	24	20	142	4941	0	5127
23663	20	33	4945	110	0	5108
23664	19	4880	118	72	0	5089
23665	4858	109	56	41	0	5064
23666	103	70	4927	32	0	5132
23667	4870	36	106	27	0	5039
23668	5021	29	61	31	0	5142
23669	5047	23	42	23	0	5135
23670	5036	22	26	34	0	5118
23671	163	26	26	4921	0	5136
23672	87	20	28	4839	0	4974
23673	41	4831	30	139	0	5041
23674	4757	108	23	76	0	4964
23675	118	65	4673	44	0	4900
23676	81	38	104	4649	0	4872
23677	48	21	65	4726	0	4860
23678	36	30	4610	151	0	4827
23679	35	4646	103	83	0	4867
23680	36	106	63	4495	0	4700
23681	37	57	44	4756	0	4894
23682	4640	44	20	168	0	4872
23683	118	4629	18	98	0	4863
23684	85	103	21	4594	0	4803
23685	39	4632	23	127	0	4821
23686	29	113	22	4720	0	4884
23687	4586	70	17	140	0	4813
23688	4704	38	21	73	0	4836
23689	147	36	20	4629	0	4832
23690	4639	22	21	140	0	4822
23691	4623	24	22	81	0	4750
23692	166	4567	12	57	0	4802
23693	95	109	19	4450	0	4673
23694	50	4571	16	110	0	4747
23695	34	126	11	4569	0	4740
23696	4538	57	11	132	0	4738
23697	118	44	14	4547	0	4723
23698	80	21	18	4611	0	4730
23699	49	34	4447	153	0	4683
23700	44	4242	92	92	0	4470
23701	44	4473	45	61	0	4623
23702	4370	135	26	48	0	4579
23703	104	79	12	3873	0	4068
23704	3632	35	10	91	0	3768
23705	89	3466	12	69	0	3636
23706	44	3256	15	41	0	3356
23707	30	3322	7	35	0	3394
23708	2875	82	76	20	0	3053
23709	45	2890	11	24	0	2970
23710	2670	42	41	11	0	2764
23711	2602	15	5	16	0	2638
23712	2713	6	5	6	0	2730
23713	49	10	3	2859	0	2921
23714	24	6	4	2936	0	2970
23715	12	8	5	2983	0	3008
23716	13	7	1	2957	0	2978
23717	2914	5	2	74	0	2995
23718	52	2884	1	29	0	2966
23719	25	47	3	2910	0	2985
23720	2933	24	2	53	0	3012
23721	56	3	2	2914	0	2975
23722	24	8	0	2927	0	2959
23723	2883	2	2	79	0	2966
23724	49	9	2831	30	0	2919
23725	24	6	43	2866	0	2939
23726	11	7	2889	55	0	2962
23727	10	5	44	2844	0	2903
23728	10	17	22	2826	0	2875
23729	2776	5	4	70	0	2855
23730	45	2718	6	30	0	2799
23731	21	2700	4	12	0	2737
23732	2567	51	6	12	0	2636
23733	48	2618	3	12	0	2681
23734	2582	42	7	21	0	2652
23735	52	14	2532	8	0	2606
23736	2314	3	33	6	0	2356
23737	2368	2	8	6	0	2384
23738	2404	1	0	3	0	2408
23739	40	4	1	2342	0	2387
23740	12	3	1	2354	0	2370
23741	4	2337	1	36	0	2378
23742	1	35	1	2324	0	2361
23743	2299	10	0	34	0	2343
23744	28	2282	1	10	0	2321
23745	8	2292	2	4	0	2306
23746	2249	29	1	3	0	2282
23747	27	7	2214	1	0	2249
23748	6	0	26	2196	0	2228
23749	2	1	2255	27	0	2285
23750	4	2	24	2204	0	2234
23751	0	2236	7	22	0	2265
23752	3	24	0	2269	0	2296
23753	2227	6	0	27	0	2260
23754	26	3	0	2241	0	2270
23755	8	1	2289	24	0	2322
23756	2191	1	26	11	0	2229
23757	30	2319	5	1	0	2355
23758	9	2459	1	6	0	2475
23759	2558	29	1	1	0	2589
23760	2731	11	0	6	0	2748
23761	50	3	2730	3	0	2786
23762	2686	2	38	5	0	2731
23763	43	2735	12	5	0	2795
23764	2759	42	3	3	0	2807
23765	46	12	1	2683	0	2742
23766	16	2554	0	39	0	2609
23767	2600	39	4	11	0	2654
23768	46	13	2622	5	0	2686
23769	17	8	40	2642	0	2707
23770	2700	2	13	45	0	2760
23771	47	2	2671	14	0	2734
23772	2685	7	42	7	0	2741
23773	51	4	12	2670	0	2737
23774	15	2	7	2731	0	2755
23775	6	5	2740	59	0	2810
23776	12	1	40	2725	0	2778
23777	2756	3	17	46	0	2822
23778	44	2711	4	19	0	2778
23779	2738	45	2	9	0	2794
23780	2766	12	4	12	0	2794
23781	56	5	5	2745	0	2811
23782	20	11	2779	50	0	2860
23783	10	2	44	2758	0	2814
23784	2774	4	13	50	0	2841
23785	45	2743	8	20	0	2816
23786	2831	42	3	14	0	2890
23787	54	17	3	2816	0	2890
23788	17	8	3	2891	0	2919
23789	11	5	4	2903	0	2923
23790	13	1	2834	64	0	2912
23791	12	4	49	2859	0	2924
23792	6	7	2817	58	0	2888
23793	15	3	2829	18	0	2865
23794	8	6	55	3040	0	3109
23795	9	2	3091	60	0	3162
23796	3353	2	55	28	0	3438
23797	70	6	17	3555	0	3648
23798	32	3	14	3579	0	3628
23799	16	3611	14	86	0	3727
23800	3657	75	3	53	0	3788
23801	3825	32	9	24	0	3890
23802	112	3820	11	10	0	3953
23803	51	76	4	3844	0	3975
23804	24	32	3850	83	0	3989
23805	3786	20	79	36	0	3921
23806	3928	8	33	25	0	3994
23807	113	8	14	3753	0	3888
23808	56	16	3661	87	0	3820
23809	26	3628	81	40	0	3775
23810	3601	76	30	27	0	3734
23811	91	40	3608	14	0	3753
23812	43	3533	74	17	0	3667
23813	3360	58	42	19	0	3479
23814	3375	24	29	15	0	3443
23815	96	13	11	3287	0	3407
23816	48	3326	8	61	0	3443
23817	27	53	10	3445	0	3535
23818	17	32	15	3502	0	3566
23819	19	26	9	3478	0	3532
23820	19	10	13	3528	0	3570
23821	12	15	3449	106	0	3582
23822	18	12	58	3470	0	3558
23823	25	8	31	3545	0	3609
23824	20	13	3435	100	0	3568
23825	15	3427	58	61	0	3561
23826	3419	66	31	37	0	3553
23827	3484	32	21	27	0	3564
23828	91	17	7	3459	0	3574
23829	3475	7	12	86	0	3580
23830	80	10	11	3526	0	3627
23831	48	8	3516	95	0	3667
23832	30	6	3491	55	0	3582
23833	16	3512	89	38	0	3655
23834	3479	71	51	21	0	3622
23835	85	40	3680	16	0	3821
23836	55	18	86	3596	0	3755
23837	34	12	44	3942	0	4032
23838	29	11	24	4058	0	4122
23839	28	9	10	4035	0	4082
23840	19	6	20	4035	0	4080
23841	11	13	3899	169	0	4092
23842	14	12	99	3985	0	4110
23843	3905	19	51	123	0	4098
23844	105	3895	30	70	0	4100
23845	3932	87	18	52	0	4089
23846	111	3930	16	44	0	4101
23847	3951	109	13	45	0	4118
23848	4050	50	14	41	0	4155
23849	147	21	18	3951	0	4137
23850	78	18	15	4026	0	4137
23851	3922	16	19	157	0	4114
23852	3887	11	16	84	0	3998
23853	3950	18	14	43	0	4025
23854	161	3763	15	29	0	3968
23855	81	3824	16	39	0	3960
23856	44	131	3773	25	0	3973
23857	43	77	88	3692	0	3900
23858	38	27	3610	110	0	3785
23859	27	3503	95	78	0	3703
23860	29	79	57	3362	0	3527
23861	28	43	18	3412	0	3501
23862	26	20	9	3469	0	3524
23863	3346	21	13	140	0	3520
23864	3378	26	9	80	0	3493
23865	121	3374	15	41	0	3551
23866	136	80	18	3318	0	3552
23867	33	45	3362	100	0	3540
23868	25	27	3283	58	0	3393
23869	3270	25	110	50	0	3455
23870	3361	10	58	32	0	3461
23871	128	9	23	3304	0	3464
23872	3336	12	12	100	0	3460
23873	115	13	3266	59	0	3453
23874	68	3229	74	47	0	3418
23875	37	78	55	3245	0	3415
23876	23	41	3322	99	0	3485
23877	18	29	88	3377	0	3512
23878	27	12	57	3454	0	3550
23879	30	14	3402	131	0	3577
23880	3337	9	79	95	0	3520
23881	3458	11	48	59	0	3576
23882	122	3539	24	44	0	3729
23883	3686	91	16	46	0	3839
23884	3805	52	20	44	0	3921
23885	134	35	3799	47	0	4015
23886	3804	11	97	50	0	3962
23887	120	3983	58	37	0	4198
23888	4015	103	30	48	0	4196
23889	4144	42	20	36	0	4242
23890	4255	36	18	20	0	4329
23891	4097	23	9	29	0	4158
23892	4259	24	11	24	0	4318
23893	183	4120	14	29	0	4346
23894	3947	101	11	27	0	4086
23895	136	3856	19	25	0	4036
23896	60	3459	10	26	0	3555
23897	35	3512	10	30	0	3587
23898	3410	100	57	23	0	3590
23899	3411	32	16	15	0	3474
23900	107	26	3307	14	0	3454
23901	3427	17	62	20	0	3526
23902	3494	13	28	13	0	3548
23903	111	18	3478	14	0	3621
23904	59	14	81	3436	0	3590
23905	29	14	42	3424	0	3509
23906	23	10	12	3638	0	3683
23907	21	6	14	3646	0	3687
23908	20	7	11	3655	0	3693
23909	29	8	3526	129	0	3692
23910	24	3535	80	53	0	3692
23911	3470	79	40	31	0	3620
23912	90	3499	15	25	0	3629
23913	3515	92	15	17	0	3639
23914	3520	43	15	18	0	3596
23915	122	20	3431	17	0	3590
23916	56	19	90	3293	0	3458
23917	23	3356	44	81	0	3504
23918	3381	81	13	38	0	3513
23919	3403	38	15	21	0	3477
23920	3464	21	11	10	0	3506
23921	140	3421	2	23	0	3586
23922	3476	79	24	7	0	3586
23923	3513	37	11	20	0	3581
23924	3530	23	7	17	0	3577
23925	139	10	12	3408	0	3569
23926	60	17	8	3484	0	3569
23927	45	7	7	3538	0	3597
23928	3429	19	13	115	0	3576
23929	108	3427	8	47	0	3590
23930	3443	73	6	17	0	3539
23931	3395	42	8	11	0	3456
23932	3354	20	7	14	0	3395
23933	3326	16	8	9	0	3359
23934	122	3228	12	13	0	3375
23935	3010	66	5	12	0	3093
23936	89	2982	3	16	0	3090
23937	41	2855	3	7	0	2906
23938	2819	58	7	3	0	2887
23939	66	2762	7	2	0	2837
23940	44	2848	5	4	0	2901
23941	2830	70	26	4	0	2930
23942	2836	32	4	8	0	2880
23943	82	17	3	2768	0	2870
23944	41	14	4	2827	0	2886
23945	2827	14	2	73	0	2916
23946	2923	12	6	30	0	2971
23947	2894	18	4	11	0	2927
23948	90	12	2821	4	0	2927
23949	2905	15	48	8	0	2976
23950	69	21	17	2902	0	3009
23951	45	12	7	2940	0	3004
23952	38	5	7	2952	0	3002
23953	26	5	8	2971	0	3010
23954	22	7	2848	82	0	2959
23955	15	8	2884	36	0	2943
23956	24	10	56	2873	0	2963
23957	26	3	2899	65	0	2993
23958	17	15	2915	33	0	2980
23959	30	9	62	2918	0	3019
23960	26	10	26	2990	0	3052
23961	24	6	19	3058	0	3107
23962	23	8	11	2995	0	3037
23963	3016	13	7	84	0	3120
23964	3130	14	15	38	0	3197
23965	83	14	7	3041	0	3145
23966	48	9	5	3064	0	3126
23967	26	22	11	3062	0	3121
23968	33	9	9	3057	0	3108
23969	31	9	4	3036	0	3080
23970	31	2989	8	75	0	3103
23971	3018	56	5	42	0	3121
23972	71	3026	8	32	0	3137
23973	3043	59	5	28	0	3135
23974	3078	27	1	25	0	3131
23975	3078	21	1	26	0	3126
23976	90	10	7	2915	0	3022
23977	2917	13	7	62	0	2999
23978	79	16	6	2882	0	2983
23979	50	13	3	2879	0	2945
23980	2865	13	0	84	0	2962
23981	79	2804	2	38	0	2923
23982	34	2691	2	23	0	2750
23983	2603	41	5	11	0	2660
23984	43	24	2530	8	0	2605
23985	2363	11	34	10	0	2418
23986	61	20	23	2376	0	2480
23987	37	2174	6	28	0	2245
23988	19	2222	1	22	0	2264
23989	2189	38	3	20	0	2250
23990	34	24	3	2172	0	2233
23991	25	2222	2	25	0	2274
23992	2205	24	2	15	0	2246
23993	2223	14	0	13	0	2250
23994	2221	7	3	12	0	2243
23995	2241	4	0	11	0	2256
23996	37	2152	1	13	0	2203
23997	16	2127	0	8	0	2151
23998	2129	33	1	3	0	2166
23999	2206	11	0	2	0	2219
24000	39	3	2133	8	0	2183
24001	11	2069	16	0	0	2096
24002	2029	13	7	0	0	2049
24003	2115	4	0	0	0	2119
24004	26	0	2144	2	0	2172
24005	2230	2	16	4	0	2252
24006	23	0	2345	1	0	2369
24007	6	0	2543	1	0	2550
24008	1	2	30	2423	0	2456
24009	0	2484	9	33	0	2526
24010	2634	36	3	9	0	2682
24011	36	9	4	2621	0	2670
24012	13	4	2	2652	0	2671
24013	7	3	2	2684	0	2696
24014	2649	2	2	51	0	2704
24015	40	0	0	2623	0	2663
24016	12	2	0	2702	0	2716
24017	9	0	2694	49	0	2752
24018	2705	0	40	17	0	2762
24019	2768	2	14	9	0	2793
24020	56	0	2736	7	0	2799
24021	2674	1	44	6	0	2725
24022	50	4	14	2651	0	2719
24023	19	2658	5	45	0	2727
24024	9	44	4	2700	0	2757
24025	2673	10	4	52	0	2739
24026	46	2688	1	19	0	2754
24027	14	47	3	2706	0	2770
24028	9	12	2	2782	0	2805
24029	7	4	3	2788	0	2802
24030	8	5	1	2690	0	2704
24031	8	2797	3	61	0	2869
24032	2813	45	6	20	0	2884
24033	2862	14	5	19	0	2900
24034	56	2917	0	22	0	2995
24035	3174	58	1	8	0	3241
24036	3324	15	1	10	0	3350
24037	3301	7	0	14	0	3322
24038	97	6	3172	7	0	3282
24039	33	4	63	3173	0	3273
24040	24	3	3063	79	0	3169
24041	3102	6	74	25	0	3207
24042	86	3128	19	16	0	3249
24043	3115	71	12	10	0	3208
24044	82	3145	8	8	0	3243
24045	30	76	12	3048	0	3166
24046	27	21	8	3103	0	3159
24047	18	15	3048	84	0	3165
24048	15	3089	73	28	0	3205
24049	3063	82	19	21	0	3185
24050	89	21	3055	13	0	3178
24051	3064	17	73	13	0	3167
24052	85	11	22	3074	0	3192
24053	31	12	3084	85	0	3212
24054	26	3078	79	26	0	3209
24055	18	80	21	3090	0	3209
24056	20	25	3088	81	0	3214
24057	16	16	3094	26	0	3152
24058	20	3026	88	23	0	3157
24059	15	85	34	2974	0	3108
24060	12	26	22	2992	0	3052
24061	20	2971	13	82	0	3086
24062	2989	79	19	33	0	3120
24063	80	24	18	2938	0	3060
24064	23	2910	13	93	0	3039
24065	2958	80	15	29	0	3082
24066	2990	27	11	24	0	3052
24067	3004	21	10	22	0	3057
24068	102	2939	17	31	0	3089
24069	2982	85	11	16	0	3094
24070	3026	30	7	23	0	3086
24071	102	23	15	2953	0	3093
24072	2960	11	7	88	0	3066
24073	103	20	7	2940	0	3070
24074	48	17	2887	92	0	3044
24075	35	14	2964	34	0	3047
24076	29	15	83	2970	0	3097
24077	33	11	2974	92	0	3110
24078	2949	10	94	37	0	3090
24079	99	21	32	2998	0	3150
24080	41	8	23	3046	0	3118
24081	28	13	2957	112	0	3110
24082	32	2846	89	39	0	3006
24083	23	3013	31	37	0	3104
24084	22	99	27	2920	0	3068
24085	24	39	11	3027	0	3101
24086	26	25	2912	113	0	3076
24087	24	15	2960	47	0	3046
24088	29	11	98	2976	0	3114
24089	8	26	2932	109	0	3075
24090	2936	17	103	44	0	3100
24091	100	12	41	2932	0	3085
24092	2938	15	25	113	0	3091
24093	109	12	28	2922	0	3071
24094	43	15	20	3020	0	3098
24095	36	19	2923	114	0	3092
24096	28	2954	89	58	0	3129
24097	25	82	29	2990	0	3126
24098	21	28	2966	104	0	3119
24099	28	2879	96	37	0	3040
24100	25	85	35	2929	0	3074
24101	2891	27	29	113	0	3060
24102	95	17	2897	41	0	3050
24103	2755	21	87	33	0	2896
24104	103	16	2702	35	0	2856
24105	2436	16	90	22	0	2564
24106	79	2454	27	27	0	2587
24107	25	2310	22	21	0	2378
24108	23	100	18	2153	0	2294
24109	15	2169	17	66	0	2267
24110	2162	56	17	24	0	2259
24111	60	19	18	2150	0	2247
24112	22	15	18	2200	0	2255
24113	17	18	8	2214	0	2257
24114	10	18	2135	77	0	2240
24115	16	13	52	2142	0	2223
24116	8	19	2100	74	0	2201
24117	14	2033	60	28	0	2135
24118	1918	46	19	30	0	2013
24119	46	1964	17	26	0	2053
24120	1995	53	15	21	0	2084
24121	2032	18	12	24	0	2086
24122	2038	12	13	22	0	2085
24123	2027	10	16	16	0	2069
24124	68	12	1971	13	0	2064
24125	35	12	49	1951	0	2047
24126	27	11	17	1930	0	1985
24127	21	15	8	2000	0	2044
24128	1811	8	12	67	0	1898
24129	1859	9	9	26	0	1903
24130	61	1912	10	24	0	2007
24131	29	45	1829	21	0	1924
24132	15	14	1816	20	0	1865
24133	16	1748	54	26	0	1844
24134	14	1740	26	18	0	1798
24135	45	44	51	1389	0	1529
24136	17	7	5	1359	0	1388
24137	1383	6	3	26	0	1418
24138	25	1374	9	9	0	1417
24139	15	21	7	1423	0	1466
24140	6	11	1471	25	0	1513
24141	10	11	22	1508	0	1551
24142	9	5	10	1528	0	1552
24143	10	4	5	1545	0	1564
24144	11	3	3	1523	0	1540
24145	4	8	1479	37	0	1528
24146	5	1419	25	23	0	1472
24147	5	1449	14	14	0	1482
24148	1385	27	4	8	0	1424
24149	19	1385	4	11	0	1419
24150	9	1456	7	10	0	1482
24151	7	28	2	1458	0	1495
24152	6	11	7	1463	0	1487
24153	4	10	2	1465	0	1481
24154	4	6	1434	31	0	1475
24155	7	1428	17	16	0	1468
24156	5	22	11	1415	0	1453
24157	4	1448	3	22	0	1477
24158	1441	20	3	16	0	1480
24159	17	1445	5	12	0	1479
24160	1448	19	8	12	0	1487
24161	20	11	1435	10	0	1476
24162	1429	8	19	10	0	1466
24163	23	5	10	1450	0	1488
24164	12	8	1462	19	0	1501
24165	1425	7	17	12	0	1461
24166	1462	8	7	4	0	1481
24167	1475	7	3	6	0	1491
24168	25	7	6	1443	0	1481
24169	15	7	1448	21	0	1491
24170	1460	6	18	15	0	1499
24171	18	5	9	1490	0	1522
24172	12	3	4	1501	0	1520
24173	9	3	1531	31	0	1574
24174	11	1515	17	14	0	1557
24175	7	18	8	1493	0	1526
24176	5	1522	9	17	0	1553
24177	1510	17	5	11	0	1543
24178	1503	8	4	6	0	1521
24179	20	8	3	1497	0	1528
24180	1494	4	4	20	0	1522
24181	19	1490	5	13	0	1527
24182	1484	15	3	9	0	1511
24183	20	1499	4	7	0	1530
24184	9	16	3	1514	0	1542
24185	5	7	5	1493	0	1510
24186	5	1503	3	22	0	1533
24187	6	18	1	1499	0	1524
24188	8	6	1490	23	0	1527
24189	5	1470	13	11	0	1499
24190	1391	9	3	5	0	1408
24191	11	1397	2	4	0	1414
24192	9	11	2	1377	0	1399
24193	0	5	1392	12	0	1409
24194	3	0	11	1386	0	1400
24195	3	5	4	1388	0	1400
24196	1357	3	1	16	0	1377
24197	15	4	1367	6	0	1392
24198	7	1388	9	6	0	1410
24199	4	10	1435	1	0	1450
24200	2	4	1436	5	0	1447
24201	2	3	1454	5	0	1464
24202	9	22	18	1411	0	1460
24203	1492	0	7	10	0	1509
24204	6	1485	1	7	0	1499
24205	1531	9	3	1	0	1544
24206	1577	5	1	4	0	1587
24207	13	1	1	1545	0	1560
24208	6	1551	0	10	0	1567
24209	1548	9	1	8	0	1566
24210	10	1565	0	2	0	1577
24211	7	8	1	1554	0	1570
24212	4	5	1	1603	0	1613
24213	1	1598	2	19	0	1620
24214	0	12	1	1617	0	1630
24215	1	7	1586	10	0	1604
24216	0	4	1554	5	0	1563
24217	1	3	14	1586	0	1604
24218	4	0	5	1594	0	1603
24219	2	4	1540	16	0	1562
24220	1	3	1521	6	0	1531
24221	1451	1	13	2	0	1467
24222	6	1508	5	5	0	1524
24223	5	1593	2	5	0	1605
24224	0	15	3	1546	0	1564
24225	2	6	1	1569	0	1578
24226	2	2	1	1592	0	1597
24227	1	3	1580	14	0	1598
24228	2	2	1556	8	0	1568
24229	1	4	15	1583	0	1603
24230	2	3	1569	13	0	1587
24231	1	1550	14	5	0	1570
24232	1550	10	7	2	0	1569
24233	11	4	1551	4	0	1570
24234	4	2	1548	2	0	1556
24235	3	5	15	1583	0	1606
24236	4	1	1746	13	0	1764
24237	4	1776	12	10	0	1802
24238	1	12	9	1841	0	1863
24239	1	6	1834	13	0	1854
24240	2	1756	16	6	0	1780
24241	1746	15	8	9	0	1778
24242	13	11	6	1747	0	1777
24243	7	7	4	1761	0	1779
24244	1757	4	1	21	0	1783
24245	15	1760	5	12	0	1792
24246	1773	17	4	8	0	1802
24247	1772	8	1	7	0	1788
24248	1773	4	2	7	0	1786
24249	25	3	1	1755	0	1784
24250	1703	3	1	16	0	1723
24251	21	1663	2	8	0	1694
24252	17	1701	0	6	0	1724
24253	1743	18	1	5	0	1767
24254	21	10	2	1753	0	1786
24255	12	9	2	1757	0	1780
24256	8	9	1	1763	0	1781
24257	6	7	1689	25	0	1727
24258	4	1700	16	20	0	1740
24259	7	18	7	1732	0	1764
24260	1735	10	3	25	0	1773
24261	15	3	5	1735	0	1758
24262	9	5	1718	23	0	1755
24263	7	1718	17	17	0	1759
24264	1718	21	7	9	0	1755
24265	1705	9	5	10	0	1729
24266	1718	4	5	5	0	1732
24267	27	7	2	1718	0	1754
24268	15	4	1731	21	0	1771
24269	11	7	1820	8	0	1846
24270	12	1853	21	6	0	1892
24271	8	20	12	1868	0	1908
24272	7	11	10	1892	0	1920
24273	1812	5	5	35	0	1857
24274	21	6	7	1856	0	1890
24275	1925	4	4	31	0	1964
24276	24	2	1903	18	0	1947
24277	14	4	1934	8	0	1960
24278	7	3	34	1921	0	1965
24279	11	3	15	1935	0	1964
24280	7	1	9	1977	0	1994
24281	1986	1	11	38	0	2036
24282	2095	4	6	20	0	2125
24283	38	5	8	2126	0	2177
24284	16	1	2098	38	0	2153
24285	14	1	2156	20	0	2191
24286	13	4	40	2150	0	2207
24287	2186	1	19	44	0	2250
24288	36	1	17	2170	0	2224
24289	16	3	13	2204	0	2236
24290	8	4	2172	53	0	2237
24291	9	1	2180	24	0	2214
24292	2142	1	45	17	0	2205
24293	39	2	2161	15	0	2217
24294	19	1	41	2107	0	2168
24295	8	4	28	2148	0	2188
24296	2130	1	14	46	0	2191
24297	36	2102	13	25	0	2176
24298	2085	33	7	20	0	2145
24299	37	2037	7	21	0	2102
24300	1999	33	11	11	0	2054
24301	38	19	1951	10	0	2018
24302	1847	9	48	10	0	1914
24303	1860	9	18	6	0	1893
24304	47	6	10	1832	0	1895
24305	20	4	1811	33	0	1868
24306	16	2	34	1732	0	1784
24307	14	1	19	1737	0	1771
24308	9	1729	8	45	0	1791
24309	11	26	10	1717	0	1764
24310	5	1729	3	40	0	1777
24311	9	30	5	1740	0	1784
24312	1702	18	7	36	0	1763
24313	34	7	1	1730	0	1772
24314	18	11	1706	36	0	1771
24315	1716	6	30	25	0	1777
24316	39	5	1777	12	0	1833
24317	1798	3	40	15	0	1856
24318	1822	4	20	11	0	1857
24319	56	1796	9	14	0	1875
24320	21	1860	14	13	0	1908
24321	1849	44	8	11	0	1912
24322	1899	15	6	14	0	1934
24323	1873	9	6	10	0	1898
24324	1873	10	7	11	0	1901
24325	1883	7	5	9	0	1904
24326	61	8	5	1836	0	1910
24327	32	5	4	1871	0	1912
24328	26	2	1830	57	0	1915
24329	1825	3	37	21	0	1886
24330	45	6	18	1831	0	1900
24331	29	2	12	1862	0	1905
24332	15	4	1832	52	0	1903
24333	20	1769	42	25	0	1856
24334	11	1835	21	17	0	1884
24335	1796	42	17	15	0	1870
24336	1680	16	11	9	0	1716
24337	47	1575	3	17	0	1642
24338	18	1575	5	5	0	1603
24339	1571	37	11	7	0	1626
24340	1626	10	2	10	0	1648
24341	47	6	3	1591	0	1647
24342	20	3	4	1612	0	1639
24343	9	4	5	1631	0	1649
24344	1590	5	4	46	0	1645
24345	1613	7	4	21	0	1645
24346	47	3	8	1638	0	1696
24347	1721	7	6	37	0	1771
24348	45	12	1722	18	0	1797
24349	22	9	36	1739	0	1806
24350	14	5	1747	44	0	1810
24351	17	1720	34	16	0	1787
24352	12	46	17	1709	0	1784
24353	1701	14	3	42	0	1760
24354	45	5	7	1681	0	1738
24355	23	4	3	1704	0	1734
24356	9	4	1661	56	0	1730
24357	15	3	1670	23	0	1711
24358	18	1694	42	10	0	1764
24359	1703	32	14	17	0	1766
24360	1726	13	8	14	0	1761
24361	1740	4	9	9	0	1762
24362	1756	6	8	11	0	1781
24363	58	4	5	1710	0	1777
24364	31	4	7	1723	0	1765
24365	10	1716	5	53	0	1784
24366	1742	38	4	21	0	1805
24367	1764	17	11	8	0	1800
24368	57	7	1682	16	0	1762
24369	1514	9	30	8	0	1561
24370	45	1538	14	6	0	1603
24371	22	56	6	1464	0	1548
24372	9	1523	6	36	0	1574
24373	1528	38	2	17	0	1585
24374	37	1509	6	8	0	1560
24375	20	32	4	1429	0	1485
24376	14	13	1	1450	0	1478
24377	15	0	2	1439	0	1456
24378	8	1393	4	38	0	1443
24379	7	50	5	1394	0	1456
24380	7	26	3	1397	0	1433
24381	9	1269	4	40	0	1322
24382	3	1231	3	9	0	1246
24383	1142	26	3	7	0	1178
24384	23	1156	0	5	0	1184
24385	1095	18	3	7	0	1123
24386	21	14	1092	9	0	1136
24387	12	1078	15	2	0	1107
24388	1070	23	9	2	0	1104
24389	1079	9	1	5	0	1094
24390	28	2	1060	5	0	1095
24391	13	5	17	1064	0	1099
24392	6	4	1079	18	0	1107
24393	6	1062	18	11	0	1097
24394	1049	19	6	10	0	1084
24395	20	1044	1	6	0	1071
24396	9	22	4	1040	0	1075
24397	6	7	2	1062	0	1077
24398	6	4	1042	24	0	1076
24399	7	4	992	7	0	1010
24400	968	4	28	5	0	1005
24401	1034	5	4	6	0	1049
24402	1032	3	1	6	0	1042
24403	1032	5	4	5	0	1046
24404	29	1023	5	3	0	1060
24405	9	23	1	1028	0	1061
24406	5	7	3	1048	0	1063
24407	6	1037	2	27	0	1072
24408	1062	23	3	12	0	1100
24409	1077	8	3	7	0	1095
24410	27	2	1069	8	0	1106
24411	1065	4	19	6	0	1094
24412	22	6	7	1064	0	1099
24413	12	3	1064	21	0	1100
24414	8	9	19	1040	0	1076
24415	12	2	1052	21	0	1087
24416	7	0	1024	7	0	1038
24417	3	15	19	968	0	1005
24418	5	975	4	14	0	998
24419	978	16	1	7	0	1002
24420	951	4	4	5	0	964
24421	23	1009	1	4	0	1037
24422	10	1026	3	6	0	1045
24423	1038	19	2	4	0	1063
24424	1055	8	2	4	0	1069
24425	1061	5	2	2	0	1070
24426	1058	4	1	6	0	1069
24427	22	2	3	1068	0	1095
24428	8	4	1061	17	0	1090
24429	2	1058	18	8	0	1086
24430	1052	15	6	4	0	1077
24431	18	1104	1	4	0	1127
24432	1111	16	1	1	0	1129
24433	1109	6	2	2	0	1119
24434	23	2	1117	2	0	1144
24435	8	1153	14	4	0	1179
24436	4	16	6	1139	0	1165
24437	5	5	2	1158	0	1170
24438	2	5	2	1114	0	1123
24439	1130	4	2	18	0	1154
24440	1094	3	0	8	0	1105
24441	1103	2	1	2	0	1108
24442	20	1087	0	7	0	1114
24443	1079	13	1	3	0	1096
24444	13	1084	3	4	0	1104
24445	5	12	1068	4	0	1089
24446	1	1038	13	1	0	1053
24447	6	20	5	942	0	973
24448	0	2	0	922	0	924
24449	2	0	915	6	0	923
24450	3	2	5	883	0	893
24451	2	0	0	907	0	909
24452	923	2	0	8	0	933
24453	908	0	1	1	0	910
24454	934	1	0	1	0	936
24455	6	926	2	1	0	935
24456	918	6	1	0	0	925
24457	898	0	0	2	0	900
24458	9	947	0	3	0	959
24459	0	8	1	960	0	969
24460	3	3	0	954	0	960
24461	959	2	0	8	0	969
24462	10	1	941	1	0	953
24463	2	915	6	2	0	925
24464	0	8	1	882	0	891
24465	1	886	1	3	0	891
24466	0	889	1	2	0	892
24467	896	4	1	1	0	902
24468	897	0	0	3	0	900
24469	4	0	1	910	0	915
24470	1	2	0	893	0	896
24471	4	0	0	895	0	899
24472	1	2	0	887	0	890
24473	2	0	875	4	0	881
24474	1	1	838	1	0	841
24475	0	0	4	904	0	908
24476	0	2	947	4	0	953
24477	0	959	4	2	0	965
24478	977	3	2	2	0	984
24479	990	1	1	3	0	995
24480	7	0	1	999	0	1007
24481	2	1	0	1007	0	1010
24482	3	0	0	1019	0	1022
24483	2	1032	0	5	0	1039
24484	1040	4	0	5	0	1049
24485	1048	4	0	1	0	1053
24486	9	0	1025	1	0	1035
24487	3	2	5	1109	0	1119
24488	2	1	1159	12	0	1174
24489	1	0	11	1261	0	1273
24490	0	1	3	1263	0	1267
24491	1	0	1	1270	0	1272
24492	0	0	2	1309	0	1311
24493	1303	1	0	27	0	1331
24494	1339	0	0	10	0	1349
24495	1370	0	0	4	0	1374
24496	27	2	0	1349	0	1378
24497	14	0	1342	18	0	1374
24498	1318	0	17	8	0	1343
24499	19	1	8	1352	0	1380
24500	1361	1	2	22	0	1386
24501	19	0	2	1347	0	1368
24502	11	1309	0	20	0	1340
24503	2	1385	4	10	0	1401
24504	2	26	1	1378	0	1407
24505	0	8	3	1374	0	1385
24506	0	5	0	1392	0	1397
24507	0	1369	0	27	0	1396
24508	1357	20	0	12	0	1389
24509	21	1363	0	8	0	1392
24510	7	22	1363	5	0	1397
24511	3	9	21	1367	0	1400
24512	2	1409	8	20	0	1439
24513	0	23	2	1417	0	1442
24514	1	9	4	1425	0	1439
24515	2	1	1428	29	0	1460
24516	1358	1	23	13	0	1395
24517	23	1452	7	6	0	1488
24518	1476	22	3	6	0	1507
24519	1493	8	2	2	0	1505
24520	1510	3	2	2	0	1517
24521	35	5	1409	4	0	1453
24522	13	0	23	1395	0	1431
24523	7	2	9	1415	0	1433
24524	4	2	1375	35	0	1416
24525	1302	1	24	19	0	1346
24526	26	2	1397	8	0	1433
24527	11	0	1356	4	0	1371
24528	5	1391	30	4	0	1430
24529	8	30	9	1399	0	1446
24530	3	10	1407	23	0	1443
24531	1317	4	21	11	0	1353
24532	1343	1	13	5	0	1362
24533	33	0	1356	4	0	1393
24534	12	1	23	1369	0	1405
24535	5	4	1376	24	0	1409
24536	4	1366	23	14	0	1407
24537	1440	23	10	6	0	1479
24538	1470	12	6	5	0	1493
24539	1510	3	5	5	0	1523
24540	35	3	1	1486	0	1525
24541	15	4	3	1523	0	1545
24542	11	1	1489	34	0	1535
24543	1463	0	25	15	0	1503
24544	27	1	15	1505	0	1548
24545	1495	2	8	30	0	1535
24546	30	2	1495	15	0	1542
24547	13	2	1524	8	0	1547
24548	10	0	35	1473	0	1518
24549	10	0	13	1547	0	1570
24550	4	1	1538	33	0	1576
24551	1499	1	30	18	0	1548
24552	30	5	11	1494	0	1540
24553	12	1557	9	26	0	1604
24554	1583	25	5	13	0	1626
24555	33	1600	4	8	0	1645
24556	1602	27	4	4	0	1637
24557	31	13	1630	9	0	1683
24558	14	3	1586	12	0	1615
24559	3	1607	42	6	0	1658
24560	1616	28	13	4	0	1661
24561	32	11	1606	5	0	1654
24562	1571	5	25	4	0	1605
24563	35	1583	14	5	0	1637
24564	12	27	10	1618	0	1667
24565	9	11	7	1611	0	1638
24566	3	1590	7	39	0	1639
24567	1654	29	4	12	0	1699
24568	1714	11	5	10	0	1740
24569	1734	5	2	7	0	1748
24570	45	6	1729	1	0	1781
24571	21	3	33	1718	0	1775
24572	8	7	12	1745	0	1772
24573	8	2	5	1777	0	1792
24574	7	4	1729	41	0	1781
24575	9	1678	31	21	0	1739
24576	1642	32	13	12	0	1699
24577	33	12	1661	7	0	1713
24578	1633	5	32	5	0	1675
24579	34	1645	15	5	0	1699
24580	1652	29	5	5	0	1691
24581	33	11	10	1627	0	1681
24582	1650	5	7	36	0	1698
24583	36	9	5	1641	0	1691
24584	18	6	1658	35	0	1717
24585	13	13	35	1640	0	1701
24586	13	9	1643	33	0	1698
24587	1524	5	27	14	0	1570
24588	24	1530	18	10	0	1582
24589	13	19	2	1412	0	1446
24590	3	1468	4	19	0	1494
24591	1464	21	6	6	0	1497
24592	1457	6	5	5	0	1473
24593	32	1429	3	3	0	1467
24594	1433	17	9	6	0	1465
24595	1484	3	6	6	0	1499
24596	18	4	3	1464	0	1489
24597	6	9	4	1476	0	1495
24598	1518	1	4	21	0	1544
24599	1565	6	4	6	0	1581
24600	33	1	2	1536	0	1572
24601	8	6	8	1677	0	1699
24602	1728	1	2	28	0	1759
24603	25	7	1729	11	0	1772
24604	1659	3	19	9	0	1690
24605	27	3	1712	7	0	1749
24606	16	1698	18	8	0	1740
24607	12	20	2	1707	0	1741
24608	7	2	1746	19	0	1774
24609	9	1787	23	12	0	1831
24610	1776	26	12	12	0	1826
24611	27	6	1789	6	0	1828
24612	1762	3	24	7	0	1796
24613	1810	6	7	4	0	1827
24614	1825	7	2	8	0	1842
24615	29	1	8	1734	0	1772
24616	12	1781	4	20	0	1817
24617	1773	21	4	5	0	1803
24618	33	5	1785	4	0	1827
24619	1704	5	18	6	0	1733
24620	22	2	1792	8	0	1824
24621	10	1757	19	13	0	1799
24622	11	21	8	1780	0	1820
24623	12	5	5	1788	0	1810
24624	4	1767	10	26	0	1807
24625	9	22	5	1782	0	1818
24626	11	12	1777	21	0	1821
24627	9	1790	22	12	0	1833
24628	5	25	7	1757	0	1794
24629	1755	9	5	20	0	1789
24630	1815	6	4	7	0	1832
24631	26	6	6	1839	0	1877
24632	10	1865	2	33	0	1910
24633	12	24	5	1880	0	1921
24634	11	7	4	1852	0	1874
24635	8	2	1780	35	0	1825
24636	10	1797	19	17	0	1843
24637	11	23	9	1759	0	1802
24638	5	6	1740	31	0	1782
24639	4	1720	23	17	0	1764
24640	6	28	13	1728	0	1775
24641	1728	13	5	24	0	1770
24642	25	1755	4	18	0	1802
24643	11	22	8	1777	0	1818
24644	1816	15	6	26	0	1863
24645	1843	2	2	12	0	1859
24646	1842	5	5	5	0	1857
24647	1817	11	1	7	0	1836
24648	34	1	2	1798	0	1835
24649	17	3	1812	25	0	1857
24650	11	4	22	1780	0	1817
24651	10	1806	8	19	0	1843
24652	1842	23	0	12	0	1877
24653	28	5	1791	9	0	1833
24654	1734	3	25	9	0	1771
24655	23	5	1759	7	0	1794
24656	14	7	21	1741	0	1783
24657	7	4	1753	23	0	1787
24658	8	1	24	1743	0	1776
24659	10	3	1742	23	0	1778
24660	4	4	23	1732	0	1763
24661	1742	3	10	30	0	1785
24662	25	1769	8	11	0	1813
24663	12	22	2	1794	0	1830
24664	8	4	6	1799	0	1817
24665	10	4	1817	33	0	1864
24666	12	4	1768	8	0	1792
24667	1743	7	26	9	0	1785
24668	22	1767	8	9	0	1806
24669	1753	19	8	8	0	1788
24670	1780	3	9	0	0	1792
24671	27	1	4	1763	0	1795
24672	9	1794	6	23	0	1832
24673	1838	25	1	9	0	1873
24674	1895	4	3	3	0	1905
24675	1922	2	0	4	0	1928
24676	1912	2	3	6	0	1923
24677	1876	5	1	5	0	1887
24678	32	0	1846	3	0	1881
24679	1833	1	22	6	0	1862
24680	31	2	1878	1	0	1912
24681	12	3	21	1855	0	1891
24682	9	0	8	1915	0	1932
24683	4	1	1877	26	0	1908
24684	1856	0	24	10	0	1890
24685	24	4	12	1894	0	1934
24686	8	2	2	1933	0	1945
24687	4	3	3	1962	0	1972
24688	7	0	6	1930	0	1943
24689	7	2	1	1947	0	1957
24690	6	2	1939	31	0	1978
24691	3	4	26	1941	0	1974
24692	6	1	1956	34	0	1997
24693	6	1	1933	12	0	1952
24694	1928	1	32	10	0	1971
24695	2012	1	13	4	0	2030
24696	2160	2	4	8	0	2174
24697	40	3	2192	3	0	2238
24698	21	0	2239	5	0	2265
24699	12	1	2308	5	0	2326
24700	8	2332	51	6	0	2397
24701	24	59	28	2228	0	2339
24702	2350	16	16	34	0	2416
24703	47	2	9	2512	0	2570
24704	24	2542	7	56	0	2629
24705	2565	46	3	31	0	2645
24706	50	25	5	2553	0	2633
24707	34	2588	3	51	0	2676
24708	8	47	10	2619	0	2684
24709	9	31	6	2585	0	2631
24710	2524	5	7	76	0	2612
24711	50	5	5	2529	0	2589
24712	29	7	2498	56	0	2590
24713	13	3	49	2472	0	2537
24714	12	2406	30	56	0	2504
24715	9	2498	15	34	0	2556
24716	4	65	12	2424	0	2505
24717	5	29	14	2426	0	2474
24718	7	2377	6	83	0	2473
24719	6	2402	4	45	0	2457
24720	13	2465	9	19	0	2506
24721	11	66	7	2323	0	2407
24722	7	2439	6	46	0	2498
24723	2415	64	4	34	0	2517
24724	53	42	2416	22	0	2533
24725	34	23	44	2373	0	2474
24726	7	2451	25	64	0	2547
24727	2429	56	11	35	0	2531
24728	59	33	2434	21	0	2547
24729	30	2452	49	22	0	2553
24730	2393	57	30	15	0	2495
24731	49	2363	9	22	0	2443
24732	24	2409	9	11	0	2453
24733	12	76	9	2352	0	2449
24734	7	2411	6	57	0	2481
24735	2379	56	4	36	0	2475
24736	45	42	6	2377	0	2470
24737	28	29	2347	51	0	2455
24738	14	20	2345	34	0	2413
24739	9	26	61	2352	0	2448
24740	11	22	2388	48	0	2469
24741	8	14	44	2407	0	2473
24742	2333	15	34	51	0	2433
24743	46	12	2342	39	0	2439
24744	29	21	45	2285	0	2380
24745	21	2287	30	41	0	2379
24746	11	48	17	2338	0	2414
24747	8	39	9	2326	0	2382
24748	13	2309	13	69	0	2404
24749	6	53	10	2367	0	2436
24750	13	40	5	2379	0	2437
24751	4	17	2324	84	0	2429
24752	7	2292	46	43	0	2388
24753	2310	50	27	19	0	2406
24754	43	35	10	2320	0	2408
24755	30	12	2330	57	0	2429
24756	7	14	55	2339	0	2415
24757	13	10	2318	67	0	2408
24758	2241	8	57	44	0	2350
24759	40	2300	39	27	0	2406
24760	34	46	17	2308	0	2405
24761	13	32	11	2369	0	2425
24762	2275	12	15	76	0	2378
24763	50	20	12	2303	0	2385
24764	28	17	2262	63	0	2370
24765	10	14	44	2211	0	2279
24766	11	2150	36	55	0	2252
24767	13	2224	11	46	0	2294
24768	9	2271	18	26	0	2324
24769	8	73	9	2231	0	2321
24770	14	42	2187	53	0	2296
24771	13	2181	38	46	0	2278
24772	2121	52	33	23	0	2229
24773	42	2178	11	22	0	2253
24774	2174	51	10	25	0	2260
24775	2164	36	15	25	0	2240
24776	66	20	2140	23	0	2249
24777	2185	20	43	22	0	2270
24778	2249	17	33	22	0	2321
24779	2187	16	13	28	0	2244
24780	2250	14	14	19	0	2297
24781	66	14	2212	23	0	2315
24782	2212	14	46	18	0	2290
24783	2273	16	33	19	0	2341
24784	66	2299	11	19	0	2395
24785	36	49	14	2249	0	2348
24786	17	47	8	2278	0	2350
24787	22	2280	7	60	0	2369
24788	2269	52	8	31	0	2360
24789	44	2292	13	19	0	2368
24790	2239	48	8	16	0	2311
24791	2245	36	11	8	0	2300
24792	74	2257	4	6	0	2341
24793	45	43	6	2260	0	2354
24794	20	27	2272	41	0	2360
24795	18	2213	38	29	0	2298
24796	22	70	23	1993	0	2108
24797	14	2045	12	30	0	2101
24798	12	2119	6	15	0	2152
24799	15	61	7	1997	0	2080
24800	9	25	2056	34	0	2124
24801	6	1964	32	25	0	2027
24802	8	1911	16	12	0	1947
24803	1661	33	13	4	0	1711
24804	23	12	2	1676	0	1713
24805	8	7	3	1693	0	1711
24806	3	4	1	1725	0	1733
24807	2	4	1677	36	0	1719
24808	3	1	28	1689	0	1721
24809	1	1726	9	34	0	1770
24810	1826	29	5	12	0	1872
24811	34	9	3	1836	0	1882
24812	9	7	1823	34	0	1873
24813	1903	3	31	11	0	1948
24814	37	2	10	1984	0	2033
24815	13	0	2133	37	0	2183
24816	6	3	2133	12	0	2154
24817	2195	1	48	3	0	2247
24818	2288	5	12	5	0	2310
24819	2280	1	6	2	0	2289
24820	2302	1	4	1	0	2308
24821	60	0	2264	1	0	2325
24822	18	2282	44	8	0	2352
24823	2293	41	15	1	0	2350
24824	47	2290	4	0	0	2341
24825	2295	44	2	2	0	2343
24826	48	2295	3	2	0	2348
24827	18	47	3	2278	0	2346
24828	7	16	2	2305	0	2330
24829	8	7	4	2291	0	2310
24830	4	2234	2	54	0	2294
24831	7	2288	0	20	0	2315
24832	6	53	2	2188	0	2249
24833	4	2219	1	51	0	2275
24834	5	48	2208	15	0	2276
24835	2	16	44	2211	0	2273
24836	2	9	2226	46	0	2283
24837	2195	4	45	19	0	2263
24838	2221	7	12	7	0	2247
24839	59	3	2206	5	0	2273
24840	16	7	2202	6	0	2231
24841	11	2	56	2174	0	2243
24842	5	3	2198	46	0	2252
24843	6	5	46	2104	0	2161
24844	8	2071	16	45	0	2140
24845	7	48	7	2189	0	2251
24846	8	11	4	2225	0	2248
24847	1	11	6	2230	0	2248
24848	3	7	2148	60	0	2218
24849	6	6	44	2133	0	2189
24850	8	5	18	2145	0	2176
24851	7	10	6	2105	0	2128
24852	7	2132	5	54	0	2198
24853	2148	43	4	20	0	2215
24854	2178	14	6	14	0	2212
24855	2165	8	5	17	0	2195
24856	60	4	10	2110	0	2184
24857	20	8	2105	51	0	2184
24858	21	6	2093	22	0	2142
24859	14	2110	52	10	0	2186
24860	2082	47	13	13	0	2155
24861	46	2115	8	13	0	2182
24862	2112	49	10	8	0	2179
24863	50	2104	9	9	0	2172
24864	2080	51	4	12	0	2147
24865	49	2149	12	8	0	2218
24866	21	53	7	2143	0	2224
24867	15	15	2126	52	0	2208
24868	15	11	2148	20	0	2194
24869	18	7	56	2109	0	2190
24870	10	8	18	2150	0	2186
24871	5	10	17	2173	0	2205
24872	8	8	2122	62	0	2200
24873	9	10	48	2093	0	2160
24874	2063	5	17	54	0	2139
24875	2095	7	10	20	0	2132
24876	62	2041	6	15	0	2124
24877	2021	42	5	20	0	2088
24878	53	2004	7	11	0	2075
24879	2003	45	11	7	0	2066
24880	2029	22	5	10	0	2066
24881	1995	12	5	6	0	2018
24882	58	13	1955	8	0	2034
24883	20	11	1912	8	0	1951
24884	1886	9	52	10	0	1957
24885	1944	4	15	14	0	1977
24886	62	7	12	1917	0	1998
24887	23	7	5	2014	0	2049
24888	17	3	7	2048	0	2075
24889	10	8	12	2068	0	2098
24890	4	9	9	2132	0	2154
24891	2077	5	6	75	0	2163
24892	51	10	6	2076	0	2143
24893	25	4	2042	58	0	2129
24894	2005	7	44	25	0	2081
24895	2071	3	22	20	0	2116
24896	64	2032	10	17	0	2123
24897	19	2056	12	12	0	2099
24898	1866	39	9	8	0	1922
24899	35	1913	4	8	0	1960
24900	1866	35	3	8	0	1912
24901	1985	9	10	5	0	2009
24902	2030	6	0	8	0	2044
24903	49	4	5	1943	0	2001
24904	20	1963	4	44	0	2031
24905	2001	35	4	12	0	2052
24906	42	9	3	1998	0	2052
24907	14	9	5	1981	0	2009
24908	1909	4	2	43	0	1958
24909	37	1869	2	24	0	1932
24910	15	29	1	1831	0	1876
24911	1829	10	1	35	0	1875
24912	35	1836	2	21	0	1894
24913	1822	25	3	14	0	1864
24914	32	9	1732	2	0	1775
24915	1643	10	16	3	0	1672
24916	32	1667	5	4	0	1708
24917	1627	24	9	0	0	1660
24918	1616	9	2	2	0	1629
24919	26	1631	2	2	0	1661
24920	1621	18	0	2	0	1641
24921	24	1593	1	3	0	1621
24922	1635	24	0	2	0	1661
24923	24	9	1	1640	0	1674
24924	12	7	2	1637	0	1658
24925	10	4	0	1655	0	1669
24926	7	1	1594	31	0	1633
24927	5	3	19	1591	0	1618
24928	4	3	1601	27	0	1635
24929	4	3	23	1582	0	1612
24930	5	1595	6	25	0	1631
24931	4	19	7	1626	0	1656
24932	4	8	1612	28	0	1652
24933	4	6	1630	10	0	1650
24934	1	5	24	1630	0	1660
24935	1613	2	14	23	0	1652
24936	1627	2	8	12	0	1649
24937	26	1635	4	9	0	1674
24938	16	18	2	1657	0	1693
24939	13	9	1681	21	0	1724
24940	5	6	17	1690	0	1718
24941	2	4	1684	27	0	1717
24942	1654	3	25	12	0	1694
24943	24	1	12	1702	0	1739
24944	10	1	1671	26	0	1708
24945	14	2	21	1685	0	1722
24946	7	5	7	1708	0	1727
24947	3	4	1699	34	0	1740
24948	7	0	21	1699	0	1727
24949	1681	3	10	33	0	1727
24950	1721	2	8	12	0	1743
24951	31	1	5	1741	0	1778
24952	1751	2	3	27	0	1783
24953	31	3	1740	12	0	1786
24954	17	3	1721	11	0	1752
24955	1746	3	26	13	0	1788
24956	1798	4	21	7	0	1830
24957	32	4	11	1747	0	1794
24958	21	5	6	1773	0	1805
24959	16	2	1747	30	0	1795
24960	15	3	19	1691	0	1728
24961	9	1756	8	30	0	1803
24962	1790	21	11	16	0	1838
24963	1897	8	6	11	0	1922
24964	37	1893	6	6	0	1942
24965	1867	24	1	11	0	1903
24966	1877	13	2	7	0	1899
24967	42	1903	3	4	0	1952
24968	1918	30	3	11	0	1962
24969	34	1935	6	8	0	1983
24970	1939	32	4	7	0	1982
24971	38	17	1928	4	0	1987
24972	23	10	25	1935	0	1993
24973	16	5	12	1983	0	2016
24974	10	6	11	2075	0	2102
24975	2068	6	5	47	0	2126
24976	33	6	5	2161	0	2205
24977	22	4	2147	42	0	2215
24978	2150	11	27	15	0	2203
24979	42	7	12	2158	0	2219
24980	24	2108	10	35	0	2177
24981	17	2194	9	23	0	2243
24982	13	38	8	2185	0	2244
24983	12	19	4	2195	0	2230
24984	10	17	7	2204	0	2238
24985	10	9	2147	54	0	2220
24986	8	2108	33	30	0	2179
24987	2045	27	10	27	0	2109
24988	2014	11	11	22	0	2058
24989	32	1972	7	17	0	2028
24990	20	1969	7	9	0	2005
24991	23	35	6	1929	0	1993
24992	8	17	1912	29	0	1966
24993	1819	27	28	16	0	1890
24994	1859	11	9	13	0	1892
24995	30	6	7	1842	0	1885
24996	13	4	9	1848	0	1874
24997	1787	4	5	30	0	1826
24998	29	4	1766	21	0	1820
24999	1710	3	18	22	0	1753
25000	30	1733	11	10	0	1784
25001	12	18	2	1588	0	1620
25002	7	1581	6	19	0	1613
25003	1606	16	7	6	0	1635
25004	21	7	0	1571	0	1599
25005	7	4	5	1563	0	1579
25006	6	1567	1	17	0	1591
25007	1578	17	3	8	0	1606
25008	1587	5	4	8	0	1604
25009	19	8	1565	6	0	1598
25010	12	3	1496	8	0	1519
25011	1515	3	20	7	0	1545
25012	21	3	1510	8	0	1542
25013	6	5	1442	4	0	1457
25014	1427	3	23	5	0	1458
25015	17	6	1596	4	0	1623
25016	7	1	31	1611	0	1650
25017	5	3	12	1616	0	1636
25018	1726	0	5	40	0	1771
25019	38	2	1773	16	0	1829
25020	1859	5	45	9	0	1918
25021	52	4	13	1867	0	1936
25022	1885	2	12	46	0	1945
25023	1904	3	6	19	0	1932
25024	1913	1	6	15	0	1935
25025	73	2	6	1867	0	1948
25026	1892	2	12	54	0	1960
25027	78	2	3	1892	0	1975
25028	25	4	4	1926	0	1959
25029	29	1	2	1931	0	1963
25030	18	4	5	1941	0	1968
25031	1893	2	1	73	0	1969
25032	1914	1	6	40	0	1961
25033	78	4	1880	17	0	1979
25034	1913	1	50	21	0	1985
25035	1968	1	15	25	0	2009
25036	73	1	10	1912	0	1996
25037	38	1877	4	63	0	1982
25038	1914	47	8	22	0	1991
25039	78	14	1	1864	0	1957
25040	1850	10	11	64	0	1935
25041	76	1839	5	26	0	1946
25042	1882	53	3	20	0	1958
25043	70	14	5	1845	0	1934
25044	22	1809	5	65	0	1901
25045	1852	53	0	23	0	1928
25046	64	1813	3	25	0	1905
25047	34	1885	3	18	0	1940
25048	1867	69	3	17	0	1956
25049	75	29	1842	7	0	1953
25050	1851	15	49	18	0	1933
25051	72	22	14	1816	0	1924
25052	36	14	1815	56	0	1921
25053	24	12	53	1801	0	1890
25054	16	16	19	1872	0	1923
25055	25	10	1807	75	0	1917
25056	1803	8	69	31	0	1911
25057	77	8	20	1835	0	1940
25058	30	7	8	1886	0	1931
25059	16	5	15	1877	0	1913
25060	1823	4	10	92	0	1929
25061	71	7	1769	43	0	1890
25062	25	3	1825	25	0	1878
25063	25	3	68	1697	0	1793
25064	14	1	1702	74	0	1791
25065	1659	1	64	33	0	1757
25066	59	1663	26	25	0	1773
25067	1650	50	12	18	0	1730
25068	63	13	13	1602	0	1691
25069	25	1609	15	58	0	1707
25070	19	62	4	1606	0	1691
25071	12	1613	15	58	0	1698
25072	19	59	7	1616	0	1701
25073	9	27	1590	68	0	1694
25074	14	11	1531	27	0	1583
25075	9	1503	63	22	0	1597
25076	1390	57	23	9	0	1479
25077	52	18	7	1394	0	1471
25078	22	11	11	1419	0	1463
25079	1389	8	6	71	0	1474
25080	1417	9	8	24	0	1458
25081	70	3	10	1365	0	1448
25082	22	12	1343	58	0	1435
25083	18	1343	51	25	0	1437
25084	14	47	15	1374	0	1450
25085	9	19	9	1376	0	1413
25086	14	1386	2	59	0	1461
25087	1401	48	8	21	0	1478
25088	55	17	1402	19	0	1493
25089	18	9	55	1391	0	1473
25090	18	9	18	1422	0	1467
25091	5	9	1387	70	0	1471
25092	11	3	52	1420	0	1486
25093	1411	10	23	62	0	1506
25094	1449	7	7	27	0	1490
25095	1448	2	10	22	0	1482
25096	67	1397	10	16	0	1490
25097	1464	52	3	20	0	1539
25098	67	13	10	1445	0	1535
25099	21	9	9	1483	0	1522
25100	23	1547	5	64	0	1639
25101	1697	58	5	31	0	1791
25102	1809	18	10	11	0	1848
25103	1825	12	4	14	0	1855
25104	1849	8	6	11	0	1874
25105	1848	8	7	12	0	1875
25106	95	4	1754	18	0	1871
25107	1789	13	61	9	0	1872
25108	1845	4	16	14	0	1879
25109	1831	6	10	11	0	1858
25110	102	5	6	1748	0	1861
25111	51	6	9	1790	0	1856
25112	40	1	1714	79	0	1834
25113	1582	8	65	29	0	1684
25114	76	1664	21	24	0	1785
25115	29	1549	8	16	0	1602
25116	22	49	1502	14	0	1587
25117	15	1465	47	13	0	1540
25118	16	1414	14	8	0	1452
25119	17	73	19	1190	0	1299
25120	6	1213	6	22	0	1247
25121	1199	34	3	7	0	1243
25122	1190	12	10	11	0	1223
25123	31	10	2	1172	0	1215
25124	12	10	1162	25	0	1209
25125	1158	4	23	9	0	1194
25126	29	7	1174	5	0	1215
25127	12	2	1204	9	0	1227
25128	9	3	32	1166	0	1210
25129	8	1	12	1194	0	1215
25130	3	2	1197	29	0	1231
25131	7	1155	27	11	0	1200
25132	5	1230	12	9	0	1256
25133	1206	27	7	6	0	1246
25134	1225	10	4	7	0	1246
25135	33	5	1193	3	0	1234
25136	1181	4	22	4	0	1211
25137	1261	4	7	3	0	1275
25138	36	8	4	1233	0	1281
25139	20	1	3	1252	0	1276
25140	15	2	1	1261	0	1279
25141	1241	1	5	32	0	1279
25142	1267	1	0	15	0	1283
25143	1280	0	0	11	0	1291
25144	36	4	3	1254	0	1297
25145	20	2	1234	27	0	1283
25146	1216	3	22	10	0	1251
25147	1230	1	7	4	0	1242
25148	40	4	5	1194	0	1243
25149	18	1208	4	27	0	1257
25150	12	23	3	1211	0	1249
25151	9	1222	4	26	0	1261
25152	9	24	2	1217	0	1252
25153	9	1245	2	25	0	1281
25154	1228	20	2	12	0	1262
25155	19	11	1	1236	0	1267
25156	5	1217	6	33	0	1261
25157	7	23	1208	7	0	1245
25158	1189	8	18	10	0	1225
25159	18	10	6	1206	0	1240
25160	9	1194	6	18	0	1227
25161	7	19	4	1186	0	1216
25162	6	1168	2	20	0	1196
25163	3	1221	5	6	0	1235
25164	1194	23	3	8	0	1228
25165	1234	7	1	6	0	1248
25166	26	9	1216	3	0	1254
25167	1207	4	19	5	0	1235
25168	1228	3	6	3	0	1240
25169	28	1198	3	5	0	1234
25170	16	18	6	1204	0	1244
25171	14	4	4	1212	0	1234
25172	7	5	1184	22	0	1218
25173	10	3	1161	11	0	1185
25174	1187	2	22	8	0	1219
25175	1212	4	8	4	0	1228
25176	1210	1	7	7	0	1225
25177	25	1	1186	8	0	1220
25178	14	2	22	1174	0	1212
25179	1185	1	8	20	0	1214
25180	26	2	6	1179	0	1213
25181	13	3	1166	22	0	1204
25182	1144	4	16	9	0	1173
25183	22	2	1209	6	0	1239
25184	6	1174	20	15	0	1215
25185	1198	18	6	6	0	1228
25186	22	6	1181	4	0	1213
25187	12	7	22	1160	0	1201
25188	1170	4	7	19	0	1200
25189	21	4	7	1168	0	1200
25190	1183	4	6	21	0	1214
25191	23	4	2	1177	0	1206
25192	1186	2	4	26	0	1218
25193	1193	4	2	14	0	1213
25194	1196	2	1	9	0	1208
25195	1183	5	2	8	0	1198
25196	33	3	1	1170	0	1207
25197	14	2	1137	18	0	1171
25198	14	3	1122	4	0	1143
25199	11	1111	20	6	0	1148
25200	8	1027	7	2	0	1044
25201	849	10	24	2	0	885
25202	7	4	0	826	0	837
25203	1	0	836	6	0	843
25204	1	0	854	2	0	857
25205	0	2	7	852	0	861
25206	859	1	2	4	0	866
25207	6	879	0	2	0	887
25208	922	5	1	1	0	929
25209	7	3	2	918	0	930
25210	3	1	2	923	0	929
25211	1	1	1	921	0	924
25212	3	0	929	6	0	938
25213	1	2	894	2	0	899
25214	1	900	8	1	0	910
25215	3	4	3	923	0	933
25216	904	1	1	8	0	914
25217	8	3	881	2	0	894
25218	3	3	886	3	0	895
25219	5	0	7	913	0	925
25220	1	2	3	926	0	932
25221	2	0	2	936	0	940
25222	4	0	3	998	0	1005
25223	1028	2	3	18	0	1051
25224	16	1	4	1051	0	1072
25225	1047	2	2	19	0	1070
25226	19	0	1058	8	0	1085
25227	7	1039	19	5	0	1070
25228	2	17	9	1068	0	1096
25229	2	5	1084	19	0	1110
25230	1	0	1079	11	0	1091
25231	3	1089	23	5	0	1120
25232	2	12	5	1046	0	1065
25233	2	5	0	1065	0	1072
25234	4	0	1074	20	0	1098
25235	1048	0	16	9	0	1073
25236	18	1	7	1073	0	1099
25237	6	1	2	1061	0	1070
25238	2	2	1095	21	0	1120
25239	1	1084	16	10	0	1111
25240	1	1225	7	2	0	1235
25241	1230	21	3	3	0	1257
25242	18	9	2	1243	0	1272
25243	1328	4	2	23	0	1357
25244	25	1	1329	9	0	1364
25245	7	1	24	1337	0	1369
25246	1338	0	8	25	0	1371
25247	1358	1	6	8	0	1373
25248	26	2	2	1346	0	1376
25249	10	4	1336	23	0	1373
25250	6	3	1359	8	0	1376
25251	5	3	28	1345	0	1381
25252	6	2	1338	23	0	1369
25253	1289	3	21	12	0	1325
25254	26	1324	8	6	0	1364
25255	1325	23	8	6	0	1362
25256	1372	7	3	3	0	1385
25257	30	6	4	1349	0	1389
25258	11	1	3	1372	0	1387
25259	1367	0	5	30	0	1402
25260	24	1	5	1365	0	1395
25261	8	0	1359	28	0	1395
25262	4	1365	27	12	0	1408
25263	5	20	11	1343	0	1379
25264	6	8	5	1351	0	1370
25265	5	4	4	1352	0	1365
25266	7	1	1332	36	0	1376
25267	7	1331	24	11	0	1373
25268	7	20	8	1343	0	1378
25269	6	6	1329	27	0	1368
25270	7	5	23	1326	0	1361
25271	1324	3	7	30	0	1364
25272	24	2	5	1340	0	1371
25273	9	6	1318	32	0	1365
25274	1327	1	24	14	0	1366
25275	21	1351	10	15	0	1397
25276	4	1381	7	10	0	1402
25277	1399	26	5	7	0	1437
25278	20	11	1424	9	0	1464
25279	9	5	23	1417	0	1454
25280	7	5	9	1446	0	1467
25281	4	1	1432	37	0	1474
25282	5	1420	27	20	0	1472
25283	5	21	10	1307	0	1343
25284	6	8	1389	26	0	1429
25285	6	6	23	1395	0	1430
25286	1386	5	11	28	0	1430
25287	28	3	1435	11	0	1477
25288	10	4	25	1437	0	1476
25289	6	4	10	1450	0	1470
25290	7	3	1424	30	0	1464
25291	4	6	22	1377	0	1409
25292	2	1289	14	29	0	1334
25293	2	23	9	1317	0	1351
25294	4	1396	6	30	0	1436
25295	1398	25	8	13	0	1444
25296	1383	5	5	17	0	1410
25297	33	4	1395	8	0	1440
25298	10	5	1399	10	0	1424
25299	6	3	1393	5	0	1407
25300	5	1390	34	5	0	1434
25301	3	21	10	1416	0	1450
25302	5	6	1429	28	0	1468
25303	7	3	27	1373	0	1410
25304	4	0	10	1392	0	1406
25305	6	7	1404	29	0	1446
25306	3	4	24	1401	0	1432
25307	3	4	11	1379	0	1397
25308	6	1365	9	29	0	1409
25309	7	22	5	1379	0	1413
25310	5	6	7	1417	0	1435
25311	5	3	1401	31	0	1440
25312	5	1	29	1371	0	1406
25313	2	5	1410	33	0	1450
25314	5	1	1406	11	0	1423
25315	1387	3	28	10	0	1428
25316	22	7	11	1392	0	1432
25317	10	1424	9	28	0	1471
25318	7	1457	5	10	0	1479
25319	4	31	4	1453	0	1492
25320	6	10	1439	27	0	1482
25321	6	1445	28	14	0	1493
25322	4	18	10	1402	0	1434
25323	3	6	1433	23	0	1465
25324	3	1440	16	12	0	1471
25325	1475	15	6	13	0	1509
25326	1474	8	7	5	0	1494
25327	1522	5	7	9	0	1543
25328	18	2	8	1581	0	1609
25329	8	2	6	1594	0	1610
25330	6	4	2	1582	0	1594
25331	1	5	1576	27	0	1609
25332	1563	6	15	16	0	1600
25333	19	3	8	1589	0	1619
25334	6	7	1570	22	0	1605
25335	1562	3	13	11	0	1589
25336	1608	3	6	11	0	1628
25337	22	10	1418	11	0	1461
25338	1575	3	11	10	0	1599
25339	26	1629	7	10	0	1672
25340	8	12	1542	4	0	1566
25341	1478	4	17	6	0	1505
25342	11	1512	8	4	0	1535
25343	4	8	3	1420	0	1435
25344	2	1430	2	10	0	1444
25345	2	10	4	1451	0	1467
25346	2	4	1463	13	0	1482
25347	1357	1	12	6	0	1376
25348	11	1	1487	3	0	1502
25349	4	1438	13	2	0	1457
25350	1	1474	4	6	0	1485
25351	1460	13	2	2	0	1477
25352	11	4	1463	2	0	1480
25353	4	3	10	1439	0	1456
25354	3	1	1463	12	0	1479
25355	2	1479	11	4	0	1496
25356	1	10	6	1424	0	1441
25357	1	1473	3	10	0	1487
25358	1492	12	4	4	0	1512
25359	1512	4	1	3	0	1520
25360	1511	3	0	2	0	1516
25361	14	1	1500	1	0	1516
25362	6	2	1463	2	0	1473
25363	1462	1	16	1	0	1480
25364	14	0	1525	2	0	1541
25365	4	0	17	1465	0	1486
25366	0	1500	4	12	0	1516
25367	1554	16	2	4	0	1576
25368	1562	4	2	3	0	1571
25369	1592	2	0	4	0	1598
25370	21	0	2	1598	0	1621
25371	7	0	0	1618	0	1625
25372	1602	0	2	21	0	1625
25373	17	1588	3	10	0	1618
25374	1583	16	0	4	0	1603
25375	17	4	2	1551	0	1574
25376	4	2	0	1567	0	1573
25377	1517	1	2	20	0	1540
25378	17	1502	1	5	0	1525
25379	1503	15	1	4	0	1523
25380	18	1533	1	1	0	1553
25381	1519	20	0	1	0	1540
25382	21	4	0	1691	0	1716
25383	1722	1	0	19	0	1742
25384	1803	2	3	5	0	1813
25385	1978	0	1	5	0	1984
25386	32	2052	1	4	0	2089
25387	6	30	2020	2	0	2058
25388	2017	4	32	2	0	2055
25389	2066	4	3	0	0	2073
25390	36	2050	1	1	0	2088
25391	9	26	2	2071	0	2108
25392	6	3	1	2107	0	2117
25393	2091	1	2	35	0	2129
25394	33	0	1	2100	0	2134
25395	9	0	2118	31	0	2158
25396	1	3	2116	4	0	2124
25397	2156	1	35	5	0	2197
25398	33	1	6	2131	0	2171
25399	7	2	2	2163	0	2174
25400	5	0	2	2175	0	2182
25401	3	2	2179	37	0	2221
25402	2	2	29	2166	0	2199
25403	2	2	4	2240	0	2248
25404	5	1	1	2254	0	2261
25405	2197	2	2	41	0	2242
25406	37	1	1	2214	0	2253
25407	8	1	2246	38	0	2293
25408	2333	0	35	7	0	2375
25409	39	2	2403	3	0	2447
25410	2487	1	37	8	0	2533
25411	2490	0	7	2	0	2499
25412	55	3	2	2547	0	2607
25413	16	2591	3	43	0	2653
25414	7	45	2	2658	0	2712
25415	9	15	3	2707	0	2734
25416	9	2726	2	59	0	2796
25417	2712	43	1	24	0	2780
25418	44	2694	5	14	0	2757
25419	2733	43	6	5	0	2787
25420	2782	17	3	8	0	2810
25421	62	4	2	2741	0	2809
25422	22	4	2	2762	0	2790
25423	10	0	2648	65	0	2723
25424	5	3	2587	21	0	2616
25425	2554	1	62	11	0	2628
25426	2625	3	17	10	0	2655
25427	59	2511	8	8	0	2586
25428	23	39	3	2466	0	2531
25429	8	13	2542	47	0	2610
25430	7	23	46	2527	0	2603
25431	2512	8	18	49	0	2587
25432	2479	4	6	20	0	2509
25433	53	2468	6	10	0	2537
25434	22	42	3	2474	0	2541
25435	9	17	4	2513	0	2543
25436	9	5	3	2514	0	2531
25437	9	4	2383	63	0	2459
25438	2251	2	38	27	0	2318
25439	2349	4	17	11	0	2381
25440	57	3	2363	13	0	2436
25441	22	2363	42	10	0	2437
25442	2367	40	20	8	0	2435
25443	2395	15	10	9	0	2429
25444	59	8	2309	13	0	2389
25445	27	4	2382	11	0	2424
25446	11	3	49	2389	0	2452
25447	6	8	2398	44	0	2456
25448	2361	3	45	24	0	2433
25449	2406	5	16	13	0	2440
25450	2440	4	9	12	0	2465
25451	60	7	8	2345	0	2420
25452	27	2483	5	45	0	2560
25453	2518	36	2	18	0	2574
25454	2514	15	6	10	0	2545
25455	62	10	2461	6	0	2539
25456	27	3	2403	9	0	2442
25457	2381	1	46	13	0	2441
25458	43	8	22	2456	0	2529
25459	21	5	2444	48	0	2518
25460	14	2447	37	24	0	2522
25461	13	39	21	2454	0	2527
25462	2447	16	11	38	0	2512
25463	43	2503	7	18	0	2571
25464	24	36	4	2471	0	2535
25465	13	2467	7	38	0	2525
25466	8	2525	7	25	0	2565
25467	11	43	4	2509	0	2567
25468	11	16	9	2513	0	2549
25469	8	2507	9	43	0	2567
25470	2516	36	5	23	0	2580
25471	44	21	2521	11	0	2597
25472	2510	12	35	11	0	2568
25473	48	6	21	2584	0	2659
25474	23	2	10	2595	0	2630
25475	14	7	8	2618	0	2647
25476	16	4	8	2610	0	2638
25477	14	7	2588	56	0	2665
25478	13	7	38	2574	0	2632
25479	11	12	19	2613	0	2655
25480	13	2671	10	58	0	2752
25481	9	34	2715	31	0	2789
25482	10	2789	37	20	0	2856
25483	14	44	2847	9	0	2914
25484	14	2843	38	9	0	2904
25485	31	51	25	2616	0	2723
25486	2631	21	9	32	0	2693
25487	32	2647	11	22	0	2712
25488	23	35	2	2705	0	2765
25489	8	17	2722	40	0	2787
25490	6	2755	36	25	0	2822
25491	2747	38	25	14	0	2824
25492	2762	22	13	11	0	2808
25493	54	2738	4	5	0	2801
25494	29	39	2691	6	0	2765
25495	2631	25	38	6	0	2700
25496	35	16	24	2729	0	2804
25497	2705	5	12	36	0	2758
25498	43	2729	2	24	0	2798
25499	24	2795	5	23	0	2847
25500	11	53	2777	4	0	2845
25501	2756	35	37	4	0	2832
25502	43	14	23	2801	0	2881
25503	2827	2	12	36	0	2877
25504	39	2795	6	34	0	2874
25505	2824	41	6	14	0	2885
25506	2805	21	5	7	0	2838
25507	60	11	2801	7	0	2879
25508	32	2639	34	9	0	2714
25509	17	2691	21	1	0	2730
25510	6	61	10	2476	0	2553
25511	5	2484	4	31	0	2524
25512	2491	32	4	13	0	2540
25513	28	2459	5	11	0	2503
25514	13	39	0	2375	0	2427
25515	12	2358	1	24	0	2395
25516	5	2300	0	14	0	2319
25517	6	2373	1	12	0	2392
25518	19	44	3	2351	0	2417
25519	2	21	4	2369	0	2396
25520	5	11	2	2345	0	2363
25521	4	2294	0	46	0	2344
25522	5	27	2266	19	0	2317
25523	4	16	2229	8	0	2257
25524	2254	11	31	5	0	2301
25525	27	8	13	2304	0	2352
25526	13	5	2321	29	0	2368
25527	9	12	2299	11	0	2331
25528	4	2387	35	9	0	2435
25529	6	26	17	2295	0	2344
25530	7	14	7	2339	0	2367
25531	2316	16	0	42	0	2374
25532	26	10	6	2316	0	2358
25533	16	4	7	2307	0	2334
25534	9	8	2333	41	0	2391
25535	8	6	25	2322	0	2361
25536	3	12	13	2395	0	2423
25537	7	10	2390	38	0	2445
25538	6	5	2377	20	0	2408
25539	6	2366	39	12	0	2423
25540	2	35	2376	6	0	2419
25541	4	17	30	2328	0	2379
25542	8	18	24	1984	0	2034
25543	6	6	2382	39	0	2433
25544	6	2338	23	26	0	2393
25545	2247	32	17	12	0	2308
25546	24	2298	15	9	0	2346
25547	12	37	3	2306	0	2358
25548	10	17	5	2335	0	2367
25549	3	2312	10	36	0	2361
25550	6	30	8	2295	0	2339
25551	5	16	6	2308	0	2335
25552	3	9	2165	48	0	2225
25553	5	2160	28	28	0	2221
25554	3	28	16	2190	0	2237
25555	1	18	2175	29	0	2223
25556	7	10	28	2159	0	2204
25557	6	4	16	2174	0	2200
25558	4	10	14	2196	0	2224
25559	5	8	10	2190	0	2213
25560	7	8	5	2179	0	2199
25561	5	2151	6	49	0	2211
25562	2127	28	6	29	0	2190
25563	29	13	2106	20	0	2168
25564	1983	13	30	14	0	2040
25565	32	9	2182	16	0	2239
25566	9	2240	37	14	0	2300
25567	7	33	2232	13	0	2285
25568	5	2263	33	15	0	2316
25569	8	33	19	2162	0	2222
25570	7	16	11	2213	0	2247
25571	3	2225	10	40	0	2278
25572	3	2320	6	16	0	2345
25573	2330	42	5	14	0	2391
25574	2389	14	6	14	0	2423
25575	2374	7	10	16	0	2407
25576	2423	9	6	12	0	2450
25577	43	11	2	2383	0	2439
25578	17	2389	6	38	0	2450
25579	2366	31	6	21	0	2424
25580	28	15	4	2290	0	2337
25581	2216	12	5	29	0	2262
25582	2135	6	7	19	0	2167
25583	34	2043	5	16	0	2098
25584	11	1988	5	7	0	2011
25585	6	2058	5	6	0	2075
25586	4	59	9	1914	0	1986
25587	3	1963	6	18	0	1990
25588	1949	14	5	13	0	1981
25589	1985	8	0	10	0	2003
25590	1970	6	2	6	0	1984
25591	2022	4	1	5	0	2032
25592	2044	1	3	7	0	2055
25593	23	5	2101	4	0	2133
25594	2103	6	21	4	0	2134
25595	25	5	2134	4	0	2168
25596	2094	4	25	6	0	2129
25597	25	3	12	2132	0	2172
25598	16	2	2064	25	0	2107
25599	6	2	2143	13	0	2164
25600	4	2302	27	5	0	2338
25601	2293	26	14	4	0	2337
25602	2369	9	3	6	0	2387
25603	39	2564	0	6	0	2609
25604	16	34	1	2964	0	3015
25605	3209	14	4	50	0	3277
25606	55	10	3299	23	0	3387
25607	33	3291	54	11	0	3389
25608	3225	57	29	13	0	3324
25609	62	3289	11	6	0	3368
25610	39	65	10	3175	0	3289
25611	16	3307	5	54	0	3382
25612	17	82	1	3202	0	3302
25613	7	3238	6	65	0	3316
25614	7	3338	2	37	0	3384
25615	3252	92	3	17	0	3364
25616	3341	52	3	12	0	3408
25617	90	23	3255	12	0	3380
25618	45	25	3223	8	0	3301
25619	32	8	3285	12	0	3337
25620	21	12	98	3285	0	3416
25621	12	18	3349	57	0	3436
25622	14	9	83	3307	0	3413
25623	16	16	45	3306	0	3383
25624	12	3292	27	97	0	3428
25625	3324	65	22	51	0	3462
25626	58	3344	16	27	0	3445
25627	35	81	7	3381	0	3504
25628	23	52	9	3411	0	3495
25629	27	27	7	3429	0	3490
25630	16	20	3358	106	0	3500
25631	9	18	60	3386	0	3473
25632	16	11	41	3409	0	3477
25633	11	14	29	3455	0	3509
25634	10	11	3294	116	0	3431
25635	7	3281	68	68	0	3424
25636	3255	58	37	51	0	3401
25637	3200	44	27	34	0	3305
25638	85	3294	15	28	0	3422
25639	53	70	16	3285	0	3424
25640	29	46	6	3369	0	3450
25641	20	25	3285	98	0	3428
25642	15	3273	59	61	0	3408
25643	21	63	37	3322	0	3443
25644	13	41	3322	88	0	3464
25645	11	26	71	3300	0	3408
25646	8	15	44	3316	0	3383
25647	6	25	3278	121	0	3430
25648	12	10	82	3285	0	3389
25649	16	22	40	3275	0	3353
25650	16	12	3312	120	0	3460
25651	8	19	75	3341	0	3443
25652	11	14	48	3288	0	3361
25653	9	19	26	3397	0	3451
25654	9	13	3303	123	0	3448
25655	13	10	67	3340	0	3430
25656	3273	15	39	109	0	3436
25657	3279	9	29	71	0	3388
25658	81	3288	24	54	0	3447
25659	3363	56	24	40	0	3483
25660	84	33	3380	42	0	3539
25661	51	18	76	3432	0	3577
25662	22	25	40	3481	0	3568
25663	31	10	25	3517	0	3583
25664	3379	9	24	124	0	3536
25665	58	3339	22	74	0	3493
25666	34	66	9	3243	0	3352
25667	19	3263	12	97	0	3391
25668	3226	68	23	55	0	3372
25669	62	3254	11	40	0	3367
25670	3216	73	9	46	0	3344
25671	81	3169	10	32	0	3292
25672	48	3191	15	22	0	3276
25673	30	98	13	3136	0	3277
25674	28	52	22	3136	0	3238
25675	22	28	11	3170	0	3231
25676	10	37	5	3155	0	3207
25677	21	18	3033	122	0	3194
25678	10	3023	60	77	0	3170
25679	12	67	29	2962	0	3070
25680	13	3050	18	90	0	3171
25681	10	73	3038	59	0	3180
25682	19	50	62	3011	0	3142
25683	20	40	36	3116	0	3212
25684	18	19	3053	97	0	3187
25685	7	2986	69	66	0	3128
25686	10	64	41	2988	0	3103
25687	7	46	2952	91	0	3096
25688	11	2950	72	64	0	3097
25689	7	75	38	2955	0	3075
25690	8	44	2919	92	0	3063
25691	12	26	2851	58	0	2947
25692	10	2814	83	42	0	2949
25693	6	2971	42	40	0	3059
25694	11	77	41	3077	0	3206
25695	11	46	25	3284	0	3366
25696	5	37	3257	97	0	3396
25697	3177	26	63	67	0	3333
25698	3192	22	40	50	0	3304
25699	87	23	3144	38	0	3292
25700	41	2974	74	31	0	3120
25701	28	2987	45	31	0	3091
25702	26	2916	24	27	0	2993
25703	24	2432	28	28	0	2512
25704	40	118	38	2229	0	2425
25705	8	10	5	2538	0	2561
25706	1	9	0	2578	0	2588
25707	0	9	3	2633	0	2645
25708	1	2637	4	77	0	2719
25709	8	49	3	2654	0	2714
25710	7	2664	6	64	0	2741
25711	7	60	4	2702	0	2773
25712	2682	26	3	64	0	2775
25713	52	17	7	2688	0	2764
25714	20	2675	3	72	0	2770
25715	8	64	3	2713	0	2788
25716	9	32	0	2760	0	2801
25717	11	20	2	2778	0	2811
25718	2678	18	2	102	0	2800
25719	52	15	0	2766	0	2833
25720	24	12	2700	90	0	2826
25721	13	2769	56	52	0	2890
25722	11	78	21	2890	0	3000
25723	14	34	8	3011	0	3067
25724	7	19	7	3063	0	3096
25725	2927	15	2	124	0	3068
25726	75	14	2863	60	0	3012
25727	34	14	62	2809	0	2919
25728	12	2837	27	100	0	2976
25729	10	75	12	2895	0	2992
25730	2753	30	5	105	0	2893
25731	68	2813	8	63	0	2952
25732	29	73	4	2858	0	2964
25733	17	37	7	2882	0	2943
25734	11	2819	12	116	0	2958
25735	8	80	7	2884	0	2979
25736	10	37	6	2951	0	3004
25737	9	17	2818	134	0	2978
25738	13	2811	68	68	0	2960
25739	2816	80	31	43	0	2970
25740	72	39	2797	36	0	2944
25741	2781	27	72	46	0	2926
25742	79	21	2794	47	0	2941
25743	44	18	76	2816	0	2954
25744	2789	15	31	118	0	2953
25745	81	20	16	2846	0	2963
25746	2835	25	16	120	0	2996
25747	2878	22	14	72	0	2986
25748	2877	24	12	59	0	2972
25749	110	2810	11	45	0	2976
25750	55	79	13	2822	0	2969
25751	36	39	20	2887	0	2982
25752	32	28	15	2906	0	2981
25753	27	21	2784	139	0	2971
25754	26	17	77	2856	0	2976
25755	2803	14	38	119	0	2974
25756	2865	10	23	76	0	2974
25757	123	13	2780	52	0	2968
25758	2797	20	85	43	0	2945
25759	2859	21	40	42	0	2962
25760	126	18	20	2715	0	2879
25761	2714	18	17	107	0	2856
25762	2746	17	18	71	0	2852
25763	120	16	15	2705	0	2856
25764	2709	15	15	126	0	2865
25765	2736	18	18	75	0	2847
25766	134	16	14	2685	0	2849
25767	82	21	2252	103	0	2458
25768	2604	16	69	71	0	2760
25769	108	22	2626	45	0	2801
25770	71	17	2650	52	0	2790
25771	49	2611	104	46	0	2810
25772	42	75	46	2618	0	2781
25773	48	32	24	2694	0	2798
25774	43	18	18	2667	0	2746
25775	46	16	2599	143	0	2804
25776	55	16	2615	75	0	2761
25777	49	2584	106	52	0	2791
25778	50	76	48	2572	0	2746
25779	49	32	34	2659	0	2774
25780	40	21	31	2699	0	2791
25781	40	9	2582	147	0	2778
25782	42	2564	82	77	0	2765
25783	40	70	52	2602	0	2764
25784	38	34	2606	115	0	2793
25785	37	24	2614	73	0	2748
25786	2590	18	104	50	0	2762
25787	2632	19	45	54	0	2750
25788	2646	12	32	55	0	2745
25789	120	17	39	2547	0	2723
25790	57	18	2540	104	0	2719
25791	37	2471	83	79	0	2670
25792	35	2587	44	67	0	2733
25793	36	86	2342	47	0	2511
25794	45	73	85	2117	0	2320
25795	41	24	48	1957	0	2070
25796	36	1884	33	77	0	2030
25797	34	1958	24	41	0	2057
25798	1903	71	25	29	0	2028
25799	1944	25	16	32	0	2017
25800	1973	16	10	30	0	2029
25801	1955	12	19	24	0	2010
25802	1896	12	21	24	0	1953
25803	93	1770	15	29	0	1907
25804	44	1538	11	24	0	1617
25805	15	1304	14	17	0	1350
25806	1190	41	50	10	0	1291
25807	50	26	16	1111	0	1203
25808	18	4	5	1091	0	1118
25809	1054	3	3	40	0	1100
25810	24	1060	8	23	0	1115
25811	11	25	15	1068	0	1119
25812	10	15	9	1080	0	1114
25813	12	7	11	1090	0	1120
25814	1048	4	6	32	0	1090
25815	27	3	5	1055	0	1090
25816	12	3	1024	33	0	1072
25817	1006	10	22	13	0	1051
25818	25	10	15	1016	0	1066
25819	14	7	1036	23	0	1080
25820	14	1015	21	11	0	1061
25821	12	950	7	6	0	975
25822	867	19	24	10	0	920
25823	838	6	8	5	0	857
25824	13	843	1	3	0	860
25825	10	8	3	879	0	900
25826	934	7	3	12	0	956
25827	16	1	2	1010	0	1029
25828	10	2	3	1027	0	1042
25829	1	1	2	1040	0	1044
25830	4	1	3	1042	0	1050
25831	0	1021	0	25	0	1046
25832	2	12	1	1033	0	1048
25833	2	9	1	1036	0	1048
25834	1	4	3	1028	0	1036
25835	9	2	993	22	0	1026
25836	3	1009	12	11	0	1035
25837	3	12	8	1038	0	1061
25838	1	9	1020	15	0	1045
25839	1	2	986	14	0	1003
25840	3	1006	19	6	0	1034
25841	1002	15	11	4	0	1032
25842	12	9	6	1019	0	1046
25843	1023	5	2	16	0	1046
25844	16	1017	1	15	0	1049
25845	10	12	3	1037	0	1062
25846	993	13	0	16	0	1022
25847	996	6	3	12	0	1017
25848	21	2	1	999	0	1023
25849	14	1	2	978	0	995
25850	4	5	984	22	0	1015
25851	3	3	14	996	0	1016
25852	4	1	8	1006	0	1019
25853	984	0	9	22	0	1015
25854	11	990	3	13	0	1017
25855	9	11	984	8	0	1012
25856	965	8	12	3	0	988
25857	12	987	8	4	0	1011
25858	12	13	3	997	0	1025
25859	988	9	1	14	0	1012
25860	12	4	2	978	0	996
25861	12	1	2	985	0	1000
25862	5	2	970	21	0	998
25863	3	1	10	980	0	994
25864	966	1	8	17	0	992
25865	14	1	5	978	0	998
25866	963	3	1	18	0	985
25867	14	947	1	16	0	978
25868	14	960	1	7	0	982
25869	7	23	0	969	0	999
25870	3	12	2	981	0	998
25871	940	4	1	24	0	969
25872	13	935	3	14	0	965
25873	954	11	1	11	0	977
25874	960	10	1	5	0	976
25875	23	4	0	952	0	979
25876	963	3	1	13	0	980
25877	15	1	927	16	0	959
25878	13	1	14	938	0	966
25879	6	3	954	16	0	979
25880	2	4	14	961	0	981
25881	942	2	11	18	0	973
25882	951	3	4	15	0	973
25883	21	938	1	7	0	967
25884	12	12	3	933	0	960
25885	7	8	1	943	0	959
25886	9	933	0	23	0	965
25887	1	16	2	963	0	982
25888	6	8	2	957	0	973
25889	4	934	3	25	0	966
25890	917	16	2	16	0	951
25891	921	9	3	12	0	945
25892	21	4	3	920	0	948
25893	18	4	2	916	0	940
25894	5	7	898	25	0	935
25895	4	3	13	901	0	921
25896	7	892	8	20	0	927
25897	913	14	4	14	0	945
25898	14	11	3	906	0	934
25899	12	6	1	903	0	922
25900	877	2	2	24	0	905
25901	13	883	2	15	0	913
25902	12	10	3	906	0	931
25903	9	8	2	908	0	927
25904	5	897	1	24	0	927
25905	879	13	4	14	0	910
25906	17	7	872	9	0	905
25907	10	6	869	6	0	891
25908	5	4	16	875	0	900
25909	6	3	876	16	0	901
25910	844	0	15	15	0	874
25911	15	6	8	872	0	901
25912	12	1	889	14	0	916
25913	6	1	880	15	0	902
25914	5	896	17	9	0	927
25915	895	11	11	8	0	925
25916	14	925	6	5	0	950
25917	925	15	4	5	0	949
25918	920	8	2	8	0	938
25919	19	853	5	4	0	881
25920	862	11	1	7	0	881
25921	840	5	4	5	0	854
25922	19	7	827	1	0	854
25923	11	37	9	758	0	815
25924	5	749	10	10	0	774
25925	2	720	5	8	0	735
25926	14	24	0	650	0	688
25927	604	3	2	7	0	616
25928	4	2	1	591	0	598
25929	4	1	1	618	0	624
25930	4	0	0	636	0	640
25931	1	663	1	10	0	675
25932	3	8	1	735	0	747
25933	2	4	797	14	0	817
25934	795	4	9	3	0	811
25935	859	1	2	4	0	866
25936	14	845	1	4	0	864
25937	845	12	2	1	0	860
25938	16	3	0	858	0	877
25939	5	2	845	13	0	865
25940	834	2	12	5	0	853
25941	13	857	3	3	0	876
25942	2	14	1	853	0	870
25943	875	3	4	14	0	896
25944	16	861	0	5	0	882
25945	4	881	2	3	0	890
25946	875	19	1	3	0	898
25947	19	5	854	0	0	878
25948	861	6	11	3	0	881
25949	18	3	4	868	0	893
25950	9	2	1	859	0	871
25951	5	3	853	13	0	874
25952	4	1	847	9	0	861
25953	3	2	15	850	0	870
25954	3	5	835	15	0	858
25955	3	4	832	4	0	843
25956	4	1	15	838	0	858
25957	3	2	7	847	0	859
25958	847	1	6	17	0	871
25959	13	1	6	852	0	872
25960	843	1	2	22	0	868
25961	15	852	4	6	0	877
25962	6	14	3	867	0	890
25963	5	3	880	18	0	906
25964	883	3	14	7	0	907
25965	908	4	6	4	0	922
25966	915	4	2	5	0	926
25967	906	2	4	4	0	916
25968	899	1	3	5	0	908
25969	22	0	4	876	0	902
25970	12	2	871	17	0	902
25971	7	5	866	8	0	886
25972	6	0	905	8	0	919
25973	879	2	21	4	0	906
25974	919	3	9	1	0	932
25975	20	2	7	895	0	924
25976	10	919	6	16	0	951
25977	8	14	6	930	0	958
25978	10	2	929	15	0	956
25979	3	1	922	13	0	939
25980	900	2	20	3	0	925
25981	18	1	966	5	0	990
25982	5	3	20	968	0	996
25983	993	3	7	18	0	1021
25984	947	0	9	4	0	960
25985	1018	1	8	7	0	1034
25986	1035	3	2	5	0	1045
25987	29	0	1002	3	0	1034
25988	1003	2	16	5	0	1026
25989	21	1010	5	6	0	1042
25990	15	17	4	1027	0	1063
25991	5	6	1026	19	0	1056
25992	6	3	19	1021	0	1049
25993	9	1	1036	16	0	1062
25994	11	2	19	1025	0	1057
25995	12	1	7	1044	0	1064
25996	7	3	1018	25	0	1053
25997	7	2	19	1018	0	1046
25998	1029	2	8	23	0	1062
25999	17	3	10	1034	0	1064
26000	8	0	10	1053	0	1071
26001	1045	0	7	23	0	1075
26002	20	1053	6	14	0	1093
26003	1064	15	6	11	0	1096
26004	19	1060	5	9	0	1093
26005	1098	18	4	7	0	1127
26006	23	10	1086	8	0	1127
26007	12	3	22	1098	0	1135
26008	11	4	9	1112	0	1136
26009	1100	4	7	23	0	1134
26010	18	1091	7	15	0	1131
26011	12	14	6	1096	0	1128
26012	8	6	5	1077	0	1096
26013	10	1055	7	22	0	1094
26014	1051	15	3	14	0	1083
26015	18	1063	6	10	0	1097
26016	7	16	6	1062	0	1091
26017	3	8	4	1040	0	1055
26018	7	1021	3	23	0	1054
26019	1028	19	4	9	0	1060
26020	18	5	1005	12	0	1040
26021	1003	3	16	8	0	1030
26022	17	1010	5	11	0	1043
26023	10	17	5	1021	0	1053
26024	1030	8	4	18	0	1060
26025	24	5	1	1029	0	1059
26026	10	4	5	1039	0	1058
26027	1062	1	3	25	0	1091
26028	24	1043	3	8	0	1078
26029	9	1066	1	9	0	1085
26030	1051	15	2	7	0	1075
26031	19	4	1046	3	0	1072
26032	4	968	13	3	0	988
26033	15	12	7	922	0	956
26034	3	3	1016	8	0	1030
26035	2	6	14	984	0	1006
26036	1007	0	5	13	0	1025
26037	14	1029	0	6	0	1049
26038	5	12	2	990	0	1009
26039	0	1020	2	9	0	1031
26040	1033	12	0	7	0	1052
26041	1066	9	0	1	0	1076
26042	18	1079	1	1	0	1099
26043	6	15	0	1066	0	1087
26044	3	1121	1	15	0	1140
26045	1149	19	2	7	0	1177
26046	1175	7	0	3	0	1185
26047	27	3	0	1157	0	1187
26048	10	4	1	1187	0	1202
26049	5	2	1145	28	0	1180
26050	1118	3	18	10	0	1149
26051	23	1	1159	5	0	1188
26052	9	1	19	1161	0	1190
26053	1158	2	9	21	0	1190
26054	20	1182	3	11	0	1216
26055	1166	20	1	2	0	1189
26056	24	9	1130	3	0	1166
26057	1146	4	14	3	0	1167
26058	24	1174	4	5	0	1207
26059	1194	22	5	5	0	1226
26060	27	1204	3	2	0	1236
26061	13	23	2	1190	0	1228
26062	6	10	1171	21	0	1208
26063	4	4	1133	12	0	1153
26064	5	5	28	1142	0	1180
26065	5	4	1155	22	0	1186
26066	2	2	23	1147	0	1174
26067	4	1	12	1152	0	1169
26068	3	4	1163	29	0	1199
26069	1048	4	21	16	0	1089
26070	1141	1	10	5	0	1157
26071	27	1122	4	7	0	1160
26072	1128	20	2	6	0	1156
26073	24	8	6	1117	0	1155
26074	14	3	1169	21	0	1207
26075	4	5	19	1178	0	1206
26076	5	3	13	1181	0	1202
26077	1152	3	4	30	0	1189
26078	17	1143	4	16	0	1180
26079	9	1153	4	6	0	1172
26080	7	23	3	1151	0	1184
26081	7	9	2	1137	0	1155
26082	3	1121	4	25	0	1153
26083	6	20	2	1111	0	1139
26084	4	7	2	1105	0	1118
26085	3	1082	3	28	0	1116
26086	1065	19	1	14	0	1099
26087	19	6	3	1066	0	1094
26088	8	1069	2	20	0	1099
26089	4	19	2	1075	0	1100
26090	1068	8	1	24	0	1101
26091	20	1065	1	15	0	1101
26092	1076	21	1	9	0	1107
26093	1094	12	2	4	0	1112
26094	29	3	0	1098	0	1130
26095	1122	6	1	25	0	1154
26096	1149	7	0	8	0	1164
26097	1152	3	0	8	0	1163
26098	1142	2	2	9	0	1155
26099	27	5	2	1135	0	1169
26100	16	1	1	1145	0	1163
26101	10	3	1116	29	0	1158
26102	5	5	20	1117	0	1147
26103	7	5	6	1135	0	1153
26104	8	3	1101	29	0	1141
26105	1077	4	19	15	0	1115
26106	27	3	7	1122	0	1159
26107	14	2	1129	25	0	1170
26108	1092	5	21	15	0	1133
26109	32	2	1207	8	0	1249
26110	14	1275	25	9	0	1323
26111	13	1322	9	12	0	1356
26112	8	26	10	1392	0	1436
26113	4	10	1522	34	0	1570
26114	1544	7	32	16	0	1599
26115	1649	3	15	8	0	1675
26116	48	2	1608	10	0	1668
26117	1631	1	37	10	0	1679
26118	1666	3	14	6	0	1689
26119	54	1641	9	3	0	1707
26120	1663	37	7	6	0	1713
26121	46	14	6	1642	0	1708
26122	22	11	1645	37	0	1715
26123	13	4	36	1593	0	1646
26124	11	1662	13	34	0	1720
26125	10	1735	9	14	0	1768
26126	1711	47	10	13	0	1781
26127	1697	22	9	8	0	1736
26128	1716	13	10	6	0	1745
26129	60	8	8	1666	0	1742
26130	27	17	8	1650	0	1702
26131	20	1615	9	49	0	1693
26132	1627	32	11	16	0	1686
26133	44	1657	9	15	0	1725
26134	1528	38	4	5	0	1575
26135	50	1530	8	8	0	1596
26136	1526	39	9	5	0	1579
26137	1488	8	6	9	0	1511
26138	43	18	7	1482	0	1550
26139	22	1510	6	32	0	1570
26140	26	34	1440	14	0	1514
26141	1392	17	28	12	0	1449
26142	47	1390	8	5	0	1450
26143	18	27	1418	10	0	1473
26144	15	13	1415	12	0	1455
26145	11	17	27	1340	0	1395
26146	15	7	6	1335	0	1363
26147	12	1387	4	25	0	1428
26148	1422	30	1	13	0	1466
26149	36	13	3	1391	0	1443
26150	21	1448	1	24	0	1494
26151	18	1521	2	9	0	1550
26152	11	31	1489	15	0	1546
26153	11	20	1503	7	0	1541
26154	1467	12	28	8	0	1515
26155	31	10	1500	5	0	1546
26156	21	9	27	1482	0	1539
26157	19	9	8	1529	0	1565
26158	12	10	1512	31	0	1565
26159	11	9	26	1481	0	1527
26160	14	4	14	1443	0	1475
26161	1492	10	8	35	0	1545
26162	1519	10	12	13	0	1554
26163	32	3	8	1499	0	1542
26164	15	1471	10	27	0	1523
26165	10	1546	10	15	0	1581
26166	1546	30	10	15	0	1601
26167	26	15	1562	8	0	1611
26168	16	6	26	1542	0	1590
26169	1585	9	15	31	0	1640
26170	1607	12	12	14	0	1645
26171	36	10	9	1597	0	1652
26172	11	8	1591	34	0	1644
26173	10	11	1528	15	0	1564
26174	1495	8	38	18	0	1559
26175	1546	3	24	14	0	1587
26176	43	1561	13	15	0	1632
26177	24	1606	13	14	0	1657
26178	1622	31	8	22	0	1683
26179	1670	16	6	17	0	1709
26180	47	11	8	1680	0	1746
26181	27	8	9	1700	0	1744
26182	18	10	9	1718	0	1755
26183	1689	4	10	44	0	1747
26184	46	11	9	1691	0	1757
26185	24	8	1707	38	0	1777
26186	1702	13	28	17	0	1760
26187	35	13	13	1722	0	1783
26188	28	9	1728	29	0	1794
26189	1699	5	33	13	0	1750
26190	1622	7	12	16	0	1657
26191	36	1780	8	17	0	1841
26192	24	1811	13	7	0	1855
26193	20	33	1716	12	0	1781
26194	1764	18	26	9	0	1817
26195	42	1829	12	11	0	1894
26196	22	36	1725	17	0	1800
26197	1773	13	24	15	0	1825
26198	47	1891	5	14	0	1957
26199	21	37	1878	21	0	1957
26200	1850	15	30	17	0	1912
26201	45	1878	8	16	0	1947
26202	23	31	10	1888	0	1952
26203	1890	13	9	41	0	1953
26204	38	1884	9	22	0	1953
26205	18	39	13	1875	0	1945
26206	1884	11	10	37	0	1942
26207	35	7	1882	16	0	1940
26208	14	1823	31	9	0	1877
26209	12	26	1796	9	0	1843
26210	6	27	30	1704	0	1767
26211	8	3	1716	25	0	1752
26212	12	1601	23	8	0	1644
26213	1	1521	4	1	0	1527
26214	9	20	4	1455	0	1488
26215	2	2	1	1391	0	1396
26216	2	2	0	1407	0	1411
26217	1	0	1451	14	0	1466
26218	2	0	14	1453	0	1469
26219	1449	1	2	18	0	1470
26220	1444	0	0	4	0	1448
26221	18	0	1487	2	0	1507
26222	1	1484	16	1	0	1502
26223	1474	15	2	2	0	1493
26224	16	1469	0	1	0	1486
26225	1459	15	1	1	0	1476
26226	1481	3	0	1	0	1485
26227	15	1	1472	1	0	1489
26228	2	1495	14	2	0	1513
26229	2	15	1	1497	0	1515
26230	0	2	1506	14	0	1522
26231	1467	3	15	2	0	1487
26232	17	3	1	1509	0	1530
26233	2	0	1479	15	0	1496
26234	1461	0	14	2	0	1477
26235	17	1	1553	1	0	1572
26236	4	2	17	1591	0	1614
26237	1679	0	1	17	0	1697
26238	17	1720	2	2	0	1741
26239	3	17	1776	1	0	1797
26240	1769	3	18	1	0	1791
26241	1930	1	2	0	0	1933
26242	24	1970	2	0	0	1996
26243	4	24	0	1961	0	1989
26244	2	4	1	1959	0	1966
26245	1933	1	1	27	0	1962
26246	25	2	0	1945	0	1972
26247	3	3	1938	28	0	1972
26248	2	0	25	1926	0	1953
26249	1944	1	2	26	0	1973
26250	24	1893	2	5	0	1924
26251	4	25	2	1832	0	1863
26252	4	1854	3	24	0	1885
26253	1879	27	1	4	0	1911
26254	24	4	4	2017	0	2049
26255	9	2	1	2077	0	2089
26256	2	2074	2	39	0	2117
26257	1	34	2045	12	0	2092
26258	2	13	31	2043	0	2089
26259	0	4	11	2101	0	2116
26260	3	3	5	2101	0	2112
26261	4	2058	1	47	0	2110
26262	2	37	2067	13	0	2119
26263	2	9	2094	9	0	2114
26264	2096	2	45	5	0	2148
26265	2138	3	13	3	0	2157
26266	47	1	2129	6	0	2183
26267	2082	2	35	3	0	2122
26268	38	1	2167	6	0	2212
26269	2095	4	32	5	0	2136
26270	34	2166	14	7	0	2221
26271	2188	35	7	1	0	2231
26272	39	12	2210	6	0	2267
26273	17	4	2245	3	0	2269
26274	5	4	45	2380	0	2434
26275	2412	2	16	51	0	2481
26276	55	2583	9	14	0	2661
26277	18	52	2935	4	0	3009
26278	7	17	82	3018	0	3124
26279	9	6	17	3128	0	3160
26280	3036	2	9	103	0	3150
26281	3090	5	6	25	0	3126
26282	101	3	7	3032	0	3143
26283	3050	5	7	85	0	3147
26284	94	4	3016	21	0	3135
26285	29	4	81	2978	0	3092
26286	11	5	21	3092	0	3129
26287	3021	3	9	109	0	3142
26288	3064	3	11	29	0	3107
26289	112	1	1	3011	0	3125
26290	3015	5	5	94	0	3119
26291	96	3	2938	24	0	3061
26292	25	2945	83	12	0	3065
26293	12	80	2972	12	0	3076
26294	11	28	81	2976	0	3096
26295	2932	7	18	90	0	3047
26296	90	2913	9	23	0	3035
26297	24	83	9	2875	0	2991
26298	13	18	9	2862	0	2902
26299	11	2840	9	97	0	2957
26300	16	84	8	2883	0	2991
26301	17	21	9	2927	0	2974
26302	17	8	5	2960	0	2990
26303	12	5	8	2950	0	2975
26304	12	5	9	2911	0	2937
26305	10	2809	10	112	0	2941
26306	11	80	6	2855	0	2952
26307	20	19	7	2876	0	2922
26308	19	7	2749	105	0	2880
26309	11	2752	77	41	0	2881
26310	18	81	21	2798	0	2918
26311	12	23	13	2844	0	2892
26312	15	11	8	2843	0	2877
26313	5	2732	10	114	0	2861
26314	15	80	2735	43	0	2873
26315	17	18	83	2790	0	2908
26316	11	14	2783	99	0	2907
26317	12	6	2759	41	0	2818
26318	12	5	91	2747	0	2855
26319	2774	13	25	99	0	2911
26320	81	11	11	2785	0	2888
26321	26	7	10	2773	0	2816
26322	13	2758	14	108	0	2893
26323	12	85	6	2832	0	2935
26324	14	19	9	2886	0	2928
26325	10	14	2821	113	0	2958
26326	15	2801	74	51	0	2941
26327	11	80	22	2855	0	2968
26328	2767	22	18	96	0	2903
26329	77	18	2762	42	0	2899
26330	24	11	83	2771	0	2889
26331	14	7	27	2839	0	2887
26332	2746	11	14	117	0	2888
26333	77	2753	8	44	0	2882
26334	2720	81	10	31	0	2842
26335	72	2688	10	37	0	2807
26336	19	83	11	2664	0	2777
26337	2624	24	15	96	0	2759
26338	78	11	2574	49	0	2712
26339	22	2488	74	36	0	2620
26340	14	2559	21	33	0	2627
26341	2379	84	27	23	0	2513
26342	68	26	5	2329	0	2428
26343	20	2298	8	84	0	2410
26344	13	2405	12	38	0	2468
26345	13	78	11	2363	0	2465
26346	11	27	9	2420	0	2467
26347	2341	17	8	100	0	2466
26348	75	2325	11	39	0	2450
26349	18	80	12	2324	0	2434
26350	13	18	2309	84	0	2424
26351	7	2291	68	39	0	2405
26352	13	66	2297	23	0	2399
26353	9	2296	69	22	0	2396
26354	20	77	28	2133	0	2258
26355	12	13	9	2127	0	2161
26356	10	2101	10	78	0	2199
26357	14	60	2099	24	0	2197
26358	2097	12	63	24	0	2196
26359	61	21	7	2141	0	2230
26360	11	13	13	2200	0	2237
26361	15	7	2143	81	0	2246
26362	6	16	59	2175	0	2256
26363	6	18	2159	70	0	2253
26364	7	16	58	2152	0	2233
26365	5	9	2197	77	0	2288
26366	9	2241	58	20	0	2328
26367	6	68	2293	23	0	2390
26368	10	14	59	2325	0	2408
26369	2311	7	13	84	0	2415
26370	68	2282	7	16	0	2373
26371	11	76	9	2276	0	2372
26372	12	20	2244	74	0	2350
26373	6	2248	66	24	0	2344
26374	10	73	10	2097	0	2190
26375	5	16	2097	56	0	2174
26376	9	1874	44	10	0	1937
26377	1452	42	24	28	0	1546
26378	1383	3	5	11	0	1402
26379	14	3	2	1376	0	1395
26380	1376	2	2	17	0	1397
26381	13	1	3	1371	0	1388
26382	2	2	1	1398	0	1403
26383	2	2	1414	16	0	1434
26384	2	1	17	1381	0	1401
26385	2	1	2	1396	0	1401
26386	1365	3	0	16	0	1384
26387	1356	1	2	4	0	1363
26388	16	1352	2	5	0	1375
26389	3	15	1367	3	0	1388
26390	1	5	16	1364	0	1386
26391	2	1	1335	20	0	1358
26392	1251	1	17	4	0	1273
26393	19	3	1295	2	0	1319
26394	3	4	13	1254	0	1274
26395	4	1262	4	13	0	1283
26396	3	15	2	1258	0	1278
26397	2	3	2	1272	0	1279
26398	4	1	1282	16	0	1303
26399	2	1	16	1257	0	1276
26400	1267	0	2	17	0	1286
26401	1277	1	2	5	0	1285
26402	1271	1	2	8	0	1282
26403	1279	1	2	7	0	1289
26404	14	1248	3	5	0	1270
26405	2	1268	2	7	0	1279
26406	6	18	2	1176	0	1202
26407	3	1	3	1256	0	1263
26408	4	1225	1	16	0	1246
26409	5	13	4	1237	0	1259
26410	5	2	1	1250	0	1258
26411	2	4	3	1242	0	1251
26412	4	2	1	1247	0	1254
26413	1	4	3	1253	0	1261
26414	1222	3	2	21	0	1248
26415	14	1206	1	7	0	1228
26416	2	15	1199	6	0	1222
26417	1	3	14	1192	0	1210
26418	0	1	4	1209	0	1214
26419	2	2	2	1179	0	1185
26420	1170	1	0	21	0	1192
26421	19	1294	3	2	0	1318
26422	3	23	1	1325	0	1352
26423	5	1382	3	33	0	1423
26424	3	43	1	1346	0	1393
26425	3	1340	2	39	0	1384
26426	4	40	1470	10	0	1524
26427	2	5	41	1583	0	1631
26428	1	7	1864	50	0	1922
26429	2	5	64	1882	0	1953
26430	3	4	12	2082	0	2101
26431	2040	6	9	82	0	2137
26432	2082	5	6	23	0	2116
26433	2111	3	4	19	0	2137
26434	2107	4	4	10	0	2125
26435	2111	3	7	10	0	2131
26436	86	3	7	2010	0	2106
26437	23	2016	5	71	0	2115
26438	17	65	2	2015	0	2099
26439	11	15	1975	72	0	2073
26440	1968	8	61	23	0	2060
26441	2065	9	12	15	0	2101
26442	87	1	8	2003	0	2099
26443	31	6	2	2020	0	2059
26444	17	1940	5	83	0	2045
26445	9	61	4	1988	0	2062
26446	9	14	9	1993	0	2025
26447	11	1932	6	88	0	2037
26448	12	64	5	1985	0	2066
26449	1886	13	2	83	0	1984
26450	66	7	1916	30	0	2019
26451	1893	8	60	19	0	1980
26452	74	7	1909	15	0	2005
26453	19	5	70	1898	0	1992
26454	13	6	14	1909	0	1942
26455	9	1835	11	79	0	1934
26456	11	1922	4	30	0	1967
26457	12	77	11	1843	0	1943
26458	13	16	1853	75	0	1957
26459	1812	12	65	18	0	1907
26460	68	6	17	1820	0	1911
26461	17	1789	14	78	0	1898
26462	21	65	7	1804	0	1897
26463	12	15	4	1826	0	1857
26464	15	1766	3	85	0	1869
26465	11	74	4	1702	0	1791
26466	10	17	1579	72	0	1678
26467	11	12	1576	19	0	1618
26468	9	15	60	1477	0	1561
26469	6	1529	17	55	0	1607
26470	4	53	13	1549	0	1619
26471	1551	16	5	73	0	1645
26472	1601	9	8	20	0	1638
26473	1550	8	3	15	0	1576
26474	67	1494	5	10	0	1576
26475	17	54	1468	18	0	1557
26476	1475	15	55	10	0	1555
26477	1533	14	13	10	0	1570
26478	70	1477	9	10	0	1566
26479	25	59	4	1475	0	1563
26480	1482	19	3	61	0	1565
26481	1522	10	7	21	0	1560
26482	1531	9	6	14	0	1560
26483	78	5	10	1437	0	1530
26484	1463	5	6	62	0	1536
26485	69	5	11	1445	0	1530
26486	27	5	2	1505	0	1539
26487	1454	5	4	75	0	1538
26488	68	7	2	1448	0	1525
26489	1446	6	3	74	0	1529
26490	72	7	5	1444	0	1528
26491	24	4	7	1504	0	1539
26492	1433	8	4	85	0	1530
26493	66	7	1421	39	0	1533
26494	27	4	52	1448	0	1531
26495	26	1	16	1481	0	1524
26496	17	7	11	1468	0	1503
26497	17	7	4	1497	0	1525
26498	12	4	5	1469	0	1490
26499	15	1405	6	81	0	1507
26500	15	57	6	1418	0	1496
26501	8	19	1397	79	0	1503
26502	13	13	56	1428	0	1510
26503	15	6	12	1468	0	1501
26504	19	3	11	1491	0	1524
26505	16	5	1405	85	0	1511
26506	9	11	1431	37	0	1488
26507	1400	12	62	29	0	1503
26508	1448	3	25	25	0	1501
26509	70	1449	12	17	0	1548
26510	27	65	2	1485	0	1579
26511	16	21	8	1564	0	1609
26512	13	9	10	1591	0	1623
26513	1527	4	11	86	0	1628
26514	1587	4	6	34	0	1631
26515	75	5	5	1549	0	1634
26516	28	6	5	1585	0	1624
26517	20	11	5	1586	0	1622
26518	15	8	3	1595	0	1621
26519	1506	7	5	96	0	1614
26520	62	7	1468	35	0	1572
26521	23	1254	49	25	0	1351
26522	17	1222	14	20	0	1273
26523	1138	36	7	21	0	1202
26524	36	38	11	1117	0	1202
26525	21	11	1134	40	0	1206
26526	11	8	972	23	0	1014
26527	3	967	32	23	0	1025
26528	682	4	13	5	0	704
26529	5	0	655	5	0	665
26530	529	2	10	3	0	544
26531	4	0	2	522	0	528
26532	2	3	1	530	0	536
26533	2	522	0	2	0	526
26534	1	549	0	2	0	552
26535	563	2	1	2	0	568
26536	559	1	0	2	0	562
26537	2	570	1	3	0	576
26538	5	1	561	0	0	567
26539	3	0	565	0	0	568
26540	1	1	2	582	0	586
26541	590	1	1	4	0	596
26542	2	582	3	2	0	589
26543	0	1	1	628	0	630
26544	631	0	0	6	0	637
26545	5	1	1	648	0	655
26546	2	2	0	673	0	677
26547	671	1	0	7	0	679
26548	6	670	0	5	0	681
26549	2	714	0	5	0	721
26550	2	4	734	2	0	742
26551	1	2	5	741	0	749
26552	0	3	2	743	0	748
26553	2	1	763	6	0	772
26554	673	0	7	4	0	684
26555	724	1	2	3	0	730
26556	6	0	770	4	0	780
26557	666	0	5	6	0	677
26558	5	1	787	2	0	795
26559	4	833	6	0	0	843
26560	3	3	3	878	0	887
26561	2	1	1	908	0	912
26562	911	2	1	5	0	919
26563	887	1	2	4	0	894
26564	907	0	2	4	0	913
26565	914	0	0	3	0	917
26566	908	0	1	0	0	909
26567	7	3	899	0	0	909
26568	4	905	4	2	0	915
26569	3	3	2	914	0	922
26570	1	907	0	4	0	912
26571	1	923	1	3	0	928
26572	2	6	1	923	0	932
26573	0	2	1	925	0	928
26574	0	1	921	6	0	928
26575	889	1	4	5	0	899
26576	932	0	2	2	0	936
26577	6	916	0	4	0	926
26578	936	3	3	0	0	942
26579	967	2	0	1	0	970
26580	7	1	0	969	0	977
26581	3	1	1005	4	0	1013
26582	3	0	1011	1	0	1015
26583	1015	0	5	2	0	1022
26584	1026	1	3	2	0	1032
26585	6	1023	2	1	0	1032
26586	3	1060	2	0	0	1065
26587	3	8	0	1098	0	1109
26588	1100	2	1	5	0	1108
26589	5	2	1096	3	0	1106
26590	2	2	5	1115	0	1124
26591	1155	0	3	6	0	1164
26592	1165	0	1	3	0	1169
26593	8	0	2	1198	0	1208
26594	1197	0	1	7	0	1205
26595	7	0	1160	2	0	1169
26596	3	0	1213	1	0	1217
26597	4	1	8	1214	0	1227
26598	1	0	4	1272	0	1277
26599	2	0	3	1271	0	1276
26600	2	1247	1	9	0	1259
26601	3	1274	0	6	0	1283
26602	4	7	0	1291	0	1302
26603	1315	3	1	9	0	1328
26604	8	2	2	1334	0	1346
26605	2	1	3	1343	0	1349
26606	2	1313	2	9	0	1326
26607	2	1351	1	12	0	1366
26608	0	9	0	1371	0	1380
26609	1	6	0	1319	0	1326
26610	1293	4	1	9	0	1307
26611	6	1274	1	7	0	1288
26612	1275	4	1	7	0	1287
26613	9	2	0	1297	0	1308
26614	2	2	1277	8	0	1289
26615	2	4	1260	4	0	1270
26616	1306	3	7	2	0	1318
26617	6	2	3	1348	0	1359
26618	4	0	2	1351	0	1357
26619	1	1	1	1366	0	1369
26620	4	0	1377	9	0	1390
26621	1	3	5	1392	0	1401
26622	3	1380	3	8	0	1394
26623	0	6	2	1418	0	1426
26624	1	1	0	1417	0	1419
26625	1	1437	2	13	0	1453
26626	3	8	0	1489	0	1500
26627	1453	2	1	14	0	1470
26628	8	1440	1	9	0	1458
26629	1519	9	1	5	0	1534
26630	1540	1	3	3	0	1547
26631	19	1	0	1550	0	1570
26632	4	4	0	1539	0	1547
26633	3	1	1	1557	0	1562
26634	2	0	1519	18	0	1539
26635	1	1470	12	6	0	1489
26636	0	1537	2	8	0	1547
26637	4	12	1	1510	0	1527
26638	1493	3	2	13	0	1511
26639	13	1	2	1487	0	1503
26640	4	7	1503	14	0	1528
26641	3	1472	11	10	0	1496
26642	5	1505	4	7	0	1521
26643	1499	12	1	4	0	1516
26644	1522	4	6	3	0	1535
26645	13	1603	1	6	0	1623
26646	1611	14	2	7	0	1634
26647	14	0	1603	6	0	1623
26648	4	3	1580	4	0	1591
26649	1595	6	13	4	0	1618
26650	1642	3	3	2	0	1650
26651	23	3	1	1645	0	1672
26652	1630	3	1	22	0	1656
26653	22	3	1633	4	0	1662
26654	7	2	1723	2	0	1734
26655	0	7	26	1853	0	1886
26656	5	4	6	2126	0	2141
26657	4	1	2	2219	0	2226
26658	7	5	4	2264	0	2280
26659	8	2	0	2445	0	2455
26660	7	3	2392	51	0	2453
26661	4	2	43	2380	0	2429
26662	2384	1	16	50	0	2451
26663	42	0	9	2407	0	2458
26664	2390	1	9	54	0	2454
26665	48	4	0	2410	0	2462
26666	2434	2	4	55	0	2495
26667	2510	1	7	35	0	2553
26668	57	0	6	2495	0	2558
26669	19	0	8	2533	0	2560
26670	2490	2	3	66	0	2561
26671	2505	1	0	33	0	2539
26672	59	1	2503	24	0	2587
26673	26	1	43	2510	0	2580
26674	28	2	8	2574	0	2612
26675	2539	2	5	66	0	2612
26676	2584	1	5	31	0	2621
26677	65	0	0	2582	0	2647
26678	27	0	4	2611	0	2642
26679	28	0	7	2583	0	2618
26680	17	2	5	2559	0	2583
26681	7	2415	6	82	0	2510
26682	16	2464	1	37	0	2518
26683	18	49	2	2464	0	2533
26684	15	2463	7	57	0	2542
26685	14	47	5	2506	0	2572
26686	9	16	2466	69	0	2560
26687	12	9	2387	39	0	2447
26688	12	2472	48	27	0	2559
26689	9	47	12	2464	0	2532
26690	7	20	2464	58	0	2549
26691	11	12	44	2448	0	2515
26692	8	9	11	2530	0	2558
26693	2472	9	12	74	0	2567
26694	50	11	13	2529	0	2603
26695	19	9	2557	63	0	2648
26696	15	8	2521	29	0	2573
26697	11	2518	52	21	0	2602
26698	7	2682	21	31	0	2741
26699	2704	50	25	17	0	2796
26700	57	18	2803	16	0	2894
26701	21	10	45	2807	0	2883
26702	2805	6	25	59	0	2895
26703	2790	3	17	37	0	2847
26704	57	2815	12	24	0	2908
26705	28	52	8	2793	0	2881
26706	20	18	5	2927	0	2970
26707	13	8	10	2897	0	2928
26708	2853	6	16	73	0	2948
26709	55	8	2822	35	0	2920
26710	19	2871	48	32	0	2970
26711	20	53	13	2879	0	2965
26712	22	19	11	2954	0	3006
26713	11	13	2909	78	0	3011
26714	13	10	45	2936	0	3004
26715	19	4	22	2968	0	3013
26716	13	10	14	2977	0	3014
26717	17	10	15	2969	0	3011
26718	7	9	2883	93	0	2992
26719	6	9	44	2903	0	2962
26720	11	6	2925	81	0	3023
26721	9	2902	56	51	0	3018
26722	9	48	26	2943	0	3026
26723	13	16	14	2997	0	3040
26724	8	6	2919	93	0	3026
26725	11	2892	51	46	0	3000
26726	13	45	22	2886	0	2966
26727	14	14	2890	63	0	2981
26728	10	2852	49	45	0	2956
26729	14	42	21	2865	0	2942
26730	11	16	2850	62	0	2939
26731	13	11	44	2844	0	2912
26732	18	9	21	2828	0	2876
26733	11	10	21	2934	0	2976
26734	2868	14	12	71	0	2965
26735	40	2832	7	51	0	2930
26736	2870	41	12	31	0	2954
26737	52	22	2869	21	0	2964
26738	2937	8	41	38	0	3024
26739	3096	8	25	29	0	3158
26740	55	10	7	3077	0	3149
26741	3115	6	9	68	0	3198
26742	3140	12	16	32	0	3200
26743	3219	12	7	30	0	3268
26744	55	10	6	3169	0	3240
26745	32	9	10	3107	0	3158
26746	22	6	3023	65	0	3116
26747	14	10	2882	36	0	2942
26748	2952	4	44	22	0	3022
26749	43	21	21	2970	0	3055
26750	25	3015	14	41	0	3095
26751	3033	32	17	26	0	3108
26752	36	2993	9	32	0	3070
26753	15	3001	9	30	0	3055
26754	33	40	2880	25	0	2978
26755	18	15	2893	10	0	2936
26756	14	64	41	2774	0	2893
26757	9	9	2896	19	0	2933
26758	7	3	2654	11	0	2675
26759	2495	2	9	5	0	2511
26760	2620	2	3	4	0	2629
26761	11	0	0	2653	0	2664
26762	3	4	2	2715	0	2724
26763	6	2	2750	6	0	2764
26764	3	2772	7	1	0	2783
26765	5	7	2	2779	0	2793
26766	2865	2	2	13	0	2882
26767	7	1	3	2853	0	2864
26768	3	2868	4	8	0	2883
26769	3	5	2847	4	0	2859
26770	3	2920	6	4	0	2933
26771	2963	5	3	3	0	2974
26772	2916	1	0	6	0	2923
26773	9	2	2	2896	0	2909
26774	1	3	2935	7	0	2946
26775	1	2	2775	5	0	2783
26776	2	2895	14	2	0	2913
26777	4	10	2	2818	0	2834
26778	1	3	1	2952	0	2957
26779	1	1	2932	13	0	2947
26780	4	2	12	2893	0	2911
26781	3	3011	3	12	0	3029
26782	3	13	2	3057	0	3075
26783	1	5	1	3061	0	3068
26784	1	3	3065	21	0	3090
26785	1	2	16	2984	0	3003
26786	3057	2	9	19	0	3087
26787	22	2	3049	8	0	3081
26788	4	3	3052	2	0	3061
26789	3	3151	23	3	0	3180
26790	4	20	5	3227	0	3256
26791	1	6	2	3409	0	3418
26792	1	0	3390	29	0	3420
26793	3219	3	24	10	0	3256
26794	23	1	12	3359	0	3395
26795	11	1	3315	24	0	3351
26796	5	2	24	3238	0	3269
26797	0	1	3323	29	0	3353
26798	3	1	3195	10	0	3209
26799	1	3225	32	5	0	3263
26800	3	26	12	3120	0	3161
26801	0	3186	7	25	0	3218
26802	3129	28	3	10	0	3170
26803	27	12	3156	4	0	3199
26804	10	3112	27	3	0	3152
26805	4	25	12	3116	0	3157
26806	3084	10	6	28	0	3128
26807	21	3095	5	10	0	3131
26808	8	26	2	3143	0	3179
26809	6	10	3	3147	0	3166
26810	1	3131	4	46	0	3182
26811	3166	28	5	14	0	3213
26812	25	12	2	3443	0	3482
26813	11	9	2	3578	0	3600
26814	4	4	3548	65	0	3621
26815	2	3705	48	24	0	3779
26816	4	52	17	3779	0	3852
26817	2	19	8	4134	0	4163
26818	5	4176	4	78	0	4263
26819	3	71	2	4255	0	4331
26820	1	22	8	4439	0	4470
26821	4	16	5	4504	0	4529
26822	1	4467	3	116	0	4587
26823	4443	77	2	47	0	4569
26824	79	28	4449	21	0	4577
26825	4351	18	79	16	0	4464
26826	88	4450	24	19	0	4581
26827	25	80	18	4431	0	4554
26828	16	26	4450	85	0	4577
26829	11	18	81	4439	0	4549
26830	5	6	29	4476	0	4516
26831	7	7	19	4554	0	4587
26832	7	13	4456	118	0	4594
26833	3	4410	84	52	0	4549
26834	5	77	4467	30	0	4579
26835	4	4500	97	22	0	4623
26836	6	98	4572	16	0	4692
26837	4	32	95	4555	0	4686
26838	4444	17	35	100	0	4596
26839	84	4462	19	38	0	4603
26840	25	88	4487	30	0	4630
26841	15	4484	88	22	0	4609
26842	10	99	4512	18	0	4639
26843	4	34	101	4351	0	4490
26844	13	20	31	4357	0	4421
26845	6	4352	24	95	0	4477
26846	5	4533	17	37	0	4592
26847	4520	116	9	31	0	4676
26848	89	47	15	4549	0	4700
26849	33	29	4565	99	0	4726
26850	19	18	95	4533	0	4665
26851	12	14	4564	127	0	4717
26852	7	20	4568	54	0	4649
26853	11	10	122	4440	0	4583
26854	8	4463	46	103	0	4620
26855	4316	95	32	39	0	4482
26856	89	40	19	4265	0	4413
26857	35	26	18	4204	0	4283
26858	18	4231	22	118	0	4389
26859	4178	104	18	55	0	4355
26860	4239	41	12	41	0	4333
26861	117	30	18	4078	0	4243
26862	51	4044	18	111	0	4224
26863	19	4243	16	51	0	4329
26864	4135	120	16	41	0	4312
26865	98	56	4136	23	0	4313
26866	4033	29	100	26	0	4188
26867	4113	28	35	30	0	4206
26868	4095	18	22	29	0	4164
26869	132	4019	16	36	0	4203
26870	57	103	17	4049	0	4226
26871	4034	47	19	107	0	4207
26872	4090	31	20	45	0	4186
26873	114	4048	22	34	0	4218
26874	4093	89	10	42	0	4234
26875	98	39	21	4110	0	4268
26876	43	39	12	4126	0	4220
26877	33	4071	20	123	0	4247
26878	23	106	14	4163	0	4306
26879	21	42	18	4187	0	4268
26880	22	4142	12	138	0	4314
26881	23	93	14	3981	0	4111
26882	10	4083	11	120	0	4224
26883	4072	113	17	48	0	4250
26884	4024	46	15	36	0	4121
26885	108	4001	19	38	0	4166
26886	44	94	3940	24	0	4102
26887	34	59	84	3912	0	4089
26888	24	31	3889	98	0	4042
26889	23	3723	94	43	0	3883
26890	19	3825	32	41	0	3917
26891	3548	96	24	34	0	3702
26892	89	3624	14	21	0	3748
26893	35	91	18	3533	0	3677
26894	25	3528	14	80	0	3647
26895	23	3642	16	28	0	3709
26896	3572	98	14	23	0	3707
26897	83	38	14	3536	0	3671
26898	37	29	3505	85	0	3656
26899	21	30	3464	42	0	3557
26900	14	3533	82	39	0	3668
26901	3522	82	31	23	0	3658
26902	76	3547	21	21	0	3665
26903	33	93	19	3640	0	3785
26904	3634	39	9	89	0	3771
26905	88	35	14	3673	0	3810
26906	33	28	13	3728	0	3802
26907	29	3683	8	113	0	3833
26908	30	88	10	3728	0	3856
26909	20	39	3787	95	0	3941
26910	3806	32	81	40	0	3959
26911	88	3887	24	34	0	4033
26912	22	3933	19	19	0	3993
26913	3789	83	10	18	0	3900
26914	76	32	3813	12	0	3933
26915	3655	30	72	9	0	3766
26916	78	4057	16	12	0	4163
26917	20	4348	11	14	0	4393
26918	10	110	4424	9	0	4553
26919	9	4455	101	11	0	4576
26920	8	119	42	4114	0	4283
26921	9	46	15	4199	0	4269
26922	3	4211	6	115	0	4335
26923	2	93	3	4288	0	4386
26924	4257	46	4	103	0	4410
26925	88	23	4220	49	0	4380
26926	4226	15	88	25	0	4354
26927	4340	19	44	17	0	4420
26928	4328	18	22	12	0	4380
26929	142	22	4220	10	0	4394
26930	67	15	92	4256	0	4430
26931	31	14	4283	103	0	4431
26932	4157	17	110	52	0	4336
26933	4191	10	49	38	0	4288
26934	135	4181	28	20	0	4364
26935	72	95	18	4194	0	4379
26936	39	4299	14	88	0	4440
26937	34	106	4288	47	0	4475
26938	30	58	103	4342	0	4533
26939	4301	28	56	107	0	4492
26940	4373	12	24	59	0	4468
26941	150	11	18	4164	0	4343
26942	77	4171	17	100	0	4365
26943	35	99	4247	58	0	4439
26944	27	47	4334	29	0	4437
26945	4207	30	134	21	0	4392
26946	111	21	4325	18	0	4475
26947	55	4276	113	31	0	4475
26948	36	106	64	4225	0	4431
26949	26	62	4290	104	0	4482
26950	29	30	114	4246	0	4419
26951	24	14	4276	128	0	4442
26952	4100	16	115	68	0	4299
26953	111	16	72	4125	0	4324
26954	66	4079	39	106	0	4290
26955	30	4200	39	61	0	4330
26956	26	140	30	4145	0	4341
26957	24	70	32	4121	0	4247
26958	29	4133	20	158	0	4340
26959	26	113	4127	82	0	4348
26960	9	77	108	4163	0	4357
26961	14	34	4193	129	0	4370
26962	16	25	4133	73	0	4247
26963	3918	21	156	44	0	4139
26964	103	3991	84	38	0	4216
26965	4031	115	35	24	0	4205
26966	122	71	24	3903	0	4120
26967	64	4003	22	117	0	4206
26968	35	119	25	4037	0	4216
26969	25	65	32	4032	0	4154
26970	25	3962	28	164	0	4179
26971	26	115	3922	86	0	4149
26972	25	69	126	3940	0	4160
26973	3929	45	69	122	0	4165
26974	117	31	44	3914	0	4106
26975	69	33	37	3921	0	4060
26976	37	23	3792	175	0	4027
26977	28	3778	112	92	0	4010
26978	31	117	60	3788	0	3996
26979	20	63	3763	144	0	3990
26980	16	58	3744	96	0	3914
26981	3623	39	158	60	0	3880
26982	113	3676	88	56	0	3933
26983	3678	128	48	42	0	3896
26984	130	3664	40	49	0	3883
26985	78	3747	37	51	0	3913
26986	3670	166	25	43	0	3904
26987	114	82	48	3557	0	3801
26988	82	3624	33	122	0	3861
26989	51	113	48	3703	0	3915
26990	3684	77	37	124	0	3922
26991	139	44	3625	85	0	3893
26992	77	37	3639	54	0	3807
26993	3555	30	170	32	0	3787
26994	123	3568	80	45	0	3816
26995	85	128	3581	27	0	3821
26996	59	3605	111	42	0	3817
26997	41	143	71	3544	0	3799
26998	32	94	3578	132	0	3836
26999	35	47	115	3601	0	3798
27000	22	49	3559	144	0	3774
27001	3388	32	144	88	0	3652
27002	112	3468	84	59	0	3723
27003	3448	116	46	30	0	3640
27004	136	71	44	3329	0	3580
27005	65	3511	48	110	0	3734
27006	3493	128	38	70	0	3729
27007	3346	74	55	55	0	3530
27008	144	60	3463	36	0	3703
27009	88	39	3449	36	0	3612
27010	3067	30	176	35	0	3308
27011	120	3108	84	36	0	3348
27012	66	2990	55	34	0	3145
27013	82	183	51	2759	0	3075
27014	41	83	2750	108	0	2982
27015	31	2635	99	67	0	2832
27016	40	2325	45	34	0	2444
27017	84	63	37	1535	0	1719
27018	1555	16	7	35	0	1613
27019	1565	5	9	21	0	1600
27020	1588	6	10	3	0	1607
27021	45	8	1581	5	0	1639
27022	1585	5	31	7	0	1628
27023	1597	7	18	6	0	1628
27024	1649	4	5	7	0	1665
27025	47	12	6	1586	0	1651
27026	23	1592	5	25	0	1645
27027	1601	29	3	15	0	1648
27028	36	1610	6	7	0	1659
27029	18	28	4	1581	0	1631
27030	9	16	1640	34	0	1699
27031	11	16	28	1629	0	1684
27032	12	12	14	1657	0	1695
27033	6	8	1648	47	0	1709
27034	9	1611	33	20	0	1673
27035	9	29	14	1503	0	1555
27036	1458	11	3	40	0	1512
27037	28	1429	8	16	0	1481
27038	1404	29	4	7	0	1444
27039	30	17	3	1373	0	1423
27040	15	1422	5	28	0	1470
27041	1435	26	7	10	0	1478
27042	32	1444	3	6	0	1485
27043	19	23	1387	5	0	1434
27044	1369	18	22	7	0	1416
27045	1413	16	10	8	0	1447
27046	38	1409	2	6	0	1455
27047	12	27	1357	2	0	1398
27048	11	1401	24	2	0	1438
27049	18	36	11	1051	0	1116
27050	9	12	4	1409	0	1434
27051	6	6	3	1441	0	1456
27052	6	1420	1	32	0	1459
27053	3	27	3	1435	0	1468
27054	4	8	4	1448	0	1464
27055	1416	6	1	39	0	1462
27056	28	4	2	1415	0	1449
27057	9	6	3	1434	0	1452
27058	1407	5	0	44	0	1456
27059	30	1425	2	14	0	1471
27060	1458	28	0	10	0	1496
27061	1450	11	2	12	0	1475
27062	1469	7	2	8	0	1486
27063	41	7	2	1455	0	1505
27064	17	8	1	1497	0	1523
27065	14	4	1440	35	0	1493
27066	8	5	1427	14	0	1454
27067	13	2	1416	13	0	1444
27068	1364	6	33	9	0	1412
27069	31	8	1408	8	0	1455
27070	12	1424	36	6	0	1478
27071	8	27	16	1416	0	1467
27072	7	11	9	1439	0	1466
27073	10	1440	6	36	0	1492
27074	8	33	1471	15	0	1527
27075	4	1492	28	13	0	1537
27076	1492	32	10	13	0	1547
27077	37	13	1503	10	0	1563
27078	15	1489	37	6	0	1547
27079	8	34	1512	8	0	1562
27080	10	16	33	1500	0	1559
27081	13	8	1514	35	0	1570
27082	5	11	35	1491	0	1542
27083	1527	9	12	35	0	1583
27084	36	4	1517	17	0	1574
27085	12	1530	33	12	0	1587
27086	1528	32	12	13	0	1585
27087	38	10	1558	13	0	1619
27088	16	4	1590	8	0	1618
27089	10	6	44	1545	0	1605
27090	11	6	1567	34	0	1618
27091	1507	4	39	13	0	1563
27092	33	1538	16	11	0	1598
27093	17	31	11	1577	0	1636
27094	8	1653	7	37	0	1705
27095	1666	34	9	17	0	1726
27096	36	15	1657	13	0	1721
27097	15	11	1734	6	0	1766
27098	8	10	41	1716	0	1775
27099	10	7	17	1753	0	1787
27100	10	2	17	1783	0	1812
27101	9	10	12	1785	0	1816
27102	7	5	1793	50	0	1855
27103	6	1774	37	25	0	1842
27104	5	33	13	1723	0	1774
27105	4	12	1645	36	0	1697
27106	6	1615	28	17	0	1666
27107	1615	30	19	5	0	1669
27108	28	18	7	1598	0	1651
27109	1579	6	5	27	0	1617
27110	25	1564	6	9	0	1604
27111	1571	23	3	13	0	1610
27112	24	9	1612	9	0	1654
27113	12	13	24	1567	0	1616
27114	6	1610	10	21	0	1647
27115	5	23	1587	12	0	1627
27116	6	1588	22	8	0	1624
27117	7	37	10	1257	0	1311
27118	1531	7	4	20	0	1562
27119	20	1515	5	12	0	1552
27120	1529	20	5	6	0	1560
27121	23	8	1485	6	0	1522
27122	11	4	1476	7	0	1498
27123	1472	2	26	5	0	1505
27124	19	10	11	1473	0	1513
27125	12	3	10	1491	0	1516
27126	5	4	1526	25	0	1560
27127	2	5	1474	12	0	1493
27128	2	1530	26	5	0	1563
27129	1486	24	10	11	0	1531
27130	1451	7	4	4	0	1466
27131	22	1433	0	5	0	1460
27132	8	14	3	1474	0	1499
27133	1498	9	2	17	0	1526
27134	16	1	2	1497	0	1516
27135	1521	1	4	18	0	1544
27136	1532	3	1	7	0	1543
27137	1581	1	2	6	0	1590
27138	22	1	4	1530	0	1557
27139	7	4	2	1571	0	1584
27140	1520	1	1	22	0	1544
27141	1532	1	2	8	0	1543
27142	1520	3	2	3	0	1528
27143	24	1502	1	10	0	1537
27144	1465	10	2	1	0	1478
27145	12	1457	3	4	0	1476
27146	1432	12	2	4	0	1450
27147	14	4	1435	3	0	1456
27148	1336	3	14	2	0	1355
27149	7	1353	4	4	0	1368
27150	3	1355	2	2	0	1362
27151	1380	8	2	0	0	1390
27152	8	5	0	1388	0	1401
27153	5	1	0	1431	0	1437
27154	2	1455	0	9	0	1466
27155	0	1540	0	5	0	1545
27156	1594	10	0	2	0	1606
27157	10	3	1664	1	0	1678
27158	6	1	10	1760	0	1777
27159	1792	0	4	15	0	1811
27160	17	1	1822	5	0	1845
27161	5	1983	17	4	0	2009
27162	2125	25	4	2	0	2156
27163	38	5	2197	3	0	2243
27164	10	7	37	2329	0	2383
27165	5	0	2419	40	0	2464
27166	2343	1	43	11	0	2398
27167	42	2460	8	11	0	2521
27168	2493	44	9	5	0	2551
27169	2534	10	0	3	0	2547
27170	51	4	4	2488	0	2547
27171	2512	2	1	43	0	2558
27172	48	3	1	2508	0	2560
27173	12	2	4	2540	0	2558
27174	7	1	2461	53	0	2522
27175	2	2477	42	18	0	2539
27176	5	40	7	2514	0	2566
27177	5	8	5	2535	0	2553
27178	3	7	0	2552	0	2562
27179	7	1	2494	54	0	2556
27180	2	2478	42	17	0	2539
27181	3	38	10	2493	0	2544
27182	3	9	7	2530	0	2549
27183	0	8	2478	53	0	2539
27184	3	5	43	2433	0	2484
27185	2463	3	10	49	0	2525
27186	42	2483	6	14	0	2545
27187	2454	39	1	14	0	2508
27188	47	9	2453	3	0	2512
27189	9	6	43	2459	0	2517
27190	2489	2	9	45	0	2545
27191	2503	3	5	11	0	2522
27192	51	1	2506	9	0	2567
27193	17	3	43	2490	0	2553
27194	7	3	2473	46	0	2529
27195	2368	0	43	10	0	2421
27196	45	2463	10	6	0	2524
27197	2469	44	9	4	0	2526
27198	2487	8	2	5	0	2502
27199	48	2488	2	4	0	2542
27200	2521	41	3	3	0	2568
27201	47	6	2490	2	0	2545
27202	2479	6	41	0	0	2526
27203	48	0	7	2514	0	2569
27204	12	3	2547	40	0	2602
27205	12	2	40	2545	0	2599
27206	6	4	9	2517	0	2536
27207	8	4	4	2567	0	2583
27208	8	2545	1	49	0	2603
27209	2557	40	3	17	0	2617
27210	45	8	3	2565	0	2621
27211	11	2568	1	47	0	2627
27212	11	41	5	2508	0	2565
27213	6	2518	5	50	0	2579
27214	3	46	2533	11	0	2593
27215	5	8	40	2510	0	2563
27216	6	6	9	2580	0	2601
27217	5	7	2530	51	0	2593
27218	2382	7	41	13	0	2443
27219	43	2526	9	13	0	2591
27220	10	42	7	2548	0	2607
27221	7	8	5	2525	0	2545
27222	6	7	7	2536	0	2556
27223	6	2505	7	57	0	2575
27224	2514	45	5	17	0	2581
27225	45	10	2520	12	0	2587
27226	17	5	2457	10	0	2489
27227	8	5	52	2457	0	2522
27228	7	7	11	2501	0	2526
27229	2477	5	10	50	0	2542
27230	46	2442	6	25	0	2519
27231	10	44	8	2487	0	2549
27232	2462	8	7	50	0	2527
27233	48	7	5	2427	0	2487
27234	2435	4	3	50	0	2492
27235	52	9	2370	12	0	2443
27236	16	2416	45	11	0	2488
27237	2436	41	8	11	0	2496
27238	48	12	2452	11	0	2523
27239	2387	8	43	7	0	2445
27240	54	6	2412	8	0	2480
27241	2396	2	47	13	0	2458
27242	51	2	11	2424	0	2488
27243	2423	6	15	45	0	2489
27244	50	4	6	2421	0	2481
27245	15	5	6	2438	0	2464
27246	2400	10	2	55	0	2467
27247	51	2390	6	24	0	2471
27248	18	43	5	2436	0	2502
27249	2470	10	6	52	0	2538
27250	2535	10	2	17	0	2564
27251	55	4	8	2493	0	2560
27252	16	5	8	2539	0	2568
27253	2528	2	6	61	0	2597
27254	50	2	5	2552	0	2609
27255	16	5	2	2517	0	2540
27256	2442	5	8	53	0	2508
27257	49	7	3	2364	0	2423
27258	11	6	2220	46	0	2283
27259	2129	4	33	18	0	2184
27260	40	4	2167	15	0	2226
27261	10	7	1981	6	0	2004
27262	1821	16	42	4	0	1883
27263	17	1799	8	9	0	1833
27264	13	10	13	1676	0	1712
27265	2	2	3	1647	0	1654
27266	2	1	1	1754	0	1758
27267	1	1	0	1781	0	1783
27268	1777	2	2	13	0	1794
27269	1936	1	1	6	0	1944
27270	2033	1	1	4	0	2039
27271	24	0	2247	4	0	2275
27272	5	0	35	2380	0	2420
27273	7	2	9	2437	0	2455
27274	4	1	3	2385	0	2393
27275	3	2292	3	54	0	2352
27276	0	2375	4	28	0	2407
27277	2426	60	1	14	0	2501
27278	51	18	2	2446	0	2517
27279	16	13	1	2621	0	2651
27280	10	6	1	2692	0	2709
27281	12	7	2594	84	0	2697
27282	8	4	2580	36	0	2628
27283	2570	1	80	23	0	2674
27284	2678	2	25	20	0	2725
27285	81	2	15	2597	0	2695
27286	27	2608	12	70	0	2717
27287	17	62	6	2619	0	2704
27288	13	21	7	2633	0	2674
27289	11	8	2548	98	0	2665
27290	2534	9	62	39	0	2644
27291	67	3	18	2655	0	2743
27292	24	5	10	2632	0	2671
27293	2541	1	13	95	0	2650
27294	77	2623	7	47	0	2754
27295	2696	71	7	28	0	2802
27296	89	29	3	2661	0	2782
27297	33	2615	1	84	0	2733
27298	2652	85	2	33	0	2772
27299	91	31	5	2632	0	2759
27300	2612	16	2	92	0	2722
27301	2617	10	4	41	0	2672
27302	2628	6	3	30	0	2667
27303	106	2513	7	21	0	2647
27304	44	2534	9	15	0	2602
27305	30	89	5	2472	0	2596
27306	30	2513	6	73	0	2622
27307	2551	89	1	31	0	2672
27308	90	39	1	2553	0	2683
27309	2545	19	3	96	0	2663
27310	2612	20	4	40	0	2676
27311	109	9	8	2528	0	2654
27312	48	7	8	2641	0	2704
27313	2601	3	4	112	0	2720
27314	2667	8	4	46	0	2725
27315	2735	6	2	32	0	2775
27316	2749	18	0	28	0	2795
27317	2789	11	2	20	0	2822
27318	128	8	1	2700	0	2837
27319	58	11	1	2754	0	2824
27320	43	7	0	2777	0	2827
27321	2696	8	2	120	0	2826
27322	105	4	3	2684	0	2796
27323	54	2644	2	105	0	2805
27324	33	73	1	2719	0	2826
27325	2658	30	3	100	0	2791
27326	2722	19	1	46	0	2788
27327	119	18	2624	25	0	2786
27328	45	18	70	2594	0	2727
27329	40	2643	23	88	0	2794
27330	2690	76	11	45	0	2822
27331	99	2678	10	30	0	2817
27332	48	82	4	2740	0	2874
27333	2753	30	10	97	0	2890
27334	2825	18	3	44	0	2890
27335	122	2749	2	31	0	2904
27336	55	83	1	2745	0	2884
27337	44	37	2718	96	0	2895
27338	2688	16	76	42	0	2822
27339	116	12	2711	23	0	2862
27340	2756	8	86	35	0	2885
27341	2844	12	37	24	0	2917
27342	129	7	10	2775	0	2921
27343	2807	9	17	103	0	2936
27344	2885	10	6	52	0	2953
27345	2905	16	10	26	0	2957
27346	144	11	4	2795	0	2954
27347	2822	10	5	102	0	2939
27348	120	9	3	2795	0	2927
27349	64	6	12	2803	0	2885
27350	40	2721	8	122	0	2891
27351	37	84	10	2680	0	2811
27352	30	2688	8	109	0	2835
27353	2655	89	1	40	0	2785
27354	2657	41	5	36	0	2739
27355	117	16	1	2600	0	2734
27356	53	20	4	2655	0	2732
27357	2599	15	3	114	0	2731
27358	106	13	2544	47	0	2710
27359	2588	8	79	37	0	2712
27360	117	9	24	2547	0	2697
27361	52	5	2425	102	0	2584
27362	2444	8	76	48	0	2576
27363	2540	13	28	23	0	2604
27364	121	8	2461	32	0	2622
27365	2486	6	76	22	0	2590
27366	104	10	2377	22	0	2513
27367	65	2356	79	9	0	2509
27368	2343	69	56	28	0	2496
27369	2325	26	20	13	0	2384
27370	98	2175	18	17	0	2308
27371	48	1982	9	11	0	2050
27372	1838	43	19	7	0	1907
27373	1850	13	6	8	0	1877
27374	55	10	5	1860	0	1930
27375	24	4	1815	39	0	1882
27376	12	5	1786	16	0	1819
27377	1791	7	43	5	0	1846
27378	42	4	1818	6	0	1870
27379	1678	8	39	6	0	1731
27380	26	2	12	1654	0	1694
27381	20	0	4	1648	0	1672
27382	7	4	1671	29	0	1711
27383	1672	1	21	16	0	1710
27384	23	5	15	1701	0	1744
27385	17	3	5	1817	0	1842
27386	1805	1	9	32	0	1847
27387	1823	1	1	15	0	1840
27388	1817	1	7	9	0	1834
27389	30	1821	6	7	0	1864
27390	17	20	1775	5	0	1817
27391	1737	6	20	6	0	1769
27392	1776	0	10	4	0	1790
27393	30	1719	1	13	0	1763
27394	1637	10	11	4	0	1662
27395	15	9	4	1608	0	1636
27396	7	1	1673	13	0	1694
27397	1656	4	11	4	0	1675
27398	1698	1	5	5	0	1709
27399	1701	6	0	5	0	1712
27400	1718	1	1	3	0	1723
27401	20	1	2	1700	0	1723
27402	11	0	3	1710	0	1724
27403	1716	2	3	16	0	1737
27404	17	1	3	1703	0	1724
27405	16	0	2	1699	0	1717
27406	12	1675	1	17	0	1705
27407	3	10	1	1700	0	1714
27408	4	6	3	1707	0	1720
27409	9	0	2	1710	0	1721
27410	5	1	4	1725	0	1735
27411	7	1697	3	16	0	1723
27412	5	11	1	1671	0	1688
27413	3	3	3	1640	0	1649
27414	6	3	1622	18	0	1649
27415	4	0	1533	10	0	1547
27416	5	1564	9	7	0	1585
27417	1829	12	3	4	0	1848
27418	15	1875	1	6	0	1897
27419	9	17	0	2014	0	2040
27420	7	4	2155	21	0	2187
27421	2298	2	25	11	0	2336
27422	30	5	8	2391	0	2434
27423	2375	1	6	32	0	2414
27424	2435	2	2	7	0	2446
27425	31	2412	2	10	0	2455
27426	2423	25	2	7	0	2457
27427	35	2492	2	5	0	2534
27428	9	33	5	2574	0	2621
27429	10	2563	5	31	0	2609
27430	8	29	2571	8	0	2616
27431	10	2592	26	11	0	2639
27432	10	36	6	2545	0	2597
27433	2542	4	7	30	0	2583
27434	23	2580	4	7	0	2614
27435	11	26	0	2576	0	2613
27436	12	4	0	2645	0	2661
27437	8	12	2636	38	0	2694
27438	7	2	33	2614	0	2656
27439	0	10	2640	44	0	2694
27440	2574	0	39	11	0	2624
27441	40	8	2685	11	0	2744
27442	11	2711	46	10	0	2778
27443	12	45	9	2700	0	2766
27444	3	16	8	2718	0	2745
27445	6	11	4	2729	0	2750
27446	2728	7	1	57	0	2793
27447	46	4	3	2728	0	2781
27448	14	2721	5	48	0	2788
27449	2678	42	7	13	0	2740
27450	41	2663	2	19	0	2725
27451	13	47	9	2673	0	2742
27452	2679	11	2	52	0	2744
27453	48	2632	7	16	0	2703
27454	18	2717	1	14	0	2750
27455	2709	51	5	11	0	2776
27456	2738	19	3	7	0	2767
27457	52	12	2703	17	0	2784
27458	2714	4	42	11	0	2771
27459	58	5	2798	9	0	2870
27460	18	6	50	2826	0	2900
27461	15	11	2813	57	0	2896
27462	10	11	48	2831	0	2900
27463	14	5	2845	59	0	2923
27464	4	10	53	2806	0	2873
27465	14	6	15	2841	0	2876
27466	2795	6	8	65	0	2874
27467	46	14	2750	24	0	2834
27468	2657	6	49	19	0	2731
27469	56	4	2731	7	0	2798
27470	23	6	2721	10	0	2760
27471	17	10	59	2672	0	2758
27472	2697	4	23	53	0	2777
27473	47	2701	14	19	0	2781
27474	2669	43	7	20	0	2739
27475	2694	14	6	10	0	2724
27476	62	2644	8	9	0	2723
27477	2648	45	9	9	0	2711
27478	58	16	2674	8	0	2756
27479	21	10	50	2674	0	2755
27480	2691	8	18	51	0	2768
27481	49	2674	11	21	0	2755
27482	22	47	10	2641	0	2720
27483	10	21	9	2653	0	2693
27484	13	10	4	2700	0	2727
27485	11	6	7	2705	0	2729
27486	2642	3	6	77	0	2728
27487	2693	5	9	28	0	2735
27488	2691	8	7	13	0	2719
27489	2628	1	11	16	0	2656
27490	68	10	2595	17	0	2690
27491	2591	3	48	10	0	2652
27492	2674	9	17	6	0	2706
27493	67	2605	12	12	0	2696
27494	36	2650	6	12	0	2704
27495	14	63	7	2615	0	2699
27496	18	21	4	2622	0	2665
27497	12	12	2541	64	0	2629
27498	16	2562	51	24	0	2653
27499	14	46	19	2536	0	2615
27500	13	2577	14	44	0	2648
27501	14	55	6	2624	0	2699
27502	13	20	7	2641	0	2681
27503	11	2666	5	71	0	2753
27504	10	48	10	2713	0	2781
27505	12	22	2748	59	0	2841
27506	11	18	2748	28	0	2805
27507	2707	5	62	22	0	2796
27508	2810	4	25	18	0	2857
27509	69	2755	21	21	0	2866
27510	2790	59	4	10	0	2863
27511	69	17	7	2779	0	2872
27512	2779	16	14	60	0	2869
27513	68	2772	4	32	0	2876
27514	44	47	2748	19	0	2858
27515	2707	21	62	16	0	2806
27516	66	14	2802	11	0	2893
27517	35	7	2531	6	0	2579
27518	16	13	2487	10	0	2526
27519	15	2381	54	8	0	2458
27520	2195	54	71	10	0	2330
27521	2108	20	13	9	0	2150
27522	49	9	5	2045	0	2108
27523	20	7	6	2032	0	2065
27524	11	2095	2	48	0	2156
27525	2103	29	5	24	0	2161
27526	35	2104	3	13	0	2155
27527	17	2057	7	5	0	2086
27528	1986	45	8	6	0	2045
27529	41	14	9	1960	0	2024
27530	17	4	8	1961	0	1990
27531	5	8	6	1986	0	2005
27532	10	1941	5	46	0	2002
27533	1919	27	3	17	0	1966
27534	33	18	3	1901	0	1955
27535	18	1831	2	30	0	1881
27536	4	1803	3	17	0	1827
27537	6	38	5	1731	0	1780
27538	5	1761	4	23	0	1793
27539	4	24	4	1759	0	1791
27540	1723	11	4	18	0	1756
27541	19	7	1662	8	0	1696
27542	12	1675	15	6	0	1708
27543	9	17	8	1702	0	1736
27544	3	10	1778	15	0	1806
27545	1735	4	17	9	0	1765
27546	18	14	8	1756	0	1796
27547	1742	2	5	16	0	1765
27548	1732	2	3	12	0	1749
27549	21	1807	2	5	0	1835
27550	1834	17	3	3	0	1857
27551	1831	7	0	7	0	1845
27552	1832	6	0	6	0	1844
27553	25	3	1	1807	0	1836
27554	13	4	3	1803	0	1823
27555	10	3	2	1818	0	1833
27556	6	4	1780	26	0	1816
27557	4	1777	16	14	0	1811
27558	1735	16	8	7	0	1766
27559	16	1714	4	5	0	1739
27560	6	17	0	1676	0	1699
27561	7	4	1658	12	0	1681
27562	1580	5	11	7	0	1603
27563	13	1662	7	6	0	1688
27564	7	12	3	1656	0	1678
27565	5	3	2	1656	0	1666
27566	2	6	1632	14	0	1654
27567	1	1632	12	8	0	1653
27568	2	15	3	1631	0	1651
27569	1	4	3	1645	0	1653
27570	1	5	2	1589	0	1597
27571	1562	1	0	16	0	1579
27572	12	4	1550	8	0	1574
27573	5	1541	9	6	0	1561
27574	1529	9	5	6	0	1549
27575	8	1537	7	2	0	1554
27576	10	14	0	1522	0	1546
27577	5	1549	2	14	0	1570
27578	1496	13	1	8	0	1518
27579	1532	4	2	5	0	1543
27580	12	7	1	1568	0	1588
27581	10	4	1	1575	0	1590
27582	6	3	0	1627	0	1636
27583	4	1	1657	21	0	1683
27584	4	1707	15	9	0	1735
27585	2	23	6	1989	0	2020
27586	2	6	4	2084	0	2096
27587	2	6	2	2128	0	2138
27588	6	4	1	2135	0	2146
27589	3	4	2104	50	0	2161
27590	1	2279	31	23	0	2334
27591	2	38	7	2428	0	2475
27592	3	10	8	2640	0	2661
27593	4	11	2579	54	0	2648
27594	2	3	38	2522	0	2565
27595	2	2497	12	56	0	2567
27596	5	2595	10	27	0	2637
27597	3	52	5	2591	0	2651
27598	3	20	2506	50	0	2579
27599	2385	11	40	25	0	2461
27600	36	2501	12	22	0	2571
27601	13	42	2462	15	0	2532
27602	10	16	2472	12	0	2510
27603	5	2450	57	9	0	2521
27604	4	46	2452	9	0	2511
27605	13	37	51	2378	0	2479
27606	2347	11	17	50	0	2425
27607	2368	9	20	16	0	2413
27608	2399	8	9	15	0	2431
27609	2456	12	7	5	0	2480
27610	56	2460	5	19	0	2540
27611	2504	34	6	11	0	2555
27612	50	2553	9	5	0	2617
27613	25	43	2506	7	0	2581
27614	13	23	44	2417	0	2497
27615	9	2538	18	34	0	2599
27616	8	44	16	2461	0	2529
27617	2425	23	10	45	0	2503
27618	47	10	11	2376	0	2444
27619	20	2458	3	53	0	2534
27620	2473	43	6	20	0	2542
27621	51	18	2446	14	0	2529
27622	23	15	38	2462	0	2538
27623	19	11	18	2493	0	2541
27624	2379	18	9	57	0	2463
27625	48	2364	9	35	0	2456
27626	20	45	2353	22	0	2440
27627	13	17	44	2376	0	2450
27628	10	15	2391	54	0	2470
27629	11	2335	45	21	0	2412
27630	6	2407	20	31	0	2464
27631	2370	53	13	18	0	2454
27632	42	21	2365	24	0	2452
27633	2374	22	45	13	0	2454
27634	52	15	17	2330	0	2414
27635	18	2389	19	49	0	2475
27636	2382	40	13	28	0	2463
27637	43	21	2409	22	0	2495
27638	25	15	47	2393	0	2480
27639	13	23	17	2418	0	2471
27640	14	16	19	2390	0	2439
27641	9	2366	13	72	0	2460
27642	2341	43	17	29	0	2430
27643	46	2293	8	28	0	2375
27644	20	2343	7	19	0	2389
27645	25	59	7	2318	0	2409
27646	2352	24	18	44	0	2438
27647	2329	15	7	26	0	2377
27648	2330	15	10	23	0	2378
27649	57	2234	9	17	0	2317
27650	32	49	4	2241	0	2326
27651	23	23	2232	38	0	2316
27652	22	16	39	2224	0	2301
27653	12	22	15	2213	0	2262
27654	13	2222	10	68	0	2313
27655	2249	51	9	28	0	2337
27656	57	20	7	2213	0	2297
27657	23	2250	8	48	0	2329
27658	2264	52	4	23	0	2343
27659	50	21	2239	30	0	2340
27660	2242	17	42	14	0	2315
27661	54	2280	18	21	0	2373
27662	2323	44	13	18	0	2398
27663	2320	28	15	13	0	2376
27664	56	20	2305	18	0	2399
27665	2312	17	41	19	0	2389
27666	50	16	2387	20	0	2473
27667	39	10	2403	14	0	2466
27668	2382	21	49	16	0	2468
27669	2420	15	25	7	0	2467
27670	60	13	2416	14	0	2503
27671	33	13	52	2405	0	2503
27672	32	2	20	2410	0	2464
27673	21	2438	21	100	0	2580
27674	2400	44	11	22	0	2477
27675	2517	26	15	18	0	2576
27676	59	11	2492	14	0	2576
27677	2507	11	41	18	0	2577
27678	2586	12	23	9	0	2630
27679	62	2525	16	17	0	2620
27680	29	48	17	2508	0	2602
27681	28	18	10	2476	0	2532
27682	29	16	12	2500	0	2557
27683	2416	14	5	54	0	2489
27684	40	2329	11	27	0	2407
27685	17	42	8	2014	0	2081
27686	16	1992	5	27	0	2040
27687	16	90	6	1816	0	1928
27688	11	1897	3	16	0	1927
27689	10	1906	7	16	0	1939
27690	1648	25	19	23	0	1715
27691	1619	11	18	18	0	1666
27692	12	7	1	1495	0	1515
27693	8	4	2	1518	0	1532
27694	5	2	0	1537	0	1544
27695	3	4	1	1536	0	1544
27696	3	3	0	1515	0	1521
27697	1	1490	2	18	0	1511
27698	6	9	1	1517	0	1533
27699	4	7	2	1520	0	1533
27700	1512	2	1	15	0	1530
27701	10	5	2	1503	0	1520
27702	10	1	1	1490	0	1502
27703	6	1	1526	17	0	1550
27704	6	2	9	1517	0	1534
27705	4	3	7	1565	0	1579
27706	3	1	1573	21	0	1598
27707	3	1605	13	11	0	1632
27708	3	10	1640	8	0	1661
27709	5	7	1590	5	0	1607
27710	0	1599	17	2	0	1618
27711	1617	12	10	4	0	1643
27712	1597	5	1	0	0	1603
27713	18	1	2	1576	0	1597
27714	1614	1	1	14	0	1630
27715	12	0	1653	6	0	1671
27716	7	1	11	1691	0	1710
27717	4	0	1842	14	0	1860
27718	3	0	13	1865	0	1881
27719	0	1	10	1864	0	1875
27720	1	1	1	1873	0	1876
27721	1866	0	3	21	0	1890
27722	11	3	0	1894	0	1908
27723	1892	0	2	14	0	1908
27724	1886	0	0	13	0	1899
27725	18	1891	1	3	0	1913
27726	1917	11	0	4	0	1932
27727	15	1944	1	3	0	1963
27728	10	12	0	1933	0	1955
27729	4	9	2	1950	0	1965
27730	2	3	1	1982	0	1988
27731	1	2	1941	25	0	1969
27732	4	1934	9	14	0	1961
27733	4	13	8	1918	0	1943
27734	0	10	3	1895	0	1908
27735	2	1940	1	18	0	1961
27736	1944	10	7	12	0	1973
27737	13	1914	2	7	0	1936
27738	1917	15	0	5	0	1937
27739	16	1948	1	5	0	1970
27740	13	14	0	1920	0	1947
27741	5	1985	1	21	0	2012
27742	2034	15	1	11	0	2061
27743	2056	14	2	3	0	2075
27744	2052	5	1	7	0	2065
27745	2024	3	3	10	0	2040
27746	26	2	2012	7	0	2047
27747	2026	4	11	8	0	2049
27748	2094	1	8	11	0	2114
27749	2101	3	4	6	0	2114
27750	25	4	2079	9	0	2117
27751	2067	2	13	8	0	2090
27752	14	2136	7	5	0	2162
27753	2167	18	2	6	0	2193
27754	18	11	2275	6	0	2310
27755	2256	5	13	7	0	2281
27756	2308	5	10	6	0	2329
27757	29	2	0	2289	0	2320
27758	13	2	2260	15	0	2290
27759	2250	3	13	15	0	2281
27760	22	3	11	2292	0	2328
27761	13	3	6	2333	0	2355
27762	9	3	2353	25	0	2390
27763	2209	3	15	17	0	2244
27764	2355	2	10	7	0	2374
27765	26	2347	3	6	0	2382
27766	11	17	2	2324	0	2354
27767	13	9	2	2322	0	2346
27768	6	6	4	2303	0	2319
27769	10	2326	1	26	0	2363
27770	2334	12	5	13	0	2364
27771	16	14	2	2325	0	2357
27772	16	4	3	2330	0	2353
27773	2279	4	4	26	0	2313
27774	2282	4	3	17	0	2306
27775	26	3	3	2314	0	2346
27776	23	1	1	2302	0	2327
27777	7	4	2222	24	0	2257
27778	2109	3	13	12	0	2137
27779	18	2254	12	3	0	2287
27780	15	16	1	2372	0	2404
27781	11	9	2	2421	0	2443
27782	4	2516	4	26	0	2550
27783	5	20	4	2584	0	2613
27784	2810	10	3	30	0	2853
27785	38	8	1	3192	0	3239
27786	18	3	3	3325	0	3349
27787	13	0	4	3389	0	3406
27788	12	5	3318	101	0	3436
27789	5	2	56	3363	0	3426
27790	8	3	3376	81	0	3468
27791	7	3296	70	33	0	3406
27792	12	59	29	3290	0	3390
27793	8	27	18	3342	0	3395
27794	4	17	8	3390	0	3419
27795	3	6	3	3452	0	3464
27796	2	6	3	3476	0	3487
27797	3355	4	2	108	0	3469
27798	60	0	3389	53	0	3502
27799	27	3322	52	37	0	3438
27800	21	3511	22	26	0	3580
27801	9	76	22	3569	0	3676
27802	6	37	5	3658	0	3706
27803	9	18	9	3622	0	3658
27804	3	3552	7	104	0	3666
27805	3	54	6	3593	0	3656
27806	5	29	3530	82	0	3646
27807	3	3503	51	42	0	3599
27808	2	62	23	3524	0	3611
27809	3478	23	23	74	0	3598
27810	55	20	4	3458	0	3537
27811	24	7	5	3466	0	3502
27812	20	3353	3	78	0	3454
27813	5	3526	5	45	0	3581
27814	5	69	5	3523	0	3602
27815	7	36	4	3504	0	3551
27816	1	24	3431	88	0	3544
27817	5	11	50	3331	0	3397
27818	6	5	20	3380	0	3411
27819	4	6	19	3375	0	3404
27820	3	10	6	3398	0	3417
27821	3324	5	7	107	0	3443
27822	3380	7	6	53	0	3446
27823	67	3	5	3411	0	3486
27824	40	3	6	3532	0	3581
27825	3472	6	5	100	0	3583
27826	62	9	7	3595	0	3673
27827	26	7	3612	103	0	3748
27828	23	3631	63	50	0	3767
27829	11	61	24	3690	0	3786
27830	9	22	17	3758	0	3806
27831	3696	20	11	109	0	3836
27832	63	8	12	3749	0	3832
27833	23	8	6	3839	0	3876
27834	3828	10	7	107	0	3952
27835	75	8	3	3860	0	3946
27836	27	3880	10	115	0	4032
27837	28	67	5	4036	0	4136
27838	16	33	4	4225	0	4278
27839	11	22	5	4203	0	4241
27840	11	14	7	4248	0	4280
27841	13	13	4058	136	0	4220
27842	9	15	4027	68	0	4119
27843	5	16	89	4080	0	4190
27844	7	18	36	4057	0	4118
27845	4	4025	23	123	0	4175
27846	11	72	12	3989	0	4084
27847	10	3987	15	114	0	4126
27848	3979	96	10	56	0	4141
27849	70	4089	6	59	0	4224
27850	26	92	10	4180	0	4308
27851	26	39	5	4242	0	4312
27852	12	26	4101	128	0	4267
27853	3969	10	65	82	0	4126
27854	3989	8	31	62	0	4090
27855	92	3970	24	43	0	4129
27856	45	72	12	3935	0	4064
27857	25	39	4054	84	0	4202
27858	15	4111	71	57	0	4254
27859	4064	73	24	61	0	4222
27860	4093	32	22	39	0	4186
27861	97	29	3937	44	0	4107
27862	3982	18	68	33	0	4101
27863	104	11	26	3978	0	4119
27864	35	3966	19	102	0	4122
27865	3976	72	11	58	0	4117
27866	92	32	5	3992	0	4121
27867	4003	21	13	101	0	4138
27868	4160	15	7	61	0	4243
27869	113	14	4	4094	0	4225
27870	48	22	4104	109	0	4283
27871	4163	11	72	60	0	4306
27872	4258	10	32	42	0	4342
27873	4279	13	23	44	0	4359
27874	117	4299	11	41	0	4468
27875	67	74	7	4318	0	4466
27876	33	29	14	4508	0	4584
27877	16	28	4408	142	0	4594
27878	25	11	89	4386	0	4511
27879	17	4338	33	131	0	4519
27880	4231	89	26	57	0	4403
27881	84	4209	5	61	0	4359
27882	47	92	4112	27	0	4278
27883	31	4140	81	34	0	4286
27884	14	4117	32	31	0	4194
27885	58	66	46	3532	0	3702
27886	3529	21	10	49	0	3609
27887	3553	9	4	22	0	3588
27888	3509	7	2	11	0	3529
27889	58	3539	3	8	0	3608
27890	23	42	3498	7	0	3570
27891	3508	17	40	6	0	3571
27892	3570	7	18	13	0	3608
27893	62	3506	8	7	0	3583
27894	3583	44	3	5	0	3635
27895	54	18	2	3573	0	3647
27896	19	15	3675	43	0	3752
27897	3623	4	45	25	0	3697
27898	3680	7	17	16	0	3720
27899	3770	7	8	9	0	3794
27900	64	7	5	3655	0	3731
27901	36	3	3	3768	0	3810
27902	18	3	2	3973	0	3996
27903	11	3928	7	69	0	4015
27904	9	54	3	4074	0	4140
27905	7	27	4	4508	0	4546
27906	16	11	4498	92	0	4617
27907	8	10	63	4508	0	4589
27908	9	7	28	4635	0	4679
27909	11	7	10	4639	0	4667
27910	5	9	10	4579	0	4603
27911	11	4525	9	115	0	4660
27912	10	72	7	4572	0	4661
27913	11	29	7	4589	0	4636
27914	4493	14	2	121	0	4630
27915	73	15	4466	60	0	4614
27916	35	10	4400	45	0	4490
27917	4314	7	95	41	0	4457
27918	4501	13	41	20	0	4575
27919	109	7	22	4212	0	4350
27920	48	4444	10	81	0	4583
27921	4485	72	13	37	0	4607
27922	90	37	8	4416	0	4551
27923	45	4456	11	91	0	4603
27924	4405	73	9	38	0	4525
27925	85	4427	8	27	0	4547
27926	4362	74	4	29	0	4469
27927	4245	40	7	18	0	4310
27928	105	4129	9	18	0	4261
27929	47	76	10	4129	0	4262
27930	36	32	4132	73	0	4273
27931	28	28	63	4082	0	4201
27932	4086	19	26	82	0	4213
27933	80	13	4021	47	0	4161
27934	39	3962	62	19	0	4082
27935	19	73	28	3928	0	4048
27936	22	34	3843	66	0	3965
27937	16	3773	67	41	0	3897
27938	3685	74	30	27	0	3816
27939	68	31	22	3684	0	3805
27940	33	17	14	3698	0	3762
27941	21	22	11	3682	0	3736
27942	15	3632	10	109	0	3766
27943	3628	65	10	58	0	3761
27944	63	3575	13	41	0	3692
27945	33	3645	7	34	0	3719
27946	3618	85	6	27	0	3736
27947	3653	38	8	26	0	3725
27948	86	26	3547	24	0	3683
27949	3463	19	58	18	0	3558
27950	3446	12	32	13	0	3503
27951	101	18	16	3372	0	3507
27952	53	12	3342	71	0	3478
27953	32	12	59	3373	0	3476
27954	3402	8	33	82	0	3525
27955	76	12	3438	45	0	3571
27956	47	13	67	3668	0	3795
27957	28	11	25	4060	0	4124
27958	26	15	14	4520	0	4575
27959	4528	13	12	163	0	4716
27960	138	4631	8	60	0	4837
27961	4679	138	13	30	0	4860
27962	157	37	4679	33	0	4906
27963	59	18	138	4577	0	4792
27964	21	4725	38	154	0	4938
27965	4761	139	18	58	0	4976
27966	152	43	22	4756	0	4973
27967	54	24	4661	162	0	4901
27968	30	21	140	4633	0	4824
27969	4497	14	47	169	0	4727
27970	133	4486	17	80	0	4716
27971	51	143	17	4179	0	4390
27972	36	4448	13	138	0	4635
27973	4413	147	18	52	0	4630
27974	4402	47	17	35	0	4501
27975	164	4279	10	40	0	4493
27976	4235	132	12	27	0	4406
27977	148	54	4	4054	0	4260
27978	55	4166	10	127	0	4358
27979	4146	136	12	50	0	4344
27980	4275	37	7	29	0	4348
27981	164	4010	12	28	0	4214
27982	58	4151	6	17	0	4232
27983	4068	138	8	14	0	4228
27984	145	53	9	4034	0	4241
27985	4082	30	6	117	0	4235
27986	145	24	7	4048	0	4224
27987	63	22	3966	127	0	4178
27988	35	25	107	4073	0	4240
27989	4011	19	24	137	0	4191
27990	138	19	4008	50	0	4215
27991	51	14	117	4038	0	4220
27992	39	12	28	4194	0	4273
27993	27	20	4044	157	0	4248
27994	4017	15	115	48	0	4195
27995	137	17	30	4050	0	4234
27996	44	15	3877	141	0	4077
27997	3764	10	125	55	0	3954
27998	120	3852	37	38	0	4047
27999	43	3863	23	45	0	3974
28000	29	3960	18	30	0	4037
28001	25	125	3751	31	0	3932
28002	17	51	126	3587	0	3781
28003	21	15	3598	122	0	3756
28004	11	114	115	3117	0	3357
28005	11	3050	28	103	0	3192
28006	7	3036	9	41	0	3093
28007	17	103	19	2948	0	3087
28008	2953	20	13	100	0	3086
28009	97	9	3	3019	0	3128
28010	18	16	12	3034	0	3080
28011	11	2984	5	108	0	3108
28012	2964	94	6	27	0	3091
28013	98	2987	7	22	0	3114
28014	25	98	4	3023	0	3150
28015	15	28	8	3046	0	3097
28016	16	2967	5	115	0	3103
28017	18	98	9	3028	0	3153
28018	3002	28	9	124	0	3163
28019	108	26	6	3013	0	3153
28020	43	25	8	3038	0	3114
28021	24	2973	12	126	0	3135
28022	35	105	16	3011	0	3167
28023	2920	33	15	119	0	3087
28024	2994	23	11	49	0	3077
28025	3005	27	11	38	0	3081
28026	122	20	14	2944	0	3100
28027	43	23	2866	138	0	3070
28028	32	20	2923	49	0	3024
28029	33	20	99	2919	0	3071
28030	2933	29	22	119	0	3103
28031	118	32	13	2951	0	3114
28032	2987	28	7	122	0	3144
28033	128	34	7	2995	0	3164
28034	61	23	12	3072	0	3168
28035	3011	23	8	127	0	3169
28036	130	30	2914	41	0	3115
28037	2962	22	91	30	0	3105
28038	127	26	2934	34	0	3121
28039	51	33	94	2928	0	3106
28040	2972	21	18	110	0	3121
28041	122	26	2955	34	0	3137
28042	50	24	2980	25	0	3079
28043	2932	20	104	37	0	3093
28044	127	17	2951	33	0	3128
28045	44	2943	100	44	0	3131
28046	42	90	27	3089	0	3248
28047	3187	20	29	132	0	3368
28048	113	8	3196	47	0	3364
28049	3227	10	107	37	0	3381
28050	3351	10	37	47	0	3445
28051	3354	10	39	35	0	3438
28052	3352	7	28	43	0	3430
28053	117	28	27	3201	0	3373
28054	46	3224	33	99	0	3402
28055	3150	90	30	44	0	3314
28056	107	24	2931	32	0	3094
28057	27	2408	51	21	0	2507
28058	2039	29	25	7	0	2100
28059	25	1839	5	7	0	1876
28060	7	1886	3	7	0	1903
28061	62	21	36	1827	0	1946
28062	6	4	15	1863	0	1888
28063	6	1	1	1853	0	1861
28064	1900	1	2	14	0	1917
28065	1965	2	1	4	0	1972
28066	16	0	2	2035	0	2053
28067	5	1	2	2212	0	2220
28068	7	3	2352	22	0	2384
28069	2363	1	20	8	0	2392
28070	2447	2	8	6	0	2463
28071	27	2	5	2449	0	2483
28072	11	0	3	2484	0	2498
28073	8	3	2455	28	0	2494
28074	4	1	21	2462	0	2488
28075	6	0	2539	29	0	2574
28076	3	2517	28	9	0	2557
28077	5	20	2550	9	0	2584
28078	6	8	29	2497	0	2540
28079	3	6	2596	26	0	2631
28080	2	1	2506	12	0	2521
28081	2568	4	30	6	0	2608
28082	26	0	12	2711	0	2749
28083	8	2	2719	29	0	2758
28084	2603	1	28	10	0	2642
28085	28	0	2722	8	0	2758
28086	8	2	2921	2	0	2933
28087	6	2984	32	8	0	3030
28088	7	25	11	2973	0	3016
28089	1	6	2964	28	0	2999
28090	4	4	2891	6	0	2905
28091	3	7	31	2929	0	2970
28092	4	0	13	2923	0	2940
28093	2	2953	6	38	0	2999
28094	2	24	3	2990	0	3019
28095	3036	4	1	35	0	3076
28096	3043	2	5	9	0	3059
28097	3106	1	3	8	0	3118
28098	39	2	1	3029	0	3071
28099	8	3049	5	27	0	3089
28100	3094	26	5	11	0	3136
28101	29	3077	5	6	0	3117
28102	8	3045	2	5	0	3060
28103	6	3034	5	4	0	3049
28104	3073	32	5	6	0	3116
28105	26	9	4	3075	0	3114
28106	7	4	5	3064	0	3080
28107	5	3075	8	27	0	3115
28108	3020	27	2	15	0	3064
28109	27	6	3000	6	0	3039
28110	7	7	27	3029	0	3070
28111	3023	1	12	28	0	3064
28112	27	3144	9	10	0	3190
28113	3267	27	6	10	0	3310
28114	30	6	7	3333	0	3376
28115	8	3374	4	28	0	3414
28116	9	22	3319	9	0	3359
28117	3320	6	28	6	0	3360
28118	28	8	10	3414	0	3460
28119	3434	5	5	30	0	3474
28120	27	2	4	3435	0	3468
28121	11	3388	4	31	0	3434
28122	7	21	3454	10	0	3492
28123	6	8	3437	11	0	3462
28124	5	16	27	3510	0	3558
28125	3565	2	9	33	0	3609
28126	3544	2	9	14	0	3569
28127	34	4	2	3519	0	3559
28128	15	1	3	3533	0	3552
28129	3598	4	3	29	0	3634
28130	26	5	3	3614	0	3648
28131	3633	3	5	33	0	3674
28132	30	3623	3	16	0	3672
28133	3616	24	6	12	0	3658
28134	33	8	3672	5	0	3718
28135	14	11	22	3690	0	3737
28136	13	4	8	3771	0	3796
28137	7	2	11	3773	0	3793
28138	7	3702	4	44	0	3757
28139	11	3339	10	18	0	3378
28140	5	29	7	3746	0	3787
28141	3	11	3742	31	0	3787
28142	8	9	27	3714	0	3758
28143	6	3	17	3796	0	3822
28144	2	7	10	3821	0	3840
28145	3731	5	7	37	0	3780
28146	24	3574	7	24	0	3629
28147	15	3630	8	12	0	3665
28148	7	29	9	3587	0	3632
28149	7	14	7	3649	0	3677
28150	12	6	6	3619	0	3643
28151	7	3	7	3669	0	3686
28152	3628	5	7	38	0	3678
28153	26	3628	9	26	0	3689
28154	3664	25	8	15	0	3712
28155	3744	11	8	8	0	3771
28156	30	7	9	3707	0	3753
28157	15	4	4	3746	0	3769
28158	3728	3	3	40	0	3774
28159	3753	8	1	22	0	3784
28160	36	4	0	3663	0	3703
28161	19	8	0	3664	0	3691
28162	17	1	3656	35	0	3709
28163	12	3552	22	21	0	3607
28164	5	3678	6	20	0	3709
28165	3578	28	2	9	0	3617
28166	26	10	3641	7	0	3684
28167	13	5	3326	9	0	3353
28168	3106	8	45	3	0	3162
28169	3224	1	15	2	0	3242
28170	17	3407	2	6	0	3432
28171	6	3513	1	7	0	3527
28172	7	15	4	3579	0	3605
28173	3714	5	1	18	0	3738
28174	3749	1	0	8	0	3758
28175	3754	3	1	2	0	3760
28176	16	2	2	3711	0	3731
28177	3	3	3	3733	0	3742
28178	1	2	3704	23	0	3730
28179	5	1	3452	9	0	3467
28180	2	4	3658	2	0	3666
28181	3	44	11	3581	0	3639
28182	3581	2	6	12	0	3601
28183	10	3	3691	5	0	3709
28184	6	1	8	3673	0	3688
28185	1	3705	3	12	0	3721
28186	3	7	0	3620	0	3630
28187	3	5	1	3579	0	3588
28188	6	2	3765	14	0	3787
28189	3	4	15	3738	0	3760
28190	4014	0	4	21	0	4039
28191	33	1	4154	8	0	4196
28192	8	1	34	4163	0	4206
28193	4	1	4318	38	0	4361
28194	9	4302	44	11	0	4366
28195	4	35	4372	7	0	4418
28196	7	13	44	4097	0	4161
28197	5	5	21	4375	0	4406
28198	3	8	4469	59	0	4539
28199	3	6	42	4351	0	4402
28200	4	5	17	4328	0	4354
28201	3	4331	8	61	0	4403
28202	6	42	4388	21	0	4457
28203	5	10	49	4402	0	4466
28204	5	4	16	4483	0	4508
28205	4	4481	7	66	0	4558
28206	1	49	12	4565	0	4627
28207	4552	18	8	62	0	4640
28208	50	7	7	4586	0	4650
28209	18	13	4612	59	0	4702
28210	4526	6	50	33	0	4615
28211	4934	2	16	23	0	4975
28212	76	2	4903	19	0	5000
28213	4707	4	62	15	0	4788
28214	67	4870	27	14	0	4978
28215	36	60	10	4979	0	5085
28216	11	28	15	5471	0	5525
28217	12	10	14	5473	0	5509
28218	11	9	5	5606	0	5631
28219	8	7	4	5625	0	5644
28220	5513	5	8	141	0	5667
28221	89	6	5455	64	0	5614
28222	5301	3	84	42	0	5430
28223	99	6	5392	39	0	5536
28224	52	1	96	5366	0	5515
28225	5403	2	46	108	0	5559
28226	104	4	15	5416	0	5539
28227	46	5428	26	97	0	5597
28228	5599	86	20	57	0	5762
28229	99	32	21	5788	0	5940
28230	44	14	5564	112	0	5734
28231	5513	10	84	62	0	5669
28232	111	5859	34	46	0	6050
28233	52	88	5961	36	0	6137
28234	28	48	103	5896	0	6075
28235	26	15	56	5764	0	5861
28236	28	5886	17	135	0	6066
28237	20	95	5888	61	0	6064
28238	17	44	103	5869	0	6033
28239	17	25	6065	127	0	6234
28240	18	19	110	6020	0	6167
28241	11	13	57	6064	0	6145
28242	13	6	6034	171	0	6224
28243	24	9	117	6028	0	6178
28244	26	13	86	5191	0	5316
28245	25	5	28	6397	0	6455
28246	20	6	27	6421	0	6474
28247	6188	5	24	207	0	6424
28248	126	9	6121	98	0	6354
28249	6361	6	117	64	0	6548
28250	133	17	64	6555	0	6769
28251	84	5	34	6675	0	6798
28252	30	11	24	6673	0	6738
28253	34	6523	29	207	0	6793
28254	6614	125	26	97	0	6862
28255	135	51	19	6959	0	7164
28256	65	6901	30	169	0	7165
28257	30	132	17	7061	0	7240
28258	7052	54	21	182	0	7309
28259	7076	29	28	102	0	7235
28260	7089	21	32	65	0	7207
28261	178	6985	24	66	0	7253
28262	81	132	7008	49	0	7270
28263	6921	56	128	63	0	7168
28264	7140	20	59	70	0	7289
28265	177	7145	30	63	0	7415
28266	7135	132	34	58	0	7359
28267	7056	59	25	54	0	7194
28268	7257	21	31	50	0	7359
28269	187	7291	24	68	0	7570
28270	97	128	22	7280	0	7527
28271	7291	54	17	173	0	7535
28272	7526	26	14	88	0	7654
28273	7315	25	21	62	0	7423
28274	7463	20	17	59	0	7559
28275	210	19	21	7292	0	7542
28276	103	21	7241	174	0	7539
28277	76	19	133	7216	0	7444
28278	73	7354	52	162	0	7641
28279	55	150	26	7591	0	7822
28280	61	49	7605	190	0	7905
28281	7637	26	144	103	0	7910
28282	187	34	58	7785	0	8064
28283	7705	28	28	192	0	7953
28284	7817	27	31	103	0	7978
28285	247	23	21	7749	0	8040
28286	119	19	7760	198	0	8096
28287	85	26	7456	92	0	7659
28288	7319	28	188	51	0	7586
28289	196	7375	65	54	0	7690
28290	97	7193	35	39	0	7364
28291	65	7088	27	48	0	7228
28292	71	7347	23	35	0	7476
28293	7064	160	61	40	0	7325
28294	7113	65	31	27	0	7236
28295	7109	33	14	30	0	7186
28296	7127	36	11	37	0	7211
28297	196	30	14	6920	0	7160
28298	88	6856	17	135	0	7096
28299	6851	125	19	66	0	7061
28300	168	56	6852	41	0	7117
28301	96	6824	113	43	0	7076
28302	68	116	6844	36	0	7064
28303	6762	53	118	37	0	6970
28304	6924	27	56	38	0	7045
28305	6937	26	25	35	0	7023
28306	177	28	25	6801	0	7031
28307	89	23	6777	125	0	7014
28308	57	6735	113	68	0	6973
28309	6626	115	49	30	0	6820
28310	143	6536	23	39	0	6741
28311	71	6247	20	43	0	6381
28312	59	6204	16	25	0	6304
28313	55	6251	20	27	0	6353
28314	46	134	5992	25	0	6197
28315	42	5981	96	30	0	6149
28316	5489	89	47	26	0	5651
28317	86	30	14	5472	0	5602
28318	39	20	13	5533	0	5605
28319	5476	17	9	91	0	5593
28320	84	5415	10	42	0	5551
28321	37	82	5498	18	0	5635
28322	31	31	74	5472	0	5608
28323	33	20	23	5575	0	5651
28324	26	19	11	5612	0	5668
28325	25	23	5525	90	0	5663
28326	32	21	5472	33	0	5558
28327	30	20	85	5493	0	5628
28328	30	19	5420	76	0	5545
28329	31	15	5099	32	0	5177
28330	4790	13	81	24	0	4908
28331	74	5080	30	25	0	5209
28332	34	4897	18	16	0	4965
28333	28	5047	10	16	0	5101
28334	24	84	19	4858	0	4985
28335	21	5106	19	54	0	5200
28336	5202	66	17	24	0	5309
28337	85	37	5282	17	0	5421
28338	5348	20	74	21	0	5463
28339	80	14	37	5372	0	5503
28340	37	19	17	5481	0	5554
28341	25	5683	11	98	0	5817
28342	5688	87	18	35	0	5828
28343	5737	31	26	19	0	5813
28344	118	5987	14	18	0	6137
28345	36	108	12	5849	0	6005
28346	25	35	5926	97	0	6083
28347	22	22	5933	39	0	6016
28348	18	6066	112	22	0	6218
28349	5973	116	46	26	0	6161
28350	109	37	5995	7	0	6148
28351	41	21	108	5928	0	6098
28352	6030	16	31	113	0	6190
28353	6162	13	19	33	0	6227
28354	151	7133	21	18	0	7323
28355	51	7577	7	17	0	7652
28356	7535	214	16	15	0	7780
28357	185	78	7555	12	0	7830
28358	7555	35	181	13	0	7784
28359	7760	20	53	15	0	7848
28360	242	28	29	7604	0	7903
28361	78	23	7689	181	0	7971
28362	51	20	7657	51	0	7779
28363	7471	9	237	34	0	7751
28364	216	15	7684	17	0	7932
28365	7379	18	216	18	0	7631
28366	7578	16	62	13	0	7669
28367	236	7449	38	19	0	7742
28368	88	190	7377	9	0	7664
28369	58	7286	187	7	0	7538
28370	7140	204	71	17	0	7432
28371	210	61	7061	9	0	7341
28372	78	56	208	6764	0	7106
28373	65	22	6927	184	0	7198
28374	38	17	6992	51	0	7098
28375	33	18	7000	28	0	7079
28376	46	12	6963	17	0	7038
28377	32	6666	272	13	0	6983
28378	38	174	6609	15	0	6836
28379	30	6501	208	10	0	6749
28380	32	197	6404	13	0	6646
28381	6312	62	217	9	0	6600
28382	191	35	76	5932	0	6234
28383	71	6344	54	130	0	6599
28384	6293	176	41	41	0	6551
28385	6396	66	31	37	0	6530
28386	6084	42	44	20	0	6190
28387	6298	24	48	10	0	6380
28388	227	6184	41	22	0	6474
28389	5860	181	41	18	0	6100
28390	6307	61	43	11	0	6422
28391	214	6072	38	25	0	6349
28392	87	176	5831	14	0	6108
28393	66	66	188	5738	0	6058
28394	39	6009	68	139	0	6255
28395	53	176	5994	52	0	6275
28396	55	70	6057	31	0	6213
28397	48	5930	218	21	0	6217
28398	51	6012	103	11	0	6177
28399	59	6279	53	20	0	6411
28400	67	6260	45	17	0	6389
28401	6210	260	40	16	0	6526
28402	6342	104	36	22	0	6504
28403	265	62	6300	17	0	6644
28404	122	51	6433	16	0	6622
28405	89	43	255	6217	0	6604
28406	67	42	112	6397	0	6618
28407	56	52	72	6476	0	6656
28408	6310	49	56	250	0	6665
28409	219	6310	60	101	0	6690
28410	89	6609	72	47	0	6817
28411	79	6829	56	29	0	6993
28412	6597	284	62	19	0	6962
28413	6772	133	52	26	0	6983
28414	291	89	56	6549	0	6985
28415	6787	52	70	198	0	7107
28416	6906	53	59	78	0	7096
28417	309	62	63	6731	0	7165
28418	6808	60	58	228	0	7154
28419	289	6675	69	84	0	7117
28420	122	230	82	6689	0	7123
28421	126	97	6598	206	0	7027
28422	97	6597	270	89	0	7053
28423	97	244	6662	69	0	7072
28424	100	112	282	6279	0	6773
28425	83	6710	124	190	0	7107
28426	117	237	109	6627	0	7090
28427	91	112	102	6777	0	7082
28428	118	78	6618	279	0	7093
28429	98	63	6959	107	0	7227
28430	85	70	305	6815	0	7275
28431	100	58	169	6592	0	6919
28432	89	6852	113	257	0	7311
28433	6580	249	93	112	0	7034
28434	250	6702	101	66	0	7119
28435	123	6882	77	48	0	7130
28436	83	309	6495	47	0	6934
28437	59	6471	253	60	0	6843
28438	69	286	146	5946	0	6447
28439	46	6355	111	195	0	6707
28440	63	267	75	6014	0	6419
28441	54	6081	82	227	0	6444
28442	6001	246	68	89	0	6404
28443	225	6084	80	63	0	6452
28444	107	232	53	5405	0	5797
28445	74	5687	54	184	0	5999
28446	5624	224	68	69	0	5985
28447	5649	115	27	50	0	5841
28448	245	5541	41	42	0	5869
28449	5375	204	35	27	0	5641
28450	230	197	36	5108	0	5571
28451	95	101	5180	151	0	5527
28452	92	50	5239	73	0	5454
28453	59	5200	212	57	0	5528
28454	3848	88	99	31	0	4066
28455	3788	42	22	24	0	3876
28456	107	18	3719	19	0	3863
28457	48	15	3643	18	0	3724
28458	3555	23	87	21	0	3686
28459	3668	17	38	13	0	3736
28460	90	26	3572	17	0	3705
28461	3375	17	70	15	0	3477
28462	70	3433	37	15	0	3555
28463	26	3601	18	12	0	3657
28464	18	79	18	3507	0	3622
28465	11	43	10	3584	0	3648
28466	3576	20	18	90	0	3704
28467	3579	18	13	47	0	3657
28468	3600	15	14	26	0	3655
28469	87	17	16	3540	0	3660
28470	39	17	16	3562	0	3634
28471	22	3428	7	90	0	3547
28472	17	3479	6	49	0	3551
28473	20	3626	7	22	0	3675
28474	25	90	13	3437	0	3565
28475	20	3594	6	60	0	3680
28476	18	70	3480	31	0	3599
28477	3342	43	63	16	0	3464
28478	70	23	3541	17	0	3651
28479	33	27	3515	20	0	3595
28480	3404	25	70	25	0	3524
28481	69	3525	30	13	0	3637
28482	3537	72	15	13	0	3637
28483	3570	40	15	11	0	3636
28484	95	16	3517	16	0	3644
28485	39	24	3563	11	0	3637
28486	26	3602	83	15	0	3726
28487	35	67	3686	8	0	3796
28488	20	47	72	3679	0	3818
28489	28	32	47	3196	0	3303
28490	18	3674	14	91	0	3797
28491	22	3801	18	41	0	3882
28492	3765	85	19	21	0	3890
28493	3890	43	12	16	0	3961
28494	98	21	24	3871	0	4014
28495	54	19	19	3945	0	4037
28496	3905	15	18	91	0	4029
28497	3901	25	17	41	0	3984
28498	92	3940	15	28	0	4075
28499	3766	64	8	12	0	3850
28500	73	3625	11	13	0	3722
28501	35	3731	16	6	0	3788
28502	3700	70	24	17	0	3811
28503	3676	48	15	13	0	3752
28504	87	21	10	3613	0	3731
28505	3614	13	9	57	0	3693
28506	79	12	3597	29	0	3717
28507	47	3608	47	15	0	3717
28508	3588	61	21	12	0	3682
28509	72	25	3597	15	0	3709
28510	31	39	52	3318	0	3440
28511	14	3335	28	34	0	3411
28512	24	3396	15	15	0	3450
28513	3401	53	13	11	0	3478
28514	48	23	3334	11	0	3416
28515	3206	10	37	4	0	3257
28516	48	3	21	3280	0	3352
28517	23	6	3240	30	0	3299
28518	3174	9	31	16	0	3230
28519	38	3350	15	11	0	3414
28520	16	3489	10	7	0	3522
28521	3546	39	13	3	0	3601
28522	3535	23	5	8	0	3571
28523	3569	13	2	14	0	3598
28524	51	11	4	3537	0	3603
28525	30	9	3	3542	0	3584
28526	20	7	3508	36	0	3571
28527	14	6	3382	23	0	3425
28528	13	3512	37	15	0	3577
28529	6	36	23	3331	0	3396
28530	3309	14	6	18	0	3347
28531	21	3310	3	15	0	3349
28532	12	25	1	3350	0	3388
28533	3351	12	4	18	0	3385
28534	22	3328	5	13	0	3368
28535	11	3437	1	13	0	3462
28536	8	22	3383	4	0	3417
28537	3318	18	22	5	0	3363
28538	3425	10	12	2	0	3449
28539	31	4	3382	5	0	3422
28540	3224	3	16	2	0	3245
28541	21	3	3377	6	0	3407
28542	11	3320	22	4	0	3357
28543	16	22	15	3292	0	3345
28544	3271	9	12	17	0	3309
28545	17	3224	2	11	0	3254
28546	12	3248	3	8	0	3271
28547	3163	18	0	5	0	3186
28548	16	13	3329	2	0	3360
28549	3214	9	13	3	0	3239
28550	20	3342	9	8	0	3379
28551	8	13	3255	3	0	3279
28552	3174	9	14	5	0	3202
28553	3301	6	4	2	0	3313
28554	20	2	5	3291	0	3318
28555	8	4	3	3322	0	3337
28556	7	3291	0	19	0	3317
28557	3	14	3289	9	0	3315
28558	6	2	15	3319	0	3342
28559	5	6	3489	26	0	3526
28560	5	2	3478	7	0	3492
28561	3	4	28	3751	0	3786
28562	4	3	3841	40	0	3888
28563	4	2	3775	3	0	3784
28564	3	6	45	3760	0	3814
28565	4	0	3796	43	0	3843
28566	3592	1	50	6	0	3649
28567	40	3714	9	14	0	3777
28568	8	40	3853	4	0	3905
28569	13	3	4036	2	0	4054
28570	2	12	50	3922	0	3986
28571	4178	1	11	47	0	4237
28572	4200	3	14	3	0	4220
28573	4173	2	5	12	0	4192
28574	4182	6	3	6	0	4197
28575	52	2	8	4085	0	4147
28576	15	0	4142	41	0	4198
28577	4110	2	43	11	0	4166
28578	4192	1	5	15	0	4213
28579	4192	0	18	6	0	4216
28580	60	2	4105	6	0	4173
28581	3944	5	45	5	0	3999
28582	49	4	10	4262	0	4325
28583	8	4319	18	43	0	4388
28584	17	46	9	4223	0	4295
28585	14	4297	7	45	0	4363
28586	4349	51	7	12	0	4419
28587	53	3	4390	16	0	4462
28588	18	13	51	4324	0	4406
28589	14	4374	10	59	0	4457
28590	9	4490	19	12	0	4530
28591	4484	55	13	20	0	4572
28592	4497	20	8	11	0	4536
28593	68	20	4320	4	0	4412
28594	4345	4	65	5	0	4419
28595	76	5	12	4381	0	4474
28596	16	7	4499	58	0	4580
28597	26	11	4476	9	0	4522
28598	21	3	59	4562	0	4645
28599	4824	8	21	67	0	4920
28600	94	3	22	4796	0	4915
28601	28	8	13	4825	0	4874
28602	27	3	11	4821	0	4862
28603	18	4811	13	98	0	4940
28604	10	77	14	4894	0	4995
28605	4791	14	10	99	0	4914
28606	89	4782	10	31	0	4912
28607	30	74	12	4880	0	4996
28608	4863	13	11	89	0	4976
28609	84	4783	11	34	0	4912
28610	19	4882	17	30	0	4948
28611	26	94	13	4892	0	5025
28612	4806	32	4	95	0	4937
28613	95	23	4793	29	0	4940
28614	26	5	4757	34	0	4822
28615	4819	16	101	21	0	4957
28616	5041	12	39	24	0	5116
28617	115	5118	22	11	0	5266
28618	46	101	12	5004	0	5163
28619	48	27	4994	96	0	5165
28620	27	30	4929	36	0	5022
28621	18	8	5268	35	0	5329
28622	20	5162	154	19	0	5355
28623	15	5305	55	25	0	5400
28624	5224	139	34	17	0	5414
28625	130	48	5260	19	0	5457
28626	5147	30	118	16	0	5311
28627	5323	15	50	16	0	5404
28628	152	12	5302	19	0	5485
28629	64	5388	114	23	0	5589
28630	50	129	41	5295	0	5515
28631	23	51	5523	118	0	5715
28632	29	38	5360	46	0	5473
28633	5260	13	157	35	0	5465
28634	128	5403	64	25	0	5620
28635	44	125	40	5253	0	5462
28636	35	51	19	5284	0	5389
28637	27	5275	17	148	0	5467
28638	34	5336	16	53	0	5439
28639	18	5499	28	35	0	5580
28640	29	162	20	5528	0	5739
28641	5711	58	22	133	0	5924
28642	143	34	24	5786	0	5987
28643	52	25	5734	159	0	5970
28644	40	25	5741	62	0	5868
28645	22	15	176	5782	0	5995
28646	28	14	5832	143	0	6017
28647	24	5787	163	63	0	6037
28648	18	148	58	5955	0	6179
28649	6170	57	34	158	0	6419
28650	6212	37	19	64	0	6332
28651	187	6250	24	50	0	6511
28652	6293	172	23	27	0	6515
28653	6433	52	22	26	0	6533
28654	6438	43	19	28	0	6528
28655	242	27	5913	22	0	6204
28656	6097	30	153	33	0	6313
28657	195	6106	51	42	0	6394
28658	71	155	6088	20	0	6334
28659	55	54	6123	29	0	6261
28660	28	6030	203	31	0	6292
28661	5834	152	97	18	0	6101
28662	174	70	40	5647	0	5931
28663	68	5650	31	140	0	5889
28664	5747	149	23	48	0	5967
28665	158	58	19	5776	0	6011
28666	5846	37	26	153	0	6062
28667	180	22	28	5889	0	6119
28668	79	30	5707	165	0	5981
28669	51	33	5626	63	0	5773
28670	42	19	5723	49	0	5833
28671	44	30	207	5501	0	5782
28672	37	32	78	5728	0	5875
28673	43	16	5645	193	0	5897
28674	41	5590	165	91	0	5887
28675	5693	156	77	45	0	5971
28676	5747	59	46	38	0	5890
28677	192	5791	38	36	0	6057
28678	96	170	41	5832	0	6139
28679	59	56	5941	178	0	6234
28680	5838	41	191	69	0	6139
28681	196	26	5979	46	0	6247
28682	77	29	5706	37	0	5849
28683	72	30	5825	19	0	5946
28684	5567	28	239	24	0	5858
28685	178	35	5682	26	0	5921
28686	85	5469	189	34	0	5777
28687	60	5636	88	37	0	5821
28688	38	196	66	5358	0	5658
28689	41	78	44	5500	0	5663
28690	39	31	5433	194	0	5697
28691	5276	41	168	67	0	5552
28692	5541	31	66	45	0	5683
28693	202	29	55	5452	0	5738
28694	5437	28	49	159	0	5673
28695	189	5403	35	68	0	5695
28696	5321	154	38	47	0	5560
28697	177	5209	44	32	0	5462
28698	63	5274	36	32	0	5405
28699	5023	164	40	28	0	5255
28700	5039	54	34	29	0	5156
28701	5178	29	27	24	0	5258
28702	5212	29	32	27	0	5300
28703	190	29	4920	29	0	5168
28704	4924	23	142	23	0	5112
28705	168	26	60	4827	0	5081
28706	80	4915	35	126	0	5156
28707	4919	134	28	51	0	5132
28708	152	4907	29	32	0	5120
28709	4898	136	32	21	0	5087
28710	160	51	34	4852	0	5097
28711	75	36	30	4950	0	5091
28712	44	36	4738	152	0	4970
28713	55	28	4843	59	0	4985
28714	45	4814	155	39	0	5053
28715	4708	128	67	22	0	4925
28716	146	4626	32	19	0	4823
28717	71	4516	20	30	0	4637
28718	61	4684	21	22	0	4788
28719	55	139	4514	26	0	4734
28720	38	4523	122	28	0	4711
28721	4194	121	41	23	0	4379
28722	4218	41	33	23	0	4315
28723	132	41	21	4068	0	4262
28724	61	4027	19	95	0	4202
28725	50	4141	16	37	0	4244
28726	47	123	19	4086	0	4275
28727	43	50	4113	94	0	4300
28728	39	4011	99	26	0	4175
28729	54	124	27	3881	0	4086
28730	3796	36	22	105	0	3959
28731	3841	43	23	38	0	3945
28732	124	3882	21	28	0	4055
28733	3765	100	21	178	0	4064
28734	3942	43	25	20	0	4030
28735	125	37	14	3846	0	4022
28736	50	30	3774	100	0	3954
28737	30	3864	99	35	0	4028
28738	44	126	42	3773	0	3985
28739	34	45	3768	83	0	3930
28740	36	3653	85	36	0	3810
28741	3415	94	35	21	0	3565
28742	3473	36	16	19	0	3544
28743	104	21	20	3399	0	3544
28744	37	3439	19	74	0	3569
28745	30	81	3420	24	0	3555
28746	38	45	78	3355	0	3516
28747	23	26	3410	83	0	3542
28748	18	3136	81	29	0	3264
28749	41	81	39	2781	0	2942
28750	2766	26	5	49	0	2846
28751	54	2724	9	24	0	2811
28752	2694	54	9	13	0	2770
28753	2673	25	12	12	0	2722
28754	66	2690	7	15	0	2778
28755	29	51	9	2695	0	2784
28756	16	35	7	2695	0	2753
28757	23	2623	6	53	0	2705
28758	21	2718	7	19	0	2765
28759	15	58	5	2590	0	2668
28760	17	2640	7	43	0	2707
28761	2657	53	8	14	0	2732
28762	2657	12	6	12	0	2687
28763	55	13	2608	7	0	2683
28764	21	13	2547	9	0	2590
28765	2524	8	45	11	0	2588
28766	2604	12	21	5	0	2642
28767	51	2631	5	9	0	2696
28768	2610	44	6	17	0	2677
28769	2603	21	7	8	0	2639
28770	50	2560	5	9	0	2624
28771	2586	43	5	14	0	2648
28772	50	18	10	2939	0	3017
28773	20	15	8	3066	0	3109
28774	13	10	3260	74	0	3357
28775	10	3183	60	20	0	3273
28776	13	3323	16	17	0	3369
28777	3164	82	28	21	0	3295
28778	3192	19	9	8	0	3228
28779	3106	14	4	11	0	3135
28780	3236	12	3	12	0	3263
28781	65	10	3100	6	0	3181
28782	16	14	3220	7	0	3257
28783	11	3252	60	9	0	3332
28784	16	55	17	3239	0	3327
28785	14	21	9	3202	0	3246
28786	17	3287	4	51	0	3359
28787	19	60	10	3244	0	3333
28788	3230	17	9	60	0	3316
28789	63	3233	10	12	0	3318
28790	30	64	3277	7	0	3378
28791	18	3326	54	19	0	3417
28792	3319	57	18	10	0	3404
28793	60	29	3300	9	0	3398
28794	3236	14	62	17	0	3329
28795	3331	15	15	12	0	3373
28796	67	22	3279	10	0	3378
28797	24	10	3237	16	0	3287
28798	22	15	3200	10	0	3247
28799	3065	16	67	11	0	3159
28800	60	11	3219	10	0	3300
28801	27	3166	60	7	0	3260
28802	3157	53	18	6	0	3234
28803	63	11	3165	3	0	3242
28804	3010	17	61	5	0	3093
28805	68	7	3122	2	0	3199
28806	26	6	3214	2	0	3248
28807	18	3238	68	0	0	3324
28808	19	51	3265	5	0	3340
28809	20	11	3221	8	0	3260
28810	13	2954	75	4	0	3046
28811	3175	56	26	5	0	3262
28812	64	13	3232	2	0	3311
28813	18	13	69	3047	0	3147
28814	18	3267	18	47	0	3350
28815	3288	48	22	11	0	3369
28816	3270	16	24	8	0	3318
28817	68	21	3240	10	0	3339
28818	27	3115	70	2	0	3214
28819	17	3247	33	3	0	3300
28820	14	76	20	3141	0	3251
28821	21	3040	25	47	0	3133
28822	23	60	16	2919	0	3018
28823	23	27	14	3240	0	3304
28824	21	3253	17	54	0	3345
28825	20	69	15	3207	0	3311
28826	19	3220	16	63	0	3318
28827	15	70	3187	16	0	3288
28828	18	32	53	3155	0	3258
28829	12	23	18	3175	0	3228
28830	15	3170	16	63	0	3264
28831	11	3258	15	29	0	3313
28832	15	72	10	3108	0	3205
28833	11	3175	11	67	0	3264
28834	3149	71	23	24	0	3267
28835	60	32	12	3156	0	3260
28836	23	3195	7	67	0	3292
28837	3109	66	19	28	0	3222
28838	61	3102	13	27	0	3203
28839	29	70	3067	21	0	3187
28840	18	38	65	3039	0	3160
28841	3079	22	27	66	0	3194
28842	64	23	3110	30	0	3227
28843	24	36	65	2977	0	3102
28844	31	3061	22	61	0	3175
28845	24	80	3004	21	0	3129
28846	25	3084	68	15	0	3192
28847	2950	63	28	18	0	3059
28848	3049	38	18	12	0	3117
28849	71	3025	34	13	0	3143
28850	3014	62	32	19	0	3127
28851	66	38	2999	11	0	3114
28852	32	20	72	2956	0	3080
28853	20	24	36	2941	0	3021
28854	24	2998	24	62	0	3108
28855	3121	64	30	23	0	3238
28856	3228	31	24	21	0	3304
28857	74	24	3192	10	0	3300
28858	3158	26	66	11	0	3261
28859	3230	24	21	12	0	3287
28860	3220	17	24	11	0	3272
28861	77	20	26	3118	0	3241
28862	37	21	20	3128	0	3206
28863	36	3153	19	57	0	3265
28864	3060	61	23	28	0	3172
28865	3084	26	21	18	0	3149
28866	72	3071	21	22	0	3186
28867	27	65	21	2971	0	3084
28868	36	2967	14	52	0	3069
28869	29	3104	18	27	0	3178
28870	3054	69	20	15	0	3158
28871	69	28	2988	14	0	3099
28872	67	8	2535	11	0	2621
28873	16	2550	19	9	0	2594
28874	2244	17	17	5	0	2283
28875	15	9	2208	4	0	2236
28876	11	2073	13	3	0	2100
28877	1994	10	1	1	0	2006
28878	9	4	1979	1	0	1993
28879	3	4	9	1925	0	1941
28880	2090	4	5	8	0	2107
28881	11	1	2119	6	0	2137
28882	6	1	2201	2	0	2210
28883	1	3	2263	5	0	2272
28884	7	1	2266	2	0	2276
28885	2197	3	22	3	0	2225
28886	2379	4	11	3	0	2397
28887	17	2375	6	8	0	2406
28888	9	15	5	2484	0	2513
28889	7	5	3	2581	0	2596
28890	4	2547	2	33	0	2586
28891	2	33	3	2595	0	2633
28892	3	2637	4	29	0	2673
28893	2	2723	2	16	0	2743
28894	2	42	1	2694	0	2739
28895	3	20	2729	35	0	2787
28896	4	2728	31	15	0	2778
28897	2	38	14	2750	0	2804
28898	2766	17	6	37	0	2826
28899	35	7	2728	17	0	2787
28900	2672	9	35	5	0	2721
28901	2782	9	14	9	0	2814
28902	49	5	4	2855	0	2913
28903	22	4	2964	42	0	3032
28904	10	6	3003	15	0	3034
28905	12	3206	62	8	0	3288
28906	9	50	24	3149	0	3232
28907	4	18	3158	52	0	3232
28908	4	3	3195	21	0	3223
28909	5	3236	75	9	0	3325
28910	3258	59	24	9	0	3350
28911	3330	23	12	9	0	3374
28912	81	7	15	3421	0	3524
28913	30	8	3578	62	0	3678
28914	16	7	3601	34	0	3658
28915	12	3739	93	16	0	3860
28916	4	61	3804	12	0	3881
28917	7	37	3778	6	0	3828
28918	7	14	111	3650	0	3782
28919	6	13	3822	68	0	3909
28920	3698	5	85	43	0	3831
28921	66	7	52	3847	0	3972
28922	32	6	3948	77	0	4063
28923	12	3964	77	38	0	4091
28924	15	68	44	3992	0	4119
28925	12	36	4050	68	0	4166
28926	6	4158	83	53	0	4300
28927	5	92	56	4060	0	4213
28928	8	4231	24	79	0	4342
28929	7	95	17	4250	0	4369
28930	6	42	19	4269	0	4336
28931	6	18	4225	119	0	4368
28932	4	4227	86	60	0	4377
28933	6	87	49	4260	0	4402
28934	10	41	21	4287	0	4359
28935	4	16	23	4362	0	4405
28936	7	19	4210	125	0	4361
28937	3	4193	89	62	0	4347
28938	7	88	41	4227	0	4363
28939	3	36	4222	98	0	4359
28940	3	4193	100	48	0	4344
28941	3	97	52	4241	0	4393
28942	5	47	4265	100	0	4417
28943	5	4248	94	58	0	4405
28944	4	92	54	4256	0	4406
28945	6	47	26	4368	0	4447
28946	4	27	4372	131	0	4534
28947	4124	13	99	71	0	4307
28948	79	4370	47	35	0	4531
28949	4404	88	25	37	0	4554
28950	85	52	4420	22	0	4579
28951	4384	28	93	26	0	4531
28952	86	21	51	4437	0	4595
28953	46	19	21	4542	0	4628
28954	12	22	4439	131	0	4604
28955	4128	15	97	64	0	4304
28956	4241	18	50	39	0	4348
28957	109	4179	25	45	0	4358
28958	48	4385	27	30	0	4490
28959	4358	120	21	24	0	4523
28960	100	52	4345	22	0	4519
28961	51	4481	92	27	0	4651
28962	16	98	52	4576	0	4742
28963	22	43	27	4682	0	4774
28964	16	22	4624	129	0	4791
28965	4456	24	97	62	0	4639
28966	98	19	4773	42	0	4932
28967	4754	17	129	26	0	4926
28968	119	18	5031	23	0	5191
28969	61	4992	121	31	0	5205
28970	5039	110	68	26	0	5243
28971	5120	55	37	23	0	5235
28972	5108	29	31	23	0	5191
28973	5140	17	27	15	0	5199
28974	178	12	33	5003	0	5226
28975	78	29	5003	119	0	5229
28976	40	15	123	4932	0	5110
28977	32	4996	65	116	0	5209
28978	26	110	29	5085	0	5250
28979	27	46	5012	126	0	5211
28980	17	18	4994	66	0	5095
28981	26	31	144	4854	0	5055
28982	4781	15	78	119	0	4993
28983	4725	22	28	53	0	4828
28984	4784	11	25	35	0	4855
28985	159	20	4772	18	0	4969
28986	70	24	4718	20	0	4832
28987	40	4656	144	30	0	4870
28988	21	4771	66	18	0	4876
28989	4581	127	43	21	0	4772
28990	4619	37	21	25	0	4702
28991	125	4660	20	17	0	4822
28992	4633	81	17	21	0	4752
28993	4621	38	19	11	0	4689
28994	114	4612	19	16	0	4761
28995	4670	89	15	11	0	4785
28996	4650	44	15	19	0	4728
28997	119	4679	9	22	0	4829
28998	4719	83	15	22	0	4839
28999	4728	41	19	14	0	4802
29000	136	24	4691	8	0	4859
29001	57	12	4603	22	0	4694
29002	33	4547	108	9	0	4697
29003	18	4557	46	13	0	4634
29004	4471	103	64	12	0	4650
29005	4327	37	14	11	0	4389
29006	4285	20	10	10	0	4325
29007	103	4288	12	4	0	4407
29008	46	59	12	4289	0	4406
29009	27	26	4306	62	0	4421
29010	20	39	65	4201	0	4325
29011	22	4297	24	60	0	4403
29012	4195	54	14	13	0	4276
29013	50	4083	10	13	0	4156
29014	20	52	10	4053	0	4135
29015	4233	14	11	47	0	4305
29016	4243	11	10	17	0	4281
29017	66	14	4193	7	0	4280
29018	4229	8	42	6	0	4285
29019	4499	3	12	4	0	4518
29020	4572	4	14	5	0	4595
29021	74	9	8	4385	0	4476
29022	24	4370	4	56	0	4454
29023	18	59	7	4478	0	4562
29024	11	19	4580	58	0	4668
29025	13	4640	61	19	0	4733
29026	10	53	14	4541	0	4618
29027	5	13	4568	53	0	4639
29028	7	4541	53	14	0	4615
29029	8	53	10	4420	0	4491
29030	6	17	4542	53	0	4618
29031	4103	6	56	21	0	4186
29032	61	10	4590	4	0	4665
29033	20	2	4577	8	0	4607
29034	13	4602	63	3	0	4681
29035	8	54	15	4672	0	4749
29036	8	15	11	4587	0	4621
29037	7	4555	10	59	0	4631
29038	8	57	5	4758	0	4828
29039	4813	15	5	61	0	4894
29040	4831	8	6	17	0	4862
29041	69	17	4668	8	0	4762
29042	4771	7	45	11	0	4834
29043	4897	4	15	10	0	4926
29044	68	9	4904	2	0	4983
29045	26	4901	55	8	0	4990
29046	17	4916	21	3	0	4957
29047	20	70	14	4555	0	4659
29048	7	4863	4	48	0	4922
29049	9	60	4545	18	0	4632
29050	14	21	4664	11	0	4710
29051	9	4867	67	10	0	4953
29052	4835	63	27	9	0	4934
29053	4960	23	9	8	0	5000
29054	5000	12	6	7	0	5025
29055	5010	14	4	10	0	5038
29056	4733	17	4	7	0	4761
29057	78	4864	11	6	0	4959
29058	31	60	4833	3	0	4927
29059	29	20	55	4803	0	4907
29060	4760	14	23	51	0	4848
29061	58	4675	8	22	0	4763
29062	28	71	11	4607	0	4717
29063	17	20	4628	53	0	4718
29064	8	4486	51	19	0	4564
29065	10	4617	17	11	0	4655
29066	4378	81	23	32	0	4514
29067	41	4370	9	3	0	4423
29068	24	44	5	4179	0	4252
29069	4168	9	8	38	0	4223
29070	4170	6	8	11	0	4195
29071	4172	11	7	3	0	4193
29072	43	12	4151	4	0	4210
29073	19	4154	32	7	0	4212
29074	4240	41	10	8	0	4299
29075	37	16	7	4207	0	4267
29076	4241	10	5	41	0	4297
29077	43	4174	10	8	0	4235
29078	4366	41	3	9	0	4419
29079	4714	14	9	6	0	4743
29080	81	11	4	4687	0	4783
29081	33	13	4931	59	0	5036
29082	24	8	65	5041	0	5138
29083	5031	7	20	75	0	5133
29084	5084	15	11	25	0	5135
29085	96	4939	12	21	0	5068
29086	4835	67	16	11	0	4929
29087	83	4913	3	17	0	5016
29088	4948	72	14	9	0	5043
29089	4848	31	11	13	0	4903
29090	99	18	4899	12	0	5028
29091	31	4919	73	6	0	5029
29092	29	75	19	4948	0	5071
29093	30	26	13	5009	0	5078
29094	17	23	15	4874	0	4929
29095	21	4915	11	102	0	5049
29096	18	69	4930	38	0	5055
29097	16	34	4972	21	0	5043
29098	20	5844	88	20	0	5972
29099	5886	100	34	19	0	6039
29100	109	40	5901	20	0	6070
29101	5802	31	99	14	0	5946
29102	116	5891	45	20	0	6072
29103	59	107	5961	9	0	6136
29104	42	52	109	5959	0	6162
29105	29	33	6095	96	0	6253
29106	28	24	6206	41	0	6299
29107	26	20	143	5834	0	6023
29108	25	5942	62	102	0	6131
29109	28	6130	36	45	0	6239
29110	6099	123	32	22	0	6276
29111	113	58	6055	25	0	6251
29112	6107	38	98	15	0	6258
29113	6128	29	53	12	0	6222
29114	148	6120	38	14	0	6320
29115	5917	107	22	7	0	6053
29116	5929	51	15	11	0	6006
29117	5796	26	12	12	0	5846
29118	157	5656	12	13	0	5838
29119	84	5231	16	6	0	5337
29120	54	5536	18	18	0	5626
29121	5497	130	37	10	0	5674
29122	5495	60	14	17	0	5586
29123	127	44	5199	11	0	5381
29124	74	27	5138	7	0	5246
29125	5234	15	111	7	0	5367
29126	5315	15	58	11	0	5399
29127	5382	14	32	10	0	5438
29128	132	16	30	5240	0	5418
29129	77	12	17	5312	0	5418
29130	49	9	18	5380	0	5456
29131	37	18	14	5389	0	5458
29132	30	15	5060	136	0	5241
29133	23	11	5136	71	0	5241
29134	28	13	5151	39	0	5231
29135	29	15	5109	26	0	5179
29136	5067	10	130	19	0	5226
29137	89	5094	64	19	0	5266
29138	53	5247	38	17	0	5355
29139	5205	109	26	11	0	5351
29140	105	55	5182	10	0	5352
29141	56	43	5071	13	0	5183
29142	5069	33	115	13	0	5230
29143	5169	19	57	11	0	5256
29144	112	5141	42	16	0	5311
29145	74	76	27	5118	0	5295
29146	5190	37	12	74	0	5313
29147	5279	32	11	32	0	5354
29148	125	25	10	5230	0	5390
29149	71	5366	10	84	0	5531
29150	5436	82	9	44	0	5571
29151	105	41	5303	31	0	5480
29152	5241	30	86	29	0	5386
29153	109	5319	46	22	0	5496
29154	5409	84	37	15	0	5545
29155	5325	45	31	22	0	5423
29156	129	33	5393	23	0	5578
29157	70	31	5321	11	0	5433
29158	5361	20	125	16	0	5522
29159	5482	18	67	10	0	5577
29160	125	5491	49	6	0	5671
29161	74	85	38	5539	0	5736
29162	51	46	5523	78	0	5698
29163	5469	34	94	38	0	5635
29164	104	29	52	5535	0	5720
29165	70	13	35	5590	0	5708
29166	5522	17	32	121	0	5692
29167	106	5600	23	67	0	5796
29168	5701	85	17	52	0	5855
29169	5704	47	16	31	0	5798
29170	5791	33	14	19	0	5857
29171	151	5688	14	12	0	5865
29172	5780	82	19	18	0	5899
29173	133	50	17	5696	0	5896
29174	80	39	9	5701	0	5829
29175	68	35	5615	113	0	5831
29176	70	18	5519	56	0	5663
29177	39	5537	112	41	0	5729
29178	31	5707	55	26	0	5819
29179	34	88	5341	14	0	5477
29180	29	5434	75	14	0	5552
29181	5342	103	52	28	0	5525
29182	5409	40	22	9	0	5480
29183	5475	20	15	8	0	5518
29184	113	15	13	5283	0	5424
29185	56	20	10	5391	0	5477
29186	35	8	5433	96	0	5572
29187	26	5361	68	49	0	5504
29188	5363	68	29	26	0	5486
29189	70	5382	21	19	0	5492
29190	5386	81	17	12	0	5496
29191	5398	39	9	12	0	5458
29192	110	29	6	5268	0	5413
29193	67	14	8	5305	0	5394
29194	41	18	4	5411	0	5474
29195	37	5	5247	116	0	5405
29196	15	5087	64	60	0	5226
29197	20	5106	34	38	0	5198
29198	7	4226	2	16	0	4251
29199	6	4204	5	11	0	4226
29200	6	4244	7	12	0	4269
29201	4083	50	10	5	0	4148
29202	38	17	4106	4	0	4165
29203	11	4020	32	7	0	4070
29204	8	43	3909	7	0	3967
29205	8	3992	32	6	0	4038
29206	23	51	24	3253	0	3351
29207	7	16	6	3820	0	3849
29208	8	3914	4	41	0	3967
29209	3883	37	7	11	0	3938
29210	33	18	3869	7	0	3927
29211	13	3874	29	12	0	3928
29212	10	36	3804	7	0	3857
29213	3	19	35	3783	0	3840
29214	7	10	13	3638	0	3668
29215	8	3753	10	40	0	3811
29216	10	37	4	3835	0	3886
29217	11	15	4	3876	0	3906
29218	4	3842	7	54	0	3907
29219	6	38	3805	17	0	3866
29220	6	17	3759	10	0	3792
29221	3746	7	40	11	0	3804
29222	3901	12	12	8	0	3933
29223	45	11	7	3777	0	3840
29224	15	6	3794	36	0	3851
29225	12	13	36	3697	0	3758
29226	12	3865	16	41	0	3934
29227	13	31	3847	20	0	3911
29228	7	3779	33	16	0	3835
29229	7	41	3817	5	0	3870
29230	2	3821	38	10	0	3871
29231	3808	44	16	8	0	3876
29232	36	18	8	3778	0	3840
29233	13	13	8	3749	0	3783
29234	7	11	3763	42	0	3823
29235	9	12	3625	13	0	3659
29236	11	3747	43	9	0	3810
29237	3766	39	15	12	0	3832
29238	36	15	13	3711	0	3775
29239	16	11	3755	38	0	3820
29240	8	10	3599	15	0	3632
29241	3425	9	47	11	0	3492
29242	3580	9	13	11	0	3613
29243	44	4	3632	9	0	3689
29244	17	16	38	3498	0	3569
29245	14	3580	16	31	0	3641
29246	3605	38	8	17	0	3668
29247	39	3569	8	14	0	3630
29248	3468	30	8	10	0	3516
29249	31	3402	5	9	0	3447
29250	7	3438	6	7	0	3458
29251	9	37	4	3451	0	3501
29252	8	19	3	3446	0	3476
29253	4	3436	5	38	0	3483
29254	2	37	3362	6	0	3407
29255	8	14	3282	7	0	3311
29256	8	11	3288	5	0	3312
29257	3135	5	30	8	0	3178
29258	3295	5	9	11	0	3320
29259	32	3383	11	5	0	3431
29260	9	40	3325	3	0	3377
29261	5	12	40	3338	0	3395
29262	7	8	3518	47	0	3580
29263	6	6	3653	11	0	3676
29264	4	9	63	3930	0	4006
29265	5	7	17	4227	0	4256
29266	6	6	4568	96	0	4676
29267	4654	4	92	47	0	4797
29268	100	4906	32	28	0	5066
29269	42	5200	20	12	0	5274
29270	19	140	15	5091	0	5265
29271	5235	58	11	100	0	5404
29272	124	5326	4	50	0	5504
29273	5395	131	6	18	0	5550
29274	128	5413	10	26	0	5577
29275	5661	139	5	20	0	5825
29276	154	68	5663	18	0	5903
29277	73	46	5789	6	0	5914
29278	44	45	177	5567	0	5833
29279	36	31	5620	128	0	5815
29280	25	5296	151	56	0	5528
29281	21	5324	71	25	0	5441
29282	5316	181	42	17	0	5556
29283	136	77	28	5202	0	5443
29284	54	5345	31	131	0	5561
29285	5407	145	21	54	0	5627
29286	5376	72	15	30	0	5493
29287	5546	34	21	16	0	5617
29288	203	37	12	5380	0	5632
29289	99	35	7	5502	0	5643
29290	72	19	5417	187	0	5695
29291	42	16	5425	88	0	5571
29292	5341	24	183	46	0	5594
29293	155	10	80	5348	0	5593
29294	77	16	5349	151	0	5593
29295	5280	18	147	66	0	5511
29296	152	5465	74	47	0	5738
29297	5530	133	45	33	0	5741
29298	5618	60	36	38	0	5752
29299	5661	40	34	26	0	5761
29300	248	22	5404	19	0	5693
29301	5453	21	149	20	0	5643
29302	211	14	72	5257	0	5554
29303	113	5150	39	144	0	5446
29304	66	5486	30	77	0	5659
29305	5423	176	37	38	0	5674
29306	5497	83	34	21	0	5635
29307	5575	45	20	23	0	5663
29308	239	35	19	5307	0	5600
29309	126	33	18	5413	0	5590
29310	91	26	14	5310	0	5441
29311	64	5288	12	186	0	5550
29312	5278	147	13	87	0	5525
29313	5389	65	11	56	0	5521
29314	5487	43	15	42	0	5587
29315	243	30	5320	42	0	5635
29316	5466	28	142	43	0	5679
29317	218	31	63	5191	0	5503
29318	111	5327	37	150	0	5625
29319	5319	166	17	72	0	5574
29320	5367	72	30	41	0	5510
29321	256	48	5282	25	0	5611
29322	150	30	140	5212	0	5532
29323	82	5331	71	171	0	5655
29324	5511	147	40	91	0	5789
29325	194	75	27	5490	0	5786
29326	105	71	28	5514	0	5718
29327	101	33	22	5625	0	5781
29328	89	25	16	5811	0	5941
29329	69	26	5597	258	0	5950
29330	54	5591	161	142	0	5948
29331	61	172	70	5660	0	5963
29332	60	82	5653	199	0	5994
29333	5642	62	159	114	0	5977
29334	5838	34	77	77	0	6026
29335	247	36	57	5754	0	6094
29336	5789	20	48	200	0	6057
29337	5923	30	47	105	0	6105
29338	259	51	5744	73	0	6127
29339	151	5771	171	62	0	6155
29340	5860	162	83	68	0	6173
29341	219	83	51	5829	0	6182
29342	5954	44	43	202	0	6243
29343	227	34	42	5916	0	6219
29344	133	48	37	6030	0	6248
29345	115	39	5791	234	0	6179
29346	5594	26	171	143	0	5934
29347	213	5859	81	97	0	6250
29348	123	157	5852	76	0	6208
29349	93	5892	160	78	0	6223
29350	5845	192	80	59	0	6176
29351	232	81	48	5778	0	6139
29352	5804	56	38	195	0	6093
29353	225	5766	57	95	0	6143
29354	5905	183	33	68	0	6189
29355	6032	81	30	64	0	6207
29356	6070	52	33	67	0	6222
29357	6051	39	27	49	0	6166
29358	298	5819	32	63	0	6212
29359	5876	162	32	47	0	6117
29360	248	81	37	5736	0	6102
29361	153	84	20	5712	0	5969
29362	121	5276	22	189	0	5608
29363	92	5228	25	91	0	5436
29364	89	5186	14	54	0	5343
29365	4807	145	24	45	0	5021
29366	139	4404	13	50	0	4606
29367	68	3968	19	25	0	4080
29368	3857	106	45	27	0	4035
29369	3776	47	9	15	0	3847
29370	119	3751	3	19	0	3892
29371	3708	73	8	16	0	3805
29372	105	31	3568	16	0	3720
29373	3482	38	65	13	0	3598
29374	97	24	3512	21	0	3654
29375	26	3168	55	14	0	3263
29376	26	3175	9	18	0	3228
29377	57	85	46	2969	0	3157
29378	3012	22	18	35	0	3087
29379	3071	17	4	11	0	3103
29380	3113	13	4	17	0	3147
29381	3114	11	4	7	0	3136
29382	3054	12	4	7	0	3077
29383	55	9	2958	5	0	3027
29384	25	16	2873	4	0	2918
29385	2945	7	38	7	0	2997
29386	40	2981	16	9	0	3046
29387	2918	34	14	5	0	2971
29388	2973	10	9	6	0	2998
29389	3041	8	5	13	0	3067
29390	3012	7	5	10	0	3034
29391	3031	9	2	11	0	3053
29392	45	4	3006	8	0	3063
29393	3056	8	28	7	0	3099
29394	3084	6	7	8	0	3105
29395	42	10	2959	7	0	3018
29396	2858	10	24	12	0	2904
29397	3015	9	12	9	0	3045
29398	47	6	3126	6	0	3185
29399	29	9	3084	6	0	3128
29400	26	3173	30	5	0	3234
29401	23	33	14	3166	0	3236
29402	26	6	3198	27	0	3257
29403	3232	12	30	12	0	3286
29404	48	8	13	3347	0	3416
29405	24	13	3412	32	0	3481
29406	3414	9	28	14	0	3465
29407	3490	7	11	12	0	3520
29408	3496	6	10	8	0	3520
29409	53	3545	7	12	0	3617
29410	35	34	7	3497	0	3573
29411	22	3558	9	34	0	3623
29412	3593	46	12	13	0	3664
29413	3582	14	11	9	0	3616
29414	51	15	3547	4	0	3617
29415	23	3403	27	9	0	3462
29416	21	3423	18	4	0	3466
29417	20	36	8	3379	0	3443
29418	20	14	5	3408	0	3447
29419	3408	7	9	31	0	3455
29420	47	3373	4	10	0	3434
29421	25	3363	3	8	0	3399
29422	29	36	3353	4	0	3422
29423	16	3408	22	5	0	3451
29424	3350	31	13	4	0	3398
29425	43	14	3307	8	0	3372
29426	3026	7	23	7	0	3063
29427	35	6	3160	9	0	3210
29428	2860	9	17	5	0	2891
29429	21	3137	6	9	0	3173
29430	3266	20	3	9	0	3298
29431	27	14	3365	4	0	3410
29432	3367	6	28	4	0	3405
29433	3384	6	8	5	0	3403
29434	38	7	3484	1	0	3530
29435	3466	7	21	3	0	3497
29436	3535	6	10	2	0	3553
29437	3485	1	6	1	0	3493
29438	39	3410	5	3	0	3457
29439	3439	22	3	1	0	3465
29440	27	10	3471	2	0	3510
29441	16	3607	16	4	0	3643
29442	3669	29	11	5	0	3714
29443	3634	13	6	3	0	3656
29444	3688	5	5	2	0	3700
29445	49	3668	1	8	0	3726
29446	19	29	7	4124	0	4179
29447	9	14	4127	53	0	4203
29448	10	2	59	4144	0	4215
29449	13	3	4294	60	0	4370
29450	4178	5	60	23	0	4266
29451	69	4336	20	3	0	4428
29452	33	60	6	4312	0	4411
29453	5	4397	9	58	0	4469
29454	11	62	5	4428	0	4506
29455	9	24	7	4416	0	4456
29456	11	4498	6	84	0	4599
29457	10	67	7	4572	0	4656
29458	15	26	1	4762	0	4804
29459	8	4754	4	92	0	4858
29460	6	4894	8	33	0	4941
29461	6	94	8	4858	0	4966
29462	8	25	4832	76	0	4941
29463	14	4928	68	29	0	5039
29464	8	89	27	4917	0	5041
29465	16	31	5099	86	0	5232
29466	9	5132	80	42	0	5263
29467	5117	89	26	20	0	5252
29468	84	38	5096	12	0	5230
29469	5079	18	84	15	0	5196
29470	86	7	29	5082	0	5204
29471	25	19	13	5125	0	5182
29472	15	15	9	5145	0	5184
29473	6	17	5041	113	0	5177
29474	19	14	5007	41	0	5081
29475	4893	17	98	13	0	5021
29476	87	11	30	5043	0	5171
29477	27	12	5086	95	0	5220
29478	5013	12	85	42	0	5152
29479	82	17	33	5065	0	5197
29480	41	8	17	5076	0	5142
29481	18	15	17	5069	0	5119
29482	19	5066	12	123	0	5220
29483	17	93	11	4973	0	5094
29484	13	4963	12	100	0	5088
29485	13	5150	10	51	0	5224
29486	5106	108	20	22	0	5256
29487	4872	37	19	32	0	4960
29488	5136	14	18	30	0	5198
29489	110	5029	15	22	0	5176
29490	5015	97	13	17	0	5142
29491	5093	34	11	22	0	5160
29492	114	16	24	4975	0	5129
29493	50	14	9	5026	0	5099
29494	23	18	4922	134	0	5097
29495	16	4989	87	61	0	5153
29496	4897	92	32	33	0	5054
29497	4964	42	26	18	0	5050
29498	103	4865	14	32	0	5014
29499	4873	86	12	25	0	4996
29500	4892	35	13	34	0	4974
29501	118	23	14	4811	0	4966
29502	44	4711	9	99	0	4863
29503	26	4891	16	38	0	4971
29504	4756	105	10	28	0	4899
29505	106	36	5	4730	0	4877
29506	34	16	4698	102	0	4850
29507	4575	18	89	42	0	4724
29508	96	32	4797	26	0	4951
29509	36	4736	79	31	0	4882
29510	4727	98	31	29	0	4885
29511	94	36	4726	36	0	4892
29512	41	36	86	4781	0	4944
29513	25	22	4908	100	0	5055
29514	22	4919	84	42	0	5067
29515	24	95	24	4950	0	5093
29516	24	45	4899	94	0	5062
29517	4671	26	84	51	0	4832
29518	96	4973	32	36	0	5137
29519	39	98	24	4896	0	5057
29520	30	5032	13	102	0	5177
29521	4981	90	22	40	0	5133
29522	4972	48	19	32	0	5071
29523	103	4979	9	34	0	5125
29524	46	83	29	4936	0	5094
29525	26	5028	20	77	0	5151
29526	4996	94	18	34	0	5142
29527	91	35	4985	31	0	5142
29528	43	31	4849	26	0	4949
29529	32	4884	92	37	0	5045
29530	28	4927	40	20	0	5015
29531	23	90	29	4813	0	4955
29532	4779	34	17	83	0	4913
29533	4798	29	21	38	0	4886
29534	4706	13	11	23	0	4753
29535	104	4821	17	34	0	4976
29536	27	84	23	4806	0	4940
29537	33	4863	11	70	0	4977
29538	4890	86	9	31	0	5016
29539	86	29	7	4865	0	4987
29540	41	17	4779	83	0	4920
29541	32	4737	74	25	0	4868
29542	4659	73	18	27	0	4777
29543	72	37	4647	24	0	4780
29544	4561	31	62	21	0	4675
29545	89	4578	20	14	0	4701
29546	16	4221	14	9	0	4260
29547	4141	40	9	8	0	4198
29548	43	4184	9	7	0	4243
29549	4073	35	4	7	0	4119
29550	38	4071	7	9	0	4125
29551	4093	36	16	6	0	4151
29552	4064	10	14	7	0	4095
29553	39	16	4120	7	0	4182
29554	16	11	3986	7	0	4020
29555	7	4063	27	17	0	4114
29556	3986	27	30	5	0	4048
29557	38	11	3888	3	0	3940
29558	3685	13	24	4	0	3726
29559	28	24	7	3701	0	3760
29560	8	5	3742	17	0	3772
29561	14	6	3570	1	0	3591
29562	6	5	3763	5	0	3779
29563	5	3760	18	6	0	3789
29564	29	55	27	3647	0	3758
29565	3562	1	4	9	0	3576
29566	8	2	2	3591	0	3603
29567	3629	1	1	10	0	3641
29568	10	0	2	3642	0	3654
29569	3682	1	4	12	0	3699
29570	3678	1	2	7	0	3688
29571	4150	2	3	5	0	4160
29572	34	4223	0	1	0	4258
29573	10	27	4269	4	0	4310
29574	7	9	32	4296	0	4344
29575	54	26	45	2558	0	2683
29576	2	2	3	4458	0	4465
29577	4	2	1	4406	0	4413
29578	4	4323	0	56	0	4383
29579	1	39	4255	13	0	4308
29580	2	4328	39	16	0	4385
29581	4	49	9	4200	0	4262
29582	1	21	5	4392	0	4419
29583	1	5	3	4426	0	4435
29584	3	2	0	4409	0	4414
29585	2	4264	1	59	0	4326
29586	2	4280	4	20	0	4306
29587	1	53	4213	10	0	4277
29588	4	13	43	4243	0	4303
29589	3	9	11	4298	0	4321
29590	1	2	5	4395	0	4403
29591	4389	4	2	63	0	4458
29592	44	4373	1	23	0	4441
29593	12	47	4362	12	0	4433
29594	4354	14	43	11	0	4422
29595	46	7	12	4423	0	4488
29596	4488	3	6	54	0	4551
29597	50	4	4	4501	0	4559
29598	4509	8	2	57	0	4576
29599	51	9	2	4491	0	4553
29600	4467	4	4	57	0	4532
29601	60	4	4510	17	0	4591
29602	19	2	42	4459	0	4522
29603	16	4554	11	46	0	4627
29604	6	50	5	4692	0	4753
29605	4659	16	3	57	0	4735
29606	52	4639	4	19	0	4714
29607	21	50	5	4897	0	4973
29608	9	4840	6	58	0	4913
29609	9	62	4	4891	0	4966
29610	11	20	4	4927	0	4962
29611	7	6	4812	79	0	4904
29612	15	8	57	4743	0	4823
29613	7	11	4636	69	0	4723
29614	7	4559	59	29	0	4654
29615	4594	66	19	13	0	4692
29616	60	19	4563	16	0	4658
29617	4492	11	60	14	0	4577
29618	4659	8	17	12	0	4696
29619	82	8	9	4670	0	4769
29620	23	7	4872	65	0	4967
29621	4798	9	76	25	0	4908
29622	5155	4	28	16	0	5203
29623	90	10	15	5028	0	5143
29624	39	10	8	5079	0	5136
29625	17	5047	11	95	0	5170
29626	17	82	10	5020	0	5129
29627	8	5028	13	114	0	5163
29628	13	76	5023	36	0	5148
29629	9	34	76	4957	0	5076
29630	4875	12	29	87	0	5003
29631	4936	9	10	27	0	4982
29632	88	4919	5	17	0	5029
29633	33	65	4	5011	0	5113
29634	5033	27	5	86	0	5151
29635	83	4856	7	34	0	4980
29636	4885	81	1	28	0	4995
29637	85	31	2	5086	0	5204
29638	5373	16	6	88	0	5483
29639	96	17	5835	37	0	5985
29640	33	5890	100	30	0	6053
29641	5905	106	36	17	0	6064
29642	105	6068	14	21	0	6208
29643	6170	121	8	14	0	6313
29644	6369	38	8	17	0	6432
29645	165	21	6319	6	0	6511
29646	64	13	123	6260	0	6460
29647	6411	14	38	131	0	6594
29648	138	11	6336	47	0	6532
29649	6346	9	129	24	0	6508
29650	151	16	35	6353	0	6555
29651	64	13	6323	128	0	6528
29652	30	9	132	6284	0	6455
29653	6162	12	43	144	0	6361
29654	140	8	6197	51	0	6396
29655	47	18	129	6203	0	6397
29656	43	8	42	6316	0	6409
29657	6253	13	22	163	0	6451
29658	6277	10	24	58	0	6369
29659	170	6253	18	49	0	6490
29660	64	133	11	6229	0	6437
29661	42	36	22	6304	0	6404
29662	31	21	13	6266	0	6331
29663	6106	10	18	180	0	6314
29664	6195	16	22	69	0	6302
29665	176	16	19	6073	0	6284
29666	76	5957	11	157	0	6201
29667	60	133	19	5883	0	6095
29668	40	6021	17	154	0	6232
29669	5914	132	14	72	0	6132
29670	148	5784	16	55	0	6003
29671	5424	107	23	45	0	5599
29672	137	50	12	5320	0	5519
29673	5280	22	17	112	0	5431
29674	136	18	5171	59	0	5384
29675	63	5222	97	57	0	5439
29676	5149	97	57	42	0	5345
29677	5215	37	30	32	0	5314
29678	149	26	18	5064	0	5257
29679	72	5091	19	108	0	5290
29680	46	90	19	5228	0	5383
29681	48	39	17	5289	0	5393
29682	43	23	18	5302	0	5386
29683	5215	26	19	150	0	5410
29684	5316	24	17	68	0	5425
29685	147	20	15	5193	0	5375
29686	83	5209	12	120	0	5424
29687	5294	87	11	67	0	5459
29688	129	42	5218	55	0	5444
29689	67	26	96	5282	0	5471
29690	52	27	5279	132	0	5490
29691	52	23	99	5245	0	5419
29692	42	23	5215	134	0	5414
29693	51	21	95	5235	0	5402
29694	5225	25	45	133	0	5428
29695	5232	25	22	77	0	5356
29696	141	5097	18	55	0	5311
29697	5209	95	10	51	0	5365
29698	143	46	17	5143	0	5349
29699	76	38	17	5253	0	5384
29700	5220	28	16	146	0	5410
29701	127	25	5085	80	0	5317
29702	73	19	5096	66	0	5254
29703	71	22	5012	38	0	5143
29704	4896	24	124	46	0	5090
29705	120	22	5018	51	0	5211
29706	68	17	4842	53	0	4980
29707	4590	31	110	49	0	4780
29708	124	4657	52	40	0	4873
29709	65	87	28	4722	0	4902
29710	58	32	28	4807	0	4925
29711	33	31	4753	133	0	4950
29712	4730	25	87	69	0	4911
29713	4784	12	44	50	0	4890
29714	4569	19	48	39	0	4675
29715	138	11	4740	51	0	4940
29716	4669	24	92	35	0	4820
29717	134	9	4601	50	0	4794
29718	53	4558	94	45	0	4750
29719	50	4647	44	52	0	4793
29720	4360	80	36	34	0	4510
29721	85	4274	23	40	0	4422
29722	52	4249	20	37	0	4358
29723	4211	83	14	35	0	4343
29724	98	4199	18	29	0	4344
29725	4173	81	25	31	0	4310
29726	103	32	21	4206	0	4362
29727	54	22	28	4270	0	4374
29728	53	15	23	4280	0	4371
29729	36	20	25	4233	0	4314
29730	31	4173	26	106	0	4336
29731	4229	68	33	53	0	4383
29732	101	4413	21	34	0	4569
29733	50	4524	24	60	0	4658
29734	52	109	4611	30	0	4802
29735	4507	40	104	42	0	4693
29736	130	24	4809	35	0	4998
29737	68	14	4909	32	0	5023
29738	43	4705	130	30	0	4908
29739	18	4539	32	17	0	4606
29740	4612	133	46	12	0	4803
29741	125	4909	16	13	0	5063
29742	53	137	4792	8	0	4990
29743	31	4693	121	8	0	4853
29744	13	141	4638	9	0	4801
29745	6	45	4588	5	0	4644
29746	4311	27	176	4	0	4518
29747	119	21	4474	5	0	4619
29748	45	9	148	4292	0	4494
29749	4281	11	51	113	0	4456
29750	112	4249	37	45	0	4443
29751	46	118	4294	26	0	4484
29752	4276	39	119	10	0	4444
29753	127	30	48	4132	0	4337
29754	44	4076	38	110	0	4268
29755	32	110	4184	36	0	4362
29756	4137	43	120	22	0	4322
29757	123	24	4213	11	0	4371
29758	53	10	140	4158	0	4361
29759	30	6	4122	115	0	4273
29760	16	10	140	4100	0	4266
29761	4027	10	61	147	0	4245
29762	122	4111	29	54	0	4316
29763	4152	116	26	33	0	4327
29764	147	45	4105	17	0	4314
29765	51	30	132	4190	0	4403
29766	37	14	4235	125	0	4411
29767	4180	8	151	43	0	4382
29768	4291	14	47	31	0	4383
29769	163	4230	45	24	0	4462
29770	4326	117	25	12	0	4480
29771	4421	41	11	16	0	4489
29772	174	36	12	4258	0	4480
29773	83	15	4232	119	0	4449
29774	50	4140	122	45	0	4357
29775	26	121	45	4188	0	4380
29776	4205	47	31	123	0	4406
29777	133	36	4154	42	0	4365
29778	53	14	4185	40	0	4292
29779	43	11	4136	15	0	4205
29780	4001	12	177	14	0	4204
29781	135	11	4072	16	0	4234
29782	3976	12	167	10	0	4165
29783	161	8	3833	9	0	4011
29784	60	3920	144	8	0	4132
29785	42	114	64	3831	0	4051
29786	31	44	3874	113	0	4062
29787	14	3761	147	43	0	3965
29788	25	3912	55	31	0	4023
29789	27	157	43	3763	0	3990
29790	3735	67	20	124	0	3946
29791	123	41	27	3768	0	3959
29792	3715	26	21	142	0	3904
29793	151	19	23	3717	0	3910
29794	64	22	3657	148	0	3891
29795	43	22	3751	60	0	3876
29796	3620	20	171	36	0	3847
29797	3707	16	83	27	0	3833
29798	176	19	3591	19	0	3805
29799	3550	17	149	26	0	3742
29800	174	15	3570	9	0	3768
29801	67	3369	165	17	0	3618
29802	57	3421	73	10	0	3561
29803	45	3443	48	20	0	3556
29804	34	169	41	3304	0	3548
29805	3292	70	34	129	0	3525
29806	3387	47	29	49	0	3512
29807	174	31	30	3284	0	3519
29808	86	22	3150	134	0	3392
29809	63	21	130	3157	0	3371
29810	36	23	3150	151	0	3360
29811	31	23	155	3111	0	3320
29812	3074	12	75	154	0	3315
29813	3168	11	53	64	0	3296
29814	3190	12	41	46	0	3289
29815	3209	15	33	34	0	3291
29816	199	10	37	3016	0	3262
29817	94	15	28	3131	0	3268
29818	3047	11	31	162	0	3251
29819	3144	12	25	76	0	3257
29820	186	18	29	3021	0	3254
29821	91	10	24	3120	0	3245
29822	66	13	23	3101	0	3203
29823	44	14	20	3144	0	3222
29824	2987	15	19	196	0	3217
29825	146	20	2904	91	0	3161
29826	68	13	124	2894	0	3099
29827	2873	7	63	151	0	3094
29828	155	10	2819	70	0	3054
29829	69	10	136	2837	0	3052
29830	58	16	2822	136	0	3032
29831	42	2703	141	66	0	2952
29832	50	105	64	2455	0	2674
29833	2272	34	48	122	0	2476
29834	110	48	37	2075	0	2270
29835	53	1993	35	117	0	2198
29836	46	1857	26	51	0	1980
29837	29	1511	15	29	0	1584
29838	28	1365	25	26	0	1444
29839	761	88	100	78	0	1027
29840	40	46	30	497	0	613
29841	2	3	400	10	0	415
29842	4	0	8	368	0	380
29843	3	2	359	9	0	373
29844	359	1	6	7	0	373
29845	8	1	2	358	0	369
29846	5	1	5	362	0	373
29847	5	2	1	363	0	371
29848	6	1	1	363	0	371
29849	358	0	1	11	0	370
29850	357	0	2	8	0	367
29851	8	1	2	355	0	366
29852	348	2	2	8	0	360
29853	8	2	339	6	0	355
29854	6	330	5	5	0	346
29855	4	4	4	334	0	346
29856	1	4	3	330	0	338
29857	2	323	3	6	0	334
29858	1	4	2	323	0	330
29859	4	6	1	315	0	326
29860	318	0	3	4	0	325
29861	5	1	295	6	0	307
29862	2	0	277	5	0	284
29863	278	0	6	1	0	285
29864	3	2	258	2	0	265
29865	140	0	10	2	0	152
29866	124	0	6	1	0	131
29867	1	5	1	93	0	100
29868	1	0	68	2	0	71
29869	53	3	2	1	0	59
29870	2	53	0	0	0	55
29871	35	4	4	0	0	43
29872	28	0	4	0	0	32
29873	27	0	0	0	0	27
29874	77	0	1	0	0	78
29875	76	0	0	0	0	76
29876	77	0	0	0	0	77
29877	76	0	0	1	0	77
29878	76	0	1	0	0	77
29879	77	0	1	0	0	78
29880	77	1	0	0	0	78
29881	78	0	0	0	0	78
29882	78	0	0	0	0	78
29883	74	0	0	0	0	74
29884	72	0	0	0	0	72
29885	65	0	0	0	0	65
29886	78	0	0	0	0	78
29887	77	0	0	0	0	77
29888	73	0	0	0	0	73
29889	67	0	0	0	0	67
29890	73	0	0	0	0	73
29891	74	0	0	0	0	74
29892	77	0	0	0	0	77
29893	74	0	0	0	0	74
29894	73	0	0	0	0	73
29895	71	0	0	0	0	71
29896	65	0	0	0	0	65
29897	64	0	0	0	0	64
29898	67	0	0	0	0	67
29899	70	0	0	0	0	70
29900	73	0	0	0	0	73
29901	67	0	0	0	0	67
29902	61	0	0	0	0	61
29903	59	0	4	0	0	63
