Pos	A	C	G	T	Other	Total
1	0	0	0	0	0	0
2	0	0	0	0	0	0
3	0	0	0	0	0	0
4	0	0	0	0	0	0
5	0	0	0	0	0	0
6	0	0	0	0	0	0
7	0	0	0	0	0	0
8	0	0	0	0	0	0
9	0	0	0	0	0	0
10	0	0	0	0	0	0
11	0	0	0	0	0	0
12	4	0	0	0	0	4
13	0	0	0	19	0	19
14	34	0	0	0	0	34
15	0	67	0	0	0	67
16	0	168	0	0	0	168
17	0	0	0	347	0	347
18	0	0	0	375	0	375
19	0	490	0	0	0	490
20	0	531	1	0	0	532
21	0	571	0	5	0	576
22	603	0	0	1	0	604
23	0	0	617	1	0	618
24	0	0	624	1	0	625
25	0	0	0	679	0	679
26	709	0	0	1	0	710
27	710	0	1	0	0	711
28	0	727	2	0	0	729
29	880	0	0	4	0	884
30	924	0	0	1	0	925
31	945	0	0	4	0	949
32	0	950	2	0	0	952
33	0	984	0	1	0	985
34	1021	0	0	1	0	1022
35	1020	0	1	0	0	1021
36	0	1035	1	2	0	1038
37	0	1092	0	1	0	1093
38	1098	0	0	0	0	1098
39	1095	0	0	1	0	1096
40	0	1132	1	4	0	1137
41	0	0	0	1167	0	1167
42	0	0	0	1177	0	1177
43	1	0	0	1171	0	1172
44	1	1169	0	0	0	1170
45	1	0	1133	0	0	1134
46	1030	0	0	2	0	1032
47	0	0	0	1183	0	1183
48	0	1201	1	1	0	1203
49	0	0	0	1205	0	1205
50	0	1213	1	0	0	1214
51	0	1	0	1211	0	1212
52	0	0	0	1223	0	1223
53	0	0	1247	2	0	1249
54	0	3	0	1219	0	1222
55	1225	0	1	0	0	1226
56	0	3	1235	2	0	1240
57	1190	0	3	0	0	1193
58	0	0	0	1253	0	1253
59	0	1260	0	1	0	1261
60	0	1	0	1263	0	1264
61	0	4	1272	0	0	1276
62	2	0	0	1257	0	1259
63	0	0	0	1289	0	1289
64	1	1302	1	0	0	1304
65	0	0	0	1306	0	1306
66	1	1297	1	1	0	1300
67	0	2	0	1310	0	1312
68	1312	0	0	1	0	1313
69	1275	0	2	2	0	1279
70	1297	0	0	1	0	1298
71	1	1349	1	0	0	1351
72	1	2	1320	1	0	1324
73	1274	0	2	1	0	1277
74	1372	0	1	1	0	1374
75	1	1405	0	1	0	1407
76	2	2	0	1358	0	1362
77	1	1	0	1335	0	1337
78	0	1	0	1299	0	1300
79	1306	1	0	8	0	1315
80	1302	0	0	5	0	1307
81	1308	1	0	1	0	1310
82	1310	0	0	3	0	1313
83	5	1	0	1312	0	1318
84	4	1305	1	6	0	1316
85	2	1	0	1332	0	1335
86	3	3	1336	1	0	1343
87	2	4	1	1362	0	1369
88	2	1	1388	7	0	1398
89	1	0	3	1375	0	1379
90	0	2	1438	8	0	1448
91	5	2	1436	10	0	1453
92	4	1484	16	1	0	1505
93	4	6	5	1550	0	1565
94	4	8	1599	7	0	1618
95	1	1	6	1566	0	1574
96	2	1612	11	7	0	1632
97	1591	6	0	22	0	1619
98	7	1659	5	0	0	1671
99	8	5	2	1611	0	1626
100	0	1659	7	6	0	1672
101	2	8	1590	11	0	1611
102	2	10	1613	0	0	1625
103	0	1628	19	11	0	1658
104	0	12	7	1653	0	1672
105	0	9	1652	14	0	1675
106	0	1649	13	12	0	1674
107	1643	7	9	4	0	1663
108	10	11	1	1654	0	1676
109	13	3	1700	8	0	1724
110	1	1709	8	9	0	1727
111	2	6	9	1709	0	1726
112	0	14	0	1721	0	1735
113	1584	0	6	19	0	1609
114	5	2	1712	8	0	1727
115	7	4	7	1662	0	1680
116	0	3	1624	12	0	1639
117	2	1453	11	10	0	1476
118	1397	11	9	3	0	1420
119	11	1369	1	6	0	1387
120	7	8	2	1319	0	1336
121	0	1333	7	7	0	1347
122	1255	11	3	9	0	1278
123	8	1282	0	6	0	1296
124	9	11	1234	11	0	1265
125	7	1241	8	4	0	1260
126	1199	8	12	4	0	1223
127	8	11	1232	4	0	1255
128	9	2	11	1227	0	1249
129	1132	7	10	7	0	1156
130	12	2	2	1108	0	1124
131	1107	7	1	10	0	1125
132	1114	3	0	15	0	1132
133	18	5	2	1094	0	1119
134	13	4	2	1089	0	1108
135	1075	5	1	18	0	1099
136	1076	2	5	12	0	1095
137	20	5	2	1049	0	1076
138	1059	2	1	11	0	1073
139	1061	3	5	12	0	1081
140	20	1042	2	8	0	1072
141	18	10	0	1041	0	1069
142	1051	8	1	13	0	1073
143	1059	3	1	14	0	1077
144	20	2	3	1049	0	1074
145	11	2	2	1068	0	1083
146	1047	1	2	24	0	1074
147	15	1057	3	13	0	1088
148	15	8	3	1042	0	1068
149	6	9	1040	14	0	1069
150	9	2	10	1007	0	1028
151	6	1019	10	11	0	1046
152	3	14	1034	11	0	1062
153	2	12	11	995	0	1020
154	9	2	10	989	0	1010
155	6	3	1021	19	0	1049
156	916	1	9	21	0	947
157	11	1043	10	6	0	1070
158	1043	10	2	5	0	1060
159	9	13	1039	2	0	1063
160	10	5	1100	6	0	1121
161	1014	5	23	5	0	1047
162	11	1084	13	6	0	1114
163	1089	15	5	2	0	1111
164	11	1092	9	6	0	1118
165	11	12	1077	8	0	1108
166	1033	9	11	6	0	1059
167	13	6	1110	2	0	1131
168	16	5	7	1087	0	1115
169	1084	6	12	11	0	1113
170	1073	2	3	14	0	1092
171	16	1064	10	3	0	1093
172	15	22	6	1019	0	1062
173	8	1048	4	11	0	1071
174	4	15	1040	13	0	1072
175	10	27	10	956	0	1003
176	6	964	9	6	0	985
177	2	8	2	961	0	973
178	838	5	2	10	0	855
179	9	0	2	925	0	936
180	7	929	4	8	0	948
181	2	7	0	934	0	943
182	1	7	1	932	0	941
183	6	922	0	14	0	942
184	0	8	1	936	0	945
185	1	6	910	10	0	927
186	5	904	7	6	0	922
187	822	8	3	3	0	836
188	8	3	858	4	0	873
189	6	0	839	4	0	849
190	2	811	9	3	0	825
191	7	15	6	756	0	784
192	1	2	743	8	0	754
193	3	643	3	5	0	654
194	8	4	3	648	0	663
195	1	2	1	662	0	666
196	642	0	2	5	0	649
197	3	641	2	3	0	649
198	2	4	612	2	0	620
199	3	1	632	2	0	638
200	2	1	4	600	0	607
201	1	2	1	752	0	756
202	0	1	2	743	0	746
203	2	886	1	10	0	899
204	0	15	955	3	0	973
205	3	10	15	1002	0	1030
206	1	1103	12	17	0	1133
207	1	1144	3	15	0	1163
208	2	34	1214	1	0	1251
209	0	14	27	1202	0	1243
210	1	4	1397	25	0	1427
211	1	3	28	1373	0	1405
212	1	2	18	1421	0	1442
213	4	3	1409	42	0	1458
214	4	1389	32	22	0	1447
215	1374	25	19	6	0	1424
216	31	21	1394	3	0	1449
217	18	1388	32	11	0	1449
218	4	1428	23	5	0	1460
219	5	52	1369	2	0	1428
220	1351	24	34	0	0	1409
221	32	10	22	1200	0	1264
222	17	1396	12	24	0	1449
223	1399	33	4	21	0	1457
224	28	19	8	1325	0	1380
225	20	1396	7	36	0	1459
226	1397	32	7	21	0	1457
227	32	27	1383	12	0	1454
228	20	1376	39	6	0	1441
229	1326	35	24	9	0	1394
230	27	1361	14	9	0	1411
231	1336	44	6	7	0	1393
232	33	28	12	1264	0	1337
233	21	1299	12	32	0	1364
234	6	36	6	1310	0	1358
235	1290	23	13	35	0	1361
236	37	12	1268	26	0	1343
237	23	7	1305	14	0	1349
238	10	9	54	1261	0	1334
239	8	14	25	1279	0	1326
240	13	14	11	1252	0	1290
241	8	1222	20	46	0	1296
242	11	46	1214	22	0	1293
243	11	29	36	1122	0	1198
244	8	1220	27	39	0	1294
245	14	1238	10	26	0	1288
246	9	55	1225	15	0	1304
247	10	32	1242	9	0	1293
248	17	12	1264	14	0	1307
249	9	13	55	1213	0	1290
250	6	23	1255	34	0	1318
251	19	8	42	1247	0	1316
252	7	8	1279	46	0	1340
253	1173	19	38	28	0	1258
254	36	1302	29	17	0	1384
255	23	1423	16	14	0	1476
256	15	57	1539	15	0	1626
257	1480	34	48	15	0	1577
258	1550	23	31	11	0	1615
259	1568	13	20	11	0	1612
260	65	13	1466	9	0	1553
261	29	19	1503	12	0	1563
262	18	8	72	1453	0	1551
263	1455	12	36	51	0	1554
264	1477	8	25	35	0	1545
265	63	12	1438	23	0	1536
266	1444	21	56	12	0	1533
267	54	12	39	1428	0	1533
268	30	14	1452	54	0	1550
269	12	20	1470	27	0	1529
270	1405	17	77	11	0	1510
271	49	10	1461	19	0	1539
272	1400	13	69	16	0	1498
273	53	14	1463	12	0	1542
274	29	1387	74	21	0	1511
275	16	1453	46	17	0	1532
276	19	67	27	1400	0	1513
277	17	37	28	1463	0	1545
278	25	17	1442	65	0	1549
279	22	15	62	1378	0	1477
280	18	1391	48	52	0	1509
281	20	1443	30	34	0	1527
282	25	1479	30	19	0	1553
283	24	67	31	1419	0	1541
284	27	31	1450	49	0	1557
285	17	21	1466	29	0	1533
286	26	21	73	1397	0	1517
287	23	15	40	1444	0	1522
288	31	22	20	1300	0	1373
289	25	1417	32	65	0	1539
290	1433	45	26	40	0	1544
291	1447	31	19	23	0	1520
292	75	1416	27	20	0	1538
293	34	56	1436	18	0	1544
294	1427	36	57	9	0	1529
295	60	18	1476	18	0	1572
296	1452	23	63	11	0	1549
297	1470	16	45	17	0	1548
298	1480	18	24	22	0	1544
299	1445	16	23	25	0	1509
300	76	1426	27	25	0	1554
301	1285	44	20	21	0	1370
302	50	1294	20	23	0	1387
303	1129	44	11	15	0	1199
304	37	1082	21	11	0	1151
305	33	32	955	6	0	1026
306	11	103	30	771	0	915
307	16	866	16	32	0	930
308	13	806	17	13	0	849
309	707	48	39	12	0	806
310	618	12	5	10	0	645
311	27	647	3	8	0	685
312	14	17	6	637	0	674
313	8	686	11	11	0	716
314	687	13	11	9	0	720
315	19	9	691	7	0	726
316	16	5	23	665	0	709
317	8	3	18	686	0	715
318	14	3	6	695	0	718
319	8	4	686	23	0	721
320	13	677	19	13	0	722
321	8	702	19	4	0	733
322	14	28	5	704	0	751
323	8	14	718	15	0	755
324	9	11	17	708	0	745
325	8	12	12	714	0	746
326	7	8	8	727	0	750
327	6	6	3	723	0	738
328	696	11	8	26	0	741
329	16	712	8	14	0	750
330	707	23	4	9	0	743
331	20	17	701	13	0	751
332	14	12	722	5	0	753
333	12	9	27	629	0	677
334	10	8	14	667	0	699
335	6	740	8	22	0	776
336	1	20	735	19	0	775
337	6	752	20	9	0	787
338	9	18	750	9	0	786
339	677	12	22	7	0	718
340	19	752	11	10	0	792
341	13	19	752	8	0	792
342	12	12	18	736	0	778
343	6	9	762	16	0	793
344	7	767	17	13	0	804
345	7	18	15	713	0	753
346	10	745	11	21	0	787
347	12	17	753	13	0	795
348	7	14	15	736	0	772
349	745	7	12	22	0	786
350	20	746	5	17	0	788
351	19	19	725	6	0	769
352	8	39	15	662	0	724
353	11	8	704	19	0	742
354	6	10	610	16	0	642
355	2	536	24	4	0	566
356	3	3	3	398	0	407
357	1	4	3	407	0	415
358	4	3	0	405	0	412
359	2	1	406	5	0	414
360	1	1	401	4	0	407
361	340	0	5	3	0	348
362	3	2	399	0	0	404
363	368	2	3	2	0	375
364	3	409	6	1	0	419
365	2	3	2	387	0	394
366	1	434	2	4	0	441
367	0	439	4	6	0	449
368	1	5	414	3	0	423
369	0	9	3	397	0	409
370	0	4	413	3	0	420
371	1	1	392	9	0	403
372	376	0	7	2	0	385
373	2	3	400	2	0	407
374	3	1	395	2	0	401
375	368	3	5	4	0	380
376	4	0	407	2	0	413
377	4	0	418	1	0	423
378	2	3	7	393	0	405
379	2	426	6	4	0	438
380	1	2	4	431	0	438
381	0	4	4	430	0	438
382	437	2	3	5	0	447
383	2	3	2	412	0	419
384	4	436	2	5	0	447
385	432	3	4	2	0	441
386	4	6	430	3	0	443
387	395	2	7	2	0	406
388	6	0	442	4	0	452
389	5	2	463	1	0	471
390	3	475	8	0	0	486
391	464	3	6	2	0	475
392	4	482	3	1	0	490
393	2	8	487	0	0	497
394	3	2	3	458	0	466
395	2	485	3	0	0	490
396	477	4	5	3	0	489
397	472	4	3	3	0	482
398	8	486	1	3	0	498
399	500	5	3	2	0	510
400	3	3	5	499	0	510
401	5	520	0	6	0	531
402	1	3	3	525	0	532
403	0	5	1	544	0	550
404	545	3	1	7	0	556
405	522	1	3	7	0	533
406	530	0	3	3	0	536
407	5	1	540	1	0	547
408	524	4	6	0	0	534
409	5	1	5	547	0	558
410	7	3	545	2	0	557
411	3	2	495	5	0	505
412	2	486	3	3	0	494
413	444	5	2	1	0	452
414	5	470	1	0	0	476
415	1	1	3	467	0	472
416	1	1	2	472	0	476
417	2	2	479	3	0	486
418	2	0	2	454	0	458
419	1	4	481	0	0	486
420	0	1	453	1	0	455
421	2	469	1	0	0	472
422	0	0	0	446	0	446
423	1	0	3	441	0	445
424	453	0	3	0	0	456
425	1	1	452	0	0	454
426	1	0	2	468	0	471
427	465	1	1	0	0	467
428	1	1	481	0	0	483
429	469	0	1	0	0	470
430	488	1	2	0	0	491
431	0	2	517	1	0	520
432	0	1	2	488	0	491
433	0	0	0	490	0	490
434	0	1	503	3	0	507
435	474	0	1	1	0	476
436	503	0	0	1	0	504
437	478	1	1	0	0	480
438	481	0	2	1	0	484
439	484	0	1	1	0	486
440	2	0	454	1	0	457
441	0	1	500	0	0	501
442	1	500	2	2	0	505
443	1	3	500	1	0	505
444	0	0	1	486	0	487
445	0	3	1	367	0	371
446	0	0	0	499	0	499
447	0	0	2	498	0	500
448	1	0	502	1	0	504
449	1	491	0	1	0	493
450	1	547	1	2	0	551
451	3	2	0	529	0	534
452	2	554	0	2	0	558
453	548	0	0	1	0	549
454	546	2	1	0	0	549
455	3	585	0	0	0	588
456	2	0	1	588	0	591
457	1	2	0	607	0	610
458	2	1	603	3	0	609
459	537	0	1	7	0	545
460	605	1	2	1	0	609
461	7	639	1	1	0	648
462	624	3	2	1	0	630
463	5	3	664	0	0	672
464	4	644	3	2	0	653
465	1	684	5	2	0	692
466	1	669	5	1	0	676
467	2	6	1	650	0	659
468	653	4	1	3	0	661
469	3	1	0	678	0	682
470	2	2	703	6	0	713
471	0	1	3	711	0	715
472	2	2	765	4	0	773
473	0	1	3	728	0	732
474	0	1	8	706	0	715
475	2	758	4	6	0	770
476	766	4	3	7	0	780
477	2	6	2	739	0	749
478	6	752	3	3	0	764
479	728	3	1	8	0	740
480	662	6	6	3	0	677
481	736	3	2	3	0	744
482	8	764	1	4	0	777
483	7	3	754	2	0	766
484	2	7	5	757	0	771
485	3	4	6	738	0	751
486	2	779	4	9	0	794
487	1	3	789	7	0	800
488	3	9	793	4	0	809
489	740	0	11	3	0	754
490	6	3	9	765	0	783
491	7	2	806	6	0	821
492	3	842	5	7	0	857
493	3	4	5	773	0	785
494	5	834	1	3	0	843
495	0	4	825	4	0	833
496	761	5	4	1	0	771
497	819	2	5	3	0	829
498	8	839	6	0	0	853
499	8	2	0	818	0	828
500	3	7	814	5	0	829
501	1	799	6	6	0	812
502	771	4	6	4	0	785
503	4	774	4	3	0	785
504	6	784	2	1	0	793
505	10	11	0	752	0	773
506	2	781	1	4	0	788
507	760	3	3	7	0	773
508	4	5	0	766	0	775
509	7	0	752	5	0	764
510	0	4	735	6	0	745
511	3	0	8	721	0	732
512	0	748	6	5	0	759
513	750	4	0	7	0	761
514	5	7	0	737	0	749
515	5	1	738	3	0	747
516	3	0	3	728	0	734
517	1	2	5	731	0	739
518	728	2	2	8	0	740
519	3	0	2	722	0	727
520	5	0	749	3	0	757
521	1	3	769	4	0	777
522	2	0	10	783	0	795
523	1	1	7	797	0	806
524	4	2	799	7	0	812
525	684	1	3	10	0	698
526	3	5	812	0	0	820
527	6	817	4	0	0	827
528	2	3	5	818	0	828
529	3	7	814	6	0	830
530	0	4	810	6	0	820
531	3	4	9	761	0	777
532	781	1	7	6	0	795
533	4	4	777	6	0	791
534	6	797	5	4	0	812
535	802	6	9	1	0	818
536	3	10	821	2	0	836
537	762	0	6	1	0	769
538	807	1	5	4	0	817
539	9	830	6	1	0	846
540	6	4	1	797	0	808
541	0	859	3	5	0	867
542	3	4	844	7	0	858
543	787	6	5	6	0	804
544	870	2	9	0	0	881
545	14	1	883	1	0	899
546	5	2	860	4	0	871
547	0	907	11	1	0	919
548	909	6	8	3	0	926
549	6	7	2	903	0	918
550	10	0	4	829	0	843
551	0	868	0	16	0	884
552	839	5	3	7	0	854
553	8	7	887	2	0	904
554	6	1	7	919	0	933
555	931	1	9	11	0	952
556	8	943	7	10	0	968
557	5	7	1097	2	0	1111
558	3	7	1118	3	0	1131
559	0	5	24	1033	0	1062
560	2	1125	12	15	0	1154
561	1	12	1131	10	0	1154
562	1	18	12	1110	0	1141
563	1135	1	15	15	0	1166
564	17	1	1190	14	0	1222
565	15	3	16	1161	0	1195
566	4	2	1201	12	0	1219
567	3	4	1223	16	0	1246
568	2	10	33	1198	0	1243
569	3	4	1230	14	0	1251
570	973	2	14	18	0	1007
571	13	0	1210	2	0	1225
572	1083	0	15	1	0	1099
573	16	1181	12	2	0	1211
574	1183	13	5	3	0	1204
575	14	1244	2	2	0	1262
576	12	13	1	1201	0	1227
577	4	12	3	1240	0	1259
578	2	1	1222	27	0	1252
579	0	1	1234	15	0	1250
580	1	2	28	1223	0	1254
581	2	3	1257	14	0	1276
582	2	2	17	1144	0	1165
583	2	1226	14	17	0	1259
584	2	1253	7	14	0	1276
585	3	25	4	1224	0	1256
586	5	15	6	1236	0	1262
587	2	4	1213	26	0	1245
588	1	3	15	1141	0	1160
589	0	1189	21	17	0	1227
590	0	1195	5	19	0	1219
591	4	1197	3	8	0	1212
592	3	27	9	1042	0	1081
593	2	1129	4	18	0	1153
594	1114	13	7	15	0	1149
595	15	14	8	1116	0	1153
596	12	7	1127	21	0	1167
597	6	11	17	1111	0	1145
598	5	4	1146	16	0	1171
599	1	4	1140	21	0	1166
600	3	1	1163	9	0	1176
601	5	1138	32	4	0	1179
602	6	16	1155	5	0	1182
603	1125	16	22	6	0	1169
604	1157	7	17	8	0	1189
605	1186	5	5	7	0	1203
606	29	4	11	1159	0	1203
607	1164	5	7	17	0	1193
608	18	1138	6	20	0	1182
609	17	1177	9	6	0	1209
610	1162	26	8	7	0	1203
611	16	19	1198	9	0	1242
612	17	11	19	1165	0	1212
613	4	6	1239	20	0	1269
614	3	9	1213	22	0	1247
615	3	1207	32	7	0	1249
616	4	15	18	1141	0	1178
617	8	18	3	1204	0	1233
618	1177	10	7	27	0	1221
619	12	1199	5	28	0	1244
620	13	1205	8	11	0	1237
621	5	28	1181	3	0	1217
622	3	1194	18	5	0	1220
623	1139	20	18	7	0	1184
624	1151	17	12	3	0	1183
625	28	5	1174	8	0	1215
626	20	4	1180	4	0	1208
627	9	7	32	1112	0	1160
628	8	8	22	1104	0	1142
629	3	1150	8	30	0	1191
630	6	21	7	1142	0	1176
631	11	14	5	1133	0	1163
632	7	1160	8	25	0	1200
633	8	15	10	1149	0	1182
634	3	15	13	1106	0	1137
635	6	1108	8	31	0	1153
636	3	22	1133	22	0	1180
637	5	19	17	1145	0	1186
638	1149	8	16	15	0	1188
639	1130	1	10	21	0	1162
640	27	6	1125	15	0	1173
641	1086	4	20	7	0	1117
642	1095	10	20	4	0	1129
643	22	1110	7	6	0	1145
644	19	12	1057	6	0	1094
645	7	18	1069	10	0	1104
646	13	11	25	1057	0	1106
647	1086	5	21	16	0	1128
648	1134	6	11	20	0	1171
649	28	5	9	1209	0	1251
650	1335	11	4	20	0	1370
651	1360	7	4	22	0	1393
652	1314	5	7	11	0	1337
653	25	10	1317	6	0	1358
654	17	10	1310	7	0	1344
655	1241	2	27	11	0	1281
656	18	4	1278	10	0	1310
657	10	1091	21	4	0	1126
658	9	9	28	1058	0	1104
659	3	3	1136	7	0	1149
660	5	4	1093	2	0	1104
661	7	13	10	1053	0	1083
662	3	1	1105	7	0	1116
663	4	8	1075	1	0	1088
664	3	988	10	4	0	1005
665	2	1050	4	8	0	1064
666	1048	4	10	1	0	1063
667	6	2	1	1038	0	1047
668	1026	4	5	4	0	1039
669	7	2	1049	1	0	1059
670	1	3	8	1025	0	1037
671	2	5	1	1021	0	1029
672	978	1	3	6	0	988
673	4	1016	6	5	0	1031
674	3	6	982	4	0	995
675	5	3	978	3	0	989
676	2	1004	8	5	0	1019
677	1	5	1013	4	0	1023
678	3	1016	7	2	0	1028
679	1	984	3	1	0	989
680	2	6	958	4	0	970
681	907	1	8	3	0	919
682	7	5	0	1009	0	1021
683	0	1063	5	7	0	1075
684	2	9	1	1037	0	1049
685	1050	3	1	5	0	1059
686	1059	1	8	1	0	1069
687	1059	2	0	2	0	1063
688	5	0	1066	5	0	1076
689	4	3	6	1009	0	1022
690	1	1084	2	8	0	1095
691	1122	4	3	2	0	1131
692	7	3	4	1122	0	1136
693	5	4	0	1108	0	1117
694	0	3	5	1140	0	1148
695	3	0	1119	7	0	1129
696	939	5	5	9	0	958
697	10	1135	3	1	0	1149
698	2	4	2	1123	0	1131
699	3	1	1	1125	0	1130
700	1075	1	0	10	0	1086
701	14	1	1082	2	0	1099
702	4	3	1106	1	0	1114
703	1	1114	7	3	0	1125
704	4	6	1126	3	0	1139
705	966	3	6	6	0	981
706	7	1143	5	1	0	1156
707	3	7	1140	2	0	1152
708	932	3	14	3	0	952
709	7	4	1200	3	0	1214
710	6	1212	10	4	0	1232
711	6	5	4	1187	0	1202
712	4	6	2	1211	0	1223
713	4	2	1175	9	0	1190
714	7	5	1163	1	0	1176
715	5	1173	11	3	0	1192
716	1133	7	5	4	0	1149
717	7	1183	8	3	0	1201
718	2	6	6	1161	0	1175
719	3	5	1178	7	0	1193
720	998	2	11	4	0	1015
721	6	7	4	1139	0	1156
722	7	1145	5	8	0	1165
723	2	1198	6	3	0	1209
724	6	8	7	1175	0	1196
725	6	5	5	1193	0	1209
726	1163	4	6	8	0	1181
727	6	4	3	1201	0	1214
728	3	6	1222	9	0	1240
729	1157	5	7	7	0	1176
730	1221	1	5	7	0	1234
731	7	1	1254	7	0	1269
732	1200	5	9	4	0	1218
733	7	3	7	1310	0	1327
734	7	2	5	1323	0	1337
735	4	5	2	1336	0	1347
736	10	3	5	1254	0	1272
737	4	1290	8	9	0	1311
738	1318	8	4	9	0	1339
739	1348	7	3	8	0	1366
740	11	6	1398	6	0	1421
741	1364	3	6	10	0	1383
742	1480	2	8	5	0	1495
743	1542	4	7	4	0	1557
744	1644	3	4	3	0	1654
745	21	1646	10	3	0	1680
746	10	12	2	1613	0	1637
747	6	11	1644	11	0	1672
748	13	3	1547	7	0	1570
749	1331	12	25	2	0	1370
750	1376	0	10	2	0	1388
751	11	1364	2	0	0	1377
752	1370	8	1	2	0	1381
753	8	1380	0	1	0	1389
754	5	6	2	1356	0	1369
755	1378	6	2	9	0	1395
756	1387	0	1	9	0	1397
757	1377	0	3	2	0	1382
758	14	1377	0	0	0	1391
759	1355	6	1	2	0	1364
760	9	9	1	1351	0	1370
761	1348	1	0	8	0	1357
762	8	3	1337	5	0	1353
763	6	1331	7	3	0	1347
764	1329	5	6	1	0	1341
765	10	7	1317	1	0	1335
766	8	4	6	1266	0	1284
767	3	2	1342	11	0	1358
768	2	3	1346	6	0	1357
769	1	0	17	1291	0	1309
770	3	3	1368	7	0	1381
771	2	1	10	1326	0	1339
772	2	1	9	1351	0	1363
773	1344	1	2	16	0	1363
774	8	1355	6	5	0	1374
775	7	1364	2	5	0	1378
776	2	1383	1	3	0	1389
777	5	16	1333	2	0	1356
778	2	9	8	1288	0	1307
779	2	1	1363	12	0	1378
780	1236	1	11	9	0	1257
781	1319	2	7	5	0	1333
782	17	1337	2	2	0	1358
783	9	11	1	1262	0	1283
784	3	1318	3	10	0	1334
785	1306	10	3	10	0	1329
786	12	6	1	1311	0	1330
787	11	4	1311	9	0	1335
788	4	1318	11	8	0	1341
789	4	11	1328	2	0	1345
790	2	11	10	1308	0	1331
791	5	3	1315	12	0	1335
792	1188	2	16	12	0	1218
793	9	3	1359	9	0	1380
794	13	1369	13	2	0	1397
795	9	10	10	1341	0	1370
796	2	9	4	1373	0	1388
797	1353	3	3	17	0	1376
798	1351	3	3	10	0	1367
799	15	1372	1	9	0	1397
800	13	12	1357	3	0	1385
801	4	11	1368	4	0	1387
802	1302	3	16	6	0	1327
803	15	5	1374	2	0	1396
804	11	4	1341	0	0	1356
805	4	1	1361	8	0	1374
806	5	3	1331	1	0	1340
807	4	1326	24	2	0	1356
808	1329	13	11	7	0	1360
809	13	10	3	1266	0	1292
810	1286	2	6	11	0	1305
811	12	1265	5	17	0	1299
812	1267	12	5	2	0	1286
813	13	1279	8	1	0	1301
814	9	15	5	1262	0	1291
815	2	1343	6	11	0	1362
816	1	14	1331	9	0	1355
817	6	1364	11	5	0	1386
818	5	13	11	1552	0	1581
819	1592	12	3	17	0	1624
820	17	8	1	1579	0	1605
821	16	6	1605	17	0	1644
822	7	6	13	1509	0	1535
823	4	1610	14	17	0	1645
824	3	20	1596	15	0	1634
825	1550	10	18	4	0	1582
826	18	3	11	1618	0	1650
827	1621	6	3	18	0	1648
828	1575	3	5	13	0	1596
829	26	1616	2	7	0	1651
830	1593	19	5	4	0	1621
831	1570	10	4	5	0	1589
832	25	1630	3	2	0	1660
833	13	16	4	1590	0	1623
834	10	7	5	1565	0	1587
835	6	1596	2	24	0	1628
836	5	15	3	1625	0	1648
837	5	11	1618	14	0	1648
838	5	6	12	1575	0	1598
839	4	6	1557	19	0	1586
840	8	3	1462	14	0	1487
841	3	1451	26	5	0	1485
842	2	1408	13	6	0	1429
843	12	1412	5	6	0	1435
844	11	25	10	1280	0	1326
845	1	13	1329	11	0	1354
846	1251	5	13	6	0	1275
847	12	4	7	1306	0	1329
848	10	1	1322	12	0	1345
849	2	7	1329	7	0	1345
850	3	1339	20	1	0	1363
851	1	12	7	1303	0	1323
852	1278	7	6	7	0	1298
853	8	1276	3	9	0	1296
854	7	1276	2	3	0	1288
855	3	1286	2	6	0	1297
856	6	12	3	1282	0	1303
857	1	1364	5	11	0	1381
858	1	11	3	1404	0	1419
859	2	11	2	1410	0	1425
860	2	3	1396	23	0	1424
861	1171	4	11	14	0	1200
862	11	5	1458	7	0	1481
863	15	8	12	1491	0	1526
864	1	5	1528	15	0	1549
865	6	1520	13	15	0	1554
866	1482	14	24	5	0	1525
867	14	14	4	1447	0	1479
868	13	1	7	1454	0	1475
869	1466	5	5	22	0	1498
870	1436	4	5	16	0	1461
871	1479	5	1	4	0	1489
872	23	2	1467	8	0	1500
873	1353	2	11	7	0	1373
874	13	1455	16	2	0	1486
875	20	1460	2	3	0	1485
876	3	26	4	1418	0	1451
877	3	16	4	1365	0	1388
878	1	1425	3	28	0	1457
879	2	14	5	1426	0	1447
880	1362	15	1	20	0	1398
881	9	4	1424	19	0	1456
882	17	1403	10	8	0	1438
883	1332	15	17	5	0	1369
884	9	1410	7	4	0	1430
885	13	13	1397	4	0	1427
886	9	17	19	1351	0	1396
887	3	4	1397	13	0	1417
888	3	1345	13	18	0	1379
889	4	8	22	1326	0	1360
890	6	20	1353	9	0	1388
891	3	2	1370	20	0	1395
892	7	5	24	1327	0	1363
893	1320	5	18	16	0	1359
894	1315	6	4	18	0	1343
895	1326	5	2	5	0	1338
896	25	5	1338	6	0	1374
897	18	1329	8	4	0	1359
898	9	9	14	1320	0	1352
899	5	21	4	1218	0	1248
900	4	1309	6	27	0	1346
901	1297	12	5	20	0	1334
902	10	17	4	1306	0	1337
903	17	5	1307	17	0	1346
904	2	1308	18	16	0	1344
905	1258	9	16	10	0	1293
906	8	1309	10	6	0	1333
907	16	11	6	1258	0	1291
908	8	19	7	1260	0	1294
909	5	9	2	1285	0	1301
910	5	6	1284	23	0	1318
911	5	5	10	1219	0	1239
912	7	1255	22	12	0	1296
913	9	1259	5	23	0	1296
914	5	25	1224	8	0	1262
915	1160	15	12	8	0	1195
916	1213	5	19	9	0	1246
917	25	1221	4	6	0	1256
918	1018	6	7	3	0	1034
919	988	13	3	4	0	1008
920	18	1037	4	6	0	1065
921	17	9	1	1028	0	1055
922	8	16	1070	7	0	1101
923	5	6	1031	16	0	1058
924	1051	3	23	6	0	1083
925	7	1076	21	6	0	1110
926	16	10	3	1092	0	1121
927	5	17	2	1091	0	1115
928	7	4	2	1099	0	1112
929	1049	4	7	25	0	1085
930	10	5	5	1067	0	1087
931	22	5	3	1046	0	1076
932	5	5	984	23	0	1017
933	888	5	11	21	0	925
934	11	972	19	6	0	1008
935	970	14	5	4	0	993
936	11	965	4	5	0	985
937	18	9	5	913	0	945
938	949	15	6	7	0	977
939	948	4	4	15	0	971
940	23	7	949	5	0	984
941	957	3	12	4	0	976
942	13	4	986	5	0	1008
943	18	5	921	2	0	946
944	3	7	933	1	0	944
945	8	3	999	4	0	1014
946	8	3	28	1019	0	1058
947	4	7	1067	13	0	1091
948	5	5	11	1030	0	1051
949	1042	4	20	14	0	1080
950	11	5	6	1047	0	1069
951	1016	6	4	15	0	1041
952	12	1045	6	20	0	1083
953	20	14	12	1023	0	1069
954	3	21	1005	17	0	1046
955	4	1051	13	25	0	1093
956	2	20	20	1007	0	1049
957	3	19	1017	15	0	1054
958	6	1020	13	18	0	1057
959	3	1053	17	5	0	1078
960	10	27	1016	2	0	1055
961	18	33	12	957	0	1020
962	1	2	977	12	0	992
963	885	0	21	12	0	918
964	934	0	10	0	0	944
965	22	929	0	0	0	951
966	941	12	0	4	0	957
967	13	17	1	923	0	954
968	10	2	941	12	0	965
969	876	0	12	14	0	902
970	12	2	957	0	0	971
971	11	937	13	1	0	962
972	938	13	17	1	0	969
973	13	10	1	926	0	950
974	8	3	940	13	0	964
975	913	0	13	8	0	934
976	934	0	7	2	0	943
977	947	1	2	0	0	950
978	22	1	1	935	0	959
979	10	0	1	941	0	952
980	1	2	931	19	0	953
981	1	927	14	11	0	953
982	2	11	11	902	0	926
983	1	9	2	934	0	946
984	2	7	923	19	0	951
985	4	3	932	11	0	950
986	2	0	20	934	0	956
987	916	0	12	14	0	942
988	15	934	3	10	0	962
989	942	14	2	1	0	959
990	14	930	1	6	0	951
991	10	14	938	4	0	966
992	2	10	941	3	0	956
993	906	2	23	2	0	933
994	1048	5	11	3	0	1067
995	24	1051	1	6	0	1082
996	13	15	1041	6	0	1075
997	0	12	18	1023	0	1053
998	5	2	14	1014	0	1035
999	2	1045	4	28	0	1079
1000	5	17	3	1042	0	1067
1001	4	15	1056	13	0	1088
1002	1011	2	16	11	0	1040
1003	1064	6	13	0	0	1083
1004	1066	0	5	1	0	1072
1005	1082	4	4	2	0	1092
1006	32	1	1060	2	0	1095
1007	1049	2	19	3	0	1073
1008	19	6	1080	2	0	1107
1009	14	1046	23	2	0	1085
1010	6	14	14	1052	0	1086
1011	1084	15	4	16	0	1119
1012	15	4	5	1147	0	1171
1013	13	4	1137	22	0	1176
1014	1115	1	23	16	0	1155
1015	1139	0	15	10	0	1164
1016	36	0	6	1128	0	1170
1017	19	1	3	1152	0	1175
1018	8	2	1142	31	0	1183
1019	4	1157	19	19	0	1199
1020	1079	15	15	9	0	1118
1021	15	16	1071	1	0	1103
1022	1015	7	12	6	0	1040
1023	15	1047	15	5	0	1082
1024	1018	14	5	3	0	1040
1025	15	1013	4	4	0	1036
1026	14	1016	4	3	0	1037
1027	9	25	4	1010	0	1048
1028	4	14	4	1033	0	1055
1029	4	2	6	1043	0	1055
1030	7	3	2	1057	0	1069
1031	5	2	1031	26	0	1064
1032	977	4	12	20	0	1013
1033	1040	2	17	3	0	1062
1034	1090	3	3	4	0	1100
1035	29	2	4	1065	0	1100
1036	18	4	2	1077	0	1101
1037	1065	1	4	26	0	1096
1038	1062	5	4	17	0	1088
1039	1089	4	2	4	0	1099
1040	24	5	3	1049	0	1081
1041	12	1	3	1042	0	1058
1042	8	0	1020	28	0	1056
1043	6	5	997	13	0	1021
1044	7	1013	24	5	0	1049
1045	892	14	28	4	0	938
1046	874	10	7	4	0	895
1047	874	2	3	4	0	883
1048	17	1	894	6	0	918
1049	853	0	6	4	0	863
1050	884	0	10	2	0	896
1051	894	2	2	1	0	899
1052	21	0	1	859	0	881
1053	11	2	1	863	0	877
1054	4	0	3	864	0	871
1055	1	1	810	16	0	828
1056	683	2	8	12	0	705
1057	10	773	7	3	0	793
1058	707	5	1	1	0	714
1059	8	694	1	0	0	703
1060	8	701	0	4	0	713
1061	1	17	2	689	0	709
1062	5	8	4	672	0	689
1063	2	671	1	12	0	686
1064	660	5	1	9	0	675
1065	660	6	1	2	0	669
1066	12	1	0	654	0	667
1067	10	1	652	5	0	668
1068	4	2	637	7	0	650
1069	4	2	658	2	0	666
1070	2	3	643	1	0	649
1071	604	1	10	1	0	616
1072	621	1	5	2	0	629
1073	12	0	0	614	0	626
1074	7	3	623	5	0	638
1075	5	0	5	626	0	636
1076	2	649	9	5	0	665
1077	1	742	1	8	0	752
1078	742	9	3	3	0	757
1079	746	8	2	0	0	756
1080	753	2	1	2	0	758
1081	13	0	2	748	0	763
1082	9	0	2	756	0	767
1083	5	2	0	753	0	760
1084	5	0	1	762	0	768
1085	5	1	750	9	0	765
1086	2	1	5	740	0	748
1087	757	1	6	7	0	771
1088	6	0	2	758	0	766
1089	6	1	3	764	0	774
1090	4	0	2	752	0	758
1091	2	723	4	10	0	739
1092	5	726	2	7	0	740
1093	5	708	2	1	0	716
1094	6	8	1	609	0	624
1095	1	4	0	616	0	621
1096	614	1	0	7	0	622
1097	613	0	0	5	0	618
1098	610	0	0	3	0	613
1099	7	1	2	608	0	618
1100	6	0	0	615	0	621
1101	3	625	1	6	0	635
1102	1	626	2	5	0	634
1103	622	5	3	3	0	633
1104	5	3	2	627	0	637
1105	619	1	1	4	0	625
1106	635	0	2	4	0	641
1107	8	0	0	607	0	615
1108	3	663	1	3	0	670
1109	671	3	0	4	0	678
1110	695	4	2	1	0	702
1111	7	0	720	1	0	728
1112	647	1	2	2	0	652
1113	3	675	1	3	0	682
1114	2	1	0	677	0	680
1115	740	1	6	5	0	752
1116	2	1	0	735	0	738
1117	2	0	0	735	0	737
1118	1	739	0	4	0	744
1119	721	2	0	3	0	726
1120	730	1	0	1	0	732
1121	1	735	2	0	0	738
1122	1	778	1	3	0	783
1123	783	3	1	0	0	787
1124	780	1	1	1	0	783
1125	4	1	766	2	0	773
1126	2	3	738	1	0	744
1127	2	2	789	2	0	795
1128	2	0	3	790	0	795
1129	2	0	1	820	0	823
1130	1	3	811	5	0	820
1131	806	2	3	4	0	815
1132	862	0	1	5	0	868
1133	880	0	1	2	0	883
1134	844	0	1	2	0	847
1135	4	1	938	1	0	944
1136	910	2	3	6	0	921
1137	963	2	1	3	0	969
1138	946	0	2	2	0	950
1139	953	1	0	3	0	957
1140	947	1	2	2	0	952
1141	8	1	982	1	0	992
1142	4	982	3	0	0	989
1143	0	2	3	972	0	977
1144	4	1	1	985	0	991
1145	1	3	978	4	0	986
1146	894	1	2	5	0	902
1147	4	1	1	981	0	987
1148	3	2	983	4	0	992
1149	2	1	937	15	0	955
1150	2	986	5	1	0	994
1151	1	3	1	995	0	1000
1152	2	2	1	1003	0	1008
1153	2	0	2	999	0	1003
1154	1004	0	1	4	0	1009
1155	2	2	2	998	0	1004
1156	3	1	1004	3	0	1011
1157	1	2	947	6	0	956
1158	2	4	1066	3	0	1075
1159	2	2	6	1052	0	1062
1160	1071	3	3	6	0	1083
1161	3	1	1081	6	0	1091
1162	1053	2	2	3	0	1060
1163	1203	0	2	4	0	1209
1164	6	0	2	1222	0	1230
1165	6	1	0	1219	0	1226
1166	1	1227	3	8	0	1239
1167	1	4	1224	6	0	1235
1168	1179	6	4	1	0	1190
1169	3	2	4	1271	0	1280
1170	6	1264	3	2	0	1275
1171	3	3	1	1276	0	1283
1172	4	3	1264	5	0	1276
1173	2	2	2	1236	0	1242
1174	0	1245	6	3	0	1254
1175	3	4	2	1242	0	1251
1176	1241	2	2	6	0	1251
1177	5	0	1	1168	0	1174
1178	4	1158	4	4	0	1170
1179	3	1178	2	4	0	1187
1180	1121	6	1	3	0	1131
1181	3	4	1183	2	0	1192
1182	4	3	2	1170	0	1179
1183	3	0	2	1198	0	1203
1184	3	2	1195	7	0	1207
1185	0	1208	6	4	0	1218
1186	3	3	1202	0	0	1208
1187	1	5	5	1185	0	1196
1188	1	1240	2	5	0	1248
1189	1288	1	2	10	0	1301
1190	1	1295	5	2	0	1303
1191	5	1308	0	6	0	1319
1192	1332	4	1	2	0	1339
1193	1355	2	0	3	0	1360
1194	1382	0	0	4	0	1386
1195	3	0	2	1368	0	1373
1196	2	2	1369	3	0	1376
1197	1314	1	2	2	0	1319
1198	1421	1	2	2	0	1426
1199	5	1	1	1480	0	1487
1200	5	3	1464	2	0	1474
1201	1	1462	5	3	0	1471
1202	1461	3	3	0	0	1467
1203	1496	6	0	5	0	1507
1204	5	1534	3	1	0	1543
1205	4	1536	3	2	0	1545
1206	1548	6	0	3	0	1557
1207	1532	4	2	4	0	1542
1208	1510	1	1	0	0	1512
1209	7	2	1	1494	0	1504
1210	6	3	1490	3	0	1502
1211	1	0	1	1451	0	1453
1212	2	2	1456	2	0	1462
1213	0	1441	2	9	0	1452
1214	1	1457	6	3	0	1467
1215	5	5	1	1337	0	1348
1216	1	5	1	1378	0	1385
1217	0	0	1	1353	0	1354
1218	0	1378	4	6	0	1388
1219	1361	2	0	9	0	1372
1220	1345	6	1	1	0	1353
1221	7	1382	1	1	0	1391
1222	6	1	1	1322	0	1330
1223	2	1330	1	3	0	1336
1224	2	4	0	1317	0	1323
1225	2	1333	1	2	0	1338
1226	1329	1	1	7	0	1338
1227	2	6	1	1292	0	1301
1228	6	4	1288	1	0	1299
1229	1226	1	0	11	0	1238
1230	1269	0	7	4	0	1280
1231	4	6	1258	4	0	1272
1232	7	2	3	1240	0	1252
1233	1	2	1276	3	0	1282
1234	2	2	2	1255	0	1261
1235	2	1	1184	3	0	1190
1236	1096	4	1	7	0	1108
1237	2	4	4	1153	0	1163
1238	9	1172	2	1	0	1184
1239	1193	4	0	7	0	1204
1240	3	6	0	1210	0	1219
1241	8	3	0	1172	0	1183
1242	2	4	1177	7	0	1190
1243	7	3	1	1215	0	1226
1244	8	3	1268	6	0	1285
1245	1	8	1298	10	0	1317
1246	4	3	10	1315	0	1332
1247	4	5	1448	5	0	1462
1248	1464	4	8	11	0	1487
1249	1803	2	9	6	0	1820
1250	1987	4	2	7	0	2000
1251	37	2208	5	3	0	2253
1252	23	25	2	2218	0	2268
1253	9	21	4	1984	0	2018
1254	5	2263	5	28	0	2301
1255	2240	25	4	23	0	2292
1256	32	19	5	2224	0	2280
1257	20	6	2280	32	0	2338
1258	3	9	2185	21	0	2218
1259	4	2186	48	6	0	2244
1260	2178	26	20	5	0	2229
1261	28	22	2189	5	0	2244
1262	2020	5	26	8	0	2059
1263	26	1985	26	9	0	2046
1264	21	26	2073	3	0	2123
1265	5	20	2041	7	0	2073
1266	3	6	2091	4	0	2104
1267	2	2025	48	5	0	2080
1268	2	28	2054	7	0	2091
1269	1969	23	29	3	0	2024
1270	30	1	23	1970	0	2024
1271	26	6	2	2043	0	2077
1272	11	2	2	2079	0	2094
1273	11	3	0	2073	0	2087
1274	6	7	2045	46	0	2104
1275	9	1	24	2027	0	2061
1276	4	3	21	2008	0	2036
1277	2002	4	5	44	0	2055
1278	2062	3	1	30	0	2096
1279	1955	4	10	5	0	1974
1280	45	3	2036	8	0	2092
1281	17	2089	38	7	0	2151
1282	7	2154	22	3	0	2186
1283	1983	49	5	4	0	2041
1284	29	2124	7	4	0	2164
1285	25	29	5	2101	0	2160
1286	7	25	6	2121	0	2159
1287	4	9	2097	52	0	2162
1288	2	2074	37	22	0	2135
1289	7	29	2049	7	0	2092
1290	1967	21	33	5	0	2026
1291	2051	6	27	3	0	2087
1292	53	2	6	2028	0	2089
1293	22	1	9	2009	0	2041
1294	4	3	7	2041	0	2055
1295	5	5	6	2047	0	2063
1296	7	8	2002	55	0	2072
1297	10	10	32	1963	0	2015
1298	5	10	1978	36	0	2029
1299	4	1	1931	28	0	1964
1300	4	1919	52	8	0	1983
1301	1905	32	26	5	0	1968
1302	37	1976	8	3	0	2024
1303	28	33	8	1807	0	1876
1304	9	26	1943	34	0	2012
1305	1916	5	35	26	0	1982
1306	39	8	1956	5	0	2008
1307	1950	4	37	8	0	1999
1308	1965	3	29	10	0	2007
1309	63	5	5	1973	0	2046
1310	34	5	7	1950	0	1996
1311	11	6	6	1961	0	1984
1312	8	6	1925	67	0	2006
1313	1864	6	35	40	0	1945
1314	41	1886	35	8	0	1970
1315	37	40	5	1847	0	1929
1316	1913	30	10	41	0	1994
1317	1949	6	9	42	0	2006
1318	1976	11	5	11	0	2003
1319	79	6	1892	11	0	1988
1320	1933	10	38	18	0	1999
1321	1940	14	39	15	0	2008
1322	65	11	1731	20	0	1827
1323	37	16	1940	19	0	2012
1324	25	10	64	1915	0	2014
1325	15	11	1971	46	0	2043
1326	7	1890	57	42	0	1996
1327	3	1983	55	8	0	2049
1328	1896	70	21	8	0	1995
1329	39	1980	19	8	0	2046
1330	53	43	15	1939	0	2050
1331	1870	39	14	45	0	1968
1332	47	1925	21	39	0	2032
1333	37	45	24	1906	0	2012
1334	11	32	19	1956	0	2018
1335	10	10	1931	69	0	2020
1336	9	9	51	1932	0	2001
1337	7	13	1937	51	0	2008
1338	16	4	1928	49	0	1997
1339	15	7	67	1875	0	1964
1340	8	2	35	1922	0	1967
1341	1879	6	13	79	0	1977
1342	47	1993	15	47	0	2102
1343	44	41	13	1934	0	2032
1344	24	38	16	1953	0	2031
1345	1840	11	5	80	0	1936
1346	51	1830	7	44	0	1932
1347	46	1712	5	17	0	1780
1348	16	1586	8	10	0	1620
1349	6	1314	14	10	0	1344
1350	913	44	55	4	0	1016
1351	881	19	7	3	0	910
1352	848	7	3	1	0	859
1353	846	4	1	3	0	854
1354	37	2	1	813	0	853
1355	19	1	812	20	0	852
1356	6	790	18	15	0	829
1357	5	16	16	783	0	820
1358	3	14	792	20	0	829
1359	7	4	18	774	0	803
1360	5	5	14	780	0	804
1361	4	3	779	33	0	819
1362	3	5	20	790	0	818
1363	9	4	13	782	0	808
1364	799	3	6	35	0	843
1365	799	2	5	16	0	822
1366	794	4	1	9	0	808
1367	806	2	3	9	0	820
1368	36	1	7	769	0	813
1369	21	6	4	781	0	812
1370	11	3	2	810	0	826
1371	778	2	4	34	0	818
1372	20	1	2	793	0	816
1373	17	2	3	803	0	825
1374	6	3	765	33	0	807
1375	9	1	17	735	0	762
1376	6	741	15	22	0	784
1377	7	777	5	15	0	804
1378	738	26	5	7	0	776
1379	20	15	727	9	0	771
1380	15	679	14	3	0	711
1381	648	15	16	2	0	681
1382	20	15	3	650	0	688
1383	15	3	651	15	0	684
1384	6	7	14	607	0	634
1385	5	657	17	15	0	694
1386	639	14	2	18	0	673
1387	16	682	5	4	0	707
1388	659	19	2	8	0	688
1389	657	16	1	8	0	682
1390	31	6	1	664	0	702
1391	18	6	2	628	0	654
1392	8	655	1	29	0	693
1393	663	19	5	15	0	702
1394	19	14	654	5	0	692
1395	643	4	18	5	0	670
1396	643	6	12	7	0	668
1397	29	5	629	8	0	671
1398	16	10	17	603	0	646
1399	601	1	16	20	0	638
1400	17	6	600	15	0	638
1401	11	3	588	4	0	606
1402	517	2	18	7	0	544
1403	15	531	13	2	0	561
1404	8	487	4	3	0	502
1405	5	16	0	472	0	493
1406	5	7	472	15	0	499
1407	450	4	11	8	0	473
1408	17	3	474	5	0	499
1409	8	459	12	2	0	481
1410	457	11	3	10	0	481
1411	15	3	2	455	0	475
1412	449	4	1	15	0	469
1413	13	1	444	4	0	462
1414	4	4	14	425	0	447
1415	4	453	4	13	0	474
1416	3	12	5	437	0	457
1417	3	5	3	459	0	470
1418	9	2	448	14	0	473
1419	7	436	14	2	0	459
1420	6	455	4	3	0	468
1421	3	12	423	5	0	443
1422	408	4	13	2	0	427
1423	432	6	2	3	0	443
1424	12	2	2	413	0	429
1425	398	2	4	13	0	417
1426	13	389	4	7	0	413
1427	4	396	2	6	0	408
1428	388	23	6	2	0	419
1429	13	5	0	392	0	410
1430	404	4	0	16	0	424
1431	408	1	2	2	0	413
1432	16	1	3	391	0	411
1433	7	2	391	13	0	413
1434	398	4	12	3	0	417
1435	409	4	2	4	0	419
1436	14	1	3	391	0	409
1437	2	398	6	12	0	418
1438	8	9	2	399	0	418
1439	5	5	390	13	0	413
1440	1	3	396	6	0	406
1441	5	377	13	3	0	398
1442	6	6	0	248	0	260
1443	2	1	4	262	0	269
1444	2	1	257	5	0	265
1445	250	0	5	1	0	256
1446	266	2	0	0	0	268
1447	263	2	1	1	0	267
1448	261	0	0	3	0	264
1449	6	264	1	1	0	272
1450	4	274	0	1	0	279
1451	281	6	1	2	0	290
1452	5	2	2	291	0	300
1453	4	1	1	295	0	301
1454	1	296	1	7	0	305
1455	2	6	1	299	0	308
1456	2	1	1	294	0	298
1457	1	291	2	8	0	302
1458	0	7	294	3	0	304
1459	1	1	7	296	0	305
1460	297	2	2	7	0	308
1461	298	3	1	1	0	303
1462	9	1	289	2	0	301
1463	1	1	299	3	0	304
1464	3	0	294	0	0	297
1465	3	0	8	285	0	296
1466	2	1	286	7	0	296
1467	2	1	288	2	0	293
1468	4	0	7	283	0	294
1469	1	298	2	6	0	307
1470	0	7	291	3	0	301
1471	1	296	6	0	0	303
1472	292	6	1	3	0	302
1473	6	295	2	0	0	303
1474	2	14	2	288	0	306
1475	294	3	0	7	0	304
1476	5	1	1	298	0	305
1477	3	0	0	306	0	309
1478	2	0	301	10	0	313
1479	3	285	8	2	0	298
1480	2	302	3	0	0	307
1481	3	9	0	281	0	293
1482	3	1	1	284	0	289
1483	1	2	1	284	0	288
1484	0	3	282	7	0	292
1485	1	1	264	0	0	266
1486	235	0	8	2	0	245
1487	6	0	252	3	0	261
1488	1	2	262	0	0	265
1489	0	242	7	0	0	249
1490	0	4	1	236	0	241
1491	2	5	233	3	0	243
1492	1	0	6	229	0	236
1493	0	0	243	5	0	248
1494	1	0	5	239	0	245
1495	0	1	248	4	0	253
1496	0	0	5	246	0	251
1497	1	0	3	234	0	238
1498	0	256	2	6	0	264
1499	1	4	0	258	0	263
1500	0	264	2	3	0	269
1501	0	4	2	266	0	272
1502	0	2	0	269	0	271
1503	266	1	0	5	0	272
1504	4	2	1	260	0	267
1505	2	2	252	6	0	262
1506	1	0	5	251	0	257
1507	0	1	2	257	0	260
1508	1	0	256	7	0	264
1509	0	2	252	2	0	256
1510	0	2	6	241	0	249
1511	0	3	1	258	0	262
1512	0	0	256	6	0	262
1513	1	252	6	2	0	261
1514	1	262	2	2	0	267
1515	250	5	2	1	0	258
1516	7	2	2	251	0	262
1517	260	0	2	6	0	268
1518	252	0	3	2	0	257
1519	5	265	1	1	0	272
1520	276	6	2	0	0	284
1521	276	1	1	2	0	280
1522	5	1	273	1	0	280
1523	1	2	4	274	0	281
1524	0	1	275	5	0	281
1525	0	1	5	284	0	290
1526	2	0	279	7	0	288
1527	0	278	6	5	0	289
1528	0	273	2	5	0	280
1529	3	6	1	263	0	273
1530	273	2	1	5	0	281
1531	5	2	1	283	0	291
1532	1	0	2	290	0	293
1533	0	0	286	8	0	294
1534	1	1	287	2	0	291
1535	0	1	287	3	0	291
1536	0	1	7	281	0	289
1537	1	0	2	278	0	281
1538	0	276	2	7	0	285
1539	1	292	4	1	0	298
1540	290	6	2	0	0	298
1541	3	305	1	1	0	310
1542	3	4	319	1	0	327
1543	0	3	6	313	0	322
1544	1	2	345	7	0	355
1545	1	342	5	3	0	351
1546	0	3	3	337	0	343
1547	325	1	0	6	0	332
1548	4	0	353	3	0	360
1549	0	350	5	0	0	355
1550	0	6	345	0	0	351
1551	0	337	4	2	0	343
1552	1	3	6	317	0	327
1553	323	0	0	4	0	327
1554	324	0	0	0	0	324
1555	3	324	0	1	0	328
1556	321	3	2	1	0	327
1557	3	0	0	321	0	324
1558	321	0	1	3	0	325
1559	3	2	320	0	0	325
1560	2	1	324	3	0	330
1561	1	0	3	308	0	312
1562	0	0	1	326	0	327
1563	0	1	337	3	0	341
1564	0	1	4	335	0	340
1565	339	2	0	3	0	344
1566	340	0	0	1	0	341
1567	4	327	0	1	0	332
1568	2	330	0	0	0	332
1569	323	4	0	0	0	327
1570	3	1	0	322	0	326
1571	315	0	0	4	0	319
1572	4	322	0	0	0	326
1573	314	3	5	2	0	324
1574	3	0	321	1	0	325
1575	0	1	330	2	0	333
1576	0	0	3	322	0	325
1577	0	1	332	1	0	334
1578	0	0	1	325	0	326
1579	1	0	0	323	0	324
1580	1	0	342	1	0	344
1581	0	1	1	338	0	340
1582	0	1	0	367	0	368
1583	1	1	391	2	0	395
1584	0	1	383	1	0	385
1585	356	0	3	0	0	359
1586	3	1	387	2	0	393
1587	399	0	4	0	0	403
1588	454	1	2	0	0	457
1589	8	1	461	1	0	471
1590	3	0	478	1	0	482
1591	0	0	12	458	0	470
1592	0	1	2	448	0	451
1593	0	459	1	14	0	474
1594	0	476	1	6	0	483
1595	0	9	472	2	0	483
1596	441	3	7	2	0	453
1597	470	0	5	1	0	476
1598	9	2	454	0	0	465
1599	4	1	467	0	0	472
1600	0	0	10	443	0	453
1601	2	477	2	7	0	488
1602	2	7	1	479	0	489
1603	2	2	2	497	0	503
1604	492	0	1	9	0	502
1605	497	0	0	4	0	501
1606	8	0	1	524	0	533
1607	3	1	524	8	0	536
1608	489	1	7	2	0	499
1609	6	525	3	2	0	536
1610	528	8	0	0	0	536
1611	514	3	0	1	0	518
1612	9	530	1	0	0	540
1613	2	542	2	1	0	547
1614	0	9	0	533	0	542
1615	1	4	0	534	0	539
1616	1	532	2	11	0	546
1617	1	7	1	538	0	547
1618	1	2	1	542	0	546
1619	1	0	528	10	0	539
1620	495	0	8	4	0	507
1621	525	0	3	0	0	528
1622	539	0	0	1	0	540
1623	9	1	1	525	0	536
1624	526	0	0	8	0	534
1625	8	520	1	3	0	532
1626	4	9	1	500	0	514
1627	1	517	2	6	0	526
1628	1	542	2	2	0	547
1629	540	8	2	1	0	551
1630	546	3	0	0	0	549
1631	535	0	0	0	0	535
1632	530	0	2	1	0	533
1633	526	0	2	0	0	528
1634	10	0	557	1	0	568
1635	547	0	7	0	0	554
1636	9	0	575	0	0	584
1637	555	1	8	1	0	565
1638	581	0	4	0	0	585
1639	566	1	0	2	0	569
1640	10	0	592	0	0	602
1641	4	2	5	544	0	555
1642	0	590	3	5	0	598
1643	589	6	1	3	0	599
1644	575	2	0	0	0	577
1645	8	580	0	1	0	589
1646	593	6	1	0	0	600
1647	6	2	1	579	0	588
1648	2	589	1	7	0	599
1649	601	7	0	6	0	614
1650	608	2	1	2	0	613
1651	8	0	1	603	0	612
1652	613	0	0	6	0	619
1653	8	0	2	617	0	627
1654	4	0	2	620	0	626
1655	1	1	615	7	0	624
1656	2	0	7	603	0	612
1657	0	1	4	617	0	622
1658	1	4	610	10	0	625
1659	3	2	608	3	0	616
1660	1	2	8	614	0	625
1661	1	2	630	6	0	639
1662	566	0	7	3	0	576
1663	6	635	3	1	0	645
1664	3	7	0	632	0	642
1665	0	4	1	641	0	646
1666	0	0	1	641	0	642
1667	638	0	1	9	0	648
1668	633	1	0	3	0	637
1669	636	0	0	1	0	637
1670	9	627	1	2	0	639
1671	3	6	0	639	0	648
1672	3	2	0	643	0	648
1673	629	2	0	8	0	639
1674	638	0	1	3	0	642
1675	12	1	0	625	0	638
1676	2	4	626	7	0	639
1677	612	1	6	4	0	623
1678	627	0	2	1	0	630
1679	7	1	647	3	0	658
1680	584	2	6	0	0	592
1681	6	1	660	2	0	669
1682	640	0	6	2	0	648
1683	5	5	3	660	0	673
1684	3	687	1	6	0	697
1685	3	4	704	1	0	712
1686	2	734	5	0	0	741
1687	0	694	0	7	0	701
1688	705	5	4	4	0	718
1689	1	4	0	700	0	705
1690	0	1	1	687	0	689
1691	701	2	0	1	0	704
1692	1	1	1	711	0	714
1693	1	1	0	709	0	711
1694	0	1	0	707	0	708
1695	1	0	0	697	0	698
1696	1	3	706	1	0	711
1697	1	1	692	2	0	696
1698	1	698	3	1	0	703
1699	713	1	0	2	0	716
1700	0	2	0	716	0	718
1701	1	682	1	1	0	685
1702	0	1	1	727	0	729
1703	0	1	1	722	0	724
1704	2	1	3	726	0	732
1705	0	1	0	730	0	731
1706	2	2	0	699	0	703
1707	0	696	0	3	0	699
1708	0	1	1	701	0	703
1709	0	1	693	2	0	696
1710	0	694	1	2	0	697
1711	0	1	0	695	0	696
1712	1	3	0	686	0	690
1713	0	685	2	3	0	690
1714	0	700	1	0	0	701
1715	683	1	0	4	0	688
1716	0	694	1	2	0	697
1717	677	1	0	2	0	680
1718	676	1	0	2	0	679
1719	0	1	726	2	0	729
1720	1	2	0	686	0	689
1721	0	3	730	1	0	734
1722	3	759	1	0	0	763
1723	1	3	0	698	0	702
1724	4	0	1	743	0	748
1725	1	1	0	760	0	762
1726	0	1	2	754	0	757
1727	0	3	776	2	0	781
1728	1	0	1	775	0	777
1729	0	3	778	1	0	782
1730	2	1	764	3	0	770
1731	718	0	3	3	0	724
1732	773	0	3	1	0	777
1733	797	0	0	3	0	800
1734	2	763	3	5	0	773
1735	1	1	1	765	0	768
1736	1	3	790	2	0	796
1737	1	0	1	784	0	786
1738	2	2	820	1	0	825
1739	779	1	0	4	0	784
1740	784	0	2	1	0	787
1741	781	1	1	2	0	785
1742	1	1	766	2	0	770
1743	3	1	774	0	0	778
1744	3	0	1	762	0	766
1745	5	0	2	766	0	773
1746	3	0	0	802	0	805
1747	3	4	791	2	0	800
1748	1	0	743	2	0	746
1749	759	0	3	1	0	763
1750	1	0	2	824	0	827
1751	1	0	1	832	0	834
1752	835	0	1	3	0	839
1753	2	0	1	829	0	832
1754	877	0	1	1	0	879
1755	893	0	2	4	0	899
1756	891	0	1	2	0	894
1757	2	1	916	2	0	921
1758	1	904	0	4	0	909
1759	926	0	1	2	0	929
1760	2	1	1	916	0	920
1761	4	1	1	918	0	924
1762	2	934	1	1	0	938
1763	901	1	0	3	0	905
1764	903	1	2	1	0	907
1765	923	1	0	3	0	927
1766	2	947	1	2	0	952
1767	1005	1	0	5	0	1011
1768	1010	1	0	1	0	1012
1769	1009	1	0	2	0	1012
1770	4	0	2	1003	0	1009
1771	2	2	0	1003	0	1007
1772	3	1	1058	1	0	1063
1773	0	1	0	1038	0	1039
1774	2	0	1	1048	0	1051
1775	1	6	1052	3	0	1062
1776	1005	0	0	1	0	1006
1777	1049	1	2	1	0	1053
1778	3	0	0	1047	0	1050
1779	1	1043	0	2	0	1046
1780	3	1050	2	2	0	1057
1781	2	1	0	1034	0	1037
1782	3	3	991	1	0	998
1783	4	0	0	952	0	956
1784	0	1	961	0	0	962
1785	0	1	956	2	0	959
1786	0	0	1	974	0	975
1787	971	0	1	1	0	973
1788	939	0	0	2	0	941
1789	2	0	0	984	0	986
1790	1	0	0	988	0	989
1791	0	0	0	988	0	988
1792	1	1	0	981	0	983
1793	988	0	0	3	0	991
1794	976	0	0	4	0	980
1795	984	1	0	1	0	986
1796	2	2	981	0	0	985
1797	2	0	0	972	0	974
1798	0	0	1	991	0	992
1799	978	0	0	2	0	980
1800	0	974	1	2	0	977
1801	980	0	0	1	0	981
1802	978	1	0	2	0	981
1803	975	0	0	0	0	975
1804	969	0	1	0	0	970
1805	1	1	1031	0	0	1033
1806	1	4	975	0	0	980
1807	1056	0	1	0	0	1057
1808	1093	0	1	1	0	1095
1809	1077	0	1	2	0	1080
1810	1090	0	0	2	0	1092
1811	3	4	1233	0	0	1240
1812	1	1288	5	0	0	1294
1813	10	3	3	1350	0	1366
1814	1420	4	0	6	0	1430
1815	1416	0	0	6	0	1422
1816	1545	0	0	2	0	1547
1817	1592	0	0	2	0	1594
1818	1633	0	0	2	0	1635
1819	1569	1	1	0	0	1571
1820	21	1	1442	1	0	1465
1821	9	4	1545	0	0	1558
1822	5	0	17	1540	0	1562
1823	5	2	1572	11	0	1590
1824	5	1577	12	8	0	1602
1825	4	1607	8	1	0	1620
1826	6	17	2	1604	0	1629
1827	2	11	1689	10	0	1712
1828	0	1	1638	9	0	1648
1829	1589	2	20	6	0	1617
1830	1792	3	10	0	0	1805
1831	22	4	0	1822	0	1848
1832	1873	3	2	16	0	1894
1833	12	0	4	1887	0	1903
1834	18	0	5	1874	0	1897
1835	4	1	1874	27	0	1906
1836	4	0	1822	19	0	1845
1837	5	3	27	1812	0	1847
1838	3	5	1822	16	0	1846
1839	1700	0	12	20	0	1732
1840	1826	0	17	7	0	1850
1841	26	1863	6	5	0	1900
1842	1881	13	4	5	0	1903
1843	12	16	1850	3	0	1881
1844	1838	0	16	2	0	1856
1845	1859	0	17	3	0	1879
1846	1875	2	1	4	0	1882
1847	33	3	1	1806	0	1843
1848	18	1866	6	15	0	1905
1849	1862	13	2	14	0	1891
1850	1835	15	3	0	0	1853
1851	35	0	1	1853	0	1889
1852	1867	0	1	20	0	1888
1853	18	1902	4	23	0	1947
1854	20	16	1	1873	0	1910
1855	7	22	1869	19	0	1917
1856	1577	0	21	30	0	1628
1857	20	0	1873	5	0	1898
1858	21	2	21	1844	0	1888
1859	6	1859	21	19	0	1905
1860	9	1989	7	21	0	2026
1861	10	37	5	1972	0	2024
1862	11	2107	8	17	0	2143
1863	12	22	4	2813	0	2851
1864	10	32	7	2984	0	3033
1865	8	7	4	3044	0	3063
1866	2886	6	2	96	0	2990
1867	51	5	1	2951	0	3008
1868	56	9	2862	57	0	2984
1869	10	2871	44	58	0	2983
1870	2848	43	50	16	0	2957
1871	52	51	4	2888	0	2995
1872	61	12	3	2859	0	2935
1873	15	3	4	2950	0	2972
1874	8	11	2858	102	0	2979
1875	7	2859	57	64	0	2987
1876	2840	47	55	16	0	2958
1877	53	51	10	2665	0	2779
1878	55	2877	10	48	0	2990
1879	2853	49	9	56	0	2967
1880	50	59	2869	13	0	2991
1881	2828	12	50	13	0	2903
1882	56	11	2937	11	0	3015
1883	63	12	2876	14	0	2965
1884	9	2855	104	16	0	2984
1885	20	52	55	2766	0	2893
1886	15	60	2812	57	0	2944
1887	9	2730	63	59	0	2861
1888	9	50	64	2617	0	2740
1889	7	2760	17	50	0	2834
1890	5	57	2732	54	0	2848
1891	8	53	58	2716	0	2835
1892	8	12	2793	58	0	2871
1893	10	9	57	2735	0	2811
1894	7	12	57	2777	0	2853
1895	6	14	2726	117	0	2863
1896	10	11	65	2754	0	2840
1897	2665	8	58	69	0	2800
1898	59	2687	23	75	0	2844
1899	63	58	2681	27	0	2829
1900	2573	58	58	20	0	2709
1901	60	14	62	2530	0	2666
1902	64	2692	21	63	0	2840
1903	2692	60	18	61	0	2831
1904	2759	60	16	18	0	2853
1905	111	15	10	2624	0	2760
1906	67	14	16	2666	0	2763
1907	20	14	9	2706	0	2749
1908	14	16	11	2630	0	2671
1909	16	2578	17	126	0	2737
1910	23	96	13	2402	0	2534
1911	8	2464	17	80	0	2569
1912	14	2380	14	73	0	2481
1913	14	2395	18	33	0	2460
1914	11	101	2237	30	0	2379
1915	9	2321	68	22	0	2420
1916	2092	69	68	27	0	2256
1917	57	2135	14	34	0	2240
1918	58	48	19	1891	0	2016
1919	21	2109	13	71	0	2214
1920	20	51	22	2077	0	2170
1921	23	64	19	2110	0	2216
1922	23	27	2045	109	0	2204
1923	1979	19	57	79	0	2134
1924	2040	23	55	38	0	2156
1925	2039	23	15	36	0	2113
1926	97	1981	22	46	0	2146
1927	61	49	27	1906	0	2043
1928	24	59	1898	76	0	2057
1929	22	1865	60	77	0	2024
1930	24	81	56	1487	0	1648
1931	18	1755	21	51	0	1845
1932	1729	58	17	50	0	1854
1933	1745	55	23	21	0	1844
1934	1787	22	18	23	0	1850
1935	1777	27	23	12	0	1839
1936	104	15	29	1682	0	1830
1937	56	20	25	1656	0	1757
1938	24	1667	29	90	0	1810
1939	16	54	23	1726	0	1819
1940	15	59	1674	73	0	1821
1941	15	23	56	1682	0	1776
1942	9	23	1656	73	0	1761
1943	13	1600	61	65	0	1739
1944	11	54	1633	35	0	1733
1945	12	61	65	1614	0	1752
1946	11	21	1661	65	0	1758
1947	14	17	61	1639	0	1731
1948	16	17	57	1650	0	1740
1949	17	21	23	1668	0	1729
1950	22	18	21	1652	0	1713
1951	1585	20	12	99	0	1716
1952	58	1593	19	66	0	1736
1953	1567	54	9	38	0	1668
1954	51	59	1509	33	0	1652
1955	1510	25	41	27	0	1603
1956	1523	20	44	29	0	1616
1957	91	22	1479	24	0	1616
1958	63	25	1456	25	0	1569
1959	33	1390	82	28	0	1533
1960	22	1338	41	27	0	1428
1961	32	70	1202	38	0	1342
1962	18	1103	44	45	0	1210
1963	49	33	37	403	0	522
1964	323	7	6	16	0	352
1965	7	2	1	320	0	330
1966	328	4	2	8	0	342
1967	329	3	0	5	0	337
1968	10	337	1	5	0	353
1969	334	6	2	5	0	347
1970	337	4	1	4	0	346
1971	14	0	1	318	0	333
1972	312	3	0	8	0	323
1973	9	324	2	4	0	339
1974	4	6	1	310	0	321
1975	309	3	1	8	0	321
1976	6	3	311	4	0	324
1977	296	2	6	2	0	306
1978	6	8	2	288	0	304
1979	5	1	303	5	0	314
1980	4	2	307	1	0	314
1981	280	4	7	2	0	293
1982	306	1	0	2	0	309
1983	2	1	1	296	0	300
1984	2	1	0	308	0	311
1985	0	1	0	301	0	302
1986	1	318	1	3	0	323
1987	322	0	2	3	0	327
1988	2	323	1	2	0	328
1989	321	0	2	1	0	324
1990	2	3	320	0	0	325
1991	2	0	2	320	0	324
1992	328	0	2	3	0	333
1993	0	3	2	326	0	331
1994	1	0	1	319	0	321
1995	2	322	1	4	0	329
1996	322	1	1	4	0	328
1997	3	346	2	2	0	353
1998	5	1	0	343	0	349
1999	1	4	340	1	0	346
2000	288	0	1	6	0	295
2001	1	1	323	1	0	326
2002	280	1	0	2	0	283
2003	3	305	2	4	0	314
2004	1	0	2	286	0	289
2005	1	289	0	0	0	290
2006	290	2	0	2	0	294
2007	1	2	1	294	0	298
2008	1	1	2	299	0	303
2009	2	1	295	1	0	299
2010	267	0	1	2	0	270
2011	1	0	1	298	0	300
2012	2	0	294	2	0	298
2013	1	296	0	3	0	300
2014	1	1	1	298	0	301
2015	297	3	0	0	0	300
2016	2	1	0	298	0	301
2017	3	1	298	0	0	302
2018	296	0	1	3	0	300
2019	1	0	2	304	0	307
2020	3	1	370	0	0	374
2021	0	0	4	391	0	395
2022	2	1	2	378	0	383
2023	0	410	1	5	0	416
2024	401	2	0	1	0	404
2025	3	407	0	3	0	413
2026	410	2	1	1	0	414
2027	2	3	2	382	0	389
2028	5	395	1	3	0	404
2029	2	2	1	400	0	405
2030	2	3	392	3	0	400
2031	361	1	2	3	0	367
2032	4	0	4	368	0	376
2033	4	1	0	369	0	374
2034	2	0	1	371	0	374
2035	0	0	369	6	0	375
2036	0	1	359	3	0	363
2037	0	365	6	0	0	371
2038	1	2	3	357	0	363
2039	359	3	0	3	0	365
2040	2	374	1	3	0	380
2041	2	3	0	392	0	397
2042	393	3	0	3	0	399
2043	389	1	0	3	0	393
2044	5	402	0	1	0	408
2045	442	2	0	0	0	444
2046	518	3	1	0	0	522
2047	8	1	0	537	0	546
2048	5	549	1	4	0	559
2049	0	3	1	558	0	562
2050	544	5	1	5	0	555
2051	4	3	579	4	0	590
2052	7	0	3	570	0	580
2053	1	1	5	578	0	585
2054	1	1	580	10	0	592
2055	0	1	3	578	0	582
2056	575	2	4	5	0	586
2057	535	0	0	6	0	541
2058	7	1	2	575	0	585
2059	7	1	568	5	0	581
2060	1	2	555	7	0	565
2061	0	568	10	2	0	580
2062	1	585	4	3	0	593
2063	5	8	0	553	0	566
2064	555	5	0	3	0	563
2065	2	559	2	5	0	568
2066	553	3	1	0	0	557
2067	3	6	1	544	0	554
2068	6	1	0	544	0	551
2069	536	0	1	8	0	545
2070	4	543	1	7	0	555
2071	548	4	0	0	0	552
2072	4	7	538	1	0	550
2073	7	0	527	1	0	535
2074	1	0	9	509	0	519
2075	1	0	528	8	0	537
2076	3	1	518	5	0	527
2077	1	1	10	501	0	513
2078	3	1	537	5	0	546
2079	2	0	5	511	0	518
2080	2	1	8	514	0	525
2081	1	0	536	13	0	550
2082	3	0	6	522	0	531
2083	1	1	7	500	0	509
2084	2	525	1	10	0	538
2085	518	5	2	8	0	533
2086	6	6	513	5	0	530
2087	7	0	5	508	0	520
2088	1	2	6	514	0	523
2089	1	2	511	13	0	527
2090	464	1	8	9	0	482
2091	4	515	7	4	0	530
2092	12	11	0	501	0	524
2093	2	8	3	500	0	513
2094	5	511	2	13	0	531
2095	2	6	508	5	0	521
2096	2	516	8	1	0	527
2097	491	7	5	7	0	510
2098	5	7	491	3	0	506
2099	7	0	6	486	0	499
2100	2	3	498	7	0	510
2101	3	4	490	5	0	502
2102	2	492	10	5	0	509
2103	3	5	6	494	0	508
2104	508	6	3	9	0	526
2105	502	2	3	7	0	514
2106	10	518	4	4	0	536
2107	7	6	2	513	0	528
2108	508	4	3	8	0	523
2109	511	2	2	6	0	521
2110	10	514	2	6	0	532
2111	521	4	5	4	0	534
2112	5	5	5	502	0	517
2113	7	531	1	10	0	549
2114	1	7	4	554	0	566
2115	4	3	3	564	0	574
2116	7	0	2	571	0	580
2117	3	2	549	11	0	565
2118	3	1	534	10	0	548
2119	0	541	12	5	0	558
2120	473	4	8	3	0	488
2121	4	464	2	2	0	472
2122	12	4	1	454	0	471
2123	1	3	463	6	0	473
2124	1	2	6	447	0	456
2125	1	1	7	455	0	464
2126	1	3	2	470	0	476
2127	464	2	1	7	0	474
2128	2	3	3	467	0	475
2129	3	1	516	6	0	526
2130	482	4	4	4	0	494
2131	499	1	4	4	0	508
2132	512	3	0	3	0	518
2133	519	2	0	3	0	524
2134	516	1	2	1	0	520
2135	7	514	2	4	0	527
2136	5	7	2	491	0	505
2137	3	519	5	4	0	531
2138	516	4	1	5	0	526
2139	517	2	2	3	0	524
2140	502	0	3	2	0	507
2141	7	497	2	1	0	507
2142	2	498	1	6	0	507
2143	1	499	2	3	0	505
2144	4	16	491	3	0	514
2145	3	49	7	392	0	451
2146	0	393	3	2	0	398
2147	1	367	0	0	0	368
2148	0	1	0	362	0	363
2149	1	0	0	358	0	359
2150	0	2	354	1	0	357
2151	309	0	1	1	0	311
2152	1	0	1	353	0	355
2153	0	7	0	355	0	362
2154	0	0	358	2	0	360
2155	0	0	353	0	0	353
2156	0	376	3	0	0	379
2157	0	2	1	379	0	382
2158	1	2	0	379	0	382
2159	1	3	373	3	0	380
2160	329	2	2	0	0	333
2161	376	0	0	1	0	377
2162	3	2	380	0	0	385
2163	355	0	2	0	0	357
2164	2	3	391	0	0	396
2165	381	0	3	0	0	384
2166	403	0	1	2	0	406
2167	3	3	409	0	0	415
2168	0	0	2	393	0	395
2169	0	0	1	408	0	409
2170	0	0	0	421	0	421
2171	416	0	1	4	0	421
2172	409	0	1	2	0	412
2173	3	1	417	1	0	422
2174	2	1	404	2	0	409
2175	407	1	5	2	0	415
2176	429	0	1	1	0	431
2177	5	2	417	0	0	424
2178	1	0	412	1	0	414
2179	0	0	5	419	0	424
2180	0	0	431	5	0	436
2181	1	0	3	412	0	416
2182	426	0	1	5	0	432
2183	4	1	456	1	0	462
2184	433	0	5	0	0	438
2185	5	2	516	1	0	524
2186	3	0	5	524	0	532
2187	1	0	1	566	0	568
2188	1	0	0	569	0	570
2189	0	569	1	8	0	578
2190	0	6	1	547	0	554
2191	1	2	0	576	0	579
2192	568	0	1	10	0	579
2193	7	1	573	1	0	582
2194	532	0	7	1	0	540
2195	6	2	571	1	0	580
2196	511	2	5	1	0	519
2197	4	568	2	2	0	576
2198	0	6	578	1	0	585
2199	1	2	584	0	0	587
2200	2	0	7	523	0	532
2201	2	0	2	574	0	578
2202	0	1	581	6	0	588
2203	1	1	580	1	0	583
2204	1	3	635	0	0	639
2205	632	0	7	1	0	640
2206	652	0	3	1	0	656
2207	653	0	1	2	0	656
2208	6	0	1	647	0	654
2209	1	0	1	649	0	651
2210	1	1	681	7	0	690
2211	2	0	8	671	0	681
2212	1	1	2	681	0	685
2213	669	0	1	12	0	682
2214	656	0	2	5	0	663
2215	655	2	0	4	0	661
2216	7	1	2	656	0	666
2217	5	2	2	659	0	668
2218	2	1	2	662	0	667
2219	657	1	3	9	0	670
2220	10	2	3	634	0	649
2221	3	654	4	5	0	666
2222	5	6	2	617	0	630
2223	1	643	4	6	0	654
2224	644	7	4	2	0	657
2225	628	2	6	2	0	638
2226	8	635	4	7	0	654
2227	5	657	3	8	0	673
2228	2	10	3	650	0	665
2229	3	4	610	11	0	628
2230	2	2	10	589	0	603
2231	5	0	611	12	0	628
2232	7	612	7	5	0	631
2233	6	6	6	610	0	628
2234	6	3	2	614	0	625
2235	6	1	622	13	0	642
2236	4	2	10	620	0	636
2237	4	5	633	10	0	652
2238	616	1	11	7	0	635
2239	636	1	7	5	0	649
2240	641	1	2	9	0	653
2241	11	0	2	633	0	646
2242	7	1	5	624	0	637
2243	1	1	627	13	0	642
2244	1	3	8	583	0	595
2245	6	612	4	10	0	632
2246	7	5	593	5	0	610
2247	5	5	590	3	0	603
2248	3	2	7	552	0	564
2249	3	4	598	9	0	614
2250	4	2	607	4	0	617
2251	523	8	8	8	0	547
2252	8	642	4	5	0	659
2253	661	9	2	4	0	676
2254	661	4	2	6	0	673
2255	667	3	2	6	0	678
2256	9	0	3	657	0	669
2257	3	0	5	665	0	673
2258	5	3	670	10	0	688
2259	3	2	6	664	0	675
2260	5	675	4	9	0	693
2261	677	5	2	5	0	689
2262	5	656	2	5	0	668
2263	2	653	3	7	0	665
2264	4	6	2	656	0	668
2265	5	5	664	6	0	680
2266	4	3	5	657	0	669
2267	4	3	659	6	0	672
2268	2	657	5	4	0	668
2269	652	5	4	4	0	665
2270	652	3	2	6	0	663
2271	663	2	3	4	0	672
2272	3	5	728	2	0	738
2273	1	2	698	4	0	705
2274	714	0	7	5	0	726
2275	729	2	6	6	0	743
2276	735	1	4	4	0	744
2277	6	1	3	735	0	745
2278	5	2	3	733	0	743
2279	745	1	0	3	0	749
2280	732	1	1	3	0	737
2281	9	1	751	2	0	763
2282	5	1	722	5	0	733
2283	685	0	5	4	0	694
2284	2	1	720	5	0	728
2285	660	1	1	0	0	662
2286	1	3	666	0	0	670
2287	2	4	0	627	0	633
2288	0	3	675	0	0	678
2289	0	1	0	675	0	676
2290	1	0	1	677	0	679
2291	1	692	0	1	0	694
2292	689	0	0	5	0	694
2293	0	3	701	0	0	704
2294	652	0	0	1	0	653
2295	0	710	2	0	0	712
2296	731	0	0	1	0	732
2297	0	2	0	729	0	731
2298	2	0	0	734	0	736
2299	0	765	0	1	0	766
2300	1	2	0	805	0	808
2301	0	1	0	809	0	810
2302	0	0	1	818	0	819
2303	794	0	0	4	0	798
2304	734	1	1	1	0	737
2305	4	1	731	0	0	736
2306	3	736	2	3	0	744
2307	1	1	2	747	0	751
2308	2	2	0	756	0	760
2309	1	1	758	7	0	767
2310	0	0	6	716	0	722
2311	724	0	2	6	0	732
2312	725	1	0	4	0	730
2313	724	0	0	2	0	726
2314	7	0	1	756	0	764
2315	784	0	0	9	0	793
2316	786	0	0	3	0	789
2317	800	1	0	1	0	802
2318	9	0	1	799	0	809
2319	3	0	1	809	0	813
2320	1	0	1	815	0	817
2321	0	1	1	799	0	801
2322	2	0	0	813	0	815
2323	2	2	798	8	0	810
2324	0	2	803	3	0	808
2325	0	785	8	1	0	794
2326	2	5	1	789	0	797
2327	2	1	0	791	0	794
2328	2	1	0	801	0	804
2329	1	0	801	6	0	808
2330	1	1	6	784	0	792
2331	2	1	795	7	0	805
2332	1	2	3	782	0	788
2333	1	1	850	7	0	859
2334	0	861	5	5	0	871
2335	1	6	1	871	0	879
2336	1	2	863	6	0	872
2337	742	0	6	6	0	754
2338	5	869	2	5	0	881
2339	3	5	1	875	0	884
2340	2	879	1	6	0	888
2341	2	5	1	877	0	885
2342	883	1	1	9	0	894
2343	6	1	0	881	0	888
2344	1	886	3	8	0	898
2345	874	5	0	4	0	883
2346	7	1	2	895	0	905
2347	2	0	1	916	0	919
2348	919	0	3	7	0	929
2349	7	2	0	996	0	1005
2350	2	0	0	1365	0	1367
2351	1	1	1395	19	0	1416
2352	3	0	1365	10	0	1378
2353	2	1	29	1365	0	1397
2354	7	2	1398	20	0	1427
2355	0	6	1374	10	0	1390
2356	1272	0	31	8	0	1311
2357	21	2	1457	1	0	1481
2358	11	1471	23	6	0	1511
2359	5	22	12	1457	0	1496
2360	1498	11	5	24	0	1538
2361	1552	4	3	12	0	1571
2362	1543	1	2	5	0	1551
2363	41	1520	3	9	0	1573
2364	15	23	1	1505	0	1544
2365	9	14	2	1536	0	1561
2366	1474	5	2	37	0	1518
2367	1519	0	1	23	0	1543
2368	1517	2	2	6	0	1527
2369	39	4	1512	4	0	1559
2370	17	1533	26	3	0	1579
2371	10	1708	17	3	0	1738
2372	6	39	5	1657	0	1707
2373	3	22	1	1762	0	1788
2374	2	9	1754	46	0	1811
2375	1714	1	27	27	0	1769
2376	1783	2	20	8	0	1813
2377	50	4	7	1756	0	1817
2378	24	2	3	1774	0	1803
2379	9	0	3	1788	0	1800
2380	1755	1	1	53	0	1810
2381	33	1	1720	24	0	1778
2382	23	7	1737	12	0	1779
2383	11	1	49	1710	0	1771
2384	5	3	1759	38	0	1805
2385	1713	1	34	25	0	1773
2386	1750	3	23	9	0	1785
2387	1765	1	8	8	0	1782
2388	50	1691	5	8	0	1754
2389	1709	26	7	4	0	1746
2390	37	22	3	1675	0	1737
2391	27	5	3	1688	0	1723
2392	14	2	7	1709	0	1732
2393	5	8	1660	52	0	1725
2394	8	2	29	1584	0	1623
2395	6	1656	21	35	0	1718
2396	1618	31	9	26	0	1684
2397	34	1663	9	12	0	1718
2398	28	37	1625	10	0	1700
2399	10	1627	34	11	0	1682
2400	1554	32	26	12	0	1624
2401	33	1587	13	8	0	1641
2402	32	33	9	1306	0	1380
2403	14	1561	9	26	0	1610
2404	1546	39	11	19	0	1615
2405	1555	22	7	11	0	1595
2406	1467	10	9	7	0	1493
2407	55	4	1539	5	0	1603
2408	33	8	1519	9	0	1569
2409	16	7	1531	9	0	1563
2410	1489	5	54	8	0	1556
2411	34	7	27	1497	0	1565
2412	31	4	11	1511	0	1557
2413	12	7	1502	49	0	1570
2414	11	5	25	1497	0	1538
2415	1444	2	24	34	0	1504
2416	29	1462	17	25	0	1533
2417	1483	27	7	10	0	1527
2418	32	26	1460	10	0	1528
2419	1473	8	31	10	0	1522
2420	1491	8	21	8	0	1528
2421	1513	5	11	5	0	1534
2422	53	11	1446	5	0	1515
2423	33	5	27	1448	0	1513
2424	13	5	1469	34	0	1521
2425	9	5	32	1475	0	1521
2426	17	7	1476	32	0	1532
2427	10	5	30	1455	0	1500
2428	8	3	25	1486	0	1522
2429	1468	6	10	53	0	1537
2430	1482	4	8	29	0	1523
2431	1518	2	10	14	0	1544
2432	52	2	10	1429	0	1493
2433	28	1354	9	29	0	1420
2434	12	1418	10	23	0	1463
2435	1411	37	6	10	0	1464
2436	33	21	1388	11	0	1453
2437	1393	6	25	12	0	1436
2438	31	14	1406	11	0	1462
2439	1430	5	32	12	0	1479
2440	1365	5	23	12	0	1405
2441	40	4	1447	8	0	1499
2442	1448	6	23	11	0	1488
2443	1463	5	24	6	0	1498
2444	1492	8	11	6	0	1517
2445	51	1489	9	6	0	1555
2446	48	29	6	1421	0	1504
2447	13	24	1432	25	0	1494
2448	11	5	1443	24	0	1483
2449	4	1338	41	12	0	1395
2450	1	985	18	8	0	1012
2451	31	15	9	880	0	935
2452	872	8	6	10	0	896
2453	13	887	2	11	0	913
2454	13	10	1	860	0	884
2455	6	896	0	9	0	911
2456	865	10	1	8	0	884
2457	12	10	1	865	0	888
2458	10	4	830	12	0	856
2459	3	814	14	11	0	842
2460	9	806	11	5	0	831
2461	4	18	2	733	0	757
2462	5	793	3	5	0	806
2463	6	11	3	778	0	798
2464	800	10	4	9	0	823
2465	792	2	1	9	0	804
2466	829	3	3	2	0	837
2467	827	2	2	3	0	834
2468	20	4	807	3	0	834
2469	13	781	7	3	0	804
2470	5	769	8	2	0	784
2471	3	619	0	0	0	622
2472	0	585	0	1	0	586
2473	523	8	13	0	0	544
2474	557	5	3	0	0	565
2475	569	0	0	3	0	572
2476	571	0	0	0	0	571
2477	7	0	579	1	0	587
2478	605	0	2	2	0	609
2479	616	0	5	0	0	621
2480	631	0	0	0	0	631
2481	9	0	0	628	0	637
2482	5	1	0	634	0	640
2483	636	0	0	11	0	647
2484	2	0	1	623	0	626
2485	6	611	0	2	0	619
2486	0	2	1	628	0	631
2487	1	6	0	624	0	631
2488	0	626	0	8	0	634
2489	1	2	0	630	0	633
2490	1	7	0	623	0	631
2491	612	0	2	8	0	622
2492	5	3	608	5	0	621
2493	597	0	2	1	0	600
2494	3	0	609	2	0	614
2495	7	1	591	1	0	600
2496	0	3	600	7	0	610
2497	583	1	9	0	0	593
2498	3	2	638	2	0	645
2499	614	6	3	3	0	626
2500	623	2	7	2	0	634
2501	642	1	0	1	0	644
2502	9	637	0	2	0	648
2503	656	3	1	1	0	661
2504	4	653	1	0	0	658
2505	7	5	1	658	0	671
2506	0	7	1	655	0	663
2507	0	663	1	9	0	673
2508	0	659	2	8	0	669
2509	3	670	1	0	0	674
2510	669	8	1	0	0	678
2511	6	675	1	2	0	684
2512	677	3	0	0	0	680
2513	5	6	670	1	0	682
2514	667	1	4	0	0	672
2515	677	1	7	0	0	685
2516	10	3	657	1	0	671
2517	7	1	3	643	0	654
2518	1	0	661	5	0	667
2519	1	1	3	655	0	660
2520	3	1	6	655	0	665
2521	658	1	0	9	0	668
2522	654	1	1	6	0	662
2523	9	648	1	1	0	659
2524	665	3	0	2	0	670
2525	4	7	674	0	0	685
2526	667	0	4	1	0	672
2527	4	0	728	2	0	734
2528	8	1	713	0	0	722
2529	707	0	11	1	0	719
2530	731	1	7	1	0	740
2531	9	0	740	1	0	750
2532	6	1	4	685	0	696
2533	1	2	9	746	0	758
2534	3	3	725	10	0	741
2535	2	2	6	691	0	701
2536	4	699	7	4	0	714
2537	4	4	2	733	0	743
2538	6	5	0	705	0	716
2539	2	2	676	8	0	688
2540	600	1	5	7	0	613
2541	661	3	7	1	0	672
2542	659	0	1	4	0	664
2543	640	0	3	2	0	645
2544	11	626	2	2	0	641
2545	10	2	0	606	0	618
2546	4	5	610	4	0	623
2547	2	3	597	8	0	610
2548	5	2	8	592	0	607
2549	2	2	617	5	0	626
2550	599	1	2	8	0	610
2551	3	2	7	640	0	652
2552	7	0	1	650	0	658
2553	1	1	0	666	0	668
2554	657	2	2	8	0	669
2555	4	650	13	9	0	676
2556	664	4	0	4	0	672
2557	651	5	2	3	0	661
2558	8	651	4	2	0	665
2559	5	658	4	1	0	668
2560	666	6	2	4	0	678
2561	5	3	5	664	0	677
2562	10	0	1	657	0	668
2563	680	1	3	5	0	689
2564	3	3	664	5	0	675
2565	656	1	3	2	0	662
2566	669	0	4	2	0	675
2567	7	694	4	1	0	706
2568	759	4	0	2	0	765
2569	731	4	3	2	0	740
2570	10	880	1	0	0	891
2571	4	887	1	3	0	895
2572	5	11	1	858	0	875
2573	881	7	0	7	0	895
2574	5	864	1	7	0	877
2575	6	7	2	856	0	871
2576	885	8	2	6	0	901
2577	9	3	861	8	0	881
2578	9	1	6	855	0	871
2579	2	6	871	7	0	886
2580	824	1	7	9	0	841
2581	849	0	8	3	0	860
2582	13	3	840	3	0	859
2583	10	837	8	2	0	857
2584	4	6	9	841	0	860
2585	4	5	870	8	0	887
2586	5	1	8	884	0	898
2587	1	2	8	903	0	914
2588	2	4	891	16	0	913
2589	855	0	8	18	0	881
2590	898	3	11	3	0	915
2591	13	3	912	6	0	934
2592	13	916	7	5	0	941
2593	4	6	12	871	0	893
2594	5	928	2	4	0	939
2595	4	926	1	9	0	940
2596	912	13	3	3	0	931
2597	6	10	2	906	0	924
2598	9	2	1	901	0	913
2599	5	4	911	13	0	933
2600	2	3	907	11	0	923
2601	3	2	15	894	0	914
2602	3	1	11	921	0	936
2603	1	3	901	18	0	923
2604	2	2	901	10	0	915
2605	4	0	17	895	0	916
2606	902	3	7	12	0	924
2607	5	911	4	16	0	936
2608	922	11	4	4	0	941
2609	12	959	5	1	0	977
2610	10	965	2	6	0	983
2611	954	19	1	5	0	979
2612	16	14	964	2	0	996
2613	13	6	12	940	0	971
2614	3	4	10	962	0	979
2615	7	2	5	1003	0	1017
2616	7	3	1019	21	0	1050
2617	7	1	12	1022	0	1042
2618	1056	1	16	16	0	1089
2619	12	3	6	1086	0	1107
2620	13	0	3	1134	0	1150
2621	1130	2	7	22	0	1161
2622	1119	3	2	19	0	1143
2623	23	1129	4	6	0	1162
2624	20	11	1137	3	0	1171
2625	7	11	1102	5	0	1125
2626	4	6	1125	4	0	1139
2627	5	1068	27	1	0	1101
2628	6	12	14	1031	0	1063
2629	4	9	2	1065	0	1080
2630	1052	3	5	20	0	1080
2631	11	3	1	1053	0	1068
2632	13	3	1036	17	0	1069
2633	3	2	11	1045	0	1061
2634	5	3	11	1037	0	1056
2635	4	1	1050	23	0	1078
2636	3	1038	15	19	0	1075
2637	6	11	12	910	0	939
2638	1	1047	5	14	0	1067
2639	2	14	1039	11	0	1066
2640	1013	11	16	6	0	1046
2641	1038	4	13	6	0	1061
2642	1048	2	9	6	0	1065
2643	24	4	5	1009	0	1042
2644	14	1033	5	15	0	1067
2645	1030	15	1	15	0	1061
2646	1031	15	2	4	0	1052
2647	1040	4	1	6	0	1051
2648	24	5	1024	4	0	1057
2649	983	3	12	6	0	1004
2650	16	1011	15	5	0	1047
2651	992	11	8	3	0	1014
2652	15	1017	3	6	0	1041
2653	1000	13	4	7	0	1024
2654	16	16	1001	1	0	1034
2655	990	4	16	4	0	1014
2656	1015	3	10	4	0	1032
2657	931	3	5	2	0	941
2658	1025	2	2	4	0	1033
2659	27	4	997	2	0	1030
2660	21	2	12	986	0	1021
2661	1000	2	12	11	0	1025
2662	16	993	4	11	0	1024
2663	16	12	4	967	0	999
2664	5	14	969	13	0	1001
2665	10	11	11	957	0	989
2666	4	6	983	12	0	1005
2667	5	935	14	14	0	968
2668	2	878	15	6	0	901
2669	8	888	3	3	0	902
2670	9	26	10	709	0	754
2671	2	10	4	717	0	733
2672	4	2	713	19	0	738
2673	3	680	12	6	0	701
2674	647	11	5	4	0	667
2675	9	641	5	3	0	658
2676	6	624	5	0	0	635
2677	10	12	2	605	0	629
2678	601	6	7	9	0	623
2679	608	3	2	8	0	621
2680	14	4	2	592	0	612
2681	602	3	0	11	0	616
2682	10	1	2	598	0	611
2683	5	1	589	12	0	607
2684	578	0	6	10	0	594
2685	11	1	5	573	0	590
2686	5	1	545	7	0	558
2687	2	3	541	4	0	550
2688	5	1	9	542	0	557
2689	546	1	6	11	0	564
2690	540	1	6	4	0	551
2691	10	539	4	2	0	555
2692	539	7	4	5	0	555
2693	545	4	3	1	0	553
2694	543	3	2	4	0	552
2695	11	541	2	4	0	558
2696	566	6	2	0	0	574
2697	565	2	0	5	0	572
2698	12	3	3	558	0	576
2699	551	1	2	7	0	561
2700	10	546	1	6	0	563
2701	6	551	2	2	0	561
2702	4	11	1	542	0	558
2703	5	4	2	539	0	550
2704	3	551	1	10	0	565
2705	545	7	2	5	0	559
2706	8	550	0	3	0	561
2707	526	7	0	3	0	536
2708	8	535	2	0	0	545
2709	5	5	0	471	0	481
2710	3	504	2	6	0	515
2711	500	6	8	2	0	516
2712	503	5	0	1	0	509
2713	503	5	1	4	0	513
2714	6	2	481	3	0	492
2715	7	2	457	4	0	470
2716	1	438	4	10	0	453
2717	11	4	429	2	0	446
2718	2	4	398	0	0	404
2719	2	4	3	333	0	342
2720	2	4	339	2	0	347
2721	1	346	3	1	0	351
2722	334	1	2	1	0	338
2723	4	334	0	1	0	339
2724	2	339	2	1	0	344
2725	349	4	3	1	0	357
2726	371	0	1	3	0	375
2727	1	390	2	1	0	394
2728	388	1	2	2	0	393
2729	386	0	1	1	0	388
2730	384	0	1	2	0	387
2731	1	1	381	0	0	383
2732	0	1	373	2	0	376
2733	2	0	1	376	0	379
2734	2	1	0	383	0	386
2735	380	2	0	1	0	383
2736	3	372	0	3	0	378
2737	3	1	0	395	0	399
2738	2	1	0	400	0	403
2739	3	1	0	400	0	404
2740	1	1	0	402	0	404
2741	5	2	397	3	0	407
2742	1	1	389	1	0	392
2743	1	0	4	399	0	404
2744	2	2	421	4	0	429
2745	407	2	2	1	0	412
2746	3	1	0	433	0	437
2747	0	1	429	4	0	434
2748	384	1	2	2	0	389
2749	3	421	1	2	0	427
2750	409	2	0	3	0	414
2751	2	440	0	2	0	444
2752	0	2	1	422	0	425
2753	0	3	433	3	0	439
2754	0	0	3	411	0	414
2755	1	1	420	3	0	425
2756	404	4	3	2	0	413
2757	4	0	0	420	0	424
2758	422	0	2	4	0	428
2759	4	1	429	1	0	435
2760	450	1	4	2	0	457
2761	492	2	0	0	0	494
2762	7	1	499	0	0	507
2763	0	1	7	487	0	495
2764	0	0	493	7	0	500
2765	1	489	7	1	0	498
2766	479	4	1	1	0	485
2767	489	0	1	3	0	493
2768	7	2	492	1	0	502
2769	2	0	493	1	0	496
2770	1	2	5	491	0	499
2771	1	0	1	505	0	507
2772	508	0	0	6	0	514
2773	5	508	1	0	0	514
2774	512	4	1	1	0	518
2775	512	0	1	1	0	514
2776	5	1	507	0	0	513
2777	482	1	4	2	0	489
2778	6	0	514	0	0	520
2779	1	1	8	516	0	526
2780	0	0	544	4	0	548
2781	1	1	5	537	0	544
2782	0	0	546	7	0	553
2783	531	0	4	1	0	536
2784	546	2	0	0	0	548
2785	6	1	0	540	0	547
2786	551	0	0	6	0	557
2787	5	0	1	551	0	557
2788	1	556	1	4	0	562
2789	561	4	1	0	0	566
2790	4	564	3	5	0	576
2791	1	4	1	562	0	568
2792	0	1	1	565	0	567
2793	2	0	2	553	0	557
2794	2	0	2	547	0	551
2795	2	0	541	5	0	548
2796	481	0	5	1	0	487
2797	537	0	0	1	0	538
2798	5	531	1	1	0	538
2799	1	5	0	511	0	517
2800	1	1	1	526	0	529
2801	2	0	517	4	0	523
2802	501	1	4	1	0	507
2803	4	0	1	512	0	517
2804	1	0	522	6	0	529
2805	504	0	5	3	0	512
2806	535	1	2	1	0	539
2807	537	0	1	0	0	538
2808	8	1	516	0	0	525
2809	1	0	520	0	0	521
2810	505	1	5	4	0	515
2811	4	0	1	531	0	536
2812	0	5	0	539	0	544
2813	2	2	529	7	0	540
2814	503	1	5	0	0	509
2815	5	0	1	523	0	529
2816	550	0	2	8	0	560
2817	560	0	1	2	0	563
2818	578	0	0	3	0	581
2819	9	0	590	0	0	599
2820	0	1	8	572	0	581
2821	580	0	2	8	0	590
2822	7	590	0	2	0	599
2823	0	7	2	597	0	606
2824	3	0	0	603	0	606
2825	578	0	2	7	0	587
2826	555	0	0	2	0	557
2827	8	0	1	539	0	548
2828	1	0	535	9	0	545
2829	521	0	8	0	0	529
2830	11	0	568	0	0	579
2831	556	1	9	1	0	567
2832	587	0	0	3	0	590
2833	11	0	577	0	0	588
2834	0	1	8	581	0	590
2835	1	1	619	10	0	631
2836	2	663	9	2	0	676
2837	7	7	1	602	0	617
2838	0	651	2	9	0	662
2839	1	8	0	656	0	665
2840	1	2	700	7	0	710
2841	0	710	11	3	0	724
2842	0	742	4	1	0	747
2843	3	16	2	717	0	738
2844	720	2	2	11	0	735
2845	10	1	1	780	0	792
2846	802	0	0	11	0	813
2847	10	830	2	4	0	846
2848	943	10	1	0	0	954
2849	12	3	973	0	0	988
2850	5	0	13	979	0	997
2851	2	0	6	970	0	978
2852	3	3	971	18	0	995
2853	929	0	14	4	0	947
2854	936	0	5	1	0	942
2855	16	960	5	0	0	981
2856	8	19	1	831	0	859
2857	1	940	0	10	0	951
2858	1	15	934	8	0	958
2859	1	7	939	0	0	947
2860	7	16	15	862	0	900
2861	880	2	4	10	0	896
2862	10	869	2	10	0	891
2863	879	11	0	1	0	891
2864	10	6	869	2	0	887
2865	872	0	12	0	0	884
2866	890	1	4	1	0	896
2867	20	1	873	0	0	894
2868	5	1	13	851	0	870
2869	889	0	4	13	0	906
2870	885	0	1	6	0	892
2871	885	1	2	1	0	889
2872	16	0	1	864	0	881
2873	5	1	867	11	0	884
2874	850	1	12	5	0	868
2875	12	2	893	1	0	908
2876	4	2	11	878	0	895
2877	0	0	5	865	0	870
2878	0	874	3	14	0	891
2879	4	13	860	6	0	883
2880	2	849	14	0	0	865
2881	1	863	5	1	0	870
2882	2	17	1	848	0	868
2883	2	5	849	12	0	868
2884	5	1	12	845	0	863
2885	2	0	862	12	0	876
2886	2	1	14	841	0	858
2887	1	0	5	846	0	852
2888	3	0	828	16	0	847
2889	2	1	13	821	0	837
2890	3	1	842	11	0	857
2891	3	2	838	6	0	849
2892	4	836	20	3	0	863
2893	843	13	5	1	0	862
2894	12	5	836	3	0	856
2895	799	1	13	2	0	815
2896	14	2	8	844	0	868
2897	9	2	834	17	0	862
2898	2	843	17	8	0	870
2899	2	14	6	835	0	857
2900	2	6	850	14	0	872
2901	5	3	13	780	0	801
2902	1	839	9	11	0	860
2903	850	13	1	10	0	874
2904	13	7	2	847	0	869
2905	854	2	3	16	0	875
2906	864	2	3	7	0	876
2907	866	1	3	4	0	874
2908	867	1	2	3	0	873
2909	839	2	3	4	0	848
2910	20	823	2	5	0	850
2911	7	12	5	827	0	851
2912	6	4	1	828	0	839
2913	5	4	3	819	0	831
2914	6	1	798	17	0	822
2915	2	804	11	7	0	824
2916	806	11	5	3	0	825
2917	817	5	3	3	0	828
2918	16	784	2	1	0	803
2919	7	786	2	5	0	800
2920	771	14	2	4	0	791
2921	11	6	735	2	0	754
2922	5	2	12	721	0	740
2923	721	3	6	10	0	740
2924	10	2	3	697	0	712
2925	6	716	4	10	0	736
2926	3	8	3	721	0	735
2927	4	8	725	9	0	746
2928	710	3	11	8	0	732
2929	761	3	6	3	0	773
2930	15	3	3	728	0	749
2931	8	2	1	730	0	741
2932	695	0	5	15	0	715
2933	8	714	6	9	0	737
2934	8	9	1	704	0	722
2935	5	4	4	701	0	714
2936	646	4	0	13	0	663
2937	10	654	4	6	0	674
2938	636	11	3	2	0	652
2939	14	650	3	1	0	668
2940	10	606	2	2	0	620
2941	594	10	4	3	0	611
2942	8	619	2	3	0	632
2943	9	5	5	598	0	617
2944	2	8	611	7	0	628
2945	1	1	543	8	0	553
2946	2	1	513	2	0	518
2947	2	499	10	1	0	512
2948	348	9	14	0	0	371
2949	2	3	1	325	0	331
2950	3	0	1	331	0	335
2951	2	0	333	5	0	340
2952	311	1	2	3	0	317
2953	2	1	3	329	0	335
2954	3	0	0	332	0	335
2955	2	0	1	325	0	328
2956	312	2	1	7	0	322
2957	2	0	319	4	0	325
2958	321	2	2	1	0	326
2959	3	1	3	322	0	329
2960	4	1	325	3	0	333
2961	306	0	2	4	0	312
2962	2	1	354	0	0	357
2963	4	1	2	341	0	348
2964	2	0	353	2	0	357
2965	1	1	342	4	0	348
2966	334	1	4	3	0	342
2967	3	1	339	0	0	343
2968	3	1	3	331	0	338
2969	330	0	5	3	0	338
2970	1	2	3	339	0	345
2971	5	0	340	2	0	347
2972	2	1	343	5	0	351
2973	1	334	5	2	0	342
2974	0	8	4	324	0	336
2975	312	3	1	2	0	318
2976	1	314	5	4	0	324
2977	323	1	0	1	0	325
2978	2	4	1	319	0	326
2979	317	0	1	5	0	323
2980	3	312	1	6	0	322
2981	5	1	1	311	0	318
2982	310	4	3	4	0	321
2983	2	318	5	4	0	329
2984	4	3	2	322	0	331
2985	2	4	2	320	0	328
2986	320	2	2	6	0	330
2987	2	1	3	326	0	332
2988	5	1	3	320	0	329
2989	1	2	3	326	0	332
2990	4	0	310	5	0	319
2991	301	2	3	5	0	311
2992	4	1	4	344	0	353
2993	4	0	395	9	0	408
2994	407	1	5	5	0	418
2995	5	0	415	4	0	424
2996	11	2	5	399	0	417
2997	3	429	6	10	0	448
2998	3	6	1	438	0	448
2999	1	8	423	9	0	441
3000	5	0	435	6	0	446
3001	1	2	9	433	0	445
3002	5	2	435	9	0	451
3003	403	1	8	8	0	420
3004	8	0	429	1	0	438
3005	9	2	6	407	0	424
3006	0	2	8	418	0	428
3007	4	0	3	421	0	428
3008	416	1	2	12	0	431
3009	418	0	4	9	0	431
3010	432	2	4	4	0	442
3011	15	1	3	423	0	442
3012	5	0	2	440	0	447
3013	3	1	426	11	0	441
3014	2	2	429	9	0	442
3015	4	424	11	2	0	441
3016	3	6	7	385	0	401
3017	5	6	1	359	0	371
3018	1	387	1	13	0	402
3019	386	4	2	5	0	397
3020	8	393	2	4	0	407
3021	392	6	2	2	0	402
3022	5	8	0	388	0	401
3023	397	1	2	8	0	408
3024	9	1	3	394	0	407
3025	8	1	387	6	0	402
3026	0	3	5	394	0	402
3027	373	0	9	8	0	390
3028	7	1	3	395	0	406
3029	10	1	1	379	0	391
3030	2	0	385	13	0	400
3031	1	1	6	393	0	401
3032	3	1	9	375	0	388
3033	2	367	3	13	0	385
3034	4	4	2	382	0	392
3035	3	8	3	381	0	395
3036	3	1	1	378	0	383
3037	2	375	3	12	0	392
3038	2	7	3	365	0	377
3039	353	7	4	7	0	371
3040	6	364	1	10	0	381
3041	6	332	1	2	0	341
3042	0	305	2	2	0	309
3043	2	8	13	266	0	289
3044	0	283	0	5	0	288
3045	1	291	1	5	0	298
3046	283	8	1	3	0	295
3047	4	6	280	2	0	292
3048	283	0	4	2	0	289
3049	5	2	8	278	0	293
3050	5	0	281	9	0	295
3051	267	4	5	5	0	281
3052	4	1	292	4	0	301
3053	4	1	293	2	0	300
3054	296	0	12	2	0	310
3055	5	1	5	298	0	309
3056	6	0	302	5	0	313
3057	296	0	3	7	0	306
3058	292	1	10	2	0	305
3059	10	0	305	5	0	320
3060	310	1	4	5	0	320
3061	309	0	6	6	0	321
3062	14	0	295	0	0	309
3063	288	1	4	2	0	295
3064	296	1	6	1	0	304
3065	8	0	283	5	0	296
3066	7	1	290	5	0	303
3067	0	2	13	286	0	301
3068	2	0	297	4	0	303
3069	288	5	3	7	0	303
3070	4	1	7	288	0	300
3071	8	0	1	288	0	297
3072	4	6	275	8	0	293
3073	7	0	3	278	0	288
3074	1	5	283	4	0	293
3075	286	0	3	8	0	297
3076	285	0	6	7	0	298
3077	14	0	278	1	0	293
3078	289	0	4	8	0	301
3079	291	1	11	1	0	304
3080	8	0	287	7	0	302
3081	309	0	4	5	0	318
3082	295	2	7	4	0	308
3083	9	0	303	6	0	318
3084	301	1	8	3	0	313
3085	4	2	313	8	0	327
3086	7	1	3	311	0	322
3087	4	4	6	311	0	325
3088	1	0	1	325	0	327
3089	2	1	314	13	0	330
3090	279	0	3	12	0	294
3091	4	5	310	1	0	320
3092	6	270	2	6	0	284
3093	3	227	5	1	0	236
3094	205	4	2	0	0	211
3095	0	4	4	200	0	208
3096	4	209	0	3	0	216
3097	187	1	1	5	0	194
3098	183	4	2	3	0	192
3099	4	200	2	1	0	207
3100	7	0	0	185	0	192
3101	1	198	3	1	0	203
3102	200	0	2	4	0	206
3103	200	3	1	1	0	205
3104	5	1	1	188	0	195
3105	190	0	2	1	0	193
3106	1	0	1	193	0	195
3107	5	0	189	0	0	194
3108	187	0	2	3	0	192
3109	5	0	186	1	0	192
3110	4	1	2	178	0	185
3111	182	1	3	1	0	187
3112	2	0	1	197	0	200
3113	3	0	194	2	0	199
3114	1	2	185	3	0	191
3115	4	0	3	195	0	202
3116	200	0	5	1	0	206
3117	1	203	0	4	0	208
3118	2	1	1	207	0	211
3119	1	2	207	1	0	211
3120	195	0	1	3	0	199
3121	211	1	2	0	0	214
3122	4	0	204	0	0	208
3123	208	0	1	0	0	209
3124	2	1	2	207	0	212
3125	3	0	216	1	0	220
3126	217	1	1	2	0	221
3127	1	0	2	222	0	225
3128	3	0	0	208	0	211
3129	205	0	1	4	0	210
3130	2	189	0	2	0	193
3131	2	196	1	1	0	200
3132	199	2	1	1	0	203
3133	198	2	0	1	0	201
3134	2	0	214	1	0	217
3135	2	0	205	1	0	208
3136	2	0	1	203	0	206
3137	210	0	2	1	0	213
3138	211	1	1	1	0	214
3139	212	1	1	0	0	214
3140	3	207	1	4	0	215
3141	2	215	1	1	0	219
3142	0	5	0	222	0	227
3143	2	1	1	227	0	231
3144	1	0	2	232	0	235
3145	1	1	239	3	0	244
3146	1	0	221	2	0	224
3147	235	2	3	0	0	240
3148	245	0	1	0	0	246
3149	3	1	0	245	0	249
3150	1	0	1	249	0	251
3151	2	0	0	253	0	255
3152	0	1	234	3	0	238
3153	0	0	231	2	0	233
3154	0	0	1	240	0	241
3155	0	0	244	1	0	245
3156	0	245	1	0	0	246
3157	0	248	0	0	0	248
3158	245	1	0	1	0	247
3159	1	233	1	0	0	235
3160	1	2	0	226	0	229
3161	0	2	0	235	0	237
3162	0	254	0	1	0	255
3163	0	2	0	260	0	262
3164	0	0	258	2	0	260
3165	0	261	2	0	0	263
3166	0	2	0	254	0	256
3167	0	0	259	2	0	261
3168	0	259	2	0	0	261
3169	0	2	0	251	0	253
3170	0	260	0	1	0	261
3171	0	2	0	256	0	258
3172	1	0	0	262	0	263
3173	0	261	2	3	0	266
3174	251	2	0	1	0	254
3175	244	0	0	1	0	245
3176	2	262	0	0	0	264
3177	0	266	1	0	0	267
3178	0	2	0	263	0	265
3179	0	0	254	3	0	257
3180	253	0	2	2	0	257
3181	271	0	0	0	0	271
3182	3	0	267	0	0	270
3183	251	0	2	0	0	253
3184	259	0	1	0	0	260
3185	3	0	260	0	0	263
3186	247	0	2	0	0	249
3187	2	0	276	1	0	279
3188	2	282	2	2	0	288
3189	285	2	1	0	0	288
3190	280	1	0	1	0	282
3191	3	1	279	0	0	283
3192	275	0	2	0	0	277
3193	300	1	1	2	0	304
3194	3	0	306	0	0	309
3195	306	0	2	0	0	308
3196	308	0	1	1	0	310
3197	5	0	299	0	0	304
3198	303	0	2	2	0	307
3199	2	0	1	294	0	297
3200	1	0	0	294	0	295
3201	0	0	293	3	0	296
3202	0	1	284	1	0	286
3203	0	0	3	292	0	295
3204	0	0	1	293	0	294
3205	302	0	0	3	0	305
3206	4	0	293	1	0	298
3207	293	0	2	0	0	295
3208	2	1	1	303	0	307
3209	1	1	309	2	0	313
3210	302	0	2	2	0	306
3211	3	0	1	323	0	327
3212	4	0	314	2	0	320
3213	313	0	3	2	0	318
3214	2	0	2	329	0	333
3215	329	0	0	2	0	331
3216	2	1	335	2	0	340
3217	1	0	2	328	0	331
3218	0	351	1	2	0	354
3219	356	2	1	2	0	361
3220	352	1	1	1	0	355
3221	3	370	1	0	0	374
3222	380	2	0	1	0	383
3223	379	1	1	0	0	381
3224	383	2	0	0	0	385
3225	5	367	1	1	0	374
3226	4	2	1	368	0	375
3227	2	3	369	2	0	376
3228	1	1	2	360	0	364
3229	0	0	2	370	0	372
3230	1	1	382	3	0	387
3231	0	1	375	2	0	378
3232	0	1	4	363	0	368
3233	1	378	2	1	0	382
3234	373	2	1	1	0	377
3235	364	1	2	1	0	368
3236	4	375	1	2	0	382
3237	378	1	0	0	0	379
3238	373	1	4	0	0	378
3239	3	2	371	0	0	376
3240	360	0	1	1	0	362
3241	2	392	2	0	0	396
3242	3	2	385	0	0	390
3243	2	1	373	2	0	378
3244	0	381	2	2	0	385
3245	369	1	2	1	0	373
3246	2	1	376	0	0	379
3247	2	1	1	379	0	383
3248	1	2	379	2	0	384
3249	346	0	3	3	0	352
3250	1	0	439	0	0	440
3251	2	0	433	1	0	436
3252	416	0	2	2	0	420
3253	2	466	4	0	0	472
3254	469	1	0	1	0	471
3255	477	1	0	2	0	480
3256	2	2	1	472	0	477
3257	4	511	1	3	0	519
3258	525	2	1	3	0	531
3259	3	2	539	0	0	544
3260	518	1	2	0	0	521
3261	3	534	3	3	0	543
3262	529	1	4	0	0	534
3263	520	1	0	1	0	522
3264	3	535	1	1	0	540
3265	3	1	1	532	0	537
3266	542	1	1	0	0	544
3267	1	551	0	1	0	553
3268	3	0	0	548	0	551
3269	563	2	1	0	0	566
3270	0	1	1	581	0	583
3271	2	0	1	577	0	580
3272	1	579	0	3	0	583
3273	565	0	2	5	0	572
3274	574	2	3	1	0	580
3275	586	2	1	1	0	590
3276	5	601	0	0	0	606
3277	589	0	1	2	0	592
3278	589	1	0	1	0	591
3279	1	1	2	580	0	584
3280	3	1	0	574	0	578
3281	2	1	569	1	0	573
3282	1	0	3	558	0	562
3283	2	0	1	564	0	567
3284	3	2	568	1	0	574
3285	479	0	0	8	0	487
3286	2	2	570	1	0	575
3287	1	2	560	1	0	564
3288	2	1	1	546	0	550
3289	4	1	2	557	0	564
3290	0	565	2	1	0	568
3291	562	0	0	5	0	567
3292	556	2	0	0	0	558
3293	2	551	1	1	0	555
3294	3	562	0	0	0	565
3295	1	4	0	563	0	568
3296	1	594	0	1	0	596
3297	596	2	0	3	0	601
3298	594	3	0	0	0	597
3299	3	2	0	597	0	602
3300	6	0	0	591	0	597
3301	598	0	1	5	0	604
3302	1	2	593	5	0	601
3303	587	0	1	2	0	590
3304	3	3	594	1	0	601
3305	573	1	5	3	0	582
3306	4	0	2	593	0	599
3307	3	1	596	1	0	601
3308	2	0	575	2	0	579
3309	579	0	5	2	0	586
3310	593	0	5	1	0	599
3311	4	621	2	2	0	629
3312	4	2	1	636	0	643
3313	1	4	0	635	0	640
3314	621	1	0	6	0	628
3315	3	625	2	4	0	634
3316	605	4	0	1	0	610
3317	1	609	1	0	0	611
3318	4	591	3	0	0	598
3319	583	5	0	0	0	588
3320	2	4	571	0	0	577
3321	3	2	2	572	0	579
3322	0	1	3	563	0	567
3323	1	0	565	6	0	572
3324	1	0	2	564	0	567
3325	0	0	3	542	0	545
3326	1	570	0	4	0	575
3327	573	2	0	4	0	579
3328	3	5	572	1	0	581
3329	556	2	2	1	0	561
3330	3	573	4	1	0	581
3331	4	2	0	574	0	580
3332	596	5	0	5	0	606
3333	3	1	1	608	0	613
3334	4	0	2	604	0	610
3335	1	1	608	6	0	616
3336	560	1	2	5	0	568
3337	602	1	5	0	0	608
3338	7	0	612	1	0	620
3339	5	0	3	607	0	615
3340	1	1	609	4	0	615
3341	573	1	7	4	0	585
3342	603	0	4	2	0	609
3343	6	1	0	594	0	601
3344	597	2	0	2	0	601
3345	5	1	624	4	0	634
3346	5	0	3	620	0	628
3347	2	1	4	627	0	634
3348	1	1	0	632	0	634
3349	0	1	1	633	0	635
3350	567	0	0	7	0	574
3351	2	0	562	8	0	572
3352	4	2	2	562	0	570
3353	2	0	551	4	0	557
3354	3	1	532	4	0	540
3355	4	0	7	528	0	539
3356	1	1	5	525	0	532
3357	493	0	1	8	0	502
3358	4	0	2	502	0	508
3359	8	0	0	486	0	494
3360	2	0	2	497	0	501
3361	489	0	2	7	0	498
3362	490	0	0	5	0	495
3363	492	0	3	1	0	496
3364	478	1	2	0	0	481
3365	7	509	0	2	0	518
3366	5	2	1	506	0	514
3367	2	6	0	499	0	507
3368	508	2	1	7	0	518
3369	3	542	1	8	0	554
3370	6	3	0	563	0	572
3371	1	6	641	3	0	651
3372	724	1	7	6	0	738
3373	10	781	7	2	0	800
3374	848	11	1	4	0	864
3375	853	9	1	2	0	865
3376	21	1	3	839	0	864
3377	13	1	837	14	0	865
3378	1	2	12	868	0	883
3379	875	0	12	13	0	900
3380	16	0	2	873	0	891
3381	871	0	0	17	0	888
3382	14	861	3	11	0	889
3383	893	13	0	5	0	911
3384	18	10	1	882	0	911
3385	11	1	0	935	0	947
3386	953	1	0	27	0	981
3387	951	3	0	12	0	966
3388	967	0	0	2	0	969
3389	964	0	1	3	0	968
3390	963	0	0	3	0	966
3391	30	2	1	935	0	968
3392	17	0	924	17	0	958
3393	5	923	12	14	0	954
3394	901	12	13	2	0	928
3395	17	11	874	0	0	902
3396	875	2	12	3	0	892
3397	15	864	14	0	0	893
3398	888	14	1	0	0	903
3399	16	10	1	869	0	896
3400	13	3	6	882	0	904
3401	4	2	895	23	0	924
3402	3	2	12	892	0	909
3403	3	1	918	15	0	937
3404	3	2	937	12	0	954
3405	929	3	24	3	0	959
3406	964	1	13	3	0	981
3407	25	1	959	5	0	990
3408	960	0	15	4	0	979
3409	962	1	11	1	0	975
3410	25	2	939	1	0	967
3411	18	930	11	1	0	960
3412	6	12	12	969	0	999
3413	995	10	2	12	0	1019
3414	1023	3	1	14	0	1041
3415	1033	0	4	3	0	1040
3416	1034	3	0	1	0	1038
3417	1026	1	0	6	0	1033
3418	28	2	998	2	0	1030
3419	17	4	1016	2	0	1039
3420	10	2	22	1017	0	1051
3421	1037	1	11	14	0	1063
3422	1050	0	2	14	0	1066
3423	1061	1	5	2	0	1069
3424	1031	2	3	4	0	1040
3425	26	1040	4	5	0	1075
3426	18	1062	4	6	0	1090
3427	1075	22	3	6	0	1106
3428	1088	14	3	6	0	1111
3429	30	1079	4	5	0	1118
3430	1089	15	2	4	0	1110
3431	19	14	1069	3	0	1105
3432	18	2	13	1053	0	1086
3433	11	3	1060	12	0	1086
3434	9	6	1061	12	0	1088
3435	10	1	21	1049	0	1081
3436	7	1	16	1090	0	1114
3437	6	4	1098	23	0	1131
3438	9	2	17	1072	0	1100
3439	4	2	12	1103	0	1121
3440	1096	0	5	26	0	1127
3441	1108	2	6	12	0	1128
3442	30	0	5	1113	0	1148
3443	16	3	1123	18	0	1160
3444	10	1109	16	18	0	1153
3445	1097	12	13	5	0	1127
3446	21	9	1146	5	0	1181
3447	16	1106	17	4	0	1143
3448	5	1155	17	5	0	1182
3449	1159	20	6	1	0	1186
3450	1153	9	3	4	0	1169
3451	28	2	8	1148	0	1186
3452	16	12	1198	11	0	1237
3453	13	3	14	1199	0	1229
3454	8	1	16	1214	0	1239
3455	10	2	6	1228	0	1246
3456	1207	4	5	28	0	1244
3457	22	1195	5	12	0	1234
3458	18	1217	4	7	0	1246
3459	8	23	1	1206	0	1238
3460	11	9	6	1223	0	1249
3461	1215	2	5	24	0	1246
3462	1164	6	5	14	0	1189
3463	1221	2	5	6	0	1234
3464	31	1199	6	3	0	1239
3465	1189	14	3	6	0	1212
3466	19	29	5	1162	0	1215
3467	19	2	1170	17	0	1208
3468	10	3	1124	13	0	1150
3469	1057	2	21	0	0	1080
3470	22	2	1060	2	0	1086
3471	11	2	982	2	0	997
3472	813	3	15	4	0	835
3473	7	0	837	0	0	844
3474	3	1	794	1	0	799
3475	7	4	8	759	0	778
3476	3	0	792	2	0	797
3477	2	0	2	777	0	781
3478	1	0	5	770	0	776
3479	2	5	789	5	0	801
3480	3	794	5	2	0	804
3481	799	2	3	1	0	805
3482	4	3	815	2	0	824
3483	1	2	791	2	0	796
3484	660	1	5	3	0	669
3485	1	5	740	1	0	747
3486	1	741	3	0	0	745
3487	0	719	1	0	0	720
3488	0	1	1	746	0	748
3489	1	1	0	742	0	744
3490	754	1	1	5	0	761
3491	754	0	2	2	0	758
3492	759	1	0	1	0	761
3493	3	0	1	758	0	762
3494	764	0	0	6	0	770
3495	760	0	0	1	0	761
3496	1	2	768	1	0	772
3497	0	3	759	0	0	762
3498	1	772	2	1	0	776
3499	0	1	1	769	0	771
3500	769	0	1	5	0	775
3501	3	759	1	0	0	763
3502	1	1	1	765	0	768
3503	754	1	0	3	0	758
3504	730	1	0	0	0	731
3505	1	724	0	2	0	727
3506	711	1	0	2	0	714
3507	718	0	0	4	0	722
3508	2	0	0	712	0	714
3509	3	1	716	2	0	722
3510	0	702	2	2	0	706
3511	1	703	0	1	0	705
3512	650	1	4	0	0	655
3513	2	2	1	654	0	659
3514	0	3	658	1	0	662
3515	1	663	2	1	0	667
3516	656	1	0	2	0	659
3517	663	0	0	0	0	663
3518	0	3	680	0	0	683
3519	1	1	1	655	0	658
3520	1	0	1	697	0	699
3521	1	1	780	2	0	784
3522	791	1	4	1	0	797
3523	1005	0	1	2	0	1008
3524	15	0	1	1208	0	1224
3525	5	1257	2	18	0	1282
3526	0	21	1	1390	0	1412
3527	1	6	1406	25	0	1438
3528	1363	3	26	10	0	1402
3529	28	1	7	1426	0	1462
3530	8	1	1434	28	0	1471
3531	1372	3	27	7	0	1409
3532	26	2	8	1422	0	1458
3533	9	1	4	1421	0	1435
3534	1388	1	1	35	0	1425
3535	23	1403	6	11	0	1443
3536	1385	27	3	7	0	1422
3537	33	6	1	1368	0	1408
3538	1363	2	3	30	0	1398
3539	30	1	1340	10	0	1381
3540	11	1362	27	5	0	1405
3541	7	28	8	1360	0	1403
3542	1365	9	4	28	0	1406
3543	26	1359	5	12	0	1402
3544	10	27	4	1354	0	1395
3545	1368	9	4	28	0	1409
3546	1350	4	0	14	0	1368
3547	33	1	6	1331	0	1371
3548	16	6	1324	26	0	1372
3549	8	5	1333	14	0	1360
3550	1299	2	34	12	0	1347
3551	31	1301	12	4	0	1348
3552	11	1285	8	6	0	1310
3553	1268	34	5	5	0	1312
3554	33	1282	5	6	0	1326
3555	12	29	4	1274	0	1319
3556	13	8	7	1306	0	1334
3557	1286	9	4	34	0	1333
3558	1286	6	1	17	0	1310
3559	1292	2	3	9	0	1306
3560	43	12	1248	4	0	1307
3561	13	6	29	1262	0	1310
3562	10	3	1257	33	0	1303
3563	13	4	1265	12	0	1294
3564	8	3	1299	8	0	1318
3565	11	3	41	1243	0	1298
3566	4	4	1284	34	0	1326
3567	8	4	1305	13	0	1330
3568	8	5	40	1272	0	1325
3569	1285	7	14	32	0	1338
3570	34	2	1306	12	0	1354
3571	16	3	32	1276	0	1327
3572	6	6	13	1317	0	1342
3573	3	0	1309	47	0	1359
3574	7	2	34	1290	0	1333
3575	12	1	1305	33	0	1351
3576	9	2	32	1283	0	1326
3577	5	5	16	1308	0	1334
3578	8	2	8	1310	0	1328
3579	5	1	6	1302	0	1314
3580	1260	3	10	39	0	1312
3581	1265	1	10	19	0	1295
3582	37	2	1245	15	0	1299
3583	14	1215	33	11	0	1273
3584	8	26	1255	7	0	1296
3585	8	11	1269	7	0	1295
3586	1198	4	40	10	0	1252
3587	34	1242	15	10	0	1301
3588	1249	30	12	7	0	1298
3589	36	1266	12	8	0	1322
3590	1267	32	12	5	0	1316
3591	1295	10	7	9	0	1321
3592	45	3	13	1255	0	1316
3593	17	1278	11	38	0	1344
3594	9	33	3	1291	0	1336
3595	7	14	4	1306	0	1331
3596	6	4	1287	53	0	1350
3597	5	1285	36	27	0	1353
3598	11	31	14	1291	0	1347
3599	1278	12	10	39	0	1339
3600	1338	7	8	18	0	1371
3601	1360	3	8	8	0	1379
3602	42	1319	11	10	0	1382
3603	1370	35	2	11	0	1418
3604	41	1419	8	10	0	1478
3605	21	41	3	1462	0	1527
3606	15	18	1456	36	0	1525
3607	12	7	38	1411	0	1468
3608	9	1431	20	40	0	1500
3609	6	39	7	1443	0	1495
3610	6	21	6	1437	0	1470
3611	6	1453	7	56	0	1522
3612	1470	41	3	25	0	1539
3613	43	21	4	1448	0	1516
3614	20	15	1419	43	0	1497
3615	10	6	38	1424	0	1478
3616	12	3	19	1460	0	1494
3617	12	9	1431	58	0	1510
3618	12	5	38	1315	0	1370
3619	4	1435	23	44	0	1506
3620	12	42	1410	23	0	1487
3621	26	26	1330	12	0	1394
3622	8	1285	45	10	0	1348
3623	2	1114	22	9	0	1147
3624	2	903	11	9	0	925
3625	793	34	22	9	0	858
3626	713	11	3	5	0	732
3627	695	2	2	3	0	702
3628	25	2	0	672	0	699
3629	12	1	668	15	0	696
3630	2	2	18	670	0	692
3631	0	3	12	674	0	689
3632	670	4	1	23	0	698
3633	672	2	1	14	0	689
3634	27	687	3	1	0	718
3635	694	12	0	1	0	707
3636	691	13	0	0	0	704
3637	702	2	0	4	0	708
3638	25	3	675	1	0	704
3639	13	4	678	4	0	699
3640	6	0	23	658	0	687
3641	3	1	669	14	0	687
3642	634	1	14	13	0	662
3643	656	3	11	3	0	673
3644	24	2	640	3	0	669
3645	624	1	10	1	0	636
3646	18	632	13	0	0	663
3647	651	13	3	2	0	669
3648	13	11	4	639	0	667
3649	13	1	1	615	0	630
3650	3	642	3	22	0	670
3651	642	11	3	11	0	667
3652	641	12	1	6	0	660
3653	23	644	2	1	0	670
3654	14	13	3	620	0	650
3655	5	12	1	623	0	641
3656	4	625	2	22	0	653
3657	3	12	1	632	0	648
3658	1	13	1	640	0	655
3659	613	3	2	23	0	641
3660	626	2	0	14	0	642
3661	25	3	615	5	0	648
3662	619	2	10	8	0	639
3663	11	4	630	5	0	650
3664	13	2	12	602	0	629
3665	4	6	607	13	0	630
3666	2	597	13	17	0	629
3667	3	10	12	581	0	606
3668	2	13	2	600	0	617
3669	586	3	2	20	0	611
3670	12	0	4	587	0	603
3671	13	1	579	11	0	604
3672	566	2	13	13	0	594
3673	591	0	13	7	0	611
3674	599	1	9	3	0	612
3675	600	4	2	1	0	607
3676	23	6	1	609	0	639
3677	17	1	2	639	0	659
3678	7	1	3	680	0	691
3679	5	3	1	693	0	702
3680	674	3	2	29	0	708
3681	678	2	2	16	0	698
3682	31	0	1	615	0	647
3683	17	657	0	15	0	689
3684	666	12	3	12	0	693
3685	18	12	658	6	0	694
3686	17	663	14	3	0	697
3687	631	12	10	7	0	660
3688	11	636	6	6	0	659
3689	19	8	621	2	0	650
3690	623	12	8	1	0	644
3691	622	1	14	2	0	639
3692	22	3	601	4	0	630
3693	15	2	9	599	0	625
3694	7	0	13	614	0	634
3695	1	626	5	20	0	652
3696	4	11	2	615	0	632
3697	601	14	0	12	0	627
3698	11	604	6	12	0	633
3699	17	9	1	569	0	596
3700	8	11	1	582	0	602
3701	2	1	561	21	0	585
3702	3	562	12	16	0	593
3703	502	10	9	4	0	525
3704	8	441	1	3	0	453
3705	7	395	1	4	0	407
3706	385	10	0	1	0	396
3707	8	6	0	377	0	391
3708	6	0	2	384	0	392
3709	378	0	0	12	0	390
3710	5	1	1	388	0	395
3711	8	0	0	396	0	404
3712	390	1	1	13	0	405
3713	5	2	0	403	0	410
3714	7	414	1	5	0	427
3715	410	4	1	8	0	423
3716	7	7	410	0	0	424
3717	6	397	5	1	0	409
3718	0	5	4	354	0	363
3719	1	3	350	4	0	358
3720	2	0	347	5	0	354
3721	9	12	9	325	0	355
3722	326	0	6	4	0	336
3723	5	0	0	327	0	332
3724	4	0	0	334	0	338
3725	0	0	0	338	0	338
3726	0	1	0	337	0	338
3727	2	0	0	337	0	339
3728	2	0	326	8	0	336
3729	0	0	315	8	0	323
3730	1	2	9	311	0	323
3731	3	1	318	5	0	327
3732	1	318	5	3	0	327
3733	1	6	3	311	0	321
3734	2	9	308	5	0	324
3735	281	3	5	6	0	295
3736	4	311	6	1	0	322
3737	6	311	1	0	0	318
3738	3	320	0	0	0	323
3739	0	8	2	308	0	318
3740	314	4	1	6	0	325
3741	5	0	0	321	0	326
3742	322	1	0	5	0	328
3743	5	313	1	6	0	325
3744	320	4	0	4	0	328
3745	4	6	0	322	0	332
3746	5	1	1	319	0	326
3747	1	306	0	10	0	317
3748	2	4	1	312	0	319
3749	1	5	1	314	0	321
3750	1	3	0	309	0	313
3751	300	1	1	10	0	312
3752	293	1	3	4	0	301
3753	11	3	301	0	0	315
3754	297	0	5	2	0	304
3755	4	1	302	1	0	308
3756	4	2	5	300	0	311
3757	2	1	4	305	0	312
3758	2	0	0	310	0	312
3759	1	0	302	10	0	313
3760	2	1	4	308	0	315
3761	0	2	311	7	0	320
3762	2	1	4	313	0	320
3763	314	0	6	7	0	327
3764	6	3	320	6	0	335
3765	314	4	6	1	0	325
3766	5	1	6	326	0	338
3767	327	3	2	6	0	338
3768	6	325	1	7	0	339
3769	6	5	1	329	0	341
3770	2	4	340	6	0	352
3771	1	1	6	332	0	340
3772	3	2	5	318	0	328
3773	2	306	2	12	0	322
3774	1	4	315	10	0	330
3775	1	314	5	4	0	324
3776	268	8	7	4	0	287
3777	3	297	2	3	0	305
3778	260	2	1	3	0	266
3779	252	3	2	2	0	259
3780	255	0	1	4	0	260
3781	7	0	3	256	0	266
3782	3	1	260	4	0	268
3783	3	0	3	251	0	257
3784	0	259	6	3	0	268
3785	2	4	0	260	0	266
3786	250	5	0	5	0	260
3787	3	254	1	6	0	264
3788	4	4	2	241	0	251
3789	1	5	0	246	0	252
3790	240	1	1	7	0	249
3791	3	2	241	6	0	252
3792	4	232	5	2	0	243
3793	2	4	3	232	0	241
3794	2	2	213	5	0	222
3795	0	2	3	206	0	211
3796	1	215	3	3	0	222
3797	2	4	0	227	0	233
3798	2	3	0	226	0	231
3799	0	1	1	225	0	227
3800	0	3	221	6	0	230
3801	211	0	2	4	0	217
3802	3	1	3	228	0	235
3803	244	0	0	3	0	247
3804	245	2	1	3	0	251
3805	253	2	1	1	0	257
3806	251	2	1	2	0	256
3807	263	0	1	3	0	267
3808	8	1	1	257	0	267
3809	3	257	2	5	0	267
3810	1	4	0	258	0	263
3811	0	251	2	5	0	258
3812	3	3	1	245	0	252
3813	233	3	0	2	0	238
3814	2	0	0	229	0	231
3815	3	1	227	2	0	233
3816	209	0	2	3	0	214
3817	3	225	3	0	0	231
3818	226	2	0	0	0	228
3819	228	2	0	0	0	230
3820	232	0	0	1	0	233
3821	4	241	0	0	0	245
3822	2	2	1	239	0	244
3823	2	3	0	239	0	244
3824	1	0	240	4	0	245
3825	0	1	2	221	0	224
3826	1	0	2	224	0	227
3827	1	0	0	237	0	238
3828	1	237	0	3	0	241
3829	238	2	0	4	0	244
3830	231	2	1	0	0	234
3831	3	0	241	0	0	244
3832	1	246	2	0	0	249
3833	0	2	2	247	0	251
3834	1	2	0	245	0	248
3835	0	2	0	246	0	248
3836	1	0	0	248	0	249
3837	1	0	0	242	0	243
3838	1	0	230	5	0	236
3839	0	0	220	1	0	221
3840	221	1	4	0	0	226
3841	238	0	2	1	0	241
3842	236	0	1	0	0	237
3843	4	0	1	242	0	247
3844	3	1	245	2	0	251
3845	236	0	2	3	0	241
3846	247	0	2	1	0	250
3847	4	0	248	1	0	253
3848	238	0	2	0	0	240
3849	3	0	295	0	0	298
3850	2	0	1	295	0	298
3851	1	1	300	2	0	304
3852	296	0	2	2	0	300
3853	307	0	2	0	0	309
3854	309	0	0	0	0	309
3855	310	0	0	2	0	312
3856	5	1	317	1	0	324
3857	1	318	2	0	0	321
3858	320	2	2	1	0	325
3859	318	2	0	0	0	320
3860	4	1	328	1	0	334
3861	3	0	2	307	0	312
3862	0	0	2	324	0	326
3863	0	0	321	4	0	325
3864	281	0	1	3	0	285
3865	316	1	2	1	0	320
3866	5	324	0	0	0	329
3867	331	2	0	2	0	335
3868	341	2	0	0	0	343
3869	346	0	0	0	0	346
3870	325	1	1	1	0	328
3871	4	1	324	1	0	330
3872	315	0	2	0	0	317
3873	2	0	1	322	0	325
3874	1	321	0	2	0	324
3875	0	2	328	0	0	330
3876	0	328	2	0	0	330
3877	0	3	1	293	0	297
3878	0	1	305	2	0	308
3879	273	0	1	2	0	276
3880	1	0	300	0	0	301
3881	292	0	2	0	0	294
3882	1	0	1	302	0	304
3883	1	0	0	302	0	303
3884	0	305	0	2	0	307
3885	0	317	0	1	0	318
3886	0	2	0	318	0	320
3887	319	1	0	1	0	321
3888	322	0	0	1	0	323
3889	314	0	0	0	0	314
3890	2	0	340	0	0	342
3891	318	0	1	0	0	319
3892	1	0	353	0	0	354
3893	1	0	332	0	0	333
3894	324	0	3	0	0	327
3895	358	0	1	1	0	360
3896	1	0	364	0	0	365
3897	1	0	1	341	0	343
3898	1	0	1	366	0	368
3899	367	0	0	2	0	369
3900	353	0	0	1	0	354
3901	1	0	381	0	0	382
3902	1	375	1	0	0	377
3903	0	369	1	0	0	370
3904	364	1	0	0	0	365
3905	4	1	0	363	0	368
3906	0	1	0	365	0	366
3907	0	0	0	366	0	366
3908	294	0	0	2	0	296
3909	0	0	0	367	0	367
3910	363	0	1	0	0	364
3911	367	0	0	0	0	367
3912	0	383	1	0	0	384
3913	0	0	0	417	0	417
3914	0	0	421	1	0	422
3915	395	0	1	3	0	399
3916	421	0	2	0	0	423
3917	417	0	0	0	0	417
3918	3	0	435	0	0	438
3919	2	0	1	426	0	429
3920	436	0	2	1	0	439
3921	419	0	0	3	0	422
3922	417	0	0	0	0	417
3923	3	427	0	0	0	430
3924	2	446	0	0	0	448
3925	0	3	0	446	0	449
3926	0	2	0	439	0	441
3927	0	444	1	3	0	448
3928	441	1	0	2	0	444
3929	1	3	449	0	0	453
3930	3	0	1	443	0	447
3931	0	0	2	442	0	444
3932	0	0	438	2	0	440
3933	396	0	1	2	0	399
3934	436	0	2	0	0	438
3935	2	441	0	0	0	443
3936	441	1	0	0	0	442
3937	1	5	459	1	0	466
3938	453	0	2	1	0	456
3939	2	0	474	0	0	476
3940	446	0	1	1	0	448
3941	466	0	2	1	0	469
3942	464	0	1	0	0	465
3943	457	0	0	1	0	458
3944	4	465	0	0	0	469
3945	481	1	0	0	0	482
3946	476	2	0	1	0	479
3947	3	1	482	2	0	488
3948	474	2	1	0	0	477
3949	2	0	2	473	0	477
3950	2	2	471	3	0	478
3951	449	1	2	2	0	454
3952	4	0	2	468	0	474
3953	473	0	1	2	0	476
3954	517	0	0	2	0	519
3955	4	0	547	1	0	552
3956	534	0	3	0	0	537
3957	556	0	2	0	0	558
3958	557	0	0	0	0	557
3959	575	1	0	1	0	577
3960	5	0	0	550	0	555
3961	2	563	2	3	0	570
3962	552	2	1	5	0	560
3963	571	2	2	0	0	575
3964	568	0	1	0	0	569
3965	5	2	566	0	0	573
3966	3	578	3	1	0	585
3967	1	2	2	576	0	581
3968	0	3	1	570	0	574
3969	3	1	595	5	0	604
3970	2	0	3	601	0	606
3971	2	2	605	3	0	612
3972	3	0	4	596	0	603
3973	1	0	3	615	0	619
3974	1	3	623	5	0	632
3975	578	0	3	8	0	589
3976	640	0	4	3	0	647
3977	7	2	654	1	0	664
3978	626	1	3	2	0	632
3979	651	2	4	2	0	659
3980	8	2	678	0	0	688
3981	6	2	3	671	0	682
3982	3	1	3	691	0	698
3983	684	2	2	9	0	697
3984	5	691	1	6	0	703
3985	632	5	4	3	0	644
3986	671	3	1	4	0	679
3987	7	703	2	3	0	715
3988	702	3	3	2	0	710
3989	704	2	1	1	0	708
3990	9	689	3	1	0	702
3991	7	5	2	689	0	703
3992	7	707	0	3	0	717
3993	1	5	5	696	0	707
3994	7	3	706	5	0	721
3995	3	2	684	3	0	692
3996	655	0	10	3	0	668
3997	692	1	6	1	0	700
3998	12	4	700	0	0	716
3999	681	0	3	1	0	685
4000	704	2	4	0	0	710
4001	697	0	3	1	0	701
4002	12	703	2	1	0	718
4003	7	5	3	706	0	721
4004	708	4	3	5	0	720
4005	694	2	1	7	0	704
4006	8	0	699	3	0	710
4007	10	0	5	678	0	693
4008	2	5	7	687	0	701
4009	4	694	3	7	0	708
4010	5	742	2	6	0	755
4011	2	16	8	702	0	728
4012	7	736	2	6	0	751
4013	716	4	1	2	0	723
4014	4	756	2	5	0	767
4015	757	5	1	0	0	763
4016	8	5	792	3	0	808
4017	814	3	5	3	0	825
4018	848	1	7	2	0	858
4019	854	0	2	3	0	859
4020	840	0	0	1	0	841
4021	10	855	2	0	0	867
4022	6	5	1	863	0	875
4023	3	6	2	864	0	875
4024	3	3	846	11	0	863
4025	3	4	4	833	0	844
4026	5	1	5	839	0	850
4027	855	2	1	9	0	867
4028	8	864	0	7	0	879
4029	9	5	1	864	0	879
4030	5	6	2	873	0	886
4031	5	2	2	891	0	900
4032	881	2	2	12	0	897
4033	9	2	0	891	0	902
4034	899	1	1	9	0	910
4035	7	4	4	892	0	907
4036	8	1	0	905	0	914
4037	6	1	873	13	0	893
4038	770	2	7	10	0	789
4039	9	874	7	5	0	895
4040	892	4	2	6	0	904
4041	13	6	1	877	0	897
4042	12	3	0	890	0	905
4043	890	1	1	16	0	908
4044	867	2	3	13	0	885
4045	13	2	0	907	0	922
4046	9	4	901	13	0	927
4047	8	2	899	11	0	920
4048	4	931	15	4	0	954
4049	951	6	6	7	0	970
4050	944	7	2	4	0	957
4051	16	4	2	936	0	958
4052	10	965	2	12	0	989
4053	4	7	3	969	0	983
4054	7	6	1	900	0	914
4055	3	874	1	18	0	896
4056	865	5	2	11	0	883
4057	10	5	3	851	0	869
4058	11	887	3	10	0	911
4059	5	900	3	12	0	920
4060	900	11	5	3	0	919
4061	10	10	883	4	0	907
4062	869	12	8	2	0	891
4063	15	3	6	868	0	892
4064	14	1	2	865	0	882
4065	6	882	1	17	0	906
4066	5	15	1	866	0	887
4067	6	7	883	14	0	910
4068	3	870	8	12	0	893
4069	6	863	10	5	0	884
4070	846	12	3	4	0	865
4071	10	868	2	7	0	887
4072	13	13	3	855	0	884
4073	7	875	0	14	0	896
4074	4	7	2	881	0	894
4075	4	11	3	877	0	895
4076	9	6	836	12	0	863
4077	4	2	6	835	0	847
4078	6	5	8	835	0	854
4079	829	7	2	14	0	852
4080	10	7	806	15	0	838
4081	9	3	9	823	0	844
4082	7	7	824	10	0	848
4083	808	5	10	13	0	836
4084	11	855	7	9	0	882
4085	886	11	2	11	0	910
4086	15	7	1	929	0	952
4087	8	6	5	925	0	944
4088	5	5	915	24	0	949
4089	827	7	6	19	0	859
4090	12	932	10	6	0	960
4091	873	11	4	9	0	897
4092	11	10	3	895	0	919
4093	14	919	4	9	0	946
4094	924	8	2	15	0	949
4095	8	973	5	6	0	992
4096	14	8	5	961	0	988
4097	5	12	1	963	0	981
4098	6	3	4	967	0	980
4099	8	963	3	18	0	992
4100	5	10	3	972	0	990
4101	8	10	1	969	0	988
4102	956	5	6	14	0	981
4103	954	7	1	17	0	979
4104	964	8	6	4	0	982
4105	18	6	970	8	0	1002
4106	956	8	7	11	0	982
4107	980	7	7	9	0	1003
4108	971	3	5	8	0	987
4109	16	6	932	9	0	963
4110	922	11	5	10	0	948
4111	10	4	7	952	0	973
4112	9	4	942	14	0	969
4113	7	925	9	8	0	949
4114	11	10	3	836	0	860
4115	6	863	2	12	0	883
4116	3	834	4	9	0	850
4117	762	16	3	5	0	786
4118	5	3	1	761	0	770
4119	765	3	3	4	0	775
4120	7	3	3	761	0	774
4121	763	2	0	7	0	772
4122	6	2	0	764	0	772
4123	756	3	2	3	0	764
4124	5	3	739	6	0	753
4125	5	6	6	738	0	755
4126	4	5	762	6	0	777
4127	5	2	714	4	0	725
4128	6	2	756	1	0	765
4129	3	3	6	732	0	744
4130	4	2	756	6	0	768
4131	721	2	3	8	0	734
4132	5	3	5	746	0	759
4133	5	3	766	8	0	782
4134	7	2	5	763	0	777
4135	4	4	4	757	0	769
4136	3	5	823	18	0	849
4137	4	0	5	823	0	832
4138	4	3	5	812	0	824
4139	4	833	3	8	0	848
4140	822	5	1	9	0	837
4141	831	6	2	2	0	841
4142	8	2	817	5	0	832
4143	800	1	7	5	0	813
4144	5	5	802	4	0	816
4145	7	2	762	6	0	777
4146	7	2	785	3	0	797
4147	2	10	8	746	0	766
4148	2	1	782	6	0	791
4149	5	2	2	754	0	763
4150	0	2	4	754	0	760
4151	2	0	2	762	0	766
4152	2	1	2	767	0	772
4153	756	2	1	5	0	764
4154	753	2	3	6	0	764
4155	7	782	2	2	0	793
4156	4	0	1	788	0	793
4157	1	7	803	4	0	815
4158	4	810	7	3	0	824
4159	4	6	4	821	0	835
4160	2	9	852	4	0	867
4161	5	1	6	837	0	849
4162	2	2	854	7	0	865
4163	1	3	842	4	0	850
4164	4	2	6	840	0	852
4165	1	2	4	842	0	849
4166	848	2	1	8	0	859
4167	3	1	3	838	0	845
4168	830	2	0	5	0	837
4169	4	832	5	5	0	846
4170	5	848	3	4	0	860
4171	2	6	3	867	0	878
4172	871	3	3	3	0	880
4173	4	871	4	4	0	883
4174	8	2	0	900	0	910
4175	927	3	5	7	0	942
4176	928	4	1	6	0	939
4177	923	2	2	2	0	929
4178	910	0	4	3	0	917
4179	941	1	3	4	0	949
4180	8	4	921	3	0	936
4181	6	0	912	3	0	921
4182	2	914	8	3	0	927
4183	6	4	5	899	0	914
4184	0	6	920	4	0	930
4185	3	3	887	6	0	899
4186	1	1	6	851	0	859
4187	2	2	942	4	0	950
4188	3	5	949	4	0	961
4189	1	1255	7	4	0	1267
4190	1244	12	2	3	0	1261
4191	15	1414	4	1	0	1434
4192	9	13	3	1405	0	1430
4193	1504	2	1	18	0	1525
4194	16	1546	5	2	0	1569
4195	4	17	1	1471	0	1493
4196	1	5	1505	17	0	1528
4197	1494	0	21	2	0	1517
4198	1553	2	4	3	0	1562
4199	1554	0	4	1	0	1559
4200	21	4	3	1545	0	1573
4201	4	2	1564	26	0	1596
4202	1	1576	19	6	0	1602
4203	8	22	5	1538	0	1573
4204	1565	6	1	20	0	1592
4205	23	3	1573	5	0	1604
4206	8	1525	20	3	0	1556
4207	2	25	1555	1	0	1583
4208	1504	4	20	7	0	1535
4209	1591	0	6	2	0	1599
4210	1576	4	1	2	0	1583
4211	27	2	1569	3	0	1601
4212	8	1536	23	1	0	1568
4213	3	22	5	1514	0	1544
4214	6	3	5	1557	0	1571
4215	9	2	1	1552	0	1564
4216	5	4	1543	26	0	1578
4217	1436	1	24	9	0	1470
4218	19	5	1557	3	0	1584
4219	1534	4	20	4	0	1562
4220	1598	3	6	2	0	1609
4221	1602	1	3	7	0	1613
4222	1557	3	2	3	0	1565
4223	28	3	1558	1	0	1590
4224	9	2	21	1551	0	1583
4225	6	4	1559	22	0	1591
4226	8	1508	18	8	0	1542
4227	4	1556	12	6	0	1578
4228	1554	26	2	3	0	1585
4229	1522	9	4	4	0	1539
4230	30	1580	3	9	0	1622
4231	1589	21	6	5	0	1621
4232	27	8	1382	7	0	1424
4233	1541	3	16	4	0	1564
4234	26	1590	13	0	0	1629
4235	1631	23	3	4	0	1661
4236	1563	7	8	2	0	1580
4237	33	6	3	1536	0	1578
4238	12	3	6	1556	0	1577
4239	1545	5	8	26	0	1584
4240	26	4	6	1547	0	1583
4241	1547	8	4	22	0	1581
4242	31	3	5	1550	0	1589
4243	1531	7	9	24	0	1571
4244	1528	4	3	11	0	1546
4245	33	1516	10	7	0	1566
4246	17	1554	10	4	0	1585
4247	1500	31	6	7	0	1544
4248	30	1503	12	6	0	1551
4249	14	31	3	1471	0	1519
4250	11	9	5	1498	0	1523
4251	1438	8	3	33	0	1482
4252	35	1458	6	12	0	1511
4253	16	1451	6	8	0	1481
4254	9	1462	12	8	0	1491
4255	17	29	1407	10	0	1463
4256	16	18	1427	5	0	1466
4257	29	10	1415	5	0	1459
4258	15	29	29	1216	0	1289
4259	13	1374	12	20	0	1419
4260	1354	22	4	14	0	1394
4261	29	13	1343	8	0	1393
4262	16	8	1347	14	0	1385
4263	12	5	1376	12	0	1405
4264	17	12	27	1338	0	1394
4265	13	9	12	1372	0	1406
4266	20	8	5	1371	0	1404
4267	1359	6	10	32	0	1407
4268	1382	8	9	9	0	1408
4269	1376	8	9	8	0	1401
4270	35	9	6	1332	0	1382
4271	18	4	1314	26	0	1362
4272	13	11	1331	9	0	1364
4273	11	7	32	1309	0	1359
4274	14	7	14	1278	0	1313
4275	1253	9	7	30	0	1299
4276	28	1252	10	11	0	1301
4277	1239	25	9	9	0	1282
4278	32	1239	12	6	0	1289
4279	19	27	7	1228	0	1281
4280	16	6	1235	27	0	1284
4281	19	5	24	1217	0	1265
4282	1230	4	9	28	0	1271
4283	26	6	1240	13	0	1285
4284	1185	3	27	9	0	1224
4285	31	6	1194	8	0	1239
4286	20	8	1165	7	0	1200
4287	1051	3	26	10	0	1090
4288	33	4	1054	8	0	1099
4289	9	6	738	5	0	758
4290	11	748	21	4	0	784
4291	569	15	31	13	0	628
4292	517	3	10	0	0	530
4293	503	0	4	5	0	512
4294	9	1	483	5	0	498
4295	475	0	6	5	0	486
4296	6	491	3	2	0	502
4297	471	8	1	2	0	482
4298	7	4	476	1	0	488
4299	7	5	3	460	0	475
4300	0	2	450	4	0	456
4301	3	436	6	2	0	447
4302	2	2	0	411	0	415
4303	2	1	1	415	0	419
4304	428	1	0	1	0	430
4305	421	2	1	2	0	426
4306	427	0	4	1	0	432
4307	430	0	2	0	0	432
4308	431	1	2	0	0	434
4309	2	0	429	0	0	431
4310	1	1	2	421	0	425
4311	4	1	438	2	0	445
4312	2	0	4	441	0	447
4313	457	1	1	1	0	460
4314	456	0	2	1	0	459
4315	463	0	2	2	0	467
4316	461	1	0	1	0	463
4317	4	0	489	1	0	494
4318	3	0	3	498	0	504
4319	2	2	494	3	0	501
4320	3	509	1	3	0	516
4321	1	503	1	1	0	506
4322	1	4	2	507	0	514
4323	0	1	3	535	0	539
4324	2	0	0	562	0	564
4325	3	1	0	573	0	577
4326	577	0	0	6	0	583
4327	5	574	1	3	0	583
4328	539	3	0	0	0	542
4329	3	4	2	534	0	543
4330	3	1	0	489	0	493
4331	1	520	3	6	0	530
4332	1	2	0	518	0	521
4333	516	3	1	5	0	525
4334	4	500	0	3	0	507
4335	3	470	2	0	0	475
4336	470	5	0	2	0	477
4337	2	3	1	471	0	477
4338	3	464	0	3	0	470
4339	1	2	0	473	0	476
4340	471	3	0	2	0	476
4341	2	0	0	473	0	475
4342	4	0	0	469	0	473
4343	463	0	1	7	0	471
4344	2	0	0	460	0	462
4345	2	457	3	2	0	464
4346	2	3	0	445	0	450
4347	0	454	0	2	0	456
4348	1	2	0	457	0	460
4349	450	3	0	3	0	456
4350	447	0	0	5	0	452
4351	5	0	0	449	0	454
4352	5	2	443	2	0	452
4353	436	1	2	3	0	442
4354	3	0	447	0	0	450
4355	446	0	2	1	0	449
4356	446	0	3	1	0	450
4357	5	3	447	0	0	455
4358	3	448	3	1	0	455
4359	456	2	2	0	0	460
4360	458	4	0	2	0	464
4361	5	2	482	0	0	489
4362	474	0	2	1	0	477
4363	478	0	3	1	0	482
4364	467	2	0	0	0	469
4365	6	1	0	473	0	480
4366	4	0	0	474	0	478
4367	0	492	1	7	0	500
4368	0	2	0	492	0	494
4369	3	3	0	488	0	494
4370	1	0	478	5	0	484
4371	0	3	464	3	0	470
4372	430	0	5	1	0	436
4373	453	1	3	1	0	458
4374	6	461	0	4	0	471
4375	3	4	0	460	0	467
4376	2	3	473	5	0	483
4377	2	1	3	474	0	480
4378	1	1	4	492	0	498
4379	1	1	0	493	0	495
4380	1	495	1	8	0	505
4381	1	5	0	505	0	511
4382	1	4	0	509	0	514
4383	1	1	507	8	0	517
4384	1	2	507	2	0	512
4385	483	1	7	2	0	493
4386	509	0	4	2	0	515
4387	9	0	1	558	0	568
4388	3	0	0	565	0	568
4389	1	0	1	572	0	574
4390	3	0	524	11	0	538
4391	0	514	7	8	0	529
4392	0	6	515	2	0	523
4393	502	6	6	1	0	515
4394	7	1	522	2	0	532
4395	515	1	6	4	0	526
4396	508	0	8	1	0	517
4397	518	1	1	1	0	521
4398	11	0	1	518	0	530
4399	8	0	524	6	0	538
4400	2	537	6	6	0	551
4401	1	7	6	532	0	546
4402	3	6	2	533	0	544
4403	2	1	560	14	0	577
4404	1	542	13	6	0	562
4405	559	7	6	0	0	572
4406	11	570	2	3	0	586
4407	623	10	1	2	0	636
4408	12	6	1	635	0	654
4409	6	1	656	13	0	676
4410	3	659	13	8	0	683
4411	665	10	7	1	0	683
4412	13	8	668	1	0	690
4413	661	1	11	4	0	677
4414	675	0	7	3	0	685
4415	18	0	676	1	0	695
4416	661	0	13	1	0	675
4417	656	1	6	2	0	665
4418	624	1	3	1	0	629
4419	18	614	0	4	0	636
4420	588	9	0	3	0	600
4421	12	624	2	4	0	642
4422	6	12	620	1	0	639
4423	2	618	13	0	0	633
4424	580	10	7	0	0	597
4425	587	5	3	0	0	595
4426	602	1	2	1	0	606
4427	17	0	2	584	0	603
4428	8	1	2	593	0	604
4429	583	1	1	13	0	598
4430	590	0	0	6	0	596
4431	14	0	4	583	0	601
4432	7	3	578	9	0	597
4433	3	566	9	6	0	584
4434	1	581	6	5	0	593
4435	2	11	5	566	0	584
4436	3	8	566	9	0	586
4437	5	5	9	525	0	544
4438	3	558	4	20	0	585
4439	6	9	1	559	0	575
4440	3	5	566	14	0	588
4441	1	2	12	571	0	586
4442	2	3	582	11	0	598
4443	7	2	11	572	0	592
4444	7	1	609	11	0	628
4445	6	0	616	7	0	629
4446	587	1	18	2	0	608
4447	618	5	7	1	0	631
4448	627	2	3	2	0	634
4449	20	623	3	4	0	650
4450	10	9	3	624	0	646
4451	621	8	3	12	0	644
4452	644	7	1	7	0	659
4453	643	3	3	6	0	655
4454	17	3	643	5	0	668
4455	7	625	15	2	0	649
4456	5	649	9	1	0	664
4457	645	15	1	2	0	663
4458	14	8	4	633	0	659
4459	631	2	6	13	0	652
4460	16	3	612	9	0	640
4461	13	1	14	610	0	638
4462	9	4	6	610	0	629
4463	8	2	2	591	0	603
4464	3	606	6	15	0	630
4465	621	12	2	6	0	641
4466	620	7	1	2	0	630
4467	19	595	4	3	0	621
4468	11	12	6	596	0	625
4469	608	9	4	12	0	633
4470	15	8	0	604	0	627
4471	609	4	0	13	0	626
4472	17	606	4	8	0	635
4473	600	11	5	5	0	621
4474	8	6	599	4	0	617
4475	7	604	9	6	0	626
4476	9	6	597	3	0	615
4477	8	8	11	584	0	611
4478	583	3	6	9	0	601
4479	592	1	4	9	0	606
4480	594	2	1	6	0	603
4481	17	3	2	571	0	593
4482	578	1	2	11	0	592
4483	12	1	2	572	0	587
4484	570	3	1	10	0	584
4485	580	6	0	6	0	592
4486	13	7	581	4	0	605
4487	7	0	527	4	0	538
4488	3	1	515	0	0	519
4489	2	3	9	502	0	516
4490	515	0	7	8	0	530
4491	6	0	2	525	0	533
4492	6	1	2	525	0	534
4493	543	0	1	9	0	553
4494	537	1	1	6	0	545
4495	541	0	0	3	0	544
4496	552	1	2	2	0	557
4497	11	1	1	552	0	565
4498	544	0	0	5	0	549
4499	10	538	2	3	0	553
4500	523	6	5	2	0	536
4501	521	4	4	1	0	530
4502	6	4	519	2	0	531
4503	472	1	2	2	0	477
4504	6	0	475	3	0	484
4505	4	0	443	4	0	451
4506	2	0	444	3	0	449
4507	8	6	1	390	0	405
4508	2	1	374	2	0	379
4509	3	5	0	342	0	350
4510	2	1	355	0	0	358
4511	0	0	368	2	0	370
4512	2	1	1	348	0	352
4513	2	2	0	379	0	383
4514	1	0	409	0	0	410
4515	387	1	0	1	0	389
4516	0	0	2	405	0	407
4517	3	0	0	407	0	410
4518	416	0	2	0	0	418
4519	0	0	3	416	0	419
4520	2	2	413	0	0	417
4521	0	0	382	3	0	385
4522	0	0	0	387	0	387
4523	1	1	396	0	0	398
4524	0	413	0	1	0	414
4525	1	1	1	404	0	407
4526	405	0	2	2	0	409
4527	1	2	405	1	0	409
4528	380	0	2	1	0	383
4529	2	1	0	418	0	421
4530	0	0	0	417	0	417
4531	1	0	0	420	0	421
4532	0	0	1	419	0	420
4533	418	0	0	4	0	422
4534	1	459	0	1	0	461
4535	1	1	0	460	0	462
4536	0	2	0	463	0	465
4537	0	0	0	461	0	461
4538	1	1	0	464	0	466
4539	462	1	0	3	0	466
4540	1	465	0	4	0	470
4541	464	1	0	2	0	467
4542	1	449	0	1	0	451
4543	2	450	0	2	0	454
4544	424	3	0	1	0	428
4545	2	5	435	0	0	442
4546	3	0	2	441	0	446
4547	453	2	2	2	0	459
4548	466	1	0	2	0	469
4549	393	1	0	3	0	397
4550	443	0	1	0	0	444
4551	4	485	0	1	0	490
4552	490	3	0	0	0	493
4553	485	3	0	1	0	489
4554	6	511	1	1	0	519
4555	6	5	0	531	0	542
4556	1	5	536	6	0	548
4557	3	1	6	538	0	548
4558	531	0	3	8	0	542
4559	5	2	560	3	0	570
4560	3	555	7	2	0	567
4561	1	8	553	0	0	562
4562	0	3	8	523	0	534
4563	0	554	4	4	0	562
4564	553	7	2	4	0	566
4565	6	558	1	1	0	566
4566	3	8	2	550	0	563
4567	2	4	0	560	0	566
4568	554	2	1	10	0	567
4569	11	0	0	529	0	540
4570	3	550	0	6	0	559
4571	545	5	0	5	0	555
4572	547	4	0	2	0	553
4573	10	553	0	1	0	564
4574	554	7	0	2	0	563
4575	9	558	1	0	0	568
4576	550	8	0	3	0	561
4577	8	545	0	0	0	553
4578	5	10	0	515	0	530
4579	3	3	0	547	0	553
4580	539	3	0	10	0	552
4581	561	0	0	5	0	566
4582	9	553	2	1	0	565
4583	5	6	543	3	0	557
4584	544	5	9	2	0	560
4585	8	1	3	549	0	561
4586	3	548	3	7	0	561
4587	2	7	0	546	0	555
4588	552	3	1	8	0	564
4589	564	3	1	3	0	571
4590	563	1	1	2	0	567
4591	13	1	1	571	0	586
4592	4	1	575	9	0	589
4593	545	2	7	4	0	558
4594	568	0	3	2	0	573
4595	578	1	1	1	0	581
4596	12	562	1	2	0	577
4597	7	6	1	547	0	561
4598	4	565	0	7	0	576
4599	1	7	1	559	0	568
4600	2	4	0	571	0	577
4601	2	2	574	11	0	589
4602	3	0	9	639	0	651
4603	1	3	4	660	0	668
4604	672	0	1	16	0	689
4605	10	674	0	19	0	703
4606	709	8	0	3	0	720
4607	727	10	1	3	0	741
4608	21	2	1	729	0	753
4609	14	0	744	9	0	767
4610	3	730	10	10	0	753
4611	2	718	9	3	0	732
4612	704	18	3	0	0	725
4613	9	708	2	2	0	721
4614	11	11	0	681	0	703
4615	2	8	1	710	0	721
4616	0	5	689	19	0	713
4617	0	2	675	15	0	692
4618	3	673	21	3	0	700
4619	3	12	10	692	0	717
4620	711	9	2	10	0	732
4621	10	3	0	721	0	734
4622	9	0	728	15	0	752
4623	5	0	12	729	0	746
4624	689	1	10	12	0	712
4625	694	1	2	11	0	708
4626	19	685	2	4	0	710
4627	703	10	1	1	0	715
4628	13	708	1	4	0	726
4629	691	15	1	3	0	710
4630	14	9	0	685	0	708
4631	14	3	680	9	0	706
4632	3	0	670	13	0	686
4633	0	679	21	5	0	705
4634	5	10	11	646	0	672
4635	2	11	3	669	0	685
4636	659	3	0	21	0	683
4637	669	3	0	10	0	682
4638	683	2	1	8	0	694
4639	22	2	3	663	0	690
4640	13	4	2	673	0	692
4641	4	3	0	684	0	691
4642	2	3	662	21	0	688
4643	2	6	653	12	0	673
4644	629	3	17	4	0	653
4645	644	2	9	6	0	661
4646	17	3	645	2	0	667
4647	625	1	11	3	0	640
4648	617	3	8	3	0	631
4649	18	1	617	4	0	640
4650	10	620	12	3	0	645
4651	4	9	6	583	0	602
4652	1	9	587	12	0	609
4653	2	597	12	19	0	630
4654	3	10	7	550	0	570
4655	4	569	3	7	0	583
4656	1	7	551	10	0	569
4657	2	9	550	3	0	564
4658	3	10	12	548	0	573
4659	550	4	9	8	0	571
4660	11	1	2	563	0	577
4661	563	3	1	7	0	574
4662	10	1	2	561	0	574
4663	11	3	537	8	0	559
4664	516	2	6	12	0	536
4665	5	3	555	8	0	571
4666	539	3	9	1	0	552
4667	7	3	12	524	0	546
4668	13	552	4	7	0	576
4669	3	6	1	554	0	564
4670	4	564	2	8	0	578
4671	4	6	1	527	0	538
4672	5	575	3	5	0	588
4673	557	6	3	11	0	577
4674	565	11	2	4	0	582
4675	559	1	1	5	0	566
4676	15	1	558	1	0	575
4677	14	1	8	543	0	566
4678	7	3	557	5	0	572
4679	4	527	8	12	0	551
4680	5	549	11	2	0	567
4681	525	13	4	3	0	545
4682	7	12	537	3	0	559
4683	14	528	6	4	0	552
4684	2	8	12	545	0	567
4685	556	10	1	9	0	576
4686	8	559	3	12	0	582
4687	580	6	4	3	0	593
4688	6	15	568	3	0	592
4689	14	1	6	571	0	592
4690	4	3	12	590	0	609
4691	3	1	3	605	0	612
4692	4	595	5	16	0	620
4693	6	4	3	583	0	596
4694	5	14	606	6	0	631
4695	2	1	5	595	0	603
4696	1	1	14	597	0	613
4697	3	1	3	595	0	602
4698	5	586	4	15	0	610
4699	5	6	4	591	0	606
4700	4	12	3	577	0	596
4701	3	558	1	20	0	582
4702	493	2	3	11	0	509
4703	3	496	1	4	0	504
4704	6	464	1	5	0	476
4705	2	14	4	447	0	467
4706	1	7	440	5	0	453
4707	376	1	4	10	0	391
4708	2	1	7	424	0	434
4709	9	3	408	2	0	422
4710	3	416	1	9	0	429
4711	2	4	7	418	0	431
4712	0	9	427	4	0	440
4713	1	0	3	414	0	418
4714	3	1	8	417	0	429
4715	403	0	1	8	0	412
4716	2	405	1	8	0	416
4717	396	3	1	2	0	402
4718	1	8	403	2	0	414
4719	6	387	3	1	0	397
4720	1	3	387	1	0	392
4721	0	5	1	385	0	391
4722	376	0	6	2	0	384
4723	2	3	0	370	0	375
4724	384	1	0	2	0	387
4725	379	0	2	5	0	386
4726	6	1	1	392	0	400
4727	5	1	416	2	0	424
4728	1	1	413	6	0	421
4729	2	1	6	420	0	429
4730	2	0	5	426	0	433
4731	420	0	1	8	0	429
4732	4	1	0	419	0	424
4733	6	415	3	3	0	427
4734	0	2	1	429	0	432
4735	1	5	2	420	0	428
4736	418	0	1	9	0	428
4737	3	428	1	8	0	440
4738	8	3	0	430	0	441
4739	3	7	0	431	0	441
4740	0	427	2	10	0	439
4741	0	4	2	435	0	441
4742	0	7	1	425	0	433
4743	1	419	0	12	0	432
4744	3	4	0	430	0	437
4745	0	7	0	420	0	427
4746	0	416	3	12	0	431
4747	0	4	0	431	0	435
4748	420	7	0	5	0	432
4749	427	0	0	9	0	436
4750	423	2	0	2	0	427
4751	423	1	0	2	0	426
4752	10	399	1	3	0	413
4753	377	5	0	2	0	384
4754	3	381	1	2	0	387
4755	7	366	1	2	0	376
4756	2	9	0	370	0	381
4757	2	6	363	4	0	375
4758	344	1	2	6	0	353
4759	365	2	4	0	0	371
4760	6	2	375	2	0	385
4761	376	1	2	1	0	380
4762	405	2	4	1	0	412
4763	7	405	0	2	0	414
4764	451	2	1	4	0	458
4765	3	4	2	441	0	450
4766	6	1	0	454	0	461
4767	1	1	1	459	0	462
4768	2	1	1	450	0	454
4769	449	1	0	8	0	458
4770	3	2	1	446	0	452
4771	6	1	0	447	0	454
4772	2	1	436	7	0	446
4773	391	0	3	7	0	401
4774	436	1	4	3	0	444
4775	434	0	0	4	0	438
4776	7	433	2	1	0	443
4777	6	436	1	1	0	444
4778	437	7	0	4	0	448
4779	3	4	1	440	0	448
4780	5	442	1	3	0	451
4781	3	2	0	437	0	442
4782	3	439	0	3	0	445
4783	435	4	1	6	0	446
4784	3	433	0	3	0	439
4785	4	3	1	417	0	425
4786	2	3	1	413	0	419
4787	5	2	416	7	0	430
4788	3	458	2	6	0	469
4789	0	7	2	469	0	478
4790	3	5	476	4	0	488
4791	0	2	487	5	0	494
4792	0	0	10	522	0	532
4793	1	0	5	521	0	527
4794	1	515	1	11	0	528
4795	3	528	2	5	0	538
4796	3	9	0	527	0	539
4797	527	6	0	7	0	540
4798	8	0	1	554	0	563
4799	584	1	0	8	0	593
4800	589	3	0	6	0	598
4801	600	1	0	2	0	603
4802	10	3	587	2	0	602
4803	582	2	5	2	0	591
4804	9	0	6	588	0	603
4805	6	0	1	597	0	604
4806	5	4	575	11	0	595
4807	2	0	583	10	0	595
4808	1	2	12	559	0	574
4809	0	561	10	5	0	576
4810	3	569	0	7	0	579
4811	3	11	0	569	0	583
4812	566	7	1	12	0	586
4813	6	2	3	583	0	594
4814	9	2	1	571	0	583
4815	2	581	1	14	0	598
4816	1	4	1	594	0	600
4817	1	9	598	4	0	612
4818	2	4	588	9	0	603
4819	565	1	11	2	0	579
4820	7	597	8	0	0	612
4821	610	8	0	1	0	619
4822	605	8	0	5	0	618
4823	14	0	1	588	0	603
4824	7	604	4	8	0	623
4825	3	6	2	609	0	620
4826	606	6	0	7	0	619
4827	8	603	1	6	0	618
4828	598	4	3	1	0	606
4829	7	602	1	2	0	612
4830	604	4	0	4	0	612
4831	612	7	0	6	0	625
4832	11	602	3	1	0	617
4833	6	4	3	610	0	623
4834	613	6	0	7	0	626
4835	5	2	599	5	0	611
4836	5	3	592	3	0	603
4837	3	2	7	578	0	590
4838	585	1	4	3	0	593
4839	4	1	0	586	0	591
4840	588	0	0	5	0	593
4841	4	3	620	5	0	632
4842	608	1	4	1	0	614
4843	645	0	6	1	0	652
4844	8	0	1	646	0	655
4845	7	1	0	645	0	653
4846	1	2	0	650	0	653
4847	2	646	1	8	0	657
4848	1	3	2	645	0	651
4849	3	4	2	644	0	653
4850	652	2	1	9	0	664
4851	658	0	1	9	0	668
4852	10	0	648	2	0	660
4853	637	2	4	1	0	644
4854	4	1	653	1	0	659
4855	610	1	3	7	0	621
4856	7	0	648	2	0	657
4857	6	1	639	4	0	650
4858	3	1	9	632	0	645
4859	1	2	652	4	0	659
4860	646	0	3	9	0	658
4861	4	1	7	691	0	703
4862	696	1	1	5	0	703
4863	689	0	1	9	0	699
4864	645	0	1	2	0	648
4865	640	1	1	3	0	645
4866	9	2	641	3	0	655
4867	6	2	4	642	0	654
4868	2	2	651	5	0	660
4869	3	1	4	645	0	653
4870	640	0	6	5	0	651
4871	7	0	0	652	0	659
4872	649	1	1	6	0	657
4873	4	1	1	654	0	660
4874	6	0	1	654	0	661
4875	643	0	2	11	0	656
4876	4	655	2	6	0	667
4877	669	2	2	1	0	674
4878	6	671	2	0	0	679
4879	6	4	0	683	0	693
4880	678	4	1	5	0	688
4881	6	1	688	6	0	701
4882	7	0	5	691	0	703
4883	691	1	5	3	0	700
4884	707	1	1	8	0	717
4885	8	1	1	700	0	710
4886	6	717	0	5	0	728
4887	2	709	1	4	0	716
4888	2	31	2	650	0	685
4889	660	4	0	5	0	669
4890	6	663	2	2	0	673
4891	5	648	1	1	0	655
4892	618	10	4	0	0	632
4893	3	619	0	1	0	623
4894	645	4	1	2	0	652
4895	4	6	0	644	0	654
4896	5	4	0	637	0	646
4897	1	634	0	11	0	646
4898	0	630	0	6	0	636
4899	590	9	1	1	0	601
4900	4	620	0	1	0	625
4901	6	670	0	0	0	676
4902	1	14	0	674	0	689
4903	695	8	0	6	0	709
4904	7	2	752	7	0	768
4905	746	0	9	2	0	757
4906	11	0	8	840	0	859
4907	10	1	858	10	0	879
4908	2	0	869	9	0	880
4909	2	0	20	882	0	904
4910	0	0	911	12	0	923
4911	880	0	13	11	0	904
4912	918	1	10	3	0	932
4913	24	2	916	1	0	943
4914	14	0	13	910	0	937
4915	3	2	11	920	0	936
4916	925	2	3	21	0	951
4917	13	0	1	887	0	901
4918	11	897	2	13	0	923
4919	896	13	1	8	0	918
4920	15	899	1	1	0	916
4921	9	926	2	3	0	940
4922	2	23	1	910	0	936
4923	5	11	1	914	0	931
4924	4	3	0	928	0	935
4925	3	2	886	25	0	916
4926	819	1	10	17	0	847
4927	13	881	11	4	0	909
4928	907	13	3	2	0	925
4929	912	13	2	4	0	931
4930	24	6	1	907	0	938
4931	15	896	2	14	0	927
4932	7	13	2	934	0	956
4933	2	11	5	941	0	959
4934	933	3	1	25	0	962
4935	926	1	1	16	0	944
4936	26	2	916	6	0	950
4937	939	1	15	3	0	958
4938	16	966	12	6	0	1000
4939	960	15	3	6	0	984
4940	16	1031	4	4	0	1055
4941	15	16	0	983	0	1014
4942	8	12	2	985	0	1007
4943	4	984	2	25	0	1015
4944	4	17	1	1005	0	1027
4945	5	16	0	1017	0	1038
4946	3	6	0	1007	0	1016
4947	4	992	1	30	0	1027
4948	2	13	3	1013	0	1031
4949	6	13	1	1011	0	1031
4950	1	6	2	1013	0	1022
4951	5	6	978	27	0	1016
4952	897	2	13	20	0	932
4953	17	3	989	9	0	1018
4954	964	5	16	6	0	991
4955	18	7	988	3	0	1016
4956	958	3	15	5	0	981
4957	981	6	16	9	0	1012
4958	32	6	984	6	0	1028
4959	20	2	14	969	0	1005
4960	11	5	917	17	0	950
4961	875	3	21	17	0	916
4962	18	2	952	8	0	980
4963	16	4	938	6	0	964
4964	927	6	26	6	0	965
4965	16	945	17	8	0	986
4966	14	18	8	948	0	988
4967	979	13	5	21	0	1018
4968	17	7	5	986	0	1015
4969	21	3	3	990	0	1017
4970	973	3	6	30	0	1012
4971	985	4	3	20	0	1012
4972	31	3	961	8	0	1003
4973	18	3	983	9	0	1013
4974	5	2	29	988	0	1024
4975	6	4	1005	19	0	1034
4976	8	1	16	976	0	1001
4977	8	5	18	960	0	991
4978	8	4	7	982	0	1001
4979	951	4	4	31	0	990
4980	15	955	8	20	0	998
4981	952	15	3	11	0	981
4982	946	13	2	9	0	970
4983	29	946	7	7	0	989
4984	957	16	3	7	0	983
4985	19	16	935	16	0	986
4986	17	8	10	930	0	965
4987	931	5	13	12	0	961
4988	14	5	924	14	0	957
4989	903	1	9	13	0	926
4990	12	951	10	8	0	981
4991	1083	10	2	6	0	1101
4992	1082	9	3	6	0	1100
4993	24	1124	3	5	0	1156
4994	1162	16	2	4	0	1184
4995	23	10	5	1160	0	1198
4996	15	3	6	1179	0	1203
4997	1161	2	4	24	0	1191
4998	1097	3	3	19	0	1122
4999	23	1151	4	10	0	1188
5000	13	1148	4	11	0	1176
5001	8	29	1	1036	0	1074
5002	5	1076	2	12	0	1095
5003	2	1111	4	7	0	1124
5004	1027	18	2	9	0	1056
5005	11	1039	1	2	0	1053
5006	954	14	0	2	0	970
5007	13	984	0	2	0	999
5008	5	14	971	2	0	992
5009	4	982	9	5	0	1000
5010	959	13	3	6	0	981
5011	932	3	3	1	0	939
5012	14	6	939	1	0	960
5013	6	0	10	910	0	926
5014	5	1	5	932	0	943
5015	0	0	934	12	0	946
5016	2	0	9	911	0	922
5017	2	0	935	13	0	950
5018	2	1	922	6	0	931
5019	907	0	11	6	0	924
5020	10	940	8	1	0	959
5021	920	9	3	1	0	933
5022	12	4	0	926	0	942
5023	6	5	935	7	0	953
5024	5	2	7	894	0	908
5025	2	957	4	12	0	975
5026	970	7	5	5	0	987
5027	969	3	0	6	0	978
5028	12	4	1	973	0	990
5029	7	1	948	7	0	963
5030	905	1	7	4	0	917
5031	7	937	3	6	0	953
5032	917	8	3	3	0	931
5033	14	5	0	911	0	930
5034	925	6	1	7	0	939
5035	17	2	0	933	0	952
5036	4	3	915	12	0	934
5037	9	1	899	6	0	915
5038	847	1	10	7	0	865
5039	11	906	8	3	0	928
5040	863	7	6	5	0	881
5041	880	3	3	0	0	886
5042	9	887	0	2	0	898
5043	861	9	1	4	0	875
5044	11	6	904	1	0	922
5045	4	5	9	900	0	918
5046	5	2	3	920	0	930
5047	3	3	5	922	0	933
5048	4	4	918	14	0	940
5049	3	4	937	4	0	948
5050	2	0	13	897	0	912
5051	1	920	6	12	0	939
5052	2	951	7	2	0	962
5053	950	10	0	5	0	965
5054	944	9	2	1	0	956
5055	11	1001	2	1	0	1015
5056	8	8	1	1002	0	1019
5057	5	3	1	1015	0	1024
5058	1012	6	2	12	0	1032
5059	16	0	3	1017	0	1036
5060	5	6	2	1027	0	1040
5061	11	1	2	1016	0	1030
5062	3	7	977	17	0	1004
5063	3	2	944	10	0	959
5064	963	5	11	7	0	986
5065	13	1	8	1001	0	1023
5066	4	6	992	11	0	1013
5067	6	8	964	3	0	981
5068	957	4	12	11	0	984
5069	13	5	1108	2	0	1128
5070	4	1126	16	3	0	1149
5071	9	12	3	1206	0	1230
5072	3	7	1228	14	0	1252
5073	1156	4	21	7	0	1188
5074	19	5	9	1300	0	1333
5075	12	5	1300	17	0	1334
5076	10	5	14	1319	0	1348
5077	6	0	14	1333	0	1353
5078	1324	2	7	30	0	1363
5079	17	1344	5	23	0	1389
5080	12	17	6	1351	0	1386
5081	1364	12	2	21	0	1399
5082	1372	5	4	15	0	1396
5083	1375	1	3	9	0	1388
5084	1370	4	6	1	0	1381
5085	36	3	4	1340	0	1383
5086	1335	5	2	18	0	1360
5087	1335	5	3	13	0	1356
5088	1291	0	2	10	0	1303
5089	1306	3	0	11	0	1320
5090	30	1231	6	7	0	1274
5091	11	1080	4	5	0	1100
5092	3	24	2	1058	0	1087
5093	2	1053	1	11	0	1067
5094	1011	10	1	17	0	1039
5095	9	9	3	1005	0	1026
5096	1012	2	1	10	0	1025
5097	1022	0	1	13	0	1036
5098	23	2	1	1042	0	1068
5099	12	2	2	1029	0	1045
5100	2	1041	2	23	0	1068
5101	1043	9	2	10	0	1064
5102	12	1038	0	3	0	1053
5103	1045	7	2	5	0	1059
5104	11	11	1	1043	0	1066
5105	11	4	1046	12	0	1073
5106	1028	2	12	12	0	1054
5107	991	1	12	3	0	1007
5108	24	2	984	4	0	1014
5109	16	1	987	3	0	1007
5110	3	4	19	965	0	991
5111	1041	3	11	13	0	1068
5112	1109	1	1	13	0	1124
5113	1140	2	1	3	0	1146
5114	1140	2	3	6	0	1151
5115	22	1121	1	4	0	1148
5116	1160	8	2	3	0	1173
5117	11	15	0	1134	0	1160
5118	20	1	1	1146	0	1168
5119	4	1	1	1174	0	1180
5120	3	3	2	1176	0	1184
5121	1155	1	2	27	0	1185
5122	16	2	2	1304	0	1324
5123	16	5	1245	17	0	1283
5124	4	2	14	1296	0	1316
5125	4	3	15	1277	0	1299
5126	9	1	3	1284	0	1297
5127	6	1	3	1281	0	1291
5128	1241	1	2	31	0	1275
5129	18	1237	2	21	0	1278
5130	21	1244	3	8	0	1276
5131	8	30	0	1226	0	1264
5132	1233	16	2	19	0	1270
5133	1263	6	2	16	0	1287
5134	35	4	0	1255	0	1294
5135	23	2	1219	18	0	1262
5136	1218	4	16	17	0	1255
5137	19	4	15	1259	0	1297
5138	19	2	1244	18	0	1283
5139	1174	4	16	22	0	1216
5140	20	1244	16	7	0	1287
5141	1377	13	4	8	0	1402
5142	26	1475	5	6	0	1512
5143	28	21	3	1475	0	1527
5144	9	1540	2	29	0	1580
5145	9	26	3	1557	0	1595
5146	1512	24	0	34	0	1570
5147	30	1513	2	26	0	1571
5148	31	24	1507	5	0	1567
5149	10	22	22	1517	0	1571
5150	7	6	1528	27	0	1568
5151	11	6	24	1514	0	1555
5152	9	5	22	1524	0	1560
5153	7	2	1518	47	0	1574
5154	1388	2	23	33	0	1446
5155	26	3	1531	9	0	1569
5156	30	4	1500	7	0	1541
5157	10	1511	42	7	0	1570
5158	11	20	26	1493	0	1550
5159	13	21	6	1526	0	1566
5160	8	10	2	1514	0	1534
5161	10	4	1	1532	0	1547
5162	4	3	1488	51	0	1546
5163	1369	5	25	31	0	1430
5164	25	3	1524	14	0	1566
5165	27	3	23	1490	0	1543
5166	1470	2	23	32	0	1527
5167	26	1473	9	34	0	1542
5168	29	51	3	1394	0	1477
5169	1357	26	3	27	0	1413
5170	24	1331	6	22	0	1383
5171	15	1291	4	10	0	1320
5172	1271	31	4	9	0	1315
5173	21	1307	6	8	0	1342
5174	1227	22	5	5	0	1259
5175	25	1259	2	17	0	1303
5176	1265	22	3	5	0	1295
5177	1262	14	3	7	0	1286
5178	32	1267	4	12	0	1315
5179	19	20	4	1269	0	1312
5180	7	17	1252	26	0	1302
5181	1237	5	21	19	0	1282
5182	25	5	16	1238	0	1284
5183	18	1231	7	19	0	1275
5184	4	1276	10	18	0	1308
5185	4	29	4	1269	0	1306
5186	1257	16	3	27	0	1303
5187	22	10	1263	21	0	1316
5188	19	1	18	1290	0	1328
5189	7	2	18	1295	0	1322
5190	9	1	9	1317	0	1336
5191	3	2	6	1289	0	1300
5192	4	1262	5	39	0	1310
5193	3	20	3	1279	0	1305
5194	2	19	1250	32	0	1303
5195	8	6	1230	16	0	1260
5196	4	8	1258	10	0	1280
5197	2	7	34	1224	0	1267
5198	1210	4	18	23	0	1255
5199	19	5	1212	13	0	1249
5200	19	6	1219	9	0	1253
5201	7	6	29	1211	0	1253
5202	1223	5	19	22	0	1269
5203	24	1214	6	15	0	1259
5204	1221	22	7	9	0	1259
5205	27	13	4	1210	0	1254
5206	21	16	1211	25	0	1273
5207	8	14	22	1133	0	1177
5208	8	1228	16	22	0	1274
5209	1245	21	10	18	0	1294
5210	21	16	1258	15	0	1310
5211	16	1217	24	8	0	1265
5212	1194	25	14	12	0	1245
5213	23	16	9	1189	0	1237
5214	18	6	7	1211	0	1242
5215	1209	4	8	35	0	1256
5216	1238	4	4	23	0	1269
5217	1263	1	6	13	0	1283
5218	37	11	3	1203	0	1254
5219	18	1210	4	30	0	1262
5220	1214	21	5	19	0	1259
5221	23	1228	5	12	0	1268
5222	1084	20	6	9	0	1119
5223	20	1086	9	6	0	1121
5224	19	19	6	1056	0	1100
5225	1062	12	8	19	0	1101
5226	1070	4	6	20	0	1100
5227	1084	4	3	12	0	1103
5228	1090	5	4	5	0	1104
5229	1084	7	5	8	0	1104
5230	34	6	1060	9	0	1109
5231	20	2	18	1054	0	1094
5232	9	10	1074	19	0	1112
5233	12	3	1060	19	0	1094
5234	1067	5	28	9	0	1109
5235	1107	4	13	8	0	1132
5236	1098	4	7	2	0	1111
5237	35	8	4	1061	0	1108
5238	1063	5	2	22	0	1092
5239	25	1048	7	15	0	1095
5240	19	1066	1	8	0	1094
5241	7	970	5	6	0	988
5242	854	18	1	4	0	877
5243	15	858	1	2	0	876
5244	818	11	0	1	0	830
5245	821	6	0	1	0	828
5246	22	5	811	2	0	840
5247	14	1	12	794	0	821
5248	5	0	7	830	0	842
5249	829	2	3	17	0	851
5250	833	1	2	11	0	847
5251	24	0	2	827	0	853
5252	12	2	821	10	0	845
5253	11	2	807	9	0	829
5254	3	2	19	810	0	834
5255	7	1	12	792	0	812
5256	3	4	5	821	0	833
5257	778	3	1	20	0	802
5258	792	3	0	12	0	807
5259	23	820	1	4	0	848
5260	12	16	1	819	0	848
5261	9	10	2	813	0	834
5262	7	817	7	18	0	849
5263	4	11	3	834	0	852
5264	812	13	0	19	0	844
5265	17	3	1	818	0	839
5266	19	2	2	806	0	829
5267	796	4	2	20	0	822
5268	793	2	0	16	0	811
5269	809	1	4	8	0	822
5270	24	6	5	773	0	808
5271	18	1	764	14	0	797
5272	7	4	750	16	0	777
5273	7	1	749	7	0	764
5274	5	716	19	6	0	746
5275	680	7	19	9	0	715
5276	13	11	687	3	0	714
5277	652	3	7	6	0	668
5278	15	1	8	668	0	692
5279	675	2	8	10	0	695
5280	678	3	2	12	0	695
5281	21	681	3	6	0	711
5282	696	7	2	5	0	710
5283	689	9	3	8	0	709
5284	19	685	3	8	0	715
5285	18	7	2	699	0	726
5286	8	9	697	13	0	727
5287	9	3	6	679	0	697
5288	6	2	10	690	0	708
5289	690	5	5	17	0	717
5290	15	6	1	676	0	698
5291	15	690	2	13	0	720
5292	9	11	1	692	0	713
5293	5	10	5	695	0	715
5294	7	4	685	18	0	714
5295	10	675	11	14	0	710
5296	8	684	11	9	0	712
5297	674	14	4	7	0	699
5298	10	696	3	9	0	718
5299	18	10	3	687	0	718
5300	12	8	679	10	0	709
5301	5	680	8	18	0	711
5302	698	8	12	8	0	726
5303	12	7	8	693	0	720
5304	13	7	4	705	0	729
5305	10	3	700	22	0	735
5306	12	1	8	677	0	698
5307	4	3	10	708	0	725
5308	689	4	4	16	0	713
5309	641	2	6	15	0	664
5310	18	642	2	7	0	669
5311	611	7	0	7	0	625
5312	10	600	3	5	0	618
5313	10	10	6	549	0	575
5314	5	595	2	10	0	612
5315	2	612	3	10	0	627
5316	582	11	1	7	0	601
5317	582	7	5	2	0	596
5318	10	568	2	3	0	583
5319	585	4	1	2	0	592
5320	579	8	3	4	0	594
5321	603	1	2	7	0	613
5322	12	3	2	603	0	620
5323	607	5	0	6	0	618
5324	7	5	584	10	0	606
5325	585	1	5	4	0	595
5326	5	5	622	3	0	635
5327	6	2	7	609	0	624
5328	6	2	6	626	0	640
5329	4	3	632	12	0	651
5330	589	0	4	11	0	604
5331	616	3	6	4	0	629
5332	11	2	684	3	0	700
5333	11	0	4	653	0	668
5334	2	2	8	672	0	684
5335	1	1	3	668	0	673
5336	658	0	5	11	0	674
5337	657	3	3	9	0	672
5338	13	2	0	651	0	666
5339	10	631	1	8	0	650
5340	3	617	3	9	0	632
5341	603	8	1	4	0	616
5342	4	609	1	3	0	617
5343	5	585	1	5	0	596
5344	3	9	5	512	0	529
5345	1	2	517	2	0	522
5346	1	512	0	1	0	514
5347	0	0	1	500	0	501
5348	0	507	0	2	0	509
5349	0	0	1	499	0	500
5350	496	0	1	1	0	498
5351	2	523	1	3	0	529
5352	539	1	0	2	0	542
5353	524	0	0	0	0	524
5354	0	1	531	1	0	533
5355	507	1	0	2	0	510
5356	0	1	1	531	0	533
5357	0	0	536	1	0	537
5358	2	530	1	2	0	535
5359	1	2	0	510	0	513
5360	0	0	0	510	0	510
5361	513	0	0	0	0	513
5362	1	0	0	510	0	511
5363	0	2	0	504	0	506
5364	502	1	0	0	0	503
5365	0	505	0	4	0	509
5366	494	0	1	0	0	495
5367	0	3	502	0	0	505
5368	453	0	0	2	0	455
5369	0	0	526	0	0	526
5370	0	521	1	0	0	522
5371	522	0	0	0	0	522
5372	504	0	1	1	0	506
5373	0	0	505	0	0	505
5374	1	0	504	0	0	505
5375	0	0	513	0	0	513
5376	0	528	1	1	0	530
5377	0	0	0	524	0	524
5378	0	0	584	0	0	584
5379	1	1	573	0	0	575
5380	0	0	1	574	0	575
5381	0	1	595	1	0	597
5382	566	0	2	3	0	571
5383	701	0	0	0	0	701
5384	5	0	713	0	0	718
5385	3	709	6	1	0	719
5386	0	5	2	714	0	721
5387	0	2	716	4	0	722
5388	0	710	5	4	0	719
5389	1	5	2	698	0	706
5390	708	2	0	5	0	715
5391	696	0	0	3	0	699
5392	7	724	0	1	0	732
5393	3	5	1	715	0	724
5394	0	3	2	727	0	732
5395	1	1	1	727	0	730
5396	2	0	1	731	0	734
5397	0	0	716	7	0	723
5398	6	1	5	709	0	721
5399	2	1	707	8	0	718
5400	2	703	7	2	0	714
5401	693	7	2	0	0	702
5402	4	728	0	2	0	734
5403	2	6	1	725	0	734
5404	0	3	0	728	0	731
5405	722	0	0	10	0	732
5406	5	0	1	711	0	717
5407	3	705	1	6	0	715
5408	0	6	2	704	0	712
5409	0	3	1	715	0	719
5410	697	1	0	9	0	707
5411	6	2	690	3	0	701
5412	2	691	5	2	0	700
5413	0	694	4	4	0	702
5414	1	7	0	670	0	678
5415	651	2	1	7	0	661
5416	4	639	2	3	0	648
5417	3	6	0	640	0	649
5418	1	3	639	7	0	650
5419	2	0	5	644	0	651
5420	640	0	3	8	0	651
5421	624	0	1	3	0	628
5422	7	1	0	629	0	637
5423	631	2	1	6	0	640
5424	628	0	0	4	0	632
5425	8	1	629	2	0	640
5426	591	2	5	1	0	599
5427	5	609	4	1	0	619
5428	609	6	1	1	0	617
5429	6	4	595	1	0	606
5430	4	0	5	588	0	597
5431	613	0	2	6	0	621
5432	6	3	542	3	0	554
5433	4	1	540	1	0	546
5434	2	0	9	530	0	541
5435	1	0	549	6	0	556
5436	530	1	5	4	0	540
5437	7	1	550	0	0	558
5438	4	0	7	570	0	581
5439	3	1	3	589	0	596
5440	595	0	2	7	0	604
5441	9	2	605	5	0	621
5442	4	0	649	2	0	655
5443	1	1	15	716	0	733
5444	1	1	729	14	0	745
5445	716	0	15	3	0	734
5446	16	0	5	724	0	745
5447	7	1	741	15	0	764
5448	1	0	15	737	0	753
5449	1	0	7	781	0	789
5450	763	1	2	23	0	789
5451	15	0	749	5	0	769
5452	708	0	17	2	0	727
5453	15	1	751	3	0	770
5454	722	0	17	3	0	742
5455	755	0	6	4	0	765
5456	748	0	2	4	0	754
5457	19	738	3	2	0	762
5458	752	14	2	6	0	774
5459	756	5	2	3	0	766
5460	22	0	4	745	0	771
5461	7	0	744	18	0	769
5462	729	0	18	7	0	754
5463	17	0	767	2	0	786
5464	6	1	14	754	0	775
5465	5	1	6	768	0	780
5466	752	1	1	20	0	774
5467	17	772	2	8	0	799
5468	9	15	2	768	0	794
5469	3	6	3	777	0	789
5470	4	1	773	23	0	801
5471	4	0	16	762	0	782
5472	3	3	6	780	0	792
5473	5	1	1	751	0	758
5474	2	755	2	22	0	781
5475	749	15	1	8	0	773
5476	759	6	1	3	0	769
5477	22	761	2	2	0	787
5478	694	14	1	5	0	714
5479	14	6	2	715	0	737
5480	6	1	760	16	0	783
5481	2	766	13	8	0	789
5482	6	773	5	3	0	787
5483	705	18	4	2	0	729
5484	776	5	0	1	0	782
5485	18	2	1	778	0	799
5486	6	0	2	791	0	799
5487	1	0	2	795	0	798
5488	764	1	3	21	0	789
5489	15	5	773	7	0	800
5490	768	0	12	2	0	782
5491	17	1	5	785	0	808
5492	6	2	3	768	0	779
5493	5	767	0	23	0	795
5494	3	13	0	790	0	806
5495	4	5	3	795	0	807
5496	3	2	777	20	0	802
5497	4	786	16	7	0	813
5498	798	14	8	3	0	823
5499	796	5	0	2	0	803
5500	816	3	0	3	0	822
5501	804	2	1	3	0	810
5502	22	5	768	2	0	797
5503	762	1	15	4	0	782
5504	17	2	781	5	0	805
5505	8	1	18	749	0	776
5506	6	783	5	13	0	807
5507	6	13	4	779	0	802
5508	3	5	4	801	0	813
5509	2	4	794	25	0	825
5510	763	0	15	10	0	788
5511	788	4	7	1	0	800
5512	19	771	2	5	0	797
5513	8	14	786	6	0	814
5514	2	5	18	791	0	816
5515	3	4	798	19	0	824
5516	2	2	802	10	0	816
5517	4	2	20	786	0	812
5518	7	7	792	15	0	821
5519	7	3	15	789	0	814
5520	6	1	821	19	0	847
5521	4	4	16	815	0	839
5522	804	2	9	19	0	834
5523	823	0	3	10	0	836
5524	813	2	7	7	0	829
5525	796	2	6	7	0	811
5526	20	802	1	11	0	834
5527	10	18	4	797	0	829
5528	6	7	3	822	0	838
5529	5	2	797	28	0	832
5530	3	0	18	805	0	826
5531	3	3	797	25	0	828
5532	6	3	780	12	0	801
5533	751	2	23	7	0	783
5534	23	816	15	4	0	858
5535	839	16	6	5	0	866
5536	826	6	3	9	0	844
5537	25	861	4	7	0	897
5538	841	20	2	4	0	867
5539	21	4	840	10	0	875
5540	6	830	19	9	0	864
5541	816	19	10	3	0	848
5542	17	7	789	6	0	819
5543	713	2	9	4	0	728
5544	14	748	8	3	0	773
5545	746	7	2	4	0	759
5546	742	6	1	3	0	752
5547	12	734	4	2	0	752
5548	7	734	3	4	0	748
5549	3	761	3	6	0	773
5550	5	12	6	753	0	776
5551	2	7	5	774	0	788
5552	778	1	3	14	0	796
5553	768	1	5	5	0	779
5554	16	4	761	3	0	784
5555	9	3	744	3	0	759
5556	6	0	776	4	0	786
5557	6	3	13	757	0	779
5558	4	5	772	8	0	789
5559	4	1	9	768	0	782
5560	774	2	5	13	0	794
5561	11	4	791	4	0	810
5562	774	3	9	6	0	792
5563	787	2	6	3	0	798
5564	12	2	803	5	0	822
5565	6	812	11	5	0	834
5566	5	9	9	824	0	847
5567	4	4	821	11	0	840
5568	5	4	11	797	0	817
5569	6	3	7	882	0	898
5570	864	1	8	16	0	889
5571	17	5	1	863	0	886
5572	9	3	863	18	0	893
5573	7	1	17	865	0	890
5574	865	3	11	15	0	894
5575	18	887	3	9	0	917
5576	877	14	9	3	0	903
5577	20	6	10	872	0	908
5578	12	5	892	15	0	924
5579	7	8	850	6	0	871
5580	8	1	817	5	0	831
5581	2	764	23	6	0	795
5582	749	16	5	6	0	776
5583	11	725	2	2	0	740
5584	662	9	1	2	0	674
5585	10	658	1	1	0	670
5586	7	8	1	659	0	675
5587	3	5	0	656	0	664
5588	2	1	1	665	0	669
5589	0	665	2	14	0	681
5590	3	9	1	677	0	690
5591	1	6	0	751	0	758
5592	801	1	2	17	0	821
5593	14	0	2	871	0	887
5594	10	0	942	12	0	964
5595	916	2	13	11	0	942
5596	956	0	13	3	0	972
5597	28	970	2	4	0	1004
5598	984	17	4	1	0	1006
5599	1014	14	1	2	0	1031
5600	32	1	1	1008	0	1042
5601	16	0	2	1029	0	1047
5602	6	0	1	1051	0	1058
5603	1034	1	1	35	0	1071
5604	1052	1	0	16	0	1069
5605	34	2	1028	3	0	1067
5606	1025	1	19	2	0	1047
5607	1044	1	14	5	0	1064
5608	1049	0	2	4	0	1055
5609	32	3	1013	2	0	1050
5610	18	1	1013	2	0	1034
5611	5	1	31	1013	0	1050
5612	3	1	1055	19	0	1078
5613	7	0	21	1034	0	1062
5614	2	0	15	935	0	952
5615	2	1051	4	27	0	1084
5616	1053	16	1	12	0	1082
5617	21	15	1069	1	0	1106
5618	1081	1	19	4	0	1105
5619	24	2	17	1094	0	1137
5620	1067	2	2	24	0	1095
5621	22	1052	4	16	0	1094
5622	16	1108	3	2	0	1129
5623	5	37	1	1093	0	1136
5624	5	14	2	1119	0	1140
5625	2	2	1095	39	0	1138
5626	4	0	23	1104	0	1131
5627	1070	2	15	27	0	1114
5628	27	1071	4	21	0	1123
5629	16	27	1074	6	0	1123
5630	6	15	24	1063	0	1108
5631	8	2	1089	24	0	1123
5632	7	3	27	1078	0	1115
5633	4	3	1102	27	0	1136
5634	7	2	1045	17	0	1071
5635	6	6	37	1025	0	1074
5636	1065	2	20	24	0	1111
5637	1037	1	12	19	0	1069
5638	1054	4	3	7	0	1068
5639	44	1030	2	6	0	1082
5640	1058	26	3	6	0	1093
5641	1048	16	5	5	0	1074
5642	41	5	1017	10	0	1073
5643	23	1017	24	7	0	1071
5644	13	28	16	974	0	1031
5645	974	16	5	27	0	1022
5646	27	974	3	17	0	1021
5647	1004	25	1	6	0	1036
5648	992	16	4	6	0	1018
5649	996	3	5	7	0	1011
5650	994	3	2	8	0	1007
5651	40	3	3	961	0	1007
5652	971	2	3	27	0	1003
5653	32	4	6	940	0	982
5654	20	936	6	26	0	988
5655	15	19	3	960	0	997
5656	949	14	3	27	0	993
5657	29	4	953	14	0	1000
5658	21	3	23	944	0	991
5659	937	0	19	26	0	982
5660	24	916	10	26	0	976
5661	932	21	11	6	0	970
5662	946	12	3	12	0	973
5663	42	946	8	6	0	1002
5664	947	23	8	5	0	983
5665	28	16	916	6	0	966
5666	21	4	922	5	0	952
5667	882	4	35	7	0	928
5668	27	4	925	7	0	963
5669	24	1	19	831	0	875
5670	5	861	12	25	0	903
5671	874	25	3	13	0	915
5672	25	869	6	4	0	904
5673	17	866	4	6	0	893
5674	7	25	9	904	0	945
5675	10	16	1	902	0	929
5676	13	1	4	899	0	917
5677	9	3	4	905	0	921
5678	8	6	875	29	0	918
5679	7	4	15	869	0	895
5680	12	2	14	881	0	909
5681	867	6	3	33	0	909
5682	21	4	6	877	0	908
5683	11	3	869	30	0	913
5684	836	1	19	17	0	873
5685	20	6	17	871	0	914
5686	17	7	913	22	0	959
5687	11	3	16	910	0	940
5688	11	921	11	19	0	962
5689	906	18	7	11	0	942
5690	22	15	901	10	0	948
5691	17	813	17	2	0	849
5692	771	17	7	5	0	800
5693	18	695	7	5	0	725
5694	9	643	4	1	0	657
5695	629	19	2	4	0	654
5696	13	626	1	1	0	641
5697	6	623	3	1	0	633
5698	5	20	2	603	0	630
5699	5	6	600	5	0	616
5700	3	600	7	1	0	611
5701	2	5	0	590	0	597
5702	3	587	2	6	0	598
5703	566	7	0	4	0	577
5704	6	1	562	3	0	572
5705	1	2	5	573	0	581
5706	594	1	0	8	0	603
5707	7	1	1	577	0	586
5708	1	1	585	9	0	596
5709	529	0	6	2	0	537
5710	589	0	2	1	0	592
5711	4	607	2	4	0	617
5712	2	3	1	597	0	603
5713	2	1	0	614	0	617
5714	608	3	0	5	0	616
5715	588	0	0	1	0	589
5716	5	1	611	2	0	619
5717	2	603	5	1	0	611
5718	608	2	1	0	0	611
5719	2	0	2	602	0	606
5720	1	1	621	1	0	624
5721	1	1	596	0	0	598
5722	4	7	0	589	0	600
5723	599	0	0	1	0	600
5724	0	590	0	1	0	591
5725	652	0	0	3	0	655
5726	0	0	0	676	0	676
5727	0	0	0	673	0	673
5728	1	0	0	682	0	683
5729	671	0	0	2	0	673
5730	0	678	1	1	0	680
5731	0	0	0	689	0	689
5732	0	0	0	695	0	695
5733	0	1	685	0	0	686
5734	0	0	0	676	0	676
5735	0	0	699	0	0	699
5736	0	661	1	0	0	662
5737	0	0	1	671	0	672
5738	643	0	0	1	0	644
5739	0	0	647	1	0	648
5740	2	0	0	638	0	640
5741	0	0	639	0	0	639
5742	583	0	0	1	0	584
5743	1	0	644	0	0	645
5744	0	0	1	619	0	620
5745	632	0	0	0	0	632
5746	1	571	0	1	0	573
5747	613	0	0	0	0	613
5748	1	577	0	1	0	579
5749	0	0	0	621	0	621
5750	0	0	606	0	0	606
5751	0	2	598	0	0	600
5752	0	0	0	620	0	620
5753	612	0	0	1	0	613
5754	615	0	1	0	0	616
5755	0	0	0	628	0	628
5756	1	0	0	632	0	633
5757	608	0	0	1	0	609
5758	0	614	0	0	0	614
5759	0	647	2	1	0	650
5760	629	0	0	1	0	630
5761	0	0	632	0	0	632
5762	0	0	0	625	0	625
5763	0	1	621	1	0	623
5764	1	0	0	621	0	622
5765	0	1	614	0	0	615
5766	1	0	614	0	0	615
5767	0	0	0	615	0	615
5768	0	591	0	0	0	591
5769	615	0	0	0	0	615
5770	0	627	0	0	0	627
5771	0	0	0	647	0	647
5772	641	0	0	0	0	641
5773	0	0	0	652	0	652
5774	641	0	0	0	0	641
5775	645	0	0	0	0	645
5776	643	0	0	0	0	643
5777	0	624	2	0	0	626
5778	650	0	0	0	0	650
5779	0	0	0	657	0	657
5780	664	0	0	0	0	664
5781	0	0	0	681	0	681
5782	671	1	0	3	0	675
5783	679	0	0	1	0	680
5784	5	693	1	0	0	699
5785	1	3	0	781	0	785
5786	1	1	0	751	0	753
5787	0	865	1	9	0	875
5788	1	7	0	888	0	896
5789	877	1	0	9	0	887
5790	920	0	0	2	0	922
5791	889	1	0	2	0	892
5792	11	2	928	0	0	941
5793	936	0	7	4	0	947
5794	1006	0	2	0	0	1008
5795	1024	0	0	0	0	1024
5796	10	1024	0	0	0	1034
5797	3	10	0	1015	0	1028
5798	1	2	1	1037	0	1041
5799	1	0	0	1024	0	1025
5800	2	1	982	14	0	999
5801	0	0	10	999	0	1009
5802	1017	0	2	10	0	1029
5803	11	0	0	1036	0	1047
5804	2	0	0	1073	0	1075
5805	0	2	1071	14	0	1087
5806	0	1063	11	2	0	1076
5807	1097	9	3	1	0	1110
5808	12	2	0	1085	0	1099
5809	1083	0	0	12	0	1095
5810	12	2	1060	3	0	1077
5811	992	0	11	3	0	1006
5812	10	1071	3	0	0	1084
5813	4	14	1063	1	0	1082
5814	1	4	1085	0	0	1090
5815	1	3	13	1033	0	1050
5816	1	1	1086	15	0	1103
5817	0	1098	12	4	0	1114
5818	2	11	3	1064	0	1080
5819	3	2	1	1102	0	1108
5820	1	0	0	1101	0	1102
5821	1066	2	0	13	0	1081
5822	12	1069	1	5	0	1087
5823	4	12	0	1100	0	1116
5824	1	3	0	1110	0	1114
5825	1053	0	1	16	0	1070
5826	13	1044	1	9	0	1067
5827	1060	11	1	5	0	1077
5828	1057	4	0	2	0	1063
5829	1055	0	0	6	0	1061
5830	16	2	1048	2	0	1068
5831	9	2	12	1002	0	1025
5832	5	1047	6	13	0	1071
5833	5	1062	1	7	0	1075
5834	7	15	1	988	0	1011
5835	3	1060	2	11	0	1076
5836	1088	13	0	7	0	1108
5837	13	6	1091	5	0	1115
5838	1047	1	14	6	0	1068
5839	1098	3	4	6	0	1111
5840	16	2	3	1122	0	1143
5841	1128	0	2	17	0	1147
5842	15	1180	1	6	0	1202
5843	1223	12	4	4	0	1243
5844	1227	6	4	7	0	1244
5845	1337	2	4	5	0	1348
5846	19	1	1346	4	0	1370
5847	14	4	1352	3	0	1373
5848	7	2	24	1328	0	1361
5849	6	1348	11	18	0	1383
5850	5	1361	3	13	0	1382
5851	6	25	4	1338	0	1373
5852	1351	11	5	18	0	1385
5853	17	2	4	1367	0	1390
5854	11	3	2	1381	0	1397
5855	1365	3	5	26	0	1399
5856	15	1376	3	18	0	1412
5857	11	15	1367	8	0	1401
5858	5	14	1369	7	0	1395
5859	1363	4	22	6	0	1395
5860	17	3	10	1371	0	1401
5861	14	2	1406	19	0	1441
5862	5	3	15	1379	0	1402
5863	7	3	10	1392	0	1412
5864	5	4	3	1421	0	1433
5865	9	6	0	1391	0	1406
5866	7	1369	4	25	0	1405
5867	10	16	2	1375	0	1403
5868	1368	9	2	19	0	1398
5869	18	1375	6	13	0	1412
5870	1395	15	4	4	0	1418
5871	1411	11	3	8	0	1433
5872	1420	5	3	6	0	1434
5873	28	5	1389	3	0	1425
5874	1385	6	16	5	0	1412
5875	1413	5	14	3	0	1435
5876	1421	3	4	6	0	1434
5877	1433	3	3	2	0	1441
5878	30	1411	4	6	0	1451
5879	1406	18	4	6	0	1434
5880	23	15	1405	3	0	1446
5881	15	3	13	1363	0	1394
5882	7	5	10	1399	0	1421
5883	1423	2	4	25	0	1454
5884	20	1406	6	11	0	1443
5885	1337	12	0	7	0	1356
5886	12	1343	5	2	0	1362
5887	1227	10	1	1	0	1239
5888	1196	10	3	3	0	1212
5889	16	1291	6	6	0	1319
5890	1303	12	10	4	0	1329
5891	1355	12	0	5	0	1372
5892	23	1287	1	3	0	1314
5893	11	1319	3	3	0	1336
5894	1389	21	2	5	0	1417
5895	20	11	6	1415	0	1452
5896	1432	4	0	13	0	1449
5897	1454	3	1	13	0	1471
5898	1489	1	1	5	0	1496
5899	1482	3	1	3	0	1489
5900	26	1459	5	3	0	1493
5901	16	1474	5	1	0	1496
5902	1462	24	2	4	0	1492
5903	22	18	1462	3	0	1505
5904	15	8	17	1418	0	1458
5905	8	3	14	1447	0	1472
5906	1417	2	3	30	0	1452
5907	18	1413	3	20	0	1454
5908	20	17	2	1415	0	1454
5909	7	18	1	1433	0	1459
5910	1409	7	2	33	0	1451
5911	25	3	3	1434	0	1465
5912	1419	4	2	24	0	1449
5913	1418	4	1	23	0	1446
5914	1428	2	5	9	0	1444
5915	47	3	3	1387	0	1440
5916	28	3	0	1395	0	1426
5917	10	9	1511	37	0	1567
5918	12	7	1509	25	0	1553
5919	1519	4	36	8	0	1567
5920	26	3	27	1553	0	1609
5921	27	3	1695	23	0	1748
5922	14	7	1708	25	0	1754
5923	14	5	48	1690	0	1757
5924	9	4	1723	34	0	1770
5925	7	2	40	1696	0	1745
5926	9	1	36	1709	0	1755
5927	11	4	1700	56	0	1771
5928	9	4	27	1732	0	1772
5929	10	6	28	1719	0	1763
5930	13	1	9	1762	0	1785
5931	9	4	1708	56	0	1777
5932	9	4	26	1749	0	1788
5933	1716	6	26	46	0	1794
5934	31	1727	13	37	0	1808
5935	1759	26	11	15	0	1811
5936	34	29	1724	15	0	1802
5937	1757	8	23	13	0	1801
5938	1774	12	28	10	0	1824
5939	1776	3	13	8	0	1800
5940	63	3	10	1725	0	1801
5941	51	3	4	1746	0	1804
5942	17	6	1652	57	0	1732
5943	1553	2	29	36	0	1620
5944	29	1593	34	19	0	1675
5945	24	1500	10	11	0	1545
5946	10	1526	12	7	0	1555
5947	19	49	3	1446	0	1517
5948	1440	29	7	32	0	1508
5949	1441	9	7	28	0	1485
5950	44	8	1432	14	0	1498
5951	28	3	23	1432	0	1486
5952	16	5	21	1428	0	1470
5953	8	6	1426	41	0	1481
5954	7	6	1399	31	0	1443
5955	1382	3	43	19	0	1447
5956	32	1404	26	10	0	1472
5957	1430	22	14	6	0	1472
5958	1431	23	13	7	0	1474
5959	50	6	6	1415	0	1477
5960	28	8	4	1437	0	1477
5961	1387	1	7	46	0	1441
5962	30	4	7	1394	0	1435
5963	29	5	6	1403	0	1443
5964	1383	4	8	50	0	1445
5965	41	6	2	1395	0	1444
5966	1418	4	4	37	0	1463
5967	1414	4	6	38	0	1462
5968	53	5	1399	14	0	1471
5969	1416	4	25	17	0	1462
5970	1414	4	25	12	0	1455
5971	1401	2	11	15	0	1429
5972	54	4	1219	10	0	1287
5973	1344	4	18	11	0	1377
5974	37	1341	22	10	0	1410
5975	1373	18	13	11	0	1415
5976	1367	21	13	10	0	1411
5977	54	5	4	1350	0	1413
5978	35	8	5	1341	0	1389
5979	27	1334	9	41	0	1411
5980	17	21	7	1362	0	1407
5981	17	21	2	1376	0	1416
5982	1355	10	6	52	0	1423
5983	34	7	4	1333	0	1378
5984	36	1	4	1328	0	1369
5985	21	3	6	1311	0	1341
5986	17	1272	4	51	0	1344
5987	1273	20	5	38	0	1336
5988	29	1283	10	20	0	1342
5989	1189	19	6	17	0	1231
5990	36	23	1152	4	0	1215
5991	1077	7	20	10	0	1114
5992	27	9	1117	11	0	1164
5993	30	1068	22	12	0	1132
5994	961	14	51	7	0	1033
5995	938	15	13	5	0	971
5996	31	912	9	6	0	958
5997	23	904	3	6	0	936
5998	886	25	5	11	0	927
5999	885	16	3	10	0	914
6000	27	8	4	871	0	910
6001	24	7	5	905	0	941
6002	16	2	891	32	0	941
6003	865	2	7	25	0	899
6004	12	6	16	875	0	909
6005	18	885	9	17	0	929
6006	13	6	9	897	0	925
6007	16	16	0	890	0	922
6008	10	11	867	29	0	917
6009	10	7	10	882	0	909
6010	864	1	17	22	0	904
6011	14	857	5	25	0	901
6012	17	864	2	9	0	892
6013	865	22	2	7	0	896
6014	843	18	2	6	0	869
6015	858	9	1	5	0	873
6016	22	832	7	5	0	866
6017	19	712	3	5	0	739
6018	771	10	3	0	0	784
6019	763	11	3	0	0	777
6020	18	747	4	2	0	771
6021	2	603	0	0	0	605
6022	595	3	1	0	0	599
6023	2	3	2	581	0	588
6024	598	0	0	2	0	600
6025	4	1	0	579	0	584
6026	1	598	0	4	0	603
6027	0	614	2	2	0	618
6028	616	4	6	0	0	626
6029	613	1	0	0	0	614
6030	617	0	0	1	0	618
6031	8	631	0	0	0	639
6032	2	9	602	2	0	615
6033	0	612	7	1	0	620
6034	594	7	5	2	0	608
6035	567	4	1	4	0	576
6036	9	4	553	0	0	566
6037	1	550	7	1	0	559
6038	1	8	2	541	0	552
6039	0	2	1	515	0	518
6040	1	485	1	9	0	496
6041	1	7	503	3	0	514
6042	506	3	7	0	0	516
6043	7	1	2	531	0	541
6044	530	0	0	9	0	539
6045	546	0	0	2	0	548
6046	11	0	0	561	0	572
6047	3	1	0	604	0	608
6048	1	0	1	605	0	607
6049	2	1	0	614	0	617
6050	614	0	0	9	0	623
6051	627	0	0	2	0	629
6052	9	1	617	1	0	628
6053	3	1	7	616	0	627
6054	0	0	2	632	0	634
6055	1	0	0	634	0	635
6056	1	1	621	8	0	631
6057	0	0	8	605	0	613
6058	596	0	3	7	0	606
6059	7	1	0	604	0	612
6060	4	2	602	8	0	616
6061	2	0	6	602	0	610
6062	1	2	608	7	0	618
6063	600	1	7	4	0	612
6064	9	0	2	611	0	622
6065	604	0	1	10	0	615
6066	590	0	0	3	0	593
6067	10	0	0	585	0	595
6068	591	0	2	9	0	602
6069	9	0	0	563	0	572
6070	4	600	2	9	0	615
6071	610	8	0	2	0	620
6072	599	4	1	1	0	605
6073	605	1	0	2	0	608
6074	11	0	2	609	0	622
6075	4	1	0	614	0	619
6076	3	0	1	613	0	617
6077	1	2	594	11	0	608
6078	1	592	9	3	0	605
6079	3	8	3	581	0	595
6080	2	4	595	9	0	610
6081	577	0	7	4	0	588
6082	8	3	3	598	0	612
6083	3	1	604	8	0	616
6084	630	1	7	6	0	644
6085	8	0	3	641	0	652
6086	5	2	0	648	0	655
6087	3	1	2	655	0	661
6088	651	0	0	11	0	662
6089	643	1	1	8	0	653
6090	617	0	0	4	0	621
6091	10	603	1	5	0	619
6092	4	613	0	2	0	619
6093	608	11	2	0	0	621
6094	7	4	608	3	0	622
6095	5	0	7	598	0	610
6096	1	0	4	609	0	614
6097	603	0	1	13	0	617
6098	579	0	1	8	0	588
6099	10	593	3	3	0	609
6100	6	6	0	602	0	614
6101	3	4	582	10	0	599
6102	3	1	596	4	0	604
6103	1	0	12	605	0	618
6104	1	0	4	626	0	631
6105	605	0	0	13	0	618
6106	8	0	0	625	0	633
6107	635	1	2	8	0	646
6108	634	0	0	6	0	640
6109	15	1	635	1	0	652
6110	634	0	8	3	0	645
6111	649	0	5	4	0	658
6112	647	1	0	5	0	653
6113	11	659	4	1	0	675
6114	7	664	2	1	0	674
6115	3	13	0	653	0	669
6116	2	4	652	9	0	667
6117	2	626	8	5	0	641
6118	2	7	4	562	0	575
6119	2	3	2	556	0	563
6120	1	551	2	9	0	563
6121	547	5	0	6	0	558
6122	553	3	1	1	0	558
6123	12	0	590	1	0	603
6124	562	0	4	4	0	570
6125	6	1	578	2	0	587
6126	519	0	4	3	0	526
6127	5	0	545	2	0	552
6128	2	527	2	1	0	532
6129	2	1	2	509	0	514
6130	4	2	0	508	0	514
6131	505	0	2	2	0	509
6132	497	0	0	2	0	499
6133	495	0	0	3	0	498
6134	3	2	516	0	0	521
6135	4	1	0	514	0	519
6136	0	0	1	522	0	523
6137	520	0	1	3	0	524
6138	1	521	1	4	0	527
6139	527	0	1	2	0	530
6140	1	2	2	537	0	542
6141	2	1	0	561	0	564
6142	1	0	0	565	0	566
6143	0	1	1	569	0	571
6144	4	0	1	567	0	572
6145	2	548	2	3	0	555
6146	0	519	3	3	0	525
6147	1	483	0	0	0	484
6148	1	7	0	481	0	489
6149	0	3	481	2	0	486
6150	429	0	1	4	0	434
6151	3	483	1	0	0	487
6152	2	5	0	494	0	501
6153	1	1	0	503	0	505
6154	492	1	0	7	0	500
6155	492	1	0	1	0	494
6156	510	0	0	0	0	510
6157	3	0	1	541	0	545
6158	2	0	547	3	0	552
6159	0	2	599	2	0	603
6160	1	0	3	602	0	606
6161	1	2	609	3	0	615
6162	582	1	2	1	0	586
6163	2	0	1	605	0	608
6164	1	1	610	2	0	614
6165	0	0	4	602	0	606
6166	0	0	627	5	0	632
6167	0	2	662	2	0	666
6168	1	0	4	691	0	696
6169	0	1	750	4	0	755
6170	1	2	728	2	0	733
6171	1	676	5	1	0	683
6172	0	4	5	739	0	748
6173	756	3	1	7	0	767
6174	3	2	0	740	0	745
6175	2	0	0	784	0	786
6176	1	0	774	7	0	782
6177	671	2	3	4	0	680
6178	3	1	3	790	0	797
6179	3	0	2	803	0	808
6180	784	0	0	6	0	790
6181	4	0	0	798	0	802
6182	804	0	0	6	0	810
6183	807	1	1	5	0	814
6184	783	0	0	3	0	786
6185	5	785	1	2	0	793
6186	806	3	0	0	0	809
6187	5	797	1	1	0	804
6188	2	4	0	802	0	808
6189	809	3	0	4	0	816
6190	6	813	1	4	0	824
6191	811	5	0	1	0	817
6192	6	807	1	0	0	814
6193	784	6	0	0	0	790
6194	4	792	0	0	0	796
6195	3	817	0	1	0	821
6196	3	864	0	0	0	867
6197	2	9	0	834	0	845
6198	2	873	1	3	0	879
6199	0	7	0	867	0	874
6200	2	3	0	877	0	882
6201	1	4	0	875	0	880
6202	1	0	2	871	0	874
6203	859	2	0	11	0	872
6204	868	0	0	5	0	873
6205	8	4	867	2	0	881
6206	892	0	4	3	0	899
6207	908	1	3	2	0	914
6208	929	0	2	1	0	932
6209	14	0	926	2	0	942
6210	7	1	929	0	0	937
6211	895	1	10	2	0	908
6212	10	2	972	2	0	986
6213	6	997	12	2	0	1017
6214	3	8	5	1018	0	1034
6215	1047	5	2	7	0	1061
6216	1059	3	1	7	0	1070
6217	1080	0	1	2	0	1083
6218	18	0	1	1067	0	1086
6219	7	0	2	1091	0	1100
6220	3	2	1124	15	0	1144
6221	2	0	11	1117	0	1130
6222	1	0	7	1158	0	1166
6223	1108	0	4	15	0	1127
6224	12	1105	0	11	0	1128
6225	1122	8	1	6	0	1137
6226	12	6	2	1117	0	1137
6227	1112	1	2	11	0	1126
6228	1104	1	2	9	0	1116
6229	1063	0	3	4	0	1070
6230	19	1085	2	1	0	1107
6231	6	1105	1	3	0	1115
6232	4	15	1	1105	0	1125
6233	1121	10	1	10	0	1142
6234	12	3	1	1103	0	1119
6235	9	1	1	1116	0	1127
6236	6	0	1099	19	0	1124
6237	4	1	10	1107	0	1122
6238	5	1	8	1106	0	1120
6239	4	2	2	1112	0	1120
6240	2	2	1099	18	0	1121
6241	4	2	1066	11	0	1083
6242	3	1070	17	6	0	1096
6243	1080	8	8	4	0	1100
6244	11	6	2	1093	0	1112
6245	5	6	1133	11	0	1155
6246	5	0	9	1126	0	1140
6247	5	1	7	1208	0	1221
6248	1184	0	5	15	0	1204
6249	1193	3	0	10	0	1206
6250	15	1197	3	3	0	1218
6251	1182	10	0	3	0	1195
6252	1161	8	2	6	0	1177
6253	19	2	0	1168	0	1189
6254	12	5	1181	11	0	1209
6255	8	1189	11	9	0	1217
6256	1189	10	7	7	0	1213
6257	1194	8	4	3	0	1209
6258	13	1211	1	5	0	1230
6259	14	9	0	1195	0	1218
6260	1272	8	0	10	0	1290
6261	1280	2	3	10	0	1295
6262	21	3	2	1303	0	1329
6263	1313	2	3	22	0	1340
6264	1398	1	1	11	0	1411
6265	1443	1	0	4	0	1448
6266	30	2	1466	5	0	1503
6267	14	1451	24	3	0	1492
6268	4	1470	16	7	0	1497
6269	1415	34	1	5	0	1455
6270	23	1434	2	6	0	1465
6271	13	27	1432	4	0	1476
6272	4	11	24	1417	0	1456
6273	1442	2	13	30	0	1487
6274	27	3	1	1461	0	1492
6275	1466	0	1	27	0	1494
6276	1463	3	2	13	0	1481
6277	1481	0	1	5	0	1487
6278	38	1436	0	3	0	1477
6279	14	1509	3	3	0	1529
6280	1495	36	1	4	0	1536
6281	1498	14	2	2	0	1516
6282	1502	2	0	3	0	1507
6283	40	0	1	1457	0	1498
6284	1467	1	3	28	0	1499
6285	22	1426	2	17	0	1467
6286	16	1465	1	5	0	1487
6287	5	37	2	1439	0	1483
6288	4	15	1432	26	0	1477
6289	1	4	1438	14	0	1457
6290	4	4	36	1408	0	1452
6291	3	5	1435	27	0	1470
6292	6	3	22	1441	0	1472
6293	1465	4	13	26	0	1508
6294	29	2	1	1453	0	1485
6295	1447	1	1	32	0	1481
6296	25	1401	3	14	0	1443
6297	15	31	1417	4	0	1467
6298	8	12	23	1377	0	1420
6299	6	3	15	1459	0	1483
6300	4	7	1457	36	0	1504
6301	7	3	24	1407	0	1441
6302	5	1449	16	21	0	1491
6303	7	26	0	1473	0	1506
6304	8	14	3	1504	0	1529
6305	4	1	3	1547	0	1555
6306	6	3	1537	42	0	1588
6307	9	5	1495	15	0	1524
6308	1334	5	37	4	0	1380
6309	27	6	1462	4	0	1499
6310	16	1473	30	10	0	1529
6311	1490	24	13	4	0	1531
6312	26	1495	3	4	0	1528
6313	1460	26	2	5	0	1493
6314	1458	12	7	3	0	1480
6315	1442	2	1	5	0	1450
6316	1434	0	1	5	0	1440
6317	34	1384	2	2	0	1422
6318	14	1420	0	8	0	1442
6319	1405	34	3	2	0	1444
6320	23	14	1368	5	0	1410
6321	12	8	25	1342	0	1387
6322	5	2	12	1408	0	1427
6323	4	3	1395	34	0	1436
6324	1293	3	27	16	0	1339
6325	1431	3	9	6	0	1449
6326	1428	2	1	5	0	1436
6327	35	1396	2	6	0	1439
6328	1467	25	3	3	0	1498
6329	32	11	2	1407	0	1452
6330	16	1543	6	21	0	1586
6331	1549	26	4	15	0	1594
6332	1580	15	4	7	0	1606
6333	1694	7	6	7	0	1714
6334	52	3	1	1656	0	1712
6335	21	6	1	1670	0	1698
6336	11	1653	8	44	0	1716
6337	8	28	1663	21	0	1720
6338	8	17	28	1666	0	1719
6339	8	5	19	1684	0	1716
6340	8	6	3	1758	0	1775
6341	13	5	1705	45	0	1768
6342	1650	1	33	23	0	1707
6343	33	8	16	1739	0	1796
6344	24	5	1727	35	0	1791
6345	8	6	34	1715	0	1763
6346	1737	7	18	35	0	1797
6347	42	1734	5	21	0	1802
6348	25	33	3	1770	0	1831
6349	10	22	1778	35	0	1845
6350	1677	8	37	23	0	1745
6351	1774	6	19	10	0	1809
6352	55	8	1756	7	0	1826
6353	26	10	38	1594	0	1668
6354	9	1717	22	31	0	1779
6355	1724	31	8	23	0	1786
6356	34	21	1692	9	0	1756
6357	1650	4	38	12	0	1704
6358	44	3	1683	10	0	1740
6359	32	4	1614	9	0	1659
6360	1505	4	45	6	0	1560
6361	30	1569	21	9	0	1629
6362	27	24	1538	10	0	1599
6363	9	1536	26	8	0	1579
6364	7	21	1463	24	0	1515
6365	8	1451	27	7	0	1493
6366	1371	32	22	8	0	1433
6367	16	9	1350	5	0	1380
6368	13	4	1372	7	0	1396
6369	7	11	1344	4	0	1366
6370	1266	7	27	7	0	1307
6371	1308	1	13	9	0	1331
6372	21	2	8	1256	0	1287
6373	12	5	1284	19	0	1320
6374	8	3	1293	8	0	1312
6375	1236	3	25	6	0	1270
6376	17	1	13	1285	0	1316
6377	1271	3	10	16	0	1300
6378	1294	0	4	13	0	1311
6379	28	4	1	1193	0	1226
6380	13	1221	9	14	0	1257
6381	7	14	4	1235	0	1260
6382	5	11	4	1246	0	1266
6383	9	6	1225	21	0	1261
6384	1	1204	20	18	0	1243
6385	8	1234	14	6	0	1262
6386	3	25	9	1189	0	1226
6387	5	11	1220	11	0	1247
6388	3	1213	20	15	0	1251
6389	5	16	1245	7	0	1273
6390	1208	10	22	3	0	1243
6391	1252	7	13	2	0	1274
6392	23	1	1230	5	0	1259
6393	1217	5	19	5	0	1246
6394	23	1	14	1213	0	1251
6395	10	1311	11	17	0	1349
6396	17	15	4	1303	0	1339
6397	1263	11	6	23	0	1303
6398	1290	4	6	14	0	1314
6399	1292	3	9	4	0	1308
6400	1265	1	6	6	0	1278
6401	30	1247	11	4	0	1292
6402	13	1273	9	3	0	1298
6403	1269	22	5	3	0	1299
6404	20	18	1253	6	0	1297
6405	18	34	14	1238	0	1304
6406	7	1320	16	14	0	1357
6407	10	14	5	1260	0	1289
6408	6	1346	11	15	0	1378
6409	6	17	7	1345	0	1375
6410	12	12	1319	16	0	1359
6411	1270	8	18	13	0	1309
6412	1344	3	16	9	0	1372
6413	22	11	1338	3	0	1374
6414	1302	2	20	6	0	1330
6415	1339	4	15	5	0	1363
6416	27	6	1320	4	0	1357
6417	15	3	22	1285	0	1325
6418	1319	6	13	19	0	1357
6419	20	1	1331	12	0	1364
6420	16	8	16	1280	0	1320
6421	14	6	1331	18	0	1369
6422	4	2	1304	14	0	1324
6423	1240	1	27	5	0	1273
6424	1311	4	17	8	0	1340
6425	1340	3	8	2	0	1353
6426	1371	3	3	9	0	1386
6427	31	5	3	1305	0	1344
6428	18	1273	9	15	0	1315
6429	6	1319	2	13	0	1340
6430	9	23	4	1217	0	1253
6431	1216	11	9	14	0	1250
6432	17	1200	7	10	0	1234
6433	7	1138	8	4	0	1157
6434	1134	15	1	3	0	1153
6435	15	8	2	1122	0	1147
6436	1127	4	1	19	0	1151
6437	15	1132	5	6	0	1158
6438	1127	12	4	6	0	1149
6439	18	7	1199	4	0	1228
6440	1364	4	14	4	0	1386
6441	1400	0	5	1	0	1406
6442	1420	0	5	3	0	1428
6443	30	4	1235	2	0	1271
6444	1358	6	12	2	0	1378
6445	19	1354	7	6	0	1386
6446	11	15	1330	2	0	1358
6447	13	16	25	1233	0	1287
6448	3	1	7	1222	0	1233
6449	2	1259	5	30	0	1296
6450	3	12	2	1271	0	1288
6451	4	7	0	1288	0	1299
6452	5	2	1251	19	0	1277
6453	1131	0	15	10	0	1156
6454	14	1	1266	2	0	1283
6455	8	1	14	1230	0	1253
6456	1	1	1276	14	0	1292
6457	4	1	12	1269	0	1286
6458	1330	0	9	14	0	1353
6459	1358	0	6	11	0	1375
6460	21	0	4	1365	0	1390
6461	9	0	1429	15	0	1453
6462	5	2	15	1406	0	1428
6463	5	0	1434	14	0	1453
6464	1333	1	19	12	0	1365
6465	1406	2	11	2	0	1421
6466	1382	1	3	3	0	1389
6467	1369	4	1	3	0	1377
6468	23	1341	4	2	0	1370
6469	12	15	3	1332	0	1362
6470	1303	12	4	18	0	1337
6471	18	1325	5	14	0	1362
6472	12	1360	2	4	0	1378
6473	9	25	1275	6	0	1315
6474	1292	10	16	4	0	1322
6475	1328	2	14	4	0	1348
6476	27	5	1313	4	0	1349
6477	18	3	21	1261	0	1303
6478	13	2	14	1316	0	1345
6479	7	6	1313	26	0	1352
6480	9	0	19	1290	0	1318
6481	1300	2	14	16	0	1332
6482	21	2	1304	11	0	1338
6483	17	2	1327	4	0	1350
6484	1279	2	25	6	0	1312
6485	19	2	1330	5	0	1356
6486	1293	3	21	5	0	1322
6487	22	1306	14	8	0	1350
6488	1337	19	3	3	0	1362
6489	22	16	3	1300	0	1341
6490	21	4	1	1323	0	1349
6491	1305	4	3	28	0	1340
6492	21	9	3	1314	0	1347
6493	1319	9	2	17	0	1347
6494	20	1319	3	17	0	1359
6495	17	17	4	1262	0	1300
6496	6	15	2	1286	0	1309
6497	1241	6	1	25	0	1273
6498	1266	5	2	11	0	1284
6499	1251	2	5	10	0	1268
6500	31	1230	7	5	0	1273
6501	20	1231	6	6	0	1263
6502	1219	21	11	4	0	1255
6503	24	11	1190	4	0	1229
6504	21	1182	18	1	0	1222
6505	1053	20	22	12	0	1107
6506	1026	8	9	2	0	1045
6507	1012	3	5	4	0	1024
6508	20	2	2	980	0	1004
6509	999	3	1	13	0	1016
6510	969	2	5	9	0	985
6511	24	1	1	931	0	957
6512	951	3	3	16	0	973
6513	18	1	921	8	0	948
6514	11	0	14	940	0	965
6515	5	1	7	953	0	966
6516	6	3	3	950	0	962
6517	939	1	3	24	0	967
6518	965	0	1	14	0	980
6519	979	1	4	4	0	988
6520	974	0	3	6	0	983
6521	945	0	6	5	0	956
6522	25	0	1	902	0	928
6523	12	1	5	938	0	956
6524	904	1	2	20	0	927
6525	18	884	2	7	0	911
6526	885	11	1	2	0	899
6527	11	8	848	2	0	869
6528	909	0	13	0	0	922
6529	952	3	8	3	0	966
6530	23	2	1040	0	0	1065
6531	1092	1	10	1	0	1104
6532	20	4	1116	0	0	1140
6533	11	2	1150	2	0	1165
6534	6	0	24	1152	0	1182
6535	5	0	12	1226	0	1243
6536	1	0	1233	29	0	1263
6537	6	0	1233	14	0	1253
6538	0	1197	23	6	0	1226
6539	1	1156	18	2	0	1177
6540	940	18	14	3	0	975
6541	11	1015	3	3	0	1032
6542	985	12	0	1	0	998
6543	16	977	3	0	0	996
6544	969	16	1	0	0	986
6545	15	10	947	0	0	972
6546	952	3	12	0	0	967
6547	16	0	6	946	0	968
6548	6	973	2	14	0	995
6549	8	13	0	962	0	983
6550	965	7	1	14	0	987
6551	982	1	0	5	0	988
6552	21	5	1	958	0	985
6553	10	0	962	13	0	985
6554	3	0	963	9	0	975
6555	1	962	20	2	0	985
6556	3	13	8	948	0	972
6557	1	6	935	11	0	953
6558	1	855	12	5	0	873
6559	9	14	5	849	0	877
6560	0	4	3	860	0	867
6561	792	2	1	15	0	810
6562	12	1	0	799	0	812
6563	5	0	780	14	0	799
6564	4	0	13	767	0	784
6565	740	1	4	14	0	759
6566	13	3	766	5	0	787
6567	750	0	12	3	0	765
6568	16	777	4	0	0	797
6569	806	12	1	1	0	820
6570	818	4	2	0	0	824
6571	17	2	0	765	0	784
6572	8	0	0	801	0	809
6573	2	783	3	16	0	804
6574	1	12	1	813	0	827
6575	771	6	0	14	0	791
6576	13	3	795	4	0	815
6577	9	0	11	786	0	806
6578	2	781	4	12	0	799
6579	2	11	2	802	0	817
6580	3	6	0	811	0	820
6581	765	2	2	17	0	786
6582	15	783	3	5	0	806
6583	6	11	3	784	0	804
6584	775	4	1	16	0	796
6585	11	6	2	789	0	808
6586	4	0	2	805	0	811
6587	770	1	1	21	0	793
6588	798	1	1	7	0	807
6589	19	4	784	4	0	811
6590	759	2	15	1	0	777
6591	803	1	6	1	0	811
6592	809	6	2	2	0	819
6593	21	757	1	2	0	781
6594	6	757	4	0	0	767
6595	8	19	0	742	0	769
6596	742	8	2	12	0	764
6597	762	2	0	6	0	770
6598	19	1	1	736	0	757
6599	10	1	744	15	0	770
6600	733	1	12	7	0	753
6601	773	2	4	5	0	784
6602	18	0	5	736	0	759
6603	11	0	3	771	0	785
6604	760	1	1	16	0	778
6605	13	3	1	748	0	765
6606	6	756	2	14	0	778
6607	6	13	1	777	0	797
6608	760	5	1	16	0	782
6609	12	4	767	8	0	791
6610	725	2	15	4	0	746
6611	16	1	765	4	0	786
6612	7	0	15	755	0	777
6613	767	1	6	16	0	790
6614	15	0	4	764	0	783
6615	6	3	1	773	0	783
6616	741	1	3	17	0	762
6617	13	2	734	11	0	760
6618	9	1	773	2	0	785
6619	3	3	18	751	0	775
6620	3	0	7	779	0	789
6621	2	1	2	781	0	786
6622	2	1	757	21	0	781
6623	733	0	12	11	0	756
6624	781	0	5	3	0	789
6625	779	1	4	4	0	788
6626	783	1	2	2	0	788
6627	19	757	0	2	0	778
6628	7	725	0	8	0	740
6629	2	701	2	1	0	706
6630	1	33	0	524	0	558
6631	2	6	0	540	0	548
6632	2	0	497	11	0	510
6633	1	429	10	1	0	441
6634	0	5	1	367	0	373
6635	359	0	1	5	0	365
6636	1	353	2	2	0	358
6637	1	4	0	343	0	348
6638	1	355	1	3	0	360
6639	362	4	0	2	0	368
6640	5	0	0	364	0	369
6641	1	0	359	5	0	365
6642	0	1	359	0	0	360
6643	0	0	1	355	0	356
6644	0	1	0	359	0	360
6645	0	0	0	371	0	371
6646	369	0	0	2	0	371
6647	1	1	370	2	0	374
6648	2	357	1	0	0	360
6649	0	1	3	370	0	374
6650	0	2	373	1	0	376
6651	0	372	1	7	0	380
6652	0	1	2	380	0	383
6653	0	2	382	1	0	385
6654	1	0	1	373	0	375
6655	1	0	3	386	0	390
6656	396	0	0	3	0	399
6657	399	0	0	2	0	401
6658	3	0	0	400	0	403
6659	398	0	0	1	0	399
6660	1	0	410	2	0	413
6661	2	0	1	412	0	415
6662	0	0	422	2	0	424
6663	0	0	1	428	0	429
6664	0	429	3	1	0	433
6665	0	442	2	1	0	445
6666	1	446	0	1	0	448
6667	0	5	0	423	0	428
6668	1	2	0	496	0	499
6669	1	0	500	5	0	506
6670	0	1	506	3	0	510
6671	0	2	516	1	0	519
6672	522	0	7	0	0	529
6673	4	2	3	555	0	564
6674	583	0	0	4	0	587
6675	3	629	2	4	0	638
6676	4	3	1	640	0	648
6677	664	6	1	5	0	676
6678	5	0	1	678	0	684
6679	686	0	0	4	0	690
6680	5	1	693	11	0	710
6681	8	708	4	3	0	723
6682	0	5	7	710	0	722
6683	715	7	0	7	0	729
6684	715	1	3	7	0	726
6685	11	1	0	711	0	723
6686	8	2	0	715	0	725
6687	710	1	1	13	0	725
6688	4	3	0	708	0	715
6689	7	0	702	6	0	715
6690	1	699	5	9	0	714
6691	1	4	9	699	0	713
6692	686	7	1	5	0	699
6693	689	0	1	10	0	700
6694	14	0	717	0	0	731
6695	7	708	5	2	0	722
6696	2	723	8	1	0	734
6697	1	13	0	736	0	750
6698	2	6	0	751	0	759
6699	3	1	0	731	0	735
6700	2	0	1	727	0	730
6701	2	722	1	12	0	737
6702	0	7	1	726	0	734
6703	2	10	0	731	0	743
6704	730	0	4	16	0	750
6705	722	1	0	10	0	733
6706	14	737	0	4	0	755
6707	747	7	1	3	0	758
6708	734	8	0	4	0	746
6709	741	0	1	3	0	745
6710	14	1	718	4	0	737
6711	10	0	8	712	0	730
6712	2	1	8	735	0	746
6713	1	1	721	15	0	738
6714	4	2	8	722	0	736
6715	2	1	7	712	0	722
6716	718	1	2	13	0	734
6717	9	2	718	8	0	737
6718	7	1	7	694	0	709
6719	688	0	6	10	0	704
6720	7	692	2	9	0	710
6721	698	7	0	4	0	709
6722	689	6	1	5	0	701
6723	13	688	0	3	0	704
6724	9	6	1	679	0	695
6725	678	7	0	9	0	694
6726	9	679	1	7	0	696
6727	10	7	1	683	0	701
6728	667	9	1	8	0	685
6729	669	1	0	8	0	678
6730	14	664	1	3	0	682
6731	671	5	1	5	0	682
6732	9	8	1	677	0	695
6733	679	2	1	12	0	694
6734	7	2	670	10	0	689
6735	9	2	8	679	0	698
6736	3	1	8	676	0	688
6737	669	2	4	14	0	689
6738	9	660	1	10	0	680
6739	635	7	5	4	0	651
6740	9	634	2	1	0	646
6741	10	6	604	3	0	623
6742	7	8	602	4	0	621
6743	5	11	12	595	0	623
6744	1	1	600	10	0	612
6745	5	5	7	595	0	612
6746	2	2	5	591	0	600
6747	6	2	0	599	0	607
6748	596	0	2	15	0	613
6749	591	2	1	7	0	601
6750	617	2	5	5	0	629
6751	14	629	1	2	0	646
6752	9	668	1	6	0	684
6753	8	11	725	3	0	747
6754	3	7	9	727	0	746
6755	5	4	730	13	0	752
6756	3	1	10	726	0	740
6757	7	0	7	730	0	744
6758	1	4	5	734	0	744
6759	1	6	703	20	0	730
6760	3	5	9	711	0	728
6761	704	0	7	16	0	727
6762	12	697	6	8	0	723
6763	10	9	1	703	0	723
6764	702	7	1	10	0	720
6765	694	4	1	9	0	708
6766	16	3	2	684	0	705
6767	10	0	1	684	0	695
6768	612	0	1	16	0	629
6769	9	0	0	613	0	622
6770	583	1	1	13	0	598
6771	9	3	0	575	0	587
6772	8	0	541	8	0	557
6773	2	511	6	6	0	525
6774	1	515	6	2	0	524
6775	2	11	4	445	0	462
6776	9	5	1	438	0	453
6777	421	3	0	7	0	431
6778	5	1	0	427	0	433
6779	2	0	0	414	0	416
6780	2	0	0	382	0	384
6781	1	372	0	8	0	381
6782	0	5	0	384	0	389
6783	1	1	0	386	0	388
6784	0	2	0	388	0	390
6785	372	1	0	10	0	383
6786	7	382	0	3	0	392
6787	1	5	1	384	0	391
6788	2	1	0	387	0	390
6789	1	2	0	388	0	391
6790	377	1	0	8	0	386
6791	6	1	0	382	0	389
6792	2	0	0	385	0	387
6793	2	1	362	9	0	374
6794	2	352	6	3	0	363
6795	0	5	3	348	0	356
6796	340	1	2	8	0	351
6797	5	344	2	2	0	353
6798	326	6	0	3	0	335
6799	329	1	1	2	0	333
6800	7	2	1	325	0	335
6801	4	2	0	328	0	334
6802	4	0	340	5	0	349
6803	2	0	5	341	0	348
6804	1	1	334	10	0	346
6805	1	1	7	332	0	341
6806	309	0	4	7	0	320
6807	5	319	2	9	0	335
6808	2	6	1	339	0	348
6809	3	2	1	345	0	351
6810	3	2	0	344	0	349
6811	3	1	1	346	0	351
6812	335	1	1	10	0	347
6813	4	339	0	8	0	351
6814	3	4	2	354	0	363
6815	351	2	1	9	0	363
6816	6	2	352	5	0	365
6817	350	1	4	5	0	360
6818	359	1	3	3	0	366
6819	6	0	358	3	0	367
6820	5	2	6	360	0	373
6821	364	2	1	6	0	373
6822	6	368	2	6	0	382
6823	371	5	2	5	0	383
6824	374	1	0	4	0	379
6825	381	2	0	4	0	387
6826	7	2	0	378	0	387
6827	6	2	0	389	0	397
6828	3	432	1	7	0	443
6829	2	4	0	439	0	445
6830	436	3	0	11	0	450
6831	6	2	453	6	0	467
6832	425	3	4	3	0	435
6833	450	2	2	2	0	456
6834	7	0	2	438	0	447
6835	4	0	1	448	0	453
6836	450	0	0	8	0	458
6837	447	1	0	6	0	454
6838	411	0	0	7	0	418
6839	9	0	439	3	0	451
6840	5	449	5	1	0	460
6841	437	4	2	2	0	445
6842	5	3	2	440	0	450
6843	3	443	1	6	0	453
6844	3	5	0	458	0	466
6845	458	3	0	7	0	468
6846	7	3	0	460	0	470
6847	2	1	455	10	0	468
6848	2	448	5	5	0	460
6849	2	454	3	3	0	462
6850	0	5	422	3	0	430
6851	364	6	9	4	0	383
6852	2	370	3	3	0	378
6853	3	1	1	301	0	306
6854	299	2	0	1	0	302
6855	2	308	1	1	0	312
6856	3	1	1	306	0	311
6857	307	1	0	3	0	311
6858	2	0	0	310	0	312
6859	306	1	0	4	0	311
6860	3	1	319	1	0	324
6861	3	329	0	1	0	333
6862	330	1	1	1	0	333
6863	320	1	1	1	0	323
6864	319	1	0	0	0	320
6865	4	2	310	0	0	316
6866	305	0	0	2	0	307
6867	320	1	1	1	0	323
6868	2	0	1	320	0	323
6869	318	0	0	1	0	319
6870	3	312	1	2	0	318
6871	2	1	2	316	0	321
6872	0	3	318	2	0	323
6873	2	1	1	307	0	311
6874	1	0	2	317	0	320
6875	314	1	0	3	0	318
6876	311	1	0	3	0	315
6877	3	1	309	0	0	313
6878	308	0	1	2	0	311
6879	1	2	319	0	0	322
6880	1	1	1	318	0	321
6881	1	1	319	2	0	323
6882	2	0	2	307	0	311
6883	2	314	1	2	0	319
6884	0	4	315	2	0	321
6885	0	4	335	1	0	340
6886	3	1	4	297	0	305
6887	332	1	2	2	0	337
6888	340	0	0	3	0	343
6889	340	1	0	0	0	341
6890	4	0	0	338	0	342
6891	4	0	0	337	0	341
6892	0	1	1	342	0	344
6893	0	1	0	336	0	337
6894	2	1	332	3	0	338
6895	1	0	2	320	0	323
6896	2	329	2	1	0	334
6897	1	2	2	332	0	337
6898	334	2	0	3	0	339
6899	5	0	347	1	0	353
6900	320	0	2	1	0	323
6901	4	0	359	0	0	363
6902	2	2	348	0	0	352
6903	1	346	5	2	0	354
6904	1	2	2	323	0	328
6905	1	1	1	342	0	345
6906	2	326	1	6	0	335
6907	383	3	0	2	0	388
6908	3	4	1	411	0	419
6909	1	0	2	456	0	459
6910	1	0	0	475	0	476
6911	522	0	0	6	0	528
6912	573	0	0	3	0	576
6913	10	0	0	574	0	584
6914	2	0	1	567	0	570
6915	552	0	0	7	0	559
6916	5	0	1	559	0	565
6917	1	0	0	564	0	565
6918	1	0	2	564	0	567
6919	0	1	552	7	0	560
6920	512	1	5	4	0	522
6921	542	0	1	2	0	545
6922	8	2	525	0	0	535
6923	2	0	6	473	0	481
6924	2	527	1	6	0	536
6925	523	5	2	1	0	531
6926	5	524	3	2	0	534
6927	0	487	1	2	0	490
6928	3	4	0	450	0	457
6929	462	1	1	5	0	469
6930	474	1	0	0	0	475
6931	6	0	0	469	0	475
6932	1	0	0	471	0	472
6933	2	0	0	469	0	471
6934	3	1	0	462	0	466
6935	2	0	0	452	0	454
6936	0	456	0	7	0	463
6937	2	5	0	461	0	468
6938	453	0	1	7	0	461
6939	462	1	0	1	0	464
6940	460	0	0	3	0	463
6941	5	448	2	2	0	457
6942	3	4	1	442	0	450
6943	3	1	449	6	0	459
6944	431	0	5	1	0	437
6945	5	1	1	423	0	430
6946	419	3	1	6	0	429
6947	420	0	0	2	0	422
6948	419	1	0	2	0	422
6949	8	2	0	412	0	422
6950	412	1	0	7	0	420
6951	7	1	0	411	0	419
6952	3	1	1	422	0	427
6953	420	0	1	6	0	427
6954	6	0	0	425	0	431
6955	409	1	1	11	0	422
6956	417	0	0	7	0	424
6957	9	1	1	410	0	421
6958	8	2	0	412	0	422
6959	5	1	1	418	0	425
6960	2	2	388	11	0	403
6961	4	1	386	5	0	396
6962	2	0	5	398	0	405
6963	5	1	2	396	0	404
6964	2	0	2	410	0	414
6965	3	1	4	396	0	404
6966	6	0	2	404	0	412
6967	403	0	1	8	0	412
6968	5	396	3	6	0	410
6969	5	5	0	403	0	413
6970	410	4	1	6	0	421
6971	8	3	2	406	0	419
6972	5	2	0	411	0	418
6973	406	3	0	7	0	416
6974	401	1	1	9	0	412
6975	9	0	399	7	0	415
6976	6	1	5	406	0	418
6977	7	2	407	10	0	426
6978	2	2	5	418	0	427
6979	2	1	2	410	0	415
6980	3	1	2	414	0	420
6981	3	0	404	14	0	421
6982	3	405	6	6	0	420
6983	3	418	2	7	0	430
6984	5	3	3	406	0	417
6985	408	2	1	7	0	418
6986	9	0	394	5	0	408
6987	0	3	417	5	0	425
6988	4	1	3	408	0	416
6989	4	0	5	404	0	413
6990	6	418	2	7	0	433
6991	3	4	1	418	0	426
6992	7	1	0	428	0	436
6993	5	3	1	434	0	443
6994	434	0	2	9	0	445
6995	427	0	1	9	0	437
6996	9	0	3	433	0	445
6997	4	438	2	8	0	452
6998	2	3	1	435	0	441
6999	421	1	1	8	0	431
7000	6	440	2	5	0	453
7001	6	4	0	410	0	420
7002	5	410	1	12	0	428
7003	415	4	1	9	0	429
7004	395	1	1	5	0	402
7005	6	405	2	3	0	416
7006	3	405	3	5	0	416
7007	4	5	381	4	0	394
7008	2	346	5	3	0	356
7009	1	3	9	293	0	306
7010	0	3	298	4	0	305
7011	0	241	1	2	0	244
7012	0	0	1	186	0	187
7013	0	1	0	190	0	191
7014	0	0	0	193	0	193
7015	188	0	0	1	0	189
7016	0	0	187	1	0	188
7017	4	0	177	0	0	181
7018	0	0	1	181	0	182
7019	0	1	199	1	0	201
7020	0	0	0	203	0	203
7021	0	0	1	195	0	196
7022	0	0	0	214	0	214
7023	0	0	0	213	0	213
7024	209	0	0	0	0	209
7025	213	0	0	1	0	214
7026	1	0	0	214	0	215
7027	1	0	229	0	0	230
7028	0	0	0	221	0	221
7029	0	222	1	0	0	223
7030	0	0	0	223	0	223
7031	223	1	0	0	0	224
7032	225	0	0	1	0	226
7033	2	0	0	225	0	227
7034	1	0	0	231	0	232
7035	0	0	0	225	0	225
7036	218	0	0	1	0	219
7037	0	1	228	1	0	230
7038	1	0	226	0	0	227
7039	0	224	1	0	0	225
7040	229	0	1	0	0	230
7041	0	3	0	233	0	236
7042	1	0	257	1	0	259
7043	0	259	0	1	0	260
7044	2	263	1	0	0	266
7045	0	1	0	265	0	266
7046	0	3	0	282	0	285
7047	1	282	0	0	0	283
7048	0	0	0	294	0	294
7049	0	2	0	290	0	292
7050	286	0	0	1	0	287
7051	0	291	0	1	0	292
7052	1	0	0	288	0	289
7053	0	1	286	0	0	287
7054	0	0	1	285	0	286
7055	285	0	1	0	0	286
7056	0	287	0	1	0	288
7057	1	0	0	294	0	295
7058	1	1	291	0	0	293
7059	0	0	290	1	0	291
7060	0	0	1	301	0	302
7061	0	0	1	313	0	314
7062	316	0	0	1	0	317
7063	0	315	1	0	0	316
7064	337	0	0	0	0	337
7065	0	2	338	0	0	340
7066	318	0	1	0	0	319
7067	0	0	347	0	0	347
7068	317	0	0	0	0	317
7069	338	0	1	0	0	339
7070	1	1	388	0	0	390
7071	1	0	383	0	0	384
7072	0	374	2	0	0	376
7073	1	0	1	396	0	398
7074	417	2	0	0	0	419
7075	0	0	0	424	0	424
7076	2	0	0	422	0	424
7077	0	0	0	428	0	428
7078	0	0	430	1	0	431
7079	359	1	0	1	0	361
7080	419	0	1	0	0	420
7081	1	429	1	0	0	431
7082	1	0	0	419	0	420
7083	0	427	0	0	0	427
7084	1	0	0	425	0	426
7085	421	1	1	0	0	423
7086	1	428	0	1	0	430
7087	0	0	0	412	0	412
7088	404	0	0	0	0	404
7089	407	0	0	0	0	407
7090	0	0	0	415	0	415
7091	1	1	428	0	0	430
7092	1	3	1	407	0	412
7093	1	429	0	0	0	430
7094	420	1	0	0	0	421
7095	1	434	1	0	0	436
7096	2	1	1	432	0	436
7097	427	1	0	0	0	428
7098	2	0	0	454	0	456
7099	4	0	0	459	0	463
7100	0	0	468	1	0	469
7101	0	458	0	1	0	459
7102	451	0	0	1	0	452
7103	441	0	1	1	0	443
7104	1	462	0	1	0	464
7105	1	492	0	0	0	493
7106	3	1	0	485	0	489
7107	473	0	0	1	0	474
7108	0	481	0	1	0	482
7109	2	0	0	490	0	492
7110	1	0	486	0	0	487
7111	0	1	0	478	0	479
7112	502	0	0	1	0	503
7113	1	499	0	1	0	501
7114	2	0	0	510	0	512
7115	0	0	498	1	0	499
7116	0	0	500	0	0	500
7117	0	0	0	513	0	513
7118	0	1	0	521	0	522
7119	1	501	1	0	0	503
7120	0	1	0	495	0	496
7121	516	0	0	1	0	517
7122	1	0	0	514	0	515
7123	515	0	0	2	0	517
7124	0	528	0	1	0	529
7125	0	543	1	0	0	544
7126	0	1	0	553	0	554
7127	2	0	0	536	0	538
7128	1	1	545	0	0	547
7129	0	1	0	525	0	526
7130	528	2	0	0	0	530
7131	0	0	539	1	0	540
7132	2	0	0	543	0	545
7133	1	1	574	0	0	576
7134	1	0	0	564	0	565
7135	0	0	1	565	0	566
7136	1	0	0	573	0	574
7137	2	0	574	0	0	576
7138	0	2	1	554	0	557
7139	0	573	2	2	0	577
7140	0	1	1	572	0	574
7141	0	0	1	584	0	585
7142	556	0	0	1	0	557
7143	0	0	542	2	0	544
7144	0	1	0	540	0	541
7145	0	0	556	2	0	558
7146	1	0	535	0	0	536
7147	2	0	0	553	0	555
7148	3	0	0	548	0	551
7149	1	2	0	575	0	578
7150	567	1	0	1	0	569
7151	1	1	582	2	0	586
7152	609	0	0	2	0	611
7153	1	0	1	641	0	643
7154	2	1	0	642	0	645
7155	1	665	0	2	0	668
7156	1	0	1	672	0	674
7157	1	0	0	667	0	668
7158	1	0	1	671	0	673
7159	624	0	0	2	0	626
7160	0	0	648	2	0	650
7161	547	0	1	2	0	550
7162	0	649	1	0	0	650
7163	636	0	0	1	0	637
7164	0	630	0	2	0	632
7165	0	633	2	6	0	641
7166	1	0	0	646	0	647
7167	650	0	0	0	0	650
7168	0	0	1	654	0	655
7169	0	654	1	0	0	655
7170	0	652	0	0	0	652
7171	0	0	0	653	0	653
7172	0	0	0	654	0	654
7173	0	666	1	0	0	667
7174	0	0	0	654	0	654
7175	1	0	0	652	0	653
7176	1	0	0	650	0	651
7177	630	0	0	0	0	630
7178	1	1	648	0	0	650
7179	628	0	0	3	0	631
7180	686	0	1	2	0	689
7181	693	0	0	1	0	694
7182	0	701	0	0	0	701
7183	0	1	0	703	0	704
7184	707	0	0	1	0	708
7185	0	0	0	720	0	720
7186	715	0	0	0	0	715
7187	0	761	1	0	0	762
7188	774	0	0	4	0	778
7189	785	0	0	1	0	786
7190	779	0	0	1	0	780
7191	0	0	0	774	0	774
7192	0	0	0	803	0	803
7193	809	0	1	0	0	810
7194	0	823	0	1	0	824
7195	0	810	0	0	0	810
7196	830	0	0	3	0	833
7197	0	0	0	825	0	825
7198	1	0	0	817	0	818
7199	1	0	1	830	0	832
7200	0	817	0	2	0	819
7201	821	0	1	0	0	822
7202	0	0	1	834	0	835
7203	1	847	0	1	0	849
7204	1	0	0	864	0	865
7205	0	0	0	859	0	859
7206	1	0	0	859	0	860
7207	1	0	1	854	0	856
7208	839	0	0	1	0	840
7209	834	0	0	1	0	835
7210	853	0	1	2	0	856
7211	0	1	0	856	0	857
7212	1	0	831	2	0	834
7213	1	1	804	1	0	807
7214	0	1	834	2	0	837
7215	853	1	0	2	0	856
7216	7	0	0	870	0	877
7217	1	0	0	872	0	873
7218	0	1	0	880	0	881
7219	876	0	0	2	0	878
7220	867	1	0	0	0	868
7221	0	880	0	0	0	880
7222	1	0	0	887	0	888
7223	1	1	873	1	0	876
7224	0	891	1	2	0	894
7225	0	1	0	873	0	874
7226	0	1	0	870	0	871
7227	1	0	1	871	0	873
7228	2	2	0	859	0	863
7229	1	0	849	0	0	850
7230	2	1	815	2	0	820
7231	0	863	2	2	0	867
7232	1	1	0	866	0	868
7233	0	0	1	835	0	836
7234	807	0	1	2	0	810
7235	1	1	851	0	0	853
7236	0	0	0	845	0	845
7237	2	0	0	865	0	867
7238	0	1	884	2	0	887
7239	2	888	1	0	0	891
7240	892	0	1	0	0	893
7241	0	2	886	0	0	888
7242	848	0	0	2	0	850
7243	0	2	954	0	0	956
7244	0	1	0	952	0	953
7245	1	2	973	1	0	977
7246	0	2	984	1	0	987
7247	0	0	0	966	0	966
7248	4	3	3	846	0	856
7249	0	0	2	982	0	984
7250	0	0	1	979	0	980
7251	0	1	1	970	0	972
7252	1	3	917	1	0	922
7253	0	2	891	2	0	895
7254	1	939	1	0	0	941
7255	917	0	1	1	0	919
7256	0	1	0	926	0	927
7257	922	0	0	3	0	925
7258	0	0	1	921	0	922
7259	953	1	0	4	0	958
7260	3	0	0	958	0	961
7261	1	0	1	960	0	962
7262	1	975	2	1	0	979
7263	0	0	1	986	0	987
7264	1	1	0	971	0	973
7265	0	0	1	961	0	962
7266	0	0	0	945	0	945
7267	0	938	2	2	0	942
7268	936	0	0	4	0	940
7269	0	939	0	1	0	940
7270	1	0	0	904	0	905
7271	887	1	1	2	0	891
7272	1	3	886	1	0	891
7273	1	1	869	0	0	871
7274	0	1	2	840	0	843
7275	3	0	1	884	0	888
7276	0	0	1	880	0	881
7277	2	3	1	855	0	861
7278	0	0	1	858	0	859
7279	0	829	1	2	0	832
7280	1	0	1	838	0	840
7281	821	1	1	1	0	824
7282	0	1	0	827	0	828
7283	3	2	828	2	0	835
7284	1	0	0	826	0	827
7285	805	0	3	3	0	811
7286	0	836	2	6	0	844
7287	3	1	1	855	0	860
7288	1	3	0	902	0	906
7289	0	1	893	6	0	900
7290	2	3	1309	3	0	1317
7291	1789	1	13	1	0	1804
7292	27	0	13	1842	0	1882
7293	21	0	1	1908	0	1930
7294	7	1	2037	50	0	2095
7295	2	1	2079	26	0	2108
7296	3	2066	61	7	0	2137
7297	3	39	27	2022	0	2091
7298	0	23	2057	41	0	2121
7299	0	2043	45	39	0	2127
7300	2041	39	29	8	0	2117
7301	2095	26	9	6	0	2136
7302	62	10	3	1981	0	2056
7303	28	2047	3	41	0	2119
7304	2021	43	7	29	0	2100
7305	53	26	5	1636	0	1720
7306	28	10	1990	30	0	2058
7307	12	2022	41	23	0	2098
7308	2004	41	29	9	0	2083
7309	2041	26	8	6	0	2081
7310	68	9	2	2009	0	2088
7311	37	2	4	2046	0	2089
7312	11	5	1991	66	0	2073
7313	8	6	41	2005	0	2060
7314	14	4	26	1970	0	2014
7315	7	1	6	2013	0	2027
7316	3	2	6	2014	0	2025
7317	4	2	9	1923	0	1938
7318	3	1941	7	70	0	2021
7319	1936	40	3	38	0	2017
7320	46	24	1927	18	0	2015
7321	26	1933	38	13	0	2010
7322	9	44	26	1931	0	2010
7323	1932	26	8	46	0	2012
7324	43	8	6	1937	0	1994
7325	28	4	8	1938	0	1978
7326	10	5	7	1963	0	1985
7327	7	4	2	1966	0	1979
7328	10	7	1895	83	0	1995
7329	8	1917	41	39	0	2005
7330	1911	38	28	22	0	1999
7331	42	29	1903	11	0	1985
7332	28	8	45	1915	0	1996
7333	1903	3	31	50	0	1987
7334	42	1904	15	35	0	1996
7335	1919	47	4	19	0	1989
7336	55	28	7	1838	0	1928
7337	32	10	5	1940	0	1987
7338	15	7	6	1949	0	1977
7339	13	8	5	1923	0	1949
7340	1857	8	6	79	0	1950
7341	51	6	6	1878	0	1941
7342	32	4	6	1907	0	1949
7343	1784	4	4	83	0	1875
7344	46	10	1756	44	0	1856
7345	36	6	41	1758	0	1841
7346	1731	3	26	56	0	1816
7347	1745	3	7	42	0	1797
7348	70	7	7	1710	0	1794
7349	43	4	3	1712	0	1762
7350	15	1680	9	76	0	1780
7351	10	37	5	1733	0	1785
7352	8	30	3	1751	0	1792
7353	14	10	1669	83	0	1776
7354	12	6	1669	46	0	1733
7355	4	1663	69	26	0	1762
7356	7	46	32	1634	0	1719
7357	9	31	12	1696	0	1748
7358	1679	7	11	77	0	1774
7359	45	7	9	1677	0	1738
7360	32	11	1631	61	0	1735
7361	11	7	43	1670	0	1731
7362	10	4	1619	69	0	1702
7363	10	7	1638	44	0	1699
7364	9	6	74	1580	0	1669
7365	12	3	39	1656	0	1710
7366	1625	10	16	77	0	1728
7367	1661	6	10	49	0	1726
7368	77	3	8	1634	0	1722
7369	1656	6	8	55	0	1725
7370	1676	6	6	44	0	1732
7371	80	2	3	1642	0	1727
7372	50	3	5	1667	0	1725
7373	1635	2	8	79	0	1724
7374	1670	7	7	50	0	1734
7375	78	3	4	1637	0	1722
7376	42	1649	11	59	0	1761
7377	18	41	3	1699	0	1761
7378	17	29	1	1721	0	1768
7379	15	11	1641	86	0	1753
7380	15	5	43	1703	0	1766
7381	1622	6	30	62	0	1720
7382	46	1654	9	46	0	1755
7383	1681	41	7	25	0	1754
7384	1690	26	5	18	0	1739
7385	1718	10	4	16	0	1748
7386	85	11	3	1620	0	1719
7387	47	6	1522	56	0	1631
7388	26	8	1505	34	0	1573
7389	16	1486	65	13	0	1580
7390	8	1085	20	12	0	1125
7391	3	551	4	7	0	565
7392	11	487	14	11	0	523
7393	11	27	447	2	0	487
7394	261	26	24	6	0	317
7395	4	0	6	242	0	252
7396	6	0	0	239	0	245
7397	0	0	0	238	0	238
7398	1	238	1	6	0	246
7399	230	3	0	8	0	241
7400	3	6	233	0	0	242
7401	6	212	2	0	0	220
7402	1	2	6	212	0	221
7403	218	6	1	1	0	226
7404	2	0	0	223	0	225
7405	6	0	221	2	0	229
7406	0	0	219	6	0	225
7407	0	0	8	222	0	230
7408	0	0	6	218	0	224
7409	216	0	0	7	0	223
7410	2	1	218	5	0	226
7411	218	0	2	0	0	220
7412	219	0	6	0	0	225
7413	8	0	0	229	0	237
7414	6	0	230	1	0	237
7415	1	0	2	232	0	235
7416	227	0	5	2	0	234
7417	2	229	0	7	0	238
7418	234	2	0	0	0	236
7419	2	6	0	226	0	234
7420	6	234	0	2	0	242
7421	1	2	0	237	0	240
7422	1	6	0	239	0	246
7423	1	234	0	8	0	243
7424	0	2	0	249	0	251
7425	1	6	1	251	0	259
7426	0	0	1	257	0	258
7427	0	0	265	8	0	273
7428	0	268	2	6	0	276
7429	270	2	5	0	0	277
7430	2	4	1	272	0	279
7431	5	307	2	3	0	317
7432	334	2	0	2	0	338
7433	3	4	0	346	0	353
7434	4	0	1	346	0	351
7435	0	0	0	349	0	349
7436	3	0	0	330	0	333
7437	328	1	0	9	0	338
7438	3	0	0	330	0	333
7439	5	0	0	334	0	339
7440	333	2	1	8	0	344
7441	2	0	1	342	0	345
7442	5	0	334	3	0	342
7443	0	1	3	337	0	341
7444	335	0	5	3	0	343
7445	3	0	0	338	0	341
7446	5	0	336	3	0	344
7447	1	0	325	5	0	331
7448	331	1	7	3	0	342
7449	340	0	5	2	0	347
7450	340	0	0	2	0	342
7451	334	1	0	0	0	335
7452	7	2	330	0	0	339
7453	3	0	2	333	0	338
7454	1	0	3	336	0	340
7455	328	0	0	6	0	334
7456	2	1	0	333	0	336
7457	4	1	328	2	0	335
7458	1	0	2	333	0	336
7459	1	0	331	4	0	336
7460	1	329	3	5	0	338
7461	325	2	5	1	0	333
7462	2	4	2	325	0	333
7463	6	0	311	3	0	320
7464	2	0	2	309	0	313
7465	2	0	4	324	0	330
7466	1	0	337	6	0	344
7467	0	0	3	341	0	344
7468	336	0	4	4	0	344
7469	3	1	324	5	0	333
7470	313	1	2	3	0	319
7471	5	324	4	1	0	334
7472	4	1	327	1	0	333
7473	0	5	329	2	0	336
7474	1	6	7	276	0	290
7475	1	1	5	286	0	293
7476	1	1	278	7	0	287
7477	0	0	2	285	0	287
7478	287	0	4	4	0	295
7479	291	0	2	5	0	298
7480	5	2	0	286	0	293
7481	7	0	0	280	0	287
7482	2	290	0	6	0	298
7483	297	1	1	6	0	305
7484	1	4	1	304	0	310
7485	5	316	3	3	0	327
7486	318	2	1	4	0	325
7487	320	4	0	3	0	327
7488	6	335	2	0	0	343
7489	5	1	2	327	0	335
7490	1	3	0	322	0	326
7491	2	1	323	2	0	328
7492	1	0	0	319	0	320
7493	318	1	2	1	0	322
7494	2	0	2	319	0	323
7495	4	0	310	4	0	318
7496	308	0	0	6	0	314
7497	1	1	2	312	0	316
7498	4	1	308	2	0	315
7499	3	0	1	314	0	318
7500	0	1	330	3	0	334
7501	1	0	2	333	0	336
7502	3	2	2	330	0	337
7503	323	1	0	3	0	327
7504	1	327	1	4	0	333
7505	322	0	2	3	0	327
7506	317	2	3	2	0	324
7507	319	1	0	3	0	323
7508	4	317	1	1	0	323
7509	3	0	326	1	0	330
7510	3	2	1	323	0	329
7511	329	2	3	0	0	334
7512	328	0	1	3	0	332
7513	3	1	1	302	0	307
7514	317	0	2	1	0	320
7515	1	1	324	4	0	330
7516	318	0	1	4	0	323
7517	2	0	328	4	0	334
7518	4	330	3	2	0	339
7519	333	0	3	3	0	339
7520	324	2	1	2	0	329
7521	4	326	2	3	0	335
7522	324	1	1	1	0	327
7523	320	2	0	2	0	324
7524	3	1	312	4	0	320
7525	297	1	2	1	0	301
7526	3	5	301	3	0	312
7527	4	2	2	264	0	272
7528	1	278	2	10	0	291
7529	1	0	281	3	0	285
7530	222	30	0	5	0	257
7531	219	5	3	1	0	228
7532	3	0	1	221	0	225
7533	4	0	208	1	0	213
7534	2	0	1	207	0	210
7535	206	1	2	3	0	212
7536	2	206	1	1	0	210
7537	205	0	0	3	0	208
7538	205	1	1	0	0	207
7539	3	205	0	1	0	209
7540	2	0	2	198	0	202
7541	201	1	1	1	0	204
7542	0	0	1	207	0	208
7543	3	0	0	205	0	208
7544	1	2	213	2	0	218
7545	1	2	0	214	0	217
7546	3	0	3	217	0	223
7547	216	0	1	3	0	220
7548	213	2	0	4	0	219
7549	4	0	1	216	0	221
7550	5	1	216	2	0	224
7551	3	0	221	3	0	227
7552	2	0	3	217	0	222
7553	0	0	243	1	0	244
7554	2	0	2	238	0	242
7555	0	1	5	238	0	244
7556	237	1	2	4	0	244
7557	2	0	236	5	0	243
7558	237	1	1	2	0	241
7559	233	0	4	1	0	238
7560	5	2	237	1	0	245
7561	5	1	244	1	0	251
7562	2	6	4	231	0	243
7563	1	240	4	2	0	247
7564	1	240	1	3	0	245
7565	10	4	0	219	0	233
7566	1	4	0	213	0	218
7567	1	0	0	222	0	223
7568	1	0	0	221	0	222
7569	216	0	0	5	0	221
7570	1	0	0	221	0	222
7571	3	0	214	1	0	218
7572	1	0	1	208	0	210
7573	0	202	4	2	0	208
7574	1	1	0	197	0	199
7575	194	3	0	1	0	198
7576	1	0	0	198	0	199
7577	3	0	196	1	0	200
7578	0	185	1	3	0	189
7579	0	1	3	187	0	191
7580	184	3	1	1	0	189
7581	189	0	0	4	0	193
7582	4	0	0	191	0	195
7583	4	0	171	2	0	177
7584	1	0	155	3	0	159
7585	157	0	4	0	0	161
7586	2	0	166	0	0	168
7587	3	0	169	0	0	172
7588	0	0	4	147	0	151
7589	167	0	3	1	0	171
7590	168	0	0	3	0	171
7591	172	0	0	0	0	172
7592	5	0	183	0	0	188
7593	3	0	200	0	0	203
7594	0	214	4	0	0	218
7595	0	1	3	214	0	218
7596	0	3	0	215	0	218
7597	0	0	0	214	0	214
7598	0	0	0	217	0	217
7599	0	0	213	4	0	217
7600	0	199	1	4	0	204
7601	203	1	3	0	0	207
7602	258	3	0	0	0	261
7603	263	0	0	0	0	263
7604	6	266	1	0	0	273
7605	4	3	0	268	0	275
7606	298	4	0	3	0	305
7607	5	312	1	4	0	322
7608	324	5	0	0	0	329
7609	5	316	1	0	0	322
7610	316	4	0	0	0	320
7611	315	5	0	0	0	320
7612	10	0	0	317	0	327
7613	5	0	0	328	0	333
7614	0	1	318	10	0	329
7615	0	0	309	5	0	314
7616	308	1	11	0	0	320
7617	320	0	5	1	0	326
7618	11	0	0	310	0	321
7619	5	0	0	318	0	323
7620	0	0	311	10	0	321
7621	1	0	5	308	0	314
7622	0	1	314	6	0	321
7623	1	0	5	314	0	320
7624	1	0	5	325	0	331
7625	319	0	0	10	0	329
7626	325	0	0	5	0	330
7627	10	1	0	319	0	330
7628	6	0	0	324	0	330
7629	1	1	316	10	0	328
7630	1	1	5	320	0	327
7631	1	1	320	6	0	328
7632	307	1	5	6	0	319
7633	7	1	5	314	0	327
7634	320	0	0	5	0	325
7635	7	308	0	7	0	322
7636	324	6	1	2	0	333
7637	6	5	2	317	0	330
7638	6	1	1	312	0	320
7639	3	324	1	10	0	338
7640	3	5	0	329	0	337
7641	2	6	317	8	0	333
7642	1	0	6	326	0	333
7643	0	0	315	8	0	323
7644	0	301	6	4	0	311
7645	1	6	3	302	0	312
7646	1	2	300	7	0	310
7647	1	0	293	6	0	300
7648	2	1	6	299	0	308
7649	296	1	3	5	0	305
7650	6	0	288	5	0	299
7651	2	0	5	288	0	295
7652	287	0	3	7	0	297
7653	4	277	3	4	0	288
7654	297	5	1	1	0	304
7655	6	1	0	293	0	300
7656	5	0	0	294	0	299
7657	2	2	0	299	0	303
7658	288	1	1	6	0	296
7659	6	2	0	292	0	300
7660	3	0	1	297	0	301
7661	278	1	2	7	0	288
7662	5	2	276	3	0	286
7663	3	2	5	277	0	287
7664	0	2	280	8	0	290
7665	273	0	7	2	0	282
7666	5	2	3	285	0	295
7667	4	2	291	6	0	303
7668	269	3	5	3	0	280
7669	286	0	4	3	0	293
7670	8	0	309	1	0	318
7671	3	1	5	310	0	319
7672	2	0	3	323	0	328
7673	1	1	323	6	0	331
7674	2	314	7	4	0	327
7675	3	6	320	1	0	330
7676	303	3	5	1	0	312
7677	4	1	330	4	0	339
7678	316	0	6	3	0	325
7679	4	1	324	5	0	334
7680	321	0	4	4	0	329
7681	7	342	4	2	0	355
7682	4	5	0	341	0	350
7683	2	2	2	348	0	354
7684	4	1	348	8	0	361
7685	2	0	5	343	0	350
7686	0	349	6	7	0	362
7687	341	4	1	4	0	350
7688	5	346	2	2	0	355
7689	4	5	0	325	0	334
7690	329	2	1	5	0	337
7691	6	337	2	3	0	348
7692	323	4	1	3	0	331
7693	6	3	312	1	0	322
7694	4	1	5	305	0	315
7695	2	0	6	305	0	313
7696	1	1	2	313	0	317
7697	305	1	1	9	0	316
7698	312	1	1	3	0	317
7699	314	1	3	1	0	319
7700	315	0	2	0	0	317
7701	8	0	310	3	0	321
7702	252	0	4	0	0	256
7703	3	258	2	1	0	264
7704	3	256	0	3	0	262
7705	251	5	12	1	0	269
7706	233	3	1	6	0	243
7707	1	0	2	223	0	226
7708	239	0	0	1	0	240
7709	242	0	0	1	0	243
7710	284	0	0	1	0	285
7711	2	0	0	282	0	284
7712	1	288	0	2	0	291
7713	0	299	1	1	0	301
7714	0	1	0	301	0	302
7715	298	4	0	0	0	302
7716	0	306	0	1	0	307
7717	2	0	0	299	0	301
7718	0	1	304	0	0	305
7719	254	0	0	1	0	255
7720	0	300	1	0	0	301
7721	1	303	0	0	0	304
7722	296	1	0	0	0	297
7723	0	1	304	0	0	305
7724	1	0	0	296	0	297
7725	0	307	2	0	0	309
7726	1	0	0	315	0	316
7727	0	1	0	315	0	316
7728	0	310	1	2	0	313
7729	0	0	0	335	0	335
7730	1	1	0	330	0	332
7731	332	0	0	1	0	333
7732	0	333	1	1	0	335
7733	330	0	0	0	0	330
7734	0	1	0	331	0	332
7735	1	344	0	1	0	346
7736	1	0	329	1	0	331
7737	0	1	1	331	0	333
7738	1	1	1	337	0	340
7739	1	1	346	1	0	349
7740	325	0	1	1	0	327
7741	0	1	1	400	0	402
7742	399	0	0	1	0	400
7743	0	0	380	1	0	381
7744	3	0	0	382	0	385
7745	1	1	407	0	0	409
7746	0	0	0	415	0	415
7747	0	1	3	424	0	428
7748	427	0	0	3	0	430
7749	0	428	1	4	0	433
7750	434	0	0	0	0	434
7751	0	5	440	0	0	445
7752	3	0	0	442	0	445
7753	0	1	455	1	0	457
7754	394	0	0	4	0	398
7755	446	0	3	1	0	450
7756	3	0	454	0	0	457
7757	444	0	2	0	0	446
7758	453	1	3	1	0	458
7759	3	0	0	456	0	459
7760	3	1	455	2	0	461
7761	1	1	468	5	0	475
7762	0	0	5	472	0	477
7763	2	0	2	461	0	465
7764	0	462	1	4	0	467
7765	0	468	1	4	0	473
7766	470	2	0	3	0	475
7767	1	5	1	466	0	473
7768	5	463	1	1	0	470
7769	2	478	1	5	0	486
7770	439	1	1	2	0	443
7771	2	3	3	452	0	460
7772	3	451	2	2	0	458
7773	1	0	1	457	0	459
7774	3	3	0	458	0	464
7775	0	1	1	470	0	472
7776	461	1	0	4	0	466
7777	2	457	1	4	0	464
7778	4	1	0	457	0	462
7779	2	4	3	455	0	464
7780	1	1	2	456	0	460
7781	3	2	439	8	0	452
7782	417	0	3	5	0	425
7783	4	1	2	441	0	448
7784	431	2	1	0	0	434
7785	425	1	1	4	0	431
7786	430	0	1	1	0	432
7787	4	1	435	1	0	441
7788	4	429	1	3	0	437
7789	2	1	5	426	0	434
7790	0	4	438	2	0	444
7791	0	2	424	4	0	430
7792	3	2	1	391	0	397
7793	0	415	3	3	0	421
7794	419	2	0	7	0	428
7795	428	3	0	3	0	434
7796	436	3	1	1	0	441
7797	441	2	0	3	0	446
7798	3	2	430	2	0	437
7799	424	0	0	3	0	427
7800	0	438	7	1	0	446
7801	3	1	0	426	0	430
7802	2	2	0	433	0	437
7803	448	1	1	5	0	455
7804	4	0	0	449	0	453
7805	3	1	436	3	0	443
7806	413	2	1	5	0	421
7807	428	1	4	3	0	436
7808	418	0	0	8	0	426
7809	3	0	414	2	0	419
7810	369	0	2	0	0	371
7811	2	380	2	0	0	384
7812	369	1	0	1	0	371
7813	4	2	1	360	0	367
7814	6	2	0	351	0	359
7815	1	353	1	2	0	357
7816	1	1	2	347	0	351
7817	0	352	3	3	0	358
7818	1	1	1	352	0	355
7819	0	352	2	2	0	356
7820	1	1	1	348	0	351
7821	1	355	1	2	0	359
7822	3	2	0	365	0	370
7823	3	372	1	3	0	379
7824	397	2	3	4	0	406
7825	6	1	0	413	0	420
7826	4	1	1	409	0	415
7827	2	0	1	457	0	460
7828	1	1	1	473	0	476
7829	3	0	467	11	0	481
7830	0	1	7	468	0	476
7831	2	0	4	478	0	484
7832	471	0	0	13	0	484
7833	471	0	1	5	0	477
7834	13	482	1	0	0	496
7835	4	8	1	466	0	479
7836	3	6	0	509	0	518
7837	532	1	1	11	0	545
7838	9	3	505	7	0	524
7839	504	0	9	2	0	515
7840	8	524	6	1	0	539
7841	481	10	0	0	0	491
7842	475	7	0	1	0	483
7843	15	475	0	0	0	490
7844	5	482	0	0	0	487
7845	2	14	0	457	0	473
7846	0	5	455	8	0	468
7847	440	0	9	5	0	454
7848	9	0	448	1	0	458
7849	432	1	9	0	0	442
7850	9	0	443	1	0	453
7851	6	430	9	0	0	445
7852	0	9	5	429	0	443
7853	429	5	0	8	0	442
7854	441	1	0	5	0	447
7855	15	0	0	439	0	454
7856	468	0	0	10	0	478
7857	467	1	0	6	0	474
7858	14	461	1	0	0	476
7859	458	9	0	2	0	469
7860	9	460	1	1	0	471
7861	7	9	0	454	0	470
7862	455	5	1	9	0	470
7863	467	0	0	5	0	472
7864	468	0	1	0	0	469
7865	12	1	455	1	0	469
7866	5	0	465	1	0	471
7867	1	0	15	451	0	467
7868	1	0	5	462	0	468
7869	0	488	0	16	0	504
7870	491	10	0	6	0	507
7871	10	7	0	494	0	511
7872	5	1	0	508	0	514
7873	1	0	506	16	0	523
7874	0	494	9	7	0	510
7875	0	501	10	2	0	513
7876	4	16	0	496	0	516
7877	494	7	0	11	0	512
7878	11	0	0	495	0	506
7879	9	0	1	509	0	519
7880	497	1	1	17	0	516
7881	503	0	0	9	0	512
7882	16	0	0	500	0	516
7883	8	2	501	10	0	521
7884	2	0	10	511	0	523
7885	1	0	7	516	0	524
7886	508	1	2	18	0	529
7887	13	1	1	509	0	524
7888	505	1	1	11	0	518
7889	11	2	512	8	0	533
7890	10	1	10	521	0	542
7891	1	1	8	533	0	543
7892	0	1	1	545	0	547
7893	2	1	0	543	0	546
7894	5	0	1	533	0	539
7895	3	0	514	17	0	534
7896	497	2	10	10	0	519
7897	10	2	8	509	0	529
7898	9	0	514	14	0	537
7899	1	0	510	8	0	519
7900	5	3	18	502	0	528
7901	516	1	8	13	0	538
7902	524	1	0	8	0	533
7903	517	2	2	0	0	521
7904	21	1	0	486	0	508
7905	10	510	2	11	0	533
7906	513	11	2	8	0	534
7907	511	10	1	3	0	525
7908	515	1	2	3	0	521
7909	517	1	2	1	0	521
7910	20	1	2	498	0	521
7911	9	2	493	11	0	515
7912	3	0	13	501	0	517
7913	3	2	507	11	0	523
7914	482	2	12	10	0	506
7915	502	3	10	3	0	518
7916	23	2	494	3	0	522
7917	494	2	11	4	0	511
7918	546	3	7	8	0	564
7919	22	2	1	529	0	554
7920	11	541	1	12	0	565
7921	548	9	0	11	0	568
7922	13	13	2	508	0	536
7923	11	516	5	7	0	539
7924	4	7	1	502	0	514
7925	1	8	486	10	0	505
7926	5	487	7	9	0	508
7927	442	9	9	4	0	464
7928	423	8	0	5	0	436
7929	419	1	2	3	0	425
7930	425	1	1	2	0	429
7931	12	9	1	408	0	430
7932	8	419	2	6	0	435
7933	397	3	2	10	0	412
7934	4	7	404	5	0	420
7935	9	385	3	8	0	405
7936	2	3	372	5	0	382
7937	2	7	2	335	0	346
7938	1	303	6	2	0	312
7939	2	1	2	339	0	344
7940	1	2	342	3	0	348
7941	1	0	4	329	0	334
7942	3	0	2	348	0	353
7943	4	0	0	354	0	358
7944	325	0	1	6	0	332
7945	4	340	1	3	0	348
7946	5	1	1	342	0	349
7947	338	3	0	2	0	343
7948	3	339	0	3	0	345
7949	338	1	1	1	0	341
7950	2	2	338	2	0	344
7951	3	1	2	315	0	321
7952	2	340	2	4	0	348
7953	327	1	3	2	0	333
7954	4	2	314	1	0	321
7955	5	300	2	2	0	309
7956	2	2	3	302	0	309
7957	3	3	0	301	0	307
7958	299	0	0	3	0	302
7959	2	1	1	304	0	308
7960	3	2	302	1	0	308
7961	1	0	2	285	0	288
7962	0	2	334	2	0	338
7963	0	3	1	317	0	321
7964	0	322	5	4	0	331
7965	329	1	2	2	0	334
7966	316	4	0	1	0	321
7967	3	325	1	2	0	331
7968	4	326	2	1	0	333
7969	3	2	2	315	0	322
7970	312	3	0	3	0	318
7971	0	1	0	312	0	313
7972	305	1	0	0	0	306
7973	0	286	0	3	0	289
7974	1	1	0	292	0	294
7975	1	0	294	1	0	296
7976	0	2	0	289	0	291
7977	1	1	0	301	0	303
7978	307	0	1	1	0	309
7979	1	309	1	1	0	312
7980	1	1	0	309	0	311
7981	301	0	0	3	0	304
7982	1	1	306	2	0	310
7983	290	2	1	0	0	293
7984	2	7	0	312	0	321
7985	0	333	3	2	0	338
7986	324	2	1	1	0	328
7987	1	1	342	1	0	345
7988	0	0	347	2	0	349
7989	0	344	1	1	0	346
7990	324	1	5	0	0	330
7991	1	0	0	321	0	322
7992	0	0	0	324	0	324
7993	318	0	0	1	0	319
7994	1	0	327	1	0	329
7995	0	0	1	331	0	332
7996	0	1	352	1	0	354
7997	0	0	1	344	0	345
7998	0	364	0	1	0	365
7999	1	2	0	371	0	374
8000	0	2	364	3	0	369
8001	346	0	3	1	0	350
8002	3	0	1	375	0	379
8003	1	2	369	2	0	374
8004	0	0	3	361	0	364
8005	0	0	1	374	0	375
8006	0	0	368	3	0	371
8007	0	1	381	1	0	383
8008	0	1	4	383	0	388
8009	1	0	388	3	0	392
8010	360	0	3	1	0	364
8011	3	0	1	392	0	396
8012	378	0	0	2	0	380
8013	3	0	391	1	0	395
8014	3	0	3	376	0	382
8015	1	0	405	2	0	408
8016	2	396	3	1	0	402
8017	1	4	398	0	0	403
8018	0	2	356	0	0	358
8019	329	0	4	0	0	333
8020	352	0	1	8	0	361
8021	4	0	376	0	0	380
8022	2	0	3	359	0	364
8023	0	1	1	391	0	393
8024	0	1	380	2	0	383
8025	0	375	3	1	0	379
8026	366	3	1	0	0	370
8027	2	1	398	0	0	401
8028	1	1	4	402	0	408
8029	0	0	1	416	0	417
8030	421	0	0	4	0	425
8031	423	1	0	2	0	426
8032	424	0	0	1	0	425
8033	424	0	0	0	0	424
8034	3	2	1	418	0	424
8035	6	0	434	3	0	443
8036	0	0	3	435	0	438
8037	0	0	5	444	0	449
8038	1	1	0	459	0	461
8039	1	1	451	6	0	459
8040	413	1	3	3	0	420
8041	4	1	3	455	0	463
8042	5	0	467	4	0	476
8043	0	469	6	4	0	479
8044	0	4	3	475	0	482
8045	1	3	1	484	0	489
8046	471	0	1	8	0	480
8047	4	476	2	4	0	486
8048	3	4	476	2	0	485
8049	0	3	5	481	0	489
8050	1	1	3	489	0	494
8051	484	0	0	7	0	491
8052	470	0	1	4	0	475
8053	8	0	0	479	0	487
8054	479	0	0	6	0	485
8055	2	474	2	3	0	481
8056	3	4	505	1	0	513
8057	0	3	4	499	0	506
8058	0	0	5	521	0	526
8059	1	0	1	520	0	522
8060	0	0	0	515	0	515
8061	0	507	2	6	0	515
8062	470	4	1	4	0	479
8063	4	3	0	478	0	485
8064	4	510	1	5	0	520
8065	508	5	1	2	0	516
8066	505	3	0	1	0	509
8067	6	527	2	0	0	535
8068	4	5	0	527	0	536
8069	1	4	1	532	0	538
8070	0	0	1	529	0	530
8071	1	0	1	536	0	538
8072	528	0	0	9	0	537
8073	542	0	2	4	0	548
8074	10	557	1	0	0	568
8075	4	8	558	0	0	570
8076	1	4	7	556	0	568
8077	564	0	4	7	0	575
8078	6	559	0	5	0	570
8079	5	566	1	0	0	572
8080	572	10	0	0	0	582
8081	580	4	0	0	0	584
8082	14	1	0	571	0	586
8083	5	0	593	8	0	606
8084	0	0	599	6	0	605
8085	600	0	12	0	0	612
8086	625	0	5	0	0	630
8087	610	0	0	1	0	611
8088	607	0	0	0	0	607
8089	605	0	0	0	0	605
8090	14	620	0	0	0	634
8091	8	7	1	615	0	631
8092	0	675	0	5	0	680
8093	683	7	1	5	0	696
8094	691	6	0	1	0	698
8095	677	0	0	3	0	680
8096	677	1	0	1	0	679
8097	13	663	0	1	0	677
8098	658	5	0	0	0	663
8099	5	666	0	0	0	671
8100	5	3	2	661	0	671
8101	650	5	0	5	0	660
8102	5	1	672	5	0	683
8103	5	0	5	658	0	668
8104	0	0	5	678	0	683
8105	0	1	673	9	0	683
8106	0	667	5	5	0	677
8107	655	4	5	1	0	665
8108	658	5	0	1	0	664
8109	10	653	2	2	0	667
8110	6	5	0	660	0	671
8111	1	7	690	4	0	702
8112	1	730	5	5	0	741
8113	718	5	5	2	0	730
8114	5	6	742	0	0	753
8115	672	2	3	2	0	679
8116	726	1	5	0	0	732
8117	12	3	764	0	0	779
8118	6	779	6	0	0	791
8119	0	4	5	781	0	790
8120	0	8	803	6	0	817
8121	750	0	6	8	0	764
8122	780	0	5	0	0	785
8123	10	790	0	0	0	800
8124	6	5	0	792	0	803
8125	3	4	0	807	0	814
8126	2	1	811	9	0	823
8127	1	806	7	4	0	818
8128	814	6	4	1	0	825
8129	832	5	1	0	0	838
8130	837	1	0	1	0	839
8131	11	0	834	0	0	845
8132	811	0	4	0	0	815
8133	850	1	4	0	0	855
8134	11	2	0	842	0	855
8135	6	1	826	5	0	838
8136	1	2	4	821	0	828
8137	3	1	845	6	0	855
8138	2	0	6	828	0	836
8139	2	840	8	4	0	854
8140	1	866	2	4	0	873
8141	2	7	0	869	0	878
8142	2	3	1	847	0	853
8143	854	1	0	8	0	863
8144	7	3	859	5	0	874
8145	816	0	5	2	0	823
8146	5	861	4	0	0	870
8147	866	5	0	1	0	872
8148	864	4	1	0	0	869
8149	10	1	0	859	0	870
8150	7	1	886	5	0	899
8151	2	2	6	875	0	885
8152	3	939	4	9	0	955
8153	1	9	0	950	0	960
8154	1	4	1	953	0	959
8155	945	2	0	11	0	958
8156	6	0	1	929	0	936
8157	5	913	3	9	0	930
8158	1	7	1	928	0	937
8159	933	4	1	10	0	948
8160	8	944	1	4	0	957
8161	5	9	1	951	0	966
8162	1	5	0	962	0	968
8163	2	1	1	971	0	975
8164	2	1	0	967	0	970
8165	974	1	1	13	0	989
8166	9	1	0	1000	0	1010
8167	8	0	1	1018	0	1027
8168	1	1	2	1023	0	1027
8169	3	1036	0	16	0	1055
8170	1025	12	0	7	0	1044
8171	19	6	1037	1	0	1063
8172	6	1042	11	1	0	1060
8173	1004	11	6	1	0	1022
8174	11	8	1027	0	0	1046
8175	6	1037	12	0	0	1055
8176	3	14	5	1001	0	1023
8177	0	1054	2	8	0	1064
8178	1	11	1032	7	0	1051
8179	4	8	1044	3	0	1059
8180	2	1047	16	0	0	1065
8181	1047	10	7	0	0	1064
8182	1036	6	1	1	0	1044
8183	16	2	1004	0	0	1022
8184	5	2	976	1	0	984
8185	2	3	1014	1	0	1020
8186	0	1	15	987	0	1003
8187	0	1	7	1008	0	1016
8188	1	0	3	1020	0	1024
8189	1	3	1035	13	0	1052
8190	2	1	10	981	0	994
8191	2	0	3	1010	0	1015
8192	2	1	980	13	0	996
8193	889	0	12	6	0	907
8194	11	0	6	993	0	1010
8195	5	1	2	991	0	999
8196	1	1019	0	14	0	1034
8197	1011	10	1	10	0	1032
8198	11	7	1010	1	0	1029
8199	996	1	11	1	0	1009
8200	11	0	7	1003	0	1021
8201	5	0	1026	15	0	1046
8202	3	1	12	991	0	1007
8203	1005	1	5	12	0	1023
8204	11	3	1000	8	0	1022
8205	989	1	10	3	0	1003
8206	1004	2	5	1	0	1012
8207	1011	0	3	1	0	1015
8208	19	996	2	0	0	1017
8209	9	12	0	1033	0	1054
8210	1058	5	2	15	0	1080
8211	1045	1	1	7	0	1054
8212	1053	1	0	4	0	1058
8213	20	1	1019	1	0	1041
8214	1040	1	12	3	0	1056
8215	18	3	7	1119	0	1147
8216	13	2	1109	18	0	1142
8217	6	2	16	1131	0	1155
8218	3	3	8	1144	0	1158
8219	3	2	1168	26	0	1199
8220	4	3	17	1151	0	1175
8221	4	1	11	1216	0	1232
8222	3	1	1391	26	0	1421
8223	1489	3	20	15	0	1527
8224	1695	0	22	9	0	1726
8225	47	0	6	1739	0	1792
8226	27	3	1730	33	0	1793
8227	10	1	27	1699	0	1737
8228	5	1708	34	29	0	1776
8229	7	26	8	1706	0	1747
8230	8	26	2	1702	0	1738
8231	1681	4	5	60	0	1750
8232	1691	3	11	32	0	1737
8233	1732	2	1	14	0	1749
8234	59	5	4	1686	0	1754
8235	35	0	10	1718	0	1763
8236	12	2	1683	61	0	1758
8237	12	3	25	1620	0	1660
8238	9	1659	31	40	0	1739
8239	1654	26	7	35	0	1722
8240	29	1645	4	20	0	1698
8241	1684	32	4	15	0	1735
8242	38	29	7	1573	0	1647
8243	34	1636	1	42	0	1713
8244	1627	33	6	36	0	1702
8245	1644	26	4	18	0	1692
8246	61	10	5	1608	0	1684
8247	40	1614	8	40	0	1702
8248	15	31	7	1645	0	1698
8249	15	33	1618	40	0	1706
8250	1586	11	30	36	0	1663
8251	38	1594	33	19	0	1684
8252	1561	28	9	21	0	1619
8253	47	37	5	1543	0	1632
8254	1587	11	4	39	0	1641
8255	47	6	1590	35	0	1678
8256	1637	8	28	16	0	1689
8257	1636	12	29	15	0	1692
8258	68	7	1630	18	0	1723
8259	44	5	34	1622	0	1705
8260	25	9	27	1649	0	1710
8261	1607	9	15	62	0	1693
8262	42	1604	10	44	0	1700
8263	43	35	6	1591	0	1675
8264	21	31	1560	43	0	1655
8265	12	12	1563	44	0	1631
8266	23	1503	53	21	0	1600
8267	21	30	1496	18	0	1565
8268	1431	35	35	24	0	1525
8269	36	11	31	1417	0	1495
8270	1463	7	10	38	0	1518
8271	37	9	1437	33	0	1516
8272	37	15	28	1412	0	1492
8273	13	14	29	1440	0	1496
8274	30	9	1406	49	0	1494
8275	19	10	26	1421	0	1476
8276	1395	18	26	36	0	1475
8277	1405	5	19	38	0	1467
8278	54	8	14	1383	0	1459
8279	1400	11	12	38	0	1461
8280	1390	11	21	29	0	1451
8281	65	1356	14	21	0	1456
8282	50	26	8	1361	0	1445
8283	1371	28	9	34	0	1442
8284	38	8	16	1372	0	1434
8285	1351	5	11	41	0	1408
8286	46	6	8	1348	0	1408
8287	42	11	1344	33	0	1430
8288	19	1325	30	51	0	1425
8289	29	24	31	1074	0	1158
8290	31	1313	11	28	0	1383
8291	1284	29	11	38	0	1362
8292	40	1292	10	24	0	1366
8293	44	1284	18	13	0	1359
8294	29	47	11	1256	0	1343
8295	1255	35	9	39	0	1338
8296	34	12	14	1265	0	1325
8297	1265	10	13	33	0	1321
8298	1235	17	9	43	0	1304
8299	56	1235	4	20	0	1315
8300	1254	25	15	26	0	1320
8301	1252	30	13	12	0	1307
8302	1264	16	9	20	0	1309
8303	56	12	1205	18	0	1291
8304	43	15	25	1206	0	1289
8305	24	12	26	1214	0	1276
8306	25	16	1200	51	0	1292
8307	1203	7	30	38	0	1278
8308	1238	7	24	21	0	1290
8309	1230	10	13	17	0	1270
8310	1186	6	6	22	0	1220
8311	64	1143	6	25	0	1238
8312	1145	23	11	14	0	1193
8313	47	25	7	1115	0	1194
8314	49	8	1058	29	0	1144
8315	1036	4	16	35	0	1091
8316	37	1023	31	15	0	1106
8317	956	21	10	16	0	1003
8318	39	956	4	18	0	1017
8319	33	896	10	16	0	955
8320	18	908	12	8	0	946
8321	22	868	4	15	0	909
8322	20	41	617	15	0	693
8323	15	52	16	438	0	521
8324	5	3	338	9	0	355
8325	243	10	4	5	0	262
8326	7	254	2	3	0	266
8327	3	257	3	4	0	267
8328	3	4	3	253	0	263
8329	4	5	1	253	0	263
8330	5	5	250	5	0	265
8331	2	7	248	1	0	258
8332	1	8	5	246	0	260
8333	3	5	246	4	0	258
8334	1	247	5	4	0	257
8335	4	5	4	239	0	252
8336	3	2	4	261	0	270
8337	3	2	261	7	0	273
8338	5	2	5	259	0	271
8339	266	2	2	3	0	273
8340	5	4	1	262	0	272
8341	3	2	4	250	0	259
8342	1	0	247	12	0	260
8343	224	0	5	8	0	237
8344	4	247	8	2	0	261
8345	6	2	2	256	0	266
8346	6	3	256	4	0	269
8347	6	2	4	250	0	262
8348	249	3	2	6	0	260
8349	5	2	252	7	0	266
8350	7	2	2	245	0	256
8351	1	2	255	9	0	267
8352	4	254	3	6	0	267
8353	5	2	242	4	0	253
8354	2	238	2	6	0	248
8355	2	1	197	2	0	202
8356	0	8	1	162	0	171
8357	0	161	3	3	0	167
8358	160	2	0	2	0	164
8359	1	2	1	154	0	158
8360	156	0	0	2	0	158
8361	1	1	0	166	0	168
8362	4	0	0	174	0	178
8363	171	0	0	4	0	175
8364	178	0	0	2	0	180
8365	3	0	0	186	0	189
8366	2	0	195	1	0	198
8367	1	193	1	2	0	197
8368	3	1	197	0	0	201
8369	0	199	1	1	0	201
8370	189	2	4	0	0	195
8371	3	4	194	0	0	201
8372	2	0	200	0	0	202
8373	0	2	3	183	0	188
8374	202	0	2	1	0	205
8375	1	0	219	2	0	222
8376	3	231	5	0	0	239
8377	238	1	2	1	0	242
8378	243	2	0	0	0	245
8379	242	0	2	1	0	245
8380	251	2	0	0	0	253
8381	252	0	1	0	0	253
8382	5	0	248	0	0	253
8383	4	0	1	245	0	250
8384	2	250	3	0	0	255
8385	252	1	0	2	0	255
8386	1	248	3	0	0	252
8387	248	1	0	1	0	250
8388	249	4	0	0	0	253
8389	5	250	0	0	0	255
8390	265	3	0	0	0	268
8391	3	2	0	264	0	269
8392	5	0	0	266	0	271
8393	1	1	263	3	0	268
8394	3	259	1	3	0	266
8395	0	1	2	259	0	262
8396	0	6	0	262	0	268
8397	0	0	2	267	0	269
8398	0	3	260	4	0	267
8399	232	0	1	4	0	237
8400	1	0	2	264	0	267
8401	262	0	1	3	0	266
8402	3	0	2	261	0	266
8403	4	0	272	1	0	277
8404	0	0	265	7	0	272
8405	247	0	4	0	0	251
8406	272	0	2	3	0	277
8407	4	270	2	0	0	276
8408	2	2	269	0	0	273
8409	6	2	1	256	0	265
8410	3	1	3	232	0	239
8411	273	3	0	3	0	279
8412	277	0	3	2	0	282
8413	276	1	0	2	0	279
8414	3	0	268	1	0	272
8415	275	0	1	2	0	278
8416	3	1	2	285	0	291
8417	5	0	0	288	0	293
8418	0	0	2	289	0	291
8419	3	284	0	2	0	289
8420	277	1	0	6	0	284
8421	1	2	0	281	0	284
8422	3	0	287	2	0	292
8423	1	2	1	287	0	291
8424	2	285	2	3	0	292
8425	288	1	1	4	0	294
8426	1	3	2	289	0	295
8427	2	0	1	295	0	298
8428	0	4	295	4	0	303
8429	3	0	1	291	0	295
8430	0	304	3	2	0	309
8431	1	1	1	311	0	314
8432	0	2	323	2	0	327
8433	290	0	2	6	0	298
8434	322	2	3	0	0	327
8435	4	327	1	2	0	334
8436	317	3	2	1	0	323
8437	318	2	0	0	0	320
8438	7	319	1	0	0	327
8439	4	6	0	322	0	332
8440	333	2	0	4	0	339
8441	5	345	1	2	0	353
8442	1	4	343	0	0	348
8443	330	1	3	2	0	336
8444	344	0	1	1	0	346
8445	353	1	1	1	0	356
8446	347	0	2	1	0	350
8447	5	356	0	1	0	362
8448	362	3	0	0	0	365
8449	370	1	0	1	0	372
8450	364	0	0	0	0	364
8451	2	1	0	371	0	374
8452	372	0	0	3	0	375
8453	4	390	0	1	0	395
8454	1	6	415	2	0	424
8455	0	1	5	415	0	421
8456	419	0	2	5	0	426
8457	5	2	425	2	0	434
8458	2	0	6	419	0	427
8459	0	0	425	8	0	433
8460	1	422	5	2	0	430
8461	0	5	3	410	0	418
8462	0	6	407	6	0	419
8463	0	409	7	2	0	418
8464	0	6	2	406	0	414
8465	417	2	0	6	0	425
8466	408	0	0	3	0	411
8467	412	3	0	1	0	416
8468	409	1	2	0	0	412
8469	408	0	0	2	0	410
8470	10	1	410	0	0	421
8471	404	0	8	0	0	412
8472	421	0	3	2	0	426
8473	9	0	2	418	0	429
8474	418	2	0	8	0	428
8475	402	0	0	4	0	406
8476	9	389	2	0	0	400
8477	2	10	0	389	0	401
8478	0	2	0	394	0	396
8479	382	0	0	10	0	392
8480	8	374	1	2	0	385
8481	4	385	0	0	0	389
8482	3	10	0	379	0	392
8483	2	2	0	384	0	388
8484	0	0	2	380	0	382
8485	2	0	0	388	0	390
8486	379	0	0	10	0	389
8487	364	0	1	4	0	369
8488	12	1	376	1	0	390
8489	4	0	8	359	0	371
8490	0	2	2	363	0	367
8491	0	0	356	12	0	368
8492	331	0	8	6	0	345
8493	10	355	2	0	0	367
8494	353	9	0	1	0	363
8495	7	4	0	359	0	370
8496	3	0	373	10	0	386
8497	0	0	8	386	0	394
8498	0	1	402	12	0	415
8499	0	404	8	4	0	416
8500	395	7	3	0	0	405
8501	409	2	0	0	0	411
8502	9	401	3	0	0	413
8503	3	8	0	393	0	404
8504	390	2	0	11	0	403
8505	8	392	2	2	0	404
8506	4	8	0	399	0	411
8507	396	4	0	8	0	408
8508	10	1	391	3	0	405
8509	368	0	8	3	0	379
8510	9	381	4	1	0	395
8511	390	9	0	2	0	401
8512	390	2	3	0	0	395
8513	10	2	384	1	0	397
8514	5	0	8	369	0	382
8515	3	0	3	382	0	388
8516	0	3	380	12	0	395
8517	0	2	9	379	0	390
8518	2	0	4	364	0	370
8519	384	2	0	11	0	397
8520	387	0	2	4	0	393
8521	12	1	1	383	0	397
8522	2	0	375	9	0	386
8523	3	1	9	371	0	384
8524	1	3	2	384	0	390
8525	3	1	384	11	0	399
8526	3	1	9	387	0	400
8527	377	1	4	9	0	391
8528	375	0	1	5	0	381
8529	11	369	0	2	0	382
8530	393	8	2	0	0	403
8531	391	3	0	3	0	397
8532	9	378	0	2	0	389
8533	383	7	1	0	0	391
8534	379	3	3	0	0	385
8535	385	0	0	3	0	388
8536	9	0	373	1	0	383
8537	378	1	4	3	0	386
8538	9	1	2	378	0	390
8539	375	2	2	6	0	385
8540	6	1	375	6	0	388
8541	4	359	6	3	0	372
8542	366	6	2	3	0	377
8543	6	369	1	1	0	377
8544	5	8	0	365	0	378
8545	3	3	0	394	0	400
8546	387	2	1	10	0	400
8547	383	0	0	5	0	388
8548	14	1	381	2	0	398
8549	5	0	362	1	0	368
8550	2	0	376	0	0	378
8551	3	3	6	357	0	369
8552	0	0	362	6	0	368
8553	0	2	341	1	0	344
8554	8	0	2	315	0	325
8555	354	0	1	4	0	359
8556	342	0	0	2	0	344
8557	341	0	0	1	0	342
8558	346	0	0	1	0	347
8559	2	0	0	342	0	344
8560	0	0	0	348	0	348
8561	0	1	364	2	0	367
8562	0	0	3	353	0	356
8563	0	0	0	345	0	345
8564	366	0	0	4	0	370
8565	371	0	0	0	0	371
8566	3	0	0	371	0	374
8567	379	0	0	4	0	383
8568	384	0	0	0	0	384
8569	3	0	0	392	0	395
8570	2	0	0	378	0	380
8571	0	0	383	4	0	387
8572	0	3	370	1	0	374
8573	0	0	2	378	0	380
8574	0	0	1	382	0	383
8575	1	0	384	2	0	387
8576	354	0	3	1	0	358
8577	365	1	1	0	0	367
8578	2	3	369	2	0	376
8579	3	392	1	0	0	396
8580	392	1	2	1	0	396
8581	1	2	419	1	0	423
8582	3	1	2	406	0	412
8583	1	1	5	412	0	419
8584	444	0	2	4	0	450
8585	463	0	2	5	0	470
8586	3	0	2	473	0	478
8587	3	0	0	483	0	486
8588	487	0	2	6	0	495
8589	490	0	1	3	0	494
8590	494	0	1	2	0	497
8591	7	0	488	1	0	496
8592	3	0	3	493	0	499
8593	1	0	3	507	0	511
8594	505	0	2	5	0	512
8595	3	508	1	4	0	516
8596	535	2	0	4	0	541
8597	5	548	2	1	0	556
8598	6	3	1	564	0	574
8599	1	3	0	571	0	575
8600	3	0	570	7	0	580
8601	3	0	6	579	0	588
8602	0	1	587	8	0	596
8603	2	0	5	582	0	589
8604	2	0	5	568	0	575
8605	1	557	2	7	0	567
8606	2	564	0	7	0	573
8607	2	6	1	578	0	587
8608	2	4	2	593	0	601
8609	2	1	1	601	0	605
8610	1	0	0	596	0	597
8611	1	0	1	597	0	599
8612	2	2	585	8	0	597
8613	3	0	4	581	0	588
8614	1	1	6	590	0	598
8615	3	1	573	10	0	587
8616	2	567	3	6	0	578
8617	4	4	4	576	0	588
8618	2	5	580	7	0	594
8619	1	581	5	6	0	593
8620	2	4	3	584	0	593
8621	589	3	3	5	0	600
8622	5	1	0	593	0	599
8623	4	0	1	593	0	598
8624	3	1	2	601	0	607
8625	2	1	1	584	0	588
8626	1	576	0	16	0	593
8627	1	2	1	591	0	595
8628	604	6	0	7	0	617
8629	6	2	0	609	0	617
8630	7	1	0	604	0	612
8631	3	1	2	616	0	622
8632	597	0	0	13	0	610
8633	597	1	1	9	0	608
8634	7	2	1	604	0	614
8635	590	1	3	4	0	598
8636	586	1	1	6	0	594
8637	8	602	0	7	0	617
8638	599	6	3	3	0	611
8639	8	622	1	2	0	633
8640	5	612	2	3	0	622
8641	3	7	3	621	0	634
8642	1	6	628	7	0	642
8643	6	1	4	612	0	623
8644	3	2	6	604	0	615
8645	1	597	1	10	0	609
8646	580	5	0	10	0	595
8647	6	3	0	600	0	609
8648	4	4	636	7	0	651
8649	1	2	5	633	0	641
8650	0	639	6	11	0	656
8651	645	4	4	3	0	656
8652	7	4	0	649	0	660
8653	6	2	664	10	0	682
8654	1	2	6	657	0	666
8655	2	643	4	7	0	656
8656	1	4	1	641	0	647
8657	666	4	2	7	0	679
8658	676	3	0	8	0	687
8659	678	1	1	5	0	685
8660	12	700	0	4	0	716
8661	690	4	1	6	0	701
8662	5	8	1	696	0	710
8663	694	1	3	8	0	706
8664	7	685	3	10	0	705
8665	9	6	1	700	0	716
8666	3	8	698	8	0	717
8667	643	3	5	9	0	660
8668	6	704	6	5	0	721
8669	7	6	3	685	0	701
8670	3	7	0	709	0	719
8671	2	1	0	694	0	697
8672	5	0	0	666	0	671
8673	0	681	1	14	0	696
8674	691	4	0	11	0	706
8675	690	6	0	3	0	699
8676	10	9	685	2	0	706
8677	9	3	4	684	0	700
8678	7	3	685	6	0	701
8679	658	1	6	8	0	673
8680	682	1	5	7	0	695
8681	660	1	2	6	0	669
8682	12	1	1	636	0	650
8683	9	649	0	7	0	665
8684	642	5	1	7	0	655
8685	7	5	1	624	0	637
8686	614	4	2	6	0	626
8687	8	1	598	5	0	612
8688	5	2	577	4	0	588
8689	601	1	9	4	0	615
8690	6	3	5	605	0	619
8691	605	4	1	5	0	615
8692	5	604	4	8	0	621
8693	616	4	1	4	0	625
8694	620	4	0	4	0	628
8695	9	2	605	3	0	619
8696	6	5	561	1	0	573
8697	7	557	4	0	0	568
8698	5	2	3	539	0	549
8699	553	2	4	2	0	561
8700	1	1	0	545	0	547
8701	7	1	1	550	0	559
8702	4	2	549	4	0	559
8703	524	0	1	5	0	530
8704	3	3	5	563	0	574
8705	7	1	562	5	0	575
8706	1	4	559	6	0	570
8707	5	0	4	539	0	548
8708	1	4	552	3	0	560
8709	1	1	546	6	0	554
8710	1	0	8	503	0	512
8711	2	1	579	1	0	583
8712	3	2	2	561	0	568
8713	1	572	4	3	0	580
8714	583	1	2	6	0	592
8715	1	589	3	4	0	597
8716	6	2	1	582	0	591
8717	3	602	0	3	0	608
8718	3	4	606	5	0	618
8719	3	5	6	717	0	731
8720	2	2	891	10	0	905
8721	886	1	17	14	0	918
8722	15	974	13	3	0	1005
8723	998	15	1	3	0	1017
8724	18	18	0	962	0	998
8725	981	2	3	17	0	1003
8726	20	3	974	18	0	1015
8727	19	1002	18	3	0	1042
8728	990	17	16	3	0	1026
8729	19	19	2	925	0	965
8730	19	977	0	14	0	1010
8731	3	18	3	988	0	1012
8732	978	18	1	20	0	1017
8733	18	1057	1	17	0	1093
8734	1071	22	2	5	0	1100
8735	26	22	1078	2	0	1128
8736	1071	5	22	4	0	1102
8737	28	1	23	1063	0	1115
8738	1073	1	4	23	0	1101
8739	22	1025	5	23	0	1075
8740	25	20	3	1032	0	1080
8741	6	23	1	1059	0	1089
8742	5	4	1026	47	0	1082
8743	2	1	24	1043	0	1070
8744	2	1	24	1060	0	1087
8745	1	4	3	1100	0	1108
8746	4	1	5	1102	0	1112
8747	5	2	1052	46	0	1105
8748	3	994	22	27	0	1046
8749	2	21	27	1008	0	1058
8750	979	23	4	23	0	1029
8751	1021	5	1	22	0	1049
8752	48	1014	2	3	0	1067
8753	998	23	3	3	0	1027
8754	995	21	1	5	0	1022
8755	1003	1	3	4	0	1011
8756	45	975	2	2	0	1024
8757	964	22	1	3	0	990
8758	23	24	4	920	0	971
8759	27	5	913	23	0	968
8760	3	909	26	23	0	961
8761	4	25	25	904	0	958
8762	0	25	896	25	0	946
8763	867	2	24	22	0	915
8764	22	2	22	897	0	943
8765	20	2	5	910	0	937
8766	4	2	4	917	0	927
8767	1	1	1	915	0	918
8768	4	2	877	46	0	929
8769	787	0	23	28	0	838
8770	22	868	23	5	0	918
8771	882	24	3	6	0	915
8772	24	888	3	0	0	915
8773	900	24	2	2	0	928
8774	26	23	1	875	0	925
8775	25	3	887	24	0	939
8776	9	5	908	21	0	943
8777	5	2	42	896	0	945
8778	3	1	21	916	0	941
8779	2	3	4	938	0	947
8780	883	1	5	47	0	936
8781	24	2	912	27	0	965
8782	23	3	23	857	0	906
8783	4	907	21	24	0	956
8784	894	20	4	22	0	940
8785	19	21	911	6	0	957
8786	23	914	23	3	0	963
8787	2	22	939	7	0	970
8788	6	21	24	914	0	965
8789	5	4	912	23	0	944
8790	2	6	910	25	0	943
8791	5	1	45	902	0	953
8792	5	3	910	25	0	943
8793	4	1	927	22	0	954
8794	2	3	46	882	0	933
8795	884	2	22	28	0	936
8796	25	2	893	22	0	942
8797	22	3	26	887	0	938
8798	6	4	21	909	0	940
8799	869	2	6	46	0	923
8800	24	3	3	888	0	918
8801	885	5	1	28	0	919
8802	27	863	3	25	0	918
8803	29	23	3	871	0	926
8804	863	20	2	28	0	913
8805	883	3	4	23	0	913
8806	44	6	2	866	0	918
8807	26	0	856	30	0	912
8808	813	2	28	23	0	866
8809	26	853	23	5	0	907
8810	850	24	6	5	0	885
8811	852	18	3	4	0	877
8812	870	4	2	6	0	882
8813	50	4	835	3	0	892
8814	22	848	28	6	0	904
8815	3	23	21	840	0	887
8816	7	26	6	854	0	893
8817	4	1	831	48	0	884
8818	6	788	22	22	0	838
8819	3	679	17	3	0	702
8820	1	547	1	3	0	552
8821	453	18	22	2	0	495
8822	9	7	2	431	0	449
8823	8	2	1	441	0	452
8824	3	1	441	15	0	460
8825	408	0	8	7	0	423
8826	7	1	7	434	0	449
8827	7	2	2	424	0	435
8828	3	0	410	14	0	427
8829	1	411	7	7	0	426
8830	3	6	7	410	0	426
8831	0	7	408	8	0	423
8832	0	381	8	7	0	396
8833	321	2	5	3	0	331
8834	6	3	335	0	0	344
8835	2	0	3	307	0	312
8836	0	323	2	2	0	327
8837	322	2	0	3	0	327
8838	2	3	0	324	0	329
8839	327	0	1	2	0	330
8840	325	1	0	3	0	329
8841	5	326	0	0	0	331
8842	323	4	1	0	0	328
8843	334	3	0	0	0	337
8844	4	1	343	2	0	350
8845	309	1	1	1	0	312
8846	2	0	315	0	0	317
8847	315	0	2	0	0	317
8848	323	0	2	0	0	325
8849	2	0	335	2	0	339
8850	1	0	3	328	0	332
8851	2	2	336	2	0	342
8852	0	0	332	0	0	332
8853	1	1	356	1	0	359
8854	1	1	1	334	0	337
8855	1	0	1	378	0	380
8856	0	0	2	378	0	380
8857	0	0	0	382	0	382
8858	0	1	386	2	0	389
8859	1	1	2	388	0	392
8860	0	366	1	4	0	371
8861	0	3	417	0	0	420
8862	1	0	3	417	0	421
8863	0	1	424	2	0	427
8864	1	421	3	0	0	425
8865	2	444	0	0	0	446
8866	0	3	1	435	0	439
8867	1	0	434	3	0	438
8868	0	0	434	0	0	434
8869	1	0	3	417	0	421
8870	1	0	0	427	0	428
8871	1	0	1	432	0	434
8872	0	0	434	2	0	436
8873	0	424	5	0	0	429
8874	0	441	2	0	0	443
8875	1	4	1	436	0	442
8876	0	0	427	5	0	432
8877	0	1	431	2	0	434
8878	0	439	4	1	0	444
8879	436	4	0	2	0	442
8880	5	445	0	0	0	450
8881	0	5	463	1	0	469
8882	458	1	4	0	0	463
8883	5	0	3	480	0	488
8884	494	0	0	6	0	500
8885	5	0	1	494	0	500
8886	2	1	0	491	0	494
8887	483	0	0	6	0	489
8888	4	521	0	4	0	529
8889	3	7	521	0	0	531
8890	0	533	7	0	0	540
8891	520	4	2	1	0	527
8892	4	524	0	1	0	529
8893	513	3	0	1	0	517
8894	514	2	1	0	0	517
8895	6	512	0	0	0	518
8896	2	5	0	497	0	504
8897	500	2	0	5	0	507
8898	499	1	0	2	0	502
8899	6	1	1	495	0	503
8900	2	3	490	4	0	499
8901	1	0	490	2	0	493
8902	1	1	6	496	0	504
8903	0	1	501	4	0	506
8904	475	0	4	2	0	481
8905	4	496	3	3	0	506
8906	3	3	0	493	0	499
8907	1	2	0	503	0	506
8908	0	0	0	509	0	509
8909	1	0	0	500	0	501
8910	1	1	0	502	0	504
8911	0	2	499	5	0	506
8912	0	496	4	7	0	507
8913	487	5	3	1	0	496
8914	4	2	0	475	0	481
8915	3	0	1	482	0	486
8916	1	0	2	479	0	482
8917	0	480	1	6	0	487
8918	3	3	0	488	0	494
8919	0	3	0	500	0	503
8920	490	0	2	8	0	500
8921	4	483	1	4	0	492
8922	4	499	0	1	0	504
8923	2	8	0	500	0	510
8924	483	5	1	6	0	495
8925	5	0	508	5	0	518
8926	473	0	4	2	0	479
8927	5	2	524	1	0	532
8928	6	1	5	520	0	532
8929	0	1	5	542	0	548
8930	4	1	0	537	0	542
8931	2	2	0	534	0	538
8932	1	2	1	536	0	540
8933	520	2	0	9	0	531
8934	7	2	514	5	0	528
8935	7	2	4	522	0	535
8936	2	2	534	6	0	544
8937	3	534	4	3	0	544
8938	536	5	5	1	0	547
8939	4	5	555	2	0	566
8940	5	0	6	558	0	569
8941	2	0	6	577	0	585
8942	2	4	568	12	0	586
8943	1	0	568	5	0	574
8944	2	1	12	529	0	544
8945	567	1	5	9	0	582
8946	572	0	2	8	0	582
8947	12	568	2	3	0	585
8948	581	8	0	3	0	592
8949	8	5	1	548	0	562
8950	4	578	1	8	0	591
8951	1	6	1	577	0	585
8952	1	7	580	6	0	594
8953	4	1	5	563	0	573
8954	2	0	5	575	0	582
8955	553	1	1	10	0	565
8956	5	556	0	7	0	568
8957	557	5	0	3	0	565
8958	5	548	2	5	0	560
8959	520	4	0	5	0	529
8960	4	521	0	2	0	527
8961	5	518	1	1	0	525
8962	511	8	1	6	0	526
8963	7	4	1	507	0	519
8964	6	512	1	3	0	522
8965	510	6	2	3	0	521
8966	514	5	2	2	0	523
8967	524	1	1	5	0	531
8968	523	0	1	2	0	526
8969	9	534	1	2	0	546
8970	5	6	1	543	0	555
8971	2	4	2	565	0	573
8972	554	1	0	10	0	565
8973	6	1	0	557	0	564
8974	546	0	0	9	0	555
8975	4	2	524	7	0	537
8976	527	0	4	1	0	532
8977	4	0	549	1	0	554
8978	5	0	8	540	0	553
8979	541	1	6	7	0	555
8980	6	543	0	5	0	554
8981	500	4	0	1	0	505
8982	3	494	6	0	0	503
8983	2	4	0	534	0	540
8984	0	5	526	3	0	534
8985	483	0	3	2	0	488
8986	3	519	3	2	0	527
8987	2	4	0	516	0	522
8988	1	3	0	500	0	504
8989	1	0	0	492	0	493
8990	1	2	495	5	0	503
8991	0	495	3	2	0	500
8992	495	4	2	2	0	503
8993	488	2	0	1	0	491
8994	5	488	0	1	0	494
8995	523	3	0	1	0	527
8996	3	2	0	516	0	521
8997	3	521	0	2	0	526
8998	524	3	1	2	0	530
8999	3	3	525	1	0	532
9000	6	521	4	0	0	531
9001	0	3	2	520	0	525
9002	1	2	0	527	0	530
9003	0	2	510	5	0	517
9004	1	0	3	502	0	506
9005	0	3	511	3	0	517
9006	0	0	3	530	0	533
9007	0	0	2	534	0	536
9008	1	0	0	530	0	531
9009	0	2	0	534	0	536
9010	0	0	518	6	0	524
9011	0	0	551	3	0	554
9012	0	615	9	1	0	625
9013	1	6	4	683	0	694
9014	0	4	699	8	0	711
9015	1	684	9	4	0	698
9016	2	14	3	696	0	715
9017	1	5	773	8	0	787
9018	702	1	9	3	0	715
9019	828	0	3	1	0	832
9020	14	1	0	808	0	823
9021	6	1	812	12	0	831
9022	0	0	12	794	0	806
9023	792	1	6	13	0	812
9024	11	833	1	7	0	852
9025	854	11	0	4	0	869
9026	868	5	2	1	0	876
9027	17	0	0	831	0	848
9028	6	0	1	851	0	858
9029	3	0	0	849	0	852
9030	3	0	1	843	0	847
9031	0	1	0	843	0	844
9032	827	0	0	16	0	843
9033	839	1	1	6	0	847
9034	823	0	2	6	0	831
9035	16	1	801	0	0	818
9036	795	0	10	1	0	806
9037	11	0	7	803	0	821
9038	5	3	783	12	0	803
9039	0	790	11	7	0	808
9040	1	10	11	761	0	783
9041	1	5	1	780	0	787
9042	1	785	3	14	0	803
9043	1	9	1	826	0	837
9044	1	9	830	10	0	850
9045	3	3	850	7	0	863
9046	2	0	15	847	0	864
9047	841	1	11	11	0	864
9048	846	3	2	8	0	859
9049	18	1	833	5	0	857
9050	8	786	11	4	0	809
9051	4	816	7	1	0	828
9052	779	17	1	4	0	801
9053	12	6	793	4	0	815
9054	8	2	13	782	0	805
9055	776	0	8	13	0	797
9056	12	761	2	10	0	785
9057	11	776	0	4	0	791
9058	772	17	2	2	0	793
9059	13	8	2	771	0	794
9060	804	2	0	13	0	819
9061	14	2	2	907	0	925
9062	10	1	1	914	0	926
9063	4	0	925	26	0	955
9064	3	0	14	968	0	985
9065	4	3	7	973	0	987
9066	964	3	2	22	0	991
9067	16	2	1	995	0	1014
9068	14	2	1002	19	0	1037
9069	974	1	13	14	0	1002
9070	15	1	10	986	0	1012
9071	979	1	4	19	0	1003
9072	16	952	5	12	0	985
9073	9	987	5	6	0	1007
9074	979	23	0	6	0	1008
9075	983	11	3	4	0	1001
9076	26	5	2	959	0	992
9077	10	2	955	18	0	985
9078	6	1	19	961	0	987
9079	947	3	10	20	0	980
9080	17	949	6	20	0	992
9081	14	15	2	943	0	974
9082	951	12	2	17	0	982
9083	18	7	916	9	0	950
9084	923	4	14	4	0	945
9085	891	2	10	5	0	908
9086	26	2	918	5	0	951
9087	14	0	920	6	0	940
9088	6	3	24	871	0	904
9089	7	3	11	846	0	867
9090	2	912	2	25	0	941
9091	4	16	2	916	0	938
9092	7	11	917	20	0	955
9093	3	3	18	931	0	955
9094	9	0	9	974	0	992
9095	4	1	921	29	0	955
9096	3	902	23	21	0	949
9097	6	15	10	911	0	942
9098	3	12	3	936	0	954
9099	918	5	5	27	0	955
9100	19	4	3	920	0	946
9101	11	2	912	26	0	951
9102	906	0	20	13	0	939
9103	924	3	9	9	0	945
9104	928	0	5	7	0	940
9105	29	6	906	2	0	943
9106	12	7	17	884	0	920
9107	8	2	9	906	0	925
9108	5	2	6	913	0	926
9109	886	0	4	32	0	922
9110	19	887	6	15	0	927
9111	8	13	836	5	0	862
9112	6	795	13	3	0	817
9113	5	731	10	2	0	748
9114	4	722	4	5	0	735
9115	12	32	4	685	0	733
9116	1	12	695	17	0	725
9117	602	2	10	11	0	625
9118	6	645	10	7	0	668
9119	580	7	3	5	0	595
9120	8	614	1	2	0	625
9121	619	10	2	1	0	632
9122	10	620	1	4	0	635
9123	4	11	610	3	0	628
9124	4	7	7	598	0	616
9125	1	2	5	621	0	629
9126	609	1	5	14	0	629
9127	11	2	0	659	0	672
9128	5	8	657	13	0	683
9129	10	0	10	662	0	682
9130	2	4	668	13	0	687
9131	2	667	12	10	0	691
9132	5	11	7	613	0	636
9133	1	673	6	11	0	691
9134	670	12	1	7	0	690
9135	11	7	2	669	0	689
9136	7	3	667	13	0	690
9137	7	1	682	9	0	699
9138	660	3	17	5	0	685
9139	15	1	8	663	0	687
9140	9	2	671	10	0	692
9141	4	1	638	3	0	646
9142	3	640	16	6	0	665
9143	2	16	8	543	0	569
9144	2	600	2	9	0	613
9145	1	9	2	579	0	591
9146	581	5	4	11	0	601
9147	9	2	1	591	0	603
9148	4	3	2	591	0	600
9149	590	1	2	14	0	607
9150	11	2	3	628	0	644
9151	7	2	1	626	0	636
9152	2	638	1	14	0	655
9153	641	7	5	7	0	660
9154	641	6	2	5	0	654
9155	12	0	2	645	0	659
9156	8	3	0	642	0	653
9157	4	0	0	639	0	643
9158	0	625	3	14	0	642
9159	3	644	3	6	0	656
9160	3	14	1	614	0	632
9161	494	4	2	6	0	506
9162	484	4	0	4	0	492
9163	9	456	1	4	0	470
9164	418	5	0	3	0	426
9165	4	412	1	5	0	422
9166	3	405	1	4	0	413
9167	3	11	1	392	0	407
9168	377	2	1	3	0	383
9169	5	373	0	2	0	380
9170	4	385	0	1	0	390
9171	1	7	0	369	0	377
9172	1	3	1	377	0	382
9173	2	1	372	8	0	383
9174	367	0	4	5	0	376
9175	374	0	4	0	0	378
9176	5	1	370	2	0	378
9177	1	4	369	2	0	376
9178	0	0	7	372	0	379
9179	1	1	4	398	0	404
9180	1	394	1	6	0	402
9181	2	4	0	397	0	403
9182	3	5	411	5	0	424
9183	1	1	3	405	0	410
9184	3	1	3	408	0	415
9185	396	1	1	10	0	408
9186	5	1	400	5	0	411
9187	383	1	4	2	0	390
9188	3	1	393	4	0	401
9189	4	2	3	389	0	398
9190	1	2	390	4	0	397
9191	1	5	381	3	0	390
9192	4	3	5	381	0	393
9193	364	3	2	9	0	378
9194	347	2	1	4	0	354
9195	5	349	1	4	0	359
9196	356	3	1	1	0	361
9197	345	4	1	4	0	354
9198	6	346	2	2	0	356
9199	4	8	1	352	0	365
9200	2	3	0	360	0	365
9201	2	1	2	361	0	366
9202	2	4	0	362	0	368
9203	3	1	354	10	0	368
9204	331	1	3	6	0	341
9205	2	1	3	360	0	366
9206	4	0	1	360	0	365
9207	2	356	0	8	0	366
9208	2	5	0	361	0	368
9209	2	5	361	5	0	373
9210	328	2	5	5	0	340
9211	8	0	376	3	0	387
9212	6	6	3	368	0	383
9213	375	3	2	5	0	385
9214	5	385	1	5	0	396
9215	4	5	1	399	0	409
9216	0	6	394	5	0	405
9217	0	2	4	403	0	409
9218	408	1	4	7	0	420
9219	5	3	404	4	0	416
9220	4	3	391	3	0	401
9221	4	385	9	1	0	399
9222	382	4	1	3	0	390
9223	4	371	8	1	0	384
9224	6	4	367	2	0	379
9225	4	3	338	1	0	346
9226	3	337	6	0	0	346
9227	282	4	3	1	0	290
9228	3	281	0	3	0	287
9229	5	2	2	272	0	281
9230	1	2	2	278	0	283
9231	1	2	273	4	0	280
9232	2	0	2	270	0	274
9233	1	0	273	7	0	281
9234	264	1	3	5	0	273
9235	273	0	1	3	0	277
9236	276	0	1	2	0	279
9237	5	2	264	1	0	272
9238	273	0	1	4	0	278
9239	2	1	4	259	0	266
9240	1	268	0	6	0	275
9241	268	2	2	3	0	275
9242	4	2	270	0	0	276
9243	268	0	4	1	0	273
9244	273	0	2	2	0	277
9245	4	1	262	3	0	270
9246	3	261	2	1	0	267
9247	1	5	2	251	0	259
9248	1	1	257	2	0	261
9249	1	3	254	2	0	260
9250	2	5	4	213	0	224
9251	0	0	220	4	0	224
9252	1	0	3	224	0	228
9253	0	2	1	214	0	217
9254	1	0	1	230	0	232
9255	1	2	226	3	0	232
9256	0	0	3	230	0	233
9257	1	0	230	2	0	233
9258	0	2	4	227	0	233
9259	233	0	2	4	0	239
9260	2	2	1	237	0	242
9261	4	233	0	4	0	241
9262	2	2	1	236	0	241
9263	246	2	2	3	0	253
9264	3	251	1	3	0	258
9265	2	5	0	246	0	253
9266	250	2	0	5	0	257
9267	4	1	254	2	0	261
9268	3	0	3	254	0	260
9269	1	1	256	4	0	262
9270	1	2	247	2	0	252
9271	0	0	6	253	0	259
9272	252	2	3	3	0	260
9273	6	0	244	2	0	252
9274	246	1	4	0	0	251
9275	5	0	3	258	0	266
9276	3	0	257	3	0	263
9277	1	1	255	2	0	259
9278	1	1	255	1	0	258
9279	0	0	4	229	0	233
9280	229	0	2	2	0	233
9281	4	229	1	1	0	235
9282	1	4	0	212	0	217
9283	0	1	2	213	0	216
9284	213	0	0	6	0	219
9285	215	0	0	1	0	216
9286	5	213	0	1	0	219
9287	218	4	1	0	0	223
9288	218	1	0	1	0	220
9289	5	0	1	218	0	224
9290	1	0	215	5	0	221
9291	217	0	4	1	0	222
9292	5	0	1	218	0	224
9293	1	0	0	224	0	225
9294	222	0	0	7	0	229
9295	4	0	0	220	0	224
9296	2	0	0	224	0	226
9297	220	0	0	6	0	226
9298	4	228	0	2	0	234
9299	227	3	0	0	0	230
9300	4	2	223	0	0	229
9301	226	0	4	0	0	230
9302	4	0	2	225	0	231
9303	2	238	0	4	0	244
9304	0	4	0	240	0	244
9305	0	2	0	243	0	245
9306	0	0	0	241	0	241
9307	235	1	0	6	0	242
9308	4	238	0	2	0	244
9309	2	232	0	0	0	234
9310	224	4	3	0	0	231
9311	3	2	228	0	0	233
9312	2	1	225	0	0	228
9313	220	0	5	1	0	226
9314	3	1	233	0	0	237
9315	2	0	3	225	0	230
9316	0	0	7	222	0	229
9317	0	0	1	228	0	229
9318	0	2	1	223	0	226
9319	0	229	0	5	0	234
9320	1	3	0	234	0	238
9321	0	2	229	4	0	235
9322	1	0	3	228	0	232
9323	0	0	227	4	0	231
9324	0	1	224	2	0	227
9325	0	0	5	221	0	226
9326	0	0	228	3	0	231
9327	0	0	3	226	0	229
9328	237	0	2	3	0	242
9329	3	1	242	2	0	248
9330	222	0	3	2	0	227
9331	3	0	2	241	0	246
9332	3	0	243	3	0	249
9333	1	241	3	2	0	247
9334	0	3	2	252	0	257
9335	1	2	262	3	0	268
9336	1	0	3	260	0	264
9337	271	0	2	4	0	277
9338	275	0	1	2	0	278
9339	286	0	0	0	0	286
9340	5	0	0	292	0	297
9341	2	0	0	305	0	307
9342	1	0	0	311	0	312
9343	306	0	0	6	0	312
9344	2	316	0	4	0	322
9345	3	3	0	321	0	327
9346	0	2	0	330	0	332
9347	326	1	0	6	0	333
9348	3	330	1	4	0	338
9349	4	4	1	334	0	343
9350	346	3	0	7	0	356
9351	332	1	1	3	0	337
9352	7	0	0	326	0	333
9353	330	0	0	7	0	337
9354	5	1	1	324	0	331
9355	4	1	318	6	0	329
9356	2	1	4	320	0	327
9357	3	1	3	326	0	333
9358	2	2	0	331	0	335
9359	309	0	1	10	0	320
9360	5	308	2	5	0	320
9361	298	5	1	1	0	305
9362	5	308	1	2	0	316
9363	1	307	0	4	0	312
9364	305	4	1	2	0	312
9365	8	308	1	0	0	317
9366	2	5	0	308	0	315
9367	305	1	0	3	0	309
9368	306	1	0	4	0	311
9369	4	1	2	306	0	313
9370	3	0	0	296	0	299
9371	2	301	1	7	0	311
9372	310	5	0	4	0	319
9373	313	1	0	1	0	315
9374	6	313	0	1	0	320
9375	4	309	0	1	0	314
9376	0	8	0	317	0	325
9377	323	5	0	6	0	334
9378	8	0	0	324	0	332
9379	5	2	0	329	0	336
9380	0	1	315	8	0	324
9381	3	3	319	2	0	327
9382	2	0	4	325	0	331
9383	1	0	323	6	0	330
9384	0	327	3	6	0	336
9385	1	5	2	319	0	327
9386	3	1	2	321	0	327
9387	3	0	1	327	0	331
9388	1	4	320	4	0	329
9389	1	3	312	3	0	319
9390	301	2	4	2	0	309
9391	5	320	3	1	0	329
9392	312	2	0	5	0	319
9393	4	3	0	311	0	318
9394	315	0	4	5	0	324
9395	5	2	3	301	0	311
9396	2	322	1	5	0	330
9397	326	5	3	1	0	335
9398	6	4	314	1	0	325
9399	1	306	2	6	0	315
9400	317	2	0	3	0	322
9401	5	0	2	308	0	315
9402	0	308	3	4	0	315
9403	2	4	2	323	0	331
9404	324	0	1	5	0	330
9405	6	3	0	325	0	334
9406	326	1	0	6	0	333
9407	5	2	317	5	0	329
9408	3	2	5	318	0	328
9409	317	0	1	8	0	326
9410	6	4	319	1	0	330
9411	5	316	4	2	0	327
9412	2	6	2	307	0	317
9413	2	2	301	4	0	309
9414	4	2	291	5	0	302
9415	3	0	6	294	0	303
9416	0	3	296	8	0	307
9417	0	1	297	4	0	302
9418	3	1	4	283	0	291
9419	280	0	1	6	0	287
9420	6	0	1	276	0	283
9421	2	1	2	284	0	289
9422	0	3	284	7	0	294
9423	3	1	7	287	0	298
9424	297	0	2	6	0	305
9425	5	3	295	2	0	305
9426	0	295	6	5	0	306
9427	3	5	3	298	0	309
9428	293	1	4	6	0	304
9429	6	0	0	298	0	304
9430	1	295	2	5	0	303
9431	1	9	294	0	0	304
9432	2	1	5	296	0	304
9433	319	1	0	7	0	327
9434	6	1	307	4	0	318
9435	1	0	6	313	0	320
9436	327	1	2	6	0	336
9437	340	0	1	4	0	345
9438	9	349	1	3	0	362
9439	352	7	2	1	0	362
9440	8	3	3	335	0	349
9441	5	0	325	10	0	340
9442	1	317	5	2	0	325
9443	1	326	2	1	0	330
9444	1	7	1	307	0	316
9445	2	1	0	313	0	316
9446	1	0	303	7	0	311
9447	0	301	7	3	0	311
9448	0	305	2	0	0	307
9449	0	6	0	288	0	294
9450	280	1	0	5	0	286
9451	4	286	0	3	0	293
9452	1	5	1	291	0	298
9453	299	2	1	4	0	306
9454	4	1	0	302	0	307
9455	2	0	0	304	0	306
9456	1	0	1	310	0	312
9457	1	1	0	309	0	311
9458	301	1	0	9	0	311
9459	8	0	0	301	0	309
9460	3	1	308	7	0	319
9461	295	0	4	3	0	302
9462	3	1	304	2	0	310
9463	2	1	309	1	0	313
9464	1	1	6	301	0	309
9465	1	1	2	307	0	311
9466	1	0	2	311	0	314
9467	306	1	0	7	0	314
9468	4	0	314	2	0	320
9469	308	1	5	4	0	318
9470	329	1	2	1	0	333
9471	6	1	332	2	0	341
9472	308	1	3	2	0	314
9473	5	1	333	1	0	340
9474	2	337	6	3	0	348
9475	3	3	3	340	0	349
9476	2	2	0	343	0	347
9477	0	1	1	327	0	329
9478	3	0	1	332	0	336
9479	0	0	325	10	0	335
9480	1	1	327	2	0	331
9481	1	1	5	320	0	327
9482	0	1	324	6	0	331
9483	303	0	5	4	0	312
9484	323	0	3	6	0	332
9485	7	0	3	324	0	334
9486	320	1	2	7	0	330
9487	3	331	0	4	0	338
9488	329	4	2	4	0	339
9489	8	2	335	1	0	346
9490	4	1	4	325	0	334
9491	0	329	3	11	0	343
9492	337	4	0	2	0	343
9493	4	3	2	338	0	347
9494	6	1	329	5	0	341
9495	0	0	7	332	0	339
9496	321	1	2	8	0	332
9497	6	1	319	5	0	331
9498	3	0	5	324	0	332
9499	1	1	4	337	0	343
9500	1	0	325	7	0	333
9501	0	317	5	6	0	328
9502	2	294	5	0	0	301
9503	1	5	1	325	0	332
9504	2	2	1	336	0	341
9505	1	0	0	341	0	342
9506	325	0	2	5	0	332
9507	332	3	1	2	0	338
9508	7	2	0	331	0	340
9509	329	0	1	6	0	336
9510	3	318	1	4	0	326
9511	3	4	1	326	0	334
9512	2	3	1	326	0	332
9513	1	1	0	331	0	333
9514	303	0	1	7	0	311
9515	3	302	0	4	0	309
9516	3	4	0	307	0	314
9517	308	2	1	5	0	316
9518	3	0	0	308	0	311
9519	2	0	1	298	0	301
9520	2	290	2	5	0	299
9521	0	305	2	3	0	310
9522	0	6	0	301	0	307
9523	3	2	0	296	0	301
9524	282	0	0	8	0	290
9525	3	0	1	295	0	299
9526	4	2	289	1	0	296
9527	2	1	2	283	0	288
9528	0	283	3	3	0	289
9529	290	1	0	5	0	296
9530	2	4	0	280	0	286
9531	4	0	0	285	0	289
9532	2	285	1	5	0	293
9533	264	1	2	5	0	272
9534	3	283	0	1	0	287
9535	2	2	0	269	0	273
9536	0	1	252	2	0	255
9537	0	8	0	217	0	225
9538	222	0	1	0	0	223
9539	0	227	0	1	0	228
9540	1	0	0	229	0	230
9541	1	237	1	0	0	239
9542	0	1	0	243	0	244
9543	0	1	245	0	0	246
9544	1	0	0	244	0	245
9545	0	0	1	244	0	245
9546	1	0	0	246	0	247
9547	237	0	0	1	0	238
9548	248	0	0	2	0	250
9549	1	257	1	0	0	259
9550	254	0	0	2	0	256
9551	0	267	0	0	0	267
9552	1	260	0	1	0	262
9553	252	2	0	0	0	254
9554	0	1	256	1	0	258
9555	1	0	2	242	0	245
9556	0	0	0	258	0	258
9557	1	0	0	258	0	259
9558	255	0	1	1	0	257
9559	1	250	0	1	0	252
9560	1	0	0	246	0	247
9561	0	250	1	0	0	251
9562	252	1	0	1	0	254
9563	0	1	1	262	0	264
9564	0	1	0	313	0	314
9565	1	356	0	2	0	359
9566	0	2	1	389	0	392
9567	2	2	0	394	0	398
9568	386	0	0	6	0	392
9569	3	371	0	4	0	378
9570	4	371	0	2	0	377
9571	0	4	1	376	0	381
9572	2	2	370	4	0	378
9573	1	3	356	3	0	363
9574	1	4	3	363	0	371
9575	1	1	356	7	0	365
9576	0	2	3	363	0	368
9577	1	2	3	358	0	364
9578	2	1	0	372	0	375
9579	362	0	2	8	0	372
9580	4	0	0	372	0	376
9581	4	2	0	363	0	369
9582	1	378	0	5	0	384
9583	2	4	0	389	0	395
9584	0	4	380	4	0	388
9585	3	0	4	385	0	392
9586	0	2	3	388	0	393
9587	376	1	2	8	0	387
9588	2	1	1	382	0	386
9589	4	2	1	369	0	376
9590	1	0	0	378	0	379
9591	355	1	0	8	0	364
9592	5	365	0	6	0	376
9593	4	6	0	374	0	384
9594	0	6	0	378	0	384
9595	3	2	370	8	0	383
9596	2	2	7	371	0	382
9597	364	2	4	6	0	376
9598	3	364	1	8	0	376
9599	3	3	3	361	0	370
9600	1	3	0	372	0	376
9601	1	1	356	10	0	368
9602	335	3	3	5	0	346
9603	5	351	3	4	0	363
9604	341	6	1	3	0	351
9605	3	4	2	343	0	352
9606	4	1	0	345	0	350
9607	0	2	3	350	0	355
9608	2	2	2	352	0	358
9609	343	0	0	12	0	355
9610	4	1	2	348	0	355
9611	5	345	1	7	0	358
9612	0	4	0	355	0	359
9613	1	3	2	358	0	364
9614	351	1	0	8	0	360
9615	3	347	1	5	0	356
9616	3	6	2	353	0	364
9617	349	3	0	11	0	363
9618	355	0	3	8	0	366
9619	6	2	2	356	0	366
9620	4	2	349	10	0	365
9621	341	1	4	6	0	352
9622	7	1	4	349	0	361
9623	3	2	364	11	0	380
9624	0	1	5	378	0	384
9625	5	1	3	374	0	383
9626	3	1	0	364	0	368
9627	1	386	3	6	0	396
9628	0	4	0	393	0	397
9629	2	2	1	392	0	397
9630	2	2	3	396	0	403
9631	0	3	0	399	0	402
9632	4	0	2	397	0	403
9633	3	1	3	392	0	399
9634	358	0	0	12	0	370
9635	5	3	365	6	0	379
9636	4	371	3	6	0	384
9637	373	2	2	6	0	383
9638	6	369	0	3	0	378
9639	363	5	2	3	0	373
9640	8	4	0	351	0	363
9641	362	1	2	3	0	368
9642	6	1	1	359	0	367
9643	4	1	2	335	0	342
9644	2	346	2	8	0	358
9645	351	3	1	6	0	361
9646	4	2	368	6	0	380
9647	3	1	5	364	0	373
9648	2	3	367	9	0	381
9649	3	3	366	4	0	376
9650	354	1	6	4	0	365
9651	3	1	2	370	0	376
9652	3	1	361	5	0	370
9653	1	2	365	7	0	375
9654	2	0	6	365	0	373
9655	3	2	3	380	0	388
9656	379	0	1	10	0	390
9657	6	1	1	381	0	389
9658	3	0	408	6	0	417
9659	2	1	4	416	0	423
9660	3	2	2	411	0	418
9661	2	421	1	7	0	431
9662	419	5	1	5	0	430
9663	4	415	0	4	0	423
9664	362	2	1	2	0	367
9665	2	305	0	2	0	309
9666	4	280	1	0	0	285
9667	5	2	0	276	0	283
9668	0	1	3	273	0	277
9669	0	0	1	274	0	275
9670	258	0	0	3	0	261
9671	2	0	261	1	0	264
9672	0	2	2	254	0	258
9673	247	1	0	2	0	250
9674	1	254	0	0	0	255
9675	0	252	0	0	0	252
9676	0	1	0	260	0	261
9677	0	0	0	265	0	265
9678	0	0	0	266	0	266
9679	0	266	1	2	0	269
9680	0	0	0	270	0	270
9681	0	1	276	1	0	278
9682	0	0	249	0	0	249
9683	256	0	0	0	0	256
9684	0	0	0	286	0	286
9685	281	0	0	0	0	281
9686	279	0	0	0	0	279
9687	0	290	1	0	0	291
9688	298	0	0	0	0	298
9689	310	0	0	0	0	310
9690	0	0	0	311	0	311
9691	1	0	0	324	0	325
9692	0	3	341	1	0	345
9693	0	345	0	0	0	345
9694	0	1	0	314	0	315
9695	2	1	0	342	0	345
9696	347	0	0	0	0	347
9697	0	0	0	347	0	347
9698	348	0	0	0	0	348
9699	1	0	0	356	0	357
9700	0	349	1	0	0	350
9701	357	0	0	2	0	359
9702	1	0	0	420	0	421
9703	0	0	0	452	0	452
9704	0	0	0	491	0	491
9705	0	1	499	2	0	502
9706	0	0	2	496	0	498
9707	508	0	1	3	0	512
9708	3	0	0	511	0	514
9709	2	0	0	562	0	564
9710	0	0	0	550	0	550
9711	0	539	1	8	0	548
9712	0	557	0	3	0	560
9713	549	6	0	0	0	555
9714	3	566	2	0	0	571
9715	577	3	0	0	0	580
9716	579	2	0	0	0	581
9717	584	0	0	2	0	586
9718	5	0	601	2	0	608
9719	3	610	4	3	0	620
9720	619	3	3	0	0	625
9721	3	3	0	623	0	629
9722	3	1	0	623	0	627
9723	1	0	0	601	0	602
9724	0	592	0	6	0	598
9725	1	3	0	596	0	600
9726	596	3	0	4	0	603
9727	5	0	0	593	0	598
9728	5	0	0	591	0	596
9729	0	0	602	7	0	609
9730	0	2	609	4	0	615
9731	1	0	5	615	0	621
9732	0	0	4	620	0	624
9733	1	629	1	7	0	638
9734	1	2	2	635	0	640
9735	1	3	0	639	0	643
9736	0	0	0	637	0	637
9737	617	0	0	8	0	625
9738	3	1	632	3	0	639
9739	5	2	3	631	0	641
9740	649	1	3	3	0	656
9741	637	1	0	3	0	641
9742	9	1	0	637	0	647
9743	6	0	0	637	0	643
9744	635	0	0	8	0	643
9745	4	625	3	3	0	635
9746	3	613	2	7	0	625
9747	2	7	0	619	0	628
9748	626	3	0	6	0	635
9749	630	1	0	5	0	636
9750	615	0	0	1	0	616
9751	7	2	630	0	0	639
9752	574	2	4	1	0	581
9753	5	1	623	0	0	629
9754	587	2	3	0	0	592
9755	5	622	2	10	0	639
9756	4	5	627	1	0	637
9757	1	4	5	623	0	633
9758	0	3	634	4	0	641
9759	1	2	3	622	0	628
9760	618	1	3	8	0	630
9761	4	3	654	6	0	667
9762	3	0	3	634	0	640
9763	0	670	5	8	0	683
9764	1	3	1	695	0	700
9765	3	3	2	686	0	694
9766	2	0	1	678	0	681
9767	690	0	0	10	0	700
9768	687	1	0	6	0	694
9769	8	1	1	690	0	700
9770	3	1	692	5	0	701
9771	1	1	678	6	0	686
9772	2	1	6	690	0	699
9773	1	5	742	4	0	752
9774	2	1	3	736	0	742
9775	2	0	4	711	0	717
9776	5	0	1	725	0	731
9777	3	709	2	6	0	720
9778	2	708	4	3	0	717
9779	2	6	1	719	0	728
9780	2	4	2	722	0	730
9781	2	1	0	719	0	722
9782	697	2	0	7	0	706
9783	4	1	729	6	0	740
9784	6	0	3	720	0	729
9785	728	1	4	6	0	739
9786	3	731	2	5	0	741
9787	6	8	1	735	0	750
9788	2	3	3	740	0	748
9789	1	0	1	724	0	726
9790	1	2	0	727	0	730
9791	0	4	712	7	0	723
9792	633	1	3	7	0	644
9793	688	0	5	4	0	697
9794	9	0	702	3	0	714
9795	683	1	3	1	0	688
9796	705	0	6	1	0	712
9797	5	2	735	4	0	746
9798	4	776	8	0	0	788
9799	1	3	4	771	0	779
9800	2	4	792	5	0	803
9801	0	781	5	4	0	790
9802	2	2	713	1	0	718
9803	1	691	1	0	0	693
9804	0	12	2	656	0	670
9805	0	2	649	3	0	654
9806	3	0	2	644	0	649
9807	0	1	707	1	0	709
9808	0	695	1	2	0	698
9809	651	0	0	2	0	653
9810	0	649	0	0	0	649
9811	2	697	2	0	0	701
9812	1	1	0	678	0	680
9813	0	0	0	695	0	695
9814	1	0	0	683	0	684
9815	0	0	0	679	0	679
9816	2	0	0	691	0	693
9817	0	0	747	1	0	748
9818	0	0	0	719	0	719
9819	2	0	0	755	0	757
9820	773	0	0	1	0	774
9821	777	0	0	1	0	778
9822	783	0	0	0	0	783
9823	1	0	0	797	0	798
9824	853	0	0	3	0	856
9825	910	0	0	5	0	915
9826	906	0	0	0	0	906
9827	0	1	914	2	0	917
9828	870	0	2	2	0	874
9829	923	0	0	0	0	923
9830	912	0	0	3	0	915
9831	2	0	0	940	0	942
9832	2	0	951	1	0	954
9833	0	0	2	941	0	943
9834	968	0	0	1	0	969
9835	1	0	0	974	0	975
9836	0	1018	2	2	0	1022
9837	1	1	0	1032	0	1034
9838	1038	0	0	3	0	1041
9839	1033	0	0	1	0	1034
9840	1028	1	0	1	0	1030
9841	3	2	1066	1	0	1072
9842	2	0	2	1061	0	1065
9843	1	0	0	1090	0	1091
9844	1	1	1093	2	0	1097
9845	0	1072	2	0	0	1074
9846	0	6	1067	0	0	1073
9847	1	0	3	1069	0	1073
9848	1060	0	0	2	0	1062
9849	3	3	1125	1	0	1132
9850	1	0	2	1117	0	1120
9851	0	2	1132	2	0	1136
9852	1098	0	3	4	0	1105
9853	2	0	1	1146	0	1149
9854	0	0	1205	2	0	1207
9855	0	0	2	1185	0	1187
9856	0	1	1203	1	0	1205
9857	0	1222	3	1	0	1226
9858	0	2	0	1199	0	1201
9859	1212	0	0	3	0	1215
9860	6	0	0	1207	0	1213
9861	2	0	1	1182	0	1185
9862	1183	1	1	6	0	1191
9863	3	1153	1	2	0	1159
9864	1	1164	2	0	0	1167
9865	0	4	0	1167	0	1171
9866	0	1159	3	4	0	1166
9867	0	2	0	1175	0	1177
9868	1	0	0	1177	0	1178
9869	1166	1	1	6	0	1174
9870	2	1167	4	0	0	1173
9871	2	4	1164	0	0	1170
9872	2	1199	4	1	0	1206
9873	1164	3	2	2	0	1171
9874	1183	0	0	2	0	1185
9875	3	0	1	1179	0	1183
9876	1191	0	0	6	0	1197
9877	4	1	0	1189	0	1194
9878	1187	0	3	3	0	1193
9879	1196	2	1	1	0	1200
9880	4	1	2	1231	0	1238
9881	1261	2	0	9	0	1272
9882	6	2	1266	1	0	1275
9883	1238	0	3	1	0	1242
9884	5	2	0	1262	0	1269
9885	1275	0	1	4	0	1280
9886	6	1291	2	1	0	1300
9887	1	3	1	1301	0	1306
9888	2	1	0	1300	0	1303
9889	1283	0	1	3	0	1287
9890	4	0	1300	0	0	1304
9891	1	1293	4	1	0	1299
9892	7	3	0	1298	0	1308
9893	3	1305	1	4	0	1313
9894	3	3	1	1310	0	1317
9895	3	1	1	1298	0	1303
9896	2	0	3	1307	0	1312
9897	1273	2	2	7	0	1284
9898	6	2	1	1246	0	1255
9899	1263	1	1	9	0	1274
9900	1257	2	0	4	0	1263
9901	4	0	3	1273	0	1280
9902	1273	0	0	7	0	1280
9903	1268	0	1	4	0	1273
9904	7	1	1262	2	0	1272
9905	1	2	2	1247	0	1252
9906	1255	1	3	6	0	1265
9907	6	1214	5	3	0	1228
9908	1243	4	0	3	0	1250
9909	1236	1	4	2	0	1243
9910	7	5	1225	3	0	1240
9911	3	1	4	1171	0	1179
9912	1257	1	2	7	0	1267
9913	6	1	1	1286	0	1294
9914	2	3	2	1319	0	1326
9915	7	2	2	1322	0	1333
9916	2	1	2	1374	0	1379
9917	1369	0	2	9	0	1380
9918	8	1	1425	7	0	1441
9919	9	3	9	1459	0	1480
9920	1	5	1667	10	0	1683
9921	5	4	1797	10	0	1816
9922	1744	3	44	9	0	1800
9923	36	2	1964	6	0	2008
9924	21	1915	37	3	0	1976
9925	1899	34	21	5	0	1959
9926	1946	23	1	6	0	1976
9927	60	3	1	1896	0	1960
9928	28	4	1931	36	0	1999
9929	6	3	1949	22	0	1980
9930	1930	1	59	5	0	1995
9931	41	1	22	1980	0	2044
9932	1993	0	3	40	0	2036
9933	38	1999	5	26	0	2068
9934	2025	35	3	6	0	2069
9935	2036	22	2	7	0	2067
9936	63	1995	3	2	0	2063
9937	29	33	1	2012	0	2075
9938	1995	24	2	38	0	2059
9939	39	4	2021	26	0	2090
9940	28	2044	37	3	0	2112
9941	9	40	26	2023	0	2098
9942	2041	23	4	38	0	2106
9943	37	2066	3	26	0	2132
9944	2132	38	1	7	0	2178
9945	42	27	2106	8	0	2183
9946	2090	5	38	3	0	2136
9947	37	9	2135	8	0	2189
9948	2107	0	40	7	0	2154
9949	2063	1	30	6	0	2100
9950	63	3	2064	6	0	2136
9951	36	2070	36	5	0	2147
9952	7	34	34	2030	0	2105
9953	8	33	2079	38	0	2158
9954	6	2035	43	27	0	2111
9955	10	35	29	2003	0	2077
9956	6	27	4	2065	0	2102
9957	8	6	1997	66	0	2077
9958	4	9	40	1976	0	2029
9959	17	1	27	2022	0	2067
9960	8	6	1989	66	0	2069
9961	6	13	40	1914	0	1973
9962	6	1983	34	40	0	2063
9963	2023	37	10	21	0	2091
9964	44	29	9	1957	0	2039
9965	29	2042	10	40	0	2121
9966	15	43	8	1870	0	1936
9967	14	2115	17	35	0	2181
9968	17	46	2092	26	0	2181
9969	10	2110	51	24	0	2195
9970	2087	49	38	9	0	2183
9971	2109	30	11	6	0	2156
9972	2155	10	6	11	0	2182
9973	75	7	2163	13	0	2258
9974	33	12	2170	11	0	2226
9975	15	2240	79	7	0	2341
9976	25	43	34	2076	0	2178
9977	11	2307	13	51	0	2382
9978	18	52	7	1987	0	2064
9979	10	2321	11	43	0	2385
9980	2318	51	6	23	0	2398
9981	2490	34	9	11	0	2544
9982	75	16	8	2560	0	2659
9983	45	10	2577	61	0	2693
9984	2530	7	50	43	0	2630
9985	56	2595	51	13	0	2715
9986	42	60	19	2559	0	2680
9987	15	47	14	2476	0	2552
9988	21	2636	11	80	0	2748
9989	2636	60	9	46	0	2751
9990	76	45	2609	17	0	2747
9991	47	18	64	2593	0	2722
9992	2624	13	44	54	0	2735
9993	2593	10	25	47	0	2675
9994	98	2605	18	16	0	2737
9995	57	61	8	2505	0	2631
9996	20	2648	17	53	0	2738
9997	2675	66	12	43	0	2796
9998	61	48	2668	21	0	2798
9999	50	18	2674	12	0	2754
10000	23	18	89	2575	0	2705
10001	16	9	57	2529	0	2611
10002	13	2613	20	96	0	2742
10003	12	61	21	2623	0	2717
10004	14	48	2613	70	0	2745
10005	2566	15	56	63	0	2700
10006	58	17	49	2655	0	2779
10007	47	11	2642	72	0	2772
10008	19	20	63	2660	0	2762
10009	26	13	44	2582	0	2665
10010	11	2629	20	101	0	2761
10011	20	61	10	2648	0	2739
10012	7	47	13	2628	0	2695
10013	22	26	8	2643	0	2699
10014	2492	14	21	101	0	2628
10015	58	2472	22	59	0	2611
10016	49	2498	13	20	0	2580
10017	2374	85	11	16	0	2486
10018	2292	44	3	15	0	2354
10019	78	2226	16	21	0	2341
10020	29	2020	17	11	0	2077
10021	1794	47	4	6	0	1851
10022	31	1803	14	9	0	1857
10023	21	1774	5	16	0	1816
10024	1724	42	5	9	0	1780
10025	26	1736	7	8	0	1777
10026	1703	32	2	11	0	1748
10027	1695	21	9	5	0	1730
10028	1679	7	3	10	0	1699
10029	41	1618	6	9	0	1674
10030	31	1666	8	9	0	1714
10031	12	38	4	1589	0	1643
10032	11	1649	7	20	0	1687
10033	14	28	3	1670	0	1715
10034	1692	26	5	27	0	1750
10035	28	11	7	1648	0	1694
10036	26	1643	9	29	0	1707
10037	1605	28	7	22	0	1662
10038	30	1625	4	14	0	1673
10039	24	1650	3	12	0	1689
10040	18	51	4	1521	0	1594
10041	15	1584	5	22	0	1626
10042	1545	33	7	19	0	1604
10043	24	25	1536	11	0	1596
10044	28	1518	23	11	0	1580
10045	15	30	20	1523	0	1588
10046	12	23	1530	25	0	1590
10047	8	13	30	1513	0	1564
10048	8	10	23	1544	0	1585
10049	16	12	10	1553	0	1591
10050	9	9	7	1529	0	1554
10051	9	12	1501	47	0	1569
10052	11	1485	26	41	0	1563
10053	1469	28	23	16	0	1536
10054	29	27	1471	14	0	1541
10055	1444	9	29	23	0	1505
10056	33	12	1511	14	0	1570
10057	29	11	29	1512	0	1581
10058	21	12	1518	33	0	1584
10059	12	18	1524	24	0	1578
10060	10	15	39	1508	0	1572
10061	17	9	28	1446	0	1500
10062	14	16	15	1540	0	1585
10063	8	11	8	1528	0	1555
10064	1483	8	16	51	0	1558
10065	34	9	1489	31	0	1563
10066	1466	12	24	28	0	1530
10067	1453	18	23	12	0	1506
10068	1450	15	8	17	0	1490
10069	1457	15	6	19	0	1497
10070	1472	13	7	9	0	1501
10071	59	7	6	1440	0	1512
10072	37	12	1368	33	0	1450
10073	20	10	1315	27	0	1372
10074	17	1325	34	17	0	1393
10075	1236	25	22	11	0	1294
10076	21	39	9	1188	0	1257
10077	28	24	3	1178	0	1233
10078	15	1184	5	40	0	1244
10079	12	1176	3	30	0	1221
10080	12	1145	10	11	0	1178
10081	917	34	5	5	0	961
10082	15	27	0	802	0	844
10083	8	795	0	15	0	818
10084	7	7	2	775	0	791
10085	1	14	780	11	0	806
10086	8	1	821	10	0	840
10087	5	0	14	895	0	914
10088	922	6	8	14	0	950
10089	993	5	3	9	0	1010
10090	996	5	1	2	0	1004
10091	24	6	990	2	0	1022
10092	14	9	10	975	0	1008
10093	5	1	11	1031	0	1048
10094	8	4	1001	23	0	1036
10095	904	2	15	22	0	943
10096	16	7	1012	4	0	1039
10097	11	5	976	1	0	993
10098	3	2	1012	6	0	1023
10099	1	1	23	973	0	998
10100	1	4	9	1009	0	1023
10101	2	3	1028	23	0	1056
10102	3	3	14	1023	0	1043
10103	1029	1	14	16	0	1060
10104	14	0	4	1038	0	1056
10105	13	6	1065	15	0	1099
10106	7	0	1091	14	0	1112
10107	4	0	24	1068	0	1096
10108	1130	1	12	14	0	1157
10109	13	1203	5	16	0	1237
10110	1272	14	5	11	0	1302
10111	1296	12	4	4	0	1316
10112	30	5	1308	1	0	1344
10113	17	0	18	1292	0	1327
10114	1319	1	16	20	0	1356
10115	1297	0	7	16	0	1320
10116	23	1329	4	8	0	1364
10117	22	15	3	1301	0	1341
10118	3	13	5	1345	0	1366
10119	3	3	1337	30	0	1373
10120	6	0	20	1302	0	1328
10121	4	2	1346	21	0	1373
10122	5	2	1301	18	0	1326
10123	6	0	31	1251	0	1288
10124	1253	0	20	19	0	1292
10125	17	1240	6	18	0	1281
10126	1265	15	2	5	0	1287
10127	1238	17	3	4	0	1262
10128	32	1280	3	2	0	1317
10129	20	16	3	1206	0	1245
10130	1251	12	5	17	0	1285
10131	21	1257	4	14	0	1296
10132	1233	13	6	5	0	1257
10133	18	1215	4	6	0	1243
10134	14	14	5	1144	0	1177
10135	6	9	3	1174	0	1192
10136	1147	5	0	26	0	1178
10137	1124	2	7	13	0	1146
10138	21	1151	2	10	0	1184
10139	13	12	1123	6	0	1154
10140	3	7	1140	8	0	1158
10141	3	3	24	1097	0	1127
10142	8	1163	17	11	0	1199
10143	3	14	5	1177	0	1199
10144	4	8	8	1155	0	1175
10145	5	3	4	1168	0	1180
10146	7	4	1160	20	0	1191
10147	9	4	1126	16	0	1155
10148	7	1178	22	7	0	1214
10149	8	11	14	1157	0	1190
10150	12	11	3	1206	0	1232
10151	10	9	1183	17	0	1219
10152	1035	6	13	17	0	1071
10153	20	9	10	1199	0	1238
10154	17	4	1216	18	0	1255
10155	1111	4	16	17	0	1148
10156	19	1206	13	8	0	1246
10157	18	14	1255	9	0	1296
10158	11	13	19	1246	0	1289
10159	1254	5	15	20	0	1294
10160	17	4	1278	19	0	1318
10161	12	6	13	1270	0	1301
10162	7	3	12	1297	0	1319
10163	7	4	7	1397	0	1415
10164	1419	4	7	31	0	1461
10165	15	1385	10	22	0	1432
10166	16	15	9	1403	0	1443
10167	3	19	1445	18	0	1485
10168	8	6	17	1398	0	1429
10169	8	1411	17	22	0	1458
10170	9	1452	8	21	0	1490
10171	1448	26	3	15	0	1492
10172	1447	14	7	10	0	1478
10173	32	6	1449	9	0	1496
10174	1416	7	21	5	0	1449
10175	26	1454	19	3	0	1502
10176	1454	23	4	9	0	1490
10177	19	15	6	1457	0	1497
10178	16	4	1479	27	0	1526
10179	11	4	21	1475	0	1511
10180	9	4	1501	23	0	1537
10181	1456	9	20	24	0	1509
10182	21	1	21	1494	0	1537
10183	16	1541	9	23	0	1589
10184	12	30	3	1549	0	1594
10185	6	22	1536	22	0	1586
10186	3	1483	20	23	0	1529
10187	1383	16	13	10	0	1422
10188	12	1368	16	11	0	1407
10189	8	1322	2	9	0	1341
10190	6	29	5	1261	0	1301
10191	9	1315	3	18	0	1345
10192	9	14	2	1330	0	1355
10193	4	14	1308	14	0	1340
10194	1170	3	13	13	0	1199
10195	1279	4	10	5	0	1298
10196	21	8	1290	3	0	1322
10197	1197	5	11	6	0	1219
10198	11	1266	11	3	0	1291
10199	1274	8	7	4	0	1293
10200	11	9	5	1258	0	1283
10201	12	1	1261	11	0	1285
10202	5	1287	11	9	0	1312
10203	6	12	8	1291	0	1317
10204	4	8	2	1309	0	1323
10205	1226	1	5	18	0	1250
10206	1173	3	4	12	0	1192
10207	17	1188	3	6	0	1214
10208	7	1147	5	2	0	1161
10209	1	1083	2	3	0	1089
10210	3	11	0	1017	0	1031
10211	985	6	4	4	0	999
10212	977	1	1	3	0	982
10213	9	1	0	972	0	982
10214	4	2	1	970	0	977
10215	963	1	1	9	0	974
10216	4	2	1	976	0	983
10217	6	1	992	4	0	1003
10218	956	1	4	6	0	967
10219	989	0	6	3	0	998
10220	9	1	1012	1	0	1023
10221	1001	1	4	3	0	1009
10222	8	3	3	1033	0	1047
10223	5	1	1	1047	0	1054
10224	2	2	2	1053	0	1059
10225	1023	2	1	8	0	1034
10226	6	1067	3	4	0	1080
10227	7	6	0	1062	0	1075
10228	3	1028	4	3	0	1038
10229	1027	7	0	3	0	1037
10230	6	6	0	1026	0	1038
10231	6	2	1	1037	0	1046
10232	3	1029	2	7	0	1041
10233	4	7	1003	6	0	1020
10234	4	4	6	1017	0	1031
10235	1008	1	2	6	0	1017
10236	1184	1	1	6	0	1192
10237	21	3	1275	3	0	1302
10238	13	0	17	1274	0	1304
10239	2	1325	16	18	0	1361
10240	6	16	2	1331	0	1355
10241	1324	13	1	19	0	1357
10242	1334	3	1	12	0	1350
10243	29	2	2	1314	0	1347
10244	15	1316	3	22	0	1356
10245	1352	17	0	17	0	1386
10246	20	14	1	1391	0	1426
10247	1399	4	0	21	0	1424
10248	1462	4	1	16	0	1483
10249	37	3	1	1462	0	1503
10250	16	4	0	1469	0	1489
10251	4	2	1	1468	0	1475
10252	4	1460	3	37	0	1504
10253	9	21	0	1493	0	1523
10254	5	16	3	1488	0	1512
10255	1	6	1431	43	0	1481
10256	5	6	1407	22	0	1440
10257	7	1	39	1365	0	1412
10258	1358	0	19	28	0	1405
10259	23	1364	5	16	0	1408
10260	1357	22	5	4	0	1388
10261	26	19	1370	7	0	1422
10262	21	4	1343	5	0	1373
10263	2	1323	40	6	0	1371
10264	8	19	14	1297	0	1338
10265	4	15	1296	22	0	1337
10266	1	3	1310	20	0	1334
10267	1	2	35	1294	0	1332
10268	1290	1	16	25	0	1332
10269	1300	2	2	17	0	1321
10270	38	2	2	1286	0	1328
10271	19	4	1374	24	0	1421
10272	6	1	22	1379	0	1408
10273	3	1	18	1344	0	1366
10274	2	1380	3	35	0	1420
10275	1357	20	3	20	0	1400
10276	1377	17	2	6	0	1402
10277	35	1378	4	10	0	1427
10278	18	22	4	1297	0	1341
10279	6	1355	7	19	0	1387
10280	1352	23	4	15	0	1394
10281	22	20	1303	7	0	1352
10282	18	5	1278	4	0	1305
10283	5	4	1288	4	0	1301
10284	9	6	34	1254	0	1303
10285	10	1	18	1270	0	1299
10286	1268	3	5	35	0	1311
10287	27	1	3	1267	0	1298
10288	20	4	2	1295	0	1321
10289	6	4	1317	41	0	1368
10290	3	7	1286	19	0	1315
10291	1246	11	36	8	0	1301
10292	22	1289	18	6	0	1335
10293	1312	19	6	7	0	1344
10294	24	15	5	1300	0	1344
10295	22	1	2	1305	0	1330
10296	3	1308	4	36	0	1351
10297	5	25	1	1328	0	1359
10298	1300	15	4	32	0	1351
10299	23	4	5	1308	0	1340
10300	17	6	1320	24	0	1367
10301	4	1292	23	22	0	1341
10302	1282	19	18	9	0	1328
10303	1318	17	7	7	0	1349
10304	1325	4	5	9	0	1343
10305	1333	3	4	10	0	1350
10306	38	2	7	1303	0	1350
10307	23	5	4	1318	0	1350
10308	11	5	1305	39	0	1360
10309	9	1	23	1332	0	1365
10310	8	4	1323	32	0	1367
10311	9	4	23	1329	0	1365
10312	1326	4	17	29	0	1376
10313	24	1361	5	21	0	1411
10314	22	21	5	1367	0	1415
10315	11	16	6	1394	0	1427
10316	1356	5	2	43	0	1406
10317	1343	2	3	25	0	1373
10318	39	5	1332	8	0	1384
10319	18	1331	25	9	0	1383
10320	6	20	17	1334	0	1377
10321	7	18	5	1357	0	1387
10322	1328	3	7	43	0	1381
10323	1325	4	8	23	0	1360
10324	39	1	1340	8	0	1388
10325	19	4	1341	8	0	1372
10326	7	8	35	1284	0	1334
10327	9	1	20	1329	0	1359
10328	8	2	1302	37	0	1349
10329	1254	2	27	21	0	1304
10330	23	8	17	1314	0	1362
10331	1306	1	4	33	0	1344
10332	23	1301	6	25	0	1355
10333	1346	22	4	11	0	1383
10334	26	16	1452	8	0	1502
10335	22	1431	26	5	0	1484
10336	5	1293	16	4	0	1318
10337	1198	17	14	2	0	1231
10338	1153	8	1	4	0	1166
10339	21	1	0	1141	0	1163
10340	9	1155	1	12	0	1177
10341	2	1183	1	9	0	1195
10342	2	18	1	1180	0	1201
10343	1166	9	1	12	0	1188
10344	1169	4	1	15	0	1189
10345	20	4	1123	5	0	1152
10346	1072	0	8	2	0	1082
10347	9	1133	9	1	0	1152
10348	1127	11	2	1	0	1141
10349	14	1558	1	1	0	1574
10350	13	1736	1	3	0	1753
10351	5	56	0	1938	0	1999
10352	2189	29	8	42	0	2268
10353	2246	4	1	27	0	2278
10354	75	1	2223	5	0	2304
10355	41	0	37	2224	0	2302
10356	2236	0	35	50	0	2321
10357	47	1	5	2285	0	2338
10358	2298	0	5	49	0	2352
10359	2304	0	0	41	0	2345
10360	79	1	2279	6	0	2365
10361	38	0	44	2237	0	2319
10362	10	0	34	2272	0	2316
10363	5	0	5	2296	0	2306
10364	1	3	2203	82	0	2289
10365	4	0	42	2213	0	2259
10366	4	1	36	2075	0	2116
10367	2	2164	8	78	0	2252
10368	7	44	2143	39	0	2233
10369	0	2202	43	13	0	2258
10370	2156	48	36	7	0	2247
10371	43	39	4	2076	0	2162
10372	40	8	5	1982	0	2035
10373	11	2079	2	73	0	2165
10374	2064	44	1	39	0	2148
10375	2092	34	4	10	0	2140
10376	80	2052	5	12	0	2149
10377	44	2110	6	4	0	2164
10378	2092	77	2	7	0	2178
10379	52	43	2088	5	0	2188
10380	44	11	2118	5	0	2178
10381	2032	6	81	5	0	2124
10382	49	2091	46	9	0	2195
10383	2102	44	14	8	0	2168
10384	58	41	2077	11	0	2187
10385	2110	10	46	9	0	2175
10386	50	2167	40	15	0	2272
10387	49	45	8	2166	0	2268
10388	16	39	7	2189	0	2251
10389	21	8	7	2133	0	2169
10390	14	8	6	2157	0	2185
10391	12	7	11	2076	0	2106
10392	12	2096	5	93	0	2206
10393	2085	46	5	59	0	2195
10394	56	42	2082	22	0	2202
10395	48	12	52	2091	0	2203
10396	20	12	2115	51	0	2198
10397	15	6	55	2110	0	2186
10398	13	9	43	2119	0	2184
10399	2062	9	12	97	0	2180
10400	53	9	2045	55	0	2162
10401	43	2054	61	19	0	2177
10402	14	50	47	2040	0	2151
10403	15	46	13	2099	0	2173
10404	13	23	2072	84	0	2192
10405	17	12	54	2082	0	2165
10406	22	8	45	2096	0	2171
10407	2025	10	11	95	0	2141
10408	51	2060	14	55	0	2180
10409	2087	51	3	30	0	2171
10410	2106	46	4	21	0	2177
10411	99	14	8	2058	0	2179
10412	55	19	2034	60	0	2168
10413	19	19	2041	49	0	2128
10414	24	15	87	1967	0	2093
10415	15	8	57	1941	0	2021
10416	19	1991	36	75	0	2121
10417	1973	51	19	49	0	2092
10418	60	1984	13	21	0	2078
10419	48	2013	13	26	0	2100
10420	1980	91	8	20	0	2099
10421	60	48	10	1924	0	2042
10422	53	2036	17	52	0	2158
10423	20	62	3	2078	0	2163
10424	19	52	2007	68	0	2146
10425	9	17	2029	65	0	2120
10426	9	9	91	2021	0	2130
10427	4	13	2046	72	0	2135
10428	13	7	64	2016	0	2100
10429	13	14	51	2022	0	2100
10430	17	9	18	2080	0	2124
10431	1985	11	18	100	0	2114
10432	57	1947	21	64	0	2089
10433	43	2032	14	31	0	2120
10434	1893	85	12	26	0	2016
10435	1925	52	12	20	0	2009
10436	91	17	10	1883	0	2001
10437	40	22	1895	64	0	2021
10438	20	12	47	1926	0	2005
10439	17	20	1903	66	0	2006
10440	12	1875	72	53	0	2012
10441	20	51	47	1886	0	2004
10442	1890	41	16	61	0	2008
10443	57	19	12	1933	0	2021
10444	46	20	1866	60	0	1992
10445	1812	7	52	52	0	1923
10446	64	11	1905	25	0	2005
10447	53	8	1882	22	0	1965
10448	13	1822	83	20	0	1938
10449	13	1398	31	13	0	1455
10450	9	1230	20	9	0	1268
10451	834	65	46	55	0	1000
10452	724	5	6	10	0	745
10453	6	1	2	720	0	729
10454	3	2	1	716	0	722
10455	2	1	1	725	0	729
10456	2	719	1	9	0	731
10457	709	4	0	6	0	719
10458	6	716	1	3	0	726
10459	1	6	0	736	0	743
10460	722	2	2	8	0	734
10461	8	1	2	721	0	732
10462	4	2	2	726	0	734
10463	720	0	5	12	0	737
10464	715	1	4	3	0	723
10465	7	3	737	3	0	750
10466	2	5	728	3	0	738
10467	5	2	754	1	0	762
10468	2	7	5	723	0	737
10469	3	2	3	751	0	759
10470	2	746	4	6	0	758
10471	787	6	1	3	0	797
10472	6	5	0	788	0	799
10473	3	4	2	812	0	821
10474	4	813	2	10	0	829
10475	3	898	2	2	0	905
10476	2	10	0	906	0	918
10477	3	2	2	1021	0	1028
10478	1024	3	0	14	0	1041
10479	1008	2	1	12	0	1023
10480	20	2	1	996	0	1019
10481	12	3	999	14	0	1028
10482	5	6	981	6	0	998
10483	1	1	16	994	0	1012
10484	4	1	11	976	0	992
10485	2	970	2	18	0	992
10486	931	10	2	13	0	956
10487	11	8	2	943	0	964
10488	13	2	946	13	0	974
10489	1	2	12	954	0	969
10490	2	3	967	16	0	988
10491	4	2	977	10	0	993
10492	3	3	17	971	0	994
10493	975	1	8	18	0	1002
10494	11	2	964	11	0	988
10495	11	0	9	952	0	972
10496	4	1	1054	13	0	1072
10497	1	1	11	1050	0	1063
10498	1	1	9	1063	0	1074
10499	1	3	1060	19	0	1083
10500	1	3	1028	11	0	1043
10501	2	0	13	973	0	988
10502	4	1	8	1044	0	1057
10503	4	0	5	1047	0	1056
10504	1	0	5	1038	0	1044
10505	1019	0	5	20	0	1044
10506	1022	0	2	16	0	1040
10507	18	1019	4	3	0	1044
10508	1028	12	2	4	0	1046
10509	15	7	2	1020	0	1044
10510	1035	2	1	15	0	1053
10511	12	4	1017	10	0	1043
10512	1026	0	11	6	0	1043
10513	11	2	9	1058	0	1080
10514	12	2	3	1081	0	1098
10515	1075	1	3	22	0	1101
10516	14	0	2	1150	0	1166
10517	9	3	1228	14	0	1254
10518	1207	2	19	14	0	1242
10519	17	1270	12	7	0	1306
10520	10	17	4	1321	0	1352
10521	3	11	1440	22	0	1476
10522	5	1	20	1371	0	1397
10523	4	5	1399	22	0	1430
10524	3	3	21	1376	0	1403
10525	3	1386	15	24	0	1428
10526	1	20	4	1394	0	1419
10527	4	1490	3	26	0	1523
10528	1	25	4	1409	0	1439
10529	8	18	1	1556	0	1583
10530	2	1	1	1576	0	1580
10531	3	1	4	1570	0	1578
10532	5	0	4	1579	0	1588
10533	2	3	1507	45	0	1557
10534	3	0	26	1522	0	1551
10535	2	0	19	1544	0	1565
10536	1523	1	4	41	0	1569
10537	22	1505	6	25	0	1558
10538	1517	23	4	7	0	1551
10539	28	20	2	1529	0	1579
10540	20	5	1527	29	0	1581
10541	4	1528	25	26	0	1583
10542	1501	22	17	10	0	1550
10543	23	1535	11	13	0	1582
10544	18	1572	3	5	0	1598
10545	1526	40	1	6	0	1573
10546	24	21	1	1633	0	1679
10547	1632	5	3	29	0	1669
10548	25	1	3	1597	0	1626
10549	24	2	1585	29	0	1640
10550	3	1	1586	24	0	1614
10551	1488	0	43	13	0	1544
10552	1582	2	25	10	0	1619
10553	47	0	4	1552	0	1603
10554	23	2	3	1572	0	1600
10555	1523	2	4	47	0	1576
10556	21	1542	2	29	0	1594
10557	21	1557	3	8	0	1589
10558	1545	42	3	6	0	1596
10559	1537	24	2	9	0	1572
10560	44	1527	3	4	0	1578
10561	27	21	5	1516	0	1569
10562	7	26	1505	25	0	1563
10563	5	7	1503	27	0	1542
10564	1459	3	45	5	0	1512
10565	26	5	1521	8	0	1560
10566	25	2	29	1461	0	1517
10567	10	2	24	1443	0	1479
10568	5	1485	3	45	0	1538
10569	1474	22	5	29	0	1530
10570	26	24	6	1478	0	1534
10571	26	4	1453	24	0	1507
10572	9	1443	26	31	0	1509
10573	7	28	21	1415	0	1471
10574	4	25	1424	24	0	1477
10575	4	6	1370	26	0	1406
10576	2	1346	46	4	0	1398
10577	1212	18	20	9	0	1259
10578	21	1253	8	5	0	1287
10579	1256	21	4	3	0	1284
10580	23	18	1228	5	0	1274
10581	1206	3	18	8	0	1235
10582	20	1243	23	4	0	1290
10583	18	21	6	1240	0	1285
10584	9	15	2	1279	0	1305
10585	1265	5	4	39	0	1313
10586	20	6	1250	25	0	1301
10587	1236	2	19	12	0	1269
10588	1242	2	17	11	0	1272
10589	40	3	1219	4	0	1266
10590	21	4	1242	10	0	1277
10591	11	4	38	1206	0	1259
10592	1230	3	19	30	0	1282
10593	1233	6	6	19	0	1264
10594	38	1259	9	8	0	1314
10595	23	19	5	1279	0	1326
10596	10	19	4	1207	0	1240
10597	6	8	4	1231	0	1249
10598	6	5	4	1242	0	1257
10599	1207	2	4	42	0	1255
10600	24	3	6	1237	0	1270
10601	24	9	1212	22	0	1267
10602	10	7	1198	22	0	1237
10603	1145	6	35	9	0	1195
10604	21	1202	21	8	0	1252
10605	22	1228	11	6	0	1267
10606	6	36	10	1220	0	1272
10607	11	23	3	1231	0	1268
10608	13	5	6	1240	0	1264
10609	6	6	5	1251	0	1268
10610	8	6	1216	40	0	1270
10611	6	5	21	1223	0	1255
10612	11	2	19	1210	0	1242
10613	8	4	1163	40	0	1215
10614	1076	6	19	20	0	1121
10615	20	1164	23	7	0	1214
10616	1109	16	6	6	0	1137
10617	19	15	1037	6	0	1077
10618	20	4	1005	5	0	1034
10619	5	979	25	5	0	1014
10620	891	16	60	8	0	975
10621	813	11	7	8	0	839
10622	830	7	2	4	0	843
10623	18	813	4	3	0	838
10624	828	8	1	4	0	841
10625	12	12	846	3	0	873
10626	12	826	6	5	0	849
10627	789	6	8	5	0	808
10628	9	812	5	0	0	826
10629	764	7	3	1	0	775
10630	743	8	0	1	0	752
10631	12	3	756	2	0	773
10632	4	768	7	5	0	784
10633	755	7	6	3	0	771
10634	8	8	743	4	0	763
10635	7	741	8	6	0	762
10636	2	12	4	716	0	734
10637	1	5	722	7	0	735
10638	0	0	715	5	0	720
10639	2	3	10	697	0	712
10640	684	1	7	6	0	698
10641	7	685	1	6	0	699
10642	5	3	689	1	0	698
10643	0	4	669	3	0	676
10644	623	1	10	0	0	634
10645	6	666	5	0	0	677
10646	582	2	5	0	0	589
10647	3	583	1	0	0	587
10648	595	3	0	1	0	599
10649	581	3	0	2	0	586
10650	8	577	1	1	0	587
10651	2	5	0	579	0	586
10652	607	2	2	2	0	613
10653	2	0	2	618	0	622
10654	3	0	0	655	0	658
10655	640	1	0	5	0	646
10656	3	653	1	6	0	663
10657	656	4	4	2	0	666
10658	4	3	647	2	0	656
10659	2	0	3	646	0	651
10660	0	0	3	658	0	661
10661	648	1	2	7	0	658
10662	655	1	0	6	0	662
10663	6	0	0	649	0	655
10664	3	2	653	5	0	663
10665	2	1	4	644	0	651
10666	0	2	4	647	0	653
10667	2	0	0	655	0	657
10668	1	0	2	650	0	653
10669	634	0	2	7	0	643
10670	4	3	646	4	0	657
10671	5	640	5	0	0	650
10672	3	4	3	642	0	652
10673	2	3	0	684	0	689
10674	1	2	668	7	0	678
10675	5	0	667	3	0	675
10676	1	1	8	686	0	696
10677	4	2	3	697	0	706
10678	2	3	698	8	0	711
10679	2	2	6	690	0	700
10680	701	1	4	5	0	711
10681	8	729	2	4	0	743
10682	3	6	709	3	0	721
10683	2	722	6	2	0	732
10684	4	10	3	700	0	717
10685	1	5	708	8	0	722
10686	1	697	9	2	0	709
10687	2	8	2	679	0	691
10688	1	4	696	10	0	711
10689	2	2	8	689	0	701
10690	2	0	2	686	0	690
10691	680	1	1	10	0	692
10692	9	2	2	680	0	693
10693	681	2	2	10	0	695
10694	650	0	2	5	0	657
10695	656	0	1	3	0	660
10696	14	3	1	636	0	654
10697	5	2	644	9	0	660
10698	2	1	639	2	0	644
10699	630	0	12	2	0	644
10700	7	0	656	3	0	666
10701	636	0	10	2	0	648
10702	11	651	3	2	0	667
10703	643	10	2	0	0	655
10704	10	5	661	2	0	678
10705	3	2	694	1	0	700
10706	1	1	12	691	0	705
10707	2	2	733	9	0	746
10708	2	3	751	4	0	760
10709	1	1	12	808	0	822
10710	2	0	6	843	0	851
10711	2	0	1	846	0	849
10712	0	865	1	23	0	889
10713	3	17	1	817	0	838
10714	3	884	1	17	0	905
10715	871	17	1	6	0	895
10716	883	6	2	4	0	895
10717	20	3	0	835	0	858
10718	9	857	2	15	0	883
10719	2	15	896	6	0	919
10720	884	6	19	3	0	912
10721	18	1	7	894	0	920
10722	6	1	3	914	0	924
10723	7	0	1	923	0	931
10724	884	2	2	27	0	915
10725	18	864	3	12	0	897
10726	8	892	3	2	0	905
10727	825	24	2	1	0	852
10728	16	853	2	3	0	874
10729	857	19	5	1	0	882
10730	851	7	3	5	0	866
10731	24	855	4	6	0	889
10732	13	18	3	825	0	859
10733	3	852	4	20	0	879
10734	1	21	1	859	0	882
10735	5	6	1	882	0	894
10736	868	7	4	26	0	905
10737	908	2	1	13	0	924
10738	24	2	1	905	0	932
10739	11	3	889	20	0	923
10740	852	2	17	9	0	880
10741	19	888	11	5	0	923
10742	9	19	6	883	0	917
10743	4	7	4	902	0	917
10744	7	3	2	907	0	919
10745	849	5	1	30	0	885
10746	855	0	2	15	0	872
10747	22	834	3	9	0	868
10748	12	844	1	7	0	864
10749	9	27	1	844	0	881
10750	6	14	3	859	0	882
10751	4	8	852	25	0	889
10752	4	2	19	829	0	854
10753	4	6	815	21	0	846
10754	4	0	784	11	0	799
10755	6	768	24	5	0	803
10756	3	19	9	755	0	786
10757	769	6	4	21	0	800
10758	20	6	2	769	0	797
10759	9	4	788	22	0	823
10760	778	2	16	11	0	807
10761	797	3	6	6	0	812
10762	26	2	805	4	0	837
10763	11	5	19	802	0	837
10764	803	1	7	19	0	830
10765	24	805	5	8	0	842
10766	818	21	0	10	0	849
10767	850	6	2	8	0	866
10768	24	6	2	829	0	861
10769	12	6	3	853	0	874
10770	839	2	2	26	0	869
10771	26	3	2	832	0	863
10772	9	2	816	27	0	854
10773	771	5	18	15	0	809
10774	789	1	9	10	0	809
10775	28	788	4	6	0	826
10776	12	777	3	13	0	805
10777	12	22	1	754	0	789
10778	2	792	7	18	0	819
10779	7	23	3	778	0	811
10780	773	10	3	20	0	806
10781	758	7	4	10	0	779
10782	24	744	2	6	0	776
10783	727	17	4	8	0	756
10784	20	743	5	4	0	772
10785	747	18	0	9	0	774
10786	749	8	5	8	0	770
10787	25	5	730	9	0	769
10788	738	5	17	5	0	765
10789	23	727	10	7	0	767
10790	13	762	3	5	0	783
10791	757	19	5	6	0	787
10792	24	11	5	753	0	793
10793	12	6	768	24	0	810
10794	18	2	17	760	0	797
10795	8	7	9	766	0	790
10796	7	7	755	26	0	795
10797	706	2	17	17	0	742
10798	18	739	6	14	0	777
10799	742	14	8	8	0	772
10800	25	9	2	727	0	763
10801	723	1	2	24	0	750
10802	21	714	5	8	0	748
10803	14	13	3	724	0	754
10804	710	8	3	21	0	742
10805	23	8	681	8	0	720
10806	7	5	656	12	0	680
10807	588	8	26	5	0	627
10808	17	601	8	9	0	635
10809	9	510	2	5	0	526
10810	10	20	4	465	0	499
10811	8	492	10	6	0	516
10812	9	11	4	483	0	507
10813	8	4	3	512	0	527
10814	5	7	3	497	0	512
10815	9	491	0	9	0	509
10816	5	9	5	488	0	507
10817	4	7	481	8	0	500
10818	6	460	6	9	0	481
10819	4	15	2	408	0	429
10820	6	427	1	8	0	442
10821	417	8	1	7	0	433
10822	420	5	3	8	0	436
10823	417	2	6	5	0	430
10824	11	426	2	7	0	446
10825	5	7	4	413	0	429
10826	7	6	416	4	0	433
10827	10	6	407	4	0	427
10828	386	5	7	0	0	398
10829	390	4	2	5	0	401
10830	12	5	1	407	0	425
10831	5	5	1	419	0	430
10832	2	4	415	11	0	432
10833	6	394	11	12	0	423
10834	7	405	5	4	0	421
10835	5	8	397	3	0	413
10836	6	13	5	371	0	395
10837	2	6	5	336	0	349
10838	2	5	4	368	0	379
10839	3	5	0	373	0	381
10840	363	8	0	8	0	379
10841	4	4	358	7	0	373
10842	355	1	3	9	0	368
10843	5	5	3	362	0	375
10844	359	4	2	11	0	376
10845	7	1	1	369	0	378
10846	7	1	379	6	0	393
10847	1	7	10	378	0	396
10848	9	3	391	6	0	409
10849	4	4	3	379	0	390
10850	8	3	389	6	0	406
10851	4	359	5	7	0	375
10852	2	3	7	348	0	360
10853	3	3	1	356	0	363
10854	1	353	3	8	0	365
10855	361	4	4	7	0	376
10856	6	3	6	359	0	374
10857	5	6	1	366	0	378
10858	374	1	1	13	0	389
10859	388	1	0	10	0	399
10860	395	3	1	4	0	403
10861	397	1	3	2	0	403
10862	10	1	360	5	0	376
10863	356	2	5	1	0	364
10864	369	0	7	0	0	376
10865	12	1	2	361	0	376
10866	9	1	1	359	0	370
10867	350	3	0	6	0	359
10868	4	348	3	8	0	363
10869	9	2	0	331	0	342
10870	1	5	349	3	0	358
10871	0	353	2	5	0	360
10872	358	2	3	2	0	365
10873	359	4	3	2	0	368
10874	357	0	0	5	0	362
10875	362	0	1	0	0	363
10876	3	1	0	352	0	356
10877	2	0	343	3	0	348
10878	1	1	353	2	0	357
10879	1	0	4	395	0	400
10880	422	0	2	3	0	427
10881	7	0	0	418	0	425
10882	4	1	434	5	0	444
10883	433	0	7	4	0	444
10884	440	0	4	0	0	444
10885	9	0	1	439	0	449
10886	4	1	452	7	0	464
10887	1	1	457	3	0	462
10888	427	0	9	1	0	437
10889	5	455	4	1	0	465
10890	3	6	460	0	0	469
10891	0	3	6	457	0	466
10892	461	0	4	7	0	472
10893	5	447	0	5	0	457
10894	3	457	0	1	0	461
10895	452	10	1	0	0	463
10896	6	3	1	455	0	465
10897	469	1	0	7	0	477
10898	5	0	1	469	0	475
10899	4	0	0	466	0	470
10900	0	0	459	10	0	469
10901	0	1	435	3	0	439
10902	2	1	465	1	0	469
10903	3	0	10	449	0	462
10904	460	0	6	8	0	474
10905	8	0	469	5	0	482
10906	5	0	7	478	0	490
10907	3	0	506	8	0	517
10908	0	524	10	7	0	541
10909	2	8	7	528	0	545
10910	3	4	0	537	0	544
10911	3	0	2	536	0	541
10912	515	1	2	16	0	534
10913	8	0	4	515	0	527
10914	6	1	3	524	0	534
10915	519	1	1	15	0	536
10916	10	6	516	5	0	537
10917	505	1	12	3	0	521
10918	515	0	4	4	0	523
10919	14	2	516	1	0	533
10920	483	3	12	2	0	500
10921	12	2	5	511	0	530
10922	9	4	522	9	0	544
10923	513	1	10	9	0	533
10924	534	1	4	3	0	542
10925	14	0	1	522	0	537
10926	8	0	2	526	0	536
10927	4	0	3	523	0	530
10928	515	0	3	15	0	533
10929	10	522	2	8	0	542
10930	496	7	2	5	0	510
10931	9	488	4	2	0	503
10932	6	486	5	6	0	503
10933	2	12	3	494	0	511
10934	6	5	2	501	0	514
10935	0	3	1	502	0	506
10936	0	1	2	509	0	512
10937	1	0	497	18	0	516
10938	471	1	9	8	0	489
10939	11	2	4	495	0	512
10940	5	0	494	15	0	514
10941	1	0	9	499	0	509
10942	6	0	5	503	0	514
10943	2	2	525	13	0	542
10944	6	1	9	526	0	542
10945	5	1	5	538	0	549
10946	520	1	5	15	0	541
10947	10	1	534	5	0	550
10948	478	0	12	6	0	496
10949	9	515	7	6	0	537
10950	517	9	2	2	0	530
10951	506	4	5	2	0	517
10952	14	0	3	500	0	517
10953	6	1	500	14	0	521
10954	5	532	10	7	0	554
10955	4	12	2	500	0	518
10956	2	588	0	12	0	602
10957	573	8	3	9	0	593
10958	10	9	564	3	0	586
10959	6	3	546	20	0	575
10960	2	2	11	560	0	575
10961	4	2	569	12	0	587
10962	5	1	11	565	0	582
10963	2	2	8	565	0	577
10964	572	0	2	17	0	591
10965	12	578	3	5	0	598
10966	6	9	4	586	0	605
10967	3	4	4	592	0	603
10968	3	1	3	584	0	591
10969	3	569	4	16	0	592
10970	4	560	3	7	0	574
10971	542	10	1	8	0	561
10972	544	4	2	9	0	559
10973	546	1	3	4	0	554
10974	15	1	544	5	0	565
10975	9	3	8	539	0	559
10976	6	3	542	9	0	560
10977	6	543	9	5	0	563
10978	509	9	9	2	0	529
10979	5	10	478	2	0	495
10980	3	4	4	451	0	462
10981	3	1	464	8	0	476
10982	428	0	3	6	0	437
10983	458	0	4	2	0	464
10984	470	0	1	1	0	472
10985	459	0	2	3	0	464
10986	7	1	462	2	0	472
10987	440	1	3	3	0	447
10988	461	0	2	2	0	465
10989	6	460	3	1	0	470
10990	445	3	4	2	0	454
10991	446	3	1	5	0	455
10992	10	0	1	425	0	436
10993	3	459	3	4	0	469
10994	472	4	1	3	0	480
10995	522	2	0	2	0	526
10996	9	1	586	5	0	601
10997	6	2	602	1	0	611
10998	3	2	619	1	0	625
10999	4	3	11	600	0	618
11000	604	2	7	5	0	618
11001	6	610	3	6	0	625
11002	595	5	3	3	0	606
11003	7	605	3	3	0	618
11004	603	7	1	2	0	613
11005	7	598	4	1	0	610
11006	6	603	0	2	0	611
11007	572	7	1	1	0	581
11008	7	557	0	3	0	567
11009	5	6	1	557	0	569
11010	4	5	555	5	0	569
11011	1	2	567	4	0	574
11012	0	2	6	567	0	575
11013	1	1	4	572	0	578
11014	0	1	565	6	0	572
11015	1	1	4	555	0	561
11016	4	2	4	575	0	585
11017	576	0	1	8	0	585
11018	5	578	3	5	0	591
11019	9	3	0	536	0	548
11020	2	582	2	4	0	590
11021	580	4	1	4	0	589
11022	5	587	1	2	0	595
11023	580	5	1	1	0	587
11024	580	5	0	2	0	587
11025	9	0	2	580	0	591
11026	9	1	0	575	0	585
11027	4	0	2	583	0	589
11028	3	1	1	589	0	594
11029	3	0	570	8	0	581
11030	520	1	4	5	0	530
11031	6	573	4	2	0	585
11032	5	5	2	584	0	596
11033	4	4	2	577	0	587
11034	3	584	2	8	0	597
11035	586	6	1	5	0	598
11036	5	606	1	3	0	615
11037	5	7	0	601	0	613
11038	4	5	0	602	0	611
11039	3	3	0	606	0	612
11040	2	2	1	614	0	619
11041	598	2	2	9	0	611
11042	6	1	604	6	0	617
11043	3	1	5	590	0	599
11044	2	1	5	593	0	601
11045	2	1	4	600	0	607
11046	2	1	4	582	0	589
11047	568	2	1	13	0	584
11048	7	0	583	7	0	597
11049	4	4	7	556	0	571
11050	2	564	3	9	0	578
11051	3	580	2	5	0	590
11052	572	10	2	1	0	585
11053	7	7	588	1	0	603
11054	532	5	4	1	0	542
11055	10	4	559	0	0	573
11056	4	3	5	507	0	519
11057	519	2	3	9	0	533
11058	6	535	3	5	0	549
11059	3	6	4	507	0	520
11060	1	514	4	7	0	526
11061	521	4	2	5	0	532
11062	518	4	4	1	0	527
11063	6	3	2	518	0	529
11064	4	2	510	9	0	525
11065	3	2	499	5	0	509
11066	4	2	6	492	0	504
11067	2	507	5	6	0	520
11068	3	8	1	523	0	535
11069	4	7	0	507	0	518
11070	1	6	2	514	0	523
11071	2	3	517	13	0	535
11072	7	3	4	507	0	521
11073	4	5	4	509	0	522
11074	2	514	4	12	0	532
11075	1	5	2	494	0	502
11076	1	2	2	529	0	534
11077	1	0	2	538	0	541
11078	3	0	3	530	0	536
11079	3	1	2	526	0	532
11080	0	2	3	531	0	536
11081	2	1	1	517	0	521
11082	1	5	1	512	0	519
11083	3	3	493	12	0	511
11084	3	3	5	495	0	506
11085	492	4	3	7	0	506
11086	8	1	3	495	0	507
11087	3	3	498	8	0	512
11088	473	1	4	7	0	485
11089	495	3	2	5	0	505
11090	501	1	2	5	0	509
11091	496	1	4	5	0	506
11092	11	1	0	503	0	515
11093	5	2	497	8	0	512
11094	2	478	6	9	0	495
11095	0	423	3	4	0	430
11096	6	7	7	342	0	362
11097	0	0	1	346	0	347
11098	0	0	0	336	0	336
11099	0	1	0	350	0	351
11100	1	0	0	379	0	380
11101	447	0	0	5	0	452
11102	6	455	1	3	0	465
11103	2	492	2	0	0	496
11104	0	11	0	489	0	500
11105	0	3	1	498	0	502
11106	0	1	0	491	0	492
11107	2	0	0	481	0	483
11108	0	0	477	10	0	487
11109	0	469	6	5	0	480
11110	1	6	3	474	0	484
11111	461	3	0	7	0	471
11112	6	0	0	463	0	469
11113	3	3	458	7	0	471
11114	1	1	465	4	0	471
11115	0	2	477	0	0	479
11116	0	0	9	442	0	451
11117	466	0	3	7	0	476
11118	7	0	0	465	0	472
11119	3	0	1	482	0	486
11120	473	0	0	10	0	483
11121	8	0	0	486	0	494
11122	5	0	0	497	0	502
11123	1	0	507	9	0	517
11124	0	509	7	4	0	520
11125	0	6	4	529	0	539
11126	522	4	0	7	0	533
11127	6	1	0	533	0	540
11128	3	1	537	7	0	548
11129	0	0	6	534	0	540
11130	2	534	4	7	0	547
11131	0	7	0	542	0	549
11132	0	5	539	6	0	550
11133	1	591	7	5	0	604
11134	1	8	3	594	0	606
11135	0	6	0	667	0	673
11136	1	1	1	671	0	674
11137	1	1	1	679	0	682
11138	0	1	671	15	0	687
11139	0	666	9	9	0	684
11140	672	8	4	5	0	689
11141	678	5	1	2	0	686
11142	17	0	2	668	0	687
11143	4	4	664	11	0	683
11144	642	0	10	4	0	656
11145	9	1	4	658	0	672
11146	5	0	690	9	0	704
11147	2	0	10	690	0	702
11148	3	0	6	686	0	695
11149	1	0	1	689	0	691
11150	1	1	708	13	0	723
11151	0	2	8	657	0	667
11152	0	728	5	8	0	741
11153	718	9	1	7	0	735
11154	722	4	1	2	0	729
11155	713	1	0	3	0	717
11156	12	719	2	1	0	734
11157	716	8	1	3	0	728
11158	8	4	0	704	0	716
11159	698	1	1	10	0	710
11160	705	2	0	7	0	714
11161	13	1	703	0	0	717
11162	5	704	8	2	0	719
11163	693	9	4	2	0	708
11164	11	4	1	700	0	716
11165	9	1	712	11	0	733
11166	1	718	10	6	0	735
11167	710	7	7	2	0	726
11168	7	5	1	717	0	730
11169	5	0	1	715	0	721
11170	2	0	0	715	0	717
11171	1	716	2	15	0	734
11172	0	9	2	714	0	725
11173	3	727	1	9	0	740
11174	4	7	0	721	0	732
11175	1	5	715	12	0	733
11176	1	1	10	717	0	729
11177	2	3	5	728	0	738
11178	2	0	0	733	0	735
11179	2	1	720	14	0	737
11180	1	1	9	720	0	731
11181	1	2	5	728	0	736
11182	2	0	1	734	0	737
11183	1	2	1	737	0	741
11184	2	0	1	740	0	743
11185	0	4	734	16	0	754
11186	4	1	9	714	0	728
11187	3	1	4	718	0	726
11188	708	2	0	15	0	725
11189	10	705	4	7	0	726
11190	5	727	3	3	0	738
11191	2	14	1	716	0	733
11192	4	7	0	703	0	714
11193	2	697	2	14	0	715
11194	2	10	4	694	0	710
11195	0	693	4	12	0	709
11196	4	9	2	703	0	718
11197	2	5	1	699	0	707
11198	0	0	680	16	0	696
11199	0	668	9	7	0	684
11200	2	654	5	5	0	666
11201	530	5	1	10	0	546
11202	4	554	1	4	0	563
11203	2	5	1	531	0	539
11204	2	1	521	7	0	531
11205	1	1	3	523	0	528
11206	517	1	2	6	0	526
11207	6	5	540	3	0	554
11208	3	542	7	3	0	555
11209	3	9	3	482	0	497
11210	3	1	0	567	0	571
11211	565	1	1	12	0	579
11212	5	1	1	576	0	583
11213	2	1	1	581	0	585
11214	2	2	2	571	0	577
11215	1	1	0	574	0	576
11216	558	1	0	11	0	570
11217	557	0	0	5	0	562
11218	4	3	2	562	0	571
11219	544	3	2	5	0	554
11220	6	2	0	536	0	544
11221	3	1	517	8	0	529
11222	2	0	500	4	0	506
11223	3	1	5	476	0	485
11224	0	496	3	5	0	504
11225	2	3	0	492	0	497
11226	488	2	2	5	0	497
11227	4	2	0	491	0	497
11228	487	1	1	7	0	496
11229	3	2	1	493	0	499
11230	2	1	498	5	0	506
11231	1	494	4	5	0	504
11232	0	504	6	4	0	514
11233	1	3	2	458	0	464
11234	0	4	466	4	0	474
11235	2	398	1	1	0	402
11236	8	1	1	380	0	390
11237	385	1	0	4	0	390
11238	1	1	389	2	0	393
11239	0	1	0	391	0	392
11240	1	0	1	392	0	394
11241	1	0	379	1	0	381
11242	0	0	371	2	0	373
11243	0	11	381	1	0	393
11244	0	0	0	391	0	391
11245	1	0	417	1	0	419
11246	367	1	0	1	0	369
11247	2	4	0	429	0	435
11248	1	3	520	1	0	525
11249	1	519	2	2	0	524
11250	1	1	509	0	0	511
11251	1	1	1	500	0	503
11252	486	0	0	3	0	489
11253	0	1	1	508	0	510
11254	1	0	0	515	0	516
11255	538	0	0	4	0	542
11256	4	0	1	567	0	572
11257	1	0	567	1	0	569
11258	547	0	3	2	0	552
11259	3	576	1	1	0	581
11260	572	4	1	0	0	577
11261	5	1	0	573	0	579
11262	0	2	575	5	0	582
11263	0	0	575	1	0	576
11264	2	0	4	575	0	581
11265	0	0	0	555	0	555
11266	0	1	565	4	0	570
11267	1	1	538	1	0	541
11268	556	0	4	1	0	561
11269	5	0	1	566	0	572
11270	567	0	0	6	0	573
11271	5	1	0	559	0	565
11272	2	0	588	5	0	595
11273	0	2	620	1	0	623
11274	0	0	7	620	0	627
11275	0	0	0	636	0	636
11276	0	1	650	7	0	658
11277	611	1	5	2	0	619
11278	6	0	1	660	0	667
11279	685	0	1	7	0	693
11280	9	832	0	1	0	842
11281	0	7	0	845	0	852
11282	858	3	0	9	0	870
11283	11	5	859	6	0	881
11284	4	1	10	883	0	898
11285	3	1	4	882	0	890
11286	0	0	1	899	0	900
11287	0	1	888	15	0	904
11288	0	0	10	863	0	873
11289	2	866	5	8	0	881
11290	1	9	2	873	0	885
11291	3	3	871	9	0	886
11292	3	3	884	5	0	895
11293	0	1	13	878	0	892
11294	3	0	6	895	0	904
11295	2	1	1	907	0	911
11296	1	1	1	913	0	916
11297	892	0	1	16	0	909
11298	893	1	1	6	0	901
11299	12	1	891	3	0	907
11300	5	910	11	3	0	929
11301	3	10	5	923	0	941
11302	947	3	2	14	0	966
11303	899	2	3	6	0	910
11304	956	0	2	5	0	963
11305	961	0	2	4	0	967
11306	16	2	952	1	0	971
11307	899	2	10	4	0	915
11308	11	922	4	3	0	940
11309	4	9	3	934	0	950
11310	2	10	922	11	0	945
11311	2	1	11	917	0	931
11312	1	3	930	14	0	948
11313	4	0	11	931	0	946
11314	3	1	4	951	0	959
11315	947	0	2	16	0	965
11316	14	1	0	938	0	953
11317	5	1	962	12	0	980
11318	4	1	11	1001	0	1017
11319	996	1	3	13	0	1013
11320	10	1	4	1014	0	1029
11321	7	1	1025	12	0	1045
11322	3	1014	10	7	0	1034
11323	1064	9	5	6	0	1084
11324	11	4	5	1009	0	1029
11325	7	1070	2	13	0	1092
11326	1065	11	0	6	0	1082
11327	11	5	1057	4	0	1077
11328	4	1063	13	3	0	1083
11329	1	9	6	1055	0	1071
11330	1	4	1050	14	0	1069
11331	1	2	12	1016	0	1031
11332	1020	0	4	16	0	1040
11333	11	1	1040	6	0	1058
11334	8	2	9	1013	0	1032
11335	4	1	1067	11	0	1083
11336	3	1	13	1035	0	1052
11337	1	2	3	1062	0	1068
11338	1061	0	1	15	0	1077
11339	12	1061	3	8	0	1084
11340	5	11	3	1059	0	1078
11341	1060	5	0	11	0	1076
11342	1066	1	2	7	0	1076
11343	15	1	2	1038	0	1056
11344	7	1038	2	11	0	1058
11345	4	1055	3	8	0	1070
11346	7	12	3	1024	0	1046
11347	1	8	4	1012	0	1025
11348	916	2	2	14	0	934
11349	11	1	2	915	0	929
11350	5	2	895	14	0	916
11351	840	0	11	5	0	856
11352	12	900	4	5	0	921
11353	855	8	4	6	0	873
11354	10	4	899	5	0	918
11355	3	911	7	5	0	926
11356	885	8	10	2	0	905
11357	888	4	2	5	0	899
11358	8	3	915	2	0	928
11359	887	2	6	4	0	899
11360	922	0	4	5	0	931
11361	12	926	3	5	0	946
11362	7	7	1	960	0	975
11363	4	9	940	7	0	960
11364	2	3	8	945	0	958
11365	2	2	966	16	0	986
11366	5	2	12	946	0	965
11367	964	1	5	14	0	984
11368	13	0	4	992	0	1009
11369	6	4	1091	12	0	1113
11370	1098	1	16	9	0	1124
11371	15	3	11	1140	0	1169
11372	10	1	1120	13	0	1144
11373	1060	0	13	11	0	1084
11374	12	4	11	1095	0	1122
11375	12	0	1094	15	0	1121
11376	2	0	1085	11	0	1098
11377	0	24	23	1053	0	1100
11378	5	3	1089	13	0	1110
11379	3	1051	14	12	0	1080
11380	5	9	7	892	0	913
11381	892	6	2	11	0	911
11382	11	2	907	6	0	926
11383	7	1	904	2	0	914
11384	809	2	14	4	0	829
11385	8	1	893	2	0	904
11386	830	1	12	1	0	844
11387	9	0	899	2	0	910
11388	7	1	11	886	0	905
11389	4	1	906	10	0	921
11390	1	0	12	901	0	914
11391	2	2	927	8	0	939
11392	0	0	891	9	0	900
11393	785	0	18	4	0	807
11394	9	894	9	1	0	913
11395	899	9	1	3	0	912
11396	11	901	4	0	0	916
11397	8	9	3	897	0	917
11398	7	7	2	911	0	927
11399	905	1	2	18	0	926
11400	12	1	1	896	0	910
11401	9	4	884	9	0	906
11402	848	1	11	10	0	870
11403	870	0	7	5	0	882
11404	20	2	2	867	0	891
11405	10	2	876	10	0	898
11406	4	1	12	857	0	874
11407	3	852	11	13	0	879
11408	2	8	5	867	0	882
11409	6	8	0	874	0	888
11410	4	2	861	17	0	884
11411	727	3	10	14	0	754
11412	8	841	12	4	0	865
11413	833	7	5	2	0	847
11414	10	849	1	5	0	865
11415	8	9	7	828	0	852
11416	4	850	1	11	0	866
11417	4	11	811	8	0	834
11418	2	8	9	771	0	790
11419	0	2	12	789	0	803
11420	3	0	3	814	0	820
11421	777	0	2	22	0	801
11422	9	2	5	784	0	800
11423	742	0	0	13	0	755
11424	740	2	1	13	0	756
11425	739	1	5	5	0	750
11426	20	3	743	1	0	767
11427	13	1	11	739	0	764
11428	5	1	13	762	0	781
11429	5	4	2	790	0	801
11430	795	1	4	22	0	822
11431	18	1	4	799	0	822
11432	12	0	7	818	0	837
11433	849	1	8	21	0	879
11434	16	2	3	880	0	901
11435	15	1	856	18	0	890
11436	7	0	887	15	0	909
11437	2	3	30	874	0	909
11438	864	0	14	20	0	898
11439	845	1	6	16	0	868
11440	32	0	7	874	0	913
11441	17	1	882	17	0	917
11442	4	867	19	17	0	907
11443	9	14	14	891	0	928
11444	2	16	4	907	0	929
11445	7	1	6	916	0	930
11446	893	5	7	25	0	930
11447	11	1	905	24	0	941
11448	899	1	13	10	0	923
11449	18	2	14	889	0	923
11450	16	899	4	17	0	936
11451	908	12	8	13	0	941
11452	906	14	2	9	0	931
11453	32	3	963	1	0	999
11454	18	914	12	9	0	953
11455	2	903	17	4	0	926
11456	892	22	5	4	0	923
11457	16	16	4	892	0	928
11458	14	3	1	877	0	895
11459	4	2	3	847	0	856
11460	4	837	4	23	0	868
11461	4	834	1	13	0	852
11462	806	16	1	4	0	827
11463	13	8	2	805	0	828
11464	10	3	897	12	0	922
11465	2	4	12	963	0	981
11466	6	2	1136	16	0	1160
11467	3	3	1140	19	0	1165
11468	2	3	1167	6	0	1178
11469	1	1017	32	4	0	1054
11470	3	28	25	919	0	975
11471	2	994	8	14	0	1018
11472	2	19	5	939	0	965
11473	0	18	3	1006	0	1027
11474	996	7	3	32	0	1038
11475	14	3	0	1004	0	1021
11476	1000	2	0	23	0	1025
11477	1005	0	0	19	0	1024
11478	31	0	1	969	0	1001
11479	22	982	2	18	0	1024
11480	6	13	1	963	0	983
11481	5	1001	0	19	0	1025
11482	5	19	0	979	0	1003
11483	2	17	961	20	0	1000
11484	2	7	15	980	0	1004
11485	3	3	17	988	0	1011
11486	953	4	6	31	0	994
11487	16	971	3	23	0	1013
11488	17	15	3	971	0	1006
11489	9	15	2	973	0	999
11490	3	983	0	32	0	1018
11491	1	17	1	974	0	993
11492	943	21	0	22	0	986
11493	960	5	0	22	0	987
11494	29	967	1	9	0	1006
11495	20	16	1	954	0	991
11496	949	16	0	19	0	984
11497	20	962	3	15	0	1000
11498	18	17	1	896	0	932
11499	4	970	3	16	0	993
11500	945	22	2	15	0	984
11501	16	16	951	10	0	993
11502	14	10	942	4	0	970
11503	5	2	29	954	0	990
11504	5	4	973	14	0	996
11505	7	2	24	954	0	987
11506	939	1	17	24	0	981
11507	17	3	1005	16	0	1041
11508	16	3	18	1003	0	1040
11509	8	3	18	1032	0	1061
11510	1021	2	8	32	0	1063
11511	17	1053	5	23	0	1098
11512	1066	21	3	10	0	1100
11513	1056	16	1	10	0	1083
11514	32	1035	3	6	0	1076
11515	25	17	0	1039	0	1081
11516	6	16	1034	26	0	1082
11517	9	10	14	1027	0	1060
11518	5	1045	15	21	0	1086
11519	1044	18	7	22	0	1091
11520	16	17	4	1053	0	1090
11521	17	6	1064	22	0	1109
11522	6	5	17	1079	0	1107
11523	3	5	15	1101	0	1124
11524	7	1	10	1103	0	1121
11525	2	4	8	1109	0	1123
11526	2	2	5	1096	0	1105
11527	6	2	1056	38	0	1102
11528	2	6	1024	27	0	1059
11529	4	1008	26	16	0	1054
11530	3	1023	18	12	0	1056
11531	1002	26	10	7	0	1045
11532	13	22	997	7	0	1039
11533	955	10	15	6	0	986
11534	21	6	968	2	0	997
11535	15	9	940	4	0	968
11536	10	4	21	907	0	942
11537	929	4	20	13	0	966
11538	11	4	7	950	0	972
11539	13	2	5	956	0	976
11540	8	3	993	25	0	1029
11541	4	1	10	1003	0	1018
11542	5	1	13	1001	0	1020
11543	4	1	6	996	0	1007
11544	4	2	1	999	0	1006
11545	2	1	7	998	0	1008
11546	963	2	2	32	0	999
11547	11	3	1	981	0	996
11548	11	3	953	20	0	987
11549	11	1	11	957	0	980
11550	6	6	941	21	0	974
11551	8	2	16	932	0	958
11552	3	4	949	21	0	977
11553	4	2	19	891	0	916
11554	5	2	13	934	0	954
11555	2	5	919	26	0	952
11556	801	1	15	22	0	839
11557	14	2	936	8	0	960
11558	14	2	17	938	0	971
11559	949	2	15	17	0	983
11560	17	0	9	957	0	983
11561	15	2	3	960	0	980
11562	7	2	958	26	0	993
11563	3	940	11	20	0	974
11564	3	849	10	9	0	871
11565	0	810	6	10	0	826
11566	24	4	7	588	0	623
11567	597	1	13	3	0	614
11568	1	0	1	599	0	601
11569	2	0	1	597	0	600
11570	2	0	1	600	0	603
11571	0	0	0	595	0	595
11572	0	579	1	6	0	586
11573	1	1	1	586	0	589
11574	2	2	0	589	0	593
11575	2	591	1	4	0	598
11576	598	1	0	4	0	603
11577	2	1	0	602	0	605
11578	604	1	0	3	0	608
11579	592	0	1	3	0	596
11580	2	601	2	2	0	607
11581	3	1	1	634	0	639
11582	2	2	634	3	0	641
11583	0	1	630	2	0	633
11584	1	0	5	635	0	641
11585	648	0	5	2	0	655
11586	669	0	1	6	0	676
11587	5	0	0	680	0	685
11588	682	0	0	3	0	685
11589	3	668	1	5	0	677
11590	676	1	1	2	0	680
11591	3	725	1	0	0	729
11592	2	4	0	735	0	741
11593	1	5	0	736	0	742
11594	0	746	0	5	0	751
11595	745	1	0	5	0	751
11596	4	3	747	5	0	759
11597	5	1	2	735	0	743
11598	1	1	757	4	0	763
11599	0	0	2	751	0	753
11600	753	0	4	6	0	763
11601	2	1	1	754	0	758
11602	753	0	1	4	0	758
11603	749	2	0	5	0	756
11604	6	1	0	740	0	747
11605	6	1	757	3	0	767
11606	2	787	2	6	0	797
11607	2	1	4	748	0	755
11608	733	5	1	4	0	743
11609	1	4	744	5	0	754
11610	3	1	1	733	0	738
11611	2	0	4	713	0	719
11612	1	0	2	722	0	725
11613	729	0	0	7	0	736
11614	3	0	0	721	0	724
11615	4	0	0	728	0	732
11616	2	0	707	6	0	715
11617	1	2	1	700	0	704
11618	1	1	3	724	0	729
11619	1	1	1	732	0	735
11620	0	737	2	6	0	745
11621	1	1	0	718	0	720
11622	3	3	0	719	0	725
11623	689	2	0	4	0	695
11624	3	0	696	5	0	704
11625	3	3	673	3	0	682
11626	1	698	5	1	0	705
11627	0	7	5	710	0	722
11628	711	3	2	3	0	719
11629	3	1	0	707	0	711
11630	5	0	0	695	0	700
11631	3	0	0	708	0	711
11632	1	0	0	696	0	697
11633	1	0	0	678	0	679
11634	0	4	671	8	0	683
11635	3	1	1	675	0	680
11636	674	1	3	4	0	682
11637	1	662	2	4	0	669
11638	2	1	0	661	0	664
11639	1	4	0	641	0	646
11640	1	3	606	5	0	615
11641	2	0	2	596	0	600
11642	0	0	3	635	0	638
11643	642	0	2	5	0	649
11644	4	649	1	7	0	661
11645	7	1	0	660	0	668
11646	2	5	0	660	0	667
11647	4	2	0	668	0	674
11648	1	2	657	10	0	670
11649	1	1	620	11	0	633
11650	0	644	8	3	0	655
11651	0	669	10	2	0	681
11652	0	5	3	667	0	675
11653	0	618	1	0	0	619
11654	1	4	0	685	0	690
11655	0	6	1	793	0	800
11656	0	3	0	846	0	849
11657	0	0	0	1084	0	1084
11658	0	2	1133	28	0	1163
11659	0	2	13	1169	0	1184
11660	3	0	22	1173	0	1198
11661	0	0	5	1212	0	1217
11662	1148	0	0	45	0	1193
11663	12	1204	2	31	0	1249
11664	22	14	2	1064	0	1102
11665	6	1226	1	15	0	1248
11666	1177	21	0	22	0	1220
11667	961	25	1	8	0	995
11668	32	1216	1	2	0	1251
11669	16	1238	0	3	0	1257
11670	4	39	1205	1	0	1249
11671	1	1262	14	0	0	1277
11672	3	22	23	1205	0	1253
11673	1225	24	6	16	0	1271
11674	15	1272	0	25	0	1312
11675	22	15	2	1292	0	1331
11676	8	23	2	1294	0	1327
11677	2	7	0	1349	0	1358
11678	1289	0	0	52	0	1341
11679	21	4	1297	32	0	1354
11680	1254	4	18	9	0	1285
11681	27	1263	24	6	0	1320
11682	20	21	7	1259	0	1307
11683	8	25	1251	20	0	1304
11684	1167	11	22	21	0	1221
11685	18	1253	23	7	0	1301
11686	24	25	7	1199	0	1255
11687	6	1234	4	21	0	1265
11688	0	27	2	1240	0	1269
11689	4	23	1	1271	0	1299
11690	2	8	1246	43	0	1299
11691	2	3	1193	33	0	1231
11692	0	2	40	1192	0	1234
11693	4	4	1239	24	0	1271
11694	0	0	27	1239	0	1266
11695	2	1	23	1211	0	1237
11696	2	2	12	1261	0	1277
11697	1222	1	2	52	0	1277
11698	23	2	3	1259	0	1287
11699	21	5	1227	31	0	1284
11700	1217	4	21	29	0	1271
11701	20	1	21	1251	0	1293
11702	28	3	9	1258	0	1298
11703	1231	2	2	46	0	1281
11704	23	1293	4	33	0	1353
11705	23	24	4	1281	0	1332
11706	13	20	3	1270	0	1306
11707	1232	12	2	49	0	1295
11708	25	2	1236	33	0	1296
11709	24	6	20	1222	0	1272
11710	13	3	22	1226	0	1264
11711	1	5	8	1210	0	1224
11712	5	1215	3	49	0	1272
11713	4	21	3	1237	0	1265
11714	1205	23	5	30	0	1263
11715	24	1213	4	26	0	1267
11716	1221	22	3	15	0	1261
11717	27	1244	5	3	0	1279
11718	1233	30	2	10	0	1275
11719	31	24	1212	6	0	1273
11720	25	15	1206	7	0	1253
11721	1187	4	41	6	0	1238
11722	24	6	1248	6	0	1284
11723	23	4	28	1210	0	1265
11724	15	0	24	1181	0	1220
11725	2	1	18	1253	0	1274
11726	1226	1	4	52	0	1283
11727	22	2	1222	34	0	1280
11728	1211	3	21	20	0	1255
11729	27	6	23	1249	0	1305
11730	1264	6	7	28	0	1305
11731	33	3	1	1289	0	1326
11732	1319	3	5	32	0	1359
11733	34	4	4	1422	0	1464
11734	26	2	1464	37	0	1529
11735	1464	3	22	32	0	1521
11736	1495	2	25	19	0	1541
11737	48	0	14	1474	0	1536
11738	33	3	4	1450	0	1490
11739	11	1512	8	46	0	1577
11740	1466	22	4	39	0	1531
11741	26	1524	3	15	0	1568
11742	1465	27	11	10	0	1513
11743	33	23	1462	11	0	1529
11744	26	9	1465	12	0	1512
11745	18	2	1466	12	0	1498
11746	1396	7	49	7	0	1459
11747	27	1464	27	7	0	1525
11748	24	24	11	1430	0	1489
11749	1435	21	5	28	0	1489
11750	26	1489	9	24	0	1548
11751	25	20	4	1401	0	1450
11752	12	1454	5	21	0	1492
11753	4	1413	4	27	0	1448
11754	8	1459	5	10	0	1482
11755	1267	40	1	20	0	1328
11756	19	1290	4	6	0	1319
11757	12	1039	4	6	0	1061
11758	4	969	3	5	0	981
11759	933	15	7	7	0	962
11760	930	8	2	4	0	944
11761	11	6	902	7	0	926
11762	874	1	8	4	0	887
11763	900	2	2	4	0	908
11764	13	1	2	898	0	914
11765	897	1	0	10	0	908
11766	14	1	896	3	0	914
11767	4	952	9	5	0	970
11768	964	7	5	6	0	982
11769	9	3	4	1005	0	1021
11770	1000	3	1	9	0	1013
11771	10	1	970	4	0	985
11772	945	0	7	9	0	961
11773	13	4	3	990	0	1010
11774	4	1	972	10	0	987
11775	3	928	6	5	0	942
11776	3	950	5	4	0	962
11777	4	7	7	901	0	919
11778	5	6	0	864	0	875
11779	1	916	2	8	0	927
11780	912	4	1	6	0	923
11781	905	3	1	4	0	913
11782	900	2	2	2	0	906
11783	10	921	4	2	0	937
11784	8	6	0	852	0	866
11785	2	916	3	6	0	927
11786	932	6	0	6	0	944
11787	918	7	0	5	0	930
11788	11	929	2	1	0	943
11789	942	3	2	2	0	949
11790	8	4	1	932	0	945
11791	5	3	1	936	0	945
11792	935	1	1	10	0	947
11793	894	4	1	5	0	904
11794	908	1	1	3	0	913
11795	15	1	0	888	0	904
11796	8	3	0	909	0	920
11797	7	2	908	9	0	926
11798	2	2	4	893	0	901
11799	1	2	6	894	0	903
11800	6	3	881	8	0	898
11801	5	5	845	6	0	861
11802	3	4	887	3	0	897
11803	1	1	11	881	0	894
11804	2	6	832	7	0	847
11805	3	3	10	825	0	841
11806	3	3	6	846	0	858
11807	2	4	844	13	0	863
11808	3	6	845	6	0	860
11809	4	3	11	838	0	856
11810	3	6	884	10	0	903
11811	2	6	877	7	0	892
11812	0	882	13	3	0	898
11813	885	12	5	4	0	906
11814	905	7	2	3	0	917
11815	889	5	4	2	0	900
11816	13	891	5	0	0	909
11817	10	905	0	3	0	918
11818	8	12	3	905	0	928
11819	6	8	3	898	0	915
11820	8	7	890	10	0	915
11821	6	7	8	888	0	909
11822	910	6	7	9	0	932
11823	13	2	1	841	0	857
11824	9	911	3	10	0	933
11825	929	11	2	9	0	951
11826	930	6	3	2	0	941
11827	946	1	1	5	0	953
11828	17	5	919	5	0	946
11829	11	1	5	925	0	942
11830	1009	2	6	10	0	1027
11831	11	2	1017	9	0	1039
11832	10	977	13	5	0	1005
11833	7	900	13	4	0	924
11834	825	12	8	2	0	847
11835	7	821	4	3	0	835
11836	9	8	3	820	0	840
11837	2	8	845	10	0	865
11838	5	1	15	833	0	854
11839	815	0	9	10	0	834
11840	8	826	1	10	0	845
11841	805	8	3	4	0	820
11842	10	6	824	6	0	846
11843	10	9	7	783	0	809
11844	2	873	9	9	0	893
11845	2	7	4	892	0	905
11846	887	7	2	12	0	908
11847	894	2	4	5	0	905
11848	901	2	4	4	0	911
11849	911	1	3	2	0	917
11850	17	1	4	846	0	868
11851	12	1	865	11	0	889
11852	7	6	8	820	0	841
11853	1	868	10	11	0	890
11854	866	10	4	8	0	888
11855	11	7	859	7	0	884
11856	817	2	9	4	0	832
11857	9	4	10	849	0	872
11858	9	5	873	9	0	896
11859	10	1	9	866	0	886
11860	871	1	7	11	0	890
11861	881	4	4	8	0	897
11862	880	2	2	3	0	887
11863	18	2	884	5	0	909
11864	14	1	15	871	0	901
11865	4	3	916	8	0	931
11866	2	897	11	11	0	921
11867	852	5	8	5	0	870
11868	9	839	2	5	0	855
11869	787	7	4	1	0	799
11870	8	7	2	749	0	766
11871	8	781	2	5	0	796
11872	781	5	1	5	0	792
11873	10	5	791	2	0	808
11874	6	8	4	755	0	773
11875	763	1	5	8	0	777
11876	6	1	759	4	0	770
11877	5	0	6	731	0	742
11878	1	755	4	7	0	767
11879	2	4	5	766	0	777
11880	1	6	2	776	0	785
11881	749	3	1	9	0	762
11882	7	765	2	7	0	781
11883	7	7	1	750	0	765
11884	3	766	3	7	0	779
11885	5	7	1	748	0	761
11886	2	780	2	7	0	791
11887	751	8	2	5	0	766
11888	6	9	770	2	0	787
11889	8	4	4	741	0	757
11890	3	3	9	743	0	758
11891	1	2	1	766	0	770
11892	2	4	2	761	0	769
11893	2	5	750	14	0	771
11894	5	765	6	20	0	796
11895	772	6	5	7	0	790
11896	791	5	2	4	0	802
11897	14	787	3	1	0	805
11898	795	5	2	6	0	808
11899	787	8	2	1	0	798
11900	12	797	0	6	0	815
11901	10	6	2	770	0	788
11902	6	830	0	6	0	842
11903	813	10	1	6	0	830
11904	8	7	814	3	0	832
11905	763	1	7	6	0	777
11906	9	1	854	1	0	865
11907	9	2	5	833	0	849
11908	839	3	7	6	0	855
11909	10	1	843	5	0	859
11910	790	1	6	6	0	803
11911	827	2	8	1	0	838
11912	11	1	1	813	0	826
11913	8	846	5	6	0	865
11914	855	5	0	8	0	868
11915	10	6	2	847	0	865
11916	10	842	2	5	0	859
11917	838	3	0	7	0	848
11918	6	5	4	834	0	849
11919	6	868	2	7	0	883
11920	5	5	1	893	0	904
11921	888	6	1	5	0	900
11922	873	2	1	4	0	880
11923	868	1	3	2	0	874
11924	13	1	0	853	0	867
11925	8	8	2	842	0	860
11926	1	4	853	9	0	867
11927	2	0	4	856	0	862
11928	3	2	894	5	0	904
11929	3	2	843	7	0	855
11930	1	5	816	2	0	824
11931	0	837	6	2	0	845
11932	12	9	10	776	0	807
11933	0	933	3	3	0	939
11934	975	6	0	2	0	983
11935	980	3	0	1	0	984
11936	9	1	1	1019	0	1030
11937	4	0	1056	7	0	1067
11938	1	0	11	1056	0	1068
11939	1	3	1082	13	0	1099
11940	1	0	12	1030	0	1043
11941	0	1057	5	11	0	1073
11942	0	1064	1	6	0	1071
11943	1035	16	0	2	0	1053
11944	14	7	1015	4	0	1040
11945	4	0	12	992	0	1008
11946	0	0	4	1020	0	1024
11947	1042	0	0	16	0	1058
11948	12	1051	3	6	0	1072
11949	1045	12	1	2	0	1060
11950	12	1078	2	0	0	1092
11951	1064	12	1	0	0	1077
11952	1087	4	1	0	0	1092
11953	16	1	0	1084	0	1101
11954	4	0	1073	13	0	1090
11955	1014	1	13	4	0	1032
11956	13	1077	5	1	0	1096
11957	1087	11	1	4	0	1103
11958	13	6	0	1060	0	1079
11959	10	1	0	1045	0	1056
11960	2	1074	3	18	0	1097
11961	1	12	1	1041	0	1055
11962	0	1091	6	12	0	1109
11963	2	13	0	1061	0	1076
11964	1	6	1	1054	0	1062
11965	1011	2	0	20	0	1033
11966	15	3	1027	6	0	1051
11967	7	1019	12	2	0	1040
11968	3	12	6	1025	0	1046
11969	1038	4	3	16	0	1061
11970	1056	1	5	7	0	1069
11971	1058	2	1	2	0	1063
11972	19	1	1045	3	0	1068
11973	1058	4	14	1	0	1077
11974	19	2	7	1076	0	1104
11975	1064	2	1	18	0	1085
11976	17	1078	3	8	0	1106
11977	8	14	2	1079	0	1103
11978	1069	8	1	18	0	1096
11979	17	1101	3	7	0	1128
11980	12	16	1	1105	0	1134
11981	1	9	1122	17	0	1149
11982	1159	3	15	10	0	1187
11983	1214	4	6	5	0	1229
11984	30	2	1235	2	0	1269
11985	11	1200	15	4	0	1230
11986	0	1252	11	8	0	1271
11987	5	24	6	1233	0	1268
11988	8	10	2	1228	0	1248
11989	5	2	3	1249	0	1259
11990	3	6	1255	26	0	1290
11991	1222	4	18	13	0	1257
11992	1310	6	8	2	0	1326
11993	1335	2	2	6	0	1345
11994	1329	2	5	7	0	1343
11995	1341	3	3	4	0	1351
11996	1329	4	2	8	0	1343
11997	34	4	3	1353	0	1394
11998	13	7	1345	25	0	1390
11999	3	4	1374	14	0	1395
12000	7	5	34	1400	0	1446
12001	9	6	8	1407	0	1430
12002	10	4	3	1384	0	1401
12003	7	1417	2	38	0	1464
12004	1409	29	6	13	0	1457
12005	38	1454	6	4	0	1502
12006	15	32	3	1416	0	1466
12007	1415	15	2	32	0	1464
12008	30	1430	1	19	0	1480
12009	13	34	3	1424	0	1474
12010	11	16	1	1456	0	1484
12011	5	5	2	1457	0	1469
12012	3	1417	4	47	0	1471
12013	4	28	3	1436	0	1471
12014	6	17	1425	38	0	1486
12015	12	5	31	1445	0	1493
12016	6	5	17	1471	0	1499
12017	7	6	2	1553	0	1568
12018	8	5	0	1565	0	1578
12019	8	4	1515	52	0	1579
12020	8	1509	35	24	0	1576
12021	5	33	18	1515	0	1571
12022	5	14	12	1576	0	1607
12023	11	9	4	1536	0	1560
12024	6	1560	4	57	0	1627
12025	8	1638	10	25	0	1681
12026	1600	54	1	14	0	1669
12027	44	21	2	1585	0	1652
12028	20	13	1576	45	0	1654
12029	11	1581	31	28	0	1651
12030	1522	40	14	17	0	1593
12031	39	23	1514	10	0	1586
12032	21	11	1465	13	0	1510
12033	12	3	1449	15	0	1479
12034	4	5	53	1376	0	1438
12035	2	11	1400	34	0	1447
12036	10	1320	39	17	0	1386
12037	3	27	22	1249	0	1301
12038	2	13	1306	32	0	1353
12039	0	12	33	1284	0	1329
12040	1259	4	14	42	0	1319
12041	26	3	1296	21	0	1346
12042	1247	9	30	11	0	1297
12043	32	1342	18	9	0	1401
12044	1338	27	16	9	0	1390
12045	36	12	7	1326	0	1381
12046	1351	13	5	29	0	1398
12047	1339	6	10	18	0	1373
12048	1319	5	4	12	0	1340
12049	44	1331	4	12	0	1391
12050	1346	23	9	5	0	1383
12051	1345	17	6	12	0	1380
12052	50	11	1322	3	0	1386
12053	30	1338	28	6	0	1402
12054	19	24	22	1317	0	1382
12055	8	22	12	1350	0	1392
12056	15	8	4	1365	0	1392
12057	10	3	1325	54	0	1392
12058	9	4	35	1330	0	1378
12059	4	12	1346	39	0	1401
12060	1313	6	32	31	0	1382
12061	1369	4	17	21	0	1411
12062	40	4	1391	15	0	1450
12063	1378	5	35	8	0	1426
12064	1416	5	16	10	0	1447
12065	1431	7	12	8	0	1458
12066	53	7	4	1404	0	1468
12067	31	4	1452	31	0	1518
12068	14	1457	37	21	0	1529
12069	18	25	18	1452	0	1513
12070	15	14	1464	30	0	1523
12071	12	12	1422	22	0	1468
12072	1345	16	38	19	0	1418
12073	30	1457	32	12	0	1531
12074	1463	27	19	7	0	1516
12075	1481	13	10	11	0	1515
12076	34	1484	13	15	0	1546
12077	1469	24	16	13	0	1522
12078	36	21	1533	9	0	1599
12079	20	19	1533	9	0	1581
12080	24	4	1515	12	0	1555
12081	12	1472	42	19	0	1545
12082	1426	25	29	7	0	1487
12083	1444	14	12	5	0	1475
12084	36	1401	18	4	0	1459
12085	23	1439	16	4	0	1482
12086	22	29	11	1422	0	1484
12087	19	21	6	1451	0	1497
12088	1439	11	9	34	0	1493
12089	32	1446	7	18	0	1503
12090	1419	31	7	8	0	1465
12091	1401	18	4	9	0	1432
12092	33	13	1390	12	0	1448
12093	23	1377	27	10	0	1437
12094	20	23	16	1357	0	1416
12095	1357	19	13	19	0	1408
12096	30	13	8	1370	0	1421
12097	1313	5	8	24	0	1350
12098	25	7	1295	14	0	1341
12099	15	1269	15	12	0	1311
12100	17	1256	9	10	0	1292
12101	20	14	10	1147	0	1191
12102	9	1236	11	17	0	1273
12103	1231	20	4	9	0	1264
12104	18	9	1220	6	0	1253
12105	1130	11	10	7	0	1158
12106	19	13	1229	7	0	1268
12107	14	5	15	1202	0	1236
12108	13	9	7	1225	0	1254
12109	10	7	11	1225	0	1253
12110	1208	5	9	19	0	1241
12111	15	7	1240	11	0	1273
12112	8	3	14	1240	0	1265
12113	11	7	5	1219	0	1242
12114	11	1205	15	14	0	1245
12115	8	1215	4	11	0	1238
12116	9	1234	5	8	0	1256
12117	5	16	12	1157	0	1190
12118	4	5	6	1121	0	1136
12119	3	1098	1	8	0	1110
12120	2	1112	3	6	0	1123
12121	1082	5	7	0	0	1094
12122	4	15	2	1074	0	1095
12123	2	1035	0	3	0	1040
12124	1039	1	1	2	0	1043
12125	1	0	1	1047	0	1049
12126	1131	1	0	3	0	1135
12127	4	1	1	1137	0	1143
12128	2	2	1175	5	0	1184
12129	1	1194	3	3	0	1201
12130	1149	6	3	1	0	1159
12131	4	4	1229	0	0	1237
12132	2	1229	9	0	0	1240
12133	4	5	2	1236	0	1247
12134	0	1	0	1256	0	1257
12135	0	1	0	1236	0	1237
12136	0	5	0	1229	0	1234
12137	2	1	1244	6	0	1253
12138	0	1223	5	2	0	1230
12139	0	5	2	1219	0	1226
12140	1158	2	0	7	0	1167
12141	5	1221	1	6	0	1233
12142	4	7	1	1278	0	1290
12143	0	2	1249	7	0	1258
12144	0	1247	6	2	0	1255
12145	8	10	1	1126	0	1145
12146	0	1281	0	2	0	1283
12147	1274	7	0	3	0	1284
12148	1290	2	0	2	0	1294
12149	11	4	1277	0	0	1292
12150	1228	0	6	3	0	1237
12151	1278	0	2	3	0	1283
12152	10	1	1266	1	0	1278
12153	4	1265	11	3	0	1283
12154	0	7	3	1261	0	1271
12155	0	3	0	1303	0	1306
12156	1312	0	0	13	0	1325
12157	8	0	0	1315	0	1323
12158	4	1	1320	6	0	1331
12159	1168	1	9	6	0	1184
12160	10	2	1281	0	0	1293
12161	4	1268	9	2	0	1283
12162	1212	9	5	1	0	1227
12163	11	6	1240	0	0	1257
12164	5	0	1227	3	0	1235
12165	1	1240	13	1	0	1255
12166	1	11	3	1235	0	1250
12167	1	5	1187	10	0	1203
12168	1	0	11	1052	0	1064
12169	2	1	4	1164	0	1171
12170	1	2	1149	13	0	1165
12171	0	1150	11	8	0	1169
12172	1	10	4	1159	0	1174
12173	1125	4	0	9	0	1138
12174	1118	0	1	4	0	1123
12175	16	2	0	1113	0	1131
12176	4	3	1106	11	0	1124
12177	1	1	1125	4	0	1131
12178	1	3	13	1060	0	1077
12179	0	0	1059	12	0	1071
12180	1007	1	11	4	0	1023
12181	11	2	5	1067	0	1085
12182	5	0	2	1088	0	1095
12183	2	1072	1	15	0	1090
12184	1	11	0	1089	0	1101
12185	2	7	1051	13	0	1073
12186	979	0	15	5	0	999
12187	1059	1	5	0	0	1065
12188	18	0	1071	1	0	1090
12189	5	2	13	1146	0	1166
12190	1	1	4	1193	0	1199
12191	0	1	1185	24	0	1210
12192	1	0	17	1210	0	1228
12193	6	0	8	1227	0	1241
12194	0	1262	3	22	0	1287
12195	2	16	1	1289	0	1308
12196	3	8	0	1312	0	1323
12197	1342	0	3	28	0	1373
12198	1388	1	2	11	0	1402
12199	1429	1	0	2	0	1432
12200	1426	1	2	3	0	1432
12201	1437	0	2	4	0	1443
12202	36	2	1386	5	0	1429
12203	17	0	24	1373	0	1414
12204	6	0	13	1406	0	1425
12205	4	2	1395	30	0	1431
12206	1328	0	22	16	0	1366
12207	1373	2	12	2	0	1389
12208	32	3	1323	4	0	1362
12209	1368	0	20	5	0	1393
12210	1415	0	12	3	0	1430
12211	34	1	1390	0	0	1425
12212	19	6	24	1344	0	1393
12213	6	1423	15	22	0	1466
12214	3	21	7	1491	0	1522
12215	5	11	4	1502	0	1522
12216	5	3	2	1487	0	1497
12217	2	4	1439	37	0	1482
12218	1383	2	23	20	0	1428
12219	1453	3	14	7	0	1477
12220	39	2	4	1435	0	1480
12221	21	2	1417	27	0	1467
12222	6	0	24	1428	0	1458
12223	6	1	1452	26	0	1485
12224	10	1	1498	18	0	1527
12225	6	1500	41	5	0	1552
12226	5	21	18	1422	0	1466
12227	1425	12	8	20	0	1465
12228	1349	4	2	18	0	1373
12229	1384	1	7	4	0	1396
12230	41	0	3	1333	0	1377
12231	20	1424	2	16	0	1462
12232	8	23	4	1440	0	1475
12233	7	16	1499	26	0	1548
12234	1681	4	24	20	0	1729
12235	1846	1	18	15	0	1880
12236	42	1	7	1864	0	1914
12237	30	9	5	1880	0	1924
12238	15	2	0	1919	0	1936
12239	6	1	1845	63	0	1915
12240	1638	0	27	37	0	1702
12241	36	1808	27	8	0	1879
12242	26	1777	9	10	0	1822
12243	8	40	1782	12	0	1842
12244	3	28	27	1757	0	1815
12245	4	9	1800	30	0	1843
12246	1699	8	29	27	0	1763
12247	32	5	24	1771	0	1832
12248	24	6	1776	25	0	1831
12249	11	1806	34	22	0	1873
12250	1790	22	19	13	0	1844
12251	29	20	1849	7	0	1905
12252	29	1819	30	8	0	1886
12253	9	1863	28	11	0	1911
12254	1844	41	14	9	0	1908
12255	23	28	7	1850	0	1908
12256	25	10	1870	29	0	1934
12257	9	1860	29	24	0	1922
12258	1861	26	22	10	0	1919
12259	1857	25	7	7	0	1896
12260	51	1855	4	6	0	1916
12261	25	27	1910	13	0	1975
12262	9	22	31	1901	0	1963
12263	1917	12	22	33	0	1984
12264	1918	3	15	24	0	1960
12265	53	4	1913	8	0	1978
12266	31	9	21	1864	0	1925
12267	11	2	30	1920	0	1963
12268	7	7	1923	49	0	1986
12269	15	3	1900	26	0	1944
12270	1890	1	47	14	0	1952
12271	1961	6	34	4	0	2005
12272	1973	8	9	12	0	2002
12273	1981	10	6	13	0	2010
12274	50	4	1938	10	0	2002
12275	1942	5	33	9	0	1989
12276	44	5	25	1908	0	1982
12277	40	4	1959	25	0	2028
12278	21	4	1952	36	0	2013
12279	15	1964	49	18	0	2046
12280	9	26	36	1896	0	1967
12281	18	25	1951	25	0	2019
12282	1880	11	26	31	0	1948
12283	29	18	31	1641	0	1719
12284	25	1949	25	17	0	2016
12285	1971	25	9	31	0	2036
12286	1974	20	9	22	0	2025
12287	46	5	1973	9	0	2033
12288	31	1935	30	11	0	2007
12289	17	17	24	1863	0	1921
12290	1863	25	8	18	0	1914
12291	32	10	5	1852	0	1899
12292	30	4	1799	20	0	1853
12293	1612	8	26	22	0	1668
12294	23	1763	20	7	0	1813
12295	22	1695	12	11	0	1740
12296	16	1763	13	9	0	1801
12297	1696	32	21	14	0	1763
12298	1688	20	21	4	0	1733
12299	1696	7	6	6	0	1715
12300	32	9	9	1664	0	1714
12301	24	13	1684	10	0	1731
12302	9	9	16	1688	0	1722
12303	1704	2	15	16	0	1737
12304	24	4	3	1707	0	1738
12305	1740	1	7	13	0	1761
12306	1724	2	7	23	0	1756
12307	1694	5	10	12	0	1721
12308	26	1693	7	14	0	1740
12309	1716	9	9	8	0	1742
12310	17	16	1692	7	0	1732
12311	25	4	1698	5	0	1732
12312	16	1669	28	1	0	1714
12313	17	13	19	1598	0	1647
12314	1601	18	2	13	0	1634
12315	18	5	1588	19	0	1630
12316	1568	1	18	5	0	1592
12317	23	2	15	1550	0	1590
12318	14	1586	14	16	0	1630
12319	7	12	10	1619	0	1648
12320	6	20	1615	17	0	1658
12321	1507	4	17	22	0	1550
12322	16	1	1643	7	0	1667
12323	19	6	1610	7	0	1642
12324	1524	4	20	3	0	1551
12325	9	1557	21	6	0	1593
12326	1582	12	3	2	0	1599
12327	1592	11	2	7	0	1612
12328	28	3	1572	3	0	1606
12329	1544	6	17	1	0	1568
12330	19	5	1555	8	0	1587
12331	15	3	1471	3	0	1492
12332	3	5	1481	8	0	1497
12333	2	1373	23	3	0	1401
12334	1102	20	31	8	0	1161
12335	1053	8	1	2	0	1064
12336	1045	1	0	1	0	1047
12337	1036	0	0	2	0	1038
12338	6	0	1032	1	0	1039
12339	4	0	6	1022	0	1032
12340	3	0	1	1045	0	1049
12341	1043	0	0	10	0	1053
12342	3	1057	1	4	0	1065
12343	3	3	1	1047	0	1054
12344	1044	2	1	4	0	1051
12345	5	1	1053	4	0	1063
12346	3	2	6	1038	0	1049
12347	4	1	1016	3	0	1024
12348	1	1009	5	1	0	1016
12349	2	7	4	948	0	961
12350	933	3	1	2	0	939
12351	7	1	0	963	0	971
12352	2	1	948	6	0	957
12353	1	970	4	3	0	978
12354	963	3	3	1	0	970
12355	5	4	974	1	0	984
12356	939	1	6	2	0	948
12357	4	993	6	0	0	1003
12358	1011	4	0	0	0	1015
12359	1026	4	2	1	0	1033
12360	10	0	1	1026	0	1037
12361	8	0	994	5	0	1007
12362	1	1008	4	5	0	1018
12363	0	4	6	1033	0	1043
12364	0	6	0	1042	0	1048
12365	3	0	0	1099	0	1102
12366	3	0	1	1168	0	1172
12367	0	1373	1	18	0	1392
12368	1485	17	0	3	0	1505
12369	19	1500	3	3	0	1525
12370	12	21	0	1596	0	1629
12371	1613	9	5	25	0	1652
12372	25	2	1	1616	0	1644
12373	12	4	1609	33	0	1658
12374	2	1622	23	17	0	1664
12375	3	25	13	1623	0	1664
12376	2	16	2	1670	0	1690
12377	1611	3	0	40	0	1654
12378	28	4	1635	16	0	1683
12379	1618	3	26	5	0	1652
12380	1641	2	15	6	0	1664
12381	1637	4	2	6	0	1649
12382	44	2	1608	5	0	1659
12383	18	1	26	1570	0	1615
12384	1	1	18	1592	0	1612
12385	3	2	1575	40	0	1620
12386	2	6	1598	16	0	1622
12387	1598	1	42	2	0	1643
12388	30	1	19	1643	0	1693
12389	1676	2	4	28	0	1710
12390	1711	1	1	19	0	1732
12391	50	1	4	1673	0	1728
12392	21	0	1793	28	0	1842
12393	1678	4	34	24	0	1740
12394	29	5	20	1830	0	1884
12395	22	6	1825	35	0	1888
12396	7	1811	35	20	0	1873
12397	1800	28	18	7	0	1853
12398	34	1819	3	5	0	1861
12399	23	31	3	1558	0	1615
12400	8	1819	4	29	0	1860
12401	1752	30	7	22	0	1811
12402	1774	20	3	6	0	1803
12403	44	1767	6	10	0	1827
12404	1776	30	4	9	0	1819
12405	1778	19	3	8	0	1808
12406	47	1741	10	8	0	1806
12407	1776	32	3	5	0	1816
12408	38	19	2	1752	0	1811
12409	24	4	3	1772	0	1803
12410	1743	3	3	45	0	1794
12411	39	4	3	1613	0	1659
12412	22	1706	5	34	0	1767
12413	1718	30	4	18	0	1770
12414	1718	18	4	6	0	1746
12415	45	1710	8	4	0	1767
12416	1730	29	2	4	0	1765
12417	1754	18	2	8	0	1782
12418	49	2	3	1707	0	1761
12419	21	2	1745	35	0	1803
12420	9	1733	33	21	0	1796
12421	1745	33	17	7	0	1802
12422	1752	18	4	5	0	1779
12423	54	7	1718	1	0	1780
12424	1704	5	29	7	0	1745
12425	38	8	1691	7	0	1744
12426	1686	5	32	4	0	1727
12427	36	6	17	1673	0	1732
12428	20	6	1678	31	0	1735
12429	6	9	1691	21	0	1727
12430	12	6	42	1649	0	1709
12431	11	7	17	1667	0	1702
12432	11	7	1627	44	0	1689
12433	17	6	31	1617	0	1671
12434	15	11	1646	28	0	1700
12435	17	4	32	1615	0	1668
12436	11	7	18	1575	0	1611
12437	10	1587	7	45	0	1649
12438	9	1601	9	22	0	1641
12439	10	1667	5	14	0	1696
12440	13	47	6	1609	0	1675
12441	14	18	2	1656	0	1690
12442	11	3	1609	55	0	1678
12443	1549	7	28	22	0	1606
12444	1635	5	19	8	0	1667
12445	49	1587	3	16	0	1655
12446	1593	32	4	10	0	1639
12447	37	21	8	1578	0	1644
12448	1603	7	6	37	0	1653
12449	1621	8	7	26	0	1662
12450	53	3	7	1593	0	1656
12451	1546	5	7	32	0	1590
12452	40	1529	7	22	0	1598
12453	24	1555	6	6	0	1591
12454	15	43	9	1451	0	1518
12455	15	1551	6	28	0	1600
12456	13	28	7	1479	0	1527
12457	14	15	7	1508	0	1544
12458	1470	7	4	40	0	1521
12459	38	1437	8	18	0	1501
12460	1425	30	5	10	0	1470
12461	1400	19	8	8	0	1435
12462	46	1400	7	17	0	1470
12463	1388	29	6	13	0	1436
12464	33	16	1401	9	0	1459
12465	17	1338	31	8	0	1394
12466	1269	19	14	10	0	1312
12467	20	16	1069	5	0	1110
12468	11	925	14	6	0	956
12469	16	933	8	4	0	961
12470	805	14	11	5	0	835
12471	806	6	2	4	0	818
12472	817	0	3	2	0	822
12473	11	802	3	2	0	818
12474	5	10	3	803	0	821
12475	794	4	2	8	0	808
12476	791	3	2	5	0	801
12477	14	3	1	776	0	794
12478	5	3	770	11	0	789
12479	5	2	764	4	0	775
12480	7	2	12	767	0	788
12481	5	2	2	783	0	792
12482	3	5	770	14	0	792
12483	1	2	11	744	0	758
12484	4	767	8	9	0	788
12485	758	7	2	7	0	774
12486	9	4	1	742	0	756
12487	704	1	5	8	0	718
12488	6	700	2	8	0	716
12489	7	721	2	2	0	732
12490	702	8	2	3	0	715
12491	6	4	703	4	0	717
12492	557	11	5	3	0	576
12493	5	581	3	0	0	589
12494	3	6	0	529	0	538
12495	545	1	0	3	0	549
12496	3	2	0	538	0	543
12497	574	0	0	6	0	580
12498	575	0	0	2	0	577
12499	4	627	1	1	0	633
12500	611	2	0	2	0	615
12501	2	606	1	1	0	610
12502	604	2	1	3	0	610
12503	2	1	0	609	0	612
12504	619	1	5	5	0	630
12505	2	0	1	616	0	619
12506	618	0	0	2	0	620
12507	631	1	0	1	0	633
12508	631	0	0	1	0	632
12509	633	0	0	2	0	635
12510	648	0	0	1	0	649
12511	3	1	0	653	0	657
12512	636	1	0	5	0	642
12513	4	632	1	1	0	638
12514	0	5	639	0	0	644
12515	2	1	4	634	0	641
12516	2	3	643	3	0	651
12517	0	0	3	640	0	643
12518	1	2	645	3	0	651
12519	596	1	2	0	0	599
12520	3	0	1	626	0	630
12521	2	3	630	2	0	637
12522	1	2	639	1	0	643
12523	1	8	3	635	0	647
12524	697	1	5	3	0	706
12525	3	729	1	1	0	734
12526	721	4	1	1	0	727
12527	721	1	0	0	0	722
12528	4	722	1	1	0	728
12529	789	4	0	2	0	795
12530	5	2	0	798	0	805
12531	2	0	0	807	0	809
12532	1	0	0	816	0	817
12533	811	0	0	5	0	816
12534	5	832	0	3	0	840
12535	2	5	0	842	0	849
12536	0	3	0	851	0	854
12537	840	0	1	8	0	849
12538	6	0	0	837	0	843
12539	3	0	847	4	0	854
12540	0	868	4	3	0	875
12541	877	4	3	3	0	887
12542	6	3	1	850	0	860
12543	3	905	1	5	0	914
12544	891	4	1	3	0	899
12545	4	3	899	2	0	908
12546	2	904	4	2	0	912
12547	921	4	2	1	0	928
12548	6	2	0	907	0	915
12549	5	1	0	899	0	905
12550	3	0	903	6	0	912
12551	1	1	4	889	0	895
12552	2	3	972	4	0	981
12553	0	1	934	3	0	938
12554	0	1	992	3	0	996
12555	982	0	9	4	0	995
12556	1010	1	4	3	0	1018
12557	1027	2	0	2	0	1031
12558	10	3	0	1012	0	1025
12559	6	1029	2	8	0	1045
12560	3	1052	0	8	0	1063
12561	1044	9	0	2	0	1055
12562	1025	5	2	5	0	1037
12563	9	1040	1	0	0	1050
12564	1013	7	1	1	0	1022
12565	9	6	996	0	0	1011
12566	5	2	983	2	0	992
12567	1	3	8	949	0	961
12568	3	0	4	998	0	1005
12569	1	4	988	8	0	1001
12570	0	1	3	979	0	983
12571	990	0	4	6	0	1000
12572	7	1	989	4	0	1001
12573	954	2	3	6	0	965
12574	4	0	3	1008	0	1015
12575	7	2	1070	6	0	1085
12576	1	1087	4	5	0	1097
12577	1082	4	7	4	0	1097
12578	4	7	1078	1	0	1090
12579	1050	1	5	1	0	1057
12580	7	0	4	1079	0	1090
12581	1067	1	1	5	0	1074
12582	8	1	1158	5	0	1172
12583	6	1	5	1171	0	1183
12584	1204	3	6	6	0	1219
12585	1213	1	1	8	0	1223
12586	1263	0	0	3	0	1266
12587	1269	2	0	4	0	1275
12588	13	1	2	1236	0	1252
12589	7	0	3	1223	0	1233
12590	2	4	1219	11	0	1236
12591	3	0	6	1203	0	1212
12592	1	0	8	1213	0	1222
12593	2	1275	3	11	0	1291
12594	1275	5	1	7	0	1288
12595	1280	6	1	2	0	1289
12596	12	1350	2	1	0	1365
12597	8	8	0	1331	0	1347
12598	0	10	1	1346	0	1357
12599	1264	2	2	18	0	1286
12600	15	4	1351	10	0	1380
12601	11	1	10	1355	0	1377
12602	1	4	1375	10	0	1390
12603	1315	0	10	11	0	1336
12604	1370	1	10	3	0	1384
12605	1390	0	1	2	0	1393
12606	18	0	2	1374	0	1394
12607	9	2	2	1347	0	1360
12608	1342	1	2	20	0	1365
12609	13	2	1349	15	0	1379
12610	13	0	12	1339	0	1364
12611	1345	1	10	11	0	1367
12612	14	1	0	1369	0	1384
12613	11	1	1454	11	0	1477
12614	2	2	1410	10	0	1424
12615	1351	3	18	1	0	1373
12616	9	1448	13	4	0	1474
12617	1490	10	2	4	0	1506
12618	1497	9	1	4	0	1511
12619	19	1	1	1503	0	1524
12620	12	5	2	1496	0	1515
12621	1	1497	4	17	0	1519
12622	1473	9	3	8	0	1493
12623	14	1501	1	1	0	1517
12624	14	1465	1	4	0	1484
12625	8	16	4	1421	0	1449
12626	1427	9	0	11	0	1447
12627	1427	1	1	14	0	1443
12628	18	1	4	1409	0	1432
12629	13	0	2	1338	0	1353
12630	6	0	2	1333	0	1341
12631	1298	4	1	18	0	1321
12632	13	4	1317	10	0	1344
12633	16	1322	11	4	0	1353
12634	1307	9	8	2	0	1326
12635	10	8	0	1283	0	1301
12636	9	4	1285	13	0	1311
12637	5	1	1278	6	0	1290
12638	5	1283	16	4	0	1308
12639	3	1328	9	5	0	1345
12640	6	16	10	1272	0	1304
12641	7	1222	3	10	0	1242
12642	8	10	1	1270	0	1289
12643	4	11	3	1281	0	1299
12644	1262	3	2	21	0	1288
12645	11	2	3	1282	0	1298
12646	15	1	1	1287	0	1304
12647	6	1	1278	17	0	1302
12648	6	2	8	1293	0	1309
12649	1297	2	9	15	0	1323
12650	1287	3	1	13	0	1304
12651	22	1340	4	6	0	1372
12652	1288	12	5	2	0	1307
12653	16	11	1281	9	0	1317
12654	11	1255	13	7	0	1286
12655	8	9	7	1267	0	1291
12656	5	6	5	1281	0	1297
12657	3	2	3	1291	0	1299
12658	1275	1	1	20	0	1297
12659	1189	4	4	12	0	1209
12660	19	6	1269	3	0	1297
12661	11	4	1265	8	0	1288
12662	7	6	1254	8	0	1275
12663	4	1268	18	8	0	1298
12664	6	1285	12	5	0	1308
12665	1268	19	2	6	0	1295
12666	1266	11	3	12	0	1292
12667	18	5	4	1311	0	1338
12668	8	5	2	1305	0	1320
12669	9	1322	4	17	0	1352
12670	6	11	2	1353	0	1372
12671	6	16	1327	15	0	1364
12672	3	1351	13	18	0	1385
12673	4	13	10	1354	0	1381
12674	7	11	1362	13	0	1393
12675	6	5	15	1214	0	1240
12676	3	1292	10	14	0	1319
12677	1325	17	2	14	0	1358
12678	1324	12	1	8	0	1345
12679	1377	5	6	4	0	1392
12680	24	5	4	1373	0	1406
12681	18	5	1	1381	0	1405
12682	1374	3	1	31	0	1409
12683	15	1364	8	21	0	1408
12684	1409	15	3	9	0	1436
12685	17	13	1469	7	0	1506
12686	1456	0	17	12	0	1485
12687	1527	3	18	6	0	1554
12688	38	1	7	1495	0	1541
12689	1551	4	6	22	0	1583
12690	1560	8	8	16	0	1592
12691	36	5	7	1589	0	1637
12692	23	5	1582	19	0	1629
12693	1469	5	19	21	0	1514
12694	21	8	1617	5	0	1651
12695	21	1647	17	6	0	1691
12696	2	20	32	1622	0	1676
12697	3	16	3	1685	0	1707
12698	1841	3	4	35	0	1883
12699	22	12	1845	20	0	1899
12700	21	7	25	1618	0	1671
12701	4	1808	27	24	0	1863
12702	3	1821	3	20	0	1847
12703	4	42	5	1794	0	1845
12704	4	22	1788	23	0	1837
12705	4	3	22	1809	0	1838
12706	4	3	20	1777	0	1804
12707	3	2	1758	49	0	1812
12708	5	1783	20	24	0	1832
12709	1707	23	21	5	0	1756
12710	21	1814	4	5	0	1844
12711	25	23	1	1730	0	1779
12712	1679	27	3	28	0	1737
12713	24	1628	5	22	0	1679
12714	26	26	1675	7	0	1734
12715	1590	21	22	8	0	1641
12716	25	1692	27	3	0	1747
12717	1702	20	3	9	0	1734
12718	27	24	1669	8	0	1728
12719	1646	2	24	5	0	1677
12720	31	1	23	1627	0	1682
12721	27	6	1666	22	0	1721
12722	7	4	22	1575	0	1608
12723	6	1638	23	24	0	1691
12724	7	25	4	1664	0	1700
12725	10	24	3	1654	0	1691
12726	6	7	1615	47	0	1675
12727	8	5	23	1650	0	1686
12728	9	6	1466	25	0	1506
12729	7	1644	22	28	0	1701
12730	5	25	27	1632	0	1689
12731	5	28	1678	27	0	1738
12732	6	1645	24	30	0	1705
12733	4	1708	27	12	0	1751
12734	2	50	1666	4	0	1722
12735	7	24	1652	10	0	1693
12736	10	3	50	1642	0	1705
12737	1636	6	24	28	0	1694
12738	31	1643	8	31	0	1713
12739	27	27	4	1589	0	1647
12740	1592	23	4	26	0	1645
12741	32	1607	8	23	0	1670
12742	1624	25	2	10	0	1661
12743	31	1653	9	3	0	1696
12744	1677	25	1	7	0	1710
12745	1637	28	14	15	0	1694
12746	1688	2	6	7	0	1703
12747	50	1737	9	11	0	1807
12748	31	34	4	1738	0	1807
12749	19	27	1709	31	0	1786
12750	9	1715	37	30	0	1791
12751	15	29	21	1674	0	1739
12752	12	32	8	1701	0	1753
12753	12	9	1651	56	0	1728
12754	17	1632	32	34	0	1715
12755	1614	32	32	9	0	1687
12756	36	1654	10	14	0	1714
12757	33	40	3	1628	0	1704
12758	14	27	1634	35	0	1710
12759	1533	6	36	31	0	1606
12760	35	3	26	1624	0	1688
12761	26	10	1615	38	0	1689
12762	1522	13	34	33	0	1602
12763	34	1597	35	10	0	1676
12764	1632	38	14	10	0	1694
12765	1636	30	5	15	0	1686
12766	55	9	4	1589	0	1657
12767	28	11	1581	44	0	1664
12768	13	1568	36	32	0	1649
12769	7	35	1596	7	0	1645
12770	4	38	31	1521	0	1594
12771	12	16	26	1574	0	1628
12772	1525	9	14	56	0	1604
12773	33	13	1533	38	0	1617
12774	28	1518	43	11	0	1600
12775	12	31	28	1524	0	1595
12776	9	28	6	1556	0	1599
12777	1506	14	9	48	0	1577
12778	31	1519	6	31	0	1587
12779	31	33	7	1464	0	1535
12780	1437	32	4	34	0	1507
12781	25	1441	7	27	0	1500
12782	1367	25	7	3	0	1402
12783	1364	18	12	6	0	1400
12784	41	1326	5	4	0	1376
12785	1185	22	3	9	0	1219
12786	22	1204	5	10	0	1241
12787	1178	20	6	3	0	1207
12788	1167	17	0	4	0	1188
12789	31	1153	5	6	0	1195
12790	1099	16	1	4	0	1120
12791	1124	12	2	0	0	1138
12792	1127	5	1	2	0	1135
12793	31	0	1120	2	0	1153
12794	13	5	1038	1	0	1057
12795	1	2	1068	4	0	1075
12796	1034	6	39	2	0	1081
12797	18	3	1007	2	0	1030
12798	11	1	860	4	0	876
12799	6	0	22	795	0	823
12800	812	3	10	17	0	842
12801	17	0	829	8	0	854
12802	9	3	863	4	0	879
12803	6	2	20	853	0	881
12804	3	1	8	881	0	893
12805	2	1	3	892	0	898
12806	3	3	875	19	0	900
12807	2	2	17	876	0	897
12808	866	0	9	17	0	892
12809	14	879	4	6	0	903
12810	8	14	1	880	0	903
12811	4	8	1	896	0	909
12812	0	3	885	21	0	909
12813	1	880	16	9	0	906
12814	853	14	5	4	0	876
12815	15	874	5	1	0	895
12816	11	17	2	858	0	888
12817	3	7	853	18	0	881
12818	5	3	16	884	0	908
12819	2	2	7	929	0	940
12820	942	1	4	26	0	973
12821	21	1	3	910	0	935
12822	11	968	4	18	0	1001
12823	4	1028	6	10	0	1048
12824	4	29	1031	3	0	1067
12825	1023	8	22	8	0	1061
12826	22	5	13	1035	0	1075
12827	14	4	4	1075	0	1097
12828	8	2	3	1087	0	1100
12829	1093	2	1	36	0	1132
12830	23	1113	5	15	0	1156
12831	1101	24	1	9	0	1135
12832	28	12	1090	4	0	1134
12833	15	3	1079	5	0	1102
12834	1105	3	32	5	0	1145
12835	28	3	18	1117	0	1166
12836	11	4	5	1148	0	1168
12837	8	2	3	1161	0	1174
12838	5	3	1139	32	0	1179
12839	1116	3	23	16	0	1158
12840	1158	0	12	9	0	1179
12841	1139	1	9	3	0	1152
12842	35	2	2	1103	0	1142
12843	15	2	1101	25	0	1143
12844	6	2	1090	14	0	1112
12845	6	1	1131	6	0	1144
12846	3	1084	35	10	0	1132
12847	9	18	15	992	0	1034
12848	978	9	5	21	0	1013
12849	18	2	997	13	0	1030
12850	995	1	19	9	0	1024
12851	18	1	15	1001	0	1035
12852	12	3	2	1000	0	1017
12853	5	991	1	28	0	1025
12854	2	1006	4	11	0	1023
12855	2	1032	3	9	0	1046
12856	3	24	4	999	0	1030
12857	994	10	3	21	0	1028
12858	1012	5	1	14	0	1032
12859	28	4	993	4	0	1029
12860	980	2	18	6	0	1006
12861	18	4	1003	5	0	1030
12862	12	4	19	989	0	1024
12863	5	2	1016	19	0	1042
12864	1000	0	20	11	0	1031
12865	19	2	12	996	0	1029
12866	10	4	1053	19	0	1086
12867	3	3	1016	10	0	1032
12868	990	2	27	6	0	1025
12869	1033	0	10	6	0	1049
12870	28	1054	5	1	0	1088
12871	9	15	5	1048	0	1077
12872	6	6	1043	17	0	1072
12873	3	2	1043	8	0	1056
12874	6	4	20	1009	0	1039
12875	994	1	10	18	0	1023
12876	17	1000	5	11	0	1033
12877	8	14	6	1005	0	1033
12878	1008	9	3	17	0	1037
12879	18	4	3	1006	0	1031
12880	11	1039	3	20	0	1073
12881	5	17	3	1049	0	1074
12882	1051	9	4	18	0	1082
12883	18	4	3	1056	0	1081
12884	1058	2	3	18	0	1081
12885	15	1055	6	11	0	1087
12886	1039	15	2	8	0	1064
12887	19	9	1020	6	0	1054
12888	979	3	15	8	0	1005
12889	1028	2	11	6	0	1047
12890	27	1038	2	1	0	1068
12891	12	16	2	990	0	1020
12892	6	8	992	15	0	1021
12893	11	0	970	10	0	991
12894	910	11	19	14	0	954
12895	871	1	19	8	0	899
12896	17	913	6	2	0	938
12897	7	925	4	4	0	940
12898	883	17	5	0	0	905
12899	16	886	3	3	0	908
12900	7	927	7	3	0	944
12901	8	13	2	909	0	932
12902	4	8	0	906	0	918
12903	0	5	906	21	0	932
12904	3	1	12	896	0	912
12905	874	2	7	12	0	895
12906	11	5	890	6	0	912
12907	10	1	896	3	0	910
12908	6	2	15	862	0	885
12909	4	1	8	891	0	904
12910	5	0	1	907	0	913
12911	2	4	887	16	0	909
12912	3	1	13	873	0	890
12913	1	1	10	899	0	911
12914	882	4	1	14	0	901
12915	10	886	2	7	0	905
12916	880	9	1	3	0	893
12917	10	8	891	0	0	909
12918	776	2	8	3	0	789
12919	8	833	8	2	0	851
12920	765	4	0	2	0	771
12921	4	763	2	2	0	771
12922	684	5	0	2	0	691
12923	2	665	2	0	0	669
12924	2	659	3	0	0	664
12925	0	3	0	658	0	661
12926	650	1	3	1	0	655
12927	646	0	0	1	0	647
12928	654	0	0	0	0	654
12929	2	1	641	0	0	644
12930	1	0	631	0	0	632
12931	0	0	3	631	0	634
12932	0	653	2	1	0	656
12933	0	674	1	1	0	676
12934	1	1	0	633	0	635
12935	640	1	0	1	0	642
12936	650	0	0	1	0	651
12937	652	0	0	0	0	652
12938	2	0	639	1	0	642
12939	2	0	1	630	0	633
12940	2	1	649	1	0	653
12941	648	0	1	1	0	650
12942	665	0	1	0	0	666
12943	2	0	665	0	0	667
12944	1	0	2	662	0	665
12945	674	0	1	6	0	681
12946	2	0	0	688	0	690
12947	2	0	0	698	0	700
12948	2	1	0	742	0	745
12949	801	0	0	5	0	806
12950	3	0	1	843	0	847
12951	862	0	1	3	0	866
12952	6	998	1	6	0	1011
12953	6	8	0	1070	0	1084
12954	1	10	0	1076	0	1087
12955	0	2	0	1049	0	1051
12956	1058	0	0	17	0	1075
12957	7	0	0	1061	0	1068
12958	12	0	0	949	0	961
12959	1078	0	1	18	0	1097
12960	1069	1	0	12	0	1082
12961	1079	1	1	5	0	1086
12962	20	1	1054	3	0	1078
12963	14	0	988	3	0	1005
12964	1027	0	16	1	0	1044
12965	9	0	11	1052	0	1072
12966	13	0	1	964	0	978
12967	1051	0	1	20	0	1072
12968	1028	0	1	12	0	1041
12969	989	0	0	2	0	991
12970	20	994	2	1	0	1017
12971	1024	7	2	2	0	1035
12972	968	9	1	0	0	978
12973	18	1026	0	1	0	1045
12974	11	1005	0	5	0	1021
12975	4	14	0	921	0	939
12976	1062	11	0	7	0	1080
12977	1068	1	1	9	0	1079
12978	1056	2	0	3	0	1061
12979	19	2	2	1043	0	1066
12980	1037	0	0	8	0	1045
12981	12	2	1019	10	0	1043
12982	997	2	8	3	0	1010
12983	8	2	1043	1	0	1054
12984	9	0	1005	3	0	1017
12985	7	0	15	1012	0	1034
12986	1014	1	10	8	0	1033
12987	10	1	1	1019	0	1031
12988	10	0	1042	11	0	1063
12989	4	0	1028	9	0	1041
12990	4	0	17	1004	0	1025
12991	1007	1	11	8	0	1027
12992	9	1048	4	11	0	1072
12993	9	7	3	1062	0	1081
12994	4	11	2	1083	0	1100
12995	5	3	1071	19	0	1098
12996	2	0	1032	13	0	1047
12997	2	3	18	1050	0	1073
12998	1058	1	11	12	0	1082
12999	12	1	1062	15	0	1090
13000	11	1	9	1049	0	1070
13001	5	2	9	1050	0	1066
13002	3	0	2	1042	0	1047
13003	1024	0	2	19	0	1045
13004	10	3	887	11	0	911
13005	11	1035	6	6	0	1058
13006	7	7	7	1043	0	1064
13007	9	13	1052	8	0	1082
13008	3	1053	12	13	0	1081
13009	5	1067	14	6	0	1092
13010	1064	19	3	7	0	1093
13011	12	1069	2	10	0	1093
13012	1074	9	4	13	0	1100
13013	14	14	1051	10	0	1089
13014	20	7	7	1073	0	1107
13015	1079	2	12	19	0	1112
13016	14	1117	4	19	0	1154
13017	20	14	1107	14	0	1155
13018	14	13	8	996	0	1031
13019	8	1129	11	20	0	1168
13020	11	14	4	1170	0	1199
13021	1158	11	3	21	0	1193
13022	17	1161	6	28	0	1212
13023	1185	7	1	16	0	1209
13024	1162	11	3	16	0	1192
13025	33	3	1166	13	0	1215
13026	29	1200	17	7	0	1253
13027	18	9	21	1249	0	1297
13028	16	14	1317	11	0	1358
13029	18	3	1471	18	0	1510
13030	10	10	36	1496	0	1552
13031	1593	4	22	18	0	1637
13032	1601	5	4	29	0	1639
13033	47	2	5	1612	0	1666
13034	36	8	1633	17	0	1694
13035	17	1639	19	24	0	1699
13036	1661	19	21	10	0	1711
13037	1640	30	4	6	0	1680
13038	48	1652	7	7	0	1714
13039	1680	20	4	12	0	1716
13040	34	30	1644	8	0	1716
13041	1635	6	22	8	0	1671
13042	1549	3	30	7	0	1589
13043	46	7	1628	6	0	1687
13044	42	2	21	1592	0	1657
13045	16	2	1620	19	0	1657
13046	13	1571	23	29	0	1636
13047	11	1592	27	10	0	1640
13048	7	43	18	1499	0	1567
13049	7	19	1521	23	0	1570
13050	6	1455	22	17	0	1500
13051	2	1435	22	8	0	1467
13052	1231	27	9	13	0	1280
13053	1248	11	3	2	0	1264
13054	22	3	1	1249	0	1275
13055	14	1	0	1207	0	1222
13056	1	1258	4	17	0	1280
13057	1229	12	0	12	0	1253
13058	1249	10	0	2	0	1261
13059	20	1251	2	2	0	1275
13060	13	9	0	1264	0	1286
13061	2	13	1249	10	0	1274
13062	0	2	10	1256	0	1268
13063	1266	0	10	13	0	1289
13064	10	1	13	1266	0	1290
13065	12	0	0	1288	0	1300
13066	1277	0	1	23	0	1301
13067	11	0	0	1209	0	1220
13068	12	1246	0	11	0	1269
13069	3	11	0	1253	0	1267
13070	1	10	1	1268	0	1280
13071	2	1	0	1229	0	1232
13072	0	1264	4	18	0	1286
13073	2	12	2	1237	0	1253
13074	0	11	1220	11	0	1242
13075	4	1	8	1229	0	1242
13076	2	3	1230	9	0	1244
13077	0	1214	11	15	0	1240
13078	1	7	16	1221	0	1245
13079	2	12	5	1233	0	1252
13080	5	2	0	1239	0	1246
13081	5	0	1	1238	0	1244
13082	2	6	1215	22	0	1245
13083	2	1198	9	21	0	1230
13084	4	9	17	1222	0	1252
13085	6	17	1228	10	0	1261
13086	2	3	10	1246	0	1261
13087	1232	1	18	12	0	1263
13088	12	5	1196	19	0	1232
13089	1186	1	8	5	0	1200
13090	15	2	19	1206	0	1242
13091	20	5	1223	10	0	1258
13092	7	1206	10	19	0	1242
13093	6	10	21	1189	0	1226
13094	6	20	1217	13	0	1256
13095	3	1227	14	17	0	1261
13096	3	12	19	1231	0	1265
13097	1235	17	3	8	0	1263
13098	1242	4	3	19	0	1268
13099	1261	4	5	3	0	1273
13100	25	10	1244	3	0	1282
13101	23	1257	13	2	0	1295
13102	10	9	17	1252	0	1288
13103	9	19	4	1295	0	1327
13104	1325	6	2	26	0	1359
13105	12	1359	10	22	0	1403
13106	1379	13	1	5	0	1398
13107	1345	21	4	3	0	1373
13108	1356	5	0	12	0	1373
13109	30	8	1338	9	0	1385
13110	1363	4	11	11	0	1389
13111	18	2	20	1357	0	1397
13112	21	7	1	1360	0	1389
13113	1357	3	1	32	0	1393
13114	14	2	5	1329	0	1350
13115	21	1339	6	19	0	1385
13116	7	14	1	1333	0	1355
13117	1285	21	3	19	0	1328
13118	13	8	1275	27	0	1323
13119	21	1282	16	10	0	1329
13120	7	15	19	1272	0	1313
13121	1256	22	2	17	0	1297
13122	22	7	1255	27	0	1311
13123	21	5	13	1266	0	1305
13124	7	5	1255	24	0	1291
13125	6	3	1199	32	0	1240
13126	11	5	1208	13	0	1237
13127	6	5	1182	6	0	1199
13128	4	5	1142	8	0	1159
13129	895	3	30	3	0	931
13130	11	897	14	3	0	925
13131	807	2	3	4	0	816
13132	783	9	3	3	0	798
13133	10	781	2	1	0	794
13134	8	784	7	3	0	802
13135	805	10	0	4	0	819
13136	789	6	2	3	0	800
13137	10	1	3	767	0	781
13138	11	804	2	5	0	822
13139	803	3	2	8	0	816
13140	6	798	3	4	0	811
13141	11	2	3	783	0	799
13142	798	7	3	6	0	814
13143	794	3	1	11	0	809
13144	11	2	0	811	0	824
13145	13	2	2	798	0	815
13146	3	3	806	11	0	823
13147	3	4	2	786	0	795
13148	5	2	801	6	0	814
13149	5	2	2	755	0	764
13150	7	2	10	760	0	779
13151	770	2	2	9	0	783
13152	751	3	2	10	0	766
13153	14	1	761	3	0	779
13154	740	1	6	4	0	751
13155	4	2	9	762	0	777
13156	10	9	772	5	0	796
13157	6	1	3	775	0	785
13158	3	2	11	806	0	822
13159	4	4	824	10	0	842
13160	5	2	6	830	0	843
13161	7	2	856	6	0	871
13162	2	4	6	871	0	883
13163	951	0	11	6	0	968
13164	13	971	5	11	0	1000
13165	998	10	4	5	0	1017
13166	13	1038	3	4	0	1058
13167	1023	9	5	3	0	1040
13168	14	1029	3	2	0	1048
13169	1011	11	3	4	0	1029
13170	13	1030	4	1	0	1048
13171	16	13	3	1010	0	1042
13172	7	15	1024	12	0	1058
13173	5	4	1025	12	0	1046
13174	4	4	22	1020	0	1050
13175	1025	5	13	13	0	1056
13176	12	1047	8	14	0	1081
13177	17	12	3	1045	0	1077
13178	3	14	1043	14	0	1074
13179	8	6	1067	13	0	1094
13180	9	12	21	978	0	1020
13181	4	1062	14	10	0	1090
13182	1056	12	6	10	0	1084
13183	13	14	1096	1	0	1124
13184	13	3	1073	2	0	1091
13185	2	1104	22	2	0	1130
13186	1094	11	13	4	0	1122
13187	1099	10	6	2	0	1117
13188	23	2	4	1097	0	1126
13189	1139	3	2	11	0	1155
13190	1089	3	2	12	0	1106
13191	25	1094	2	3	0	1124
13192	1092	10	1	6	0	1109
13193	14	12	1134	3	0	1163
13194	14	3	11	1099	0	1127
13195	7	3	10	1102	0	1122
13196	1097	2	1	22	0	1122
13197	13	1099	6	11	0	1129
13198	1084	13	4	4	0	1105
13199	13	1102	5	4	0	1124
13200	13	1105	4	2	0	1124
13201	5	22	1093	4	0	1124
13202	4	12	1071	4	0	1091
13203	983	7	14	6	0	1010
13204	1014	3	12	3	0	1032
13205	19	2	1001	1	0	1023
13206	7	962	12	1	0	982
13207	6	982	9	0	0	997
13208	975	18	3	3	0	999
13209	958	9	3	1	0	971
13210	20	4	0	979	0	1003
13211	1000	4	3	11	0	1018
13212	13	3	2	999	0	1017
13213	9	3	1000	12	0	1024
13214	1	2	964	9	0	976
13215	981	1	18	4	0	1004
13216	13	2	9	981	0	1005
13217	8	1071	5	15	0	1099
13218	1092	14	4	7	0	1117
13219	1090	8	2	4	0	1104
13220	19	4	1091	4	0	1118
13221	1069	2	13	2	0	1086
13222	1116	3	9	2	0	1130
13223	22	1	2	1086	0	1111
13224	12	1119	4	11	0	1146
13225	6	1157	4	9	0	1176
13226	7	19	4	1143	0	1173
13227	3	12	2	1138	0	1155
13228	5	4	1	1154	0	1164
13229	7	3	1133	22	0	1165
13230	7	6	1116	11	0	1140
13231	3	5	20	1113	0	1141
13232	5	4	1146	15	0	1170
13233	4	4	1157	10	0	1175
13234	4	3	25	1073	0	1105
13235	2	4	1191	19	0	1216
13236	5	1196	18	11	0	1230
13237	1221	18	13	5	0	1257
13238	18	12	2	1212	0	1244
13239	13	1235	4	15	0	1267
13240	4	18	1271	11	0	1304
13241	7	10	16	1249	0	1282
13242	1	5	1334	18	0	1358
13243	5	5	18	1309	0	1337
13244	6	0	15	1367	0	1388
13245	2	8	1399	26	0	1435
13246	7	4	20	1346	0	1377
13247	2	1410	18	20	0	1450
13248	2	22	6	1461	0	1491
13249	3	18	1454	23	0	1498
13250	7	4	20	1432	0	1463
13251	1415	3	17	24	0	1459
13252	18	1456	4	20	0	1498
13253	19	22	7	1443	0	1491
13254	5	17	1456	24	0	1502
13255	6	1438	25	17	0	1486
13256	2	1453	22	14	0	1491
13257	5	36	1420	6	0	1467
13258	5	14	21	1374	0	1414
13259	3	4	15	1379	0	1401
13260	3	10	1385	30	0	1428
13261	5	1352	22	17	0	1396
13262	4	1382	19	6	0	1411
13263	1269	21	4	3	0	1297
13264	13	1288	2	2	0	1305
13265	1259	14	0	3	0	1276
13266	13	9	3	1224	0	1249
13267	1296	1	2	14	0	1313
13268	11	3	1299	10	0	1323
13269	1275	4	11	1	0	1291
13270	12	3	11	1316	0	1342
13271	10	1334	3	16	0	1363
13272	1338	11	0	15	0	1364
13273	13	14	4	1311	0	1342
13274	10	1358	3	14	0	1385
13275	2	1410	2	9	0	1423
13276	1395	23	4	3	0	1425
13277	1404	12	4	2	0	1422
13278	1425	2	1	4	0	1432
13279	21	2	1	1369	0	1393
13280	12	1358	5	13	0	1388
13281	1	1385	5	11	0	1402
13282	5	22	2	1354	0	1383
13283	1324	10	2	17	0	1353
13284	1287	4	3	11	0	1305
13285	1318	2	2	5	0	1327
13286	22	2	1312	6	0	1342
13287	11	4	1355	3	0	1373
13288	1390	6	20	4	0	1420
13289	17	1	11	1381	0	1410
13290	14	4	1	1414	0	1433
13291	8	2	1	1398	0	1409
13292	3	0	4	1396	0	1403
13293	2	5	1343	23	0	1373
13294	1	5	13	1348	0	1367
13295	1	2	1353	19	0	1375
13296	1227	1	12	12	0	1252
13297	13	1316	13	16	0	1358
13298	13	11	1	1332	0	1357
13299	1	12	4	1335	0	1352
13300	1293	3	6	23	0	1325
13301	1301	3	3	15	0	1322
13302	1311	0	2	8	0	1321
13303	1310	2	2	7	0	1321
13304	20	2	1311	8	0	1341
13305	11	4	1302	6	0	1323
13306	1	3	23	1295	0	1322
13307	1317	3	13	15	0	1348
13308	1298	3	6	15	0	1322
13309	23	8	1296	5	0	1332
13310	13	4	13	1257	0	1287
13311	1269	2	14	23	0	1308
13312	12	3	3	1289	0	1307
13313	12	7	1311	18	0	1348
13314	7	3	16	1308	0	1334
13315	1307	2	14	17	0	1340
13316	18	1445	3	13	0	1479
13317	1418	13	4	4	0	1439
13318	1408	11	6	9	0	1434
13319	1434	1	6	9	0	1450
13320	26	4	1	1427	0	1458
13321	1423	5	0	14	0	1442
13322	12	1486	8	13	0	1519
13323	14	1521	3	7	0	1545
13324	5	30	2	1500	0	1537
13325	1521	14	3	20	0	1558
13326	15	1577	4	17	0	1613
13327	1943	21	3	8	0	1975
13328	2031	13	5	3	0	2052
13329	43	2102	5	2	0	2152
13330	23	29	2	2115	0	2169
13331	12	20	0	2159	0	2191
13332	11	8	2118	47	0	2184
13333	7	3	30	2094	0	2134
13334	10	4	2117	31	0	2162
13335	9	2001	30	25	0	2065
13336	8	29	19	2009	0	2065
13337	1961	23	5	28	0	2017
13338	1970	2	2	29	0	2003
13339	46	5	4	1970	0	2025
13340	24	6	1925	30	0	1985
13341	1768	3	27	34	0	1832
13342	28	1875	26	6	0	1935
13343	21	1888	7	8	0	1924
13344	7	1902	4	11	0	1924
13345	9	45	3	1799	0	1856
13346	9	20	1848	28	0	1905
13347	5	14	24	1846	0	1889
13348	8	9	1842	22	0	1881
13349	8	8	1828	16	0	1860
13350	3	10	1897	4	0	1914
13351	5	8	38	1798	0	1849
13352	2	6	19	1886	0	1913
13353	2	4	10	1892	0	1908
13354	3	6	10	1877	0	1896
13355	1853	3	7	47	0	1910
13356	22	1857	15	22	0	1916
13357	1869	23	9	10	0	1911
13358	22	1921	9	10	0	1962
13359	19	21	5	1903	0	1948
13360	6	15	4	1970	0	1995
13361	1950	4	5	47	0	2006
13362	1994	3	3	26	0	2026
13363	2007	6	1	7	0	2021
13364	2012	10	1	10	0	2033
13365	2004	4	2	8	0	2018
13366	38	1975	3	9	0	2025
13367	1898	23	3	10	0	1934
13368	28	1898	5	6	0	1937
13369	1866	27	3	4	0	1900
13370	37	13	1852	5	0	1907
13371	25	7	22	1792	0	1846
13372	12	1876	17	24	0	1929
13373	15	24	4	1872	0	1915
13374	15	24	1808	24	0	1871
13375	12	7	22	1770	0	1811
13376	1747	9	15	28	0	1799
13377	35	1756	9	22	0	1822
13378	16	1794	10	12	0	1832
13379	6	45	1811	17	0	1879
13380	7	24	28	1746	0	1805
13381	4	1848	21	32	0	1905
13382	6	26	11	1895	0	1938
13383	8	21	1908	31	0	1968
13384	13	1896	30	20	0	1959
13385	3	34	1895	16	0	1948
13386	8	28	1878	9	0	1923
13387	13	8	38	1814	0	1873
13388	1829	7	19	30	0	1885
13389	23	13	10	1853	0	1899
13390	19	8	1869	32	0	1928
13391	6	12	33	1906	0	1957
13392	1	13	2015	33	0	2062
13393	5	8	1968	30	0	2011
13394	1922	6	43	16	0	1987
13395	2044	2	31	16	0	2093
13396	2063	1	13	15	0	2092
13397	50	7	2024	15	0	2096
13398	27	4	2051	10	0	2092
13399	10	7	50	1981	0	2048
13400	9	5	33	2032	0	2079
13401	2028	3	12	52	0	2095
13402	38	7	8	2041	0	2094
13403	25	3	2049	41	0	2118
13404	18	6	2016	27	0	2067
13405	8	2071	56	10	0	2145
13406	11	30	29	2077	0	2147
13407	11	28	2096	35	0	2170
13408	9	6	33	2069	0	2117
13409	2073	4	25	41	0	2143
13410	31	4	2123	33	0	2191
13411	26	4	35	2113	0	2178
13412	10	8	25	2138	0	2181
13413	11	8	2065	52	0	2136
13414	9	9	28	2031	0	2077
13415	10	11	2053	35	0	2109
13416	1824	4	34	35	0	1897
13417	38	5	26	1852	0	1921
13418	24	1895	17	30	0	1966
13419	1875	22	13	35	0	1945
13420	1848	18	15	19	0	1900
13421	49	1868	12	16	0	1945
13422	54	166	9	1578	0	1807
13423	12	1767	16	21	0	1816
13424	12	1755	6	26	0	1799
13425	20	40	1647	17	0	1724
13426	14	1659	29	2	0	1704
13427	4	22	1258	10	0	1294
13428	990	16	22	6	0	1034
13429	1050	2	11	3	0	1066
13430	15	1094	4	5	0	1118
13431	10	1089	4	1	0	1104
13432	3	1131	5	1	0	1140
13433	1123	17	1	3	0	1144
13434	6	11	0	1137	0	1154
13435	9	5	1205	9	0	1228
13436	3	1215	6	12	0	1236
13437	4	7	10	1218	0	1239
13438	3	9	6	1152	0	1170
13439	1	1364	3	19	0	1387
13440	1575	13	0	15	0	1603
13441	24	10	1643	3	0	1680
13442	18	7	25	1975	0	2025
13443	3	2386	21	34	0	2444
13444	2369	38	3	41	0	2451
13445	40	47	2361	4	0	2452
13446	42	2307	43	3	0	2395
13447	8	43	42	2310	0	2403
13448	4	44	2335	41	0	2424
13449	2226	7	44	44	0	2321
13450	46	3	40	2265	0	2354
13451	44	4	2286	42	0	2376
13452	3	2287	46	42	0	2378
13453	2226	42	42	8	0	2318
13454	39	2336	5	2	0	2382
13455	2329	42	4	1	0	2376
13456	2322	42	0	7	0	2371
13457	79	4	5	2226	0	2314
13458	43	2185	4	39	0	2271
13459	10	40	2229	44	0	2323
13460	5	44	45	2205	0	2299
13461	11	12	43	2055	0	2121
13462	9	3	4	2263	0	2279
13463	9	0	7	2252	0	2268
13464	5	5	4	2236	0	2250
13465	2168	4	5	88	0	2265
13466	2138	1	7	55	0	2201
13467	2109	3	5	9	0	2126
13468	87	2097	4	6	0	2194
13469	48	38	2146	10	0	2242
13470	6	40	2176	5	0	2227
13471	8	11	2245	1	0	2265
13472	8	5	84	2091	0	2188
13473	4	3	52	2168	0	2227
13474	6	6	8	2208	0	2228
13475	8	6	2141	90	0	2245
13476	4	2099	52	56	0	2211
13477	9	47	2161	12	0	2229
13478	6	44	2167	10	0	2227
13479	12	9	89	2070	0	2180
13480	8	10	2168	51	0	2237
13481	7	5	57	2124	0	2193
13482	2076	8	45	58	0	2187
13483	2087	7	13	52	0	2159
13484	93	7	2054	17	0	2171
13485	52	6	51	2015	0	2124
13486	18	11	2096	50	0	2175
13487	13	2058	52	51	0	2174
13488	2051	50	51	13	0	2165
13489	56	50	2062	10	0	2178
13490	51	1994	51	9	0	2105
13491	16	1987	49	14	0	2066
13492	9	1957	14	13	0	1993
13493	15	90	1868	10	0	1983
13494	27	56	57	1703	0	1843
13495	10	1844	50	49	0	1953
13496	11	54	10	1863	0	1938
13497	15	44	9	1890	0	1958
13498	1826	12	8	97	0	1943
13499	53	1831	13	58	0	1955
13500	1837	46	9	18	0	1910
13501	49	1848	13	15	0	1925
13502	52	1869	9	11	0	1941
13503	17	82	1817	19	0	1935
13504	28	44	50	1796	0	1918
13505	17	15	1826	52	0	1910
13506	9	1736	56	66	0	1867
13507	15	52	1792	23	0	1882
13508	17	45	1803	16	0	1881
13509	14	1781	95	15	0	1905
13510	1710	51	51	24	0	1836
13511	47	1790	18	20	0	1875
13512	1781	54	23	16	0	1874
13513	55	45	1769	16	0	1885
13514	50	19	1785	20	0	1874
13515	9	1768	93	22	0	1892
13516	1757	49	49	24	0	1879
13517	53	1804	20	16	0	1893
13518	52	52	23	1748	0	1875
13519	1780	42	23	58	0	1903
13520	57	18	1795	46	0	1916
13521	52	20	57	1763	0	1892
13522	1747	9	54	61	0	1871
13523	54	1756	18	52	0	1880
13524	44	49	25	1745	0	1863
13525	17	50	1746	57	0	1870
13526	1727	12	62	45	0	1846
13527	46	15	52	1756	0	1869
13528	38	9	1763	65	0	1875
13529	9	13	55	1691	0	1768
13530	11	1724	50	55	0	1840
13531	13	55	1729	50	0	1847
13532	15	38	51	1691	0	1795
13533	1672	9	54	49	0	1784
13534	53	19	8	1702	0	1782
13535	1609	11	12	47	0	1679
13536	42	1606	15	39	0	1702
13537	1616	54	13	9	0	1692
13538	54	45	1545	15	0	1659
13539	37	13	1462	11	0	1523
13540	4	23	1227	10	0	1264
13541	13	1117	65	11	0	1206
13542	24	15	82	378	0	499
13543	0	2	3	379	0	384
13544	2	0	1	349	0	352
13545	0	0	3	361	0	364
13546	2	1	350	7	0	360
13547	309	0	5	2	0	316
13548	5	353	2	6	0	366
13549	344	5	0	2	0	351
13550	6	1	1	354	0	362
13551	2	360	1	5	0	368
13552	2	5	0	353	0	360
13553	348	1	1	4	0	354
13554	5	386	0	2	0	393
13555	383	6	0	1	0	390
13556	386	0	1	1	0	388
13557	6	0	0	391	0	397
13558	2	0	379	5	0	386
13559	374	1	4	2	0	381
13560	5	0	1	404	0	410
13561	411	1	0	5	0	417
13562	411	2	0	2	0	415
13563	413	0	0	1	0	414
13564	6	0	415	0	0	421
13565	1	0	6	402	0	409
13566	406	1	1	5	0	413
13567	6	0	436	2	0	444
13568	1	432	6	2	0	441
13569	1	12	0	401	0	414
13570	0	2	446	4	0	452
13571	0	0	436	1	0	437
13572	0	0	3	432	0	435
13573	0	0	1	442	0	443
13574	0	0	1	454	0	455
13575	0	0	0	453	0	453
13576	0	2	449	3	0	454
13577	0	453	3	1	0	457
13578	0	3	0	456	0	459
13579	455	0	0	4	0	459
13580	443	0	0	1	0	444
13581	434	0	0	0	0	434
13582	4	0	0	434	0	438
13583	0	0	0	431	0	431
13584	0	420	1	2	0	423
13585	1	427	1	0	0	429
13586	0	1	0	414	0	415
13587	410	1	0	2	0	413
13588	415	0	0	0	0	415
13589	416	0	0	1	0	417
13590	422	0	0	1	0	423
13591	426	0	0	0	0	426
13592	1	419	1	1	0	422
13593	0	1	0	432	0	433
13594	443	0	0	1	0	444
13595	432	0	1	0	0	433
13596	1	0	0	438	0	439
13597	1	0	0	441	0	442
13598	0	1	449	1	0	451
13599	0	0	1	425	0	426
13600	0	0	0	443	0	443
13601	0	2	474	1	0	477
13602	1	0	1	457	0	459
13603	0	473	1	1	0	475
13604	0	1	469	0	0	470
13605	0	472	0	0	0	472
13606	0	0	1	467	0	468
13607	0	0	0	468	0	468
13608	0	463	0	0	0	463
13609	1	454	1	0	0	456
13610	467	0	0	0	0	467
13611	457	0	0	1	0	458
13612	0	0	449	0	0	449
13613	461	0	1	1	0	463
13614	486	0	0	0	0	486
13615	489	0	1	0	0	490
13616	482	1	0	2	0	485
13617	1	1	472	1	0	475
13618	0	1	482	0	0	483
13619	491	1	1	0	0	493
13620	0	514	0	1	0	515
13621	0	1	526	1	0	528
13622	520	0	1	1	0	522
13623	526	0	0	0	0	526
13624	2	1	520	0	0	523
13625	485	1	0	1	0	487
13626	2	0	0	566	0	568
13627	1	1	585	1	0	588
13628	523	1	0	2	0	526
13629	1	583	0	0	0	584
13630	592	0	1	1	0	594
13631	654	1	0	2	0	657
13632	0	1	0	654	0	655
13633	1	1	1	650	0	653
13634	1	0	1	655	0	657
13635	663	0	0	3	0	666
13636	684	0	0	2	0	686
13637	2	1	0	680	0	683
13638	2	0	1	686	0	689
13639	0	0	673	1	0	674
13640	614	2	0	2	0	618
13641	0	0	1	696	0	697
13642	3	1	0	696	0	700
13643	2	698	1	3	0	704
13644	0	1	0	712	0	713
13645	1	2	1	706	0	710
13646	689	0	1	4	0	694
13647	1	717	0	3	0	721
13648	2	2	0	724	0	728
13649	0	2	1	720	0	723
13650	1	0	0	738	0	739
13651	2	1	712	3	0	718
13652	2	0	1	707	0	710
13653	699	1	2	1	0	703
13654	2	0	688	3	0	693
13655	3	2	1	680	0	686
13656	2	2	2	688	0	694
13657	680	1	0	4	0	685
13658	675	0	0	4	0	679
13659	4	1	696	1	0	702
13660	624	1	2	3	0	630
13661	2	0	692	2	0	696
13662	683	0	1	1	0	685
13663	2	778	3	1	0	784
13664	782	1	0	1	0	784
13665	2	783	6	1	0	792
13666	804	1	1	1	0	807
13667	1	796	2	1	0	800
13668	6	3	0	790	0	799
13669	0	2	1	790	0	793
13670	0	0	0	773	0	773
13671	0	778	0	6	0	784
13672	1	3	0	781	0	785
13673	0	794	0	2	0	796
13674	1	2	0	790	0	793
13675	791	3	0	2	0	796
13676	784	0	0	3	0	787
13677	4	786	0	2	0	792
13678	3	4	0	786	0	793
13679	775	3	2	4	0	784
13680	3	796	0	3	0	802
13681	5	800	0	0	0	805
13682	803	7	2	0	0	812
13683	801	3	0	3	0	807
13684	6	808	0	0	0	814
13685	811	4	1	2	0	818
13686	2	7	0	826	0	835
13687	5	0	849	5	0	859
13688	842	0	1	3	0	846
13689	863	2	3	0	0	868
13690	7	4	868	0	0	879
13691	858	0	2	6	0	866
13692	868	0	6	2	0	876
13693	899	2	0	0	0	901
13694	8	905	0	0	0	913
13695	910	2	2	1	0	915
13696	900	5	0	0	0	905
13697	10	4	0	903	0	917
13698	9	1	0	901	0	911
13699	1	2	0	920	0	923
13700	923	0	3	6	0	932
13701	7	1	0	888	0	896
13702	901	0	0	6	0	907
13703	900	0	2	8	0	910
13704	9	0	0	889	0	898
13705	8	1	0	925	0	934
13706	3	0	2	935	0	940
13707	925	2	0	9	0	936
13708	6	933	2	6	0	947
13709	7	1	0	944	0	952
13710	1	4	0	951	0	956
13711	930	0	0	12	0	942
13712	928	2	5	7	0	942
13713	9	5	915	3	0	932
13714	4	2	920	6	0	932
13715	1000	1	7	3	0	1011
13716	10	0	4	1028	0	1042
13717	9	0	2	1284	0	1295
13718	0	2	1264	18	0	1284
13719	1	1	12	1194	0	1208
13720	7	1239	12	9	0	1267
13721	1	1275	0	12	0	1288
13722	1226	23	2	9	0	1260
13723	10	12	1214	9	0	1245
13724	15	1247	13	3	0	1278
13725	3	15	12	1261	0	1291
13726	3	17	1236	10	0	1266
13727	3	1	14	1201	0	1219
13728	4	2	18	1216	0	1240
13729	2	5	1231	28	0	1266
13730	4	1222	12	23	0	1261
13731	1	9	18	1161	0	1189
13732	1181	12	1	16	0	1210
13733	1172	3	1	18	0	1194
13734	1184	4	3	1	0	1192
13735	24	1170	3	2	0	1199
13736	1149	18	4	5	0	1176
13737	16	15	1	1167	0	1199
13738	19	2	1149	15	0	1185
13739	1132	1	13	15	0	1161
13740	10	1168	13	5	0	1196
13741	15	11	1	1159	0	1186
13742	2	12	5	1133	0	1152
13743	4	1157	6	23	0	1190
13744	8	12	3	1176	0	1199
13745	6	16	1	1178	0	1201
13746	3	5	3	1198	0	1209
13747	1161	4	2	28	0	1195
13748	1159	7	3	13	0	1182
13749	21	4	1162	17	0	1204
13750	14	4	14	1149	0	1181
13751	6	4	16	1167	0	1193
13752	12	6	3	1181	0	1202
13753	1164	8	6	22	0	1200
13754	18	5	1148	14	0	1185
13755	1131	1	15	10	0	1157
13756	1158	7	13	8	0	1186
13757	26	3	2	1168	0	1199
13758	1189	2	5	19	0	1215
13759	18	3	1138	20	0	1179
13760	1130	4	14	9	0	1157
13761	22	1248	14	8	0	1292
13762	19	19	1210	5	0	1253
13763	10	16	1214	13	0	1253
13764	11	5	24	1187	0	1227
13765	11	10	1226	17	0	1264
13766	1167	4	14	20	0	1205
13767	12	1180	21	15	0	1228
13768	1202	10	7	12	0	1231
13769	18	14	2	1206	0	1240
13770	21	5	1200	16	0	1242
13771	12	3	1204	20	0	1239
13772	6	4	22	1197	0	1229
13773	1193	6	13	18	0	1230
13774	14	1182	2	25	0	1223
13775	17	1201	8	11	0	1237
13776	1194	19	6	12	0	1231
13777	19	1221	4	7	0	1251
13778	1233	10	1	12	0	1256
13779	17	14	6	1211	0	1248
13780	1204	2	3	15	0	1224
13781	16	3	5	1204	0	1228
13782	1205	4	5	17	0	1231
13783	15	4	2	1196	0	1217
13784	17	1190	8	17	0	1232
13785	1182	11	4	17	0	1214
13786	15	1179	8	7	0	1209
13787	18	12	1155	8	0	1193
13788	12	14	12	1035	0	1073
13789	4	1162	15	14	0	1195
13790	1132	11	3	7	0	1153
13791	1123	15	7	6	0	1151
13792	23	1125	8	4	0	1160
13793	11	14	1121	6	0	1152
13794	6	12	11	1055	0	1084
13795	4	1096	18	9	0	1127
13796	8	10	3	1121	0	1142
13797	5	17	5	1116	0	1143
13798	1113	2	3	20	0	1138
13799	10	1110	3	17	0	1140
13800	18	12	4	1107	0	1141
13801	1104	13	4	14	0	1135
13802	1117	4	4	16	0	1141
13803	1120	3	5	7	0	1135
13804	25	5	3	1096	0	1129
13805	1071	5	1	17	0	1094
13806	16	1068	5	14	0	1103
13807	1060	12	2	4	0	1078
13808	20	1085	4	4	0	1113
13809	1083	10	3	8	0	1104
13810	1073	11	3	7	0	1094
13811	21	3	3	1083	0	1110
13812	25	6	1087	8	0	1126
13813	7	4	1073	20	0	1104
13814	8	1090	18	4	0	1120
13815	1018	10	15	4	0	1047
13816	12	17	1002	5	0	1036
13817	680	2	8	0	0	690
13818	4	727	6	1	0	738
13819	5	766	2	2	0	775
13820	3	7	0	800	0	810
13821	3	849	0	4	0	856
13822	1	7	865	5	0	878
13823	4	2	5	848	0	859
13824	0	926	5	9	0	940
13825	3	6	0	927	0	936
13826	930	6	0	11	0	947
13827	12	1	1	942	0	956
13828	6	0	942	10	0	958
13829	3	958	11	8	0	980
13830	2	11	8	961	0	982
13831	2	12	0	967	0	981
13832	3	2	3	978	0	986
13833	955	3	2	15	0	975
13834	956	1	5	9	0	971
13835	16	2	975	5	0	998
13836	10	4	966	1	0	981
13837	2	974	15	3	0	994
13838	976	10	8	3	0	997
13839	11	8	0	969	0	988
13840	6	2	3	970	0	981
13841	2	0	2	974	0	978
13842	1	2	0	983	0	986
13843	4	0	935	19	0	958
13844	882	3	10	9	0	904
13845	14	1	9	1038	0	1062
13846	10	2	1038	13	0	1063
13847	1045	5	13	8	0	1071
13848	1151	2	7	2	0	1162
13849	28	1	1341	3	0	1373
13850	17	2	1397	3	0	1419
13851	5	1	33	1357	0	1396
13852	1384	1	13	25	0	1423
13853	1408	1	4	15	0	1428
13854	36	2	3	1375	0	1416
13855	17	2	3	1427	0	1449
13856	4	2	1408	32	0	1446
13857	4	1	26	1369	0	1400
13858	5	0	1375	26	0	1406
13859	1294	4	26	10	0	1334
13860	26	1383	13	4	0	1426
13861	1289	25	3	2	0	1319
13862	29	1281	1	5	0	1316
13863	1279	26	3	5	0	1313
13864	31	8	2	1262	0	1303
13865	12	2	1	1285	0	1300
13866	1269	1	3	36	0	1309
13867	1294	1	2	10	0	1307
13868	1293	1	1	3	0	1298
13869	1291	1	4	1	0	1297
13870	36	3	1268	3	0	1310
13871	1248	3	25	3	0	1279
13872	1295	2	12	1	0	1310
13873	1294	1	2	4	0	1301
13874	38	1	0	1259	0	1298
13875	1239	1	1	33	0	1274
13876	30	1242	4	14	0	1290
13877	17	25	1	1253	0	1296
13878	9	10	5	1262	0	1286
13879	6	5	1243	39	0	1293
13880	6	3	28	1194	0	1231
13881	7	1240	15	27	0	1289
13882	1220	28	2	15	0	1265
13883	30	1235	2	12	0	1279
13884	1254	29	1	9	0	1293
13885	32	12	4	1238	0	1286
13886	1240	3	3	31	0	1277
13887	29	1203	8	16	0	1256
13888	1213	26	7	8	0	1254
13889	1234	16	2	5	0	1257
13890	42	3	7	1205	0	1257
13891	21	2	3	1234	0	1260
13892	8	11	1212	41	0	1272
13893	9	3	28	1219	0	1259
13894	8	2	13	1233	0	1256
13895	10	1	1212	45	0	1268
13896	11	2	28	1220	0	1261
13897	6	3	1210	37	0	1256
13898	1193	2	33	18	0	1246
13899	36	1	16	1190	0	1243
13900	18	7	1182	33	0	1240
13901	1181	2	31	16	0	1230
13902	33	3	18	1188	0	1242
13903	22	3	1211	34	0	1270
13904	1206	3	29	21	0	1259
13905	33	2	13	1227	0	1275
13906	21	2	7	1240	0	1270
13907	1220	1	4	47	0	1272
13908	36	1	7	1205	0	1249
13909	19	1	7	1228	0	1255
13910	14	4	5	1175	0	1198
13911	12	1187	5	35	0	1239
13912	1152	29	5	13	0	1199
13913	1179	15	3	7	0	1204
13914	40	3	4	1139	0	1186
13915	1149	3	3	29	0	1184
13916	1151	5	2	20	0	1178
13917	1176	4	3	11	0	1194
13918	1047	3	4	9	0	1063
13919	1124	1	4	13	0	1142
13920	40	3	1020	9	0	1072
13921	28	2	986	3	0	1019
13922	935	6	31	8	0	980
13923	27	942	20	8	0	997
13924	25	23	3	897	0	948
13925	11	10	919	23	0	963
13926	9	4	953	16	0	982
13927	17	7	26	906	0	956
13928	917	5	24	27	0	973
13929	21	2	7	931	0	961
13930	13	1	933	24	0	971
13931	934	3	19	16	0	972
13932	20	1	14	947	0	982
13933	14	2	3	968	0	987
13934	7	1	2	970	0	980
13935	7	0	4	951	0	962
13936	7	2	923	31	0	963
13937	8	2	20	924	0	954
13938	931	0	9	24	0	964
13939	24	3	923	14	0	964
13940	909	3	20	9	0	941
13941	946	0	10	7	0	963
13942	936	1	4	6	0	947
13943	933	1	2	10	0	946
13944	33	914	2	4	0	953
13945	12	813	6	5	0	836
13946	5	837	2	7	0	851
13947	771	25	10	5	0	811
13948	19	7	705	5	0	736
13949	463	2	7	1	0	473
13950	4	2	4	437	0	447
13951	446	0	0	2	0	448
13952	2	1	0	444	0	447
13953	443	0	1	2	0	446
13954	2	1	0	444	0	447
13955	4	0	0	467	0	471
13956	425	1	1	5	0	432
13957	4	510	0	3	0	517
13958	5	2	526	1	0	534
13959	1	524	2	2	0	529
13960	1	3	494	1	0	499
13961	0	3	2	465	0	470
13962	477	0	3	2	0	482
13963	1	1	0	472	0	474
13964	466	0	1	2	0	469
13965	1	520	1	4	0	526
13966	6	3	514	0	0	523
13967	0	529	1	2	0	532
13968	0	532	2	1	0	535
13969	513	2	0	1	0	516
13970	498	1	0	1	0	500
13971	2	509	3	1	0	515
13972	1	1	0	523	0	525
13973	2	1	0	518	0	521
13974	513	0	1	3	0	517
13975	2	0	520	1	0	523
13976	2	1	519	0	0	522
13977	1	0	2	533	0	536
13978	0	0	539	1	0	540
13979	502	1	1	1	0	505
13980	533	1	1	0	0	535
13981	2	543	1	1	0	547
13982	2	2	575	0	0	579
13983	1	2	2	568	0	573
13984	1	0	599	3	0	603
13985	0	0	1	598	0	599
13986	603	0	1	2	0	606
13987	1	620	0	4	0	625
13988	2	3	635	2	0	642
13989	1	644	2	3	0	650
13990	1	659	2	1	0	663
13991	660	3	1	1	0	665
13992	643	2	1	2	0	648
13993	3	0	671	0	0	674
13994	3	682	1	0	0	686
13995	2	1	2	683	0	688
13996	0	2	0	685	0	687
13997	1	1	0	676	0	678
13998	0	3	685	4	0	692
13999	3	0	2	672	0	677
14000	0	1	2	697	0	700
14001	710	0	2	2	0	714
14002	717	0	1	3	0	721
14003	706	1	0	0	0	707
14004	688	0	1	3	0	692
14005	698	0	0	0	0	698
14006	3	692	3	1	0	699
14007	682	2	0	2	0	686
14008	2	2	703	1	0	708
14009	3	1	1	697	0	702
14010	717	0	3	3	0	723
14011	1	735	2	1	0	739
14012	745	1	1	4	0	751
14013	762	1	1	3	0	767
14014	5	0	0	779	0	784
14015	1	0	0	782	0	783
14016	2	812	3	1	0	818
14017	1	3	2	816	0	822
14018	0	2	837	4	0	843
14019	1	1	3	849	0	854
14020	1	1	854	3	0	859
14021	802	0	4	0	0	806
14022	4	2	0	879	0	885
14023	3	2	908	6	0	919
14024	0	895	6	4	0	905
14025	2	897	2	1	0	902
14026	886	5	0	2	0	893
14027	8	4	1	890	0	903
14028	3	1	935	1	0	940
14029	0	903	4	4	0	911
14030	0	2	918	0	0	920
14031	891	2	2	5	0	900
14032	924	0	4	1	0	929
14033	932	0	0	2	0	934
14034	5	0	0	949	0	954
14035	4	4	944	5	0	957
14036	2	972	4	2	0	980
14037	0	4	2	983	0	989
14038	1	3	960	2	0	966
14039	2	1	931	3	0	937
14040	2	0	4	962	0	968
14041	975	0	4	5	0	984
14042	3	1	1	977	0	982
14043	3	1	1	1001	0	1006
14044	1	3	1026	5	0	1035
14045	0	0	2	1028	0	1030
14046	0	1	3	1041	0	1045
14047	2	0	1042	8	0	1052
14048	1	2	1020	4	0	1027
14049	2	0	4	1039	0	1045
14050	2	1	1047	3	0	1053
14051	4	0	3	1033	0	1040
14052	1039	1	2	4	0	1046
14053	9	1095	3	2	0	1109
14054	4	3	2	1110	0	1119
14055	3	5	1062	5	0	1075
14056	897	2	3	8	0	910
14057	3	1020	6	2	0	1031
14058	1025	2	1	2	0	1030
14059	3	3	0	1025	0	1031
14060	3	2	1	1026	0	1032
14061	1045	4	0	6	0	1055
14062	3	4	1045	6	0	1058
14063	1022	1	2	3	0	1028
14064	5	1	2	1058	0	1066
14065	1016	0	4	4	0	1024
14066	1019	2	2	2	0	1025
14067	5	0	1	990	0	996
14068	5	1042	3	2	0	1052
14069	1054	2	0	7	0	1063
14070	1068	4	1	5	0	1078
14071	8	3	1088	2	0	1101
14072	1068	2	4	1	0	1075
14073	5	3	7	1069	0	1084
14074	8	1092	2	3	0	1105
14075	5	5	3	1058	0	1071
14076	3	1083	3	3	0	1092
14077	1077	6	2	8	0	1093
14078	1083	6	3	1	0	1093
14079	12	3	0	1160	0	1175
14080	8	4	1161	7	0	1180
14081	10	1	1155	8	0	1174
14082	3	0	13	1160	0	1176
14083	1183	0	7	8	0	1198
14084	1259	2	4	8	0	1273
14085	19	1289	2	2	0	1312
14086	11	9	3	1304	0	1327
14087	3	11	1330	14	0	1358
14088	3	4	1355	13	0	1375
14089	5	3	27	1411	0	1446
14090	1571	1	15	20	0	1607
14091	20	0	2	1595	0	1617
14092	21	2	1578	23	0	1624
14093	1554	1	20	23	0	1598
14094	23	4	21	1564	0	1612
14095	21	2	5	1590	0	1618
14096	5	0	4	1554	0	1563
14097	3	1573	1	42	0	1619
14098	2	21	1574	23	0	1620
14099	1	21	1596	8	0	1626
14100	3	1	38	1580	0	1622
14101	0	5	1610	22	0	1637
14102	1555	0	26	27	0	1608
14103	26	1	23	1579	0	1629
14104	26	1	4	1591	0	1622
14105	5	5	3	1570	0	1583
14106	4	1574	6	47	0	1631
14107	1605	21	6	23	0	1655
14108	26	19	4	1580	0	1629
14109	1586	4	4	27	0	1621
14110	26	1583	2	24	0	1635
14111	1583	24	1	9	0	1617
14112	1545	21	3	6	0	1575
14113	1560	3	1	5	0	1569
14114	46	1504	5	6	0	1561
14115	29	1525	6	6	0	1566
14116	1464	42	2	10	0	1518
14117	27	1517	3	5	0	1552
14118	26	29	1470	6	0	1531
14119	5	1466	28	6	0	1505
14120	5	1488	25	1	0	1519
14121	1455	41	7	3	0	1506
14122	28	22	1454	8	0	1512
14123	24	8	1424	3	0	1459
14124	8	3	39	1398	0	1448
14125	1417	4	22	23	0	1466
14126	25	7	1425	25	0	1482
14127	22	3	26	1428	0	1479
14128	8	5	1377	28	0	1418
14129	9	2	1380	23	0	1414
14130	1316	3	43	11	0	1373
14131	25	4	1364	6	0	1399
14132	26	4	28	1323	0	1381
14133	8	2	23	1325	0	1358
14134	6	1317	10	36	0	1369
14135	6	1354	5	28	0	1393
14136	2	41	3	1319	0	1365
14137	3	25	1314	25	0	1367
14138	1	4	25	1328	0	1358
14139	3	6	22	1341	0	1372
14140	4	4	1346	46	0	1400
14141	5	4	27	1346	0	1382
14142	1350	1	22	28	0	1401
14143	23	4	1347	28	0	1402
14144	1331	1	26	9	0	1367
14145	28	4	24	1307	0	1363
14146	26	2	7	1333	0	1368
14147	9	1354	8	47	0	1418
14148	7	21	7	1377	0	1412
14149	10	19	8	1403	0	1440
14150	1385	7	5	46	0	1443
14151	27	3	8	1403	0	1441
14152	24	4	6	1411	0	1445
14153	1339	5	6	49	0	1399
14154	28	7	2	1364	0	1401
14155	23	5	5	1280	0	1313
14156	6	1334	7	43	0	1390
14157	1323	21	7	28	0	1379
14158	26	22	6	1336	0	1390
14159	25	4	5	1367	0	1401
14160	8	5	1322	52	0	1387
14161	9	2	24	1308	0	1343
14162	6	2	22	1330	0	1360
14163	1307	4	8	45	0	1364
14164	1328	3	8	24	0	1363
14165	47	4	3	1306	0	1360
14166	25	5	1299	27	0	1356
14167	10	1272	24	25	0	1331
14168	7	1270	20	16	0	1313
14169	7	45	7	1249	0	1308
14170	1242	20	13	25	0	1300
14171	25	8	1	1262	0	1296
14172	1282	4	3	30	0	1319
14173	27	3	2	1304	0	1336
14174	23	6	0	1299	0	1328
14175	1273	3	3	42	0	1321
14176	1260	3	6	25	0	1294
14177	41	1266	5	11	0	1323
14178	20	1307	2	10	0	1339
14179	11	35	4	1193	0	1243
14180	10	19	3	1200	0	1232
14181	5	7	1181	43	0	1236
14182	1090	3	23	23	0	1139
14183	22	1140	16	10	0	1188
14184	14	1037	3	9	0	1063
14185	997	23	10	4	0	1034
14186	18	13	1011	4	0	1046
14187	12	7	995	3	0	1017
14188	8	5	965	3	0	981
14189	3	867	23	4	0	897
14190	3	4	6	724	0	737
14191	5	2	3	723	0	733
14192	1	2	3	723	0	729
14193	708	3	1	9	0	721
14194	705	2	0	5	0	712
14195	7	707	2	3	0	719
14196	5	5	1	722	0	733
14197	3	2	718	5	0	728
14198	5	719	6	5	0	735
14199	713	4	3	7	0	727
14200	3	6	719	5	0	733
14201	644	3	3	7	0	657
14202	7	3	712	3	0	725
14203	4	1	3	679	0	687
14204	5	707	4	1	0	717
14205	708	3	3	5	0	719
14206	2	715	3	9	0	729
14207	696	3	1	4	0	704
14208	5	3	3	684	0	695
14209	4	2	714	5	0	725
14210	5	5	2	709	0	721
14211	4	4	2	763	0	773
14212	4	4	774	8	0	790
14213	718	1	6	10	0	735
14214	4	790	8	4	0	806
14215	787	4	3	7	0	801
14216	6	782	4	2	0	794
14217	7	10	0	802	0	819
14218	5	5	799	6	0	815
14219	927	2	6	9	0	944
14220	9	966	6	7	0	988
14221	10	9	4	968	0	991
14222	3	9	2	1017	0	1031
14223	1080	4	0	17	0	1101
14224	1184	2	1	15	0	1202
14225	18	1246	4	5	0	1273
14226	1372	11	0	7	0	1390
14227	1345	15	4	6	0	1370
14228	1375	3	3	7	0	1388
14229	31	6	1392	1	0	1430
14230	18	1369	11	6	0	1404
14231	5	1419	16	5	0	1445
14232	6	30	4	1337	0	1377
14233	7	21	3	1380	0	1411
14234	1373	4	6	32	0	1415
14235	16	1375	4	20	0	1415
14236	1390	16	4	6	0	1416
14237	19	19	1	1361	0	1400
14238	19	4	2	1374	0	1399
14239	1357	4	2	29	0	1392
14240	1336	3	2	21	0	1362
14241	31	5	1314	6	0	1356
14242	23	3	12	1310	0	1348
14243	7	4	1313	14	0	1338
14244	2	4	1302	19	0	1327
14245	7	4	1309	4	0	1324
14246	1244	2	26	7	0	1279
14247	15	1	18	1242	0	1276
14248	21	2	5	1221	0	1249
14249	10	2	2	1260	0	1274
14250	2	7	1255	27	0	1291
14251	3	4	12	1261	0	1280
14252	4	4	16	1261	0	1285
14253	1259	2	4	29	0	1294
14254	1267	5	5	18	0	1295
14255	1288	2	4	5	0	1299
14256	1287	4	0	8	0	1299
14257	34	3	2	1263	0	1302
14258	1284	2	3	17	0	1306
14259	21	6	2	1280	0	1309
14260	25	6	1232	15	0	1278
14261	1238	5	13	20	0	1276
14262	22	1254	20	5	0	1301
14263	18	13	5	1222	0	1258
14264	6	20	6	1207	0	1239
14265	11	1242	7	26	0	1286
14266	1221	15	3	18	0	1257
14267	20	1234	4	8	0	1266
14268	22	14	1225	10	0	1271
14269	8	18	1221	6	0	1253
14270	1194	3	40	5	0	1242
14271	1219	3	19	7	0	1248
14272	33	7	1197	5	0	1242
14273	1181	3	14	7	0	1205
14274	19	1	1195	8	0	1223
14275	1197	2	13	7	0	1219
14276	19	4	1188	7	0	1218
14277	23	5	1178	8	0	1214
14278	9	4	30	1110	0	1153
14279	8	5	19	1143	0	1175
14280	1154	2	5	37	0	1198
14281	1154	1	4	27	0	1186
14282	1192	3	5	8	0	1208
14283	1193	6	2	10	0	1211
14284	36	1153	9	17	0	1215
14285	23	12	4	1124	0	1163
14286	7	1156	8	19	0	1190
14287	20	14	3	1149	0	1186
14288	13	17	5	1116	0	1151
14289	15	5	7	1118	0	1145
14290	13	2	1091	41	0	1147
14291	1034	5	19	22	0	1080
14292	21	1055	26	15	0	1117
14293	27	1093	7	7	0	1134
14294	17	33	1105	10	0	1165
14295	16	20	16	1093	0	1145
14296	11	7	20	1102	0	1140
14297	1109	6	8	34	0	1157
14298	21	6	12	1096	0	1135
14299	27	4	6	1096	0	1133
14300	17	3	6	1111	0	1137
14301	19	6	7	1110	0	1142
14302	1093	3	9	34	0	1139
14303	1102	2	10	22	0	1136
14304	1100	4	10	12	0	1126
14305	35	1	13	1091	0	1140
14306	1096	4	9	19	0	1128
14307	22	3	14	1097	0	1136
14308	27	3	11	1111	0	1152
14309	16	2	1077	34	0	1129
14310	9	4	1051	27	0	1091
14311	10	0	1027	15	0	1052
14312	980	5	33	11	0	1029
14313	20	9	25	902	0	956
14314	28	967	7	24	0	1026
14315	978	16	5	25	0	1024
14316	22	14	965	14	0	1015
14317	930	4	17	10	0	961
14318	19	910	21	14	0	964
14319	779	6	9	5	0	799
14320	20	14	3	754	0	791
14321	739	2	0	9	0	750
14322	13	686	5	16	0	720
14323	14	649	6	5	0	674
14324	502	9	3	2	0	516
14325	6	499	3	5	0	513
14326	2	350	4	7	0	363
14327	6	346	1	2	0	355
14328	327	11	9	1	0	348
14329	307	3	0	0	0	310
14330	305	2	0	0	0	307
14331	4	2	0	301	0	307
14332	4	0	0	302	0	306
14333	1	2	298	3	0	304
14334	3	2	2	294	0	301
14335	6	3	299	3	0	311
14336	3	0	4	297	0	304
14337	1	1	3	302	0	307
14338	300	1	1	4	0	306
14339	300	0	1	3	0	304
14340	3	300	1	4	0	308
14341	3	2	2	304	0	311
14342	1	1	328	5	0	335
14343	1	1	2	314	0	318
14344	1	0	2	320	0	323
14345	2	0	2	318	0	322
14346	2	1	312	6	0	321
14347	1	0	298	5	0	304
14348	307	1	4	2	0	314
14349	4	0	2	327	0	333
14350	2	1	318	3	0	324
14351	302	0	2	3	0	307
14352	2	324	2	2	0	330
14353	332	2	2	2	0	338
14354	4	3	338	0	0	345
14355	318	2	3	2	0	325
14356	4	0	2	345	0	351
14357	3	0	352	4	0	359
14358	1	348	3	1	0	353
14359	342	2	1	2	0	347
14360	2	3	2	347	0	354
14361	3	3	0	354	0	360
14362	1	353	3	3	0	360
14363	1	2	1	363	0	367
14364	1	3	360	4	0	368
14365	3	355	3	1	0	362
14366	358	1	1	2	0	362
14367	2	2	1	355	0	360
14368	1	2	0	355	0	358
14369	2	0	353	3	0	358
14370	0	1	2	347	0	350
14371	0	1	373	3	0	377
14372	1	365	4	3	0	373
14373	371	2	1	4	0	378
14374	369	1	2	1	0	373
14375	375	0	1	1	0	377
14376	3	423	0	3	0	429
14377	2	1	2	429	0	434
14378	2	2	1	430	0	435
14379	2	1	1	415	0	419
14380	426	1	0	4	0	431
14381	414	0	0	5	0	419
14382	5	2	1	405	0	413
14383	3	1	456	2	0	462
14384	3	0	1	453	0	457
14385	0	0	2	463	0	465
14386	3	1	2	461	0	467
14387	2	1	0	463	0	466
14388	466	1	0	4	0	471
14389	5	0	1	477	0	483
14390	2	2	1	481	0	486
14391	2	488	0	5	0	495
14392	0	1	1	498	0	500
14393	0	486	2	5	0	493
14394	1	4	0	471	0	476
14395	472	2	1	6	0	481
14396	3	473	3	5	0	484
14397	467	3	1	4	0	475
14398	5	3	489	2	0	499
14399	3	2	2	476	0	483
14400	1	1	508	4	0	514
14401	2	4	3	498	0	507
14402	2	1	3	501	0	507
14403	3	502	1	5	0	511
14404	0	507	8	4	0	519
14405	3	529	1	2	0	535
14406	529	4	3	3	0	539
14407	2	522	3	1	0	528
14408	3	502	0	0	0	505
14409	3	2	0	516	0	521
14410	521	1	0	3	0	525
14411	3	555	1	2	0	561
14412	569	3	1	5	0	578
14413	566	1	0	1	0	568
14414	3	1	594	1	0	599
14415	2	0	2	578	0	582
14416	2	0	1	601	0	604
14417	1	1	1	603	0	606
14418	0	1	0	597	0	598
14419	1	1	574	2	0	578
14420	0	1	525	2	0	528
14421	507	0	3	1	0	511
14422	1	561	1	0	0	563
14423	2	571	1	0	0	574
14424	572	2	0	0	0	574
14425	2	555	1	1	0	559
14426	1	1	0	577	0	579
14427	573	1	0	1	0	575
14428	1	0	587	2	0	590
14429	1	0	1	587	0	589
14430	0	0	613	1	0	614
14431	576	0	1	1	0	578
14432	1	1	690	0	0	692
14433	689	0	1	0	0	690
14434	745	0	2	2	0	749
14435	742	0	0	2	0	744
14436	736	0	0	2	0	738
14437	743	0	1	2	0	746
14438	3	0	0	743	0	746
14439	786	0	0	2	0	788
14440	1	0	0	799	0	800
14441	2	0	0	791	0	793
14442	1	0	0	803	0	804
14443	0	0	800	3	0	803
14444	0	0	1	781	0	782
14445	1	0	3	795	0	799
14446	0	0	785	3	0	788
14447	695	0	1	2	0	698
14448	3	0	2	776	0	781
14449	2	0	774	1	0	777
14450	1	1	751	2	0	755
14451	1	0	3	762	0	766
14452	0	2	782	1	0	785
14453	0	0	1	783	0	784
14454	0	0	2	773	0	775
14455	0	783	0	3	0	786
14456	0	787	0	2	0	789
14457	781	2	0	1	0	784
14458	2	2	0	794	0	798
14459	2	0	0	791	0	793
14460	1	0	0	796	0	797
14461	0	1	788	3	0	792
14462	1	0	1	769	0	771
14463	776	0	3	3	0	782
14464	3	1	794	2	0	800
14465	2	0	1	807	0	810
14466	0	0	2	827	0	829
14467	1	1	0	827	0	829
14468	0	862	2	5	0	869
14469	872	3	0	2	0	877
14470	888	4	0	1	0	893
14471	6	935	1	0	0	942
14472	4	4	0	961	0	969
14473	0	4	956	5	0	965
14474	0	2	943	6	0	951
14475	959	1	12	0	0	972
14476	6	0	5	959	0	970
14477	999	0	0	6	0	1005
14478	7	1032	2	6	0	1047
14479	7	1040	0	1	0	1048
14480	1020	15	1	1	0	1037
14481	9	1091	2	0	0	1102
14482	6	8	0	1119	0	1133
14483	1	8	0	1067	0	1076
14484	1	1126	1	14	0	1142
14485	1128	10	1	6	0	1145
14486	9	10	1137	0	0	1156
14487	1063	0	9	2	0	1074
14488	12	1	1170	0	0	1183
14489	1031	0	11	4	0	1046
14490	11	1	1173	0	0	1185
14491	9	1151	13	0	0	1173
14492	1	9	8	1161	0	1179
14493	1156	8	1	12	0	1177
14494	14	1	1151	8	0	1174
14495	9	1	1160	2	0	1172
14496	3	0	19	1127	0	1149
14497	0	2	1175	11	0	1188
14498	0	3	11	1153	0	1167
14499	1	1	11	1159	0	1172
14500	10	3	1140	19	0	1172
14501	3	0	11	1139	0	1153
14502	1167	2	11	12	0	1192
14503	11	1159	1	12	0	1183
14504	1172	12	3	3	0	1190
14505	13	9	2	1150	0	1174
14506	1162	3	0	11	0	1176
14507	1168	0	3	13	0	1184
14508	22	0	0	1141	0	1163
14509	11	1158	3	8	0	1180
14510	1155	12	1	10	0	1178
14511	14	12	1117	2	0	1145
14512	13	3	1093	1	0	1110
14513	1078	0	22	3	0	1103
14514	18	0	9	1074	0	1101
14515	9	3	1087	11	0	1110
14516	2	5	12	1088	0	1107
14517	1091	1	8	16	0	1116
14518	1127	0	2	11	0	1140
14519	1124	0	7	4	0	1135
14520	19	1143	5	2	0	1169
14521	9	10	2	1167	0	1188
14522	1	11	5	1173	0	1190
14523	1161	1	1	25	0	1188
14524	13	1156	1	11	0	1181
14525	1154	11	4	2	0	1171
14526	13	9	2	1139	0	1163
14527	1123	3	2	13	0	1141
14528	13	7	1093	9	0	1122
14529	14	1106	11	4	0	1135
14530	3	13	10	1045	0	1071
14531	5	1124	2	9	0	1140
14532	10	12	1	1051	0	1074
14533	1037	11	1	14	0	1063
14534	14	6	995	8	0	1023
14535	964	1	13	4	0	982
14536	11	1010	14	6	0	1041
14537	14	10	4	1025	0	1053
14538	8	7	3	1024	0	1042
14539	971	4	3	21	0	999
14540	15	3	977	11	0	1006
14541	13	2	12	974	0	1001
14542	9	0	11	959	0	979
14543	5	2	6	970	0	983
14544	9	1	2	979	0	991
14545	953	4	3	24	0	984
14546	957	2	3	13	0	975
14547	19	4	969	8	0	1000
14548	17	2	958	3	0	980
14549	984	2	24	3	0	1013
14550	1018	2	11	2	0	1033
14551	21	2	0	1012	0	1035
14552	12	2	3	1002	0	1019
14553	969	1	4	25	0	999
14554	17	990	2	12	0	1021
14555	12	11	5	988	0	1016
14556	4	13	2	1011	0	1030
14557	5	4	976	27	0	1012
14558	8	3	12	980	0	1003
14559	5	2	994	12	0	1013
14560	5	1	14	1000	0	1020
14561	984	3	10	14	0	1011
14562	17	2	1	993	0	1013
14563	11	2	971	21	0	1005
14564	4	942	14	13	0	973
14565	4	13	13	980	0	1010
14566	6	9	974	18	0	1007
14567	3	976	12	11	0	1002
14568	6	11	13	945	0	975
14569	2	7	944	16	0	969
14570	698	0	18	16	0	732
14571	13	850	6	14	0	883
14572	8	855	4	2	0	869
14573	3	856	2	5	0	866
14574	5	22	0	806	0	833
14575	4	9	819	14	0	846
14576	1	818	12	7	0	838
14577	10	14	8	804	0	836
14578	911	4	1	10	0	926
14579	17	0	2	1360	0	1379
14580	10	3	1643	24	0	1680
14581	2	1638	28	20	0	1688
14582	1564	30	21	7	0	1622
14583	31	1609	8	5	0	1653
14584	19	33	1536	2	0	1590
14585	6	1575	30	4	0	1615
14586	12	33	25	1498	0	1568
14587	2	25	1521	28	0	1576
14588	4	1507	31	20	0	1562
14589	5	35	20	1450	0	1510
14590	4	22	9	1453	0	1488
14591	2	1490	4	44	0	1540
14592	1	30	3	1508	0	1542
14593	0	21	1492	33	0	1546
14594	0	9	1507	20	0	1536
14595	2	6	45	1477	0	1530
14596	1478	4	24	35	0	1541
14597	1485	8	7	24	0	1524
14598	44	5	2	1430	0	1481
14599	22	1461	6	27	0	1516
14600	8	27	13	1464	0	1512
14601	1447	25	7	32	0	1511
14602	31	8	3	1453	0	1495
14603	27	3	2	1470	0	1502
14604	1428	5	2	48	0	1483
14605	28	1430	6	29	0	1493
14606	21	33	2	1411	0	1467
14607	1420	23	2	31	0	1476
14608	31	5	1402	26	0	1464
14609	1404	5	29	15	0	1453
14610	36	3	20	1415	0	1474
14611	1427	5	8	34	0	1474
14612	1431	9	2	27	0	1469
14613	1363	7	1	10	0	1381
14614	50	1378	8	10	0	1446
14615	29	30	1384	4	0	1447
14616	7	1406	33	12	0	1458
14617	1372	30	21	9	0	1432
14618	37	1381	11	5	0	1434
14619	30	35	5	1359	0	1429
14620	1312	29	3	34	0	1378
14621	30	1319	7	26	0	1382
14622	30	39	1313	10	0	1392
14623	14	26	32	1318	0	1390
14624	6	16	1336	34	0	1392
14625	12	1323	35	30	0	1400
14626	14	33	23	1307	0	1377
14627	9	29	7	1324	0	1369
14628	9	13	7	1352	0	1381
14629	6	8	12	1285	0	1311
14630	6	1309	9	61	0	1385
14631	1284	35	6	33	0	1358
14632	31	29	1290	15	0	1365
14633	25	8	33	1291	0	1357
14634	1271	7	26	43	0	1347
14635	36	15	1281	34	0	1366
14636	30	1267	32	14	0	1343
14637	14	35	25	1252	0	1326
14638	13	31	1274	31	0	1349
14639	6	1287	32	31	0	1356
14640	1230	32	28	16	0	1306
14641	30	1270	18	15	0	1333
14642	28	39	7	1239	0	1313
14643	8	25	5	1289	0	1327
14644	1247	15	6	60	0	1328
14645	36	1253	7	33	0	1329
14646	26	35	13	1264	0	1338
14647	1244	30	9	36	0	1319
14648	1223	8	9	35	0	1275
14649	50	1213	6	24	0	1293
14650	1234	31	1	15	0	1281
14651	1242	25	2	15	0	1284
14652	49	16	7	1207	0	1279
14653	32	16	1206	35	0	1289
14654	21	6	27	1206	0	1260
14655	17	12	22	1216	0	1267
14656	14	9	1182	52	0	1257
14657	11	1169	28	38	0	1246
14658	16	27	22	1178	0	1243
14659	8	27	12	1200	0	1247
14660	10	9	8	1217	0	1244
14661	12	9	8	1173	0	1202
14662	11	1172	12	55	0	1250
14663	1171	36	10	34	0	1251
14664	1194	26	4	21	0	1245
14665	1188	11	0	13	0	1212
14666	55	1126	5	18	0	1204
14667	29	33	3	1133	0	1198
14668	10	28	1139	43	0	1220
14669	12	13	32	1102	0	1159
14670	12	1148	24	31	0	1215
14671	1122	30	10	23	0	1185
14672	1126	32	4	10	0	1172
14673	1129	10	5	12	0	1156
14674	51	1121	11	9	0	1192
14675	26	1112	8	16	0	1162
14676	11	1147	7	12	0	1177
14677	12	44	1089	13	0	1158
14678	18	46	975	3	0	1042
14679	32	143	20	378	0	573
14680	236	6	14	10	0	266
14681	229	1	0	3	0	233
14682	2	1	2	231	0	236
14683	1	1	1	234	0	237
14684	0	3	0	237	0	240
14685	3	0	1	245	0	249
14686	247	0	2	1	0	250
14687	254	1	0	3	0	258
14688	3	267	1	1	0	272
14689	291	1	2	1	0	295
14690	296	5	1	2	0	304
14691	299	0	2	1	0	302
14692	2	0	273	0	0	275
14693	292	1	0	3	0	296
14694	4	304	2	1	0	311
14695	6	2	0	310	0	318
14696	0	3	0	314	0	317
14697	1	309	1	6	0	317
14698	2	4	0	321	0	327
14699	317	3	0	5	0	325
14700	5	2	0	316	0	323
14701	7	1	313	3	0	324
14702	296	3	3	3	0	305
14703	4	326	5	3	0	338
14704	6	2	2	320	0	330
14705	5	4	0	321	0	330
14706	2	0	2	331	0	335
14707	3	1	324	7	0	335
14708	0	321	2	7	0	330
14709	0	2	5	328	0	335
14710	1	2	324	6	0	333
14711	1	2	2	330	0	335
14712	2	1	326	4	0	333
14713	1	3	2	315	0	321
14714	3	335	4	2	0	344
14715	3	3	1	329	0	336
14716	326	4	0	2	0	332
14717	324	1	2	4	0	331
14718	6	0	324	1	0	331
14719	4	1	313	1	0	319
14720	0	0	347	2	0	349
14721	1	0	5	339	0	345
14722	0	2	3	367	0	372
14723	1	0	0	365	0	366
14724	2	380	1	6	0	389
14725	1	2	0	383	0	386
14726	0	3	2	386	0	391
14727	2	0	1	386	0	389
14728	383	2	1	6	0	392
14729	377	1	1	6	0	385
14730	6	0	390	3	0	399
14731	4	2	387	3	0	396
14732	400	1	6	2	0	409
14733	409	2	3	1	0	415
14734	6	0	433	3	0	442
14735	3	1	428	2	0	434
14736	425	0	8	4	0	437
14737	441	1	5	2	0	449
14738	10	1	451	2	0	464
14739	5	1	7	443	0	456
14740	2	1	4	433	0	440
14741	3	471	4	9	0	487
14742	3	6	2	473	0	484
14743	3	4	500	5	0	512
14744	2	1	10	497	0	510
14745	2	0	5	511	0	518
14746	0	1	492	14	0	507
14747	479	1	8	9	0	497
14748	505	1	5	4	0	515
14749	12	4	1	494	0	511
14750	5	0	0	508	0	513
14751	497	0	3	15	0	515
14752	498	1	3	9	0	511
14753	493	0	3	2	0	498
14754	501	0	3	1	0	505
14755	13	491	4	2	0	510
14756	495	8	1	5	0	509
14757	11	502	0	4	0	517
14758	6	10	1	500	0	517
14759	2	4	1	505	0	512
14760	2	500	2	11	0	515
14761	3	9	0	503	0	515
14762	5	4	1	497	0	507
14763	1	497	3	13	0	514
14764	4	8	2	500	0	514
14765	2	5	1	501	0	509
14766	0	4	1	502	0	507
14767	2	0	480	16	0	498
14768	3	469	11	5	0	488
14769	2	8	5	445	0	460
14770	1	470	3	8	0	482
14771	469	7	2	6	0	484
14772	10	6	467	1	0	484
14773	7	0	453	2	0	462
14774	430	3	15	3	0	451
14775	9	7	4	432	0	452
14776	5	1	423	11	0	440
14777	1	2	422	4	0	429
14778	2	4	13	402	0	421
14779	404	0	7	10	0	421
14780	406	2	1	5	0	414
14781	13	0	1	399	0	413
14782	5	0	389	11	0	405
14783	0	405	9	6	0	420
14784	1	12	5	401	0	419
14785	2	5	401	9	0	417
14786	2	400	8	6	0	416
14787	1	9	4	394	0	408
14788	380	4	2	9	0	395
14789	10	3	1	351	0	365
14790	6	346	1	9	0	362
14791	352	9	2	5	0	368
14792	8	4	362	2	0	376
14793	6	349	10	2	0	367
14794	5	7	347	0	0	359
14795	317	2	13	3	0	335
14796	7	1	6	319	0	333
14797	7	0	2	343	0	352
14798	341	0	1	10	0	352
14799	9	8	3	339	0	359
14800	4	1	348	6	0	359
14801	319	1	7	4	0	331
14802	6	360	4	2	0	372
14803	1	8	1	352	0	362
14804	360	1	1	8	0	370
14805	7	354	2	4	0	367
14806	2	7	1	362	0	372
14807	363	2	2	9	0	376
14808	9	1	2	360	0	372
14809	3	357	1	9	0	370
14810	2	7	358	3	0	370
14811	1	3	7	365	0	376
14812	3	0	2	356	0	361
14813	373	1	0	7	0	381
14814	8	0	1	361	0	370
14815	372	1	0	7	0	380
14816	373	1	1	3	0	378
14817	9	1	1	359	0	370
14818	5	375	0	7	0	387
14819	4	8	0	358	0	370
14820	341	2	0	6	0	349
14821	9	354	0	2	0	365
14822	2	368	0	0	0	370
14823	375	7	0	4	0	386
14824	383	3	0	1	0	387
14825	9	377	0	3	0	389
14826	382	8	0	1	0	391
14827	384	4	3	1	0	392
14828	10	0	0	375	0	385
14829	6	0	393	8	0	407
14830	3	3	8	394	0	408
14831	0	0	412	10	0	422
14832	2	5	10	384	0	401
14833	1	0	390	10	0	401
14834	359	0	7	5	0	371
14835	6	0	4	387	0	397
14836	395	0	2	5	0	402
14837	7	2	1	381	0	391
14838	4	396	0	8	0	408
14839	398	5	1	4	0	408
14840	5	4	389	3	0	401
14841	354	2	6	0	0	362
14842	8	366	4	1	0	379
14843	349	2	2	1	0	354
14844	352	3	0	0	0	355
14845	5	356	0	2	0	363
14846	4	3	0	362	0	369
14847	363	4	1	2	0	370
14848	3	365	0	4	0	372
14849	4	3	0	369	0	376
14850	374	4	0	3	0	381
14851	4	2	0	375	0	381
14852	5	0	0	382	0	387
14853	2	1	0	384	0	387
14854	0	0	376	8	0	384
14855	1	0	3	372	0	376
14856	375	1	4	5	0	385
14857	2	0	387	5	0	394
14858	5	0	3	386	0	394
14859	2	0	4	395	0	401
14860	1	0	385	8	0	394
14861	348	0	3	9	0	360
14862	391	0	5	2	0	398
14863	7	0	393	1	0	401
14864	7	0	3	382	0	392
14865	2	0	6	397	0	405
14866	0	1	419	8	0	428
14867	0	0	3	411	0	414
14868	0	0	6	416	0	422
14869	1	0	427	8	0	436
14870	391	2	3	5	0	401
14871	3	0	6	448	0	457
14872	447	0	2	4	0	453
14873	443	0	0	8	0	451
14874	10	1	438	3	0	452
14875	7	1	3	429	0	440
14876	449	0	7	5	0	461
14877	4	470	4	7	0	485
14878	8	4	1	470	0	483
14879	2	6	1	470	0	479
14880	2	2	0	493	0	497
14881	1	0	490	14	0	505
14882	420	0	5	8	0	433
14883	3	0	7	468	0	478
14884	9	0	3	469	0	481
14885	2	2	476	10	0	490
14886	3	0	2	475	0	480
14887	0	0	7	477	0	484
14888	471	0	4	10	0	485
14889	4	476	1	9	0	490
14890	7	4	478	4	0	493
14891	472	6	4	1	0	483
14892	5	2	7	477	0	491
14893	7	2	505	4	0	518
14894	3	1	512	9	0	525
14895	2	0	9	519	0	530
14896	2	1	532	2	0	537
14897	1	2	507	9	0	519
14898	1	498	9	6	0	514
14899	2	4	9	531	0	546
14900	2	7	545	5	0	559
14901	1	2	4	529	0	536
14902	562	0	7	7	0	576
14903	5	0	3	559	0	567
14904	7	0	3	558	0	568
14905	535	0	1	13	0	549
14906	535	1	1	9	0	546
14907	11	0	1	572	0	584
14908	10	1	592	5	0	608
14909	2	583	5	11	0	601
14910	3	3	6	597	0	609
14911	589	7	3	6	0	605
14912	595	2	3	9	0	609
14913	12	596	1	3	0	612
14914	10	610	0	3	0	623
14915	603	9	4	1	0	617
14916	598	8	3	3	0	612
14917	14	4	616	5	0	639
14918	10	0	6	599	0	615
14919	4	635	10	6	0	655
14920	652	5	4	9	0	670
14921	10	6	1	621	0	638
14922	7	625	3	9	0	644
14923	5	7	614	10	0	636
14924	6	5	5	575	0	591
14925	2	624	6	5	0	637
14926	613	5	3	8	0	629
14927	615	5	3	5	0	628
14928	12	622	1	1	0	636
14929	586	3	2	3	0	594
14930	583	3	3	1	0	590
14931	6	582	2	2	0	592
14932	4	595	1	3	0	603
14933	0	12	2	585	0	599
14934	584	3	1	9	0	597
14935	4	2	599	4	0	609
14936	548	1	4	4	0	557
14937	5	605	5	3	0	618
14938	587	4	2	3	0	596
14939	610	4	2	3	0	619
14940	621	1	1	5	0	628
14941	11	4	1	598	0	614
14942	7	620	2	5	0	634
14943	602	4	2	7	0	615
14944	4	8	622	2	0	636
14945	3	613	7	5	0	628
14946	4	4	3	616	0	627
14947	1	4	603	6	0	614
14948	3	2	608	2	0	615
14949	2	1	4	597	0	604
14950	3	2	2	639	0	646
14951	3	2	1	643	0	649
14952	1	0	3	628	0	632
14953	3	607	2	6	0	618
14954	1	637	4	3	0	645
14955	632	6	3	4	0	645
14956	4	6	2	631	0	643
14957	4	3	0	635	0	642
14958	1	1	1	647	0	650
14959	627	1	2	7	0	637
14960	634	0	2	4	0	640
14961	6	1	0	635	0	642
14962	659	2	0	6	0	667
14963	654	0	1	3	0	658
14964	677	0	0	0	0	677
14965	7	5	1	664	0	677
14966	2	0	631	5	0	638
14967	2	2	594	1	0	599
14968	1	2	637	2	0	642
14969	2	1	658	1	0	662
14970	3	5	4	639	0	651
14971	631	1	0	4	0	636
14972	634	2	1	0	0	637
14973	6	2	639	0	0	647
14974	2	1	657	0	0	660
14975	3	720	4	0	0	727
14976	1	3	14	700	0	718
14977	694	1	0	3	0	698
14978	4	1	718	0	0	723
14979	668	1	3	0	0	672
14980	4	714	1	0	0	719
14981	1	3	0	714	0	718
14982	0	0	0	727	0	727
14983	0	2	0	722	0	724
14984	723	0	0	4	0	727
14985	3	0	0	731	0	734
14986	1	0	0	733	0	734
14987	728	0	0	7	0	735
14988	4	0	0	729	0	733
14989	1	1	726	3	0	731
14990	702	0	3	2	0	707
14991	3	0	1	750	0	754
14992	1	0	0	741	0	742
14993	0	717	2	4	0	723
14994	713	3	0	2	0	718
14995	721	1	0	1	0	723
14996	4	0	0	716	0	720
14997	1	1	710	3	0	715
14998	639	0	3	3	0	645
14999	3	1	704	0	0	708
15000	1	0	3	678	0	682
15001	1	0	1	716	0	718
15002	713	0	0	5	0	718
15003	3	0	0	765	0	768
15004	2	2	769	3	0	776
15005	724	0	3	3	0	730
15006	3	0	837	3	0	843
15007	3	1	826	1	0	831
15008	818	0	11	1	0	830
15009	7	0	7	853	0	867
15010	5	913	1	4	0	923
15011	908	5	0	5	0	918
15012	903	6	0	1	0	910
15013	10	2	906	0	0	918
15014	885	0	5	0	0	890
15015	5	0	6	900	0	911
15016	6	0	963	6	0	975
15017	0	942	6	8	0	956
15018	937	3	5	0	0	945
15019	6	975	0	0	0	981
15020	4	5	0	958	0	967
15021	1	5	1	966	0	973
15022	2	0	0	967	0	969
15023	1	0	2	946	0	949
15024	1	948	0	9	0	958
15025	1	3	928	6	0	938
15026	1	946	3	0	0	950
15027	932	4	5	1	0	942
15028	5	5	1	940	0	951
15029	945	1	0	3	0	949
15030	4	0	1	948	0	953
15031	1005	0	1	4	0	1010
15032	4	1049	1	5	0	1059
15033	1075	2	0	3	0	1080
15034	1067	6	0	1	0	1074
15035	1053	0	2	1	0	1056
15036	1069	1	0	3	0	1073
15037	10	1064	1	1	0	1076
15038	7	3	1068	2	0	1080
15039	1	5	3	1058	0	1067
15040	1051	0	5	4	0	1060
15041	1066	1	0	5	0	1072
15042	9	1	1	1063	0	1074
15043	8	2	1088	4	0	1102
15044	3	0	3	1063	0	1069
15045	1	1094	8	6	0	1109
15046	1096	3	2	3	0	1104
15047	5	7	0	1103	0	1115
15048	7	1087	3	7	0	1104
15049	0	1141	4	7	0	1152
15050	3	1158	0	2	0	1163
15051	4	10	1	1163	0	1178
15052	1171	8	1	9	0	1189
15053	9	1198	1	7	0	1215
15054	7	7	0	1204	0	1218
15055	1195	8	2	7	0	1212
15056	9	2	0	1205	0	1216
15057	1200	1	1	7	0	1209
15058	1185	2	4	11	0	1202
15059	15	1249	0	3	0	1267
15060	12	6	0	1195	0	1213
15061	1	1280	1	6	0	1288
15062	1269	5	1	12	0	1287
15063	1284	11	1	2	0	1298
15064	1288	0	1	4	0	1293
15065	15	2	1	1287	0	1305
15066	11	1	1273	8	0	1293
15067	1210	0	7	11	0	1228
15068	1269	1	8	2	0	1280
15069	15	2	0	1245	0	1262
15070	11	1306	3	7	0	1327
15071	5	8	0	1324	0	1337
15072	5	9	1	1320	0	1335
15073	1314	1	1	12	0	1328
15074	1294	3	1	8	0	1306
15075	16	2	1234	7	0	1259
15076	12	2	7	1227	0	1248
15077	1232	0	9	6	0	1247
15078	9	2	0	1234	0	1245
15079	9	2	1238	5	0	1254
15080	1	1189	7	13	0	1210
15081	3	1260	9	6	0	1278
15082	1459	10	1	6	0	1476
15083	13	8	1	1577	0	1599
15084	13	3	1	1842	0	1859
15085	1806	4	3	33	0	1846
15086	26	1	1828	20	0	1875
15087	21	3	21	1786	0	1831
15088	8	4	1865	25	0	1902
15089	3	1863	23	22	0	1911
15090	1878	25	15	5	0	1923
15091	1907	18	3	2	0	1930
15092	1931	5	1	5	0	1942
15093	42	4	1858	8	0	1912
15094	1891	2	23	3	0	1919
15095	1930	2	22	4	0	1958
15096	45	1	6	1927	0	1979
15097	1637	4	14	28	0	1683
15098	21	7	1912	19	0	1959
15099	1837	2	22	4	0	1865
15100	33	2	1920	8	0	1963
15101	27	1932	24	4	0	1987
15102	11	35	19	1693	0	1758
15103	7	1912	8	18	0	1945
15104	9	22	1893	15	0	1939
15105	6	1913	24	6	0	1949
15106	1779	23	14	3	0	1819
15107	20	1780	7	4	0	1811
15108	19	1753	3	4	0	1779
15109	9	36	1704	3	0	1752
15110	4	22	24	1666	0	1716
15111	1694	8	13	21	0	1736
15112	22	6	1716	15	0	1759
15113	16	1715	24	7	0	1762
15114	4	26	17	1671	0	1718
15115	10	16	1736	24	0	1786
15116	11	8	1674	17	0	1710
15117	6	7	40	1656	0	1709
15118	4	4	1684	29	0	1721
15119	6	5	30	1486	0	1527
15120	9	1617	22	21	0	1669
15121	9	22	15	1575	0	1621
15122	7	1673	7	21	0	1708
15123	12	23	5	1651	0	1691
15124	1653	18	13	24	0	1708
15125	28	4	9	1624	0	1665
15126	23	1645	5	27	0	1700
15127	7	23	8	1678	0	1716
15128	9	18	1654	27	0	1708
15129	11	8	22	1660	0	1701
15130	1656	3	19	29	0	1707
15131	26	7	1610	21	0	1664
15132	20	8	28	1560	0	1616
15133	1534	2	18	28	0	1582
15134	26	1540	9	19	0	1594
15135	21	29	6	1522	0	1578
15136	1545	19	7	31	0	1602
15137	33	7	11	1553	0	1604
15138	25	10	1539	28	0	1602
15139	1468	10	29	20	0	1527
15140	28	1526	27	12	0	1593
15141	20	1532	11	12	0	1575
15142	1538	41	6	8	0	1593
15143	1524	26	13	6	0	1569
15144	43	12	9	1510	0	1574
15145	1524	9	6	28	0	1567
15146	30	9	1513	22	0	1574
15147	1499	12	32	7	0	1550
15148	30	1495	22	14	0	1561
15149	1487	27	17	12	0	1543
15150	33	18	1508	14	0	1573
15151	32	14	27	1489	0	1562
15152	15	6	29	1501	0	1551
15153	6	15	16	1402	0	1439
15154	17	1472	15	38	0	1542
15155	1481	24	19	24	0	1548
15156	35	18	13	1352	0	1418
15157	26	1451	12	27	0	1516
15158	1555	20	15	29	0	1619
15159	1494	22	17	15	0	1548
15160	1529	15	8	21	0	1573
15161	1527	12	8	22	0	1569
15162	1494	6	12	22	0	1534
15163	44	11	9	1470	0	1534
15164	37	6	10	1461	0	1514
15165	1453	12	12	36	0	1513
15166	24	18	11	1477	0	1530
15167	32	14	6	1477	0	1529
15168	16	13	1411	46	0	1486
15169	1413	15	30	27	0	1485
15170	1456	7	22	18	0	1503
15171	1458	17	17	11	0	1503
15172	41	21	11	1337	0	1410
15173	27	1424	10	33	0	1494
15174	1507	28	15	24	0	1574
15175	1469	25	9	30	0	1533
15176	54	6	14	1620	0	1694
15177	1636	5	18	39	0	1698
15178	46	24	1337	27	0	1434
15179	33	1676	24	19	0	1752
15180	30	1737	18	15	0	1800
15181	29	40	1669	19	0	1757
15182	24	1468	24	16	0	1532
15183	19	1368	17	25	0	1429
15184	1081	16	8	8	0	1113
15185	8	1081	4	9	0	1102
15186	15	7	6	1079	0	1107
15187	1109	10	5	14	0	1138
15188	16	7	1067	12	0	1102
15189	1039	8	11	4	0	1062
15190	14	7	1077	9	0	1107
15191	9	4	1065	7	0	1085
15192	1014	3	7	16	0	1040
15193	10	3	1100	9	0	1122
15194	7	1074	10	5	0	1096
15195	5	6	7	1060	0	1078
15196	1052	5	2	8	0	1067
15197	12	1036	1	9	0	1058
15198	9	10	1	1039	0	1059
15199	8	11	1029	10	0	1058
15200	10	3	7	1042	0	1062
15201	1007	5	6	8	0	1026
15202	12	2	1002	8	0	1024
15203	13	5	7	981	0	1006
15204	988	5	4	13	0	1010
15205	996	3	4	8	0	1011
15206	16	6	5	979	0	1006
15207	13	1	1	991	0	1006
15208	8	5	1020	13	0	1046
15209	7	4	1007	10	0	1028
15210	1011	4	11	2	0	1028
15211	1055	2	4	5	0	1066
15212	15	1041	4	2	0	1062
15213	1034	6	5	2	0	1047
15214	1067	2	3	3	0	1075
15215	10	3	1140	4	0	1157
15216	3	1168	6	5	0	1182
15217	1187	5	5	1	0	1198
15218	1182	4	1	2	0	1189
15219	1195	2	1	4	0	1202
15220	12	2	0	1183	0	1197
15221	4	1	2	1170	0	1177
15222	1	1184	1	10	0	1196
15223	4	5	1	1208	0	1218
15224	1189	3	2	7	0	1201
15225	7	1	0	1198	0	1206
15226	6	5	1185	6	0	1202
15227	5	2	1175	7	0	1189
15228	3	0	9	1181	0	1193
15229	3	4	1191	8	0	1206
15230	1	1	1187	3	0	1192
15231	1	1	11	1132	0	1145
15232	3	0	6	1193	0	1202
15233	2	3	1205	9	0	1219
15234	4	2	1189	3	0	1198
15235	3	1211	9	2	0	1225
15236	1202	6	3	1	0	1212
15237	6	1259	2	0	0	1267
15238	1250	6	1	7	0	1264
15239	1246	5	2	2	0	1255
15240	11	1260	3	3	0	1277
15241	1289	6	0	1	0	1296
15242	9	3	3	1269	0	1284
15243	6	1	1313	9	0	1329
15244	1	2	7	1282	0	1292
15245	3	1	5	1313	0	1322
15246	1244	0	1	14	0	1259
15247	1265	0	2	9	0	1276
15248	1282	0	1	4	0	1287
15249	1284	0	3	3	0	1290
15250	1220	1	3	2	0	1226
15251	10	1214	3	1	0	1228
15252	6	7	1	1219	0	1233
15253	3	6	1207	7	0	1223
15254	4	0	7	1209	0	1220
15255	2	1	6	1218	0	1227
15256	1	2	1	1264	0	1268
15257	1333	2	2	11	0	1348
15258	14	0	1	1312	0	1327
15259	1345	2	2	12	0	1361
15260	15	1	1372	8	0	1396
15261	9	3	12	1706	0	1730
15262	8	2	1759	21	0	1790
15263	1758	1	19	13	0	1791
15264	23	1	13	1768	0	1805
15265	17	1	1801	22	0	1841
15266	3	0	23	1816	0	1842
15267	1806	4	19	28	0	1857
15268	24	4	1812	19	0	1859
15269	1815	0	21	11	0	1847
15270	1858	0	17	6	0	1881
15271	1870	0	6	8	0	1884
15272	1805	1	6	4	0	1816
15273	32	1795	5	3	0	1835
15274	19	1729	5	4	0	1757
15275	6	1695	5	4	0	1710
15276	14	52	5	1480	0	1551
15277	3	1548	3	28	0	1582
15278	1509	19	6	12	0	1546
15279	17	1518	7	2	0	1544
15280	12	1517	5	5	0	1539
15281	6	28	2	1505	0	1541
15282	4	15	3	1526	0	1548
15283	1489	4	5	30	0	1528
15284	21	5	5	1504	0	1535
15285	16	5	1467	19	0	1507
15286	5	6	1449	15	0	1475
15287	8	1	1477	9	0	1495
15288	12	0	28	1420	0	1460
15289	6	2	16	1523	0	1547
15290	7	1	1492	30	0	1530
15291	11	4	1502	14	0	1531
15292	10	1	1549	3	0	1563
15293	1548	2	27	8	0	1585
15294	24	2	16	1577	0	1619
15295	17	5	5	1598	0	1625
15296	1595	5	5	29	0	1634
15297	23	4	5	1565	0	1597
15298	15	1602	3	24	0	1644
15299	7	1651	6	24	0	1688
15300	7	29	1	1630	0	1667
15301	1627	15	2	24	0	1668
15302	1640	7	3	20	0	1670
15303	1669	4	4	9	0	1686
15304	32	2	4	1652	0	1690
15305	19	2	1645	25	0	1691
15306	11	0	24	1647	0	1682
15307	9	1	1644	26	0	1680
15308	1533	0	24	18	0	1575
15309	21	0	21	1582	0	1624
15310	1535	1	7	25	0	1568
15311	20	4	1571	17	0	1612
15312	1430	2	21	9	0	1462
15313	26	4	1607	8	0	1645
15314	22	1537	23	5	0	1587
15315	11	1493	19	7	0	1530
15316	1466	31	9	7	0	1513
15317	23	13	6	1438	0	1480
15318	19	8	1474	25	0	1526
15319	8	1472	19	17	0	1516
15320	10	1509	13	5	0	1537
15321	13	30	2	1484	0	1529
15322	1492	16	4	19	0	1531
15323	1480	7	6	17	0	1510
15324	29	1480	7	13	0	1529
15325	1505	19	4	12	0	1540
15326	26	14	3	1480	0	1523
15327	18	4	1487	22	0	1531
15328	8	1476	23	19	0	1526
15329	9	18	17	1489	0	1533
15330	14	11	7	1479	0	1511
15331	1461	2	9	33	0	1505
15332	26	7	1459	15	0	1507
15333	1438	5	23	7	0	1473
15334	1481	4	16	6	0	1507
15335	35	6	5	1451	0	1497
15336	20	5	5	1511	0	1541
15337	1448	7	10	32	0	1497
15338	26	5	7	1445	0	1483
15339	20	8	1431	25	0	1484
15340	12	7	1424	21	0	1464
15341	8	1414	28	14	0	1464
15342	7	1484	15	12	0	1518
15343	10	30	5	1314	0	1359
15344	6	1418	7	24	0	1455
15345	1419	22	5	15	0	1461
15346	22	1463	5	10	0	1500
15347	15	22	3	1442	0	1482
15348	4	19	6	1468	0	1497
15349	6	8	1452	31	0	1497
15350	9	7	24	1435	0	1475
15351	7	5	14	1454	0	1480
15352	5	1472	10	39	0	1526
15353	10	19	8	1466	0	1503
15354	5	10	14	1499	0	1528
15355	13	3	1471	35	0	1522
15356	5	1454	23	22	0	1504
15357	7	86	13	1212	0	1318
15358	3	1362	8	22	0	1395
15359	5	14	1298	17	0	1334
15360	4	1268	19	9	0	1300
15361	896	14	9	7	0	926
15362	859	9	8	4	0	880
15363	865	3	3	3	0	874
15364	9	868	2	1	0	880
15365	868	4	2	2	0	876
15366	6	8	0	846	0	860
15367	832	2	3	7	0	844
15368	3	827	0	5	0	835
15369	816	5	1	0	0	822
15370	820	5	0	7	0	832
15371	9	837	3	6	0	855
15372	6	6	831	3	0	846
15373	6	7	3	923	0	939
15374	4	4	993	7	0	1008
15375	2	5	9	1042	0	1058
15376	3	3	8	1086	0	1100
15377	3	2	1097	21	0	1123
15378	2	2	10	1097	0	1111
15379	1108	0	6	15	0	1129
15380	13	3	1126	9	0	1151
15381	8	1135	15	3	0	1161
15382	6	11	4	1108	0	1129
15383	6	5	4	1141	0	1156
15384	1	7	1129	20	0	1157
15385	8	1	9	1067	0	1085
15386	3	1133	9	16	0	1161
15387	1085	11	4	9	0	1109
15388	12	1118	8	0	0	1138
15389	1054	13	1	5	0	1073
15390	9	1070	2	8	0	1089
15391	6	1101	2	5	0	1114
15392	3	12	1035	5	0	1055
15393	2	12	12	1007	0	1033
15394	2	2	4	996	0	1004
15395	1	1	3	1023	0	1028
15396	0	1110	5	14	0	1129
15397	0	15	1	1119	0	1135
15398	1121	7	2	17	0	1147
15399	14	4	2	1133	0	1153
15400	1126	2	3	20	0	1151
15401	16	0	1134	12	0	1162
15402	1113	1	14	9	0	1137
15403	17	0	9	1145	0	1171
15404	7	3	4	1195	0	1209
15405	1194	3	2	24	0	1223
15406	17	3	1207	16	0	1243
15407	9	1197	15	10	0	1231
15408	6	16	12	1198	0	1232
15409	1210	11	8	16	0	1245
15410	1224	5	1	14	0	1244
15411	24	4	5	1193	0	1226
15412	13	4	1201	20	0	1238
15413	1155	4	13	17	0	1189
15414	17	12	1163	3	0	1195
15415	12	6	16	1143	0	1177
15416	6	2	1180	17	0	1205
15417	6	1	17	1167	0	1191
15418	1	6	1140	23	0	1170
15419	6	1113	17	15	0	1151
15420	7	15	12	941	0	975
15421	4	1117	6	13	0	1140
15422	1117	13	1	15	0	1146
15423	1123	14	2	8	0	1147
15424	28	7	1115	2	0	1152
15425	14	4	16	1108	0	1142
15426	1130	3	11	16	0	1160
15427	19	4	4	1124	0	1151
15428	14	2	0	1129	0	1145
15429	10	5	1107	22	0	1144
15430	1037	1	15	18	0	1071
15431	17	3	1151	8	0	1179
15432	16	3	16	1117	0	1152
15433	10	5	1145	15	0	1175
15434	1121	1	16	19	0	1157
15435	1138	2	15	8	0	1163
15436	1114	4	6	10	0	1134
15437	27	3	7	1111	0	1148
15438	18	7	1101	20	0	1146
15439	10	1	1136	14	0	1161
15440	5	10	24	1011	0	1050
15441	6	1112	22	16	0	1156
15442	1102	13	11	14	0	1140
15443	17	10	8	1099	0	1134
15444	16	8	1091	19	0	1134
15445	10	2	18	1103	0	1133
15446	9	8	1108	24	0	1149
15447	10	0	22	1118	0	1150
15448	2	4	1139	25	0	1170
15449	6	6	1122	16	0	1150
15450	7	1097	23	15	0	1142
15451	8	15	1094	9	0	1126
15452	9	10	1100	11	0	1130
15453	9	7	30	899	0	945
15454	15	5	16	972	0	1008
15455	7	1077	15	23	0	1122
15456	1069	15	11	18	0	1113
15457	21	1070	15	10	0	1116
15458	14	19	9	1035	0	1077
15459	1054	10	9	19	0	1092
15460	20	5	11	1037	0	1073
15461	1047	2	9	24	0	1082
15462	17	2	7	1062	0	1088
15463	18	3	1079	21	0	1121
15464	14	2	18	1075	0	1109
15465	9	6	18	1064	0	1097
15466	1071	6	14	26	0	1117
15467	1057	3	5	24	0	1089
15468	1043	3	13	12	0	1071
15469	32	1039	7	10	0	1088
15470	16	1036	13	12	0	1077
15471	1022	20	13	10	0	1065
15472	20	10	1052	11	0	1093
15473	14	4	967	11	0	996
15474	14	26	23	874	0	937
15475	5	4	855	13	0	877
15476	5	1	824	12	0	842
15477	757	2	25	9	0	793
15478	791	2	11	7	0	811
15479	14	799	11	10	0	834
15480	13	856	12	2	0	883
15481	14	14	5	680	0	713
15482	8	859	8	11	0	886
15483	867	10	5	12	0	894
15484	10	7	5	796	0	818
15485	13	856	11	12	0	892
15486	848	11	4	13	0	876
15487	10	11	868	8	0	897
15488	13	10	848	6	0	877
15489	794	4	18	10	0	826
15490	13	1	841	4	0	859
15491	774	2	15	9	0	800
15492	11	1	16	802	0	830
15493	11	2	815	12	0	840
15494	9	790	11	13	0	823
15495	6	796	13	10	0	825
15496	693	9	8	4	0	714
15497	5	707	7	1	0	720
15498	646	3	2	3	0	654
15499	640	6	2	2	0	650
15500	7	646	3	1	0	657
15501	7	2	2	639	0	650
15502	3	7	632	2	0	644
15503	3	666	5	5	0	679
15504	0	24	4	645	0	673
15505	1	1	2	709	0	713
15506	685	1	1	11	0	698
15507	6	0	4	676	0	686
15508	2	2	690	9	0	703
15509	1	691	10	4	0	706
15510	1	7	4	692	0	704
15511	701	3	3	8	0	715
15512	715	1	3	5	0	724
15513	11	2	2	718	0	733
15514	732	2	1	9	0	744
15515	8	2	735	5	0	750
15516	4	3	7	738	0	752
15517	4	2	758	12	0	776
15518	2	3	8	840	0	853
15519	6	0	4	839	0	849
15520	3	1	2	849	0	855
15521	1	1	1	851	0	854
15522	3	1	3	842	0	849
15523	822	0	1	27	0	850
15524	821	0	3	7	0	831
15525	20	814	1	7	0	842
15526	827	15	4	5	0	851
15527	17	7	1	823	0	848
15528	6	3	1	839	0	849
15529	8	0	1	844	0	853
15530	4	2	832	21	0	859
15531	5	3	16	746	0	770
15532	5	815	4	16	0	840
15533	808	17	6	5	0	836
15534	807	5	4	5	0	821
15535	24	1	806	2	0	833
15536	7	809	20	5	0	841
15537	2	17	6	802	0	827
15538	1	6	815	22	0	844
15539	4	4	18	726	0	752
15540	2	776	8	20	0	806
15541	741	17	0	10	0	768
15542	22	772	3	3	0	800
15543	8	17	780	2	0	807
15544	5	9	789	1	0	804
15545	5	780	23	2	0	810
15546	2	776	6	6	0	790
15547	741	23	5	7	0	776
15548	753	5	4	4	0	766
15549	20	3	4	761	0	788
15550	7	4	758	18	0	787
15551	2	5	17	756	0	780
15552	8	2	5	774	0	789
15553	755	1	3	23	0	782
15554	751	2	4	9	0	766
15555	21	4	2	773	0	800
15556	8	0	779	23	0	810
15557	3	773	19	9	0	804
15558	773	19	5	3	0	800
15559	21	818	0	4	0	843
15560	11	18	1	828	0	858
15561	3	10	4	868	0	885
15562	2	3	5	864	0	874
15563	2	3	5	830	0	840
15564	798	7	0	27	0	832
15565	21	5	2	805	0	833
15566	15	798	3	19	0	835
15567	6	19	0	819	0	844
15568	782	7	4	25	0	818
15569	22	803	4	11	0	840
15570	8	18	2	798	0	826
15571	5	9	787	25	0	826
15572	750	1	18	13	0	782
15573	22	4	7	771	0	804
15574	11	3	766	25	0	805
15575	1	7	778	11	0	797
15576	5	13	25	747	0	790
15577	737	4	17	24	0	782
15578	751	4	3	12	0	770
15579	25	778	3	7	0	813
15580	735	17	4	9	0	765
15581	748	6	2	13	0	769
15582	751	0	3	9	0	763
15583	746	1	5	7	0	759
15584	20	3	2	737	0	762
15585	9	1	2	752	0	764
15586	7	2	722	29	0	760
15587	7	691	16	12	0	726
15588	7	721	6	7	0	741
15589	5	22	707	8	0	742
15590	671	7	19	7	0	704
15591	24	1	7	690	0	722
15592	695	4	3	24	0	726
15593	706	2	6	8	0	722
15594	21	5	694	7	0	727
15595	9	3	16	699	0	727
15596	706	2	5	24	0	737
15597	24	2	3	703	0	732
15598	8	5	717	20	0	750
15599	7	15	17	672	0	711
15600	6	730	7	18	0	761
15601	10	761	3	7	0	781
15602	7	21	725	9	0	762
15603	3	713	19	6	0	741
15604	669	16	8	2	0	695
15605	652	5	1	6	0	664
15606	17	3	3	629	0	652
15607	7	2	2	653	0	664
15608	1	1	4	657	0	663
15609	644	1	3	17	0	665
15610	14	649	3	7	0	673
15611	645	12	0	3	0	660
15612	631	5	0	2	0	638
15613	17	631	3	2	0	653
15614	596	13	1	9	0	619
15615	18	614	2	1	0	635
15616	611	14	0	4	0	629
15617	13	4	604	5	0	626
15618	494	4	9	6	0	513
15619	5	523	2	5	0	535
15620	1	3	0	525	0	529
15621	2	1	2	539	0	544
15622	2	4	0	539	0	545
15623	558	1	1	7	0	567
15624	4	1	0	567	0	572
15625	6	1	560	5	0	572
15626	545	2	2	6	0	555
15627	6	1	566	1	0	574
15628	5	0	4	554	0	563
15629	3	2	580	4	0	589
15630	2	6	4	552	0	564
15631	2	567	4	5	0	578
15632	0	3	1	555	0	559
15633	1	566	3	2	0	572
15634	2	4	1	563	0	570
15635	569	2	0	4	0	575
15636	4	1	0	572	0	577
15637	565	1	1	2	0	569
15638	5	2	540	1	0	548
15639	550	1	2	0	0	553
15640	569	0	1	0	0	570
15641	566	0	0	2	0	568
15642	4	1	0	569	0	574
15643	545	0	1	5	0	551
15644	4	2	530	2	0	538
15645	509	2	3	2	0	516
15646	3	2	532	1	0	538
15647	527	1	2	0	0	530
15648	3	2	2	542	0	549
15649	4	4	557	6	0	571
15650	4	1	2	556	0	563
15651	5	3	3	559	0	570
15652	2	0	555	5	0	562
15653	498	0	4	6	0	508
15654	3	570	4	2	0	579
15655	571	3	0	2	0	576
15656	3	574	2	2	0	581
15657	575	3	1	2	0	581
15658	2	1	573	2	0	578
15659	498	6	1	1	0	506
15660	0	531	1	1	0	533
15661	2	0	0	527	0	529
15662	3	2	1	533	0	539
15663	1	0	0	538	0	539
15664	2	0	548	1	0	551
15665	1	0	0	532	0	533
15666	1	0	577	1	0	579
15667	588	0	3	2	0	593
15668	633	0	4	1	0	638
15669	9	0	0	635	0	644
15670	5	0	649	3	0	657
15671	601	0	3	8	0	612
15672	3	2	783	0	0	788
15673	6	0	5	756	0	767
15674	1	1	6	779	0	787
15675	0	0	1	822	0	823
15676	2	0	1	828	0	831
15677	792	0	0	12	0	804
15678	5	812	2	6	0	825
15679	8	4	765	1	0	778
15680	1	792	5	1	0	799
15681	784	4	7	0	0	795
15682	8	9	1	778	0	796
15683	786	1	0	5	0	792
15684	5	1	0	782	0	788
15685	7	1	1	779	0	788
15686	2	1	0	789	0	792
15687	0	3	780	11	0	794
15688	3	766	6	7	0	782
15689	0	5	779	2	0	786
15690	0	6	6	764	0	776
15691	795	0	7	8	0	810
15692	793	0	0	9	0	802
15693	797	1	1	2	0	801
15694	12	799	2	1	0	814
15695	835	6	1	1	0	843
15696	5	6	3	833	0	847
15697	8	2	0	831	0	841
15698	3	1	1	819	0	824
15699	0	842	2	13	0	857
15700	4	5	0	797	0	806
15701	2	825	3	6	0	836
15702	802	6	0	11	0	819
15703	798	6	2	7	0	813
15704	12	1	1	808	0	822
15705	8	2	789	11	0	810
15706	741	0	6	9	0	756
15707	5	2	9	804	0	820
15708	9	1	804	5	0	819
15709	762	1	6	7	0	776
15710	8	1	7	809	0	825
15711	816	2	1	9	0	828
15712	10	827	1	6	0	844
15713	9	4	3	805	0	821
15714	2	837	1	9	0	849
15715	2	4	0	829	0	835
15716	3	835	2	11	0	851
15717	1	10	0	832	0	843
15718	3	8	819	5	0	835
15719	624	3	5	15	0	647
15720	7	816	7	3	0	833
15721	8	8	790	3	0	809
15722	769	5	5	3	0	782
15723	7	3	5	792	0	807
15724	9	0	808	5	0	822
15725	2	828	8	7	0	845
15726	4	4	6	833	0	847
15727	1	6	830	9	0	846
15728	2	1	5	827	0	835
15729	1	2	5	843	0	851
15730	0	2	852	12	0	866
15731	5	0	5	852	0	862
15732	1	6	870	7	0	884
15733	1	1	5	875	0	882
15734	2	3	889	5	0	899
15735	2	0	5	886	0	893
15736	1	2	5	893	0	901
15737	3	2	1	863	0	869
15738	1	877	3	14	0	895
15739	878	5	1	9	0	893
15740	893	6	0	3	0	902
15741	11	1	3	909	0	924
15742	916	2	0	7	0	925
15743	4	2	923	9	0	938
15744	5	938	9	4	0	956
15745	940	6	5	5	0	956
15746	4	965	1	3	0	973
15747	5	6	4	953	0	968
15748	0	8	1	952	0	961
15749	919	2	2	11	0	934
15750	6	0	2	929	0	937
15751	8	2	919	7	0	936
15752	1	912	7	12	0	932
15753	909	6	8	4	0	927
15754	6	5	1	890	0	902
15755	5	902	3	9	0	919
15756	3	6	1	863	0	873
15757	2	893	1	8	0	904
15758	883	6	1	7	0	897
15759	877	5	2	1	0	885
15760	11	2	877	2	0	892
15761	7	2	858	4	0	871
15762	4	0	10	853	0	867
15763	1	896	8	5	0	910
15764	0	5	1	900	0	906
15765	885	5	2	9	0	901
15766	3	1	858	8	0	870
15767	3	3	3	811	0	820
15768	1	0	811	2	0	814
15769	3	3	784	3	0	793
15770	2	828	3	2	0	835
15771	7	23	0	767	0	797
15772	680	2	1	4	0	687
15773	5	0	714	1	0	720
15774	1	702	2	1	0	706
15775	690	2	0	1	0	693
15776	2	0	1	679	0	682
15777	692	0	0	3	0	695
15778	714	0	0	0	0	714
15779	726	1	0	0	0	727
15780	2	1	745	1	0	749
15781	699	0	3	4	0	706
15782	752	0	0	1	0	753
15783	2	755	0	1	0	758
15784	0	3	0	749	0	752
15785	1	0	0	744	0	745
15786	1	0	0	759	0	760
15787	764	0	0	2	0	766
15788	737	0	0	3	0	740
15789	2	0	772	1	0	775
15790	0	0	3	757	0	760
15791	0	763	1	2	0	766
15792	760	3	0	0	0	763
15793	3	0	780	1	0	784
15794	0	0	3	747	0	750
15795	1	0	0	751	0	752
15796	1	746	0	4	0	751
15797	0	3	1	745	0	749
15798	0	1	1	734	0	736
15799	0	1	0	726	0	727
15800	731	0	0	5	0	736
15801	3	0	1	736	0	740
15802	1	0	0	740	0	741
15803	754	0	1	6	0	761
15804	4	1	0	741	0	746
15805	0	838	0	4	0	842
15806	862	3	0	1	0	866
15807	888	1	0	3	0	892
15808	954	0	0	1	0	955
15809	1105	0	1	3	0	1109
15810	22	1214	0	4	0	1240
15811	1429	14	1	1	0	1445
15812	1434	8	0	0	0	1442
15813	26	2	0	1417	0	1445
15814	12	2	1400	18	0	1432
15815	3	0	19	1410	0	1432
15816	3	0	9	1409	0	1421
15817	2	0	0	1405	0	1407
15818	4	3	1	1400	0	1408
15819	7	1	0	1408	0	1416
15820	1388	1	0	32	0	1421
15821	18	0	0	1401	0	1419
15822	16	1	1414	20	0	1451
15823	2	0	18	1360	0	1380
15824	2	1388	12	21	0	1423
15825	4	18	1	1376	0	1399
15826	2	11	1361	23	0	1397
15827	1237	2	20	17	0	1276
15828	1331	6	10	1	0	1348
15829	31	2	1390	4	0	1427
15830	14	1377	22	0	0	1413
15831	1400	18	10	3	0	1431
15832	1399	10	1	1	0	1411
15833	1411	1	2	2	0	1416
15834	1390	2	2	1	0	1395
15835	32	4	0	1367	0	1403
15836	17	3	1385	20	0	1425
15837	12	1	20	1382	0	1415
15838	7	1	10	1420	0	1438
15839	5	2	1396	36	0	1439
15840	2	6	1369	21	0	1398
15841	1339	1	29	12	0	1381
15842	24	1361	12	14	0	1411
15843	20	19	2	1358	0	1399
15844	5	10	1340	31	0	1386
15845	1272	1	23	28	0	1324
15846	22	5	1355	12	0	1394
15847	1304	2	21	15	0	1342
15848	17	1340	17	18	0	1392
15849	16	24	4	1342	0	1386
15850	8	16	1333	30	0	1387
15851	1279	1	23	19	0	1322
15852	27	1317	20	6	0	1370
15853	20	1375	7	7	0	1409
15854	7	32	8	1350	0	1397
15855	11	18	4	1403	0	1436
15856	1458	5	6	32	0	1501
15857	35	1470	5	20	0	1530
15858	29	23	8	1479	0	1539
15859	1481	15	7	33	0	1536
15860	1505	3	5	27	0	1540
15861	1563	6	11	13	0	1593
15862	40	8	1563	14	0	1625
15863	24	4	1570	13	0	1611
15864	1628	5	39	14	0	1686
15865	36	1657	22	14	0	1729
15866	25	1693	10	14	0	1742
15867	12	47	12	1586	0	1657
15868	9	1688	11	37	0	1745
15869	1688	28	14	25	0	1755
15870	38	20	10	1683	0	1751
15871	28	9	1677	30	0	1744
15872	1656	6	33	26	0	1721
15873	1678	10	24	11	0	1723
15874	51	8	6	1654	0	1719
15875	25	7	8	1677	0	1717
15876	16	11	12	1674	0	1713
15877	19	10	4	1677	0	1710
15878	16	13	1594	51	0	1674
15879	15	1586	33	31	0	1665
15880	17	30	23	1401	0	1471
15881	14	1585	12	37	0	1648
15882	18	32	14	1352	0	1416
15883	14	1580	12	29	0	1635
15884	1549	36	8	29	0	1622
15885	1573	21	8	17	0	1619
15886	55	1558	15	12	0	1640
15887	1559	34	11	12	0	1616
15888	42	23	10	1546	0	1621
15889	1542	16	10	31	0	1599
15890	39	1529	10	30	0	1608
15891	1549	34	8	10	0	1601
15892	1558	24	10	11	0	1603
15893	56	10	12	1511	0	1589
15894	32	11	1517	37	0	1597
15895	15	1514	33	31	0	1593
15896	17	34	24	1502	0	1577
15897	1515	30	12	35	0	1592
15898	39	17	1499	34	0	1589
15899	30	13	30	1477	0	1550
15900	15	14	23	1493	0	1545
15901	1498	4	11	57	0	1570
15902	1510	10	14	32	0	1566
15903	1499	7	12	19	0	1537
15904	52	1462	16	11	0	1541
15905	1395	35	5	15	0	1450
15906	33	22	1348	22	0	1425
15907	28	12	1303	15	0	1358
15908	15	9	1277	10	0	1311
15909	15	83	35	998	0	1131
15910	13	9	969	12	0	1003
15911	752	6	9	10	0	777
15912	14	4	6	769	0	793
15913	13	5	775	14	0	807
15914	795	7	8	15	0	825
15915	17	2	9	818	0	846
15916	12	4	5	836	0	857
15917	827	4	7	19	0	857
15918	12	4	3	852	0	871
15919	10	7	881	14	0	912
15920	6	7	9	903	0	925
15921	12	6	904	12	0	934
15922	11	3	11	878	0	903
15923	858	1	15	13	0	887
15924	16	857	5	14	0	892
15925	17	874	5	5	0	901
15926	12	18	5	857	0	892
15927	12	9	5	851	0	877
15928	7	858	8	20	0	893
15929	7	814	9	11	0	841
15930	8	15	5	802	0	830
15931	8	10	11	791	0	820
15932	782	0	7	21	0	810
15933	12	774	6	18	0	810
15934	13	782	7	7	0	809
15935	12	804	3	6	0	825
15936	766	14	6	11	0	797
15937	8	9	801	11	0	829
15938	778	2	14	9	0	803
15939	10	2	12	782	0	806
15940	16	760	6	18	0	800
15941	9	801	5	16	0	831
15942	798	22	4	6	0	830
15943	12	15	5	750	0	782
15944	15	840	5	13	0	873
15945	841	14	6	16	0	877
15946	830	15	5	8	0	858
15947	25	3	837	9	0	874
15948	847	3	12	10	0	872
15949	870	8	13	11	0	902
15950	26	7	3	844	0	880
15951	11	853	4	16	0	884
15952	6	878	4	10	0	898
15953	9	23	1	845	0	878
15954	819	16	5	15	0	855
15955	14	3	807	15	0	839
15956	9	3	770	8	0	790
15957	13	4	724	4	0	745
15958	5	6	765	3	0	779
15959	1	755	14	6	0	776
15960	2	744	8	8	0	762
15961	4	15	689	3	0	711
15962	6	15	678	4	0	703
15963	0	623	9	1	0	633
15964	2	5	6	558	0	571
15965	2	6	586	2	0	596
15966	0	1	3	566	0	570
15967	1	1	5	591	0	598
15968	0	1	0	619	0	620
15969	1	1	0	632	0	634
15970	0	2	627	8	0	637
15971	2	0	5	618	0	625
15972	623	0	4	6	0	633
15973	5	2	621	5	0	633
15974	613	1	4	2	0	620
15975	6	1	5	642	0	654
15976	4	1	655	5	0	665
15977	653	1	4	5	0	663
15978	6	0	4	665	0	675
15979	680	2	0	7	0	689
15980	7	2	2	666	0	677
15981	5	674	0	8	0	687
15982	2	7	687	6	0	702
15983	1	5	6	686	0	698
15984	689	3	6	8	0	706
15985	695	3	1	7	0	706
15986	702	1	1	1	0	705
15987	686	2	14	0	0	702
15988	695	3	2	2	0	702
15989	8	694	1	2	0	705
15990	699	5	3	1	0	708
15991	5	4	705	1	0	715
15992	691	3	7	0	0	701
15993	6	2	5	610	0	623
15994	5	1	697	6	0	709
15995	1	2	697	4	0	704
15996	5	1	10	692	0	708
15997	711	0	4	8	0	723
15998	4	702	3	5	0	714
15999	706	5	1	2	0	714
16000	7	713	2	3	0	725
16001	7	5	1	724	0	737
16002	2	5	1	721	0	729
16003	718	3	1	9	0	731
16004	4	0	2	733	0	739
16005	8	2	736	6	0	752
16006	730	1	7	6	0	744
16007	7	0	6	764	0	777
16008	10	0	2	743	0	755
16009	2	0	747	12	0	761
16010	679	4	8	7	0	698
16011	730	3	6	3	0	742
16012	12	726	2	3	0	743
16013	6	6	722	3	0	737
16014	3	6	702	3	0	714
16015	4	0	12	680	0	696
16016	2	0	6	682	0	690
16017	3	683	4	7	0	697
16018	2	8	674	6	0	690
16019	5	4	6	632	0	647
16020	2	3	644	5	0	654
16021	5	0	7	614	0	626
16022	1	643	2	6	0	652
16023	3	6	1	651	0	661
16024	5	0	1	661	0	667
16025	3	2	2	662	0	669
16026	659	0	1	9	0	669
16027	6	2	664	3	0	675
16028	2	665	5	2	0	674
16029	2	6	2	705	0	715
16030	720	0	1	12	0	733
16031	12	1	3	733	0	749
16032	742	0	2	10	0	754
16033	16	0	765	3	0	784
16034	746	1	8	4	0	759
16035	10	0	5	797	0	812
16036	4	3	794	10	0	811
16037	5	762	11	6	0	784
16038	3	8	4	752	0	767
16039	3	6	1	761	0	771
16040	747	2	4	11	0	764
16041	10	750	4	5	0	769
16042	5	749	4	5	0	763
16043	3	750	2	5	0	760
16044	678	16	1	1	0	696
16045	9	696	4	2	0	711
16046	7	9	1	686	0	703
16047	5	4	2	679	0	690
16048	660	5	0	16	0	681
16049	8	652	5	6	0	671
16050	3	9	3	658	0	673
16051	664	3	1	14	0	682
16052	664	1	1	6	0	672
16053	668	3	0	4	0	675
16054	14	655	5	1	0	675
16055	638	11	1	3	0	653
16056	10	3	2	621	0	636
16057	8	621	0	11	0	640
16058	3	638	4	3	0	648
16059	4	12	0	630	0	646
16060	627	3	5	8	0	643
16061	648	1	1	4	0	654
16062	12	1	1	630	0	644
16063	5	615	4	10	0	634
16064	609	10	0	4	0	623
16065	10	4	585	3	0	602
16066	8	3	576	4	0	591
16067	571	1	12	1	0	585
16068	8	3	574	0	0	585
16069	4	7	7	521	0	539
16070	533	2	3	8	0	546
16071	8	0	2	544	0	554
16072	4	4	548	7	0	563
16073	3	559	6	6	0	574
16074	1	6	2	559	0	568
16075	4	3	557	7	0	571
16076	511	6	6	3	0	526
16077	5	0	4	541	0	550
16078	7	2	536	5	0	550
16079	4	3	5	520	0	532
16080	2	517	5	9	0	533
16081	2	7	2	549	0	560
16082	3	5	1	537	0	546
16083	0	3	0	537	0	540
16084	0	529	0	11	0	540
16085	524	8	0	9	0	541
16086	5	4	0	533	0	542
16087	7	3	0	534	0	544
16088	4	0	0	542	0	546
16089	1	0	527	14	0	542
16090	1	4	5	541	0	551
16091	538	1	5	9	0	553
16092	6	548	4	7	0	565
16093	5	5	3	573	0	586
16094	6	6	0	565	0	577
16095	557	2	3	13	0	575
16096	10	558	1	13	0	582
16097	564	9	0	2	0	575
16098	574	6	1	5	0	586
16099	16	4	3	557	0	580
16100	569	3	0	10	0	582
16101	13	549	0	9	0	571
16102	551	9	3	7	0	570
16103	15	5	0	567	0	587
16104	608	4	0	13	0	625
16105	623	2	2	8	0	635
16106	20	1	611	4	0	636
16107	628	2	11	3	0	644
16108	656	0	5	4	0	665
16109	698	1	4	1	0	704
16110	22	1	746	1	0	770
16111	12	756	13	2	0	783
16112	5	13	8	750	0	776
16113	756	10	4	14	0	784
16114	12	745	2	10	0	769
16115	750	13	0	6	0	769
16116	18	8	1	763	0	790
16117	9	7	755	14	0	785
16118	776	1	13	9	0	799
16119	15	0	9	800	0	824
16120	9	1	809	15	0	834
16121	801	0	14	14	0	829
16122	17	3	823	4	0	847
16123	14	2	18	866	0	900
16124	6	0	9	907	0	922
16125	901	0	5	27	0	933
16126	908	1	0	19	0	928
16127	26	895	2	5	0	928
16128	914	18	0	1	0	933
16129	18	9	859	2	0	888
16130	11	7	852	3	0	873
16131	811	1	22	4	0	838
16132	13	833	18	2	0	866
16133	801	14	5	1	0	821
16134	17	811	0	1	0	829
16135	784	17	0	2	0	803
16136	18	9	0	770	0	797
16137	11	4	777	13	0	805
16138	5	0	13	776	0	794
16139	2	0	9	782	0	793
16140	772	0	5	23	0	800
16141	12	1	762	17	0	792
16142	761	1	12	5	0	779
16143	17	774	10	1	0	802
16144	790	11	6	1	0	808
16145	17	8	1	763	0	789
16146	12	7	764	12	0	795
16147	8	1	12	772	0	793
16148	779	1	9	18	0	807
16149	13	2	6	784	0	805
16150	13	0	1	774	0	788
16151	5	766	2	19	0	792
16152	4	11	3	772	0	790
16153	5	9	764	17	0	795
16154	4	6	11	764	0	785
16155	6	1	9	768	0	784
16156	757	1	7	22	0	787
16157	14	1	3	760	0	778
16158	10	2	741	20	0	773
16159	8	746	14	11	0	779
16160	4	12	11	749	0	776
16161	6	8	7	740	0	761
16162	742	7	2	18	0	769
16163	15	735	3	17	0	770
16164	13	12	1	742	0	768
16165	727	8	3	13	0	751
16166	739	5	3	10	0	757
16167	22	2	2	734	0	760
16168	14	1	743	13	0	771
16169	749	2	12	13	0	776
16170	15	0	10	782	0	807
16171	787	2	6	17	0	812
16172	789	1	2	12	0	804
16173	25	762	1	9	0	797
16174	753	14	2	5	0	774
16175	20	763	4	2	0	789
16176	13	14	3	756	0	786
16177	7	9	4	749	0	769
16178	5	775	1	18	0	799
16179	774	11	2	15	0	802
16180	770	10	3	6	0	789
16181	24	6	751	4	0	785
16182	17	3	741	5	0	766
16183	8	3	22	748	0	781
16184	756	1	13	15	0	785
16185	15	1	6	759	0	781
16186	8	2	4	782	0	796
16187	7	1	778	27	0	813
16188	8	2	776	14	0	800
16189	4	2	792	10	0	808
16190	749	5	23	5	0	782
16191	759	4	12	4	0	779
16192	22	734	10	6	0	772
16193	16	751	6	4	0	777
16194	8	19	3	746	0	776
16195	5	15	746	13	0	779
16196	739	6	8	14	0	767
16197	12	8	760	5	0	785
16198	13	3	13	743	0	772
16199	6	3	9	775	0	793
16200	4	2	8	779	0	793
16201	4	2	2	805	0	813
16202	791	1	0	27	0	819
16203	15	2	3	795	0	815
16204	11	2	742	14	0	769
16205	693	1	8	15	0	717
16206	12	4	753	6	0	775
16207	12	1	730	4	0	747
16208	3	727	16	7	0	753
16209	14	7	14	608	0	643
16210	616	8	2	7	0	633
16211	8	2	0	623	0	633
16212	7	2	620	11	0	640
16213	3	0	7	632	0	642
16214	624	2	8	9	0	643
16215	7	627	2	9	0	645
16216	610	4	3	4	0	621
16217	6	620	0	5	0	631
16218	613	5	1	5	0	624
16219	10	599	2	3	0	614
16220	4	584	2	2	0	592
16221	4	8	566	3	0	581
16222	10	560	4	2	0	576
16223	468	2	3	2	0	475
16224	3	3	1	481	0	488
16225	481	1	0	2	0	484
16226	1	512	0	3	0	516
16227	503	2	0	0	0	505
16228	3	3	506	2	0	514
16229	4	0	3	508	0	515
16230	1	521	3	3	0	528
16231	2	2	0	536	0	540
16232	1	5	0	544	0	550
16233	632	0	1	6	0	639
16234	3	653	0	5	0	661
16235	674	4	0	0	0	678
16236	3	6	691	1	0	701
16237	5	1	679	1	0	686
16238	1	683	10	0	0	694
16239	0	6	6	691	0	703
16240	3	5	706	3	0	717
16241	2	0	5	692	0	699
16242	2	1	7	730	0	740
16243	0	2	719	10	0	731
16244	1	2	712	6	0	721
16245	0	2	746	1	0	749
16246	1	0	740	3	0	744
16247	1	754	9	5	0	769
16248	1	5	8	750	0	764
16249	0	6	2	766	0	774
16250	2	1	762	11	0	776
16251	0	2	6	756	0	764
16252	3	2	789	7	0	801
16253	0	1	6	790	0	797
16254	2	1	6	775	0	784
16255	1	781	3	10	0	795
16256	0	6	0	790	0	796
16257	1	6	2	786	0	795
16258	2	2	1	777	0	782
16259	3	4	754	12	0	773
16260	1	756	6	9	0	772
16261	753	5	6	3	0	767
16262	756	6	1	2	0	765
16263	12	1	1	741	0	755
16264	6	2	2	730	0	740
16265	0	769	3	11	0	783
16266	757	6	0	8	0	771
16267	6	774	3	3	0	786
16268	748	5	1	4	0	758
16269	7	7	738	4	0	756
16270	676	2	5	5	0	688
16271	7	741	4	1	0	753
16272	4	7	2	747	0	760
16273	2	4	4	731	0	741
16274	0	752	4	13	0	769
16275	741	5	0	5	0	751
16276	4	5	3	754	0	766
16277	6	1	2	765	0	774
16278	766	1	1	17	0	785
16279	794	1	2	6	0	803
16280	10	3	791	2	0	806
16281	791	0	6	5	0	802
16282	6	1	7	813	0	827
16283	6	1	825	7	0	839
16284	3	1	6	817	0	827
16285	2	1	823	10	0	836
16286	3	0	801	7	0	811
16287	3	2	9	814	0	828
16288	1	2	832	8	0	843
16289	1	852	9	11	0	873
16290	1	5	5	855	0	866
16291	1	7	3	871	0	882
16292	1	5	884	11	0	901
16293	4	878	6	8	0	896
16294	864	5	5	6	0	880
16295	8	4	3	880	0	895
16296	883	2	1	11	0	897
16297	7	878	6	3	0	894
16298	8	11	887	2	0	908
16299	4	5	6	875	0	890
16300	852	2	8	9	0	871
16301	7	3	891	7	0	908
16302	818	5	7	5	0	835
16303	8	875	6	3	0	892
16304	5	870	4	4	0	883
16305	842	10	12	7	0	871
16306	8	4	6	831	0	849
16307	6	3	4	825	0	838
16308	4	825	2	10	0	841
16309	0	8	1	841	0	850
16310	3	6	3	837	0	849
16311	838	3	1	14	0	856
16312	6	0	2	839	0	847
16313	4	3	827	9	0	843
16314	4	1	7	821	0	833
16315	0	1	7	850	0	858
16316	2	2	847	13	0	864
16317	3	2	5	841	0	851
16318	816	2	6	10	0	834
16319	798	2	2	8	0	810
16320	816	1	2	8	0	827
16321	8	1	2	820	0	831
16322	5	2	834	7	0	848
16323	3	841	4	8	0	856
16324	2	5	4	834	0	845
16325	6	6	844	6	0	862
16326	4	2	4	809	0	819
16327	2	0	9	828	0	839
16328	819	1	3	11	0	834
16329	4	847	3	10	0	864
16330	6	8	842	2	0	858
16331	752	5	7	6	0	770
16332	9	821	7	3	0	840
16333	2	731	3	2	0	738
16334	736	4	13	1	0	754
16335	5	5	1	735	0	746
16336	2	5	823	4	0	834
16337	3	2	4	805	0	814
16338	1	814	4	9	0	828
16339	832	6	3	3	0	844
16340	7	3	0	831	0	841
16341	825	3	0	8	0	836
16342	6	0	2	810	0	818
16343	4	828	2	7	0	841
16344	834	7	1	4	0	846
16345	818	4	0	1	0	823
16346	7	837	1	4	0	849
16347	823	6	0	1	0	830
16348	5	2	2	809	0	818
16349	3	818	0	4	0	825
16350	820	5	1	2	0	828
16351	5	847	2	3	0	857
16352	844	6	0	3	0	853
16353	7	2	0	848	0	857
16354	853	1	0	8	0	862
16355	865	2	1	4	0	872
16356	871	0	0	7	0	878
16357	9	3	0	869	0	881
16358	7	1	0	885	0	893
16359	862	0	0	9	0	871
16360	7	1	882	4	0	894
16361	4	1	4	877	0	886
16362	3	897	2	6	0	908
16363	2	5	2	896	0	905
16364	3	2	0	906	0	911
16365	4	4	892	8	0	908
16366	4	0	5	928	0	937
16367	2	988	4	8	0	1002
16368	4	12	0	1008	0	1024
16369	2	5	1167	15	0	1189
16370	2	4	12	1177	0	1195
16371	3	0	8	1192	0	1203
16372	1179	1	3	28	0	1211
16373	1198	1	1	11	0	1211
16374	26	2	1	1174	0	1203
16375	12	1184	3	18	0	1217
16376	3	1181	5	11	0	1200
16377	1	25	1162	7	0	1195
16378	6	22	16	1138	0	1182
16379	1137	2	9	23	0	1171
16380	18	2	2	1154	0	1176
16381	13	7	1137	21	0	1178
16382	4	2	17	1140	0	1163
16383	3	4	9	1129	0	1145
16384	6	1	4	1147	0	1158
16385	3	2	1123	28	0	1156
16386	2	1116	18	13	0	1149
16387	1092	17	10	7	0	1126
16388	1083	11	3	5	0	1102
16389	28	3	0	1053	0	1084
16390	11	1	1068	23	0	1103
16391	6	1058	20	13	0	1097
16392	9	17	9	983	0	1018
16393	5	1078	3	13	0	1099
16394	4	1097	0	11	0	1112
16395	1055	24	2	8	0	1089
16396	19	12	1085	4	0	1120
16397	13	4	1120	5	0	1142
16398	8	2	23	1073	0	1106
16399	4	4	10	1113	0	1131
16400	3	3	1113	26	0	1145
16401	3	3	16	1065	0	1087
16402	2	3	1094	20	0	1119
16403	999	2	20	14	0	1035
16404	16	3	11	1080	0	1110
16405	11	3	1105	19	0	1138
16406	4	4	18	1029	0	1055
16407	4	1132	12	18	0	1166
16408	1134	16	4	14	0	1168
16409	19	1158	3	6	0	1186
16410	1154	19	4	3	0	1180
16411	24	10	1140	5	0	1179
16412	1121	6	19	7	0	1153
16413	21	3	9	1156	0	1189
16414	11	5	1151	21	0	1188
16415	7	2	19	1135	0	1163
16416	3	4	1127	25	0	1159
16417	1043	2	19	12	0	1076
16418	22	1131	10	7	0	1170
16419	10	19	6	1047	0	1082
16420	5	1150	9	20	0	1184
16421	1138	20	4	15	0	1177
16422	1135	8	5	4	0	1152
16423	23	1139	4	11	0	1177
16424	12	16	7	1130	0	1165
16425	6	11	1	1143	0	1161
16426	6	3	4	1145	0	1158
16427	1112	1	2	31	0	1146
16428	14	1116	8	15	0	1153
16429	10	18	3	1088	0	1119
16430	9	11	4	1102	0	1126
16431	1077	7	1	28	0	1113
16432	20	5	1060	18	0	1103
16433	11	4	1076	7	0	1098
16434	995	2	29	6	0	1032
16435	17	3	1041	10	0	1071
16436	8	3	938	6	0	955
16437	7	2	22	907	0	938
16438	958	2	12	22	0	994
16439	17	5	6	946	0	974
16440	10	2	966	16	0	994
16441	917	5	17	8	0	947
16442	16	1	966	8	0	991
16443	8	969	23	5	0	1005
16444	11	19	6	978	0	1014
16445	983	6	14	19	0	1022
16446	18	3	3	975	0	999
16447	7	0	2	993	0	1002
16448	991	1	4	26	0	1022
16449	15	0	2	997	0	1014
16450	8	4	4	1002	0	1018
16451	6	4	972	24	0	1006
16452	6	4	15	956	0	981
16453	959	0	7	20	0	986
16454	956	1	4	10	0	971
16455	966	2	4	3	0	975
16456	25	3	3	931	0	962
16457	10	932	2	12	0	956
16458	934	12	2	12	0	960
16459	13	964	6	4	0	987
16460	965	11	3	2	0	981
16461	15	8	4	957	0	984
16462	952	6	2	15	0	975
16463	959	3	2	12	0	976
16464	948	1	2	7	0	958
16465	22	936	6	3	0	967
16466	9	900	2	4	0	915
16467	823	7	4	3	0	837
16468	7	849	1	4	0	861
16469	4	683	0	2	0	689
16470	2	660	4	5	0	671
16471	630	0	9	5	0	644
16472	0	0	0	618	0	618
16473	0	0	1	627	0	628
16474	623	0	0	1	0	624
16475	1	0	648	0	0	649
16476	0	0	0	720	0	720
16477	2	0	0	740	0	742
16478	0	0	0	838	0	838
16479	2	2	0	876	0	880
16480	0	904	0	12	0	916
16481	0	1159	0	5	0	1164
16482	1169	15	0	1	0	1185
16483	13	13	0	1185	0	1211
16484	13	1	0	1192	0	1206
16485	1	1	1199	22	0	1223
16486	3	1	10	1221	0	1235
16487	0	3	1241	14	0	1258
16488	0	0	14	1250	0	1264
16489	0	2	1309	15	0	1326
16490	1	1290	18	15	0	1324
16491	2	16	13	1280	0	1311
16492	1283	14	2	15	0	1314
16493	1293	1	2	15	0	1311
16494	30	0	1	1275	0	1306
16495	16	2	1282	17	0	1317
16496	2	2	1270	18	0	1292
16497	1180	1	33	5	0	1219
16498	16	1227	17	3	0	1263
16499	1248	16	1	6	0	1271
16500	1236	16	1	2	0	1255
16501	32	6	1242	1	0	1281
16502	18	2	16	1214	0	1250
16503	3	3	14	1246	0	1266
16504	3	0	2	1289	0	1294
16505	4	0	2	1256	0	1262
16506	1	2	2	1256	0	1261
16507	3	0	1178	35	0	1216
16508	6	0	1179	18	0	1203
16509	4	1	32	1178	0	1215
16510	4	2	16	1192	0	1214
16511	1	3	2	1222	0	1228
16512	1189	0	2	36	0	1227
16513	19	2	0	1198	0	1219
16514	1223	3	3	22	0	1251
16515	23	0	3	1243	0	1269
16516	1255	0	4	24	0	1283
16517	1282	2	3	23	0	1310
16518	1261	2	2	8	0	1273
16519	1276	1	3	7	0	1287
16520	1267	0	2	6	0	1275
16521	38	2	1	1247	0	1288
16522	1252	3	3	16	0	1274
16523	19	1218	2	22	0	1261
16524	1247	16	1	8	0	1272
16525	20	21	1	1251	0	1293
16526	23	6	1243	22	0	1294
16527	5	0	19	1266	0	1290
16528	3	2	1263	22	0	1290
16529	2	0	23	1263	0	1288
16530	5	1	22	1262	0	1290
16531	1	5	1247	41	0	1294
16532	6	2	1239	24	0	1271
16533	6	1	37	1254	0	1298
16534	1245	0	24	24	0	1293
16535	21	6	1262	31	0	1320
16536	22	1281	23	15	0	1341
16537	5	15	1320	5	0	1345
16538	1258	20	20	9	0	1307
16539	26	5	23	1262	0	1316
16540	1286	2	6	25	0	1319
16541	1279	1	6	25	0	1311
16542	45	1	7	1267	0	1320
16543	22	4	1262	26	0	1314
16544	11	2	18	1263	0	1294
16545	7	0	22	1257	0	1286
16546	1227	1	7	44	0	1279
16547	20	1246	7	25	0	1298
16548	22	17	7	1247	0	1293
16549	11	20	1238	22	0	1291
16550	1185	2	20	27	0	1234
16551	23	1224	28	11	0	1286
16552	21	21	9	1223	0	1274
16553	10	20	6	1247	0	1283
16554	11	1	2	1281	0	1295
16555	1222	2	3	45	0	1272
16556	1251	4	4	27	0	1286
16557	46	2	5	1245	0	1298
16558	25	1	1238	28	0	1292
16559	8	1209	25	25	0	1267
16560	1208	19	19	13	0	1259
16561	1234	18	5	10	0	1267
16562	45	1	4	1218	0	1268
16563	22	1	4	1235	0	1262
16564	12	3	1221	43	0	1279
16565	5	1230	28	28	0	1291
16566	1294	21	18	10	0	1343
16567	1277	23	5	8	0	1313
16568	44	1279	5	6	0	1334
16569	1290	22	7	5	0	1324
16570	27	21	4	1286	0	1338
16571	31	4	1265	28	0	1328
16572	7	0	21	1302	0	1330
16573	4	4	1278	24	0	1310
16574	1239	1	24	25	0	1289
16575	26	1273	23	11	0	1333
16576	28	19	7	1183	0	1237
16577	6	20	1176	21	0	1223
16578	3	2	1096	24	0	1125
16579	999	0	26	5	0	1030
16580	14	1026	18	11	0	1069
16581	766	12	15	1	0	794
16582	740	8	6	3	0	757
16583	742	0	2	5	0	749
16584	18	1	2	731	0	752
16585	13	2	730	10	0	755
16586	1	722	5	11	0	739
16587	2	12	14	695	0	723
16588	5	9	701	9	0	724
16589	2	1	640	9	0	652
16590	2	2	11	624	0	639
16591	6	2	628	5	0	641
16592	598	0	5	8	0	611
16593	6	1	7	647	0	661
16594	8	3	3	652	0	666
16595	654	2	2	13	0	671
16596	7	637	3	11	0	658
16597	671	4	1	6	0	682
16598	6	6	3	669	0	684
16599	8	2	5	681	0	696
16600	4	5	3	685	0	697
16601	2	0	0	673	0	675
16602	661	0	3	14	0	678
16603	6	4	658	10	0	678
16604	8	649	4	6	0	667
16605	3	4	7	650	0	664
16606	649	8	5	5	0	667
16607	657	3	1	12	0	673
16608	13	667	4	4	0	688
16609	642	6	0	6	0	654
16610	7	668	3	3	0	681
16611	6	685	1	6	0	698
16612	1	8	5	685	0	699
16613	5	6	684	7	0	702
16614	3	6	5	664	0	678
16615	640	1	5	9	0	655
16616	8	633	4	7	0	652
16617	9	5	3	602	0	619
16618	7	5	676	6	0	694
16619	658	3	6	8	0	675
16620	704	1	7	3	0	715
16621	694	4	3	3	0	704
16622	11	5	691	3	0	710
16623	649	2	7	3	0	661
16624	7	687	6	4	0	704
16625	5	4	2	645	0	656
16626	3	663	2	9	0	677
16627	665	4	3	6	0	678
16628	644	4	3	4	0	655
16629	7	4	688	6	0	705
16630	8	681	5	3	0	697
16631	6	5	4	689	0	704
16632	6	4	3	696	0	709
16633	5	3	2	681	0	691
16634	3	4	1	689	0	697
16635	1	2	3	685	0	691
16636	4	6	647	12	0	669
16637	6	643	5	6	0	660
16638	641	4	5	6	0	656
16639	7	6	668	2	0	683
16640	9	679	5	6	0	699
16641	697	6	5	4	0	712
16642	6	6	727	3	0	742
16643	685	4	6	3	0	698
16644	702	1	4	3	0	710
16645	705	1	2	2	0	710
16646	13	707	2	2	0	724
16647	8	6	719	3	0	736
16648	3	736	7	3	0	749
16649	4	10	3	622	0	639
16650	1	739	1	7	0	748
16651	723	6	1	5	0	735
16652	740	4	2	7	0	753
16653	731	1	2	4	0	738
16654	12	2	757	2	0	773
16655	9	792	7	1	0	809
16656	5	6	5	856	0	872
16657	980	5	13	9	0	1007
16658	13	991	2	7	0	1013
16659	9	12	1	1004	0	1026
16660	6	7	1049	14	0	1076
16661	1023	3	14	11	0	1051
16662	13	5	1128	5	0	1151
16663	11	4	1164	1	0	1180
16664	1094	2	27	3	0	1126
16665	17	6	1143	3	0	1169
16666	1068	2	20	4	0	1094
16667	21	1077	9	2	0	1109
16668	1117	18	5	2	0	1142
16669	23	9	0	1110	0	1142
16670	13	4	1	1120	0	1138
16671	6	1	2	1128	0	1137
16672	1103	2	2	25	0	1132
16673	1112	1	1	15	0	1129
16674	1084	1	1	5	0	1091
16675	31	1062	3	2	0	1098
16676	12	18	1	1080	0	1111
16677	7	8	1081	17	0	1113
16678	5	9	16	1033	0	1063
16679	3	1046	11	20	0	1080
16680	4	16	6	1047	0	1073
16681	6	10	2	1057	0	1075
16682	1044	5	3	28	0	1080
16683	18	2	3	1083	0	1106
16684	9	5	1060	22	0	1096
16685	6	2	1043	13	0	1064
16686	2	0	25	1064	0	1091
16687	1050	1	12	23	0	1086
16688	21	0	5	1057	0	1083
16689	14	1	3	1086	0	1104
16690	6	4	1062	27	0	1099
16691	7	1070	18	12	0	1107
16692	2	21	9	1056	0	1088
16693	1064	8	4	19	0	1095
16694	19	1066	2	10	0	1097
16695	16	18	0	1069	0	1103
16696	8	12	1066	20	0	1106
16697	6	4	21	1050	0	1081
16698	1028	3	8	23	0	1062
16699	21	1022	5	10	0	1058
16700	9	18	1042	6	0	1075
16701	4	8	19	1029	0	1060
16702	3	6	1059	19	0	1087
16703	1028	1	20	14	0	1063
16704	1056	3	10	6	0	1075
16705	28	0	1067	6	0	1101
16706	15	1	19	1055	0	1090
16707	10	2	1084	19	0	1115
16708	1	1061	24	10	0	1096
16709	2	19	9	1076	0	1106
16710	3	9	1075	19	0	1106
16711	1	8	21	979	0	1009
16712	3	1044	13	24	0	1084
16713	5	20	6	1051	0	1082
16714	4	8	1066	25	0	1103
16715	1014	3	21	12	0	1050
16716	20	1069	10	4	0	1103
16717	1093	19	6	7	0	1125
16718	28	9	1038	3	0	1078
16719	1025	6	21	3	0	1055
16720	25	5	1037	4	0	1071
16721	1030	1	21	3	0	1055
16722	1063	3	11	7	0	1084
16723	26	0	6	1059	0	1091
16724	16	4	6	1074	0	1100
16725	1070	5	4	27	0	1106
16726	21	1085	5	18	0	1129
16727	1111	18	9	6	0	1144
16728	28	9	3	1082	0	1122
16729	11	1121	10	20	0	1162
16730	8	17	10	1145	0	1180
16731	3	11	5	1158	0	1177
16732	10	6	4	1132	0	1152
16733	2	1134	3	34	0	1173
16734	1146	19	3	18	0	1186
16735	26	13	1	1153	0	1193
16736	12	6	1137	25	0	1180
16737	8	2	1124	11	0	1145
16738	6	2	1145	12	0	1165
16739	1122	6	28	2	0	1158
16740	1127	3	12	10	0	1152
16741	28	3	1108	5	0	1144
16742	16	3	19	1053	0	1091
16743	7	5	11	1089	0	1112
16744	5	4	1101	29	0	1139
16745	5	3	1114	16	0	1138
16746	4	7	24	1115	0	1150
16747	1087	2	8	26	0	1123
16748	1086	0	10	17	0	1113
16749	1071	2	3	9	0	1085
16750	31	1058	7	8	0	1104
16751	14	1085	7	5	0	1111
16752	8	21	7	1051	0	1087
16753	1035	12	5	22	0	1074
16754	20	5	1018	15	0	1058
16755	904	1	24	9	0	938
16756	22	917	9	3	0	951
16757	6	813	4	1	0	824
16758	798	13	3	5	0	819
16759	11	802	4	1	0	818
16760	7	749	2	4	0	762
16761	693	29	19	17	0	758
16762	4	713	4	1	0	722
16763	3	2	1	677	0	683
16764	1	2	0	681	0	684
16765	672	1	0	5	0	678
16766	667	0	4	2	0	673
16767	7	680	2	4	0	693
16768	3	687	1	0	0	691
16769	1	5	666	1	0	673
16770	672	2	3	2	0	679
16771	708	0	1	0	0	709
16772	737	0	2	2	0	741
16773	3	2	2	735	0	742
16774	4	1	0	753	0	758
16775	750	1	2	5	0	758
16776	2	1	1	753	0	757
16777	3	2	761	3	0	769
16778	1	1	2	749	0	753
16779	2	781	5	2	0	790
16780	2	3	0	784	0	789
16781	1	5	1	789	0	796
16782	2	1	0	796	0	799
16783	781	2	1	6	0	790
16784	4	778	2	7	0	791
16785	5	4	1	803	0	813
16786	1	6	798	4	0	809
16787	2	1	764	4	0	771
16788	1	1	5	784	0	791
16789	1	1	4	789	0	795
16790	787	0	1	6	0	794
16791	2	2	0	753	0	757
16792	5	781	1	5	0	792
16793	2	2	795	6	0	805
16794	2	6	2	801	0	811
16795	3	0	822	6	0	831
16796	1	2	3	823	0	829
16797	810	1	7	6	0	824
16798	836	1	0	5	0	842
16799	6	832	2	5	0	845
16800	4	2	0	822	0	828
16801	829	4	3	4	0	840
16802	817	1	1	6	0	825
16803	829	3	1	2	0	835
16804	830	0	2	3	0	835
16805	822	0	2	3	0	827
16806	6	811	4	3	0	824
16807	813	1	1	3	0	818
16808	3	5	814	3	0	825
16809	7	1	2	822	0	832
16810	815	2	5	3	0	825
16811	808	3	3	5	0	819
16812	802	0	1	2	0	805
16813	5	0	814	6	0	825
16814	5	0	4	799	0	808
16815	833	0	4	2	0	839
16816	4	829	0	7	0	840
16817	842	1	1	2	0	846
16818	796	6	1	4	0	807
16819	812	1	2	2	0	817
16820	7	2	1	814	0	824
16821	835	3	1	3	0	842
16822	4	1	845	7	0	857
16823	8	1	817	3	0	829
16824	820	2	5	3	0	830
16825	3	1	852	1	0	857
16826	773	1	1	5	0	780
16827	1	1	846	5	0	853
16828	10	5	0	802	0	817
16829	780	1	5	2	0	788
16830	5	787	2	6	0	800
16831	807	1	4	3	0	815
16832	2	793	1	4	0	800
16833	7	816	1	3	0	827
16834	5	6	0	816	0	827
16835	6	6	1	807	0	820
16836	3	2	0	818	0	823
16837	2	4	815	5	0	826
16838	758	1	1	9	0	769
16839	818	0	7	5	0	830
16840	812	0	1	3	0	816
16841	819	0	3	1	0	823
16842	814	0	2	2	0	818
16843	10	6	767	1	0	784
16844	11	1	772	2	0	786
16845	6	0	6	790	0	802
16846	5	2	798	2	0	807
16847	759	1	3	10	0	773
16848	4	851	7	1	0	863
16849	7	1	2	916	0	926
16850	942	7	2	4	0	955
16851	8	1	2	953	0	964
16852	8	2	973	4	0	987
16853	2	2	991	11	0	1006
16854	3	1	12	1020	0	1036
16855	2	2	1022	9	0	1035
16856	974	0	7	9	0	990
16857	6	1	10	1009	0	1026
16858	9	1	995	10	0	1015
16859	2	1007	7	8	0	1024
16860	4	6	8	1043	0	1061
16861	3	6	1047	9	0	1065
16862	3	0	7	1021	0	1031
16863	1	2	10	1037	0	1050
16864	3	0	1048	17	0	1068
16865	2	0	9	1044	0	1055
16866	4	0	9	1040	0	1053
16867	4	1	1	1042	0	1048
16868	1015	1	2	14	0	1032
16869	9	1022	3	9	0	1043
16870	8	1014	4	2	0	1028
16871	0	15	1013	2	0	1030
16872	943	7	7	3	0	960
16873	6	6	997	1	0	1010
16874	7	3	981	3	0	994
16875	5	0	12	962	0	979
16876	973	2	6	5	0	986
16877	6	979	2	11	0	998
16878	992	6	2	0	0	1000
16879	959	7	0	1	0	967
16880	10	988	4	1	0	1003
16881	1002	6	1	4	0	1013
16882	971	5	2	1	0	979
16883	11	1019	3	2	0	1035
16884	6	8	1	1045	0	1060
16885	3	5	1	1046	0	1055
16886	1052	0	0	11	0	1063
16887	7	1087	3	9	0	1106
16888	1106	8	1	3	0	1118
16889	1106	6	1	2	0	1115
16890	1149	1	1	2	0	1153
16891	16	1	1	1138	0	1156
16892	9	0	0	1134	0	1143
16893	1111	0	1	18	0	1130
16894	1150	1	1	8	0	1160
16895	1148	0	0	6	0	1154
16896	19	0	0	1192	0	1211
16897	8	2	1218	11	0	1239
16898	4	0	11	1217	0	1232
16899	4	0	8	1328	0	1340
16900	2	2	1320	22	0	1346
16901	4	3	1478	10	0	1495
16902	5	0	22	1491	0	1518
16903	2	1	1521	21	0	1545
16904	1545	0	20	15	0	1580
16905	15	1	16	1575	0	1607
16906	13	1	3	1595	0	1612
16907	1593	0	7	27	0	1627
16908	18	2	1	1579	0	1600
16909	16	0	2	1590	0	1608
16910	4	0	4	1606	0	1614
16911	6	0	0	1599	0	1605
16912	2	5	1575	37	0	1619
16913	1	2	16	1585	0	1604
16914	6	2	1560	22	0	1590
16915	2	1562	16	19	0	1599
16916	3	18	14	1554	0	1589
16917	3	14	1547	23	0	1587
16918	1434	5	19	18	0	1476
16919	17	1524	18	7	0	1566
16920	1539	15	3	8	0	1565
16921	21	14	3	1438	0	1476
16922	17	1487	8	17	0	1529
16923	1492	17	4	18	0	1531
16924	20	1511	2	7	0	1540
16925	1519	17	5	6	0	1547
16926	22	19	2	1489	0	1532
16927	1498	4	1	21	0	1524
16928	23	1497	5	20	0	1545
16929	1492	21	2	3	0	1518
16930	28	13	1459	6	0	1506
16931	18	4	19	1452	0	1493
16932	1450	5	11	20	0	1486
16933	1477	2	3	19	0	1501
16934	35	1	6	1458	0	1500
16935	18	4	1482	27	0	1531
16936	8	1433	18	35	0	1494
16937	5	1496	18	10	0	1529
16938	1513	26	4	8	0	1551
16939	23	17	3	1502	0	1545
16940	19	6	3	1517	0	1545
16941	1506	7	5	32	0	1550
16942	1495	3	5	18	0	1521
16943	31	4	1523	8	0	1566
16944	20	2	17	1518	0	1557
16945	10	5	1509	25	0	1549
16946	12	1495	22	24	0	1553
16947	1451	19	14	13	0	1497
16948	23	1461	5	11	0	1500
16949	17	1430	6	5	0	1458
16950	12	27	6	1395	0	1440
16951	1367	13	4	21	0	1405
16952	15	1369	9	16	0	1409
16953	1342	18	4	11	0	1375
16954	18	1338	8	7	0	1371
16955	14	18	4	1352	0	1388
16956	1334	17	7	21	0	1379
16957	15	8	1353	18	0	1394
16958	27	2	14	1360	0	1403
16959	9	7	1359	19	0	1394
16960	10	1287	15	24	0	1336
16961	8	1314	19	12	0	1353
16962	1266	29	8	11	0	1314
16963	21	1296	5	14	0	1336
16964	1303	19	7	12	0	1341
16965	1315	19	2	14	0	1350
16966	25	7	1314	15	0	1361
16967	1296	5	11	8	0	1320
16968	19	8	1348	5	0	1380
16969	21	1329	15	8	0	1373
16970	1316	15	18	9	0	1358
16971	16	1319	9	9	0	1353
16972	24	15	4	1309	0	1352
16973	1308	20	8	15	0	1351
16974	24	8	1	1329	0	1362
16975	19	9	1349	18	0	1395
16976	10	7	12	1351	0	1380
16977	8	7	14	1348	0	1377
16978	1324	12	4	25	0	1365
16979	21	6	1305	24	0	1356
16980	1304	9	13	14	0	1340
16981	1342	3	12	13	0	1370
16982	35	6	4	1322	0	1367
16983	30	4	6	1314	0	1354
16984	1273	4	5	34	0	1316
16985	22	1298	10	23	0	1353
16986	24	18	7	1280	0	1329
16987	13	18	1239	18	0	1288
16988	14	13	1221	17	0	1265
16989	9	1255	25	11	0	1300
16990	6	18	14	1218	0	1256
16991	10	18	8	1223	0	1259
16992	1213	11	6	27	0	1257
16993	24	5	3	1214	0	1246
16994	1154	8	6	18	0	1186
16995	16	1144	7	26	0	1193
16996	18	1108	2	8	0	1136
16997	12	1117	4	5	0	1138
16998	1089	20	3	9	0	1121
16999	960	19	7	3	0	989
17000	16	972	4	8	0	1000
17001	801	7	3	2	0	813
17002	9	792	1	4	0	806
17003	7	10	1	758	0	776
17004	5	770	2	7	0	784
17005	752	19	1	8	0	780
17006	755	5	1	2	0	763
17007	15	3	2	725	0	745
17008	739	1	1	8	0	749
17009	7	2	2	736	0	747
17010	6	765	2	10	0	783
17011	3	9	0	756	0	768
17012	4	760	0	10	0	774
17013	758	7	3	12	0	780
17014	8	4	749	3	0	764
17015	721	1	5	1	0	728
17016	8	0	5	752	0	765
17017	5	4	759	2	0	770
17018	713	1	4	8	0	726
17019	6	2	800	3	0	811
17020	9	0	6	780	0	795
17021	4	2	6	802	0	814
17022	5	2	1	794	0	802
17023	2	1	1	798	0	802
17024	1	793	2	12	0	808
17025	2	6	0	814	0	822
17026	802	6	2	9	0	819
17027	10	2	796	7	0	815
17028	7	844	7	4	0	862
17029	867	7	6	4	0	884
17030	929	13	3	3	0	948
17031	19	4	0	1091	0	1114
17032	15	7	1092	12	0	1126
17033	7	0	7	1089	0	1103
17034	3	2	19	1191	0	1215
17035	4	3	1194	30	0	1231
17036	3	1268	14	21	0	1306
17037	1304	15	18	4	0	1341
17038	1297	23	2	6	0	1328
17039	1360	3	6	1	0	1370
17040	40	1	0	1330	0	1371
17041	29	0	2	1351	0	1382
17042	1361	1	5	39	0	1406
17043	24	4	1	1281	0	1310
17044	26	1353	2	20	0	1401
17045	1400	17	2	30	0	1449
17046	1434	25	4	4	0	1467
17047	1520	4	3	9	0	1536
17048	1530	2	0	9	0	1541
17049	54	3	1457	5	0	1519
17050	35	3	1456	6	0	1500
17051	13	3	45	1449	0	1510
17052	15	7	33	1479	0	1534
17053	10	4	1469	49	0	1532
17054	10	4	1488	29	0	1531
17055	11	6	44	1460	0	1521
17056	1481	2	30	24	0	1537
17057	27	1	10	1476	0	1514
17058	28	4	1503	27	0	1562
17059	9	1523	24	29	0	1585
17060	1534	18	30	11	0	1593
17061	1565	25	7	10	0	1607
17062	1576	5	6	12	0	1599
17063	1572	3	7	9	0	1591
17064	53	7	1503	6	0	1569
17065	35	2	24	1499	0	1560
17066	1508	6	25	32	0	1571
17067	36	4	8	1519	0	1567
17068	38	3	6	1439	0	1486
17069	16	1476	6	49	0	1547
17070	16	22	7	1512	0	1557
17071	1490	23	10	31	0	1554
17072	28	1484	13	34	0	1559
17073	1497	25	8	11	0	1541
17074	34	1511	9	11	0	1565
17075	36	23	10	1386	0	1455
17076	13	1459	6	31	0	1509
17077	13	1484	10	35	0	1542
17078	1455	51	10	14	0	1530
17079	32	34	1467	16	0	1549
17080	40	9	1452	10	0	1511
17081	13	8	1458	14	0	1493
17082	1364	7	44	14	0	1429
17083	30	1428	34	13	0	1505
17084	41	1457	10	8	0	1516
17085	1404	45	5	12	0	1466
17086	32	1433	6	15	0	1486
17087	41	1447	9	9	0	1506
17088	16	44	10	1443	0	1513
17089	13	36	1445	30	0	1524
17090	14	11	1455	32	0	1512
17091	15	10	47	1451	0	1523
17092	1445	10	35	24	0	1514
17093	29	1456	13	36	0	1534
17094	38	28	11	1468	0	1545
17095	17	31	1462	30	0	1540
17096	19	9	1450	41	0	1519
17097	11	16	48	1454	0	1529
17098	1453	11	35	31	0	1530
17099	1462	9	12	36	0	1519
17100	53	15	1449	15	0	1532
17101	1424	12	28	16	0	1480
17102	36	4	1493	11	0	1544
17103	47	8	32	1352	0	1439
17104	18	1447	37	28	0	1530
17105	1492	21	10	35	0	1558
17106	37	29	15	1481	0	1562
17107	35	15	16	1480	0	1546
17108	20	11	9	1541	0	1581
17109	23	9	11	1530	0	1573
17110	13	8	1477	52	0	1550
17111	20	1460	30	39	0	1549
17112	19	24	34	1476	0	1553
17113	1464	27	15	32	0	1538
17114	30	10	12	1483	0	1535
17115	36	10	13	1475	0	1534
17116	18	10	1442	48	0	1518
17117	16	11	1388	40	0	1455
17118	19	1410	46	16	0	1491
17119	17	1413	32	14	0	1476
17120	13	43	13	1402	0	1471
17121	1408	30	17	29	0	1484
17122	28	12	1418	40	0	1498
17123	40	1423	27	17	0	1507
17124	18	24	30	1350	0	1422
17125	6	1452	14	28	0	1500
17126	16	29	5	1389	0	1439
17127	16	1437	11	22	0	1486
17128	14	25	9	1378	0	1426
17129	1327	26	8	30	0	1391
17130	22	1284	10	23	0	1339
17131	14	23	10	1097	0	1144
17132	1060	16	5	23	0	1104
17133	13	1079	8	16	0	1116
17134	14	954	4	9	0	981
17135	4	976	3	8	0	991
17136	14	24	17	843	0	898
17137	4	8	3	836	0	851
17138	3	824	4	15	0	846
17139	3	8	3	807	0	821
17140	2	7	803	11	0	823
17141	5	805	5	11	0	826
17142	2	48	6	745	0	801
17143	1	783	3	10	0	797
17144	6	6	741	5	0	758
17145	1	750	6	5	0	762
17146	669	11	4	4	0	688
17147	2	7	1	657	0	667
17148	651	0	2	3	0	656
17149	2	3	661	2	0	668
17150	2	3	2	650	0	657
17151	1	2	669	4	0	676
17152	1	1	4	659	0	665
17153	692	0	2	5	0	699
17154	3	4	2	684	0	693
17155	690	1	2	3	0	696
17156	3	726	2	2	0	733
17157	709	4	0	2	0	715
17158	2	2	708	5	0	717
17159	2	720	4	1	0	727
17160	1	2	3	742	0	748
17161	3	3	1	737	0	744
17162	0	3	743	4	0	750
17163	0	733	3	9	0	745
17164	2	3	1	739	0	745
17165	2	748	2	3	0	755
17166	1	3	1	733	0	738
17167	2	734	2	3	0	741
17168	732	3	1	1	0	737
17169	4	3	0	733	0	740
17170	2	3	740	4	0	749
17171	2	740	2	2	0	746
17172	1	749	2	1	0	753
17173	1	5	737	2	0	745
17174	0	741	2	2	0	745
17175	0	1	0	718	0	719
17176	0	1	748	1	0	750
17177	1	0	1	739	0	741
17178	0	0	0	745	0	745
17179	0	2	750	1	0	753
17180	676	0	1	0	0	677
17181	3	0	0	757	0	760
17182	0	0	822	1	0	823
17183	0	838	2	0	0	840
17184	836	1	0	1	0	838
17185	1	835	0	1	0	837
17186	0	1	0	834	0	835
17187	818	0	1	1	0	820
17188	1	0	0	823	0	824
17189	0	1	846	1	0	848
17190	0	0	2	821	0	823
17191	0	0	826	3	0	829
17192	786	0	2	2	0	790
17193	2	1	845	0	0	848
17194	833	0	2	0	0	835
17195	842	0	1	1	0	844
17196	3	3	864	3	0	873
17197	1	3	855	1	0	860
17198	0	881	3	1	0	885
17199	910	2	1	2	0	915
17200	2	1	0	943	0	946
17201	3	0	0	941	0	944
17202	969	0	0	7	0	976
17203	990	0	0	2	0	992
17204	994	0	0	3	0	997
17205	988	0	0	0	0	988
17206	3	0	0	975	0	978
17207	989	0	0	2	0	991
17208	2	2	0	985	0	989
17209	2	0	0	986	0	988
17210	0	1	0	993	0	994
17211	0	0	977	5	0	982
17212	1	971	2	4	0	978
17213	0	978	2	0	0	980
17214	1	3	0	982	0	986
17215	975	1	0	4	0	980
17216	2	0	0	969	0	971
17217	982	0	0	2	0	984
17218	2	2	1023	1	0	1028
17219	978	0	2	0	0	980
17220	3	0	1	1078	0	1082
17221	1094	0	0	3	0	1097
17222	1062	0	0	2	0	1064
17223	1063	0	0	1	0	1064
17224	4	0	0	1066	0	1070
17225	1	3	1044	3	0	1051
17226	2	1	2	1041	0	1046
17227	1060	1	1	3	0	1065
17228	1	2	1172	1	0	1176
17229	3	0	2	1217	0	1222
17230	1250	0	3	6	0	1259
17231	4	2	1274	2	0	1282
17232	1314	0	6	7	0	1327
17233	1369	0	1	5	0	1375
17234	8	0	0	1384	0	1392
17235	2	0	0	1415	0	1417
17236	1398	0	0	11	0	1409
17237	8	0	0	1452	0	1460
17238	1438	0	0	11	0	1449
17239	7	1452	1	4	0	1464
17240	4	1463	0	3	0	1470
17241	5	12	0	1432	0	1449
17242	4	4	1466	8	0	1482
17243	0	1474	11	3	0	1488
17244	1452	8	3	2	0	1465
17245	7	1470	2	2	0	1481
17246	3	11	1470	0	0	1484
17247	1	4	8	1427	0	1440
17248	1	3	1491	7	0	1502
17249	0	1510	10	9	0	1529
17250	0	8	6	1488	0	1502
17251	0	1511	2	7	0	1520
17252	0	10	1504	4	0	1518
17253	1	3	9	1455	0	1468
17254	1	2	1502	11	0	1516
17255	0	0	8	1475	0	1483
17256	1460	0	3	9	0	1472
17257	9	1	1451	11	0	1472
17258	1324	0	9	3	0	1336
17259	10	6	1398	1	0	1415
17260	3	0	8	1373	0	1384
17261	0	2	1449	8	0	1459
17262	3	0	8	1434	0	1445
17263	2	0	3	1451	0	1456
17264	2	0	0	1452	0	1454
17265	0	0	0	1456	0	1456
17266	2	4	1514	12	0	1532
17267	1475	0	9	7	0	1491
17268	9	0	3	1613	0	1625
17269	1603	1	0	8	0	1612
17270	1637	2	0	6	0	1645
17271	1678	0	1	2	0	1681
17272	15	0	1	1689	0	1705
17273	8	2	1	1683	0	1694
17274	2	1949	1	12	0	1964
17275	2143	25	0	5	0	2173
17276	2290	9	1	0	0	2300
17277	2304	1	1	4	0	2310
17278	43	4	2291	1	0	2339
17279	14	2	29	2267	0	2312
17280	3	2	2302	30	0	2337
17281	2251	1	27	14	0	2293
17282	2275	4	17	0	0	2296
17283	42	1	2	2224	0	2269
17284	19	2	3	2112	0	2136
17285	1	2270	7	36	0	2314
17286	2274	30	2	16	0	2322
17287	2288	14	3	8	0	2313
17288	43	2265	2	14	0	2324
17289	2277	29	2	5	0	2313
17290	31	13	2	2270	0	2316
17291	16	0	2	2297	0	2315
17292	2284	2	2	39	0	2327
17293	31	7	2251	13	0	2302
17294	2230	0	26	3	0	2259
17295	2267	1	14	5	0	2287
17296	40	2235	3	5	0	2283
17297	2250	25	2	5	0	2282
17298	34	18	2214	5	0	2271
17299	32	3	27	2189	0	2251
17300	2188	1	14	28	0	2231
17301	37	2	1	2195	0	2235
17302	19	5	2151	31	0	2206
17303	6	2	28	2064	0	2100
17304	7	2224	20	34	0	2285
17305	9	29	5	2299	0	2342
17306	12	13	1	2352	0	2378
17307	8	4	2	2333	0	2347
17308	6	3	1	2342	0	2352
17309	3	7	2282	49	0	2341
17310	5	6	29	2302	0	2342
17311	2279	1	14	35	0	2329
17312	33	2265	3	23	0	2324
17313	19	30	2	2310	0	2361
17314	9	15	2334	31	0	2389
17315	8	4	31	2342	0	2385
17316	2341	2	15	35	0	2393
17317	2336	1	4	21	0	2362
17318	2300	6	8	8	0	2322
17319	56	2	2	2301	0	2361
17320	22	4	2266	32	0	2324
17321	11	2241	31	22	0	2305
17322	2239	30	19	5	0	2293
17323	38	15	5	2236	0	2294
17324	26	6	7	2242	0	2281
17325	14	6	2236	46	0	2302
17326	8	2206	40	20	0	2274
17327	9	2244	18	15	0	2286
17328	3	49	5	2094	0	2151
17329	10	25	2068	33	0	2136
17330	1902	2	29	28	0	1961
17331	33	4	2030	11	0	2078
17332	1882	5	24	23	0	1934
17333	32	2041	18	8	0	2099
17334	25	28	2009	9	0	2071
17335	1938	14	25	13	0	1990
17336	28	2010	25	4	0	2067
17337	2046	30	1	10	0	2087
17338	30	17	2021	10	0	2078
17339	21	2042	33	8	0	2104
17340	2083	23	16	9	0	2131
17341	36	19	2065	11	0	2131
17342	2043	1	32	7	0	2083
17343	32	3	18	2054	0	2107
17344	2078	7	4	30	0	2119
17345	35	3	6	2104	0	2148
17346	2078	5	10	29	0	2122
17347	32	5	2098	22	0	2157
17348	22	5	21	2094	0	2142
17349	6	8	18	2092	0	2124
17350	7	7	2077	47	0	2138
17351	11	8	28	2071	0	2118
17352	6	1885	24	28	0	1943
17353	3	21	7	2247	0	2278
17354	9	22	7	2306	0	2344
17355	16	4	4	2532	0	2556
17356	7	7	2524	58	0	2596
17357	2411	5	35	28	0	2479
17358	36	10	23	2689	0	2758
17359	35	7	2787	39	0	2868
17360	2700	8	41	32	0	2781
17361	2858	9	26	11	0	2904
17362	2947	3	11	7	0	2968
17363	73	5	12	2901	0	2991
17364	47	5	5	3323	0	3380
17365	20	5	4	3153	0	3182
17366	18	3284	11	79	0	3392
17367	3255	41	5	47	0	3348
17368	3244	38	8	20	0	3310
17369	85	6	10	3227	0	3328
17370	47	10	3178	54	0	3289
17371	24	6	3186	48	0	3264
17372	8	3086	87	17	0	3198
17373	6	3152	47	39	0	3244
17374	2825	100	13	28	0	2966
17375	31	2821	3	14	0	2869
17376	2704	23	7	6	0	2740
17377	2698	26	3	7	0	2734
17378	2719	3	2	6	0	2730
17379	54	3	2	2676	0	2735
17380	28	4	3	2794	0	2829
17381	2833	1	2	57	0	2893
17382	29	4	1	2899	0	2933
17383	31	5	2880	26	0	2942
17384	2869	0	25	36	0	2930
17385	29	4	31	2869	0	2933
17386	34	3	8	2887	0	2932
17387	9	2	4	2918	0	2933
17388	4	5	2854	66	0	2929
17389	2642	6	26	44	0	2718
17390	30	10	2878	9	0	2927
17391	47	4	27	2832	0	2910
17392	12	7	2892	29	0	2940
17393	7	1	27	2844	0	2879
17394	9	3	42	2847	0	2901
17395	11	8	2927	62	0	3008
17396	10	7	32	2650	0	2699
17397	9	2927	36	33	0	3005
17398	2906	33	5	37	0	2981
17399	2938	39	4	15	0	2996
17400	73	4	7	2928	0	3012
17401	49	2	2949	44	0	3044
17402	13	2823	39	44	0	2919
17403	6	2947	43	16	0	3012
17404	2802	66	10	18	0	2896
17405	43	43	2767	11	0	2864
17406	2765	4	32	18	0	2819
17407	40	7	45	2756	0	2848
17408	53	4	11	2796	0	2864
17409	2732	3	13	78	0	2826
17410	40	2742	10	59	0	2851
17411	44	32	2817	26	0	2919
17412	15	34	40	2789	0	2878
17413	15	12	2875	43	0	2945
17414	19	2813	40	45	0	2917
17415	13	29	47	2805	0	2894
17416	2823	41	14	48	0	2926
17417	2807	6	10	63	0	2886
17418	66	10	2816	23	0	2915
17419	45	2792	44	18	0	2899
17420	2764	41	43	18	0	2866
17421	40	2850	13	16	0	2919
17422	58	37	12	2791	0	2898
17423	2832	37	6	43	0	2918
17424	46	7	14	2862	0	2929
17425	50	9	2792	49	0	2900
17426	14	11	36	2836	0	2897
17427	15	17	2825	51	0	2908
17428	26	5	40	2805	0	2876
17429	2800	7	43	49	0	2899
17430	48	2776	24	52	0	2900
17431	2799	38	9	25	0	2871
17432	40	42	12	2755	0	2849
17433	57	13	7	2733	0	2810
17434	19	17	2652	79	0	2767
17435	14	20	2757	46	0	2837
17436	30	2756	75	19	0	2880
17437	20	40	2744	16	0	2820
17438	2521	47	46	21	0	2635
17439	42	2694	49	21	0	2806
17440	49	2722	11	25	0	2807
17441	22	2737	18	26	0	2803
17442	19	72	12	2716	0	2819
17443	15	44	2758	45	0	2862
17444	17	2759	45	50	0	2871
17445	16	40	42	2454	0	2552
17446	20	2771	16	42	0	2849
17447	2711	43	6	51	0	2811
17448	2754	40	14	18	0	2826
17449	78	10	16	2714	0	2818
17450	50	10	16	2711	0	2787
17451	2615	11	19	79	0	2724
17452	43	2591	19	57	0	2710
17453	42	2559	14	20	0	2635
17454	25	83	12	2449	0	2569
17455	12	39	2281	36	0	2368
17456	11	2257	37	46	0	2351
17457	2097	29	34	18	0	2178
17458	29	2088	20	14	0	2151
17459	27	1999	13	11	0	2050
17460	1869	47	20	11	0	1947
17461	26	1930	12	11	0	1979
17462	29	31	1872	11	0	1943
17463	19	1907	23	3	0	1952
17464	1475	24	27	5	0	1531
17465	15	1446	7	4	0	1472
17466	1411	14	4	8	0	1437
17467	22	15	4	1375	0	1416
17468	18	5	2	1406	0	1431
17469	7	8	1408	22	0	1445
17470	2	1444	12	12	0	1470
17471	4	20	11	1432	0	1467
17472	1442	12	2	14	0	1470
17473	1436	8	1	14	0	1459
17474	24	1459	3	3	0	1489
17475	12	13	3	1412	0	1440
17476	1445	12	2	18	0	1477
17477	1450	6	7	12	0	1475
17478	28	6	1411	5	0	1450
17479	10	3	1373	6	0	1392
17480	6	3	1368	2	0	1379
17481	5	1320	20	1	0	1346
17482	1252	18	17	3	0	1290
17483	16	1254	2	5	0	1277
17484	1233	14	0	3	0	1250
17485	17	1316	4	2	0	1339
17486	6	19	2	1349	0	1376
17487	1350	5	4	16	0	1375
17488	17	0	1392	7	0	1416
17489	1350	3	15	0	0	1368
17490	1401	1	6	2	0	1410
17491	19	1387	3	7	0	1416
17492	4	1413	2	2	0	1421
17493	1445	17	0	2	0	1464
17494	17	7	1484	3	0	1511
17495	1417	2	13	3	0	1435
17496	1459	2	12	2	0	1475
17497	16	1	0	1438	0	1455
17498	1475	1	0	15	0	1491
17499	14	2	0	1506	0	1522
17500	5	2	2	1559	0	1568
17501	3	0	0	1529	0	1532
17502	2	1523	4	15	0	1544
17503	1530	14	0	3	0	1547
17504	1542	6	0	4	0	1552
17505	15	0	0	1535	0	1550
17506	8	0	2	1500	0	1510
17507	1	1519	2	15	0	1537
17508	1500	11	0	6	0	1517
17509	12	4	1497	3	0	1516
17510	5	2	10	1503	0	1520
17511	3	2	1451	11	0	1467
17512	3	2	12	1448	0	1465
17513	1	3	1437	14	0	1455
17514	3	3	10	1379	0	1395
17515	1401	1	4	12	0	1418
17516	14	2	1425	6	0	1447
17517	1361	0	13	4	0	1378
17518	10	1510	3	4	0	1527
17519	4	11	3	1518	0	1536
17520	3	3	1	1538	0	1545
17521	1576	1	4	17	0	1598
17522	13	0	0	1621	0	1634
17523	7	1	1662	11	0	1681
17524	1527	2	10	5	0	1544
17525	1644	1	4	1	0	1650
17526	1654	2	0	3	0	1659
17527	1660	1	1	2	0	1664
17528	15	1633	4	1	0	1653
17529	6	9	1	1628	0	1644
17530	1630	3	1	11	0	1645
17531	10	0	2	1621	0	1633
17532	1583	1	1	13	0	1598
17533	12	1	1575	4	0	1592
17534	4	3	1533	1	0	1541
17535	3	9	11	1462	0	1485
17536	1	1501	6	6	0	1514
17537	2	1557	1	6	0	1566
17538	1531	10	1	1	0	1543
17539	9	2	1555	2	0	1568
17540	1389	1	8	2	0	1400
17541	11	1538	5	3	0	1557
17542	1523	7	1	1	0	1532
17543	9	2	2	1493	0	1506
17544	3	7	1524	11	0	1545
17545	4	2	9	1513	0	1528
17546	2	3	2	1520	0	1527
17547	5	1528	2	11	0	1546
17548	2	1571	1	3	0	1577
17549	3	11	0	1536	0	1550
17550	9	1580	1	6	0	1596
17551	2	13	1559	6	0	1580
17552	3	3	1509	1	0	1516
17553	1393	5	10	3	0	1411
17554	1546	1	3	6	0	1556
17555	11	1530	5	3	0	1549
17556	2	8	1	1524	0	1535
17557	2	4	1	1541	0	1548
17558	3	2	1549	8	0	1562
17559	2	0	7	1457	0	1466
17560	1	1511	4	8	0	1524
17561	3	7	1453	3	0	1466
17562	2	5	1443	1	0	1451
17563	2	1386	13	2	0	1403
17564	4	7	1433	4	0	1448
17565	1	4	7	1418	0	1430
17566	2	1	4	1361	0	1368
17567	0	3	1461	10	0	1474
17568	4	0	9	1412	0	1425
17569	4	1413	3	9	0	1429
17570	2	1441	3	5	0	1451
17571	3	10	0	1417	0	1430
17572	1	7	1438	13	0	1459
17573	2	1471	9	6	0	1488
17574	5	8	5	1475	0	1493
17575	0	4	1459	7	0	1470
17576	1248	1	5	6	0	1260
17577	1423	0	5	1	0	1429
17578	1429	0	3	2	0	1434
17579	9	1	0	1381	0	1391
17580	3	1	2	1396	0	1402
17581	2	3	1477	7	0	1489
17582	3	3	4	1435	0	1445
17583	1	1	4	1493	0	1499
17584	2	3	1465	7	0	1477
17585	1140	1	3	9	0	1153
17586	6	1361	4	2	0	1373
17587	1354	4	2	6	0	1366
17588	4	1345	4	4	0	1357
17589	6	7	0	1345	0	1358
17590	1	4	1355	7	0	1367
17591	2	2	7	1304	0	1315
17592	2	4	1328	7	0	1341
17593	1008	0	6	3	0	1017
17594	4	0	1245	2	0	1251
17595	1	0	5	1183	0	1189
17596	2	5	1232	4	0	1243
17597	2	1261	5	2	0	1270
17598	0	7	1	1296	0	1304
17599	3	1	1	1280	0	1285
17600	0	3	1	1285	0	1289
17601	0	0	1291	12	0	1303
17602	1	3	1333	4	0	1341
17603	1	0	10	1344	0	1355
17604	4	1	5	1622	0	1632
17605	1	2	14	1727	0	1744
17606	1815	0	1	21	0	1837
17607	19	1	1	1948	0	1969
17608	12	3	2138	21	0	2174
17609	2378	4	24	14	0	2420
17610	25	0	15	2506	0	2546
17611	2675	0	5	27	0	2707
17612	2722	1	2	24	0	2749
17613	43	0	2	2743	0	2788
17614	2746	0	2	29	0	2777
17615	2766	1	1	23	0	2791
17616	47	6	2703	5	0	2761
17617	27	2735	28	4	0	2794
17618	9	26	21	2592	0	2648
17619	2	22	4	2704	0	2732
17620	2688	3	4	45	0	2740
17621	2632	1	2	30	0	2665
17622	2638	0	3	10	0	2651
17623	52	1	2536	5	0	2594
17624	30	2552	30	7	0	2619
17625	2542	23	23	7	0	2595
17626	29	2580	9	6	0	2624
17627	2583	28	8	4	0	2623
17628	33	24	1	2558	0	2616
17629	2589	4	2	33	0	2628
17630	2575	1	2	33	0	2611
17631	2618	0	4	11	0	2633
17632	56	4	2610	6	0	2676
17633	2594	2	29	7	0	2632
17634	35	2589	24	8	0	2656
17635	2636	26	6	11	0	2679
17636	2654	27	1	9	0	2691
17637	2728	6	1	10	0	2745
17638	59	3	4	2564	0	2630
17639	42	2663	9	25	0	2739
17640	2668	25	5	28	0	2726
17641	34	28	2668	14	0	2744
17642	42	2667	28	5	0	2742
17643	26	28	24	2334	0	2412
17644	20	2648	9	26	0	2703
17645	2633	31	5	22	0	2691
17646	2673	26	5	9	0	2713
17647	60	8	3	2660	0	2731
17648	50	8	2609	35	0	2702
17649	17	2626	37	35	0	2715
17650	39	32	32	2018	0	2121
17651	20	29	10	2572	0	2631
17652	25	7	7	2690	0	2729
17653	2698	6	8	64	0	2776
17654	2724	9	7	35	0	2775
17655	2738	9	9	19	0	2775
17656	2772	12	10	18	0	2812
17657	79	11	8	2723	0	2821
17658	52	9	2774	45	0	2880
17659	33	8	33	2799	0	2873
17660	31	7	34	2768	0	2840
17661	27	10	10	2839	0	2886
17662	34	4	11	2845	0	2894
17663	2830	9	7	69	0	2915
17664	61	5	11	2829	0	2906
17665	2830	11	16	43	0	2900
17666	2849	10	8	44	0	2911
17667	84	9	2797	23	0	2913
17668	69	10	2798	22	0	2899
17669	36	10	2887	24	0	2957
17670	46	6	57	2800	0	2909
17671	40	11	2887	46	0	2984
17672	37	13	35	2829	0	2914
17673	38	16	38	2811	0	2903
17674	2823	15	8	72	0	2918
17675	63	10	15	2755	0	2843
17676	68	2856	10	53	0	2987
17677	2903	37	13	48	0	3001
17678	60	2927	18	29	0	3034
17679	65	39	2955	29	0	3088
17680	42	2979	38	23	0	3082
17681	2888	37	37	32	0	2994
17682	66	47	16	2879	0	3008
17683	72	23	2844	45	0	2984
17684	2844	8	38	54	0	2944
17685	69	12	41	2877	0	2999
17686	77	17	2905	38	0	3037
17687	43	18	35	2916	0	3012
17688	45	13	43	2911	0	3012
17689	40	14	20	2878	0	2952
17690	42	2910	16	69	0	3037
17691	2945	39	13	47	0	3044
17692	73	39	11	2860	0	2983
17693	64	2950	11	49	0	3074
17694	42	38	13	2959	0	3052
17695	33	49	2938	50	0	3070
17696	43	2943	41	45	0	3072
17697	2917	39	45	20	0	3021
17698	2867	46	15	18	0	2946
17699	77	21	7	2820	0	2925
17700	53	16	10	2857	0	2936
17701	2841	14	15	60	0	2930
17702	2739	8	14	46	0	2807
17703	70	2780	22	25	0	2897
17704	2500	31	9	17	0	2557
17705	35	28	2383	17	0	2463
17706	64	11	2315	12	0	2402
17707	14	2205	45	17	0	2281
17708	10	2062	36	14	0	2122
17709	1715	28	39	8	0	1790
17710	13	1725	2	4	0	1744
17711	1577	10	6	7	0	1600
17712	1538	13	1	5	0	1557
17713	1539	3	2	3	0	1547
17714	20	3	2	1525	0	1550
17715	1545	2	4	10	0	1561
17716	12	4	1521	11	0	1548
17717	15	3	1540	4	0	1562
17718	5	1550	18	2	0	1575
17719	2	9	1576	4	0	1591
17720	6	10	10	1507	0	1533
17721	7	2	1578	14	0	1601
17722	4	7	1559	12	0	1582
17723	8	2	17	1555	0	1582
17724	1583	4	11	10	0	1608
17725	1586	2	4	13	0	1605
17726	22	7	1630	1	0	1660
17727	1573	2	13	3	0	1591
17728	10	4	1657	5	0	1676
17729	1610	5	11	3	0	1629
17730	1699	2	13	5	0	1719
17731	18	1	4	1679	0	1702
17732	15	7	2	1609	0	1633
17733	6	1617	5	26	0	1654
17734	6	1653	4	13	0	1676
17735	10	16	1	1626	0	1653
17736	4	16	5	1624	0	1649
17737	1519	1	4	18	0	1542
17738	11	1518	8	10	0	1547
17739	1493	13	1	2	0	1509
17740	10	1522	5	4	0	1541
17741	12	12	1500	3	0	1527
17742	8	12	12	1497	0	1529
17743	1494	2	11	14	0	1521
17744	1562	2	2	11	0	1577
17745	20	1597	2	3	0	1622
17746	12	1686	2	10	0	1710
17747	6	1721	2	2	0	1731
17748	4	28	3	1889	0	1924
17749	5	15	1937	15	0	1972
17750	5	1948	17	19	0	1989
17751	5	23	13	1949	0	1990
17752	8	17	2	1978	0	2005
17753	3	8	1973	29	0	2013
17754	2	6	1972	12	0	1992
17755	1873	2	31	7	0	1913
17756	21	4	2020	3	0	2048
17757	1968	2	19	7	0	1996
17758	1951	1	15	5	0	1972
17759	1955	4	5	1	0	1965
17760	1948	2	4	4	0	1958
17761	31	8	1913	4	0	1956
17762	18	1927	19	8	0	1972
17763	6	17	15	1914	0	1952
17764	7	21	1934	16	0	1978
17765	5	3	18	1878	0	1904
17766	1	1790	19	21	0	1831
17767	6	19	5	1931	0	1961
17768	5	18	5	1915	0	1943
17769	6	3	3	1888	0	1900
17770	1881	3	3	33	0	1920
17771	22	4	4	1886	0	1916
17772	19	5	4	1878	0	1906
17773	9	0	4	1868	0	1881
17774	2	1818	6	37	0	1863
17775	1800	17	14	16	0	1847
17776	22	1749	2	4	0	1777
17777	17	1728	4	8	0	1757
17778	7	29	4	1718	0	1758
17779	6	15	14	1703	0	1738
17780	1693	3	3	35	0	1734
17781	21	4	5	1733	0	1763
17782	1733	2	8	21	0	1764
17783	2256	4	5	21	0	2286
17784	56	5	4	2271	0	2336
17785	44	6	1	2184	0	2235
17786	7	2291	10	68	0	2376
17787	2328	36	6	41	0	2411
17788	42	2439	4	10	0	2495
17789	2437	43	2	9	0	2491
17790	41	48	2373	11	0	2473
17791	2387	9	41	13	0	2450
17792	2458	8	45	5	0	2516
17793	82	8	4	2392	0	2486
17794	49	7	2402	48	0	2506
17795	9	2461	45	47	0	2562
17796	6	50	43	2485	0	2584
17797	12	42	2498	55	0	2607
17798	13	8	42	2521	0	2584
17799	2442	2	48	55	0	2547
17800	47	10	2471	49	0	2577
17801	53	2430	45	21	0	2549
17802	12	2520	51	9	0	2592
17803	17	99	7	2052	0	2175
17804	5	2510	5	35	0	2555
17805	2470	49	6	31	0	2556
17806	2481	46	4	12	0	2543
17807	2524	9	6	10	0	2549
17808	89	5	2418	5	0	2517
17809	2461	3	45	11	0	2520
17810	54	6	44	2414	0	2518
17811	53	2	4	2456	0	2515
17812	12	5	7	2477	0	2501
17813	9	5	15	2467	0	2496
17814	5	10	2383	91	0	2489
17815	6	8	2386	56	0	2456
17816	7	8	2401	18	0	2434
17817	2200	7	84	14	0	2305
17818	51	2303	51	16	0	2421
17819	45	45	14	2282	0	2386
17820	2276	49	7	51	0	2383
17821	48	2313	7	52	0	2420
17822	47	2365	10	17	0	2439
17823	2319	87	3	13	0	2422
17824	2330	56	4	11	0	2401
17825	97	2332	5	11	0	2445
17826	53	51	9	2122	0	2235
17827	19	2298	7	47	0	2371
17828	2261	46	5	44	0	2356
17829	2265	45	5	20	0	2335
17830	2274	12	8	11	0	2305
17831	92	2203	3	19	0	2317
17832	53	48	9	2229	0	2339
17833	19	47	2218	50	0	2334
17834	17	12	48	2243	0	2320
17835	19	2	50	2265	0	2336
17836	12	10	2217	88	0	2327
17837	2163	10	41	58	0	2272
17838	51	9	54	2205	0	2319
17839	51	9	11	2188	0	2259
17840	12	2198	12	91	0	2313
17841	2173	47	7	52	0	2279
17842	55	51	10	2113	0	2229
17843	57	2154	7	54	0	2272
17844	2072	43	7	51	0	2173
17845	50	2117	11	8	0	2186
17846	1963	48	7	18	0	2036
17847	56	47	1925	12	0	2040
17848	41	11	1733	14	0	1799
17849	14	10	1724	9	0	1757
17850	14	1692	69	9	0	1784
17851	24	37	44	1464	0	1569
17852	7	1649	12	36	0	1704
17853	1610	41	8	35	0	1694
17854	43	42	1627	10	0	1722
17855	1600	9	36	15	0	1660
17856	1622	8	40	9	0	1679
17857	78	8	8	1582	0	1676
17858	1617	8	6	46	0	1677
17859	48	7	9	1632	0	1696
17860	43	6	1592	47	0	1688
17861	1535	9	39	41	0	1624
17862	39	1563	45	14	0	1661
17863	37	45	9	1579	0	1670
17864	1591	41	4	41	0	1677
17865	44	9	10	1610	0	1673
17866	49	15	1559	40	0	1663
17867	14	10	38	1555	0	1617
17868	11	1575	40	41	0	1667
17869	1594	38	8	39	0	1679
17870	38	44	4	1567	0	1653
17871	1624	7	4	40	0	1675
17872	40	7	9	1618	0	1674
17873	46	4	6	1536	0	1592
17874	17	1568	9	71	0	1665
17875	1574	40	4	43	0	1661
17876	40	1645	10	14	0	1709
17877	45	38	11	1458	0	1552
17878	11	1579	15	35	0	1640
17879	1563	40	4	40	0	1647
17880	1560	39	6	14	0	1619
17881	1553	11	5	12	0	1581
17882	80	1470	9	12	0	1571
17883	14	988	4	5	0	1011
17884	959	26	3	6	0	994
17885	21	981	1	3	0	1006
17886	15	20	11	876	0	922
17887	4	9	860	16	0	889
17888	772	5	11	6	0	794
17889	806	1	4	2	0	813
17890	777	3	0	4	0	784
17891	19	779	1	2	0	801
17892	748	13	2	4	0	767
17893	12	7	783	4	0	806
17894	7	758	13	1	0	779
17895	1	17	10	673	0	701
17896	0	699	0	4	0	703
17897	667	4	2	4	0	677
17898	4	674	0	1	0	679
17899	4	4	0	664	0	672
17900	0	677	1	4	0	682
17901	0	5	0	682	0	687
17902	0	3	0	657	0	660
17903	1	3	650	7	0	661
17904	0	0	4	627	0	631
17905	627	1	3	4	0	635
17906	615	0	0	4	0	619
17907	7	1	0	614	0	622
17908	5	1	607	5	0	618
17909	3	0	5	600	0	608
17910	599	0	4	5	0	608
17911	643	1	2	3	0	649
17912	638	1	1	1	0	641
17913	9	673	2	1	0	685
17914	679	5	0	2	0	686
17915	6	4	667	1	0	678
17916	694	0	5	1	0	700
17917	6	1	6	704	0	717
17918	8	0	0	715	0	723
17919	3	0	1	729	0	733
17920	707	3	0	12	0	722
17921	699	0	1	5	0	705
17922	8	1	1	700	0	710
17923	5	4	723	4	0	736
17924	4	0	5	714	0	723
17925	2	2	4	693	0	701
17926	4	0	728	9	0	741
17927	1	736	4	8	0	749
17928	5	4	4	742	0	755
17929	746	6	1	8	0	761
17930	5	0	1	759	0	765
17931	6	3	1	760	0	770
17932	763	1	1	10	0	775
17933	7	768	1	6	0	782
17934	9	780	1	0	0	790
17935	762	9	0	2	0	773
17936	7	5	766	2	0	780
17937	708	2	5	4	0	719
17938	8	2	827	2	0	839
17939	8	824	7	1	0	840
17940	839	6	3	3	0	851
17941	864	3	1	3	0	871
17942	865	2	1	4	0	872
17943	880	0	0	2	0	882
17944	11	1	881	0	0	893
17945	8	0	5	852	0	865
17946	875	2	3	9	0	889
17947	9	2	933	6	0	950
17948	3	2	908	3	0	916
17949	3	915	12	3	0	933
17950	919	5	5	2	0	931
17951	4	2	0	900	0	906
17952	903	0	1	7	0	911
17953	4	921	0	2	0	927
17954	2	4	0	997	0	1003
17955	1	1	2	997	0	1001
17956	1	1	0	1022	0	1024
17957	1	2	1034	8	0	1045
17958	2	1047	7	2	0	1058
17959	1117	7	4	2	0	1130
17960	9	2	1	1125	0	1137
17961	1117	0	1	13	0	1131
17962	1112	3	0	5	0	1120
17963	13	2	0	1131	0	1146
17964	7	1	1144	10	0	1162
17965	5	0	9	1129	0	1143
17966	4	1161	3	9	0	1177
17967	2	9	1	1167	0	1179
17968	0	4	1156	11	0	1171
17969	1132	0	9	5	0	1146
17970	13	0	4	1166	0	1183
17971	1138	0	2	10	0	1150
17972	11	2	1133	3	0	1149
17973	1053	3	9	4	0	1069
17974	12	0	1145	1	0	1158
17975	1059	0	9	4	0	1072
17976	10	1114	4	0	0	1128
17977	3	1135	1	1	0	1140
17978	2	11	1	1133	0	1147
17979	2	5	0	1089	0	1096
17980	0	1	1	1139	0	1141
17981	1155	2	1	13	0	1171
17982	10	2	0	1158	0	1170
17983	5	1	1183	11	0	1200
17984	1119	0	9	11	0	1139
17985	9	1209	4	2	0	1224
17986	1226	9	1	3	0	1239
17987	1189	3	1	3	0	1196
17988	12	4	1206	1	0	1223
17989	6	1	9	1214	0	1230
17990	2	1	4	1269	0	1276
17991	2	2	1286	14	0	1304
17992	1	1277	11	5	0	1294
17993	1253	8	5	2	0	1268
17994	1271	4	1	2	0	1278
17995	14	1	1	1289	0	1305
17996	6	0	2	1294	0	1302
17997	3	0	1	1316	0	1320
17998	1293	1	1	15	0	1310
17999	11	1323	0	6	0	1340
18000	1312	10	5	3	0	1330
18001	1298	4	0	2	0	1304
18002	15	2	1390	2	0	1409
18003	6	0	12	1358	0	1376
18004	1	1435	11	17	0	1464
18005	3	13	1	1468	0	1485
18006	2	7	0	1542	0	1551
18007	2	5	1600	24	0	1631
18008	1658	2	16	13	0	1689
18009	1864	1	12	2	0	1879
18010	1955	1	3	4	0	1963
18011	45	1	0	1917	0	1963
18012	18	0	0	1841	0	1859
18013	12	1901	2	38	0	1953
18014	7	1975	2	17	0	2001
18015	1935	46	1	4	0	1986
18016	34	1928	3	8	0	1973
18017	13	39	1940	5	0	1997
18018	5	21	34	1935	0	1995
18019	1976	9	22	37	0	2044
18020	41	2	1994	14	0	2051
18021	18	11	1994	15	0	2038
18022	1998	0	55	4	0	2057
18023	2032	0	20	6	0	2058
18024	58	0	7	1998	0	2063
18025	21	4	2003	39	0	2067
18026	5	2	42	2001	0	2050
18027	12	5	1953	41	0	2011
18028	11	7	2010	19	0	2047
18029	5	2018	52	11	0	2086
18030	2006	37	28	7	0	2078
18031	2029	18	6	11	0	2064
18032	58	2005	10	5	0	2078
18033	27	38	8	1983	0	2056
18034	10	22	7	2011	0	2050
18035	10	8	2	2033	0	2053
18036	1977	3	3	55	0	2038
18037	37	1980	5	26	0	2048
18038	1938	37	5	15	0	1995
18039	1949	17	5	17	0	1988
18040	55	8	1899	9	0	1971
18041	29	1872	40	5	0	1946
18042	9	43	23	1868	0	1943
18043	13	20	1879	37	0	1949
18044	1818	6	39	17	0	1880
18045	1894	6	26	9	0	1935
18046	1901	11	11	8	0	1931
18047	1873	2	6	16	0	1897
18048	62	3	7	1826	0	1898
18049	32	4	1827	38	0	1901
18050	16	7	40	1814	0	1877
18051	1811	6	18	45	0	1880
18052	1825	2	10	21	0	1858
18053	57	1788	8	15	0	1868
18054	1739	39	11	9	0	1798
18055	44	20	1740	14	0	1818
18056	31	8	1742	7	0	1788
18057	1692	9	49	10	0	1760
18058	41	1709	26	9	0	1785
18059	32	30	9	1556	0	1627
18060	15	1659	10	31	0	1715
18061	10	37	11	1660	0	1718
18062	13	24	7	1680	0	1724
18063	12	14	5	1729	0	1760
18064	1647	7	10	53	0	1717
18065	1681	9	9	25	0	1724
18066	1675	4	1	15	0	1695
18067	58	8	1639	16	0	1721
18068	1601	2	44	16	0	1663
18069	54	2	23	1652	0	1731
18070	36	5	12	1731	0	1784
18071	22	5	1712	57	0	1796
18072	10	8	46	1951	0	2015
18073	2010	4	24	47	0	2085
18074	54	7	2022	35	0	2118
18075	28	6	46	2017	0	2097
18076	2028	5	35	49	0	2117
18077	2040	4	9	32	0	2085
18078	77	4	2059	9	0	2149
18079	37	10	2111	6	0	2164
18080	12	9	67	2101	0	2189
18081	2126	3	29	49	0	2207
18082	2157	6	8	31	0	2202
18083	67	8	13	1974	0	2062
18084	33	2096	14	47	0	2190
18085	2065	47	4	36	0	2152
18086	62	2110	11	16	0	2199
18087	41	49	8	2091	0	2189
18088	13	30	2085	53	0	2181
18089	16	11	2054	30	0	2111
18090	22	3	2102	8	0	2135
18091	12	9	73	1987	0	2081
18092	13	2	35	2050	0	2100
18093	2026	2	18	73	0	2119
18094	58	2009	13	34	0	2114
18095	2035	41	11	12	0	2099
18096	50	23	8	1880	0	1961
18097	32	2008	10	51	0	2101
18098	26	2046	12	23	0	2107
18099	14	69	9	1981	0	2073
18100	1978	26	6	48	0	2058
18101	53	2006	9	40	0	2108
18102	1911	40	13	10	0	1974
18103	43	1949	17	5	0	2014
18104	1902	41	9	15	0	1967
18105	54	22	1867	12	0	1955
18106	30	9	1805	7	0	1851
18107	18	1738	53	6	0	1815
18108	1523	64	43	5	0	1635
18109	28	1461	6	5	0	1500
18110	15	1378	2	5	0	1400
18111	8	32	10	1345	0	1395
18112	1338	13	3	26	0	1380
18113	23	1354	3	16	0	1396
18114	1328	19	3	5	0	1355
18115	21	1330	3	3	0	1357
18116	1294	18	3	1	0	1316
18117	21	1298	6	2	0	1327
18118	13	1293	3	4	0	1313
18119	4	23	2	1190	0	1219
18120	3	1254	3	21	0	1281
18121	1217	19	2	10	0	1248
18122	18	13	1234	4	0	1269
18123	15	3	16	1226	0	1260
18124	2	2	1259	19	0	1282
18125	4	3	18	1234	0	1259
18126	5	3	11	1215	0	1234
18127	2	3	1166	27	0	1198
18128	1045	0	18	17	0	1080
18129	26	1148	15	3	0	1192
18130	1162	17	7	6	0	1192
18131	20	1192	5	8	0	1225
18132	22	19	0	1177	0	1218
18133	1174	10	6	19	0	1209
18134	1189	4	9	12	0	1214
18135	1198	3	9	3	0	1213
18136	30	4	2	1175	0	1211
18137	24	3	2	1135	0	1164
18138	8	1220	3	24	0	1255
18139	1229	18	2	15	0	1264
18140	1252	15	4	2	0	1273
18141	1260	4	3	5	0	1272
18142	1246	9	1	2	0	1258
18143	28	1217	4	8	0	1257
18144	12	20	9	1214	0	1255
18145	4	14	1203	15	0	1236
18146	1172	3	24	13	0	1212
18147	1233	5	8	10	0	1256
18148	29	5	1197	7	0	1238
18149	19	3	1208	4	0	1234
18150	8	9	29	1175	0	1221
18151	10	4	11	1218	0	1243
18152	6	5	2	1245	0	1258
18153	1207	11	3	28	0	1249
18154	24	7	4	1211	0	1246
18155	10	6	1179	22	0	1217
18156	10	2	22	1184	0	1218
18157	3	10	1208	19	0	1240
18158	10	4	17	1174	0	1205
18159	6	11	10	1236	0	1263
18160	8	4	1224	30	0	1266
18161	1117	1	28	15	0	1161
18162	23	1222	21	4	0	1270
18163	1235	28	3	3	0	1269
18164	30	16	1	1259	0	1306
18165	1263	10	4	27	0	1304
18166	28	1358	3	15	0	1404
18167	11	1430	2	9	0	1452
18168	24	62	0	1514	0	1600
18169	9	24	1611	24	0	1668
18170	9	9	1548	15	0	1581
18171	8	1558	47	7	0	1620
18172	1255	21	18	19	0	1313
18173	17	18	6	1250	0	1291
18174	1228	8	2	21	0	1259
18175	22	1231	4	10	0	1267
18176	13	1263	2	6	0	1284
18177	8	34	1	1211	0	1254
18178	1199	19	3	19	0	1240
18179	1186	10	1	12	0	1209
18180	28	5	1163	8	0	1204
18181	17	3	1125	5	0	1150
18182	1088	1	27	0	0	1116
18183	13	1125	21	4	0	1163
18184	1095	17	7	1	0	1120
18185	25	10	1	1078	0	1114
18186	12	12	1077	15	0	1116
18187	1022	4	14	12	0	1052
18188	17	1070	10	7	0	1104
18189	10	1085	8	2	0	1105
18190	11	20	4	1052	0	1087
18191	1079	14	2	16	0	1111
18192	19	8	3	1086	0	1116
18193	1121	2	5	22	0	1150
18194	20	5	1104	11	0	1140
18195	1091	3	13	7	0	1114
18196	1116	7	10	7	0	1140
18197	28	3	1077	5	0	1113
18198	1027	2	15	8	0	1052
18199	25	1089	14	1	0	1129
18200	17	15	9	1044	0	1085
18201	9	1098	5	15	0	1127
18202	1102	21	2	12	0	1137
18203	19	11	4	1076	0	1110
18204	17	1100	5	13	0	1135
18205	9	17	2	1089	0	1117
18206	8	1098	3	22	0	1131
18207	5	21	6	1114	0	1146
18208	1107	14	3	22	0	1146
18209	17	12	4	1108	0	1141
18210	13	6	1088	24	0	1131
18211	1072	4	15	16	0	1107
18212	21	9	10	1100	0	1140
18213	14	5	1088	24	0	1131
18214	11	10	1045	13	0	1079
18215	9	4	1115	14	0	1142
18216	10	6	29	1087	0	1132
18217	5	5	19	1131	0	1160
18218	6	1	12	1130	0	1149
18219	7	6	6	1152	0	1171
18220	1120	3	6	38	0	1167
18221	1143	2	7	18	0	1170
18222	1151	4	5	11	0	1171
18223	1158	2	8	7	0	1175
18224	37	7	1	1141	0	1186
18225	21	8	1181	25	0	1235
18226	1165	4	19	20	0	1208
18227	1220	7	11	12	0	1250
18228	34	4	11	1203	0	1252
18229	23	5	4	1239	0	1271
18230	1230	3	4	35	0	1272
18231	23	5	5	1180	0	1213
18232	20	1191	2	29	0	1242
18233	1221	15	5	19	0	1260
18234	1207	10	4	12	0	1233
18235	29	13	1276	6	0	1324
18236	28	6	17	1266	0	1317
18237	12	4	15	1310	0	1341
18238	1264	4	16	27	0	1311
18239	1268	2	9	26	0	1305
18240	40	6	2	1279	0	1327
18241	25	5	1262	27	0	1319
18242	14	6	1253	26	0	1299
18243	12	3	29	1278	0	1322
18244	12	6	19	1288	0	1325
18245	1270	9	8	32	0	1319
18246	25	1282	2	25	0	1334
18247	25	1273	4	12	0	1314
18248	16	1339	9	5	0	1369
18249	8	28	7	1316	0	1359
18250	1311	18	10	18	0	1357
18251	1302	9	2	18	0	1331
18252	30	1318	7	14	0	1369
18253	1337	11	4	10	0	1362
18254	24	14	5	1329	0	1372
18255	20	9	1342	15	0	1386
18256	13	4	14	1345	0	1376
18257	8	6	13	1340	0	1367
18258	7	3	8	1353	0	1371
18259	1304	3	4	32	0	1343
18260	14	4	1	1273	0	1292
18261	19	1268	5	20	0	1312
18262	1258	8	3	21	0	1290
18263	18	1261	6	9	0	1294
18264	21	1205	4	9	0	1239
18265	11	1221	10	7	0	1249
18266	6	18	1103	3	0	1130
18267	3	1080	8	3	0	1094
18268	6	2	927	4	0	939
18269	823	4	5	2	0	834
18270	884	4	3	2	0	893
18271	6	4	932	0	0	942
18272	903	4	3	6	0	916
18273	974	2	2	2	0	980
18274	6	2	986	0	0	994
18275	5	1007	1	2	0	1015
18276	1	2	5	1018	0	1026
18277	1043	3	1	5	0	1052
18278	3	0	0	1037	0	1040
18279	1065	0	2	4	0	1071
18280	1050	0	1	5	0	1056
18281	4	4	1077	1	0	1086
18282	1046	0	2	3	0	1051
18283	3	1096	4	2	0	1105
18284	1104	1	0	3	0	1108
18285	3	4	0	1101	0	1108
18286	7	1	1086	1	0	1095
18287	1	1	2	1074	0	1078
18288	1072	1	4	2	0	1079
18289	1	1070	3	3	0	1077
18290	6	4	1058	4	0	1072
18291	1	4	1	1040	0	1046
18292	1	1	1079	1	0	1082
18293	2	1060	2	4	0	1068
18294	1031	2	3	1	0	1037
18295	2	5	1	1047	0	1055
18296	5	3	1052	4	0	1064
18297	2	0	1026	5	0	1033
18298	1069	0	6	3	0	1078
18299	1	3	3	1080	0	1087
18300	8	0	0	1082	0	1090
18301	1	0	1089	7	0	1097
18302	0	2	1090	4	0	1096
18303	1	1132	6	1	0	1140
18304	2	1	4	1118	0	1125
18305	1	7	1	1085	0	1094
18306	1	1110	2	10	0	1123
18307	1	4	1093	5	0	1103
18308	1033	6	2	2	0	1043
18309	2	1	5	1121	0	1129
18310	6	2	1127	4	0	1139
18311	1	0	1	1078	0	1080
18312	1	1106	7	1	0	1115
18313	3	6	1099	5	0	1113
18314	1017	6	2	1	0	1026
18315	2	2	1123	4	0	1131
18316	7	1	1100	0	0	1108
18317	1	1	1095	2	0	1099
18318	1	2	1176	0	0	1179
18319	2	0	7	1164	0	1173
18320	1	1	1251	0	0	1253
18321	1	0	3	1193	0	1197
18322	1	1261	8	1	0	1271
18323	1398	3	1	9	0	1411
18324	7	7	1	1421	0	1436
18325	9	1	1400	5	0	1415
18326	1	1414	6	10	0	1431
18327	5	4	9	1405	0	1423
18328	1406	11	1	5	0	1423
18329	5	1414	4	10	0	1433
18330	11	7	2	1411	0	1431
18331	1428	10	2	9	0	1449
18332	5	4	1431	12	0	1452
18333	1394	3	6	4	0	1407
18334	5	0	1436	6	0	1447
18335	1317	1	6	4	0	1328
18336	1315	2	8	0	0	1325
18337	11	1	1316	2	0	1330
18338	9	1316	4	0	0	1329
18339	2	10	6	1288	0	1306
18340	2	8	1337	6	0	1353
18341	3	0	8	1283	0	1294
18342	1	1	8	1328	0	1338
18343	2	1	1330	14	0	1347
18344	2	0	1328	7	0	1337
18345	3	0	12	1325	0	1340
18346	1338	1	8	6	0	1353
18347	6	1314	6	11	0	1337
18348	10	1303	4	3	0	1320
18349	1316	12	3	4	0	1335
18350	1319	11	2	3	0	1335
18351	14	3	0	1343	0	1360
18352	12	1	1	1350	0	1364
18353	4	1	1	1358	0	1364
18354	1315	1	3	19	0	1338
18355	7	1284	2	20	0	1313
18356	12	1301	4	7	0	1324
18357	1	16	2	1296	0	1315
18358	1	11	1	1314	0	1327
18359	6	2	1	1334	0	1343
18360	1315	2	1	16	0	1334
18361	6	1318	3	17	0	1344
18362	1352	5	0	5	0	1362
18363	7	17	1368	6	0	1398
18364	14	1384	10	5	0	1413
18365	2	11	11	1380	0	1404
18366	1380	16	0	10	0	1406
18367	9	4	1393	18	0	1424
18368	15	5	1391	3	0	1414
18369	3	2	24	1384	0	1413
18370	9	2	14	1392	0	1417
18371	2	4	6	1385	0	1397
18372	8	2	3	1321	0	1334
18373	6	2	6	1308	0	1322
18374	6	1292	5	23	0	1326
18375	3	10	1	1304	0	1318
18376	1260	15	5	12	0	1292
18377	8	1272	5	19	0	1304
18378	1271	10	3	8	0	1292
18379	12	15	1221	8	0	1256
18380	18	6	1235	4	0	1263
18381	3	3	27	1234	0	1267
18382	7	0	1539	17	0	1563
18383	6	1	23	1540	0	1570
18384	7	7	26	1546	0	1586
18385	1611	3	10	44	0	1668
18386	1599	5	4	26	0	1634
18387	44	1717	5	7	0	1773
18388	33	1775	5	11	0	1824
18389	10	47	4	1756	0	1817
18390	1758	31	5	29	0	1823
18391	26	6	1786	32	0	1850
18392	28	6	27	1779	0	1840
18393	8	6	28	1787	0	1829
18394	4	10	1774	55	0	1843
18395	6	1772	29	38	0	1845
18396	7	22	29	1782	0	1840
18397	8	32	1781	30	0	1851
18398	8	9	25	1764	0	1806
18399	1689	4	29	34	0	1756
18400	29	1722	10	32	0	1793
18401	30	1750	10	10	0	1800
18402	8	50	6	1719	0	1783
18403	1663	32	7	28	0	1730
18404	24	1707	10	31	0	1772
18405	1719	27	7	15	0	1768
18406	29	28	1723	17	0	1797
18407	28	10	1766	11	0	1815
18408	9	6	53	1690	0	1758
18409	13	4	31	1794	0	1842
18410	1766	9	10	57	0	1842
18411	36	8	5	1775	0	1824
18412	34	9	1781	33	0	1857
18413	17	9	25	1747	0	1798
18414	14	14	25	1782	0	1835
18415	9	11	1750	53	0	1823
18416	1652	6	29	39	0	1726
18417	32	3	34	1731	0	1800
18418	1686	1	12	39	0	1738
18419	27	1595	10	37	0	1669
18420	1597	23	8	19	0	1647
18421	26	1610	6	11	0	1653
18422	27	1589	4	12	0	1632
18423	19	47	21	1381	0	1468
18424	1373	26	11	28	0	1438
18425	1397	7	2	25	0	1431
18426	40	7	2	1347	0	1396
18427	1353	7	2	23	0	1385
18428	1362	7	3	28	0	1400
18429	44	4	4	1345	0	1397
18430	1319	5	3	25	0	1352
18431	32	1326	3	29	0	1390
18432	1338	23	6	8	0	1375
18433	28	25	1330	5	0	1388
18434	1365	7	24	9	0	1405
18435	23	0	23	1357	0	1403
18436	27	1	9	1393	0	1430
18437	8	2	4	1410	0	1424
18438	7	5	8	1398	0	1418
18439	5	3	6	1364	0	1378
18440	5	1291	4	55	0	1355
18441	4	1356	11	31	0	1402
18442	1344	37	3	14	0	1398
18443	22	29	1342	11	0	1404
18444	1303	9	22	9	0	1343
18445	28	9	1321	9	0	1367
18446	31	7	24	1283	0	1345
18447	16	8	19	1332	0	1375
18448	1302	10	6	41	0	1359
18449	27	6	1312	31	0	1376
18450	33	17	20	1344	0	1414
18451	19	8	1413	26	0	1466
18452	12	1409	27	28	0	1476
18453	14	20	20	1428	0	1482
18454	1423	19	8	25	0	1475
18455	1399	8	5	31	0	1443
18456	1455	3	4	13	0	1475
18457	42	1450	5	13	0	1510
18458	31	1461	6	12	0	1510
18459	1304	40	13	14	0	1371
18460	26	1468	6	13	0	1513
18461	26	1454	7	23	0	1510
18462	13	39	1417	13	0	1482
18463	6	1408	23	11	0	1448
18464	9	1361	17	20	0	1407
18465	9	34	5	1336	0	1384
18466	10	27	1356	19	0	1412
18467	7	14	1325	26	0	1372
18468	1263	6	36	15	0	1320
18469	21	4	1358	11	0	1394
18470	1352	6	22	9	0	1389
18471	30	2	26	1307	0	1365
18472	22	1358	13	30	0	1423
18473	1406	19	5	31	0	1461
18474	1472	19	5	17	0	1513
18475	39	5	9	1460	0	1513
18476	28	0	5	1480	0	1513
18477	12	3	10	1480	0	1505
18478	1432	10	6	40	0	1488
18479	1388	4	3	31	0	1426
18480	1441	4	3	10	0	1458
18481	44	1398	2	5	0	1449
18482	1096	12	4	5	0	1117
18483	18	1093	1	3	0	1115
18484	9	1095	5	4	0	1113
18485	6	43	5	981	0	1035
18486	4	1003	1	11	0	1019
18487	922	8	1	4	0	935
18488	9	3	0	902	0	914
18489	876	3	2	9	0	890
18490	10	853	2	3	0	868
18491	4	903	2	2	0	911
18492	911	10	1	2	0	924
18493	10	939	1	1	0	951
18494	5	7	7	937	0	956
18495	4	5	2	952	0	963
18496	933	4	2	8	0	947
18497	8	1	1	953	0	963
18498	6	1	954	8	0	969
18499	5	4	7	945	0	961
18500	993	2	3	13	0	1011
18501	7	1025	2	5	0	1039
18502	1071	7	2	2	0	1082
18503	1045	8	2	3	0	1058
18504	1080	6	0	4	0	1090
18505	14	3	1078	4	0	1099
18506	10	3	1057	1	0	1071
18507	1009	1	14	2	0	1026
18508	8	1034	8	2	0	1052
18509	6	9	2	1040	0	1057
18510	4	6	3	1017	0	1030
18511	2	1016	3	12	0	1033
18512	5	1030	0	6	0	1041
18513	1	11	2	1017	0	1031
18514	4	7	3	1020	0	1034
18515	3	2	989	12	0	1006
18516	4	5	954	5	0	968
18517	959	0	13	6	0	978
18518	1027	1	9	5	0	1042
18519	15	2	3	1030	0	1050
18520	9	2	1028	10	0	1049
18521	3	2	8	1016	0	1029
18522	999	2	6	8	0	1015
18523	7	2	1019	10	0	1038
18524	10	1	9	1043	0	1063
18525	4	3	1062	10	0	1079
18526	7	1044	11	5	0	1067
18527	3	14	1061	2	0	1080
18528	2	9	18	1025	0	1054
18529	1053	2	5	11	0	1071
18530	11	4	1	1076	0	1092
18531	1072	1	3	13	0	1089
18532	1079	0	3	12	0	1094
18533	1055	1	2	8	0	1066
18534	15	5	1038	3	0	1061
18535	1049	1	10	2	0	1062
18536	14	1	5	1059	0	1079
18537	8	1	5	1069	0	1083
18538	4	2	1061	16	0	1083
18539	6	2	9	1064	0	1081
18540	1074	2	6	12	0	1094
18541	12	1071	4	11	0	1098
18542	1099	11	4	7	0	1121
18543	1108	7	0	5	0	1120
18544	1122	3	1	5	0	1131
18545	17	4	1	1105	0	1127
18546	8	2	1119	10	0	1139
18547	4	1	10	1148	0	1163
18548	9	1	9	1144	0	1163
18549	1136	3	4	18	0	1161
18550	1076	0	3	12	0	1091
18551	19	3	1033	5	0	1060
18552	14	0	6	1042	0	1062
18553	4	2	1076	12	0	1094
18554	1098	0	10	7	0	1115
18555	11	1236	10	5	0	1262
18556	1239	12	3	4	0	1258
18557	13	1312	3	4	0	1332
18558	1313	15	1	4	0	1333
18559	16	1334	5	3	0	1358
18560	11	15	2	1327	0	1355
18561	3	8	3	1345	0	1359
18562	1341	2	0	23	0	1366
18563	1337	4	6	9	0	1356
18564	1350	3	0	5	0	1358
18565	1329	2	1	3	0	1335
18566	1342	1	1	1	0	1345
18567	26	3	2	1285	0	1316
18568	9	1299	4	15	0	1327
18569	8	15	1	1263	0	1287
18570	3	1277	2	15	0	1297
18571	4	20	1	1250	0	1275
18572	6	1269	1	13	0	1289
18573	3	20	0	1230	0	1253
18574	7	9	1170	15	0	1201
18575	1113	3	12	9	0	1137
18576	18	1172	8	2	0	1200
18577	1168	15	0	3	0	1186
18578	17	11	1165	2	0	1195
18579	1129	2	12	4	0	1147
18580	17	4	1206	3	0	1230
18581	12	7	13	1190	0	1222
18582	3	1290	16	14	0	1323
18583	4	19	1297	13	0	1333
18584	5	10	18	1293	0	1326
18585	1285	3	15	19	0	1322
18586	21	2	3	1335	0	1361
18587	11	2	3	1345	0	1361
18588	6	1	2	1362	0	1371
18589	2	3	1330	32	0	1367
18590	2	1	20	1309	0	1332
18591	2	1299	9	25	0	1335
18592	3	19	6	1303	0	1331
18593	1	12	1	1302	0	1316
18594	1272	3	2	28	0	1305
18595	19	3	1	1303	0	1326
18596	15	5	1323	21	0	1364
18597	8	2	1325	14	0	1349
18598	3	4	1347	7	0	1361
18599	5	1323	33	6	0	1367
18600	1280	24	16	4	0	1324
18601	23	1297	7	5	0	1332
18602	1266	21	3	7	0	1297
18603	27	9	3	1248	0	1287
18604	17	5	1241	23	0	1286
18605	10	3	1221	15	0	1249
18606	2	1283	32	9	0	1326
18607	5	20	14	1273	0	1312
18608	4	15	2	1282	0	1303
18609	8	4	3	1310	0	1325
18610	6	7	1285	33	0	1331
18611	1177	5	20	23	0	1225
18612	29	1	1305	9	0	1344
18613	22	2	22	1286	0	1332
18614	9	4	16	1314	0	1343
18615	5	8	1309	34	0	1356
18616	1240	2	22	25	0	1289
18617	22	1306	19	8	0	1355
18618	1305	21	4	8	0	1338
18619	24	21	5	1241	0	1291
18620	21	1296	4	22	0	1343
18621	9	21	9	1308	0	1347
18622	1303	15	3	34	0	1355
18623	24	9	5	1312	0	1350
18624	21	4	1289	26	0	1340
18625	1255	4	24	26	0	1309
18626	1295	6	18	9	0	1328
18627	39	2	1277	12	0	1330
18628	18	6	22	1276	0	1322
18629	1290	6	21	29	0	1346
18630	25	3	9	1296	0	1333
18631	21	4	6	1278	0	1309
18632	8	4	3	1301	0	1316
18633	5	5	6	1285	0	1301
18634	9	4	1239	48	0	1300
18635	12	4	26	1240	0	1282
18636	7	7	1249	29	0	1292
18637	1197	4	29	30	0	1260
18638	1238	9	22	16	0	1285
18639	1249	5	8	16	0	1278
18640	1249	5	6	15	0	1275
18641	44	4	6	1210	0	1264
18642	1196	7	8	35	0	1246
18643	31	3	1188	21	0	1243
18644	20	5	1183	15	0	1223
18645	1131	8	43	6	0	1188
18646	21	1139	22	16	0	1198
18647	22	1156	10	9	0	1197
18648	11	34	6	1131	0	1182
18649	9	16	1138	31	0	1194
18650	1058	6	27	26	0	1117
18651	29	2	1152	10	0	1193
18652	17	1075	31	12	0	1135
18653	10	21	1074	10	0	1115
18654	11	994	22	9	0	1036
18655	868	31	25	12	0	936
18656	19	865	8	10	0	902
18657	17	799	4	15	0	835
18658	10	21	5	787	0	823
18659	7	15	768	20	0	810
18660	4	2	14	746	0	766
18661	7	2	20	758	0	787
18662	5	4	760	29	0	798
18663	6	3	17	732	0	758
18664	13	745	13	15	0	786
18665	6	15	4	764	0	789
18666	756	15	6	17	0	794
18667	20	2	1	768	0	791
18668	19	1	766	17	0	803
18669	9	1	17	774	0	801
18670	4	4	771	21	0	800
18671	747	4	19	15	0	785
18672	18	4	15	766	0	803
18673	766	7	6	19	0	798
18674	20	6	768	16	0	810
18675	730	3	16	7	0	756
18676	18	773	19	7	0	817
18677	17	12	773	10	0	812
18678	6	14	18	766	0	804
18679	8	7	790	15	0	820
18680	6	765	18	16	0	805
18681	8	774	16	8	0	806
18682	685	23	3	4	0	715
18683	8	731	2	4	0	745
18684	726	15	6	9	0	756
18685	15	11	3	737	0	766
18686	13	1	735	16	0	765
18687	4	735	15	16	0	770
18688	12	14	11	731	0	768
18689	4	11	4	769	0	788
18690	3	3	2	783	0	791
18691	5	2	1	755	0	763
18692	6	733	3	24	0	766
18693	2	780	4	13	0	799
18694	741	21	3	5	0	770
18695	14	731	2	3	0	750
18696	11	16	5	679	0	711
18697	1	9	676	21	0	707
18698	3	667	13	12	0	695
18699	6	9	10	662	0	687
18700	6	7	8	655	0	676
18701	4	666	2	19	0	691
18702	645	14	1	7	0	667
18703	10	9	658	3	0	680
18704	622	1	12	3	0	638
18705	11	646	12	2	0	671
18706	589	11	2	1	0	603
18707	8	602	1	0	0	611
18708	7	12	0	629	0	648
18709	0	6	0	645	0	651
18710	639	0	0	15	0	654
18711	9	1	1	660	0	671
18712	6	1	641	9	0	657
18713	0	618	10	3	0	631
18714	1	648	3	1	0	653
18715	1	13	0	627	0	641
18716	1	4	632	10	0	647
18717	0	1	8	621	0	630
18718	0	1	3	637	0	641
18719	2	1	620	13	0	636
18720	2	1	618	3	0	624
18721	0	623	12	2	0	637
18722	637	9	5	4	0	655
18723	11	5	1	607	0	624
18724	4	606	0	9	0	619
18725	607	9	1	7	0	624
18726	10	6	2	607	0	625
18727	4	4	1	594	0	603
18728	2	593	2	13	0	610
18729	0	9	2	590	0	601
18730	593	3	1	11	0	608
18731	9	3	1	589	0	602
18732	7	2	0	596	0	605
18733	1	3	575	16	0	595
18734	1	2	561	6	0	570
18735	577	4	11	4	0	596
18736	10	1	3	580	0	594
18737	5	0	2	589	0	596
18738	1	3	1	600	0	605
18739	0	3	588	16	0	607
18740	567	3	10	6	0	586
18741	10	6	3	578	0	597
18742	6	1	1	590	0	598
18743	574	1	2	15	0	592
18744	10	571	2	6	0	589
18745	5	7	559	3	0	574
18746	2	4	12	547	0	565
18747	3	567	6	10	0	586
18748	2	12	0	576	0	590
18749	555	5	2	12	0	574
18750	12	3	2	568	0	585
18751	560	3	2	12	0	577
18752	564	2	2	9	0	577
18753	13	3	4	532	0	552
18754	6	541	1	11	0	559
18755	0	553	5	7	0	565
18756	6	12	554	4	0	576
18757	5	6	9	538	0	558
18758	2	2	4	575	0	583
18759	4	1	4	571	0	580
18760	559	2	4	14	0	579
18761	12	3	2	559	0	576
18762	7	2	580	12	0	601
18763	572	2	10	9	0	593
18764	9	3	4	598	0	614
18765	5	2	1	614	0	622
18766	3	1	600	19	0	623
18767	576	3	11	7	0	597
18768	11	1	4	615	0	631
18769	5	3	633	16	0	657
18770	5	1	10	620	0	636
18771	3	4	5	554	0	566
18772	3	623	5	13	0	644
18773	618	9	3	7	0	637
18774	609	5	2	5	0	621
18775	14	607	1	9	0	631
18776	592	9	3	6	0	610
18777	609	4	1	4	0	618
18778	15	4	1	602	0	622
18779	7	1	588	11	0	607
18780	3	1	545	8	0	557
18781	1	6	544	3	0	554
18782	3	1	541	3	0	548
18783	2	21	3	482	0	508
18784	0	1	3	517	0	521
18785	2	1	1	503	0	507
18786	2	2	1	526	0	531
18787	549	0	2	6	0	557
18788	3	564	1	5	0	573
18789	562	1	2	2	0	567
18790	4	3	577	1	0	585
18791	6	1	614	3	0	624
18792	3	11	4	632	0	650
18793	633	2	5	4	0	644
18794	589	1	1	6	0	597
18795	5	628	5	3	0	641
18796	2	640	4	4	0	650
18797	4	17	0	629	0	650
18798	642	3	0	4	0	649
18799	4	664	1	4	0	673
18800	653	3	0	3	0	659
18801	650	5	1	2	0	658
18802	659	1	1	3	0	664
18803	8	4	646	1	0	659
18804	6	657	2	1	0	666
18805	654	2	4	3	0	663
18806	638	3	1	1	0	643
18807	5	620	4	2	0	631
18808	3	588	2	2	0	595
18809	589	6	6	2	0	603
18810	6	3	0	591	0	600
18811	5	1	582	2	0	590
18812	564	3	2	4	0	573
18813	3	2	4	586	0	595
18814	6	621	1	4	0	632
18815	1	3	1	617	0	622
18816	2	5	637	2	0	646
18817	4	1	3	630	0	638
18818	663	1	4	3	0	671
18819	5	1	2	667	0	675
18820	4	1	2	665	0	672
18821	1	3	678	8	0	690
18822	3	0	2	640	0	645
18823	2	671	4	3	0	680
18824	670	3	0	6	0	679
18825	645	5	1	3	0	654
18826	7	0	678	3	0	688
18827	4	1	4	661	0	670
18828	2	670	6	4	0	682
18829	4	678	1	5	0	688
18830	683	7	1	2	0	693
18831	3	6	2	700	0	711
18832	4	3	695	7	0	709
18833	1	4	715	8	0	728
18834	2	1	6	723	0	732
18835	717	1	4	4	0	726
18836	721	1	1	7	0	730
18837	8	0	3	745	0	756
18838	4	2	753	5	0	764
18839	3	748	2	5	0	758
18840	740	3	5	2	0	750
18841	5	764	1	6	0	776
18842	774	3	2	3	0	782
18843	3	5	1	776	0	785
18844	6	4	776	3	0	789
18845	2	5	2	775	0	784
18846	774	2	4	5	0	785
18847	3	0	757	8	0	768
18848	7	769	6	1	0	783
18849	0	3	8	773	0	784
18850	787	6	1	3	0	797
18851	4	1	785	7	0	797
18852	11	1	3	792	0	807
18853	3	1	5	821	0	830
18854	2	3	830	8	0	843
18855	5	1	6	819	0	831
18856	4	1	817	6	0	828
18857	760	3	4	5	0	772
18858	7	2	4	848	0	861
18859	8	2	898	6	0	914
18860	1	899	10	7	0	917
18861	916	6	6	5	0	933
18862	943	4	2	3	0	952
18863	14	3	2	1023	0	1042
18864	7	1080	2	8	0	1097
18865	1071	13	0	11	0	1095
18866	14	7	2	1069	0	1092
18867	8	4	1061	14	0	1087
18868	999	1	12	12	0	1024
18869	13	1035	7	5	0	1060
18870	9	13	2	1055	0	1079
18871	1051	7	3	13	0	1074
18872	11	0	1054	12	0	1077
18873	9	4	1049	2	0	1064
18874	3	1	19	1024	0	1047
18875	2	5	1074	12	0	1093
18876	3	1	16	1022	0	1042
18877	2	1044	9	11	0	1066
18878	4	12	4	1074	0	1094
18879	1044	9	4	14	0	1071
18880	16	2	1079	11	0	1108
18881	10	1086	13	4	0	1113
18882	4	14	9	1083	0	1110
18883	5	11	1097	14	0	1127
18884	5	3	13	1039	0	1060
18885	5	1078	8	9	0	1100
18886	3	1077	3	10	0	1093
18887	995	17	4	12	0	1028
18888	14	1016	1	4	0	1035
18889	4	10	994	6	0	1014
18890	898	4	16	3	0	921
18891	11	2	970	4	0	987
18892	5	3	11	901	0	920
18893	4	4	948	12	0	968
18894	0	936	12	7	0	955
18895	14	10	5	934	0	963
18896	4	5	1	933	0	943
18897	1	1	2	926	0	930
18898	0	4	923	21	0	948
18899	3	1	13	896	0	913
18900	2	2	4	909	0	917
18901	884	1	2	19	0	906
18902	872	2	2	9	0	885
18903	17	2	890	3	0	912
18904	4	886	12	3	0	905
18905	1	10	901	3	0	915
18906	4	4	12	880	0	900
18907	3	3	919	10	0	935
18908	5	1	12	903	0	921
18909	1	0	8	925	0	934
18910	1	4	916	14	0	935
18911	798	2	13	6	0	819
18912	9	918	3	5	0	935
18913	5	12	2	923	0	942
18914	5	3	924	13	0	945
18915	2	2	920	5	0	929
18916	832	1	16	5	0	854
18917	13	887	5	2	0	907
18918	5	12	3	884	0	904
18919	906	3	2	15	0	926
18920	13	2	2	900	0	917
18921	4	1	4	941	0	950
18922	5	3	937	14	0	959
18923	883	4	10	4	0	901
18924	955	2	4	4	0	965
18925	16	0	2	952	0	970
18926	950	0	5	14	0	969
18927	11	1	1	949	0	962
18928	4	925	10	11	0	950
18929	2	949	3	13	0	967
18930	3	13	1	955	0	972
18931	940	5	1	15	0	961
18932	15	1	2	944	0	962
18933	956	1	3	12	0	972
18934	966	3	1	7	0	977
18935	16	1	1	961	0	979
18936	7	0	2	985	0	994
18937	13	4	928	16	0	961
18938	0	3	938	11	0	952
18939	4	2	17	930	0	953
18940	4	1	975	11	0	991
18941	958	2	11	12	0	983
18942	13	1	7	1040	0	1061
18943	8	3	1056	17	0	1084
18944	1081	3	17	7	0	1108
18945	1179	2	6	5	0	1192
18946	26	1194	6	4	0	1230
18947	17	20	1	1221	0	1259
18948	3	16	1256	22	0	1297
18949	1243	1	22	13	0	1279
18950	1291	3	13	2	0	1309
18951	31	2	1277	7	0	1317
18952	1259	3	21	5	0	1288
18953	23	2	15	1261	0	1301
18954	17	2	3	1265	0	1287
18955	1248	2	3	33	0	1286
18956	1258	0	5	13	0	1276
18957	35	1	3	1228	0	1267
18958	16	1	1240	20	0	1277
18959	6	1197	18	16	0	1237
18960	3	17	1217	6	0	1243
18961	3	12	1197	5	0	1217
18962	11	1136	27	6	0	1180
18963	12	11	9	993	0	1025
18964	2	8	4	1016	0	1030
18965	2	3	1008	16	0	1029
18966	4	4	8	1005	0	1021
18967	1012	0	9	17	0	1038
18968	10	2	1051	10	0	1073
18969	1044	1	12	3	0	1060
18970	1056	0	11	10	0	1077
18971	1074	2	3	3	0	1082
18972	22	4	1059	3	0	1088
18973	15	1	1061	5	0	1082
18974	9	1	19	1055	0	1084
18975	7	2	10	1030	0	1049
18976	3	1057	4	22	0	1086
18977	1068	10	6	11	0	1095
18978	1058	8	2	5	0	1073
18979	21	1074	4	7	0	1106
18980	1066	14	5	2	0	1087
18981	16	1060	4	5	0	1085
18982	1075	12	4	5	0	1096
18983	16	11	2	1026	0	1055
18984	17	5	1067	8	0	1097
18985	4	3	1053	10	0	1070
18986	5	2	21	1050	0	1078
18987	4	2	12	1062	0	1080
18988	3	3	1057	24	0	1087
18989	6	1	14	1040	0	1061
18990	6	1	12	1060	0	1079
18991	1029	2	3	24	0	1058
18992	1035	1	7	12	0	1055
18993	1031	2	5	5	0	1043
18994	21	1	1010	8	0	1040
18995	15	1023	13	3	0	1054
18996	5	12	10	1020	0	1047
18997	7	11	1059	13	0	1090
18998	6	1051	18	12	0	1087
18999	1060	13	12	6	0	1091
19000	15	8	5	1080	0	1108
19001	12	5	8	1083	0	1108
19002	1080	5	3	21	0	1109
19003	16	2	1	1088	0	1107
19004	16	3	3	1087	0	1109
19005	1086	2	2	23	0	1113
19006	16	2	1086	15	0	1119
19007	13	1072	17	6	0	1108
19008	1069	12	12	8	0	1101
19009	17	11	1079	6	0	1113
19010	1045	5	18	10	0	1078
19011	18	1095	11	8	0	1132
19012	1083	10	5	6	0	1104
19013	1063	11	8	6	0	1088
19014	1055	4	4	7	0	1070
19015	21	5	4	1029	0	1059
19016	17	2	5	1030	0	1054
19017	8	1035	7	23	0	1073
19018	8	1062	7	13	0	1090
19019	10	1062	6	4	0	1082
19020	1048	20	1	6	0	1075
19021	17	15	1032	5	0	1069
19022	17	4	14	1011	0	1046
19023	6	5	10	1014	0	1035
19024	6	1021	5	27	0	1059
19025	6	10	6	1029	0	1051
19026	7	12	4	1007	0	1030
19027	10	1028	2	22	0	1062
19028	1029	12	12	17	0	1070
19029	10	1085	6	7	0	1108
19030	14	13	1058	8	0	1093
19031	1021	12	14	9	0	1056
19032	16	1071	11	4	0	1102
19033	1032	13	3	6	0	1054
19034	19	8	6	1029	0	1062
19035	15	4	3	1035	0	1057
19036	7	4	1023	21	0	1055
19037	10	5	1035	10	0	1060
19038	9	2	20	1042	0	1073
19039	1038	3	9	17	0	1067
19040	1004	1	8	9	0	1022
19041	20	1002	5	5	0	1032
19042	10	974	4	9	0	997
19043	7	965	7	6	0	985
19044	21	24	3	886	0	934
19045	897	2	4	6	0	909
19046	892	1	0	6	0	899
19047	886	0	0	2	0	888
19048	7	0	860	0	0	867
19049	6	1016	4	2	0	1028
19050	2	5	5	1195	0	1207
19051	1251	8	2	10	0	1271
19052	13	2	1	1334	0	1350
19053	9	0	1	1427	0	1437
19054	1425	2	1	28	0	1456
19055	1587	2	0	15	0	1604
19056	32	1	1604	5	0	1642
19057	18	0	17	1598	0	1633
19058	4	2	1602	24	0	1632
19059	5	2	18	1603	0	1628
19060	2	5	1582	20	0	1609
19061	4	9	19	1585	0	1617
19062	1518	0	18	22	0	1558
19063	17	1566	4	19	0	1606
19064	15	1613	5	3	0	1636
19065	8	35	2	1385	0	1430
19066	4	1635	2	14	0	1655
19067	1616	19	0	15	0	1650
19068	1572	19	3	3	0	1597
19069	34	4	1573	3	0	1614
19070	22	1561	19	0	0	1602
19071	3	18	17	1551	0	1589
19072	4	18	1560	17	0	1599
19073	1532	1	17	18	0	1568
19074	21	2	17	1544	0	1584
19075	19	5	1559	19	0	1602
19076	3	3	19	1570	0	1595
19077	1555	1	18	21	0	1595
19078	19	3	1568	20	0	1610
19079	1541	0	20	4	0	1565
19080	1563	1	18	2	0	1584
19081	37	0	3	1542	0	1582
19082	22	2	1528	18	0	1570
19083	5	1	1514	20	0	1540
19084	1487	0	38	3	0	1528
19085	1528	1	20	2	0	1551
19086	36	3	1505	4	0	1548
19087	20	2	21	1486	0	1529
19088	4	0	20	1428	0	1452
19089	5	1484	3	37	0	1529
19090	6	18	3	1503	0	1530
19091	1498	19	1	20	0	1538
19092	21	2	3	1514	0	1540
19093	18	5	1495	20	0	1538
19094	1455	2	20	21	0	1498
19095	24	0	21	1461	0	1506
19096	22	1	1461	22	0	1506
19097	4	1442	23	20	0	1489
19098	1399	17	20	4	0	1440
19099	20	1463	3	6	0	1492
19100	1437	20	3	4	0	1464
19101	23	24	1422	5	0	1474
19102	20	1406	21	8	0	1455
19103	6	1420	23	6	0	1455
19104	6	36	4	1378	0	1424
19105	6	19	4	1408	0	1437
19106	8	3	1398	37	0	1446
19107	6	5	18	1415	0	1444
19108	1381	3	25	26	0	1435
19109	20	5	1380	30	0	1435
19110	27	3	22	1377	0	1429
19111	8	7	1400	26	0	1441
19112	1348	4	23	23	0	1398
19113	21	1392	25	10	0	1448
19114	1415	23	5	8	0	1451
19115	1408	25	9	5	0	1447
19116	1435	4	5	11	0	1455
19117	44	5	1387	8	0	1444
19118	25	1370	20	16	0	1431
19119	13	21	27	1355	0	1416
19120	9	25	6	1409	0	1449
19121	1419	7	9	39	0	1474
19122	33	5	5	1453	0	1496
19123	1471	5	8	32	0	1516
19124	1486	2	8	28	0	1524
19125	1497	6	7	10	0	1520
19126	1498	4	10	7	0	1519
19127	53	7	8	1433	0	1501
19128	1443	3	7	33	0	1486
19129	39	5	1390	28	0	1462
19130	1407	4	35	8	0	1454
19131	1417	8	27	10	0	1462
19132	54	7	1378	19	0	1458
19133	1420	3	32	8	0	1463
19134	1436	3	28	6	0	1473
19135	60	2	9	1404	0	1475
19136	44	2	4	1421	0	1471
19137	1392	8	8	54	0	1462
19138	37	3	9	1416	0	1465
19139	29	3	8	1389	0	1429
19140	10	1367	9	50	0	1436
19141	13	22	10	1386	0	1431
19142	1358	22	4	31	0	1415
19143	32	3	10	1356	0	1401
19144	29	3	5	1313	0	1350
19145	11	1252	10	49	0	1322
19146	12	25	5	1234	0	1276
19147	8	20	4	1232	0	1264
19148	1200	5	7	45	0	1257
19149	35	10	3	1011	0	1059
19150	24	2	804	20	0	850
19151	8	729	18	14	0	769
19152	5	657	11	4	0	677
19153	593	21	2	2	0	618
19154	15	596	2	1	0	614
19155	423	11	7	3	0	444
19156	10	428	0	3	0	441
19157	428	8	0	0	0	436
19158	12	7	2	416	0	437
19159	9	1	3	431	0	444
19160	4	420	0	17	0	441
19161	3	10	2	439	0	454
19162	2	7	421	12	0	442
19163	390	1	9	5	0	405
19164	12	440	7	3	0	462
19165	425	11	0	5	0	441
19166	438	7	2	3	0	450
19167	444	1	0	3	0	448
19168	19	1	0	425	0	445
19169	11	4	0	408	0	423
19170	3	416	0	19	0	438
19171	417	8	2	11	0	438
19172	13	431	0	3	0	447
19173	422	8	2	6	0	438
19174	10	9	427	2	0	448
19175	450	1	7	3	0	461
19176	9	0	12	452	0	473
19177	11	4	450	8	0	473
19178	6	3	447	11	0	467
19179	2	1	18	446	0	467
19180	5	1	455	10	0	471
19181	2	1	8	446	0	457
19182	433	0	12	9	0	454
19183	7	2	2	440	0	451
19184	12	4	434	7	0	457
19185	4	422	9	11	0	446
19186	2	433	10	1	0	446
19187	7	15	3	428	0	453
19188	449	11	0	12	0	472
19189	12	1	2	468	0	483
19190	9	2	0	477	0	488
19191	3	1	0	483	0	487
19192	2	3	1	479	0	485
19193	3	0	459	23	0	485
19194	1	6	460	10	0	477
19195	455	1	18	4	0	478
19196	470	3	9	3	0	485
19197	21	0	0	466	0	487
19198	11	3	3	464	0	481
19199	6	2	452	17	0	477
19200	4	452	10	14	0	480
19201	458	7	10	6	0	481
19202	468	11	2	4	0	485
19203	20	1	1	467	0	489
19204	12	6	471	11	0	500
19205	8	2	9	454	0	473
19206	2	469	14	9	0	494
19207	8	9	458	9	0	484
19208	454	14	12	4	0	484
19209	14	2	12	465	0	493
19210	484	2	3	12	0	501
19211	14	2	447	13	0	476
19212	451	0	13	7	0	471
19213	9	0	13	453	0	475
19214	456	4	3	12	0	475
19215	10	1	1	453	0	465
19216	12	427	7	10	0	456
19217	6	439	2	12	0	459
19218	3	22	4	437	0	466
19219	4	11	443	12	0	470
19220	2	430	8	11	0	451
19221	14	8	8	364	0	394
19222	346	8	3	6	0	363
19223	343	0	2	10	0	355
19224	8	2	2	335	0	347
19225	5	1	2	329	0	337
19226	1	314	4	12	0	331
19227	3	332	2	9	0	346
19228	331	7	1	2	0	341
19229	4	4	3	327	0	338
19230	8	1	2	332	0	343
19231	2	4	330	11	0	347
19232	2	3	3	326	0	334
19233	2	0	10	314	0	326
19234	5	3	0	321	0	329
19235	3	3	324	12	0	342
19236	3	1	4	333	0	341
19237	316	0	5	7	0	328
19238	3	3	321	5	0	332
19239	338	2	4	6	0	350
19240	5	2	8	322	0	337
19241	7	0	3	332	0	342
19242	7	2	0	357	0	366
19243	0	0	356	12	0	368
19244	327	0	2	9	0	338
19245	2	375	10	4	0	391
19246	387	4	1	3	0	395
19247	7	387	2	3	0	399
19248	9	6	1	383	0	399
19249	387	8	1	7	0	403
19250	6	3	381	6	0	396
19251	382	2	5	3	0	392
19252	5	4	404	3	0	416
19253	7	4	8	391	0	410
19254	3	3	398	6	0	410
19255	1	393	5	9	0	408
19256	3	5	4	368	0	380
19257	365	4	3	4	0	376
19258	6	0	1	369	0	376
19259	6	359	3	4	0	372
19260	1	5	1	367	0	374
19261	358	5	0	7	0	370
19262	365	1	0	5	0	371
19263	7	364	0	5	0	376
19264	3	344	0	0	0	347
19265	0	5	5	331	0	341
19266	0	1	0	334	0	335
19267	326	0	0	6	0	332
19268	324	0	0	1	0	325
19269	4	331	0	0	0	335
19270	2	3	0	325	0	330
19271	0	2	0	330	0	332
19272	0	1	330	6	0	337
19273	1	330	3	1	0	335
19274	0	319	1	0	0	320
19275	1	2	0	304	0	307
19276	0	1	303	4	0	308
19277	1	0	297	1	0	299
19278	0	0	6	300	0	306
19279	1	1	2	302	0	306
19280	0	0	297	6	0	303
19281	2	0	5	304	0	311
19282	1	2	302	5	0	310
19283	300	4	5	0	0	309
19284	5	0	0	317	0	322
19285	1	0	330	6	0	337
19286	0	1	337	0	0	338
19287	2	1	6	368	0	377
19288	0	1	397	7	0	405
19289	0	1	423	3	0	427
19290	0	410	12	3	0	425
19291	439	8	2	1	0	450
19292	10	2	467	0	0	479
19293	3	1	9	457	0	470
19294	0	0	3	476	0	479
19295	0	0	0	486	0	486
19296	1	0	472	12	0	485
19297	0	2	9	460	0	471
19298	465	1	3	9	0	478
19299	9	1	0	467	0	477
19300	3	0	470	9	0	482
19301	2	0	10	462	0	474
19302	460	0	5	10	0	475
19303	472	0	0	4	0	476
19304	461	0	2	0	0	463
19305	13	0	0	458	0	471
19306	466	0	2	9	0	477
19307	465	1	0	4	0	470
19308	469	0	0	1	0	470
19309	14	453	1	0	0	468
19310	448	10	1	2	0	461
19311	10	4	0	451	0	465
19312	3	0	461	13	0	477
19313	1	454	10	4	0	469
19314	462	11	4	2	0	479
19315	11	4	0	464	0	479
19316	4	0	1	452	0	457
19317	0	457	2	16	0	475
19318	0	482	1	5	0	488
19319	455	13	0	3	0	471
19320	12	462	2	0	0	476
19321	449	10	1	1	0	461
19322	12	450	0	1	0	463
19323	435	10	0	3	0	448
19324	12	436	4	0	0	452
19325	4	466	0	2	0	472
19326	460	14	0	1	0	475
19327	10	4	453	2	0	469
19328	6	457	11	0	0	474
19329	0	11	4	462	0	477
19330	2	3	2	477	0	484
19331	0	1	2	470	0	473
19332	2	0	3	476	0	481
19333	0	2	462	14	0	478
19334	436	1	11	5	0	453
19335	12	1	4	452	0	469
19336	450	1	1	12	0	464
19337	484	1	3	4	0	492
19338	486	1	1	2	0	490
19339	463	0	0	2	0	465
19340	15	2	470	2	0	489
19341	6	2	13	462	0	483
19342	1	3	464	11	0	479
19343	3	445	13	5	0	466
19344	2	12	7	412	0	433
19345	0	4	2	445	0	451
19346	2	0	0	451	0	453
19347	1	0	2	451	0	454
19348	2	1	438	15	0	456
19349	0	1	9	437	0	447
19350	0	1	3	453	0	457
19351	443	0	2	12	0	457
19352	450	4	0	4	0	458
19353	16	0	1	453	0	470
19354	4	1	0	458	0	463
19355	3	0	1	468	0	472
19356	463	1	0	17	0	481
19357	484	1	1	3	0	489
19358	466	1	1	0	0	468
19359	474	0	1	0	0	475
19360	14	458	3	2	0	477
19361	467	12	0	2	0	481
19362	467	4	1	3	0	475
19363	17	1	1	453	0	472
19364	3	1	0	466	0	470
19365	444	1	2	16	0	463
19366	12	449	1	4	0	466
19367	4	471	1	2	0	478
19368	475	15	0	2	0	492
19369	14	4	0	479	0	497
19370	5	1	0	497	0	503
19371	3	0	1	500	0	504
19372	3	1	2	504	0	510
19373	0	1	0	492	0	493
19374	3	481	1	15	0	500
19375	2	11	0	490	0	503
19376	485	3	0	13	0	501
19377	12	0	0	482	0	494
19378	3	0	1	497	0	501
19379	483	0	0	13	0	496
19380	10	483	2	4	0	499
19381	5	9	0	479	0	493
19382	1	484	0	10	0	495
19383	3	11	2	481	0	497
19384	2	3	475	10	0	490
19385	408	0	9	7	0	424
19386	8	446	4	2	0	460
19387	383	9	1	1	0	394
19388	6	1	372	1	0	380
19389	1	5	4	327	0	337
19390	0	339	1	5	0	345
19391	0	342	1	1	0	344
19392	305	4	9	2	0	320
19393	4	0	0	308	0	312
19394	3	0	347	5	0	355
19395	2	1	4	356	0	363
19396	1	1	356	7	0	365
19397	328	2	4	4	0	338
19398	5	0	356	5	0	366
19399	2	0	4	337	0	343
19400	1	358	4	6	0	369
19401	1	5	0	364	0	370
19402	2	375	2	8	0	387
19403	390	7	0	3	0	400
19404	8	0	0	401	0	409
19405	1	2	400	8	0	411
19406	1	0	387	5	0	393
19407	368	0	10	7	0	385
19408	402	0	1	3	0	406
19409	403	1	1	2	0	407
19410	400	1	0	2	0	403
19411	8	395	2	2	0	407
19412	397	6	0	6	0	409
19413	402	1	0	4	0	407
19414	7	1	392	3	0	403
19415	7	0	3	383	0	393
19416	397	0	0	8	0	405
19417	8	2	393	1	0	404
19418	2	2	3	386	0	393
19419	6	3	400	5	0	414
19420	6	2	3	396	0	407
19421	4	417	1	9	0	431
19422	421	3	0	8	0	432
19423	6	3	417	5	0	431
19424	408	2	3	7	0	420
19425	7	4	1	425	0	437
19426	427	3	0	8	0	438
19427	5	0	2	469	0	476
19428	494	1	0	9	0	504
19429	3	3	488	7	0	501
19430	524	1	3	7	0	535
19431	8	2	1	540	0	551
19432	2	3	0	551	0	556
19433	547	0	0	8	0	555
19434	5	5	0	543	0	553
19435	2	1	542	9	0	554
19436	2	2	5	545	0	554
19437	510	2	2	5	0	519
19438	2	504	4	4	0	514
19439	5	515	4	1	0	525
19440	497	3	0	4	0	504
19441	5	513	2	1	0	521
19442	2	2	0	501	0	505
19443	507	2	6	6	0	521
19444	499	0	0	2	0	501
19445	497	2	0	3	0	502
19446	2	0	504	3	0	509
19447	1	7	2	493	0	503
19448	1	502	0	3	0	506
19449	0	3	1	518	0	522
19450	2	1	528	2	0	533
19451	0	522	4	0	0	526
19452	1	2	0	523	0	526
19453	501	0	0	2	0	503
19454	0	514	1	0	0	515
19455	0	2	522	0	0	524
19456	0	0	1	500	0	501
19457	1	1	510	1	0	513
19458	0	1	1	510	0	512
19459	530	0	1	4	0	535
19460	2	0	0	533	0	535
19461	519	1	1	2	0	523
19462	536	0	0	2	0	538
19463	3	543	0	1	0	547
19464	569	2	0	1	0	572
19465	4	560	0	0	0	564
19466	1	5	576	0	0	582
19467	0	1	3	579	0	583
19468	2	0	0	617	0	619
19469	2	0	594	3	0	599
19470	0	590	5	2	0	597
19471	597	3	1	1	0	602
19472	603	0	1	1	0	605
19473	5	0	1	615	0	621
19474	1	0	0	621	0	622
19475	1	0	0	623	0	624
19476	618	1	0	3	0	622
19477	3	3	614	0	0	620
19478	2	0	627	0	0	629
19479	1	1	4	628	0	634
19480	1	0	628	3	0	632
19481	0	0	617	2	0	619
19482	3	0	3	596	0	602
19483	0	0	650	5	0	655
19484	1	650	4	3	0	658
19485	1	3	2	657	0	663
19486	1	1	670	4	0	676
19487	1	1	4	665	0	671
19488	0	649	0	5	0	654
19489	0	3	1	655	0	659
19490	2	2	660	4	0	668
19491	0	1	4	649	0	654
19492	631	0	2	6	0	639
19493	4	1	645	3	0	653
19494	571	2	4	1	0	578
19495	3	629	2	2	0	636
19496	638	5	0	2	0	645
19497	5	3	0	643	0	651
19498	3	648	4	8	0	663
19499	684	5	0	2	0	691
19500	7	2	0	696	0	705
19501	3	0	700	7	0	710
19502	0	710	8	4	0	722
19503	2	6	2	713	0	723
19504	694	1	0	9	0	704
19505	693	0	1	4	0	698
19506	7	0	1	701	0	709
19507	2	1	705	6	0	714
19508	648	1	5	3	0	657
19509	7	2	703	1	0	713
19510	2	0	7	705	0	714
19511	716	1	1	8	0	726
19512	6	718	0	3	0	727
19513	725	7	0	0	0	732
19514	7	2	720	1	0	730
19515	708	0	7	3	0	718
19516	7	0	3	732	0	742
19517	3	0	1	738	0	742
19518	2	2	744	8	0	756
19519	3	1	6	712	0	722
19520	719	1	3	8	0	731
19521	9	5	1	708	0	723
19522	3	728	1	7	0	739
19523	0	6	4	711	0	721
19524	1	729	2	7	0	739
19525	0	8	701	4	0	713
19526	673	2	8	4	0	687
19527	8	1	3	704	0	716
19528	4	1	676	10	0	691
19529	2	681	7	4	0	694
19530	0	6	4	637	0	647
19531	2	5	0	639	0	646
19532	636	1	1	9	0	647
19533	8	2	1	655	0	666
19534	661	0	1	9	0	671
19535	671	2	0	4	0	677
19536	11	666	2	0	0	679
19537	675	9	1	2	0	687
19538	9	4	1	724	0	738
19539	5	4	714	9	0	732
19540	699	0	8	6	0	713
19541	11	1	3	709	0	724
19542	6	1	715	9	0	731
19543	689	0	8	7	0	704
19544	10	0	6	711	0	727
19545	5	733	2	8	0	748
19546	4	8	1	701	0	714
19547	1	738	2	10	0	751
19548	718	8	2	3	0	731
19549	13	4	723	1	0	741
19550	4	720	8	1	0	733
19551	2	8	5	720	0	735
19552	1	6	717	8	0	732
19553	1	1	695	13	0	710
19554	1	706	13	3	0	723
19555	4	10	5	706	0	725
19556	2	5	1	725	0	733
19557	3	2	2	896	0	903
19558	920	0	1	17	0	938
19559	14	4	1049	9	0	1076
19560	9	1059	21	3	0	1092
19561	3	15	10	1078	0	1106
19562	1	8	5	1105	0	1119
19563	2	3	1083	28	0	1116
19564	2	11	16	1060	0	1089
19565	6	0	1071	19	0	1096
19566	2	2	1039	13	0	1056
19567	2	1	1040	4	0	1047
19568	3	2	27	993	0	1025
19569	2	1	12	1023	0	1038
19570	2	2	2	1050	0	1056
19571	1030	1	0	27	0	1058
19572	18	1025	3	12	0	1058
19573	1054	18	1	6	0	1079
19574	1049	9	8	2	0	1068
19575	1076	3	3	1	0	1083
19576	29	1077	7	4	0	1117
19577	1076	24	2	2	0	1104
19578	1078	12	2	6	0	1098
19579	27	3	2	1069	0	1101
19580	18	1	1	1080	0	1100
19581	6	1	3	1110	0	1120
19582	2	7	1089	31	0	1129
19583	1028	2	17	20	0	1067
19584	17	4	15	1067	0	1103
19585	1060	4	5	19	0	1088
19586	19	1056	4	19	0	1098
19587	15	19	3	1070	0	1107
19588	5	10	7	1100	0	1122
19589	1072	8	8	30	0	1118
19590	18	2	5	1094	0	1119
19591	1078	2	5	28	0	1113
19592	1100	2	1	19	0	1122
19593	33	1069	1	13	0	1116
19594	16	1107	4	7	0	1134
19595	9	35	5	1059	0	1108
19596	6	1095	4	19	0	1124
19597	10	22	2	1088	0	1122
19598	4	16	1074	23	0	1117
19599	6	8	1054	18	0	1086
19600	993	2	27	6	0	1028
19601	1017	3	17	8	0	1045
19602	27	1012	9	6	0	1054
19603	1016	15	6	7	0	1044
19604	18	1059	5	11	0	1093
19605	14	17	6	1068	0	1105
19606	7	10	3	1077	0	1097
19607	8	3	7	1078	0	1096
19608	6	5	8	1074	0	1093
19609	1050	4	7	34	0	1095
19610	21	1043	5	19	0	1088
19611	1041	16	5	12	0	1074
19612	1042	13	3	13	0	1071
19613	29	6	1027	14	0	1076
19614	1008	6	16	7	0	1037
19615	27	1022	16	6	0	1071
19616	20	17	6	1020	0	1063
19617	13	12	3	987	0	1015
19618	7	1018	4	29	0	1058
19619	1029	18	5	19	0	1071
19620	23	17	1014	7	0	1061
19621	1008	5	16	10	0	1039
19622	26	5	1021	14	0	1066
19623	19	5	20	1015	0	1059
19624	9	5	16	1044	0	1074
19625	13	2	8	1062	0	1085
19626	1046	9	5	36	0	1096
19627	26	6	1025	26	0	1083
19628	1027	8	17	18	0	1070
19629	1051	5	15	16	0	1087
19630	1049	5	8	17	0	1079
19631	1060	4	8	13	0	1085
19632	37	2	7	1037	0	1083
19633	22	5	1043	26	0	1096
19634	19	3	18	1051	0	1091
19635	11	7	1039	28	0	1085
19636	9	10	1017	21	0	1057
19637	13	1018	23	13	0	1067
19638	8	18	13	943	0	982
19639	9	18	4	980	0	1011
19640	12	10	4	903	0	929
19641	12	3	6	973	0	994
19642	961	7	7	27	0	1002
19643	971	3	1	14	0	989
19644	33	5	3	950	0	991
19645	22	6	930	23	0	981
19646	12	4	16	942	0	974
19647	8	6	9	952	0	975
19648	10	8	933	32	0	983
19649	8	1	16	938	0	963
19650	923	4	10	28	0	965
19651	930	1	7	21	0	959
19652	943	6	4	9	0	962
19653	30	4	6	922	0	962
19654	936	4	2	23	0	965
19655	909	2	5	11	0	927
19656	26	4	891	12	0	933
19657	12	1	706	6	0	725
19658	6	1	691	6	0	704
19659	530	0	8	2	0	540
19660	5	536	3	3	0	547
19661	510	3	4	0	0	517
19662	4	562	2	0	0	568
19663	6	3	3	552	0	564
19664	3	3	0	552	0	558
19665	0	1	1	565	0	567
19666	1	2	557	5	0	565
19667	507	1	3	5	0	516
19668	3	0	3	542	0	548
19669	4	1	532	4	0	541
19670	2	1	515	3	0	521
19671	491	0	5	4	0	500
19672	5	532	4	0	0	541
19673	515	1	0	3	0	519
19674	507	1	2	0	0	510
19675	1	514	4	1	0	520
19676	503	1	1	1	0	506
19677	3	2	530	2	0	537
19678	1	1	506	2	0	510
19679	1	0	526	0	0	527
19680	1	4	6	513	0	524
19681	1	1	525	2	0	529
19682	497	0	4	0	0	501
19683	515	0	1	0	0	516
19684	4	1	527	0	0	532
19685	1	1	1	520	0	523
19686	523	0	2	2	0	527
19687	3	543	1	2	0	549
19688	3	568	0	0	0	571
19689	563	1	2	0	0	566
19690	0	1	586	1	0	588
19691	1	3	1	553	0	558
19692	0	0	2	571	0	573
19693	1	0	0	571	0	572
19694	0	574	2	1	0	577
19695	2	0	0	547	0	549
19696	596	0	0	1	0	597
19697	0	0	0	610	0	610
19698	1	629	1	1	0	632
19699	633	0	0	1	0	634
19700	0	2	0	635	0	637
19701	1	2	0	667	0	670
19702	669	0	0	4	0	673
19703	670	0	1	1	0	672
19704	4	0	0	635	0	639
19705	639	0	0	4	0	643
19706	641	0	0	1	0	642
19707	6	662	1	0	0	669
19708	658	7	0	1	0	666
19709	7	664	0	0	0	671
19710	3	5	0	672	0	680
19711	0	4	699	6	0	709
19712	1	4	6	685	0	696
19713	0	0	1	704	0	705
19714	0	0	0	710	0	710
19715	692	0	0	8	0	700
19716	8	695	0	1	0	704
19717	707	6	0	2	0	715
19718	8	742	0	0	0	750
19719	756	6	0	1	0	763
19720	756	3	0	3	0	762
19721	761	0	0	1	0	762
19722	752	1	0	0	0	753
19723	8	3	764	2	0	777
19724	2	0	9	762	0	773
19725	0	0	2	798	0	800
19726	0	2	764	10	0	776
19727	747	0	8	4	0	759
19728	9	0	1	764	0	774
19729	3	2	756	9	0	770
19730	5	1	754	4	0	764
19731	0	1	11	794	0	806
19732	1	2	814	8	0	825
19733	1	0	8	772	0	781
19734	1	0	3	784	0	788
19735	1	2	775	11	0	789
19736	730	0	8	4	0	742
19737	9	0	4	784	0	797
19738	6	1	817	9	0	833
19739	4	0	9	825	0	838
19740	820	0	3	11	0	834
19741	9	1	819	6	0	835
19742	778	0	9	2	0	789
19743	825	4	6	0	0	835
19744	17	0	1	820	0	838
19745	8	2	1	822	0	833
19746	3	3	821	15	0	842
19747	4	1	10	809	0	824
19748	1	1	7	788	0	797
19749	2	1	0	827	0	830
19750	1	0	808	17	0	826
19751	779	0	12	5	0	796
19752	820	2	4	4	0	830
19753	843	0	1	5	0	849
19754	856	2	2	3	0	863
19755	15	1	2	853	0	871
19756	859	1	2	9	0	871
19757	860	1	3	8	0	872
19758	750	2	3	7	0	762
19759	861	0	5	1	0	867
19760	12	847	3	4	0	866
19761	865	8	1	4	0	878
19762	843	4	5	2	0	854
19763	14	860	3	1	0	878
19764	880	8	0	9	0	897
19765	10	5	5	883	0	903
19766	8	0	3	888	0	899
19767	883	0	0	17	0	900
19768	9	865	5	8	0	887
19769	6	891	3	4	0	904
19770	2	13	1	903	0	919
19771	1	7	911	10	0	929
19772	3	0	9	895	0	907
19773	1	0	7	928	0	936
19774	896	0	3	20	0	919
19775	907	0	3	10	0	920
19776	18	1	1	899	0	919
19777	7	1	885	11	0	904
19778	7	1	10	926	0	944
19779	934	0	5	13	0	952
19780	14	4	981	8	0	1007
19781	12	997	15	5	0	1029
19782	1006	13	7	4	0	1030
19783	18	7	2	1010	0	1037
19784	13	1	1	1017	0	1032
19785	4	2	1	1038	0	1045
19786	4	1	1013	28	0	1046
19787	863	3	15	16	0	897
19788	20	7	960	6	0	993
19789	15	956	18	2	0	991
19790	4	14	11	957	0	986
19791	7	7	2	966	0	982
19792	9	1	4	1005	0	1019
19793	8	4	992	29	0	1033
19794	7	2	967	14	0	990
19795	4	4	1003	6	0	1017
19796	3	991	31	6	0	1031
19797	4	15	19	1009	0	1047
19798	1027	12	3	22	0	1064
19799	1121	5	4	12	0	1142
19800	37	0	1200	5	0	1242
19801	21	1216	23	7	0	1267
19802	7	21	1256	1	0	1285
19803	6	1303	20	5	0	1334
19804	1308	23	21	2	0	1354
19805	1304	22	9	3	0	1338
19806	44	1305	4	6	0	1359
19807	1339	20	5	2	0	1366
19808	24	26	3	1317	0	1370
19809	31	7	2	1337	0	1377
19810	1338	4	2	42	0	1386
19811	1287	7	3	29	0	1326
19812	1324	5	0	11	0	1340
19813	45	1286	9	7	0	1347
19814	33	1342	2	13	0	1390
19815	1349	36	2	11	0	1398
19816	24	29	1337	9	0	1399
19817	31	8	18	1308	0	1365
19818	1290	7	23	21	0	1341
19819	25	1279	6	26	0	1336
19820	24	1308	6	8	0	1346
19821	1317	37	4	6	0	1364
19822	25	27	1295	5	0	1352
19823	1263	9	21	5	0	1298
19824	26	8	1273	3	0	1310
19825	28	9	1272	4	0	1313
19826	10	6	39	1285	0	1340
19827	4	6	1342	18	0	1370
19828	1290	3	26	27	0	1346
19829	1336	2	29	6	0	1373
19830	1375	4	11	3	0	1393
19831	1355	2	7	4	0	1368
19832	44	1	7	1296	0	1348
19833	1311	2	5	19	0	1337
19834	27	1309	4	27	0	1367
19835	30	15	5	1230	0	1280
19836	12	1352	4	14	0	1382
19837	1361	18	3	25	0	1407
19838	1348	21	2	9	0	1380
19839	42	7	2	1338	0	1389
19840	1378	7	2	19	0	1406
19841	1365	5	3	23	0	1396
19842	42	4	4	1350	0	1400
19843	31	4	2	1359	0	1396
19844	12	4	2	1389	0	1407
19845	9	4	1330	45	0	1388
19846	11	4	1293	30	0	1338
19847	8	5	1348	9	0	1370
19848	11	2	42	1324	0	1379
19849	6	6	1364	22	0	1398
19850	5	3	25	1345	0	1378
19851	9	3	1467	26	0	1505
19852	5	2	1441	25	0	1473
19853	1325	5	45	10	0	1385
19854	20	1412	29	8	0	1469
19855	1449	16	10	8	0	1483
19856	24	24	7	1425	0	1480
19857	27	6	6	1448	0	1487
19858	17	4	1500	39	0	1560
19859	6	1499	26	29	0	1560
19860	12	29	22	1489	0	1552
19861	8	27	1510	30	0	1575
19862	7	1486	24	26	0	1543
19863	7	20	24	1470	0	1521
19864	1440	22	9	23	0	1494
19865	1447	10	5	23	0	1485
19866	41	6	7	1441	0	1495
19867	1464	10	4	25	0	1503
19868	31	1450	7	24	0	1512
19869	30	21	7	1444	0	1502
19870	12	26	1473	24	0	1535
19871	13	8	20	1488	0	1529
19872	9	4	1488	29	0	1530
19873	1418	8	25	31	0	1482
19874	29	1	23	1477	0	1530
19875	30	1503	11	25	0	1569
19876	15	22	5	1560	0	1602
19877	9	21	1556	28	0	1614
19878	9	7	1518	24	0	1558
19879	9	6	1513	13	0	1541
19880	1385	8	47	5	0	1445
19881	19	1454	23	6	0	1502
19882	25	17	9	1423	0	1474
19883	1436	20	5	18	0	1479
19884	19	1471	5	22	0	1517
19885	1549	16	5	9	0	1579
19886	1542	21	8	4	0	1575
19887	1598	5	4	7	0	1614
19888	1602	3	11	4	0	1620
19889	35	9	1560	5	0	1609
19890	1471	3	18	9	0	1501
19891	25	5	1555	2	0	1587
19892	1360	3	26	6	0	1395
19893	27	1	16	1518	0	1562
19894	22	3	1503	18	0	1546
19895	15	1470	16	14	0	1515
19896	11	79	13	1349	0	1452
19897	8	1412	8	13	0	1441
19898	5	1427	6	14	0	1452
19899	1261	20	4	3	0	1288
19900	12	9	1259	3	0	1283
19901	6	1217	8	3	0	1234
19902	1183	5	3	1	0	1192
19903	3	1173	1	3	0	1180
19904	1156	4	0	1	0	1161
19905	4	1	0	1150	0	1155
19906	1140	0	0	5	0	1145
19907	4	0	0	1117	0	1121
19908	1130	0	0	5	0	1135
19909	4	0	0	1125	0	1129
19910	1	1153	0	15	0	1169
19911	1	4	0	1190	0	1195
19912	1185	1	0	5	0	1191
19913	4	1181	0	1	0	1186
19914	1	4	0	1181	0	1186
19915	1175	2	0	5	0	1182
19916	4	0	0	1203	0	1207
19917	1	0	1	1193	0	1195
19918	0	1	1209	6	0	1216
19919	0	1	1178	5	0	1184
19920	0	1	4	1156	0	1161
19921	0	2	1206	5	0	1213
19922	3	1	4	1183	0	1191
19923	0	1	2	1137	0	1140
19924	0	1	1	1217	0	1219
19925	1	3	1197	5	0	1206
19926	3	0	4	1135	0	1142
19927	0	0	0	1150	0	1150
19928	1	1158	2	4	0	1165
19929	1	7	0	1153	0	1161
19930	1149	1	0	4	0	1154
19931	4	1	0	1158	0	1163
19932	2	2	1328	7	0	1339
19933	1192	1	10	4	0	1207
19934	10	1379	5	1	0	1395
19935	7	11	0	1397	0	1415
19936	3	4	1370	10	0	1387
19937	1259	1	10	6	0	1276
19938	11	1359	5	2	0	1377
19939	1376	11	1	1	0	1389
19940	11	4	1	1352	0	1368
19941	1334	1	3	14	0	1352
19942	12	4	1372	5	0	1393
19943	4	1357	11	3	0	1375
19944	1	1410	6	3	0	1420
19945	1421	14	0	3	0	1438
19946	1419	5	0	4	0	1428
19947	15	2	1444	0	0	1461
19948	1371	0	11	0	0	1382
19949	1449	1	5	0	0	1455
19950	1446	0	1	1	0	1448
19951	15	1349	3	1	0	1368
19952	5	1369	4	0	0	1378
19953	1360	15	2	1	0	1378
19954	1349	5	0	2	0	1356
19955	15	1370	1	1	0	1387
19956	5	10	0	1378	0	1393
19957	1	7	1400	9	0	1417
19958	1291	0	11	5	0	1307
19959	1232	1	8	4	0	1245
19960	1360	2	1	2	0	1365
19961	13	1362	2	3	0	1380
19962	5	12	1365	3	0	1385
19963	1360	4	10	0	0	1374
19964	13	2	4	1386	0	1405
19965	6	1	1	1403	0	1411
19966	3	1	1	1415	0	1420
19967	1	3	1401	17	0	1422
19968	2	1	10	1384	0	1397
19969	1	3	1413	12	0	1429
19970	0	1369	10	8	0	1387
19971	1338	10	4	5	0	1357
19972	10	1359	3	0	0	1372
19973	5	1362	0	3	0	1370
19974	1356	13	2	4	0	1375
19975	9	1367	2	1	0	1379
19976	7	11	0	1330	0	1348
19977	3	1320	2	9	0	1334
19978	1303	11	1	7	0	1322
19979	12	1320	2	2	0	1336
19980	7	10	0	1337	0	1354
19981	3	6	1327	11	0	1347
19982	1	6	7	1346	0	1360
19983	2	1364	7	12	0	1385
19984	2	10	1	1342	0	1355
19985	2	11	0	1310	0	1323
19986	3	2	1	1289	0	1295
19987	1	0	1	1279	0	1281
19988	2	2	3	1272	0	1279
19989	2	0	1	1300	0	1303
19990	2	3	1310	16	0	1331
19991	1258	2	12	11	0	1283
19992	13	1	7	1412	0	1433
19993	9	2	1441	14	0	1466
19994	2	3	1459	11	0	1475
19995	1	0	23	1447	0	1471
19996	1481	3	13	14	0	1511
19997	15	3	1473	11	0	1502
19998	1449	2	14	5	0	1470
19999	15	4	1512	4	0	1535
20000	18	4	16	1464	0	1502
20001	9	2	15	1515	0	1541
20002	1	5	1517	22	0	1545
20003	1433	3	16	16	0	1468
20004	17	3	14	1498	0	1532
20005	16	3	1508	18	0	1545
20006	5	3	1514	16	0	1538
20007	4	2	25	1380	0	1411
20008	7	1508	15	13	0	1543
20009	1531	13	6	11	0	1561
20010	1522	15	3	2	0	1542
20011	26	4	1540	1	0	1571
20012	21	1	13	1503	0	1538
20013	1532	5	12	16	0	1565
20014	18	3	1547	16	0	1584
20015	1506	1	17	7	0	1531
20016	17	1519	19	6	0	1561
20017	21	14	6	1541	0	1582
20018	11	15	4	1545	0	1575
20019	1586	6	7	33	0	1632
20020	20	4	3	1602	0	1629
20021	20	3	7	1574	0	1604
20022	7	1	4	1607	0	1619
20023	1553	1	3	46	0	1603
20024	21	1	1567	25	0	1614
20025	1531	1	20	14	0	1566
20026	1547	0	22	10	0	1579
20027	1578	1	9	8	0	1596
20028	39	3	6	1537	0	1585
20029	23	7	1583	22	0	1635
20030	11	1540	20	21	0	1592
20031	7	1592	24	6	0	1629
20032	6	1478	6	6	0	1496
20033	8	32	1459	7	0	1506
20034	9	20	22	1733	0	1784
20035	1789	3	27	30	0	1849
20036	1985	4	5	24	0	2018
20037	59	2	6	2077	0	2144
20038	38	4	2081	31	0	2154
20039	7	3	2083	41	0	2134
20040	7	0	61	2073	0	2141
20041	3	1	2125	43	0	2172
20042	1	1	39	2120	0	2161
20043	2	1	36	2035	0	2074
20044	4	2124	7	64	0	2199
20045	4	28	6	2136	0	2174
20046	3	32	6	2155	0	2196
20047	2117	5	4	67	0	2193
20048	36	4	2	2145	0	2187
20049	41	5	3	2126	0	2175
20050	2083	2	4	69	0	2158
20051	38	2088	8	40	0	2174
20052	2135	29	8	14	0	2186
20053	40	35	2111	12	0	2198
20054	2126	9	36	9	0	2180
20055	2087	5	47	5	0	2144
20056	68	7	2060	9	0	2144
20057	42	3	2059	8	0	2112
20058	17	1	70	1998	0	2086
20059	1997	0	42	39	0	2078
20060	37	3	1984	41	0	2065
20061	38	3	43	1976	0	2060
20062	12	2	2005	45	0	2064
20063	12	4	42	1971	0	2029
20064	7	1	45	1965	0	2018
20065	1966	0	10	78	0	2054
20066	1980	2	10	49	0	2041
20067	2011	4	13	13	0	2041
20068	74	2	1981	17	0	2074
20069	48	7	1982	9	0	2046
20070	16	5	68	1941	0	2030
20071	13	2	43	1968	0	2026
20072	16	2	16	2002	0	2036
20073	1905	2	12	80	0	1999
20074	35	1927	8	56	0	2026
20075	1932	35	9	19	0	1995
20076	1835	37	14	11	0	1897
20077	72	1868	11	17	0	1968
20078	48	1894	12	8	0	1962
20079	1862	66	10	12	0	1950
20080	46	39	6	1791	0	1882
20081	39	1855	11	47	0	1952
20082	20	35	9	1860	0	1924
20083	16	37	1814	57	0	1924
20084	16	10	37	1847	0	1910
20085	1799	4	49	49	0	1901
20086	37	5	1808	57	0	1907
20087	50	5	1822	23	0	1900
20088	30	56	74	1553	0	1713
20089	18	1716	52	44	0	1830
20090	18	1705	20	51	0	1794
20091	15	1756	24	21	0	1816
20092	1663	62	8	25	0	1758
20093	1637	33	14	25	0	1709
20094	1614	12	12	20	0	1658
20095	70	1596	9	26	0	1701
20096	1605	29	9	27	0	1670
20097	1591	29	15	15	0	1650
20098	70	13	1547	18	0	1648
20099	48	1499	36	17	0	1600
20100	29	30	45	1497	0	1601
20101	1504	33	21	39	0	1597
20102	51	9	1486	51	0	1597
20103	47	6	49	1412	0	1514
20104	17	1477	41	47	0	1582
20105	17	30	17	1478	0	1542
20106	18	35	26	1487	0	1566
20107	1498	11	16	72	0	1597
20108	1489	7	14	68	0	1578
20109	73	8	18	1487	0	1586
20110	50	8	1442	53	0	1553
20111	22	15	1431	54	0	1522
20112	1435	7	68	17	0	1527
20113	54	8	1478	22	0	1562
20114	53	14	42	1241	0	1350
20115	29	1389	45	35	0	1498
20116	1378	30	22	37	0	1467
20117	46	1389	16	24	0	1475
20118	1397	38	16	25	0	1476
20119	50	30	15	1386	0	1481
20120	50	7	15	1390	0	1462
20121	1388	14	12	67	0	1481
20122	1420	11	15	33	0	1479
20123	69	9	19	1393	0	1490
20124	46	15	16	1399	0	1476
20125	21	18	1374	56	0	1469
20126	27	12	1378	44	0	1461
20127	1336	17	55	24	0	1432
20128	44	18	1327	23	0	1412
20129	1352	10	36	21	0	1419
20130	1367	5	41	15	0	1428
20131	62	13	1303	21	0	1399
20132	49	1257	33	19	0	1358
20133	27	1288	40	12	0	1367
20134	11	26	980	12	0	1029
20135	48	123	37	758	0	966
20136	668	20	56	32	0	776
20137	624	4	1	10	0	639
20138	715	3	2	1	0	721
20139	884	0	1	3	0	888
20140	897	3	2	0	0	902
20141	23	915	3	4	0	945
20142	899	12	0	1	0	912
20143	14	895	3	0	0	912
20144	866	12	1	0	0	879
20145	12	7	849	0	0	868
20146	10	0	10	837	0	857
20147	4	3	8	778	0	793
20148	6	827	0	19	0	852
20149	837	15	2	6	0	860
20150	845	10	0	1	0	856
20151	23	4	2	828	0	857
20152	11	3	0	847	0	861
20153	835	3	2	20	0	860
20154	15	2	3	839	0	859
20155	9	0	1	855	0	865
20156	842	1	0	23	0	866
20157	16	3	0	836	0	855
20158	844	1	0	17	0	862
20159	841	0	0	12	0	853
20160	21	0	827	7	0	855
20161	837	0	13	6	0	856
20162	839	0	7	2	0	848
20163	840	1	0	7	0	848
20164	23	0	812	5	0	840
20165	14	0	13	799	0	826
20166	7	0	9	832	0	848
20167	10	0	814	21	0	845
20168	782	0	15	8	0	805
20169	18	1	9	791	0	819
20170	12	0	799	13	0	824
20171	7	2	802	12	0	823
20172	10	1	21	796	0	828
20173	4	1	822	14	0	841
20174	6	1	14	809	0	830
20175	5	0	12	822	0	839
20176	7	1	820	21	0	849
20177	6	2	16	766	0	790
20178	4	809	10	16	0	839
20179	2	830	8	10	0	850
20180	806	21	5	6	0	838
20181	812	8	6	5	0	831
20182	21	802	5	7	0	835
20183	808	15	1	8	0	832
20184	809	11	3	6	0	829
20185	28	3	2	795	0	828
20186	16	4	1	818	0	839
20187	794	7	1	25	0	827
20188	17	788	2	10	0	817
20189	21	812	0	1	0	834
20190	9	29	4	804	0	846
20191	11	14	818	21	0	864
20192	789	4	17	14	0	824
20193	821	3	9	9	0	842
20194	803	5	1	9	0	818
20195	36	805	3	7	0	851
20196	20	15	4	792	0	831
20197	12	18	4	818	0	852
20198	810	6	0	26	0	842
20199	19	808	4	14	0	845
20200	17	15	7	797	0	836
20201	15	10	3	804	0	832
20202	12	1	3	819	0	835
20203	798	3	6	26	0	833
20204	27	794	4	15	0	840
20205	13	19	3	767	0	802
20206	12	796	8	22	0	838
20207	793	19	3	13	0	828
20208	27	12	776	14	0	829
20209	743	5	20	10	0	778
20210	22	3	757	17	0	799
20211	14	9	17	747	0	787
20212	731	8	13	21	0	773
20213	26	7	722	15	0	770
20214	731	5	19	11	0	766
20215	750	5	14	10	0	779
20216	758	2	7	9	0	776
20217	32	0	8	729	0	769
20218	20	3	12	718	0	753
20219	15	1	6	739	0	761
20220	723	0	3	33	0	759
20221	23	720	9	16	0	768
20222	722	12	8	10	0	752
20223	741	7	5	16	0	769
20224	32	3	718	8	0	761
20225	728	4	17	11	0	760
20226	763	3	10	12	0	788
20227	29	5	8	748	0	790
20228	20	3	8	744	0	775
20229	15	5	6	748	0	774
20230	725	7	10	27	0	769
20231	715	3	5	21	0	744
20232	700	2	6	13	0	721
20233	18	671	9	10	0	708
20234	12	602	4	8	0	626
20235	8	605	8	8	0	629
20236	606	11	9	8	0	634
20237	11	4	596	11	0	622
20238	16	4	495	10	0	525
20239	309	8	4	3	0	324
20240	9	0	331	2	0	342
20241	3	1	1	267	0	272
20242	1	274	1	1	0	277
20243	282	1	0	1	0	284
20244	277	1	2	0	0	280
20245	281	0	0	0	0	281
20246	2	0	0	309	0	311
20247	1	1	318	2	0	322
20248	0	1	307	2	0	310
20249	307	1	2	1	0	311
20250	318	0	1	0	0	319
20251	318	0	0	0	0	318
20252	3	0	0	312	0	315
20253	1	1	0	318	0	320
20254	0	0	313	2	0	315
20255	298	1	1	1	0	301
20256	2	0	1	315	0	318
20257	1	0	1	311	0	313
20258	1	0	0	302	0	303
20259	1	306	0	2	0	309
20260	0	1	1	300	0	302
20261	0	1	0	301	0	302
20262	296	0	0	2	0	298
20263	2	1	299	1	0	303
20264	291	0	1	0	0	292
20265	300	0	1	0	0	301
20266	2	0	0	294	0	296
20267	1	0	0	294	0	295
20268	289	0	1	2	0	292
20269	2	0	290	1	0	293
20270	3	281	0	0	0	284
20271	1	1	1	276	0	279
20272	272	1	0	3	0	276
20273	1	0	0	271	0	272
20274	1	0	266	0	0	267
20275	1	0	259	1	0	261
20276	245	0	1	1	0	247
20277	0	0	1	268	0	269
20278	1	0	254	2	0	257
20279	253	1	0	2	0	256
20280	271	0	2	2	0	275
20281	1	0	0	274	0	275
20282	2	0	0	273	0	275
20283	0	269	1	1	0	271
20284	278	0	0	1	0	279
20285	1	1	0	277	0	279
20286	2	0	0	275	0	277
20287	0	0	278	1	0	279
20288	254	0	0	0	0	254
20289	270	0	1	0	0	271
20290	0	271	0	0	0	271
20291	0	0	253	1	0	254
20292	1	0	249	1	0	251
20293	0	2	0	247	0	249
20294	255	0	1	0	0	256
20295	0	0	0	252	0	252
20296	260	0	0	1	0	261
20297	259	0	0	1	0	260
20298	261	0	1	0	0	262
20299	1	0	0	266	0	267
20300	1	0	0	264	0	265
20301	267	0	0	1	0	268
20302	0	0	277	1	0	278
20303	249	1	0	0	0	250
20304	260	0	0	0	0	260
20305	0	0	265	1	0	266
20306	0	0	255	0	0	255
20307	0	262	0	0	0	262
20308	0	0	0	260	0	260
20309	235	0	0	1	0	236
20310	0	0	0	263	0	263
20311	0	2	274	0	0	276
20312	0	280	0	0	0	280
20313	1	269	0	0	0	270
20314	1	0	1	283	0	285
20315	0	0	0	277	0	277
20316	0	278	0	0	0	278
20317	1	0	275	0	0	276
20318	244	1	0	0	0	245
20319	280	0	0	0	0	280
20320	0	281	0	0	0	281
20321	276	0	0	0	0	276
20322	0	2	0	271	0	273
20323	256	0	0	0	0	256
20324	0	0	0	253	0	253
20325	0	272	0	0	0	272
20326	0	1	261	0	0	262
20327	0	0	1	277	0	278
20328	0	0	0	282	0	282
20329	0	0	0	302	0	302
20330	313	0	0	3	0	316
20331	4	0	0	322	0	326
20332	1	0	355	4	0	360
20333	0	1	370	1	0	372
20334	370	0	7	2	0	379
20335	6	1	385	0	0	392
20336	393	0	6	0	0	399
20337	6	0	1	439	0	446
20338	1	0	0	452	0	453
20339	0	0	0	483	0	483
20340	0	0	0	470	0	470
20341	457	0	0	10	0	467
20342	9	0	461	1	0	471
20343	1	0	9	450	0	460
20344	0	471	1	9	0	481
20345	468	9	0	1	0	478
20346	10	1	0	445	0	456
20347	436	0	0	10	0	446
20348	9	0	434	1	0	444
20349	1	0	9	408	0	418
20350	0	442	1	7	0	450
20351	456	8	0	1	0	465
20352	9	1	456	2	0	468
20353	1	0	10	450	0	461
20354	1	0	2	460	0	463
20355	459	0	0	10	0	469
20356	10	1	458	1	0	470
20357	2	0	472	1	0	475
20358	0	0	11	469	0	480
20359	0	1	469	12	0	482
20360	2	0	481	2	0	485
20361	1	0	12	469	0	482
20362	3	0	3	480	0	486
20363	0	0	4	490	0	494
20364	480	0	0	13	0	493
20365	8	495	1	2	0	506
20366	498	9	0	2	0	509
20367	11	2	1	492	0	506
20368	5	497	1	10	0	513
20369	2	9	1	513	0	525
20370	538	4	1	12	0	555
20371	10	584	2	4	0	600
20372	4	10	2	587	0	603
20373	2	6	600	11	0	619
20374	577	1	12	6	0	596
20375	12	0	5	607	0	624
20376	6	1	2	617	0	626
20377	3	0	603	16	0	622
20378	2	2	611	7	0	622
20379	586	0	14	5	0	605
20380	12	592	8	2	0	614
20381	8	8	2	587	0	605
20382	594	4	2	14	0	614
20383	13	2	620	6	0	641
20384	5	607	14	5	0	631
20385	6	8	6	607	0	627
20386	619	7	3	15	0	644
20387	622	0	3	9	0	634
20388	622	2	3	5	0	632
20389	16	618	1	5	0	640
20390	7	10	620	6	0	643
20391	4	5	12	621	0	642
20392	2	2	8	591	0	603
20393	2	2	3	631	0	638
20394	6	1	2	633	0	642
20395	626	2	4	16	0	648
20396	616	2	4	8	0	630
20397	17	2	614	7	0	640
20398	6	3	609	6	0	624
20399	601	1	18	5	0	625
20400	633	0	5	7	0	645
20401	16	3	5	606	0	630
20402	9	620	1	16	0	646
20403	617	12	3	9	0	641
20404	16	621	3	3	0	643
20405	6	615	6	8	0	635
20406	2	14	2	631	0	649
20407	5	6	1	643	0	655
20408	5	1	3	645	0	654
20409	3	2	3	638	0	646
20410	4	6	621	16	0	647
20411	603	0	13	11	0	627
20412	622	2	7	3	0	634
20413	18	0	4	610	0	632
20414	10	2	2	604	0	618
20415	597	3	1	17	0	618
20416	13	2	589	10	0	614
20417	609	3	11	2	0	625
20418	623	2	8	2	0	635
20419	14	3	601	6	0	624
20420	610	3	12	9	0	634
20421	16	1	7	627	0	651
20422	6	2	5	631	0	644
20423	8	2	2	630	0	642
20424	2	3	1	635	0	641
20425	595	1	3	16	0	615
20426	15	0	5	592	0	612
20427	9	0	3	569	0	581
20428	2	548	1	13	0	564
20429	1	548	2	10	0	561
20430	4	11	2	533	0	550
20431	524	4	2	8	0	538
20432	11	0	1	492	0	504
20433	6	5	458	7	0	476
20434	1	0	446	5	0	452
20435	437	0	9	2	0	448
20436	7	446	5	2	0	460
20437	405	4	4	3	0	416
20438	9	4	408	3	0	424
20439	7	2	1	386	0	396
20440	387	0	4	1	0	392
20441	1	390	1	4	0	396
20442	390	1	1	1	0	393
20443	3	3	414	0	0	420
20444	5	0	1	395	0	401
20445	2	0	3	402	0	407
20446	430	2	0	5	0	437
20447	429	0	0	4	0	433
20448	434	1	0	3	0	438
20449	436	1	0	2	0	439
20450	436	0	0	2	0	438
20451	4	423	0	2	0	429
20452	4	1	0	424	0	429
20453	432	3	0	2	0	437
20454	2	0	2	427	0	431
20455	4	0	1	426	0	431
20456	2	0	0	431	0	433
20457	1	419	0	5	0	425
20458	414	1	0	5	0	420
20459	2	4	0	420	0	426
20460	413	0	1	2	0	416
20461	401	1	0	4	0	406
20462	5	404	0	0	0	409
20463	407	1	1	3	0	412
20464	2	5	399	1	0	407
20465	390	0	0	2	0	392
20466	1	0	1	400	0	402
20467	1	0	401	1	0	403
20468	1	401	0	3	0	405
20469	3	1	395	0	0	399
20470	1	368	0	0	0	369
20471	337	0	0	1	0	338
20472	329	0	2	0	0	331
20473	321	1	0	1	0	323
20474	0	330	0	0	0	330
20475	318	0	0	0	0	318
20476	0	2	325	0	0	327
20477	0	0	342	0	0	342
20478	0	0	0	333	0	333
20479	0	0	0	346	0	346
20480	1	350	0	0	0	351
20481	352	0	0	5	0	357
20482	0	1	1	352	0	354
20483	1	345	1	0	0	347
20484	1	1	0	356	0	358
20485	356	1	0	1	0	358
20486	334	0	1	1	0	336
20487	3	0	338	1	0	342
20488	1	0	2	337	0	340
20489	0	1	340	1	0	342
20490	0	0	1	350	0	351
20491	0	1	351	1	0	353
20492	0	0	1	343	0	344
20493	0	1	356	1	0	358
20494	0	0	0	349	0	349
20495	0	0	358	1	0	359
20496	0	0	2	355	0	357
20497	0	0	1	367	0	368
20498	0	377	2	3	0	382
20499	1	3	0	380	0	384
20500	0	1	370	2	0	373
20501	0	0	2	366	0	368
20502	1	0	1	373	0	375
20503	370	0	0	5	0	375
20504	2	0	0	377	0	379
20505	1	0	0	371	0	372
20506	0	1	359	3	0	363
20507	338	0	3	4	0	345
20508	3	0	1	364	0	368
20509	2	0	0	363	0	365
20510	0	0	0	367	0	367
20511	365	0	0	4	0	369
20512	2	0	1	373	0	376
20513	1	0	0	375	0	376
20514	369	0	1	5	0	375
20515	2	369	0	3	0	374
20516	2	2	1	355	0	360
20517	0	2	0	363	0	365
20518	0	0	358	4	0	362
20519	292	0	3	5	0	300
20520	2	0	2	356	0	360
20521	3	1	348	2	0	354
20522	341	0	2	4	0	347
20523	2	0	3	367	0	372
20524	2	0	1	369	0	372
20525	1	0	0	371	0	372
20526	1	0	0	380	0	381
20527	0	0	384	7	0	391
20528	0	1	4	381	0	386
20529	2	0	4	503	0	509
20530	1	0	613	8	0	622
20531	645	1	9	5	0	660
20532	682	1	7	3	0	693
20533	703	1	2	2	0	708
20534	21	0	1	687	0	709
20535	698	0	0	14	0	712
20536	707	1	1	10	0	719
20537	25	0	0	699	0	724
20538	694	1	0	13	0	708
20539	690	1	1	10	0	702
20540	689	1	2	5	0	697
20541	690	0	3	4	0	697
20542	24	0	0	669	0	693
20543	12	647	2	17	0	678
20544	5	653	4	8	0	670
20545	6	657	2	2	0	667
20546	619	22	0	3	0	644
20547	640	8	0	5	0	653
20548	23	2	618	5	0	648
20549	630	1	13	1	0	645
20550	19	0	9	636	0	664
20551	15	0	2	651	0	668
20552	9	0	1	658	0	668
20553	639	0	1	23	0	663
20554	20	0	1	633	0	654
20555	15	623	1	16	0	655
20556	6	14	1	641	0	662
20557	3	14	644	14	0	675
20558	3	7	12	656	0	678
20559	650	4	9	15	0	678
20560	18	1	656	12	0	687
20561	14	1	15	656	0	686
20562	6	1	10	657	0	674
20563	7	2	2	662	0	673
20564	3	669	2	25	0	699
20565	4	12	1	686	0	703
20566	665	10	3	16	0	694
20567	663	3	1	13	0	680
20568	20	7	656	7	0	690
20569	13	4	667	5	0	689
20570	8	0	23	647	0	678
20571	3	0	14	677	0	694
20572	5	0	673	26	0	704
20573	5	1	17	625	0	648
20574	1	660	14	17	0	692
20575	679	12	3	18	0	712
20576	673	9	1	9	0	692
20577	662	3	0	6	0	671
20578	26	5	648	2	0	681
20579	17	1	14	665	0	697
20580	11	0	673	15	0	699
20581	638	6	19	13	0	676
20582	15	653	18	5	0	691
20583	12	13	6	644	0	675
20584	646	11	2	17	0	676
20585	18	2	3	648	0	671
20586	16	4	4	650	0	674
20587	5	2	639	27	0	673
20588	608	5	14	15	0	642
20589	22	638	11	8	0	679
20590	21	12	3	634	0	670
20591	644	11	5	15	0	675
20592	18	5	4	647	0	674
20593	638	3	3	19	0	663
20594	24	638	3	15	0	680
20595	663	13	2	9	0	687
20596	19	18	641	4	0	682
20597	641	2	12	10	0	665
20598	646	3	11	6	0	666
20599	651	0	4	11	0	666
20600	32	2	3	627	0	664
20601	18	3	6	619	0	646
20602	9	5	1	618	0	633
20603	5	614	2	30	0	651
20604	622	15	2	19	0	658
20605	19	10	2	623	0	654
20606	18	4	4	629	0	655
20607	11	3	4	641	0	659
20608	619	6	4	27	0	656
20609	16	0	4	633	0	653
20610	15	0	614	24	0	653
20611	9	617	15	20	0	661
20612	11	12	7	621	0	651
20613	6	11	3	631	0	651
20614	5	2	3	651	0	661
20615	4	2	635	32	0	673
20616	4	4	640	19	0	667
20617	7	4	24	631	0	666
20618	7	1	659	20	0	687
20619	4	0	18	667	0	689
20620	673	1	16	22	0	712
20621	692	2	6	17	0	717
20622	707	4	2	11	0	724
20623	29	2	665	7	0	703
20624	670	4	13	7	0	694
20625	20	4	12	678	0	714
20626	14	0	664	17	0	695
20627	7	1	674	9	0	691
20628	6	665	20	6	0	697
20629	3	551	16	2	0	572
20630	422	19	7	3	0	451
20631	2	4	1	406	0	413
20632	4	1	403	2	0	410
20633	1	2	1	374	0	378
20634	375	1	3	1	0	380
20635	4	0	420	1	0	425
20636	421	2	2	2	0	427
20637	445	0	4	2	0	451
20638	437	0	1	3	0	441
20639	7	438	0	1	0	446
20640	464	2	1	0	0	467
20641	3	4	0	469	0	476
20642	9	1	0	465	0	475
20643	2	0	1	473	0	476
20644	1	1	0	471	0	473
20645	458	0	3	7	0	468
20646	2	451	0	7	0	460
20647	5	443	0	2	0	450
20648	1	459	0	3	0	463
20649	466	7	0	1	0	474
20650	457	5	0	0	0	462
20651	463	2	0	0	0	465
20652	460	1	1	0	0	462
20653	7	1	0	460	0	468
20654	8	0	0	460	0	468
20655	463	0	0	7	0	470
20656	2	457	2	7	0	468
20657	454	1	0	1	0	456
20658	455	5	0	1	0	461
20659	6	1	0	462	0	469
20660	7	466	0	1	0	474
20661	0	2	0	476	0	478
20662	479	5	0	1	0	485
20663	2	1	483	6	0	492
20664	5	0	1	455	0	461
20665	1	474	7	1	0	483
20666	474	1	0	6	0	481
20667	463	4	0	5	0	472
20668	8	2	468	0	0	478
20669	5	458	3	1	0	467
20670	2	3	470	0	0	475
20671	1	4	0	437	0	442
20672	1	1	443	0	0	445
20673	0	0	431	5	0	436
20674	0	432	5	0	0	437
20675	421	2	6	0	0	429
20676	417	4	0	2	0	423
20677	5	428	1	1	0	435
20678	4	427	2	0	0	433
20679	1	5	408	1	0	415
20680	3	5	405	0	0	413
20681	1	0	408	2	0	411
20682	1	2	4	406	0	413
20683	2	2	412	1	0	417
20684	4	0	2	399	0	405
20685	3	1	5	397	0	406
20686	1	0	419	3	0	423
20687	1	420	1	7	0	429
20688	1	1	4	420	0	426
20689	421	3	1	3	0	428
20690	1	1	3	421	0	426
20691	5	2	424	4	0	435
20692	1	432	2	2	0	437
20693	2	454	4	3	0	463
20694	6	5	2	437	0	450
20695	424	4	3	2	0	433
20696	427	2	1	4	0	434
20697	6	1	0	420	0	427
20698	7	430	2	1	0	440
20699	3	2	0	442	0	447
20700	1	4	0	440	0	445
20701	2	2	1	441	0	446
20702	464	2	2	5	0	473
20703	3	469	4	5	0	481
20704	482	1	1	3	0	487
20705	496	3	1	4	0	504
20706	503	2	1	2	0	508
20707	524	0	0	4	0	528
20708	11	0	1	511	0	523
20709	8	2	520	5	0	535
20710	2	525	8	7	0	542
20711	514	8	4	1	0	527
20712	532	4	0	1	0	537
20713	532	1	1	4	0	538
20714	13	1	518	2	0	534
20715	503	4	7	2	0	516
20716	518	1	6	2	0	527
20717	13	0	1	508	0	522
20718	9	0	479	6	0	494
20719	3	472	7	9	0	491
20720	2	8	5	460	0	475
20721	447	9	1	8	0	465
20722	6	1	0	449	0	456
20723	5	1	1	453	0	460
20724	479	2	0	13	0	494
20725	7	2	490	7	0	506
20726	493	1	6	3	0	503
20727	486	0	6	0	0	492
20728	488	0	2	2	0	492
20729	490	3	0	0	0	493
20730	14	1	472	2	0	489
20731	9	0	10	457	0	476
20732	3	3	473	6	0	485
20733	3	2	8	465	0	478
20734	5	1	473	8	0	487
20735	416	3	8	5	0	432
20736	10	408	6	3	0	427
20737	5	410	3	2	0	420
20738	3	12	5	435	0	455
20739	4	4	3	432	0	443
20740	2	445	1	16	0	464
20741	445	12	4	5	0	466
20742	468	7	0	2	0	477
20743	507	3	2	3	0	515
20744	557	1	1	3	0	562
20745	23	0	1	556	0	580
20746	11	0	1	577	0	589
20747	575	3	1	20	0	599
20748	19	1	2	571	0	593
20749	8	1	556	15	0	580
20750	4	1	566	6	0	577
20751	5	1	20	557	0	583
20752	5	0	555	17	0	577
20753	546	1	16	8	0	571
20754	16	0	8	549	0	573
20755	552	0	5	17	0	574
20756	18	2	561	10	0	591
20757	6	1	17	548	0	572
20758	4	1	559	19	0	583
20759	1	546	19	8	0	574
20760	534	15	6	6	0	561
20761	548	5	2	1	0	556
20762	23	523	0	2	0	548
20763	521	16	2	3	0	542
20764	20	6	0	515	0	541
20765	8	2	2	529	0	541
20766	514	0	0	24	0	538
20767	19	507	3	7	0	536
20768	8	532	4	1	0	545
20769	5	21	1	514	0	541
20770	510	6	1	20	0	537
20771	531	1	1	7	0	540
20772	535	1	2	3	0	541
20773	24	1	513	4	0	542
20774	9	2	527	3	0	541
20775	6	517	23	2	0	548
20776	525	16	8	4	0	553
20777	19	9	3	517	0	548
20778	522	4	1	18	0	545
20779	536	1	1	10	0	548
20780	28	4	0	519	0	551
20781	18	1	517	18	0	554
20782	528	0	17	11	0	556
20783	19	0	12	524	0	555
20784	11	4	526	20	0	561
20785	517	1	17	12	0	547
20786	523	2	10	8	0	543
20787	27	3	5	500	0	535
20788	13	1	501	22	0	537
20789	7	0	20	483	0	510
20790	5	509	13	17	0	544
20791	9	16	502	11	0	538
20792	1	501	23	9	0	534
20793	482	21	9	4	0	516
20794	506	7	5	3	0	521
20795	511	3	1	4	0	519
20796	502	5	5	2	0	514
20797	30	4	2	483	0	519
20798	496	1	3	20	0	520
20799	21	3	3	491	0	518
20800	485	3	3	18	0	509
20801	25	476	3	8	0	512
20802	6	20	3	436	0	465
20803	6	451	4	19	0	480
20804	446	16	1	10	0	473
20805	437	6	1	6	0	450
20806	22	423	4	2	0	451
20807	9	13	4	406	0	432
20808	3	6	407	18	0	434
20809	7	6	13	393	0	419
20810	8	3	388	12	0	411
20811	6	1	13	365	0	385
20812	6	385	10	11	0	412
20813	390	13	2	5	0	410
20814	398	4	1	4	0	407
20815	16	4	3	386	0	409
20816	416	1	2	13	0	432
20817	16	1	2	408	0	427
20818	6	2	3	418	0	429
20819	7	1	5	424	0	437
20820	419	2	1	18	0	440
20821	436	3	1	12	0	452
20822	439	2	5	5	0	451
20823	21	425	2	4	0	452
20824	402	13	1	1	0	417
20825	14	377	4	5	0	400
20826	391	13	3	3	0	410
20827	14	4	3	375	0	396
20828	9	3	4	391	0	407
20829	385	2	3	14	0	404
20830	388	3	2	4	0	397
20831	17	381	2	5	0	405
20832	385	11	1	1	0	398
20833	19	3	0	374	0	396
20834	11	3	0	390	0	404
20835	384	2	2	16	0	404
20836	13	2	378	11	0	404
20837	5	357	10	9	0	381
20838	7	8	3	329	0	347
20839	6	2	315	7	0	330
20840	3	11	5	303	0	322
20841	297	1	1	8	0	307
20842	7	300	3	2	0	312
20843	1	252	1	2	0	256
20844	2	221	0	0	0	223
20845	3	5	0	200	0	208
20846	200	0	4	1	0	205
20847	1	0	0	196	0	197
20848	193	0	0	2	0	195
20849	196	0	0	1	0	197
20850	2	0	0	202	0	204
20851	204	1	0	1	0	206
20852	2	2	0	207	0	211
20853	0	1	209	2	0	212
20854	197	0	2	1	0	200
20855	1	0	228	1	0	230
20856	206	1	1	1	0	209
20857	3	1	223	0	0	227
20858	1	0	2	203	0	206
20859	0	0	1	217	0	218
20860	211	0	0	3	0	214
20861	1	0	0	217	0	218
20862	222	0	0	1	0	223
20863	2	222	0	1	0	225
20864	230	2	0	0	0	232
20865	2	1	0	244	0	247
20866	1	0	0	250	0	251
20867	0	1	0	249	0	250
20868	1	0	0	243	0	244
20869	1	0	237	2	0	240
20870	1	0	238	1	0	240
20871	0	1	3	241	0	245
20872	1	0	243	3	0	247
20873	0	240	3	2	0	245
20874	1	2	2	236	0	241
20875	1	1	238	3	0	243
20876	0	0	240	3	0	243
20877	2	0	4	250	0	256
20878	1	1	2	256	0	260
20879	0	267	0	6	0	273
20880	1	1	0	265	0	267
20881	0	3	264	4	0	271
20882	257	0	3	4	0	264
20883	4	0	3	279	0	286
20884	294	0	1	5	0	300
20885	298	1	0	3	0	302
20886	305	0	0	3	0	308
20887	3	0	304	1	0	308
20888	3	0	303	1	0	307
20889	276	0	6	1	0	283
20890	3	1	319	0	0	323
20891	3	1	2	305	0	311
20892	1	0	3	310	0	314
20893	0	0	318	6	0	324
20894	1	315	3	2	0	321
20895	306	3	3	1	0	313
20896	4	315	0	0	0	319
20897	4	320	0	0	0	324
20898	308	5	0	2	0	315
20899	4	4	305	1	0	314
20900	3	0	313	1	0	317
20901	1	1	8	301	0	311
20902	313	0	3	4	0	320
20903	3	323	0	3	0	329
20904	329	5	0	0	0	334
20905	4	6	327	0	0	337
20906	3	346	5	2	0	356
20907	1	4	3	354	0	362
20908	1	4	364	6	0	375
20909	1	0	5	359	0	365
20910	3	0	3	341	0	347
20911	1	1	0	376	0	378
20912	2	0	0	369	0	371
20913	357	0	0	11	0	368
20914	360	0	1	4	0	365
20915	10	2	358	1	0	371
20916	336	0	7	2	0	345
20917	6	336	4	0	0	346
20918	337	6	1	1	0	345
20919	5	3	342	1	0	351
20920	4	0	6	335	0	345
20921	1	0	343	6	0	350
20922	0	1	342	4	0	347
20923	2	0	9	332	0	343
20924	1	1	3	341	0	346
20925	1	0	335	7	0	343
20926	1	328	7	4	0	340
20927	0	332	4	0	0	336
20928	1	9	0	334	0	344
20929	327	3	0	8	0	338
20930	6	353	3	3	0	365
20931	3	7	356	0	0	366
20932	0	3	353	1	0	357
20933	1	1	361	0	0	363
20934	0	5	9	341	0	355
20935	356	0	3	7	0	366
20936	6	350	2	4	0	362
20937	3	8	351	0	0	362
20938	0	348	7	0	0	355
20939	3	6	3	343	0	355
20940	1	4	348	7	0	360
20941	1	351	9	4	0	365
20942	3	7	4	343	0	357
20943	2	3	2	356	0	363
20944	0	2	345	12	0	359
20945	0	2	7	336	0	345
20946	3	345	3	6	0	357
20947	0	7	344	5	0	356
20948	337	4	7	1	0	349
20949	8	0	5	344	0	357
20950	6	1	1	338	0	346
20951	2	334	2	8	0	346
20952	330	6	1	3	0	340
20953	6	4	325	2	0	337
20954	317	1	7	1	0	326
20955	6	0	3	309	0	318
20956	3	321	4	5	0	333
20957	1	4	2	323	0	330
20958	2	3	0	336	0	341
20959	323	1	2	8	0	334
20960	346	2	1	4	0	353
20961	12	2	1	340	0	355
20962	5	2	342	4	0	353
20963	316	2	6	4	0	328
20964	5	350	3	2	0	360
20965	3	6	3	335	0	347
20966	2	4	3	343	0	352
20967	1	0	2	355	0	358
20968	1	0	355	10	0	366
20969	1	0	8	352	0	361
20970	2	354	5	3	0	364
20971	1	3	1	345	0	350
20972	0	355	3	5	0	363
20973	2	4	1	354	0	361
20974	0	5	348	4	0	357
20975	322	1	5	4	0	332
20976	3	1	4	343	0	351
20977	2	0	325	5	0	332
20978	0	324	5	4	0	333
20979	320	3	5	1	0	329
20980	3	3	328	1	0	335
20981	312	6	5	0	0	323
20982	3	7	4	321	0	335
20983	4	0	0	315	0	319
20984	0	314	0	7	0	321
20985	309	3	2	3	0	317
20986	299	4	0	0	0	303
20987	6	308	1	1	0	316
20988	2	3	2	313	0	320
20989	2	3	0	312	0	317
20990	0	1	0	303	0	304
20991	0	2	291	6	0	299
20992	277	0	5	4	0	286
20993	3	0	3	286	0	292
20994	3	0	0	289	0	292
20995	2	0	285	5	0	292
20996	0	1	279	3	0	283
20997	0	0	7	285	0	292
20998	2	1	286	3	0	292
20999	281	1	3	2	0	287
21000	3	0	3	286	0	292
21001	2	1	0	293	0	296
21002	1	0	297	8	0	306
21003	0	1	2	288	0	291
21004	0	1	300	3	0	304
21005	0	290	1	5	0	296
21006	269	3	2	2	0	276
21007	271	3	1	1	0	276
21008	4	272	1	0	0	277
21009	2	0	1	275	0	278
21010	1	2	272	0	0	275
21011	1	2	0	273	0	276
21012	268	0	2	1	0	271
21013	0	277	3	2	0	282
21014	284	1	0	0	0	285
21015	2	2	0	284	0	288
21016	291	1	1	1	0	294
21017	2	284	1	5	0	292
21018	292	1	0	3	0	296
21019	2	2	289	1	0	294
21020	3	295	0	0	0	298
21021	1	1	2	282	0	286
21022	300	2	0	1	0	303
21023	303	2	0	2	0	307
21024	3	0	0	301	0	304
21025	306	0	0	2	0	308
21026	299	0	0	3	0	302
21027	322	0	1	1	0	324
21028	4	0	0	320	0	324
21029	4	0	326	2	0	332
21030	1	1	301	3	0	306
21031	0	0	317	0	0	317
21032	310	0	4	1	0	315
21033	1	0	3	319	0	323
21034	3	324	1	1	0	329
21035	1	1	0	325	0	327
21036	0	359	0	2	0	361
21037	352	1	0	2	0	355
21038	1	2	2	354	0	359
21039	2	0	0	383	0	385
21040	384	0	1	4	0	389
21041	2	1	0	381	0	384
21042	3	0	0	388	0	391
21043	392	0	0	4	0	396
21044	0	1	402	4	0	407
21045	1	0	1	398	0	400
21046	1	0	400	1	0	402
21047	388	2	3	3	0	396
21048	1	0	2	402	0	405
21049	402	1	1	2	0	406
21050	3	1	0	410	0	414
21051	2	1	418	5	0	426
21052	1	1	3	423	0	428
21053	438	1	2	3	0	444
21054	2	450	1	2	0	455
21055	2	4	453	1	0	460
21056	415	3	2	0	0	420
21057	2	444	3	2	0	451
21058	3	444	1	5	0	453
21059	2	459	0	0	0	461
21060	2	5	0	510	0	517
21061	512	3	1	2	0	518
21062	520	2	0	5	0	527
21063	7	0	518	0	0	525
21064	503	0	4	1	0	508
21065	6	511	5	1	0	523
21066	4	4	2	513	0	523
21067	545	3	7	4	0	559
21068	542	1	0	4	0	547
21069	543	0	0	2	0	545
21070	543	1	1	4	0	549
21071	550	0	1	1	0	552
21072	7	1	1	539	0	548
21073	4	1	539	4	0	548
21074	3	0	4	539	0	546
21075	1	0	3	541	0	545
21076	538	2	1	8	0	549
21077	4	532	0	5	0	541
21078	542	5	1	1	0	549
21079	546	3	0	2	0	551
21080	562	1	0	1	0	564
21081	563	1	0	1	0	565
21082	10	1	547	1	0	559
21083	539	0	3	2	0	544
21084	547	0	3	1	0	551
21085	497	0	3	0	0	500
21086	553	0	0	0	0	553
21087	6	0	1	536	0	543
21088	4	2	526	4	0	536
21089	512	0	4	4	0	520
21090	5	540	3	3	0	551
21091	5	4	1	528	0	538
21092	0	555	0	4	0	559
21093	2	6	1	545	0	554
21094	544	4	0	7	0	555
21095	554	1	1	4	0	560
21096	558	1	0	2	0	561
21097	10	2	533	0	0	545
21098	543	0	8	0	0	551
21099	6	1	534	0	0	541
21100	3	0	521	0	0	524
21101	1	0	537	3	0	541
21102	1	0	9	487	0	497
21103	2	0	4	530	0	536
21104	1	0	1	528	0	530
21105	0	0	0	537	0	537
21106	2	0	0	532	0	534
21107	2	0	0	521	0	523
21108	1	519	0	9	0	529
21109	512	4	1	4	0	521
21110	5	524	0	2	0	531
21111	4	5	0	526	0	535
21112	2	4	0	529	0	535
21113	521	1	0	8	0	530
21114	5	516	0	5	0	526
21115	518	4	1	2	0	525
21116	6	3	0	508	0	517
21117	5	2	1	509	0	517
21118	2	2	0	517	0	521
21119	2	1	512	10	0	525
21120	2	0	3	516	0	521
21121	3	2	505	4	0	514
21122	1	1	486	4	0	492
21123	1	3	510	1	0	515
21124	2	0	8	499	0	509
21125	2	1	4	521	0	528
21126	1	0	2	526	0	529
21127	513	1	2	8	0	524
21128	6	0	1	532	0	539
21129	534	0	0	6	0	540
21130	6	521	0	6	0	533
21131	549	5	0	2	0	556
21132	565	3	1	7	0	576
21133	12	589	0	1	0	602
21134	603	7	1	1	0	612
21135	606	4	1	2	0	613
21136	634	1	1	3	0	639
21137	638	1	2	3	0	644
21138	14	2	619	5	0	640
21139	5	601	8	3	0	617
21140	3	8	4	595	0	610
21141	594	6	1	9	0	610
21142	10	1	604	5	0	620
21143	6	588	9	7	0	610
21144	4	8	3	568	0	583
21145	2	591	1	11	0	605
21146	3	9	3	585	0	600
21147	3	4	0	598	0	605
21148	5	1	584	11	0	601
21149	3	2	578	2	0	585
21150	538	0	11	3	0	552
21151	9	1	571	4	0	585
21152	3	1	574	1	0	579
21153	3	0	10	542	0	555
21154	4	1	4	525	0	534
21155	2	544	1	13	0	560
21156	7	581	2	2	0	592
21157	0	14	578	2	0	594
21158	2	8	9	590	0	609
21159	2	4	597	9	0	612
21160	2	1	535	6	0	544
21161	1	530	15	0	0	546
21162	8	8	5	497	0	518
21163	500	6	1	6	0	513
21164	8	1	1	510	0	520
21165	511	0	2	7	0	520
21166	504	1	0	8	0	513
21167	498	0	1	2	0	501
21168	14	1	504	1	0	520
21169	506	0	8	1	0	515
21170	8	1	7	514	0	530
21171	515	2	0	8	0	525
21172	524	1	0	8	0	533
21173	14	516	0	4	0	534
21174	524	7	0	1	0	532
21175	8	7	517	1	0	533
21176	518	0	10	0	0	528
21177	519	3	6	2	0	530
21178	14	524	2	1	0	541
21179	522	7	0	0	0	529
21180	7	8	1	498	0	514
21181	7	1	0	496	0	504
21182	1	507	2	13	0	523
21183	2	8	0	519	0	529
21184	2	6	0	524	0	532
21185	1	3	512	15	0	531
21186	1	1	513	6	0	521
21187	489	0	15	2	0	506
21188	520	0	6	0	0	526
21189	11	0	2	533	0	546
21190	7	1	530	7	0	545
21191	1	524	8	6	0	539
21192	1	9	6	525	0	541
21193	2	7	536	8	0	553
21194	517	1	9	9	0	536
21195	8	1	8	549	0	566
21196	7	562	4	8	0	581
21197	2	8	1	564	0	575
21198	1	6	3	570	0	580
21199	0	2	1	583	0	586
21200	572	0	0	16	0	588
21201	9	1	0	577	0	587
21202	568	1	1	10	0	580
21203	570	1	0	10	0	581
21204	16	0	568	0	0	584
21205	7	571	10	1	0	589
21206	2	8	9	505	0	524
21207	2	620	3	3	0	628
21208	618	10	1	6	0	635
21209	11	8	1	618	0	638
21210	9	0	634	10	0	653
21211	0	2	635	10	0	647
21212	1	2	652	1	0	656
21213	621	0	19	1	0	641
21214	12	640	10	2	0	664
21215	639	10	2	1	0	652
21216	10	656	1	1	0	668
21217	11	11	1	635	0	658
21218	3	8	0	628	0	639
21219	2	648	0	17	0	667
21220	2	14	662	9	0	687
21221	3	676	11	1	0	691
21222	667	9	9	1	0	686
21223	11	8	4	644	0	667
21224	9	2	645	9	0	665
21225	2	4	643	7	0	656
21226	5	11	18	615	0	649
21227	2	1	635	7	0	645
21228	1	1	609	9	0	620
21229	564	2	17	0	0	583
21230	9	581	10	2	0	602
21231	565	7	1	1	0	574
21232	7	9	554	0	0	570
21233	11	532	5	0	0	548
21234	0	535	10	0	0	545
21235	7	13	6	526	0	552
21236	2	10	0	521	0	533
21237	1	0	0	528	0	529
21238	0	1	520	15	0	536
21239	1	0	5	519	0	525
21240	0	0	10	520	0	530
21241	520	0	0	15	0	535
21242	6	525	1	10	0	542
21243	10	5	0	521	0	536
21244	520	10	2	5	0	537
21245	523	0	1	10	0	534
21246	16	0	0	523	0	539
21247	10	1	537	5	0	553
21248	1	1	5	544	0	551
21249	1	0	544	5	0	550
21250	539	0	5	11	0	555
21251	555	0	10	1	0	566
21252	16	1	0	585	0	602
21253	11	0	585	5	0	601
21254	0	618	6	12	0	636
21255	0	10	631	0	0	641
21256	2	15	8	560	0	585
21257	0	624	10	6	0	640
21258	594	9	0	6	0	609
21259	9	8	0	574	0	591
21260	8	590	1	9	0	608
21261	603	8	2	7	0	620
21262	8	8	1	600	0	617
21263	8	618	2	7	0	635
21264	1	8	0	626	0	635
21265	2	8	612	8	0	630
21266	573	1	8	8	0	590
21267	601	1	8	1	0	611
21268	14	1	587	4	0	606
21269	7	589	8	2	0	606
21270	584	10	8	1	0	603
21271	9	8	3	583	0	603
21272	8	2	1	576	0	587
21273	1	1	2	587	0	591
21274	2	1	2	597	0	602
21275	0	1	3	596	0	600
21276	576	0	1	18	0	595
21277	580	3	1	8	0	592
21278	17	0	4	575	0	596
21279	7	1	1	595	0	604
21280	5	3	579	19	0	606
21281	3	2	571	8	0	584
21282	547	4	15	2	0	568
21283	11	2	9	560	0	582
21284	12	4	552	9	0	577
21285	4	2	9	556	0	571
21286	561	1	9	12	0	583
21287	592	0	2	13	0	607
21288	16	0	4	582	0	602
21289	10	0	4	582	0	596
21290	580	0	2	18	0	600
21291	10	2	1	583	0	596
21292	11	599	1	7	0	618
21293	2	10	2	589	0	603
21294	3	10	3	590	0	606
21295	2	3	586	15	0	606
21296	1	1	570	11	0	583
21297	2	598	18	4	0	622
21298	588	15	10	5	0	618
21299	590	10	3	2	0	605
21300	602	3	1	1	0	607
21301	18	575	3	11	0	607
21302	10	610	1	3	0	624
21303	600	19	2	3	0	624
21304	8	627	3	6	0	644
21305	10	10	613	2	0	635
21306	4	613	7	2	0	626
21307	2	8	571	4	0	585
21308	532	6	12	4	0	554
21309	570	1	5	3	0	579
21310	15	570	1	3	0	589
21311	576	7	2	3	0	588
21312	620	6	0	4	0	630
21313	627	1	0	4	0	632
21314	14	1	2	619	0	636
21315	640	3	0	10	0	653
21316	10	2	617	8	0	637
21317	623	1	7	4	0	635
21318	8	2	7	644	0	661
21319	9	2	625	8	0	644
21320	3	2	618	8	0	631
21321	4	1	13	612	0	630
21322	4	1	6	630	0	641
21323	629	2	3	13	0	647
21324	9	1	4	629	0	643
21325	7	4	634	9	0	654
21326	6	0	7	625	0	638
21327	2	646	8	10	0	666
21328	651	8	1	9	0	669
21329	9	5	0	659	0	673
21330	7	0	660	8	0	675
21331	3	647	7	9	0	666
21332	639	10	2	3	0	654
21333	10	3	1	645	0	659
21334	4	2	651	11	0	668
21335	3	637	9	5	0	654
21336	634	7	3	3	0	647
21337	636	2	1	5	0	644
21338	642	1	3	1	0	647
21339	8	0	2	641	0	651
21340	6	1	1	639	0	647
21341	636	0	1	12	0	649
21342	9	620	3	5	0	637
21343	632	8	0	4	0	644
21344	10	2	0	632	0	644
21345	643	0	1	10	0	654
21346	10	1	1	641	0	653
21347	4	1	1	639	0	645
21348	1	2	0	638	0	641
21349	1	0	2	640	0	643
21350	0	4	607	10	0	621
21351	2	1	586	1	0	590
21352	501	1	7	2	0	511
21353	8	2	608	2	0	620
21354	2	2	549	0	0	553
21355	522	2	3	0	0	527
21356	538	1	16	0	0	555
21357	4	1	0	570	0	575
21358	582	0	0	2	0	584
21359	2	601	1	0	0	604
21360	613	2	0	1	0	616
21361	604	0	0	1	0	605
21362	613	0	0	0	0	613
21363	3	0	0	601	0	604
21364	0	595	0	2	0	597
21365	0	610	0	0	0	610
21366	604	2	1	0	0	607
21367	610	0	0	0	0	610
21368	2	0	0	602	0	604
21369	1	1	0	596	0	598
21370	3	595	1	2	0	601
21371	583	2	0	0	0	585
21372	2	0	597	0	0	599
21373	0	0	2	586	0	588
21374	0	0	0	593	0	593
21375	0	0	607	2	0	609
21376	1	1	2	593	0	597
21377	0	505	2	2	0	509
21378	1	2	0	614	0	617
21379	0	0	0	610	0	610
21380	0	577	1	2	0	580
21381	0	608	1	0	0	609
21382	0	2	0	607	0	609
21383	610	0	0	2	0	612
21384	3	0	0	617	0	620
21385	0	0	0	621	0	621
21386	0	602	0	3	0	605
21387	0	2	0	606	0	608
21388	0	0	0	607	0	607
21389	0	0	0	609	0	609
21390	581	0	0	2	0	583
21391	3	0	0	590	0	593
21392	0	0	1	573	0	574
21393	1	1	0	569	0	571
21394	0	0	536	2	0	538
21395	461	0	2	1	0	464
21396	3	549	1	1	0	554
21397	535	1	0	0	0	536
21398	3	0	0	534	0	537
21399	0	0	536	1	0	537
21400	481	0	1	3	0	485
21401	2	0	600	1	0	603
21402	0	0	1	589	0	590
21403	617	0	0	2	0	619
21404	590	0	0	0	0	590
21405	598	0	0	0	0	598
21406	2	0	0	600	0	602
21407	0	0	0	622	0	622
21408	0	0	0	625	0	625
21409	0	592	0	2	0	594
21410	0	599	2	0	0	601
21411	0	601	0	0	0	601
21412	0	571	0	4	0	575
21413	1	0	0	579	0	580
21414	0	0	0	573	0	573
21415	565	0	0	0	0	565
21416	564	0	0	0	0	564
21417	565	0	0	2	0	567
21418	0	0	1	558	0	559
21419	0	0	0	567	0	567
21420	553	1	0	0	0	554
21421	551	0	0	0	0	551
21422	3	0	565	0	0	568
21423	0	0	558	1	0	559
21424	0	2	567	0	0	569
21425	1	0	600	0	0	601
21426	2	1	0	599	0	602
21427	607	0	0	1	0	608
21428	1	610	0	0	0	611
21429	1	1	0	633	0	635
21430	1	0	651	0	0	652
21431	1	676	0	0	0	677
21432	1	0	0	684	0	685
21433	0	2	686	2	0	690
21434	0	0	0	660	0	660
21435	0	1	0	674	0	675
21436	675	0	0	0	0	675
21437	1	0	0	678	0	679
21438	0	1	686	1	0	688
21439	0	0	0	683	0	683
21440	0	732	0	0	0	732
21441	1	0	0	748	0	749
21442	1	0	1	770	0	772
21443	1	0	0	765	0	766
21444	770	0	0	2	0	772
21445	770	0	1	0	0	771
21446	786	0	1	4	0	791
21447	780	1	0	0	0	781
21448	0	2	779	1	0	782
21449	766	0	0	0	0	766
21450	782	1	0	0	0	783
21451	0	3	778	0	0	781
21452	0	1	810	0	0	811
21453	0	0	0	785	0	785
21454	0	795	2	0	0	797
21455	828	0	0	1	0	829
21456	851	0	0	5	0	856
21457	838	0	1	4	0	843
21458	2	0	0	831	0	833
21459	0	837	1	0	0	838
21460	837	0	1	1	0	839
21461	842	0	0	0	0	842
21462	1	0	0	831	0	832
21463	1	0	821	2	0	824
21464	824	0	0	4	0	828
21465	0	0	0	855	0	855
21466	863	0	0	6	0	869
21467	0	1	0	872	0	873
21468	0	2	879	1	0	882
21469	918	1	0	7	0	926
21470	1	1	0	960	0	962
21471	0	0	0	972	0	972
21472	0	0	1	960	0	961
21473	1	0	0	962	0	963
21474	971	0	0	0	0	971
21475	1	0	0	963	0	964
21476	2	953	1	1	0	957
21477	0	1	0	979	0	980
21478	1	988	0	3	0	992
21479	1	2	0	998	0	1001
21480	1	0	1	1005	0	1007
21481	0	992	2	4	0	998
21482	0	2	1	1006	0	1009
21483	0	1	1	997	0	999
21484	983	0	1	4	0	988
21485	3	3	1014	2	0	1022
21486	0	2	2	1033	0	1037
21487	1031	0	0	5	0	1036
21488	1021	0	2	0	0	1023
21489	1035	1	0	1	0	1037
21490	2	0	1057	1	0	1060
21491	1	1	1046	2	0	1050
21492	0	1	2	1061	0	1064
21493	1085	0	0	4	0	1089
21494	5	1	1074	1	0	1081
21495	1042	1	2	2	0	1047
21496	3	1116	2	0	0	1121
21497	0	2	0	1178	0	1180
21498	0	0	0	1190	0	1190
21499	1206	0	0	3	0	1209
21500	2	0	0	1209	0	1211
21501	1140	1	0	5	0	1146
21502	1159	0	0	0	0	1159
21503	2	0	0	1150	0	1152
21504	0	0	0	1156	0	1156
21505	1145	0	0	2	0	1147
21506	2	2	1163	0	0	1167
21507	1124	0	2	2	0	1128
21508	3	4	1211	0	0	1218
21509	1189	1	2	2	0	1194
21510	1250	0	0	2	0	1252
21511	1237	1	0	1	0	1239
21512	1225	0	0	3	0	1228
21513	2	1232	3	1	0	1238
21514	1250	2	0	0	0	1252
21515	1259	0	1	1	0	1261
21516	3	1327	4	2	0	1336
21517	1338	4	0	5	0	1347
21518	5	4	1329	0	0	1338
21519	1302	0	4	1	0	1307
21520	5	0	1355	1	0	1361
21521	0	0	5	1346	0	1351
21522	1	0	1	1356	0	1358
21523	1	4	1342	6	0	1353
21524	0	0	6	1340	0	1346
21525	3	6	2	1102	0	1113
21526	1391	1	0	7	0	1399
21527	4	2	0	1389	0	1395
21528	2	0	0	1385	0	1387
21529	1	0	0	1353	0	1354
21530	2	1316	2	4	0	1324
21531	5	4	0	1308	0	1317
21532	1330	0	1	6	0	1337
21533	6	4	1337	1	0	1348
21534	1	1	5	1362	0	1369
21535	2	0	1360	7	0	1369
21536	1307	1	6	2	0	1316
21537	9	2	1	1437	0	1449
21538	2	3	1968	8	0	1981
21539	3	1	26	1978	0	2008
21540	6	0	16	1932	0	1954
21541	3	1983	3	44	0	2033
21542	2	30	2	2041	0	2075
21543	6	21	1	2196	0	2224
21544	3	7	2187	54	0	2251
21545	3	4	35	2182	0	2224
21546	1	1	23	2205	0	2230
21547	2161	1	2	60	0	2224
21548	2149	1	5	27	0	2182
21549	60	2170	3	9	0	2242
21550	2215	33	4	10	0	2262
21551	2210	24	5	6	0	2245
21552	59	2160	5	10	0	2234
21553	26	36	4	2156	0	2222
21554	2198	25	1	34	0	2258
21555	2214	3	1	27	0	2245
21556	2160	7	0	7	0	2174
21557	62	2122	6	6	0	2196
21558	33	38	2155	7	0	2233
21559	2199	28	35	11	0	2273
21560	2237	5	28	3	0	2273
21561	76	2249	3	6	0	2334
21562	2270	46	4	3	0	2323
21563	2299	28	5	2	0	2334
21564	77	3	2	2270	0	2352
21565	32	9	2305	43	0	2389
21566	13	0	45	2356	0	2414
21567	13	3	27	2365	0	2408
21568	7	7	3	2392	0	2409
21569	8	3	2308	74	0	2393
21570	9	5	44	2258	0	2316
21571	4	4	32	2328	0	2368
21572	6	1	7	2353	0	2367
21573	6	2	3	2372	0	2383
21574	6	3	3	2337	0	2349
21575	8	2298	7	81	0	2394
21576	5	43	6	2334	0	2388
21577	3	30	6	2374	0	2413
21578	9	6	2315	83	0	2413
21579	5	5	42	2506	0	2558
21580	6	3	30	2540	0	2579
21581	7	2	6	2681	0	2696
21582	6	7	9	2709	0	2731
21583	2668	3	3	109	0	2783
21584	56	3	2	2730	0	2791
21585	45	6	5	2717	0	2773
21586	16	7	2631	109	0	2763
21587	14	2570	52	57	0	2693
21588	9	2673	43	30	0	2755
21589	2615	85	13	23	0	2736
21590	55	2650	11	22	0	2738
21591	39	56	8	2609	0	2712
21592	2592	44	2	65	0	2703
21593	59	8	2620	51	0	2738
21594	45	15	50	2564	0	2674
21595	15	2632	43	60	0	2750
21596	24	51	9	2522	0	2606
21597	8	2613	9	73	0	2703
21598	15	55	6	2629	0	2705
21599	2559	48	9	60	0	2676
21600	65	19	2604	59	0	2747
21601	51	15	56	2442	0	2564
21602	19	2618	48	66	0	2751
21603	2627	61	13	54	0	2755
21604	66	51	2613	34	0	2764
21605	57	13	58	2622	0	2750
21606	19	13	2610	79	0	2721
21607	22	4	72	2591	0	2689
21608	16	16	2560	80	0	2672
21609	11	9	65	2526	0	2611
21610	14	11	53	2549	0	2627
21611	2481	4	20	117	0	2622
21612	2530	12	13	76	0	2631
21613	108	11	12	2463	0	2594
21614	59	2456	15	80	0	2610
21615	23	58	8	2523	0	2612
21616	23	50	11	2473	0	2557
21617	2365	8	14	129	0	2516
21618	66	2394	8	71	0	2539
21619	2409	62	10	35	0	2516
21620	2389	51	5	43	0	2488
21621	100	2307	17	29	0	2453
21622	59	2397	18	38	0	2512
21623	2333	97	7	37	0	2474
21624	75	54	2303	36	0	2468
21625	2307	18	62	34	0	2421
21626	2313	17	45	33	0	2408
21627	120	2251	14	30	0	2415
21628	67	70	12	1964	0	2113
21629	23	2290	14	80	0	2407
21630	2277	70	11	63	0	2421
21631	2313	53	19	37	0	2422
21632	105	23	20	2222	0	2370
21633	64	26	11	2246	0	2347
21634	2135	19	8	123	0	2285
21635	65	2168	13	76	0	2322
21636	58	2158	12	46	0	2274
21637	25	2143	15	41	0	2224
21638	20	1550	7	20	0	1597
21639	10	1590	10	20	0	1630
21640	19	88	10	1491	0	1608
21641	15	43	1452	43	0	1553
21642	9	1429	34	36	0	1508
21643	1244	51	19	26	0	1340
21644	43	29	9	1242	0	1323
21645	1231	15	8	30	0	1284
21646	37	1227	12	24	0	1300
21647	1245	35	6	18	0	1304
21648	37	1240	11	12	0	1300
21649	29	33	23	1208	0	1293
21650	1218	27	9	30	0	1284
21651	1234	11	7	32	0	1284
21652	52	8	9	1221	0	1290
21653	27	8	10	1211	0	1256
21654	20	1202	6	53	0	1281
21655	19	34	3	1202	0	1258
21656	17	23	3	1211	0	1254
21657	14	14	5	1193	0	1226
21658	17	1149	3	57	0	1226
21659	1057	21	4	26	0	1108
21660	19	1087	3	22	0	1131
21661	1044	28	5	22	0	1099
21662	30	1049	4	14	0	1097
21663	26	27	1019	7	0	1079
21664	21	20	25	971	0	1037
21665	13	11	939	22	0	985
21666	12	12	909	14	0	947
21667	10	15	29	892	0	946
21668	10	7	923	27	0	967
21669	12	6	27	894	0	939
21670	11	5	20	901	0	937
21671	13	7	10	920	0	950
21672	904	6	4	36	0	950
21673	26	9	3	907	0	945
21674	18	12	3	907	0	940
21675	868	7	1	35	0	911
21676	29	853	4	24	0	910
21677	18	814	5	18	0	855
21678	15	836	4	14	0	869
21679	10	80	5	585	0	680
21680	9	14	616	20	0	659
21681	464	7	14	10	0	495
21682	14	473	10	4	0	501
21683	432	11	2	0	0	445
21684	434	7	1	2	0	444
21685	436	4	0	2	0	442
21686	17	3	431	1	0	452
21687	9	3	10	421	0	443
21688	3	4	4	436	0	447
21689	3	2	3	434	0	442
21690	2	3	2	424	0	431
21691	2	424	4	14	0	444
21692	414	11	2	8	0	435
21693	14	3	402	3	0	422
21694	375	3	10	2	0	390
21695	13	1	3	371	0	388
21696	4	356	2	11	0	373
21697	2	372	1	4	0	379
21698	0	32	0	318	0	350
21699	1	341	0	7	0	349
21700	284	7	0	1	0	292
21701	7	1	276	0	0	284
21702	0	1	3	245	0	249
21703	0	0	0	252	0	252
21704	0	0	1	251	0	252
21705	1	0	0	252	0	253
21706	249	1	0	4	0	254
21707	4	255	0	0	0	259
21708	282	4	0	0	0	286
21709	4	0	0	294	0	298
21710	2	0	1	320	0	323
21711	0	329	0	6	0	335
21712	330	5	0	4	0	339
21713	338	3	1	2	0	344
21714	7	348	0	1	0	356
21715	3	4	0	314	0	321
21716	2	338	0	4	0	344
21717	325	4	1	5	0	335
21718	4	4	334	2	0	344
21719	3	3	323	0	0	329
21720	297	0	5	1	0	303
21721	2	328	4	0	0	334
21722	3	4	1	323	0	331
21723	1	3	0	322	0	326
21724	0	3	321	6	0	330
21725	1	1	2	323	0	327
21726	1	0	4	314	0	319
21727	1	312	2	5	0	320
21728	0	3	0	320	0	323
21729	0	4	0	317	0	321
21730	313	2	0	7	0	322
21731	4	306	0	5	0	315
21732	3	314	2	1	0	320
21733	0	5	1	311	0	317
21734	1	4	0	312	0	317
21735	0	3	0	316	0	319
21736	0	308	0	9	0	317
21737	1	3	0	312	0	316
21738	0	3	1	310	0	314
21739	0	2	0	317	0	319
21740	0	1	1	312	0	314
21741	0	306	0	8	0	314
21742	1	313	0	7	0	321
21743	313	4	0	3	0	320
21744	307	4	1	1	0	313
21745	6	1	0	317	0	324
21746	4	3	335	4	0	346
21747	3	0	3	333	0	339
21748	1	0	3	337	0	341
21749	326	2	1	8	0	337
21750	3	336	0	5	0	344
21751	5	4	0	338	0	347
21752	3	3	0	339	0	345
21753	0	3	332	8	0	343
21754	0	1	328	5	0	334
21755	1	1	6	329	0	337
21756	0	2	4	324	0	330
21757	2	331	2	7	0	342
21758	2	335	1	4	0	342
21759	330	6	0	4	0	340
21760	5	4	1	336	0	346
21761	4	1	333	4	0	342
21762	1	333	5	5	0	344
21763	3	4	3	347	0	357
21764	343	6	1	5	0	355
21765	6	2	0	351	0	359
21766	352	3	0	5	0	360
21767	6	351	3	4	0	364
21768	337	3	2	3	0	345
21769	4	5	1	345	0	355
21770	4	4	362	5	0	375
21771	3	3	3	360	0	369
21772	3	389	6	4	0	402
21773	1	5	2	384	0	392
21774	1	406	4	8	0	419
21775	1	8	2	421	0	432
21776	1	9	403	10	0	423
21777	3	3	394	8	0	408
21778	3	1	408	5	0	417
21779	394	0	12	6	0	412
21780	7	398	8	2	0	415
21781	7	408	3	3	0	421
21782	404	12	1	5	0	422
21783	412	9	1	8	0	430
21784	14	5	2	395	0	416
21785	9	3	396	9	0	417
21786	3	4	392	8	0	407
21787	5	1	11	389	0	406
21788	392	3	9	7	0	411
21789	5	396	5	9	0	415
21790	10	6	1	395	0	412
21791	389	8	2	8	0	407
21792	394	3	2	11	0	410
21793	15	1	388	8	0	412
21794	376	5	7	2	0	390
21795	7	5	401	7	0	420
21796	10	2	411	4	0	427
21797	4	3	12	400	0	419
21798	1	1	11	408	0	421
21799	4	1	5	413	0	423
21800	2	1	397	16	0	416
21801	393	3	7	11	0	414
21802	10	3	6	416	0	435
21803	420	4	3	8	0	435
21804	417	0	2	13	0	432
21805	13	433	4	6	0	456
21806	9	453	4	4	0	470
21807	5	457	3	3	0	468
21808	6	14	2	429	0	451
21809	2	10	429	7	0	448
21810	3	3	5	386	0	397
21811	3	401	5	6	0	415
21812	1	402	1	6	0	410
21813	1	8	2	399	0	410
21814	384	6	1	3	0	394
21815	4	385	1	5	0	395
21816	6	382	1	1	0	390
21817	394	9	1	2	0	406
21818	4	6	0	403	0	413
21819	6	2	0	400	0	408
21820	3	0	1	410	0	414
21821	402	0	2	13	0	417
21822	402	0	1	9	0	412
21823	10	0	1	406	0	417
21824	8	1	400	5	0	414
21825	381	1	4	7	0	393
21826	5	1	5	410	0	421
21827	4	3	407	5	0	419
21828	2	1	400	6	0	409
21829	1	0	9	406	0	416
21830	0	0	437	5	0	442
21831	2	1	6	470	0	479
21832	1	1	5	461	0	468
21833	2	1	2	489	0	494
21834	481	2	0	10	0	493
21835	4	3	0	493	0	500
21836	6	1	0	489	0	496
21837	4	0	1	498	0	503
21838	1	0	1	497	0	499
21839	0	1	475	12	0	488
21840	0	479	6	8	0	493
21841	1	4	5	488	0	498
21842	3	7	2	473	0	485
21843	0	476	1	9	0	486
21844	0	487	1	8	0	496
21845	482	8	0	2	0	492
21846	4	458	0	1	0	463
21847	5	6	2	457	0	470
21848	3	5	471	4	0	483
21849	438	1	5	6	0	450
21850	4	1	462	2	0	469
21851	445	0	5	2	0	452
21852	453	1	5	1	0	460
21853	9	0	459	2	0	470
21854	9	0	5	434	0	448
21855	3	446	5	6	0	460
21856	0	4	2	459	0	465
21857	471	5	0	7	0	483
21858	472	2	0	6	0	480
21859	8	470	1	2	0	481
21860	472	5	0	0	0	477
21861	7	6	0	468	0	481
21862	470	2	0	8	0	480
21863	464	1	1	5	0	471
21864	10	1	0	459	0	470
21865	469	1	0	4	0	474
21866	455	1	0	5	0	461
21867	8	1	459	5	0	473
21868	450	0	5	2	0	457
21869	7	2	456	0	0	465
21870	3	0	426	0	0	429
21871	3	454	9	0	0	466
21872	1	2	3	425	0	431
21873	0	3	442	3	0	448
21874	0	1	429	2	0	432
21875	424	0	5	2	0	431
21876	3	0	3	435	0	441
21877	2	0	1	446	0	449
21878	2	0	0	468	0	470
21879	0	0	0	476	0	476
21880	1	1	0	478	0	480
21881	1	0	470	8	0	479
21882	0	0	461	3	0	464
21883	1	0	7	463	0	471
21884	461	0	4	5	0	470
21885	6	464	2	2	0	474
21886	2	5	1	455	0	463
21887	455	2	0	6	0	463
21888	6	465	0	2	0	473
21889	3	5	1	468	0	477
21890	2	2	0	475	0	479
21891	0	2	0	480	0	482
21892	469	0	0	9	0	478
21893	6	0	464	3	0	473
21894	452	0	5	1	0	458
21895	6	1	2	462	0	471
21896	3	0	1	436	0	440
21897	2	440	0	7	0	449
21898	2	5	432	3	0	442
21899	414	3	5	2	0	424
21900	436	1	2	2	0	441
21901	8	1	438	2	0	449
21902	413	0	5	0	0	418
21903	7	425	3	1	0	436
21904	3	437	1	1	0	442
21905	1	422	1	1	0	425
21906	391	5	3	2	0	401
21907	4	4	396	0	0	404
21908	2	5	4	375	0	386
21909	2	374	2	4	0	382
21910	0	385	3	0	0	388
21911	1	375	0	1	0	377
21912	1	11	2	297	0	311
21913	366	0	1	5	0	372
21914	4	366	1	1	0	372
21915	2	4	0	368	0	374
21916	1	0	0	372	0	373
21917	349	0	2	6	0	357
21918	4	0	1	357	0	362
21919	0	1	0	367	0	368
21920	1	0	361	6	0	368
21921	2	1	5	350	0	358
21922	1	0	1	371	0	373
21923	358	1	0	7	0	366
21924	364	1	0	1	0	366
21925	4	0	0	362	0	366
21926	352	0	0	8	0	360
21927	355	0	1	1	0	357
21928	5	359	2	1	0	367
21929	1	4	364	3	0	372
21930	4	339	4	2	0	349
21931	3	10	0	295	0	308
21932	285	0	1	6	0	292
21933	5	289	3	0	0	297
21934	1	4	3	290	0	298
21935	284	0	0	5	0	289
21936	288	0	0	2	0	290
21937	3	4	0	283	0	290
21938	3	0	290	4	0	297
21939	3	1	4	289	0	297
21940	1	2	0	290	0	293
21941	1	1	292	6	0	300
21942	1	3	2	291	0	297
21943	0	2	0	292	0	294
21944	296	1	1	3	0	301
21945	3	1	2	292	0	298
21946	4	0	0	304	0	308
21947	292	0	2	5	0	299
21948	283	0	0	2	0	285
21949	284	4	0	0	0	288
21950	3	2	284	0	0	289
21951	1	2	3	274	0	280
21952	3	286	0	3	0	292
21953	1	3	3	295	0	302
21954	2	1	310	5	0	318
21955	0	3	3	291	0	297
21956	0	2	313	4	0	319
21957	291	3	3	1	0	298
21958	298	0	1	1	0	300
21959	3	0	3	292	0	298
21960	2	1	0	297	0	300
21961	0	2	0	280	0	282
21962	0	296	1	3	0	300
21963	297	4	0	1	0	302
21964	300	1	0	3	0	304
21965	5	0	0	290	0	295
21966	1	2	1	290	0	294
21967	0	0	0	304	0	304
21968	0	0	0	302	0	302
21969	3	0	298	3	0	304
21970	1	0	2	300	0	303
21971	274	0	1	6	0	281
21972	273	0	1	1	0	275
21973	3	0	0	274	0	277
21974	1	1	262	4	0	268
21975	259	0	2	1	0	262
21976	4	1	1	259	0	265
21977	1	249	0	4	0	254
21978	1	240	0	1	0	242
21979	234	1	0	0	0	235
21980	0	2	0	237	0	239
21981	1	0	0	241	0	242
21982	0	0	0	251	0	251
21983	0	0	0	261	0	261
21984	1	0	0	268	0	269
21985	0	1	275	4	0	280
21986	0	0	271	3	0	274
21987	0	1	276	0	0	277
21988	1	1	4	261	0	267
21989	0	1	276	2	0	279
21990	0	0	2	282	0	284
21991	2	0	2	285	0	289
21992	1	1	0	297	0	299
21993	311	0	0	5	0	316
21994	2	0	1	321	0	324
21995	2	0	0	325	0	327
21996	325	0	0	5	0	330
21997	3	328	1	2	0	334
21998	2	343	0	1	0	346
21999	338	5	0	1	0	344
22000	4	341	0	1	0	346
22001	342	3	0	2	0	347
22002	336	2	0	1	0	339
22003	343	0	0	0	0	343
22004	339	0	0	1	0	340
22005	333	0	0	6	0	339
22006	9	335	1	2	0	347
22007	332	6	0	2	0	340
22008	330	7	0	1	0	338
22009	8	340	0	3	0	351
22010	369	7	1	1	0	378
22011	370	2	3	1	0	376
22012	411	2	1	0	0	414
22013	449	1	0	0	0	450
22014	14	1	498	0	0	513
22015	10	1	5	538	0	554
22016	3	4	6	544	0	557
22017	6	0	544	13	0	563
22018	5	2	537	7	0	551
22019	537	4	12	0	0	553
22020	11	1	7	541	0	560
22021	12	1	556	6	0	575
22022	5	0	550	8	0	563
22023	543	2	12	1	0	558
22024	554	2	11	2	0	569
22025	550	1	1	6	0	558
22026	15	0	545	5	0	565
22027	11	2	9	539	0	561
22028	4	1	559	5	0	569
22029	544	0	6	12	0	562
22030	6	0	558	7	0	571
22031	7	1	10	539	0	557
22032	3	1	12	521	0	537
22033	6	561	2	12	0	581
22034	573	6	0	9	0	588
22035	9	8	566	2	0	585
22036	574	0	12	0	0	586
22037	7	0	589	6	0	602
22038	11	0	9	574	0	594
22039	6	0	8	577	0	591
22040	2	1	6	587	0	596
22041	572	0	3	17	0	592
22042	6	0	2	586	0	594
22043	9	4	2	565	0	580
22044	7	563	2	13	0	585
22045	0	5	8	579	0	592
22046	554	7	1	8	0	570
22047	5	1	568	10	0	584
22048	10	1	7	565	0	583
22049	3	0	570	8	0	581
22050	5	552	7	12	0	576
22051	7	5	573	3	0	588
22052	546	12	7	6	0	571
22053	554	0	12	9	0	575
22054	13	4	4	539	0	560
22055	547	0	6	14	0	567
22056	552	1	3	16	0	572
22057	11	0	11	553	0	575
22058	9	2	5	558	0	574
22059	2	1	551	15	0	569
22060	8	558	8	9	0	583
22061	557	5	17	5	0	584
22062	10	555	10	2	0	577
22063	17	6	6	548	0	577
22064	9	8	2	563	0	582
22065	14	1	4	558	0	577
22066	11	0	5	562	0	578
22067	3	1	538	19	0	561
22068	516	0	11	19	0	546
22069	541	1	16	3	0	561
22070	17	5	4	545	0	571
22071	547	1	4	13	0	565
22072	9	6	2	547	0	564
22073	11	3	524	16	0	554
22074	5	4	12	515	0	536
22075	6	516	9	12	0	543
22076	4	6	6	500	0	516
22077	6	534	9	10	0	559
22078	6	6	8	502	0	522
22079	8	535	0	15	0	558
22080	522	5	2	18	0	547
22081	16	8	521	8	0	553
22082	12	498	9	12	0	531
22083	6	502	9	8	0	525
22084	4	11	11	483	0	509
22085	4	14	0	487	0	505
22086	7	0	5	494	0	506
22087	6	5	5	486	0	502
22088	1	480	8	18	0	507
22089	4	12	2	478	0	496
22090	5	8	5	466	0	484
22091	455	6	5	11	0	477
22092	10	3	5	462	0	480
22093	13	4	443	6	0	466
22094	9	2	427	14	0	452
22095	413	1	8	7	0	429
22096	12	425	7	8	0	452
22097	10	431	1	7	0	449
22098	3	8	3	426	0	440
22099	3	9	2	432	0	446
22100	3	3	427	9	0	442
22101	390	6	3	8	0	407
22102	410	4	7	5	0	426
22103	7	3	428	10	0	448
22104	5	5	420	9	0	439
22105	417	1	7	11	0	436
22106	442	2	7	6	0	457
22107	446	2	4	4	0	456
22108	448	1	5	3	0	457
22109	14	430	0	6	0	450
22110	411	5	1	6	0	423
22111	6	6	389	10	0	411
22112	9	6	355	5	0	375
22113	2	1	350	5	0	358
22114	1	33	3	236	0	273
22115	232	0	0	1	0	233
22116	235	0	1	0	0	236
22117	0	0	0	239	0	239
22118	1	0	1	224	0	226
22119	0	0	1	228	0	229
22120	0	256	0	0	0	256
22121	244	0	0	1	0	245
22122	245	2	0	0	0	247
22123	255	0	0	2	0	257
22124	253	1	0	0	0	254
22125	255	0	0	0	0	255
22126	0	0	1	246	0	247
22127	0	247	0	0	0	247
22128	0	0	0	239	0	239
22129	0	0	0	238	0	238
22130	234	0	0	0	0	234
22131	0	0	231	0	0	231
22132	0	0	232	0	0	232
22133	0	2	227	0	0	229
22134	231	0	0	0	0	231
22135	245	0	0	0	0	245
22136	0	0	0	261	0	261
22137	0	0	0	264	0	264
22138	0	0	0	261	0	261
22139	0	0	271	0	0	271
22140	0	0	0	264	0	264
22141	1	0	279	1	0	281
22142	0	0	1	282	0	283
22143	0	0	0	284	0	284
22144	0	0	0	285	0	285
22145	277	0	1	2	0	280
22146	281	0	0	0	0	281
22147	1	0	289	1	0	291
22148	282	0	1	0	0	283
22149	291	0	0	1	0	292
22150	1	0	0	293	0	294
22151	307	0	0	1	0	308
22152	2	0	0	315	0	317
22153	0	0	0	322	0	322
22154	0	0	314	1	0	315
22155	286	0	1	0	0	287
22156	2	0	0	313	0	315
22157	1	0	324	1	0	326
22158	0	0	340	0	0	340
22159	0	0	1	332	0	333
22160	0	0	0	334	0	334
22161	330	0	0	1	0	331
22162	1	0	0	336	0	337
22163	0	1	0	334	0	335
22164	0	0	0	341	0	341
22165	0	0	0	348	0	348
22166	351	0	0	1	0	352
22167	359	0	0	1	0	360
22168	367	0	0	1	0	368
22169	378	0	0	0	0	378
22170	2	0	0	393	0	395
22171	393	0	0	1	0	394
22172	1	0	0	388	0	389
22173	397	0	0	1	0	398
22174	3	0	0	402	0	405
22175	2	0	1	405	0	408
22176	0	413	0	4	0	417
22177	1	2	0	411	0	414
22178	406	2	0	2	0	410
22179	402	0	1	2	0	405
22180	4	1	405	1	0	411
22181	2	412	2	1	0	417
22182	415	2	2	1	0	420
22183	3	414	0	0	0	417
22184	414	2	0	0	0	416
22185	3	426	0	0	0	429
22186	2	3	421	1	0	427
22187	1	426	3	1	0	431
22188	0	434	2	1	0	437
22189	1	4	0	436	0	441
22190	447	2	0	2	0	451
22191	2	0	0	444	0	446
22192	2	1	0	439	0	442
22193	433	0	0	5	0	438
22194	433	0	0	2	0	435
22195	5	0	0	437	0	442
22196	1	0	1	433	0	435
22197	0	0	2	440	0	442
22198	428	0	0	4	0	432
22199	2	2	431	3	0	438
22200	3	0	3	432	0	438
22201	0	1	445	2	0	448
22202	0	432	3	5	0	440
22203	0	4	431	2	0	437
22204	1	3	2	420	0	426
22205	0	1	427	4	0	432
22206	405	0	2	5	0	412
22207	2	1	2	417	0	422
22208	2	437	0	4	0	443
22209	2	3	0	433	0	438
22210	2	440	1	2	0	445
22211	1	441	0	3	0	445
22212	0	443	0	2	0	445
22213	0	6	0	404	0	410
22214	2	422	0	2	0	426
22215	412	2	2	3	0	419
22216	4	2	409	1	0	416
22217	2	1	410	1	0	414
22218	0	1	420	1	0	422
22219	1	1	4	412	0	418
22220	0	0	2	402	0	404
22221	1	0	1	402	0	404
22222	2	0	0	396	0	398
22223	0	0	1	390	0	391
22224	0	403	1	4	0	408
22225	1	2	394	2	0	399
22226	1	6	391	0	0	398
22227	2	412	4	0	0	418
22228	0	4	2	407	0	413
22229	2	2	1	409	0	414
22230	0	3	0	409	0	412
22231	395	1	0	4	0	400
22232	3	1	401	3	0	408
22233	388	1	3	2	0	394
22234	394	1	4	2	0	401
22235	4	386	1	3	0	394
22236	6	386	1	1	0	394
22237	388	6	1	2	0	397
22238	5	3	1	385	0	394
22239	3	3	0	392	0	398
22240	1	1	403	6	0	411
22241	2	3	382	2	0	389
22242	2	2	5	390	0	399
22243	395	2	4	3	0	404
22244	3	1	421	3	0	428
22245	441	3	1	4	0	449
22246	2	2	4	461	0	469
22247	8	0	0	496	0	504
22248	2	1	1	504	0	508
22249	3	0	489	9	0	501
22250	2	489	1	7	0	499
22251	2	489	4	2	0	497
22252	484	8	0	2	0	494
22253	501	4	1	1	0	507
22254	8	0	0	505	0	513
22255	511	0	2	6	0	519
22256	5	2	500	5	0	512
22257	6	3	499	2	0	510
22258	0	0	8	484	0	492
22259	489	0	7	6	0	502
22260	5	1	2	497	0	505
22261	8	0	2	525	0	535
22262	512	1	3	12	0	528
22263	516	0	1	8	0	525
22264	11	539	2	2	0	554
22265	534	8	0	1	0	543
22266	5	6	1	539	0	551
22267	6	543	0	10	0	559
22268	533	7	1	5	0	546
22269	7	550	2	2	0	561
22270	6	5	2	534	0	547
22271	533	7	1	6	0	547
22272	7	1	528	7	0	543
22273	4	1	530	2	0	537
22274	1	0	8	509	0	518
22275	2	0	7	524	0	533
22276	1	2	1	508	0	512
22277	2	537	2	10	0	551
22278	554	9	1	6	0	570
22279	565	5	0	5	0	575
22280	579	0	0	6	0	585
22281	9	626	1	1	0	637
22282	7	6	2	724	0	739
22283	1	4	2	733	0	740
22284	0	0	1	741	0	742
22285	705	1	1	15	0	722
22286	9	709	3	6	0	727
22287	7	10	1	713	0	731
22288	4	7	0	716	0	727
22289	5	1	694	15	0	715
22290	1	690	8	10	0	709
22291	5	6	6	687	0	704
22292	2	5	3	692	0	702
22293	1	1	3	698	0	703
22294	681	0	0	16	0	697
22295	12	692	0	7	0	711
22296	696	9	2	5	0	712
22297	13	5	0	692	0	710
22298	691	0	3	13	0	707
22299	11	2	688	6	0	707
22300	693	2	9	2	0	706
22301	689	0	7	9	0	705
22302	13	3	694	5	0	715
22303	9	4	8	696	0	717
22304	4	3	6	694	0	707
22305	715	3	0	16	0	734
22306	12	1	1	728	0	742
22307	9	2	2	729	0	742
22308	2	1	5	730	0	738
22309	2	1	723	17	0	743
22310	656	1	9	8	0	674
22311	13	709	8	3	0	733
22312	6	10	2	713	0	731
22313	1	730	1	14	0	746
22314	6	751	0	14	0	771
22315	7	19	2	748	0	776
22316	1	18	752	12	0	783
22317	3	6	755	15	0	779
22318	1	0	22	758	0	781
22319	2	2	762	14	0	780
22320	741	2	15	14	0	772
22321	13	3	10	779	0	805
22322	13	1	5	794	0	813
22323	6	808	1	25	0	840
22324	4	12	2	811	0	829
22325	1	14	4	791	0	810
22326	2	789	2	26	0	819
22327	1	11	1	804	0	817
22328	4	11	3	791	0	809
22329	2	793	1	23	0	819
22330	783	11	1	14	0	809
22331	14	13	779	10	0	816
22332	14	4	766	5	0	789
22333	6	2	23	765	0	796
22334	3	1	19	772	0	795
22335	2	2	768	23	0	795
22336	4	1	753	19	0	777
22337	682	2	23	7	0	714
22338	11	743	19	4	0	777
22339	744	14	4	5	0	767
22340	19	12	770	3	0	804
22341	12	778	15	4	0	809
22342	6	11	13	780	0	810
22343	2	13	796	17	0	828
22344	7	5	768	13	0	793
22345	3	2	26	786	0	817
22346	6	3	791	15	0	815
22347	2	754	16	16	0	788
22348	4	15	13	746	0	778
22349	7	12	768	16	0	803
22350	2	778	17	12	0	809
22351	776	14	13	7	0	810
22352	14	15	784	7	0	820
22353	17	768	17	2	0	804
22354	5	15	14	745	0	779
22355	2	12	6	773	0	793
22356	765	7	3	28	0	803
22357	14	1	2	764	0	781
22358	14	0	4	764	0	782
22359	753	3	1	27	0	784
22360	22	2	2	755	0	781
22361	13	2	720	20	0	755
22362	8	2	12	730	0	752
22363	0	6	745	19	0	770
22364	3	2	718	14	0	737
22365	6	1	734	6	0	747
22366	4	2	29	675	0	710
22367	1	0	15	711	0	727
22368	695	2	5	24	0	726
22369	14	1	0	679	0	694
22370	10	713	3	20	0	746
22371	7	11	4	723	0	745
22372	2	12	2	722	0	738
22373	1	721	4	21	0	747
22374	711	12	3	16	0	742
22375	704	13	4	3	0	724
22376	21	711	0	7	0	739
22377	13	678	1	5	0	697
22378	8	42	3	640	0	693
22379	640	14	9	12	0	675
22380	9	6	643	11	0	669
22381	11	2	601	4	0	618
22382	474	1	15	4	0	494
22383	7	514	15	2	0	538
22384	8	7	7	514	0	536
22385	4	10	0	512	0	526
22386	2	3	1	527	0	533
22387	1	1	2	531	0	535
22388	1	519	0	21	0	541
22389	0	8	0	529	0	537
22390	519	8	0	15	0	542
22391	8	4	1	531	0	544
22392	9	1	0	531	0	541
22393	527	0	0	18	0	545
22394	540	0	0	15	0	555
22395	551	0	0	7	0	558
22396	561	1	1	1	0	564
22397	21	1	0	541	0	563
22398	560	0	2	7	0	569
22399	11	0	2	556	0	569
22400	550	1	1	12	0	564
22401	549	0	0	13	0	562
22402	16	1	1	539	0	557
22403	14	0	551	8	0	573
22404	536	0	8	10	0	554
22405	553	3	9	5	0	570
22406	558	0	4	4	0	566
22407	562	0	1	2	0	565
22408	21	2	0	543	0	566
22409	14	2	542	8	0	566
22410	6	0	538	10	0	554
22411	525	3	18	6	0	552
22412	531	1	8	1	0	541
22413	12	540	7	1	0	560
22414	6	534	0	1	0	541
22415	534	8	2	0	0	544
22416	6	5	1	524	0	536
22417	7	0	0	552	0	559
22418	551	1	0	8	0	560
22419	6	552	1	5	0	564
22420	562	4	1	2	0	569
22421	7	3	543	1	0	554
22422	517	1	5	0	0	523
22423	6	0	3	527	0	536
22424	4	1	541	6	0	552
22425	0	545	5	4	0	554
22426	0	5	3	566	0	574
22427	1	4	595	5	0	605
22428	0	0	5	593	0	598
22429	602	0	4	8	0	614
22430	6	2	608	5	0	621
22431	583	1	5	1	0	590
22432	7	631	5	0	0	643
22433	5	5	1	635	0	646
22434	2	5	681	7	0	695
22435	2	3	6	680	0	691
22436	1	2	700	5	0	708
22437	0	687	7	5	0	699
22438	678	5	4	2	0	689
22439	6	702	2	1	0	711
22440	7	5	1	662	0	675
22441	2	4	0	669	0	675
22442	0	1	655	8	0	664
22443	541	1	7	6	0	555
22444	6	629	4	1	0	640
22445	3	591	1	1	0	596
22446	1	597	1	0	0	599
22447	3	9	2	581	0	595
22448	1	588	1	3	0	593
22449	0	4	1	569	0	574
22450	1	581	0	5	0	587
22451	0	5	0	562	0	567
22452	0	572	2	2	0	576
22453	573	1	0	3	0	577
22454	1	3	580	2	0	586
22455	549	0	1	2	0	552
22456	573	0	1	0	0	574
22457	579	1	0	1	0	581
22458	2	593	2	1	0	598
22459	598	1	0	1	0	600
22460	599	2	1	1	0	603
22461	601	0	1	1	0	603
22462	2	1	602	1	0	606
22463	1	0	0	607	0	608
22464	0	2	617	1	0	620
22465	1	0	1	611	0	613
22466	606	0	3	2	0	611
22467	2	611	0	1	0	614
22468	2	1	698	0	0	701
22469	1	1	2	684	0	688
22470	1	1	1	734	0	737
22471	2	1	839	5	0	847
22472	805	0	7	3	0	815
22473	869	0	4	1	0	874
22474	888	0	1	0	0	889
22475	13	0	0	877	0	890
22476	4	889	1	7	0	901
22477	0	912	0	4	0	916
22478	2	12	0	896	0	910
22479	0	4	1	880	0	885
22480	0	901	2	13	0	916
22481	900	7	0	4	0	911
22482	8	906	1	1	0	916
22483	4	8	2	882	0	896
22484	2	3	886	8	0	899
22485	3	0	8	876	0	887
22486	882	0	3	8	0	893
22487	8	2	886	5	0	901
22488	882	3	9	0	0	894
22489	899	1	6	2	0	908
22490	911	1	1	1	0	914
22491	935	0	0	2	0	937
22492	948	2	0	1	0	951
22493	12	0	942	0	0	954
22494	7	3	930	0	0	940
22495	968	2	10	3	0	983
22496	998	2	5	1	0	1006
22497	14	1	1	1045	0	1061
22498	6	1059	1	12	0	1078
22499	0	10	2	1062	0	1074
22500	1094	8	0	12	0	1114
22501	15	0	0	1040	0	1055
22502	5	1100	0	9	0	1114
22503	1087	11	1	7	0	1106
22504	1084	5	1	2	0	1092
22505	1081	1	2	2	0	1086
22506	17	1069	4	0	0	1090
22507	10	12	1	1060	0	1083
22508	3	5	0	1059	0	1067
22509	1	1053	2	19	0	1075
22510	2	13	0	1070	0	1085
22511	1056	5	0	12	0	1073
22512	1059	0	0	6	0	1065
22513	16	1050	2	2	0	1070
22514	7	11	2	1050	0	1070
22515	4	5	1	1063	0	1073
22516	3	0	1	1070	0	1074
22517	1022	0	2	16	0	1040
22518	14	5	1022	5	0	1046
22519	965	0	12	17	0	994
22520	18	3	1015	1	0	1037
22521	11	4	12	944	0	971
22522	2	999	8	15	0	1024
22523	4	1042	0	7	0	1053
22524	1009	21	1	2	0	1033
22525	1014	7	0	5	0	1026
22526	18	998	1	5	0	1022
22527	7	989	1	5	0	1002
22528	1004	16	4	4	0	1028
22529	1012	9	0	4	0	1025
22530	20	1041	3	4	0	1068
22531	1035	15	3	7	0	1060
22532	16	7	1027	6	0	1056
22533	1024	4	14	5	0	1047
22534	993	1	8	3	0	1005
22535	25	1	1	964	0	991
22536	12	970	2	13	0	997
22537	9	14	0	974	0	997
22538	993	7	1	17	0	1018
22539	26	2	1	983	0	1012
22540	16	3	6	986	0	1011
22541	6	4	1001	23	0	1034
22542	6	3	16	1002	0	1027
22543	9	3	7	1021	0	1040
22544	995	3	1	24	0	1023
22545	19	8	999	9	0	1035
22546	997	6	14	5	0	1022
22547	20	3	6	1002	0	1031
22548	9	5	1	1013	0	1028
22549	9	4	1	983	0	997
22550	7	975	4	20	0	1006
22551	9	999	2	9	0	1019
22552	9	20	3	978	0	1010
22553	983	9	4	17	0	1013
22554	994	3	1	11	0	1009
22555	23	3	2	983	0	1011
22556	996	4	2	19	0	1021
22557	22	4	2	986	0	1014
22558	16	4	0	982	0	1002
22559	958	5	1	22	0	986
22560	20	976	3	14	0	1013
22561	974	18	1	5	0	998
22562	968	9	1	8	0	986
22563	949	1	3	8	0	961
22564	24	935	5	4	0	968
22565	11	18	2	929	0	960
22566	11	5	5	944	0	965
22567	6	3	939	24	0	972
22568	5	8	15	851	0	879
22569	5	5	835	18	0	863
22570	3	777	14	9	0	803
22571	3	650	4	5	0	662
22572	4	671	1	2	0	678
22573	11	11	12	645	0	679
22574	2	3	0	659	0	664
22575	1	0	1	649	0	651
22576	2	2	1	640	0	645
22577	1	1	630	16	0	648
22578	2	1	750	5	0	758
22579	2	1	13	773	0	789
22580	3	1	808	13	0	825
22581	788	0	11	8	0	807
22582	808	2	5	1	0	816
22583	14	1	821	4	0	840
22584	7	1	10	833	0	851
22585	2	4	5	841	0	852
22586	2	2	1	863	0	868
22587	9	0	1	848	0	858
22588	9	1	1	863	0	874
22589	712	5	2	21	0	740
22590	825	2	0	8	0	835
22591	18	824	2	3	0	847
22592	10	13	807	5	0	835
22593	5	794	11	3	0	813
22594	4	803	6	3	0	816
22595	757	13	2	2	0	774
22596	8	752	2	3	0	765
22597	5	683	2	2	0	692
22598	661	10	0	3	0	674
22599	6	6	673	3	0	688
22600	651	1	8	3	0	663
22601	8	1	5	662	0	676
22602	4	1	2	646	0	653
22603	4	0	0	650	0	654
22604	1	1	637	9	0	648
22605	2	634	8	6	0	650
22606	639	5	3	8	0	655
22607	6	3	4	654	0	667
22608	3	659	1	13	0	676
22609	2	7	4	684	0	697
22610	3	8	688	7	0	706
22611	6	1	7	685	0	699
22612	3	2	7	713	0	725
22613	5	1	3	719	0	728
22614	709	1	1	18	0	729
22615	10	2	2	723	0	737
22616	5	2	719	17	0	743
22617	2	715	7	13	0	737
22618	5	7	6	729	0	747
22619	10	5	4	724	0	743
22620	3	6	719	13	0	741
22621	4	2	714	6	0	726
22622	683	9	13	6	0	711
22623	673	7	10	7	0	697
22624	14	695	10	6	0	725
22625	683	10	4	7	0	704
22626	10	10	678	8	0	706
22627	9	3	662	8	0	682
22628	660	1	14	14	0	689
22629	653	4	11	10	0	678
22630	9	2	634	12	0	657
22631	622	3	7	14	0	646
22632	7	5	636	12	0	660
22633	625	2	10	4	0	641
22634	646	12	3	5	0	666
22635	12	11	5	600	0	628
22636	8	676	6	8	0	698
22637	545	20	8	5	0	578
22638	10	12	678	5	0	705
22639	10	680	10	5	0	705
22640	677	12	12	9	0	710
22641	646	11	3	9	0	669
22642	13	649	3	10	0	675
22643	17	6	7	654	0	684
22644	10	7	642	15	0	674
22645	6	5	11	643	0	665
22646	3	9	646	15	0	673
22647	5	4	9	640	0	658
22648	4	3	8	651	0	666
22649	6	8	639	11	0	664
22650	8	629	9	15	0	661
22651	8	7	11	615	0	641
22652	9	8	500	14	0	531
22653	610	9	7	13	0	639
22654	9	3	9	641	0	662
22655	8	4	7	646	0	665
22656	624	4	5	26	0	659
22657	11	1	8	640	0	660
22658	17	6	3	625	0	651
22659	8	628	13	18	0	667
22660	7	9	7	637	0	660
22661	5	9	633	8	0	655
22662	10	5	8	606	0	629
22663	9	621	8	15	0	653
22664	7	628	15	12	0	662
22665	10	16	9	626	0	661
22666	635	6	6	9	0	656
22667	16	6	9	612	0	643
22668	620	10	8	7	0	645
22669	17	5	6	618	0	646
22670	616	2	11	11	0	640
22671	628	6	10	6	0	650
22672	20	4	5	614	0	643
22673	14	30	13	570	0	627
22674	13	575	8	19	0	615
22675	10	601	10	8	0	629
22676	17	6	598	12	0	633
22677	9	589	8	7	0	613
22678	438	12	3	15	0	468
22679	22	1	2	418	0	443
22680	3	395	1	3	0	402
22681	406	2	1	2	0	411
22682	2	1	0	408	0	411
22683	1	0	5	391	0	397
22684	2	2	1	398	0	403
22685	3	0	3	397	0	403
22686	2	420	0	4	0	426
22687	1	428	1	2	0	432
22688	454	1	0	2	0	457
22689	2	474	2	0	0	478
22690	2	4	1	456	0	463
22691	3	1	1	464	0	469
22692	2	0	0	469	0	471
22693	0	0	1	473	0	474
22694	469	0	0	7	0	476
22695	477	1	2	1	0	481
22696	6	0	478	3	0	487
22697	3	0	6	490	0	499
22698	1	0	495	6	0	502
22699	0	0	4	489	0	493
22700	2	0	2	489	0	493
22701	499	1	1	9	0	510
22702	5	0	0	509	0	514
22703	4	0	514	6	0	524
22704	2	1	492	3	0	498
22705	490	1	8	3	0	502
22706	7	0	509	2	0	518
22707	4	0	10	473	0	487
22708	0	0	501	7	0	508
22709	0	0	5	471	0	476
22710	0	470	3	4	0	477
22711	2	5	1	463	0	471
22712	0	463	1	3	0	467
22713	0	473	0	4	0	477
22714	0	8	0	466	0	474
22715	457	3	0	6	0	466
22716	5	455	0	4	0	464
22717	4	5	0	452	0	461
22718	470	3	0	6	0	479
22719	473	0	1	5	0	479
22720	480	0	0	2	0	482
22721	8	0	1	474	0	483
22722	3	0	0	480	0	483
22723	482	0	0	9	0	491
22724	483	0	0	4	0	487
22725	492	0	0	1	0	493
22726	9	0	1	478	0	488
22727	3	1	481	5	0	490
22728	455	0	5	3	0	463
22729	5	0	3	452	0	460
22730	3	472	1	6	0	482
22731	1	7	1	466	0	475
22732	0	462	0	7	0	469
22733	1	6	0	476	0	483
22734	1	3	459	6	0	469
22735	0	458	5	3	0	466
22736	0	12	3	415	0	430
22737	1	3	0	422	0	426
22738	2	0	1	427	0	430
22739	431	1	0	10	0	442
22740	5	440	0	6	0	451
22741	5	5	0	442	0	452
22742	455	3	0	6	0	464
22743	466	0	1	4	0	471
22744	12	0	1	465	0	478
22745	6	4	473	9	0	492
22746	1	0	8	472	0	481
22747	2	485	4	8	0	499
22748	1	9	1	499	0	510
22749	501	5	0	10	0	516
22750	8	1	0	525	0	534
22751	7	3	538	8	0	556
22752	0	549	9	8	0	566
22753	556	9	5	2	0	572
22754	7	5	564	2	0	578
22755	560	1	7	3	0	571
22756	6	1	4	582	0	593
22757	6	0	0	575	0	581
22758	1	574	0	11	0	586
22759	591	8	1	7	0	607
22760	7	4	1	602	0	614
22761	7	0	1	624	0	632
22762	3	1	1	635	0	640
22763	1	2	635	14	0	652
22764	2	0	9	638	0	649
22765	643	0	5	8	0	656
22766	654	2	0	6	0	662
22767	12	0	1	650	0	663
22768	7	1	0	659	0	667
22769	647	1	0	14	0	662
22770	5	4	651	6	0	666
22771	619	1	6	2	0	628
22772	8	3	633	0	0	644
22773	5	0	637	4	0	646
22774	3	0	13	648	0	664
22775	2	1	661	7	0	671
22776	648	1	5	8	0	662
22777	6	2	7	669	0	684
22778	7	0	671	11	0	689
22779	639	1	6	8	0	654
22780	666	2	5	3	0	676
22781	13	3	688	5	0	709
22782	8	5	6	647	0	666
22783	4	728	7	5	0	744
22784	730	7	0	9	0	746
22785	10	7	739	4	0	760
22786	681	2	9	3	0	695
22787	8	728	9	5	0	750
22788	700	4	0	4	0	708
22789	689	4	1	2	0	696
22790	684	1	0	4	0	689
22791	10	0	4	672	0	686
22792	8	682	4	5	0	699
22793	2	5	676	11	0	694
22794	1	702	6	2	0	711
22795	5	3	6	634	0	648
22796	1	685	0	8	0	694
22797	2	673	1	11	0	687
22798	663	6	2	2	0	673
22799	5	5	669	5	0	684
22800	4	1	701	5	0	711
22801	3	3	684	3	0	693
22802	4	694	5	3	0	706
22803	695	2	4	4	0	705
22804	694	6	2	1	0	703
22805	696	2	1	6	0	705
22806	7	687	4	5	0	703
22807	5	5	1	721	0	732
22808	6	4	726	5	0	741
22809	4	2	735	7	0	748
22810	745	0	6	8	0	759
22811	769	0	3	6	0	778
22812	771	0	2	4	0	777
22813	7	1	757	3	0	768
22814	752	0	3	4	0	759
22815	6	1	3	757	0	767
22816	5	0	2	765	0	772
22817	2	0	806	7	0	815
22818	5	791	4	4	0	804
22819	1	5	7	803	0	816
22820	5	2	805	4	0	816
22821	736	0	5	4	0	745
22822	4	0	8	804	0	816
22823	4	1	1	799	0	805
22824	786	2	4	7	0	799
22825	7	1	5	787	0	800
22826	788	1	2	5	0	796
22827	777	0	3	6	0	786
22828	6	1	3	791	0	801
22829	6	2	0	793	0	801
22830	765	1	4	6	0	776
22831	4	0	3	773	0	780
22832	790	2	2	4	0	798
22833	786	3	3	5	0	797
22834	789	2	2	2	0	795
22835	11	1	1	778	0	791
22836	6	3	1	788	0	798
22837	793	1	1	5	0	800
22838	6	788	0	3	0	797
22839	6	761	2	1	0	770
22840	753	4	2	1	0	760
22841	3	5	749	1	0	758
22842	728	1	3	0	0	732
22843	4	3	1	756	0	764
22844	2	1	741	1	0	745
22845	720	0	1	3	0	724
22846	1	0	1	748	0	750
22847	2	0	0	770	0	772
22848	0	0	1	777	0	778
22849	0	0	0	768	0	768
22850	734	1	0	3	0	738
22851	2	722	1	1	0	726
22852	695	0	1	1	0	697
22853	1	1	692	0	0	694
22854	1	1	669	2	0	673
22855	1	700	1	0	0	702
22856	0	2	1	703	0	706
22857	0	3	691	0	0	694
22858	0	657	0	2	0	659
22859	0	4	661	1	0	666
22860	1	0	0	652	0	653
22861	0	0	0	646	0	646
22862	666	0	0	0	0	666
22863	0	0	0	653	0	653
22864	644	0	0	3	0	647
22865	0	0	670	0	0	670
22866	0	679	0	0	0	679
22867	1	0	0	707	0	708
22868	0	0	0	729	0	729
22869	0	0	734	2	0	736
22870	0	0	687	0	0	687
22871	666	0	0	1	0	667
22872	719	0	1	1	0	721
22873	1	0	0	723	0	724
22874	0	0	0	712	0	712
22875	0	702	0	0	0	702
22876	0	0	0	721	0	721
22877	709	0	0	2	0	711
22878	720	1	1	2	0	724
22879	0	739	2	0	0	741
22880	748	0	0	0	0	748
22881	719	0	0	1	0	720
22882	2	1	0	774	0	777
22883	1	760	2	2	0	765
22884	1	2	0	769	0	772
22885	1	2	0	773	0	776
22886	0	0	761	4	0	765
22887	767	0	2	5	0	774
22888	3	0	4	818	0	825
22889	5	1	1	867	0	874
22890	1	1021	0	8	0	1030
22891	0	9	0	1106	0	1115
22892	1118	5	2	16	0	1141
22893	1217	1	1	7	0	1226
22894	21	2	1214	3	0	1240
22895	8	1	1234	1	0	1244
22896	2	0	25	1272	0	1299
22897	2	1	7	1324	0	1334
22898	2	3	1312	30	0	1347
22899	3	2	1320	9	0	1334
22900	6	0	29	1247	0	1282
22901	4	5	1290	24	0	1323
22902	3	2	1304	9	0	1318
22903	3	0	30	1256	0	1289
22904	1288	1	9	25	0	1323
22905	1316	0	1	15	0	1332
22906	30	1	2	1291	0	1324
22907	10	0	2	1304	0	1316
22908	1258	2	3	33	0	1296
22909	27	0	3	1246	0	1276
22910	1239	1	3	26	0	1269
22911	1245	1	3	12	0	1261
22912	33	2	2	1234	0	1271
22913	11	2	2	1251	0	1266
22914	1217	0	1	35	0	1253
22915	26	1213	3	11	0	1253
22916	13	1225	4	4	0	1246
22917	4	29	4	1176	0	1213
22918	4	9	1168	24	0	1205
22919	4	3	27	1151	0	1185
22920	1167	1	10	27	0	1205
22921	30	0	2	1162	0	1194
22922	1173	2	4	29	0	1208
22923	27	5	1184	11	0	1227
22924	1187	2	27	8	0	1224
22925	24	2	10	1209	0	1245
22926	14	2	3	1236	0	1255
22927	5	1	1256	39	0	1301
22928	6	2	26	1249	0	1283
22929	6	5	9	1290	0	1310
22930	6	2	2	1300	0	1310
22931	1266	2	3	39	0	1310
22932	31	5	1282	14	0	1332
22933	15	3	1265	8	0	1291
22934	1230	1	35	9	0	1275
22935	1281	0	13	9	0	1303
22936	35	5	1273	9	0	1322
22937	12	2	28	1233	0	1275
22938	7	1299	10	29	0	1345
22939	8	28	2	1318	0	1356
22940	1325	8	5	33	0	1371
22941	1340	1	13	14	0	1368
22942	36	2	7	1296	0	1341
22943	16	1324	9	34	0	1383
22944	8	27	9	1261	0	1305
22945	9	1331	11	27	0	1378
22946	1330	24	8	17	0	1379
22947	1315	10	9	10	0	1344
22948	1295	3	9	14	0	1321
22949	37	1259	6	14	0	1316
22950	17	1328	11	10	0	1366
22951	12	33	10	1306	0	1361
22952	12	10	6	1341	0	1369
22953	13	2	6	1348	0	1369
22954	15	3	6	1352	0	1376
22955	7	5	1295	51	0	1358
22956	1234	5	27	17	0	1283
22957	39	5	1301	10	0	1355
22958	1311	4	27	16	0	1358
22959	33	7	1358	15	0	1413
22960	1343	1	34	12	0	1390
22961	33	7	1392	12	0	1444
22962	1337	4	32	11	0	1384
22963	41	4	18	1378	0	1441
22964	1417	4	4	36	0	1461
22965	35	5	7	1408	0	1455
22966	21	5	4	1417	0	1447
22967	7	3	6	1357	0	1373
22968	10	1320	5	46	0	1381
22969	1325	27	7	21	0	1380
22970	1343	8	7	9	0	1367
22971	44	1314	7	20	0	1385
22972	21	29	5	1335	0	1390
22973	11	11	1326	42	0	1390
22974	1303	3	31	22	0	1359
22975	1351	4	14	14	0	1383
22976	1349	5	7	17	0	1378
22977	41	5	5	1287	0	1338
22978	15	1290	8	34	0	1347
22979	7	27	8	1285	0	1327
22980	1280	10	7	34	0	1331
22981	41	1	5	1235	0	1282
22982	15	1204	14	30	0	1263
22983	1195	26	7	11	0	1239
22984	34	7	1209	5	0	1255
22985	18	7	1200	9	0	1234
22986	6	1188	34	12	0	1240
22987	10	1171	8	9	0	1198
22988	12	29	1125	12	0	1178
22989	23	14	1064	9	0	1110
22990	17	56	25	823	0	921
22991	835	7	6	16	0	864
22992	14	6	844	5	0	869
22993	8	776	7	1	0	792
22994	752	10	10	2	0	774
22995	7	748	2	2	0	759
22996	674	7	1	1	0	683
22997	7	684	2	0	0	693
22998	3	687	0	1	0	691
22999	3	7	4	695	0	709
23000	1	2	0	710	0	713
23001	0	3	677	8	0	688
23002	1	1	5	671	0	678
23003	674	0	2	8	0	684
23004	671	1	0	5	0	677
23005	7	1	0	671	0	679
23006	3	2	665	5	0	675
23007	2	1	657	2	0	662
23008	0	4	10	666	0	680
23009	1	3	687	4	0	695
23010	0	2	5	661	0	668
23011	1	1	9	672	0	683
23012	1	1	733	7	0	742
23013	683	0	6	5	0	694
23014	728	0	4	3	0	735
23015	12	1	762	0	0	775
23016	3	3	801	1	0	808
23017	1	1	9	794	0	805
23018	1	2	4	880	0	887
23019	3	2	0	888	0	893
23020	3	1	0	889	0	893
23021	888	2	0	11	0	901
23022	939	2	0	6	0	947
23023	10	1	0	1005	0	1016
23024	5	2	2	1091	0	1100
23025	1	1	1202	18	0	1222
23026	2	0	11	1247	0	1260
23027	5	0	9	1322	0	1336
23028	1386	0	2	31	0	1419
23029	19	1456	4	13	0	1492
23030	14	20	3	1460	0	1497
23031	2	15	2	1473	0	1492
23032	2	0	1	1453	0	1456
23033	2	1367	5	32	0	1406
23034	2	1454	2	13	0	1471
23035	2	31	3	1433	0	1469
23036	6	14	1	1435	0	1456
23037	3	1	1	1451	0	1456
23038	1377	1	3	36	0	1417
23039	22	1386	3	15	0	1426
23040	1392	23	2	5	0	1422
23041	1404	14	1	5	0	1424
23042	39	4	1	1356	0	1400
23043	14	1354	6	22	0	1396
23044	1342	24	13	19	0	1398
23045	25	14	0	1354	0	1393
23046	1400	0	1	30	0	1431
23047	21	3	1	1418	0	1443
23048	16	3	1431	25	0	1475
23049	5	1	1446	18	0	1470
23050	5	0	37	1413	0	1455
23051	3	3	17	1423	0	1446
23052	3	5	2	1378	0	1388
23053	4	1356	1	43	0	1404
23054	1	1419	6	21	0	1447
23055	1397	36	0	8	0	1441
23056	1389	18	1	5	0	1413
23057	36	1394	6	2	0	1438
23058	18	1342	4	9	0	1373
23059	4	1401	2	7	0	1414
23060	1324	32	3	8	0	1367
23061	18	1351	4	7	0	1380
23062	17	21	1	1340	0	1379
23063	1337	14	1	28	0	1380
23064	1328	2	2	21	0	1353
23065	35	3	1	1300	0	1339
23066	17	4	1281	29	0	1331
23067	3	7	1297	17	0	1324
23068	5	3	33	1299	0	1340
23069	5	6	1321	27	0	1359
23070	3	6	22	1310	0	1341
23071	2	4	15	1323	0	1344
23072	4	6	1301	38	0	1349
23073	10	1	1320	20	0	1351
23074	8	5	32	1302	0	1347
23075	3	4	16	1351	0	1374
23076	1321	4	5	37	0	1367
23077	24	1318	5	23	0	1370
23078	15	1382	5	10	0	1412
23079	1352	38	2	10	0	1402
23080	1396	16	2	12	0	1426
23081	35	1367	4	10	0	1416
23082	23	1388	3	9	0	1423
23083	1373	37	1	12	0	1423
23084	27	18	4	1364	0	1413
23085	1359	8	6	25	0	1398
23086	23	1355	3	29	0	1410
23087	1354	24	4	18	0	1400
23088	24	21	1342	10	0	1397
23089	1337	6	20	9	0	1372
23090	23	8	1373	12	0	1416
23091	22	4	23	1331	0	1380
23092	1330	4	13	32	0	1379
23093	22	6	1307	24	0	1359
23094	17	7	23	1302	0	1349
23095	1299	10	16	28	0	1353
23096	25	7	1312	19	0	1363
23097	19	6	22	1320	0	1367
23098	1319	5	14	28	0	1366
23099	19	1290	8	20	0	1337
23100	20	22	4	1291	0	1337
23101	12	17	6	1296	0	1331
23102	6	6	4	1304	0	1320
23103	5	1300	5	39	0	1349
23104	9	27	3	1319	0	1358
23105	9	15	4	1344	0	1372
23106	9	6	5	1359	0	1379
23107	13	3	3	1379	0	1398
23108	7	9	1333	31	0	1380
23109	1259	7	22	20	0	1308
23110	1334	5	13	6	0	1358
23111	29	1326	9	7	0	1371
23112	18	19	5	1275	0	1317
23113	6	16	1	1287	0	1310
23114	7	1287	4	28	0	1326
23115	6	20	2	1274	0	1302
23116	1207	15	4	20	0	1246
23117	16	1184	11	14	0	1225
23118	1156	16	7	6	0	1185
23119	19	14	2	1157	0	1192
23120	15	3	1152	24	0	1194
23121	4	1148	20	19	0	1191
23122	1071	21	19	10	0	1121
23123	14	1021	3	7	0	1045
23124	11	940	4	5	0	960
23125	828	19	2	3	0	852
23126	13	10	813	2	0	838
23127	7	710	7	1	0	725
23128	576	11	38	4	0	629
23129	535	2	0	1	0	538
23130	4	552	1	0	0	557
23131	2	2	0	573	0	577
23132	0	3	571	2	0	576
23133	1	1	1	566	0	569
23134	0	1	3	556	0	560
23135	1	0	0	595	0	596
23136	2	1	591	2	0	596
23137	1	1	2	572	0	576
23138	1	2	589	2	0	594
23139	0	0	570	3	0	573
23140	489	1	5	1	0	496
23141	2	579	4	0	0	585
23142	2	592	1	1	0	596
23143	0	5	0	596	0	601
23144	636	3	0	2	0	641
23145	628	0	1	5	0	634
23146	604	2	1	0	0	607
23147	608	1	0	0	0	609
23148	573	1	0	0	0	574
23149	4	2	565	2	0	573
23150	2	1	2	562	0	567
23151	0	565	3	3	0	571
23152	0	2	1	574	0	577
23153	580	2	0	4	0	586
23154	2	569	1	5	0	577
23155	3	2	1	579	0	585
23156	587	2	1	4	0	594
23157	609	0	1	3	0	613
23158	4	0	2	605	0	611
23159	4	1	1	573	0	579
23160	1	1	0	576	0	578
23161	0	1	566	4	0	571
23162	0	3	567	3	0	573
23163	1	0	5	568	0	574
23164	2	0	2	580	0	584
23165	583	0	0	4	0	587
23166	584	0	0	3	0	587
23167	592	0	0	1	0	593
23168	601	0	2	0	0	603
23169	579	1	1	2	0	583
23170	4	613	1	1	0	619
23171	638	3	0	3	0	644
23172	643	2	0	1	0	646
23173	640	1	0	0	0	641
23174	5	1	0	644	0	650
23175	3	0	632	3	0	638
23176	3	0	2	637	0	642
23177	2	2	700	4	0	708
23178	0	9	3	639	0	651
23179	0	684	3	5	0	692
23180	666	3	1	5	0	675
23181	692	4	2	0	0	698
23182	6	0	1	691	0	698
23183	4	0	0	775	0	779
23184	1	1	0	776	0	778
23185	3	781	1	7	0	792
23186	783	4	1	4	0	792
23187	778	3	1	0	0	782
23188	8	786	1	0	0	795
23189	3	5	0	780	0	788
23190	2	5	1	763	0	771
23191	2	787	1	11	0	801
23192	796	5	1	2	0	804
23193	798	3	1	3	0	805
23194	10	2	1	807	0	820
23195	6	2	812	7	0	827
23196	0	1	798	7	0	806
23197	0	2	12	825	0	839
23198	1	1	5	837	0	844
23199	1	1	1	844	0	847
23200	834	0	0	13	0	847
23201	845	0	0	7	0	852
23202	11	913	1	3	0	928
23203	927	6	1	4	0	938
23204	8	8	933	1	0	950
23205	6	3	916	0	0	925
23206	2	946	17	0	0	965
23207	926	9	4	1	0	940
23208	9	924	3	0	0	936
23209	937	9	0	1	0	947
23210	10	4	946	0	0	960
23211	3	0	956	0	0	959
23212	0	7	12	941	0	960
23213	0	0	1008	11	0	1019
23214	1	0	10	1011	0	1022
23215	1	1	3	971	0	976
23216	0	1012	1	15	0	1028
23217	0	10	0	1021	0	1031
23218	1	2	0	1039	0	1042
23219	1043	0	0	14	0	1057
23220	11	1039	2	3	0	1055
23221	3	12	0	1074	0	1089
23222	0	4	1067	10	0	1081
23223	914	0	11	11	0	936
23224	11	3	1046	0	0	1060
23225	3	0	11	1015	0	1029
23226	0	1087	4	10	0	1101
23227	0	13	0	1059	0	1072
23228	1104	3	0	14	0	1121
23229	1104	0	0	4	0	1108
23230	16	1162	0	0	0	1178
23231	1205	10	0	1	0	1216
23232	1207	3	0	2	0	1212
23233	1208	0	1	1	0	1210
23234	1224	0	1	0	0	1225
23235	1116	0	1	1	0	1118
23236	13	1	1187	0	0	1201
23237	2	0	12	1177	0	1191
23238	2	0	3	1183	0	1188
23239	1	0	1	1169	0	1171
23240	0	1194	3	14	0	1211
23241	2	13	0	1198	0	1213
23242	1	4	1193	11	0	1209
23243	2	1175	12	5	0	1194
23244	1	1169	3	1	0	1174
23245	2	13	3	1148	0	1166
23246	0	4	1	1159	0	1164
23247	0	1	0	1135	0	1136
23248	2	1124	2	13	0	1141
23249	3	1159	3	4	0	1169
23250	1149	12	0	1	0	1162
23251	1153	4	1	2	0	1160
23252	14	1171	1	2	0	1188
23253	1193	12	1	3	0	1209
23254	1238	5	1	4	0	1248
23255	15	1	0	1237	0	1253
23256	6	1	1	1253	0	1261
23257	1	2	2	1254	0	1259
23258	1	4	1260	18	0	1283
23259	4	3	1254	8	0	1269
23260	3	1319	17	5	0	1344
23261	1327	13	5	5	0	1350
23262	17	9	1364	1	0	1391
23263	1327	2	15	7	0	1351
23264	18	3	1475	4	0	1500
23265	1459	4	17	4	0	1484
23266	19	1550	8	6	0	1583
23267	1550	20	4	5	0	1579
23268	23	5	3	1568	0	1599
23269	8	8	4	1607	0	1627
23270	6	4	1565	24	0	1599
23271	3	1590	23	10	0	1626
23272	6	18	11	1587	0	1622
23273	4	9	1589	22	0	1624
23274	1428	2	24	10	0	1464
23275	21	1597	9	5	0	1632
23276	1579	20	3	8	0	1610
23277	20	1520	5	8	0	1553
23278	10	18	4	1513	0	1545
23279	1498	8	2	26	0	1534
23280	20	1535	7	9	0	1571
23281	7	27	3	1532	0	1569
23282	6	10	1524	22	0	1562
23283	1354	6	20	12	0	1392
23284	25	1	5	1462	0	1493
23285	8	7	1464	19	0	1498
23286	9	1462	20	9	0	1500
23287	3	23	6	1466	0	1498
23288	5	8	1472	25	0	1510
23289	4	7	18	1412	0	1441
23290	7	1488	9	19	0	1523
23291	3	1518	10	7	0	1538
23292	9	27	1491	4	0	1531
23293	10	20	16	1449	0	1495
23294	7	9	1500	15	0	1531
23295	1419	3	18	5	0	1445
23296	16	4	5	1421	0	1446
23297	8	1442	4	17	0	1471
23298	7	1508	1	7	0	1523
23299	1465	22	1	11	0	1499
23300	15	1537	3	9	0	1564
23301	1500	19	6	3	0	1528
23302	18	5	1461	5	0	1489
23303	1334	3	18	7	0	1362
23304	13	1422	10	3	0	1448
23305	1423	16	2	1	0	1442
23306	15	1415	2	5	0	1437
23307	9	17	4	1392	0	1422
23308	8	6	2	1437	0	1453
23309	4	6	1406	16	0	1432
23310	1290	4	14	6	0	1314
23311	18	7	1370	4	0	1399
23312	1348	2	14	8	0	1372
23313	16	2	9	1345	0	1372
23314	9	5	4	1341	0	1359
23315	5	1370	1	29	0	1405
23316	2	16	4	1443	0	1465
23317	5	6	4	1467	0	1482
23318	6	5	1446	22	0	1479
23319	1290	6	19	10	0	1325
23320	18	1422	10	6	0	1456
23321	1393	17	6	5	0	1421
23322	17	13	3	1388	0	1421
23323	10	6	3	1407	0	1426
23324	1385	4	4	26	0	1419
23325	13	1427	7	12	0	1459
23326	1379	12	3	3	0	1397
23327	14	1367	4	6	0	1391
23328	12	1345	5	2	0	1364
23329	1335	25	3	4	0	1367
23330	20	11	1	1264	0	1296
23331	11	9	1249	15	0	1284
23332	7	4	14	1237	0	1262
23333	5	3	10	1235	0	1253
23334	3	1241	3	25	0	1272
23335	6	17	2	1259	0	1284
23336	2	10	4	1265	0	1281
23337	5	2	3	1276	0	1286
23338	3	3	2	1298	0	1306
23339	4	3	1265	27	0	1299
23340	5	7	1282	14	0	1308
23341	4	4	21	1315	0	1344
23342	3	4	1316	20	0	1343
23343	4	3	1309	17	0	1333
23344	6	3	27	1306	0	1342
23345	5	3	1396	18	0	1422
23346	6	4	18	1300	0	1328
23347	2	1397	18	18	0	1435
23348	1406	16	5	17	0	1444
23349	16	13	1555	6	0	1590
23350	18	4	21	1540	0	1583
23351	4	5	1605	22	0	1636
23352	5	2	21	1718	0	1746
23353	5	3	22	1766	0	1796
23354	1755	2	5	44	0	1806
23355	26	3	4	1820	0	1853
23356	1745	2	6	32	0	1785
23357	1762	1	2	33	0	1798
23358	48	1745	8	12	0	1813
23359	1731	24	7	9	0	1771
23360	26	1724	4	10	0	1764
23361	21	1745	7	11	0	1784
23362	1699	42	6	7	0	1754
23363	25	26	1726	6	0	1783
23364	21	5	1652	3	0	1681
23365	1549	9	49	4	0	1611
23366	1589	5	22	3	0	1619
23367	42	1594	7	2	0	1645
23368	1631	21	6	4	0	1662
23369	1653	21	3	8	0	1685
23370	1659	3	6	3	0	1671
23371	47	3	2	1630	0	1682
23372	1635	5	1	24	0	1665
23373	27	1664	4	23	0	1718
23374	30	21	1	1688	0	1740
23375	8	24	1	1690	0	1723
23376	5	1669	6	45	0	1725
23377	6	24	2	1698	0	1730
23378	1648	25	1	29	0	1703
23379	1662	3	4	27	0	1696
23380	42	1628	6	10	0	1686
23381	28	1655	3	12	0	1698
23382	1647	39	1	6	0	1693
23383	28	23	1661	7	0	1719
23384	29	8	1653	4	0	1694
23385	11	5	41	1605	0	1662
23386	10	6	23	1650	0	1689
23387	6	7	1649	40	0	1702
23388	7	1598	27	27	0	1659
23389	7	24	26	1505	0	1562
23390	3	28	1621	28	0	1680
23391	6	2	26	1601	0	1635
23392	3	8	30	1578	0	1619
23393	6	1665	12	45	0	1728
23394	5	21	6	1673	0	1705
23395	5	25	4	1670	0	1704
23396	9	6	6	1691	0	1712
23397	1644	4	5	47	0	1700
23398	25	8	4	1589	0	1626
23399	32	1616	4	31	0	1683
23400	1581	20	12	32	0	1645
23401	26	24	1571	14	0	1635
23402	31	7	1566	7	0	1611
23403	1529	2	45	14	0	1590
23404	27	7	26	1569	0	1629
23405	32	16	1607	26	0	1681
23406	8	4	25	1619	0	1656
23407	15	4	30	1640	0	1689
23408	1624	7	5	48	0	1684
23409	1615	13	7	33	0	1668
23410	48	1641	10	13	0	1712
23411	33	22	9	1640	0	1704
23412	10	29	1656	26	0	1721
23413	16	1710	22	30	0	1778
23414	1691	19	23	12	0	1745
23415	27	1738	8	10	0	1783
23416	1670	26	4	7	0	1707
23417	31	30	1654	5	0	1720
23418	1622	13	20	8	0	1663
23419	1721	9	26	9	0	1765
23420	55	6	1788	8	0	1857
23421	32	10	26	1700	0	1768
23422	11	1796	31	24	0	1862
23423	20	1851	6	36	0	1913
23424	12	1895	8	6	0	1921
23425	7	46	4	1812	0	1869
23426	15	25	1836	30	0	1906
23427	14	12	24	1817	0	1867
23428	11	12	21	1864	0	1908
23429	13	14	1853	52	0	1932
23430	12	1861	31	26	0	1930
23431	8	25	29	1831	0	1893
23432	1860	27	8	37	0	1932
23433	28	7	7	1882	0	1924
23434	28	6	11	1842	0	1887
23435	8	1860	10	50	0	1928
23436	1859	26	4	35	0	1924
23437	34	26	3	1888	0	1951
23438	29	7	1877	35	0	1948
23439	9	1886	25	30	0	1950
23440	1817	21	24	17	0	1879
23441	32	26	1840	6	0	1904
23442	1791	10	22	14	0	1837
23443	30	11	22	1819	0	1882
23444	21	1825	7	27	0	1880
23445	1793	22	8	20	0	1843
23446	1786	20	7	12	0	1825
23447	41	1816	7	10	0	1874
23448	27	19	6	1764	0	1816
23449	10	19	5	1690	0	1724
23450	1654	10	3	29	0	1696
23451	21	1635	5	18	0	1679
23452	14	22	7	1455	0	1498
23453	3	1461	3	16	0	1483
23454	4	1411	1	13	0	1429
23455	4	31	5	1338	0	1378
23456	1330	10	3	13	0	1356
23457	8	1351	6	11	0	1376
23458	8	12	0	1350	0	1370
23459	8	13	0	1348	0	1369
23460	2	4	1327	19	0	1352
23461	2	8	1272	6	0	1288
23462	2	1303	17	4	0	1326
23463	4	12	1241	3	0	1260
23464	1	7	12	1230	0	1250
23465	4	3	1273	13	0	1293
23466	1	4	10	1264	0	1279
23467	4	1	7	1276	0	1288
23468	1	1	2	1287	0	1291
23469	1238	0	5	17	0	1260
23470	8	3	2	1226	0	1239
23471	6	3	0	1232	0	1241
23472	4	1227	2	14	0	1247
23473	5	10	0	1200	0	1215
23474	1202	7	2	17	0	1228
23475	9	1252	2	8	0	1271
23476	1256	9	2	2	0	1269
23477	11	9	1261	6	0	1287
23478	7	3	1303	2	0	1315
23479	3	6	17	1339	0	1365
23480	3	2	7	1354	0	1366
23481	2	1360	2	16	0	1380
23482	2	12	2	1320	0	1336
23483	1327	7	0	19	0	1353
23484	1318	3	1	9	0	1331
23485	18	2	0	1338	0	1358
23486	7	1	1409	15	0	1432
23487	3	2	15	1427	0	1447
23488	2	3	7	1453	0	1465
23489	3	4	1	1454	0	1462
23490	4	3	2	1443	0	1452
23491	2	2	2	1421	0	1427
23492	2	1420	3	26	0	1451
23493	1392	18	1	10	0	1421
23494	1415	7	3	6	0	1431
23495	1417	2	0	10	0	1429
23496	21	1433	5	5	0	1464
23497	1433	16	3	4	0	1456
23498	18	1446	4	5	0	1473
23499	9	20	1434	3	0	1466
23500	6	8	16	1407	0	1437
23501	4	6	1448	17	0	1475
23502	3	1479	17	9	0	1508
23503	1461	18	6	8	0	1493
23504	18	10	1516	6	0	1550
23505	8	6	1612	3	0	1629
23506	4	1679	24	6	0	1713
23507	4	21	8	1684	0	1717
23508	3	11	1833	21	0	1868
23509	2	4	21	1805	0	1832
23510	4	6	11	2014	0	2035
23511	9	3	4	2130	0	2146
23512	2243	5	3	43	0	2294
23513	2217	1	9	23	0	2250
23514	44	4	3	2255	0	2306
23515	2304	3	5	36	0	2348
23516	28	4	2323	25	0	2380
23517	24	6	2275	9	0	2314
23518	5	4	2338	8	0	2355
23519	10	6	2322	10	0	2348
23520	4	2241	45	14	0	2304
23521	11	25	20	2157	0	2213
23522	7	18	2256	22	0	2303
23523	2082	4	27	17	0	2130
23524	2222	2	18	12	0	2254
23525	39	2229	10	9	0	2287
23526	2221	23	8	6	0	2258
23527	27	15	13	2203	0	2258
23528	21	8	2254	24	0	2307
23529	13	1	33	2071	0	2118
23530	6	2224	25	28	0	2283
23531	2204	25	8	20	0	2257
23532	2186	17	10	9	0	2222
23533	39	2229	10	6	0	2284
23534	2282	23	9	4	0	2318
23535	2226	21	7	6	0	2260
23536	48	2242	3	10	0	2303
23537	28	26	4	2160	0	2218
23538	7	2233	6	25	0	2271
23539	2249	28	6	22	0	2305
23540	33	25	5	2225	0	2288
23541	2242	12	5	26	0	2285
23542	38	5	3	2220	0	2266
23543	25	12	2189	33	0	2259
23544	2095	7	25	22	0	2149
23545	33	6	2200	8	0	2247
23546	23	10	28	2141	0	2202
23547	13	9	2166	26	0	2214
23548	11	6	28	2148	0	2193
23549	11	16	2167	29	0	2223
23550	2056	2	31	30	0	2119
23551	30	2167	26	12	0	2235
23552	2196	24	6	11	0	2237
23553	31	16	11	2158	0	2216
23554	2148	9	11	30	0	2198
23555	31	2153	13	33	0	2230
23556	22	2177	12	15	0	2226
23557	11	2251	15	9	0	2286
23558	2219	38	11	18	0	2286
23559	28	25	12	2223	0	2288
23560	31	5	11	2254	0	2301
23561	13	10	2203	49	0	2275
23562	13	13	2203	22	0	2251
23563	13	5	41	2221	0	2280
23564	11	9	2258	34	0	2312
23565	13	2221	38	21	0	2293
23566	2176	32	20	14	0	2242
23567	31	30	2250	3	0	2314
23568	30	9	2241	8	0	2288
23569	11	10	40	2202	0	2263
23570	2247	8	25	33	0	2313
23571	31	6	12	2270	0	2319
23572	2290	5	13	32	0	2340
23573	32	8	9	2283	0	2332
23574	24	5	2304	32	0	2365
23575	11	2249	35	26	0	2321
23576	13	28	2314	12	0	2367
23577	8	2313	39	12	0	2372
23578	17	38	32	2221	0	2308
23579	2186	21	12	30	0	2249
23580	26	11	2223	24	0	2284
23581	30	4	24	2194	0	2252
23582	12	3	24	2258	0	2297
23583	2293	2	8	44	0	2347
23584	23	4	11	2236	0	2274
23585	28	2306	14	26	0	2374
23586	2215	26	10	27	0	2278
23587	27	30	2195	8	0	2260
23588	2065	14	20	13	0	2112
23589	29	2246	27	11	0	2313
23590	30	31	10	2071	0	2142
23591	11	2255	9	25	0	2300
23592	2207	27	5	31	0	2270
23593	30	29	2249	9	0	2317
23594	2155	12	19	14	0	2200
23595	27	2258	26	12	0	2323
23596	30	23	8	2242	0	2303
23597	2245	21	7	27	0	2300
23598	2281	13	7	20	0	2321
23599	46	6	4	2260	0	2316
23600	25	10	7	2271	0	2313
23601	15	2267	11	39	0	2332
23602	12	37	5	2207	0	2261
23603	15	2534	8	22	0	2579
23604	11	2708	11	26	0	2756
23605	12	96	7	2337	0	2452
23606	3	2535	13	28	0	2579
23607	13	41	2645	26	0	2725
23608	21	34	2743	12	0	2810
23609	14	2713	65	27	0	2819
23610	13	40	2710	11	0	2774
23611	8	29	2672	10	0	2719
23612	7	12	2532	5	0	2556
23613	2	2481	63	10	0	2556
23614	2391	38	40	6	0	2475
23615	25	2397	17	5	0	2444
23616	22	37	2388	2	0	2449
23617	8	28	29	2320	0	2385
23618	2334	9	26	29	0	2398
23619	31	6	2317	25	0	2379
23620	25	3	38	2287	0	2353
23621	13	2	2366	31	0	2412
23622	7	5	40	2303	0	2355
23623	2279	5	32	42	0	2358
23624	30	7	2350	28	0	2415
23625	23	2350	38	14	0	2425
23626	11	36	28	2248	0	2323
23627	2360	24	15	29	0	2428
23628	34	16	2365	23	0	2438
23629	27	8	34	2106	0	2175
23630	11	2379	31	33	0	2454
23631	2395	34	14	20	0	2463
23632	2458	24	11	15	0	2508
23633	55	14	4	2357	0	2430
23634	36	2436	12	28	0	2512
23635	13	2513	7	30	0	2563
23636	2591	57	6	13	0	2667
23637	41	36	6	2496	0	2579
23638	31	2631	8	38	0	2708
23639	2594	39	8	33	0	2674
23640	39	31	4	2627	0	2701
23641	33	15	9	2652	0	2709
23642	13	11	2530	72	0	2626
23643	13	2599	37	42	0	2691
23644	3	2705	35	17	0	2760
23645	6	70	15	2627	0	2718
23646	2627	39	10	38	0	2714
23647	41	2655	9	32	0	2737
23648	2660	43	7	17	0	2727
23649	51	2669	8	9	0	2737
23650	39	53	7	2630	0	2729
23651	2660	37	3	43	0	2743
23652	49	17	3	2666	0	2735
23653	33	14	2666	51	0	2764
23654	21	12	39	2523	0	2595
23655	9	2623	34	49	0	2715
23656	2577	42	14	39	0	2672
23657	38	2567	10	19	0	2634
23658	36	50	8	2504	0	2598
23659	20	36	3	2571	0	2630
23660	8	18	2527	73	0	2626
23661	8	10	2549	46	0	2613
23662	12	15	70	2500	0	2597
23663	4	18	2541	46	0	2609
23664	14	2500	57	40	0	2611
23665	2497	49	40	19	0	2605
23666	45	42	2548	20	0	2655
23667	2511	23	48	7	0	2589
23668	2592	10	39	12	0	2653
23669	2609	11	22	10	0	2652
23670	2599	10	14	15	0	2638
23671	88	14	15	2503	0	2620
23672	52	16	11	2401	0	2480
23673	24	2467	16	72	0	2579
23674	2421	49	14	45	0	2529
23675	48	43	2397	25	0	2513
23676	41	15	47	2358	0	2461
23677	29	12	38	2392	0	2471
23678	15	14	2366	75	0	2470
23679	14	2347	51	54	0	2466
23680	9	53	42	2258	0	2362
23681	14	38	22	2400	0	2474
23682	2333	15	16	74	0	2438
23683	47	2323	17	55	0	2442
23684	45	48	10	2253	0	2356
23685	26	2302	13	44	0	2385
23686	18	57	12	2335	0	2422
23687	2294	39	4	68	0	2405
23688	2343	19	8	42	0	2412
23689	81	13	13	2281	0	2388
23690	2296	9	6	55	0	2366
23691	2283	9	10	47	0	2349
23692	78	2282	13	20	0	2393
23693	54	52	5	2127	0	2238
23694	24	2264	14	49	0	2351
23695	17	62	6	2252	0	2337
23696	2213	40	4	65	0	2322
23697	54	17	10	2247	0	2328
23698	46	12	9	2241	0	2308
23699	21	17	2180	86	0	2304
23700	12	2110	43	56	0	2221
23701	18	2196	37	26	0	2277
23702	2150	78	17	17	0	2262
23703	44	45	11	1827	0	1927
23704	1690	16	1	33	0	1740
23705	45	1648	1	35	0	1729
23706	29	1529	11	13	0	1582
23707	10	1525	12	13	0	1560
23708	1190	41	18	11	0	1260
23709	15	1201	6	10	0	1232
23710	1137	25	7	4	0	1173
23711	1084	13	2	8	0	1107
23712	1099	1	0	5	0	1105
23713	29	4	0	1167	0	1200
23714	12	4	0	1216	0	1232
23715	4	3	2	1229	0	1238
23716	5	4	1	1229	0	1239
23717	1179	4	0	44	0	1227
23718	30	1169	3	17	0	1219
23719	20	25	0	1171	0	1216
23720	1171	14	0	26	0	1211
23721	25	1	2	1161	0	1189
23722	15	3	1	1165	0	1184
23723	1122	3	1	39	0	1165
23724	31	3	1101	17	0	1152
23725	18	4	24	1083	0	1129
23726	1	4	1110	34	0	1149
23727	7	0	24	1088	0	1119
23728	6	4	12	1076	0	1098
23729	1036	3	1	38	0	1078
23730	23	1028	4	16	0	1071
23731	14	1020	2	4	0	1040
23732	933	34	0	4	0	971
23733	25	1005	1	1	0	1032
23734	986	24	12	3	0	1025
23735	23	8	986	6	0	1023
23736	860	2	18	2	0	882
23737	885	0	5	1	0	891
23738	889	0	2	2	0	893
23739	26	0	0	847	0	873
23740	8	0	3	854	0	865
23741	1	839	1	22	0	863
23742	2	17	1	829	0	849
23743	811	7	0	20	0	838
23744	15	829	1	9	0	854
23745	6	829	2	1	0	838
23746	803	25	0	1	0	829
23747	17	9	825	1	0	852
23748	9	1	16	796	0	822
23749	1	2	840	17	0	860
23750	2	0	17	809	0	828
23751	1	821	10	15	0	847
23752	1	15	1	854	0	871
23753	836	7	0	19	0	862
23754	21	1	0	843	0	865
23755	8	4	881	17	0	910
23756	790	1	19	13	0	823
23757	19	891	12	5	0	927
23758	7	971	5	3	0	986
23759	1002	27	0	3	0	1032
23760	1092	10	1	4	0	1107
23761	30	5	1086	1	0	1122
23762	1048	2	22	3	0	1075
23763	25	1096	10	0	0	1131
23764	1112	22	2	5	0	1141
23765	28	8	0	1061	0	1097
23766	8	1018	6	19	0	1051
23767	1019	25	1	9	0	1054
23768	27	8	1027	3	0	1065
23769	9	3	24	1033	0	1069
23770	1040	2	7	24	0	1073
23771	27	2	1055	9	0	1093
23772	1046	2	26	1	0	1075
23773	28	3	6	1048	0	1085
23774	9	2	3	1080	0	1094
23775	3	2	1057	30	0	1092
23776	4	1	23	1053	0	1081
23777	1050	2	7	31	0	1090
23778	26	1045	5	10	0	1086
23779	1058	24	1	6	0	1089
23780	1077	10	1	6	0	1094
23781	30	4	0	1053	0	1087
23782	9	10	1074	28	0	1121
23783	8	4	23	1073	0	1108
23784	1089	1	8	29	0	1127
23785	29	1065	6	9	0	1109
23786	1081	25	2	4	0	1112
23787	22	6	3	1070	0	1101
23788	11	3	2	1094	0	1110
23789	5	1	5	1102	0	1113
23790	2	1	1060	35	0	1098
23791	3	2	23	1065	0	1093
23792	5	2	1058	25	0	1090
23793	6	3	1062	10	0	1081
23794	4	4	26	1160	0	1194
23795	5	4	1185	26	0	1220
23796	1271	3	25	11	0	1310
23797	33	0	10	1363	0	1406
23798	9	2	9	1335	0	1355
23799	7	1381	6	40	0	1434
23800	1398	27	6	17	0	1448
23801	1450	10	3	5	0	1468
23802	41	1459	2	9	0	1511
23803	22	31	1	1455	0	1509
23804	8	14	1463	31	0	1516
23805	1394	6	30	20	0	1450
23806	1495	5	10	9	0	1519
23807	45	5	6	1427	0	1483
23808	23	4	1411	31	0	1469
23809	8	1390	33	14	0	1445
23810	1361	36	14	10	0	1421
23811	38	13	1374	3	0	1428
23812	19	1366	35	2	0	1422
23813	1275	21	9	5	0	1310
23814	1265	9	4	8	0	1286
23815	27	7	9	1224	0	1267
23816	19	1256	4	18	0	1297
23817	13	20	4	1311	0	1348
23818	4	10	4	1346	0	1364
23819	6	8	6	1345	0	1365
23820	6	3	1	1375	0	1385
23821	9	3	1338	33	0	1383
23822	7	4	20	1347	0	1378
23823	5	4	10	1377	0	1396
23824	6	4	1352	35	0	1397
23825	3	1346	22	23	0	1394
23826	1347	17	12	10	0	1386
23827	1361	10	6	10	0	1387
23828	29	9	4	1353	0	1395
23829	1366	5	3	24	0	1398
23830	30	1	3	1393	0	1427
23831	13	5	1389	30	0	1437
23832	12	5	1393	16	0	1426
23833	7	1314	30	17	0	1368
23834	1310	19	17	8	0	1354
23835	25	16	1429	13	0	1483
23836	17	8	28	1322	0	1375
23837	10	3	17	1461	0	1491
23838	6	7	8	1505	0	1526
23839	7	1	8	1501	0	1517
23840	10	4	7	1519	0	1540
23841	10	6	1484	49	0	1549
23842	8	1	29	1493	0	1531
23843	1475	3	19	42	0	1539
23844	28	1472	13	29	0	1542
23845	1485	28	3	18	0	1534
23846	35	1488	10	10	0	1543
23847	1492	33	12	14	0	1551
23848	1513	15	6	18	0	1552
23849	48	10	4	1478	0	1540
23850	31	5	3	1497	0	1536
23851	1473	6	3	49	0	1531
23852	1454	11	8	27	0	1500
23853	1459	5	7	20	0	1491
23854	52	1412	8	9	0	1481
23855	20	1425	4	17	0	1466
23856	14	40	1380	15	0	1449
23857	13	19	27	1366	0	1425
23858	25	5	1345	35	0	1410
23859	13	1297	27	19	0	1356
23860	7	24	15	1211	0	1257
23861	5	23	10	1200	0	1238
23862	12	5	6	1235	0	1258
23863	1213	4	6	40	0	1263
23864	1218	5	7	23	0	1253
23865	33	1235	9	13	0	1290
23866	16	22	6	1236	0	1280
23867	10	12	1252	27	0	1301
23868	5	9	1216	22	0	1252
23869	1213	7	32	13	0	1265
23870	1251	7	15	5	0	1278
23871	37	6	10	1219	0	1272
23872	1236	3	3	40	0	1282
23873	27	5	1222	23	0	1277
23874	21	1214	21	12	0	1268
23875	13	21	14	1235	0	1283
23876	6	16	1277	29	0	1328
23877	9	6	28	1289	0	1332
23878	13	7	17	1316	0	1353
23879	13	8	1331	37	0	1389
23880	1257	8	25	25	0	1315
23881	1328	7	12	20	0	1367
23882	35	1379	10	15	0	1439
23883	1408	22	6	14	0	1450
23884	1431	17	6	19	0	1473
23885	38	12	1439	18	0	1507
23886	1415	2	32	12	0	1461
23887	38	1484	19	11	0	1552
23888	1532	29	7	11	0	1579
23889	1570	21	4	5	0	1600
23890	1580	12	6	8	0	1606
23891	1503	10	11	12	0	1536
23892	1595	4	9	7	0	1615
23893	52	1600	4	9	0	1665
23894	1506	26	9	10	0	1551
23895	34	1486	5	9	0	1534
23896	21	1348	5	12	0	1386
23897	13	1339	7	18	0	1377
23898	1312	27	20	5	0	1364
23899	1307	14	0	7	0	1328
23900	38	6	1266	2	0	1312
23901	1291	9	19	5	0	1324
23902	1289	5	19	7	0	1320
23903	36	9	1300	5	0	1350
23904	27	6	20	1277	0	1330
23905	12	3	20	1283	0	1318
23906	5	2	7	1344	0	1358
23907	11	3	2	1353	0	1369
23908	12	1	4	1350	0	1367
23909	10	3	1327	38	0	1378
23910	5	1315	24	25	0	1369
23911	1303	22	19	8	0	1352
23912	26	1323	5	9	0	1363
23913	1320	20	4	9	0	1353
23914	1314	19	3	5	0	1341
23915	53	4	1270	2	0	1329
23916	26	10	21	1138	0	1195
23917	12	1229	25	30	0	1296
23918	1237	26	5	16	0	1284
23919	1253	17	3	4	0	1277
23920	1267	3	1	7	0	1278
23921	43	1246	14	2	0	1305
23922	1251	26	5	3	0	1285
23923	1258	24	4	3	0	1289
23924	1263	4	2	5	0	1274
23925	50	0	5	1222	0	1277
23926	32	1	2	1241	0	1276
23927	9	8	2	1268	0	1287
23928	1231	2	4	39	0	1276
23929	30	1223	3	21	0	1277
23930	1229	20	1	1	0	1251
23931	1198	22	1	3	0	1224
23932	1197	6	0	8	0	1211
23933	1203	5	0	7	0	1215
23934	49	1152	6	5	0	1212
23935	1033	16	1	2	0	1052
23936	25	1030	3	1	0	1059
23937	23	1013	0	0	0	1036
23938	975	24	3	2	0	1004
23939	17	983	3	1	0	1004
23940	15	985	3	2	0	1005
23941	986	25	4	2	0	1017
23942	991	16	0	3	0	1010
23943	30	2	1	961	0	994
23944	17	2	0	1013	0	1032
23945	1008	1	1	29	0	1039
23946	1037	5	1	14	0	1057
23947	1002	2	20	2	0	1026
23948	32	2	988	2	0	1024
23949	1016	4	15	5	0	1040
23950	17	3	13	1023	0	1056
23951	19	2	1	1037	0	1059
23952	5	3	2	1041	0	1051
23953	6	3	0	1048	0	1057
23954	6	1	1017	26	0	1050
23955	4	4	1012	16	0	1036
23956	5	1	25	1015	0	1046
23957	3	7	1030	14	0	1054
23958	9	2	1005	12	0	1028
23959	6	3	24	963	0	996
23960	6	0	19	1020	0	1045
23961	7	3	1	1040	0	1051
23962	5	2	3	1040	0	1050
23963	1020	0	3	29	0	1052
23964	1041	3	2	17	0	1063
23965	27	3	1	1007	0	1038
23966	20	2	2	1018	0	1042
23967	11	1	2	1013	0	1027
23968	6	1	1	1013	0	1021
23969	6	2	4	994	0	1006
23970	4	972	2	27	0	1005
23971	972	13	1	16	0	1002
23972	17	1004	3	6	0	1030
23973	1009	15	1	5	0	1030
23974	999	16	2	5	0	1022
23975	1000	2	2	4	0	1008
23976	31	3	1	924	0	959
23977	932	5	2	15	0	954
23978	20	2	0	919	0	941
23979	19	3	2	898	0	922
23980	896	2	2	28	0	928
23981	17	878	2	17	0	914
23982	19	851	2	2	0	874
23983	820	25	0	5	0	850
23984	14	18	802	3	0	837
23985	717	6	13	5	0	741
23986	13	7	13	745	0	778
23987	16	720	0	10	0	746
23988	6	710	0	13	0	729
23989	697	21	0	3	0	721
23990	23	15	2	715	0	755
23991	16	742	0	8	0	766
23992	702	7	4	11	0	724
23993	695	12	1	2	0	710
23994	700	4	0	1	0	705
23995	702	0	0	3	0	705
23996	19	674	1	2	0	696
23997	11	663	1	3	0	678
23998	661	17	0	2	0	680
23999	667	11	0	0	0	678
24000	17	3	658	3	0	681
24001	6	663	5	0	0	674
24002	668	5	3	0	0	676
24003	717	4	1	0	0	722
24004	11	3	738	0	0	752
24005	722	0	6	3	0	731
24006	8	3	798	1	0	810
24007	5	1	914	0	0	920
24008	1	4	12	787	0	804
24009	0	885	6	7	0	898
24010	937	7	1	6	0	951
24011	6	6	1	941	0	954
24012	6	1	0	949	0	956
24013	2	1	0	964	0	967
24014	949	0	0	11	0	960
24015	6	0	0	963	0	969
24016	6	0	0	998	0	1004
24017	2	2	984	13	0	1001
24018	922	0	7	10	0	939
24019	984	0	7	5	0	996
24020	15	1	990	4	0	1010
24021	944	1	11	0	0	956
24022	14	1	6	943	0	964
24023	8	978	3	11	0	1000
24024	4	10	0	988	0	1002
24025	973	7	0	11	0	991
24026	9	977	1	10	0	997
24027	9	10	1	973	0	993
24028	6	6	1	988	0	1001
24029	1	4	4	1010	0	1019
24030	6	2	2	945	0	955
24031	3	1006	2	18	0	1029
24032	995	13	2	13	0	1023
24033	1019	8	3	2	0	1032
24034	20	1066	2	5	0	1093
24035	1133	16	1	3	0	1153
24036	1157	13	0	4	0	1174
24037	1174	5	1	2	0	1182
24038	38	5	1132	4	0	1179
24039	18	0	16	1123	0	1157
24040	5	2	1118	17	0	1142
24041	1085	1	17	20	0	1123
24042	19	1134	16	5	0	1174
24043	1113	16	6	6	0	1141
24044	20	1135	3	3	0	1161
24045	19	17	2	1064	0	1102
24046	4	17	2	1082	0	1105
24047	8	5	1090	33	0	1136
24048	5	1092	17	21	0	1135
24049	1079	18	15	7	0	1119
24050	16	15	1096	8	0	1135
24051	1084	7	20	6	0	1117
24052	23	2	17	1094	0	1136
24053	20	5	1115	21	0	1161
24054	10	1106	20	19	0	1155
24055	11	17	15	1095	0	1138
24056	9	18	1106	21	0	1154
24057	6	6	1105	20	0	1137
24058	6	1101	32	8	0	1147
24059	6	22	20	1074	0	1122
24060	10	17	4	1046	0	1077
24061	7	1089	4	31	0	1131
24062	1091	20	4	22	0	1137
24063	25	16	3	1051	0	1095
24064	21	1084	5	21	0	1131
24065	1091	21	2	21	0	1135
24066	1103	17	5	9	0	1134
24067	1110	9	5	8	0	1132
24068	37	1099	8	5	0	1149
24069	1131	18	4	6	0	1159
24070	1121	19	6	5	0	1151
24071	37	8	2	1098	0	1145
24072	1113	5	0	28	0	1146
24073	24	4	7	1145	0	1180
24074	26	1	1127	26	0	1180
24075	10	4	1161	24	0	1199
24076	9	8	37	1142	0	1196
24077	11	8	1178	24	0	1221
24078	1097	2	23	25	0	1147
24079	25	7	20	1162	0	1214
24080	22	7	8	1183	0	1220
24081	12	10	1160	35	0	1217
24082	8	1121	23	22	0	1174
24083	6	1171	21	13	0	1211
24084	7	37	6	1150	0	1200
24085	8	18	8	1168	0	1202
24086	7	11	1144	35	0	1197
24087	7	12	1172	18	0	1209
24088	9	5	37	1167	0	1218
24089	8	2	1162	23	0	1195
24090	1108	3	23	23	0	1157
24091	22	7	21	1140	0	1190
24092	1153	8	7	22	0	1190
24093	27	3	4	1156	0	1190
24094	21	8	7	1169	0	1205
24095	6	6	1139	35	0	1186
24096	4	1167	16	29	0	1216
24097	4	20	21	1155	0	1200
24098	6	21	1159	24	0	1210
24099	5	1155	20	22	0	1202
24100	10	26	23	1143	0	1202
24101	1143	20	4	19	0	1186
24102	21	4	1159	24	0	1208
24103	1042	4	19	4	0	1069
24104	25	2	1066	9	0	1102
24105	931	4	17	5	0	957
24106	22	980	18	4	0	1024
24107	15	898	7	2	0	922
24108	6	31	4	833	0	874
24109	2	852	4	17	0	875
24110	846	19	3	15	0	883
24111	16	13	2	858	0	889
24112	14	2	3	872	0	891
24113	3	2	3	890	0	898
24114	1	1	844	31	0	877
24115	1	3	18	830	0	852
24116	3	2	832	19	0	856
24117	3	807	15	15	0	840
24118	770	12	12	5	0	799
24119	12	835	6	1	0	854
24120	865	16	1	0	0	882
24121	873	12	0	5	0	890
24122	883	1	2	6	0	892
24123	856	2	3	4	0	865
24124	23	1	829	4	0	857
24125	13	0	14	829	0	856
24126	1	0	15	854	0	870
24127	4	2	5	882	0	893
24128	773	0	3	26	0	802
24129	808	0	1	14	0	823
24130	20	845	3	5	0	873
24131	12	11	821	8	0	852
24132	2	8	835	2	0	847
24133	2	817	18	1	0	838
24134	1	813	6	3	0	823
24135	2	13	17	731	0	763
24136	0	4	1	700	0	705
24137	711	2	1	8	0	722
24138	5	726	1	4	0	736
24139	3	4	0	735	0	742
24140	2	4	760	7	0	773
24141	2	1	6	781	0	790
24142	0	0	7	792	0	799
24143	1	0	2	811	0	814
24144	0	0	2	785	0	787
24145	1	1	765	15	0	782
24146	0	749	7	8	0	764
24147	3	767	6	2	0	778
24148	749	10	3	1	0	763
24149	6	764	1	1	0	772
24150	5	798	0	1	0	804
24151	2	8	1	784	0	795
24152	3	4	4	787	0	798
24153	1	1	3	785	0	790
24154	2	2	776	9	0	789
24155	0	779	5	7	0	791
24156	0	4	5	747	0	756
24157	0	794	5	4	0	803
24158	782	6	0	5	0	793
24159	5	788	2	3	0	798
24160	785	5	2	0	0	792
24161	7	6	765	0	0	778
24162	751	2	5	0	0	758
24163	6	0	5	776	0	787
24164	4	2	793	4	0	803
24165	758	2	4	6	0	770
24166	801	1	5	3	0	810
24167	800	1	0	1	0	802
24168	9	1	0	783	0	793
24169	6	3	799	4	0	812
24170	758	0	6	10	0	774
24171	4	1	5	812	0	822
24172	6	1	2	841	0	850
24173	2	0	823	9	0	834
24174	0	812	5	9	0	826
24175	2	4	5	774	0	785
24176	2	813	3	2	0	820
24177	808	5	0	5	0	818
24178	817	5	1	2	0	825
24179	9	2	1	809	0	821
24180	819	0	0	5	0	824
24181	6	815	1	5	0	827
24182	806	3	1	3	0	813
24183	5	813	2	2	0	822
24184	5	4	0	813	0	822
24185	2	4	0	801	0	807
24186	0	828	3	6	0	837
24187	1	4	1	818	0	824
24188	0	4	825	4	0	833
24189	2	817	5	4	0	828
24190	764	5	2	2	0	773
24191	4	796	2	2	0	804
24192	3	5	1	797	0	806
24193	2	3	795	4	0	804
24194	1	1	4	790	0	796
24195	2	0	3	801	0	806
24196	721	0	2	14	0	737
24197	4	3	779	6	0	792
24198	4	804	4	4	0	816
24199	2	6	825	1	0	834
24200	2	6	839	0	0	847
24201	0	5	835	0	0	840
24202	0	1	7	776	0	784
24203	863	2	5	2	0	872
24204	3	863	0	8	0	874
24205	891	3	0	2	0	896
24206	895	7	3	1	0	906
24207	9	1	0	868	0	878
24208	6	898	0	3	0	907
24209	878	4	0	6	0	888
24210	3	888	3	3	0	897
24211	6	5	0	867	0	878
24212	1	7	0	892	0	900
24213	0	899	4	8	0	911
24214	3	2	0	913	0	918
24215	0	9	885	4	0	898
24216	1	2	894	6	0	903
24217	2	1	9	889	0	901
24218	3	1	6	906	0	916
24219	3	3	863	10	0	879
24220	2	1	848	8	0	859
24221	733	2	10	1	0	746
24222	5	839	9	2	0	855
24223	7	878	4	1	0	890
24224	2	9	2	833	0	846
24225	0	6	2	847	0	855
24226	5	1	1	853	0	860
24227	1	2	830	11	0	844
24228	4	1	820	6	0	831
24229	4	0	9	840	0	853
24230	1	1	832	6	0	840
24231	0	817	3	10	0	830
24232	816	4	7	0	0	827
24233	3	9	820	1	0	833
24234	10	0	821	3	0	834
24235	1	1	9	808	0	819
24236	2	3	890	3	0	898
24237	1	902	7	11	0	921
24238	2	7	8	899	0	916
24239	8	8	914	6	0	936
24240	2	886	6	8	0	902
24241	874	7	5	4	0	890
24242	9	8	4	859	0	880
24243	6	2	2	869	0	879
24244	868	0	0	12	0	880
24245	6	864	2	7	0	879
24246	876	8	0	5	0	889
24247	879	6	0	4	0	889
24248	869	3	0	3	0	875
24249	15	0	0	849	0	864
24250	821	1	3	6	0	831
24251	8	773	3	8	0	792
24252	6	790	2	4	0	802
24253	826	11	3	0	0	840
24254	7	9	0	830	0	846
24255	7	1	0	842	0	850
24256	3	0	3	829	0	835
24257	0	2	797	16	0	815
24258	2	801	7	12	0	822
24259	2	7	7	821	0	837
24260	827	9	2	6	0	844
24261	6	3	0	840	0	849
24262	6	0	827	11	0	844
24263	2	824	6	7	0	839
24264	819	7	6	4	0	836
24265	823	5	3	2	0	833
24266	833	2	1	5	0	841
24267	16	0	2	828	0	846
24268	7	5	833	13	0	858
24269	4	1	888	9	0	902
24270	3	926	20	8	0	957
24271	12	23	9	917	0	961
24272	2	7	5	936	0	950
24273	897	3	1	24	0	925
24274	16	3	2	911	0	932
24275	946	5	2	19	0	972
24276	23	0	941	9	0	973
24277	9	3	949	6	0	967
24278	7	1	24	933	0	965
24279	1	1	12	957	0	971
24280	0	1	8	969	0	978
24281	963	3	1	30	0	997
24282	1027	2	1	17	0	1047
24283	28	1	3	1040	0	1072
24284	15	2	1027	23	0	1067
24285	12	0	1054	11	0	1077
24286	1	2	28	1030	0	1061
24287	1031	0	16	22	0	1069
24288	25	3	6	1023	0	1057
24289	14	5	0	1036	0	1055
24290	8	2	1026	31	0	1067
24291	5	1	1019	17	0	1042
24292	972	0	28	13	0	1013
24293	19	1	1034	4	0	1058
24294	12	0	26	991	0	1029
24295	5	5	10	1009	0	1029
24296	1010	3	6	28	0	1047
24297	21	1007	3	17	0	1048
24298	980	18	0	11	0	1009
24299	25	957	1	5	0	988
24300	933	22	3	3	0	961
24301	25	7	919	4	0	955
24302	832	9	24	4	0	869
24303	845	1	10	6	0	862
24304	26	7	6	844	0	883
24305	12	1	846	24	0	883
24306	9	0	21	810	0	840
24307	4	3	7	828	0	842
24308	4	797	10	26	0	837
24309	4	19	9	780	0	812
24310	3	808	5	25	0	841
24311	6	22	2	804	0	834
24312	805	6	1	27	0	839
24313	19	5	1	813	0	838
24314	11	2	805	25	0	843
24315	793	2	22	7	0	824
24316	20	0	824	11	0	855
24317	827	2	25	4	0	858
24318	840	1	11	9	0	861
24319	27	818	8	11	0	864
24320	21	842	2	3	0	868
24321	829	25	2	6	0	862
24322	850	15	1	10	0	876
24323	834	6	6	6	0	852
24324	847	2	7	5	0	861
24325	840	2	3	6	0	851
24326	35	1	3	811	0	850
24327	19	1	2	827	0	849
24328	10	3	816	29	0	858
24329	799	0	23	18	0	840
24330	23	1	15	824	0	863
24331	15	1	10	842	0	868
24332	10	4	825	32	0	871
24333	4	807	19	21	0	851
24334	6	821	13	13	0	853
24335	791	27	11	4	0	833
24336	724	14	8	9	0	755
24337	27	713	4	2	0	746
24338	14	706	5	7	0	732
24339	701	21	4	4	0	730
24340	717	11	5	6	0	739
24341	27	5	4	693	0	729
24342	21	1	1	702	0	725
24343	12	3	4	715	0	734
24344	693	5	2	30	0	730
24345	703	2	1	18	0	724
24346	25	4	3	715	0	747
24347	755	6	1	18	0	780
24348	23	4	750	12	0	789
24349	19	3	15	757	0	794
24350	14	3	764	19	0	800
24351	6	754	19	18	0	797
24352	7	18	13	763	0	801
24353	765	12	9	20	0	806
24354	22	6	2	769	0	799
24355	14	1	7	774	0	796
24356	10	2	755	27	0	794
24357	6	4	756	20	0	786
24358	7	766	23	6	0	802
24359	754	18	13	5	0	790
24360	765	12	4	5	0	786
24361	769	8	3	4	0	784
24362	783	1	3	2	0	789
24363	34	1	2	750	0	787
24364	24	3	3	734	0	764
24365	10	755	1	29	0	795
24366	761	14	3	18	0	796
24367	744	12	3	8	0	767
24368	23	5	721	7	0	756
24369	586	1	5	8	0	600
24370	7	610	14	2	0	633
24371	14	17	3	575	0	609
24372	7	627	1	6	0	641
24373	614	8	4	9	0	635
24374	12	618	3	5	0	638
24375	14	10	5	577	0	606
24376	4	10	1	584	0	599
24377	1	6	5	578	0	590
24378	1	561	3	22	0	587
24379	4	13	0	573	0	590
24380	9	10	0	561	0	580
24381	2	526	3	20	0	551
24382	2	493	2	18	0	515
24383	458	15	4	5	0	482
24384	4	466	3	6	0	479
24385	434	10	1	3	0	448
24386	10	10	431	2	0	453
24387	14	434	2	3	0	453
24388	422	7	9	2	0	440
24389	420	11	2	4	0	437
24390	14	3	416	5	0	438
24391	10	4	3	420	0	437
24392	4	5	429	4	0	442
24393	6	414	5	12	0	437
24394	411	6	7	3	0	427
24395	5	414	1	2	0	422
24396	12	5	0	396	0	413
24397	4	10	3	404	0	421
24398	2	5	397	13	0	417
24399	3	4	389	11	0	407
24400	374	5	12	3	0	394
24401	391	4	11	2	0	408
24402	397	5	1	3	0	406
24403	394	1	2	4	0	401
24404	13	392	4	6	0	415
24405	12	4	3	382	0	401
24406	4	8	5	384	0	401
24407	5	395	4	11	0	415
24408	401	5	1	8	0	415
24409	398	12	0	4	0	414
24410	15	0	400	4	0	419
24411	399	6	3	3	0	411
24412	8	6	10	394	0	418
24413	12	2	389	7	0	410
24414	4	4	7	389	0	404
24415	4	3	398	5	0	410
24416	8	1	380	7	0	396
24417	4	3	12	349	0	368
24418	5	362	9	6	0	382
24419	359	2	5	9	0	375
24420	355	9	3	2	0	369
24421	12	379	2	3	0	396
24422	10	371	3	1	0	385
24423	382	9	4	1	0	396
24424	385	10	0	4	0	399
24425	385	5	2	4	0	396
24426	392	1	2	4	0	399
24427	15	0	1	387	0	403
24428	8	3	382	4	0	397
24429	4	377	3	7	0	391
24430	358	1	6	6	0	371
24431	5	384	3	1	0	393
24432	384	1	1	3	0	389
24433	372	7	1	2	0	382
24434	8	1	381	4	0	394
24435	7	396	3	1	0	407
24436	4	5	5	390	0	404
24437	5	6	2	392	0	405
24438	3	5	0	385	0	393
24439	390	1	1	8	0	400
24440	378	3	1	6	0	388
24441	377	0	4	3	0	384
24442	7	376	2	2	0	387
24443	378	1	2	4	0	385
24444	3	395	1	3	0	402
24445	7	2	386	5	0	400
24446	4	375	4	2	0	385
24447	11	5	4	310	0	330
24448	4	3	0	312	0	319
24449	1	4	309	3	0	317
24450	3	1	0	293	0	297
24451	1	3	3	301	0	308
24452	291	0	3	3	0	297
24453	291	3	0	3	0	297
24454	300	0	0	2	0	302
24455	4	303	1	2	0	310
24456	305	0	2	2	0	309
24457	295	2	1	2	0	300
24458	4	314	0	2	0	320
24459	6	1	0	309	0	316
24460	3	4	0	307	0	314
24461	308	0	0	3	0	311
24462	0	4	306	2	0	312
24463	3	306	1	0	0	310
24464	2	5	2	281	0	290
24465	0	292	0	1	0	293
24466	0	279	0	1	0	280
24467	280	0	0	3	0	283
24468	273	0	0	0	0	273
24469	2	0	0	286	0	288
24470	1	0	0	279	0	280
24471	0	1	0	279	0	280
24472	1	0	0	271	0	272
24473	0	2	266	0	0	268
24474	1	0	261	0	0	262
24475	0	1	0	264	0	265
24476	0	0	272	2	0	274
24477	0	273	0	1	0	274
24478	274	0	1	0	0	275
24479	288	0	0	2	0	290
24480	0	1	0	291	0	292
24481	1	0	0	300	0	301
24482	1	0	0	306	0	307
24483	1	314	1	0	0	316
24484	312	1	0	0	0	313
24485	307	0	0	0	0	307
24486	1	2	307	0	0	310
24487	0	1	0	327	0	328
24488	0	0	338	1	0	339
24489	0	0	0	372	0	372
24490	1	1	1	371	0	374
24491	1	1	2	378	0	382
24492	1	0	0	384	0	385
24493	381	1	0	5	0	387
24494	401	0	0	4	0	405
24495	425	0	0	1	0	426
24496	5	0	1	422	0	428
24497	3	1	414	2	0	420
24498	397	0	2	2	0	401
24499	2	0	2	418	0	422
24500	414	0	1	3	0	418
24501	5	0	0	409	0	414
24502	2	407	0	5	0	414
24503	2	427	0	3	0	432
24504	0	6	0	425	0	431
24505	1	2	0	419	0	422
24506	0	2	0	420	0	422
24507	0	420	1	6	0	427
24508	416	4	0	3	0	423
24509	3	417	0	2	0	422
24510	2	4	408	1	0	415
24511	1	2	4	425	0	432
24512	0	443	2	3	0	448
24513	2	3	1	438	0	444
24514	1	6	0	444	0	451
24515	0	2	437	6	0	445
24516	396	0	4	5	0	405
24517	2	464	4	3	0	473
24518	474	3	1	1	0	479
24519	472	2	0	0	0	474
24520	476	2	0	1	0	479
24521	8	0	450	1	0	459
24522	4	0	6	448	0	458
24523	4	0	2	447	0	453
24524	1	1	437	8	0	447
24525	375	1	5	4	0	385
24526	5	1	453	3	0	462
24527	3	1	443	1	0	448
24528	1	459	7	1	0	468
24529	0	6	3	448	0	457
24530	0	3	456	3	0	462
24531	420	1	5	4	0	430
24532	438	1	2	1	0	442
24533	8	0	452	1	0	461
24534	3	2	5	470	0	480
24535	2	1	491	5	0	499
24536	0	491	5	4	0	500
24537	508	6	3	1	0	518
24538	522	2	2	1	0	527
24539	539	2	0	1	0	542
24540	8	0	1	529	0	538
24541	4	0	0	542	0	546
24542	1	2	539	7	0	549
24543	536	0	5	3	0	544
24544	5	1	3	533	0	542
24545	533	0	1	5	0	539
24546	7	0	534	2	0	543
24547	4	0	549	2	0	555
24548	1	0	7	519	0	527
24549	0	0	4	555	0	559
24550	1	0	548	10	0	559
24551	518	0	8	3	0	529
24552	7	0	3	548	0	558
24553	2	566	3	5	0	576
24554	573	5	1	3	0	582
24555	10	569	1	1	0	581
24556	573	11	0	1	0	585
24557	14	3	610	1	0	628
24558	5	1	599	2	0	607
24559	2	609	14	3	0	628
24560	608	12	6	0	0	626
24561	12	4	606	3	0	625
24562	584	1	11	1	0	597
24563	14	615	4	0	0	633
24564	7	11	0	647	0	665
24565	2	4	1	633	0	640
24566	3	637	0	17	0	657
24567	670	11	1	7	0	689
24568	681	3	1	2	0	687
24569	685	1	2	3	0	691
24570	18	1	680	2	0	701
24571	6	0	12	670	0	688
24572	3	0	6	691	0	700
24573	2	0	2	701	0	705
24574	1	0	672	20	0	693
24575	2	660	14	11	0	687
24576	649	13	5	3	0	670
24577	14	5	675	3	0	697
24578	659	4	14	2	0	679
24579	18	675	5	2	0	700
24580	690	14	4	1	0	709
24581	16	5	3	660	0	684
24582	675	4	2	14	0	695
24583	16	0	4	665	0	685
24584	6	3	712	13	0	734
24585	6	1	14	713	0	734
24586	2	4	727	13	0	746
24587	649	0	12	8	0	669
24588	12	697	7	4	0	720
24589	5	18	0	636	0	659
24590	3	685	1	10	0	699
24591	665	11	0	2	0	678
24592	677	4	0	3	0	684
24593	15	681	4	0	0	700
24594	666	11	2	2	0	681
24595	682	4	1	4	0	691
24596	14	0	2	671	0	687
24597	3	0	4	682	0	689
24598	689	3	1	15	0	708
24599	709	1	0	4	0	714
24600	14	0	3	691	0	708
24601	7	1	0	743	0	751
24602	752	4	0	13	0	769
24603	16	2	741	10	0	769
24604	695	0	12	4	0	711
24605	15	1	758	0	0	774
24606	6	751	13	2	0	772
24607	1	11	6	749	0	767
24608	3	6	767	13	0	789
24609	1	773	15	6	0	795
24610	778	11	5	1	0	795
24611	12	9	776	1	0	798
24612	750	1	12	3	0	766
24613	782	2	9	0	0	793
24614	792	1	0	2	0	795
24615	20	1	1	748	0	770
24616	6	796	2	10	0	814
24617	780	11	2	7	0	800
24618	13	9	783	2	0	807
24619	699	1	10	5	0	715
24620	12	0	793	5	0	810
24621	11	771	12	1	0	795
24622	4	12	8	774	0	798
24623	3	7	2	770	0	782
24624	1	768	2	20	0	791
24625	6	10	3	779	0	798
24626	6	10	768	10	0	794
24627	6	786	13	7	0	812
24628	3	10	9	772	0	794
24629	769	8	3	10	0	790
24630	799	1	1	11	0	812
24631	17	1	4	796	0	818
24632	7	830	2	8	0	847
24633	5	13	1	845	0	864
24634	5	6	2	803	0	816
24635	4	3	761	16	0	784
24636	3	766	10	11	0	790
24637	5	11	8	753	0	777
24638	2	7	758	13	0	780
24639	3	747	11	11	0	772
24640	3	12	6	737	0	758
24641	740	6	3	12	0	761
24642	10	762	1	7	0	780
24643	8	6	2	774	0	790
24644	778	9	2	12	0	801
24645	798	2	1	9	0	810
24646	796	0	1	5	0	802
24647	789	1	2	3	0	795
24648	18	2	2	780	0	802
24649	10	0	793	9	0	812
24650	3	2	13	760	0	778
24651	2	776	7	9	0	794
24652	785	10	2	8	0	805
24653	14	7	786	1	0	808
24654	743	3	6	2	0	754
24655	11	1	782	0	0	794
24656	7	8	8	751	0	774
24657	7	1	745	7	0	760
24658	2	0	6	737	0	745
24659	3	2	746	6	0	757
24660	2	1	6	730	0	739
24661	733	2	5	7	0	747
24662	6	789	4	6	0	805
24663	7	8	2	777	0	794
24664	4	6	0	759	0	769
24665	1	4	778	9	0	792
24666	2	4	762	10	0	778
24667	697	2	12	6	0	717
24668	7	761	6	2	0	776
24669	751	5	2	4	0	762
24670	763	3	0	4	0	770
24671	9	2	0	736	0	747
24672	6	760	1	5	0	772
24673	775	5	1	4	0	785
24674	776	4	0	4	0	784
24675	800	1	1	1	0	803
24676	805	0	1	1	0	807
24677	769	2	0	5	0	776
24678	9	2	763	0	0	774
24679	751	1	5	2	0	759
24680	6	3	774	0	0	783
24681	5	1	5	752	0	763
24682	2	0	5	794	0	801
24683	3	2	801	8	0	814
24684	742	0	5	5	0	752
24685	5	1	3	766	0	775
24686	4	0	2	772	0	778
24687	2	0	1	787	0	790
24688	1	1	2	782	0	786
24689	0	2	1	790	0	793
24690	1	0	804	16	0	821
24691	0	1	12	810	0	823
24692	0	2	819	11	0	832
24693	2	1	800	8	0	811
24694	784	1	17	1	0	803
24695	808	2	8	3	0	821
24696	870	0	1	2	0	873
24697	22	3	907	2	0	934
24698	13	2	902	2	0	919
24699	6	1	942	0	0	949
24700	4	967	22	2	0	995
24701	14	26	20	923	0	983
24702	970	7	4	11	0	992
24703	16	2	1	1039	0	1058
24704	12	1055	1	17	0	1085
24705	1082	14	1	12	0	1109
24706	17	11	3	1061	0	1092
24707	12	1090	2	19	0	1123
24708	2	16	3	1096	0	1117
24709	2	12	2	1089	0	1105
24710	1068	2	1	30	0	1101
24711	16	0	0	1074	0	1090
24712	12	1	1059	19	0	1091
24713	4	1	16	1036	0	1057
24714	2	1025	13	23	0	1063
24715	1	1058	3	14	0	1076
24716	0	27	2	1028	0	1057
24717	0	13	4	1012	0	1029
24718	4	1011	3	25	0	1043
24719	3	1019	4	14	0	1040
24720	4	1050	4	6	0	1064
24721	9	29	3	954	0	995
24722	2	1047	3	16	0	1068
24723	1026	20	4	8	0	1058
24724	17	13	1044	4	0	1078
24725	14	4	18	998	0	1034
24726	7	1045	13	17	0	1082
24727	1012	18	2	16	0	1048
24728	17	14	1021	4	0	1056
24729	14	1023	15	7	0	1059
24730	994	19	13	6	0	1032
24731	19	1005	3	1	0	1028
24732	15	1003	2	9	0	1029
24733	7	31	2	961	0	1001
24734	3	1004	1	20	0	1028
24735	1007	21	0	17	0	1045
24736	21	13	4	1005	0	1043
24737	14	4	997	21	0	1036
24738	7	5	999	20	0	1031
24739	4	5	27	990	0	1026
24740	3	5	1016	21	0	1045
24741	3	6	18	1015	0	1042
24742	974	6	12	24	0	1016
24743	19	7	978	16	0	1020
24744	14	7	16	943	0	980
24745	3	948	17	20	0	988
24746	4	20	3	964	0	991
24747	8	18	2	957	0	985
24748	8	952	6	30	0	996
24749	3	17	8	966	0	994
24750	4	17	8	967	0	996
24751	7	7	958	30	0	1002
24752	3	950	22	19	0	994
24753	935	23	16	4	0	978
24754	21	14	5	949	0	989
24755	13	12	948	21	0	994
24756	10	8	18	937	0	973
24757	4	7	951	25	0	987
24758	879	13	19	18	0	929
24759	16	940	18	14	0	988
24760	18	19	3	950	0	990
24761	8	18	8	958	0	992
24762	900	6	5	38	0	949
24763	20	4	6	922	0	952
24764	16	5	909	23	0	953
24765	7	7	18	860	0	892
24766	7	860	20	20	0	907
24767	4	891	7	22	0	924
24768	8	902	4	10	0	924
24769	3	42	3	874	0	922
24770	2	19	855	29	0	905
24771	3	863	19	29	0	914
24772	848	25	17	6	0	896
24773	16	882	2	8	0	908
24774	875	23	2	11	0	911
24775	871	16	6	10	0	903
24776	27	8	864	9	0	908
24777	883	3	19	9	0	914
24778	905	5	18	11	0	939
24779	898	4	6	7	0	915
24780	907	7	3	10	0	927
24781	30	6	925	7	0	968
24782	915	5	19	9	0	948
24783	941	12	17	4	0	974
24784	30	949	5	10	0	994
24785	17	26	3	922	0	968
24786	8	28	3	921	0	960
24787	6	937	3	36	0	982
24788	914	22	6	21	0	963
24789	23	945	5	5	0	978
24790	904	21	3	4	0	932
24791	900	15	6	7	0	928
24792	27	928	6	8	0	969
24793	23	15	3	918	0	959
24794	4	16	924	20	0	964
24795	7	912	20	12	0	951
24796	14	14	12	809	0	849
24797	4	855	7	15	0	881
24798	6	951	4	13	0	974
24799	11	31	0	893	0	935
24800	8	14	897	18	0	937
24801	5	867	15	13	0	900
24802	1	880	12	0	0	893
24803	759	17	3	0	0	779
24804	13	10	1	764	0	788
24805	11	3	0	775	0	789
24806	4	0	0	797	0	801
24807	0	0	774	21	0	795
24808	1	1	11	781	0	794
24809	3	827	9	12	0	851
24810	878	10	2	10	0	900
24811	12	10	0	886	0	908
24812	12	3	889	10	0	914
24813	878	1	10	12	0	901
24814	13	2	11	907	0	933
24815	14	1	953	10	0	978
24816	3	4	961	13	0	981
24817	976	0	23	6	0	1005
24818	1017	3	14	0	0	1034
24819	1011	2	1	2	0	1016
24820	1017	4	2	2	0	1025
24821	29	3	1004	2	0	1038
24822	17	993	16	1	0	1027
24823	992	15	10	1	0	1018
24824	13	1003	1	2	0	1019
24825	993	15	1	1	0	1010
24826	14	1005	4	2	0	1025
24827	11	18	0	990	0	1019
24828	6	11	1	1003	0	1021
24829	1	6	1	1004	0	1012
24830	3	989	2	26	0	1020
24831	2	1016	1	12	0	1031
24832	3	25	1	932	0	961
24833	1	978	1	11	0	991
24834	6	15	963	12	0	996
24835	3	21	14	938	0	976
24836	2	7	962	15	0	986
24837	929	1	18	15	0	963
24838	958	6	13	3	0	980
24839	24	6	950	2	0	982
24840	20	6	952	4	0	982
24841	6	4	28	946	0	984
24842	5	3	956	22	0	986
24843	9	2	19	898	0	928
24844	3	905	20	14	0	942
24845	5	18	4	955	0	982
24846	5	14	2	961	0	982
24847	5	4	5	974	0	988
24848	6	3	933	33	0	975
24849	4	7	20	911	0	942
24850	7	2	15	918	0	942
24851	8	2	3	871	0	884
24852	3	923	5	25	0	956
24853	932	19	4	15	0	970
24854	930	19	4	11	0	964
24855	947	6	6	10	0	969
24856	36	6	4	908	0	954
24857	19	10	911	16	0	956
24858	14	7	911	18	0	950
24859	8	911	29	9	0	957
24860	902	15	14	10	0	941
24861	15	923	3	17	0	958
24862	922	17	9	9	0	957
24863	17	926	12	10	0	965
24864	920	21	5	13	0	959
24865	20	969	6	8	0	1003
24866	21	19	4	959	0	1003
24867	10	19	947	19	0	995
24868	9	6	964	13	0	992
24869	12	9	23	950	0	994
24870	9	7	18	970	0	1004
24871	9	3	11	986	0	1009
24872	9	4	970	28	0	1011
24873	13	5	18	952	0	988
24874	928	5	12	26	0	971
24875	933	6	7	17	0	963
24876	32	919	8	9	0	968
24877	909	19	11	7	0	946
24878	22	916	6	11	0	955
24879	895	20	5	7	0	927
24880	904	18	5	8	0	935
24881	879	12	8	8	0	907
24882	31	6	867	11	0	915
24883	16	8	856	9	0	889
24884	835	4	17	13	0	869
24885	856	3	17	7	0	883
24886	22	8	7	848	0	885
24887	14	10	9	897	0	930
24888	10	5	6	914	0	935
24889	6	11	8	913	0	938
24890	12	5	9	918	0	944
24891	904	8	6	25	0	943
24892	17	5	6	891	0	919
24893	14	6	876	21	0	917
24894	857	4	13	22	0	896
24895	883	1	20	14	0	918
24896	19	881	10	12	0	922
24897	14	861	6	10	0	891
24898	729	13	4	6	0	752
24899	8	750	4	5	0	767
24900	727	7	2	5	0	741
24901	797	14	3	4	0	818
24902	801	2	3	3	0	809
24903	25	2	1	769	0	797
24904	16	783	2	10	0	811
24905	783	9	3	10	0	805
24906	15	10	3	780	0	808
24907	16	1	3	767	0	787
24908	727	2	2	21	0	752
24909	12	700	3	12	0	727
24910	7	11	1	676	0	695
24911	685	7	1	11	0	704
24912	13	698	3	9	0	723
24913	723	11	1	5	0	740
24914	13	8	669	4	0	694
24915	679	2	8	3	0	692
24916	11	695	9	2	0	717
24917	670	9	3	4	0	686
24918	665	10	1	2	0	678
24919	17	700	2	1	0	720
24920	708	8	0	4	0	720
24921	11	705	0	1	0	717
24922	724	9	0	3	0	736
24923	10	9	0	717	0	736
24924	12	3	1	716	0	732
24925	4	2	0	727	0	733
24926	3	2	712	16	0	733
24927	3	2	7	714	0	726
24928	3	0	715	10	0	728
24929	0	3	8	692	0	703
24930	3	711	10	6	0	730
24931	3	8	1	729	0	741
24932	3	13	730	7	0	753
24933	3	2	728	11	0	744
24934	1	4	15	740	0	760
24935	738	0	10	8	0	756
24936	738	1	1	11	0	751
24937	16	743	3	4	0	766
24938	12	6	0	744	0	762
24939	3	13	760	9	0	785
24940	4	1	8	767	0	780
24941	4	1	767	8	0	780
24942	733	2	9	13	0	757
24943	11	1	13	755	0	780
24944	12	2	759	11	0	784
24945	7	2	7	771	0	787
24946	4	1	11	774	0	790
24947	4	1	767	19	0	791
24948	4	1	10	767	0	782
24949	766	2	10	12	0	790
24950	779	1	1	13	0	794
24951	21	3	1	772	0	797
24952	789	3	1	12	0	805
24953	11	1	781	15	0	808
24954	12	4	766	4	0	786
24955	772	0	15	4	0	791
24956	785	2	15	2	0	804
24957	21	0	3	761	0	785
24958	11	2	3	776	0	792
24959	4	1	762	20	0	787
24960	3	3	9	697	0	712
24961	1	761	14	11	0	787
24962	761	7	4	13	0	785
24963	803	13	4	3	0	823
24964	21	811	2	5	0	839
24965	779	13	1	3	0	796
24966	771	12	2	4	0	789
24967	23	783	2	3	0	811
24968	783	9	3	3	0	798
24969	13	785	2	3	0	803
24970	786	8	2	2	0	798
24971	12	13	777	5	0	807
24972	14	4	12	779	0	809
24973	3	1	12	795	0	811
24974	2	3	6	819	0	830
24975	806	2	3	25	0	836
24976	10	2	1	844	0	857
24977	17	5	830	10	0	862
24978	826	1	5	17	0	849
24979	13	2	14	832	0	861
24980	18	821	2	14	0	855
24981	4	859	3	17	0	883
24982	5	24	2	826	0	857
24983	5	15	3	825	0	848
24984	4	4	3	836	0	847
24985	7	3	793	25	0	828
24986	4	792	13	17	0	826
24987	750	7	15	8	0	780
24988	730	13	4	6	0	753
24989	21	734	8	5	0	768
24990	17	743	1	5	0	766
24991	6	20	4	742	0	772
24992	3	14	744	13	0	774
24993	702	7	12	13	0	734
24994	725	3	12	5	0	745
24995	19	2	3	706	0	730
24996	17	3	2	708	0	730
24997	696	0	3	19	0	718
24998	10	1	697	14	0	722
24999	680	1	6	5	0	692
25000	10	669	13	5	0	697
25001	8	4	0	578	0	590
25002	2	598	0	2	0	602
25003	595	2	6	8	0	611
25004	2	7	3	580	0	592
25005	12	1	1	555	0	569
25006	4	578	1	9	0	592
25007	575	2	1	11	0	589
25008	576	8	2	2	0	588
25009	11	1	575	3	0	590
25010	8	0	539	2	0	549
25011	534	2	8	2	0	546
25012	3	2	537	0	0	542
25013	8	1	504	1	0	514
25014	495	1	20	2	0	518
25015	2	0	543	3	0	548
25016	4	3	2	536	0	545
25017	1	1	5	540	0	547
25018	588	0	1	9	0	598
25019	5	0	583	9	0	597
25020	630	0	4	3	0	637
25021	7	1	9	623	0	640
25022	622	0	2	7	0	631
25023	622	0	2	10	0	634
25024	633	0	0	2	0	635
25025	16	0	1	617	0	634
25026	640	0	2	7	0	649
25027	10	1	0	636	0	647
25028	13	0	0	627	0	640
25029	3	3	0	640	0	646
25030	4	2	0	632	0	638
25031	612	0	0	19	0	631
25032	608	0	0	16	0	624
25033	13	3	620	7	0	643
25034	636	0	5	2	0	643
25035	638	3	9	3	0	653
25036	18	1	3	623	0	645
25037	14	637	6	5	0	662
25038	643	5	1	12	0	661
25039	9	10	1	621	0	641
25040	624	1	2	8	0	635
25041	7	620	5	9	0	641
25042	643	5	1	5	0	654
25043	10	8	2	620	0	640
25044	10	620	0	9	0	639
25045	646	6	0	11	0	663
25046	7	655	1	2	0	665
25047	9	665	3	2	0	679
25048	667	13	0	4	0	684
25049	7	19	649	1	0	676
25050	653	3	5	2	0	663
25051	8	3	9	652	0	672
25052	11	3	659	8	0	681
25053	9	0	5	659	0	673
25054	6	1	10	667	0	684
25055	3	4	659	16	0	682
25056	666	1	6	14	0	687
25057	8	0	10	679	0	697
25058	13	0	5	675	0	693
25059	7	0	4	668	0	679
25060	671	0	3	18	0	692
25061	8	0	666	16	0	690
25062	11	1	661	8	0	681
25063	8	1	10	620	0	639
25064	3	1	626	12	0	642
25065	612	0	6	13	0	631
25066	7	607	10	7	0	631
25067	620	5	3	4	0	632
25068	9	8	3	596	0	616
25069	15	606	5	4	0	630
25070	7	5	7	588	0	607
25071	9	603	1	8	0	621
25072	5	7	1	604	0	617
25073	7	11	593	7	0	618
25074	5	4	577	12	0	598
25075	4	571	13	7	0	595
25076	554	5	13	3	0	575
25077	6	9	3	538	0	556
25078	12	2	2	531	0	547
25079	533	3	1	14	0	551
25080	533	4	1	11	0	549
25081	16	1	3	529	0	549
25082	10	4	528	6	0	548
25083	8	535	3	8	0	554
25084	5	5	7	532	0	549
25085	6	8	3	515	0	532
25086	6	549	2	12	0	569
25087	561	5	3	12	0	581
25088	9	9	568	3	0	589
25089	10	4	3	556	0	573
25090	4	2	10	546	0	562
25091	5	3	540	11	0	559
25092	4	3	5	539	0	551
25093	553	1	8	12	0	574
25094	552	3	2	13	0	570
25095	562	2	2	5	0	571
25096	14	551	5	3	0	573
25097	586	5	4	4	0	599
25098	11	7	3	577	0	598
25099	10	2	6	552	0	570
25100	3	631	8	12	0	654
25101	705	8	1	12	0	726
25102	731	9	2	4	0	746
25103	751	3	3	5	0	762
25104	771	4	0	7	0	782
25105	771	3	1	4	0	779
25106	22	1	762	7	0	792
25107	782	3	6	4	0	795
25108	790	1	12	4	0	807
25109	782	2	9	1	0	794
25110	20	1	4	773	0	798
25111	16	2	3	777	0	798
25112	10	3	766	14	0	793
25113	642	4	7	16	0	669
25114	9	752	11	8	0	780
25115	11	694	4	4	0	713
25116	6	9	690	4	0	709
25117	2	684	7	2	0	695
25118	2	635	6	3	0	646
25119	11	15	8	534	0	568
25120	2	563	1	3	0	569
25121	556	5	1	4	0	566
25122	549	5	2	3	0	559
25123	7	2	0	549	0	558
25124	7	1	557	3	0	568
25125	536	0	2	5	0	543
25126	3	2	557	3	0	565
25127	6	1	551	2	0	560
25128	4	0	6	524	0	534
25129	1	0	7	548	0	556
25130	2	0	556	8	0	566
25131	2	544	3	7	0	556
25132	3	578	5	3	0	589
25133	565	9	2	2	0	578
25134	560	6	1	0	0	567
25135	11	3	557	1	0	572
25136	540	1	3	3	0	547
25137	572	0	7	1	0	580
25138	10	0	3	563	0	576
25139	8	2	0	577	0	587
25140	6	1	0	577	0	584
25141	573	0	1	12	0	586
25142	581	0	0	8	0	589
25143	584	1	2	4	0	591
25144	15	1	0	584	0	600
25145	10	1	551	5	0	567
25146	540	1	5	5	0	551
25147	544	1	6	2	0	553
25148	12	1	2	536	0	551
25149	9	544	2	4	0	559
25150	6	4	0	543	0	553
25151	5	561	2	5	0	573
25152	4	8	1	536	0	549
25153	3	560	1	7	0	571
25154	543	8	0	7	0	558
25155	7	5	5	538	0	555
25156	9	544	1	3	0	557
25157	6	6	542	5	0	559
25158	514	7	4	3	0	528
25159	5	2	9	541	0	557
25160	8	549	3	4	0	564
25161	7	5	3	539	0	554
25162	2	544	2	10	0	558
25163	2	585	1	7	0	595
25164	578	6	2	3	0	589
25165	580	5	3	1	0	589
25166	6	3	583	2	0	594
25167	575	4	6	2	0	587
25168	584	3	3	2	0	592
25169	8	568	8	12	0	596
25170	5	6	4	578	0	593
25171	8	7	1	576	0	592
25172	6	8	570	7	0	591
25173	4	1	562	8	0	575
25174	576	1	9	3	0	589
25175	588	2	6	4	0	600
25176	585	0	5	4	0	594
25177	14	0	589	3	0	606
25178	10	2	7	580	0	599
25179	591	1	4	7	0	603
25180	8	1	6	584	0	599
25181	7	1	588	11	0	607
25182	545	1	5	6	0	557
25183	6	2	602	7	0	617
25184	7	597	6	1	0	611
25185	600	6	5	2	0	613
25186	10	7	591	3	0	611
25187	7	5	3	580	0	595
25188	583	3	6	6	0	598
25189	8	1	2	596	0	607
25190	609	2	0	10	0	621
25191	10	3	0	605	0	618
25192	641	0	2	11	0	654
25193	627	2	0	7	0	636
25194	623	2	2	6	0	633
25195	615	2	1	1	0	619
25196	13	5	1	616	0	635
25197	7	4	599	5	0	615
25198	3	2	581	6	0	592
25199	1	608	7	5	0	621
25200	3	543	4	1	0	551
25201	470	4	3	1	0	478
25202	3	3	0	450	0	456
25203	0	0	445	2	0	447
25204	1	0	437	0	0	438
25205	1	9	2	428	0	440
25206	422	1	0	2	0	425
25207	1	430	0	2	0	433
25208	449	3	0	1	0	453
25209	3	0	1	454	0	458
25210	1	0	1	466	0	468
25211	1	1	1	459	0	462
25212	1	0	457	3	0	461
25213	3	1	440	1	0	445
25214	0	442	4	0	0	446
25215	0	3	0	450	0	453
25216	461	0	0	3	0	464
25217	3	0	453	3	0	459
25218	0	0	479	3	0	482
25219	2	0	5	485	0	492
25220	0	0	3	507	0	510
25221	1	2	1	498	0	502
25222	1	2	0	571	0	574
25223	579	0	1	5	0	585
25224	6	0	0	588	0	594
25225	592	0	2	4	0	598
25226	4	1	605	1	0	611
25227	1	616	4	2	0	623
25228	1	4	0	625	0	630
25229	2	3	625	5	0	635
25230	2	0	624	1	0	627
25231	2	650	5	2	0	659
25232	0	3	0	608	0	611
25233	1	0	0	623	0	624
25234	0	0	619	3	0	622
25235	597	1	4	0	0	602
25236	3	2	0	617	0	622
25237	0	0	1	602	0	603
25238	1	0	600	3	0	604
25239	0	596	5	1	0	602
25240	0	640	1	0	0	641
25241	641	4	0	3	0	648
25242	4	2	1	669	0	676
25243	691	0	0	6	0	697
25244	6	0	679	4	0	689
25245	5	0	6	683	0	694
25246	689	0	4	6	0	699
25247	691	0	0	3	0	694
25248	9	1	1	695	0	706
25249	5	1	698	6	0	710
25250	0	1	715	6	0	722
25251	3	0	10	701	0	714
25252	0	0	716	6	0	722
25253	680	2	6	4	0	692
25254	7	707	4	3	0	721
25255	722	6	0	1	0	729
25256	726	3	3	2	0	734
25257	12	1	1	733	0	747
25258	4	0	1	738	0	743
25259	735	2	0	12	0	749
25260	8	0	3	724	0	735
25261	5	0	744	7	0	756
25262	1	741	11	5	0	758
25263	2	7	4	714	0	727
25264	1	4	3	714	0	722
25265	3	2	0	725	0	730
25266	3	3	714	10	0	730
25267	5	708	6	6	0	725
25268	2	7	5	717	0	731
25269	4	4	713	9	0	730
25270	0	1	9	720	0	730
25271	710	1	5	9	0	725
25272	10	1	2	719	0	732
25273	7	1	720	8	0	736
25274	697	2	7	7	0	713
25275	10	737	6	2	0	755
25276	4	766	2	5	0	777
25277	757	18	2	5	0	782
25278	14	3	788	2	0	807
25279	6	1	15	775	0	797
25280	2	2	6	800	0	810
25281	4	4	802	18	0	828
25282	2	801	16	6	0	825
25283	6	12	5	736	0	759
25284	1	7	775	18	0	801
25285	5	0	15	768	0	788
25286	774	2	5	18	0	799
25287	13	2	788	6	0	809
25288	4	5	13	789	0	811
25289	4	1	6	805	0	816
25290	3	2	769	22	0	796
25291	3	1	14	726	0	744
25292	3	724	8	13	0	748
25293	5	15	2	687	0	709
25294	4	772	1	11	0	788
25295	762	13	4	6	0	785
25296	738	3	2	9	0	752
25297	16	1	752	5	0	774
25298	7	2	745	5	0	759
25299	1	3	739	6	0	749
25300	3	732	22	3	0	760
25301	5	14	7	750	0	776
25302	3	8	753	17	0	781
25303	5	1	16	723	0	745
25304	5	3	5	762	0	775
25305	2	4	772	20	0	798
25306	1	1	15	761	0	778
25307	3	1	6	741	0	751
25308	3	752	4	17	0	776
25309	3	13	4	762	0	782
25310	3	7	4	761	0	775
25311	3	1	774	21	0	799
25312	2	3	14	766	0	785
25313	0	3	791	17	0	811
25314	4	3	784	7	0	798
25315	744	5	17	6	0	772
25316	12	0	6	730	0	748
25317	4	787	9	12	0	812
25318	1	796	3	9	0	809
25319	2	18	1	784	0	805
25320	2	5	808	18	0	833
25321	1	800	16	9	0	826
25322	2	16	4	719	0	741
25323	4	6	746	14	0	770
25324	1	726	14	5	0	746
25325	752	13	5	3	0	773
25326	750	4	3	6	0	763
25327	765	1	2	4	0	772
25328	18	2	2	798	0	820
25329	4	1	4	810	0	819
25330	2	3	2	819	0	826
25331	1	4	792	23	0	820
25332	768	1	16	6	0	791
25333	17	3	8	763	0	791
25334	7	1	789	15	0	812
25335	812	0	15	9	0	836
25336	850	2	9	2	0	863
25337	29	3	701	3	0	736
25338	838	3	7	2	0	850
25339	14	887	7	5	0	913
25340	3	13	854	6	0	876
25341	806	8	17	2	0	833
25342	13	829	5	2	0	849
25343	4	11	2	790	0	807
25344	0	812	1	13	0	826
25345	2	11	1	824	0	838
25346	0	4	814	12	0	830
25347	706	2	12	7	0	727
25348	12	1	814	2	0	829
25349	5	794	12	2	0	813
25350	1	802	5	2	0	810
25351	783	13	3	1	0	800
25352	11	3	802	1	0	817
25353	4	0	11	782	0	797
25354	0	1	816	12	0	829
25355	1	820	12	4	0	837
25356	1	13	3	722	0	739
25357	0	809	2	9	0	820
25358	815	12	0	2	0	829
25359	831	6	0	2	0	839
25360	827	0	1	2	0	830
25361	16	1	801	0	0	818
25362	4	0	796	1	0	801
25363	769	1	18	0	0	788
25364	13	1	832	0	0	846
25365	4	2	12	768	0	786
25366	0	817	6	13	0	836
25367	841	12	1	5	0	859
25368	852	3	0	2	0	857
25369	882	0	2	6	0	890
25370	17	0	1	869	0	887
25371	5	0	1	882	0	888
25372	865	2	0	18	0	885
25373	11	858	1	5	0	875
25374	842	13	0	1	0	856
25375	5	4	0	830	0	839
25376	6	1	0	817	0	824
25377	807	0	1	10	0	818
25378	5	790	2	2	0	799
25379	781	5	1	0	0	787
25380	6	788	0	1	0	795
25381	781	5	1	1	0	788
25382	5	4	0	824	0	833
25383	825	2	0	7	0	834
25384	862	1	1	4	0	868
25385	932	0	1	1	0	934
25386	13	983	1	1	0	998
25387	3	10	974	2	0	989
25388	965	4	9	4	0	982
25389	983	0	4	4	0	991
25390	13	1010	0	0	0	1023
25391	6	9	0	1002	0	1017
25392	0	6	0	999	0	1005
25393	995	1	1	15	0	1012
25394	12	0	0	1020	0	1032
25395	5	4	1028	10	0	1047
25396	2	1	1019	5	0	1027
25397	1016	3	15	1	0	1035
25398	11	0	5	1041	0	1057
25399	3	0	2	1041	0	1046
25400	3	0	0	1068	0	1071
25401	3	0	1057	17	0	1077
25402	3	1	10	1078	0	1092
25403	1	3	6	1116	0	1126
25404	4	0	4	1120	0	1128
25405	1090	0	1	18	0	1109
25406	15	0	0	1095	0	1110
25407	8	5	1095	14	0	1122
25408	1072	2	11	10	0	1095
25409	12	3	1138	3	0	1156
25410	1120	1	14	1	0	1136
25411	1005	1	6	3	0	1015
25412	20	1	3	1151	0	1175
25413	8	1185	2	13	0	1208
25414	4	14	1	1219	0	1238
25415	2	19	3	1198	0	1222
25416	4	1244	1	22	0	1271
25417	1217	12	4	12	0	1245
25418	13	1219	5	3	0	1240
25419	1199	16	1	3	0	1219
25420	1206	7	0	5	0	1218
25421	22	2	1	1202	0	1227
25422	10	1	0	1206	0	1217
25423	3	1	1171	23	0	1198
25424	1	1	1141	14	0	1157
25425	1115	3	17	7	0	1142
25426	1150	3	10	7	0	1170
25427	19	1094	4	6	0	1123
25428	12	10	2	1076	0	1100
25429	7	9	1122	11	0	1149
25430	5	13	12	1096	0	1126
25431	1061	16	14	15	0	1106
25432	1063	0	5	8	0	1076
25433	22	1060	2	14	0	1098
25434	10	10	0	1073	0	1093
25435	4	9	0	1072	0	1085
25436	3	4	4	1062	0	1073
25437	5	2	999	25	0	1031
25438	878	3	10	16	0	907
25439	990	2	7	10	0	1009
25440	19	5	1010	3	0	1037
25441	13	994	12	10	0	1029
25442	987	10	9	7	0	1013
25443	992	6	2	8	0	1008
25444	17	7	980	9	0	1013
25445	10	3	1002	4	0	1019
25446	6	4	21	1003	0	1034
25447	13	3	1017	15	0	1048
25448	979	7	13	8	0	1007
25449	1007	4	5	10	0	1026
25450	1022	4	5	11	0	1042
25451	22	7	8	962	0	999
25452	11	1017	11	14	0	1053
25453	1032	11	1	12	0	1056
25454	1017	9	3	9	0	1038
25455	25	9	1009	4	0	1047
25456	12	3	987	13	0	1015
25457	926	3	17	12	0	958
25458	12	2	12	1010	0	1036
25459	11	2	1009	14	0	1036
25460	15	989	13	16	0	1033
25461	14	13	7	990	0	1024
25462	985	8	8	14	0	1015
25463	13	1018	6	11	0	1048
25464	12	11	4	981	0	1008
25465	10	988	6	15	0	1019
25466	12	1008	5	10	0	1035
25467	12	12	9	993	0	1026
25468	3	12	9	985	0	1009
25469	6	995	6	17	0	1024
25470	991	11	3	10	0	1015
25471	23	9	986	7	0	1025
25472	961	4	15	4	0	984
25473	17	3	9	1012	0	1041
25474	10	3	6	1025	0	1044
25475	11	2	9	1020	0	1042
25476	12	4	6	1014	0	1036
25477	13	3	1013	13	0	1042
25478	14	4	11	1010	0	1039
25479	8	5	10	1002	0	1025
25480	7	1027	11	18	0	1063
25481	10	10	1061	13	0	1094
25482	5	1074	14	9	0	1102
25483	14	14	1092	7	0	1127
25484	12	1106	16	5	0	1139
25485	15	15	31	953	0	1014
25486	957	8	4	17	0	986
25487	10	965	3	12	0	990
25488	12	10	2	988	0	1012
25489	8	7	997	13	0	1025
25490	5	997	14	10	0	1026
25491	988	10	12	7	0	1017
25492	976	9	7	7	0	999
25493	17	987	4	6	0	1014
25494	15	10	969	4	0	998
25495	915	12	8	5	0	940
25496	8	5	7	985	0	1005
25497	970	5	6	16	0	997
25498	12	1009	5	10	0	1036
25499	7	1022	9	6	0	1044
25500	8	13	1008	8	0	1037
25501	992	10	8	7	0	1017
25502	15	5	7	1000	0	1027
25503	981	3	6	14	0	1004
25504	12	980	7	10	0	1009
25505	981	12	3	10	0	1006
25506	974	8	2	5	0	989
25507	14	7	979	3	0	1003
25508	12	942	15	4	0	973
25509	12	951	11	2	0	976
25510	5	18	5	856	0	884
25511	2	893	4	7	0	906
25512	859	25	4	2	0	890
25513	8	863	4	7	0	882
25514	11	9	0	826	0	846
25515	7	815	1	6	0	829
25516	2	820	0	5	0	827
25517	1	826	4	5	0	836
25518	10	19	9	793	0	831
25519	1	10	3	810	0	824
25520	6	5	0	799	0	810
25521	2	781	1	14	0	798
25522	3	11	781	9	0	804
25523	3	9	772	5	0	789
25524	758	5	9	0	0	772
25525	7	4	7	797	0	815
25526	3	6	815	8	0	832
25527	3	5	806	6	0	820
25528	2	835	10	5	0	852
25529	4	12	7	763	0	786
25530	4	7	6	786	0	803
25531	781	6	1	11	0	799
25532	8	6	1	782	0	797
25533	7	3	0	782	0	792
25534	4	5	799	11	0	819
25535	4	3	8	794	0	809
25536	2	6	5	816	0	829
25537	2	6	810	16	0	834
25538	0	6	812	11	0	829
25539	6	803	13	5	0	827
25540	0	17	798	5	0	820
25541	7	5	14	773	0	799
25542	6	8	10	648	0	672
25543	8	2	802	13	0	825
25544	3	796	9	12	0	820
25545	768	13	10	5	0	796
25546	9	783	9	7	0	808
25547	5	16	2	778	0	801
25548	5	6	2	796	0	809
25549	2	803	8	14	0	827
25550	5	9	2	801	0	817
25551	1	11	3	805	0	820
25552	2	8	750	15	0	775
25553	3	757	11	12	0	783
25554	2	9	4	760	0	775
25555	1	8	756	12	0	777
25556	3	8	11	745	0	767
25557	6	5	8	744	0	763
25558	3	6	7	752	0	768
25559	3	7	4	754	0	768
25560	6	0	6	734	0	746
25561	5	736	5	19	0	765
25562	714	10	6	14	0	744
25563	8	8	708	6	0	730
25564	625	9	12	3	0	649
25565	7	4	756	8	0	775
25566	4	751	16	11	0	782
25567	7	11	745	7	0	770
25568	3	744	12	12	0	771
25569	4	18	7	680	0	709
25570	6	6	7	725	0	744
25571	4	760	5	23	0	792
25572	3	783	4	13	0	803
25573	772	19	5	11	0	807
25574	802	10	3	10	0	825
25575	819	7	4	10	0	840
25576	825	5	4	8	0	842
25577	18	5	3	811	0	837
25578	8	841	7	13	0	869
25579	848	11	3	9	0	871
25580	10	9	4	832	0	855
25581	790	6	5	11	0	812
25582	763	4	8	5	0	780
25583	13	751	2	8	0	774
25584	5	720	3	2	0	730
25585	5	758	2	2	0	767
25586	1	13	2	716	0	732
25587	3	739	1	16	0	759
25588	722	11	0	5	0	738
25589	729	3	0	5	0	737
25590	724	3	2	2	0	731
25591	751	2	0	1	0	754
25592	765	0	0	1	0	766
25593	13	1	786	0	0	800
25594	766	0	8	3	0	777
25595	11	1	793	2	0	807
25596	756	1	8	3	0	768
25597	7	1	4	768	0	780
25598	5	2	736	7	0	750
25599	1	1	764	4	0	770
25600	1	793	10	1	0	805
25601	807	7	4	0	0	818
25602	832	8	0	0	0	840
25603	13	933	0	2	0	948
25604	9	10	0	1132	0	1151
25605	1271	8	0	16	0	1295
25606	20	6	1293	13	0	1332
25607	15	1287	20	4	0	1326
25608	1264	20	19	2	0	1305
25609	19	1312	6	0	0	1337
25610	23	25	2	1170	0	1220
25611	5	1306	2	17	0	1330
25612	2	25	0	1191	0	1218
25613	2	1280	2	23	0	1307
25614	3	1307	0	15	0	1325
25615	1273	36	2	4	0	1315
25616	1302	21	1	3	0	1327
25617	38	9	1305	0	0	1352
25618	23	3	1319	1	0	1346
25619	7	2	1327	3	0	1339
25620	3	3	41	1303	0	1350
25621	2	4	1353	22	0	1381
25622	1	5	24	1334	0	1364
25623	3	5	18	1330	0	1356
25624	5	1330	4	40	0	1379
25625	1323	25	2	19	0	1369
25626	23	1368	2	7	0	1400
25627	20	26	3	1383	0	1432
25628	6	22	5	1403	0	1436
25629	1	10	1	1419	0	1431
25630	6	2	1383	45	0	1436
25631	3	3	22	1398	0	1426
25632	2	2	18	1406	0	1428
25633	4	6	7	1433	0	1450
25634	6	4	1363	42	0	1415
25635	4	1367	23	25	0	1419
25636	1367	24	17	10	0	1418
25637	1328	21	9	7	0	1365
25638	42	1401	4	8	0	1455
25639	24	25	5	1395	0	1449
25640	10	21	7	1433	0	1471
25641	6	12	1414	42	0	1474
25642	4	1403	21	31	0	1459
25643	5	25	23	1405	0	1458
25644	6	22	1416	25	0	1469
25645	5	11	23	1390	0	1429
25646	3	9	20	1390	0	1422
25647	9	8	1399	42	0	1458
25648	3	9	27	1392	0	1431
25649	2	12	21	1389	0	1424
25650	12	7	1418	43	0	1480
25651	9	6	26	1424	0	1465
25652	5	7	23	1418	0	1453
25653	7	7	12	1455	0	1481
25654	6	6	1423	53	0	1488
25655	5	7	26	1435	0	1473
25656	1389	8	25	35	0	1457
25657	1410	7	8	27	0	1452
25658	44	1397	7	27	0	1475
25659	1438	23	10	10	0	1481
25660	32	23	1473	13	0	1541
25661	22	9	32	1454	0	1517
25662	11	4	22	1489	0	1526
25663	5	5	18	1515	0	1543
25664	1446	2	13	53	0	1514
25665	22	1439	7	44	0	1512
25666	19	30	5	1369	0	1423
25667	11	1446	3	26	0	1486
25668	1417	31	5	26	0	1479
25669	19	1447	11	15	0	1492
25670	1388	28	4	15	0	1435
25671	29	1370	4	18	0	1421
25672	20	1378	7	10	0	1415
25673	10	40	8	1368	0	1426
25674	6	24	3	1373	0	1406
25675	3	8	8	1378	0	1397
25676	4	7	10	1368	0	1389
25677	3	12	1312	52	0	1379
25678	9	1291	21	33	0	1354
25679	17	27	22	1201	0	1267
25680	4	1295	10	23	0	1332
25681	6	30	1275	28	0	1339
25682	10	22	23	1254	0	1309
25683	10	10	21	1304	0	1345
25684	9	10	1293	41	0	1353
25685	5	1260	27	36	0	1328
25686	3	19	26	1247	0	1295
25687	3	23	1256	32	0	1314
25688	3	1231	27	34	0	1295
25689	1	25	23	1223	0	1272
25690	7	17	1224	34	0	1282
25691	8	12	1198	31	0	1249
25692	7	1169	38	14	0	1228
25693	4	1265	24	13	0	1306
25694	7	41	16	1256	0	1320
25695	1	26	6	1395	0	1428
25696	4	10	1367	52	0	1433
25697	1286	5	31	38	0	1360
25698	1348	7	18	23	0	1396
25699	44	6	1346	10	0	1406
25700	21	1299	23	12	0	1355
25701	9	1285	23	12	0	1329
25702	6	1265	8	14	0	1293
25703	6	1077	7	13	0	1103
25704	8	57	16	899	0	980
25705	5	8	5	1080	0	1098
25706	2	2	0	1083	0	1087
25707	1	2	2	1107	0	1112
25708	0	1123	1	17	0	1141
25709	2	13	0	1112	0	1127
25710	0	1125	0	20	0	1145
25711	1	13	2	1148	0	1164
25712	1129	11	2	16	0	1158
25713	10	3	0	1145	0	1158
25714	8	1122	3	19	0	1152
25715	4	11	0	1144	0	1159
25716	0	13	0	1140	0	1153
25717	2	3	2	1152	0	1159
25718	1102	2	1	28	0	1133
25719	10	5	1	1144	0	1160
25720	11	4	1136	17	0	1168
25721	3	1155	10	16	0	1184
25722	1	14	10	1185	0	1210
25723	5	13	3	1226	0	1247
25724	3	2	3	1234	0	1242
25725	1170	4	0	29	0	1203
25726	16	4	1164	18	0	1202
25727	16	1	18	1090	0	1125
25728	1	1128	14	21	0	1164
25729	5	19	2	1140	0	1166
25730	1092	19	0	24	0	1135
25731	16	1128	3	19	0	1166
25732	13	19	1	1122	0	1155
25733	5	17	1	1124	0	1147
25734	3	1118	3	37	0	1161
25735	2	16	1	1139	0	1158
25736	4	19	0	1133	0	1156
25737	2	7	1108	36	0	1153
25738	3	1082	15	23	0	1123
25739	1083	19	15	10	0	1127
25740	17	17	1068	9	0	1111
25741	1055	3	15	12	0	1085
25742	17	12	1077	7	0	1113
25743	15	2	16	1075	0	1108
25744	1058	6	13	29	0	1106
25745	15	4	3	1088	0	1110
25746	1085	5	3	24	0	1117
25747	1072	4	1	29	0	1106
25748	1075	5	9	10	0	1099
25749	32	1076	5	10	0	1123
25750	25	18	2	1051	0	1096
25751	5	20	7	1067	0	1099
25752	12	3	2	1083	0	1100
25753	9	7	1056	35	0	1107
25754	3	4	21	1076	0	1104
25755	1062	5	16	24	0	1107
25756	1073	9	1	28	0	1111
25757	35	3	1056	16	0	1110
25758	1079	4	17	11	0	1111
25759	1083	7	18	8	0	1116
25760	34	5	6	1009	0	1054
25761	1024	6	3	27	0	1060
25762	1021	8	6	24	0	1059
25763	31	3	4	1023	0	1061
25764	1035	2	4	26	0	1067
25765	1027	5	10	25	0	1067
25766	37	7	5	1018	0	1067
25767	31	5	923	25	0	984
25768	978	6	18	26	0	1028
25769	29	2	1027	16	0	1074
25770	25	4	1025	12	0	1066
25771	13	1015	30	13	0	1071
25772	11	18	16	1007	0	1052
25773	11	20	4	1034	0	1069
25774	10	9	4	1027	0	1050
25775	14	2	1011	45	0	1072
25776	13	0	1022	30	0	1065
25777	8	1020	31	13	0	1072
25778	11	18	24	1002	0	1055
25779	8	16	12	1024	0	1060
25780	11	4	8	1038	0	1061
25781	15	4	1009	39	0	1067
25782	5	997	22	38	0	1062
25783	13	18	19	980	0	1030
25784	16	23	1002	21	0	1062
25785	6	3	1013	34	0	1056
25786	994	4	33	16	0	1047
25787	1000	4	24	9	0	1037
25788	1027	6	5	18	0	1056
25789	41	4	8	961	0	1014
25790	26	5	1015	24	0	1070
25791	4	1008	17	35	0	1064
25792	10	1025	24	12	0	1071
25793	9	28	924	6	0	967
25794	17	35	24	810	0	886
25795	9	7	19	723	0	758
25796	8	753	12	25	0	798
25797	9	778	8	17	0	812
25798	762	21	7	9	0	799
25799	783	15	3	9	0	810
25800	793	3	5	11	0	812
25801	789	3	8	9	0	809
25802	749	8	2	5	0	764
25803	24	727	8	9	0	768
25804	15	578	7	5	0	605
25805	7	487	1	4	0	499
25806	429	23	16	4	0	472
25807	11	29	4	381	0	425
25808	9	1	0	384	0	394
25809	371	0	1	12	0	384
25810	5	380	2	8	0	395
25811	9	5	1	374	0	389
25812	4	6	1	382	0	393
25813	2	2	1	396	0	401
25814	388	1	0	12	0	401
25815	6	0	3	396	0	405
25816	6	4	379	9	0	398
25817	351	3	4	7	0	365
25818	5	1	6	372	0	384
25819	7	0	377	7	0	391
25820	3	361	4	7	0	375
25821	2	336	5	2	0	345
25822	307	4	7	0	0	318
25823	283	2	1	0	0	286
25824	5	305	1	0	0	311
25825	2	2	0	320	0	324
25826	333	1	0	2	0	336
25827	3	2	0	361	0	366
25828	7	0	0	376	0	383
25829	2	0	0	383	0	385
25830	2	0	0	376	0	378
25831	1	372	0	9	0	382
25832	0	3	0	384	0	387
25833	1	5	2	375	0	383
25834	2	0	1	383	0	386
25835	0	1	364	9	0	374
25836	1	367	5	7	0	380
25837	0	2	6	382	0	390
25838	0	6	377	3	0	386
25839	1	1	365	9	0	376
25840	0	369	7	4	0	380
25841	370	3	10	0	0	383
25842	3	7	2	366	0	378
25843	374	2	2	1	0	379
25844	3	383	1	7	0	394
25845	5	2	0	385	0	392
25846	374	6	2	2	0	384
25847	381	2	1	7	0	391
25848	6	2	0	376	0	384
25849	8	1	1	367	0	377
25850	3	0	362	7	0	372
25851	2	0	2	370	0	374
25852	3	0	6	370	0	379
25853	364	0	1	9	0	374
25854	2	373	0	9	0	384
25855	6	0	367	2	0	375
25856	345	7	1	2	0	355
25857	0	379	6	2	0	387
25858	7	2	2	360	0	371
25859	359	6	0	2	0	367
25860	1	0	1	363	0	365
25861	7	0	0	360	0	367
25862	0	2	357	7	0	366
25863	1	1	0	362	0	364
25864	360	0	6	2	0	368
25865	1	0	1	362	0	364
25866	350	0	1	2	0	353
25867	1	340	1	7	0	349
25868	6	345	0	4	0	355
25869	1	7	0	339	0	347
25870	1	6	0	344	0	351
25871	341	2	1	6	0	350
25872	1	348	0	8	0	357
25873	356	2	0	1	0	359
25874	349	6	0	2	0	357
25875	6	0	0	352	0	358
25876	352	1	0	3	0	356
25877	1	1	344	7	0	353
25878	8	0	2	343	0	353
25879	1	0	353	2	0	356
25880	3	1	1	348	0	353
25881	351	1	6	1	0	359
25882	345	0	2	8	0	355
25883	9	354	1	1	0	365
25884	4	3	1	347	0	355
25885	0	6	0	353	0	359
25886	3	354	1	7	0	365
25887	2	1	0	361	0	364
25888	0	7	0	349	0	356
25889	0	352	1	9	0	362
25890	335	1	1	7	0	344
25891	326	7	0	1	0	334
25892	6	0	0	325	0	331
25893	8	0	0	324	0	332
25894	0	3	323	6	0	332
25895	1	1	3	321	0	326
25896	2	315	7	1	0	325
25897	315	2	0	6	0	323
25898	3	6	0	316	0	325
25899	7	1	1	300	0	309
25900	297	0	0	9	0	306
25901	2	301	0	7	0	310
25902	8	1	1	305	0	315
25903	1	5	0	304	0	310
25904	1	299	1	7	0	308
25905	294	1	0	8	0	303
25906	2	7	296	0	0	305
25907	7	1	305	2	0	315
25908	1	1	7	304	0	313
25909	0	1	311	2	0	314
25910	286	1	1	7	0	295
25911	2	0	7	296	0	305
25912	6	2	311	2	0	321
25913	1	0	307	6	0	314
25914	1	304	8	0	0	313
25915	308	1	6	1	0	316
25916	2	313	0	4	0	319
25917	328	1	2	0	0	331
25918	324	6	1	2	0	333
25919	7	322	1	0	0	330
25920	329	1	0	1	0	331
25921	316	7	0	0	0	323
25922	9	0	322	1	0	332
25923	8	8	1	310	0	327
25924	0	296	6	0	0	302
25925	2	283	0	5	0	290
25926	1	14	2	252	0	269
25927	235	1	0	2	0	238
25928	0	0	0	233	0	233
25929	1	0	2	239	0	242
25930	0	0	0	245	0	245
25931	1	251	0	1	0	253
25932	1	0	0	266	0	267
25933	0	2	284	1	0	287
25934	272	1	0	3	0	276
25935	300	0	3	1	0	304
25936	2	309	2	0	0	313
25937	299	1	0	1	0	301
25938	3	2	0	301	0	306
25939	2	3	301	1	0	307
25940	282	0	2	3	0	287
25941	2	299	2	2	0	305
25942	2	1	2	299	0	304
25943	311	2	0	2	0	315
25944	2	315	1	2	0	320
25945	2	320	0	2	0	324
25946	314	9	1	0	0	324
25947	3	4	302	0	0	309
25948	307	2	2	1	0	312
25949	4	0	2	309	0	315
25950	3	0	2	306	0	311
25951	2	1	300	6	0	309
25952	0	0	310	4	0	314
25953	1	0	4	312	0	317
25954	0	1	307	2	0	310
25955	1	0	312	2	0	315
25956	0	0	5	297	0	302
25957	0	0	5	299	0	304
25958	304	0	2	5	0	311
25959	2	0	1	306	0	309
25960	304	0	0	5	0	309
25961	4	306	0	5	0	315
25962	4	2	1	316	0	323
25963	3	3	324	4	0	334
25964	310	3	4	4	0	321
25965	332	0	2	3	0	337
25966	333	2	3	0	0	338
25967	334	1	0	1	0	336
25968	334	1	0	0	0	335
25969	6	2	0	327	0	335
25970	6	1	327	2	0	336
25971	6	0	313	2	0	321
25972	0	2	321	3	0	326
25973	306	0	5	3	0	314
25974	316	1	3	4	0	324
25975	5	3	0	302	0	310
25976	4	318	1	5	0	328
25977	4	2	2	327	0	335
25978	1	4	324	6	0	335
25979	2	2	314	3	0	321
25980	295	2	5	4	0	306
25981	3	0	334	3	0	340
25982	2	1	7	328	0	338
25983	338	1	4	4	0	347
25984	332	0	3	5	0	340
25985	348	2	1	2	0	353
25986	364	1	1	1	0	367
25987	11	0	353	3	0	367
25988	343	3	5	1	0	352
25989	9	351	3	1	0	364
25990	5	5	4	360	0	374
25991	7	2	357	5	0	371
25992	4	7	5	355	0	371
25993	4	2	375	8	0	389
25994	2	2	7	368	0	379
25995	3	0	2	381	0	386
25996	1	0	380	7	0	388
25997	3	0	5	373	0	381
25998	374	1	5	7	0	387
25999	6	0	4	379	0	389
26000	4	0	0	386	0	390
26001	375	2	3	9	0	389
26002	4	388	2	7	0	401
26003	393	5	2	3	0	403
26004	7	397	3	2	0	409
26005	403	7	1	4	0	415
26006	6	2	407	4	0	419
26007	6	4	5	392	0	407
26008	6	0	4	400	0	410
26009	397	1	4	7	0	409
26010	8	396	1	5	0	410
26011	7	4	2	394	0	407
26012	3	2	4	372	0	381
26013	3	369	0	11	0	383
26014	371	5	2	5	0	383
26015	7	375	1	6	0	389
26016	5	6	2	366	0	379
26017	6	2	0	358	0	366
26018	1	365	4	7	0	377
26019	349	4	1	7	0	361
26020	4	5	360	3	0	372
26021	330	2	6	5	0	343
26022	8	347	5	2	0	362
26023	5	5	5	347	0	362
26024	355	2	2	9	0	368
26025	6	3	2	365	0	376
26026	5	1	1	369	0	376
26027	372	2	3	10	0	387
26028	7	363	2	7	0	379
26029	5	367	2	2	0	376
26030	366	6	0	4	0	376
26031	5	3	352	2	0	362
26032	4	331	5	2	0	342
26033	2	8	7	327	0	344
26034	3	3	375	4	0	385
26035	4	4	4	356	0	368
26036	357	0	4	3	0	364
26037	4	364	1	4	0	373
26038	4	3	1	339	0	347
26039	0	368	3	4	0	375
26040	369	3	2	5	0	379
26041	383	3	3	1	0	390
26042	9	405	1	0	0	415
26043	4	4	1	381	0	390
26044	0	403	1	4	0	408
26045	397	2	2	6	0	407
26046	409	4	1	1	0	415
26047	8	1	1	405	0	415
26048	7	1	0	413	0	421
26049	2	1	403	7	0	413
26050	376	0	4	6	0	386
26051	7	2	416	0	0	425
26052	5	2	2	401	0	410
26053	389	0	6	5	0	400
26054	4	415	4	3	0	426
26055	411	3	1	3	0	418
26056	2	5	396	2	0	405
26057	410	0	2	4	0	416
26058	4	421	5	3	0	433
26059	421	4	2	3	0	430
26060	4	422	2	3	0	431
26061	6	4	1	419	0	430
26062	4	6	405	5	0	420
26063	3	4	394	6	0	407
26064	5	1	7	396	0	409
26065	2	5	408	3	0	418
26066	4	1	3	401	0	409
26067	2	3	6	412	0	423
26068	3	1	427	7	0	438
26069	364	1	4	9	0	378
26070	416	1	5	4	0	426
26071	7	424	1	4	0	436
26072	425	4	1	1	0	431
26073	3	5	1	424	0	433
26074	7	0	439	4	0	450
26075	1	2	3	440	0	446
26076	3	2	4	450	0	459
26077	435	2	2	6	0	445
26078	4	436	2	7	0	449
26079	7	439	2	1	0	449
26080	0	8	1	440	0	449
26081	1	5	0	433	0	439
26082	1	436	2	8	0	447
26083	3	4	1	432	0	440
26084	1	6	2	421	0	430
26085	3	420	1	9	0	433
26086	412	3	1	3	0	419
26087	1	5	0	414	0	420
26088	6	417	1	4	0	428
26089	2	1	1	426	0	430
26090	414	3	0	4	0	421
26091	0	416	3	5	0	424
26092	420	1	0	4	0	425
26093	407	4	2	3	0	416
26094	7	3	1	430	0	441
26095	443	2	1	3	0	449
26096	452	2	0	7	0	461
26097	465	2	1	2	0	470
26098	459	2	1	3	0	465
26099	6	2	0	460	0	468
26100	4	2	2	461	0	469
26101	3	5	447	6	0	461
26102	4	3	0	447	0	454
26103	5	2	5	450	0	462
26104	2	3	440	6	0	451
26105	433	3	0	6	0	442
26106	2	2	5	454	0	463
26107	9	1	453	2	0	465
26108	412	2	1	7	0	422
26109	4	0	518	4	0	526
26110	6	533	3	5	0	547
26111	2	549	5	5	0	561
26112	3	6	3	557	0	569
26113	3	5	615	4	0	627
26114	608	0	3	6	0	617
26115	649	2	7	2	0	660
26116	8	2	662	2	0	674
26117	638	2	2	3	0	645
26118	653	0	7	1	0	661
26119	7	660	1	3	0	671
26120	659	3	1	3	0	666
26121	5	5	1	652	0	663
26122	10	2	653	4	0	669
26123	3	3	1	618	0	625
26124	3	657	6	3	0	669
26125	1	661	3	8	0	673
26126	668	6	4	3	0	681
26127	666	5	1	4	0	676
26128	667	1	1	6	0	675
26129	7	2	1	672	0	682
26130	6	0	3	649	0	658
26131	3	663	2	5	0	673
26132	647	2	0	11	0	660
26133	3	670	3	2	0	678
26134	599	2	0	0	0	601
26135	3	602	0	0	0	605
26136	592	1	4	1	0	598
26137	603	2	1	1	0	607
26138	4	0	0	601	0	605
26139	4	608	1	2	0	615
26140	0	4	582	2	0	588
26141	520	10	1	1	0	532
26142	3	555	2	0	0	560
26143	4	2	574	0	0	580
26144	1	3	603	0	0	607
26145	0	2	3	577	0	582
26146	1	0	2	578	0	581
26147	0	607	1	5	0	613
26148	620	2	0	1	0	623
26149	1	2	1	620	0	624
26150	3	641	0	1	0	645
26151	2	681	1	0	0	684
26152	1	2	668	0	0	671
26153	1	2	666	1	0	670
26154	622	0	2	1	0	625
26155	1	1	672	1	0	675
26156	3	0	1	657	0	661
26157	1	2	1	679	0	683
26158	1	1	681	3	0	686
26159	0	1	1	674	0	676
26160	1	1	1	660	0	663
26161	664	1	0	2	0	667
26162	684	0	0	4	0	688
26163	3	1	0	674	0	678
26164	2	688	3	1	0	694
26165	1	694	1	2	0	698
26166	698	3	0	1	0	702
26167	1	3	676	1	0	681
26168	4	0	2	677	0	683
26169	677	1	1	4	0	683
26170	670	1	0	2	0	673
26171	4	1	1	664	0	670
26172	3	0	679	3	0	685
26173	3	1	651	1	0	656
26174	622	1	3	0	0	626
26175	664	3	1	1	0	669
26176	3	685	2	0	0	690
26177	3	688	1	0	0	692
26178	710	3	0	3	0	716
26179	725	0	3	4	0	732
26180	3	0	2	722	0	727
26181	4	0	0	733	0	737
26182	0	2	2	741	0	745
26183	739	1	0	3	0	743
26184	3	1	0	737	0	741
26185	5	2	741	1	0	749
26186	710	2	1	1	0	714
26187	2	1	1	746	0	750
26188	2	1	739	2	0	744
26189	686	3	2	4	0	695
26190	666	2	1	2	0	671
26191	1	748	2	0	0	751
26192	4	766	0	2	0	772
26193	2	4	741	1	0	748
26194	693	1	3	1	0	698
26195	2	757	2	3	0	764
26196	2	1	727	2	0	732
26197	680	4	1	3	0	688
26198	4	798	3	0	0	805
26199	5	4	797	1	0	807
26200	745	5	1	2	0	753
26201	1	804	4	1	0	810
26202	5	1	0	796	0	802
26203	791	2	1	2	0	796
26204	1	796	1	10	0	808
26205	4	4	0	780	0	788
26206	771	2	2	3	0	778
26207	8	1	788	6	0	803
26208	2	794	1	2	0	799
26209	2	3	730	0	0	735
26210	2	9	2	698	0	711
26211	1	0	709	5	0	715
26212	2	696	2	2	0	702
26213	3	651	1	0	0	655
26214	0	2	2	632	0	636
26215	0	1	0	607	0	608
26216	0	0	0	615	0	615
26217	0	3	625	1	0	629
26218	2	0	1	629	0	632
26219	629	0	3	2	0	634
26220	616	0	1	3	0	620
26221	4	1	653	2	0	660
26222	1	650	3	2	0	656
26223	644	0	1	3	0	648
26224	1	643	2	2	0	648
26225	649	0	1	3	0	653
26226	656	1	1	1	0	659
26227	1	1	646	2	0	650
26228	2	663	0	0	0	665
26229	2	2	1	662	0	667
26230	2	2	664	1	0	669
26231	614	0	4	4	0	622
26232	1	0	1	667	0	669
26233	4	0	654	1	0	659
26234	625	1	0	4	0	630
26235	3	4	676	1	0	684
26236	2	1	3	703	0	709
26237	708	1	3	4	0	716
26238	10	745	2	1	0	758
26239	3	5	776	1	0	785
26240	746	4	3	6	0	759
26241	856	1	4	1	0	862
26242	13	883	1	0	0	897
26243	8	8	4	876	0	896
26244	5	7	1	855	0	868
26245	842	0	1	15	0	858
26246	10	6	0	845	0	861
26247	8	2	840	12	0	862
26248	1	0	8	834	0	843
26249	820	0	9	7	0	836
26250	8	809	2	14	0	833
26251	7	7	6	761	0	781
26252	2	807	1	12	0	822
26253	814	9	1	8	0	832
26254	9	12	0	872	0	893
26255	8	1	0	916	0	925
26256	1	921	1	17	0	940
26257	4	10	896	12	0	922
26258	1	9	9	907	0	926
26259	0	0	11	909	0	920
26260	0	5	0	908	0	913
26261	1	901	6	19	0	927
26262	2	9	901	15	0	927
26263	2	9	923	4	0	938
26264	895	1	19	4	0	919
26265	920	4	9	3	0	936
26266	18	0	933	1	0	952
26267	906	0	13	1	0	920
26268	14	0	948	1	0	963
26269	922	0	10	0	0	932
26270	11	947	14	3	0	975
26271	974	9	0	1	0	984
26272	11	11	977	0	0	999
26273	14	1	983	3	0	1001
26274	2	5	18	1044	0	1069
26275	1076	0	12	11	0	1099
26276	13	1183	7	15	0	1218
26277	13	14	1364	3	0	1394
26278	0	15	22	1351	0	1388
26279	7	0	17	1379	0	1403
26280	1382	7	0	42	0	1431
26281	1391	0	7	18	0	1416
26282	39	2	1	1386	0	1428
26283	1393	1	0	25	0	1419
26284	28	1	1369	18	0	1416
26285	25	1	21	1353	0	1400
26286	4	1	17	1385	0	1407
26287	1382	0	1	36	0	1419
26288	1377	0	7	21	0	1405
26289	42	0	1	1365	0	1408
26290	1368	1	2	29	0	1400
26291	27	2	1367	17	0	1413
26292	21	1344	23	1	0	1389
26293	3	21	1363	7	0	1394
26294	7	16	22	1355	0	1400
26295	1338	0	23	23	0	1384
26296	20	1338	4	19	0	1381
26297	19	24	7	1314	0	1364
26298	5	17	4	1254	0	1280
26299	7	1280	2	36	0	1325
26300	2	25	0	1293	0	1320
26301	5	16	1	1292	0	1314
26302	3	1	2	1317	0	1323
26303	2	5	2	1308	0	1317
26304	3	0	3	1293	0	1299
26305	5	1264	8	43	0	1320
26306	3	21	1	1288	0	1313
26307	1	17	2	1283	0	1303
26308	4	3	1242	47	0	1296
26309	2	1254	25	22	0	1303
26310	6	23	17	1255	0	1301
26311	3	21	3	1260	0	1287
26312	5	0	10	1255	0	1270
26313	2	1235	7	42	0	1286
26314	1	22	1229	24	0	1276
26315	4	17	23	1238	0	1282
26316	4	3	1248	29	0	1284
26317	5	10	1237	21	0	1273
26318	2	3	48	1224	0	1277
26319	1238	1	19	33	0	1291
26320	25	5	8	1248	0	1286
26321	19	1	11	1203	0	1234
26322	6	1215	2	45	0	1268
26323	9	22	4	1244	0	1279
26324	5	19	11	1253	0	1288
26325	3	3	1219	47	0	1272
26326	3	1212	21	21	0	1257
26327	1	24	19	1211	0	1255
26328	1189	18	4	32	0	1243
26329	24	1	1210	24	0	1259
26330	20	9	24	1190	0	1243
26331	3	3	18	1209	0	1233
26332	1189	2	5	44	0	1240
26333	23	1193	6	27	0	1249
26334	1175	24	2	9	0	1210
26335	22	1182	10	6	0	1220
26336	26	21	5	1151	0	1203
26337	1127	22	5	27	0	1181
26338	24	1	1098	29	0	1152
26339	19	1074	23	9	0	1125
26340	5	1081	18	5	0	1109
26341	991	27	10	10	0	1038
26342	17	18	5	950	0	990
26343	14	957	5	20	0	996
26344	6	989	1	19	0	1015
26345	5	26	1	982	0	1014
26346	8	14	4	994	0	1020
26347	960	6	3	31	0	1000
26348	18	974	3	21	0	1016
26349	17	16	4	967	0	1004
26350	6	13	970	20	0	1009
26351	5	967	15	21	0	1008
26352	7	16	955	8	0	986
26353	6	949	15	8	0	978
26354	16	19	17	843	0	895
26355	5	12	0	813	0	830
26356	1	823	5	20	0	849
26357	1	17	818	13	0	849
26358	813	10	14	5	0	842
26359	15	2	11	844	0	872
26360	11	5	3	865	0	884
26361	4	7	862	24	0	897
26362	4	4	14	866	0	888
26363	2	2	862	24	0	890
26364	2	3	14	856	0	875
26365	3	6	893	17	0	919
26366	1	902	13	16	0	932
26367	1	19	920	5	0	945
26368	5	13	15	919	0	952
26369	901	4	13	18	0	936
26370	15	901	2	15	0	933
26371	10	16	5	880	0	911
26372	5	14	874	19	0	912
26373	2	875	20	12	0	909
26374	4	18	9	781	0	812
26375	2	10	781	14	0	807
26376	1	649	13	10	0	673
26377	448	7	11	3	0	469
26378	408	9	1	2	0	420
26379	5	0	0	417	0	422
26380	415	0	2	3	0	420
26381	2	1	2	411	0	416
26382	3	0	0	417	0	420
26383	0	1	418	5	0	424
26384	1	1	2	411	0	415
26385	1	0	4	415	0	420
26386	412	1	0	5	0	418
26387	402	0	1	4	0	407
26388	6	417	1	1	0	425
26389	5	3	412	0	0	420
26390	0	4	1	416	0	421
26391	0	0	407	3	0	410
26392	368	0	3	6	0	377
26393	3	3	393	1	0	400
26394	5	1	2	383	0	391
26395	0	384	4	3	0	391
26396	0	4	1	386	0	391
26397	1	4	1	384	0	390
26398	0	0	389	6	0	395
26399	0	0	4	388	0	392
26400	386	1	3	3	0	393
26401	386	0	2	4	0	392
26402	388	0	0	1	0	389
26403	386	1	1	2	0	390
26404	6	383	1	2	0	392
26405	2	383	0	3	0	388
26406	3	5	2	351	0	361
26407	1	2	1	377	0	381
26408	1	370	0	4	0	375
26409	1	2	1	383	0	387
26410	3	2	0	379	0	384
26411	2	0	1	381	0	384
26412	1	1	0	385	0	387
26413	0	1	3	383	0	387
26414	375	0	0	8	0	383
26415	2	378	2	3	0	385
26416	3	4	360	2	0	369
26417	1	2	4	370	0	377
26418	0	1	3	374	0	378
26419	1	1	1	369	0	372
26420	364	0	0	7	0	371
26421	3	416	0	4	0	423
26422	6	6	1	423	0	436
26423	1	479	1	7	0	488
26424	1	6	2	459	0	468
26425	1	484	0	7	0	492
26426	3	6	505	7	0	521
26427	2	5	7	537	0	551
26428	1	2	701	5	0	709
26429	1	3	8	695	0	707
26430	1	0	10	735	0	746
26431	747	1	2	25	0	775
26432	760	1	2	12	0	775
26433	767	1	0	5	0	773
26434	772	0	1	4	0	777
26435	762	1	2	2	0	767
26436	24	0	2	727	0	753
26437	13	749	0	13	0	775
26438	6	11	0	757	0	774
26439	3	12	742	12	0	769
26440	735	1	11	12	0	759
26441	752	3	11	4	0	770
26442	22	0	1	755	0	778
26443	11	2	3	729	0	745
26444	6	730	0	22	0	758
26445	3	14	1	750	0	768
26446	3	11	3	727	0	744
26447	1	737	1	23	0	762
26448	2	12	2	753	0	769
26449	720	13	0	16	0	749
26450	10	2	724	17	0	753
26451	713	3	10	5	0	731
26452	15	2	726	2	0	745
26453	15	0	13	701	0	729
26454	5	0	12	667	0	684
26455	7	689	3	27	0	726
26456	2	709	6	17	0	734
26457	4	24	1	701	0	730
26458	6	11	708	15	0	740
26459	682	3	12	11	0	708
26460	13	2	11	674	0	700
26461	13	679	2	15	0	709
26462	3	10	3	699	0	715
26463	5	21	2	657	0	685
26464	4	674	2	21	0	701
26465	6	13	6	640	0	665
26466	4	9	598	16	0	627
26467	5	3	588	11	0	607
26468	3	4	17	545	0	569
26469	3	602	9	12	0	626
26470	1	11	5	593	0	610
26471	608	10	3	12	0	633
26472	626	1	3	13	0	643
26473	610	4	1	5	0	620
26474	18	605	2	7	0	632
26475	15	12	601	3	0	631
26476	599	10	10	4	0	623
26477	609	1	9	5	0	624
26478	20	603	2	3	0	628
26479	11	10	3	599	0	623
26480	613	9	1	16	0	639
26481	615	4	2	10	0	631
26482	620	5	2	3	0	630
26483	21	3	1	604	0	629
26484	602	1	3	14	0	620
26485	15	1	3	601	0	620
26486	13	0	2	604	0	619
26487	594	4	1	22	0	621
26488	12	5	0	591	0	608
26489	597	2	3	18	0	620
26490	13	3	2	599	0	617
26491	15	2	1	606	0	624
26492	592	3	2	24	0	621
26493	13	3	588	10	0	614
26494	11	0	11	606	0	628
26495	7	3	9	602	0	621
26496	5	3	3	607	0	618
26497	3	0	4	610	0	617
26498	5	4	3	596	0	608
26499	2	589	3	26	0	620
26500	6	11	2	601	0	620
26501	5	11	589	15	0	620
26502	7	3	10	595	0	615
26503	8	3	8	597	0	616
26504	7	1	2	615	0	625
26505	4	3	584	22	0	613
26506	5	7	577	17	0	606
26507	571	1	19	7	0	598
26508	595	3	9	6	0	613
26509	19	625	5	7	0	656
26510	16	10	1	636	0	663
26511	6	8	3	659	0	676
26512	5	2	1	672	0	680
26513	648	4	3	21	0	676
26514	656	0	0	21	0	677
26515	23	1	1	654	0	679
26516	14	1	0	659	0	674
26517	5	2	0	668	0	675
26518	6	1	0	664	0	671
26519	617	0	5	23	0	645
26520	13	2	629	18	0	662
26521	12	561	11	8	0	592
26522	3	526	6	7	0	542
26523	487	12	2	3	0	504
26524	9	19	2	476	0	506
26525	10	5	481	10	0	506
26526	7	1	463	9	0	480
26527	7	461	15	2	0	485
26528	304	2	4	0	0	310
26529	2	2	307	0	0	311
26530	251	0	1	0	0	252
26531	4	0	1	279	0	284
26532	1	0	0	278	0	279
26533	0	278	0	1	0	279
26534	0	293	0	0	0	293
26535	288	1	0	1	0	290
26536	289	0	0	1	0	290
26537	1	305	0	0	0	306
26538	1	2	296	0	0	299
26539	1	0	296	0	0	297
26540	0	0	2	298	0	300
26541	309	0	0	4	0	313
26542	2	304	1	1	0	308
26543	0	3	0	328	0	331
26544	335	0	0	2	0	337
26545	2	0	0	346	0	348
26546	0	0	0	356	0	356
26547	350	0	0	2	0	352
26548	2	352	0	0	0	354
26549	0	378	0	0	0	378
26550	0	2	380	0	0	382
26551	0	0	2	376	0	378
26552	0	0	1	388	0	389
26553	0	0	394	2	0	396
26554	295	0	2	3	0	300
26555	370	1	0	0	0	371
26556	2	0	386	0	0	388
26557	306	0	3	2	0	311
26558	3	0	389	0	0	392
26559	1	404	3	0	0	408
26560	0	2	0	430	0	432
26561	0	0	0	434	0	434
26562	425	0	0	2	0	427
26563	420	0	0	0	0	420
26564	416	0	0	1	0	417
26565	421	0	0	1	0	422
26566	423	0	0	0	0	423
26567	2	0	415	0	0	417
26568	0	420	2	0	0	422
26569	1	2	0	412	0	415
26570	0	431	0	2	0	433
26571	0	420	0	0	0	420
26572	0	2	0	412	0	414
26573	0	0	0	417	0	417
26574	0	0	424	2	0	426
26575	367	0	2	0	0	369
26576	424	0	0	1	0	425
26577	2	421	0	0	0	423
26578	422	2	0	0	0	424
26579	441	0	0	4	0	445
26580	2	0	0	442	0	444
26581	0	0	462	2	0	464
26582	1	0	469	1	0	471
26583	456	0	2	2	0	460
26584	474	0	0	0	0	474
26585	2	466	0	0	0	468
26586	0	488	0	0	0	488
26587	2	2	0	491	0	495
26588	490	0	0	4	0	494
26589	2	1	480	0	0	483
26590	0	0	2	489	0	491
26591	489	0	0	2	0	491
26592	490	0	0	1	0	491
26593	3	0	0	509	0	512
26594	509	0	0	2	0	511
26595	2	0	496	0	0	498
26596	0	0	516	0	0	516
26597	1	0	2	502	0	505
26598	0	0	0	536	0	536
26599	0	0	0	537	0	537
26600	0	515	3	2	0	520
26601	0	545	0	0	0	545
26602	0	2	0	545	0	547
26603	548	0	0	2	0	550
26604	3	1	0	552	0	556
26605	0	0	1	556	0	557
26606	0	549	0	1	0	550
26607	1	561	1	0	0	563
26608	0	2	0	558	0	560
26609	0	0	1	521	0	522
26610	507	0	1	3	0	511
26611	2	509	0	0	0	511
26612	518	1	0	0	0	519
26613	1	1	0	518	0	520
26614	1	0	512	1	0	514
26615	0	0	518	2	0	520
26616	523	0	3	1	0	527
26617	1	0	1	552	0	554
26618	2	0	0	552	0	554
26619	0	0	0	561	0	561
26620	1	0	571	2	0	574
26621	0	0	1	560	0	561
26622	0	564	1	1	0	566
26623	0	1	0	581	0	582
26624	0	1	0	573	0	574
26625	0	595	0	2	0	597
26626	0	2	0	590	0	592
26627	560	1	0	1	0	562
26628	2	579	0	1	0	582
26629	591	2	0	0	0	593
26630	591	2	0	0	0	593
26631	3	0	0	585	0	588
26632	2	0	0	596	0	598
26633	1	0	0	592	0	593
26634	0	1	563	5	0	569
26635	0	558	2	3	0	563
26636	0	579	2	0	0	581
26637	0	3	0	549	0	552
26638	555	2	0	1	0	558
26639	1	0	0	559	0	560
26640	2	0	549	1	0	552
26641	0	548	2	2	0	552
26642	0	563	2	1	0	566
26643	531	3	0	2	0	536
26644	547	2	0	1	0	550
26645	4	603	0	2	0	609
26646	603	1	0	1	0	605
26647	4	3	605	0	0	612
26648	4	0	597	2	0	603
26649	590	0	3	0	0	593
26650	616	0	3	0	0	619
26651	4	0	0	613	0	617
26652	617	0	0	3	0	620
26653	5	2	644	2	0	653
26654	2	2	715	2	0	721
26655	3	3	4	800	0	810
26656	2	0	4	913	0	919
26657	0	0	0	945	0	945
26658	2	0	0	972	0	974
26659	1	0	1	1009	0	1011
26660	1	1	999	22	0	1023
26661	0	2	10	996	0	1008
26662	1006	2	5	14	0	1027
26663	15	0	0	1011	0	1026
26664	1012	0	1	13	0	1026
26665	9	0	1	1008	0	1018
26666	1036	0	1	14	0	1051
26667	1085	1	1	6	0	1093
26668	18	2	0	1069	0	1089
26669	9	13	0	1070	0	1092
26670	1059	0	0	19	0	1078
26671	1058	1	0	6	0	1065
26672	19	1	1073	1	0	1094
26673	8	0	13	1065	0	1086
26674	2	1	7	1091	0	1101
26675	1079	0	1	18	0	1098
26676	1090	0	2	6	0	1098
26677	19	1	1	1084	0	1105
26678	9	0	1	1102	0	1112
26679	1	0	1	1096	0	1098
26680	4	0	1	1063	0	1068
26681	2	1024	3	21	0	1050
26682	0	1050	1	10	0	1061
26683	2	15	0	1034	0	1051
26684	2	1037	0	15	0	1054
26685	1	11	2	1051	0	1065
26686	1	8	1031	15	0	1055
26687	2	2	1006	9	0	1019
26688	2	1033	16	5	0	1056
26689	2	13	5	1040	0	1060
26690	2	6	1048	18	0	1074
26691	4	0	14	1035	0	1053
26692	4	1	6	1060	0	1071
26693	1034	0	2	19	0	1055
26694	11	0	2	1073	0	1086
26695	10	1	1107	14	0	1132
26696	3	1	1111	11	0	1126
26697	6	1107	20	3	0	1136
26698	4	1197	8	3	0	1212
26699	1218	16	1	9	0	1244
26700	13	7	1334	2	0	1356
26701	11	1	14	1303	0	1329
26702	1324	2	5	15	0	1346
26703	1319	3	2	9	0	1333
26704	19	1368	2	5	0	1394
26705	6	11	3	1316	0	1336
26706	5	4	1	1397	0	1407
26707	6	2	0	1392	0	1400
26708	1358	2	1	24	0	1385
26709	14	4	1367	10	0	1395
26710	7	1370	13	6	0	1396
26711	3	13	6	1361	0	1383
26712	3	5	3	1400	0	1411
26713	3	5	1402	18	0	1428
26714	6	2	15	1362	0	1385
26715	0	5	7	1389	0	1401
26716	4	0	2	1381	0	1387
26717	4	1	3	1373	0	1381
26718	2	1	1355	24	0	1382
26719	2	3	13	1340	0	1358
26720	0	1	1375	20	0	1396
26721	1	1360	22	11	0	1394
26722	5	12	7	1360	0	1384
26723	3	5	3	1383	0	1394
26724	5	5	1357	22	0	1389
26725	3	1315	16	16	0	1350
26726	4	16	6	1309	0	1335
26727	5	5	1315	13	0	1338
26728	3	1303	14	10	0	1330
26729	2	15	6	1303	0	1326
26730	6	5	1309	18	0	1338
26731	5	1	13	1292	0	1311
26732	3	1	6	1306	0	1316
26733	6	2	2	1322	0	1332
26734	1315	0	2	20	0	1337
26735	14	1319	2	8	0	1343
26736	1311	10	1	9	0	1331
26737	14	5	1312	8	0	1339
26738	1311	0	13	11	0	1335
26739	1388	2	4	7	0	1401
26740	17	2	2	1371	0	1392
26741	1405	2	1	18	0	1426
26742	1410	2	2	10	0	1424
26743	1437	3	2	6	0	1448
26744	15	1	3	1422	0	1441
26745	4	2	0	1379	0	1385
26746	4	4	1353	20	0	1381
26747	2	4	1314	9	0	1329
26748	1274	2	19	8	0	1303
26749	8	7	7	1333	0	1355
26750	4	1363	2	16	0	1385
26751	1354	10	13	3	0	1380
26752	10	1361	2	4	0	1377
26753	7	1330	3	5	0	1345
26754	5	13	1232	6	0	1256
26755	1	6	1268	4	0	1279
26756	1	10	7	1221	0	1239
26757	2	4	1269	3	0	1278
26758	0	2	1182	4	0	1188
26759	1116	0	0	3	0	1119
26760	1191	0	0	1	0	1192
26761	0	1	1	1205	0	1207
26762	0	0	2	1224	0	1226
26763	1	3	1260	1	0	1265
26764	1	1268	2	2	0	1273
26765	3	0	0	1249	0	1252
26766	1258	0	2	3	0	1263
26767	1	3	0	1246	0	1250
26768	1	1260	1	1	0	1263
26769	1	1	1248	1	0	1251
26770	0	1277	1	0	0	1278
26771	1281	0	0	4	0	1285
26772	1274	1	0	2	0	1277
26773	2	0	0	1280	0	1282
26774	3	2	1315	1	0	1321
26775	0	0	1263	1	0	1264
26776	0	1326	3	1	0	1330
26777	0	1	5	1260	0	1266
26778	1	4	1	1321	0	1327
26779	0	2	1307	4	0	1313
26780	0	0	0	1301	0	1301
26781	0	1391	4	3	0	1398
26782	1	3	1	1408	0	1413
26783	0	4	0	1411	0	1415
26784	1	1	1433	5	0	1440
26785	1	1	1	1410	0	1413
26786	1407	0	7	7	0	1421
26787	1	6	1433	5	0	1445
26788	8	1	1444	3	0	1456
26789	2	1459	11	3	0	1475
26790	4	3	8	1474	0	1489
26791	2	6	2	1560	0	1570
26792	0	4	1545	12	0	1561
26793	1413	1	4	14	0	1432
26794	7	0	13	1519	0	1539
26795	11	1	1484	3	0	1499
26796	2	1	4	1446	0	1453
26797	2	1	1493	7	0	1503
26798	1	1	1408	12	0	1422
26799	1	1404	14	1	0	1420
26800	3	4	11	1254	0	1272
26801	0	1340	2	5	0	1347
26802	1292	5	1	12	0	1310
26803	4	10	1335	5	0	1354
26804	10	1298	6	1	0	1315
26805	1	4	11	1292	0	1308
26806	1276	11	1	4	0	1292
26807	4	1289	5	10	0	1308
26808	12	6	1	1293	0	1312
26809	3	11	1	1272	0	1287
26810	1	1297	4	16	0	1318
26811	1288	5	3	12	0	1308
26812	5	12	1	1411	0	1429
26813	12	3	0	1501	0	1516
26814	2	4	1475	28	0	1509
26815	1	1552	12	22	0	1587
26816	1	15	17	1562	0	1595
26817	2	19	4	1703	0	1728
26818	3	1772	2	38	0	1815
26819	2	24	0	1828	0	1854
26820	2	20	2	1890	0	1914
26821	1	2	3	1921	0	1927
26822	2	1924	2	53	0	1981
26823	1882	27	1	33	0	1943
26824	29	26	1909	7	0	1971
26825	1849	4	34	2	0	1889
26826	33	1933	29	4	0	1999
26827	24	33	3	1930	0	1990
26828	5	26	1923	37	0	1991
26829	4	7	29	1934	0	1974
26830	3	2	30	1932	0	1967
26831	2	0	7	1980	0	1989
26832	1	5	1933	62	0	2001
26833	2	1937	32	36	0	2007
26834	5	29	1984	10	0	2028
26835	3	1989	40	6	0	2038
26836	10	33	2019	5	0	2067
26837	2	35	32	1985	0	2054
26838	1949	4	29	38	0	2020
26839	27	1992	11	39	0	2069
26840	25	37	1998	8	0	2068
26841	2	2003	31	16	0	2052
26842	2	38	1979	13	0	2032
26843	2	29	35	1886	0	1952
26844	7	13	30	1762	0	1812
26845	8	1919	12	49	0	1988
26846	5	1971	12	27	0	2015
26847	1996	57	7	13	0	2073
26848	34	37	5	2015	0	2091
26849	34	11	2036	43	0	2124
26850	7	6	38	2045	0	2096
26851	3	15	2094	48	0	2160
26852	3	13	2076	44	0	2136
26853	6	8	63	1937	0	2014
26854	7	2021	40	39	0	2107
26855	1930	40	7	46	0	2023
26856	36	37	5	1919	0	1997
26857	31	13	12	1870	0	1926
26858	9	1914	11	62	0	1996
26859	1879	37	7	43	0	1966
26860	1894	33	10	18	0	1955
26861	61	14	12	1832	0	1919
26862	34	1846	17	37	0	1934
26863	7	1914	12	43	0	1976
26864	1879	62	12	19	0	1972
26865	32	41	1905	18	0	1996
26866	1851	15	39	13	0	1918
26867	1892	10	35	13	0	1950
26868	1902	8	11	16	0	1937
26869	64	1859	8	19	0	1950
26870	37	45	15	1856	0	1953
26871	1858	32	24	45	0	1959
26872	1877	10	13	41	0	1941
26873	58	1843	15	20	0	1936
26874	1852	44	8	15	0	1919
26875	43	37	8	1842	0	1930
26876	32	14	14	1832	0	1892
26877	13	1833	14	61	0	1921
26878	10	38	10	1872	0	1930
26879	12	38	9	1858	0	1917
26880	6	1838	10	65	0	1919
26881	17	34	8	1720	0	1779
26882	11	1771	7	44	0	1833
26883	1749	40	10	34	0	1833
26884	1718	39	6	16	0	1779
26885	61	1721	9	13	0	1804
26886	32	38	1701	15	0	1786
26887	9	30	37	1701	0	1777
26888	11	19	1700	41	0	1771
26889	14	1639	34	35	0	1722
26890	9	1693	25	17	0	1744
26891	1560	53	4	13	0	1630
26892	32	1639	3	12	0	1686
26893	33	37	8	1566	0	1644
26894	18	1613	5	28	0	1664
26895	15	1647	5	23	0	1690
26896	1610	49	8	10	0	1677
26897	40	24	5	1608	0	1677
26898	25	13	1600	41	0	1679
26899	10	18	1585	31	0	1644
26900	10	1589	49	20	0	1668
26901	1575	34	24	12	0	1645
26902	34	1607	11	7	0	1659
26903	28	41	4	1582	0	1655
26904	1588	28	6	32	0	1654
26905	39	13	2	1627	0	1681
26906	28	13	5	1607	0	1653
26907	11	1634	3	49	0	1697
26908	12	33	5	1657	0	1707
26909	4	27	1654	43	0	1728
26910	1612	14	37	24	0	1687
26911	37	1733	24	13	0	1807
26912	23	1710	7	8	0	1748
26913	1591	49	1	7	0	1648
26914	37	27	1636	5	0	1705
26915	1524	10	40	6	0	1580
26916	30	1781	22	6	0	1839
26917	19	1944	7	4	0	1974
26918	5	58	1973	6	0	2042
26919	6	2014	42	2	0	2064
26920	3	33	21	1775	0	1832
26921	8	29	2	1817	0	1856
26922	1	1901	2	49	0	1953
26923	2	31	1	1880	0	1914
26924	1908	28	4	37	0	1977
26925	33	13	1905	23	0	1974
26926	1912	13	31	4	0	1960
26927	1989	4	25	9	0	2027
26928	1985	4	7	8	0	2004
26929	63	9	1994	5	0	2071
26930	32	7	36	1987	0	2062
26931	10	10	2006	37	0	2063
26932	1934	4	45	31	0	2014
26933	1918	6	29	8	0	1961
26934	60	1950	7	9	0	2026
26935	38	36	5	1874	0	1953
26936	8	1987	4	32	0	2031
26937	8	38	1998	33	0	2077
26938	12	30	40	1984	0	2066
26939	1989	7	34	38	0	2068
26940	2008	6	6	29	0	2049
26941	70	8	3	1851	0	1932
26942	37	1954	4	32	0	2027
26943	8	41	1993	29	0	2071
26944	5	34	2015	11	0	2065
26945	1886	4	69	9	0	1968
26946	45	10	2032	3	0	2090
26947	38	1963	41	8	0	2050
26948	6	40	34	1931	0	2011
26949	4	38	1955	41	0	2038
26950	4	10	42	1919	0	1975
26951	5	12	1931	41	0	1989
26952	1809	4	47	39	0	1899
26953	41	5	42	1834	0	1922
26954	42	1879	7	35	0	1963
26955	7	1910	14	40	0	1971
26956	12	73	10	1839	0	1934
26957	9	36	10	1845	0	1900
26958	7	1848	16	65	0	1936
26959	11	44	1853	38	0	1946
26960	10	36	42	1850	0	1938
26961	5	15	1892	41	0	1953
26962	7	11	1817	42	0	1877
26963	1690	8	73	15	0	1786
26964	36	1766	38	17	0	1857
26965	1776	41	15	6	0	1838
26966	44	38	8	1676	0	1766
26967	37	1795	9	43	0	1884
26968	9	48	14	1810	0	1881
26969	14	43	9	1788	0	1854
26970	13	1781	7	75	0	1876
26971	10	42	1776	39	0	1867
26972	11	40	42	1771	0	1864
26973	1782	13	40	45	0	1880
26974	43	12	12	1793	0	1860
26975	37	7	18	1779	0	1841
26976	9	10	1754	70	0	1843
26977	12	1750	42	47	0	1851
26978	10	39	38	1722	0	1809
26979	15	44	1756	42	0	1857
26980	10	14	1773	44	0	1841
26981	1664	9	69	26	0	1768
26982	40	1753	43	16	0	1852
26983	1768	47	13	14	0	1842
26984	44	1767	20	17	0	1848
26985	38	1789	20	14	0	1861
26986	1729	71	16	17	0	1833
26987	52	40	11	1685	0	1788
26988	42	1756	15	46	0	1859
26989	16	46	14	1794	0	1870
26990	1763	38	13	40	0	1854
26991	48	19	1759	40	0	1866
26992	43	15	1741	13	0	1812
26993	1639	14	75	15	0	1743
26994	43	1731	49	10	0	1833
26995	47	45	1712	14	0	1818
26996	19	1726	42	20	0	1807
26997	20	48	40	1676	0	1784
26998	12	48	1713	46	0	1819
26999	11	17	41	1733	0	1802
27000	15	16	1730	45	0	1806
27001	1597	12	48	49	0	1706
27002	41	1706	46	13	0	1806
27003	1713	38	16	21	0	1788
27004	45	42	17	1600	0	1704
27005	38	1788	19	31	0	1876
27006	1792	43	19	42	0	1896
27007	1762	41	18	17	0	1838
27008	83	19	1758	15	0	1875
27009	43	14	1749	11	0	1817
27010	1546	16	75	8	0	1645
27011	37	1598	41	16	0	1692
27012	34	1585	16	6	0	1641
27013	27	79	13	1496	0	1615
27014	17	30	1482	40	0	1569
27015	12	1433	39	25	0	1509
27016	8	1278	26	11	0	1323
27017	35	52	9	853	0	949
27018	829	16	1	10	0	856
27019	836	3	2	13	0	854
27020	849	4	2	3	0	858
27021	22	4	836	0	0	862
27022	823	0	11	3	0	837
27023	840	3	15	4	0	862
27024	847	0	5	4	0	856
27025	22	3	3	792	0	820
27026	15	809	4	7	0	835
27027	806	10	3	12	0	831
27028	11	831	0	2	0	844
27029	12	8	3	787	0	810
27030	3	14	805	8	0	830
27031	3	4	8	805	0	820
27032	5	1	12	815	0	833
27033	1	4	820	16	0	841
27034	3	808	6	14	0	831
27035	3	4	12	750	0	769
27036	728	11	1	4	0	744
27037	6	719	1	10	0	736
27038	706	5	1	1	0	713
27039	6	9	0	680	0	695
27040	10	714	0	6	0	730
27041	713	5	2	9	0	729
27042	6	725	1	2	0	734
27043	9	6	688	0	0	703
27044	686	7	6	0	0	699
27045	714	1	9	3	0	727
27046	11	722	4	1	0	738
27047	10	7	712	0	0	729
27048	1	756	7	2	0	766
27049	4	16	5	516	0	541
27050	1	6	3	807	0	817
27051	0	2	2	812	0	816
27052	0	808	0	14	0	822
27053	1	8	0	809	0	818
27054	1	7	0	808	0	816
27055	807	2	0	15	0	824
27056	9	0	0	813	0	822
27057	9	1	0	823	0	833
27058	816	0	2	14	0	832
27059	7	815	1	9	0	832
27060	838	8	1	2	0	849
27061	839	6	1	0	0	846
27062	838	1	0	2	0	841
27063	15	3	1	823	0	842
27064	10	0	3	827	0	840
27065	4	5	813	13	0	835
27066	1	1	803	11	0	816
27067	3	1	784	2	0	790
27068	706	0	16	4	0	726
27069	9	1	792	2	0	804
27070	7	799	13	2	0	821
27071	3	10	5	785	0	803
27072	2	7	2	737	0	748
27073	2	800	0	14	0	816
27074	1	9	835	11	0	856
27075	5	839	8	2	0	854
27076	817	10	7	5	0	839
27077	10	8	821	3	0	842
27078	10	812	9	4	0	835
27079	5	11	814	2	0	832
27080	1	5	12	798	0	816
27081	5	4	834	9	0	852
27082	3	3	11	801	0	818
27083	808	3	6	10	0	827
27084	9	1	837	8	0	855
27085	9	828	9	4	0	850
27086	834	8	7	5	0	854
27087	8	10	879	5	0	902
27088	7	3	849	4	0	863
27089	4	3	15	833	0	855
27090	1	4	851	10	0	866
27091	791	2	11	8	0	812
27092	10	851	9	2	0	872
27093	10	10	2	809	0	831
27094	3	878	3	12	0	896
27095	894	13	0	8	0	915
27096	9	9	897	4	0	919
27097	11	3	932	2	0	948
27098	3	2	24	903	0	932
27099	7	1	8	927	0	943
27100	4	2	4	939	0	949
27101	1	3	1	952	0	957
27102	1	1	942	22	0	966
27103	2	941	11	12	0	966
27104	1	11	8	838	0	858
27105	3	4	823	8	0	838
27106	2	812	9	5	0	828
27107	808	6	4	2	0	820
27108	10	3	4	800	0	817
27109	794	4	0	9	0	807
27110	9	792	3	4	0	808
27111	783	8	2	5	0	798
27112	9	4	818	2	0	833
27113	5	2	9	776	0	792
27114	5	820	4	5	0	834
27115	2	7	815	2	0	826
27116	0	807	9	6	0	822
27117	6	19	3	630	0	658
27118	771	3	4	4	0	782
27119	5	779	5	4	0	793
27120	754	6	3	3	0	766
27121	9	2	775	4	0	790
27122	4	2	749	4	0	759
27123	736	1	7	4	0	748
27124	7	2	4	754	0	767
27125	2	4	3	763	0	772
27126	5	3	787	6	0	801
27127	1	2	761	4	0	768
27128	3	779	7	4	0	793
27129	760	5	5	2	0	772
27130	744	3	2	0	0	749
27131	5	735	3	1	0	744
27132	6	4	2	754	0	766
27133	756	3	3	7	0	769
27134	8	3	0	757	0	768
27135	770	0	3	6	0	779
27136	775	1	2	3	0	781
27137	790	3	1	6	0	800
27138	9	0	1	780	0	790
27139	6	0	1	808	0	815
27140	788	0	2	12	0	802
27141	785	1	1	8	0	795
27142	774	3	1	2	0	780
27143	11	768	1	1	0	781
27144	721	6	2	2	0	731
27145	4	723	1	3	0	731
27146	716	4	1	2	0	723
27147	5	1	716	2	0	724
27148	615	9	6	2	0	632
27149	4	632	3	2	0	641
27150	4	596	0	1	0	601
27151	606	5	3	2	0	616
27152	3	2	1	616	0	622
27153	2	1	1	631	0	635
27154	1	639	0	6	0	646
27155	0	642	2	4	0	648
27156	640	6	0	1	0	647
27157	3	2	652	0	0	657
27158	4	1	2	670	0	677
27159	696	0	3	7	0	706
27160	5	3	683	3	0	694
27161	4	745	5	1	0	755
27162	815	6	6	0	0	827
27163	12	3	864	3	0	882
27164	7	0	18	904	0	929
27165	3	1	940	16	0	960
27166	874	1	20	9	0	904
27167	13	968	10	3	0	994
27168	974	17	2	3	0	996
27169	980	8	4	1	0	993
27170	28	3	1	951	0	983
27171	974	3	2	17	0	996
27172	21	0	1	966	0	988
27173	13	1	0	975	0	989
27174	2	1	919	29	0	951
27175	6	929	18	11	0	964
27176	1	17	10	924	0	952
27177	1	7	4	939	0	951
27178	1	3	2	956	0	962
27179	1	3	935	29	0	968
27180	1	925	19	12	0	957
27181	0	18	6	914	0	938
27182	0	8	3	938	0	949
27183	1	8	918	25	0	952
27184	2	2	16	899	0	919
27185	893	1	9	20	0	923
27186	18	899	2	10	0	929
27187	863	15	4	4	0	886
27188	20	8	866	5	0	899
27189	12	2	18	864	0	896
27190	892	2	9	16	0	919
27191	890	2	2	9	0	903
27192	29	1	873	1	0	904
27193	13	1	18	862	0	894
27194	4	0	873	21	0	898
27195	823	0	18	9	0	850
27196	19	851	9	2	0	881
27197	871	18	2	3	0	894
27198	865	8	4	0	0	877
27199	25	876	1	2	0	904
27200	896	19	2	1	0	918
27201	24	8	888	1	0	921
27202	888	3	16	3	0	910
27203	21	3	11	889	0	924
27204	13	2	920	19	0	954
27205	4	2	22	922	0	950
27206	4	0	10	917	0	931
27207	1	1	6	896	0	904
27208	3	903	4	26	0	936
27209	908	20	2	13	0	943
27210	21	13	1	891	0	926
27211	17	903	1	22	0	943
27212	5	21	2	845	0	873
27213	3	881	4	17	0	905
27214	1	21	877	14	0	913
27215	5	11	19	864	0	899
27216	0	4	10	891	0	905
27217	2	5	887	29	0	923
27218	810	2	20	16	0	848
27219	17	878	11	10	0	916
27220	11	20	5	880	0	916
27221	4	10	5	868	0	887
27222	4	4	3	863	0	874
27223	1	872	4	28	0	905
27224	855	18	1	16	0	890
27225	20	9	860	8	0	897
27226	9	4	844	5	0	862
27227	9	6	25	824	0	864
27228	8	2	13	840	0	863
27229	832	4	5	27	0	868
27230	22	823	7	13	0	865
27231	12	19	4	831	0	866
27232	812	7	2	23	0	844
27233	27	3	1	808	0	839
27234	810	2	5	21	0	838
27235	22	3	781	14	0	820
27236	12	800	22	5	0	839
27237	781	20	11	6	0	818
27238	25	11	777	3	0	816
27239	744	5	22	0	0	771
27240	27	3	748	4	0	782
27241	761	5	23	0	0	789
27242	26	3	10	750	0	789
27243	770	3	4	16	0	793
27244	24	0	7	755	0	786
27245	15	2	1	774	0	792
27246	758	0	2	33	0	793
27247	22	748	6	18	0	794
27248	9	19	2	772	0	802
27249	765	9	1	24	0	799
27250	796	4	3	11	0	814
27251	30	4	0	758	0	792
27252	9	3	0	772	0	784
27253	754	5	1	26	0	786
27254	23	4	1	751	0	779
27255	6	8	2	764	0	780
27256	748	2	3	29	0	782
27257	20	2	4	739	0	765
27258	15	2	700	26	0	743
27259	649	2	19	15	0	685
27260	20	2	694	2	0	718
27261	10	2	644	4	0	660
27262	510	7	28	2	0	547
27263	5	515	4	1	0	525
27264	2	5	4	466	0	477
27265	2	1	1	460	0	464
27266	0	1	0	478	0	479
27267	2	0	0	473	0	475
27268	496	0	1	6	0	503
27269	535	1	0	3	0	539
27270	567	0	1	3	0	571
27271	12	0	637	0	0	649
27272	5	0	5	718	0	728
27273	3	0	6	727	0	736
27274	1	0	0	689	0	690
27275	3	688	2	14	0	707
27276	2	724	2	8	0	736
27277	741	13	0	2	0	756
27278	7	7	0	739	0	753
27279	8	1	0	808	0	817
27280	2	0	1	822	0	825
27281	1	0	802	19	0	822
27282	1	0	793	14	0	808
27283	789	0	16	2	0	807
27284	820	0	9	2	0	831
27285	18	2	1	794	0	815
27286	10	813	2	9	0	834
27287	2	9	0	813	0	824
27288	0	8	0	814	0	822
27289	2	1	794	20	0	817
27290	785	0	13	12	0	810
27291	12	3	11	831	0	857
27292	15	1	3	823	0	842
27293	802	0	2	19	0	823
27294	10	856	1	19	0	886
27295	868	12	1	9	0	890
27296	15	20	2	845	0	882
27297	13	811	2	16	0	842
27298	823	13	0	16	0	852
27299	13	13	3	797	0	826
27300	796	2	0	17	0	815
27301	782	3	1	16	0	802
27302	786	0	3	9	0	798
27303	26	767	1	6	0	800
27304	14	759	4	2	0	779
27305	6	22	2	727	0	757
27306	3	760	3	16	0	782
27307	758	14	1	14	0	787
27308	19	12	1	759	0	791
27309	768	3	2	17	0	790
27310	765	2	4	16	0	787
27311	26	1	3	751	0	781
27312	15	1	3	789	0	808
27313	797	3	1	26	0	827
27314	795	4	3	19	0	821
27315	814	2	2	9	0	827
27316	836	4	0	8	0	848
27317	847	2	0	7	0	856
27318	26	4	2	825	0	857
27319	18	6	2	831	0	857
27320	7	3	1	848	0	859
27321	816	3	1	32	0	852
27322	19	4	0	801	0	824
27323	19	815	0	17	0	851
27324	10	15	1	831	0	857
27325	821	14	4	16	0	855
27326	818	7	3	20	0	848
27327	32	4	804	7	0	847
27328	18	3	16	767	0	804
27329	7	821	12	16	0	856
27330	823	13	2	15	0	853
27331	23	834	0	9	0	866
27332	20	13	1	821	0	855
27333	844	18	1	17	0	880
27334	849	3	0	21	0	873
27335	26	865	1	14	0	906
27336	21	12	3	848	0	884
27337	12	13	857	18	0	900
27338	836	6	9	21	0	872
27339	23	2	864	9	0	898
27340	877	3	9	8	0	897
27341	871	7	11	8	0	897
27342	30	4	2	864	0	900
27343	884	4	0	21	0	909
27344	888	6	0	22	0	916
27345	907	6	1	7	0	921
27346	34	4	1	884	0	923
27347	889	5	5	20	0	919
27348	23	2	2	878	0	905
27349	23	3	4	860	0	890
27350	8	857	3	24	0	892
27351	10	17	2	821	0	850
27352	5	864	4	20	0	893
27353	856	16	0	12	0	884
27354	860	13	1	7	0	881
27355	30	4	1	848	0	883
27356	23	2	2	849	0	876
27357	834	1	3	24	0	862
27358	18	2	813	20	0	853
27359	827	2	12	7	0	848
27360	23	6	11	799	0	839
27361	17	2	778	18	0	815
27362	777	6	10	14	0	807
27363	800	3	9	6	0	818
27364	29	2	779	9	0	819
27365	793	3	10	10	0	816
27366	20	3	785	9	0	817
27367	16	776	11	7	0	810
27368	751	9	20	8	0	788
27369	735	9	2	3	0	749
27370	23	694	3	5	0	725
27371	12	625	4	5	0	646
27372	541	11	10	1	0	563
27373	541	6	1	1	0	549
27374	14	0	1	553	0	568
27375	9	1	549	10	0	569
27376	3	0	535	8	0	546
27377	528	2	12	2	0	544
27378	9	1	548	2	0	560
27379	482	1	6	2	0	491
27380	5	0	5	486	0	496
27381	8	0	0	487	0	495
27382	2	1	486	8	0	497
27383	490	0	5	6	0	501
27384	5	1	5	496	0	507
27385	5	0	1	508	0	514
27386	501	1	0	9	0	511
27387	489	0	0	6	0	495
27388	503	0	0	2	0	505
27389	9	517	0	1	0	527
27390	3	5	485	1	0	494
27391	462	3	3	0	0	468
27392	472	0	3	1	0	476
27393	6	462	3	2	0	473
27394	422	0	0	0	0	422
27395	0	3	1	429	0	433
27396	3	0	460	1	0	464
27397	461	1	0	2	0	464
27398	485	0	1	4	0	490
27399	492	1	0	3	0	496
27400	493	0	1	1	0	495
27401	2	0	2	492	0	496
27402	3	0	0	496	0	499
27403	496	0	2	2	0	500
27404	2	0	0	499	0	501
27405	3	0	0	496	0	499
27406	1	494	0	2	0	497
27407	2	0	0	504	0	506
27408	2	1	0	503	0	506
27409	1	1	1	507	0	510
27410	1	0	0	509	0	510
27411	2	505	0	3	0	510
27412	2	1	1	483	0	487
27413	1	2	1	465	0	469
27414	1	3	460	1	0	465
27415	1	1	440	3	0	445
27416	2	450	2	0	0	454
27417	514	0	1	0	0	515
27418	4	530	2	0	0	536
27419	2	2	0	571	0	575
27420	0	2	639	4	0	645
27421	689	0	3	2	0	694
27422	4	0	2	713	0	719
27423	716	0	0	3	0	719
27424	719	0	0	3	0	722
27425	3	739	1	0	0	743
27426	737	3	0	2	0	742
27427	3	776	0	1	0	780
27428	2	7	1	776	0	786
27429	1	794	0	3	0	798
27430	0	5	794	3	0	802
27431	1	800	5	1	0	807
27432	3	5	3	779	0	790
27433	784	3	1	5	0	793
27434	7	793	0	7	0	807
27435	2	6	2	800	0	810
27436	0	4	0	814	0	818
27437	1	2	823	10	0	836
27438	2	0	8	813	0	823
27439	0	2	829	8	0	839
27440	779	1	8	6	0	794
27441	9	0	859	0	0	868
27442	5	854	9	3	0	871
27443	3	7	4	849	0	863
27444	0	4	1	847	0	852
27445	1	0	1	857	0	859
27446	856	0	1	14	0	871
27447	8	2	2	839	0	851
27448	7	856	0	9	0	872
27449	854	10	0	6	0	870
27450	10	862	1	4	0	877
27451	7	12	1	855	0	875
27452	858	7	2	10	0	877
27453	10	853	0	6	0	869
27454	6	889	0	4	0	899
27455	883	13	0	0	0	896
27456	892	7	1	1	0	901
27457	14	3	880	4	0	901
27458	889	2	8	5	0	904
27459	8	2	936	2	0	948
27460	7	1	9	936	0	953
27461	3	2	937	11	0	953
27462	2	0	11	939	0	952
27463	4	1	948	13	0	966
27464	1	4	12	918	0	935
27465	1	2	6	927	0	936
27466	910	0	2	20	0	932
27467	13	0	917	7	0	937
27468	869	3	11	5	0	888
27469	12	0	916	5	0	933
27470	8	4	917	3	0	932
27471	3	0	18	903	0	924
27472	910	5	6	12	0	933
27473	11	922	2	12	0	947
27474	906	12	1	4	0	923
27475	900	10	1	6	0	917
27476	19	896	1	2	0	918
27477	892	10	2	6	0	910
27478	15	9	939	1	0	964
27479	10	5	12	927	0	954
27480	944	5	7	13	0	969
27481	13	942	4	9	0	968
27482	12	10	1	938	0	961
27483	4	8	7	946	0	965
27484	4	5	0	960	0	969
27485	5	0	5	965	0	975
27486	944	1	1	23	0	969
27487	957	1	5	11	0	974
27488	969	1	1	7	0	978
27489	935	2	7	2	0	946
27490	18	3	932	6	0	959
27491	922	1	14	6	0	943
27492	938	4	7	4	0	953
27493	20	927	7	3	0	957
27494	14	943	1	2	0	960
27495	4	18	4	899	0	925
27496	6	5	3	894	0	908
27497	4	4	875	19	0	902
27498	5	864	14	9	0	892
27499	6	14	8	823	0	851
27500	4	879	8	12	0	903
27501	3	11	1	885	0	900
27502	7	8	4	874	0	893
27503	5	921	3	16	0	945
27504	4	12	5	935	0	956
27505	6	7	944	18	0	975
27506	3	5	946	10	0	964
27507	899	4	18	7	0	928
27508	959	1	10	7	0	977
27509	20	953	4	11	0	988
27510	968	11	2	5	0	986
27511	14	8	4	965	0	991
27512	962	4	2	17	0	985
27513	21	978	2	7	0	1008
27514	15	12	967	4	0	998
27515	933	8	13	7	0	961
27516	22	2	1047	0	0	1071
27517	14	3	954	4	0	975
27518	8	1	953	7	0	969
27519	4	906	22	4	0	936
27520	805	15	35	6	0	861
27521	783	5	5	3	0	796
27522	18	1	1	768	0	788
27523	7	5	2	761	0	775
27524	4	812	3	17	0	836
27525	809	9	1	12	0	831
27526	12	827	3	3	0	845
27527	5	795	5	4	0	809
27528	800	12	3	5	0	820
27529	18	7	2	781	0	808
27530	5	3	0	795	0	803
27531	2	2	1	793	0	798
27532	2	788	3	14	0	807
27533	776	5	1	5	0	787
27534	8	5	1	766	0	780
27535	4	751	1	5	0	761
27536	4	748	3	4	0	759
27537	1	7	0	723	0	731
27538	2	733	4	3	0	742
27539	0	10	1	730	0	741
27540	713	3	2	6	0	724
27541	4	3	725	5	0	737
27542	4	750	5	3	0	762
27543	3	3	3	746	0	755
27544	2	3	744	5	0	754
27545	718	3	3	3	0	727
27546	7	1	2	753	0	763
27547	749	0	2	6	0	757
27548	746	0	1	2	0	749
27549	6	759	0	13	0	778
27550	784	6	0	1	0	791
27551	782	1	0	1	0	784
27552	781	5	0	1	0	787
27553	8	1	0	780	0	789
27554	6	1	0	765	0	772
27555	4	0	1	772	0	777
27556	1	4	756	10	0	771
27557	0	758	5	5	0	768
27558	739	7	1	3	0	750
27559	4	751	1	3	0	759
27560	0	9	0	745	0	754
27561	1	3	743	10	0	757
27562	675	1	8	2	0	686
27563	9	767	3	1	0	780
27564	2	10	1	775	0	788
27565	2	2	0	779	0	783
27566	1	2	768	11	0	782
27567	1	760	10	3	0	774
27568	1	9	3	755	0	768
27569	3	2	1	762	0	768
27570	1	2	0	751	0	754
27571	725	2	0	10	0	737
27572	9	1	732	3	0	745
27573	3	730	9	2	0	744
27574	721	8	2	3	0	734
27575	7	743	3	1	0	754
27576	3	9	0	725	0	737
27577	1	745	1	9	0	756
27578	699	9	1	3	0	712
27579	715	2	0	1	0	718
27580	12	1	0	722	0	735
27581	4	1	0	746	0	751
27582	1	0	0	766	0	767
27583	0	0	774	14	0	788
27584	1	796	10	5	0	812
27585	0	10	3	915	0	928
27586	0	4	1	937	0	942
27587	0	1	0	969	0	970
27588	0	0	1	955	0	956
27589	1	1	931	24	0	957
27590	0	1019	16	12	0	1047
27591	2	18	7	1067	0	1094
27592	0	11	1	1190	0	1202
27593	2	2	1182	29	0	1215
27594	0	0	20	1129	0	1149
27595	0	1163	10	20	0	1193
27596	2	1193	1	8	0	1204
27597	0	26	0	1173	0	1199
27598	0	11	1169	21	0	1201
27599	1007	3	22	17	0	1049
27600	17	1156	12	4	0	1189
27601	10	22	1142	1	0	1175
27602	1	14	1168	3	0	1186
27603	0	1133	30	6	0	1169
27604	3	21	1150	3	0	1177
27605	3	9	21	1119	0	1152
27606	1115	3	11	21	0	1150
27607	1138	1	4	9	0	1152
27608	1138	3	4	3	0	1148
27609	1160	2	2	3	0	1167
27610	29	1162	4	2	0	1197
27611	1170	21	1	5	0	1197
27612	24	1174	3	5	0	1206
27613	13	21	1148	10	0	1192
27614	7	11	23	1104	0	1145
27615	5	1170	11	20	0	1206
27616	4	27	2	1100	0	1133
27617	1088	14	2	28	0	1132
27618	24	5	3	1053	0	1085
27619	13	1116	9	23	0	1161
27620	1116	27	3	11	0	1157
27621	23	14	1118	8	0	1163
27622	11	7	26	1106	0	1150
27623	4	3	14	1126	0	1147
27624	1076	5	5	40	0	1126
27625	23	1068	8	20	0	1119
27626	15	26	1056	10	0	1107
27627	9	14	23	1063	0	1109
27628	5	6	1048	29	0	1088
27629	8	1021	26	14	0	1069
27630	7	1055	11	8	0	1081
27631	1038	39	4	3	0	1084
27632	26	18	1036	4	0	1084
27633	1061	7	27	8	0	1103
27634	22	5	22	1008	0	1057
27635	11	1069	7	27	0	1114
27636	1048	30	5	14	0	1097
27637	26	14	1073	8	0	1121
27638	18	4	26	1062	0	1110
27639	10	4	11	1077	0	1102
27640	10	6	7	1048	0	1071
27641	11	1044	3	34	0	1092
27642	1006	26	7	11	0	1050
27643	28	1013	7	10	0	1058
27644	14	1040	7	9	0	1070
27645	9	34	5	1032	0	1080
27646	1027	17	6	30	0	1080
27647	1043	7	5	16	0	1071
27648	1033	10	4	10	0	1057
27649	32	1003	8	7	0	1050
27650	16	29	1	992	0	1038
27651	5	21	993	22	0	1041
27652	11	6	25	990	0	1032
27653	11	9	14	975	0	1009
27654	9	993	10	30	0	1042
27655	989	28	7	21	0	1045
27656	31	17	4	961	0	1013
27657	16	974	9	37	0	1036
27658	995	25	8	19	0	1047
27659	26	12	981	14	0	1033
27660	956	7	21	13	0	997
27661	23	1002	10	9	0	1044
27662	999	26	7	5	0	1037
27663	1002	18	6	6	0	1032
27664	27	10	974	7	0	1018
27665	972	12	21	6	0	1011
27666	25	9	1017	9	0	1060
27667	22	6	1024	5	0	1057
27668	1003	9	26	5	0	1043
27669	1029	10	13	4	0	1056
27670	33	5	1043	7	0	1088
27671	12	4	25	1015	0	1056
27672	8	5	14	1013	0	1040
27673	9	1068	9	27	0	1113
27674	1052	19	6	17	0	1094
27675	1073	15	3	10	0	1101
27676	29	6	1077	10	0	1122
27677	1063	8	17	10	0	1098
27678	1078	7	13	9	0	1107
27679	30	1067	8	6	0	1111
27680	19	25	3	1049	0	1096
27681	15	14	3	1023	0	1055
27682	13	8	7	1033	0	1061
27683	988	5	6	22	0	1021
27684	25	955	7	13	0	1000
27685	11	17	3	804	0	835
27686	10	835	3	13	0	861
27687	10	42	7	768	0	827
27688	7	813	6	15	0	841
27689	10	817	4	12	0	843
27690	675	24	10	12	0	721
27691	653	6	5	7	0	671
27692	7	2	1	582	0	592
27693	0	3	1	568	0	572
27694	3	1	0	574	0	578
27695	2	0	0	575	0	577
27696	0	1	2	568	0	571
27697	2	555	0	5	0	562
27698	1	6	1	560	0	568
27699	3	1	1	566	0	571
27700	547	1	1	6	0	555
27701	7	1	1	560	0	569
27702	3	0	1	541	0	545
27703	1	2	541	4	0	548
27704	3	1	5	531	0	540
27705	1	0	3	549	0	553
27706	1	0	554	7	0	562
27707	1	561	5	2	0	569
27708	1	4	562	0	0	567
27709	0	2	555	1	0	558
27710	0	547	7	0	0	554
27711	542	4	1	1	0	548
27712	561	0	1	0	0	562
27713	4	0	1	545	0	550
27714	544	3	0	2	0	549
27715	7	2	562	2	0	573
27716	3	0	5	574	0	582
27717	1	1	627	7	0	636
27718	4	0	5	633	0	642
27719	0	0	5	639	0	644
27720	0	0	0	641	0	641
27721	616	0	2	8	0	626
27722	6	0	1	627	0	634
27723	629	0	0	9	0	638
27724	631	0	1	5	0	637
27725	10	625	1	1	0	637
27726	623	6	0	3	0	632
27727	7	646	0	2	0	655
27728	5	5	0	641	0	651
27729	0	4	0	647	0	651
27730	1	0	0	660	0	661
27731	1	2	640	9	0	652
27732	1	626	6	6	0	639
27733	2	6	1	591	0	600
27734	1	3	0	599	0	603
27735	0	624	4	7	0	635
27736	615	8	0	4	0	627
27737	6	612	1	4	0	623
27738	593	6	2	3	0	604
27739	6	622	0	4	0	632
27740	6	6	1	595	0	608
27741	1	628	2	4	0	635
27742	635	8	0	3	0	646
27743	642	4	0	1	0	647
27744	639	1	1	3	0	644
27745	639	1	1	2	0	643
27746	10	1	632	2	0	645
27747	627	0	7	4	0	638
27748	648	1	2	3	0	654
27749	655	1	2	1	0	659
27750	10	2	638	1	0	651
27751	634	0	4	2	0	640
27752	8	651	1	2	0	662
27753	664	6	1	0	0	671
27754	7	4	703	1	0	715
27755	689	1	5	0	0	695
27756	709	3	2	0	0	714
27757	7	2	1	702	0	712
27758	5	2	692	6	0	705
27759	675	3	4	3	0	685
27760	7	1	3	689	0	700
27761	4	2	1	696	0	703
27762	2	0	701	9	0	712
27763	633	0	5	5	0	643
27764	688	2	3	2	0	695
27765	8	704	1	1	0	714
27766	5	6	1	669	0	681
27767	4	3	0	663	0	670
27768	2	1	1	664	0	668
27769	1	676	2	8	0	687
27770	658	7	0	4	0	669
27771	8	3	0	655	0	666
27772	3	1	1	666	0	671
27773	629	2	1	9	0	641
27774	636	0	0	4	0	640
27775	7	0	1	643	0	651
27776	4	2	1	631	0	638
27777	4	0	613	7	0	624
27778	555	0	6	4	0	565
27779	6	611	3	2	0	622
27780	4	5	1	634	0	644
27781	3	3	0	656	0	662
27782	1	717	1	8	0	727
27783	1	5	1	728	0	735
27784	790	6	1	7	0	804
27785	11	0	0	1029	0	1040
27786	6	1	1	1057	0	1065
27787	3	1	1	1074	0	1079
27788	3	2	1057	24	0	1086
27789	0	1	14	1073	0	1088
27790	0	2	1075	20	0	1097
27791	2	1054	16	9	0	1081
27792	3	13	7	1047	0	1070
27793	1	8	3	1086	0	1098
27794	2	2	0	1092	0	1096
27795	0	1	4	1099	0	1104
27796	0	1	1	1112	0	1114
27797	1071	1	2	25	0	1099
27798	17	3	1089	11	0	1120
27799	8	1068	15	7	0	1098
27800	3	1121	8	3	0	1135
27801	0	22	3	1117	0	1142
27802	5	9	0	1142	0	1156
27803	2	3	1	1124	0	1130
27804	1	1118	1	26	0	1146
27805	0	15	1	1142	0	1158
27806	1	9	1112	18	0	1140
27807	1	1082	15	11	0	1109
27808	2	17	8	1079	0	1106
27809	1055	10	9	23	0	1097
27810	14	4	0	1076	0	1094
27811	9	1	1	1053	0	1064
27812	3	1022	1	23	0	1049
27813	2	1081	0	15	0	1098
27814	3	19	2	1079	0	1103
27815	2	11	1	1072	0	1086
27816	0	2	1060	23	0	1085
27817	2	2	14	1024	0	1042
27818	0	3	7	1030	0	1040
27819	0	1	5	1020	0	1026
27820	0	3	1	1035	0	1039
27821	1016	2	2	27	0	1047
27822	1031	4	2	16	0	1053
27823	19	2	1	1026	0	1048
27824	14	1	4	1064	0	1083
27825	1043	2	0	39	0	1084
27826	17	1	3	1108	0	1129
27827	9	2	1112	33	0	1156
27828	3	1124	22	17	0	1166
27829	5	20	12	1135	0	1172
27830	2	12	9	1152	0	1175
27831	1132	12	1	32	0	1177
27832	13	3	1	1163	0	1180
27833	9	4	2	1175	0	1190
27834	1152	1	1	42	0	1196
27835	17	3	4	1157	0	1181
27836	10	1182	4	29	0	1225
27837	9	16	4	1197	0	1226
27838	3	10	7	1230	0	1250
27839	4	11	2	1214	0	1231
27840	2	10	2	1224	0	1238
27841	2	8	1185	40	0	1235
27842	2	5	1171	29	0	1207
27843	0	5	25	1177	0	1207
27844	0	12	11	1156	0	1179
27845	2	1168	6	37	0	1213
27846	2	17	6	1119	0	1144
27847	2	1150	8	30	0	1190
27848	1150	19	3	26	0	1198
27849	24	1234	4	16	0	1278
27850	12	18	2	1280	0	1312
27851	5	10	4	1297	0	1316
27852	3	13	1245	34	0	1295
27853	1202	9	15	24	0	1250
27854	1207	3	10	19	0	1239
27855	24	1222	6	19	0	1271
27856	13	18	7	1191	0	1229
27857	5	11	1240	30	0	1286
27858	5	1238	19	23	0	1285
27859	1234	19	9	21	0	1283
27860	1245	13	3	15	0	1276
27861	32	5	1194	13	0	1244
27862	1222	1	16	12	0	1251
27863	25	3	8	1205	0	1241
27864	12	1210	4	33	0	1259
27865	1213	16	5	20	0	1254
27866	20	11	4	1213	0	1248
27867	1225	6	3	27	0	1261
27868	1263	5	3	22	0	1293
27869	25	4	5	1258	0	1292
27870	14	2	1268	32	0	1316
27871	1264	1	16	25	0	1306
27872	1293	3	12	16	0	1324
27873	1311	2	5	19	0	1337
27874	31	1311	2	14	0	1358
27875	14	19	4	1320	0	1357
27876	8	16	0	1372	0	1396
27877	2	8	1351	43	0	1404
27878	3	5	16	1349	0	1373
27879	3	1342	11	34	0	1390
27880	1299	16	7	23	0	1345
27881	18	1307	5	11	0	1341
27882	8	18	1255	7	0	1288
27883	6	1280	20	9	0	1315
27884	7	1225	17	6	0	1255
27885	14	16	8	960	0	998
27886	958	8	3	11	0	980
27887	939	4	1	8	0	952
27888	928	0	2	3	0	933
27889	13	970	1	3	0	987
27890	8	6	953	3	0	970
27891	943	7	7	2	0	959
27892	978	2	7	1	0	988
27893	14	954	2	2	0	972
27894	975	8	0	3	0	986
27895	8	7	1	978	0	994
27896	8	3	1024	8	0	1043
27897	1007	2	6	8	0	1023
27898	1021	0	6	5	0	1032
27899	1066	2	2	2	0	1072
27900	15	0	0	1048	0	1063
27901	9	1	0	1068	0	1078
27902	3	0	4	1142	0	1149
27903	2	1146	6	15	0	1169
27904	5	11	1	1187	0	1204
27905	2	10	0	1296	0	1308
27906	3	6	1332	22	0	1363
27907	3	0	15	1331	0	1349
27908	1	5	9	1353	0	1368
27909	4	1	2	1354	0	1361
27910	3	2	1	1329	0	1335
27911	2	1339	3	23	0	1367
27912	2	15	0	1344	0	1361
27913	0	10	5	1338	0	1353
27914	1316	3	0	29	0	1348
27915	16	3	1323	14	0	1356
27916	13	6	1279	6	0	1304
27917	1269	1	25	8	0	1303
27918	1319	2	13	6	0	1340
27919	28	5	1	1151	0	1185
27920	13	1304	3	14	0	1334
27921	1313	13	1	10	0	1337
27922	16	11	5	1293	0	1325
27923	14	1343	3	18	0	1378
27924	1325	12	1	19	0	1357
27925	13	1338	0	4	0	1355
27926	1290	12	2	10	0	1314
27927	1248	14	1	8	0	1271
27928	31	1231	3	2	0	1267
27929	16	12	6	1218	0	1252
27930	4	17	1223	15	0	1259
27931	10	6	13	1217	0	1246
27932	1211	3	13	13	0	1240
27933	17	5	1196	17	0	1235
27934	17	1211	11	4	0	1243
27935	7	18	13	1191	0	1229
27936	2	13	1205	20	0	1240
27937	4	1212	12	13	0	1241
27938	1190	15	11	8	0	1224
27939	16	16	1	1195	0	1228
27940	17	2	3	1192	0	1214
27941	7	6	4	1163	0	1180
27942	5	1182	5	26	0	1218
27943	1176	10	5	15	0	1206
27944	13	1174	7	6	0	1200
27945	16	1196	2	8	0	1222
27946	1199	23	2	5	0	1229
27947	1195	17	3	4	0	1219
27948	23	10	1170	7	0	1210
27949	1095	5	13	7	0	1120
27950	1090	4	18	2	0	1114
27951	24	8	4	1075	0	1111
27952	20	5	1081	14	0	1120
27953	8	1	13	1086	0	1108
27954	1078	2	14	19	0	1113
27955	12	6	1119	18	0	1155
27956	16	8	12	1165	0	1201
27957	12	3	15	1275	0	1305
27958	7	5	1	1441	0	1454
27959	1458	5	4	40	0	1507
27960	31	1484	5	25	0	1545
27961	1490	25	3	9	0	1527
27962	30	21	1474	9	0	1534
27963	27	2	26	1412	0	1467
27964	8	1482	19	31	0	1540
27965	1495	29	5	29	0	1558
27966	30	18	6	1504	0	1558
27967	19	3	1493	36	0	1551
27968	11	2	28	1458	0	1499
27969	1441	3	24	28	0	1496
27970	27	1451	1	28	0	1507
27971	19	31	0	1322	0	1372
27972	7	1461	6	26	0	1500
27973	1424	29	1	22	0	1476
27974	1424	22	4	2	0	1452
27975	45	1416	4	6	0	1471
27976	1403	26	4	8	0	1441
27977	28	21	8	1313	0	1370
27978	17	1364	4	22	0	1407
27979	1368	29	1	15	0	1413
27980	1362	16	1	8	0	1387
27981	44	1333	9	2	0	1388
27982	14	1356	2	12	0	1384
27983	1322	37	1	2	0	1362
27984	28	16	1	1318	0	1363
27985	1329	5	1	29	0	1364
27986	29	8	0	1331	0	1368
27987	22	4	1326	26	0	1378
27988	10	5	29	1338	0	1382
27989	1308	6	12	30	0	1356
27990	33	3	1334	15	0	1385
27991	14	3	25	1339	0	1381
27992	9	4	15	1375	0	1403
27993	5	3	1365	41	0	1414
27994	1287	0	27	17	0	1331
27995	31	6	15	1336	0	1388
27996	16	9	1276	32	0	1333
27997	1181	0	27	18	0	1226
27998	27	1280	20	7	0	1334
27999	16	1298	2	5	0	1321
28000	5	1301	6	8	0	1320
28001	3	38	1245	5	0	1291
28002	7	23	22	1158	0	1210
28003	7	3	1167	24	0	1201
28004	0	26	22	1042	0	1090
28005	4	1044	10	24	0	1082
28006	3	1013	4	14	0	1034
28007	7	29	3	996	0	1035
28008	995	13	5	19	0	1032
28009	23	0	1	1017	0	1041
28010	9	6	0	988	0	1003
28011	6	996	2	25	0	1029
28012	993	17	3	16	0	1029
28013	20	1011	4	2	0	1037
28014	10	19	1	1005	0	1035
28015	5	8	0	998	0	1011
28016	2	997	3	26	0	1028
28017	6	17	3	1010	0	1036
28018	993	11	1	24	0	1029
28019	23	19	1	984	0	1027
28020	18	5	0	985	0	1008
28021	7	998	2	30	0	1037
28022	5	23	3	991	0	1022
28023	956	8	2	18	0	984
28024	1012	4	2	12	0	1030
28025	1010	7	1	5	0	1023
28026	32	5	1	987	0	1025
28027	11	3	982	24	0	1020
28028	4	7	980	14	0	1005
28029	11	1	27	988	0	1027
28030	1000	3	8	22	0	1033
28031	21	5	4	1019	0	1049
28032	1063	6	2	23	0	1094
28033	25	2	3	1077	0	1107
28034	13	2	4	1082	0	1101
28035	1077	2	0	29	0	1108
28036	24	6	1035	16	0	1081
28037	1031	6	24	4	0	1065
28038	25	5	1043	9	0	1082
28039	11	3	20	1038	0	1072
28040	1054	3	12	21	0	1090
28041	20	7	1074	13	0	1114
28042	10	6	1039	6	0	1061
28043	991	4	29	5	0	1029
28044	25	6	1051	5	0	1087
28045	12	1039	19	9	0	1079
28046	2	20	12	1085	0	1119
28047	1157	9	7	25	0	1198
28048	22	8	1175	18	0	1223
28049	1175	5	23	4	0	1207
28050	1197	4	11	7	0	1219
28051	1203	3	4	9	0	1219
28052	1199	4	4	8	0	1215
28053	29	2	5	1152	0	1188
28054	14	1176	2	23	0	1215
28055	1122	23	3	18	0	1166
28056	28	10	1078	4	0	1120
28057	7	935	15	2	0	959
28058	825	6	4	5	0	840
28059	5	770	1	0	0	776
28060	2	793	2	0	0	797
28061	7	6	7	774	0	794
28062	2	2	2	787	0	793
28063	0	0	0	791	0	791
28064	804	0	1	5	0	810
28065	846	0	1	3	0	850
28066	10	0	1	877	0	888
28067	6	0	0	933	0	939
28068	0	2	961	13	0	976
28069	896	1	12	7	0	916
28070	986	0	5	2	0	993
28071	18	0	0	968	0	986
28072	5	0	1	969	0	975
28073	3	1	957	21	0	982
28074	5	0	15	942	0	962
28075	3	1	996	13	0	1013
28076	1	998	14	6	0	1019
28077	0	15	1020	1	0	1036
28078	0	6	14	979	0	999
28079	3	3	1040	14	0	1060
28080	3	1	1015	5	0	1024
28081	1002	3	24	1	0	1030
28082	15	3	7	1087	0	1112
28083	6	1	1100	14	0	1121
28084	975	3	14	11	0	1003
28085	15	0	1107	6	0	1128
28086	10	5	1197	2	0	1214
28087	2	1206	25	3	0	1236
28088	6	15	8	1199	0	1228
28089	3	7	1187	16	0	1213
28090	4	3	1159	9	0	1175
28091	9	0	21	1150	0	1180
28092	4	0	11	1143	0	1158
28093	3	1164	2	21	0	1190
28094	3	18	1	1158	0	1180
28095	1180	10	3	17	0	1210
28096	1188	2	2	13	0	1205
28097	1204	0	7	4	0	1215
28098	22	5	3	1164	0	1194
28099	10	1197	8	16	0	1231
28100	1203	19	2	10	0	1234
28101	13	1224	6	6	0	1249
28102	11	1206	5	7	0	1229
28103	6	1227	6	3	0	1242
28104	1209	22	4	6	0	1241
28105	19	8	5	1203	0	1235
28106	11	4	1	1203	0	1219
28107	2	1208	5	24	0	1239
28108	1163	14	3	15	0	1195
28109	17	13	1197	1	0	1228
28110	13	2	17	1194	0	1226
28111	1205	1	9	16	0	1231
28112	14	1230	4	15	0	1263
28113	1292	17	4	9	0	1322
28114	22	8	4	1308	0	1342
28115	9	1363	4	19	0	1395
28116	4	18	1325	10	0	1357
28117	1283	14	15	5	0	1317
28118	20	1	10	1359	0	1390
28119	1371	2	4	21	0	1398
28120	20	3	4	1357	0	1384
28121	8	1355	4	24	0	1391
28122	7	17	1386	11	0	1421
28123	3	14	1393	4	0	1414
28124	3	5	25	1351	0	1384
28125	1367	2	10	22	0	1401
28126	1374	4	5	10	0	1393
28127	27	1	4	1350	0	1382
28128	8	5	2	1365	0	1380
28129	1370	7	4	26	0	1407
28130	19	6	7	1377	0	1409
28131	1376	5	4	18	0	1403
28132	15	1336	2	15	0	1368
28133	1311	16	2	4	0	1333
28134	17	16	1336	7	0	1376
28135	14	3	13	1333	0	1363
28136	7	1	9	1375	0	1392
28137	4	5	6	1384	0	1399
28138	8	1345	5	25	0	1383
28139	5	1291	5	12	0	1313
28140	5	21	1	1342	0	1369
28141	5	10	1309	21	0	1345
28142	3	6	17	1321	0	1347
28143	4	3	9	1347	0	1363
28144	2	1311	5	34	0	1352
28145	1297	17	3	12	0	1329
28146	14	1283	5	8	0	1310
28147	13	1279	1	3	0	1296
28148	5	21	4	1250	0	1280
28149	5	7	4	1279	0	1295
28150	5	3	2	1277	0	1287
28151	6	5	1	1289	0	1301
28152	1244	3	4	26	0	1277
28153	15	1270	5	10	0	1300
28154	1288	17	1	9	0	1315
28155	1347	9	4	6	0	1366
28156	20	4	6	1324	0	1354
28157	10	4	1	1356	0	1371
28158	1328	3	1	29	0	1361
28159	1350	1	2	10	0	1363
28160	19	7	2	1299	0	1327
28161	11	6	0	1316	0	1333
28162	5	7	1300	24	0	1336
28163	3	1278	16	10	0	1307
28164	3	1320	6	13	0	1342
28165	1224	13	1	6	0	1244
28166	19	7	1286	2	0	1314
28167	7	5	1196	7	0	1215
28168	1068	3	6	5	0	1082
28169	1158	4	9	2	0	1173
28170	6	1268	3	5	0	1282
28171	6	1321	0	3	0	1330
28172	4	6	0	1333	0	1343
28173	1394	4	1	6	0	1405
28174	1411	3	1	4	0	1419
28175	1424	3	0	7	0	1434
28176	6	2	4	1394	0	1406
28177	4	4	1	1427	0	1436
28178	3	5	1422	8	0	1438
28179	5	2	1327	6	0	1340
28180	6	2	1401	3	0	1412
28181	2	16	8	1362	0	1388
28182	1354	0	0	8	0	1362
28183	5	2	1408	4	0	1419
28184	2	1	4	1399	0	1406
28185	1	1454	2	4	0	1461
28186	4	3	0	1384	0	1391
28187	4	1	1	1392	0	1398
28188	2	0	1442	7	0	1451
28189	0	0	3	1434	0	1437
28190	1486	1	6	4	0	1497
28191	7	0	1550	5	0	1562
28192	7	3	6	1548	0	1564
28193	3	4	1620	8	0	1635
28194	0	1625	9	11	0	1645
28195	6	8	1614	3	0	1631
28196	2	6	16	1518	0	1542
28197	2	2	8	1628	0	1640
28198	2	3	1710	14	0	1729
28199	3	2	9	1648	0	1662
28200	3	0	9	1622	0	1634
28201	2	1661	3	16	0	1682
28202	2	8	1650	8	0	1668
28203	2	8	10	1627	0	1647
28204	4	2	7	1647	0	1660
28205	2	1678	3	16	0	1699
28206	2	10	2	1688	0	1702
28207	1686	8	2	11	0	1707
28208	9	2	1	1692	0	1704
28209	10	4	1681	13	0	1708
28210	1620	3	10	13	0	1646
28211	1775	0	8	6	0	1789
28212	19	3	1807	4	0	1833
28213	1699	1	13	6	0	1719
28214	15	1816	17	2	0	1850
28215	12	10	5	1863	0	1890
28216	6	13	1	2132	0	2152
28217	2	6	4	2141	0	2153
28218	2	2	1	2159	0	2164
28219	3	1	4	2165	0	2173
28220	2132	2	4	39	0	2177
28221	21	2	2122	23	0	2168
28222	2017	1	20	11	0	2049
28223	23	3	2090	8	0	2124
28224	19	2	24	2070	0	2115
28225	2094	1	19	27	0	2141
28226	21	1	8	2056	0	2086
28227	17	2118	6	27	0	2168
28228	2162	19	5	25	0	2211
28229	26	17	3	2212	0	2258
28230	20	8	2138	27	0	2193
28231	2013	7	22	27	0	2069
28232	22	2261	17	11	0	2311
28233	20	21	2342	13	0	2396
28234	10	18	21	2312	0	2361
28235	11	9	22	2225	0	2267
28236	3	2298	14	39	0	2354
28237	10	26	2301	27	0	2364
28238	7	17	22	2292	0	2338
28239	2	12	2396	32	0	2442
28240	9	8	26	2369	0	2412
28241	5	6	18	2381	0	2410
28242	5	5	2402	46	0	2458
28243	10	1	24	2397	0	2432
28244	10	11	29	1996	0	2046
28245	6	3	9	2505	0	2523
28246	8	2	6	2517	0	2533
28247	2417	3	10	56	0	2486
28248	26	5	2427	37	0	2495
28249	2454	3	29	22	0	2508
28250	34	4	26	2605	0	2669
28251	32	4	12	2641	0	2689
28252	15	0	12	2600	0	2627
28253	6	2599	10	79	0	2694
28254	2600	31	10	39	0	2680
28255	33	27	4	2631	0	2695
28256	27	2722	7	47	0	2803
28257	10	32	12	2723	0	2777
28258	2735	26	6	54	0	2821
28259	2746	11	4	42	0	2803
28260	2738	6	11	25	0	2780
28261	58	2734	10	20	0	2822
28262	38	35	2794	18	0	2885
28263	2698	29	38	13	0	2778
28264	2817	6	28	18	0	2869
28265	57	2851	17	18	0	2943
28266	2845	35	9	18	0	2907
28267	2801	25	3	22	0	2851
28268	2853	11	5	15	0	2884
28269	68	2967	11	16	0	3062
28270	49	33	6	2894	0	2982
28271	2967	29	8	45	0	3049
28272	3008	8	6	36	0	3058
28273	2944	5	7	18	0	2974
28274	2959	4	1	18	0	2982
28275	65	5	7	2887	0	2964
28276	46	14	2875	40	0	2975
28277	21	2	39	2810	0	2872
28278	12	2889	31	50	0	2982
28279	11	31	9	2955	0	3006
28280	7	37	2957	50	0	3051
28281	2885	5	31	38	0	2959
28282	41	3	33	2990	0	3067
28283	2969	6	11	39	0	3025
28284	2998	8	8	45	0	3059
28285	63	4	9	3054	0	3130
28286	42	11	3060	41	0	3154
28287	29	7	2958	36	0	3030
28288	2735	8	53	18	0	2814
28289	39	2933	36	16	0	3024
28290	30	2903	13	12	0	2958
28291	15	2910	12	6	0	2943
28292	21	2988	9	11	0	3029
28293	2883	59	17	11	0	2970
28294	2879	27	5	15	0	2926
28295	2907	13	7	11	0	2938
28296	2924	7	6	12	0	2949
28297	62	5	4	2824	0	2895
28298	39	2796	3	36	0	2874
28299	2772	32	5	30	0	2839
28300	33	29	2791	15	0	2868
28301	32	2812	35	11	0	2890
28302	21	31	2821	12	0	2885
28303	2734	24	34	12	0	2804
28304	2811	16	25	10	0	2862
28305	2820	13	10	12	0	2855
28306	61	6	7	2837	0	2911
28307	38	14	2866	36	0	2954
28308	23	2873	31	32	0	2959
28309	2774	24	26	18	0	2842
28310	37	2840	12	10	0	2899
28311	30	2741	8	17	0	2796
28312	16	2706	9	10	0	2741
28313	16	2671	7	15	0	2709
28314	15	44	2506	14	0	2579
28315	17	2558	38	7	0	2620
28316	2274	23	14	8	0	2319
28317	24	19	8	2296	0	2347
28318	22	6	5	2315	0	2348
28319	2267	4	7	34	0	2312
28320	25	2269	7	19	0	2320
28321	25	18	2305	16	0	2364
28322	19	20	18	2306	0	2363
28323	16	7	13	2360	0	2396
28324	12	6	6	2403	0	2427
28325	15	8	2363	29	0	2415
28326	13	9	2355	21	0	2398
28327	13	9	27	2333	0	2382
28328	8	8	2325	22	0	2363
28329	7	13	2213	16	0	2249
28330	1739	8	37	10	0	1794
28331	23	2232	22	4	0	2281
28332	23	2173	4	7	0	2207
28333	13	2214	8	8	0	2243
28334	14	36	2	2102	0	2154
28335	13	2256	6	10	0	2285
28336	2310	21	3	20	0	2354
28337	25	20	2352	4	0	2401
28338	2350	4	20	7	0	2381
28339	24	5	18	2370	0	2417
28340	22	9	6	2342	0	2379
28341	9	2500	11	33	0	2553
28342	2491	26	8	20	0	2545
28343	2497	24	7	6	0	2534
28344	45	2731	7	7	0	2790
28345	24	28	2	2668	0	2722
28346	7	29	2688	24	0	2748
28347	14	12	2751	25	0	2802
28348	9	2784	43	10	0	2846
28349	2737	43	30	13	0	2823
28350	29	28	2767	6	0	2830
28351	26	6	24	2723	0	2779
28352	2790	5	26	23	0	2844
28353	2841	3	5	30	0	2879
28354	50	3672	5	9	0	3736
28355	28	3788	11	5	0	3832
28356	3767	79	3	13	0	3862
28357	54	46	3814	3	0	3917
28358	3826	6	52	7	0	3891
28359	3870	7	39	11	0	3927
28360	88	4	11	3847	0	3950
28361	46	10	3929	51	0	4036
28362	9	7	3859	42	0	3917
28363	3685	6	88	12	0	3791
28364	55	11	3905	5	0	3976
28365	3667	15	58	10	0	3750
28366	3837	4	45	9	0	3895
28367	86	3852	17	4	0	3959
28368	52	55	3857	8	0	3972
28369	13	3758	64	2	0	3837
28370	3650	56	53	7	0	3766
28371	54	49	3639	3	0	3745
28372	48	14	50	3464	0	3576
28373	22	6	3660	45	0	3733
28374	10	11	3651	39	0	3711
28375	20	6	3669	10	0	3705
28376	14	6	3670	6	0	3696
28377	13	3547	100	9	0	3669
28378	16	57	3579	7	0	3659
28379	19	3537	59	16	0	3631
28380	18	57	3495	7	0	3577
28381	3412	43	66	5	0	3526
28382	80	12	42	2916	0	3050
28383	49	3526	20	35	0	3630
28384	3472	57	22	41	0	3592
28385	3465	41	27	11	0	3544
28386	3343	11	23	10	0	3387
28387	3430	9	25	8	0	3472
28388	102	3427	27	8	0	3564
28389	3361	56	21	11	0	3449
28390	3413	54	29	9	0	3505
28391	101	3337	28	10	0	3476
28392	62	63	3247	10	0	3382
28393	29	60	71	3055	0	3215
28394	16	3318	71	54	0	3459
28395	16	67	3344	44	0	3471
28396	24	54	3384	13	0	3475
28397	27	3297	123	10	0	3457
28398	26	3329	74	12	0	3441
28399	21	3445	45	19	0	3530
28400	32	3466	37	8	0	3543
28401	3393	105	34	7	0	3539
28402	3442	73	30	6	0	3551
28403	125	34	3462	7	0	3628
28404	83	28	3533	7	0	3651
28405	51	20	110	3383	0	3564
28406	50	20	69	3440	0	3579
28407	46	27	29	3485	0	3587
28408	3407	23	29	100	0	3559
28409	92	3469	34	50	0	3645
28410	79	3589	39	13	0	3720
28411	41	3679	43	20	0	3783
28412	3587	111	32	12	0	3742
28413	3680	71	32	10	0	3793
28414	129	42	30	3579	0	3780
28415	3719	31	39	65	0	3854
28416	3741	37	38	55	0	3871
28417	137	40	37	3674	0	3888
28418	3709	39	46	68	0	3862
28419	102	3668	48	55	0	3873
28420	85	87	50	3645	0	3867
28421	49	82	3635	69	0	3835
28422	38	3620	109	61	0	3828
28423	49	99	3678	20	0	3846
28424	61	73	109	3315	0	3558
28425	49	3683	103	67	0	3902
28426	52	87	60	3657	0	3856
28427	51	75	65	3681	0	3872
28428	59	36	3669	124	0	3888
28429	56	33	3853	68	0	4010
28430	49	35	144	3772	0	4000
28431	53	45	89	3491	0	3678
28432	54	3814	55	116	0	4039
28433	3595	115	38	66	0	3814
28434	108	3756	53	26	0	3943
28435	99	3788	39	27	0	3953
28436	47	132	3600	30	0	3809
28437	44	3634	97	27	0	3802
28438	43	102	91	3194	0	3430
28439	46	3576	59	68	0	3749
28440	46	92	46	3322	0	3506
28441	32	3478	48	84	0	3642
28442	3379	98	37	52	0	3566
28443	84	3500	45	34	0	3663
28444	62	93	45	2921	0	3121
28445	41	3254	43	59	0	3397
28446	3183	87	41	49	0	3360
28447	3130	68	25	29	0	3252
28448	104	3152	26	33	0	3315
28449	3040	91	19	27	0	3177
28450	109	115	25	2870	0	3119
28451	65	43	2966	76	0	3150
28452	49	39	2995	49	0	3132
28453	36	2955	93	29	0	3113
28454	2029	38	48	20	0	2135
28455	1994	22	19	15	0	2050
28456	50	19	1999	27	0	2095
28457	23	12	1945	14	0	1994
28458	1771	17	36	14	0	1838
28459	1895	12	21	14	0	1942
28460	38	21	1880	15	0	1954
28461	1679	18	27	16	0	1740
28462	28	1790	20	12	0	1850
28463	16	1854	9	13	0	1892
28464	4	52	11	1798	0	1865
28465	8	21	19	1844	0	1892
28466	1804	14	9	40	0	1867
28467	1801	9	15	21	0	1846
28468	1790	14	11	13	0	1828
28469	37	12	8	1787	0	1844
28470	18	20	6	1752	0	1796
28471	10	1727	7	40	0	1784
28472	9	1769	9	18	0	1805
28473	10	1817	11	10	0	1848
28474	14	47	10	1645	0	1716
28475	11	1768	7	20	0	1806
28476	17	37	1675	15	0	1744
28477	1523	25	24	18	0	1590
28478	33	18	1732	6	0	1789
28479	18	17	1733	11	0	1779
28480	1589	16	39	10	0	1654
28481	27	1715	18	18	0	1778
28482	1733	34	5	14	0	1786
28483	1734	23	7	9	0	1773
28484	43	18	1760	7	0	1828
28485	30	12	1812	6	0	1860
28486	16	1820	33	19	0	1888
28487	18	31	1850	8	0	1907
28488	20	16	29	1815	0	1880
28489	18	18	15	1573	0	1624
28490	16	1829	13	30	0	1888
28491	14	1887	8	20	0	1929
28492	1864	44	9	10	0	1927
28493	1917	22	10	14	0	1963
28494	45	18	12	1911	0	1986
28495	26	8	16	1934	0	1984
28496	1864	9	14	36	0	1923
28497	1903	9	11	17	0	1940
28498	42	1951	11	10	0	2014
28499	1832	27	9	6	0	1874
28500	32	1788	9	4	0	1833
28501	17	1854	12	3	0	1886
28502	1824	41	10	9	0	1884
28503	1833	15	11	11	0	1870
28504	38	11	4	1793	0	1846
28505	1808	5	6	21	0	1840
28506	30	8	1783	11	0	1832
28507	21	1793	20	9	0	1843
28508	1738	23	12	15	0	1788
28509	21	13	1777	14	0	1825
28510	14	8	18	1588	0	1628
28511	8	1639	12	17	0	1676
28512	9	1713	4	7	0	1733
28513	1689	17	3	3	0	1712
28514	18	13	1660	6	0	1697
28515	1537	1	16	0	0	1554
28516	14	1	7	1606	0	1628
28517	12	2	1611	11	0	1636
28518	1546	0	12	10	0	1568
28519	12	1727	10	3	0	1752
28520	5	1766	4	2	0	1777
28521	1753	22	1	2	0	1778
28522	1736	7	1	3	0	1747
28523	1761	1	0	11	0	1773
28524	19	10	0	1707	0	1736
28525	14	0	1	1736	0	1751
28526	8	4	1722	12	0	1746
28527	5	0	1709	8	0	1722
28528	2	1718	15	12	0	1747
28529	1	8	3	1577	0	1589
28530	1552	3	0	5	0	1560
28531	5	1575	1	4	0	1585
28532	4	5	0	1577	0	1586
28533	1569	4	0	4	0	1577
28534	3	1565	0	3	0	1571
28535	3	1604	1	2	0	1610
28536	1	8	1522	3	0	1534
28537	1492	2	3	1	0	1498
28538	1579	6	3	1	0	1589
28539	5	5	1550	1	0	1561
28540	1424	0	4	2	0	1430
28541	4	4	1539	1	0	1548
28542	3	1512	4	1	0	1520
28543	2	7	1	1471	0	1481
28544	1444	2	2	5	0	1453
28545	1	1470	3	0	0	1474
28546	2	1481	5	1	0	1489
28547	1419	2	0	5	0	1426
28548	1	4	1501	0	0	1506
28549	1386	2	2	0	0	1390
28550	2	1532	1	2	0	1537
28551	2	5	1417	1	0	1425
28552	1390	2	1	0	0	1393
28553	1465	0	1	3	0	1469
28554	3	0	0	1423	0	1426
28555	3	1	0	1452	0	1456
28556	0	1431	0	5	0	1436
28557	2	4	1380	0	0	1386
28558	0	3	3	1403	0	1409
28559	2	5	1469	4	0	1480
28560	2	7	1471	4	0	1484
28561	1	1	8	1534	0	1544
28562	0	2	1631	9	0	1642
28563	2	4	1599	6	0	1611
28564	3	0	15	1498	0	1516
28565	0	2	1589	10	0	1601
28566	1365	2	10	8	0	1385
28567	7	1532	9	2	0	1550
28568	5	10	1572	1	0	1588
28569	1	7	1648	2	0	1658
28570	2	2	13	1537	0	1554
28571	1688	2	7	11	0	1708
28572	1695	2	1	6	0	1704
28573	1689	0	0	2	0	1691
28574	1685	1	1	2	0	1689
28575	15	0	1	1636	0	1652
28576	7	2	1712	10	0	1731
28577	1674	2	9	8	0	1693
28578	1740	1	7	0	0	1748
28579	1756	1	1	0	0	1758
28580	15	4	1689	1	0	1709
28581	1534	3	12	2	0	1551
28582	11	1	7	1753	0	1772
28583	7	1797	4	9	0	1817
28584	2	19	1	1688	0	1710
28585	0	1735	3	8	0	1746
28586	1678	12	4	7	0	1701
28587	10	9	1706	3	0	1728
28588	9	1	11	1622	0	1643
28589	3	1685	12	8	0	1708
28590	1	1727	3	10	0	1741
28591	1694	19	5	2	0	1720
28592	1686	9	3	1	0	1699
28593	19	4	1623	0	0	1646
28594	1593	1	12	2	0	1608
28595	13	1	13	1607	0	1634
28596	11	2	1698	11	0	1722
28597	4	4	1694	11	0	1713
28598	3	0	23	1691	0	1717
28599	1862	0	12	18	0	1892
28600	16	0	3	1853	0	1872
28601	12	0	1	1837	0	1850
28602	4	3	2	1809	0	1818
28603	3	1859	4	23	0	1889
28604	3	13	2	1884	0	1902
28605	1807	11	2	16	0	1836
28606	12	1855	1	11	0	1879
28607	16	16	1	1881	0	1914
28608	1853	14	1	17	0	1885
28609	16	1839	3	14	0	1872
28610	14	1857	4	5	0	1880
28611	4	29	2	1821	0	1856
28612	1758	16	1	21	0	1796
28613	20	7	1799	12	0	1838
28614	16	8	1768	3	0	1795
28615	1753	2	29	5	0	1789
28616	1862	2	21	3	0	1888
28617	34	2020	8	1	0	2063
28618	20	15	2	1889	0	1926
28619	8	16	1906	17	0	1947
28620	4	4	1898	10	0	1916
28621	4	3	2083	8	0	2098
28622	3	2062	38	3	0	2106
28623	3	2066	22	9	0	2100
28624	2060	32	4	8	0	2104
28625	24	21	2086	3	0	2134
28626	2036	5	21	4	0	2066
28627	2062	4	19	5	0	2090
28628	36	6	2138	11	0	2191
28629	19	2225	26	3	0	2273
28630	6	28	17	2156	0	2207
28631	9	19	2245	24	0	2297
28632	15	4	2169	17	0	2205
28633	2010	3	45	9	0	2067
28634	28	2218	24	6	0	2276
28635	25	28	1	2153	0	2207
28636	5	28	7	2061	0	2101
28637	7	2176	12	38	0	2233
28638	6	2234	8	27	0	2275
28639	8	2268	4	7	0	2287
28640	9	43	4	2301	0	2357
28641	2373	22	5	30	0	2430
28642	33	6	4	2403	0	2446
28643	27	6	2397	33	0	2463
28644	7	7	2416	30	0	2460
28645	11	9	58	2439	0	2517
28646	8	11	2460	39	0	2518
28647	6	2436	44	32	0	2518
28648	9	40	27	2539	0	2615
28649	2746	23	11	43	0	2823
28650	2734	9	8	31	0	2782
28651	72	2815	4	12	0	2903
28652	2848	48	6	8	0	2910
28653	2890	34	7	8	0	2939
28654	2916	9	6	8	0	2939
28655	81	12	2634	7	0	2734
28656	2700	9	44	7	0	2760
28657	52	2783	29	15	0	2879
28658	37	49	2794	8	0	2888
28659	18	38	2813	5	0	2874
28660	9	2778	81	11	0	2879
28661	2682	45	54	8	0	2789
28662	51	33	16	2547	0	2647
28663	32	2617	6	38	0	2693
28664	2634	46	8	28	0	2716
28665	45	31	13	2637	0	2726
28666	2684	14	14	45	0	2757
28667	49	6	7	2725	0	2787
28668	35	5	2681	48	0	2769
28669	10	13	2634	33	0	2690
28670	13	7	2655	15	0	2690
28671	14	6	77	2496	0	2593
28672	11	10	34	2638	0	2693
28673	13	8	2632	74	0	2727
28674	16	2633	52	38	0	2739
28675	2634	52	30	15	0	2731
28676	2635	27	13	9	0	2684
28677	72	2726	13	10	0	2821
28678	45	50	10	2707	0	2812
28679	19	36	2811	51	0	2917
28680	2656	13	57	37	0	2763
28681	58	11	2860	10	0	2939
28682	39	10	2745	10	0	2804
28683	21	8	2778	9	0	2816
28684	2591	15	78	4	0	2688
28685	51	15	2749	13	0	2828
28686	35	2659	61	11	0	2766
28687	20	2789	37	8	0	2854
28688	23	79	18	2663	0	2783
28689	17	32	17	2734	0	2800
28690	19	13	2743	73	0	2848
28691	2578	10	52	38	0	2678
28692	2762	12	40	15	0	2829
28693	85	6	16	2752	0	2859
28694	2742	13	15	52	0	2822
28695	56	2738	23	35	0	2852
28696	2696	48	16	19	0	2779
28697	56	2652	18	17	0	2743
28698	42	2643	11	15	0	2711
28699	2519	67	12	17	0	2615
28700	2541	33	13	16	0	2603
28701	2601	17	12	7	0	2637
28702	2625	18	13	7	0	2663
28703	81	12	2484	11	0	2588
28704	2437	15	59	11	0	2522
28705	64	10	36	2402	0	2512
28706	42	2495	20	51	0	2608
28707	2467	52	23	28	0	2570
28708	56	2498	19	13	0	2586
28709	2521	51	18	12	0	2602
28710	62	29	20	2474	0	2585
28711	44	19	11	2533	0	2607
28712	22	13	2482	75	0	2592
28713	19	20	2519	37	0	2595
28714	25	2504	66	18	0	2613
28715	2409	52	31	15	0	2507
28716	62	2408	14	9	0	2493
28717	35	2318	20	14	0	2387
28718	26	2387	19	11	0	2443
28719	27	77	2278	3	0	2385
28720	17	2310	53	11	0	2391
28721	2073	63	24	15	0	2175
28722	2090	34	9	6	0	2139
28723	74	19	8	2011	0	2112
28724	40	2027	14	39	0	2120
28725	22	2097	12	23	0	2154
28726	29	65	14	2019	0	2127
28727	22	29	2057	47	0	2155
28728	27	2003	50	26	0	2106
28729	29	53	23	1919	0	2024
28730	1914	24	17	48	0	2003
28731	1942	18	12	23	0	1995
28732	52	1972	17	15	0	2056
28733	1988	44	10	13	0	2055
28734	2012	24	21	12	0	2069
28735	69	19	14	1926	0	2028
28736	38	14	1912	50	0	2014
28737	19	1948	48	26	0	2041
28738	22	41	25	1933	0	2021
28739	14	37	1927	39	0	2017
28740	16	1859	44	24	0	1943
28741	1777	46	25	12	0	1860
28742	1822	27	13	8	0	1870
28743	52	17	8	1758	0	1835
28744	24	1780	15	35	0	1854
28745	18	35	1774	23	0	1850
28746	18	27	32	1770	0	1847
28747	12	20	1819	24	0	1875
28748	15	1626	28	16	0	1685
28749	13	33	12	1399	0	1457
28750	1388	13	5	26	0	1432
28751	28	1382	8	13	0	1431
28752	1361	21	6	7	0	1395
28753	1302	13	4	3	0	1322
28754	30	1343	4	8	0	1385
28755	20	24	0	1342	0	1386
28756	14	11	3	1337	0	1365
28757	9	1287	4	24	0	1324
28758	9	1330	5	10	0	1354
28759	13	28	4	1243	0	1288
28760	7	1294	7	22	0	1330
28761	1275	24	5	10	0	1314
28762	1278	14	7	4	0	1303
28763	30	9	1266	5	0	1310
28764	18	4	1246	6	0	1274
28765	1198	12	32	8	0	1250
28766	1300	5	8	3	0	1316
28767	24	1335	6	7	0	1372
28768	1337	20	7	8	0	1372
28769	1337	18	6	3	0	1364
28770	30	1324	4	4	0	1362
28771	1335	23	3	5	0	1366
28772	31	15	3	1502	0	1551
28773	13	9	1	1561	0	1584
28774	9	10	1648	29	0	1696
28775	8	1608	21	9	0	1646
28776	5	1642	12	6	0	1665
28777	1521	40	5	13	0	1579
28778	1485	15	1	15	0	1516
28779	1458	2	2	6	0	1468
28780	1493	1	4	2	0	1500
28781	28	4	1448	1	0	1481
28782	13	4	1472	2	0	1491
28783	5	1496	23	3	0	1527
28784	5	16	13	1460	0	1494
28785	3	10	2	1371	0	1386
28786	5	1487	2	20	0	1514
28787	6	23	1	1406	0	1436
28788	1388	9	2	16	0	1415
28789	14	1410	2	11	0	1437
28790	11	16	1452	4	0	1483
28791	3	1483	14	14	0	1514
28792	1481	17	12	3	0	1513
28793	16	11	1499	2	0	1528
28794	1459	3	14	4	0	1480
28795	1515	4	10	0	0	1529
28796	26	4	1499	0	0	1529
28797	20	3	1484	0	0	1507
28798	8	4	1477	0	0	1489
28799	1296	4	24	0	0	1324
28800	21	0	1488	2	0	1511
28801	11	1466	16	5	0	1498
28802	1455	13	11	4	0	1483
28803	14	11	1482	1	0	1508
28804	1358	4	16	1	0	1379
28805	14	6	1510	1	0	1531
28806	12	1	1556	3	0	1572
28807	5	1554	21	1	0	1581
28808	6	14	1548	8	0	1576
28809	5	9	1509	3	0	1526
28810	2	1362	26	2	0	1392
28811	1444	15	15	1	0	1475
28812	14	12	1529	0	0	1555
28813	16	4	15	1351	0	1386
28814	6	1554	14	9	0	1583
28815	1527	14	4	12	0	1557
28816	1539	10	6	8	0	1563
28817	24	3	1511	3	0	1541
28818	12	1464	19	2	0	1497
28819	4	1513	14	5	0	1536
28820	8	28	5	1438	0	1479
28821	10	1428	4	12	0	1454
28822	9	21	4	1291	0	1325
28823	14	12	1	1474	0	1501
28824	13	1510	6	27	0	1556
28825	11	16	11	1466	0	1504
28826	7	1504	10	15	0	1536
28827	7	23	1432	16	0	1478
28828	10	18	18	1443	0	1489
28829	10	13	16	1424	0	1463
28830	11	1452	8	25	0	1496
28831	12	1497	9	18	0	1536
28832	13	26	8	1352	0	1399
28833	5	1469	12	16	0	1502
28834	1414	21	12	13	0	1460
28835	21	19	6	1415	0	1461
28836	16	1435	12	16	0	1479
28837	1371	23	8	19	0	1421
28838	22	1394	9	7	0	1432
28839	17	24	1367	5	0	1413
28840	13	16	23	1360	0	1412
28841	1360	10	23	15	0	1408
28842	24	8	1396	13	0	1441
28843	20	7	28	1271	0	1326
28844	10	1358	25	16	0	1409
28845	18	19	1337	8	0	1382
28846	10	1386	32	2	0	1430
28847	1296	18	19	4	0	1337
28848	1356	11	20	3	0	1390
28849	24	1353	19	6	0	1402
28850	1358	19	17	3	0	1397
28851	21	18	1365	4	0	1408
28852	19	8	31	1300	0	1358
28853	7	30	26	1272	0	1335
28854	11	1378	15	19	0	1423
28855	1471	21	15	10	0	1517
28856	1506	15	14	10	0	1545
28857	26	12	1517	3	0	1558
28858	1505	10	22	4	0	1541
28859	1560	7	16	7	0	1590
28860	1562	8	18	3	0	1591
28861	24	8	12	1528	0	1572
28862	17	15	9	1512	0	1553
28863	10	1556	12	22	0	1600
28864	1523	17	9	13	0	1562
28865	1478	18	8	9	0	1513
28866	25	1515	4	12	0	1556
28867	16	20	5	1440	0	1481
28868	11	1476	2	16	0	1505
28869	8	1518	4	15	0	1545
28870	1452	28	11	7	0	1498
28871	12	19	1479	12	0	1522
28872	5	12	1279	2	0	1298
28873	3	1285	9	7	0	1304
28874	1104	8	19	0	0	1131
28875	1	4	1141	4	0	1150
28876	2	1057	0	7	0	1066
28877	1039	3	0	2	0	1044
28878	2	3	1015	5	0	1025
28879	3	4	0	979	0	986
28880	1065	1	2	2	0	1070
28881	1	1	1127	3	0	1132
28882	1	2	1196	3	0	1202
28883	2	2	1228	2	0	1234
28884	0	0	1242	1	0	1243
28885	1074	1	20	2	0	1097
28886	1267	0	2	1	0	1270
28887	3	1297	1	3	0	1304
28888	3	2	0	1327	0	1332
28889	1	3	0	1403	0	1407
28890	0	1369	1	7	0	1377
28891	0	4	1	1336	0	1341
28892	0	1398	3	4	0	1405
28893	1	1416	1	5	0	1423
28894	2	10	0	1395	0	1407
28895	3	7	1399	7	0	1416
28896	1	1422	7	5	0	1435
28897	0	6	5	1408	0	1419
28898	1430	5	1	6	0	1442
28899	5	1	1430	7	0	1443
28900	1376	0	6	2	0	1384
28901	1452	2	8	2	0	1464
28902	11	0	0	1494	0	1505
28903	7	1	1532	8	0	1548
28904	0	1	1577	10	0	1588
28905	1	1670	18	2	0	1691
28906	2	9	9	1615	0	1635
28907	2	9	1641	11	0	1663
28908	0	6	1658	8	0	1672
28909	3	1681	19	4	0	1707
28910	1666	10	16	1	0	1693
28911	1686	13	3	4	0	1706
28912	22	1	2	1772	0	1797
28913	12	4	1827	13	0	1856
28914	4	2	1843	16	0	1865
28915	4	1912	31	2	0	1949
28916	3	17	1934	1	0	1955
28917	2	16	1939	4	0	1961
28918	0	9	35	1744	0	1788
28919	0	2	1968	18	0	1988
28920	1799	4	19	15	0	1837
28921	19	10	18	1982	0	2029
28922	17	3	2043	18	0	2081
28923	3	2055	20	16	0	2094
28924	3	18	19	2029	0	2069
28925	6	19	2070	15	0	2110
28926	4	2118	20	18	0	2160
28927	2	20	19	2013	0	2054
28928	1	2144	5	20	0	2170
28929	2	20	5	2120	0	2147
28930	3	16	4	2129	0	2152
28931	2	6	2103	36	0	2147
28932	4	2118	23	19	0	2164
28933	5	23	17	2121	0	2166
28934	2	16	6	2116	0	2140
28935	5	5	11	2160	0	2181
28936	3	8	2120	39	0	2170
28937	2	2120	20	22	0	2164
28938	5	24	24	2097	0	2150
28939	2	18	2120	25	0	2165
28940	5	2099	25	24	0	2153
28941	4	25	24	2063	0	2116
28942	5	23	2145	29	0	2202
28943	4	2156	25	25	0	2210
28944	2	24	27	2086	0	2139
28945	5	25	9	2185	0	2224
28946	4	8	2146	42	0	2200
28947	1835	9	31	29	0	1904
28948	20	2183	29	13	0	2245
28949	2181	24	15	11	0	2231
28950	23	29	2204	13	0	2269
28951	2137	6	32	14	0	2189
28952	26	4	31	2126	0	2187
28953	20	12	14	2229	0	2275
28954	11	11	2225	39	0	2286
28955	1946	8	34	26	0	2014
28956	2054	6	23	21	0	2104
28957	35	2040	14	19	0	2108
28958	20	2117	17	10	0	2164
28959	2093	46	12	11	0	2162
28960	26	30	2108	10	0	2174
28961	20	2189	39	14	0	2262
28962	8	26	30	2222	0	2286
28963	3	26	15	2272	0	2316
28964	9	10	2278	47	0	2344
28965	2071	10	32	33	0	2146
28966	22	12	2334	20	0	2388
28967	2235	12	39	13	0	2299
28968	29	9	2414	17	0	2469
28969	29	2412	40	13	0	2494
28970	2464	33	37	11	0	2545
28971	2464	29	21	11	0	2525
28972	2435	12	14	15	0	2476
28973	2459	9	15	15	0	2498
28974	50	9	17	2416	0	2492
28975	34	13	2448	37	0	2532
28976	10	10	38	2357	0	2415
28977	11	2465	37	33	0	2546
28978	11	28	13	2459	0	2511
28979	10	27	2493	38	0	2568
28980	8	13	2494	33	0	2548
28981	8	10	49	2366	0	2433
28982	2330	10	36	36	0	2412
28983	2296	10	14	33	0	2353
28984	2319	9	16	19	0	2363
28985	51	12	2353	17	0	2433
28986	32	10	2354	18	0	2414
28987	16	2348	45	10	0	2419
28988	10	2333	35	17	0	2395
28989	2267	39	14	15	0	2335
28990	2249	30	14	10	0	2303
28991	35	2395	13	12	0	2455
28992	2331	26	16	12	0	2385
28993	2333	21	8	16	0	2378
28994	47	2360	15	10	0	2432
28995	2397	22	12	6	0	2437
28996	2362	33	10	11	0	2416
28997	46	2457	17	11	0	2531
28998	2457	23	15	10	0	2505
28999	2448	29	8	7	0	2492
29000	50	13	2482	10	0	2555
29001	37	9	2501	12	0	2559
29002	15	2425	40	10	0	2490
29003	18	2456	26	10	0	2510
29004	2369	38	25	15	0	2447
29005	2306	19	7	9	0	2341
29006	2263	8	11	7	0	2289
29007	29	2317	20	2	0	2368
29008	21	24	7	2295	0	2347
29009	9	19	2323	19	0	2370
29010	13	20	17	2234	0	2284
29011	19	2324	19	17	0	2379
29012	2249	11	4	13	0	2277
29013	15	2217	14	7	0	2253
29014	19	11	10	2114	0	2154
29015	2332	17	4	17	0	2370
29016	2322	10	4	12	0	2348
29017	30	3	2347	6	0	2386
29018	2280	7	14	4	0	2305
29019	2458	5	16	7	0	2486
29020	2478	4	7	4	0	2493
29021	29	6	6	2306	0	2347
29022	20	2402	2	11	0	2435
29023	17	15	2	2427	0	2461
29024	8	22	2474	13	0	2517
29025	10	2507	23	15	0	2555
29026	10	18	16	2394	0	2438
29027	11	23	2449	12	0	2495
29028	10	2450	20	18	0	2498
29029	12	21	18	2352	0	2403
29030	8	19	2459	10	0	2496
29031	1991	11	18	29	0	2049
29032	19	14	2481	5	0	2519
29033	28	4	2483	4	0	2519
29034	17	2532	30	4	0	2583
29035	14	17	23	2506	0	2560
29036	12	23	7	2330	0	2372
29037	12	2505	5	25	0	2547
29038	9	21	5	2460	0	2495
29039	2526	23	4	33	0	2586
29040	2534	5	3	20	0	2562
29041	33	8	2464	5	0	2510
29042	2385	7	13	9	0	2414
29043	2504	5	19	6	0	2534
29044	36	8	2549	6	0	2599
29045	24	2559	18	4	0	2605
29046	13	2578	23	2	0	2616
29047	15	36	5	2203	0	2259
29048	11	2526	14	7	0	2558
29049	12	20	2388	15	0	2435
29050	13	27	2457	4	0	2501
29051	15	2520	31	5	0	2571
29052	2490	18	24	5	0	2537
29053	2538	25	7	9	0	2579
29054	2579	7	8	8	0	2602
29055	2564	12	4	8	0	2588
29056	2473	15	3	8	0	2499
29057	34	2555	3	10	0	2602
29058	29	16	2504	9	0	2558
29059	13	23	17	2476	0	2529
29060	2452	7	19	17	0	2495
29061	22	2437	11	21	0	2491
29062	29	17	11	2384	0	2441
29063	15	19	2392	15	0	2441
29064	11	2346	17	15	0	2389
29065	10	2391	18	4	0	2423
29066	2260	39	11	11	0	2321
29067	16	2309	11	2	0	2338
29068	16	15	2	2216	0	2249
29069	2194	19	2	16	0	2231
29070	2187	2	3	14	0	2206
29071	2193	6	10	3	0	2212
29072	25	7	2163	4	0	2199
29073	18	2178	16	1	0	2213
29074	2231	13	12	4	0	2260
29075	19	12	6	2204	0	2241
29076	2234	5	4	17	0	2260
29077	18	2202	7	15	0	2242
29078	2340	16	4	6	0	2366
29079	2506	20	5	8	0	2539
29080	39	8	4	2467	0	2518
29081	28	8	2661	24	0	2721
29082	11	6	31	2691	0	2739
29083	2677	2	27	31	0	2737
29084	2676	1	8	31	0	2716
29085	56	2648	11	4	0	2719
29086	2561	34	4	6	0	2605
29087	45	2602	8	9	0	2664
29088	2604	32	2	7	0	2645
29089	2502	27	3	11	0	2543
29090	51	9	2598	7	0	2665
29091	27	2569	31	8	0	2635
29092	16	35	28	2547	0	2626
29093	6	30	6	2596	0	2638
29094	16	10	3	2450	0	2479
29095	7	2535	11	42	0	2595
29096	3	32	2487	26	0	2548
29097	10	25	2535	7	0	2577
29098	3	3148	57	7	0	3215
29099	3139	47	25	6	0	3217
29100	47	46	3120	6	0	3219
29101	3011	5	51	9	0	3076
29102	39	3066	45	8	0	3158
29103	43	51	3132	12	0	3238
29104	16	41	42	3071	0	3170
29105	15	15	3195	44	0	3269
29106	12	8	3232	42	0	3294
29107	21	9	81	2641	0	2752
29108	16	3138	42	30	0	3226
29109	13	3195	12	38	0	3258
29110	3181	77	9	9	0	3276
29111	55	46	3182	6	0	3289
29112	3110	9	48	6	0	3173
29113	3148	15	40	7	0	3210
29114	75	3207	13	8	0	3303
29115	3023	41	9	7	0	3080
29116	3009	41	7	7	0	3064
29117	2959	10	4	2	0	2975
29118	87	2905	5	8	0	3005
29119	42	2726	7	1	0	2776
29120	8	2827	5	20	0	2860
29121	2796	73	8	7	0	2884
29122	2797	39	5	6	0	2847
29123	80	7	2695	12	0	2794
29124	38	8	2639	2	0	2687
29125	2668	11	60	7	0	2746
29126	2739	6	33	6	0	2784
29127	2777	5	5	9	0	2796
29128	63	6	7	2748	0	2824
29129	39	8	7	2780	0	2834
29130	7	11	5	2824	0	2847
29131	13	7	7	2830	0	2857
29132	9	7	2727	65	0	2808
29133	13	7	2721	32	0	2773
29134	11	7	2715	7	0	2740
29135	12	10	2711	8	0	2741
29136	2593	7	60	6	0	2666
29137	38	2697	40	7	0	2782
29138	38	2770	10	7	0	2825
29139	2725	62	9	10	0	2806
29140	42	40	2743	4	0	2829
29141	38	11	2698	5	0	2752
29142	2654	5	66	11	0	2736
29143	2782	7	39	2	0	2830
29144	67	2768	10	4	0	2849
29145	42	37	7	2737	0	2823
29146	2786	39	8	36	0	2869
29147	2831	8	6	34	0	2879
29148	75	7	8	2704	0	2794
29149	44	2860	9	28	0	2941
29150	2861	37	8	34	0	2940
29151	41	40	2842	8	0	2931
29152	2785	5	37	8	0	2835
29153	43	2831	43	9	0	2926
29154	2867	35	9	12	0	2923
29155	2790	37	11	11	0	2849
29156	68	7	2851	8	0	2934
29157	40	6	2799	8	0	2853
29158	2760	6	75	8	0	2849
29159	2854	7	41	5	0	2907
29160	72	2905	10	4	0	2991
29161	44	41	9	2912	0	3006
29162	12	40	2926	37	0	3015
29163	2874	4	44	33	0	2955
29164	48	6	41	2938	0	3033
29165	50	9	11	2961	0	3031
29166	2951	7	8	65	0	3031
29167	43	3033	13	37	0	3126
29168	3082	39	8	7	0	3136
29169	3082	36	4	6	0	3128
29170	3122	10	3	10	0	3145
29171	74	3056	9	11	0	3150
29172	3134	43	8	8	0	3193
29173	54	36	10	3084	0	3184
29174	54	7	7	3092	0	3160
29175	42	6	3023	74	0	3145
29176	19	14	3044	40	0	3117
29177	15	3028	72	6	0	3121
29178	18	3048	33	8	0	3107
29179	18	57	2795	4	0	2874
29180	12	2862	31	9	0	2914
29181	2655	41	38	19	0	2753
29182	2704	28	3	3	0	2738
29183	2733	6	6	4	0	2749
29184	56	3	6	2639	0	2704
29185	33	10	9	2688	0	2740
29186	14	6	2720	47	0	2787
29187	7	2727	31	31	0	2796
29188	2684	27	28	6	0	2745
29189	32	2777	11	3	0	2823
29190	2732	30	6	2	0	2770
29191	2686	30	2	4	0	2722
29192	58	4	5	2656	0	2723
29193	34	6	7	2705	0	2752
29194	13	8	4	2747	0	2772
29195	16	5	2654	51	0	2726
29196	14	2645	25	36	0	2720
29197	11	2614	25	12	0	2662
29198	2	1970	6	6	0	1984
29199	5	1940	5	3	0	1953
29200	4	1994	5	7	0	2010
29201	1805	21	8	9	0	1843
29202	16	12	1918	2	0	1948
29203	12	1910	10	6	0	1938
29204	9	10	1851	1	0	1871
29205	8	1918	12	5	0	1943
29206	4	34	11	1382	0	1431
29207	3	6	1	1802	0	1812
29208	1	1865	6	21	0	1893
29209	1826	14	5	11	0	1856
29210	11	14	1822	2	0	1849
29211	10	1839	12	3	0	1864
29212	5	17	1823	1	0	1846
29213	4	13	11	1799	0	1827
29214	7	4	8	1705	0	1724
29215	7	1804	5	23	0	1839
29216	4	15	4	1813	0	1836
29217	4	10	4	1796	0	1814
29218	2	1794	6	16	0	1818
29219	2	18	1775	8	0	1803
29220	3	12	1765	6	0	1786
29221	1656	6	18	4	0	1684
29222	1805	8	6	4	0	1823
29223	23	2	4	1777	0	1806
29224	12	8	1786	11	0	1817
29225	5	5	14	1694	0	1718
29226	5	1809	14	11	0	1839
29227	4	19	1789	12	0	1824
29228	3	1767	16	9	0	1795
29229	4	15	1759	5	0	1783
29230	3	1780	13	10	0	1806
29231	1768	15	8	5	0	1796
29232	14	9	4	1752	0	1779
29233	9	4	9	1740	0	1762
29234	5	7	1753	19	0	1784
29235	7	2	1718	11	0	1738
29236	4	1746	19	7	0	1776
29237	1723	14	8	11	0	1756
29238	9	10	6	1707	0	1732
29239	8	5	1749	14	0	1776
29240	3	11	1683	6	0	1703
29241	1465	6	21	4	0	1496
29242	1558	7	9	5	0	1579
29243	23	5	1624	3	0	1655
29244	12	7	9	1527	0	1555
29245	6	1619	6	10	0	1641
29246	1615	10	8	12	0	1645
29247	9	1637	4	9	0	1659
29248	1579	9	8	4	0	1600
29249	8	1574	6	0	0	1588
29250	9	1590	4	4	0	1607
29251	7	13	6	1579	0	1605
29252	2	6	4	1588	0	1600
29253	3	1576	11	17	0	1607
29254	6	10	1549	7	0	1572
29255	7	9	1545	4	0	1565
29256	5	5	1545	2	0	1557
29257	1399	3	16	2	0	1420
29258	1516	6	6	5	0	1533
29259	11	1576	2	3	0	1592
29260	8	13	1559	2	0	1582
29261	3	7	11	1556	0	1577
29262	4	6	1662	9	0	1681
29263	3	11	1679	5	0	1698
29264	6	5	14	1875	0	1900
29265	4	3	6	2008	0	2021
29266	1	5	2175	30	0	2211
29267	2132	3	20	18	0	2173
29268	23	2380	19	4	0	2426
29269	13	2490	11	5	0	2519
29270	8	35	8	2396	0	2447
29271	2502	15	2	26	0	2545
29272	26	2575	10	17	0	2628
29273	2586	30	2	11	0	2629
29274	32	2625	3	5	0	2665
29275	2745	35	4	7	0	2791
29276	35	22	2758	10	0	2825
29277	34	12	2810	3	0	2859
29278	8	18	55	2707	0	2788
29279	13	9	2760	35	0	2817
29280	8	2666	42	21	0	2737
29281	9	2675	32	4	0	2720
29282	2665	52	13	8	0	2738
29283	34	29	12	2559	0	2634
29284	24	2717	9	35	0	2785
29285	2731	37	12	20	0	2800
29286	2706	34	8	5	0	2753
29287	2777	17	3	6	0	2803
29288	70	9	4	2712	0	2795
29289	33	9	8	2724	0	2774
29290	14	14	2711	58	0	2797
29291	16	7	2727	29	0	2779
29292	2633	4	54	12	0	2703
29293	43	7	29	2634	0	2713
29294	28	12	2655	46	0	2741
29295	2578	3	40	37	0	2658
29296	42	2710	36	12	0	2800
29297	2732	38	14	10	0	2794
29298	2740	25	7	14	0	2786
29299	2767	10	7	12	0	2796
29300	69	6	2684	6	0	2765
29301	2644	6	36	8	0	2694
29302	56	8	23	2475	0	2562
29303	38	2537	15	38	0	2628
29304	24	2710	13	22	0	2769
29305	2711	58	5	7	0	2781
29306	2720	29	9	9	0	2767
29307	2755	9	9	10	0	2783
29308	72	6	9	2653	0	2740
29309	37	12	7	2682	0	2738
29310	28	10	5	2509	0	2552
29311	25	2658	7	55	0	2745
29312	2615	37	4	31	0	2687
29313	2643	28	6	13	0	2690
29314	2684	12	8	17	0	2721
29315	77	13	2686	19	0	2795
29316	2743	11	39	10	0	2803
29317	65	13	28	2562	0	2668
29318	48	2705	10	43	0	2806
29319	2714	38	7	30	0	2789
29320	2659	34	12	14	0	2719
29321	75	20	2746	14	0	2855
29322	56	9	42	2622	0	2729
29323	26	2740	33	51	0	2850
29324	2801	47	13	32	0	2893
29325	65	25	18	2820	0	2928
29326	47	14	9	2792	0	2862
29327	25	6	14	2821	0	2866
29328	14	16	9	2892	0	2931
29329	22	20	2817	78	0	2937
29330	25	2827	43	46	0	2941
29331	22	47	32	2795	0	2896
29332	23	38	2855	57	0	2973
29333	2810	14	44	43	0	2911
29334	2892	12	35	29	0	2968
29335	74	15	18	2867	0	2974
29336	2902	18	9	55	0	2984
29337	2948	7	9	52	0	3016
29338	83	13	2956	25	0	3077
29339	52	2942	53	21	0	3068
29340	2952	51	34	17	0	3054
29341	64	32	17	2950	0	3063
29342	3022	13	20	53	0	3108
29343	71	12	14	2994	0	3091
29344	50	11	15	3026	0	3102
29345	26	13	2949	88	0	3076
29346	2709	14	47	48	0	2818
29347	61	2965	34	25	0	3085
29348	52	50	2963	23	0	3088
29349	34	2982	47	23	0	3086
29350	2926	48	40	26	0	3040
29351	69	32	24	2910	0	3035
29352	2920	17	13	55	0	3005
29353	63	2892	9	49	0	3013
29354	2953	47	16	29	0	3045
29355	2978	39	14	21	0	3052
29356	2978	17	13	24	0	3032
29357	2929	10	15	27	0	2981
29358	89	2906	20	20	0	3035
29359	2891	49	8	17	0	2965
29360	71	38	12	2805	0	2926
29361	61	17	10	2699	0	2787
29362	38	2600	13	70	0	2721
29363	36	2604	10	39	0	2689
29364	37	2475	14	14	0	2540
29365	2302	58	7	14	0	2381
29366	43	2153	10	17	0	2223
29367	46	1885	12	14	0	1957
29368	1841	45	12	22	0	1920
29369	1759	17	4	14	0	1794
29370	42	1757	11	21	0	1831
29371	1745	34	7	11	0	1797
29372	37	22	1669	10	0	1738
29373	1603	15	24	9	0	1651
29374	40	13	1666	8	0	1727
29375	24	1485	20	10	0	1539
29376	14	1526	13	20	0	1573
29377	21	58	13	1413	0	1505
29378	1483	13	10	17	0	1523
29379	1486	7	5	11	0	1509
29380	1510	4	3	7	0	1524
29381	1506	6	2	9	0	1523
29382	1451	6	6	7	0	1470
29383	25	10	1396	8	0	1439
29384	17	5	1353	6	0	1381
29385	1382	12	13	10	0	1417
29386	18	1437	7	11	0	1473
29387	1401	12	6	6	0	1425
29388	1443	10	2	6	0	1461
29389	1464	7	1	7	0	1479
29390	1469	4	3	6	0	1482
29391	1469	3	4	8	0	1484
29392	20	10	1439	5	0	1474
29393	1435	6	15	4	0	1460
29394	1466	10	6	6	0	1488
29395	22	9	1406	7	0	1444
29396	1357	7	9	12	0	1385
29397	1427	6	8	6	0	1447
29398	19	10	1482	5	0	1516
29399	13	7	1438	9	0	1467
29400	9	1497	15	5	0	1526
29401	14	10	13	1491	0	1528
29402	13	13	1523	8	0	1557
29403	1503	3	8	7	0	1521
29404	16	7	7	1601	0	1631
29405	22	8	1626	9	0	1665
29406	1597	4	11	9	0	1621
29407	1654	7	9	7	0	1677
29408	1665	8	5	4	0	1682
29409	20	1706	6	6	0	1738
29410	22	11	1	1643	0	1677
29411	15	1712	0	15	0	1742
29412	1724	10	3	13	0	1750
29413	1708	9	4	6	0	1727
29414	26	7	1689	2	0	1724
29415	11	1605	13	4	0	1633
29416	9	1597	7	0	0	1613
29417	11	14	5	1572	0	1602
29418	10	11	2	1584	0	1607
29419	1572	5	0	9	0	1586
29420	16	1576	4	7	0	1603
29421	9	1561	1	2	0	1573
29422	13	16	1523	3	0	1555
29423	10	1561	11	3	0	1585
29424	1517	9	12	4	0	1542
29425	14	9	1486	1	0	1510
29426	1302	7	9	7	0	1325
29427	11	7	1453	1	0	1472
29428	1306	0	8	6	0	1320
29429	10	1481	3	2	0	1496
29430	1524	9	3	1	0	1537
29431	14	4	1600	0	0	1618
29432	1565	2	12	1	0	1580
29433	1595	3	3	1	0	1602
29434	15	2	1641	2	0	1660
29435	1607	2	13	0	0	1622
29436	1670	1	2	0	0	1673
29437	1627	2	3	3	0	1635
29438	19	1538	3	0	0	1560
29439	1564	13	4	2	0	1583
29440	18	7	1630	0	0	1655
29441	6	1713	13	6	0	1738
29442	1704	9	10	2	0	1725
29443	1711	6	4	2	0	1723
29444	1721	3	1	2	0	1727
29445	24	1728	2	2	0	1756
29446	16	11	3	2008	0	2038
29447	7	14	2054	14	0	2089
29448	3	4	18	2048	0	2073
29449	3	4	2153	21	0	2181
29450	1956	3	23	15	0	1997
29451	24	2156	20	3	0	2203
29452	19	23	4	2084	0	2130
29453	4	2221	3	14	0	2242
29454	5	24	5	2204	0	2238
29455	4	18	2	2191	0	2215
29456	4	2291	5	42	0	2342
29457	7	25	3	2291	0	2326
29458	5	20	2	2363	0	2390
29459	6	2404	5	43	0	2458
29460	5	2479	8	22	0	2514
29461	3	52	6	2440	0	2501
29462	7	30	2456	30	0	2523
29463	10	2492	32	26	0	2560
29464	9	30	25	2443	0	2507
29465	11	30	2581	41	0	2663
29466	5	2602	34	24	0	2665
29467	2569	44	22	11	0	2646
29468	35	27	2565	10	0	2637
29469	2536	8	39	11	0	2594
29470	34	12	23	2549	0	2618
29471	32	9	5	2574	0	2620
29472	10	7	7	2606	0	2630
29473	6	12	2564	57	0	2639
29474	6	9	2549	31	0	2595
29475	2372	6	59	17	0	2454
29476	39	6	34	2505	0	2584
29477	31	11	2542	39	0	2623
29478	2483	3	41	30	0	2557
29479	45	9	31	2537	0	2622
29480	33	18	3	2570	0	2624
29481	13	3	10	2524	0	2550
29482	10	2580	14	63	0	2667
29483	13	44	6	2418	0	2481
29484	11	2529	8	42	0	2590
29485	7	2598	11	34	0	2650
29486	2516	59	8	14	0	2597
29487	2402	32	8	12	0	2454
29488	2495	12	8	16	0	2531
29489	61	2451	14	8	0	2534
29490	2451	42	5	19	0	2517
29491	2473	28	14	12	0	2527
29492	66	16	6	2422	0	2510
29493	37	11	2	2485	0	2535
29494	19	7	2456	65	0	2547
29495	11	2465	38	37	0	2551
29496	2426	45	29	17	0	2517
29497	2428	27	16	14	0	2485
29498	65	2411	17	6	0	2499
29499	2437	38	3	24	0	2502
29500	2423	30	14	19	0	2486
29501	74	10	10	2343	0	2437
29502	38	2387	7	38	0	2470
29503	16	2395	10	40	0	2461
29504	2307	59	10	19	0	2395
29505	45	36	9	2275	0	2365
29506	28	14	2252	50	0	2344
29507	2137	15	41	37	0	2230
29508	46	17	2317	19	0	2399
29509	36	2275	37	12	0	2360
29510	2265	41	30	10	0	2346
29511	44	39	2300	14	0	2397
29512	33	12	38	2325	0	2408
29513	10	13	2439	45	0	2507
29514	15	2448	39	37	0	2539
29515	13	39	33	2432	0	2517
29516	15	38	2434	39	0	2526
29517	2263	13	35	44	0	2355
29518	41	2492	30	18	0	2581
29519	34	42	12	2315	0	2403
29520	21	2499	14	34	0	2568
29521	2439	39	11	37	0	2526
29522	2420	38	9	26	0	2493
29523	61	2468	13	22	0	2564
29524	35	44	14	2380	0	2473
29525	10	2503	8	35	0	2556
29526	2435	44	12	35	0	2526
29527	52	39	2434	15	0	2540
29528	37	10	2431	14	0	2492
29529	10	2400	56	16	0	2482
29530	12	2432	34	12	0	2490
29531	13	62	11	2338	0	2424
29532	2334	35	10	38	0	2417
29533	2346	10	12	33	0	2401
29534	2292	10	10	11	0	2323
29535	55	2367	10	16	0	2448
29536	33	38	11	2251	0	2333
29537	17	2390	16	38	0	2461
29538	2415	31	12	28	0	2486
29539	42	27	7	2382	0	2458
29540	30	10	2314	35	0	2389
29541	16	2256	37	25	0	2334
29542	2226	30	27	12	0	2295
29543	35	31	2223	11	0	2300
29544	2133	10	28	16	0	2187
29545	33	2188	18	11	0	2250
29546	24	1891	2	18	0	1935
29547	1819	31	8	7	0	1865
29548	19	1871	6	7	0	1903
29549	1770	20	4	2	0	1796
29550	21	1796	3	4	0	1824
29551	1782	22	11	5	0	1820
29552	1803	14	2	7	0	1826
29553	26	6	1826	3	0	1861
29554	13	5	1774	2	0	1794
29555	3	1790	19	7	0	1819
29556	1740	18	11	3	0	1772
29557	17	13	1715	2	0	1747
29558	1594	3	13	1	0	1611
29559	18	2	3	1586	0	1609
29560	3	4	1619	10	0	1636
29561	4	6	1567	2	0	1579
29562	3	2	1674	1	0	1680
29563	5	1639	16	1	0	1661
29564	15	25	15	1551	0	1606
29565	1522	3	2	4	0	1531
29566	4	2	1	1539	0	1546
29567	1560	1	1	6	0	1568
29568	5	1	1	1554	0	1561
29569	1551	1	2	9	0	1563
29570	1550	4	2	5	0	1561
29571	1803	0	0	3	0	1806
29572	14	1862	3	1	0	1880
29573	7	13	1871	5	0	1896
29574	3	7	12	1859	0	1881
29575	19	20	12	1151	0	1202
29576	2	0	0	1936	0	1938
29577	2	3	1	1908	0	1914
29578	4	1847	1	21	0	1873
29579	2	15	1824	9	0	1850
29580	1	1856	16	1	0	1874
29581	4	20	8	1698	0	1730
29582	1	10	2	1845	0	1858
29583	1	2	3	1856	0	1862
29584	3	2	1	1826	0	1832
29585	3	1818	2	18	0	1841
29586	2	1840	5	10	0	1857
29587	6	24	1817	2	0	1849
29588	2	12	13	1809	0	1836
29589	4	2	8	1850	0	1864
29590	0	5	1	1893	0	1899
29591	1907	3	4	20	0	1934
29592	16	1911	2	15	0	1944
29593	11	14	1874	3	0	1902
29594	1862	11	15	3	0	1891
29595	13	2	10	1919	0	1944
29596	1977	2	2	19	0	2000
29597	17	2	2	2002	0	2023
29598	2032	5	3	12	0	2052
29599	15	3	5	2030	0	2053
29600	2007	2	3	17	0	2029
29601	19	3	2059	13	0	2094
29602	12	3	15	2007	0	2037
29603	9	2078	11	16	0	2114
29604	2	17	2	2102	0	2123
29605	2096	9	5	17	0	2127
29606	18	2095	7	11	0	2131
29607	11	20	2	2149	0	2182
29608	4	2156	2	17	0	2179
29609	4	23	2	2169	0	2198
29610	7	11	2	2179	0	2199
29611	4	6	2102	32	0	2144
29612	8	2	22	2053	0	2085
29613	4	3	1992	24	0	2023
29614	4	1960	21	15	0	2000
29615	1934	24	11	4	0	1973
29616	22	14	1948	11	0	1995
29617	1880	4	18	9	0	1911
29618	2025	2	11	5	0	2043
29619	28	3	4	2040	0	2075
29620	13	2	2135	27	0	2177
29621	2062	5	27	13	0	2107
29622	2259	4	14	6	0	2283
29623	34	3	6	2206	0	2249
29624	15	4	1	2240	0	2260
29625	5	2262	6	40	0	2313
29626	7	24	3	2211	0	2245
29627	5	2263	4	29	0	2301
29628	4	29	2222	15	0	2270
29629	6	8	23	2206	0	2243
29630	2144	3	14	27	0	2188
29631	2197	0	1	16	0	2214
29632	28	2197	4	5	0	2234
29633	12	23	2	2188	0	2225
29634	2201	10	1	28	0	2240
29635	19	2147	3	15	0	2184
29636	2158	22	3	12	0	2195
29637	28	10	2	2264	0	2304
29638	2351	4	1	29	0	2385
29639	26	7	2642	14	0	2689
29640	12	2646	27	6	0	2691
29641	2634	28	16	10	0	2688
29642	24	2742	8	10	0	2784
29643	2799	28	2	7	0	2836
29644	2843	18	5	12	0	2878
29645	45	6	2875	11	0	2937
29646	19	5	31	2821	0	2876
29647	2884	8	19	30	0	2941
29648	33	3	2916	21	0	2973
29649	2923	5	31	9	0	2968
29650	35	1	19	2929	0	2984
29651	23	6	2902	34	0	2965
29652	7	3	31	2864	0	2905
29653	2803	2	18	35	0	2858
29654	43	6	2895	18	0	2962
29655	19	2	29	2881	0	2931
29656	10	4	19	2925	0	2958
29657	2915	6	5	48	0	2974
29658	2887	1	3	26	0	2917
29659	44	2948	4	10	0	3006
29660	26	27	7	2892	0	2952
29661	10	20	4	2908	0	2942
29662	8	2	5	2875	0	2890
29663	2841	4	7	45	0	2897
29664	2860	7	8	26	0	2901
29665	56	7	1	2786	0	2850
29666	26	2792	5	36	0	2859
29667	9	35	6	2588	0	2638
29668	13	2786	6	39	0	2844
29669	2744	32	1	25	0	2802
29670	37	2700	11	8	0	2756
29671	2484	28	5	8	0	2525
29672	34	22	7	2434	0	2497
29673	2419	5	7	29	0	2460
29674	30	5	2436	19	0	2490
29675	18	2481	22	13	0	2534
29676	2431	20	16	8	0	2475
29677	2422	12	13	14	0	2461
29678	41	5	7	2333	0	2386
29679	22	2396	9	32	0	2459
29680	15	18	9	2461	0	2503
29681	11	14	5	2464	0	2494
29682	23	4	6	2453	0	2486
29683	2439	4	12	38	0	2493
29684	2442	10	4	23	0	2479
29685	45	6	3	2329	0	2383
29686	29	2438	8	20	0	2495
29687	2446	20	3	21	0	2490
29688	30	17	2450	16	0	2513
29689	20	9	24	2447	0	2500
29690	19	5	2445	41	0	2510
29691	12	13	26	2408	0	2459
29692	23	6	2415	31	0	2475
29693	23	11	23	2374	0	2431
29694	2402	10	17	41	0	2470
29695	2404	14	6	25	0	2449
29696	49	2332	5	16	0	2402
29697	2369	30	11	15	0	2425
29698	43	21	5	2322	0	2391
29699	28	9	9	2348	0	2394
29700	2360	8	10	45	0	2423
29701	40	13	2312	28	0	2393
29702	33	16	2298	14	0	2361
29703	22	16	2302	12	0	2352
29704	2181	11	31	16	0	2239
29705	35	12	2336	19	0	2402
29706	30	14	2262	16	0	2322
29707	2171	7	26	23	0	2227
29708	35	2251	20	20	0	2326
29709	27	17	9	2252	0	2305
29710	16	14	8	2271	0	2309
29711	14	12	2268	38	0	2332
29712	2242	7	22	24	0	2295
29713	2311	12	19	16	0	2358
29714	2179	11	10	22	0	2222
29715	32	11	2307	15	0	2365
29716	2197	4	15	26	0	2242
29717	30	10	2232	15	0	2287
29718	26	2193	18	21	0	2258
29719	19	2216	19	15	0	2269
29720	2089	28	15	17	0	2149
29721	20	2061	11	16	0	2108
29722	32	2064	4	18	0	2118
29723	2042	23	6	17	0	2088
29724	19	2038	6	17	0	2080
29725	2011	14	8	15	0	2048
29726	24	14	7	2008	0	2053
29727	27	7	7	2022	0	2063
29728	13	4	12	2053	0	2082
29729	15	11	6	1997	0	2029
29730	17	2027	17	24	0	2085
29731	2009	18	11	21	0	2059
29732	28	2245	10	13	0	2296
29733	24	2271	12	13	0	2320
29734	10	40	2374	14	0	2438
29735	2264	20	25	15	0	2324
29736	26	6	2491	21	0	2544
29737	30	9	2548	15	0	2602
29738	15	2519	49	7	0	2590
29739	6	2424	19	5	0	2454
29740	2401	37	14	9	0	2461
29741	23	2593	10	3	0	2629
29742	16	32	2636	3	0	2687
29743	5	2345	36	2	0	2388
29744	2	26	2590	3	0	2621
29745	1	22	2504	0	0	2527
29746	2389	2	52	2	0	2445
29747	28	4	2534	0	0	2566
29748	21	1	31	2384	0	2437
29749	2343	0	22	30	0	2395
29750	26	2365	6	22	0	2419
29751	17	28	2426	1	0	2472
29752	2404	17	29	3	0	2453
29753	30	5	19	2201	0	2255
29754	20	2121	6	24	0	2171
29755	2	27	2323	15	0	2367
29756	2250	17	28	5	0	2300
29757	29	2	2347	1	0	2379
29758	18	1	30	2277	0	2326
29759	4	4	2308	27	0	2343
29760	2	0	30	2285	0	2317
29761	2245	1	20	30	0	2296
29762	26	2296	7	20	0	2349
29763	2317	27	3	3	0	2350
29764	30	21	2312	2	0	2365
29765	21	2	28	2270	0	2321
29766	5	6	2369	30	0	2410
29767	2305	2	34	22	0	2363
29768	2342	1	25	4	0	2372
29769	56	2387	5	4	0	2452
29770	2418	34	4	1	0	2457
29771	2408	21	4	2	0	2435
29772	59	4	1	2326	0	2390
29773	26	8	2379	33	0	2446
29774	8	2262	36	22	0	2328
29775	11	33	22	2226	0	2292
29776	2278	24	6	38	0	2346
29777	35	8	2311	23	0	2377
29778	23	7	2315	3	0	2348
29779	5	8	2281	5	0	2299
29780	2202	1	60	4	0	2267
29781	39	8	2274	1	0	2322
29782	2223	3	46	3	0	2275
29783	40	2	2088	4	0	2134
29784	29	2242	42	1	0	2314
29785	9	39	26	2206	0	2280
29786	11	25	2220	36	0	2292
29787	3	2183	43	24	0	2253
29788	6	2216	28	6	0	2256
29789	6	59	10	2170	0	2245
29790	2189	28	7	38	0	2262
29791	37	11	8	2206	0	2262
29792	2179	6	4	36	0	2225
29793	41	5	9	2187	0	2242
29794	30	8	2160	40	0	2238
29795	10	4	2177	29	0	2220
29796	2101	5	60	7	0	2173
29797	2124	4	35	6	0	2169
29798	61	3	2101	7	0	2172
29799	2022	7	49	4	0	2082
29800	46	10	2065	4	0	2125
29801	33	1969	50	4	0	2056
29802	9	1986	44	4	0	2043
29803	15	2016	13	1	0	2045
29804	11	68	16	1915	0	2010
29805	1934	31	14	41	0	2020
29806	1948	14	16	24	0	2002
29807	69	11	12	1912	0	2004
29808	32	14	1864	41	0	1951
29809	17	5	49	1865	0	1936
29810	20	9	1864	41	0	1934
29811	12	8	52	1837	0	1909
29812	1815	5	38	46	0	1904
29813	1838	6	12	36	0	1892
29814	1848	7	16	12	0	1883
29815	1848	6	19	12	0	1885
29816	71	5	16	1768	0	1860
29817	41	4	10	1806	0	1861
29818	1790	4	18	62	0	1874
29819	1819	8	13	30	0	1870
29820	72	6	17	1772	0	1867
29821	36	7	9	1794	0	1846
29822	21	8	10	1766	0	1805
29823	11	6	15	1782	0	1814
29824	1722	7	13	65	0	1807
29825	42	10	1712	43	0	1807
29826	34	5	45	1690	0	1774
29827	1691	6	31	44	0	1772
29828	49	5	1677	29	0	1760
29829	34	6	47	1669	0	1756
29830	23	6	1678	45	0	1752
29831	19	1617	50	27	0	1713
29832	27	32	27	1391	0	1477
29833	1300	16	13	35	0	1364
29834	38	13	10	1182	0	1243
29835	27	1155	10	30	0	1222
29836	17	1084	5	19	0	1125
29837	12	843	9	7	0	871
29838	9	784	18	6	0	817
29839	445	56	36	25	0	562
29840	18	28	11	305	0	362
29841	2	3	168	8	0	181
29842	2	2	7	147	0	158
29843	5	1	142	7	0	155
29844	144	0	7	6	0	157
29845	8	0	4	143	0	155
29846	2	0	3	152	0	157
29847	1	0	5	150	0	156
29848	3	0	2	151	0	156
29849	145	0	0	12	0	157
29850	151	0	1	5	0	157
29851	11	0	0	145	0	156
29852	149	0	1	8	0	158
29853	11	1	142	3	0	157
29854	4	141	6	4	0	155
29855	1	5	4	138	0	148
29856	4	4	1	134	0	143
29857	1	135	2	7	0	145
29858	0	8	1	120	0	129
29859	0	5	0	128	0	133
29860	121	0	0	8	0	129
29861	7	0	111	4	0	122
29862	3	0	111	3	0	117
29863	104	0	10	1	0	115
29864	8	1	107	1	0	117
29865	41	6	8	0	0	55
29866	45	0	1	0	0	46
29867	3	0	0	39	0	42
29868	0	0	27	1	0	28
29869	11	1	1	0	0	13
29870	1	12	0	1	0	14
29871	9	2	0	0	0	11
29872	9	0	0	0	0	9
29873	4	0	0	0	0	4
29874	1	0	0	0	0	1
29875	1	0	0	0	0	1
29876	1	0	0	0	0	1
29877	1	0	0	0	0	1
29878	1	0	0	0	0	1
29879	1	0	0	0	0	1
29880	1	0	0	0	0	1
29881	1	0	0	0	0	1
29882	1	0	0	0	0	1
29883	1	0	0	0	0	1
29884	1	0	0	0	0	1
29885	1	0	0	0	0	1
29886	1	0	0	0	0	1
29887	1	0	0	0	0	1
29888	1	0	0	0	0	1
29889	1	0	0	0	0	1
29890	1	0	0	0	0	1
29891	1	0	0	0	0	1
29892	1	0	0	0	0	1
29893	1	0	0	0	0	1
29894	1	0	0	0	0	1
29895	1	0	0	0	0	1
29896	1	0	0	0	0	1
29897	0	0	0	1	0	1
29898	1	0	0	0	0	1
29899	0	0	0	0	0	0
29900	1	0	0	0	0	1
29901	1	0	0	0	0	1
29902	1	0	0	0	0	1
29903	1	0	0	0	0	1
