Pos	A	C	G	T	Other	Total
1	1	0	0	0	0	1
2	0	0	0	1	0	1
3	0	0	0	1	0	1
4	1	0	0	0	0	1
5	1	0	0	0	0	1
6	1	0	0	0	0	1
7	0	0	1	0	0	1
8	0	0	1	0	0	1
9	0	0	0	1	0	1
10	0	0	0	1	0	1
11	0	0	0	1	0	1
12	2	0	0	0	0	2
13	0	0	0	5	0	5
14	11	0	0	0	0	11
15	0	16	0	0	0	16
16	0	45	0	0	0	45
17	0	0	0	139	0	139
18	0	0	0	149	0	149
19	0	204	0	0	0	204
20	0	224	0	1	0	225
21	0	255	0	0	0	255
22	265	0	0	0	0	265
23	0	0	269	0	0	269
24	0	0	253	0	0	253
25	0	0	1	271	0	272
26	293	0	0	0	0	293
27	288	0	0	3	0	291
28	0	291	0	0	0	291
29	332	0	1	1	0	334
30	343	0	0	4	0	347
31	355	0	0	0	0	355
32	0	367	0	0	0	367
33	0	375	0	0	0	375
34	381	0	0	3	0	384
35	385	0	0	2	0	387
36	0	386	0	2	0	388
37	0	414	0	1	0	415
38	421	0	0	1	0	422
39	414	0	0	0	0	414
40	0	417	0	0	0	417
41	0	0	0	427	0	427
42	0	0	0	432	0	432
43	0	0	0	435	0	435
44	0	428	1	1	0	430
45	0	0	427	0	0	427
46	403	0	1	0	0	404
47	1	0	0	440	0	441
48	0	446	0	0	0	446
49	0	0	0	448	0	448
50	0	449	0	0	0	449
51	2	0	0	454	0	456
52	0	0	0	462	0	462
53	0	0	459	0	0	459
54	2	0	0	452	0	454
55	457	0	0	1	0	458
56	0	0	453	0	0	453
57	442	0	0	1	0	443
58	1	0	0	465	0	466
59	0	464	0	0	0	464
60	0	0	0	467	0	467
61	1	0	471	0	0	472
62	0	0	0	462	0	462
63	0	0	0	470	0	470
64	0	481	0	0	0	481
65	1	1	0	483	0	485
66	1	478	1	0	0	480
67	0	0	0	486	0	486
68	482	0	0	4	0	486
69	481	0	0	2	0	483
70	484	0	0	2	0	486
71	5	483	1	1	0	490
72	0	2	478	0	0	480
73	468	0	2	1	0	471
74	497	0	0	1	0	498
75	2	502	3	0	0	507
76	0	2	0	408	0	410
77	0	0	0	417	0	417
78	0	0	0	370	0	370
79	375	0	0	6	0	381
80	370	0	0	2	0	372
81	369	0	0	0	0	369
82	376	0	0	2	0	378
83	4	0	0	366	0	370
84	1	368	0	4	0	373
85	0	4	0	378	0	382
86	0	0	381	4	0	385
87	1	0	4	383	0	388
88	0	0	400	5	0	405
89	1	0	5	395	0	401
90	0	1	406	5	0	412
91	0	0	398	0	0	398
92	0	415	7	0	0	422
93	0	5	0	426	0	431
94	0	0	436	5	0	441
95	1	0	5	436	0	442
96	0	439	2	6	0	447
97	444	6	0	0	0	450
98	6	461	0	0	0	467
99	1	6	0	456	0	463
100	0	460	0	6	0	466
101	0	7	453	1	0	461
102	0	0	455	1	0	456
103	0	459	7	1	0	467
104	1	6	0	467	0	474
105	0	0	467	6	0	473
106	0	459	6	0	0	465
107	460	6	0	2	0	468
108	7	0	0	461	0	468
109	0	0	481	7	0	488
110	0	480	7	0	0	487
111	0	6	0	493	0	499
112	2	0	0	484	0	486
113	471	0	0	9	0	480
114	5	0	484	0	0	489
115	0	0	6	474	0	480
116	0	0	468	6	0	474
117	1	427	5	0	0	433
118	412	6	0	2	0	420
119	5	402	0	0	0	407
120	1	6	0	395	0	402
121	0	384	0	6	0	390
122	381	6	0	0	0	387
123	7	372	0	0	0	379
124	0	7	375	0	0	382
125	0	388	5	0	0	393
126	384	7	0	0	0	391
127	7	0	388	0	0	395
128	0	0	8	390	0	398
129	385	0	1	8	0	394
130	6	0	0	377	0	383
131	374	0	0	7	0	381
132	375	0	1	1	0	377
133	8	0	0	362	0	370
134	1	0	1	372	0	374
135	367	0	0	8	0	375
136	371	1	0	0	0	372
137	8	0	0	359	0	367
138	356	0	0	10	0	366
139	360	0	0	1	0	361
140	6	361	1	0	0	368
141	1	6	0	371	0	378
142	372	0	0	12	0	384
143	386	0	0	1	0	387
144	7	0	0	374	0	381
145	1	0	0	377	0	378
146	377	0	0	8	0	385
147	7	384	0	0	0	391
148	1	7	0	372	0	380
149	0	0	374	7	0	381
150	0	0	7	361	0	368
151	0	373	1	6	0	380
152	0	8	368	0	0	376
153	3	1	6	369	0	379
154	2	1	0	359	0	362
155	0	0	374	7	0	381
156	348	0	5	1	0	354
157	8	382	0	1	0	391
158	384	7	0	5	0	396
159	7	1	385	0	0	393
160	1	1	394	0	0	396
161	362	0	8	2	0	372
162	7	403	1	0	0	411
163	392	7	0	1	0	400
164	6	401	1	0	0	408
165	0	7	390	1	0	398
166	373	1	7	2	0	383
167	7	0	394	0	0	401
168	1	0	5	390	0	396
169	390	0	0	7	0	397
170	393	0	0	2	0	395
171	3	395	1	0	0	399
172	0	9	0	385	0	394
173	0	391	0	4	0	395
174	0	4	384	0	0	388
175	1	2	4	355	0	362
176	0	356	0	3	0	359
177	0	3	1	343	0	347
178	321	0	0	6	0	327
179	4	0	0	333	0	337
180	0	333	0	3	0	336
181	0	3	0	335	0	338
182	0	2	0	334	0	336
183	0	333	0	1	0	334
184	1	4	0	330	0	335
185	1	0	325	3	0	329
186	0	312	3	0	0	315
187	287	2	0	3	0	292
188	2	0	286	0	0	288
189	0	0	280	1	0	281
190	0	283	1	0	0	284
191	2	2	3	275	0	282
192	0	0	271	1	0	272
193	0	233	1	0	0	234
194	1	1	0	241	0	243
195	0	0	0	245	0	245
196	236	0	0	2	0	238
197	1	237	0	0	0	238
198	0	1	230	0	0	231
199	0	0	233	0	0	233
200	0	0	1	229	0	230
201	1	0	0	250	0	251
202	0	0	0	261	0	261
203	0	316	0	6	0	322
204	0	4	325	2	0	331
205	0	2	4	346	0	352
206	0	356	2	8	0	366
207	0	378	0	2	0	380
208	0	11	387	0	0	398
209	1	2	10	374	0	387
210	0	0	398	9	0	407
211	2	0	12	395	0	409
212	3	0	3	417	0	423
213	0	0	403	16	0	419
214	0	397	14	4	0	415
215	400	13	3	4	0	420
216	13	4	413	1	0	431
217	3	410	12	0	0	425
218	1	420	3	0	0	424
219	0	17	394	1	0	412
220	384	4	13	6	0	407
221	13	2	3	372	0	390
222	3	401	3	10	0	417
223	400	12	0	3	0	415
224	12	4	0	383	0	399
225	3	386	1	11	0	401
226	384	10	2	4	0	400
227	12	4	379	3	0	398
228	3	376	12	2	0	393
229	366	13	4	3	0	386
230	12	372	3	3	0	390
231	369	12	1	5	0	387
232	14	5	2	361	0	382
233	4	369	0	13	0	386
234	4	13	2	369	0	388
235	367	3	4	14	0	388
236	12	4	362	5	0	383
237	4	2	373	2	0	381
238	3	0	17	361	0	381
239	4	1	6	363	0	374
240	0	3	2	370	0	375
241	3	353	1	17	0	374
242	4	12	354	5	0	375
243	0	5	14	335	0	354
244	1	348	4	11	0	364
245	2	368	3	5	0	378
246	1	14	366	3	0	384
247	3	7	366	0	0	376
248	2	4	372	0	0	378
249	3	3	16	362	0	384
250	2	1	372	15	0	390
251	1	3	14	351	0	369
252	1	6	354	14	0	375
253	347	0	15	5	0	367
254	15	360	6	3	0	384
255	4	389	4	1	0	398
256	2	17	393	2	0	414
257	382	6	15	3	0	406
258	402	1	2	4	0	409
259	397	3	4	3	0	407
260	19	5	374	2	0	400
261	6	0	389	1	0	396
262	3	2	18	372	0	395
263	371	3	6	15	0	395
264	381	3	6	5	0	395
265	18	1	366	5	0	390
266	372	3	17	4	0	396
267	19	3	5	362	0	389
268	3	2	374	17	0	396
269	5	1	378	6	0	390
270	354	0	22	7	0	383
271	16	2	371	3	0	392
272	367	2	19	4	0	392
273	16	3	358	3	0	380
274	4	354	23	2	0	383
275	4	375	8	2	0	389
276	4	18	6	364	0	392
277	7	6	2	383	0	398
278	6	3	372	19	0	400
279	4	3	22	359	0	388
280	3	348	10	17	0	378
281	4	368	5	10	0	387
282	6	385	5	3	0	399
283	7	21	5	370	0	403
284	7	6	372	15	0	400
285	6	3	394	5	0	408
286	5	4	21	373	0	403
287	3	5	11	380	0	399
288	7	3	7	363	0	380
289	6	372	4	20	0	402
290	370	15	6	8	0	399
291	385	6	2	3	0	396
292	23	374	4	3	0	404
293	7	18	381	3	0	409
294	384	10	16	4	0	414
295	19	3	386	4	0	412
296	380	2	19	6	0	407
297	387	4	11	1	0	403
298	391	3	5	4	0	403
299	384	4	4	5	0	397
300	20	377	2	9	0	408
301	332	19	3	7	0	361
302	15	340	2	6	0	363
303	265	13	4	6	0	288
304	15	252	6	3	0	276
305	1	8	226	5	0	240
306	3	27	11	181	0	222
307	1	203	4	13	0	221
308	4	185	3	6	0	198
309	168	6	6	6	0	186
310	153	1	3	4	0	161
311	7	151	0	1	0	159
312	3	3	2	142	0	150
313	0	159	5	1	0	165
314	161	3	2	1	0	167
315	7	0	158	1	0	166
316	2	1	4	155	0	162
317	4	1	3	152	0	160
318	4	0	2	155	0	161
319	3	3	155	2	0	163
320	2	154	3	0	0	159
321	4	157	3	0	0	164
322	5	4	0	158	0	167
323	2	1	161	2	0	166
324	4	2	2	155	0	163
325	2	3	2	154	0	161
326	3	4	0	156	0	163
327	3	4	2	158	0	167
328	152	3	1	7	0	163
329	4	157	3	3	0	167
330	158	3	2	1	0	164
331	4	2	156	2	0	164
332	0	4	159	3	0	166
333	3	1	3	151	0	158
334	2	3	0	149	0	154
335	2	158	3	2	0	165
336	2	3	161	3	0	169
337	3	159	3	2	0	167
338	3	2	162	2	0	169
339	151	1	3	3	0	158
340	2	156	4	4	0	166
341	2	6	157	1	0	166
342	4	1	2	154	0	161
343	3	0	162	3	0	168
344	2	158	4	3	0	167
345	0	5	2	155	0	162
346	1	155	0	8	0	164
347	0	5	160	1	0	166
348	4	1	3	157	0	165
349	155	6	0	2	0	163
350	4	150	3	3	0	160
351	2	2	158	2	0	164
352	1	6	3	149	0	159
353	1	2	154	4	0	161
354	4	1	132	2	0	139
355	1	122	3	1	0	127
356	1	0	0	101	0	102
357	0	1	0	100	0	101
358	1	0	0	99	0	100
359	0	0	106	0	0	106
360	0	0	103	0	0	103
361	95	0	0	1	0	96
362	0	0	106	0	0	106
363	95	0	0	0	0	95
364	0	97	0	0	0	97
365	0	0	0	96	0	96
366	0	100	0	0	0	100
367	0	107	0	0	0	107
368	0	0	105	0	0	105
369	0	0	0	102	0	102
370	0	0	104	0	0	104
371	0	0	96	0	0	96
372	91	0	0	0	0	91
373	0	0	99	0	0	99
374	0	0	95	0	0	95
375	95	0	0	0	0	95
376	0	1	94	0	0	95
377	0	0	90	0	0	90
378	0	0	0	90	0	90
379	0	92	1	0	0	93
380	0	0	0	93	0	93
381	1	0	0	92	0	93
382	92	0	0	1	0	93
383	0	0	0	93	0	93
384	0	96	1	0	0	97
385	94	0	0	1	0	95
386	0	0	92	0	0	92
387	88	0	0	0	0	88
388	0	0	95	0	0	95
389	0	1	100	0	0	101
390	0	107	0	0	0	107
391	107	0	1	1	0	109
392	0	105	0	0	0	105
393	1	0	99	0	0	100
394	1	1	0	96	0	98
395	0	106	1	0	0	107
396	109	0	0	1	0	110
397	110	1	0	0	0	111
398	1	112	0	0	0	113
399	117	0	0	0	0	117
400	1	1	0	116	0	118
401	1	120	0	0	0	121
402	0	0	0	121	0	121
403	0	1	0	127	0	128
404	131	0	0	1	0	132
405	132	0	0	1	0	133
406	131	0	0	0	0	131
407	1	0	129	0	0	130
408	127	0	0	0	0	127
409	1	0	1	130	0	132
410	1	0	132	0	0	133
411	0	0	125	1	0	126
412	0	126	1	0	0	127
413	113	0	3	0	0	116
414	0	117	0	0	0	117
415	1	0	0	120	0	121
416	1	1	0	116	0	118
417	0	0	119	1	0	120
418	0	2	0	103	0	105
419	0	0	119	0	0	119
420	0	0	118	1	0	119
421	0	122	1	0	0	123
422	1	0	1	120	0	122
423	0	1	0	120	0	121
424	121	0	0	1	0	122
425	0	0	121	1	0	122
426	1	0	0	122	0	123
427	123	0	1	0	0	124
428	0	1	120	1	0	122
429	124	0	0	0	0	124
430	122	0	1	0	0	123
431	1	0	128	0	0	129
432	1	0	0	124	0	125
433	0	0	1	128	0	129
434	0	0	137	1	0	138
435	130	0	0	1	0	131
436	138	0	1	0	0	139
437	137	0	0	0	0	137
438	141	0	0	0	0	141
439	137	0	0	1	0	138
440	1	0	130	0	0	131
441	1	0	141	0	0	142
442	0	140	0	0	0	140
443	0	0	142	0	0	142
444	1	1	0	137	0	139
445	1	0	1	103	0	105
446	0	0	0	141	0	141
447	0	0	0	144	0	144
448	0	0	144	1	0	145
449	0	140	0	1	0	141
450	0	145	1	0	0	146
451	0	1	0	138	0	139
452	0	144	0	1	0	145
453	145	0	0	1	0	146
454	146	1	0	0	0	147
455	1	152	0	0	0	153
456	2	0	0	147	0	149
457	1	1	0	151	0	153
458	0	0	152	1	0	153
459	142	1	0	1	0	144
460	149	0	1	0	0	150
461	1	152	0	1	0	154
462	159	1	0	0	0	160
463	0	1	160	1	0	162
464	1	159	0	1	0	161
465	1	171	1	0	0	173
466	1	173	0	0	0	174
467	2	1	0	166	0	169
468	162	1	0	2	0	165
469	1	0	0	169	0	170
470	1	0	169	1	0	171
471	1	0	0	164	0	165
472	0	0	178	0	0	178
473	2	1	0	169	0	172
474	1	1	1	166	0	169
475	0	172	1	1	0	174
476	173	0	0	2	0	175
477	0	1	0	176	0	177
478	1	180	1	0	0	182
479	183	0	0	2	0	185
480	162	1	1	0	0	164
481	184	0	0	0	0	184
482	0	191	0	0	0	191
483	5	1	182	1	0	189
484	0	1	0	185	0	186
485	2	0	1	174	0	177
486	0	182	1	2	0	185
487	0	0	184	2	0	186
488	1	1	181	1	0	184
489	170	0	2	1	0	173
490	2	1	0	176	0	179
491	1	0	189	1	0	191
492	0	198	1	1	0	200
493	0	1	0	202	0	203
494	0	206	0	2	0	208
495	1	2	208	0	0	211
496	193	1	0	2	0	196
497	202	2	0	3	0	207
498	3	199	0	0	0	202
499	1	1	0	199	0	201
500	2	0	201	0	0	203
501	0	197	0	2	0	199
502	187	0	2	2	0	191
503	0	188	0	2	0	190
504	0	186	1	1	0	188
505	0	2	1	187	0	190
506	2	190	1	0	0	193
507	183	0	1	3	0	187
508	2	1	0	186	0	189
509	2	1	188	1	0	192
510	1	0	183	1	0	185
511	0	2	0	183	0	185
512	0	184	2	2	0	188
513	190	1	1	0	0	192
514	1	0	1	186	0	188
515	1	1	194	1	0	197
516	1	0	0	195	0	196
517	0	1	2	195	0	198
518	189	1	1	1	0	192
519	2	0	1	188	0	191
520	0	2	190	1	0	193
521	2	1	185	0	0	188
522	0	2	0	189	0	191
523	1	2	0	188	0	191
524	1	1	191	0	0	193
525	170	1	0	2	0	173
526	3	0	192	0	0	195
527	1	196	1	1	0	199
528	1	1	1	197	0	200
529	0	1	198	1	0	200
530	1	1	190	1	0	193
531	1	3	0	185	0	189
532	188	1	1	1	0	191
533	0	2	190	3	0	195
534	1	200	1	1	0	203
535	195	0	0	3	0	198
536	0	1	200	3	0	204
537	193	0	1	1	0	195
538	197	0	2	3	0	202
539	0	205	3	2	0	210
540	0	0	2	207	0	209
541	0	207	1	2	0	210
542	2	1	205	1	0	209
543	205	0	2	2	0	209
544	213	1	0	1	0	215
545	1	0	218	1	0	220
546	0	1	207	1	0	209
547	1	220	1	2	0	224
548	225	1	1	2	0	229
549	1	0	2	224	0	227
550	0	0	0	221	0	221
551	1	225	1	1	0	228
552	222	1	1	2	0	226
553	0	1	224	1	0	226
554	2	0	2	238	0	242
555	242	0	1	2	0	245
556	2	245	1	1	0	249
557	1	2	298	0	0	301
558	0	3	302	1	0	306
559	1	3	4	287	0	295
560	2	306	0	2	0	310
561	2	2	299	2	0	305
562	2	0	3	290	0	295
563	295	1	2	3	0	301
564	2	4	305	0	0	311
565	1	0	4	299	0	304
566	0	2	305	3	0	310
567	2	0	314	0	0	316
568	1	1	2	307	0	311
569	0	0	328	3	0	331
570	285	1	3	1	0	290
571	3	0	330	1	0	334
572	311	1	2	0	0	314
573	2	332	1	0	0	335
574	339	2	0	2	0	343
575	3	343	1	0	0	347
576	2	2	0	352	0	356
577	0	0	0	356	0	356
578	0	1	348	2	0	351
579	0	0	352	1	0	353
580	0	0	3	351	0	354
581	1	1	354	2	0	358
582	1	0	2	337	0	340
583	0	343	3	2	0	348
584	0	348	3	0	0	351
585	1	4	0	351	0	356
586	1	2	0	346	0	349
587	0	1	347	4	0	352
588	0	0	2	342	0	344
589	1	340	2	3	0	346
590	0	339	3	1	0	343
591	0	334	2	3	0	339
592	2	4	2	321	0	329
593	0	325	4	2	0	331
594	326	2	0	5	0	333
595	3	2	2	325	0	332
596	3	1	318	2	0	324
597	0	0	4	315	0	319
598	2	0	318	3	0	323
599	0	2	314	1	0	317
600	2	0	323	2	0	327
601	0	321	4	0	0	325
602	1	3	322	3	0	329
603	322	3	3	3	0	331
604	324	0	4	4	0	332
605	324	2	1	1	0	328
606	7	0	0	325	0	332
607	320	1	3	4	0	328
608	2	309	3	4	0	318
609	1	332	3	2	0	338
610	319	6	4	1	0	330
611	3	1	332	3	0	339
612	2	1	4	338	0	345
613	1	1	342	3	0	347
614	0	1	338	3	0	342
615	4	336	3	0	0	343
616	2	5	3	317	0	327
617	1	2	0	339	0	342
618	333	1	1	8	0	343
619	4	327	1	2	0	334
620	3	335	1	3	0	342
621	1	4	331	2	0	338
622	1	329	6	2	0	338
623	322	3	2	4	0	331
624	320	2	5	2	0	329
625	3	2	329	1	0	335
626	4	2	321	2	0	329
627	1	6	5	312	0	324
628	0	0	7	312	0	319
629	2	317	1	9	0	329
630	5	3	4	316	0	328
631	2	2	6	310	0	320
632	0	316	2	10	0	328
633	4	5	4	319	0	332
634	4	6	4	311	0	325
635	3	307	1	8	0	319
636	5	5	302	2	0	314
637	3	2	6	313	0	324
638	312	1	3	8	0	324
639	309	1	5	3	0	318
640	4	5	298	3	0	310
641	288	6	3	2	0	299
642	296	2	3	3	0	304
643	3	298	2	4	0	307
644	4	2	282	4	0	292
645	0	5	281	1	0	287
646	2	2	6	305	0	315
647	310	2	3	7	0	322
648	321	3	4	3	0	331
649	8	0	2	350	0	360
650	390	1	2	4	0	397
651	383	2	5	1	0	391
652	373	1	4	4	0	382
653	4	3	372	3	0	382
654	2	2	363	0	0	367
655	351	2	2	4	0	359
656	2	2	363	2	0	369
657	1	312	0	1	0	314
658	1	2	3	303	0	309
659	0	2	317	1	0	320
660	2	0	301	2	0	305
661	0	1	3	297	0	301
662	1	0	309	1	0	311
663	2	0	298	2	0	302
664	0	287	3	1	0	291
665	1	301	2	0	0	304
666	309	0	0	1	0	310
667	0	1	1	301	0	303
668	305	0	0	0	0	305
669	0	0	291	2	0	293
670	1	1	1	285	0	288
671	1	0	3	294	0	298
672	287	1	0	1	0	289
673	3	284	1	1	0	289
674	3	1	276	0	0	280
675	0	1	281	0	0	282
676	0	288	3	0	0	291
677	2	0	274	1	0	277
678	0	274	1	3	0	278
679	1	274	0	0	0	275
680	0	0	267	2	0	269
681	260	1	2	1	0	264
682	3	1	0	276	0	280
683	2	283	1	0	0	286
684	0	3	1	281	0	285
685	284	0	2	3	0	289
686	277	1	1	1	0	280
687	278	0	1	1	0	280
688	3	0	282	0	0	285
689	0	1	2	268	0	271
690	1	279	0	1	0	281
691	292	2	2	1	0	297
692	3	0	0	294	0	297
693	0	0	0	297	0	297
694	1	2	0	300	0	303
695	0	1	296	3	0	300
696	277	0	2	1	0	280
697	3	302	1	0	0	306
698	1	1	1	302	0	305
699	3	0	2	304	0	309
700	310	0	0	2	0	312
701	2	3	309	1	0	315
702	0	0	313	0	0	313
703	1	307	4	1	0	313
704	1	1	311	2	0	315
705	288	0	3	2	0	293
706	4	312	1	1	0	318
707	2	4	319	1	0	326
708	298	0	3	0	0	301
709	5	0	325	1	0	331
710	0	332	2	1	0	335
711	2	2	2	326	0	332
712	2	2	2	329	0	335
713	3	1	323	1	0	328
714	1	1	322	2	0	326
715	2	321	4	1	0	328
716	313	3	2	3	0	321
717	1	323	2	1	0	327
718	1	2	3	321	0	327
719	3	3	321	3	0	330
720	303	1	4	2	0	310
721	5	1	3	313	0	322
722	2	310	4	3	0	319
723	0	322	0	2	0	324
724	1	3	5	324	0	333
725	3	2	2	324	0	331
726	323	2	2	4	0	331
727	5	2	2	325	0	334
728	3	3	322	4	0	332
729	313	0	4	4	0	321
730	329	1	1	1	0	332
731	3	2	332	2	0	339
732	324	1	4	3	0	332
733	3	0	2	335	0	340
734	3	2	0	333	0	338
735	1	2	3	337	0	343
736	1	1	2	322	0	326
737	1	332	3	3	0	339
738	340	3	2	1	0	346
739	345	1	1	1	0	348
740	4	2	347	4	0	357
741	349	2	5	4	0	360
742	378	0	2	1	0	381
743	375	1	1	2	0	379
744	385	3	1	3	0	392
745	4	390	1	2	0	397
746	0	5	0	372	0	377
747	2	0	368	6	0	376
748	4	2	346	1	0	353
749	288	9	9	6	0	312
750	281	2	0	2	0	285
751	4	276	2	0	0	282
752	287	4	1	2	0	294
753	5	295	2	0	0	302
754	3	4	1	291	0	299
755	304	3	1	4	0	312
756	302	1	1	2	0	306
757	301	3	0	2	0	306
758	4	299	0	2	0	305
759	302	4	0	2	0	308
760	7	0	1	307	0	315
761	307	0	1	5	0	313
762	4	2	294	0	0	300
763	3	303	3	0	0	309
764	302	5	0	2	0	309
765	4	0	308	1	0	313
766	6	1	4	295	0	306
767	0	1	306	5	0	312
768	2	1	298	1	0	302
769	0	0	6	298	0	304
770	1	0	303	5	0	309
771	3	0	5	297	0	305
772	1	0	1	304	0	306
773	303	0	0	7	0	310
774	5	299	1	1	0	306
775	1	309	0	2	0	312
776	2	319	0	2	0	323
777	2	8	322	0	0	332
778	2	1	8	312	0	323
779	4	2	327	3	0	336
780	312	1	5	4	0	322
781	326	1	1	1	0	329
782	7	329	0	1	0	337
783	1	5	1	320	0	327
784	2	331	0	5	0	338
785	331	4	0	2	0	337
786	7	1	1	323	0	332
787	4	0	329	4	0	337
788	3	323	4	0	0	330
789	4	6	316	0	0	326
790	4	1	4	321	0	330
791	2	2	326	4	0	334
792	305	1	5	3	0	314
793	6	1	323	1	0	331
794	3	330	5	1	0	339
795	2	4	3	327	0	336
796	3	2	1	335	0	341
797	332	0	3	5	0	340
798	331	1	2	4	0	338
799	6	327	1	2	0	336
800	0	4	316	1	0	321
801	1	2	315	2	0	320
802	303	1	5	1	0	310
803	5	1	315	1	0	322
804	0	1	316	3	0	320
805	1	1	325	1	0	328
806	3	3	321	0	0	327
807	1	316	7	1	0	325
808	310	6	2	2	0	320
809	5	1	2	305	0	313
810	308	1	2	7	0	318
811	8	303	0	1	0	312
812	302	7	1	2	0	312
813	5	311	1	3	0	320
814	4	8	1	307	0	320
815	1	319	4	5	0	329
816	1	6	320	4	0	331
817	2	336	6	1	0	345
818	4	8	1	351	0	364
819	353	1	5	7	0	366
820	6	4	2	356	0	368
821	1	1	356	9	0	367
822	5	1	6	343	0	355
823	4	354	3	11	0	372
824	3	5	350	3	0	361
825	354	3	8	3	0	368
826	7	3	3	364	0	377
827	357	2	3	8	0	370
828	354	0	1	8	0	363
829	8	360	3	4	0	375
830	356	6	2	2	0	366
831	359	3	1	1	0	364
832	7	359	3	0	0	369
833	3	7	3	359	0	372
834	5	1	3	362	0	371
835	4	356	3	7	0	370
836	3	5	3	366	0	377
837	0	4	361	5	0	370
838	3	6	5	351	0	365
839	1	3	348	8	0	360
840	1	2	323	2	0	328
841	1	311	6	3	0	321
842	1	301	4	4	0	310
843	2	315	4	0	0	321
844	1	5	2	301	0	309
845	2	3	301	3	0	309
846	292	3	2	3	0	300
847	3	0	3	300	0	306
848	1	1	304	4	0	310
849	2	2	301	1	0	306
850	0	305	4	2	0	311
851	2	3	3	301	0	309
852	303	1	2	4	0	310
853	3	300	1	1	0	305
854	2	294	0	3	0	299
855	3	284	1	1	0	289
856	1	5	1	285	0	292
857	0	295	2	3	0	300
858	0	5	0	311	0	316
859	1	3	0	320	0	324
860	1	2	311	7	0	321
861	291	2	5	4	0	302
862	5	1	319	3	0	328
863	3	1	7	318	0	329
864	3	1	323	6	0	333
865	0	319	7	1	0	327
866	322	4	2	4	0	332
867	6	2	2	315	0	325
868	2	3	1	321	0	327
869	321	0	0	7	0	328
870	324	0	1	5	0	330
871	340	1	0	3	0	344
872	9	0	336	1	0	346
873	305	1	6	1	0	313
874	8	315	2	1	0	326
875	3	326	2	1	0	332
876	1	6	1	315	0	323
877	4	6	0	305	0	315
878	1	312	1	7	0	321
879	1	5	0	315	0	321
880	312	2	1	7	0	322
881	6	2	316	3	0	327
882	3	302	5	3	0	313
883	294	5	2	4	0	305
884	4	298	2	3	0	307
885	1	5	301	1	0	308
886	4	5	4	296	0	309
887	0	2	304	7	0	313
888	4	304	5	2	0	315
889	2	5	3	307	0	317
890	0	3	304	4	0	311
891	2	3	294	3	0	302
892	0	2	4	300	0	306
893	293	2	5	4	0	304
894	297	0	2	6	0	305
895	300	0	1	5	0	306
896	7	2	311	0	0	320
897	5	302	5	2	0	314
898	2	4	4	309	0	319
899	0	3	3	300	0	306
900	1	310	2	6	0	319
901	311	3	1	5	0	320
902	5	2	2	313	0	322
903	4	5	312	5	0	326
904	1	314	4	5	0	324
905	301	4	3	4	0	312
906	5	307	6	1	0	319
907	8	6	0	302	0	316
908	4	3	3	306	0	316
909	4	2	1	311	0	318
910	3	2	302	9	0	316
911	2	4	6	295	0	307
912	1	298	3	9	0	311
913	2	300	2	6	0	310
914	0	8	291	3	0	302
915	280	4	2	5	0	291
916	284	2	2	6	0	294
917	6	276	2	4	0	288
918	251	2	2	1	0	256
919	246	1	2	2	0	251
920	7	248	0	1	0	256
921	1	4	3	249	0	257
922	1	4	258	4	0	267
923	1	1	252	4	0	258
924	254	3	3	2	0	262
925	2	263	2	4	0	271
926	4	2	0	258	0	264
927	1	1	3	261	0	266
928	1	3	1	266	0	271
929	260	1	1	4	0	266
930	6	2	2	255	0	265
931	3	2	3	251	0	259
932	1	1	247	6	0	255
933	228	1	4	4	0	237
934	3	244	4	0	0	251
935	243	3	2	3	0	251
936	4	236	3	1	0	244
937	3	5	3	234	0	245
938	242	2	1	6	0	251
939	243	0	1	6	0	250
940	6	1	243	2	0	252
941	248	2	2	1	0	253
942	3	0	245	3	0	251
943	4	1	242	1	0	248
944	1	2	240	2	0	245
945	2	1	249	2	0	254
946	1	4	6	253	0	264
947	4	1	253	7	0	265
948	1	2	6	251	0	260
949	249	1	4	12	0	266
950	7	2	3	247	0	259
951	247	2	0	9	0	258
952	5	245	2	3	0	255
953	4	8	1	246	0	259
954	2	2	243	9	0	256
955	1	252	7	5	0	265
956	5	11	4	253	0	273
957	1	3	257	7	0	268
958	3	251	5	2	0	261
959	1	251	2	1	0	255
960	0	9	249	2	0	260
961	2	3	6	234	0	245
962	2	2	234	5	0	243
963	223	2	7	1	0	233
964	233	1	2	2	0	238
965	4	227	3	3	0	237
966	227	5	3	1	0	236
967	7	3	1	228	0	239
968	2	2	227	4	0	235
969	211	2	8	4	0	225
970	6	3	224	3	0	236
971	2	224	9	2	0	237
972	221	4	4	3	0	232
973	6	1	3	225	0	235
974	3	2	223	6	0	234
975	223	2	5	1	0	231
976	222	2	2	3	0	229
977	225	1	4	2	0	232
978	11	1	3	217	0	232
979	4	1	3	226	0	234
980	4	0	222	7	0	233
981	2	218	8	3	0	231
982	0	8	2	216	0	226
983	0	2	4	226	0	232
984	1	2	217	9	0	229
985	1	1	225	4	0	231
986	1	0	8	222	0	231
987	223	0	2	7	0	232
988	7	213	3	1	0	224
989	221	5	1	3	0	230
990	8	218	1	3	0	230
991	2	8	220	1	0	231
992	4	3	224	0	0	231
993	217	3	8	1	0	229
994	238	3	3	2	0	246
995	7	240	4	1	0	252
996	5	6	227	2	0	240
997	4	3	9	224	0	240
998	6	2	4	223	0	235
999	5	227	2	9	0	243
1000	5	6	4	227	0	242
1001	3	4	227	10	0	244
1002	222	3	4	8	0	237
1003	225	2	5	7	0	239
1004	224	1	5	6	0	236
1005	238	2	2	4	0	246
1006	11	1	224	4	0	240
1007	227	3	9	1	0	240
1008	10	2	230	2	0	244
1009	4	228	9	5	0	246
1010	5	6	8	226	0	245
1011	233	4	3	9	0	249
1012	9	2	4	243	0	258
1013	7	2	240	8	0	257
1014	242	3	6	4	0	255
1015	247	1	4	3	0	255
1016	13	1	3	233	0	250
1017	8	1	4	245	0	258
1018	7	1	234	9	0	251
1019	7	239	6	4	0	256
1020	232	5	5	5	0	247
1021	6	5	223	5	0	239
1022	215	3	8	2	0	228
1023	9	215	2	5	0	231
1024	211	7	4	3	0	225
1025	12	207	2	0	0	221
1026	7	213	1	1	0	222
1027	5	10	3	204	0	222
1028	5	2	1	208	0	216
1029	3	2	1	211	0	217
1030	2	2	3	211	0	218
1031	5	2	202	11	0	220
1032	199	0	10	7	0	216
1033	208	1	2	6	0	217
1034	207	1	4	5	0	217
1035	11	1	4	201	0	217
1036	8	0	1	206	0	215
1037	206	2	0	9	0	217
1038	208	1	0	10	0	219
1039	211	0	2	8	0	221
1040	12	1	1	202	0	216
1041	8	1	1	201	0	211
1042	5	0	195	8	0	208
1043	4	1	195	4	0	204
1044	4	189	8	4	0	205
1045	165	8	5	3	0	181
1046	167	2	2	2	0	173
1047	164	2	2	2	0	170
1048	8	3	169	0	0	180
1049	172	2	3	3	0	180
1050	174	0	2	2	0	178
1051	183	1	1	4	0	189
1052	5	1	3	176	0	185
1053	6	1	2	173	0	182
1054	6	0	1	177	0	184
1055	4	1	169	6	0	180
1056	155	0	2	6	0	163
1057	4	157	2	3	0	166
1058	140	2	0	2	0	144
1059	5	136	0	1	0	142
1060	6	138	1	0	0	145
1061	4	3	0	139	0	146
1062	2	1	1	138	0	142
1063	2	136	1	3	0	142
1064	138	2	1	2	0	143
1065	138	2	1	3	0	144
1066	3	1	0	140	0	144
1067	3	1	137	2	0	143
1068	4	1	136	1	0	142
1069	4	0	144	0	0	148
1070	2	1	140	2	0	145
1071	137	0	3	1	0	141
1072	140	1	3	0	0	144
1073	3	0	0	136	0	139
1074	2	1	134	3	0	140
1075	1	1	1	135	0	138
1076	2	139	2	3	0	146
1077	1	155	0	2	0	158
1078	157	3	1	2	0	163
1079	158	3	0	2	0	163
1080	159	2	1	0	0	162
1081	3	2	0	161	0	166
1082	1	1	0	166	0	168
1083	3	0	0	166	0	169
1084	1	1	0	168	0	170
1085	1	1	161	4	0	167
1086	4	0	1	161	0	166
1087	174	0	1	4	0	179
1088	3	0	1	175	0	179
1089	1	0	3	174	0	178
1090	1	1	2	171	0	175
1091	2	165	3	2	0	172
1092	2	167	2	1	0	172
1093	3	174	0	1	0	178
1094	2	0	1	155	0	158
1095	1	0	1	156	0	158
1096	159	0	1	1	0	161
1097	154	1	1	1	0	157
1098	157	2	0	0	0	159
1099	2	1	0	156	0	159
1100	3	0	0	157	0	160
1101	2	162	0	1	0	165
1102	1	166	0	1	0	168
1103	162	0	0	3	0	165
1104	0	0	0	164	0	164
1105	160	0	0	2	0	162
1106	169	0	1	2	0	172
1107	0	0	0	169	0	169
1108	1	185	0	1	0	187
1109	188	0	0	1	0	189
1110	197	0	0	3	0	200
1111	0	1	217	2	0	220
1112	206	0	0	0	0	206
1113	0	207	1	0	0	208
1114	0	0	0	216	0	216
1115	233	0	0	1	0	234
1116	0	0	0	233	0	233
1117	1	0	0	230	0	231
1118	0	239	0	0	0	239
1119	239	0	0	0	0	239
1120	238	0	0	0	0	238
1121	0	237	1	0	0	238
1122	0	270	1	0	0	271
1123	269	0	0	0	0	269
1124	266	0	0	1	0	267
1125	0	0	265	0	0	265
1126	1	0	238	0	0	239
1127	1	0	264	0	0	265
1128	1	0	0	271	0	272
1129	0	0	0	271	0	271
1130	1	0	269	0	0	270
1131	270	0	0	0	0	270
1132	289	0	0	2	0	291
1133	286	0	0	2	0	288
1134	287	0	0	0	0	287
1135	1	0	322	0	0	323
1136	332	0	0	1	0	333
1137	337	0	0	1	0	338
1138	339	0	0	1	0	340
1139	338	0	0	1	0	339
1140	327	0	0	0	0	327
1141	1	0	343	2	0	346
1142	0	337	1	1	0	339
1143	1	1	0	333	0	335
1144	0	1	0	346	0	347
1145	0	1	346	0	0	347
1146	314	0	0	5	0	319
1147	1	0	0	336	0	337
1148	1	0	343	0	0	344
1149	2	0	319	0	0	321
1150	2	368	1	0	0	371
1151	0	0	0	379	0	379
1152	1	0	0	379	0	380
1153	0	0	0	375	0	375
1154	379	1	0	2	0	382
1155	2	0	0	379	0	381
1156	0	0	383	1	0	384
1157	3	1	334	0	0	338
1158	0	1	386	0	0	387
1159	1	0	0	400	0	401
1160	409	1	0	5	0	415
1161	1	1	409	0	0	411
1162	402	0	0	1	0	403
1163	457	0	1	6	0	464
1164	3	0	0	474	0	477
1165	1	1	0	483	0	485
1166	0	484	1	1	0	486
1167	1	0	493	0	0	494
1168	475	0	1	4	0	480
1169	1	0	0	508	0	509
1170	0	506	0	0	0	506
1171	1	1	0	508	0	510
1172	2	0	504	0	0	506
1173	1	1	0	495	0	497
1174	0	503	0	0	0	503
1175	1	0	1	502	0	504
1176	496	0	0	5	0	501
1177	1	0	1	497	0	499
1178	0	490	1	0	0	491
1179	0	491	2	0	0	493
1180	473	0	0	4	0	477
1181	0	1	492	1	0	494
1182	0	0	1	478	0	479
1183	1	0	0	503	0	504
1184	1	0	511	0	0	512
1185	1	510	0	0	0	511
1186	1	0	511	0	0	512
1187	1	3	1	498	0	503
1188	1	526	0	0	0	527
1189	542	0	0	0	0	542
1190	0	543	0	0	0	543
1191	1	546	1	0	0	548
1192	555	0	1	2	0	558
1193	561	0	0	2	0	563
1194	567	0	0	4	0	571
1195	0	0	1	571	0	572
1196	0	0	576	0	0	576
1197	557	1	0	2	0	560
1198	582	0	0	4	0	586
1199	1	0	0	609	0	610
1200	0	0	609	0	0	609
1201	0	602	0	0	0	602
1202	605	0	0	1	0	606
1203	633	0	2	1	0	636
1204	0	636	0	0	0	636
1205	1	648	0	0	0	649
1206	652	0	0	2	0	654
1207	652	0	0	2	0	654
1208	635	0	0	9	0	644
1209	0	0	1	639	0	640
1210	0	1	655	0	0	656
1211	2	0	0	625	0	627
1212	1	1	637	0	0	639
1213	0	623	0	0	0	623
1214	0	631	0	0	0	631
1215	1	0	0	610	0	611
1216	1	0	0	621	0	622
1217	4	0	0	610	0	614
1218	1	619	0	3	0	623
1219	598	1	1	5	0	605
1220	592	0	1	4	0	597
1221	0	617	1	0	0	618
1222	3	2	0	594	0	599
1223	1	605	0	0	0	606
1224	0	1	0	597	0	598
1225	0	611	0	0	0	611
1226	610	0	0	4	0	614
1227	1	1	0	594	0	596
1228	3	0	583	0	0	586
1229	575	0	0	3	0	578
1230	574	2	1	6	0	583
1231	0	0	580	2	0	582
1232	0	1	1	581	0	583
1233	0	2	586	1	0	589
1234	2	0	0	574	0	576
1235	1	0	556	1	0	558
1236	520	0	0	5	0	525
1237	1	0	1	546	0	548
1238	1	552	0	0	0	553
1239	552	0	0	5	0	557
1240	1	0	1	554	0	556
1241	0	1	0	555	0	556
1242	0	0	556	1	0	557
1243	1	1	0	564	0	566
1244	0	0	585	1	0	586
1245	1	3	597	0	0	601
1246	4	0	2	608	0	614
1247	0	1	662	4	0	667
1248	666	0	4	3	0	673
1249	750	0	2	8	0	760
1250	792	0	0	5	0	797
1251	14	815	1	0	0	830
1252	5	12	1	833	0	851
1253	3	4	2	813	0	822
1254	2	838	1	14	0	855
1255	830	11	1	10	0	852
1256	18	5	1	825	0	849
1257	5	2	843	13	0	863
1258	1	3	814	7	0	825
1259	3	808	16	5	0	832
1260	810	14	4	5	0	833
1261	16	6	799	3	0	824
1262	768	0	15	6	0	789
1263	15	771	7	2	0	795
1264	7	16	768	0	0	791
1265	3	7	747	4	0	761
1266	3	2	770	5	0	780
1267	1	755	21	1	0	778
1268	6	16	751	1	0	774
1269	729	7	14	5	0	755
1270	16	0	12	725	0	753
1271	8	2	7	757	0	774
1272	7	4	5	759	0	775
1273	6	2	6	760	0	774
1274	1	4	759	20	0	784
1275	9	0	15	749	0	773
1276	4	6	5	763	0	778
1277	737	1	5	24	0	767
1278	751	2	3	12	0	768
1279	732	1	7	8	0	748
1280	19	6	742	7	0	774
1281	6	746	21	4	0	777
1282	9	773	5	5	0	792
1283	735	19	4	8	0	766
1284	18	750	4	6	0	778
1285	14	19	2	744	0	779
1286	4	8	3	761	0	776
1287	6	5	748	20	0	779
1288	2	726	19	9	0	756
1289	5	21	706	4	0	736
1290	697	10	18	9	0	734
1291	726	2	7	13	0	748
1292	26	1	6	718	0	751
1293	10	4	8	708	0	730
1294	7	9	3	705	0	724
1295	6	6	7	710	0	729
1296	6	1	704	23	0	734
1297	9	9	17	690	0	725
1298	8	4	701	25	0	738
1299	3	1	682	18	0	704
1300	2	675	29	10	0	716
1301	663	20	11	14	0	708
1302	15	679	11	8	0	713
1303	12	19	7	657	0	695
1304	10	8	683	18	0	719
1305	655	2	23	13	0	693
1306	21	5	673	5	0	704
1307	679	4	20	11	0	714
1308	684	6	8	11	0	709
1309	30	3	10	687	0	730
1310	9	7	6	680	0	702
1311	7	3	10	689	0	709
1312	7	2	662	26	0	697
1313	657	7	22	9	0	695
1314	28	655	7	6	0	696
1315	8	24	4	669	0	705
1316	662	6	5	30	0	703
1317	672	2	10	14	0	698
1318	679	4	8	10	0	701
1319	27	5	656	7	0	695
1320	663	7	21	6	0	697
1321	672	3	9	9	0	693
1322	31	5	612	12	0	660
1323	14	5	676	7	0	702
1324	8	4	28	670	0	710
1325	4	2	672	23	0	701
1326	12	646	23	7	0	688
1327	11	677	11	2	0	701
1328	640	22	5	10	0	677
1329	25	660	8	8	0	701
1330	13	17	7	663	0	700
1331	638	9	5	25	0	677
1332	23	656	7	10	0	696
1333	15	26	5	646	0	692
1334	16	7	6	668	0	697
1335	11	5	656	25	0	697
1336	9	5	22	660	0	696
1337	3	7	648	29	0	687
1338	9	4	653	10	0	676
1339	10	6	24	626	0	666
1340	12	7	8	643	0	670
1341	621	4	8	24	0	657
1342	21	679	5	15	0	720
1343	11	18	9	661	0	699
1344	10	15	6	670	0	701
1345	624	7	7	29	0	667
1346	24	612	3	20	0	659
1347	10	577	4	8	0	599
1348	5	536	4	4	0	549
1349	2	449	3	9	0	463
1350	351	14	16	6	0	387
1351	355	4	2	3	0	364
1352	347	3	0	2	0	352
1353	345	4	3	1	0	353
1354	14	4	1	331	0	350
1355	4	3	330	11	0	348
1356	4	326	11	4	0	345
1357	3	9	3	320	0	335
1358	4	2	320	12	0	338
1359	6	1	11	319	0	337
1360	4	3	3	323	0	333
1361	0	2	319	13	0	334
1362	4	3	10	315	0	332
1363	5	2	4	309	0	320
1364	320	2	2	12	0	336
1365	317	0	1	5	0	323
1366	315	1	1	6	0	323
1367	315	0	2	5	0	322
1368	13	0	4	301	0	318
1369	5	2	2	309	0	318
1370	3	1	2	304	0	310
1371	299	1	2	11	0	313
1372	15	0	1	295	0	311
1373	6	2	1	301	0	310
1374	4	0	282	12	0	298
1375	2	1	8	280	0	291
1376	1	264	3	14	0	282
1377	4	288	2	3	0	297
1378	270	13	0	5	0	288
1379	11	3	272	5	0	291
1380	4	265	8	1	0	278
1381	257	7	4	5	0	273
1382	10	2	5	250	0	267
1383	3	3	256	8	0	270
1384	7	0	7	245	0	259
1385	4	259	2	10	0	275
1386	258	8	3	4	0	273
1387	9	264	3	3	0	279
1388	265	7	1	5	0	278
1389	272	2	4	2	0	280
1390	7	4	1	269	0	281
1391	4	1	0	263	0	268
1392	1	261	2	7	0	271
1393	263	11	0	5	0	279
1394	9	1	263	5	0	278
1395	261	0	7	5	0	273
1396	264	0	2	1	0	267
1397	8	2	245	3	0	258
1398	4	1	5	236	0	246
1399	240	1	3	7	0	251
1400	7	1	235	3	0	246
1401	3	1	225	4	0	233
1402	214	1	7	2	0	224
1403	5	211	4	4	0	224
1404	4	202	0	4	0	210
1405	9	8	2	192	0	211
1406	0	4	191	8	0	203
1407	184	2	6	3	0	195
1408	6	1	191	3	0	201
1409	3	175	7	0	0	185
1410	176	5	2	1	0	184
1411	8	1	1	171	0	181
1412	173	1	2	5	0	181
1413	7	0	170	3	0	180
1414	1	2	5	169	0	177
1415	4	170	2	5	0	181
1416	1	7	2	169	0	179
1417	2	1	1	174	0	178
1418	2	1	173	5	0	181
1419	0	169	4	6	0	179
1420	0	171	1	4	0	176
1421	0	7	161	2	0	170
1422	151	2	6	1	0	160
1423	153	1	4	2	0	160
1424	8	1	2	149	0	160
1425	148	1	1	4	0	154
1426	8	139	1	4	0	152
1427	2	146	0	3	0	151
1428	148	4	0	2	0	154
1429	6	2	2	148	0	158
1430	148	1	2	7	0	158
1431	154	2	0	2	0	158
1432	6	2	0	149	0	157
1433	3	1	146	6	0	156
1434	146	0	8	2	0	156
1435	147	1	2	3	0	153
1436	7	1	1	141	0	150
1437	3	144	2	5	0	154
1438	4	7	0	143	0	154
1439	4	2	144	5	0	155
1440	1	2	145	3	0	151
1441	3	142	6	1	0	152
1442	2	5	0	82	0	89
1443	0	2	0	78	0	80
1444	1	1	78	0	0	80
1445	77	0	0	2	0	79
1446	82	0	1	0	0	83
1447	81	0	0	0	0	81
1448	83	0	1	1	0	85
1449	1	79	1	0	0	81
1450	2	79	0	0	0	81
1451	83	1	0	2	0	86
1452	2	0	0	86	0	88
1453	1	1	1	89	0	92
1454	0	87	0	3	0	90
1455	0	2	1	85	0	88
1456	0	0	1	89	0	90
1457	0	86	0	2	0	88
1458	0	1	85	0	0	86
1459	0	0	1	87	0	88
1460	89	1	1	1	0	92
1461	88	0	1	0	0	89
1462	3	0	83	0	0	86
1463	2	0	85	0	0	87
1464	1	0	84	1	0	86
1465	1	1	1	83	0	86
1466	0	2	86	1	0	89
1467	1	1	86	0	0	88
1468	1	0	1	88	0	90
1469	0	90	0	2	0	92
1470	1	2	95	0	0	98
1471	1	99	1	1	0	102
1472	99	1	0	1	0	101
1473	1	102	1	0	0	104
1474	1	1	2	101	0	105
1475	101	1	0	2	0	104
1476	5	0	0	98	0	103
1477	1	1	0	101	0	103
1478	0	0	104	5	0	109
1479	1	103	2	0	0	106
1480	0	108	2	1	0	111
1481	0	3	0	108	0	111
1482	0	0	1	107	0	108
1483	0	1	0	104	0	105
1484	0	0	104	1	0	105
1485	1	0	98	1	0	100
1486	89	0	1	1	0	91
1487	1	0	91	1	0	93
1488	0	0	95	0	0	95
1489	0	85	1	0	0	86
1490	2	2	1	91	0	96
1491	0	1	92	2	0	95
1492	0	0	3	92	0	95
1493	0	1	93	2	0	96
1494	0	0	2	92	0	94
1495	0	1	95	2	0	98
1496	0	0	2	93	0	95
1497	1	0	0	90	0	91
1498	0	100	0	2	0	102
1499	1	2	1	97	0	101
1500	0	101	0	3	0	104
1501	1	2	0	99	0	102
1502	0	1	0	102	0	103
1503	100	0	0	3	0	103
1504	2	1	0	96	0	99
1505	0	0	97	3	0	100
1506	0	0	2	93	0	95
1507	1	1	0	94	0	96
1508	0	0	92	3	0	95
1509	0	1	89	0	0	90
1510	0	0	2	91	0	93
1511	0	0	0	94	0	94
1512	0	0	91	2	0	93
1513	0	87	3	0	0	90
1514	0	93	0	1	0	94
1515	89	2	0	1	0	92
1516	1	0	0	96	0	97
1517	101	1	0	2	0	104
1518	100	1	0	1	0	102
1519	3	99	0	0	0	102
1520	100	2	0	1	0	103
1521	100	0	0	0	0	100
1522	2	0	99	0	0	101
1523	0	1	2	102	0	105
1524	1	0	104	2	0	107
1525	1	1	2	108	0	112
1526	0	0	110	2	0	112
1527	0	103	2	1	0	106
1528	0	107	1	0	0	108
1529	0	2	0	107	0	109
1530	107	0	1	3	0	111
1531	3	1	0	104	0	108
1532	0	1	0	110	0	111
1533	0	0	107	3	0	110
1534	1	0	106	0	0	107
1535	0	0	108	1	0	109
1536	0	0	2	105	0	107
1537	1	0	1	106	0	108
1538	0	106	1	2	0	109
1539	0	110	0	0	0	110
1540	109	2	0	1	0	112
1541	2	108	0	0	0	110
1542	0	3	112	0	0	115
1543	0	1	2	111	0	114
1544	1	0	120	2	0	123
1545	0	119	2	0	0	121
1546	0	2	1	121	0	124
1547	117	0	0	3	0	120
1548	1	0	122	0	0	123
1549	0	127	1	0	0	128
1550	0	1	126	0	0	127
1551	1	125	0	0	0	126
1552	1	1	2	120	0	124
1553	120	1	0	2	0	123
1554	119	0	0	2	0	121
1555	1	122	1	0	0	124
1556	121	1	0	3	0	125
1557	2	0	0	122	0	124
1558	122	0	0	2	0	124
1559	2	1	125	0	0	128
1560	1	0	126	1	0	128
1561	2	0	1	125	0	128
1562	1	0	0	131	0	132
1563	0	0	132	1	0	133
1564	1	0	1	127	0	129
1565	129	0	0	3	0	132
1566	125	0	0	2	0	127
1567	2	119	1	0	0	122
1568	0	125	0	2	0	127
1569	120	1	1	1	0	123
1570	1	0	0	118	0	119
1571	112	0	0	3	0	115
1572	1	113	1	0	0	115
1573	112	1	1	0	0	114
1574	1	0	110	1	0	112
1575	0	0	106	0	0	106
1576	0	0	2	115	0	117
1577	0	1	118	1	0	120
1578	0	1	1	106	0	108
1579	1	0	0	105	0	106
1580	0	0	110	2	0	112
1581	1	0	1	108	0	110
1582	1	0	0	115	0	116
1583	0	1	120	0	0	121
1584	0	0	117	0	0	117
1585	114	0	1	0	0	115
1586	1	0	124	0	0	125
1587	132	0	0	1	0	133
1588	139	0	1	0	0	140
1589	2	0	134	1	0	137
1590	0	0	137	0	0	137
1591	2	3	1	127	0	133
1592	1	1	3	126	0	131
1593	0	131	2	2	0	135
1594	0	136	0	2	0	138
1595	0	2	133	2	0	137
1596	132	1	1	0	0	134
1597	134	2	0	0	0	136
1598	2	1	132	0	0	135
1599	2	0	132	0	0	134
1600	2	0	2	129	0	133
1601	0	129	2	0	0	131
1602	1	1	2	133	0	137
1603	0	0	0	138	0	138
1604	135	2	0	2	0	139
1605	133	0	0	2	0	135
1606	2	0	0	146	0	148
1607	2	0	144	1	0	147
1608	144	0	2	0	0	146
1609	2	147	0	2	0	151
1610	147	2	2	1	0	152
1611	146	0	0	0	0	146
1612	2	148	0	0	0	150
1613	2	148	0	0	0	150
1614	3	2	0	148	0	153
1615	0	2	0	150	0	152
1616	0	140	0	2	0	142
1617	1	2	0	143	0	146
1618	0	0	0	144	0	144
1619	0	2	135	2	0	139
1620	140	0	2	2	0	144
1621	145	0	0	2	0	147
1622	148	0	2	0	0	150
1623	4	0	1	140	0	145
1624	141	0	0	3	0	144
1625	4	139	0	0	0	143
1626	0	2	0	140	0	142
1627	2	135	1	1	0	139
1628	0	139	0	1	0	140
1629	140	1	0	3	0	144
1630	143	2	0	0	0	145
1631	142	2	0	0	0	144
1632	144	0	0	0	0	144
1633	141	0	0	0	0	141
1634	4	0	138	0	0	142
1635	138	0	2	0	0	140
1636	4	0	141	0	0	145
1637	138	0	4	0	0	142
1638	141	0	0	1	0	142
1639	139	0	2	1	0	142
1640	4	0	140	0	0	144
1641	2	0	1	133	0	136
1642	3	146	0	2	0	151
1643	147	2	2	1	0	152
1644	148	0	0	1	0	149
1645	3	155	0	0	0	158
1646	154	2	1	0	0	157
1647	4	0	1	148	0	153
1648	0	153	0	3	0	156
1649	155	2	0	1	0	158
1650	153	2	0	2	0	157
1651	2	3	0	149	0	154
1652	153	0	1	2	0	156
1653	5	0	0	151	0	156
1654	1	0	0	155	0	156
1655	2	0	150	2	0	154
1656	0	0	3	153	0	156
1657	0	0	0	151	0	151
1658	0	1	154	2	0	157
1659	0	0	138	3	0	141
1660	0	0	2	143	0	145
1661	1	0	144	2	0	147
1662	136	0	4	1	0	141
1663	2	145	0	3	0	150
1664	0	2	3	147	0	152
1665	2	0	0	151	0	153
1666	0	3	0	152	0	155
1667	153	0	0	5	0	158
1668	151	0	0	2	0	153
1669	154	1	0	4	0	159
1670	4	155	0	0	0	159
1671	2	2	0	156	0	160
1672	2	0	0	157	0	159
1673	155	3	0	2	0	160
1674	154	0	0	3	0	157
1675	2	0	0	155	0	157
1676	2	1	156	2	0	161
1677	155	0	0	0	0	155
1678	155	1	0	3	0	159
1679	3	0	156	0	0	159
1680	142	0	2	2	0	146
1681	4	1	154	0	0	159
1682	151	0	3	1	0	155
1683	4	1	0	161	0	166
1684	1	174	2	2	0	179
1685	2	2	189	0	0	193
1686	0	191	2	2	0	195
1687	0	190	0	1	0	191
1688	202	0	0	0	0	202
1689	0	0	0	203	0	203
1690	0	0	0	193	0	193
1691	204	0	0	0	0	204
1692	0	0	0	208	0	208
1693	0	0	0	204	0	204
1694	0	0	0	211	0	211
1695	0	0	0	207	0	207
1696	0	0	214	0	0	214
1697	0	0	205	0	0	205
1698	0	213	0	0	0	213
1699	223	0	0	0	0	223
1700	1	0	0	222	0	223
1701	0	226	0	1	0	227
1702	0	0	0	241	0	241
1703	0	0	0	239	0	239
1704	1	0	0	239	0	240
1705	0	0	0	245	0	245
1706	0	0	0	245	0	245
1707	0	242	0	0	0	242
1708	0	0	0	246	0	246
1709	0	0	240	0	0	240
1710	0	239	0	0	0	239
1711	0	0	0	247	0	247
1712	0	0	0	240	0	240
1713	0	242	1	0	0	243
1714	0	244	0	0	0	244
1715	239	0	0	1	0	240
1716	0	245	0	0	0	245
1717	242	0	0	2	0	244
1718	239	0	0	1	0	240
1719	0	0	260	0	0	260
1720	0	0	0	257	0	257
1721	0	0	270	0	0	270
1722	0	269	0	0	0	269
1723	1	0	0	251	0	252
1724	0	0	0	270	0	270
1725	0	0	0	269	0	269
1726	2	0	0	273	0	275
1727	0	0	283	0	0	283
1728	0	0	0	280	0	280
1729	0	0	288	0	0	288
1730	0	0	283	0	0	283
1731	286	0	0	1	0	287
1732	296	0	2	1	0	299
1733	294	0	0	1	0	295
1734	0	291	0	1	0	292
1735	0	0	0	296	0	296
1736	0	0	319	0	0	319
1737	1	0	0	310	0	311
1738	0	0	337	0	0	337
1739	329	0	0	1	0	330
1740	334	0	0	3	0	337
1741	333	0	0	2	0	335
1742	1	0	331	0	0	332
1743	1	0	318	0	0	319
1744	2	0	0	331	0	333
1745	1	0	0	314	0	315
1746	0	0	0	331	0	331
1747	0	0	334	0	0	334
1748	0	0	313	0	0	313
1749	318	0	0	0	0	318
1750	0	0	0	346	0	346
1751	0	0	0	339	0	339
1752	345	0	0	1	0	346
1753	0	0	0	346	0	346
1754	378	0	0	2	0	380
1755	391	0	0	4	0	395
1756	385	0	1	3	0	389
1757	0	0	396	0	0	396
1758	0	397	0	0	0	397
1759	409	0	0	4	0	413
1760	0	0	0	416	0	416
1761	0	0	0	413	0	413
1762	0	418	0	0	0	418
1763	415	0	0	1	0	416
1764	411	0	0	2	0	413
1765	416	0	0	1	0	417
1766	0	422	0	1	0	423
1767	459	0	0	3	0	462
1768	459	0	0	2	0	461
1769	459	0	0	1	0	460
1770	1	0	0	458	0	459
1771	1	2	0	454	0	457
1772	0	1	475	0	0	476
1773	2	1	0	457	0	460
1774	0	0	0	467	0	467
1775	0	1	469	0	0	470
1776	454	0	0	0	0	454
1777	467	0	0	3	0	470
1778	1	0	0	468	0	469
1779	0	462	0	0	0	462
1780	0	465	0	0	0	465
1781	1	0	0	459	0	460
1782	0	0	450	0	0	450
1783	3	4	0	426	0	433
1784	0	0	456	0	0	456
1785	1	0	462	0	0	463
1786	1	0	0	483	0	484
1787	484	0	1	2	0	487
1788	475	0	0	0	0	475
1789	0	0	0	483	0	483
1790	0	0	0	480	0	480
1791	0	0	1	483	0	484
1792	0	0	0	479	0	479
1793	484	0	0	1	0	485
1794	474	0	0	1	0	475
1795	471	0	0	3	0	474
1796	0	0	470	0	0	470
1797	1	0	1	464	0	466
1798	1	1	0	475	0	477
1799	468	0	0	4	0	472
1800	0	469	0	1	0	470
1801	475	0	0	2	0	477
1802	480	0	0	2	0	482
1803	473	0	0	1	0	474
1804	476	0	0	0	0	476
1805	0	1	492	0	0	493
1806	1	0	464	0	0	465
1807	497	0	0	2	0	499
1808	504	0	0	1	0	505
1809	513	0	0	1	0	514
1810	514	0	0	3	0	517
1811	1	0	546	0	0	547
1812	0	566	4	0	0	570
1813	2	4	2	602	0	610
1814	655	3	1	11	0	670
1815	669	1	0	5	0	675
1816	700	0	0	4	0	704
1817	720	0	0	1	0	721
1818	712	0	0	2	0	714
1819	689	0	0	2	0	691
1820	12	0	657	1	0	670
1821	4	0	675	0	0	679
1822	2	0	12	668	0	682
1823	1	1	671	9	0	682
1824	2	655	10	3	0	670
1825	3	673	3	1	0	680
1826	2	16	1	678	0	697
1827	1	4	711	11	0	727
1828	3	2	686	4	0	695
1829	680	0	13	5	0	698
1830	758	1	5	2	0	766
1831	18	2	2	754	0	776
1832	757	0	1	21	0	779
1833	16	0	2	762	0	780
1834	4	0	4	768	0	776
1835	2	2	767	19	0	790
1836	2	1	746	4	0	753
1837	2	1	18	759	0	780
1838	1	1	751	15	0	768
1839	709	0	16	8	0	733
1840	772	0	4	4	0	780
1841	19	778	3	2	0	802
1842	782	15	2	5	0	804
1843	19	3	772	3	0	797
1844	757	1	19	4	0	781
1845	793	0	5	4	0	802
1846	788	0	2	6	0	796
1847	22	2	2	759	0	785
1848	7	767	1	16	0	791
1849	777	16	2	9	0	804
1850	785	3	1	6	0	795
1851	28	1	2	767	0	798
1852	774	2	1	20	0	797
1853	22	788	1	5	0	816
1854	4	22	3	777	0	806
1855	7	6	757	20	0	790
1856	697	1	23	6	0	727
1857	25	3	757	2	0	787
1858	12	5	22	739	0	778
1859	4	741	4	18	0	767
1860	2	808	1	6	0	817
1861	2	31	3	797	0	833
1862	4	800	1	21	0	826
1863	5	31	1	1012	0	1049
1864	2	6	3	1080	0	1091
1865	7	4	0	1089	0	1100
1866	1027	4	3	50	0	1084
1867	42	2	0	1023	0	1067
1868	9	3	993	47	0	1052
1869	6	1004	38	13	0	1061
1870	991	41	8	13	0	1053
1871	47	9	5	993	0	1054
1872	10	4	1	1018	0	1033
1873	10	4	5	1037	0	1056
1874	4	3	979	56	0	1042
1875	4	973	41	16	0	1034
1876	973	45	6	19	0	1043
1877	45	8	6	926	0	985
1878	7	978	3	52	0	1040
1879	980	42	5	16	0	1043
1880	44	15	968	9	0	1036
1881	958	6	42	14	0	1020
1882	48	5	977	9	0	1039
1883	14	5	1002	8	0	1029
1884	9	957	49	6	0	1021
1885	9	44	15	920	0	988
1886	9	11	927	44	0	991
1887	5	906	48	13	0	972
1888	7	42	12	899	0	960
1889	3	910	10	38	0	961
1890	4	49	899	18	0	970
1891	9	11	50	897	0	967
1892	6	10	915	48	0	979
1893	9	10	48	895	0	962
1894	11	6	11	945	0	973
1895	2	5	909	53	0	969
1896	6	7	45	926	0	984
1897	892	3	16	54	0	965
1898	39	904	9	21	0	973
1899	14	42	902	16	0	974
1900	891	12	48	12	0	963
1901	47	8	18	868	0	941
1902	13	894	9	43	0	959
1903	907	40	7	19	0	973
1904	939	9	10	15	0	973
1905	55	14	5	885	0	959
1906	25	2	9	920	0	956
1907	14	12	6	926	0	958
1908	9	5	11	893	0	918
1909	11	870	4	59	0	944
1910	13	50	8	834	0	905
1911	7	818	5	49	0	879
1912	8	836	3	22	0	869
1913	4	814	13	16	0	847
1914	5	50	732	14	0	801
1915	10	748	39	12	0	809
1916	700	46	11	14	0	771
1917	33	704	9	18	0	764
1918	20	42	6	652	0	720
1919	13	703	10	31	0	757
1920	11	42	9	694	0	756
1921	19	10	5	731	0	765
1922	9	10	697	45	0	761
1923	672	7	40	21	0	740
1924	707	10	10	18	0	745
1925	708	11	11	14	0	744
1926	44	684	9	12	0	749
1927	11	45	8	662	0	726
1928	12	13	649	41	0	715
1929	6	651	36	17	0	710
1930	12	38	13	538	0	601
1931	7	588	10	29	0	634
1932	584	33	14	11	0	642
1933	603	11	7	19	0	640
1934	606	15	6	11	0	638
1935	602	6	11	11	0	630
1936	44	9	7	571	0	631
1937	25	8	6	580	0	619
1938	12	570	6	38	0	626
1939	15	36	8	570	0	629
1940	9	13	559	36	0	617
1941	8	10	27	563	0	608
1942	8	10	553	34	0	605
1943	11	545	32	15	0	603
1944	7	27	549	15	0	598
1945	8	8	35	550	0	601
1946	7	6	560	38	0	611
1947	10	6	32	552	0	600
1948	7	6	11	575	0	599
1949	7	11	8	565	0	591
1950	8	7	3	567	0	585
1951	526	8	8	37	0	579
1952	29	544	2	15	0	590
1953	520	25	4	13	0	562
1954	25	12	491	9	0	537
1955	495	7	21	11	0	534
1956	521	6	7	8	0	542
1957	27	8	497	11	0	543
1958	12	7	505	8	0	532
1959	8	483	25	12	0	528
1960	6	450	8	9	0	473
1961	7	24	403	10	0	444
1962	5	359	19	7	0	390
1963	9	12	9	153	0	183
1964	136	1	0	2	0	139
1965	2	0	0	136	0	138
1966	144	0	0	2	0	146
1967	140	0	0	2	0	142
1968	2	152	0	1	0	155
1969	148	1	0	1	0	150
1970	151	0	0	1	0	152
1971	1	0	0	145	0	146
1972	149	0	0	1	0	150
1973	0	151	0	0	0	151
1974	1	1	0	151	0	153
1975	150	1	1	1	0	153
1976	0	0	144	0	0	144
1977	148	1	0	1	0	150
1978	1	0	0	156	0	157
1979	0	0	157	0	0	157
1980	0	0	149	0	0	149
1981	146	0	0	2	0	148
1982	154	0	0	0	0	154
1983	0	0	0	152	0	152
1984	0	0	0	152	0	152
1985	0	0	0	153	0	153
1986	0	151	0	0	0	151
1987	156	0	2	0	0	158
1988	0	154	0	0	0	154
1989	152	0	0	1	0	153
1990	0	0	154	0	0	154
1991	0	0	0	154	0	154
1992	152	1	0	0	0	153
1993	0	0	0	152	0	152
1994	1	0	0	149	0	150
1995	0	144	0	3	0	147
1996	150	0	0	0	0	150
1997	0	153	0	0	0	153
1998	0	0	0	161	0	161
1999	0	0	160	0	0	160
2000	143	0	0	2	0	145
2001	0	0	157	0	0	157
2002	152	0	0	0	0	152
2003	0	160	0	0	0	160
2004	1	0	0	154	0	155
2005	0	162	0	0	0	162
2006	162	0	0	2	0	164
2007	0	1	0	165	0	166
2008	2	0	0	160	0	162
2009	0	0	159	1	0	160
2010	153	0	0	1	0	154
2011	0	0	1	161	0	162
2012	1	0	156	0	0	157
2013	0	153	0	1	0	154
2014	0	0	1	154	0	155
2015	158	1	0	0	0	159
2016	0	0	0	156	0	156
2017	1	0	153	0	0	154
2018	165	0	0	1	0	166
2019	1	0	1	161	0	163
2020	1	0	180	2	0	183
2021	1	0	2	184	0	187
2022	1	0	1	179	0	181
2023	0	184	0	4	0	188
2024	182	2	0	2	0	186
2025	1	189	0	0	0	190
2026	185	2	0	0	0	187
2027	2	1	0	186	0	189
2028	1	185	0	2	0	188
2029	0	2	0	185	0	187
2030	0	1	182	2	0	185
2031	177	0	2	2	0	181
2032	3	0	1	175	0	179
2033	1	1	0	175	0	177
2034	1	0	0	177	0	178
2035	0	0	173	3	0	176
2036	0	0	167	1	0	168
2037	0	168	3	0	0	171
2038	0	2	1	168	0	171
2039	166	1	0	1	0	168
2040	1	169	0	1	0	171
2041	3	2	0	174	0	179
2042	177	1	0	2	0	180
2043	177	0	0	2	0	179
2044	3	177	0	0	0	180
2045	192	2	0	1	0	195
2046	205	1	0	1	0	207
2047	4	0	0	216	0	220
2048	3	212	0	2	0	217
2049	1	3	0	219	0	223
2050	216	2	0	5	0	223
2051	3	1	219	2	0	225
2052	2	0	2	215	0	219
2053	1	0	1	215	0	217
2054	0	0	215	5	0	220
2055	2	0	3	214	0	219
2056	213	0	2	6	0	221
2057	201	2	2	2	0	207
2058	5	2	0	209	0	216
2059	2	0	205	3	0	210
2060	1	0	204	3	0	208
2061	0	200	5	2	0	207
2062	1	202	3	1	0	207
2063	1	4	2	195	0	202
2064	196	3	0	4	0	203
2065	4	200	0	2	0	206
2066	194	3	0	3	0	200
2067	6	3	0	191	0	200
2068	3	1	2	186	0	192
2069	177	0	1	7	0	185
2070	1	181	0	5	0	187
2071	184	1	2	2	0	189
2072	5	4	178	2	0	189
2073	4	1	181	1	0	187
2074	3	1	5	175	0	184
2075	1	1	179	4	0	185
2076	0	1	182	4	0	187
2077	1	0	5	173	0	179
2078	1	1	176	4	0	182
2079	0	2	5	170	0	177
2080	3	0	2	174	0	179
2081	2	0	177	5	0	184
2082	1	1	4	175	0	181
2083	1	0	2	179	0	182
2084	0	172	2	7	0	181
2085	174	3	1	3	0	181
2086	5	2	166	2	0	175
2087	2	3	4	166	0	175
2088	3	0	2	172	0	177
2089	0	0	169	7	0	176
2090	157	0	5	3	0	165
2091	3	167	2	4	0	176
2092	2	3	3	163	0	171
2093	2	3	1	170	0	176
2094	1	168	0	7	0	176
2095	0	2	165	3	0	170
2096	0	169	3	4	0	176
2097	157	4	2	4	0	167
2098	3	2	161	0	0	166
2099	5	0	3	158	0	166
2100	1	1	164	4	0	170
2101	0	1	162	3	0	166
2102	1	162	5	2	0	170
2103	1	4	3	153	0	161
2104	153	1	2	4	0	160
2105	156	2	0	1	0	159
2106	5	152	0	1	0	158
2107	3	3	1	157	0	164
2108	155	1	0	5	0	161
2109	156	1	0	3	0	160
2110	4	159	1	2	0	166
2111	163	5	0	0	0	168
2112	4	1	1	160	0	166
2113	2	161	1	3	0	167
2114	4	4	0	162	0	170
2115	0	1	1	162	0	164
2116	1	0	0	169	0	170
2117	1	0	163	5	0	169
2118	2	0	146	2	0	150
2119	0	152	2	1	0	155
2120	131	1	2	0	0	134
2121	2	127	1	1	0	131
2122	2	3	0	126	0	131
2123	1	2	132	2	0	137
2124	0	0	1	127	0	128
2125	1	0	1	130	0	132
2126	1	0	2	134	0	137
2127	133	1	1	4	0	139
2128	2	1	0	136	0	139
2129	2	0	141	2	0	145
2130	142	2	1	1	0	146
2131	142	0	1	3	0	146
2132	147	0	2	1	0	150
2133	146	0	0	4	0	150
2134	145	0	1	1	0	147
2135	3	145	1	1	0	150
2136	3	3	0	135	0	141
2137	2	142	0	2	0	146
2138	139	3	1	1	0	144
2139	139	1	0	2	0	142
2140	140	1	0	1	0	142
2141	4	133	0	1	0	138
2142	1	132	1	1	0	135
2143	2	133	0	1	0	136
2144	1	5	129	0	0	135
2145	2	8	1	105	0	116
2146	0	88	0	0	0	88
2147	0	86	0	0	0	86
2148	0	1	0	90	0	91
2149	0	0	0	86	0	86
2150	0	1	86	1	0	88
2151	85	0	1	0	0	86
2152	1	0	0	87	0	88
2153	0	0	0	87	0	87
2154	0	0	86	1	0	87
2155	0	0	79	0	0	79
2156	0	86	1	0	0	87
2157	0	1	0	86	0	87
2158	0	0	0	89	0	89
2159	0	0	89	1	0	90
2160	81	0	1	0	0	82
2161	89	0	0	0	0	89
2162	1	0	89	0	0	90
2163	89	0	1	0	0	90
2164	1	0	90	0	0	91
2165	85	0	1	1	0	87
2166	93	0	0	0	0	93
2167	1	0	93	0	0	94
2168	1	0	1	89	0	91
2169	0	0	0	88	0	88
2170	0	0	0	96	0	96
2171	94	0	0	1	0	95
2172	94	0	0	1	0	95
2173	1	0	91	0	0	92
2174	0	0	80	0	0	80
2175	89	0	1	0	0	90
2176	90	0	0	1	0	91
2177	1	0	91	0	0	92
2178	0	0	88	0	0	88
2179	0	0	2	87	0	89
2180	0	0	92	2	0	94
2181	0	0	2	91	0	93
2182	91	0	0	2	0	93
2183	2	0	102	1	0	105
2184	96	0	2	1	0	99
2185	2	0	117	0	0	119
2186	2	0	3	112	0	117
2187	1	0	1	122	0	124
2188	0	0	1	121	0	122
2189	0	125	0	4	0	129
2190	0	2	0	119	0	121
2191	0	1	0	125	0	126
2192	122	1	0	2	0	125
2193	2	0	116	2	0	120
2194	111	0	2	1	0	114
2195	3	0	120	0	0	123
2196	105	0	3	1	0	109
2197	3	121	1	0	0	125
2198	1	3	119	0	0	123
2199	1	0	116	0	0	117
2200	1	1	3	113	0	118
2201	1	0	2	119	0	122
2202	0	0	130	3	0	133
2203	0	0	135	2	0	137
2204	0	0	144	1	0	145
2205	148	0	4	1	0	153
2206	156	0	1	0	0	157
2207	155	0	1	1	0	157
2208	4	0	0	151	0	155
2209	3	0	0	151	0	154
2210	1	0	179	3	0	183
2211	1	0	2	179	0	182
2212	0	0	1	169	0	170
2213	175	0	1	3	0	179
2214	178	0	0	2	0	180
2215	181	0	0	1	0	182
2216	5	0	0	178	0	183
2217	2	0	0	182	0	184
2218	1	0	0	181	0	182
2219	180	0	0	5	0	185
2220	2	0	0	180	0	182
2221	1	178	1	3	0	183
2222	1	2	0	180	0	183
2223	0	170	0	2	0	172
2224	175	3	0	1	0	179
2225	173	1	0	0	0	174
2226	3	174	0	0	0	177
2227	2	176	0	0	0	178
2228	1	3	0	173	0	177
2229	0	1	174	1	0	176
2230	0	1	2	180	0	183
2231	0	0	183	3	0	186
2232	0	182	3	1	0	186
2233	0	2	1	184	0	187
2234	0	1	1	187	0	189
2235	0	1	196	3	0	200
2236	1	0	2	193	0	196
2237	0	0	210	3	0	213
2238	203	0	3	3	0	209
2239	210	0	0	1	0	211
2240	213	0	1	2	0	216
2241	5	0	0	204	0	209
2242	3	0	1	208	0	212
2243	1	0	217	3	0	221
2244	1	0	2	216	0	219
2245	2	220	2	3	0	227
2246	0	3	227	1	0	231
2247	0	1	222	1	0	224
2248	2	2	2	196	0	202
2249	0	0	223	1	0	224
2250	0	1	225	2	0	228
2251	211	0	2	1	0	214
2252	1	260	3	1	0	265
2253	267	1	0	1	0	269
2254	272	1	0	0	0	273
2255	274	1	0	2	0	277
2256	4	0	0	274	0	278
2257	2	0	0	276	0	278
2258	1	1	277	2	0	281
2259	0	0	1	276	0	277
2260	0	283	1	3	0	287
2261	283	1	1	2	0	287
2262	1	283	1	2	0	287
2263	2	287	1	0	0	290
2264	1	3	1	286	0	291
2265	2	1	289	1	0	293
2266	0	2	1	285	0	288
2267	1	0	293	3	0	297
2268	0	282	3	2	0	287
2269	289	1	1	2	0	293
2270	292	1	1	1	0	295
2271	298	1	0	1	0	300
2272	3	1	315	0	0	319
2273	2	1	313	0	0	316
2274	329	0	2	1	0	332
2275	331	0	1	1	0	333
2276	334	0	1	1	0	336
2277	2	0	0	335	0	337
2278	3	0	0	338	0	341
2279	337	0	0	2	0	339
2280	330	0	0	3	0	333
2281	0	2	352	1	0	355
2282	1	0	350	0	0	351
2283	333	0	0	2	0	335
2284	0	0	357	0	0	357
2285	341	0	0	0	0	341
2286	0	0	355	0	0	355
2287	0	0	0	343	0	343
2288	1	0	372	0	0	373
2289	0	0	0	376	0	376
2290	1	0	0	382	0	383
2291	0	389	1	0	0	390
2292	400	0	0	2	0	402
2293	0	1	408	0	0	409
2294	391	0	0	2	0	393
2295	0	414	1	0	0	415
2296	433	0	0	2	0	435
2297	0	0	0	435	0	435
2298	1	0	0	429	0	430
2299	0	453	0	0	0	453
2300	0	0	0	471	0	471
2301	0	0	0	466	0	466
2302	0	0	0	465	0	465
2303	461	1	0	3	0	465
2304	447	0	0	2	0	449
2305	1	1	448	1	0	451
2306	0	454	0	2	0	456
2307	2	0	1	460	0	463
2308	1	0	0	470	0	471
2309	0	0	466	2	0	468
2310	1	0	1	437	0	439
2311	443	0	1	2	0	446
2312	440	0	0	3	0	443
2313	439	0	1	1	0	441
2314	2	0	0	449	0	451
2315	477	0	0	4	0	481
2316	480	0	0	3	0	483
2317	486	0	0	3	0	489
2318	2	0	1	475	0	478
2319	3	0	0	483	0	486
2320	1	0	0	487	0	488
2321	1	0	0	478	0	479
2322	1	0	1	478	0	480
2323	0	1	473	4	0	478
2324	2	0	468	2	0	472
2325	0	469	2	1	0	472
2326	1	1	1	471	0	474
2327	0	1	1	478	0	480
2328	0	0	0	479	0	479
2329	0	2	474	3	0	479
2330	1	0	1	462	0	464
2331	0	0	470	3	0	473
2332	1	0	2	463	0	466
2333	0	0	485	1	0	486
2334	0	480	2	3	0	485
2335	0	1	1	471	0	473
2336	0	1	464	4	0	469
2337	414	1	2	3	0	420
2338	2	458	1	0	0	461
2339	2	1	1	466	0	470
2340	0	463	2	1	0	466
2341	2	1	0	461	0	464
2342	460	1	1	5	0	467
2343	2	1	1	446	0	450
2344	1	447	1	3	0	452
2345	442	1	1	4	0	448
2346	3	2	0	449	0	454
2347	2	2	0	453	0	457
2348	456	1	0	6	0	463
2349	2	1	0	495	0	498
2350	3	0	0	621	0	624
2351	2	0	638	11	0	651
2352	1	0	618	7	0	626
2353	5	1	14	607	0	627
2354	1	0	617	13	0	631
2355	0	0	615	5	0	620
2356	578	0	14	4	0	596
2357	15	2	608	3	0	628
2358	4	614	16	3	0	637
2359	2	11	4	624	0	641
2360	638	3	2	13	0	656
2361	649	0	5	7	0	661
2362	645	3	0	3	0	651
2363	17	639	3	3	0	662
2364	12	14	1	635	0	662
2365	6	5	1	644	0	656
2366	615	0	1	18	0	634
2367	637	3	1	6	0	647
2368	642	1	0	5	0	648
2369	17	1	626	5	0	649
2370	9	611	16	2	0	638
2371	5	705	9	3	0	722
2372	7	19	3	677	0	706
2373	6	9	6	719	0	740
2374	3	4	714	28	0	749
2375	691	2	18	15	0	726
2376	715	2	13	8	0	738
2377	30	3	6	704	0	743
2378	19	5	4	712	0	740
2379	13	3	2	720	0	738
2380	709	2	1	30	0	742
2381	20	1	680	18	0	719
2382	17	3	685	6	0	711
2383	8	4	26	677	0	715
2384	8	2	679	21	0	710
2385	665	1	23	18	0	707
2386	681	0	14	5	0	700
2387	685	0	4	9	0	698
2388	34	658	7	1	0	700
2389	661	20	6	4	0	691
2390	25	14	5	649	0	693
2391	21	6	3	662	0	692
2392	7	6	3	672	0	688
2393	8	2	646	35	0	691
2394	10	2	20	635	0	667
2395	13	639	11	23	0	686
2396	622	18	5	15	0	660
2397	20	639	4	12	0	675
2398	13	19	629	15	0	676
2399	6	625	21	11	0	663
2400	593	19	15	10	0	637
2401	17	601	14	4	0	636
2402	16	20	11	545	0	592
2403	6	601	7	20	0	634
2404	587	19	9	15	0	630
2405	610	13	5	5	0	633
2406	595	4	7	5	0	611
2407	36	9	585	1	0	631
2408	22	3	592	4	0	621
2409	11	6	594	5	0	616
2410	578	3	29	13	0	623
2411	27	4	15	575	0	621
2412	17	1	8	595	0	621
2413	9	4	581	30	0	624
2414	14	3	20	574	0	611
2415	544	9	15	21	0	589
2416	24	554	6	16	0	600
2417	562	22	8	9	0	601
2418	25	15	560	5	0	605
2419	560	9	18	7	0	594
2420	570	6	14	7	0	597
2421	577	7	9	6	0	599
2422	34	6	549	6	0	595
2423	29	7	18	548	0	602
2424	11	7	553	23	0	594
2425	20	2	23	550	0	595
2426	10	3	565	21	0	599
2427	18	1	25	551	0	595
2428	11	5	19	560	0	595
2429	551	1	14	34	0	600
2430	551	2	8	19	0	580
2431	565	2	4	14	0	585
2432	35	2	8	532	0	577
2433	19	478	9	29	0	535
2434	11	535	6	20	0	572
2435	535	24	6	7	0	572
2436	27	16	522	7	0	572
2437	542	7	20	5	0	574
2438	26	4	523	6	0	559
2439	533	4	21	10	0	568
2440	496	4	17	8	0	525
2441	40	4	514	8	0	566
2442	522	3	26	13	0	564
2443	531	3	15	13	0	562
2444	539	3	15	7	0	564
2445	32	516	8	12	0	568
2446	27	27	8	495	0	557
2447	14	11	511	26	0	562
2448	13	7	512	17	0	549
2449	13	456	31	7	0	507
2450	10	301	11	4	0	326
2451	10	14	7	272	0	303
2452	262	8	2	12	0	284
2453	8	277	3	11	0	299
2454	10	9	2	275	0	296
2455	7	273	3	8	0	291
2456	279	8	3	9	0	299
2457	13	7	3	275	0	298
2458	8	5	269	8	0	290
2459	4	241	8	10	0	263
2460	3	251	7	4	0	265
2461	2	12	5	222	0	241
2462	4	243	0	7	0	254
2463	3	9	3	231	0	246
2464	232	5	1	9	0	247
2465	232	6	1	6	0	245
2466	244	0	3	5	0	252
2467	250	4	2	1	0	257
2468	12	1	245	1	0	259
2469	8	225	7	1	0	241
2470	5	230	4	0	0	239
2471	2	160	1	2	0	165
2472	1	158	0	0	0	159
2473	145	3	3	2	0	153
2474	143	2	0	1	0	146
2475	150	0	0	1	0	151
2476	150	0	0	0	0	150
2477	5	1	156	0	0	162
2478	163	0	4	0	0	167
2479	173	0	2	2	0	177
2480	176	0	0	0	0	176
2481	6	0	0	171	0	177
2482	2	0	0	176	0	178
2483	169	0	0	6	0	175
2484	5	0	0	169	0	174
2485	2	170	0	3	0	175
2486	0	3	0	173	0	176
2487	0	2	0	173	0	175
2488	0	170	0	5	0	175
2489	0	3	0	174	0	177
2490	0	2	0	175	0	177
2491	171	0	0	5	0	176
2492	3	0	164	2	0	169
2493	168	0	3	0	0	171
2494	3	1	168	0	0	172
2495	2	0	166	0	0	168
2496	0	0	165	0	0	165
2497	169	0	5	0	0	174
2498	3	0	180	0	0	183
2499	177	0	4	1	0	182
2500	184	0	3	0	0	187
2501	185	0	0	1	0	186
2502	5	182	0	0	0	187
2503	187	3	0	0	0	190
2504	3	187	0	1	0	191
2505	5	3	0	187	0	195
2506	0	3	0	189	0	192
2507	0	189	1	6	0	196
2508	0	185	1	3	0	189
2509	0	194	0	0	0	194
2510	188	4	0	2	0	194
2511	3	202	0	0	0	205
2512	201	3	0	2	0	206
2513	4	3	194	0	0	201
2514	194	0	3	0	0	197
2515	198	0	3	3	0	204
2516	7	0	190	0	0	197
2517	3	0	4	190	0	197
2518	0	1	197	3	0	201
2519	0	1	3	195	0	199
2520	1	0	3	195	0	199
2521	194	1	0	7	0	202
2522	189	0	0	5	0	194
2523	7	193	0	0	0	200
2524	195	3	0	1	0	199
2525	4	3	200	0	0	207
2526	197	0	4	0	0	201
2527	5	1	210	0	0	216
2528	4	0	205	0	0	209
2529	211	0	7	0	0	218
2530	217	0	3	2	0	222
2531	6	0	236	1	0	243
2532	4	1	3	224	0	232
2533	0	0	3	239	0	242
2534	0	2	236	6	0	244
2535	1	0	3	233	0	237
2536	1	224	3	2	0	230
2537	0	4	1	239	0	244
2538	0	3	0	234	0	237
2539	0	0	234	7	0	241
2540	218	1	5	4	0	228
2541	241	0	4	1	0	246
2542	243	1	0	1	0	245
2543	238	0	1	1	0	240
2544	7	230	0	1	0	238
2545	6	3	2	229	0	240
2546	3	3	224	3	0	233
2547	2	0	228	3	0	233
2548	4	0	6	208	0	218
2549	2	0	220	4	0	226
2550	212	0	2	4	0	218
2551	4	1	3	217	0	225
2552	6	0	1	213	0	220
2553	0	2	0	215	0	217
2554	207	0	0	9	0	216
2555	3	211	1	5	0	220
2556	211	4	0	1	0	216
2557	206	3	0	3	0	212
2558	6	201	0	2	0	209
2559	4	214	0	1	0	219
2560	210	6	1	3	0	220
2561	4	3	1	213	0	221
2562	4	0	2	211	0	217
2563	217	0	1	6	0	224
2564	3	1	213	3	0	220
2565	208	1	3	0	0	212
2566	208	0	4	0	0	212
2567	7	211	0	0	0	218
2568	223	3	0	1	0	227
2569	224	3	0	1	0	228
2570	6	255	1	0	0	262
2571	4	254	0	0	0	258
2572	3	7	0	242	0	252
2573	246	4	0	5	0	255
2574	4	243	0	3	0	250
2575	5	4	0	247	0	256
2576	244	6	0	7	0	257
2577	4	2	235	5	0	246
2578	6	1	4	228	0	239
2579	1	0	237	4	0	242
2580	223	1	4	5	0	233
2581	234	0	5	2	0	241
2582	11	1	236	0	0	248
2583	5	236	5	0	0	246
2584	2	4	5	236	0	247
2585	1	5	242	4	0	252
2586	1	0	5	245	0	251
2587	2	0	5	251	0	258
2588	0	1	243	9	0	253
2589	231	1	4	5	0	241
2590	241	0	5	2	0	248
2591	9	0	247	0	0	256
2592	5	243	4	1	0	253
2593	3	4	5	234	0	246
2594	0	240	3	4	0	247
2595	1	243	0	5	0	249
2596	240	8	0	1	0	249
2597	5	4	2	237	0	248
2598	7	1	0	235	0	243
2599	1	0	236	8	0	245
2600	0	0	232	4	0	236
2601	0	2	8	232	0	242
2602	3	0	4	240	0	247
2603	0	1	238	9	0	248
2604	0	2	239	4	0	245
2605	4	0	9	231	0	244
2606	231	0	5	8	0	244
2607	5	242	0	6	0	253
2608	247	5	1	2	0	255
2609	6	247	2	0	0	255
2610	5	254	1	2	0	262
2611	243	9	0	4	0	256
2612	7	4	247	0	0	258
2613	5	1	7	240	0	253
2614	1	0	4	255	0	260
2615	1	1	1	261	0	264
2616	1	2	254	9	0	266
2617	4	0	5	261	0	270
2618	261	1	6	6	0	274
2619	6	2	0	273	0	281
2620	5	0	1	280	0	286
2621	277	0	3	11	0	291
2622	272	0	1	7	0	280
2623	9	276	0	5	0	290
2624	5	5	276	1	0	287
2625	1	4	272	2	0	279
2626	1	0	271	3	0	275
2627	2	259	10	0	0	271
2628	1	8	5	249	0	263
2629	2	4	1	258	0	265
2630	255	2	0	8	0	265
2631	7	2	0	245	0	254
2632	6	1	245	6	0	258
2633	4	0	8	244	0	256
2634	2	0	5	252	0	259
2635	0	1	247	11	0	259
2636	0	247	7	5	0	259
2637	2	6	4	233	0	245
2638	0	250	0	7	0	257
2639	2	8	247	4	0	261
2640	241	5	7	4	0	257
2641	244	0	4	2	0	250
2642	251	0	0	1	0	252
2643	11	2	0	235	0	248
2644	5	237	3	6	0	251
2645	236	8	2	2	0	248
2646	241	4	2	3	0	250
2647	241	2	2	0	0	245
2648	10	2	237	1	0	250
2649	227	0	6	5	0	238
2650	7	237	6	2	0	252
2651	231	7	0	4	0	242
2652	6	238	2	4	0	250
2653	236	7	2	3	0	248
2654	9	3	238	3	0	253
2655	232	0	7	3	0	242
2656	236	1	6	3	0	246
2657	227	3	1	1	0	232
2658	246	1	0	2	0	249
2659	8	4	231	0	0	243
2660	4	2	8	225	0	239
2661	227	1	4	7	0	239
2662	10	226	1	4	0	241
2663	7	8	2	220	0	237
2664	2	4	225	8	0	239
2665	2	1	5	224	0	232
2666	2	1	221	8	0	232
2667	4	214	7	4	0	229
2668	1	200	6	0	0	207
2669	3	204	1	3	0	211
2670	1	10	2	157	0	170
2671	1	2	1	163	0	167
2672	1	1	156	5	0	163
2673	2	146	3	0	0	151
2674	140	2	1	0	0	143
2675	2	130	0	1	0	133
2676	2	135	0	0	0	137
2677	5	3	0	129	0	137
2678	131	0	0	2	0	133
2679	134	0	0	0	0	134
2680	2	0	1	129	0	132
2681	126	0	0	3	0	129
2682	2	1	0	126	0	129
2683	0	1	121	3	0	125
2684	122	0	3	1	0	126
2685	2	0	1	123	0	126
2686	0	0	117	2	0	119
2687	0	1	115	0	0	116
2688	1	1	2	118	0	122
2689	122	1	1	2	0	126
2690	125	0	0	1	0	126
2691	2	126	0	1	0	129
2692	130	2	1	0	0	133
2693	126	2	0	0	0	128
2694	132	0	0	0	0	132
2695	2	129	1	0	0	132
2696	131	3	0	0	0	134
2697	133	0	0	2	0	135
2698	4	0	0	131	0	135
2699	129	0	0	2	0	131
2700	2	129	1	1	0	133
2701	1	134	0	1	0	136
2702	1	2	0	134	0	137
2703	2	1	1	134	0	138
2704	1	138	0	3	0	142
2705	139	1	1	1	0	142
2706	1	139	2	1	0	143
2707	131	1	3	1	0	136
2708	1	140	1	1	0	143
2709	1	1	1	133	0	136
2710	0	141	0	1	0	142
2711	141	2	0	2	0	145
2712	141	0	0	1	0	142
2713	136	0	1	1	0	138
2714	2	1	132	0	0	135
2715	1	1	129	0	0	131
2716	1	127	1	0	0	129
2717	1	2	120	0	0	123
2718	0	0	118	1	0	119
2719	2	1	1	106	0	110
2720	1	1	108	0	0	110
2721	0	114	0	1	0	115
2722	115	0	0	0	0	115
2723	0	110	0	1	0	111
2724	0	114	1	0	0	115
2725	125	0	0	0	0	125
2726	124	0	0	1	0	125
2727	0	130	1	0	0	131
2728	130	0	1	0	0	131
2729	130	0	0	1	0	131
2730	133	0	0	0	0	133
2731	1	0	128	0	0	129
2732	0	1	123	0	0	124
2733	1	0	0	130	0	131
2734	1	0	0	129	0	130
2735	130	0	0	1	0	131
2736	0	126	0	0	0	126
2737	1	0	0	126	0	127
2738	1	0	0	127	0	128
2739	0	0	0	132	0	132
2740	3	0	0	125	0	128
2741	0	1	127	0	0	128
2742	0	1	123	0	0	124
2743	0	2	0	126	0	128
2744	0	0	133	1	0	134
2745	130	1	0	0	0	131
2746	1	0	0	133	0	134
2747	0	1	134	0	0	135
2748	130	0	0	0	0	130
2749	0	135	0	0	0	135
2750	132	0	0	0	0	132
2751	0	144	0	0	0	144
2752	0	0	0	140	0	140
2753	0	0	149	0	0	149
2754	0	0	0	141	0	141
2755	0	0	142	0	0	142
2756	141	0	0	0	0	141
2757	0	0	0	143	0	143
2758	143	0	0	1	0	144
2759	0	0	143	0	0	143
2760	144	0	0	1	0	145
2761	151	0	0	1	0	152
2762	0	0	155	1	0	156
2763	0	0	1	149	0	150
2764	0	0	158	0	0	158
2765	0	154	0	1	0	155
2766	154	1	1	0	0	156
2767	153	0	0	2	0	155
2768	0	0	154	1	0	155
2769	0	0	156	0	0	156
2770	0	0	0	157	0	157
2771	1	1	0	150	0	152
2772	159	0	0	0	0	159
2773	0	160	0	0	0	160
2774	162	0	0	1	0	163
2775	167	0	1	3	0	171
2776	0	0	163	1	0	164
2777	152	0	1	0	0	153
2778	0	0	165	0	0	165
2779	0	0	0	175	0	175
2780	1	0	176	0	0	177
2781	0	0	0	173	0	173
2782	1	0	181	0	0	182
2783	177	0	0	0	0	177
2784	179	0	1	0	0	180
2785	0	0	0	177	0	177
2786	186	0	1	0	0	187
2787	0	1	0	195	0	196
2788	1	204	1	0	0	206
2789	208	0	0	1	0	209
2790	0	199	1	0	0	200
2791	1	0	1	202	0	204
2792	0	1	0	200	0	201
2793	0	0	0	204	0	204
2794	2	0	0	198	0	200
2795	0	1	203	0	0	204
2796	182	0	0	1	0	183
2797	197	0	0	0	0	197
2798	0	197	1	0	0	198
2799	1	0	0	198	0	199
2800	0	0	1	197	0	198
2801	0	0	194	0	0	194
2802	187	0	0	0	0	187
2803	0	0	0	195	0	195
2804	0	2	191	0	0	193
2805	187	0	0	0	0	187
2806	191	0	0	1	0	192
2807	187	0	0	1	0	188
2808	1	0	186	0	0	187
2809	0	1	187	1	0	189
2810	191	1	1	0	0	193
2811	0	0	0	194	0	194
2812	2	1	0	197	0	200
2813	0	0	202	1	0	203
2814	195	0	0	2	0	197
2815	0	0	0	200	0	200
2816	211	0	0	1	0	212
2817	212	0	1	1	0	214
2818	215	0	0	1	0	216
2819	1	0	226	0	0	227
2820	1	1	1	226	0	229
2821	226	0	1	2	0	229
2822	1	235	0	1	0	237
2823	1	1	1	237	0	240
2824	3	0	0	231	0	234
2825	230	0	1	2	0	233
2826	226	0	2	1	0	229
2827	1	0	0	222	0	223
2828	1	0	218	2	0	221
2829	211	0	1	0	0	212
2830	0	1	225	0	0	226
2831	226	0	2	0	0	228
2832	239	0	0	0	0	239
2833	1	0	238	1	0	240
2834	2	0	1	234	0	237
2835	0	0	246	1	0	247
2836	1	257	1	1	0	260
2837	0	3	1	249	0	253
2838	0	255	1	3	0	259
2839	0	4	1	261	0	266
2840	0	0	265	4	0	269
2841	1	263	5	0	0	269
2842	0	273	0	1	0	274
2843	1	6	0	273	0	280
2844	273	1	0	5	0	279
2845	4	3	0	304	0	311
2846	309	0	0	5	0	314
2847	4	308	1	1	0	314
2848	346	4	0	4	0	354
2849	6	1	357	1	0	365
2850	4	1	5	345	0	355
2851	2	0	1	345	0	348
2852	0	0	348	6	0	354
2853	334	0	4	4	0	342
2854	342	0	1	2	0	345
2855	6	337	3	0	0	346
2856	3	7	0	316	0	326
2857	4	344	1	5	0	354
2858	1	7	332	2	0	342
2859	1	3	338	3	0	345
2860	1	3	6	338	0	348
2861	334	0	4	6	0	344
2862	6	331	3	1	0	341
2863	337	5	0	2	0	344
2864	7	2	326	0	0	335
2865	329	2	5	2	0	338
2866	329	1	1	2	0	333
2867	6	0	332	0	0	338
2868	4	1	5	324	0	334
2869	329	1	1	5	0	336
2870	326	1	2	2	0	331
2871	327	1	0	4	0	332
2872	9	2	0	316	0	327
2873	4	0	312	4	0	320
2874	308	1	5	3	0	317
2875	7	0	314	1	0	322
2876	1	0	9	315	0	325
2877	3	1	1	317	0	322
2878	2	320	2	6	0	330
2879	1	6	311	3	0	321
2880	3	309	4	3	0	319
2881	2	313	1	2	0	318
2882	0	6	5	304	0	315
2883	1	3	301	7	0	312
2884	1	2	5	299	0	307
2885	1	1	306	8	0	316
2886	3	0	7	296	0	306
2887	2	1	2	297	0	302
2888	2	0	284	7	0	293
2889	3	3	5	278	0	289
2890	3	1	284	6	0	294
2891	1	1	292	3	0	297
2892	2	285	7	4	0	298
2893	279	7	3	3	0	292
2894	4	1	286	2	0	293
2895	279	3	6	2	0	290
2896	11	1	2	282	0	296
2897	2	3	283	6	0	294
2898	3	280	7	5	0	295
2899	6	7	2	273	0	288
2900	0	2	286	6	0	294
2901	4	3	7	264	0	278
2902	1	274	4	9	0	288
2903	279	5	4	2	0	290
2904	6	2	1	278	0	287
2905	271	3	2	8	0	284
2906	280	0	5	3	0	288
2907	278	3	1	2	0	284
2908	285	1	0	3	0	289
2909	274	0	4	3	0	281
2910	8	266	1	4	0	279
2911	3	5	0	269	0	277
2912	6	2	2	271	0	281
2913	3	3	2	268	0	276
2914	1	0	256	13	0	270
2915	2	256	9	5	0	272
2916	256	5	2	5	0	268
2917	253	3	6	1	0	263
2918	8	249	1	2	0	260
2919	3	247	1	2	0	253
2920	246	7	0	2	0	255
2921	7	2	239	1	0	249
2922	3	4	5	233	0	245
2923	235	2	5	7	0	249
2924	6	1	4	227	0	238
2925	4	227	4	7	0	242
2926	2	4	2	232	0	240
2927	0	3	237	10	0	250
2928	225	2	5	5	0	237
2929	244	2	4	5	0	255
2930	10	2	5	230	0	247
2931	7	0	1	237	0	245
2932	227	0	3	6	0	236
2933	7	222	2	4	0	235
2934	4	8	0	218	0	230
2935	7	3	1	216	0	227
2936	194	3	3	7	0	207
2937	5	198	0	6	0	209
2938	197	1	1	3	0	202
2939	4	189	1	5	0	199
2940	1	191	1	1	0	194
2941	185	3	0	2	0	190
2942	3	179	3	1	0	186
2943	3	6	1	167	0	177
2944	5	2	165	3	0	175
2945	3	2	127	0	0	132
2946	1	0	120	2	0	123
2947	1	119	5	0	0	125
2948	75	2	4	2	0	83
2949	0	1	2	72	0	75
2950	2	1	0	73	0	76
2951	2	0	68	1	0	71
2952	74	0	0	2	0	76
2953	0	0	1	80	0	81
2954	2	0	1	78	0	81
2955	1	1	0	77	0	79
2956	77	0	0	3	0	80
2957	0	0	73	3	0	76
2958	74	0	0	2	0	76
2959	1	1	0	76	0	78
2960	2	0	77	0	0	79
2961	75	0	0	1	0	76
2962	0	1	82	1	0	84
2963	2	0	1	77	0	80
2964	1	1	81	0	0	83
2965	0	0	80	2	0	82
2966	72	0	2	2	0	76
2967	0	0	78	0	0	78
2968	1	0	2	75	0	78
2969	76	2	1	0	0	79
2970	0	0	1	78	0	79
2971	1	0	76	2	0	79
2972	1	0	78	2	0	81
2973	0	76	2	1	0	79
2974	2	1	2	71	0	76
2975	71	0	1	1	0	73
2976	0	69	0	1	0	70
2977	71	0	0	2	0	73
2978	2	2	0	68	0	72
2979	71	1	1	0	0	73
2980	2	70	0	1	0	73
2981	1	0	0	72	0	73
2982	68	1	2	0	0	71
2983	1	69	1	1	0	72
2984	1	0	2	70	0	73
2985	1	2	0	69	0	72
2986	68	1	1	1	0	71
2987	0	0	1	70	0	71
2988	2	0	0	71	0	73
2989	1	0	2	71	0	74
2990	1	0	71	3	0	75
2991	68	0	0	2	0	70
2992	0	0	1	90	0	91
2993	2	0	93	2	0	97
2994	92	1	2	0	0	95
2995	2	1	99	1	0	103
2996	3	1	3	94	0	101
2997	2	98	1	3	0	104
2998	0	2	2	104	0	108
2999	2	2	104	3	0	111
3000	0	0	108	3	0	111
3001	1	0	4	106	0	111
3002	0	1	109	2	0	112
3003	104	0	5	2	0	111
3004	4	1	101	1	0	107
3005	2	1	4	98	0	105
3006	1	0	1	107	0	109
3007	1	0	1	103	0	105
3008	101	0	1	5	0	107
3009	102	0	1	3	0	106
3010	102	0	1	3	0	106
3011	4	1	0	104	0	109
3012	2	0	1	107	0	110
3013	5	0	100	3	0	108
3014	0	2	101	4	0	107
3015	2	98	5	1	0	106
3016	1	5	2	89	0	97
3017	1	0	2	86	0	89
3018	1	93	0	3	0	97
3019	90	3	1	2	0	96
3020	3	88	0	2	0	93
3021	93	3	2	1	0	99
3022	2	0	2	94	0	98
3023	92	0	0	5	0	97
3024	3	0	1	93	0	97
3025	1	0	93	4	0	98
3026	2	0	3	93	0	98
3027	91	0	0	5	0	96
3028	2	0	2	90	0	94
3029	1	0	2	90	0	93
3030	2	1	87	3	0	93
3031	1	0	4	85	0	90
3032	2	0	0	87	0	89
3033	0	88	0	3	0	91
3034	1	2	0	90	0	93
3035	0	1	2	91	0	94
3036	2	0	1	86	0	89
3037	0	85	1	3	0	89
3038	0	1	2	85	0	88
3039	84	0	0	4	0	88
3040	2	81	3	0	0	86
3041	1	77	0	1	0	79
3042	0	83	1	1	0	85
3043	2	2	0	75	0	79
3044	1	74	0	3	0	78
3045	2	82	0	1	0	85
3046	82	2	1	1	0	86
3047	3	0	77	1	0	81
3048	78	0	2	2	0	82
3049	2	0	1	77	0	80
3050	0	1	80	3	0	84
3051	79	1	2	2	0	84
3052	3	0	78	1	0	82
3053	0	0	78	2	0	80
3054	79	1	2	3	0	85
3055	2	2	1	78	0	83
3056	1	1	81	4	0	87
3057	85	0	4	1	0	90
3058	87	0	1	2	0	90
3059	3	0	84	2	0	89
3060	86	0	2	3	0	91
3061	91	0	0	1	0	92
3062	3	0	85	1	0	89
3063	84	1	2	1	0	88
3064	87	1	0	3	0	91
3065	2	0	80	3	0	85
3066	1	1	90	0	0	92
3067	1	1	3	84	0	89
3068	2	1	85	3	0	91
3069	87	1	2	2	0	92
3070	4	0	0	86	0	90
3071	0	1	1	90	0	92
3072	1	0	88	3	0	92
3073	0	3	2	86	0	91
3074	1	0	83	4	0	88
3075	84	0	3	1	0	88
3076	90	2	0	0	0	92
3077	3	1	86	2	0	92
3078	83	2	4	0	0	89
3079	88	0	0	2	0	90
3080	4	0	85	1	0	90
3081	84	1	3	1	0	89
3082	86	0	0	2	0	88
3083	2	1	86	0	0	89
3084	86	0	3	2	0	91
3085	4	0	85	2	0	91
3086	1	0	3	87	0	91
3087	1	0	1	87	0	89
3088	0	0	3	88	0	91
3089	0	0	83	5	0	88
3090	84	1	3	1	0	89
3091	3	1	79	2	0	85
3092	0	56	0	0	0	56
3093	0	55	0	0	0	55
3094	55	1	0	0	0	56
3095	0	0	0	49	0	49
3096	0	52	0	0	0	52
3097	47	0	0	0	0	47
3098	48	0	1	0	0	49
3099	0	51	0	1	0	52
3100	0	0	0	46	0	46
3101	1	47	0	0	0	48
3102	49	0	0	1	0	50
3103	48	0	0	1	0	49
3104	0	0	1	49	0	50
3105	49	0	0	2	0	51
3106	0	0	1	50	0	51
3107	1	0	49	0	0	50
3108	51	0	0	0	0	51
3109	0	0	51	0	0	51
3110	0	0	0	47	0	47
3111	50	0	0	0	0	50
3112	0	0	1	49	0	50
3113	1	0	49	0	0	50
3114	1	0	44	0	0	45
3115	0	0	1	47	0	48
3116	45	0	0	1	0	46
3117	0	47	1	1	0	49
3118	0	0	0	48	0	48
3119	0	0	48	1	0	49
3120	46	0	0	1	0	47
3121	45	0	1	0	0	46
3122	1	0	50	0	0	51
3123	47	0	1	0	0	48
3124	0	1	0	50	0	51
3125	0	1	48	0	0	49
3126	47	0	0	0	0	47
3127	0	0	0	48	0	48
3128	0	1	0	43	0	44
3129	46	0	0	0	0	46
3130	1	43	0	0	0	44
3131	0	42	0	0	0	42
3132	41	0	0	1	0	42
3133	41	1	0	0	0	42
3134	1	0	38	1	0	40
3135	1	0	43	0	0	44
3136	0	0	0	43	0	43
3137	44	0	0	0	0	44
3138	45	0	0	1	0	46
3139	43	0	1	0	0	44
3140	2	44	0	0	0	46
3141	0	46	1	0	0	47
3142	1	1	0	47	0	49
3143	1	0	0	49	0	50
3144	0	0	0	51	0	51
3145	0	0	50	1	0	51
3146	0	0	49	0	0	49
3147	49	0	1	1	0	51
3148	58	0	0	0	0	58
3149	1	1	0	55	0	57
3150	0	0	0	57	0	57
3151	0	0	1	56	0	57
3152	1	0	53	1	0	55
3153	1	0	56	0	0	57
3154	0	0	2	54	0	56
3155	1	0	54	1	0	56
3156	1	50	1	0	0	52
3157	0	52	1	0	0	53
3158	54	1	0	0	0	55
3159	1	55	0	1	0	57
3160	0	1	0	56	0	57
3161	0	0	0	55	0	55
3162	0	57	0	0	0	57
3163	0	2	0	59	0	61
3164	1	0	58	1	0	60
3165	1	61	1	0	0	63
3166	0	1	0	59	0	60
3167	0	0	58	1	0	59
3168	0	57	1	0	0	58
3169	0	1	0	58	0	59
3170	0	57	0	0	0	57
3171	0	1	0	59	0	60
3172	0	0	0	57	0	57
3173	0	57	0	1	0	58
3174	54	1	0	1	0	56
3175	54	0	0	1	0	55
3176	1	54	0	0	0	55
3177	0	55	0	0	0	55
3178	0	1	0	54	0	55
3179	0	0	55	0	0	55
3180	51	0	1	0	0	52
3181	53	0	0	0	0	53
3182	1	0	53	0	0	54
3183	51	0	1	2	0	54
3184	54	0	0	0	0	54
3185	1	0	54	0	0	55
3186	48	0	1	0	0	49
3187	1	0	53	0	0	54
3188	0	52	1	0	0	53
3189	52	1	0	1	0	54
3190	52	0	0	0	0	52
3191	1	0	52	0	0	53
3192	55	0	1	0	0	56
3193	57	0	0	0	0	57
3194	1	0	56	0	0	57
3195	55	0	1	0	0	56
3196	56	0	0	2	0	58
3197	1	0	56	0	0	57
3198	56	0	1	1	0	58
3199	2	0	0	55	0	57
3200	0	0	0	58	0	58
3201	0	0	57	1	0	58
3202	0	0	57	0	0	57
3203	0	0	1	55	0	56
3204	0	0	0	57	0	57
3205	58	0	0	1	0	59
3206	1	0	58	0	0	59
3207	59	0	1	0	0	60
3208	1	0	0	66	0	67
3209	0	0	66	1	0	67
3210	70	0	1	0	0	71
3211	1	0	0	75	0	76
3212	0	0	76	1	0	77
3213	75	0	1	0	0	76
3214	1	0	0	79	0	80
3215	81	0	0	1	0	82
3216	1	0	88	0	0	89
3217	0	0	1	81	0	82
3218	0	92	0	0	0	92
3219	94	1	0	0	0	95
3220	93	0	0	0	0	93
3221	1	94	0	0	0	95
3222	97	1	0	0	0	98
3223	97	0	0	1	0	98
3224	98	0	0	0	0	98
3225	1	97	0	0	0	98
3226	0	1	0	98	0	99
3227	0	0	101	1	0	102
3228	0	0	1	99	0	100
3229	0	0	0	94	0	94
3230	0	0	101	1	0	102
3231	0	0	103	0	0	103
3232	2	0	1	97	0	100
3233	0	103	0	1	0	104
3234	107	1	0	0	0	108
3235	104	0	0	0	0	104
3236	1	108	0	0	0	109
3237	107	0	1	0	0	108
3238	110	0	0	0	0	110
3239	0	1	110	0	0	111
3240	110	0	0	0	0	110
3241	1	110	0	0	0	111
3242	0	1	110	0	0	111
3243	1	0	110	0	0	111
3244	1	111	0	0	0	112
3245	109	0	0	0	0	109
3246	0	1	110	0	0	111
3247	0	1	0	107	0	108
3248	0	0	112	0	0	112
3249	105	0	0	1	0	106
3250	0	0	139	1	0	140
3251	2	0	127	0	0	129
3252	134	0	1	0	0	135
3253	0	141	0	1	0	142
3254	139	1	0	0	0	140
3255	145	0	0	0	0	145
3256	2	0	0	144	0	146
3257	1	168	1	0	0	170
3258	174	1	0	0	0	175
3259	2	0	177	1	0	180
3260	178	0	3	0	0	181
3261	2	180	0	1	0	183
3262	180	2	0	1	0	183
3263	179	0	1	1	0	181
3264	0	186	2	0	0	188
3265	1	1	0	188	0	190
3266	189	2	0	0	0	191
3267	2	184	1	0	0	187
3268	1	0	0	190	0	191
3269	194	2	1	1	0	198
3270	2	0	0	197	0	199
3271	1	0	1	199	0	201
3272	0	200	1	0	0	201
3273	199	1	0	3	0	203
3274	198	1	0	2	0	201
3275	197	0	1	3	0	201
3276	1	211	0	2	0	214
3277	209	1	0	3	0	213
3278	210	1	1	0	0	212
3279	2	0	1	208	0	211
3280	1	0	1	207	0	209
3281	1	2	209	0	0	212
3282	2	1	0	199	0	202
3283	3	0	0	206	0	209
3284	1	1	207	1	0	210
3285	181	1	0	2	0	184
3286	1	0	210	1	0	212
3287	2	0	213	1	0	216
3288	1	1	1	212	0	215
3289	0	1	2	218	0	221
3290	3	221	1	1	0	226
3291	221	0	2	2	0	225
3292	210	2	1	3	0	216
3293	2	211	0	1	0	214
3294	2	226	1	2	0	231
3295	1	2	0	239	0	242
3296	2	243	3	1	0	249
3297	245	2	0	2	0	249
3298	239	2	2	1	0	244
3299	3	1	1	242	0	247
3300	1	0	0	238	0	239
3301	236	2	0	4	0	242
3302	2	0	235	1	0	238
3303	231	0	1	2	0	234
3304	2	0	233	2	0	237
3305	224	1	1	2	0	228
3306	4	0	1	227	0	232
3307	1	0	233	1	0	235
3308	1	0	227	0	0	228
3309	221	0	3	3	0	227
3310	229	0	1	2	0	232
3311	2	237	0	1	0	240
3312	3	0	0	238	0	241
3313	1	1	1	246	0	249
3314	244	1	0	3	0	248
3315	2	240	0	1	0	243
3316	238	1	0	2	0	241
3317	1	226	1	1	0	229
3318	1	230	0	1	0	232
3319	235	1	0	1	0	237
3320	1	2	228	0	0	231
3321	2	0	1	225	0	228
3322	0	1	1	227	0	229
3323	1	1	228	1	0	231
3324	1	0	1	229	0	231
3325	1	0	3	207	0	211
3326	1	229	0	2	0	232
3327	228	2	0	2	0	232
3328	2	1	230	0	0	233
3329	225	0	2	0	0	227
3330	2	237	1	1	0	241
3331	1	3	0	234	0	238
3332	243	1	0	2	0	246
3333	2	0	1	243	0	246
3334	2	0	0	245	0	247
3335	0	1	240	2	0	243
3336	228	0	2	3	0	233
3337	238	0	1	2	0	241
3338	4	0	241	0	0	245
3339	1	0	2	243	0	246
3340	0	0	242	2	0	244
3341	233	0	3	2	0	238
3342	245	0	1	1	0	247
3343	3	0	1	242	0	246
3344	244	0	0	5	0	249
3345	2	0	266	1	0	269
3346	2	0	2	263	0	267
3347	0	0	1	259	0	260
3348	0	0	0	270	0	270
3349	2	0	0	267	0	269
3350	247	0	1	4	0	252
3351	3	0	249	1	0	253
3352	1	0	2	248	0	251
3353	1	0	249	1	0	251
3354	1	0	247	2	0	250
3355	0	0	3	246	0	249
3356	1	0	1	242	0	244
3357	226	0	0	3	0	229
3358	2	0	0	228	0	230
3359	1	0	0	222	0	223
3360	0	0	0	220	0	220
3361	218	0	0	4	0	222
3362	217	0	0	1	0	218
3363	221	0	0	1	0	222
3364	217	0	0	1	0	218
3365	3	230	0	0	0	233
3366	1	3	0	228	0	232
3367	2	1	0	231	0	234
3368	233	0	0	5	0	238
3369	3	245	0	1	0	249
3370	1	4	0	258	0	263
3371	0	1	270	4	0	275
3372	287	0	5	3	0	295
3373	6	303	1	1	0	311
3374	319	6	0	1	0	326
3375	325	2	0	3	0	330
3376	7	0	1	327	0	335
3377	1	0	325	7	0	333
3378	3	0	6	335	0	344
3379	335	0	3	6	0	344
3380	8	0	1	341	0	350
3381	338	0	0	8	0	346
3382	7	334	0	1	0	342
3383	347	6	0	3	0	356
3384	7	2	1	352	0	362
3385	4	1	0	372	0	377
3386	373	1	1	5	0	380
3387	371	0	0	3	0	374
3388	376	2	1	2	0	381
3389	372	1	0	3	0	376
3390	369	0	1	0	0	370
3391	9	0	0	362	0	371
3392	3	0	350	6	0	359
3393	2	356	5	4	0	367
3394	351	6	1	3	0	361
3395	6	2	338	4	0	350
3396	335	1	5	4	0	345
3397	9	335	1	1	0	346
3398	341	7	1	2	0	351
3399	10	0	0	334	0	344
3400	7	1	0	346	0	354
3401	5	0	345	8	0	358
3402	4	0	6	341	0	351
3403	4	0	351	7	0	362
3404	3	1	354	2	0	360
3405	348	0	7	2	0	357
3406	366	2	3	3	0	374
3407	8	2	358	1	0	369
3408	351	2	7	2	0	362
3409	361	1	2	2	0	366
3410	7	2	353	2	0	364
3411	6	348	5	2	0	361
3412	4	7	5	356	0	372
3413	381	2	1	7	0	391
3414	392	1	2	5	0	400
3415	392	0	2	6	0	400
3416	387	0	5	4	0	396
3417	393	0	4	4	0	401
3418	11	3	383	2	0	399
3419	9	1	393	2	0	405
3420	8	3	9	392	0	412
3421	403	2	3	8	0	416
3422	410	3	5	3	0	421
3423	403	1	3	7	0	414
3424	396	2	0	5	0	403
3425	6	391	5	7	0	409
3426	7	433	1	4	0	445
3427	438	6	1	6	0	451
3428	451	2	2	3	0	458
3429	11	445	2	5	0	463
3430	450	4	1	4	0	459
3431	16	3	442	3	0	464
3432	10	1	6	432	0	449
3433	9	1	451	7	0	468
3434	8	4	439	3	0	454
3435	11	1	7	451	0	470
3436	7	2	2	460	0	471
3437	9	1	467	9	0	486
3438	11	4	5	450	0	470
3439	15	2	2	467	0	486
3440	467	3	2	11	0	483
3441	468	3	4	3	0	478
3442	15	5	3	466	0	489
3443	13	2	473	6	0	494
3444	7	478	8	3	0	496
3445	467	6	4	7	0	484
3446	11	2	488	3	0	504
3447	4	470	8	8	0	490
3448	2	500	9	6	0	517
3449	503	5	9	6	0	523
3450	512	2	4	8	0	526
3451	10	0	2	502	0	514
3452	6	2	538	6	0	552
3453	8	1	8	543	0	560
3454	12	0	3	547	0	562
3455	7	1	5	547	0	560
3456	545	1	5	11	0	562
3457	12	526	3	8	0	549
3458	7	562	4	4	0	577
3459	7	10	5	554	0	576
3460	11	4	2	570	0	587
3461	575	2	3	10	0	590
3462	570	4	3	3	0	580
3463	564	5	3	4	0	576
3464	14	557	2	6	0	579
3465	553	3	3	4	0	563
3466	10	3	1	548	0	562
3467	4	3	550	5	0	562
3468	7	2	499	5	0	513
3469	506	1	5	8	0	520
3470	4	0	517	6	0	527
3471	3	0	489	3	0	495
3472	438	1	2	2	0	443
3473	3	1	453	0	0	457
3474	3	1	444	1	0	449
3475	3	6	2	413	0	424
3476	3	0	449	1	0	453
3477	4	0	1	434	0	439
3478	3	0	0	439	0	442
3479	0	1	453	1	0	455
3480	1	462	1	0	0	464
3481	464	0	0	4	0	468
3482	1	0	480	0	0	481
3483	0	0	469	0	0	469
3484	426	0	2	3	0	431
3485	2	1	460	0	0	463
3486	0	452	2	0	0	454
3487	2	439	0	0	0	441
3488	0	1	1	466	0	468
3489	1	0	1	455	0	457
3490	470	0	0	4	0	474
3491	462	0	1	1	0	464
3492	465	0	0	3	0	468
3493	1	0	0	466	0	467
3494	465	0	1	2	0	468
3495	455	1	0	3	0	459
3496	2	0	467	0	0	469
3497	1	0	448	0	0	449
3498	0	465	2	0	0	467
3499	1	1	0	469	0	471
3500	463	0	0	1	0	464
3501	1	463	0	0	0	464
3502	0	2	0	465	0	467
3503	465	0	0	4	0	469
3504	457	0	0	3	0	460
3505	2	468	0	0	0	470
3506	468	1	0	0	0	469
3507	463	0	0	2	0	465
3508	2	0	0	470	0	472
3509	1	0	467	1	0	469
3510	0	465	1	0	0	466
3511	0	456	1	0	0	457
3512	453	1	1	2	0	457
3513	1	1	0	454	0	456
3514	0	0	455	1	0	456
3515	0	451	1	0	0	452
3516	458	0	0	0	0	458
3517	449	0	0	4	0	453
3518	1	0	450	0	0	451
3519	1	0	1	441	0	443
3520	0	0	0	456	0	456
3521	0	1	507	4	0	512
3522	513	0	4	2	0	519
3523	637	0	1	3	0	641
3524	13	0	0	730	0	743
3525	3	762	0	16	0	781
3526	9	15	1	788	0	813
3527	4	8	777	19	0	808
3528	771	3	16	12	0	802
3529	19	2	7	797	0	825
3530	8	5	787	17	0	817
3531	776	0	16	14	0	806
3532	22	0	12	778	0	812
3533	14	0	4	778	0	796
3534	772	0	2	30	0	804
3535	18	777	3	12	0	810
3536	784	16	0	9	0	809
3537	23	8	0	775	0	806
3538	774	5	0	23	0	802
3539	25	2	756	7	0	790
3540	10	759	16	7	0	792
3541	12	16	7	768	0	803
3542	765	7	10	24	0	806
3543	23	760	4	9	0	796
3544	14	16	5	759	0	794
3545	764	10	1	23	0	798
3546	753	6	1	14	0	774
3547	31	3	0	723	0	757
3548	12	6	712	21	0	751
3549	9	2	715	17	0	743
3550	702	5	22	7	0	736
3551	24	694	15	4	0	737
3552	11	688	7	9	0	715
3553	665	23	9	12	0	709
3554	21	696	7	4	0	728
3555	17	24	3	687	0	731
3556	10	16	1	708	0	735
3557	693	10	1	31	0	735
3558	698	4	1	17	0	720
3559	693	7	2	15	0	717
3560	33	6	667	10	0	716
3561	25	0	16	670	0	711
3562	16	0	679	22	0	717
3563	8	3	682	9	0	702
3564	9	6	693	7	0	715
3565	8	2	34	685	0	729
3566	7	5	690	26	0	728
3567	6	3	691	14	0	714
3568	3	7	35	680	0	725
3569	671	3	18	23	0	715
3570	26	3	680	17	0	726
3571	16	2	26	674	0	718
3572	11	3	15	691	0	720
3573	12	2	683	34	0	731
3574	19	3	23	673	0	718
3575	9	5	697	28	0	739
3576	6	7	25	677	0	715
3577	10	3	13	688	0	714
3578	8	4	15	690	0	717
3579	13	5	6	687	0	711
3580	642	3	14	42	0	701
3581	663	7	2	25	0	697
3582	30	4	648	18	0	700
3583	20	641	21	15	0	697
3584	11	20	654	15	0	700
3585	15	9	657	9	0	690
3586	626	5	30	11	0	672
3587	24	646	23	5	0	698
3588	654	24	12	12	0	702
3589	28	653	19	6	0	706
3590	654	26	13	13	0	706
3591	677	10	10	9	0	706
3592	32	12	6	643	0	693
3593	24	661	3	25	0	713
3594	17	26	4	656	0	703
3595	12	15	6	673	0	706
3596	11	5	651	37	0	704
3597	6	649	24	29	0	708
3598	11	25	16	659	0	711
3599	645	12	9	29	0	695
3600	678	5	9	22	0	714
3601	678	5	13	14	0	710
3602	37	665	3	12	0	717
3603	676	20	8	14	0	718
3604	38	683	8	7	0	736
3605	22	27	9	696	0	754
3606	13	11	692	32	0	748
3607	7	11	32	695	0	745
3608	6	689	17	29	0	741
3609	7	29	13	700	0	749
3610	9	12	6	713	0	740
3611	6	696	12	33	0	747
3612	700	27	5	24	0	756
3613	26	14	4	695	0	739
3614	14	9	681	32	0	736
3615	16	3	22	693	0	734
3616	15	7	13	705	0	740
3617	10	4	691	41	0	746
3618	6	6	26	666	0	704
3619	4	663	16	40	0	723
3620	4	19	673	26	0	722
3621	12	10	631	19	0	672
3622	8	582	30	9	0	629
3623	4	471	10	7	0	492
3624	2	354	2	2	0	360
3625	306	15	5	3	0	329
3626	293	6	3	2	0	304
3627	299	0	1	2	0	302
3628	13	2	0	290	0	305
3629	2	1	288	10	0	301
3630	1	3	9	279	0	292
3631	5	0	2	286	0	293
3632	285	0	1	11	0	297
3633	294	1	0	2	0	297
3634	11	288	0	2	0	301
3635	288	10	1	3	0	302
3636	288	1	0	2	0	291
3637	296	0	0	1	0	297
3638	12	0	281	0	0	293
3639	5	0	279	0	0	284
3640	0	1	11	278	0	290
3641	1	0	281	10	0	292
3642	275	0	10	3	0	288
3643	286	0	2	3	0	291
3644	10	0	272	0	0	282
3645	265	0	10	0	0	275
3646	9	267	1	1	0	278
3647	266	9	1	0	0	276
3648	10	1	0	262	0	273
3649	2	0	1	265	0	268
3650	0	266	1	10	0	277
3651	266	10	0	1	0	277
3652	270	3	0	0	0	273
3653	12	259	0	0	0	271
3654	3	10	0	254	0	267
3655	1	2	0	256	0	259
3656	0	257	0	13	0	270
3657	2	9	2	257	0	270
3658	2	1	0	266	0	269
3659	248	3	0	15	0	266
3660	262	1	0	4	0	267
3661	12	0	250	3	0	265
3662	244	4	9	5	0	262
3663	12	2	251	2	0	267
3664	1	1	10	251	0	263
3665	2	0	251	14	0	267
3666	2	248	10	2	0	262
3667	2	9	3	246	0	260
3668	3	1	0	254	0	258
3669	245	2	3	9	0	259
3670	13	1	0	238	0	252
3671	3	1	230	10	0	244
3672	226	2	11	5	0	244
3673	238	1	2	1	0	242
3674	236	3	0	2	0	241
3675	232	2	2	1	0	237
3676	11	0	2	230	0	243
3677	2	2	0	241	0	245
3678	4	2	1	241	0	248
3679	5	1	1	248	0	255
3680	234	0	0	11	0	245
3681	238	2	1	3	0	244
3682	14	1	0	222	0	237
3683	4	223	0	14	0	241
3684	225	10	3	3	0	241
3685	10	2	219	5	0	236
3686	5	227	9	4	0	245
3687	210	8	4	0	0	222
3688	13	209	0	3	0	225
3689	2	9	197	1	0	209
3690	199	1	9	2	0	211
3691	207	0	3	4	0	214
3692	10	2	196	1	0	209
3693	5	0	10	195	0	210
3694	2	1	4	203	0	210
3695	1	196	1	11	0	209
3696	4	8	2	200	0	214
3697	200	3	1	8	0	212
3698	10	193	1	2	0	206
3699	3	6	3	179	0	191
3700	4	3	0	179	0	186
3701	2	4	172	8	0	186
3702	2	174	7	4	0	187
3703	157	3	1	1	0	162
3704	3	126	1	2	0	132
3705	1	113	0	2	0	116
3706	107	5	6	2	0	120
3707	4	2	0	106	0	112
3708	2	0	0	110	0	112
3709	104	0	0	5	0	109
3710	3	1	0	102	0	106
3711	1	1	0	105	0	107
3712	100	0	0	6	0	106
3713	4	0	2	100	0	106
3714	1	102	0	3	0	106
3715	100	4	0	0	0	104
3716	4	2	96	0	0	102
3717	2	92	5	0	0	99
3718	2	4	5	88	0	99
3719	1	1	90	4	0	96
3720	0	0	88	2	0	90
3721	1	7	4	72	0	84
3722	72	0	1	2	0	75
3723	1	0	0	73	0	74
3724	1	0	0	76	0	77
3725	1	0	0	77	0	78
3726	0	1	0	79	0	80
3727	1	0	0	79	0	80
3728	1	0	74	3	0	78
3729	1	0	73	1	0	75
3730	0	0	2	73	0	75
3731	0	1	73	1	0	75
3732	2	72	2	0	0	76
3733	0	1	2	73	0	76
3734	1	2	71	1	0	75
3735	68	0	1	1	0	70
3736	1	68	1	1	0	71
3737	1	65	1	1	0	68
3738	1	68	0	1	0	70
3739	1	1	0	68	0	70
3740	66	1	3	1	0	71
3741	1	0	1	69	0	71
3742	67	0	0	3	0	70
3743	1	66	1	1	0	69
3744	68	2	0	1	0	71
3745	2	1	0	69	0	72
3746	1	1	1	68	0	71
3747	2	68	0	2	0	72
3748	1	2	0	70	0	73
3749	1	1	1	68	0	71
3750	0	2	0	72	0	74
3751	69	0	0	5	0	74
3752	70	1	0	0	0	71
3753	2	1	68	2	0	73
3754	66	0	2	1	0	69
3755	2	1	71	1	0	75
3756	2	0	2	71	0	75
3757	1	0	1	73	0	75
3758	0	0	0	74	0	74
3759	0	1	69	3	0	73
3760	1	0	2	70	0	73
3761	0	0	73	3	0	76
3762	0	0	2	75	0	77
3763	73	0	1	2	0	76
3764	3	0	74	1	0	78
3765	74	1	2	1	0	78
3766	3	0	1	78	0	82
3767	77	0	2	2	0	81
3768	2	77	1	2	0	82
3769	1	2	0	78	0	81
3770	1	0	84	3	0	88
3771	0	0	3	81	0	84
3772	1	0	0	83	0	84
3773	0	80	1	3	0	84
3774	0	2	82	2	0	86
3775	1	85	2	1	0	89
3776	76	1	1	0	0	78
3777	1	73	0	0	0	74
3778	65	1	1	0	0	67
3779	63	0	0	0	0	63
3780	65	0	0	0	0	65
3781	2	0	0	66	0	68
3782	0	0	65	1	0	66
3783	1	0	1	62	0	64
3784	0	67	0	1	0	68
3785	0	1	0	66	0	67
3786	67	0	0	1	0	68
3787	1	66	0	0	0	67
3788	1	1	0	64	0	66
3789	0	0	0	65	0	65
3790	66	0	0	1	0	67
3791	1	0	64	0	0	65
3792	0	63	1	0	0	64
3793	0	1	0	65	0	66
3794	0	0	63	1	0	64
3795	0	1	1	58	0	60
3796	0	64	0	1	0	65
3797	0	1	0	66	0	67
3798	0	0	0	66	0	66
3799	0	0	0	64	0	64
3800	0	0	66	1	0	67
3801	63	0	1	0	0	64
3802	2	0	0	73	0	75
3803	83	0	0	2	0	85
3804	86	0	0	0	0	86
3805	86	0	0	0	0	86
3806	84	0	0	2	0	86
3807	84	0	0	0	0	84
3808	2	0	0	82	0	84
3809	0	81	0	2	0	83
3810	1	2	0	80	0	83
3811	0	79	0	2	0	81
3812	1	2	0	78	0	81
3813	81	0	0	2	0	83
3814	2	0	0	81	0	83
3815	0	1	79	2	0	82
3816	77	0	2	0	0	79
3817	2	77	0	0	0	79
3818	80	2	0	1	0	83
3819	84	0	0	0	0	84
3820	84	0	0	0	0	84
3821	2	82	0	0	0	84
3822	0	2	0	85	0	87
3823	1	0	0	85	0	86
3824	0	1	82	2	0	85
3825	1	0	2	79	0	82
3826	1	0	0	78	0	79
3827	0	0	0	82	0	82
3828	0	80	0	1	0	81
3829	79	2	0	0	0	81
3830	75	0	0	1	0	76
3831	2	0	80	0	0	82
3832	0	83	2	0	0	85
3833	0	2	0	80	0	82
3834	0	0	0	84	0	84
3835	0	0	0	83	0	83
3836	0	0	0	83	0	83
3837	0	0	0	83	0	83
3838	0	0	83	2	0	85
3839	0	0	78	0	0	78
3840	85	0	2	0	0	87
3841	87	1	0	0	0	88
3842	89	0	0	0	0	89
3843	2	0	0	88	0	90
3844	0	0	87	2	0	89
3845	83	0	2	0	0	85
3846	85	0	0	1	0	86
3847	2	0	86	0	0	88
3848	84	0	2	1	0	87
3849	1	0	92	0	0	93
3850	1	0	0	87	0	88
3851	0	0	91	1	0	92
3852	86	0	1	0	0	87
3853	88	0	0	1	0	89
3854	90	0	0	1	0	91
3855	85	0	0	0	0	85
3856	1	0	93	0	0	94
3857	0	91	1	0	0	92
3858	90	1	0	1	0	92
3859	89	0	0	0	0	89
3860	0	0	95	0	0	95
3861	0	0	1	85	0	86
3862	0	0	0	89	0	89
3863	0	0	90	1	0	91
3864	86	0	1	0	0	87
3865	88	0	0	0	0	88
3866	1	89	0	0	0	90
3867	90	1	0	1	0	92
3868	90	0	0	0	0	90
3869	92	0	0	0	0	92
3870	87	0	0	0	0	87
3871	1	0	85	0	0	86
3872	86	0	0	1	0	87
3873	2	0	0	82	0	84
3874	1	85	0	0	0	86
3875	1	1	83	0	0	85
3876	1	81	1	0	0	83
3877	1	1	0	81	0	83
3878	0	0	80	2	0	82
3879	76	1	1	0	0	78
3880	1	0	82	1	0	84
3881	79	0	1	0	0	80
3882	1	0	0	80	0	81
3883	1	0	0	79	0	80
3884	0	77	0	2	0	79
3885	0	83	0	0	0	83
3886	1	1	0	80	0	82
3887	81	0	0	0	0	81
3888	85	0	0	0	0	85
3889	85	0	0	0	0	85
3890	2	0	83	0	0	85
3891	81	0	0	0	0	81
3892	1	0	85	1	0	87
3893	0	0	83	1	0	84
3894	82	0	2	0	0	84
3895	86	0	0	1	0	87
3896	1	0	87	1	0	89
3897	1	0	1	83	0	85
3898	0	1	0	88	0	89
3899	90	0	0	1	0	91
3900	89	0	0	0	0	89
3901	0	0	95	0	0	95
3902	0	90	0	0	0	90
3903	0	79	0	0	0	79
3904	82	0	0	0	0	82
3905	0	0	0	79	0	79
3906	1	0	0	77	0	78
3907	0	0	0	80	0	80
3908	78	0	0	0	0	78
3909	0	0	0	80	0	80
3910	80	0	0	0	0	80
3911	80	0	0	0	0	80
3912	1	84	0	0	0	85
3913	1	0	0	96	0	97
3914	0	1	97	0	0	98
3915	94	0	0	2	0	96
3916	100	0	1	0	0	101
3917	101	0	0	0	0	101
3918	1	0	104	0	0	105
3919	1	0	0	104	0	105
3920	105	0	1	0	0	106
3921	101	0	0	1	0	102
3922	104	0	0	1	0	105
3923	1	100	0	2	0	103
3924	1	104	1	1	0	107
3925	2	1	0	107	0	110
3926	1	1	0	104	0	106
3927	0	107	0	1	0	108
3928	106	0	0	1	0	107
3929	1	1	110	0	0	112
3930	2	0	0	108	0	110
3931	1	0	1	104	0	106
3932	0	0	103	1	0	104
3933	101	0	0	2	0	103
3934	105	0	1	1	0	107
3935	1	102	0	0	0	103
3936	100	0	1	0	0	101
3937	0	1	110	0	0	111
3938	114	0	0	2	0	116
3939	0	0	114	0	0	114
3940	117	0	0	0	0	117
3941	114	0	2	1	0	117
3942	116	0	0	0	0	116
3943	112	0	0	1	0	113
3944	1	118	0	2	0	121
3945	121	1	1	0	0	123
3946	123	1	0	1	0	125
3947	3	0	123	1	0	127
3948	126	0	0	0	0	126
3949	1	0	2	127	0	130
3950	2	0	127	1	0	130
3951	128	0	1	1	0	130
3952	3	0	1	127	0	131
3953	131	0	1	1	0	133
3954	151	1	1	1	0	154
3955	2	1	168	0	0	171
3956	170	0	0	1	0	171
3957	173	0	1	1	0	175
3958	171	1	0	1	0	173
3959	174	0	0	1	0	175
3960	2	0	1	169	0	172
3961	1	174	0	1	0	176
3962	168	0	0	0	0	168
3963	173	1	1	0	0	175
3964	174	0	0	0	0	174
3965	2	0	171	0	0	173
3966	2	169	0	0	0	171
3967	1	0	2	171	0	174
3968	0	2	1	171	0	174
3969	1	0	176	1	0	178
3970	0	0	1	175	0	176
3971	1	0	176	0	0	177
3972	1	0	0	173	0	174
3973	2	0	2	170	0	174
3974	1	0	179	2	0	182
3975	174	1	0	2	0	177
3976	181	0	2	1	0	184
3977	3	0	186	0	0	189
3978	178	0	2	1	0	181
3979	185	0	2	2	0	189
3980	2	0	185	1	0	188
3981	1	0	1	187	0	189
3982	2	0	1	183	0	186
3983	190	0	0	3	0	193
3984	1	190	0	2	0	193
3985	181	0	0	1	0	182
3986	190	2	1	0	0	193
3987	6	200	0	0	0	206
3988	204	0	0	5	0	209
3989	204	4	0	3	0	211
3990	7	206	0	0	0	213
3991	6	0	0	215	0	221
3992	0	222	1	0	0	223
3993	0	0	0	226	0	226
3994	1	5	220	0	0	226
3995	2	0	217	5	0	224
3996	208	1	6	1	0	216
3997	217	1	4	1	0	223
3998	5	0	222	1	0	228
3999	220	0	0	3	0	223
4000	221	0	6	0	0	227
4001	220	0	0	2	0	222
4002	6	225	1	0	0	232
4003	6	0	0	228	0	234
4004	227	5	0	1	0	233
4005	229	0	1	5	0	235
4006	6	0	229	0	0	235
4007	5	0	0	226	0	231
4008	1	0	7	224	0	232
4009	1	224	0	5	0	230
4010	1	240	0	4	0	245
4011	0	4	1	238	0	243
4012	0	253	1	1	0	255
4013	240	0	0	6	0	246
4014	0	259	0	0	0	259
4015	257	0	0	1	0	258
4016	1	4	251	0	0	256
4017	266	0	0	0	0	266
4018	264	0	4	0	0	268
4019	267	0	0	0	0	267
4020	266	0	0	0	0	266
4021	6	263	0	0	0	269
4022	6	0	0	265	0	271
4023	1	6	0	266	0	273
4024	1	1	266	5	0	273
4025	2	1	0	264	0	267
4026	0	0	5	265	0	270
4027	269	0	0	7	0	276
4028	1	272	1	5	0	279
4029	5	0	1	276	0	282
4030	1	5	0	281	0	287
4031	1	0	0	286	0	287
4032	283	2	0	5	0	290
4033	0	1	0	289	0	290
4034	288	0	0	2	0	290
4035	1	1	0	287	0	289
4036	8	0	0	287	0	295
4037	0	1	276	6	0	283
4038	256	0	0	6	0	262
4039	0	273	6	1	0	280
4040	297	0	0	1	0	298
4041	1	5	1	292	0	299
4042	7	0	0	296	0	303
4043	298	1	0	6	0	305
4044	302	1	0	7	0	310
4045	6	0	0	311	0	317
4046	5	0	320	3	0	328
4047	1	1	316	5	0	323
4048	1	325	6	1	0	333
4049	332	1	2	5	0	340
4050	329	5	2	0	0	336
4051	6	1	1	348	0	356
4052	5	347	1	3	0	356
4053	2	1	1	356	0	360
4054	1	5	1	335	0	342
4055	1	322	1	7	0	331
4056	323	2	0	6	0	331
4057	4	5	0	325	0	334
4058	5	334	0	4	0	343
4059	0	343	1	4	0	348
4060	346	7	1	3	0	357
4061	3	5	338	3	0	349
4062	338	3	3	2	0	346
4063	4	3	5	342	0	354
4064	7	0	0	345	0	352
4065	1	343	1	7	0	352
4066	2	4	0	350	0	356
4067	2	6	348	3	0	359
4068	1	343	3	7	0	354
4069	1	354	6	1	0	362
4070	345	6	1	2	0	354
4071	4	354	1	1	0	360
4072	7	4	0	353	0	364
4073	3	355	0	2	0	360
4074	2	3	0	361	0	366
4075	2	5	2	355	0	364
4076	1	3	343	9	0	356
4077	4	3	1	338	0	346
4078	3	3	5	339	0	350
4079	343	1	0	11	0	355
4080	3	3	334	7	0	347
4081	8	3	3	349	0	363
4082	0	1	354	7	0	362
4083	326	2	3	9	0	340
4084	7	349	7	1	0	364
4085	371	2	1	4	0	378
4086	4	2	1	382	0	389
4087	4	2	3	372	0	381
4088	1	4	374	5	0	384
4089	347	2	3	6	0	358
4090	5	373	4	2	0	384
4091	372	4	1	2	0	379
4092	5	3	1	372	0	381
4093	4	379	1	4	0	388
4094	375	6	0	4	0	385
4095	4	383	2	4	0	393
4096	4	5	3	388	0	400
4097	3	4	1	386	0	394
4098	5	3	0	386	0	394
4099	3	384	1	8	0	396
4100	2	6	0	386	0	394
4101	1	3	2	387	0	393
4102	381	2	1	9	0	393
4103	376	5	2	7	0	390
4104	376	2	2	6	0	386
4105	4	1	377	7	0	389
4106	379	4	4	5	0	392
4107	384	2	2	5	0	393
4108	389	5	1	3	0	398
4109	8	2	368	3	0	381
4110	357	2	3	7	0	369
4111	8	1	3	366	0	378
4112	7	4	364	4	0	379
4113	3	359	5	7	0	374
4114	8	7	4	345	0	364
4115	5	351	3	11	0	370
4116	3	355	2	7	0	367
4117	345	4	3	5	0	357
4118	10	3	1	342	0	356
4119	340	2	1	9	0	352
4120	9	2	2	340	0	353
4121	344	3	1	9	0	357
4122	9	2	1	347	0	359
4123	347	5	4	4	0	360
4124	9	4	337	2	0	352
4125	5	2	4	338	0	349
4126	10	1	342	4	0	357
4127	3	1	326	4	0	334
4128	5	3	335	3	0	346
4129	5	2	5	329	0	341
4130	4	2	333	6	0	345
4131	333	3	5	2	0	343
4132	6	3	1	336	0	346
4133	1	2	374	7	0	384
4134	6	3	5	370	0	384
4135	4	3	2	372	0	381
4136	6	0	415	7	0	428
4137	3	2	5	416	0	426
4138	6	1	1	416	0	424
4139	3	425	3	6	0	437
4140	421	3	4	8	0	436
4141	423	0	3	6	0	432
4142	3	2	417	4	0	426
4143	408	0	5	3	0	416
4144	2	2	399	5	0	408
4145	3	0	388	2	0	393
4146	1	0	386	3	0	390
4147	3	6	3	372	0	384
4148	1	2	389	3	0	395
4149	3	0	4	378	0	385
4150	0	0	2	385	0	387
4151	1	0	2	378	0	381
4152	1	1	2	373	0	377
4153	371	0	1	6	0	378
4154	366	0	3	1	0	370
4155	3	373	2	3	0	381
4156	3	1	0	384	0	388
4157	1	1	389	2	0	393
4158	2	398	4	2	0	406
4159	4	2	2	401	0	409
4160	2	2	405	2	0	411
4161	1	1	4	402	0	408
4162	1	1	406	3	0	411
4163	0	2	396	2	0	400
4164	2	1	5	402	0	410
4165	1	1	3	401	0	406
4166	399	0	2	6	0	407
4167	3	0	3	398	0	404
4168	400	1	2	4	0	407
4169	2	393	0	6	0	401
4170	2	396	1	3	0	402
4171	1	4	0	400	0	405
4172	396	1	0	6	0	403
4173	3	401	2	1	0	407
4174	1	3	0	414	0	418
4175	418	1	3	4	0	426
4176	422	1	3	3	0	429
4177	426	1	0	2	0	429
4178	424	0	1	4	0	429
4179	423	0	2	4	0	429
4180	3	0	413	1	0	417
4181	2	0	398	1	0	401
4182	0	411	4	1	0	416
4183	1	4	1	411	0	417
4184	1	1	415	5	0	422
4185	0	0	399	2	0	401
4186	1	0	3	389	0	393
4187	1	1	408	3	0	413
4188	0	1	405	1	0	407
4189	0	528	5	1	0	534
4190	531	8	1	0	0	540
4191	9	579	0	0	0	588
4192	4	12	0	588	0	604
4193	588	2	0	14	0	604
4194	12	603	1	3	0	619
4195	3	11	1	590	0	605
4196	1	3	586	11	0	601
4197	585	1	11	4	0	601
4198	586	0	3	5	0	594
4199	601	0	2	3	0	606
4200	15	0	1	595	0	611
4201	3	0	589	13	0	605
4202	1	584	13	2	0	600
4203	0	12	3	593	0	608
4204	590	3	1	10	0	604
4205	12	3	577	2	0	594
4206	2	576	11	4	0	593
4207	4	11	582	1	0	598
4208	583	3	13	1	0	600
4209	606	3	3	1	0	613
4210	603	0	2	5	0	610
4211	17	1	574	0	0	592
4212	6	563	10	0	0	579
4213	4	13	2	581	0	600
4214	3	2	0	590	0	595
4215	4	1	1	587	0	593
4216	1	1	570	14	0	586
4217	552	1	13	7	0	573
4218	14	0	572	3	0	589
4219	575	0	12	1	0	588
4220	592	2	5	1	0	600
4221	590	1	3	5	0	599
4222	587	0	3	2	0	592
4223	19	2	584	0	0	605
4224	8	1	12	583	0	604
4225	4	3	579	14	0	600
4226	3	573	15	4	0	595
4227	1	597	3	3	0	604
4228	585	17	2	4	0	608
4229	585	5	1	3	0	594
4230	12	591	2	2	0	607
4231	593	13	2	2	0	610
4232	20	4	531	1	0	556
4233	561	2	11	2	0	576
4234	18	574	2	2	0	596
4235	583	13	3	3	0	602
4236	570	4	1	4	0	579
4237	18	4	3	553	0	578
4238	9	4	0	557	0	570
4239	553	1	2	19	0	575
4240	20	3	2	551	0	576
4241	549	6	1	14	0	570
4242	20	3	1	554	0	578
4243	550	0	4	16	0	570
4244	553	1	3	4	0	561
4245	21	528	2	1	0	552
4246	8	553	4	1	0	566
4247	534	15	3	3	0	555
4248	14	543	2	4	0	563
4249	5	15	1	540	0	561
4250	5	2	3	552	0	562
4251	524	2	4	20	0	550
4252	13	522	5	7	0	547
4253	6	528	5	3	0	542
4254	7	526	6	4	0	543
4255	8	18	512	1	0	539
4256	9	6	505	2	0	522
4257	6	3	519	1	0	529
4258	7	1	15	457	0	480
4259	3	486	5	13	0	507
4260	483	16	3	7	0	509
4261	15	5	482	5	0	507
4262	5	8	479	1	0	493
4263	6	3	496	2	0	507
4264	6	2	13	481	0	502
4265	6	3	4	491	0	504
4266	6	5	1	492	0	504
4267	486	2	3	14	0	505
4268	486	3	2	3	0	494
4269	489	2	3	2	0	496
4270	16	3	2	476	0	497
4271	5	2	470	12	0	489
4272	4	2	489	6	0	501
4273	5	3	14	486	0	508
4274	5	0	4	490	0	499
4275	470	0	3	14	0	487
4276	10	466	1	7	0	484
4277	463	11	1	4	0	479
4278	15	463	1	3	0	482
4279	5	12	0	466	0	483
4280	6	4	460	9	0	479
4281	4	3	11	463	0	481
4282	468	2	2	12	0	484
4283	12	1	470	3	0	486
4284	451	2	11	5	0	469
4285	11	2	448	2	0	463
4286	3	1	450	3	0	457
4287	416	4	9	0	0	429
4288	9	3	425	2	0	439
4289	1	1	280	1	0	283
4290	4	276	6	2	0	288
4291	229	1	7	5	0	242
4292	208	1	6	4	0	219
4293	213	0	0	2	0	215
4294	2	0	200	0	0	202
4295	193	0	2	0	0	195
4296	2	195	1	0	0	198
4297	193	0	2	0	0	195
4298	1	0	195	0	0	196
4299	1	0	1	194	0	196
4300	0	0	196	0	0	196
4301	0	201	1	0	0	202
4302	1	0	0	196	0	197
4303	1	0	0	201	0	202
4304	202	0	0	0	0	202
4305	198	0	0	1	0	199
4306	197	0	0	0	0	197
4307	198	0	0	1	0	199
4308	193	1	0	0	0	194
4309	1	0	197	0	0	198
4310	1	0	1	194	0	196
4311	0	0	207	1	0	208
4312	0	0	0	202	0	202
4313	200	1	0	0	0	201
4314	203	0	0	1	0	204
4315	204	0	0	1	0	205
4316	207	0	0	0	0	207
4317	1	0	216	0	0	217
4318	3	0	0	203	0	206
4319	1	0	210	0	0	211
4320	1	221	0	1	0	223
4321	0	223	2	0	0	225
4322	1	2	0	218	0	221
4323	1	1	1	235	0	238
4324	1	0	0	247	0	248
4325	1	0	0	255	0	256
4326	254	0	0	2	0	256
4327	0	252	0	1	0	253
4328	251	0	0	1	0	252
4329	0	1	1	248	0	250
4330	2	0	0	243	0	245
4331	0	252	1	2	0	255
4332	0	1	0	251	0	252
4333	253	2	0	0	0	255
4334	0	244	0	2	0	246
4335	1	237	0	1	0	239
4336	236	2	0	3	0	241
4337	0	1	1	238	0	240
4338	3	236	0	1	0	240
4339	2	1	0	240	0	243
4340	240	0	0	1	0	241
4341	1	0	0	240	0	241
4342	4	0	0	236	0	240
4343	237	2	1	2	0	242
4344	2	0	0	238	0	240
4345	2	233	1	1	0	237
4346	0	1	0	232	0	233
4347	0	236	0	0	0	236
4348	2	0	0	234	0	236
4349	232	2	0	3	0	237
4350	232	2	0	5	0	239
4351	2	1	0	239	0	242
4352	4	0	236	1	0	241
4353	222	1	0	6	0	229
4354	1	1	232	1	0	235
4355	230	1	0	1	0	232
4356	226	0	1	1	0	228
4357	1	1	226	2	0	230
4358	1	224	0	3	0	228
4359	227	1	1	1	0	230
4360	221	1	0	3	0	225
4361	2	2	235	0	0	239
4362	234	2	0	1	0	237
4363	234	2	1	1	0	238
4364	234	1	0	1	0	236
4365	2	0	0	238	0	240
4366	3	1	0	231	0	235
4367	1	225	0	5	0	231
4368	2	1	1	238	0	242
4369	3	1	0	241	0	245
4370	1	0	233	4	0	238
4371	2	2	229	2	0	235
4372	214	1	1	2	0	218
4373	222	2	1	2	0	227
4374	3	224	0	3	0	230
4375	3	4	0	222	0	229
4376	2	2	225	3	0	232
4377	3	0	2	227	0	232
4378	1	1	1	235	0	238
4379	3	2	0	239	0	244
4380	2	242	2	3	0	249
4381	4	1	0	243	0	248
4382	2	1	1	245	0	249
4383	2	2	241	3	0	248
4384	3	1	238	2	0	244
4385	233	0	3	3	0	239
4386	241	2	2	1	0	246
4387	4	0	2	253	0	259
4388	4	1	0	247	0	252
4389	2	1	1	252	0	256
4390	3	1	242	5	0	251
4391	2	238	3	4	0	247
4392	1	2	238	4	0	245
4393	234	2	4	4	0	244
4394	6	1	239	2	0	248
4395	241	1	3	3	0	248
4396	239	1	3	1	0	244
4397	240	0	1	5	0	246
4398	8	1	3	233	0	245
4399	3	1	238	4	0	246
4400	4	232	4	4	0	244
4401	4	3	2	232	0	241
4402	1	4	1	238	0	244
4403	3	0	247	7	0	257
4404	2	243	6	4	0	255
4405	245	6	3	3	0	257
4406	9	253	1	2	0	265
4407	270	8	1	3	0	282
4408	11	2	0	263	0	276
4409	3	0	276	11	0	290
4410	2	279	8	2	0	291
4411	272	10	3	2	0	287
4412	10	4	273	1	0	288
4413	274	1	9	2	0	286
4414	280	1	2	2	0	285
4415	10	0	273	3	0	286
4416	264	1	10	1	0	276
4417	272	1	0	1	0	274
4418	265	1	1	2	0	269
4419	9	259	1	1	0	270
4420	245	9	0	0	0	254
4421	9	245	1	2	0	257
4422	1	9	251	0	0	261
4423	1	245	8	0	0	254
4424	225	9	4	0	0	238
4425	232	0	1	1	0	234
4426	236	0	0	1	0	237
4427	11	0	1	220	0	232
4428	2	1	2	234	0	239
4429	227	1	0	9	0	237
4430	237	0	1	0	0	238
4431	12	1	0	219	0	232
4432	1	1	221	9	0	232
4433	2	207	9	0	0	218
4434	1	222	1	0	0	224
4435	2	9	2	213	0	226
4436	2	1	211	9	0	223
4437	2	1	9	196	0	208
4438	1	209	0	8	0	218
4439	4	9	0	206	0	219
4440	0	0	205	11	0	216
4441	1	0	10	208	0	219
4442	2	1	217	10	0	230
4443	3	1	10	213	0	227
4444	0	2	222	9	0	233
4445	1	1	228	0	0	230
4446	218	1	9	2	0	230
4447	226	1	2	2	0	231
4448	229	0	0	1	0	230
4449	11	215	1	1	0	228
4450	2	10	1	224	0	237
4451	212	1	0	11	0	224
4452	229	0	3	1	0	233
4453	224	1	1	1	0	227
4454	11	0	223	2	0	236
4455	1	211	11	2	0	225
4456	1	225	2	2	0	230
4457	215	12	2	2	0	231
4458	13	0	3	211	0	227
4459	213	2	0	10	0	225
4460	13	0	215	0	0	228
4461	6	2	8	197	0	213
4462	4	2	2	209	0	217
4463	4	2	1	202	0	209
4464	7	206	1	9	0	223
4465	204	9	2	0	0	215
4466	210	2	2	2	0	216
4467	13	202	1	0	0	216
4468	5	10	1	199	0	215
4469	202	2	1	11	0	216
4470	12	1	1	196	0	210
4471	201	1	1	10	0	213
4472	10	196	2	0	0	208
4473	198	8	2	2	0	210
4474	10	2	190	3	0	205
4475	3	196	10	3	0	212
4476	2	12	188	1	0	203
4477	3	10	8	187	0	208
4478	186	2	1	11	0	200
4479	191	1	3	2	0	197
4480	188	2	2	3	0	195
4481	12	1	1	179	0	193
4482	181	0	1	12	0	194
4483	11	0	4	173	0	188
4484	172	1	0	11	0	184
4485	181	2	2	1	0	186
4486	11	1	173	2	0	187
4487	2	0	164	0	0	166
4488	0	0	159	3	0	162
4489	3	1	7	153	0	164
4490	154	1	1	7	0	163
4491	7	1	2	151	0	161
4492	2	1	1	165	0	169
4493	170	0	3	9	0	182
4494	181	0	0	3	0	184
4495	180	1	1	1	0	183
4496	186	0	1	2	0	189
4497	7	0	1	181	0	189
4498	176	1	0	8	0	185
4499	7	171	1	0	0	179
4500	176	7	0	2	0	185
4501	183	0	1	3	0	187
4502	8	1	165	1	0	175
4503	152	0	5	0	0	157
4504	4	1	150	1	0	156
4505	1	1	140	0	0	142
4506	1	1	137	1	0	140
4507	2	1	0	113	0	116
4508	1	0	120	2	0	123
4509	1	0	2	108	0	111
4510	0	1	111	0	0	112
4511	1	0	125	0	0	126
4512	0	0	2	119	0	121
4513	0	1	1	122	0	124
4514	0	0	127	1	0	128
4515	129	0	1	1	0	131
4516	1	0	1	131	0	133
4517	1	0	0	128	0	129
4518	130	0	0	2	0	132
4519	0	0	1	134	0	135
4520	2	0	132	0	0	134
4521	1	0	124	2	0	127
4522	1	0	0	124	0	125
4523	2	0	126	0	0	128
4524	0	128	1	1	0	130
4525	0	0	2	125	0	127
4526	130	0	2	0	0	132
4527	0	0	132	2	0	134
4528	122	0	1	0	0	123
4529	0	1	0	138	0	139
4530	0	0	0	143	0	143
4531	2	0	0	142	0	144
4532	0	0	0	146	0	146
4533	148	0	0	1	0	149
4534	1	151	1	1	0	154
4535	0	0	0	156	0	156
4536	0	0	0	154	0	154
4537	0	1	0	156	0	157
4538	2	0	0	153	0	155
4539	154	1	0	2	0	157
4540	0	152	0	1	0	153
4541	154	0	0	1	0	155
4542	0	140	1	1	0	142
4543	0	138	0	4	0	142
4544	139	0	1	1	0	141
4545	0	1	146	1	0	148
4546	2	0	1	143	0	146
4547	151	1	0	1	0	153
4548	152	1	1	1	0	155
4549	140	0	1	3	0	144
4550	157	0	1	1	0	159
4551	0	167	0	2	0	169
4552	167	0	0	1	0	168
4553	169	0	0	0	0	169
4554	0	181	0	1	0	182
4555	0	0	0	184	0	184
4556	1	2	181	0	0	184
4557	1	0	1	187	0	189
4558	184	1	1	1	0	187
4559	1	2	188	0	0	191
4560	2	186	0	2	0	190
4561	0	3	195	0	0	198
4562	0	0	0	188	0	188
4563	1	191	2	0	0	194
4564	197	0	0	3	0	200
4565	2	199	0	0	0	201
4566	0	0	2	193	0	195
4567	1	2	0	196	0	199
4568	192	0	2	1	0	195
4569	0	0	0	191	0	191
4570	0	201	0	0	0	201
4571	204	0	0	1	0	205
4572	199	2	0	2	0	203
4573	1	207	0	2	0	210
4574	205	0	0	2	0	207
4575	2	204	0	0	0	206
4576	197	0	0	3	0	200
4577	0	202	0	0	0	202
4578	2	0	1	200	0	203
4579	3	0	0	202	0	205
4580	203	2	0	0	0	205
4581	208	0	0	2	0	210
4582	0	211	0	0	0	211
4583	2	1	205	0	0	208
4584	209	2	1	0	0	212
4585	1	0	0	209	0	210
4586	0	206	0	3	0	209
4587	2	1	0	210	0	213
4588	217	0	0	0	0	217
4589	212	2	0	0	0	214
4590	213	0	2	0	0	215
4591	4	0	0	210	0	214
4592	0	0	209	2	0	211
4593	190	2	1	0	0	193
4594	193	0	0	2	0	195
4595	194	0	0	0	0	194
4596	4	188	0	0	0	192
4597	2	1	0	191	0	194
4598	0	195	0	3	0	198
4599	0	1	2	198	0	201
4600	3	0	0	199	0	202
4601	2	0	206	1	0	209
4602	2	0	1	224	0	227
4603	0	2	0	236	0	238
4604	242	1	0	2	0	245
4605	1	247	0	1	0	249
4606	242	3	1	2	0	248
4607	249	0	0	2	0	251
4608	5	0	2	242	0	249
4609	0	0	248	5	0	253
4610	0	241	3	2	0	246
4611	2	234	1	0	0	237
4612	228	5	0	1	0	234
4613	5	232	0	0	0	237
4614	4	3	0	227	0	234
4615	2	1	0	233	0	236
4616	1	0	234	5	0	240
4617	0	2	233	1	0	236
4618	1	233	3	1	0	238
4619	4	3	0	228	0	235
4620	227	2	1	2	0	232
4621	4	1	0	232	0	237
4622	1	0	238	5	0	244
4623	1	1	5	232	0	239
4624	225	1	2	3	0	231
4625	228	3	0	0	0	231
4626	4	230	0	2	0	236
4627	226	4	0	1	0	231
4628	3	225	1	4	0	233
4629	223	3	2	1	0	229
4630	4	0	0	223	0	227
4631	3	1	218	3	0	225
4632	2	1	211	0	0	214
4633	1	221	4	0	0	226
4634	4	3	0	214	0	221
4635	1	2	0	218	0	221
4636	219	2	0	3	0	224
4637	223	0	0	3	0	226
4638	222	1	1	0	0	224
4639	4	0	2	219	0	225
4640	1	2	0	221	0	224
4641	2	0	0	223	0	225
4642	1	0	221	6	0	228
4643	3	1	215	0	0	219
4644	217	0	5	0	0	222
4645	215	0	0	1	0	216
4646	4	0	213	2	0	219
4647	209	1	4	3	0	217
4648	213	1	0	2	0	216
4649	4	0	213	1	0	218
4650	1	208	5	1	0	215
4651	2	4	1	200	0	207
4652	2	0	205	5	0	212
4653	0	215	5	1	0	221
4654	1	7	0	189	0	197
4655	0	198	0	3	0	201
4656	0	4	197	1	0	202
4657	0	1	196	1	0	198
4658	1	3	6	192	0	202
4659	197	0	4	3	0	204
4660	4	1	0	196	0	201
4661	192	0	0	5	0	197
4662	6	0	0	191	0	197
4663	2	0	187	5	0	194
4664	180	0	5	3	0	188
4665	4	0	196	0	0	200
4666	188	0	4	0	0	192
4667	5	0	2	191	0	198
4668	2	192	0	3	0	197
4669	2	4	0	193	0	199
4670	0	200	0	3	0	203
4671	1	4	0	183	0	188
4672	0	196	1	4	0	201
4673	193	4	1	2	0	200
4674	195	2	1	0	0	198
4675	196	1	0	0	0	197
4676	6	0	188	3	0	197
4677	2	0	4	189	0	195
4678	1	0	194	4	0	199
4679	1	185	3	2	0	191
4680	1	192	2	0	0	195
4681	185	4	0	1	0	190
4682	3	2	183	1	0	189
4683	2	184	3	1	0	190
4684	0	4	3	190	0	197
4685	187	2	1	4	0	194
4686	5	189	0	2	0	196
4687	196	4	0	0	0	200
4688	4	2	201	0	0	207
4689	2	0	4	199	0	205
4690	2	0	2	202	0	206
4691	1	0	1	210	0	212
4692	0	214	0	7	0	221
4693	1	4	0	209	0	214
4694	0	2	211	4	0	217
4695	1	1	4	211	0	217
4696	1	0	2	217	0	220
4697	1	1	0	217	0	219
4698	0	209	1	7	0	217
4699	1	4	1	210	0	216
4700	0	2	0	213	0	215
4701	0	199	0	6	0	205
4702	177	3	0	3	0	183
4703	4	175	0	0	0	179
4704	2	171	1	0	0	174
4705	3	4	0	166	0	173
4706	1	3	162	2	0	168
4707	156	0	3	3	0	162
4708	3	1	3	158	0	165
4709	2	0	160	4	0	166
4710	0	157	3	3	0	163
4711	1	2	2	158	0	163
4712	0	3	166	3	0	172
4713	0	1	2	164	0	167
4714	0	0	3	166	0	169
4715	162	1	1	5	0	169
4716	3	159	0	3	0	165
4717	166	3	0	1	0	170
4718	2	3	168	1	0	174
4719	3	162	2	3	0	170
4720	1	2	173	1	0	177
4721	1	2	3	177	0	183
4722	169	0	2	5	0	176
4723	2	0	2	171	0	175
4724	173	1	1	2	0	177
4725	170	0	0	5	0	175
4726	4	0	3	170	0	177
4727	4	0	187	3	0	194
4728	0	0	196	4	0	200
4729	2	1	4	196	0	203
4730	0	1	3	199	0	203
4731	194	2	0	4	0	200
4732	2	0	1	202	0	205
4733	2	199	0	2	0	203
4734	2	3	1	199	0	205
4735	5	3	0	196	0	204
4736	201	0	0	5	0	206
4737	4	201	2	2	0	209
4738	4	2	0	202	0	208
4739	2	2	2	199	0	205
4740	0	196	1	5	0	202
4741	0	2	1	202	0	205
4742	1	3	1	198	0	203
4743	1	192	0	3	0	196
4744	1	3	0	198	0	202
4745	2	2	1	194	0	199
4746	0	194	2	5	0	201
4747	0	4	0	200	0	204
4748	197	2	0	1	0	200
4749	198	1	1	4	0	204
4750	193	0	0	4	0	197
4751	191	1	1	5	0	198
4752	4	188	0	2	0	194
4753	179	2	0	3	0	184
4754	0	173	0	3	0	176
4755	1	171	2	1	0	175
4756	2	2	1	172	0	177
4757	1	1	168	2	0	172
4758	166	1	1	2	0	170
4759	172	0	1	1	0	174
4760	2	1	183	1	0	187
4761	183	1	1	1	0	186
4762	188	0	1	2	0	191
4763	2	186	0	1	0	189
4764	210	1	0	1	0	212
4765	3	2	0	206	0	211
4766	2	1	0	209	0	212
4767	1	0	0	209	0	210
4768	0	2	0	203	0	205
4769	202	1	0	4	0	207
4770	1	0	0	205	0	206
4771	1	1	1	201	0	204
4772	1	0	199	3	0	203
4773	186	0	1	3	0	190
4774	200	1	2	2	0	205
4775	202	0	0	1	0	203
4776	4	193	0	1	0	198
4777	2	197	0	1	0	200
4778	200	2	0	0	0	202
4779	1	1	0	199	0	201
4780	1	199	0	3	0	203
4781	1	2	0	197	0	200
4782	0	195	1	2	0	198
4783	194	1	0	2	0	197
4784	1	199	0	2	0	202
4785	2	0	0	198	0	200
4786	2	1	1	197	0	201
4787	3	1	196	1	0	201
4788	2	203	1	1	0	207
4789	2	3	1	211	0	217
4790	1	4	215	1	0	221
4791	0	2	209	4	0	215
4792	3	1	4	200	0	208
4793	2	1	2	205	0	210
4794	2	201	3	3	0	209
4795	2	199	2	3	0	206
4796	1	3	0	203	0	207
4797	196	3	1	5	0	205
4798	3	2	1	205	0	211
4799	209	1	0	6	0	216
4800	213	1	1	5	0	220
4801	216	0	0	2	0	218
4802	7	0	212	4	0	223
4803	218	2	3	2	0	225
4804	7	1	1	219	0	228
4805	4	3	0	218	0	225
4806	3	1	216	6	0	226
4807	2	2	203	4	0	211
4808	3	0	5	207	0	215
4809	3	205	1	6	0	215
4810	2	211	1	3	0	217
4811	1	6	2	208	0	217
4812	205	3	0	6	0	214
4813	5	2	0	208	0	215
4814	2	3	0	206	0	211
4815	2	202	0	7	0	211
4816	2	5	0	208	0	215
4817	2	3	207	6	0	218
4818	2	2	198	3	0	205
4819	196	3	5	3	0	207
4820	5	209	1	4	0	219
4821	206	3	3	5	0	217
4822	204	2	1	1	0	208
4823	6	1	2	201	0	210
4824	2	208	1	4	0	215
4825	3	5	1	205	0	214
4826	202	2	0	6	0	210
4827	3	197	1	7	0	208
4828	193	6	0	3	0	202
4829	4	187	3	1	0	195
4830	189	5	0	3	0	197
4831	184	4	0	5	0	193
4832	7	181	1	2	0	191
4833	4	5	1	185	0	195
4834	186	2	1	5	0	194
4835	7	1	179	3	0	190
4836	3	1	174	1	0	179
4837	3	2	5	174	0	184
4838	177	0	1	7	0	185
4839	5	0	1	182	0	188
4840	180	0	3	5	0	188
4841	5	1	182	3	0	191
4842	187	0	3	2	0	192
4843	201	0	2	2	0	205
4844	5	1	2	196	0	204
4845	3	0	2	196	0	201
4846	2	0	0	195	0	197
4847	1	191	0	6	0	198
4848	0	4	1	191	0	196
4849	0	2	1	198	0	201
4850	192	0	0	9	0	201
4851	194	2	1	5	0	202
4852	5	1	193	2	0	201
4853	192	1	3	2	0	198
4854	5	2	192	1	0	200
4855	176	0	4	2	0	182
4856	4	0	192	2	0	198
4857	3	1	180	1	0	185
4858	0	1	5	181	0	187
4859	2	0	182	3	0	187
4860	168	0	4	2	0	174
4861	4	0	2	179	0	185
4862	183	1	0	4	0	188
4863	183	0	1	2	0	186
4864	174	0	0	0	0	174
4865	171	1	0	1	0	173
4866	6	0	170	0	0	176
4867	2	1	3	169	0	175
4868	1	0	169	3	0	173
4869	0	0	3	167	0	170
4870	172	1	1	3	0	177
4871	3	0	0	173	0	176
4872	174	0	0	3	0	177
4873	3	0	1	174	0	178
4874	1	0	0	180	0	181
4875	173	0	0	7	0	180
4876	4	169	0	1	0	174
4877	175	3	0	1	0	179
4878	4	171	1	0	0	176
4879	2	2	1	174	0	179
4880	171	1	0	4	0	176
4881	4	0	171	1	0	176
4882	2	0	3	177	0	182
4883	174	0	1	4	0	179
4884	176	0	0	3	0	179
4885	7	1	0	176	0	184
4886	1	178	0	7	0	186
4887	0	180	0	4	0	184
4888	1	7	0	161	0	169
4889	161	0	0	7	0	168
4890	6	157	1	0	0	164
4891	0	157	0	0	0	157
4892	151	4	0	1	0	156
4893	5	150	0	0	0	155
4894	156	5	1	0	0	162
4895	7	0	0	156	0	163
4896	0	1	0	161	0	162
4897	0	160	0	5	0	165
4898	0	160	0	1	0	161
4899	152	4	0	0	0	156
4900	4	153	0	1	0	158
4901	0	166	0	0	0	166
4902	2	4	0	167	0	173
4903	164	3	0	6	0	173
4904	7	0	172	1	0	180
4905	174	0	6	4	0	184
4906	6	2	3	190	0	201
4907	4	1	187	9	0	201
4908	0	1	201	4	0	206
4909	2	0	12	196	0	210
4910	1	1	200	10	0	212
4911	193	2	10	4	0	209
4912	207	0	4	1	0	212
4913	11	2	199	1	0	213
4914	4	1	10	202	0	217
4915	2	0	3	208	0	213
4916	209	0	0	13	0	222
4917	9	0	2	197	0	208
4918	4	204	1	10	0	219
4919	201	9	0	6	0	216
4920	10	199	2	0	0	211
4921	3	217	1	2	0	223
4922	2	12	0	210	0	224
4923	1	3	2	217	0	223
4924	1	1	0	219	0	221
4925	1	1	200	13	0	215
4926	195	0	9	4	0	208
4927	8	199	2	2	0	211
4928	198	10	0	4	0	212
4929	209	3	1	0	0	213
4930	16	0	0	203	0	219
4931	4	205	0	8	0	217
4932	2	5	0	212	0	219
4933	3	3	0	215	0	221
4934	214	0	1	15	0	230
4935	219	1	2	5	0	227
4936	11	2	209	3	0	225
4937	217	2	10	3	0	232
4938	11	222	4	0	0	237
4939	226	7	1	1	0	235
4940	11	236	3	1	0	251
4941	6	11	1	228	0	246
4942	2	4	0	237	0	243
4943	1	237	2	14	0	254
4944	4	12	1	241	0	258
4945	4	3	1	247	0	255
4946	2	2	2	241	0	247
4947	4	237	0	13	0	254
4948	2	13	0	240	0	255
4949	5	3	2	243	0	253
4950	1	3	1	251	0	256
4951	2	5	231	14	0	252
4952	215	0	9	10	0	234
4953	9	2	235	3	0	249
4954	228	1	10	4	0	243
4955	10	1	235	3	0	249
4956	229	2	9	2	0	242
4957	240	3	5	0	0	248
4958	15	0	237	3	0	255
4959	6	1	9	233	0	249
4960	1	3	228	13	0	245
4961	217	1	11	9	0	238
4962	15	0	234	2	0	251
4963	4	1	239	4	0	248
4964	230	1	15	1	0	247
4965	14	234	3	3	0	254
4966	5	11	5	234	0	255
4967	244	5	3	11	0	263
4968	9	2	2	247	0	260
4969	7	1	2	254	0	264
4970	244	2	1	16	0	263
4971	253	2	2	4	0	261
4972	13	0	241	5	0	259
4973	4	2	247	5	0	258
4974	6	1	12	242	0	261
4975	5	1	252	9	0	267
4976	0	1	10	246	0	257
4977	3	4	4	243	0	254
4978	4	1	0	259	0	264
4979	242	2	2	16	0	262
4980	13	252	1	8	0	274
4981	252	10	2	7	0	271
4982	255	4	1	8	0	268
4983	13	251	1	4	0	269
4984	246	7	2	4	0	259
4985	9	5	253	1	0	268
4986	5	2	6	249	0	262
4987	252	1	3	9	0	265
4988	9	1	250	4	0	264
4989	240	1	7	6	0	254
4990	6	253	4	3	0	266
4991	280	6	2	4	0	292
4992	285	3	3	4	0	295
4993	17	292	2	0	0	311
4994	308	10	1	2	0	321
4995	10	6	2	313	0	331
4996	10	0	1	318	0	329
4997	307	3	1	17	0	328
4998	307	1	1	8	0	317
4999	16	300	1	2	0	319
5000	7	315	1	3	0	326
5001	3	15	0	292	0	310
5002	3	292	1	8	0	304
5003	3	312	2	4	0	321
5004	295	10	1	1	0	307
5005	8	287	2	2	0	299
5006	278	5	0	1	0	284
5007	6	298	0	0	0	304
5008	3	5	296	1	0	305
5009	1	304	4	2	0	311
5010	297	6	3	1	0	307
5011	302	2	0	3	0	307
5012	7	1	299	0	0	307
5013	3	1	6	281	0	291
5014	1	1	3	301	0	306
5015	1	1	303	6	0	311
5016	3	0	4	297	0	304
5017	0	1	306	5	0	312
5018	0	1	291	3	0	295
5019	293	1	7	2	0	303
5020	7	299	2	0	0	308
5021	298	5	0	0	0	303
5022	5	3	1	293	0	302
5023	3	0	301	6	0	310
5024	2	0	5	292	0	299
5025	0	290	3	5	0	298
5026	297	5	0	3	0	305
5027	301	2	2	0	0	305
5028	7	0	1	297	0	305
5029	4	0	292	5	0	301
5030	275	1	5	2	0	283
5031	7	289	2	0	0	298
5032	295	6	0	1	0	302
5033	7	2	0	292	0	301
5034	297	0	0	7	0	304
5035	8	5	0	291	0	304
5036	4	0	287	5	0	296
5037	2	0	272	2	0	276
5038	275	0	8	4	0	287
5039	7	289	2	0	0	298
5040	286	7	0	0	0	293
5041	284	4	0	1	0	289
5042	8	285	0	0	0	293
5043	276	5	0	2	0	283
5044	6	3	301	0	0	310
5045	2	1	5	303	0	311
5046	1	0	3	303	0	307
5047	1	1	1	312	0	315
5048	3	0	306	8	0	317
5049	0	2	300	2	0	304
5050	2	1	8	295	0	306
5051	1	305	2	3	0	311
5052	1	316	0	2	0	319
5053	316	9	0	1	0	326
5054	318	2	2	2	0	324
5055	10	330	1	2	0	343
5056	2	7	0	333	0	342
5057	0	2	1	336	0	339
5058	333	0	1	10	0	344
5059	7	0	2	339	0	348
5060	3	0	1	344	0	348
5061	4	1	0	347	0	352
5062	0	2	330	9	0	341
5063	2	1	301	2	0	306
5064	326	0	11	1	0	338
5065	8	1	3	332	0	344
5066	2	0	342	10	0	354
5067	0	1	340	3	0	344
5068	334	0	10	0	0	344
5069	9	0	376	1	0	386
5070	2	376	7	2	0	387
5071	0	8	3	403	0	414
5072	1	3	403	8	0	415
5073	389	2	8	4	0	403
5074	11	0	1	417	0	429
5075	3	0	411	9	0	423
5076	1	0	8	420	0	429
5077	1	0	4	426	0	431
5078	421	0	1	13	0	435
5079	10	418	2	4	0	434
5080	5	10	0	415	0	430
5081	418	4	0	12	0	434
5082	425	0	1	6	0	432
5083	435	0	0	2	0	437
5084	438	2	0	2	0	442
5085	16	1	1	415	0	433
5086	415	0	1	12	0	428
5087	429	0	0	5	0	434
5088	422	1	0	2	0	425
5089	419	1	0	3	0	423
5090	11	408	1	2	0	422
5091	1	377	0	0	0	378
5092	0	7	0	377	0	384
5093	0	363	0	5	0	368
5094	360	6	0	3	0	369
5095	6	1	1	360	0	368
5096	358	1	1	7	0	367
5097	364	0	0	3	0	367
5098	7	0	1	370	0	378
5099	1	1	1	372	0	375
5100	0	354	1	7	0	362
5101	360	6	1	3	0	370
5102	6	356	1	1	0	364
5103	359	6	0	3	0	368
5104	6	1	0	364	0	371
5105	1	2	357	5	0	365
5106	349	0	5	3	0	357
5107	345	0	1	3	0	349
5108	7	0	335	1	0	343
5109	3	0	338	1	0	342
5110	5	0	7	314	0	326
5111	350	0	1	7	0	358
5112	364	1	0	3	0	368
5113	371	0	1	2	0	374
5114	376	0	0	1	0	377
5115	10	364	0	0	0	374
5116	383	8	1	0	0	392
5117	8	4	0	375	0	387
5118	2	0	0	380	0	382
5119	2	1	0	391	0	394
5120	3	2	0	387	0	392
5121	382	0	0	11	0	393
5122	10	0	0	403	0	413
5123	3	1	390	8	0	402
5124	1	2	6	403	0	412
5125	2	0	2	421	0	425
5126	1	1	0	419	0	421
5127	4	0	0	415	0	419
5128	400	0	0	11	0	411
5129	11	396	2	1	0	410
5130	4	401	1	1	0	407
5131	1	10	2	391	0	404
5132	391	3	0	10	0	404
5133	396	1	1	5	0	403
5134	12	1	4	391	0	408
5135	4	1	382	9	0	396
5136	386	0	6	6	0	398
5137	12	1	3	396	0	412
5138	4	2	393	10	0	409
5139	383	0	8	6	0	397
5140	11	390	4	1	0	406
5141	441	11	2	2	0	456
5142	14	450	2	0	0	466
5143	10	13	1	447	0	471
5144	4	457	0	14	0	475
5145	4	12	0	471	0	487
5146	455	9	1	18	0	483
5147	12	452	1	9	0	474
5148	8	10	454	6	0	478
5149	7	9	11	455	0	482
5150	2	5	457	12	0	476
5151	3	0	15	454	0	472
5152	3	3	7	469	0	482
5153	5	0	447	18	0	470
5154	422	1	11	11	0	445
5155	13	2	433	4	0	452
5156	10	4	430	1	0	445
5157	6	433	18	4	0	461
5158	3	13	12	428	0	456
5159	2	10	3	438	0	453
5160	2	6	1	438	0	447
5161	1	2	2	451	0	456
5162	6	1	422	19	0	448
5163	402	1	12	17	0	432
5164	11	0	430	5	0	446
5165	10	2	15	408	0	435
5166	413	1	9	13	0	436
5167	12	406	8	10	0	436
5168	7	11	3	401	0	422
5169	382	7	3	12	0	404
5170	12	377	3	8	0	400
5171	8	362	2	7	0	379
5172	351	18	3	6	0	378
5173	11	361	1	2	0	375
5174	345	15	3	4	0	367
5175	15	357	2	2	0	376
5176	356	13	1	4	0	374
5177	355	7	2	6	0	370
5178	18	359	1	1	0	379
5179	13	12	1	357	0	383
5180	6	10	350	11	0	377
5181	351	7	7	12	0	377
5182	10	2	8	360	0	380
5183	9	343	4	11	0	367
5184	7	349	1	9	0	366
5185	2	15	1	357	0	375
5186	353	13	0	8	0	374
5187	9	4	353	9	0	375
5188	10	2	10	363	0	385
5189	10	1	7	365	0	383
5190	1	3	5	372	0	381
5191	4	3	0	368	0	375
5192	1	355	2	20	0	378
5193	3	8	2	368	0	381
5194	3	9	349	13	0	374
5195	2	4	356	12	0	374
5196	3	2	363	5	0	373
5197	5	2	17	350	0	374
5198	347	1	11	12	0	371
5199	9	2	346	10	0	367
5200	8	3	350	7	0	368
5201	6	2	16	348	0	372
5202	343	0	11	15	0	369
5203	11	342	6	9	0	368
5204	347	10	1	7	0	365
5205	12	9	3	344	0	368
5206	12	4	350	11	0	377
5207	7	7	11	329	0	354
5208	2	340	10	14	0	366
5209	353	7	4	10	0	374
5210	10	8	354	6	0	378
5211	12	345	8	2	0	367
5212	336	9	13	0	0	358
5213	12	8	8	332	0	360
5214	9	5	4	337	0	355
5215	335	2	2	16	0	355
5216	330	2	1	16	0	349
5217	341	3	1	7	0	352
5218	24	2	2	325	0	353
5219	16	318	3	12	0	349
5220	336	11	0	9	0	356
5221	11	330	4	4	0	349
5222	306	12	1	5	0	324
5223	19	305	2	2	0	328
5224	11	17	0	290	0	318
5225	298	7	2	10	0	317
5226	292	6	0	11	0	309
5227	304	2	0	10	0	316
5228	314	2	0	2	0	318
5229	314	1	0	3	0	318
5230	23	1	284	2	0	310
5231	17	1	10	286	0	314
5232	6	2	295	11	0	314
5233	4	1	292	9	0	306
5234	285	2	14	5	0	306
5235	297	1	12	1	0	311
5236	292	3	4	4	0	303
5237	27	0	1	269	0	297
5238	281	1	3	10	0	295
5239	15	263	0	12	0	290
5240	10	277	0	6	0	293
5241	4	240	0	2	0	246
5242	217	9	1	1	0	228
5243	5	226	0	1	0	232
5244	211	7	0	1	0	219
5245	212	2	0	1	0	215
5246	7	4	205	0	0	216
5247	6	0	5	204	0	215
5248	2	2	1	211	0	216
5249	212	0	2	8	0	222
5250	214	1	0	4	0	219
5251	9	1	0	210	0	220
5252	6	1	205	5	0	217
5253	4	0	213	2	0	219
5254	4	0	6	216	0	226
5255	3	0	5	212	0	220
5256	1	0	2	225	0	228
5257	214	0	2	8	0	224
5258	214	1	1	6	0	222
5259	8	215	1	3	0	227
5260	5	5	1	213	0	224
5261	4	1	0	212	0	217
5262	2	214	0	9	0	225
5263	3	5	0	216	0	224
5264	216	2	1	8	0	227
5265	6	2	0	220	0	228
5266	4	2	0	221	0	227
5267	213	1	0	7	0	221
5268	212	2	0	4	0	218
5269	213	0	1	3	0	217
5270	9	1	1	206	0	217
5271	5	0	194	4	0	203
5272	3	0	194	4	0	201
5273	1	0	196	3	0	200
5274	1	191	7	2	0	201
5275	181	4	5	2	0	192
5276	6	2	181	0	0	189
5277	184	2	4	0	0	190
5278	7	0	2	179	0	188
5279	169	0	3	6	0	178
5280	187	2	1	2	0	192
5281	7	190	0	3	0	200
5282	199	5	0	0	0	204
5283	191	1	0	2	0	194
5284	7	196	0	1	0	204
5285	7	4	0	197	0	208
5286	2	3	192	4	0	201
5287	3	1	4	191	0	199
5288	1	1	2	199	0	203
5289	195	1	3	7	0	206
5290	6	0	1	196	0	203
5291	4	199	2	5	0	210
5292	3	4	1	199	0	207
5293	2	2	1	204	0	209
5294	2	2	200	6	0	210
5295	3	193	5	3	0	204
5296	2	196	2	4	0	204
5297	191	6	3	0	0	200
5298	4	201	1	1	0	207
5299	4	9	1	192	0	206
5300	5	4	195	3	0	207
5301	2	199	4	3	0	208
5302	195	6	2	3	0	206
5303	6	3	3	196	0	208
5304	5	4	1	195	0	205
5305	3	0	194	7	0	204
5306	2	0	4	190	0	196
5307	4	0	4	193	0	201
5308	186	1	2	9	0	198
5309	180	1	0	7	0	188
5310	8	175	0	3	0	186
5311	169	1	0	1	0	171
5312	3	168	1	2	0	174
5313	3	2	1	154	0	160
5314	3	158	1	0	0	162
5315	1	161	0	3	0	165
5316	160	3	0	0	0	163
5317	161	2	0	2	0	165
5318	3	159	1	0	0	163
5319	165	2	0	0	0	167
5320	162	2	0	1	0	165
5321	175	0	0	1	0	176
5322	4	0	0	174	0	178
5323	178	0	1	0	0	179
5324	1	1	172	2	0	176
5325	177	0	1	1	0	179
5326	2	0	184	0	0	186
5327	3	0	1	182	0	186
5328	1	1	2	187	0	191
5329	2	0	190	2	0	194
5330	182	1	1	2	0	186
5331	185	0	2	2	0	189
5332	3	0	209	0	0	212
5333	2	0	1	199	0	202
5334	0	0	2	206	0	208
5335	1	0	0	212	0	213
5336	209	0	0	5	0	214
5337	206	0	0	3	0	209
5338	3	0	0	211	0	214
5339	2	204	0	0	0	206
5340	0	192	0	1	0	193
5341	182	2	0	0	0	184
5342	1	178	0	0	0	179
5343	1	174	0	0	0	175
5344	0	1	0	165	0	166
5345	0	1	167	0	0	168
5346	0	163	0	1	0	164
5347	0	0	1	167	0	168
5348	0	168	0	0	0	168
5349	1	0	0	167	0	168
5350	166	1	0	1	0	168
5351	0	168	0	1	0	169
5352	171	0	0	1	0	172
5353	167	1	0	0	0	168
5354	1	0	163	0	0	164
5355	160	0	0	0	0	160
5356	0	0	1	164	0	165
5357	1	0	162	0	0	163
5358	0	162	0	1	0	163
5359	0	0	1	158	0	159
5360	0	1	0	162	0	163
5361	159	0	0	1	0	160
5362	0	0	0	164	0	164
5363	1	0	0	164	0	165
5364	160	0	0	1	0	161
5365	0	163	0	1	0	164
5366	163	0	0	0	0	163
5367	0	2	161	0	0	163
5368	151	0	0	0	0	151
5369	0	0	159	0	0	159
5370	1	161	0	0	0	162
5371	166	0	1	1	0	168
5372	162	1	0	0	0	163
5373	1	0	165	0	0	166
5374	1	0	170	0	0	171
5375	1	0	167	0	0	168
5376	0	174	1	0	0	175
5377	0	0	2	177	0	179
5378	0	2	197	0	0	199
5379	0	0	186	1	0	187
5380	0	0	3	196	0	199
5381	0	0	202	1	0	203
5382	207	0	2	3	0	212
5383	228	0	3	3	0	234
5384	4	0	231	1	0	236
5385	3	227	4	4	0	238
5386	1	2	2	226	0	231
5387	1	3	225	3	0	232
5388	0	221	5	3	0	229
5389	1	5	2	216	0	224
5390	219	2	5	3	0	229
5391	219	1	2	3	0	225
5392	6	230	0	1	0	237
5393	2	3	0	228	0	233
5394	2	2	0	227	0	231
5395	2	1	0	226	0	229
5396	2	2	0	224	0	228
5397	1	0	225	8	0	234
5398	1	1	2	212	0	216
5399	0	0	220	6	0	226
5400	0	215	3	5	0	223
5401	214	1	3	1	0	219
5402	3	228	0	3	0	234
5403	2	3	2	226	0	233
5404	0	2	0	230	0	232
5405	226	0	1	6	0	233
5406	5	3	0	227	0	235
5407	3	224	0	4	0	231
5408	1	4	0	236	0	241
5409	2	1	0	234	0	237
5410	230	0	0	9	0	239
5411	5	2	231	1	0	239
5412	2	227	2	3	0	234
5413	0	233	1	2	0	236
5414	2	5	0	225	0	232
5415	223	2	2	4	0	231
5416	4	220	0	2	0	226
5417	3	5	1	223	0	232
5418	1	3	223	5	0	232
5419	3	1	4	225	0	233
5420	225	2	2	6	0	235
5421	220	0	1	4	0	225
5422	7	1	2	216	0	226
5423	230	0	0	7	0	237
5424	229	0	2	2	0	233
5425	8	1	225	1	0	235
5426	215	0	4	2	0	221
5427	6	225	3	0	0	234
5428	229	5	0	1	0	235
5429	5	3	218	1	0	227
5430	7	0	4	215	0	226
5431	222	2	4	5	0	233
5432	7	1	204	3	0	215
5433	3	1	214	1	0	219
5434	2	0	7	209	0	218
5435	2	0	211	5	0	218
5436	201	0	6	3	0	210
5437	5	0	219	0	0	224
5438	4	0	4	211	0	219
5439	1	0	7	215	0	223
5440	216	1	0	9	0	226
5441	4	0	219	3	0	226
5442	5	1	231	2	0	239
5443	0	0	9	250	0	259
5444	2	1	253	6	0	262
5445	249	0	7	4	0	260
5446	7	0	7	246	0	260
5447	3	1	247	7	0	258
5448	2	0	7	245	0	254
5449	4	0	5	254	0	263
5450	256	0	2	10	0	268
5451	5	1	253	5	0	264
5452	240	2	4	3	0	249
5453	5	1	260	3	0	269
5454	255	0	6	2	0	263
5455	251	1	7	1	0	260
5456	256	1	0	3	0	260
5457	10	247	3	1	0	261
5458	257	4	2	2	0	265
5459	250	4	2	1	0	257
5460	12	0	0	253	0	265
5461	4	2	250	5	0	261
5462	241	0	4	6	0	251
5463	6	1	256	2	0	265
5464	8	0	5	244	0	257
5465	4	0	5	253	0	262
5466	256	0	0	9	0	265
5467	5	254	2	4	0	265
5468	8	4	1	257	0	270
5469	2	3	1	261	0	267
5470	1	0	263	10	0	274
5471	4	1	4	263	0	272
5472	3	0	4	271	0	278
5473	4	1	1	256	0	262
5474	0	253	1	9	0	263
5475	252	4	0	5	0	261
5476	254	3	1	3	0	261
5477	7	256	1	3	0	267
5478	232	3	1	1	0	237
5479	7	3	0	236	0	246
5480	5	2	248	2	0	257
5481	1	256	3	5	0	265
5482	2	252	4	1	0	259
5483	241	4	2	1	0	248
5484	249	2	1	0	0	252
5485	9	0	0	253	0	262
5486	6	0	0	260	0	266
5487	2	0	1	269	0	272
5488	264	0	0	9	0	273
5489	7	0	256	4	0	267
5490	259	1	3	4	0	267
5491	3	1	3	269	0	276
5492	8	0	1	256	0	265
5493	2	260	1	7	0	270
5494	2	4	2	269	0	277
5495	4	3	1	269	0	277
5496	1	0	270	9	0	280
5497	2	270	4	5	0	281
5498	270	5	5	3	0	283
5499	271	4	0	2	0	277
5500	278	1	1	3	0	283
5501	272	1	2	2	0	277
5502	7	2	263	3	0	275
5503	263	1	5	4	0	273
5504	8	1	271	1	0	281
5505	9	0	3	264	0	276
5506	2	275	7	4	0	288
5507	6	3	1	272	0	282
5508	3	3	3	277	0	286
5509	2	0	278	7	0	287
5510	267	2	3	7	0	279
5511	270	2	3	6	0	281
5512	7	271	0	3	0	281
5513	4	3	270	3	0	280
5514	2	4	3	273	0	282
5515	2	0	277	3	0	282
5516	4	1	275	4	0	284
5517	4	1	5	273	0	283
5518	2	1	275	6	0	284
5519	0	1	4	275	0	280
5520	2	0	285	4	0	291
5521	4	1	4	282	0	291
5522	279	1	6	7	0	293
5523	278	0	2	6	0	286
5524	280	0	3	4	0	287
5525	272	0	4	5	0	281
5526	6	283	0	3	0	292
5527	4	4	0	279	0	287
5528	6	3	0	277	0	286
5529	5	2	276	2	0	285
5530	4	2	2	273	0	281
5531	2	2	278	5	0	287
5532	2	1	268	6	0	277
5533	264	1	5	5	0	275
5534	4	280	5	2	0	291
5535	283	3	3	4	0	293
5536	281	4	3	5	0	293
5537	7	290	2	2	0	301
5538	298	4	1	4	0	307
5539	4	5	300	3	0	312
5540	3	303	2	3	0	311
5541	295	3	5	1	0	304
5542	5	3	286	0	0	294
5543	267	1	2	1	0	271
5544	3	274	2	0	0	279
5545	277	4	0	2	0	283
5546	267	1	1	2	0	271
5547	5	266	2	0	0	273
5548	2	273	0	0	0	275
5549	2	268	1	0	0	271
5550	4	4	0	269	0	277
5551	1	3	0	275	0	279
5552	269	1	0	4	0	274
5553	266	3	0	4	0	273
5554	4	1	271	0	0	276
5555	2	1	264	2	0	269
5556	1	0	261	2	0	264
5557	3	1	2	268	0	274
5558	1	0	280	1	0	282
5559	3	0	4	270	0	277
5560	270	1	3	3	0	277
5561	3	0	280	2	0	285
5562	272	0	4	2	0	278
5563	270	1	3	2	0	276
5564	3	0	279	2	0	284
5565	2	291	5	1	0	299
5566	6	3	1	286	0	296
5567	4	1	291	2	0	298
5568	4	0	3	280	0	287
5569	4	1	2	306	0	313
5570	307	2	1	7	0	317
5571	6	2	1	307	0	316
5572	2	0	301	6	0	309
5573	0	1	4	301	0	306
5574	300	0	2	7	0	309
5575	4	312	1	4	0	321
5576	306	4	2	3	0	315
5577	4	1	2	301	0	308
5578	4	0	293	5	0	302
5579	1	1	292	1	0	295
5580	1	2	293	0	0	296
5581	1	275	3	2	0	281
5582	264	6	3	2	0	275
5583	4	254	1	1	0	260
5584	237	3	2	4	0	246
5585	2	240	0	2	0	244
5586	3	3	1	237	0	244
5587	0	1	1	236	0	238
5588	1	0	0	233	0	234
5589	2	225	2	3	0	232
5590	1	3	1	237	0	242
5591	2	4	1	275	0	282
5592	284	0	0	14	0	298
5593	10	1	1	297	0	309
5594	3	2	303	12	0	320
5595	294	0	11	8	0	313
5596	315	0	4	4	0	323
5597	16	311	1	1	0	329
5598	310	11	2	8	0	331
5599	317	4	3	3	0	327
5600	20	1	0	313	0	334
5601	7	1	0	322	0	330
5602	3	3	2	327	0	335
5603	321	1	0	17	0	339
5604	325	1	1	7	0	334
5605	17	2	318	3	0	340
5606	318	0	13	5	0	336
5607	323	1	3	4	0	331
5608	331	1	0	4	0	336
5609	19	2	307	3	0	331
5610	8	0	312	4	0	324
5611	7	1	17	312	0	337
5612	3	0	325	18	0	346
5613	5	0	15	309	0	329
5614	6	1	6	299	0	312
5615	4	312	4	13	0	333
5616	313	13	1	7	0	334
5617	14	5	316	2	0	337
5618	318	1	13	4	0	336
5619	14	0	5	327	0	346
5620	312	2	3	15	0	332
5621	17	307	1	7	0	332
5622	9	325	4	3	0	341
5623	5	20	2	318	0	345
5624	7	5	3	331	0	346
5625	8	1	324	17	0	350
5626	8	2	12	315	0	337
5627	306	4	7	18	0	335
5628	17	312	3	8	0	340
5629	7	13	310	4	0	334
5630	2	11	14	317	0	344
5631	2	1	325	16	0	344
5632	6	0	11	323	0	340
5633	1	4	326	14	0	345
5634	1	6	318	9	0	334
5635	7	0	17	307	0	331
5636	312	3	8	14	0	337
5637	317	1	4	8	0	330
5638	307	0	4	7	0	318
5639	22	292	4	1	0	319
5640	296	15	1	5	0	317
5641	295	8	3	3	0	309
5642	20	2	288	4	0	314
5643	9	281	13	5	0	308
5644	4	13	7	287	0	311
5645	282	5	4	13	0	304
5646	18	278	2	7	0	305
5647	287	15	3	3	0	308
5648	292	10	2	1	0	305
5649	300	1	3	4	0	308
5650	290	0	6	4	0	300
5651	19	4	2	281	0	306
5652	288	1	4	15	0	308
5653	18	0	3	282	0	303
5654	9	270	3	14	0	296
5655	8	13	2	283	0	306
5656	279	3	0	19	0	301
5657	21	2	277	6	0	306
5658	14	4	12	275	0	305
5659	270	3	5	18	0	296
5660	18	270	1	8	0	297
5661	283	14	3	5	0	305
5662	283	10	6	4	0	303
5663	18	277	3	8	0	306
5664	291	12	1	2	0	306
5665	14	10	259	4	0	287
5666	12	2	267	2	0	283
5667	261	1	17	3	0	282
5668	17	4	253	3	0	277
5669	11	1	11	227	0	250
5670	6	237	7	13	0	263
5671	239	10	4	6	0	259
5672	13	241	1	3	0	258
5673	8	249	4	2	0	263
5674	5	12	1	251	0	269
5675	7	7	2	255	0	271
5676	10	1	1	257	0	269
5677	8	2	3	256	0	269
5678	4	2	246	14	0	266
5679	5	2	7	241	0	255
5680	6	1	7	249	0	263
5681	237	2	0	17	0	256
5682	14	2	0	242	0	258
5683	6	4	234	8	0	252
5684	240	3	7	6	0	256
5685	10	1	6	237	0	254
5686	10	0	243	10	0	263
5687	5	2	10	240	0	257
5688	2	240	7	7	0	256
5689	246	8	1	4	0	259
5690	6	6	240	1	0	253
5691	4	191	3	1	0	199
5692	180	3	2	3	0	188
5693	2	161	0	0	0	163
5694	2	153	0	1	0	156
5695	150	1	2	2	0	155
5696	0	143	1	1	0	145
5697	2	143	0	0	0	145
5698	1	2	3	141	0	147
5699	0	1	147	1	0	149
5700	0	145	1	2	0	148
5701	5	0	0	137	0	142
5702	0	138	0	1	0	139
5703	136	1	1	0	0	138
5704	1	0	130	1	0	132
5705	0	0	0	132	0	132
5706	133	0	1	1	0	135
5707	0	0	0	138	0	138
5708	0	1	138	0	0	139
5709	128	0	0	1	0	129
5710	135	0	0	1	0	136
5711	1	132	0	1	0	134
5712	1	0	0	133	0	134
5713	0	1	1	134	0	136
5714	136	1	0	1	0	138
5715	137	0	0	0	0	137
5716	0	1	139	0	0	140
5717	0	133	0	1	0	134
5718	139	1	0	0	0	140
5719	1	0	0	136	0	137
5720	0	0	142	0	0	142
5721	0	1	125	1	0	127
5722	3	1	0	130	0	134
5723	131	0	1	0	0	132
5724	0	130	0	0	0	130
5725	150	0	0	1	0	151
5726	0	1	0	153	0	154
5727	0	0	0	156	0	156
5728	1	0	0	155	0	156
5729	158	0	0	0	0	158
5730	0	157	0	0	0	157
5731	1	0	0	159	0	160
5732	1	0	0	156	0	157
5733	0	0	158	0	0	158
5734	0	0	0	153	0	153
5735	0	0	161	0	0	161
5736	0	153	0	1	0	154
5737	1	0	0	157	0	158
5738	153	0	0	0	0	153
5739	0	0	153	0	0	153
5740	0	0	0	153	0	153
5741	0	0	153	0	0	153
5742	143	0	0	0	0	143
5743	0	0	154	0	0	154
5744	0	0	0	150	0	150
5745	150	0	0	0	0	150
5746	0	139	0	0	0	139
5747	145	0	0	0	0	145
5748	0	148	0	0	0	148
5749	0	0	0	153	0	153
5750	0	0	154	0	0	154
5751	0	1	153	0	0	154
5752	1	0	0	159	0	160
5753	169	0	0	0	0	169
5754	165	0	0	0	0	165
5755	0	0	0	166	0	166
5756	1	0	0	166	0	167
5757	166	0	0	1	0	167
5758	0	158	0	0	0	158
5759	0	174	0	0	0	174
5760	178	0	0	0	0	178
5761	0	0	174	0	0	174
5762	0	1	0	176	0	177
5763	0	0	180	0	0	180
5764	0	0	0	176	0	176
5765	0	0	182	0	0	182
5766	0	1	176	0	0	177
5767	0	0	0	187	0	187
5768	0	179	0	0	0	179
5769	183	0	0	1	0	184
5770	0	187	0	0	0	187
5771	0	0	0	188	0	188
5772	193	0	0	0	0	193
5773	0	0	0	197	0	197
5774	201	0	0	1	0	202
5775	196	0	0	1	0	197
5776	200	0	0	0	0	200
5777	0	197	0	0	0	197
5778	201	0	0	0	0	201
5779	0	0	0	207	0	207
5780	212	0	0	1	0	213
5781	0	0	0	217	0	217
5782	215	0	0	0	0	215
5783	213	0	0	1	0	214
5784	1	211	0	1	0	213
5785	0	0	0	233	0	233
5786	0	0	0	232	0	232
5787	0	255	0	0	0	255
5788	0	1	0	263	0	264
5789	260	1	0	1	0	262
5790	266	0	0	1	0	267
5791	260	0	0	0	0	260
5792	2	0	288	0	0	290
5793	290	0	1	1	0	292
5794	295	0	1	1	0	297
5795	294	0	0	0	0	294
5796	2	299	0	0	0	301
5797	1	1	0	301	0	303
5798	0	1	0	304	0	305
5799	1	0	0	300	0	301
5800	0	0	302	2	0	304
5801	0	0	1	303	0	304
5802	301	0	1	1	0	303
5803	1	0	0	300	0	301
5804	1	0	0	310	0	311
5805	1	1	304	4	0	310
5806	0	308	3	1	0	312
5807	317	3	1	0	0	321
5808	3	1	0	316	0	320
5809	330	1	0	3	0	334
5810	3	0	315	2	0	320
5811	306	0	3	0	0	309
5812	3	339	1	0	0	343
5813	2	2	345	1	0	350
5814	1	2	343	0	0	346
5815	1	1	4	342	0	348
5816	2	1	373	4	0	380
5817	1	373	4	2	0	380
5818	0	4	1	388	0	393
5819	0	1	1	389	0	391
5820	0	0	0	390	0	390
5821	385	0	0	5	0	390
5822	3	378	2	2	0	385
5823	2	3	0	384	0	389
5824	2	1	1	387	0	391
5825	377	1	0	7	0	385
5826	4	379	0	3	0	386
5827	395	3	1	1	0	400
5828	395	2	0	0	0	397
5829	393	0	1	0	0	394
5830	5	2	387	1	0	395
5831	3	1	3	373	0	380
5832	0	383	4	3	0	390
5833	2	397	1	2	0	402
5834	3	4	0	387	0	394
5835	2	389	1	3	0	395
5836	423	4	1	3	0	431
5837	3	1	424	3	0	431
5838	411	1	4	3	0	419
5839	436	1	1	6	0	444
5840	6	0	1	441	0	448
5841	436	2	0	5	0	443
5842	4	490	0	5	0	499
5843	509	3	0	5	0	517
5844	504	2	0	4	0	510
5845	522	1	2	3	0	528
5846	7	1	532	3	0	543
5847	5	1	541	1	0	548
5848	3	1	4	544	0	552
5849	5	537	2	5	0	549
5850	2	557	2	2	0	563
5851	3	8	0	547	0	558
5852	552	3	1	6	0	562
5853	4	1	1	552	0	558
5854	2	3	2	558	0	565
5855	550	2	1	9	0	562
5856	7	546	3	3	0	559
5857	3	5	541	2	0	551
5858	6	2	526	2	0	536
5859	542	0	8	4	0	554
5860	8	1	1	541	0	551
5861	5	2	551	4	0	562
5862	2	3	4	537	0	546
5863	3	0	1	539	0	543
5864	2	1	1	554	0	558
5865	7	0	1	538	0	546
5866	2	535	3	3	0	543
5867	2	5	1	540	0	548
5868	537	3	2	8	0	550
5869	5	530	3	6	0	544
5870	547	4	3	5	0	559
5871	546	3	1	3	0	553
5872	546	3	1	4	0	554
5873	6	2	526	3	0	537
5874	523	1	4	3	0	531
5875	540	3	1	3	0	547
5876	532	1	2	3	0	538
5877	531	2	1	2	0	536
5878	6	531	0	2	0	539
5879	534	4	1	6	0	545
5880	3	2	534	1	0	540
5881	7	1	4	520	0	532
5882	1	2	2	539	0	544
5883	541	1	1	9	0	552
5884	7	538	1	4	0	550
5885	528	4	0	4	0	536
5886	3	544	2	1	0	550
5887	519	3	1	4	0	527
5888	521	1	0	4	0	526
5889	5	580	1	0	0	586
5890	598	7	0	0	0	605
5891	625	0	1	4	0	630
5892	8	596	3	0	0	607
5893	0	623	1	1	0	625
5894	643	8	1	1	0	653
5895	8	2	0	657	0	667
5896	658	1	1	9	0	669
5897	680	0	0	1	0	681
5898	681	1	0	5	0	687
5899	691	0	0	4	0	695
5900	11	659	1	0	0	671
5901	2	678	1	1	0	682
5902	680	12	1	2	0	695
5903	9	5	679	0	0	693
5904	9	2	5	662	0	678
5905	10	1	2	677	0	690
5906	673	1	2	13	0	689
5907	9	668	0	5	0	682
5908	11	8	0	664	0	683
5909	3	6	0	673	0	682
5910	663	4	1	12	0	680
5911	13	1	2	665	0	681
5912	654	0	4	14	0	672
5913	656	0	0	7	0	663
5914	643	3	1	5	0	652
5915	17	2	0	629	0	648
5916	7	3	0	624	0	634
5917	2	1	661	13	0	677
5918	0	0	654	9	0	663
5919	665	1	15	3	0	684
5920	15	0	5	667	0	687
5921	8	2	692	11	0	713
5922	5	2	685	5	0	697
5923	6	1	18	691	0	716
5924	4	0	700	16	0	720
5925	4	1	15	699	0	719
5926	10	0	9	690	0	709
5927	4	0	698	21	0	723
5928	10	0	14	698	0	722
5929	8	3	7	686	0	704
5930	8	0	5	716	0	729
5931	1	2	696	20	0	719
5932	4	0	15	710	0	729
5933	698	0	11	18	0	727
5934	15	711	4	11	0	741
5935	710	13	2	8	0	733
5936	17	6	686	1	0	710
5937	683	4	14	5	0	706
5938	698	2	7	6	0	713
5939	696	0	5	4	0	705
5940	22	1	5	681	0	709
5941	12	1	2	690	0	705
5942	9	1	622	22	0	654
5943	601	5	15	8	0	629
5944	18	605	6	7	0	636
5945	7	590	4	5	0	606
5946	7	598	4	0	0	609
5947	11	17	0	565	0	593
5948	562	8	1	15	0	586
5949	562	4	1	12	0	579
5950	19	1	544	5	0	569
5951	11	0	17	548	0	576
5952	8	0	5	567	0	580
5953	3	5	555	19	0	582
5954	4	3	547	8	0	562
5955	535	4	18	7	0	564
5956	13	552	6	8	0	579
5957	556	13	3	5	0	577
5958	565	7	3	1	0	576
5959	19	4	3	551	0	577
5960	10	2	1	562	0	575
5961	540	1	2	23	0	566
5962	17	0	4	545	0	566
5963	10	1	4	551	0	566
5964	541	2	1	22	0	566
5965	17	5	3	538	0	563
5966	546	1	3	18	0	568
5967	554	1	1	9	0	565
5968	18	3	534	7	0	562
5969	536	0	16	8	0	560
5970	546	1	6	3	0	556
5971	550	1	1	9	0	561
5972	19	1	482	7	0	509
5973	523	1	14	4	0	542
5974	17	512	4	8	0	541
5975	535	14	2	6	0	557
5976	546	3	4	1	0	554
5977	24	1	3	527	0	555
5978	11	2	1	537	0	551
5979	10	526	4	19	0	559
5980	12	13	2	527	0	554
5981	4	5	2	540	0	551
5982	524	3	0	24	0	551
5983	16	5	4	517	0	542
5984	12	2	3	524	0	541
5985	14	1	1	519	0	535
5986	7	489	0	21	0	517
5987	477	11	3	11	0	502
5988	16	487	2	5	0	510
5989	428	11	0	5	0	444
5990	14	6	394	4	0	418
5991	368	2	10	0	0	380
5992	13	1	364	5	0	383
5993	7	346	7	7	0	367
5994	314	10	14	1	0	339
5995	313	6	2	2	0	323
5996	11	288	2	7	0	308
5997	7	284	0	2	0	293
5998	266	12	1	2	0	281
5999	275	3	1	5	0	284
6000	11	1	0	268	0	280
6001	8	2	0	272	0	282
6002	3	0	265	13	0	281
6003	257	1	8	8	0	274
6004	10	0	4	255	0	269
6005	4	264	2	7	0	277
6006	6	6	2	263	0	277
6007	5	4	1	266	0	276
6008	3	4	254	11	0	272
6009	6	3	10	254	0	273
6010	258	1	4	7	0	270
6011	8	244	2	6	0	260
6012	4	245	2	2	0	253
6013	243	9	1	2	0	255
6014	244	2	2	2	0	250
6015	249	4	0	2	0	255
6016	13	236	2	1	0	252
6017	5	183	1	1	0	190
6018	201	4	1	3	0	209
6019	204	1	0	3	0	208
6020	5	196	0	2	0	203
6021	0	156	1	1	0	158
6022	153	1	0	3	0	157
6023	2	0	1	153	0	156
6024	154	1	1	1	0	157
6025	2	0	0	158	0	160
6026	0	158	0	2	0	160
6027	0	150	1	0	0	151
6028	161	1	0	1	0	163
6029	163	2	0	0	0	165
6030	170	1	0	0	0	171
6031	2	172	1	0	0	175
6032	1	2	162	0	0	165
6033	1	162	2	0	0	165
6034	152	2	0	1	0	155
6035	149	0	0	1	0	150
6036	2	0	148	0	0	150
6037	1	147	2	0	0	150
6038	1	1	0	150	0	152
6039	1	1	0	146	0	148
6040	1	137	0	1	0	139
6041	2	2	144	0	0	148
6042	147	2	2	0	0	151
6043	3	2	0	147	0	152
6044	147	0	0	4	0	151
6045	145	0	0	1	0	146
6046	3	0	0	155	0	158
6047	1	0	0	163	0	164
6048	1	1	0	166	0	168
6049	1	2	0	167	0	170
6050	167	1	0	4	0	172
6051	167	1	0	1	0	169
6052	5	0	172	0	0	177
6053	2	1	2	171	0	176
6054	2	1	2	178	0	183
6055	2	1	2	177	0	182
6056	2	2	173	3	0	180
6057	4	0	3	165	0	172
6058	171	0	1	4	0	176
6059	2	3	1	171	0	177
6060	1	2	170	4	0	177
6061	3	0	3	170	0	176
6062	1	2	170	4	0	177
6063	177	2	1	2	0	182
6064	4	0	2	179	0	185
6065	179	0	2	4	0	185
6066	179	0	0	4	0	183
6067	5	0	1	177	0	183
6068	180	2	0	5	0	187
6069	2	1	0	179	0	182
6070	3	187	0	6	0	196
6071	196	3	1	2	0	202
6072	200	1	0	3	0	204
6073	200	1	0	2	0	203
6074	7	1	2	197	0	207
6075	1	2	1	198	0	202
6076	4	0	0	200	0	204
6077	3	1	191	7	0	202
6078	3	193	2	3	0	201
6079	2	3	2	185	0	192
6080	2	2	182	4	0	190
6081	185	2	4	5	0	196
6082	5	1	5	189	0	200
6083	3	2	188	5	0	198
6084	195	0	4	4	0	203
6085	5	0	4	200	0	209
6086	4	0	1	204	0	209
6087	2	2	0	208	0	212
6088	203	0	2	6	0	211
6089	207	1	0	4	0	212
6090	204	1	0	3	0	208
6091	6	194	2	3	0	205
6092	5	199	1	2	0	207
6093	199	5	0	2	0	206
6094	7	2	207	0	0	216
6095	8	0	2	200	0	210
6096	1	1	2	211	0	215
6097	201	2	0	9	0	212
6098	200	0	1	8	0	209
6099	4	201	2	4	0	211
6100	5	3	1	204	0	213
6101	2	1	203	5	0	211
6102	3	1	203	2	0	209
6103	3	1	5	207	0	216
6104	4	0	2	213	0	219
6105	213	0	2	5	0	220
6106	5	0	3	212	0	220
6107	219	0	1	7	0	227
6108	219	0	0	6	0	225
6109	5	1	218	6	0	230
6110	226	1	3	1	0	231
6111	224	0	2	5	0	231
6112	232	1	2	0	0	235
6113	8	217	1	2	0	228
6114	2	214	2	2	0	220
6115	4	3	0	218	0	225
6116	3	1	217	3	0	224
6117	1	208	1	7	0	217
6118	4	4	1	191	0	200
6119	1	3	0	188	0	192
6120	0	185	1	5	0	191
6121	188	2	1	2	0	193
6122	188	3	0	1	0	192
6123	5	0	192	1	0	198
6124	184	1	2	1	0	188
6125	2	2	190	0	0	194
6126	179	0	0	1	0	180
6127	3	0	189	0	0	192
6128	2	179	3	0	0	184
6129	4	1	1	173	0	179
6130	2	2	1	171	0	176
6131	173	1	0	3	0	177
6132	169	0	1	2	0	172
6133	171	0	0	3	0	174
6134	2	0	175	0	0	177
6135	2	0	1	172	0	175
6136	1	0	3	177	0	181
6137	182	0	0	3	0	185
6138	2	187	1	2	0	192
6139	201	2	1	0	0	204
6140	1	2	0	207	0	210
6141	3	0	0	213	0	216
6142	2	0	0	210	0	212
6143	1	1	0	212	0	214
6144	2	0	0	208	0	210
6145	0	208	1	4	0	213
6146	0	199	0	4	0	203
6147	0	195	0	2	0	197
6148	1	3	0	196	0	200
6149	0	3	190	1	0	194
6150	177	0	1	1	0	179
6151	1	191	1	2	0	195
6152	1	1	0	187	0	189
6153	1	1	0	190	0	192
6154	190	0	0	3	0	193
6155	187	0	0	2	0	189
6156	184	1	0	0	0	185
6157	2	0	0	198	0	200
6158	1	0	198	1	0	200
6159	0	0	203	1	0	204
6160	0	0	2	202	0	204
6161	0	2	205	1	0	208
6162	198	0	2	2	0	202
6163	1	0	1	201	0	203
6164	1	0	203	1	0	205
6165	0	0	1	198	0	199
6166	0	0	206	1	0	207
6167	0	0	216	1	0	217
6168	2	0	2	244	0	248
6169	0	0	263	0	0	263
6170	1	0	241	1	0	243
6171	0	258	1	0	0	259
6172	2	1	1	257	0	261
6173	273	0	1	2	0	276
6174	1	1	0	271	0	273
6175	1	0	0	279	0	280
6176	1	0	278	1	0	280
6177	259	0	1	1	0	261
6178	2	0	0	275	0	277
6179	0	0	1	279	0	280
6180	285	0	0	3	0	288
6181	2	0	0	290	0	292
6182	292	0	0	2	0	294
6183	294	0	0	2	0	296
6184	289	0	0	3	0	292
6185	2	289	0	0	0	291
6186	298	1	0	1	0	300
6187	1	296	0	1	0	298
6188	1	1	0	304	0	306
6189	304	0	0	3	0	307
6190	1	307	0	0	0	308
6191	313	1	0	2	0	316
6192	3	310	1	0	0	314
6193	312	2	0	1	0	315
6194	2	301	0	1	0	304
6195	0	311	1	0	0	312
6196	2	342	0	1	0	345
6197	0	2	0	341	0	343
6198	0	355	0	1	0	356
6199	2	2	0	360	0	364
6200	1	0	0	365	0	366
6201	0	2	0	360	0	362
6202	4	0	0	360	0	364
6203	363	1	0	1	0	365
6204	358	1	0	5	0	364
6205	2	1	361	1	0	365
6206	366	2	1	0	0	369
6207	385	0	0	2	0	387
6208	409	1	1	2	0	413
6209	4	1	410	0	0	415
6210	2	1	411	0	0	414
6211	404	2	1	0	0	407
6212	3	1	418	0	0	422
6213	0	444	4	1	0	449
6214	2	5	0	449	0	456
6215	459	2	1	5	0	467
6216	460	1	0	6	0	467
6217	459	1	1	2	0	463
6218	6	0	1	462	0	469
6219	4	0	0	459	0	463
6220	2	0	477	6	0	485
6221	1	1	5	475	0	482
6222	4	0	1	477	0	482
6223	472	0	1	10	0	483
6224	6	478	1	2	0	487
6225	490	5	1	4	0	500
6226	8	1	1	492	0	502
6227	486	1	0	8	0	495
6228	485	0	2	3	0	490
6229	474	0	1	2	0	477
6230	7	462	0	7	0	476
6231	5	482	1	0	0	488
6232	1	9	1	488	0	499
6233	487	1	1	10	0	499
6234	10	1	0	472	0	483
6235	3	0	2	480	0	485
6236	4	1	478	8	0	491
6237	3	2	6	473	0	484
6238	2	2	3	466	0	473
6239	2	2	2	464	0	470
6240	0	1	455	10	0	466
6241	3	0	442	4	0	449
6242	2	445	7	4	0	458
6243	445	8	3	1	0	457
6244	9	1	2	446	0	458
6245	2	1	446	10	0	459
6246	5	2	7	440	0	454
6247	3	2	1	478	0	484
6248	480	0	2	14	0	496
6249	476	1	2	6	0	485
6250	7	484	3	2	0	496
6251	480	6	1	4	0	491
6252	477	1	2	4	0	484
6253	11	2	2	471	0	486
6254	4	3	464	10	0	481
6255	4	472	5	6	0	487
6256	472	7	2	5	0	486
6257	476	2	3	2	0	483
6258	9	474	0	5	0	488
6259	9	6	2	483	0	500
6260	498	2	2	12	0	514
6261	491	4	2	5	0	502
6262	12	4	3	494	0	513
6263	488	0	2	17	0	507
6264	521	1	1	3	0	526
6265	517	3	0	5	0	525
6266	14	3	528	3	0	548
6267	9	507	9	5	0	530
6268	8	515	2	1	0	526
6269	491	11	0	5	0	507
6270	12	504	1	3	0	520
6271	4	14	491	2	0	511
6272	4	3	11	499	0	517
6273	491	2	5	13	0	511
6274	11	2	2	488	0	503
6275	484	2	1	19	0	506
6276	497	2	0	6	0	505
6277	489	2	3	3	0	497
6278	15	475	4	3	0	497
6279	5	491	2	6	0	504
6280	482	13	4	5	0	504
6281	484	3	2	7	0	496
6282	497	2	4	2	0	505
6283	18	4	0	477	0	499
6284	474	2	1	17	0	494
6285	16	463	0	5	0	484
6286	9	479	1	2	0	491
6287	7	14	0	469	0	490
6288	6	4	449	17	0	476
6289	8	1	455	3	0	467
6290	5	2	14	449	0	470
6291	7	2	452	12	0	473
6292	7	2	12	458	0	479
6293	458	4	2	14	0	478
6294	14	5	4	457	0	480
6295	452	4	3	16	0	475
6296	13	427	5	5	0	450
6297	8	13	441	5	0	467
6298	7	6	13	418	0	444
6299	5	2	3	451	0	461
6300	3	6	438	16	0	463
6301	10	3	12	423	0	448
6302	6	430	1	18	0	455
6303	11	13	2	435	0	461
6304	7	3	2	451	0	463
6305	12	3	1	464	0	480
6306	6	0	457	18	0	481
6307	7	3	440	7	0	457
6308	391	3	13	8	0	415
6309	11	6	392	3	0	412
6310	8	394	10	5	0	417
6311	395	10	3	8	0	416
6312	15	392	3	3	0	413
6313	378	9	4	4	0	395
6314	383	2	3	5	0	393
6315	377	5	2	2	0	386
6316	380	3	4	6	0	393
6317	11	375	1	2	0	389
6318	6	378	4	2	0	390
6319	379	9	3	3	0	394
6320	12	4	355	4	0	375
6321	6	2	9	358	0	375
6322	6	1	0	362	0	369
6323	9	1	358	6	0	374
6324	337	5	7	4	0	353
6325	354	2	2	3	0	361
6326	347	4	1	3	0	355
6327	11	347	4	2	0	364
6328	356	8	2	6	0	372
6329	11	1	2	350	0	364
6330	3	379	5	9	0	396
6331	393	7	0	4	0	404
6332	393	4	2	3	0	402
6333	433	4	1	5	0	443
6334	13	2	3	426	0	444
6335	8	1	4	436	0	449
6336	5	421	2	15	0	443
6337	6	11	425	5	0	447
6338	9	3	10	415	0	437
6339	6	5	4	425	0	440
6340	8	2	4	435	0	449
6341	4	1	428	20	0	453
6342	430	4	12	8	0	454
6343	15	4	2	444	0	465
6344	5	2	441	13	0	461
6345	9	2	11	437	0	459
6346	439	1	4	18	0	462
6347	13	437	3	8	0	461
6348	3	18	4	438	0	463
6349	8	3	441	15	0	467
6350	426	4	14	8	0	452
6351	448	0	6	5	0	459
6352	14	1	437	8	0	460
6353	9	0	17	405	0	431
6354	7	438	3	12	0	460
6355	446	13	5	2	0	466
6356	17	4	429	3	0	453
6357	423	7	14	2	0	446
6358	23	2	413	1	0	439
6359	5	5	403	2	0	415
6360	387	3	13	2	0	405
6361	17	393	6	4	0	420
6362	10	12	386	4	0	412
6363	5	389	15	7	0	416
6364	5	13	381	6	0	405
6365	2	388	16	2	0	408
6366	363	14	6	5	0	388
6367	10	1	361	6	0	378
6368	3	4	358	3	0	368
6369	6	0	347	3	0	356
6370	336	3	13	3	0	355
6371	346	1	6	2	0	355
6372	8	2	4	337	0	351
6373	7	0	346	7	0	360
6374	2	2	349	5	0	358
6375	350	0	8	5	0	363
6376	8	3	7	352	0	370
6377	356	0	3	10	0	369
6378	366	0	4	4	0	374
6379	11	1	3	352	0	367
6380	7	347	1	7	0	362
6381	4	9	4	352	0	369
6382	5	2	1	365	0	373
6383	1	7	351	9	0	368
6384	8	350	7	3	0	368
6385	2	353	7	2	0	364
6386	5	6	4	346	0	361
6387	2	4	352	6	0	364
6388	1	354	9	3	0	367
6389	4	7	351	3	0	365
6390	345	7	8	2	0	362
6391	358	1	8	2	0	369
6392	8	6	352	0	0	366
6393	354	1	10	1	0	366
6394	8	3	6	356	0	373
6395	6	366	4	6	0	382
6396	5	6	6	373	0	390
6397	359	2	5	9	0	375
6398	363	4	3	4	0	374
6399	366	0	4	7	0	377
6400	367	3	2	1	0	373
6401	12	334	5	4	0	355
6402	6	344	6	1	0	357
6403	341	9	4	7	0	361
6404	15	3	344	2	0	364
6405	8	5	10	318	0	341
6406	7	332	3	7	0	349
6407	6	11	2	333	0	352
6408	1	339	3	12	0	355
6409	1	14	3	341	0	359
6410	4	1	329	13	0	347
6411	329	4	10	6	0	349
6412	335	1	6	5	0	347
6413	12	6	327	1	0	346
6414	323	3	13	4	0	343
6415	331	6	1	3	0	341
6416	13	1	321	2	0	337
6417	5	3	13	310	0	331
6418	319	1	7	10	0	337
6419	14	2	323	1	0	340
6420	9	2	12	313	0	336
6421	6	0	326	13	0	345
6422	4	2	326	3	0	335
6423	310	2	14	8	0	334
6424	333	4	5	3	0	345
6425	329	2	1	4	0	336
6426	340	2	2	3	0	347
6427	21	1	1	330	0	353
6428	6	306	3	9	0	324
6429	5	322	1	4	0	332
6430	6	16	0	292	0	314
6431	287	5	3	13	0	308
6432	15	281	1	4	0	301
6433	1	251	2	0	0	254
6434	247	9	2	0	0	258
6435	8	3	1	246	0	258
6436	249	0	0	7	0	256
6437	6	242	4	1	0	253
6438	244	9	0	2	0	255
6439	7	2	269	0	0	278
6440	295	0	7	2	0	304
6441	309	0	3	2	0	314
6442	315	0	2	1	0	318
6443	15	0	279	1	0	295
6444	306	0	8	2	0	316
6445	10	299	2	2	0	313
6446	3	10	295	1	0	309
6447	7	3	9	284	0	303
6448	4	2	1	281	0	288
6449	2	286	2	9	0	299
6450	2	7	3	286	0	298
6451	3	1	0	295	0	299
6452	2	3	278	11	0	294
6453	267	2	11	4	0	284
6454	10	0	279	4	0	293
6455	5	1	9	276	0	291
6456	4	1	285	8	0	298
6457	6	1	11	287	0	305
6458	294	0	3	12	0	309
6459	304	2	3	5	0	314
6460	12	1	3	302	0	318
6461	5	1	310	12	0	328
6462	7	1	11	310	0	329
6463	3	2	305	13	0	323
6464	296	1	11	4	0	312
6465	318	0	3	4	0	325
6466	315	0	5	3	0	323
6467	311	0	2	6	0	319
6468	16	295	4	0	0	315
6469	10	9	1	297	0	317
6470	293	1	4	13	0	311
6471	14	287	1	5	0	307
6472	7	305	1	3	0	316
6473	4	10	283	3	0	300
6474	282	3	9	6	0	300
6475	293	6	3	2	0	304
6476	11	4	280	2	0	297
6477	9	2	13	268	0	292
6478	7	1	3	289	0	300
6479	6	1	280	11	0	298
6480	5	3	11	279	0	298
6481	282	0	2	14	0	298
6482	12	1	276	5	0	294
6483	5	0	285	5	0	295
6484	284	1	11	4	0	300
6485	14	2	282	3	0	301
6486	277	2	15	2	0	296
6487	16	276	6	4	0	302
6488	284	11	3	2	0	300
6489	18	2	5	278	0	303
6490	7	2	3	290	0	302
6491	284	2	0	15	0	301
6492	13	5	2	281	0	301
6493	283	0	2	16	0	301
6494	13	278	2	8	0	301
6495	6	10	4	274	0	294
6496	9	3	2	286	0	300
6497	278	2	4	13	0	297
6498	292	0	0	5	0	297
6499	284	2	6	4	0	296
6500	15	269	2	7	0	293
6501	7	277	2	4	0	290
6502	277	5	0	3	0	285
6503	9	3	262	6	0	280
6504	4	260	8	2	0	274
6505	249	7	4	2	0	262
6506	242	2	7	1	0	252
6507	241	3	1	1	0	246
6508	11	3	2	229	0	245
6509	240	0	1	7	0	248
6510	242	1	2	2	0	247
6511	13	2	0	228	0	243
6512	233	1	1	9	0	244
6513	10	0	221	3	0	234
6514	8	3	5	219	0	235
6515	5	3	1	227	0	236
6516	4	0	5	231	0	240
6517	225	2	1	10	0	238
6518	233	1	1	6	0	241
6519	235	0	2	6	0	243
6520	225	0	1	7	0	233
6521	230	0	1	4	0	235
6522	11	0	3	219	0	233
6523	10	1	1	222	0	234
6524	219	1	1	7	0	228
6525	7	202	4	4	0	217
6526	206	5	4	3	0	218
6527	11	1	197	3	0	212
6528	201	2	7	1	0	211
6529	219	1	0	2	0	222
6530	7	3	224	2	0	236
6531	235	0	6	2	0	243
6532	10	1	227	3	0	241
6533	7	0	243	2	0	252
6534	8	1	10	226	0	245
6535	5	0	5	241	0	251
6536	3	0	238	10	0	251
6537	3	3	243	5	0	254
6538	1	227	9	7	0	244
6539	1	224	4	3	0	232
6540	178	7	2	2	0	189
6541	5	190	1	1	0	197
6542	180	7	4	0	0	191
6543	5	176	1	1	0	183
6544	180	7	0	0	0	187
6545	4	3	167	0	0	174
6546	172	1	3	0	0	176
6547	6	1	2	166	0	175
6548	3	169	0	4	0	176
6549	1	5	0	173	0	179
6550	173	1	0	4	0	178
6551	178	0	1	3	0	182
6552	7	0	0	173	0	180
6553	2	0	166	5	0	173
6554	0	1	158	3	0	162
6555	0	171	6	1	0	178
6556	4	4	2	170	0	180
6557	2	2	170	4	0	178
6558	1	156	2	3	0	162
6559	0	6	3	154	0	163
6560	0	2	0	154	0	156
6561	147	1	0	5	0	153
6562	4	0	0	151	0	155
6563	3	0	149	3	0	155
6564	1	1	3	145	0	150
6565	146	0	2	5	0	153
6566	3	0	147	2	0	152
6567	147	0	4	1	0	152
6568	3	149	2	2	0	156
6569	155	3	1	1	0	160
6570	152	2	0	1	0	155
6571	6	0	2	149	0	157
6572	1	0	1	154	0	156
6573	1	146	0	7	0	154
6574	1	4	1	151	0	157
6575	151	3	1	4	0	159
6576	4	1	146	2	0	153
6577	2	1	3	145	0	151
6578	2	146	1	3	0	152
6579	1	5	1	155	0	162
6580	1	2	0	158	0	161
6581	156	1	0	6	0	163
6582	4	151	0	2	0	157
6583	2	3	1	158	0	164
6584	155	2	1	4	0	162
6585	4	0	0	158	0	162
6586	3	1	1	157	0	162
6587	158	0	1	6	0	165
6588	157	1	1	4	0	163
6589	6	1	157	2	0	166
6590	158	0	4	1	0	163
6591	160	0	5	2	0	167
6592	164	2	1	2	0	169
6593	6	155	0	2	0	163
6594	2	152	0	2	0	156
6595	1	6	2	147	0	156
6596	147	1	0	4	0	152
6597	151	1	1	2	0	155
6598	7	0	0	151	0	158
6599	4	1	155	3	0	163
6600	151	1	4	3	0	159
6601	157	0	2	2	0	161
6602	6	2	0	156	0	164
6603	4	0	0	159	0	163
6604	156	0	0	6	0	162
6605	6	0	1	155	0	162
6606	3	152	1	5	0	161
6607	3	2	1	158	0	164
6608	159	1	0	6	0	166
6609	5	1	156	4	0	166
6610	148	0	4	3	0	155
6611	3	1	154	2	0	160
6612	4	2	3	155	0	164
6613	160	1	2	6	0	169
6614	5	0	1	166	0	172
6615	5	0	1	164	0	170
6616	163	2	1	6	0	172
6617	3	0	164	5	0	172
6618	3	1	171	3	0	178
6619	3	0	3	178	0	184
6620	2	1	1	183	0	187
6621	3	0	0	191	0	194
6622	3	2	192	5	0	202
6623	187	0	5	4	0	196
6624	205	0	1	1	0	207
6625	204	0	0	4	0	208
6626	200	0	0	6	0	206
6627	6	191	1	1	0	199
6628	4	189	1	1	0	195
6629	3	191	1	0	0	195
6630	2	3	0	162	0	167
6631	1	0	0	169	0	170
6632	1	1	159	2	0	163
6633	0	146	2	0	0	148
6634	5	1	0	144	0	150
6635	142	0	0	2	0	144
6636	1	140	0	1	0	142
6637	1	0	0	142	0	143
6638	0	150	0	1	0	151
6639	147	0	1	0	0	148
6640	1	0	0	141	0	142
6641	1	0	144	0	0	145
6642	0	0	139	1	0	140
6643	0	0	0	142	0	142
6644	1	0	0	143	0	144
6645	0	0	0	147	0	147
6646	143	1	0	3	0	147
6647	2	0	141	1	0	144
6648	1	143	2	0	0	146
6649	0	3	1	142	0	146
6650	1	0	143	2	0	146
6651	0	143	3	0	0	146
6652	0	1	2	146	0	149
6653	2	0	150	1	0	153
6654	0	0	2	148	0	150
6655	0	0	0	153	0	153
6656	152	0	0	3	0	155
6657	152	0	1	0	0	153
6658	3	0	1	146	0	150
6659	149	0	0	4	0	153
6660	3	0	148	1	0	152
6661	0	0	3	152	0	155
6662	0	0	152	3	0	155
6663	1	2	3	153	0	159
6664	1	148	0	3	0	152
6665	0	154	0	0	0	154
6666	0	162	0	0	0	162
6667	0	2	0	160	0	162
6668	1	0	0	183	0	184
6669	0	0	176	4	0	180
6670	0	0	172	1	0	173
6671	0	1	192	0	0	193
6672	193	0	5	0	0	198
6673	5	1	0	207	0	213
6674	210	0	0	4	0	214
6675	6	212	1	0	0	219
6676	1	4	0	223	0	228
6677	222	0	0	6	0	228
6678	5	0	1	219	0	225
6679	221	0	0	6	0	227
6680	6	0	225	0	0	231
6681	0	226	5	1	0	232
6682	0	6	0	230	0	236
6683	234	1	0	6	0	241
6684	239	1	0	1	0	241
6685	4	0	0	238	0	242
6686	0	0	1	243	0	244
6687	229	0	2	7	0	238
6688	7	0	1	229	0	237
6689	1	1	229	3	0	234
6690	1	231	6	1	0	239
6691	1	6	0	234	0	241
6692	235	1	0	5	0	241
6693	239	1	0	0	0	240
6694	7	1	238	1	0	247
6695	1	234	6	1	0	242
6696	1	249	0	1	0	251
6697	3	6	1	242	0	252
6698	1	1	0	249	0	251
6699	0	1	0	236	0	237
6700	2	0	0	243	0	245
6701	2	236	0	5	0	243
6702	1	5	1	240	0	247
6703	1	0	0	249	0	250
6704	243	0	0	7	0	250
6705	246	1	0	0	0	247
6706	5	252	1	1	0	259
6707	262	7	1	2	0	272
6708	266	0	0	2	0	268
6709	265	0	1	1	0	267
6710	8	0	260	0	0	268
6711	1	0	8	261	0	270
6712	1	1	1	268	0	271
6713	0	1	258	7	0	266
6714	1	1	6	250	0	258
6715	1	1	0	250	0	252
6716	249	0	0	10	0	259
6717	7	0	248	2	0	257
6718	1	1	6	243	0	251
6719	239	1	0	8	0	248
6720	5	237	1	3	0	246
6721	238	7	0	2	0	247
6722	237	0	0	2	0	239
6723	8	226	1	1	0	236
6724	2	8	0	228	0	238
6725	226	0	0	8	0	234
6726	8	221	0	1	0	230
6727	3	5	1	219	0	228
6728	214	0	0	8	0	222
6729	217	0	1	2	0	220
6730	6	216	1	1	0	224
6731	216	6	1	3	0	226
6732	7	0	0	220	0	227
6733	217	0	0	8	0	225
6734	7	0	219	1	0	227
6735	0	2	6	215	0	223
6736	1	1	0	223	0	225
6737	214	1	0	7	0	222
6738	7	210	0	1	0	218
6739	210	6	0	1	0	217
6740	4	209	0	1	0	214
6741	2	8	198	1	0	209
6742	3	0	204	2	0	209
6743	3	3	5	194	0	205
6744	2	1	190	6	0	199
6745	4	0	6	191	0	201
6746	3	1	0	184	0	188
6747	3	1	1	192	0	197
6748	191	1	0	6	0	198
6749	197	0	0	4	0	201
6750	195	0	1	3	0	199
6751	5	201	2	1	0	209
6752	2	218	2	3	0	225
6753	1	4	246	3	0	254
6754	4	2	6	244	0	256
6755	4	2	243	7	0	256
6756	4	0	7	246	0	257
6757	1	2	3	253	0	259
6758	0	1	2	256	0	259
6759	1	0	244	10	0	255
6760	4	2	7	239	0	252
6761	242	0	2	8	0	252
6762	9	236	1	3	0	249
6763	2	9	0	239	0	250
6764	234	2	1	11	0	248
6765	242	0	1	4	0	247
6766	8	0	0	238	0	246
6767	2	1	0	236	0	239
6768	212	0	1	10	0	223
6769	7	1	0	215	0	223
6770	199	0	0	9	0	208
6771	7	0	1	193	0	201
6772	1	0	190	6	0	197
6773	4	170	7	1	0	182
6774	0	180	3	1	0	184
6775	1	7	2	169	0	179
6776	2	1	2	174	0	179
6777	166	0	1	8	0	175
6778	6	1	0	168	0	175
6779	1	1	0	173	0	175
6780	1	0	0	164	0	165
6781	0	154	0	8	0	162
6782	3	4	0	160	0	167
6783	2	1	0	164	0	167
6784	1	0	1	161	0	163
6785	153	1	0	5	0	159
6786	5	155	0	1	0	161
6787	2	5	0	155	0	162
6788	1	1	0	161	0	163
6789	2	0	0	162	0	164
6790	154	0	1	7	0	162
6791	5	1	0	159	0	165
6792	1	0	0	161	0	162
6793	1	0	142	5	0	148
6794	1	141	3	2	0	147
6795	2	4	1	144	0	151
6796	142	2	0	5	0	149
6797	5	148	1	2	0	156
6798	145	4	1	0	0	150
6799	148	1	0	3	0	152
6800	5	0	1	150	0	156
6801	3	0	0	152	0	155
6802	1	1	150	6	0	158
6803	1	0	4	154	0	159
6804	3	0	155	3	0	161
6805	1	0	5	156	0	162
6806	140	1	1	5	0	147
6807	4	143	1	2	0	150
6808	3	5	0	151	0	159
6809	1	3	2	160	0	166
6810	1	0	1	161	0	163
6811	2	1	2	158	0	163
6812	150	1	0	10	0	161
6813	4	151	1	4	0	160
6814	1	4	2	161	0	168
6815	161	2	0	6	0	169
6816	3	0	153	5	0	161
6817	157	0	4	3	0	164
6818	160	2	2	1	0	165
6819	6	1	155	4	0	166
6820	4	1	4	149	0	158
6821	160	1	2	5	0	168
6822	5	164	1	4	0	174
6823	169	4	1	3	0	177
6824	170	1	2	1	0	174
6825	172	1	1	4	0	178
6826	6	0	0	170	0	176
6827	2	1	0	180	0	183
6828	1	195	3	7	0	206
6829	4	6	0	200	0	210
6830	200	1	0	9	0	210
6831	6	1	194	2	0	203
6832	191	1	6	3	0	201
6833	206	2	1	3	0	212
6834	10	1	0	199	0	210
6835	4	0	1	209	0	214
6836	206	1	1	10	0	218
6837	211	0	0	4	0	215
6838	208	0	0	5	0	213
6839	8	0	199	6	0	213
6840	3	202	6	2	0	213
6841	206	6	1	2	0	215
6842	9	1	1	203	0	214
6843	1	203	1	4	0	209
6844	5	8	1	202	0	216
6845	208	3	0	6	0	217
6846	8	1	0	208	0	217
6847	4	1	202	6	0	213
6848	0	203	6	5	0	214
6849	2	211	1	2	0	216
6850	1	6	194	2	0	203
6851	182	5	7	3	0	197
6852	4	172	2	0	0	178
6853	0	4	1	140	0	145
6854	142	0	1	3	0	146
6855	2	144	1	0	0	147
6856	0	3	0	144	0	147
6857	145	0	0	3	0	148
6858	3	0	0	144	0	147
6859	147	1	0	2	0	150
6860	2	0	148	1	0	151
6861	1	153	1	0	0	155
6862	154	3	0	2	0	159
6863	154	0	0	2	0	156
6864	152	0	1	2	0	155
6865	2	1	147	1	0	151
6866	139	0	1	1	0	141
6867	144	1	0	0	0	145
6868	3	1	0	143	0	147
6869	145	0	2	2	0	149
6870	5	143	0	0	0	148
6871	3	3	0	144	0	150
6872	0	0	147	4	0	151
6873	2	0	2	142	0	146
6874	0	2	0	147	0	149
6875	146	0	0	4	0	150
6876	149	0	1	1	0	151
6877	2	0	143	2	0	147
6878	140	0	2	1	0	143
6879	3	0	144	0	0	147
6880	2	1	2	141	0	146
6881	1	0	142	2	0	145
6882	1	0	2	137	0	140
6883	1	140	1	2	0	144
6884	0	1	139	1	0	141
6885	1	0	143	0	0	144
6886	1	0	2	128	0	131
6887	139	1	0	4	0	144
6888	144	0	1	0	0	145
6889	143	1	1	0	0	145
6890	1	0	0	143	0	144
6891	1	0	0	144	0	145
6892	1	0	0	143	0	144
6893	1	0	0	142	0	143
6894	1	0	136	3	0	140
6895	1	0	2	131	0	134
6896	1	125	1	3	0	130
6897	1	2	0	131	0	134
6898	128	0	2	3	0	133
6899	2	0	129	2	0	133
6900	122	1	3	1	0	127
6901	2	0	129	2	0	133
6902	1	0	132	0	0	133
6903	0	126	5	0	0	131
6904	1	3	1	122	0	127
6905	0	0	2	129	0	131
6906	1	113	1	3	0	118
6907	128	4	0	1	0	133
6908	3	0	0	139	0	142
6909	1	1	0	146	0	148
6910	1	1	0	154	0	156
6911	177	0	0	7	0	184
6912	191	0	0	4	0	195
6913	5	0	1	188	0	194
6914	1	0	0	188	0	189
6915	184	1	0	5	0	190
6916	4	0	0	185	0	189
6917	2	1	0	188	0	191
6918	0	0	1	191	0	192
6919	2	0	182	6	0	190
6920	176	1	5	3	0	185
6921	180	0	2	2	0	184
6922	5	1	168	3	0	177
6923	3	0	5	167	0	175
6924	2	167	1	6	0	176
6925	167	5	0	3	0	175
6926	6	163	1	2	0	172
6927	1	160	0	5	0	166
6928	1	4	1	144	0	150
6929	142	2	0	5	0	149
6930	144	1	1	2	0	148
6931	5	0	1	141	0	147
6932	4	0	0	140	0	144
6933	1	1	2	141	0	145
6934	3	0	0	140	0	143
6935	2	2	0	133	0	137
6936	1	128	1	5	0	135
6937	1	2	0	134	0	137
6938	131	3	1	3	0	138
6939	137	0	0	2	0	139
6940	134	1	0	2	0	137
6941	5	132	1	1	0	139
6942	2	2	0	136	0	140
6943	2	1	135	4	0	142
6944	137	1	2	3	0	143
6945	2	1	1	137	0	141
6946	137	0	1	5	0	143
6947	138	1	0	2	0	141
6948	139	0	0	3	0	142
6949	7	0	0	128	0	135
6950	130	1	0	3	0	134
6951	4	0	0	131	0	135
6952	2	1	0	133	0	136
6953	133	0	0	4	0	137
6954	3	1	1	134	0	139
6955	129	1	0	4	0	134
6956	128	0	0	3	0	131
6957	7	0	1	126	0	134
6958	4	0	0	132	0	136
6959	1	0	0	131	0	132
6960	1	0	122	6	0	129
6961	2	0	126	3	0	131
6962	2	0	2	126	0	130
6963	1	0	2	130	0	133
6964	3	0	1	130	0	134
6965	1	0	0	131	0	132
6966	1	0	0	135	0	136
6967	129	0	0	5	0	134
6968	2	128	0	5	0	135
6969	3	3	1	130	0	137
6970	129	1	1	3	0	134
6971	2	1	1	130	0	134
6972	2	0	1	130	0	133
6973	125	0	0	7	0	132
6974	126	0	1	5	0	132
6975	3	0	122	3	0	128
6976	3	0	2	127	0	132
6977	1	1	123	3	0	128
6978	1	0	3	126	0	130
6979	1	1	1	127	0	130
6980	0	0	1	132	0	133
6981	2	0	124	5	0	131
6982	1	125	1	3	0	130
6983	0	127	1	3	0	131
6984	2	3	2	124	0	131
6985	128	2	0	4	0	134
6986	2	1	127	2	0	132
6987	2	0	129	3	0	134
6988	2	0	4	129	0	135
6989	0	0	3	127	0	130
6990	0	129	2	5	0	136
6991	0	3	1	128	0	132
6992	2	1	1	135	0	139
6993	0	1	0	141	0	142
6994	136	1	0	5	0	142
6995	134	0	2	3	0	139
6996	5	1	0	132	0	138
6997	2	133	1	3	0	139
6998	1	2	1	139	0	143
6999	130	2	0	4	0	136
7000	2	135	1	3	0	141
7001	1	3	1	125	0	130
7002	0	127	0	5	0	132
7003	126	1	0	2	0	129
7004	125	1	0	1	0	127
7005	3	122	0	1	0	126
7006	2	129	0	0	0	131
7007	0	1	120	2	0	123
7008	1	109	1	0	0	111
7009	1	3	0	96	0	100
7010	1	0	91	1	0	93
7011	0	61	0	0	0	61
7012	0	0	0	51	0	51
7013	0	0	0	51	0	51
7014	0	0	0	51	0	51
7015	50	0	0	0	0	50
7016	0	0	50	0	0	50
7017	0	0	48	0	0	48
7018	0	0	0	48	0	48
7019	0	0	49	0	0	49
7020	0	0	0	50	0	50
7021	0	0	0	45	0	45
7022	0	0	0	50	0	50
7023	0	0	0	50	0	50
7024	48	0	0	0	0	48
7025	48	0	0	0	0	48
7026	0	0	0	50	0	50
7027	0	0	53	0	0	53
7028	0	0	0	52	0	52
7029	0	49	0	0	0	49
7030	0	0	0	51	0	51
7031	51	0	0	0	0	51
7032	51	0	0	0	0	51
7033	0	0	0	51	0	51
7034	0	0	0	50	0	50
7035	0	0	0	50	0	50
7036	51	0	0	0	0	51
7037	0	0	54	0	0	54
7038	0	0	52	0	0	52
7039	0	51	1	0	0	52
7040	51	0	0	1	0	52
7041	0	0	0	51	0	51
7042	0	1	52	0	0	53
7043	0	50	0	1	0	51
7044	0	51	0	1	0	52
7045	0	0	0	53	0	53
7046	1	0	0	56	0	57
7047	1	57	0	0	0	58
7048	0	0	0	56	0	56
7049	0	1	0	57	0	58
7050	57	0	0	1	0	58
7051	1	56	0	0	0	57
7052	0	1	0	57	0	58
7053	0	0	55	1	0	56
7054	0	1	0	56	0	57
7055	57	0	0	0	0	57
7056	0	57	0	0	0	57
7057	0	1	0	59	0	60
7058	0	1	58	1	0	60
7059	1	0	66	0	0	67
7060	0	1	0	62	0	63
7061	0	0	0	64	0	64
7062	62	1	1	1	0	65
7063	0	65	0	1	0	66
7064	64	0	0	1	0	65
7065	0	1	65	1	0	67
7066	66	0	0	2	0	68
7067	1	1	69	0	0	71
7068	71	0	1	0	0	72
7069	70	0	1	0	0	71
7070	1	0	76	1	0	78
7071	0	1	77	0	0	78
7072	0	75	1	1	0	77
7073	0	1	0	79	0	80
7074	79	0	0	2	0	81
7075	0	0	1	80	0	81
7076	1	1	0	78	0	80
7077	1	0	0	78	0	79
7078	0	0	78	2	0	80
7079	75	0	0	1	0	76
7080	80	0	0	1	0	81
7081	0	81	1	0	0	82
7082	0	0	1	77	0	78
7083	1	81	0	1	0	83
7084	2	0	0	82	0	84
7085	82	0	0	2	0	84
7086	0	83	0	2	0	85
7087	0	0	0	83	0	83
7088	80	0	0	1	0	81
7089	81	0	0	0	0	81
7090	2	0	0	77	0	79
7091	0	0	76	1	0	77
7092	0	1	0	69	0	70
7093	0	74	0	0	0	74
7094	71	0	0	0	0	71
7095	0	74	0	0	0	74
7096	0	0	0	74	0	74
7097	76	0	0	0	0	76
7098	0	0	0	76	0	76
7099	0	0	0	77	0	77
7100	0	0	75	0	0	75
7101	0	74	0	0	0	74
7102	73	0	0	0	0	73
7103	66	1	0	0	0	67
7104	0	73	0	0	0	73
7105	0	73	0	0	0	73
7106	0	0	0	70	0	70
7107	69	0	0	0	0	69
7108	0	68	1	0	0	69
7109	0	0	0	69	0	69
7110	0	0	70	1	0	71
7111	0	0	1	71	0	72
7112	71	0	0	1	0	72
7113	1	74	0	0	0	75
7114	0	0	0	76	0	76
7115	0	0	74	1	0	75
7116	1	0	76	0	0	77
7117	0	0	1	80	0	81
7118	0	0	0	81	0	81
7119	0	78	0	1	0	79
7120	0	1	0	77	0	78
7121	78	0	0	1	0	79
7122	1	0	0	77	0	78
7123	79	0	0	1	0	80
7124	1	76	0	0	0	77
7125	0	80	0	0	0	80
7126	0	0	0	83	0	83
7127	0	0	0	84	0	84
7128	0	0	84	1	0	85
7129	0	0	1	84	0	85
7130	85	0	0	2	0	87
7131	1	0	85	0	0	86
7132	0	0	1	83	0	84
7133	0	0	88	1	0	89
7134	1	0	1	88	0	90
7135	0	0	0	90	0	90
7136	0	0	0	91	0	91
7137	0	0	91	1	0	92
7138	1	0	1	87	0	89
7139	0	92	0	1	0	93
7140	1	1	0	93	0	95
7141	0	0	0	93	0	93
7142	95	0	0	1	0	96
7143	1	0	92	0	0	93
7144	0	0	1	94	0	95
7145	0	0	92	1	0	93
7146	0	0	90	0	0	90
7147	0	0	1	92	0	93
7148	0	0	0	95	0	95
7149	1	0	0	99	0	100
7150	96	0	0	1	0	97
7151	1	0	96	0	0	97
7152	97	0	1	1	0	99
7153	2	0	0	100	0	102
7154	0	0	0	104	0	104
7155	0	106	1	1	0	108
7156	0	1	0	112	0	113
7157	1	0	0	110	0	111
7158	0	0	0	111	0	111
7159	108	0	0	1	0	109
7160	1	0	101	0	0	102
7161	100	0	1	0	0	101
7162	1	105	0	1	0	107
7163	100	1	1	0	0	102
7164	1	103	0	0	0	104
7165	0	98	0	1	0	99
7166	0	1	0	98	0	99
7167	100	1	0	1	0	102
7168	1	0	0	100	0	101
7169	1	96	0	1	0	98
7170	0	103	0	1	0	104
7171	0	0	0	100	0	100
7172	1	0	0	101	0	102
7173	0	109	0	1	0	110
7174	1	1	0	113	0	115
7175	0	0	0	118	0	118
7176	0	0	0	121	0	121
7177	116	0	0	3	0	119
7178	3	1	117	0	0	121
7179	122	1	3	0	0	126
7180	126	0	0	3	0	129
7181	127	0	1	1	0	129
7182	2	122	1	1	0	126
7183	1	2	0	120	0	123
7184	117	0	0	3	0	120
7185	2	0	2	118	0	122
7186	118	0	0	5	0	123
7187	2	128	1	0	0	131
7188	141	2	0	2	0	145
7189	143	0	0	2	0	145
7190	146	0	0	3	0	149
7191	2	0	2	150	0	154
7192	0	0	0	158	0	158
7193	156	1	0	2	0	159
7194	2	156	1	1	0	160
7195	0	159	0	2	0	161
7196	170	2	0	2	0	174
7197	2	0	1	167	0	170
7198	1	0	0	177	0	178
7199	0	0	2	176	0	178
7200	1	177	1	2	0	181
7201	174	2	0	2	0	178
7202	2	0	0	182	0	184
7203	0	186	0	3	0	189
7204	1	2	0	191	0	194
7205	0	0	1	195	0	196
7206	1	0	0	197	0	198
7207	1	0	0	200	0	201
7208	197	0	0	4	0	201
7209	196	1	0	1	0	198
7210	205	1	0	2	0	208
7211	2	1	0	211	0	214
7212	0	1	204	2	0	207
7213	1	1	185	0	0	187
7214	0	0	205	0	0	205
7215	219	0	1	2	0	222
7216	1	1	0	217	0	219
7217	1	0	0	217	0	218
7218	0	1	0	221	0	222
7219	221	1	0	1	0	223
7220	217	1	0	3	0	221
7221	2	242	1	0	0	245
7222	0	1	0	249	0	250
7223	0	0	251	1	0	252
7224	0	259	1	0	0	260
7225	0	1	0	261	0	262
7226	1	2	0	261	0	264
7227	2	0	0	256	0	258
7228	1	0	0	249	0	250
7229	0	1	257	1	0	259
7230	0	0	246	1	0	247
7231	0	264	0	1	0	265
7232	0	1	0	274	0	275
7233	0	0	0	269	0	269
7234	269	0	0	3	0	272
7235	2	0	272	0	0	274
7236	1	1	1	271	0	274
7237	0	0	0	283	0	283
7238	0	0	304	1	0	305
7239	0	302	2	0	0	304
7240	298	1	1	1	0	301
7241	2	0	297	0	0	299
7242	288	0	1	1	0	290
7243	1	0	321	1	0	323
7244	0	0	1	326	0	327
7245	1	0	334	1	0	336
7246	1	0	352	1	0	354
7247	1	1	1	348	0	351
7248	1	1	0	292	0	294
7249	1	0	1	358	0	360
7250	0	2	0	344	0	346
7251	1	0	0	346	0	347
7252	0	0	366	2	0	368
7253	0	0	351	1	0	352
7254	0	371	1	1	0	373
7255	367	1	1	5	0	374
7256	1	0	1	372	0	374
7257	367	1	0	4	0	372
7258	1	1	0	364	0	366
7259	382	0	0	6	0	388
7260	2	0	0	388	0	390
7261	0	0	1	389	0	390
7262	0	406	3	2	0	411
7263	0	1	0	412	0	413
7264	0	1	1	409	0	411
7265	3	1	0	404	0	408
7266	3	0	0	406	0	409
7267	0	403	2	1	0	406
7268	407	1	0	1	0	409
7269	1	404	1	0	0	406
7270	2	1	1	402	0	406
7271	397	0	1	3	0	401
7272	1	0	388	0	0	389
7273	0	0	395	1	0	396
7274	2	0	1	385	0	388
7275	1	1	0	392	0	394
7276	2	1	0	390	0	393
7277	1	0	0	371	0	372
7278	0	0	1	386	0	387
7279	0	376	3	1	0	380
7280	0	2	0	384	0	386
7281	384	0	0	3	0	387
7282	0	0	0	382	0	382
7283	1	0	385	1	0	387
7284	1	0	0	383	0	384
7285	388	1	0	2	0	391
7286	1	398	1	1	0	401
7287	2	1	0	412	0	415
7288	0	1	0	413	0	414
7289	1	0	411	3	0	415
7290	0	0	506	4	0	510
7291	608	0	11	6	0	625
7292	20	0	2	609	0	631
7293	5	2	1	637	0	645
7294	7	0	671	22	0	700
7295	2	0	680	10	0	692
7296	2	686	23	5	0	716
7297	2	18	9	683	0	712
7298	1	6	682	22	0	711
7299	2	690	24	6	0	722
7300	675	20	7	9	0	711
7301	699	8	3	3	0	713
7302	26	4	3	672	0	705
7303	11	674	4	19	0	708
7304	674	22	1	9	0	706
7305	25	6	2	642	0	675
7306	10	7	652	20	0	689
7307	5	658	22	9	0	694
7308	650	22	8	7	0	687
7309	664	8	2	6	0	680
7310	29	4	4	648	0	685
7311	12	3	4	666	0	685
7312	6	1	636	29	0	672
7313	7	1	22	641	0	671
7314	3	3	6	633	0	645
7315	2	1	3	655	0	661
7316	4	1	5	654	0	664
7317	3	3	4	630	0	640
7318	3	630	2	33	0	668
7319	618	19	2	15	0	654
7320	21	8	612	12	0	653
7321	10	605	21	8	0	644
7322	9	21	9	613	0	652
7323	598	9	5	29	0	641
7324	25	4	4	607	0	640
7325	9	3	3	617	0	632
7326	7	6	2	623	0	638
7327	6	2	3	632	0	643
7328	4	3	601	35	0	643
7329	5	604	22	17	0	648
7330	601	19	8	15	0	643
7331	23	8	596	8	0	635
7332	12	2	20	610	0	644
7333	607	4	11	23	0	645
7334	21	608	7	11	0	647
7335	619	19	4	10	0	652
7336	23	9	7	599	0	638
7337	10	5	2	627	0	644
7338	10	2	3	621	0	636
7339	7	6	1	630	0	644
7340	600	1	2	34	0	637
7341	21	4	1	613	0	639
7342	10	2	0	628	0	640
7343	581	2	3	35	0	621
7344	21	2	580	20	0	623
7345	15	3	18	587	0	623
7346	562	3	9	30	0	604
7347	581	1	5	15	0	602
7348	33	2	2	558	0	595
7349	17	3	4	561	0	585
7350	9	541	4	29	0	583
7351	8	15	3	559	0	585
7352	5	8	2	565	0	580
7353	5	4	518	35	0	562
7354	3	1	524	19	0	547
7355	4	516	26	11	0	557
7356	3	23	11	522	0	559
7357	6	8	5	548	0	567
7358	523	4	8	33	0	568
7359	19	3	5	522	0	549
7360	9	5	514	27	0	555
7361	9	2	20	520	0	551
7362	3	5	492	31	0	531
7363	5	1	505	15	0	526
7364	2	0	29	493	0	524
7365	5	4	11	510	0	530
7366	495	0	5	38	0	538
7367	510	4	4	17	0	535
7368	33	0	3	498	0	534
7369	501	2	4	30	0	537
7370	521	1	2	14	0	538
7371	32	2	2	500	0	536
7372	15	4	4	521	0	544
7373	497	1	1	35	0	534
7374	516	0	3	16	0	535
7375	38	0	4	496	0	538
7376	11	485	0	31	0	527
7377	12	19	2	495	0	528
7378	12	7	0	503	0	522
7379	5	3	479	34	0	521
7380	2	3	20	509	0	534
7381	478	3	8	31	0	520
7382	21	480	6	17	0	524
7383	486	20	3	13	0	522
7384	501	8	6	7	0	522
7385	508	4	1	5	0	518
7386	41	3	2	468	0	514
7387	14	3	435	26	0	478
7388	12	2	428	13	0	455
7389	5	418	21	10	0	454
7390	5	295	7	8	0	315
7391	4	173	0	2	0	179
7392	1	166	3	2	0	172
7393	6	6	156	2	0	170
7394	98	5	9	4	0	116
7395	3	0	2	97	0	102
7396	1	0	1	99	0	101
7397	1	0	0	100	0	101
7398	2	96	0	1	0	99
7399	95	2	0	2	0	99
7400	3	1	93	1	0	98
7401	2	93	2	0	0	97
7402	1	2	1	95	0	99
7403	94	1	0	4	0	99
7404	3	0	1	92	0	96
7405	1	0	88	2	0	91
7406	0	1	91	1	0	93
7407	0	1	3	88	0	92
7408	0	1	1	92	0	94
7409	89	1	0	4	0	94
7410	2	0	89	1	0	92
7411	90	0	2	0	0	92
7412	92	0	1	0	0	93
7413	3	0	0	91	0	94
7414	1	0	89	3	0	93
7415	0	1	2	91	0	94
7416	87	0	1	2	0	90
7417	2	86	1	1	0	90
7418	89	2	0	0	0	91
7419	2	1	0	93	0	96
7420	2	103	0	2	0	107
7421	0	2	0	105	0	107
7422	0	2	1	105	0	108
7423	0	103	1	5	0	109
7424	0	1	0	107	0	108
7425	0	2	0	114	0	116
7426	1	0	0	114	0	115
7427	0	0	111	4	0	115
7428	1	113	3	2	0	119
7429	111	2	2	0	0	115
7430	2	2	0	114	0	118
7431	2	120	1	3	0	126
7432	122	2	0	5	0	129
7433	3	2	0	125	0	130
7434	2	1	0	125	0	128
7435	1	0	0	127	0	128
7436	0	0	0	128	0	128
7437	122	1	0	6	0	129
7438	3	0	0	126	0	129
7439	2	0	0	127	0	129
7440	120	1	0	7	0	128
7441	4	0	0	125	0	129
7442	2	0	122	4	0	128
7443	0	0	3	124	0	127
7444	114	0	3	4	0	121
7445	3	1	0	118	0	122
7446	3	0	116	3	0	122
7447	0	0	117	2	0	119
7448	113	1	5	4	0	123
7449	122	0	3	0	0	125
7450	123	1	0	1	0	125
7451	123	0	0	1	0	124
7452	5	0	122	1	0	128
7453	2	1	3	120	0	126
7454	1	0	2	121	0	124
7455	122	0	0	6	0	128
7456	3	0	0	124	0	127
7457	2	0	120	2	0	124
7458	0	0	2	121	0	123
7459	1	0	126	2	0	129
7460	0	121	2	3	0	126
7461	124	2	2	1	0	129
7462	3	3	0	119	0	125
7463	2	0	124	3	0	129
7464	0	0	3	124	0	127
7465	0	0	1	126	0	127
7466	1	1	127	3	0	132
7467	1	0	2	131	0	134
7468	129	0	2	3	0	134
7469	2	0	123	2	0	127
7470	122	0	3	1	0	126
7471	3	123	1	1	0	128
7472	4	2	122	0	0	128
7473	1	2	125	0	0	128
7474	3	2	4	107	0	116
7475	3	1	1	116	0	121
7476	0	0	116	6	0	122
7477	1	0	3	120	0	124
7478	118	0	1	6	0	125
7479	118	0	1	3	0	122
7480	4	1	1	114	0	120
7481	2	0	1	116	0	119
7482	2	114	1	3	0	120
7483	123	2	0	3	0	128
7484	2	1	1	120	0	124
7485	1	120	1	3	0	125
7486	128	3	0	3	0	134
7487	126	1	0	3	0	130
7488	3	126	2	2	0	133
7489	3	3	2	127	0	135
7490	4	1	1	129	0	135
7491	3	1	125	3	0	132
7492	4	1	2	122	0	129
7493	124	2	1	4	0	131
7494	4	0	3	121	0	128
7495	1	0	120	5	0	126
7496	116	1	2	6	0	125
7497	5	1	1	120	0	127
7498	3	0	114	5	0	122
7499	1	0	3	123	0	127
7500	2	1	121	4	0	128
7501	2	0	2	115	0	119
7502	1	1	3	121	0	126
7503	116	1	1	6	0	124
7504	2	117	2	5	0	126
7505	120	1	1	3	0	125
7506	118	1	1	4	0	124
7507	124	2	1	3	0	130
7508	4	123	1	3	0	131
7509	5	1	123	1	0	130
7510	3	1	1	125	0	130
7511	127	1	3	2	0	133
7512	126	0	2	3	0	131
7513	5	0	1	124	0	130
7514	127	1	1	4	0	133
7515	5	0	130	1	0	136
7516	127	0	3	3	0	133
7517	3	0	129	3	0	135
7518	3	129	4	2	0	138
7519	129	1	2	3	0	135
7520	123	0	2	1	0	126
7521	3	117	2	2	0	124
7522	117	2	2	2	0	123
7523	114	0	0	3	0	117
7524	3	1	109	1	0	114
7525	106	1	1	1	0	109
7526	3	0	104	0	0	107
7527	1	2	2	94	0	99
7528	1	100	1	1	0	103
7529	1	1	106	0	0	108
7530	100	0	1	1	0	102
7531	90	2	0	3	0	95
7532	0	1	1	92	0	94
7533	1	0	92	0	0	93
7534	3	1	0	89	0	93
7535	91	0	0	1	0	92
7536	0	91	1	1	0	93
7537	94	0	1	1	0	96
7538	94	0	0	1	0	95
7539	1	95	0	0	0	96
7540	1	1	0	93	0	95
7541	94	0	0	0	0	94
7542	1	1	0	96	0	98
7543	2	1	0	98	0	101
7544	1	0	104	1	0	106
7545	2	0	0	98	0	100
7546	0	0	0	104	0	104
7547	101	0	1	1	0	103
7548	103	0	1	0	0	104
7549	1	0	0	103	0	104
7550	1	0	99	1	0	101
7551	2	0	95	0	0	97
7552	1	0	0	99	0	100
7553	0	0	101	1	0	102
7554	1	0	2	102	0	105
7555	0	0	1	101	0	102
7556	101	0	1	1	0	103
7557	0	0	101	1	0	102
7558	98	0	0	2	0	100
7559	97	0	0	2	0	99
7560	1	0	96	0	0	97
7561	1	0	98	0	0	99
7562	4	1	0	89	0	94
7563	1	88	1	0	0	90
7564	0	84	2	0	0	86
7565	2	2	1	82	0	87
7566	0	1	0	80	0	81
7567	0	1	0	84	0	85
7568	0	0	0	83	0	83
7569	84	0	0	1	0	85
7570	0	0	0	85	0	85
7571	0	0	81	1	0	82
7572	1	0	0	78	0	79
7573	0	77	0	1	0	78
7574	0	0	1	79	0	80
7575	79	0	0	1	0	80
7576	0	1	0	78	0	79
7577	1	0	78	0	0	79
7578	1	80	0	0	0	81
7579	0	0	0	79	0	79
7580	80	0	1	0	0	81
7581	79	1	0	1	0	81
7582	0	0	0	84	0	84
7583	0	0	77	0	0	77
7584	0	0	73	0	0	73
7585	72	0	0	0	0	72
7586	0	0	72	0	0	72
7587	0	0	77	0	0	77
7588	0	0	0	79	0	79
7589	81	0	0	0	0	81
7590	78	0	0	1	0	79
7591	79	0	0	0	0	79
7592	0	0	84	0	0	84
7593	0	1	82	0	0	83
7594	0	89	0	0	0	89
7595	0	0	0	89	0	89
7596	0	0	0	86	0	86
7597	0	0	0	88	0	88
7598	0	0	0	92	0	92
7599	0	0	90	0	0	90
7600	0	93	0	0	0	93
7601	94	0	0	3	0	97
7602	106	0	0	0	0	106
7603	104	0	0	0	0	104
7604	1	108	0	0	0	109
7605	1	0	0	107	0	108
7606	114	1	0	0	0	115
7607	1	121	1	1	0	124
7608	117	0	0	1	0	118
7609	1	121	1	0	0	123
7610	122	1	0	2	0	125
7611	116	1	0	2	0	119
7612	3	1	0	121	0	125
7613	4	0	1	123	0	128
7614	1	1	124	2	0	128
7615	2	0	119	1	0	122
7616	118	2	2	1	0	123
7617	122	0	1	1	0	124
7618	3	0	0	123	0	126
7619	3	0	0	119	0	122
7620	0	1	117	2	0	120
7621	3	0	1	117	0	121
7622	2	1	116	2	0	121
7623	0	1	1	118	0	120
7624	1	0	1	118	0	120
7625	117	0	1	2	0	120
7626	117	1	0	3	0	121
7627	3	0	2	116	0	121
7628	3	1	0	115	0	119
7629	1	0	115	4	0	120
7630	2	0	1	117	0	120
7631	2	0	117	2	0	121
7632	114	0	1	4	0	119
7633	2	0	2	116	0	120
7634	117	1	2	2	0	122
7635	2	115	0	3	0	120
7636	122	2	1	0	0	125
7637	6	1	0	119	0	126
7638	1	1	0	121	0	123
7639	1	119	2	3	0	125
7640	1	2	1	121	0	125
7641	2	2	118	1	0	123
7642	2	0	1	118	0	121
7643	0	1	111	4	0	116
7644	2	107	1	3	0	113
7645	3	1	1	108	0	113
7646	2	1	107	3	0	113
7647	1	0	107	5	0	113
7648	3	0	4	103	0	110
7649	101	1	4	3	0	109
7650	2	0	103	3	0	108
7651	4	0	3	104	0	111
7652	107	0	2	3	0	112
7653	2	100	0	4	0	106
7654	105	2	1	0	0	108
7655	2	2	1	107	0	112
7656	2	0	1	108	0	111
7657	2	0	0	109	0	111
7658	107	2	0	3	0	112
7659	3	1	0	111	0	115
7660	2	0	1	114	0	117
7661	103	0	0	7	0	110
7662	1	0	105	4	0	110
7663	2	1	2	105	0	110
7664	0	0	104	4	0	108
7665	102	0	4	4	0	110
7666	4	0	2	105	0	111
7667	1	0	111	3	0	115
7668	109	0	1	3	0	113
7669	107	1	4	0	0	112
7670	4	0	113	1	0	118
7671	2	0	1	115	0	118
7672	0	0	2	108	0	110
7673	2	1	112	1	0	116
7674	2	113	1	3	0	119
7675	0	1	118	2	0	121
7676	106	2	2	3	0	113
7677	2	0	124	2	0	128
7678	113	1	2	0	0	116
7679	1	1	115	2	0	119
7680	114	0	3	1	0	118
7681	3	114	3	0	0	120
7682	1	1	2	113	0	117
7683	4	0	1	117	0	122
7684	1	1	122	2	0	126
7685	3	0	1	117	0	121
7686	2	116	2	2	0	122
7687	113	2	1	4	0	120
7688	3	113	0	1	0	117
7689	3	1	2	112	0	118
7690	116	0	1	3	0	120
7691	1	117	1	5	0	124
7692	117	1	1	1	0	120
7693	1	1	118	2	0	122
7694	2	1	2	114	0	119
7695	2	1	2	113	0	118
7696	2	0	2	113	0	117
7697	111	0	1	5	0	117
7698	110	0	2	2	0	114
7699	114	1	1	0	0	116
7700	111	1	0	2	0	114
7701	2	1	106	1	0	110
7702	94	0	1	2	0	97
7703	2	93	0	1	0	96
7704	0	96	1	0	0	97
7705	96	1	3	1	0	101
7706	96	2	2	0	0	100
7707	2	0	1	91	0	94
7708	95	1	0	1	0	97
7709	96	0	0	1	0	97
7710	106	0	1	0	0	107
7711	0	1	0	105	0	106
7712	2	102	0	0	0	104
7713	0	102	1	0	0	103
7714	1	0	1	100	0	102
7715	98	0	0	2	0	100
7716	0	100	0	2	0	102
7717	0	0	0	99	0	99
7718	2	1	99	0	0	102
7719	95	0	0	1	0	96
7720	2	99	0	1	0	102
7721	1	101	1	0	0	103
7722	98	0	1	0	0	99
7723	0	0	101	1	0	102
7724	0	0	0	98	0	98
7725	0	99	0	0	0	99
7726	0	0	0	101	0	101
7727	1	0	0	98	0	99
7728	1	101	0	1	0	103
7729	1	0	0	110	0	111
7730	1	0	0	107	0	108
7731	106	0	1	0	0	107
7732	0	104	0	0	0	104
7733	102	0	0	1	0	103
7734	0	0	0	103	0	103
7735	1	103	0	0	0	104
7736	2	0	103	0	0	105
7737	0	0	1	102	0	103
7738	1	0	0	104	0	105
7739	1	1	105	0	0	107
7740	103	0	0	0	0	103
7741	0	0	0	111	0	111
7742	111	1	0	0	0	112
7743	0	1	107	2	0	110
7744	1	1	0	111	0	113
7745	2	0	116	0	0	118
7746	0	2	0	119	0	121
7747	2	0	1	121	0	124
7748	119	0	1	2	0	122
7749	1	119	0	3	0	123
7750	120	1	1	1	0	123
7751	1	2	123	1	0	127
7752	3	1	0	123	0	127
7753	1	1	130	1	0	133
7754	120	0	3	2	0	125
7755	123	0	2	0	0	125
7756	1	0	125	2	0	128
7757	124	1	0	2	0	127
7758	122	2	1	1	0	126
7759	1	1	0	125	0	127
7760	2	1	123	1	0	127
7761	2	0	134	2	0	138
7762	1	1	1	136	0	139
7763	3	1	1	136	0	141
7764	2	132	0	2	0	136
7765	2	137	1	1	0	141
7766	135	1	0	1	0	137
7767	0	2	1	134	0	137
7768	1	132	1	2	0	136
7769	0	136	1	4	0	141
7770	130	1	0	3	0	134
7771	1	3	1	131	0	136
7772	4	129	0	0	0	133
7773	0	0	2	136	0	138
7774	2	1	0	136	0	139
7775	1	2	2	129	0	134
7776	129	0	0	2	0	131
7777	2	128	1	2	0	133
7778	2	0	2	127	0	131
7779	1	2	0	127	0	130
7780	3	1	0	128	0	132
7781	0	1	126	2	0	129
7782	120	0	0	4	0	124
7783	0	1	4	124	0	129
7784	122	0	0	3	0	125
7785	122	0	1	3	0	126
7786	122	1	0	0	0	123
7787	2	2	120	0	0	124
7788	4	118	1	0	0	123
7789	1	0	1	117	0	119
7790	2	1	119	0	0	122
7791	0	1	112	2	0	115
7792	1	2	2	109	0	114
7793	0	116	2	0	0	118
7794	118	1	0	2	0	121
7795	116	1	0	3	0	120
7796	120	1	0	1	0	122
7797	116	1	0	2	0	119
7798	3	0	116	0	0	119
7799	115	1	0	1	0	117
7800	0	117	1	1	0	119
7801	1	1	0	124	0	126
7802	1	1	0	125	0	127
7803	126	0	1	1	0	128
7804	1	1	0	121	0	123
7805	1	0	115	2	0	118
7806	109	0	0	2	0	111
7807	112	0	1	1	0	114
7808	115	0	0	0	0	115
7809	1	1	107	0	0	109
7810	96	1	0	0	0	97
7811	0	98	2	0	0	100
7812	101	0	1	0	0	102
7813	0	1	1	98	0	100
7814	1	0	0	98	0	99
7815	0	99	0	1	0	100
7816	1	0	0	104	0	105
7817	1	101	0	0	0	102
7818	1	0	0	103	0	104
7819	1	102	0	0	0	103
7820	0	0	1	103	0	104
7821	1	99	0	0	0	100
7822	0	1	0	105	0	106
7823	0	105	0	1	0	106
7824	108	0	0	2	0	110
7825	1	1	0	110	0	112
7826	1	0	0	113	0	114
7827	0	0	1	120	0	121
7828	2	0	0	115	0	117
7829	1	0	120	2	0	123
7830	1	0	1	117	0	119
7831	0	0	3	120	0	123
7832	122	0	0	2	0	124
7833	115	1	0	4	0	120
7834	2	118	0	0	0	120
7835	1	1	0	119	0	121
7836	1	1	0	127	0	129
7837	136	1	0	2	0	139
7838	0	1	130	2	0	133
7839	128	2	0	0	0	130
7840	1	133	1	1	0	136
7841	130	0	0	1	0	131
7842	126	1	0	0	0	127
7843	0	126	0	1	0	127
7844	0	126	1	1	0	128
7845	0	1	1	126	0	128
7846	1	0	122	0	0	123
7847	118	0	0	0	0	118
7848	0	0	121	1	0	122
7849	119	0	0	1	0	120
7850	1	0	118	1	0	120
7851	0	121	0	0	0	121
7852	2	0	0	117	0	119
7853	118	0	0	1	0	119
7854	122	0	0	0	0	122
7855	1	0	0	122	0	123
7856	122	0	0	0	0	122
7857	121	0	1	0	0	122
7858	0	123	1	0	0	124
7859	124	0	0	1	0	125
7860	0	125	0	0	0	125
7861	0	0	0	118	0	118
7862	117	0	0	0	0	117
7863	120	0	0	0	0	120
7864	121	0	0	0	0	121
7865	0	0	116	2	0	118
7866	0	0	121	0	0	121
7867	0	0	0	122	0	122
7868	0	0	0	128	0	128
7869	0	128	1	1	0	130
7870	132	1	0	0	0	133
7871	1	0	0	132	0	133
7872	0	0	0	136	0	136
7873	0	0	133	1	0	134
7874	0	132	1	0	0	133
7875	0	136	0	0	0	136
7876	1	1	0	135	0	137
7877	135	0	0	1	0	136
7878	1	0	0	133	0	134
7879	1	0	0	136	0	137
7880	136	0	0	1	0	137
7881	138	0	0	0	0	138
7882	1	0	0	138	0	139
7883	0	0	136	1	0	137
7884	0	0	1	135	0	136
7885	0	0	0	137	0	137
7886	136	0	0	1	0	137
7887	1	0	0	136	0	137
7888	140	0	0	1	0	141
7889	1	0	140	0	0	141
7890	0	0	1	143	0	144
7891	0	0	0	142	0	142
7892	0	0	0	146	0	146
7893	0	0	0	146	0	146
7894	0	0	0	137	0	137
7895	0	0	140	1	0	141
7896	141	0	1	0	0	142
7897	1	0	0	139	0	140
7898	0	0	134	1	0	135
7899	0	0	136	0	0	136
7900	0	0	1	140	0	141
7901	134	0	0	1	0	135
7902	135	0	0	0	0	135
7903	137	0	1	0	0	138
7904	1	0	0	132	0	133
7905	0	143	0	1	0	144
7906	145	2	0	0	0	147
7907	148	0	0	0	0	148
7908	146	0	0	1	0	147
7909	143	0	0	2	0	145
7910	1	0	1	145	0	147
7911	0	0	144	1	0	145
7912	0	1	1	144	0	146
7913	0	0	144	2	0	146
7914	144	0	1	0	0	145
7915	140	0	2	1	0	143
7916	1	0	136	1	0	138
7917	137	0	0	0	0	137
7918	143	0	0	0	0	143
7919	1	0	0	138	0	139
7920	0	141	0	1	0	142
7921	142	1	0	1	0	144
7922	2	2	0	136	0	140
7923	1	136	0	0	0	137
7924	1	1	0	132	0	134
7925	1	0	134	1	0	136
7926	0	134	2	0	0	136
7927	127	2	0	3	0	132
7928	127	2	0	1	0	130
7929	119	0	1	1	0	121
7930	122	0	0	2	0	124
7931	2	0	0	121	0	123
7932	0	122	1	2	0	125
7933	113	1	0	1	0	115
7934	1	0	121	2	0	124
7935	0	111	3	0	0	114
7936	1	1	105	0	0	107
7937	1	1	1	85	0	88
7938	1	85	0	1	0	87
7939	1	1	1	94	0	97
7940	1	0	97	2	0	100
7941	1	0	1	94	0	96
7942	1	1	0	95	0	97
7943	2	0	0	101	0	103
7944	97	0	0	2	0	99
7945	2	98	0	0	0	100
7946	2	0	0	98	0	100
7947	95	0	0	2	0	97
7948	2	96	1	0	0	99
7949	99	1	0	1	0	101
7950	0	0	101	1	0	102
7951	1	0	2	101	0	104
7952	1	105	0	1	0	107
7953	104	1	2	0	0	107
7954	3	0	99	0	0	102
7955	2	97	1	0	0	100
7956	1	1	1	98	0	101
7957	1	0	0	99	0	100
7958	99	0	0	1	0	100
7959	1	0	0	97	0	98
7960	0	2	95	1	0	98
7961	1	0	1	95	0	97
7962	0	0	99	2	0	101
7963	0	2	1	96	0	99
7964	1	101	0	2	0	104
7965	100	1	2	0	0	103
7966	95	1	0	0	0	96
7967	2	93	0	0	0	95
7968	1	84	0	0	0	85
7969	1	0	0	86	0	87
7970	83	0	0	0	0	83
7971	0	0	0	84	0	84
7972	82	1	0	0	0	83
7973	1	79	0	0	0	80
7974	0	0	0	84	0	84
7975	0	1	89	0	0	90
7976	0	4	1	83	0	88
7977	0	0	0	86	0	86
7978	86	1	0	0	0	87
7979	0	90	0	1	0	91
7980	0	0	1	87	0	88
7981	86	0	0	1	0	87
7982	0	0	87	1	0	88
7983	82	0	1	1	0	84
7984	1	0	0	86	0	87
7985	0	85	0	0	0	85
7986	85	0	0	2	0	87
7987	1	0	87	0	0	88
7988	0	0	84	0	0	84
7989	0	88	1	0	0	89
7990	82	0	1	0	0	83
7991	0	0	0	89	0	89
7992	0	0	0	85	0	85
7993	88	0	0	0	0	88
7994	0	0	89	0	0	89
7995	0	0	0	90	0	90
7996	0	0	89	0	0	89
7997	0	0	0	89	0	89
7998	0	96	1	0	0	97
7999	0	0	0	96	0	96
8000	0	0	97	0	0	97
8001	94	0	0	1	0	95
8002	0	0	0	98	0	98
8003	0	0	95	0	0	95
8004	0	0	0	92	0	92
8005	0	0	0	91	0	91
8006	0	0	89	0	0	89
8007	0	0	89	0	0	89
8008	0	0	0	95	0	95
8009	0	1	97	0	0	98
8010	91	0	0	2	0	93
8011	0	0	0	94	0	94
8012	96	0	0	0	0	96
8013	0	0	95	0	0	95
8014	0	1	0	93	0	94
8015	0	0	106	0	0	106
8016	0	105	0	0	0	105
8017	0	0	110	0	0	110
8018	0	0	105	0	0	105
8019	95	0	0	0	0	95
8020	103	0	0	0	0	103
8021	0	0	109	0	0	109
8022	1	0	0	100	0	101
8023	1	0	0	103	0	104
8024	0	0	108	0	0	108
8025	0	104	0	0	0	104
8026	102	0	0	0	0	102
8027	0	0	101	0	0	101
8028	0	0	0	102	0	102
8029	0	0	1	101	0	102
8030	111	0	0	1	0	112
8031	114	0	0	0	0	114
8032	113	0	0	0	0	113
8033	110	0	0	0	0	110
8034	1	0	0	111	0	112
8035	0	0	114	1	0	115
8036	2	0	0	106	0	108
8037	0	0	0	112	0	112
8038	1	0	0	115	0	116
8039	0	0	115	1	0	116
8040	110	0	1	0	0	111
8041	2	0	0	112	0	114
8042	0	0	115	1	0	116
8043	0	115	1	0	0	116
8044	1	1	0	117	0	119
8045	0	0	0	119	0	119
8046	116	0	0	1	0	117
8047	1	122	0	0	0	123
8048	0	1	123	0	0	124
8049	0	0	1	122	0	123
8050	0	0	0	119	0	119
8051	116	0	0	2	0	118
8052	117	0	0	0	0	117
8053	1	0	0	120	0	121
8054	120	0	0	1	0	121
8055	2	119	0	0	0	121
8056	0	1	128	0	0	129
8057	0	0	1	131	0	132
8058	0	0	0	137	0	137
8059	1	0	0	135	0	136
8060	0	0	0	135	0	135
8061	0	136	0	2	0	138
8062	132	1	0	1	0	134
8063	1	0	1	137	0	139
8064	0	144	0	2	0	146
8065	143	1	1	0	0	145
8066	141	0	0	0	0	141
8067	1	148	0	0	0	149
8068	0	0	0	149	0	149
8069	0	1	1	148	0	150
8070	1	0	0	147	0	148
8071	0	0	0	152	0	152
8072	153	0	1	1	0	155
8073	153	0	0	2	0	155
8074	1	154	0	1	0	156
8075	0	1	155	0	0	156
8076	0	0	2	152	0	154
8077	158	0	0	2	0	160
8078	1	150	0	0	0	151
8079	1	153	0	0	0	154
8080	156	1	0	2	0	159
8081	161	0	0	0	0	161
8082	1	0	1	155	0	157
8083	0	0	166	2	0	168
8084	0	0	178	0	0	178
8085	178	1	0	0	0	179
8086	189	0	1	0	0	190
8087	187	0	1	1	0	189
8088	183	0	0	3	0	186
8089	186	0	1	0	0	187
8090	2	191	1	0	0	194
8091	0	1	0	192	0	193
8092	0	203	1	0	0	204
8093	211	2	0	0	0	213
8094	208	1	0	1	0	210
8095	207	0	0	2	0	209
8096	205	0	0	0	0	205
8097	1	204	0	0	0	205
8098	203	1	1	2	0	207
8099	1	211	0	1	0	213
8100	0	1	0	214	0	215
8101	213	0	0	2	0	215
8102	2	0	219	0	0	221
8103	1	0	1	214	0	216
8104	4	0	0	223	0	227
8105	1	1	231	1	0	234
8106	0	234	2	0	0	236
8107	234	2	0	5	0	241
8108	230	0	1	1	0	232
8109	1	227	1	1	0	230
8110	1	1	0	233	0	235
8111	1	1	243	1	0	246
8112	2	253	1	0	0	256
8113	250	0	0	4	0	254
8114	3	1	256	0	0	260
8115	237	1	0	1	0	239
8116	249	1	0	2	0	252
8117	1	2	261	0	0	264
8118	1	257	0	2	0	260
8119	4	1	0	261	0	266
8120	0	1	266	1	0	268
8121	253	1	1	1	0	256
8122	264	1	0	1	0	266
8123	4	267	0	0	0	271
8124	1	3	0	268	0	272
8125	0	0	2	273	0	275
8126	1	0	275	2	0	278
8127	2	272	2	0	0	276
8128	293	1	0	1	0	295
8129	290	1	0	1	0	292
8130	289	0	1	2	0	292
8131	2	1	292	0	0	295
8132	288	1	0	2	0	291
8133	292	0	1	1	0	294
8134	0	2	1	294	0	297
8135	1	0	294	1	0	296
8136	2	0	1	287	0	290
8137	3	1	293	0	0	297
8138	3	0	0	291	0	294
8139	0	290	1	0	0	291
8140	2	314	1	0	0	317
8141	1	2	0	323	0	326
8142	1	0	1	315	0	317
8143	320	2	0	1	0	323
8144	2	1	312	0	0	315
8145	309	0	2	3	0	314
8146	3	326	0	1	0	330
8147	321	1	1	2	0	325
8148	314	3	1	0	0	318
8149	2	0	1	316	0	319
8150	2	0	335	2	0	339
8151	2	1	1	329	0	333
8152	1	338	0	2	0	341
8153	2	1	1	340	0	344
8154	1	2	0	344	0	347
8155	346	1	0	1	0	348
8156	1	0	0	338	0	339
8157	3	334	1	1	0	339
8158	4	1	0	338	0	343
8159	338	1	1	4	0	344
8160	2	340	1	0	0	343
8161	2	1	0	347	0	350
8162	0	2	2	342	0	346
8163	2	0	0	351	0	353
8164	1	1	0	342	0	344
8165	342	2	0	7	0	351
8166	3	0	0	352	0	355
8167	3	1	1	345	0	350
8168	2	0	1	354	0	357
8169	0	356	1	5	0	362
8170	357	3	1	1	0	362
8171	4	3	358	0	0	365
8172	2	354	3	0	0	359
8173	344	3	1	0	0	348
8174	7	1	354	1	0	363
8175	1	356	4	0	0	361
8176	1	3	3	348	0	355
8177	0	356	2	3	0	361
8178	0	4	352	2	0	358
8179	0	1	353	1	0	355
8180	0	353	4	0	0	357
8181	348	4	2	1	0	355
8182	343	1	0	1	0	345
8183	5	0	331	0	0	336
8184	1	0	306	1	0	308
8185	0	0	323	0	0	323
8186	1	1	4	315	0	321
8187	1	0	1	312	0	314
8188	2	0	0	320	0	322
8189	0	0	331	4	0	335
8190	1	0	3	309	0	313
8191	0	0	1	320	0	321
8192	0	1	306	5	0	312
8193	299	0	4	3	0	306
8194	5	0	4	315	0	324
8195	2	3	1	319	0	325
8196	3	325	0	8	0	336
8197	330	5	2	5	0	342
8198	5	4	329	2	0	340
8199	319	1	5	5	0	330
8200	7	3	2	324	0	336
8201	2	0	328	6	0	336
8202	2	0	4	320	0	326
8203	321	4	2	7	0	334
8204	8	0	324	3	0	335
8205	320	0	5	5	0	330
8206	322	0	4	5	0	331
8207	322	0	3	5	0	330
8208	7	316	2	1	0	326
8209	5	6	0	328	0	339
8210	328	2	1	10	0	341
8211	327	2	0	6	0	335
8212	339	1	2	3	0	345
8213	11	0	331	3	0	345
8214	346	1	7	2	0	356
8215	8	0	3	360	0	371
8216	6	2	361	7	0	376
8217	1	1	10	376	0	388
8218	1	1	3	384	0	389
8219	0	2	378	11	0	391
8220	5	1	8	371	0	385
8221	3	0	4	394	0	401
8222	4	0	446	10	0	460
8223	464	1	10	10	0	485
8224	512	0	8	2	0	522
8225	16	0	3	525	0	544
8226	9	1	514	11	0	535
8227	9	0	13	510	0	532
8228	6	509	8	13	0	536
8229	5	11	5	513	0	534
8230	9	4	3	520	0	536
8231	505	6	4	24	0	539
8232	510	4	6	12	0	532
8233	520	1	1	14	0	536
8234	20	3	0	508	0	531
8235	13	1	7	515	0	536
8236	9	0	504	20	0	533
8237	10	6	11	477	0	504
8238	6	481	6	24	0	517
8239	492	9	9	11	0	521
8240	16	462	4	11	0	493
8241	469	14	2	10	0	495
8242	15	7	5	443	0	470
8243	8	456	3	17	0	484
8244	461	15	1	10	0	487
8245	465	6	4	6	0	481
8246	19	6	0	456	0	481
8247	13	457	1	15	0	486
8248	15	9	1	465	0	490
8249	8	8	454	14	0	484
8250	442	4	7	13	0	466
8251	10	443	6	11	0	470
8252	432	11	8	10	0	461
8253	17	7	3	438	0	465
8254	452	5	2	14	0	473
8255	17	5	442	8	0	472
8256	458	7	11	6	0	482
8257	467	4	3	12	0	486
8258	21	3	460	6	0	490
8259	17	1	13	462	0	493
8260	19	6	7	446	0	478
8261	450	1	5	19	0	475
8262	17	443	4	11	0	475
8263	10	14	1	450	0	475
8264	7	7	440	18	0	472
8265	8	2	430	14	0	454
8266	8	429	13	11	0	461
8267	17	10	425	5	0	457
8268	405	11	16	8	0	440
8269	16	5	5	400	0	426
8270	404	4	9	16	0	433
8271	16	4	398	9	0	427
8272	10	6	11	398	0	425
8273	17	1	8	405	0	431
8274	10	4	398	14	0	426
8275	8	5	11	403	0	427
8276	390	4	6	23	0	423
8277	402	4	9	10	0	425
8278	18	1	4	397	0	420
8279	397	6	2	15	0	420
8280	396	1	7	8	0	412
8281	19	387	6	7	0	419
8282	13	9	3	392	0	417
8283	399	8	8	11	0	426
8284	21	3	4	390	0	418
8285	395	5	4	16	0	420
8286	22	1	2	394	0	419
8287	11	5	389	19	0	424
8288	10	379	11	17	0	417
8289	10	9	6	335	0	360
8290	9	381	7	17	0	414
8291	370	13	9	14	0	406
8292	18	366	4	11	0	399
8293	14	362	4	10	0	390
8294	11	16	4	366	0	397
8295	362	6	3	17	0	388
8296	12	10	4	358	0	384
8297	353	8	4	15	0	380
8298	352	8	4	15	0	379
8299	13	353	5	14	0	385
8300	370	9	4	7	0	390
8301	371	6	5	9	0	391
8302	368	7	2	7	0	384
8303	15	5	351	9	0	380
8304	18	4	9	345	0	376
8305	12	7	5	357	0	381
8306	16	4	341	13	0	374
8307	350	4	10	13	0	377
8308	358	6	6	9	0	379
8309	354	7	4	11	0	376
8310	346	4	6	7	0	363
8311	26	336	2	9	0	373
8312	336	6	3	7	0	352
8313	26	5	2	316	0	349
8314	14	3	294	12	0	323
8315	292	5	5	8	0	310
8316	14	293	7	6	0	320
8317	266	6	3	4	0	279
8318	11	255	4	7	0	277
8319	13	226	3	4	0	246
8320	4	241	2	7	0	254
8321	9	222	4	3	0	238
8322	4	5	166	7	0	182
8323	3	13	7	122	0	145
8324	0	1	107	2	0	110
8325	85	0	1	3	0	89
8326	1	84	1	1	0	87
8327	3	83	0	1	0	87
8328	0	3	0	86	0	89
8329	0	1	1	88	0	90
8330	0	2	86	2	0	90
8331	0	1	82	2	0	85
8332	0	1	3	83	0	87
8333	0	0	88	2	0	90
8334	0	86	1	1	0	88
8335	1	3	1	86	0	91
8336	0	2	0	88	0	90
8337	1	1	86	2	0	90
8338	0	0	1	89	0	90
8339	84	0	1	2	0	87
8340	2	0	0	87	0	89
8341	1	1	1	85	0	88
8342	1	1	81	3	0	86
8343	81	0	1	1	0	83
8344	2	83	1	0	0	86
8345	1	0	0	86	0	87
8346	0	1	85	2	0	88
8347	0	0	1	83	0	84
8348	83	0	1	1	0	85
8349	1	0	84	1	0	86
8350	2	0	1	82	0	85
8351	0	0	86	1	0	87
8352	0	86	1	1	0	88
8353	0	1	81	0	0	82
8354	0	77	1	0	0	78
8355	0	1	66	0	0	67
8356	1	0	3	55	0	59
8357	0	58	0	1	0	59
8358	57	1	0	0	0	58
8359	1	0	0	53	0	54
8360	56	0	1	2	0	59
8361	1	1	0	59	0	61
8362	0	0	0	59	0	59
8363	55	1	0	3	0	59
8364	62	0	0	0	0	62
8365	1	1	0	59	0	61
8366	0	1	64	1	0	66
8367	0	64	1	0	0	65
8368	0	0	66	0	0	66
8369	0	68	0	1	0	69
8370	71	0	0	0	0	71
8371	1	1	68	0	0	70
8372	0	1	68	0	0	69
8373	1	1	0	66	0	68
8374	64	0	0	0	0	64
8375	1	0	64	0	0	65
8376	0	78	1	0	0	79
8377	80	0	0	1	0	81
8378	82	0	0	1	0	83
8379	83	0	2	0	0	85
8380	83	0	0	1	0	84
8381	84	0	0	0	0	84
8382	1	0	82	0	0	83
8383	1	0	0	78	0	79
8384	0	81	0	0	0	81
8385	83	0	0	0	0	83
8386	0	85	0	1	0	86
8387	79	0	1	1	0	81
8388	81	0	0	0	0	81
8389	0	78	0	0	0	78
8390	81	0	0	0	0	81
8391	0	0	0	81	0	81
8392	0	0	0	80	0	80
8393	0	0	78	0	0	78
8394	0	81	0	0	0	81
8395	0	0	0	77	0	77
8396	0	0	0	78	0	78
8397	0	0	0	78	0	78
8398	0	0	77	0	0	77
8399	70	0	0	0	0	70
8400	0	0	0	74	0	74
8401	75	0	0	0	0	75
8402	1	0	0	76	0	77
8403	0	0	81	0	0	81
8404	0	0	84	0	0	84
8405	81	0	0	1	0	82
8406	87	0	0	0	0	87
8407	0	87	0	0	0	87
8408	0	0	87	0	0	87
8409	1	0	0	82	0	83
8410	0	0	1	72	0	73
8411	94	0	0	0	0	94
8412	93	0	0	0	0	93
8413	94	0	0	0	0	94
8414	0	0	93	0	0	93
8415	97	0	0	1	0	98
8416	1	0	0	100	0	101
8417	0	0	0	100	0	100
8418	0	0	0	101	0	101
8419	0	102	0	0	0	102
8420	99	0	0	1	0	100
8421	0	0	0	97	0	97
8422	0	0	98	0	0	98
8423	0	0	0	96	0	96
8424	0	97	0	0	0	97
8425	97	0	0	1	0	98
8426	0	0	0	98	0	98
8427	0	0	0	95	0	95
8428	0	0	97	0	0	97
8429	0	0	0	95	0	95
8430	0	96	0	0	0	96
8431	0	0	0	97	0	97
8432	0	0	98	0	0	98
8433	86	0	0	0	0	86
8434	91	0	0	0	0	91
8435	0	89	0	0	0	89
8436	93	0	0	0	0	93
8437	90	0	0	0	0	90
8438	0	90	0	0	0	90
8439	0	0	0	90	0	90
8440	94	0	0	0	0	94
8441	0	100	0	0	0	100
8442	0	0	99	0	0	99
8443	97	0	0	0	0	97
8444	105	0	1	0	0	106
8445	99	0	0	0	0	99
8446	104	0	0	0	0	104
8447	1	109	1	0	0	111
8448	111	0	0	0	0	111
8449	115	1	0	1	0	117
8450	121	0	0	0	0	121
8451	1	0	0	117	0	118
8452	118	0	0	2	0	120
8453	2	127	0	1	0	130
8454	1	1	137	0	0	139
8455	1	2	1	139	0	143
8456	137	1	1	1	0	140
8457	1	0	142	1	0	144
8458	2	0	1	139	0	142
8459	1	0	142	1	0	144
8460	0	138	2	1	0	141
8461	1	1	0	136	0	138
8462	0	1	136	1	0	138
8463	0	134	2	1	0	137
8464	0	1	1	129	0	131
8465	132	2	0	2	0	136
8466	131	1	0	4	0	136
8467	135	0	0	2	0	137
8468	136	0	0	0	0	136
8469	131	0	0	2	0	133
8470	3	0	135	0	0	138
8471	137	0	1	0	0	138
8472	138	0	0	0	0	138
8473	3	0	1	135	0	139
8474	136	0	1	3	0	140
8475	129	1	0	2	0	132
8476	2	125	0	1	0	128
8477	2	1	1	129	0	133
8478	1	2	0	129	0	132
8479	129	0	0	1	0	130
8480	2	129	0	2	0	133
8481	2	131	0	1	0	134
8482	4	2	0	134	0	140
8483	1	2	0	137	0	140
8484	1	1	1	136	0	139
8485	0	0	1	140	0	141
8486	133	0	0	5	0	138
8487	134	0	0	3	0	137
8488	3	0	134	1	0	138
8489	4	0	1	128	0	133
8490	2	0	0	136	0	138
8491	0	1	136	2	0	139
8492	135	0	1	3	0	139
8493	1	136	1	1	0	139
8494	140	1	1	0	0	142
8495	3	2	0	135	0	140
8496	2	1	141	1	0	145
8497	2	1	1	142	0	146
8498	1	0	147	3	0	151
8499	2	145	2	1	0	150
8500	145	1	1	2	0	149
8501	142	1	2	2	0	147
8502	3	143	0	0	0	146
8503	3	1	1	140	0	145
8504	139	1	0	1	0	141
8505	2	137	0	2	0	141
8506	1	2	1	140	0	144
8507	140	0	0	2	0	142
8508	2	2	137	1	0	142
8509	142	0	1	1	0	144
8510	3	142	1	1	0	147
8511	139	1	2	1	0	143
8512	138	2	0	0	0	140
8513	2	1	138	0	0	141
8514	2	1	1	136	0	140
8515	4	0	1	133	0	138
8516	1	0	137	2	0	140
8517	0	1	1	137	0	139
8518	1	0	1	127	0	129
8519	137	1	1	2	0	141
8520	137	1	0	4	0	142
8521	2	0	1	135	0	138
8522	3	1	140	1	0	145
8523	1	0	2	137	0	140
8524	2	0	1	138	0	141
8525	1	1	141	2	0	145
8526	2	0	1	142	0	145
8527	143	0	1	2	0	146
8528	140	0	2	2	0	144
8529	2	139	1	1	0	143
8530	148	1	0	1	0	150
8531	147	1	1	0	0	149
8532	2	156	0	2	0	160
8533	152	1	0	3	0	156
8534	156	1	0	0	0	157
8535	156	2	0	1	0	159
8536	4	0	153	1	0	158
8537	150	0	4	0	0	154
8538	4	0	1	149	0	154
8539	151	0	0	4	0	155
8540	3	0	146	1	0	150
8541	1	145	3	2	0	151
8542	149	3	0	0	0	152
8543	4	154	0	0	0	158
8544	0	3	0	154	0	157
8545	3	0	0	156	0	159
8546	157	0	0	3	0	160
8547	151	1	0	0	0	152
8548	4	0	145	1	0	150
8549	0	0	137	0	0	137
8550	0	0	138	0	0	138
8551	2	0	2	132	0	136
8552	0	0	137	2	0	139
8553	1	1	124	1	0	127
8554	1	3	3	112	0	119
8555	127	0	1	2	0	130
8556	133	0	0	1	0	134
8557	134	0	0	1	0	135
8558	135	0	0	0	0	135
8559	3	0	0	132	0	135
8560	1	0	0	137	0	138
8561	0	0	136	3	0	139
8562	0	0	2	144	0	146
8563	0	0	1	133	0	134
8564	146	0	0	3	0	149
8565	139	0	0	2	0	141
8566	4	0	0	138	0	142
8567	141	0	0	3	0	144
8568	140	0	0	2	0	142
8569	4	0	0	140	0	144
8570	1	0	0	137	0	138
8571	0	0	134	4	0	138
8572	0	0	136	1	0	137
8573	0	0	4	136	0	140
8574	1	0	1	142	0	144
8575	0	0	145	4	0	149
8576	135	0	3	2	0	140
8577	141	0	1	1	0	143
8578	4	0	142	0	0	146
8579	1	145	3	0	0	149
8580	145	3	1	0	0	149
8581	3	1	157	0	0	161
8582	1	0	3	159	0	163
8583	0	0	1	163	0	164
8584	164	0	0	5	0	169
8585	179	0	0	2	0	181
8586	3	0	0	178	0	181
8587	1	0	0	186	0	187
8588	188	0	0	8	0	196
8589	191	0	0	3	0	194
8590	189	0	0	1	0	190
8591	5	0	185	2	0	192
8592	1	1	4	194	0	200
8593	0	1	1	200	0	202
8594	193	0	0	7	0	200
8595	6	191	0	1	0	198
8596	204	5	0	3	0	212
8597	5	205	1	1	0	212
8598	2	4	1	210	0	217
8599	1	0	1	219	0	221
8600	0	0	209	6	0	215
8601	0	0	7	206	0	213
8602	0	0	215	4	0	219
8603	1	0	5	213	0	219
8604	3	0	2	215	0	220
8605	1	200	2	4	0	207
8606	2	216	0	2	0	220
8607	2	4	1	208	0	215
8608	2	1	0	216	0	219
8609	1	0	1	213	0	215
8610	2	1	1	215	0	219
8611	1	0	0	221	0	222
8612	0	1	216	8	0	225
8613	1	0	6	210	0	217
8614	1	0	1	219	0	221
8615	1	0	205	7	0	213
8616	3	206	5	2	0	216
8617	4	5	2	203	0	214
8618	1	1	210	6	0	218
8619	2	201	7	3	0	213
8620	2	5	2	207	0	216
8621	213	1	2	7	0	223
8622	7	0	2	211	0	220
8623	3	0	1	219	0	223
8624	5	0	2	217	0	224
8625	4	0	1	218	0	223
8626	3	207	0	7	0	217
8627	1	3	3	211	0	218
8628	225	2	0	9	0	236
8629	7	1	0	229	0	237
8630	4	0	3	226	0	233
8631	0	3	0	236	0	239
8632	224	0	0	9	0	233
8633	229	1	1	3	0	234
8634	9	0	1	225	0	235
8635	220	0	0	8	0	228
8636	225	1	2	4	0	232
8637	6	227	0	3	0	236
8638	223	3	1	4	0	231
8639	3	228	0	3	0	234
8640	1	227	2	1	0	231
8641	0	4	1	237	0	242
8642	0	2	248	6	0	256
8643	0	0	2	240	0	242
8644	0	1	1	237	0	239
8645	0	238	0	6	0	244
8646	236	5	1	3	0	245
8647	3	1	0	241	0	245
8648	1	1	251	8	0	261
8649	0	0	5	252	0	257
8650	0	252	0	7	0	259
8651	255	3	3	3	0	264
8652	3	1	2	259	0	265
8653	0	1	266	7	0	274
8654	1	0	4	274	0	279
8655	1	272	2	3	0	278
8656	1	4	0	274	0	279
8657	282	0	2	6	0	290
8658	285	1	1	5	0	292
8659	290	1	1	5	0	297
8660	5	296	0	4	0	305
8661	289	3	1	4	0	297
8662	5	3	0	286	0	294
8663	286	1	0	10	0	297
8664	6	294	1	3	0	304
8665	1	6	0	304	0	311
8666	1	2	306	8	0	317
8667	292	0	4	5	0	301
8668	5	309	0	3	0	317
8669	4	3	1	311	0	319
8670	2	1	0	320	0	323
8671	3	1	0	315	0	319
8672	3	0	1	300	0	304
8673	1	312	0	3	0	316
8674	314	4	0	4	0	322
8675	306	3	1	3	0	313
8676	4	3	311	1	0	319
8677	2	0	3	316	0	321
8678	1	1	313	4	0	319
8679	306	2	3	5	0	316
8680	312	0	1	6	0	319
8681	303	1	1	2	0	307
8682	5	0	0	296	0	301
8683	1	293	0	7	0	301
8684	294	5	0	6	0	305
8685	7	1	0	287	0	295
8686	288	1	0	7	0	296
8687	4	0	281	2	0	287
8688	1	1	273	2	0	277
8689	275	2	3	1	0	281
8690	6	0	1	274	0	281
8691	277	0	1	5	0	283
8692	5	277	0	1	0	283
8693	282	2	0	2	0	286
8694	284	4	0	1	0	289
8695	5	0	283	1	0	289
8696	1	1	271	0	0	273
8697	0	272	3	0	0	275
8698	1	2	3	268	0	274
8699	270	1	0	1	0	272
8700	3	0	0	267	0	270
8701	1	0	0	271	0	272
8702	0	0	263	3	0	266
8703	252	0	2	1	0	255
8704	2	0	1	269	0	272
8705	1	0	261	2	0	264
8706	0	0	252	1	0	253
8707	0	1	3	262	0	266
8708	0	0	264	2	0	266
8709	0	1	261	1	0	263
8710	2	1	3	247	0	253
8711	0	0	263	2	0	265
8712	1	1	2	249	0	253
8713	0	260	1	2	0	263
8714	262	2	0	3	0	267
8715	2	264	0	0	0	266
8716	2	2	0	264	0	268
8717	1	276	0	2	0	279
8718	0	2	288	1	0	291
8719	1	1	2	335	0	339
8720	0	0	377	8	0	385
8721	364	0	11	2	0	377
8722	9	384	3	0	0	396
8723	381	10	1	2	0	394
8724	13	2	1	378	0	394
8725	380	1	0	10	0	391
8726	10	0	371	2	0	383
8727	2	372	10	1	0	385
8728	366	10	3	1	0	380
8729	11	3	1	345	0	360
8730	2	361	2	9	0	374
8731	4	10	0	359	0	373
8732	357	4	0	12	0	373
8733	11	390	0	3	0	404
8734	393	12	0	3	0	408
8735	14	2	387	1	0	404
8736	388	2	11	1	0	402
8737	15	1	3	388	0	407
8738	393	0	1	14	0	408
8739	14	383	0	3	0	400
8740	3	12	1	387	0	403
8741	2	4	0	400	0	406
8742	2	1	376	13	0	392
8743	2	1	11	374	0	388
8744	3	3	3	380	0	389
8745	2	0	2	384	0	388
8746	2	0	1	384	0	387
8747	2	1	369	14	0	386
8748	2	355	10	4	0	371
8749	0	13	4	359	0	376
8750	350	3	1	13	0	367
8751	355	1	1	7	0	364
8752	17	357	2	2	0	378
8753	352	14	1	1	0	368
8754	353	3	0	4	0	360
8755	346	1	0	3	0	350
8756	15	338	1	2	0	356
8757	332	12	2	4	0	350
8758	13	5	0	319	0	337
8759	2	2	311	15	0	330
8760	2	310	13	6	0	331
8761	5	12	3	312	0	332
8762	2	3	307	12	0	324
8763	298	1	11	5	0	315
8764	15	1	3	307	0	326
8765	7	2	1	307	0	317
8766	3	2	1	311	0	317
8767	6	1	0	310	0	317
8768	5	0	294	15	0	314
8769	282	1	13	6	0	302
8770	12	295	2	2	0	311
8771	293	13	2	3	0	311
8772	14	291	1	5	0	311
8773	289	11	2	3	0	305
8774	18	4	0	288	0	310
8775	5	1	291	17	0	314
8776	2	2	301	3	0	308
8777	5	1	14	295	0	315
8778	1	1	6	304	0	312
8779	4	2	3	303	0	312
8780	294	2	0	18	0	314
8781	15	2	284	6	0	307
8782	4	229	11	61	0	305
8783	5	301	2	6	0	314
8784	286	14	3	4	0	307
8785	15	2	287	2	0	306
8786	4	286	12	4	0	306
8787	5	12	287	2	0	306
8788	3	2	11	292	0	308
8789	2	3	286	15	0	306
8790	2	1	293	4	0	300
8791	4	3	14	285	0	306
8792	3	0	279	16	0	298
8793	2	2	288	5	0	297
8794	6	2	12	275	0	295
8795	274	1	5	16	0	296
8796	12	2	274	3	0	291
8797	4	4	11	274	0	293
8798	6	0	5	284	0	295
8799	269	2	5	13	0	289
8800	18	3	3	271	0	295
8801	272	3	2	14	0	291
8802	14	268	3	4	0	289
8803	7	13	3	271	0	294
8804	275	2	3	15	0	295
8805	283	2	1	8	0	294
8806	17	1	3	272	0	293
8807	4	1	276	14	0	295
8808	264	0	11	8	0	283
8809	12	274	4	5	0	295
8810	262	10	3	7	0	282
8811	277	3	3	5	0	288
8812	279	3	0	5	0	287
8813	15	2	261	4	0	282
8814	5	267	12	3	0	287
8815	7	16	2	263	0	288
8816	5	10	1	270	0	286
8817	3	2	259	18	0	282
8818	5	235	14	5	0	259
8819	3	184	1	4	0	192
8820	1	151	0	2	0	154
8821	135	4	3	3	0	145
8822	4	1	0	133	0	138
8823	0	0	0	134	0	134
8824	0	0	136	3	0	139
8825	125	1	3	0	0	129
8826	3	0	0	135	0	138
8827	1	1	0	135	0	137
8828	0	0	135	3	0	138
8829	0	138	3	0	0	141
8830	1	5	0	133	0	139
8831	0	1	135	1	0	137
8832	1	125	2	0	0	128
8833	97	1	0	0	0	98
8834	1	0	105	0	0	106
8835	0	0	1	107	0	108
8836	0	106	0	0	0	106
8837	102	1	0	3	0	106
8838	1	0	0	106	0	107
8839	102	0	0	0	0	102
8840	101	0	0	1	0	102
8841	0	103	0	0	0	103
8842	103	1	0	2	0	106
8843	108	0	0	2	0	110
8844	1	0	109	0	0	110
8845	106	1	1	1	0	109
8846	1	0	108	0	0	109
8847	103	0	1	0	0	104
8848	107	0	0	0	0	107
8849	1	0	111	0	0	112
8850	1	0	0	110	0	111
8851	1	0	111	1	0	113
8852	0	0	104	1	0	105
8853	0	0	113	0	0	113
8854	1	1	1	117	0	120
8855	0	1	0	127	0	128
8856	1	0	0	128	0	129
8857	1	0	0	130	0	131
8858	1	0	131	2	0	134
8859	0	0	3	136	0	139
8860	0	141	0	2	0	143
8861	0	1	149	1	0	151
8862	1	1	2	145	0	149
8863	0	0	154	1	0	155
8864	0	154	2	0	0	156
8865	0	155	0	0	0	155
8866	0	3	0	155	0	158
8867	1	0	155	2	0	158
8868	0	0	154	1	0	155
8869	0	0	0	153	0	153
8870	0	0	1	151	0	152
8871	1	0	0	157	0	158
8872	0	1	157	3	0	161
8873	0	152	2	1	0	155
8874	0	156	1	0	0	157
8875	0	2	0	152	0	154
8876	0	0	150	3	0	153
8877	0	0	144	0	0	144
8878	0	151	2	0	0	153
8879	151	2	0	0	0	153
8880	2	153	1	0	0	156
8881	0	1	168	1	0	170
8882	170	1	3	0	0	174
8883	4	0	0	170	0	174
8884	170	0	0	4	0	174
8885	5	0	0	168	0	173
8886	1	0	0	173	0	174
8887	172	1	0	3	0	176
8888	5	183	0	1	0	189
8889	1	4	179	0	0	184
8890	0	181	5	0	0	186
8891	183	4	0	0	0	187
8892	4	189	1	0	0	194
8893	186	4	0	1	0	191
8894	188	0	0	1	0	189
8895	3	185	1	0	0	189
8896	1	4	0	181	0	186
8897	184	0	1	3	0	188
8898	181	0	1	2	0	184
8899	4	0	1	182	0	187
8900	0	0	174	5	0	179
8901	0	1	179	1	0	181
8902	0	0	4	177	0	181
8903	0	0	176	5	0	181
8904	169	0	3	0	0	172
8905	3	170	0	1	0	174
8906	1	3	0	175	0	179
8907	0	0	0	177	0	177
8908	1	0	0	177	0	178
8909	2	0	0	172	0	174
8910	3	0	0	174	0	177
8911	0	0	170	3	0	173
8912	0	170	2	0	0	172
8913	175	3	0	1	0	179
8914	2	0	0	174	0	176
8915	1	0	0	175	0	176
8916	0	0	0	174	0	174
8917	0	176	0	3	0	179
8918	0	3	0	177	0	180
8919	1	0	0	178	0	179
8920	172	0	0	4	0	176
8921	3	170	0	0	0	173
8922	0	169	0	0	0	169
8923	1	3	0	171	0	175
8924	168	0	0	5	0	173
8925	3	0	166	0	0	169
8926	161	0	3	1	0	165
8927	3	0	172	0	0	175
8928	0	0	3	169	0	172
8929	0	0	0	172	0	172
8930	0	0	0	169	0	169
8931	0	0	0	172	0	172
8932	1	0	0	166	0	167
8933	164	0	0	2	0	166
8934	3	0	164	0	0	167
8935	1	0	3	160	0	164
8936	0	0	168	2	0	170
8937	0	171	3	0	0	174
8938	168	3	1	0	0	172
8939	3	0	176	0	0	179
8940	1	0	3	178	0	182
8941	0	0	0	182	0	182
8942	0	0	186	3	0	189
8943	0	0	187	0	0	187
8944	1	0	3	175	0	179
8945	184	0	0	2	0	186
8946	184	0	0	2	0	186
8947	3	183	0	0	0	186
8948	191	3	0	0	0	194
8949	4	0	0	187	0	191
8950	0	195	1	3	0	199
8951	2	3	0	195	0	200
8952	0	1	199	2	0	202
8953	1	0	3	196	0	200
8954	0	0	0	202	0	202
8955	186	0	0	3	0	189
8956	2	187	0	0	0	189
8957	183	2	0	1	0	186
8958	2	182	0	0	0	184
8959	168	2	4	0	0	174
8960	2	167	0	0	0	169
8961	0	170	0	0	0	170
8962	167	2	0	0	0	169
8963	2	0	0	162	0	164
8964	0	162	0	2	0	164
8965	162	2	0	0	0	164
8966	166	0	0	0	0	166
8967	167	0	0	0	0	167
8968	165	0	0	0	0	165
8969	2	171	0	0	0	173
8970	0	2	0	170	0	172
8971	0	0	0	173	0	173
8972	174	0	0	2	0	176
8973	2	0	0	172	0	174
8974	172	0	0	3	0	175
8975	2	0	171	0	0	173
8976	167	0	2	0	0	169
8977	2	0	170	0	0	172
8978	0	1	2	174	0	177
8979	169	0	1	3	0	173
8980	2	170	0	0	0	172
8981	150	1	0	0	0	151
8982	1	152	0	0	0	153
8983	0	1	0	157	0	158
8984	0	0	157	1	0	158
8985	142	0	1	0	0	143
8986	1	156	0	0	0	157
8987	0	0	0	155	0	155
8988	0	0	0	144	0	144
8989	1	0	0	141	0	142
8990	0	0	142	0	0	142
8991	0	143	0	0	0	143
8992	143	0	0	2	0	145
8993	143	0	0	1	0	144
8994	0	144	0	0	0	144
8995	151	0	0	0	0	151
8996	0	1	0	151	0	152
8997	0	147	0	0	0	147
8998	150	0	0	0	0	150
8999	0	0	148	0	0	148
9000	0	154	0	0	0	154
9001	0	0	0	154	0	154
9002	0	0	0	152	0	152
9003	0	0	151	0	0	151
9004	0	0	0	148	0	148
9005	0	0	150	0	0	150
9006	1	0	0	143	0	144
9007	0	0	0	147	0	147
9008	0	0	0	144	0	144
9009	0	0	0	148	0	148
9010	0	1	148	0	0	149
9011	0	0	156	0	0	156
9012	0	171	2	0	0	173
9013	0	3	0	187	0	190
9014	0	0	190	4	0	194
9015	0	190	4	0	0	194
9016	1	4	0	193	0	198
9017	0	0	202	4	0	206
9018	186	0	4	2	0	192
9019	205	0	1	0	0	206
9020	4	1	0	204	0	209
9021	0	0	205	5	0	210
9022	0	1	4	198	0	203
9023	204	0	0	5	0	209
9024	4	211	1	0	0	216
9025	220	4	0	1	0	225
9026	226	0	1	0	0	227
9027	5	0	0	218	0	223
9028	1	0	0	227	0	228
9029	1	1	0	223	0	225
9030	1	0	0	223	0	224
9031	1	0	0	224	0	225
9032	221	0	0	5	0	226
9033	225	0	0	2	0	227
9034	223	0	0	1	0	224
9035	4	0	214	0	0	218
9036	212	0	4	0	0	216
9037	5	0	0	211	0	216
9038	1	0	211	4	0	216
9039	0	208	3	0	0	211
9040	0	4	0	210	0	214
9041	1	1	0	210	0	212
9042	0	208	0	5	0	213
9043	1	4	1	212	0	218
9044	0	1	211	3	0	215
9045	0	1	213	0	0	214
9046	0	1	3	216	0	220
9047	216	1	2	4	0	223
9048	211	0	0	2	0	213
9049	6	0	209	0	0	215
9050	1	192	4	1	0	198
9051	0	202	3	1	0	206
9052	193	5	0	3	0	201
9053	6	1	191	0	0	198
9054	1	1	5	191	0	198
9055	195	1	1	4	0	201
9056	6	191	0	1	0	198
9057	2	199	0	1	0	202
9058	190	5	1	2	0	198
9059	5	1	0	194	0	200
9060	198	0	0	8	0	206
9061	4	1	0	211	0	216
9062	2	1	0	220	0	223
9063	3	1	213	6	0	223
9064	2	0	5	223	0	230
9065	3	0	2	224	0	229
9066	225	0	2	9	0	236
9067	5	0	1	228	0	234
9068	1	1	226	8	0	236
9069	225	1	6	3	0	235
9070	6	1	1	225	0	233
9071	225	0	1	8	0	234
9072	6	216	2	3	0	227
9073	2	229	2	1	0	234
9074	221	5	2	2	0	230
9075	223	2	2	1	0	228
9076	8	2	1	221	0	232
9077	3	2	217	6	0	228
9078	4	1	6	222	0	233
9079	222	1	3	5	0	231
9080	6	223	2	2	0	233
9081	2	7	1	221	0	231
9082	220	2	4	6	0	232
9083	8	3	216	3	0	230
9084	219	1	6	3	0	229
9085	212	2	2	4	0	220
9086	7	2	219	1	0	229
9087	4	2	225	1	0	232
9088	5	1	7	219	0	232
9089	5	1	3	217	0	226
9090	3	217	3	9	0	232
9091	5	4	2	228	0	239
9092	0	2	228	9	0	239
9093	2	1	6	236	0	245
9094	1	1	2	241	0	245
9095	1	1	226	10	0	238
9096	1	222	6	7	0	236
9097	1	5	3	229	0	238
9098	2	1	2	236	0	241
9099	231	1	2	9	0	243
9100	11	1	2	223	0	237
9101	4	2	223	7	0	236
9102	222	2	4	6	0	234
9103	231	2	2	3	0	238
9104	233	2	1	2	0	238
9105	9	0	218	4	0	231
9106	3	0	7	216	0	226
9107	3	2	2	226	0	233
9108	3	0	2	229	0	234
9109	222	1	2	9	0	234
9110	5	222	2	4	0	233
9111	2	4	204	5	0	215
9112	3	188	3	3	0	197
9113	3	178	1	1	0	183
9114	1	177	1	1	0	180
9115	2	6	3	170	0	181
9116	1	3	171	1	0	176
9117	153	1	2	2	0	158
9118	1	165	2	2	0	170
9119	156	2	1	1	0	160
9120	2	160	1	1	0	164
9121	160	2	1	1	0	164
9122	2	164	0	1	0	167
9123	2	2	167	1	0	172
9124	1	2	2	154	0	159
9125	1	2	1	153	0	157
9126	151	1	1	3	0	156
9127	1	0	1	168	0	170
9128	2	0	164	4	0	170
9129	3	0	2	165	0	170
9130	1	2	166	3	0	172
9131	1	164	3	2	0	170
9132	2	1	2	157	0	162
9133	1	164	1	3	0	169
9134	167	3	1	2	0	173
9135	3	2	0	166	0	171
9136	1	2	164	3	0	170
9137	1	1	165	2	0	169
9138	166	0	3	1	0	170
9139	1	0	2	168	0	171
9140	1	0	160	2	0	163
9141	2	0	151	1	0	154
9142	1	159	3	2	0	165
9143	1	1	2	148	0	152
9144	0	155	1	3	0	159
9145	0	3	1	147	0	151
9146	149	1	0	3	0	153
9147	2	1	0	152	0	155
9148	0	1	0	150	0	151
9149	153	0	0	3	0	156
9150	4	0	0	163	0	167
9151	1	0	0	156	0	157
9152	1	165	0	3	0	169
9153	169	2	0	1	0	172
9154	172	0	0	1	0	173
9155	2	1	0	166	0	169
9156	1	1	0	167	0	169
9157	2	2	0	164	0	168
9158	1	166	1	3	0	171
9159	0	169	0	2	0	171
9160	1	2	0	165	0	168
9161	143	1	0	1	0	145
9162	141	0	0	1	0	142
9163	0	135	0	0	0	135
9164	130	1	0	0	0	131
9165	1	132	0	0	0	133
9166	2	124	0	0	0	126
9167	2	3	1	124	0	130
9168	125	0	1	2	0	128
9169	1	115	0	1	0	117
9170	0	120	1	1	0	122
9171	2	0	0	119	0	121
9172	0	0	0	124	0	124
9173	0	0	119	1	0	120
9174	120	0	1	3	0	124
9175	121	0	2	0	0	123
9176	0	1	126	1	0	128
9177	0	1	124	1	0	126
9178	0	2	1	128	0	131
9179	1	0	0	132	0	133
9180	0	129	0	2	0	131
9181	2	1	1	127	0	131
9182	0	0	125	2	0	127
9183	1	0	2	116	0	119
9184	0	0	2	120	0	122
9185	118	0	1	1	0	120
9186	1	0	119	1	0	121
9187	109	1	1	1	0	112
9188	1	0	113	1	0	115
9189	0	2	1	114	0	117
9190	0	0	111	3	0	114
9191	1	1	111	1	0	114
9192	0	0	0	112	0	112
9193	105	0	1	3	0	109
9194	105	0	0	4	0	109
9195	1	106	0	3	0	110
9196	108	1	1	0	0	110
9197	101	1	0	1	0	103
9198	2	106	0	2	0	110
9199	1	2	0	107	0	110
9200	2	0	0	109	0	111
9201	1	0	0	104	0	105
9202	0	0	1	104	0	105
9203	0	1	100	2	0	103
9204	101	1	1	1	0	104
9205	2	1	0	102	0	105
9206	1	1	1	101	0	104
9207	1	102	1	2	0	106
9208	1	2	0	104	0	107
9209	2	1	103	2	0	108
9210	96	1	1	0	0	98
9211	1	1	106	1	0	109
9212	1	0	1	99	0	101
9213	101	0	0	2	0	103
9214	1	107	0	1	0	109
9215	1	0	0	108	0	109
9216	0	0	110	1	0	111
9217	0	0	1	108	0	109
9218	109	0	0	1	0	110
9219	2	0	111	0	0	113
9220	1	0	110	0	0	111
9221	0	107	0	1	0	108
9222	107	0	0	2	0	109
9223	1	106	0	1	0	108
9224	2	2	111	0	0	115
9225	0	1	104	0	0	105
9226	0	100	1	1	0	102
9227	85	0	0	0	0	85
9228	1	86	0	0	0	87
9229	0	0	0	87	0	87
9230	0	0	0	88	0	88
9231	0	0	86	0	0	86
9232	2	0	0	83	0	85
9233	0	0	88	1	0	89
9234	89	0	0	0	0	89
9235	87	0	0	0	0	87
9236	86	0	0	1	0	87
9237	0	0	87	0	0	87
9238	86	0	0	0	0	86
9239	1	1	0	82	0	84
9240	0	83	0	0	0	83
9241	84	0	0	0	0	84
9242	0	0	86	0	0	86
9243	81	0	0	2	0	83
9244	85	0	0	0	0	85
9245	0	0	86	0	0	86
9246	0	87	0	1	0	88
9247	0	0	0	88	0	88
9248	0	0	88	0	0	88
9249	1	0	80	0	0	81
9250	0	0	0	71	0	71
9251	0	0	74	0	0	74
9252	0	0	0	66	0	66
9253	0	0	0	60	0	60
9254	0	0	0	67	0	67
9255	0	0	67	0	0	67
9256	0	0	0	65	0	65
9257	0	0	65	0	0	65
9258	1	0	0	65	0	66
9259	68	0	1	0	0	69
9260	0	0	0	66	0	66
9261	1	69	0	0	0	70
9262	0	1	0	70	0	71
9263	76	0	0	1	0	77
9264	0	74	1	0	0	75
9265	0	0	0	77	0	77
9266	75	0	0	0	0	75
9267	0	0	77	0	0	77
9268	0	0	1	76	0	77
9269	0	1	78	0	0	79
9270	1	0	78	0	0	79
9271	0	4	0	79	0	83
9272	78	0	2	0	0	80
9273	0	0	72	0	0	72
9274	75	1	1	0	0	77
9275	1	0	0	74	0	75
9276	0	1	72	0	0	73
9277	0	0	71	1	0	72
9278	0	0	71	1	0	72
9279	0	2	1	65	0	68
9280	68	0	0	1	0	69
9281	0	70	1	0	0	71
9282	1	0	0	68	0	69
9283	2	0	0	67	0	69
9284	71	0	0	0	0	71
9285	68	0	1	1	0	70
9286	1	70	0	0	0	71
9287	67	0	0	0	0	67
9288	66	1	0	0	0	67
9289	2	0	0	65	0	67
9290	0	0	64	0	0	64
9291	66	0	0	0	0	66
9292	1	0	0	69	0	70
9293	0	0	1	68	0	69
9294	69	1	0	0	0	70
9295	0	0	0	67	0	67
9296	0	0	1	67	0	68
9297	69	0	1	0	0	70
9298	0	74	0	1	0	75
9299	73	0	1	0	0	74
9300	0	0	74	1	0	75
9301	76	0	0	2	0	78
9302	0	0	0	77	0	77
9303	0	77	1	0	0	78
9304	0	0	0	80	0	80
9305	0	0	1	79	0	80
9306	1	1	0	75	0	77
9307	74	0	0	3	0	77
9308	1	71	0	1	0	73
9309	0	75	1	0	0	76
9310	73	0	0	1	0	74
9311	0	0	82	1	0	83
9312	0	0	85	0	0	85
9313	78	0	3	2	0	83
9314	1	0	84	0	0	85
9315	0	0	2	82	0	84
9316	1	0	0	80	0	81
9317	0	0	0	82	0	82
9318	0	0	1	82	0	83
9319	0	80	1	0	0	81
9320	0	0	0	80	0	80
9321	0	0	78	1	0	79
9322	0	0	1	78	0	79
9323	0	1	77	0	0	78
9324	0	0	75	1	0	76
9325	1	0	0	76	0	77
9326	0	0	78	0	0	78
9327	1	0	0	77	0	78
9328	76	0	0	0	0	76
9329	1	0	78	0	0	79
9330	71	0	0	0	0	71
9331	0	0	0	78	0	78
9332	0	0	79	0	0	79
9333	1	76	0	0	0	77
9334	0	0	0	76	0	76
9335	0	0	82	1	0	83
9336	1	0	0	78	0	79
9337	81	0	0	2	0	83
9338	81	0	0	3	0	84
9339	85	0	0	1	0	86
9340	1	1	0	90	0	92
9341	1	0	0	91	0	92
9342	1	0	1	88	0	90
9343	90	0	0	0	0	90
9344	0	89	0	1	0	90
9345	0	1	0	88	0	89
9346	0	0	0	92	0	92
9347	90	0	0	2	0	92
9348	0	91	0	2	0	93
9349	1	0	0	96	0	97
9350	96	1	0	1	0	98
9351	100	1	0	1	0	102
9352	2	0	0	99	0	101
9353	100	1	1	0	0	102
9354	0	0	1	103	0	104
9355	1	0	103	0	0	104
9356	2	0	1	103	0	106
9357	0	0	0	99	0	99
9358	2	0	0	105	0	107
9359	100	1	0	2	0	103
9360	0	99	1	0	0	100
9361	98	0	0	1	0	99
9362	0	95	0	1	0	96
9363	0	92	0	1	0	93
9364	99	0	0	0	0	99
9365	0	98	0	0	0	98
9366	1	0	0	100	0	101
9367	99	1	0	1	0	101
9368	96	1	0	0	0	97
9369	1	0	0	100	0	101
9370	0	1	0	96	0	97
9371	0	96	0	1	0	97
9372	97	0	0	1	0	98
9373	90	0	1	1	0	92
9374	0	93	0	1	0	94
9375	0	96	0	1	0	97
9376	0	1	0	97	0	98
9377	98	0	0	1	0	99
9378	1	0	0	97	0	98
9379	1	0	0	96	0	97
9380	0	1	98	0	0	99
9381	0	1	94	1	0	96
9382	2	0	0	98	0	100
9383	0	0	99	1	0	100
9384	0	97	0	1	0	98
9385	0	1	1	98	0	100
9386	0	1	1	102	0	104
9387	0	0	0	104	0	104
9388	1	0	103	0	0	104
9389	0	1	99	1	0	101
9390	98	0	0	2	0	100
9391	0	101	1	1	0	103
9392	100	0	1	1	0	102
9393	0	0	1	102	0	103
9394	99	0	1	0	0	100
9395	1	1	0	92	0	94
9396	0	101	0	2	0	103
9397	101	0	1	2	0	104
9398	0	0	98	3	0	101
9399	2	98	1	0	0	101
9400	97	0	1	1	0	99
9401	2	1	0	91	0	94
9402	1	92	0	1	0	94
9403	1	0	1	96	0	98
9404	91	1	0	4	0	96
9405	4	0	0	94	0	98
9406	93	0	0	2	0	95
9407	1	2	88	1	0	92
9408	1	0	1	90	0	92
9409	91	0	0	0	0	91
9410	1	3	89	1	0	94
9411	2	82	1	1	0	86
9412	1	1	1	76	0	79
9413	1	0	79	2	0	82
9414	1	0	77	2	0	80
9415	2	0	2	77	0	81
9416	0	2	78	3	0	83
9417	1	0	77	1	0	79
9418	0	0	3	76	0	79
9419	78	0	1	2	0	81
9420	1	0	0	79	0	80
9421	2	0	2	77	0	81
9422	0	2	79	1	0	82
9423	1	0	1	82	0	84
9424	78	0	1	1	0	80
9425	1	1	81	1	0	84
9426	1	79	1	2	0	83
9427	0	1	2	81	0	84
9428	81	0	1	3	0	85
9429	3	0	0	81	0	84
9430	2	82	1	1	0	86
9431	0	2	89	1	0	92
9432	0	0	1	93	0	94
9433	96	0	1	1	0	98
9434	2	0	91	1	0	94
9435	2	1	2	92	0	97
9436	94	0	3	2	0	99
9437	99	1	0	2	0	102
9438	3	98	0	1	0	102
9439	101	2	1	2	0	106
9440	3	1	0	101	0	105
9441	2	1	100	2	0	105
9442	1	95	3	1	0	100
9443	0	101	1	1	0	103
9444	2	2	0	96	0	100
9445	2	1	1	99	0	103
9446	0	2	91	4	0	97
9447	1	85	2	1	0	89
9448	1	90	1	0	0	92
9449	0	4	0	84	0	88
9450	83	1	0	2	0	86
9451	2	82	0	2	0	86
9452	1	2	1	84	0	88
9453	86	2	0	2	0	90
9454	2	0	0	86	0	88
9455	1	0	0	88	0	89
9456	0	0	0	90	0	90
9457	0	0	0	89	0	89
9458	87	1	0	3	0	91
9459	3	1	0	85	0	89
9460	1	0	81	3	0	85
9461	78	0	2	1	0	81
9462	2	1	84	0	0	87
9463	1	0	89	1	0	91
9464	1	0	2	84	0	87
9465	0	0	1	86	0	87
9466	0	0	0	87	0	87
9467	85	0	0	4	0	89
9468	2	0	85	2	0	89
9469	86	0	2	1	0	89
9470	87	0	0	3	0	90
9471	3	0	90	0	0	93
9472	92	0	1	0	0	93
9473	2	0	97	0	0	99
9474	1	96	2	0	0	99
9475	1	2	0	98	0	101
9476	0	1	0	101	0	102
9477	0	0	0	99	0	99
9478	2	0	0	95	0	97
9479	0	0	95	3	0	98
9480	0	0	106	1	0	107
9481	0	0	2	101	0	103
9482	0	0	102	2	0	104
9483	101	0	2	2	0	105
9484	107	0	1	0	0	108
9485	3	0	0	103	0	106
9486	106	0	0	2	0	108
9487	2	109	1	1	0	113
9488	113	2	0	0	0	115
9489	2	1	108	0	0	111
9490	1	0	2	106	0	109
9491	0	110	1	2	0	113
9492	108	2	0	1	0	111
9493	2	1	0	112	0	115
9494	1	1	109	3	0	114
9495	0	0	2	108	0	110
9496	106	0	1	2	0	109
9497	1	0	106	1	0	108
9498	1	0	2	107	0	110
9499	0	0	1	109	0	110
9500	0	0	109	3	0	112
9501	0	102	2	1	0	105
9502	1	88	1	2	0	92
9503	0	3	0	110	0	113
9504	1	1	0	109	0	111
9505	0	0	0	112	0	112
9506	113	0	1	2	0	116
9507	113	1	0	1	0	115
9508	2	1	0	112	0	115
9509	110	0	0	2	0	112
9510	1	116	0	2	0	119
9511	1	1	0	117	0	119
9512	0	0	0	119	0	119
9513	0	1	0	119	0	120
9514	116	0	0	3	0	119
9515	2	112	0	1	0	115
9516	1	2	0	114	0	117
9517	112	0	0	2	0	114
9518	2	0	0	114	0	116
9519	1	0	0	117	0	118
9520	0	107	0	3	0	110
9521	0	116	0	2	0	118
9522	0	1	0	114	0	115
9523	1	1	0	120	0	122
9524	116	0	0	3	0	119
9525	1	0	1	116	0	118
9526	2	1	117	1	0	121
9527	0	0	2	116	0	118
9528	0	114	2	1	0	117
9529	117	1	0	1	0	119
9530	2	1	0	118	0	121
9531	1	0	0	113	0	114
9532	1	113	0	2	0	116
9533	106	0	1	0	0	107
9534	1	113	0	0	0	114
9535	1	0	0	113	0	114
9536	0	0	114	0	0	114
9537	0	1	2	107	0	110
9538	102	0	2	1	0	105
9539	1	104	0	0	0	105
9540	0	1	0	102	0	103
9541	0	101	0	0	0	101
9542	0	1	0	102	0	103
9543	0	0	102	1	0	103
9544	1	0	1	104	0	106
9545	0	1	0	104	0	105
9546	0	0	0	107	0	107
9547	104	0	0	2	0	106
9548	103	0	0	0	0	103
9549	0	102	0	0	0	102
9550	100	1	0	1	0	102
9551	1	100	0	0	0	101
9552	0	102	0	0	0	102
9553	99	1	0	0	0	100
9554	1	0	94	0	0	95
9555	0	0	1	93	0	94
9556	0	0	0	98	0	98
9557	0	0	0	96	0	96
9558	95	0	0	1	0	96
9559	1	94	0	0	0	95
9560	0	1	0	93	0	94
9561	0	83	0	4	0	87
9562	93	1	0	0	0	94
9563	1	0	0	87	0	88
9564	0	0	0	109	0	109
9565	0	124	0	1	0	125
9566	0	1	0	134	0	135
9567	0	0	0	133	0	133
9568	129	0	0	2	0	131
9569	1	120	0	1	0	122
9570	1	132	0	0	0	133
9571	0	2	0	129	0	131
9572	0	1	124	1	0	126
9573	0	1	122	1	0	124
9574	0	0	2	121	0	123
9575	0	0	122	1	0	123
9576	1	0	1	124	0	126
9577	1	0	2	117	0	120
9578	1	0	0	124	0	125
9579	121	0	0	1	0	122
9580	1	0	0	115	0	116
9581	1	0	0	112	0	113
9582	0	119	1	1	0	121
9583	0	1	1	122	0	124
9584	0	1	119	2	0	122
9585	0	0	2	119	0	121
9586	0	0	1	121	0	122
9587	113	0	0	2	0	115
9588	1	0	0	118	0	119
9589	2	0	0	114	0	116
9590	0	0	0	119	0	119
9591	113	1	0	3	0	117
9592	1	116	0	1	0	118
9593	2	0	0	116	0	118
9594	0	1	0	116	0	117
9595	0	0	112	3	0	115
9596	0	0	0	114	0	114
9597	110	0	1	1	0	112
9598	1	115	0	2	0	118
9599	1	1	0	115	0	117
9600	0	1	0	116	0	117
9601	1	0	112	2	0	115
9602	106	1	1	3	0	111
9603	1	110	2	1	0	114
9604	115	1	0	1	0	117
9605	1	1	0	113	0	115
9606	2	0	0	112	0	114
9607	1	0	0	116	0	117
9608	0	1	0	117	0	118
9609	116	0	0	2	0	118
9610	1	0	0	111	0	112
9611	1	110	1	1	0	113
9612	0	1	0	113	0	114
9613	0	2	0	115	0	117
9614	114	0	0	2	0	116
9615	1	114	0	2	0	117
9616	1	0	0	118	0	119
9617	114	1	0	2	0	117
9618	116	0	0	2	0	118
9619	3	0	0	114	0	117
9620	1	0	114	1	0	116
9621	115	1	0	1	0	117
9622	2	0	1	113	0	116
9623	1	0	109	2	0	112
9624	2	0	1	108	0	111
9625	0	1	1	110	0	112
9626	0	0	0	109	0	109
9627	1	116	0	1	0	118
9628	1	1	0	119	0	121
9629	1	1	0	116	0	118
9630	0	0	1	122	0	123
9631	1	0	0	115	0	116
9632	0	0	0	120	0	120
9633	0	0	1	118	0	119
9634	115	0	0	3	0	118
9635	1	0	108	2	0	111
9636	1	101	0	0	0	102
9637	99	0	1	0	0	100
9638	0	102	0	1	0	103
9639	100	0	0	1	0	101
9640	0	1	0	101	0	102
9641	105	0	0	1	0	106
9642	0	0	0	101	0	101
9643	1	0	0	98	0	99
9644	1	101	0	1	0	103
9645	99	0	1	1	0	101
9646	0	2	102	0	0	104
9647	1	0	0	100	0	101
9648	0	1	104	0	0	105
9649	1	0	97	1	0	99
9650	101	0	1	2	0	104
9651	2	0	1	108	0	111
9652	1	0	108	1	0	110
9653	0	0	117	2	0	119
9654	0	1	1	113	0	115
9655	1	0	1	122	0	124
9656	121	0	1	2	0	124
9657	0	0	0	126	0	126
9658	1	0	137	0	0	138
9659	0	0	1	138	0	139
9660	2	0	1	139	0	142
9661	0	142	0	2	0	144
9662	140	0	1	2	0	143
9663	0	141	1	0	0	142
9664	120	0	0	2	0	122
9665	0	100	0	1	0	101
9666	0	95	0	0	0	95
9667	0	0	0	94	0	94
9668	0	0	0	93	0	93
9669	0	0	0	91	0	91
9670	89	0	0	0	0	89
9671	0	0	91	0	0	91
9672	0	0	0	91	0	91
9673	88	0	1	0	0	89
9674	0	87	0	0	0	87
9675	0	87	0	0	0	87
9676	0	0	0	92	0	92
9677	0	0	0	90	0	90
9678	1	0	0	87	0	88
9679	0	92	0	0	0	92
9680	0	0	0	92	0	92
9681	0	0	87	0	0	87
9682	2	0	81	0	0	83
9683	81	0	0	1	0	82
9684	0	0	0	85	0	85
9685	83	0	0	1	0	84
9686	84	0	0	0	0	84
9687	0	83	0	0	0	83
9688	83	0	0	1	0	84
9689	85	0	0	1	0	86
9690	1	0	0	85	0	86
9691	0	0	0	89	0	89
9692	0	0	96	0	0	96
9693	0	102	0	0	0	102
9694	0	0	0	94	0	94
9695	0	0	0	103	0	103
9696	102	0	0	1	0	103
9697	0	0	0	100	0	100
9698	106	0	0	0	0	106
9699	0	0	0	108	0	108
9700	0	108	0	0	0	108
9701	111	0	0	1	0	112
9702	0	0	0	122	0	122
9703	0	0	0	128	0	128
9704	0	0	0	141	0	141
9705	0	0	138	4	0	142
9706	1	0	2	145	0	148
9707	146	0	2	3	0	151
9708	2	0	0	161	0	163
9709	2	0	0	175	0	177
9710	1	0	0	172	0	173
9711	0	172	0	5	0	177
9712	0	174	0	2	0	176
9713	174	5	0	0	0	179
9714	4	172	0	0	0	176
9715	172	4	0	1	0	177
9716	175	2	0	2	0	179
9717	185	0	0	2	0	187
9718	6	1	177	1	0	185
9719	2	184	4	1	0	191
9720	186	5	2	1	0	194
9721	4	3	0	189	0	196
9722	3	0	0	194	0	197
9723	0	1	0	191	0	192
9724	1	187	0	5	0	193
9725	1	4	0	190	0	195
9726	189	2	0	4	0	195
9727	4	0	1	191	0	196
9728	2	1	0	192	0	195
9729	1	0	186	6	0	193
9730	0	0	186	3	0	189
9731	1	0	4	183	0	188
9732	1	0	1	186	0	188
9733	0	189	0	7	0	196
9734	0	3	0	187	0	190
9735	2	2	0	193	0	197
9736	0	0	0	195	0	195
9737	185	0	0	8	0	193
9738	4	0	190	1	0	195
9739	2	0	5	193	0	200
9740	195	0	2	5	0	202
9741	195	0	0	4	0	199
9742	3	1	0	191	0	195
9743	2	0	0	198	0	200
9744	194	0	0	7	0	201
9745	3	196	0	3	0	202
9746	3	197	0	1	0	201
9747	0	6	1	200	0	207
9748	198	2	0	5	0	205
9749	202	1	0	3	0	206
9750	206	0	0	1	0	207
9751	6	1	202	1	0	210
9752	194	0	4	2	0	200
9753	5	0	196	0	0	201
9754	192	1	4	1	0	198
9755	4	198	3	0	0	205
9756	1	4	195	1	0	201
9757	2	1	4	194	0	201
9758	1	0	191	5	0	197
9759	1	0	4	190	0	195
9760	188	0	3	5	0	196
9761	5	1	190	2	0	198
9762	2	0	5	188	0	195
9763	2	203	1	4	0	210
9764	0	4	0	212	0	216
9765	0	2	1	209	0	212
9766	1	0	1	210	0	212
9767	205	1	2	6	0	214
9768	210	0	0	6	0	216
9769	7	0	0	209	0	216
9770	2	1	211	4	0	218
9771	0	0	204	4	0	208
9772	0	1	6	208	0	215
9773	0	0	227	6	0	233
9774	3	0	4	223	0	230
9775	0	1	3	221	0	225
9776	2	0	0	226	0	228
9777	1	221	0	7	0	229
9778	1	223	0	3	0	227
9779	0	5	1	227	0	233
9780	0	2	0	225	0	227
9781	1	0	0	230	0	231
9782	222	0	1	6	0	229
9783	4	1	228	2	0	235
9784	2	0	4	226	0	232
9785	227	0	2	4	0	233
9786	5	229	0	2	0	236
9787	3	5	0	231	0	239
9788	0	2	1	237	0	240
9789	2	0	0	235	0	237
9790	0	0	1	234	0	235
9791	2	1	221	5	0	229
9792	209	1	5	0	0	215
9793	224	0	2	3	0	229
9794	6	0	219	1	0	226
9795	219	1	5	2	0	227
9796	228	0	1	1	0	230
9797	7	0	223	0	0	230
9798	1	235	5	1	0	242
9799	0	6	1	235	0	242
9800	1	1	254	4	0	260
9801	1	243	5	2	0	251
9802	2	2	235	1	0	240
9803	0	228	3	3	0	234
9804	6	4	2	215	0	227
9805	2	0	216	3	0	221
9806	0	1	4	208	0	213
9807	0	1	225	3	0	229
9808	1	213	4	1	0	219
9809	195	1	1	1	0	198
9810	0	197	1	0	0	198
9811	0	207	0	1	0	208
9812	1	0	0	209	0	210
9813	0	1	0	210	0	211
9814	1	0	0	211	0	212
9815	1	0	0	207	0	208
9816	2	0	0	208	0	210
9817	0	0	242	1	0	243
9818	0	0	1	233	0	234
9819	0	0	1	248	0	249
9820	250	0	0	2	0	252
9821	249	0	1	3	0	253
9822	254	0	0	1	0	255
9823	0	0	0	257	0	257
9824	284	0	0	2	0	286
9825	308	0	0	0	0	308
9826	317	1	0	2	0	320
9827	4	0	311	1	0	316
9828	302	0	4	2	0	308
9829	319	0	0	1	0	320
9830	322	0	0	0	0	322
9831	4	0	1	319	0	324
9832	0	0	327	5	0	332
9833	1	0	4	316	0	321
9834	333	1	0	5	0	339
9835	4	0	0	347	0	351
9836	0	367	0	4	0	371
9837	0	4	0	380	0	384
9838	374	0	0	6	0	380
9839	377	0	1	1	0	379
9840	377	0	0	1	0	378
9841	5	1	391	0	0	397
9842	1	0	6	384	0	391
9843	2	0	0	399	0	401
9844	1	0	395	4	0	400
9845	1	395	5	0	0	401
9846	0	5	396	1	0	402
9847	0	0	5	406	0	411
9848	407	0	0	7	0	414
9849	7	0	422	0	0	429
9850	1	0	4	432	0	437
9851	1	1	427	3	0	432
9852	430	0	4	2	0	436
9853	6	0	0	434	0	440
9854	2	0	457	4	0	463
9855	2	0	4	450	0	456
9856	0	0	466	4	0	470
9857	1	470	4	1	0	476
9858	2	4	0	467	0	473
9859	472	0	1	5	0	478
9860	4	1	0	471	0	476
9861	0	0	1	468	0	469
9862	465	0	0	7	0	472
9863	7	443	0	0	0	450
9864	1	464	1	1	0	467
9865	1	5	0	467	0	473
9866	0	462	2	5	0	469
9867	2	4	0	466	0	472
9868	1	0	0	469	0	470
9869	468	0	2	7	0	477
9870	4	471	2	1	0	478
9871	0	4	459	1	0	464
9872	0	473	4	2	0	479
9873	464	3	2	2	0	471
9874	471	2	1	0	0	474
9875	5	0	1	470	0	476
9876	476	0	1	8	0	485
9877	7	0	0	476	0	483
9878	469	1	1	6	0	477
9879	479	1	1	3	0	484
9880	6	0	1	500	0	507
9881	501	1	1	6	0	509
9882	4	1	493	3	0	501
9883	485	0	6	3	0	494
9884	7	0	2	503	0	512
9885	502	1	1	6	0	510
9886	5	508	0	2	0	515
9887	4	5	0	507	0	516
9888	2	2	0	509	0	513
9889	509	1	2	6	0	518
9890	5	1	501	5	0	512
9891	5	504	4	0	0	513
9892	2	5	1	504	0	512
9893	1	494	1	7	0	503
9894	2	4	1	512	0	519
9895	2	2	0	503	0	507
9896	5	0	1	507	0	513
9897	499	1	2	12	0	514
9898	8	1	1	497	0	507
9899	493	1	0	10	0	504
9900	495	0	1	6	0	502
9901	9	2	1	493	0	505
9902	498	0	1	7	0	506
9903	485	1	3	5	0	494
9904	8	0	491	3	0	502
9905	3	0	5	480	0	488
9906	485	2	3	8	0	498
9907	6	483	1	4	0	494
9908	494	4	2	0	0	500
9909	493	2	0	5	0	500
9910	9	0	494	1	0	504
9911	1	1	7	477	0	486
9912	511	1	1	12	0	525
9913	4	0	1	528	0	533
9914	4	1	1	546	0	552
9915	3	1	1	547	0	552
9916	3	1	2	583	0	589
9917	573	0	0	15	0	588
9918	14	1	582	3	0	600
9919	5	2	11	599	0	617
9920	0	0	670	15	0	685
9921	1	2	706	4	0	713
9922	686	1	21	6	0	714
9923	21	2	733	3	0	759
9924	12	697	21	2	0	732
9925	702	18	12	2	0	734
9926	705	6	2	4	0	717
9927	26	0	1	705	0	732
9928	9	1	711	18	0	739
9929	2	2	710	6	0	720
9930	726	0	21	3	0	750
9931	22	0	8	740	0	770
9932	738	2	2	20	0	762
9933	19	764	5	7	0	795
9934	767	18	3	4	0	792
9935	765	7	1	2	0	775
9936	26	733	1	3	0	763
9937	14	18	0	737	0	769
9938	727	9	2	22	0	760
9939	20	3	730	7	0	760
9940	11	730	19	0	0	760
9941	7	19	7	727	0	760
9942	735	7	2	24	0	768
9943	24	744	2	8	0	778
9944	755	21	5	3	0	784
9945	22	12	732	6	0	772
9946	731	0	19	7	0	757
9947	22	5	741	1	0	769
9948	722	3	20	7	0	752
9949	736	0	11	3	0	750
9950	28	2	723	0	0	753
9951	11	727	20	2	0	760
9952	7	18	11	710	0	746
9953	9	6	727	18	0	760
9954	3	724	23	10	0	760
9955	6	22	8	715	0	751
9956	4	11	3	741	0	759
9957	6	1	713	30	0	750
9958	6	2	21	707	0	736
9959	11	4	9	724	0	748
9960	3	1	709	31	0	744
9961	4	1	24	705	0	734
9962	2	714	9	15	0	740
9963	717	22	1	15	0	755
9964	24	8	3	706	0	741
9965	10	714	3	20	0	747
9966	5	24	3	692	0	724
9967	4	748	1	17	0	770
9968	5	22	740	10	0	777
9969	4	744	20	7	0	775
9970	731	22	5	7	0	765
9971	739	9	4	8	0	760
9972	748	2	5	6	0	761
9973	28	3	748	3	0	782
9974	13	6	739	1	0	759
9975	8	758	25	2	0	793
9976	13	22	9	730	0	774
9977	3	763	9	21	0	796
9978	13	24	7	705	0	749
9979	5	768	8	19	0	800
9980	746	29	5	12	0	792
9981	837	14	1	6	0	858
9982	39	2	2	846	0	889
9983	11	7	840	28	0	886
9984	834	6	30	12	0	882
9985	33	840	13	4	0	890
9986	19	31	3	837	0	890
9987	13	8	7	839	0	867
9988	11	848	6	34	0	899
9989	853	36	9	12	0	910
9990	31	17	845	6	0	899
9991	21	2	32	847	0	902
9992	833	11	13	30	0	887
9993	856	9	1	18	0	884
9994	42	840	9	4	0	895
9995	22	31	7	815	0	875
9996	6	846	7	26	0	885
9997	851	27	6	16	0	900
9998	38	16	839	3	0	896
9999	15	7	862	9	0	893
10000	13	12	42	811	0	878
10001	15	7	13	826	0	861
10002	13	817	7	34	0	871
10003	13	34	13	819	0	879
10004	9	13	816	34	0	872
10005	800	5	33	24	0	862
10006	36	8	13	820	0	877
10007	14	11	811	35	0	871
10008	12	4	33	809	0	858
10009	11	5	14	817	0	847
10010	8	803	7	38	0	856
10011	7	37	7	809	0	860
10012	8	10	4	816	0	838
10013	6	4	10	805	0	825
10014	744	8	3	43	0	798
10015	30	715	5	18	0	768
10016	13	723	5	11	0	752
10017	684	31	3	13	0	731
10018	682	10	5	11	0	708
10019	29	635	4	7	0	675
10020	7	585	2	4	0	598
10021	508	16	1	3	0	528
10022	17	511	0	2	0	530
10023	4	498	0	3	0	505
10024	482	18	1	3	0	504
10025	19	479	0	0	0	498
10026	476	16	3	2	0	497
10027	470	6	1	4	0	481
10028	479	3	1	2	0	485
10029	15	464	1	3	0	483
10030	7	459	1	0	0	467
10031	7	15	1	445	0	468
10032	6	446	2	12	0	466
10033	5	20	0	441	0	466
10034	452	7	0	16	0	475
10035	16	3	1	447	0	467
10036	4	453	1	15	0	473
10037	438	15	2	8	0	463
10038	20	431	0	5	0	456
10039	6	456	0	7	0	469
10040	7	24	1	427	0	459
10041	5	431	4	15	0	455
10042	423	20	1	5	0	449
10043	16	9	407	4	0	436
10044	6	412	12	5	0	435
10045	6	20	4	410	0	440
10046	4	6	408	17	0	435
10047	3	6	17	406	0	432
10048	6	7	3	413	0	429
10049	2	3	4	422	0	431
10050	5	4	7	408	0	424
10051	3	3	396	22	0	424
10052	1	395	14	12	0	422
10053	386	11	5	13	0	415
10054	12	6	384	9	0	411
10055	375	3	16	12	0	406
10056	17	5	385	5	0	412
10057	8	1	17	387	0	413
10058	2	3	391	18	0	414
10059	8	3	397	7	0	415
10060	4	5	18	384	0	411
10061	6	0	6	379	0	391
10062	3	4	11	391	0	409
10063	7	4	5	389	0	405
10064	386	1	4	22	0	413
10065	13	2	386	11	0	412
10066	377	5	13	13	0	408
10067	388	2	4	12	0	406
10068	390	5	3	6	0	404
10069	392	1	4	7	0	404
10070	395	2	2	5	0	404
10071	23	2	3	375	0	403
10072	12	2	359	16	0	389
10073	11	2	351	2	0	366
10074	9	346	13	4	0	372
10075	325	14	3	6	0	348
10076	16	8	6	319	0	349
10077	9	8	2	321	0	340
10078	7	319	2	12	0	340
10079	3	316	4	8	0	331
10080	5	312	3	4	0	324
10081	238	9	2	2	0	251
10082	7	7	0	199	0	213
10083	2	200	0	8	0	210
10084	2	5	1	203	0	211
10085	0	3	200	8	0	211
10086	2	5	207	1	0	215
10087	3	1	6	227	0	237
10088	238	1	3	10	0	252
10089	253	1	2	3	0	259
10090	255	1	0	5	0	261
10091	11	1	254	2	0	268
10092	6	1	11	248	0	266
10093	3	0	3	268	0	274
10094	1	1	261	11	0	274
10095	255	1	10	4	0	270
10096	12	1	260	3	0	276
10097	4	0	263	0	0	267
10098	3	0	264	2	0	269
10099	1	0	11	252	0	264
10100	1	2	4	263	0	270
10101	0	1	269	11	0	281
10102	2	1	10	255	0	268
10103	274	0	3	10	0	287
10104	8	1	5	277	0	291
10105	1	1	284	12	0	298
10106	2	1	306	4	0	313
10107	2	0	12	302	0	316
10108	314	1	5	12	0	332
10109	13	329	4	3	0	349
10110	339	10	1	5	0	355
10111	356	1	1	3	0	361
10112	11	4	361	1	0	377
10113	6	0	13	358	0	377
10114	363	0	3	16	0	382
10115	362	1	5	4	0	372
10116	15	363	2	4	0	384
10117	7	12	3	360	0	382
10118	5	1	3	381	0	390
10119	3	3	370	15	0	391
10120	5	0	14	358	0	377
10121	2	1	366	17	0	386
10122	3	2	378	4	0	387
10123	4	1	9	367	0	381
10124	363	2	4	17	0	386
10125	12	359	4	5	0	380
10126	355	10	3	8	0	376
10127	367	1	6	3	0	377
10128	12	355	4	4	0	375
10129	7	13	3	345	0	368
10130	343	2	2	13	0	360
10131	14	343	0	3	0	360
10132	334	10	2	3	0	349
10133	9	320	2	3	0	334
10134	3	9	3	316	0	331
10135	6	0	2	324	0	332
10136	302	2	2	12	0	318
10137	309	1	1	4	0	315
10138	8	311	0	2	0	321
10139	4	8	307	2	0	321
10140	2	5	309	1	0	317
10141	3	1	10	286	0	300
10142	2	308	3	10	0	323
10143	1	10	2	313	0	326
10144	4	1	2	315	0	322
10145	6	1	2	312	0	321
10146	1	4	325	10	0	340
10147	5	0	325	2	0	332
10148	3	331	10	3	0	347
10149	2	11	1	327	0	341
10150	4	0	1	350	0	355
10151	3	3	338	10	0	354
10152	308	2	11	3	0	324
10153	13	2	2	337	0	354
10154	5	1	341	13	0	360
10155	322	2	11	5	0	340
10156	11	341	4	3	0	359
10157	5	10	362	2	0	379
10158	4	2	9	364	0	379
10159	354	2	4	18	0	378
10160	13	1	374	2	0	390
10161	5	3	11	380	0	399
10162	6	2	4	385	0	397
10163	1	3	1	408	0	413
10164	408	0	5	13	0	426
10165	11	396	3	7	0	417
10166	1	11	3	398	0	413
10167	3	0	397	13	0	413
10168	4	4	11	382	0	401
10169	4	382	3	12	0	401
10170	3	404	4	5	0	416
10171	399	10	6	6	0	421
10172	414	3	4	4	0	425
10173	15	0	397	6	0	418
10174	390	1	10	5	0	406
10175	11	398	2	0	0	411
10176	399	11	1	5	0	416
10177	15	1	2	395	0	413
10178	0	5	407	12	0	424
10179	5	0	9	401	0	415
10180	3	5	400	11	0	419
10181	396	1	15	5	0	417
10182	14	2	1	409	0	426
10183	3	414	1	13	0	431
10184	3	12	1	419	0	435
10185	6	3	423	10	0	442
10186	4	412	12	2	0	430
10187	386	9	3	9	0	407
10188	7	368	4	3	0	382
10189	4	368	0	2	0	374
10190	0	12	2	360	0	374
10191	3	372	1	8	0	384
10192	4	8	0	374	0	386
10193	0	2	372	7	0	381
10194	354	0	5	2	0	361
10195	372	2	1	4	0	379
10196	8	3	370	2	0	383
10197	347	0	6	6	0	359
10198	6	362	3	1	0	372
10199	367	5	1	5	0	378
10200	6	1	1	371	0	379
10201	2	2	376	4	0	384
10202	3	390	6	1	0	400
10203	1	8	1	387	0	397
10204	3	1	1	393	0	398
10205	373	1	1	9	0	384
10206	356	1	1	1	0	359
10207	6	353	1	1	0	361
10208	1	323	0	3	0	327
10209	0	320	1	3	0	324
10210	5	5	1	315	0	326
10211	309	0	1	3	0	313
10212	303	0	0	1	0	304
10213	3	0	0	300	0	303
10214	2	0	0	294	0	296
10215	296	0	0	2	0	298
10216	1	0	0	303	0	304
10217	0	0	311	2	0	313
10218	301	0	1	1	0	303
10219	312	0	0	0	0	312
10220	2	0	317	1	0	320
10221	322	0	2	0	0	324
10222	2	1	0	333	0	336
10223	0	0	0	330	0	330
10224	0	0	1	330	0	331
10225	325	0	0	2	0	327
10226	2	337	0	0	0	339
10227	0	3	0	339	0	342
10228	2	332	0	1	0	335
10229	338	2	0	0	0	340
10230	4	0	1	330	0	335
10231	1	0	0	338	0	339
10232	1	341	0	2	0	344
10233	1	3	336	0	0	340
10234	2	0	3	337	0	342
10235	335	0	0	4	0	339
10236	367	0	0	2	0	369
10237	5	0	406	0	0	411
10238	1	0	8	426	0	435
10239	0	430	2	9	0	441
10240	2	9	2	437	0	450
10241	432	2	0	11	0	445
10242	434	1	1	3	0	439
10243	11	2	0	430	0	443
10244	6	418	0	8	0	432
10245	459	9	0	2	0	470
10246	10	4	0	473	0	487
10247	473	2	0	11	0	486
10248	502	2	0	4	0	508
10249	13	0	0	507	0	520
10250	6	0	1	512	0	519
10251	5	1	0	514	0	520
10252	3	511	0	14	0	528
10253	2	11	1	518	0	532
10254	5	2	0	520	0	527
10255	2	4	494	15	0	515
10256	4	1	497	6	0	508
10257	4	0	13	491	0	508
10258	486	0	6	15	0	507
10259	12	486	5	4	0	507
10260	476	12	1	5	0	494
10261	14	3	473	5	0	495
10262	6	4	474	1	0	485
10263	3	481	12	2	0	498
10264	2	10	7	486	0	505
10265	1	2	491	11	0	505
10266	1	3	518	4	0	526
10267	2	1	12	516	0	531
10268	511	1	5	14	0	531
10269	515	0	3	3	0	521
10270	13	1	1	510	0	525
10271	5	0	565	13	0	583
10272	4	0	10	575	0	589
10273	2	1	3	584	0	590
10274	0	584	3	14	0	601
10275	579	11	1	6	0	597
10276	587	2	1	6	0	596
10277	13	591	1	3	0	608
10278	5	10	2	580	0	597
10279	4	584	1	10	0	599
10280	584	13	1	7	0	605
10281	11	4	576	2	0	593
10282	3	2	555	2	0	562
10283	4	2	570	0	0	576
10284	3	2	17	559	0	581
10285	2	0	7	572	0	581
10286	567	3	3	13	0	586
10287	13	0	2	568	0	583
10288	3	1	2	589	0	595
10289	4	0	633	14	0	651
10290	4	0	625	6	0	635
10291	600	0	12	7	0	619
10292	11	614	6	2	0	633
10293	630	10	3	4	0	647
10294	12	2	2	632	0	648
10295	4	3	1	629	0	637
10296	4	618	3	11	0	636
10297	2	11	2	628	0	643
10298	613	3	1	15	0	632
10299	11	6	1	611	0	629
10300	7	3	626	12	0	648
10301	5	609	11	5	0	630
10302	601	11	4	4	0	620
10303	617	4	3	7	0	631
10304	619	3	2	6	0	630
10305	622	1	1	3	0	627
10306	15	0	3	610	0	628
10307	9	0	2	614	0	625
10308	7	1	606	13	0	627
10309	4	0	11	607	0	622
10310	1	1	605	16	0	623
10311	3	1	12	605	0	621
10312	599	1	5	17	0	622
10313	8	632	2	8	0	650
10314	5	11	1	634	0	651
10315	3	4	3	651	0	661
10316	640	2	1	14	0	657
10317	621	4	2	13	0	640
10318	13	0	628	7	0	648
10319	6	637	11	2	0	656
10320	6	10	2	635	0	653
10321	3	3	5	631	0	642
10322	617	4	3	16	0	640
10323	622	2	2	6	0	632
10324	13	1	614	7	0	635
10325	9	1	609	2	0	621
10326	10	1	13	591	0	615
10327	7	0	5	611	0	623
10328	3	0	599	13	0	615
10329	581	1	10	8	0	600
10330	11	0	3	607	0	621
10331	598	0	4	13	0	615
10332	11	594	3	6	0	614
10333	608	8	3	5	0	624
10334	11	4	653	5	0	673
10335	5	645	10	3	0	663
10336	4	631	3	3	0	641
10337	588	3	7	2	0	600
10338	565	1	0	4	0	570
10339	4	1	0	558	0	563
10340	0	556	3	3	0	562
10341	1	562	1	0	0	564
10342	3	2	1	562	0	568
10343	557	1	1	8	0	567
10344	553	2	0	3	0	558
10345	4	0	534	0	0	538
10346	500	0	3	2	0	505
10347	5	533	0	0	0	538
10348	534	8	0	6	0	548
10349	9	661	2	1	0	673
10350	0	722	1	0	0	723
10351	1	23	0	777	0	801
10352	809	4	1	30	0	844
10353	830	0	1	7	0	838
10354	35	1	801	5	0	842
10355	11	2	29	802	0	844
10356	800	0	5	36	0	841
10357	34	2	6	806	0	848
10358	809	2	1	35	0	847
10359	823	0	4	13	0	840
10360	39	3	794	9	0	845
10361	20	2	29	774	0	825
10362	11	0	8	802	0	821
10363	10	0	5	804	0	819
10364	9	0	758	41	0	808
10365	1	1	34	767	0	803
10366	7	1	4	779	0	791
10367	5	745	8	36	0	794
10368	2	29	743	15	0	789
10369	4	747	32	14	0	797
10370	742	35	6	8	0	791
10371	36	5	6	696	0	743
10372	8	8	6	702	0	724
10373	7	690	5	38	0	740
10374	693	33	0	18	0	744
10375	713	8	2	11	0	734
10376	108	619	4	9	0	740
10377	17	712	0	7	0	736
10378	707	38	3	5	0	753
10379	35	11	692	5	0	743
10380	10	11	704	6	0	731
10381	674	3	33	4	0	714
10382	31	702	10	4	0	747
10383	714	32	7	5	0	758
10384	35	10	706	6	0	757
10385	718	11	30	6	0	765
10386	46	734	8	5	0	793
10387	16	36	9	742	0	803
10388	18	8	6	762	0	794
10389	12	8	4	722	0	746
10390	11	4	3	746	0	764
10391	13	7	3	719	0	742
10392	11	696	5	47	0	759
10393	713	31	3	19	0	766
10394	36	11	702	14	0	763
10395	11	9	36	717	0	773
10396	16	3	715	42	0	776
10397	7	6	39	709	0	761
10398	10	1	11	745	0	767
10399	704	1	14	50	0	769
10400	32	8	694	23	0	757
10401	14	700	33	15	0	762
10402	10	28	13	711	0	762
10403	10	10	9	738	0	767
10404	8	13	721	40	0	782
10405	8	4	34	727	0	773
10406	8	4	7	763	0	782
10407	704	4	12	43	0	763
10408	34	719	4	20	0	777
10409	718	35	4	13	0	770
10410	742	11	2	14	0	769
10411	42	12	5	715	0	774
10412	19	7	709	33	0	768
10413	12	5	722	15	0	754
10414	11	3	41	704	0	759
10415	10	3	15	702	0	730
10416	6	699	10	36	0	751
10417	698	33	6	17	0	754
10418	32	674	10	11	0	727
10419	10	720	4	7	0	741
10420	696	37	4	13	0	750
10421	38	18	5	674	0	735
10422	12	706	5	42	0	765
10423	8	36	5	718	0	767
10424	7	12	691	49	0	759
10425	12	10	722	16	0	760
10426	8	7	33	708	0	756
10427	7	11	715	35	0	768
10428	15	4	42	703	0	764
10429	5	4	13	736	0	758
10430	7	7	14	735	0	763
10431	692	2	8	55	0	757
10432	30	678	9	23	0	740
10433	10	713	4	22	0	749
10434	645	38	4	16	0	703
10435	670	14	8	7	0	699
10436	40	12	4	636	0	692
10437	14	8	645	41	0	708
10438	15	5	35	647	0	702
10439	9	2	651	46	0	708
10440	4	640	38	20	0	702
10441	9	32	5	662	0	708
10442	649	9	14	37	0	709
10443	34	10	7	658	0	709
10444	14	8	642	40	0	704
10445	628	7	30	17	0	682
10446	35	4	652	14	0	705
10447	17	3	642	7	0	669
10448	11	604	36	12	0	663
10449	5	469	13	9	0	496
10450	5	427	11	4	0	447
10451	318	12	14	5	0	349
10452	289	2	4	3	0	298
10453	1	1	0	300	0	302
10454	1	1	0	301	0	303
10455	1	1	0	306	0	308
10456	1	312	0	2	0	315
10457	314	0	0	3	0	317
10458	0	319	0	1	0	320
10459	1	0	0	316	0	317
10460	311	1	0	3	0	315
10461	0	1	0	318	0	319
10462	2	0	0	320	0	322
10463	323	1	0	2	0	326
10464	305	0	0	10	0	315
10465	2	1	317	0	0	320
10466	0	0	313	1	0	314
10467	0	0	335	1	0	336
10468	1	0	0	326	0	327
10469	1	0	1	328	0	330
10470	0	332	1	1	0	334
10471	337	0	1	3	0	341
10472	1	1	1	347	0	350
10473	1	0	0	352	0	353
10474	0	350	0	4	0	354
10475	0	378	0	1	0	379
10476	1	2	0	379	0	382
10477	0	1	0	414	0	415
10478	412	0	0	5	0	417
10479	413	1	0	3	0	417
10480	4	1	0	410	0	415
10481	4	0	414	4	0	422
10482	0	1	402	6	0	409
10483	3	1	4	407	0	415
10484	4	1	3	398	0	406
10485	0	398	2	6	0	406
10486	390	1	1	6	0	398
10487	3	3	2	386	0	394
10488	4	0	390	3	0	397
10489	1	0	1	396	0	398
10490	1	3	399	1	0	404
10491	2	1	409	3	0	415
10492	0	2	4	406	0	412
10493	410	0	4	4	0	418
10494	1	1	411	4	0	417
10495	4	1	2	407	0	414
10496	1	0	446	2	0	449
10497	4	0	2	441	0	447
10498	2	0	3	435	0	440
10499	1	0	436	4	0	441
10500	0	1	422	5	0	428
10501	1	0	6	405	0	412
10502	2	0	2	418	0	422
10503	1	1	1	427	0	430
10504	1	0	2	419	0	422
10505	413	1	2	7	0	423
10506	413	0	0	7	0	420
10507	4	412	0	3	0	419
10508	414	2	2	5	0	423
10509	3	3	1	409	0	416
10510	409	0	0	4	0	413
10511	3	1	400	4	0	408
10512	397	1	0	7	0	405
10513	2	0	3	398	0	403
10514	4	0	1	402	0	407
10515	403	0	1	7	0	411
10516	3	1	2	433	0	439
10517	6	0	448	7	0	461
10518	440	1	5	13	0	459
10519	5	460	4	1	0	470
10520	6	3	2	479	0	490
10521	1	4	523	7	0	535
10522	0	0	6	517	0	523
10523	1	0	519	7	0	527
10524	2	1	6	508	0	517
10525	1	510	4	10	0	525
10526	4	4	2	516	0	526
10527	1	539	2	10	0	552
10528	2	8	2	513	0	525
10529	3	3	2	556	0	564
10530	2	1	2	564	0	569
10531	0	3	2	564	0	569
10532	3	1	3	557	0	564
10533	1	1	547	19	0	568
10534	1	1	11	554	0	567
10535	4	2	8	551	0	565
10536	537	2	0	26	0	565
10537	10	548	0	10	0	568
10538	554	13	2	4	0	573
10539	15	8	2	548	0	573
10540	6	0	554	17	0	577
10541	2	548	13	15	0	578
10542	544	13	8	10	0	575
10543	12	541	3	5	0	561
10544	8	552	3	5	0	568
10545	542	17	0	7	0	566
10546	14	8	2	576	0	600
10547	578	4	0	25	0	607
10548	24	2	0	569	0	595
10549	7	2	573	24	0	606
10550	1	3	578	9	0	591
10551	548	3	26	6	0	583
10552	576	2	6	5	0	589
10553	27	3	1	549	0	580
10554	10	3	1	567	0	581
10555	546	2	1	30	0	579
10556	19	537	4	9	0	569
10557	12	562	2	3	0	579
10558	545	25	2	5	0	577
10559	556	7	4	6	0	573
10560	24	548	4	4	0	580
10561	14	18	2	547	0	581
10562	4	6	545	20	0	575
10563	2	2	552	11	0	567
10564	534	1	23	6	0	564
10565	21	1	543	4	0	569
10566	11	5	20	528	0	564
10567	5	4	8	524	0	541
10568	6	526	3	23	0	558
10569	527	21	2	9	0	559
10570	25	8	1	513	0	547
10571	10	1	505	24	0	540
10572	2	512	19	10	0	543
10573	3	19	8	506	0	536
10574	6	9	510	18	0	543
10575	5	2	515	8	0	530
10576	3	491	24	4	0	522
10577	448	16	6	9	0	479
10578	19	470	0	6	0	495
10579	468	20	2	6	0	496
10580	20	7	462	3	0	492
10581	455	0	23	4	0	482
10582	19	465	8	2	0	494
10583	8	18	1	463	0	490
10584	2	6	3	484	0	495
10585	466	2	4	22	0	494
10586	20	2	468	7	0	497
10587	466	2	19	3	0	490
10588	476	7	7	4	0	494
10589	29	3	455	3	0	490
10590	7	4	471	6	0	488
10591	10	5	23	443	0	481
10592	453	3	7	22	0	485
10593	462	4	5	11	0	482
10594	25	453	5	4	0	487
10595	11	22	2	455	0	490
10596	6	8	5	444	0	463
10597	4	3	4	456	0	467
10598	14	0	2	461	0	477
10599	441	4	5	26	0	476
10600	27	3	3	443	0	476
10601	6	2	445	28	0	481
10602	8	0	453	7	0	468
10603	431	2	28	4	0	465
10604	27	431	3	3	0	464
10605	13	464	2	4	0	483
10606	3	22	6	457	0	488
10607	3	6	5	468	0	482
10608	7	1	2	472	0	482
10609	8	3	4	471	0	486
10610	7	5	459	26	0	497
10611	9	2	21	461	0	493
10612	6	1	8	474	0	489
10613	3	4	449	27	0	483
10614	429	2	18	12	0	461
10615	19	395	7	49	0	470
10616	409	15	4	3	0	431
10617	19	5	400	5	0	429
10618	8	1	387	3	0	399
10619	2	368	21	6	0	397
10620	334	17	18	6	0	375
10621	324	4	5	2	0	335
10622	311	1	1	2	0	315
10623	20	292	1	3	0	316
10624	286	15	1	4	0	306
10625	15	4	282	3	0	304
10626	3	283	12	3	0	301
10627	256	12	4	3	0	275
10628	11	267	0	4	0	282
10629	248	10	1	3	0	262
10630	249	0	3	4	0	256
10631	11	0	245	1	0	257
10632	1	243	11	0	0	255
10633	241	10	2	2	0	255
10634	11	1	242	0	0	254
10635	2	243	11	1	0	257
10636	1	11	4	225	0	241
10637	3	0	226	6	0	235
10638	1	2	228	0	0	231
10639	1	2	8	216	0	227
10640	211	1	0	10	0	222
10641	9	221	0	1	0	231
10642	1	9	217	1	0	228
10643	5	1	221	0	0	227
10644	208	0	10	1	0	219
10645	8	218	1	0	0	227
10646	180	1	0	1	0	182
10647	1	185	2	0	0	188
10648	185	2	2	0	0	189
10649	180	0	0	2	0	182
10650	1	179	2	0	0	182
10651	0	2	1	180	0	183
10652	203	0	0	2	0	205
10653	2	0	1	207	0	210
10654	0	2	0	225	0	227
10655	220	0	1	4	0	225
10656	1	223	1	0	0	225
10657	228	1	1	0	0	230
10658	2	1	226	1	0	230
10659	3	0	1	229	0	233
10660	0	3	0	227	0	230
10661	229	0	1	2	0	232
10662	231	0	1	1	0	233
10663	1	1	0	231	0	233
10664	1	1	229	3	0	234
10665	4	1	1	229	0	235
10666	2	2	0	230	0	234
10667	3	0	1	230	0	234
10668	2	0	2	227	0	231
10669	225	1	0	3	0	229
10670	3	0	224	3	0	230
10671	2	223	3	0	0	228
10672	1	1	1	232	0	235
10673	1	0	1	234	0	236
10674	2	0	228	2	0	232
10675	1	2	225	2	0	230
10676	1	0	1	233	0	235
10677	0	0	2	233	0	235
10678	1	0	226	5	0	232
10679	2	0	2	222	0	226
10680	225	1	2	2	0	230
10681	2	234	0	2	0	238
10682	1	1	225	4	0	231
10683	0	231	4	1	0	236
10684	2	2	2	239	0	245
10685	1	1	233	3	0	238
10686	1	235	2	3	0	241
10687	1	1	2	236	0	240
10688	1	0	238	2	0	241
10689	2	1	2	237	0	242
10690	2	2	0	244	0	248
10691	246	1	1	2	0	250
10692	2	1	1	247	0	251
10693	242	2	1	3	0	248
10694	233	0	0	6	0	239
10695	233	1	2	4	0	240
10696	2	2	0	236	0	240
10697	2	0	232	2	0	236
10698	0	1	223	3	0	227
10699	224	0	1	4	0	229
10700	1	0	229	1	0	231
10701	219	0	0	2	0	221
10702	1	227	2	1	0	231
10703	224	0	0	2	0	226
10704	2	1	224	0	0	227
10705	2	0	237	1	0	240
10706	1	0	2	234	0	237
10707	1	0	249	0	0	250
10708	1	0	249	1	0	251
10709	3	0	2	259	0	264
10710	3	0	2	270	0	275
10711	1	1	0	274	0	276
10712	1	279	0	1	0	281
10713	1	1	1	272	0	275
10714	0	281	2	1	0	284
10715	280	0	1	2	0	283
10716	276	2	1	1	0	280
10717	1	0	2	275	0	278
10718	1	275	1	3	0	280
10719	2	2	283	1	0	288
10720	281	1	2	1	0	285
10721	3	1	1	282	0	287
10722	0	2	0	283	0	285
10723	1	1	2	288	0	292
10724	278	1	0	6	0	285
10725	4	271	0	4	0	279
10726	2	280	0	4	0	286
10727	272	3	0	3	0	278
10728	4	276	1	0	0	281
10729	279	6	1	0	0	286
10730	276	3	0	5	0	284
10731	6	273	0	2	0	281
10732	2	5	0	276	0	283
10733	4	278	1	4	0	287
10734	4	5	0	272	0	281
10735	2	5	0	285	0	292
10736	286	2	0	7	0	295
10737	291	3	0	2	0	296
10738	7	1	0	294	0	302
10739	4	0	290	5	0	299
10740	288	0	4	1	0	293
10741	6	283	2	2	0	293
10742	2	5	1	292	0	300
10743	1	2	1	289	0	293
10744	2	1	1	291	0	295
10745	275	3	0	7	0	285
10746	278	1	0	3	0	282
10747	6	266	0	5	0	277
10748	1	271	2	2	0	276
10749	6	4	0	270	0	280
10750	4	2	0	274	0	280
10751	1	4	266	6	0	277
10752	0	2	6	258	0	266
10753	1	3	248	8	0	260
10754	1	0	228	8	0	237
10755	0	226	8	5	0	239
10756	5	5	2	224	0	236
10757	226	1	3	7	0	237
10758	6	1	2	221	0	230
10759	2	3	220	5	0	230
10760	222	1	4	4	0	231
10761	226	2	1	3	0	232
10762	6	0	225	4	0	235
10763	5	0	7	223	0	235
10764	223	1	2	6	0	232
10765	8	225	3	1	0	237
10766	228	5	2	2	0	237
10767	236	3	2	1	0	242
10768	7	2	1	231	0	241
10769	5	1	0	238	0	244
10770	238	1	2	7	0	248
10771	7	0	1	238	0	246
10772	2	1	238	8	0	249
10773	231	0	7	4	0	242
10774	243	1	3	4	0	251
10775	6	232	2	3	0	243
10776	2	242	2	4	0	250
10777	3	9	2	229	0	243
10778	4	241	1	5	0	251
10779	3	8	1	239	0	251
10780	239	3	0	6	0	248
10781	233	2	1	3	0	239
10782	5	229	1	5	0	240
10783	228	7	0	4	0	239
10784	9	225	2	1	0	237
10785	229	7	0	1	0	237
10786	232	3	1	1	0	237
10787	7	1	222	2	0	232
10788	218	3	5	1	0	227
10789	7	218	1	3	0	229
10790	5	217	1	0	0	223
10791	218	6	2	2	0	228
10792	8	1	3	215	0	227
10793	4	1	213	6	0	224
10794	3	3	6	215	0	227
10795	2	3	0	222	0	227
10796	1	1	209	9	0	220
10797	202	0	7	3	0	212
10798	7	215	1	3	0	226
10799	211	6	0	4	0	221
10800	11	0	2	210	0	223
10801	211	1	1	7	0	220
10802	8	211	1	2	0	222
10803	4	7	1	210	0	222
10804	207	1	0	10	0	218
10805	9	2	197	1	0	209
10806	4	2	184	3	0	193
10807	172	2	7	2	0	183
10808	9	173	1	2	0	185
10809	2	152	3	0	0	157
10810	4	9	3	142	0	158
10811	2	140	0	5	0	147
10812	1	10	0	147	0	158
10813	0	3	1	153	0	157
10814	0	2	0	151	0	153
10815	0	146	1	9	0	156
10816	0	7	1	141	0	149
10817	2	0	138	6	0	146
10818	1	132	5	1	0	139
10819	1	6	0	127	0	134
10820	1	124	0	5	0	130
10821	126	4	0	0	0	130
10822	125	1	0	1	0	127
10823	128	1	1	1	0	131
10824	5	126	1	1	0	133
10825	2	6	1	119	0	128
10826	1	0	124	3	0	128
10827	2	1	122	1	0	126
10828	114	3	3	0	0	120
10829	119	3	0	1	0	123
10830	4	0	0	122	0	126
10831	1	0	1	130	0	132
10832	0	0	131	5	0	136
10833	1	119	5	9	0	134
10834	2	121	0	0	0	123
10835	0	4	116	2	0	122
10836	1	0	4	108	0	113
10837	0	0	0	103	0	103
10838	1	0	0	112	0	113
10839	0	1	0	114	0	115
10840	110	0	0	4	0	114
10841	4	0	105	0	0	109
10842	100	0	4	0	0	104
10843	3	0	0	105	0	108
10844	106	0	0	3	0	109
10845	3	1	0	105	0	109
10846	0	1	104	3	0	108
10847	2	1	2	101	0	106
10848	0	1	106	3	0	110
10849	0	0	3	107	0	110
10850	0	0	110	4	0	114
10851	0	112	3	1	0	116
10852	0	4	0	112	0	116
10853	2	0	0	113	0	115
10854	0	117	0	3	0	120
10855	115	4	0	0	0	119
10856	3	0	0	115	0	118
10857	0	1	0	116	0	117
10858	116	0	0	3	0	119
10859	119	0	0	0	0	119
10860	122	0	0	0	0	122
10861	117	1	0	1	0	119
10862	3	0	113	1	0	117
10863	109	0	4	0	0	113
10864	116	0	1	0	0	117
10865	5	0	0	106	0	111
10866	1	0	0	108	0	109
10867	100	0	0	4	0	104
10868	3	102	0	1	0	106
10869	0	4	0	99	0	103
10870	0	1	103	2	0	106
10871	0	109	3	0	0	112
10872	109	3	0	0	0	112
10873	109	0	0	0	0	109
10874	107	0	0	0	0	107
10875	109	0	0	1	0	110
10876	2	0	0	105	0	107
10877	0	0	106	2	0	108
10878	0	2	116	0	0	118
10879	1	0	2	116	0	119
10880	125	0	2	3	0	130
10881	3	0	1	128	0	132
10882	2	0	124	4	0	130
10883	122	0	3	2	0	127
10884	128	0	3	1	0	132
10885	5	0	1	127	0	133
10886	4	0	134	3	0	141
10887	1	0	137	3	0	141
10888	131	0	6	1	0	138
10889	4	131	3	0	0	138
10890	2	2	137	0	0	141
10891	1	2	2	134	0	139
10892	143	1	3	2	0	149
10893	2	142	1	2	0	147
10894	3	141	0	1	0	145
10895	142	4	0	0	0	146
10896	2	2	1	143	0	148
10897	153	1	0	3	0	157
10898	4	0	0	155	0	159
10899	2	1	0	160	0	163
10900	1	1	158	4	0	164
10901	2	0	145	3	0	150
10902	0	0	162	2	0	164
10903	1	0	4	158	0	163
10904	160	0	3	3	0	166
10905	2	0	160	3	0	165
10906	2	0	3	157	0	162
10907	0	0	158	2	0	160
10908	0	161	5	2	0	168
10909	0	2	2	164	0	168
10910	2	2	1	165	0	170
10911	0	1	1	170	0	172
10912	165	0	0	6	0	171
10913	2	0	1	168	0	171
10914	3	1	0	168	0	172
10915	167	0	0	5	0	172
10916	2	1	162	4	0	169
10917	167	0	1	2	0	170
10918	167	0	2	1	0	170
10919	5	0	167	1	0	173
10920	165	0	1	1	0	167
10921	4	0	2	178	0	184
10922	2	0	183	2	0	187
10923	179	0	2	2	0	183
10924	180	0	2	1	0	183
10925	5	0	2	180	0	187
10926	4	0	0	183	0	187
10927	2	0	0	186	0	188
10928	178	0	1	4	0	183
10929	3	182	0	3	0	188
10930	174	1	0	1	0	176
10931	2	166	1	1	0	170
10932	2	161	0	1	0	164
10933	1	2	0	167	0	170
10934	1	3	0	163	0	167
10935	0	2	0	165	0	167
10936	1	0	0	162	0	163
10937	0	1	155	4	0	160
10938	155	1	1	3	0	160
10939	1	1	1	161	0	164
10940	2	0	167	2	0	171
10941	1	1	1	165	0	168
10942	0	0	2	171	0	173
10943	0	0	179	3	0	182
10944	1	0	1	177	0	179
10945	0	0	2	174	0	176
10946	180	0	1	4	0	185
10947	1	0	181	4	0	186
10948	176	0	1	2	0	179
10949	2	183	3	0	0	188
10950	179	1	1	2	0	183
10951	176	2	0	1	0	179
10952	5	1	0	173	0	179
10953	3	0	174	2	0	179
10954	2	178	1	3	0	184
10955	1	1	1	177	0	180
10956	1	189	1	2	0	193
10957	188	1	0	2	0	191
10958	2	1	186	2	0	191
10959	2	1	191	0	0	194
10960	3	1	3	181	0	188
10961	1	0	195	2	0	198
10962	1	1	3	206	0	211
10963	2	0	2	205	0	209
10964	204	0	2	7	0	213
10965	1	212	2	3	0	218
10966	4	2	0	218	0	224
10967	2	2	1	222	0	227
10968	0	1	0	223	0	224
10969	0	217	0	6	0	223
10970	1	219	1	5	0	226
10971	218	2	0	2	0	222
10972	215	5	0	1	0	221
10973	214	1	0	2	0	217
10974	3	1	210	0	0	214
10975	3	3	1	206	0	213
10976	1	1	207	2	0	211
10977	1	207	2	3	0	213
10978	192	0	0	1	0	193
10979	0	1	197	1	0	199
10980	1	0	1	185	0	187
10981	1	0	187	0	0	188
10982	183	0	0	1	0	184
10983	184	0	1	2	0	187
10984	186	0	0	1	0	187
10985	183	0	0	1	0	184
10986	0	0	185	0	0	185
10987	176	0	0	1	0	177
10988	176	0	0	1	0	177
10989	1	177	0	0	0	178
10990	174	0	1	2	0	177
10991	182	0	0	0	0	182
10992	0	1	0	174	0	175
10993	1	179	0	0	0	180
10994	185	0	0	1	0	186
10995	202	0	0	2	0	204
10996	1	0	223	0	0	224
10997	0	1	221	0	0	222
10998	1	0	219	1	0	221
10999	0	3	3	214	0	220
11000	219	0	2	2	0	223
11001	1	219	2	1	0	223
11002	214	1	1	3	0	219
11003	2	216	0	1	0	219
11004	214	2	1	0	0	217
11005	2	211	0	1	0	214
11006	1	218	0	1	0	220
11007	213	2	0	1	0	216
11008	2	221	0	0	0	223
11009	2	2	0	216	0	220
11010	2	1	223	1	0	227
11011	0	1	216	1	0	218
11012	2	0	2	215	0	219
11013	1	0	2	219	0	222
11014	0	0	221	2	0	223
11015	0	0	1	219	0	220
11016	0	0	1	214	0	215
11017	215	0	1	3	0	219
11018	1	216	0	2	0	219
11019	2	1	0	212	0	215
11020	1	219	0	1	0	221
11021	219	2	1	3	0	225
11022	1	219	1	1	0	222
11023	222	2	0	1	0	225
11024	225	1	0	2	0	228
11025	2	1	0	218	0	221
11026	3	0	0	221	0	224
11027	1	1	0	220	0	222
11028	1	0	0	226	0	227
11029	1	0	215	3	0	219
11030	205	0	1	3	0	209
11031	1	218	2	1	0	222
11032	1	1	1	222	0	225
11033	1	0	1	221	0	223
11034	0	224	0	2	0	226
11035	224	1	1	2	0	228
11036	1	227	2	1	0	231
11037	1	2	1	230	0	234
11038	2	1	0	233	0	236
11039	4	2	0	229	0	235
11040	4	1	0	228	0	233
11041	227	0	0	5	0	232
11042	2	1	225	3	0	231
11043	2	0	2	217	0	221
11044	2	1	1	217	0	221
11045	1	1	2	216	0	220
11046	2	1	0	214	0	217
11047	209	1	0	4	0	214
11048	1	0	207	4	0	212
11049	1	0	2	206	0	209
11050	2	204	2	1	0	209
11051	1	208	2	2	0	213
11052	208	2	0	4	0	214
11053	1	3	210	0	0	214
11054	191	1	2	1	0	195
11055	3	0	204	1	0	208
11056	2	0	3	192	0	197
11057	200	1	1	1	0	203
11058	1	201	2	2	0	206
11059	3	2	0	192	0	197
11060	3	187	0	1	0	191
11061	194	4	1	1	0	200
11062	187	2	3	1	0	193
11063	3	2	2	190	0	197
11064	4	0	194	3	0	201
11065	4	1	189	2	0	196
11066	2	1	3	180	0	186
11067	1	193	4	2	0	200
11068	3	2	3	196	0	204
11069	3	2	0	191	0	196
11070	2	4	0	188	0	194
11071	1	2	193	4	0	200
11072	2	2	1	192	0	197
11073	2	1	1	191	0	195
11074	1	200	2	3	0	206
11075	0	5	1	196	0	202
11076	1	1	2	204	0	208
11077	0	3	1	211	0	215
11078	1	0	0	209	0	210
11079	2	0	2	204	0	208
11080	1	0	2	204	0	207
11081	0	0	1	202	0	203
11082	1	0	0	198	0	199
11083	1	1	184	10	0	196
11084	1	2	1	194	0	198
11085	188	0	1	9	0	198
11086	4	1	2	189	0	196
11087	2	3	200	3	0	208
11088	196	1	1	6	0	204
11089	200	2	1	2	0	205
11090	200	0	2	2	0	204
11091	201	1	0	3	0	205
11092	5	0	1	201	0	207
11093	5	1	195	2	0	203
11094	2	189	3	3	0	197
11095	1	173	1	4	0	179
11096	2	1	3	146	0	152
11097	1	1	0	156	0	158
11098	0	1	0	154	0	155
11099	0	1	0	158	0	159
11100	0	0	0	182	0	182
11101	206	0	0	3	0	209
11102	1	204	0	2	0	207
11103	1	207	0	2	0	210
11104	2	4	0	211	0	217
11105	2	2	0	219	0	223
11106	0	1	0	215	0	216
11107	0	1	0	214	0	215
11108	0	0	208	7	0	215
11109	0	202	3	4	0	209
11110	0	3	1	209	0	213
11111	197	1	1	4	0	203
11112	3	2	1	200	0	206
11113	0	2	197	4	0	203
11114	1	0	196	3	0	200
11115	1	0	200	3	0	204
11116	1	0	5	207	0	213
11117	203	0	3	6	0	212
11118	3	0	2	203	0	208
11119	2	1	1	205	0	209
11120	200	0	0	8	0	208
11121	4	0	0	209	0	213
11122	3	0	0	212	0	215
11123	4	0	221	4	0	229
11124	1	223	3	2	0	229
11125	0	3	2	230	0	235
11126	225	1	1	4	0	231
11127	4	1	1	226	0	232
11128	0	1	226	5	0	232
11129	1	0	3	220	0	224
11130	3	222	1	3	0	229
11131	0	3	1	226	0	230
11132	1	1	221	5	0	228
11133	0	231	4	2	0	237
11134	0	7	1	233	0	241
11135	1	1	0	254	0	256
11136	1	1	1	257	0	260
11137	0	2	0	258	0	260
11138	1	0	248	10	0	259
11139	0	248	4	6	0	258
11140	250	6	2	2	0	260
11141	251	3	0	7	0	261
11142	7	1	3	253	0	264
11143	2	2	252	7	0	263
11144	242	0	5	5	0	252
11145	6	0	4	253	0	263
11146	2	1	260	9	0	272
11147	1	0	7	263	0	271
11148	4	0	3	260	0	267
11149	1	1	1	267	0	270
11150	2	0	267	7	0	276
11151	3	1	5	255	0	264
11152	1	268	3	8	0	280
11153	266	4	1	5	0	276
11154	267	1	4	2	0	274
11155	266	1	1	5	0	273
11156	8	261	1	2	0	272
11157	263	4	1	5	0	273
11158	6	3	1	263	0	273
11159	258	0	1	10	0	269
11160	259	2	1	5	0	267
11161	7	2	256	4	0	269
11162	1	252	7	2	0	262
11163	256	5	3	2	0	266
11164	7	5	0	254	0	266
11165	4	0	259	6	0	269
11166	1	253	5	5	0	264
11167	248	6	3	3	0	260
11168	5	2	0	256	0	263
11169	5	1	3	254	0	263
11170	1	1	1	259	0	262
11171	3	252	2	8	0	265
11172	2	7	1	256	0	266
11173	2	254	1	6	0	263
11174	1	5	1	254	0	261
11175	4	3	253	6	0	266
11176	1	3	4	254	0	262
11177	2	2	4	251	0	259
11178	2	2	1	262	0	267
11179	3	2	252	10	0	267
11180	1	0	7	253	0	261
11181	3	2	4	261	0	270
11182	1	1	1	264	0	267
11183	2	3	3	254	0	262
11184	1	0	2	263	0	266
11185	1	1	257	8	0	267
11186	2	2	4	258	0	266
11187	4	2	3	244	0	253
11188	241	0	1	14	0	256
11189	4	231	3	6	0	244
11190	5	241	0	6	0	252
11191	3	8	1	242	0	254
11192	1	3	2	237	0	243
11193	2	237	1	9	0	249
11194	4	6	0	234	0	244
11195	2	229	4	7	0	242
11196	3	4	1	231	0	239
11197	2	3	1	220	0	226
11198	1	1	214	8	0	224
11199	1	208	5	5	0	219
11200	2	191	2	3	0	198
11201	154	4	0	3	0	161
11202	3	161	0	2	0	166
11203	1	2	1	157	0	161
11204	0	2	154	2	0	158
11205	1	1	2	150	0	154
11206	152	0	1	4	0	157
11207	2	1	156	2	0	161
11208	2	162	1	2	0	167
11209	3	2	0	151	0	156
11210	1	2	1	166	0	170
11211	167	0	1	6	0	174
11212	2	1	0	175	0	178
11213	1	2	0	177	0	180
11214	0	0	0	175	0	175
11215	0	2	0	172	0	174
11216	164	0	1	6	0	171
11217	165	0	1	3	0	169
11218	2	0	1	166	0	169
11219	162	1	1	2	0	166
11220	3	1	0	165	0	169
11221	3	1	159	1	0	164
11222	0	2	156	2	0	160
11223	1	0	1	147	0	149
11224	0	145	2	4	0	151
11225	1	2	0	145	0	148
11226	140	1	0	5	0	146
11227	1	1	1	144	0	147
11228	140	1	0	2	0	143
11229	2	0	0	141	0	143
11230	2	0	143	2	0	147
11231	0	140	1	1	0	142
11232	0	144	1	0	0	145
11233	1	2	0	127	0	130
11234	0	1	132	3	0	136
11235	0	112	0	2	0	114
11236	0	0	1	107	0	108
11237	106	0	0	1	0	107
11238	1	0	109	0	0	110
11239	0	0	1	110	0	111
11240	0	0	0	113	0	113
11241	0	0	112	1	0	113
11242	0	0	107	1	0	108
11243	0	1	112	0	0	113
11244	1	0	0	114	0	115
11245	0	0	118	1	0	119
11246	117	0	0	1	0	118
11247	1	0	0	125	0	126
11248	1	0	158	1	0	160
11249	1	162	1	0	0	164
11250	0	1	165	1	0	167
11251	1	0	2	162	0	165
11252	168	0	0	3	0	171
11253	2	0	1	172	0	175
11254	0	0	0	173	0	173
11255	182	0	0	4	0	186
11256	2	1	0	189	0	192
11257	0	0	192	4	0	196
11258	192	0	3	0	0	195
11259	2	192	0	1	0	195
11260	198	2	0	0	0	200
11261	4	0	0	200	0	204
11262	0	1	198	3	0	202
11263	0	1	201	0	0	202
11264	0	1	3	201	0	205
11265	0	0	0	200	0	200
11266	1	0	205	3	0	209
11267	0	0	200	1	0	201
11268	202	0	3	1	0	206
11269	5	0	0	203	0	208
11270	204	1	1	5	0	211
11271	5	0	0	199	0	204
11272	0	1	207	4	0	212
11273	0	0	222	0	0	222
11274	2	0	4	224	0	230
11275	1	0	1	227	0	229
11276	0	0	234	4	0	238
11277	219	0	4	0	0	223
11278	3	0	0	231	0	234
11279	240	0	0	3	0	243
11280	2	273	0	1	0	276
11281	2	6	0	273	0	281
11282	276	0	0	7	0	283
11283	6	1	276	0	0	283
11284	1	0	4	275	0	280
11285	1	0	0	278	0	279
11286	0	0	1	280	0	281
11287	0	0	278	9	0	287
11288	3	0	8	270	0	281
11289	0	268	0	10	0	278
11290	2	8	1	272	0	283
11291	0	1	281	9	0	291
11292	0	1	284	1	0	286
11293	1	0	8	281	0	290
11294	2	0	2	288	0	292
11295	1	0	1	290	0	292
11296	2	0	0	288	0	290
11297	280	0	0	10	0	290
11298	282	0	1	1	0	284
11299	8	0	276	2	0	286
11300	1	288	6	0	0	295
11301	2	5	0	293	0	300
11302	299	0	2	9	0	310
11303	290	2	1	2	0	295
11304	300	0	0	1	0	301
11305	301	0	0	4	0	305
11306	8	1	295	1	0	305
11307	285	0	8	1	0	294
11308	9	289	0	0	0	298
11309	1	5	1	291	0	298
11310	1	0	294	8	0	303
11311	1	2	8	275	0	286
11312	0	0	281	10	0	291
11313	1	1	8	273	0	283
11314	1	0	0	288	0	289
11315	279	0	1	10	0	290
11316	9	0	1	276	0	286
11317	0	0	279	10	0	289
11318	4	0	8	282	0	294
11319	283	1	1	9	0	294
11320	9	1	2	281	0	293
11321	0	0	283	11	0	294
11322	2	279	6	2	0	289
11323	289	8	2	2	0	301
11324	10	1	1	276	0	288
11325	1	298	2	8	0	309
11326	294	9	0	6	0	309
11327	7	0	299	4	0	310
11328	2	293	9	1	0	305
11329	2	10	0	305	0	317
11330	4	0	303	9	0	316
11331	1	1	7	296	0	305
11332	299	0	5	9	0	313
11333	10	2	296	1	0	309
11334	2	1	8	293	0	304
11335	2	0	292	12	0	306
11336	4	1	11	289	0	305
11337	4	0	1	304	0	309
11338	296	1	2	8	0	307
11339	8	296	2	3	0	309
11340	4	10	0	293	0	307
11341	295	1	2	12	0	310
11342	300	1	1	5	0	307
11343	9	1	3	289	0	302
11344	1	282	1	12	0	296
11345	3	295	2	2	0	302
11346	0	6	3	285	0	294
11347	3	2	1	287	0	293
11348	262	3	0	10	0	275
11349	12	0	1	263	0	276
11350	0	2	260	9	0	271
11351	244	1	7	4	0	256
11352	9	246	0	1	0	256
11353	241	5	3	4	0	253
11354	8	1	249	3	0	261
11355	2	259	5	2	0	268
11356	261	6	1	1	0	269
11357	254	0	3	3	0	260
11358	7	2	259	1	0	269
11359	257	0	7	2	0	266
11360	267	0	0	4	0	271
11361	7	259	3	0	0	269
11362	2	7	0	269	0	278
11363	3	0	262	4	0	269
11364	3	1	7	259	0	270
11365	2	2	265	8	0	277
11366	1	1	8	264	0	274
11367	266	0	1	11	0	278
11368	8	1	3	274	0	286
11369	0	0	308	11	0	319
11370	313	1	11	1	0	326
11371	11	1	0	320	0	332
11372	1	1	309	11	0	322
11373	290	0	10	3	0	303
11374	13	1	0	303	0	317
11375	2	0	300	11	0	313
11376	1	0	300	4	0	305
11377	4	4	10	286	0	304
11378	1	2	301	11	0	315
11379	1	295	10	1	0	307
11380	1	7	2	261	0	271
11381	261	3	0	7	0	271
11382	7	0	266	1	0	274
11383	2	0	274	0	0	276
11384	255	0	7	1	0	263
11385	6	0	269	0	0	275
11386	254	1	4	0	0	259
11387	4	1	266	1	0	272
11388	2	0	4	258	0	264
11389	0	2	265	4	0	271
11390	0	0	4	267	0	271
11391	1	0	276	4	0	281
11392	0	0	276	2	0	278
11393	261	0	5	1	0	267
11394	4	274	2	2	0	282
11395	273	4	2	2	0	281
11396	4	276	1	0	0	281
11397	1	4	1	285	0	291
11398	1	1	2	288	0	292
11399	286	0	2	6	0	294
11400	6	1	0	279	0	286
11401	1	1	280	6	0	288
11402	274	1	4	3	0	282
11403	281	1	1	5	0	288
11404	6	0	3	279	0	288
11405	2	0	281	7	0	290
11406	3	0	6	270	0	279
11407	1	281	2	7	0	291
11408	1	3	4	279	0	287
11409	4	1	0	287	0	292
11410	1	0	279	5	0	285
11411	259	1	5	3	0	268
11412	5	272	3	3	0	283
11413	269	4	2	5	0	280
11414	6	274	2	0	0	282
11415	1	4	3	272	0	280
11416	2	275	2	5	0	284
11417	2	5	270	2	0	279
11418	4	2	4	258	0	268
11419	0	2	3	267	0	272
11420	2	1	1	273	0	277
11421	262	0	2	8	0	272
11422	7	0	3	262	0	272
11423	260	2	3	8	0	273
11424	264	0	6	2	0	272
11425	265	0	0	6	0	271
11426	7	1	270	1	0	279
11427	5	0	5	274	0	284
11428	3	1	4	283	0	291
11429	2	0	3	286	0	291
11430	295	1	3	8	0	307
11431	7	0	3	298	0	308
11432	2	0	2	305	0	309
11433	312	2	5	5	0	324
11434	7	0	1	316	0	324
11435	3	3	329	5	0	340
11436	1	1	331	4	0	337
11437	3	1	7	335	0	346
11438	333	2	1	6	0	342
11439	330	2	1	4	0	337
11440	8	1	3	326	0	338
11441	3	0	328	6	0	337
11442	1	328	8	4	0	341
11443	4	4	3	324	0	335
11444	1	2	3	338	0	344
11445	3	0	2	339	0	344
11446	329	2	3	5	0	339
11447	7	0	330	5	0	342
11448	323	2	6	3	0	334
11449	6	1	5	326	0	338
11450	4	333	2	6	0	345
11451	333	8	1	4	0	346
11452	331	1	0	5	0	337
11453	10	3	332	1	0	346
11454	1	318	6	4	0	329
11455	3	327	1	2	0	333
11456	318	6	2	3	0	329
11457	6	2	0	319	0	327
11458	3	1	4	307	0	315
11459	2	0	2	303	0	307
11460	2	292	1	8	0	303
11461	2	300	1	3	0	306
11462	298	6	0	1	0	305
11463	5	1	0	296	0	302
11464	1	0	308	5	0	314
11465	5	2	6	317	0	330
11466	0	0	347	10	0	357
11467	2	0	350	6	0	358
11468	0	0	340	6	0	346
11469	2	286	16	3	0	307
11470	1	7	12	260	0	280
11471	2	280	3	7	0	292
11472	1	10	1	270	0	282
11473	3	6	1	286	0	296
11474	278	4	1	12	0	295
11475	7	0	0	287	0	294
11476	273	0	1	13	0	287
11477	274	1	1	6	0	282
11478	11	1	1	267	0	280
11479	8	264	2	6	0	280
11480	4	9	1	268	0	282
11481	2	261	0	12	0	275
11482	4	10	1	263	0	278
11483	1	6	261	14	0	282
11484	2	4	9	266	0	281
11485	4	1	7	268	0	280
11486	248	0	6	16	0	270
11487	8	259	4	8	0	279
11488	2	9	3	261	0	275
11489	7	3	1	261	0	272
11490	4	249	1	12	0	266
11491	3	8	3	257	0	271
11492	239	5	0	13	0	257
11493	254	6	0	6	0	266
11494	13	250	1	3	0	267
11495	12	7	1	246	0	266
11496	239	5	2	12	0	258
11497	10	250	1	7	0	268
11498	5	10	0	234	0	249
11499	5	247	3	8	0	263
11500	248	11	2	6	0	267
11501	7	6	241	6	0	260
11502	5	6	247	3	0	261
11503	7	2	8	244	0	261
11504	2	3	246	9	0	260
11505	2	1	14	246	0	263
11506	240	2	6	15	0	263
11507	7	2	250	8	0	267
11508	6	0	9	250	0	265
11509	4	2	6	253	0	265
11510	243	4	5	18	0	270
11511	9	250	3	11	0	273
11512	255	10	1	6	0	272
11513	254	7	2	4	0	267
11514	13	247	1	4	0	265
11515	13	10	0	248	0	271
11516	7	4	238	11	0	260
11517	6	3	9	242	0	260
11518	2	243	5	15	0	265
11519	245	11	4	6	0	266
11520	13	6	2	246	0	267
11521	5	5	251	9	0	270
11522	6	3	7	261	0	277
11523	1	2	7	270	0	280
11524	3	3	7	267	0	280
11525	1	3	1	266	0	271
11526	4	1	4	264	0	273
11527	2	1	250	19	0	272
11528	1	3	235	12	0	251
11529	4	226	9	8	0	247
11530	4	236	8	1	0	249
11531	223	12	4	5	0	244
11532	10	5	222	5	0	242
11533	205	6	7	2	0	220
11534	9	3	202	3	0	217
11535	5	0	195	3	0	203
11536	7	1	10	186	0	204
11537	192	1	6	11	0	210
11538	8	2	4	199	0	213
11539	5	1	0	208	0	214
11540	4	3	218	12	0	237
11541	3	0	8	227	0	238
11542	1	1	5	228	0	235
11543	3	0	3	235	0	241
11544	0	0	1	235	0	236
11545	1	1	0	235	0	237
11546	220	1	1	16	0	238
11547	7	0	2	222	0	231
11548	5	0	213	10	0	228
11549	4	3	5	211	0	223
11550	1	0	209	11	0	221
11551	3	1	8	211	0	223
11552	2	1	211	9	0	223
11553	4	1	8	198	0	211
11554	2	2	5	212	0	221
11555	2	0	208	11	0	221
11556	192	1	7	12	0	212
11557	6	1	212	4	0	223
11558	4	2	10	215	0	231
11559	224	0	3	9	0	236
11560	8	0	6	219	0	233
11561	7	1	1	226	0	235
11562	3	0	219	12	0	234
11563	0	213	7	10	0	230
11564	1	202	3	5	0	211
11565	2	196	1	1	0	200
11566	1	1	1	162	0	165
11567	163	1	0	0	0	164
11568	0	0	0	160	0	160
11569	0	0	0	164	0	164
11570	1	0	0	163	0	164
11571	0	0	0	165	0	165
11572	0	160	0	2	0	162
11573	0	0	0	167	0	167
11574	1	1	0	163	0	165
11575	0	165	0	1	0	166
11576	168	1	0	2	0	171
11577	1	1	0	167	0	169
11578	170	1	0	2	0	173
11579	165	0	0	1	0	166
11580	2	168	0	1	0	171
11581	1	1	0	184	0	186
11582	1	1	182	1	0	185
11583	0	1	178	1	0	180
11584	1	0	3	179	0	183
11585	185	0	2	3	0	190
11586	187	0	2	2	0	191
11587	3	0	0	189	0	192
11588	191	0	0	3	0	194
11589	3	186	1	1	0	191
11590	188	2	0	1	0	191
11591	3	197	1	0	0	201
11592	1	3	0	204	0	208
11593	2	1	0	205	0	208
11594	0	205	0	4	0	209
11595	200	2	0	4	0	206
11596	2	1	195	0	0	198
11597	2	2	2	190	0	196
11598	1	1	200	2	0	204
11599	0	0	3	195	0	198
11600	200	0	1	4	0	205
11601	3	0	1	195	0	199
11602	195	0	0	4	0	199
11603	191	0	0	2	0	193
11604	3	0	0	190	0	193
11605	2	0	185	2	0	189
11606	1	192	2	1	0	196
11607	0	2	1	202	0	205
11608	196	1	1	5	0	203
11609	2	2	194	1	0	199
11610	3	0	2	196	0	201
11611	1	0	1	201	0	203
11612	1	0	1	200	0	202
11613	203	0	0	4	0	207
11614	2	0	0	195	0	197
11615	1	0	0	203	0	204
11616	1	0	197	3	0	201
11617	0	0	3	201	0	204
11618	0	0	1	204	0	205
11619	1	0	1	205	0	207
11620	1	202	0	3	0	206
11621	0	2	0	200	0	202
11622	1	1	0	202	0	204
11623	195	2	0	3	0	200
11624	3	0	196	2	0	201
11625	1	1	186	1	0	189
11626	1	190	2	1	0	194
11627	1	2	2	200	0	205
11628	200	2	1	4	0	207
11629	3	1	0	202	0	206
11630	1	0	1	203	0	205
11631	1	0	0	204	0	205
11632	0	0	1	199	0	200
11633	0	0	0	200	0	200
11634	2	0	198	4	0	204
11635	0	0	2	197	0	199
11636	200	0	1	4	0	205
11637	3	194	1	1	0	199
11638	1	2	0	198	0	201
11639	1	0	1	196	0	198
11640	0	2	180	3	0	185
11641	0	0	2	180	0	182
11642	1	0	1	186	0	188
11643	187	0	2	5	0	194
11644	2	192	0	3	0	197
11645	2	2	0	197	0	201
11646	1	1	0	201	0	203
11647	2	1	1	197	0	201
11648	0	0	198	6	0	204
11649	0	0	197	4	0	201
11650	0	196	5	2	0	203
11651	0	202	3	1	0	206
11652	0	3	0	204	0	207
11653	0	200	0	3	0	203
11654	1	2	0	218	0	221
11655	0	2	1	233	0	236
11656	0	0	1	243	0	244
11657	1	1	0	277	0	279
11658	0	0	274	7	0	281
11659	2	0	3	275	0	280
11660	1	0	4	275	0	280
11661	0	0	1	286	0	287
11662	273	0	1	13	0	287
11663	4	277	0	7	0	288
11664	5	3	1	262	0	271
11665	1	278	1	4	0	284
11666	267	4	1	5	0	277
11667	247	7	0	2	0	256
11668	8	273	0	2	0	283
11669	4	276	0	3	0	283
11670	3	7	269	2	0	281
11671	2	281	4	1	0	288
11672	3	7	4	270	0	284
11673	277	6	2	6	0	291
11674	5	284	1	5	0	295
11675	6	5	0	284	0	295
11676	1	5	1	281	0	288
11677	2	4	0	285	0	291
11678	275	3	0	9	0	287
11679	4	1	273	7	0	285
11680	260	4	3	4	0	271
11681	5	266	4	4	0	279
11682	7	3	3	267	0	280
11683	1	7	267	5	0	280
11684	260	3	3	9	0	275
11685	1	262	6	5	0	274
11686	8	3	1	258	0	270
11687	2	271	2	4	0	279
11688	4	2	1	275	0	282
11689	1	7	2	269	0	279
11690	3	2	269	8	0	282
11691	1	2	257	8	0	268
11692	1	1	7	261	0	270
11693	3	4	281	2	0	290
11694	1	1	5	277	0	284
11695	2	1	6	266	0	275
11696	2	3	2	286	0	293
11697	281	1	2	9	0	293
11698	2	1	2	294	0	299
11699	4	1	289	4	0	298
11700	286	2	2	10	0	300
11701	2	0	6	294	0	302
11702	6	2	3	294	0	305
11703	292	0	4	7	0	303
11704	5	306	0	10	0	321
11705	5	4	3	314	0	326
11706	4	4	1	309	0	318
11707	304	1	3	9	0	317
11708	5	1	304	8	0	318
11709	8	2	1	303	0	314
11710	1	0	4	308	0	313
11711	3	2	2	295	0	302
11712	2	302	0	8	0	312
11713	1	1	0	308	0	310
11714	288	3	5	7	0	303
11715	5	295	2	5	0	307
11716	295	3	2	6	0	306
11717	2	295	3	4	0	304
11718	303	2	0	6	0	311
11719	3	6	298	4	0	311
11720	5	1	287	4	0	297
11721	292	3	5	3	0	303
11722	5	0	300	3	0	308
11723	6	2	6	289	0	303
11724	6	2	5	267	0	280
11725	2	1	2	303	0	308
11726	293	1	2	12	0	308
11727	5	2	281	6	0	294
11728	289	2	3	4	0	298
11729	3	1	5	308	0	317
11730	308	1	2	5	0	316
11731	6	0	2	310	0	318
11732	316	1	3	6	0	326
11733	4	0	1	349	0	354
11734	6	1	352	7	0	366
11735	351	0	5	10	0	366
11736	363	2	4	2	0	371
11737	10	0	2	362	0	374
11738	11	0	1	350	0	362
11739	2	362	2	13	0	379
11740	365	5	1	10	0	381
11741	6	366	0	4	0	376
11742	360	5	2	2	0	369
11743	8	5	359	2	0	374
11744	8	0	353	2	0	363
11745	5	3	347	2	0	357
11746	340	0	13	4	0	357
11747	7	350	7	3	0	367
11748	7	5	2	345	0	359
11749	344	5	3	9	0	361
11750	9	360	2	5	0	376
11751	7	8	3	345	0	363
11752	5	344	1	5	0	355
11753	1	335	2	7	0	345
11754	3	341	1	2	0	347
11755	308	10	4	4	0	326
11756	4	316	2	1	0	323
11757	2	262	3	2	0	269
11758	1	267	2	0	0	270
11759	262	5	2	0	0	269
11760	265	1	0	0	0	266
11761	5	1	256	1	0	263
11762	252	0	4	2	0	258
11763	258	1	2	0	0	261
11764	7	0	0	254	0	261
11765	256	1	0	4	0	261
11766	6	0	250	1	0	257
11767	1	268	5	1	0	275
11768	271	4	2	2	0	279
11769	4	1	1	274	0	280
11770	277	1	0	6	0	284
11771	7	1	271	0	0	279
11772	271	0	6	1	0	278
11773	7	1	1	273	0	282
11774	1	2	277	6	0	286
11775	1	267	6	2	0	276
11776	0	286	1	0	0	287
11777	1	7	0	270	0	278
11778	3	1	0	266	0	270
11779	0	279	0	8	0	287
11780	275	6	0	5	0	286
11781	271	2	0	2	0	275
11782	275	1	0	0	0	276
11783	6	274	0	1	0	281
11784	3	6	0	264	0	273
11785	0	276	2	4	0	282
11786	277	8	1	1	0	287
11787	277	3	1	1	0	282
11788	10	272	1	0	0	283
11789	279	9	0	1	0	289
11790	5	2	2	280	0	289
11791	3	0	0	283	0	286
11792	283	1	0	8	0	292
11793	266	1	1	6	0	274
11794	280	1	0	0	0	281
11795	8	2	2	270	0	282
11796	2	3	1	276	0	282
11797	3	2	262	7	0	274
11798	1	3	6	262	0	272
11799	2	2	1	265	0	270
11800	2	2	255	7	0	266
11801	4	2	242	1	0	249
11802	3	2	260	2	0	267
11803	3	0	7	255	0	265
11804	1	2	260	7	0	270
11805	2	4	5	255	0	266
11806	2	1	1	271	0	275
11807	3	1	268	9	0	281
11808	3	3	268	1	0	275
11809	3	2	8	259	0	272
11810	4	1	279	8	0	292
11811	3	0	281	4	0	288
11812	2	281	7	3	0	293
11813	284	6	2	4	0	296
11814	292	3	2	0	0	297
11815	286	1	1	4	0	292
11816	11	271	3	0	0	285
11817	1	292	2	4	0	299
11818	3	10	1	291	0	305
11819	2	1	2	290	0	295
11820	3	0	279	13	0	295
11821	3	2	7	278	0	290
11822	291	0	4	7	0	302
11823	12	1	1	268	0	282
11824	3	286	2	9	0	300
11825	288	6	2	6	0	302
11826	291	3	1	5	0	300
11827	295	3	0	3	0	301
11828	13	1	290	5	0	309
11829	5	1	9	285	0	300
11830	302	4	5	8	0	319
11831	13	2	314	3	0	332
11832	3	290	10	7	0	310
11833	2	275	2	2	0	281
11834	251	8	3	2	0	264
11835	9	245	1	3	0	258
11836	3	7	1	247	0	258
11837	3	0	258	7	0	268
11838	4	3	6	251	0	264
11839	256	2	2	7	0	267
11840	9	250	2	2	0	263
11841	253	7	1	4	0	265
11842	7	0	256	2	0	265
11843	3	1	7	248	0	259
11844	4	264	2	7	0	277
11845	1	9	3	269	0	282
11846	268	4	1	6	0	279
11847	276	2	1	4	0	283
11848	272	0	1	5	0	278
11849	274	3	2	2	0	281
11850	6	1	2	255	0	264
11851	2	1	260	9	0	272
11852	2	1	8	255	0	266
11853	4	261	3	7	0	275
11854	270	10	0	2	0	282
11855	11	1	261	2	0	275
11856	252	0	10	3	0	265
11857	7	2	0	258	0	267
11858	1	4	268	7	0	280
11859	2	2	7	266	0	277
11860	273	0	1	8	0	282
11861	279	0	3	1	0	283
11862	275	1	3	5	0	284
11863	10	2	281	1	0	294
11864	1	2	9	279	0	291
11865	2	1	292	7	0	302
11866	2	290	6	2	0	300
11867	273	7	0	4	0	284
11868	10	274	1	0	0	285
11869	256	4	1	4	0	265
11870	5	0	3	253	0	261
11871	1	256	0	6	0	263
11872	264	5	0	1	0	270
11873	5	3	264	1	0	273
11874	2	0	5	260	0	267
11875	262	0	0	4	0	266
11876	4	1	263	2	0	270
11877	1	0	5	258	0	264
11878	0	255	1	5	0	261
11879	1	4	1	268	0	274
11880	2	1	0	269	0	272
11881	264	0	1	5	0	270
11882	4	264	1	0	0	269
11883	1	5	0	260	0	266
11884	0	273	1	6	0	280
11885	0	6	0	274	0	280
11886	4	282	0	4	0	290
11887	275	4	1	2	0	282
11888	5	0	281	2	0	288
11889	2	1	3	284	0	290
11890	0	1	1	293	0	295
11891	1	1	0	288	0	290
11892	1	1	1	289	0	292
11893	0	0	293	5	0	298
11894	0	297	3	2	0	302
11895	302	3	1	2	0	308
11896	299	0	0	3	0	302
11897	3	295	0	2	0	300
11898	298	4	1	1	0	304
11899	295	1	0	3	0	299
11900	5	309	0	0	0	314
11901	1	2	0	306	0	309
11902	0	310	1	3	0	314
11903	300	3	0	1	0	304
11904	4	0	292	2	0	298
11905	274	2	3	1	0	280
11906	4	0	303	2	0	309
11907	1	1	5	299	0	306
11908	303	1	0	3	0	307
11909	3	0	300	2	0	305
11910	280	0	3	2	0	285
11911	291	1	1	1	0	294
11912	4	0	1	303	0	308
11913	2	300	0	1	0	303
11914	303	3	1	1	0	308
11915	6	0	0	304	0	310
11916	1	304	0	2	0	307
11917	305	3	0	1	0	309
11918	4	1	1	302	0	308
11919	2	319	0	4	0	325
11920	1	2	1	327	0	331
11921	328	1	0	5	0	334
11922	325	0	0	1	0	326
11923	319	0	2	5	0	326
11924	5	1	0	315	0	321
11925	0	0	1	319	0	320
11926	1	0	315	4	0	320
11927	3	1	3	306	0	313
11928	3	0	317	2	0	322
11929	1	0	297	2	0	300
11930	0	0	292	1	0	293
11931	0	290	2	1	0	293
11932	0	2	0	288	0	290
11933	0	312	2	1	0	315
11934	323	2	0	1	0	326
11935	328	0	0	0	0	328
11936	4	0	0	324	0	328
11937	0	1	343	3	0	347
11938	1	0	4	343	0	348
11939	1	1	352	4	0	358
11940	0	1	3	358	0	362
11941	0	354	1	4	0	359
11942	0	374	0	1	0	375
11943	371	5	1	1	0	378
11944	5	1	365	1	0	372
11945	0	2	5	360	0	367
11946	0	1	0	373	0	374
11947	368	0	0	5	0	373
11948	5	372	2	0	0	379
11949	372	5	0	1	0	378
11950	5	372	0	1	0	378
11951	368	5	0	2	0	375
11952	369	2	0	2	0	373
11953	6	0	0	374	0	380
11954	0	1	378	5	0	384
11955	365	0	5	3	0	373
11956	6	377	0	1	0	384
11957	383	4	1	1	0	389
11958	6	0	1	371	0	378
11959	2	0	1	371	0	374
11960	0	366	1	7	0	374
11961	1	5	0	367	0	373
11962	0	371	0	5	0	376
11963	2	5	1	367	0	375
11964	0	2	1	362	0	365
11965	349	0	0	7	0	356
11966	6	1	360	1	0	368
11967	1	348	4	1	0	354
11968	4	5	0	359	0	368
11969	360	0	1	8	0	369
11970	362	2	1	3	0	368
11971	363	2	0	2	0	367
11972	5	1	358	1	0	365
11973	355	0	4	3	0	362
11974	7	0	2	359	0	368
11975	359	0	0	7	0	366
11976	4	356	3	0	0	363
11977	3	5	0	360	0	368
11978	351	0	0	10	0	361
11979	6	354	1	0	0	361
11980	2	7	0	351	0	360
11981	1	0	342	6	0	349
11982	358	1	6	0	0	365
11983	376	1	0	3	0	380
11984	8	0	362	1	0	371
11985	2	340	8	0	0	350
11986	1	369	1	1	0	372
11987	3	9	1	362	0	375
11988	0	0	1	355	0	356
11989	2	1	1	366	0	370
11990	1	1	359	9	0	370
11991	356	0	8	4	0	368
11992	370	1	1	4	0	376
11993	375	0	0	3	0	378
11994	366	0	2	2	0	370
11995	370	0	0	3	0	373
11996	376	1	0	1	0	378
11997	9	0	0	385	0	394
11998	2	1	387	8	0	398
11999	3	1	385	0	0	389
12000	3	1	9	387	0	400
12001	4	0	0	389	0	393
12002	3	1	1	392	0	397
12003	1	382	2	10	0	395
12004	388	8	2	3	0	401
12005	9	402	0	1	0	412
12006	2	10	0	386	0	398
12007	364	2	2	9	0	377
12008	10	379	1	3	0	393
12009	4	9	0	381	0	394
12010	3	3	2	390	0	398
12011	7	1	0	381	0	389
12012	3	375	1	10	0	389
12013	2	7	1	377	0	387
12014	2	3	374	12	0	391
12015	3	0	9	388	0	400
12016	2	1	3	384	0	390
12017	2	2	1	412	0	417
12018	1	1	3	430	0	435
12019	3	1	417	10	0	431
12020	2	415	8	5	0	430
12021	1	9	1	412	0	423
12022	2	2	1	424	0	429
12023	4	2	3	416	0	425
12024	1	404	3	12	0	420
12025	3	426	1	4	0	434
12026	416	10	1	5	0	432
12027	10	3	0	412	0	425
12028	3	2	406	8	0	419
12029	1	415	8	3	0	427
12030	390	7	1	7	0	405
12031	7	2	394	5	0	408
12032	2	1	390	4	0	397
12033	2	1	379	2	0	384
12034	1	3	8	368	0	380
12035	2	1	365	9	0	377
12036	0	356	6	7	0	369
12037	2	5	1	327	0	335
12038	1	3	336	6	0	346
12039	2	4	4	331	0	341
12040	326	2	3	6	0	337
12041	6	0	329	5	0	340
12042	317	1	5	4	0	327
12043	3	343	3	4	0	353
12044	330	6	1	4	0	341
12045	7	1	1	332	0	341
12046	341	2	2	7	0	352
12047	341	0	6	3	0	350
12048	339	3	3	4	0	349
12049	7	344	0	5	0	356
12050	341	4	5	2	0	352
12051	346	4	2	3	0	355
12052	5	3	356	3	0	367
12053	2	355	5	4	0	366
12054	3	3	4	360	0	370
12055	3	4	0	357	0	364
12056	4	1	2	360	0	367
12057	3	1	354	5	0	363
12058	3	2	6	353	0	364
12059	4	0	362	4	0	370
12060	359	0	5	7	0	371
12061	374	0	3	2	0	379
12062	6	3	372	2	0	383
12063	378	0	4	2	0	384
12064	381	3	1	3	0	388
12065	389	0	0	3	0	392
12066	9	0	2	382	0	393
12067	2	0	384	6	0	392
12068	2	402	4	1	0	409
12069	5	4	2	397	0	408
12070	5	1	400	7	0	413
12071	0	1	382	4	0	387
12072	376	3	7	0	0	386
12073	4	397	1	6	0	408
12074	410	3	2	1	0	416
12075	412	1	1	4	0	418
12076	6	411	3	0	0	420
12077	404	6	3	1	0	414
12078	9	1	419	1	0	430
12079	5	0	419	2	0	426
12080	3	1	424	0	0	428
12081	1	414	4	3	0	422
12082	397	1	9	2	0	409
12083	385	3	1	2	0	391
12084	4	384	2	3	0	393
12085	1	405	5	1	0	412
12086	3	1	3	409	0	416
12087	1	3	3	410	0	417
12088	412	3	1	4	0	420
12089	3	413	2	4	0	422
12090	410	0	4	1	0	415
12091	397	3	0	4	0	404
12092	7	1	399	0	0	407
12093	3	408	2	0	0	413
12094	5	0	2	403	0	410
12095	398	5	2	0	0	405
12096	5	2	1	395	0	403
12097	375	1	1	5	0	382
12098	3	1	373	2	0	379
12099	3	367	2	2	0	374
12100	1	379	0	2	0	382
12101	0	3	2	364	0	369
12102	2	378	0	2	0	382
12103	384	1	1	2	0	388
12104	1	3	376	0	0	380
12105	355	2	0	1	0	358
12106	0	0	371	2	0	373
12107	1	0	1	374	0	376
12108	0	2	0	374	0	376
12109	0	0	2	378	0	380
12110	379	0	0	3	0	382
12111	0	0	391	1	0	392
12112	5	1	0	379	0	385
12113	2	0	1	379	0	382
12114	1	375	2	0	0	378
12115	2	369	0	1	0	372
12116	3	380	0	1	0	384
12117	1	6	0	353	0	360
12118	2	1	0	337	0	340
12119	0	324	1	0	0	325
12120	1	320	1	0	0	322
12121	326	1	2	0	0	329
12122	1	1	0	327	0	329
12123	0	322	0	2	0	324
12124	322	0	0	1	0	323
12125	2	0	0	328	0	330
12126	347	0	1	2	0	350
12127	5	0	0	352	0	357
12128	0	0	372	3	0	375
12129	1	370	1	0	0	372
12130	370	2	0	1	0	373
12131	3	0	380	0	0	383
12132	0	381	1	1	0	383
12133	1	4	0	390	0	395
12134	1	0	1	390	0	392
12135	0	0	0	381	0	381
12136	0	0	0	381	0	381
12137	0	0	383	4	0	387
12138	0	374	3	1	0	378
12139	2	3	0	380	0	385
12140	371	0	0	4	0	375
12141	2	363	1	0	0	366
12142	2	1	0	383	0	386
12143	1	0	378	5	0	384
12144	0	384	5	0	0	389
12145	0	4	0	370	0	374
12146	0	389	0	3	0	392
12147	393	5	1	1	0	400
12148	392	0	0	4	0	396
12149	5	1	382	1	0	389
12150	372	0	3	1	0	376
12151	380	1	1	2	0	384
12152	4	1	374	1	0	380
12153	2	369	3	0	0	374
12154	2	5	0	367	0	374
12155	1	2	1	380	0	384
12156	374	1	0	6	0	381
12157	5	0	0	374	0	379
12158	1	0	372	6	0	379
12159	351	0	5	2	0	358
12160	5	0	370	0	0	375
12161	1	363	6	0	0	370
12162	354	4	0	3	0	361
12163	4	1	357	0	0	362
12164	1	2	351	1	0	355
12165	1	350	4	3	0	358
12166	3	4	2	356	0	365
12167	0	2	351	5	0	358
12168	2	2	4	314	0	322
12169	3	1	0	338	0	342
12170	1	1	342	4	0	348
12171	1	339	4	3	0	347
12172	2	4	0	337	0	343
12173	327	0	2	6	0	335
12174	328	3	1	1	0	333
12175	4	1	2	327	0	334
12176	1	3	321	5	0	330
12177	1	0	324	2	0	327
12178	3	0	4	324	0	331
12179	1	2	322	5	0	330
12180	314	0	5	1	0	320
12181	4	1	1	321	0	327
12182	1	0	1	333	0	335
12183	2	323	1	5	0	331
12184	1	6	0	328	0	335
12185	2	0	315	6	0	323
12186	300	1	5	0	0	306
12187	312	0	2	2	0	316
12188	4	1	314	2	0	321
12189	2	0	5	333	0	340
12190	2	0	1	343	0	346
12191	0	1	335	10	0	346
12192	2	0	8	344	0	354
12193	2	1	2	350	0	355
12194	1	351	1	12	0	365
12195	0	9	1	363	0	373
12196	1	1	1	363	0	366
12197	358	1	0	13	0	372
12198	374	0	2	4	0	380
12199	381	1	1	4	0	387
12200	378	0	1	2	0	381
12201	376	0	1	1	0	378
12202	16	0	356	1	0	373
12203	4	2	12	348	0	366
12204	2	1	1	366	0	370
12205	1	0	354	15	0	370
12206	338	1	14	5	0	358
12207	358	0	1	4	0	363
12208	14	1	326	0	0	341
12209	344	1	12	0	0	357
12210	356	0	1	2	0	359
12211	16	0	344	0	0	360
12212	6	1	12	348	0	367
12213	2	355	1	16	0	374
12214	0	13	3	378	0	394
12215	2	1	2	385	0	390
12216	4	2	0	380	0	386
12217	2	1	365	17	0	385
12218	364	1	12	4	0	381
12219	381	0	2	6	0	389
12220	15	0	4	370	0	389
12221	5	1	359	14	0	379
12222	5	1	12	358	0	376
12223	1	0	372	16	0	389
12224	3	0	391	2	0	396
12225	2	382	15	3	0	402
12226	0	13	3	354	0	370
12227	353	1	1	12	0	367
12228	351	2	0	1	0	354
12229	351	0	1	1	0	353
12230	16	0	0	336	0	352
12231	3	365	0	12	0	380
12232	2	12	0	375	0	389
12233	0	2	406	13	0	421
12234	439	3	12	3	0	457
12235	478	1	2	3	0	484
12236	18	0	3	463	0	484
12237	6	0	2	475	0	483
12238	8	0	0	482	0	490
12239	1	1	466	20	0	488
12240	452	1	14	8	0	475
12241	15	456	3	4	0	478
12242	4	461	4	2	0	471
12243	2	12	459	0	0	473
12244	4	5	13	447	0	469
12245	2	3	458	13	0	476
12246	435	4	14	3	0	456
12247	15	0	3	442	0	460
12248	5	1	439	14	0	459
12249	3	457	15	5	0	480
12250	457	13	4	9	0	483
12251	13	2	478	3	0	496
12252	8	466	13	1	0	488
12253	4	486	4	0	0	494
12254	474	15	2	3	0	494
12255	19	3	2	470	0	494
12256	2	8	487	16	0	513
12257	2	486	16	4	0	508
12258	490	15	2	4	0	511
12259	498	1	4	4	0	507
12260	17	493	3	2	0	515
12261	6	15	506	3	0	530
12262	9	3	15	504	0	531
12263	506	4	5	20	0	535
12264	517	3	4	3	0	527
12265	17	1	505	5	0	528
12266	8	2	14	496	0	520
12267	7	3	2	525	0	537
12268	4	0	521	17	0	542
12269	2	2	526	7	0	537
12270	508	3	18	9	0	538
12271	533	2	6	6	0	547
12272	541	1	5	3	0	550
12273	543	0	3	1	0	547
12274	21	3	514	3	0	541
12275	526	1	16	2	0	545
12276	24	1	2	518	0	545
12277	8	1	539	15	0	563
12278	4	2	546	5	0	557
12279	4	531	15	6	0	556
12280	2	15	6	525	0	548
12281	2	2	531	15	0	550
12282	511	5	14	4	0	534
12283	16	3	4	477	0	500
12284	7	521	4	13	0	545
12285	535	16	3	4	0	558
12286	537	3	4	6	0	550
12287	17	4	529	5	0	555
12288	9	530	17	1	0	557
12289	10	11	2	507	0	530
12290	501	1	9	14	0	525
12291	15	5	4	495	0	519
12292	6	3	481	14	0	504
12293	448	1	12	8	0	469
12294	14	458	2	8	0	482
12295	3	434	3	6	0	446
12296	6	461	5	1	0	473
12297	460	10	3	6	0	479
12298	455	7	0	1	0	463
12299	452	3	2	2	0	459
12300	15	2	2	440	0	459
12301	7	1	441	10	0	459
12302	6	2	11	439	0	458
12303	447	0	4	9	0	460
12304	9	3	4	449	0	465
12305	456	2	4	11	0	473
12306	454	3	6	4	0	467
12307	454	1	1	5	0	461
12308	11	446	4	5	0	466
12309	456	9	2	4	0	471
12310	13	5	448	2	0	468
12311	12	4	458	0	0	474
12312	5	452	9	4	0	470
12313	8	9	7	433	0	457
12314	436	3	5	9	0	453
12315	9	3	432	3	0	447
12316	425	4	7	5	0	441
12317	14	2	3	424	0	443
12318	6	430	5	8	0	449
12319	5	7	5	443	0	460
12320	5	8	439	5	0	457
12321	425	3	6	7	0	441
12322	7	2	444	2	0	455
12323	7	2	420	2	0	431
12324	403	1	11	5	0	420
12325	9	420	6	3	0	438
12326	431	6	5	2	0	444
12327	430	2	6	4	0	442
12328	12	1	420	1	0	434
12329	415	2	5	3	0	425
12330	8	3	415	1	0	427
12331	6	0	388	2	0	396
12332	4	2	403	1	0	410
12333	0	360	8	3	0	371
12334	308	8	10	1	0	327
12335	310	3	2	1	0	316
12336	307	1	2	0	0	310
12337	309	2	1	1	0	313
12338	7	0	309	1	0	317
12339	6	0	4	295	0	305
12340	3	1	3	304	0	311
12341	304	2	1	5	0	312
12342	4	303	1	4	0	312
12343	7	2	2	293	0	304
12344	292	1	0	8	0	301
12345	3	0	294	3	0	300
12346	4	1	2	279	0	286
12347	3	1	297	3	0	304
12348	2	298	3	4	0	307
12349	2	4	2	276	0	284
12350	277	2	1	6	0	286
12351	5	0	2	284	0	291
12352	2	2	289	4	0	297
12353	1	288	4	3	0	296
12354	285	3	3	4	0	295
12355	6	1	283	1	0	291
12356	278	1	5	1	0	285
12357	4	288	2	2	0	296
12358	289	4	2	1	0	296
12359	291	1	2	4	0	298
12360	8	0	2	296	0	306
12361	2	2	290	6	0	300
12362	2	289	3	1	0	295
12363	4	5	2	305	0	316
12364	2	1	1	315	0	319
12365	2	3	2	326	0	333
12366	5	1	2	334	0	342
12367	1	388	2	9	0	400
12368	410	9	1	5	0	425
12369	10	411	1	2	0	424
12370	6	9	1	435	0	451
12371	436	4	1	9	0	450
12372	10	3	2	433	0	448
12373	7	1	424	10	0	442
12374	0	430	9	7	0	446
12375	2	10	3	426	0	441
12376	2	3	1	438	0	444
12377	409	4	2	11	0	426
12378	11	1	404	5	0	421
12379	402	2	10	3	0	417
12380	409	0	4	6	0	419
12381	407	2	1	4	0	414
12382	15	3	391	2	0	411
12383	7	3	11	386	0	407
12384	6	1	3	396	0	406
12385	6	1	392	13	0	412
12386	4	1	400	7	0	412
12387	390	0	15	3	0	408
12388	13	2	4	407	0	426
12389	407	2	4	12	0	425
12390	414	1	4	9	0	428
12391	19	0	3	404	0	426
12392	7	1	414	14	0	436
12393	400	0	14	6	0	420
12394	16	2	5	424	0	447
12395	13	1	419	11	0	444
12396	3	422	14	8	0	447
12397	412	9	5	5	0	431
12398	13	422	2	6	0	443
12399	5	8	3	390	0	406
12400	5	423	5	10	0	443
12401	419	11	2	7	0	439
12402	417	3	6	4	0	430
12403	14	414	1	2	0	431
12404	419	10	0	8	0	437
12405	422	4	2	4	0	432
12406	16	407	3	3	0	429
12407	420	10	3	5	0	438
12408	16	7	1	410	0	434
12409	9	0	2	423	0	434
12410	416	3	1	12	0	432
12411	13	3	3	400	0	419
12412	6	401	2	10	0	419
12413	400	9	1	8	0	418
12414	393	5	2	3	0	403
12415	13	403	2	3	0	421
12416	399	11	2	3	0	415
12417	406	5	0	4	0	415
12418	20	2	0	392	0	414
12419	7	4	382	11	0	404
12420	5	389	7	6	0	407
12421	396	7	3	1	0	407
12422	387	4	1	5	0	397
12423	13	3	376	4	0	396
12424	386	3	8	4	0	401
12425	11	4	362	5	0	382
12426	371	3	8	4	0	386
12427	14	3	5	369	0	391
12428	7	2	365	11	0	385
12429	5	3	369	5	0	382
12430	9	2	10	363	0	384
12431	7	1	2	365	0	375
12432	5	3	345	14	0	367
12433	6	2	14	349	0	371
12434	7	3	357	10	0	377
12435	4	5	10	354	0	373
12436	10	2	6	350	0	368
12437	5	345	4	11	0	365
12438	6	343	3	7	0	359
12439	5	356	7	4	0	372
12440	3	12	3	357	0	375
12441	3	4	3	365	0	375
12442	5	3	352	13	0	373
12443	345	2	11	7	0	365
12444	355	3	6	5	0	369
12445	15	346	2	6	0	369
12446	348	10	5	5	0	368
12447	14	4	1	347	0	366
12448	349	0	6	11	0	366
12449	355	3	2	7	0	367
12450	11	1	5	351	0	368
12451	339	2	2	11	0	354
12452	6	318	4	4	0	332
12453	6	331	4	1	0	342
12454	2	9	4	319	0	334
12455	3	332	1	10	0	346
12456	4	6	1	320	0	331
12457	4	4	1	330	0	339
12458	317	3	2	6	0	328
12459	6	315	0	6	0	327
12460	311	6	2	3	0	322
12461	304	3	2	7	0	316
12462	8	303	2	5	0	318
12463	294	4	4	4	0	306
12464	8	3	283	3	0	297
12465	7	269	5	1	0	282
12466	256	4	2	2	0	264
12467	2	1	212	2	0	217
12468	1	174	2	1	0	178
12469	2	182	2	1	0	187
12470	157	1	2	1	0	161
12471	156	0	1	1	0	158
12472	153	0	1	0	0	154
12473	0	154	0	0	0	154
12474	0	2	0	154	0	156
12475	156	0	1	1	0	158
12476	157	1	0	1	0	159
12477	1	0	0	162	0	163
12478	0	0	165	1	0	166
12479	1	0	161	2	0	164
12480	2	1	0	164	0	167
12481	3	0	0	158	0	161
12482	1	1	160	1	0	163
12483	2	1	1	157	0	161
12484	2	162	1	0	0	165
12485	159	1	1	0	0	161
12486	1	0	0	156	0	157
12487	144	0	1	0	0	145
12488	0	160	0	0	0	160
12489	1	156	0	0	0	157
12490	154	0	0	1	0	155
12491	0	0	155	0	0	155
12492	132	1	0	1	0	134
12493	1	137	0	0	0	138
12494	1	0	0	129	0	130
12495	124	0	0	1	0	125
12496	0	1	0	127	0	128
12497	137	0	0	1	0	138
12498	136	0	0	0	0	136
12499	1	142	1	0	0	144
12500	138	0	1	1	0	140
12501	0	136	1	0	0	137
12502	139	0	1	0	0	140
12503	0	0	0	139	0	139
12504	141	0	0	1	0	142
12505	0	0	0	143	0	143
12506	145	0	0	2	0	147
12507	148	1	0	1	0	150
12508	150	0	0	2	0	152
12509	153	0	0	1	0	154
12510	152	0	0	1	0	153
12511	0	0	0	156	0	156
12512	152	1	0	1	0	154
12513	1	148	0	0	0	149
12514	0	0	154	0	0	154
12515	1	0	0	152	0	153
12516	0	1	155	0	0	156
12517	1	0	0	157	0	158
12518	1	0	160	2	0	163
12519	161	0	2	1	0	164
12520	3	0	0	164	0	167
12521	1	0	163	2	0	166
12522	0	1	171	0	0	172
12523	1	0	1	172	0	174
12524	190	1	0	2	0	193
12525	4	203	0	0	0	207
12526	207	3	0	1	0	211
12527	209	0	0	0	0	209
12528	3	201	0	1	0	205
12529	222	3	0	1	0	226
12530	4	0	0	218	0	222
12531	1	0	0	220	0	221
12532	1	0	0	221	0	222
12533	216	0	0	5	0	221
12534	3	219	0	3	0	225
12535	1	2	0	224	0	227
12536	0	1	0	225	0	226
12537	225	0	0	3	0	228
12538	3	0	0	225	0	228
12539	0	0	231	2	0	233
12540	0	245	4	1	0	250
12541	249	5	1	0	0	255
12542	6	0	0	248	0	254
12543	1	254	0	4	0	259
12544	250	5	1	2	0	258
12545	5	1	259	1	0	266
12546	1	256	5	1	0	263
12547	259	5	1	1	0	266
12548	5	2	1	259	0	267
12549	2	1	0	260	0	263
12550	2	0	262	6	0	270
12551	1	1	5	255	0	262
12552	1	0	294	6	0	301
12553	1	0	280	2	0	283
12554	0	0	294	1	0	295
12555	294	0	7	3	0	304
12556	298	0	2	0	0	300
12557	307	0	1	0	0	308
12558	8	1	0	299	0	308
12559	2	300	0	4	0	306
12560	1	309	0	1	0	311
12561	307	6	0	1	0	314
12562	315	3	0	1	0	319
12563	5	318	0	0	0	323
12564	316	5	0	2	0	323
12565	6	1	315	0	0	322
12566	2	1	310	0	0	313
12567	2	0	5	302	0	309
12568	0	0	2	312	0	314
12569	2	0	302	7	0	311
12570	0	0	6	300	0	306
12571	302	0	1	7	0	310
12572	5	0	302	1	0	308
12573	295	0	6	2	0	303
12574	7	0	2	307	0	316
12575	2	1	320	5	0	328
12576	2	327	6	1	0	336
12577	332	3	1	2	0	338
12578	5	1	326	1	0	333
12579	318	3	5	2	0	328
12580	7	1	1	327	0	336
12581	327	0	2	5	0	334
12582	8	0	357	2	0	367
12583	1	1	5	359	0	366
12584	371	2	2	7	0	382
12585	385	0	3	2	0	390
12586	392	0	2	6	0	400
12587	391	3	0	0	0	394
12588	11	0	0	371	0	382
12589	3	0	3	368	0	374
12590	3	2	367	6	0	378
12591	5	0	5	363	0	373
12592	2	0	2	357	0	361
12593	1	368	3	5	0	377
12594	371	5	2	6	0	384
12595	377	1	1	5	0	384
12596	7	393	1	0	0	401
12597	4	6	2	381	0	393
12598	3	1	3	386	0	393
12599	370	2	0	11	0	383
12600	8	0	394	4	0	406
12601	4	0	7	397	0	408
12602	2	0	407	9	0	418
12603	391	2	8	3	0	404
12604	411	2	1	5	0	419
12605	416	0	2	2	0	420
12606	11	0	0	402	0	413
12607	4	2	0	409	0	415
12608	403	0	0	12	0	415
12609	6	0	398	5	0	409
12610	3	0	8	395	0	406
12611	396	0	1	10	0	407
12612	6	0	2	400	0	408
12613	1	1	442	8	0	452
12614	4	0	435	3	0	442
12615	428	0	6	5	0	439
12616	7	441	5	0	0	453
12617	454	5	1	5	0	465
12618	466	1	0	8	0	475
12619	7	2	1	471	0	481
12620	4	2	2	467	0	475
12621	3	466	0	7	0	476
12622	472	4	3	7	0	486
12623	7	477	1	3	0	488
12624	2	490	1	2	0	495
12625	6	5	1	479	0	491
12626	475	2	1	7	0	485
12627	482	2	1	6	0	491
12628	8	0	0	486	0	494
12629	6	0	1	470	0	477
12630	6	0	0	478	0	484
12631	470	0	0	8	0	478
12632	2	1	473	6	0	482
12633	2	472	5	4	0	483
12634	462	5	4	2	0	473
12635	5	2	2	466	0	475
12636	1	3	466	7	0	477
12637	4	3	454	2	0	463
12638	3	461	5	2	0	471
12639	2	462	3	2	0	469
12640	3	3	2	443	0	451
12641	0	407	1	3	0	411
12642	2	3	0	431	0	436
12643	0	0	1	443	0	444
12644	442	2	0	6	0	450
12645	3	0	0	442	0	445
12646	0	0	0	442	0	442
12647	1	1	438	2	0	442
12648	2	0	3	439	0	444
12649	441	1	0	9	0	451
12650	446	1	1	3	0	451
12651	2	469	0	1	0	472
12652	439	3	0	5	0	447
12653	2	0	443	0	0	445
12654	0	460	3	1	0	464
12655	5	3	0	453	0	461
12656	3	2	1	460	0	466
12657	1	2	0	460	0	463
12658	455	1	1	5	0	462
12659	438	0	0	5	0	443
12660	4	0	441	2	0	447
12661	3	0	426	0	0	429
12662	1	1	435	2	0	439
12663	1	440	3	1	0	445
12664	1	447	3	0	0	451
12665	448	3	1	3	0	455
12666	439	1	1	1	0	442
12667	3	1	1	450	0	455
12668	1	2	0	443	0	446
12669	4	458	1	2	0	465
12670	2	2	2	469	0	475
12671	0	3	462	3	0	468
12672	1	463	2	2	0	468
12673	2	2	0	466	0	470
12674	1	2	484	3	0	490
12675	2	0	2	457	0	461
12676	1	465	1	3	0	470
12677	471	3	2	1	0	477
12678	465	0	1	1	0	467
12679	470	0	1	2	0	473
12680	4	2	0	476	0	482
12681	1	2	0	484	0	487
12682	469	1	0	2	0	472
12683	3	471	1	0	0	475
12684	467	4	0	2	0	473
12685	2	1	517	2	0	522
12686	509	1	8	5	0	523
12687	528	0	1	4	0	533
12688	15	2	1	513	0	531
12689	530	1	0	11	0	542
12690	543	0	1	4	0	548
12691	10	0	2	536	0	548
12692	2	0	537	12	0	551
12693	510	2	10	3	0	525
12694	12	1	551	0	0	564
12695	3	560	10	0	0	573
12696	2	8	1	562	0	573
12697	0	1	0	588	0	589
12698	618	0	0	16	0	634
12699	12	1	630	1	0	644
12700	2	1	9	581	0	593
12701	3	608	2	10	0	623
12702	0	621	3	1	0	625
12703	2	12	0	625	0	639
12704	1	2	611	10	0	624
12705	2	1	11	615	0	629
12706	3	1	2	617	0	623
12707	2	0	601	13	0	616
12708	1	617	12	4	0	634
12709	595	12	4	1	0	612
12710	11	613	1	1	0	626
12711	4	12	1	600	0	617
12712	595	3	1	14	0	613
12713	9	569	2	3	0	583
12714	4	10	563	2	0	579
12715	551	2	12	1	0	566
12716	11	568	5	0	0	584
12717	560	10	1	3	0	574
12718	13	3	530	1	0	547
12719	536	3	10	1	0	550
12720	16	1	4	534	0	555
12721	4	0	542	13	0	559
12722	6	2	12	526	0	546
12723	1	529	2	13	0	545
12724	5	10	3	522	0	540
12725	1	4	0	537	0	542
12726	0	2	514	16	0	532
12727	4	1	10	525	0	540
12728	3	4	460	13	0	480
12729	2	518	8	4	0	532
12730	1	12	2	511	0	526
12731	0	4	523	14	0	541
12732	1	511	11	4	0	527
12733	1	541	3	3	0	548
12734	4	13	531	0	0	548
12735	1	5	535	1	0	542
12736	3	1	10	530	0	544
12737	519	0	2	15	0	536
12738	12	530	1	3	0	546
12739	5	13	1	522	0	541
12740	526	2	0	13	0	541
12741	12	522	2	2	0	538
12742	523	10	0	1	0	534
12743	15	531	0	0	0	546
12744	526	13	1	2	0	542
12745	524	2	1	3	0	530
12746	543	2	1	2	0	548
12747	16	553	0	4	0	573
12748	10	16	2	552	0	580
12749	6	5	544	16	0	571
12750	3	541	17	7	0	568
12751	7	16	6	521	0	550
12752	5	7	4	532	0	548
12753	4	2	514	21	0	541
12754	4	503	17	7	0	531
12755	496	14	6	5	0	521
12756	17	502	2	6	0	527
12757	9	16	1	498	0	524
12758	6	6	499	14	0	525
12759	490	2	16	6	0	514
12760	19	1	7	497	0	524
12761	5	4	496	17	0	522
12762	477	0	14	6	0	497
12763	15	492	8	4	0	519
12764	485	18	4	5	0	512
12765	498	6	2	5	0	511
12766	25	4	0	486	0	515
12767	7	3	477	16	0	503
12768	3	470	18	6	0	497
12769	1	15	468	4	0	488
12770	5	9	14	457	0	485
12771	4	3	4	482	0	493
12772	465	2	3	20	0	490
12773	17	1	468	7	0	493
12774	5	449	16	3	0	473
12775	7	11	5	444	0	467
12776	4	6	3	463	0	476
12777	443	5	2	20	0	470
12778	17	446	3	6	0	472
12779	8	18	0	432	0	458
12780	417	7	1	18	0	443
12781	17	420	1	7	0	445
12782	415	14	1	2	0	432
12783	419	6	1	3	0	429
12784	17	401	1	3	0	422
12785	331	8	2	3	0	344
12786	9	339	2	0	0	350
12787	335	6	0	3	0	344
12788	334	5	3	4	0	346
12789	9	327	0	1	0	337
12790	310	6	2	2	0	320
12791	320	4	1	2	0	327
12792	328	2	0	1	0	331
12793	10	1	314	1	0	326
12794	4	1	293	1	0	299
12795	0	2	284	0	0	286
12796	273	2	11	0	0	286
12797	6	3	262	0	0	271
12798	4	1	205	1	0	211
12799	6	1	10	180	0	197
12800	180	1	3	7	0	191
12801	8	0	181	3	0	192
12802	3	1	197	0	0	201
12803	2	0	9	196	0	207
12804	4	1	4	197	0	206
12805	3	1	1	202	0	207
12806	2	0	199	8	0	209
12807	4	1	6	195	0	206
12808	192	0	4	8	0	204
12809	8	195	1	2	0	206
12810	3	5	3	194	0	205
12811	2	3	2	202	0	209
12812	1	0	196	10	0	207
12813	1	192	6	3	0	202
12814	191	6	4	2	0	203
12815	5	195	1	3	0	204
12816	4	6	0	197	0	207
12817	1	2	199	6	0	208
12818	2	2	7	210	0	221
12819	2	1	2	217	0	222
12820	221	2	0	11	0	234
12821	7	0	1	213	0	221
12822	2	220	2	6	0	230
12823	2	226	0	4	0	232
12824	2	10	225	1	0	238
12825	225	4	6	1	0	236
12826	6	1	2	232	0	241
12827	3	1	0	239	0	243
12828	2	0	2	240	0	244
12829	232	1	0	9	0	242
12830	7	237	0	3	0	247
12831	242	8	0	0	0	250
12832	7	3	231	0	0	241
12833	3	0	232	0	0	235
12834	235	0	9	1	0	245
12835	6	0	4	238	0	248
12836	2	0	1	238	0	241
12837	1	0	0	243	0	244
12838	0	0	237	8	0	245
12839	236	2	6	2	0	246
12840	245	0	3	1	0	249
12841	242	0	1	1	0	244
12842	8	0	2	235	0	245
12843	3	0	232	7	0	242
12844	0	0	229	4	0	233
12845	1	0	236	2	0	239
12846	0	226	6	2	0	234
12847	5	2	1	195	0	203
12848	199	0	0	3	0	202
12849	3	0	199	0	0	202
12850	199	0	2	0	0	201
12851	4	0	0	203	0	207
12852	2	0	1	207	0	210
12853	0	197	1	3	0	201
12854	0	204	0	0	0	204
12855	1	212	0	0	0	213
12856	2	2	0	212	0	216
12857	206	0	0	4	0	210
12858	211	0	1	1	0	213
12859	3	0	208	0	0	211
12860	195	0	3	2	0	200
12861	2	1	200	1	0	204
12862	3	2	2	198	0	205
12863	0	1	202	3	0	206
12864	204	1	2	0	0	207
12865	2	0	1	207	0	210
12866	2	0	210	2	0	214
12867	1	0	206	1	0	208
12868	210	0	2	0	0	212
12869	214	1	0	1	0	216
12870	1	221	0	0	0	222
12871	4	3	1	221	0	229
12872	0	0	224	3	0	227
12873	1	1	217	1	0	220
12874	3	1	2	220	0	226
12875	222	0	3	2	0	227
12876	3	218	1	1	0	223
12877	1	2	2	220	0	225
12878	214	0	0	5	0	219
12879	2	1	0	218	0	221
12880	2	215	0	3	0	220
12881	0	2	0	220	0	222
12882	218	0	2	4	0	224
12883	3	2	1	218	0	224
12884	224	0	1	3	0	228
12885	4	238	0	0	0	242
12886	234	3	0	2	0	239
12887	2	0	231	2	0	235
12888	227	0	3	3	0	233
12889	240	0	1	1	0	242
12890	3	244	0	1	0	248
12891	1	3	1	239	0	244
12892	0	2	239	2	0	243
12893	0	1	234	1	0	236
12894	214	2	4	0	0	220
12895	224	0	0	2	0	226
12896	1	229	0	2	0	232
12897	0	232	0	2	0	234
12898	228	1	1	1	0	231
12899	3	226	0	0	0	229
12900	1	228	0	0	0	229
12901	1	0	0	224	0	225
12902	0	0	0	221	0	221
12903	0	0	218	0	0	218
12904	0	0	1	206	0	207
12905	217	0	1	0	0	218
12906	0	1	218	0	0	219
12907	0	0	213	1	0	214
12908	1	0	0	209	0	210
12909	0	0	1	219	0	220
12910	1	0	0	219	0	220
12911	0	0	216	1	0	217
12912	2	0	0	208	0	210
12913	0	0	0	220	0	220
12914	216	0	0	1	0	217
12915	0	222	0	0	0	222
12916	217	0	0	0	0	217
12917	0	0	222	0	0	222
12918	195	0	0	3	0	198
12919	0	216	0	0	0	216
12920	199	0	0	1	0	200
12921	0	201	0	0	0	201
12922	192	0	0	0	0	192
12923	0	179	1	0	0	180
12924	0	184	0	1	0	185
12925	0	0	1	184	0	185
12926	182	0	1	2	0	185
12927	181	0	0	1	0	182
12928	188	0	0	1	0	189
12929	0	0	184	0	0	184
12930	0	0	180	0	0	180
12931	0	0	0	182	0	182
12932	0	184	0	0	0	184
12933	0	189	0	0	0	189
12934	0	0	0	189	0	189
12935	184	0	0	0	0	184
12936	187	0	0	0	0	187
12937	186	0	0	0	0	186
12938	1	0	186	0	0	187
12939	0	1	1	186	0	188
12940	0	0	190	1	0	191
12941	186	0	1	1	0	188
12942	193	0	0	0	0	193
12943	1	0	198	0	0	199
12944	1	0	1	190	0	192
12945	200	0	0	3	0	203
12946	1	0	0	204	0	205
12947	0	0	0	206	0	206
12948	1	0	0	209	0	210
12949	222	0	0	2	0	224
12950	3	0	0	228	0	231
12951	233	0	0	2	0	235
12952	3	255	0	0	0	258
12953	2	5	0	264	0	271
12954	1	1	0	269	0	271
12955	1	0	0	265	0	266
12956	256	1	0	9	0	266
12957	9	0	0	257	0	266
12958	3	0	0	257	0	260
12959	262	0	0	10	0	272
12960	268	0	0	3	0	271
12961	264	0	0	1	0	265
12962	8	0	253	1	0	262
12963	2	0	248	0	0	250
12964	256	0	8	0	0	264
12965	10	0	1	255	0	266
12966	2	0	1	254	0	257
12967	259	0	1	9	0	269
12968	268	0	0	1	0	269
12969	266	0	0	1	0	267
12970	7	254	0	4	0	265
12971	254	7	0	0	0	261
12972	252	2	0	3	0	257
12973	8	258	0	0	0	266
12974	1	268	0	0	0	269
12975	2	6	0	263	0	271
12976	274	1	0	8	0	283
12977	276	0	0	2	0	278
12978	276	1	0	1	0	278
12979	7	0	0	274	0	281
12980	271	0	0	8	0	279
12981	8	0	270	1	0	279
12982	262	0	7	1	0	270
12983	7	0	274	1	0	282
12984	2	0	263	0	0	265
12985	2	1	9	261	0	273
12986	266	0	1	9	0	276
12987	8	0	1	267	0	276
12988	1	0	269	7	0	277
12989	0	0	268	2	0	270
12990	3	0	7	264	0	274
12991	269	0	2	10	0	281
12992	7	276	1	1	0	285
12993	4	6	1	287	0	298
12994	4	1	0	297	0	302
12995	1	0	297	9	0	307
12996	1	1	288	2	0	292
12997	1	1	8	292	0	302
12998	295	0	1	9	0	305
12999	7	0	288	3	0	298
13000	3	0	8	290	0	301
13001	3	1	1	283	0	288
13002	3	0	0	297	0	300
13003	283	0	1	11	0	295
13004	8	0	279	4	0	291
13005	2	281	4	2	0	289
13006	4	6	1	285	0	296
13007	2	1	291	9	0	303
13008	2	287	9	1	0	299
13009	2	298	2	0	0	302
13010	290	8	0	2	0	300
13011	7	285	1	2	0	295
13012	290	7	1	1	0	299
13013	9	1	284	1	0	295
13014	5	0	8	291	0	304
13015	291	2	1	7	0	301
13016	12	290	0	1	0	303
13017	2	9	296	0	0	307
13018	4	2	8	282	0	296
13019	2	300	1	4	0	307
13020	2	8	0	302	0	312
13021	305	2	1	10	0	318
13022	10	311	0	3	0	324
13023	320	11	0	0	0	331
13024	328	2	0	3	0	333
13025	14	0	322	0	0	336
13026	3	345	9	1	0	358
13027	5	9	3	352	0	369
13028	1	2	374	11	0	388
13029	1	0	424	2	0	427
13030	1	1	16	427	0	445
13031	444	0	3	13	0	460
13032	451	0	2	5	0	458
13033	18	0	2	440	0	460
13034	4	0	445	14	0	463
13035	2	436	13	6	0	457
13036	451	11	4	2	0	468
13037	453	5	1	5	0	464
13038	16	454	1	2	0	473
13039	457	13	1	8	0	479
13040	13	5	449	1	0	468
13041	452	1	12	4	0	469
13042	454	1	6	2	0	463
13043	16	1	448	1	0	466
13044	10	0	14	438	0	462
13045	4	0	449	12	0	465
13046	2	428	12	10	0	452
13047	1	442	6	3	0	452
13048	2	14	2	424	0	442
13049	1	4	419	11	0	435
13050	2	396	12	4	0	414
13051	0	409	4	1	0	414
13052	382	10	1	0	0	393
13053	379	3	1	2	0	385
13054	10	0	2	380	0	392
13055	5	1	2	377	0	385
13056	0	381	1	9	0	391
13057	382	5	0	5	0	392
13058	382	3	1	0	0	386
13059	7	380	0	2	0	389
13060	5	6	1	383	0	395
13061	1	5	387	5	0	398
13062	4	0	5	385	0	394
13063	390	1	2	7	0	400
13064	5	2	1	399	0	407
13065	6	0	0	406	0	412
13066	399	0	4	9	0	412
13067	8	1	0	402	0	411
13068	5	400	1	6	0	412
13069	4	5	1	412	0	422
13070	4	3	1	414	0	422
13071	7	1	1	402	0	411
13072	0	410	0	7	0	417
13073	4	7	0	401	0	412
13074	2	2	397	7	0	408
13075	0	1	6	392	0	399
13076	3	1	383	6	0	393
13077	0	385	6	4	0	395
13078	3	4	2	391	0	400
13079	9	3	0	391	0	403
13080	3	2	1	395	0	401
13081	2	1	1	396	0	400
13082	0	1	388	9	0	398
13083	0	384	5	7	0	396
13084	4	6	3	386	0	399
13085	1	5	391	8	0	405
13086	2	0	8	390	0	400
13087	389	2	4	7	0	402
13088	6	2	378	8	0	394
13089	376	1	6	2	0	385
13090	7	1	3	378	0	389
13091	3	1	374	12	0	390
13092	4	372	6	4	0	386
13093	3	8	5	367	0	383
13094	3	5	376	8	0	392
13095	1	377	7	6	0	391
13096	0	8	5	381	0	394
13097	382	5	0	9	0	396
13098	385	2	3	5	0	395
13099	394	1	1	7	0	403
13100	13	2	387	1	0	403
13101	4	391	8	4	0	407
13102	4	7	4	388	0	403
13103	4	5	2	407	0	418
13104	415	1	2	10	0	428
13105	5	419	1	7	0	432
13106	420	7	1	5	0	433
13107	417	5	1	4	0	427
13108	420	2	1	4	0	427
13109	10	2	406	2	0	420
13110	417	1	6	2	0	426
13111	10	0	6	409	0	425
13112	9	0	1	418	0	428
13113	410	1	2	12	0	425
13114	9	3	2	401	0	415
13115	7	397	1	7	0	412
13116	3	6	0	397	0	406
13117	388	4	1	9	0	402
13118	7	1	385	5	0	398
13119	8	374	6	2	0	390
13120	3	5	4	369	0	381
13121	372	4	1	7	0	384
13122	6	0	369	4	0	379
13123	7	8	5	355	0	375
13124	2	2	361	6	0	371
13125	4	0	344	5	0	353
13126	5	1	326	0	0	332
13127	1	1	317	1	0	320
13128	2	2	304	2	0	310
13129	240	2	7	2	0	251
13130	2	239	3	0	0	244
13131	228	1	1	1	0	231
13132	224	1	0	4	0	229
13133	2	232	1	1	0	236
13134	2	235	0	0	0	237
13135	235	2	1	1	0	239
13136	225	2	1	1	0	229
13137	3	0	1	223	0	227
13138	3	220	1	2	0	226
13139	229	2	1	3	0	235
13140	2	222	0	0	0	224
13141	2	1	0	224	0	227
13142	225	2	0	2	0	229
13143	218	1	1	1	0	221
13144	3	0	0	225	0	228
13145	3	0	1	217	0	221
13146	0	0	223	3	0	226
13147	0	1	2	215	0	218
13148	1	0	222	1	0	224
13149	2	1	2	212	0	217
13150	2	0	1	214	0	217
13151	216	1	0	3	0	220
13152	215	0	0	1	0	216
13153	3	0	213	1	0	217
13154	204	0	1	1	0	206
13155	1	1	2	210	0	214
13156	2	0	215	2	0	219
13157	1	0	2	220	0	223
13158	1	0	1	233	0	235
13159	0	0	230	3	0	233
13160	5	0	1	232	0	238
13161	1	1	242	1	0	245
13162	2	0	1	256	0	259
13163	280	0	1	1	0	282
13164	4	287	0	5	0	296
13165	294	3	1	2	0	300
13166	3	302	0	2	0	307
13167	297	3	1	1	0	302
13168	4	294	1	2	0	301
13169	298	4	1	1	0	304
13170	4	297	0	1	0	302
13171	9	5	0	293	0	307
13172	4	6	295	3	0	308
13173	2	3	297	5	0	307
13174	3	1	9	292	0	305
13175	291	2	4	3	0	300
13176	4	294	1	8	0	307
13177	8	4	3	295	0	310
13178	1	5	300	4	0	310
13179	1	1	306	6	0	314
13180	2	0	9	287	0	298
13181	1	304	6	4	0	315
13182	304	4	0	4	0	312
13183	3	6	318	3	0	330
13184	7	0	303	0	0	310
13185	1	313	8	0	0	322
13186	311	5	4	4	0	324
13187	309	6	1	1	0	317
13188	10	1	3	303	0	317
13189	312	2	3	4	0	321
13190	306	4	1	8	0	319
13191	10	313	1	0	0	324
13192	314	1	2	1	0	318
13193	3	4	316	4	0	327
13194	8	2	5	320	0	335
13195	6	1	5	319	0	331
13196	318	2	1	10	0	331
13197	5	319	1	6	0	331
13198	323	3	3	1	0	330
13199	3	339	1	2	0	345
13200	5	341	1	2	0	349
13201	7	6	333	1	0	347
13202	2	6	325	1	0	334
13203	297	2	5	2	0	306
13204	308	3	5	3	0	319
13205	7	4	300	1	0	312
13206	6	285	5	1	0	297
13207	0	302	5	1	0	308
13208	298	5	2	0	0	305
13209	301	5	0	2	0	308
13210	8	2	1	299	0	310
13211	305	4	1	2	0	312
13212	5	3	0	302	0	310
13213	7	2	297	3	0	309
13214	4	0	286	7	0	297
13215	294	0	9	4	0	307
13216	5	3	4	297	0	309
13217	7	320	0	5	0	332
13218	324	4	3	6	0	337
13219	322	7	3	2	0	334
13220	9	1	328	1	0	339
13221	333	1	4	2	0	340
13222	338	3	5	4	0	350
13223	10	1	2	331	0	344
13224	8	328	2	7	0	345
13225	5	341	1	3	0	350
13226	3	8	2	348	0	361
13227	5	4	4	332	0	345
13228	2	2	1	345	0	350
13229	1	3	331	8	0	343
13230	2	3	323	6	0	334
13231	2	2	6	330	0	340
13232	2	1	337	6	0	346
13233	5	0	325	6	0	336
13234	4	2	9	326	0	341
13235	0	1	360	2	0	363
13236	1	350	6	6	0	363
13237	369	3	6	4	0	382
13238	5	3	3	370	0	381
13239	6	368	2	4	0	380
13240	3	3	383	5	0	394
13241	2	7	3	368	0	380
13242	3	3	393	2	0	401
13243	5	1	3	390	0	399
13244	3	3	5	402	0	413
13245	1	1	422	9	0	433
13246	7	1	5	413	0	426
13247	2	420	5	5	0	432
13248	1	1	4	438	0	444
13249	0	6	431	9	0	446
13250	3	2	5	435	0	445
13251	423	0	6	10	0	439
13252	4	427	2	6	0	439
13253	7	5	0	435	0	447
13254	2	4	442	5	0	453
13255	0	434	7	8	0	449
13256	6	428	4	2	0	440
13257	2	9	427	1	0	439
13258	4	8	3	398	0	413
13259	6	2	6	401	0	415
13260	0	3	411	10	0	424
13261	2	395	4	5	0	406
13262	1	381	5	2	0	389
13263	349	1	1	2	0	353
13264	1	348	2	2	0	353
13265	345	1	0	5	0	351
13266	1	2	1	344	0	348
13267	361	0	0	7	0	368
13268	1	1	365	1	0	368
13269	354	0	1	3	0	358
13270	3	1	0	370	0	374
13271	0	369	0	2	0	371
13272	374	1	0	5	0	380
13273	3	0	1	383	0	387
13274	0	387	2	1	0	390
13275	1	409	0	0	0	410
13276	407	2	1	5	0	415
13277	411	0	1	2	0	414
13278	410	1	1	5	0	417
13279	3	0	1	401	0	405
13280	0	399	0	2	0	401
13281	0	406	0	0	0	406
13282	3	2	1	397	0	403
13283	395	1	0	4	0	400
13284	384	0	1	2	0	387
13285	389	0	0	6	0	395
13286	3	1	390	1	0	395
13287	0	1	386	1	0	388
13288	413	1	3	6	0	423
13289	3	2	0	419	0	424
13290	2	1	0	419	0	422
13291	2	0	1	409	0	412
13292	0	1	0	413	0	414
13293	1	1	410	2	0	414
13294	4	2	3	393	0	402
13295	1	0	397	5	0	403
13296	364	0	4	1	0	369
13297	2	387	1	1	0	391
13298	1	3	1	414	0	419
13299	0	1	3	402	0	406
13300	400	2	1	4	0	407
13301	398	0	1	2	0	401
13302	397	0	1	4	0	402
13303	395	3	1	0	0	399
13304	3	1	402	1	0	407
13305	2	1	380	2	0	385
13306	1	1	4	390	0	396
13307	396	0	1	4	0	401
13308	386	0	0	4	0	390
13309	5	0	393	2	0	400
13310	0	0	5	382	0	387
13311	390	2	1	5	0	398
13312	2	1	2	384	0	389
13313	1	2	396	4	0	403
13314	3	1	3	390	0	397
13315	403	0	2	5	0	410
13316	3	445	0	2	0	450
13317	444	4	0	2	0	450
13318	442	0	2	4	0	448
13319	444	2	2	0	0	448
13320	7	3	0	437	0	447
13321	439	2	1	6	0	448
13322	4	455	1	1	0	461
13323	3	469	2	2	0	476
13324	3	9	1	460	0	473
13325	466	3	1	8	0	478
13326	7	475	2	3	0	487
13327	541	10	0	3	0	554
13328	581	4	1	3	0	589
13329	13	596	2	2	0	613
13330	7	13	0	600	0	620
13331	4	4	0	615	0	623
13332	3	5	612	18	0	638
13333	7	1	15	608	0	631
13334	7	1	609	17	0	634
13335	2	586	15	5	0	608
13336	3	15	6	598	0	622
13337	579	3	4	19	0	605
13338	594	2	3	7	0	606
13339	20	2	1	590	0	613
13340	6	3	569	14	0	592
13341	535	2	14	10	0	561
13342	16	553	2	6	0	577
13343	4	560	3	2	0	569
13344	5	565	0	6	0	576
13345	3	20	5	543	0	571
13346	2	7	559	13	0	581
13347	6	4	14	545	0	569
13348	4	4	562	15	0	585
13349	2	4	564	5	0	575
13350	3	2	568	5	0	578
13351	8	0	20	542	0	570
13352	5	1	8	581	0	595
13353	5	2	7	586	0	600
13354	4	1	4	563	0	572
13355	562	3	5	21	0	591
13356	13	558	3	8	0	582
13357	553	14	1	13	0	581
13358	18	569	1	6	0	594
13359	6	14	3	578	0	601
13360	8	3	2	594	0	607
13361	601	3	3	16	0	623
13362	611	2	0	7	0	620
13363	611	3	2	7	0	623
13364	616	4	1	6	0	627
13365	608	1	1	10	0	620
13366	20	597	1	4	0	622
13367	589	15	1	6	0	611
13368	20	584	1	1	0	606
13369	576	17	2	4	0	599
13370	17	5	588	1	0	611
13371	6	4	14	594	0	618
13372	4	608	4	15	0	631
13373	3	14	3	598	0	618
13374	3	5	597	16	0	621
13375	10	3	12	577	0	602
13376	570	1	5	23	0	599
13377	13	573	4	6	0	596
13378	6	593	0	4	0	603
13379	4	18	590	2	0	614
13380	2	7	14	590	0	613
13381	3	608	5	14	0	630
13382	7	13	2	620	0	642
13383	2	7	631	16	0	656
13384	2	609	14	8	0	633
13385	3	15	620	3	0	641
13386	2	6	629	5	0	642
13387	6	5	15	611	0	637
13388	616	2	5	15	0	638
13389	17	3	4	613	0	637
13390	6	5	624	14	0	649
13391	6	1	17	624	0	648
13392	1	5	657	16	0	679
13393	2	3	653	11	0	669
13394	658	2	20	9	0	689
13395	696	2	9	12	0	719
13396	704	1	8	10	0	723
13397	19	3	691	4	0	717
13398	6	6	684	2	0	698
13399	8	1	18	665	0	692
13400	5	0	8	679	0	692
13401	672	2	4	21	0	699
13402	16	3	1	680	0	700
13403	5	2	687	18	0	712
13404	4	1	667	11	0	683
13405	2	671	18	5	0	696
13406	7	14	8	676	0	705
13407	4	5	691	13	0	713
13408	6	5	15	668	0	694
13409	676	1	9	19	0	705
13410	13	1	697	7	0	718
13411	8	2	14	677	0	701
13412	10	0	8	698	0	716
13413	2	0	684	19	0	705
13414	8	0	13	673	0	694
13415	6	1	682	15	0	704
13416	631	3	18	7	0	659
13417	17	1	6	630	0	654
13418	7	633	8	16	0	664
13419	638	12	5	14	0	669
13420	630	5	5	9	0	649
13421	18	630	5	1	0	654
13422	15	28	4	560	0	607
13423	2	577	1	16	0	596
13424	4	589	2	5	0	600
13425	6	10	573	4	0	593
13426	4	538	12	8	0	562
13427	3	13	469	3	0	488
13428	401	1	3	4	0	409
13429	410	1	1	5	0	417
13430	1	415	1	0	0	417
13431	2	412	0	0	0	414
13432	1	419	0	1	0	421
13433	416	2	0	3	0	421
13434	2	1	0	428	0	431
13435	2	2	446	0	0	450
13436	0	443	1	1	0	445
13437	0	1	2	448	0	451
13438	2	3	0	438	0	443
13439	0	492	0	3	0	495
13440	539	3	0	5	0	547
13441	4	2	538	1	0	545
13442	5	1	5	656	0	667
13443	1	716	4	10	0	731
13444	713	14	0	5	0	732
13445	14	4	702	1	0	721
13446	3	695	15	1	0	714
13447	6	15	3	677	0	701
13448	1	2	678	13	0	694
13449	658	2	12	8	0	680
13450	16	1	4	660	0	681
13451	4	5	665	13	0	687
13452	4	659	14	3	0	680
13453	639	13	4	8	0	664
13454	13	659	4	1	0	677
13455	655	17	0	1	0	673
13456	667	3	1	3	0	674
13457	16	2	1	641	0	660
13458	6	610	0	12	0	628
13459	3	13	622	4	0	642
13460	3	3	15	616	0	637
13461	8	2	7	572	0	589
13462	3	1	2	626	0	632
13463	6	0	3	620	0	629
13464	4	1	1	623	0	629
13465	613	2	0	19	0	634
13466	602	0	1	9	0	612
13467	603	1	1	4	0	609
13468	18	604	1	1	0	624
13469	5	15	611	2	0	633
13470	3	6	610	0	0	619
13471	3	3	621	1	0	628
13472	8	2	17	598	0	625
13473	4	4	8	611	0	627
13474	7	1	2	618	0	628
13475	3	2	599	21	0	625
13476	1	600	15	8	0	624
13477	3	16	606	3	0	628
13478	3	4	622	4	0	633
13479	2	3	17	608	0	630
13480	2	7	614	15	0	638
13481	8	0	16	601	0	625
13482	593	1	5	22	0	621
13483	605	3	4	10	0	622
13484	19	5	591	4	0	619
13485	15	0	16	588	0	619
13486	4	3	596	17	0	620
13487	5	604	16	5	0	630
13488	597	18	4	6	0	625
13489	19	4	601	4	0	628
13490	9	569	18	4	0	600
13491	5	576	7	9	0	597
13492	5	583	8	4	0	600
13493	4	22	543	5	0	574
13494	7	9	18	506	0	540
13495	4	531	6	16	0	557
13496	6	18	8	522	0	554
13497	14	6	4	541	0	565
13498	519	6	2	25	0	552
13499	22	528	8	7	0	565
13500	516	19	8	7	0	550
13501	18	511	5	8	0	542
13502	6	537	6	7	0	556
13503	7	23	513	7	0	550
13504	13	6	18	507	0	544
13505	5	6	510	24	0	545
13506	8	503	20	12	0	543
13507	6	19	503	8	0	536
13508	8	7	510	6	0	531
13509	4	508	20	7	0	539
13510	482	17	9	9	0	517
13511	17	493	9	12	0	531
13512	491	20	8	11	0	530
13513	21	7	487	12	0	527
13514	7	3	507	11	0	528
13515	10	479	20	13	0	522
13516	483	15	11	7	0	516
13517	20	488	4	8	0	520
13518	8	18	9	493	0	528
13519	494	6	8	18	0	526
13520	21	5	497	5	0	528
13521	7	6	21	493	0	527
13522	478	4	8	25	0	515
13523	14	490	11	12	0	527
13524	9	18	9	495	0	531
13525	4	7	498	19	0	528
13526	489	4	24	10	0	527
13527	17	4	12	492	0	525
13528	6	2	490	23	0	521
13529	7	4	20	464	0	495
13530	7	470	9	23	0	509
13531	6	21	475	6	0	508
13532	13	6	21	456	0	496
13533	448	5	8	18	0	479
13534	21	2	6	437	0	466
13535	408	4	9	18	0	439
13536	16	415	2	9	0	442
13537	408	16	6	1	0	431
13538	17	8	401	2	0	428
13539	8	3	342	4	0	357
13540	4	4	285	3	0	296
13541	2	274	17	2	0	295
13542	9	3	10	64	0	86
13543	0	0	0	65	0	65
13544	2	0	0	62	0	64
13545	0	0	0	64	0	64
13546	0	0	65	0	0	65
13547	64	0	0	1	0	65
13548	0	70	0	0	0	70
13549	70	0	1	0	0	71
13550	0	0	0	69	0	69
13551	1	71	0	0	0	72
13552	0	0	0	69	0	69
13553	70	0	0	1	0	71
13554	0	81	0	0	0	81
13555	79	0	0	0	0	79
13556	78	0	1	0	0	79
13557	0	0	1	82	0	83
13558	0	0	85	0	0	85
13559	81	1	0	0	0	82
13560	0	0	0	87	0	87
13561	89	0	0	1	0	90
13562	89	0	0	1	0	90
13563	86	0	0	2	0	88
13564	0	0	90	0	0	90
13565	0	0	0	90	0	90
13566	88	1	0	0	0	89
13567	1	0	94	0	0	95
13568	0	97	0	1	0	98
13569	0	1	0	95	0	96
13570	0	0	96	1	0	97
13571	0	0	101	0	0	101
13572	0	1	0	103	0	104
13573	1	0	0	106	0	107
13574	1	0	0	106	0	107
13575	0	0	0	108	0	108
13576	0	0	105	0	0	105
13577	1	109	0	0	0	110
13578	1	0	0	115	0	116
13579	118	0	0	1	0	119
13580	121	0	0	1	0	122
13581	124	0	0	0	0	124
13582	0	0	1	124	0	125
13583	1	0	0	122	0	123
13584	1	119	0	0	0	120
13585	0	124	0	0	0	124
13586	1	0	0	124	0	125
13587	120	0	0	1	0	121
13588	122	0	0	0	0	122
13589	124	0	0	2	0	126
13590	128	0	0	0	0	128
13591	125	0	0	0	0	125
13592	0	127	0	0	0	127
13593	0	1	0	128	0	129
13594	138	0	0	0	0	138
13595	136	0	0	1	0	137
13596	0	0	0	136	0	136
13597	0	0	0	138	0	138
13598	0	0	136	0	0	136
13599	0	0	0	133	0	133
13600	2	0	0	134	0	136
13601	0	0	151	0	0	151
13602	0	0	0	141	0	141
13603	0	153	0	0	0	153
13604	0	0	156	0	0	156
13605	0	153	0	0	0	153
13606	0	0	0	160	0	160
13607	0	0	0	163	0	163
13608	0	159	0	0	0	159
13609	0	161	0	2	0	163
13610	171	0	0	0	0	171
13611	166	0	0	0	0	166
13612	1	0	168	0	0	169
13613	171	0	0	2	0	173
13614	180	1	0	1	0	182
13615	183	0	0	0	0	183
13616	185	0	0	0	0	185
13617	0	0	176	0	0	176
13618	0	0	166	0	0	166
13619	181	0	0	0	0	181
13620	0	188	0	0	0	188
13621	0	0	196	0	0	196
13622	195	0	0	0	0	195
13623	192	0	0	0	0	192
13624	0	0	189	0	0	189
13625	192	0	0	0	0	192
13626	1	0	0	206	0	207
13627	0	0	222	0	0	222
13628	212	0	0	0	0	212
13629	0	228	0	0	0	228
13630	236	0	0	0	0	236
13631	266	0	0	1	0	267
13632	1	0	0	266	0	267
13633	0	0	0	258	0	258
13634	0	0	0	266	0	266
13635	264	0	0	0	0	264
13636	274	0	0	0	0	274
13637	0	0	0	275	0	275
13638	1	0	0	271	0	272
13639	1	0	265	1	0	267
13640	262	0	0	1	0	263
13641	0	0	1	272	0	273
13642	1	0	0	270	0	271
13643	0	271	0	1	0	272
13644	0	0	0	275	0	275
13645	0	1	0	272	0	273
13646	269	0	0	2	0	271
13647	0	270	0	1	0	271
13648	0	0	0	281	0	281
13649	0	1	0	278	0	279
13650	0	0	0	272	0	272
13651	0	1	271	1	0	273
13652	0	0	1	268	0	269
13653	269	0	1	1	0	271
13654	0	0	272	1	0	273
13655	1	0	0	271	0	272
13656	1	0	1	275	0	277
13657	272	0	0	2	0	274
13658	262	0	0	2	0	264
13659	1	0	266	0	0	267
13660	238	0	0	1	0	239
13661	1	0	262	0	0	263
13662	260	0	0	0	0	260
13663	3	291	1	0	0	295
13664	299	3	0	0	0	302
13665	5	293	0	0	0	298
13666	304	5	1	1	0	311
13667	4	304	0	0	0	308
13668	1	4	0	309	0	314
13669	2	1	0	308	0	311
13670	0	2	0	309	0	311
13671	0	293	0	8	0	301
13672	1	3	0	300	0	304
13673	0	299	0	3	0	302
13674	0	5	0	302	0	307
13675	298	1	0	7	0	306
13676	292	2	0	2	0	296
13677	5	295	0	2	0	302
13678	4	4	0	293	0	301
13679	291	2	0	6	0	299
13680	4	289	2	2	0	297
13681	3	291	0	2	0	296
13682	285	6	0	1	0	292
13683	286	3	2	0	0	291
13684	6	288	0	1	0	295
13685	285	4	0	4	0	293
13686	6	1	1	288	0	296
13687	1	2	300	5	0	308
13688	303	1	5	2	0	311
13689	303	0	1	5	0	309
13690	9	1	304	0	0	314
13691	310	1	5	4	0	320
13692	320	1	1	2	0	324
13693	325	0	2	3	0	330
13694	11	313	0	0	0	324
13695	322	6	0	1	0	329
13696	325	2	0	2	0	329
13697	6	2	0	322	0	330
13698	6	0	1	323	0	330
13699	3	2	0	329	0	334
13700	325	0	0	13	0	338
13701	5	3	0	322	0	330
13702	324	0	1	9	0	334
13703	331	1	0	4	0	336
13704	9	0	0	317	0	326
13705	5	2	1	327	0	335
13706	4	1	0	334	0	339
13707	330	0	0	10	0	340
13708	6	325	0	4	0	335
13709	1	8	0	340	0	349
13710	4	1	1	343	0	349
13711	338	3	0	8	0	349
13712	333	1	0	8	0	342
13713	9	0	331	3	0	343
13714	5	0	323	2	0	330
13715	351	0	8	1	0	360
13716	6	0	4	359	0	369
13717	6	0	2	426	0	434
13718	3	1	429	9	0	442
13719	1	2	9	422	0	434
13720	2	419	2	10	0	433
13721	2	443	2	3	0	450
13722	436	11	0	4	0	451
13723	9	3	435	0	0	447
13724	3	452	5	2	0	462
13725	3	9	2	454	0	468
13726	2	3	446	9	0	460
13727	3	3	7	432	0	445
13728	2	0	5	441	0	448
13729	1	0	434	12	0	447
13730	3	435	8	4	0	450
13731	2	9	2	420	0	433
13732	416	1	3	11	0	431
13733	419	3	2	4	0	428
13734	421	1	0	10	0	432
13735	13	412	2	3	0	430
13736	416	8	1	2	0	427
13737	13	3	0	415	0	431
13738	2	5	404	10	0	421
13739	404	1	11	4	0	420
13740	10	411	2	5	0	428
13741	6	9	5	410	0	430
13742	7	1	4	421	0	433
13743	2	414	4	15	0	435
13744	3	9	2	428	0	442
13745	1	5	2	437	0	445
13746	5	5	2	435	0	447
13747	422	2	2	17	0	443
13748	420	2	2	10	0	434
13749	14	1	418	6	0	439
13750	8	4	11	416	0	439
13751	6	3	3	437	0	449
13752	0	1	5	438	0	444
13753	426	3	4	13	0	446
13754	9	1	417	10	0	437
13755	407	3	11	11	0	432
13756	433	0	2	4	0	439
13757	14	3	4	429	0	450
13758	433	2	1	15	0	451
13759	14	4	421	4	0	443
13760	417	2	8	8	0	435
13761	16	443	1	4	0	464
13762	3	8	437	3	0	451
13763	7	1	445	2	0	455
13764	5	3	9	439	0	456
13765	4	2	452	8	0	466
13766	424	2	7	9	0	442
13767	5	440	4	5	0	454
13768	433	6	2	7	0	448
13769	8	3	3	447	0	461
13770	3	3	445	11	0	462
13771	3	3	446	7	0	459
13772	7	1	8	453	0	469
13773	460	1	5	10	0	476
13774	8	446	3	8	0	465
13775	5	471	3	9	0	488
13776	464	7	5	5	0	481
13777	9	468	1	9	0	487
13778	469	7	2	6	0	484
13779	10	4	4	466	0	484
13780	470	2	2	9	0	483
13781	8	3	2	466	0	479
13782	466	3	2	9	0	480
13783	11	1	3	461	0	476
13784	6	459	5	7	0	477
13785	456	8	0	8	0	472
13786	5	467	2	8	0	482
13787	3	6	455	3	0	467
13788	4	5	6	433	0	448
13789	3	457	4	9	0	473
13790	453	5	6	3	0	467
13791	448	5	1	6	0	460
13792	9	439	4	3	0	455
13793	7	6	439	4	0	456
13794	7	5	5	436	0	453
13795	6	440	5	4	0	455
13796	3	5	4	457	0	469
13797	11	1	3	451	0	466
13798	444	5	2	8	0	459
13799	6	447	2	6	0	461
13800	6	4	2	455	0	467
13801	454	10	0	4	0	468
13802	454	5	0	5	0	464
13803	444	1	1	10	0	456
13804	10	3	2	441	0	456
13805	440	2	1	7	0	450
13806	7	435	1	7	0	450
13807	432	3	2	6	0	443
13808	7	438	3	5	0	453
13809	434	7	1	4	0	446
13810	423	1	1	9	0	434
13811	8	8	4	416	0	436
13812	4	3	427	4	0	438
13813	5	5	424	2	0	436
13814	4	423	3	4	0	434
13815	409	3	0	5	0	417
13816	6	2	402	1	0	411
13817	298	0	1	4	0	303
13818	1	307	3	0	0	311
13819	1	317	1	0	0	319
13820	1	2	0	325	0	328
13821	1	334	0	1	0	336
13822	1	3	344	0	0	348
13823	3	0	5	334	0	342
13824	0	361	0	3	0	364
13825	1	5	0	360	0	366
13826	362	0	1	6	0	369
13827	2	1	1	365	0	369
13828	1	0	369	4	0	374
13829	0	369	4	1	0	374
13830	2	3	0	370	0	375
13831	0	1	0	372	0	373
13832	3	0	0	376	0	379
13833	370	0	0	5	0	375
13834	369	0	2	0	0	371
13835	3	0	370	0	0	373
13836	0	0	366	2	0	368
13837	1	366	2	0	0	369
13838	367	3	0	1	0	371
13839	4	1	0	367	0	372
13840	2	0	0	366	0	368
13841	3	1	1	361	0	366
13842	2	0	1	358	0	361
13843	0	1	353	4	0	358
13844	343	0	3	1	0	347
13845	4	0	0	382	0	386
13846	2	0	379	7	0	388
13847	390	0	7	5	0	402
13848	420	1	3	0	0	424
13849	14	0	470	0	0	484
13850	4	0	489	0	0	493
13851	3	0	14	469	0	486
13852	474	0	5	12	0	491
13853	484	0	0	7	0	491
13854	19	0	0	467	0	486
13855	6	0	2	482	0	490
13856	0	0	474	16	0	490
13857	1	0	12	474	0	487
13858	4	2	468	12	0	486
13859	446	0	12	6	0	464
13860	12	469	3	2	0	486
13861	450	12	1	2	0	465
13862	13	449	3	0	0	465
13863	437	12	0	3	0	452
13864	14	4	3	430	0	451
13865	8	0	1	436	0	445
13866	430	2	0	18	0	450
13867	437	0	0	7	0	444
13868	445	2	1	1	0	449
13869	449	0	1	2	0	452
13870	17	0	430	4	0	451
13871	430	0	12	3	0	445
13872	433	1	4	2	0	440
13873	435	0	2	1	0	438
13874	23	0	2	412	0	437
13875	410	1	1	15	0	427
13876	13	402	4	6	0	425
13877	10	14	2	410	0	436
13878	4	4	0	427	0	435
13879	4	2	410	21	0	437
13880	4	0	15	403	0	422
13881	2	414	5	17	0	438
13882	413	15	0	6	0	434
13883	16	416	3	3	0	438
13884	420	15	1	6	0	442
13885	16	5	4	412	0	437
13886	416	2	1	16	0	435
13887	18	392	2	6	0	418
13888	404	12	2	4	0	422
13889	410	7	1	5	0	423
13890	26	1	1	393	0	421
13891	10	2	0	415	0	427
13892	6	2	398	20	0	426
13893	4	2	13	396	0	415
13894	5	2	9	400	0	416
13895	7	2	383	20	0	412
13896	3	2	14	392	0	411
13897	7	0	387	16	0	410
13898	382	2	16	8	0	408
13899	20	0	4	382	0	406
13900	8	4	370	16	0	398
13901	376	0	15	8	0	399
13902	18	3	4	378	0	403
13903	12	2	379	12	0	405
13904	383	1	14	11	0	409
13905	18	3	4	386	0	411
13906	13	2	3	395	0	413
13907	391	2	2	21	0	416
13908	17	1	1	388	0	407
13909	13	1	3	396	0	413
13910	8	2	3	388	0	401
13911	3	379	1	24	0	407
13912	367	14	3	11	0	395
13913	383	6	1	2	0	392
13914	21	3	3	367	0	394
13915	374	1	1	20	0	396
13916	377	1	4	7	0	389
13917	385	3	2	4	0	394
13918	338	3	1	9	0	351
13919	375	1	3	3	0	382
13920	22	0	337	8	0	367
13921	7	2	324	7	0	340
13922	314	1	19	3	0	337
13923	15	307	7	6	0	335
13924	9	11	2	289	0	311
13925	6	5	286	14	0	311
13926	4	1	293	9	0	307
13927	5	4	21	275	0	305
13928	282	0	8	16	0	306
13929	12	4	1	280	0	297
13930	7	1	265	17	0	290
13931	279	0	15	5	0	299
13932	15	1	7	280	0	303
13933	7	0	1	294	0	302
13934	8	0	3	297	0	308
13935	4	2	1	295	0	302
13936	4	0	284	18	0	306
13937	9	1	14	282	0	306
13938	285	1	5	15	0	306
13939	14	1	281	10	0	306
13940	286	0	12	6	0	304
13941	298	1	5	7	0	311
13942	304	2	2	1	0	309
13943	302	1	0	3	0	306
13944	21	278	3	3	0	305
13945	5	248	4	2	0	259
13946	8	254	1	1	0	264
13947	233	7	8	3	0	251
13948	8	3	205	3	0	219
13949	127	1	6	0	0	134
13950	3	0	1	131	0	135
13951	128	1	0	3	0	132
13952	3	0	0	127	0	130
13953	129	1	0	3	0	133
13954	3	0	1	127	0	131
13955	2	0	0	134	0	136
13956	122	0	0	4	0	126
13957	3	151	0	2	0	156
13958	1	1	152	0	0	154
13959	1	147	3	0	0	151
13960	2	2	142	1	0	147
13961	2	2	2	138	0	144
13962	140	0	0	3	0	143
13963	2	0	1	141	0	144
13964	138	0	0	4	0	142
13965	2	150	0	1	0	153
13966	0	2	157	1	0	160
13967	0	155	2	1	0	158
13968	0	157	0	1	0	158
13969	149	2	1	0	0	152
13970	146	0	0	1	0	147
13971	1	150	0	1	0	152
13972	0	1	1	149	0	151
13973	1	0	0	148	0	149
13974	147	0	0	2	0	149
13975	2	0	150	0	0	152
13976	0	0	149	0	0	149
13977	0	1	1	153	0	155
13978	0	1	153	2	0	156
13979	145	1	1	0	0	147
13980	150	0	0	0	0	150
13981	1	147	1	0	0	149
13982	1	1	153	0	0	155
13983	0	0	1	155	0	156
13984	1	0	171	1	0	173
13985	1	0	1	167	0	169
13986	170	0	0	1	0	171
13987	1	172	0	1	0	174
13988	0	1	181	1	0	183
13989	1	184	1	0	0	186
13990	0	195	1	0	0	196
13991	194	1	1	0	0	196
13992	190	1	0	0	0	191
13993	1	0	196	0	0	197
13994	0	198	1	2	0	201
13995	1	1	0	201	0	203
13996	0	0	0	204	0	204
13997	1	0	0	202	0	203
13998	0	0	205	1	0	206
13999	1	0	2	204	0	207
14000	0	1	0	212	0	213
14001	216	1	0	1	0	218
14002	211	0	0	1	0	212
14003	207	0	1	0	0	208
14004	206	1	0	2	0	209
14005	207	0	0	1	0	208
14006	1	206	0	1	0	208
14007	208	1	0	0	0	209
14008	1	0	211	0	0	212
14009	1	0	2	202	0	205
14010	203	0	0	1	0	204
14011	0	202	1	0	0	203
14012	210	0	0	0	0	210
14013	212	0	0	0	0	212
14014	0	1	0	215	0	216
14015	0	0	1	207	0	208
14016	0	222	0	1	0	223
14017	0	0	1	232	0	233
14018	0	0	238	1	0	239
14019	1	0	0	240	0	241
14020	0	1	246	0	0	247
14021	228	0	0	2	0	230
14022	0	0	0	246	0	246
14023	0	0	254	0	0	254
14024	0	257	0	0	0	257
14025	0	253	0	0	0	253
14026	257	0	1	0	0	258
14027	0	0	0	258	0	258
14028	0	0	280	1	0	281
14029	0	285	0	0	0	285
14030	0	0	296	1	0	297
14031	292	0	1	0	0	293
14032	294	0	0	1	0	295
14033	296	0	1	0	0	297
14034	1	0	0	293	0	294
14035	0	1	297	1	0	299
14036	0	287	1	0	0	288
14037	2	1	0	298	0	301
14038	0	1	294	1	0	296
14039	1	1	290	0	0	292
14040	2	1	0	299	0	302
14041	302	0	2	1	0	305
14042	1	1	0	297	0	299
14043	3	0	1	294	0	298
14044	2	0	306	0	0	308
14045	3	0	0	301	0	304
14046	3	0	1	295	0	299
14047	0	1	311	2	0	314
14048	0	1	307	1	0	309
14049	0	1	1	304	0	306
14050	0	0	314	1	0	315
14051	0	0	1	314	0	315
14052	309	0	1	2	0	312
14053	1	333	0	2	0	336
14054	0	0	1	340	0	341
14055	0	0	334	1	0	335
14056	309	2	0	4	0	315
14057	1	319	1	1	0	322
14058	322	0	1	4	0	327
14059	0	0	2	327	0	329
14060	0	1	2	320	0	323
14061	332	1	2	3	0	338
14062	0	0	333	3	0	336
14063	325	0	1	4	0	330
14064	2	1	3	335	0	341
14065	336	0	0	6	0	342
14066	335	1	2	2	0	340
14067	2	0	1	337	0	340
14068	1	339	2	1	0	343
14069	350	0	1	1	0	352
14070	341	2	1	4	0	348
14071	2	1	347	1	0	351
14072	334	1	0	5	0	340
14073	2	0	1	346	0	349
14074	2	340	2	1	0	345
14075	1	1	1	340	0	343
14076	3	339	3	0	0	345
14077	331	1	0	4	0	336
14078	350	0	0	3	0	353
14079	5	2	1	364	0	372
14080	1	0	362	4	0	367
14081	2	1	356	4	0	363
14082	1	2	6	374	0	383
14083	381	0	3	5	0	389
14084	404	0	2	7	0	413
14085	5	409	1	2	0	417
14086	4	1	1	407	0	413
14087	2	5	417	1	0	425
14088	2	1	430	3	0	436
14089	3	6	5	452	0	466
14090	481	0	6	8	0	495
14091	7	0	2	486	0	495
14092	7	0	470	7	0	484
14093	472	0	7	6	0	485
14094	7	0	7	473	0	487
14095	12	0	2	475	0	489
14096	2	2	1	472	0	477
14097	1	472	0	14	0	487
14098	3	6	472	6	0	487
14099	0	4	459	4	0	467
14100	3	1	11	466	0	481
14101	4	1	467	5	0	477
14102	461	1	6	8	0	476
14103	6	1	6	472	0	485
14104	9	0	3	469	0	481
14105	2	1	2	471	0	476
14106	1	467	2	14	0	484
14107	470	5	1	10	0	486
14108	8	7	1	466	0	482
14109	462	1	2	10	0	475
14110	8	471	2	7	0	488
14111	471	6	1	7	0	485
14112	458	5	4	3	0	470
14113	461	3	2	7	0	473
14114	11	451	1	4	0	467
14115	9	453	4	1	0	467
14116	442	11	0	1	0	454
14117	6	434	1	4	0	445
14118	7	6	430	2	0	445
14119	1	422	7	4	0	434
14120	2	428	6	3	0	439
14121	422	11	2	5	0	440
14122	6	7	421	3	0	437
14123	7	3	406	1	0	417
14124	6	1	10	410	0	427
14125	399	1	22	9	0	431
14126	6	1	416	7	0	430
14127	9	2	5	410	0	426
14128	2	3	397	7	0	409
14129	4	2	389	5	0	400
14130	386	1	12	3	0	402
14131	6	3	392	2	0	403
14132	9	1	8	384	0	402
14133	6	2	5	378	0	391
14134	1	382	2	12	0	397
14135	3	393	1	7	0	404
14136	3	12	3	380	0	398
14137	0	9	384	6	0	399
14138	4	2	6	395	0	407
14139	2	1	6	398	0	407
14140	0	2	399	12	0	413
14141	4	1	6	401	0	412
14142	402	1	9	9	0	421
14143	6	3	401	5	0	415
14144	401	0	6	9	0	416
14145	8	1	11	396	0	416
14146	9	1	5	401	0	416
14147	5	409	1	15	0	430
14148	7	7	3	417	0	434
14149	2	6	5	420	0	433
14150	418	3	2	15	0	438
14151	7	2	3	422	0	434
14152	9	2	2	422	0	435
14153	399	1	3	17	0	420
14154	6	2	6	414	0	428
14155	7	2	2	390	0	401
14156	4	403	4	15	0	426
14157	405	6	5	9	0	425
14158	9	6	1	417	0	433
14159	9	2	2	425	0	438
14160	2	1	410	14	0	427
14161	4	2	6	411	0	423
14162	2	1	8	417	0	428
14163	400	1	5	17	0	423
14164	401	2	2	11	0	416
14165	14	3	0	406	0	423
14166	7	1	392	11	0	411
14167	7	387	6	9	0	409
14168	3	389	6	8	0	406
14169	7	11	2	394	0	414
14170	398	7	0	9	0	414
14171	9	3	1	405	0	418
14172	404	3	0	12	0	419
14173	10	3	0	408	0	421
14174	8	1	3	405	0	417
14175	403	3	1	14	0	421
14176	394	4	1	12	0	411
14177	14	396	1	4	0	415
14178	11	408	1	3	0	423
14179	4	9	1	375	0	389
14180	4	5	1	384	0	394
14181	1	2	369	11	0	383
14182	338	1	5	8	0	352
14183	8	350	4	3	0	365
14184	4	320	0	5	0	329
14185	316	7	4	5	0	332
14186	8	3	314	1	0	326
14187	5	0	301	4	0	310
14188	2	2	278	3	0	285
14189	1	256	6	1	0	264
14190	4	1	2	226	0	233
14191	0	0	0	225	0	225
14192	2	0	1	223	0	226
14193	211	0	1	5	0	217
14194	209	0	0	5	0	214
14195	2	210	0	1	0	213
14196	6	0	0	217	0	223
14197	2	0	221	1	0	224
14198	1	219	1	1	0	222
14199	217	2	1	4	0	224
14200	0	3	220	1	0	224
14201	203	1	1	4	0	209
14202	2	0	217	3	0	222
14203	3	0	1	213	0	217
14204	2	222	0	1	0	225
14205	225	1	0	2	0	228
14206	0	224	0	2	0	226
14207	220	0	0	3	0	223
14208	2	0	1	222	0	225
14209	1	1	234	1	0	237
14210	1	2	1	230	0	234
14211	2	2	0	238	0	242
14212	1	0	237	4	0	242
14213	229	2	1	4	0	236
14214	3	242	1	1	0	247
14215	245	2	0	2	0	249
14216	2	246	0	1	0	249
14217	2	2	1	255	0	260
14218	1	1	247	3	0	252
14219	285	0	3	2	0	290
14220	3	302	2	0	0	307
14221	5	3	1	300	0	309
14222	0	1	1	309	0	311
14223	309	0	1	7	0	317
14224	327	0	1	5	0	333
14225	7	334	0	2	0	343
14226	354	6	0	1	0	361
14227	366	2	0	1	0	369
14228	368	1	1	2	0	372
14229	14	1	359	1	0	375
14230	2	355	11	1	0	369
14231	2	370	4	1	0	377
14232	3	12	1	348	0	364
14233	4	3	1	361	0	369
14234	350	0	3	13	0	366
14235	11	348	1	3	0	363
14236	353	13	0	3	0	369
14237	12	3	0	353	0	368
14238	6	2	1	355	0	364
14239	343	1	0	14	0	358
14240	343	2	1	4	0	350
14241	15	1	332	1	0	349
14242	5	1	11	333	0	350
14243	0	1	332	14	0	347
14244	1	2	328	4	0	335
14245	3	1	332	0	0	336
14246	313	1	14	1	0	329
14247	9	1	2	313	0	325
14248	3	0	1	318	0	322
14249	2	1	1	318	0	322
14250	1	1	311	12	0	325
14251	1	0	10	314	0	325
14252	1	0	2	326	0	329
14253	314	0	0	13	0	327
14254	321	0	0	3	0	324
14255	324	0	2	0	0	326
14256	321	0	0	1	0	322
14257	15	0	1	306	0	322
14258	312	0	2	13	0	327
14259	12	1	1	316	0	330
14260	4	2	302	10	0	318
14261	310	0	10	5	0	325
14262	11	313	2	3	0	329
14263	5	11	0	306	0	322
14264	4	2	1	314	0	321
14265	0	313	2	13	0	328
14266	310	9	0	4	0	323
14267	11	313	0	0	0	324
14268	4	11	310	1	0	326
14269	1	2	320	2	0	325
14270	304	2	12	1	0	319
14271	320	2	3	2	0	327
14272	15	2	307	1	0	325
14273	303	1	11	3	0	318
14274	11	1	306	2	0	320
14275	297	1	10	3	0	311
14276	15	2	298	0	0	315
14277	4	0	310	1	0	315
14278	2	1	13	291	0	307
14279	2	3	3	295	0	303
14280	294	1	1	13	0	309
14281	295	1	3	5	0	304
14282	299	0	2	3	0	304
14283	296	1	2	2	0	301
14284	13	279	1	2	0	295
14285	9	10	1	270	0	290
14286	4	278	2	11	0	295
14287	5	10	1	284	0	300
14288	5	2	2	280	0	289
14289	5	2	1	285	0	293
14290	1	1	272	13	0	287
14291	263	1	11	7	0	282
14292	11	264	3	5	0	283
14293	7	280	1	3	0	291
14294	4	12	272	2	0	290
14295	4	2	12	270	0	288
14296	4	1	4	275	0	284
14297	263	3	1	15	0	282
14298	12	3	1	266	0	282
14299	4	1	2	278	0	285
14300	2	1	2	280	0	285
14301	3	2	2	284	0	291
14302	268	0	1	14	0	283
14303	272	1	3	6	0	282
14304	274	0	2	3	0	279
14305	15	2	1	268	0	286
14306	266	1	0	14	0	281
14307	16	2	2	267	0	287
14308	3	0	3	281	0	287
14309	3	0	267	14	0	284
14310	2	0	266	6	0	274
14311	5	1	263	2	0	271
14312	251	1	14	5	0	271
14313	11	1	4	238	0	254
14314	5	249	1	12	0	267
14315	252	10	1	3	0	266
14316	11	2	247	2	0	262
14317	234	0	10	1	0	245
14318	11	231	2	4	0	248
14319	182	7	0	1	0	190
14320	11	2	0	176	0	189
14321	172	0	1	10	0	183
14322	9	161	1	2	0	173
14323	1	160	3	2	0	166
14324	135	6	3	2	0	146
14325	7	139	1	2	0	149
14326	0	115	0	1	0	116
14327	0	111	0	0	0	111
14328	107	1	0	0	0	108
14329	100	0	1	0	0	101
14330	101	0	0	0	0	101
14331	2	1	0	99	0	102
14332	1	0	0	99	0	100
14333	0	0	99	2	0	101
14334	1	0	1	98	0	100
14335	0	1	102	1	0	104
14336	0	1	1	99	0	101
14337	1	0	0	101	0	102
14338	101	1	0	1	0	103
14339	98	1	0	0	0	99
14340	1	98	0	0	0	99
14341	1	0	0	97	0	98
14342	1	0	100	1	0	102
14343	2	0	1	100	0	103
14344	0	0	0	103	0	103
14345	0	0	0	105	0	105
14346	0	0	104	1	0	105
14347	0	0	98	1	0	99
14348	98	0	2	0	0	100
14349	1	0	0	103	0	104
14350	0	0	100	2	0	102
14351	95	0	1	0	0	96
14352	2	108	0	0	0	110
14353	109	2	0	0	0	111
14354	1	0	112	1	0	114
14355	106	0	2	0	0	108
14356	0	0	0	110	0	110
14357	0	0	109	2	0	111
14358	1	106	1	0	0	108
14359	106	1	1	1	0	109
14360	1	0	1	107	0	109
14361	2	0	0	104	0	106
14362	1	103	1	1	0	106
14363	0	1	2	103	0	106
14364	2	0	105	1	0	108
14365	0	105	1	1	0	107
14366	104	2	0	0	0	106
14367	2	0	1	98	0	101
14368	1	0	0	93	0	94
14369	1	0	94	1	0	96
14370	0	1	2	93	0	96
14371	1	1	98	1	0	101
14372	1	99	1	1	0	102
14373	101	1	0	0	0	102
14374	102	1	0	0	0	103
14375	99	1	0	0	0	100
14376	1	111	0	0	0	112
14377	0	2	0	113	0	115
14378	0	1	0	113	0	114
14379	2	1	0	96	0	99
14380	113	0	0	1	0	114
14381	111	0	0	0	0	111
14382	2	0	0	113	0	115
14383	0	0	135	2	0	137
14384	0	0	0	136	0	136
14385	0	0	1	138	0	139
14386	0	0	0	138	0	138
14387	0	0	1	133	0	134
14388	135	0	0	2	0	137
14389	1	0	0	138	0	139
14390	1	0	0	137	0	138
14391	1	135	0	1	0	137
14392	0	2	0	137	0	139
14393	0	143	0	2	0	145
14394	0	1	1	152	0	154
14395	149	0	0	4	0	153
14396	1	154	0	1	0	156
14397	157	1	0	1	0	159
14398	1	0	158	0	0	159
14399	1	0	2	154	0	157
14400	1	0	165	1	0	167
14401	0	0	1	164	0	165
14402	0	0	1	163	0	164
14403	1	162	0	1	0	164
14404	0	163	0	0	0	163
14405	1	169	0	0	0	170
14406	169	1	1	0	0	171
14407	2	164	0	0	0	166
14408	0	161	0	0	0	161
14409	0	1	0	163	0	164
14410	164	0	0	2	0	166
14411	1	172	0	1	0	174
14412	180	1	0	0	0	181
14413	173	0	0	1	0	174
14414	1	0	183	0	0	184
14415	0	1	1	177	0	179
14416	0	0	0	186	0	186
14417	0	0	0	188	0	188
14418	0	0	0	182	0	182
14419	0	0	184	1	0	185
14420	0	0	168	0	0	168
14421	173	0	1	1	0	175
14422	1	181	1	0	0	183
14423	0	187	0	0	0	187
14424	183	0	0	1	0	184
14425	0	184	2	0	0	186
14426	0	0	0	188	0	188
14427	187	0	0	1	0	188
14428	0	0	192	0	0	192
14429	0	0	0	194	0	194
14430	0	0	199	0	0	199
14431	193	0	0	0	0	193
14432	0	0	217	0	0	217
14433	222	0	1	1	0	224
14434	238	0	0	0	0	238
14435	236	0	0	1	0	237
14436	233	0	0	0	0	233
14437	236	0	0	0	0	236
14438	2	0	0	237	0	239
14439	249	0	0	2	0	251
14440	2	0	0	251	0	253
14441	0	0	0	252	0	252
14442	0	0	0	253	0	253
14443	0	0	254	2	0	256
14444	0	0	1	247	0	248
14445	0	0	0	254	0	254
14446	0	0	250	2	0	252
14447	238	0	2	1	0	241
14448	2	0	0	253	0	255
14449	0	0	250	2	0	252
14450	0	0	248	0	0	248
14451	0	0	2	240	0	242
14452	0	0	247	2	0	249
14453	1	0	2	250	0	253
14454	0	0	0	256	0	256
14455	0	254	0	2	0	256
14456	0	268	0	0	0	268
14457	268	2	0	0	0	270
14458	1	1	0	270	0	272
14459	1	0	0	264	0	265
14460	0	0	0	274	0	274
14461	1	0	278	2	0	281
14462	0	0	2	269	0	271
14463	276	0	0	2	0	278
14464	1	0	285	0	0	286
14465	0	0	2	286	0	288
14466	0	0	0	287	0	287
14467	0	0	0	294	0	294
14468	0	315	0	4	0	319
14469	311	6	0	1	0	318
14470	334	1	0	0	0	335
14471	8	343	0	0	0	351
14472	2	7	0	358	0	367
14473	1	1	359	7	0	368
14474	0	2	348	2	0	352
14475	359	0	6	1	0	366
14476	6	0	2	361	0	369
14477	374	0	1	8	0	383
14478	9	373	0	2	0	384
14479	2	387	0	2	0	391
14480	378	11	1	1	0	391
14481	11	399	1	0	0	411
14482	3	11	0	402	0	416
14483	1	2	0	395	0	398
14484	3	419	0	7	0	429
14485	419	12	0	4	0	435
14486	12	3	422	1	0	438
14487	408	3	10	0	0	421
14488	12	2	427	0	0	441
14489	404	0	12	4	0	420
14490	12	2	432	1	0	447
14491	4	432	11	2	0	449
14492	4	10	2	428	0	444
14493	429	5	2	12	0	448
14494	14	0	416	4	0	434
14495	4	0	428	1	0	433
14496	5	0	13	406	0	424
14497	0	0	428	11	0	439
14498	4	2	11	421	0	438
14499	2	0	6	408	0	416
14500	1	1	424	15	0	441
14501	0	0	12	425	0	437
14502	430	0	5	13	0	448
14503	9	427	3	5	0	444
14504	441	11	3	1	0	456
14505	14	4	0	429	0	447
14506	441	1	2	10	0	454
14507	452	0	1	7	0	460
14508	15	0	0	448	0	463
14509	8	457	2	10	0	477
14510	457	10	0	5	0	472
14511	14	4	448	1	0	467
14512	4	2	454	1	0	461
14513	448	0	14	3	0	465
14514	11	0	6	456	0	473
14515	6	0	466	11	0	483
14516	3	1	11	464	0	479
14517	468	0	5	15	0	488
14518	486	2	1	7	0	496
14519	489	0	1	5	0	495
14520	16	490	4	0	0	510
14521	5	11	1	501	0	518
14522	5	3	1	509	0	518
14523	497	1	0	21	0	519
14524	13	498	2	6	0	519
14525	505	12	0	5	0	522
14526	16	4	0	503	0	523
14527	503	1	0	16	0	520
14528	15	0	485	6	0	506
14529	4	488	12	2	0	506
14530	4	12	3	473	0	492
14531	0	502	2	12	0	516
14532	3	13	1	487	0	504
14533	484	6	0	17	0	507
14534	13	1	469	5	0	488
14535	455	0	11	4	0	470
14536	12	479	6	3	0	500
14537	5	10	3	491	0	509
14538	2	4	0	498	0	504
14539	473	0	0	17	0	490
14540	11	3	478	4	0	496
14541	6	0	10	477	0	493
14542	5	0	5	481	0	491
14543	1	2	2	482	0	487
14544	2	2	0	476	0	480
14545	463	2	0	18	0	483
14546	464	1	0	11	0	476
14547	15	0	461	4	0	480
14548	5	0	471	2	0	478
14549	462	2	15	5	0	484
14550	494	0	5	6	0	505
14551	14	1	2	484	0	501
14552	7	0	0	491	0	498
14553	476	0	1	15	0	492
14554	13	474	2	5	0	494
14555	7	9	2	477	0	495
14556	2	6	2	489	0	499
14557	1	0	472	15	0	488
14558	4	0	10	466	0	480
14559	3	0	481	12	0	496
14560	1	0	12	474	0	487
14561	465	1	3	14	0	483
14562	10	0	2	478	0	490
14563	4	1	470	11	0	486
14564	1	451	9	7	0	468
14565	1	10	5	465	0	481
14566	2	4	467	9	0	482
14567	1	463	7	6	0	477
14568	1	6	3	455	0	465
14569	2	4	447	8	0	461
14570	369	0	4	6	0	379
14571	5	421	3	1	0	430
14572	6	404	1	1	0	412
14573	0	420	0	1	0	421
14574	2	10	2	410	0	424
14575	1	4	424	4	0	433
14576	1	421	5	5	0	432
14577	1	5	4	414	0	424
14578	421	4	0	9	0	434
14579	6	0	1	557	0	564
14580	4	0	639	13	0	656
14581	1	631	20	4	0	656
14582	616	20	5	9	0	650
14583	19	632	1	0	0	652
14584	5	22	590	0	0	617
14585	1	607	21	1	0	630
14586	2	23	7	592	0	624
14587	1	5	588	21	0	615
14588	2	594	21	4	0	621
14589	4	20	5	580	0	609
14590	5	5	3	586	0	599
14591	1	577	2	22	0	602
14592	0	22	2	590	0	614
14593	2	7	579	23	0	611
14594	0	6	587	5	0	598
14595	2	3	24	577	0	606
14596	575	4	6	22	0	607
14597	585	2	3	10	0	600
14598	23	2	3	562	0	590
14599	5	561	4	20	0	590
14600	3	20	2	568	0	593
14601	566	2	3	26	0	597
14602	21	4	3	557	0	585
14603	8	0	3	571	0	582
14604	547	4	4	26	0	581
14605	26	549	1	7	0	583
14606	10	21	2	550	0	583
14607	551	9	2	22	0	584
14608	22	5	529	8	0	564
14609	529	4	19	10	0	562
14610	24	3	6	527	0	560
14611	535	3	4	25	0	567
14612	553	3	1	10	0	567
14613	529	2	3	12	0	546
14614	26	533	1	5	0	565
14615	11	22	504	5	0	542
14616	6	521	23	6	0	556
14617	515	21	8	5	0	549
14618	24	517	4	5	0	550
14619	9	22	1	525	0	557
14620	508	4	3	23	0	538
14621	18	510	3	11	0	542
14622	6	23	511	4	0	544
14623	12	9	21	507	0	549
14624	5	9	513	22	0	549
14625	5	523	23	7	0	558
14626	3	24	5	503	0	535
14627	7	11	4	525	0	547
14628	6	7	4	534	0	551
14629	2	8	5	512	0	527
14630	5	500	2	29	0	536
14631	498	21	5	13	0	537
14632	21	7	493	6	0	527
14633	9	7	20	498	0	534
14634	489	1	6	31	0	527
14635	24	7	492	9	0	532
14636	9	477	21	13	0	520
14637	10	23	4	461	0	498
14638	5	7	479	23	0	514
14639	6	472	21	9	0	508
14640	456	25	7	10	0	498
14641	24	466	5	9	0	504
14642	8	23	4	462	0	497
14643	7	7	6	483	0	503
14644	461	13	1	27	0	502
14645	27	464	4	10	0	505
14646	9	26	8	465	0	508
14647	455	10	4	31	0	500
14648	467	8	4	13	0	492
14649	25	452	7	8	0	492
14650	452	26	3	6	0	487
14651	466	9	2	15	0	492
14652	26	5	5	452	0	488
14653	12	11	440	25	0	488
14654	15	7	19	433	0	474
14655	7	8	8	448	0	471
14656	8	6	427	27	0	468
14657	10	419	21	13	0	463
14658	13	23	9	416	0	461
14659	12	12	6	425	0	455
14660	5	8	2	440	0	455
14661	7	3	9	430	0	449
14662	6	412	5	28	0	451
14663	414	24	3	18	0	459
14664	424	6	5	12	0	447
14665	413	7	3	17	0	440
14666	26	393	3	19	0	441
14667	13	26	4	403	0	446
14668	7	7	389	29	0	432
14669	7	8	19	393	0	427
14670	11	394	7	28	0	440
14671	388	26	5	9	0	428
14672	394	7	3	16	0	420
14673	391	8	2	8	0	409
14674	31	340	2	11	0	384
14675	11	344	4	7	0	366
14676	5	360	7	4	0	376
14677	9	21	341	3	0	374
14678	7	9	322	10	0	348
14679	11	42	13	110	0	176
14680	59	4	6	2	0	71
14681	61	0	1	2	0	64
14682	0	2	2	61	0	65
14683	0	0	0	65	0	65
14684	2	2	1	63	0	68
14685	2	1	0	66	0	69
14686	70	1	0	0	0	71
14687	66	1	0	0	0	67
14688	2	68	0	1	0	71
14689	67	3	0	2	0	72
14690	68	2	1	0	0	71
14691	66	1	2	1	0	70
14692	1	1	64	2	0	68
14693	65	0	1	2	0	68
14694	4	66	0	0	0	70
14695	2	1	1	73	0	77
14696	1	0	0	77	0	78
14697	2	70	0	4	0	76
14698	1	1	0	78	0	80
14699	73	1	1	4	0	79
14700	4	0	0	74	0	78
14701	3	1	73	2	0	79
14702	65	2	2	1	0	70
14703	4	70	0	0	0	74
14704	5	1	0	77	0	83
14705	2	1	1	75	0	79
14706	1	0	2	76	0	79
14707	3	2	71	2	0	78
14708	2	78	1	0	0	81
14709	2	1	0	77	0	80
14710	2	0	72	3	0	77
14711	1	4	1	70	0	76
14712	1	1	71	5	0	78
14713	3	0	1	74	0	78
14714	0	72	1	4	0	77
14715	0	1	3	73	0	77
14716	73	1	0	1	0	75
14717	72	3	0	2	0	77
14718	1	0	71	3	0	75
14719	1	0	63	1	0	65
14720	0	2	70	1	0	73
14721	1	0	2	72	0	75
14722	1	1	0	78	0	80
14723	0	0	0	79	0	79
14724	0	81	2	2	0	85
14725	0	3	0	84	0	87
14726	1	0	1	84	0	86
14727	0	0	1	89	0	90
14728	89	1	0	3	0	93
14729	90	0	1	1	0	92
14730	3	0	87	1	0	91
14731	1	1	86	0	0	88
14732	85	0	3	2	0	90
14733	89	0	1	0	0	90
14734	3	0	97	0	0	100
14735	0	0	98	1	0	99
14736	93	0	3	2	0	98
14737	97	0	1	1	0	99
14738	3	1	98	1	0	103
14739	1	0	2	99	0	102
14740	1	0	1	98	0	100
14741	0	98	0	4	0	102
14742	1	3	0	102	0	106
14743	1	3	102	3	0	109
14744	0	0	4	104	0	108
14745	2	0	2	105	0	109
14746	2	0	102	4	0	108
14747	98	0	4	0	0	102
14748	103	0	3	0	0	106
14749	5	0	1	99	0	105
14750	5	0	0	102	0	107
14751	99	0	1	5	0	105
14752	102	0	2	1	0	105
14753	97	0	0	1	0	98
14754	101	0	0	2	0	103
14755	3	99	1	0	0	103
14756	99	2	0	4	0	105
14757	3	103	1	0	0	107
14758	1	4	0	105	0	110
14759	1	1	0	103	0	105
14760	0	103	2	4	0	109
14761	1	3	0	103	0	107
14762	1	1	0	103	0	105
14763	0	100	1	4	0	105
14764	1	2	0	103	0	106
14765	2	1	0	102	0	105
14766	1	0	0	107	0	108
14767	0	0	97	5	0	102
14768	2	99	3	1	0	105
14769	1	4	1	95	0	101
14770	1	99	0	2	0	102
14771	94	4	0	1	0	99
14772	3	1	94	1	0	99
14773	3	0	89	2	0	94
14774	89	2	4	1	0	96
14775	4	0	1	92	0	97
14776	1	0	91	5	0	97
14777	0	2	94	1	0	97
14778	0	1	4	92	0	97
14779	90	0	1	3	0	94
14780	91	0	0	3	0	94
14781	4	0	1	87	0	92
14782	1	1	88	3	0	93
14783	0	99	3	2	0	104
14784	1	4	1	99	0	105
14785	1	1	99	3	0	104
14786	0	99	4	1	0	104
14787	1	2	2	98	0	103
14788	97	1	0	3	0	101
14789	2	0	0	98	0	100
14790	1	96	1	2	0	100
14791	99	2	1	1	0	103
14792	2	1	100	1	0	104
14793	2	98	2	0	0	102
14794	0	1	102	0	0	103
14795	91	1	3	2	0	97
14796	2	0	0	92	0	94
14797	1	0	0	97	0	98
14798	96	0	0	3	0	99
14799	3	0	0	93	0	96
14800	1	0	94	2	0	97
14801	88	0	2	1	0	91
14802	2	95	1	0	0	98
14803	1	2	0	94	0	97
14804	92	1	0	4	0	97
14805	1	93	0	1	0	95
14806	1	2	0	95	0	98
14807	97	1	0	2	0	100
14808	2	0	0	95	0	97
14809	1	94	0	2	0	97
14810	0	2	95	1	0	98
14811	0	1	2	97	0	100
14812	0	1	1	90	0	92
14813	95	0	0	3	0	98
14814	3	0	0	96	0	99
14815	97	0	0	1	0	98
14816	97	0	0	1	0	98
14817	3	0	0	96	0	99
14818	1	95	0	1	0	97
14819	0	1	0	95	0	96
14820	94	1	0	1	0	96
14821	1	90	0	1	0	92
14822	0	89	0	0	0	89
14823	90	1	0	0	0	91
14824	88	1	0	0	0	89
14825	2	87	0	0	0	89
14826	89	2	1	0	0	92
14827	89	1	0	0	0	90
14828	3	0	0	86	0	89
14829	1	0	88	2	0	91
14830	0	0	3	88	0	91
14831	0	0	94	3	0	97
14832	1	0	3	94	0	98
14833	0	0	96	3	0	99
14834	84	0	3	2	0	89
14835	3	0	1	88	0	92
14836	92	0	0	3	0	95
14837	3	1	0	87	0	91
14838	0	92	0	2	0	94
14839	92	3	0	0	0	95
14840	3	0	86	0	0	89
14841	82	1	2	0	0	85
14842	1	88	0	0	0	89
14843	83	2	0	0	0	85
14844	84	0	0	0	0	84
14845	2	84	0	0	0	86
14846	0	2	0	89	0	91
14847	92	0	0	2	0	94
14848	2	90	0	0	0	92
14849	0	2	0	91	0	93
14850	88	0	0	4	0	92
14851	1	0	0	86	0	87
14852	0	0	0	89	0	89
14853	0	0	0	94	0	94
14854	0	0	93	2	0	95
14855	0	0	2	87	0	89
14856	90	0	0	3	0	93
14857	2	0	92	0	0	94
14858	0	0	2	89	0	91
14859	0	0	0	92	0	92
14860	0	1	91	2	0	94
14861	83	0	2	0	0	85
14862	92	0	0	1	0	93
14863	2	0	88	0	0	90
14864	0	0	2	92	0	94
14865	0	0	0	95	0	95
14866	0	0	95	2	0	97
14867	1	0	2	92	0	95
14868	0	0	0	99	0	99
14869	0	0	106	3	0	109
14870	99	0	3	1	0	103
14871	2	0	0	107	0	109
14872	105	0	0	4	0	109
14873	106	0	0	1	0	107
14874	3	0	104	0	0	107
14875	0	0	3	107	0	110
14876	104	0	0	3	0	107
14877	2	113	0	0	0	115
14878	1	3	0	113	0	117
14879	0	0	0	118	0	118
14880	0	0	0	118	0	118
14881	0	0	115	3	0	118
14882	103	0	3	0	0	106
14883	3	0	0	108	0	111
14884	0	0	0	110	0	110
14885	0	0	107	3	0	110
14886	0	0	3	108	0	111
14887	0	0	0	112	0	112
14888	106	0	0	4	0	110
14889	3	111	0	0	0	114
14890	0	3	110	0	0	113
14891	106	0	3	1	0	110
14892	3	0	0	106	0	109
14893	2	0	103	3	0	108
14894	2	0	108	0	0	110
14895	0	0	5	104	0	109
14896	0	0	105	5	0	110
14897	2	0	112	0	0	114
14898	0	120	3	0	0	123
14899	0	3	0	125	0	128
14900	1	0	119	4	0	124
14901	2	0	3	121	0	126
14902	124	0	2	3	0	129
14903	6	0	0	126	0	132
14904	0	0	0	133	0	133
14905	130	0	0	6	0	136
14906	131	0	2	0	0	133
14907	3	0	0	140	0	143
14908	0	0	136	4	0	140
14909	0	135	3	4	0	142
14910	0	6	0	142	0	148
14911	140	0	2	4	0	146
14912	147	0	0	1	0	148
14913	3	143	0	2	0	148
14914	1	151	2	0	0	154
14915	146	3	3	2	0	154
14916	149	0	0	4	0	153
14917	4	0	167	0	0	171
14918	0	0	5	154	0	159
14919	0	167	0	4	0	171
14920	169	3	0	2	0	174
14921	3	0	2	169	0	174
14922	0	166	0	5	0	171
14923	3	2	165	0	0	170
14924	1	2	3	168	0	174
14925	0	179	0	5	0	184
14926	184	2	2	0	0	188
14927	183	0	0	3	0	186
14928	2	182	0	3	0	187
14929	179	1	2	1	0	183
14930	179	3	0	0	0	182
14931	0	179	1	2	0	182
14932	3	175	1	0	0	179
14933	2	1	0	180	0	183
14934	179	1	1	2	0	183
14935	1	2	199	0	0	202
14936	196	0	1	1	0	198
14937	3	196	1	0	0	200
14938	207	1	3	1	0	212
14939	209	1	0	2	0	212
14940	212	2	0	2	0	216
14941	3	0	1	211	0	215
14942	0	214	0	4	0	218
14943	217	3	0	0	0	220
14944	1	0	214	1	0	216
14945	1	212	1	2	0	216
14946	1	2	0	222	0	225
14947	4	0	211	1	0	216
14948	1	0	211	1	0	213
14949	1	2	3	218	0	224
14950	2	1	0	226	0	229
14951	1	0	0	229	0	230
14952	1	1	0	227	0	229
14953	1	221	0	1	0	223
14954	1	222	0	1	0	224
14955	228	2	0	1	0	231
14956	2	0	2	229	0	233
14957	2	0	0	226	0	228
14958	0	2	1	230	0	233
14959	233	0	0	1	0	234
14960	228	1	0	0	0	229
14961	4	0	0	225	0	229
14962	229	0	0	2	0	231
14963	223	3	0	1	0	227
14964	226	0	1	0	0	227
14965	1	0	2	223	0	226
14966	0	3	222	1	0	226
14967	1	1	211	1	0	214
14968	1	0	211	0	0	212
14969	0	1	218	0	0	219
14970	1	0	0	218	0	219
14971	223	0	0	0	0	223
14972	219	0	0	1	0	220
14973	0	0	219	0	0	219
14974	0	1	218	0	0	219
14975	0	248	0	0	0	248
14976	0	1	0	259	0	260
14977	253	0	0	3	0	256
14978	0	1	255	0	0	256
14979	247	0	0	1	0	248
14980	0	267	1	0	0	268
14981	1	0	0	269	0	270
14982	0	0	0	274	0	274
14983	0	0	0	267	0	267
14984	279	0	0	0	0	279
14985	1	0	0	274	0	275
14986	0	0	0	281	0	281
14987	279	0	0	1	0	280
14988	0	0	0	278	0	278
14989	0	0	281	0	0	281
14990	276	0	0	0	0	276
14991	0	0	0	280	0	280
14992	0	0	0	278	0	278
14993	0	280	1	0	0	281
14994	285	0	0	1	0	286
14995	286	0	0	0	0	286
14996	0	0	0	286	0	286
14997	0	0	281	0	0	281
14998	264	0	1	3	0	268
14999	1	0	280	0	0	281
15000	1	0	1	274	0	276
15001	0	0	0	286	0	286
15002	289	0	0	6	0	295
15003	2	0	0	299	0	301
15004	0	1	294	1	0	296
15005	276	0	2	1	0	279
15006	2	0	312	0	0	314
15007	1	0	311	1	0	313
15008	324	0	2	0	0	326
15009	3	0	0	343	0	346
15010	0	348	0	2	0	350
15011	356	3	0	1	0	360
15012	353	0	0	1	0	354
15013	3	1	351	0	0	355
15014	334	0	3	2	0	339
15015	3	0	0	350	0	353
15016	0	0	359	3	0	362
15017	0	349	3	0	0	352
15018	346	3	0	1	0	350
15019	3	352	0	2	0	357
15020	0	2	0	361	0	363
15021	0	0	0	362	0	362
15022	1	0	0	358	0	359
15023	0	0	0	356	0	356
15024	0	358	0	3	0	361
15025	1	3	352	0	0	356
15026	0	350	3	0	0	353
15027	354	2	0	2	0	358
15028	4	0	0	350	0	354
15029	357	0	0	3	0	360
15030	3	0	0	351	0	354
15031	358	0	0	4	0	362
15032	3	366	0	0	0	369
15033	367	3	0	3	0	373
15034	370	0	0	0	0	370
15035	363	0	0	2	0	365
15036	362	0	0	2	0	364
15037	3	355	0	0	0	358
15038	1	3	368	0	0	372
15039	2	1	2	356	0	361
15040	355	0	0	8	0	363
15041	366	0	0	2	0	368
15042	4	1	0	367	0	372
15043	0	0	383	3	0	386
15044	1	1	3	371	0	376
15045	1	381	1	3	0	386
15046	380	4	0	5	0	389
15047	4	2	0	385	0	391
15048	1	372	1	4	0	378
15049	0	408	0	2	0	410
15050	1	415	0	1	0	417
15051	3	4	1	412	0	420
15052	409	1	0	8	0	418
15053	5	413	0	2	0	420
15054	2	5	1	419	0	427
15055	414	2	0	9	0	425
15056	5	1	0	417	0	423
15057	413	0	0	8	0	421
15058	409	1	0	4	0	414
15059	5	436	0	1	0	442
15060	2	7	0	417	0	426
15061	1	439	0	4	0	444
15062	437	5	0	5	0	447
15063	434	1	1	5	0	441
15064	441	2	1	2	0	446
15065	7	0	0	443	0	450
15066	1	2	437	5	0	445
15067	428	0	5	3	0	436
15068	445	0	1	2	0	448
15069	8	1	0	433	0	442
15070	0	443	0	6	0	449
15071	1	7	1	442	0	451
15072	1	2	0	452	0	455
15073	446	0	0	7	0	453
15074	430	1	0	7	0	438
15075	8	1	412	1	0	422
15076	1	0	6	413	0	420
15077	413	0	2	9	0	424
15078	10	0	0	426	0	436
15079	4	0	423	7	0	434
15080	1	411	8	2	0	422
15081	0	433	1	2	0	436
15082	471	10	1	2	0	484
15083	12	1	0	507	0	520
15084	2	0	1	553	0	556
15085	538	1	0	22	0	561
15086	16	1	532	2	0	551
15087	5	0	14	536	0	555
15088	4	0	542	16	0	562
15089	1	543	16	5	0	565
15090	553	16	3	7	0	579
15091	569	4	1	4	0	578
15092	573	2	0	4	0	579
15093	19	1	554	2	0	576
15094	552	2	16	4	0	574
15095	576	0	3	4	0	583
15096	24	1	1	556	0	582
15097	503	0	2	23	0	528
15098	14	2	551	4	0	571
15099	537	0	16	5	0	558
15100	20	1	546	0	0	567
15101	5	562	15	2	0	584
15102	6	26	4	530	0	566
15103	5	561	3	14	0	583
15104	8	15	550	2	0	575
15105	2	551	19	2	0	574
15106	522	16	3	2	0	543
15107	15	504	2	3	0	524
15108	3	512	0	5	0	520
15109	2	15	498	1	0	516
15110	5	8	18	484	0	515
15111	496	0	3	18	0	517
15112	14	4	494	2	0	514
15113	3	495	13	2	0	513
15114	2	14	5	488	0	509
15115	3	5	492	16	0	516
15116	2	2	501	3	0	508
15117	2	5	18	490	0	515
15118	4	3	502	15	0	524
15119	2	3	15	471	0	491
15120	2	486	6	13	0	507
15121	2	15	7	493	0	517
15122	4	502	0	15	0	521
15123	5	14	4	501	0	524
15124	486	4	3	17	0	510
15125	18	3	4	481	0	506
15126	2	486	2	19	0	509
15127	5	14	3	489	0	511
15128	3	4	488	18	0	513
15129	4	2	16	480	0	502
15130	482	0	8	18	0	508
15131	17	2	469	6	0	494
15132	6	4	15	462	0	487
15133	451	3	6	19	0	479
15134	18	457	0	6	0	481
15135	8	15	1	459	0	483
15136	449	3	3	17	0	472
15137	15	1	5	451	0	472
15138	6	4	443	17	0	470
15139	427	2	15	7	0	451
15140	15	439	5	3	0	462
15141	6	451	4	3	0	464
15142	434	13	3	3	0	453
15143	437	2	3	3	0	445
15144	18	2	2	424	0	446
15145	421	4	1	15	0	441
15146	14	5	418	6	0	443
15147	424	1	17	6	0	448
15148	19	415	5	1	0	440
15149	412	11	3	4	0	430
15150	15	5	423	3	0	446
15151	5	4	14	415	0	438
15152	4	5	4	424	0	437
15153	2	4	2	398	0	406
15154	9	410	0	15	0	434
15155	411	13	4	2	0	430
15156	18	2	2	403	0	425
15157	6	408	1	15	0	430
15158	439	14	1	5	0	459
15159	440	3	4	3	0	450
15160	453	1	3	6	0	463
15161	451	1	4	5	0	461
15162	443	2	4	2	0	451
15163	15	4	2	424	0	445
15164	5	3	3	440	0	451
15165	424	4	1	18	0	447
15166	18	5	1	415	0	439
15167	5	4	1	431	0	441
15168	5	4	414	16	0	439
15169	412	4	14	4	0	434
15170	433	3	3	6	0	445
15171	442	2	2	5	0	451
15172	15	2	4	408	0	429
15173	3	424	4	14	0	445
15174	447	13	2	5	0	467
15175	451	2	4	4	0	461
15176	17	1	0	472	0	490
15177	468	3	3	18	0	492
15178	19	3	403	7	0	432
15179	7	465	13	5	0	490
15180	4	495	4	4	0	507
15181	7	19	468	5	0	499
15182	2	412	16	1	0	431
15183	1	385	3	2	0	391
15184	328	10	5	3	0	346
15185	7	330	2	0	0	339
15186	3	9	0	336	0	348
15187	343	5	0	6	0	354
15188	7	2	341	4	0	354
15189	348	1	7	4	0	360
15190	9	0	353	2	0	364
15191	5	1	347	1	0	354
15192	340	0	9	1	0	350
15193	7	0	353	0	0	360
15194	3	345	8	1	0	357
15195	2	6	5	341	0	354
15196	342	3	3	6	0	354
15197	6	335	1	3	0	345
15198	3	8	0	334	0	345
15199	4	3	333	6	0	346
15200	3	3	5	334	0	345
15201	326	1	3	9	0	339
15202	7	0	323	5	0	335
15203	4	0	8	322	0	334
15204	321	0	2	8	0	331
15205	321	2	3	4	0	330
15206	10	1	2	325	0	338
15207	8	0	1	323	0	332
15208	4	0	332	9	0	345
15209	1	1	327	7	0	336
15210	337	0	8	6	0	351
15211	352	0	4	1	0	357
15212	9	342	3	0	0	354
15213	345	8	1	1	0	355
15214	359	3	1	1	0	364
15215	11	3	372	1	0	387
15216	6	400	7	1	0	414
15217	404	7	4	3	0	418
15218	412	3	2	3	0	420
15219	420	4	1	1	0	426
15220	14	1	0	407	0	422
15221	8	0	0	409	0	417
15222	3	398	0	10	0	411
15223	2	7	1	411	0	421
15224	405	3	2	12	0	422
15225	9	2	0	409	0	420
15226	6	0	407	9	0	422
15227	3	1	402	4	0	410
15228	3	0	10	408	0	421
15229	2	0	418	9	0	429
15230	4	0	402	3	0	409
15231	0	1	12	413	0	426
15232	2	0	5	425	0	432
15233	1	0	429	10	0	440
15234	4	0	419	5	0	428
15235	2	417	10	5	0	434
15236	416	7	5	4	0	432
15237	7	448	3	0	0	458
15238	451	9	2	0	0	462
15239	452	4	0	2	0	458
15240	11	447	1	0	0	459
15241	454	9	1	2	0	466
15242	12	3	0	443	0	458
15243	4	3	446	7	0	460
15244	4	1	7	450	0	462
15245	2	0	3	461	0	466
15246	426	0	3	14	0	443
15247	431	1	1	7	0	440
15248	440	0	0	5	0	445
15249	427	0	0	4	0	431
15250	423	0	0	2	0	425
15251	13	403	1	0	0	417
15252	7	7	1	415	0	430
15253	2	3	417	8	0	430
15254	1	2	8	414	0	425
15255	1	2	4	425	0	432
15256	0	0	2	436	0	438
15257	444	0	1	15	0	460
15258	10	0	1	437	0	448
15259	453	0	1	13	0	467
15260	12	1	466	4	0	483
15261	6	0	10	534	0	550
15262	2	1	537	15	0	555
15263	539	0	16	5	0	560
15264	15	1	5	553	0	574
15265	4	1	557	17	0	579
15266	5	0	15	559	0	579
15267	567	0	5	17	0	589
15268	15	1	562	7	0	585
15269	561	0	16	5	0	582
15270	574	0	5	5	0	584
15271	568	0	2	2	0	572
15272	566	0	3	7	0	576
15273	24	544	1	1	0	570
15274	11	528	0	2	0	541
15275	8	521	1	1	0	531
15276	3	12	4	464	0	483
15277	3	482	1	13	0	499
15278	465	12	2	4	0	483
15279	14	454	2	3	0	473
15280	2	462	2	4	0	470
15281	2	12	2	465	0	481
15282	9	0	1	467	0	477
15283	465	2	1	13	0	481
15284	13	4	2	455	0	474
15285	5	3	449	12	0	469
15286	3	2	420	7	0	432
15287	5	1	448	3	0	457
15288	8	2	12	434	0	456
15289	5	3	4	468	0	480
15290	2	3	460	10	0	475
15291	2	3	448	3	0	456
15292	5	3	454	5	0	467
15293	454	1	12	3	0	470
15294	17	2	3	462	0	484
15295	4	4	3	474	0	485
15296	464	3	4	15	0	486
15297	13	1	2	473	0	489
15298	5	471	1	18	0	495
15299	2	493	0	5	0	500
15300	4	15	1	497	0	517
15301	488	3	4	17	0	512
15302	498	3	4	5	0	510
15303	505	3	3	2	0	513
15304	15	2	0	493	0	510
15305	3	1	484	15	0	503
15306	6	1	14	484	0	505
15307	4	0	485	11	0	500
15308	468	0	13	6	0	487
15309	12	1	3	472	0	488
15310	461	1	3	15	0	480
15311	9	0	462	8	0	479
15312	443	0	13	3	0	459
15313	14	1	475	4	0	494
15314	6	451	9	4	0	470
15315	2	446	6	6	0	460
15316	430	9	3	6	0	448
15317	16	2	3	425	0	446
15318	5	1	435	10	0	451
15319	3	423	9	6	0	441
15320	2	442	2	6	0	452
15321	6	8	3	438	0	455
15322	436	2	5	14	0	457
15323	438	3	5	4	0	450
15324	14	440	1	3	0	458
15325	436	12	1	9	0	458
15326	15	2	2	433	0	452
15327	9	2	431	10	0	452
15328	7	435	9	5	0	456
15329	2	12	7	429	0	450
15330	8	6	1	438	0	453
15331	433	3	3	14	0	453
15332	14	2	419	5	0	440
15333	420	3	8	4	0	435
15334	428	3	4	6	0	441
15335	16	7	2	417	0	442
15336	9	4	4	432	0	449
15337	417	1	3	17	0	438
15338	18	2	3	410	0	433
15339	8	5	415	11	0	439
15340	1	7	406	5	0	419
15341	4	398	12	4	0	418
15342	5	427	5	8	0	445
15343	3	13	7	406	0	429
15344	4	407	4	11	0	426
15345	408	12	3	8	0	431
15346	11	421	3	7	0	442
15347	9	10	3	421	0	443
15348	4	6	4	429	0	443
15349	3	4	419	14	0	440
15350	6	3	11	425	0	445
15351	5	2	3	427	0	437
15352	4	425	3	16	0	448
15353	7	11	2	424	0	444
15354	8	2	3	436	0	449
15355	4	1	421	20	0	446
15356	2	413	15	7	0	437
15357	2	23	3	359	0	387
15358	3	371	1	14	0	389
15359	1	9	355	8	0	373
15360	2	336	13	2	0	353
15361	260	7	4	1	0	272
15362	265	1	2	2	0	270
15363	259	2	0	0	0	261
15364	6	254	2	0	0	262
15365	252	7	0	1	0	260
15366	7	2	0	247	0	256
15367	239	0	0	5	0	244
15368	6	239	0	2	0	247
15369	241	5	1	2	0	249
15370	251	2	0	1	0	254
15371	6	247	0	1	0	254
15372	2	4	245	2	0	253
15373	2	2	5	270	0	279
15374	2	1	293	6	0	302
15375	1	1	5	303	0	310
15376	2	1	2	318	0	323
15377	0	0	322	8	0	330
15378	0	0	7	322	0	329
15379	323	1	3	7	0	334
15380	7	0	319	3	0	329
15381	2	319	6	2	0	329
15382	1	7	3	317	0	328
15383	1	0	1	336	0	338
15384	3	0	322	9	0	334
15385	2	0	8	308	0	318
15386	0	322	2	7	0	331
15387	319	5	0	5	0	329
15388	6	309	0	3	0	318
15389	291	6	1	1	0	299
15390	6	286	0	0	0	292
15391	2	298	0	0	0	300
15392	1	9	289	0	0	299
15393	0	2	7	288	0	297
15394	5	0	1	289	0	295
15395	1	1	0	290	0	292
15396	0	299	0	7	0	306
15397	2	8	1	299	0	310
15398	276	1	1	11	0	289
15399	9	0	0	280	0	289
15400	281	0	0	10	0	291
15401	8	1	277	2	0	288
15402	277	0	7	2	0	286
15403	10	0	2	273	0	285
15404	4	1	1	288	0	294
15405	280	1	1	14	0	296
15406	9	0	280	4	0	293
15407	3	284	11	1	0	299
15408	2	10	3	289	0	304
15409	283	2	1	12	0	298
15410	294	1	1	5	0	301
15411	13	0	2	290	0	305
15412	3	2	290	10	0	305
15413	273	2	10	5	0	290
15414	11	2	282	0	0	295
15415	6	3	8	280	0	297
15416	1	1	288	12	0	302
15417	1	1	9	285	0	296
15418	0	0	275	12	0	287
15419	0	279	10	4	0	293
15420	4	12	2	254	0	272
15421	0	282	1	8	0	291
15422	283	10	1	4	0	298
15423	287	6	0	3	0	296
15424	12	0	276	4	0	292
15425	8	1	11	272	0	292
15426	280	0	2	12	0	294
15427	11	2	1	276	0	290
15428	6	0	1	283	0	290
15429	2	2	270	13	0	287
15430	259	1	11	6	0	277
15431	10	4	274	2	0	290
15432	5	1	9	277	0	292
15433	4	0	270	10	0	284
15434	271	2	10	5	0	288
15435	277	0	3	3	0	283
15436	279	0	3	6	0	288
15437	16	2	2	269	0	289
15438	5	1	270	12	0	288
15439	3	0	278	7	0	288
15440	2	1	14	262	0	279
15441	3	274	5	11	0	293
15442	265	10	2	5	0	282
15443	11	4	2	266	0	283
15444	5	2	265	11	0	283
15445	2	2	12	265	0	281
15446	5	4	269	10	0	288
15447	4	1	14	265	0	284
15448	3	4	283	12	0	302
15449	3	1	285	6	0	295
15450	5	273	11	5	0	294
15451	1	11	277	3	0	292
15452	3	5	280	4	0	292
15453	3	1	14	246	0	264
15454	7	2	3	256	0	268
15455	2	263	3	12	0	280
15456	265	8	1	7	0	281
15457	8	263	5	1	0	277
15458	7	7	2	262	0	278
15459	264	3	1	9	0	277
15460	9	2	1	272	0	284
15461	271	0	1	12	0	284
15462	12	1	3	270	0	286
15463	7	1	270	9	0	287
15464	3	1	7	280	0	291
15465	7	1	5	274	0	287
15466	270	0	4	12	0	286
15467	278	1	0	8	0	287
15468	266	1	3	5	0	275
15469	15	253	1	0	0	269
15470	5	261	4	1	0	271
15471	260	10	2	6	0	278
15472	7	3	259	3	0	272
15473	4	0	240	1	0	245
15474	3	14	11	203	0	231
15475	2	1	205	8	0	216
15476	1	0	197	3	0	201
15477	182	1	11	0	0	194
15478	194	0	3	0	0	197
15479	7	191	0	2	0	200
15480	2	203	1	0	0	206
15481	2	7	0	190	0	199
15482	0	198	1	6	0	205
15483	203	5	1	3	0	212
15484	5	2	1	202	0	210
15485	2	211	1	6	0	220
15486	212	5	1	3	0	221
15487	4	3	214	0	0	221
15488	2	0	213	1	0	216
15489	204	1	8	0	0	213
15490	6	0	211	0	0	217
15491	200	0	4	0	0	204
15492	4	0	3	201	0	208
15493	2	0	205	5	0	212
15494	1	198	4	2	0	205
15495	0	205	2	1	0	208
15496	193	4	0	2	0	199
15497	3	195	1	0	0	199
15498	193	3	1	0	0	197
15499	187	1	1	1	0	190
15500	3	188	0	1	0	192
15501	1	3	1	188	0	193
15502	1	1	196	2	0	200
15503	2	198	2	2	0	204
15504	3	2	1	201	0	207
15505	0	3	0	212	0	215
15506	208	0	0	6	0	214
15507	3	0	0	208	0	211
15508	3	0	206	2	0	211
15509	0	202	2	3	0	207
15510	0	2	3	203	0	208
15511	209	3	0	5	0	217
15512	219	0	0	3	0	222
15513	7	1	0	213	0	221
15514	222	0	0	2	0	224
15515	2	1	220	3	0	226
15516	4	0	3	220	0	227
15517	1	0	224	2	0	227
15518	1	0	3	244	0	248
15519	1	0	4	244	0	249
15520	0	0	0	245	0	245
15521	1	0	1	240	0	242
15522	2	1	0	241	0	244
15523	236	0	0	9	0	245
15524	236	0	0	6	0	242
15525	8	241	0	0	0	249
15526	246	3	0	1	0	250
15527	3	4	1	243	0	251
15528	6	2	0	239	0	247
15529	1	0	0	244	0	245
15530	1	0	246	7	0	254
15531	2	1	3	238	0	244
15532	0	241	4	4	0	249
15533	241	3	0	4	0	248
15534	237	4	1	0	0	242
15535	7	0	234	3	0	244
15536	5	231	5	0	0	241
15537	2	3	5	236	0	246
15538	1	3	234	4	0	242
15539	4	0	2	220	0	226
15540	1	226	5	3	0	235
15541	218	2	0	7	0	227
15542	3	229	0	0	0	232
15543	7	3	221	0	0	231
15544	0	5	221	1	0	227
15545	2	219	7	0	0	228
15546	1	219	3	2	0	225
15547	219	5	0	2	0	226
15548	213	4	0	5	0	222
15549	4	0	2	220	0	226
15550	3	1	219	4	0	227
15551	2	1	2	215	0	220
15552	1	1	3	217	0	222
15553	216	1	1	6	0	224
15554	213	1	1	4	0	219
15555	5	1	2	223	0	231
15556	4	1	227	3	0	235
15557	1	224	3	7	0	235
15558	223	1	6	2	0	232
15559	3	237	0	2	0	242
15560	7	2	1	234	0	244
15561	4	5	0	246	0	255
15562	1	1	4	243	0	249
15563	1	0	3	239	0	243
15564	232	2	2	10	0	246
15565	4	2	0	235	0	241
15566	6	222	1	7	0	236
15567	3	3	0	239	0	245
15568	232	5	0	6	0	243
15569	4	224	3	7	0	238
15570	4	4	1	225	0	234
15571	2	4	222	6	0	234
15572	223	1	3	7	0	234
15573	7	2	4	214	0	227
15574	5	1	218	8	0	232
15575	2	0	213	7	0	222
15576	1	1	7	214	0	223
15577	214	2	5	5	0	226
15578	218	1	1	6	0	226
15579	8	225	0	3	0	236
15580	222	3	1	3	0	229
15581	217	5	0	6	0	228
15582	218	0	1	5	0	224
15583	211	1	1	4	0	217
15584	12	0	2	207	0	221
15585	5	1	1	209	0	216
15586	2	3	200	9	0	214
15587	2	190	3	5	0	200
15588	2	194	4	2	0	202
15589	1	7	200	2	0	210
15590	189	5	5	2	0	201
15591	5	1	5	196	0	207
15592	201	0	2	5	0	208
15593	193	1	2	7	0	203
15594	8	2	194	1	0	205
15595	6	1	4	192	0	203
15596	194	1	4	6	0	205
15597	3	2	1	195	0	201
15598	6	1	197	4	0	208
15599	2	8	5	190	0	205
15600	3	202	4	5	0	214
15601	2	205	1	3	0	211
15602	5	6	198	1	0	210
15603	2	191	3	2	0	198
15604	175	4	3	2	0	184
15605	172	3	1	1	0	177
15606	5	0	1	173	0	179
15607	3	1	0	169	0	173
15608	1	1	0	178	0	180
15609	171	0	1	5	0	177
15610	2	171	0	2	0	175
15611	166	3	1	1	0	171
15612	160	3	0	1	0	164
15613	6	164	0	0	0	170
15614	160	3	1	0	0	164
15615	2	160	0	1	0	163
15616	159	2	0	1	0	162
15617	2	1	161	2	0	166
15618	129	1	6	1	0	137
15619	2	134	1	2	0	139
15620	1	2	0	137	0	140
15621	0	2	0	141	0	143
15622	1	0	0	143	0	144
15623	141	0	0	4	0	145
15624	1	1	0	142	0	144
15625	2	1	138	3	0	144
15626	133	0	3	3	0	139
15627	4	0	139	0	0	143
15628	3	1	1	137	0	142
15629	0	0	146	3	0	149
15630	1	0	4	137	0	142
15631	1	141	2	3	0	147
15632	1	1	0	143	0	145
15633	1	142	1	1	0	145
15634	0	2	1	143	0	146
15635	140	2	0	3	0	145
15636	3	0	0	147	0	150
15637	144	0	0	3	0	147
15638	1	1	137	2	0	141
15639	143	0	2	0	0	145
15640	139	0	2	0	0	141
15641	141	0	0	0	0	141
15642	5	0	0	141	0	146
15643	140	0	0	3	0	143
15644	2	0	133	3	0	138
15645	133	0	2	0	0	135
15646	2	1	132	0	0	135
15647	136	1	2	0	0	139
15648	2	0	3	135	0	140
15649	3	0	146	2	0	151
15650	1	0	1	149	0	151
15651	1	0	2	154	0	157
15652	1	0	152	4	0	157
15653	146	0	2	2	0	150
15654	2	160	2	1	0	165
15655	159	2	0	0	0	161
15656	2	154	0	1	0	157
15657	156	1	1	0	0	158
15658	1	1	156	1	0	159
15659	144	0	1	0	0	145
15660	0	140	1	0	0	141
15661	1	0	1	134	0	136
15662	0	1	0	134	0	135
15663	0	0	0	135	0	135
15664	0	0	135	1	0	136
15665	0	0	0	133	0	133
15666	0	0	143	0	0	143
15667	141	0	0	1	0	142
15668	153	0	1	0	0	154
15669	1	0	0	155	0	156
15670	1	0	157	0	0	158
15671	149	0	0	1	0	150
15672	1	0	192	0	0	193
15673	1	0	2	192	0	195
15674	0	0	1	197	0	198
15675	0	0	0	201	0	201
15676	1	0	0	199	0	200
15677	193	0	0	3	0	196
15678	2	194	0	1	0	197
15679	1	2	183	0	0	186
15680	0	190	2	0	0	192
15681	190	2	1	0	0	193
15682	3	1	0	189	0	193
15683	192	0	0	2	0	194
15684	3	0	1	194	0	198
15685	1	2	0	194	0	197
15686	0	0	0	198	0	198
15687	0	0	193	4	0	197
15688	0	191	2	2	0	195
15689	1	2	195	1	0	199
15690	0	1	2	194	0	197
15691	197	0	2	4	0	203
15692	198	1	0	2	0	201
15693	200	0	1	0	0	201
15694	3	200	0	1	0	204
15695	206	2	0	1	0	209
15696	2	1	0	205	0	208
15697	1	0	1	205	0	207
15698	2	0	0	201	0	203
15699	0	208	2	3	0	213
15700	0	2	0	203	0	205
15701	0	211	1	4	0	216
15702	212	2	0	2	0	216
15703	210	1	0	2	0	213
15704	5	1	0	211	0	217
15705	2	1	209	2	0	214
15706	209	1	2	1	0	213
15707	3	0	1	211	0	215
15708	3	0	209	3	0	215
15709	209	0	1	3	0	213
15710	4	0	1	213	0	218
15711	213	1	0	3	0	217
15712	1	211	1	2	0	215
15713	2	3	0	204	0	209
15714	1	212	1	2	0	216
15715	1	3	0	211	0	215
15716	0	219	1	3	0	223
15717	1	3	1	232	0	237
15718	2	1	230	2	0	235
15719	196	2	2	2	0	202
15720	4	239	2	0	0	245
15721	1	3	232	0	0	236
15722	227	0	2	4	0	233
15723	2	0	0	237	0	239
15724	0	1	237	3	0	241
15725	0	253	2	1	0	256
15726	1	4	0	255	0	260
15727	0	0	258	4	0	262
15728	1	2	2	248	0	253
15729	2	0	0	257	0	259
15730	1	1	260	2	0	264
15731	1	0	2	257	0	260
15732	1	2	264	2	0	269
15733	1	0	3	261	0	265
15734	1	0	287	3	0	291
15735	1	0	3	292	0	296
15736	1	0	1	293	0	295
15737	3	1	0	293	0	297
15738	0	301	1	3	0	305
15739	300	4	1	1	0	306
15740	301	0	0	2	0	303
15741	3	0	1	305	0	309
15742	301	0	2	5	0	308
15743	2	1	303	1	0	307
15744	0	313	2	2	0	317
15745	313	2	1	1	0	317
15746	3	321	0	0	0	324
15747	0	3	0	322	0	325
15748	0	0	1	323	0	324
15749	310	0	0	3	0	313
15750	4	1	0	298	0	303
15751	1	0	302	1	0	304
15752	1	302	2	0	0	305
15753	304	2	0	3	0	309
15754	3	0	1	300	0	304
15755	0	314	2	2	0	318
15756	2	3	0	307	0	312
15757	1	323	1	2	0	327
15758	320	2	0	1	0	323
15759	317	0	0	2	0	319
15760	2	0	321	2	0	325
15761	1	0	311	0	0	312
15762	0	0	2	314	0	316
15763	0	319	1	2	0	322
15764	2	3	0	325	0	330
15765	327	0	0	3	0	330
15766	2	0	314	1	0	317
15767	0	1	2	305	0	308
15768	0	0	303	3	0	306
15769	0	0	291	0	0	291
15770	2	308	2	0	0	312
15771	3	3	0	301	0	307
15772	270	0	1	3	0	274
15773	0	0	278	0	0	278
15774	0	272	0	0	0	272
15775	269	0	0	1	0	270
15776	0	0	0	269	0	269
15777	289	0	0	1	0	290
15778	288	0	0	1	0	289
15779	286	0	0	5	0	291
15780	0	0	300	0	0	300
15781	287	0	0	1	0	288
15782	293	0	0	3	0	296
15783	0	307	0	0	0	307
15784	1	0	0	310	0	311
15785	0	0	0	314	0	314
15786	1	0	0	313	0	314
15787	316	0	0	0	0	316
15788	307	0	0	1	0	308
15789	2	0	318	0	0	320
15790	0	0	2	312	0	314
15791	1	307	2	1	0	311
15792	312	1	0	2	0	315
15793	1	1	307	0	0	309
15794	0	0	1	299	0	300
15795	0	1	0	305	0	306
15796	0	302	1	1	0	304
15797	1	2	1	300	0	304
15798	3	1	0	285	0	289
15799	1	0	0	293	0	294
15800	291	0	0	2	0	293
15801	1	0	0	290	0	291
15802	2	1	0	291	0	294
15803	292	0	0	4	0	296
15804	1	0	1	297	0	299
15805	0	330	0	2	0	332
15806	339	3	0	1	0	343
15807	350	1	0	1	0	352
15808	370	1	0	1	0	372
15809	397	0	0	3	0	400
15810	7	406	1	1	0	415
15811	454	9	0	1	0	464
15812	462	0	0	3	0	465
15813	11	1	0	459	0	471
15814	2	0	460	12	0	474
15815	3	0	10	457	0	470
15816	4	1	0	456	0	461
15817	1	0	1	456	0	458
15818	1	0	1	452	0	454
15819	3	0	0	451	0	454
15820	432	0	0	16	0	448
15821	12	2	0	431	0	445
15822	4	1	433	12	0	450
15823	3	2	11	428	0	444
15824	3	427	2	14	0	446
15825	3	12	1	419	0	435
15826	0	1	426	15	0	442
15827	394	2	11	2	0	409
15828	426	1	0	3	0	430
15829	14	0	428	4	0	446
15830	3	434	12	1	0	450
15831	434	11	2	5	0	452
15832	442	1	2	3	0	448
15833	449	1	1	2	0	453
15834	429	1	0	5	0	435
15835	15	1	1	411	0	428
15836	4	2	407	15	0	428
15837	5	1	13	409	0	428
15838	6	0	1	425	0	432
15839	2	0	409	18	0	429
15840	1	1	417	2	0	421
15841	395	1	12	9	0	417
15842	14	407	3	3	0	427
15843	3	12	2	415	0	432
15844	4	0	410	14	0	428
15845	395	1	13	3	0	412
15846	16	2	399	2	0	419
15847	390	0	12	5	0	407
15848	13	402	4	1	0	420
15849	4	12	2	403	0	421
15850	4	2	403	12	0	421
15851	386	1	13	6	0	406
15852	14	397	4	1	0	416
15853	3	417	2	4	0	426
15854	4	10	1	412	0	427
15855	3	2	4	424	0	433
15856	428	5	1	15	0	449
15857	16	424	4	3	0	447
15858	8	13	2	430	0	453
15859	427	3	0	16	0	446
15860	442	2	3	5	0	452
15861	454	2	3	8	0	467
15862	14	0	453	6	0	473
15863	7	1	472	5	0	485
15864	480	3	15	7	0	505
15865	15	478	6	6	0	505
15866	5	494	4	5	0	508
15867	11	17	1	459	0	488
15868	3	497	4	13	0	517
15869	499	16	2	8	0	525
15870	15	8	4	500	0	527
15871	6	4	498	20	0	528
15872	501	2	14	9	0	526
15873	513	2	5	4	0	524
15874	24	2	3	494	0	523
15875	11	2	3	505	0	521
15876	4	3	6	506	0	519
15877	10	2	1	493	0	506
15878	5	3	470	20	0	498
15879	5	470	16	5	0	496
15880	6	13	5	437	0	461
15881	6	469	2	16	0	493
15882	7	15	3	428	0	453
15883	2	449	2	19	0	472
15884	447	17	3	9	0	476
15885	458	4	2	9	0	473
15886	19	448	5	3	0	475
15887	446	15	5	2	0	468
15888	19	6	4	441	0	470
15889	440	4	1	17	0	462
15890	17	441	2	6	0	466
15891	440	15	3	4	0	462
15892	449	6	2	7	0	464
15893	22	2	6	435	0	465
15894	9	9	432	14	0	464
15895	8	439	11	8	0	466
15896	2	16	4	447	0	469
15897	439	7	7	18	0	471
15898	18	5	441	5	0	469
15899	9	7	12	431	0	459
15900	4	3	5	454	0	466
15901	444	1	4	25	0	474
15902	449	1	4	10	0	464
15903	447	3	2	7	0	459
15904	19	434	3	5	0	461
15905	394	10	0	8	0	412
15906	15	4	369	6	0	394
15907	7	1	365	5	0	378
15908	4	5	363	4	0	376
15909	8	13	12	302	0	335
15910	4	4	305	4	0	317
15911	262	3	2	4	0	271
15912	4	4	5	259	0	272
15913	6	1	269	5	0	281
15914	272	2	3	4	0	281
15915	5	5	3	268	0	281
15916	8	2	2	275	0	287
15917	281	1	0	10	0	292
15918	6	3	1	284	0	294
15919	6	2	283	4	0	295
15920	3	3	1	294	0	301
15921	2	1	295	5	0	303
15922	10	1	3	283	0	297
15923	285	1	5	5	0	296
15924	3	282	1	10	0	296
15925	5	287	2	4	0	298
15926	5	6	0	287	0	298
15927	4	5	2	281	0	292
15928	3	277	2	8	0	290
15929	1	280	2	5	0	288
15930	4	6	0	269	0	279
15931	6	4	2	268	0	280
15932	264	1	1	9	0	275
15933	5	258	3	3	0	269
15934	7	255	0	3	0	265
15935	3	267	3	1	0	274
15936	256	5	0	1	0	262
15937	3	4	255	1	0	263
15938	246	0	6	4	0	256
15939	4	0	5	248	0	257
15940	6	241	1	4	0	252
15941	2	247	1	6	0	256
15942	245	5	1	2	0	253
15943	3	4	1	242	0	250
15944	5	259	2	3	0	269
15945	263	3	1	9	0	276
15946	265	3	1	4	0	273
15947	7	0	266	5	0	278
15948	262	0	4	4	0	270
15949	271	2	4	3	0	280
15950	6	2	2	268	0	278
15951	4	263	1	6	0	274
15952	2	267	1	5	0	275
15953	4	6	1	257	0	268
15954	256	8	0	2	0	266
15955	3	1	250	5	0	259
15956	2	1	224	3	0	230
15957	2	0	229	3	0	234
15958	2	3	227	1	0	233
15959	0	231	4	1	0	236
15960	0	230	6	1	0	237
15961	6	4	198	3	0	211
15962	1	1	203	2	0	207
15963	3	183	5	0	0	191
15964	0	2	2	165	0	169
15965	0	1	181	2	0	184
15966	2	2	1	174	0	179
15967	1	1	0	181	0	183
15968	1	1	0	183	0	185
15969	0	1	0	186	0	187
15970	0	0	182	3	0	185
15971	4	0	2	173	0	179
15972	182	1	1	4	0	188
15973	4	1	174	0	0	179
15974	179	1	2	0	0	182
15975	4	0	0	182	0	186
15976	0	2	184	2	0	188
15977	180	3	2	1	0	186
15978	2	0	0	189	0	191
15979	182	1	0	4	0	187
15980	3	2	0	182	0	187
15981	1	184	1	2	0	188
15982	0	2	191	2	0	195
15983	0	1	3	190	0	194
15984	192	1	0	3	0	196
15985	190	1	0	2	0	193
15986	191	0	2	1	0	194
15987	193	1	1	1	0	196
15988	191	1	0	1	0	193
15989	2	187	1	2	0	192
15990	192	3	1	1	0	197
15991	3	2	183	1	0	189
15992	184	1	2	2	0	189
15993	4	0	0	183	0	187
15994	1	0	189	3	0	193
15995	0	1	189	1	0	191
15996	1	0	3	181	0	185
15997	190	0	1	3	0	194
15998	3	183	1	0	0	187
15999	183	3	1	0	0	187
16000	3	182	1	1	0	187
16001	1	2	2	192	0	197
16002	1	0	0	193	0	194
16003	194	1	0	5	0	200
16004	3	1	1	193	0	198
16005	0	0	199	5	0	204
16006	199	1	2	1	0	203
16007	2	0	1	206	0	209
16008	0	0	1	209	0	210
16009	1	0	203	2	0	206
16010	190	0	2	1	0	193
16011	200	1	0	3	0	204
16012	2	199	1	0	0	202
16013	2	2	195	0	0	199
16014	0	1	199	1	0	201
16015	1	1	2	194	0	198
16016	1	2	1	191	0	195
16017	1	191	2	2	0	196
16018	0	2	191	1	0	194
16019	0	0	2	185	0	187
16020	0	1	189	2	0	192
16021	1	0	1	184	0	186
16022	1	191	1	1	0	194
16023	1	1	0	195	0	197
16024	1	0	0	193	0	194
16025	0	0	0	190	0	190
16026	188	0	0	2	0	190
16027	1	0	188	0	0	189
16028	0	200	1	0	0	201
16029	1	1	0	208	0	210
16030	210	0	0	0	0	210
16031	2	0	0	212	0	214
16032	213	0	0	2	0	215
16033	1	0	220	0	0	221
16034	219	0	1	0	0	220
16035	1	0	0	226	0	227
16036	0	0	230	1	0	231
16037	0	225	1	0	0	226
16038	1	1	0	224	0	226
16039	1	0	0	228	0	229
16040	225	0	0	1	0	226
16041	1	224	0	0	0	225
16042	0	217	1	2	0	220
16043	0	230	0	0	0	230
16044	216	1	0	0	0	217
16045	1	224	0	0	0	225
16046	1	1	1	223	0	226
16047	0	1	0	223	0	224
16048	219	0	0	1	0	220
16049	1	219	1	0	0	221
16050	1	1	0	224	0	226
16051	227	0	0	2	0	229
16052	228	0	0	0	0	228
16053	227	0	0	0	0	227
16054	1	223	0	0	0	224
16055	215	1	0	2	0	218
16056	2	0	0	213	0	215
16057	0	213	0	1	0	214
16058	0	218	0	0	0	218
16059	0	1	0	219	0	220
16060	217	0	0	1	0	218
16061	213	0	0	1	0	214
16062	2	0	0	212	0	214
16063	0	214	0	1	0	215
16064	215	1	0	0	0	216
16065	1	0	213	0	0	214
16066	0	0	197	0	0	197
16067	201	0	1	0	0	202
16068	1	0	204	0	0	205
16069	0	0	0	195	0	195
16070	199	0	0	1	0	200
16071	0	0	0	202	0	202
16072	0	0	197	0	0	197
16073	0	204	0	1	0	205
16074	0	2	0	208	0	210
16075	0	0	205	0	0	205
16076	199	0	0	1	0	200
16077	1	0	0	198	0	199
16078	0	0	202	0	0	202
16079	1	0	0	199	0	200
16080	0	198	0	1	0	199
16081	0	0	1	210	0	211
16082	0	0	0	202	0	202
16083	0	1	0	195	0	196
16084	0	200	0	1	0	201
16085	199	0	0	3	0	202
16086	0	0	0	205	0	205
16087	1	1	0	202	0	204
16088	2	0	0	200	0	202
16089	0	2	194	1	0	197
16090	0	0	1	197	0	198
16091	197	0	0	3	0	200
16092	1	199	1	0	0	201
16093	0	1	0	207	0	208
16094	1	0	0	203	0	204
16095	203	0	0	2	0	205
16096	1	202	0	1	0	204
16097	203	1	0	1	0	205
16098	210	1	0	0	0	211
16099	1	2	0	205	0	208
16100	209	0	0	1	0	210
16101	2	207	0	0	0	209
16102	205	1	0	1	0	207
16103	1	0	0	214	0	215
16104	225	1	0	1	0	227
16105	225	0	0	1	0	226
16106	4	1	216	1	0	222
16107	220	0	3	2	0	225
16108	227	0	1	0	0	228
16109	241	0	1	2	0	244
16110	8	0	249	0	0	257
16111	1	257	5	0	0	263
16112	1	6	0	253	0	260
16113	254	0	1	7	0	262
16114	8	249	1	0	0	258
16115	248	8	0	1	0	257
16116	9	0	0	247	0	256
16117	1	1	250	7	0	259
16118	247	0	7	1	0	255
16119	8	0	0	257	0	265
16120	0	1	263	5	0	269
16121	259	0	7	1	0	267
16122	7	0	273	2	0	282
16123	4	1	8	282	0	295
16124	4	0	2	297	0	303
16125	291	0	2	11	0	304
16126	292	0	0	4	0	296
16127	13	294	0	2	0	309
16128	293	9	0	1	0	303
16129	10	3	279	1	0	293
16130	5	2	276	0	0	283
16131	272	1	10	1	0	284
16132	11	272	4	0	0	287
16133	262	10	2	1	0	275
16134	9	266	1	2	0	278
16135	265	10	0	2	0	277
16136	10	4	1	259	0	274
16137	5	1	266	9	0	281
16138	1	0	9	270	0	280
16139	2	0	4	277	0	283
16140	273	0	1	13	0	287
16141	9	0	270	4	0	283
16142	269	0	9	4	0	282
16143	9	264	3	2	0	278
16144	271	9	2	1	0	283
16145	11	3	1	262	0	277
16146	6	2	259	7	0	274
16147	4	1	10	263	0	278
16148	257	0	4	12	0	273
16149	11	1	2	260	0	274
16150	5	2	1	261	0	269
16151	2	244	0	16	0	262
16152	4	6	0	254	0	264
16153	3	4	252	11	0	270
16154	2	1	9	253	0	265
16155	1	1	4	263	0	269
16156	252	0	2	10	0	264
16157	11	0	1	255	0	267
16158	5	1	244	12	0	262
16159	2	251	10	4	0	267
16160	2	10	4	250	0	266
16161	2	3	1	262	0	268
16162	251	3	1	12	0	267
16163	13	252	0	4	0	269
16164	5	10	1	257	0	273
16165	241	4	2	11	0	258
16166	255	1	1	5	0	262
16167	14	1	1	246	0	262
16168	4	0	249	10	0	263
16169	250	1	10	5	0	266
16170	11	2	5	259	0	277
16171	266	0	3	13	0	282
16172	262	2	3	6	0	273
16173	15	250	0	5	0	270
16174	244	9	0	6	0	259
16175	14	244	2	0	0	260
16176	7	9	0	250	0	266
16177	2	5	2	253	0	262
16178	3	247	2	12	0	264
16179	249	9	1	5	0	264
16180	251	4	2	4	0	261
16181	15	3	236	1	0	255
16182	6	4	247	1	0	258
16183	4	1	12	238	0	255
16184	241	1	5	9	0	256
16185	11	0	2	239	0	252
16186	6	0	2	250	0	258
16187	1	0	245	15	0	261
16188	2	0	251	7	0	260
16189	1	1	255	3	0	260
16190	232	0	12	2	0	246
16191	243	1	7	0	0	251
16192	12	229	2	1	0	244
16193	5	245	1	2	0	253
16194	4	9	1	241	0	255
16195	1	4	240	10	0	255
16196	235	2	10	4	0	251
16197	9	2	244	3	0	258
16198	4	0	9	239	0	252
16199	2	0	3	244	0	249
16200	4	0	1	247	0	252
16201	0	2	1	252	0	255
16202	239	0	0	18	0	257
16203	10	0	2	234	0	246
16204	5	0	218	7	0	230
16205	200	0	7	7	0	214
16206	10	0	219	1	0	230
16207	5	1	219	2	0	227
16208	1	210	11	2	0	224
16209	7	6	5	180	0	198
16210	182	3	3	8	0	196
16211	5	2	2	187	0	196
16212	7	1	185	4	0	197
16213	2	2	5	186	0	195
16214	185	0	4	8	0	197
16215	4	186	1	7	0	198
16216	196	4	1	2	0	203
16217	5	193	0	4	0	202
16218	192	4	1	2	0	199
16219	4	187	4	1	0	196
16220	3	194	3	1	0	201
16221	2	5	190	1	0	198
16222	3	188	4	0	0	195
16223	164	2	2	1	0	169
16224	1	2	1	164	0	168
16225	163	2	0	3	0	168
16226	3	163	3	1	0	170
16227	155	1	1	5	0	162
16228	3	0	162	0	0	165
16229	1	1	2	164	0	168
16230	2	166	0	1	0	169
16231	0	2	1	176	0	179
16232	2	0	1	171	0	174
16233	191	2	0	2	0	195
16234	4	191	1	1	0	197
16235	192	2	0	3	0	197
16236	4	1	202	1	0	208
16237	1	2	196	1	0	200
16238	2	194	4	1	0	201
16239	2	3	3	196	0	204
16240	0	1	196	4	0	201
16241	3	2	4	191	0	200
16242	4	1	0	206	0	211
16243	1	0	203	5	0	209
16244	0	0	202	2	0	204
16245	0	0	209	5	0	214
16246	1	2	202	1	0	206
16247	2	213	5	2	0	222
16248	1	5	3	209	0	218
16249	3	1	3	213	0	220
16250	0	3	207	6	0	216
16251	2	1	5	211	0	219
16252	0	3	231	6	0	240
16253	2	0	9	226	0	237
16254	0	3	1	233	0	237
16255	2	225	2	5	0	234
16256	0	4	1	234	0	239
16257	1	1	1	238	0	241
16258	0	2	2	235	0	239
16259	1	1	226	8	0	236
16260	1	224	6	2	0	233
16261	226	5	1	6	0	238
16262	223	0	2	3	0	228
16263	4	6	0	223	0	233
16264	4	0	1	221	0	226
16265	2	223	1	7	0	233
16266	221	5	2	6	0	234
16267	5	226	1	4	0	236
16268	215	6	2	4	0	227
16269	6	1	207	2	0	216
16270	208	1	3	2	0	214
16271	4	217	0	2	0	223
16272	1	4	1	223	0	229
16273	1	1	2	226	0	230
16274	1	214	1	6	0	222
16275	218	6	0	1	0	225
16276	6	2	0	221	0	229
16277	1	1	1	228	0	231
16278	231	0	0	6	0	237
16279	232	2	0	6	0	240
16280	6	0	227	3	0	236
16281	224	1	5	2	0	232
16282	7	2	3	226	0	238
16283	3	0	233	6	0	242
16284	2	1	6	229	0	238
16285	0	2	229	8	0	239
16286	2	1	226	3	0	232
16287	1	0	7	228	0	236
16288	1	1	232	7	0	241
16289	2	232	9	1	0	244
16290	3	6	2	238	0	249
16291	2	0	4	245	0	251
16292	3	2	245	7	0	257
16293	1	242	6	4	0	253
16294	242	6	3	3	0	254
16295	8	4	1	247	0	260
16296	245	1	1	10	0	257
16297	8	244	1	3	0	256
16298	2	6	248	4	0	260
16299	3	3	6	246	0	258
16300	246	1	5	7	0	259
16301	7	1	253	3	0	264
16302	241	0	7	4	0	252
16303	8	251	2	1	0	262
16304	3	247	1	4	0	255
16305	245	8	1	1	0	255
16306	6	2	2	246	0	256
16307	1	2	2	248	0	253
16308	3	254	2	6	0	265
16309	2	6	0	258	0	266
16310	3	1	2	258	0	264
16311	254	4	0	10	0	268
16312	5	1	2	255	0	263
16313	1	2	254	8	0	265
16314	4	0	6	253	0	263
16315	1	2	3	271	0	277
16316	3	1	266	6	0	276
16317	0	2	5	262	0	269
16318	262	1	2	7	0	272
16319	256	3	1	2	0	262
16320	255	0	1	6	0	262
16321	8	0	2	255	0	265
16322	4	3	253	6	0	266
16323	2	257	6	1	0	266
16324	1	5	2	263	0	271
16325	1	2	267	9	0	279
16326	4	2	5	264	0	275
16327	5	2	1	265	0	273
16328	265	2	3	7	0	277
16329	6	271	0	7	0	284
16330	2	6	271	3	0	282
16331	254	4	6	1	0	265
16332	7	261	2	4	0	274
16333	3	251	2	0	0	256
16334	247	7	1	4	0	259
16335	5	2	1	252	0	260
16336	3	0	273	6	0	282
16337	1	0	2	272	0	275
16338	1	274	4	1	0	280
16339	271	3	0	9	0	283
16340	6	2	0	281	0	289
16341	288	1	0	4	0	293
16342	6	0	0	290	0	296
16343	2	283	2	5	0	292
16344	291	3	1	10	0	305
16345	291	3	1	4	0	299
16346	6	290	2	2	0	300
16347	287	3	0	4	0	294
16348	5	1	0	285	0	291
16349	1	283	0	4	0	288
16350	290	3	1	5	0	299
16351	4	299	0	1	0	304
16352	282	5	3	0	0	290
16353	6	4	0	277	0	287
16354	278	2	0	10	0	290
16355	286	1	1	5	0	293
16356	289	0	2	2	0	293
16357	9	0	0	282	0	291
16358	4	3	1	285	0	293
16359	277	3	1	8	0	289
16360	4	1	277	5	0	287
16361	7	0	3	277	0	287
16362	1	274	4	8	0	287
16363	2	6	1	287	0	296
16364	5	2	0	288	0	295
16365	1	3	280	7	0	291
16366	5	1	4	295	0	305
16367	1	310	2	8	0	321
16368	0	6	2	332	0	340
16369	1	7	351	8	0	367
16370	2	1	8	354	0	365
16371	1	1	7	369	0	378
16372	352	0	1	16	0	369
16373	355	0	0	8	0	363
16374	16	0	1	352	0	369
16375	11	342	0	8	0	361
16376	3	352	0	8	0	363
16377	1	13	338	3	0	355
16378	3	9	8	334	0	354
16379	327	3	5	14	0	349
16380	8	1	3	334	0	346
16381	6	2	332	9	0	349
16382	3	1	7	338	0	349
16383	3	0	5	340	0	348
16384	2	2	2	343	0	349
16385	2	0	333	16	0	351
16386	2	339	8	6	0	355
16387	334	8	6	5	0	353
16388	338	7	2	6	0	353
16389	14	2	1	324	0	341
16390	5	2	330	9	0	346
16391	2	326	10	8	0	346
16392	2	9	5	331	0	347
16393	2	329	1	7	0	339
16394	3	337	0	5	0	345
16395	324	10	0	5	0	339
16396	7	8	327	1	0	343
16397	7	4	325	1	0	337
16398	4	1	12	323	0	340
16399	1	1	7	336	0	345
16400	3	1	335	10	0	349
16401	2	0	6	339	0	347
16402	0	3	342	8	0	353
16403	319	1	8	8	0	336
16404	6	1	5	340	0	352
16405	6	3	350	9	0	368
16406	4	0	8	334	0	346
16407	1	383	5	11	0	400
16408	371	7	4	12	0	394
16409	9	375	2	4	0	390
16410	381	8	1	8	0	398
16411	8	6	379	4	0	397
16412	384	3	7	5	0	399
16413	11	2	4	386	0	403
16414	8	1	397	8	0	414
16415	4	3	6	389	0	402
16416	2	2	383	10	0	397
16417	361	2	12	11	0	386
16418	8	387	8	2	0	405
16419	6	6	2	386	0	400
16420	2	403	2	5	0	412
16421	395	9	1	10	0	415
16422	389	5	2	12	0	408
16423	12	392	3	3	0	410
16424	9	8	1	389	0	407
16425	4	5	0	394	0	403
16426	1	5	2	392	0	400
16427	385	2	1	19	0	407
16428	9	389	1	8	0	407
16429	11	7	0	383	0	401
16430	5	5	2	386	0	398
16431	375	3	3	17	0	398
16432	8	2	378	8	0	396
16433	7	3	368	7	0	385
16434	366	4	11	5	0	386
16435	9	3	365	4	0	381
16436	5	4	348	3	0	360
16437	4	3	12	337	0	356
16438	341	0	10	8	0	359
16439	7	2	3	342	0	354
16440	5	0	331	12	0	348
16441	311	0	10	7	0	328
16442	8	1	327	5	0	341
16443	7	346	11	4	0	368
16444	4	7	5	356	0	372
16445	360	4	1	11	0	376
16446	7	2	3	362	0	374
16447	6	3	1	362	0	372
16448	371	2	2	9	0	384
16449	8	4	0	373	0	385
16450	8	2	0	377	0	387
16451	2	2	371	12	0	387
16452	3	1	6	378	0	388
16453	369	1	7	14	0	391
16454	371	1	3	8	0	383
16455	379	3	1	9	0	392
16456	10	1	3	370	0	384
16457	6	369	4	7	0	386
16458	371	6	2	7	0	386
16459	9	375	2	4	0	390
16460	368	9	0	6	0	383
16461	9	4	2	370	0	385
16462	367	2	1	9	0	379
16463	365	2	1	9	0	377
16464	365	1	1	5	0	372
16465	12	358	1	2	0	373
16466	5	342	0	4	0	351
16467	324	3	1	2	0	330
16468	4	320	1	1	0	326
16469	1	283	0	0	0	284
16470	1	284	1	0	0	286
16471	292	1	0	1	0	294
16472	1	0	0	289	0	290
16473	2	0	0	288	0	290
16474	284	0	0	3	0	287
16475	0	1	297	0	0	298
16476	1	0	0	322	0	323
16477	0	0	0	326	0	326
16478	1	0	0	353	0	354
16479	0	0	0	367	0	367
16480	2	358	0	2	0	362
16481	0	428	1	2	0	431
16482	428	11	0	6	0	445
16483	11	4	0	430	0	445
16484	5	1	0	440	0	446
16485	1	1	426	12	0	440
16486	4	1	10	429	0	444
16487	3	0	430	10	0	443
16488	1	0	10	431	0	442
16489	0	0	456	12	0	468
16490	0	447	12	10	0	469
16491	1	10	5	456	0	472
16492	464	6	2	14	0	486
16493	472	2	1	6	0	481
16494	20	2	1	458	0	481
16495	5	2	452	15	0	474
16496	4	1	460	7	0	472
16497	432	0	18	6	0	456
16498	13	446	4	5	0	468
16499	457	12	5	4	0	478
16500	454	4	2	5	0	465
16501	17	1	453	0	0	471
16502	6	3	11	445	0	465
16503	2	1	6	454	0	463
16504	7	2	1	470	0	480
16505	4	0	1	454	0	459
16506	4	1	1	448	0	454
16507	2	1	416	20	0	439
16508	1	1	421	7	0	430
16509	3	0	16	423	0	442
16510	2	2	6	426	0	436
16511	6	0	3	434	0	443
16512	414	2	2	21	0	439
16513	15	0	3	416	0	434
16514	415	0	1	20	0	436
16515	15	0	2	430	0	447
16516	437	1	0	22	0	460
16517	450	0	0	11	0	461
16518	437	1	1	7	0	446
16519	436	1	1	5	0	443
16520	439	1	2	5	0	447
16521	23	0	3	423	0	449
16522	428	0	3	15	0	446
16523	15	429	1	8	0	453
16524	441	14	1	6	0	462
16525	18	4	1	442	0	465
16526	9	1	435	14	0	459
16527	5	1	15	445	0	466
16528	6	2	435	17	0	460
16529	6	0	15	439	0	460
16530	7	0	3	453	0	463
16531	5	0	443	22	0	470
16532	5	0	437	9	0	451
16533	2	1	18	443	0	464
16534	442	0	7	19	0	468
16535	14	3	435	9	0	461
16536	9	449	14	4	0	476
16537	3	15	454	6	0	478
16538	456	3	16	5	0	480
16539	15	2	9	461	0	487
16540	463	2	7	19	0	491
16541	468	1	2	13	0	484
16542	22	2	3	459	0	486
16543	8	2	438	18	0	466
16544	7	1	14	430	0	452
16545	5	0	7	443	0	455
16546	425	0	7	22	0	454
16547	15	441	4	11	0	471
16548	8	15	3	441	0	467
16549	4	6	429	18	0	457
16550	413	1	12	8	0	434
16551	16	420	7	5	0	448
16552	11	15	2	429	0	457
16553	7	4	2	439	0	452
16554	6	3	3	447	0	459
16555	422	1	3	26	0	452
16556	436	1	2	16	0	455
16557	19	0	5	428	0	452
16558	10	0	420	20	0	450
16559	3	421	16	10	0	450
16560	423	13	5	8	0	449
16561	440	5	6	5	0	456
16562	24	4	2	421	0	451
16563	10	2	4	438	0	454
16564	8	2	429	22	0	461
16565	2	429	17	14	0	462
16566	436	16	5	10	0	467
16567	430	4	3	10	0	447
16568	23	421	2	5	0	451
16569	415	16	2	3	0	436
16570	26	5	1	403	0	435
16571	9	4	398	21	0	432
16572	10	1	17	400	0	428
16573	5	3	399	19	0	426
16574	392	1	18	11	0	422
16575	17	386	7	7	0	417
16576	4	15	5	355	0	379
16577	4	4	358	18	0	384
16578	3	3	348	4	0	358
16579	311	2	16	4	0	333
16580	14	316	6	2	0	338
16581	241	6	4	3	0	254
16582	242	0	0	1	0	243
16583	246	2	0	1	0	249
16584	8	0	0	236	0	244
16585	2	0	235	8	0	245
16586	1	244	7	0	0	252
16587	2	10	0	241	0	253
16588	0	1	245	7	0	253
16589	1	2	215	0	0	218
16590	2	1	7	211	0	221
16591	0	0	209	6	0	215
16592	191	0	6	0	0	197
16593	6	0	0	202	0	208
16594	1	0	1	205	0	207
16595	204	0	0	4	0	208
16596	3	202	0	2	0	207
16597	217	3	0	3	0	223
16598	6	0	0	219	0	225
16599	1	2	1	219	0	223
16600	4	0	0	221	0	225
16601	1	0	1	216	0	218
16602	208	0	0	8	0	216
16603	4	1	212	2	0	219
16604	0	211	3	3	0	217
16605	3	3	1	210	0	217
16606	205	0	3	5	0	213
16607	215	3	0	0	0	218
16608	4	212	0	2	0	218
16609	205	3	0	1	0	209
16610	6	207	1	0	0	214
16611	2	218	0	0	0	220
16612	0	2	1	217	0	220
16613	0	1	214	2	0	217
16614	1	2	2	206	0	211
16615	201	0	1	6	0	208
16616	4	202	2	1	0	209
16617	0	4	1	197	0	202
16618	2	0	226	5	0	233
16619	225	1	5	0	0	231
16620	239	0	1	2	0	242
16621	243	0	1	4	0	248
16622	3	1	227	1	0	232
16623	228	0	3	1	0	232
16624	6	229	0	0	0	235
16625	2	3	1	223	0	229
16626	2	227	1	4	0	234
16627	230	3	1	2	0	236
16628	226	1	1	1	0	229
16629	3	1	240	3	0	247
16630	2	242	5	0	0	249
16631	2	3	2	247	0	254
16632	0	3	1	245	0	249
16633	0	0	1	242	0	243
16634	3	0	1	237	0	241
16635	2	0	0	241	0	243
16636	1	1	230	6	0	238
16637	1	225	5	1	0	232
16638	225	6	0	1	0	232
16639	6	1	239	0	0	246
16640	1	234	4	2	0	241
16641	235	4	1	5	0	245
16642	4	0	243	2	0	249
16643	245	2	4	3	0	254
16644	248	1	0	5	0	254
16645	245	0	3	2	0	250
16646	5	242	2	0	0	249
16647	2	4	229	2	0	237
16648	2	238	5	0	0	245
16649	4	4	0	211	0	219
16650	0	232	3	3	0	238
16651	236	3	0	2	0	241
16652	245	2	0	1	0	248
16653	237	2	0	2	0	241
16654	5	1	239	1	0	246
16655	2	248	6	1	0	257
16656	2	3	1	277	0	283
16657	303	1	1	5	0	310
16658	4	303	0	3	0	310
16659	4	4	0	305	0	313
16660	0	2	318	6	0	326
16661	316	3	5	5	0	329
16662	7	0	334	3	0	344
16663	3	0	346	1	0	350
16664	332	0	10	2	0	344
16665	5	2	334	0	0	341
16666	316	0	8	2	0	326
16667	9	315	2	1	0	327
16668	320	7	4	2	0	333
16669	9	2	0	324	0	335
16670	6	2	1	326	0	335
16671	7	0	0	331	0	338
16672	325	0	1	12	0	338
16673	325	0	1	8	0	334
16674	325	0	0	4	0	329
16675	10	320	1	0	0	331
16676	7	6	0	324	0	337
16677	3	4	320	6	0	333
16678	1	2	5	312	0	320
16679	0	319	3	8	0	330
16680	2	6	3	318	0	329
16681	1	3	0	326	0	330
16682	313	3	1	11	0	328
16683	9	0	0	316	0	325
16684	4	0	317	9	0	330
16685	2	1	318	3	0	324
16686	3	1	9	322	0	335
16687	313	1	8	9	0	331
16688	10	0	3	320	0	333
16689	4	1	1	324	0	330
16690	5	0	316	8	0	329
16691	0	321	8	8	0	337
16692	4	5	4	323	0	336
16693	316	3	4	8	0	331
16694	7	314	2	4	0	327
16695	6	7	1	324	0	338
16696	5	5	313	8	0	331
16697	5	4	7	312	0	328
16698	308	1	3	13	0	325
16699	6	309	5	7	0	327
16700	5	6	316	5	0	332
16701	5	6	7	303	0	321
16702	4	3	320	8	0	335
16703	308	1	10	6	0	325
16704	316	2	4	4	0	326
16705	11	0	314	4	0	329
16706	10	0	9	306	0	325
16707	3	1	319	9	0	332
16708	1	312	9	6	0	328
16709	3	7	4	321	0	335
16710	2	3	323	7	0	335
16711	3	4	5	303	0	315
16712	2	311	6	11	0	330
16713	4	7	5	317	0	333
16714	4	5	315	10	0	334
16715	300	4	8	7	0	319
16716	7	319	3	6	0	335
16717	316	7	2	6	0	331
16718	11	3	305	2	0	321
16719	303	5	8	4	0	320
16720	11	1	305	2	0	319
16721	301	2	9	4	0	316
16722	310	1	7	4	0	322
16723	14	2	4	297	0	317
16724	7	0	4	307	0	318
16725	306	0	2	14	0	322
16726	9	302	2	9	0	322
16727	309	8	2	5	0	324
16728	9	7	2	303	0	321
16729	9	306	2	8	0	325
16730	4	7	3	308	0	322
16731	5	5	0	311	0	321
16732	7	4	2	306	0	319
16733	4	300	1	16	0	321
16734	299	7	1	12	0	319
16735	8	6	1	307	0	322
16736	5	4	311	6	0	326
16737	5	0	301	9	0	315
16738	2	2	309	5	0	318
16739	297	1	12	2	0	312
16740	300	2	10	3	0	315
16741	12	1	299	3	0	315
16742	9	0	9	282	0	300
16743	8	0	7	279	0	294
16744	3	3	291	10	0	307
16745	2	1	292	13	0	308
16746	1	0	13	289	0	303
16747	292	0	10	6	0	308
16748	283	3	5	6	0	297
16749	292	0	3	6	0	301
16750	16	276	4	1	0	297
16751	10	289	1	3	0	303
16752	4	9	0	282	0	295
16753	278	6	0	11	0	295
16754	6	4	270	6	0	286
16755	253	1	7	4	0	265
16756	6	233	3	1	0	243
16757	4	214	3	0	0	221
16758	211	5	1	1	0	218
16759	2	212	0	0	0	214
16760	3	193	2	0	0	198
16761	180	6	0	2	0	188
16762	2	195	0	0	0	197
16763	5	0	0	181	0	186
16764	1	3	0	182	0	186
16765	184	0	0	4	0	188
16766	179	1	0	3	0	183
16767	4	190	0	0	0	194
16768	1	193	0	1	0	195
16769	0	1	194	0	0	195
16770	192	3	1	1	0	197
16771	199	0	1	1	0	201
16772	203	0	0	0	0	203
16773	3	1	0	202	0	206
16774	3	0	0	210	0	213
16775	211	0	0	5	0	216
16776	1	0	1	214	0	216
16777	2	0	222	0	0	224
16778	0	0	1	226	0	227
16779	1	220	2	1	0	224
16780	1	2	0	224	0	227
16781	0	2	1	226	0	229
16782	0	0	0	230	0	230
16783	221	0	0	2	0	223
16784	1	219	1	2	0	223
16785	3	3	1	220	0	227
16786	0	2	220	2	0	224
16787	1	0	217	2	0	220
16788	3	0	3	223	0	229
16789	2	1	2	221	0	226
16790	221	1	0	5	0	227
16791	2	0	0	213	0	215
16792	2	212	0	3	0	217
16793	1	1	219	2	0	223
16794	1	1	2	218	0	222
16795	0	0	226	1	0	227
16796	1	0	1	227	0	229
16797	225	0	1	2	0	228
16798	223	0	0	1	0	224
16799	2	225	0	0	0	227
16800	2	1	0	232	0	235
16801	239	1	0	1	0	241
16802	233	0	0	1	0	234
16803	233	0	0	1	0	234
16804	227	0	0	1	0	228
16805	232	0	0	1	0	233
16806	2	229	0	0	0	231
16807	225	1	0	0	0	226
16808	1	2	215	0	0	218
16809	1	0	1	219	0	221
16810	224	0	1	2	0	227
16811	220	0	0	2	0	222
16812	222	0	0	0	0	222
16813	2	1	219	2	0	224
16814	1	1	1	224	0	227
16815	233	0	1	2	0	236
16816	1	224	0	3	0	228
16817	236	1	0	3	0	240
16818	234	0	0	0	0	234
16819	230	1	0	0	0	231
16820	1	0	0	241	0	242
16821	238	0	1	2	0	241
16822	1	0	244	1	0	246
16823	0	1	248	1	0	250
16824	244	0	1	2	0	247
16825	2	1	247	0	0	250
16826	219	0	1	4	0	224
16827	1	0	252	0	0	253
16828	1	0	2	248	0	251
16829	240	0	0	2	0	242
16830	1	246	1	0	0	248
16831	248	1	0	3	0	252
16832	2	238	1	0	0	241
16833	1	258	1	0	0	260
16834	1	2	0	256	0	259
16835	1	0	0	261	0	262
16836	3	0	0	256	0	259
16837	1	0	260	2	0	263
16838	249	0	1	1	0	251
16839	268	0	1	2	0	271
16840	266	0	0	2	0	268
16841	267	1	1	0	0	269
16842	264	0	0	1	0	265
16843	2	0	252	0	0	254
16844	1	0	262	1	0	264
16845	2	1	1	261	0	265
16846	1	0	263	1	0	265
16847	277	0	1	0	0	278
16848	2	294	1	0	0	297
16849	1	2	0	315	0	318
16850	311	0	0	5	0	316
16851	5	1	0	317	0	323
16852	2	1	323	4	0	330
16853	2	1	318	1	0	322
16854	1	0	6	323	0	330
16855	0	0	333	6	0	339
16856	317	0	5	1	0	323
16857	6	0	2	329	0	337
16858	3	0	328	3	0	334
16859	0	322	4	1	0	327
16860	1	4	2	328	0	335
16861	2	1	329	4	0	336
16862	2	1	4	307	0	314
16863	3	0	1	317	0	321
16864	1	1	321	5	0	328
16865	2	1	5	314	0	322
16866	3	1	1	311	0	316
16867	1	1	0	325	0	327
16868	312	1	3	5	0	321
16869	4	309	2	4	0	319
16870	2	309	1	3	0	315
16871	0	5	308	1	0	314
16872	295	1	5	1	0	302
16873	6	1	297	1	0	305
16874	3	1	297	3	0	304
16875	1	1	5	290	0	297
16876	291	0	0	8	0	299
16877	4	284	2	1	0	291
16878	279	5	1	3	0	288
16879	284	2	0	2	0	288
16880	5	287	2	0	0	294
16881	288	5	1	2	0	296
16882	286	2	1	3	0	292
16883	6	292	1	2	0	301
16884	2	4	1	295	0	302
16885	1	4	0	303	0	308
16886	308	2	0	7	0	317
16887	5	304	2	1	0	312
16888	319	5	0	2	0	326
16889	319	2	1	2	0	324
16890	329	0	1	2	0	332
16891	8	0	0	328	0	336
16892	2	1	0	338	0	341
16893	328	2	1	9	0	340
16894	348	0	0	4	0	352
16895	339	0	3	1	0	343
16896	8	2	1	351	0	362
16897	5	1	356	7	0	369
16898	5	0	8	365	0	378
16899	6	1	3	387	0	397
16900	1	1	379	14	0	395
16901	2	0	412	9	0	423
16902	5	1	15	419	0	440
16903	2	2	428	14	0	446
16904	429	2	12	9	0	452
16905	17	1	8	434	0	460
16906	6	2	5	448	0	461
16907	443	0	3	23	0	469
16908	16	0	3	450	0	469
16909	10	0	4	452	0	466
16910	7	1	2	464	0	474
16911	4	0	2	464	0	470
16912	3	2	438	22	0	465
16913	7	0	11	446	0	464
16914	2	1	433	20	0	456
16915	1	433	11	13	0	458
16916	4	13	9	432	0	458
16917	2	6	430	18	0	456
16918	403	1	16	8	0	428
16919	15	423	7	6	0	451
16920	424	14	4	7	0	449
16921	15	7	3	412	0	437
16922	6	414	4	18	0	442
16923	424	14	4	10	0	452
16924	18	431	1	4	0	454
16925	437	16	1	7	0	461
16926	20	8	3	431	0	462
16927	443	2	2	17	0	464
16928	16	446	1	8	0	471
16929	460	16	2	5	0	483
16930	19	8	449	4	0	480
16931	12	3	15	450	0	480
16932	451	2	6	22	0	481
16933	458	3	4	11	0	476
16934	24	2	2	445	0	473
16935	9	3	441	19	0	472
16936	7	417	19	9	0	452
16937	6	438	6	7	0	457
16938	447	20	4	9	0	480
16939	22	5	4	442	0	473
16940	5	5	3	456	0	469
16941	443	3	3	24	0	473
16942	450	4	4	10	0	468
16943	21	1	433	10	0	465
16944	9	3	18	433	0	463
16945	7	1	440	20	0	468
16946	6	430	15	12	0	463
16947	417	15	10	6	0	448
16948	17	405	2	9	0	433
16949	6	399	7	5	0	417
16950	8	19	1	399	0	427
16951	388	7	3	20	0	418
16952	12	399	4	10	0	425
16953	395	15	4	7	0	421
16954	14	394	4	6	0	418
16955	12	14	1	387	0	414
16956	389	6	1	20	0	416
16957	19	7	396	6	0	428
16958	15	7	11	394	0	427
16959	7	4	403	17	0	431
16960	9	381	15	6	0	411
16961	4	399	6	11	0	420
16962	394	17	3	6	0	420
16963	18	399	4	5	0	426
16964	400	15	2	8	0	425
16965	413	10	6	3	0	432
16966	20	9	398	9	0	436
16967	405	6	11	4	0	426
16968	22	2	422	3	0	449
16969	9	419	11	11	0	450
16970	425	15	12	2	0	454
16971	19	418	7	3	0	447
16972	9	14	4	422	0	449
16973	429	5	7	13	0	454
16974	19	4	2	425	0	450
16975	10	5	423	18	0	456
16976	11	3	11	424	0	449
16977	9	5	5	436	0	455
16978	423	4	5	22	0	454
16979	16	5	424	12	0	457
16980	435	4	14	9	0	462
16981	443	3	7	9	0	462
16982	24	2	6	438	0	470
16983	17	4	2	443	0	466
16984	427	5	7	20	0	459
16985	16	436	6	13	0	471
16986	15	12	3	434	0	464
16987	4	10	433	12	0	459
16988	9	2	405	11	0	427
16989	7	417	15	5	0	444
16990	8	11	3	406	0	428
16991	6	8	5	415	0	434
16992	401	5	3	21	0	430
16993	12	4	4	401	0	421
16994	383	4	2	13	0	402
16995	14	377	2	8	0	401
16996	5	383	1	6	0	395
16997	9	390	1	3	0	403
16998	365	15	5	4	0	389
16999	344	6	2	6	0	358
17000	15	334	1	4	0	354
17001	292	3	2	4	0	301
17002	2	295	0	2	0	299
17003	1	2	2	286	0	291
17004	2	286	1	2	0	291
17005	281	4	2	2	0	289
17006	282	3	1	4	0	290
17007	5	1	1	281	0	288
17008	284	2	0	4	0	290
17009	3	2	0	283	0	288
17010	3	287	0	3	0	293
17011	3	6	0	280	0	289
17012	3	285	1	2	0	291
17013	279	5	1	2	0	287
17014	6	1	276	1	0	284
17015	268	1	1	1	0	271
17016	1	0	1	274	0	276
17017	3	0	279	1	0	283
17018	269	0	1	4	0	274
17019	1	1	287	0	0	289
17020	2	0	1	281	0	284
17021	1	1	2	281	0	285
17022	3	0	0	283	0	286
17023	0	0	1	280	0	281
17024	2	268	0	3	0	273
17025	1	2	0	297	0	300
17026	290	2	0	4	0	296
17027	3	0	288	3	0	294
17028	4	297	4	0	0	305
17029	311	3	3	3	0	320
17030	336	6	0	4	0	346
17031	8	1	1	383	0	393
17032	7	1	383	7	0	398
17033	1	4	6	374	0	385
17034	3	0	8	402	0	413
17035	1	0	403	15	0	419
17036	0	416	7	9	0	432
17037	421	8	10	2	0	441
17038	422	9	1	1	0	433
17039	438	0	0	2	0	440
17040	19	0	1	420	0	440
17041	14	1	0	442	0	457
17042	445	0	0	25	0	470
17043	10	1	0	441	0	452
17044	13	448	2	6	0	469
17045	460	11	0	12	0	483
17046	473	11	0	2	0	486
17047	499	0	1	1	0	501
17048	498	0	0	3	0	501
17049	23	0	463	2	0	488
17050	13	2	477	1	0	493
17051	4	1	22	462	0	489
17052	4	0	12	468	0	484
17053	2	1	462	23	0	488
17054	2	0	463	11	0	476
17055	4	0	25	459	0	488
17056	457	0	11	15	0	483
17057	17	0	0	460	0	477
17058	13	0	452	13	0	478
17059	0	463	14	9	0	486
17060	465	11	13	4	0	493
17061	477	12	0	3	0	492
17062	479	0	0	4	0	483
17063	479	0	1	4	0	484
17064	24	2	446	1	0	473
17065	14	0	11	450	0	475
17066	458	2	12	14	0	486
17067	14	0	3	460	0	477
17068	15	1	1	443	0	460
17069	0	430	2	22	0	454
17070	2	12	0	454	0	468
17071	437	11	0	12	0	460
17072	12	435	1	14	0	462
17073	445	12	3	1	0	461
17074	12	447	0	1	0	460
17075	16	12	0	408	0	436
17076	2	426	0	11	0	439
17077	2	445	1	12	0	460
17078	436	21	1	5	0	463
17079	14	12	430	3	0	459
17080	11	0	427	5	0	443
17081	2	0	428	1	0	431
17082	398	3	22	5	0	428
17083	15	411	10	4	0	440
17084	12	424	3	4	0	443
17085	402	22	2	5	0	431
17086	15	411	2	4	0	432
17087	15	431	2	1	0	449
17088	10	23	1	419	0	453
17089	6	13	419	15	0	453
17090	5	2	431	15	0	453
17091	8	2	22	425	0	457
17092	411	4	13	20	0	448
17093	14	416	1	16	0	447
17094	18	14	4	420	0	456
17095	5	12	423	13	0	453
17096	8	1	416	14	0	439
17097	9	1	26	404	0	440
17098	413	3	14	17	0	447
17099	415	2	3	16	0	436
17100	29	1	412	2	0	444
17101	406	2	14	8	0	430
17102	16	2	418	5	0	441
17103	16	1	14	392	0	423
17104	7	399	14	10	0	430
17105	409	13	4	16	0	442
17106	19	13	3	412	0	447
17107	21	3	2	418	0	444
17108	9	3	2	437	0	451
17109	7	2	1	440	0	450
17110	7	3	409	24	0	443
17111	5	408	13	14	0	440
17112	9	10	16	408	0	443
17113	407	11	3	17	0	438
17114	18	1	2	421	0	442
17115	17	0	8	423	0	448
17116	4	3	413	27	0	447
17117	7	3	393	18	0	421
17118	6	398	24	4	0	432
17119	5	399	14	5	0	423
17120	8	23	2	399	0	432
17121	396	15	1	14	0	426
17122	13	5	396	15	0	429
17123	14	395	15	4	0	428
17124	9	13	13	376	0	411
17125	4	383	5	16	0	408
17126	8	12	3	375	0	398
17127	2	381	5	13	0	401
17128	6	12	1	358	0	377
17129	346	10	4	10	0	370
17130	9	319	3	9	0	340
17131	5	6	1	265	0	277
17132	259	5	0	7	0	271
17133	7	256	2	5	0	270
17134	3	231	2	2	0	238
17135	3	228	0	3	0	234
17136	3	4	2	219	0	228
17137	0	1	0	220	0	221
17138	0	216	0	4	0	220
17139	2	3	1	217	0	223
17140	2	0	215	4	0	221
17141	0	218	2	0	0	220
17142	0	6	0	204	0	210
17143	0	207	0	2	0	209
17144	2	0	194	0	0	196
17145	0	186	2	0	0	188
17146	161	3	0	1	0	165
17147	1	0	0	162	0	163
17148	160	0	1	1	0	162
17149	1	0	161	0	0	162
17150	0	0	1	159	0	160
17151	0	0	159	1	0	160
17152	0	0	1	159	0	160
17153	164	0	1	3	0	168
17154	1	0	0	169	0	170
17155	163	0	0	2	0	165
17156	0	171	0	1	0	172
17157	170	1	0	2	0	173
17158	1	1	176	0	0	178
17159	1	179	1	0	0	181
17160	0	2	1	181	0	184
17161	0	0	0	179	0	179
17162	0	0	177	1	0	178
17163	0	181	2	1	0	184
17164	0	2	1	182	0	185
17165	1	187	0	1	0	189
17166	1	1	0	186	0	188
17167	1	182	0	1	0	184
17168	175	1	1	1	0	178
17169	1	1	0	179	0	181
17170	1	0	179	1	0	181
17171	0	173	1	2	0	176
17172	1	184	1	0	0	186
17173	0	1	173	1	0	175
17174	1	180	2	0	0	183
17175	0	3	1	177	0	181
17176	1	1	186	1	0	189
17177	0	0	2	180	0	182
17178	0	1	1	187	0	189
17179	0	0	187	3	0	190
17180	176	0	1	2	0	179
17181	1	0	2	188	0	191
17182	1	1	215	1	0	218
17183	0	223	1	1	0	225
17184	227	1	1	3	0	232
17185	1	233	0	0	0	234
17186	1	2	0	231	0	234
17187	231	1	0	3	0	235
17188	1	0	0	231	0	232
17189	1	0	241	1	0	243
17190	1	1	1	242	0	245
17191	0	2	244	1	0	247
17192	238	0	2	2	0	242
17193	1	1	250	0	0	252
17194	248	0	1	2	0	251
17195	249	0	2	4	0	255
17196	2	0	263	1	0	266
17197	1	0	256	1	0	258
17198	0	259	3	0	0	262
17199	268	1	0	1	0	270
17200	1	1	0	285	0	287
17201	1	0	1	278	0	280
17202	313	1	0	5	0	319
17203	322	0	0	6	0	328
17204	319	1	0	2	0	322
17205	320	0	0	1	0	321
17206	3	0	0	319	0	322
17207	324	0	0	2	0	326
17208	1	0	1	327	0	329
17209	2	0	0	324	0	326
17210	0	0	1	329	0	330
17211	1	0	324	2	0	327
17212	0	322	2	1	0	325
17213	1	321	1	1	0	324
17214	1	2	0	327	0	330
17215	325	0	1	1	0	327
17216	1	0	0	324	0	325
17217	321	1	0	3	0	325
17218	2	0	342	2	0	346
17219	327	0	1	1	0	329
17220	2	0	1	344	0	347
17221	359	0	0	2	0	361
17222	356	0	0	3	0	359
17223	358	1	0	2	0	361
17224	4	0	0	358	0	362
17225	1	0	361	2	0	364
17226	1	0	1	361	0	363
17227	368	0	1	2	0	371
17228	1	0	434	2	0	437
17229	1	0	1	450	0	452
17230	466	0	1	5	0	472
17231	1	1	488	1	0	491
17232	495	0	1	1	0	497
17233	516	0	1	2	0	519
17234	3	1	0	533	0	537
17235	3	0	1	544	0	548
17236	546	0	0	6	0	552
17237	4	0	1	554	0	559
17238	547	0	0	6	0	553
17239	2	555	1	3	0	561
17240	4	555	0	0	0	559
17241	2	3	0	557	0	562
17242	2	2	559	2	0	565
17243	0	566	3	2	0	571
17244	553	3	1	4	0	561
17245	1	546	2	2	0	551
17246	2	2	553	0	0	557
17247	4	2	1	546	0	553
17248	2	2	564	1	0	569
17249	0	583	2	2	0	587
17250	1	1	2	581	0	585
17251	1	589	1	3	0	594
17252	0	3	587	0	0	590
17253	4	3	1	566	0	574
17254	1	0	580	3	0	584
17255	2	2	3	572	0	579
17256	582	0	2	5	0	589
17257	2	3	570	2	0	577
17258	540	1	3	6	0	550
17259	2	0	567	3	0	572
17260	3	0	2	562	0	567
17261	1	0	595	2	0	598
17262	2	0	2	586	0	590
17263	0	1	2	588	0	591
17264	0	1	1	581	0	583
17265	0	1	1	569	0	571
17266	0	0	607	6	0	613
17267	595	1	1	7	0	604
17268	3	2	0	645	0	650
17269	641	1	1	7	0	650
17270	647	1	3	8	0	659
17271	657	1	0	7	0	665
17272	2	0	1	683	0	686
17273	4	2	0	695	0	701
17274	3	760	1	1	0	765
17275	824	3	0	5	0	832
17276	850	4	1	9	0	864
17277	852	2	0	5	0	859
17278	15	5	869	1	0	890
17279	15	3	8	848	0	874
17280	11	0	859	9	0	879
17281	847	0	13	6	0	866
17282	859	0	7	8	0	874
17283	14	0	6	854	0	874
17284	8	0	4	836	0	848
17285	8	862	3	10	0	883
17286	865	9	0	12	0	886
17287	863	5	0	10	0	878
17288	12	852	2	4	0	870
17289	858	14	0	7	0	879
17290	20	6	1	845	0	872
17291	15	3	2	852	0	872
17292	845	5	0	23	0	873
17293	16	3	848	8	0	875
17294	838	1	9	16	0	864
17295	859	0	5	10	0	874
17296	21	836	6	4	0	867
17297	850	9	6	9	0	874
17298	19	7	833	1	0	860
17299	16	3	9	831	0	859
17300	837	6	6	14	0	863
17301	20	4	3	836	0	863
17302	10	1	825	9	0	845
17303	7	2	8	808	0	825
17304	6	901	7	14	0	928
17305	6	13	4	919	0	942
17306	5	5	6	926	0	942
17307	4	5	2	916	0	927
17308	4	7	0	927	0	938
17309	2	8	903	22	0	935
17310	3	0	11	915	0	929
17311	900	2	4	26	0	932
17312	10	902	5	11	0	928
17313	11	11	6	922	0	950
17314	7	6	927	18	0	958
17315	7	3	13	941	0	964
17316	948	3	3	21	0	975
17317	943	3	7	14	0	967
17318	927	1	6	17	0	951
17319	20	1	5	942	0	968
17320	16	3	945	14	0	978
17321	17	926	9	9	0	961
17322	943	12	11	9	0	975
17323	15	5	4	945	0	969
17324	10	6	7	948	0	971
17325	7	7	942	20	0	976
17326	11	925	15	10	0	961
17327	7	953	7	13	0	980
17328	8	14	5	908	0	935
17329	4	11	883	17	0	915
17330	807	8	15	11	0	841
17331	16	7	834	8	0	865
17332	779	6	12	16	0	813
17333	19	863	9	5	0	896
17334	13	12	842	4	0	871
17335	818	5	14	8	0	845
17336	15	844	5	8	0	872
17337	869	16	5	8	0	898
17338	21	10	864	1	0	896
17339	13	879	14	4	0	910
17340	885	16	6	8	0	915
17341	18	8	864	5	0	895
17342	872	4	16	8	0	900
17343	19	4	10	882	0	915
17344	887	3	5	15	0	910
17345	18	5	5	873	0	901
17346	867	3	5	20	0	895
17347	18	2	880	13	0	913
17348	15	4	12	889	0	920
17349	11	4	7	888	0	910
17350	10	2	892	22	0	926
17351	5	3	16	887	0	911
17352	12	782	13	22	0	829
17353	7	16	4	936	0	963
17354	5	7	8	984	0	1004
17355	15	2	6	1052	0	1075
17356	5	8	1033	33	0	1079
17357	1029	4	19	24	0	1076
17358	29	1	12	1095	0	1137
17359	16	4	1104	32	0	1156
17360	1081	1	29	23	0	1134
17361	1126	2	16	7	0	1151
17362	1152	2	4	15	0	1173
17363	45	1	6	1123	0	1175
17364	23	3	4	1248	0	1278
17365	12	5	3	1229	0	1249
17366	10	1186	6	47	0	1249
17367	1172	32	4	34	0	1242
17368	1191	14	2	19	0	1226
17369	46	3	3	1184	0	1236
17370	26	7	1139	38	0	1210
17371	10	4	1162	26	0	1202
17372	16	1090	49	9	0	1164
17373	9	1147	22	14	0	1192
17374	1010	42	9	16	0	1077
17375	30	1001	5	9	0	1045
17376	967	26	2	8	0	1003
17377	971	15	3	5	0	994
17378	969	3	1	10	0	983
17379	43	3	0	951	0	997
17380	17	3	0	1011	0	1031
17381	1013	2	2	42	0	1059
17382	33	2	4	1022	0	1061
17383	17	1	1002	29	0	1049
17384	1003	5	26	15	0	1049
17385	32	1	14	1002	0	1049
17386	18	3	4	1023	0	1048
17387	4	5	1	1052	0	1062
17388	9	2	1010	35	0	1056
17389	957	4	27	18	0	1006
17390	32	2	1017	7	0	1058
17391	19	2	25	1005	0	1051
17392	9	0	1017	28	0	1054
17393	10	1	26	998	0	1035
17394	12	1	15	1024	0	1052
17395	7	2	1030	48	0	1087
17396	12	5	30	978	0	1025
17397	11	1027	15	27	0	1080
17398	1035	25	3	22	0	1085
17399	1054	13	5	15	0	1087
17400	44	0	5	1045	0	1094
17401	14	2	1045	35	0	1096
17402	5	1006	33	19	0	1063
17403	8	1061	17	6	0	1092
17404	971	37	5	16	0	1029
17405	33	17	959	12	0	1021
17406	960	4	36	14	0	1014
17407	36	3	16	967	0	1022
17408	22	7	4	985	0	1018
17409	949	5	4	47	0	1005
17410	33	945	7	21	0	1006
17411	24	27	950	11	0	1012
17412	12	12	29	939	0	992
17413	14	4	968	31	0	1017
17414	14	945	26	22	0	1007
17415	11	29	15	955	0	1010
17416	946	14	5	36	0	1001
17417	956	6	9	26	0	997
17418	43	5	936	14	0	998
17419	23	934	34	7	0	998
17420	922	29	19	14	0	984
17421	37	944	5	17	0	1003
17422	20	27	9	931	0	987
17423	921	14	12	41	0	988
17424	33	7	6	953	0	999
17425	22	8	923	28	0	981
17426	10	9	30	927	0	976
17427	9	7	918	35	0	969
17428	15	8	29	914	0	966
17429	905	3	18	39	0	965
17430	34	913	12	26	0	985
17431	912	28	10	14	0	964
17432	34	23	11	896	0	964
17433	30	11	4	902	0	947
17434	19	11	818	45	0	893
17435	12	9	877	25	0	923
17436	13	873	44	18	0	948
17437	12	33	864	12	0	921
17438	810	17	34	22	0	883
17439	32	838	23	14	0	907
17440	22	861	6	19	0	908
17441	8	878	17	8	0	911
17442	19	38	8	853	0	918
17443	10	16	857	38	0	921
17444	12	854	31	23	0	920
17445	16	35	16	792	0	859
17446	8	864	11	38	0	921
17447	848	31	7	27	0	913
17448	866	15	13	11	0	905
17449	43	9	14	843	0	909
17450	23	12	8	843	0	886
17451	796	9	9	42	0	856
17452	35	783	7	20	0	845
17453	24	804	7	11	0	846
17454	14	37	5	728	0	784
17455	8	9	664	26	0	707
17456	5	648	18	17	0	688
17457	602	18	9	8	0	637
17458	18	580	5	7	0	610
17459	8	581	3	10	0	602
17460	552	18	6	8	0	584
17461	17	561	3	9	0	590
17462	12	11	548	6	0	577
17463	2	535	11	10	0	558
17464	417	7	7	3	0	434
17465	6	411	3	2	0	422
17466	406	7	4	6	0	423
17467	6	3	2	401	0	412
17468	1	5	2	405	0	413
17469	3	3	410	7	0	423
17470	3	412	7	2	0	424
17471	4	5	2	419	0	430
17472	417	4	1	5	0	427
17473	413	1	0	6	0	420
17474	4	430	2	1	0	437
17475	9	4	0	421	0	434
17476	418	5	1	6	0	430
17477	412	1	1	9	0	423
17478	8	2	417	1	0	428
17479	6	4	381	0	0	391
17480	3	7	373	1	0	384
17481	1	350	4	2	0	357
17482	330	2	4	3	0	339
17483	3	329	2	0	0	334
17484	324	3	3	0	0	330
17485	2	356	2	0	0	360
17486	3	2	0	367	0	372
17487	374	3	0	2	0	379
17488	2	0	371	2	0	375
17489	364	1	2	1	0	368
17490	379	0	2	1	0	382
17491	4	388	0	0	0	392
17492	2	389	0	0	0	391
17493	399	2	0	1	0	402
17494	1	3	417	0	0	421
17495	382	4	2	1	0	389
17496	395	0	2	0	0	397
17497	4	1	0	395	0	400
17498	400	1	0	1	0	402
17499	4	0	0	412	0	416
17500	3	0	0	426	0	429
17501	1	0	0	413	0	414
17502	1	415	0	4	0	420
17503	417	1	0	7	0	425
17504	424	2	0	0	0	426
17505	4	0	0	423	0	427
17506	2	0	0	417	0	419
17507	0	420	1	3	0	424
17508	417	1	0	5	0	423
17509	2	2	421	0	0	425
17510	3	0	1	421	0	425
17511	0	0	413	2	0	415
17512	0	0	1	422	0	423
17513	0	1	429	1	0	431
17514	2	0	1	421	0	424
17515	415	0	4	5	0	424
17516	1	0	435	3	0	439
17517	421	0	2	3	0	426
17518	2	462	2	1	0	467
17519	3	1	1	470	0	475
17520	0	2	0	468	0	470
17521	487	0	0	5	0	492
17522	3	1	0	505	0	509
17523	3	1	538	1	0	543
17524	516	0	1	7	0	524
17525	546	0	1	1	0	548
17526	557	0	0	2	0	559
17527	547	0	0	4	0	551
17528	4	543	0	1	0	548
17529	2	1	2	568	0	573
17530	563	2	0	5	0	570
17531	3	0	0	562	0	565
17532	552	1	0	4	0	557
17533	2	1	548	2	0	553
17534	3	1	547	0	0	551
17535	1	1	3	540	0	545
17536	2	551	3	0	0	556
17537	2	581	0	2	0	585
17538	570	3	2	2	0	577
17539	2	3	581	2	0	588
17540	532	0	3	6	0	541
17541	1	574	3	3	0	581
17542	569	1	0	4	0	574
17543	2	5	0	567	0	574
17544	5	1	586	0	0	592
17545	2	0	1	590	0	593
17546	2	0	3	583	0	588
17547	1	581	1	4	0	587
17548	2	601	1	2	0	606
17549	1	3	0	601	0	605
17550	1	619	2	0	0	622
17551	0	1	613	5	0	619
17552	0	2	582	2	0	586
17553	541	0	4	6	0	551
17554	588	2	4	5	0	599
17555	4	592	0	2	0	598
17556	5	1	0	591	0	597
17557	1	3	2	592	0	598
17558	1	1	588	4	0	594
17559	1	2	0	573	0	576
17560	2	578	3	2	0	585
17561	0	0	574	4	0	578
17562	4	3	554	1	0	562
17563	0	540	5	1	0	546
17564	0	0	568	1	0	569
17565	2	3	1	545	0	551
17566	3	0	3	502	0	508
17567	2	0	569	3	0	574
17568	0	0	0	559	0	559
17569	1	548	3	0	0	552
17570	0	569	0	4	0	573
17571	1	1	0	569	0	571
17572	0	3	559	2	0	564
17573	2	568	0	2	0	572
17574	0	3	2	573	0	578
17575	0	1	565	1	0	567
17576	520	1	0	6	0	527
17577	560	1	1	7	0	569
17578	568	1	0	3	0	572
17579	2	1	0	566	0	569
17580	3	1	1	552	0	557
17581	0	1	586	2	0	589
17582	2	1	0	578	0	581
17583	2	0	1	584	0	587
17584	1	0	589	2	0	592
17585	502	0	2	6	0	510
17586	0	540	2	0	0	542
17587	541	0	0	4	0	545
17588	0	535	0	0	0	535
17589	0	0	0	541	0	541
17590	0	1	534	0	0	535
17591	2	0	0	513	0	515
17592	0	0	527	1	0	528
17593	455	0	2	3	0	460
17594	1	0	512	1	0	514
17595	2	0	1	486	0	489
17596	0	0	504	1	0	505
17597	0	513	2	1	0	516
17598	4	2	1	527	0	534
17599	2	2	0	527	0	531
17600	2	0	0	541	0	543
17601	0	0	539	5	0	544
17602	1	0	535	2	0	538
17603	3	1	6	533	0	543
17604	1	0	3	630	0	634
17605	1	0	0	688	0	689
17606	692	1	0	19	0	712
17607	13	0	0	721	0	734
17608	6	1	753	12	0	772
17609	769	0	12	11	0	792
17610	20	0	8	794	0	822
17611	826	0	2	19	0	847
17612	839	0	0	15	0	854
17613	32	0	1	831	0	864
17614	836	0	2	20	0	858
17615	844	0	0	16	0	860
17616	29	0	813	3	0	845
17617	16	815	17	2	0	850
17618	8	17	11	783	0	819
17619	5	11	2	824	0	842
17620	810	2	1	27	0	840
17621	803	0	1	13	0	817
17622	805	1	3	6	0	815
17623	30	2	732	2	0	766
17624	15	747	19	4	0	785
17625	740	18	12	8	0	778
17626	22	757	4	3	0	786
17627	758	17	3	4	0	782
17628	24	11	1	746	0	782
17629	746	4	3	16	0	769
17630	756	3	1	16	0	776
17631	769	2	1	6	0	778
17632	33	4	761	4	0	802
17633	782	1	15	7	0	805
17634	24	778	11	3	0	816
17635	797	17	5	5	0	824
17636	803	12	2	5	0	822
17637	810	3	1	7	0	821
17638	35	0	2	768	0	805
17639	19	779	1	21	0	820
17640	787	20	1	14	0	822
17641	25	9	773	4	0	811
17642	17	795	20	3	0	835
17643	12	19	10	757	0	798
17644	5	798	2	18	0	823
17645	786	23	1	15	0	825
17646	813	15	2	7	0	837
17647	38	4	4	800	0	846
17648	20	7	783	24	0	834
17649	9	776	24	24	0	833
17650	12	26	18	675	0	731
17651	14	14	4	789	0	821
17652	10	4	4	835	0	853
17653	806	4	3	42	0	855
17654	840	4	1	21	0	866
17655	845	3	0	11	0	859
17656	855	1	3	7	0	866
17657	45	4	2	814	0	865
17658	21	2	831	29	0	883
17659	21	5	21	837	0	884
17660	20	2	14	849	0	885
17661	15	3	4	871	0	893
17662	19	4	0	872	0	895
17663	852	3	3	43	0	901
17664	35	3	6	859	0	903
17665	863	1	4	31	0	899
17666	865	3	4	29	0	901
17667	42	5	838	14	0	899
17668	26	5	826	9	0	866
17669	14	4	868	9	0	895
17670	16	1	37	835	0	889
17671	21	2	867	28	0	918
17672	17	2	32	846	0	897
17673	16	8	17	859	0	900
17674	858	3	9	41	0	911
17675	37	4	4	849	0	894
17676	27	872	4	30	0	933
17677	889	23	8	24	0	944
17678	39	904	3	11	0	957
17679	22	31	910	8	0	971
17680	15	938	23	11	0	987
17681	906	29	17	12	0	964
17682	40	21	6	900	0	967
17683	25	8	888	30	0	951
17684	882	7	29	21	0	939
17685	44	4	15	893	0	956
17686	28	6	899	29	0	962
17687	18	4	30	909	0	961
17688	11	4	20	924	0	959
17689	19	2	7	923	0	951
17690	9	911	5	42	0	967
17691	918	26	3	21	0	968
17692	34	14	6	906	0	960
17693	26	920	2	29	0	977
17694	12	23	4	931	0	970
17695	8	22	909	31	0	970
17696	16	916	24	18	0	974
17697	900	26	21	9	0	956
17698	911	19	5	8	0	943
17699	44	7	2	869	0	922
17700	22	7	4	896	0	929
17701	873	5	5	38	0	921
17702	872	3	3	26	0	904
17703	37	853	5	14	0	909
17704	737	17	5	4	0	763
17705	19	13	690	2	0	724
17706	13	2	668	6	0	689
17707	3	668	18	7	0	696
17708	5	649	8	3	0	665
17709	581	11	7	2	0	601
17710	9	588	1	2	0	600
17711	572	10	2	2	0	586
17712	569	3	0	5	0	577
17713	560	1	1	7	0	569
17714	12	1	1	556	0	570
17715	558	1	1	14	0	574
17716	11	0	562	6	0	579
17717	4	1	573	2	0	580
17718	2	564	10	1	0	577
17719	3	8	578	2	0	591
17720	3	3	10	558	0	574
17721	0	0	581	10	0	591
17722	3	2	560	2	0	567
17723	3	1	11	566	0	581
17724	567	2	3	10	0	582
17725	570	2	2	3	0	577
17726	13	1	593	1	0	608
17727	576	0	10	3	0	589
17728	9	1	612	2	0	624
17729	599	1	8	6	0	614
17730	637	0	3	3	0	643
17731	11	2	2	637	0	652
17732	4	2	2	617	0	625
17733	2	601	0	13	0	616
17734	3	625	1	3	0	632
17735	2	12	0	607	0	621
17736	3	4	0	622	0	629
17737	598	1	2	9	0	610
17738	8	590	1	4	0	603
17739	602	9	0	4	0	615
17740	9	596	1	1	0	607
17741	2	7	592	1	0	602
17742	0	4	9	567	0	580
17743	572	0	2	14	0	588
17744	595	0	0	4	0	599
17745	12	608	0	1	0	621
17746	3	634	0	3	0	640
17747	2	649	1	0	0	652
17748	5	14	0	684	0	703
17749	2	3	680	9	0	694
17750	2	686	11	4	0	703
17751	3	8	5	689	0	705
17752	2	4	0	711	0	717
17753	2	1	698	11	0	712
17754	1	3	671	2	0	677
17755	669	1	10	6	0	686
17756	8	1	697	5	0	711
17757	681	2	9	6	0	698
17758	666	1	3	5	0	675
17759	677	2	1	2	0	682
17760	671	2	2	2	0	677
17761	10	2	650	4	0	666
17762	5	652	9	4	0	670
17763	7	9	6	637	0	659
17764	3	4	647	9	0	663
17765	6	1	9	635	0	651
17766	2	611	5	8	0	626
17767	7	7	1	679	0	694
17768	4	3	3	680	0	690
17769	5	2	1	666	0	674
17770	661	1	1	15	0	678
17771	11	1	3	649	0	664
17772	6	1	1	655	0	663
17773	1	2	2	656	0	661
17774	3	631	7	9	0	650
17775	621	11	2	9	0	643
17776	7	594	0	5	0	606
17777	4	599	2	6	0	611
17778	6	8	4	596	0	614
17779	4	5	2	592	0	603
17780	583	2	1	14	0	600
17781	8	4	3	603	0	618
17782	599	1	2	12	0	614
17783	723	2	3	7	0	735
17784	16	3	2	724	0	745
17785	15	2	1	728	0	746
17786	3	738	4	20	0	765
17787	746	13	2	8	0	769
17788	15	767	1	6	0	789
17789	766	14	5	7	0	792
17790	18	7	743	6	0	774
17791	741	6	14	4	0	765
17792	781	2	5	8	0	796
17793	26	3	2	758	0	789
17794	9	4	748	17	0	778
17795	9	762	14	10	0	795
17796	10	19	6	773	0	808
17797	10	5	766	22	0	803
17798	7	5	18	760	0	790
17799	749	5	7	18	0	779
17800	23	1	745	12	0	781
17801	10	726	18	8	0	762
17802	7	754	10	4	0	775
17803	11	25	3	670	0	709
17804	4	742	8	19	0	773
17805	741	19	7	8	0	775
17806	746	8	1	14	0	769
17807	745	5	5	7	0	762
17808	25	5	705	8	0	743
17809	723	7	15	10	0	755
17810	25	7	8	705	0	745
17811	14	7	5	724	0	750
17812	11	9	2	725	0	747
17813	12	3	3	730	0	748
17814	8	8	700	23	0	739
17815	10	6	703	10	0	729
17816	11	3	697	4	0	715
17817	672	2	19	11	0	704
17818	22	678	11	9	0	720
17819	15	17	7	675	0	714
17820	676	7	2	29	0	714
17821	20	681	4	16	0	721
17822	10	701	10	11	0	732
17823	683	24	8	13	0	728
17824	703	9	8	9	0	729
17825	27	692	9	5	0	733
17826	10	23	5	634	0	672
17827	12	668	4	20	0	704
17828	659	21	4	9	0	693
17829	644	15	4	12	0	675
17830	650	13	2	6	0	671
17831	29	623	3	8	0	663
17832	21	21	3	636	0	681
17833	10	12	635	18	0	675
17834	15	7	16	627	0	665
17835	9	12	8	640	0	669
17836	9	8	623	25	0	665
17837	636	7	15	12	0	670
17838	27	6	9	631	0	673
17839	14	9	3	624	0	650
17840	13	619	5	25	0	662
17841	627	18	10	10	0	665
17842	26	7	4	609	0	646
17843	9	623	6	23	0	661
17844	592	14	12	13	0	631
17845	20	578	1	12	0	611
17846	540	14	3	14	0	571
17847	16	6	538	10	0	570
17848	6	8	478	5	0	497
17849	8	2	471	5	0	486
17850	4	469	17	4	0	494
17851	8	20	10	416	0	454
17852	8	453	4	11	0	476
17853	455	16	2	6	0	479
17854	16	7	453	4	0	480
17855	451	6	14	2	0	473
17856	461	4	6	4	0	475
17857	16	5	6	454	0	481
17858	457	6	6	10	0	479
17859	14	2	4	455	0	475
17860	5	8	441	13	0	467
17861	447	4	12	7	0	470
17862	10	453	6	4	0	473
17863	13	12	3	452	0	480
17864	452	6	2	11	0	471
17865	12	4	3	462	0	481
17866	11	5	450	11	0	477
17867	12	2	10	446	0	470
17868	4	453	8	13	0	478
17869	464	11	4	5	0	484
17870	16	6	2	450	0	474
17871	455	3	3	16	0	477
17872	21	3	2	455	0	481
17873	4	3	0	456	0	463
17874	6	452	7	14	0	479
17875	451	10	2	13	0	476
17876	13	471	1	4	0	489
17877	10	10	3	432	0	455
17878	6	445	0	17	0	468
17879	447	15	0	9	0	471
17880	439	3	3	10	0	455
17881	432	3	2	9	0	446
17882	15	413	3	3	0	434
17883	5	284	1	1	0	291
17884	277	8	1	4	0	290
17885	7	282	1	4	0	294
17886	5	9	2	264	0	280
17887	4	2	260	4	0	270
17888	233	0	4	4	0	241
17889	236	2	1	3	0	242
17890	245	1	1	1	0	248
17891	5	237	0	1	0	243
17892	219	4	0	3	0	226
17893	4	3	230	2	0	239
17894	3	243	4	1	0	251
17895	1	2	1	225	0	229
17896	2	229	0	1	0	232
17897	221	2	1	3	0	227
17898	1	225	1	2	0	229
17899	2	2	0	225	0	229
17900	1	227	0	2	0	230
17901	2	1	1	228	0	232
17902	3	1	0	228	0	232
17903	1	2	229	0	0	232
17904	0	1	1	226	0	228
17905	227	1	0	1	0	229
17906	228	2	0	2	0	232
17907	0	2	1	229	0	232
17908	1	1	233	2	0	237
17909	1	1	0	229	0	231
17910	234	0	1	2	0	237
17911	256	1	0	1	0	258
17912	266	1	0	2	0	269
17913	3	283	1	2	0	289
17914	287	1	2	4	0	294
17915	2	2	284	1	0	289
17916	312	1	0	3	0	316
17917	1	3	0	318	0	322
17918	3	0	0	325	0	328
17919	0	4	1	322	0	327
17920	315	0	0	4	0	319
17921	321	2	0	0	0	323
17922	1	0	0	320	0	321
17923	1	1	324	1	0	327
17924	1	1	1	324	0	327
17925	1	1	1	325	0	328
17926	2	0	331	0	0	333
17927	2	322	1	2	0	327
17928	2	0	0	332	0	334
17929	337	0	0	2	0	339
17930	1	0	0	343	0	344
17931	1	1	0	343	0	345
17932	348	0	0	1	0	349
17933	1	345	0	1	0	347
17934	0	354	0	1	0	355
17935	351	1	0	2	0	354
17936	1	0	352	1	0	354
17937	337	0	1	1	0	339
17938	1	1	379	1	0	382
17939	0	384	0	3	0	387
17940	385	1	0	3	0	389
17941	387	0	0	4	0	391
17942	395	1	0	2	0	398
17943	402	0	0	3	0	405
17944	0	1	397	1	0	399
17945	1	1	0	396	0	398
17946	399	0	0	4	0	403
17947	0	0	427	1	0	428
17948	1	3	405	0	0	409
17949	1	415	1	1	0	418
17950	413	0	2	3	0	418
17951	1	0	0	412	0	413
17952	403	0	0	6	0	409
17953	2	414	0	1	0	417
17954	2	1	0	431	0	434
17955	1	3	1	429	0	434
17956	1	1	0	432	0	434
17957	2	0	449	6	0	457
17958	1	454	5	3	0	463
17959	475	3	5	2	0	485
17960	5	4	2	480	0	491
17961	477	2	0	8	0	487
17962	477	0	0	5	0	482
17963	10	0	0	468	0	478
17964	5	2	500	5	0	512
17965	2	0	5	507	0	514
17966	0	503	3	8	0	514
17967	0	4	2	512	0	518
17968	2	2	505	6	0	515
17969	496	3	6	4	0	509
17970	7	0	4	507	0	518
17971	503	1	2	7	0	513
17972	9	0	506	3	0	518
17973	480	0	5	7	0	492
17974	10	0	503	1	0	514
17975	473	1	7	2	0	483
17976	8	483	2	1	0	494
17977	1	505	1	1	0	508
17978	3	8	0	502	0	513
17979	0	7	2	490	0	499
17980	3	3	0	506	0	512
17981	515	0	0	12	0	527
17982	6	1	0	521	0	528
17983	4	0	522	8	0	534
17984	493	0	5	8	0	506
17985	4	529	3	4	0	540
17986	533	5	2	5	0	545
17987	522	3	1	4	0	530
17988	7	4	525	0	0	536
17989	6	0	5	512	0	523
17990	6	0	4	544	0	554
17991	2	0	559	6	0	567
17992	0	546	5	8	0	559
17993	547	5	4	2	0	558
17994	542	5	3	3	0	553
17995	10	3	0	550	0	563
17996	9	1	1	548	0	559
17997	5	0	1	572	0	578
17998	554	1	1	11	0	567
17999	4	570	1	7	0	582
18000	572	7	0	6	0	585
18001	581	4	0	3	0	588
18002	10	5	604	1	0	620
18003	13	1	4	580	0	598
18004	5	615	4	8	0	632
18005	2	7	6	626	0	641
18006	4	3	1	644	0	652
18007	2	4	657	10	0	673
18008	668	1	8	8	0	685
18009	725	0	5	4	0	734
18010	746	2	2	5	0	755
18011	22	1	0	725	0	748
18012	11	1	1	710	0	723
18013	3	689	2	18	0	712
18014	2	716	0	8	0	726
18015	710	12	0	5	0	727
18016	12	694	1	1	0	708
18017	6	11	689	0	0	706
18018	9	9	9	684	0	711
18019	698	4	6	9	0	717
18020	11	1	694	6	0	712
18021	8	1	681	2	0	692
18022	693	1	14	4	0	712
18023	698	1	7	5	0	711
18024	20	0	4	690	0	714
18025	9	0	689	10	0	708
18026	10	1	11	684	0	706
18027	2	1	697	13	0	713
18028	2	1	708	6	0	717
18029	0	717	15	5	0	737
18030	719	8	8	4	0	739
18031	715	4	4	5	0	728
18032	17	708	2	4	0	731
18033	14	11	0	710	0	735
18034	8	6	0	715	0	729
18035	7	3	0	723	0	733
18036	713	1	1	20	0	735
18037	10	701	2	12	0	725
18038	696	12	1	7	0	716
18039	696	5	0	2	0	703
18040	16	5	670	1	0	692
18041	10	674	12	0	0	696
18042	10	10	5	678	0	703
18043	3	6	685	10	0	704
18044	663	2	12	8	0	685
18045	681	1	5	5	0	692
18046	689	0	4	3	0	696
18047	673	2	1	2	0	678
18048	25	2	0	658	0	685
18049	11	0	659	11	0	681
18050	7	1	10	658	0	676
18051	652	0	8	17	0	677
18052	658	0	4	12	0	674
18053	18	641	1	3	0	663
18054	645	10	1	2	0	658
18055	14	4	638	0	0	656
18056	5	5	605	0	0	615
18057	605	0	11	1	0	617
18058	9	606	6	3	0	624
18059	5	6	3	570	0	584
18060	3	576	0	6	0	585
18061	3	9	0	585	0	597
18062	6	4	0	586	0	596
18063	3	2	0	604	0	609
18064	581	1	0	9	0	591
18065	584	1	1	7	0	593
18066	579	0	0	5	0	584
18067	10	2	568	1	0	581
18068	574	1	6	1	0	582
18069	11	0	3	579	0	593
18070	6	3	2	610	0	621
18071	3	0	604	11	0	618
18072	3	1	9	663	0	676
18073	678	0	4	14	0	696
18074	14	0	677	6	0	697
18075	7	0	14	675	0	696
18076	681	1	4	14	0	700
18077	683	2	1	6	0	692
18078	18	0	682	2	0	702
18079	5	2	693	1	0	701
18080	2	2	19	696	0	719
18081	693	0	5	17	0	715
18082	699	2	3	5	0	709
18083	19	2	3	673	0	697
18084	5	697	4	15	0	721
18085	691	13	2	7	0	713
18086	13	692	4	5	0	714
18087	8	14	2	710	0	734
18088	4	3	698	14	0	719
18089	6	2	682	6	0	696
18090	4	2	687	1	0	694
18091	5	1	20	666	0	692
18092	4	5	4	685	0	698
18093	661	0	1	24	0	686
18094	14	660	3	4	0	681
18095	681	15	3	3	0	702
18096	19	3	1	655	0	678
18097	6	664	1	16	0	687
18098	3	678	2	4	0	687
18099	8	14	2	668	0	692
18100	664	3	2	20	0	689
18101	15	671	3	6	0	695
18102	633	11	2	6	0	652
18103	12	653	4	2	0	671
18104	639	15	0	3	0	657
18105	16	3	624	2	0	645
18106	7	1	617	1	0	626
18107	0	590	16	2	0	608
18108	533	14	13	2	0	562
18109	10	499	3	2	0	514
18110	4	471	1	4	0	480
18111	7	13	1	479	0	500
18112	480	2	3	11	0	496
18113	10	494	2	2	0	508
18114	483	10	1	3	0	497
18115	10	485	1	3	0	499
18116	474	8	2	2	0	486
18117	9	469	1	1	0	480
18118	4	475	6	1	0	486
18119	0	11	1	467	0	479
18120	1	468	0	9	0	478
18121	471	10	0	4	0	485
18122	12	3	463	1	0	479
18123	4	2	8	471	0	485
18124	1	1	476	10	0	488
18125	2	2	9	478	0	491
18126	3	5	2	484	0	494
18127	4	1	457	13	0	475
18128	418	2	9	7	0	436
18129	10	443	2	3	0	458
18130	444	10	3	3	0	460
18131	10	452	1	3	0	466
18132	3	8	0	451	0	462
18133	446	2	5	10	0	463
18134	452	1	3	3	0	459
18135	459	2	2	2	0	465
18136	13	1	1	448	0	463
18137	4	3	3	453	0	463
18138	2	468	3	10	0	483
18139	468	10	0	6	0	484
18140	477	0	2	3	0	482
18141	471	5	1	1	0	478
18142	459	2	1	7	0	469
18143	10	461	1	1	0	473
18144	5	9	1	456	0	471
18145	2	4	460	7	0	473
18146	446	1	8	4	0	459
18147	456	1	2	6	0	465
18148	11	3	451	1	0	466
18149	3	2	440	1	0	446
18150	6	2	9	449	0	466
18151	2	2	1	458	0	463
18152	8	2	1	465	0	476
18153	462	4	0	11	0	477
18154	12	1	0	463	0	476
18155	2	3	458	9	0	472
18156	6	3	7	456	0	472
18157	3	3	463	9	0	478
18158	2	2	10	460	0	474
18159	8	1	1	471	0	481
18160	1	2	468	14	0	485
18161	435	0	13	2	0	450
18162	11	470	5	2	0	488
18163	470	11	2	1	0	484
18164	12	4	3	487	0	506
18165	477	1	1	14	0	493
18166	9	517	1	3	0	530
18167	4	545	2	2	0	553
18168	7	17	0	560	0	584
18169	6	6	578	13	0	603
18170	1	6	557	3	0	567
18171	3	559	13	5	0	580
18172	464	9	9	1	0	483
18173	12	5	3	465	0	485
18174	452	6	2	10	0	470
18175	14	446	2	4	0	466
18176	3	465	1	5	0	474
18177	8	13	2	458	0	481
18178	450	8	0	12	0	470
18179	456	6	1	3	0	466
18180	11	2	443	6	0	462
18181	10	4	436	2	0	452
18182	432	2	10	4	0	448
18183	11	430	6	2	0	449
18184	422	8	6	2	0	438
18185	16	3	4	415	0	438
18186	4	6	406	7	0	423
18187	392	2	9	5	0	408
18188	10	395	4	4	0	413
18189	5	410	6	2	0	423
18190	7	12	1	405	0	425
18191	407	7	2	9	0	425
18192	11	6	0	410	0	427
18193	427	3	1	15	0	446
18194	15	3	412	4	0	434
18195	406	2	10	6	0	424
18196	431	1	5	2	0	439
18197	12	1	420	4	0	437
18198	408	0	9	2	0	419
18199	13	407	3	3	0	426
18200	9	7	5	397	0	418
18201	8	412	2	12	0	434
18202	409	14	4	2	0	429
18203	13	4	0	407	0	424
18204	3	407	3	12	0	425
18205	10	8	2	403	0	423
18206	3	408	4	14	0	429
18207	5	15	2	408	0	430
18208	406	5	0	19	0	430
18209	12	7	2	412	0	433
18210	7	1	405	14	0	427
18211	400	6	7	7	0	420
18212	14	1	4	404	0	423
18213	5	2	400	12	0	419
18214	12	1	384	6	0	403
18215	5	3	407	6	0	421
18216	5	2	17	385	0	409
18217	3	2	11	401	0	417
18218	5	3	10	404	0	422
18219	5	1	3	414	0	423
18220	398	4	4	15	0	421
18221	410	1	4	11	0	426
18222	408	3	2	9	0	422
18223	417	3	2	7	0	429
18224	21	1	0	399	0	421
18225	10	6	420	10	0	446
18226	417	3	10	7	0	437
18227	437	2	3	8	0	450
18228	18	1	5	426	0	450
18229	10	1	3	436	0	450
18230	434	3	4	13	0	454
18231	19	0	2	417	0	438
18232	7	413	3	20	0	443
18233	425	10	4	6	0	445
18234	420	4	3	10	0	437
18235	17	6	429	4	0	456
18236	13	4	11	423	0	451
18237	9	4	4	443	0	460
18238	429	2	3	17	0	451
18239	436	3	3	11	0	453
18240	17	3	4	436	0	460
18241	8	2	424	18	0	452
18242	12	2	426	6	0	446
18243	9	1	12	423	0	445
18244	6	0	9	440	0	455
18245	429	0	5	18	0	452
18246	18	410	5	7	0	440
18247	6	420	2	10	0	438
18248	9	441	2	4	0	456
18249	5	14	2	435	0	456
18250	426	8	4	15	0	453
18251	430	7	4	7	0	448
18252	16	422	1	9	0	448
18253	432	15	1	6	0	454
18254	18	1	1	435	0	455
18255	7	6	436	13	0	462
18256	12	0	13	431	0	456
18257	8	2	2	445	0	457
18258	6	1	6	439	0	452
18259	425	0	1	19	0	445
18260	15	3	2	407	0	427
18261	2	410	3	17	0	432
18262	405	8	4	3	0	420
18263	11	396	1	8	0	416
18264	5	368	1	3	0	377
18265	4	383	1	6	0	394
18266	3	10	330	1	0	344
18267	0	308	6	3	0	317
18268	0	6	269	2	0	277
18269	246	2	2	0	0	250
18270	255	1	0	2	0	258
18271	4	0	264	0	0	268
18272	274	0	3	2	0	279
18273	278	1	0	1	0	280
18274	4	0	288	1	0	293
18275	0	300	4	1	0	305
18276	2	3	2	302	0	309
18277	308	0	1	7	0	316
18278	4	0	0	309	0	313
18279	324	0	0	7	0	331
18280	327	0	0	1	0	328
18281	4	1	325	2	0	332
18282	323	2	3	1	0	329
18283	4	340	0	0	0	344
18284	340	4	0	2	0	346
18285	5	1	0	340	0	346
18286	1	2	343	3	0	349
18287	2	0	5	338	0	345
18288	339	1	0	4	0	344
18289	4	333	1	0	0	338
18290	1	3	340	3	0	347
18291	1	0	3	331	0	335
18292	1	0	343	4	0	348
18293	2	335	4	1	0	342
18294	333	4	0	3	0	340
18295	4	1	1	333	0	339
18296	2	1	334	3	0	340
18297	1	1	322	1	0	325
18298	329	1	3	2	0	335
18299	4	1	0	339	0	344
18300	3	0	1	341	0	345
18301	2	1	340	2	0	345
18302	0	0	341	1	0	342
18303	1	353	5	0	0	359
18304	1	4	2	356	0	363
18305	2	0	1	358	0	361
18306	1	356	0	5	0	362
18307	2	3	357	0	0	362
18308	343	1	2	2	0	348
18309	5	2	0	357	0	364
18310	0	3	364	4	0	371
18311	2	1	4	343	0	350
18312	2	359	0	4	0	365
18313	1	3	362	1	0	367
18314	350	2	4	0	0	356
18315	6	0	364	0	0	370
18316	1	0	363	2	0	366
18317	1	2	361	0	0	364
18318	1	0	390	1	0	392
18319	1	0	9	394	0	404
18320	0	0	410	10	0	420
18321	1	0	10	391	0	402
18322	1	408	1	9	0	419
18323	435	10	2	2	0	449
18324	11	2	2	445	0	460
18325	0	0	440	11	0	451
18326	1	441	11	0	0	453
18327	1	10	0	439	0	450
18328	437	1	4	10	0	452
18329	8	438	1	1	0	448
18330	2	8	2	457	0	469
18331	463	1	1	6	0	471
18332	8	1	453	1	0	463
18333	442	0	7	4	0	453
18334	8	1	457	1	0	467
18335	437	1	5	3	0	446
18336	436	1	1	1	0	439
18337	8	1	434	0	0	443
18338	1	422	8	0	0	431
18339	4	6	3	411	0	424
18340	1	0	419	6	0	426
18341	5	1	6	402	0	414
18342	1	0	1	411	0	413
18343	1	0	414	6	0	421
18344	1	1	404	1	0	407
18345	0	0	9	413	0	422
18346	421	0	2	8	0	431
18347	6	406	1	1	0	414
18348	0	421	1	1	0	423
18349	418	7	2	3	0	430
18350	429	0	2	1	0	432
18351	8	0	0	425	0	433
18352	2	2	0	427	0	431
18353	2	2	0	433	0	437
18354	416	1	0	8	0	425
18355	10	395	1	0	0	406
18356	1	418	0	1	0	420
18357	1	6	1	417	0	425
18358	3	2	0	422	0	427
18359	5	0	1	419	0	425
18360	417	1	0	13	0	431
18361	9	419	2	0	0	430
18362	433	9	1	2	0	445
18363	10	1	433	2	0	446
18364	3	421	9	1	0	434
18365	2	8	0	426	0	436
18366	420	1	1	12	0	434
18367	10	1	426	0	0	437
18368	2	1	431	2	0	436
18369	2	1	8	435	0	446
18370	1	2	2	437	0	442
18371	4	0	0	430	0	434
18372	4	0	0	420	0	424
18373	2	0	4	416	0	422
18374	1	398	2	5	0	406
18375	2	5	1	404	0	412
18376	396	0	2	12	0	410
18377	9	395	0	3	0	407
18378	394	8	0	7	0	409
18379	11	1	384	1	0	397
18380	2	1	383	2	0	388
18381	5	2	10	394	0	411
18382	0	1	489	15	0	505
18383	4	2	12	480	0	498
18384	3	2	5	485	0	495
18385	488	1	5	15	0	509
18386	491	1	1	8	0	501
18387	18	496	3	6	0	523
18388	4	515	1	5	0	525
18389	4	17	1	520	0	542
18390	522	4	0	19	0	545
18391	21	5	523	1	0	550
18392	2	3	16	525	0	546
18393	3	2	3	540	0	548
18394	0	4	521	22	0	547
18395	3	517	18	7	0	545
18396	5	16	3	514	0	538
18397	0	3	537	21	0	561
18398	2	2	20	519	0	543
18399	506	1	5	24	0	536
18400	16	504	3	6	0	529
18401	3	525	1	7	0	536
18402	3	18	1	513	0	535
18403	496	5	2	19	0	522
18404	19	501	4	3	0	527
18405	505	20	1	6	0	532
18406	19	3	493	9	0	524
18407	6	2	519	3	0	530
18408	7	1	22	491	0	521
18409	4	2	4	530	0	540
18410	504	5	4	24	0	537
18411	21	2	3	514	0	540
18412	7	2	507	22	0	538
18413	7	3	17	508	0	535
18414	3	3	4	527	0	537
18415	3	4	502	21	0	530
18416	487	1	17	8	0	513
18417	20	3	3	504	0	530
18418	480	4	4	14	0	502
18419	12	452	4	8	0	476
18420	454	11	4	8	0	477
18421	15	444	1	6	0	466
18422	6	459	2	3	0	470
18423	7	16	2	415	0	440
18424	412	4	1	14	0	431
18425	421	4	1	6	0	432
18426	15	3	0	404	0	422
18427	411	4	0	13	0	428
18428	416	1	2	5	0	424
18429	17	1	4	403	0	425
18430	387	1	3	16	0	407
18431	15	396	1	6	0	418
18432	399	11	3	6	0	419
18433	17	1	405	4	0	427
18434	421	3	11	6	0	441
18435	15	2	5	425	0	447
18436	4	1	2	442	0	449
18437	6	0	2	444	0	452
18438	3	1	4	436	0	444
18439	6	0	1	432	0	439
18440	4	396	2	20	0	422
18441	10	434	1	5	0	450
18442	422	16	2	6	0	446
18443	16	4	422	5	0	447
18444	422	8	10	4	0	444
18445	17	6	435	2	0	460
18446	9	2	13	429	0	453
18447	12	2	4	446	0	464
18448	436	3	2	17	0	458
18449	13	3	435	10	0	461
18450	7	1	11	447	0	466
18451	11	0	469	16	0	496
18452	4	482	14	12	0	512
18453	6	9	3	492	0	510
18454	494	8	2	14	0	518
18455	487	5	3	4	0	499
18456	497	4	5	7	0	513
18457	21	473	1	2	0	497
18458	8	506	3	4	0	521
18459	486	14	2	8	0	510
18460	14	497	2	7	0	520
18461	3	503	2	8	0	516
18462	4	14	479	7	0	504
18463	1	481	11	5	0	498
18464	2	485	1	5	0	493
18465	5	15	3	486	0	509
18466	2	7	491	12	0	512
18467	5	5	465	3	0	478
18468	462	2	17	5	0	486
18469	15	0	477	7	0	499
18470	478	0	16	5	0	499
18471	21	1	4	472	0	498
18472	4	486	6	14	0	510
18473	496	12	3	7	0	518
18474	524	5	4	6	0	539
18475	15	7	1	521	0	544
18476	5	3	4	528	0	540
18477	9	3	2	533	0	547
18478	519	3	1	16	0	539
18479	512	2	0	9	0	523
18480	522	4	1	4	0	531
18481	17	503	2	2	0	524
18482	416	5	1	0	0	422
18483	10	407	1	1	0	419
18484	2	414	2	1	0	419
18485	4	11	1	392	0	408
18486	1	396	0	4	0	401
18487	376	6	0	1	0	383
18488	5	1	1	370	0	377
18489	366	0	1	5	0	372
18490	3	353	1	1	0	358
18491	1	365	0	3	0	369
18492	365	2	1	4	0	372
18493	4	383	0	0	0	387
18494	2	2	0	382	0	386
18495	3	2	0	380	0	385
18496	379	0	0	5	0	384
18497	4	2	0	374	0	380
18498	0	5	385	3	0	393
18499	0	0	1	385	0	386
18500	388	2	1	7	0	398
18501	4	402	0	0	0	406
18502	422	3	1	6	0	432
18503	423	0	0	3	0	426
18504	422	1	1	0	0	424
18505	5	2	429	0	0	436
18506	2	1	411	0	0	414
18507	394	1	3	0	0	398
18508	4	402	1	1	0	408
18509	2	4	0	413	0	419
18510	3	1	0	412	0	416
18511	1	396	1	5	0	403
18512	0	403	3	2	0	408
18513	3	4	2	405	0	414
18514	2	3	0	406	0	411
18515	1	2	396	6	0	405
18516	2	1	371	5	0	379
18517	390	1	6	0	0	397
18518	403	1	3	2	0	409
18519	7	0	1	406	0	414
18520	1	2	406	5	0	414
18521	4	0	5	400	0	409
18522	399	2	2	6	0	409
18523	6	2	394	2	0	404
18524	5	0	4	405	0	414
18525	2	0	408	4	0	414
18526	1	402	6	3	0	412
18527	0	5	405	2	0	412
18528	3	1	3	395	0	402
18529	405	2	2	8	0	417
18530	3	1	1	419	0	424
18531	416	1	2	7	0	426
18532	417	3	0	2	0	422
18533	410	1	2	3	0	416
18534	4	1	408	2	0	415
18535	409	0	5	2	0	416
18536	4	0	2	417	0	423
18537	6	1	1	414	0	422
18538	3	0	419	4	0	426
18539	2	1	4	414	0	421
18540	417	0	2	5	0	424
18541	5	418	1	2	0	426
18542	424	4	2	4	0	434
18543	427	2	0	8	0	437
18544	434	1	3	1	0	439
18545	6	1	1	432	0	440
18546	4	0	431	4	0	439
18547	2	1	4	450	0	457
18548	4	0	3	449	0	456
18549	445	0	2	8	0	455
18550	426	1	1	7	0	435
18551	7	1	412	5	0	425
18552	6	1	5	424	0	436
18553	3	0	429	7	0	439
18554	431	2	5	6	0	444
18555	6	489	3	4	0	502
18556	493	5	3	5	0	506
18557	7	502	5	6	0	520
18558	502	8	1	7	0	518
18559	13	497	2	0	0	512
18560	9	9	3	493	0	514
18561	7	3	2	513	0	525
18562	507	3	1	10	0	521
18563	510	2	2	8	0	522
18564	512	1	2	4	0	519
18565	493	3	2	3	0	501
18566	505	2	1	5	0	513
18567	11	2	2	493	0	508
18568	8	491	2	8	0	509
18569	4	9	1	480	0	494
18570	6	477	1	10	0	494
18571	8	9	0	473	0	490
18572	6	476	2	10	0	494
18573	9	9	1	476	0	495
18574	4	3	463	8	0	478
18575	444	2	6	6	0	458
18576	8	457	4	4	0	473
18577	458	7	2	4	0	471
18578	9	6	453	3	0	471
18579	455	2	8	5	0	470
18580	12	4	478	2	0	496
18581	4	1	13	469	0	487
18582	6	502	5	8	0	521
18583	4	8	509	4	0	525
18584	9	6	8	500	0	523
18585	479	5	7	12	0	503
18586	15	2	2	509	0	528
18587	11	3	1	516	0	531
18588	5	1	3	519	0	528
18589	3	1	506	20	0	530
18590	8	1	8	498	0	515
18591	4	492	6	13	0	515
18592	4	7	4	488	0	503
18593	4	5	3	486	0	498
18594	484	3	1	17	0	505
18595	12	1	2	496	0	511
18596	8	3	486	13	0	510
18597	3	3	481	12	0	499
18598	2	3	484	6	0	495
18599	2	468	16	7	0	493
18600	459	9	16	3	0	487
18601	8	462	4	6	0	480
18602	445	12	3	4	0	464
18603	15	10	2	437	0	464
18604	11	6	455	8	0	480
18605	8	3	442	12	0	465
18606	6	458	18	4	0	486
18607	8	11	11	460	0	490
18608	6	7	7	470	0	490
18609	4	11	3	478	0	496
18610	3	4	465	23	0	495
18611	434	3	11	20	0	468
18612	13	3	468	10	0	494
18613	12	1	15	465	0	493
18614	11	2	10	480	0	503
18615	12	1	467	18	0	498
18616	442	3	10	19	0	474
18617	10	459	12	10	0	491
18618	463	11	7	6	0	487
18619	15	10	6	454	0	485
18620	12	456	5	11	0	484
18621	8	14	2	471	0	495
18622	466	13	1	18	0	498
18623	16	4	2	472	0	494
18624	11	3	459	19	0	492
18625	457	4	16	11	0	488
18626	469	3	13	4	0	489
18627	22	2	452	5	0	481
18628	14	2	13	449	0	478
18629	464	1	10	17	0	492
18630	16	2	9	455	0	482
18631	17	1	4	452	0	474
18632	11	4	6	451	0	472
18633	8	0	3	459	0	470
18634	4	2	431	30	0	467
18635	6	3	11	450	0	470
18636	2	0	446	23	0	471
18637	436	1	14	15	0	466
18638	445	2	12	14	0	473
18639	450	1	10	8	0	469
18640	459	3	2	9	0	473
18641	26	6	4	432	0	468
18642	439	1	3	15	0	458
18643	18	2	424	17	0	461
18644	15	1	424	9	0	449
18645	403	0	20	9	0	432
18646	18	402	16	4	0	440
18647	10	403	7	5	0	425
18648	4	16	10	398	0	428
18649	5	12	397	12	0	426
18650	379	6	10	12	0	407
18651	11	8	405	4	0	428
18652	14	365	9	7	0	395
18653	4	12	371	7	0	394
18654	8	349	11	5	0	373
18655	304	8	12	7	0	331
18656	7	302	7	5	0	321
18657	10	289	4	2	0	305
18658	6	14	3	284	0	307
18659	4	7	282	10	0	303
18660	5	3	5	279	0	292
18661	4	4	6	279	0	293
18662	4	3	273	15	0	295
18663	6	0	8	272	0	286
18664	2	263	10	9	0	284
18665	5	5	4	283	0	297
18666	276	7	4	7	0	294
18667	8	6	2	276	0	292
18668	9	3	265	8	0	285
18669	6	3	6	270	0	285
18670	7	1	271	8	0	287
18671	260	3	7	11	0	281
18672	7	3	11	266	0	287
18673	266	2	5	12	0	285
18674	8	1	271	9	0	289
18675	266	3	4	7	0	280
18676	8	268	9	4	0	289
18677	9	7	271	2	0	289
18678	3	10	6	266	0	285
18679	3	2	274	8	0	287
18680	1	239	8	11	0	259
18681	3	254	7	4	0	268
18682	213	8	3	3	0	227
18683	5	228	3	2	0	238
18684	227	7	2	3	0	239
18685	8	6	1	229	0	244
18686	5	4	227	6	0	242
18687	1	235	5	6	0	247
18688	4	5	6	234	0	249
18689	3	3	3	247	0	256
18690	4	2	1	255	0	262
18691	3	2	2	245	0	252
18692	0	236	1	12	0	249
18693	0	247	1	8	0	256
18694	234	9	1	6	0	250
18695	5	243	1	2	0	251
18696	6	9	0	232	0	247
18697	2	4	232	7	0	245
18698	2	235	5	2	0	244
18699	1	6	2	231	0	240
18700	0	2	2	234	0	238
18701	0	231	2	6	0	239
18702	226	7	0	6	0	239
18703	6	2	223	3	0	234
18704	201	2	3	3	0	209
18705	5	208	2	2	0	217
18706	192	5	2	0	0	199
18707	5	199	1	0	0	205
18708	5	5	0	204	0	214
18709	3	3	1	210	0	217
18710	209	1	0	8	0	218
18711	6	2	2	206	0	216
18712	4	0	199	6	0	209
18713	1	196	5	4	0	206
18714	1	203	3	2	0	209
18715	0	8	1	198	0	207
18716	2	3	199	6	0	210
18717	2	1	6	199	0	208
18718	0	0	2	206	0	208
18719	0	1	201	7	0	209
18720	1	2	198	2	0	203
18721	0	200	5	3	0	208
18722	199	5	3	4	0	211
18723	6	2	0	203	0	211
18724	2	192	0	8	0	202
18725	194	5	3	3	0	205
18726	5	3	2	193	0	203
18727	1	4	0	195	0	200
18728	2	193	0	7	0	202
18729	0	4	1	195	0	200
18730	194	2	1	8	0	205
18731	8	1	1	197	0	207
18732	2	0	1	203	0	206
18733	1	1	193	7	0	202
18734	1	2	190	2	0	195
18735	193	1	6	3	0	203
18736	7	0	2	192	0	201
18737	1	1	0	200	0	202
18738	3	1	0	196	0	200
18739	1	1	190	9	0	201
18740	191	0	6	4	0	201
18741	7	1	1	189	0	198
18742	3	0	1	193	0	197
18743	187	0	0	11	0	198
18744	6	184	1	4	0	195
18745	1	5	191	4	0	201
18746	2	1	6	180	0	189
18747	0	186	4	5	0	195
18748	1	4	3	187	0	195
18749	185	2	0	7	0	194
18750	5	2	0	185	0	192
18751	185	0	1	8	0	194
18752	186	1	1	3	0	191
18753	7	1	1	172	0	181
18754	4	172	0	5	0	181
18755	2	181	0	4	0	187
18756	1	7	172	2	0	182
18757	2	2	5	166	0	175
18758	3	1	2	173	0	179
18759	1	0	1	181	0	183
18760	170	2	0	9	0	181
18761	5	1	1	177	0	184
18762	2	0	173	5	0	180
18763	170	0	4	3	0	177
18764	8	0	1	180	0	189
18765	3	0	1	188	0	192
18766	0	0	183	8	0	191
18767	183	2	5	2	0	192
18768	7	1	1	187	0	196
18769	1	0	202	6	0	209
18770	2	0	5	201	0	208
18771	0	0	1	188	0	189
18772	1	202	1	5	0	209
18773	202	5	1	3	0	211
18774	196	0	1	2	0	199
18775	6	191	1	0	0	198
18776	188	6	0	2	0	196
18777	189	1	0	2	0	192
18778	6	0	1	190	0	197
18779	2	0	181	6	0	189
18780	1	0	183	1	0	185
18781	0	0	168	1	0	169
18782	0	0	177	0	0	177
18783	2	4	4	154	0	164
18784	1	0	2	162	0	165
18785	1	1	0	159	0	161
18786	4	1	0	156	0	161
18787	157	0	0	7	0	164
18788	4	160	0	3	0	167
18789	160	3	0	1	0	164
18790	4	2	160	0	0	166
18791	1	0	180	2	0	183
18792	1	3	4	177	0	185
18793	177	0	2	5	0	184
18794	170	0	1	3	0	174
18795	3	168	2	0	0	173
18796	0	182	1	1	0	184
18797	1	4	0	182	0	187
18798	184	1	0	4	0	189
18799	3	185	0	3	0	191
18800	190	3	0	2	0	195
18801	190	2	1	0	0	193
18802	184	0	0	2	0	186
18803	4	1	193	1	0	199
18804	1	199	4	1	0	205
18805	201	3	1	1	0	206
18806	200	1	0	1	0	202
18807	4	189	0	0	0	193
18808	0	184	0	1	0	185
18809	182	3	1	1	0	187
18810	2	1	0	185	0	188
18811	2	0	186	2	0	190
18812	182	0	3	4	0	189
18813	2	2	1	193	0	198
18814	1	205	0	2	0	208
18815	1	2	0	204	0	207
18816	1	1	209	2	0	213
18817	0	2	2	207	0	211
18818	214	0	1	3	0	218
18819	3	0	0	218	0	221
18820	3	0	0	221	0	224
18821	0	1	241	3	0	245
18822	0	1	2	233	0	236
18823	1	241	1	2	0	245
18824	240	2	0	2	0	244
18825	239	1	0	1	0	241
18826	3	2	239	0	0	244
18827	3	0	2	232	0	237
18828	0	234	1	4	0	239
18829	0	243	1	1	0	245
18830	238	3	0	2	0	243
18831	2	1	0	252	0	255
18832	1	0	250	2	0	253
18833	0	0	247	2	0	249
18834	2	0	4	246	0	252
18835	244	0	2	4	0	250
18836	246	0	1	3	0	250
18837	3	0	0	261	0	264
18838	2	0	264	3	0	269
18839	1	261	4	1	0	267
18840	262	3	1	3	0	269
18841	2	265	0	0	0	267
18842	268	2	0	2	0	272
18843	4	1	0	261	0	266
18844	1	1	265	2	0	269
18845	1	0	2	259	0	262
18846	259	0	0	4	0	263
18847	3	1	262	1	0	267
18848	2	255	5	0	0	262
18849	2	3	1	262	0	268
18850	259	0	1	6	0	266
18851	4	0	254	1	0	259
18852	3	2	3	264	0	272
18853	1	1	1	271	0	274
18854	2	0	272	4	0	278
18855	0	0	3	268	0	271
18856	0	1	272	3	0	276
18857	269	1	3	1	0	274
18858	5	0	2	279	0	286
18859	1	2	287	5	0	295
18860	1	290	6	2	0	299
18861	296	6	2	2	0	306
18862	314	1	1	3	0	319
18863	9	0	0	342	0	351
18864	2	351	0	8	0	361
18865	350	7	1	2	0	360
18866	8	2	0	355	0	365
18867	1	0	350	8	0	359
18868	338	1	6	4	0	349
18869	6	341	2	0	0	349
18870	2	7	0	348	0	357
18871	343	1	1	10	0	355
18872	7	0	336	2	0	345
18873	1	2	344	1	0	348
18874	1	1	9	324	0	335
18875	2	0	345	7	0	354
18876	0	0	5	336	0	341
18877	1	332	4	6	0	343
18878	0	7	1	351	0	359
18879	347	1	0	10	0	358
18880	9	0	346	1	0	356
18881	2	352	7	1	0	362
18882	3	8	0	346	0	357
18883	1	1	358	7	0	367
18884	0	1	7	345	0	353
18885	2	352	1	5	0	360
18886	1	367	0	0	0	368
18887	362	8	0	2	0	372
18888	7	369	0	2	0	378
18889	3	8	364	1	0	376
18890	339	2	8	2	0	351
18891	7	1	368	0	0	376
18892	2	1	6	342	0	351
18893	0	1	366	6	0	373
18894	1	373	6	0	0	380
18895	0	5	1	365	0	371
18896	0	0	1	367	0	368
18897	0	0	0	366	0	366
18898	0	0	368	5	0	373
18899	1	0	5	355	0	361
18900	0	1	0	373	0	374
18901	363	0	0	8	0	371
18902	376	0	0	1	0	377
18903	5	0	374	0	0	379
18904	0	356	4	0	0	360
18905	0	5	367	2	0	374
18906	1	0	6	364	0	371
18907	0	0	382	6	0	388
18908	2	1	5	373	0	381
18909	1	1	0	392	0	394
18910	0	0	388	5	0	393
18911	357	1	5	1	0	364
18912	5	388	1	0	0	394
18913	1	5	0	392	0	398
18914	0	1	407	6	0	414
18915	0	0	407	1	0	408
18916	393	0	6	1	0	400
18917	5	406	0	0	0	411
18918	1	5	0	410	0	416
18919	416	0	0	5	0	421
18920	5	0	0	411	0	416
18921	1	0	1	426	0	428
18922	0	0	432	5	0	437
18923	411	0	5	3	0	419
18924	439	0	0	0	0	439
18925	6	0	0	431	0	437
18926	431	0	1	5	0	437
18927	7	1	0	426	0	434
18928	0	421	1	3	0	425
18929	0	440	1	1	0	442
18930	3	6	1	436	0	446
18931	428	0	0	8	0	436
18932	5	0	0	426	0	431
18933	431	0	1	5	0	437
18934	435	0	0	2	0	437
18935	5	1	0	434	0	440
18936	0	0	0	445	0	445
18937	0	0	432	6	0	438
18938	0	0	440	0	0	440
18939	2	1	5	431	0	439
18940	1	1	456	6	0	464
18941	449	0	6	2	0	457
18942	8	0	0	480	0	488
18943	0	0	503	7	0	510
18944	495	0	8	4	0	507
18945	534	0	2	5	0	541
18946	12	561	2	1	0	576
18947	6	9	0	591	0	606
18948	2	2	626	10	0	640
18949	618	2	7	6	0	633
18950	635	1	2	4	0	642
18951	12	1	640	0	0	653
18952	638	1	8	4	0	651
18953	14	1	2	645	0	662
18954	4	0	2	649	0	655
18955	637	0	1	14	0	652
18956	635	1	0	5	0	641
18957	14	0	0	633	0	647
18958	4	1	648	8	0	661
18959	3	635	7	3	0	648
18960	1	6	634	4	0	645
18961	2	1	629	1	0	633
18962	1	614	7	2	0	624
18963	4	6	6	569	0	585
18964	2	3	4	576	0	585
18965	1	2	569	7	0	579
18966	6	1	5	556	0	568
18967	571	0	3	9	0	583
18968	6	1	593	2	0	602
18969	584	1	4	6	0	595
18970	600	0	2	3	0	605
18971	604	1	3	1	0	609
18972	12	0	590	1	0	603
18973	7	1	590	1	0	599
18974	4	3	7	588	0	602
18975	4	0	5	570	0	579
18976	2	587	6	7	0	602
18977	590	6	0	6	0	602
18978	587	2	1	5	0	595
18979	8	587	4	0	0	599
18980	597	5	3	3	0	608
18981	8	592	2	3	0	605
18982	599	9	1	6	0	615
18983	11	4	0	584	0	599
18984	7	2	590	6	0	605
18985	3	0	586	3	0	592
18986	3	3	10	590	0	606
18987	5	2	4	588	0	599
18988	0	4	596	8	0	608
18989	4	0	8	585	0	597
18990	1	3	3	579	0	586
18991	585	0	4	12	0	601
18992	586	0	3	13	0	602
18993	576	0	5	7	0	588
18994	10	1	576	5	0	592
18995	7	583	8	1	0	599
18996	5	7	4	594	0	610
18997	5	2	608	7	0	622
18998	4	615	7	3	0	629
18999	618	6	3	4	0	631
19000	10	2	5	623	0	640
19001	6	5	4	627	0	642
19002	623	1	2	12	0	638
19003	8	0	3	620	0	631
19004	8	2	2	622	0	634
19005	624	1	2	14	0	641
19006	9	0	610	7	0	626
19007	4	590	7	6	0	607
19008	599	6	3	8	0	616
19009	8	5	617	2	0	632
19010	584	4	7	3	0	598
19011	14	610	3	2	0	629
19012	619	7	6	7	0	639
19013	615	2	3	3	0	623
19014	587	6	2	4	0	599
19015	14	1	1	583	0	599
19016	8	0	5	567	0	580
19017	4	578	2	11	0	595
19018	1	579	1	7	0	588
19019	4	583	1	5	0	593
19020	577	11	3	4	0	595
19021	10	3	552	2	0	567
19022	7	3	8	555	0	573
19023	4	2	3	552	0	561
19024	3	554	4	8	0	569
19025	4	6	3	555	0	568
19026	2	4	1	553	0	560
19027	3	556	3	6	0	568
19028	556	7	2	12	0	577
19029	7	561	1	7	0	576
19030	4	10	557	1	0	572
19031	550	5	6	5	0	566
19032	9	568	2	3	0	582
19033	553	6	3	6	0	568
19034	10	3	1	552	0	566
19035	5	5	1	552	0	563
19036	6	1	553	8	0	568
19037	0	2	545	7	0	554
19038	4	0	8	559	0	571
19039	542	3	7	11	0	563
19040	528	1	4	6	0	539
19041	10	531	0	5	0	546
19042	7	529	1	0	0	537
19043	3	518	2	1	0	524
19044	8	18	4	480	0	510
19045	471	3	7	8	0	489
19046	469	2	0	2	0	473
19047	464	0	0	1	0	465
19048	9	1	423	2	0	435
19049	3	527	8	1	0	539
19050	3	8	2	576	0	589
19051	580	4	1	10	0	595
19052	11	1	0	595	0	607
19053	6	0	0	620	0	626
19054	610	0	1	16	0	627
19055	659	0	0	7	0	666
19056	16	1	653	3	0	673
19057	6	2	10	657	0	675
19058	2	1	650	15	0	668
19059	2	0	14	644	0	660
19060	1	2	646	15	0	664
19061	3	2	15	640	0	660
19062	620	1	5	16	0	642
19063	12	625	2	4	0	643
19064	5	658	0	4	0	667
19065	4	18	0	599	0	621
19066	1	658	0	12	0	671
19067	651	16	0	8	0	675
19068	638	5	1	2	0	646
19069	18	2	628	2	0	650
19070	6	627	16	2	0	651
19071	5	14	4	638	0	661
19072	2	3	637	14	0	656
19073	630	2	15	8	0	655
19074	17	1	6	633	0	657
19075	4	3	641	16	0	664
19076	4	2	14	645	0	665
19077	651	1	5	16	0	673
19078	16	3	632	4	0	655
19079	629	0	13	6	0	648
19080	649	1	5	2	0	657
19081	21	1	3	628	0	653
19082	9	1	624	14	0	648
19083	3	1	633	5	0	642
19084	622	2	17	3	0	644
19085	642	1	6	5	0	654
19086	21	1	610	2	0	634
19087	11	0	17	624	0	652
19088	6	0	6	622	0	634
19089	5	621	3	16	0	645
19090	6	15	2	632	0	655
19091	626	4	3	17	0	650
19092	21	2	1	626	0	650
19093	5	2	620	22	0	649
19094	609	1	17	10	0	637
19095	20	2	6	618	0	646
19096	7	0	613	16	0	636
19097	6	593	19	7	0	625
19098	574	14	8	3	0	599
19099	20	593	5	6	0	624
19100	596	19	5	7	0	627
19101	18	9	582	5	0	614
19102	10	573	16	6	0	605
19103	4	600	6	2	0	612
19104	4	23	3	582	0	612
19105	10	6	4	587	0	607
19106	4	4	578	23	0	609
19107	5	6	18	574	0	603
19108	568	1	5	23	0	597
19109	19	2	548	10	0	579
19110	11	3	23	538	0	575
19111	3	4	551	24	0	582
19112	530	1	22	10	0	563
19113	20	546	10	6	0	582
19114	549	18	4	6	0	577
19115	565	9	7	6	0	587
19116	568	4	3	9	0	584
19117	27	7	531	7	0	572
19118	10	538	23	6	0	577
19119	13	16	8	522	0	559
19120	14	6	5	558	0	583
19121	563	4	7	29	0	603
19122	26	4	5	570	0	605
19123	569	1	11	25	0	606
19124	581	2	6	11	0	600
19125	584	2	2	9	0	597
19126	575	3	6	9	0	593
19127	36	2	5	560	0	603
19128	564	1	1	26	0	592
19129	25	5	535	9	0	574
19130	534	3	21	10	0	568
19131	559	1	7	5	0	572
19132	30	6	517	12	0	565
19133	534	3	22	6	0	565
19134	556	2	11	7	0	576
19135	32	2	3	528	0	565
19136	17	3	7	541	0	568
19137	525	5	7	25	0	562
19138	32	2	5	509	0	548
19139	11	5	1	524	0	541
19140	7	506	4	27	0	544
19141	7	15	5	490	0	517
19142	482	5	1	23	0	511
19143	23	3	3	475	0	504
19144	5	3	6	478	0	492
19145	9	451	2	23	0	485
19146	10	11	2	448	0	471
19147	7	2	7	451	0	467
19148	435	2	6	19	0	462
19149	17	6	3	303	0	329
19150	6	2	252	13	0	273
19151	3	235	8	7	0	253
19152	2	227	3	2	0	234
19153	211	9	1	2	0	223
19154	7	211	2	2	0	222
19155	167	7	4	0	0	178
19156	6	163	0	1	0	170
19157	164	7	0	0	0	171
19158	7	4	0	162	0	173
19159	3	1	0	167	0	171
19160	1	164	0	6	0	171
19161	3	6	0	166	0	175
19162	1	1	166	7	0	175
19163	154	0	6	5	0	165
19164	5	176	1	1	0	183
19165	173	6	0	1	0	180
19166	177	1	1	1	0	180
19167	176	1	0	0	0	177
19168	8	1	0	168	0	177
19169	2	1	0	167	0	170
19170	1	158	0	6	0	165
19171	160	5	0	2	0	167
19172	6	162	0	1	0	169
19173	156	7	0	2	0	165
19174	6	3	167	3	0	179
19175	172	0	6	1	0	179
19176	8	0	2	175	0	185
19177	5	1	172	6	0	184
19178	2	0	182	3	0	187
19179	2	1	9	180	0	192
19180	2	0	179	7	0	188
19181	1	0	8	182	0	191
19182	177	0	3	6	0	186
19183	8	0	0	180	0	188
19184	3	0	176	6	0	185
19185	2	163	5	4	0	174
19186	3	175	3	0	0	181
19187	3	6	0	168	0	177
19188	169	3	0	8	0	180
19189	7	0	0	174	0	181
19190	6	0	1	174	0	181
19191	1	0	0	179	0	180
19192	1	2	0	182	0	185
19193	1	0	174	9	0	184
19194	2	0	172	4	0	178
19195	171	0	8	1	0	180
19196	178	0	4	3	0	185
19197	9	2	0	171	0	182
19198	6	0	0	178	0	184
19199	0	1	167	10	0	178
19200	2	168	5	4	0	179
19201	163	6	4	3	0	176
19202	169	3	1	4	0	177
19203	8	1	1	169	0	179
19204	4	0	168	6	0	178
19205	1	1	6	161	0	169
19206	0	165	3	6	0	174
19207	1	6	166	4	0	177
19208	159	4	5	3	0	171
19209	10	0	3	167	0	180
19210	175	0	0	6	0	181
19211	4	0	166	5	0	175
19212	167	3	4	0	0	174
19213	4	1	3	168	0	176
19214	168	0	1	7	0	176
19215	7	1	0	162	0	170
19216	4	158	0	6	0	168
19217	1	165	1	4	0	171
19218	2	4	0	156	0	162
19219	1	3	157	3	0	164
19220	1	146	3	3	0	153
19221	0	1	4	131	0	136
19222	129	1	1	3	0	134
19223	131	0	0	2	0	133
19224	4	0	0	127	0	131
19225	3	0	0	125	0	128
19226	0	119	1	2	0	122
19227	0	126	0	3	0	129
19228	125	4	0	3	0	132
19229	3	3	0	126	0	132
19230	2	0	0	130	0	132
19231	0	0	129	4	0	133
19232	0	0	2	129	0	131
19233	0	1	2	125	0	128
19234	0	0	1	127	0	128
19235	1	0	121	4	0	126
19236	0	0	2	128	0	130
19237	127	0	2	2	0	131
19238	2	0	122	2	0	126
19239	126	0	2	0	0	128
19240	1	0	2	127	0	130
19241	3	0	0	129	0	132
19242	0	0	0	135	0	135
19243	0	1	134	4	0	139
19244	128	1	2	2	0	133
19245	0	135	2	1	0	138
19246	134	2	0	0	0	136
19247	3	135	0	1	0	139
19248	3	3	0	134	0	140
19249	134	2	0	3	0	139
19250	4	0	131	2	0	137
19251	133	0	3	1	0	137
19252	3	0	137	1	0	141
19253	2	1	3	131	0	137
19254	0	1	130	3	0	134
19255	1	127	3	2	0	133
19256	1	3	2	121	0	127
19257	120	2	0	4	0	126
19258	3	0	1	119	0	123
19259	2	118	0	4	0	124
19260	0	4	0	122	0	126
19261	120	2	0	4	0	126
19262	120	0	1	4	0	125
19263	5	112	0	1	0	118
19264	3	100	0	0	0	103
19265	0	3	1	98	0	102
19266	1	2	0	101	0	104
19267	99	0	0	5	0	104
19268	101	0	0	3	0	104
19269	3	101	0	0	0	104
19270	2	1	0	102	0	105
19271	0	2	0	102	0	104
19272	0	0	101	2	0	103
19273	0	97	1	1	0	99
19274	0	92	1	0	0	93
19275	0	1	0	80	0	81
19276	0	0	80	1	0	81
19277	1	0	82	0	0	83
19278	0	0	1	81	0	82
19279	0	0	0	85	0	85
19280	0	0	86	1	0	87
19281	0	0	1	86	0	87
19282	0	0	87	2	0	89
19283	90	1	2	0	0	93
19284	2	0	0	92	0	94
19285	0	0	93	3	0	96
19286	0	0	94	0	0	94
19287	2	0	2	103	0	107
19288	0	1	120	3	0	124
19289	0	0	127	1	0	128
19290	0	121	3	0	0	124
19291	126	2	1	1	0	130
19292	2	1	130	0	0	133
19293	2	0	3	128	0	133
19294	0	1	2	131	0	134
19295	1	0	1	133	0	135
19296	0	1	130	3	0	134
19297	1	0	2	129	0	132
19298	128	0	2	3	0	133
19299	2	0	0	127	0	129
19300	1	0	126	3	0	130
19301	1	0	2	125	0	128
19302	126	0	2	2	0	130
19303	127	0	0	3	0	130
19304	129	1	1	0	0	131
19305	4	0	0	127	0	131
19306	124	1	1	2	0	128
19307	122	0	0	5	0	127
19308	125	0	0	1	0	126
19309	4	119	0	0	0	123
19310	123	2	0	0	0	125
19311	3	1	1	118	0	123
19312	3	0	118	3	0	124
19313	2	121	2	1	0	126
19314	119	3	1	0	0	123
19315	3	1	0	118	0	122
19316	4	0	0	119	0	123
19317	0	116	0	4	0	120
19318	1	121	1	1	0	124
19319	114	4	0	2	0	120
19320	4	113	0	0	0	117
19321	108	4	0	2	0	114
19322	2	108	1	2	0	113
19323	106	4	0	2	0	112
19324	2	113	2	1	0	118
19325	3	114	0	1	0	118
19326	111	5	0	0	0	116
19327	4	1	112	1	0	118
19328	1	111	3	0	0	115
19329	1	3	1	113	0	118
19330	1	2	0	118	0	121
19331	1	1	0	110	0	112
19332	1	2	1	112	0	116
19333	0	2	114	5	0	121
19334	109	1	3	3	0	116
19335	3	0	1	117	0	121
19336	119	0	1	6	0	126
19337	123	0	2	3	0	128
19338	128	0	1	2	0	131
19339	125	0	2	1	0	128
19340	7	0	124	0	0	131
19341	2	0	5	124	0	131
19342	3	1	120	4	0	128
19343	3	119	3	2	0	127
19344	1	4	3	112	0	120
19345	1	1	0	121	0	123
19346	0	0	1	122	0	123
19347	0	1	0	123	0	124
19348	0	0	119	5	0	124
19349	0	0	3	121	0	124
19350	2	0	1	124	0	127
19351	119	0	0	7	0	126
19352	121	0	1	2	0	124
19353	4	0	0	122	0	126
19354	2	0	1	124	0	127
19355	2	0	0	125	0	127
19356	121	0	0	4	0	125
19357	126	0	0	3	0	129
19358	119	0	0	1	0	120
19359	123	0	0	3	0	126
19360	5	120	0	1	0	126
19361	124	3	0	1	0	128
19362	125	1	0	0	0	126
19363	5	0	0	120	0	125
19364	3	1	1	122	0	127
19365	120	1	0	5	0	126
19366	5	117	0	1	0	123
19367	2	118	1	2	0	123
19368	124	3	0	2	0	129
19369	4	1	0	126	0	131
19370	3	1	0	128	0	132
19371	2	1	0	133	0	136
19372	3	1	0	134	0	138
19373	2	1	0	129	0	132
19374	0	128	1	5	0	134
19375	1	2	0	134	0	137
19376	130	1	0	5	0	136
19377	3	1	0	130	0	134
19378	1	1	0	131	0	133
19379	128	0	0	8	0	136
19380	4	126	0	2	0	132
19381	2	2	0	127	0	131
19382	1	129	1	2	0	133
19383	0	3	0	134	0	137
19384	0	1	129	4	0	134
19385	121	1	2	1	0	125
19386	3	121	1	0	0	125
19387	110	2	0	2	0	114
19388	2	1	107	1	0	111
19389	0	3	2	101	0	106
19390	1	105	0	1	0	107
19391	1	102	0	0	0	103
19392	101	2	0	0	0	103
19393	3	0	0	101	0	104
19394	1	2	103	2	0	108
19395	2	0	1	101	0	104
19396	2	0	102	2	0	106
19397	98	0	2	1	0	101
19398	2	1	103	2	0	108
19399	1	0	3	104	0	108
19400	0	113	0	1	0	114
19401	0	3	0	113	0	116
19402	1	111	1	4	0	117
19403	112	2	0	2	0	116
19404	2	0	0	121	0	123
19405	1	0	125	2	0	128
19406	0	0	121	2	0	123
19407	125	0	2	3	0	130
19408	133	1	0	0	0	134
19409	133	0	0	2	0	135
19410	134	0	0	1	0	135
19411	1	131	0	1	0	133
19412	132	2	0	2	0	136
19413	138	0	0	0	0	138
19414	3	0	131	0	0	134
19415	3	0	3	126	0	132
19416	133	1	0	3	0	137
19417	2	1	130	1	0	134
19418	1	0	3	128	0	132
19419	2	0	141	2	0	145
19420	0	1	2	136	0	139
19421	1	142	0	2	0	145
19422	145	2	1	0	0	148
19423	2	1	142	1	0	146
19424	136	1	2	0	0	139
19425	4	1	0	139	0	144
19426	141	0	0	4	0	145
19427	2	1	0	144	0	147
19428	155	0	1	4	0	160
19429	2	0	159	2	0	163
19430	164	0	3	2	0	169
19431	1	1	0	167	0	169
19432	1	0	0	168	0	169
19433	171	0	0	2	0	173
19434	2	0	0	172	0	174
19435	0	0	174	2	0	176
19436	1	0	1	168	0	170
19437	162	0	0	2	0	164
19438	1	164	0	0	0	165
19439	0	164	0	0	0	164
19440	163	1	0	0	0	164
19441	0	167	1	0	0	168
19442	1	1	1	160	0	163
19443	165	1	0	2	0	168
19444	158	0	1	2	0	161
19445	160	0	0	0	0	160
19446	1	0	168	0	0	169
19447	1	0	1	166	0	168
19448	1	165	1	0	0	167
19449	0	0	1	172	0	173
19450	0	1	174	1	0	176
19451	1	166	0	1	0	168
19452	0	0	1	170	0	171
19453	170	2	1	1	0	174
19454	1	167	3	1	0	172
19455	2	0	174	1	0	177
19456	2	1	0	172	0	175
19457	1	1	174	0	0	176
19458	2	0	0	172	0	174
19459	178	1	2	0	0	181
19460	1	0	0	174	0	175
19461	180	0	0	1	0	181
19462	176	1	1	3	0	181
19463	3	182	0	1	0	186
19464	187	0	0	1	0	188
19465	0	184	2	0	0	186
19466	2	1	192	2	0	197
19467	3	2	3	188	0	196
19468	0	1	3	202	0	206
19469	0	1	202	4	0	207
19470	1	201	3	3	0	208
19471	203	1	4	4	0	212
19472	212	3	1	0	0	216
19473	5	0	0	218	0	223
19474	4	0	1	218	0	223
19475	3	1	0	225	0	229
19476	223	0	0	6	0	229
19477	2	0	223	2	0	227
19478	4	1	217	1	0	223
19479	3	0	3	225	0	231
19480	1	0	227	2	0	230
19481	3	0	224	4	0	231
19482	0	0	3	220	0	223
19483	1	0	234	3	0	238
19484	2	232	1	4	0	239
19485	1	1	5	227	0	234
19486	0	5	238	2	0	245
19487	0	1	1	236	0	238
19488	3	220	3	1	0	227
19489	0	2	2	226	0	230
19490	1	2	233	3	0	239
19491	2	0	2	224	0	228
19492	242	2	2	1	0	247
19493	1	0	241	5	0	247
19494	218	0	2	0	0	220
19495	2	235	4	1	0	242
19496	242	2	0	4	0	248
19497	1	3	0	249	0	253
19498	3	242	1	2	0	248
19499	245	1	0	7	0	253
19500	2	3	0	252	0	257
19501	3	0	259	1	0	263
19502	1	257	1	3	0	262
19503	1	2	3	257	0	263
19504	252	3	0	2	0	257
19505	241	1	0	6	0	248
19506	4	1	0	245	0	250
19507	4	0	241	1	0	246
19508	213	0	1	5	0	219
19509	1	0	243	0	0	244
19510	4	1	1	238	0	244
19511	245	0	3	3	0	251
19512	2	242	1	3	0	248
19513	238	1	0	2	0	241
19514	1	2	237	1	0	241
19515	237	0	1	1	0	239
19516	2	0	3	241	0	246
19517	3	0	1	243	0	247
19518	0	0	246	5	0	251
19519	1	0	1	234	0	236
19520	235	1	3	1	0	240
19521	2	0	1	234	0	237
19522	3	235	0	1	0	239
19523	3	1	1	231	0	236
19524	0	243	0	2	0	245
19525	0	1	237	4	0	242
19526	232	1	2	0	0	235
19527	2	0	2	242	0	246
19528	4	0	238	1	0	243
19529	0	232	1	4	0	237
19530	2	2	3	228	0	235
19531	0	2	0	230	0	232
19532	228	1	0	5	0	234
19533	1	1	0	233	0	235
19534	231	0	0	3	0	234
19535	229	0	0	4	0	233
19536	4	232	0	0	0	236
19537	234	2	0	0	0	236
19538	2	2	1	255	0	260
19539	2	0	258	2	0	262
19540	255	0	1	4	0	260
19541	1	0	2	257	0	260
19542	3	0	255	1	0	259
19543	250	0	1	2	0	253
19544	1	1	2	254	0	258
19545	3	254	2	1	0	260
19546	0	1	0	251	0	252
19547	0	257	1	1	0	259
19548	256	1	0	2	0	259
19549	1	2	251	1	0	255
19550	2	256	2	0	0	260
19551	3	1	2	255	0	261
19552	0	2	259	2	0	263
19553	0	1	242	2	0	245
19554	0	247	3	0	0	250
19555	0	2	1	247	0	250
19556	1	1	2	245	0	249
19557	0	0	0	309	0	309
19558	319	0	0	4	0	323
19559	4	0	345	1	0	350
19560	1	351	6	0	0	358
19561	1	6	1	344	0	352
19562	1	1	0	359	0	361
19563	0	0	347	7	0	354
19564	2	0	6	343	0	351
19565	0	0	344	5	0	349
19566	0	0	332	1	0	333
19567	0	0	320	0	0	320
19568	1	1	6	311	0	319
19569	0	0	1	318	0	319
19570	3	0	0	320	0	323
19571	315	0	0	8	0	323
19572	6	309	1	1	0	317
19573	323	5	0	0	0	328
19574	320	0	1	0	0	321
19575	323	1	0	2	0	326
19576	5	319	1	1	0	326
19577	327	5	0	1	0	333
19578	329	1	1	1	0	332
19579	7	1	1	328	0	337
19580	4	0	1	327	0	332
19581	1	0	1	333	0	335
19582	0	1	325	6	0	332
19583	309	0	4	3	0	316
19584	8	1	1	315	0	325
19585	307	0	0	8	0	315
19586	7	308	3	1	0	319
19587	2	7	0	316	0	325
19588	3	1	1	322	0	327
19589	316	0	2	5	0	323
19590	10	0	1	305	0	316
19591	293	2	0	7	0	302
19592	304	0	1	2	0	307
19593	7	289	2	2	0	300
19594	1	300	0	3	0	304
19595	2	6	0	289	0	297
19596	1	298	2	6	0	307
19597	5	6	1	296	0	308
19598	2	1	292	6	0	301
19599	1	0	286	2	0	289
19600	276	1	6	0	0	283
19601	283	1	1	1	0	286
19602	5	281	1	2	0	289
19603	275	5	1	3	0	284
19604	7	298	1	2	0	308
19605	0	4	2	299	0	305
19606	3	0	1	302	0	306
19607	2	0	1	299	0	302
19608	2	1	1	299	0	303
19609	296	3	3	6	0	308
19610	8	292	0	6	0	306
19611	292	6	0	4	0	302
19612	305	2	0	2	0	309
19613	6	2	296	2	0	306
19614	284	2	4	2	0	292
19615	10	290	1	1	0	302
19616	8	6	0	286	0	300
19617	5	3	0	278	0	286
19618	1	282	1	8	0	292
19619	284	8	2	0	0	294
19620	6	2	278	2	0	288
19621	272	2	6	5	0	285
19622	6	1	285	5	0	297
19623	2	2	6	279	0	289
19624	2	0	2	286	0	290
19625	6	3	2	280	0	291
19626	288	0	1	6	0	295
19627	8	1	284	2	0	295
19628	291	3	6	2	0	302
19629	300	1	1	5	0	307
19630	294	4	2	2	0	302
19631	290	2	1	4	0	297
19632	8	0	3	289	0	300
19633	1	2	283	7	0	293
19634	6	0	6	284	0	296
19635	3	0	279	9	0	291
19636	3	2	285	1	0	291
19637	3	288	7	2	0	300
19638	2	8	0	258	0	268
19639	6	0	1	269	0	276
19640	5	0	2	238	0	245
19641	3	4	0	264	0	271
19642	265	2	1	6	0	274
19643	265	0	1	3	0	269
19644	8	4	0	262	0	274
19645	5	1	257	5	0	268
19646	4	2	6	256	0	268
19647	3	0	3	266	0	272
19648	3	0	268	6	0	277
19649	1	1	5	264	0	271
19650	263	0	2	10	0	275
19651	265	1	1	3	0	270
19652	267	2	1	3	0	273
19653	11	0	1	260	0	272
19654	267	0	2	6	0	275
19655	269	0	0	3	0	272
19656	8	3	264	0	0	275
19657	2	0	188	3	0	193
19658	0	0	185	3	0	188
19659	147	1	1	3	0	152
19660	1	154	1	1	0	157
19661	152	0	2	1	0	155
19662	1	170	1	0	0	172
19663	1	0	1	170	0	172
19664	1	1	0	168	0	170
19665	1	0	0	172	0	173
19666	0	0	170	2	0	172
19667	158	0	1	1	0	160
19668	0	0	0	169	0	169
19669	2	0	167	0	0	169
19670	1	0	164	0	0	165
19671	167	1	0	1	0	169
19672	1	165	1	1	0	168
19673	166	0	0	4	0	170
19674	161	0	0	3	0	164
19675	0	164	1	1	0	166
19676	162	1	0	2	0	165
19677	3	0	176	0	0	179
19678	1	0	172	1	0	174
19679	1	0	176	0	0	177
19680	1	0	1	181	0	183
19681	0	0	176	1	0	177
19682	166	0	2	0	0	168
19683	175	0	0	3	0	178
19684	2	0	175	0	0	177
19685	1	0	1	176	0	178
19686	173	0	0	2	0	175
19687	1	193	0	1	0	195
19688	1	198	0	0	0	199
19689	196	1	0	0	0	197
19690	1	0	204	0	0	205
19691	0	0	1	192	0	193
19692	0	0	0	198	0	198
19693	0	0	0	204	0	204
19694	0	201	0	1	0	202
19695	0	1	1	192	0	194
19696	223	0	0	1	0	224
19697	1	0	0	225	0	226
19698	0	231	0	1	0	232
19699	235	1	0	1	0	237
19700	2	1	0	233	0	236
19701	3	0	0	236	0	239
19702	239	0	0	2	0	241
19703	245	0	0	2	0	247
19704	3	0	0	233	0	236
19705	234	0	0	2	0	236
19706	237	0	0	3	0	240
19707	2	236	0	1	0	239
19708	241	1	0	0	0	242
19709	2	240	1	0	0	243
19710	2	2	0	241	0	245
19711	2	1	247	1	0	251
19712	2	1	1	246	0	250
19713	0	1	1	248	0	250
19714	1	0	1	254	0	256
19715	248	1	0	7	0	256
19716	1	250	0	3	0	254
19717	257	1	1	1	0	260
19718	2	273	0	1	0	276
19719	275	2	0	2	0	279
19720	277	1	0	1	0	279
19721	278	1	0	1	0	280
19722	284	1	0	0	0	285
19723	5	0	288	0	0	293
19724	2	1	2	285	0	290
19725	4	0	1	289	0	294
19726	1	1	292	4	0	298
19727	281	0	3	3	0	287
19728	5	1	2	291	0	299
19729	2	0	291	4	0	297
19730	1	1	284	3	0	289
19731	0	0	4	296	0	300
19732	1	1	302	3	0	307
19733	1	0	4	300	0	305
19734	3	0	2	302	0	307
19735	1	0	300	4	0	305
19736	291	1	4	4	0	300
19737	4	1	2	299	0	306
19738	2	0	298	5	0	305
19739	2	0	3	301	0	306
19740	301	0	2	6	0	309
19741	6	0	299	1	0	306
19742	299	0	3	4	0	306
19743	312	0	2	2	0	316
19744	4	0	2	311	0	317
19745	6	1	0	309	0	316
19746	3	1	310	5	0	319
19747	2	0	4	308	0	314
19748	4	1	2	290	0	297
19749	2	1	1	308	0	312
19750	1	0	299	8	0	308
19751	297	1	4	4	0	306
19752	301	0	2	5	0	308
19753	309	0	2	3	0	314
19754	314	2	0	4	0	320
19755	6	1	2	310	0	319
19756	316	1	1	7	0	325
19757	329	1	0	2	0	332
19758	275	2	0	2	0	279
19759	327	0	0	3	0	330
19760	7	315	0	1	0	323
19761	321	5	1	3	0	330
19762	325	1	1	2	0	329
19763	9	317	0	2	0	328
19764	316	4	1	3	0	324
19765	8	2	2	315	0	327
19766	4	2	0	319	0	325
19767	314	0	1	8	0	323
19768	5	308	4	2	0	319
19769	4	308	1	2	0	315
19770	3	6	1	313	0	323
19771	0	2	321	8	0	331
19772	3	1	4	311	0	319
19773	1	1	2	324	0	328
19774	314	1	3	7	0	325
19775	323	1	0	6	0	330
19776	7	0	2	318	0	327
19777	2	1	309	6	0	318
19778	5	0	3	316	0	324
19779	326	0	2	7	0	335
19780	7	0	331	1	0	339
19781	3	332	4	3	0	342
19782	344	5	2	4	0	355
19783	6	1	3	341	0	351
19784	6	1	1	334	0	342
19785	3	0	2	348	0	353
19786	0	0	336	9	0	345
19787	316	1	3	5	0	325
19788	6	0	321	3	0	330
19789	3	322	8	3	0	336
19790	3	4	1	334	0	342
19791	2	1	2	336	0	341
19792	4	1	4	345	0	354
19793	4	0	341	9	0	354
19794	2	1	344	4	0	351
19795	1	1	345	3	0	350
19796	0	339	9	3	0	351
19797	4	7	4	331	0	346
19798	344	0	2	9	0	355
19799	370	2	2	2	0	376
19800	8	0	376	2	0	386
19801	2	377	10	1	0	390
19802	5	8	382	2	0	397
19803	2	388	12	1	0	403
19804	388	11	4	1	0	404
19805	393	1	5	2	0	401
19806	11	378	0	1	0	390
19807	383	9	2	2	0	396
19808	15	3	1	374	0	393
19809	9	2	1	385	0	397
19810	384	2	0	12	0	398
19811	366	3	2	8	0	379
19812	371	2	4	4	0	381
19813	17	359	1	3	0	380
19814	7	373	1	5	0	386
19815	375	13	0	6	0	394
19816	14	4	374	1	0	393
19817	8	6	9	356	0	379
19818	356	2	2	12	0	372
19819	14	337	3	3	0	357
19820	8	360	1	3	0	372
19821	362	10	2	2	0	376
19822	12	3	347	3	0	365
19823	336	5	9	3	0	353
19824	13	3	332	0	0	348
19825	3	1	339	1	0	344
19826	7	2	9	340	0	358
19827	4	2	349	9	0	364
19828	339	3	12	2	0	356
19829	352	6	3	2	0	363
19830	354	1	5	2	0	362
19831	351	2	2	4	0	359
19832	16	1	2	336	0	355
19833	342	0	1	9	0	352
19834	10	334	3	3	0	350
19835	5	8	2	327	0	342
19836	7	348	3	8	0	366
19837	367	8	3	3	0	381
19838	376	4	1	6	0	387
19839	13	5	2	368	0	388
19840	371	2	1	10	0	384
19841	373	1	4	5	0	383
19842	13	0	2	367	0	382
19843	7	3	2	365	0	377
19844	7	3	0	369	0	379
19845	5	4	361	14	0	384
19846	8	3	349	4	0	364
19847	10	0	362	2	0	374
19848	5	3	13	349	0	370
19849	4	3	360	11	0	378
19850	8	3	13	358	0	382
19851	3	2	396	11	0	412
19852	4	0	394	4	0	402
19853	374	1	9	8	0	392
19854	11	388	7	1	0	407
19855	398	8	7	2	0	415
19856	12	2	4	391	0	409
19857	4	4	3	398	0	409
19858	9	1	389	12	0	411
19859	6	389	12	4	0	411
19860	5	6	5	399	0	415
19861	0	5	404	8	0	417
19862	5	388	8	3	0	404
19863	7	7	4	386	0	404
19864	390	3	4	9	0	406
19865	391	2	1	5	0	399
19866	12	1	2	390	0	405
19867	387	2	1	7	0	397
19868	9	396	1	4	0	410
19869	6	8	1	398	0	413
19870	5	1	409	8	0	423
19871	4	5	11	401	0	421
19872	2	0	414	11	0	427
19873	399	3	9	4	0	415
19874	10	1	3	407	0	421
19875	5	400	7	7	0	419
19876	11	8	1	409	0	429
19877	3	4	409	10	0	426
19878	7	3	404	3	0	417
19879	3	0	391	6	0	400
19880	373	4	10	6	0	393
19881	7	378	7	4	0	396
19882	3	7	5	377	0	392
19883	385	2	2	9	0	398
19884	7	385	4	3	0	399
19885	402	7	0	8	0	417
19886	406	3	4	1	0	414
19887	404	2	4	5	0	415
19888	412	1	4	1	0	418
19889	10	2	398	3	0	413
19890	387	2	6	4	0	399
19891	9	1	389	4	0	403
19892	354	0	9	4	0	367
19893	10	2	3	369	0	384
19894	4	2	358	6	0	370
19895	6	356	7	2	0	371
19896	6	19	2	331	0	358
19897	3	341	1	5	0	350
19898	2	345	4	3	0	354
19899	310	3	2	0	0	315
19900	3	0	302	2	0	307
19901	1	291	0	0	0	292
19902	281	2	0	0	0	283
19903	2	288	0	0	0	290
19904	283	1	0	0	0	284
19905	2	0	0	281	0	283
19906	284	0	0	0	0	284
19907	2	1	1	280	0	284
19908	279	0	0	4	0	283
19909	1	0	0	281	0	282
19910	1	298	0	1	0	300
19911	0	0	0	301	0	301
19912	299	0	2	1	0	302
19913	1	299	0	1	0	301
19914	0	1	0	292	0	293
19915	290	0	0	4	0	294
19916	1	1	0	294	0	296
19917	2	0	0	294	0	296
19918	0	0	299	1	0	300
19919	0	1	287	0	0	288
19920	2	0	1	293	0	296
19921	0	1	310	1	0	312
19922	2	0	1	307	0	310
19923	0	0	2	286	0	288
19924	3	0	0	309	0	312
19925	0	0	315	2	0	317
19926	1	0	1	294	0	296
19927	2	0	0	297	0	299
19928	0	312	0	0	0	312
19929	1	1	0	311	0	313
19930	307	0	0	6	0	313
19931	3	1	0	311	0	315
19932	0	0	382	3	0	385
19933	355	0	4	4	0	363
19934	5	408	6	1	0	420
19935	7	5	1	413	0	426
19936	2	6	400	6	0	414
19937	383	1	8	7	0	399
19938	7	399	6	2	0	414
19939	407	7	2	2	0	418
19940	10	5	1	397	0	413
19941	403	1	0	8	0	412
19942	7	1	401	7	0	416
19943	7	398	8	1	0	414
19944	1	435	6	2	0	444
19945	429	12	1	3	0	445
19946	436	7	1	1	0	445
19947	13	1	430	1	0	445
19948	426	1	7	1	0	435
19949	443	0	6	3	0	452
19950	448	0	2	1	0	451
19951	12	412	1	0	0	425
19952	7	422	0	0	0	429
19953	422	14	0	3	0	439
19954	420	6	1	2	0	429
19955	14	422	0	1	0	437
19956	8	9	0	425	0	442
19957	3	6	420	6	0	435
19958	404	1	7	12	0	424
19959	412	1	5	5	0	423
19960	449	0	2	4	0	455
19961	12	443	1	0	0	456
19962	8	6	459	1	0	474
19963	462	5	6	2	0	475
19964	9	0	6	465	0	480
19965	7	1	1	469	0	478
19966	2	0	1	484	0	487
19967	2	0	478	13	0	493
19968	4	0	8	471	0	483
19969	1	0	490	8	0	499
19970	0	467	6	6	0	479
19971	453	6	7	3	0	469
19972	5	456	2	1	0	464
19973	6	474	1	1	0	482
19974	467	12	0	2	0	481
19975	6	491	0	3	0	500
19976	6	8	0	475	0	489
19977	2	479	0	4	0	485
19978	469	7	2	6	0	484
19979	7	478	0	1	0	486
19980	7	8	0	479	0	494
19981	1	7	482	7	0	497
19982	2	1	7	470	0	480
19983	0	475	5	10	0	490
19984	1	7	1	495	0	504
19985	1	5	1	473	0	480
19986	1	1	1	468	0	471
19987	0	2	0	489	0	491
19988	2	0	0	490	0	492
19989	0	0	0	489	0	489
19990	0	0	482	15	0	497
19991	461	0	9	9	0	479
19992	9	0	6	510	0	525
19993	7	0	506	10	0	523
19994	3	0	508	8	0	519
19995	2	0	17	516	0	535
19996	518	0	8	16	0	542
19997	10	2	514	7	0	533
19998	509	0	11	6	0	526
19999	12	0	543	4	0	559
20000	10	1	12	532	0	555
20001	3	0	9	557	0	569
20002	3	1	546	18	0	568
20003	515	1	12	11	0	539
20004	13	0	6	544	0	563
20005	8	0	540	11	0	559
20006	3	1	542	9	0	555
20007	2	0	18	516	0	536
20008	3	530	10	7	0	550
20009	541	10	4	7	0	562
20010	533	9	2	4	0	548
20011	17	4	543	2	0	566
20012	14	1	11	524	0	550
20013	549	1	7	12	0	569
20014	11	2	553	9	0	575
20015	542	0	13	5	0	560
20016	12	545	10	4	0	571
20017	11	10	3	556	0	580
20018	4	8	1	563	0	576
20019	564	1	1	23	0	589
20020	13	2	1	576	0	592
20021	11	0	2	563	0	576
20022	3	1	1	576	0	581
20023	554	0	1	23	0	578
20024	10	0	551	13	0	574
20025	552	1	10	5	0	568
20026	553	1	8	5	0	567
20027	567	0	4	5	0	576
20028	20	2	4	546	0	572
20029	12	1	562	12	0	587
20030	5	541	10	8	0	564
20031	2	554	10	4	0	570
20032	3	498	2	3	0	506
20033	4	8	503	1	0	516
20034	2	3	6	578	0	589
20035	591	1	2	11	0	605
20036	649	0	2	7	0	658
20037	14	1	0	665	0	680
20038	6	1	655	11	0	673
20039	2	1	651	6	0	660
20040	3	1	12	661	0	677
20041	1	1	669	9	0	680
20042	2	2	9	663	0	676
20043	3	0	7	649	0	659
20044	3	651	4	13	0	671
20045	3	6	2	659	0	670
20046	3	7	2	688	0	700
20047	671	3	3	18	0	695
20048	7	1	4	686	0	698
20049	11	1	3	677	0	692
20050	659	2	2	19	0	682
20051	8	664	4	13	0	689
20052	679	8	0	8	0	695
20053	13	7	661	5	0	686
20054	663	5	10	4	0	682
20055	667	0	9	8	0	684
20056	19	0	652	6	0	677
20057	16	2	659	2	0	679
20058	8	2	19	640	0	669
20059	645	1	14	17	0	677
20060	14	0	644	10	0	668
20061	15	3	9	640	0	667
20062	10	0	632	11	0	653
20063	4	0	18	634	0	656
20064	7	1	13	640	0	661
20065	623	3	7	26	0	659
20066	622	3	6	21	0	652
20067	645	0	6	6	0	657
20068	23	2	632	8	0	665
20069	17	1	634	7	0	659
20070	8	1	24	632	0	665
20071	9	3	14	638	0	664
20072	6	4	10	657	0	677
20073	628	2	5	23	0	658
20074	13	639	6	17	0	675
20075	630	8	4	10	0	652
20076	612	10	1	11	0	634
20077	23	605	4	8	0	640
20078	14	622	6	10	0	652
20079	619	15	7	7	0	648
20080	10	13	3	604	0	630
20081	16	605	5	16	0	642
20082	8	10	4	620	0	642
20083	12	12	603	14	0	641
20084	11	6	9	615	0	641
20085	611	1	10	18	0	640
20086	16	2	597	19	0	634
20087	18	1	597	9	0	625
20088	13	9	23	559	0	604
20089	7	561	18	15	0	601
20090	7	570	9	19	0	605
20091	8	593	8	9	0	618
20092	573	14	4	13	0	604
20093	568	11	5	13	0	597
20094	565	3	4	9	0	581
20095	21	560	5	8	0	594
20096	575	4	4	13	0	596
20097	558	8	6	12	0	584
20098	17	5	549	11	0	582
20099	16	536	7	8	0	567
20100	10	7	13	534	0	564
20101	541	8	5	12	0	566
20102	13	5	532	13	0	563
20103	15	4	10	516	0	545
20104	8	526	16	11	0	561
20105	7	6	8	532	0	553
20106	13	7	4	525	0	549
20107	530	4	7	16	0	557
20108	525	1	9	17	0	552
20109	17	3	5	528	0	553
20110	14	5	517	13	0	549
20111	9	1	507	16	0	533
20112	497	4	16	14	0	531
20113	10	1	514	8	0	533
20114	17	2	7	479	0	505
20115	11	486	11	11	0	519
20116	482	8	6	12	0	508
20117	12	496	7	7	0	522
20118	502	7	6	4	0	519
20119	13	9	10	488	0	520
20120	14	4	7	494	0	519
20121	488	4	6	18	0	516
20122	492	4	4	20	0	520
20123	19	5	3	493	0	520
20124	22	3	2	483	0	510
20125	12	11	476	11	0	510
20126	10	6	472	11	0	499
20127	476	5	13	5	0	499
20128	12	6	471	5	0	494
20129	456	4	8	10	0	478
20130	458	7	6	9	0	480
20131	15	3	446	11	0	475
20132	15	426	8	6	0	455
20133	7	424	14	5	0	450
20134	4	6	321	2	0	333
20135	14	36	13	252	0	315
20136	238	2	8	6	0	254
20137	226	0	0	3	0	229
20138	258	0	0	2	0	260
20139	304	0	0	0	0	304
20140	317	0	0	2	0	319
20141	10	317	0	0	0	327
20142	323	7	0	0	0	330
20143	8	319	0	0	0	327
20144	315	8	0	0	0	323
20145	10	3	307	2	0	322
20146	3	0	8	296	0	307
20147	0	1	1	299	0	301
20148	1	300	0	9	0	310
20149	302	10	0	3	0	315
20150	311	1	0	0	0	312
20151	11	0	1	298	0	310
20152	1	0	0	310	0	311
20153	295	0	0	10	0	305
20154	9	1	0	296	0	306
20155	4	0	0	302	0	306
20156	294	0	0	10	0	304
20157	9	0	0	293	0	302
20158	289	0	0	12	0	301
20159	295	0	0	2	0	297
20160	10	0	284	1	0	295
20161	285	0	8	3	0	296
20162	287	0	1	1	0	289
20163	290	0	0	1	0	291
20164	11	0	275	0	0	286
20165	3	0	9	269	0	281
20166	1	0	2	281	0	284
20167	1	1	266	10	0	278
20168	269	0	9	1	0	279
20169	12	0	1	258	0	271
20170	1	0	258	10	0	269
20171	1	0	272	2	0	275
20172	1	1	11	262	0	275
20173	1	0	270	9	0	280
20174	4	0	10	264	0	278
20175	2	0	1	277	0	280
20176	1	1	268	10	0	280
20177	3	0	10	263	0	276
20178	1	269	1	8	0	279
20179	2	276	1	1	0	280
20180	263	11	0	5	0	279
20181	274	1	0	2	0	277
20182	10	269	1	0	0	280
20183	268	10	0	1	0	279
20184	271	2	2	2	0	277
20185	12	1	0	266	0	279
20186	6	0	0	275	0	281
20187	262	2	1	11	0	276
20188	11	257	0	1	0	269
20189	4	266	1	0	0	271
20190	7	10	0	259	0	276
20191	1	3	259	12	0	275
20192	251	0	10	5	0	266
20193	255	3	1	1	0	260
20194	253	4	0	1	0	258
20195	13	238	4	0	0	255
20196	4	11	0	244	0	259
20197	7	2	1	248	0	258
20198	240	2	2	11	0	255
20199	14	242	1	3	0	260
20200	7	8	0	246	0	261
20201	2	4	0	256	0	262
20202	6	1	0	254	0	261
20203	249	0	1	13	0	263
20204	11	245	0	7	0	263
20205	8	9	0	230	0	247
20206	7	240	3	9	0	259
20207	242	8	0	6	0	256
20208	12	1	234	5	0	252
20209	243	0	9	0	0	252
20210	8	3	236	4	0	251
20211	5	4	8	217	0	234
20212	221	2	2	11	0	236
20213	11	0	219	3	0	233
20214	216	0	10	1	0	227
20215	228	0	2	5	0	235
20216	227	0	4	2	0	233
20217	9	3	6	213	0	231
20218	5	0	0	217	0	222
20219	3	0	3	222	0	228
20220	211	0	5	12	0	228
20221	9	215	2	5	0	231
20222	217	8	2	6	0	233
20223	222	1	4	5	0	232
20224	10	2	213	5	0	230
20225	214	2	7	7	0	230
20226	227	1	6	2	0	236
20227	12	1	1	218	0	232
20228	3	6	0	221	0	230
20229	4	3	3	221	0	231
20230	214	0	3	10	0	227
20231	224	0	0	3	0	227
20232	211	3	2	2	0	218
20233	13	195	1	3	0	212
20234	3	196	0	1	0	200
20235	0	203	1	3	0	207
20236	197	7	0	4	0	208
20237	11	1	197	0	0	209
20238	5	1	163	3	0	172
20239	101	0	2	1	0	104
20240	2	0	116	1	0	119
20241	0	0	0	89	0	89
20242	1	92	0	0	0	93
20243	94	1	0	0	0	95
20244	95	0	0	0	0	95
20245	94	0	0	0	0	94
20246	0	0	1	110	0	111
20247	1	1	113	0	0	115
20248	1	1	113	0	0	115
20249	112	0	0	1	0	113
20250	117	0	0	1	0	118
20251	111	0	0	1	0	112
20252	1	0	0	117	0	118
20253	1	0	0	118	0	119
20254	1	0	120	0	0	121
20255	120	1	0	0	0	121
20256	0	1	0	124	0	125
20257	0	1	0	127	0	128
20258	1	0	0	125	0	126
20259	0	124	1	0	0	125
20260	0	0	0	128	0	128
20261	1	0	0	128	0	129
20262	127	0	1	0	0	128
20263	0	0	125	1	0	126
20264	115	1	0	2	0	118
20265	125	0	0	0	0	125
20266	1	0	0	124	0	125
20267	1	0	0	124	0	125
20268	124	0	0	1	0	125
20269	0	0	124	0	0	124
20270	0	118	1	0	0	119
20271	1	0	0	119	0	120
20272	120	0	0	1	0	121
20273	1	0	0	118	0	119
20274	0	0	118	1	0	119
20275	0	0	118	1	0	119
20276	118	0	1	1	0	120
20277	1	0	0	127	0	128
20278	0	0	126	1	0	127
20279	119	0	0	0	0	119
20280	130	0	0	0	0	130
20281	0	0	0	132	0	132
20282	0	0	0	130	0	130
20283	0	132	0	0	0	132
20284	136	0	0	0	0	136
20285	0	0	0	135	0	135
20286	0	0	0	139	0	139
20287	0	0	142	0	0	142
20288	134	0	0	0	0	134
20289	142	0	0	0	0	142
20290	0	138	0	0	0	138
20291	0	0	138	0	0	138
20292	0	0	132	0	0	132
20293	0	0	0	133	0	133
20294	141	0	0	1	0	142
20295	0	0	0	140	0	140
20296	143	0	0	1	0	144
20297	139	0	0	1	0	140
20298	139	0	0	1	0	140
20299	1	0	0	133	0	134
20300	0	0	0	138	0	138
20301	139	0	0	0	0	139
20302	0	0	142	0	0	142
20303	127	0	0	1	0	128
20304	135	0	0	0	0	135
20305	0	0	138	0	0	138
20306	0	0	132	0	0	132
20307	0	136	0	0	0	136
20308	0	0	0	138	0	138
20309	133	0	0	0	0	133
20310	0	0	0	140	0	140
20311	0	0	145	0	0	145
20312	0	140	0	0	0	140
20313	0	142	0	0	0	142
20314	0	0	0	146	0	146
20315	0	0	0	138	0	138
20316	0	138	0	0	0	138
20317	0	1	136	0	0	137
20318	129	0	0	2	0	131
20319	140	0	0	0	0	140
20320	0	140	0	0	0	140
20321	135	0	0	1	0	136
20322	0	0	0	131	0	131
20323	131	0	0	1	0	132
20324	0	0	0	131	0	131
20325	0	132	1	1	0	134
20326	0	0	133	0	0	133
20327	0	0	0	145	0	145
20328	0	0	0	148	0	148
20329	0	0	0	155	0	155
20330	154	0	0	0	0	154
20331	0	0	0	153	0	153
20332	1	2	162	0	0	165
20333	1	0	162	1	0	164
20334	169	0	1	2	0	172
20335	0	0	172	1	0	173
20336	180	0	0	1	0	181
20337	0	0	1	191	0	192
20338	1	0	0	203	0	204
20339	0	0	0	217	0	217
20340	1	0	0	213	0	214
20341	209	0	1	4	0	214
20342	1	1	209	1	0	212
20343	1	0	1	202	0	204
20344	0	212	1	1	0	214
20345	206	1	0	1	0	208
20346	3	2	0	193	0	198
20347	191	0	0	1	0	192
20348	1	0	185	2	0	188
20349	2	0	1	187	0	190
20350	0	189	2	1	0	192
20351	189	1	0	3	0	193
20352	1	1	193	0	0	195
20353	3	0	1	187	0	191
20354	0	1	2	189	0	192
20355	187	0	0	3	0	190
20356	1	0	183	2	0	186
20357	3	0	185	1	0	189
20358	2	0	2	183	0	187
20359	0	0	185	2	0	187
20360	0	1	184	2	0	187
20361	2	0	4	177	0	183
20362	1	0	3	184	0	188
20363	1	0	1	196	0	198
20364	191	0	1	6	0	198
20365	3	199	1	3	0	206
20366	201	1	1	3	0	206
20367	3	2	1	200	0	206
20368	3	203	0	5	0	211
20369	1	2	0	212	0	215
20370	213	2	2	5	0	222
20371	2	224	1	5	0	232
20372	4	4	0	225	0	233
20373	1	3	231	3	0	238
20374	230	0	4	3	0	237
20375	3	1	2	231	0	237
20376	5	1	1	231	0	238
20377	1	0	231	6	0	238
20378	1	2	228	4	0	235
20379	224	0	4	1	0	229
20380	4	216	4	0	0	224
20381	2	4	2	219	0	227
20382	218	3	0	7	0	228
20383	5	0	218	3	0	226
20384	5	215	6	0	0	226
20385	0	3	3	223	0	229
20386	223	2	0	7	0	232
20387	219	0	1	4	0	224
20388	222	0	3	1	0	226
20389	7	215	2	1	0	225
20390	2	4	216	3	0	225
20391	0	2	4	224	0	230
20392	3	2	4	209	0	218
20393	3	2	0	224	0	229
20394	2	1	0	220	0	223
20395	219	0	0	8	0	227
20396	217	1	1	3	0	222
20397	5	3	211	1	0	220
20398	5	1	209	1	0	216
20399	215	2	5	1	0	223
20400	217	1	3	1	0	222
20401	5	0	0	211	0	216
20402	4	211	0	4	0	219
20403	214	4	1	3	0	222
20404	3	211	0	5	0	219
20405	3	207	3	1	0	214
20406	2	6	2	218	0	228
20407	1	2	3	220	0	226
20408	2	1	1	224	0	228
20409	3	1	1	226	0	231
20410	2	0	215	7	0	224
20411	209	0	5	5	0	219
20412	213	4	4	0	0	221
20413	7	2	0	205	0	214
20414	5	1	1	208	0	215
20415	210	1	2	6	0	219
20416	5	2	197	4	0	208
20417	208	0	3	5	0	216
20418	212	2	2	2	0	218
20419	7	1	205	2	0	215
20420	218	1	5	3	0	227
20421	5	1	3	226	0	235
20422	4	0	0	228	0	232
20423	4	0	0	226	0	230
20424	3	0	1	227	0	231
20425	214	1	2	7	0	224
20426	4	1	3	216	0	224
20427	5	0	3	199	0	207
20428	5	188	1	5	0	199
20429	3	193	1	3	0	200
20430	3	3	1	195	0	202
20431	192	2	1	6	0	201
20432	6	0	2	182	0	190
20433	2	0	177	3	0	182
20434	2	1	163	2	0	168
20435	161	1	5	1	0	168
20436	4	159	0	2	0	165
20437	139	3	4	1	0	147
20438	4	3	135	0	0	142
20439	2	5	2	119	0	128
20440	117	0	1	5	0	123
20441	4	117	0	1	0	122
20442	117	2	0	0	0	119
20443	3	2	135	0	0	140
20444	0	0	3	134	0	137
20445	0	0	0	139	0	139
20446	139	0	0	3	0	142
20447	145	0	0	1	0	146
20448	144	0	0	1	0	145
20449	148	0	0	1	0	149
20450	144	0	0	2	0	146
20451	2	147	1	0	0	150
20452	0	2	1	145	0	148
20453	152	0	0	2	0	154
20454	3	0	0	148	0	151
20455	0	0	0	147	0	147
20456	0	1	0	151	0	152
20457	1	146	1	2	0	150
20458	145	3	0	1	0	149
20459	2	1	0	143	0	146
20460	144	0	0	3	0	147
20461	143	0	0	1	0	144
20462	2	138	1	1	0	142
20463	138	2	0	1	0	141
20464	2	0	136	0	0	138
20465	130	0	1	1	0	132
20466	4	0	1	131	0	136
20467	0	0	131	1	0	132
20468	0	131	1	0	0	132
20469	0	1	128	0	0	129
20470	0	120	1	0	0	121
20471	111	2	1	1	0	115
20472	109	0	2	1	0	112
20473	107	0	0	0	0	107
20474	1	107	1	0	0	109
20475	108	1	0	0	0	109
20476	1	1	110	0	0	112
20477	0	1	106	0	0	107
20478	0	1	1	104	0	106
20479	1	0	0	111	0	112
20480	0	112	0	0	0	112
20481	115	0	0	0	0	115
20482	0	0	0	114	0	114
20483	0	114	0	0	0	114
20484	0	0	0	115	0	115
20485	112	0	0	1	0	113
20486	105	0	0	1	0	106
20487	0	0	107	0	0	107
20488	0	0	0	106	0	106
20489	0	1	104	0	0	105
20490	0	0	0	106	0	106
20491	0	0	104	0	0	104
20492	0	0	0	107	0	107
20493	0	1	102	0	0	103
20494	0	0	0	106	0	106
20495	0	0	113	0	0	113
20496	0	0	0	111	0	111
20497	0	0	0	113	0	113
20498	0	120	0	1	0	121
20499	0	1	0	121	0	122
20500	0	0	126	1	0	127
20501	0	0	1	124	0	125
20502	0	0	0	122	0	122
20503	121	0	0	1	0	122
20504	1	0	0	119	0	120
20505	0	0	0	116	0	116
20506	0	0	115	1	0	116
20507	119	0	0	0	0	119
20508	1	0	0	119	0	120
20509	0	0	0	120	0	120
20510	0	0	0	121	0	121
20511	122	0	0	1	0	123
20512	0	0	0	123	0	123
20513	1	0	0	123	0	124
20514	121	0	0	2	0	123
20515	1	118	0	0	0	119
20516	0	1	0	118	0	119
20517	0	0	0	122	0	122
20518	0	0	120	1	0	121
20519	102	0	1	0	0	103
20520	1	0	0	114	0	115
20521	0	0	109	1	0	110
20522	105	0	1	0	0	106
20523	1	0	0	111	0	112
20524	0	0	0	118	0	118
20525	0	0	0	115	0	115
20526	1	0	0	119	0	120
20527	0	0	122	1	0	123
20528	2	0	2	119	0	123
20529	0	0	0	159	0	159
20530	0	0	188	2	0	190
20531	184	0	5	2	0	191
20532	196	0	2	2	0	200
20533	199	0	1	0	0	200
20534	8	0	1	194	0	203
20535	195	0	0	6	0	201
20536	201	0	0	2	0	203
20537	10	0	1	200	0	211
20538	204	0	0	8	0	212
20539	212	0	0	2	0	214
20540	208	0	0	5	0	213
20541	211	0	0	4	0	215
20542	12	0	0	201	0	213
20543	7	184	0	6	0	197
20544	4	185	0	2	0	191
20545	4	192	0	2	0	198
20546	184	9	0	3	0	196
20547	189	5	0	2	0	196
20548	10	3	181	2	0	196
20549	185	3	7	1	0	196
20550	12	2	3	182	0	199
20551	7	2	1	186	0	196
20552	4	1	3	190	0	198
20553	183	0	0	12	0	195
20554	8	1	1	183	0	193
20555	4	175	1	8	0	188
20556	3	8	0	183	0	194
20557	3	3	176	8	0	190
20558	1	1	8	182	0	192
20559	180	1	3	10	0	194
20560	10	0	180	6	0	196
20561	4	1	9	188	0	202
20562	3	1	3	188	0	195
20563	5	0	2	186	0	193
20564	2	185	4	11	0	202
20565	3	6	0	193	0	202
20566	188	3	1	11	0	203
20567	194	1	2	8	0	205
20568	12	2	188	3	0	205
20569	6	0	193	5	0	204
20570	5	1	10	194	0	210
20571	2	2	5	207	0	216
20572	2	1	204	12	0	219
20573	3	1	9	189	0	202
20574	2	194	3	9	0	208
20575	204	8	3	4	0	219
20576	204	3	2	4	0	213
20577	208	1	0	5	0	214
20578	10	1	205	2	0	218
20579	6	0	9	205	0	220
20580	3	2	204	9	0	218
20581	199	2	8	4	0	213
20582	9	205	5	3	0	222
20583	6	8	1	209	0	224
20584	204	3	4	9	0	220
20585	9	2	3	203	0	217
20586	5	2	0	213	0	220
20587	4	0	201	12	0	217
20588	198	1	8	6	0	213
20589	5	201	4	5	0	215
20590	8	7	1	203	0	219
20591	201	2	3	9	0	215
20592	9	2	0	208	0	219
20593	203	1	2	11	0	217
20594	11	201	2	7	0	221
20595	207	8	0	2	0	217
20596	11	4	203	4	0	222
20597	209	1	8	3	0	221
20598	207	2	4	3	0	216
20599	218	0	1	4	0	223
20600	11	1	3	203	0	218
20601	9	2	0	208	0	219
20602	6	1	0	206	0	213
20603	4	200	1	12	0	217
20604	209	6	0	6	0	221
20605	10	3	1	205	0	219
20606	6	2	2	207	0	217
20607	2	3	1	210	0	216
20608	199	2	1	11	0	213
20609	8	2	1	202	0	213
20610	6	3	189	9	0	207
20611	2	192	5	8	0	207
20612	6	6	3	197	0	212
20613	1	3	2	202	0	208
20614	3	2	2	202	0	209
20615	2	2	196	13	0	213
20616	2	0	195	10	0	207
20617	1	2	9	198	0	210
20618	2	2	207	11	0	222
20619	3	1	8	216	0	228
20620	213	1	5	12	0	231
20621	223	0	2	8	0	233
20622	226	1	5	2	0	234
20623	11	0	214	6	0	231
20624	207	0	8	2	0	217
20625	12	0	5	219	0	236
20626	7	1	207	9	0	224
20627	4	1	213	4	0	222
20628	3	205	7	6	0	221
20629	1	173	4	3	0	181
20630	142	3	3	0	0	148
20631	2	0	1	138	0	141
20632	1	0	138	1	0	140
20633	1	0	2	139	0	142
20634	142	0	0	3	0	145
20635	2	0	157	0	0	159
20636	152	0	2	1	0	155
20637	165	0	1	1	0	167
20638	159	0	1	1	0	161
20639	3	156	0	0	0	159
20640	162	2	0	0	0	164
20641	3	1	0	159	0	163
20642	3	1	0	163	0	167
20643	1	0	0	167	0	168
20644	0	0	0	164	0	164
20645	163	0	0	4	0	167
20646	2	156	0	2	0	160
20647	0	139	0	1	0	140
20648	1	163	0	0	0	164
20649	164	1	0	0	0	165
20650	167	1	0	1	0	169
20651	167	1	0	0	0	168
20652	166	0	0	0	0	166
20653	1	0	0	166	0	167
20654	1	0	0	166	0	167
20655	164	0	0	0	0	164
20656	0	165	0	1	0	166
20657	162	0	0	2	0	164
20658	167	1	0	1	0	169
20659	1	1	0	160	0	162
20660	2	165	0	0	0	167
20661	2	1	0	169	0	172
20662	169	1	0	2	0	172
20663	1	1	174	1	0	177
20664	1	0	1	169	0	171
20665	1	169	1	1	0	172
20666	167	1	1	4	0	173
20667	161	1	0	1	0	163
20668	2	1	168	0	0	171
20669	2	154	1	0	0	157
20670	1	2	171	0	0	174
20671	1	1	2	167	0	171
20672	0	1	168	1	0	170
20673	0	0	170	1	0	171
20674	0	168	2	1	0	171
20675	163	2	2	1	0	168
20676	170	1	1	2	0	174
20677	2	177	0	0	0	179
20678	2	179	0	0	0	181
20679	1	2	174	0	0	177
20680	0	2	166	0	0	168
20681	0	1	170	0	0	171
20682	0	0	3	169	0	172
20683	0	0	171	1	0	172
20684	1	0	2	165	0	168
20685	0	0	1	157	0	158
20686	0	0	167	2	0	169
20687	0	165	1	2	0	168
20688	1	1	1	164	0	167
20689	162	1	1	1	0	165
20690	1	2	0	164	0	167
20691	1	0	168	3	0	172
20692	1	165	1	2	0	169
20693	0	173	1	1	0	175
20694	0	2	1	164	0	167
20695	162	2	0	2	0	166
20696	157	1	0	4	0	162
20697	3	0	0	160	0	163
20698	2	168	0	1	0	171
20699	1	1	0	165	0	167
20700	1	1	0	168	0	170
20701	0	1	0	169	0	170
20702	180	0	0	6	0	186
20703	2	186	0	2	0	190
20704	184	2	0	2	0	188
20705	184	1	0	2	0	187
20706	187	1	0	1	0	189
20707	195	0	0	0	0	195
20708	4	0	0	189	0	193
20709	2	0	190	2	0	194
20710	1	191	2	1	0	195
20711	197	2	1	2	0	202
20712	198	1	1	1	0	201
20713	208	1	0	0	0	209
20714	3	1	204	0	0	208
20715	200	0	2	1	0	203
20716	206	0	1	0	0	207
20717	4	0	1	201	0	206
20718	2	0	198	2	0	202
20719	1	192	3	1	0	197
20720	0	2	1	191	0	194
20721	185	1	1	2	0	189
20722	2	2	0	185	0	189
20723	1	0	0	193	0	194
20724	188	0	0	4	0	192
20725	2	0	186	2	0	190
20726	185	0	2	3	0	190
20727	182	0	1	1	0	184
20728	184	0	1	1	0	186
20729	182	0	0	1	0	183
20730	3	0	170	0	0	173
20731	1	0	2	173	0	176
20732	1	1	176	2	0	180
20733	0	1	2	170	0	173
20734	1	0	169	2	0	172
20735	148	0	2	1	0	151
20736	4	148	1	0	0	153
20737	3	153	0	0	0	156
20738	2	2	0	164	0	168
20739	0	2	2	165	0	169
20740	2	173	0	4	0	179
20741	174	4	0	1	0	179
20742	181	1	0	2	0	184
20743	185	0	1	1	0	187
20744	191	1	1	1	0	194
20745	7	0	1	186	0	194
20746	5	1	0	190	0	196
20747	192	1	0	9	0	202
20748	9	0	1	188	0	198
20749	4	1	184	6	0	195
20750	1	0	189	2	0	192
20751	4	1	7	187	0	199
20752	3	0	186	8	0	197
20753	184	0	7	5	0	196
20754	9	0	2	184	0	195
20755	184	1	1	9	0	195
20756	7	1	188	4	0	200
20757	3	0	8	187	0	198
20758	1	0	188	8	0	197
20759	2	186	6	4	0	198
20760	188	5	2	2	0	197
20761	188	2	2	2	0	194
20762	7	186	2	1	0	196
20763	179	6	0	5	0	190
20764	6	0	1	184	0	191
20765	4	1	0	187	0	192
20766	180	1	1	8	0	190
20767	6	181	0	2	0	189
20768	3	181	1	1	0	186
20769	4	5	0	177	0	186
20770	171	2	1	7	0	181
20771	175	0	1	1	0	177
20772	171	1	2	2	0	176
20773	7	1	166	3	0	177
20774	2	0	173	1	0	176
20775	1	165	6	4	0	176
20776	165	7	2	3	0	177
20777	9	1	0	161	0	171
20778	161	0	2	8	0	171
20779	167	0	1	2	0	170
20780	9	0	2	158	0	169
20781	0	2	162	7	0	171
20782	160	0	6	3	0	169
20783	8	1	2	166	0	177
20784	0	3	164	7	0	174
20785	168	0	6	0	0	174
20786	169	0	1	3	0	173
20787	8	1	0	163	0	172
20788	4	1	162	6	0	173
20789	1	0	5	165	0	171
20790	1	161	1	7	0	170
20791	4	5	171	3	0	183
20792	1	172	6	2	0	181
20793	168	6	2	1	0	177
20794	175	0	2	2	0	179
20795	169	1	1	6	0	177
20796	173	0	2	0	0	175
20797	8	2	1	166	0	177
20798	159	2	1	7	0	169
20799	7	0	2	159	0	168
20800	155	3	1	6	0	165
20801	10	152	0	2	0	164
20802	2	5	0	134	0	141
20803	2	131	1	4	0	138
20804	136	4	0	0	0	140
20805	138	0	0	4	0	142
20806	5	131	1	1	0	138
20807	3	4	0	130	0	137
20808	2	1	126	5	0	134
20809	0	2	5	125	0	132
20810	1	1	123	6	0	131
20811	1	0	4	115	0	120
20812	2	119	0	4	0	125
20813	115	4	1	1	0	121
20814	116	2	1	0	0	119
20815	5	0	0	115	0	120
20816	115	1	1	4	0	121
20817	6	0	0	116	0	122
20818	1	0	0	117	0	118
20819	1	0	0	121	0	122
20820	113	1	0	6	0	120
20821	114	0	0	3	0	117
20822	119	0	0	0	0	119
20823	4	108	0	2	0	114
20824	106	4	0	3	0	113
20825	4	106	1	1	0	112
20826	112	4	0	1	0	117
20827	6	0	0	111	0	117
20828	3	1	0	112	0	116
20829	109	0	1	5	0	115
20830	113	0	1	1	0	115
20831	4	111	0	1	0	116
20832	107	4	2	0	0	113
20833	4	2	0	106	0	112
20834	2	1	0	110	0	113
20835	107	0	0	7	0	114
20836	5	0	107	1	0	113
20837	2	93	3	0	0	98
20838	2	3	0	86	0	91
20839	1	0	82	3	0	86
20840	1	0	1	79	0	81
20841	79	0	0	3	0	82
20842	1	68	0	1	0	70
20843	2	61	0	1	0	64
20844	1	54	0	0	0	55
20845	1	2	0	52	0	55
20846	54	0	2	0	0	56
20847	1	1	0	48	0	50
20848	50	0	0	1	0	51
20849	50	0	0	0	0	50
20850	0	0	0	52	0	52
20851	51	0	0	0	0	51
20852	0	0	0	50	0	50
20853	0	0	52	0	0	52
20854	47	0	0	0	0	47
20855	0	0	57	0	0	57
20856	53	0	0	0	0	53
20857	0	0	55	0	0	55
20858	0	0	0	52	0	52
20859	0	0	1	52	0	53
20860	52	0	0	0	0	52
20861	0	0	0	55	0	55
20862	56	0	0	0	0	56
20863	0	55	0	0	0	55
20864	57	0	0	0	0	57
20865	0	0	0	60	0	60
20866	0	0	0	60	0	60
20867	0	0	0	61	0	61
20868	0	0	0	61	0	61
20869	0	0	61	0	0	61
20870	0	0	62	0	0	62
20871	0	0	0	65	0	65
20872	0	0	63	0	0	63
20873	0	64	0	0	0	64
20874	0	0	0	65	0	65
20875	0	0	66	0	0	66
20876	0	0	61	0	0	61
20877	0	0	0	65	0	65
20878	0	0	0	64	0	64
20879	0	64	0	0	0	64
20880	0	0	0	66	0	66
20881	0	0	63	0	0	63
20882	60	0	0	0	0	60
20883	0	0	0	61	0	61
20884	63	0	0	1	0	64
20885	64	0	0	0	0	64
20886	64	0	0	0	0	64
20887	0	0	62	0	0	62
20888	0	0	65	0	0	65
20889	61	0	0	0	0	61
20890	0	0	64	0	0	64
20891	0	0	0	58	0	58
20892	0	0	0	60	0	60
20893	0	0	63	0	0	63
20894	0	63	0	0	0	63
20895	59	1	0	1	0	61
20896	0	63	0	0	0	63
20897	0	64	0	0	0	64
20898	65	0	0	0	0	65
20899	0	0	68	0	0	68
20900	0	0	64	0	0	64
20901	0	0	0	65	0	65
20902	66	0	0	0	0	66
20903	0	68	0	0	0	68
20904	69	0	0	1	0	70
20905	0	0	70	0	0	70
20906	0	71	0	0	0	71
20907	0	0	0	76	0	76
20908	0	0	81	0	0	81
20909	1	0	0	79	0	80
20910	0	0	0	74	0	74
20911	0	0	0	82	0	82
20912	0	0	0	82	0	82
20913	79	0	0	0	0	79
20914	80	0	0	0	0	80
20915	0	0	82	0	0	82
20916	78	0	0	0	0	78
20917	0	77	1	0	0	78
20918	78	0	0	1	0	79
20919	0	0	81	0	0	81
20920	0	0	0	81	0	81
20921	0	0	84	0	0	84
20922	0	0	81	0	0	81
20923	2	0	0	82	0	84
20924	0	0	0	80	0	80
20925	0	0	83	0	0	83
20926	0	79	0	0	0	79
20927	0	78	0	0	0	78
20928	1	0	0	82	0	83
20929	80	0	0	0	0	80
20930	0	86	0	0	0	86
20931	2	0	83	0	0	85
20932	0	0	82	0	0	82
20933	0	0	85	1	0	86
20934	1	0	0	80	0	81
20935	83	1	0	2	0	86
20936	1	85	0	0	0	86
20937	0	0	87	0	0	87
20938	0	85	0	0	0	85
20939	0	0	0	87	0	87
20940	0	0	90	0	0	90
20941	0	87	0	1	0	88
20942	1	0	0	87	0	88
20943	0	0	0	92	0	92
20944	0	0	94	1	0	95
20945	1	0	0	87	0	88
20946	1	90	0	1	0	92
20947	0	0	93	0	0	93
20948	90	0	0	0	0	90
20949	0	2	0	89	0	91
20950	1	0	0	85	0	86
20951	0	89	1	0	0	90
20952	90	0	0	1	0	91
20953	0	0	89	0	0	89
20954	86	0	1	0	0	87
20955	1	1	0	80	0	82
20956	0	82	0	1	0	83
20957	0	0	1	83	0	84
20958	0	1	0	87	0	88
20959	85	1	0	1	0	87
20960	86	0	0	1	0	87
20961	1	0	0	87	0	88
20962	0	1	86	0	0	87
20963	76	0	1	0	0	77
20964	0	88	1	0	0	89
20965	0	0	0	85	0	85
20966	2	0	0	82	0	84
20967	2	0	0	83	0	85
20968	0	1	85	0	0	86
20969	0	0	1	81	0	82
20970	0	87	0	0	0	87
20971	0	0	0	82	0	82
20972	0	85	1	0	0	86
20973	0	1	0	85	0	86
20974	1	0	85	1	0	87
20975	79	0	0	2	0	81
20976	0	0	1	87	0	88
20977	0	0	90	1	0	91
20978	0	93	0	0	0	93
20979	93	0	1	0	0	94
20980	1	0	92	0	0	93
20981	89	0	0	1	0	90
20982	0	0	0	95	0	95
20983	0	1	0	95	0	96
20984	1	95	0	0	0	96
20985	93	0	1	0	0	94
20986	95	0	0	0	0	95
20987	0	100	0	1	0	101
20988	0	1	0	100	0	101
20989	0	0	0	101	0	101
20990	0	0	0	98	0	98
20991	1	0	98	0	0	99
20992	96	0	0	0	0	96
20993	0	0	0	100	0	100
20994	0	0	1	97	0	98
20995	1	0	98	0	0	99
20996	0	1	97	0	0	98
20997	0	0	0	105	0	105
20998	0	0	106	1	0	107
20999	101	0	1	1	0	103
21000	0	0	1	103	0	104
21001	1	1	0	100	0	102
21002	0	0	107	0	0	107
21003	0	2	0	104	0	106
21004	0	0	105	0	0	105
21005	0	103	0	0	0	103
21006	91	0	2	0	0	93
21007	88	1	0	0	0	89
21008	0	86	0	0	0	86
21009	0	0	0	89	0	89
21010	0	0	95	0	0	95
21011	0	0	0	95	0	95
21012	93	0	0	1	0	94
21013	0	95	0	0	0	95
21014	96	0	0	0	0	96
21015	0	0	0	93	0	93
21016	94	0	0	0	0	94
21017	0	94	0	0	0	94
21018	94	0	0	0	0	94
21019	1	0	95	0	0	96
21020	0	96	0	0	0	96
21021	0	0	0	94	0	94
21022	94	0	0	2	0	96
21023	95	0	0	0	0	95
21024	1	0	0	95	0	96
21025	99	0	0	1	0	100
21026	98	0	0	1	0	99
21027	101	0	0	1	0	102
21028	0	0	0	101	0	101
21029	0	0	101	0	0	101
21030	0	0	94	0	0	94
21031	0	0	96	0	0	96
21032	93	0	0	1	0	94
21033	0	0	0	102	0	102
21034	0	102	0	0	0	102
21035	0	0	0	102	0	102
21036	0	101	0	0	0	101
21037	101	0	0	2	0	103
21038	0	0	0	102	0	102
21039	0	0	0	104	0	104
21040	106	0	0	0	0	106
21041	0	0	0	107	0	107
21042	0	0	0	110	0	110
21043	118	0	0	1	0	119
21044	0	0	125	0	0	125
21045	0	0	0	125	0	125
21046	0	0	124	0	0	124
21047	122	0	1	0	0	123
21048	0	0	0	128	0	128
21049	123	0	1	0	0	124
21050	2	0	0	126	0	128
21051	0	0	132	1	0	133
21052	1	0	0	137	0	138
21053	140	0	0	1	0	141
21054	0	146	1	0	0	147
21055	0	0	143	1	0	144
21056	137	0	0	1	0	138
21057	0	144	1	0	0	145
21058	0	145	1	0	0	146
21059	1	157	0	0	0	158
21060	1	2	0	163	0	166
21061	161	0	0	0	0	161
21062	162	1	0	0	0	163
21063	0	0	159	1	0	160
21064	152	0	1	0	0	153
21065	2	154	0	0	0	156
21066	0	1	1	168	0	170
21067	175	0	0	1	0	176
21068	174	1	0	0	0	175
21069	176	0	0	1	0	177
21070	173	0	0	0	0	173
21071	169	0	0	1	0	170
21072	3	0	0	169	0	172
21073	1	0	174	1	0	176
21074	1	0	1	172	0	174
21075	1	0	0	175	0	176
21076	173	0	1	2	0	176
21077	1	169	0	1	0	171
21078	168	1	0	1	0	170
21079	171	0	0	1	0	172
21080	176	1	0	1	0	178
21081	183	0	0	1	0	184
21082	2	0	177	0	0	179
21083	173	0	1	0	0	174
21084	179	0	0	2	0	181
21085	167	0	1	1	0	169
21086	180	0	0	0	0	180
21087	2	0	0	177	0	179
21088	1	0	175	1	0	177
21089	170	0	1	0	0	171
21090	1	175	0	1	0	177
21091	0	1	1	180	0	182
21092	1	184	0	0	0	185
21093	0	2	0	189	0	191
21094	194	0	0	2	0	196
21095	194	1	0	0	0	195
21096	193	0	0	1	0	194
21097	2	0	189	0	0	191
21098	182	0	1	1	0	184
21099	2	0	189	0	0	191
21100	0	0	183	0	0	183
21101	1	0	185	1	0	187
21102	1	0	3	182	0	186
21103	1	0	1	187	0	189
21104	0	0	3	190	0	193
21105	1	0	0	190	0	191
21106	1	1	0	184	0	186
21107	1	0	0	194	0	195
21108	1	195	0	2	0	198
21109	194	1	0	1	0	196
21110	3	190	0	1	0	194
21111	2	2	0	189	0	193
21112	1	0	0	189	0	190
21113	188	1	2	4	0	195
21114	2	187	1	2	0	192
21115	190	1	1	2	0	194
21116	4	0	0	189	0	193
21117	3	1	0	190	0	194
21118	3	1	0	190	0	194
21119	1	0	192	3	0	196
21120	2	0	2	189	0	193
21121	2	1	188	2	0	193
21122	2	0	186	1	0	189
21123	0	2	197	2	0	201
21124	2	0	4	191	0	197
21125	3	0	1	202	0	206
21126	1	1	1	202	0	205
21127	201	1	0	1	0	203
21128	1	1	1	206	0	209
21129	214	0	1	3	0	218
21130	4	211	1	0	0	216
21131	224	2	1	2	0	229
21132	231	0	1	1	0	233
21133	3	230	0	1	0	234
21134	228	2	0	4	0	234
21135	229	0	0	3	0	232
21136	238	1	0	2	0	241
21137	234	1	0	2	0	237
21138	5	0	220	1	0	226
21139	4	222	2	0	0	228
21140	4	3	1	220	0	228
21141	223	1	2	3	0	229
21142	2	1	218	1	0	222
21143	0	209	2	5	0	216
21144	3	2	0	200	0	205
21145	1	208	0	3	0	212
21146	3	2	1	207	0	213
21147	1	1	0	209	0	211
21148	0	0	208	4	0	212
21149	1	3	205	1	0	210
21150	197	1	4	0	0	202
21151	3	0	205	2	0	210
21152	1	0	202	1	0	204
21153	1	2	2	194	0	199
21154	3	0	2	193	0	198
21155	1	202	1	3	0	207
21156	2	210	1	1	0	214
21157	1	3	215	3	0	222
21158	3	0	5	217	0	225
21159	1	2	208	6	0	217
21160	1	3	200	1	0	205
21161	1	200	6	1	0	208
21162	2	4	2	198	0	206
21163	194	1	2	3	0	200
21164	5	1	1	193	0	200
21165	200	3	0	3	0	206
21166	196	0	0	3	0	199
21167	202	0	0	2	0	204
21168	3	0	198	2	0	203
21169	192	0	4	1	0	197
21170	8	0	0	204	0	212
21171	205	0	1	5	0	211
21172	210	0	3	1	0	214
21173	5	204	0	1	0	210
21174	208	3	0	4	0	215
21175	5	1	210	0	0	216
21176	208	1	3	0	0	212
21177	204	2	1	2	0	209
21178	6	210	0	1	0	217
21179	210	3	3	0	0	216
21180	5	0	0	202	0	207
21181	3	1	0	201	0	205
21182	1	204	0	4	0	209
21183	1	3	0	205	0	209
21184	0	0	0	213	0	213
21185	0	0	202	4	0	206
21186	1	3	197	0	0	201
21187	191	0	3	4	0	198
21188	203	0	1	5	0	209
21189	5	0	2	202	0	209
21190	0	0	203	4	0	207
21191	3	198	3	0	0	204
21192	4	4	0	197	0	205
21193	0	1	197	6	0	204
21194	185	0	5	4	0	194
21195	3	1	2	193	0	199
21196	1	205	1	5	0	212
21197	2	5	1	199	0	207
21198	3	1	0	208	0	212
21199	2	1	0	210	0	213
21200	204	1	0	6	0	211
21201	7	0	0	200	0	207
21202	198	1	0	7	0	206
21203	202	0	0	3	0	205
21204	6	0	198	1	0	205
21205	1	197	5	2	0	205
21206	3	4	1	177	0	185
21207	5	199	0	5	0	209
21208	206	5	3	0	0	214
21209	4	3	0	206	0	213
21210	1	0	201	6	0	208
21211	0	4	204	0	0	208
21212	3	0	205	2	0	210
21213	200	0	6	4	0	210
21214	6	206	3	0	0	215
21215	202	5	2	2	0	211
21216	5	206	2	1	0	214
21217	2	5	1	204	0	212
21218	0	3	1	206	0	210
21219	2	201	0	7	0	210
21220	1	7	205	1	0	214
21221	0	205	5	2	0	212
21222	201	6	1	3	0	211
21223	9	2	1	191	0	203
21224	1	0	196	6	0	203
21225	0	3	196	1	0	200
21226	3	1	6	188	0	198
21227	0	3	187	7	0	197
21228	0	0	186	1	0	187
21229	163	0	7	3	0	173
21230	6	169	0	2	0	177
21231	163	4	1	2	0	170
21232	4	1	163	0	0	168
21233	1	154	4	1	0	160
21234	0	160	1	1	0	162
21235	3	7	2	154	0	166
21236	2	0	1	158	0	161
21237	1	0	0	161	0	162
21238	1	1	159	5	0	166
21239	2	0	5	159	0	166
21240	0	0	1	164	0	165
21241	157	1	0	7	0	165
21242	6	160	0	2	0	168
21243	0	5	0	161	0	166
21244	155	0	0	7	0	162
21245	160	0	0	1	0	161
21246	4	1	1	154	0	160
21247	0	0	151	6	0	157
21248	1	0	6	147	0	154
21249	2	0	150	5	0	157
21250	153	1	5	1	0	160
21251	169	0	1	0	0	170
21252	4	1	0	167	0	172
21253	0	0	169	7	0	176
21254	1	175	7	0	0	183
21255	1	6	168	0	0	175
21256	0	0	7	153	0	160
21257	0	165	1	5	0	171
21258	151	6	0	0	0	157
21259	6	0	0	142	0	148
21260	0	152	0	6	0	158
21261	150	6	0	0	0	156
21262	6	0	0	153	0	159
21263	0	152	1	6	0	159
21264	0	6	0	154	0	160
21265	0	0	152	6	0	158
21266	146	1	5	0	0	152
21267	153	0	0	0	0	153
21268	6	0	149	0	0	155
21269	0	142	5	0	0	147
21270	148	5	0	0	0	153
21271	8	0	0	145	0	153
21272	0	1	0	147	0	148
21273	0	0	1	147	0	148
21274	1	1	0	145	0	147
21275	0	1	1	145	0	147
21276	139	0	2	8	0	149
21277	145	3	1	1	0	150
21278	8	0	1	142	0	151
21279	0	0	0	149	0	149
21280	0	2	138	6	0	146
21281	2	1	141	0	0	144
21282	139	0	5	4	0	148
21283	6	2	1	139	0	148
21284	2	0	141	7	0	150
21285	1	0	7	142	0	150
21286	140	2	1	6	0	149
21287	150	0	0	2	0	152
21288	6	0	4	143	0	153
21289	3	2	0	150	0	155
21290	146	0	0	6	0	152
21291	7	0	1	142	0	150
21292	0	145	1	8	0	154
21293	1	7	0	145	0	153
21294	1	0	2	150	0	153
21295	0	0	145	10	0	155
21296	1	1	129	2	0	133
21297	3	131	5	1	0	140
21298	130	6	0	4	0	140
21299	134	1	0	3	0	138
21300	133	0	1	1	0	135
21301	6	129	1	2	0	138
21302	1	132	0	2	0	135
21303	126	5	2	2	0	135
21304	4	126	1	1	0	132
21305	2	5	127	2	0	136
21306	2	126	6	1	0	135
21307	1	4	121	1	0	127
21308	110	2	6	3	0	121
21309	123	0	1	3	0	127
21310	5	121	0	2	0	128
21311	119	5	0	4	0	128
21312	137	1	0	3	0	141
21313	136	1	0	3	0	140
21314	5	1	0	133	0	139
21315	132	0	1	6	0	139
21316	5	1	130	2	0	138
21317	126	2	3	3	0	134
21318	5	0	2	130	0	137
21319	2	0	127	4	0	133
21320	3	1	135	0	0	139
21321	4	1	4	132	0	141
21322	2	2	1	136	0	141
21323	139	0	1	4	0	144
21324	5	2	0	138	0	145
21325	1	1	136	6	0	144
21326	3	1	4	133	0	141
21327	0	138	1	6	0	145
21328	143	4	1	3	0	151
21329	7	1	0	148	0	156
21330	2	0	144	5	0	151
21331	2	143	3	1	0	149
21332	145	2	0	4	0	151
21333	6	1	1	140	0	148
21334	1	0	147	4	0	152
21335	4	142	4	0	0	150
21336	142	4	2	2	0	150
21337	141	0	1	3	0	145
21338	142	0	1	2	0	145
21339	5	0	3	139	0	147
21340	4	0	1	143	0	148
21341	139	0	0	7	0	146
21342	3	136	3	3	0	145
21343	141	3	1	1	0	146
21344	3	0	0	144	0	147
21345	139	1	1	5	0	146
21346	5	1	0	143	0	149
21347	1	0	0	148	0	149
21348	2	0	2	143	0	147
21349	1	1	2	145	0	149
21350	0	3	135	3	0	141
21351	1	1	119	1	0	122
21352	106	0	1	3	0	110
21353	2	0	114	0	0	116
21354	0	1	99	0	0	100
21355	98	0	0	1	0	99
21356	99	0	0	2	0	101
21357	1	0	1	112	0	114
21358	115	1	0	3	0	119
21359	1	119	1	0	0	121
21360	125	0	0	2	0	127
21361	125	1	0	0	0	126
21362	132	0	0	1	0	133
21363	0	0	0	130	0	130
21364	0	127	1	1	0	129
21365	0	129	0	0	0	129
21366	136	0	0	0	0	136
21367	133	0	0	2	0	135
21368	1	0	0	135	0	136
21369	0	1	0	134	0	135
21370	1	134	0	1	0	136
21371	135	0	0	2	0	137
21372	2	0	130	0	0	132
21373	1	0	1	127	0	129
21374	1	1	1	134	0	137
21375	2	0	136	0	0	138
21376	0	1	1	133	0	135
21377	3	104	2	0	0	109
21378	1	0	0	135	0	136
21379	2	0	0	133	0	135
21380	0	130	0	2	0	132
21381	1	128	0	1	0	130
21382	0	0	0	135	0	135
21383	139	0	0	1	0	140
21384	1	0	1	138	0	140
21385	1	0	1	138	0	140
21386	1	140	0	1	0	142
21387	0	1	1	144	0	146
21388	0	1	1	143	0	145
21389	2	0	0	144	0	146
21390	146	0	0	0	0	146
21391	0	0	0	143	0	143
21392	1	0	0	135	0	136
21393	0	2	0	138	0	140
21394	3	0	131	0	0	134
21395	125	0	0	0	0	125
21396	1	131	0	1	0	133
21397	134	0	0	2	0	136
21398	0	1	1	132	0	134
21399	0	1	137	1	0	139
21400	119	1	0	0	0	120
21401	1	0	172	1	0	174
21402	0	0	0	180	0	180
21403	186	1	0	1	0	188
21404	182	2	0	1	0	185
21405	194	0	0	1	0	195
21406	1	0	1	195	0	197
21407	0	0	0	199	0	199
21408	0	1	0	199	0	200
21409	0	195	1	0	0	196
21410	0	191	0	3	0	194
21411	0	198	0	1	0	199
21412	0	193	0	1	0	194
21413	2	0	0	202	0	204
21414	1	0	0	201	0	202
21415	204	0	0	0	0	204
21416	197	0	0	0	0	197
21417	201	0	0	0	0	201
21418	0	0	0	203	0	203
21419	0	0	0	205	0	205
21420	207	1	0	0	0	208
21421	197	0	0	1	0	198
21422	0	0	202	0	0	202
21423	1	0	189	0	0	190
21424	0	0	200	0	0	200
21425	0	0	214	0	0	214
21426	0	0	0	213	0	213
21427	216	0	0	0	0	216
21428	0	208	1	1	0	210
21429	0	0	0	220	0	220
21430	0	0	213	0	0	213
21431	0	230	0	0	0	230
21432	0	0	0	237	0	237
21433	0	0	238	0	0	238
21434	0	0	0	229	0	229
21435	0	0	0	231	0	231
21436	238	0	0	0	0	238
21437	0	0	0	241	0	241
21438	0	0	240	0	0	240
21439	1	0	0	235	0	236
21440	1	256	0	0	0	257
21441	0	0	0	266	0	266
21442	0	0	0	267	0	267
21443	0	0	0	269	0	269
21444	276	0	0	1	0	277
21445	276	0	0	1	0	277
21446	274	0	0	1	0	275
21447	273	0	1	0	0	274
21448	1	0	270	0	0	271
21449	264	0	1	0	0	265
21450	270	0	0	1	0	271
21451	0	0	264	0	0	264
21452	0	0	283	0	0	283
21453	1	0	0	286	0	287
21454	0	288	1	0	0	289
21455	297	0	0	1	0	298
21456	297	0	0	0	0	297
21457	299	0	0	0	0	299
21458	0	0	0	298	0	298
21459	0	316	0	0	0	316
21460	333	0	0	1	0	334
21461	333	0	0	1	0	334
21462	0	0	0	326	0	326
21463	0	1	320	0	0	321
21464	317	0	0	0	0	317
21465	0	0	1	336	0	337
21466	337	0	0	1	0	338
21467	0	0	0	346	0	346
21468	0	1	344	0	0	345
21469	369	0	0	4	0	373
21470	0	0	0	378	0	378
21471	0	0	0	379	0	379
21472	0	0	0	378	0	378
21473	1	0	0	375	0	376
21474	377	0	0	1	0	378
21475	1	0	0	380	0	381
21476	0	380	0	0	0	380
21477	1	0	0	382	0	383
21478	0	380	1	0	0	381
21479	1	0	0	389	0	390
21480	1	2	0	388	0	391
21481	0	388	0	1	0	389
21482	0	0	0	398	0	398
21483	1	2	1	392	0	396
21484	392	0	0	3	0	395
21485	1	0	395	3	0	399
21486	3	0	1	408	0	412
21487	410	0	2	3	0	415
21488	399	1	1	5	0	406
21489	405	0	1	2	0	408
21490	3	2	406	2	0	413
21491	1	0	412	1	0	414
21492	2	0	2	412	0	416
21493	423	0	1	6	0	430
21494	2	0	415	2	0	419
21495	406	0	1	2	0	409
21496	1	435	3	1	0	440
21497	2	1	0	466	0	469
21498	0	3	0	486	0	489
21499	488	0	0	12	0	500
21500	4	0	0	498	0	502
21501	483	1	0	4	0	488
21502	499	1	0	7	0	507
21503	2	0	0	497	0	499
21504	3	2	0	494	0	499
21505	489	0	0	9	0	498
21506	1	0	530	3	0	534
21507	541	0	1	2	0	544
21508	2	1	574	0	0	577
21509	576	0	1	3	0	580
21510	604	0	3	5	0	612
21511	607	0	1	8	0	616
21512	591	0	0	5	0	596
21513	5	603	0	0	0	608
21514	610	1	2	6	0	619
21515	609	2	0	6	0	617
21516	3	651	2	0	0	656
21517	656	2	0	7	0	665
21518	2	2	644	1	0	649
21519	649	0	2	5	0	656
21520	3	2	651	1	0	657
21521	3	1	2	672	0	678
21522	2	0	1	666	0	669
21523	1	0	671	5	0	677
21524	0	1	1	666	0	668
21525	11	3	6	492	0	512
21526	697	0	1	11	0	709
21527	6	0	0	711	0	717
21528	4	0	2	713	0	719
21529	0	0	1	713	0	714
21530	1	698	0	7	0	706
21531	1	4	1	702	0	708
21532	698	2	0	11	0	711
21533	6	1	702	3	0	712
21534	7	0	7	714	0	728
21535	1	0	717	8	0	726
21536	693	2	6	8	0	709
21537	9	0	0	745	0	754
21538	2	1	948	9	0	960
21539	3	0	19	955	0	977
21540	4	0	8	957	0	969
21541	0	960	10	30	0	1000
21542	3	20	0	989	0	1012
21543	4	7	4	1038	0	1053
21544	0	7	1014	36	0	1057
21545	4	1	25	1018	0	1048
21546	2	2	8	1049	0	1061
21547	1014	1	9	43	0	1067
21548	1012	0	1	29	0	1042
21549	32	1016	5	13	0	1066
21550	1030	27	1	9	0	1067
21551	1049	7	2	13	0	1071
21552	37	1069	4	4	0	1114
21553	20	26	0	1073	0	1119
21554	1074	11	2	33	0	1120
21555	1089	11	4	15	0	1119
21556	1072	0	1	20	0	1093
21557	42	1040	3	6	0	1091
21558	22	29	1056	7	0	1114
21559	1066	9	27	13	0	1115
21560	1086	15	8	17	0	1126
21561	43	1063	13	9	0	1128
21562	1085	38	3	10	0	1136
21563	1104	11	5	13	0	1133
21564	50	11	4	1080	0	1145
21565	29	5	1073	34	0	1141
21566	18	5	31	1080	0	1134
21567	20	3	8	1094	0	1125
21568	16	4	10	1098	0	1128
21569	9	9	1040	53	0	1111
21570	16	3	33	1030	0	1082
21571	16	2	10	1065	0	1093
21572	13	4	10	1076	0	1103
21573	17	4	6	1073	0	1100
21574	8	3	4	1074	0	1089
21575	6	1035	9	55	0	1105
21576	10	34	5	1055	0	1104
21577	12	6	5	1101	0	1124
21578	7	14	1051	51	0	1123
21579	14	3	33	1114	0	1164
21580	10	7	6	1152	0	1175
21581	10	7	11	1182	0	1210
21582	15	3	4	1201	0	1223
21583	1150	4	4	72	0	1230
21584	43	2	6	1174	0	1225
21585	13	1	3	1200	0	1217
21586	15	6	1125	61	0	1207
21587	8	1089	37	46	0	1180
21588	8	1153	14	29	0	1204
21589	1099	44	16	32	0	1191
21590	39	1124	8	27	0	1198
21591	23	48	6	1123	0	1200
21592	1113	18	4	63	0	1198
21593	45	19	1096	30	0	1190
21594	18	8	46	1112	0	1184
21595	15	1121	15	52	0	1203
21596	14	47	13	1110	0	1184
21597	14	1103	8	64	0	1189
21598	9	55	8	1105	0	1177
21599	1077	13	8	73	0	1171
21600	57	17	1086	26	0	1186
21601	17	12	49	1059	0	1137
21602	19	1074	10	64	0	1167
21603	1058	51	18	35	0	1162
21604	49	16	1050	32	0	1147
21605	19	24	49	1045	0	1137
21606	25	10	1009	62	0	1106
21607	16	14	55	996	0	1081
21608	8	7	980	72	0	1067
21609	16	7	59	968	0	1050
21610	13	9	22	1005	0	1049
21611	942	7	19	74	0	1042
21612	975	6	10	43	0	1034
21613	62	4	8	946	0	1020
21614	26	929	11	66	0	1032
21615	23	45	7	949	0	1024
21616	14	14	9	963	0	1000
21617	884	16	13	75	0	988
21618	48	906	8	46	0	1008
21619	889	53	6	30	0	978
21620	923	18	2	28	0	971
21621	56	855	10	21	0	942
21622	32	900	2	26	0	960
21623	867	52	11	20	0	950
21624	53	26	837	22	0	938
21625	836	24	46	12	0	918
21626	861	13	15	22	0	911
21627	57	814	18	16	0	905
21628	36	47	7	743	0	833
21629	29	813	9	45	0	896
21630	812	55	8	19	0	894
21631	836	19	8	30	0	893
21632	55	27	10	789	0	881
21633	45	11	4	820	0	880
21634	781	10	6	59	0	856
21635	44	774	4	35	0	857
21636	27	762	4	31	0	824
21637	27	758	6	16	0	807
21638	11	498	5	6	0	520
21639	11	494	1	11	0	517
21640	10	35	7	469	0	521
21641	6	7	456	33	0	502
21642	11	458	21	9	0	499
21643	405	26	4	9	0	444
21644	24	15	4	395	0	438
21645	397	10	5	22	0	434
21646	22	404	2	12	0	440
21647	396	22	4	10	0	432
21648	22	400	5	11	0	438
21649	14	24	8	392	0	438
21650	400	10	2	22	0	434
21651	420	8	3	7	0	438
21652	24	7	0	405	0	436
21653	19	4	2	405	0	430
21654	7	402	2	24	0	435
21655	12	24	1	399	0	436
21656	10	10	2	415	0	437
21657	10	8	0	406	0	424
21658	11	374	2	27	0	414
21659	341	20	0	11	0	372
21660	22	343	2	10	0	377
21661	335	18	1	9	0	363
21662	19	335	2	7	0	363
21663	8	19	317	10	0	354
21664	8	9	13	320	0	350
21665	4	7	315	20	0	346
21666	5	7	319	7	0	338
21667	13	4	16	306	0	339
21668	6	8	316	15	0	345
21669	9	4	17	311	0	341
21670	7	6	5	320	0	338
21671	7	4	8	328	0	347
21672	313	4	2	23	0	342
21673	18	1	6	316	0	341
21674	7	3	3	325	0	338
21675	298	1	2	16	0	317
21676	16	297	1	9	0	323
21677	5	278	0	10	0	293
21678	5	282	1	5	0	293
21679	4	18	0	211	0	233
21680	1	6	212	8	0	227
21681	161	4	6	6	0	177
21682	7	168	3	3	0	181
21683	158	7	1	2	0	168
21684	162	1	0	3	0	166
21685	158	5	0	0	0	163
21686	9	0	156	0	0	165
21687	3	2	4	157	0	166
21688	3	1	2	163	0	169
21689	0	0	2	167	0	169
21690	1	0	2	159	0	162
21691	2	154	0	7	0	163
21692	154	4	0	4	0	162
21693	4	2	148	1	0	155
21694	135	3	2	0	0	140
21695	5	4	1	126	0	136
21696	1	126	4	3	0	134
21697	0	135	1	3	0	139
21698	1	9	0	125	0	135
21699	1	130	0	3	0	134
21700	112	1	0	3	0	116
21701	1	2	116	1	0	120
21702	2	0	0	107	0	109
21703	0	0	1	112	0	113
21704	0	0	0	114	0	114
21705	0	0	0	113	0	113
21706	113	1	0	1	0	115
21707	1	31	0	81	0	113
21708	123	0	0	2	0	125
21709	0	1	0	125	0	126
21710	3	0	0	136	0	139
21711	0	138	1	5	0	144
21712	149	1	0	2	0	152
21713	145	2	0	1	0	148
21714	2	146	0	1	0	149
21715	1	1	0	136	0	138
21716	1	141	0	1	0	143
21717	140	1	0	2	0	143
21718	2	1	135	0	0	138
21719	1	0	133	1	0	135
21720	128	0	2	3	0	133
21721	1	135	0	0	0	136
21722	2	1	0	133	0	136
21723	1	1	0	135	0	137
21724	0	1	142	2	0	145
21725	0	0	2	140	0	142
21726	0	1	1	139	0	141
21727	1	143	0	2	0	146
21728	1	1	1	144	0	147
21729	1	1	1	145	0	148
21730	142	0	0	2	0	144
21731	1	137	0	1	0	139
21732	1	141	0	1	0	143
21733	0	2	0	140	0	142
21734	0	1	1	140	0	142
21735	0	0	0	141	0	141
21736	0	141	0	2	0	143
21737	0	2	0	143	0	145
21738	0	1	0	143	0	144
21739	0	0	0	143	0	143
21740	1	0	0	143	0	144
21741	0	136	0	2	0	138
21742	0	147	0	1	0	148
21743	145	2	0	0	0	147
21744	146	1	0	0	0	147
21745	2	0	0	145	0	147
21746	1	0	143	1	0	145
21747	0	0	1	148	0	149
21748	0	0	1	146	0	147
21749	144	0	0	2	0	146
21750	0	147	0	1	0	148
21751	1	1	0	149	0	151
21752	0	1	0	152	0	153
21753	0	0	147	2	0	149
21754	0	0	146	1	0	147
21755	0	0	2	149	0	151
21756	0	0	1	149	0	150
21757	0	144	0	2	0	146
21758	0	146	0	1	0	147
21759	148	2	0	0	0	150
21760	1	1	0	148	0	150
21761	1	1	146	1	0	149
21762	1	143	1	2	0	147
21763	0	0	3	148	0	151
21764	148	2	1	1	0	152
21765	1	0	0	151	0	152
21766	146	1	0	1	0	148
21767	1	144	0	3	0	148
21768	137	1	0	1	0	139
21769	1	2	0	142	0	145
21770	2	0	151	2	0	155
21771	1	0	3	146	0	150
21772	1	155	2	3	0	161
21773	0	3	1	161	0	165
21774	0	164	1	4	0	169
21775	1	2	0	164	0	167
21776	0	4	164	3	0	171
21777	0	1	160	3	0	164
21778	0	0	162	1	0	163
21779	159	0	5	1	0	165
21780	3	159	2	2	0	166
21781	2	165	0	1	0	168
21782	161	6	0	1	0	168
21783	160	2	0	2	0	164
21784	5	0	0	160	0	165
21785	3	0	159	4	0	166
21786	0	1	149	2	0	152
21787	0	2	5	147	0	154
21788	148	0	2	4	0	154
21789	4	147	0	3	0	154
21790	1	3	0	151	0	155
21791	149	4	1	2	0	156
21792	150	0	0	6	0	156
21793	5	1	146	1	0	153
21794	142	0	3	1	0	146
21795	3	1	151	1	0	156
21796	2	0	146	1	0	149
21797	0	0	5	146	0	151
21798	1	0	3	146	0	150
21799	1	0	1	147	0	149
21800	0	1	147	6	0	154
21801	145	0	4	3	0	152
21802	4	0	2	146	0	152
21803	145	1	0	3	0	149
21804	141	1	0	3	0	145
21805	6	143	0	0	0	149
21806	3	144	1	0	0	148
21807	1	147	0	0	0	148
21808	1	5	0	132	0	138
21809	2	1	128	4	0	135
21810	0	5	3	114	0	122
21811	0	111	1	4	0	116
21812	1	114	0	1	0	116
21813	1	5	0	111	0	117
21814	111	1	0	4	0	116
21815	2	110	1	2	0	115
21816	1	112	1	0	0	114
21817	111	4	1	0	0	116
21818	3	1	0	112	0	116
21819	1	0	0	112	0	113
21820	0	1	0	115	0	116
21821	111	1	0	4	0	116
21822	114	0	0	1	0	115
21823	4	0	0	112	0	116
21824	1	1	98	3	0	103
21825	100	1	3	1	0	105
21826	3	0	2	100	0	105
21827	2	0	101	3	0	106
21828	0	0	100	2	0	102
21829	2	0	4	100	0	106
21830	0	2	106	4	0	112
21831	0	1	4	111	0	116
21832	1	0	1	116	0	118
21833	1	0	1	122	0	124
21834	119	0	0	6	0	125
21835	4	1	1	117	0	123
21836	1	0	1	119	0	121
21837	0	1	0	123	0	124
21838	1	0	0	123	0	124
21839	0	1	113	5	0	119
21840	0	111	4	2	0	117
21841	0	4	1	109	0	114
21842	2	1	0	108	0	111
21843	0	103	1	5	0	109
21844	1	106	0	1	0	108
21845	107	4	2	0	0	113
21846	4	102	1	1	0	108
21847	2	4	0	102	0	108
21848	0	2	103	5	0	110
21849	101	0	4	2	0	107
21850	4	0	99	0	0	103
21851	94	0	4	1	0	99
21852	94	0	1	2	0	97
21853	6	0	98	0	0	104
21854	1	0	4	93	0	98
21855	0	102	1	3	0	106
21856	1	5	0	105	0	111
21857	109	2	0	4	0	115
21858	109	0	0	3	0	112
21859	5	107	1	0	0	113
21860	106	4	0	1	0	111
21861	3	0	0	107	0	110
21862	104	1	0	5	0	110
21863	113	0	0	2	0	115
21864	6	0	0	113	0	119
21865	113	0	0	5	0	118
21866	110	0	0	1	0	111
21867	5	1	113	1	0	120
21868	114	0	4	2	0	120
21869	4	0	118	0	0	122
21870	0	1	104	1	0	106
21871	1	109	1	1	0	112
21872	2	2	2	100	0	106
21873	0	1	102	3	0	106
21874	0	1	100	0	0	101
21875	104	1	2	2	0	109
21876	2	1	0	102	0	105
21877	0	0	0	105	0	105
21878	1	0	1	107	0	109
21879	1	0	0	106	0	107
21880	0	0	1	106	0	107
21881	1	0	106	2	0	109
21882	1	0	102	0	0	103
21883	0	0	3	103	0	106
21884	103	0	0	3	0	106
21885	2	104	1	0	0	107
21886	0	2	0	107	0	109
21887	102	0	0	4	0	106
21888	3	106	0	0	0	109
21889	0	4	0	108	0	112
21890	1	0	0	108	0	109
21891	1	0	0	108	0	109
21892	107	0	0	3	0	110
21893	2	0	106	0	0	108
21894	104	0	2	0	0	106
21895	3	0	0	108	0	111
21896	0	0	0	107	0	107
21897	0	106	1	3	0	110
21898	1	3	105	0	0	109
21899	99	0	3	1	0	103
21900	106	0	1	1	0	108
21901	2	0	107	2	0	111
21902	101	0	2	3	0	106
21903	3	111	2	0	0	116
21904	1	115	1	0	0	117
21905	1	111	0	2	0	114
21906	108	1	1	2	0	112
21907	1	2	110	2	0	115
21908	1	1	1	102	0	105
21909	1	100	0	2	0	103
21910	0	107	0	2	0	109
21911	0	111	1	1	0	113
21912	0	4	2	93	0	99
21913	109	1	0	3	0	113
21914	4	110	1	0	0	115
21915	1	4	0	111	0	116
21916	1	0	0	116	0	117
21917	110	0	2	3	0	115
21918	2	1	0	110	0	113
21919	0	1	1	113	0	115
21920	2	0	113	3	0	118
21921	2	0	2	114	0	118
21922	3	0	1	112	0	116
21923	112	1	1	3	0	117
21924	114	1	0	1	0	116
21925	2	0	0	114	0	116
21926	110	0	0	2	0	112
21927	112	0	1	0	0	113
21928	2	108	2	1	0	113
21929	3	1	106	0	0	110
21930	2	100	1	1	0	104
21931	2	2	0	91	0	95
21932	88	0	1	2	0	91
21933	1	85	0	0	0	86
21934	0	1	0	85	0	86
21935	84	0	0	2	0	86
21936	85	0	0	0	0	85
21937	1	0	0	86	0	87
21938	0	0	88	1	0	89
21939	1	0	1	87	0	89
21940	0	0	0	90	0	90
21941	0	0	92	1	0	93
21942	0	0	1	88	0	89
21943	0	0	0	90	0	90
21944	94	0	0	1	0	95
21945	1	0	0	96	0	97
21946	0	0	0	94	0	94
21947	96	0	0	1	0	97
21948	93	0	0	0	0	93
21949	90	0	0	1	0	91
21950	1	0	92	0	0	93
21951	0	0	1	89	0	90
21952	0	92	0	1	0	93
21953	0	1	0	94	0	95
21954	0	0	105	1	0	106
21955	0	0	1	95	0	96
21956	0	0	98	1	0	99
21957	92	0	2	0	0	94
21958	94	0	0	1	0	95
21959	1	0	0	99	0	100
21960	0	0	0	96	0	96
21961	0	0	1	100	0	101
21962	0	109	1	1	0	111
21963	108	0	0	0	0	108
21964	107	0	0	0	0	107
21965	1	0	0	102	0	103
21966	0	0	0	108	0	108
21967	0	0	0	106	0	106
21968	0	0	0	105	0	105
21969	0	0	105	1	0	106
21970	0	0	1	103	0	104
21971	100	0	0	1	0	101
21972	99	0	0	0	0	99
21973	1	0	0	97	0	98
21974	0	0	94	1	0	95
21975	93	0	1	0	0	94
21976	1	0	0	98	0	99
21977	0	100	0	1	0	101
21978	0	106	0	0	0	106
21979	110	1	0	0	0	111
21980	1	0	1	111	0	113
21981	0	0	0	112	0	112
21982	0	0	0	113	0	113
21983	0	0	0	112	0	112
21984	0	0	0	118	0	118
21985	0	0	119	1	0	120
21986	0	1	115	0	0	116
21987	0	1	118	0	0	119
21988	0	0	1	113	0	114
21989	0	0	118	1	0	119
21990	0	0	2	116	0	118
21991	0	0	0	118	0	118
21992	0	0	0	124	0	124
21993	120	0	0	5	0	125
21994	3	0	0	126	0	129
21995	0	0	0	130	0	130
21996	126	0	0	4	0	130
21997	3	127	0	0	0	130
21998	0	132	0	0	0	132
21999	129	3	0	1	0	133
22000	3	135	1	0	0	139
22001	136	3	0	0	0	139
22002	134	0	0	2	0	136
22003	135	0	0	0	0	135
22004	135	0	0	0	0	135
22005	135	0	0	1	0	136
22006	3	132	0	0	0	135
22007	130	3	0	1	0	134
22008	137	0	1	0	0	138
22009	3	132	1	0	0	136
22010	141	2	0	1	0	144
22011	145	0	0	2	0	147
22012	163	0	1	0	0	164
22013	170	0	0	2	0	172
22014	5	0	181	0	0	186
22015	1	0	5	183	0	189
22016	1	0	0	196	0	197
22017	0	0	185	7	0	192
22018	0	0	188	1	0	189
22019	182	0	6	1	0	189
22020	6	1	0	187	0	194
22021	0	1	183	5	0	189
22022	1	0	189	0	0	190
22023	184	1	7	0	0	192
22024	195	0	0	1	0	196
22025	191	0	0	3	0	194
22026	7	0	190	0	0	197
22027	3	0	7	187	0	197
22028	3	0	189	5	0	197
22029	188	1	6	0	0	195
22030	8	0	190	0	0	198
22031	3	0	6	190	0	199
22032	1	1	0	189	0	191
22033	1	188	3	4	0	196
22034	188	6	1	1	0	196
22035	8	0	187	1	0	196
22036	183	0	7	3	0	193
22037	6	1	190	1	0	198
22038	2	1	6	189	0	198
22039	3	0	1	192	0	196
22040	3	0	3	188	0	194
22041	186	0	3	6	0	195
22042	8	0	2	181	0	191
22043	2	0	0	191	0	193
22044	1	181	2	8	0	192
22045	2	5	3	182	0	192
22046	179	0	1	9	0	189
22047	7	0	175	4	0	186
22048	2	1	7	178	0	188
22049	0	2	179	6	0	187
22050	2	174	6	3	0	185
22051	1	6	177	2	0	186
22052	179	1	9	2	0	191
22053	183	0	4	2	0	189
22054	6	0	2	171	0	179
22055	170	1	2	9	0	182
22056	174	1	3	1	0	179
22057	9	0	1	173	0	183
22058	2	0	2	181	0	185
22059	2	0	168	8	0	178
22060	6	171	9	0	0	186
22061	173	6	1	4	0	184
22062	9	163	2	3	0	177
22063	4	7	3	167	0	181
22064	3	2	3	174	0	182
22065	4	1	1	175	0	181
22066	2	2	2	170	0	176
22067	2	1	166	8	0	177
22068	158	0	10	4	0	172
22069	174	1	1	4	0	180
22070	7	0	2	169	0	178
22071	163	1	3	10	0	177
22072	12	0	3	160	0	175
22073	1	1	160	9	0	171
22074	5	1	7	161	0	174
22075	5	159	2	7	0	173
22076	3	5	1	156	0	165
22077	3	158	2	11	0	174
22078	2	7	5	152	0	166
22079	3	155	0	11	0	169
22080	153	7	3	5	0	168
22081	6	3	153	6	0	168
22082	2	150	6	4	0	162
22083	1	151	1	5	0	158
22084	5	4	2	143	0	154
22085	3	1	4	148	0	156
22086	2	1	1	148	0	152
22087	6	2	2	142	0	152
22088	2	140	1	8	0	151
22089	0	5	3	141	0	149
22090	2	0	2	142	0	146
22091	137	3	1	7	0	148
22092	6	0	2	138	0	146
22093	2	3	133	7	0	145
22094	2	2	130	5	0	139
22095	127	1	4	7	0	139
22096	8	126	0	3	0	137
22097	2	129	2	2	0	135
22098	0	7	2	128	0	137
22099	5	1	1	133	0	140
22100	1	3	128	5	0	137
22101	122	4	4	3	0	133
22102	131	1	0	4	0	136
22103	5	1	129	8	0	143
22104	1	1	131	5	0	138
22105	128	0	6	6	0	140
22106	133	1	0	3	0	137
22107	133	2	1	2	0	138
22108	131	1	2	5	0	139
22109	8	127	1	2	0	138
22110	119	2	0	1	0	122
22111	4	0	113	3	0	120
22112	2	0	90	1	0	93
22113	0	2	87	1	0	90
22114	1	7	3	59	0	70
22115	58	0	2	0	0	60
22116	57	0	1	0	0	58
22117	0	0	1	57	0	58
22118	0	0	0	55	0	55
22119	1	0	0	58	0	59
22120	1	66	0	0	0	67
22121	68	0	0	1	0	69
22122	67	0	0	1	0	68
22123	71	0	0	1	0	72
22124	70	1	0	0	0	71
22125	70	0	0	1	0	71
22126	1	0	0	68	0	69
22127	1	68	0	0	0	69
22128	1	0	0	65	0	66
22129	0	0	0	64	0	64
22130	62	0	0	0	0	62
22131	0	1	63	0	0	64
22132	0	0	64	0	0	64
22133	0	0	64	0	0	64
22134	75	0	0	0	0	75
22135	74	0	0	0	0	74
22136	0	0	0	76	0	76
22137	0	0	0	69	0	69
22138	0	0	0	74	0	74
22139	0	0	75	0	0	75
22140	1	0	0	70	0	71
22141	0	0	86	0	0	86
22142	1	0	0	83	0	84
22143	0	0	0	85	0	85
22144	1	0	0	83	0	84
22145	83	0	0	0	0	83
22146	85	0	0	0	0	85
22147	0	0	85	0	0	85
22148	87	0	0	0	0	87
22149	86	0	0	0	0	86
22150	0	0	0	85	0	85
22151	88	0	0	0	0	88
22152	0	0	0	90	0	90
22153	0	0	0	90	0	90
22154	0	0	88	0	0	88
22155	86	0	0	0	0	86
22156	0	0	0	88	0	88
22157	1	0	91	0	0	92
22158	0	0	97	1	0	98
22159	0	0	0	95	0	95
22160	0	0	1	94	0	95
22161	101	0	0	1	0	102
22162	0	0	0	105	0	105
22163	2	0	0	101	0	103
22164	0	0	0	105	0	105
22165	0	0	0	104	0	104
22166	103	0	0	1	0	104
22167	105	0	0	1	0	106
22168	105	0	0	0	0	105
22169	108	0	0	0	0	108
22170	1	0	0	111	0	112
22171	115	0	0	0	0	115
22172	0	0	0	115	0	115
22173	118	0	0	0	0	118
22174	2	0	0	113	0	115
22175	1	0	0	113	0	114
22176	0	113	0	2	0	115
22177	1	1	0	116	0	118
22178	113	1	0	1	0	115
22179	111	0	0	1	0	112
22180	2	0	112	0	0	114
22181	1	112	1	1	0	115
22182	111	1	1	0	0	113
22183	0	121	0	0	0	121
22184	118	1	0	0	0	119
22185	1	124	0	0	0	125
22186	1	1	129	0	0	131
22187	0	129	1	0	0	130
22188	0	130	1	0	0	131
22189	1	2	0	131	0	134
22190	132	1	0	3	0	136
22191	2	0	0	129	0	131
22192	2	0	0	136	0	138
22193	134	0	0	4	0	138
22194	140	0	0	2	0	142
22195	3	0	0	142	0	145
22196	3	0	0	138	0	141
22197	0	1	0	143	0	144
22198	138	0	0	5	0	143
22199	3	0	140	1	0	144
22200	3	0	2	135	0	140
22201	0	0	149	2	0	151
22202	0	145	2	1	0	148
22203	1	1	142	0	0	144
22204	1	2	2	138	0	143
22205	1	0	146	2	0	149
22206	135	1	4	2	0	142
22207	2	0	2	148	0	152
22208	1	154	0	2	0	157
22209	0	4	0	156	0	160
22210	0	148	0	3	0	151
22211	2	154	0	1	0	157
22212	0	159	0	1	0	160
22213	1	3	0	152	0	156
22214	1	154	0	1	0	156
22215	153	2	0	1	0	156
22216	2	1	145	1	0	149
22217	1	0	145	1	0	147
22218	0	0	147	1	0	148
22219	1	0	3	148	0	152
22220	0	0	2	148	0	150
22221	1	0	0	146	0	147
22222	0	0	1	146	0	147
22223	1	1	0	138	0	140
22224	0	150	1	3	0	154
22225	0	2	146	2	0	150
22226	0	1	146	0	0	147
22227	1	153	3	0	0	157
22228	1	2	1	155	0	159
22229	2	2	0	154	0	158
22230	0	0	0	158	0	158
22231	151	1	0	6	0	158
22232	2	1	150	1	0	154
22233	142	1	2	1	0	146
22234	150	0	1	1	0	152
22235	2	144	1	0	0	147
22236	2	149	0	0	0	151
22237	148	3	1	0	0	152
22238	2	1	1	149	0	153
22239	1	0	1	156	0	158
22240	0	0	158	4	0	162
22241	0	0	149	2	0	151
22242	1	1	3	150	0	155
22243	154	0	1	5	0	160
22244	2	0	168	3	0	173
22245	173	1	3	1	0	178
22246	5	0	2	183	0	190
22247	2	0	2	190	0	194
22248	1	1	0	192	0	194
22249	1	0	199	5	0	205
22250	0	191	3	3	0	197
22251	0	204	1	1	0	206
22252	204	4	0	0	0	208
22253	203	1	1	0	0	205
22254	6	0	0	207	0	213
22255	205	0	1	4	0	210
22256	3	1	204	0	0	208
22257	0	1	204	1	0	206
22258	2	0	4	194	0	200
22259	198	0	2	4	0	204
22260	4	0	0	200	0	204
22261	0	0	0	201	0	201
22262	198	0	1	7	0	206
22263	203	0	0	4	0	207
22264	4	207	2	1	0	214
22265	207	6	1	0	0	214
22266	7	1	1	209	0	218
22267	1	216	1	6	0	224
22268	219	4	0	2	0	225
22269	4	216	1	2	0	223
22270	7	5	0	209	0	221
22271	209	1	1	5	0	216
22272	6	0	210	0	0	216
22273	1	1	203	1	0	206
22274	2	0	3	203	0	208
22275	2	0	0	210	0	212
22276	0	1	1	199	0	201
22277	1	206	1	4	0	212
22278	210	3	0	1	0	214
22279	213	1	0	1	0	215
22280	218	0	0	2	0	220
22281	3	224	1	2	0	230
22282	1	5	1	236	0	243
22283	3	0	0	238	0	241
22284	2	2	0	235	0	239
22285	223	0	1	7	0	231
22286	5	224	0	1	0	230
22287	1	5	1	224	0	231
22288	1	1	1	234	0	237
22289	0	1	228	6	0	235
22290	0	227	4	3	0	234
22291	1	3	0	228	0	232
22292	3	2	1	226	0	232
22293	3	1	1	226	0	231
22294	222	0	0	4	0	226
22295	4	214	1	3	0	222
22296	220	4	1	1	0	226
22297	3	2	1	218	0	224
22298	221	0	1	5	0	227
22299	4	0	220	3	0	227
22300	218	0	3	1	0	222
22301	217	2	0	2	0	221
22302	3	1	212	3	0	219
22303	2	0	3	211	0	216
22304	1	0	1	215	0	217
22305	221	2	0	4	0	227
22306	5	1	1	221	0	228
22307	3	1	0	220	0	224
22308	1	2	0	221	0	224
22309	3	0	218	3	0	224
22310	212	3	2	1	0	218
22311	4	215	0	4	0	223
22312	5	3	0	212	0	220
22313	1	213	1	5	0	220
22314	1	221	4	1	0	227
22315	2	4	0	222	0	228
22316	3	0	223	4	0	230
22317	1	1	225	2	0	229
22318	2	1	2	224	0	229
22319	1	0	225	5	0	231
22320	219	1	2	1	0	223
22321	4	2	0	229	0	235
22322	1	0	1	235	0	237
22323	0	233	1	6	0	240
22324	1	4	1	232	0	238
22325	4	0	0	233	0	237
22326	0	232	0	4	0	236
22327	1	2	0	236	0	239
22328	4	0	0	233	0	237
22329	0	229	2	4	0	235
22330	231	4	1	1	0	237
22331	3	1	227	1	0	232
22332	0	0	223	3	0	226
22333	0	2	3	229	0	234
22334	0	2	0	229	0	231
22335	1	0	225	5	0	231
22336	4	1	211	0	0	216
22337	212	0	4	1	0	217
22338	3	221	1	1	0	226
22339	214	3	2	1	0	220
22340	4	0	216	1	0	221
22341	0	214	3	3	0	220
22342	1	3	0	222	0	226
22343	0	1	227	3	0	231
22344	1	0	221	0	0	222
22345	0	4	1	213	0	218
22346	1	0	214	4	0	219
22347	0	210	5	1	0	216
22348	2	5	1	203	0	211
22349	0	1	204	5	0	210
22350	0	205	5	1	0	211
22351	200	3	2	1	0	206
22352	4	1	200	3	0	208
22353	2	196	4	2	0	204
22354	1	5	2	190	0	198
22355	4	3	0	203	0	210
22356	199	1	1	8	0	209
22357	4	1	1	203	0	209
22358	3	0	1	200	0	204
22359	193	1	1	6	0	201
22360	4	2	0	192	0	198
22361	2	0	183	6	0	191
22362	2	3	3	185	0	193
22363	2	0	190	4	0	196
22364	1	1	177	3	0	182
22365	1	0	182	1	0	184
22366	1	0	5	166	0	172
22367	1	0	3	175	0	179
22368	168	0	2	6	0	176
22369	5	0	1	166	0	172
22370	3	177	1	3	0	184
22371	1	2	2	185	0	190
22372	0	2	2	187	0	191
22373	0	185	0	8	0	193
22374	185	3	0	5	0	193
22375	192	2	0	2	0	196
22376	4	179	1	3	0	187
22377	1	180	0	2	0	183
22378	3	7	2	174	0	186
22379	178	2	3	5	0	188
22380	4	3	179	2	0	188
22381	3	1	161	1	0	166
22382	150	0	5	1	0	156
22383	2	161	2	0	0	165
22384	2	3	0	164	0	169
22385	0	2	0	166	0	168
22386	1	0	0	171	0	172
22387	0	0	0	169	0	169
22388	0	164	0	6	0	170
22389	2	3	0	165	0	170
22390	162	2	0	5	0	169
22391	4	0	1	167	0	172
22392	1	0	0	169	0	170
22393	169	0	1	4	0	174
22394	170	0	1	4	0	175
22395	170	0	1	2	0	173
22396	173	0	0	1	0	174
22397	5	0	0	172	0	177
22398	173	0	0	3	0	176
22399	3	0	0	174	0	177
22400	173	1	0	3	0	177
22401	169	0	0	5	0	174
22402	5	0	0	176	0	181
22403	2	1	174	3	0	180
22404	175	0	2	3	0	180
22405	177	0	2	2	0	181
22406	178	1	0	2	0	181
22407	178	1	0	1	0	180
22408	4	0	0	176	0	180
22409	3	0	173	3	0	179
22410	0	0	178	2	0	180
22411	172	2	6	1	0	181
22412	178	0	1	1	0	180
22413	4	182	1	0	0	187
22414	2	181	0	1	0	184
22415	187	5	0	1	0	193
22416	3	2	0	185	0	190
22417	2	0	2	191	0	195
22418	189	1	0	5	0	195
22419	3	190	0	3	0	196
22420	194	3	0	2	0	199
22421	3	1	186	1	0	191
22422	182	0	3	4	0	189
22423	4	0	2	189	0	195
22424	2	1	193	4	0	200
22425	1	192	3	3	0	199
22426	2	4	2	192	0	200
22427	0	2	202	5	0	209
22428	1	0	5	200	0	206
22429	202	0	2	7	0	211
22430	7	0	196	2	0	205
22431	199	0	5	0	0	204
22432	6	202	2	1	0	211
22433	0	5	1	204	0	210
22434	2	2	218	5	0	227
22435	1	0	5	216	0	222
22436	2	0	223	5	0	230
22437	2	218	5	2	0	227
22438	213	5	2	1	0	221
22439	6	223	1	0	0	230
22440	3	4	1	221	0	229
22441	0	2	1	231	0	234
22442	3	0	220	7	0	230
22443	183	1	5	2	0	191
22444	6	205	3	0	0	214
22445	2	196	0	0	0	198
22446	0	199	1	1	0	201
22447	0	4	1	193	0	198
22448	0	198	1	4	0	203
22449	1	3	0	193	0	197
22450	1	198	0	3	0	202
22451	0	4	0	191	0	195
22452	0	199	0	3	0	202
22453	198	3	0	2	0	203
22454	3	0	196	1	0	200
22455	189	0	3	2	0	194
22456	205	0	0	1	0	206
22457	204	1	0	1	0	206
22458	4	207	0	0	0	211
22459	207	3	1	1	0	212
22460	209	0	0	1	0	210
22461	204	0	0	0	0	204
22462	3	0	211	0	0	214
22463	0	2	3	210	0	215
22464	0	0	215	4	0	219
22465	0	0	4	206	0	210
22466	207	0	0	6	0	213
22467	5	204	0	1	0	210
22468	0	3	232	0	0	235
22469	1	0	3	233	0	237
22470	1	1	0	243	0	245
22471	0	0	260	5	0	265
22472	246	0	4	1	0	251
22473	262	0	0	5	0	267
22474	266	0	1	1	0	268
22475	6	1	0	256	0	263
22476	1	249	2	4	0	256
22477	1	268	0	1	0	270
22478	1	8	0	261	0	270
22479	1	1	0	264	0	266
22480	0	259	1	8	0	268
22481	261	5	0	0	0	266
22482	6	254	0	0	0	260
22483	2	5	0	248	0	255
22484	1	1	248	6	0	256
22485	1	1	4	247	0	253
22486	248	1	1	7	0	257
22487	6	1	250	0	0	257
22488	254	0	5	2	0	261
22489	261	0	3	1	0	265
22490	264	0	0	2	0	266
22491	274	0	0	0	0	274
22492	274	1	1	2	0	278
22493	7	1	264	1	0	273
22494	3	0	254	0	0	257
22495	270	0	6	2	0	278
22496	282	0	1	2	0	285
22497	7	1	2	294	0	304
22498	3	299	1	4	0	307
22499	3	7	1	297	0	308
22500	306	1	0	8	0	315
22501	7	0	1	308	0	316
22502	2	308	0	6	0	316
22503	308	6	2	4	0	320
22504	308	3	1	2	0	314
22505	308	0	0	4	0	312
22506	7	312	1	1	0	321
22507	3	6	0	308	0	317
22508	2	2	0	305	0	309
22509	2	297	2	6	0	307
22510	2	6	0	301	0	309
22511	294	3	0	7	0	304
22512	295	2	0	8	0	305
22513	5	294	0	1	0	300
22514	3	5	0	297	0	305
22515	2	2	3	300	0	307
22516	6	1	3	295	0	305
22517	290	2	1	9	0	302
22518	9	1	283	4	0	297
22519	273	1	7	6	0	287
22520	9	2	291	3	0	305
22521	5	0	5	284	0	294
22522	7	281	2	5	0	295
22523	3	303	1	4	0	311
22524	287	10	2	2	0	301
22525	285	3	2	6	0	296
22526	10	277	0	4	0	291
22527	5	281	0	1	0	287
22528	276	8	1	0	0	285
22529	284	3	0	5	0	292
22530	5	285	2	5	0	297
22531	288	6	1	3	0	298
22532	6	3	285	3	0	297
22533	289	2	4	6	0	301
22534	286	2	2	2	0	292
22535	10	4	1	278	0	293
22536	9	278	1	4	0	292
22537	6	6	0	279	0	291
22538	282	2	0	9	0	293
22539	8	0	2	277	0	287
22540	3	4	4	271	0	282
22541	6	2	281	5	0	294
22542	6	0	8	278	0	292
22543	7	0	1	282	0	290
22544	282	4	0	6	0	292
22545	5	3	274	5	0	287
22546	282	4	4	6	0	296
22547	7	1	0	288	0	296
22548	6	2	2	284	0	294
22549	3	2	3	280	0	288
22550	8	268	2	4	0	282
22551	9	276	3	2	0	290
22552	4	7	1	276	0	288
22553	273	3	0	8	0	284
22554	271	3	2	5	0	281
22555	8	4	1	271	0	284
22556	272	2	0	6	0	280
22557	7	2	2	268	0	279
22558	6	3	1	266	0	276
22559	269	2	0	7	0	278
22560	11	269	0	2	0	282
22561	268	7	0	6	0	281
22562	263	2	0	9	0	274
22563	267	0	3	5	0	275
22564	9	260	4	3	0	276
22565	6	4	1	266	0	277
22566	11	1	2	263	0	277
22567	5	2	254	7	0	268
22568	6	5	2	227	0	240
22569	3	2	229	10	0	244
22570	3	206	2	4	0	215
22571	3	179	1	5	0	188
22572	3	176	3	2	0	184
22573	1	2	4	184	0	191
22574	1	1	0	183	0	185
22575	4	1	0	179	0	184
22576	3	1	1	181	0	186
22577	1	0	183	3	0	187
22578	2	0	210	3	0	215
22579	0	0	0	227	0	227
22580	0	0	225	3	0	228
22581	230	1	2	1	0	234
22582	226	2	1	1	0	230
22583	1	1	233	3	0	238
22584	3	0	1	228	0	232
22585	6	0	1	226	0	233
22586	4	0	1	232	0	237
22587	3	0	2	224	0	229
22588	2	0	0	225	0	227
22589	171	4	1	10	0	186
22590	219	0	0	6	0	225
22591	1	221	1	6	0	229
22592	1	1	214	3	0	219
22593	3	209	0	1	0	213
22594	3	204	1	0	0	208
22595	202	1	2	2	0	207
22596	0	193	2	0	0	195
22597	0	176	1	1	0	178
22598	166	1	1	4	0	172
22599	2	2	172	0	0	176
22600	159	2	0	2	0	163
22601	1	2	1	164	0	168
22602	1	0	1	156	0	158
22603	2	0	1	161	0	164
22604	1	1	158	2	0	162
22605	2	159	0	3	0	164
22606	156	0	0	5	0	161
22607	0	0	1	154	0	155
22608	1	165	1	1	0	168
22609	1	1	1	162	0	165
22610	2	0	167	1	0	170
22611	1	1	0	172	0	174
22612	0	1	0	174	0	175
22613	1	1	1	169	0	172
22614	171	1	0	3	0	175
22615	0	1	0	171	0	172
22616	2	0	162	3	0	167
22617	2	166	0	2	0	170
22618	4	3	0	164	0	171
22619	1	0	2	169	0	172
22620	0	2	164	2	0	168
22621	0	1	158	3	0	162
22622	157	1	2	1	0	161
22623	150	1	1	2	0	154
22624	2	150	2	1	0	155
22625	153	0	2	2	0	157
22626	2	0	152	1	0	155
22627	2	1	152	2	0	157
22628	154	1	1	1	0	157
22629	152	1	1	4	0	158
22630	1	0	149	2	0	152
22631	144	0	2	1	0	147
22632	4	0	152	0	0	156
22633	152	1	2	2	0	157
22634	154	0	3	1	0	158
22635	2	2	2	145	0	151
22636	2	153	1	2	0	158
22637	129	1	2	3	0	135
22638	3	1	155	1	0	160
22639	1	157	2	1	0	161
22640	158	2	0	2	0	162
22641	149	1	2	1	0	153
22642	3	148	1	0	0	152
22643	3	1	1	148	0	153
22644	2	1	146	2	0	151
22645	5	1	2	140	0	148
22646	2	1	142	2	0	147
22647	1	1	2	142	0	146
22648	1	0	2	144	0	147
22649	2	0	143	3	0	148
22650	0	141	3	2	0	146
22651	2	1	1	145	0	149
22652	1	1	123	3	0	128
22653	140	1	1	3	0	145
22654	1	2	1	148	0	152
22655	0	1	0	149	0	150
22656	149	0	1	2	0	152
22657	2	1	1	147	0	151
22658	2	0	0	141	0	143
22659	2	143	0	3	0	148
22660	1	2	0	142	0	145
22661	1	0	138	4	0	143
22662	1	0	3	130	0	134
22663	0	134	1	3	0	138
22664	1	132	1	1	0	135
22665	2	1	1	133	0	137
22666	130	1	1	1	0	133
22667	2	0	1	136	0	139
22668	135	2	1	1	0	139
22669	1	1	1	137	0	140
22670	138	0	1	2	0	141
22671	146	0	0	1	0	147
22672	2	0	1	145	0	148
22673	1	3	0	139	0	143
22674	2	139	2	3	0	146
22675	3	140	0	2	0	145
22676	2	2	141	3	0	148
22677	0	136	3	3	0	142
22678	93	7	1	0	0	101
22679	2	1	0	88	0	91
22680	0	87	1	2	0	90
22681	88	3	0	2	0	93
22682	2	0	0	89	0	91
22683	0	0	0	90	0	90
22684	0	0	0	91	0	91
22685	0	1	1	92	0	94
22686	2	97	0	3	0	102
22687	1	102	1	0	0	104
22688	110	4	0	0	0	114
22689	4	108	0	0	0	112
22690	1	1	1	108	0	111
22691	0	2	0	109	0	111
22692	1	0	0	113	0	114
22693	1	0	1	110	0	112
22694	105	0	1	5	0	111
22695	109	0	1	2	0	112
22696	3	0	107	1	0	111
22697	2	0	2	110	0	114
22698	1	1	110	2	0	114
22699	0	1	2	110	0	113
22700	1	1	1	113	0	116
22701	116	0	0	3	0	119
22702	4	0	1	117	0	122
22703	1	1	117	3	0	122
22704	1	0	110	2	0	113
22705	113	0	3	0	0	116
22706	2	1	115	1	0	119
22707	2	0	2	112	0	116
22708	0	1	124	2	0	127
22709	0	1	2	118	0	121
22710	0	117	2	2	0	121
22711	1	2	0	122	0	125
22712	0	117	0	2	0	119
22713	0	121	0	1	0	122
22714	0	3	0	120	0	123
22715	115	1	0	3	0	119
22716	2	121	0	2	0	125
22717	2	2	0	124	0	128
22718	125	1	0	3	0	129
22719	127	0	0	3	0	130
22720	131	0	0	0	0	131
22721	3	1	0	128	0	132
22722	1	0	0	129	0	130
22723	127	1	0	3	0	131
22724	126	1	0	2	0	129
22725	132	0	1	1	0	134
22726	3	1	0	130	0	134
22727	3	0	130	2	0	135
22728	128	0	2	2	0	132
22729	2	1	1	128	0	132
22730	2	125	1	1	0	129
22731	0	3	0	128	0	131
22732	0	124	0	3	0	127
22733	1	1	0	126	0	128
22734	0	0	125	3	0	128
22735	0	125	2	1	0	128
22736	0	1	2	121	0	124
22737	1	1	0	121	0	123
22738	0	0	1	124	0	125
22739	126	0	0	3	0	129
22740	1	127	0	1	0	129
22741	1	1	0	128	0	130
22742	127	2	0	2	0	131
22743	131	0	0	2	0	133
22744	2	1	0	130	0	133
22745	1	0	136	1	0	138
22746	0	1	1	136	0	138
22747	1	136	1	1	0	139
22748	1	2	0	136	0	139
22749	136	1	0	2	0	139
22750	3	0	0	145	0	148
22751	2	0	144	1	0	147
22752	1	155	1	1	0	158
22753	156	1	1	1	0	159
22754	1	1	158	1	0	161
22755	159	0	1	1	0	161
22756	2	0	1	164	0	167
22757	2	0	0	166	0	168
22758	0	166	0	3	0	169
22759	173	1	1	1	0	176
22760	3	0	0	173	0	176
22761	0	0	0	177	0	177
22762	1	1	0	184	0	186
22763	0	0	191	3	0	194
22764	0	1	1	190	0	192
22765	194	0	1	2	0	197
22766	195	0	1	1	0	197
22767	3	1	0	197	0	201
22768	4	0	0	193	0	197
22769	199	0	0	3	0	202
22770	1	1	196	2	0	200
22771	189	0	1	2	0	192
22772	1	1	193	0	0	195
22773	1	0	192	1	0	194
22774	1	0	1	193	0	195
22775	1	0	208	0	0	209
22776	206	0	0	4	0	210
22777	0	0	2	221	0	223
22778	1	0	226	1	0	228
22779	220	1	0	1	0	222
22780	224	0	1	1	0	226
22781	2	0	239	0	0	241
22782	2	0	0	235	0	237
22783	0	247	2	0	0	249
22784	242	1	0	0	0	243
22785	1	1	252	0	0	254
22786	237	0	1	1	0	239
22787	1	249	1	0	0	251
22788	238	0	1	3	0	242
22789	235	0	0	1	0	236
22790	242	0	0	0	0	242
22791	0	0	0	250	0	250
22792	0	257	1	0	0	258
22793	1	0	243	1	0	245
22794	0	255	1	0	0	256
22795	2	0	0	239	0	241
22796	1	254	0	1	0	256
22797	0	256	0	2	0	258
22798	251	1	0	1	0	253
22799	1	1	251	0	0	253
22800	1	0	247	1	0	249
22801	0	0	245	1	0	246
22802	1	251	0	1	0	253
22803	254	0	1	4	0	259
22804	260	1	0	2	0	263
22805	258	1	0	0	0	259
22806	2	257	1	0	0	260
22807	2	1	1	267	0	271
22808	0	1	264	2	0	267
22809	2	0	259	1	0	262
22810	270	0	2	1	0	273
22811	273	0	0	4	0	277
22812	275	1	1	0	0	277
22813	2	1	269	0	0	272
22814	267	0	0	3	0	270
22815	1	0	1	270	0	272
22816	2	0	0	266	0	268
22817	1	0	292	0	0	293
22818	1	293	1	1	0	296
22819	2	0	1	297	0	300
22820	2	0	288	0	0	290
22821	284	0	1	3	0	288
22822	0	0	1	294	0	295
22823	3	2	0	283	0	288
22824	290	0	1	3	0	294
22825	1	0	2	290	0	293
22826	287	0	1	3	0	291
22827	284	1	1	1	0	287
22828	1	0	2	287	0	290
22829	2	0	1	284	0	287
22830	294	1	0	0	0	295
22831	2	0	0	297	0	299
22832	295	1	1	3	0	300
22833	295	0	1	4	0	300
22834	297	2	0	0	0	299
22835	2	0	2	289	0	293
22836	3	1	0	289	0	293
22837	286	2	1	2	0	291
22838	3	283	2	1	0	289
22839	0	278	2	1	0	281
22840	281	0	2	1	0	284
22841	3	2	275	1	0	281
22842	267	1	2	2	0	272
22843	4	0	1	287	0	292
22844	2	0	297	2	0	301
22845	292	0	2	4	0	298
22846	3	2	1	299	0	305
22847	3	0	1	300	0	304
22848	0	1	1	309	0	311
22849	1	0	1	307	0	309
22850	305	1	0	2	0	308
22851	4	307	0	0	0	311
22852	294	3	0	2	0	299
22853	3	0	296	0	0	299
22854	1	1	277	0	0	279
22855	1	306	2	0	0	309
22856	3	2	1	300	0	306
22857	0	0	303	1	0	304
22858	0	286	2	1	0	289
22859	1	1	289	0	0	291
22860	0	0	2	288	0	290
22861	1	0	0	289	0	290
22862	286	0	0	5	0	291
22863	2	0	0	284	0	286
22864	284	0	0	3	0	287
22865	2	0	282	0	0	284
22866	0	289	2	0	0	291
22867	0	2	0	304	0	306
22868	0	0	0	324	0	324
22869	0	0	327	2	0	329
22870	1	0	308	0	0	309
22871	305	0	3	0	0	308
22872	336	0	0	0	0	336
22873	2	0	0	327	0	329
22874	0	0	0	324	0	324
22875	0	321	2	1	0	324
22876	0	2	0	327	0	329
22877	323	0	0	4	0	327
22878	319	0	0	4	0	323
22879	2	323	0	0	0	325
22880	330	2	0	3	0	335
22881	315	0	1	0	0	316
22882	2	0	0	337	0	339
22883	0	344	0	2	0	346
22884	0	4	0	350	0	354
22885	0	0	0	339	0	339
22886	0	1	333	4	0	338
22887	333	1	4	0	0	338
22888	6	0	0	368	0	374
22889	0	1	0	396	0	397
22890	1	449	0	5	0	455
22891	1	9	0	481	0	491
22892	481	2	0	13	0	496
22893	511	4	0	3	0	518
22894	15	0	504	3	0	522
22895	7	2	504	0	0	513
22896	4	0	15	527	0	546
22897	2	0	5	543	0	550
22898	1	0	537	15	0	553
22899	0	0	542	5	0	547
22900	2	0	15	520	0	537
22901	0	0	541	14	0	555
22902	0	5	544	4	0	553
22903	1	0	16	520	0	537
22904	532	0	7	15	0	554
22905	550	0	3	7	0	560
22906	16	0	1	545	0	562
22907	7	1	0	540	0	548
22908	530	0	0	19	0	549
22909	15	0	0	526	0	541
22910	523	0	1	17	0	541
22911	531	0	1	7	0	539
22912	16	1	0	525	0	542
22913	11	0	0	535	0	546
22914	521	0	2	19	0	542
22915	15	517	2	7	0	541
22916	5	525	1	6	0	537
22917	5	15	2	503	0	525
22918	0	3	504	15	0	522
22919	4	3	15	490	0	512
22920	503	1	5	18	0	527
22921	14	1	5	498	0	518
22922	501	1	1	21	0	524
22923	16	0	502	6	0	524
22924	496	1	14	9	0	520
22925	20	0	4	510	0	534
22926	7	0	4	526	0	537
22927	6	0	541	19	0	566
22928	3	0	13	554	0	570
22929	3	0	5	565	0	573
22930	8	0	2	559	0	569
22931	549	1	0	22	0	572
22932	16	1	546	7	0	570
22933	4	2	530	7	0	543
22934	543	0	13	6	0	562
22935	549	0	7	4	0	560
22936	18	2	544	1	0	565
22937	7	1	13	529	0	550
22938	6	548	5	8	0	567
22939	6	14	5	562	0	587
22940	558	3	2	17	0	580
22941	562	4	2	10	0	578
22942	17	0	2	550	0	569
22943	9	565	3	12	0	589
22944	9	11	2	546	0	568
22945	1	555	2	17	0	575
22946	561	12	0	10	0	583
22947	547	3	3	9	0	562
22948	548	4	3	4	0	559
22949	21	525	4	6	0	556
22950	7	541	3	7	0	558
22951	7	15	3	535	0	560
22952	4	7	3	547	0	561
22953	4	4	1	550	0	559
22954	6	3	2	549	0	560
22955	3	1	528	22	0	554
22956	510	0	16	12	0	538
22957	16	0	524	7	0	547
22958	541	2	14	4	0	561
22959	19	2	542	6	0	569
22960	549	1	16	7	0	573
22961	18	1	552	4	0	575
22962	543	1	13	8	0	565
22963	21	1	4	557	0	583
22964	571	1	5	18	0	595
22965	21	3	1	576	0	601
22966	11	1	3	587	0	602
22967	9	1	3	564	0	577
22968	6	530	0	21	0	557
22969	536	15	2	13	0	566
22970	538	5	3	8	0	554
22971	13	529	2	8	0	552
22972	14	14	2	536	0	566
22973	6	4	531	19	0	560
22974	521	1	14	10	0	546
22975	541	0	5	11	0	557
22976	539	3	3	3	0	548
22977	21	0	2	510	0	533
22978	14	508	2	14	0	538
22979	6	14	3	510	0	533
22980	508	3	0	16	0	527
22981	13	3	5	475	0	496
22982	7	474	1	16	0	498
22983	470	10	2	7	0	489
22984	15	4	465	6	0	490
22985	6	2	463	4	0	475
22986	5	447	14	4	0	470
22987	1	447	5	4	0	457
22988	7	10	418	3	0	438
22989	4	2	389	2	0	397
22990	4	22	14	295	0	335
22991	298	0	2	6	0	306
22992	6	1	293	0	0	300
22993	0	262	4	1	0	267
22994	258	4	1	1	0	264
22995	2	255	1	0	0	258
22996	230	2	1	4	0	237
22997	3	233	2	0	0	238
22998	0	235	3	2	0	240
22999	3	3	0	239	0	245
23000	1	0	1	239	0	241
23001	1	3	231	2	0	237
23002	3	0	2	229	0	234
23003	230	3	0	3	0	236
23004	231	1	0	1	0	233
23005	2	2	0	227	0	231
23006	0	2	228	3	0	233
23007	1	1	223	2	0	227
23008	0	0	2	233	0	235
23009	0	0	231	2	0	233
23010	3	0	2	229	0	234
23011	2	0	0	230	0	232
23012	2	0	249	2	0	253
23013	237	0	4	3	0	244
23014	247	0	2	4	0	253
23015	3	0	256	0	0	259
23016	1	0	247	3	0	251
23017	1	0	5	258	0	264
23018	0	0	2	282	0	284
23019	1	0	1	286	0	288
23020	1	0	2	286	0	289
23021	282	0	1	8	0	291
23022	303	0	1	1	0	305
23023	6	0	1	331	0	338
23024	2	0	1	339	0	342
23025	0	0	346	9	0	355
23026	1	0	8	352	0	361
23027	1	0	0	375	0	376
23028	388	0	1	16	0	405
23029	11	408	0	3	0	422
23030	3	12	0	409	0	424
23031	2	2	1	420	0	425
23032	3	1	0	410	0	414
23033	0	373	2	13	0	388
23034	1	407	0	6	0	414
23035	1	13	1	399	0	414
23036	2	3	0	409	0	414
23037	2	5	0	405	0	412
23038	373	0	0	19	0	392
23039	10	389	1	6	0	406
23040	387	11	0	8	0	406
23041	391	2	0	5	0	398
23042	14	4	0	379	0	397
23043	3	378	0	14	0	395
23044	375	12	0	7	0	394
23045	10	3	0	381	0	394
23046	383	1	0	13	0	397
23047	15	2	0	384	0	401
23048	6	1	383	13	0	403
23049	3	4	391	3	0	401
23050	3	0	13	391	0	407
23051	3	3	2	390	0	398
23052	5	1	1	387	0	394
23053	0	371	1	17	0	389
23054	5	389	1	3	0	398
23055	367	11	1	9	0	388
23056	380	3	2	1	0	386
23057	13	378	1	2	0	394
23058	4	368	2	3	0	377
23059	1	382	2	4	0	389
23060	346	13	0	6	0	365
23061	9	367	0	3	0	379
23062	1	12	0	370	0	383
23063	366	4	1	11	0	382
23064	368	4	0	4	0	376
23065	15	2	0	354	0	371
23066	6	1	355	11	0	373
23067	1	5	356	2	0	364
23068	1	3	11	359	0	374
23069	2	3	363	10	0	378
23070	5	0	10	362	0	377
23071	1	4	3	365	0	373
23072	3	0	354	13	0	370
23073	2	1	366	5	0	374
23074	5	0	13	354	0	372
23075	0	0	5	372	0	377
23076	348	1	4	16	0	369
23077	10	351	4	5	0	370
23078	3	373	1	5	0	382
23079	356	10	3	5	0	374
23080	370	3	2	5	0	380
23081	12	360	2	4	0	378
23082	3	370	2	2	0	377
23083	366	11	3	1	0	381
23084	13	2	0	361	0	376
23085	354	3	0	13	0	370
23086	13	355	0	3	0	371
23087	356	13	1	1	0	371
23088	13	4	354	1	0	372
23089	348	3	9	2	0	362
23090	14	1	353	1	0	369
23091	5	2	10	348	0	365
23092	349	3	1	10	0	363
23093	13	0	345	3	0	361
23094	3	1	10	345	0	359
23095	346	1	3	10	0	360
23096	11	2	337	3	0	353
23097	7	1	9	342	0	359
23098	338	0	5	12	0	355
23099	10	337	1	5	0	353
23100	5	11	2	339	0	357
23101	2	1	2	346	0	351
23102	2	2	1	348	0	353
23103	2	340	2	14	0	358
23104	1	9	1	357	0	368
23105	2	4	0	363	0	369
23106	7	2	2	352	0	363
23107	3	2	1	368	0	374
23108	3	0	346	14	0	363
23109	337	3	9	6	0	355
23110	344	1	4	8	0	357
23111	12	357	2	3	0	374
23112	6	8	0	340	0	354
23113	2	5	0	349	0	356
23114	1	340	0	12	0	353
23115	3	8	0	339	0	350
23116	325	2	3	13	0	343
23117	8	324	1	4	0	337
23118	311	6	1	3	0	321
23119	7	3	0	301	0	311
23120	4	2	299	9	0	314
23121	1	305	6	4	0	316
23122	278	4	7	2	0	291
23123	7	237	1	2	0	247
23124	5	245	0	1	0	251
23125	217	3	1	1	0	222
23126	5	2	219	0	0	226
23127	3	193	0	2	0	198
23128	148	5	12	0	0	165
23129	128	1	3	1	0	133
23130	0	130	0	1	0	131
23131	1	0	0	137	0	138
23132	1	0	137	1	0	139
23133	0	1	0	140	0	141
23134	0	0	1	132	0	133
23135	0	0	2	141	0	143
23136	1	0	142	3	0	146
23137	1	0	1	139	0	141
23138	2	0	141	1	0	144
23139	1	1	130	0	0	132
23140	122	2	0	1	0	125
23141	1	135	1	1	0	138
23142	0	139	1	0	0	140
23143	2	1	0	140	0	143
23144	156	1	0	4	0	161
23145	163	1	0	0	0	164
23146	160	1	0	2	0	163
23147	165	0	0	0	0	165
23148	158	0	0	1	0	159
23149	1	0	155	0	0	156
23150	1	1	0	156	0	158
23151	2	155	0	0	0	157
23152	0	1	1	162	0	164
23153	159	1	0	2	0	162
23154	1	155	0	0	0	156
23155	0	0	0	162	0	162
23156	161	1	0	0	0	162
23157	172	1	0	0	0	173
23158	2	0	0	172	0	174
23159	2	1	0	166	0	169
23160	1	0	0	170	0	171
23161	0	0	165	1	0	166
23162	0	0	163	2	0	165
23163	0	0	0	171	0	171
23164	3	0	1	165	0	169
23165	167	0	2	1	0	170
23166	166	0	0	2	0	168
23167	164	0	1	1	0	166
23168	173	0	1	0	0	174
23169	169	0	1	0	0	170
23170	1	175	0	1	0	177
23171	178	2	0	1	0	181
23172	178	0	0	2	0	180
23173	180	1	0	0	0	181
23174	2	1	0	182	0	185
23175	2	0	181	1	0	184
23176	3	0	0	184	0	187
23177	3	0	197	1	0	201
23178	1	1	2	188	0	192
23179	0	199	0	3	0	202
23180	198	1	0	2	0	201
23181	196	0	1	1	0	198
23182	2	1	1	207	0	211
23183	1	1	0	218	0	220
23184	2	0	0	213	0	215
23185	2	218	0	1	0	221
23186	224	0	0	1	0	225
23187	217	0	0	1	0	218
23188	1	222	0	1	0	224
23189	2	0	0	227	0	229
23190	1	1	1	217	0	220
23191	1	224	1	0	0	226
23192	224	0	0	3	0	227
23193	226	0	0	2	0	228
23194	1	1	0	231	0	233
23195	3	0	236	0	0	239
23196	2	0	224	1	0	227
23197	2	0	1	242	0	245
23198	1	0	1	237	0	239
23199	1	1	1	239	0	242
23200	247	0	0	2	0	249
23201	250	0	0	0	0	250
23202	2	260	0	2	0	264
23203	255	1	0	4	0	260
23204	2	0	263	1	0	266
23205	0	2	263	0	0	265
23206	2	289	1	0	0	292
23207	283	1	1	1	0	286
23208	1	282	0	0	0	283
23209	280	1	0	1	0	282
23210	2	0	282	0	0	284
23211	1	1	275	0	0	277
23212	1	0	1	269	0	271
23213	2	0	278	1	0	281
23214	0	0	1	294	0	295
23215	0	0	2	258	0	260
23216	0	296	2	1	0	299
23217	0	1	0	300	0	301
23218	0	1	0	304	0	305
23219	307	0	0	4	0	311
23220	2	307	0	0	0	309
23221	0	1	0	316	0	317
23222	0	1	311	1	0	313
23223	288	0	2	0	0	290
23224	1	0	315	0	0	316
23225	1	0	2	306	0	309
23226	0	325	0	1	0	326
23227	1	2	0	320	0	323
23228	330	1	0	2	0	333
23229	330	0	0	1	0	331
23230	2	353	1	1	0	357
23231	363	2	1	1	0	367
23232	367	0	0	2	0	369
23233	380	0	1	0	0	381
23234	381	0	0	1	0	382
23235	368	0	0	2	0	370
23236	2	1	378	0	0	381
23237	2	0	2	375	0	379
23238	1	0	0	373	0	374
23239	0	0	1	377	0	378
23240	0	377	1	2	0	380
23241	1	2	0	377	0	380
23242	0	0	386	3	0	389
23243	0	382	2	1	0	385
23244	0	370	0	1	0	371
23245	3	3	0	369	0	375
23246	1	1	0	363	0	365
23247	2	0	0	369	0	371
23248	0	352	1	3	0	356
23249	0	365	0	0	0	365
23250	362	3	0	4	0	369
23251	363	0	2	1	0	366
23252	3	371	0	0	0	374
23253	377	2	0	1	0	380
23254	391	0	1	1	0	393
23255	2	0	0	391	0	393
23256	0	0	0	400	0	400
23257	0	1	1	385	0	387
23258	0	1	389	3	0	393
23259	0	0	392	2	0	394
23260	0	400	2	0	0	402
23261	414	2	0	2	0	418
23262	3	2	417	1	0	423
23263	410	0	3	0	0	413
23264	4	2	447	0	0	453
23265	456	0	3	2	0	461
23266	4	478	1	0	0	483
23267	489	3	0	3	0	495
23268	5	1	2	478	0	486
23269	1	0	1	484	0	486
23270	0	1	489	5	0	495
23271	1	501	3	3	0	508
23272	3	2	1	507	0	513
23273	1	3	503	3	0	510
23274	474	1	4	4	0	483
23275	5	493	2	1	0	501
23276	485	5	1	4	0	495
23277	4	471	1	3	0	479
23278	4	4	1	475	0	484
23279	473	1	0	8	0	482
23280	3	472	3	2	0	480
23281	3	6	0	479	0	488
23282	1	0	475	6	0	482
23283	442	0	4	5	0	451
23284	5	3	1	462	0	471
23285	2	2	463	4	0	471
23286	3	460	4	1	0	468
23287	0	5	2	467	0	474
23288	2	2	459	6	0	469
23289	1	0	5	441	0	447
23290	1	465	2	4	0	472
23291	0	469	1	4	0	474
23292	0	5	458	0	0	463
23293	4	4	3	440	0	451
23294	1	0	444	5	0	450
23295	427	1	5	1	0	434
23296	4	1	2	436	0	443
23297	3	424	0	3	0	430
23298	1	447	1	1	0	450
23299	442	3	1	2	0	448
23300	2	462	0	2	0	466
23301	446	3	2	3	0	454
23302	3	1	446	1	0	451
23303	419	1	2	2	0	424
23304	2	438	2	1	0	443
23305	434	2	1	2	0	439
23306	3	424	0	1	0	428
23307	2	4	0	417	0	423
23308	3	2	0	430	0	435
23309	1	4	429	3	0	437
23310	411	1	2	3	0	417
23311	5	1	424	0	0	430
23312	436	1	4	1	0	442
23313	7	2	1	432	0	442
23314	3	1	1	430	0	435
23315	2	438	0	7	0	447
23316	2	4	1	442	0	449
23317	2	1	2	441	0	446
23318	0	2	439	6	0	447
23319	407	0	6	2	0	415
23320	5	427	4	1	0	437
23321	425	4	0	1	0	430
23322	5	3	0	422	0	430
23323	2	1	0	427	0	430
23324	418	1	1	9	0	429
23325	4	429	1	2	0	436
23326	413	3	0	3	0	419
23327	3	406	0	2	0	411
23328	1	403	3	1	0	408
23329	404	4	3	1	0	412
23330	7	3	1	380	0	391
23331	4	0	385	4	0	393
23332	1	1	7	377	0	386
23333	7	1	1	373	0	382
23334	2	378	3	4	0	387
23335	4	4	1	379	0	388
23336	2	4	0	383	0	389
23337	4	2	0	383	0	389
23338	1	2	2	386	0	391
23339	1	2	384	9	0	396
23340	0	0	403	4	0	407
23341	0	4	9	397	0	410
23342	2	0	403	10	0	415
23343	0	1	400	4	0	405
23344	6	0	7	391	0	404
23345	0	5	414	8	0	427
23346	6	0	7	397	0	410
23347	1	425	1	7	0	434
23348	426	6	0	8	0	440
23349	8	0	465	1	0	474
23350	2	2	8	453	0	465
23351	1	1	471	10	0	483
23352	3	0	10	494	0	507
23353	7	1	1	506	0	515
23354	497	2	0	11	0	510
23355	8	0	3	506	0	517
23356	488	2	3	9	0	502
23357	505	0	0	4	0	509
23358	6	501	4	0	0	511
23359	485	8	0	3	0	496
23360	7	483	1	6	0	497
23361	1	498	0	2	0	501
23362	480	6	4	2	0	492
23363	9	1	476	2	0	488
23364	0	3	451	0	0	454
23365	439	11	7	0	0	457
23366	427	3	1	6	0	437
23367	7	434	0	2	0	443
23368	440	7	1	4	0	452
23369	439	3	1	0	0	443
23370	434	1	1	0	0	436
23371	10	1	0	421	0	432
23372	414	1	1	9	0	425
23373	7	436	0	2	0	445
23374	4	6	0	446	0	456
23375	4	2	1	447	0	454
23376	3	451	1	7	0	462
23377	2	7	0	456	0	465
23378	452	2	0	6	0	460
23379	461	2	0	2	0	465
23380	8	444	2	4	0	458
23381	1	456	1	3	0	461
23382	457	8	0	4	0	469
23383	6	2	457	2	0	467
23384	4	1	454	1	0	460
23385	2	3	5	454	0	464
23386	1	2	3	461	0	467
23387	2	1	451	9	0	463
23388	2	442	6	4	0	454
23389	3	7	4	420	0	434
23390	1	0	459	9	0	469
23391	3	1	7	456	0	467
23392	3	1	2	462	0	468
23393	0	475	3	9	0	487
23394	2	7	0	471	0	480
23395	3	1	3	478	0	485
23396	1	0	1	482	0	484
23397	471	1	2	10	0	484
23398	10	1	2	464	0	477
23399	0	479	0	9	0	488
23400	470	5	2	3	0	480
23401	8	0	468	2	0	478
23402	1	4	448	5	0	458
23403	458	0	9	1	0	468
23404	8	2	1	464	0	475
23405	0	5	466	7	0	478
23406	7	0	7	466	0	480
23407	2	0	5	472	0	479
23408	467	1	2	11	0	481
23409	469	0	2	2	0	473
23410	9	474	0	3	0	486
23411	3	8	1	466	0	478
23412	5	2	471	6	0	484
23413	4	487	6	4	0	501
23414	486	6	1	2	0	495
23415	9	502	1	3	0	515
23416	493	8	1	4	0	506
23417	7	2	504	2	0	515
23418	484	1	7	4	0	496
23419	505	3	0	2	0	510
23420	10	1	519	1	0	531
23421	1	3	6	505	0	515
23422	6	508	1	7	0	522
23423	4	535	2	2	0	543
23424	5	531	1	0	0	537
23425	5	5	0	518	0	528
23426	5	0	525	6	0	536
23427	3	1	7	524	0	535
23428	1	2	1	535	0	539
23429	1	1	527	8	0	537
23430	2	533	5	1	0	541
23431	1	6	1	521	0	529
23432	525	2	1	7	0	535
23433	6	0	1	524	0	531
23434	1	2	3	523	0	529
23435	1	529	1	6	0	537
23436	528	5	0	3	0	536
23437	6	3	1	552	0	562
23438	2	1	550	4	0	557
23439	2	546	3	2	0	553
23440	528	2	0	7	0	537
23441	3	1	536	1	0	541
23442	522	1	2	4	0	529
23443	3	3	0	530	0	536
23444	1	554	3	3	0	561
23445	534	4	1	3	0	542
23446	540	1	1	3	0	545
23447	2	574	2	6	0	584
23448	5	3	0	562	0	570
23449	5	0	1	537	0	543
23450	530	2	1	7	0	540
23451	3	532	1	1	0	537
23452	2	3	1	500	0	506
23453	1	497	1	3	0	502
23454	0	491	1	3	0	495
23455	5	2	0	475	0	482
23456	472	1	0	7	0	480
23457	3	475	0	2	0	480
23458	1	0	0	479	0	480
23459	2	1	0	476	0	479
23460	1	2	486	1	0	490
23461	1	1	461	2	0	465
23462	0	476	2	2	0	480
23463	2	2	476	0	0	480
23464	2	1	2	474	0	479
23465	0	3	484	2	0	489
23466	3	0	1	480	0	484
23467	0	1	0	487	0	488
23468	0	1	1	490	0	492
23469	486	0	0	3	0	489
23470	1	1	0	486	0	488
23471	1	1	0	487	0	489
23472	1	480	1	2	0	484
23473	1	1	1	481	0	484
23474	484	2	1	1	0	488
23475	2	507	0	0	0	509
23476	498	2	2	8	0	510
23477	4	0	501	2	0	507
23478	2	2	496	0	0	500
23479	4	0	2	499	0	505
23480	1	0	2	524	0	527
23481	0	520	2	4	0	526
23482	2	2	1	493	0	498
23483	509	3	0	9	0	521
23484	508	2	1	4	0	515
23485	2	2	0	526	0	530
23486	3	0	572	3	0	578
23487	4	0	3	568	0	575
23488	4	2	2	591	0	599
23489	2	1	1	601	0	605
23490	2	1	2	597	0	602
23491	2	1	1	581	0	585
23492	0	586	1	7	0	594
23493	577	3	0	6	0	586
23494	577	4	0	7	0	588
23495	583	1	1	4	0	589
23496	6	585	0	0	0	591
23497	578	3	0	2	0	583
23498	5	584	2	3	0	594
23499	2	4	585	1	0	592
23500	0	3	3	569	0	575
23501	1	4	582	3	0	590
23502	1	583	5	4	0	593
23503	573	3	2	8	0	586
23504	4	2	598	2	0	606
23505	4	3	622	0	0	629
23506	4	661	7	1	0	673
23507	3	4	7	667	0	681
23508	2	5	715	4	0	726
23509	2	1	6	713	0	722
23510	3	1	4	781	0	789
23511	5	1	2	824	0	832
23512	876	1	1	15	0	893
23513	891	2	0	11	0	904
23514	17	0	2	887	0	906
23515	890	2	3	14	0	909
23516	16	0	879	6	0	901
23517	7	2	857	5	0	871
23518	4	0	875	3	0	882
23519	2	4	916	2	0	924
23520	1	889	20	4	0	914
23521	3	13	12	876	0	904
23522	2	6	898	12	0	918
23523	838	3	10	12	0	863
23524	892	1	7	9	0	909
23525	22	887	6	2	0	917
23526	893	13	6	4	0	916
23527	20	5	6	879	0	910
23528	10	5	914	11	0	940
23529	6	1	18	886	0	911
23530	1	932	12	16	0	961
23531	911	14	8	12	0	945
23532	932	9	5	8	0	954
23533	21	941	1	5	0	968
23534	948	13	3	2	0	966
23535	945	9	1	3	0	958
23536	23	939	2	2	0	966
23537	10	14	2	917	0	943
23538	7	924	5	10	0	946
23539	918	18	2	15	0	953
23540	17	10	3	921	0	951
23541	918	7	1	18	0	944
23542	22	3	0	919	0	944
23543	14	4	904	14	0	936
23544	886	3	12	11	0	912
23545	16	4	898	6	0	924
23546	14	5	18	887	0	924
23547	8	4	905	14	0	931
23548	3	6	17	891	0	917
23549	5	3	897	19	0	924
23550	863	3	16	13	0	895
23551	20	886	7	6	0	919
23552	886	13	6	7	0	912
23553	22	7	6	889	0	924
23554	877	4	2	19	0	902
23555	17	881	8	8	0	914
23556	8	867	4	10	0	889
23557	5	926	8	5	0	944
23558	914	22	3	10	0	949
23559	15	13	6	905	0	939
23560	14	6	2	927	0	949
23561	5	7	911	22	0	945
23562	10	2	910	11	0	933
23563	11	6	19	902	0	938
23564	7	5	931	15	0	958
23565	2	930	17	11	0	960
23566	916	18	9	11	0	954
23567	15	15	934	4	0	968
23568	10	6	931	7	0	954
23569	10	5	20	907	0	942
23570	924	2	10	19	0	955
23571	19	1	10	928	0	958
23572	918	1	6	29	0	954
23573	23	1	9	922	0	955
23574	11	3	943	18	0	975
23575	5	925	19	14	0	963
23576	7	16	948	5	0	976
23577	3	933	24	2	0	962
23578	11	20	10	910	0	951
23579	910	7	9	22	0	948
23580	20	4	918	8	0	950
23581	12	3	13	912	0	940
23582	13	1	7	921	0	942
23583	916	3	7	26	0	952
23584	20	4	6	911	0	941
23585	10	922	3	19	0	954
23586	878	17	9	10	0	914
23587	16	11	871	6	0	904
23588	837	5	17	10	0	869
23589	20	849	9	2	0	880
23590	9	16	7	832	0	864
23591	11	861	2	15	0	889
23592	853	16	4	10	0	883
23593	19	8	848	7	0	882
23594	810	10	10	13	0	843
23595	22	850	6	1	0	879
23596	12	15	6	860	0	893
23597	862	9	5	17	0	893
23598	877	4	1	10	0	892
23599	17	6	5	852	0	880
23600	14	6	3	855	0	878
23601	6	853	5	18	0	882
23602	12	15	2	852	0	881
23603	3	940	6	18	0	967
23604	7	981	4	7	0	999
23605	11	30	4	891	0	936
23606	3	950	4	19	0	976
23607	9	28	957	6	0	1000
23608	8	8	957	10	0	983
23609	6	970	25	5	0	1006
23610	6	18	953	7	0	984
23611	2	10	939	3	0	954
23612	0	5	861	1	0	867
23613	1	840	28	0	0	869
23614	806	18	18	1	0	843
23615	15	814	8	0	0	837
23616	5	19	814	0	0	838
23617	8	5	16	793	0	822
23618	784	7	7	22	0	820
23619	18	0	776	5	0	799
23620	8	3	16	775	0	802
23621	6	0	781	15	0	802
23622	2	1	20	768	0	791
23623	738	1	5	27	0	771
23624	16	2	759	5	0	782
23625	7	748	15	7	0	777
23626	7	13	7	744	0	771
23627	762	7	6	18	0	793
23628	17	7	747	4	0	775
23629	7	0	20	698	0	725
23630	6	732	6	13	0	757
23631	740	15	9	7	0	771
23632	745	8	2	8	0	763
23633	22	5	3	728	0	758
23634	14	726	1	18	0	759
23635	6	779	4	6	0	795
23636	777	26	1	10	0	814
23637	21	13	1	762	0	797
23638	9	780	0	20	0	809
23639	784	23	0	11	0	818
23640	22	11	4	783	0	820
23641	14	7	1	805	0	827
23642	8	2	766	29	0	805
23643	1	780	22	13	0	816
23644	4	822	7	7	0	840
23645	3	25	7	815	0	850
23646	812	15	1	23	0	851
23647	20	824	6	10	0	860
23648	817	21	2	13	0	853
23649	24	826	3	0	0	853
23650	11	28	1	814	0	854
23651	826	10	1	20	0	857
23652	20	8	3	822	0	853
23653	14	2	812	25	0	853
23654	10	4	18	786	0	818
23655	4	810	10	24	0	848
23656	803	21	5	11	0	840
23657	21	797	1	9	0	828
23658	16	25	3	769	0	813
23659	8	11	3	805	0	827
23660	4	9	771	30	0	814
23661	4	1	791	16	0	812
23662	5	7	30	763	0	805
23663	3	3	778	21	0	805
23664	0	766	24	14	0	804
23665	760	22	12	9	0	803
23666	22	9	783	2	0	816
23667	758	6	22	5	0	791
23668	784	5	11	6	0	806
23669	793	5	5	2	0	805
23670	798	5	3	3	0	809
23671	31	2	3	767	0	803
23672	20	1	2	762	0	785
23673	9	772	3	27	0	811
23674	741	17	3	20	0	781
23675	22	9	747	6	0	784
23676	11	8	19	735	0	773
23677	10	0	10	747	0	767
23678	3	4	739	27	0	773
23679	2	733	21	15	0	771
23680	4	19	12	705	0	740
23681	5	10	9	751	0	775
23682	726	7	3	30	0	766
23683	20	706	4	16	0	746
23684	14	19	4	707	0	744
23685	7	716	3	17	0	743
23686	8	23	1	722	0	754
23687	711	7	3	27	0	748
23688	725	9	1	15	0	750
23689	29	3	1	712	0	745
23690	709	6	2	20	0	737
23691	718	1	1	18	0	738
23692	28	701	2	10	0	741
23693	19	17	2	680	0	718
23694	8	704	3	22	0	737
23695	7	23	1	704	0	735
23696	700	8	4	29	0	741
23697	22	7	4	706	0	739
23698	13	4	2	717	0	736
23699	6	5	687	28	0	726
23700	3	654	17	15	0	689
23701	5	691	8	7	0	711
23702	673	23	4	6	0	706
23703	22	11	1	540	0	574
23704	503	3	2	18	0	526
23705	16	485	0	10	0	511
23706	10	449	2	1	0	462
23707	3	472	0	6	0	481
23708	398	15	11	5	0	429
23709	9	395	2	1	0	407
23710	374	5	2	2	0	383
23711	357	2	0	4	0	363
23712	379	1	0	0	0	380
23713	8	1	0	379	0	388
23714	4	0	1	393	0	398
23715	0	0	0	403	0	403
23716	3	1	0	395	0	399
23717	398	0	1	8	0	407
23718	6	394	0	4	0	404
23719	3	5	0	400	0	408
23720	403	4	0	9	0	416
23721	4	2	0	399	0	405
23722	5	1	0	401	0	407
23723	401	1	0	8	0	410
23724	4	2	402	3	0	411
23725	6	1	4	401	0	412
23726	3	0	408	4	0	415
23727	1	1	5	386	0	393
23728	2	1	3	387	0	393
23729	380	0	1	8	0	389
23730	5	371	0	5	0	381
23731	2	374	1	2	0	379
23732	359	4	0	5	0	368
23733	4	373	0	1	0	378
23734	375	5	1	2	0	383
23735	7	2	363	0	0	372
23736	342	2	1	1	0	346
23737	352	1	1	2	0	356
23738	353	0	1	3	0	357
23739	3	0	0	352	0	355
23740	4	0	0	350	0	354
23741	2	347	1	1	0	351
23742	0	2	1	348	0	351
23743	345	1	0	5	0	351
23744	3	353	1	2	0	359
23745	1	353	0	4	0	358
23746	352	2	1	2	0	357
23747	2	3	352	0	0	357
23748	1	3	1	341	0	346
23749	1	1	358	1	0	361
23750	2	1	2	353	0	358
23751	0	359	1	3	0	363
23752	2	1	1	363	0	367
23753	351	2	1	6	0	360
23754	3	1	0	353	0	357
23755	3	0	360	1	0	364
23756	332	1	1	4	0	338
23757	2	359	1	2	0	364
23758	1	373	4	1	0	379
23759	396	2	0	2	0	400
23760	399	4	0	5	0	408
23761	4	2	404	1	0	411
23762	402	0	2	3	0	407
23763	4	404	1	1	0	410
23764	403	3	3	0	0	409
23765	5	2	0	390	0	397
23766	3	380	1	1	0	385
23767	386	3	0	1	0	390
23768	2	2	379	4	0	387
23769	3	3	1	384	0	391
23770	388	0	2	6	0	396
23771	3	0	384	2	0	389
23772	389	0	2	3	0	394
23773	4	0	1	381	0	386
23774	1	1	3	388	0	393
23775	2	0	381	6	0	389
23776	5	0	1	381	0	387
23777	376	0	1	8	0	385
23778	1	379	2	1	0	383
23779	380	2	0	4	0	386
23780	379	2	0	1	0	382
23781	6	3	0	370	0	379
23782	5	0	379	2	0	386
23783	5	0	2	377	0	384
23784	376	0	3	8	0	387
23785	4	376	3	1	0	384
23786	376	3	0	5	0	384
23787	7	1	0	375	0	383
23788	3	4	0	385	0	392
23789	2	2	1	387	0	392
23790	2	0	381	7	0	390
23791	1	1	2	384	0	388
23792	1	1	382	6	0	390
23793	2	0	383	1	0	386
23794	4	1	6	412	0	423
23795	2	0	418	5	0	425
23796	452	0	10	8	0	470
23797	7	0	2	490	0	499
23798	6	1	5	476	0	488
23799	5	493	2	9	0	509
23800	497	8	0	9	0	514
23801	515	4	1	12	0	532
23802	11	524	1	2	0	538
23803	10	9	0	526	0	545
23804	4	3	527	9	0	543
23805	517	5	9	3	0	534
23806	536	1	3	7	0	547
23807	16	0	5	505	0	526
23808	7	1	503	8	0	519
23809	6	495	6	5	0	512
23810	485	9	4	6	0	504
23811	9	6	486	3	0	504
23812	5	474	7	1	0	487
23813	449	9	4	3	0	465
23814	451	3	5	1	0	460
23815	9	3	1	438	0	451
23816	5	435	1	9	0	450
23817	6	7	0	444	0	457
23818	4	3	1	453	0	461
23819	3	4	2	443	0	452
23820	4	2	2	450	0	458
23821	0	2	435	15	0	452
23822	4	0	8	445	0	457
23823	1	1	5	454	0	461
23824	3	1	439	13	0	456
23825	4	431	11	5	0	451
23826	430	11	3	7	0	451
23827	437	3	5	8	0	453
23828	14	7	3	432	0	456
23829	440	4	0	11	0	455
23830	18	1	2	438	0	459
23831	6	1	439	15	0	461
23832	6	2	446	6	0	460
23833	6	437	13	6	0	462
23834	443	7	8	7	0	465
23835	11	6	464	3	0	484
23836	6	5	13	442	0	466
23837	7	3	6	484	0	500
23838	10	1	5	496	0	512
23839	4	0	4	498	0	506
23840	3	3	3	502	0	511
23841	6	2	474	24	0	506
23842	5	3	11	493	0	512
23843	477	1	6	22	0	506
23844	12	477	6	12	0	507
23845	467	13	6	11	0	497
23846	20	478	0	7	0	505
23847	485	14	3	7	0	509
23848	496	8	2	11	0	517
23849	19	8	4	482	0	513
23850	12	4	2	493	0	511
23851	486	1	3	19	0	509
23852	471	2	2	15	0	490
23853	485	2	3	10	0	500
23854	20	460	3	9	0	492
23855	16	469	2	4	0	491
23856	9	16	459	6	0	490
23857	8	10	13	457	0	488
23858	3	6	454	17	0	480
23859	7	448	14	7	0	476
23860	8	14	8	419	0	449
23861	5	5	4	432	0	446
23862	3	3	6	436	0	448
23863	417	6	3	20	0	446
23864	430	4	2	12	0	448
23865	18	424	4	9	0	455
23866	9	13	4	431	0	457
23867	9	8	426	13	0	456
23868	8	3	405	11	0	427
23869	415	3	16	9	0	443
23870	427	6	6	9	0	448
23871	20	3	5	407	0	435
23872	411	3	8	16	0	438
23873	20	2	400	10	0	432
23874	11	400	12	6	0	429
23875	7	11	5	408	0	431
23876	8	6	405	14	0	433
23877	7	7	14	413	0	441
23878	7	5	6	430	0	448
23879	5	4	417	23	0	449
23880	406	3	12	14	0	435
23881	428	3	7	10	0	448
23882	20	454	4	8	0	486
23883	468	12	4	10	0	494
23884	485	6	4	2	0	497
23885	19	5	465	11	0	500
23886	460	5	15	8	0	488
23887	16	489	8	8	0	521
23888	499	13	5	5	0	522
23889	511	7	8	4	0	530
23890	525	6	2	9	0	542
23891	509	4	4	7	0	524
23892	521	0	5	3	0	529
23893	21	497	2	6	0	526
23894	459	8	1	6	0	474
23895	15	452	5	4	0	476
23896	9	388	1	5	0	403
23897	5	386	0	8	0	399
23898	386	10	5	2	0	403
23899	382	5	1	2	0	390
23900	13	5	374	1	0	393
23901	374	5	9	1	0	389
23902	376	1	2	2	0	381
23903	14	3	365	0	0	382
23904	8	1	10	363	0	382
23905	9	2	2	360	0	373
23906	5	2	1	373	0	381
23907	3	0	3	379	0	385
23908	5	1	2	377	0	385
23909	1	0	370	14	0	385
23910	2	367	9	5	0	383
23911	363	8	2	4	0	377
23912	9	362	1	3	0	375
23913	364	8	3	3	0	378
23914	366	3	0	4	0	373
23915	12	2	355	1	0	370
23916	9	1	9	329	0	348
23917	4	351	3	6	0	364
23918	359	10	1	3	0	373
23919	360	1	1	3	0	365
23920	370	2	1	2	0	375
23921	11	371	1	2	0	385
23922	377	5	2	1	0	385
23923	379	3	1	2	0	385
23924	386	2	0	1	0	389
23925	12	3	0	368	0	383
23926	8	2	0	376	0	386
23927	6	1	0	383	0	390
23928	374	1	1	9	0	385
23929	8	380	0	4	0	392
23930	382	7	0	1	0	390
23931	379	3	0	1	0	383
23932	376	2	0	0	0	378
23933	376	2	0	4	0	382
23934	10	356	1	1	0	368
23935	348	4	0	2	0	354
23936	8	344	1	0	0	353
23937	4	337	0	0	0	341
23938	343	3	2	2	0	350
23939	4	339	1	1	0	345
23940	1	342	0	2	0	345
23941	348	2	0	1	0	351
23942	343	3	0	1	0	347
23943	4	1	0	336	0	341
23944	3	1	0	349	0	353
23945	360	0	1	4	0	365
23946	362	2	0	3	0	367
23947	355	1	0	2	0	358
23948	6	1	344	0	0	351
23949	352	1	4	2	0	359
23950	6	1	0	361	0	368
23951	2	0	2	363	0	367
23952	2	1	1	359	0	363
23953	0	2	0	362	0	364
23954	2	0	352	5	0	359
23955	2	0	350	1	0	353
23956	0	0	3	350	0	353
23957	0	1	346	5	0	352
23958	2	0	347	0	0	349
23959	3	2	3	347	0	355
23960	3	0	1	358	0	362
23961	0	1	2	372	0	375
23962	3	0	0	364	0	367
23963	369	0	0	6	0	375
23964	378	0	1	2	0	381
23965	3	1	0	370	0	374
23966	2	0	0	371	0	373
23967	3	1	1	364	0	369
23968	2	0	1	368	0	371
23969	2	1	0	363	0	366
23970	0	361	1	3	0	365
23971	361	3	1	2	0	367
23972	5	362	0	1	0	368
23973	368	4	0	0	0	372
23974	367	0	0	1	0	368
23975	367	1	0	2	0	370
23976	5	0	0	358	0	363
23977	351	0	0	4	0	355
23978	4	0	0	350	0	354
23979	3	0	0	349	0	352
23980	357	0	0	4	0	361
23981	5	343	0	1	0	349
23982	1	318	0	2	0	321
23983	305	3	0	1	0	309
23984	3	1	309	0	0	313
23985	294	2	2	1	0	299
23986	4	1	1	300	0	306
23987	0	287	1	2	0	290
23988	1	290	0	0	0	291
23989	294	5	2	1	0	302
23990	3	0	0	307	0	310
23991	0	314	1	2	0	317
23992	312	2	0	3	0	317
23993	311	0	0	2	0	313
23994	313	0	0	1	0	314
23995	315	0	0	0	0	315
23996	4	305	0	0	0	309
23997	0	315	0	1	0	316
23998	316	2	0	1	0	319
23999	323	0	0	2	0	325
24000	3	0	320	0	0	323
24001	0	310	3	0	0	313
24002	314	4	0	1	0	319
24003	325	1	0	2	0	328
24004	5	1	334	0	0	340
24005	338	0	5	2	0	345
24006	7	0	359	0	0	366
24007	3	0	385	0	0	388
24008	2	1	7	362	0	372
24009	1	368	2	5	0	376
24010	385	6	0	5	0	396
24011	6	3	0	385	0	394
24012	3	0	0	393	0	396
24013	2	1	0	392	0	395
24014	384	1	0	8	0	393
24015	8	0	0	387	0	395
24016	5	0	1	399	0	405
24017	2	0	395	6	0	403
24018	386	0	6	4	0	396
24019	399	1	2	1	0	403
24020	9	1	394	0	0	404
24021	385	0	7	1	0	393
24022	8	0	2	382	0	392
24023	2	382	1	6	0	391
24024	1	6	0	387	0	394
24025	382	1	0	8	0	391
24026	7	387	0	2	0	396
24027	3	5	0	383	0	391
24028	0	3	0	394	0	397
24029	2	1	0	389	0	392
24030	2	1	0	379	0	382
24031	1	392	1	7	0	401
24032	396	6	2	2	0	406
24033	405	3	0	2	0	410
24034	11	406	1	0	0	418
24035	445	8	1	2	0	456
24036	471	3	1	2	0	477
24037	463	0	0	3	0	466
24038	18	1	448	1	0	468
24039	6	0	15	444	0	465
24040	3	0	443	16	0	462
24041	443	1	15	7	0	466
24042	17	440	3	3	0	463
24043	435	15	3	5	0	458
24044	18	446	0	4	0	468
24045	5	16	3	426	0	450
24046	7	4	3	441	0	455
24047	2	4	429	19	0	454
24048	1	435	18	6	0	460
24049	427	17	8	4	0	456
24050	17	4	429	3	0	453
24051	426	4	16	5	0	451
24052	24	2	6	420	0	452
24053	8	2	423	18	0	451
24054	4	433	15	10	0	462
24055	5	15	6	436	0	462
24056	2	5	430	17	0	454
24057	3	2	439	8	0	452
24058	1	431	22	6	0	460
24059	9	19	8	416	0	452
24060	9	3	3	417	0	432
24061	6	407	2	23	0	438
24062	414	19	3	10	0	446
24063	22	5	2	404	0	433
24064	11	407	2	17	0	437
24065	409	17	5	8	0	439
24066	414	7	1	10	0	432
24067	422	3	4	8	0	437
24068	24	411	1	5	0	441
24069	422	23	0	5	0	450
24070	436	6	1	4	0	447
24071	23	6	0	424	0	453
24072	423	2	0	25	0	450
24073	21	4	2	423	0	450
24074	11	1	414	20	0	446
24075	7	4	434	7	0	452
24076	5	5	20	430	0	460
24077	6	2	437	18	0	463
24078	428	0	18	8	0	454
24079	21	2	6	440	0	469
24080	9	0	6	445	0	460
24081	5	4	423	25	0	457
24082	4	405	19	10	0	438
24083	2	434	10	4	0	450
24084	3	22	6	414	0	445
24085	8	7	2	427	0	444
24086	6	4	413	24	0	447
24087	4	3	418	12	0	437
24088	4	4	22	414	0	444
24089	6	2	411	21	0	440
24090	394	3	21	11	0	429
24091	22	7	5	401	0	435
24092	410	3	5	23	0	441
24093	30	1	2	401	0	434
24094	12	4	3	426	0	445
24095	5	1	415	26	0	447
24096	5	405	18	9	0	437
24097	9	18	6	411	0	444
24098	4	6	415	20	0	445
24099	6	399	17	9	0	431
24100	7	15	8	398	0	428
24101	397	5	7	19	0	428
24102	17	4	391	7	0	419
24103	372	1	18	7	0	398
24104	18	5	368	1	0	392
24105	336	0	18	7	0	361
24106	17	330	5	3	0	355
24107	3	325	4	3	0	335
24108	5	14	4	309	0	332
24109	2	315	1	11	0	329
24110	311	17	1	2	0	331
24111	13	3	0	310	0	326
24112	4	3	1	316	0	324
24113	4	0	2	320	0	326
24114	0	2	303	17	0	322
24115	2	0	11	303	0	316
24116	0	0	302	13	0	315
24117	3	291	13	3	0	310
24118	281	10	2	6	0	299
24119	13	290	2	1	0	306
24120	297	11	0	3	0	311
24121	305	2	1	6	0	314
24122	304	3	4	0	0	311
24123	302	3	1	2	0	308
24124	14	1	287	3	0	305
24125	6	1	11	283	0	301
24126	3	3	2	279	0	287
24127	3	1	2	294	0	300
24128	275	0	0	14	0	289
24129	282	0	3	4	0	289
24130	14	281	0	4	0	299
24131	5	8	269	1	0	283
24132	3	2	274	0	0	279
24133	1	253	12	2	0	268
24134	1	262	3	1	0	267
24135	8	11	2	199	0	220
24136	0	0	0	195	0	195
24137	201	0	0	4	0	205
24138	4	199	0	0	0	203
24139	0	2	0	196	0	198
24140	0	0	205	4	0	209
24141	0	0	4	216	0	220
24142	0	0	0	219	0	219
24143	0	0	0	225	0	225
24144	1	0	0	224	0	225
24145	0	0	215	5	0	220
24146	0	212	4	1	0	217
24147	0	215	2	0	0	217
24148	212	3	0	0	0	215
24149	2	205	0	1	0	208
24150	1	220	0	0	0	221
24151	1	2	0	216	0	219
24152	1	1	0	217	0	219
24153	0	0	0	218	0	218
24154	2	0	208	3	0	213
24155	0	214	2	1	0	217
24156	2	2	1	205	0	210
24157	0	221	0	2	0	223
24158	218	2	1	2	0	223
24159	2	220	0	0	0	222
24160	219	2	0	0	0	221
24161	2	0	215	0	0	217
24162	217	0	2	0	0	219
24163	2	0	0	218	0	220
24164	1	0	221	2	0	224
24165	218	0	2	1	0	221
24166	222	0	1	0	0	223
24167	228	0	0	0	0	228
24168	3	0	0	226	0	229
24169	1	0	225	2	0	228
24170	225	0	2	4	0	231
24171	3	0	1	232	0	236
24172	1	0	0	238	0	239
24173	0	0	247	3	0	250
24174	0	246	2	2	0	250
24175	0	2	1	239	0	242
24176	0	243	1	2	0	246
24177	237	3	0	2	0	242
24178	240	2	0	1	0	243
24179	4	0	0	240	0	244
24180	239	1	0	2	0	242
24181	2	235	0	1	0	238
24182	235	1	0	1	0	237
24183	1	236	0	1	0	238
24184	2	1	0	231	0	234
24185	0	1	1	218	0	220
24186	0	233	0	2	0	235
24187	1	1	0	237	0	239
24188	1	2	233	0	0	236
24189	1	219	1	1	0	222
24190	211	1	1	2	0	215
24191	1	211	0	0	0	212
24192	0	0	1	212	0	213
24193	1	1	209	0	0	211
24194	1	0	0	210	0	211
24195	1	0	2	197	0	200
24196	198	0	0	2	0	200
24197	1	0	201	1	0	203
24198	2	202	0	0	0	204
24199	0	0	211	1	0	212
24200	0	1	209	0	0	210
24201	1	0	207	0	0	208
24202	0	2	1	200	0	203
24203	211	0	3	3	0	217
24204	1	208	1	2	0	212
24205	212	3	1	1	0	217
24206	222	3	0	2	0	227
24207	3	2	0	213	0	218
24208	3	217	0	2	0	222
24209	216	3	0	2	0	221
24210	2	221	0	1	0	224
24211	2	1	0	218	0	221
24212	0	1	0	228	0	229
24213	1	228	0	4	0	233
24214	0	3	1	230	0	234
24215	0	2	228	3	0	233
24216	0	0	227	2	0	229
24217	0	2	3	222	0	227
24218	1	0	1	224	0	226
24219	0	1	216	3	0	220
24220	1	1	208	1	0	211
24221	205	0	4	0	0	209
24222	3	210	1	0	0	214
24223	0	223	1	2	0	226
24224	0	3	2	212	0	217
24225	1	1	0	224	0	226
24226	1	0	0	223	0	224
24227	1	0	215	3	0	219
24228	0	0	220	2	0	222
24229	0	1	4	223	0	228
24230	0	0	225	2	0	227
24231	0	228	2	2	0	232
24232	223	2	2	1	0	228
24233	2	1	227	1	0	231
24234	2	2	221	0	0	225
24235	0	2	3	221	0	226
24236	1	1	253	2	0	257
24237	1	249	5	2	0	257
24238	2	4	1	252	0	259
24239	0	2	257	6	0	265
24240	2	252	4	1	0	259
24241	241	5	0	1	0	247
24242	5	0	0	240	0	245
24243	0	0	0	246	0	246
24244	238	0	0	5	0	243
24245	4	237	0	0	0	241
24246	240	4	0	0	0	244
24247	243	0	0	1	0	244
24248	237	0	0	3	0	240
24249	3	0	0	234	0	237
24250	229	0	0	6	0	235
24251	4	226	0	0	0	230
24252	0	226	0	0	0	226
24253	236	3	0	1	0	240
24254	5	0	0	235	0	240
24255	0	0	0	241	0	241
24256	0	0	1	239	0	240
24257	0	1	231	4	0	236
24258	1	228	5	0	0	234
24259	0	4	0	230	0	234
24260	230	0	0	6	0	236
24261	6	0	0	226	0	232
24262	0	1	230	4	0	235
24263	1	226	4	1	0	232
24264	226	4	0	0	0	230
24265	222	0	0	0	0	222
24266	230	0	0	1	0	231
24267	4	0	0	232	0	236
24268	0	1	220	5	0	226
24269	2	1	247	0	0	250
24270	1	245	4	0	0	250
24271	1	4	1	233	0	239
24272	1	1	0	247	0	249
24273	230	0	0	7	0	237
24274	4	1	1	231	0	237
24275	235	1	0	4	0	240
24276	5	0	232	3	0	240
24277	2	0	236	1	0	239
24278	0	0	6	237	0	243
24279	0	1	3	240	0	244
24280	1	1	0	243	0	245
24281	243	0	1	9	0	253
24282	254	0	1	2	0	257
24283	11	0	0	256	0	267
24284	4	0	255	7	0	266
24285	0	0	266	3	0	269
24286	0	0	12	255	0	267
24287	260	1	3	8	0	272
24288	8	1	0	266	0	275
24289	4	1	0	268	0	273
24290	1	0	263	11	0	275
24291	0	0	261	5	0	266
24292	260	0	11	1	0	272
24293	8	0	268	0	0	276
24294	3	0	9	260	0	272
24295	1	0	3	267	0	271
24296	261	0	0	12	0	273
24297	10	259	0	4	0	273
24298	256	9	0	1	0	266
24299	10	251	0	0	0	261
24300	248	10	1	1	0	260
24301	9	4	243	2	0	258
24302	222	2	10	1	0	235
24303	228	0	2	2	0	232
24304	11	0	1	225	0	237
24305	3	1	226	7	0	237
24306	0	0	6	218	0	224
24307	1	0	4	222	0	227
24308	0	212	1	10	0	223
24309	1	8	1	214	0	224
24310	1	215	1	6	0	223
24311	2	7	0	215	0	224
24312	211	3	0	8	0	222
24313	10	0	1	214	0	225
24314	3	1	207	9	0	220
24315	210	0	8	3	0	221
24316	7	0	221	0	0	228
24317	215	2	7	2	0	226
24318	220	0	5	2	0	227
24319	11	218	1	3	0	233
24320	7	229	1	0	0	237
24321	220	10	2	3	0	235
24322	233	3	1	2	0	239
24323	233	0	2	2	0	237
24324	236	0	2	2	0	240
24325	234	2	0	2	0	238
24326	10	0	1	227	0	238
24327	3	2	1	230	0	236
24328	5	0	223	10	0	238
24329	223	0	9	3	0	235
24330	8	0	3	224	0	235
24331	4	0	3	221	0	228
24332	1	1	220	9	0	231
24333	0	209	9	6	0	224
24334	4	223	3	2	0	232
24335	214	8	0	2	0	224
24336	184	5	0	3	0	192
24337	7	180	3	1	0	191
24338	4	183	3	0	0	190
24339	180	7	1	1	0	189
24340	184	2	1	2	0	189
24341	8	0	1	182	0	191
24342	3	0	1	188	0	192
24343	5	0	0	191	0	196
24344	182	3	1	8	0	194
24345	189	0	0	5	0	194
24346	11	3	2	183	0	199
24347	192	1	1	6	0	200
24348	6	1	192	4	0	203
24349	9	1	5	186	0	201
24350	3	1	191	8	0	203
24351	2	187	5	7	0	201
24352	2	6	8	185	0	201
24353	183	5	1	6	0	195
24354	8	0	0	184	0	192
24355	6	1	1	179	0	187
24356	0	0	177	11	0	188
24357	1	1	179	6	0	187
24358	1	179	10	2	0	192
24359	182	6	4	1	0	193
24360	187	4	1	3	0	195
24361	192	2	1	1	0	196
24362	199	1	1	0	0	201
24363	11	1	1	191	0	204
24364	6	1	0	195	0	202
24365	1	196	0	9	0	206
24366	192	8	1	6	0	207
24367	198	5	0	0	0	203
24368	11	1	189	1	0	202
24369	162	0	6	1	0	169
24370	8	163	3	1	0	175
24371	5	8	1	158	0	172
24372	1	169	0	6	0	176
24373	168	6	0	3	0	177
24374	7	169	0	2	0	178
24375	4	5	0	157	0	166
24376	0	2	1	167	0	170
24377	2	0	0	161	0	163
24378	0	155	1	7	0	163
24379	0	6	0	159	0	165
24380	0	2	1	159	0	162
24381	1	146	0	6	0	153
24382	0	134	0	4	0	138
24383	127	2	1	1	0	131
24384	2	131	1	1	0	135
24385	124	2	0	1	0	127
24386	2	1	126	0	0	129
24387	1	124	3	1	0	129
24388	125	3	1	0	0	129
24389	124	1	0	0	0	125
24390	3	0	122	0	0	125
24391	2	0	2	118	0	122
24392	1	0	122	2	0	125
24393	0	123	2	2	0	127
24394	122	3	2	1	0	128
24395	2	121	0	0	0	123
24396	3	2	0	120	0	125
24397	3	1	0	122	0	126
24398	0	0	133	2	0	135
24399	1	1	126	1	0	129
24400	127	2	2	1	0	132
24401	133	0	1	0	0	134
24402	130	0	1	0	0	131
24403	132	0	0	2	0	134
24404	4	128	1	0	0	133
24405	2	2	0	128	0	132
24406	1	1	0	134	0	136
24407	0	137	0	3	0	140
24408	137	3	0	3	0	143
24409	138	1	0	2	0	141
24410	3	0	134	0	0	137
24411	138	1	3	0	0	142
24412	3	2	1	136	0	142
24413	3	0	137	3	0	143
24414	1	2	2	139	0	144
24415	3	0	141	2	0	146
24416	0	2	137	1	0	140
24417	0	2	2	129	0	133
24418	0	133	1	4	0	138
24419	134	3	0	2	0	139
24420	130	2	0	1	0	133
24421	4	142	1	1	0	148
24422	1	147	1	1	0	150
24423	148	4	1	0	0	153
24424	145	1	0	1	0	147
24425	144	0	1	1	0	146
24426	145	1	0	1	0	147
24427	4	0	1	145	0	150
24428	1	0	147	2	0	150
24429	0	142	2	2	0	146
24430	144	2	1	1	0	148
24431	3	147	0	0	0	150
24432	146	2	1	1	0	150
24433	147	1	0	1	0	149
24434	3	0	148	0	0	151
24435	2	153	2	0	0	157
24436	0	2	1	156	0	159
24437	1	2	0	153	0	156
24438	0	0	0	149	0	149
24439	150	0	0	5	0	155
24440	144	0	1	3	0	148
24441	149	1	1	0	0	151
24442	3	150	0	0	0	153
24443	148	2	0	0	0	150
24444	3	150	0	0	0	153
24445	2	2	145	0	0	149
24446	0	148	2	0	0	150
24447	0	3	0	138	0	141
24448	0	0	0	134	0	134
24449	0	1	131	2	0	134
24450	1	0	2	130	0	133
24451	1	0	0	132	0	133
24452	129	0	1	3	0	133
24453	132	0	0	0	0	132
24454	129	0	0	2	0	131
24455	2	127	1	0	0	130
24456	125	2	0	1	0	128
24457	123	0	0	1	0	124
24458	2	126	0	0	0	128
24459	0	2	0	124	0	126
24460	1	0	0	126	0	127
24461	125	0	0	1	0	126
24462	1	0	123	0	0	124
24463	0	120	1	0	0	121
24464	0	1	0	115	0	116
24465	0	115	0	1	0	116
24466	0	119	0	0	0	119
24467	121	1	0	0	0	122
24468	121	0	0	0	0	121
24469	2	0	0	120	0	122
24470	0	0	0	121	0	121
24471	0	0	0	120	0	120
24472	0	0	0	121	0	121
24473	0	0	121	1	0	122
24474	0	0	110	0	0	110
24475	0	1	1	119	0	121
24476	1	1	126	1	0	129
24477	1	129	1	0	0	131
24478	130	1	1	0	0	132
24479	129	0	0	1	0	130
24480	1	0	0	133	0	134
24481	0	0	1	129	0	130
24482	0	0	0	129	0	129
24483	0	130	1	2	0	133
24484	126	2	0	0	0	128
24485	126	0	0	3	0	129
24486	2	1	122	0	0	125
24487	1	0	2	127	0	130
24488	1	0	136	2	0	139
24489	0	1	2	162	0	165
24490	0	1	0	159	0	160
24491	3	0	0	156	0	159
24492	3	0	0	166	0	169
24493	162	0	1	3	0	166
24494	161	0	0	1	0	162
24495	166	0	0	2	0	168
24496	3	1	1	163	0	168
24497	1	1	161	3	0	166
24498	148	0	3	1	0	152
24499	3	1	1	152	0	157
24500	148	1	0	4	0	153
24501	4	0	0	150	0	154
24502	0	145	1	4	0	150
24503	0	158	0	1	0	159
24504	2	3	0	159	0	164
24505	1	0	0	163	0	164
24506	1	0	0	160	0	161
24507	0	153	0	2	0	155
24508	152	2	0	2	0	156
24509	2	151	1	1	0	155
24510	1	3	151	1	0	156
24511	1	1	2	152	0	156
24512	0	156	0	4	0	160
24513	0	1	1	157	0	159
24514	1	0	1	159	0	161
24515	1	1	161	3	0	166
24516	149	0	2	5	0	156
24517	3	165	0	1	0	169
24518	165	2	2	1	0	170
24519	174	0	0	2	0	176
24520	173	2	1	1	0	177
24521	6	1	165	0	0	172
24522	3	1	2	162	0	168
24523	3	2	0	164	0	169
24524	2	2	166	3	0	173
24525	153	0	4	3	0	160
24526	3	1	171	3	0	178
24527	0	0	169	2	0	171
24528	2	171	2	2	0	177
24529	2	3	2	172	0	179
24530	1	1	175	3	0	180
24531	161	1	4	2	0	168
24532	170	1	2	3	0	176
24533	2	2	171	0	0	175
24534	1	1	2	173	0	177
24535	2	0	181	4	0	187
24536	1	182	4	1	0	188
24537	193	3	0	1	0	197
24538	192	1	3	0	0	196
24539	196	1	0	2	0	199
24540	4	0	2	196	0	202
24541	4	1	1	201	0	207
24542	3	1	204	2	0	210
24543	201	0	2	3	0	206
24544	3	0	1	206	0	210
24545	201	1	3	3	0	208
24546	4	0	204	2	0	210
24547	0	1	210	0	0	211
24548	4	0	3	198	0	205
24549	2	1	1	210	0	214
24550	2	0	209	2	0	213
24551	205	0	4	2	0	211
24552	4	0	1	212	0	217
24553	2	219	1	3	0	225
24554	220	2	2	2	0	226
24555	4	227	1	1	0	233
24556	230	3	1	2	0	236
24557	3	1	237	2	0	243
24558	1	3	232	1	0	237
24559	3	233	3	1	0	240
24560	235	2	2	0	0	239
24561	4	0	229	2	0	235
24562	225	3	3	2	0	233
24563	3	232	3	0	0	238
24564	2	3	2	238	0	245
24565	3	0	0	236	0	239
24566	1	227	1	4	0	233
24567	235	3	2	2	0	242
24568	244	1	1	1	0	247
24569	249	2	0	3	0	254
24570	5	0	252	3	0	260
24571	4	1	3	250	0	258
24572	6	2	1	249	0	258
24573	3	0	2	260	0	265
24574	2	1	251	6	0	260
24575	2	242	6	2	0	252
24576	242	4	1	2	0	249
24577	3	1	245	2	0	251
24578	235	1	4	2	0	242
24579	5	240	3	2	0	250
24580	245	5	3	1	0	254
24581	4	0	2	241	0	247
24582	244	1	2	5	0	252
24583	4	2	1	244	0	251
24584	2	3	246	2	0	253
24585	5	1	1	247	0	254
24586	2	2	251	3	0	258
24587	228	0	3	1	0	232
24588	1	235	2	3	0	241
24589	1	1	3	201	0	206
24590	2	204	1	2	0	209
24591	202	1	4	1	0	208
24592	201	2	1	2	0	206
24593	4	203	0	0	0	207
24594	205	1	3	2	0	211
24595	207	1	0	3	0	211
24596	1	2	1	203	0	207
24597	3	1	0	205	0	209
24598	210	1	0	2	0	213
24599	216	1	0	2	0	219
24600	3	0	1	211	0	215
24601	2	0	3	227	0	232
24602	231	0	0	5	0	236
24603	3	0	232	3	0	238
24604	226	0	3	5	0	234
24605	8	1	220	2	0	231
24606	0	225	4	3	0	232
24607	4	4	1	214	0	223
24608	1	2	233	2	0	238
24609	3	253	2	0	0	258
24610	240	3	1	3	0	247
24611	3	0	246	0	0	249
24612	238	3	2	0	0	243
24613	248	1	0	1	0	250
24614	251	0	2	2	0	255
24615	5	0	2	242	0	249
24616	3	257	0	3	0	263
24617	251	3	2	1	0	257
24618	2	0	252	3	0	257
24619	240	2	3	1	0	246
24620	4	1	251	0	0	256
24621	1	253	5	0	0	259
24622	5	2	0	250	0	257
24623	2	1	2	246	0	251
24624	1	241	1	2	0	245
24625	3	2	1	243	0	249
24626	3	2	245	4	0	254
24627	2	243	3	2	0	250
24628	1	2	3	238	0	244
24629	237	2	1	3	0	243
24630	247	3	0	1	0	251
24631	3	0	2	248	0	253
24632	5	255	0	4	0	264
24633	4	4	0	257	0	265
24634	1	0	1	255	0	257
24635	2	2	239	4	0	247
24636	1	242	3	3	0	249
24637	1	3	1	236	0	241
24638	2	0	232	2	0	236
24639	1	232	3	0	0	236
24640	0	3	0	232	0	235
24641	231	1	2	4	0	238
24642	4	243	0	1	0	248
24643	2	2	0	245	0	249
24644	246	1	0	3	0	250
24645	246	5	0	2	0	253
24646	247	0	0	5	0	252
24647	247	0	1	3	0	251
24648	6	0	1	241	0	248
24649	4	3	253	2	0	262
24650	5	2	3	243	0	253
24651	0	254	1	7	0	262
24652	254	3	2	4	0	263
24653	3	0	244	4	0	251
24654	238	3	4	1	0	246
24655	7	1	245	1	0	254
24656	1	0	6	240	0	247
24657	4	1	239	3	0	247
24658	2	1	5	238	0	246
24659	2	0	244	5	0	251
24660	1	2	5	240	0	248
24661	246	0	1	6	0	253
24662	2	267	4	0	0	273
24663	1	2	0	276	0	279
24664	5	1	1	272	0	279
24665	2	3	279	2	0	286
24666	0	1	271	4	0	276
24667	263	1	2	3	0	269
24668	3	270	4	0	0	277
24669	261	2	3	3	0	269
24670	272	0	1	1	0	274
24671	3	3	0	264	0	270
24672	4	265	1	1	0	271
24673	275	2	0	1	0	278
24674	278	0	0	6	0	284
24675	283	3	1	1	0	288
24676	286	0	0	2	0	288
24677	284	1	0	3	0	288
24678	6	0	274	0	0	280
24679	271	0	3	4	0	278
24680	7	2	271	0	0	280
24681	0	1	6	276	0	283
24682	5	0	0	281	0	286
24683	1	0	286	2	0	289
24684	276	0	2	6	0	284
24685	4	1	1	284	0	290
24686	3	0	3	278	0	284
24687	6	0	0	289	0	295
24688	2	2	0	292	0	296
24689	2	0	0	292	0	294
24690	1	0	291	8	0	300
24691	0	0	6	291	0	297
24692	2	1	296	5	0	304
24693	1	0	287	1	0	289
24694	288	1	5	4	0	298
24695	304	1	2	0	0	307
24696	300	0	16	1	0	317
24697	8	0	320	1	0	329
24698	3	2	324	1	0	330
24699	4	0	325	2	0	331
24700	2	326	8	1	0	337
24701	2	8	2	312	0	324
24702	331	1	1	8	0	341
24703	4	1	3	347	0	355
24704	1	355	3	10	0	369
24705	360	4	3	3	0	370
24706	5	0	3	357	0	365
24707	3	369	0	6	0	378
24708	4	5	0	376	0	385
24709	5	1	2	366	0	374
24710	357	1	2	7	0	367
24711	4	2	3	355	0	364
24712	2	0	356	8	0	366
24713	1	2	5	354	0	362
24714	1	346	0	9	0	356
24715	2	359	2	4	0	367
24716	1	6	2	346	0	355
24717	3	3	0	348	0	354
24718	2	347	1	6	0	356
24719	0	347	2	6	0	355
24720	1	356	1	3	0	361
24721	2	7	1	330	0	340
24722	1	349	0	5	0	355
24723	351	5	1	5	0	362
24724	5	3	361	3	0	372
24725	3	2	5	348	0	358
24726	2	368	1	4	0	375
24727	363	6	1	3	0	373
24728	5	3	366	3	0	377
24729	2	360	4	3	0	369
24730	351	5	2	4	0	362
24731	5	348	2	2	0	357
24732	2	352	2	2	0	358
24733	1	8	2	352	0	363
24734	3	348	1	5	0	357
24735	354	7	0	4	0	365
24736	6	4	0	355	0	365
24737	2	1	354	4	0	361
24738	1	2	356	4	0	363
24739	3	2	6	362	0	373
24740	1	2	360	7	0	370
24741	0	0	5	367	0	372
24742	358	2	2	7	0	369
24743	5	1	359	5	0	370
24744	1	3	4	350	0	358
24745	2	348	3	5	0	358
24746	1	4	2	358	0	365
24747	2	3	3	354	0	362
24748	1	358	1	6	0	366
24749	4	5	0	358	0	367
24750	2	1	4	354	0	361
24751	1	1	356	7	0	365
24752	1	349	8	2	0	360
24753	354	6	3	4	0	367
24754	5	4	1	355	0	365
24755	2	3	355	5	0	365
24756	2	2	5	352	0	361
24757	3	1	349	8	0	361
24758	338	2	5	6	0	351
24759	5	345	3	2	0	355
24760	3	5	1	351	0	360
24761	0	4	1	359	0	364
24762	333	2	2	9	0	346
24763	6	1	0	340	0	347
24764	3	0	335	8	0	346
24765	1	1	7	329	0	338
24766	2	318	2	8	0	330
24767	1	327	0	5	0	333
24768	0	333	2	3	0	338
24769	1	8	0	335	0	344
24770	1	4	324	8	0	337
24771	1	323	6	4	0	334
24772	313	9	2	4	0	328
24773	5	317	1	3	0	326
24774	317	9	1	3	0	330
24775	320	5	0	0	0	325
24776	8	1	318	4	0	331
24777	322	2	9	1	0	334
24778	334	1	2	2	0	339
24779	323	2	2	2	0	329
24780	333	3	1	1	0	338
24781	9	3	325	0	0	337
24782	328	1	6	2	0	337
24783	337	1	4	3	0	345
24784	8	342	1	0	0	351
24785	2	5	1	340	0	348
24786	4	1	1	328	0	334
24787	3	331	1	7	0	342
24788	326	6	1	2	0	335
24789	5	336	0	1	0	342
24790	326	5	0	4	0	335
24791	327	3	1	3	0	334
24792	4	333	2	1	0	340
24793	1	4	0	331	0	336
24794	2	2	327	4	0	335
24795	2	313	4	2	0	321
24796	2	10	0	286	0	298
24797	3	299	1	3	0	306
24798	1	313	2	2	0	318
24799	1	6	1	301	0	309
24800	0	1	305	8	0	314
24801	0	298	5	0	0	303
24802	1	287	0	1	0	289
24803	251	7	0	1	0	259
24804	5	1	0	252	0	258
24805	1	1	1	259	0	262
24806	2	2	0	261	0	265
24807	1	1	257	6	0	265
24808	1	0	5	263	0	269
24809	0	266	2	7	0	275
24810	278	5	1	3	0	287
24811	5	2	1	278	0	286
24812	2	2	276	5	0	285
24813	275	1	4	5	0	285
24814	6	2	3	287	0	298
24815	2	1	300	6	0	309
24816	2	0	300	3	0	305
24817	301	1	7	4	0	313
24818	316	0	3	2	0	321
24819	313	0	3	3	0	319
24820	325	0	4	0	0	329
24821	9	0	322	0	0	331
24822	7	322	4	0	0	333
24823	327	4	2	0	0	333
24824	7	318	1	0	0	326
24825	312	5	1	1	0	319
24826	6	311	1	0	0	318
24827	5	6	0	310	0	321
24828	4	3	0	311	0	318
24829	3	2	0	310	0	315
24830	1	300	1	7	0	309
24831	2	315	0	2	0	319
24832	4	6	0	307	0	317
24833	1	309	0	6	0	316
24834	1	6	314	4	0	325
24835	2	6	5	306	0	319
24836	0	4	315	6	0	325
24837	300	1	5	7	0	313
24838	305	1	6	3	0	315
24839	7	0	301	2	0	310
24840	4	1	301	1	0	307
24841	5	1	8	291	0	305
24842	3	1	302	5	0	311
24843	3	0	6	288	0	297
24844	0	276	5	4	0	285
24845	3	5	3	297	0	308
24846	2	3	2	298	0	305
24847	2	3	1	298	0	304
24848	2	3	287	8	0	300
24849	2	1	4	285	0	292
24850	2	0	5	288	0	295
24851	2	3	1	290	0	296
24852	0	283	2	10	0	295
24853	286	4	0	6	0	296
24854	281	3	2	5	0	291
24855	289	1	0	9	0	299
24856	8	2	1	288	0	299
24857	7	1	281	4	0	293
24858	7	0	271	3	0	281
24859	2	279	7	2	0	290
24860	273	5	5	2	0	285
24861	5	276	3	4	0	288
24862	276	5	5	0	0	286
24863	8	279	0	1	0	288
24864	277	5	0	3	0	285
24865	4	294	2	2	0	302
24866	5	5	2	286	0	298
24867	3	4	288	7	0	302
24868	6	3	287	1	0	297
24869	2	4	6	285	0	297
24870	6	0	3	282	0	291
24871	2	2	5	287	0	296
24872	3	3	284	6	0	296
24873	4	0	4	286	0	294
24874	272	2	4	9	0	287
24875	277	1	2	5	0	285
24876	8	274	3	2	0	287
24877	273	4	2	8	0	287
24878	7	266	1	2	0	276
24879	266	6	0	4	0	276
24880	265	6	1	2	0	274
24881	263	5	1	4	0	273
24882	10	4	256	1	0	271
24883	7	4	248	1	0	260
24884	257	0	8	1	0	266
24885	258	2	3	4	0	267
24886	7	0	8	245	0	260
24887	7	0	2	256	0	265
24888	7	0	1	258	0	266
24889	6	2	1	262	0	271
24890	5	2	2	268	0	277
24891	253	0	2	12	0	267
24892	5	3	3	260	0	271
24893	6	0	258	6	0	270
24894	243	2	4	10	0	259
24895	251	0	5	3	0	259
24896	8	252	1	3	0	264
24897	4	252	1	2	0	259
24898	222	5	1	1	0	229
24899	4	225	0	1	0	230
24900	223	2	0	2	0	227
24901	237	4	1	2	0	244
24902	246	0	2	3	0	251
24903	4	3	2	238	0	247
24904	4	243	2	3	0	252
24905	241	2	0	4	0	247
24906	4	2	2	238	0	246
24907	6	0	1	233	0	240
24908	223	0	0	5	0	228
24909	2	217	1	3	0	223
24910	1	2	1	213	0	217
24911	212	1	0	5	0	218
24912	3	214	1	2	0	220
24913	217	3	0	2	0	222
24914	3	2	213	0	0	218
24915	195	0	2	0	0	197
24916	3	206	1	1	0	211
24917	201	3	0	0	0	204
24918	197	1	0	0	0	198
24919	4	211	0	0	0	215
24920	207	3	0	3	0	213
24921	3	212	0	0	0	215
24922	219	3	0	4	0	226
24923	4	1	1	225	0	231
24924	3	0	0	228	0	231
24925	1	0	0	228	0	229
24926	0	1	226	4	0	231
24927	1	0	3	221	0	225
24928	1	1	234	4	0	240
24929	0	1	4	231	0	236
24930	1	235	2	4	0	242
24931	2	4	0	237	0	243
24932	1	1	236	4	0	242
24933	0	0	243	2	0	245
24934	2	1	5	235	0	243
24935	233	0	1	4	0	238
24936	239	0	0	4	0	243
24937	4	233	0	1	0	238
24938	2	4	0	240	0	246
24939	0	2	256	4	0	262
24940	0	0	4	255	0	259
24941	1	0	257	3	0	261
24942	247	1	4	2	0	254
24943	5	0	1	255	0	261
24944	1	0	258	4	0	263
24945	2	0	3	259	0	264
24946	0	0	1	261	0	262
24947	1	0	259	5	0	265
24948	1	0	4	253	0	258
24949	252	1	1	10	0	264
24950	258	0	0	3	0	261
24951	7	1	0	261	0	269
24952	260	0	0	8	0	268
24953	4	0	270	2	0	276
24954	1	0	262	1	0	264
24955	261	0	5	3	0	269
24956	271	0	2	0	0	273
24957	6	0	0	267	0	273
24958	1	1	1	270	0	273
24959	0	0	269	6	0	275
24960	1	1	4	259	0	265
24961	0	272	0	5	0	277
24962	269	4	1	3	0	277
24963	280	1	0	2	0	283
24964	5	278	0	1	0	284
24965	267	2	0	1	0	270
24966	262	1	0	1	0	264
24967	4	271	0	1	0	276
24968	269	3	0	2	0	274
24969	3	270	2	0	0	275
24970	272	3	0	2	0	277
24971	3	1	269	0	0	273
24972	2	0	3	267	0	272
24973	0	0	1	275	0	276
24974	0	0	1	283	0	284
24975	282	0	0	5	0	287
24976	4	0	0	295	0	299
24977	3	1	292	3	0	299
24978	287	0	2	5	0	294
24979	4	0	1	294	0	299
24980	2	293	0	2	0	297
24981	0	302	0	2	0	304
24982	1	4	0	303	0	308
24983	0	1	1	302	0	304
24984	1	0	0	305	0	306
24985	1	0	292	5	0	298
24986	2	292	3	1	0	298
24987	287	4	0	3	0	294
24988	280	0	0	3	0	283
24989	3	285	1	1	0	290
24990	0	287	0	2	0	289
24991	1	6	2	281	0	290
24992	1	1	277	3	0	282
24993	270	0	3	1	0	274
24994	280	1	0	0	0	281
24995	3	2	0	278	0	283
24996	0	1	0	280	0	281
24997	271	0	0	8	0	279
24998	3	0	272	1	0	276
24999	264	0	2	0	0	266
25000	4	272	0	1	0	277
25001	2	2	0	243	0	247
25002	1	245	0	3	0	249
25003	246	2	0	3	0	251
25004	2	0	1	246	0	249
25005	1	0	0	241	0	242
25006	0	248	1	2	0	251
25007	242	2	0	4	0	248
25008	240	2	0	4	0	246
25009	4	0	245	1	0	250
25010	1	0	236	2	0	239
25011	242	0	2	1	0	245
25012	1	1	243	0	0	245
25013	4	0	230	0	0	234
25014	220	3	1	0	0	224
25015	2	0	249	1	0	252
25016	3	1	4	249	0	257
25017	2	0	2	253	0	257
25018	255	0	1	7	0	263
25019	6	0	254	2	0	262
25020	265	1	5	0	0	271
25021	9	0	3	259	0	271
25022	266	0	1	10	0	277
25023	260	0	2	9	0	271
25024	277	0	2	1	0	280
25025	13	0	1	266	0	280
25026	271	0	2	8	0	281
25027	7	0	1	273	0	281
25028	6	0	0	267	0	273
25029	3	0	2	274	0	279
25030	2	0	0	275	0	277
25031	261	1	0	11	0	273
25032	262	0	0	4	0	266
25033	11	1	257	1	0	270
25034	257	1	6	3	0	267
25035	260	0	4	4	0	268
25036	12	0	0	256	0	268
25037	7	251	0	7	0	265
25038	257	5	0	4	0	266
25039	8	5	1	238	0	252
25040	243	1	1	7	0	252
25041	10	236	1	5	0	252
25042	241	6	0	6	0	253
25043	8	5	0	236	0	249
25044	5	237	0	9	0	251
25045	246	6	0	8	0	260
25046	9	238	0	3	0	250
25047	6	262	1	0	0	269
25048	261	11	1	3	0	276
25049	9	4	259	1	0	273
25050	261	2	4	3	0	270
25051	8	2	4	263	0	277
25052	6	3	259	6	0	274
25053	1	2	4	261	0	268
25054	7	1	4	264	0	276
25055	3	1	260	10	0	274
25056	268	1	6	7	0	282
25057	9	1	4	276	0	290
25058	8	1	3	278	0	290
25059	4	1	1	283	0	289
25060	277	2	1	14	0	294
25061	7	3	264	9	0	283
25062	9	2	270	4	0	285
25063	8	0	11	260	0	279
25064	2	2	261	10	0	275
25065	255	0	8	8	0	271
25066	9	256	4	7	0	276
25067	262	8	4	3	0	277
25068	14	4	1	252	0	271
25069	4	260	4	9	0	277
25070	5	7	1	262	0	275
25071	5	262	1	9	0	277
25072	2	12	2	266	0	282
25073	3	3	258	12	0	276
25074	4	2	249	8	0	263
25075	3	246	10	6	0	265
25076	228	5	8	4	0	245
25077	9	5	4	223	0	241
25078	7	3	2	230	0	242
25079	227	0	1	12	0	240
25080	232	1	2	8	0	243
25081	12	2	2	222	0	238
25082	7	3	218	9	0	237
25083	5	216	6	8	0	235
25084	2	8	5	221	0	236
25085	6	3	5	225	0	239
25086	4	228	1	9	0	242
25087	225	8	1	7	0	241
25088	9	3	224	5	0	241
25089	5	4	9	219	0	237
25090	8	4	3	218	0	233
25091	1	3	217	13	0	234
25092	2	3	7	218	0	230
25093	218	1	4	13	0	236
25094	219	2	4	6	0	231
25095	223	1	3	8	0	235
25096	14	216	1	3	0	234
25097	235	6	4	5	0	250
25098	10	5	3	231	0	249
25099	7	3	2	234	0	246
25100	6	255	2	10	0	273
25101	297	13	0	7	0	317
25102	307	5	1	5	0	318
25103	316	3	2	2	0	323
25104	321	1	1	5	0	328
25105	316	2	0	5	0	323
25106	21	2	300	5	0	328
25107	304	3	14	4	0	325
25108	317	1	5	6	0	329
25109	310	2	5	4	0	321
25110	26	1	2	288	0	317
25111	11	3	4	301	0	319
25112	7	2	285	21	0	315
25113	251	1	11	14	0	277
25114	17	271	6	4	0	298
25115	8	258	4	4	0	274
25116	6	16	250	1	0	273
25117	4	246	11	2	0	263
25118	6	247	6	2	0	261
25119	4	17	4	206	0	231
25120	2	224	0	6	0	232
25121	220	10	2	4	0	236
25122	219	5	0	5	0	229
25123	14	5	0	213	0	232
25124	9	0	211	8	0	228
25125	207	2	6	5	0	220
25126	13	0	215	2	0	230
25127	9	0	222	0	0	231
25128	8	0	11	205	0	224
25129	7	0	6	211	0	224
25130	6	0	217	11	0	234
25131	4	208	5	8	0	225
25132	3	223	5	4	0	235
25133	217	9	2	5	0	233
25134	220	3	2	5	0	230
25135	9	2	218	2	0	231
25136	217	2	6	2	0	227
25137	224	3	4	1	0	232
25138	9	1	2	222	0	234
25139	8	1	1	223	0	233
25140	3	2	1	231	0	237
25141	228	2	0	11	0	241
25142	235	2	0	4	0	241
25143	237	1	0	3	0	241
25144	13	0	0	230	0	243
25145	5	1	221	9	0	236
25146	228	1	7	3	0	239
25147	221	0	5	3	0	229
25148	11	0	4	210	0	225
25149	5	220	1	6	0	232
25150	4	6	2	221	0	233
25151	3	215	1	9	0	228
25152	3	8	1	214	0	226
25153	0	225	2	8	0	235
25154	225	10	1	2	0	238
25155	14	4	0	216	0	234
25156	4	212	1	7	0	224
25157	1	7	212	5	0	225
25158	209	4	8	2	0	223
25159	10	2	3	206	0	221
25160	3	213	0	9	0	225
25161	1	8	0	208	0	217
25162	2	205	2	7	0	216
25163	5	224	0	3	0	232
25164	217	9	1	2	0	229
25165	221	3	1	2	0	227
25166	10	1	215	3	0	229
25167	211	1	6	3	0	221
25168	218	2	5	0	0	225
25169	13	208	0	1	0	222
25170	5	7	1	212	0	225
25171	5	3	2	215	0	225
25172	3	1	208	9	0	221
25173	2	3	215	2	0	222
25174	210	3	9	3	0	225
25175	222	1	2	4	0	229
25176	224	1	2	3	0	230
25177	12	1	214	1	0	228
25178	6	1	8	210	0	225
25179	215	1	3	8	0	227
25180	9	0	3	215	0	227
25181	5	0	210	8	0	223
25182	205	2	7	5	0	219
25183	9	2	212	2	0	225
25184	5	212	6	1	0	224
25185	207	6	2	4	0	219
25186	7	3	208	1	0	219
25187	6	0	6	207	0	219
25188	205	1	4	7	0	217
25189	9	1	0	209	0	219
25190	208	1	0	8	0	217
25191	7	3	0	207	0	217
25192	205	1	1	10	0	217
25193	209	1	0	3	0	213
25194	211	1	0	4	0	216
25195	207	1	1	1	0	210
25196	10	2	0	203	0	215
25197	3	1	187	6	0	197
25198	2	2	190	2	0	196
25199	3	173	9	0	0	185
25200	2	157	4	1	0	164
25201	116	2	3	0	0	121
25202	1	0	0	112	0	113
25203	1	0	115	0	0	116
25204	0	1	118	0	0	119
25205	0	1	0	117	0	118
25206	114	0	0	1	0	115
25207	0	110	1	1	0	112
25208	115	0	1	3	0	119
25209	2	0	0	118	0	120
25210	1	0	0	119	0	120
25211	1	0	0	119	0	120
25212	0	0	122	0	0	122
25213	0	1	113	1	0	115
25214	1	120	0	0	0	121
25215	0	0	0	120	0	120
25216	115	1	1	0	0	117
25217	1	0	111	0	0	112
25218	0	0	114	0	0	114
25219	0	1	0	121	0	122
25220	1	0	0	120	0	121
25221	0	0	1	119	0	120
25222	0	0	0	132	0	132
25223	134	0	0	0	0	134
25224	0	0	0	132	0	132
25225	130	0	0	2	0	132
25226	0	0	124	1	0	125
25227	1	125	0	0	0	126
25228	2	0	0	126	0	128
25229	1	0	125	0	0	126
25230	1	0	122	0	0	123
25231	0	128	0	1	0	129
25232	0	0	0	121	0	121
25233	0	0	0	121	0	121
25234	0	0	122	0	0	122
25235	118	0	1	0	0	119
25236	0	0	1	123	0	124
25237	0	1	0	122	0	123
25238	0	0	127	1	0	128
25239	0	124	0	1	0	125
25240	1	135	1	0	0	137
25241	138	2	0	0	0	140
25242	2	1	0	140	0	143
25243	147	1	0	3	0	151
25244	3	0	145	1	0	149
25245	1	1	2	145	0	149
25246	144	1	1	3	0	149
25247	146	0	1	2	0	149
25248	4	0	0	144	0	148
25249	3	0	139	2	0	144
25250	1	0	138	2	0	141
25251	2	0	3	138	0	143
25252	2	0	138	2	0	142
25253	134	0	2	2	0	138
25254	2	131	2	2	0	137
25255	136	2	3	0	0	141
25256	139	1	1	2	0	143
25257	4	1	1	134	0	140
25258	4	0	0	136	0	140
25259	139	1	0	2	0	142
25260	3	1	0	141	0	145
25261	2	0	139	4	0	145
25262	2	139	2	2	0	145
25263	0	2	1	138	0	141
25264	1	1	1	139	0	142
25265	1	1	0	141	0	143
25266	0	0	132	4	0	136
25267	0	136	4	2	0	142
25268	0	1	1	138	0	140
25269	0	1	135	4	0	140
25270	1	1	2	134	0	138
25271	132	0	2	4	0	138
25272	1	1	2	139	0	143
25273	2	1	134	4	0	141
25274	137	1	3	2	0	143
25275	2	139	2	3	0	146
25276	2	145	2	2	0	151
25277	147	2	1	2	0	152
25278	3	4	144	1	0	152
25279	2	1	1	140	0	144
25280	2	0	1	148	0	151
25281	0	2	152	2	0	156
25282	2	145	3	2	0	152
25283	3	2	2	139	0	146
25284	0	2	149	3	0	154
25285	0	1	2	149	0	152
25286	143	1	2	4	0	150
25287	2	2	147	1	0	152
25288	3	1	2	152	0	158
25289	1	0	2	153	0	156
25290	1	0	151	3	0	155
25291	2	0	3	149	0	154
25292	1	142	2	3	0	148
25293	1	1	2	135	0	139
25294	1	150	0	3	0	154
25295	147	3	1	1	0	152
25296	148	1	2	2	0	153
25297	3	2	139	1	0	145
25298	2	1	148	2	0	153
25299	1	1	144	1	0	147
25300	2	153	5	0	0	160
25301	2	3	2	153	0	160
25302	2	1	156	2	0	161
25303	1	1	4	155	0	161
25304	0	0	3	153	0	156
25305	1	1	156	3	0	161
25306	1	1	2	158	0	162
25307	0	0	2	162	0	164
25308	0	151	3	3	0	157
25309	0	3	0	162	0	165
25310	0	1	1	162	0	164
25311	0	1	163	4	0	168
25312	0	0	2	164	0	166
25313	0	0	163	4	0	167
25314	1	1	158	2	0	162
25315	156	0	3	4	0	163
25316	2	0	4	160	0	166
25317	1	164	1	4	0	170
25318	2	170	1	0	0	173
25319	0	3	1	167	0	171
25320	1	2	166	2	0	171
25321	1	164	2	1	0	168
25322	1	4	1	162	0	168
25323	0	3	164	2	0	169
25324	0	166	2	2	0	170
25325	169	1	3	2	0	175
25326	168	2	1	2	0	173
25327	175	1	0	3	0	179
25328	6	0	1	175	0	182
25329	2	1	0	183	0	186
25330	2	0	0	178	0	180
25331	1	0	178	4	0	183
25332	176	0	3	4	0	183
25333	4	0	1	178	0	183
25334	1	0	182	2	0	185
25335	177	0	2	3	0	182
25336	180	0	2	3	0	185
25337	4	1	173	0	0	178
25338	183	0	2	2	0	187
25339	2	196	2	0	0	200
25340	1	0	186	0	0	187
25341	185	0	0	1	0	186
25342	0	185	0	0	0	185
25343	0	0	0	176	0	176
25344	0	183	1	0	0	184
25345	0	0	0	187	0	187
25346	0	0	191	0	0	191
25347	177	0	0	0	0	177
25348	0	0	192	0	0	192
25349	0	193	0	0	0	193
25350	0	187	1	2	0	190
25351	189	0	0	2	0	191
25352	0	0	191	0	0	191
25353	1	0	0	188	0	189
25354	0	0	191	0	0	191
25355	0	189	0	0	0	189
25356	0	0	0	180	0	180
25357	0	189	0	0	0	189
25358	195	0	0	0	0	195
25359	191	0	0	2	0	193
25360	190	0	0	3	0	193
25361	1	0	188	0	0	189
25362	0	0	185	0	0	185
25363	188	0	0	1	0	189
25364	0	1	193	0	0	194
25365	1	1	0	184	0	186
25366	0	191	0	0	0	191
25367	194	0	0	1	0	195
25368	196	0	0	0	0	196
25369	202	0	0	0	0	202
25370	0	0	0	195	0	195
25371	0	0	0	197	0	197
25372	196	0	0	1	0	197
25373	0	197	0	0	0	197
25374	187	0	0	0	0	187
25375	0	0	0	191	0	191
25376	0	0	0	186	0	186
25377	185	0	0	0	0	185
25378	0	187	0	0	0	187
25379	184	0	0	3	0	187
25380	0	194	0	0	0	194
25381	190	0	0	1	0	191
25382	0	1	0	223	0	224
25383	225	0	0	0	0	225
25384	242	0	0	0	0	242
25385	258	0	0	1	0	259
25386	1	266	1	0	0	268
25387	2	2	269	0	0	273
25388	266	1	2	0	0	269
25389	268	1	2	0	0	271
25390	2	274	1	2	0	279
25391	3	3	0	270	0	276
25392	2	1	0	276	0	279
25393	276	0	0	5	0	281
25394	3	1	0	279	0	283
25395	1	0	284	4	0	289
25396	2	0	274	2	0	278
25397	286	0	2	2	0	290
25398	3	2	2	283	0	290
25399	2	0	1	290	0	293
25400	2	0	0	287	0	289
25401	1	0	284	5	0	290
25402	0	0	2	281	0	283
25403	0	1	2	288	0	291
25404	2	0	2	289	0	293
25405	282	1	1	5	0	289
25406	6	0	1	282	0	289
25407	2	0	291	5	0	298
25408	303	0	4	5	0	312
25409	4	0	311	3	0	318
25410	319	1	3	1	0	324
25411	318	1	1	1	0	321
25412	8	0	2	321	0	331
25413	6	326	1	4	0	337
25414	4	4	0	330	0	338
25415	1	2	1	331	0	335
25416	2	329	2	7	0	340
25417	337	5	1	3	0	346
25418	7	331	1	2	0	341
25419	337	5	0	4	0	346
25420	338	2	1	2	0	343
25421	8	2	1	333	0	344
25422	4	2	0	332	0	338
25423	2	0	321	6	0	329
25424	2	2	311	3	0	318
25425	309	0	4	3	0	316
25426	323	1	2	2	0	328
25427	7	306	4	1	0	318
25428	5	4	2	308	0	319
25429	3	0	334	6	0	343
25430	2	2	4	337	0	345
25431	332	2	3	7	0	344
25432	323	0	2	6	0	331
25433	8	324	1	3	0	336
25434	4	6	1	321	0	332
25435	5	4	0	324	0	333
25436	3	2	0	322	0	327
25437	2	1	313	8	0	324
25438	288	1	4	5	0	298
25439	299	0	2	5	0	306
25440	7	1	302	4	0	314
25441	4	298	7	0	0	309
25442	304	4	2	2	0	312
25443	302	2	0	3	0	307
25444	8	1	293	5	0	307
25445	2	4	306	0	0	312
25446	4	0	5	296	0	305
25447	3	0	299	6	0	308
25448	289	2	8	4	0	303
25449	301	1	4	2	0	308
25450	305	2	1	4	0	312
25451	9	2	2	295	0	308
25452	6	324	1	4	0	335
25453	329	4	2	8	0	343
25454	337	1	1	5	0	344
25455	7	3	339	2	0	351
25456	5	1	327	2	0	335
25457	326	2	6	0	0	334
25458	8	0	3	334	0	345
25459	1	4	339	6	0	350
25460	3	337	4	4	0	348
25461	4	4	4	340	0	352
25462	337	2	3	9	0	351
25463	5	343	3	1	0	352
25464	4	6	1	337	0	348
25465	4	334	2	5	0	345
25466	3	341	0	4	0	348
25467	1	7	3	347	0	358
25468	2	2	0	344	0	348
25469	0	336	4	8	0	348
25470	336	6	1	4	0	347
25471	9	2	343	2	0	356
25472	338	1	6	4	0	349
25473	6	5	2	350	0	363
25474	4	1	2	353	0	360
25475	6	1	2	354	0	363
25476	4	0	2	353	0	359
25477	1	2	357	7	0	367
25478	3	1	5	347	0	356
25479	2	1	3	357	0	363
25480	4	370	1	6	0	381
25481	1	6	375	4	0	386
25482	1	385	6	4	0	396
25483	0	6	399	4	0	409
25484	4	394	4	1	0	403
25485	6	5	1	362	0	374
25486	363	1	1	6	0	371
25487	4	364	2	2	0	372
25488	3	5	2	368	0	378
25489	3	0	365	6	0	374
25490	3	371	4	3	0	381
25491	365	5	3	5	0	378
25492	365	3	0	3	0	371
25493	3	359	2	3	0	367
25494	4	3	355	2	0	364
25495	334	2	4	6	0	346
25496	4	0	1	369	0	374
25497	361	2	1	6	0	370
25498	3	372	0	1	0	376
25499	1	377	2	1	0	381
25500	2	5	369	2	0	378
25501	371	3	4	1	0	379
25502	9	2	1	371	0	383
25503	384	0	5	3	0	392
25504	6	383	1	2	0	392
25505	383	3	3	7	0	396
25506	376	2	0	5	0	383
25507	2	1	388	4	0	395
25508	3	361	2	1	0	367
25509	0	377	1	0	0	378
25510	2	2	0	343	0	347
25511	0	338	1	3	0	342
25512	343	2	0	4	0	349
25513	1	345	2	2	0	350
25514	2	2	0	335	0	339
25515	1	333	1	2	0	337
25516	0	332	0	0	0	332
25517	0	333	1	1	0	335
25518	3	1	3	327	0	334
25519	3	1	0	326	0	330
25520	1	0	1	328	0	330
25521	1	329	1	1	0	332
25522	1	3	321	0	0	325
25523	2	3	317	0	0	322
25524	310	0	3	1	0	314
25525	4	2	0	328	0	334
25526	1	1	340	2	0	344
25527	2	1	331	1	0	335
25528	0	352	1	1	0	354
25529	3	1	0	323	0	327
25530	1	1	0	330	0	332
25531	327	1	1	4	0	333
25532	1	2	1	326	0	330
25533	2	2	0	326	0	330
25534	0	1	341	3	0	345
25535	4	1	0	334	0	339
25536	2	1	0	354	0	357
25537	1	1	357	2	0	361
25538	0	1	350	1	0	352
25539	1	350	3	0	0	354
25540	0	3	351	0	0	354
25541	3	2	1	340	0	346
25542	0	0	1	291	0	292
25543	0	1	360	2	0	363
25544	1	351	2	1	0	355
25545	336	4	0	4	0	344
25546	2	345	1	2	0	350
25547	1	1	1	355	0	358
25548	3	2	0	355	0	360
25549	0	356	0	3	0	359
25550	1	1	1	357	0	360
25551	1	0	2	354	0	357
25552	0	1	330	3	0	334
25553	0	329	1	1	0	331
25554	1	1	2	334	0	338
25555	1	0	334	1	0	336
25556	2	1	1	330	0	334
25557	1	0	1	327	0	329
25558	0	0	2	335	0	337
25559	1	0	1	327	0	329
25560	0	1	0	327	0	328
25561	0	327	2	1	0	330
25562	323	1	1	4	0	329
25563	2	2	322	0	0	326
25564	294	0	2	6	0	302
25565	1	0	337	2	0	340
25566	0	347	2	2	0	351
25567	0	3	342	1	0	346
25568	0	349	1	1	0	351
25569	2	1	0	332	0	335
25570	1	1	0	337	0	339
25571	0	344	0	2	0	346
25572	0	352	0	1	0	353
25573	356	2	0	2	0	360
25574	352	0	0	3	0	355
25575	355	0	0	2	0	357
25576	358	0	1	1	0	360
25577	2	1	0	352	0	355
25578	1	352	0	2	0	355
25579	352	1	2	0	0	355
25580	1	2	0	333	0	336
25581	321	0	2	0	0	323
25582	302	1	0	0	0	303
25583	0	298	0	1	0	299
25584	0	293	0	1	0	294
25585	0	311	0	0	0	311
25586	0	5	0	300	0	305
25587	1	301	0	0	0	302
25588	303	0	0	1	0	304
25589	319	0	0	3	0	322
25590	323	0	0	0	0	323
25591	330	0	0	1	0	331
25592	330	1	1	1	0	333
25593	1	0	344	0	0	345
25594	341	0	0	2	0	343
25595	1	1	348	0	0	350
25596	338	0	0	2	0	340
25597	3	1	1	343	0	348
25598	0	1	343	0	0	344
25599	1	1	349	0	0	351
25600	0	374	2	1	0	377
25601	378	2	2	2	0	384
25602	397	0	1	1	0	399
25603	3	430	0	0	0	433
25604	7	1	0	491	0	499
25605	516	4	0	5	0	525
25606	6	2	531	5	0	544
25607	5	529	6	1	0	541
25608	523	5	4	2	0	534
25609	5	534	2	0	0	541
25610	8	6	1	508	0	523
25611	2	541	0	5	0	548
25612	3	6	2	520	0	531
25613	0	528	1	6	0	535
25614	1	543	1	4	0	549
25615	526	7	0	2	0	535
25616	535	6	0	6	0	547
25617	9	4	534	0	0	547
25618	5	1	511	2	0	519
25619	3	1	525	1	0	530
25620	5	1	11	525	0	542
25621	1	1	533	5	0	540
25622	5	1	7	523	0	536
25623	1	2	7	520	0	530
25624	1	520	2	12	0	535
25625	523	6	2	14	0	545
25626	3	511	1	7	0	522
25627	5	7	0	524	0	536
25628	4	8	0	526	0	538
25629	3	3	0	528	0	534
25630	3	2	525	11	0	541
25631	4	0	5	518	0	527
25632	4	1	6	528	0	539
25633	4	1	1	535	0	541
25634	0	2	515	13	0	530
25635	2	512	5	8	0	527
25636	510	5	6	7	0	528
25637	506	6	2	5	0	519
25638	10	514	1	3	0	528
25639	8	9	1	508	0	526
25640	4	7	0	525	0	536
25641	2	5	516	10	0	533
25642	1	509	6	9	0	525
25643	3	6	5	517	0	531
25644	2	7	520	7	0	536
25645	6	1	8	512	0	527
25646	3	2	6	512	0	523
25647	2	0	515	13	0	530
25648	1	2	7	509	0	519
25649	4	2	8	490	0	504
25650	2	3	503	12	0	520
25651	2	1	7	511	0	521
25652	4	2	5	493	0	504
25653	2	1	1	515	0	519
25654	3	1	504	11	0	519
25655	2	2	7	507	0	518
25656	492	2	7	8	0	509
25657	492	1	2	6	0	501
25658	11	490	4	3	0	508
25659	496	6	2	6	0	510
25660	7	5	510	4	0	526
25661	8	1	6	519	0	534
25662	4	3	9	513	0	529
25663	4	2	1	533	0	540
25664	507	3	1	15	0	526
25665	7	498	3	9	0	517
25666	9	5	1	484	0	499
25667	3	491	2	9	0	505
25668	484	7	1	11	0	503
25669	6	486	3	5	0	500
25670	480	9	2	8	0	499
25671	8	471	2	4	0	485
25672	6	471	2	3	0	482
25673	2	15	0	458	0	475
25674	3	6	1	470	0	480
25675	2	5	4	464	0	475
25676	6	3	1	468	0	478
25677	4	3	459	12	0	478
25678	3	448	7	8	0	466
25679	2	9	6	446	0	463
25680	3	459	5	8	0	475
25681	0	7	461	8	0	476
25682	4	5	9	451	0	469
25683	2	4	5	462	0	473
25684	3	6	453	10	0	472
25685	3	442	10	7	0	462
25686	5	8	5	443	0	461
25687	3	6	432	5	0	446
25688	2	433	9	7	0	451
25689	1	8	5	423	0	437
25690	2	4	415	12	0	433
25691	0	3	407	7	0	417
25692	1	400	13	5	0	419
25693	0	424	6	4	0	434
25694	0	10	4	435	0	449
25695	2	6	4	454	0	466
25696	1	4	441	14	0	460
25697	434	2	10	12	0	458
25698	436	2	5	8	0	451
25699	10	3	420	3	0	436
25700	6	397	8	6	0	417
25701	2	392	7	4	0	405
25702	2	376	5	2	0	385
25703	2	318	4	4	0	328
25704	4	9	1	279	0	293
25705	3	1	2	291	0	297
25706	1	3	1	287	0	292
25707	1	2	0	294	0	297
25708	1	301	0	6	0	308
25709	3	9	0	301	0	313
25710	0	297	0	14	0	311
25711	1	10	0	303	0	314
25712	299	3	0	13	0	315
25713	7	5	0	303	0	315
25714	0	299	0	14	0	313
25715	4	8	0	304	0	316
25716	3	1	0	313	0	317
25717	3	4	0	316	0	323
25718	313	2	1	14	0	330
25719	11	2	0	318	0	331
25720	0	1	310	18	0	329
25721	3	316	8	4	0	331
25722	2	6	1	324	0	333
25723	4	0	2	331	0	337
25724	2	3	2	331	0	338
25725	313	1	5	14	0	333
25726	9	1	311	8	0	329
25727	1	1	8	300	0	310
25728	3	304	1	10	0	318
25729	2	8	2	309	0	321
25730	292	0	2	16	0	310
25731	9	300	1	6	0	316
25732	4	11	1	303	0	319
25733	3	1	3	315	0	322
25734	3	304	0	12	0	319
25735	1	12	0	312	0	325
25736	4	2	0	323	0	329
25737	4	3	309	13	0	329
25738	1	304	8	5	0	318
25739	303	9	0	7	0	319
25740	9	4	305	7	0	325
25741	308	6	10	6	0	330
25742	14	3	313	4	0	334
25743	4	0	13	319	0	336
25744	309	2	5	13	0	329
25745	12	4	4	317	0	337
25746	315	0	4	14	0	333
25747	320	2	4	6	0	332
25748	322	0	1	9	0	332
25749	13	308	3	6	0	330
25750	7	8	2	314	0	331
25751	12	1	1	319	0	333
25752	4	3	2	319	0	328
25753	4	5	309	15	0	333
25754	3	3	9	315	0	330
25755	309	2	0	21	0	332
25756	317	4	4	7	0	332
25757	11	2	305	12	0	330
25758	310	2	10	12	0	334
25759	323	1	4	7	0	335
25760	14	3	6	295	0	318
25761	292	1	3	17	0	313
25762	306	2	3	4	0	315
25763	16	2	2	292	0	312
25764	293	4	4	14	0	315
25765	304	2	1	6	0	313
25766	16	3	2	290	0	311
25767	6	2	247	19	0	274
25768	284	1	6	6	0	297
25769	16	1	282	8	0	307
25770	4	2	293	8	0	307
25771	10	283	8	3	0	304
25772	7	9	6	284	0	306
25773	5	4	6	290	0	305
25774	4	3	7	288	0	302
25775	5	4	283	18	0	310
25776	2	1	290	10	0	303
25777	1	287	14	7	0	309
25778	4	12	4	278	0	298
25779	5	1	7	292	0	305
25780	3	3	4	297	0	307
25781	4	5	279	16	0	304
25782	4	280	12	9	0	305
25783	2	11	7	280	0	300
25784	2	5	280	15	0	302
25785	3	3	286	8	0	300
25786	272	2	9	11	0	294
25787	288	1	5	6	0	300
25788	287	2	8	3	0	300
25789	12	2	7	274	0	295
25790	9	1	269	13	0	292
25791	10	265	10	3	0	288
25792	6	282	3	9	0	300
25793	6	7	240	5	0	258
25794	10	7	11	209	0	237
25795	3	5	4	205	0	217
25796	1	197	3	8	0	209
25797	3	200	4	3	0	210
25798	195	6	1	8	0	210
25799	202	2	2	3	0	209
25800	204	4	3	2	0	213
25801	207	3	2	1	0	213
25802	201	0	2	4	0	207
25803	11	190	0	3	0	204
25804	5	143	0	2	0	150
25805	2	119	1	1	0	123
25806	101	4	7	2	0	114
25807	6	0	1	99	0	106
25808	1	0	1	93	0	95
25809	91	0	1	3	0	95
25810	3	95	1	0	0	99
25811	2	2	0	94	0	98
25812	2	0	1	98	0	101
25813	0	0	1	99	0	100
25814	89	0	1	2	0	92
25815	2	1	0	91	0	94
25816	0	1	88	3	0	92
25817	87	0	0	1	0	88
25818	2	0	0	85	0	87
25819	0	0	85	3	0	88
25820	0	87	1	0	0	88
25821	1	86	0	0	0	87
25822	79	3	1	2	0	85
25823	80	0	0	0	0	80
25824	2	78	0	0	0	80
25825	0	2	0	82	0	84
25826	89	0	0	2	0	91
25827	3	0	0	94	0	97
25828	0	1	0	100	0	101
25829	1	0	0	99	0	100
25830	0	0	0	100	0	100
25831	0	96	0	2	0	98
25832	0	2	0	98	0	100
25833	0	0	0	100	0	100
25834	0	0	0	99	0	99
25835	0	0	97	3	0	100
25836	0	97	2	2	0	101
25837	0	3	0	99	0	102
25838	0	1	96	2	0	99
25839	0	0	98	1	0	99
25840	0	97	2	1	0	100
25841	95	2	0	2	0	99
25842	2	0	2	97	0	101
25843	96	1	1	3	0	101
25844	1	99	0	1	0	101
25845	1	2	1	97	0	101
25846	96	0	1	3	0	100
25847	97	1	0	0	0	98
25848	3	1	0	93	0	97
25849	0	0	0	97	0	97
25850	2	0	97	2	0	101
25851	1	1	1	96	0	99
25852	0	0	0	101	0	101
25853	98	0	0	4	0	102
25854	3	95	0	0	0	98
25855	0	2	93	2	0	97
25856	93	0	2	2	0	97
25857	3	100	1	0	0	104
25858	0	2	0	101	0	103
25859	100	0	1	3	0	104
25860	4	0	0	98	0	102
25861	0	1	0	102	0	103
25862	0	0	102	3	0	105
25863	2	0	2	97	0	101
25864	101	1	0	3	0	105
25865	2	0	0	102	0	104
25866	100	0	0	2	0	102
25867	2	100	1	2	0	105
25868	1	99	0	1	0	101
25869	0	2	1	103	0	106
25870	1	0	0	105	0	106
25871	99	1	0	2	0	102
25872	2	98	0	1	0	101
25873	103	2	0	1	0	106
25874	104	1	0	1	0	106
25875	3	1	0	101	0	105
25876	101	1	0	3	0	105
25877	3	0	91	1	0	95
25878	2	0	3	91	0	96
25879	1	1	94	2	0	98
25880	2	0	2	97	0	101
25881	97	0	2	2	0	101
25882	99	1	0	2	0	102
25883	3	96	1	0	0	100
25884	1	3	1	102	0	107
25885	2	0	0	106	0	108
25886	1	100	1	3	0	105
25887	0	4	0	102	0	106
25888	3	0	0	103	0	106
25889	1	102	0	6	0	109
25890	101	5	0	1	0	107
25891	104	0	0	4	0	108
25892	3	0	0	103	0	106
25893	0	3	0	102	0	105
25894	1	0	97	6	0	104
25895	1	1	2	95	0	99
25896	1	96	0	5	0	102
25897	94	3	0	4	0	101
25898	4	1	1	98	0	104
25899	0	0	1	98	0	99
25900	87	2	1	4	0	94
25901	2	89	2	2	0	95
25902	0	4	1	96	0	101
25903	1	1	1	97	0	100
25904	2	91	0	4	0	97
25905	95	3	0	1	0	99
25906	3	1	91	3	0	98
25907	2	0	94	2	0	98
25908	1	3	3	90	0	97
25909	2	0	90	5	0	97
25910	89	0	2	2	0	93
25911	3	1	1	89	0	94
25912	1	0	87	4	0	92
25913	0	0	91	2	0	93
25914	1	87	5	1	0	94
25915	93	3	0	3	0	99
25916	3	92	2	1	0	98
25917	98	2	0	0	0	100
25918	97	1	0	1	0	99
25919	1	93	2	0	0	96
25920	94	2	1	1	0	98
25921	92	2	0	1	0	95
25922	1	0	92	1	0	94
25923	1	6	1	83	0	91
25924	0	90	0	2	0	92
25925	1	85	0	0	0	86
25926	0	2	0	78	0	80
25927	69	0	0	3	0	72
25928	1	0	0	69	0	70
25929	0	0	0	75	0	75
25930	0	0	0	79	0	79
25931	0	81	0	1	0	82
25932	0	1	0	88	0	89
25933	0	0	97	1	0	98
25934	96	0	1	1	0	98
25935	100	0	1	0	0	101
25936	0	96	1	0	0	97
25937	96	2	0	0	0	98
25938	2	0	0	100	0	102
25939	0	1	97	1	0	99
25940	99	0	1	1	0	101
25941	2	99	0	0	0	101
25942	0	2	0	97	0	99
25943	98	0	0	2	0	100
25944	1	100	0	0	0	101
25945	0	101	1	0	0	102
25946	99	1	0	1	0	101
25947	1	0	100	0	0	101
25948	103	0	1	0	0	104
25949	1	0	0	103	0	104
25950	1	0	0	99	0	100
25951	0	0	99	2	0	101
25952	0	0	104	1	0	105
25953	1	0	0	99	0	100
25954	0	1	101	1	0	103
25955	0	0	97	1	0	98
25956	0	0	2	98	0	100
25957	1	0	0	96	0	97
25958	99	0	0	1	0	100
25959	1	0	0	98	0	99
25960	101	0	0	1	0	102
25961	1	102	0	1	0	104
25962	1	1	0	100	0	102
25963	1	0	105	1	0	107
25964	102	2	0	0	0	104
25965	107	0	0	2	0	109
25966	107	0	0	0	0	107
25967	105	0	0	1	0	106
25968	106	1	0	0	0	107
25969	2	0	0	107	0	109
25970	0	0	108	1	0	109
25971	1	0	103	0	0	104
25972	0	0	106	1	0	107
25973	104	0	0	1	0	105
25974	106	0	1	1	0	108
25975	1	0	1	98	0	100
25976	0	113	0	1	0	114
25977	1	1	0	114	0	116
25978	0	0	113	1	0	114
25979	0	0	110	0	0	110
25980	107	0	1	0	0	108
25981	1	0	114	0	0	115
25982	0	0	0	111	0	111
25983	114	0	0	1	0	115
25984	105	0	1	2	0	108
25985	110	0	0	1	0	111
25986	111	0	0	0	0	111
25987	0	0	110	0	0	110
25988	106	0	0	0	0	106
25989	0	114	0	0	0	114
25990	0	0	0	118	0	118
25991	0	0	117	0	0	117
25992	0	0	0	113	0	113
25993	0	0	120	0	0	120
25994	0	0	0	121	0	121
25995	0	0	0	118	0	118
25996	0	0	117	0	0	117
25997	0	0	0	119	0	119
25998	124	0	0	0	0	124
25999	2	0	0	122	0	124
26000	1	0	1	123	0	125
26001	122	0	0	1	0	123
26002	0	126	0	0	0	126
26003	122	0	0	2	0	124
26004	0	130	1	0	0	131
26005	131	0	0	1	0	132
26006	0	0	140	0	0	140
26007	1	0	0	131	0	132
26008	1	0	0	133	0	134
26009	134	0	1	0	0	135
26010	0	134	0	1	0	135
26011	1	0	0	134	0	135
26012	0	0	0	130	0	130
26013	0	132	0	1	0	133
26014	131	0	0	0	0	131
26015	1	134	0	0	0	135
26016	1	0	0	129	0	130
26017	1	1	0	123	0	125
26018	1	122	1	0	0	124
26019	124	0	1	0	0	125
26020	0	1	123	1	0	125
26021	117	0	1	2	0	120
26022	1	121	1	0	0	123
26023	0	2	0	127	0	129
26024	126	0	1	2	0	129
26025	1	0	0	131	0	132
26026	1	1	0	129	0	131
26027	130	0	1	1	0	132
26028	1	127	0	1	0	129
26029	1	133	0	1	0	135
26030	132	1	0	4	0	137
26031	1	1	135	1	0	138
26032	2	120	1	0	0	123
26033	0	3	4	113	0	120
26034	2	0	122	1	0	125
26035	1	2	2	119	0	124
26036	122	0	0	3	0	125
26037	2	120	1	0	0	123
26038	0	2	0	118	0	120
26039	0	118	0	3	0	121
26040	118	2	0	1	0	121
26041	130	2	0	0	0	132
26042	2	124	0	1	0	127
26043	1	2	0	123	0	126
26044	0	127	1	1	0	129
26045	125	3	0	0	0	128
26046	126	1	0	2	0	129
26047	2	0	1	125	0	128
26048	0	0	0	127	0	127
26049	0	1	121	2	0	124
26050	115	1	2	0	0	118
26051	2	0	124	1	0	127
26052	1	1	2	121	0	125
26053	124	1	0	2	0	127
26054	2	122	0	1	0	125
26055	122	3	0	3	0	128
26056	2	0	115	1	0	118
26057	117	1	1	2	0	121
26058	4	123	0	0	0	127
26059	126	2	1	0	0	129
26060	2	131	0	2	0	135
26061	3	2	0	128	0	133
26062	0	1	127	2	0	130
26063	1	1	118	1	0	121
26064	0	1	2	121	0	124
26065	1	0	122	3	0	126
26066	1	0	2	119	0	122
26067	0	2	0	115	0	117
26068	1	1	124	3	0	129
26069	108	1	3	1	0	113
26070	125	1	0	1	0	127
26071	4	124	0	0	0	128
26072	122	2	0	2	0	126
26073	2	0	0	121	0	123
26074	0	0	134	2	0	136
26075	1	1	2	136	0	140
26076	2	0	1	134	0	137
26077	132	0	0	4	0	136
26078	3	125	0	1	0	129
26079	0	136	0	1	0	137
26080	1	2	1	134	0	138
26081	1	0	1	134	0	136
26082	1	136	1	2	0	140
26083	1	2	0	135	0	138
26084	0	0	0	136	0	136
26085	0	137	0	1	0	138
26086	136	2	0	2	0	140
26087	2	0	1	134	0	137
26088	0	141	1	2	0	144
26089	0	2	0	136	0	138
26090	134	0	1	3	0	138
26091	1	134	0	1	0	136
26092	135	2	0	1	0	138
26093	135	0	1	0	0	136
26094	2	0	0	135	0	137
26095	134	0	0	2	0	136
26096	136	1	0	0	0	137
26097	141	0	0	0	0	141
26098	141	0	0	1	0	142
26099	1	0	1	138	0	140
26100	0	0	0	142	0	142
26101	0	0	137	3	0	140
26102	1	0	2	140	0	143
26103	1	1	0	144	0	146
26104	0	1	140	2	0	143
26105	139	0	2	1	0	142
26106	2	0	0	139	0	141
26107	0	1	141	2	0	144
26108	137	0	2	1	0	140
26109	2	0	154	1	0	157
26110	0	155	2	1	0	158
26111	1	167	0	0	0	168
26112	1	2	0	176	0	179
26113	0	1	195	2	0	198
26114	195	0	2	1	0	198
26115	208	0	0	0	0	208
26116	2	1	199	0	0	202
26117	206	0	2	1	0	209
26118	208	0	0	3	0	211
26119	2	211	0	1	0	214
26120	210	1	0	1	0	212
26121	6	0	0	204	0	210
26122	0	0	216	1	0	217
26123	1	0	1	199	0	201
26124	0	206	0	2	0	208
26125	0	219	0	1	0	220
26126	218	1	1	1	0	221
26127	214	0	0	2	0	216
26128	215	0	0	2	0	217
26129	4	0	1	199	0	204
26130	5	1	0	197	0	203
26131	0	201	0	2	0	203
26132	200	1	1	0	0	202
26133	2	204	0	0	0	206
26134	192	0	0	1	0	193
26135	0	193	0	0	0	193
26136	194	0	0	1	0	195
26137	186	0	1	1	0	188
26138	3	1	0	188	0	192
26139	0	201	1	0	0	202
26140	1	0	190	0	0	191
26141	179	1	1	1	0	182
26142	1	182	0	0	0	183
26143	0	2	192	0	0	194
26144	1	0	190	1	0	192
26145	0	0	1	195	0	196
26146	3	0	0	187	0	190
26147	1	200	0	1	0	202
26148	204	1	1	0	0	206
26149	1	1	0	195	0	197
26150	2	211	0	0	0	213
26151	1	213	0	0	0	214
26152	2	0	216	0	0	218
26153	0	0	207	2	0	209
26154	210	0	1	2	0	213
26155	0	1	217	2	0	220
26156	1	1	0	214	0	216
26157	0	2	0	220	0	222
26158	2	0	221	0	0	223
26159	3	1	0	212	0	216
26160	4	0	0	197	0	201
26161	211	0	0	1	0	212
26162	210	0	0	2	0	212
26163	0	1	0	211	0	212
26164	1	207	2	0	0	210
26165	2	228	0	0	0	230
26166	235	1	0	0	0	236
26167	1	1	232	0	0	234
26168	3	0	1	228	0	232
26169	238	0	0	2	0	240
26170	236	1	1	1	0	239
26171	1	3	0	239	0	243
26172	1	1	237	2	0	241
26173	2	1	217	1	0	221
26174	225	2	0	2	0	229
26175	225	1	1	4	0	231
26176	0	234	2	1	0	237
26177	2	234	0	2	0	238
26178	242	1	1	2	0	246
26179	244	2	1	2	0	249
26180	2	2	0	251	0	255
26181	1	0	0	246	0	247
26182	0	3	2	248	0	253
26183	246	0	0	2	0	248
26184	2	1	1	246	0	250
26185	2	0	253	1	0	256
26186	247	2	0	0	0	249
26187	2	0	2	251	0	255
26188	2	1	253	1	0	257
26189	239	2	1	3	0	245
26190	238	1	2	2	0	243
26191	0	257	4	1	0	262
26192	1	256	0	3	0	260
26193	2	2	248	1	0	253
26194	254	2	1	1	0	258
26195	2	269	1	2	0	274
26196	1	0	266	2	0	269
26197	249	2	1	2	0	254
26198	2	282	0	0	0	284
26199	2	0	278	0	0	280
26200	263	0	2	3	0	268
26201	2	280	0	1	0	283
26202	2	1	1	275	0	279
26203	273	0	1	3	0	277
26204	0	272	2	2	0	276
26205	4	4	2	266	0	276
26206	275	0	1	3	0	279
26207	1	0	271	2	0	274
26208	1	260	0	2	0	263
26209	2	2	259	0	0	263
26210	2	0	0	249	0	251
26211	0	0	249	1	0	250
26212	1	237	0	0	0	238
26213	1	215	1	0	0	217
26214	0	0	1	218	0	219
26215	0	0	0	209	0	209
26216	1	0	0	212	0	213
26217	1	0	217	0	0	218
26218	1	0	0	209	0	210
26219	213	0	1	1	0	215
26220	208	0	1	0	0	209
26221	1	0	218	0	0	219
26222	1	214	0	0	0	215
26223	213	0	0	0	0	213
26224	0	213	0	0	0	213
26225	213	0	0	2	0	215
26226	212	0	0	0	0	212
26227	0	0	214	0	0	214
26228	0	215	1	0	0	216
26229	0	0	0	214	0	214
26230	0	0	216	1	0	217
26231	206	0	0	2	0	208
26232	0	0	0	206	0	206
26233	0	0	206	0	0	206
26234	198	0	0	2	0	200
26235	0	0	218	0	0	218
26236	2	0	0	222	0	224
26237	234	0	0	1	0	235
26238	0	246	1	0	0	247
26239	0	0	250	0	0	250
26240	245	0	0	1	0	246
26241	269	0	0	2	0	271
26242	2	279	0	1	0	282
26243	1	1	0	272	0	274
26244	0	0	0	271	0	271
26245	263	0	0	3	0	266
26246	4	0	0	262	0	266
26247	1	0	264	3	0	268
26248	2	0	3	253	0	258
26249	257	0	1	3	0	261
26250	4	253	0	1	0	258
26251	2	4	0	239	0	245
26252	0	250	1	3	0	254
26253	247	4	0	2	0	253
26254	4	1	0	273	0	278
26255	3	0	0	280	0	283
26256	0	269	0	9	0	278
26257	0	7	273	2	0	282
26258	1	2	7	266	0	276
26259	2	0	2	278	0	282
26260	1	0	0	278	0	279
26261	0	275	0	7	0	282
26262	0	6	281	2	0	289
26263	0	3	285	0	0	288
26264	273	0	9	0	0	282
26265	274	0	2	1	0	277
26266	9	0	283	0	0	292
26267	270	0	7	0	0	277
26268	7	0	281	0	0	288
26269	267	0	7	0	0	274
26270	7	278	2	0	0	287
26271	281	6	0	1	0	288
26272	7	2	278	0	0	287
26273	3	0	294	0	0	297
26274	0	0	11	316	0	327
26275	319	1	1	9	0	330
26276	11	338	0	2	0	351
26277	2	9	385	0	0	396
26278	2	2	14	391	0	409
26279	0	1	2	412	0	415
26280	396	0	0	16	0	412
26281	411	1	0	3	0	415
26282	16	0	1	395	0	412
26283	397	0	0	13	0	410
26284	13	0	388	5	0	406
26285	7	0	12	386	0	405
26286	6	1	3	399	0	409
26287	391	0	0	19	0	410
26288	392	0	0	5	0	397
26289	18	1	2	386	0	407
26290	389	0	1	16	0	406
26291	13	0	386	6	0	405
26292	5	375	13	2	0	395
26293	3	12	385	2	0	402
26294	1	6	12	381	0	400
26295	368	0	4	17	0	389
26296	12	367	3	3	0	385
26297	6	13	0	370	0	389
26298	1	1	1	362	0	365
26299	0	362	2	15	0	379
26300	3	15	1	374	0	393
26301	2	5	3	374	0	384
26302	2	0	0	387	0	389
26303	1	1	0	374	0	376
26304	6	3	0	369	0	378
26305	1	360	1	16	0	378
26306	1	11	2	366	0	380
26307	3	3	1	380	0	387
26308	2	0	364	20	0	386
26309	2	363	13	4	0	382
26310	2	14	4	363	0	383
26311	4	3	0	379	0	386
26312	2	0	1	380	0	383
26313	3	361	2	17	0	383
26314	2	17	366	3	0	388
26315	5	3	13	373	0	394
26316	1	1	377	16	0	395
26317	0	0	387	6	0	393
26318	0	3	14	379	0	396
26319	384	1	6	15	0	406
26320	14	2	0	384	0	400
26321	5	0	3	395	0	403
26322	0	394	2	20	0	416
26323	3	13	0	400	0	416
26324	4	2	2	413	0	421
26325	1	1	401	17	0	420
26326	1	399	14	8	0	422
26327	4	15	3	399	0	421
26328	396	4	2	19	0	421
26329	14	2	395	8	0	419
26330	8	0	15	394	0	417
26331	4	1	4	409	0	418
26332	395	2	3	19	0	419
26333	14	400	1	8	0	423
26334	393	12	1	5	0	411
26335	10	385	1	7	0	403
26336	7	14	1	385	0	407
26337	380	5	3	15	0	403
26338	14	4	381	6	0	405
26339	5	363	14	4	0	386
26340	1	380	5	4	0	390
26341	351	13	1	8	0	373
26342	15	4	1	335	0	355
26343	8	343	2	12	0	365
26344	1	353	1	9	0	364
26345	7	15	1	346	0	369
26346	4	5	3	350	0	362
26347	340	1	1	17	0	359
26348	12	344	3	6	0	365
26349	5	12	3	345	0	365
26350	5	3	346	11	0	365
26351	2	339	11	8	0	360
26352	4	11	341	2	0	358
26353	0	340	12	4	0	356
26354	1	8	3	319	0	331
26355	1	1	2	313	0	317
26356	2	314	1	10	0	327
26357	1	8	305	5	0	319
26358	299	5	7	4	0	315
26359	7	2	1	313	0	323
26360	5	3	0	320	0	328
26361	2	2	319	11	0	334
26362	2	1	9	317	0	329
26363	2	1	316	10	0	329
26364	1	5	6	312	0	324
26365	1	1	328	13	0	343
26366	0	323	7	5	0	335
26367	1	8	329	5	0	343
26368	1	6	9	321	0	337
26369	317	1	4	13	0	335
26370	6	325	2	6	0	339
26371	2	8	2	322	0	334
26372	0	3	315	8	0	326
26373	0	313	6	6	0	325
26374	5	6	2	285	0	298
26375	0	3	292	5	0	300
26376	0	256	4	2	0	262
26377	204	2	4	4	0	214
26378	190	0	1	1	0	192
26379	0	0	0	189	0	189
26380	184	0	0	5	0	189
26381	0	0	0	188	0	188
26382	0	0	0	189	0	189
26383	0	0	203	1	0	204
26384	0	1	1	194	0	196
26385	0	0	0	198	0	198
26386	195	1	0	5	0	201
26387	196	0	0	3	0	199
26388	0	195	2	0	0	197
26389	0	0	195	1	0	196
26390	1	0	0	194	0	195
26391	0	0	191	0	0	191
26392	180	0	0	3	0	183
26393	0	0	188	0	0	188
26394	0	0	0	182	0	182
26395	0	190	0	0	0	190
26396	0	0	0	189	0	189
26397	0	0	1	188	0	189
26398	0	0	195	0	0	195
26399	0	0	0	187	0	187
26400	195	0	0	0	0	195
26401	193	0	0	0	0	193
26402	191	0	0	0	0	191
26403	184	0	1	4	0	189
26404	0	193	0	0	0	193
26405	0	188	0	0	0	188
26406	0	0	0	180	0	180
26407	1	0	0	184	0	185
26408	0	184	0	0	0	184
26409	0	0	0	185	0	185
26410	1	0	0	183	0	184
26411	0	0	0	183	0	183
26412	1	1	0	179	0	181
26413	0	0	1	183	0	184
26414	174	0	0	2	0	176
26415	1	178	0	0	0	179
26416	0	1	175	0	0	176
26417	1	0	0	171	0	172
26418	0	0	1	177	0	178
26419	1	1	0	167	0	169
26420	168	0	0	1	0	169
26421	0	187	1	0	0	188
26422	1	2	0	188	0	191
26423	1	186	0	1	0	188
26424	1	2	0	181	0	184
26425	0	174	0	2	0	176
26426	1	2	195	0	0	198
26427	1	0	2	200	0	203
26428	0	1	234	2	0	237
26429	1	0	4	233	0	238
26430	0	0	1	248	0	249
26431	243	0	2	8	0	253
26432	243	0	0	3	0	246
26433	248	0	0	2	0	250
26434	249	1	0	0	0	250
26435	238	0	1	0	0	239
26436	6	0	0	239	0	245
26437	3	236	1	3	0	243
26438	3	3	0	235	0	241
26439	0	1	232	5	0	238
26440	220	2	3	3	0	228
26441	232	1	1	2	0	236
26442	6	0	1	231	0	238
26443	4	0	0	230	0	234
26444	2	224	2	4	0	232
26445	2	2	1	228	0	233
26446	1	1	0	225	0	227
26447	1	227	0	3	0	231
26448	2	3	0	229	0	234
26449	216	1	1	6	0	224
26450	4	2	216	1	0	223
26451	217	1	3	3	0	224
26452	5	0	223	2	0	230
26453	3	0	5	219	0	227
26454	2	1	1	212	0	216
26455	0	208	0	5	0	213
26456	0	222	0	4	0	226
26457	1	5	1	220	0	227
26458	0	3	218	6	0	227
26459	207	2	4	4	0	217
26460	5	0	2	211	0	218
26461	2	207	2	4	0	215
26462	3	3	2	207	0	215
26463	1	2	1	215	0	219
26464	1	209	1	9	0	220
26465	1	4	0	200	0	205
26466	2	2	183	5	0	192
26467	2	2	181	2	0	187
26468	2	3	5	169	0	179
26469	2	179	3	4	0	188
26470	2	4	3	181	0	190
26471	183	2	0	5	0	190
26472	187	4	0	3	0	194
26473	166	0	0	7	0	173
26474	4	175	1	1	0	181
26475	3	4	171	1	0	179
26476	174	1	4	2	0	181
26477	177	1	5	2	0	185
26478	4	170	2	3	0	179
26479	3	5	0	175	0	183
26480	175	1	0	5	0	181
26481	177	3	0	2	0	182
26482	178	1	0	1	0	180
26483	7	0	1	159	0	167
26484	165	1	0	3	0	169
26485	6	0	2	161	0	169
26486	5	2	0	164	0	171
26487	163	2	1	5	0	171
26488	4	1	1	162	0	168
26489	161	1	1	6	0	169
26490	8	1	0	156	0	165
26491	3	2	0	162	0	167
26492	160	1	1	7	0	169
26493	4	2	160	6	0	172
26494	3	0	4	163	0	170
26495	4	2	1	163	0	170
26496	1	2	3	166	0	172
26497	3	0	2	168	0	173
26498	3	0	2	159	0	164
26499	3	157	1	8	0	169
26500	2	3	0	157	0	162
26501	2	1	155	8	0	166
26502	4	3	4	158	0	169
26503	2	1	2	163	0	168
26504	4	2	1	163	0	170
26505	1	3	156	8	0	168
26506	2	0	157	7	0	166
26507	157	1	5	3	0	166
26508	159	0	4	3	0	166
26509	5	170	2	1	0	178
26510	4	5	2	171	0	182
26511	6	1	1	179	0	187
26512	4	2	0	184	0	190
26513	178	4	0	9	0	191
26514	182	2	0	8	0	192
26515	7	0	1	183	0	191
26516	6	0	3	180	0	189
26517	9	1	0	182	0	192
26518	3	1	1	186	0	191
26519	179	1	0	10	0	190
26520	5	0	173	6	0	184
26521	2	143	2	6	0	153
26522	3	139	1	2	0	145
26523	139	2	0	2	0	143
26524	5	5	2	133	0	145
26525	1	1	137	5	0	144
26526	1	0	108	4	0	113
26527	1	120	2	3	0	126
26528	87	0	0	2	0	89
26529	2	0	84	0	0	86
26530	72	0	0	0	0	72
26531	0	1	0	77	0	78
26532	0	0	0	80	0	80
26533	0	77	0	0	0	77
26534	0	77	0	0	0	77
26535	79	0	0	0	0	79
26536	80	0	0	0	0	80
26537	0	75	0	0	0	75
26538	0	0	79	0	0	79
26539	1	0	75	0	0	76
26540	0	0	0	83	0	83
26541	82	0	0	0	0	82
26542	0	84	0	0	0	84
26543	0	0	0	89	0	89
26544	88	0	0	2	0	90
26545	0	0	0	87	0	87
26546	0	0	0	93	0	93
26547	89	0	0	0	0	89
26548	0	88	0	1	0	89
26549	0	101	0	0	0	101
26550	0	0	105	0	0	105
26551	0	0	0	108	0	108
26552	0	0	0	108	0	108
26553	0	0	109	0	0	109
26554	92	0	0	1	0	93
26555	101	0	0	0	0	101
26556	0	0	108	0	0	108
26557	91	0	0	0	0	91
26558	0	0	108	0	0	108
26559	0	117	1	0	0	118
26560	0	0	0	123	0	123
26561	0	0	0	130	0	130
26562	130	0	0	0	0	130
26563	124	0	0	1	0	125
26564	126	0	0	1	0	127
26565	127	0	0	2	0	129
26566	123	1	0	1	0	125
26567	0	1	123	0	0	124
26568	0	125	1	0	0	126
26569	0	0	0	128	0	128
26570	0	125	0	1	0	126
26571	0	129	1	0	0	130
26572	2	1	0	125	0	128
26573	1	0	0	126	0	127
26574	0	0	130	0	0	130
26575	122	0	1	0	0	123
26576	129	0	0	0	0	129
26577	0	122	1	0	0	123
26578	127	0	0	3	0	130
26579	131	0	0	1	0	132
26580	1	0	0	131	0	132
26581	1	1	133	0	0	135
26582	1	0	133	0	0	134
26583	133	0	0	1	0	134
26584	135	0	0	3	0	138
26585	0	134	1	0	0	135
26586	0	144	0	0	0	144
26587	0	0	0	145	0	145
26588	144	1	0	0	0	145
26589	0	1	137	0	0	138
26590	1	0	0	144	0	145
26591	143	0	0	4	0	147
26592	141	0	1	0	0	142
26593	1	0	0	153	0	154
26594	153	0	0	0	0	153
26595	1	1	146	0	0	148
26596	1	1	147	0	0	149
26597	3	0	0	142	0	145
26598	0	0	0	160	0	160
26599	1	0	1	156	0	158
26600	0	153	1	0	0	154
26601	1	157	0	0	0	158
26602	1	0	0	157	0	158
26603	155	1	0	0	0	156
26604	0	0	0	158	0	158
26605	0	0	0	162	0	162
26606	1	154	0	0	0	155
26607	0	165	1	0	0	166
26608	1	0	0	166	0	167
26609	1	0	0	161	0	162
26610	156	0	0	0	0	156
26611	0	144	0	1	0	145
26612	154	0	0	0	0	154
26613	0	0	0	151	0	151
26614	0	0	150	0	0	150
26615	0	0	142	1	0	143
26616	146	0	0	1	0	147
26617	0	0	0	160	0	160
26618	0	0	0	161	0	161
26619	1	1	0	159	0	161
26620	0	0	162	1	0	163
26621	1	0	0	155	0	156
26622	0	159	0	1	0	160
26623	0	0	0	162	0	162
26624	0	0	0	158	0	158
26625	0	162	0	0	0	162
26626	0	0	0	166	0	166
26627	160	0	0	1	0	161
26628	1	158	0	0	0	159
26629	172	2	0	0	0	174
26630	174	0	0	0	0	174
26631	3	0	1	174	0	178
26632	0	2	1	167	0	170
26633	1	0	1	174	0	176
26634	2	0	173	2	0	177
26635	0	164	2	2	0	168
26636	0	166	1	2	0	169
26637	0	2	0	169	0	171
26638	160	0	1	3	0	164
26639	3	1	0	162	0	166
26640	0	2	163	2	0	167
26641	0	154	2	2	0	158
26642	1	165	2	1	0	169
26643	161	2	0	1	0	164
26644	162	0	1	0	0	163
26645	2	179	0	0	0	181
26646	177	3	1	0	0	181
26647	3	1	179	0	0	183
26648	0	0	178	0	0	178
26649	172	1	2	0	0	175
26650	178	0	1	1	0	180
26651	2	0	0	174	0	176
26652	171	0	0	4	0	175
26653	4	0	176	0	0	180
26654	1	1	187	0	0	189
26655	0	0	2	215	0	217
26656	1	0	0	236	0	237
26657	0	0	1	240	0	241
26658	1	0	1	244	0	246
26659	0	0	0	261	0	261
26660	0	0	242	7	0	249
26661	1	0	3	249	0	253
26662	253	0	1	7	0	261
26663	3	0	0	255	0	258
26664	254	0	4	4	0	262
26665	3	0	1	256	0	260
26666	261	0	0	4	0	265
26667	272	0	1	5	0	278
26668	8	0	0	271	0	279
26669	2	0	0	276	0	278
26670	273	0	0	5	0	278
26671	263	0	2	3	0	268
26672	4	0	274	4	0	282
26673	2	0	3	280	0	285
26674	3	0	1	281	0	285
26675	280	0	0	4	0	284
26676	281	0	2	3	0	286
26677	4	0	0	288	0	292
26678	3	0	0	288	0	291
26679	5	0	1	284	0	290
26680	4	0	1	281	0	286
26681	1	268	1	9	0	279
26682	2	272	0	4	0	278
26683	2	4	2	272	0	280
26684	0	278	0	6	0	284
26685	2	6	0	283	0	291
26686	1	4	280	4	0	289
26687	2	0	274	4	0	280
26688	0	289	4	3	0	296
26689	0	3	4	288	0	295
26690	1	2	282	5	0	290
26691	0	1	6	274	0	281
26692	2	4	1	289	0	296
26693	281	2	1	7	0	291
26694	3	1	3	292	0	299
26695	3	1	292	6	0	302
26696	0	0	301	6	0	307
26697	4	302	6	0	0	312
26698	1	320	2	4	0	327
26699	325	5	3	3	0	336
26700	4	1	362	2	0	369
26701	2	2	4	360	0	368
26702	363	2	2	6	0	373
26703	362	0	1	3	0	366
26704	6	372	3	1	0	382
26705	3	3	1	360	0	367
26706	5	1	2	379	0	387
26707	4	0	1	379	0	384
26708	372	4	0	6	0	382
26709	4	1	376	5	0	386
26710	2	382	3	5	0	392
26711	3	3	2	388	0	396
26712	5	1	0	388	0	394
26713	4	0	395	4	0	403
26714	1	4	3	383	0	391
26715	2	2	1	400	0	405
26716	2	0	0	400	0	402
26717	3	1	4	389	0	397
26718	0	0	389	12	0	401
26719	3	0	4	388	0	395
26720	2	0	402	8	0	412
26721	1	400	6	7	0	414
26722	1	3	5	405	0	414
26723	1	1	2	416	0	420
26724	4	1	406	7	0	418
26725	3	412	4	5	0	424
26726	3	4	1	418	0	426
26727	1	2	419	10	0	432
26728	2	420	5	4	0	431
26729	4	3	3	409	0	419
26730	1	2	415	6	0	424
26731	0	1	3	410	0	414
26732	4	4	2	396	0	406
26733	2	0	2	424	0	428
26734	418	2	3	7	0	430
26735	2	413	2	5	0	422
26736	411	2	1	8	0	422
26737	2	3	413	3	0	421
26738	424	0	2	4	0	430
26739	454	3	2	3	0	462
26740	6	0	1	456	0	463
26741	456	1	4	4	0	465
26742	456	0	2	5	0	463
26743	472	3	1	4	0	480
26744	2	3	0	470	0	475
26745	5	1	0	456	0	462
26746	3	2	450	3	0	458
26747	3	1	432	4	0	440
26748	421	0	4	6	0	431
26749	2	2	3	447	0	454
26750	1	462	0	0	0	463
26751	455	2	1	6	0	464
26752	5	452	1	1	0	459
26753	1	460	2	3	0	466
26754	2	5	451	2	0	460
26755	3	1	481	0	0	485
26756	3	11	0	483	0	497
26757	0	3	527	0	0	530
26758	0	0	489	1	0	490
26759	462	0	1	4	0	467
26760	491	0	0	4	0	495
26761	2	0	0	494	0	496
26762	0	0	0	491	0	491
26763	0	0	508	0	0	508
26764	0	509	0	0	0	509
26765	0	0	0	513	0	513
26766	533	0	0	5	0	538
26767	0	0	0	529	0	529
26768	0	531	0	0	0	531
26769	0	0	522	0	0	522
26770	1	536	0	0	0	537
26771	541	0	0	1	0	542
26772	527	0	0	3	0	530
26773	0	0	0	536	0	536
26774	0	0	537	0	0	537
26775	0	0	500	0	0	500
26776	0	538	0	0	0	538
26777	3	0	0	519	0	522
26778	1	0	0	540	0	541
26779	1	0	535	0	0	536
26780	3	0	1	521	0	525
26781	0	546	0	1	0	547
26782	0	2	0	549	0	551
26783	2	0	0	544	0	546
26784	0	0	540	2	0	542
26785	1	0	2	523	0	526
26786	531	0	0	5	0	536
26787	2	1	531	0	0	534
26788	2	1	516	0	0	519
26789	0	536	3	0	0	539
26790	2	2	1	546	0	551
26791	0	1	0	568	0	569
26792	0	0	558	8	0	566
26793	531	0	6	5	0	542
26794	7	2	1	552	0	562
26795	1	0	547	7	0	555
26796	2	0	6	527	0	535
26797	0	1	551	6	0	558
26798	0	0	532	2	0	534
26799	1	537	7	0	0	545
26800	1	6	2	514	0	523
26801	0	528	2	7	0	537
26802	518	7	0	4	0	529
26803	6	1	524	1	0	532
26804	1	518	6	1	0	526
26805	1	6	2	525	0	534
26806	519	1	0	10	0	530
26807	5	513	1	2	0	521
26808	2	6	2	508	0	518
26809	1	2	0	517	0	520
26810	0	507	1	8	0	516
26811	513	7	1	2	0	523
26812	8	2	0	572	0	582
26813	1	1	0	590	0	592
26814	0	1	583	13	0	597
26815	1	605	12	2	0	620
26816	1	12	2	602	0	617
26817	2	3	0	656	0	661
26818	0	653	1	17	0	671
26819	3	16	0	664	0	683
26820	3	4	1	670	0	678
26821	1	1	1	671	0	674
26822	1	668	1	16	0	686
26823	651	16	0	7	0	674
26824	16	4	649	1	0	670
26825	624	0	16	4	0	644
26826	16	643	4	2	0	665
26827	3	15	2	649	0	669
26828	0	5	664	16	0	685
26829	2	0	15	652	0	669
26830	3	0	5	659	0	667
26831	2	3	1	673	0	679
26832	2	1	666	18	0	687
26833	0	650	16	5	0	671
26834	2	16	664	2	0	684
26835	1	668	15	1	0	685
26836	3	15	681	1	0	700
26837	1	4	18	678	0	701
26838	661	1	3	19	0	684
26839	17	680	1	2	0	700
26840	1	15	679	4	0	699
26841	0	681	15	4	0	700
26842	0	16	691	5	0	712
26843	3	4	15	656	0	678
26844	5	2	3	662	0	672
26845	0	661	3	20	0	684
26846	2	705	1	7	0	715
26847	691	18	4	8	0	721
26848	20	7	2	695	0	724
26849	5	4	709	17	0	735
26850	4	2	15	700	0	721
26851	4	2	716	21	0	743
26852	1	5	718	7	0	731
26853	4	2	21	694	0	721
26854	1	702	5	18	0	726
26855	674	18	6	9	0	707
26856	20	6	2	665	0	693
26857	8	2	5	657	0	672
26858	2	658	3	18	0	681
26859	651	21	4	6	0	682
26860	659	8	3	7	0	677
26861	21	2	4	653	0	680
26862	4	651	5	22	0	682
26863	0	712	4	12	0	728
26864	670	20	4	14	0	708
26865	18	7	690	3	0	718
26866	650	4	21	5	0	680
26867	681	8	6	5	0	700
26868	686	4	4	3	0	697
26869	20	659	4	6	0	689
26870	5	19	3	673	0	700
26871	678	8	1	27	0	714
26872	680	5	3	12	0	700
26873	22	679	2	2	0	705
26874	679	17	3	10	0	709
26875	20	7	7	676	0	710
26876	6	2	3	692	0	703
26877	2	689	3	23	0	717
26878	5	20	5	690	0	720
26879	3	7	3	702	0	715
26880	8	689	0	23	0	720
26881	6	19	3	664	0	692
26882	4	683	4	14	0	705
26883	682	15	3	12	0	712
26884	668	7	4	7	0	686
26885	22	671	2	3	0	698
26886	6	19	669	5	0	699
26887	7	4	17	667	0	695
26888	4	6	674	20	0	704
26889	2	645	15	6	0	668
26890	5	676	2	2	0	685
26891	635	15	4	6	0	660
26892	15	643	0	4	0	662
26893	11	12	4	633	0	660
26894	4	627	4	12	0	647
26895	6	654	0	2	0	662
26896	632	17	2	7	0	658
26897	21	3	2	630	0	656
26898	7	3	620	14	0	644
26899	3	3	609	4	0	619
26900	4	626	13	5	0	648
26901	608	13	4	7	0	632
26902	13	614	2	7	0	636
26903	3	17	1	634	0	655
26904	623	6	2	21	0	652
26905	17	5	0	632	0	654
26906	7	3	1	634	0	645
26907	4	624	3	19	0	650
26908	3	15	2	641	0	661
26909	4	7	640	16	0	667
26910	615	2	14	11	0	642
26911	15	650	6	5	0	676
26912	5	625	4	5	0	639
26913	604	15	1	6	0	626
26914	13	5	599	3	0	620
26915	560	6	9	2	0	577
26916	12	640	5	1	0	658
26917	2	686	1	2	0	691
26918	1	13	669	1	0	684
26919	0	688	8	1	0	697
26920	8	8	8	637	0	661
26921	1	5	1	666	0	673
26922	0	661	0	13	0	674
26923	5	10	0	667	0	682
26924	667	4	0	10	0	681
26925	9	1	664	5	0	679
26926	658	0	9	2	0	669
26927	671	3	6	0	0	680
26928	660	2	2	3	0	667
26929	17	0	649	0	0	666
26930	10	1	11	637	0	659
26931	3	1	658	9	0	671
26932	618	2	11	8	0	639
26933	633	3	6	1	0	643
26934	11	643	3	1	0	658
26935	7	11	0	633	0	651
26936	0	654	1	10	0	665
26937	1	11	647	6	0	665
26938	2	8	11	646	0	667
26939	646	1	5	13	0	665
26940	652	1	2	6	0	661
26941	18	2	2	617	0	639
26942	9	636	2	10	0	657
26943	4	11	642	3	0	660
26944	4	5	641	1	0	651
26945	605	3	16	2	0	626
26946	11	3	641	3	0	658
26947	7	628	12	2	0	649
26948	6	9	4	633	0	652
26949	3	7	634	10	0	654
26950	3	3	9	614	0	629
26951	2	2	620	10	0	634
26952	578	4	9	9	0	600
26953	9	2	9	597	0	617
26954	6	604	3	9	0	622
26955	4	614	2	6	0	626
26956	8	15	1	599	0	623
26957	5	6	1	597	0	609
26958	1	603	2	15	0	621
26959	2	9	606	9	0	626
26960	3	5	13	590	0	611
26961	4	3	607	9	0	623
26962	3	2	583	7	0	595
26963	543	4	13	5	0	565
26964	10	561	8	5	0	584
26965	564	12	4	2	0	582
26966	12	7	4	546	0	569
26967	8	560	4	13	0	585
26968	7	11	3	564	0	585
26969	2	8	3	562	0	575
26970	3	562	3	15	0	583
26971	0	15	554	9	0	578
26972	4	6	10	557	0	577
26973	543	3	11	13	0	570
26974	14	4	0	549	0	567
26975	8	1	6	549	0	564
26976	4	4	536	17	0	561
26977	0	530	14	10	0	554
26978	3	11	10	523	0	547
26979	5	5	536	12	0	558
26980	2	8	533	7	0	550
26981	509	3	15	8	0	535
26982	8	518	9	10	0	545
26983	519	15	6	2	0	542
26984	10	516	2	7	0	535
26985	10	521	2	6	0	539
26986	512	17	4	4	0	537
26987	11	8	4	495	0	518
26988	10	512	2	9	0	533
26989	8	11	4	513	0	536
26990	513	5	5	16	0	539
26991	12	2	505	12	0	531
26992	11	3	504	3	0	521
26993	489	6	16	5	0	516
26994	13	503	9	6	0	531
26995	6	13	503	2	0	524
26996	2	499	13	7	0	521
26997	10	11	8	496	0	525
26998	2	10	494	11	0	517
26999	4	6	9	499	0	518
27000	3	6	495	13	0	517
27001	482	5	12	7	0	506
27002	11	485	9	5	0	510
27003	474	10	5	3	0	492
27004	9	9	4	470	0	492
27005	8	488	5	9	0	510
27006	492	10	3	5	0	510
27007	480	7	6	6	0	499
27008	11	3	498	2	0	514
27009	10	2	483	2	0	497
27010	428	2	15	4	0	449
27011	8	428	7	5	0	448
27012	6	405	2	3	0	416
27013	3	21	5	371	0	400
27014	6	5	378	8	0	397
27015	1	361	9	6	0	377
27016	0	302	9	1	0	312
27017	6	3	5	186	0	200
27018	188	2	3	0	0	193
27019	182	1	1	2	0	186
27020	182	1	1	1	0	185
27021	3	2	180	0	0	185
27022	184	0	1	0	0	185
27023	183	2	1	1	0	187
27024	186	2	0	2	0	190
27025	4	0	0	183	0	187
27026	2	182	1	2	0	187
27027	182	2	2	1	0	187
27028	3	181	3	1	0	188
27029	1	2	0	189	0	192
27030	3	3	193	0	0	199
27031	0	0	1	194	0	195
27032	1	0	3	195	0	199
27033	0	3	193	2	0	198
27034	1	192	1	1	0	195
27035	0	0	1	176	0	177
27036	170	2	2	0	0	174
27037	2	174	1	1	0	178
27038	170	1	0	1	0	172
27039	0	2	2	166	0	170
27040	4	162	0	0	0	166
27041	163	0	0	1	0	164
27042	2	163	0	0	0	165
27043	0	0	163	1	0	164
27044	161	2	0	0	0	163
27045	155	0	0	0	0	155
27046	0	164	0	0	0	164
27047	0	0	153	1	0	154
27048	0	164	1	0	0	165
27049	0	1	1	129	0	131
27050	0	0	0	166	0	166
27051	1	0	1	166	0	168
27052	0	171	0	0	0	171
27053	0	0	0	168	0	168
27054	1	0	0	173	0	174
27055	170	1	0	2	0	173
27056	4	0	0	168	0	172
27057	1	0	0	173	0	174
27058	167	1	0	2	0	170
27059	2	172	0	1	0	175
27060	177	2	0	1	0	180
27061	175	1	1	1	0	178
27062	177	0	0	1	0	178
27063	2	0	0	175	0	177
27064	1	1	0	173	0	175
27065	0	0	175	2	0	177
27066	0	1	168	1	0	170
27067	1	0	165	1	0	167
27068	160	1	1	1	0	163
27069	1	0	167	1	0	169
27070	1	173	1	0	0	175
27071	2	1	0	171	0	174
27072	1	0	0	168	0	169
27073	1	171	1	1	0	174
27074	0	1	178	2	0	181
27075	1	178	3	1	0	183
27076	177	2	1	0	0	180
27077	2	2	176	0	0	180
27078	1	179	2	1	0	183
27079	1	2	177	0	0	180
27080	1	0	2	178	0	181
27081	0	1	174	3	0	178
27082	0	1	1	174	0	176
27083	177	0	2	1	0	180
27084	2	1	178	0	0	181
27085	1	180	2	1	0	184
27086	183	1	2	0	0	186
27087	2	1	187	0	0	190
27088	2	1	188	0	0	191
27089	1	0	1	188	0	190
27090	0	0	183	2	0	185
27091	181	1	2	1	0	185
27092	4	187	1	0	0	192
27093	0	3	1	187	0	191
27094	1	193	0	1	0	195
27095	192	1	2	0	0	195
27096	1	1	189	1	0	192
27097	0	0	191	1	0	192
27098	0	0	2	194	0	196
27099	2	1	2	193	0	198
27100	2	0	0	192	0	194
27101	1	1	0	193	0	195
27102	0	1	202	3	0	206
27103	1	203	0	0	0	204
27104	3	1	0	180	0	184
27105	0	0	180	1	0	181
27106	0	173	3	0	0	176
27107	175	1	0	2	0	178
27108	1	0	2	173	0	176
27109	171	0	0	2	0	173
27110	1	173	0	1	0	175
27111	174	1	1	0	0	176
27112	1	1	181	0	0	183
27113	0	0	2	177	0	179
27114	0	181	1	1	0	183
27115	0	2	182	0	0	184
27116	1	176	1	0	0	178
27117	2	1	0	137	0	140
27118	177	0	0	1	0	178
27119	1	173	0	0	0	174
27120	175	1	0	0	0	176
27121	1	0	175	0	0	176
27122	1	2	164	1	0	168
27123	172	2	1	0	0	175
27124	1	1	1	177	0	180
27125	0	1	0	181	0	182
27126	0	0	186	1	0	187
27127	1	0	179	0	0	180
27128	0	187	1	0	0	188
27129	181	1	0	2	0	184
27130	177	0	1	1	0	179
27131	1	176	0	0	0	177
27132	2	1	0	179	0	182
27133	187	0	0	2	0	189
27134	1	0	0	189	0	190
27135	186	0	1	1	0	188
27136	188	0	1	0	0	189
27137	187	0	0	0	0	187
27138	2	0	0	189	0	191
27139	2	0	0	198	0	200
27140	201	1	0	0	0	202
27141	197	0	0	1	0	198
27142	198	0	0	0	0	198
27143	1	201	0	1	0	203
27144	200	1	0	0	0	201
27145	2	197	0	0	0	199
27146	191	1	1	2	0	195
27147	1	0	195	1	0	197
27148	177	1	0	4	0	182
27149	0	187	0	0	0	187
27150	0	182	1	1	0	184
27151	185	0	0	0	0	185
27152	0	0	0	190	0	190
27153	0	0	0	194	0	194
27154	0	194	1	0	0	195
27155	0	212	0	0	0	212
27156	215	0	0	0	0	215
27157	1	0	227	0	0	228
27158	1	0	1	241	0	243
27159	252	0	0	3	0	255
27160	2	0	249	0	0	251
27161	0	273	2	0	0	275
27162	287	3	0	0	0	290
27163	5	0	292	0	0	297
27164	1	0	5	308	0	314
27165	0	0	324	3	0	327
27166	308	0	4	2	0	314
27167	6	335	0	0	0	341
27168	333	6	0	0	0	339
27169	334	0	0	1	0	335
27170	4	0	0	330	0	334
27171	331	0	0	8	0	339
27172	7	0	2	335	0	344
27173	0	0	1	345	0	346
27174	0	1	339	6	0	346
27175	2	338	6	0	0	346
27176	0	7	2	350	0	359
27177	1	0	0	347	0	348
27178	1	0	1	351	0	353
27179	1	0	344	7	0	352
27180	1	353	3	0	0	357
27181	1	6	0	352	0	359
27182	2	0	0	356	0	358
27183	0	0	350	7	0	357
27184	1	0	5	346	0	352
27185	345	0	0	8	0	353
27186	6	344	0	2	0	352
27187	342	5	1	2	0	350
27188	6	1	338	1	0	346
27189	3	1	7	337	0	348
27190	338	0	1	8	0	347
27191	335	1	0	5	0	341
27192	7	1	346	0	0	354
27193	3	1	7	337	0	348
27194	2	0	343	6	0	351
27195	329	1	6	3	0	339
27196	9	349	1	0	0	359
27197	344	7	2	3	0	356
27198	358	1	0	3	0	362
27199	8	360	1	0	0	369
27200	368	6	1	1	0	376
27201	7	1	360	1	0	369
27202	357	0	6	4	0	367
27203	10	0	1	364	0	375
27204	2	0	385	6	0	393
27205	1	2	6	377	0	386
27206	4	1	0	366	0	371
27207	2	0	1	371	0	374
27208	3	372	0	5	0	380
27209	371	7	1	2	0	381
27210	8	1	1	372	0	382
27211	2	362	1	7	0	372
27212	2	8	0	359	0	369
27213	2	365	2	6	0	375
27214	0	6	369	3	0	378
27215	6	0	6	363	0	375
27216	3	2	2	376	0	383
27217	2	1	375	6	0	384
27218	352	1	7	3	0	363
27219	7	371	1	5	0	384
27220	5	7	1	375	0	388
27221	1	3	0	364	0	368
27222	6	1	1	359	0	367
27223	1	363	3	8	0	375
27224	362	8	1	2	0	373
27225	9	0	362	4	0	375
27226	0	2	357	3	0	362
27227	2	1	6	349	0	358
27228	3	1	1	359	0	364
27229	352	3	2	8	0	365
27230	6	345	1	5	0	357
27231	2	6	3	350	0	361
27232	343	2	1	8	0	354
27233	8	3	1	336	0	348
27234	335	0	2	10	0	347
27235	8	4	328	2	0	342
27236	2	344	6	3	0	355
27237	346	6	3	2	0	357
27238	7	1	346	4	0	358
27239	338	1	7	2	0	348
27240	8	1	343	4	0	356
27241	338	2	8	2	0	350
27242	8	0	0	341	0	349
27243	335	2	1	11	0	349
27244	7	1	2	333	0	343
27245	4	4	0	333	0	341
27246	333	1	1	10	0	345
27247	8	319	3	1	0	331
27248	1	8	4	328	0	341
27249	331	3	2	7	0	343
27250	342	2	2	3	0	349
27251	12	0	2	343	0	357
27252	3	3	0	343	0	349
27253	343	2	3	9	0	357
27254	14	0	2	355	0	371
27255	4	1	1	354	0	360
27256	346	1	2	8	0	357
27257	7	1	1	330	0	339
27258	3	2	308	6	0	319
27259	290	1	4	4	0	299
27260	6	1	303	3	0	313
27261	3	0	270	2	0	275
27262	253	4	5	2	0	264
27263	3	251	1	1	0	256
27264	2	2	2	245	0	251
27265	3	0	1	243	0	247
27266	2	1	1	262	0	266
27267	3	0	0	261	0	264
27268	261	1	0	3	0	265
27269	278	3	0	2	0	283
27270	284	0	0	2	0	286
27271	6	0	325	1	0	332
27272	6	1	4	339	0	350
27273	4	0	2	346	0	352
27274	4	0	1	332	0	337
27275	4	328	0	7	0	339
27276	1	344	2	4	0	351
27277	350	6	0	5	0	361
27278	6	2	0	349	0	357
27279	6	0	0	372	0	378
27280	5	2	1	375	0	383
27281	2	1	366	11	0	380
27282	4	2	348	3	0	357
27283	367	1	9	2	0	379
27284	375	0	2	4	0	381
27285	8	1	1	366	0	376
27286	5	368	1	7	0	381
27287	1	5	1	375	0	382
27288	2	2	1	376	0	381
27289	4	1	361	8	0	374
27290	366	2	4	5	0	377
27291	9	1	2	380	0	392
27292	8	0	0	377	0	385
27293	363	0	3	12	0	378
27294	6	379	3	4	0	392
27295	386	5	1	4	0	396
27296	9	3	2	377	0	391
27297	4	362	0	8	0	374
27298	371	7	1	3	0	382
27299	6	4	0	368	0	378
27300	364	1	1	9	0	375
27301	355	0	1	8	0	364
27302	356	2	0	4	0	362
27303	9	344	1	4	0	358
27304	5	340	2	4	0	351
27305	5	8	1	331	0	345
27306	4	341	1	9	0	355
27307	349	3	0	6	0	358
27308	9	4	1	346	0	360
27309	351	4	3	6	0	364
27310	356	0	2	6	0	364
27311	11	4	1	350	0	366
27312	8	1	1	364	0	374
27313	359	0	3	15	0	377
27314	359	3	1	9	0	372
27315	371	4	1	5	0	381
27316	376	2	1	4	0	383
27317	376	3	0	5	0	384
27318	14	3	0	369	0	386
27319	6	2	1	376	0	385
27320	5	2	4	374	0	385
27321	368	2	4	12	0	386
27322	15	1	1	358	0	375
27323	10	358	2	9	0	379
27324	3	9	1	374	0	387
27325	365	7	0	9	0	381
27326	366	0	0	9	0	375
27327	12	2	359	8	0	381
27328	6	2	10	337	0	355
27329	9	356	3	9	0	377
27330	366	8	2	8	0	384
27331	9	359	2	6	0	376
27332	9	7	1	366	0	383
27333	368	5	0	10	0	383
27334	368	3	0	8	0	379
27335	11	368	2	5	0	386
27336	5	10	0	366	0	381
27337	8	5	361	8	0	382
27338	360	0	6	10	0	376
27339	16	2	361	3	0	382
27340	367	2	7	5	0	381
27341	371	0	2	3	0	376
27342	13	5	1	372	0	391
27343	378	8	0	8	0	394
27344	392	1	0	10	0	403
27345	390	6	1	4	0	401
27346	20	3	0	380	0	403
27347	384	1	1	14	0	400
27348	18	1	1	382	0	402
27349	9	4	1	384	0	398
27350	3	387	1	16	0	407
27351	5	8	3	372	0	388
27352	11	366	0	6	0	383
27353	368	5	1	4	0	378
27354	354	4	0	5	0	363
27355	16	1	0	345	0	362
27356	11	0	0	351	0	362
27357	348	0	1	10	0	359
27358	8	2	341	6	0	357
27359	343	0	5	5	0	353
27360	9	1	3	344	0	357
27361	7	0	333	10	0	350
27362	325	5	6	5	0	341
27363	344	0	2	6	0	352
27364	13	2	347	3	0	365
27365	340	1	4	5	0	350
27366	8	1	330	3	0	342
27367	5	331	4	4	0	344
27368	334	7	6	6	0	353
27369	327	4	2	3	0	336
27370	6	318	1	2	0	327
27371	6	279	0	3	0	288
27372	262	3	2	2	0	269
27373	262	0	1	1	0	264
27374	3	1	1	269	0	274
27375	2	1	261	3	0	267
27376	1	1	247	2	0	251
27377	259	0	2	2	0	263
27378	3	0	266	0	0	269
27379	246	1	4	1	0	252
27380	3	1	0	242	0	246
27381	1	0	1	246	0	248
27382	1	0	250	2	0	253
27383	254	0	2	0	0	256
27384	1	0	3	255	0	259
27385	3	1	0	268	0	272
27386	268	0	2	1	0	271
27387	273	1	0	2	0	276
27388	273	1	0	2	0	276
27389	3	278	0	0	0	281
27390	0	2	272	0	0	274
27391	265	1	1	1	0	268
27392	275	0	0	1	0	276
27393	1	272	0	3	0	276
27394	257	1	0	1	0	259
27395	2	0	1	257	0	260
27396	0	0	263	2	0	265
27397	261	0	2	2	0	265
27398	268	0	1	1	0	270
27399	269	0	0	1	0	270
27400	267	0	0	1	0	268
27401	2	0	0	267	0	269
27402	0	0	1	264	0	265
27403	263	0	0	1	0	264
27404	1	0	0	262	0	263
27405	0	0	0	262	0	262
27406	1	260	0	2	0	263
27407	1	3	0	263	0	267
27408	0	0	1	263	0	264
27409	0	1	0	263	0	264
27410	1	0	1	260	0	262
27411	2	250	0	2	0	254
27412	0	1	0	249	0	250
27413	0	1	0	242	0	243
27414	1	0	239	2	0	242
27415	0	0	226	1	0	227
27416	0	237	3	0	0	240
27417	279	2	0	3	0	284
27418	3	282	0	0	0	285
27419	2	2	0	317	0	321
27420	1	0	345	4	0	350
27421	361	1	4	2	0	368
27422	6	0	0	376	0	382
27423	379	0	1	6	0	386
27424	377	0	1	1	0	379
27425	6	380	0	1	0	387
27426	382	5	0	2	0	389
27427	9	380	2	1	0	392
27428	2	7	0	392	0	401
27429	1	391	0	8	0	400
27430	4	7	381	2	0	394
27431	1	385	7	2	0	395
27432	0	8	1	379	0	388
27433	377	2	4	9	0	392
27434	10	390	1	2	0	403
27435	2	9	0	387	0	398
27436	3	1	0	390	0	394
27437	4	2	381	10	0	397
27438	2	3	9	374	0	388
27439	2	1	376	11	0	390
27440	354	1	9	4	0	368
27441	9	1	377	3	0	390
27442	2	376	8	3	0	389
27443	2	9	3	375	0	389
27444	3	3	1	379	0	386
27445	0	2	1	377	0	380
27446	370	1	0	12	0	383
27447	8	2	1	361	0	372
27448	1	368	0	13	0	382
27449	360	10	1	5	0	376
27450	10	359	3	2	0	374
27451	3	10	1	359	0	373
27452	357	4	2	12	0	375
27453	11	350	0	3	0	364
27454	2	376	1	3	0	382
27455	358	12	1	2	0	373
27456	370	2	0	3	0	375
27457	10	3	366	2	0	381
27458	370	2	9	4	0	385
27459	13	1	375	0	0	389
27460	4	2	11	379	0	396
27461	1	3	381	12	0	397
27462	4	0	11	382	0	397
27463	1	3	384	11	0	399
27464	4	2	10	376	0	392
27465	5	1	2	393	0	401
27466	385	3	1	13	0	402
27467	11	2	381	2	0	396
27468	365	1	10	4	0	380
27469	12	0	374	3	0	389
27470	5	0	382	1	0	388
27471	7	1	14	364	0	386
27472	363	3	5	12	0	383
27473	11	362	3	4	0	380
27474	349	10	2	3	0	364
27475	357	1	1	9	0	368
27476	13	348	2	0	0	363
27477	345	10	2	4	0	361
27478	12	2	360	3	0	377
27479	4	1	11	355	0	371
27480	356	2	4	11	0	373
27481	13	360	2	3	0	378
27482	2	10	3	369	0	384
27483	1	2	1	368	0	372
27484	3	0	1	369	0	373
27485	4	0	1	371	0	376
27486	360	3	0	14	0	377
27487	373	1	2	2	0	378
27488	376	0	3	3	0	382
27489	358	4	1	6	0	369
27490	16	0	355	1	0	372
27491	357	3	11	1	0	372
27492	365	0	2	7	0	374
27493	15	354	3	1	0	373
27494	2	372	1	3	0	378
27495	3	10	0	361	0	374
27496	4	3	1	360	0	368
27497	1	2	350	16	0	369
27498	3	359	8	4	0	374
27499	7	10	3	354	0	374
27500	4	359	2	10	0	375
27501	5	12	2	363	0	382
27502	5	4	0	371	0	380
27503	2	382	2	14	0	400
27504	7	8	0	386	0	401
27505	5	4	388	11	0	408
27506	4	4	392	1	0	401
27507	374	2	10	3	0	389
27508	395	1	3	4	0	403
27509	12	390	4	2	0	408
27510	395	9	4	0	0	408
27511	11	3	2	395	0	411
27512	391	1	1	13	0	406
27513	9	398	2	2	0	411
27514	1	9	396	6	0	412
27515	389	1	13	4	0	407
27516	11	2	409	3	0	425
27517	3	0	350	2	0	355
27518	5	1	349	0	0	355
27519	1	320	11	0	0	332
27520	285	13	7	3	0	308
27521	266	2	5	2	0	275
27522	6	0	2	264	0	272
27523	4	0	0	260	0	264
27524	3	277	0	4	0	284
27525	281	6	1	2	0	290
27526	8	281	0	0	0	289
27527	2	286	1	0	0	289
27528	285	5	0	0	0	290
27529	6	0	2	287	0	295
27530	1	0	2	286	0	289
27531	2	0	0	288	0	290
27532	4	285	0	3	0	292
27533	279	3	0	3	0	285
27534	2	0	0	276	0	278
27535	0	268	0	4	0	272
27536	1	268	1	2	0	272
27537	2	2	0	268	0	272
27538	3	266	0	2	0	271
27539	3	3	0	269	0	275
27540	261	0	0	5	0	266
27541	3	0	258	1	0	262
27542	0	263	2	1	0	266
27543	3	3	0	263	0	269
27544	2	2	269	2	0	275
27545	260	1	5	2	0	268
27546	5	2	0	270	0	277
27547	269	1	0	6	0	276
27548	263	0	0	3	0	266
27549	4	281	2	0	0	287
27550	284	5	1	4	0	294
27551	292	0	0	1	0	293
27552	282	1	1	2	0	286
27553	5	2	0	282	0	289
27554	4	0	0	283	0	287
27555	1	2	1	282	0	286
27556	4	2	272	4	0	282
27557	1	273	3	2	0	279
27558	267	3	0	2	0	272
27559	4	266	1	2	0	273
27560	2	4	1	263	0	270
27561	1	2	263	4	0	270
27562	241	0	4	2	0	247
27563	4	253	1	1	0	259
27564	3	3	0	253	0	259
27565	2	1	1	252	0	256
27566	1	1	251	5	0	258
27567	1	252	6	0	0	259
27568	2	3	0	256	0	261
27569	3	1	0	253	0	257
27570	0	1	1	250	0	252
27571	249	1	0	8	0	258
27572	3	0	248	2	0	253
27573	1	247	4	1	0	253
27574	243	5	0	3	0	251
27575	5	244	0	3	0	252
27576	0	4	1	248	0	253
27577	1	246	1	4	0	252
27578	238	3	2	2	0	245
27579	239	2	0	2	0	243
27580	5	1	0	247	0	253
27581	0	2	0	252	0	254
27582	2	0	0	261	0	263
27583	1	1	260	7	0	269
27584	1	271	7	5	0	284
27585	2	7	2	320	0	331
27586	0	3	0	333	0	336
27587	1	0	2	333	0	336
27588	2	2	0	329	0	333
27589	1	0	319	11	0	331
27590	2	344	9	2	0	357
27591	1	9	2	342	0	354
27592	0	4	0	378	0	382
27593	0	0	372	16	0	388
27594	3	2	9	358	0	372
27595	1	356	4	10	0	371
27596	2	375	0	3	0	380
27597	2	13	1	366	0	382
27598	0	3	354	15	0	372
27599	326	1	10	5	0	342
27600	9	346	5	3	0	363
27601	3	13	349	1	0	366
27602	0	4	361	2	0	367
27603	1	337	9	4	0	351
27604	0	10	346	2	0	358
27605	5	5	11	331	0	352
27606	328	1	5	12	0	346
27607	335	2	2	3	0	342
27608	336	1	2	2	0	341
27609	338	1	0	4	0	343
27610	14	333	2	1	0	350
27611	334	9	1	2	0	346
27612	11	333	0	2	0	346
27613	5	12	331	0	0	348
27614	3	5	10	320	0	338
27615	1	332	4	9	0	346
27616	4	11	1	322	0	338
27617	316	4	1	11	0	332
27618	11	3	0	319	0	333
27619	3	330	2	8	0	343
27620	326	10	1	5	0	342
27621	11	5	329	0	0	345
27622	3	0	11	332	0	346
27623	2	1	2	341	0	346
27624	316	0	0	14	0	330
27625	10	312	1	3	0	326
27626	5	9	306	1	0	321
27627	4	5	12	304	0	325
27628	2	1	316	11	0	330
27629	1	304	10	4	0	319
27630	1	320	5	0	0	326
27631	311	12	1	2	0	326
27632	10	4	310	1	0	325
27633	310	2	10	3	0	325
27634	11	1	4	302	0	318
27635	4	312	1	10	0	327
27636	307	11	0	4	0	322
27637	11	4	315	0	0	330
27638	4	0	11	315	0	330
27639	1	0	4	330	0	335
27640	5	0	0	320	0	325
27641	0	313	0	11	0	324
27642	309	11	0	3	0	323
27643	9	308	2	0	0	319
27644	2	303	1	0	0	306
27645	1	7	0	304	0	312
27646	304	3	1	7	0	315
27647	307	1	0	3	0	311
27648	310	1	0	0	0	311
27649	11	287	0	0	0	298
27650	5	7	1	288	0	301
27651	1	2	288	8	0	299
27652	1	0	8	291	0	300
27653	0	1	4	285	0	290
27654	1	288	0	6	0	295
27655	294	8	1	4	0	307
27656	7	3	0	285	0	295
27657	3	292	1	7	0	303
27658	294	7	0	5	0	306
27659	7	4	282	0	0	293
27660	283	1	8	3	0	295
27661	7	293	4	1	0	305
27662	293	9	0	2	0	304
27663	293	3	2	1	0	299
27664	11	0	295	1	0	307
27665	293	1	7	0	0	301
27666	9	1	312	0	0	322
27667	3	1	312	1	0	317
27668	306	0	12	1	0	319
27669	308	1	3	1	0	313
27670	12	1	305	1	0	319
27671	4	0	8	304	0	316
27672	1	1	5	307	0	314
27673	1	321	0	10	0	332
27674	322	7	1	3	0	333
27675	325	3	0	3	0	331
27676	13	0	325	0	0	338
27677	334	0	7	1	0	342
27678	336	1	3	1	0	341
27679	13	325	0	1	0	339
27680	3	9	1	319	0	332
27681	2	2	0	314	0	318
27682	2	1	0	312	0	315
27683	293	0	0	7	0	300
27684	5	283	0	2	0	290
27685	1	4	1	237	0	243
27686	0	230	1	4	0	235
27687	1	6	0	219	0	226
27688	0	221	0	0	0	221
27689	0	231	0	1	0	232
27690	207	3	2	2	0	214
27691	208	1	3	2	0	214
27692	2	0	0	182	0	184
27693	2	0	0	188	0	190
27694	0	0	0	189	0	189
27695	0	0	0	186	0	186
27696	0	0	0	188	0	188
27697	0	185	0	2	0	187
27698	0	2	0	188	0	190
27699	0	0	0	186	0	186
27700	185	0	0	2	0	187
27701	2	0	0	183	0	185
27702	0	0	0	185	0	185
27703	0	0	186	2	0	188
27704	0	0	2	186	0	188
27705	1	0	0	200	0	201
27706	0	0	202	2	0	204
27707	0	212	1	0	0	213
27708	0	3	210	0	0	213
27709	0	0	210	0	0	210
27710	0	214	1	0	0	215
27711	214	2	1	2	0	219
27712	215	0	0	0	0	215
27713	2	0	0	215	0	217
27714	222	0	0	4	0	226
27715	2	0	229	1	0	232
27716	0	0	2	233	0	235
27717	0	0	266	3	0	269
27718	0	1	2	266	0	269
27719	0	0	0	272	0	272
27720	0	0	0	270	0	270
27721	275	0	0	3	0	278
27722	2	0	0	278	0	280
27723	276	0	0	3	0	279
27724	275	0	1	0	0	276
27725	1	269	1	1	0	272
27726	276	2	0	2	0	280
27727	2	277	2	1	0	282
27728	0	3	0	277	0	280
27729	0	0	1	282	0	283
27730	0	0	1	284	0	285
27731	2	1	272	2	0	277
27732	1	274	2	1	0	278
27733	2	2	0	267	0	271
27734	1	0	0	274	0	275
27735	1	277	1	1	0	280
27736	280	2	1	1	0	284
27737	2	272	0	1	0	275
27738	268	2	1	2	0	273
27739	2	283	0	2	0	287
27740	0	2	0	276	0	278
27741	0	282	2	4	0	288
27742	289	3	0	2	0	294
27743	288	0	0	4	0	292
27744	289	0	0	3	0	292
27745	282	1	1	1	0	285
27746	4	1	281	0	0	286
27747	287	1	2	1	0	291
27748	298	1	0	1	0	300
27749	298	1	0	1	0	300
27750	2	0	282	1	0	285
27751	280	1	2	3	0	286
27752	3	293	1	2	0	299
27753	298	3	0	0	0	301
27754	3	0	317	3	0	323
27755	320	1	2	1	0	324
27756	326	1	1	1	0	329
27757	4	0	0	330	0	334
27758	1	1	328	3	0	333
27759	319	0	3	1	0	323
27760	2	2	1	324	0	329
27761	2	0	0	323	0	325
27762	0	2	327	3	0	332
27763	314	1	3	1	0	319
27764	342	0	1	0	0	343
27765	3	347	0	0	0	350
27766	3	2	0	340	0	345
27767	1	1	1	339	0	342
27768	1	0	1	332	0	334
27769	2	342	0	1	0	345
27770	338	2	0	2	0	342
27771	3	0	1	341	0	345
27772	2	0	1	338	0	341
27773	325	1	0	5	0	331
27774	324	0	1	3	0	328
27775	3	1	1	328	0	333
27776	2	0	0	331	0	333
27777	2	0	312	1	0	315
27778	292	0	1	5	0	298
27779	1	314	1	1	0	317
27780	2	1	1	322	0	326
27781	1	0	0	332	0	333
27782	0	335	0	3	0	338
27783	3	2	1	339	0	345
27784	363	2	0	4	0	369
27785	6	2	0	414	0	422
27786	2	1	0	431	0	434
27787	4	0	1	436	0	441
27788	1	0	431	12	0	444
27789	1	1	6	436	0	444
27790	0	1	420	10	0	431
27791	2	410	8	2	0	422
27792	3	7	1	417	0	428
27793	2	2	2	427	0	433
27794	1	3	1	431	0	436
27795	2	0	1	427	0	430
27796	1	0	1	433	0	435
27797	413	1	3	14	0	431
27798	7	2	426	5	0	440
27799	1	408	6	6	0	421
27800	3	443	2	2	0	450
27801	4	7	3	438	0	452
27802	2	3	0	451	0	456
27803	7	4	0	442	0	453
27804	1	441	2	13	0	457
27805	2	6	2	443	0	453
27806	0	3	439	11	0	453
27807	1	425	6	4	0	436
27808	3	6	2	434	0	445
27809	419	2	3	10	0	434
27810	7	5	0	424	0	436
27811	3	1	1	421	0	426
27812	4	410	1	10	0	425
27813	0	444	2	7	0	453
27814	1	6	0	439	0	446
27815	2	3	3	438	0	446
27816	0	4	438	10	0	452
27817	2	0	5	426	0	433
27818	3	2	2	433	0	440
27819	0	4	4	421	0	429
27820	0	1	1	434	0	436
27821	418	2	1	17	0	438
27822	422	1	2	11	0	436
27823	8	1	3	440	0	452
27824	5	2	0	453	0	460
27825	448	3	1	13	0	465
27826	6	0	1	468	0	475
27827	2	1	478	14	0	495
27828	6	481	6	5	0	498
27829	1	7	2	493	0	503
27830	3	3	3	502	0	511
27831	499	5	3	12	0	519
27832	7	3	0	505	0	515
27833	2	1	1	512	0	516
27834	516	3	2	12	0	533
27835	7	3	1	520	0	531
27836	2	518	0	17	0	537
27837	6	8	3	544	0	561
27838	1	5	1	576	0	583
27839	1	5	0	575	0	581
27840	3	1	0	578	0	582
27841	1	0	560	16	0	577
27842	2	2	546	12	0	562
27843	2	5	8	559	0	574
27844	1	3	2	569	0	575
27845	1	564	5	15	0	585
27846	5	8	0	555	0	568
27847	2	558	3	16	0	579
27848	559	12	5	7	0	583
27849	5	591	3	11	0	610
27850	4	12	0	614	0	630
27851	5	3	0	625	0	633
27852	2	4	618	12	0	636
27853	592	2	7	10	0	611
27854	596	1	1	11	0	609
27855	8	586	5	6	0	605
27856	8	9	0	586	0	603
27857	4	2	607	16	0	629
27858	3	616	10	8	0	637
27859	615	9	4	10	0	638
27860	621	2	4	8	0	635
27861	12	8	601	5	0	626
27862	600	0	7	12	0	619
27863	12	2	3	614	0	631
27864	2	604	5	14	0	625
27865	602	8	1	10	0	621
27866	15	1	2	593	0	611
27867	587	5	5	14	0	611
27868	610	1	3	11	0	625
27869	12	1	1	616	0	630
27870	6	6	618	14	0	644
27871	611	3	8	9	0	631
27872	632	5	2	11	0	650
27873	632	1	7	6	0	646
27874	11	637	1	5	0	654
27875	6	8	1	642	0	657
27876	6	3	1	655	0	665
27877	1	5	646	15	0	667
27878	6	1	9	636	0	652
27879	5	640	3	13	0	661
27880	623	8	3	9	0	643
27881	8	631	1	6	0	646
27882	1	10	635	6	0	652
27883	1	638	6	7	0	652
27884	2	623	6	1	0	632
27885	7	3	4	552	0	566
27886	551	0	1	5	0	557
27887	540	0	0	3	0	543
27888	535	1	1	4	0	541
27889	3	561	0	0	0	564
27890	0	3	554	1	0	558
27891	546	1	3	3	0	553
27892	561	1	1	1	0	564
27893	3	555	0	3	0	561
27894	558	3	1	3	0	565
27895	5	1	1	555	0	562
27896	2	1	581	5	0	589
27897	583	0	4	5	0	592
27898	591	1	0	3	0	595
27899	602	0	0	5	0	607
27900	5	0	1	599	0	605
27901	4	2	0	620	0	626
27902	2	0	0	648	0	650
27903	1	636	0	8	0	645
27904	3	7	2	668	0	680
27905	1	0	0	714	0	715
27906	0	1	705	10	0	716
27907	2	1	8	711	0	722
27908	3	1	1	731	0	736
27909	0	0	3	730	0	733
27910	1	2	0	717	0	720
27911	2	706	0	10	0	718
27912	0	9	1	724	0	734
27913	3	0	1	710	0	714
27914	695	3	1	12	0	711
27915	10	1	688	3	0	702
27916	2	3	663	5	0	673
27917	663	2	9	7	0	681
27918	688	0	2	4	0	694
27919	8	1	3	654	0	666
27920	3	681	2	10	0	696
27921	680	8	1	7	0	696
27922	11	2	1	671	0	685
27923	2	680	4	10	0	696
27924	674	9	3	5	0	691
27925	10	678	2	4	0	694
27926	658	12	0	3	0	673
27927	649	1	1	4	0	655
27928	8	626	2	3	0	639
27929	6	9	0	624	0	639
27930	5	1	621	10	0	637
27931	7	4	9	601	0	621
27932	614	2	1	11	0	628
27933	10	0	597	0	0	607
27934	2	590	8	4	0	604
27935	7	9	0	577	0	593
27936	2	1	580	9	0	592
27937	2	571	7	2	0	582
27938	551	8	3	8	0	570
27939	7	0	3	561	0	571
27940	3	3	0	565	0	571
27941	5	0	1	561	0	567
27942	1	561	1	9	0	572
27943	560	9	1	6	0	576
27944	7	560	1	5	0	573
27945	1	582	2	3	0	588
27946	574	9	2	4	0	589
27947	578	2	2	8	0	590
27948	8	4	563	4	0	579
27949	536	1	9	4	0	550
27950	529	2	1	6	0	538
27951	8	3	4	523	0	538
27952	5	3	524	8	0	540
27953	4	4	9	511	0	528
27954	526	4	0	11	0	541
27955	13	0	524	3	0	540
27956	2	2	7	578	0	589
27957	7	3	1	651	0	662
27958	6	3	3	695	0	707
27959	688	3	2	20	0	713
27960	17	702	1	8	0	728
27961	707	19	3	6	0	735
27962	22	4	703	3	0	732
27963	9	3	18	680	0	710
27964	8	706	3	15	0	732
27965	709	19	5	6	0	739
27966	21	3	1	717	0	742
27967	7	6	711	17	0	741
27968	5	3	16	701	0	725
27969	684	1	3	20	0	708
27970	17	686	3	6	0	712
27971	6	19	1	646	0	672
27972	2	681	1	18	0	702
27973	672	21	2	8	0	703
27974	678	3	0	11	0	692
27975	17	670	2	3	0	692
27976	667	16	3	6	0	692
27977	22	5	1	639	0	667
27978	6	662	0	15	0	683
27979	651	19	3	7	0	680
27980	662	4	0	5	0	671
27981	23	634	2	3	0	662
27982	11	644	1	4	0	660
27983	624	18	1	7	0	650
27984	24	6	2	616	0	648
27985	622	4	3	20	0	649
27986	23	1	2	619	0	645
27987	6	4	615	18	0	643
27988	10	1	16	624	0	651
27989	606	3	3	23	0	635
27990	19	3	617	5	0	644
27991	7	2	17	617	0	643
27992	8	1	3	644	0	656
27993	5	3	619	19	0	646
27994	610	1	14	10	0	635
27995	18	4	5	622	0	649
27996	6	2	593	20	0	621
27997	568	2	14	6	0	590
27998	18	592	5	5	0	620
27999	4	598	4	8	0	614
28000	8	603	3	2	0	616
28001	1	18	565	9	0	593
28002	12	5	15	542	0	574
28003	4	5	550	20	0	579
28004	7	16	16	469	0	508
28005	2	468	2	17	0	489
28006	2	482	3	4	0	491
28007	5	15	2	466	0	488
28008	463	4	4	17	0	488
28009	16	3	1	469	0	489
28010	6	1	1	466	0	474
28011	5	463	0	14	0	482
28012	458	14	2	4	0	478
28013	16	469	1	2	0	488
28014	9	14	1	469	0	493
28015	4	4	2	472	0	482
28016	2	464	0	17	0	483
28017	4	12	0	464	0	480
28018	461	4	2	18	0	485
28019	16	3	1	463	0	483
28020	6	1	2	476	0	485
28021	3	463	1	19	0	486
28022	2	17	2	474	0	495
28023	452	4	0	17	0	473
28024	467	4	0	6	0	477
28025	477	2	1	4	0	484
28026	17	0	2	464	0	483
28027	5	1	461	18	0	485
28028	2	1	462	4	0	469
28029	6	0	13	468	0	487
28030	463	4	5	16	0	488
28031	17	2	3	465	0	487
28032	472	2	2	18	0	494
28033	19	4	1	475	0	499
28034	4	2	1	488	0	495
28035	475	1	2	18	0	496
28036	15	1	458	7	0	481
28037	468	1	12	5	0	486
28038	15	4	457	2	0	478
28039	3	3	14	455	0	475
28040	454	6	3	16	0	479
28041	16	6	452	4	0	478
28042	5	1	457	5	0	468
28043	451	1	15	4	0	471
28044	17	1	454	4	0	476
28045	3	443	17	4	0	467
28046	2	14	3	460	0	479
28047	479	4	3	17	0	503
28048	16	4	481	6	0	507
28049	482	1	12	7	0	502
28050	499	3	2	3	0	507
28051	496	2	2	6	0	506
28052	507	3	1	4	0	515
28053	18	5	3	478	0	504
28054	8	477	1	17	0	503
28055	462	14	4	6	0	486
28056	14	4	407	8	0	433
28057	4	310	9	1	0	324
28058	263	5	4	4	0	276
28059	4	243	3	3	0	253
28060	3	272	0	0	0	275
28061	4	3	3	267	0	277
28062	2	0	2	266	0	270
28063	2	2	1	265	0	270
28064	273	0	1	9	0	283
28065	280	1	0	0	0	281
28066	7	0	1	286	0	294
28067	3	0	0	305	0	308
28068	2	0	325	7	0	334
28069	328	0	9	1	0	338
28070	337	1	1	2	0	341
28071	9	0	2	339	0	350
28072	5	0	0	342	0	347
28073	1	0	336	11	0	348
28074	2	1	8	332	0	343
28075	2	4	337	10	0	353
28076	0	342	12	2	0	356
28077	2	8	345	2	0	357
28078	2	1	11	329	0	343
28079	1	4	356	8	0	369
28080	1	1	348	1	0	351
28081	347	0	9	5	0	361
28082	10	0	3	376	0	389
28083	1	0	383	8	0	392
28084	352	0	8	1	0	361
28085	10	0	377	2	0	389
28086	1	0	419	2	0	422
28087	2	429	9	1	0	441
28088	1	6	4	424	0	435
28089	1	1	419	7	0	428
28090	3	2	415	1	0	421
28091	0	1	8	423	0	432
28092	1	0	4	415	0	420
28093	0	425	4	7	0	436
28094	1	7	1	428	0	437
28095	433	1	2	13	0	449
28096	435	3	2	3	0	443
28097	439	1	1	4	0	445
28098	12	0	1	440	0	453
28099	5	440	0	8	0	453
28100	444	7	1	4	0	456
28101	9	431	1	2	0	443
28102	3	440	0	4	0	447
28103	3	446	2	0	0	451
28104	441	7	0	5	0	453
28105	6	4	4	437	0	451
28106	4	3	1	443	0	451
28107	2	440	3	5	0	450
28108	434	6	2	8	0	450
28109	6	3	428	2	0	439
28110	2	2	7	435	0	446
28111	431	1	3	7	0	442
28112	6	451	3	3	0	463
28113	471	6	3	5	0	485
28114	9	1	1	488	0	499
28115	2	501	2	4	0	509
28116	1	6	492	4	0	503
28117	489	1	5	3	0	498
28118	8	2	2	500	0	512
28119	507	1	4	6	0	518
28120	7	0	2	498	0	507
28121	2	496	0	7	0	505
28122	2	4	504	3	0	513
28123	3	3	513	1	0	520
28124	2	4	7	520	0	533
28125	519	2	3	6	0	530
28126	523	0	3	4	0	530
28127	8	2	1	516	0	527
28128	3	0	1	522	0	526
28129	515	3	1	9	0	528
28130	9	0	0	528	0	537
28131	516	1	1	13	0	531
28132	9	520	2	3	0	534
28133	513	6	0	7	0	526
28134	9	2	536	3	0	550
28135	5	3	5	532	0	545
28136	4	1	1	540	0	546
28137	2	2	6	534	0	544
28138	1	528	2	10	0	541
28139	2	493	2	4	0	501
28140	1	8	1	532	0	542
28141	3	2	539	8	0	552
28142	2	3	6	548	0	559
28143	2	3	1	554	0	560
28144	0	149	6	399	0	554
28145	539	3	2	8	0	552
28146	5	519	2	7	0	533
28147	4	530	3	3	0	540
28148	5	7	1	530	0	543
28149	4	2	2	531	0	539
28150	0	3	2	533	0	538
28151	5	2	0	533	0	540
28152	513	2	2	13	0	530
28153	8	523	5	3	0	539
28154	523	7	3	5	0	538
28155	542	1	1	6	0	550
28156	11	2	0	535	0	548
28157	7	2	0	535	0	544
28158	527	1	1	12	0	541
28159	537	1	1	4	0	543
28160	8	1	1	521	0	531
28161	8	0	0	518	0	526
28162	3	2	516	8	0	529
28163	2	505	5	3	0	515
28164	4	510	2	4	0	520
28165	503	3	1	6	0	513
28166	3	5	503	1	0	512
28167	2	2	472	1	0	477
28168	437	1	7	3	0	448
28169	445	1	1	3	0	450
28170	2	502	2	0	0	506
28171	0	518	0	2	0	520
28172	3	0	0	530	0	533
28173	562	0	3	3	0	568
28174	564	1	2	3	0	570
28175	576	1	0	2	0	579
28176	3	1	0	568	0	572
28177	3	2	0	568	0	573
28178	3	1	576	2	0	582
28179	1	2	542	2	0	547
28180	1	1	580	1	0	583
28181	2	4	3	568	0	577
28182	560	0	1	5	0	566
28183	2	1	586	2	0	591
28184	2	0	2	574	0	578
28185	1	595	2	4	0	602
28186	0	3	1	605	0	609
28187	3	0	1	595	0	599
28188	1	0	627	4	0	632
28189	2	1	2	611	0	616
28190	657	1	1	5	0	664
28191	4	0	678	3	0	685
28192	2	0	5	675	0	682
28193	0	1	708	6	0	715
28194	1	690	7	5	0	703
28195	1	6	705	1	0	713
28196	4	2	8	671	0	685
28197	3	1	2	717	0	723
28198	1	1	734	7	0	743
28199	0	0	8	708	0	716
28200	1	0	3	705	0	709
28201	1	714	1	8	0	724
28202	1	7	723	3	0	734
28203	4	1	7	709	0	721
28204	0	1	3	733	0	737
28205	0	719	2	8	0	729
28206	1	7	1	729	0	738
28207	732	2	0	9	0	743
28208	8	2	1	727	0	738
28209	1	1	730	9	0	741
28210	723	0	7	8	0	738
28211	776	0	3	4	0	783
28212	9	2	788	1	0	800
28213	753	1	7	5	0	766
28214	9	791	1	1	0	802
28215	5	8	2	797	0	812
28216	3	2	4	873	0	882
28217	5	0	0	866	0	871
28218	4	2	0	883	0	889
28219	1	2	1	886	0	890
28220	882	0	0	17	0	899
28221	11	2	861	6	0	880
28222	823	0	11	8	0	842
28223	11	1	847	5	0	864
28224	8	0	11	834	0	853
28225	839	0	5	21	0	865
28226	13	0	3	832	0	848
28227	9	847	3	12	0	871
28228	872	9	5	10	0	896
28229	16	5	2	916	0	939
28230	6	1	875	15	0	897
28231	866	0	11	13	0	890
28232	12	940	5	6	0	963
28233	6	13	962	7	0	988
28234	7	10	13	956	0	986
28235	9	2	9	935	0	955
28236	3	939	1	25	0	968
28237	3	13	955	9	0	980
28238	11	6	16	934	0	967
28239	4	2	984	17	0	1007
28240	7	2	17	960	0	986
28241	4	7	7	971	0	989
28242	1	2	960	25	0	988
28243	8	3	15	951	0	977
28244	13	1	9	829	0	852
28245	3	5	3	1007	0	1018
28246	8	1	4	1015	0	1028
28247	980	0	4	31	0	1015
28248	17	1	976	18	0	1012
28249	996	2	21	10	0	1029
28250	23	2	9	1042	0	1076
28251	13	1	6	1061	0	1081
28252	9	0	6	1044	0	1059
28253	7	1034	4	34	0	1079
28254	1041	23	5	16	0	1085
28255	24	7	6	1077	0	1114
28256	12	1073	4	26	0	1115
28257	11	16	5	1105	0	1137
28258	1114	7	4	38	0	1163
28259	1123	4	1	27	0	1155
28260	1109	4	6	13	0	1132
28261	30	1107	7	8	0	1152
28262	14	19	1121	11	0	1165
28263	1105	14	23	14	0	1156
28264	1135	5	11	17	0	1168
28265	29	1136	7	10	0	1182
28266	1143	22	3	18	0	1186
28267	1136	13	4	14	0	1167
28268	1147	5	4	17	0	1173
28269	27	1191	5	16	0	1239
28270	22	22	4	1163	0	1211
28271	1186	12	5	24	0	1227
28272	1189	6	7	17	0	1219
28273	1177	2	5	9	0	1193
28274	1182	7	4	14	0	1207
28275	35	5	5	1151	0	1196
28276	21	6	1149	23	0	1199
28277	17	5	18	1136	0	1176
28278	11	1169	10	27	0	1217
28279	15	20	7	1205	0	1247
28280	13	8	1202	29	0	1252
28281	1214	3	25	22	0	1264
28282	32	4	12	1235	0	1283
28283	1215	4	5	32	0	1256
28284	1231	7	5	23	0	1266
28285	36	5	5	1241	0	1287
28286	17	3	1245	32	0	1297
28287	15	10	1174	14	0	1213
28288	1144	3	34	12	0	1193
28289	30	1176	16	12	0	1234
28290	18	1157	7	7	0	1189
28291	12	1176	3	14	0	1205
28292	8	1214	6	9	0	1237
28293	1169	25	7	8	0	1209
28294	1168	10	6	15	0	1199
28295	1169	8	5	10	0	1192
28296	1167	5	3	14	0	1189
28297	29	7	3	1131	0	1170
28298	17	1120	2	16	0	1155
28299	1118	19	2	13	0	1152
28300	25	10	1120	6	0	1161
28301	21	1126	15	5	0	1167
28302	14	15	1135	7	0	1171
28303	1104	8	17	8	0	1137
28304	1142	2	12	8	0	1164
28305	1148	5	3	7	0	1163
28306	34	4	2	1132	0	1172
28307	10	8	1137	18	0	1173
28308	9	1145	18	11	0	1183
28309	1122	17	10	10	0	1159
28310	20	1111	6	9	0	1146
28311	15	1076	2	6	0	1099
28312	10	1080	2	3	0	1095
28313	8	1085	5	4	0	1102
28314	5	21	1037	4	0	1067
28315	4	1057	18	4	0	1083
28316	957	15	7	5	0	984
28317	15	5	2	954	0	976
28318	6	4	0	978	0	988
28319	961	1	1	17	0	980
28320	13	965	2	4	0	984
28321	6	14	989	2	0	1011
28322	9	5	11	968	0	993
28323	2	5	3	993	0	1003
28324	5	1	3	1008	0	1017
28325	4	2	997	15	0	1018
28326	3	4	995	4	0	1006
28327	9	0	15	983	0	1007
28328	1	1	988	13	0	1003
28329	3	1	933	5	0	942
28330	836	4	17	4	0	861
28331	9	921	9	2	0	941
28332	2	897	4	1	0	904
28333	3	917	0	3	0	923
28334	3	12	3	887	0	905
28335	2	928	2	8	0	940
28336	930	9	2	4	0	945
28337	10	6	927	2	0	945
28338	938	2	9	4	0	953
28339	10	1	7	937	0	955
28340	8	0	3	937	0	948
28341	2	964	4	13	0	983
28342	957	13	1	4	0	975
28343	949	9	2	3	0	963
28344	16	1028	0	3	0	1047
28345	9	15	0	980	0	1004
28346	4	9	990	11	0	1014
28347	7	3	978	7	0	995
28348	3	1006	18	1	0	1028
28349	987	17	7	6	0	1017
28350	12	6	986	1	0	1005
28351	14	0	12	964	0	990
28352	992	1	7	13	0	1013
28353	1002	0	1	12	0	1015
28354	22	1199	0	0	0	1221
28355	9	1247	1	0	0	1257
28356	1242	30	2	4	0	1278
28357	22	12	1232	1	0	1267
28358	1248	1	22	5	0	1276
28359	1257	2	12	5	0	1276
28360	42	2	0	1230	0	1274
28361	14	1	1270	21	0	1306
28362	4	0	1251	13	0	1268
28363	1205	2	32	7	0	1246
28364	25	1	1250	3	0	1279
28365	1196	3	26	2	0	1227
28366	1239	3	14	4	0	1260
28367	37	1217	4	1	0	1259
28368	15	22	1212	0	0	1249
28369	6	1200	24	1	0	1231
28370	1174	22	15	3	0	1214
28371	27	12	1173	2	0	1214
28372	20	1	24	1136	0	1181
28373	5	3	1180	22	0	1210
28374	9	1	1174	12	0	1196
28375	7	3	1169	0	0	1179
28376	7	3	1163	3	0	1176
28377	4	1120	39	1	0	1164
28378	2	23	1132	2	0	1159
28379	8	1097	28	1	0	1134
28380	6	24	1091	1	0	1122
28381	1055	12	26	3	0	1096
28382	27	3	17	994	0	1041
28383	17	1067	9	17	0	1110
28384	1054	19	10	16	0	1099
28385	1053	14	10	5	0	1082
28386	989	6	6	7	0	1008
28387	1041	2	11	2	0	1056
28388	30	1032	8	3	0	1073
28389	1008	24	5	4	0	1041
28390	1023	16	5	3	0	1047
28391	33	1000	10	2	0	1045
28392	15	24	987	1	0	1027
28393	17	16	22	963	0	1018
28394	10	1001	16	16	0	1043
28395	8	25	1009	10	0	1052
28396	9	16	1020	6	0	1051
28397	7	990	40	5	0	1042
28398	9	1020	19	4	0	1052
28399	10	1034	15	2	0	1061
28400	11	1025	8	2	0	1046
28401	1015	37	8	4	0	1064
28402	1023	20	12	6	0	1061
28403	37	10	1032	4	0	1083
28404	20	14	1058	1	0	1093
28405	20	7	38	1017	0	1082
28406	16	6	22	1038	0	1082
28407	15	9	14	1051	0	1089
28408	1024	7	13	33	0	1077
28409	29	1026	12	20	0	1087
28410	27	1061	10	9	0	1107
28411	15	1097	14	5	0	1131
28412	1056	43	9	6	0	1114
28413	1080	26	11	8	0	1125
28414	53	14	14	1040	0	1121
28415	1077	17	17	25	0	1136
28416	1096	13	13	16	0	1138
28417	57	10	12	1066	0	1145
28418	1072	8	17	36	0	1133
28419	41	1054	17	20	0	1132
28420	32	30	16	1057	0	1135
28421	21	21	1037	34	0	1113
28422	15	1035	42	14	0	1106
28423	16	37	1053	6	0	1112
28424	31	24	36	986	0	1077
28425	19	1055	26	24	0	1124
28426	30	37	11	1038	0	1116
28427	26	25	15	1049	0	1115
28428	19	16	1037	47	0	1119
28429	12	12	1096	22	0	1142
28430	15	8	51	1066	0	1140
28431	26	9	28	1028	0	1091
28432	15	1080	25	39	0	1159
28433	1023	39	20	21	0	1103
28434	41	1040	21	9	0	1111
28435	26	1063	14	6	0	1109
28436	14	50	1021	6	0	1091
28437	12	1024	37	10	0	1083
28438	23	44	24	915	0	1006
28439	20	993	15	28	0	1056
28440	13	39	17	957	0	1026
28441	12	966	16	32	0	1026
28442	960	32	16	18	0	1026
28443	36	967	15	18	0	1036
28444	21	36	16	824	0	897
28445	11	881	15	25	0	932
28446	859	37	12	14	0	922
28447	852	24	8	10	0	894
28448	35	847	5	12	0	899
28449	819	32	5	5	0	861
28450	34	24	4	790	0	852
28451	19	12	786	26	0	843
28452	9	11	796	11	0	827
28453	11	780	27	13	0	831
28454	516	13	15	5	0	549
28455	512	5	6	6	0	529
28456	14	5	510	2	0	531
28457	5	8	499	2	0	514
28458	481	6	11	2	0	500
28459	503	1	7	6	0	517
28460	12	8	495	0	0	515
28461	459	2	8	4	0	473
28462	12	457	5	3	0	477
28463	3	496	3	3	0	505
28464	3	11	4	479	0	497
28465	6	5	1	488	0	500
28466	484	5	0	13	0	502
28467	479	5	2	6	0	492
28468	473	3	1	5	0	482
28469	12	4	1	471	0	488
28470	8	2	1	477	0	488
28471	5	451	2	9	0	467
28472	7	467	1	4	0	479
28473	2	476	2	7	0	487
28474	4	12	2	457	0	475
28475	4	472	2	9	0	487
28476	1	13	463	4	0	481
28477	445	5	8	2	0	460
28478	8	3	463	4	0	478
28479	4	2	461	1	0	468
28480	444	1	14	2	0	461
28481	13	461	2	0	0	476
28482	471	7	5	1	0	484
28483	469	4	4	4	0	481
28484	15	1	467	1	0	484
28485	3	5	477	2	0	487
28486	4	482	10	0	0	496
28487	3	9	491	2	0	505
28488	1	9	11	481	0	502
28489	12	2	3	421	0	438
28490	3	486	0	10	0	499
28491	3	500	4	3	0	510
28492	493	10	1	7	0	511
28493	515	4	2	4	0	525
28494	13	3	4	508	0	528
28495	5	4	1	523	0	533
28496	511	3	0	11	0	525
28497	515	2	1	6	0	524
28498	10	516	3	2	0	531
28499	500	9	5	3	0	517
28500	10	481	1	2	0	494
28501	5	500	1	0	0	506
28502	501	8	4	1	0	514
28503	500	3	2	1	0	506
28504	11	2	2	496	0	511
28505	494	3	0	9	0	506
28506	11	2	496	3	0	512
28507	4	495	9	2	0	510
28508	497	7	4	2	0	510
28509	8	3	511	1	0	523
28510	6	5	5	455	0	471
28511	4	471	2	6	0	483
28512	3	484	1	3	0	491
28513	482	9	2	2	0	495
28514	6	4	471	0	0	481
28515	454	2	3	0	0	459
28516	6	1	1	462	0	470
28517	3	3	466	3	0	475
28518	472	0	4	4	0	480
28519	3	490	2	3	0	498
28520	1	520	4	1	0	526
28521	526	4	4	7	0	541
28522	526	5	0	3	0	534
28523	538	1	1	4	0	544
28524	11	0	2	534	0	547
28525	5	1	5	537	0	548
28526	2	1	542	4	0	549
28527	4	3	514	2	0	523
28528	3	523	4	2	0	532
28529	3	1	4	496	0	504
28530	496	3	0	4	0	503
28531	0	498	1	3	0	502
28532	2	4	1	500	0	507
28533	496	3	1	3	0	503
28534	4	489	1	2	0	496
28535	5	518	1	2	0	526
28536	3	1	503	2	0	509
28537	495	2	0	4	0	501
28538	513	2	1	4	0	520
28539	4	2	502	2	0	510
28540	470	0	0	2	0	472
28541	0	2	498	1	0	501
28542	0	482	1	2	0	485
28543	4	2	0	485	0	491
28544	481	0	1	3	0	485
28545	0	481	0	2	0	483
28546	1	474	1	0	0	476
28547	469	0	2	0	0	471
28548	1	1	508	0	0	510
28549	490	1	0	1	0	492
28550	0	516	0	3	0	519
28551	0	1	506	1	0	508
28552	489	1	2	1	0	493
28553	513	1	0	2	0	516
28554	3	0	0	504	0	507
28555	0	0	2	512	0	514
28556	3	512	0	2	0	517
28557	1	2	527	1	0	531
28558	6	2	3	516	0	527
28559	1	1	553	2	0	557
28560	3	1	546	0	0	550
28561	2	2	2	592	0	598
28562	1	2	600	3	0	606
28563	3	0	586	1	0	590
28564	5	0	3	584	0	592
28565	1	3	611	4	0	619
28566	559	1	5	4	0	569
28567	3	589	6	2	0	600
28568	2	4	613	1	0	620
28569	5	2	652	1	0	660
28570	5	2	5	633	0	645
28571	668	0	5	7	0	680
28572	665	4	4	2	0	675
28573	657	1	2	9	0	669
28574	674	1	1	3	0	679
28575	10	1	2	652	0	665
28576	4	2	681	2	0	689
28577	681	0	4	5	0	690
28578	688	0	4	5	0	697
28579	694	2	2	2	0	700
28580	9	1	680	2	0	692
28581	644	0	4	1	0	649
28582	9	3	3	708	0	723
28583	4	735	3	3	0	745
28584	7	4	1	720	0	732
28585	1	737	2	5	0	745
28586	737	5	1	6	0	749
28587	4	3	756	4	0	767
28588	8	2	6	735	0	751
28589	5	731	4	6	0	746
28590	2	754	5	3	0	764
28591	754	6	3	7	0	770
28592	748	7	2	6	0	763
28593	8	4	730	1	0	743
28594	733	1	9	0	0	743
28595	11	0	3	743	0	757
28596	5	1	782	5	0	793
28597	6	1	777	4	0	788
28598	7	0	5	789	0	801
28599	824	2	6	10	0	842
28600	12	0	4	821	0	837
28601	8	1	1	827	0	837
28602	8	1	4	817	0	830
28603	4	836	4	10	0	854
28604	6	8	1	849	0	864
28605	819	4	4	15	0	842
28606	8	826	5	4	0	843
28607	5	10	1	839	0	855
28608	835	4	1	14	0	854
28609	11	803	3	7	0	824
28610	6	821	1	7	0	835
28611	5	15	1	821	0	842
28612	808	7	4	16	0	835
28613	11	5	802	6	0	824
28614	10	2	788	4	0	804
28615	792	7	14	4	0	817
28616	824	5	7	11	0	847
28617	20	837	6	4	0	867
28618	12	11	8	807	0	838
28619	6	8	812	11	0	837
28620	6	5	792	8	0	811
28621	6	1	844	9	0	860
28622	4	828	23	3	0	858
28623	4	837	11	5	0	857
28624	823	15	5	10	0	853
28625	19	5	826	3	0	853
28626	808	4	15	5	0	832
28627	832	2	4	11	0	849
28628	18	3	839	3	0	863
28629	8	858	15	3	0	884
28630	12	11	6	835	0	864
28631	7	6	868	11	0	892
28632	6	11	838	4	0	859
28633	810	6	19	8	0	843
28634	20	840	8	3	0	871
28635	14	16	6	820	0	856
28636	11	8	4	820	0	843
28637	4	830	5	22	0	861
28638	5	833	4	7	0	849
28639	4	849	6	4	0	863
28640	11	21	4	859	0	895
28641	895	6	6	19	0	926
28642	20	4	8	901	0	933
28643	9	7	889	18	0	923
28644	5	7	895	11	0	918
28645	9	6	22	901	0	938
28646	2	5	910	18	0	935
28647	5	912	21	10	0	948
28648	8	22	8	949	0	987
28649	992	9	7	19	0	1027
28650	1003	2	6	9	0	1020
28651	26	999	6	13	0	1044
28652	1012	21	6	5	0	1044
28653	1020	6	8	12	0	1046
28654	1026	3	5	8	0	1042
28655	32	4	952	5	0	993
28656	966	5	19	10	0	1000
28657	21	979	8	7	0	1015
28658	10	21	972	4	0	1007
28659	11	10	974	4	0	999
28660	5	951	22	5	0	983
28661	922	21	8	6	0	957
28662	22	8	1	890	0	921
28663	10	889	1	20	0	920
28664	903	21	2	10	0	936
28665	23	12	5	896	0	936
28666	912	4	4	19	0	939
28667	27	3	2	922	0	954
28668	11	2	896	20	0	929
28669	3	6	880	7	0	896
28670	3	3	894	5	0	905
28671	10	2	25	858	0	895
28672	6	3	10	895	0	914
28673	6	8	882	23	0	919
28674	6	874	23	10	0	913
28675	898	20	10	3	0	931
28676	895	6	4	4	0	909
28677	26	892	4	9	0	931
28678	19	20	5	897	0	941
28679	4	15	925	19	0	963
28680	884	2	22	9	0	917
28681	20	1	922	5	0	948
28682	13	4	872	5	0	894
28683	5	6	883	4	0	898
28684	828	8	34	5	0	875
28685	25	5	859	4	0	893
28686	12	819	22	5	0	858
28687	7	848	14	3	0	872
28688	10	26	9	819	0	864
28689	17	10	4	831	0	862
28690	9	4	823	22	0	858
28691	788	5	23	13	0	829
28692	839	4	15	3	0	861
28693	31	4	9	814	0	858
28694	822	4	7	20	0	853
28695	23	809	9	11	0	852
28696	782	24	8	6	0	820
28697	23	759	4	13	0	799
28698	15	778	5	5	0	803
28699	750	23	7	7	0	787
28700	760	12	2	7	0	781
28701	777	6	7	2	0	792
28702	785	5	6	7	0	803
28703	23	9	731	3	0	766
28704	737	5	17	4	0	763
28705	22	5	13	714	0	754
28706	18	740	6	10	0	774
28707	728	15	10	11	0	764
28708	18	730	7	10	0	765
28709	731	16	11	4	0	762
28710	25	7	8	730	0	770
28711	12	6	8	753	0	779
28712	9	7	726	19	0	761
28713	11	4	738	12	0	765
28714	9	748	17	7	0	781
28715	720	15	8	9	0	752
28716	23	696	8	3	0	730
28717	15	694	2	6	0	717
28718	14	729	8	3	0	754
28719	13	17	706	5	0	741
28720	7	722	18	1	0	748
28721	670	13	9	5	0	697
28722	667	7	9	6	0	689
28723	21	10	3	653	0	687
28724	13	642	8	13	0	676
28725	6	662	6	9	0	683
28726	12	19	3	657	0	691
28727	10	7	663	11	0	691
28728	9	659	11	7	0	686
28729	10	15	10	633	0	668
28730	620	12	4	17	0	653
28731	612	4	6	10	0	632
28732	15	627	3	4	0	649
28733	625	9	7	5	0	646
28734	627	11	6	4	0	648
28735	22	6	5	600	0	633
28736	8	5	605	10	0	628
28737	8	611	8	7	0	634
28738	7	19	7	579	0	612
28739	7	8	588	10	0	613
28740	6	558	7	7	0	578
28741	521	10	5	8	0	544
28742	521	6	3	2	0	532
28743	13	7	0	511	0	531
28744	8	512	1	8	0	529
28745	7	8	512	5	0	532
28746	7	9	8	499	0	523
28747	6	6	518	7	0	537
28748	4	456	8	3	0	471
28749	7	8	8	393	0	416
28750	390	5	3	2	0	400
28751	6	386	1	3	0	396
28752	383	3	0	8	0	394
28753	384	5	1	1	0	391
28754	6	396	2	1	0	405
28755	6	2	2	392	0	402
28756	5	2	4	383	0	394
28757	1	387	1	6	0	395
28758	4	390	2	4	0	400
28759	3	7	2	373	0	385
28760	3	381	1	4	0	389
28761	381	5	1	7	0	394
28762	376	2	2	5	0	385
28763	4	1	370	4	0	379
28764	4	2	365	0	0	371
28765	351	3	5	2	0	361
28766	360	2	3	3	0	368
28767	7	373	1	0	0	381
28768	368	8	0	3	0	379
28769	362	5	1	2	0	370
28770	10	358	0	0	0	368
28771	370	6	1	0	0	377
28772	6	6	0	427	0	439
28773	7	1	1	449	0	458
28774	2	2	472	7	0	483
28775	0	466	4	5	0	475
28776	0	476	3	2	0	481
28777	435	13	6	5	0	459
28778	436	3	1	5	0	445
28779	434	1	1	4	0	440
28780	452	1	1	2	0	456
28781	10	0	432	2	0	444
28782	8	1	443	0	0	452
28783	3	442	8	1	0	454
28784	1	8	4	441	0	454
28785	5	4	1	433	0	443
28786	3	446	1	6	0	456
28787	3	6	0	445	0	454
28788	440	3	1	6	0	450
28789	5	451	2	4	0	462
28790	5	5	469	1	0	480
28791	0	476	7	0	0	483
28792	472	6	4	3	0	485
28793	8	4	468	1	0	481
28794	468	2	5	0	0	475
28795	473	1	3	3	0	480
28796	12	1	466	0	0	479
28797	4	1	471	0	0	476
28798	0	2	459	0	0	461
28799	434	2	6	4	0	446
28800	7	1	477	1	0	486
28801	3	458	7	3	0	471
28802	457	5	5	2	0	469
28803	7	5	458	0	0	470
28804	441	1	7	1	0	450
28805	6	0	455	1	0	462
28806	5	1	484	0	0	490
28807	4	481	9	1	0	495
28808	1	8	493	1	0	503
28809	1	6	483	0	0	490
28810	4	453	11	0	0	468
28811	464	8	4	5	0	481
28812	10	4	480	1	0	495
28813	7	0	10	448	0	465
28814	2	482	6	7	0	497
28815	484	9	1	8	0	502
28816	478	4	3	5	0	490
28817	12	1	483	0	0	496
28818	4	463	9	0	0	476
28819	3	478	5	0	0	486
28820	2	10	2	457	0	471
28821	2	457	3	5	0	467
28822	7	9	1	448	0	465
28823	6	4	1	464	0	475
28824	3	472	3	10	0	488
28825	2	8	5	468	0	483
28826	2	474	1	8	0	485
28827	4	9	457	3	0	473
28828	2	4	11	454	0	471
28829	4	4	6	463	0	477
28830	4	464	1	13	0	482
28831	3	475	4	5	0	487
28832	2	14	3	453	0	472
28833	2	467	3	9	0	481
28834	459	12	1	5	0	477
28835	11	6	4	452	0	473
28836	5	464	4	9	0	482
28837	450	9	3	10	0	472
28838	8	449	2	2	0	461
28839	7	13	441	0	0	461
28840	3	6	12	440	0	461
28841	444	5	7	12	0	468
28842	14	0	448	6	0	468
28843	8	1	10	430	0	449
28844	2	447	7	8	0	464
28845	4	9	433	2	0	448
28846	2	449	10	0	0	461
28847	426	8	7	2	0	443
28848	438	6	4	2	0	450
28849	17	433	1	0	0	451
28850	425	8	6	5	0	444
28851	9	3	420	3	0	435
28852	7	3	11	417	0	438
28853	1	2	8	418	0	429
28854	3	416	3	9	0	431
28855	427	7	5	7	0	446
28856	455	2	3	2	0	462
28857	10	7	448	0	0	465
28858	445	2	9	4	0	460
28859	451	1	6	1	0	459
28860	448	1	5	5	0	459
28861	13	4	1	433	0	451
28862	5	5	4	428	0	442
28863	5	444	3	10	0	462
28864	428	12	2	5	0	447
28865	437	4	3	2	0	446
28866	10	430	4	1	0	445
28867	4	7	2	411	0	424
28868	4	413	0	5	0	422
28869	1	438	1	5	0	445
28870	425	5	2	7	0	439
28871	6	7	415	2	0	430
28872	3	1	338	2	0	344
28873	3	333	4	2	0	342
28874	286	4	5	1	0	296
28875	3	1	282	1	0	287
28876	1	270	3	0	0	274
28877	265	1	3	3	0	272
28878	1	0	258	1	0	260
28879	0	0	1	257	0	258
28880	282	0	0	2	0	284
28881	2	1	280	0	0	283
28882	0	0	295	1	0	296
28883	0	0	306	1	0	307
28884	0	0	306	0	0	306
28885	305	1	3	2	0	311
28886	323	0	0	1	0	324
28887	3	321	1	0	0	325
28888	0	2	0	347	0	349
28889	0	0	0	357	0	357
28890	1	347	0	3	0	351
28891	0	5	0	350	0	355
28892	0	363	0	5	0	368
28893	0	367	1	1	0	369
28894	1	7	0	364	0	372
28895	1	2	368	6	0	377
28896	0	376	7	2	0	385
28897	0	7	1	374	0	382
28898	380	2	0	8	0	390
28899	6	0	380	4	0	390
28900	371	1	7	3	0	382
28901	387	1	1	2	0	391
28902	8	0	1	392	0	401
28903	2	0	414	8	0	424
28904	2	0	413	1	0	416
28905	1	434	8	0	0	443
28906	3	5	2	416	0	426
28907	0	1	431	7	0	439
28908	1	0	426	2	0	429
28909	1	432	8	1	0	442
28910	427	6	1	3	0	437
28911	439	2	1	2	0	444
28912	8	1	1	456	0	466
28913	1	0	478	10	0	489
28914	2	2	477	2	0	483
28915	1	502	8	3	0	514
28916	2	8	507	1	0	518
28917	2	2	507	2	0	513
28918	1	0	12	486	0	499
28919	0	2	504	8	0	514
28920	490	3	9	4	0	506
28921	10	1	3	519	0	533
28922	2	0	548	8	0	558
28923	0	553	13	2	0	568
28924	2	9	3	554	0	568
28925	3	2	562	9	0	576
28926	2	571	11	4	0	588
28927	2	9	6	557	0	574
28928	0	579	6	8	0	593
28929	4	12	3	579	0	598
28930	1	3	2	589	0	595
28931	1	1	577	11	0	590
28932	2	582	14	4	0	602
28933	1	10	5	577	0	593
28934	2	5	2	584	0	593
28935	3	2	1	600	0	606
28936	1	0	586	14	0	601
28937	1	574	15	3	0	593
28938	1	12	4	582	0	599
28939	0	3	586	13	0	602
28940	1	579	12	4	0	596
28941	0	10	5	582	0	597
28942	0	4	590	11	0	605
28943	2	587	11	5	0	605
28944	1	10	4	590	0	605
28945	4	3	2	594	0	603
28946	1	4	596	15	0	616
28947	554	5	11	11	0	581
28948	8	601	7	3	0	619
28949	593	13	2	5	0	613
28950	9	3	601	8	0	621
28951	610	3	13	6	0	632
28952	10	5	3	617	0	635
28953	2	1	3	634	0	640
28954	2	4	615	15	0	636
28955	580	4	13	9	0	606
28956	601	2	5	5	0	613
28957	11	594	2	5	0	612
28958	2	617	3	9	0	631
28959	613	12	7	6	0	638
28960	10	8	610	4	0	632
28961	5	629	15	4	0	653
28962	4	12	4	635	0	655
28963	3	7	3	651	0	664
28964	2	3	638	14	0	657
28965	609	4	13	5	0	631
28966	11	3	648	3	0	665
28967	632	3	15	6	0	656
28968	16	4	677	5	0	702
28969	3	665	17	5	0	690
28970	676	12	7	5	0	700
28971	673	3	8	3	0	687
28972	680	4	3	3	0	690
28973	675	5	5	4	0	689
28974	22	2	4	664	0	692
28975	5	3	674	14	0	696
28976	8	4	12	650	0	674
28977	5	661	5	14	0	685
28978	6	14	3	672	0	695
28979	7	3	663	14	0	687
28980	3	5	656	5	0	669
28981	1	6	17	631	0	655
28982	632	3	4	15	0	654
28983	625	3	8	6	0	642
28984	625	5	5	2	0	637
28985	18	1	629	6	0	654
28986	6	3	635	7	0	651
28987	6	629	18	2	0	655
28988	5	644	3	6	0	658
28989	619	12	7	4	0	642
28990	609	4	3	8	0	624
28991	6	630	6	2	0	644
28992	612	10	4	0	0	626
28993	621	3	1	7	0	632
28994	10	614	3	3	0	630
28995	633	7	4	3	0	647
28996	628	1	2	6	0	637
28997	6	635	5	6	0	652
28998	630	4	4	6	0	644
28999	638	2	2	6	0	648
29000	8	5	640	2	0	655
29001	6	1	641	3	0	651
29002	4	625	10	1	0	640
29003	1	641	4	1	0	647
29004	628	9	9	3	0	649
29005	622	3	1	1	0	627
29006	608	3	0	4	0	615
29007	11	611	2	0	0	624
29008	0	8	2	652	0	662
29009	2	4	671	6	0	683
29010	5	6	6	654	0	671
29011	3	679	2	7	0	691
29012	649	5	2	2	0	658
29013	7	636	0	1	0	644
29014	1	7	1	644	0	653
29015	654	1	1	14	0	670
29016	654	2	3	0	0	659
29017	7	0	675	1	0	683
29018	658	0	4	5	0	667
29019	696	1	0	1	0	698
29020	711	0	1	2	0	714
29021	8	0	1	677	0	686
29022	1	687	1	6	0	695
29023	4	6	1	691	0	702
29024	1	4	706	8	0	719
29025	0	701	8	3	0	712
29026	4	6	1	697	0	708
29027	2	3	697	6	0	708
29028	2	708	6	1	0	717
29029	4	7	2	672	0	685
29030	1	2	692	7	0	702
29031	616	2	7	3	0	628
29032	8	0	695	4	0	707
29033	2	1	690	2	0	695
29034	4	696	7	0	0	707
29035	3	7	3	702	0	715
29036	1	1	5	691	0	698
29037	2	680	1	5	0	688
29038	2	6	0	719	0	727
29039	709	2	2	12	0	725
29040	708	3	0	3	0	714
29041	10	1	692	3	0	706
29042	687	0	4	4	0	695
29043	720	0	1	3	0	724
29044	6	2	720	3	0	731
29045	4	714	8	1	0	727
29046	2	723	2	2	0	729
29047	6	11	3	687	0	707
29048	0	706	1	9	0	716
29049	0	9	665	2	0	676
29050	2	4	662	3	0	671
29051	4	692	9	2	0	707
29052	697	8	3	4	0	712
29053	712	1	3	2	0	718
29054	706	3	0	3	0	712
29055	703	2	1	2	0	708
29056	689	2	2	4	0	697
29057	12	695	1	2	0	710
29058	5	11	679	0	0	695
29059	5	4	9	678	0	696
29060	680	4	2	10	0	696
29061	10	673	2	1	0	686
29062	4	11	1	668	0	684
29063	3	2	671	8	0	684
29064	4	655	9	1	0	669
29065	4	677	3	1	0	685
29066	669	8	3	3	0	683
29067	7	663	1	1	0	672
29068	4	6	1	627	0	638
29069	637	1	0	10	0	648
29070	624	2	0	4	0	630
29071	630	0	0	7	0	637
29072	10	1	625	0	0	636
29073	2	609	7	0	0	618
29074	629	7	2	3	0	641
29075	8	1	1	615	0	625
29076	615	2	0	9	0	626
29077	7	611	0	2	0	620
29078	638	6	0	8	0	652
29079	705	1	2	2	0	710
29080	12	2	0	694	0	708
29081	7	1	735	8	0	751
29082	3	1	9	742	0	755
29083	745	1	3	14	0	763
29084	741	1	4	10	0	756
29085	13	727	0	5	0	745
29086	717	10	2	4	0	733
29087	15	720	0	1	0	736
29088	730	12	1	4	0	747
29089	729	4	1	1	0	735
29090	13	4	732	1	0	750
29091	7	708	10	5	0	730
29092	8	9	4	717	0	738
29093	7	4	4	727	0	742
29094	4	4	1	715	0	724
29095	2	711	2	14	0	729
29096	0	13	697	7	0	717
29097	4	4	710	4	0	722
29098	2	873	14	3	0	892
29099	879	23	6	6	0	914
29100	25	9	874	1	0	909
29101	862	6	21	5	0	894
29102	25	878	8	1	0	912
29103	8	24	887	2	0	921
29104	13	8	22	861	0	904
29105	5	5	895	22	0	927
29106	1	3	936	8	0	948
29107	7	4	29	863	0	903
29108	3	874	10	18	0	905
29109	2	902	8	8	0	920
29110	887	27	3	8	0	925
29111	23	12	869	0	0	904
29112	903	5	25	4	0	937
29113	919	3	10	7	0	939
29114	30	918	7	1	0	956
29115	904	21	2	2	0	929
29116	904	9	3	3	0	919
29117	877	6	2	1	0	886
29118	32	841	2	1	0	876
29119	12	807	2	1	0	822
29120	5	846	3	7	0	861
29121	839	28	12	2	0	881
29122	838	12	4	2	0	856
29123	28	7	807	2	0	844
29124	12	4	809	1	0	826
29125	824	1	29	1	0	855
29126	851	2	10	3	0	866
29127	854	1	9	2	0	866
29128	30	3	5	831	0	869
29129	18	2	2	844	0	866
29130	10	5	3	856	0	874
29131	9	2	1	860	0	872
29132	5	4	818	27	0	854
29133	7	4	833	9	0	853
29134	7	6	851	4	0	868
29135	7	2	840	1	0	850
29136	829	3	27	1	0	860
29137	24	834	13	2	0	873
29138	11	868	5	2	0	886
29139	860	24	3	3	0	890
29140	23	13	846	3	0	885
29141	10	9	836	2	0	857
29142	825	8	25	3	0	861
29143	868	3	13	2	0	886
29144	28	848	6	0	0	882
29145	14	18	4	848	0	884
29146	858	8	3	20	0	889
29147	876	4	5	9	0	894
29148	31	3	5	848	0	887
29149	17	887	3	16	0	923
29150	899	17	3	13	0	932
29151	20	8	877	6	0	911
29152	860	6	19	10	0	895
29153	22	881	9	6	0	918
29154	895	19	7	4	0	925
29155	882	9	8	9	0	908
29156	26	6	897	2	0	931
29157	13	4	891	0	0	908
29158	884	3	28	2	0	917
29159	907	5	13	7	0	932
29160	29	906	10	3	0	948
29161	18	21	5	922	0	966
29162	11	9	919	18	0	957
29163	904	7	17	10	0	938
29164	25	3	9	916	0	953
29165	13	4	9	918	0	944
29166	913	4	7	27	0	951
29167	24	932	3	12	0	971
29168	952	22	1	7	0	982
29169	954	10	2	5	0	971
29170	969	7	3	5	0	984
29171	36	937	4	4	0	981
29172	955	21	5	3	0	984
29173	36	8	4	931	0	979
29174	23	6	1	941	0	971
29175	15	5	931	26	0	977
29176	13	2	928	10	0	953
29177	6	924	26	8	0	964
29178	8	951	11	2	0	972
29179	9	21	874	1	0	905
29180	4	885	19	2	0	910
29181	877	22	9	7	0	915
29182	891	6	3	3	0	903
29183	900	3	2	2	0	907
29184	26	4	3	859	0	892
29185	9	3	3	883	0	898
29186	7	0	890	21	0	918
29187	8	885	18	6	0	917
29188	882	18	5	6	0	911
29189	20	891	4	5	0	920
29190	890	19	3	5	0	917
29191	896	8	2	0	0	906
29192	33	2	2	862	0	899
29193	14	3	2	882	0	901
29194	17	2	1	901	0	921
29195	5	2	864	25	0	896
29196	3	844	20	10	0	877
29197	4	864	6	8	0	882
29198	1	654	0	1	0	656
29199	1	655	1	0	0	657
29200	0	671	1	1	0	673
29201	635	5	0	1	0	641
29202	5	0	633	1	0	639
29203	0	643	4	5	0	652
29204	1	4	625	2	0	632
29205	0	653	3	1	0	657
29206	4	6	2	527	0	539
29207	3	2	0	620	0	625
29208	1	642	0	4	0	647
29209	643	6	0	2	0	651
29210	4	3	636	2	0	645
29211	1	661	5	1	0	668
29212	1	4	653	0	0	658
29213	2	2	5	644	0	653
29214	2	3	1	616	0	622
29215	0	644	2	4	0	650
29216	2	6	0	656	0	664
29217	3	0	0	655	0	658
29218	0	663	2	10	0	675
29219	2	7	655	0	0	664
29220	1	1	654	1	0	657
29221	638	2	5	1	0	646
29222	676	1	0	4	0	681
29223	6	0	1	651	0	658
29224	0	1	648	5	0	654
29225	2	1	4	631	0	638
29226	0	675	1	4	0	680
29227	0	6	670	2	0	678
29228	1	660	5	2	0	668
29229	2	4	665	0	0	671
29230	0	670	6	0	0	676
29231	661	4	1	2	0	668
29232	6	0	0	658	0	664
29233	3	1	0	650	0	654
29234	1	1	659	3	0	664
29235	0	0	634	1	0	635
29236	0	653	4	1	0	658
29237	660	4	1	2	0	667
29238	6	1	1	655	0	663
29239	0	1	670	2	0	673
29240	0	2	636	0	0	638
29241	618	1	4	1	0	624
29242	642	0	0	4	0	646
29243	4	0	653	2	0	659
29244	1	3	5	632	0	641
29245	0	652	2	3	0	657
29246	655	5	1	3	0	664
29247	4	648	1	3	0	656
29248	627	5	1	1	0	634
29249	4	607	2	4	0	617
29250	0	622	1	0	0	623
29251	2	4	3	613	0	622
29252	4	0	0	622	0	626
29253	1	608	0	5	0	614
29254	0	4	604	0	0	608
29255	0	2	603	1	0	606
29256	1	2	598	0	0	601
29257	558	0	4	3	0	565
29258	593	1	0	1	0	595
29259	4	615	1	2	0	622
29260	0	6	597	0	0	603
29261	4	2	4	601	0	611
29262	1	0	645	4	0	650
29263	0	0	658	2	0	660
29264	0	0	8	704	0	712
29265	4	0	2	766	0	772
29266	0	0	834	13	0	847
29267	835	0	9	8	0	852
29268	12	883	4	6	0	905
29269	5	914	4	0	0	923
29270	9	16	0	900	0	925
29271	915	10	2	12	0	939
29272	11	930	2	5	0	948
29273	927	11	0	11	0	949
29274	16	939	1	2	0	958
29275	976	17	1	6	0	1000
29276	17	8	966	1	0	992
29277	7	7	974	1	0	989
29278	9	2	16	929	0	956
29279	0	3	949	10	0	962
29280	2	903	15	7	0	927
29281	1	899	7	7	0	914
29282	903	17	7	3	0	930
29283	12	13	2	877	0	904
29284	7	915	2	8	0	932
29285	921	12	1	9	0	943
29286	892	10	2	6	0	910
29287	919	9	2	0	0	930
29288	27	2	2	900	0	931
29289	17	0	5	909	0	931
29290	11	5	908	18	0	942
29291	4	3	904	16	0	927
29292	888	3	18	9	0	918
29293	14	5	14	886	0	919
29294	9	4	897	15	0	925
29295	885	2	12	15	0	914
29296	12	928	9	11	0	960
29297	929	13	9	2	0	953
29298	930	8	2	9	0	949
29299	929	10	3	12	0	954
29300	30	4	899	4	0	937
29301	902	4	13	7	0	926
29302	29	5	10	871	0	915
29303	10	875	13	12	0	910
29304	19	901	4	12	0	936
29305	897	16	4	10	0	927
29306	898	18	7	5	0	928
29307	918	10	4	5	0	937
29308	31	3	3	886	0	923
29309	20	5	2	901	0	928
29310	19	5	6	858	0	888
29311	11	875	1	25	0	912
29312	864	12	4	17	0	897
29313	875	8	4	11	0	898
29314	888	10	2	5	0	905
29315	29	5	872	6	0	912
29316	892	6	14	6	0	918
29317	28	4	8	846	0	886
29318	16	850	8	16	0	890
29319	856	14	4	8	0	882
29320	851	9	6	11	0	877
29321	30	11	838	5	0	884
29322	26	3	13	821	0	863
29323	14	848	12	14	0	888
29324	863	13	11	11	0	898
29325	21	12	6	868	0	907
29326	23	13	4	846	0	886
29327	22	6	4	863	0	895
29328	11	4	5	893	0	913
29329	12	6	860	28	0	906
29330	12	868	13	19	0	912
29331	14	17	12	865	0	908
29332	14	11	865	17	0	907
29333	860	14	16	18	0	908
29334	871	6	11	15	0	903
29335	28	7	7	872	0	914
29336	886	4	4	19	0	913
29337	887	8	6	16	0	917
29338	30	7	871	14	0	922
29339	25	858	19	6	0	908
29340	882	15	11	10	0	918
29341	26	7	14	873	0	920
29342	884	10	5	22	0	921
29343	31	5	3	876	0	915
29344	28	3	9	879	0	919
29345	20	5	856	22	0	903
29346	815	6	15	27	0	863
29347	22	865	11	14	0	912
29348	20	13	869	9	0	911
29349	21	875	14	5	0	915
29350	869	19	12	11	0	911
29351	24	10	10	859	0	903
29352	860	12	5	16	0	893
29353	27	856	4	18	0	905
29354	882	18	5	13	0	918
29355	885	11	5	7	0	908
29356	883	10	5	13	0	911
29357	886	5	5	9	0	905
29358	36	861	5	7	0	909
29359	857	18	2	8	0	885
29360	30	12	3	828	0	873
29361	22	17	3	812	0	854
29362	21	740	3	21	0	785
29363	13	740	3	17	0	773
29364	12	707	3	6	0	728
29365	640	18	7	5	0	670
29366	13	563	0	6	0	582
29367	13	481	4	4	0	502
29368	485	11	9	7	0	512
29369	466	5	3	6	0	480
29370	9	474	1	1	0	485
29371	455	6	0	3	0	464
29372	8	5	435	5	0	453
29373	432	6	3	1	0	442
29374	8	2	436	2	0	448
29375	5	362	4	4	0	375
29376	5	379	2	0	0	386
29377	12	9	1	365	0	387
29378	377	7	0	3	0	387
29379	379	0	2	2	0	383
29380	394	1	1	1	0	397
29381	394	0	1	0	0	395
29382	379	2	1	1	0	383
29383	5	1	367	0	0	373
29384	4	1	356	3	0	364
29385	381	0	5	2	0	388
29386	6	394	2	0	0	402
29387	386	3	0	1	0	390
29388	403	2	1	1	0	407
29389	428	1	0	2	0	431
29390	427	0	0	1	0	428
29391	422	0	2	4	0	428
29392	5	0	434	1	0	440
29393	429	2	3	2	0	436
29394	440	1	2	2	0	445
29395	7	1	432	0	0	440
29396	414	0	3	1	0	418
29397	418	2	2	0	0	422
29398	5	3	455	0	0	463
29399	4	0	458	0	0	462
29400	3	459	6	0	0	468
29401	3	4	1	457	0	465
29402	2	2	471	4	0	479
29403	467	0	3	3	0	473
29404	6	0	2	492	0	500
29405	2	0	520	3	0	525
29406	504	2	3	6	0	515
29407	513	2	2	2	0	519
29408	510	0	0	4	0	514
29409	6	530	1	1	0	538
29410	4	2	0	526	0	532
29411	2	529	0	3	0	534
29412	529	1	3	4	0	537
29413	530	1	0	3	0	534
29414	4	1	537	0	0	542
29415	3	510	3	1	0	517
29416	1	513	2	1	0	517
29417	5	3	0	508	0	516
29418	2	2	0	511	0	515
29419	506	0	0	5	0	511
29420	3	503	1	2	0	509
29421	4	506	1	0	0	511
29422	2	4	508	0	0	514
29423	1	530	3	0	0	534
29424	528	2	1	5	0	536
29425	3	1	526	1	0	531
29426	470	2	3	2	0	477
29427	2	1	506	1	0	510
29428	458	0	2	2	0	462
29429	2	503	2	0	0	507
29430	525	1	2	4	0	532
29431	4	1	533	0	0	538
29432	532	1	1	2	0	536
29433	538	1	1	0	0	540
29434	2	0	555	1	0	558
29435	542	1	1	2	0	546
29436	556	1	1	3	0	561
29437	552	1	0	4	0	557
29438	3	552	2	0	0	557
29439	570	2	1	6	0	579
29440	1	3	577	0	0	581
29441	0	589	2	3	0	594
29442	609	2	0	1	0	612
29443	598	0	1	2	0	601
29444	608	1	0	2	0	611
29445	3	604	3	0	0	610
29446	1	5	1	685	0	692
29447	0	1	678	9	0	688
29448	1	1	8	661	0	671
29449	2	0	682	9	0	693
29450	660	0	11	1	0	672
29451	11	685	1	0	0	697
29452	3	13	2	675	0	693
29453	2	676	0	12	0	690
29454	3	14	0	678	0	695
29455	3	0	1	683	0	687
29456	1	698	2	14	0	715
29457	4	15	0	702	0	721
29458	1	0	2	744	0	747
29459	2	735	2	15	0	754
29460	2	752	0	2	0	756
29461	4	15	0	740	0	759
29462	2	4	738	12	0	756
29463	2	739	15	1	0	757
29464	3	19	2	746	0	770
29465	0	2	764	15	0	781
29466	3	768	14	1	0	786
29467	763	17	1	3	0	784
29468	19	3	759	1	0	782
29469	741	4	17	0	0	762
29470	20	2	1	742	0	765
29471	3	0	3	757	0	763
29472	3	1	2	757	0	763
29473	2	2	737	22	0	763
29474	2	1	741	4	0	748
29475	700	2	20	2	0	724
29476	18	3	3	732	0	756
29477	3	4	739	20	0	766
29478	717	2	20	4	0	743
29479	19	1	1	739	0	760
29480	4	1	2	742	0	749
29481	3	2	2	749	0	756
29482	1	744	0	25	0	770
29483	5	16	3	718	0	742
29484	2	722	5	15	0	744
29485	4	754	0	3	0	761
29486	734	16	2	7	0	759
29487	704	5	3	3	0	715
29488	736	4	0	6	0	746
29489	20	695	4	5	0	724
29490	687	17	4	5	0	713
29491	710	5	2	5	0	722
29492	22	3	3	685	0	713
29493	7	2	1	697	0	707
29494	4	5	680	21	0	710
29495	2	693	18	10	0	723
29496	679	18	4	8	0	709
29497	688	4	2	10	0	704
29498	18	677	3	2	0	700
29499	659	19	3	5	0	686
29500	672	6	0	2	0	680
29501	20	4	1	653	0	678
29502	5	641	3	20	0	669
29503	6	666	2	3	0	677
29504	648	19	1	11	0	679
29505	19	5	3	633	0	660
29506	6	6	627	18	0	657
29507	625	5	17	2	0	649
29508	18	1	642	6	0	667
29509	6	639	20	3	0	668
29510	636	19	3	4	0	662
29511	20	4	637	7	0	668
29512	7	3	22	637	0	669
29513	6	3	684	21	0	714
29514	4	689	18	6	0	717
29515	8	18	5	699	0	730
29516	6	8	695	19	0	728
29517	652	2	20	12	0	686
29518	20	716	3	7	0	746
29519	6	20	2	709	0	737
29520	4	726	3	21	0	754
29521	721	21	3	11	0	756
29522	725	5	0	6	0	736
29523	21	732	1	6	0	760
29524	8	21	4	719	0	752
29525	7	728	1	18	0	754
29526	723	17	2	10	0	752
29527	19	9	722	6	0	756
29528	7	5	711	6	0	729
29529	4	708	18	4	0	734
29530	6	718	8	3	0	735
29531	5	20	5	697	0	727
29532	699	6	3	23	0	731
29533	706	3	6	8	0	723
29534	696	5	3	3	0	707
29535	24	713	2	7	0	746
29536	6	21	4	704	0	735
29537	8	711	1	20	0	740
29538	721	18	6	4	0	749
29539	22	3	3	708	0	736
29540	4	1	698	23	0	726
29541	1	688	22	5	0	716
29542	684	16	7	5	0	712
29543	20	7	691	3	0	721
29544	656	0	17	8	0	681
29545	18	683	6	4	0	711
29546	6	613	3	1	0	623
29547	599	12	0	6	0	617
29548	12	621	1	5	0	639
29549	608	8	1	3	0	620
29550	9	605	0	3	0	617
29551	609	6	0	4	0	619
29552	605	4	3	2	0	614
29553	8	4	635	2	0	649
29554	4	1	621	1	0	627
29555	2	628	7	0	0	637
29556	609	4	6	4	0	623
29557	5	4	587	2	0	598
29558	549	2	2	1	0	554
29559	4	1	2	561	0	568
29560	3	1	571	3	0	578
29561	3	2	542	2	0	549
29562	0	2	584	1	0	587
29563	1	585	2	0	0	588
29564	3	6	3	570	0	582
29565	565	1	0	1	0	567
29566	1	2	1	562	0	566
29567	564	1	1	1	0	567
29568	3	0	0	560	0	563
29569	570	0	1	4	0	575
29570	589	1	1	2	0	593
29571	674	1	1	2	0	678
29572	4	673	2	0	0	679
29573	1	5	685	0	0	691
29574	1	1	3	689	0	694
29575	9	2	8	452	0	471
29576	0	0	0	706	0	706
29577	5	0	0	693	0	698
29578	0	685	1	6	0	692
29579	2	3	680	1	0	686
29580	0	690	4	1	0	695
29581	4	4	1	654	0	663
29582	3	3	0	689	0	695
29583	2	0	1	692	0	695
29584	0	1	1	683	0	685
29585	0	668	1	5	0	674
29586	0	666	0	3	0	669
29587	0	6	669	2	0	677
29588	2	2	4	660	0	668
29589	0	1	2	663	0	666
29590	0	4	0	677	0	681
29591	686	1	1	11	0	699
29592	5	696	0	3	0	704
29593	2	6	673	1	0	682
29594	682	1	4	2	0	689
29595	7	2	1	691	0	701
29596	702	2	0	11	0	715
29597	4	2	1	709	0	716
29598	708	2	0	8	0	718
29599	8	0	1	702	0	711
29600	700	0	0	9	0	709
29601	5	1	746	1	0	753
29602	4	2	5	728	0	739
29603	1	766	3	4	0	774
29604	2	5	0	778	0	785
29605	769	2	1	5	0	777
29606	7	773	0	0	0	780
29607	2	5	0	797	0	804
29608	3	795	0	6	0	804
29609	2	7	0	808	0	817
29610	7	1	0	812	0	820
29611	2	1	806	7	0	816
29612	4	1	5	781	0	791
29613	1	1	766	6	0	774
29614	0	744	8	4	0	756
29615	749	8	2	5	0	764
29616	7	4	740	1	0	752
29617	718	0	7	4	0	729
29618	746	1	4	1	0	752
29619	8	0	0	751	0	759
29620	1	1	803	8	0	813
29621	779	0	10	2	0	791
29622	828	1	3	4	0	836
29623	9	1	4	817	0	831
29624	1	2	0	817	0	820
29625	3	838	2	10	0	853
29626	5	8	1	825	0	839
29627	4	832	1	9	0	846
29628	3	8	840	4	0	855
29629	3	0	6	822	0	831
29630	815	1	2	9	0	827
29631	822	0	0	6	0	828
29632	8	818	2	2	0	830
29633	4	8	1	833	0	846
29634	825	1	1	11	0	838
29635	8	792	0	1	0	801
29636	793	9	0	3	0	805
29637	11	4	1	817	0	833
29638	858	1	1	14	0	874
29639	7	1	972	5	0	985
29640	3	971	7	2	0	983
29641	971	7	4	3	0	985
29642	7	992	2	3	0	1004
29643	998	6	1	8	0	1013
29644	997	1	0	6	0	1004
29645	10	5	1008	2	0	1025
29646	7	0	9	995	0	1011
29647	1033	3	1	13	0	1050
29648	16	1	1004	2	0	1023
29649	1004	3	9	4	0	1020
29650	15	2	2	1020	0	1039
29651	7	1	1014	11	0	1033
29652	8	1	12	997	0	1018
29653	982	3	4	14	0	1003
29654	13	3	1026	3	0	1045
29655	10	3	11	1024	0	1048
29656	8	3	3	1039	0	1053
29657	1040	2	1	17	0	1060
29658	1048	3	3	1	0	1055
29659	12	1068	3	6	0	1089
29660	10	10	2	1070	0	1092
29661	7	3	4	1076	0	1090
29662	7	1	3	1062	0	1073
29663	1049	2	2	17	0	1070
29664	1050	2	5	10	0	1067
29665	19	1	5	1043	0	1068
29666	4	1038	5	13	0	1060
29667	8	12	4	1026	0	1050
29668	5	1039	5	13	0	1062
29669	1038	11	4	9	0	1062
29670	14	1003	2	8	0	1027
29671	932	11	2	4	0	949
29672	17	3	3	918	0	941
29673	908	4	3	16	0	931
29674	13	1	919	9	0	942
29675	7	944	7	10	0	968
29676	934	9	8	11	0	962
29677	947	3	4	9	0	963
29678	20	1	0	938	0	959
29679	6	927	5	17	0	955
29680	5	10	4	968	0	987
29681	9	4	1	963	0	977
29682	11	3	2	956	0	972
29683	957	5	2	17	0	981
29684	957	5	0	9	0	971
29685	19	4	1	955	0	979
29686	10	951	4	12	0	977
29687	961	10	2	13	0	986
29688	15	7	955	6	0	983
29689	11	3	9	951	0	974
29690	10	4	961	15	0	990
29691	10	3	7	954	0	974
29692	8	4	969	14	0	995
29693	6	6	9	969	0	990
29694	977	6	2	18	0	1003
29695	970	2	3	9	0	984
29696	12	970	1	9	0	992
29697	991	14	2	11	0	1018
29698	20	5	0	995	0	1020
29699	12	6	3	994	0	1015
29700	997	7	1	19	0	1024
29701	19	3	962	7	0	991
29702	11	0	974	8	0	993
29703	4	5	964	14	0	987
29704	953	4	10	5	0	972
29705	18	1	993	7	0	1019
29706	2	4	948	14	0	968
29707	930	6	10	12	0	958
29708	13	972	9	7	0	1001
29709	13	8	4	986	0	1011
29710	9	5	4	999	0	1017
29711	9	5	1013	14	0	1041
29712	1004	1	10	10	0	1025
29713	1009	4	4	13	0	1030
29714	989	4	3	10	0	1006
29715	17	2	1003	5	0	1027
29716	952	5	14	12	0	983
29717	13	2	991	8	0	1014
29718	15	964	14	4	0	997
29719	5	980	10	11	0	1006
29720	914	10	10	8	0	942
29721	12	897	7	10	0	926
29722	8	911	4	9	0	932
29723	900	7	6	12	0	925
29724	12	910	4	8	0	934
29725	905	7	4	9	0	925
29726	15	5	4	923	0	947
29727	12	6	3	929	0	950
29728	14	3	5	924	0	946
29729	7	6	9	910	0	932
29730	10	913	8	14	0	945
29731	926	7	12	5	0	950
29732	12	972	8	8	0	1000
29733	11	1003	10	10	0	1034
29734	8	17	1044	7	0	1076
29735	1015	6	21	8	0	1050
29736	22	11	1083	3	0	1119
29737	12	6	1101	4	0	1123
29738	9	1061	28	6	0	1104
29739	6	1025	10	6	0	1047
29740	1023	40	7	6	0	1076
29741	27	1075	2	4	0	1108
29742	10	28	1047	6	0	1091
29743	6	1058	30	5	0	1099
29744	7	27	1064	1	0	1099
29745	1	14	1049	0	0	1064
29746	979	7	42	4	0	1032
29747	27	6	1025	0	0	1058
29748	18	3	31	991	0	1043
29749	983	0	15	26	0	1024
29750	26	982	9	14	0	1031
29751	9	26	998	3	0	1036
29752	970	10	26	6	0	1012
29753	28	5	13	950	0	996
29754	15	915	5	23	0	958
29755	4	26	949	11	0	990
29756	937	10	28	7	0	982
29757	25	5	958	3	0	991
29758	15	5	33	936	0	989
29759	7	1	924	25	0	957
29760	8	0	31	918	0	957
29761	894	3	14	35	0	946
29762	28	922	5	14	0	969
29763	931	27	3	5	0	966
29764	30	12	916	2	0	960
29765	19	5	24	930	0	978
29766	3	4	944	28	0	979
29767	914	3	32	15	0	964
29768	939	1	16	10	0	966
29769	39	940	8	2	0	989
29770	953	26	5	7	0	991
29771	974	14	5	6	0	999
29772	41	5	3	939	0	988
29773	17	3	931	26	0	977
29774	10	903	29	14	0	956
29775	7	28	7	916	0	958
29776	924	16	7	28	0	975
29777	28	5	908	14	0	955
29778	16	3	921	7	0	947
29779	6	2	923	2	0	933
29780	889	1	40	2	0	932
29781	32	5	899	1	0	937
29782	880	7	32	5	0	924
29783	35	5	853	1	0	894
29784	20	884	34	2	0	940
29785	8	26	19	865	0	918
29786	5	16	875	29	0	925
29787	4	849	35	16	0	904
29788	6	890	15	8	0	919
29789	8	40	10	864	0	922
29790	851	17	10	28	0	906
29791	30	11	9	859	0	909
29792	843	7	7	30	0	887
29793	36	2	7	834	0	879
29794	20	4	828	30	0	882
29795	8	6	848	14	0	876
29796	819	5	46	7	0	877
29797	829	3	22	6	0	860
29798	37	3	805	8	0	853
29799	796	2	34	5	0	837
29800	34	5	801	6	0	846
29801	19	769	32	4	0	824
29802	11	769	17	8	0	805
29803	12	776	7	4	0	799
29804	11	39	7	741	0	798
29805	737	17	7	32	0	793
29806	752	9	7	20	0	788
29807	38	3	12	724	0	777
29808	22	1	695	32	0	750
29809	15	5	28	701	0	749
29810	10	6	700	30	0	746
29811	9	1	34	680	0	724
29812	670	1	18	31	0	720
29813	701	4	8	17	0	730
29814	699	5	9	6	0	719
29815	709	6	6	7	0	728
29816	49	5	4	662	0	720
29817	25	3	7	689	0	724
29818	675	1	9	41	0	726
29819	697	2	6	19	0	724
29820	44	2	6	666	0	718
29821	23	3	5	687	0	718
29822	14	2	5	685	0	706
29823	11	1	8	689	0	709
29824	645	3	5	45	0	698
29825	29	5	631	21	0	686
29826	21	2	25	621	0	669
29827	618	2	18	28	0	666
29828	31	4	603	12	0	650
29829	22	4	27	610	0	663
29830	10	1	619	29	0	659
29831	7	575	26	16	0	624
29832	13	17	14	517	0	561
29833	478	9	5	21	0	513
29834	19	5	2	417	0	443
29835	10	391	3	20	0	424
29836	5	368	3	13	0	389
29837	6	293	1	4	0	304
29838	4	273	2	3	0	282
29839	156	22	19	10	0	207
29840	9	7	3	90	0	109
29841	1	0	80	1	0	82
29842	1	0	2	75	0	78
29843	0	0	73	2	0	75
29844	75	0	2	0	0	77
29845	1	1	0	74	0	76
29846	0	0	0	77	0	77
29847	2	0	0	75	0	77
29848	1	0	0	76	0	77
29849	75	1	0	1	0	77
29850	75	0	1	0	0	76
29851	1	1	0	75	0	77
29852	73	1	0	1	0	75
29853	2	0	69	0	0	71
29854	0	70	1	1	0	72
29855	0	1	1	68	0	70
29856	1	0	0	71	0	72
29857	0	67	1	0	0	68
29858	1	0	0	65	0	66
29859	0	0	0	67	0	67
29860	64	0	0	1	0	65
29861	0	0	64	1	0	65
29862	0	0	56	1	0	57
29863	58	0	0	0	0	58
29864	1	0	56	0	0	57
29865	24	0	2	1	0	27
29866	25	0	0	0	0	25
29867	0	0	1	18	0	19
29868	0	0	17	0	0	17
29869	5	0	0	0	0	5
29870	0	5	0	0	0	5
29871	5	0	0	0	0	5
29872	11	0	0	0	0	11
29873	39	0	0	0	0	39
29874	155	0	0	0	0	155
29875	139	0	0	0	0	139
29876	134	0	0	0	0	134
29877	150	0	0	0	0	150
29878	133	0	0	0	0	133
29879	163	0	0	0	0	163
29880	160	0	0	0	0	160
29881	152	0	0	0	0	152
29882	136	0	0	0	0	136
29883	158	0	0	0	0	158
29884	138	0	0	0	0	138
29885	145	0	0	0	0	145
29886	161	0	0	0	0	161
29887	138	0	0	0	0	138
29888	136	0	0	0	0	136
29889	131	0	0	0	0	131
29890	145	0	0	0	0	145
29891	124	0	0	0	0	124
29892	153	0	0	0	0	153
29893	148	0	0	0	0	148
29894	163	0	0	0	0	163
29895	163	0	0	0	0	163
29896	158	0	0	0	0	158
29897	152	0	0	0	0	152
29898	138	0	0	0	0	138
29899	156	0	0	0	0	156
29900	161	0	0	0	0	161
29901	154	0	0	0	0	154
29902	143	0	3	0	0	146
29903	120	0	18	0	0	138
