Pos	A	C	G	T	Other	Total
1	0	0	0	0	0	0
2	0	0	0	2	0	2
3	1	0	0	6	0	7
4	7	0	0	0	0	7
5	7	0	0	0	0	7
6	10	0	0	0	0	10
7	0	0	9	0	0	9
8	0	0	9	0	0	9
9	0	0	0	10	0	10
10	0	0	0	10	0	10
11	0	0	0	27	0	27
12	79	0	0	0	0	79
13	1	0	0	166	0	167
14	379	0	0	7	0	386
15	0	663	0	1	0	664
16	0	1350	1	2	0	1353
17	8	0	2	3483	0	3493
18	0	2	2	3816	0	3820
19	1	5278	1	7	0	5287
20	0	5705	4	4	0	5713
21	0	6304	1	45	0	6350
22	6593	1	5	16	0	6615
23	5	13	6791	7	0	6816
24	6	8	6845	7	0	6866
25	0	3	4	7256	0	7263
26	7763	2	3	10	0	7778
27	7823	0	0	7	0	7830
28	7	7909	5	13	0	7934
29	9136	5	1	29	0	9171
30	9851	2	0	29	0	9882
31	10107	3	0	6	0	10116
32	6	10348	6	7	0	10367
33	4	10585	3	13	0	10605
34	10717	9	1	13	0	10740
35	10733	3	3	9	0	10748
36	9	11132	5	17	0	11163
37	2	11842	7	10	0	11861
38	11784	7	1	10	0	11802
39	11741	6	0	12	0	11759
40	6	11980	5	10	0	12001
41	7	6	1	12268	0	12282
42	1	6	0	12374	0	12381
43	2	3	1	12377	0	12383
44	1	12462	4	27	0	12494
45	16	22	12074	9	0	12121
46	11027	7	14	12	0	11060
47	13	1	6	12493	0	12513
48	7	12698	7	21	0	12733
49	6	9	0	12761	0	12776
50	3	12895	5	10	0	12913
51	4	13	3	12909	0	12929
52	2	11	1	13111	0	13125
53	14	7	13188	34	0	13243
54	5	3	11	12968	0	12987
55	12998	2	14	19	0	13033
56	15	17	13117	28	0	13177
57	12584	4	15	14	0	12617
58	15	3	9	13284	0	13311
59	9	13457	9	20	0	13495
60	7	13	1	13562	0	13583
61	10	18	13595	26	0	13649
62	8	5	10	13274	0	13297
63	5	1	11	13663	0	13680
64	1	13869	8	39	0	13917
65	6	13	3	13825	0	13847
66	28	13891	7	22	0	13948
67	2	16	1	13956	0	13975
68	13880	17	0	28	0	13925
69	13648	5	3	20	0	13676
70	13650	1	1	10	0	13662
71	37	14056	5	22	0	14120
72	38	23	13782	5	0	13848
73	13393	21	18	12	0	13444
74	14374	6	24	8	0	14412
75	49	15038	7	9	0	15103
76	44	50	2	13252	0	13348
77	12	45	3	13684	0	13744
78	3	9	2	12841	0	12855
79	12993	2	3	130	0	13128
80	12969	4	1	85	0	13059
81	12993	2	3	19	0	13017
82	13167	1	1	12	0	13181
83	144	8	4	12874	0	13030
84	85	13034	7	64	0	13190
85	22	60	1	13405	0	13488
86	18	82	13423	70	0	13593
87	8	13	60	13882	0	13963
88	15	9	14360	95	0	14479
89	6	3	90	14261	0	14360
90	10	10	14718	103	0	14841
91	13	18	14746	118	0	14895
92	11	15170	198	70	0	15449
93	15	110	116	15492	0	15733
94	25	119	16272	104	0	16520
95	14	26	115	15418	0	15573
96	6	16399	120	120	0	16645
97	16085	110	26	122	0	16343
98	105	17048	17	24	0	17194
99	125	124	6	16115	0	16370
100	22	17070	19	103	0	17214
101	26	139	16418	138	0	16721
102	25	138	16678	50	0	16891
103	8	16938	233	68	0	17247
104	18	117	129	16749	0	17013
105	51	128	17057	134	0	17370
106	22	17065	128	150	0	17365
107	16925	124	126	35	0	17210
108	127	131	29	16883	0	17170
109	155	35	17502	139	0	17831
110	27	17611	132	151	0	17921
111	11	136	134	17454	0	17735
112	18	136	31	17661	0	17846
113	16526	32	31	258	0	16847
114	125	22	17488	158	0	17793
115	129	22	136	17078	0	17365
116	42	38	17036	143	0	17259
117	19	15814	148	173	0	16154
118	14864	126	140	37	0	15167
119	122	15002	46	34	0	15204
120	146	141	29	13686	0	14002
121	30	14480	31	115	0	14656
122	13727	147	30	133	0	14037
123	121	14200	26	64	0	14411
124	156	185	13578	46	0	13965
125	27	13942	149	40	0	14158
126	13398	155	140	44	0	13737
127	146	152	13828	50	0	14176
128	143	42	158	13711	0	14054
129	13289	38	159	161	0	13647
130	151	37	49	12958	0	13195
131	13144	34	33	189	0	13400
132	13161	48	27	180	0	13416
133	307	34	38	13039	0	13418
134	185	36	26	13199	0	13446
135	12976	33	31	321	0	13361
136	12800	42	29	207	0	13078
137	323	40	25	12499	0	12887
138	12667	32	40	191	0	12930
139	12620	39	37	192	0	12888
140	310	12693	42	81	0	13126
141	210	168	41	12689	0	13108
142	12805	187	46	187	0	13225
143	12928	52	45	209	0	13234
144	315	56	39	12764	0	13174
145	195	40	43	13005	0	13283
146	12687	47	54	325	0	13113
147	189	12814	44	249	0	13296
148	185	185	57	12670	0	13097
149	82	194	12773	201	0	13250
150	64	87	179	12209	0	12539
151	55	12695	204	202	0	13156
152	65	171	12683	216	0	13135
153	52	182	179	12291	0	12704
154	63	60	172	12454	0	12749
155	70	54	12772	335	0	13231
156	11641	47	181	244	0	12113
157	183	12850	191	113	0	13337
158	12953	187	81	67	0	13288
159	210	181	12820	73	0	13284
160	203	80	13074	76	0	13433
161	12225	58	320	88	0	12691
162	202	12973	201	88	0	13464
163	12696	189	63	79	0	13027
164	207	13098	66	86	0	13457
165	216	208	13058	94	0	13576
166	12693	185	176	71	0	13125
167	222	94	13400	70	0	13786
168	199	58	180	13010	0	13447
169	13062	43	177	221	0	13503
170	12959	53	54	205	0	13271
171	314	13121	73	105	0	13613
172	184	423	56	12324	0	12987
173	88	12825	65	212	0	13190
174	68	195	12595	179	0	13037
175	82	335	150	11154	0	11721
176	66	11638	143	141	0	11988
177	77	156	59	10878	0	11170
178	9602	92	48	155	0	9897
179	129	31	32	10499	0	10691
180	111	10671	35	122	0	10939
181	57	110	24	10740	0	10931
182	56	111	32	10663	0	10862
183	46	10812	42	186	0	11086
184	54	101	40	10856	0	11051
185	78	90	10693	134	0	10995
186	55	10605	109	109	0	10878
187	9348	77	78	36	0	9539
188	100	84	9855	35	0	10074
189	99	33	9615	36	0	9783
190	51	9520	119	39	0	9729
191	83	161	120	8894	0	9258
192	42	57	8803	73	0	8975
193	39	8105	65	63	0	8272
194	45	55	45	7989	0	8134
195	29	52	20	8146	0	8247
196	7893	19	28	92	0	8032
197	52	8107	16	76	0	8251
198	66	54	7610	32	0	7762
199	36	52	7845	29	0	7962
200	16	28	82	7531	0	7657
201	28	27	53	8966	0	9074
202	22	21	17	8967	0	9027
203	22	10569	24	180	0	10795
204	30	102	10909	116	0	11157
205	23	138	94	10568	0	10823
206	14	11965	138	114	0	12231
207	23	12143	33	159	0	12358
208	34	256	12784	53	0	13127
209	16	173	159	12352	0	12700
210	31	44	14006	160	0	14241
211	26	30	168	13575	0	13799
212	30	32	209	13848	0	14119
213	38	29	13897	342	0	14306
214	8	13897	177	228	0	14310
215	13441	160	220	52	0	13873
216	163	212	13910	35	0	14320
217	199	13901	175	57	0	14332
218	33	14134	231	42	0	14440
219	38	360	13753	41	0	14192
220	13089	229	188	39	0	13545
221	181	88	234	11761	0	12264
222	201	13898	68	135	0	14302
223	13757	184	46	191	0	14178
224	165	246	47	12833	0	13291
225	218	13679	52	178	0	14127
226	13692	196	57	215	0	14160
227	168	219	13465	67	0	13919
228	195	13488	191	53	0	13927
229	12914	165	220	52	0	13351
230	141	13316	61	66	0	13584
231	12950	162	49	37	0	13198
232	161	223	39	12116	0	12539
233	197	12639	38	138	0	13012
234	42	152	70	12776	0	13040
235	12476	218	50	167	0	12911
236	162	69	12498	218	0	12947
237	194	46	12618	55	0	12913
238	49	71	331	11943	0	12394
239	45	55	222	12252	0	12574
240	42	58	71	11955	0	12126
241	56	12031	61	325	0	12473
242	44	168	11905	222	0	12339
243	41	242	181	10669	0	11133
244	62	11699	227	152	0	12140
245	49	11895	74	208	0	12226
246	68	346	11831	63	0	12308
247	75	227	11999	54	0	12355
248	53	101	12245	49	0	12448
249	59	86	344	11519	0	12008
250	68	79	12130	177	0	12454
251	54	83	183	11691	0	12011
252	71	86	11993	176	0	12326
253	10799	69	206	224	0	11298
254	184	11978	225	75	0	12462
255	228	12501	81	75	0	12885
256	79	366	13091	80	0	13616
257	12713	247	223	78	0	13261
258	13081	73	265	80	0	13499
259	13209	84	80	80	0	13453
260	418	78	12758	75	0	13329
261	264	74	12995	73	0	13406
262	64	82	423	12623	0	13192
263	12912	65	291	245	0	13513
264	12767	93	90	307	0	13257
265	397	99	12593	79	0	13168
266	12542	90	276	93	0	13001
267	211	88	338	12370	0	13007
268	251	102	12820	232	0	13405
269	75	110	12959	291	0	13435
270	12127	108	480	143	0	12858
271	212	95	12965	110	0	13382
272	12324	93	319	131	0	12867
273	221	86	13171	113	0	13591
274	273	12554	334	126	0	13287
275	98	13066	350	115	0	13629
276	106	431	196	12556	0	13289
277	96	309	168	13042	0	13615
278	108	123	12985	421	0	13637
279	99	126	332	12161	0	12718
280	110	12424	378	244	0	13156
281	147	12636	174	270	0	13227
282	155	12884	157	103	0	13299
283	158	490	154	12305	0	13107
284	158	343	12513	221	0	13235
285	153	146	12532	294	0	13125
286	119	145	509	11988	0	12761
287	163	112	341	12144	0	12760
288	172	98	160	10867	0	11297
289	167	12198	151	404	0	12920
290	12217	252	132	259	0	12860
291	12035	310	138	109	0	12592
292	461	12150	156	112	0	12879
293	331	277	12343	121	0	13072
294	12170	295	293	113	0	12871
295	305	140	12666	111	0	13222
296	12490	118	302	83	0	12993
297	12401	102	354	123	0	12980
298	12541	139	140	117	0	12937
299	12285	97	153	139	0	12674
300	442	12306	148	159	0	13055
301	10777	213	145	138	0	11273
302	227	11008	146	153	0	11534
303	9022	170	106	86	0	9384
304	183	8932	116	95	0	9326
305	161	161	8123	56	0	8501
306	51	828	152	6572	0	7603
307	46	7513	172	147	0	7878
308	47	6978	72	113	0	7210
309	6371	205	208	155	0	6939
310	5617	93	30	33	0	5773
311	131	5995	36	19	0	6181
312	78	74	39	5702	0	5893
313	41	6404	27	68	0	6540
314	6454	65	36	57	0	6612
315	93	76	6525	23	0	6717
316	87	42	104	6201	0	6434
317	59	20	80	6231	0	6390
318	38	31	42	6321	0	6432
319	44	21	6256	130	0	6451
320	35	6211	96	69	0	6411
321	38	6375	84	28	0	6525
322	48	132	31	6371	0	6582
323	39	90	6615	71	0	6815
324	36	27	105	6474	0	6642
325	43	44	87	6613	0	6787
326	54	26	41	6561	0	6682
327	50	38	32	6566	0	6686
328	6370	32	49	143	0	6594
329	79	6475	54	93	0	6701
330	6466	87	55	50	0	6658
331	92	93	6448	38	0	6671
332	105	30	6495	41	0	6671
333	52	39	142	6158	0	6391
334	49	51	87	6012	0	6199
335	33	6524	46	147	0	6750
336	34	94	6528	90	0	6746
337	43	6664	110	50	0	6867
338	32	88	6751	36	0	6907
339	5938	79	101	43	0	6161
340	92	6769	79	42	0	6982
341	90	90	6807	38	0	7025
342	49	89	83	6563	0	6784
343	38	55	6861	81	0	7035
344	27	6811	90	85	0	7013
345	35	95	72	6456	0	6658
346	35	6769	48	82	0	6934
347	42	89	6743	97	0	6971
348	33	93	85	6628	0	6839
349	6641	46	77	80	0	6844
350	96	6645	27	77	0	6845
351	102	101	6544	36	0	6783
352	35	213	84	6047	0	6379
353	51	36	6458	76	0	6621
354	33	28	5949	77	0	6087
355	24	5446	98	20	0	5588
356	17	31	41	4771	0	4860
357	9	37	3	4813	0	4862
358	12	24	10	4789	0	4835
359	18	8	4978	45	0	5049
360	10	11	4931	32	0	4984
361	4109	8	49	16	0	4182
362	33	7	4857	9	0	4906
363	4370	6	22	13	0	4411
364	26	4857	26	12	0	4921
365	23	31	5	4573	0	4632
366	11	4952	6	20	0	4989
367	4	5079	9	30	0	5122
368	9	38	4929	10	0	4986
369	4	21	21	4665	0	4711
370	5	13	4877	25	0	4920
371	8	6	4612	30	0	4656
372	4366	6	41	9	0	4422
373	22	7	4774	5	0	4808
374	21	5	4618	9	0	4653
375	4245	5	36	9	0	4295
376	17	7	4591	7	0	4622
377	25	10	4772	3	0	4810
378	6	11	35	4393	0	4445
379	7	4833	24	27	0	4891
380	10	25	10	4844	0	4889
381	8	23	12	4755	0	4798
382	4802	10	11	45	0	4868
383	18	4	16	4671	0	4709
384	24	4911	8	35	0	4978
385	4783	22	18	31	0	4854
386	16	27	4870	17	0	4930
387	4378	14	26	24	0	4442
388	23	13	5223	9	0	5268
389	20	12	5441	13	0	5486
390	6	5578	53	14	0	5651
391	5611	28	31	13	0	5683
392	17	5811	14	24	0	5866
393	34	32	5828	22	0	5916
394	15	34	32	5136	0	5217
395	8	6090	34	29	0	6161
396	6101	29	17	25	0	6172
397	6004	35	6	15	0	6060
398	53	6168	23	10	0	6254
399	6247	28	19	8	0	6302
400	31	33	15	5980	0	6059
401	30	6260	22	37	0	6349
402	7	39	16	6351	0	6413
403	6	34	19	6644	0	6703
404	6803	17	16	55	0	6891
405	6637	14	16	38	0	6705
406	6612	9	14	14	0	6649
407	65	21	6670	6	0	6762
408	6364	15	42	7	0	6428
409	41	44	55	6686	0	6826
410	39	10	6855	34	0	6938
411	29	44	6376	41	0	6490
412	9	6394	71	23	0	6497
413	5760	41	64	10	0	5875
414	32	6117	14	8	0	6171
415	37	23	7	5990	0	6057
416	14	33	8	6108	0	6163
417	14	15	6273	47	0	6349
418	12	5	31	5780	0	5828
419	4	6	6363	35	0	6408
420	19	7	6264	31	0	6321
421	12	6401	56	16	0	6485
422	15	21	32	6198	0	6266
423	13	29	13	6126	0	6181
424	6147	9	7	48	0	6211
425	26	3	6176	39	0	6244
426	33	7	26	6255	0	6321
427	6240	7	39	29	0	6315
428	23	9	6506	44	0	6582
429	6111	3	32	9	0	6155
430	6422	11	35	10	0	6478
431	59	12	6639	10	0	6720
432	41	5	31	6331	0	6408
433	16	10	40	6518	0	6584
434	13	7	6832	63	0	6915
435	6373	6	38	47	0	6464
436	6803	3	49	11	0	6866
437	6564	9	18	7	0	6598
438	6602	11	19	11	0	6643
439	6519	5	19	21	0	6564
440	61	19	6510	12	0	6602
441	46	6	6907	19	0	6978
442	18	6898	53	23	0	6992
443	24	26	7013	15	0	7078
444	12	40	40	6736	0	6828
445	27	22	51	5380	0	5480
446	21	14	15	6957	0	7007
447	20	7	19	7073	0	7119
448	22	8	7089	75	0	7194
449	20	6996	34	56	0	7106
450	22	7272	54	20	0	7368
451	22	65	18	6772	0	6877
452	17	7437	17	31	0	7502
453	7245	30	21	46	0	7342
454	7073	46	13	24	0	7156
455	84	7741	14	21	0	7860
456	59	33	19	7644	0	7755
457	23	57	22	7966	0	8068
458	26	13	8083	76	0	8198
459	6865	19	45	65	0	6994
460	7913	12	60	20	0	8005
461	92	8336	15	37	0	8480
462	8368	42	22	23	0	8455
463	71	56	8637	19	0	8783
464	67	8699	55	25	0	8846
465	30	9058	64	26	0	9178
466	25	9077	27	22	0	9151
467	47	106	15	8782	0	8950
468	8786	62	19	58	0	8925
469	69	15	22	9028	0	9134
470	85	18	9432	63	0	9598
471	27	25	69	9310	0	9431
472	32	17	9913	82	0	10044
473	17	16	81	9204	0	9318
474	34	31	77	8669	0	8811
475	24	9807	26	113	0	9970
476	9910	60	28	82	0	10080
477	65	71	28	9475	0	9639
478	86	9891	25	68	0	10070
479	9804	62	27	81	0	9974
480	8849	83	28	33	0	8993
481	9758	32	45	35	0	9870
482	119	9959	26	30	0	10134
483	82	67	9817	43	0	10009
484	27	76	67	9796	0	9966
485	34	51	92	9355	0	9532
486	29	9925	43	128	0	10125
487	32	71	9888	91	0	10082
488	29	68	9852	36	0	9985
489	8810	33	116	21	0	8980
490	63	28	71	9377	0	9539
491	68	15	9844	59	0	9986
492	34	10224	57	71	0	10386
493	43	81	64	9171	0	9359
494	22	10296	20	47	0	10385
495	24	63	9959	63	0	10109
496	8975	62	58	22	0	9117
497	9751	19	70	15	0	9855
498	108	10073	22	30	0	10233
499	64	63	9	9868	0	10004
500	26	66	10005	64	0	10161
501	22	9881	62	80	0	10045
502	9528	49	70	22	0	9669
503	51	9563	18	24	0	9656
504	54	9614	20	19	0	9707
505	31	101	8	9190	0	9330
506	10	9604	13	43	0	9670
507	9412	67	9	56	0	9544
508	54	55	15	9354	0	9478
509	57	21	9273	44	0	9395
510	18	19	9115	55	0	9207
511	16	21	89	8989	0	9115
512	13	9400	51	74	0	9538
513	9370	54	32	43	0	9499
514	51	53	12	9189	0	9305
515	54	16	9326	56	0	9452
516	11	23	46	9116	0	9196
517	17	15	53	9300	0	9385
518	9233	16	16	87	0	9352
519	48	19	19	8848	0	8934
520	59	22	9008	45	0	9134
521	23	15	8930	54	0	9022
522	15	20	86	8903	0	9024
523	15	19	51	9011	0	9096
524	14	23	9203	83	0	9323
525	7535	16	60	70	0	7681
526	49	23	9152	21	0	9245
527	50	9143	55	25	0	9273
528	30	49	51	9064	0	9194
529	25	57	9223	61	0	9366
530	18	24	9097	55	0	9194
531	15	21	88	8723	0	8847
532	8855	22	64	58	0	8999
533	49	31	9177	60	0	9317
534	54	9038	55	33	0	9180
535	9050	52	55	26	0	9183
536	52	53	9318	33	0	9456
537	8542	19	64	22	0	8647
538	9148	12	58	35	0	9253
539	87	9577	30	33	0	9727
540	52	62	11	8616	0	8741
541	23	9264	31	37	0	9355
542	21	47	9033	57	0	9158
543	8424	54	56	27	0	8561
544	9230	31	51	26	0	9338
545	93	25	9384	18	0	9520
546	65	21	9225	26	0	9337
547	22	9521	96	27	0	9666
548	9558	62	64	19	0	9703
549	63	53	37	9375	0	9528
550	69	14	24	8844	0	8951
551	21	9524	25	92	0	9662
552	9140	66	36	52	0	9294
553	69	52	9571	27	0	9719
554	54	29	67	10168	0	10318
555	10121	15	64	82	0	10282
556	95	10327	25	79	0	10526
557	72	88	11805	27	0	11992
558	35	76	12079	15	0	12205
559	32	87	185	10869	0	11173
560	19	12041	95	96	0	12251
561	24	119	12073	78	0	12294
562	25	80	117	11357	0	11579
563	11823	19	82	103	0	12027
564	111	20	12165	81	0	12377
565	77	21	151	11794	0	12043
566	26	6	12494	123	0	12649
567	19	11	12521	90	0	12641
568	19	140	234	11901	0	12294
569	24	18	12464	119	0	12625
570	9621	9	145	113	0	9888
571	111	8	12043	16	0	12178
572	10491	6	130	20	0	10647
573	113	11651	90	16	0	11870
574	11861	103	28	11	0	12003
575	108	12326	16	16	0	12466
576	80	120	17	11983	0	12200
577	19	79	17	12528	0	12643
578	17	20	12425	186	0	12648
579	23	7	12499	86	0	12615
580	10	12	196	12369	0	12587
581	18	12	12695	141	0	12866
582	19	9	151	11668	0	11847
583	8	12456	106	131	0	12701
584	18	12866	45	86	0	13015
585	16	211	34	12543	0	12804
586	14	99	24	12681	0	12818
587	13	37	12659	196	0	12905
588	16	15	139	11799	0	11969
589	14	12385	102	139	0	12640
590	18	12428	45	91	0	12582
591	11	12333	41	46	0	12431
592	20	224	21	10852	0	11117
593	18	11706	48	100	0	11872
594	11327	124	41	100	0	11592
595	124	104	39	11350	0	11617
596	120	21	11467	135	0	11743
597	26	25	161	11158	0	11370
598	25	16	11616	163	0	11820
599	26	35	11688	91	0	11840
600	29	23	11773	59	0	11884
601	23	11411	233	54	0	11721
602	27	165	11678	36	0	11906
603	11288	95	157	46	0	11586
604	11650	34	120	34	0	11838
605	11778	32	66	34	0	11910
606	212	32	49	11612	0	11905
607	11634	32	63	151	0	11880
608	135	11553	72	118	0	11878
609	91	12075	52	98	0	12316
610	11912	210	72	46	0	12240
611	144	114	12183	53	0	12494
612	93	49	164	11848	0	12154
613	48	43	12406	164	0	12661
614	30	45	12442	118	0	12635
615	35	12417	235	73	0	12760
616	23	166	150	11576	0	11915
617	24	123	54	12378	0	12579
618	12160	52	56	231	0	12499
619	138	12528	62	153	0	12881
620	113	12803	61	75	0	13052
621	66	223	12585	75	0	12949
622	41	12866	179	47	0	13133
623	12326	181	133	52	0	12692
624	12316	141	74	54	0	12585
625	219	81	12810	63	0	13173
626	116	48	12878	79	0	13121
627	47	63	284	11841	0	12235
628	32	49	186	12094	0	12361
629	29	12450	106	287	0	12872
630	36	172	99	12388	0	12695
631	55	120	93	12290	0	12558
632	42	12572	67	263	0	12944
633	61	162	89	12518	0	12830
634	62	134	81	12117	0	12394
635	43	12284	83	249	0	12659
636	55	170	12262	149	0	12636
637	63	118	202	12395	0	12778
638	12524	73	147	182	0	12926
639	12313	54	98	123	0	12588
640	250	68	12284	70	0	12672
641	11799	73	185	69	0	12126
642	12193	91	135	54	0	12473
643	228	12259	83	78	0	12648
644	137	164	11853	79	0	12233
645	59	132	11992	83	0	12266
646	50	114	247	12091	0	12502
647	12559	38	160	197	0	12954
648	13098	59	118	115	0	13390
649	218	64	71	13797	0	14150
650	15302	65	71	180	0	15618
651	15645	69	68	139	0	15921
652	14945	73	72	91	0	15181
653	304	76	15917	70	0	16367
654	153	42	15776	58	0	16029
655	14780	43	249	56	0	15128
656	178	62	15623	62	0	15925
657	81	14043	103	25	0	14252
658	84	149	159	13393	0	13785
659	19	90	14500	81	0	14690
660	14	26	14250	75	0	14365
661	18	75	149	13483	0	13725
662	24	24	14258	87	0	14393
663	22	15	13800	96	0	13933
664	11	13118	126	22	0	13277
665	13	13565	69	11	0	13658
666	13300	113	16	10	0	13439
667	63	61	12	13206	0	13342
668	13159	14	20	65	0	13258
669	66	10	13467	65	0	13608
670	71	11	63	12990	0	13135
671	25	11	67	13335	0	13438
672	12509	6	24	121	0	12660
673	65	13337	17	92	0	13511
674	109	67	12772	12	0	12960
675	19	64	12987	15	0	13085
676	9	13162	116	26	0	13313
677	20	57	12868	6	0	12951
678	6	13085	69	17	0	13177
679	9	12590	54	16	0	12669
680	22	96	12114	32	0	12264
681	10594	69	70	6	0	10739
682	51	9	55	12330	0	12445
683	50	12917	14	51	0	13032
684	17	47	7	12621	0	12692
685	12725	43	13	55	0	12836
686	12809	5	10	43	0	12867
687	12704	3	16	19	0	12742
688	93	6	12724	14	0	12837
689	57	3	61	11932	0	12053
690	9	12920	54	64	0	13047
691	13278	53	24	50	0	13405
692	60	44	21	13271	0	13396
693	51	12	18	13296	0	13377
694	13	10	21	13593	0	13637
695	11	12	13180	100	0	13303
696	11325	19	58	84	0	11486
697	64	13405	64	12	0	13545
698	61	55	24	13101	0	13241
699	24	52	18	13293	0	13387
700	12332	10	31	104	0	12477
701	70	13	13249	56	0	13388
702	62	20	13355	18	0	13455
703	25	13058	119	24	0	13226
704	29	61	13439	22	0	13551
705	10882	58	97	24	0	11061
706	58	13493	86	46	0	13683
707	56	77	13540	16	0	13689
708	10645	65	120	34	0	10864
709	68	23	13699	24	0	13814
710	65	13658	87	18	0	13828
711	30	64	74	13464	0	13632
712	32	61	38	13774	0	13905
713	30	21	13649	125	0	13825
714	34	25	13546	76	0	13681
715	26	13327	140	38	0	13531
716	12787	72	85	30	0	12974
717	72	13607	50	46	0	13775
718	81	80	39	13166	0	13366
719	39	78	13385	82	0	13584
720	11222	33	106	76	0	11437
721	77	39	100	12944	0	13160
722	78	13166	59	66	0	13369
723	31	13525	54	80	0	13690
724	27	126	64	13267	0	13484
725	40	83	40	13562	0	13725
726	13162	42	47	123	0	13374
727	79	39	42	13674	0	13834
728	80	35	13687	118	0	13920
729	12660	32	99	100	0	12891
730	13625	24	102	50	0	13801
731	144	25	13957	41	0	14167
732	12788	35	126	32	0	12981
733	90	43	107	14233	0	14473
734	103	47	35	14350	0	14535
735	38	45	32	14401	0	14516
736	48	31	42	13718	0	13839
737	35	14199	48	166	0	14448
738	14210	99	52	105	0	14466
739	14475	106	46	44	0	14671
740	179	48	15397	44	0	15668
741	15228	49	101	43	0	15421
742	16269	35	115	43	0	16462
743	16647	35	42	38	0	16762
744	17139	33	43	38	0	17253
745	210	17114	58	57	0	17439
746	127	149	28	16412	0	16716
747	50	118	16628	110	0	16906
748	107	53	15979	116	0	16255
749	13161	165	348	90	0	13764
750	13402	70	152	18	0	13642
751	144	13203	23	11	0	13381
752	13169	61	21	15	0	13266
753	75	13258	12	17	0	13362
754	82	75	24	12888	0	13069
755	13442	74	11	78	0	13605
756	13326	15	9	75	0	13425
757	13129	14	9	23	0	13175
758	142	13189	13	15	0	13359
759	13084	67	16	22	0	13189
760	84	76	10	13142	0	13312
761	13353	19	20	76	0	13468
762	92	9	13210	79	0	13390
763	109	13421	73	20	0	13623
764	13279	69	82	12	0	13442
765	90	90	13717	19	0	13916
766	105	19	64	13351	0	13539
767	29	25	14044	75	0	14173
768	40	12	14007	87	0	14146
769	32	31	143	13497	0	13703
770	44	21	14338	81	0	14484
771	38	11	80	13949	0	14078
772	43	14	87	14154	0	14298
773	14133	16	20	148	0	14317
774	94	14612	22	109	0	14837
775	119	15075	24	24	0	15242
776	37	15293	23	26	0	15379
777	75	183	14917	23	0	15198
778	40	118	95	14672	0	14925
779	25	30	15455	106	0	15616
780	13718	16	122	116	0	13972
781	14866	18	128	29	0	15041
782	163	15536	39	62	0	15800
783	131	82	28	14760	0	15001
784	35	15704	36	89	0	15864
785	15502	90	30	113	0	15735
786	102	108	25	15379	0	15614
787	124	56	15590	97	0	15867
788	47	15420	84	122	0	15673
789	57	99	15657	27	0	15840
790	38	112	100	15123	0	15373
791	29	42	15508	104	0	15683
792	14031	22	116	130	0	14299
793	117	32	15891	44	0	16084
794	125	15868	110	47	0	16150
795	46	102	126	15532	0	15806
796	50	114	39	15907	0	16110
797	15832	40	21	194	0	16087
798	15785	42	41	121	0	15989
799	187	15850	40	50	0	16127
800	142	105	15775	34	0	16056
801	61	122	15689	30	0	15902
802	15068	37	209	61	0	15375
803	127	34	16017	39	0	16217
804	152	43	15585	38	0	15818
805	78	38	15777	45	0	15938
806	67	47	15631	57	0	15802
807	46	15659	205	48	0	15958
808	15647	107	145	49	0	15948
809	141	154	62	15205	0	15562
810	15412	52	62	107	0	15633
811	146	15333	56	120	0	15655
812	15179	110	67	51	0	15407
813	121	15950	71	46	0	16188
814	160	104	62	15317	0	15643
815	69	16515	80	100	0	16764
816	80	116	16121	118	0	16435
817	73	16747	155	45	0	17020
818	74	125	151	17768	0	18118
819	17907	151	67	143	0	18268
820	160	59	67	17956	0	18242
821	200	61	18045	140	0	18446
822	78	53	149	16792	0	17072
823	71	18077	179	140	0	18467
824	76	147	18020	166	0	18409
825	17233	166	155	51	0	17605
826	159	72	180	18392	0	18803
827	18382	67	76	147	0	18672
828	18005	53	74	178	0	18310
829	234	18530	86	73	0	18923
830	18349	146	76	75	0	18646
831	18157	172	71	66	0	18466
832	237	18558	87	69	0	18951
833	166	127	77	18362	0	18732
834	70	154	84	18003	0	18311
835	57	18565	92	229	0	18943
836	54	165	75	18847	0	19141
837	61	161	18766	161	0	19149
838	82	118	157	18310	0	18667
839	90	68	18504	187	0	18849
840	91	50	17106	183	0	17430
841	70	17140	244	80	0	17534
842	68	16846	167	72	0	17153
843	66	17102	94	57	0	17319
844	104	232	77	16058	0	16471
845	51	150	16413	124	0	16738
846	15045	37	140	127	0	15349
847	116	44	130	16478	0	16768
848	136	43	16632	118	0	16929
849	48	38	16609	137	0	16832
850	48	16721	210	63	0	17042
851	69	148	130	16235	0	16582
852	15857	139	59	94	0	16149
853	104	16196	46	149	0	16495
854	118	16108	48	62	0	16336
855	47	16048	44	61	0	16200
856	34	210	69	15523	0	15836
857	26	16553	78	122	0	16779
858	38	125	56	17453	0	17672
859	23	146	66	17703	0	17938
860	35	54	17540	277	0	17906
861	13807	40	201	242	0	14290
862	140	67	17993	58	0	18258
863	168	76	157	17398	0	17799
864	54	67	18106	164	0	18391
865	35	17651	177	175	0	18038
866	17421	195	180	51	0	17847
867	163	223	70	16752	0	17208
868	157	47	53	17165	0	17422
869	17211	40	56	277	0	17584
870	16871	49	57	180	0	17157
871	17296	56	48	59	0	17459
872	288	57	17163	56	0	17564
873	15157	40	151	63	0	15411
874	135	16852	162	35	0	17184
875	141	16718	44	50	0	16953
876	40	266	55	15988	0	16349
877	36	192	35	15257	0	15520
878	43	16001	34	267	0	16345
879	37	160	31	15859	0	16087
880	15000	159	34	168	0	15361
881	149	55	15850	171	0	16225
882	165	15745	148	64	0	16122
883	14615	157	168	56	0	14996
884	111	15508	59	70	0	15748
885	141	166	15399	86	0	15792
886	49	180	143	15010	0	15382
887	57	73	15655	167	0	15952
888	44	15334	165	180	0	15723
889	64	153	155	15058	0	15430
890	61	171	15280	166	0	15678
891	62	81	15325	157	0	15625
892	72	68	260	14675	0	15075
893	14922	64	178	167	0	15331
894	14837	64	54	170	0	15125
895	14953	56	49	84	0	15142
896	280	67	15378	87	0	15812
897	166	15357	166	80	0	15769
898	52	151	173	15019	0	15395
899	57	169	78	14192	0	14496
900	51	15314	75	264	0	15704
901	15051	166	62	193	0	15472
902	164	182	64	15367	0	15777
903	182	92	15464	167	0	15905
904	63	15472	170	203	0	15908
905	14695	184	166	82	0	15127
906	140	15406	78	101	0	15725
907	156	175	98	14855	0	15284
908	71	174	89	15075	0	15409
909	74	77	101	14911	0	15163
910	80	95	15143	296	0	15614
911	69	80	192	13981	0	14322
912	70	14832	218	196	0	15316
913	70	14502	104	196	0	14872
914	88	290	13910	120	0	14408
915	12905	182	163	105	0	13355
916	13668	95	190	101	0	14054
917	272	13760	69	117	0	14218
918	12353	135	127	91	0	12706
919	12164	144	64	82	0	12454
920	241	12625	87	127	0	13080
921	175	147	79	12624	0	13025
922	121	153	13319	166	0	13759
923	102	106	12751	170	0	13129
924	12459	103	258	102	0	12922
925	167	13253	167	99	0	13686
926	164	181	74	13141	0	13560
927	84	162	61	13298	0	13605
928	92	81	61	13287	0	13521
929	12902	80	70	271	0	13323
930	194	83	75	13072	0	13424
931	186	70	66	12908	0	13230
932	95	80	12419	263	0	12857
933	10916	72	157	175	0	11320
934	173	12274	165	89	0	12701
935	11986	141	61	75	0	12263
936	138	11964	77	72	0	12251
937	126	171	70	11360	0	11727
938	11859	144	69	169	0	12241
939	11848	79	84	161	0	12172
940	212	79	11895	81	0	12267
941	11579	43	152	95	0	11869
942	157	74	12281	68	0	12580
943	152	75	11736	54	0	12017
944	83	75	11788	71	0	12017
945	75	61	12679	65	0	12880
946	51	109	245	12477	0	12882
947	67	60	13020	160	0	13307
948	66	56	153	12718	0	12993
949	12824	66	165	144	0	13199
950	157	55	63	12739	0	13014
951	12278	47	66	179	0	12570
952	125	12764	92	187	0	13168
953	146	193	57	12597	0	12993
954	80	156	12342	193	0	12771
955	60	13078	155	213	0	13506
956	101	222	144	12511	0	12978
957	66	128	12732	171	0	13097
958	51	12306	130	127	0	12614
959	42	12190	100	59	0	12391
960	84	207	11896	51	0	12238
961	45	180	118	11263	0	11606
962	27	33	11595	124	0	11779
963	10623	11	106	97	0	10837
964	11099	12	112	32	0	11255
965	176	11177	35	17	0	11405
966	11236	99	14	19	0	11368
967	110	111	34	11129	0	11384
968	113	25	11104	98	0	11340
969	10233	13	111	116	0	10473
970	107	14	11039	38	0	11198
971	104	10902	117	26	0	11149
972	11074	105	104	17	0	11300
973	102	101	22	10869	0	11094
974	109	19	11045	99	0	11272
975	10717	7	107	107	0	10938
976	10827	13	105	18	0	10963
977	10904	13	16	22	0	10955
978	201	4	18	10821	0	11044
979	105	13	15	11022	0	11155
980	35	18	11015	208	0	11276
981	15	10849	113	119	0	11096
982	12	110	117	10562	0	10801
983	11	109	22	10942	0	11084
984	15	30	10922	204	0	11171
985	19	15	10855	161	0	11050
986	22	14	217	10701	0	10954
987	10455	19	126	119	0	10719
988	113	10763	31	127	0	11034
989	10717	107	27	31	0	10882
990	113	10775	39	36	0	10963
991	126	110	10627	37	0	10900
992	37	116	10769	25	0	10947
993	10049	38	227	18	0	10332
994	11301	23	125	34	0	11483
995	229	11450	40	47	0	11766
996	145	116	11002	61	0	11324
997	46	127	138	10733	0	11044
998	41	31	148	10334	0	10554
999	46	10967	43	236	0	11292
1000	38	121	36	10966	0	11161
1001	45	154	11020	141	0	11360
1002	10469	29	140	154	0	10792
1003	10739	31	164	50	0	10984
1004	10823	34	38	43	0	10938
1005	10953	26	38	39	0	11056
1006	264	41	10710	33	0	11048
1007	10429	23	148	48	0	10648
1008	159	27	10772	41	0	10999
1009	169	10589	167	31	0	10956
1010	63	122	171	10514	0	10870
1011	10684	147	54	122	0	11007
1012	158	32	61	11071	0	11322
1013	166	33	11090	149	0	11438
1014	10935	26	169	165	0	11295
1015	11222	28	168	57	0	11475
1016	284	32	55	11064	0	11435
1017	197	37	53	11201	0	11488
1018	75	43	11148	292	0	11558
1019	48	11195	166	195	0	11604
1020	10751	141	188	69	0	11149
1021	167	157	10456	43	0	10823
1022	9734	34	149	47	0	9964
1023	168	10082	167	45	0	10462
1024	9787	126	58	34	0	10005
1025	169	9721	42	47	0	9979
1026	182	9719	53	39	0	9993
1027	77	261	48	9517	0	9903
1028	60	153	45	9694	0	9952
1029	63	41	49	9791	0	9944
1030	62	34	49	9831	0	9976
1031	60	39	9602	262	0	9963
1032	9245	34	141	187	0	9607
1033	9652	25	160	60	0	9897
1034	9882	39	62	59	0	10042
1035	280	26	50	9579	0	9935
1036	195	26	54	9748	0	10023
1037	9714	26	50	261	0	10051
1038	9752	30	48	174	0	10004
1039	9800	32	43	67	0	9942
1040	281	29	49	9400	0	9759
1041	194	42	49	9202	0	9487
1042	89	31	8983	248	0	9351
1043	71	31	8872	173	0	9147
1044	63	8778	251	60	0	9152
1045	7298	242	280	132	0	7952
1046	7190	104	86	52	0	7432
1047	7234	28	53	43	0	7358
1048	183	38	7276	77	0	7574
1049	7142	34	90	38	0	7304
1050	7261	26	107	34	0	7428
1051	7341	25	36	38	0	7440
1052	199	19	38	7132	0	7388
1053	151	17	37	7134	0	7339
1054	68	22	36	7105	0	7231
1055	69	21	6562	170	0	6822
1056	5894	12	75	121	0	6102
1057	103	6298	107	43	0	6551
1058	5362	49	22	30	0	5463
1059	73	5385	19	34	0	5511
1060	89	5409	20	34	0	5552
1061	61	101	51	5298	0	5511
1062	52	84	49	5106	0	5291
1063	41	5225	19	104	0	5389
1064	5104	46	20	70	0	5240
1065	5078	60	8	30	0	5176
1066	98	22	20	5019	0	5159
1067	78	20	5101	57	0	5256
1068	42	11	5008	70	0	5131
1069	47	15	5212	23	0	5297
1070	46	19	5084	23	0	5172
1071	4733	20	107	23	0	4883
1072	4776	2	67	19	0	4864
1073	94	9	25	4711	0	4839
1074	79	6	4713	37	0	4835
1075	31	37	46	4694	0	4808
1076	29	4980	60	45	0	5114
1077	36	5405	17	68	0	5526
1078	5404	88	16	23	0	5531
1079	5333	76	12	20	0	5441
1080	5400	20	10	26	0	5456
1081	103	18	11	5277	0	5409
1082	77	14	7	5399	0	5497
1083	21	23	14	5471	0	5529
1084	23	13	9	5440	0	5485
1085	26	13	5393	97	0	5529
1086	27	9	36	5337	0	5409
1087	5563	4	60	44	0	5671
1088	46	12	21	5611	0	5690
1089	79	11	14	5659	0	5763
1090	25	20	17	5637	0	5699
1091	22	5549	23	109	0	5703
1092	17	5523	19	86	0	5645
1093	16	5548	13	33	0	5610
1094	30	86	13	4806	0	4935
1095	17	46	5	4850	0	4918
1096	4839	8	5	73	0	4925
1097	4815	4	6	66	0	4891
1098	4886	6	11	16	0	4919
1099	71	11	9	4879	0	4970
1100	55	11	5	4790	0	4861
1101	20	4924	7	67	0	5018
1102	18	5003	0	53	0	5074
1103	4968	61	7	12	0	5048
1104	40	50	4	4941	0	5035
1105	5041	8	4	36	0	5089
1106	5122	7	3	58	0	5190
1107	70	8	4	4999	0	5081
1108	47	5350	7	41	0	5445
1109	5308	28	7	53	0	5396
1110	5397	37	7	18	0	5459
1111	71	6	5650	19	0	5746
1112	5200	7	17	18	0	5242
1113	25	5422	35	11	0	5493
1114	38	15	9	5476	0	5538
1115	6284	33	3	30	0	6350
1116	35	5	4	6322	0	6366
1117	51	15	4	6241	0	6311
1118	13	6376	4	71	0	6464
1119	6264	23	3	48	0	6338
1120	6308	44	3	15	0	6370
1121	64	6358	4	15	0	6441
1122	47	6645	1	8	0	6701
1123	6608	59	11	8	0	6686
1124	6526	40	3	8	0	6577
1125	72	8	6477	15	0	6572
1126	50	15	6229	9	0	6303
1127	11	10	6699	9	0	6729
1128	16	4	63	6629	0	6712
1129	9	3	42	6830	0	6884
1130	14	6	6838	71	0	6929
1131	6495	9	23	50	0	6577
1132	6990	5	39	10	0	7044
1133	7085	6	4	9	0	7104
1134	6978	7	4	11	0	7000
1135	71	8	7730	9	0	7818
1136	7675	7	24	11	0	7717
1137	7966	7	71	9	0	8053
1138	7933	3	10	9	0	7955
1139	7995	7	7	14	0	8023
1140	7967	11	14	15	0	8007
1141	83	6	8247	26	0	8362
1142	50	8374	26	25	0	8475
1143	12	28	49	8366	0	8455
1144	15	48	8	8473	0	8544
1145	22	20	8449	73	0	8564
1146	7589	11	26	51	0	7677
1147	41	7	42	8315	0	8405
1148	57	16	8588	34	0	8695
1149	30	19	8414	60	0	8523
1150	24	8910	70	10	0	9014
1151	21	30	47	9054	0	9152
1152	20	45	8	9115	0	9188
1153	13	12	13	9094	0	9132
1154	9118	9	11	76	0	9214
1155	41	13	7	9128	0	9189
1156	59	17	9053	41	0	9170
1157	28	19	8581	65	0	8693
1158	32	12	9663	15	0	9722
1159	32	10	72	9683	0	9797
1160	10008	14	49	36	0	10107
1161	42	17	10173	51	0	10283
1162	9727	10	34	17	0	9788
1163	11740	8	53	41	0	11842
1164	92	1	21	11997	0	12111
1165	64	7	14	12154	0	12239
1166	26	12399	15	81	0	12521
1167	34	33	12314	60	0	12441
1168	11629	53	30	23	0	11735
1169	45	16	50	12647	0	12758
1170	62	12819	23	47	0	12951
1171	26	44	10	12963	0	13043
1172	37	58	13032	51	0	13178
1173	33	15	40	12649	0	12737
1174	24	13035	70	40	0	13169
1175	20	37	19	12860	0	12936
1176	12803	42	20	53	0	12918
1177	42	8	14	12672	0	12736
1178	55	12680	18	66	0	12819
1179	7	12899	22	77	0	13005
1180	12257	70	18	24	0	12369
1181	60	53	13014	18	0	13145
1182	59	11	45	12782	0	12897
1183	19	19	53	13381	0	13472
1184	26	17	13701	89	0	13833
1185	21	13765	54	80	0	13920
1186	29	51	13803	23	0	13906
1187	20	68	40	13138	0	13266
1188	19	14143	53	43	0	14258
1189	14335	33	17	50	0	14435
1190	37	14529	21	24	0	14611
1191	37	14859	18	19	0	14933
1192	14911	58	29	17	0	15015
1193	15321	35	11	32	0	15399
1194	15657	5	8	23	0	15693
1195	64	7	13	15672	0	15756
1196	41	18	15860	54	0	15973
1197	14776	11	33	51	0	14871
1198	16316	8	37	17	0	16378
1199	72	6	11	17095	0	17184
1200	52	20	17316	69	0	17457
1201	9	17273	44	72	0	17398
1202	17106	40	60	24	0	17230
1203	17636	55	5	25	0	17721
1204	87	18371	21	19	0	18498
1205	58	18729	15	15	0	18817
1206	18592	96	14	20	0	18722
1207	18382	56	16	13	0	18467
1208	18256	10	29	17	0	18312
1209	95	9	9	18281	0	18394
1210	79	16	18879	53	0	19027
1211	24	14	55	18275	0	18368
1212	22	16	18819	58	0	18915
1213	14	18582	55	90	0	18741
1214	19	18606	61	25	0	18711
1215	27	78	12	17383	0	17500
1216	16	45	5	17943	0	18009
1217	13	10	8	17496	0	17527
1218	12	18122	20	79	0	18233
1219	17723	37	10	49	0	17819
1220	17269	49	12	19	0	17349
1221	74	18362	20	52	0	18508
1222	54	44	5	17818	0	17921
1223	17	18174	7	39	0	18237
1224	25	44	6	17874	0	17949
1225	18	18307	8	56	0	18389
1226	18165	47	11	53	0	18276
1227	46	53	6	18080	0	18185
1228	73	18	18050	41	0	18182
1229	17075	12	38	62	0	17187
1230	17800	18	46	24	0	17888
1231	86	23	18069	30	0	18208
1232	61	20	44	17766	0	17891
1233	33	23	18429	55	0	18540
1234	15	20	42	18197	0	18274
1235	21	16	17901	67	0	18005
1236	16332	19	49	62	0	16462
1237	49	15	51	17462	0	17577
1238	60	17823	26	55	0	17964
1239	18137	57	11	66	0	18271
1240	46	87	14	18303	0	18450
1241	59	28	11	18215	0	18313
1242	35	26	18125	107	0	18293
1243	21	27	37	18320	0	18405
1244	32	29	19184	76	0	19321
1245	40	36	19689	96	0	19861
1246	37	19	119	19906	0	20081
1247	47	30	21747	79	0	21903
1248	19752	23	108	109	0	19992
1249	24476	35	95	29	0	24635
1250	24679	53	21	26	0	24779
1251	287	27871	30	62	0	28250
1252	190	184	23	27678	0	28075
1253	70	254	24	25254	0	25602
1254	58	28582	25	313	0	28978
1255	27938	181	31	195	0	28345
1256	198	194	34	27603	0	28029
1257	232	58	29085	220	0	29595
1258	78	38	27924	223	0	28263
1259	44	27624	360	127	0	28155
1260	27525	191	225	53	0	27994
1261	215	219	27879	76	0	28389
1262	24125	61	226	75	0	24487
1263	185	24572	237	112	0	25106
1264	210	187	26199	74	0	26670
1265	81	204	26338	45	0	26668
1266	83	70	26738	47	0	26938
1267	65	25703	383	82	0	26233
1268	120	217	26095	64	0	26496
1269	24680	228	211	67	0	25186
1270	201	63	219	25247	0	25730
1271	204	43	58	26378	0	26683
1272	58	48	37	26653	0	26796
1273	47	54	43	26757	0	26901
1274	68	55	26674	384	0	27181
1275	61	35	197	26166	0	26459
1276	50	35	229	26305	0	26619
1277	26247	34	72	381	0	26734
1278	26331	38	56	253	0	26678
1279	25405	33	88	86	0	25612
1280	377	47	26419	69	0	26912
1281	234	27167	220	79	0	27700
1282	74	27664	231	91	0	28060
1283	25113	396	85	65	0	25659
1284	205	27117	78	78	0	27478
1285	226	232	69	26490	0	27017
1286	68	249	62	27015	0	27394
1287	79	70	27010	420	0	27579
1288	70	26319	242	298	0	26929
1289	81	223	26342	97	0	26743
1290	24898	237	267	92	0	25494
1291	25932	57	268	106	0	26363
1292	425	36	98	25981	0	26540
1293	265	55	98	25469	0	25887
1294	90	44	80	25543	0	25757
1295	83	32	79	25599	0	25793
1296	85	57	25512	465	0	26119
1297	90	85	254	24802	0	25231
1298	76	45	25364	286	0	25771
1299	70	36	24294	275	0	24675
1300	57	24283	439	104	0	24883
1301	24066	220	292	69	0	24647
1302	204	25093	123	84	0	25504
1303	288	266	83	23214	0	23851
1304	105	250	25345	236	0	25936
1305	23543	60	277	274	0	24154
1306	279	58	25322	83	0	25742
1307	24650	54	344	66	0	25114
1308	24927	46	295	85	0	25353
1309	471	53	114	25592	0	26230
1310	313	45	71	25213	0	25642
1311	94	46	88	25515	0	25743
1312	112	62	25049	540	0	25763
1313	23481	68	283	348	0	24180
1314	307	24678	295	166	0	25446
1315	321	259	126	24013	0	24719
1316	24874	305	91	318	0	25588
1317	25002	99	98	327	0	25526
1318	25069	85	102	144	0	25400
1319	583	142	24625	105	0	25455
1320	24602	118	303	144	0	25167
1321	24705	148	321	156	0	25330
1322	572	102	24179	171	0	25024
1323	376	121	25542	119	0	26158
1324	172	104	616	24904	0	25796
1325	142	111	25938	345	0	26536
1326	110	24990	484	367	0	25951
1327	133	25781	473	132	0	26519
1328	24865	561	221	101	0	25748
1329	352	25931	187	137	0	26607
1330	381	298	217	25616	0	26512
1331	24583	344	203	343	0	25473
1332	303	25779	184	440	0	26706
1333	343	329	194	25455	0	26321
1334	108	344	210	25775	0	26437
1335	121	113	25443	691	0	26368
1336	137	85	388	25155	0	25765
1337	143	122	25553	467	0	26285
1338	144	72	25210	471	0	25897
1339	176	78	570	24263	0	25087
1340	152	69	372	24774	0	25367
1341	24490	65	144	701	0	25400
1342	345	26900	156	498	0	27899
1343	389	340	149	26032	0	26910
1344	176	611	137	26095	0	27019
1345	24769	105	117	741	0	25732
1346	409	24645	107	524	0	25685
1347	426	23191	113	200	0	23930
1348	144	22289	115	124	0	22672
1349	77	19757	110	107	0	20051
1350	16386	420	619	61	0	17486
1351	15902	225	81	60	0	16268
1352	15597	63	44	67	0	15771
1353	15653	42	29	54	0	15778
1354	383	44	34	15304	0	15765
1355	243	61	15198	202	0	15704
1356	77	15045	189	248	0	15559
1357	59	181	219	14752	0	15211
1358	90	205	14933	190	0	15418
1359	57	72	194	14749	0	15072
1360	69	31	223	14780	0	15103
1361	60	46	14801	377	0	15284
1362	57	39	195	14619	0	14910
1363	51	38	237	14261	0	14587
1364	14788	47	70	389	0	15294
1365	14422	41	50	276	0	14789
1366	14431	42	59	92	0	14624
1367	14444	47	38	91	0	14620
1368	413	50	42	14110	0	14615
1369	268	53	43	14128	0	14492
1370	87	49	43	14315	0	14494
1371	13908	42	53	421	0	14424
1372	234	53	52	14060	0	14399
1373	270	50	37	14023	0	14380
1374	111	61	13624	420	0	14216
1375	95	105	191	12934	0	13325
1376	87	13321	235	249	0	13892
1377	98	13701	66	287	0	14152
1378	13076	359	55	95	0	13585
1379	252	240	13182	109	0	13783
1380	246	12735	177	104	0	13262
1381	12143	173	295	89	0	12700
1382	194	213	55	12285	0	12747
1383	223	77	12220	241	0	12761
1384	107	103	184	11250	0	11644
1385	68	12508	207	218	0	13001
1386	12289	176	64	231	0	12760
1387	174	12772	80	126	0	13152
1388	12590	199	57	95	0	12941
1389	12688	199	42	106	0	13035
1390	365	73	53	12555	0	13046
1391	259	54	37	11936	0	12286
1392	97	12621	45	390	0	13153
1393	12665	181	44	256	0	13146
1394	225	215	12628	119	0	13187
1395	12315	69	169	124	0	12677
1396	12244	49	209	99	0	12601
1397	374	55	12052	106	0	12587
1398	225	79	164	11434	0	11902
1399	11675	49	195	226	0	12145
1400	206	53	11733	232	0	12224
1401	230	40	11300	114	0	11684
1402	10229	64	315	84	0	10692
1403	176	10579	204	100	0	11059
1404	204	9820	62	78	0	10164
1405	155	303	78	9433	0	9969
1406	96	200	9550	156	0	10002
1407	8700	79	145	209	0	9133
1408	165	47	9448	92	0	9752
1409	187	8865	141	68	0	9261
1410	8769	146	179	71	0	9165
1411	146	188	52	8650	0	9036
1412	8916	50	37	164	0	9167
1413	175	55	8751	199	0	9180
1414	195	65	148	8184	0	8592
1415	102	8795	157	134	0	9188
1416	72	162	52	8602	0	8888
1417	79	191	44	8718	0	9032
1418	102	70	8701	269	0	9142
1419	102	8480	144	200	0	8926
1420	109	8402	176	77	0	8764
1421	100	226	8143	81	0	8550
1422	7327	159	167	67	0	7720
1423	7633	44	162	63	0	7902
1424	243	45	63	7503	0	7854
1425	7192	38	61	137	0	7428
1426	151	6931	60	158	0	7300
1427	156	7169	62	70	0	7457
1428	7145	197	59	64	0	7465
1429	165	135	56	7124	0	7480
1430	7288	48	48	147	0	7531
1431	7315	32	43	182	0	7572
1432	237	50	45	6928	0	7260
1433	186	57	6950	132	0	7325
1434	6718	45	129	138	0	7030
1435	6820	40	141	63	0	7064
1436	251	63	50	6611	0	6975
1437	160	6766	51	147	0	7124
1438	77	133	39	6776	0	7025
1439	66	128	6701	142	0	7037
1440	66	58	6631	158	0	6913
1441	75	6549	194	76	0	6894
1442	145	119	131	3935	0	4330
1443	38	49	22	3973	0	4082
1444	26	20	4000	76	0	4122
1445	3709	21	39	56	0	3825
1446	4003	18	50	19	0	4090
1447	4011	14	25	14	0	4064
1448	3955	18	16	22	0	4011
1449	97	3908	27	15	0	4047
1450	67	3962	17	27	0	4073
1451	4118	76	16	20	0	4230
1452	53	56	16	4148	0	4273
1453	69	25	18	4104	0	4216
1454	31	4153	19	93	0	4296
1455	35	45	17	4203	0	4300
1456	30	64	20	3977	0	4091
1457	27	4080	19	97	0	4223
1458	30	52	4053	76	0	4211
1459	28	63	46	4071	0	4208
1460	4098	21	58	60	0	4237
1461	4057	16	30	66	0	4169
1462	100	23	4024	28	0	4175
1463	80	25	3935	25	0	4065
1464	38	20	3900	28	0	3986
1465	29	46	91	3703	0	3869
1466	31	14	3878	51	0	3974
1467	32	21	3729	57	0	3839
1468	37	67	87	3446	0	3637
1469	28	3830	62	85	0	4005
1470	35	46	3841	64	0	3986
1471	28	3884	47	27	0	3986
1472	3767	53	57	23	0	3900
1473	49	3834	26	36	0	3945
1474	58	53	31	3643	0	3785
1475	3685	47	18	54	0	3804
1476	51	18	18	3649	0	3736
1477	64	12	17	3748	0	3841
1478	45	16	3768	84	0	3913
1479	33	3584	42	65	0	3724
1480	24	3647	56	26	0	3753
1481	23	85	19	3491	0	3618
1482	23	54	34	3384	0	3495
1483	19	18	18	3399	0	3454
1484	24	14	3323	75	0	3436
1485	13	17	3099	60	0	3189
1486	2617	12	67	30	0	2726
1487	30	16	2940	19	0	3005
1488	44	6	2941	18	0	3009
1489	55	2680	64	16	0	2815
1490	15	59	40	2616	0	2730
1491	16	35	2713	24	0	2788
1492	11	6	26	2597	0	2640
1493	12	10	2811	34	0	2867
1494	10	8	34	2747	0	2799
1495	17	6	2956	34	0	3013
1496	9	8	37	2860	0	2914
1497	14	5	42	2815	0	2876
1498	8	2982	16	68	0	3074
1499	4	29	14	2972	0	3019
1500	8	3052	15	34	0	3109
1501	8	29	10	3098	0	3145
1502	8	40	11	3113	0	3172
1503	3006	18	14	59	0	3097
1504	31	13	10	3038	0	3092
1505	38	10	3023	42	0	3113
1506	17	14	27	3010	0	3068
1507	12	8	43	3045	0	3108
1508	10	4	3006	75	0	3095
1509	14	11	2975	50	0	3050
1510	6	13	55	2813	0	2887
1511	5	11	50	2954	0	3020
1512	7	14	2951	73	0	3045
1513	5	2920	35	48	0	3008
1514	5	2994	48	33	0	3080
1515	2910	51	19	26	0	3006
1516	32	34	19	2972	0	3057
1517	3114	9	18	32	0	3173
1518	2986	14	22	41	0	3063
1519	54	3064	24	17	0	3159
1520	3106	28	22	19	0	3175
1521	3068	31	16	25	0	3140
1522	54	12	3076	23	0	3165
1523	38	13	36	2990	0	3077
1524	10	10	3198	42	0	3260
1525	8	21	37	3143	0	3209
1526	7	8	3222	38	0	3275
1527	4	3055	36	56	0	3151
1528	6	3103	51	18	0	3178
1529	9	53	11	3003	0	3076
1530	2944	37	14	29	0	3024
1531	25	9	8	2923	0	2965
1532	38	10	13	2932	0	2993
1533	10	9	2961	65	0	3045
1534	6	9	2958	54	0	3027
1535	11	7	3050	16	0	3084
1536	1	6	59	2941	0	3007
1537	5	13	44	2809	0	2871
1538	5	3019	18	59	0	3101
1539	5	3113	16	46	0	3180
1540	3026	53	13	17	0	3109
1541	23	3150	12	17	0	3202
1542	35	34	3057	17	0	3143
1543	9	37	30	3028	0	3104
1544	7	12	3281	35	0	3335
1545	2	3275	35	50	0	3362
1546	7	44	52	3229	0	3332
1547	3153	33	10	41	0	3237
1548	23	11	3284	38	0	3356
1549	30	3275	29	22	0	3356
1550	14	30	3286	17	0	3347
1551	7	3212	29	15	0	3263
1552	11	59	31	3049	0	3150
1553	3090	26	8	23	0	3147
1554	3044	8	3	31	0	3086
1555	36	3081	10	13	0	3140
1556	3117	18	6	11	0	3152
1557	21	25	8	3078	0	3132
1558	3104	6	9	29	0	3148
1559	21	11	3121	39	0	3192
1560	35	6	3125	16	0	3182
1561	6	6	48	2927	0	2987
1562	2	5	33	3207	0	3247
1563	7	10	3213	49	0	3279
1564	4	11	25	3157	0	3197
1565	3205	8	31	31	0	3275
1566	3161	8	4	39	0	3212
1567	43	3183	11	16	0	3253
1568	32	3139	10	14	0	3195
1569	2992	42	8	11	0	3053
1570	22	34	12	2901	0	2969
1571	2901	11	10	21	0	2943
1572	22	2885	11	38	0	2956
1573	2917	19	10	12	0	2958
1574	23	28	2875	12	0	2938
1575	25	16	2842	10	0	2893
1576	8	33	45	2777	0	2863
1577	8	9	2868	27	0	2912
1578	8	8	25	2767	0	2808
1579	4	8	28	2757	0	2797
1580	10	11	2878	44	0	2943
1581	11	7	24	2883	0	2925
1582	9	5	24	3099	0	3137
1583	12	9	3162	52	0	3235
1584	13	6	3134	31	0	3184
1585	2959	5	57	10	0	3031
1586	31	14	3176	5	0	3226
1587	3214	19	47	5	0	3285
1588	3508	6	28	9	0	3551
1589	63	7	3642	7	0	3719
1590	36	10	3760	9	0	3815
1591	17	33	59	3520	0	3629
1592	14	8	34	3396	0	3452
1593	10	3582	16	61	0	3669
1594	10	3645	21	48	0	3724
1595	7	61	3528	16	0	3612
1596	3353	30	41	15	0	3439
1597	3477	8	36	11	0	3532
1598	65	12	3486	6	0	3569
1599	35	5	3506	6	0	3552
1600	9	9	68	3279	0	3365
1601	14	3497	33	42	0	3586
1602	11	37	11	3451	0	3510
1603	5	35	16	3515	0	3571
1604	3523	3	10	63	0	3599
1605	3498	4	6	41	0	3549
1606	67	7	11	3580	0	3665
1607	34	8	3606	47	0	3695
1608	3406	7	48	36	0	3497
1609	40	3663	41	15	0	3759
1610	3692	38	12	9	0	3751
1611	3540	30	10	12	0	3592
1612	63	3674	16	12	0	3765
1613	39	3718	11	10	0	3778
1614	16	74	6	3662	0	3758
1615	13	35	14	3649	0	3711
1616	11	3699	13	74	0	3797
1617	14	40	9	3565	0	3628
1618	8	33	13	3610	0	3664
1619	10	6	3616	83	0	3715
1620	3496	4	51	45	0	3596
1621	3657	10	40	17	0	3724
1622	3693	10	11	8	0	3722
1623	84	3	15	3567	0	3669
1624	3479	2	13	52	0	3546
1625	57	3457	14	30	0	3558
1626	42	50	6	3112	0	3210
1627	8	3334	16	40	0	3398
1628	14	3426	15	30	0	3485
1629	3388	64	7	9	0	3468
1630	3396	27	13	8	0	3444
1631	3390	4	11	6	0	3411
1632	3381	6	9	13	0	3409
1633	3377	7	7	8	0	3399
1634	73	8	3384	7	0	3472
1635	3334	4	48	14	0	3400
1636	48	7	3509	13	0	3577
1637	3360	6	46	14	0	3426
1638	3380	4	32	15	0	3431
1639	3346	5	15	11	0	3377
1640	75	9	3456	7	0	3547
1641	44	11	49	3105	0	3209
1642	25	3482	32	35	0	3574
1643	3510	38	11	29	0	3588
1644	3409	28	14	8	0	3459
1645	69	3451	20	11	0	3551
1646	3495	40	9	16	0	3560
1647	49	32	8	3280	0	3369
1648	37	3479	12	35	0	3563
1649	3425	41	13	37	0	3516
1650	3432	30	12	11	0	3485
1651	83	16	16	3388	0	3503
1652	3445	4	15	48	0	3512
1653	53	8	21	3441	0	3523
1654	40	6	24	3462	0	3532
1655	28	13	3436	74	0	3551
1656	20	21	45	3351	0	3437
1657	23	11	38	3422	0	3494
1658	20	16	3433	72	0	3541
1659	35	17	3427	34	0	3513
1660	24	11	71	3418	0	3524
1661	18	9	3465	52	0	3544
1662	3192	11	46	38	0	3287
1663	50	3531	32	10	0	3623
1664	35	40	13	3451	0	3539
1665	22	36	11	3556	0	3625
1666	25	10	8	3585	0	3628
1667	3576	15	5	60	0	3656
1668	3560	11	13	39	0	3623
1669	3611	9	8	23	0	3651
1670	73	3646	7	23	0	3749
1671	46	48	8	3632	0	3734
1672	21	29	7	3692	0	3749
1673	3663	8	6	64	0	3741
1674	3671	18	8	36	0	3733
1675	72	14	8	3645	0	3739
1676	49	11	3642	45	0	3747
1677	3550	15	35	31	0	3631
1678	3680	15	23	12	0	3730
1679	71	14	3719	14	0	3818
1680	3412	11	40	17	0	3480
1681	44	7	3723	12	0	3786
1682	3461	3	29	13	0	3506
1683	39	59	29	3559	0	3686
1684	41	3806	4	47	0	3898
1685	24	26	3870	41	0	3961
1686	27	3960	30	9	0	4026
1687	13	3722	24	7	0	3766
1688	3540	46	30	35	0	3651
1689	26	23	9	3463	0	3521
1690	22	1	3	3384	0	3410
1691	3576	5	2	36	0	3619
1692	19	3	1	3598	0	3621
1693	20	1	3	3574	0	3598
1694	5	1	1	3592	0	3599
1695	7	2	3	3566	0	3578
1696	6	1	3593	32	0	3632
1697	9	3	3535	21	0	3568
1698	3	3592	29	6	0	3630
1699	3595	16	14	7	0	3632
1700	18	16	0	3664	0	3698
1701	16	3701	7	13	0	3737
1702	3	30	6	3850	0	3889
1703	5	16	1	3905	0	3927
1704	6	2	5	3926	0	3939
1705	8	1	3	3984	0	3996
1706	8	3	2	3926	0	3939
1707	3	3908	6	31	0	3948
1708	6	18	3	3912	0	3939
1709	11	13	3827	25	0	3876
1710	7	3887	16	27	0	3937
1711	10	17	14	3881	0	3922
1712	12	13	3	3871	0	3899
1713	5	3857	4	33	0	3899
1714	6	3915	7	20	0	3948
1715	3796	30	3	15	0	3844
1716	18	3874	1	18	0	3911
1717	3774	10	6	8	0	3798
1718	3726	11	14	15	0	3766
1719	19	3	4092	12	0	4126
1720	17	3	12	3846	0	3878
1721	9	3	4208	15	0	4235
1722	6	4336	13	26	0	4381
1723	8	17	19	4144	0	4188
1724	7	10	5	4368	0	4390
1725	7	3	4	4418	0	4432
1726	4	7	4	4456	0	4471
1727	5	8	4535	25	0	4573
1728	3	2	13	4482	0	4500
1729	10	8	4643	15	0	4676
1730	8	10	4630	17	0	4665
1731	4218	4	26	16	0	4264
1732	4675	5	19	7	0	4706
1733	4769	7	8	15	0	4799
1734	23	4807	8	13	0	4851
1735	17	19	3	4799	0	4838
1736	13	24	5007	24	0	5068
1737	5	5	12	4931	0	4953
1738	8	9	5281	21	0	5319
1739	5058	7	14	22	0	5101
1740	5216	2	20	5	0	5243
1741	5204	5	6	9	0	5224
1742	33	5	5126	11	0	5175
1743	23	8	5172	6	0	5209
1744	11	14	39	5233	0	5297
1745	4	4	15	5361	0	5384
1746	3	2	5	5503	0	5513
1747	7	7	5507	25	0	5546
1748	9	12	5184	23	0	5228
1749	5207	6	33	10	0	5256
1750	13	5	19	5682	0	5719
1751	18	1	5	5707	0	5731
1752	5834	1	4	35	0	5874
1753	18	2	5	5865	0	5890
1754	6354	4	4	31	0	6393
1755	6576	1	10	33	0	6620
1756	6467	3	10	11	0	6491
1757	30	6	6796	16	0	6848
1758	24	6833	20	18	0	6895
1759	7084	12	20	9	0	7125
1760	19	24	3	7045	0	7091
1761	27	2	7	6964	0	7000
1762	6	7123	9	39	0	7177
1763	7046	14	5	24	0	7089
1764	7142	18	5	14	0	7179
1765	7234	2	4	9	0	7249
1766	33	7488	6	14	0	7541
1767	7903	9	4	18	0	7934
1768	7906	19	9	7	0	7941
1769	7966	5	5	4	0	7980
1770	36	5	4	7801	0	7846
1771	28	3	4	7924	0	7959
1772	12	12	8262	39	0	8325
1773	6	3	13	7995	0	8017
1774	10	3	25	8256	0	8294
1775	12	6	8326	36	0	8380
1776	7623	3	16	30	0	7672
1777	8366	3	22	11	0	8402
1778	35	12	4	8279	0	8330
1779	28	8304	6	18	0	8356
1780	12	8397	6	23	0	8438
1781	9	34	2	8268	0	8313
1782	11	20	8164	19	0	8214
1783	6	3	23	7778	0	7810
1784	6	6	8247	12	0	8271
1785	8	7	8546	19	0	8580
1786	4	2	24	8631	0	8661
1787	8801	2	13	9	0	8825
1788	8697	1	1	18	0	8717
1789	20	14	2	9109	0	9145
1790	16	3	2	9203	0	9224
1791	7	1	3	9290	0	9301
1792	3	5	4	9318	0	9330
1793	9356	1	7	23	0	9387
1794	9212	3	5	19	0	9239
1795	9228	0	5	4	0	9237
1796	24	6	9361	9	0	9400
1797	21	8	6	9125	0	9160
1798	6	6	14	9501	0	9527
1799	9471	1	2	19	0	9493
1800	8	9530	7	18	0	9563
1801	9604	6	3	14	0	9627
1802	9499	12	4	4	0	9519
1803	9504	1	3	5	0	9513
1804	9467	2	5	23	0	9497
1805	32	7	10218	7	0	10264
1806	29	14	9703	7	0	9753
1807	10371	4	19	18	0	10412
1808	10726	2	14	13	0	10755
1809	10657	0	2	16	0	10675
1810	10747	1	6	11	0	10765
1811	29	11	11426	10	0	11476
1812	21	11941	20	23	0	12005
1813	13	17	22	12545	0	12597
1814	13803	27	5	46	0	13881
1815	13993	3	2	38	0	14036
1816	14588	1	7	13	0	14609
1817	14759	3	2	15	0	14779
1818	14798	0	4	12	0	14814
1819	14207	4	16	14	0	14241
1820	99	14	14128	10	0	14251
1821	61	12	14129	7	0	14209
1822	18	17	60	13828	0	13923
1823	17	16	14518	46	0	14597
1824	12	14354	30	53	0	14449
1825	8	15016	49	18	0	15091
1826	15	74	19	15171	0	15279
1827	21	53	16231	36	0	16341
1828	20	14	15622	44	0	15700
1829	15053	15	75	18	0	15161
1830	17219	7	58	11	0	17295
1831	100	10	11	17600	0	17721
1832	17978	4	17	61	0	18060
1833	63	4	10	17908	0	17985
1834	93	10	7	17915	0	18025
1835	28	14	18700	146	0	18888
1836	37	16	18224	90	0	18367
1837	15	7	137	18121	0	18280
1838	21	12	18493	81	0	18607
1839	16702	3	69	100	0	16874
1840	18405	3	89	17	0	18514
1841	152	19417	23	23	0	19615
1842	19483	62	17	25	0	19587
1843	99	93	19425	22	0	19639
1844	18736	8	74	11	0	18829
1845	19477	6	101	22	0	19606
1846	19781	8	17	21	0	19827
1847	178	9	35	19226	0	19448
1848	112	19917	33	76	0	20138
1849	19938	76	15	98	0	20127
1850	19859	95	19	26	0	19999
1851	191	23	21	20015	0	20250
1852	20095	7	18	103	0	20223
1853	110	20645	22	135	0	20912
1854	130	84	16	20303	0	20533
1855	56	123	20169	114	0	20462
1856	16247	12	123	166	0	16548
1857	124	16	20139	48	0	20327
1858	130	24	115	19622	0	19891
1859	37	20109	134	124	0	20404
1860	47	21739	40	136	0	21962
1861	61	240	27	21525	0	21853
1862	59	23033	51	143	0	23286
1863	60	191	35	29088	0	29374
1864	60	192	27	30257	0	30536
1865	71	47	36	30828	0	30982
1866	29346	27	30	593	0	29996
1867	332	29	39	30144	0	30544
1868	337	41	29775	400	0	30553
1869	95	29794	314	341	0	30544
1870	29189	299	276	95	0	29859
1871	365	294	46	29371	0	30076
1872	333	57	28	29791	0	30209
1873	89	43	43	30261	0	30436
1874	107	59	29666	623	0	30455
1875	86	29697	325	378	0	30486
1876	29233	307	288	110	0	29938
1877	360	317	64	27113	0	27854
1878	314	30064	63	330	0	30771
1879	29574	341	87	338	0	30340
1880	362	330	29726	114	0	30532
1881	28495	78	375	106	0	29054
1882	402	83	30473	94	0	31052
1883	361	97	30196	102	0	30756
1884	116	29816	610	149	0	30691
1885	92	350	343	28599	0	29384
1886	137	347	29207	382	0	30073
1887	79	28243	392	408	0	29122
1888	99	358	346	26870	0	27673
1889	83	28365	98	376	0	28922
1890	90	369	28061	398	0	28918
1891	86	331	372	27313	0	28102
1892	108	108	28549	430	0	29195
1893	90	80	393	27744	0	28307
1894	97	91	368	28367	0	28923
1895	113	86	28268	674	0	29141
1896	100	91	389	27894	0	28474
1897	26972	70	360	478	0	27880
1898	375	27639	122	529	0	28665
1899	373	406	27556	242	0	28577
1900	26483	348	404	201	0	27436
1901	428	133	378	25855	0	26794
1902	428	27719	138	396	0	28681
1903	27740	395	138	431	0	28704
1904	27940	375	140	191	0	28646
1905	680	171	102	26720	0	27673
1906	417	98	119	27274	0	27908
1907	136	134	120	27522	0	27912
1908	156	129	111	26844	0	27240
1909	130	26736	161	833	0	27860
1910	137	612	173	24668	0	25590
1911	151	26019	123	521	0	26814
1912	154	25606	134	579	0	26473
1913	120	25539	160	277	0	26096
1914	182	737	23413	237	0	24569
1915	152	24349	443	242	0	25186
1916	22639	483	420	268	0	23810
1917	404	23377	163	385	0	24329
1918	358	422	177	20552	0	21509
1919	161	23506	190	579	0	24436
1920	146	452	157	22956	0	23711
1921	161	442	186	23492	0	24281
1922	171	239	23061	789	0	24260
1923	21502	234	420	577	0	22733
1924	22707	215	390	337	0	23649
1925	22309	221	213	305	0	23048
1926	673	22162	217	420	0	23472
1927	435	433	252	21244	0	22364
1928	213	440	21224	611	0	22488
1929	205	21139	475	560	0	22379
1930	239	581	418	16837	0	18075
1931	154	19946	253	441	0	20794
1932	19720	476	194	402	0	20792
1933	19896	414	208	241	0	20759
1934	20118	234	195	255	0	20802
1935	19701	183	262	217	0	20363
1936	654	178	273	18967	0	20072
1937	392	220	248	18423	0	19283
1938	202	19253	263	653	0	20371
1939	181	446	226	19439	0	20292
1940	163	433	19063	555	0	20214
1941	121	217	456	18574	0	19368
1942	133	236	18437	585	0	19391
1943	142	17924	469	524	0	19059
1944	140	466	18212	318	0	19136
1945	119	432	519	17775	0	18845
1946	159	203	18284	559	0	19205
1947	113	236	476	17908	0	18733
1948	138	219	419	17830	0	18606
1949	202	180	228	17953	0	18563
1950	212	182	191	17900	0	18485
1951	17299	227	158	705	0	18389
1952	402	17511	183	533	0	18629
1953	16951	415	144	329	0	17839
1954	402	406	16647	312	0	17767
1955	16319	233	388	296	0	17236
1956	16722	205	298	282	0	17507
1957	681	203	16412	254	0	17550
1958	555	211	15934	266	0	16966
1959	259	15701	495	281	0	16736
1960	210	14435	285	243	0	15173
1961	329	507	13429	292	0	14557
1962	210	12003	273	284	0	12770
1963	353	393	246	5653	0	6645
1964	5249	52	65	84	0	5450
1965	66	36	14	5125	0	5241
1966	5229	14	12	64	0	5319
1967	5191	22	6	40	0	5259
1968	75	5368	12	42	0	5497
1969	5330	55	8	25	0	5418
1970	5321	30	9	30	0	5390
1971	75	14	6	5272	0	5367
1972	5419	15	5	69	0	5508
1973	57	5488	4	39	0	5588
1974	36	56	7	5438	0	5537
1975	5437	35	9	58	0	5539
1976	59	25	5504	30	0	5618
1977	5308	11	70	18	0	5407
1978	60	18	34	5480	0	5592
1979	37	10	5565	49	0	5661
1980	13	20	5472	31	0	5536
1981	5150	30	93	15	0	5288
1982	5434	7	36	18	0	5495
1983	69	10	10	5397	0	5486
1984	35	5	7	5457	0	5504
1985	10	9	3	5370	0	5392
1986	9	5539	11	69	0	5628
1987	5548	45	13	30	0	5636
1988	51	5621	7	18	0	5697
1989	5573	50	3	9	0	5635
1990	52	27	5577	15	0	5671
1991	30	6	50	5588	0	5674
1992	5761	6	25	56	0	5848
1993	51	9	9	5778	0	5847
1994	36	24	6	5585	0	5651
1995	7	5717	12	70	0	5806
1996	5646	46	9	33	0	5734
1997	47	6042	14	15	0	6118
1998	33	50	9	6066	0	6158
1999	20	36	6063	51	0	6170
2000	5038	6	54	60	0	5158
2001	60	6	5959	31	0	6056
2002	5251	11	63	21	0	5346
2003	58	6095	36	22	0	6211
2004	47	59	5	5626	0	5737
2005	12	6051	4	58	0	6125
2006	6062	55	19	46	0	6182
2007	67	43	12	6026	0	6148
2008	56	9	8	6172	0	6245
2009	28	16	6024	98	0	6166
2010	5290	14	64	60	0	5428
2011	61	7	44	6093	0	6205
2012	59	16	6015	63	0	6153
2013	17	5977	58	55	0	6107
2014	13	51	47	5990	0	6101
2015	6015	50	6	65	0	6136
2016	58	13	12	6079	0	6162
2017	58	8	6140	69	0	6275
2018	6155	8	59	56	0	6278
2019	76	8	52	6400	0	6536
2020	67	10	7117	76	0	7270
2021	14	12	79	7083	0	7188
2022	21	10	68	6861	0	6960
2023	26	7307	13	130	0	7476
2024	7117	87	7	76	0	7287
2025	87	7326	10	25	0	7448
2026	7309	83	12	21	0	7425
2027	91	70	15	6957	0	7133
2028	80	7267	10	83	0	7440
2029	22	82	15	7234	0	7353
2030	25	75	7114	96	0	7310
2031	6693	12	76	85	0	6866
2032	85	18	75	6893	0	7071
2033	90	13	14	6821	0	6938
2034	21	19	6	6903	0	6949
2035	29	15	6680	162	0	6886
2036	19	15	6669	88	0	6791
2037	24	6698	149	34	0	6905
2038	31	95	68	6278	0	6472
2039	6283	67	18	82	0	6450
2040	76	6464	15	79	0	6634
2041	74	77	12	6601	0	6764
2042	6685	70	22	99	0	6876
2043	6539	15	12	81	0	6647
2044	137	6650	19	31	0	6837
2045	6964	75	16	22	0	7077
2046	7351	69	7	25	0	7452
2047	151	18	7	7581	0	7757
2048	95	7717	23	95	0	7930
2049	25	89	13	7932	0	8059
2050	7753	96	12	115	0	7976
2051	110	21	7959	111	0	8201
2052	108	8	102	7838	0	8056
2053	31	22	95	7967	0	8115
2054	30	23	7937	205	0	8195
2055	29	29	100	7882	0	8040
2056	7854	30	93	130	0	8107
2057	7452	23	43	132	0	7650
2058	184	13	22	7805	0	8024
2059	116	17	7845	126	0	8104
2060	29	13	7622	146	0	7810
2061	28	7644	193	78	0	7943
2062	34	7740	129	49	0	7952
2063	40	186	34	7288	0	7548
2064	7262	99	17	122	0	7500
2065	104	7358	30	123	0	7615
2066	7263	94	29	59	0	7445
2067	103	98	36	7218	0	7455
2068	107	28	42	7188	0	7365
2069	6959	31	21	202	0	7213
2070	109	7097	20	129	0	7355
2071	7134	99	17	58	0	7308
2072	124	118	6859	51	0	7152
2073	121	36	6797	42	0	6996
2074	49	20	187	6539	0	6795
2075	46	38	6842	122	0	7048
2076	31	22	6692	130	0	6875
2077	49	35	172	6206	0	6462
2078	43	27	6600	112	0	6782
2079	27	26	114	6317	0	6484
2080	37	16	116	6367	0	6536
2081	31	19	6442	197	0	6689
2082	33	10	115	6221	0	6379
2083	37	23	113	5991	0	6164
2084	34	6121	57	197	0	6409
2085	6065	100	31	135	0	6331
2086	104	100	6127	68	0	6399
2087	98	30	117	6046	0	6291
2088	36	22	107	6108	0	6273
2089	27	29	6027	214	0	6297
2090	5452	28	103	141	0	5724
2091	102	5951	109	70	0	6232
2092	105	107	35	5803	0	6050
2093	47	115	24	5717	0	5903
2094	34	5857	43	211	0	6145
2095	42	97	5839	143	0	6121
2096	27	5921	113	77	0	6138
2097	5565	101	122	47	0	5835
2098	98	98	5585	55	0	5836
2099	104	34	103	5431	0	5672
2100	30	27	5621	124	0	5802
2101	38	35	5566	129	0	5768
2102	32	5478	178	56	0	5744
2103	35	107	125	4995	0	5262
2104	5114	84	42	96	0	5336
2105	5096	40	28	106	0	5270
2106	153	5093	54	46	0	5346
2107	81	83	42	5111	0	5317
2108	5111	79	44	113	0	5347
2109	5169	36	45	99	0	5349
2110	160	5177	37	59	0	5433
2111	5290	90	42	43	0	5465
2112	115	73	27	5070	0	5285
2113	103	5251	36	108	0	5498
2114	35	106	36	5323	0	5500
2115	35	99	29	5304	0	5467
2116	63	72	34	5308	0	5477
2117	39	39	5148	166	0	5392
2118	43	43	4736	97	0	4919
2119	35	4753	137	51	0	4976
2120	3922	72	85	40	0	4119
2121	55	3938	21	49	0	4063
2122	74	59	34	3734	0	3901
2123	27	42	3889	97	0	4055
2124	15	35	66	3750	0	3866
2125	22	16	73	3901	0	4012
2126	19	33	35	3956	0	4043
2127	3876	28	14	107	0	4025
2128	59	27	30	3888	0	4004
2129	59	25	4140	81	0	4305
2130	3932	18	63	81	0	4094
2131	4064	13	71	43	0	4191
2132	4174	13	32	40	0	4259
2133	4173	14	21	51	0	4259
2134	4155	13	24	39	0	4231
2135	103	4118	22	40	0	4283
2136	63	44	26	3861	0	3994
2137	28	4075	29	68	0	4200
2138	4048	55	16	66	0	4185
2139	3999	43	14	30	0	4086
2140	3867	25	12	32	0	3936
2141	114	3759	18	26	0	3917
2142	56	3713	26	20	0	3815
2143	22	3752	16	29	0	3819
2144	39	84	3638	33	0	3794
2145	57	331	57	2869	0	3314
2146	17	2491	25	15	0	2548
2147	2	2241	2	7	0	2252
2148	7	16	2	2223	0	2248
2149	0	10	1	2229	0	2240
2150	2	2	2255	17	0	2276
2151	2114	3	7	11	0	2135
2152	7	0	10	2389	0	2406
2153	13	0	1	2401	0	2415
2154	2	1	2358	22	0	2383
2155	1	6	2310	17	0	2334
2156	0	2447	22	2	0	2471
2157	1	16	14	2444	0	2475
2158	4	10	1	2481	0	2496
2159	1	3	2460	18	0	2482
2160	2224	0	6	11	0	2241
2161	2443	0	10	2	0	2455
2162	17	4	2535	2	0	2558
2163	2418	3	6	2	0	2429
2164	8	2	2575	4	0	2589
2165	2494	3	8	1	0	2506
2166	2567	0	21	3	0	2591
2167	34	2	2648	2	0	2686
2168	13	2	8	2576	0	2599
2169	2	2	13	2698	0	2715
2170	4	1	0	2856	0	2861
2171	2840	2	1	31	0	2874
2172	2798	1	2	21	0	2822
2173	26	0	2970	5	0	3001
2174	20	4	2920	2	0	2946
2175	2973	4	28	10	0	3015
2176	3088	0	18	6	0	3112
2177	30	1	3081	5	0	3117
2178	22	3	3013	2	0	3040
2179	9	2	29	2989	0	3029
2180	7	4	3177	11	0	3199
2181	5	1	12	3047	0	3065
2182	3248	1	27	11	0	3287
2183	15	3	3518	24	0	3560
2184	3343	1	15	5	0	3364
2185	19	1	4084	6	0	4110
2186	31	1	19	4018	0	4069
2187	5	0	33	4250	0	4288
2188	9	0	5	4261	0	4275
2189	9	4366	5	53	0	4433
2190	6	18	6	4186	0	4216
2191	11	34	4	4348	0	4397
2192	4341	3	4	56	0	4404
2193	22	4	4328	37	0	4391
2194	4060	3	19	13	0	4095
2195	28	3	4382	7	0	4420
2196	3694	3	28	11	0	3736
2197	22	4239	41	9	0	4311
2198	42	19	4295	10	0	4366
2199	12	34	4273	10	0	4329
2200	11	9	55	3849	0	3924
2201	6	0	43	4211	0	4260
2202	4	2	4350	55	0	4411
2203	3	1	4317	44	0	4365
2204	5	3	4645	10	0	4663
2205	4628	5	59	8	0	4700
2206	4790	0	45	9	0	4844
2207	4802	2	10	4	0	4818
2208	61	1	9	4720	0	4791
2209	43	2	12	4727	0	4784
2210	12	3	4977	62	0	5054
2211	5	3	28	4824	0	4860
2212	8	1	43	4842	0	4894
2213	4911	5	10	64	0	4990
2214	4864	1	7	53	0	4925
2215	4982	7	7	13	0	5009
2216	64	3	8	4961	0	5036
2217	46	1	16	4963	0	5026
2218	20	2	7	5008	0	5037
2219	4958	3	13	68	0	5042
2220	26	9	11	4736	0	4782
2221	45	4961	16	23	0	5045
2222	20	18	15	4683	0	4736
2223	13	4863	13	27	0	4916
2224	4838	18	19	37	0	4912
2225	4596	37	24	19	0	4676
2226	62	4825	13	24	0	4924
2227	44	4894	18	15	0	4971
2228	17	61	18	4802	0	4898
2229	17	43	4688	29	0	4777
2230	14	4	31	4542	0	4591
2231	26	6	4730	26	0	4788
2232	15	4726	36	59	0	4836
2233	22	17	48	4725	0	4812
2234	12	40	22	4788	0	4862
2235	18	4	5012	82	0	5116
2236	14	9	34	4961	0	5018
2237	18	7	5132	44	0	5201
2238	4950	4	29	56	0	5039
2239	5128	8	48	19	0	5203
2240	5230	6	13	24	0	5273
2241	74	3	12	5157	0	5246
2242	55	8	13	5167	0	5243
2243	24	6	5244	81	0	5355
2244	13	7	35	4974	0	5029
2245	26	5158	51	39	0	5274
2246	17	24	5227	62	0	5330
2247	26	48	5143	20	0	5237
2248	17	19	67	4688	0	4791
2249	18	7	5211	43	0	5279
2250	17	10	5134	56	0	5217
2251	4458	12	66	35	0	4571
2252	28	5474	45	31	0	5578
2253	5679	29	16	28	0	5752
2254	5645	39	14	35	0	5733
2255	5733	8	21	31	0	5793
2256	68	8	16	5705	0	5797
2257	55	5	24	5768	0	5852
2258	26	13	5819	71	0	5929
2259	21	6	37	5603	0	5667
2260	22	5868	56	46	0	5992
2261	5812	19	33	40	0	5904
2262	37	5867	25	26	0	5955
2263	48	5889	21	33	0	5991
2264	25	56	21	5830	0	5932
2265	19	43	5951	41	0	6054
2266	32	8	38	5759	0	5837
2267	21	11	5911	57	0	6000
2268	21	5814	44	46	0	5925
2269	5715	20	65	28	0	5828
2270	5699	29	19	25	0	5772
2271	5894	9	19	31	0	5953
2272	57	10	6297	29	0	6393
2273	41	9	6063	24	0	6137
2274	6059	7	45	33	0	6144
2275	6267	3	37	26	0	6333
2276	6352	7	13	22	0	6394
2277	60	9	10	6273	0	6352
2278	47	9	2	6411	0	6469
2279	6422	5	4	59	0	6490
2280	6276	3	10	48	0	6337
2281	56	14	6641	28	0	6739
2282	35	15	6352	19	0	6421
2283	5971	4	23	32	0	6030
2284	21	9	6350	17	0	6397
2285	5683	7	7	12	0	5709
2286	20	7	5931	9	0	5967
2287	11	10	16	5570	0	5607
2288	4	4	6087	8	0	6103
2289	4	2	7	6102	0	6115
2290	19	1	6	6206	0	6232
2291	1	6452	7	15	0	6475
2292	6385	4	1	13	0	6403
2293	12	11	6495	4	0	6522
2294	5904	1	8	9	0	5922
2295	8	6704	8	7	0	6727
2296	6931	5	4	9	0	6949
2297	6	8	0	6909	0	6923
2298	17	3	3	6963	0	6986
2299	3	7359	5	21	0	7388
2300	3	8	1	7723	0	7735
2301	4	14	3	7774	0	7795
2302	3	1	4	7840	0	7848
2303	7634	0	2	36	0	7672
2304	7174	0	1	29	0	7204
2305	37	6	7285	15	0	7343
2306	26	7341	16	8	0	7391
2307	6	15	21	7452	0	7494
2308	3	23	4	7702	0	7732
2309	11	5	7823	49	0	7888
2310	4	1	23	7498	0	7526
2311	7662	1	23	30	0	7716
2312	7680	3	7	27	0	7717
2313	7851	1	4	15	0	7871
2314	55	2	3	8010	0	8070
2315	8723	0	3	43	0	8769
2316	8665	2	3	38	0	8708
2317	8831	3	3	11	0	8848
2318	58	1	1	8813	0	8873
2319	40	0	1	8880	0	8921
2320	14	0	2	8947	0	8963
2321	12	3	0	8851	0	8866
2322	6	0	1	8861	0	8868
2323	11	5	8833	55	0	8904
2324	10	10	8731	44	0	8795
2325	3	8743	51	21	0	8818
2326	6	25	33	8848	0	8912
2327	5	24	6	8953	0	8988
2328	6	5	3	9006	0	9020
2329	9	6	8920	71	0	9006
2330	7	3	26	8735	0	8771
2331	7	10	8928	39	0	8984
2332	3	4	32	8779	0	8818
2333	17	16	9637	49	0	9719
2334	1	9641	35	66	0	9743
2335	6	27	45	9559	0	9637
2336	5	42	9483	38	0	9568
2337	7735	5	41	64	0	7845
2338	31	9664	34	23	0	9752
2339	49	30	12	9666	0	9757
2340	10	9834	7	33	0	9884
2341	5	35	5	9772	0	9817
2342	9853	38	7	40	0	9938
2343	37	14	1	9805	0	9857
2344	41	9949	15	52	0	10057
2345	9936	32	2	47	0	10017
2346	35	42	6	10071	0	10154
2347	43	10	6	10277	0	10336
2348	10455	3	3	90	0	10551
2349	51	5	1	11232	0	11289
2350	64	2	3	13768	0	13837
2351	35	13	14388	209	0	14645
2352	22	13	14297	130	0	14462
2353	16	1	260	14116	0	14393
2354	31	5	14521	145	0	14702
2355	23	17	14181	146	0	14367
2356	12874	4	279	57	0	13214
2357	151	12	14739	37	0	14939
2358	141	14760	177	33	0	15111
2359	29	141	149	14631	0	14950
2360	15069	136	39	152	0	15396
2361	15177	20	21	149	0	15367
2362	15086	7	18	38	0	15149
2363	276	15336	24	30	0	15666
2364	176	149	16	15100	0	15441
2365	31	147	21	15385	0	15584
2366	14989	22	20	300	0	15331
2367	15109	9	15	184	0	15317
2368	15193	11	28	45	0	15277
2369	316	26	15371	41	0	15754
2370	177	15378	176	53	0	15784
2371	36	16943	190	51	0	17220
2372	42	325	51	16388	0	16806
2373	36	205	40	17058	0	17339
2374	53	46	17123	379	0	17601
2375	16242	23	229	239	0	16733
2376	17191	28	214	61	0	17494
2377	405	42	49	17205	0	17701
2378	238	28	19	17332	0	17617
2379	76	12	28	17476	0	17592
2380	17248	17	39	439	0	17743
2381	255	35	16893	256	0	17439
2382	241	30	16886	71	0	17228
2383	73	21	401	16425	0	16920
2384	46	24	16919	264	0	17253
2385	16055	15	249	255	0	16574
2386	16599	20	225	72	0	16916
2387	16789	18	70	58	0	16935
2388	435	16239	65	71	0	16810
2389	16246	213	48	67	0	16574
2390	260	216	42	15974	0	16492
2391	251	43	46	15947	0	16287
2392	73	15	51	16376	0	16515
2393	81	26	16000	457	0	16564
2394	82	29	246	15194	0	15551
2395	70	15767	239	264	0	16340
2396	15158	206	57	267	0	15688
2397	235	15707	50	153	0	16145
2398	265	234	15443	103	0	16045
2399	91	15416	253	100	0	15860
2400	14584	248	263	82	0	15177
2401	225	14952	113	103	0	15393
2402	276	227	93	12440	0	13036
2403	79	14883	104	205	0	15271
2404	14691	225	89	204	0	15209
2405	14686	210	76	74	0	15046
2406	14177	69	94	75	0	14415
2407	457	70	14570	103	0	15200
2408	276	67	14404	73	0	14820
2409	120	73	14345	82	0	14620
2410	14004	62	418	92	0	14576
2411	271	58	271	14068	0	14668
2412	278	65	97	14168	0	14608
2413	132	57	13931	431	0	14551
2414	92	80	251	13828	0	14251
2415	13104	68	239	288	0	13699
2416	274	13273	98	276	0	13921
2417	13500	230	73	100	0	13903
2418	332	241	13250	66	0	13889
2419	13408	87	260	63	0	13818
2420	13493	90	255	82	0	13920
2421	13597	78	97	96	0	13868
2422	471	91	13235	102	0	13899
2423	330	49	239	13072	0	13690
2424	188	38	13414	268	0	13908
2425	173	35	269	13334	0	13811
2426	160	87	13458	286	0	13991
2427	143	71	267	13181	0	13662
2428	119	57	250	13446	0	13872
2429	13327	36	98	483	0	13944
2430	13327	43	87	318	0	13775
2431	13601	33	107	122	0	13863
2432	483	57	122	12590	0	13252
2433	291	12059	124	272	0	12746
2434	139	12585	83	283	0	13090
2435	12470	360	80	113	0	13023
2436	324	237	12365	101	0	13027
2437	12363	66	267	91	0	12787
2438	355	60	12387	99	0	12901
2439	12526	60	268	109	0	12963
2440	12378	47	236	122	0	12783
2441	438	45	12578	142	0	13203
2442	12433	28	253	143	0	12857
2443	12498	40	248	117	0	12903
2444	12540	54	114	90	0	12798
2445	462	12617	100	107	0	13286
2446	296	370	111	12157	0	12934
2447	141	214	12357	258	0	12970
2448	173	89	12311	237	0	12810
2449	145	11227	356	90	0	11818
2450	80	8578	146	54	0	8858
2451	208	134	122	7549	0	8013
2452	7404	80	45	89	0	7618
2453	103	7582	32	107	0	7824
2454	133	84	22	7291	0	7530
2455	61	7664	25	86	0	7836
2456	7168	96	27	87	0	7378
2457	98	99	32	7335	0	7564
2458	113	40	7290	86	0	7529
2459	52	7102	83	102	0	7339
2460	38	7092	98	40	0	7268
2461	49	168	49	6373	0	6639
2462	34	6978	31	83	0	7126
2463	45	94	34	6834	0	7007
2464	6886	100	17	90	0	7093
2465	6829	43	29	83	0	6984
2466	6993	37	24	41	0	7095
2467	7010	33	31	36	0	7110
2468	166	39	7030	32	0	7267
2469	113	6795	81	31	0	7020
2470	48	6721	78	30	0	6877
2471	25	5544	20	14	0	5603
2472	24	5427	24	16	0	5491
2473	5074	54	74	13	0	5215
2474	4912	38	10	12	0	4972
2475	5049	8	4	7	0	5068
2476	5064	5	7	10	0	5086
2477	57	10	5056	4	0	5127
2478	5235	2	27	7	0	5271
2479	5394	7	26	7	0	5434
2480	5468	5	4	3	0	5480
2481	53	2	4	5353	0	5412
2482	39	2	10	5405	0	5456
2483	5480	9	5	51	0	5545
2484	34	8	2	5372	0	5416
2485	32	5441	2	35	0	5510
2486	10	23	3	5516	0	5552
2487	9	27	6	5475	0	5517
2488	11	5620	8	58	0	5697
2489	15	25	3	5626	0	5669
2490	9	33	2	5638	0	5682
2491	5546	3	4	57	0	5610
2492	31	15	5414	34	0	5494
2493	5259	8	23	10	0	5300
2494	34	11	5491	7	0	5543
2495	40	12	5348	4	0	5404
2496	14	13	5481	6	0	5514
2497	5185	8	54	7	0	5254
2498	40	8	5743	7	0	5798
2499	5634	19	30	5	0	5688
2500	5847	5	33	17	0	5902
2501	5860	4	9	10	0	5883
2502	67	5920	8	4	0	5999
2503	5898	31	3	4	0	5936
2504	34	6082	9	11	0	6136
2505	42	26	5	6124	0	6197
2506	10	46	2	6057	0	6115
2507	12	6112	4	100	0	6228
2508	9	6207	3	42	0	6261
2509	8	6344	4	20	0	6376
2510	6217	51	2	10	0	6280
2511	28	6459	7	17	0	6511
2512	6418	31	5	7	0	6461
2513	43	39	6339	9	0	6430
2514	6230	6	27	11	0	6274
2515	6462	10	34	5	0	6511
2516	63	14	6389	7	0	6473
2517	48	8	31	6270	0	6357
2518	17	6	6545	30	0	6598
2519	17	6	31	6374	0	6428
2520	18	4	37	6460	0	6519
2521	6494	4	10	55	0	6563
2522	6455	3	11	32	0	6501
2523	61	6487	11	11	0	6570
2524	6559	28	4	12	0	6603
2525	45	32	6565	12	0	6654
2526	6468	13	25	11	0	6517
2527	42	10	6921	8	0	6981
2528	46	18	6897	9	0	6970
2529	6901	9	60	16	0	6986
2530	7158	3	42	12	0	7215
2531	74	16	7444	8	0	7542
2532	48	12	43	6919	0	7022
2533	14	6	42	7482	0	7544
2534	17	11	7432	75	0	7535
2535	10	15	37	7148	0	7210
2536	11	7307	48	42	0	7408
2537	20	31	9	7569	0	7629
2538	14	46	14	7486	0	7560
2539	24	12	7305	66	0	7407
2540	6403	7	45	52	0	6507
2541	7124	11	49	14	0	7198
2542	7145	5	15	7	0	7172
2543	7115	2	14	8	0	7139
2544	88	7047	18	17	0	7170
2545	67	32	11	6821	0	6931
2546	35	45	6785	34	0	6899
2547	28	18	6788	47	0	6881
2548	24	19	67	6557	0	6667
2549	21	11	6887	51	0	6970
2550	6489	7	41	56	0	6593
2551	43	12	40	6900	0	6995
2552	42	12	11	6974	0	7039
2553	12	7	5	7001	0	7025
2554	6883	9	12	79	0	6983
2555	37	6996	13	62	0	7108
2556	6885	34	11	31	0	6961
2557	6851	37	14	19	0	6921
2558	78	6870	17	15	0	6980
2559	45	6899	21	10	0	6975
2560	7079	64	10	13	0	7166
2561	50	37	23	7022	0	7132
2562	54	9	17	7027	0	7107
2563	7221	7	14	73	0	7315
2564	63	6	7249	49	0	7367
2565	7044	6	54	19	0	7123
2566	7321	7	49	13	0	7390
2567	91	7665	19	8	0	7783
2568	8223	42	14	15	0	8294
2569	7965	56	9	12	0	8042
2570	118	9346	14	12	0	9490
2571	58	9560	16	22	0	9656
2572	35	148	17	9294	0	9494
2573	9448	83	4	77	0	9612
2574	77	9870	12	92	0	10051
2575	85	88	7	10016	0	10196
2576	10170	96	10	93	0	10369
2577	98	14	10165	107	0	10384
2578	112	6	89	10031	0	10238
2579	25	18	10228	92	0	10363
2580	9486	4	101	115	0	9706
2581	10076	11	109	18	0	10214
2582	203	4	10131	26	0	10364
2583	117	10070	102	22	0	10311
2584	22	85	111	10127	0	10345
2585	18	108	10293	99	0	10518
2586	14	17	104	10134	0	10269
2587	22	10	112	10470	0	10614
2588	23	12	10402	198	0	10635
2589	9398	5	103	148	0	9654
2590	10273	10	119	28	0	10430
2591	220	14	10421	37	0	10692
2592	126	10484	108	35	0	10753
2593	36	113	115	9665	0	9929
2594	14	10421	23	99	0	10557
2595	17	10477	15	132	0	10641
2596	10376	203	9	21	0	10609
2597	104	123	19	10427	0	10673
2598	120	21	16	10295	0	10452
2599	32	22	10328	215	0	10597
2600	30	16	10134	140	0	10320
2601	28	13	216	9893	0	10150
2602	26	14	125	10226	0	10391
2603	36	16	10218	209	0	10479
2604	33	21	10138	126	0	10318
2605	26	19	215	9944	0	10204
2606	10089	19	130	116	0	10354
2607	108	10217	30	159	0	10514
2608	10127	112	21	39	0	10299
2609	119	10231	28	32	0	10410
2610	136	10303	19	41	0	10499
2611	10000	216	28	29	0	10273
2612	134	135	10101	41	0	10411
2613	145	25	113	9916	0	10199
2614	33	26	140	10154	0	10353
2615	37	19	30	10750	0	10836
2616	28	29	10692	229	0	10978
2617	36	26	121	10640	0	10823
2618	10889	23	147	148	0	11207
2619	127	19	48	11100	0	11294
2620	162	25	29	11517	0	11733
2621	11543	20	27	294	0	11884
2622	11254	33	29	180	0	11496
2623	270	11411	37	56	0	11774
2624	190	121	11542	41	0	11894
2625	69	154	11356	49	0	11628
2626	48	37	11475	45	0	11605
2627	36	11008	279	47	0	11370
2628	76	127	207	10430	0	10840
2629	36	160	33	10786	0	11015
2630	10707	33	35	278	0	11053
2631	137	27	41	10717	0	10922
2632	178	30	10629	161	0	10998
2633	44	23	137	10664	0	10868
2634	31	28	179	10631	0	10869
2635	41	41	10571	295	0	10948
2636	52	10464	153	194	0	10863
2637	71	131	176	8805	0	9183
2638	43	10474	58	125	0	10700
2639	38	132	10410	171	0	10751
2640	10130	164	159	64	0	10517
2641	10302	36	186	57	0	10581
2642	10473	41	57	53	0	10624
2643	274	39	45	9969	0	10327
2644	171	10329	61	155	0	10716
2645	10274	136	48	176	0	10634
2646	10380	159	53	58	0	10650
2647	10270	43	53	69	0	10435
2648	279	34	10180	69	0	10562
2649	9746	35	143	80	0	10004
2650	148	10074	191	71	0	10484
2651	9890	142	47	58	0	10137
2652	149	10046	59	56	0	10310
2653	10058	146	42	60	0	10306
2654	153	173	9990	72	0	10388
2655	9892	49	157	48	0	10146
2656	9961	38	184	51	0	10234
2657	9546	44	55	61	0	9706
2658	10190	30	46	52	0	10318
2659	287	47	9951	56	0	10341
2660	205	29	152	9704	0	10090
2661	9671	24	178	152	0	10025
2662	164	9730	46	190	0	10130
2663	184	130	42	9463	0	9819
2664	76	160	9414	146	0	9796
2665	62	108	140	9374	0	9684
2666	61	37	9503	147	0	9748
2667	50	9004	142	180	0	9376
2668	66	8237	165	43	0	8511
2669	40	8242	64	53	0	8399
2670	71	226	35	6858	0	7190
2671	44	108	31	6730	0	6913
2672	41	25	6627	161	0	6854
2673	38	6293	75	98	0	6504
2674	5738	50	83	42	0	5913
2675	70	5643	19	30	0	5762
2676	74	5551	17	29	0	5671
2677	64	115	27	5331	0	5537
2678	5273	61	35	56	0	5425
2679	5284	14	17	72	0	5387
2680	107	21	18	5267	0	5413
2681	5273	15	25	61	0	5374
2682	55	19	19	5288	0	5381
2683	81	24	5187	60	0	5352
2684	5040	27	55	86	0	5208
2685	51	38	75	5052	0	5216
2686	66	20	4945	66	0	5097
2687	30	23	4857	63	0	4973
2688	34	29	88	4780	0	4931
2689	4906	18	65	61	0	5050
2690	4859	19	17	67	0	4962
2691	98	5006	18	23	0	5145
2692	5131	48	15	31	0	5225
2693	5111	67	18	17	0	5213
2694	5127	17	10	23	0	5177
2695	109	5179	18	30	0	5336
2696	5226	45	16	22	0	5309
2697	5223	60	17	23	0	5323
2698	116	7	16	5188	0	5327
2699	5054	10	8	55	0	5127
2700	53	4989	26	68	0	5136
2701	66	5105	22	25	0	5218
2702	34	84	23	5073	0	5214
2703	35	58	10	4960	0	5063
2704	33	5137	20	88	0	5278
2705	5065	53	22	55	0	5195
2706	59	4986	17	25	0	5087
2707	4910	37	15	15	0	4977
2708	67	5098	13	16	0	5194
2709	72	48	11	4782	0	4913
2710	39	5327	11	38	0	5415
2711	5290	46	23	51	0	5410
2712	5156	57	49	22	0	5284
2713	5130	15	34	19	0	5198
2714	97	22	4987	8	0	5114
2715	62	20	4677	9	0	4768
2716	19	4584	73	15	0	4691
2717	22	42	4514	23	0	4601
2718	31	43	4221	14	0	4309
2719	38	57	50	3479	0	3624
2720	15	11	3704	16	0	3746
2721	8	3676	12	25	0	3721
2722	3616	16	20	4	0	3656
2723	13	3647	5	7	0	3672
2724	24	3670	3	9	0	3706
2725	3813	31	9	13	0	3866
2726	3819	17	3	9	0	3848
2727	31	3958	4	8	0	4001
2728	3995	14	20	10	0	4039
2729	3951	21	5	9	0	3986
2730	4007	2	6	11	0	4026
2731	36	8	3877	6	0	3927
2732	26	6	3843	5	0	3880
2733	8	6	32	3799	0	3845
2734	7	2	23	3925	0	3957
2735	3989	3	5	32	0	4029
2736	20	3991	4	21	0	4036
2737	23	30	3	4016	0	4072
2738	9	25	3	4039	0	4076
2739	8	4	4	4159	0	4175
2740	10	3	1	4172	0	4186
2741	10	5	4133	33	0	4181
2742	9	7	4083	18	0	4117
2743	5	5	35	4234	0	4279
2744	9	4	4409	24	0	4446
2745	4078	4	33	24	0	4139
2746	25	2	22	4367	0	4416
2747	27	10	4407	19	0	4463
2748	3880	7	21	30	0	3938
2749	22	4403	24	7	0	4456
2750	4392	21	2	4	0	4419
2751	22	4676	7	11	0	4716
2752	25	25	7	4570	0	4627
2753	14	22	4680	17	0	4733
2754	11	4	18	4462	0	4495
2755	7	6	4500	24	0	4537
2756	4331	7	22	23	0	4383
2757	23	4	22	4524	0	4573
2758	4592	1	5	21	0	4619
2759	25	7	4608	26	0	4666
2760	4656	6	20	7	0	4689
2761	5105	4	26	3	0	5138
2762	57	9	5238	2	0	5306
2763	33	7	29	5154	0	5223
2764	7	7	5384	39	0	5437
2765	7	5406	33	31	0	5477
2766	5355	30	33	16	0	5434
2767	5268	31	6	8	0	5313
2768	56	8	5382	5	0	5451
2769	34	9	5368	7	0	5418
2770	7	3	48	5242	0	5300
2771	5	4	27	5434	0	5470
2772	5473	3	5	55	0	5536
2773	26	5531	10	37	0	5604
2774	5679	23	8	10	0	5720
2775	5641	27	7	9	0	5684
2776	54	5	5541	4	0	5604
2777	5245	7	26	8	0	5286
2778	29	5	5633	11	0	5678
2779	31	5	28	5621	0	5685
2780	14	7	6041	29	0	6091
2781	11	3	27	5937	0	5978
2782	6	5	6058	28	0	6097
2783	5772	3	32	30	0	5837
2784	5991	2	28	13	0	6034
2785	50	4	7	6022	0	6083
2786	6201	4	9	28	0	6242
2787	29	5	7	6314	0	6355
2788	36	6538	11	26	0	6611
2789	6517	22	10	31	0	6580
2790	27	6596	8	14	0	6645
2791	37	31	9	6531	0	6608
2792	12	30	8	6423	0	6473
2793	12	4	8	6419	0	6443
2794	14	3	15	6375	0	6407
2795	13	7	6227	58	0	6305
2796	5450	3	30	41	0	5524
2797	6077	7	29	10	0	6123
2798	56	6303	8	15	0	6382
2799	42	20	9	6266	0	6337
2800	12	29	11	6363	0	6415
2801	17	6	6241	66	0	6330
2802	5914	8	21	39	0	5982
2803	28	3	37	6260	0	6328
2804	39	7	6339	28	0	6413
2805	6136	8	33	40	0	6217
2806	6420	8	26	20	0	6474
2807	6443	3	10	13	0	6469
2808	63	8	6312	11	0	6394
2809	32	8	5988	16	0	6044
2810	5903	9	45	8	0	5965
2811	36	3	32	6149	0	6220
2812	24	10	8	6309	0	6351
2813	11	8	6329	49	0	6397
2814	5832	4	25	30	0	5891
2815	28	5	27	6356	0	6416
2816	6621	2	8	36	0	6667
2817	6591	3	11	37	0	6642
2818	6628	1	8	15	0	6652
2819	56	7	6936	12	0	7011
2820	34	5	29	6859	0	6927
2821	6996	3	39	33	0	7071
2822	38	7308	7	35	0	7388
2823	42	30	7	7385	0	7464
2824	14	35	6	7385	0	7440
2825	7237	2	11	68	0	7318
2826	7217	3	10	49	0	7279
2827	67	4	10	7170	0	7251
2828	48	8	7164	43	0	7263
2829	6814	4	35	45	0	6898
2830	43	11	7302	24	0	7380
2831	7274	3	33	12	0	7322
2832	7301	0	56	15	0	7372
2833	78	15	7462	18	0	7573
2834	46	9	43	7401	0	7499
2835	18	14	7877	53	0	7962
2836	10	8457	52	57	0	8576
2837	25	48	50	7967	0	8090
2838	16	8800	14	44	0	8874
2839	16	45	9	8835	0	8905
2840	17	63	9047	66	0	9193
2841	10	9150	58	86	0	9304
2842	16	9335	71	24	0	9446
2843	36	157	8	9243	0	9444
2844	9354	79	7	60	0	9500
2845	64	7	6	10142	0	10219
2846	10319	5	12	65	0	10401
2847	68	10565	15	113	0	10761
2848	11509	64	12	16	0	11601
2849	90	94	12103	18	0	12305
2850	118	13	85	11845	0	12061
2851	21	5	109	11829	0	11964
2852	18	8	11968	195	0	12189
2853	10986	12	90	139	0	11227
2854	11592	9	108	23	0	11732
2855	172	11952	23	16	0	12163
2856	149	134	11	10304	0	10598
2857	18	11832	21	83	0	11954
2858	22	89	11770	113	0	11994
2859	33	113	11771	33	0	11950
2860	28	180	182	11101	0	11491
2861	11271	11	105	75	0	11462
2862	76	11162	20	116	0	11374
2863	11243	76	8	17	0	11344
2864	92	101	11050	15	0	11258
2865	11090	21	81	19	0	11211
2866	11332	11	102	22	0	11467
2867	177	15	11394	16	0	11602
2868	113	14	83	11053	0	11263
2869	11454	11	108	85	0	11658
2870	11453	8	20	111	0	11592
2871	11450	8	13	25	0	11496
2872	192	14	14	11262	0	11482
2873	137	14	11305	79	0	11535
2874	10894	12	92	113	0	11111
2875	108	13	11574	22	0	11717
2876	131	13	93	11196	0	11433
2877	41	18	114	10863	0	11036
2878	31	11428	33	199	0	11691
2879	40	90	11449	114	0	11693
2880	27	11187	95	37	0	11346
2881	31	11242	127	35	0	11435
2882	36	196	32	11002	0	11266
2883	29	112	11217	110	0	11468
2884	39	27	97	11109	0	11272
2885	32	28	11403	105	0	11568
2886	39	24	102	11002	0	11167
2887	34	21	124	10997	0	11176
2888	38	23	10775	199	0	11035
2889	27	21	111	10505	0	10664
2890	27	20	10868	124	0	11039
2891	42	27	10605	131	0	10805
2892	38	10632	208	53	0	10931
2893	10553	92	134	42	0	10821
2894	110	127	10641	37	0	10915
2895	9713	40	118	50	0	9921
2896	123	22	141	10577	0	10863
2897	150	27	10563	129	0	10869
2898	48	10458	126	177	0	10809
2899	41	102	133	10399	0	10675
2900	52	145	10535	108	0	10840
2901	71	49	119	9664	0	9903
2902	42	10510	156	114	0	10822
2903	10577	110	52	142	0	10881
2904	116	132	48	10544	0	10840
2905	10582	44	49	123	0	10798
2906	10538	39	50	150	0	10777
2907	10666	37	45	58	0	10806
2908	10659	40	53	60	0	10812
2909	10420	26	42	53	0	10541
2910	229	10253	50	56	0	10588
2911	160	112	50	10193	0	10515
2912	68	126	54	10258	0	10506
2913	70	30	51	10297	0	10448
2914	75	33	9990	225	0	10323
2915	66	9908	120	166	0	10260
2916	10131	109	154	56	0	10450
2917	10152	124	67	55	0	10398
2918	260	10231	66	49	0	10606
2919	162	10140	55	67	0	10424
2920	9914	214	54	61	0	10243
2921	125	140	9846	68	0	10179
2922	162	84	144	9306	0	9696
2923	9491	34	151	126	0	9802
2924	149	23	56	9183	0	9411
2925	133	9447	43	136	0	9759
2926	67	115	40	9406	0	9628
2927	51	138	9473	123	0	9785
2928	9004	29	141	129	0	9303
2929	9480	35	136	58	0	9709
2930	247	26	49	9295	0	9617
2931	156	24	41	9360	0	9581
2932	8995	20	54	218	0	9287
2933	145	9104	44	168	0	9461
2934	145	101	46	8884	0	9176
2935	78	110	52	8944	0	9184
2936	8077	29	43	194	0	8343
2937	118	8216	42	139	0	8515
2938	8021	81	38	54	0	8194
2939	130	8079	44	39	0	8292
2940	121	8011	29	47	0	8208
2941	7713	162	50	35	0	7960
2942	102	7895	48	44	0	8089
2943	111	228	60	7458	0	7857
2944	45	101	7571	98	0	7815
2945	40	21	6696	84	0	6841
2946	23	15	6406	35	0	6479
2947	23	6177	139	22	0	6361
2948	4999	85	144	9	0	5237
2949	44	51	29	4649	0	4773
2950	44	6	7	4735	0	4792
2951	13	7	4705	92	0	4817
2952	4489	7	45	53	0	4594
2953	50	2	40	4910	0	5002
2954	44	6	9	4922	0	4981
2955	10	6	5	4877	0	4898
2956	4730	8	6	82	0	4826
2957	51	7	4685	49	0	4792
2958	4600	7	47	12	0	4666
2959	58	10	39	4712	0	4819
2960	56	10	4692	45	0	4803
2961	4410	9	43	50	0	4512
2962	57	17	4804	14	0	4892
2963	49	23	75	4565	0	4712
2964	12	18	4883	51	0	4964
2965	17	10	4564	44	0	4635
2966	4111	13	93	12	0	4229
2967	67	10	4465	12	0	4554
2968	43	15	56	4227	0	4341
2969	4323	11	46	49	0	4429
2970	49	12	11	4353	0	4425
2971	48	11	4391	50	0	4500
2972	17	6	4440	57	0	4520
2973	12	4477	80	16	0	4585
2974	11	47	41	4270	0	4369
2975	4152	41	12	45	0	4250
2976	42	4156	12	49	0	4259
2977	4151	40	11	20	0	4222
2978	51	37	6	4076	0	4170
2979	4079	9	8	50	0	4146
2980	43	4067	8	50	0	4168
2981	48	35	12	4015	0	4110
2982	4011	36	18	42	0	4107
2983	47	4064	10	42	0	4163
2984	42	44	18	3998	0	4102
2985	19	34	13	4022	0	4088
2986	4068	7	15	67	0	4157
2987	44	9	20	4079	0	4152
2988	45	3	21	4084	0	4153
2989	19	8	19	4178	0	4224
2990	18	7	4048	84	0	4157
2991	3814	5	55	51	0	3925
2992	44	6	50	4656	0	4756
2993	47	14	4922	52	0	5035
2994	4637	11	60	61	0	4769
2995	60	4	5094	31	0	5189
2996	60	17	63	4767	0	4907
2997	23	5036	67	53	0	5179
2998	20	48	21	5092	0	5181
2999	23	59	5072	66	0	5220
3000	22	16	5171	73	0	5282
3001	15	15	96	5125	0	5251
3002	36	12	5171	61	0	5280
3003	4800	12	63	66	0	4941
3004	69	11	5070	18	0	5168
3005	62	12	59	4797	0	4930
3006	29	11	62	4932	0	5034
3007	27	13	19	4928	0	4987
3008	4880	10	17	121	0	5028
3009	4902	8	18	76	0	5004
3010	5012	10	19	27	0	5068
3011	110	9	18	4973	0	5110
3012	70	10	20	4981	0	5081
3013	27	10	4890	111	0	5038
3014	27	8	4850	79	0	4964
3015	23	4871	106	38	0	5038
3016	34	78	63	4047	0	4222
3017	20	45	18	3869	0	3952
3018	12	4168	21	75	0	4276
3019	4099	32	28	43	0	4202
3020	34	4198	15	20	0	4267
3021	4091	31	17	29	0	4168
3022	36	43	17	4041	0	4137
3023	4064	8	21	36	0	4129
3024	37	7	15	4101	0	4160
3025	48	6	4055	45	0	4154
3026	13	6	38	4076	0	4133
3027	4008	6	51	42	0	4107
3028	36	5	15	4077	0	4133
3029	53	5	13	4017	0	4088
3030	19	11	4138	78	0	4246
3031	19	3	31	4154	0	4207
3032	17	5	47	4003	0	4072
3033	14	4087	15	88	0	4204
3034	15	25	9	4124	0	4173
3035	11	45	11	4118	0	4185
3036	16	6	13	4052	0	4087
3037	12	3955	11	85	0	4063
3038	15	30	9	3801	0	3855
3039	3576	27	10	37	0	3650
3040	27	3588	9	43	0	3667
3041	28	3399	9	24	0	3460
3042	12	3347	25	16	0	3400
3043	20	93	13	3014	0	3140
3044	10	3170	23	27	0	3230
3045	19	3179	15	44	0	3257
3046	3134	41	27	33	0	3235
3047	29	30	3097	27	0	3183
3048	3078	17	39	21	0	3155
3049	19	5	43	3162	0	3229
3050	28	13	3163	33	0	3237
3051	2970	7	42	55	0	3074
3052	25	6	3077	31	0	3139
3053	33	9	3030	20	0	3092
3054	2984	5	60	38	0	3087
3055	23	6	69	3073	0	3171
3056	49	3	3080	51	0	3183
3057	3006	4	47	62	0	3119
3058	3099	2	37	52	0	3190
3059	68	7	3251	36	0	3362
3060	3237	5	23	39	0	3304
3061	3335	5	39	34	0	3413
3062	64	9	3177	38	0	3288
3063	3162	6	32	42	0	3242
3064	3184	9	56	36	0	3285
3065	51	14	3181	38	0	3284
3066	42	26	3347	26	0	3441
3067	16	14	59	3341	0	3430
3068	14	29	3390	52	0	3485
3069	3279	28	28	59	0	3394
3070	44	19	40	3285	0	3388
3071	44	35	11	3292	0	3382
3072	47	19	3259	60	0	3385
3073	24	24	22	3188	0	3258
3074	44	14	3237	40	0	3335
3075	3168	15	34	73	0	3290
3076	3255	7	50	32	0	3344
3077	61	14	3204	54	0	3333
3078	3212	5	40	35	0	3292
3079	3271	6	41	52	0	3370
3080	69	11	3265	43	0	3388
3081	3253	3	37	49	0	3342
3082	3214	11	45	57	0	3327
3083	62	8	3258	45	0	3373
3084	3181	18	29	51	0	3279
3085	32	13	3313	56	0	3414
3086	43	25	24	3240	0	3332
3087	21	13	55	3241	0	3330
3088	14	22	13	3328	0	3377
3089	24	14	3234	92	0	3364
3090	2944	29	23	60	0	3056
3091	33	30	3132	44	0	3239
3092	34	2513	19	13	0	2579
3093	10	2309	19	8	0	2346
3094	2131	22	40	7	0	2200
3095	17	24	10	2093	0	2144
3096	24	2173	6	12	0	2215
3097	2076	4	6	14	0	2100
3098	2023	10	8	10	0	2051
3099	24	2120	7	9	0	2160
3100	18	6	11	1879	0	1914
3101	5	2032	8	14	0	2059
3102	2046	8	7	11	0	2072
3103	2045	11	3	8	0	2067
3104	21	3	7	2006	0	2037
3105	2031	0	9	11	0	2051
3106	14	3	5	2022	0	2044
3107	15	4	2017	14	0	2050
3108	1920	1	11	16	0	1948
3109	17	6	2012	7	0	2042
3110	15	18	14	1892	0	1939
3111	1948	1	13	9	0	1971
3112	16	2	5	1974	0	1997
3113	16	4	1986	9	0	2015
3114	9	4	1946	12	0	1971
3115	8	23	23	1886	0	1940
3116	1904	2	42	22	0	1970
3117	15	1930	4	11	0	1960
3118	14	5	3	1893	0	1915
3119	7	13	1930	5	0	1955
3120	1835	4	11	13	0	1863
3121	1933	2	24	9	0	1968
3122	21	7	1943	3	0	1974
3123	1898	1	9	8	0	1916
3124	11	3	14	1955	0	1983
3125	20	2	1920	9	0	1951
3126	1864	1	8	13	0	1886
3127	9	3	14	1882	0	1908
3128	14	3	7	1836	0	1860
3129	1853	3	2	16	0	1874
3130	11	1754	7	12	0	1784
3131	16	1788	4	4	0	1812
3132	1754	15	4	6	0	1779
3133	1673	10	7	4	0	1694
3134	21	3	1752	7	0	1783
3135	10	2	1737	7	0	1756
3136	6	1	15	1729	0	1751
3137	1814	0	21	7	0	1842
3138	1767	2	5	16	0	1790
3139	1789	1	3	7	0	1800
3140	16	1776	6	7	0	1805
3141	18	1804	4	5	0	1831
3142	5	15	7	1868	0	1895
3143	6	12	5	1893	0	1916
3144	10	1	4	1963	0	1978
3145	6	2	2015	23	0	2046
3146	8	3	1872	12	0	1895
3147	1939	3	22	5	0	1969
3148	1995	1	15	4	0	2015
3149	24	2	3	1993	0	2022
3150	19	2	6	1970	0	1997
3151	5	1	1	2037	0	2044
3152	3	2	1983	27	0	2015
3153	5	2	1894	12	0	1913
3154	5	11	19	1875	0	1910
3155	3	2	1986	14	0	2005
3156	5	1910	7	15	0	1937
3157	7	1934	11	7	0	1959
3158	1883	17	3	3	0	1906
3159	8	1846	4	3	0	1861
3160	12	9	2	1812	0	1835
3161	5	9	5	1816	0	1835
3162	3	1993	4	19	0	2019
3163	7	12	4	2033	0	2056
3164	5	17	1977	18	0	2017
3165	2	1987	13	16	0	2018
3166	1	24	14	1856	0	1895
3167	3	14	1866	14	0	1897
3168	2	1871	15	14	0	1902
3169	3	12	14	1765	0	1794
3170	0	1888	1	17	0	1906
3171	4	15	0	1874	0	1893
3172	2	19	0	1761	0	1782
3173	3	1857	1	21	0	1882
3174	1753	14	2	17	0	1786
3175	1718	16	2	3	0	1739
3176	27	1807	4	5	0	1843
3177	14	1842	5	1	0	1862
3178	2	29	0	1835	0	1866
3179	6	19	1819	15	0	1859
3180	1761	2	14	17	0	1794
3181	1820	2	15	9	0	1846
3182	27	5	1858	2	0	1892
3183	1788	3	11	3	0	1805
3184	1851	2	14	5	0	1872
3185	25	6	1827	4	0	1862
3186	1745	3	12	5	0	1765
3187	17	2	1894	2	0	1915
3188	16	1891	14	1	0	1922
3189	1932	10	14	1	0	1957
3190	1917	15	3	4	0	1939
3191	27	3	1901	6	0	1937
3192	1898	2	13	3	0	1916
3193	1939	1	15	3	0	1958
3194	27	4	1919	2	0	1952
3195	1908	4	13	3	0	1928
3196	1957	3	14	5	0	1979
3197	25	2	1937	1	0	1965
3198	1943	5	13	1	0	1962
3199	14	3	13	1898	0	1928
3200	16	1	5	1893	0	1915
3201	4	4	1873	26	0	1907
3202	4	4	1871	17	0	1896
3203	2	2	25	1854	0	1883
3204	4	7	17	1874	0	1902
3205	1996	1	1	23	0	2021
3206	14	1	1968	15	0	1998
3207	1977	3	15	1	0	1996
3208	18	2	14	2095	0	2129
3209	17	3	2132	14	0	2166
3210	2371	2	13	20	0	2406
3211	16	1	18	2485	0	2520
3212	14	3	2498	16	0	2531
3213	2419	1	13	23	0	2456
3214	16	0	18	2504	0	2538
3215	2551	2	6	13	0	2572
3216	19	0	2751	20	0	2790
3217	18	2	16	2457	0	2493
3218	2	2784	14	16	0	2816
3219	2813	14	2	14	0	2843
3220	2744	14	0	4	0	2762
3221	27	2842	6	2	0	2877
3222	2921	15	2	2	0	2940
3223	2891	14	0	2	0	2907
3224	2874	2	3	2	0	2881
3225	27	2870	7	3	0	2907
3226	20	16	4	2880	0	2920
3227	5	17	2919	20	0	2961
3228	6	3	15	2838	0	2862
3229	5	0	16	2902	0	2923
3230	9	4	2910	34	0	2957
3231	4	2	2893	14	0	2913
3232	16	3	31	2588	0	2638
3233	6	2944	19	14	0	2983
3234	2925	19	3	15	0	2962
3235	2840	17	4	2	0	2863
3236	34	3007	6	12	0	3059
3237	2989	18	3	6	0	3016
3238	2995	15	1	6	0	3017
3239	34	4	3040	2	0	3080
3240	2838	2	17	7	0	2864
3241	19	3085	19	8	0	3131
3242	14	20	3015	4	0	3053
3243	16	13	2959	5	0	2993
3244	4	2942	27	9	0	2982
3245	2875	14	12	5	0	2906
3246	20	15	2911	5	0	2951
3247	21	2	11	2829	0	2863
3248	8	4	2928	15	0	2955
3249	2695	6	17	17	0	2735
3250	21	6	3410	9	0	3446
3251	19	6	3406	6	0	3437
3252	3233	4	25	9	0	3271
3253	14	3550	20	10	0	3594
3254	3600	10	5	3	0	3618
3255	3600	15	6	7	0	3628
3256	24	1	6	3545	0	3576
3257	17	3961	7	9	0	3994
3258	3990	12	4	19	0	4025
3259	17	19	4075	5	0	4116
3260	3886	7	14	3	0	3910
3261	17	4121	18	4	0	4160
3262	3944	7	18	4	0	3973
3263	3907	11	7	7	0	3932
3264	20	4073	4	6	0	4103
3265	8	8	6	4042	0	4064
3266	4083	8	4	11	0	4106
3267	9	4069	9	15	0	4102
3268	13	9	5	4062	0	4089
3269	4122	7	5	9	0	4143
3270	7	5	6	4272	0	4290
3271	15	11	2	4180	0	4208
3272	5	4319	6	21	0	4351
3273	4236	10	3	13	0	4262
3274	4356	9	5	5	0	4375
3275	4379	0	5	2	0	4386
3276	19	4536	6	4	0	4565
3277	4557	12	9	2	0	4580
3278	4562	8	4	2	0	4576
3279	24	3	0	4519	0	4546
3280	10	6	3	4549	0	4568
3281	13	9	4532	15	0	4569
3282	11	0	8	4382	0	4401
3283	7	5	9	4466	0	4487
3284	8	4	4537	16	0	4565
3285	3729	4	12	26	0	3771
3286	15	6	4536	4	0	4561
3287	21	7	4613	3	0	4644
3288	5	4	14	4532	0	4555
3289	6	4	7	4592	0	4609
3290	12	4752	4	26	0	4794
3291	4760	13	0	11	0	4784
3292	4585	7	6	11	0	4609
3293	22	4793	5	7	0	4827
3294	19	5064	5	11	0	5099
3295	13	23	3	4939	0	4978
3296	6	5296	5	18	0	5325
3297	5285	18	2	16	0	5321
3298	5217	15	4	9	0	5245
3299	37	5	4	5182	0	5228
3300	17	4	4	5248	0	5273
3301	5254	1	3	33	0	5291
3302	27	10	5172	16	0	5225
3303	5043	5	23	16	0	5087
3304	29	4	5184	7	0	5224
3305	5066	1	26	11	0	5104
3306	29	67	14	5154	0	5264
3307	20	5	5327	27	0	5379
3308	10	9	5183	16	0	5218
3309	4849	38	41	12	0	4940
3310	4930	1	33	1	0	4965
3311	34	5113	6	5	0	5158
3312	18	20	2	5421	0	5461
3313	5	16	5	5556	0	5582
3314	5488	5	1	54	0	5548
3315	30	5513	4	44	0	5591
3316	5318	23	1	4	0	5346
3317	26	5318	5	6	0	5355
3318	32	5269	6	26	0	5333
3319	5265	53	1	1	0	5320
3320	32	32	5207	2	0	5273
3321	36	3	24	5117	0	5180
3322	7	8	37	5176	0	5228
3323	5	4	5235	67	0	5311
3324	5	4	27	5118	0	5154
3325	12	5	34	4791	0	4842
3326	5	5241	8	61	0	5315
3327	5223	28	1	37	0	5289
3328	31	40	5289	5	0	5365
3329	4896	6	29	5	0	4936
3330	32	5321	38	9	0	5400
3331	37	31	3	5353	0	5424
3332	5508	35	1	38	0	5582
3333	35	4	2	5501	0	5542
3334	39	1	4	5508	0	5552
3335	9	7	5519	67	0	5602
3336	4976	6	30	48	0	5060
3337	5420	1	42	12	0	5475
3338	76	7	5433	7	0	5523
3339	44	3	31	5319	0	5397
3340	13	5	5480	46	0	5544
3341	5263	1	34	46	0	5344
3342	5538	3	39	12	0	5592
3343	69	3	7	5513	0	5592
3344	5539	4	5	35	0	5583
3345	43	6	5931	47	0	6027
3346	43	6	31	5829	0	5909
3347	16	5	39	5900	0	5960
3348	9	6	4	6043	0	6062
3349	7	4	4	6052	0	6067
3350	5473	7	2	71	0	5553
3351	34	9	5396	46	0	5485
3352	42	2	29	5381	0	5454
3353	11	7	5363	42	0	5423
3354	4	8	5285	51	0	5348
3355	9	1	65	5202	0	5277
3356	7	3	45	5326	0	5381
3357	5048	3	6	71	0	5128
3358	36	4	4	5048	0	5092
3359	43	4	7	5078	0	5132
3360	10	3	8	5159	0	5180
3361	5086	2	7	75	0	5170
3362	5060	6	3	45	0	5114
3363	5130	3	5	10	0	5148
3364	5026	2	2	11	0	5041
3365	71	5442	8	12	0	5533
3366	40	39	3	5394	0	5476
3367	11	51	6	5442	0	5510
3368	5529	8	6	90	0	5633
3369	48	5946	7	70	0	6071
3370	64	59	6	6178	0	6307
3371	21	66	6672	60	0	6819
3372	6843	9	55	86	0	6993
3373	75	7565	82	27	0	7749
3374	7981	67	15	13	0	8076
3375	7988	98	4	13	0	8103
3376	189	9	5	7940	0	8143
3377	128	16	7971	87	0	8202
3378	20	4	81	8148	0	8253
3379	8174	8	106	98	0	8386
3380	93	6	15	8238	0	8352
3381	8208	3	8	100	0	8319
3382	102	8137	8	128	0	8375
3383	8461	83	9	20	0	8573
3384	104	114	9	8424	0	8651
3385	138	10	4	8832	0	8984
3386	9114	7	9	208	0	9338
3387	8991	7	6	144	0	9148
3388	9145	5	4	34	0	9188
3389	9103	8	7	21	0	9139
3390	9046	6	18	19	0	9089
3391	226	8	9	8827	0	9070
3392	152	16	8777	101	0	9046
3393	34	8688	93	151	0	8966
3394	8464	83	131	26	0	8704
3395	112	118	8327	18	0	8575
3396	8029	12	89	18	0	8148
3397	98	8252	120	22	0	8492
3398	8418	77	15	26	0	8536
3399	107	119	11	8292	0	8529
3400	147	14	10	8322	0	8493
3401	49	20	8404	208	0	8681
3402	44	9	83	8265	0	8401
3403	46	13	8698	101	0	8858
3404	53	14	8602	139	0	8808
3405	8473	13	196	32	0	8714
3406	8814	12	124	41	0	8991
3407	232	14	8681	29	0	8956
3408	8519	6	86	38	0	8649
3409	8609	9	127	35	0	8780
3410	222	17	8589	37	0	8865
3411	169	8563	82	28	0	8842
3412	90	99	128	8703	0	9020
3413	9006	103	21	91	0	9221
3414	9157	14	27	117	0	9315
3415	9246	9	17	24	0	9296
3416	9228	14	18	25	0	9285
3417	9171	10	25	27	0	9233
3418	228	23	9045	23	0	9319
3419	158	11	9204	32	0	9405
3420	58	23	178	9161	0	9420
3421	9460	20	125	86	0	9691
3422	9467	16	26	117	0	9626
3423	9501	18	27	46	0	9592
3424	9235	13	38	45	0	9331
3425	197	9256	30	46	0	9529
3426	154	9682	36	49	0	9921
3427	9736	152	30	50	0	9968
3428	9688	107	25	39	0	9859
3429	209	9773	30	32	0	10044
3430	9900	74	28	38	0	10040
3431	131	107	9846	42	0	10126
3432	151	22	87	9618	0	9878
3433	82	19	9906	91	0	10098
3434	86	18	9846	131	0	10081
3435	77	12	172	9667	0	9928
3436	92	19	114	10039	0	10264
3437	112	23	10231	177	0	10543
3438	77	18	94	9839	0	10028
3439	73	25	117	10251	0	10466
3440	10249	19	35	187	0	10490
3441	10141	16	42	123	0	10322
3442	218	19	45	10274	0	10556
3443	169	47	10337	104	0	10657
3444	71	10360	102	144	0	10677
3445	10050	75	119	46	0	10290
3446	143	112	10538	58	0	10851
3447	156	10462	107	45	0	10770
3448	67	10856	128	56	0	11107
3449	10858	156	35	56	0	11105
3450	10906	102	51	36	0	11095
3451	229	28	47	10781	0	11085
3452	184	33	11586	95	0	11898
3453	82	16	111	11540	0	11749
3454	81	27	130	11682	0	11920
3455	82	24	36	11878	0	12020
3456	11653	16	40	202	0	11911
3457	134	11665	43	141	0	11983
3458	171	12263	49	62	0	12545
3459	69	182	43	11982	0	12276
3460	67	118	32	12349	0	12566
3461	12208	30	32	210	0	12480
3462	11507	24	42	153	0	11726
3463	12152	21	32	55	0	12260
3464	235	12177	35	57	0	12504
3465	11831	69	49	41	0	11990
3466	120	165	40	11637	0	11962
3467	141	25	11631	107	0	11904
3468	94	23	10938	112	0	11167
3469	10276	16	162	35	0	10489
3470	107	19	10767	34	0	10927
3471	117	14	9991	21	0	10143
3472	8637	12	90	35	0	8774
3473	59	8	9192	18	0	9277
3474	48	8	8873	17	0	8946
3475	28	47	56	8262	0	8393
3476	19	7	9134	27	0	9187
3477	10	3	27	8544	0	8584
3478	31	8	26	8836	0	8901
3479	14	11	9268	48	0	9341
3480	6	9441	27	34	0	9508
3481	9361	19	34	18	0	9432
3482	32	30	9796	7	0	9865
3483	27	8	9674	15	0	9724
3484	7358	5	62	22	0	7447
3485	25	15	9360	15	0	9415
3486	16	9234	24	15	0	9289
3487	12	9209	17	20	0	9258
3488	15	29	11	9392	0	9447
3489	8	20	8	9326	0	9362
3490	9644	5	1	39	0	9689
3491	9485	4	8	26	0	9523
3492	9583	13	4	12	0	9612
3493	36	6	2	9612	0	9656
3494	9749	1	3	34	0	9787
3495	9501	8	11	24	0	9544
3496	51	6	9753	14	0	9824
3497	36	9	9618	10	0	9673
3498	9	9898	31	15	0	9953
3499	3	19	17	9932	0	9971
3500	9984	19	4	21	0	10028
3501	23	9933	11	31	0	9998
3502	24	17	9	9961	0	10011
3503	9811	20	13	18	0	9862
3504	9583	10	6	19	0	9618
3505	36	9980	7	18	0	10041
3506	9850	16	6	10	0	9882
3507	9780	22	17	12	0	9831
3508	33	4	4	9817	0	9858
3509	31	8	10055	30	0	10124
3510	8	9979	23	31	0	10041
3511	11	9984	25	12	0	10032
3512	9568	37	7	6	0	9618
3513	30	25	7	9444	0	9506
3514	33	9	9648	30	0	9720
3515	6	9641	21	35	0	9703
3516	9498	21	38	14	0	9571
3517	9572	23	7	12	0	9614
3518	50	11	9722	9	0	9792
3519	25	7	16	9199	0	9247
3520	12	2	25	9959	0	9998
3521	12	20	10973	55	0	11060
3522	10420	9	39	42	0	10510
3523	13759	6	43	10	0	13818
3524	139	2	16	15829	0	15986
3525	107	16687	16	142	0	16952
3526	27	140	8	17436	0	17611
3527	28	163	17441	171	0	17803
3528	16594	25	176	179	0	16974
3529	163	9	175	17752	0	18099
3530	186	19	17677	174	0	18056
3531	16218	15	179	193	0	16605
3532	155	8	190	17448	0	17801
3533	188	14	44	17499	0	17745
3534	17185	5	20	346	0	17556
3535	160	17365	35	231	0	17791
3536	17349	156	18	48	0	17571
3537	205	175	15	17098	0	17493
3538	17104	28	19	192	0	17343
3539	224	15	17003	227	0	17469
3540	200	17115	166	65	0	17546
3541	65	171	182	17101	0	17519
3542	17110	198	43	189	0	17540
3543	184	17239	27	230	0	17680
3544	214	171	47	17249	0	17681
3545	17436	199	29	195	0	17859
3546	17082	45	32	253	0	17412
3547	386	19	40	16878	0	17323
3548	272	35	16815	223	0	17345
3549	89	37	16657	273	0	17056
3550	16080	37	365	110	0	16592
3551	233	16596	222	72	0	17123
3552	229	16212	59	102	0	16602
3553	15806	335	83	61	0	16285
3554	215	16272	58	73	0	16618
3555	253	199	39	15933	0	16424
3556	95	202	52	16281	0	16630
3557	16125	87	37	370	0	16619
3558	15668	49	32	270	0	16019
3559	15741	56	30	114	0	15941
3560	421	58	15322	83	0	15884
3561	293	45	172	15254	0	15764
3562	134	47	15513	222	0	15916
3563	112	46	15276	254	0	15688
3564	111	31	15729	100	0	15971
3565	90	36	425	14955	0	15506
3566	86	57	15780	221	0	16144
3567	98	49	15826	244	0	16217
3568	91	59	382	15247	0	15779
3569	15573	67	261	214	0	16115
3570	243	55	15772	257	0	16327
3571	248	55	234	15203	0	15740
3572	125	48	242	15734	0	16149
3573	88	42	15893	410	0	16433
3574	111	47	217	15586	0	15961
3575	101	48	16166	258	0	16573
3576	105	47	236	15606	0	15994
3577	86	50	245	15660	0	16041
3578	79	47	107	15850	0	16083
3579	82	40	75	15797	0	15994
3580	15125	36	94	443	0	15698
3581	14944	32	102	299	0	15377
3582	411	36	14925	140	0	15512
3583	289	14606	267	168	0	15330
3584	112	178	15124	103	0	15517
3585	107	207	14941	95	0	15350
3586	14194	49	435	98	0	14776
3587	217	14867	333	97	0	15514
3588	14813	178	131	119	0	15241
3589	239	15103	134	107	0	15583
3590	14946	218	138	98	0	15400
3591	15081	214	96	125	0	15516
3592	417	60	118	14610	0	15205
3593	275	15046	118	278	0	15717
3594	100	192	80	15239	0	15611
3595	92	209	79	15363	0	15743
3596	111	57	15204	476	0	15848
3597	96	15135	254	368	0	15853
3598	93	211	264	15107	0	15675
3599	14960	222	129	295	0	15606
3600	15425	70	97	313	0	15905
3601	15560	39	119	145	0	15863
3602	462	15308	105	127	0	16002
3603	15592	220	83	117	0	16012
3604	306	16397	93	114	0	16910
3605	310	277	81	16518	0	17186
3606	156	274	16521	285	0	17236
3607	123	90	279	15916	0	16408
3608	124	16444	323	289	0	17180
3609	95	274	99	16348	0	16816
3610	92	301	84	16126	0	16603
3611	70	16586	106	526	0	17288
3612	16531	265	68	375	0	17239
3613	293	308	71	16462	0	17134
3614	333	106	16236	308	0	16983
3615	143	70	253	16323	0	16789
3616	116	82	275	16603	0	17076
3617	114	75	16528	541	0	17258
3618	122	99	272	14987	0	15480
3619	93	16220	314	328	0	16955
3620	156	283	16117	346	0	16902
3621	290	284	15042	161	0	15777
3622	53	14377	463	125	0	15018
3623	66	12128	261	84	0	12539
3624	35	9876	108	67	0	10086
3625	8902	235	230	60	0	9427
3626	8465	112	30	27	0	8634
3627	8435	21	35	31	0	8522
3628	178	17	27	8309	0	8531
3629	110	21	8339	106	0	8576
3630	18	25	85	8246	0	8374
3631	13	19	112	8336	0	8480
3632	8315	22	29	188	0	8554
3633	8290	21	20	118	0	8449
3634	182	8418	20	44	0	8664
3635	8480	95	17	32	0	8624
3636	8454	107	14	30	0	8605
3637	8643	38	20	35	0	8736
3638	206	20	8457	39	0	8722
3639	131	20	8367	33	0	8551
3640	29	32	183	8156	0	8400
3641	23	29	8424	102	0	8578
3642	7770	22	93	137	0	8022
3643	8046	11	103	46	0	8206
3644	187	14	7994	23	0	8218
3645	7479	15	81	31	0	7606
3646	89	7752	113	32	0	7986
3647	7822	81	29	18	0	7950
3648	94	106	11	7692	0	7903
3649	123	32	18	7237	0	7410
3650	40	7691	28	154	0	7913
3651	7634	86	18	102	0	7840
3652	7601	101	25	17	0	7744
3653	177	7699	24	17	0	7917
3654	120	96	14	7452	0	7682
3655	45	102	20	7379	0	7546
3656	27	7514	22	179	0	7742
3657	41	92	11	7514	0	7658
3658	34	106	20	7569	0	7729
3659	7433	25	19	181	0	7658
3660	7417	26	11	121	0	7575
3661	192	32	7410	35	0	7669
3662	7192	21	91	43	0	7347
3663	125	24	7442	33	0	7624
3664	119	43	89	7089	0	7340
3665	43	13	7307	116	0	7479
3666	31	7118	96	129	0	7374
3667	47	95	119	6804	0	7065
3668	34	99	20	6945	0	7098
3669	6858	18	26	179	0	7081
3670	102	16	20	6773	0	6911
3671	112	26	6706	93	0	6937
3672	6555	27	90	106	0	6778
3673	6675	16	106	29	0	6826
3674	6813	27	23	27	0	6890
3675	6687	19	12	33	0	6751
3676	188	23	17	6877	0	7105
3677	124	19	28	7085	0	7256
3678	36	20	18	7484	0	7558
3679	33	20	24	7535	0	7612
3680	7344	20	16	215	0	7595
3681	7331	9	20	132	0	7492
3682	211	19	21	6643	0	6894
3683	132	7093	21	118	0	7364
3684	7079	96	23	126	0	7324
3685	146	110	7052	37	0	7345
3686	136	7042	103	43	0	7324
3687	6585	88	111	34	0	6818
3688	110	6755	27	35	0	6927
3689	148	86	6623	25	0	6882
3690	6544	102	96	26	0	6768
3691	6581	25	113	23	0	6742
3692	212	23	6532	35	0	6802
3693	133	15	97	6420	0	6665
3694	44	25	108	6310	0	6487
3695	50	6470	23	182	0	6725
3696	47	89	28	6443	0	6607
3697	6128	98	29	105	0	6360
3698	116	6292	25	122	0	6555
3699	109	80	25	5896	0	6110
3700	47	112	11	5965	0	6135
3701	42	10	5866	176	0	6094
3702	35	5836	83	116	0	6070
3703	5223	108	85	53	0	5469
3704	69	4676	8	28	0	4781
3705	67	4314	11	20	0	4412
3706	4221	90	36	20	0	4367
3707	61	55	9	4110	0	4235
3708	58	9	17	4148	0	4232
3709	4145	10	16	93	0	4264
3710	55	12	14	4196	0	4277
3711	61	15	11	4232	0	4319
3712	4327	13	2	97	0	4439
3713	66	8	14	4161	0	4249
3714	61	4272	10	62	0	4405
3715	4251	54	10	65	0	4380
3716	65	51	4152	23	0	4291
3717	55	3940	54	32	0	4081
3718	17	109	44	3734	0	3904
3719	15	48	3681	54	0	3798
3720	16	10	3667	52	0	3745
3721	12	115	75	3251	0	3453
3722	3284	16	35	58	0	3393
3723	45	7	7	3312	0	3371
3724	38	4	10	3332	0	3384
3725	7	4	5	3397	0	3413
3726	6	7	6	3371	0	3390
3727	11	9	7	3417	0	3444
3728	15	4	3273	79	0	3371
3729	13	8	3206	38	0	3265
3730	7	8	66	3181	0	3262
3731	10	5	3238	54	0	3307
3732	7	3234	46	50	0	3337
3733	11	44	38	3208	0	3301
3734	13	40	3148	50	0	3251
3735	2751	7	45	51	0	2854
3736	39	3066	38	16	0	3159
3737	32	2924	7	23	0	2986
3738	12	3000	10	14	0	3036
3739	14	69	5	2916	0	3004
3740	2920	31	9	47	0	3007
3741	39	11	9	2920	0	2979
3742	2831	9	38	60	0	2938
3743	37	2837	5	54	0	2933
3744	2861	40	9	17	0	2927
3745	57	32	6	2848	0	2943
3746	40	10	8	2830	0	2888
3747	21	2845	10	72	0	2948
3748	16	43	6	2885	0	2950
3749	11	37	8	2893	0	2949
3750	11	16	13	2888	0	2928
3751	2814	14	9	70	0	2907
3752	2768	13	12	43	0	2836
3753	66	15	2806	18	0	2905
3754	2764	8	43	22	0	2837
3755	49	16	2851	29	0	2945
3756	40	11	44	2788	0	2883
3757	17	10	32	2860	0	2919
3758	21	4	12	2899	0	2936
3759	12	11	2832	78	0	2933
3760	15	12	39	2821	0	2887
3761	24	15	2887	54	0	2980
3762	6	20	45	2897	0	2968
3763	2839	15	34	54	0	2942
3764	50	13	2820	47	0	2930
3765	2765	13	40	28	0	2846
3766	40	14	36	2835	0	2925
3767	2849	10	9	53	0	2921
3768	41	2846	19	44	0	2950
3769	40	43	5	2828	0	2916
3770	25	33	2922	52	0	3032
3771	10	21	41	2847	0	2919
3772	17	82	36	2647	0	2782
3773	14	2798	11	81	0	2904
3774	15	37	2770	55	0	2877
3775	13	2776	36	32	0	2857
3776	2372	28	29	15	0	2444
3777	32	2456	12	17	0	2517
3778	2102	25	52	6	0	2185
3779	2072	12	5	9	0	2098
3780	2079	4	8	6	0	2097
3781	35	4	2	2081	0	2122
3782	19	0	2076	34	0	2129
3783	1	3	25	1980	0	2009
3784	6	2084	19	24	0	2133
3785	4	23	5	2067	0	2099
3786	2021	11	8	24	0	2064
3787	19	2068	6	20	0	2113
3788	13	20	3	2005	0	2041
3789	5	12	9	2017	0	2043
3790	1988	5	3	40	0	2036
3791	23	3	2005	28	0	2059
3792	17	1962	22	10	0	2011
3793	6	27	13	1826	0	1872
3794	6	13	1833	25	0	1877
3795	3	10	24	1707	0	1744
3796	2	1828	13	20	0	1863
3797	13	18	13	1831	0	1875
3798	4	12	6	1832	0	1854
3799	7	6	3	1825	0	1841
3800	2	5	1807	31	0	1845
3801	1718	2	21	16	0	1757
3802	22	7	9	1902	0	1940
3803	2108	3	3	25	0	2139
3804	2139	3	5	15	0	2162
3805	2176	5	1	9	0	2191
3806	2174	4	3	6	0	2187
3807	2200	3	3	4	0	2210
3808	44	2	1	2131	0	2178
3809	23	2143	1	26	0	2193
3810	7	23	3	2085	0	2118
3811	6	2082	3	18	0	2109
3812	6	15	2	1934	0	1957
3813	1904	15	3	18	0	1940
3814	16	2	1	1907	0	1926
3815	18	5	1872	18	0	1913
3816	1722	2	15	21	0	1760
3817	16	1889	17	4	0	1926
3818	1927	17	0	1	0	1945
3819	1904	16	1	3	0	1924
3820	1838	0	1	8	0	1847
3821	27	1908	2	3	0	1940
3822	15	13	5	1882	0	1915
3823	2	18	0	1893	0	1913
3824	1	5	1847	31	0	1884
3825	9	1	14	1755	0	1779
3826	7	1	16	1798	0	1822
3827	6	4	1	1795	0	1806
3828	2	1835	3	32	0	1872
3829	1846	14	2	20	0	1882
3830	1754	15	2	4	0	1775
3831	33	5	1837	3	0	1878
3832	17	1839	15	8	0	1879
3833	2	16	18	1849	0	1885
3834	1	20	1	1872	0	1894
3835	4	4	0	1872	0	1880
3836	4	1	1	1918	0	1924
3837	7	0	4	1956	0	1967
3838	4	2	1911	33	0	1950
3839	4	7	1834	24	0	1869
3840	1941	3	34	4	0	1982
3841	2059	0	21	3	0	2083
3842	2084	1	1	4	0	2090
3843	36	6	1	2079	0	2122
3844	25	2	2075	21	0	2123
3845	2017	2	17	25	0	2061
3846	2100	1	23	7	0	2131
3847	38	2	2063	5	0	2108
3848	2026	2	15	9	0	2052
3849	21	2	2264	7	0	2294
3850	23	4	16	2227	0	2270
3851	8	3	2294	16	0	2321
3852	2188	1	16	23	0	2228
3853	2268	2	22	4	0	2296
3854	2277	1	3	6	0	2287
3855	2315	3	3	7	0	2328
3856	36	5	2415	9	0	2465
3857	23	2410	17	10	0	2460
3858	2431	15	23	8	0	2477
3859	2417	23	3	7	0	2450
3860	41	3	2468	4	0	2516
3861	27	3	17	2325	0	2372
3862	7	1	23	2449	0	2480
3863	5	3	2439	35	0	2482
3864	2299	4	15	26	0	2344
3865	2443	3	22	8	0	2476
3866	39	2516	7	7	0	2569
3867	2585	16	1	7	0	2609
3868	2563	27	4	9	0	2603
3869	2555	1	8	8	0	2572
3870	2489	0	4	4	0	2497
3871	45	1	2447	6	0	2499
3872	2368	5	16	5	0	2394
3873	22	42	26	2351	0	2441
3874	33	2455	1	19	0	2508
3875	12	18	2412	28	0	2470
3876	12	2466	18	4	0	2500
3877	14	27	24	2256	0	2321
3878	5	21	2287	9	0	2322
3879	2084	1	12	22	0	2119
3880	14	2	2248	1	0	2265
3881	2174	1	11	3	0	2189
3882	13	0	21	2193	0	2227
3883	24	1	6	2180	0	2211
3884	6	2214	2	31	0	2253
3885	6	2263	4	21	0	2294
3886	12	30	1	2330	0	2373
3887	2310	20	3	13	0	2346
3888	2314	1	5	21	0	2341
3889	2321	2	0	6	0	2329
3890	35	2	2304	1	0	2342
3891	2247	4	11	2	0	2264
3892	16	4	2408	2	0	2430
3893	24	6	2294	0	0	2324
3894	2280	0	32	4	0	2316
3895	2341	1	23	4	0	2369
3896	31	3	2358	5	0	2397
3897	24	0	13	2265	0	2302
3898	6	3	22	2382	0	2413
3899	2406	0	1	31	0	2438
3900	2350	3	3	20	0	2376
3901	30	3	2481	4	0	2518
3902	24	2421	8	2	0	2455
3903	3	2303	16	9	0	2331
3904	2279	17	2	2	0	2300
3905	10	16	3	2260	0	2289
3906	20	3	0	2270	0	2293
3907	3	0	5	2311	0	2319
3908	1947	4	2	20	0	1973
3909	5	2	4	2317	0	2328
3910	2326	3	5	3	0	2337
3911	2338	0	1	16	0	2355
3912	21	2608	7	0	0	2636
3913	22	5	1	2766	0	2794
3914	7	15	2790	8	0	2820
3915	2662	1	7	22	0	2692
3916	2773	4	17	4	0	2798
3917	2761	1	3	3	0	2768
3918	25	6	2888	2	0	2921
3919	24	2	9	2882	0	2917
3920	2949	2	19	9	0	2979
3921	2841	1	2	16	0	2860
3922	2813	2	6	2	0	2823
3923	26	2839	2	8	0	2875
3924	16	2916	8	7	0	2947
3925	6	21	4	2968	0	2999
3926	6	17	1	2925	0	2949
3927	6	2985	4	26	0	3021
3928	2942	9	3	17	0	2971
3929	13	19	3031	4	0	3067
3930	18	2	6	3020	0	3046
3931	6	3	16	3028	0	3053
3932	9	4	3012	24	0	3049
3933	2774	1	10	22	0	2807
3934	3047	2	19	3	0	3071
3935	23	3046	4	4	0	3077
3936	3014	10	6	6	0	3036
3937	17	17	3176	3	0	3213
3938	3200	3	15	11	0	3229
3939	28	3	3297	3	0	3331
3940	3188	2	17	2	0	3209
3941	3263	2	20	3	0	3288
3942	3271	0	9	6	0	3286
3943	3228	0	6	7	0	3241
3944	24	3293	6	8	0	3331
3945	3371	7	6	5	0	3389
3946	3469	15	2	3	0	3489
3947	27	10	3502	11	0	3550
3948	3493	2	9	5	0	3509
3949	18	5	14	3454	0	3491
3950	16	6	3515	11	0	3548
3951	3479	0	9	17	0	3505
3952	13	2	14	3585	0	3614
3953	3708	1	3	9	0	3721
3954	3990	1	4	19	0	4014
3955	25	6	4203	10	0	4244
3956	4137	4	8	6	0	4155
3957	4230	3	17	5	0	4255
3958	4253	0	6	3	0	4262
3959	4320	2	3	3	0	4328
3960	31	2	2	4171	0	4206
3961	20	4282	11	10	0	4323
3962	4218	10	7	15	0	4250
3963	4266	12	3	9	0	4290
3964	4321	4	4	3	0	4332
3965	36	1	4301	2	0	4340
3966	23	4334	11	4	0	4372
3967	12	10	15	4360	0	4397
3968	14	12	5	4391	0	4422
3969	8	7	4599	23	0	4637
3970	11	2	17	4635	0	4665
3971	10	4	4742	26	0	4782
3972	7	1	23	4656	0	4687
3973	10	2	18	4757	0	4787
3974	12	3	4894	37	0	4946
3975	4626	1	19	27	0	4673
3976	4928	3	22	5	0	4958
3977	37	4	5155	4	0	5200
3978	4966	2	19	7	0	4994
3979	5128	2	24	4	0	5158
3980	47	4	5295	3	0	5349
3981	33	1	21	5220	0	5275
3982	8	5	21	5378	0	5412
3983	5400	3	6	38	0	5447
3984	26	5535	8	32	0	5601
3985	5333	20	7	8	0	5368
3986	5489	20	3	3	0	5515
3987	42	5730	10	7	0	5789
3988	5746	17	7	4	0	5774
3989	5712	23	4	4	0	5743
3990	50	5757	9	12	0	5828
3991	33	24	10	5772	0	5839
3992	14	5967	16	25	0	6022
3993	19	23	4	5960	0	6006
3994	18	27	5976	31	0	6052
3995	18	8	5955	31	0	6012
3996	5689	10	53	13	0	5765
3997	6024	4	41	9	0	6078
3998	61	11	6111	8	0	6191
3999	6060	1	33	9	0	6103
4000	6253	4	29	5	0	6291
4001	6179	5	11	5	0	6200
4002	58	6461	16	11	0	6546
4003	38	28	4	6546	0	6616
4004	6570	23	7	33	0	6633
4005	6443	5	7	36	0	6491
4006	53	9	6654	10	0	6726
4007	37	2	31	6519	0	6589
4008	20	6	27	6557	0	6610
4009	15	6701	18	56	0	6790
4010	21	6925	11	35	0	6992
4011	22	106	10	6554	0	6692
4012	17	6755	18	28	0	6818
4013	6587	31	6	28	0	6652
4014	47	6926	14	18	0	7005
4015	7026	41	9	11	0	7087
4016	57	35	7091	9	0	7192
4017	7264	9	46	17	0	7336
4018	7619	5	33	11	0	7668
4019	7594	6	8	7	0	7615
4020	7400	9	9	11	0	7429
4021	88	7498	15	13	0	7614
4022	56	41	9	7576	0	7682
4023	25	39	3	7603	0	7670
4024	16	16	7610	89	0	7731
4025	17	7	48	7406	0	7478
4026	16	9	36	7666	0	7727
4027	7627	13	10	85	0	7735
4028	54	7846	10	59	0	7969
4029	55	52	9	7775	0	7891
4030	24	42	11	7924	0	8001
4031	15	10	14	8032	0	8071
4032	7967	14	7	100	0	8088
4033	63	8	8	8011	0	8090
4034	8073	7	11	65	0	8156
4035	62	10	15	8071	0	8158
4036	65	4	6	8170	0	8245
4037	26	9	7853	107	0	7995
4038	6876	13	58	73	0	7020
4039	65	7874	54	24	0	8017
4040	8105	51	14	29	0	8199
4041	71	48	7	8028	0	8154
4042	70	11	11	8115	0	8207
4043	8270	11	16	96	0	8393
4044	8274	11	5	68	0	8358
4045	114	9	6	8674	0	8803
4046	80	9	8757	74	0	8920
4047	34	11	8695	90	0	8830
4048	24	9269	134	40	0	9467
4049	9390	63	103	20	0	9576
4050	9180	92	23	36	0	9331
4051	160	11	7	9151	0	9329
4052	99	9673	19	78	0	9869
4053	26	74	7	9667	0	9774
4054	28	94	6	9136	0	9264
4055	32	9035	13	151	0	9231
4056	8925	79	9	96	0	9109
4057	82	92	16	8886	0	9076
4058	106	9344	15	85	0	9550
4059	32	9622	4	109	0	9767
4060	9532	151	17	32	0	9732
4061	94	103	9552	21	0	9770
4062	9499	22	79	24	0	9624
4063	94	19	90	9685	0	9888
4064	107	22	20	9491	0	9640
4065	34	9798	21	160	0	10013
4066	34	106	17	9753	0	9910
4067	42	101	9832	97	0	10072
4068	24	9785	69	122	0	10000
4069	15	9796	86	50	0	9947
4070	9402	144	16	32	0	9594
4071	71	9764	12	35	0	9882
4072	97	69	12	9548	0	9726
4073	28	9773	13	83	0	9897
4074	31	71	7	9708	0	9817
4075	31	90	7	9754	0	9882
4076	32	27	9551	157	0	9767
4077	33	28	64	9323	0	9448
4078	33	20	89	9491	0	9633
4079	9347	21	21	150	0	9539
4080	86	28	9432	114	0	9660
4081	104	30	61	9425	0	9620
4082	47	26	9559	105	0	9737
4083	9041	29	71	127	0	9268
4084	75	9701	99	60	0	9935
4085	10152	75	20	57	0	10304
4086	90	106	19	10283	0	10498
4087	116	25	15	10254	0	10410
4088	39	45	10243	193	0	10520
4089	8804	26	91	159	0	9080
4090	86	10339	97	68	0	10590
4091	9513	100	21	59	0	9693
4092	100	108	23	10031	0	10262
4093	121	10451	25	120	0	10717
4094	10262	90	29	132	0	10513
4095	104	10737	24	59	0	10924
4096	116	97	10	10730	0	10953
4097	51	112	23	10723	0	10909
4098	44	25	24	10624	0	10717
4099	24	10563	23	221	0	10831
4100	44	99	31	10608	0	10782
4101	40	125	16	10621	0	10802
4102	10301	53	16	209	0	10579
4103	10275	36	24	134	0	10469
4104	10307	40	18	66	0	10431
4105	189	48	10375	72	0	10684
4106	10340	52	91	52	0	10535
4107	10574	36	115	58	0	10783
4108	10387	48	27	67	0	10529
4109	199	39	10179	55	0	10472
4110	10019	39	71	75	0	10204
4111	98	34	104	10419	0	10655
4112	144	56	10320	119	0	10639
4113	48	10330	83	158	0	10619
4114	61	177	107	9626	0	9971
4115	47	10045	36	91	0	10219
4116	49	10052	29	125	0	10255
4117	9493	156	77	53	0	9779
4118	90	102	23	9458	0	9673
4119	9590	35	25	97	0	9747
4120	92	32	20	9581	0	9725
4121	9601	30	28	79	0	9738
4122	80	31	15	9596	0	9722
4123	9590	43	21	99	0	9753
4124	89	43	9322	112	0	9566
4125	114	53	60	9320	0	9547
4126	42	53	9725	87	0	9907
4127	53	42	9349	120	0	9564
4128	37	44	9637	59	0	9777
4129	37	59	135	9301	0	9532
4130	43	37	9550	99	0	9729
4131	9309	29	59	125	0	9522
4132	69	25	79	9568	0	9741
4133	113	19	10207	113	0	10452
4134	34	25	64	10167	0	10290
4135	42	20	93	10331	0	10486
4136	50	29	11085	164	0	11328
4137	44	27	73	10877	0	11021
4138	58	25	91	10740	0	10914
4139	52	11178	32	148	0	11410
4140	11055	53	35	105	0	11248
4141	11004	83	31	47	0	11165
4142	151	26	10825	53	0	11055
4143	10385	21	69	42	0	10517
4144	86	24	10509	56	0	10675
4145	77	29	9948	32	0	10086
4146	38	18	10083	45	0	10184
4147	52	252	100	9429	0	9833
4148	33	25	9891	57	0	10006
4149	35	39	37	9376	0	9487
4150	21	13	41	9559	0	9634
4151	18	11	9	9556	0	9594
4152	26	8	12	9527	0	9573
4153	9445	7	12	79	0	9543
4154	9267	23	10	58	0	9358
4155	69	9644	17	48	0	9778
4156	47	29	11	9744	0	9831
4157	34	36	10036	61	0	10167
4158	29	10135	46	62	0	10272
4159	23	50	47	10331	0	10451
4160	33	47	10545	63	0	10688
4161	22	17	65	10174	0	10278
4162	25	15	10482	67	0	10589
4163	28	16	10354	58	0	10456
4164	20	12	101	10511	0	10644
4165	21	9	52	10581	0	10663
4166	10633	4	11	115	0	10763
4167	61	5	20	10547	0	10633
4168	10438	7	20	72	0	10537
4169	47	10442	18	78	0	10585
4170	51	10704	19	38	0	10812
4171	9	106	16	10759	0	10890
4172	10803	55	12	62	0	10932
4173	55	11059	19	74	0	11207
4174	60	54	15	11347	0	11476
4175	11726	51	9	62	0	11848
4176	11700	5	14	61	0	11780
4177	11651	8	19	16	0	11694
4178	11642	4	17	29	0	11692
4179	11797	6	24	19	0	11846
4180	112	18	11648	25	0	11803
4181	70	13	11499	29	0	11611
4182	10	11662	104	24	0	11800
4183	16	111	70	11509	0	11706
4184	10	62	11942	61	0	12075
4185	23	13	11538	48	0	11622
4186	19	53	102	11171	0	11345
4187	17	10	12196	63	0	12286
4188	16	22	12277	66	0	12381
4189	6	15374	118	26	0	15524
4190	15237	96	63	14	0	15410
4191	79	16885	17	21	0	17002
4192	120	118	14	16373	0	16625
4193	17165	120	22	103	0	17410
4194	116	17826	21	139	0	18102
4195	145	123	16	17170	0	17454
4196	24	136	17663	126	0	17949
4197	17122	14	128	137	0	17401
4198	17760	15	137	25	0	17937
4199	18107	14	15	25	0	18161
4200	262	10	11	17943	0	18226
4201	171	16	18348	139	0	18674
4202	21	18215	145	155	0	18536
4203	31	152	147	17989	0	18319
4204	17922	155	21	124	0	18222
4205	160	27	18388	148	0	18723
4206	161	17731	156	39	0	18087
4207	49	141	18437	27	0	18654
4208	17573	148	148	31	0	17900
4209	18519	19	157	28	0	18723
4210	18533	15	24	31	0	18603
4211	312	20	18326	27	0	18685
4212	189	18042	145	36	0	18412
4213	44	144	173	17792	0	18153
4214	30	156	35	18129	0	18350
4215	35	25	28	18147	0	18235
4216	44	30	17982	287	0	18343
4217	16580	24	159	197	0	16960
4218	175	26	18339	39	0	18579
4219	17974	22	170	35	0	18201
4220	18406	28	182	43	0	18659
4221	18547	26	39	34	0	18646
4222	18108	28	30	39	0	18205
4223	337	36	18274	24	0	18671
4224	208	32	170	17679	0	18089
4225	62	42	18239	148	0	18491
4226	52	17660	170	198	0	18080
4227	49	18115	184	72	0	18420
4228	17964	304	46	52	0	18366
4229	17397	202	46	53	0	17698
4230	315	18151	63	69	0	18598
4231	18250	172	46	54	0	18522
4232	225	210	17180	53	0	17668
4233	17209	43	145	65	0	17462
4234	214	17772	224	53	0	18263
4235	18296	184	50	43	0	18573
4236	17541	202	54	38	0	17835
4237	398	51	53	17169	0	17671
4238	265	46	43	17426	0	17780
4239	17284	47	66	343	0	17740
4240	226	57	57	17438	0	17778
4241	17461	48	63	207	0	17779
4242	244	38	57	17471	0	17810
4243	17320	34	75	205	0	17634
4244	16821	55	66	206	0	17148
4245	372	16978	81	64	0	17495
4246	253	17252	79	70	0	17654
4247	16515	348	68	48	0	16979
4248	231	17033	64	58	0	17386
4249	251	187	78	16515	0	17031
4250	114	214	67	16740	0	17135
4251	15992	72	73	359	0	16496
4252	214	16525	76	253	0	17068
4253	264	16351	73	92	0	16780
4254	126	16475	78	107	0	16786
4255	146	344	15654	91	0	16235
4256	139	230	15910	70	0	16349
4257	136	91	16060	80	0	16367
4258	156	316	357	13009	0	13838
4259	132	15188	223	160	0	15703
4260	15224	171	48	197	0	15640
4261	240	200	15046	79	0	15565
4262	270	65	14933	102	0	15370
4263	118	61	15280	74	0	15533
4264	137	49	367	14646	0	15199
4265	146	67	210	14913	0	15336
4266	152	71	64	15094	0	15381
4267	14984	56	68	308	0	15416
4268	14902	73	94	197	0	15266
4269	15074	70	75	74	0	15293
4270	361	49	89	14578	0	15077
4271	262	61	14360	175	0	14858
4272	118	88	14523	183	0	14912
4273	127	65	307	14165	0	14664
4274	134	53	208	14034	0	14429
4275	13763	50	76	310	0	14199
4276	232	13730	63	236	0	14261
4277	13800	145	59	83	0	14087
4278	211	13820	69	104	0	14204
4279	255	166	51	13554	0	14026
4280	114	191	13538	216	0	14059
4281	136	83	147	13453	0	13819
4282	13517	37	179	207	0	13940
4283	211	50	13397	222	0	13880
4284	12849	54	148	64	0	13115
4285	248	49	12973	57	0	13327
4286	299	64	12516	46	0	12925
4287	11631	59	279	68	0	12037
4288	224	54	11980	77	0	12335
4289	143	31	8399	34	0	8607
4290	135	8049	220	35	0	8439
4291	6769	128	252	63	0	7212
4292	6475	51	36	24	0	6586
4293	6467	8	13	22	0	6510
4294	83	16	6199	25	0	6323
4295	5934	10	35	14	0	5993
4296	47	6218	45	14	0	6324
4297	6162	32	5	16	0	6215
4298	43	50	6098	14	0	6205
4299	49	37	36	5719	0	5841
4300	7	4	5799	49	0	5859
4301	16	5717	35	35	0	5803
4302	21	19	88	5299	0	5427
4303	15	26	2	5402	0	5445
4304	5488	3	4	36	0	5531
4305	5420	4	5	27	0	5456
4306	5428	4	4	8	0	5444
4307	5412	2	7	6	0	5427
4308	5290	4	4	8	0	5306
4309	49	7	5332	8	0	5396
4310	33	1	24	5171	0	5229
4311	12	9	5502	22	0	5545
4312	7	4	21	5462	0	5494
4313	5615	4	37	24	0	5680
4314	5657	7	5	35	0	5704
4315	5702	2	11	10	0	5725
4316	5710	6	11	6	0	5733
4317	60	7	5909	11	0	5987
4318	46	0	28	5767	0	5841
4319	15	5	5918	29	0	5967
4320	15	6079	24	42	0	6160
4321	7	6117	50	4	0	6178
4322	14	71	11	5912	0	6008
4323	10	55	9	6417	0	6491
4324	8	5	14	6798	0	6825
4325	10	6	9	7127	0	7152
4326	6986	7	6	108	0	7107
4327	39	7002	15	73	0	7129
4328	6814	38	6	10	0	6868
4329	53	60	5	6781	0	6899
4330	73	5	7	6466	0	6551
4331	19	6786	11	101	0	6917
4332	19	52	7	6742	0	6820
4333	6618	60	8	44	0	6730
4334	46	6432	9	73	0	6560
4335	59	6144	7	23	0	6233
4336	6076	85	9	16	0	6186
4337	45	56	6	6061	0	6168
4338	64	6140	9	49	0	6262
4339	18	58	5	6227	0	6308
4340	6233	55	3	53	0	6344
4341	52	14	8	6220	0	6294
4342	68	7	6	6255	0	6336
4343	6193	7	5	98	0	6303
4344	42	7	8	6165	0	6222
4345	65	6210	6	57	0	6338
4346	24	40	8	6162	0	6234
4347	12	6197	7	59	0	6275
4348	18	54	5	6180	0	6257
4349	6125	53	7	58	0	6243
4350	6139	12	6	68	0	6225
4351	95	10	4	6191	0	6300
4352	71	11	6127	57	0	6266
4353	5811	11	44	71	0	5937
4354	53	8	6168	26	0	6255
4355	5954	13	47	18	0	6032
4356	6040	8	57	17	0	6122
4357	106	20	5954	22	0	6102
4358	65	5951	49	25	0	6090
4359	5970	47	67	20	0	6104
4360	6041	57	12	28	0	6138
4361	104	13	6251	21	0	6389
4362	6092	11	61	12	0	6176
4363	6054	11	53	15	0	6133
4364	5986	8	12	16	0	6022
4365	115	2	4	6034	0	6155
4366	71	9	8	6074	0	6162
4367	20	6132	12	105	0	6269
4368	20	46	8	6212	0	6286
4369	16	57	3	6213	0	6289
4370	21	24	6122	109	0	6276
4371	21	17	5881	77	0	5996
4372	5332	12	93	35	0	5472
4373	5787	13	58	26	0	5884
4374	106	5846	16	30	0	5998
4375	77	52	10	5840	0	5979
4376	28	62	6079	61	0	6230
4377	29	18	48	6040	0	6135
4378	29	10	59	6151	0	6249
4379	16	18	9	6317	0	6360
4380	15	6367	12	130	0	6524
4381	24	55	7	6561	0	6647
4382	22	72	11	6603	0	6708
4383	27	27	6495	128	0	6677
4384	29	14	6474	89	0	6606
4385	5998	14	110	33	0	6155
4386	6385	15	74	32	0	6506
4387	125	15	12	6727	0	6879
4388	85	16	11	6568	0	6680
4389	29	11	18	6739	0	6797
4390	27	23	6436	159	0	6645
4391	30	6316	65	119	0	6530
4392	33	69	6341	45	0	6488
4393	6063	80	77	35	0	6255
4394	81	32	6346	30	0	6489
4395	6225	13	70	29	0	6337
4396	6181	11	81	27	0	6300
4397	6297	15	27	24	0	6363
4398	157	13	18	6193	0	6381
4399	107	8	6162	161	0	6438
4400	38	6244	72	103	0	6457
4401	31	77	81	6109	0	6298
4402	27	85	22	6243	0	6377
4403	31	28	6475	149	0	6683
4404	17	6324	83	109	0	6533
4405	6523	75	93	32	0	6723
4406	73	6812	38	36	0	6959
4407	7316	89	20	31	0	7456
4408	116	103	19	7273	0	7511
4409	134	18	7561	108	0	7821
4410	29	7606	96	116	0	7847
4411	7580	97	116	46	0	7839
4412	115	114	7649	23	0	7901
4413	7568	17	110	34	0	7729
4414	7591	21	112	24	0	7748
4415	207	21	7680	22	0	7930
4416	7543	15	110	12	0	7680
4417	7504	11	117	17	0	7649
4418	7415	5	32	21	0	7473
4419	220	7310	31	24	0	7585
4420	7041	89	23	23	0	7176
4421	111	7153	20	21	0	7305
4422	119	96	7095	24	0	7334
4423	28	7012	99	23	0	7162
4424	6343	96	141	25	0	6605
4425	6335	79	16	18	0	6448
4426	6405	14	16	9	0	6444
4427	166	9	14	6192	0	6381
4428	101	8	10	6335	0	6454
4429	6160	8	7	146	0	6321
4430	6218	13	11	88	0	6330
4431	164	8	6	6076	0	6254
4432	95	12	6161	78	0	6346
4433	24	6013	81	86	0	6204
4434	14	6184	87	21	0	6306
4435	20	158	18	6068	0	6264
4436	32	90	6137	75	0	6334
4437	27	14	76	5721	0	5838
4438	23	6037	89	71	0	6220
4439	14	78	16	6056	0	6164
4440	28	82	5986	82	0	6178
4441	21	16	77	5985	0	6099
4442	26	9	6319	84	0	6438
4443	17	21	88	6185	0	6311
4444	23	19	6435	104	0	6581
4445	34	13	6337	85	0	6469
4446	5903	7	154	20	0	6084
4447	6293	13	95	12	0	6413
4448	6364	7	26	18	0	6415
4449	173	6289	19	20	0	6501
4450	117	78	15	6329	0	6539
4451	6241	91	20	82	0	6434
4452	6313	24	27	95	0	6459
4453	6345	15	23	24	0	6407
4454	172	31	6299	30	0	6532
4455	106	6102	92	23	0	6323
4456	36	6394	105	11	0	6546
4457	6269	144	34	16	0	6463
4458	100	94	14	6218	0	6426
4459	6249	22	20	79	0	6370
4460	100	23	6160	92	0	6375
4461	102	21	76	5981	0	6180
4462	38	28	97	6081	0	6244
4463	45	22	22	5846	0	5935
4464	44	6170	23	142	0	6379
4465	6093	75	34	88	0	6290
4466	6071	95	20	25	0	6211
4467	169	6132	20	22	0	6343
4468	114	75	19	6037	0	6245
4469	6079	90	26	70	0	6265
4470	112	20	16	6116	0	6264
4471	6120	32	14	86	0	6252
4472	99	6056	26	106	0	6287
4473	6006	87	26	19	0	6138
4474	105	98	5921	25	0	6149
4475	115	5937	88	42	0	6182
4476	50	80	5836	27	0	5993
4477	126	186	97	5477	0	5886
4478	5525	26	95	78	0	5724
4479	5562	15	25	88	0	5690
4480	5522	20	25	28	0	5595
4481	168	14	15	5353	0	5550
4482	5411	17	26	74	0	5528
4483	90	19	21	5399	0	5529
4484	5394	20	25	77	0	5516
4485	5425	13	29	86	0	5553
4486	157	21	5449	29	0	5656
4487	88	18	5086	24	0	5216
4488	35	23	5117	25	0	5200
4489	30	26	122	4884	0	5062
4490	4984	17	99	63	0	5163
4491	73	11	14	5034	0	5132
4492	80	10	21	5086	0	5197
4493	5337	11	18	125	0	5491
4494	5358	7	19	91	0	5475
4495	5444	11	12	31	0	5498
4496	5477	10	12	21	0	5520
4497	130	13	15	5402	0	5560
4498	5380	11	11	63	0	5465
4499	76	5360	16	71	0	5523
4500	5399	52	15	25	0	5491
4501	5380	66	21	21	0	5488
4502	128	17	5203	19	0	5367
4503	4699	10	54	16	0	4779
4504	65	12	4807	12	0	4896
4505	61	10	4408	8	0	4487
4506	28	11	4373	13	0	4425
4507	31	117	66	3521	0	3735
4508	9	0	3721	17	0	3747
4509	13	21	19	3369	0	3422
4510	6	5	3578	13	0	3602
4511	9	4	3929	20	0	3962
4512	3	8	25	3735	0	3771
4513	1	1	16	3944	0	3962
4514	5	7	4108	24	0	4144
4515	3829	1	12	23	0	3865
4516	14	0	21	4121	0	4156
4517	21	3	3	4164	0	4191
4518	4159	0	2	36	0	4197
4519	13	1	1	4328	0	4343
4520	28	4	4312	12	0	4356
4521	5	6	4140	21	0	4172
4522	2	6	28	4016	0	4052
4523	9	6	4236	11	0	4262
4524	2	4319	15	17	0	4353
4525	4	9	16	4227	0	4256
4526	4244	14	9	10	0	4277
4527	14	3	4298	19	0	4334
4528	4069	1	17	8	0	4095
4529	14	4	15	4419	0	4452
4530	15	1	1	4465	0	4482
4531	4	0	0	4512	0	4516
4532	3	5	4	4489	0	4501
4533	4425	1	2	30	0	4458
4534	15	4912	5	19	0	4951
4535	18	23	1	5022	0	5064
4536	6	24	2	4975	0	5007
4537	5	5	0	5002	0	5012
4538	2	1	3	5021	0	5027
4539	4926	2	3	63	0	4994
4540	27	4955	5	45	0	5032
4541	4881	24	4	13	0	4922
4542	27	4711	8	6	0	4752
4543	25	4832	6	5	0	4868
4544	4682	47	6	6	0	4741
4545	39	29	4770	4	0	4842
4546	31	6	30	4784	0	4851
4547	4928	4	24	33	0	4989
4548	4972	4	7	35	0	5018
4549	4586	5	11	27	0	4629
4550	5094	0	11	11	0	5116
4551	53	5383	8	12	0	5456
4552	5446	31	3	10	0	5490
4553	5530	32	6	11	0	5579
4554	65	5888	7	19	0	5979
4555	46	43	3	6039	0	6131
4556	20	52	6067	51	0	6190
4557	11	9	52	6052	0	6124
4558	5940	6	47	61	0	6054
4559	49	9	6319	62	0	6439
4560	55	6278	54	28	0	6415
4561	16	48	6397	14	0	6475
4562	23	63	52	5673	0	5811
4563	13	6228	57	48	0	6346
4564	6189	51	14	46	0	6300
4565	43	6329	11	13	0	6396
4566	58	59	9	6144	0	6270
4567	15	56	7	6341	0	6419
4568	6221	12	11	105	0	6349
4569	65	9	2	6043	0	6119
4570	57	6240	10	59	0	6366
4571	6165	50	4	59	0	6278
4572	6100	53	3	17	0	6173
4573	107	6320	4	19	0	6450
4574	6253	54	8	16	0	6331
4575	59	6316	13	16	0	6404
4576	6223	64	3	21	0	6311
4577	67	6365	5	17	0	6454
4578	69	79	13	5882	0	6043
4579	14	61	10	6363	0	6448
4580	6274	11	9	101	0	6395
4581	6351	11	14	64	0	6440
4582	97	6401	6	42	0	6546
4583	78	69	6228	27	0	6402
4584	6326	59	53	25	0	6463
4585	64	20	60	6360	0	6504
4586	75	6518	21	57	0	6671
4587	23	61	5	6550	0	6639
4588	6540	65	9	68	0	6682
4589	6582	18	4	73	0	6677
4590	6681	14	6	29	0	6730
4591	119	18	2	6606	0	6745
4592	84	24	6593	65	0	6766
4593	6156	7	52	79	0	6294
4594	6323	18	56	28	0	6425
4595	6376	21	9	27	0	6433
4596	121	6313	14	28	0	6476
4597	89	60	12	6283	0	6444
4598	39	6529	10	69	0	6647
4599	36	75	10	6531	0	6652
4600	25	84	8	6584	0	6701
4601	31	30	6845	129	0	7035
4602	29	25	61	7325	0	7440
4603	30	20	77	7511	0	7638
4604	7431	17	17	172	0	7637
4605	94	7581	21	106	0	7802
4606	7589	81	11	37	0	7718
4607	7839	99	16	23	0	7977
4608	189	37	9	7770	0	8005
4609	137	32	7845	96	0	8110
4610	44	7691	82	102	0	7919
4611	30	7507	96	36	0	7669
4612	7196	164	25	34	0	7419
4613	100	7528	25	38	0	7691
4614	95	93	18	7212	0	7418
4615	43	91	12	7477	0	7623
4616	38	33	7381	168	0	7620
4617	38	32	7357	102	0	7529
4618	39	7337	153	35	0	7564
4619	32	101	91	7196	0	7420
4620	7235	100	16	92	0	7443
4621	97	39	13	7434	0	7583
4622	98	31	7524	122	0	7775
4623	30	35	88	7435	0	7588
4624	7165	23	87	120	0	7395
4625	7184	19	26	111	0	7340
4626	181	7306	19	55	0	7561
4627	7251	93	18	47	0	7409
4628	107	7334	25	29	0	7495
4629	7307	98	13	28	0	7446
4630	118	114	12	7095	0	7339
4631	120	44	7147	93	0	7404
4632	46	38	7059	107	0	7250
4633	34	7132	154	42	0	7362
4634	72	88	130	6468	0	6758
4635	44	78	12	6693	0	6827
4636	6649	20	14	145	0	6828
4637	6702	19	11	90	0	6822
4638	6860	16	7	28	0	6911
4639	161	23	8	6731	0	6923
4640	93	21	15	6840	0	6969
4641	43	18	9	6951	0	7021
4642	33	36	6842	150	0	7061
4643	37	24	6783	96	0	6940
4644	6470	15	138	40	0	6663
4645	6630	20	86	38	0	6774
4646	152	23	6711	31	0	6917
4647	6471	18	86	30	0	6605
4648	6393	19	88	38	0	6538
4649	152	17	6439	24	0	6632
4650	104	6392	74	22	0	6592
4651	47	67	88	6056	0	6258
4652	37	84	6237	85	0	6443
4653	27	6520	80	92	0	6719
4654	40	94	72	5619	0	5825
4655	30	6157	37	56	0	6280
4656	25	65	5959	68	0	6117
4657	34	70	6045	22	0	6171
4658	19	128	107	5813	0	6067
4659	5926	20	72	68	0	6086
4660	63	17	17	5920	0	6017
4661	5852	15	18	68	0	5953
4662	69	11	21	5866	0	5967
4663	75	21	5836	72	0	6004
4664	5463	19	62	79	0	5623
4665	65	23	5868	36	0	5992
4666	5731	17	64	28	0	5840
4667	74	20	65	5549	0	5708
4668	77	5839	30	69	0	6015
4669	32	64	22	5747	0	5865
4670	24	6031	28	67	0	6150
4671	47	58	19	5486	0	5610
4672	27	6054	23	79	0	6183
4673	5850	61	32	76	0	6019
4674	5920	70	20	36	0	6046
4675	5895	27	23	24	0	5969
4676	134	20	5888	29	0	6071
4677	86	18	61	5760	0	5925
4678	40	19	5962	76	0	6097
4679	36	5697	79	84	0	5896
4680	31	5868	81	42	0	6022
4681	5646	108	33	23	0	5810
4682	73	79	5746	37	0	5935
4683	76	5640	70	32	0	5818
4684	36	61	68	5685	0	5850
4685	5631	71	28	67	0	5797
4686	75	5802	22	79	0	5978
4687	5862	62	29	25	0	5978
4688	80	70	5821	34	0	6005
4689	81	19	71	5849	0	6020
4690	39	22	71	6016	0	6148
4691	32	20	34	6100	0	6186
4692	31	6123	20	131	0	6305
4693	37	68	28	6009	0	6142
4694	36	78	6175	82	0	6371
4695	37	25	78	6059	0	6199
4696	36	14	82	6191	0	6323
4697	32	17	31	6071	0	6151
4698	36	6022	32	134	0	6224
4699	35	56	28	5978	0	6097
4700	37	82	32	5867	0	6018
4701	28	5556	29	125	0	5738
4702	4866	37	21	63	0	4987
4703	50	5023	21	29	0	5123
4704	52	4922	20	29	0	5023
4705	46	113	13	4775	0	4947
4706	20	52	4771	45	0	4888
4707	4020	29	39	45	0	4133
4708	34	9	34	4516	0	4593
4709	35	10	4440	41	0	4526
4710	15	4433	38	55	0	4541
4711	13	32	39	4446	0	4530
4712	14	48	4543	36	0	4641
4713	22	17	42	4333	0	4414
4714	18	10	39	4386	0	4453
4715	4283	11	8	71	0	4373
4716	35	4331	13	48	0	4427
4717	4269	29	11	15	0	4324
4718	38	42	4349	11	0	4440
4719	37	4369	34	18	0	4458
4720	7	31	4398	16	0	4452
4721	12	75	28	4313	0	4428
4722	4290	8	39	37	0	4374
4723	26	6	9	4279	0	4320
4724	4294	8	9	31	0	4342
4725	4313	10	5	42	0	4370
4726	55	6	9	4347	0	4417
4727	43	13	4632	30	0	4718
4728	14	12	4826	49	0	4901
4729	7	7	69	4866	0	4949
4730	10	9	42	4965	0	5026
4731	4926	8	9	78	0	5021
4732	33	4	12	4918	0	4967
4733	51	4923	11	40	0	5025
4734	14	32	6	4960	0	5012
4735	11	45	11	4993	0	5060
4736	4899	12	15	79	0	5005
4737	35	5027	9	59	0	5130
4738	47	27	6	5016	0	5096
4739	12	49	10	4979	0	5050
4740	12	4978	8	86	0	5084
4741	7	37	9	5047	0	5100
4742	18	49	8	4913	0	4988
4743	6	4926	8	94	0	5034
4744	13	34	7	4939	0	4993
4745	13	51	11	4867	0	4942
4746	4	4872	4	97	0	4977
4747	6	32	11	4950	0	4999
4748	4860	51	6	52	0	4969
4749	4850	14	5	62	0	4931
4750	4853	10	4	31	0	4898
4751	4838	10	6	27	0	4881
4752	81	4680	2	28	0	4791
4753	4279	31	6	17	0	4333
4754	26	4265	10	20	0	4321
4755	38	4180	6	22	0	4246
4756	17	83	20	4123	0	4243
4757	9	42	4181	35	0	4267
4758	3974	9	31	49	0	4063
4759	4160	10	35	13	0	4218
4760	70	10	4379	18	0	4477
4761	4285	12	29	13	0	4339
4762	4429	5	48	11	0	4493
4763	73	4397	14	13	0	4497
4764	4829	35	7	20	0	4891
4765	35	47	10	4795	0	4887
4766	57	7	10	4812	0	4886
4767	19	12	7	4859	0	4897
4768	12	15	6	4854	0	4887
4769	4781	7	7	83	0	4878
4770	39	8	7	4717	0	4771
4771	55	11	6	4708	0	4780
4772	23	9	4610	83	0	4725
4773	4084	9	33	76	0	4202
4774	4578	5	46	25	0	4654
4775	4587	14	7	23	0	4631
4776	73	4565	11	29	0	4678
4777	58	4632	11	24	0	4725
4778	4582	70	4	20	0	4676
4779	38	51	4	4597	0	4690
4780	59	4729	5	53	0	4846
4781	14	48	8	4705	0	4775
4782	16	4805	6	53	0	4880
4783	4667	35	10	62	0	4774
4784	39	4843	9	44	0	4935
4785	57	36	8	4688	0	4789
4786	27	45	3	4710	0	4785
4787	22	27	4868	77	0	4994
4788	24	5091	34	53	0	5202
4789	20	65	45	5189	0	5319
4790	26	69	5331	51	0	5477
4791	20	21	5551	60	0	5652
4792	18	25	96	5456	0	5595
4793	19	10	75	5430	0	5534
4794	10	5440	11	137	0	5598
4795	13	5627	11	94	0	5745
4796	20	116	9	5603	0	5748
4797	5589	77	5	64	0	5735
4798	55	14	6	5870	0	5945
4799	6023	12	9	72	0	6116
4800	6081	11	9	82	0	6183
4801	6152	12	6	30	0	6200
4802	145	13	6151	26	0	6335
4803	6082	15	53	23	0	6173
4804	67	18	75	6145	0	6305
4805	89	11	8	6171	0	6279
4806	26	11	6149	146	0	6332
4807	16	13	6123	89	0	6241
4808	23	25	121	5871	0	6040
4809	19	5981	75	71	0	6146
4810	23	6104	18	89	0	6234
4811	36	126	14	6044	0	6220
4812	5941	80	13	61	0	6095
4813	63	19	6	6048	0	6136
4814	80	19	10	5905	0	6014
4815	21	6007	16	129	0	6173
4816	23	63	9	6045	0	6140
4817	27	81	6098	68	0	6274
4818	25	26	5913	88	0	6052
4819	5616	16	121	25	0	5778
4820	53	6004	78	28	0	6163
4821	6008	48	12	31	0	6099
4822	6018	78	16	20	0	6132
4823	125	23	14	5563	0	5725
4824	82	5999	13	62	0	6156
4825	30	56	12	6018	0	6116
4826	6064	70	17	61	0	6212
4827	61	5925	11	85	0	6082
4828	5662	50	8	23	0	5743
4829	55	5756	8	22	0	5841
4830	5736	49	9	23	0	5817
4831	5686	57	12	14	0	5769
4832	101	5696	5	20	0	5822
4833	76	50	7	5679	0	5812
4834	5703	69	15	51	0	5838
4835	59	19	5534	70	0	5682
4836	73	22	5468	26	0	5589
4837	26	47	88	5334	0	5495
4838	5499	9	75	52	0	5635
4839	52	12	12	5461	0	5537
4840	5496	9	10	56	0	5571
4841	54	12	5670	72	0	5808
4842	5644	14	39	25	0	5722
4843	5891	12	56	16	0	5975
4844	106	10	12	5827	0	5955
4845	76	5	10	5888	0	5979
4846	22	8	14	5887	0	5931
4847	22	5909	4	109	0	6044
4848	28	40	8	5916	0	5992
4849	18	56	14	5920	0	6008
4850	5920	11	13	98	0	6042
4851	5870	13	15	72	0	5970
4852	100	14	5858	23	0	5995
4853	5737	11	41	29	0	5818
4854	58	14	5921	28	0	6021
4855	5382	11	63	35	0	5491
4856	65	16	5814	31	0	5926
4857	74	13	5703	27	0	5817
4858	27	34	92	5553	0	5706
4859	37	19	5726	69	0	5851
4860	5500	18	57	70	0	5645
4861	56	11	58	5922	0	6047
4862	6060	13	24	61	0	6158
4863	6126	13	15	69	0	6223
4864	5852	16	13	28	0	5909
4865	5763	18	12	18	0	5811
4866	112	16	5770	33	0	5931
4867	85	5	51	5721	0	5862
4868	43	11	5937	58	0	6049
4869	41	7	46	5883	0	5977
4870	5916	9	58	68	0	6051
4871	58	14	29	5992	0	6093
4872	6107	9	24	64	0	6204
4873	60	12	27	6134	0	6233
4874	76	15	17	6169	0	6277
4875	6151	14	14	106	0	6285
4876	58	6152	21	80	0	6311
4877	6078	48	14	35	0	6175
4878	68	6132	13	44	0	6257
4879	63	52	15	6134	0	6264
4880	6053	55	10	63	0	6181
4881	59	20	6096	83	0	6258
4882	81	10	41	6117	0	6249
4883	6147	13	62	57	0	6279
4884	6162	12	24	65	0	6263
4885	102	17	21	6058	0	6198
4886	79	6269	20	53	0	6421
4887	39	6098	15	61	0	6213
4888	28	189	19	5684	0	5920
4889	5832	49	8	36	0	5925
4890	38	5665	15	50	0	5768
4891	44	5327	14	47	0	5432
4892	5205	46	24	12	0	5287
4893	25	5268	11	14	0	5318
4894	5354	25	16	16	0	5411
4895	42	30	10	5278	0	5360
4896	43	11	8	5236	0	5298
4897	15	5321	7	55	0	5398
4898	15	5256	4	42	0	5317
4899	4935	43	4	15	0	4997
4900	31	5204	4	13	0	5252
4901	33	5483	4	10	0	5530
4902	30	61	13	5378	0	5482
4903	5501	46	0	37	0	5584
4904	44	13	5852	44	0	5953
4905	5719	3	38	13	0	5773
4906	49	4	56	6287	0	6396
4907	58	7	6414	59	0	6538
4908	25	3	6564	65	0	6657
4909	9	4	107	6593	0	6713
4910	12	25	6919	62	0	7018
4911	6671	4	64	80	0	6819
4912	6911	10	65	14	0	7000
4913	119	10	7023	17	0	7169
4914	80	8	57	6879	0	7024
4915	18	4	68	7009	0	7099
4916	7071	6	17	122	0	7216
4917	63	5	10	6615	0	6693
4918	74	6934	15	63	0	7086
4919	6880	53	7	68	0	7008
4920	62	7007	9	21	0	7099
4921	70	7122	10	19	0	7221
4922	23	120	13	6967	0	7123
4923	17	69	11	6978	0	7075
4924	13	22	6	7079	0	7120
4925	15	15	6844	130	0	7004
4926	6065	12	56	82	0	6215
4927	59	6698	65	40	0	6862
4928	6821	60	19	20	0	6920
4929	6870	71	7	20	0	6968
4930	128	21	5	6766	0	6920
4931	85	6871	10	73	0	7039
4932	25	67	11	6982	0	7085
4933	17	81	4	7009	0	7111
4934	7080	29	3	132	0	7244
4935	7021	17	5	90	0	7133
4936	137	20	7031	34	0	7222
4937	6977	14	64	26	0	7081
4938	77	7237	69	22	0	7405
4939	7216	69	18	21	0	7324
4940	80	7824	10	28	0	7942
4941	90	83	8	7557	0	7738
4942	32	102	6	7446	0	7586
4943	21	7670	16	179	0	7886
4944	27	74	6	7837	0	7944
4945	22	113	6	7810	0	7951
4946	28	27	5	7695	0	7755
4947	21	7648	12	182	0	7863
4948	15	78	9	7770	0	7872
4949	29	106	10	7749	0	7894
4950	19	34	12	7846	0	7911
4951	25	29	7607	181	0	7842
4952	7019	22	73	139	0	7253
4953	93	30	7686	43	0	7852
4954	7419	24	90	34	0	7567
4955	101	24	7743	32	0	7900
4956	7521	19	87	41	0	7668
4957	7638	22	99	30	0	7789
4958	178	30	7712	32	0	7952
4959	132	19	75	7501	0	7727
4960	42	19	7485	99	0	7645
4961	6853	28	93	117	0	7091
4962	94	28	7610	50	0	7782
4963	127	27	7485	43	0	7682
4964	7191	23	168	41	0	7423
4965	86	7501	129	45	0	7761
4966	115	80	39	7428	0	7662
4967	7533	104	32	93	0	7762
4968	104	37	32	7552	0	7725
4969	133	18	34	7620	0	7805
4970	7528	15	40	185	0	7768
4971	7492	18	39	135	0	7684
4972	196	20	7499	50	0	7765
4973	135	15	7458	54	0	7662
4974	54	19	181	7423	0	7677
4975	52	21	7697	107	0	7877
4976	47	14	108	7556	0	7725
4977	35	19	128	7530	0	7712
4978	47	26	46	7721	0	7840
4979	7507	28	27	206	0	7768
4980	97	7641	35	162	0	7935
4981	7655	86	20	67	0	7828
4982	7551	108	28	68	0	7755
4983	177	7577	28	71	0	7853
4984	7467	85	16	62	0	7630
4985	117	105	7410	59	0	7691
4986	125	47	71	7335	0	7578
4987	7498	32	93	117	0	7740
4988	99	36	7358	124	0	7617
4989	7124	28	78	59	0	7289
4990	90	7644	97	68	0	7899
4991	8611	75	27	48	0	8761
4992	8522	82	30	47	0	8681
4993	240	8731	37	43	0	9051
4994	8979	107	28	30	0	9144
4995	153	125	25	8990	0	9293
4996	158	42	18	9167	0	9385
4997	9068	17	28	223	0	9336
4998	8350	29	23	146	0	8548
4999	231	9030	34	66	0	9361
5000	145	8958	24	40	0	9167
5001	50	234	18	7997	0	8299
5002	39	8571	33	101	0	8744
5003	43	8699	30	106	0	8878
5004	8020	160	30	42	0	8252
5005	89	8288	26	40	0	8443
5006	7712	90	16	29	0	7847
5007	96	8091	19	23	0	8229
5008	111	90	7910	37	0	8148
5009	36	8016	78	36	0	8166
5010	7741	134	108	42	0	8025
5011	7606	82	23	23	0	7734
5012	160	25	7701	16	0	7902
5013	103	8	76	7312	0	7499
5014	28	8	83	7776	0	7895
5015	27	12	7772	141	0	7952
5016	29	5	78	7535	0	7647
5017	23	8	7798	96	0	7925
5018	26	5	7613	97	0	7741
5019	7212	7	140	40	0	7399
5020	75	7668	96	22	0	7861
5021	7645	71	22	9	0	7747
5022	93	83	12	7647	0	7835
5023	93	27	7830	78	0	8028
5024	61	18	63	7238	0	7380
5025	20	7900	89	64	0	8073
5026	7901	71	20	73	0	8065
5027	7877	82	19	26	0	8004
5028	146	24	14	7881	0	8065
5029	113	16	7814	75	0	8018
5030	7245	19	71	84	0	7419
5031	92	7746	72	31	0	7941
5032	7725	74	20	18	0	7837
5033	113	83	11	7607	0	7814
5034	7668	24	10	75	0	7777
5035	107	31	17	7573	0	7728
5036	98	28	7644	86	0	7856
5037	46	29	7404	97	0	7576
5038	6926	14	129	51	0	7120
5039	80	7598	83	37	0	7798
5040	7276	72	48	19	0	7415
5041	7241	64	12	13	0	7330
5042	99	7386	14	20	0	7519
5043	7223	68	5	13	0	7309
5044	79	88	7585	21	0	7773
5045	82	34	53	7587	0	7756
5046	39	28	50	7670	0	7787
5047	23	32	19	7810	0	7884
5048	40	23	7726	117	0	7906
5049	21	45	7754	76	0	7896
5050	28	29	114	7405	0	7576
5051	28	7798	72	54	0	7952
5052	29	7993	35	65	0	8122
5053	7989	125	26	24	0	8164
5054	7923	79	22	25	0	8049
5055	107	8354	21	32	0	8514
5056	82	65	14	8409	0	8570
5057	27	73	16	8506	0	8622
5058	8594	27	24	130	0	8775
5059	82	21	23	8788	0	8914
5060	82	28	23	8742	0	8875
5061	42	26	22	8829	0	8919
5062	38	28	8308	142	0	8516
5063	40	26	7846	90	0	8002
5064	7971	14	123	44	0	8152
5065	79	12	87	8611	0	8789
5066	85	26	8698	81	0	8890
5067	48	24	8445	88	0	8605
5068	8137	20	142	50	0	8349
5069	95	25	9669	35	0	9824
5070	91	9789	92	49	0	10021
5071	40	79	109	10468	0	10696
5072	35	99	10544	90	0	10768
5073	10267	40	98	99	0	10504
5074	108	25	107	11119	0	11359
5075	132	32	11062	106	0	11332
5076	49	21	96	11134	0	11300
5077	31	17	129	11231	0	11408
5078	11301	12	39	215	0	11567
5079	98	11499	39	153	0	11789
5080	144	94	24	11284	0	11546
5081	11493	119	17	119	0	11748
5082	11558	32	21	138	0	11749
5083	11667	16	29	41	0	11753
5084	11829	21	20	34	0	11904
5085	235	21	26	11591	0	11873
5086	11616	15	22	109	0	11762
5087	11410	10	21	139	0	11580
5088	11111	11	23	57	0	11202
5089	11098	12	24	47	0	11181
5090	207	10807	35	42	0	11091
5091	86	9729	10	18	0	9843
5092	23	129	13	9485	0	9650
5093	19	9705	17	53	0	9794
5094	9482	48	28	68	0	9626
5095	59	101	6	9378	0	9544
5096	9429	9	2	56	0	9496
5097	9443	4	15	84	0	9546
5098	112	5	7	9829	0	9953
5099	77	7	6	9681	0	9771
5100	15	9876	14	121	0	10026
5101	9854	44	5	84	0	9987
5102	45	9918	12	28	0	10003
5103	9948	50	3	18	0	10019
5104	66	77	7	9990	0	10140
5105	93	17	9957	60	0	10127
5106	9710	5	41	89	0	9845
5107	9430	10	81	31	0	9552
5108	133	10	9555	22	0	9720
5109	107	13	9550	25	0	9695
5110	39	12	117	9165	0	9333
5111	10089	9	84	56	0	10238
5112	10549	12	18	93	0	10672
5113	11077	12	13	25	0	11127
5114	11029	13	8	29	0	11079
5115	180	10989	17	30	0	11216
5116	11402	71	13	24	0	11510
5117	94	103	6	11347	0	11550
5118	127	19	28	11397	0	11571
5119	57	13	8	11803	0	11881
5120	31	14	9	11983	0	12037
5121	11747	11	8	193	0	11959
5122	98	22	10	12320	0	12450
5123	138	16	12074	112	0	12340
5124	38	23	85	12367	0	12513
5125	39	11	126	12425	0	12601
5126	41	6	18	12445	0	12510
5127	40	10	17	12302	0	12369
5128	11879	14	19	224	0	12136
5129	105	12083	19	166	0	12373
5130	144	12133	21	64	0	12362
5131	50	205	17	11898	0	12170
5132	11960	139	19	94	0	12212
5133	12178	31	16	143	0	12368
5134	224	15	20	12256	0	12515
5135	184	16	12067	110	0	12377
5136	11792	14	93	160	0	12059
5137	127	21	138	12519	0	12805
5138	176	31	12523	115	0	12845
5139	11524	25	88	171	0	11808
5140	122	12543	138	73	0	12876
5141	13776	95	28	51	0	13950
5142	179	14419	25	56	0	14679
5143	225	165	12	14136	0	14538
5144	78	14781	19	203	0	15081
5145	63	201	23	15198	0	15485
5146	14336	194	16	231	0	14777
5147	180	14689	36	274	0	15179
5148	222	160	14751	83	0	15216
5149	66	229	157	14710	0	15162
5150	63	44	15005	210	0	15322
5151	46	42	183	14509	0	14780
5152	51	28	190	14886	0	15155
5153	57	34	14775	361	0	15227
5154	12765	33	184	299	0	13281
5155	200	25	14642	106	0	14973
5156	229	28	14401	69	0	14727
5157	70	14463	362	88	0	14983
5158	50	169	229	14324	0	14772
5159	52	193	52	14409	0	14706
5160	53	54	41	14284	0	14432
5161	66	35	27	14659	0	14787
5162	45	38	14319	411	0	14813
5163	12713	24	196	287	0	13220
5164	200	50	14501	105	0	14856
5165	210	21	200	14050	0	14481
5166	13838	22	203	221	0	14284
5167	177	14200	61	262	0	14700
5168	212	224	39	13744	0	14219
5169	13063	181	43	215	0	13502
5170	196	12898	39	218	0	13351
5171	185	12665	34	95	0	12979
5172	12359	304	37	57	0	12757
5173	171	12723	32	53	0	12979
5174	12159	191	25	58	0	12433
5175	177	12436	22	71	0	12706
5176	12381	185	29	47	0	12642
5177	12236	183	22	50	0	12491
5178	314	12617	36	49	0	13016
5179	204	165	31	12413	0	12813
5180	66	195	12336	184	0	12781
5181	11827	41	176	200	0	12244
5182	193	45	166	11894	0	12298
5183	185	11984	46	190	0	12405
5184	66	12212	35	199	0	12512
5185	43	310	35	12193	0	12581
5186	12052	182	38	209	0	12481
5187	186	64	12180	208	0	12638
5188	189	34	176	12201	0	12600
5189	66	35	178	12431	0	12710
5190	48	34	43	12692	0	12817
5191	43	33	37	12275	0	12388
5192	32	12223	38	386	0	12679
5193	49	173	41	12435	0	12698
5194	50	184	12196	231	0	12661
5195	50	68	12012	224	0	12354
5196	52	53	12215	89	0	12409
5197	38	61	334	11773	0	12206
5198	11472	50	196	212	0	11930
5199	195	62	11583	216	0	12056
5200	205	57	11696	81	0	12039
5201	73	49	338	11353	0	11813
5202	11580	40	213	210	0	12043
5203	192	11605	87	218	0	12102
5204	11547	187	63	95	0	11892
5205	232	194	49	11458	0	11933
5206	211	85	11693	238	0	12227
5207	106	139	202	10748	0	11195
5208	63	11700	200	216	0	12179
5209	11940	207	83	201	0	12431
5210	225	222	11994	109	0	12550
5211	194	11718	186	99	0	12197
5212	11330	200	224	86	0	11840
5213	245	202	93	11265	0	11805
5214	209	65	60	11427	0	11761
5215	11446	45	63	362	0	11916
5216	11493	46	61	249	0	11849
5217	11961	53	64	102	0	12180
5218	394	47	48	11257	0	11746
5219	268	11416	57	227	0	11968
5220	11383	192	59	236	0	11870
5221	201	11553	55	130	0	11939
5222	11047	194	38	81	0	11360
5223	222	10897	68	59	0	11246
5224	220	198	42	10635	0	11095
5225	10820	203	41	202	0	11266
5226	10852	74	33	224	0	11183
5227	11001	63	31	91	0	11186
5228	11067	62	27	81	0	11237
5229	11026	47	35	62	0	11170
5230	401	61	10773	63	0	11298
5231	266	55	166	10640	0	11127
5232	123	58	10948	176	0	11305
5233	118	49	10755	198	0	11120
5234	10570	56	356	86	0	11068
5235	10755	49	207	63	0	11074
5236	10813	54	72	36	0	10975
5237	392	59	46	10303	0	10800
5238	10359	44	53	197	0	10653
5239	249	10263	49	220	0	10781
5240	248	10318	37	83	0	10686
5241	89	9320	12	56	0	9477
5242	8311	224	54	33	0	8622
5243	124	8583	36	46	0	8789
5244	8229	95	51	27	0	8402
5245	7980	139	13	29	0	8161
5246	240	39	8012	25	0	8316
5247	180	30	96	7720	0	8026
5248	73	21	132	8165	0	8391
5249	8164	28	27	215	0	8434
5250	8168	21	17	155	0	8361
5251	262	21	16	8074	0	8373
5252	194	26	8049	121	0	8390
5253	77	26	8024	152	0	8279
5254	62	23	219	8049	0	8353
5255	77	24	151	8078	0	8330
5256	66	31	30	8330	0	8457
5257	7983	24	22	255	0	8284
5258	7951	24	27	161	0	8163
5259	258	8004	36	46	0	8344
5260	194	116	19	7939	0	8268
5261	78	156	21	7851	0	8106
5262	68	8049	20	243	0	8380
5263	76	109	26	8125	0	8336
5264	8006	149	28	138	0	8321
5265	156	36	29	8040	0	8261
5266	214	25	22	8006	0	8267
5267	7847	28	32	253	0	8160
5268	7774	22	34	194	0	8024
5269	7931	22	38	68	0	8059
5270	299	49	29	7662	0	8039
5271	209	30	7406	128	0	7773
5272	92	25	7289	193	0	7599
5273	94	24	7266	62	0	7446
5274	71	7057	224	49	0	7401
5275	6781	91	191	62	0	7125
5276	133	131	6799	47	0	7110
5277	6589	31	97	53	0	6770
5278	132	30	129	6522	0	6813
5279	6584	24	37	109	0	6754
5280	6603	38	25	142	0	6808
5281	228	6725	30	71	0	7054
5282	6882	87	27	66	0	7062
5283	6770	133	35	55	0	6993
5284	225	6798	41	67	0	7131
5285	197	84	29	6910	0	7220
5286	97	126	6944	125	0	7292
5287	72	35	85	6832	0	7024
5288	83	15	133	6885	0	7116
5289	6836	25	38	227	0	7126
5290	139	35	27	6766	0	6967
5291	172	7009	28	135	0	7344
5292	80	89	39	6959	0	7167
5293	68	151	33	7065	0	7317
5294	66	36	6983	233	0	7318
5295	80	6922	101	184	0	7287
5296	70	7099	142	81	0	7392
5297	6754	197	45	61	0	7057
5298	120	7239	35	76	0	7470
5299	184	111	31	7044	0	7370
5300	103	161	7098	120	0	7482
5301	70	7172	94	181	0	7517
5302	7098	106	157	61	0	7422
5303	124	151	58	7100	0	7433
5304	188	48	41	7219	0	7496
5305	84	44	7220	247	0	7595
5306	81	24	104	6936	0	7145
5307	64	39	159	7047	0	7309
5308	6861	23	48	245	0	7177
5309	6336	20	29	194	0	6579
5310	227	6368	29	90	0	6714
5311	5880	65	41	62	0	6048
5312	108	5761	28	52	0	5949
5313	122	113	29	5139	0	5403
5314	57	5506	28	86	0	5677
5315	63	5506	37	126	0	5732
5316	5049	155	62	85	0	5351
5317	4874	103	36	43	0	5056
5318	123	4871	18	53	0	5065
5319	4911	56	27	43	0	5037
5320	4826	77	13	43	0	4959
5321	4945	29	15	52	0	5041
5322	128	22	17	4936	0	5103
5323	4984	24	12	79	0	5099
5324	75	36	4758	87	0	4956
5325	4695	23	50	48	0	4816
5326	76	36	4899	40	0	5051
5327	85	29	59	4774	0	4947
5328	35	20	74	4990	0	5119
5329	45	29	4984	121	0	5179
5330	4670	21	56	100	0	4847
5331	4886	28	72	40	0	5026
5332	129	27	5148	39	0	5343
5333	95	20	57	4922	0	5094
5334	46	17	77	5057	0	5197
5335	35	21	29	5187	0	5272
5336	5072	25	22	124	0	5243
5337	5082	20	20	93	0	5215
5338	125	27	24	4748	0	4924
5339	85	4700	18	53	0	4856
5340	32	4586	17	62	0	4697
5341	4244	83	9	35	0	4371
5342	61	4396	9	26	0	4492
5343	57	4169	13	30	0	4269
5344	31	59	9	3679	0	3778
5345	16	48	3756	29	0	3849
5346	13	3750	14	40	0	3817
5347	20	48	32	3593	0	3693
5348	13	3683	11	19	0	3726
5349	26	21	6	3621	0	3674
5350	3660	21	4	24	0	3709
5351	22	3727	6	29	0	3784
5352	3724	18	5	12	0	3759
5353	3639	20	6	14	0	3679
5354	33	11	3565	6	0	3615
5355	3446	7	10	8	0	3471
5356	18	16	21	3622	0	3677
5357	27	6	3683	23	0	3739
5358	6	3686	18	27	0	3737
5359	9	13	17	3622	0	3661
5360	11	17	6	3637	0	3671
5361	3633	5	3	30	0	3671
5362	13	5	6	3643	0	3667
5363	21	10	3	3676	0	3710
5364	3655	7	4	28	0	3694
5365	21	3673	2	24	0	3720
5366	3592	14	5	9	0	3620
5367	19	26	3580	5	0	3630
5368	3190	7	10	20	0	3227
5369	22	10	3769	12	0	3813
5370	27	3861	11	13	0	3912
5371	3860	17	19	7	0	3903
5372	3698	31	3	8	0	3740
5373	45	8	3820	10	0	3883
5374	37	13	3923	6	0	3979
5375	11	6	4084	11	0	4112
5376	15	4139	37	5	0	4196
5377	12	15	33	4127	0	4187
5378	14	32	4481	19	0	4546
5379	13	8	4384	31	0	4436
5380	13	10	59	4355	0	4437
5381	19	6	4548	24	0	4597
5382	4341	7	35	44	0	4427
5383	5186	6	47	14	0	5253
5384	82	6	5220	23	0	5331
5385	76	5190	43	16	0	5325
5386	21	40	66	5094	0	5221
5387	25	67	5289	38	0	5419
5388	8	5321	49	69	0	5447
5389	28	39	74	5204	0	5345
5390	5127	60	10	49	0	5246
5391	4915	6	15	69	0	5005
5392	96	5262	3	7	0	5368
5393	71	38	4	5240	0	5353
5394	14	73	10	5255	0	5352
5395	12	12	4	5257	0	5285
5396	13	10	3	5306	0	5332
5397	10	7	5201	109	0	5327
5398	7	8	38	5088	0	5141
5399	5	8	5110	48	0	5171
5400	7	5008	44	68	0	5127
5401	4861	34	63	15	0	4973
5402	36	5253	12	15	0	5316
5403	60	37	8	5161	0	5266
5404	15	60	4	5174	0	5253
5405	5080	10	3	95	0	5188
5406	31	10	6	5087	0	5134
5407	54	5055	12	45	0	5166
5408	10	29	3	5233	0	5275
5409	8	57	7	5198	0	5270
5410	5132	12	4	90	0	5238
5411	38	7	5084	69	0	5198
5412	55	5118	33	15	0	5221
5413	7	5194	49	21	0	5271
5414	11	79	16	5063	0	5169
5415	5002	56	2	36	0	5096
5416	28	5068	5	71	0	5172
5417	54	38	1	5132	0	5225
5418	13	53	5124	41	0	5231
5419	2	11	29	5088	0	5130
5420	5146	10	51	38	0	5245
5421	4990	6	13	66	0	5075
5422	85	8	5	5065	0	5163
5423	5194	10	3	40	0	5247
5424	5036	6	6	66	0	5114
5425	93	8	5132	12	0	5245
5426	4861	13	35	16	0	4925
5427	43	5084	55	14	0	5196
5428	5122	30	13	14	0	5179
5429	41	61	5029	11	0	5142
5430	68	10	30	5050	0	5158
5431	5272	6	57	40	0	5375
5432	44	10	5062	67	0	5183
5433	70	6	5147	19	0	5242
5434	22	8	97	5013	0	5140
5435	16	9	5295	39	0	5359
5436	5072	4	49	72	0	5197
5437	41	10	5401	11	0	5463
5438	74	5	51	5368	0	5498
5439	15	5	80	5545	0	5645
5440	5689	6	23	113	0	5831
5441	52	6	5792	97	0	5947
5442	88	10	6041	23	0	6162
5443	26	2	130	6446	0	6604
5444	18	9	6643	58	0	6728
5445	6313	3	77	97	0	6490
5446	59	6	99	6389	0	6553
5447	102	12	6546	68	0	6728
5448	23	4	64	6515	0	6606
5449	18	5	99	6601	0	6723
5450	6605	8	17	156	0	6786
5451	73	10	6604	111	0	6798
5452	6234	5	72	31	0	6342
5453	77	11	6900	17	0	7005
5454	6668	13	86	17	0	6784
5455	6799	6	103	19	0	6927
5456	6828	6	27	21	0	6882
5457	159	6645	26	24	0	6854
5458	6775	62	10	22	0	6869
5459	6716	89	10	27	0	6842
5460	162	12	14	6695	0	6883
5461	111	16	6687	74	0	6888
5462	6338	6	68	115	0	6527
5463	79	4	6936	35	0	7054
5464	106	5	77	6655	0	6843
5465	31	4	102	6900	0	7037
5466	6876	5	32	155	0	7068
5467	71	6989	29	117	0	7206
5468	106	57	17	6899	0	7079
5469	36	96	14	6878	0	7024
5470	32	22	6857	153	0	7064
5471	24	11	75	6765	0	6875
5472	24	3	98	6905	0	7030
5473	28	4	30	6581	0	6643
5474	23	6688	32	162	0	6905
5475	6601	58	12	100	0	6771
5476	6528	82	12	40	0	6662
5477	146	6667	19	31	0	6863
5478	6303	53	8	29	0	6393
5479	75	80	24	6438	0	6617
5480	80	17	6697	67	0	6861
5481	26	6758	75	98	0	6957
5482	16	6856	85	36	0	6993
5483	6426	97	52	14	0	6589
5484	6743	51	27	13	0	6834
5485	108	11	12	6851	0	6982
5486	77	4	15	6917	0	7013
5487	20	1	11	6923	0	6955
5488	6733	2	9	124	0	6868
5489	60	8	6761	76	0	6905
5490	6635	9	53	25	0	6722
5491	66	5	72	6779	0	6922
5492	74	3	17	6602	0	6696
5493	19	6790	13	114	0	6936
5494	28	44	10	6932	0	7014
5495	17	68	10	6945	0	7040
5496	25	13	6980	114	0	7132
5497	22	7033	59	87	0	7201
5498	7176	50	70	37	0	7333
5499	7014	64	29	17	0	7124
5500	7245	15	9	24	0	7293
5501	7225	10	18	27	0	7280
5502	132	10	7000	17	0	7159
5503	6768	7	56	25	0	6856
5504	73	12	7102	27	0	7214
5505	81	9	69	6748	0	6907
5506	35	7106	76	59	0	7276
5507	28	52	24	7112	0	7216
5508	26	65	13	7191	0	7295
5509	26	27	7176	122	0	7351
5510	6578	10	61	94	0	6743
5511	6966	10	68	35	0	7079
5512	113	7026	30	42	0	7211
5513	89	56	7088	33	0	7266
5514	37	71	57	7041	0	7206
5515	30	25	7235	70	0	7360
5516	35	19	7044	86	0	7184
5517	44	28	107	6978	0	7157
5518	31	12	7073	77	0	7193
5519	35	17	59	6973	0	7084
5520	29	20	7248	81	0	7378
5521	37	10	63	7165	0	7275
5522	7224	13	78	73	0	7388
5523	7212	9	31	99	0	7351
5524	7188	16	10	52	0	7266
5525	7116	13	19	43	0	7191
5526	133	7207	17	38	0	7395
5527	99	54	15	7150	0	7318
5528	37	81	19	7220	0	7357
5529	34	25	7158	130	0	7347
5530	35	26	52	6884	0	6997
5531	28	17	6986	80	0	7111
5532	28	25	6650	86	0	6789
5533	6270	15	101	46	0	6432
5534	60	6950	82	40	0	7132
5535	7052	55	29	35	0	7171
5536	6965	78	20	24	0	7087
5537	123	7172	22	43	0	7360
5538	7150	46	20	43	0	7259
5539	76	64	7187	28	0	7355
5540	74	7131	55	33	0	7293
5541	7028	34	62	22	0	7146
5542	60	52	6867	18	0	6997
5543	6358	16	51	15	0	6440
5544	52	6703	44	25	0	6824
5545	6719	35	15	15	0	6784
5546	6599	37	9	30	0	6675
5547	63	6643	22	23	0	6751
5548	42	6619	16	17	0	6694
5549	29	6747	13	14	0	6803
5550	12	57	10	6717	0	6796
5551	15	46	9	6764	0	6834
5552	6804	7	20	70	0	6901
5553	6533	7	15	56	0	6611
5554	69	14	6606	18	0	6707
5555	55	11	6499	20	0	6585
5556	11	15	6691	17	0	6734
5557	15	11	74	6590	0	6690
5558	17	5	6869	49	0	6940
5559	14	6	46	6702	0	6768
5560	6812	7	57	54	0	6930
5561	46	11	7017	46	0	7120
5562	6743	4	37	25	0	6809
5563	6914	7	57	18	0	6996
5564	78	12	7089	20	0	7199
5565	55	7330	39	23	0	7447
5566	21	24	50	7385	0	7480
5567	16	55	7424	42	0	7537
5568	21	5	45	7262	0	7333
5569	23	5	58	7974	0	8060
5570	7848	10	23	90	0	7971
5571	50	8	18	7928	0	8004
5572	70	15	7883	56	0	8024
5573	19	14	44	7884	0	7961
5574	7923	7	70	51	0	8051
5575	55	8102	19	68	0	8244
5576	8057	48	8	11	0	8124
5577	57	85	16	7978	0	8136
5578	95	10	8090	43	0	8238
5579	33	16	7977	62	0	8088
5580	40	9	7847	28	0	7924
5581	7	7614	103	12	0	7736
5582	7329	62	90	18	0	7499
5583	36	7302	22	17	0	7377
5584	6822	33	14	6	0	6875
5585	34	6899	8	6	0	6947
5586	50	26	7	6858	0	6941
5587	9	44	7	6925	0	6985
5588	7	4	6	6936	0	6953
5589	3	6957	7	74	0	7041
5590	11	35	4	7341	0	7391
5591	7	46	3	8246	0	8302
5592	8720	5	4	109	0	8838
5593	73	2	7	9186	0	9268
5594	82	21	9643	74	0	9820
5595	9331	3	80	102	0	9516
5596	9659	2	98	11	0	9770
5597	170	9888	16	13	0	10087
5598	9919	88	5	17	0	10029
5599	10047	106	10	10	0	10173
5600	204	9	4	9950	0	10167
5601	129	6	14	10175	0	10324
5602	23	8	11	10459	0	10501
5603	10361	8	10	215	0	10594
5604	10397	10	8	136	0	10551
5605	227	9	10429	22	0	10687
5606	10224	12	95	18	0	10349
5607	10327	8	120	26	0	10481
5608	10402	12	15	19	0	10448
5609	243	5	10201	25	0	10474
5610	149	13	10191	21	0	10374
5611	38	4	222	10174	0	10438
5612	48	10	10505	115	0	10678
5613	35	6	117	10180	0	10338
5614	51	17	143	8823	0	9034
5615	35	10326	31	211	0	10603
5616	10272	97	25	144	0	10538
5617	135	139	10400	29	0	10703
5618	10369	21	121	37	0	10548
5619	153	9	149	10582	0	10893
5620	10439	18	31	134	0	10622
5621	141	10453	27	161	0	10782
5622	177	10692	23	51	0	10943
5623	61	253	21	10500	0	10835
5624	55	152	18	10698	0	10923
5625	55	27	10567	290	0	10939
5626	47	22	131	10576	0	10776
5627	10245	19	150	153	0	10567
5628	154	10352	41	184	0	10731
5629	193	125	10370	56	0	10744
5630	61	149	140	10266	0	10616
5631	79	22	10553	160	0	10814
5632	62	31	152	10404	0	10649
5633	52	20	10671	167	0	10910
5634	49	34	10268	175	0	10526
5635	61	34	285	10027	0	10407
5636	10173	16	182	153	0	10524
5637	10005	18	56	179	0	10258
5638	9908	28	44	54	0	10034
5639	287	9810	33	57	0	10187
5640	9904	128	37	51	0	10120
5641	9671	144	45	48	0	9908
5642	289	31	9584	85	0	9989
5643	187	9463	136	62	0	9848
5644	86	129	156	9304	0	9675
5645	9373	159	46	137	0	9715
5646	156	9406	34	172	0	9768
5647	9630	129	34	58	0	9851
5648	9563	156	33	56	0	9808
5649	9537	31	48	57	0	9673
5650	9522	35	37	57	0	9651
5651	288	28	32	9253	0	9601
5652	9379	30	38	143	0	9590
5653	158	30	51	9145	0	9384
5654	171	9090	47	173	0	9481
5655	63	116	36	9272	0	9487
5656	9107	137	33	167	0	9444
5657	174	32	9123	172	0	9501
5658	184	23	144	9095	0	9446
5659	9020	20	158	152	0	9350
5660	168	8967	46	209	0	9390
5661	8972	116	50	53	0	9191
5662	8846	148	48	58	0	9100
5663	279	9025	46	55	0	9405
5664	8980	132	27	51	0	9190
5665	197	147	8501	38	0	8883
5666	199	41	8382	41	0	8663
5667	8095	48	236	58	0	8437
5668	200	31	8368	59	0	8658
5669	203	35	130	7270	0	7638
5670	76	7766	145	115	0	8102
5671	7755	115	40	127	0	8037
5672	165	7749	41	63	0	8018
5673	187	7704	41	48	0	7980
5674	91	227	37	7776	0	8131
5675	71	134	41	7784	0	8030
5676	82	22	30	7809	0	7943
5677	71	33	39	7809	0	7952
5678	67	44	7522	235	0	7868
5679	65	39	93	7392	0	7589
5680	78	29	129	7403	0	7639
5681	7326	24	33	234	0	7617
5682	139	33	37	7382	0	7591
5683	148	43	7167	150	0	7508
5684	6929	32	108	145	0	7214
5685	154	28	134	7150	0	7466
5686	160	36	7307	147	0	7650
5687	71	47	105	7022	0	7245
5688	75	7294	130	111	0	7610
5689	7239	106	55	130	0	7530
5690	142	113	6927	47	0	7229
5691	116	5861	92	37	0	6106
5692	5287	66	103	40	0	5496
5693	65	4768	36	24	0	4893
5694	56	4322	21	32	0	4431
5695	4129	75	81	17	0	4302
5696	54	4101	21	16	0	4192
5697	44	3949	9	6	0	4008
5698	55	72	27	3772	0	3926
5699	17	39	3820	33	0	3909
5700	12	3935	27	42	0	4016
5701	12	38	25	3607	0	3682
5702	7	3685	12	26	0	3730
5703	3544	18	3	35	0	3600
5704	22	32	3514	13	0	3581
5705	32	4	15	3514	0	3565
5706	3624	2	26	25	0	3677
5707	18	8	9	3682	0	3717
5708	31	5	3650	26	0	3712
5709	3369	2	26	28	0	3425
5710	3674	6	26	9	0	3715
5711	36	3888	5	9	0	3938
5712	27	19	11	3841	0	3898
5713	12	21	0	3953	0	3986
5714	3961	9	7	39	0	4016
5715	3831	6	8	21	0	3866
5716	44	5	4012	13	0	4074
5717	26	3970	20	7	0	4023
5718	3862	13	17	6	0	3898
5719	9	22	5	3878	0	3914
5720	19	5	3996	14	0	4034
5721	4	5	3830	20	0	3859
5722	3	40	17	3711	0	3771
5723	3809	1	12	10	0	3832
5724	6	3829	3	14	0	3852
5725	4182	5	5	7	0	4199
5726	5	13	3	4237	0	4258
5727	13	0	3	4249	0	4265
5728	3	0	1	4296	0	4300
5729	4212	3	1	20	0	4236
5730	8	4339	2	16	0	4365
5731	16	12	2	4365	0	4395
5732	6	13	1	4324	0	4344
5733	4	3	4351	19	0	4377
5734	3	6	7	4215	0	4231
5735	3	2	4405	10	0	4420
5736	1	4316	8	17	0	4342
5737	5	4	15	4319	0	4343
5738	4212	8	2	6	0	4228
5739	5	3	4250	9	0	4267
5740	9	2	8	4218	0	4237
5741	2	4	4282	11	0	4299
5742	3863	1	8	13	0	3885
5743	9	11	4316	1	0	4337
5744	10	6	9	4099	0	4124
5745	4257	1	8	9	0	4275
5746	7	3977	4	12	0	4000
5747	4078	6	0	3	0	4087
5748	8	4041	4	5	0	4058
5749	11	7	1	4202	0	4221
5750	4	12	4218	8	0	4242
5751	1	6	4174	13	0	4194
5752	4	4	17	4109	0	4134
5753	4268	1	10	12	0	4291
5754	4175	2	4	11	0	4192
5755	18	1	6	4226	0	4251
5756	9	2	3	4327	0	4341
5757	4130	2	1	23	0	4156
5758	8	4228	5	12	0	4253
5759	10	4421	2	4	0	4437
5760	4377	15	2	6	0	4400
5761	9	12	4375	8	0	4404
5762	12	2	9	4272	0	4295
5763	7	2	4447	12	0	4468
5764	6	2	10	4332	0	4350
5765	2	4	4507	17	0	4530
5766	4	2	4504	15	0	4525
5767	7	5	21	4389	0	4422
5768	5	4392	16	11	0	4424
5769	4526	8	5	17	0	4556
5770	9	4612	9	3	0	4633
5771	15	17	3	4591	0	4626
5772	4644	13	2	16	0	4675
5773	16	4	4	4767	0	4791
5774	4763	2	5	18	0	4788
5775	4781	2	5	20	0	4808
5776	4825	5	2	9	0	4841
5777	27	4801	3	10	0	4841
5778	4969	10	5	11	0	4995
5779	21	13	4	5001	0	5039
5780	5180	7	3	24	0	5214
5781	22	2	4	5286	0	5314
5782	5282	7	4	24	0	5317
5783	5310	3	4	29	0	5346
5784	44	5381	7	12	0	5444
5785	31	17	11	5837	0	5896
5786	5	26	4	5738	0	5773
5787	7	6268	6	59	0	6340
5788	13	38	2	6449	0	6502
5789	6346	51	5	41	0	6443
5790	6686	5	0	60	0	6751
5791	6619	4	9	16	0	6648
5792	90	3	6964	17	0	7074
5793	6956	3	46	19	0	7024
5794	7281	8	56	4	0	7349
5795	7381	3	9	19	0	7412
5796	107	7430	5	18	0	7560
5797	69	43	10	7459	0	7581
5798	14	55	4	7629	0	7702
5799	15	8	8	7602	0	7633
5800	16	12	7364	109	0	7501
5801	8	7	49	7420	0	7484
5802	7461	4	56	69	0	7590
5803	57	5	9	7552	0	7623
5804	60	5	13	7816	0	7894
5805	20	18	7721	119	0	7878
5806	17	7720	53	77	0	7867
5807	7820	52	55	22	0	7949
5808	57	64	14	7788	0	7923
5809	7815	9	10	64	0	7898
5810	71	7	7782	67	0	7927
5811	7058	7	49	24	0	7138
5812	68	7848	63	16	0	7995
5813	59	53	7793	28	0	7933
5814	26	52	7779	15	0	7872
5815	20	33	101	7346	0	7500
5816	19	5	7975	68	0	8067
5817	14	7916	67	61	0	8058
5818	18	52	52	7781	0	7903
5819	11	57	8	7912	0	7988
5820	7	12	12	7986	0	8017
5821	7761	7	13	108	0	7889
5822	54	7872	8	78	0	8012
5823	67	49	5	7912	0	8033
5824	14	58	6	8017	0	8095
5825	7672	10	8	113	0	7803
5826	61	7759	9	84	0	7913
5827	7888	52	2	31	0	7973
5828	7790	57	10	18	0	7875
5829	7785	15	8	29	0	7837
5830	123	14	7734	24	0	7895
5831	79	9	54	7416	0	7558
5832	36	7801	59	72	0	7968
5833	27	7977	25	60	0	8089
5834	35	119	9	7410	0	7573
5835	27	7994	13	66	0	8100
5836	8125	58	17	80	0	8280
5837	68	67	8140	26	0	8301
5838	7904	24	67	24	0	8019
5839	8245	14	57	32	0	8348
5840	115	15	13	8216	0	8359
5841	8262	6	19	76	0	8363
5842	73	8813	18	84	0	8988
5843	8905	65	11	33	0	9014
5844	8881	62	21	37	0	9001
5845	9677	31	13	31	0	9752
5846	169	12	9716	32	0	9929
5847	116	29	9900	36	0	10081
5848	50	17	148	9703	0	9918
5849	52	9936	92	83	0	10163
5850	47	10130	21	100	0	10298
5851	44	138	20	10022	0	10224
5852	10133	90	18	112	0	10353
5853	86	27	21	10175	0	10309
5854	93	27	25	10272	0	10417
5855	10104	18	22	181	0	10325
5856	96	10240	25	142	0	10503
5857	113	92	10189	59	0	10453
5858	49	101	10068	50	0	10268
5859	10184	54	148	48	0	10434
5860	112	26	84	10137	0	10359
5861	117	31	10425	105	0	10678
5862	42	21	93	10132	0	10288
5863	41	24	89	10276	0	10430
5864	45	19	21	10563	0	10648
5865	39	29	28	10334	0	10430
5866	39	10291	38	159	0	10527
5867	37	89	26	10413	0	10565
5868	10318	90	32	101	0	10541
5869	89	10316	50	109	0	10564
5870	10569	87	37	57	0	10750
5871	10718	92	21	53	0	10884
5872	10793	26	29	52	0	10900
5873	169	50	10488	41	0	10748
5874	10348	25	82	49	0	10504
5875	10704	26	83	40	0	10853
5876	10673	22	21	46	0	10762
5877	10680	22	28	32	0	10762
5878	166	10563	30	41	0	10800
5879	10491	77	27	49	0	10644
5880	120	83	10542	32	0	10777
5881	106	27	71	10245	0	10449
5882	45	29	72	10464	0	10610
5883	10615	18	20	139	0	10792
5884	102	10515	27	109	0	10753
5885	10146	63	16	31	0	10256
5886	70	10346	20	36	0	10472
5887	9909	52	20	24	0	10005
5888	9736	54	10	16	0	9816
5889	92	10608	16	32	0	10748
5890	10589	65	11	18	0	10683
5891	10879	66	17	16	0	10978
5892	150	10429	23	13	0	10615
5893	84	10604	21	19	0	10728
5894	11216	133	39	27	0	11415
5895	130	87	12	11324	0	11553
5896	11500	19	9	100	0	11628
5897	11731	21	5	107	0	11864
5898	12075	11	6	19	0	12111
5899	11965	13	12	21	0	12011
5900	219	11799	16	35	0	12069
5901	130	12064	13	25	0	12232
5902	12040	201	12	16	0	12269
5903	129	140	12188	11	0	12468
5904	121	21	117	11710	0	11969
5905	34	16	115	12174	0	12339
5906	12024	15	18	217	0	12274
5907	122	12075	14	141	0	12352
5908	129	107	17	11936	0	12189
5909	26	119	10	12304	0	12459
5910	12237	24	5	246	0	12512
5911	143	8	6	12366	0	12523
5912	12366	22	12	139	0	12539
5913	12268	17	13	130	0	12428
5914	12334	8	10	42	0	12394
5915	262	15	11	12169	0	12457
5916	166	22	9	12178	0	12375
5917	63	20	13173	247	0	13503
5918	59	19	12886	150	0	13114
5919	12889	15	304	39	0	13247
5920	174	19	193	13451	0	13837
5921	210	20	14331	174	0	14735
5922	78	22	14376	191	0	14667
5923	39	12	367	14337	0	14755
5924	56	29	14677	212	0	14974
5925	47	32	210	14339	0	14628
5926	49	22	218	14441	0	14730
5927	50	25	14653	387	0	15115
5928	39	15	192	14598	0	14844
5929	49	13	210	14386	0	14658
5930	56	18	49	14927	0	15050
5931	65	24	14616	427	0	15132
5932	58	32	203	14777	0	15070
5933	14706	21	197	261	0	15185
5934	217	14907	55	249	0	15428
5935	15144	206	42	69	0	15461
5936	268	220	14803	67	0	15358
5937	14881	35	201	70	0	15187
5938	15030	27	218	57	0	15332
5939	15044	28	67	51	0	15190
5940	441	35	46	14770	0	15292
5941	302	20	55	14948	0	15325
5942	107	34	14147	430	0	14718
5943	13108	29	205	286	0	13628
5944	252	13849	247	91	0	14439
5945	238	12969	73	80	0	13360
5946	76	13399	59	84	0	13618
5947	181	371	72	12628	0	13252
5948	12628	207	37	217	0	13089
5949	12538	48	54	247	0	12887
5950	392	27	12515	103	0	13037
5951	257	35	198	12308	0	12798
5952	97	43	213	12422	0	12775
5953	75	45	12377	400	0	12897
5954	72	40	12124	280	0	12516
5955	11804	28	378	117	0	12327
5956	218	12159	254	92	0	12723
5957	12452	187	63	97	0	12799
5958	12398	205	56	76	0	12735
5959	400	58	66	12131	0	12655
5960	297	18	49	12358	0	12722
5961	12067	30	56	409	0	12562
5962	256	36	54	12173	0	12519
5963	277	41	44	12161	0	12523
5964	12072	34	65	416	0	12587
5965	239	25	60	12220	0	12544
5966	12346	22	41	277	0	12686
5967	12220	19	79	266	0	12584
5968	415	42	12040	123	0	12620
5969	12097	42	212	108	0	12459
5970	11910	35	238	113	0	12296
5971	11878	30	98	117	0	12123
5972	435	37	11017	118	0	11607
5973	11344	31	214	105	0	11694
5974	270	11384	240	111	0	12005
5975	11708	166	83	114	0	12071
5976	11678	182	69	132	0	12061
5977	415	41	83	11493	0	12032
5978	304	18	93	11415	0	11830
5979	128	11645	65	441	0	12279
5980	114	184	50	11721	0	12069
5981	132	211	58	11812	0	12213
5982	11616	53	81	430	0	12180
5983	294	25	57	11745	0	12121
5984	314	38	47	11698	0	12097
5985	136	33	54	11611	0	11834
5986	133	11135	70	441	0	11779
5987	10916	192	69	318	0	11495
5988	266	11061	66	176	0	11569
5989	10151	184	78	101	0	10514
5990	277	182	9789	105	0	10353
5991	9203	57	169	114	0	9543
5992	244	44	9553	98	0	9939
5993	220	9226	197	107	0	9750
5994	8554	155	244	72	0	9025
5995	8291	152	93	69	0	8605
5996	282	8221	52	80	0	8635
5997	202	8079	58	78	0	8417
5998	7749	210	64	61	0	8084
5999	7836	147	41	60	0	8084
6000	281	46	42	7691	0	8060
6001	202	47	36	7864	0	8149
6002	106	49	7695	265	0	8115
6003	7279	35	115	185	0	7614
6004	188	43	129	7344	0	7704
6005	187	7482	43	166	0	7878
6006	96	112	26	7506	0	7740
6007	99	131	22	7471	0	7723
6008	78	49	7295	272	0	7694
6009	75	29	104	7359	0	7567
6010	7136	40	131	155	0	7462
6011	151	7028	46	161	0	7386
6012	160	7007	29	100	0	7296
6013	7014	203	37	57	0	7311
6014	6951	140	35	67	0	7193
6015	7001	52	41	55	0	7149
6016	251	6836	49	54	0	7190
6017	115	6050	20	35	0	6220
6018	6342	107	35	25	0	6509
6019	6375	86	27	28	0	6516
6020	158	6209	24	26	0	6417
6021	57	5276	6	19	0	5358
6022	5160	81	58	10	0	5309
6023	59	67	6	5070	0	5202
6024	5117	17	4	48	0	5186
6025	57	18	3	4936	0	5014
6026	58	5137	10	50	0	5255
6027	27	5122	4	45	0	5198
6028	5276	83	7	25	0	5391
6029	5394	50	12	17	0	5473
6030	5457	10	7	18	0	5492
6031	112	5376	9	25	0	5522
6032	72	50	5041	9	0	5172
6033	11	5157	45	11	0	5224
6034	4908	52	64	6	0	5030
6035	4695	66	9	9	0	4779
6036	94	8	4738	7	0	4847
6037	48	4643	48	10	0	4749
6038	18	60	48	4594	0	4720
6039	14	40	4	4362	0	4420
6040	12	4408	3	81	0	4504
6041	11	64	4457	38	0	4570
6042	4433	48	49	14	0	4544
6043	63	11	37	4626	0	4737
6044	4658	11	5	53	0	4727
6045	4658	11	4	54	0	4727
6046	98	10	4	4855	0	4967
6047	58	8	6	5041	0	5113
6048	24	11	6	5154	0	5195
6049	15	17	5	5183	0	5220
6050	5035	15	2	117	0	5169
6051	5041	10	5	71	0	5127
6052	122	14	5106	21	0	5263
6053	78	9	62	5078	0	5227
6054	20	15	59	5179	0	5273
6055	18	18	8	5243	0	5287
6056	21	13	5112	126	0	5272
6057	21	15	60	5052	0	5148
6058	4957	14	57	68	0	5096
6059	71	8	12	5021	0	5112
6060	78	11	4963	80	0	5132
6061	24	18	60	4970	0	5072
6062	24	21	5045	85	0	5175
6063	5002	11	66	67	0	5146
6064	83	19	58	5068	0	5228
6065	5101	13	28	75	0	5217
6066	5015	19	6	72	0	5112
6067	133	12	8	5001	0	5154
6068	5190	10	7	88	0	5295
6069	93	16	16	4991	0	5116
6070	75	5313	11	94	0	5493
6071	5503	66	11	80	0	5660
6072	5478	78	9	34	0	5599
6073	5521	20	12	24	0	5577
6074	155	11	12	5470	0	5648
6075	94	18	12	5454	0	5578
6076	30	18	7	5534	0	5589
6077	36	12	5275	155	0	5478
6078	22	5201	66	104	0	5393
6079	30	77	68	5038	0	5213
6080	31	70	5069	80	0	5250
6081	4895	14	73	79	0	5061
6082	80	17	64	5012	0	5173
6083	90	11	4960	84	0	5145
6084	4951	6	62	93	0	5112
6085	78	14	69	5121	0	5282
6086	83	6	15	5138	0	5242
6087	30	10	10	5232	0	5282
6088	5144	7	7	153	0	5311
6089	5192	8	10	87	0	5297
6090	5117	7	12	32	0	5168
6091	136	4965	14	33	0	5148
6092	82	4996	7	37	0	5122
6093	5009	99	8	26	0	5142
6094	73	66	4955	26	0	5120
6095	80	17	56	4811	0	4964
6096	25	10	64	4917	0	5016
6097	4837	8	13	127	0	4985
6098	4734	3	14	90	0	4841
6099	122	4848	14	35	0	5019
6100	84	51	10	4851	0	4996
6101	26	59	4834	76	0	4995
6102	27	10	4933	81	0	5051
6103	25	5	108	4953	0	5091
6104	15	7	71	5063	0	5156
6105	4975	13	20	124	0	5132
6106	75	4	10	5093	0	5182
6107	5344	5	15	83	0	5447
6108	5260	6	14	93	0	5373
6109	121	10	5394	46	0	5571
6110	5356	8	55	30	0	5449
6111	5381	6	65	32	0	5484
6112	5445	9	18	32	0	5504
6113	122	5471	9	45	0	5647
6114	84	5445	17	34	0	5580
6115	46	144	14	5357	0	5561
6116	33	69	5382	80	0	5564
6117	29	5187	46	94	0	5356
6118	24	71	73	4721	0	4889
6119	23	47	13	4581	0	4664
6120	32	4683	7	84	0	4806
6121	4704	31	12	67	0	4814
6122	4705	46	15	26	0	4792
6123	92	13	4854	27	0	4986
6124	4627	4	33	23	0	4687
6125	50	10	4790	25	0	4875
6126	4265	11	43	18	0	4337
6127	53	14	4606	24	0	4697
6128	54	4376	31	26	0	4487
6129	23	23	64	4149	0	4259
6130	19	39	9	4263	0	4330
6131	4286	8	6	64	0	4364
6132	4243	2	11	46	0	4302
6133	4227	5	9	23	0	4264
6134	59	10	4348	17	0	4434
6135	48	3	16	4314	0	4381
6136	20	3	43	4451	0	4517
6137	4450	5	6	56	0	4517
6138	28	4494	13	49	0	4584
6139	4799	18	6	27	0	4850
6140	27	41	8	4978	0	5054
6141	46	17	11	5159	0	5233
6142	20	6	7	5229	0	5262
6143	17	8	10	5224	0	5259
6144	14	29	9	5176	0	5228
6145	16	5166	8	62	0	5252
6146	15	4961	5	38	0	5019
6147	8	4835	4	15	0	4862
6148	15	35	6	4796	0	4852
6149	18	21	4724	11	0	4774
6150	4107	7	13	34	0	4161
6151	17	4902	19	10	0	4948
6152	29	13	9	4888	0	4939
6153	12	18	4	4929	0	4963
6154	5016	4	8	27	0	5055
6155	4889	7	8	30	0	4934
6156	4936	4	3	14	0	4957
6157	36	4	4	5458	0	5502
6158	36	6	5526	24	0	5592
6159	10	6	5745	27	0	5788
6160	15	4	35	5791	0	5845
6161	11	3	5946	27	0	5987
6162	5424	1	25	31	0	5481
6163	23	1	20	5826	0	5870
6164	34	1	5880	23	0	5938
6165	14	32	20	5686	0	5752
6166	20	4	6082	23	0	6129
6167	9	7	6420	25	0	6461
6168	7	9	32	6675	0	6723
6169	11	5	7201	33	0	7250
6170	4	7	7007	36	0	7054
6171	2	6432	66	16	0	6516
6172	25	36	43	6955	0	7059
6173	7271	26	6	35	0	7338
6174	29	6	2	7290	0	7327
6175	31	1	2	7568	0	7602
6176	14	4	7468	67	0	7553
6177	6243	4	40	51	0	6338
6178	31	0	34	7680	0	7745
6179	30	0	8	7810	0	7848
6180	7529	2	4	67	0	7602
6181	33	1	3	7796	0	7833
6182	7794	1	3	60	0	7858
6183	7829	2	1	37	0	7869
6184	7780	3	3	10	0	7796
6185	68	7668	6	11	0	7753
6186	7816	31	5	12	0	7864
6187	39	7849	6	5	0	7899
6188	36	34	5	7771	0	7846
6189	7904	36	2	34	0	7976
6190	33	7903	6	53	0	7995
6191	7905	34	7	12	0	7958
6192	33	7941	7	20	0	8001
6193	7583	36	4	7	0	7630
6194	40	7844	9	10	0	7903
6195	39	8008	6	17	0	8070
6196	11	8389	6	6	0	8412
6197	4	74	5	7924	0	8007
6198	6	8433	6	39	0	8484
6199	6	36	0	8234	0	8276
6200	8	37	7	8403	0	8455
6201	4	7	5	8439	0	8455
6202	5	6	2	8458	0	8471
6203	8219	2	9	79	0	8309
6204	8383	4	3	51	0	8441
6205	83	7	8348	16	0	8454
6206	8564	6	37	18	0	8625
6207	9122	5	50	10	0	9187
6208	9579	5	11	15	0	9610
6209	122	12	9525	9	0	9668
6210	90	6	9553	11	0	9660
6211	9187	8	134	13	0	9342
6212	69	8	10153	30	0	10260
6213	95	10557	75	13	0	10740
6214	28	70	86	10685	0	10869
6215	11017	95	12	84	0	11208
6216	11051	15	19	97	0	11182
6217	11206	5	9	21	0	11241
6218	185	7	12	11031	0	11235
6219	107	6	23	11316	0	11452
6220	33	16	11536	191	0	11776
6221	17	6	83	11365	0	11471
6222	32	7	102	11653	0	11794
6223	11585	13	18	199	0	11815
6224	101	11745	17	121	0	11984
6225	11931	94	10	31	0	12066
6226	109	108	11	11811	0	12039
6227	11811	21	11	108	0	11951
6228	11707	7	10	140	0	11864
6229	11134	7	18	41	0	11200
6230	184	11544	22	31	0	11781
6231	123	11733	19	26	0	11901
6232	39	205	9	11791	0	12044
6233	11807	111	13	110	0	12041
6234	116	30	10	11621	0	11777
6235	130	15	11	11807	0	11963
6236	52	31	11733	217	0	12033
6237	37	19	91	11611	0	11758
6238	40	24	103	11703	0	11870
6239	40	12	20	11725	0	11797
6240	38	22	11434	226	0	11720
6241	33	13	11124	162	0	11332
6242	34	11195	191	61	0	11481
6243	11212	92	125	43	0	11472
6244	117	113	21	11241	0	11492
6245	138	32	11478	117	0	11765
6246	51	19	92	11289	0	11451
6247	44	16	115	12088	0	12263
6248	11944	20	28	216	0	12208
6249	11884	19	23	144	0	12070
6250	213	12031	27	49	0	12320
6251	12001	96	21	38	0	12156
6252	11837	114	30	36	0	12017
6253	211	33	21	11788	0	12053
6254	145	30	11824	130	0	12129
6255	51	11920	97	159	0	12227
6256	11762	91	124	66	0	12043
6257	11730	119	19	41	0	11909
6258	217	12079	15	58	0	12369
6259	165	97	15	12382	0	12659
6260	12941	113	17	138	0	13209
6261	12996	18	27	164	0	13205
6262	258	20	18	13116	0	13412
6263	13571	18	25	143	0	13757
6264	13893	28	26	165	0	14112
6265	13964	21	21	60	0	14066
6266	307	28	14417	49	0	14801
6267	205	14192	116	46	0	14559
6268	61	14270	154	53	0	14538
6269	13688	246	39	53	0	14026
6270	147	13950	25	51	0	14173
6271	186	127	13880	50	0	14243
6272	72	147	126	13725	0	14070
6273	13820	29	150	135	0	14134
6274	152	22	24	13847	0	14045
6275	13979	28	28	151	0	14186
6276	13864	29	20	169	0	14082
6277	13868	26	17	48	0	13959
6278	281	13676	33	65	0	14055
6279	186	14537	26	55	0	14804
6280	14508	252	49	52	0	14861
6281	14313	154	15	72	0	14554
6282	14454	28	16	49	0	14547
6283	298	19	19	14211	0	14547
6284	14217	26	23	151	0	14417
6285	166	14025	28	175	0	14394
6286	185	14372	17	82	0	14656
6287	75	250	21	14260	0	14606
6288	78	163	14152	153	0	14546
6289	78	43	14037	177	0	14335
6290	77	31	242	13972	0	14322
6291	95	50	14354	143	0	14642
6292	78	50	120	14175	0	14423
6293	14369	49	147	151	0	14716
6294	165	41	31	14402	0	14639
6295	14252	30	25	163	0	14470
6296	176	13951	38	188	0	14353
6297	212	136	14154	69	0	14571
6298	80	163	135	13639	0	14017
6299	71	40	150	14330	0	14591
6300	83	43	14376	290	0	14792
6301	67	45	128	13648	0	13888
6302	65	14493	160	161	0	14879
6303	77	134	41	14603	0	14855
6304	84	162	33	14687	0	14966
6305	82	36	29	15252	0	15399
6306	89	27	15031	308	0	15455
6307	82	29	14132	177	0	14420
6308	12133	25	262	69	0	12489
6309	165	35	13424	41	0	13665
6310	145	13383	137	40	0	13705
6311	13232	115	132	41	0	13520
6312	126	13538	43	42	0	13749
6313	13124	136	62	38	0	13360
6314	13028	110	27	34	0	13199
6315	12892	27	22	36	0	12977
6316	12991	19	22	34	0	13066
6317	217	12805	17	45	0	13084
6318	137	12875	21	41	0	13074
6319	12878	194	23	25	0	13120
6320	122	128	12584	39	0	12873
6321	128	45	94	12245	0	12512
6322	49	18	118	12689	0	12874
6323	41	29	12742	201	0	13013
6324	11289	22	98	141	0	11550
6325	12613	27	114	47	0	12801
6326	12520	36	29	34	0	12619
6327	224	12447	30	43	0	12744
6328	13012	105	35	42	0	13194
6329	122	133	47	12381	0	12683
6330	145	13553	40	109	0	13847
6331	13850	119	37	136	0	14142
6332	13830	144	35	44	0	14053
6333	14620	52	32	33	0	14737
6334	293	36	27	14396	0	14752
6335	213	36	25	14310	0	14584
6336	75	14313	31	263	0	14682
6337	114	141	14313	196	0	14764
6338	91	155	126	14113	0	14485
6339	79	45	155	14019	0	14298
6340	72	37	46	14812	0	14967
6341	76	38	14633	303	0	15050
6342	13637	40	145	195	0	14017
6343	167	45	161	14774	0	15147
6344	199	56	14949	166	0	15370
6345	82	22	150	14641	0	14895
6346	14941	26	174	174	0	15315
6347	181	15161	61	194	0	15597
6348	221	147	24	15493	0	15885
6349	81	198	15536	174	0	15989
6350	14044	50	171	207	0	14472
6351	15154	29	176	65	0	15424
6352	342	43	15447	58	0	15890
6353	240	70	165	13730	0	14205
6354	70	15354	206	162	0	15792
6355	15385	162	59	191	0	15797
6356	197	177	15322	73	0	15769
6357	14525	42	199	80	0	14846
6358	218	35	14993	55	0	15301
6359	213	34	14014	54	0	14315
6360	12817	31	276	62	0	13186
6361	155	13875	174	85	0	14289
6362	188	130	13671	63	0	14052
6363	60	13374	144	64	0	13642
6364	61	130	13089	38	0	13318
6365	33	13210	137	74	0	13454
6366	12261	125	195	42	0	12623
6367	120	130	12233	36	0	12519
6368	144	25	12093	34	0	12296
6369	45	37	11928	33	0	12043
6370	11261	10	241	30	0	11542
6371	11647	31	138	26	0	11842
6372	207	10	36	11396	0	11649
6373	128	28	12108	99	0	12363
6374	48	20	12067	118	0	12253
6375	11656	13	214	30	0	11913
6376	122	13	141	12210	0	12486
6377	12199	14	39	101	0	12353
6378	12190	15	46	116	0	12367
6379	215	15	35	11537	0	11802
6380	144	11761	32	103	0	12040
6381	61	102	32	11853	0	12048
6382	50	111	28	11902	0	12091
6383	49	33	11867	202	0	12151
6384	35	11623	124	149	0	11931
6385	29	11911	139	41	0	12120
6386	41	202	49	11363	0	11655
6387	44	134	11724	106	0	12008
6388	36	11695	132	124	0	11987
6389	28	104	11736	48	0	11916
6390	10973	122	149	29	0	11273
6391	11717	36	139	35	0	11927
6392	217	35	11712	42	0	12006
6393	11334	12	152	21	0	11519
6394	142	23	137	11637	0	11939
6395	150	12499	66	105	0	12820
6396	55	114	52	12576	0	12797
6397	12133	116	37	115	0	12401
6398	12164	32	44	140	0	12380
6399	12190	22	49	44	0	12305
6400	12115	22	48	29	0	12214
6401	238	12084	45	38	0	12405
6402	151	12020	44	50	0	12265
6403	11843	191	42	32	0	12108
6404	139	117	12004	85	0	12345
6405	132	218	126	11582	0	12058
6406	42	12839	148	128	0	13157
6407	57	116	50	12183	0	12406
6408	26	13104	48	112	0	13290
6409	42	141	37	12855	0	13075
6410	27	133	13195	121	0	13476
6411	12395	31	153	123	0	12702
6412	13006	33	135	34	0	13208
6413	234	30	13074	34	0	13372
6414	12601	30	152	16	0	12799
6415	13022	22	133	22	0	13199
6416	239	23	12918	28	0	13208
6417	147	30	147	12336	0	12660
6418	12793	21	139	124	0	13077
6419	154	24	12867	124	0	13169
6420	154	16	146	12224	0	12540
6421	54	37	13292	139	0	13522
6422	57	27	13061	129	0	13274
6423	12504	26	256	46	0	12832
6424	13354	24	133	30	0	13541
6425	13376	29	45	30	0	13480
6426	13696	25	36	28	0	13785
6427	262	34	29	13035	0	13360
6428	136	12962	39	133	0	13270
6429	52	13269	28	118	0	13467
6430	43	201	46	12413	0	12703
6431	12404	99	35	121	0	12659
6432	113	12328	28	103	0	12572
6433	81	12065	24	27	0	12197
6434	11848	158	19	25	0	12050
6435	123	86	14	11793	0	12016
6436	12062	18	28	102	0	12210
6437	112	11930	28	100	0	12170
6438	12207	100	17	20	0	12344
6439	119	89	12564	15	0	12787
6440	13615	42	128	23	0	13808
6441	14273	15	83	15	0	14386
6442	14594	13	24	27	0	14658
6443	267	35	13715	25	0	14042
6444	13831	21	121	20	0	13993
6445	150	14261	123	33	0	14567
6446	137	132	14125	30	0	14424
6447	76	151	162	13045	0	13434
6448	40	20	124	12838	0	13022
6449	31	13528	29	218	0	13806
6450	40	125	14	13513	0	13692
6451	33	113	17	13557	0	13720
6452	38	19	13240	222	0	13519
6453	11404	20	137	159	0	11720
6454	136	15	13496	26	0	13673
6455	134	11	143	12921	0	13209
6456	42	10	13582	136	0	13770
6457	31	8	151	13332	0	13522
6458	13937	11	121	141	0	14210
6459	14360	14	26	117	0	14517
6460	261	6	24	14265	0	14556
6461	160	11	14660	138	0	14969
6462	50	18	140	14558	0	14766
6463	49	22	14646	149	0	14866
6464	13403	16	146	141	0	13706
6465	14388	16	128	38	0	14570
6466	14270	27	32	33	0	14362
6467	13952	34	16	26	0	14028
6468	261	13753	28	37	0	14079
6469	163	149	22	13872	0	14206
6470	13532	137	22	156	0	13847
6471	159	13806	21	131	0	14117
6472	146	13978	35	56	0	14215
6473	63	259	12793	32	0	13147
6474	12880	147	158	41	0	13226
6475	13389	29	164	26	0	13608
6476	296	18	13138	36	0	13488
6477	194	9	166	12586	0	12955
6478	72	14	153	13266	0	13505
6479	79	19	13278	257	0	13633
6480	66	13	160	12859	0	13098
6481	12958	11	175	165	0	13309
6482	193	17	13042	146	0	13398
6483	171	18	13182	48	0	13419
6484	12350	28	285	37	0	12700
6485	173	38	13290	52	0	13553
6486	12676	20	170	53	0	12919
6487	182	13058	156	55	0	13451
6488	13300	154	32	53	0	13539
6489	196	135	33	12950	0	13314
6490	171	40	29	13230	0	13470
6491	12891	29	31	270	0	13221
6492	177	26	38	13102	0	13343
6493	13089	34	28	174	0	13325
6494	186	12992	28	155	0	13361
6495	168	142	29	12431	0	12770
6496	85	141	30	12765	0	13021
6497	12331	53	23	256	0	12663
6498	12597	34	35	159	0	12825
6499	12611	19	45	52	0	12727
6500	293	12188	46	55	0	12582
6501	196	12419	50	36	0	12701
6502	12250	239	45	35	0	12569
6503	208	142	12030	37	0	12417
6504	189	11850	149	23	0	12211
6505	10534	127	286	42	0	10989
6506	10136	93	89	35	0	10353
6507	10118	22	31	22	0	10193
6508	210	12	23	9524	0	9769
6509	9961	9	21	105	0	10096
6510	9771	20	22	106	0	9919
6511	202	12	23	9314	0	9551
6512	9643	14	27	112	0	9796
6513	138	27	9212	107	0	9484
6514	120	23	97	9349	0	9589
6515	46	12	101	9596	0	9755
6516	35	15	37	9833	0	9920
6517	9505	19	21	197	0	9742
6518	9873	15	24	128	0	10040
6519	9940	12	25	42	0	10019
6520	9957	11	17	37	0	10022
6521	9546	7	29	32	0	9614
6522	218	7	24	8840	0	9089
6523	142	11	21	9239	0	9413
6524	9063	9	23	190	0	9285
6525	111	8876	24	135	0	9146
6526	9008	82	34	40	0	9164
6527	129	88	8531	24	0	8772
6528	9082	17	92	22	0	9213
6529	9616	12	100	26	0	9754
6530	206	21	10140	20	0	10387
6531	10533	9	122	21	0	10685
6532	148	14	10954	23	0	11139
6533	132	9	11495	14	0	11650
6534	57	51	231	10901	0	11240
6535	57	7	142	11762	0	11968
6536	42	11	11923	218	0	12194
6537	72	13	11885	145	0	12115
6538	26	11391	220	44	0	11681
6539	28	11225	130	34	0	11417
6540	9351	162	107	12	0	9632
6541	71	9900	20	18	0	10009
6542	9407	70	18	7	0	9502
6543	76	9404	19	7	0	9506
6544	9212	65	9	17	0	9303
6545	77	73	8862	8	0	9020
6546	8801	16	71	6	0	8894
6547	83	11	76	8663	0	8833
6548	72	9057	15	63	0	9207
6549	21	60	14	9141	0	9236
6550	9075	63	12	75	0	9225
6551	9215	15	9	68	0	9307
6552	139	7	8	8893	0	9047
6553	89	11	9023	65	0	9188
6554	26	8	8971	74	0	9079
6555	18	9045	126	18	0	9207
6556	16	128	98	8803	0	9045
6557	12	80	8878	79	0	9049
6558	9	8052	62	61	0	8184
6559	44	70	76	7929	0	8119
6560	12	52	9	8063	0	8136
6561	7511	9	6	102	0	7628
6562	50	10	6	7608	0	7674
6563	53	6	7576	65	0	7700
6564	10	8	51	7455	0	7524
6565	6964	10	53	65	0	7092
6566	52	4	7484	65	0	7605
6567	6981	6	58	16	0	7061
6568	55	7513	60	12	0	7640
6569	7626	50	19	15	0	7710
6570	7644	51	10	10	0	7715
6571	108	11	8	7144	0	7271
6572	62	9	6	7450	0	7527
6573	15	7439	11	95	0	7560
6574	13	51	7	7598	0	7669
6575	7168	52	8	68	0	7296
6576	60	13	7366	61	0	7500
6577	61	9	56	7197	0	7323
6578	15	7400	54	60	0	7529
6579	13	52	12	7453	0	7530
6580	15	51	14	7564	0	7644
6581	7203	11	10	110	0	7334
6582	56	7384	8	68	0	7516
6583	54	56	14	7405	0	7529
6584	7227	55	7	61	0	7350
6585	60	19	5	7332	0	7416
6586	58	10	11	7424	0	7503
6587	7188	9	5	112	0	7314
6588	7262	11	6	69	0	7348
6589	103	14	7314	21	0	7452
6590	7072	8	50	24	0	7154
6591	7324	9	48	13	0	7394
6592	7343	8	14	13	0	7378
6593	112	6989	11	17	0	7129
6594	65	7133	12	14	0	7224
6595	27	97	7	6989	0	7120
6596	6997	55	22	66	0	7140
6597	7067	12	9	60	0	7148
6598	114	12	8	6850	0	6984
6599	59	15	7129	59	0	7262
6600	7020	6	51	64	0	7141
6601	7498	7	58	16	0	7579
6602	113	9	8	7239	0	7369
6603	64	11	9	7419	0	7503
6604	7337	10	11	103	0	7461
6605	64	7	5	7319	0	7395
6606	66	7435	12	73	0	7586
6607	26	50	8	7600	0	7684
6608	7396	51	5	72	0	7524
6609	62	19	7484	64	0	7629
6610	7060	6	55	33	0	7154
6611	94	17	7529	20	0	7660
6612	65	6	57	7362	0	7490
6613	7536	10	56	55	0	7657
6614	71	8	11	7535	0	7625
6615	64	7	10	7557	0	7638
6616	7286	10	11	114	0	7421
6617	69	8	7431	70	0	7578
6618	59	13	7735	28	0	7835
6619	18	6	98	7636	0	7758
6620	25	7	60	7943	0	8035
6621	17	3	17	8017	0	8054
6622	17	9	8032	114	0	8172
6623	7557	8	57	77	0	7699
6624	8105	5	55	33	0	8198
6625	8216	8	14	20	0	8258
6626	8150	5	8	20	0	8183
6627	112	7966	20	23	0	8121
6628	70	7993	8	19	0	8090
6629	18	7666	11	24	0	7719
6630	26	151	9	6318	0	6504
6631	21	43	30	6209	0	6303
6632	17	3	5884	42	0	5946
6633	11	5292	16	25	0	5344
6634	24	16	9	4751	0	4800
6635	4622	19	0	14	0	4655
6636	7	4775	6	20	0	4808
6637	6	6	2	4664	0	4678
6638	3	4835	4	10	0	4852
6639	4859	8	4	10	0	4881
6640	8	6	2	4749	0	4765
6641	15	4	4651	11	0	4681
6642	5	4	4670	15	0	4694
6643	2	5	19	4689	0	4715
6644	3	1	9	4726	0	4739
6645	0	1	2	4908	0	4911
6646	4867	1	0	26	0	4894
6647	17	4	4876	14	0	4911
6648	10	4816	12	5	0	4843
6649	2	8	8	4782	0	4800
6650	7	12	4812	15	0	4846
6651	0	4860	12	28	0	4900
6652	1	36	8	4965	0	5010
6653	4	12	4985	18	0	5019
6654	2	0	9	4915	0	4926
6655	1	2	8	5025	0	5036
6656	5125	0	0	19	0	5144
6657	5072	1	2	9	0	5084
6658	18	0	0	5083	0	5101
6659	5080	0	1	13	0	5094
6660	17	1	5168	16	0	5202
6661	15	0	10	5198	0	5223
6662	5	11	5357	16	0	5389
6663	1	0	12	5418	0	5431
6664	3	5443	16	17	0	5479
6665	0	5552	3	22	0	5577
6666	2	5579	3	6	0	5590
6667	5	46	3	5530	0	5584
6668	3	16	2	6292	0	6313
6669	6	9	6316	46	0	6377
6670	5	6	6482	33	0	6526
6671	10	5	6892	4	0	6911
6672	6956	2	64	6	0	7028
6673	36	1	43	7475	0	7555
6674	7755	0	6	41	0	7802
6675	43	8151	11	53	0	8258
6676	66	60	5	8222	0	8353
6677	8406	72	5	69	0	8552
6678	68	10	2	8480	0	8560
6679	8416	3	2	81	0	8502
6680	89	5	8428	85	0	8607
6681	82	8584	65	17	0	8748
6682	13	73	72	8629	0	8787
6683	8652	74	10	71	0	8807
6684	8693	8	6	90	0	8797
6685	148	5	9	8738	0	8900
6686	92	9	6	8790	0	8897
6687	8591	3	10	155	0	8759
6688	80	28	6	8538	0	8652
6689	91	8	8590	94	0	8783
6690	18	8546	80	97	0	8741
6691	13	71	84	8631	0	8799
6692	8518	83	12	91	0	8704
6693	8505	13	13	102	0	8633
6694	166	12	8765	28	0	8971
6695	103	8596	84	24	0	8807
6696	29	8924	88	44	0	9085
6697	32	156	22	8846	0	9056
6698	27	92	14	9004	0	9137
6699	28	24	15	8866	0	8933
6700	33	9	17	8783	0	8842
6701	29	8651	19	191	0	8890
6702	27	89	19	8707	0	8842
6703	36	99	18	8803	0	8956
6704	8622	18	21	192	0	8853
6705	8501	17	10	142	0	8670
6706	183	8621	17	56	0	8877
6707	8760	86	13	49	0	8908
6708	8704	106	12	47	0	8869
6709	8749	20	14	53	0	8836
6710	208	27	8535	46	0	8816
6711	127	15	89	8388	0	8619
6712	45	20	98	8695	0	8858
6713	45	20	8533	191	0	8789
6714	44	26	93	8311	0	8474
6715	40	15	109	8212	0	8376
6716	8279	21	29	200	0	8529
6717	114	31	8289	142	0	8576
6718	112	26	91	7996	0	8225
6719	7881	24	96	138	0	8139
6720	95	7884	29	150	0	8158
6721	7917	94	15	73	0	8099
6722	7640	117	14	56	0	7827
6723	196	7627	15	71	0	7909
6724	131	90	20	7564	0	7805
6725	7566	112	15	126	0	7819
6726	117	7590	22	142	0	7871
6727	133	101	21	7590	0	7845
6728	7486	118	14	118	0	7736
6729	7353	30	16	146	0	7545
6730	210	7347	17	72	0	7646
6731	7465	92	20	57	0	7634
6732	136	104	25	7400	0	7665
6733	7443	30	28	149	0	7650
6734	140	21	7332	154	0	7647
6735	141	19	110	7255	0	7525
6736	64	21	113	7287	0	7485
6737	7137	18	43	224	0	7422
6738	138	7052	23	158	0	7371
6739	6875	98	28	68	0	7069
6740	139	6935	30	78	0	7182
6741	145	102	6698	65	0	7010
6742	82	108	6690	57	0	6937
6743	90	82	196	6525	0	6893
6744	66	38	6685	129	0	6918
6745	55	44	97	6617	0	6813
6746	66	38	95	6542	0	6741
6747	67	39	27	6826	0	6959
6748	6722	26	21	234	0	7003
6749	6624	33	25	147	0	6829
6750	6700	40	15	71	0	6826
6751	224	6555	18	84	0	6881
6752	157	6948	22	84	0	7211
6753	87	198	7292	62	0	7639
6754	70	126	118	7374	0	7688
6755	84	41	7477	161	0	7763
6756	64	41	141	7327	0	7573
6757	68	30	125	7424	0	7647
6758	63	31	51	7510	0	7655
6759	71	44	7231	287	0	7633
6760	55	36	137	7224	0	7452
6761	7038	27	133	188	0	7386
6762	157	6917	51	182	0	7307
6763	137	125	42	6930	0	7234
6764	6896	119	42	158	0	7215
6765	6833	42	34	175	0	7084
6766	237	24	37	6723	0	7021
6767	160	18	29	6527	0	6734
6768	5894	24	30	235	0	6183
6769	160	18	22	5897	0	6097
6770	5221	14	12	158	0	5405
6771	151	25	13	5042	0	5231
6772	100	10	4578	142	0	4830
6773	44	4322	89	95	0	4550
6774	27	4267	63	49	0	4406
6775	61	94	105	3677	0	3937
6776	37	47	49	3701	0	3834
6777	3567	16	12	101	0	3696
6778	62	10	8	3613	0	3693
6779	51	9	3	3604	0	3667
6780	20	6	12	3358	0	3396
6781	10	3324	8	103	0	3445
6782	17	56	10	3398	0	3481
6783	16	42	4	3422	0	3484
6784	13	21	8	3412	0	3454
6785	3164	3	11	121	0	3299
6786	60	3252	7	74	0	3393
6787	51	57	5	3310	0	3423
6788	19	49	8	3345	0	3421
6789	13	22	5	3380	0	3420
6790	3244	8	6	122	0	3380
6791	66	13	7	3278	0	3364
6792	47	8	10	3288	0	3353
6793	24	4	3076	113	0	3217
6794	10	2959	54	69	0	3092
6795	10	62	37	2998	0	3107
6796	2876	37	16	79	0	3008
6797	54	2924	8	68	0	3054
6798	2841	45	7	33	0	2926
6799	2882	29	7	19	0	2937
6800	82	14	3	2817	0	2916
6801	39	5	4	2908	0	2956
6802	21	9	2938	84	0	3052
6803	11	11	53	2992	0	3067
6804	20	9	3046	74	0	3149
6805	13	9	52	3113	0	3187
6806	2908	9	34	76	0	3027
6807	59	3012	16	48	0	3135
6808	41	54	13	3143	0	3251
6809	15	33	5	3193	0	3246
6810	10	11	14	3185	0	3220
6811	10	11	7	3210	0	3238
6812	3083	6	11	112	0	3212
6813	52	3137	8	72	0	3269
6814	31	52	13	3252	0	3348
6815	3236	36	4	85	0	3361
6816	61	21	3210	56	0	3348
6817	3143	14	50	40	0	3247
6818	3229	7	35	33	0	3304
6819	93	14	3217	37	0	3361
6820	60	3	58	3242	0	3363
6821	3299	15	34	75	0	3423
6822	64	3377	19	62	0	3522
6823	3476	57	11	39	0	3583
6824	3473	36	11	35	0	3555
6825	3487	11	10	24	0	3532
6826	100	11	6	3377	0	3494
6827	57	9	10	3505	0	3581
6828	32	3813	10	102	0	3957
6829	24	65	6	3865	0	3960
6830	3877	47	4	88	0	4016
6831	71	16	3831	68	0	3986
6832	3728	13	51	42	0	3834
6833	3956	7	49	33	0	4045
6834	108	11	17	3828	0	3964
6835	59	7	6	3977	0	4049
6836	3972	11	11	115	0	4109
6837	3951	12	7	77	0	4047
6838	3819	11	7	44	0	3881
6839	114	5	3935	34	0	4088
6840	64	3922	47	32	0	4065
6841	3944	48	46	31	0	4069
6842	63	50	13	3887	0	4013
6843	51	3979	7	70	0	4107
6844	25	59	6	3990	0	4080
6845	3937	43	8	69	0	4057
6846	64	20	5	3995	0	4084
6847	73	14	3972	73	0	4132
6848	22	3902	49	67	0	4040
6849	18	4004	46	32	0	4100
6850	14	85	3856	37	0	3992
6851	3275	95	77	35	0	3482
6852	37	3466	36	33	0	3572
6853	65	44	17	2876	0	3002
6854	2871	20	8	20	0	2919
6855	22	2867	1	20	0	2910
6856	22	17	3	2857	0	2899
6857	2893	16	4	18	0	2931
6858	17	2	4	2866	0	2889
6859	2880	3	0	15	0	2898
6860	19	3	2979	26	0	3027
6861	21	2997	14	4	0	3036
6862	3130	13	17	12	0	3172
6863	3079	18	2	5	0	3104
6864	3096	4	0	7	0	3107
6865	38	5	3046	5	0	3094
6866	2950	6	12	9	0	2977
6867	3089	5	17	7	0	3118
6868	35	2	3	3090	0	3130
6869	3101	3	2	15	0	3121
6870	16	3057	7	24	0	3104
6871	24	12	5	3077	0	3118
6872	10	22	3135	18	0	3185
6873	6	6	15	3095	0	3122
6874	6	7	16	3185	0	3214
6875	3182	4	2	31	0	3219
6876	3157	4	2	22	0	3185
6877	40	3	3152	6	0	3201
6878	3013	4	15	11	0	3043
6879	21	8	3163	10	0	3202
6880	32	6	15	3134	0	3187
6881	11	7	3204	22	0	3244
6882	17	6	14	3111	0	3148
6883	7	3173	27	16	0	3223
6884	18	17	3252	23	0	3310
6885	18	24	3325	7	0	3374
6886	11	4	39	2808	0	2862
6887	3362	6	23	17	0	3408
6888	3349	5	6	25	0	3385
6889	3405	5	3	10	0	3423
6890	47	2	5	3331	0	3385
6891	28	7	4	3393	0	3432
6892	10	5	3	3405	0	3423
6893	14	4	3	3402	0	3423
6894	13	9	3350	48	0	3420
6895	9	3	17	3281	0	3310
6896	13	3335	23	26	0	3397
6897	10	20	5	3341	0	3376
6898	3307	21	4	21	0	3353
6899	25	4	3374	24	0	3427
6900	2941	5	22	11	0	2979
6901	23	8	3438	7	0	3476
6902	27	4	3352	9	0	3392
6903	8	3325	36	7	0	3376
6904	17	27	27	3089	0	3160
6905	9	27	8	3132	0	3176
6906	10	3203	3	38	0	3254
6907	3519	14	5	23	0	3561
6908	31	31	5	3717	0	3784
6909	36	4	6	4096	0	4142
6910	9	4	5	4354	0	4372
6911	4772	1	6	85	0	4864
6912	5062	3	6	59	0	5130
6913	104	2	2	5049	0	5157
6914	72	4	3	5032	0	5111
6915	4946	4	2	113	0	5065
6916	46	3	5	5020	0	5074
6917	71	4	9	5012	0	5096
6918	11	1	3	5134	0	5149
6919	9	5	4965	116	0	5095
6920	4610	1	44	85	0	4740
6921	4844	3	64	15	0	4926
6922	111	2	4760	14	0	4887
6923	81	19	43	4297	0	4440
6924	14	4706	64	42	0	4826
6925	4577	38	10	65	0	4690
6926	44	4736	11	22	0	4813
6927	63	4530	8	19	0	4620
6928	24	94	12	4289	0	4419
6929	4232	59	13	49	0	4353
6930	4282	10	3	68	0	4363
6931	103	5	4	4266	0	4378
6932	67	8	9	4290	0	4374
6933	22	5	3	4304	0	4334
6934	20	7	3	4303	0	4333
6935	27	8	4	4166	0	4205
6936	11	4106	1	114	0	4232
6937	11	39	6	4210	0	4266
6938	4083	55	2	71	0	4211
6939	4130	5	11	72	0	4218
6940	4131	6	9	31	0	4177
6941	104	4037	11	33	0	4185
6942	71	42	11	4024	0	4148
6943	23	56	4054	61	0	4194
6944	3954	9	41	77	0	4081
6945	59	30	58	3971	0	4118
6946	3986	15	19	57	0	4077
6947	3874	10	6	73	0	3963
6948	3913	16	7	18	0	3954
6949	115	8	5	3795	0	3923
6950	3836	15	4	52	0	3907
6951	58	14	1	3848	0	3921
6952	69	5	9	3858	0	3941
6953	3787	5	8	109	0	3909
6954	55	10	3	3863	0	3931
6955	3821	4	4	74	0	3903
6956	3805	7	3	85	0	3900
6957	106	10	1	3806	0	3923
6958	78	7	1	3832	0	3918
6959	26	8	1	3915	0	3950
6960	33	8	3662	111	0	3814
6961	19	7	3679	90	0	3795
6962	32	4	81	3553	0	3670
6963	30	10	60	3583	0	3683
6964	28	5	16	3633	0	3682
6965	22	5	11	3633	0	3671
6966	26	9	10	3657	0	3702
6967	3530	3	9	118	0	3660
6968	63	3520	5	79	0	3667
6969	73	41	12	3548	0	3674
6970	3576	53	14	61	0	3704
6971	64	12	12	3600	0	3688
6972	77	7	2	3540	0	3626
6973	3462	8	4	124	0	3598
6974	3443	7	3	92	0	3545
6975	104	7	3401	51	0	3563
6976	81	3	37	3405	0	3526
6977	42	5	3454	63	0	3564
6978	26	12	37	3455	0	3530
6979	27	3	56	3427	0	3513
6980	27	1	10	3491	0	3529
6981	22	3	3372	127	0	3524
6982	17	3254	48	93	0	3412
6983	29	3388	59	36	0	3512
6984	16	96	17	3312	0	3441
6985	3240	50	22	69	0	3381
6986	56	9	3246	85	0	3396
6987	63	6	3307	43	0	3419
6988	28	11	92	3242	0	3373
6989	21	9	65	3079	0	3174
6990	18	3320	15	114	0	3467
6991	22	39	18	3373	0	3452
6992	18	61	9	3457	0	3545
6993	20	14	8	3533	0	3575
6994	3415	8	4	119	0	3546
6995	3412	4	13	79	0	3508
6996	104	5	12	3394	0	3515
6997	78	3389	19	64	0	3550
6998	22	40	7	3434	0	3503
6999	3285	57	14	75	0	3431
7000	55	3375	7	90	0	3527
7001	64	44	13	3085	0	3206
7002	13	3208	15	69	0	3305
7003	3142	43	14	74	0	3273
7004	2947	64	18	29	0	3058
7005	91	3130	19	27	0	3267
7006	57	3048	10	32	0	3147
7007	24	83	2873	15	0	2995
7008	12	2624	34	22	0	2692
7009	18	59	59	2111	0	2247
7010	3	40	2029	27	0	2099
7011	2	1452	11	21	0	1486
7012	6	8	17	1184	0	1215
7013	1	13	2	1200	0	1216
7014	2	0	2	1231	0	1235
7015	1182	2	3	25	0	1212
7016	6	3	1169	17	0	1195
7017	17	1	1151	24	0	1193
7018	0	0	22	1164	0	1186
7019	1	1	1293	13	0	1308
7020	3	0	7	1302	0	1312
7021	3	2	16	1285	0	1306
7022	2	3	2	1306	0	1313
7023	1	4	1	1310	0	1316
7024	1268	3	1	24	0	1296
7025	1275	0	1	20	0	1296
7026	24	2	1	1294	0	1321
7027	16	1	1430	13	0	1460
7028	3	3	7	1430	0	1443
7029	7	1432	16	7	0	1462
7030	3	9	2	1430	0	1444
7031	1414	15	2	12	0	1443
7032	1460	4	3	19	0	1486
7033	21	3	3	1480	0	1507
7034	13	4	2	1487	0	1506
7035	5	2	0	1503	0	1510
7036	1446	2	4	23	0	1475
7037	12	5	1498	19	0	1534
7038	16	6	1480	5	0	1507
7039	0	1482	21	10	0	1513
7040	1503	10	15	6	0	1534
7041	10	16	4	1605	0	1635
7042	15	1	1683	14	0	1713
7043	0	1682	12	18	0	1712
7044	1	1693	13	10	0	1717
7045	2	21	3	1720	0	1746
7046	2	20	2	1750	0	1774
7047	3	1777	2	25	0	1807
7048	0	9	1	1817	0	1827
7049	2	17	4	1803	0	1826
7050	1763	1	1	24	0	1789
7051	13	1800	1	25	0	1839
7052	14	16	1	1790	0	1821
7053	3	15	1788	13	0	1819
7054	5	0	9	1778	0	1792
7055	1796	6	13	11	0	1826
7056	8	1865	0	23	0	1896
7057	17	9	5	1895	0	1926
7058	5	16	1887	11	0	1919
7059	1	3	2110	20	0	2134
7060	1	1	23	2136	0	2161
7061	3	3	18	2213	0	2237
7062	2236	1	2	30	0	2269
7063	9	2353	6	25	0	2393
7064	2349	12	4	3	0	2368
7065	12	26	2378	7	0	2423
7066	2342	2	12	4	0	2360
7067	18	6	2611	4	0	2639
7068	2518	1	19	5	0	2543
7069	2627	7	28	1	0	2663
7070	44	2	2820	7	0	2873
7071	30	2	2812	4	0	2848
7072	2	2786	46	8	0	2842
7073	4	20	28	2864	0	2916
7074	2879	29	5	23	0	2936
7075	16	3	3	2996	0	3018
7076	31	4	1	3040	0	3076
7077	2	5	5	3101	0	3113
7078	5	3	3070	52	0	3130
7079	2668	4	24	38	0	2734
7080	3003	2	30	12	0	3047
7081	49	3180	5	6	0	3240
7082	30	19	2	3094	0	3145
7083	4	3275	5	32	0	3316
7084	6	19	3	3331	0	3359
7085	3271	30	6	26	0	3333
7086	24	3302	6	34	0	3366
7087	27	23	3	3262	0	3315
7088	3222	29	1	27	0	3279
7089	3231	4	4	33	0	3272
7090	56	2	1	3210	0	3269
7091	32	3	3236	29	0	3300
7092	10	16	24	3025	0	3075
7093	4	3210	30	25	0	3269
7094	3178	23	3	27	0	3231
7095	25	3283	6	6	0	3320
7096	30	17	5	3204	0	3256
7097	3224	29	7	29	0	3289
7098	26	2	2	3343	0	3373
7099	33	3	1	3355	0	3392
7100	11	3	3334	48	0	3396
7101	3	3334	23	41	0	3401
7102	3255	23	25	6	0	3309
7103	2848	32	6	21	0	2907
7104	39	3272	6	7	0	3324
7105	18	3284	3	2	0	3307
7106	4	41	5	3249	0	3299
7107	3208	23	3	22	0	3256
7108	20	3253	4	28	0	3305
7109	27	22	3	3288	0	3340
7110	14	23	3292	24	0	3353
7111	8	5	20	3289	0	3322
7112	3288	5	22	26	0	3341
7113	20	3400	9	30	0	3459
7114	32	21	7	3462	0	3522
7115	12	27	3438	30	0	3507
7116	11	6	3492	29	0	3538
7117	8	8	42	3433	0	3491
7118	3	5	25	3518	0	3551
7119	15	3516	2	58	0	3591
7120	11	24	4	3551	0	3590
7121	3554	29	5	29	0	3617
7122	28	5	10	3591	0	3634
7123	3571	9	8	26	0	3614
7124	30	3607	9	39	0	3685
7125	38	3764	10	15	0	3827
7126	12	47	8	3829	0	3896
7127	12	30	13	3730	0	3785
7128	20	10	3751	53	0	3834
7129	15	9	26	3683	0	3733
7130	3653	10	35	32	0	3730
7131	33	13	3741	37	0	3824
7132	41	10	22	3692	0	3765
7133	17	9	3989	35	0	4050
7134	19	9	27	3961	0	4016
7135	14	8	37	3984	0	4043
7136	12	8	11	4086	0	4117
7137	17	7	4066	63	0	4153
7138	17	16	29	3899	0	3961
7139	14	4089	28	43	0	4174
7140	13	32	12	4116	0	4173
7141	8	37	9	4014	0	4068
7142	3921	14	7	65	0	4007
7143	30	12	3936	46	0	4024
7144	40	19	26	3930	0	4015
7145	16	15	3936	44	0	4011
7146	11	19	3897	45	0	3972
7147	16	14	53	3912	0	3995
7148	16	14	27	3949	0	4006
7149	20	14	3	4115	0	4152
7150	3997	18	10	66	0	4091
7151	42	15	4047	51	0	4155
7152	4042	11	29	27	0	4109
7153	36	11	34	4350	0	4431
7154	39	14	7	4458	0	4518
7155	11	4780	10	66	0	4867
7156	15	30	9	4853	0	4907
7157	18	31	12	4827	0	4888
7158	17	12	10	4885	0	4924
7159	4395	8	9	61	0	4473
7160	27	8	4410	38	0	4483
7161	3858	8	31	27	0	3924
7162	23	4418	27	26	0	4494
7163	4218	23	7	10	0	4258
7164	24	4307	10	18	0	4359
7165	23	4282	6	18	0	4329
7166	44	31	12	4124	0	4211
7167	4151	15	5	23	0	4194
7168	15	3	5	4171	0	4194
7169	13	4187	5	24	0	4229
7170	4	4388	4	25	0	4421
7171	10	30	8	4368	0	4416
7172	3	21	4	4342	0	4370
7173	1	4461	7	38	0	4507
7174	2	18	5	4584	0	4609
7175	6	22	1	4595	0	4624
7176	8	5	2	4640	0	4655
7177	4561	4	1	48	0	4614
7178	19	16	4687	24	0	4746
7179	4515	5	17	19	0	4556
7180	4799	5	22	10	0	4836
7181	4756	2	2	16	0	4776
7182	36	4747	5	8	0	4796
7183	21	14	3	4664	0	4702
7184	4669	16	2	16	0	4703
7185	12	3	5	4759	0	4779
7186	4789	3	4	19	0	4815
7187	10	5121	4	18	0	5153
7188	5258	9	3	13	0	5283
7189	5326	16	1	8	0	5351
7190	5343	4	1	9	0	5357
7191	28	7	4	5296	0	5335
7192	19	4	3	5546	0	5572
7193	5546	2	0	34	0	5582
7194	13	5593	1	29	0	5636
7195	16	5622	9	6	0	5653
7196	5768	22	4	10	0	5804
7197	12	16	3	5808	0	5839
7198	21	3	2	5934	0	5960
7199	6	4	2	6035	0	6047
7200	4	6064	2	43	0	6113
7201	5966	16	8	26	0	6016
7202	18	20	1	6078	0	6117
7203	20	6181	7	21	0	6229
7204	8	17	1	6412	0	6438
7205	6	20	4	6423	0	6453
7206	12	3	1	6418	0	6434
7207	6	6	2	6454	0	6468
7208	6334	2	3	42	0	6381
7209	6308	4	4	31	0	6347
7210	6420	2	6	19	0	6447
7211	38	3	2	6491	0	6534
7212	28	6	6423	23	0	6480
7213	18	7	6097	25	0	6147
7214	10	10	6305	11	0	6336
7215	6310	7	33	21	0	6371
7216	17	6	24	6674	0	6721
7217	23	5	5	6658	0	6691
7218	11	4	3	6720	0	6738
7219	6621	3	3	52	0	6679
7220	6539	4	0	36	0	6579
7221	36	7070	1	23	0	7130
7222	29	25	1	7114	0	7169
7223	14	31	7000	31	0	7076
7224	11	7162	15	31	0	7219
7225	9	36	21	7084	0	7150
7226	10	23	5	7111	0	7149
7227	9	8	3	7058	0	7078
7228	10	6	2	6949	0	6967
7229	10	9	6916	49	0	6984
7230	10	11	6771	38	0	6830
7231	10	7027	36	18	0	7091
7232	8	19	17	7060	0	7104
7233	10	14	5	6895	0	6924
7234	6675	5	6	36	0	6722
7235	20	10	6927	31	0	6988
7236	24	6	13	6845	0	6888
7237	17	3	22	7109	0	7151
7238	16	8	7402	38	0	7464
7239	6	7447	25	35	0	7513
7240	7413	15	18	17	0	7463
7241	26	24	7395	22	0	7467
7242	7051	7	12	21	0	7091
7243	30	20	7907	21	0	7978
7244	23	4	16	7824	0	7867
7245	22	9	8051	26	0	8108
7246	16	14	8310	29	0	8369
7247	8	4	29	8216	0	8257
7248	11	8	34	7694	0	7747
7249	7	3	11	8711	0	8732
7250	8	6	6	8616	0	8636
7251	15	9	5	8626	0	8655
7252	20	16	8667	48	0	8751
7253	14	13	8347	46	0	8420
7254	8	8662	30	25	0	8725
7255	8426	12	21	20	0	8479
7256	21	41	10	8491	0	8563
7257	8606	7	5	26	0	8644
7258	18	4	4	8610	0	8636
7259	8951	4	4	32	0	8991
7260	18	0	7	9124	0	9149
7261	28	2	11	9134	0	9175
7262	12	9425	14	59	0	9510
7263	9	15	5	9610	0	9639
7264	11	24	7	9604	0	9646
7265	14	8	6	9548	0	9576
7266	8	6	8	9518	0	9540
7267	4	9433	12	60	0	9509
7268	9326	12	6	47	0	9391
7269	18	9409	10	18	0	9455
7270	19	17	6	9129	0	9171
7271	9024	18	6	33	0	9081
7272	25	14	8977	28	0	9044
7273	25	12	8980	12	0	9029
7274	26	16	31	8588	0	8661
7275	5	9	25	9053	0	9092
7276	4	4	9	9074	0	9091
7277	10	4	6	8754	0	8774
7278	6	3	9	8843	0	8861
7279	6	8684	12	49	0	8751
7280	6	19	8	8850	0	8883
7281	8758	13	5	30	0	8806
7282	17	5	3	8885	0	8910
7283	25	6	8952	27	0	9010
7284	6	3	19	8808	0	8836
7285	8710	3	24	30	0	8767
7286	15	9262	10	33	0	9320
7287	26	18	4	9519	0	9567
7288	11	27	9	9835	0	9882
7289	11	19	9760	76	0	9866
7290	14	15	12795	64	0	12888
7291	15073	6	149	31	0	15259
7292	195	11	124	15744	0	16074
7293	189	7	16	16094	0	16306
7294	36	10	17142	411	0	17599
7295	48	18	17339	239	0	17644
7296	12	17401	461	83	0	17957
7297	19	254	253	16910	0	17436
7298	45	241	17155	246	0	17687
7299	15	17268	253	248	0	17784
7300	17223	246	255	38	0	17762
7301	17588	240	37	46	0	17911
7302	461	32	27	16849	0	17369
7303	254	17504	27	233	0	18018
7304	17363	253	22	242	0	17880
7305	301	267	59	14413	0	15040
7306	293	41	17263	206	0	17803
7307	47	17342	253	204	0	17846
7308	17091	250	242	55	0	17638
7309	17241	253	39	39	0	17572
7310	468	38	33	17227	0	17766
7311	268	35	26	17542	0	17871
7312	65	33	17147	510	0	17755
7313	58	21	238	17246	0	17563
7314	38	21	265	16667	0	16991
7315	31	20	48	17191	0	17290
7316	36	23	34	17254	0	17347
7317	39	27	29	16530	0	16625
7318	31	16752	33	539	0	17355
7319	16527	249	24	333	0	17133
7320	270	251	16769	121	0	17411
7321	258	16411	275	97	0	17041
7322	52	255	267	16425	0	16999
7323	16393	267	51	299	0	17010
7324	259	49	49	16748	0	17105
7325	273	40	38	16613	0	16964
7326	62	27	57	16899	0	17045
7327	61	33	38	17015	0	17147
7328	74	38	16481	573	0	17166
7329	47	16435	282	383	0	17147
7330	16292	265	280	125	0	16962
7331	300	267	16412	118	0	17097
7332	275	51	311	16306	0	16943
7333	16372	51	286	335	0	17044
7334	287	16488	89	333	0	17197
7335	16618	294	47	108	0	17067
7336	330	296	50	15676	0	16352
7337	297	57	45	16621	0	17020
7338	84	58	54	16583	0	16779
7339	78	55	54	16629	0	16816
7340	15901	45	65	599	0	16610
7341	308	58	35	16263	0	16664
7342	301	31	36	16420	0	16788
7343	15410	49	46	605	0	16110
7344	331	48	15471	382	0	16232
7345	323	41	271	15500	0	16135
7346	14964	31	283	383	0	15661
7347	14945	45	64	365	0	15419
7348	540	38	70	14749	0	15397
7349	318	42	58	14625	0	15043
7350	109	14344	70	599	0	15122
7351	87	263	46	14739	0	15135
7352	67	272	54	14470	0	14863
7353	87	70	14000	644	0	14801
7354	63	58	13928	410	0	14459
7355	65	13780	520	178	0	14543
7356	66	269	312	13540	0	14187
7357	72	263	111	13989	0	14435
7358	13687	65	79	626	0	14457
7359	310	57	70	13736	0	14173
7360	309	64	13348	427	0	14148
7361	98	70	304	13622	0	14094
7362	88	67	13201	420	0	13776
7363	103	72	13116	393	0	13684
7364	90	58	570	12597	0	13315
7365	80	73	336	13248	0	13737
7366	12949	73	92	607	0	13721
7367	13147	55	75	381	0	13658
7368	574	56	69	13079	0	13778
7369	13438	59	46	412	0	13955
7370	13496	54	60	376	0	13986
7371	601	50	58	13236	0	13945
7372	366	46	58	13604	0	14074
7373	13257	52	67	626	0	14002
7374	13418	42	59	402	0	13921
7375	573	38	50	13135	0	13796
7376	347	13219	57	412	0	14035
7377	138	269	26	13601	0	14034
7378	128	262	39	13661	0	14090
7379	121	55	13230	688	0	14094
7380	76	41	297	13688	0	14102
7381	12897	44	301	474	0	13716
7382	281	13241	90	450	0	14062
7383	13354	263	49	225	0	13891
7384	13264	269	41	201	0	13775
7385	13576	64	35	188	0	13863
7386	578	159	64	12639	0	13440
7387	507	54	11902	388	0	12851
7388	242	66	11631	358	0	12297
7389	116	11579	515	159	0	12369
7390	65	8417	183	104	0	8769
7391	21	5484	51	33	0	5589
7392	34	5297	80	56	0	5467
7393	161	134	4843	23	0	5161
7394	3529	143	156	27	0	3855
7395	35	12	36	3607	0	3690
7396	27	3	5	3598	0	3633
7397	11	8	3	3563	0	3585
7398	8	3596	5	59	0	3668
7399	3422	23	10	32	0	3487
7400	25	27	3496	17	0	3565
7401	20	3278	25	13	0	3336
7402	13	22	37	3271	0	3343
7403	3257	20	7	23	0	3307
7404	19	6	3	3290	0	3318
7405	24	8	3246	27	0	3305
7406	10	5	3219	31	0	3265
7407	13	3	33	3235	0	3284
7408	10	5	19	3274	0	3308
7409	3255	6	2	49	0	3312
7410	24	2	3268	33	0	3327
7411	3168	8	19	6	0	3201
7412	3258	4	17	11	0	3290
7413	42	1	7	3339	0	3389
7414	20	7	3410	30	0	3467
7415	5	9	23	3389	0	3426
7416	3415	5	22	28	0	3470
7417	17	3468	6	33	0	3524
7418	3521	23	7	13	0	3564
7419	23	21	8	3537	0	3589
7420	24	3746	8	27	0	3805
7421	5	23	6	3775	0	3809
7422	12	19	4	3849	0	3884
7423	8	3830	7	61	0	3906
7424	11	31	8	3905	0	3955
7425	11	28	4	4018	0	4061
7426	12	4	5	4148	0	4169
7427	12	7	4142	65	0	4226
7428	7	4154	31	47	0	4239
7429	4189	31	38	18	0	4276
7430	37	44	5	4266	0	4352
7431	49	4654	8	36	0	4747
7432	4901	36	4	53	0	4994
7433	39	55	7	4919	0	5020
7434	57	12	6	4976	0	5051
7435	13	4	3	4920	0	4940
7436	14	7	3	4827	0	4851
7437	4698	2	9	106	0	4815
7438	42	7	4	4800	0	4853
7439	65	5	1	4753	0	4824
7440	4707	3	5	99	0	4814
7441	39	10	7	4775	0	4831
7442	65	8	4705	58	0	4836
7443	13	6	35	4758	0	4812
7444	4632	11	54	51	0	4748
7445	48	5	9	4702	0	4764
7446	54	10	4734	53	0	4851
7447	23	8	4623	70	0	4724
7448	4668	5	89	35	0	4797
7449	4955	6	66	24	0	5051
7450	5045	9	10	17	0	5081
7451	5055	4	3	20	0	5082
7452	101	9	5020	21	0	5151
7453	76	5	37	4930	0	5048
7454	21	4	61	5113	0	5199
7455	5081	5	19	101	0	5206
7456	43	3	11	5200	0	5257
7457	69	8	5125	54	0	5256
7458	18	11	38	5134	0	5201
7459	22	11	5189	52	0	5274
7460	13	5143	51	80	0	5287
7461	5243	40	61	19	0	5363
7462	52	55	15	5209	0	5331
7463	69	10	5231	58	0	5368
7464	20	2	41	5233	0	5296
7465	20	2	64	5411	0	5497
7466	23	6	5477	117	0	5623
7467	16	5	55	5470	0	5546
7468	5445	6	70	80	0	5601
7469	58	9	5355	85	0	5507
7470	5068	8	49	34	0	5159
7471	56	5227	69	30	0	5382
7472	74	48	5203	33	0	5358
7473	24	69	5243	25	0	5361
7474	27	50	128	4296	0	4501
7475	14	11	61	4861	0	4947
7476	30	10	4964	112	0	5116
7477	17	13	51	4932	0	5013
7478	5000	9	61	68	0	5138
7479	4997	4	16	90	0	5107
7480	106	10	9	4920	0	5045
7481	83	8	7	4846	0	4944
7482	24	4942	12	129	0	5107
7483	4820	44	17	103	0	4984
7484	59	56	14	4877	0	5006
7485	72	5066	16	82	0	5236
7486	5082	48	17	90	0	5237
7487	5042	55	21	44	0	5162
7488	113	5208	18	49	0	5388
7489	76	45	20	5132	0	5273
7490	29	64	16	5152	0	5261
7491	33	10	5059	119	0	5221
7492	26	6	60	4976	0	5068
7493	4926	8	84	80	0	5098
7494	71	2	23	4969	0	5065
7495	88	7	4932	88	0	5115
7496	4762	7	72	79	0	4920
7497	73	5	75	4893	0	5046
7498	98	6	4878	76	0	5058
7499	42	7	63	4879	0	4991
7500	42	6	4907	82	0	5037
7501	31	10	70	4840	0	4951
7502	29	5	77	4918	0	5029
7503	4822	6	33	146	0	5007
7504	62	4840	31	101	0	5034
7505	4910	45	22	53	0	5030
7506	4771	59	37	46	0	4913
7507	4854	21	29	49	0	4953
7508	143	4821	24	40	0	5028
7509	98	51	4768	38	0	4955
7510	38	74	67	4712	0	4891
7511	4830	15	76	82	0	5003
7512	4862	12	35	97	0	5006
7513	119	12	35	4632	0	4798
7514	4743	10	19	84	0	4856
7515	68	18	4652	87	0	4825
7516	4543	4	73	51	0	4671
7517	77	7	4656	35	0	4775
7518	91	4498	71	37	0	4697
7519	4437	38	75	42	0	4592
7520	4229	61	38	37	0	4365
7521	105	4276	33	45	0	4459
7522	4214	35	37	44	0	4330
7523	4102	55	31	36	0	4224
7524	97	14	4041	48	0	4200
7525	3859	15	55	26	0	3955
7526	59	13	3904	26	0	4002
7527	63	44	39	3333	0	3479
7528	27	3634	50	50	0	3761
7529	21	35	3630	59	0	3745
7530	3138	110	69	66	0	3383
7531	3069	20	40	29	0	3158
7532	52	5	10	2880	0	2947
7533	36	3	2882	36	0	2957
7534	14	6	30	2842	0	2892
7535	2832	12	34	31	0	2909
7536	40	2897	8	31	0	2976
7537	2892	22	13	13	0	2940
7538	2892	27	13	11	0	2943
7539	49	2880	11	24	0	2964
7540	36	20	10	2885	0	2951
7541	2903	24	17	33	0	2977
7542	43	6	10	2932	0	2991
7543	35	9	5	3091	0	3140
7544	26	6	3137	46	0	3215
7545	22	12	27	3107	0	3168
7546	22	8	27	3136	0	3193
7547	3112	8	8	50	0	3178
7548	3102	9	10	30	0	3151
7549	62	5	7	3102	0	3176
7550	36	6	3039	33	0	3114
7551	12	12	2967	35	0	3026
7552	19	2	52	2935	0	3008
7553	23	8	3094	33	0	3158
7554	9	26	35	2977	0	3047
7555	18	3	27	2948	0	2996
7556	2971	5	11	49	0	3036
7557	33	7	2938	32	0	3010
7558	2882	4	29	15	0	2930
7559	2881	2	25	20	0	2928
7560	49	3	2813	9	0	2874
7561	28	8	2763	8	0	2807
7562	17	122	48	2505	0	2692
7563	11	2533	33	24	0	2601
7564	17	2599	9	17	0	2642
7565	21	41	6	2385	0	2453
7566	9	17	6	2327	0	2359
7567	6	3	10	2382	0	2401
7568	9	2	7	2402	0	2420
7569	2284	2	6	38	0	2330
7570	17	3	8	2308	0	2336
7571	26	4	2274	23	0	2327
7572	12	2	15	2233	0	2262
7573	11	2221	20	22	0	2274
7574	14	12	11	2231	0	2268
7575	2208	12	7	20	0	2247
7576	22	5	7	2218	0	2252
7577	16	3	2253	24	0	2296
7578	7	2220	22	20	0	2269
7579	8	14	17	2250	0	2289
7580	2233	15	7	18	0	2273
7581	2239	6	6	17	0	2268
7582	36	2	3	2291	0	2332
7583	22	3	2228	20	0	2273
7584	11	2	2144	18	0	2175
7585	2103	1	28	12	0	2144
7586	21	3	2259	1	0	2284
7587	16	3	2218	9	0	2246
7588	9	0	22	2071	0	2102
7589	2218	2	19	16	0	2255
7590	2219	5	7	10	0	2241
7591	2217	2	7	7	0	2233
7592	36	4	2424	5	0	2469
7593	16	4	2384	6	0	2410
7594	3	2478	28	4	0	2513
7595	1	14	10	2399	0	2424
7596	2	9	4	2437	0	2452
7597	4	2	5	2370	0	2381
7598	7	2	1	2451	0	2461
7599	9	4	2463	24	0	2500
7600	2	2490	16	19	0	2527
7601	2643	12	14	6	0	2675
7602	3027	10	3	8	0	3048
7603	3050	2	5	7	0	3064
7604	33	3166	9	6	0	3214
7605	23	19	6	3180	0	3228
7606	3330	24	7	21	0	3382
7607	23	3533	8	30	0	3594
7608	3477	22	4	7	0	3510
7609	25	3515	3	9	0	3552
7610	3503	24	5	11	0	3543
7611	3475	34	4	4	0	3517
7612	52	6	9	3510	0	3577
7613	39	3	4	3707	0	3753
7614	9	6	3692	62	0	3769
7615	8	5	3628	44	0	3685
7616	3625	5	64	9	0	3703
7617	3711	4	42	11	0	3768
7618	68	4	8	3704	0	3784
7619	47	4	5	3747	0	3803
7620	16	3	3705	71	0	3795
7621	12	2	30	3675	0	3719
7622	8	3	3721	41	0	3773
7623	9	2	31	3665	0	3707
7624	10	5	44	3740	0	3799
7625	3713	2	7	79	0	3801
7626	3663	5	9	52	0	3729
7627	64	3	8	3712	0	3787
7628	52	4	5	3709	0	3770
7629	13	4	3672	76	0	3765
7630	11	3	30	3693	0	3737
7631	13	4	3741	41	0	3799
7632	3585	2	39	51	0	3677
7633	39	5	46	3751	0	3841
7634	3738	7	9	42	0	3796
7635	41	3725	9	51	0	3826
7636	3742	31	7	20	0	3800
7637	42	42	10	3661	0	3755
7638	57	8	10	3605	0	3680
7639	15	3665	12	88	0	3780
7640	14	36	11	3745	0	3806
7641	15	44	3692	41	0	3792
7642	17	5	42	3679	0	3743
7643	12	7	3604	44	0	3667
7644	9	3390	36	54	0	3489
7645	14	25	46	3397	0	3482
7646	10	40	3400	47	0	3497
7647	12	7	3355	51	0	3425
7648	11	26	64	3250	0	3351
7649	3231	4	63	33	0	3331
7650	29	2	3270	58	0	3359
7651	43	1	29	3224	0	3297
7652	3275	4	46	33	0	3358
7653	31	3200	9	52	0	3292
7654	3405	22	9	13	0	3449
7655	31	42	6	3359	0	3438
7656	50	6	7	3377	0	3440
7657	16	7	0	3443	0	3466
7658	3358	7	10	71	0	3446
7659	36	4	6	3459	0	3505
7660	49	2	3	3506	0	3560
7661	3382	5	5	71	0	3463
7662	34	12	3399	57	0	3502
7663	54	1	30	3374	0	3459
7664	10	8	3451	38	0	3507
7665	3286	2	31	62	0	3381
7666	34	7	50	3400	0	3491
7667	49	8	3479	41	0	3577
7668	3305	6	36	55	0	3402
7669	3404	9	51	20	0	3484
7670	78	5	3641	16	0	3740
7671	56	8	30	3574	0	3668
7672	12	4	49	3632	0	3697
7673	19	7	3722	77	0	3825
7674	15	3704	36	59	0	3814
7675	11	26	3798	21	0	3856
7676	3532	45	31	19	0	3627
7677	38	8	3875	16	0	3937
7678	3644	6	34	21	0	3705
7679	37	6	3846	34	0	3923
7680	3670	8	39	16	0	3733
7681	41	3850	54	21	0	3966
7682	47	24	21	3738	0	3830
7683	23	43	8	3845	0	3919
7684	14	8	3882	86	0	3990
7685	24	5	33	3646	0	3708
7686	12	3819	46	51	0	3928
7687	3668	24	8	61	0	3761
7688	33	3709	10	33	0	3785
7689	46	22	16	3680	0	3764
7690	3690	42	10	45	0	3787
7691	31	3717	15	64	0	3827
7692	3644	27	12	15	0	3698
7693	33	44	3704	22	0	3803
7694	54	5	30	3681	0	3770
7695	13	6	55	3691	0	3765
7696	18	6	12	3785	0	3821
7697	3757	4	14	81	0	3856
7698	3761	4	10	56	0	3831
7699	3757	8	11	18	0	3794
7700	3715	3	9	29	0	3756
7701	73	10	3508	11	0	3602
7702	2950	5	24	9	0	2988
7703	31	3041	34	12	0	3118
7704	27	2976	12	6	0	3021
7705	2948	49	81	12	0	3090
7706	2930	20	27	8	0	2985
7707	38	4	4	2781	0	2827
7708	2862	2	2	21	0	2887
7709	2828	2	5	24	0	2859
7710	3212	2	3	9	0	3226
7711	36	2	4	3162	0	3204
7712	22	3180	5	20	0	3227
7713	4	3139	1	17	0	3161
7714	3	29	2	3154	0	3188
7715	3085	19	3	15	0	3122
7716	16	3165	4	26	0	3211
7717	20	15	1	3152	0	3188
7718	8	21	3171	16	0	3216
7719	2833	8	20	29	0	2890
7720	19	3210	19	5	0	3253
7721	21	3224	12	4	0	3261
7722	3139	33	1	7	0	3180
7723	19	25	3234	9	0	3287
7724	24	2	16	3088	0	3130
7725	6	3229	21	21	0	3277
7726	10	12	7	3232	0	3261
7727	9	18	4	3198	0	3229
7728	9	3134	5	36	0	3184
7729	4	12	5	3285	0	3306
7730	5	22	2	3299	0	3328
7731	3252	6	0	33	0	3291
7732	12	3269	9	26	0	3316
7733	3230	15	0	4	0	3249
7734	21	21	3	3128	0	3173
7735	21	3237	5	18	0	3281
7736	13	13	3203	25	0	3254
7737	10	20	24	3175	0	3229
7738	6	8	20	3322	0	3356
7739	5	5	3377	43	0	3430
7740	3089	6	14	25	0	3134
7741	18	8	24	3846	0	3896
7742	3835	2	2	35	0	3874
7743	34	9	3794	35	0	3872
7744	36	6	25	3808	0	3875
7745	5	6	4061	33	0	4105
7746	3	6	30	4008	0	4047
7747	12	4	34	4070	0	4120
7748	4024	5	2	64	0	4095
7749	32	4104	2	37	0	4175
7750	4069	35	2	5	0	4111
7751	38	36	4073	10	0	4157
7752	37	9	31	4048	0	4125
7753	7	24	4190	36	0	4257
7754	3554	5	38	49	0	3646
7755	4001	2	35	14	0	4052
7756	68	7	4069	5	0	4149
7757	3988	8	31	10	0	4037
7758	4140	4	34	13	0	4191
7759	68	3	8	4071	0	4150
7760	50	7	4035	33	0	4125
7761	11	10	4153	43	0	4217
7762	7	10	62	4108	0	4187
7763	7	11	42	3991	0	4051
7764	9	4091	12	64	0	4176
7765	11	4159	6	53	0	4229
7766	4145	68	6	22	0	4241
7767	45	51	10	4013	0	4119
7768	50	4074	12	32	0	4168
7769	12	4179	10	52	0	4253
7770	3841	68	9	14	0	3932
7771	41	43	15	3948	0	4047
7772	46	4029	9	49	0	4133
7773	12	34	19	3989	0	4054
7774	16	46	7	3960	0	4029
7775	15	12	5	3977	0	4009
7776	3867	9	12	76	0	3964
7777	45	3896	15	54	0	4010
7778	48	38	13	3847	0	3946
7779	17	42	14	3891	0	3964
7780	14	9	13	3940	0	3976
7781	21	6	3807	85	0	3919
7782	3525	9	46	49	0	3629
7783	50	9	42	3778	0	3879
7784	3720	5	17	47	0	3789
7785	3692	10	13	53	0	3768
7786	3719	13	13	15	0	3760
7787	79	19	3730	21	0	3849
7788	56	3720	45	22	0	3843
7789	24	50	51	3614	0	3739
7790	20	52	3637	48	0	3757
7791	22	17	3596	50	0	3685
7792	23	19	73	3279	0	3394
7793	17	3437	48	45	0	3547
7794	3498	39	22	54	0	3613
7795	3527	44	11	28	0	3610
7796	3566	13	7	34	0	3620
7797	3540	14	11	27	0	3592
7798	83	17	3515	23	0	3638
7799	3356	15	31	32	0	3434
7800	44	3522	39	24	0	3629
7801	47	35	17	3548	0	3647
7802	23	39	8	3605	0	3675
7803	3598	11	12	79	0	3700
7804	52	8	11	3597	0	3668
7805	50	13	3504	47	0	3614
7806	3276	5	45	53	0	3379
7807	3435	1	46	27	0	3509
7808	3441	7	18	20	0	3486
7809	78	8	3372	27	0	3485
7810	3014	6	45	21	0	3086
7811	43	3108	43	28	0	3222
7812	3076	30	36	29	0	3171
7813	46	37	18	3053	0	3154
7814	39	20	10	3034	0	3103
7815	13	3046	15	70	0	3144
7816	20	29	11	3013	0	3073
7817	16	3037	12	35	0	3100
7818	18	39	13	2979	0	3049
7819	21	3003	11	38	0	3073
7820	22	30	6	2992	0	3050
7821	15	3059	10	33	0	3117
7822	24	35	10	3104	0	3173
7823	16	3163	11	47	0	3237
7824	3448	34	8	44	0	3534
7825	50	40	5	3498	0	3593
7826	54	11	11	3587	0	3663
7827	17	8	7	3790	0	3822
7828	18	6	6	3850	0	3880
7829	20	13	3808	104	0	3945
7830	20	10	42	3842	0	3914
7831	24	8	55	3850	0	3937
7832	3794	4	7	101	0	3906
7833	3734	6	4	65	0	3809
7834	103	3849	12	26	0	3990
7835	78	39	5	3839	0	3961
7836	19	56	7	4031	0	4113
7837	4094	16	7	102	0	4219
7838	54	14	4022	71	0	4161
7839	3852	11	45	26	0	3934
7840	47	4009	68	25	0	4149
7841	3550	31	15	6	0	3602
7842	3460	45	1	5	0	3511
7843	79	3502	3	7	0	3591
7844	53	3588	6	8	0	3655
7845	11	74	13	3378	0	3476
7846	9	49	3341	37	0	3436
7847	3221	7	35	46	0	3309
7848	39	3	3372	15	0	3429
7849	3247	2	32	8	0	3289
7850	35	5	3370	9	0	3419
7851	43	3291	33	4	0	3371
7852	6	29	37	3280	0	3352
7853	3207	42	4	33	0	3286
7854	3239	4	3	45	0	3291
7855	69	0	2	3257	0	3328
7856	3422	3	4	27	0	3456
7857	3339	2	1	42	0	3384
7858	79	3326	2	12	0	3419
7859	3357	34	3	4	0	3398
7860	38	3428	4	8	0	3478
7861	57	33	2	3313	0	3405
7862	3352	52	1	37	0	3442
7863	3387	5	3	56	0	3451
7864	3407	2	3	10	0	3422
7865	96	5	3376	5	0	3482
7866	62	8	3400	6	0	3476
7867	9	2	87	3368	0	3466
7868	6	3	64	3498	0	3571
7869	6	3804	8	86	0	3904
7870	3769	37	3	70	0	3879
7871	41	69	0	3775	0	3885
7872	77	7	2	3869	0	3955
7873	16	3	3846	115	0	3980
7874	7	3814	42	77	0	3940
7875	10	3904	69	10	0	3993
7876	10	113	7	3847	0	3977
7877	3756	70	1	42	0	3869
7878	48	12	4	3780	0	3844
7879	77	4	8	3804	0	3893
7880	3764	10	3	113	0	3890
7881	3805	9	7	80	0	3901
7882	115	5	6	3810	0	3936
7883	87	5	3782	49	0	3923
7884	15	5	42	3842	0	3904
7885	14	6	72	3849	0	3941
7886	3833	4	12	120	0	3969
7887	55	3	6	3858	0	3922
7888	3867	5	7	57	0	3936
7889	61	10	3893	82	0	4046
7890	80	10	46	3969	0	4105
7891	16	9	74	4032	0	4131
7892	15	8	8	4140	0	4171
7893	16	9	4	4092	0	4121
7894	20	12	4	4055	0	4091
7895	19	13	3911	128	0	4071
7896	3784	12	52	95	0	3943
7897	63	9	78	3900	0	4050
7898	86	11	3860	61	0	4018
7899	26	12	3886	88	0	4012
7900	25	8	120	3811	0	3964
7901	3784	10	82	62	0	3938
7902	3782	9	15	89	0	3895
7903	3889	8	17	30	0	3944
7904	141	9	13	3554	0	3717
7905	94	3794	16	51	0	3955
7906	3851	53	8	88	0	4000
7907	3881	81	11	29	0	4002
7908	3927	8	11	30	0	3976
7909	3916	8	12	26	0	3962
7910	139	10	10	3798	0	3957
7911	95	8	3801	66	0	3970
7912	28	9	52	3823	0	3912
7913	26	11	3838	72	0	3947
7914	3727	7	56	101	0	3891
7915	3796	2	83	32	0	3913
7916	134	8	3742	35	0	3919
7917	3746	3	51	34	0	3834
7918	3815	9	78	28	0	3930
7919	135	11	22	3640	0	3808
7920	95	3708	18	70	0	3891
7921	3726	49	14	87	0	3876
7922	62	86	15	3525	0	3688
7923	87	3560	10	58	0	3715
7924	28	35	8	3359	0	3430
7925	21	60	3321	61	0	3463
7926	26	3300	40	75	0	3441
7927	3100	33	85	36	0	3254
7928	3107	50	15	19	0	3191
7929	3064	10	8	14	0	3096
7930	3094	4	7	19	0	3124
7931	92	21	11	2943	0	3067
7932	64	3028	17	40	0	3149
7933	2949	28	15	57	0	3049
7934	53	49	2982	19	0	3103
7935	62	2888	39	21	0	3010
7936	23	22	2738	18	0	2801
7937	21	48	37	2413	0	2519
7938	19	2403	58	28	0	2508
7939	21	20	6	2546	0	2593
7940	21	40	2682	35	0	2778
7941	16	9	27	2619	0	2671
7942	17	6	40	2724	0	2787
7943	16	7	13	2805	0	2841
7944	2632	6	4	74	0	2716
7945	37	2695	12	49	0	2793
7946	51	25	9	2689	0	2774
7947	2644	40	8	32	0	2724
7948	34	2702	11	48	0	2795
7949	2700	24	7	17	0	2748
7950	44	39	2747	7	0	2837
7951	53	23	27	2587	0	2690
7952	19	2738	38	33	0	2828
7953	2701	26	8	40	0	2775
7954	46	39	2691	11	0	2787
7955	52	2618	33	15	0	2718
7956	18	20	30	2496	0	2564
7957	16	30	10	2495	0	2551
7958	2449	9	7	45	0	2510
7959	26	6	8	2483	0	2523
7960	31	5	2415	27	0	2478
7961	15	2	21	2353	0	2391
7962	16	9	2496	23	0	2544
7963	13	6	26	2234	0	2279
7964	16	2434	28	15	0	2493
7965	2402	22	8	32	0	2464
7966	2332	20	7	7	0	2366
7967	37	2343	1	12	0	2393
7968	13	2107	8	5	0	2133
7969	13	16	7	2015	0	2051
7970	2001	5	1	11	0	2018
7971	10	1	3	2010	0	2024
7972	1977	3	1	13	0	1994
7973	12	1971	2	6	0	1991
7974	7	11	2	2002	0	2022
7975	5	11	2087	12	0	2115
7976	4	0	12	2039	0	2055
7977	4	1	7	2118	0	2130
7978	2109	2	1	17	0	2129
7979	10	2234	4	9	0	2257
7980	9	10	3	2239	0	2261
7981	2185	9	2	22	0	2218
7982	11	4	2236	13	0	2264
7983	2145	2	9	5	0	2161
7984	12	13	9	2217	0	2251
7985	11	2357	3	11	0	2382
7986	2313	11	6	11	0	2341
7987	12	9	2391	2	0	2414
7988	12	4	2381	3	0	2400
7989	1	2386	30	4	0	2421
7990	2256	7	23	1	0	2287
7991	6	8	1	2263	0	2278
7992	10	0	0	2273	0	2283
7993	2312	0	3	20	0	2335
7994	10	4	2352	13	0	2379
7995	13	0	10	2370	0	2393
7996	4	2	2575	10	0	2591
7997	4	0	13	2484	0	2501
7998	2	2636	19	11	0	2668
7999	1	11	1	2679	0	2692
8000	1	17	2667	11	0	2696
8001	2529	1	10	21	0	2561
8002	11	3	17	2702	0	2733
8003	18	2	2742	12	0	2774
8004	2	3	16	2643	0	2664
8005	3	1	19	2743	0	2766
8006	2	3	2734	30	0	2769
8007	4	2	2757	19	0	2782
8008	2	0	25	2798	0	2825
8009	3	1	2860	15	0	2879
8010	2691	0	13	20	0	2724
8011	14	1	20	2873	0	2908
8012	2842	1	2	13	0	2858
8013	16	0	2878	19	0	2913
8014	18	0	12	2878	0	2908
8015	2	3	3192	17	0	3214
8016	2	3104	13	35	0	3154
8017	2	15	3206	2	0	3225
8018	3	20	3084	6	0	3113
8019	2908	1	31	8	0	2948
8020	3082	2	19	4	0	3107
8021	31	1	3220	7	0	3259
8022	20	1	18	2854	0	2893
8023	4	1	19	3117	0	3141
8024	5	3	3265	34	0	3307
8025	2	3152	15	22	0	3191
8026	3075	12	31	5	0	3123
8027	13	27	3266	9	0	3315
8028	25	4	17	3189	0	3235
8029	7	3	25	3302	0	3337
8030	3388	1	3	39	0	3431
8031	3382	0	3	32	0	3417
8032	3373	3	5	7	0	3388
8033	3384	1	4	10	0	3399
8034	40	2	7	3357	0	3406
8035	32	3	3652	22	0	3709
8036	6	3	16	3631	0	3656
8037	6	0	32	3652	0	3690
8038	4	2	7	3878	0	3891
8039	4	4	3836	47	0	3891
8040	3500	2	16	40	0	3558
8041	21	1	36	3838	0	3896
8042	43	3	3905	24	0	3975
8043	8	4004	21	42	0	4075
8044	5	17	41	4051	0	4114
8045	7	37	3	4099	0	4146
8046	4040	2	7	56	0	4105
8047	14	4138	4	48	0	4204
8048	39	18	4116	14	0	4187
8049	8	37	17	4041	0	4103
8050	9	2	40	4072	0	4123
8051	4058	4	6	52	0	4120
8052	4005	1	7	43	0	4056
8053	52	3	4	4126	0	4185
8054	4096	2	5	24	0	4127
8055	18	4093	7	48	0	4166
8056	44	21	4290	9	0	4364
8057	10	41	20	4255	0	4326
8058	8	3	44	4420	0	4475
8059	10	3	13	4463	0	4489
8060	8	6	6	4363	0	4383
8061	6	4382	6	66	0	4460
8062	4262	16	7	55	0	4340
8063	25	38	3	4293	0	4359
8064	40	4553	5	24	0	4622
8065	4568	19	12	44	0	4643
8066	4477	41	5	11	0	4534
8067	53	4675	11	15	0	4754
8068	49	19	7	4696	0	4771
8069	16	38	5	4706	0	4765
8070	13	7	4	4679	0	4703
8071	16	11	5	4747	0	4779
8072	4718	9	5	65	0	4797
8073	4689	4	10	49	0	4752
8074	67	4849	8	17	0	4941
8075	54	24	4760	36	0	4874
8076	13	46	24	4725	0	4808
8077	4852	5	51	36	0	4944
8078	25	4797	8	61	0	4891
8079	48	4804	11	13	0	4876
8080	4838	66	4	25	0	4933
8081	4839	47	9	12	0	4907
8082	79	9	5	4855	0	4948
8083	62	16	5028	30	0	5136
8084	22	17	5120	52	0	5211
8085	5313	12	67	22	0	5414
8086	5533	9	48	21	0	5611
8087	5528	6	12	21	0	5567
8088	5481	4	8	27	0	5520
8089	5466	8	5	19	0	5498
8090	77	5576	10	20	0	5683
8091	53	41	13	5307	0	5414
8092	20	5907	8	35	0	5970
8093	5896	31	5	44	0	5976
8094	5795	55	6	29	0	5885
8095	5780	12	6	13	0	5811
8096	5732	11	4	13	0	5760
8097	69	5704	5	23	0	5801
8098	5631	22	6	18	0	5677
8099	27	5701	11	21	0	5760
8100	40	35	6	5598	0	5679
8101	5558	35	10	35	0	5638
8102	38	10	5725	42	0	5815
8103	47	10	15	5531	0	5603
8104	20	5	38	5754	0	5817
8105	24	13	5769	56	0	5862
8106	17	5765	20	48	0	5850
8107	5683	28	39	18	0	5768
8108	5578	38	7	14	0	5637
8109	52	5729	8	15	0	5804
8110	48	21	4	5623	0	5696
8111	30	39	5968	35	0	6072
8112	15	6223	17	46	0	6301
8113	6037	25	36	25	0	6123
8114	37	42	6171	8	0	6258
8115	5284	15	31	14	0	5344
8116	5841	12	35	11	0	5899
8117	65	17	6194	20	0	6296
8118	45	6215	24	11	0	6295
8119	14	23	36	6259	0	6332
8120	14	46	6293	30	0	6383
8121	5708	12	20	48	0	5788
8122	6161	8	34	14	0	6217
8123	55	6293	8	17	0	6373
8124	52	15	5	6178	0	6250
8125	19	31	4	6335	0	6389
8126	16	13	6380	45	0	6454
8127	15	6449	24	37	0	6525
8128	6728	21	36	14	0	6799
8129	6720	32	2	16	0	6770
8130	6794	9	2	20	0	6825
8131	57	18	6762	24	0	6861
8132	6489	6	19	6	0	6520
8133	6826	10	30	10	0	6876
8134	55	17	8	6845	0	6925
8135	44	16	6662	19	0	6741
8136	19	5	19	6538	0	6581
8137	23	8	6739	20	0	6790
8138	18	15	16	6419	0	6468
8139	12	6614	20	20	0	6666
8140	6	6962	9	23	0	7000
8141	9	35	5	6958	0	7007
8142	13	19	3	6782	0	6817
8143	6668	6	5	40	0	6719
8144	20	10	6781	26	0	6837
8145	6273	4	15	17	0	6309
8146	18	6883	20	9	0	6930
8147	6835	14	3	11	0	6863
8148	6834	19	5	7	0	6865
8149	33	3	2	6810	0	6848
8150	29	6	7232	20	0	7287
8151	10	3	17	7167	0	7197
8152	6	7689	20	14	0	7729
8153	7	19	2	7700	0	7728
8154	7	26	4	7725	0	7762
8155	7645	5	2	45	0	7697
8156	24	3	7	7504	0	7538
8157	28	7487	6	30	0	7551
8158	12	21	3	7519	0	7555
8159	7498	28	2	24	0	7552
8160	21	7777	7	33	0	7838
8161	32	31	3	7877	0	7943
8162	6	41	4	7926	0	7977
8163	9	5	3	8321	0	8338
8164	8	2	2	8230	0	8242
8165	8271	3	4	74	0	8352
8166	37	9	1	8486	0	8533
8167	54	5	4	8604	0	8667
8168	7	4	6	8798	0	8815
8169	9	9064	4	94	0	9171
8170	8818	45	5	70	0	8938
8171	50	71	9072	9	0	9202
8172	62	8944	49	19	0	9074
8173	8556	53	66	13	0	8688
8174	53	63	9205	11	0	9332
8175	59	9252	45	23	0	9379
8176	17	49	64	8927	0	9057
8177	10	9381	11	41	0	9443
8178	9	51	9291	54	0	9405
8179	16	61	9340	17	0	9434
8180	5	9490	99	7	0	9601
8181	9427	46	72	17	0	9562
8182	9368	69	10	14	0	9461
8183	93	15	9188	10	0	9306
8184	68	9	8718	10	0	8805
8185	14	14	9041	10	0	9079
8186	6	8	92	8736	0	8842
8187	10	4	62	8856	0	8932
8188	7	2	15	9161	0	9185
8189	12	12	9469	102	0	9595
8190	7	6	42	9081	0	9136
8191	8	5	59	9374	0	9446
8192	17	8	9318	110	0	9453
8193	8443	3	56	83	0	8585
8194	49	7	72	9683	0	9811
8195	79	9	13	9507	0	9608
8196	13	9922	17	121	0	10073
8197	9893	50	22	88	0	10053
8198	56	84	9934	30	0	10104
8199	9690	11	55	17	0	9773
8200	61	12	79	9941	0	10093
8201	92	16	10221	71	0	10400
8202	19	12	55	10017	0	10103
8203	10168	8	89	68	0	10333
8204	59	9	10235	85	0	10388
8205	9974	16	62	26	0	10078
8206	10240	11	82	21	0	10354
8207	10383	12	23	14	0	10432
8208	129	10314	19	49	0	10511
8209	91	53	19	10493	0	10656
8210	10775	81	17	68	0	10941
8211	10531	12	21	90	0	10654
8212	10781	10	15	23	0	10829
8213	158	21	10528	22	0	10729
8214	10693	13	80	17	0	10803
8215	79	15	98	11414	0	11606
8216	121	16	11431	98	0	11666
8217	35	12	84	11743	0	11874
8218	25	17	114	11910	0	12066
8219	34	18	12256	235	0	12543
8220	26	8	107	12204	0	12345
8221	25	12	141	12724	0	12902
8222	36	19	14412	263	0	14730
8223	14853	7	164	190	0	15214
8224	16248	15	197	46	0	16506
8225	369	8	67	16989	0	17433
8226	269	20	17104	217	0	17610
8227	83	10	199	16587	0	16879
8228	52	16838	268	243	0	17401
8229	63	174	69	16820	0	17126
8230	44	231	31	16973	0	17279
8231	16922	48	41	458	0	17469
8232	16816	20	43	334	0	17213
8233	17256	31	28	112	0	17427
8234	472	47	33	16920	0	17472
8235	335	14	31	17182	0	17562
8236	121	24	16937	471	0	17553
8237	98	19	198	16129	0	16444
8238	78	16808	273	262	0	17421
8239	16711	191	72	307	0	17281
8240	231	16749	46	168	0	17194
8241	16866	223	53	85	0	17227
8242	275	268	55	15432	0	16030
8243	299	16438	48	253	0	17038
8244	16488	200	44	301	0	17033
8245	16268	280	54	113	0	16715
8246	478	74	32	16124	0	16708
8247	334	16413	62	239	0	17048
8248	121	211	43	16613	0	16988
8249	111	286	16346	263	0	17006
8250	15450	66	204	334	0	16054
8251	249	16064	278	146	0	16737
8252	15872	202	81	97	0	16252
8253	275	274	49	15678	0	16276
8254	16013	73	61	247	0	16394
8255	296	41	16118	323	0	16778
8256	16258	53	237	129	0	16677
8257	16244	46	292	97	0	16679
8258	557	47	16320	121	0	17045
8259	417	31	241	16010	0	16699
8260	175	35	329	16103	0	16642
8261	15726	45	97	543	0	16411
8262	290	15838	88	422	0	16638
8263	339	258	67	15397	0	16061
8264	147	288	15360	311	0	16106
8265	149	82	15131	363	0	15725
8266	141	14931	450	163	0	15685
8267	203	212	15094	124	0	15633
8268	14085	320	311	130	0	14846
8269	283	88	290	13836	0	14497
8270	14427	57	130	253	0	14867
8271	285	77	14243	329	0	14934
8272	311	73	227	14017	0	14628
8273	148	83	274	14300	0	14805
8274	144	79	13978	456	0	14657
8275	140	68	214	14002	0	14424
8276	13734	75	279	308	0	14396
8277	13774	77	98	312	0	14261
8278	506	50	56	13711	0	14323
8279	13862	60	64	273	0	14259
8280	13591	53	64	331	0	14039
8281	489	13417	55	180	0	14141
8282	384	191	70	13401	0	14046
8283	13513	252	77	276	0	14118
8284	298	88	68	13674	0	14128
8285	13184	72	76	282	0	13614
8286	340	55	55	13213	0	13663
8287	389	70	13392	323	0	14174
8288	190	13235	239	354	0	14018
8289	195	248	285	10969	0	11697
8290	166	13097	111	254	0	13628
8291	12578	237	120	307	0	13242
8292	261	12627	115	149	0	13152
8293	316	12501	104	139	0	13060
8294	176	416	82	12201	0	12875
8295	12219	309	88	270	0	12886
8296	283	112	59	12211	0	12665
8297	12204	79	81	319	0	12683
8298	11891	92	82	325	0	12390
8299	436	12058	95	170	0	12759
8300	12344	225	102	113	0	12784
8301	12042	270	107	118	0	12537
8302	12214	97	81	117	0	12509
8303	545	65	11638	132	0	12380
8304	417	63	229	11354	0	12063
8305	198	61	267	11621	0	12147
8306	195	46	11493	465	0	12199
8307	11339	40	229	363	0	11971
8308	11670	46	288	172	0	12176
8309	11647	55	108	141	0	11951
8310	11245	37	70	142	0	11494
8311	521	10932	77	156	0	11686
8312	10903	181	65	128	0	11277
8313	384	218	53	10611	0	11266
8314	356	94	10068	252	0	10770
8315	9589	51	169	274	0	10083
8316	275	9776	224	145	0	10420
8317	8878	174	117	93	0	9262
8318	280	8913	44	118	0	9355
8319	295	8375	48	87	0	8805
8320	127	8423	81	107	0	8738
8321	160	8037	86	120	0	8403
8322	136	256	6037	94	0	6523
8323	104	484	191	4570	0	5349
8324	48	33	4178	84	0	4343
8325	2995	10	49	76	0	3130
8326	49	3184	54	23	0	3310
8327	64	3238	15	24	0	3341
8328	27	88	17	3064	0	3196
8329	26	54	7	3101	0	3188
8330	18	19	3102	82	0	3221
8331	20	22	3046	54	0	3142
8332	10	13	79	3024	0	3126
8333	35	12	3100	34	0	3181
8334	29	3029	41	69	0	3168
8335	41	41	44	2934	0	3060
8336	38	55	17	3188	0	3298
8337	36	18	3170	81	0	3305
8338	33	10	30	3157	0	3230
8339	3114	6	57	45	0	3222
8340	57	3	17	3135	0	3212
8341	57	4	21	3088	0	3170
8342	29	8	3064	99	0	3200
8343	2799	3	35	67	0	2904
8344	54	3049	50	18	0	3171
8345	84	31	6	3037	0	3158
8346	50	52	3037	34	0	3173
8347	28	23	31	3007	0	3089
8348	2982	13	49	38	0	3082
8349	53	16	3053	67	0	3189
8350	73	8	32	3021	0	3134
8351	30	9	3154	51	0	3244
8352	18	3123	47	64	0	3252
8353	59	39	3142	18	0	3258
8354	13	3114	37	13	0	3177
8355	11	28	2614	18	0	2671
8356	12	46	32	2190	0	2280
8357	5	2475	30	29	0	2539
8358	2381	20	3	28	0	2432
8359	17	23	3	2409	0	2452
8360	2444	8	3	18	0	2473
8361	27	5	1	2545	0	2578
8362	26	8	2	2595	0	2631
8363	2570	6	2	40	0	2618
8364	2601	3	2	31	0	2637
8365	51	5	2	2697	0	2755
8366	36	1	2824	25	0	2886
8367	12	2743	20	29	0	2804
8368	9	19	2824	9	0	2861
8369	7	2853	28	9	0	2897
8370	2753	19	33	17	0	2822
8371	24	23	2753	4	0	2804
8372	34	9	2725	6	0	2774
8373	10	3	43	2585	0	2641
8374	2697	1	25	23	0	2746
8375	24	4	2765	32	0	2825
8376	30	2835	23	9	0	2897
8377	2915	19	25	9	0	2968
8378	2935	24	6	5	0	2970
8379	2990	5	4	5	0	3004
8380	2985	7	4	3	0	2999
8381	2956	10	7	3	0	2976
8382	47	12	2918	8	0	2985
8383	29	16	19	2646	0	2710
8384	9	2857	28	19	0	2913
8385	2867	18	5	24	0	2914
8386	22	2903	6	11	0	2942
8387	2625	14	3	1	0	2643
8388	2596	14	2	9	0	2621
8389	28	2609	3	4	0	2644
8390	2634	12	12	4	0	2662
8391	16	14	3	2606	0	2639
8392	16	2	7	2643	0	2668
8393	4	3	2603	30	0	2640
8394	5	2667	15	20	0	2707
8395	4	14	17	2635	0	2670
8396	7	17	5	2668	0	2697
8397	5	5	8	2677	0	2695
8398	8	2	2613	33	0	2656
8399	2342	6	14	16	0	2378
8400	19	2	14	2637	0	2672
8401	2638	2	10	13	0	2663
8402	18	3	4	2638	0	2663
8403	23	1	2764	21	0	2809
8404	12	6	2790	20	0	2828
8405	2566	6	26	7	0	2605
8406	2770	4	29	3	0	2806
8407	31	2760	6	6	0	2803
8408	23	16	2737	5	0	2781
8409	9	16	17	2610	0	2652
8410	5	10	17	2482	0	2514
8411	2817	4	7	29	0	2857
8412	2807	7	4	21	0	2839
8413	2824	5	11	9	0	2849
8414	31	3	2806	10	0	2850
8415	2822	7	13	14	0	2856
8416	23	3	17	2919	0	2962
8417	23	5	5	2948	0	2981
8418	10	4	7	2936	0	2957
8419	13	2925	5	29	0	2972
8420	2872	14	6	23	0	2915
8421	19	16	9	2858	0	2902
8422	20	9	2863	20	0	2912
8423	11	5	23	2790	0	2829
8424	7	2864	27	18	0	2916
8425	2886	16	11	23	0	2936
8426	22	16	8	2839	0	2885
8427	25	8	9	2819	0	2861
8428	15	9	2932	30	0	2986
8429	13	6	19	2828	0	2866
8430	16	2907	20	18	0	2961
8431	16	19	6	2964	0	3005
8432	18	14	2937	17	0	2986
8433	2506	4	15	22	0	2547
8434	2776	4	19	9	0	2808
8435	33	2865	11	7	0	2916
8436	2739	13	11	9	0	2772
8437	2797	11	1	13	0	2822
8438	24	2820	8	12	0	2864
8439	16	25	13	2830	0	2884
8440	2899	14	3	12	0	2928
8441	21	2984	8	21	0	3034
8442	20	17	2988	8	0	3033
8443	2893	11	20	10	0	2934
8444	3098	6	14	5	0	3123
8445	3117	9	6	7	0	3139
8446	3106	4	6	8	0	3124
8447	36	3228	5	12	0	3281
8448	3270	22	5	9	0	3306
8449	3349	18	7	6	0	3380
8450	3317	4	3	13	0	3337
8451	39	5	4	3387	0	3435
8452	3324	2	9	31	0	3366
8453	23	3558	9	29	0	3619
8454	33	24	3804	9	0	3870
8455	15	24	26	3919	0	3984
8456	3975	2	25	39	0	4041
8457	38	8	4052	30	0	4128
8458	36	2	35	4007	0	4080
8459	11	3	4064	38	0	4116
8460	7	4039	35	40	0	4121
8461	9	41	27	3911	0	3988
8462	8	29	3936	36	0	4009
8463	8	3932	30	30	0	4000
8464	11	36	30	3805	0	3882
8465	3953	24	12	38	0	4027
8466	3898	3	5	27	0	3933
8467	3920	1	6	5	0	3932
8468	3899	3	0	6	0	3908
8469	3900	1	4	6	0	3911
8470	53	2	3907	5	0	3967
8471	3858	2	26	5	0	3891
8472	3956	2	26	3	0	3987
8473	52	4	3	3959	0	4018
8474	4007	1	6	28	0	4042
8475	3835	2	2	31	0	3870
8476	53	3860	2	6	0	3921
8477	34	28	2	3844	0	3908
8478	11	28	4	3880	0	3923
8479	3842	3	2	55	0	3902
8480	29	3887	7	28	0	3951
8481	33	3929	7	10	0	3979
8482	10	58	2	3964	0	4034
8483	8	31	2	3995	0	4036
8484	5	13	2	3979	0	3999
8485	7	4	1	4040	0	4052
8486	3916	2	3	63	0	3984
8487	3837	3	1	37	0	3878
8488	65	8	3937	7	0	4017
8489	40	2	32	3795	0	3869
8490	8	5	30	3921	0	3964
8491	9	8	3919	61	0	3997
8492	3571	3	34	41	0	3649
8493	33	3898	31	14	0	3976
8494	3874	30	8	6	0	3918
8495	40	29	5	3824	0	3898
8496	38	7	3910	35	0	3990
8497	9	6	38	3899	0	3952
8498	11	9	4077	33	0	4130
8499	5	4063	38	40	0	4146
8500	3957	32	38	8	0	4035
8501	3949	38	4	5	0	3996
8502	59	3990	3	15	0	4067
8503	39	29	3	3854	0	3925
8504	3787	36	6	30	0	3859
8505	29	3811	5	34	0	3879
8506	36	28	8	3791	0	3863
8507	3815	32	6	39	0	3892
8508	40	8	3831	41	0	3920
8509	3683	3	32	10	0	3728
8510	38	3854	32	6	0	3930
8511	3871	33	7	8	0	3919
8512	3797	33	2	8	0	3840
8513	71	5	3791	12	0	3879
8514	45	4	31	3586	0	3666
8515	12	7	35	3728	0	3782
8516	18	7	3767	66	0	3858
8517	15	3	34	3622	0	3674
8518	15	2	34	3639	0	3690
8519	3745	4	6	63	0	3818
8520	3762	5	5	41	0	3813
8521	70	7	7	3712	0	3796
8522	43	4	3759	46	0	3852
8523	13	9	32	3729	0	3783
8524	15	2	33	3804	0	3854
8525	12	7	3827	71	0	3917
8526	11	10	36	3831	0	3888
8527	3820	6	31	49	0	3906
8528	3725	9	7	40	0	3781
8529	69	3745	8	19	0	3841
8530	3846	29	5	20	0	3900
8531	3765	31	6	10	0	3812
8532	72	3861	9	12	0	3954
8533	3901	34	9	12	0	3956
8534	3880	34	7	14	0	3935
8535	3981	8	6	12	0	4007
8536	78	5	3877	18	0	3978
8537	3798	6	34	11	0	3849
8538	50	7	39	3918	0	4014
8539	3956	6	4	41	0	4007
8540	44	10	3913	39	0	4006
8541	42	3783	35	21	0	3881
8542	3769	30	34	15	0	3848
8543	35	3983	20	9	0	4047
8544	44	31	6	3859	0	3940
8545	19	41	5	3974	0	4039
8546	3985	7	6	63	0	4061
8547	3872	9	4	49	0	3934
8548	65	11	3887	18	0	3981
8549	40	6	3700	20	0	3766
8550	17	9	3785	15	0	3826
8551	12	35	55	3581	0	3683
8552	14	6	3703	34	0	3757
8553	14	11	3427	44	0	3496
8554	65	128	56	2952	0	3201
8555	3272	1	41	38	0	3352
8556	3282	2	5	23	0	3312
8557	3300	5	8	6	0	3319
8558	3294	2	5	8	0	3309
8559	34	0	3	3297	0	3334
8560	27	3	2	3307	0	3339
8561	10	3	3454	34	0	3501
8562	8	3	18	3345	0	3374
8563	10	1	24	3399	0	3434
8564	3514	4	2	37	0	3557
8565	3521	2	6	25	0	3554
8566	42	1	4	3503	0	3550
8567	3577	1	4	18	0	3600
8568	3606	0	2	29	0	3637
8569	42	4	5	3599	0	3650
8570	29	1	4	3562	0	3596
8571	11	4	3553	48	0	3616
8572	13	6	3526	26	0	3571
8573	11	2	42	3493	0	3548
8574	8	5	30	3585	0	3628
8575	11	2	3628	45	0	3686
8576	3374	4	26	24	0	3428
8577	3440	2	24	10	0	3476
8578	47	4	3517	12	0	3580
8579	32	3503	26	7	0	3568
8580	3529	15	35	13	0	3592
8581	23	26	3724	10	0	3783
8582	27	7	26	3633	0	3693
8583	11	4	26	3776	0	3817
8584	3916	2	8	40	0	3966
8585	4167	1	10	29	0	4207
8586	44	3	8	4232	0	4287
8587	34	1	5	4454	0	4494
8588	4496	2	8	52	0	4558
8589	4500	2	6	37	0	4545
8590	4456	4	9	11	0	4480
8591	63	4	4582	18	0	4667
8592	43	1	25	4521	0	4590
8593	15	2	37	4686	0	4740
8594	4649	0	8	69	0	4726
8595	27	4709	8	51	0	4795
8596	5056	22	11	13	0	5102
8597	42	5238	14	15	0	5309
8598	55	34	8	5354	0	5451
8599	16	43	5	5468	0	5532
8600	17	9	5433	100	0	5559
8601	15	3	51	5435	0	5504
8602	11	7	5525	58	0	5601
8603	14	2	52	5493	0	5561
8604	13	7	50	5425	0	5495
8605	15	5369	19	100	0	5503
8606	16	5553	13	63	0	5645
8607	15	90	6	5398	0	5509
8608	10	58	8	5559	0	5635
8609	15	9	14	5655	0	5693
8610	9	10	6	5731	0	5756
8611	14	5	11	5774	0	5804
8612	18	9	5678	117	0	5822
8613	15	6	56	5634	0	5711
8614	13	5	62	5737	0	5817
8615	21	6	5574	117	0	5718
8616	16	5595	56	89	0	5756
8617	15	47	57	5640	0	5759
8618	15	55	5670	74	0	5814
8619	10	5724	60	70	0	5864
8620	18	48	58	5731	0	5855
8621	5816	52	12	73	0	5953
8622	56	6	15	5843	0	5920
8623	64	7	13	5907	0	5991
8624	23	5	9	6018	0	6055
8625	22	5	12	5867	0	5906
8626	13	5759	21	121	0	5914
8627	16	52	8	5883	0	5959
8628	6140	61	12	88	0	6301
8629	59	10	15	6291	0	6375
8630	62	12	5	6228	0	6307
8631	16	7	13	6310	0	6346
8632	6078	13	13	127	0	6231
8633	6054	9	16	97	0	6176
8634	107	17	8	6202	0	6334
8635	6094	6	13	73	0	6186
8636	6023	6	6	84	0	6119
8637	103	6201	16	43	0	6363
8638	6106	43	10	32	0	6191
8639	46	6193	10	34	0	6283
8640	59	6186	9	37	0	6291
8641	18	89	18	6283	0	6408
8642	25	59	6449	76	0	6609
8643	13	16	45	6183	0	6257
8644	11	10	55	6230	0	6306
8645	15	6319	13	113	0	6460
8646	6242	48	13	77	0	6380
8647	58	52	17	6269	0	6396
8648	53	25	7082	89	0	7249
8649	21	18	49	6914	0	7002
8650	11	7237	54	88	0	7390
8651	7266	49	13	79	0	7407
8652	45	60	6	7312	0	7423
8653	56	27	7521	71	0	7675
8654	14	21	47	7366	0	7448
8655	12	7238	57	90	0	7397
8656	14	50	15	7327	0	7406
8657	7415	65	12	87	0	7579
8658	7542	19	8	97	0	7666
8659	7620	18	15	61	0	7714
8660	105	7674	22	71	0	7872
8661	7644	58	13	60	0	7775
8662	62	64	24	7665	0	7815
8663	7635	25	12	96	0	7768
8664	68	7826	18	104	0	8016
8665	77	62	17	7884	0	8040
8666	21	79	8080	107	0	8287
8667	7175	32	54	112	0	7373
8668	58	8230	67	69	0	8424
8669	68	57	14	8253	0	8392
8670	24	80	9	8421	0	8534
8671	22	17	9	8397	0	8445
8672	32	18	10	8196	0	8256
8673	15	8339	14	150	0	8518
8674	8373	60	16	98	0	8547
8675	8297	69	8	60	0	8434
8676	115	24	8711	61	0	8911
8677	85	23	51	8664	0	8823
8678	32	22	8975	101	0	9130
8679	8561	16	60	96	0	8733
8680	8857	20	69	45	0	8991
8681	8707	29	12	33	0	8781
8682	114	20	10	8441	0	8585
8683	83	8551	17	82	0	8733
8684	8604	56	10	102	0	8772
8685	53	63	10	8560	0	8686
8686	8497	30	21	78	0	8626
8687	70	26	8173	88	0	8357
8688	82	13	8039	31	0	8165
8689	8132	13	83	38	0	8266
8690	59	18	54	8274	0	8405
8691	8191	15	11	67	0	8284
8692	62	8256	28	73	0	8419
8693	8331	45	25	24	0	8425
8694	8318	53	5	33	0	8409
8695	99	22	8438	32	0	8591
8696	51	19	7875	23	0	7968
8697	24	8151	53	12	0	8240
8698	60	17	48	8021	0	8146
8699	8206	29	29	29	0	8293
8700	17	5	6	8243	0	8271
8701	26	5	4	8524	0	8559
8702	20	15	8375	46	0	8456
8703	7843	7	16	46	0	7912
8704	24	9	27	8730	0	8790
8705	42	10	8648	34	0	8734
8706	21	18	8633	34	0	8706
8707	12	34	39	8683	0	8768
8708	17	8	8847	21	0	8893
8709	16	9	8935	35	0	8995
8710	13	10	44	7724	0	7791
8711	13	18	9393	22	0	9446
8712	18	4	14	8990	0	9026
8713	11	9174	31	25	0	9241
8714	9440	14	4	31	0	9489
8715	19	9679	7	16	0	9721
8716	35	25	3	9598	0	9661
8717	17	9928	7	39	0	9991
8718	23	33	10120	41	0	10217
8719	10	39	38	11615	0	11702
8720	16	10	14427	97	0	14550
8721	13575	8	133	107	0	13823
8722	141	15477	152	28	0	15798
8723	15594	146	22	11	0	15773
8724	170	156	10	15262	0	15598
8725	15461	27	18	147	0	15653
8726	192	19	15432	177	0	15820
8727	166	15608	161	37	0	15972
8728	15262	162	159	13	0	15596
8729	167	173	30	14242	0	14612
8730	165	15382	17	134	0	15698
8731	38	155	13	15635	0	15841
8732	15624	165	10	190	0	15989
8733	164	16866	24	189	0	17243
8734	16918	183	11	33	0	17145
8735	226	207	16598	41	0	17072
8736	15707	28	209	28	0	15972
8737	232	16	202	16525	0	16975
8738	16463	13	42	191	0	16709
8739	205	16603	24	213	0	17045
8740	212	193	14	16438	0	16857
8741	49	200	11	16799	0	17059
8742	33	39	16215	395	0	16682
8743	25	21	201	15868	0	16115
8744	36	11	202	16305	0	16554
8745	34	15	43	16441	0	16533
8746	27	21	16	16584	0	16648
8747	38	19	16295	424	0	16776
8748	26	15426	202	262	0	15916
8749	26	208	204	15460	0	15898
8750	15362	201	38	216	0	15817
8751	15292	34	21	222	0	15569
8752	384	15627	28	63	0	16102
8753	15506	206	18	41	0	15771
8754	15389	203	29	38	0	15659
8755	15261	38	29	48	0	15376
8756	415	15215	23	55	0	15708
8757	15115	200	25	39	0	15379
8758	240	232	24	14509	0	15005
8759	231	49	14728	230	0	15238
8760	64	14637	206	228	0	15135
8761	48	208	211	14661	0	15128
8762	42	211	14590	232	0	15075
8763	13730	49	217	231	0	14227
8764	222	36	206	14423	0	14887
8765	224	28	46	14518	0	14816
8766	68	26	28	14487	0	14609
8767	50	34	22	14567	0	14673
8768	49	43	13950	435	0	14477
8769	11942	33	209	300	0	12484
8770	228	13853	207	80	0	14368
8771	13850	224	44	46	0	14164
8772	251	13999	34	48	0	14332
8773	13986	237	23	40	0	14286
8774	279	210	25	13686	0	14200
8775	252	60	13695	240	0	14247
8776	90	38	13572	236	0	13936
8777	64	38	383	13194	0	13679
8778	55	33	228	13333	0	13649
8779	52	44	60	13682	0	13838
8780	13131	36	28	453	0	13648
8781	241	34	13300	285	0	13860
8782	253	56	226	12039	0	12574
8783	81	13270	211	235	0	13797
8784	12964	227	51	240	0	13482
8785	248	234	12997	88	0	13567
8786	240	12705	233	122	0	13300
8787	95	222	13105	83	0	13505
8788	68	220	253	12884	0	13425
8789	81	73	13147	272	0	13573
8790	89	48	13113	258	0	13508
8791	77	54	404	12883	0	13418
8792	84	68	13073	282	0	13507
8793	96	32	13047	275	0	13450
8794	79	39	435	12248	0	12801
8795	12495	48	251	253	0	13047
8796	256	51	12479	286	0	13072
8797	254	47	248	11946	0	12495
8798	75	47	233	12431	0	12786
8799	12127	45	73	452	0	12697
8800	267	40	60	12262	0	12629
8801	11999	38	61	298	0	12396
8802	272	11823	59	276	0	12430
8803	253	219	43	11857	0	12372
8804	11756	210	64	286	0	12316
8805	11836	52	62	272	0	12222
8806	439	39	52	11624	0	12154
8807	266	46	11578	285	0	12175
8808	10950	43	241	272	0	11506
8809	258	11462	238	100	0	12058
8810	11380	220	78	103	0	11781
8811	11166	224	61	95	0	11546
8812	11388	63	60	81	0	11592
8813	461	31	11016	99	0	11607
8814	260	10884	260	109	0	11513
8815	92	326	262	10491	0	11171
8816	87	309	84	10674	0	11154
8817	80	58	10406	462	0	11006
8818	67	9745	221	287	0	10320
8819	60	7774	159	86	0	8079
8820	42	5707	59	46	0	5854
8821	4878	153	357	33	0	5421
8822	121	90	28	4523	0	4762
8823	79	21	11	4623	0	4734
8824	30	15	4617	133	0	4795
8825	4234	12	78	71	0	4395
8826	69	16	68	4496	0	4649
8827	78	72	21	4498	0	4669
8828	28	13	4449	127	0	4617
8829	20	4373	67	89	0	4549
8830	31	74	64	4339	0	4508
8831	22	57	4266	69	0	4414
8832	16	3703	49	59	0	3827
8833	2858	35	32	13	0	2938
8834	24	24	3035	7	0	3090
8835	24	12	17	2718	0	2771
8836	8	2938	21	19	0	2986
8837	2941	19	3	15	0	2978
8838	24	25	2	2905	0	2956
8839	2912	5	12	20	0	2949
8840	2904	5	6	17	0	2932
8841	31	2954	5	8	0	2998
8842	2994	16	8	13	0	3031
8843	3070	17	10	12	0	3109
8844	39	5	3156	4	0	3204
8845	3095	8	19	6	0	3128
8846	18	10	3210	10	0	3248
8847	3109	2	22	10	0	3143
8848	3154	2	18	6	0	3180
8849	32	4	3296	6	0	3338
8850	23	5	22	3207	0	3257
8851	15	3	3400	13	0	3431
8852	10	3	3212	19	0	3244
8853	10	17	3434	8	0	3469
8854	5	3	23	3269	0	3300
8855	8	1	18	3725	0	3752
8856	9	3	4	3730	0	3746
8857	8	3	5	3883	0	3899
8858	6	8	3999	40	0	4053
8859	4	5	17	3888	0	3914
8860	7	3949	33	25	0	4014
8861	8	21	4270	32	0	4331
8862	4	30	24	4131	0	4189
8863	23	9	4438	25	0	4495
8864	7	4337	27	38	0	4409
8865	8	4398	32	9	0	4447
8866	9	64	5	4358	0	4436
8867	13	31	4385	29	0	4458
8868	8	8	4420	38	0	4474
8869	14	10	59	4323	0	4406
8870	4	6	37	4432	0	4479
8871	7	3	4	4518	0	4532
8872	13	6	4495	58	0	4572
8873	5	4512	27	40	0	4584
8874	6	4651	44	9	0	4710
8875	10	60	5	4726	0	4801
8876	7	52	4649	29	0	4737
8877	18	6	4740	45	0	4809
8878	4	4936	67	11	0	5018
8879	4846	23	43	10	0	4922
8880	31	5059	16	9	0	5115
8881	55	32	5206	9	0	5302
8882	5137	44	32	14	0	5227
8883	31	8	52	5392	0	5483
8884	5566	3	12	35	0	5616
8885	30	9	13	5606	0	5658
8886	53	7	4	5651	0	5715
8887	5594	9	10	87	0	5700
8888	35	5823	12	73	0	5943
8889	63	39	5797	16	0	5915
8890	6	5959	43	14	0	6022
8891	5825	33	55	14	0	5927
8892	35	5930	11	13	0	5989
8893	5879	36	7	12	0	5934
8894	5775	57	10	19	0	5861
8895	85	5888	10	18	0	6001
8896	60	40	10	5732	0	5842
8897	5763	61	8	39	0	5871
8898	5774	7	10	56	0	5847
8899	89	10	10	5749	0	5858
8900	65	14	5721	37	0	5837
8901	10	8	5679	60	0	5757
8902	8	15	86	5667	0	5776
8903	11	14	5732	33	0	5790
8904	5308	8	43	66	0	5425
8905	35	5707	75	17	0	5834
8906	63	35	19	5696	0	5813
8907	10	58	9	5710	0	5787
8908	14	8	12	5726	0	5760
8909	11	7	5	5673	0	5696
8910	16	3	14	5731	0	5764
8911	10	15	5639	97	0	5761
8912	7	5678	39	71	0	5795
8913	5652	37	62	16	0	5767
8914	37	67	15	5627	0	5746
8915	64	10	14	5666	0	5754
8916	10	17	11	5691	0	5729
8917	14	5705	7	99	0	5825
8918	14	42	8	5812	0	5876
8919	8	57	17	5833	0	5915
8920	5637	6	11	100	0	5754
8921	32	5584	10	77	0	5703
8922	61	5614	9	28	0	5712
8923	11	91	9	5646	0	5757
8924	5554	59	17	44	0	5674
8925	42	13	5654	67	0	5776
8926	5195	9	40	27	0	5271
8927	42	9	5906	42	0	5999
8928	61	11	41	5812	0	5925
8929	14	7	65	5925	0	6011
8930	14	10	18	5861	0	5903
8931	9	18	9	5854	0	5890
8932	13	10	11	5861	0	5895
8933	5705	12	7	114	0	5838
8934	47	15	5693	75	0	5830
8935	66	7	40	5718	0	5831
8936	15	16	6000	57	0	6088
8937	16	5971	45	83	0	6115
8938	5863	43	70	29	0	6005
8939	48	72	6222	26	0	6368
8940	73	15	40	6208	0	6336
8941	8	14	69	6373	0	6464
8942	21	12	6405	127	0	6565
8943	17	18	6346	115	0	6496
8944	12	13	111	5915	0	6051
8945	6309	16	73	69	0	6467
8946	6258	13	17	80	0	6368
8947	117	6302	14	26	0	6459
8948	6427	56	20	25	0	6528
8949	58	70	14	6054	0	6196
8950	82	6389	20	64	0	6555
8951	21	48	10	6450	0	6529
8952	27	71	6535	83	0	6716
8953	22	13	49	6273	0	6357
8954	26	15	76	6426	0	6543
8955	6069	9	16	118	0	6212
8956	46	6115	18	110	0	6289
8957	5987	38	10	33	0	6068
8958	45	6050	18	27	0	6140
8959	5672	44	14	15	0	5745
8960	50	5799	10	16	0	5875
8961	63	5682	17	15	0	5777
8962	5629	84	28	20	0	5761
8963	44	70	9	5252	0	5375
8964	57	5566	11	43	0	5677
8965	5621	30	9	65	0	5725
8966	5592	51	9	26	0	5678
8967	5739	5	10	17	0	5771
8968	5641	6	8	21	0	5676
8969	90	5766	14	14	0	5884
8970	62	31	8	5719	0	5820
8971	15	58	6	5829	0	5908
8972	5814	8	2	92	0	5916
8973	35	11	10	5703	0	5759
8974	5677	7	6	50	0	5740
8975	38	14	5563	63	0	5678
8976	5360	4	38	22	0	5424
8977	37	9	5669	20	0	5735
8978	53	12	32	5449	0	5546
8979	5515	11	48	46	0	5620
8980	37	5455	10	55	0	5557
8981	5165	26	27	18	0	5236
8982	32	5352	5	20	0	5409
8983	41	39	7	5432	0	5519
8984	16	41	5327	37	0	5421
8985	4614	16	54	53	0	4737
8986	22	5322	40	20	0	5404
8987	40	42	4	5201	0	5287
8988	12	31	5	5077	0	5125
8989	10	11	3	5074	0	5098
8990	22	6	5048	64	0	5140
8991	4	5057	27	44	0	5132
8992	4993	21	33	18	0	5065
8993	5002	27	11	14	0	5054
8994	61	5052	11	19	0	5143
8995	5271	22	7	13	0	5313
8996	30	30	8	5240	0	5308
8997	33	5297	12	25	0	5367
8998	5258	24	5	38	0	5325
8999	29	33	5216	15	0	5293
9000	33	5253	29	10	0	5325
9001	8	25	30	5263	0	5326
9002	15	31	3	5308	0	5357
9003	9	15	5235	51	0	5310
9004	10	15	22	4986	0	5033
9005	17	6	5261	34	0	5318
9006	8	7	27	5115	0	5157
9007	11	7	27	5201	0	5246
9008	7	10	6	5269	0	5292
9009	10	5	6	5340	0	5361
9010	6	9	5290	58	0	5363
9011	12	8	5491	45	0	5556
9012	8	5982	64	21	0	6075
9013	16	38	54	6278	0	6386
9014	26	66	6688	32	0	6812
9015	11	6661	37	81	0	6790
9016	17	64	72	6723	0	6876
9017	19	82	7040	63	0	7204
9018	6273	10	46	73	0	6402
9019	7172	7	78	8	0	7265
9020	124	6	4	7193	0	7327
9021	86	9	7265	58	0	7418
9022	8	9	51	7194	0	7262
9023	7185	6	83	60	0	7334
9024	54	7465	13	91	0	7623
9025	7583	59	9	15	0	7666
9026	7559	86	3	16	0	7664
9027	134	10	5	7347	0	7496
9028	88	6	5	7443	0	7542
9029	10	7	6	7563	0	7586
9030	12	8	1	7508	0	7529
9031	19	3	8	7533	0	7563
9032	7418	3	7	140	0	7568
9033	7510	10	4	90	0	7614
9034	7545	8	10	16	0	7579
9035	143	6	7359	21	0	7529
9036	7092	13	54	18	0	7177
9037	62	8	81	7235	0	7386
9038	87	16	7246	64	0	7413
9039	15	7107	64	99	0	7285
9040	36	64	107	6918	0	7125
9041	12	96	12	6887	0	7007
9042	12	7072	14	122	0	7220
9043	16	49	15	7316	0	7396
9044	24	87	7236	68	0	7415
9045	19	19	7331	99	0	7468
9046	21	8	143	7274	0	7446
9047	7273	8	98	67	0	7446
9048	7126	5	14	111	0	7256
9049	158	6	7277	24	0	7465
9050	103	6948	68	23	0	7142
9051	20	7137	97	29	0	7283
9052	6699	136	14	25	0	6874
9053	70	94	6911	32	0	7107
9054	99	10	62	6761	0	6932
9055	6783	9	88	86	0	6966
9056	62	6782	17	113	0	6974
9057	98	6870	11	40	0	7019
9058	6748	131	11	25	0	6915
9059	80	93	14	6782	0	6969
9060	7062	11	13	76	0	7162
9061	90	9	15	7889	0	8003
9062	114	7	11	7968	0	8100
9063	34	19	8076	181	0	8310
9064	20	13	79	8286	0	8398
9065	24	16	102	8360	0	8502
9066	8368	9	20	212	0	8609
9067	93	11	17	8616	0	8737
9068	119	16	8561	121	0	8817
9069	8213	8	102	138	0	8461
9070	94	8	127	8510	0	8739
9071	8486	12	27	117	0	8642
9072	108	8250	19	139	0	8516
9073	134	8502	29	46	0	8711
9074	8432	199	29	23	0	8683
9075	8386	122	27	35	0	8570
9076	208	28	23	8304	0	8563
9077	145	31	8258	115	0	8549
9078	44	25	101	8379	0	8549
9079	8123	24	132	112	0	8391
9080	108	8253	31	152	0	8544
9081	147	99	20	8149	0	8415
9082	8127	134	23	114	0	8398
9083	114	39	7985	145	0	8283
9084	7887	18	105	55	0	8065
9085	7757	24	123	60	0	7964
9086	218	26	7929	62	0	8235
9087	148	19	8057	59	0	8283
9088	48	16	211	7669	0	7944
9089	43	15	138	7692	0	7888
9090	44	8193	37	232	0	8506
9091	39	101	25	8286	0	8451
9092	51	116	8354	148	0	8669
9093	43	22	111	8441	0	8617
9094	42	23	137	8730	0	8932
9095	68	20	8489	251	0	8828
9096	48	8484	114	189	0	8835
9097	53	116	145	8423	0	8737
9098	53	135	35	8609	0	8832
9099	8584	34	30	254	0	8902
9100	141	19	29	8649	0	8838
9101	156	32	8553	155	0	8896
9102	8318	27	126	178	0	8649
9103	8564	27	146	65	0	8802
9104	8701	24	37	67	0	8829
9105	270	25	8418	62	0	8775
9106	176	32	125	8259	0	8592
9107	67	18	152	8460	0	8697
9108	75	20	57	8604	0	8756
9109	8194	27	49	246	0	8516
9110	136	8240	49	206	0	8631
9111	149	96	7784	68	0	8097
9112	52	7533	113	56	0	7754
9113	49	7131	99	57	0	7336
9114	38	7022	48	48	0	7156
9115	90	211	77	6725	0	7103
9116	47	106	6629	129	0	6911
9117	5799	47	101	123	0	6070
9118	88	6445	91	70	0	6694
9119	6152	76	39	55	0	6322
9120	79	6506	32	65	0	6682
9121	6589	76	40	50	0	6755
9122	88	6714	32	52	0	6886
9123	108	89	6765	55	0	7017
9124	51	80	78	6600	0	6809
9125	53	21	89	6810	0	6973
9126	6859	25	33	167	0	7084
9127	103	20	34	7420	0	7577
9128	116	28	7408	130	0	7682
9129	56	25	101	7502	0	7684
9130	53	31	7523	142	0	7749
9131	38	7395	117	159	0	7709
9132	35	98	116	6640	0	6889
9133	42	7482	48	109	0	7681
9134	7394	109	39	123	0	7665
9135	116	103	30	7371	0	7620
9136	131	42	7384	122	0	7679
9137	41	33	7319	144	0	7537
9138	7031	38	199	49	0	7317
9139	120	41	110	7160	0	7431
9140	118	36	7177	128	0	7459
9141	63	41	6944	119	0	7167
9142	34	7061	196	47	0	7338
9143	49	147	126	6115	0	6437
9144	32	6915	34	112	0	7093
9145	30	100	27	6714	0	6871
9146	6745	89	39	112	0	6985
9147	86	34	39	6776	0	6935
9148	98	26	24	6838	0	6986
9149	6881	21	38	174	0	7114
9150	95	34	30	7275	0	7434
9151	100	27	29	7022	0	7178
9152	36	7541	31	177	0	7785
9153	7590	92	37	123	0	7842
9154	7706	113	27	59	0	7905
9155	174	32	27	7747	0	7980
9156	111	33	33	7769	0	7946
9157	40	30	25	7634	0	7729
9158	38	7468	30	204	0	7740
9159	36	7683	35	134	0	7888
9160	53	178	39	7363	0	7633
9161	6331	85	23	85	0	6524
9162	6155	20	29	103	0	6307
9163	125	6154	22	39	0	6340
9164	5664	64	16	24	0	5768
9165	64	5795	16	30	0	5905
9166	64	5710	19	71	0	5864
9167	87	126	38	5566	0	5817
9168	5449	76	36	66	0	5627
9169	57	5437	16	79	0	5589
9170	69	5539	20	30	0	5658
9171	19	106	15	5521	0	5661
9172	24	64	10	5586	0	5684
9173	18	18	5556	116	0	5708
9174	5231	15	61	82	0	5389
9175	5357	23	61	38	0	5479
9176	106	19	5552	39	0	5716
9177	84	25	5526	28	0	5663
9178	20	21	109	5549	0	5699
9179	27	20	65	5634	0	5746
9180	24	5684	11	128	0	5847
9181	11	54	15	5793	0	5873
9182	23	79	5711	80	0	5893
9183	25	17	56	5655	0	5753
9184	23	22	69	5658	0	5772
9185	5555	19	18	132	0	5724
9186	60	16	5556	101	0	5733
9187	5281	15	63	40	0	5399
9188	70	20	5448	46	0	5584
9189	72	29	57	5177	0	5335
9190	19	24	5273	92	0	5408
9191	21	16	5218	91	0	5346
9192	30	57	109	5023	0	5219
9193	4936	28	123	74	0	5161
9194	4728	21	18	92	0	4859
9195	107	4958	29	32	0	5126
9196	4915	47	34	32	0	5028
9197	4783	72	25	27	0	4907
9198	96	4832	28	33	0	4989
9199	78	53	16	4910	0	5057
9200	21	71	27	4941	0	5060
9201	20	21	22	4981	0	5044
9202	22	14	17	5017	0	5070
9203	22	31	4908	116	0	5077
9204	4585	12	51	97	0	4745
9205	49	18	72	4922	0	5061
9206	72	17	25	4778	0	4892
9207	28	4922	24	119	0	5093
9208	33	59	10	5024	0	5126
9209	24	75	5033	77	0	5209
9210	4419	22	67	100	0	4608
9211	66	18	5110	48	0	5242
9212	82	26	50	4934	0	5092
9213	4908	22	66	77	0	5073
9214	60	5041	17	98	0	5216
9215	91	49	12	5226	0	5378
9216	31	80	5277	84	0	5472
9217	25	28	44	5293	0	5390
9218	5167	23	69	80	0	5339
9219	72	25	5324	88	0	5509
9220	98	22	5129	39	0	5288
9221	24	5036	110	38	0	5208
9222	4800	58	79	35	0	4972
9223	66	4811	14	28	0	4919
9224	71	64	4665	21	0	4821
9225	23	73	4491	32	0	4619
9226	13	4373	98	34	0	4518
9227	3768	39	60	12	0	3879
9228	45	3832	26	15	0	3918
9229	40	25	12	3680	0	3757
9230	14	41	11	3747	0	3813
9231	8	15	3789	60	0	3872
9232	16	11	22	3733	0	3782
9233	9	5	3876	33	0	3923
9234	3661	9	27	45	0	3742
9235	3782	4	46	17	0	3849
9236	3836	12	17	10	0	3875
9237	61	5	3759	21	0	3846
9238	3725	10	28	16	0	3779
9239	31	5	45	3533	0	3614
9240	47	3715	18	31	0	3811
9241	3678	25	15	49	0	3767
9242	35	37	3667	18	0	3757
9243	3543	6	25	21	0	3595
9244	3543	7	46	18	0	3614
9245	58	11	3529	17	0	3615
9246	40	3536	32	20	0	3628
9247	19	47	43	3517	0	3626
9248	16	36	3562	28	0	3642
9249	12	10	3422	44	0	3488
9250	24	120	60	2803	0	3007
9251	15	10	2857	23	0	2905
9252	7	3	19	2653	0	2682
9253	7	9	27	2564	0	2607
9254	8	3	13	2648	0	2672
9255	9	4	2633	46	0	2692
9256	10	6	20	2613	0	2649
9257	8	6	2672	23	0	2709
9258	8	15	21	2679	0	2723
9259	2713	3	33	21	0	2770
9260	17	6	13	2727	0	2763
9261	29	2855	9	27	0	2920
9262	10	21	13	2924	0	2968
9263	2920	27	12	31	0	2990
9264	23	2996	9	38	0	3066
9265	36	19	12	3028	0	3095
9266	2982	31	10	28	0	3051
9267	21	11	3008	35	0	3075
9268	40	6	27	2940	0	3013
9269	14	10	3042	30	0	3096
9270	9	6	2979	44	0	3038
9271	11	6	64	2881	0	2962
9272	2950	11	38	29	0	3028
9273	33	4	2925	37	0	2999
9274	2822	12	33	8	0	2875
9275	29	4	36	2892	0	2961
9276	34	10	2940	27	0	3011
9277	14	8	2886	41	0	2949
9278	12	7	2859	7	0	2885
9279	11	13	54	2666	0	2744
9280	2732	1	75	29	0	2837
9281	23	2787	12	32	0	2854
9282	32	18	11	2689	0	2750
9283	11	29	12	2763	0	2815
9284	2781	7	13	52	0	2853
9285	2773	5	11	29	0	2818
9286	44	2798	17	8	0	2867
9287	2841	24	6	8	0	2879
9288	2817	27	10	10	0	2864
9289	53	3	15	2778	0	2849
9290	32	8	2814	34	0	2888
9291	2748	4	30	30	0	2812
9292	28	3	33	2847	0	2911
9293	27	7	12	2820	0	2866
9294	2790	2	6	55	0	2853
9295	26	3	17	2649	0	2695
9296	34	1	11	2662	0	2708
9297	2613	3	10	48	0	2674
9298	30	2677	13	33	0	2753
9299	2635	22	12	12	0	2681
9300	29	25	2622	16	0	2692
9301	2598	4	48	15	0	2665
9302	32	5	33	2590	0	2660
9303	32	2693	13	35	0	2773
9304	12	22	9	2736	0	2779
9305	10	24	9	2722	0	2765
9306	9	9	7	2756	0	2781
9307	2689	2	9	57	0	2757
9308	30	2626	13	33	0	2702
9309	25	2608	5	18	0	2656
9310	2558	41	7	7	0	2613
9311	35	26	2677	12	0	2750
9312	30	5	2663	13	0	2711
9313	2542	9	52	15	0	2618
9314	26	9	2627	10	0	2672
9315	23	9	16	2312	0	2360
9316	8	2	17	2325	0	2352
9317	8	3	2	2434	0	2447
9318	7	1	3	2419	0	2430
9319	3	2436	8	36	0	2483
9320	6	17	4	2502	0	2529
9321	7	21	2439	19	0	2486
9322	3	4	19	2427	0	2453
9323	5	4	2419	20	0	2448
9324	5	2	2372	27	0	2406
9325	3	2	35	2408	0	2448
9326	4	5	2466	23	0	2498
9327	4	6	18	2423	0	2451
9328	2428	2	25	30	0	2485
9329	22	6	2492	25	0	2545
9330	2330	2	18	8	0	2358
9331	22	4	24	2451	0	2501
9332	25	6	2475	22	0	2528
9333	8	2423	23	29	0	2483
9334	5	17	28	2526	0	2576
9335	8	19	2608	25	0	2660
9336	5	3	25	2590	0	2623
9337	2640	3	23	26	0	2692
9338	2630	3	4	33	0	2670
9339	2743	5	4	11	0	2763
9340	41	4	6	2817	0	2868
9341	27	5	7	2856	0	2895
9342	9	3	6	2897	0	2915
9343	2955	4	9	44	0	3012
9344	25	3045	8	30	0	3108
9345	30	21	11	3066	0	3128
9346	8	25	7	3121	0	3161
9347	3055	7	5	56	0	3123
9348	31	3152	5	44	0	3232
9349	26	27	6	3287	0	3346
9350	3352	27	6	37	0	3422
9351	3324	1	2	42	0	3369
9352	64	6	8	3307	0	3385
9353	3309	4	8	38	0	3359
9354	36	6	2	3328	0	3372
9355	39	6	3402	40	0	3487
9356	8	3	35	3405	0	3451
9357	11	5	36	3435	0	3487
9358	12	3	7	3471	0	3493
9359	3277	3	6	65	0	3351
9360	31	3317	3	50	0	3401
9361	3198	28	7	11	0	3244
9362	25	3163	5	13	0	3206
9363	28	3216	3	19	0	3266
9364	3198	49	12	12	0	3271
9365	27	3306	8	11	0	3352
9366	25	27	5	3286	0	3343
9367	3260	24	5	32	0	3321
9368	3250	7	8	32	0	3297
9369	49	3	6	3288	0	3346
9370	38	2	6	3185	0	3231
9371	7	3319	6	53	0	3385
9372	3359	23	0	42	0	3424
9373	3150	31	8	9	0	3198
9374	58	3428	2	14	0	3502
9375	37	3445	1	18	0	3501
9376	6	59	5	3474	0	3544
9377	3491	33	6	40	0	3570
9378	38	5	5	3471	0	3519
9379	40	4	4	3509	0	3557
9380	10	6	3459	66	0	3541
9381	17	7	3464	41	0	3529
9382	12	14	52	3445	0	3523
9383	15	8	3483	36	0	3542
9384	7	3495	24	48	0	3574
9385	15	31	29	3466	0	3541
9386	9	37	10	3519	0	3575
9387	15	7	2	3557	0	3581
9388	14	9	3532	69	0	3624
9389	12	4	3442	51	0	3509
9390	3269	9	52	22	0	3352
9391	32	3507	36	17	0	3592
9392	3471	26	8	10	0	3515
9393	31	29	6	3451	0	3517
9394	3536	8	9	35	0	3588
9395	39	12	4	3424	0	3479
9396	36	3571	4	42	0	3653
9397	3582	30	6	40	0	3658
9398	39	30	3531	20	0	3620
9399	29	3539	34	24	0	3626
9400	3490	25	30	12	0	3557
9401	27	28	5	3375	0	3435
9402	30	3428	9	36	0	3503
9403	25	24	3	3496	0	3548
9404	3474	34	6	33	0	3547
9405	29	14	5	3497	0	3545
9406	3443	7	4	43	0	3497
9407	35	15	3469	37	0	3556
9408	37	6	25	3398	0	3466
9409	3381	12	26	42	0	3461
9410	36	18	3419	36	0	3509
9411	39	3273	25	28	0	3365
9412	18	30	24	3176	0	3248
9413	13	37	3204	39	0	3293
9414	12	17	3165	45	0	3239
9415	23	16	40	3093	0	3172
9416	14	10	3134	35	0	3193
9417	18	19	3081	34	0	3152
9418	11	13	42	2949	0	3015
9419	3014	5	28	34	0	3081
9420	34	8	9	3003	0	3054
9421	32	8	8	3050	0	3098
9422	14	9	3076	52	0	3151
9423	14	6	27	3159	0	3206
9424	3173	8	31	39	0	3251
9425	27	13	3211	41	0	3292
9426	29	3257	25	27	0	3338
9427	15	27	27	3307	0	3376
9428	3317	31	14	31	0	3393
9429	32	12	6	3316	0	3366
9430	34	3366	10	30	0	3440
9431	12	30	3519	40	0	3601
9432	14	29	34	3529	0	3606
9433	3779	13	35	34	0	3861
9434	43	8	3736	44	0	3831
9435	42	11	32	3881	0	3966
9436	3950	7	46	39	0	4042
9437	4147	7	18	59	0	4231
9438	79	4248	13	35	0	4375
9439	4193	33	10	15	0	4251
9440	38	63	16	4157	0	4274
9441	54	16	4222	39	0	4331
9442	12	4165	41	59	0	4277
9443	14	4167	62	18	0	4261
9444	13	94	11	4046	0	4164
9445	13	60	15	4078	0	4166
9446	7	14	4091	80	0	4192
9447	13	4045	34	66	0	4158
9448	17	4053	53	16	0	4139
9449	16	96	8	3842	0	3962
9450	3725	44	13	30	0	3812
9451	19	3786	14	52	0	3871
9452	48	30	6	3808	0	3892
9453	3916	45	4	32	0	3997
9454	27	7	6	4001	0	4041
9455	42	9	7	3922	0	3980
9456	10	7	5	3979	0	4001
9457	9	4	8	4013	0	4034
9458	3931	9	6	64	0	4010
9459	28	3	4	3965	0	4000
9460	47	6	3855	36	0	3944
9461	3640	3	29	53	0	3725
9462	26	10	3812	11	0	3859
9463	53	4	3822	8	0	3887
9464	8	6	68	3730	0	3812
9465	19	0	46	3763	0	3828
9466	11	4	13	3859	0	3887
9467	3809	8	8	67	0	3892
9468	26	7	3792	52	0	3877
9469	3678	5	24	11	0	3718
9470	3766	4	42	17	0	3829
9471	63	11	3818	12	0	3904
9472	3628	9	29	7	0	3673
9473	32	8	3839	10	0	3889
9474	37	3856	26	12	0	3931
9475	10	35	47	3809	0	3901
9476	8	39	6	3859	0	3912
9477	10	9	4	3832	0	3855
9478	6	4	11	3839	0	3860
9479	12	6	3808	65	0	3891
9480	14	6	3808	45	0	3873
9481	8	12	55	3728	0	3803
9482	13	10	3831	31	0	3885
9483	3583	4	28	50	0	3665
9484	3822	5	38	19	0	3884
9485	57	11	8	3781	0	3857
9486	3778	8	4	32	0	3822
9487	30	3924	11	52	0	4017
9488	3907	23	10	16	0	3956
9489	39	43	3921	15	0	4018
9490	41	10	27	3734	0	3812
9491	9	3968	39	38	0	4054
9492	4032	25	8	42	0	4107
9493	26	42	13	4059	0	4140
9494	46	13	4052	28	0	4139
9495	14	7	24	4027	0	4072
9496	3943	5	48	42	0	4038
9497	35	6	4030	53	0	4124
9498	46	10	26	4008	0	4090
9499	17	6	48	4082	0	4153
9500	19	11	4073	72	0	4175
9501	13	4022	30	58	0	4123
9502	15	3901	57	24	0	3997
9503	15	61	10	4087	0	4173
9504	13	50	15	4239	0	4317
9505	14	11	11	4339	0	4375
9506	4174	9	9	82	0	4274
9507	4203	16	17	56	0	4292
9508	79	15	6	4251	0	4351
9509	4226	12	13	43	0	4294
9510	26	4313	18	67	0	4424
9511	49	35	5	4344	0	4433
9512	13	57	10	4394	0	4474
9513	12	13	9	4482	0	4516
9514	4217	8	11	89	0	4325
9515	33	4295	16	71	0	4415
9516	59	28	9	4354	0	4450
9517	4336	52	4	51	0	4443
9518	32	7	9	4413	0	4461
9519	61	2	12	4301	0	4376
9520	16	4242	8	90	0	4356
9521	9	4379	14	73	0	4475
9522	18	68	12	4343	0	4441
9523	15	51	15	4269	0	4350
9524	4109	4	13	92	0	4218
9525	37	5	14	4199	0	4255
9526	60	16	4090	50	0	4216
9527	18	5	32	4064	0	4119
9528	19	3978	57	46	0	4100
9529	4089	24	21	68	0	4202
9530	41	49	16	4089	0	4195
9531	57	6	14	3915	0	3992
9532	13	3943	11	81	0	4048
9533	3662	20	9	46	0	3737
9534	30	3958	13	15	0	4016
9535	37	22	10	3769	0	3838
9536	17	34	3802	27	0	3880
9537	14	21	26	3520	0	3581
9538	3454	1	33	29	0	3517
9539	19	3632	6	38	0	3695
9540	24	19	3	3535	0	3581
9541	3	3543	4	19	0	3569
9542	8	18	8	3557	0	3591
9543	3	30	3541	23	0	3597
9544	5	10	18	3474	0	3507
9545	6	2	25	3464	0	3497
9546	4	14	2	3482	0	3502
9547	3371	2	5	48	0	3426
9548	3372	5	3	32	0	3412
9549	38	3437	3	15	0	3493
9550	3412	17	3	13	0	3445
9551	13	3460	3	14	0	3490
9552	26	3467	4	10	0	3507
9553	3303	36	3	12	0	3354
9554	19	26	3286	9	0	3340
9555	25	5	15	3229	0	3274
9556	10	4	24	3342	0	3380
9557	7	2	3	3405	0	3417
9558	3283	10	1	45	0	3339
9559	21	3384	1	41	0	3447
9560	32	22	3	3272	0	3329
9561	8	3441	3	27	0	3479
9562	3470	26	2	32	0	3530
9563	25	37	4	3508	0	3574
9564	35	10	1	4171	0	4217
9565	3	4683	4	82	0	4772
9566	8	43	3	4934	0	4988
9567	8	59	1	4948	0	5016
9568	4724	8	2	122	0	4856
9569	46	4797	7	81	0	4931
9570	60	4850	6	34	0	4950
9571	16	101	0	4808	0	4925
9572	11	69	4699	58	0	4837
9573	8	15	4704	76	0	4803
9574	13	10	100	4653	0	4776
9575	9	10	4677	60	0	4756
9576	6	8	42	4682	0	4738
9577	14	9	66	4556	0	4645
9578	7	8	8	4818	0	4841
9579	4647	8	8	122	0	4785
9580	46	11	5	4751	0	4813
9581	80	13	4	4624	0	4721
9582	12	4644	6	127	0	4789
9583	8	46	5	4821	0	4880
9584	4	82	4661	67	0	4814
9585	13	13	43	4743	0	4812
9586	9	17	74	4755	0	4855
9587	4519	7	6	143	0	4675
9588	46	29	9	4610	0	4694
9589	79	28	3	4521	0	4631
9590	16	7	7	4641	0	4671
9591	4255	12	9	129	0	4405
9592	44	4400	9	89	0	4542
9593	70	55	6	4429	0	4560
9594	14	74	8	4431	0	4527
9595	17	17	4372	135	0	4541
9596	12	18	54	4435	0	4519
9597	4102	11	76	82	0	4271
9598	54	4248	16	106	0	4424
9599	73	57	10	4155	0	4295
9600	17	94	6	4226	0	4343
9601	13	18	4159	143	0	4333
9602	3806	8	52	102	0	3968
9603	47	4052	78	44	0	4221
9604	3929	53	21	31	0	4034
9605	44	85	6	3961	0	4096
9606	72	17	8	3995	0	4092
9607	10	15	14	4068	0	4107
9608	22	9	17	4073	0	4121
9609	3925	24	9	137	0	4095
9610	50	18	11	3834	0	3913
9611	68	3744	14	87	0	3913
9612	12	45	21	3834	0	3912
9613	12	67	19	3868	0	3966
9614	3745	11	19	138	0	3913
9615	49	3735	14	108	0	3906
9616	73	44	11	3822	0	3950
9617	3731	73	5	91	0	3900
9618	3765	15	12	102	0	3894
9619	111	17	14	3776	0	3918
9620	77	11	3733	89	0	3910
9621	3637	18	44	104	0	3803
9622	51	14	66	3750	0	3881
9623	82	19	3750	89	0	3940
9624	16	15	58	3836	0	3925
9625	15	9	69	3811	0	3904
9626	22	12	11	3729	0	3774
9627	26	3774	14	148	0	3962
9628	18	47	8	3901	0	3974
9629	10	73	5	3820	0	3908
9630	14	14	12	3851	0	3891
9631	22	14	8	3832	0	3876
9632	23	15	9	3760	0	3807
9633	24	18	11	3769	0	3822
9634	3354	21	14	149	0	3538
9635	48	13	3297	119	0	3477
9636	72	3189	48	55	0	3364
9637	3155	48	63	39	0	3305
9638	46	3226	18	43	0	3333
9639	3084	45	21	50	0	3200
9640	58	70	15	3047	0	3190
9641	3137	6	20	81	0	3244
9642	59	17	15	3109	0	3200
9643	73	10	12	2867	0	2962
9644	30	3009	9	129	0	3177
9645	3014	42	8	112	0	3176
9646	53	63	3066	62	0	3244
9647	58	14	37	3127	0	3236
9648	19	11	3189	101	0	3320
9649	20	14	3111	109	0	3254
9650	3064	20	98	53	0	3235
9651	56	24	56	3160	0	3296
9652	73	14	3121	88	0	3296
9653	19	15	3221	107	0	3362
9654	28	8	93	3199	0	3328
9655	27	14	62	3272	0	3375
9656	3240	16	14	121	0	3391
9657	65	15	10	3308	0	3398
9658	79	14	3329	82	0	3504
9659	22	9	49	3355	0	3435
9660	25	26	65	3219	0	3335
9661	26	3298	16	115	0	3455
9662	3194	38	13	82	0	3327
9663	42	3151	14	46	0	3253
9664	2456	20	7	29	0	2512
9665	9	1913	0	13	0	1935
9666	11	1758	2	9	0	1780
9667	21	17	12	1705	0	1755
9668	4	12	16	1695	0	1727
9669	7	9	1	1693	0	1710
9670	1610	5	1	21	0	1637
9671	12	1	1640	14	0	1667
9672	17	1	7	1614	0	1639
9673	1531	2	12	10	0	1555
9674	10	1603	2	18	0	1633
9675	12	1593	7	6	0	1618
9676	12	17	5	1606	0	1640
9677	4	8	3	1605	0	1620
9678	4	7	3	1593	0	1607
9679	0	1631	2	22	0	1655
9680	1	7	4	1633	0	1645
9681	5	9	1622	13	0	1649
9682	6	3	1514	7	0	1530
9683	1530	3	9	5	0	1547
9684	7	1	3	1592	0	1603
9685	1588	3	2	9	0	1602
9686	1566	2	1	11	0	1580
9687	11	1588	0	4	0	1603
9688	1596	5	0	7	0	1608
9689	1675	4	2	5	0	1686
9690	10	4	3	1660	0	1677
9691	7	3	1	1732	0	1743
9692	4	5	1815	12	0	1836
9693	3	1860	8	10	0	1881
9694	3	14	5	1782	0	1804
9695	2	4	4	1855	0	1865
9696	1853	1	2	10	0	1866
9697	5	0	1	1839	0	1845
9698	1858	2	2	4	0	1866
9699	4	2	3	1903	0	1912
9700	6	1939	4	9	0	1958
9701	2016	9	4	10	0	2039
9702	11	8	3	2286	0	2308
9703	8	2	2	2569	0	2581
9704	7	1	3	2752	0	2763
9705	2	3	2748	46	0	2799
9706	2	1	27	2831	0	2861
9707	2861	2	23	34	0	2920
9708	25	3	7	3041	0	3076
9709	23	1	3	3419	0	3446
9710	16	2	0	3363	0	3381
9711	2	3457	2	75	0	3536
9712	3	3594	5	33	0	3635
9713	3526	69	2	7	0	3604
9714	43	3623	2	14	0	3682
9715	3609	47	2	6	0	3664
9716	3575	32	0	12	0	3619
9717	3569	7	1	8	0	3585
9718	78	7	3570	7	0	3662
9719	35	3648	43	4	0	3730
9720	3642	46	29	5	0	3722
9721	47	31	3	3671	0	3752
9722	31	10	1	3714	0	3756
9723	11	2	2	3685	0	3700
9724	7	3622	3	78	0	3710
9725	5	45	0	3694	0	3744
9726	3615	30	2	54	0	3701
9727	44	9	3	3594	0	3650
9728	34	0	4	3612	0	3650
9729	8	3	3556	92	0	3659
9730	7	5	3641	53	0	3706
9731	4	0	77	3617	0	3698
9732	4	6	41	3619	0	3670
9733	5	3659	6	90	0	3760
9734	16	47	5	3680	0	3748
9735	12	32	2	3725	0	3771
9736	10	7	4	3779	0	3800
9737	3598	10	2	98	0	3708
9738	56	15	3733	43	0	3847
9739	38	17	46	3759	0	3860
9740	3780	13	31	52	0	3876
9741	3704	16	7	41	0	3768
9742	94	6	3	3696	0	3799
9743	56	8	3	3761	0	3828
9744	3642	4	6	90	0	3742
9745	51	3669	10	48	0	3778
9746	35	3724	9	23	0	3791
9747	22	77	8	3660	0	3767
9748	3715	40	4	68	0	3827
9749	3731	10	2	61	0	3804
9750	3706	8	1	41	0	3756
9751	86	18	3720	22	0	3846
9752	3487	10	49	28	0	3574
9753	65	15	3640	22	0	3742
9754	3491	9	52	26	0	3578
9755	62	3591	36	27	0	3716
9756	40	51	3611	19	0	3721
9757	12	31	57	3543	0	3643
9758	18	12	3641	66	0	3737
9759	12	11	55	3559	0	3637
9760	3564	14	31	71	0	3680
9761	55	11	3663	62	0	3791
9762	44	8	51	3554	0	3657
9763	14	3967	37	74	0	4092
9764	27	45	17	4044	0	4133
9765	10	38	16	4035	0	4099
9766	20	8	11	4055	0	4094
9767	3995	5	13	98	0	4111
9768	4016	7	5	64	0	4092
9769	85	9	9	4035	0	4138
9770	52	15	3981	83	0	4131
9771	29	15	3976	57	0	4077
9772	19	23	76	4012	0	4130
9773	26	30	4237	66	0	4359
9774	20	16	52	4210	0	4298
9775	39	13	33	4131	0	4216
9776	37	10	19	4202	0	4268
9777	38	4124	15	94	0	4271
9778	33	4273	23	51	0	4380
9779	40	72	17	4290	0	4419
9780	21	47	26	4302	0	4396
9781	30	19	16	4341	0	4406
9782	4209	13	12	111	0	4345
9783	67	12	4352	67	0	4498
9784	53	15	52	4331	0	4451
9785	4339	7	54	72	0	4472
9786	55	4417	17	69	0	4558
9787	50	53	14	4474	0	4591
9788	30	37	24	4521	0	4612
9789	17	17	15	4474	0	4523
9790	20	16	10	4482	0	4528
9791	16	11	4369	111	0	4507
9792	3969	13	52	78	0	4112
9793	4268	8	46	51	0	4373
9794	97	9	4311	39	0	4456
9795	4155	12	58	30	0	4255
9796	4340	9	49	38	0	4436
9797	84	9	4414	37	0	4544
9798	48	4529	67	36	0	4680
9799	36	62	47	4483	0	4628
9800	20	35	4701	63	0	4819
9801	10	4601	49	86	0	4746
9802	20	35	4347	31	0	4433
9803	16	4103	39	35	0	4193
9804	13	43	27	3920	0	4003
9805	13	19	3967	36	0	4035
9806	23	11	23	3746	0	3803
9807	19	7	3992	31	0	4049
9808	8	3894	24	25	0	3951
9809	3507	6	13	5	0	3531
9810	4	3539	5	5	0	3553
9811	9	3771	6	8	0	3794
9812	29	21	21	3716	0	3787
9813	3	6	1	3733	0	3743
9814	1	1	2	3721	0	3725
9815	4	2	0	3696	0	3702
9816	1	1	0	3750	0	3752
9817	5	5	4195	10	0	4215
9818	3	0	2	4082	0	4087
9819	1	2	6	4239	0	4248
9820	4322	1	5	13	0	4341
9821	4320	0	1	15	0	4336
9822	4361	0	3	3	0	4367
9823	15	1	3	4436	0	4455
9824	4923	1	2	13	0	4939
9825	5390	1	4	19	0	5414
9826	5564	3	3	5	0	5575
9827	50	4	5562	4	0	5620
9828	5411	3	20	7	0	5441
9829	5661	1	27	7	0	5696
9830	5753	2	2	6	0	5763
9831	50	3	6	5728	0	5787
9832	33	6	5844	30	0	5913
9833	5	1	25	5763	0	5794
9834	6009	4	29	33	0	6075
9835	30	2	3	6142	0	6177
9836	33	6607	9	31	0	6680
9837	5	22	3	6760	0	6790
9838	6741	30	9	31	0	6811
9839	6824	5	2	41	0	6872
9840	6750	0	2	8	0	6760
9841	57	4	7094	16	0	7171
9842	36	4	24	6850	0	6914
9843	7	2	38	7237	0	7284
9844	7	4	7385	71	0	7467
9845	8	7249	28	47	0	7332
9846	19	27	7337	12	0	7395
9847	6	43	29	7219	0	7297
9848	7304	3	41	33	0	7381
9849	37	7	7667	45	0	7756
9850	44	3	28	7582	0	7657
9851	16	6	7806	29	0	7857
9852	7326	5	32	46	0	7409
9853	35	2	38	7869	0	7944
9854	50	2	8323	39	0	8414
9855	13	3	32	8174	0	8222
9856	10	10	8550	44	0	8614
9857	11	8616	34	64	0	8725
9858	8	33	45	8567	0	8653
9859	8745	40	6	37	0	8828
9860	43	5	3	8858	0	8909
9861	44	4	12	8711	0	8771
9862	8666	3	6	82	0	8757
9863	39	8375	10	46	0	8470
9864	47	8595	9	19	0	8670
9865	14	66	2	8568	0	8650
9866	13	8699	8	40	0	8760
9867	9	35	7	8702	0	8753
9868	9	39	5	8721	0	8774
9869	8677	6	5	80	0	8768
9870	39	8793	9	73	0	8914
9871	53	41	8711	25	0	8830
9872	13	9045	38	28	0	9124
9873	8861	39	49	11	0	8960
9874	9041	37	4	16	0	9098
9875	77	4	14	8932	0	9027
9876	9203	7	8	44	0	9262
9877	47	10	6	9145	0	9208
9878	9262	4	11	52	0	9329
9879	9396	10	7	57	0	9470
9880	87	6	11	9798	0	9902
9881	9942	3	8	53	0	10006
9882	71	9	9971	53	0	10104
9883	9613	4	46	19	0	9682
9884	53	2	45	9993	0	10093
9885	10143	2	17	48	0	10210
9886	56	10395	12	56	0	10519
9887	59	37	10	10373	0	10479
9888	21	45	13	10394	0	10473
9889	10296	6	8	91	0	10401
9890	66	12	10532	63	0	10673
9891	66	10449	44	30	0	10589
9892	23	45	44	10478	0	10590
9893	20	10704	19	59	0	10802
9894	21	45	10	10828	0	10904
9895	16	52	10	10722	0	10800
9896	21	10	5	10913	0	10949
9897	10778	16	12	97	0	10903
9898	51	13	3	10687	0	10754
9899	10866	12	9	72	0	10959
9900	10772	14	7	82	0	10875
9901	95	15	6	10893	0	11009
9902	10923	7	17	62	0	11009
9903	10644	9	6	73	0	10732
9904	98	11	10950	29	0	11088
9905	61	6	49	10489	0	10605
9906	10995	16	59	58	0	11128
9907	49	11105	20	61	0	11235
9908	11305	43	11	30	0	11389
9909	11200	47	12	30	0	11289
9910	105	17	11080	28	0	11230
9911	72	9	50	10427	0	10558
9912	11968	6	55	85	0	12114
9913	71	9	15	12351	0	12446
9914	67	7	15	12677	0	12766
9915	33	14	14	12833	0	12894
9916	20	7	12	13451	0	13490
9917	13220	4	19	151	0	13394
9918	101	20	13813	90	0	14024
9919	93	26	78	14051	0	14248
9920	43	25	15406	95	0	15569
9921	32	19	15818	110	0	15979
9922	15060	14	260	47	0	15381
9923	187	13	17226	43	0	17469
9924	164	16682	165	33	0	17044
9925	16863	137	239	35	0	17274
9926	16923	156	18	21	0	17118
9927	297	19	12	16486	0	16814
9928	183	10	17155	138	0	17486
9929	38	16	17031	154	0	17239
9930	16960	6	305	41	0	17312
9931	152	19	177	17887	0	18235
9932	18027	3	38	146	0	18214
9933	159	18627	21	185	0	18992
9934	18677	144	20	32	0	18873
9935	18246	167	17	24	0	18454
9936	310	18349	21	23	0	18703
9937	192	148	15	18281	0	18636
9938	18175	160	26	168	0	18529
9939	182	31	18416	190	0	18819
9940	183	18528	184	44	0	18939
9941	48	156	186	18288	0	18678
9942	18418	169	40	162	0	18789
9943	169	18690	33	181	0	19073
9944	18860	175	30	53	0	19118
9945	214	205	18642	28	0	19089
9946	18017	25	178	34	0	18254
9947	219	37	18922	29	0	19207
9948	18154	19	199	35	0	18407
9949	18271	14	210	25	0	18520
9950	374	26	18573	36	0	19009
9951	225	18584	182	54	0	19045
9952	69	176	192	18145	0	18582
9953	70	203	18766	197	0	19236
9954	66	18432	186	206	0	18890
9955	71	180	197	18047	0	18495
9956	71	189	52	18460	0	18772
9957	71	51	18253	371	0	18746
9958	75	35	214	17535	0	17859
9959	82	31	225	18149	0	18487
9960	82	38	18149	359	0	18628
9961	73	40	228	17237	0	17578
9962	71	18152	244	186	0	18653
9963	18170	195	90	197	0	18652
9964	243	222	85	17688	0	18238
9965	265	18360	102	205	0	18932
9966	150	206	99	16966	0	17421
9967	126	18945	99	190	0	19360
9968	149	219	18731	207	0	19306
9969	117	19083	229	88	0	19517
9970	18664	222	254	80	0	19220
9971	18592	226	115	66	0	18999
9972	18883	78	95	93	0	19149
9973	440	69	19498	91	0	20098
9974	307	83	19337	98	0	19825
9975	151	20398	431	114	0	21094
9976	146	269	297	18878	0	19590
9977	133	21094	114	229	0	21570
9978	179	308	97	18067	0	18651
9979	141	20898	98	240	0	21377
9980	20827	291	97	252	0	21467
9981	22133	317	91	104	0	22645
9982	590	109	88	22958	0	23745
9983	434	105	22993	330	0	23862
9984	21666	92	339	382	0	22479
9985	367	23198	396	118	0	24079
9986	425	336	139	22566	0	23466
9987	204	379	120	21535	0	22238
9988	170	23393	139	550	0	24252
9989	23246	347	144	362	0	24099
9990	418	422	23175	112	0	24127
9991	478	134	364	22957	0	23933
9992	23108	105	390	334	0	23937
9993	22659	119	160	402	0	23340
9994	673	23128	156	150	0	24107
9995	439	367	155	21833	0	22794
9996	161	23516	147	329	0	24153
9997	23486	382	123	439	0	24430
9998	411	417	23704	176	0	24708
9999	440	182	23604	161	0	24387
10000	194	155	630	22788	0	23767
10001	160	134	432	22315	0	23041
10002	158	23579	164	641	0	24542
10003	155	371	146	23588	0	24260
10004	164	405	23351	422	0	24342
10005	22476	154	389	431	0	23450
10006	371	151	406	23521	0	24449
10007	412	167	23615	415	0	24609
10008	181	169	340	23542	0	24232
10009	158	154	414	22571	0	23297
10010	142	23530	183	649	0	24504
10011	143	379	153	23499	0	24174
10012	149	408	126	22642	0	23325
10013	174	169	138	22640	0	23121
10014	21334	127	135	685	0	22281
10015	358	21398	146	481	0	22383
10016	394	21161	120	206	0	21881
10017	20313	556	137	151	0	21157
10018	18967	362	122	129	0	19580
10019	498	19164	131	144	0	19937
10020	271	17962	105	108	0	18446
10021	16301	377	71	59	0	16808
10022	199	16568	52	94	0	16913
10023	206	16236	43	96	0	16581
10024	15769	348	95	76	0	16288
10025	194	16074	64	80	0	16412
10026	15868	229	60	75	0	16232
10027	15546	226	52	86	0	15910
10028	15487	104	47	84	0	15722
10029	365	15601	48	92	0	16106
10030	254	15574	47	82	0	15957
10031	96	375	45	14817	0	15333
10032	97	15510	56	214	0	15877
10033	120	235	35	15419	0	15809
10034	15407	247	48	236	0	15938
10035	227	104	44	15152	0	15527
10036	255	15192	55	254	0	15756
10037	14809	227	60	258	0	15354
10038	244	15188	59	95	0	15586
10039	268	15474	46	132	0	15920
10040	177	502	62	14396	0	15137
10041	95	15328	49	244	0	15716
10042	14948	261	65	232	0	15506
10043	225	274	14796	111	0	15406
10044	259	14839	203	120	0	15421
10045	110	238	228	14885	0	15461
10046	121	286	14897	241	0	15545
10047	116	95	200	14568	0	14979
10048	100	129	237	14809	0	15275
10049	123	82	80	15023	0	15308
10050	96	97	83	14798	0	15074
10051	107	119	14574	453	0	15253
10052	84	14459	217	361	0	15121
10053	14260	231	251	180	0	14922
10054	224	290	14176	179	0	14869
10055	13852	127	196	167	0	14342
10056	250	117	14498	160	0	15025
10057	293	113	211	14206	0	14823
10058	141	117	14515	262	0	15035
10059	134	124	14583	278	0	15119
10060	107	136	387	14235	0	14865
10061	109	115	269	14085	0	14578
10062	112	127	108	14772	0	15119
10063	107	129	71	14763	0	15070
10064	14445	124	92	451	0	15112
10065	225	131	14601	335	0	15292
10066	14400	110	188	195	0	14893
10067	14354	108	248	161	0	14871
10068	14552	124	56	160	0	14892
10069	14427	124	54	152	0	14757
10070	14545	121	55	119	0	14840
10071	476	130	45	14112	0	14763
10072	352	119	13807	242	0	14520
10073	160	128	13089	254	0	13631
10074	143	13250	314	105	0	13812
10075	12014	285	222	86	0	12607
10076	199	255	71	11607	0	12132
10077	215	216	49	11157	0	11637
10078	106	11687	40	304	0	12137
10079	90	11702	50	214	0	12056
10080	106	11446	37	91	0	11680
10081	9494	314	60	80	0	9948
10082	116	291	39	8246	0	8692
10083	98	8301	8	83	0	8490
10084	33	82	12	8312	0	8439
10085	39	97	8284	85	0	8505
10086	48	34	8736	89	0	8907
10087	52	30	128	9292	0	9502
10088	9732	34	87	95	0	9948
10089	10312	24	19	101	0	10456
10090	10429	40	14	33	0	10516
10091	241	41	10598	34	0	10914
10092	146	35	105	10300	0	10586
10093	42	45	123	10818	0	11028
10094	43	44	10741	230	0	11058
10095	9501	37	128	155	0	9821
10096	143	38	10912	58	0	11151
10097	129	37	10507	29	0	10702
10098	47	25	10791	39	0	10902
10099	38	31	216	10045	0	10330
10100	35	19	131	10403	0	10588
10101	26	21	10820	225	0	11092
10102	24	29	110	10756	0	10919
10103	10893	18	136	140	0	11187
10104	104	12	52	11216	0	11384
10105	129	21	11352	134	0	11636
10106	32	24	11911	163	0	12130
10107	40	27	240	11271	0	11578
10108	11905	12	156	147	0	12220
10109	128	12945	52	168	0	13293
10110	13259	131	42	61	0	13493
10111	13196	140	49	66	0	13451
10112	312	31	13662	60	0	14065
10113	206	15	175	13392	0	13788
10114	13674	12	203	195	0	14084
10115	13068	12	71	221	0	13372
10116	305	13657	79	80	0	14121
10117	211	119	68	13534	0	13932
10118	66	163	69	13893	0	14191
10119	55	30	13707	331	0	14123
10120	55	11	190	13362	0	13618
10121	62	13	13783	207	0	14065
10122	60	18	13466	218	0	13762
10123	63	14	316	13161	0	13554
10124	13180	11	221	189	0	13601
10125	181	13060	76	241	0	13558
10126	13020	122	67	80	0	13289
10127	12769	162	66	76	0	13073
10128	308	13022	69	83	0	13482
10129	226	128	64	12300	0	12718
10130	12501	166	53	137	0	12857
10131	192	12709	63	201	0	13165
10132	12406	141	61	65	0	12673
10133	187	12362	73	64	0	12686
10134	192	124	58	11788	0	12162
10135	92	137	46	12108	0	12383
10136	11889	45	53	264	0	12251
10137	11481	39	56	185	0	11761
10138	256	11823	56	120	0	12255
10139	175	118	11531	86	0	11910
10140	73	138	11455	92	0	11758
10141	61	56	277	10542	0	10936
10142	56	11523	211	155	0	11945
10143	62	115	95	11667	0	11939
10144	71	130	89	11452	0	11742
10145	74	48	69	11653	0	11844
10146	98	45	11494	279	0	11916
10147	85	48	11389	202	0	11724
10148	78	11568	259	95	0	12000
10149	99	127	178	11333	0	11737
10150	94	160	70	11794	0	12118
10151	95	74	11742	272	0	12183
10152	9720	74	167	229	0	10190
10153	187	60	171	11731	0	12149
10154	203	59	11805	187	0	12254
10155	10406	57	169	235	0	10867
10156	176	11626	200	135	0	12137
10157	229	137	11930	103	0	12399
10158	117	172	168	11751	0	12208
10159	11761	71	196	208	0	12236
10160	164	55	12029	227	0	12475
10161	202	49	197	11808	0	12256
10162	96	44	224	11956	0	12320
10163	77	55	115	12720	0	12967
10164	12699	64	99	337	0	13199
10165	176	12433	88	297	0	12994
10166	206	144	90	12558	0	12998
10167	96	198	12838	228	0	13360
10168	99	75	184	12047	0	12405
10169	98	12462	226	210	0	12996
10170	89	12996	114	246	0	13445
10171	12701	290	84	145	0	13220
10172	12733	205	86	122	0	13146
10173	356	93	12723	120	0	13292
10174	12248	88	172	105	0	12613
10175	223	12766	210	116	0	13315
10176	12898	165	110	111	0	13284
10177	227	206	90	12821	0	13344
10178	254	112	13011	221	0	13598
10179	140	79	176	12852	0	13247
10180	128	80	13113	232	0	13553
10181	12313	79	225	261	0	12878
10182	193	72	237	12814	0	13316
10183	210	13595	118	239	0	14162
10184	114	205	103	13777	0	14199
10185	102	232	13632	272	0	14238
10186	86	13259	189	291	0	13825
10187	12044	159	194	135	0	12532
10188	150	12011	104	118	0	12383
10189	140	11454	111	79	0	11784
10190	92	235	71	10797	0	11195
10191	56	11298	45	144	0	11543
10192	77	132	36	11316	0	11561
10193	58	164	11173	136	0	11531
10194	9761	65	120	143	0	10089
10195	10642	57	122	78	0	10899
10196	225	65	10756	62	0	11108
10197	10002	48	111	81	0	10242
10198	131	10513	131	75	0	10850
10199	10571	108	63	52	0	10794
10200	145	134	42	10367	0	10688
10201	152	62	10484	121	0	10819
10202	64	10577	124	145	0	10910
10203	82	116	132	10235	0	10565
10204	32	118	51	10484	0	10685
10205	9973	40	36	205	0	10254
10206	9324	43	42	142	0	9551
10207	173	9559	40	64	0	9836
10208	96	8773	31	45	0	8945
10209	19	8227	30	29	0	8305
10210	64	113	36	7832	0	8045
10211	7795	52	42	48	0	7937
10212	7573	16	8	49	0	7646
10213	85	13	11	7555	0	7664
10214	55	13	13	7568	0	7649
10215	7490	18	4	81	0	7593
10216	52	11	5	7675	0	7743
10217	49	13	7725	58	0	7845
10218	7434	14	47	60	0	7555
10219	7690	11	43	24	0	7768
10220	90	19	7862	20	0	7991
10221	7820	15	44	25	0	7904
10222	56	13	48	8129	0	8246
10223	57	17	21	8112	0	8207
10224	21	13	10	8223	0	8267
10225	7958	19	17	90	0	8084
10226	53	8303	9	65	0	8430
10227	65	52	11	8202	0	8330
10228	24	8131	14	62	0	8231
10229	8019	55	12	58	0	8144
10230	61	54	14	8119	0	8248
10231	57	24	8	8136	0	8225
10232	31	8220	9	112	0	8372
10233	21	71	8025	56	0	8173
10234	23	48	65	8139	0	8275
10235	8157	17	52	79	0	8305
10236	9109	21	21	57	0	9208
10237	156	20	9825	29	0	10030
10238	108	17	109	9772	0	10006
10239	32	10384	92	125	0	10633
10240	19	109	22	10570	0	10720
10241	10502	111	28	128	0	10769
10242	10519	28	7	118	0	10672
10243	229	21	12	10254	0	10516
10244	129	10409	13	128	0	10679
10245	10957	120	12	130	0	11219
10246	130	120	13	11255	0	11518
10247	11318	39	12	150	0	11519
10248	11516	19	10	150	0	11695
10249	244	22	15	11587	0	11868
10250	153	14	10	11643	0	11820
10251	40	18	11	11871	0	11940
10252	28	11898	13	259	0	12198
10253	37	135	8	12081	0	12261
10254	36	130	12	12020	0	12198
10255	42	35	11662	265	0	12004
10256	31	27	11524	179	0	11761
10257	18	33	245	11368	0	11664
10258	11166	17	130	170	0	11483
10259	140	11400	37	166	0	11743
10260	11163	126	29	41	0	11359
10261	166	134	11346	60	0	11706
10262	154	26	11073	50	0	11303
10263	39	11016	233	38	0	11326
10264	62	126	152	10674	0	11014
10265	41	113	10778	132	0	11064
10266	39	31	11000	123	0	11193
10267	20	43	219	10596	0	10878
10268	10635	13	114	140	0	10902
10269	10633	11	30	134	0	10808
10270	226	20	17	10564	0	10827
10271	126	23	11390	158	0	11697
10272	36	15	120	11497	0	11668
10273	41	12	124	10941	0	11118
10274	24	11568	30	224	0	11846
10275	11450	117	21	135	0	11723
10276	11332	111	13	41	0	11497
10277	214	11625	23	46	0	11908
10278	136	135	15	10654	0	10940
10279	35	11486	32	136	0	11689
10280	11383	122	21	129	0	11655
10281	147	140	11305	43	0	11635
10282	132	36	10962	34	0	11164
10283	39	29	10752	33	0	10853
10284	35	15	215	10356	0	10621
10285	20	20	122	10581	0	10743
10286	10526	16	26	210	0	10778
10287	128	17	23	10522	0	10690
10288	116	10	21	10794	0	10941
10289	39	20	11296	228	0	11583
10290	42	23	11038	134	0	11237
10291	10628	10	207	62	0	10907
10292	114	11313	124	47	0	11598
10293	11494	115	32	39	0	11680
10294	124	109	24	11430	0	11687
10295	120	16	23	11320	0	11479
10296	32	11384	29	229	0	11674
10297	32	122	35	11437	0	11626
10298	11261	111	23	140	0	11535
10299	123	21	23	11359	0	11526
10300	142	43	11399	156	0	11740
10301	31	11244	127	140	0	11542
10302	11137	103	120	59	0	11419
10303	11367	119	36	51	0	11573
10304	11372	35	28	41	0	11476
10305	11435	34	22	48	0	11539
10306	237	23	23	11284	0	11567
10307	149	20	34	11419	0	11622
10308	52	53	11374	260	0	11739
10309	60	21	116	11400	0	11597
10310	61	31	11465	164	0	11721
10311	48	14	114	11380	0	11556
10312	11225	24	128	169	0	11546
10313	122	11789	42	181	0	12134
10314	137	110	38	11864	0	12149
10315	42	119	26	12166	0	12353
10316	11982	32	36	247	0	12297
10317	11569	24	33	163	0	11789
10318	241	27	11852	81	0	12201
10319	130	11941	133	67	0	12271
10320	55	120	142	11694	0	12011
10321	42	121	39	11886	0	12088
10322	11737	27	44	236	0	12044
10323	11597	31	66	155	0	11849
10324	240	31	11820	75	0	12166
10325	130	38	11903	63	0	12134
10326	52	10	251	11552	0	11865
10327	44	30	137	11923	0	12134
10328	65	28	11819	235	0	12147
10329	11146	17	135	153	0	11451
10330	157	24	135	11807	0	12123
10331	11735	19	61	148	0	11963
10332	122	11716	50	192	0	12080
10333	12063	130	30	85	0	12308
10334	172	120	12947	73	0	13312
10335	140	12810	123	63	0	13136
10336	26	12192	94	49	0	12361
10337	11226	135	183	41	0	11585
10338	10938	64	34	27	0	11063
10339	118	13	18	10824	0	10973
10340	66	10943	22	70	0	11101
10341	19	11143	15	85	0	11262
10342	18	115	12	11122	0	11267
10343	11230	68	20	62	0	11380
10344	11206	16	7	80	0	11309
10345	130	12	10868	16	0	11026
10346	10101	9	51	20	0	10181
10347	59	11376	61	19	0	11515
10348	11752	59	14	22	0	11847
10349	88	14429	18	21	0	14556
10350	91	15622	30	20	0	15763
10351	73	364	45	16943	0	17425
10352	18220	190	19	245	0	18674
10353	18319	34	9	229	0	18591
10354	513	26	18116	40	0	18695
10355	284	11	260	18026	0	18581
10356	18209	8	241	286	0	18744
10357	286	7	44	18527	0	18864
10358	18650	7	19	296	0	18972
10359	18550	13	14	265	0	18842
10360	537	16	18497	52	0	19102
10361	292	17	266	17916	0	18491
10362	74	11	245	18479	0	18809
10363	39	9	42	18710	0	18800
10364	42	16	18163	545	0	18766
10365	27	14	272	18070	0	18383
10366	29	22	250	16981	0	17282
10367	20	17853	53	505	0	18431
10368	76	267	17579	302	0	18224
10369	21	18197	271	100	0	18589
10370	17829	320	249	36	0	18434
10371	281	275	41	16852	0	17449
10372	283	72	33	15618	0	16006
10373	68	17148	21	469	0	17706
10374	16842	282	23	284	0	17431
10375	16907	253	21	77	0	17258
10376	531	16935	27	66	0	17559
10377	311	17227	19	63	0	17620
10378	17056	503	29	43	0	17631
10379	345	288	16969	41	0	17643
10380	291	77	17032	43	0	17443
10381	16008	47	508	55	0	16618
10382	297	16840	298	75	0	17510
10383	17036	294	70	63	0	17463
10384	353	289	16947	79	0	17668
10385	16627	83	301	77	0	17088
10386	348	17223	271	98	0	17940
10387	331	285	64	17205	0	17885
10388	125	258	60	17351	0	17794
10389	110	69	48	16788	0	17015
10390	103	49	52	16957	0	17161
10391	100	44	49	16181	0	16374
10392	96	16536	45	625	0	17302
10393	16543	285	49	362	0	17239
10394	350	288	16521	153	0	17312
10395	330	79	316	16565	0	17290
10396	143	64	16857	391	0	17455
10397	98	51	361	16726	0	17236
10398	70	66	311	16847	0	17294
10399	16492	53	108	613	0	17266
10400	342	69	16474	402	0	17287
10401	325	16368	344	162	0	17199
10402	120	320	309	16254	0	17003
10403	101	328	94	16727	0	17250
10404	126	134	16612	579	0	17451
10405	117	89	332	16553	0	17091
10406	106	92	283	16850	0	17331
10407	16007	95	73	623	0	16798
10408	334	16555	60	407	0	17356
10409	16626	335	60	164	0	17185
10410	16657	349	60	111	0	17177
10411	621	145	54	16285	0	17105
10412	411	126	16359	360	0	17256
10413	186	121	16223	339	0	16869
10414	164	100	590	15635	0	16489
10415	176	82	369	14930	0	15557
10416	146	15943	157	595	0	16841
10417	15742	341	112	375	0	16570
10418	399	15848	126	189	0	16562
10419	394	15973	88	183	0	16638
10420	15794	572	82	171	0	16619
10421	418	341	88	15427	0	16274
10422	372	16197	106	434	0	17109
10423	173	354	73	16461	0	17061
10424	140	299	15969	536	0	16944
10425	107	122	15981	474	0	16684
10426	117	112	570	15877	0	16676
10427	104	110	16156	484	0	16854
10428	132	82	420	15960	0	16594
10429	90	89	376	15948	0	16503
10430	112	82	178	16463	0	16835
10431	15621	98	138	715	0	16572
10432	349	15422	116	519	0	16406
10433	323	15707	117	262	0	16409
10434	14543	577	97	167	0	15384
10435	14728	359	92	168	0	15347
10436	574	144	71	14429	0	15218
10437	349	149	14538	400	0	15436
10438	162	120	329	14661	0	15272
10439	150	115	14643	467	0	15375
10440	120	14499	378	401	0	15398
10441	142	344	318	14551	0	15355
10442	14587	315	128	387	0	15417
10443	410	153	124	14763	0	15450
10444	349	113	14338	379	0	15179
10445	13658	86	422	351	0	14517
10446	409	98	14551	163	0	15221
10447	392	82	13898	152	0	14524
10448	123	13241	529	154	0	14047
10449	61	10349	206	94	0	10710
10450	69	9564	116	82	0	9831
10451	7095	194	315	135	0	7739
10452	6491	30	8	25	0	6554
10453	47	5	8	6624	0	6684
10454	29	12	8	6687	0	6736
10455	10	6	7	6835	0	6858
10456	6	6894	11	53	0	6964
10457	6887	20	1	37	0	6945
10458	22	6878	15	18	0	6933
10459	23	26	5	6872	0	6926
10460	6856	23	7	39	0	6925
10461	27	10	5	6862	0	6904
10462	22	10	6	6970	0	7008
10463	6974	4	11	54	0	7043
10464	6768	8	8	31	0	6815
10465	51	11	6951	19	0	7032
10466	37	12	6945	10	0	7004
10467	18	12	7308	10	0	7348
10468	10	14	52	7129	0	7205
10469	9	12	32	7255	0	7308
10470	8	7357	12	48	0	7425
10471	7455	29	6	46	0	7536
10472	27	28	6	7563	0	7624
10473	37	10	10	7625	0	7682
10474	16	7827	8	60	0	7911
10475	11	8401	14	49	0	8475
10476	16	62	4	8666	0	8748
10477	15	43	4	9679	0	9741
10478	9685	10	9	114	0	9818
10479	9606	16	11	75	0	9708
10480	117	8	4	9657	0	9786
10481	83	21	9683	85	0	9872
10482	25	21	9382	88	0	9516
10483	19	12	122	9436	0	9589
10484	20	4	78	9338	0	9440
10485	17	9471	22	126	0	9636
10486	9232	58	10	86	0	9386
10487	71	71	15	9271	0	9428
10488	78	25	9411	75	0	9589
10489	22	8	64	9566	0	9660
10490	20	5	9691	94	0	9810
10491	21	22	9836	83	0	9962
10492	11	26	134	9897	0	10068
10493	9856	18	75	81	0	10030
10494	69	16	9853	83	0	10021
10495	68	6	59	9546	0	9679
10496	24	16	10936	84	0	11060
10497	14	12	66	10746	0	10838
10498	17	10	63	10908	0	10998
10499	20	13	10898	142	0	11073
10500	20	17	10708	84	0	10829
10501	17	11	137	9775	0	9940
10502	22	5	81	10766	0	10874
10503	18	10	14	10845	0	10887
10504	8	8	11	10796	0	10823
10505	10659	9	19	142	0	10829
10506	10655	9	21	91	0	10776
10507	122	10757	20	42	0	10941
10508	10821	55	18	44	0	10938
10509	74	73	19	10847	0	11013
10510	11008	17	24	74	0	11123
10511	77	16	10856	99	0	11048
10512	10706	3	77	40	0	10826
10513	73	7	92	11062	0	11234
10514	86	8	25	11393	0	11512
10515	11336	5	26	159	0	11526
10516	75	12	22	12432	0	12541
10517	108	16	13121	123	0	13368
10518	12444	12	115	142	0	12713
10519	93	13527	150	59	0	13829
10520	124	83	35	14074	0	14316
10521	42	130	15345	142	0	15659
10522	26	14	126	15203	0	15369
10523	26	20	15719	179	0	15944
10524	41	10	142	15365	0	15558
10525	25	15703	196	159	0	16083
10526	26	127	36	15737	0	15926
10527	22	16688	45	164	0	16919
10528	37	168	20	15929	0	16154
10529	39	190	23	17252	0	17504
10530	35	23	32	17450	0	17540
10531	43	18	36	17423	0	17520
10532	52	12	34	17557	0	17655
10533	57	28	17044	411	0	17540
10534	29	10	165	17033	0	17237
10535	32	21	240	17093	0	17386
10536	17084	14	90	378	0	17566
10537	160	17163	41	307	0	17671
10538	17254	161	30	104	0	17549
10539	191	230	35	17210	0	17666
10540	258	49	17280	241	0	17828
10541	43	17284	196	325	0	17848
10542	16730	160	265	109	0	17264
10543	169	17294	60	110	0	17633
10544	230	17383	59	102	0	17774
10545	17012	371	59	98	0	17540
10546	174	259	45	18091	0	18569
10547	18214	45	41	265	0	18565
10548	211	26	56	17967	0	18260
10549	275	32	17890	295	0	18492
10550	55	43	17641	329	0	18068
10551	16565	25	441	140	0	17171
10552	17660	36	300	116	0	18112
10553	442	25	66	17390	0	17923
10554	283	41	48	17557	0	17929
10555	16960	35	33	517	0	17545
10556	202	17092	36	378	0	17708
10557	273	17396	45	143	0	17857
10558	17172	416	33	108	0	17729
10559	16998	266	45	103	0	17412
10560	456	17295	57	88	0	17896
10561	303	214	38	17188	0	17743
10562	101	278	17221	257	0	17857
10563	97	53	17089	322	0	17561
10564	16017	42	461	109	0	16629
10565	267	52	17391	87	0	17797
10566	320	49	219	16353	0	16941
10567	84	51	284	15934	0	16353
10568	73	16686	73	468	0	17300
10569	16312	235	58	305	0	16910
10570	239	287	44	16511	0	17081
10571	326	80	16448	271	0	17125
10572	110	16439	208	368	0	17125
10573	64	305	269	16218	0	16856
10574	85	272	16240	268	0	16865
10575	90	67	15653	333	0	16143
10576	78	15363	442	126	0	16009
10577	14067	189	266	85	0	14607
10578	183	14645	72	93	0	14993
10579	14526	189	51	69	0	14835
10580	194	240	14288	112	0	14834
10581	13655	66	183	91	0	13995
10582	205	14422	246	88	0	14961
10583	247	180	62	14375	0	14864
10584	56	242	57	14682	0	15037
10585	14502	70	57	415	0	15044
10586	218	53	14507	309	0	15087
10587	14032	75	198	124	0	14429
10588	14329	49	262	126	0	14766
10589	395	68	14172	107	0	14742
10590	282	59	14231	103	0	14675
10591	87	74	385	13599	0	14145
10592	13909	55	269	262	0	14495
10593	13810	77	78	307	0	14272
10594	394	14204	78	138	0	14814
10595	268	208	58	14266	0	14800
10596	110	252	56	13540	0	13958
10597	87	74	53	13863	0	14077
10598	99	57	68	13974	0	14198
10599	13584	68	79	437	0	14168
10600	238	57	49	13945	0	14289
10601	329	77	13825	246	0	14477
10602	126	72	13742	274	0	14214
10603	12757	95	412	107	0	13371
10604	252	13620	283	99	0	14254
10605	301	13928	98	90	0	14417
10606	119	408	80	13845	0	14452
10607	109	281	71	14011	0	14472
10608	122	76	59	14028	0	14285
10609	90	94	64	14197	0	14445
10610	102	73	13839	454	0	14468
10611	109	57	208	13757	0	14131
10612	126	61	249	13682	0	14118
10613	113	54	13304	445	0	13916
10614	11934	45	244	327	0	12550
10615	236	13077	304	108	0	13725
10616	11967	156	104	85	0	12312
10617	209	202	11616	76	0	12103
10618	238	42	11344	79	0	11703
10619	71	11045	319	79	0	11514
10620	9929	275	733	116	0	11053
10621	9121	176	95	69	0	9461
10622	9188	29	44	44	0	9305
10623	223	8962	38	49	0	9272
10624	8834	92	23	36	0	8985
10625	118	129	8873	45	0	9165
10626	132	8845	110	40	0	9127
10627	8422	81	114	40	0	8657
10628	95	8714	35	33	0	8877
10629	8298	89	28	22	0	8437
10630	8023	97	21	24	0	8165
10631	186	24	8228	25	0	8463
10632	110	8260	98	27	0	8495
10633	8033	87	121	22	0	8263
10634	99	100	8162	30	0	8391
10635	104	8147	95	29	0	8375
10636	28	77	112	7943	0	8160
10637	25	86	7973	84	0	8168
10638	37	18	7850	96	0	8001
10639	14	29	150	7778	0	7971
10640	7654	15	99	76	0	7844
10641	78	7743	20	113	0	7954
10642	90	77	7653	19	0	7839
10643	31	89	7554	10	0	7684
10644	6897	13	157	18	0	7085
10645	78	7704	91	21	0	7894
10646	6526	34	34	10	0	6604
10647	35	6618	7	24	0	6684
10648	6685	36	10	9	0	6740
10649	6433	49	7	6	0	6495
10650	80	6429	7	11	0	6527
10651	51	37	12	6446	0	6546
10652	6784	50	11	41	0	6886
10653	40	6	11	6884	0	6941
10654	57	12	9	7340	0	7418
10655	7342	7	9	97	0	7455
10656	49	7420	13	74	0	7556
10657	7549	51	8	11	0	7619
10658	53	72	7613	17	0	7755
10659	67	8	60	7604	0	7739
10660	17	8	70	7592	0	7687
10661	7635	13	8	110	0	7766
10662	7586	11	5	68	0	7670
10663	109	12	7	7591	0	7719
10664	76	16	7832	58	0	7982
10665	20	10	54	7792	0	7876
10666	22	7	65	7867	0	7961
10667	15	14	11	7945	0	7985
10668	22	9	6	7963	0	8000
10669	7717	9	12	124	0	7862
10670	69	15	7828	74	0	7986
10671	80	7856	55	15	0	8006
10672	23	62	68	7769	0	7922
10673	22	72	16	7993	0	8103
10674	34	22	8049	121	0	8226
10675	31	16	7939	83	0	8069
10676	25	15	118	8007	0	8165
10677	26	10	72	8093	0	8201
10678	34	15	8039	131	0	8219
10679	33	14	61	8002	0	8110
10680	8097	10	77	82	0	8266
10681	74	8446	34	100	0	8654
10682	80	74	8386	43	0	8583
10683	29	8573	64	38	0	8704
10684	32	77	82	8462	0	8653
10685	29	88	8623	88	0	8828
10686	23	8577	79	110	0	8789
10687	39	60	87	8528	0	8714
10688	30	89	8704	80	0	8903
10689	21	17	72	8602	0	8712
10690	29	15	89	8648	0	8781
10691	8699	16	26	146	0	8887
10692	71	11	28	8734	0	8844
10693	8841	14	24	86	0	8965
10694	8351	22	18	114	0	8505
10695	8545	11	20	50	0	8626
10696	149	25	24	8462	0	8660
10697	97	22	8429	77	0	8625
10698	28	26	8287	92	0	8433
10699	8213	18	145	45	0	8421
10700	66	26	8728	40	0	8860
10701	7935	7	69	46	0	8057
10702	65	8422	99	37	0	8623
10703	8488	61	20	29	0	8598
10704	90	78	8612	38	0	8818
10705	89	20	8855	29	0	8993
10706	30	11	130	8828	0	8999
10707	32	16	9452	100	0	9600
10708	31	13	9517	113	0	9674
10709	25	20	164	9647	0	9856
10710	25	10	106	10185	0	10326
10711	28	9	29	10507	0	10573
10712	17	10835	29	229	0	11110
10713	38	94	20	10217	0	10369
10714	15	11110	29	117	0	11271
10715	10941	101	27	134	0	11203
10716	11007	124	33	46	0	11210
10717	223	20	29	10502	0	10774
10718	137	10740	33	135	0	11045
10719	35	102	10926	152	0	11215
10720	10758	124	120	53	0	11055
10721	122	15	154	10907	0	11198
10722	150	18	52	10947	0	11167
10723	44	34	33	11277	0	11388
10724	10866	20	47	268	0	11201
10725	121	10743	42	174	0	11080
10726	136	10948	39	66	0	11189
10727	10445	214	28	44	0	10731
10728	107	10797	38	46	0	10988
10729	10762	117	38	36	0	10953
10730	10492	140	37	50	0	10719
10731	229	10660	35	51	0	10975
10732	150	118	37	10217	0	10522
10733	35	10717	34	135	0	10921
10734	33	113	29	10600	0	10775
10735	35	139	25	11191	0	11390
10736	11192	37	26	268	0	11523
10737	11506	36	25	183	0	11750
10738	280	32	27	11526	0	11865
10739	196	35	11442	168	0	11841
10740	10750	33	148	188	0	11119
10741	159	11423	172	75	0	11829
10742	191	149	45	11354	0	11739
10743	71	170	38	11551	0	11830
10744	56	50	29	11732	0	11867
10745	11176	37	38	350	0	11601
10746	11018	35	34	222	0	11309
10747	298	10918	33	94	0	11343
10748	211	11018	47	85	0	11361
10749	87	285	45	10916	0	11333
10750	85	181	33	11090	0	11389
10751	85	72	11091	312	0	11560
10752	72	67	155	10809	0	11103
10753	49	64	10732	208	0	11053
10754	54	44	9984	201	0	10283
10755	44	9935	270	109	0	10358
10756	70	150	179	9887	0	10286
10757	9950	157	52	172	0	10331
10758	156	71	33	9905	0	10165
10759	172	60	9841	167	0	10240
10760	9415	45	140	186	0	9786
10761	9664	49	149	82	0	9944
10762	283	55	9723	82	0	10143
10763	212	35	135	9760	0	10142
10764	9654	38	148	175	0	10015
10765	168	9836	58	195	0	10257
10766	10015	139	38	105	0	10297
10767	10087	159	45	80	0	10371
10768	304	52	45	9980	0	10381
10769	205	44	42	10223	0	10514
10770	10145	42	48	315	0	10550
10771	199	48	35	10270	0	10552
10772	211	50	10169	226	0	10656
10773	9623	48	161	234	0	10066
10774	9756	42	169	119	0	10086
10775	301	9843	63	113	0	10320
10776	207	9964	41	103	0	10315
10777	105	340	34	9416	0	9895
10778	84	9989	52	194	0	10319
10779	92	185	36	9948	0	10261
10780	9703	180	41	192	0	10116
10781	9291	90	42	208	0	9631
10782	279	9351	48	112	0	9790
10783	9091	145	53	96	0	9385
10784	185	9251	48	85	0	9569
10785	9162	157	43	108	0	9470
10786	9145	176	48	85	0	9454
10787	315	70	9011	83	0	9479
10788	8743	67	143	73	0	9026
10789	204	8754	165	74	0	9197
10790	222	8903	55	88	0	9268
10791	8916	260	49	75	0	9300
10792	208	194	36	8822	0	9260
10793	253	68	8847	165	0	9333
10794	129	74	135	8763	0	9101
10795	105	79	155	8916	0	9255
10796	109	70	8737	315	0	9231
10797	8064	54	129	241	0	8488
10798	200	8576	161	120	0	9057
10799	8376	140	55	84	0	8655
10800	215	166	41	8176	0	8598
10801	8240	68	42	174	0	8524
10802	194	8143	49	213	0	8599
10803	227	188	40	8090	0	8545
10804	7996	182	41	174	0	8393
10805	190	78	7604	208	0	8080
10806	188	48	7071	101	0	7408
10807	6486	93	245	66	0	6890
10808	176	6653	141	63	0	7033
10809	137	5838	48	51	0	6074
10810	208	208	103	5236	0	5755
10811	54	5500	33	121	0	5708
10812	97	114	48	5331	0	5590
10813	71	109	34	5483	0	5697
10814	63	44	33	5332	0	5472
10815	71	5286	41	167	0	5565
10816	60	96	32	5255	0	5443
10817	62	116	5110	110	0	5398
10818	48	4971	73	118	0	5210
10819	55	112	76	4356	0	4599
10820	45	4676	32	87	0	4840
10821	4588	96	28	103	0	4815
10822	4545	85	44	57	0	4731
10823	4569	44	43	42	0	4698
10824	149	4713	32	56	0	4950
10825	120	91	29	4655	0	4895
10826	73	97	4634	83	0	4887
10827	70	59	4543	96	0	4768
10828	4267	57	116	50	0	4490
10829	4393	38	82	52	0	4565
10830	136	33	31	4553	0	4753
10831	107	42	24	4702	0	4875
10832	58	39	4836	162	0	5095
10833	48	4749	85	126	0	5008
10834	53	4787	98	46	0	4984
10835	41	111	4218	51	0	4421
10836	50	149	63	3693	0	3955
10837	17	31	66	3370	0	3484
10838	23	14	14	3789	0	3840
10839	24	21	8	3799	0	3852
10840	3724	16	11	80	0	3831
10841	44	29	3608	56	0	3737
10842	3534	9	24	30	0	3597
10843	44	21	49	3592	0	3706
10844	3625	16	12	37	0	3690
10845	42	21	11	3685	0	3759
10846	67	17	3700	39	0	3823
10847	29	14	35	3726	0	3804
10848	22	19	3893	45	0	3979
10849	18	17	34	3721	0	3790
10850	28	16	3998	41	0	4083
10851	13	3913	32	61	0	4019
10852	12	27	48	3881	0	3968
10853	17	51	10	3826	0	3904
10854	12	3960	4	66	0	4042
10855	4047	28	12	50	0	4137
10856	37	42	10	4034	0	4123
10857	42	17	11	3976	0	4046
10858	4034	10	10	77	0	4131
10859	4030	10	7	67	0	4114
10860	4194	6	13	20	0	4233
10861	4185	17	5	12	0	4219
10862	77	14	4045	19	0	4155
10863	3919	11	26	12	0	3968
10864	4057	7	43	19	0	4126
10865	66	8	16	3880	0	3970
10866	50	9	9	3864	0	3932
10867	3773	11	11	65	0	3860
10868	29	3731	11	55	0	3826
10869	31	21	16	3644	0	3712
10870	12	32	3822	34	0	3900
10871	6	3786	23	30	0	3845
10872	3715	20	28	15	0	3778
10873	3737	24	5	8	0	3774
10874	3765	6	2	7	0	3780
10875	3814	6	6	8	0	3834
10876	39	5	2	3743	0	3789
10877	34	8	3736	23	0	3801
10878	9	6	3933	28	0	3976
10879	7	4	43	4225	0	4279
10880	4497	1	28	33	0	4559
10881	35	3	6	4516	0	4560
10882	39	3	4572	44	0	4658
10883	4568	2	32	38	0	4640
10884	4608	2	38	8	0	4656
10885	64	6	10	4644	0	4724
10886	42	5	4857	42	0	4946
10887	13	3	4889	39	0	4944
10888	4561	2	73	16	0	4652
10889	30	4867	48	19	0	4964
10890	40	32	4917	8	0	4997
10891	11	26	36	4807	0	4880
10892	4893	4	28	46	0	4971
10893	32	4828	10	43	0	4913
10894	26	4877	14	10	0	4927
10895	4850	54	4	6	0	4914
10896	48	32	4	4800	0	4884
10897	5126	5	10	36	0	5177
10898	46	2	10	5261	0	5319
10899	41	2	14	5305	0	5362
10900	21	10	5369	78	0	5478
10901	18	14	5180	51	0	5263
10902	12	8	5461	16	0	5497
10903	9	0	87	5323	0	5419
10904	5415	3	46	53	0	5517
10905	54	14	5517	47	0	5632
10906	45	9	48	5502	0	5604
10907	25	5	5715	57	0	5802
10908	15	5795	59	56	0	5925
10909	16	46	51	5845	0	5958
10910	16	41	12	5841	0	5910
10911	16	6	8	5926	0	5956
10912	5845	2	19	99	0	5965
10913	52	4	15	5852	0	5923
10914	50	2	23	5838	0	5913
10915	5804	6	16	106	0	5932
10916	62	7	5757	68	0	5894
10917	5705	4	62	18	0	5789
10918	5746	4	53	21	0	5824
10919	116	12	5780	17	0	5925
10920	5565	10	59	18	0	5652
10921	63	19	54	5714	0	5850
10922	75	7	5956	65	0	6103
10923	5830	5	53	63	0	5951
10924	5932	2	51	22	0	6007
10925	102	2	12	5992	0	6108
10926	63	3	14	5986	0	6066
10927	30	5	11	6055	0	6101
10928	5921	1	21	105	0	6048
10929	62	5962	24	64	0	6112
10930	5827	45	12	23	0	5907
10931	58	5660	22	28	0	5768
10932	52	5557	16	29	0	5654
10933	18	85	17	5610	0	5730
10934	18	42	23	5648	0	5731
10935	23	11	13	5628	0	5675
10936	24	12	7	5663	0	5706
10937	26	7	5567	98	0	5698
10938	5309	8	55	66	0	5438
10939	64	7	44	5592	0	5707
10940	59	9	5713	66	0	5847
10941	23	14	60	5689	0	5786
10942	26	6	42	5801	0	5875
10943	36	14	6035	101	0	6186
10944	11	17	57	5984	0	6069
10945	26	7	51	5996	0	6080
10946	5937	4	21	110	0	6072
10947	53	11	6056	71	0	6191
10948	5675	13	46	38	0	5772
10949	53	6107	66	34	0	6260
10950	5958	41	23	35	0	6057
10951	5780	45	19	30	0	5874
10952	89	17	24	5853	0	5983
10953	65	12	5872	77	0	6026
10954	27	6198	55	87	0	6367
10955	24	91	60	5721	0	5896
10956	20	6561	27	57	0	6665
10957	6505	55	12	77	0	6649
10958	80	64	6446	36	0	6626
10959	72	14	6410	21	0	6517
10960	22	5	126	6229	0	6382
10961	33	15	6581	71	0	6700
10962	25	15	65	6562	0	6667
10963	26	7	69	6591	0	6693
10964	6699	5	22	135	0	6861
10965	55	6797	26	105	0	6983
10966	72	58	22	6858	0	7010
10967	29	64	12	6955	0	7060
10968	18	20	20	6773	0	6831
10969	28	6831	21	137	0	7017
10970	16	6794	33	89	0	6932
10971	6690	108	28	30	0	6856
10972	6699	71	11	41	0	6822
10973	6677	17	27	26	0	6747
10974	134	10	6629	31	0	6804
10975	80	60	60	6449	0	6649
10976	34	20	6614	80	0	6748
10977	19	6579	63	89	0	6750
10978	6220	67	82	46	0	6415
10979	72	57	6136	33	0	6298
10980	62	19	47	5855	0	5983
10981	30	9	6022	55	0	6116
10982	5720	9	53	66	0	5848
10983	5984	3	59	37	0	6083
10984	5998	9	26	19	0	6052
10985	5935	5	13	27	0	5980
10986	98	14	6027	27	0	6166
10987	5846	14	43	21	0	5924
10988	5907	7	59	23	0	5996
10989	81	5931	16	14	0	6042
10990	5925	39	10	17	0	5991
10991	5943	55	18	25	0	6041
10992	95	9	16	5656	0	5776
10993	66	6076	12	48	0	6202
10994	6309	41	13	60	0	6423
10995	6791	53	16	26	0	6886
10996	129	19	7861	29	0	8038
10997	81	15	7998	8	0	8102
10998	24	16	8150	11	0	8201
10999	29	62	159	7808	0	8058
11000	7829	14	111	85	0	8039
11001	70	7989	28	88	0	8175
11002	7821	69	17	20	0	7927
11003	91	7961	13	20	0	8085
11004	7795	74	13	14	0	7896
11005	87	7835	15	18	0	7955
11006	95	7897	12	17	0	8021
11007	7505	141	17	12	0	7675
11008	78	7839	6	8	0	7931
11009	83	82	8	7728	0	7901
11010	35	82	7828	69	0	8014
11011	27	24	7873	77	0	8001
11012	21	13	137	7697	0	7868
11013	17	24	87	7901	0	8029
11014	21	20	7910	149	0	8100
11015	26	11	80	7764	0	7881
11016	24	14	78	7936	0	8052
11017	7867	14	31	147	0	8059
11018	79	7932	28	109	0	8148
11019	87	81	21	7258	0	7447
11020	25	8008	27	79	0	8139
11021	7826	83	18	86	0	8013
11022	77	8015	28	26	0	8146
11023	7974	86	17	26	0	8103
11024	7905	93	12	26	0	8036
11025	163	27	15	7799	0	8004
11026	110	33	16	7838	0	7997
11027	38	23	18	7951	0	8030
11028	36	18	27	7961	0	8042
11029	43	31	7765	153	0	7992
11030	7012	25	79	125	0	7241
11031	87	7728	88	49	0	7952
11032	98	71	38	7765	0	7972
11033	43	84	27	7668	0	7822
11034	34	7867	26	160	0	8087
11035	7760	83	39	93	0	7975
11036	92	7954	24	55	0	8125
11037	109	88	21	7915	0	8133
11038	49	119	24	8020	0	8212
11039	45	41	18	8118	0	8222
11040	38	33	18	8084	0	8173
11041	7887	29	20	170	0	8106
11042	116	34	7896	105	0	8151
11043	112	32	79	7649	0	7872
11044	48	30	99	7697	0	7874
11045	45	32	41	7765	0	7883
11046	43	25	27	7766	0	7861
11047	7441	29	29	179	0	7678
11048	126	18	7605	126	0	7875
11049	103	47	88	7048	0	7286
11050	38	7252	96	109	0	7495
11051	34	7485	39	110	0	7668
11052	7402	161	23	52	0	7638
11053	112	114	7465	45	0	7736
11054	6870	55	70	32	0	7027
11055	111	38	7180	37	0	7366
11056	77	23	75	6705	0	6880
11057	6824	30	67	97	0	7018
11058	83	6960	42	98	0	7183
11059	72	81	37	6471	0	6661
11060	48	6925	41	80	0	7094
11061	6749	86	34	90	0	6959
11062	6719	61	33	62	0	6875
11063	118	34	28	6698	0	6878
11064	90	32	6608	108	0	6838
11065	58	29	6703	95	0	6885
11066	42	43	115	6450	0	6650
11067	33	6865	74	88	0	7060
11068	42	107	30	6924	0	7103
11069	37	98	14	6810	0	6959
11070	40	51	13	6842	0	6946
11071	40	51	6830	151	0	7072
11072	37	30	72	6820	0	6959
11073	36	30	78	6762	0	6906
11074	15	6813	41	204	0	7073
11075	27	81	23	6499	0	6630
11076	22	68	31	7102	0	7223
11077	27	24	28	7174	0	7253
11078	27	16	25	7174	0	7242
11079	24	19	24	7048	0	7115
11080	24	27	21	7050	0	7122
11081	27	30	10	6952	0	7019
11082	29	37	32	6864	0	6962
11083	42	33	6589	176	0	6840
11084	38	41	62	6660	0	6801
11085	6547	31	70	123	0	6771
11086	97	29	19	6559	0	6704
11087	98	25	6633	122	0	6878
11088	6405	28	68	122	0	6623
11089	6732	17	74	64	0	6887
11090	6710	22	34	71	0	6837
11091	6775	16	20	71	0	6882
11092	145	27	28	6831	0	7031
11093	104	13	6715	127	0	6959
11094	36	6561	74	114	0	6785
11095	27	6089	62	52	0	6230
11096	62	103	191	4616	0	4972
11097	8	25	28	4719	0	4780
11098	6	8	3	4694	0	4711
11099	7	9	4	4773	0	4793
11100	4	5	2	5308	0	5319
11101	5572	9	3	69	0	5653
11102	46	5740	12	59	0	5857
11103	49	5910	11	28	0	5998
11104	23	119	8	5987	0	6137
11105	5	57	9	6093	0	6164
11106	7	12	2	6136	0	6157
11107	4	9	4	6100	0	6117
11108	14	14	5827	142	0	5997
11109	4	5803	60	87	0	5954
11110	8	58	56	5799	0	5921
11111	5658	61	10	71	0	5800
11112	61	9	5	5783	0	5858
11113	61	9	5774	85	0	5929
11114	16	12	5636	80	0	5744
11115	7	11	5888	28	0	5934
11116	12	19	121	5667	0	5819
11117	5931	4	73	77	0	6085
11118	56	10	12	6025	0	6103
11119	66	3	8	6116	0	6193
11120	6003	2	9	134	0	6148
11121	66	7	9	6183	0	6265
11122	66	8	9	6220	0	6303
11123	21	13	6475	144	0	6653
11124	8	6475	67	93	0	6643
11125	12	65	65	6601	0	6743
11126	6555	61	14	83	0	6713
11127	62	11	15	6680	0	6768
11128	77	11	6711	88	0	6887
11129	19	30	69	6599	0	6717
11130	12	6724	70	92	0	6898
11131	11	67	16	6817	0	6911
11132	18	73	6724	86	0	6901
11133	11	7118	69	99	0	7297
11134	10	86	64	7186	0	7346
11135	14	74	16	7992	0	8096
11136	8	21	16	8184	0	8229
11137	8	12	12	8303	0	8335
11138	16	13	8103	214	0	8346
11139	9	8063	89	150	0	8311
11140	8086	82	111	49	0	8328
11141	8126	107	24	35	0	8292
11142	188	24	14	8137	0	8363
11143	127	20	8130	111	0	8388
11144	7713	8	98	140	0	7959
11145	94	15	112	8191	0	8412
11146	121	15	8454	122	0	8712
11147	21	4	110	8475	0	8610
11148	11	10	119	8406	0	8546
11149	22	11	15	8623	0	8671
11150	30	20	8738	238	0	9026
11151	28	13	95	8113	0	8249
11152	13	8750	119	118	0	9000
11153	8741	88	20	133	0	8982
11154	8707	113	13	42	0	8875
11155	8760	18	21	41	0	8840
11156	204	8664	24	44	0	8936
11157	8690	95	16	48	0	8849
11158	106	122	16	8565	0	8809
11159	8587	18	23	121	0	8749
11160	8476	24	21	150	0	8671
11161	209	23	8432	58	0	8722
11162	129	8443	94	54	0	8720
11163	8392	85	121	46	0	8644
11164	98	120	23	8348	0	8589
11165	132	24	8314	118	0	8588
11166	36	8340	103	137	0	8616
11167	8129	99	124	69	0	8421
11168	108	118	25	8203	0	8454
11169	128	20	18	8306	0	8472
11170	35	21	24	8271	0	8351
11171	32	8196	33	231	0	8492
11172	32	105	17	8241	0	8395
11173	33	8172	33	204	0	8442
11174	30	98	27	8237	0	8392
11175	35	125	8192	148	0	8500
11176	40	31	103	8214	0	8388
11177	40	26	126	8267	0	8459
11178	44	16	41	8453	0	8554
11179	35	38	8259	257	0	8589
11180	39	17	110	8218	0	8384
11181	46	21	133	8393	0	8593
11182	35	22	40	8516	0	8613
11183	29	31	54	8494	0	8608
11184	42	24	38	8568	0	8672
11185	38	26	8368	273	0	8705
11186	31	34	99	8281	0	8445
11187	52	21	127	8158	0	8358
11188	7817	15	41	258	0	8131
11189	107	7887	39	194	0	8227
11190	148	8071	40	76	0	8335
11191	56	217	21	7968	0	8262
11192	48	142	30	7787	0	8007
11193	40	7690	38	242	0	8010
11194	50	101	36	7680	0	7867
11195	46	7759	33	149	0	7987
11196	57	109	27	7695	0	7888
11197	53	116	22	7506	0	7697
11198	44	27	7282	233	0	7586
11199	34	7156	92	179	0	7461
11200	52	6749	104	54	0	6959
11201	5843	131	62	52	0	6088
11202	46	6066	33	58	0	6203
11203	96	56	16	5894	0	6062
11204	46	79	5785	84	0	5994
11205	41	22	62	5702	0	5827
11206	5568	32	81	73	0	5754
11207	69	19	5901	113	0	6102
11208	74	6072	54	57	0	6257
11209	36	57	82	5590	0	5765
11210	25	88	20	6162	0	6295
11211	6272	28	17	139	0	6456
11212	46	22	22	6456	0	6546
11213	84	14	18	6423	0	6539
11214	21	18	11	6469	0	6519
11215	22	13	23	6460	0	6518
11216	6242	19	19	151	0	6431
11217	6169	22	17	120	0	6328
11218	103	21	14	6209	0	6347
11219	6150	16	25	85	0	6276
11220	43	20	17	6109	0	6189
11221	78	20	5902	98	0	6098
11222	28	14	5795	117	0	5954
11223	27	40	96	5263	0	5426
11224	10	5567	70	90	0	5737
11225	26	42	17	5539	0	5624
11226	5406	68	14	75	0	5563
11227	39	28	6	5577	0	5650
11228	5331	20	23	78	0	5452
11229	33	28	11	5586	0	5658
11230	67	29	5651	79	0	5826
11231	14	5623	39	116	0	5792
11232	13	5785	71	51	0	5920
11233	19	143	14	5240	0	5416
11234	6	59	5361	67	0	5493
11235	3	4637	8	38	0	4686
11236	17	22	27	4423	0	4489
11237	4302	14	9	18	0	4343
11238	5	12	4494	18	0	4529
11239	11	1	7	4414	0	4433
11240	1	2	12	4595	0	4610
11241	4	5	4539	18	0	4566
11242	5	3	4340	19	0	4367
11243	9	6	4578	5	0	4598
11244	2	10	14	4501	0	4527
11245	2	5	4777	11	0	4795
11246	4096	1	16	23	0	4136
11247	14	1	19	4845	0	4879
11248	30	5	6033	24	0	6092
11249	2	6238	21	40	0	6301
11250	7	18	6189	7	0	6221
11251	12	26	18	6070	0	6126
11252	6359	4	37	25	0	6425
11253	17	1	4	6593	0	6615
11254	33	4	3	6642	0	6682
11255	7081	5	2	49	0	7137
11256	27	4	2	7278	0	7311
11257	44	6	7497	48	0	7595
11258	7131	4	36	46	0	7217
11259	34	7642	45	13	0	7734
11260	7739	35	4	10	0	7788
11261	39	43	5	7716	0	7803
11262	50	6	7707	48	0	7811
11263	11	12	7908	49	0	7980
11264	8	9	99	7757	0	7873
11265	3	6	53	7760	0	7822
11266	16	8	7894	85	0	8003
11267	10	8	7683	58	0	7759
11268	7664	5	92	13	0	7774
11269	48	3	54	7923	0	8028
11270	7959	3	10	51	0	8023
11271	48	2	10	7947	0	8007
11272	54	11	8322	48	0	8435
11273	17	11	8691	61	0	8780
11274	15	2	95	8729	0	8841
11275	10	0	58	8971	0	9039
11276	12	6	9155	115	0	9288
11277	8589	3	77	68	0	8737
11278	63	2	64	9425	0	9554
11279	10016	1	13	70	0	10100
11280	66	11673	13	85	0	11837
11281	97	91	14	11918	0	12120
11282	11963	115	7	111	0	12196
11283	121	24	12114	134	0	12393
11284	126	3	109	11971	0	12209
11285	24	2	137	12065	0	12228
11286	8	4	26	12464	0	12502
11287	28	12	12351	244	0	12635
11288	14	6	106	11942	0	12068
11289	3	12403	145	121	0	12672
11290	16	100	30	12543	0	12689
11291	22	124	12418	127	0	12691
11292	27	18	12522	145	0	12712
11293	18	11	237	12352	0	12618
11294	17	9	146	12498	0	12670
11295	14	9	33	12821	0	12877
11296	11	3	17	12854	0	12885
11297	12682	4	24	254	0	12964
11298	12410	5	25	160	0	12600
11299	249	13	12587	38	0	12887
11300	147	12806	121	33	0	13107
11301	35	105	137	12986	0	13263
11302	13491	127	25	142	0	13785
11303	12866	22	25	160	0	13073
11304	13578	12	22	52	0	13664
11305	13588	8	27	46	0	13669
11306	268	19	13481	62	0	13830
11307	12722	11	134	43	0	12910
11308	131	13099	152	50	0	13432
11309	147	116	33	13188	0	13484
11310	33	140	13348	146	0	13667
11311	27	19	140	13040	0	13226
11312	44	16	13299	161	0	13520
11313	31	11	154	13195	0	13391
11314	22	7	156	13438	0	13623
11315	13292	13	39	291	0	13635
11316	134	18	35	13501	0	13688
11317	160	19	13606	198	0	13983
11318	62	16	144	13833	0	14055
11319	13769	21	165	194	0	14149
11320	153	13	43	13943	0	14152
11321	184	17	13933	200	0	14334
11322	46	13730	155	200	0	14131
11323	14018	124	184	84	0	14410
11324	152	147	51	13218	0	13568
11325	168	14435	41	167	0	14811
11326	14244	121	53	178	0	14596
11327	174	150	14325	71	0	14720
11328	175	14174	161	83	0	14593
11329	63	124	168	14372	0	14727
11330	54	150	14416	172	0	14792
11331	43	31	151	13851	0	14076
11332	13943	9	169	205	0	14326
11333	167	22	14103	200	0	14492
11334	190	12	146	13797	0	14145
11335	58	17	14253	202	0	14530
11336	50	32	175	13866	0	14123
11337	45	20	175	14223	0	14463
11338	13942	24	55	320	0	14341
11339	155	14148	62	229	0	14594
11340	187	127	41	14166	0	14521
11341	14088	143	48	190	0	14469
11342	13959	27	52	208	0	14246
11343	306	36	45	13640	0	14027
11344	173	13655	52	196	0	14076
11345	54	14017	55	203	0	14329
11346	52	244	65	13668	0	14029
11347	53	143	63	13549	0	13808
11348	12355	33	62	280	0	12730
11349	148	28	44	12415	0	12635
11350	150	24	12007	194	0	12375
11351	10719	13	146	194	0	11072
11352	127	11712	145	108	0	12092
11353	11613	104	57	78	0	11852
11354	179	121	11828	85	0	12213
11355	145	12082	129	70	0	12426
11356	12042	118	173	75	0	12408
11357	11927	120	93	63	0	12203
11358	244	49	12036	60	0	12389
11359	11612	22	122	43	0	11799
11360	11907	27	140	57	0	12131
11361	239	12156	47	63	0	12505
11362	183	109	31	12252	0	12575
11363	74	137	12126	149	0	12486
11364	52	42	123	12272	0	12489
11365	49	38	12723	164	0	12974
11366	36	27	150	12297	0	12510
11367	12520	22	146	181	0	12869
11368	143	13	46	12915	0	13117
11369	168	25	14207	167	0	14567
11370	14093	16	167	205	0	14481
11371	190	13	199	14897	0	15299
11372	209	27	14648	212	0	15096
11373	13559	18	183	231	0	13991
11374	184	43	197	14278	0	14702
11375	205	35	14083	192	0	14515
11376	68	25	13840	218	0	14151
11377	51	192	296	13219	0	13758
11378	70	28	13920	171	0	14189
11379	27	13101	179	182	0	13489
11380	67	159	153	11271	0	11650
11381	11260	104	22	94	0	11480
11382	98	20	11381	108	0	11607
11383	117	9	11278	22	0	11426
11384	10188	4	201	19	0	10412
11385	94	6	11435	19	0	11554
11386	10192	4	104	20	0	10320
11387	104	6	11252	19	0	11381
11388	112	3	107	10833	0	11055
11389	25	7	11290	95	0	11417
11390	24	3	109	10885	0	11021
11391	25	15	11400	103	0	11543
11392	12	9	11054	112	0	11187
11393	9514	4	199	37	0	9754
11394	83	11044	122	36	0	11285
11395	11084	79	34	18	0	11215
11396	96	11237	24	14	0	11371
11397	109	84	24	11099	0	11316
11398	33	103	19	11391	0	11546
11399	11239	16	24	184	0	11463
11400	95	8	18	11153	0	11274
11401	120	13	11037	128	0	11298
11402	10182	6	114	120	0	10422
11403	10610	7	118	32	0	10767
11404	191	3	38	10634	0	10866
11405	128	21	10774	110	0	11033
11406	28	13	112	10481	0	10634
11407	34	10790	119	100	0	11043
11408	23	79	44	10743	0	10889
11409	29	103	34	10903	0	11069
11410	33	14	10688	215	0	10950
11411	8828	18	123	155	0	9124
11412	100	10549	131	57	0	10837
11413	10394	84	49	33	0	10560
11414	100	10650	34	55	0	10839
11415	128	86	55	10120	0	10389
11416	37	10683	40	121	0	10881
11417	38	92	10223	142	0	10495
11418	32	121	118	9676	0	9947
11419	38	25	148	9962	0	10173
11420	36	15	49	10275	0	10375
11421	10003	16	51	221	0	10291
11422	112	20	61	10053	0	10246
11423	9831	18	48	147	0	10044
11424	9785	22	48	157	0	10012
11425	9662	9	53	67	0	9791
11426	237	20	9616	69	0	9942
11427	177	8	142	9531	0	9858
11428	62	15	170	9916	0	10163
11429	57	14	92	10075	0	10238
11430	10157	14	91	270	0	10532
11431	138	24	75	10250	0	10487
11432	155	13	93	10381	0	10642
11433	10707	31	91	267	0	11096
11434	148	21	77	11048	0	11294
11435	174	28	11226	185	0	11613
11436	69	36	11270	200	0	11575
11437	68	23	318	11282	0	11691
11438	11181	25	206	175	0	11587
11439	10713	20	116	194	0	11043
11440	306	25	78	10900	0	11309
11441	209	25	10962	175	0	11371
11442	64	10863	202	204	0	11333
11443	80	124	217	10982	0	11403
11444	56	160	77	11169	0	11462
11445	75	27	81	11234	0	11417
11446	11035	38	77	333	0	11483
11447	192	28	11053	233	0	11506
11448	10961	36	183	104	0	11284
11449	199	25	209	10695	0	11128
11450	220	11088	58	177	0	11543
11451	11128	148	56	201	0	11533
11452	10951	167	56	96	0	11270
11453	346	57	11418	71	0	11892
11454	197	10822	163	119	0	11301
11455	71	10463	174	105	0	10813
11456	10320	248	71	96	0	10735
11457	173	147	52	10345	0	10717
11458	192	45	50	10305	0	10592
11459	85	41	48	10193	0	10367
11460	68	10008	38	327	0	10441
11461	48	10049	44	215	0	10356
11462	9843	236	52	98	0	10229
11463	150	142	33	9791	0	10116
11464	151	40	10343	179	0	10713
11465	65	27	144	10836	0	11072
11466	63	36	12076	200	0	12375
11467	76	35	12008	184	0	12303
11468	72	34	12013	70	0	12189
11469	35	10225	319	42	0	10621
11470	99	180	303	8901	0	9483
11471	19	9680	64	128	0	9891
11472	45	149	31	8982	0	9207
11473	21	131	24	9521	0	9697
11474	9496	37	21	272	0	9826
11475	139	22	17	9647	0	9825
11476	9515	16	14	174	0	9719
11477	9474	13	11	150	0	9648
11478	255	9	15	9016	0	9295
11479	159	9158	16	148	0	9481
11480	47	140	17	8917	0	9121
11481	27	9169	19	162	0	9377
11482	35	148	14	9156	0	9353
11483	26	132	9041	182	0	9381
11484	24	31	137	9016	0	9208
11485	32	23	141	9142	0	9338
11486	8698	20	42	283	0	9043
11487	137	8983	33	183	0	9336
11488	140	138	23	8964	0	9265
11489	45	144	23	8727	0	8939
11490	33	8787	31	297	0	9148
11491	30	142	27	8808	0	9007
11492	8499	143	22	192	0	8856
11493	8624	47	21	174	0	8866
11494	258	8613	19	81	0	8971
11495	169	144	19	8605	0	8937
11496	8287	140	19	172	0	8618
11497	150	8496	23	180	0	8849
11498	161	151	18	7843	0	8173
11499	49	8439	23	157	0	8668
11500	8318	154	32	157	0	8661
11501	164	145	8258	66	0	8633
11502	163	53	8299	51	0	8566
11503	54	35	264	8219	0	8572
11504	42	42	8432	175	0	8691
11505	36	25	178	8197	0	8436
11506	8124	34	153	180	0	8491
11507	149	42	8311	171	0	8673
11508	151	32	149	8226	0	8558
11509	45	41	142	8414	0	8642
11510	8272	32	44	299	0	8647
11511	157	8435	29	205	0	8826
11512	8493	149	25	75	0	8742
11513	8341	146	25	72	0	8584
11514	265	8241	26	70	0	8602
11515	168	152	23	8247	0	8590
11516	81	150	8164	171	0	8566
11517	43	63	149	8014	0	8269
11518	37	8230	141	177	0	8585
11519	8254	161	48	169	0	8632
11520	151	153	41	8324	0	8669
11521	147	69	8385	191	0	8792
11522	51	40	150	8540	0	8781
11523	30	38	140	8625	0	8833
11524	38	38	49	8751	0	8876
11525	47	37	32	8761	0	8877
11526	39	34	33	8587	0	8693
11527	51	34	8287	331	0	8703
11528	76	35	7975	223	0	8309
11529	36	7683	247	108	0	8074
11530	38	7761	157	73	0	8029
11531	7588	218	60	46	0	7912
11532	125	150	7635	62	0	7972
11533	6905	54	182	56	0	7197
11534	140	24	6942	49	0	7155
11535	107	29	6525	47	0	6708
11536	45	26	202	6327	0	6600
11537	6533	23	131	123	0	6810
11538	117	28	39	6651	0	6835
11539	107	22	22	6764	0	6915
11540	46	23	7037	220	0	7326
11541	34	25	100	7095	0	7254
11542	22	22	99	7121	0	7264
11543	34	14	32	7159	0	7239
11544	39	16	18	7165	0	7238
11545	27	18	19	7190	0	7254
11546	6910	21	20	231	0	7182
11547	111	15	17	7022	0	7165
11548	105	25	6810	160	0	7100
11549	40	27	93	6870	0	7030
11550	28	17	6872	151	0	7068
11551	31	35	117	6785	0	6968
11552	20	21	7028	149	0	7218
11553	16	73	132	6559	0	6780
11554	20	14	117	6816	0	6967
11555	21	13	6775	204	0	7013
11556	6102	21	114	139	0	6376
11557	108	22	6809	71	0	7010
11558	95	12	125	6803	0	7035
11559	6895	11	106	116	0	7128
11560	104	14	39	6955	0	7112
11561	103	15	20	7011	0	7149
11562	43	16	6977	200	0	7236
11563	30	6800	93	153	0	7076
11564	14	6044	74	53	0	6185
11565	16	5566	47	39	0	5668
11566	187	44	95	3972	0	4298
11567	4072	15	31	11	0	4129
11568	3	0	1	4052	0	4056
11569	14	2	3	4123	0	4142
11570	2	0	1	4166	0	4169
11571	1	1	0	4163	0	4165
11572	0	4175	4	18	0	4197
11573	2	9	0	4210	0	4221
11574	0	12	2	4197	0	4211
11575	0	4302	2	25	0	4329
11576	4326	9	0	21	0	4356
11577	9	13	1	4339	0	4362
11578	4349	1	0	13	0	4363
11579	4345	0	2	16	0	4363
11580	18	4569	5	4	0	4596
11581	13	10	0	4908	0	4931
11582	8	15	4931	14	0	4968
11583	5	4	4888	17	0	4914
11584	3	0	22	4894	0	4919
11585	5042	4	25	13	0	5084
11586	5177	3	1	18	0	5199
11587	20	1	2	5316	0	5339
11588	5354	0	2	12	0	5368
11589	13	5379	4	15	0	5411
11590	5343	11	1	4	0	5359
11591	9	5790	2	7	0	5808
11592	14	15	0	5889	0	5918
11593	4	14	1	5884	0	5903
11594	0	5932	3	35	0	5970
11595	5780	14	55	17	0	5866
11596	22	22	5855	4	0	5903
11597	16	4	14	5805	0	5839
11598	5	3	5989	23	0	6020
11599	6	2	17	5920	0	5945
11600	6051	3	15	19	0	6088
11601	16	2	1	6041	0	6060
11602	6001	0	10	18	0	6029
11603	5984	2	5	17	0	6008
11604	28	0	4	5948	0	5980
11605	19	6	6030	20	0	6075
11606	5	6501	17	21	0	6544
11607	10	10	15	6344	0	6379
11608	6222	14	4	18	0	6258
11609	23	9	6318	26	0	6376
11610	25	4	18	6195	0	6242
11611	7	9	15	6340	0	6371
11612	11	6	3	6407	0	6427
11613	6354	9	5	36	0	6404
11614	20	5	5	6347	0	6377
11615	22	5	3	6407	0	6437
11616	7	11	6496	38	0	6552
11617	8	2	22	6485	0	6517
11618	7	4	24	6683	0	6718
11619	8	6	8	6820	0	6842
11620	8	6800	12	45	0	6865
11621	9	14	6	6682	0	6711
11622	10	17	4	6632	0	6663
11623	6379	5	5	47	0	6436
11624	23	9	6518	33	0	6583
11625	27	15	6291	16	0	6349
11626	8	6563	36	20	0	6627
11627	13	18	34	6639	0	6704
11628	6643	18	2	30	0	6693
11629	21	1	6	6658	0	6686
11630	30	3	7	6720	0	6760
11631	3	7	5	6769	0	6784
11632	5	3	4	6669	0	6681
11633	10	4	6	6652	0	6672
11634	7	12	6562	48	0	6629
11635	7	2	16	6564	0	6589
11636	6529	2	28	38	0	6597
11637	18	6514	6	33	0	6571
11638	19	16	8	6518	0	6561
11639	7	18	6	6469	0	6500
11640	9	12	6421	49	0	6491
11641	8	5	22	6275	0	6310
11642	4	9	19	6665	0	6697
11643	6665	6	3	55	0	6729
11644	24	6992	10	45	0	7071
11645	30	23	7	7000	0	7060
11646	9	25	9	7097	0	7140
11647	7	6	10	7150	0	7173
11648	11	7	7270	57	0	7345
11649	12	10	7000	42	0	7064
11650	8	7246	50	25	0	7329
11651	9	7487	27	28	0	7551
11652	11	48	6	7269	0	7334
11653	8	7500	11	63	0	7582
11654	4	60	5	8109	0	8178
11655	7	49	8	8868	0	8932
11656	8	8	7	9385	0	9408
11657	11	5	5	10493	0	10514
11658	19	14	10511	148	0	10692
11659	10	7	75	10580	0	10672
11660	3	4	97	10635	0	10739
11661	6	7	15	10940	0	10968
11662	10401	8	18	203	0	10630
11663	72	10813	20	146	0	11051
11664	112	94	7	9601	0	9814
11665	16	10950	19	104	0	11089
11666	10490	97	6	120	0	10713
11667	8721	132	15	59	0	8927
11668	134	10933	5	53	0	11125
11669	90	11100	8	37	0	11235
11670	38	196	10726	26	0	10986
11671	22	11322	84	28	0	11456
11672	17	113	98	11011	0	11239
11673	11064	140	20	99	0	11323
11674	83	11401	22	124	0	11630
11675	114	110	17	11402	0	11643
11676	15	128	15	11563	0	11721
11677	25	27	14	11779	0	11845
11678	11371	28	10	227	0	11636
11679	95	26	11495	168	0	11784
11680	10615	29	85	76	0	10805
11681	98	11223	117	64	0	11502
11682	128	109	19	11189	0	11445
11683	36	136	11098	117	0	11387
11684	9834	33	109	166	0	10142
11685	102	11100	120	42	0	11364
11686	125	104	26	10715	0	10970
11687	25	11058	27	110	0	11220
11688	25	105	22	11122	0	11274
11689	21	143	10	11246	0	11420
11690	20	43	11136	220	0	11419
11691	24	33	10683	152	0	10892
11692	25	33	184	10674	0	10916
11693	21	32	10985	143	0	11181
11694	14	19	109	10895	0	11037
11695	11	23	142	10708	0	10884
11696	21	17	38	11111	0	11187
11697	10870	17	39	230	0	11156
11698	85	27	29	11058	0	11199
11699	125	26	11110	149	0	11410
11700	10857	25	91	180	0	11153
11701	100	21	120	11341	0	11582
11702	122	21	35	11432	0	11610
11703	11173	20	28	238	0	11459
11704	103	11688	39	184	0	12014
11705	136	97	30	11838	0	12101
11706	37	127	27	11510	0	11701
11707	11296	37	25	245	0	11603
11708	111	39	11410	188	0	11748
11709	141	33	104	11234	0	11512
11710	47	32	124	11370	0	11573
11711	43	42	32	11096	0	11213
11712	30	11288	42	249	0	11609
11713	26	101	28	11452	0	11607
11714	11172	129	27	171	0	11499
11715	97	11292	32	188	0	11609
11716	11069	119	26	85	0	11299
11717	103	11434	34	93	0	11664
11718	11324	112	28	88	0	11552
11719	124	162	11269	76	0	11631
11720	152	59	11122	75	0	11408
11721	10891	46	205	76	0	11218
11722	131	52	11511	77	0	11771
11723	151	37	118	11277	0	11583
11724	52	34	152	10899	0	11137
11725	50	34	56	11572	0	11712
11726	11402	24	60	249	0	11735
11727	108	40	11342	193	0	11683
11728	11154	31	118	100	0	11403
11729	128	32	135	11742	0	12037
11730	11872	39	37	172	0	12120
11731	137	41	48	12011	0	12237
11732	12333	26	57	170	0	12586
11733	150	47	37	13444	0	13678
11734	179	39	14213	194	0	14625
11735	13984	36	153	204	0	14377
11736	14485	25	186	105	0	14801
11737	308	25	57	14717	0	15107
11738	203	38	57	13807	0	14105
11739	65	14954	55	320	0	15394
11740	14151	142	53	228	0	14574
11741	175	14704	57	102	0	15038
11742	14154	150	48	112	0	14464
11743	172	180	14403	99	0	14854
11744	213	52	14292	96	0	14653
11745	79	49	14279	81	0	14488
11746	13137	38	339	70	0	13584
11747	170	14352	213	85	0	14820
11748	211	130	65	13958	0	14364
11749	13610	162	65	178	0	14015
11750	166	14347	57	242	0	14812
11751	205	351	37	13041	0	13634
11752	66	14126	46	175	0	14413
11753	55	13537	43	199	0	13834
11754	68	13418	30	82	0	13598
11755	11696	268	107	89	0	12160
11756	112	12231	38	53	0	12434
11757	100	10754	24	52	0	10930
11758	36	10639	46	34	0	10755
11759	10570	147	45	38	0	10800
11760	10536	89	70	27	0	10722
11761	159	27	10393	48	0	10627
11762	10127	32	81	34	0	10274
11763	10398	15	85	41	0	10539
11764	171	16	15	10191	0	10393
11765	10510	16	21	76	0	10623
11766	110	23	10397	93	0	10623
11767	94	10995	75	41	0	11205
11768	10882	91	82	34	0	11089
11769	107	143	20	11210	0	11480
11770	11414	20	26	94	0	11554
11771	107	32	11114	113	0	11366
11772	10887	26	81	21	0	11015
11773	119	27	89	11206	0	11441
11774	108	28	11297	102	0	11535
11775	28	11072	98	99	0	11297
11776	35	11462	103	29	0	11629
11777	50	184	11	11030	0	11275
11778	58	97	27	10357	0	10539
11779	14	11389	13	136	0	11552
11780	11366	90	8	81	0	11545
11781	11243	91	17	16	0	11367
11782	11118	14	15	15	0	11162
11783	171	11455	13	28	0	11667
11784	123	89	10	10308	0	10530
11785	24	11515	13	75	0	11627
11786	11396	87	11	72	0	11566
11787	11160	96	7	19	0	11282
11788	178	11184	16	22	0	11400
11789	11293	90	9	12	0	11404
11790	106	99	11	11207	0	11423
11791	113	16	13	11195	0	11337
11792	11312	21	25	186	0	11544
11793	11012	26	20	100	0	11158
11794	11128	14	14	22	0	11178
11795	190	23	12	10986	0	11211
11796	112	14	19	11190	0	11335
11797	32	28	11083	186	0	11329
11798	36	31	94	10827	0	10988
11799	41	30	93	10749	0	10913
11800	47	24	10635	187	0	10893
11801	34	34	10374	104	0	10546
11802	36	29	10742	31	0	10838
11803	43	22	189	10440	0	10694
11804	51	45	10378	102	0	10576
11805	37	35	95	10087	0	10254
11806	33	41	100	10307	0	10481
11807	39	41	10364	187	0	10631
11808	49	46	10319	104	0	10518
11809	33	34	192	9988	0	10247
11810	41	43	10687	115	0	10886
11811	47	35	10598	115	0	10795
11812	44	10476	205	27	0	10752
11813	10634	118	109	33	0	10894
11814	10659	118	25	23	0	10825
11815	10633	33	24	25	0	10715
11816	201	10619	17	37	0	10874
11817	140	10676	26	32	0	10874
11818	41	199	28	10477	0	10745
11819	55	119	22	10381	0	10577
11820	47	34	10291	205	0	10577
11821	48	36	102	10202	0	10388
11822	10272	17	106	123	0	10518
11823	126	34	33	9359	0	9552
11824	133	10260	41	107	0	10541
11825	10460	117	27	118	0	10722
11826	10426	113	29	37	0	10605
11827	10555	34	26	39	0	10654
11828	237	34	10519	39	0	10829
11829	138	124	107	10045	0	10414
11830	10803	21	122	116	0	11062
11831	164	29	11190	118	0	11501
11832	130	10757	126	39	0	11052
11833	33	9934	95	37	0	10099
11834	8744	155	43	20	0	8962
11835	105	8961	32	24	0	9122
11836	108	99	17	8564	0	8788
11837	28	76	8701	93	0	8898
11838	43	36	106	8544	0	8729
11839	8469	24	72	111	0	8676
11840	94	8529	24	78	0	8725
11841	8362	103	9	17	0	8491
11842	112	66	8336	17	0	8531
11843	77	23	92	7698	0	7890
11844	21	8569	76	84	0	8750
11845	21	112	16	8530	0	8679
11846	8639	63	21	103	0	8826
11847	8731	20	10	79	0	8840
11848	8747	10	15	26	0	8798
11849	8772	15	25	18	0	8830
11850	154	16	19	8469	0	8658
11851	92	24	8688	112	0	8916
11852	30	7	97	8242	0	8376
11853	25	8650	75	100	0	8850
11854	8665	94	18	70	0	8847
11855	109	66	8627	25	0	8827
11856	8244	8	98	28	0	8378
11857	90	14	73	8536	0	8713
11858	77	17	8805	97	0	8996
11859	19	16	98	8599	0	8732
11860	8719	10	76	108	0	8913
11861	8741	10	21	80	0	8852
11862	8699	7	27	30	0	8763
11863	153	20	8714	21	0	8908
11864	77	33	83	8472	0	8665
11865	28	18	8983	97	0	9126
11866	27	8816	99	77	0	9019
11867	8145	198	65	27	0	8435
11868	88	8115	37	36	0	8276
11869	7522	63	17	21	0	7623
11870	78	43	12	7191	0	7324
11871	52	7551	13	63	0	7679
11872	7572	70	14	41	0	7697
11873	78	47	7677	7	0	7809
11874	44	27	64	7415	0	7550
11875	7578	17	37	67	0	7699
11876	68	21	7578	61	0	7728
11877	55	7	65	7175	0	7302
11878	35	7449	49	61	0	7594
11879	33	68	17	7493	0	7611
11880	33	46	16	7527	0	7622
11881	7281	26	13	107	0	7427
11882	78	7454	20	67	0	7619
11883	45	72	16	7146	0	7279
11884	21	7503	11	74	0	7609
11885	31	79	16	7284	0	7410
11886	22	7669	33	78	0	7802
11887	7473	74	17	50	0	7614
11888	81	53	7792	35	0	7961
11889	57	22	72	7678	0	7829
11890	21	19	43	7719	0	7802
11891	31	9	18	7731	0	7789
11892	30	19	16	7685	0	7750
11893	40	12	7658	132	0	7842
11894	29	7839	75	58	0	8001
11895	7803	60	49	39	0	7951
11896	7762	50	19	32	0	7863
11897	99	7947	12	28	0	8086
11898	7911	63	22	29	0	8025
11899	7798	52	24	26	0	7900
11900	107	8186	15	35	0	8343
11901	66	71	15	7654	0	7806
11902	31	8251	24	73	0	8379
11903	8106	64	21	46	0	8237
11904	81	50	8049	26	0	8206
11905	7394	18	72	38	0	7522
11906	87	19	8211	28	0	8345
11907	54	19	75	8011	0	8159
11908	8145	15	44	79	0	8283
11909	93	16	8093	57	0	8259
11910	7538	13	70	29	0	7650
11911	7889	11	49	36	0	7985
11912	119	19	23	7704	0	7865
11913	64	8063	25	72	0	8224
11914	8091	73	17	55	0	8236
11915	92	56	21	7966	0	8135
11916	59	8044	12	88	0	8203
11917	7923	72	18	53	0	8066
11918	84	59	10	7956	0	8109
11919	54	8412	29	81	0	8576
11920	35	69	14	8601	0	8719
11921	8586	42	22	91	0	8741
11922	8520	21	25	72	0	8638
11923	8556	18	16	29	0	8619
11924	118	10	27	8296	0	8451
11925	56	24	14	8320	0	8414
11926	36	30	8375	105	0	8546
11927	44	51	71	8215	0	8381
11928	28	29	8774	82	0	8913
11929	37	20	8088	47	0	8192
11930	10	7	7589	13	0	7619
11931	8	7855	57	19	0	7939
11932	40	53	91	7026	0	7210
11933	8	8479	11	31	0	8529
11934	8653	42	16	33	0	8744
11935	8544	48	18	33	0	8643
11936	84	12	7	8891	0	8994
11937	66	9	9259	46	0	9380
11938	15	4	46	9225	0	9290
11939	13	14	9648	56	0	9731
11940	17	11	51	9072	0	9151
11941	12	9618	69	60	0	9759
11942	11	9775	17	79	0	9882
11943	9445	106	5	16	0	9572
11944	65	81	9729	18	0	9893
11945	84	14	50	9464	0	9612
11946	18	12	78	9637	0	9745
11947	9647	7	12	124	0	9790
11948	55	9900	18	100	0	10073
11949	9816	54	8	31	0	9909
11950	53	10172	15	23	0	10263
11951	9928	57	16	17	0	10018
11952	9996	69	13	15	0	10093
11953	118	15	12	10110	0	10255
11954	91	15	10244	69	0	10419
11955	9503	19	60	86	0	9668
11956	66	10341	82	23	0	10512
11957	10455	59	19	16	0	10549
11958	62	79	15	10105	0	10261
11959	87	20	9	9951	0	10067
11960	28	10210	15	130	0	10383
11961	25	66	15	9913	0	10019
11962	19	10331	14	69	0	10433
11963	25	68	14	10176	0	10283
11964	26	76	11	10017	0	10130
11965	9617	27	11	133	0	9788
11966	80	15	9805	101	0	10001
11967	84	9741	62	36	0	9923
11968	31	62	78	9697	0	9868
11969	10019	83	15	78	0	10195
11970	10083	21	11	93	0	10208
11971	10072	15	23	34	0	10144
11972	154	20	9985	31	0	10190
11973	9912	19	67	31	0	10029
11974	81	20	88	10109	0	10298
11975	10004	26	20	79	0	10129
11976	85	9971	15	101	0	10172
11977	102	75	14	9994	0	10185
11978	9890	85	21	78	0	10074
11979	88	10248	23	99	0	10458
11980	99	72	20	10314	0	10505
11981	45	95	10602	89	0	10831
11982	10257	32	80	119	0	10488
11983	11068	17	98	38	0	11221
11984	207	33	11186	24	0	11450
11985	124	11013	89	41	0	11267
11986	38	11387	115	50	0	11590
11987	54	174	69	11175	0	11472
11988	41	122	32	10917	0	11112
11989	35	30	33	11259	0	11357
11990	37	37	11460	197	0	11731
11991	10969	33	101	140	0	11243
11992	11920	33	108	39	0	12100
11993	12213	38	32	42	0	12325
11994	12216	32	31	53	0	12332
11995	12399	24	33	41	0	12497
11996	12474	28	29	47	0	12578
11997	245	27	29	13010	0	13311
11998	158	34	13100	133	0	13425
11999	78	42	13153	147	0	13420
12000	59	40	216	13059	0	13374
12001	64	30	144	12910	0	13148
12002	57	37	30	12677	0	12801
12003	65	13276	33	249	0	13623
12004	13205	126	34	160	0	13525
12005	178	13816	30	63	0	14087
12006	172	133	41	13488	0	13834
12007	13234	142	31	159	0	13566
12008	147	13493	34	195	0	13869
12009	184	126	24	13572	0	13906
12010	57	172	23	13759	0	14011
12011	59	48	24	13757	0	13888
12012	56	13550	33	293	0	13932
12013	67	145	29	13813	0	14054
12014	62	155	13690	197	0	14104
12015	54	50	130	13867	0	14101
12016	62	41	159	13988	0	14250
12017	75	46	29	14906	0	15056
12018	71	52	21	15256	0	15400
12019	81	43	14950	366	0	15440
12020	63	14947	162	296	0	15468
12021	82	174	193	14903	0	15352
12022	64	207	62	15260	0	15593
12023	55	66	40	14621	0	14782
12024	58	14811	70	427	0	15366
12025	59	15363	48	315	0	15785
12026	15055	354	34	141	0	15584
12027	214	246	31	14700	0	15191
12028	217	83	14607	265	0	15172
12029	74	14531	170	270	0	15045
12030	13954	193	198	130	0	14475
12031	196	207	13866	86	0	14355
12032	213	81	13680	94	0	14068
12033	84	49	13601	87	0	13821
12034	56	109	348	12975	0	13488
12035	53	51	13375	220	0	13699
12036	32	12740	229	234	0	13235
12037	45	169	190	12215	0	12619
12038	52	158	12562	196	0	12968
12039	31	76	194	12171	0	12472
12040	12019	50	183	244	0	12496
12041	170	48	12191	233	0	12642
12042	11542	59	187	141	0	11929
12043	196	12422	185	112	0	12915
12044	12269	181	100	100	0	12650
12045	226	165	71	12159	0	12621
12046	12241	87	74	219	0	12621
12047	12108	60	74	238	0	12480
12048	11718	73	64	127	0	11982
12049	314	12201	75	102	0	12692
12050	12123	165	81	99	0	12468
12051	12070	159	79	109	0	12417
12052	350	68	11966	106	0	12490
12053	258	11888	189	92	0	12427
12054	159	188	180	11698	0	12225
12055	109	189	95	11851	0	12244
12056	114	82	96	12003	0	12295
12057	88	66	11769	360	0	12283
12058	84	59	204	11695	0	12042
12059	96	57	11866	290	0	12309
12060	11434	49	233	263	0	11979
12061	11739	67	212	161	0	12179
12062	323	70	11869	130	0	12392
12063	11658	59	203	137	0	12057
12064	11980	48	209	140	0	12377
12065	12093	59	124	120	0	12396
12066	396	73	82	11778	0	12329
12067	287	79	12080	252	0	12698
12068	171	12119	206	223	0	12719
12069	144	183	193	11865	0	12385
12070	149	180	12156	242	0	12727
12071	123	113	11814	257	0	12307
12072	11026	98	302	158	0	11584
12073	193	12146	226	168	0	12733
12074	12214	179	142	158	0	12693
12075	12123	164	119	176	0	12582
12076	311	12338	117	149	0	12915
12077	12286	179	132	124	0	12721
12078	269	168	12665	119	0	13221
12079	239	103	12354	119	0	12815
12080	187	76	12336	109	0	12708
12081	137	11929	326	92	0	12484
12082	11426	155	269	104	0	11954
12083	11280	139	171	70	0	11660
12084	297	11139	115	91	0	11642
12085	201	11476	115	102	0	11894
12086	132	263	99	11145	0	11639
12087	119	194	85	11326	0	11724
12088	11319	91	94	274	0	11778
12089	175	11413	103	229	0	11920
12090	11228	170	95	102	0	11595
12091	10815	165	73	101	0	11154
12092	290	99	10911	88	0	11388
12093	237	10676	164	71	0	11148
12094	206	199	154	10420	0	10979
12095	10382	141	103	142	0	10768
12096	238	73	95	10219	0	10625
12097	9563	61	102	137	0	9863
12098	215	49	9449	115	0	9828
12099	163	9232	165	86	0	9646
12100	111	9372	145	66	0	9694
12101	152	191	99	8338	0	8780
12102	116	9433	78	105	0	9732
12103	9353	158	79	108	0	9698
12104	135	138	9191	80	0	9544
12105	8483	103	109	82	0	8777
12106	157	83	9331	80	0	9651
12107	162	60	119	9072	0	9413
12108	139	66	113	9201	0	9519
12109	129	54	82	9374	0	9639
12110	9180	54	78	169	0	9481
12111	172	62	9385	126	0	9745
12112	147	45	104	9231	0	9527
12113	129	67	100	9046	0	9342
12114	99	9080	76	165	0	9420
12115	103	9030	51	140	0	9324
12116	95	9257	63	93	0	9508
12117	71	194	51	8334	0	8650
12118	50	147	33	7825	0	8055
12119	24	7732	16	38	0	7810
12120	19	7757	14	26	0	7816
12121	7614	37	19	13	0	7683
12122	16	33	15	7676	0	7740
12123	15	7742	8	24	0	7789
12124	7783	17	9	14	0	7823
12125	19	17	5	8026	0	8067
12126	8838	4	6	19	0	8867
12127	29	3	6	9017	0	9055
12128	38	11	9425	28	0	9502
12129	6	9460	26	45	0	9537
12130	8950	23	29	20	0	9022
12131	34	30	9539	15	0	9618
12132	28	9586	30	17	0	9661
12133	30	27	38	9652	0	9747
12134	6	22	4	9723	0	9755
12135	3	2	2	9548	0	9555
12136	3	5	0	9603	0	9611
12137	9	7	9650	47	0	9713
12138	3	9667	19	38	0	9727
12139	3	18	24	9557	0	9602
12140	9044	29	3	24	0	9100
12141	16	9667	18	36	0	9737
12142	19	23	3	10042	0	10087
12143	17	27	10089	29	0	10162
12144	5	10248	33	40	0	10326
12145	43	44	37	8724	0	8848
12146	4	10623	4	22	0	10653
12147	10657	43	3	18	0	10721
12148	10566	42	3	7	0	10618
12149	85	12	10524	7	0	10628
12150	10017	5	46	8	0	10076
12151	10473	4	46	7	0	10530
12152	94	9	10412	14	0	10529
12153	49	10628	45	8	0	10730
12154	11	46	45	10606	0	10708
12155	7	44	2	10836	0	10889
12156	10800	4	8	88	0	10900
12157	46	5	3	10707	0	10761
12158	46	13	10891	52	0	11002
12159	9515	7	52	63	0	9637
12160	51	10	10745	22	0	10828
12161	49	10767	52	21	0	10889
12162	10261	48	54	8	0	10371
12163	56	58	10657	9	0	10780
12164	58	10	10463	14	0	10545
12165	11	10640	96	25	0	10772
12166	7	54	47	10695	0	10803
12167	14	53	10513	54	0	10634
12168	18	8	58	9242	0	9326
12169	9	4	49	10410	0	10472
12170	7	10	10296	102	0	10415
12171	8	10332	54	56	0	10450
12172	12	51	45	10301	0	10409
12173	10081	49	13	50	0	10193
12174	9936	13	6	54	0	10009
12175	96	7	4	9987	0	10094
12176	53	15	10080	58	0	10206
12177	14	17	10387	47	0	10465
12178	6	10	93	10084	0	10193
12179	11	13	10143	65	0	10232
12180	9395	15	54	72	0	9536
12181	63	7	54	10185	0	10309
12182	57	11	12	10280	0	10360
12183	15	10470	15	97	0	10597
12184	14	54	10	10621	0	10699
12185	14	59	10329	64	0	10466
12186	9431	15	61	70	0	9577
12187	10139	14	54	19	0	10226
12188	115	12	10480	19	0	10626
12189	54	11	58	10874	0	10997
12190	16	15	56	11246	0	11333
12191	29	11	11292	157	0	11489
12192	15	7	83	11197	0	11302
12193	21	13	71	11403	0	11508
12194	11	11899	24	156	0	12090
12195	23	76	11	12114	0	12224
12196	19	86	11	12237	0	12353
12197	12468	14	19	179	0	12680
12198	12712	14	27	103	0	12856
12199	12923	17	10	28	0	12978
12200	12810	8	10	26	0	12854
12201	12665	13	18	21	0	12717
12202	207	17	12362	32	0	12618
12203	118	11	96	12081	0	12306
12204	33	6	107	12447	0	12593
12205	28	11	12568	192	0	12799
12206	11728	11	99	121	0	11959
12207	12196	17	104	22	0	12339
12208	203	19	12064	21	0	12307
12209	12067	11	93	32	0	12203
12210	12374	10	105	30	0	12519
12211	203	18	12465	30	0	12716
12212	128	25	113	11905	0	12171
12213	36	13074	118	98	0	13326
12214	34	106	29	13648	0	13817
12215	30	113	21	13569	0	13733
12216	34	20	12	13582	0	13648
12217	39	11	13358	237	0	13645
12218	12487	6	124	141	0	12758
12219	13279	10	121	30	0	13440
12220	224	7	33	13218	0	13482
12221	141	14	13119	129	0	13403
12222	34	26	116	12841	0	13017
12223	21	11	13378	152	0	13562
12224	33	12	13566	136	0	13747
12225	24	13842	223	40	0	14129
12226	38	98	123	12824	0	13083
12227	12871	94	32	112	0	13109
12228	12395	16	10	123	0	12544
12229	12696	7	19	31	0	12753
12230	203	7	24	12434	0	12668
12231	121	13540	17	116	0	13794
12232	34	107	16	13800	0	13957
12233	29	121	14299	133	0	14582
12234	14822	21	118	150	0	15111
12235	16244	10	130	44	0	16428
12236	286	12	27	16428	0	16753
12237	185	9	22	16520	0	16736
12238	42	21	14	16773	0	16850
12239	38	14	16411	325	0	16788
12240	13226	14	160	279	0	13679
12241	157	16263	174	58	0	16652
12242	162	15719	43	36	0	15960
12243	42	251	15906	32	0	16231
12244	41	203	127	15384	0	15755
12245	20	25	15944	144	0	16133
12246	14459	16	155	174	0	14804
12247	139	15	147	15308	0	15609
12248	187	23	15410	119	0	15739
12249	47	15789	126	213	0	16175
12250	15320	110	154	53	0	15637
12251	155	158	16114	46	0	16473
12252	171	15923	137	53	0	16284
12253	43	16187	170	45	0	16445
12254	16173	252	35	44	0	16504
12255	146	167	21	16165	0	16499
12256	188	37	16681	152	0	17058
12257	39	16756	143	205	0	17143
12258	16437	121	177	58	0	16793
12259	16550	169	47	28	0	16794
12260	296	16756	46	41	0	17139
12261	201	135	16965	57	0	17358
12262	44	171	149	16929	0	17293
12263	17114	33	187	144	0	17478
12264	17076	18	44	187	0	17325
12265	298	21	17055	55	0	17429
12266	202	39	140	16278	0	16659
12267	49	27	183	16993	0	17252
12268	69	30	17122	286	0	17507
12269	70	39	16767	200	0	17076
12270	16695	21	305	53	0	17074
12271	17290	38	200	49	0	17577
12272	17475	33	45	47	0	17600
12273	17456	26	42	61	0	17585
12274	320	37	17119	50	0	17526
12275	16949	28	161	60	0	17198
12276	185	31	193	16863	0	17272
12277	224	49	17313	161	0	17747
12278	89	30	17273	212	0	17604
12279	53	17264	321	88	0	17726
12280	56	144	217	16852	0	17269
12281	83	187	17212	162	0	17644
12282	16217	48	178	204	0	16647
12283	189	61	221	14730	0	15201
12284	200	17251	69	133	0	17653
12285	17339	130	70	187	0	17726
12286	17310	167	70	76	0	17623
12287	331	53	17417	67	0	17868
12288	224	17117	170	62	0	17573
12289	85	116	192	16501	0	16894
12290	16436	170	56	149	0	16811
12291	162	59	71	16397	0	16689
12292	213	65	16104	131	0	16513
12293	13929	51	129	192	0	14301
12294	132	15787	178	72	0	16169
12295	177	15326	61	62	0	15626
12296	70	15931	84	52	0	16137
12297	15648	229	146	49	0	16072
12298	15477	157	59	44	0	15737
12299	15680	50	42	38	0	15810
12300	256	27	62	15392	0	15737
12301	180	39	15592	131	0	15942
12302	78	50	129	15615	0	15872
12303	15698	34	173	127	0	16032
12304	163	36	52	15889	0	16140
12305	16269	28	49	132	0	16478
12306	16112	42	62	161	0	16377
12307	16030	30	63	59	0	16182
12308	251	16188	61	59	0	16559
12309	16082	104	61	37	0	16284
12310	170	157	16007	24	0	16358
12311	199	56	16021	46	0	16322
12312	70	15721	240	34	0	16065
12313	140	101	182	14861	0	15284
12314	14790	122	44	95	0	15051
12315	129	40	14748	138	0	15055
12316	14065	27	125	41	0	14258
12317	142	24	140	14229	0	14535
12318	142	14926	62	112	0	15242
12319	45	98	55	15196	0	15394
12320	60	138	15205	101	0	15504
12321	13707	30	113	152	0	14002
12322	141	39	15500	54	0	15734
12323	171	49	14924	21	0	15165
12324	13924	32	190	42	0	14188
12325	122	14388	140	42	0	14692
12326	14728	100	36	28	0	14892
12327	14706	109	40	37	0	14892
12328	232	39	14509	35	0	14815
12329	13925	24	138	43	0	14130
12330	140	54	14391	44	0	14629
12331	145	21	13497	48	0	13711
12332	85	39	13696	29	0	13849
12333	45	12932	188	41	0	13206
12334	11461	130	382	23	0	11996
12335	11213	80	40	19	0	11352
12336	11182	4	7	15	0	11208
12337	11201	6	24	12	0	11243
12338	95	10	11277	15	0	11397
12339	57	7	48	11064	0	11176
12340	21	6	58	11449	0	11534
12341	11383	8	12	87	0	11490
12342	48	11453	20	48	0	11569
12343	54	32	15	11268	0	11369
12344	11151	47	15	42	0	11255
12345	50	17	11507	54	0	11628
12346	58	8	43	11218	0	11327
12347	25	12	11613	52	0	11702
12348	14	11427	55	77	0	11573
12349	42	65	58	10833	0	10998
12350	10766	45	9	42	0	10862
12351	42	8	10	10956	0	11016
12352	53	13	10996	53	0	11115
12353	11	11030	44	65	0	11150
12354	10721	38	47	21	0	10827
12355	53	52	10898	18	0	11021
12356	10163	4	71	14	0	10252
12357	44	10983	51	28	0	11106
12358	11045	49	26	16	0	11136
12359	11115	51	3	18	0	11187
12360	99	7	8	11220	0	11334
12361	70	10	11351	63	0	11494
12362	13	11438	56	59	0	11566
12363	12	76	61	11847	0	11996
12364	11	62	9	12060	0	12142
12365	14	11	7	12859	0	12891
12366	13	4	10	13319	0	13346
12367	12	15117	15	175	0	15319
12368	15626	103	13	102	0	15844
12369	117	15850	13	19	0	15999
12370	154	134	7	16444	0	16739
12371	16677	154	7	149	0	16987
12372	160	9	9	16771	0	16949
12373	192	14	16732	179	0	17117
12374	22	16800	157	197	0	17176
12375	28	151	198	16546	0	16923
12376	25	182	17	17003	0	17227
12377	16264	18	16	335	0	16633
12378	162	22	16327	198	0	16709
12379	15913	11	158	60	0	16142
12380	16191	21	176	33	0	16421
12381	16295	26	28	25	0	16374
12382	372	26	16149	26	0	16573
12383	203	24	158	15618	0	16003
12384	46	11	181	15944	0	16182
12385	37	22	16077	343	0	16479
12386	33	27	16099	220	0	16379
12387	15865	22	352	43	0	16282
12388	194	21	198	16350	0	16763
12389	16674	12	43	210	0	16939
12390	16838	22	31	223	0	17114
12391	391	28	25	16695	0	17139
12392	252	15	17688	213	0	18168
12393	16345	17	215	250	0	16827
12394	246	14	225	17857	0	18342
12395	259	27	17928	241	0	18455
12396	74	17737	218	264	0	18293
12397	17336	210	230	64	0	17840
12398	239	17858	58	61	0	18216
12399	299	242	45	15035	0	15621
12400	82	17918	52	216	0	18268
12401	17316	230	44	241	0	17831
12402	17348	242	50	88	0	17728
12403	453	17447	50	109	0	18059
12404	17425	216	53	86	0	17780
12405	16983	233	43	96	0	17355
12406	460	16880	70	77	0	17487
12407	17027	229	33	95	0	17384
12408	289	222	61	16708	0	17280
12409	301	55	61	16916	0	17333
12410	16872	39	68	448	0	17427
12411	301	37	54	15559	0	15951
12412	304	16414	61	238	0	17017
12413	16363	219	54	255	0	16891
12414	16057	243	60	92	0	16452
12415	474	16402	63	100	0	17039
12416	16566	227	64	82	0	16939
12417	16558	243	72	60	0	16933
12418	506	65	56	16126	0	16753
12419	343	61	16076	285	0	16765
12420	132	15996	235	280	0	16643
12421	16098	214	248	105	0	16665
12422	16063	244	62	107	0	16476
12423	501	94	15761	89	0	16445
12424	15841	53	237	86	0	16217
12425	335	70	15705	104	0	16214
12426	15577	77	257	76	0	15987
12427	329	75	245	15457	0	16106
12428	313	100	15487	275	0	16175
12429	155	109	15572	291	0	16127
12430	138	103	422	15080	0	15743
12431	130	107	263	15126	0	15626
12432	139	90	14784	475	0	15488
12433	176	79	236	14742	0	15233
12434	164	114	15039	273	0	15590
12435	211	77	249	14632	0	15169
12436	181	98	258	14193	0	14730
12437	181	14364	91	445	0	15081
12438	196	14291	72	316	0	14875
12439	165	14761	88	159	0	15173
12440	175	449	76	14338	0	15038
12441	166	278	86	14602	0	15132
12442	157	91	14251	550	0	15049
12443	13561	73	258	333	0	14225
12444	14248	82	268	147	0	14745
12445	541	13956	117	125	0	14739
12446	14162	228	89	114	0	14593
12447	365	255	83	13832	0	14535
12448	14186	83	102	264	0	14635
12449	14121	59	97	306	0	14583
12450	519	92	73	13864	0	14548
12451	13366	78	116	275	0	13835
12452	312	13095	107	304	0	13818
12453	330	13287	110	132	0	13859
12454	182	433	106	12111	0	12832
12455	172	13275	110	255	0	13812
12456	167	268	96	12624	0	13155
12457	194	255	75	12836	0	13360
12458	12522	94	91	447	0	13154
12459	322	12374	96	313	0	13105
12460	12244	222	111	138	0	12715
12461	11708	240	98	130	0	12176
12462	447	11966	106	132	0	12651
12463	11628	215	72	141	0	12056
12464	313	236	11327	144	0	12020
12465	254	10552	219	127	0	11152
12466	9622	202	206	110	0	10140
12467	193	154	8265	80	0	8692
12468	150	7320	143	65	0	7678
12469	58	7518	180	72	0	7828
12470	6519	153	139	47	0	6858
12471	6424	92	21	44	0	6581
12472	6481	36	14	37	0	6568
12473	181	6384	33	30	0	6628
12474	103	92	22	6388	0	6605
12475	6438	88	27	98	0	6651
12476	6455	35	30	94	0	6614
12477	170	31	19	6367	0	6587
12478	110	38	6428	111	0	6687
12479	55	31	6453	88	0	6627
12480	51	27	160	6323	0	6561
12481	38	30	91	6520	0	6679
12482	51	24	6497	176	0	6748
12483	47	35	97	6098	0	6277
12484	49	6453	91	95	0	6688
12485	6237	80	39	86	0	6442
12486	101	89	26	6148	0	6364
12487	5927	24	32	92	0	6075
12488	93	6001	39	85	0	6218
12489	85	6020	29	40	0	6174
12490	5772	105	25	29	0	5931
12491	83	59	5709	38	0	5889
12492	4422	105	69	30	0	4626
12493	43	4701	45	27	0	4816
12494	31	31	29	4180	0	4271
12495	4119	18	23	28	0	4188
12496	32	13	6	4109	0	4160
12497	4220	6	8	45	0	4279
12498	4131	10	9	33	0	4183
12499	47	4387	3	18	0	4455
12500	4252	26	7	7	0	4292
12501	28	4259	0	11	0	4298
12502	4253	22	2	7	0	4284
12503	23	17	3	4205	0	4248
12504	4304	9	5	19	0	4337
12505	22	9	4	4406	0	4441
12506	4662	6	6	22	0	4696
12507	4730	6	2	25	0	4763
12508	4784	8	9	9	0	4810
12509	4817	4	5	7	0	4833
12510	4842	2	4	10	0	4858
12511	37	5	2	4857	0	4901
12512	4810	5	3	22	0	4840
12513	20	4771	6	24	0	4821
12514	31	19	4789	9	0	4848
12515	15	20	13	4646	0	4694
12516	15	5	4933	18	0	4971
12517	9	2	20	4973	0	5004
12518	9	6	5200	34	0	5249
12519	4896	5	16	20	0	4937
12520	22	3	21	5204	0	5250
12521	27	6	5226	20	0	5279
12522	11	5	5447	19	0	5482
12523	10	4	36	5422	0	5472
12524	6122	3	22	32	0	6179
12525	29	6499	8	32	0	6568
12526	6483	31	3	5	0	6522
12527	6387	37	4	9	0	6437
12528	62	6493	8	15	0	6578
12529	6824	25	4	14	0	6867
12530	31	36	2	6798	0	6867
12531	43	5	4	6846	0	6898
12532	13	5	2	6958	0	6978
12533	6881	3	4	66	0	6954
12534	34	7044	6	46	0	7130
12535	46	32	5	7146	0	7229
12536	10	39	5	7233	0	7287
12537	7170	6	6	75	0	7257
12538	38	7	6	7165	0	7216
12539	56	14	7546	48	0	7664
12540	11	8110	48	64	0	8233
12541	8130	64	54	10	0	8258
12542	73	79	7	7679	0	7838
12543	78	8407	8	70	0	8563
12544	8307	67	16	74	0	8464
12545	79	75	8329	21	0	8504
12546	78	8353	69	18	0	8518
12547	8377	69	71	15	0	8532
12548	71	77	9	8308	0	8465
12549	78	10	8	8363	0	8459
12550	21	13	8378	139	0	8551
12551	18	8	64	8224	0	8314
12552	22	13	9221	79	0	9335
12553	23	10	8836	90	0	8959
12554	17	14	9347	16	0	9394
12555	8978	16	139	20	0	9153
12556	9235	10	77	15	0	9337
12557	9548	12	14	12	0	9586
12558	135	11	15	9177	0	9338
12559	82	9504	19	73	0	9678
12560	21	9728	9	78	0	9836
12561	9793	119	9	22	0	9943
12562	9599	77	12	18	0	9706
12563	122	9818	10	22	0	9972
12564	9614	62	16	14	0	9706
12565	78	73	9478	19	0	9648
12566	79	15	9538	15	0	9647
12567	19	13	125	8814	0	8971
12568	13	16	86	9710	0	9825
12569	26	11	9769	125	0	9931
12570	21	9	67	9366	0	9463
12571	9627	9	73	68	0	9777
12572	73	14	9678	76	0	9841
12573	9243	11	70	17	0	9341
12574	76	13	70	9660	0	9819
12575	84	5	10216	75	0	10380
12576	17	10413	75	86	0	10591
12577	10406	65	79	20	0	10570
12578	85	80	10267	21	0	10453
12579	9938	10	83	21	0	10052
12580	81	14	81	10221	0	10397
12581	10263	10	17	74	0	10364
12582	81	16	10980	86	0	11163
12583	90	8	77	10952	0	11127
12584	11457	9	78	85	0	11629
12585	11682	16	14	80	0	11792
12586	12150	10	19	22	0	12201
12587	12245	10	19	17	0	12291
12588	160	23	14	11878	0	12075
12589	114	9	15	11957	0	12095
12590	42	27	12164	163	0	12396
12591	38	21	80	11965	0	12104
12592	45	9	88	11709	0	11851
12593	25	12435	29	166	0	12655
12594	12436	84	29	92	0	12641
12595	12708	85	20	35	0	12848
12596	161	13428	29	38	0	13656
12597	100	99	22	13296	0	13517
12598	42	98	22	13503	0	13665
12599	13100	15	22	208	0	13345
12600	117	22	14217	133	0	14489
12601	127	14	108	14228	0	14477
12602	45	18	14584	134	0	14781
12603	13696	12	112	135	0	13955
12604	14564	13	130	27	0	14734
12605	14776	25	25	36	0	14862
12606	230	6	17	14467	0	14720
12607	142	17	20	14493	0	14672
12608	14480	23	20	212	0	14735
12609	142	25	14437	126	0	14730
12610	127	24	108	14302	0	14561
12611	14384	24	108	128	0	14644
12612	135	13	23	14462	0	14633
12613	146	18	15595	123	0	15882
12614	47	28	15275	128	0	15478
12615	14347	18	208	48	0	14621
12616	117	15593	133	57	0	15900
12617	15925	85	52	40	0	16102
12618	15999	102	25	54	0	16180
12619	216	16	32	16031	0	16295
12620	129	23	31	15769	0	15952
12621	55	15971	36	197	0	16259
12622	15806	89	27	123	0	16045
12623	118	16388	43	51	0	16600
12624	120	16113	25	57	0	16315
12625	41	163	16	15702	0	15922
12626	15717	85	34	96	0	15932
12627	16006	19	17	105	0	16147
12628	176	20	19	15850	0	16065
12629	124	13	14	15608	0	15759
12630	53	13	25	15725	0	15816
12631	15342	8	17	199	0	15566
12632	124	13	15584	128	0	15849
12633	111	15629	100	44	0	15884
12634	15460	73	82	45	0	15660
12635	118	82	37	15353	0	15590
12636	119	23	15497	116	0	15755
12637	55	16	15440	124	0	15635
12638	35	15626	169	50	0	15880
12639	47	15823	101	48	0	16019
12640	106	146	33	14798	0	15083
12641	37	14584	30	76	0	14727
12642	35	69	14	14784	0	14902
12643	25	57	13	14979	0	15074
12644	14912	13	30	118	0	15073
12645	80	16	15	15035	0	15146
12646	82	13	13	15142	0	15250
12647	40	26	15140	120	0	15326
12648	39	16	56	15124	0	15235
12649	15179	15	62	88	0	15344
12650	15245	15	21	81	0	15362
12651	115	16007	21	52	0	16195
12652	15506	70	15	38	0	15629
12653	98	79	15659	45	0	15881
12654	95	15835	79	48	0	16057
12655	39	74	81	15969	0	16163
12656	38	78	24	16286	0	16426
12657	39	17	17	16316	0	16389
12658	16343	19	23	165	0	16550
12659	14757	23	44	114	0	14938
12660	148	33	16144	50	0	16375
12661	107	38	15929	38	0	16112
12662	63	24	16442	52	0	16581
12663	35	16672	150	55	0	16912
12664	40	16992	96	43	0	17171
12665	16953	160	22	51	0	17186
12666	16644	95	23	58	0	16820
12667	184	26	20	17205	0	17435
12668	114	27	21	16728	0	16890
12669	36	17422	25	196	0	17679
12670	45	87	23	17676	0	17831
12671	55	117	17487	132	0	17791
12672	35	17632	102	163	0	17932
12673	33	100	103	17615	0	17851
12674	58	111	18320	116	0	18605
12675	58	44	97	16398	0	16597
12676	41	17682	109	98	0	17930
12677	18153	105	26	112	0	18396
12678	18107	107	13	59	0	18286
12679	18460	29	24	56	0	18569
12680	190	40	24	18570	0	18824
12681	121	28	26	18656	0	18831
12682	18527	38	18	230	0	18813
12683	118	18528	33	156	0	18835
12684	19052	105	26	73	0	19256
12685	138	123	19643	50	0	19954
12686	19448	34	147	49	0	19678
12687	19821	17	136	53	0	20027
12688	280	27	28	19552	0	19887
12689	20274	27	29	155	0	20485
12690	20032	27	28	161	0	20248
12691	276	34	22	20394	0	20726
12692	173	38	20533	155	0	20899
12693	18382	25	165	171	0	18743
12694	173	37	20814	52	0	21076
12695	145	21155	154	47	0	21501
12696	59	151	161	20779	0	21150
12697	38	137	26	21168	0	21369
12698	22392	23	24	286	0	22725
12699	168	40	23031	169	0	23408
12700	182	73	168	20097	0	20520
12701	35	22528	190	172	0	22925
12702	35	22137	37	201	0	22410
12703	38	354	35	22150	0	22577
12704	51	193	22336	184	0	22764
12705	48	44	178	22124	0	22394
12706	53	40	190	21633	0	21916
12707	47	43	21665	360	0	22115
12708	35	22377	173	240	0	22825
12709	20926	197	200	74	0	21397
12710	166	22492	53	85	0	22796
12711	213	187	38	21551	0	21989
12712	20753	216	34	198	0	21201
12713	175	20769	57	268	0	21269
12714	226	177	21135	86	0	21624
12715	19631	203	205	86	0	20125
12716	178	21497	219	101	0	21995
12717	21259	197	49	50	0	21555
12718	228	224	20856	64	0	21372
12719	20222	37	206	66	0	20531
12720	229	48	213	20184	0	20674
12721	244	46	20950	232	0	21472
12722	69	61	189	19536	0	19855
12723	72	20187	219	217	0	20695
12724	93	187	53	20523	0	20856
12725	91	214	47	20181	0	20533
12726	97	59	20149	374	0	20679
12727	89	49	192	19975	0	20305
12728	97	78	18094	238	0	18507
12729	81	20125	167	291	0	20664
12730	88	206	195	19917	0	20406
12731	129	219	20333	241	0	20922
12732	107	20402	207	267	0	20983
12733	89	20740	242	124	0	21195
12734	108	371	20507	115	0	21101
12735	128	229	20485	95	0	20937
12736	100	76	369	19949	0	20494
12737	20081	61	244	227	0	20613
12738	251	20200	59	283	0	20793
12739	279	209	68	19472	0	20028
12740	19638	219	58	234	0	20149
12741	252	19981	73	301	0	20607
12742	20007	205	75	107	0	20394
12743	281	20413	66	99	0	20859
12744	20430	207	54	94	0	20785
12745	20299	231	67	124	0	20721
12746	20483	60	78	109	0	20730
12747	480	21502	80	128	0	22190
12748	336	226	81	21566	0	22209
12749	204	278	21258	306	0	22046
12750	163	21073	273	361	0	21870
12751	214	286	282	20397	0	21179
12752	209	286	101	20381	0	20977
12753	198	81	19845	468	0	20592
12754	179	19345	267	325	0	20116
12755	19009	230	306	121	0	19666
12756	321	19198	84	163	0	19766
12757	318	218	86	18864	0	19486
12758	138	252	18936	302	0	19628
12759	17594	79	274	311	0	18258
12760	268	82	278	19023	0	19651
12761	267	91	18862	303	0	19523
12762	17068	100	283	313	0	17764
12763	236	18223	266	169	0	18894
12764	18278	256	152	145	0	18831
12765	18087	310	72	161	0	18630
12766	396	102	77	18147	0	18722
12767	250	112	18064	306	0	18732
12768	104	17998	233	310	0	18645
12769	70	278	17821	130	0	18299
12770	54	337	238	17017	0	17646
12771	62	156	263	17676	0	18157
12772	17238	126	100	446	0	17910
12773	206	121	17322	353	0	18002
12774	247	16787	292	147	0	17473
12775	104	239	255	16598	0	17196
12776	99	309	82	17012	0	17502
12777	16486	116	97	390	0	17089
12778	241	16749	87	287	0	17364
12779	285	238	55	16101	0	16679
12780	15569	281	56	215	0	16121
12781	187	15707	90	258	0	16242
12782	15344	175	47	67	0	15633
12783	14991	241	68	48	0	15348
12784	358	14803	91	64	0	15316
12785	13251	133	45	25	0	13454
12786	142	13463	44	45	0	13694
12787	13348	120	55	44	0	13567
12788	13055	173	44	42	0	13314
12789	271	13107	42	61	0	13481
12790	12733	110	25	38	0	12906
12791	12749	172	32	38	0	12991
12792	12799	35	30	46	0	12910
12793	264	36	12593	47	0	12940
12794	172	33	11933	32	0	12170
12795	50	33	11866	23	0	11972
12796	11418	37	278	31	0	11764
12797	110	36	11436	43	0	11625
12798	123	20	9751	23	0	9917
12799	41	59	168	8834	0	9102
12800	9121	17	113	66	0	9317
12801	75	21	9246	108	0	9450
12802	108	25	9611	66	0	9810
12803	46	15	162	9281	0	9504
12804	28	23	110	9532	0	9693
12805	32	15	21	9759	0	9827
12806	41	20	9645	167	0	9873
12807	30	23	75	9603	0	9731
12808	9432	14	106	90	0	9642
12809	80	9633	24	128	0	9865
12810	124	77	11	9597	0	9809
12811	40	105	22	9761	0	9928
12812	38	43	9846	171	0	10098
12813	36	9639	84	128	0	9887
12814	9492	86	106	35	0	9719
12815	87	9744	39	46	0	9916
12816	164	101	22	9625	0	9912
12817	42	121	9713	112	0	9988
12818	38	39	103	10113	0	10293
12819	32	24	127	10246	0	10429
12820	10338	26	43	206	0	10613
12821	110	18	34	10075	0	10237
12822	145	10317	45	115	0	10622
12823	44	10723	48	144	0	10959
12824	42	206	10878	50	0	11176
12825	10615	144	108	43	0	10910
12826	121	27	149	10847	0	11144
12827	157	24	40	10927	0	11148
12828	59	19	32	11163	0	11273
12829	11111	23	39	243	0	11416
12830	117	11372	44	190	0	11723
12831	11389	109	40	47	0	11585
12832	128	137	10939	45	0	11249
12833	155	29	10856	46	0	11086
12834	11023	24	248	31	0	11326
12835	129	19	171	11149	0	11468
12836	154	22	46	11371	0	11593
12837	45	15	52	11578	0	11690
12838	24	22	11460	266	0	11772
12839	11132	16	124	183	0	11455
12840	11445	21	155	66	0	11687
12841	11146	17	47	66	0	11276
12842	248	39	43	10850	0	11180
12843	170	31	10789	142	0	11132
12844	53	35	10574	180	0	10842
12845	63	26	10948	71	0	11108
12846	35	10487	229	57	0	10808
12847	100	90	196	9204	0	9590
12848	9219	104	33	95	0	9451
12849	91	27	9298	132	0	9548
12850	9320	26	85	50	0	9481
12851	96	22	115	9435	0	9668
12852	114	29	38	9244	0	9425
12853	44	9255	34	172	0	9505
12854	39	9419	37	140	0	9635
12855	31	9695	39	53	0	9818
12856	38	151	37	9585	0	9811
12857	9566	101	30	100	0	9797
12858	9485	30	30	132	0	9677
12859	181	29	9498	42	0	9750
12860	9221	14	91	49	0	9375
12861	107	19	9464	51	0	9641
12862	129	23	84	9273	0	9509
12863	41	24	9451	109	0	9625
12864	9076	15	106	133	0	9330
12865	99	15	132	9251	0	9497
12866	124	28	9660	95	0	9907
12867	48	17	9394	138	0	9597
12868	8985	16	178	60	0	9239
12869	9455	18	131	43	0	9647
12870	174	9653	42	62	0	9931
12871	111	64	43	9660	0	9878
12872	38	99	9691	113	0	9941
12873	44	29	9566	135	0	9774
12874	38	61	159	9421	0	9679
12875	9585	24	116	102	0	9827
12876	94	9609	38	121	0	9862
12877	102	78	37	9659	0	9876
12878	9663	86	35	100	0	9884
12879	95	25	37	9512	0	9669
12880	118	9689	41	100	0	9948
12881	51	68	36	9835	0	9990
12882	9657	93	42	110	0	9902
12883	99	28	42	9812	0	9981
12884	9838	16	44	99	0	9997
12885	96	10081	51	118	0	10346
12886	10096	68	43	61	0	10268
12887	101	85	9896	58	0	10140
12888	9525	19	106	57	0	9707
12889	9881	26	119	32	0	10058
12890	166	10055	37	51	0	10309
12891	106	119	39	9658	0	9922
12892	49	85	9773	82	0	9989
12893	38	35	9534	103	0	9710
12894	8818	73	149	44	0	9084
12895	8736	24	88	34	0	8882
12896	106	9049	29	59	0	9243
12897	96	9184	29	49	0	9358
12898	9102	106	32	30	0	9270
12899	67	9201	40	31	0	9339
12900	102	9383	25	27	0	9537
12901	53	97	48	9207	0	9405
12902	27	74	24	8952	0	9077
12903	26	15	9076	137	0	9254
12904	48	20	54	8979	0	9101
12905	8906	15	77	72	0	9070
12906	79	17	8997	94	0	9187
12907	103	18	8995	33	0	9149
12908	51	27	112	8633	0	8823
12909	46	10	84	9046	0	9186
12910	40	19	32	9116	0	9207
12911	33	22	8971	115	0	9141
12912	26	20	58	8547	0	8651
12913	29	17	89	8887	0	9022
12914	8749	10	31	93	0	8883
12915	54	8805	36	62	0	8957
12916	8685	46	14	22	0	8767
12917	58	52	8784	29	0	8923
12918	7496	11	32	16	0	7555
12919	33	8487	43	23	0	8586
12920	7912	16	21	6	0	7955
12921	11	7887	10	18	0	7926
12922	7505	11	17	9	0	7542
12923	13	7344	7	7	0	7371
12924	18	7265	2	10	0	7295
12925	24	26	13	7209	0	7272
12926	7307	13	5	17	0	7342
12927	7275	5	2	13	0	7295
12928	7326	5	3	5	0	7339
12929	22	11	7278	4	0	7315
12930	18	10	7241	3	0	7272
12931	5	7	24	7233	0	7269
12932	6	7568	16	16	0	7606
12933	2	7693	6	19	0	7720
12934	9	25	2	7205	0	7241
12935	7327	13	1	11	0	7352
12936	7394	2	3	11	0	7410
12937	7401	0	5	2	0	7408
12938	25	4	7471	5	0	7505
12939	14	3	12	7474	0	7503
12940	4	5	7667	19	0	7695
12941	7580	3	19	20	0	7622
12942	7743	3	16	4	0	7766
12943	37	1	7768	5	0	7811
12944	19	2	12	7781	0	7814
12945	7736	7	19	18	0	7780
12946	18	1	3	7997	0	8019
12947	25	1	2	8082	0	8110
12948	6	2	3	8740	0	8751
12949	9119	5	4	55	0	9183
12950	47	3	1	9823	0	9874
12951	9831	5	3	54	0	9893
12952	44	10943	9	55	0	11051
12953	59	61	4	11807	0	11931
12954	15	63	2	11800	0	11880
12955	10	6	4	11334	0	11354
12956	11554	3	8	131	0	11696
12957	71	3	5	11569	0	11648
12958	90	3	2	10292	0	10387
12959	11727	6	5	118	0	11856
12960	11706	4	3	65	0	11778
12961	11608	9	7	12	0	11636
12962	143	9	11583	8	0	11743
12963	83	11	11057	11	0	11162
12964	11411	7	121	10	0	11549
12965	84	6	67	11672	0	11829
12966	82	5	8	10504	0	10599
12967	11678	1	10	132	0	11821
12968	11439	8	7	76	0	11530
12969	10772	8	5	21	0	10806
12970	137	11200	11	40	0	11388
12971	11434	63	6	12	0	11515
12972	10736	70	8	17	0	10831
12973	140	11329	12	18	0	11499
12974	76	10895	12	28	0	11011
12975	51	122	7	10096	0	10276
12976	11693	65	9	65	0	11832
12977	11603	8	9	75	0	11695
12978	11424	7	10	30	0	11471
12979	160	7	12	11173	0	11352
12980	11382	4	8	88	0	11482
12981	95	7	11495	91	0	11688
12982	10921	13	75	33	0	11042
12983	98	14	11636	26	0	11774
12984	93	8	11093	30	0	11224
12985	43	5	130	10902	0	11080
12986	10828	4	82	89	0	11003
12987	79	16	17	10909	0	11021
12988	91	11	11221	96	0	11419
12989	33	12	11047	104	0	11196
12990	38	20	126	10858	0	11042
12991	10435	25	81	97	0	10638
12992	90	11077	18	101	0	11286
12993	99	61	19	11226	0	11405
12994	64	77	9	11249	0	11399
12995	59	15	11574	170	0	11818
12996	45	15	11258	111	0	11429
12997	46	8	150	11379	0	11583
12998	11311	5	95	109	0	11520
12999	125	22	11287	115	0	11549
13000	134	14	73	11255	0	11476
13001	63	17	84	11364	0	11528
13002	65	8	30	11292	0	11395
13003	11139	11	26	194	0	11370
13004	121	31	9854	152	0	10158
13005	122	11261	64	117	0	11564
13006	72	74	60	11417	0	11623
13007	97	73	11445	164	0	11779
13008	97	11393	90	154	0	11734
13009	105	11601	103	104	0	11913
13010	11529	152	42	86	0	11809
13011	154	11646	30	105	0	11935
13012	11683	94	36	129	0	11942
13013	162	91	11485	161	0	11899
13014	160	40	89	11567	0	11856
13015	11564	24	91	244	0	11923
13016	192	11699	31	265	0	12187
13017	205	101	11589	187	0	12082
13018	182	110	98	10256	0	10646
13019	174	11646	108	190	0	12118
13020	161	102	57	11908	0	12228
13021	11751	108	71	196	0	12126
13022	193	12022	77	217	0	12509
13023	12105	95	56	142	0	12398
13024	12116	91	56	142	0	12405
13025	331	45	12057	133	0	12566
13026	291	12509	131	110	0	13041
13027	200	141	150	12897	0	13388
13028	232	125	13394	142	0	13893
13029	224	66	14374	148	0	14812
13030	187	90	268	14376	0	14921
13031	14954	51	210	152	0	15367
13032	14582	70	66	207	0	14925
13033	402	52	38	14864	0	15356
13034	305	58	15161	188	0	15712
13035	162	15191	145	209	0	15707
13036	15501	160	171	78	0	15910
13037	15290	193	39	59	0	15581
13038	400	15608	55	71	0	16134
13039	15717	154	42	58	0	15971
13040	253	195	15371	55	0	15874
13041	15067	39	173	67	0	15346
13042	14453	39	232	61	0	14785
13043	357	40	15350	56	0	15803
13044	249	22	184	14800	0	15255
13045	133	21	15279	186	0	15619
13046	97	14835	229	209	0	15370
13047	74	14892	259	113	0	15338
13048	91	370	87	13565	0	14113
13049	66	151	13767	169	0	14153
13050	41	12968	149	152	0	13310
13051	26	12636	148	56	0	12866
13052	11155	210	41	23	0	11429
13053	11060	99	22	20	0	11201
13054	160	15	16	11217	0	11408
13055	109	17	16	10707	0	10849
13056	21	11404	11	160	0	11596
13057	10977	70	10	114	0	11171
13058	11162	101	14	19	0	11296
13059	168	11358	18	42	0	11586
13060	114	78	9	11431	0	11632
13061	30	112	11431	73	0	11646
13062	29	16	78	11363	0	11486
13063	11448	14	108	81	0	11651
13064	84	16	21	11529	0	11650
13065	109	17	13	11658	0	11797
13066	11675	12	16	175	0	11878
13067	84	9	22	11312	0	11427
13068	119	11551	21	84	0	11775
13069	33	79	19	11723	0	11854
13070	24	123	21	11685	0	11853
13071	27	28	13	11285	0	11353
13072	29	11675	19	190	0	11913
13073	24	89	22	11575	0	11710
13074	36	130	11433	112	0	11711
13075	29	27	82	11306	0	11444
13076	36	26	11372	111	0	11545
13077	31	11272	97	151	0	11551
13078	39	106	129	11370	0	11644
13079	32	118	20	11407	0	11577
13080	35	26	23	11486	0	11570
13081	31	27	15	11399	0	11472
13082	40	35	11219	223	0	11517
13083	35	11143	102	165	0	11445
13084	41	94	130	11207	0	11472
13085	46	137	11388	124	0	11695
13086	38	46	99	11409	0	11592
13087	11418	21	147	121	0	11707
13088	126	32	11303	160	0	11621
13089	10970	26	117	60	0	11173
13090	139	25	142	11334	0	11640
13091	180	27	11419	131	0	11757
13092	62	11235	124	197	0	11618
13093	61	122	156	11096	0	11435
13094	70	163	11483	139	0	11855
13095	64	11362	129	176	0	11731
13096	67	123	161	11219	0	11570
13097	11308	177	55	135	0	11675
13098	11447	50	43	173	0	11713
13099	11635	43	47	67	0	11792
13100	285	47	11383	81	0	11796
13101	212	11557	131	59	0	11959
13102	75	121	177	11469	0	11842
13103	69	171	68	11996	0	12304
13104	12267	53	56	277	0	12653
13105	135	12555	64	217	0	12971
13106	12678	159	50	72	0	12959
13107	12387	205	42	74	0	12708
13108	12739	66	48	78	0	12931
13109	295	76	12537	71	0	12979
13110	12601	74	135	67	0	12877
13111	157	50	194	12733	0	13134
13112	230	50	44	12744	0	13068
13113	12676	51	33	332	0	13092
13114	151	53	28	12493	0	12725
13115	218	12483	37	164	0	12902
13116	66	138	24	12390	0	12618
13117	11953	199	19	189	0	12360
13118	156	64	11950	237	0	12407
13119	215	11834	133	94	0	12276
13120	62	122	185	11661	0	12030
13121	11609	191	37	168	0	12005
13122	146	40	11648	237	0	12071
13123	209	137	161	11395	0	11902
13124	80	31	11626	191	0	11928
13125	96	30	11139	232	0	11497
13126	109	33	10778	83	0	11003
13127	67	26	10632	76	0	10801
13128	54	41	10034	73	0	10202
13129	8171	125	314	44	0	8654
13130	76	8480	115	51	0	8722
13131	8096	50	49	22	0	8217
13132	7882	96	19	21	0	8018
13133	147	8057	13	22	0	8239
13134	92	8189	13	21	0	8315
13135	8118	129	16	20	0	8283
13136	8050	88	5	24	0	8167
13137	138	12	9	7742	0	7901
13138	95	7979	13	51	0	8138
13139	8052	50	6	93	0	8201
13140	57	8115	14	25	0	8211
13141	96	65	13	8039	0	8213
13142	8165	79	13	53	0	8310
13143	8080	14	14	100	0	8208
13144	132	17	14	8099	0	8262
13145	97	18	10	8104	0	8229
13146	33	5	8076	141	0	8255
13147	16	10	58	7863	0	7947
13148	26	20	8217	65	0	8328
13149	18	10	59	7817	0	7904
13150	19	11	95	7929	0	8054
13151	7901	8	30	135	0	8074
13152	7762	9	20	103	0	7894
13153	135	17	7837	25	0	8014
13154	7562	8	56	20	0	7646
13155	63	13	99	7732	0	7907
13156	108	14	7873	59	0	8054
13157	27	11	63	7785	0	7886
13158	28	15	99	8196	0	8338
13159	29	21	8276	138	0	8464
13160	23	7	64	8304	0	8398
13161	35	13	8865	66	0	8979
13162	17	17	71	9206	0	9311
13163	9730	18	108	83	0	9939
13164	100	10037	27	161	0	10325
13165	10263	93	10	35	0	10401
13166	98	10707	21	22	0	10848
13167	10349	104	10	18	0	10481
13168	110	10552	17	16	0	10695
13169	10171	99	11	29	0	10310
13170	101	10486	18	27	0	10632
13171	167	106	15	10289	0	10577
13172	46	160	10391	97	0	10694
13173	36	33	10310	157	0	10536
13174	33	19	228	10101	0	10381
13175	10088	13	156	103	0	10360
13176	111	10374	32	168	0	10685
13177	161	90	16	10291	0	10558
13178	38	154	10440	117	0	10749
13179	35	24	10506	170	0	10735
13180	36	53	236	9317	0	9642
13181	18	10419	179	95	0	10711
13182	10289	90	33	158	0	10570
13183	127	162	10732	43	0	11064
13184	169	34	10455	40	0	10698
13185	40	10590	246	37	0	10913
13186	10411	116	194	28	0	10749
13187	10362	146	38	30	0	10576
13188	233	29	30	10237	0	10529
13189	10611	24	26	97	0	10758
13190	10194	19	30	160	0	10403
13191	232	10476	38	34	0	10780
13192	10408	94	34	19	0	10555
13193	119	157	10623	34	0	10933
13194	161	30	102	10251	0	10544
13195	47	27	145	10333	0	10552
13196	10183	26	43	224	0	10476
13197	100	10282	29	181	0	10592
13198	10025	97	33	31	0	10186
13199	108	10629	26	39	0	10802
13200	152	10344	35	24	0	10555
13201	54	207	10238	31	0	10530
13202	46	137	9994	23	0	10200
13203	8998	97	222	19	0	9336
13204	9335	35	115	50	0	9535
13205	178	42	9221	13	0	9454
13206	131	9006	70	23	0	9230
13207	44	9233	109	22	0	9408
13208	9056	167	48	17	0	9288
13209	8949	115	27	16	0	9107
13210	150	40	20	8932	0	9142
13211	9183	22	25	80	0	9310
13212	90	24	27	9094	0	9235
13213	117	19	9058	93	0	9287
13214	46	32	8764	104	0	8946
13215	8560	34	156	39	0	8789
13216	98	32	107	8484	0	8721
13217	116	9471	42	66	0	9695
13218	9561	71	38	96	0	9766
13219	9464	102	33	29	0	9628
13220	171	47	9574	21	0	9813
13221	9417	37	82	23	0	9559
13222	9752	19	117	20	0	9908
13223	176	29	54	9555	0	9814
13224	125	9813	32	85	0	10055
13225	54	10204	41	101	0	10400
13226	58	173	24	10148	0	10403
13227	59	128	22	9861	0	10070
13228	65	30	30	10115	0	10240
13229	68	34	9969	179	0	10250
13230	48	43	9634	136	0	9861
13231	61	34	186	9498	0	9779
13232	62	36	9898	87	0	10083
13233	63	40	9610	127	0	9840
13234	53	37	183	9060	0	9333
13235	66	40	10114	96	0	10316
13236	35	9978	117	161	0	10291
13237	10347	102	142	46	0	10637
13238	118	147	55	9971	0	10291
13239	151	10284	50	113	0	10598
13240	56	94	10636	141	0	10927
13241	46	141	128	10353	0	10668
13242	58	41	11058	118	0	11275
13243	44	30	140	10877	0	11091
13244	51	43	158	11286	0	11538
13245	62	43	11794	228	0	12127
13246	54	42	124	11157	0	11377
13247	50	11784	162	122	0	12118
13248	59	115	54	11940	0	12168
13249	56	162	11978	138	0	12334
13250	55	36	128	11787	0	12006
13251	11429	30	159	156	0	11774
13252	129	12021	58	199	0	12407
13253	178	134	61	12064	0	12437
13254	73	176	12401	140	0	12790
13255	53	12202	138	177	0	12570
13256	45	12394	168	69	0	12676
13257	83	245	12039	48	0	12415
13258	58	148	125	11287	0	11618
13259	46	82	162	11501	0	11791
13260	76	36	11568	247	0	11927
13261	46	11031	107	169	0	11353
13262	28	10939	134	55	0	11156
13263	9871	140	30	18	0	10059
13264	75	10082	21	23	0	10201
13265	9763	61	10	22	0	9856
13266	79	66	12	9407	0	9564
13267	9856	11	9	72	0	9948
13268	64	15	9901	81	0	10061
13269	9475	12	67	16	0	9570
13270	73	7	66	9934	0	10080
13271	75	10269	17	63	0	10424
13272	10327	61	12	78	0	10478
13273	74	109	13	10157	0	10353
13274	80	10620	14	76	0	10790
13275	14	11251	13	79	0	11357
13276	10952	118	27	22	0	11119
13277	11139	73	8	17	0	11237
13278	11192	16	14	14	0	11236
13279	121	16	8	10752	0	10897
13280	71	10769	11	66	0	10917
13281	14	11036	13	82	0	11145
13282	10	112	8	10905	0	11035
13283	10750	72	11	64	0	10897
13284	10365	17	15	79	0	10476
13285	10616	11	8	17	0	10652
13286	131	11	10894	14	0	11050
13287	82	19	10768	16	0	10885
13288	11125	16	125	14	0	11280
13289	69	15	80	11268	0	11432
13290	82	12	17	11373	0	11484
13291	20	16	14	11312	0	11362
13292	18	11	14	11393	0	11436
13293	24	29	11157	151	0	11361
13294	19	13	63	10885	0	10980
13295	16	20	11159	85	0	11280
13296	9761	16	67	114	0	9958
13297	63	11238	92	34	0	11427
13298	82	67	24	11485	0	11658
13299	20	78	21	11347	0	11466
13300	11342	21	30	149	0	11542
13301	11147	26	15	111	0	11299
13302	11174	20	24	29	0	11247
13303	11072	22	27	34	0	11155
13304	151	29	11300	46	0	11526
13305	97	25	11221	32	0	11375
13306	24	21	135	11091	0	11271
13307	11366	22	93	74	0	11555
13308	11059	17	24	110	0	11210
13309	144	32	11302	51	0	11529
13310	93	21	77	10891	0	11082
13311	11161	13	92	90	0	11356
13312	71	28	32	11203	0	11334
13313	100	28	11545	92	0	11765
13314	27	26	84	11288	0	11425
13315	11550	25	87	92	0	11754
13316	71	12816	26	119	0	13032
13317	12658	80	19	49	0	12806
13318	12652	91	22	42	0	12807
13319	12611	31	31	36	0	12709
13320	164	27	22	12626	0	12839
13321	12539	32	21	78	0	12670
13322	75	13216	37	93	0	13421
13323	100	13613	25	47	0	13785
13324	42	177	15	13199	0	13433
13325	13200	104	32	82	0	13418
13326	84	13862	20	126	0	14092
13327	16163	89	20	43	0	16315
13328	16457	128	26	36	0	16647
13329	305	17986	24	38	0	18353
13330	208	167	22	18088	0	18485
13331	52	184	14	18410	0	18660
13332	54	45	18847	353	0	19299
13333	56	31	169	18216	0	18472
13334	62	35	19023	229	0	19349
13335	50	18429	188	216	0	18883
13336	41	173	183	18632	0	19029
13337	18063	179	47	200	0	18489
13338	18067	35	26	226	0	18354
13339	334	31	34	18361	0	18760
13340	212	33	18144	207	0	18596
13341	15506	37	168	245	0	15956
13342	178	17653	202	83	0	18116
13343	188	17557	33	43	0	17821
13344	64	17833	26	39	0	17962
13345	105	330	32	16786	0	17253
13346	66	180	17493	166	0	17905
13347	37	43	150	17076	0	17306
13348	51	46	17778	172	0	18047
13349	47	49	17434	181	0	17711
13350	47	44	18006	45	0	18142
13351	38	38	326	16138	0	16540
13352	37	37	191	17733	0	17998
13353	29	34	51	18068	0	18182
13354	32	28	44	17826	0	17930
13355	17859	11	41	338	0	18249
13356	146	17854	58	225	0	18283
13357	17762	146	45	73	0	18026
13358	158	18401	49	64	0	18672
13359	165	169	35	18180	0	18549
13360	50	161	30	18924	0	19165
13361	18824	40	16	355	0	19235
13362	18898	35	14	214	0	19161
13363	19112	30	10	65	0	19217
13364	19044	33	15	56	0	19148
13365	18914	42	17	52	0	19025
13366	321	19108	25	54	0	19508
13367	18696	161	20	44	0	18921
13368	184	18836	15	41	0	19076
13369	18415	165	18	42	0	18640
13370	224	169	18594	42	0	19029
13371	218	62	146	17787	0	18213
13372	85	19073	171	146	0	19475
13373	62	174	44	19042	0	19322
13374	108	190	18914	170	0	19382
13375	67	67	166	17949	0	18249
13376	17814	50	166	202	0	18232
13377	168	18406	62	244	0	18880
13378	161	18777	35	130	0	19103
13379	85	298	19166	91	0	19640
13380	57	208	183	18075	0	18523
13381	52	19667	182	195	0	20096
13382	51	199	50	19971	0	20271
13383	55	195	20240	226	0	20716
13384	51	19888	187	254	0	20380
13385	77	196	19907	111	0	20291
13386	84	213	19676	62	0	20035
13387	50	88	316	19162	0	19616
13388	19929	63	198	216	0	20406
13389	191	61	83	20126	0	20461
13390	217	65	20436	244	0	20962
13391	69	76	213	20656	0	21014
13392	64	72	22459	247	0	22842
13393	59	70	22176	228	0	22533
13394	21481	62	373	136	0	22052
13395	23565	57	248	91	0	23961
13396	23630	51	111	115	0	23907
13397	386	49	23672	126	0	24233
13398	254	64	23679	102	0	24099
13399	86	58	408	22824	0	23376
13400	78	45	281	23786	0	24190
13401	23794	57	96	401	0	24348
13402	239	47	77	23877	0	24240
13403	233	55	24205	273	0	24766
13404	127	52	23620	265	0	24064
13405	68	24267	394	139	0	24868
13406	104	199	240	24291	0	24834
13407	102	230	25010	250	0	25592
13408	100	69	238	23944	0	24351
13409	24434	49	239	282	0	25004
13410	245	77	25319	275	0	25916
13411	255	45	228	24893	0	25421
13412	108	43	245	25484	0	25880
13413	109	65	25246	421	0	25841
13414	103	45	229	24335	0	24712
13415	98	65	25338	272	0	25773
13416	22473	42	239	273	0	23027
13417	235	60	255	23492	0	24042
13418	263	24068	93	251	0	24675
13419	23875	211	68	240	0	24394
13420	23301	228	66	117	0	23712
13421	409	23953	90	102	0	24554
13422	367	1102	119	21146	0	22734
13423	94	22966	89	175	0	23324
13424	76	22983	47	210	0	23316
13425	175	403	21956	80	0	22614
13426	98	21701	228	122	0	22149
13427	85	145	18977	66	0	19273
13428	14464	163	108	35	0	14770
13429	15427	16	71	20	0	15534
13430	98	17207	17	35	0	17357
13431	70	17271	15	21	0	17377
13432	17	17476	10	15	0	17518
13433	17604	107	10	8	0	17729
13434	65	87	9	17878	0	18039
13435	87	29	19205	75	0	19396
13436	13	19272	69	107	0	19461
13437	13	62	103	19453	0	19631
13438	23	115	18	18358	0	18514
13439	8	21660	26	156	0	21850
13440	22800	91	24	112	0	23027
13441	122	155	23510	32	0	23819
13442	213	44	126	26539	0	26922
13443	29	31541	192	204	0	31966
13444	30853	262	34	232	0	31381
13445	284	299	31252	38	0	31873
13446	285	30603	270	64	0	31222
13447	46	272	285	30545	0	31148
13448	26	288	30825	266	0	31405
13449	28441	30	292	297	0	29060
13450	264	37	283	30143	0	30727
13451	323	31	30495	284	0	31133
13452	45	30356	290	363	0	31054
13453	29403	274	293	43	0	30013
13454	249	30650	51	50	0	31000
13455	30406	282	43	29	0	30760
13456	30295	299	25	40	0	30659
13457	546	45	27	29177	0	29795
13458	333	28658	56	309	0	29356
13459	66	270	29103	298	0	29737
13460	59	295	289	28951	0	29594
13461	62	109	337	26103	0	26611
13462	49	28	51	29311	0	29439
13463	42	41	42	29329	0	29454
13464	60	23	39	29358	0	29480
13465	28754	31	50	591	0	29426
13466	28139	49	51	365	0	28604
13467	27446	46	48	85	0	27625
13468	533	27341	59	89	0	28022
13469	349	259	28189	72	0	28869
13470	88	316	28517	75	0	28996
13471	91	52	28847	70	0	29060
13472	53	76	612	26662	0	27403
13473	61	48	362	27843	0	28314
13474	46	56	70	28171	0	28343
13475	67	53	27882	602	0	28604
13476	60	27056	316	461	0	27893
13477	85	286	27761	125	0	28257
13478	84	339	27699	81	0	28203
13479	77	77	570	26534	0	27258
13480	116	72	27543	324	0	28055
13481	71	82	324	26502	0	26979
13482	26533	48	368	339	0	27288
13483	26117	64	117	364	0	26662
13484	599	77	26294	137	0	27107
13485	386	66	337	25253	0	26042
13486	117	81	26429	347	0	26974
13487	74	26063	323	443	0	26903
13488	25620	335	360	117	0	26432
13489	392	351	26040	80	0	26863
13490	372	25375	367	109	0	26223
13491	90	24931	373	137	0	25531
13492	90	24120	140	110	0	24460
13493	114	602	22803	101	0	23620
13494	114	501	348	20475	0	21438
13495	73	22082	349	340	0	22844
13496	105	324	141	21827	0	22397
13497	128	343	99	21949	0	22519
13498	21258	86	95	599	0	22038
13499	309	21472	106	438	0	22325
13500	20976	308	113	132	0	21529
13501	319	21173	89	161	0	21742
13502	342	21186	112	136	0	21776
13503	164	593	20767	157	0	21681
13504	123	379	358	20334	0	21194
13505	114	118	20716	394	0	21342
13506	118	20007	336	499	0	20960
13507	119	316	20377	167	0	20979
13508	138	318	20157	170	0	20783
13509	90	20051	581	169	0	20891
13510	19185	309	405	145	0	20044
13511	298	19781	159	173	0	20411
13512	19688	331	136	172	0	20327
13513	336	368	19583	146	0	20433
13514	366	120	19590	179	0	20255
13515	105	19308	642	130	0	20185
13516	18862	348	385	134	0	19729
13517	299	19441	171	149	0	20060
13518	339	306	194	19004	0	19843
13519	19228	328	167	354	0	20077
13520	325	106	19338	423	0	20192
13521	320	117	404	19288	0	20129
13522	19150	104	382	362	0	19998
13523	349	19200	165	389	0	20103
13524	345	333	135	19090	0	19903
13525	128	349	19156	375	0	20008
13526	18821	113	394	366	0	19694
13527	314	118	405	19027	0	19864
13528	315	117	19000	368	0	19800
13529	106	87	399	18190	0	18782
13530	83	18686	376	406	0	19551
13531	113	340	18828	387	0	19668
13532	109	344	359	18281	0	19093
13533	17520	107	359	333	0	18319
13534	333	81	179	17196	0	17789
13535	15995	112	115	298	0	16520
13536	312	16059	102	312	0	16785
13537	15776	303	138	94	0	16311
13538	285	322	15501	96	0	16204
13539	263	115	13478	70	0	13926
13540	128	99	11762	58	0	12047
13541	72	10867	635	74	0	11648
13542	270	85	825	2893	0	4073
13543	24	33	105	2815	0	2977
13544	8	15	7	2758	0	2788
13545	6	11	9	2846	0	2872
13546	5	5	2768	56	0	2834
13547	2505	7	29	37	0	2578
13548	25	2786	33	11	0	2855
13549	2663	25	13	10	0	2711
13550	26	31	7	2624	0	2688
13551	27	2697	8	25	0	2757
13552	13	25	7	2707	0	2752
13553	2618	32	6	34	0	2690
13554	19	2727	9	30	0	2785
13555	2612	24	17	43	0	2696
13556	2582	21	5	10	0	2618
13557	38	20	6	2602	0	2666
13558	32	11	2571	20	0	2634
13559	2495	7	22	24	0	2548
13560	20	7	24	2643	0	2694
13561	2667	9	13	20	0	2709
13562	2689	5	7	27	0	2728
13563	2685	9	8	13	0	2715
13564	46	6	2699	11	0	2762
13565	28	8	23	2602	0	2661
13566	2620	4	26	26	0	2676
13567	18	5	2702	27	0	2752
13568	28	2674	23	8	0	2733
13569	11	47	21	2440	0	2519
13570	5	20	2503	17	0	2545
13571	2	10	2391	19	0	2422
13572	6	16	25	2314	0	2361
13573	4	2	22	2397	0	2425
13574	2	3	9	2379	0	2393
13575	5	4	4	2354	0	2367
13576	5	5	2337	31	0	2378
13577	7	2343	18	19	0	2387
13578	17	16	17	2372	0	2422
13579	2415	13	9	15	0	2452
13580	2296	6	6	17	0	2325
13581	2364	6	4	11	0	2385
13582	30	3	2	2353	0	2388
13583	23	10	5	2284	0	2322
13584	7	2202	3	27	0	2239
13585	6	2218	3	17	0	2244
13586	16	60	5	2064	0	2145
13587	2060	10	2	22	0	2094
13588	2071	4	2	8	0	2085
13589	2066	2	1	7	0	2076
13590	2069	1	3	6	0	2079
13591	2072	2	3	4	0	2081
13592	19	2110	4	2	0	2135
13593	9	11	2	2143	0	2165
13594	2242	7	4	12	0	2265
13595	2253	2	1	9	0	2265
13596	17	2	1	2227	0	2247
13597	6	0	6	2248	0	2260
13598	7	5	2297	17	0	2326
13599	5	2	8	2236	0	2251
13600	3	4	6	2305	0	2318
13601	7	4	2443	11	0	2465
13602	6	4	8	2384	0	2402
13603	3	2509	6	14	0	2532
13604	6	10	2481	11	0	2508
13605	7	2532	8	12	0	2559
13606	4	10	6	2478	0	2498
13607	4	7	5	2474	0	2490
13608	3	2518	2	14	0	2537
13609	4	2570	3	7	0	2584
13610	2585	7	4	7	0	2603
13611	2593	4	2	4	0	2603
13612	9	4	2596	8	0	2617
13613	2567	2	6	13	0	2588
13614	2754	3	3	7	0	2767
13615	2765	0	4	7	0	2776
13616	2742	2	13	6	0	2763
13617	16	4	2737	8	0	2765
13618	12	5	2699	5	0	2721
13619	2771	2	13	8	0	2794
13620	13	2925	7	11	0	2956
13621	10	4	2865	4	0	2883
13622	2817	5	4	3	0	2829
13623	2879	0	4	5	0	2888
13624	9	2	2903	2	0	2916
13625	2822	2	7	6	0	2837
13626	8	0	8	3219	0	3235
13627	7	11	3331	13	0	3362
13628	2959	2	9	12	0	2982
13629	8	3360	6	9	0	3383
13630	3422	6	4	8	0	3440
13631	3821	4	3	18	0	3846
13632	12	3	1	3825	0	3841
13633	9	3	1	3849	0	3862
13634	2	1	4	3935	0	3942
13635	3944	2	2	13	0	3961
13636	4107	2	2	14	0	4125
13637	15	1	2	4116	0	4134
13638	12	5	0	4082	0	4099
13639	9	7	4020	18	0	4054
13640	3761	3	8	16	0	3788
13641	11	3	8	4129	0	4151
13642	12	4	2	4120	0	4138
13643	8	4149	2	21	0	4180
13644	7	10	1	4165	0	4183
13645	7	7	2	4174	0	4190
13646	4061	4	5	18	0	4088
13647	12	4217	2	17	0	4248
13648	13	16	4	4297	0	4330
13649	13	7	2	4295	0	4317
13650	6	5	2	4346	0	4359
13651	3	4	4317	23	0	4347
13652	5	3	11	4259	0	4278
13653	4210	6	7	18	0	4241
13654	14	8	4354	16	0	4392
13655	15	1	11	4361	0	4388
13656	6	2	9	4456	0	4473
13657	4497	3	9	25	0	4534
13658	4427	1	5	18	0	4451
13659	30	9	4549	8	0	4596
13660	4126	2	13	8	0	4149
13661	16	4	4631	5	0	4656
13662	4538	2	15	7	0	4562
13663	18	5143	9	5	0	5175
13664	5236	12	9	3	0	5260
13665	16	5353	2	6	0	5377
13666	5488	10	0	10	0	5508
13667	19	5775	3	8	0	5805
13668	15	22	3	5858	0	5898
13669	5	15	0	5882	0	5902
13670	8	4	1	5866	0	5879
13671	7	5824	3	36	0	5870
13672	3	18	2	5798	0	5821
13673	4	5883	3	22	0	5912
13674	4	20	4	5886	0	5914
13675	5890	16	2	24	0	5932
13676	5731	8	0	22	0	5761
13677	31	5881	2	13	0	5927
13678	22	21	1	5853	0	5897
13679	5773	19	12	26	0	5830
13680	14	5945	4	36	0	5999
13681	22	5973	3	10	0	6008
13682	5943	39	3	7	0	5992
13683	5945	24	2	9	0	5980
13684	34	6017	3	7	0	6061
13685	5978	19	0	9	0	6006
13686	31	33	3	5995	0	6062
13687	32	17	6282	19	0	6350
13688	6149	7	18	31	0	6205
13689	6289	4	27	15	0	6335
13690	47	16	6434	7	0	6504
13691	6407	6	20	20	0	6453
13692	6643	3	22	15	0	6683
13693	6811	4	8	15	0	6838
13694	48	6842	9	6	0	6905
13695	6893	24	3	11	0	6931
13696	6903	28	6	11	0	6948
13697	53	15	7	6850	0	6925
13698	45	7	0	7006	0	7058
13699	21	7	2	7116	0	7146
13700	7111	16	6	51	0	7184
13701	29	13	6	6994	0	7042
13702	7098	6	0	37	0	7141
13703	7154	8	4	56	0	7222
13704	59	11	0	7175	0	7245
13705	43	16	2	7346	0	7407
13706	31	5	3	7406	0	7445
13707	7383	19	2	75	0	7479
13708	39	7451	6	56	0	7552
13709	52	32	3	7546	0	7633
13710	24	37	5	7676	0	7742
13711	7623	17	6	81	0	7727
13712	7639	7	2	70	0	7718
13713	79	16	7607	17	0	7719
13714	57	14	7503	35	0	7609
13715	7932	15	68	26	0	8041
13716	65	9	45	8278	0	8397
13717	71	18	11	9608	0	9708
13718	30	14	9653	133	0	9830
13719	29	29	70	9013	0	9141
13720	30	9625	82	81	0	9818
13721	22	9913	19	93	0	10047
13722	9610	140	11	42	0	9803
13723	94	99	9648	22	0	9863
13724	105	9903	67	30	0	10105
13725	64	83	87	9930	0	10164
13726	41	93	10018	81	0	10233
13727	27	22	76	9652	0	9777
13728	28	11	92	9842	0	9973
13729	32	26	9945	174	0	10177
13730	30	9955	77	126	0	10188
13731	32	82	96	9430	0	9640
13732	9608	91	29	92	0	9820
13733	9617	23	9	111	0	9760
13734	9590	20	12	35	0	9657
13735	174	9611	23	31	0	9839
13736	9439	71	18	23	0	9551
13737	98	97	21	9521	0	9737
13738	116	21	9535	105	0	9777
13739	9037	14	77	113	0	9241
13740	85	9633	95	62	0	9875
13741	109	81	23	9559	0	9772
13742	43	101	24	9469	0	9637
13743	28	9658	21	171	0	9878
13744	35	92	20	9797	0	9944
13745	43	104	18	9795	0	9960
13746	36	28	25	9984	0	10073
13747	9742	33	31	195	0	10001
13748	9559	45	29	137	0	9770
13749	177	44	9744	57	0	10022
13750	119	35	89	9657	0	9900
13751	44	33	105	9907	0	10089
13752	51	39	50	10028	0	10168
13753	9850	40	35	201	0	10126
13754	98	43	9671	152	0	9964
13755	9356	32	95	79	0	9562
13756	9732	33	110	65	0	9940
13757	194	26	44	9705	0	9969
13758	9782	35	34	127	0	9978
13759	140	28	9768	147	0	10083
13760	9284	23	102	69	0	9478
13761	130	10692	119	90	0	11031
13762	150	97	10593	72	0	10912
13763	69	142	10671	67	0	10949
13764	62	54	203	10364	0	10683
13765	64	38	10725	148	0	10975
13766	9974	68	123	146	0	10311
13767	118	10338	115	79	0	10650
13768	10424	96	34	66	0	10620
13769	117	122	32	10530	0	10801
13770	139	35	10581	146	0	10901
13771	50	41	10523	175	0	10789
13772	41	43	192	10548	0	10824
13773	10745	23	115	172	0	11055
13774	121	10721	36	171	0	11049
13775	128	11044	51	97	0	11320
13776	10909	170	47	83	0	11209
13777	122	11189	38	91	0	11440
13778	11179	96	36	80	0	11391
13779	163	103	35	11039	0	11340
13780	11083	30	50	141	0	11304
13781	152	27	43	11111	0	11333
13782	11177	29	38	136	0	11380
13783	138	19	56	11003	0	11216
13784	148	10989	58	142	0	11337
13785	10934	91	42	161	0	11228
13786	129	10981	59	94	0	11263
13787	160	105	10562	69	0	10896
13788	76	121	123	9688	0	10008
13789	83	10775	129	99	0	11086
13790	10468	108	49	115	0	10740
13791	10211	117	59	53	0	10440
13792	208	10375	61	72	0	10716
13793	129	106	10260	79	0	10574
13794	67	108	119	9730	0	10024
13795	68	10244	125	125	0	10562
13796	57	103	64	10297	0	10521
13797	72	111	62	10392	0	10637
13798	10170	49	39	207	0	10465
13799	130	10175	51	142	0	10498
13800	140	115	45	10233	0	10533
13801	10290	120	36	130	0	10576
13802	10194	50	38	136	0	10418
13803	10101	45	34	76	0	10256
13804	226	46	49	9974	0	10295
13805	9937	47	40	114	0	10138
13806	137	9959	53	130	0	10279
13807	9909	96	33	69	0	10107
13808	130	10147	38	75	0	10390
13809	10113	108	43	57	0	10321
13810	9944	102	40	57	0	10143
13811	218	103	31	9726	0	10078
13812	156	52	10065	115	0	10388
13813	78	56	9851	139	0	10124
13814	84	9952	159	48	0	10243
13815	9511	111	150	54	0	9826
13816	142	111	9400	36	0	9689
13817	6932	17	46	24	0	7019
13818	43	7728	39	21	0	7831
13819	52	8086	10	22	0	8170
13820	27	63	8	8177	0	8275
13821	35	8575	13	48	0	8671
13822	27	65	8628	57	0	8777
13823	39	61	50	8128	0	8278
13824	26	9035	39	64	0	9164
13825	23	75	17	9046	0	9161
13826	8997	58	19	73	0	9147
13827	65	38	9	8985	0	9097
13828	74	29	9196	83	0	9382
13829	37	9263	69	73	0	9442
13830	29	101	62	9173	0	9365
13831	23	80	30	9282	0	9415
13832	18	28	21	9469	0	9536
13833	9125	31	14	147	0	9317
13834	9045	19	14	86	0	9164
13835	139	21	9197	35	0	9392
13836	92	29	9156	29	0	9306
13837	37	9222	130	25	0	9414
13838	9326	82	74	34	0	9516
13839	92	71	17	9291	0	9471
13840	81	33	12	9357	0	9483
13841	42	17	10	9406	0	9475
13842	41	16	4	9441	0	9502
13843	40	29	9088	158	0	9315
13844	8376	22	74	89	0	8561
13845	94	23	66	10113	0	10296
13846	109	22	10098	102	0	10331
13847	9787	29	104	118	0	10038
13848	11155	10	114	50	0	11329
13849	231	24	12633	34	0	12922
13850	172	26	12997	19	0	13214
13851	63	20	267	12572	0	12922
13852	12992	19	180	167	0	13358
13853	13076	24	48	150	0	13298
13854	300	23	30	12589	0	12942
13855	187	17	36	13023	0	13263
13856	68	21	13013	283	0	13385
13857	23	43	170	12690	0	12926
13858	52	25	12890	197	0	13164
13859	11678	31	170	172	0	12051
13860	160	12707	152	62	0	13081
13861	11665	128	32	36	0	11861
13862	160	11727	25	32	0	11944
13863	11517	152	37	25	0	11731
13864	172	133	19	11104	0	11428
13865	180	35	18	11186	0	11419
13866	11257	16	18	258	0	11549
13867	11207	13	13	169	0	11402
13868	11297	18	12	43	0	11370
13869	11306	13	17	27	0	11363
13870	313	9	11008	40	0	11370
13871	10994	12	133	41	0	11180
13872	11129	7	135	34	0	11305
13873	11083	5	40	19	0	11147
13874	321	6	14	10821	0	11162
13875	10425	1	29	147	0	10602
13876	172	10560	32	149	0	10913
13877	168	132	21	10553	0	10874
13878	75	132	25	10683	0	10915
13879	56	42	10474	279	0	10851
13880	51	16	139	9832	0	10038
13881	46	10457	143	185	0	10831
13882	10230	147	56	156	0	10589
13883	153	10520	30	70	0	10773
13884	10491	170	23	52	0	10736
13885	194	142	35	10375	0	10746
13886	10214	48	29	165	0	10456
13887	191	10244	31	176	0	10642
13888	10393	149	22	68	0	10632
13889	10303	147	22	39	0	10511
13890	301	51	27	10107	0	10486
13891	218	19	21	10332	0	10590
13892	108	19	10223	307	0	10657
13893	61	29	157	10195	0	10442
13894	80	19	143	10305	0	10547
13895	93	30	10128	302	0	10553
13896	63	19	166	10208	0	10456
13897	66	18	10190	217	0	10491
13898	9805	19	174	185	0	10183
13899	192	23	162	9979	0	10356
13900	187	19	9905	192	0	10303
13901	9695	26	154	180	0	10055
13902	194	19	149	9941	0	10303
13903	200	31	10045	186	0	10462
13904	9819	21	152	180	0	10172
13905	193	20	156	10012	0	10381
13906	203	15	65	10064	0	10347
13907	10044	30	31	303	0	10408
13908	216	13	34	9992	0	10255
13909	206	25	48	9989	0	10268
13910	122	22	33	9449	0	9626
13911	77	9738	30	340	0	10185
13912	9413	146	45	205	0	9809
13913	9494	147	28	96	0	9765
13914	335	43	29	9336	0	9743
13915	9486	19	46	202	0	9753
13916	9446	21	26	221	0	9714
13917	9523	28	48	108	0	9707
13918	8684	26	60	73	0	8843
13919	9113	27	55	99	0	9294
13920	355	28	8456	84	0	8923
13921	232	32	8153	70	0	8487
13922	7890	38	235	85	0	8248
13923	180	7959	193	80	0	8412
13924	193	115	50	7595	0	7953
13925	117	131	7585	179	0	8012
13926	95	53	7615	171	0	7934
13927	92	96	226	7426	0	7840
13928	7491	48	221	156	0	7916
13929	193	29	57	7593	0	7872
13930	177	36	7582	179	0	7974
13931	7824	24	122	161	0	8131
13932	170	23	138	7953	0	8284
13933	181	8	56	8031	0	8276
13934	110	11	28	8213	0	8362
13935	95	11	32	8081	0	8219
13936	95	10	7857	268	0	8230
13937	93	25	120	7871	0	8109
13938	7793	8	129	174	0	8104
13939	164	24	7721	178	0	8087
13940	7659	21	126	101	0	7907
13941	7784	18	167	80	0	8049
13942	7834	22	68	70	0	7994
13943	7735	23	30	85	0	7873
13944	264	7687	38	84	0	8073
13945	128	6671	27	49	0	6875
13946	60	6880	32	52	0	7024
13947	6076	193	228	108	0	6605
13948	109	79	5601	60	0	5849
13949	3851	42	103	18	0	4014
13950	46	10	35	3725	0	3816
13951	3742	1	10	25	0	3778
13952	33	2	5	3724	0	3764
13953	3716	1	5	34	0	3756
13954	30	3	3	3701	0	3737
13955	25	1	4	3820	0	3850
13956	3174	5	11	55	0	3245
13957	31	4242	4	37	0	4314
13958	30	16	4284	22	0	4352
13959	14	4247	22	17	0	4300
13960	7	20	4084	11	0	4122
13961	19	55	17	3743	0	3834
13962	3918	2	24	20	0	3964
13963	16	7	2	3899	0	3924
13964	3808	0	3	15	0	3826
13965	15	4193	3	24	0	4235
13966	30	14	4343	4	0	4391
13967	8	4416	13	13	0	4450
13968	7	4420	15	5	0	4447
13969	4184	30	23	3	0	4240
13970	4061	11	3	2	0	4077
13971	20	4196	2	8	0	4226
13972	11	6	1	4213	0	4231
13973	5	11	2	4219	0	4237
13974	4201	2	4	20	0	4227
13975	11	7	4239	16	0	4273
13976	14	6	4188	5	0	4213
13977	11	3	17	4153	0	4184
13978	6	5	4369	16	0	4396
13979	3959	3	13	14	0	3989
13980	4287	1	15	10	0	4313
13981	27	4381	7	8	0	4423
13982	22	8	4544	12	0	4586
13983	10	18	12	4492	0	4532
13984	7	8	4883	14	0	4912
13985	8	6	12	4781	0	4807
13986	4809	5	23	15	0	4852
13987	14	5038	7	44	0	5103
13988	30	17	5271	9	0	5327
13989	10	5395	19	5	0	5429
13990	12	5555	22	11	0	5600
13991	5508	32	5	10	0	5555
13992	5351	25	4	9	0	5389
13993	36	10	5579	17	0	5642
13994	28	5709	23	26	0	5786
13995	13	35	26	5739	0	5813
13996	12	23	11	5734	0	5780
13997	9	6	7	5735	0	5757
13998	15	6	5896	40	0	5957
13999	15	5	21	5760	0	5801
14000	11	3	21	6036	0	6071
14001	6115	3	4	49	0	6171
14002	6068	3	5	39	0	6115
14003	6109	5	7	20	0	6141
14004	5993	7	10	16	0	6026
14005	6009	6	7	18	0	6040
14006	42	6061	11	13	0	6127
14007	5960	18	5	8	0	5991
14008	32	26	5934	8	0	6000
14009	31	14	15	5834	0	5894
14010	5970	13	16	16	0	6015
14011	27	6018	10	30	0	6085
14012	6116	18	2	10	0	6146
14013	6223	19	5	16	0	6263
14014	34	9	9	6284	0	6336
14015	23	13	6	6332	0	6374
14016	11	6789	9	38	0	6847
14017	14	27	7	6907	0	6955
14018	17	22	7194	35	0	7268
14019	18	7	25	7251	0	7301
14020	17	13	7453	35	0	7518
14021	6346	9	38	51	0	6444
14022	37	9	30	7507	0	7583
14023	39	4	7786	41	0	7870
14024	10	7703	36	48	0	7797
14025	8	7825	44	10	0	7887
14026	7638	61	14	6	0	7719
14027	41	40	6	7714	0	7801
14028	33	5	8080	38	0	8156
14029	8	7928	35	40	0	8011
14030	15	36	7952	9	0	8012
14031	7392	33	35	4	0	7464
14032	7659	5	31	10	0	7705
14033	7771	3	18	4	0	7796
14034	62	8	2	7812	0	7884
14035	33	34	7893	44	0	8004
14036	10	7970	32	41	0	8053
14037	8	30	35	8070	0	8143
14038	11	41	7992	42	0	8086
14039	9	7	7768	50	0	7834
14040	5	8	68	7843	0	7924
14041	8055	5	35	35	0	8130
14042	33	2	5	8038	0	8078
14043	37	2	9	8201	0	8249
14044	9	12	8307	74	0	8402
14045	8	5	33	8140	0	8186
14046	14	6	35	8268	0	8323
14047	5	6	8427	72	0	8510
14048	7	9	8337	41	0	8394
14049	6	8	66	8156	0	8236
14050	13	10	8470	42	0	8535
14051	10	6	34	8378	0	8428
14052	8463	3	41	34	0	8541
14053	33	8788	11	61	0	8893
14054	35	30	9	8897	0	8971
14055	7	41	8774	40	0	8862
14056	6960	12	38	74	0	7084
14057	36	8271	42	19	0	8368
14058	8343	30	16	12	0	8401
14059	29	35	9	8313	0	8386
14060	39	8	12	8294	0	8353
14061	8507	7	6	75	0	8595
14062	36	7	8580	53	0	8676
14063	8273	2	44	12	0	8331
14064	33	7	45	8657	0	8742
14065	8420	5	9	44	0	8478
14066	8412	3	12	42	0	8469
14067	67	4	14	8262	0	8347
14068	46	8754	16	61	0	8877
14069	8908	36	8	61	0	9013
14070	8834	41	11	20	0	8906
14071	104	12	9022	13	0	9151
14072	8716	10	52	14	0	8792
14073	65	10	45	8912	0	9032
14074	55	9279	20	50	0	9404
14075	31	51	14	8720	0	8816
14076	14	9245	13	41	0	9313
14077	9113	53	6	63	0	9235
14078	9110	47	13	19	0	9189
14079	95	11	12	9765	0	9883
14080	69	10	9855	59	0	9993
14081	22	11	9786	61	0	9880
14082	23	13	106	9886	0	10028
14083	9975	4	62	83	0	10124
14084	10213	12	19	81	0	10325
14085	125	10672	16	32	0	10845
14086	82	63	19	10685	0	10849
14087	32	76	10980	83	0	11171
14088	28	16	11311	100	0	11455
14089	23	49	160	12080	0	12312
14090	13155	8	114	130	0	13407
14091	131	11	20	13441	0	13603
14092	133	10	13370	144	0	13657
14093	13077	17	127	140	0	13361
14094	131	5	132	13289	0	13557
14095	141	8	32	13448	0	13629
14096	39	11	19	12983	0	13052
14097	24	13201	30	242	0	13497
14098	41	120	13298	146	0	13605
14099	30	135	13381	46	0	13592
14100	22	26	242	13236	0	13526
14101	29	12	13504	159	0	13704
14102	12895	15	155	142	0	13207
14103	141	10	140	13183	0	13474
14104	145	13	32	13115	0	13305
14105	36	13	34	13054	0	13137
14106	25	13330	42	263	0	13660
14107	13528	128	24	168	0	13848
14108	145	127	28	13561	0	13861
14109	13472	29	36	167	0	13704
14110	151	13599	32	167	0	13949
14111	13564	136	31	49	0	13780
14112	13141	130	35	57	0	13363
14113	13210	21	25	72	0	13328
14114	271	13133	47	61	0	13512
14115	165	13194	42	63	0	13464
14116	12398	241	26	62	0	12727
14117	152	12757	41	55	0	13005
14118	160	130	12448	75	0	12813
14119	53	12160	138	66	0	12417
14120	49	12229	138	67	0	12483
14121	12142	224	51	45	0	12462
14122	130	143	12077	49	0	12399
14123	148	46	11828	42	0	12064
14124	55	54	232	11444	0	11785
14125	11826	22	153	143	0	12144
14126	159	17	11982	145	0	12303
14127	132	31	137	11652	0	11952
14128	54	33	11585	145	0	11817
14129	50	39	11275	153	0	11517
14130	10772	34	233	63	0	11102
14131	160	36	11418	39	0	11653
14132	157	34	139	10906	0	11236
14133	64	56	126	10854	0	11100
14134	57	11161	65	218	0	11501
14135	65	11382	54	159	0	11660
14136	59	227	48	11102	0	11436
14137	62	149	11227	152	0	11590
14138	75	55	131	11100	0	11361
14139	58	41	141	11249	0	11489
14140	58	40	11429	266	0	11793
14141	43	38	162	11417	0	11660
14142	11468	48	167	164	0	11847
14143	150	52	11475	175	0	11852
14144	11305	46	171	83	0	11605
14145	167	30	184	11270	0	11651
14146	165	43	80	11521	0	11809
14147	84	11782	79	279	0	12224
14148	65	137	63	11849	0	12114
14149	68	140	61	12080	0	12349
14150	11957	50	75	319	0	12401
14151	162	43	65	12064	0	12334
14152	168	42	75	12082	0	12367
14153	11589	49	79	320	0	12037
14154	174	37	83	11835	0	12129
14155	181	51	88	11083	0	11403
14156	75	11701	87	306	0	12169
14157	11646	146	58	216	0	12066
14158	179	153	65	11746	0	12143
14159	165	68	54	11895	0	12182
14160	76	52	11727	328	0	12183
14161	78	56	162	11501	0	11797
14162	64	43	168	11688	0	11963
14163	11356	56	55	333	0	11800
14164	11256	59	65	219	0	11599
14165	302	48	60	11401	0	11811
14166	215	52	11192	210	0	11669
14167	89	10927	178	187	0	11381
14168	83	11073	165	99	0	11420
14169	106	252	76	10836	0	11270
14170	10874	180	74	183	0	11311
14171	163	76	39	11022	0	11300
14172	11072	50	37	213	0	11372
14173	169	51	50	11169	0	11439
14174	186	48	45	11111	0	11390
14175	10864	44	55	299	0	11262
14176	10558	46	56	214	0	10874
14177	290	10980	55	91	0	11416
14178	190	11343	56	105	0	11694
14179	70	234	44	10410	0	10758
14180	66	154	44	10571	0	10835
14181	70	49	10403	270	0	10792
14182	9002	34	142	230	0	9408
14183	113	10075	154	99	0	10441
14184	116	9556	51	104	0	9827
14185	9145	152	123	76	0	9496
14186	122	98	9290	72	0	9582
14187	130	24	8863	63	0	9080
14188	69	43	8262	74	0	8448
14189	31	7236	128	30	0	7425
14190	69	29	117	6142	0	6357
14191	8	41	12	6151	0	6212
14192	16	10	12	6235	0	6273
14193	6042	7	8	87	0	6144
14194	5947	7	7	65	0	6026
14195	58	6090	9	34	0	6191
14196	48	25	9	6267	0	6349
14197	29	42	6378	43	0	6492
14198	14	6459	33	56	0	6562
14199	6303	33	44	17	0	6397
14200	40	52	6399	17	0	6508
14201	5485	12	35	30	0	5562
14202	35	13	6379	26	0	6453
14203	40	43	28	5983	0	6094
14204	12	6355	41	45	0	6453
14205	6360	19	10	55	0	6444
14206	34	6445	9	30	0	6518
14207	6257	27	6	18	0	6308
14208	57	35	6	6165	0	6263
14209	51	16	6469	41	0	6577
14210	16	13	22	6574	0	6625
14211	11	11	36	7269	0	7327
14212	16	23	7337	77	0	7453
14213	6568	8	46	62	0	6684
14214	49	7546	43	31	0	7669
14215	7465	44	7	31	0	7547
14216	61	7602	14	45	0	7722
14217	46	47	14	7823	0	7930
14218	18	47	7803	77	0	7945
14219	8817	15	50	60	0	8942
14220	86	9482	48	41	0	9657
14221	72	82	10	9337	0	9501
14222	26	71	9	9738	0	9844
14223	10348	24	22	151	0	10545
14224	10681	15	7	92	0	10795
14225	170	11211	17	42	0	11440
14226	11993	105	12	25	0	12135
14227	11936	103	14	22	0	12075
14228	12184	31	9	30	0	12254
14229	266	27	12227	40	0	12560
14230	158	12055	134	32	0	12379
14231	44	12435	124	30	0	12633
14232	35	241	36	11547	0	11859
14233	36	145	20	12083	0	12284
14234	12097	47	16	242	0	12402
14235	134	12105	16	161	0	12416
14236	12307	145	12	49	0	12513
14237	167	139	11	12037	0	12354
14238	149	36	11	12205	0	12401
14239	12076	25	19	253	0	12373
14240	11838	22	9	157	0	12026
14241	269	37	11751	45	0	12102
14242	163	26	137	11546	0	11872
14243	54	21	11649	150	0	11874
14244	41	28	11465	128	0	11662
14245	41	33	11637	44	0	11755
14246	10977	28	260	21	0	11286
14247	134	22	143	10927	0	11226
14248	140	11	47	10866	0	11064
14249	53	24	24	11233	0	11334
14250	30	28	11121	259	0	11438
14251	40	19	131	10993	0	11183
14252	54	16	116	11137	0	11323
14253	11038	16	32	243	0	11329
14254	11037	27	21	149	0	11234
14255	11311	21	20	54	0	11406
14256	11267	23	25	36	0	11351
14257	306	18	20	11025	0	11369
14258	11172	24	19	159	0	11374
14259	192	40	17	11129	0	11378
14260	181	35	10826	168	0	11210
14261	10583	31	122	154	0	10890
14262	183	10922	135	85	0	11325
14263	162	147	45	10677	0	11031
14264	95	167	25	10409	0	10696
14265	75	10968	30	253	0	11326
14266	10712	157	31	176	0	11076
14267	176	10704	28	101	0	11009
14268	172	169	10648	52	0	11041
14269	105	136	10753	58	0	11052
14270	10372	57	264	63	0	10756
14271	10715	34	156	79	0	10984
14272	280	42	10495	70	0	10887
14273	10400	32	164	53	0	10649
14274	211	38	10590	60	0	10899
14275	10495	33	196	66	0	10790
14276	221	30	10613	88	0	10952
14277	190	35	10648	82	0	10955
14278	106	43	284	9675	0	10108
14279	94	29	193	10145	0	10461
14280	10299	35	87	292	0	10713
14281	10282	34	53	204	0	10573
14282	10414	17	56	104	0	10591
14283	10417	20	47	83	0	10567
14284	340	10108	61	92	0	10601
14285	241	154	49	9667	0	10111
14286	136	10167	62	188	0	10553
14287	130	162	60	10194	0	10546
14288	115	143	51	10056	0	10365
14289	135	69	54	10106	0	10364
14290	131	65	9837	339	0	10372
14291	9131	52	165	229	0	9577
14292	234	9514	161	146	0	10055
14293	215	9774	75	137	0	10201
14294	142	271	9821	120	0	10354
14295	136	180	177	9621	0	10114
14296	131	94	161	9685	0	10071
14297	9572	49	87	323	0	10031
14298	227	57	72	9535	0	9891
14299	233	55	86	9595	0	9969
14300	146	49	72	9706	0	9973
14301	125	50	88	9809	0	10072
14302	9472	28	97	357	0	9954
14303	9525	29	111	244	0	9909
14304	9644	31	86	114	0	9875
14305	364	36	105	9527	0	10032
14306	9632	24	119	225	0	10000
14307	255	30	98	9727	0	10110
14308	236	41	87	9921	0	10285
14309	171	22	9543	339	0	10075
14310	136	27	9214	246	0	9623
14311	123	26	8870	119	0	9138
14312	8445	23	331	118	0	8917
14313	228	58	226	7751	0	8263
14314	226	8411	99	214	0	8950
14315	8528	129	96	197	0	8950
14316	260	128	8422	109	0	8919
14317	7952	45	158	100	0	8255
14318	238	7757	162	92	0	8249
14319	6315	88	51	47	0	6501
14320	167	99	36	6221	0	6523
14321	6130	25	30	126	0	6311
14322	144	5879	36	154	0	6213
14323	151	5587	35	64	0	5837
14324	4853	135	27	37	0	5052
14325	95	4846	28	48	0	5017
14326	61	3768	12	32	0	3873
14327	47	3816	33	13	0	3909
14328	3490	85	127	11	0	3713
14329	3351	41	5	7	0	3404
14330	3363	13	2	8	0	3386
14331	68	18	6	3316	0	3408
14332	52	8	1	3350	0	3411
14333	13	11	3316	71	0	3411
14334	13	5	32	3309	0	3359
14335	12	6	3437	34	0	3489
14336	12	4	34	3354	0	3404
14337	11	4	40	3406	0	3461
14338	3366	4	6	69	0	3445
14339	3293	4	5	50	0	3352
14340	68	3351	7	16	0	3442
14341	48	30	7	3319	0	3404
14342	14	45	3409	37	0	3505
14343	11	11	31	3421	0	3474
14344	11	8	39	3447	0	3505
14345	8	8	7	3478	0	3501
14346	20	6	3368	66	0	3460
14347	17	5	3262	45	0	3329
14348	3276	9	62	14	0	3361
14349	37	8	37	3429	0	3511
14350	44	6	3433	41	0	3524
14351	3185	5	41	52	0	3283
14352	34	3500	41	13	0	3588
14353	3553	32	9	16	0	3610
14354	40	44	3653	18	0	3755
14355	3512	6	34	11	0	3563
14356	36	4	41	3573	0	3654
14357	40	15	3645	35	0	3735
14358	13	3622	31	42	0	3708
14359	3620	28	36	6	0	3690
14360	36	33	8	3572	0	3649
14361	36	9	14	3514	0	3573
14362	10	3633	8	60	0	3711
14363	10	28	9	3646	0	3693
14364	15	34	3629	39	0	3717
14365	10	3622	32	39	0	3703
14366	3632	32	34	13	0	3711
14367	29	33	11	3600	0	3673
14368	43	5	2	3624	0	3674
14369	13	7	3603	63	0	3686
14370	14	9	29	3594	0	3646
14371	22	16	3816	34	0	3888
14372	11	3805	31	41	0	3888
14373	3657	25	52	15	0	3749
14374	3616	32	12	10	0	3670
14375	3649	9	8	15	0	3681
14376	55	3900	8	23	0	3986
14377	34	26	10	3834	0	3904
14378	12	32	8	3839	0	3891
14379	11	10	7	3742	0	3770
14380	3772	8	9	62	0	3851
14381	3731	7	13	43	0	3794
14382	58	9	9	3719	0	3795
14383	44	12	4131	34	0	4221
14384	14	7	26	4106	0	4153
14385	11	7	35	4139	0	4192
14386	14	2	9	4129	0	4154
14387	9	7	5	4147	0	4168
14388	4157	6	9	60	0	4232
14389	28	6	12	4249	0	4295
14390	39	5	5	4217	0	4266
14391	11	4291	11	70	0	4383
14392	9	30	6	4414	0	4459
14393	14	4547	5	59	0	4625
14394	16	25	10	4508	0	4559
14395	4399	40	5	41	0	4485
14396	31	4499	7	53	0	4590
14397	4442	31	10	17	0	4500
14398	42	37	4647	17	0	4743
14399	41	10	26	4547	0	4624
14400	16	6	4761	51	0	4834
14401	12	6	32	4695	0	4745
14402	6	26	43	4580	0	4655
14403	13	4745	13	81	0	4852
14404	9	4875	11	57	0	4952
14405	15	4893	7	14	0	4929
14406	4729	44	11	15	0	4799
14407	20	4591	8	16	0	4635
14408	28	4505	5	9	0	4547
14409	30	39	5	4489	0	4563
14410	4535	23	4	21	0	4583
14411	16	4811	6	29	0	4862
14412	4835	13	3	12	0	4863
14413	4767	27	1	10	0	4805
14414	36	6	5033	10	0	5085
14415	22	5	12	4820	0	4859
14416	6	5	19	5093	0	5123
14417	4	3	5	5122	0	5134
14418	5	7	3	5060	0	5075
14419	9	7	4965	34	0	5015
14420	7	7	4478	27	0	4519
14421	4375	2	24	21	0	4422
14422	13	4873	19	11	0	4916
14423	18	4946	1	11	0	4976
14424	4952	24	3	7	0	4986
14425	8	5017	4	7	0	5036
14426	19	13	3	5065	0	5100
14427	5087	23	1	16	0	5127
14428	20	4	5084	29	0	5137
14429	25	3	11	5063	0	5102
14430	6	12	5250	20	0	5288
14431	4912	3	14	27	0	4956
14432	19	11	5831	11	0	5872
14433	5796	10	11	18	0	5835
14434	6019	9	26	12	0	6066
14435	6072	9	3	6	0	6090
14436	6083	5	3	12	0	6103
14437	6113	5	7	8	0	6133
14438	44	7	5	6104	0	6160
14439	6376	8	6	26	0	6416
14440	16	6	7	6440	0	6469
14441	31	8	4	6422	0	6465
14442	6	10	8	6522	0	6546
14443	19	8	6489	42	0	6558
14444	13	9	14	6331	0	6367
14445	10	10	29	6550	0	6599
14446	11	11	6472	43	0	6537
14447	5637	8	16	46	0	5707
14448	20	12	30	6594	0	6656
14449	42	8	6610	27	0	6687
14450	14	13	6421	36	0	6484
14451	7	6	42	6395	0	6450
14452	21	9	6688	24	0	6742
14453	10	17	15	6709	0	6751
14454	7	5	30	6712	0	6754
14455	13	6764	6	42	0	6825
14456	5	6837	14	40	0	6896
14457	6881	35	5	19	0	6940
14458	27	24	7	6959	0	7017
14459	32	6	10	6883	0	6931
14460	6	4	6	7088	0	7104
14461	20	8	7141	44	0	7213
14462	18	11	19	6933	0	6981
14463	6972	6	34	25	0	7037
14464	30	10	7296	35	0	7371
14465	39	8	18	7399	0	7464
14466	16	7	29	7501	0	7553
14467	13	7	8	7521	0	7549
14468	9	8050	8	54	0	8121
14469	8098	28	11	44	0	8181
14470	8301	38	6	19	0	8364
14471	77	8793	16	21	0	8907
14472	56	41	12	9232	0	9341
14473	38	52	9371	56	0	9517
14474	20	17	9306	69	0	9412
14475	9291	3	130	27	0	9451
14476	79	17	93	9764	0	9953
14477	10182	10	30	76	0	10298
14478	91	10643	14	106	0	10854
14479	102	10791	15	34	0	10942
14480	10530	175	13	22	0	10740
14481	85	11254	14	28	0	11381
14482	114	97	10	11211	0	11432
14483	31	108	19	10445	0	10603
14484	12	11487	13	189	0	11701
14485	11555	90	11	123	0	11779
14486	120	119	11689	21	0	11949
14487	10950	20	101	32	0	11103
14488	122	16	11950	21	0	12109
14489	10401	15	123	53	0	10592
14490	124	24	12077	28	0	12253
14491	117	11848	126	25	0	12116
14492	48	91	121	11709	0	11969
14493	11674	113	42	101	0	11930
14494	113	21	11653	111	0	11898
14495	124	10	11750	33	0	11917
14496	35	24	203	11275	0	11537
14497	22	17	11845	107	0	11991
14498	24	6	112	11468	0	11610
14499	23	7	119	11430	0	11579
14500	21	13	11591	227	0	11852
14501	15	8	105	11508	0	11636
14502	11702	6	119	119	0	11946
14503	90	11735	34	134	0	11993
14504	11879	101	11	41	0	12032
14505	121	112	14	11594	0	11841
14506	11781	28	18	108	0	11935
14507	11842	6	16	137	0	12001
14508	208	15	17	11520	0	11760
14509	131	12048	23	99	0	12301
14510	12097	93	22	125	0	12337
14511	126	117	11774	40	0	12057
14512	142	37	11725	27	0	11931
14513	11441	20	217	28	0	11706
14514	113	15	131	11648	0	11907
14515	136	23	11803	108	0	12070
14516	43	19	109	11763	0	11934
14517	11809	9	127	136	0	12081
14518	12086	21	36	129	0	12272
14519	12026	21	14	41	0	12102
14520	225	12470	31	26	0	12752
14521	131	113	25	12518	0	12787
14522	43	127	20	12594	0	12784
14523	12491	35	19	230	0	12775
14524	118	12582	39	147	0	12886
14525	12543	115	18	50	0	12726
14526	139	120	22	12399	0	12680
14527	12380	36	25	120	0	12561
14528	153	30	12096	139	0	12418
14529	138	12277	116	50	0	12581
14530	73	133	149	11465	0	11820
14531	49	12585	35	103	0	12772
14532	40	126	26	12008	0	12200
14533	11889	121	22	128	0	12160
14534	135	41	11650	133	0	11959
14535	11234	28	126	47	0	11435
14536	132	12153	137	38	0	12460
14537	137	103	48	12273	0	12561
14538	50	117	39	12414	0	12620
14539	12070	30	45	223	0	12368
14540	135	32	12074	149	0	12390
14541	129	31	125	12109	0	12394
14542	65	16	122	12121	0	12324
14543	45	21	48	12211	0	12325
14544	50	27	27	12280	0	12384
14545	12041	27	31	238	0	12337
14546	11913	27	29	157	0	12126
14547	237	29	12071	71	0	12408
14548	177	28	11802	52	0	12059
14549	12283	27	210	70	0	12590
14550	12749	19	135	49	0	12952
14551	235	32	42	12603	0	12912
14552	160	23	47	12660	0	12890
14553	12448	20	45	232	0	12745
14554	136	12529	44	166	0	12875
14555	150	102	47	12576	0	12875
14556	60	112	31	12741	0	12944
14557	52	32	12593	239	0	12916
14558	57	30	110	12419	0	12616
14559	78	30	12720	161	0	12989
14560	52	20	142	12591	0	12805
14561	12467	19	133	154	0	12773
14562	143	16	46	12631	0	12836
14563	157	27	12474	172	0	12830
14564	60	11958	120	188	0	12326
14565	49	113	122	12337	0	12621
14566	67	129	12529	138	0	12863
14567	56	12619	117	165	0	12957
14568	61	138	125	12252	0	12576
14569	49	131	12180	116	0	12476
14570	8945	46	110	177	0	9278
14571	100	11732	111	59	0	12002
14572	93	11240	41	43	0	11417
14573	37	11402	25	46	0	11510
14574	62	169	22	10830	0	11083
14575	40	78	11207	89	0	11414
14576	28	11138	79	96	0	11341
14577	50	210	76	10698	0	11034
14578	11193	56	30	75	0	11354
14579	82	18	18	14421	0	14539
14580	139	16	16899	181	0	17235
14581	32	16991	190	167	0	17380
14582	16229	187	186	44	0	16646
14583	177	16997	39	46	0	17259
14584	227	215	16193	33	0	16668
14585	38	16521	193	35	0	16787
14586	31	228	224	15896	0	16379
14587	44	233	16061	186	0	16524
14588	33	15934	207	215	0	16389
14589	59	230	197	15399	0	15885
14590	27	234	68	15221	0	15550
14591	16	15835	62	341	0	16254
14592	14	232	50	15922	0	16218
14593	21	240	15842	226	0	16329
14594	25	78	15941	231	0	16275
14595	18	78	366	15720	0	16182
14596	15744	59	219	252	0	16274
14597	15659	59	61	259	0	16038
14598	347	71	46	15210	0	15674
14599	202	15658	73	238	0	16171
14600	42	215	87	15742	0	16086
14601	15394	214	85	255	0	15948
14602	228	72	53	15471	0	15824
14603	244	74	34	15532	0	15884
14604	15212	59	47	424	0	15742
14605	208	15299	42	278	0	15827
14606	219	235	58	14927	0	15439
14607	15080	232	41	273	0	15626
14608	240	73	14824	281	0	15418
14609	14641	55	205	134	0	15035
14610	257	55	200	14857	0	15369
14611	14904	76	52	280	0	15312
14612	14779	80	36	286	0	15181
14613	14079	71	53	132	0	14335
14614	429	14474	84	101	0	15088
14615	287	220	14375	100	0	14982
14616	114	14697	236	122	0	15169
14617	14220	246	210	98	0	14774
14618	294	14434	73	89	0	14890
14619	300	252	48	14257	0	14857
14620	13740	263	58	259	0	14320
14621	257	13922	71	258	0	14508
14622	262	282	13957	111	0	14612
14623	140	270	221	13794	0	14425
14624	122	129	14110	296	0	14657
14625	96	14027	259	336	0	14718
14626	102	287	225	13592	0	14206
14627	102	274	79	13830	0	14285
14628	90	120	90	14079	0	14379
14629	108	95	94	13287	0	13584
14630	96	13692	102	460	0	14350
14631	13420	287	75	316	0	14098
14632	262	277	13499	197	0	14235
14633	270	119	252	13530	0	14171
14634	13427	125	272	323	0	14147
14635	304	145	13511	331	0	14291
14636	276	13150	272	181	0	13879
14637	130	352	277	12702	0	13461
14638	141	329	13041	293	0	13804
14639	104	13150	294	349	0	13897
14640	12483	297	293	197	0	13270
14641	271	13127	156	178	0	13732
14642	265	360	120	12629	0	13374
14643	110	329	94	13177	0	13710
14644	12754	162	113	524	0	13553
14645	258	12902	133	387	0	13680
14646	282	321	159	12947	0	13709
14647	12499	337	161	339	0	13336
14648	12174	156	145	382	0	12857
14649	470	12190	120	263	0	13043
14650	12298	327	77	191	0	12893
14651	12280	355	58	201	0	12894
14652	498	198	83	11996	0	12775
14653	360	204	11876	371	0	12811
14654	206	132	257	11786	0	12381
14655	191	142	260	11766	0	12359
14656	180	142	11441	570	0	12333
14657	196	11297	265	402	0	12160
14658	199	303	244	11250	0	11996
14659	142	314	122	11502	0	12080
14660	162	107	131	11647	0	12047
14661	174	121	142	11052	0	11489
14662	165	11324	153	529	0	12171
14663	11401	284	104	375	0	12164
14664	11291	262	70	284	0	11907
14665	11213	115	58	253	0	11639
14666	563	10585	58	236	0	11442
14667	331	345	58	10514	0	11248
14668	174	330	10452	401	0	11357
14669	214	196	255	10026	0	10691
14670	212	10618	250	304	0	11384
14671	10252	305	84	301	0	10942
14672	10203	293	59	220	0	10775
14673	10026	139	83	195	0	10443
14674	475	9938	112	187	0	10712
14675	292	9393	144	177	0	10006
14676	147	9719	134	181	0	10181
14677	236	400	9443	161	0	10240
14678	171	437	8361	148	0	9117
14679	284	1278	256	3647	0	5465
14680	2572	41	109	43	0	2765
14681	2499	12	12	28	0	2551
14682	36	20	8	2628	0	2692
14683	19	16	9	2625	0	2669
14684	10	14	17	2665	0	2706
14685	7	14	11	2683	0	2715
14686	2758	12	8	44	0	2822
14687	2838	17	5	27	0	2887
14688	37	2962	6	26	0	3031
14689	2977	28	6	21	0	3032
14690	2988	26	4	20	0	3038
14691	3017	17	5	15	0	3054
14692	49	15	2804	20	0	2888
14693	2844	13	27	16	0	2900
14694	32	2989	23	17	0	3061
14695	26	36	13	3039	0	3114
14696	19	29	10	2966	0	3024
14697	24	3009	10	56	0	3099
14698	15	34	8	3081	0	3138
14699	3043	24	11	40	0	3118
14700	39	9	6	3089	0	3143
14701	39	16	3048	44	0	3147
14702	2837	15	36	39	0	2927
14703	29	3101	24	27	0	3181
14704	33	28	6	3090	0	3157
14705	18	26	5	3117	0	3166
14706	15	15	6	3142	0	3178
14707	24	15	3075	61	0	3175
14708	22	3017	26	42	0	3107
14709	31	34	20	3032	0	3117
14710	30	25	2982	37	0	3074
14711	26	8	30	2945	0	3009
14712	20	13	2977	33	0	3043
14713	20	56	29	2743	0	2848
14714	13	2911	29	38	0	2991
14715	8	28	5	2810	0	2851
14716	2793	30	6	38	0	2867
14717	2796	7	8	26	0	2837
14718	60	11	2793	17	0	2881
14719	21	6	2612	12	0	2651
14720	9	5	2899	15	0	2928
14721	5	9	45	2811	0	2870
14722	6	9	24	2950	0	2989
14723	7	5	4	2987	0	3003
14724	9	3072	5	64	0	3150
14725	6	22	6	3040	0	3074
14726	6	34	8	3121	0	3169
14727	9	8	4	3257	0	3278
14728	3185	11	7	57	0	3260
14729	3154	6	6	51	0	3217
14730	53	7	3227	19	0	3306
14731	39	6	3167	19	0	3231
14732	3079	10	60	15	0	3164
14733	3258	9	33	16	0	3316
14734	64	11	3468	17	0	3560
14735	52	6	3359	12	0	3429
14736	3261	5	74	13	0	3353
14737	3353	4	45	10	0	3412
14738	61	8	3432	10	0	3511
14739	37	10	34	3308	0	3389
14740	11	2	46	3286	0	3345
14741	10	3499	7	70	0	3586
14742	12	32	6	3560	0	3610
14743	19	42	3755	35	0	3851
14744	8	7	38	3773	0	3826
14745	8	7	52	3788	0	3855
14746	11	4	3736	93	0	3844
14747	3531	7	32	66	0	3636
14748	3758	4	51	16	0	3829
14749	80	5	13	3685	0	3783
14750	54	8	15	3749	0	3826
14751	3754	5	12	84	0	3855
14752	3710	4	11	56	0	3781
14753	3631	2	15	14	0	3662
14754	3731	2	22	13	0	3768
14755	80	3692	17	19	0	3808
14756	3645	30	11	21	0	3707
14757	40	3732	12	17	0	3801
14758	52	32	6	3671	0	3761
14759	9	53	10	3586	0	3658
14760	8	3606	8	103	0	3725
14761	15	35	10	3639	0	3699
14762	18	43	11	3533	0	3605
14763	12	3586	16	88	0	3702
14764	14	34	15	3637	0	3700
14765	13	48	13	3632	0	3706
14766	18	8	14	3672	0	3712
14767	16	7	3593	90	0	3706
14768	16	3501	41	70	0	3628
14769	17	37	49	3179	0	3282
14770	16	3510	14	49	0	3589
14771	3359	35	20	47	0	3461
14772	51	44	3342	17	0	3454
14773	57	7	3268	19	0	3351
14774	3036	25	81	18	0	3160
14775	36	38	55	3161	0	3290
14776	50	5	3129	33	0	3217
14777	21	5	3049	51	0	3126
14778	14	15	68	2929	0	3026
14779	2940	6	48	29	0	3023
14780	2883	5	13	51	0	2952
14781	67	5	12	2931	0	3015
14782	52	10	2865	39	0	2966
14783	18	3010	32	56	0	3116
14784	19	26	46	2953	0	3044
14785	18	42	2997	42	0	3099
14786	10	2958	36	59	0	3063
14787	10	29	41	2827	0	2907
14788	2822	32	10	31	0	2895
14789	32	13	10	2734	0	2789
14790	42	2820	10	33	0	2905
14791	2798	26	13	48	0	2885
14792	39	37	2973	16	0	3065
14793	51	2906	25	35	0	3017
14794	22	22	2937	19	0	3000
14795	2723	35	25	21	0	2804
14796	36	9	37	2750	0	2832
14797	49	8	7	2869	0	2933
14798	2855	6	13	56	0	2930
14799	31	5	12	2888	0	2936
14800	43	6	2847	38	0	2934
14801	2611	9	26	45	0	2691
14802	29	2961	38	21	0	3049
14803	42	23	9	2910	0	2984
14804	2887	41	6	27	0	2961
14805	24	2874	8	54	0	2960
14806	35	40	10	2983	0	3068
14807	3001	32	7	39	0	3079
14808	24	9	14	2988	0	3035
14809	40	3023	4	32	0	3099
14810	15	23	3106	50	0	3194
14811	13	38	25	3139	0	3215
14812	20	6	33	3150	0	3209
14813	3271	6	12	64	0	3353
14814	29	6	9	3297	0	3341
14815	3312	5	7	32	0	3356
14816	3289	13	9	44	0	3355
14817	62	6	10	3243	0	3321
14818	35	3328	7	33	0	3403
14819	10	28	6	3224	0	3268
14820	3079	34	4	23	0	3140
14821	28	3168	8	38	0	3242
14822	30	3301	6	20	0	3357
14823	3263	44	6	5	0	3318
14824	3253	30	5	9	0	3297
14825	39	3352	8	12	0	3411
14826	3367	22	32	9	0	3430
14827	3296	32	0	10	0	3338
14828	52	7	5	3306	0	3370
14829	41	3	3489	33	0	3566
14830	11	6	29	3479	0	3525
14831	6	11	3618	40	0	3675
14832	9	13	34	3573	0	3629
14833	9	4	3676	37	0	3726
14834	3415	3	31	31	0	3480
14835	29	7	32	3541	0	3609
14836	3785	2	7	34	0	3828
14837	41	5	4	3628	0	3678
14838	37	3760	3	38	0	3838
14839	3812	31	7	36	0	3886
14840	38	31	3751	10	0	3830
14841	3532	9	29	10	0	3580
14842	38	3702	34	10	0	3784
14843	3506	24	9	4	0	3543
14844	3451	27	5	5	0	3488
14845	50	3626	2	10	0	3688
14846	35	28	7	3764	0	3834
14847	3731	27	1	35	0	3794
14848	34	3818	8	36	0	3896
14849	44	34	0	3856	0	3934
14850	3850	40	6	35	0	3931
14851	43	10	1	3903	0	3957
14852	41	6	5	3908	0	3960
14853	16	7	2	3964	0	3989
14854	10	7	3859	84	0	3960
14855	7	5	33	3847	0	3892
14856	3848	3	39	47	0	3937
14857	39	7	3907	50	0	4003
14858	46	2	37	3906	0	3991
14859	15	3	41	3987	0	4046
14860	11	10	3955	80	0	4056
14861	3678	7	38	54	0	3777
14862	4005	3	42	24	0	4074
14863	76	7	4062	34	0	4179
14864	59	2	37	3953	0	4051
14865	15	4	46	4137	0	4202
14866	18	8	4311	85	0	4422
14867	12	4	43	4319	0	4378
14868	20	3	42	4425	0	4490
14869	11	10	4548	90	0	4659
14870	4258	6	48	64	0	4376
14871	47	2	52	4628	0	4729
14872	4651	2	14	56	0	4723
14873	4652	9	10	63	0	4734
14874	96	10	4696	27	0	4829
14875	66	2	50	4617	0	4735
14876	4663	4	55	58	0	4780
14877	45	4768	14	72	0	4899
14878	57	38	12	4884	0	4991
14879	27	45	12	4952	0	5036
14880	20	10	11	5053	0	5094
14881	15	5	4981	132	0	5133
14882	4329	5	68	89	0	4491
14883	65	7	61	4802	0	4935
14884	65	3	22	4834	0	4924
14885	26	8	4768	129	0	4931
14886	16	5	66	4767	0	4854
14887	21	4	66	4863	0	4954
14888	4728	2	22	125	0	4877
14889	65	4732	18	85	0	4900
14890	63	57	4683	45	0	4848
14891	4616	54	65	24	0	4759
14892	64	10	70	4609	0	4753
14893	70	7	4751	78	0	4906
14894	28	4	4848	72	0	4952
14895	14	8	123	4779	0	4924
14896	19	5	4945	85	0	5054
14897	24	5	4996	80	0	5105
14898	16	4722	131	45	0	4914
14899	16	58	81	5089	0	5244
14900	29	64	5108	82	0	5283
14901	16	16	73	4950	0	5055
14902	5128	7	93	92	0	5320
14903	69	7	19	5229	0	5324
14904	75	5	25	5312	0	5417
14905	5102	6	18	145	0	5271
14906	5146	6	27	95	0	5274
14907	128	10	21	5376	0	5535
14908	97	6	5516	86	0	5705
14909	27	5429	84	96	0	5636
14910	13	71	83	5368	0	5535
14911	5309	68	28	84	0	5489
14912	5301	19	21	90	0	5431
14913	131	5247	21	52	0	5451
14914	100	5392	18	35	0	5545
14915	5332	128	27	30	0	5517
14916	5348	82	25	33	0	5488
14917	147	21	5505	38	0	5711
14918	98	29	68	5112	0	5307
14919	25	5581	83	77	0	5766
14920	5687	61	28	88	0	5864
14921	73	81	22	5559	0	5735
14922	82	5521	26	81	0	5710
14923	46	62	5569	85	0	5762
14924	28	103	75	4969	0	5175
14925	17	5712	84	65	0	5878
14926	5633	53	28	80	0	5794
14927	5494	69	23	39	0	5625
14928	113	5668	19	43	0	5843
14929	5516	52	19	27	0	5614
14930	5348	73	13	34	0	5468
14931	102	5410	24	35	0	5571
14932	77	5429	23	28	0	5557
14933	108	109	21	5201	0	5439
14934	5215	66	25	66	0	5372
14935	52	23	5384	79	0	5538
14936	4831	9	53	31	0	4924
14937	60	5276	60	19	0	5415
14938	5266	45	33	21	0	5365
14939	5295	61	14	27	0	5397
14940	5342	24	14	25	0	5405
14941	108	30	21	5052	0	5211
14942	74	5231	20	54	0	5379
14943	5189	45	20	58	0	5312
14944	57	69	5237	33	0	5396
14945	56	5172	50	32	0	5310
14946	25	45	54	5151	0	5275
14947	22	38	5094	52	0	5206
14948	19	13	5166	57	0	5255
14949	17	14	73	4982	0	5086
14950	19	12	46	5300	0	5377
14951	17	12	18	5365	0	5412
14952	31	7	8	5261	0	5307
14953	24	5197	13	73	0	5307
14954	14	5351	14	54	0	5433
14955	5325	72	20	21	0	5438
14956	44	48	13	5361	0	5466
14957	56	13	11	5377	0	5457
14958	25	9	19	5482	0	5535
14959	5325	14	12	76	0	5427
14960	5376	22	7	51	0	5456
14961	81	14	10	5371	0	5476
14962	5438	13	9	41	0	5501
14963	5414	10	12	46	0	5482
14964	5500	8	10	29	0	5547
14965	74	15	11	5371	0	5471
14966	56	16	5138	32	0	5242
14967	27	16	4950	39	0	5032
14968	18	16	5130	17	0	5181
14969	18	13	5151	12	0	5194
14970	20	47	64	4959	0	5090
14971	5031	11	49	34	0	5125
14972	4977	12	8	37	0	5034
14973	67	11	5064	13	0	5155
14974	42	10	5136	11	0	5199
14975	10	5423	52	18	0	5503
14976	20	37	30	5463	0	5550
14977	5449	40	10	19	0	5518
14978	33	19	5460	23	0	5535
14979	5145	6	12	14	0	5177
14980	20	5683	23	8	0	5734
14981	27	9	8	5818	0	5862
14982	10	18	5	6102	0	6135
14983	12	15	4	6101	0	6132
14984	6168	6	6	51	0	6231
14985	31	4	3	6211	0	6249
14986	35	13	1	6227	0	6276
14987	6222	3	4	50	0	6279
14988	30	3	6	6207	0	6246
14989	40	17	6425	34	0	6516
14990	6166	4	28	39	0	6237
14991	26	3	35	6516	0	6580
14992	34	13	14	6348	0	6409
14993	15	6473	8	53	0	6549
14994	6498	22	4	43	0	6567
14995	6585	41	3	13	0	6642
14996	66	8	8	6491	0	6573
14997	43	7	6427	26	0	6503
14998	5878	8	25	31	0	5942
14999	31	9	6552	18	0	6610
15000	34	8	29	6413	0	6484
15001	21	4	33	6693	0	6751
15002	6645	2	14	64	0	6725
15003	36	5	8	7034	0	7083
15004	43	4	7128	41	0	7216
15005	6840	4	39	43	0	6926
15006	42	8	7786	24	0	7860
15007	44	5	7742	10	0	7801
15008	7712	4	89	13	0	7818
15009	57	21	53	7862	0	7993
15010	47	8594	14	44	0	8699
15011	8634	38	15	46	0	8733
15012	8579	47	9	15	0	8650
15013	97	9	8611	11	0	8728
15014	8510	9	49	13	0	8581
15015	65	5	45	8899	0	9014
15016	53	5	9226	57	0	9341
15017	18	9015	50	72	0	9155
15018	8851	44	50	23	0	8968
15019	52	9184	15	25	0	9276
15020	81	49	27	9090	0	9247
15021	19	44	3	9218	0	9284
15022	12	7	7	9232	0	9258
15023	16	9	10	9002	0	9037
15024	17	9148	8	105	0	9278
15025	15	40	8875	65	0	8995
15026	9	9081	58	35	0	9183
15027	9053	47	47	23	0	9170
15028	53	48	13	9050	0	9164
15029	9121	16	11	55	0	9203
15030	62	9	11	9153	0	9235
15031	9601	5	10	55	0	9671
15032	61	9820	17	63	0	9961
15033	10164	48	11	25	0	10248
15034	10159	48	10	24	0	10241
15035	10049	12	12	13	0	10086
15036	10178	12	11	16	0	10217
15037	113	10181	11	19	0	10324
15038	68	54	10166	15	0	10303
15039	28	49	56	10167	0	10300
15040	10244	12	57	68	0	10381
15041	10368	5	16	60	0	10449
15042	110	6	15	10507	0	10638
15043	67	14	10879	68	0	11028
15044	31	11	59	10513	0	10614
15045	22	11043	67	91	0	11223
15046	11041	59	18	74	0	11192
15047	72	61	19	10968	0	11120
15048	77	11067	9	67	0	11220
15049	24	11568	19	81	0	11692
15050	23	11774	13	29	0	11839
15051	19	139	9	11781	0	11948
15052	11824	78	11	73	0	11986
15053	82	12031	13	87	0	12213
15054	90	75	17	12074	0	12256
15055	12003	78	15	83	0	12179
15056	79	33	11	12078	0	12201
15057	12056	14	19	97	0	12186
15058	11998	20	5	95	0	12118
15059	154	13019	26	40	0	13239
15060	132	86	12	12100	0	12330
15061	40	13149	14	79	0	13282
15062	13034	91	20	73	0	13218
15063	13051	82	12	40	0	13185
15064	13327	27	20	27	0	13401
15065	186	20	14	13211	0	13431
15066	105	32	13277	93	0	13507
15067	12726	24	89	94	0	12933
15068	13335	26	77	46	0	13484
15069	171	23	25	12933	0	13152
15070	124	13457	17	91	0	13689
15071	56	90	16	13481	0	13643
15072	49	101	19	13631	0	13800
15073	13517	45	19	172	0	13753
15074	13342	40	16	103	0	13501
15075	181	26	13030	57	0	13294
15076	129	29	81	12885	0	13124
15077	13171	38	77	99	0	13385
15078	106	40	28	13217	0	13391
15079	115	39	13389	119	0	13662
15080	61	12949	76	133	0	13219
15081	58	13303	77	62	0	13500
15082	14014	156	19	48	0	14237
15083	120	110	25	14703	0	14958
15084	118	42	13	16466	0	16639
15085	16450	37	19	234	0	16740
15086	175	28	16641	149	0	16993
15087	164	38	123	16107	0	16432
15088	64	36	16868	159	0	17127
15089	62	16858	144	149	0	17213
15090	17294	139	125	63	0	17621
15091	17452	130	37	50	0	17669
15092	17590	45	27	34	0	17696
15093	294	43	17282	48	0	17667
15094	17239	29	129	49	0	17446
15095	17501	28	127	46	0	17702
15096	296	31	36	17351	0	17714
15097	15326	30	96	168	0	15620
15098	169	39	17253	143	0	17604
15099	16715	36	132	60	0	16943
15100	195	35	17201	61	0	17492
15101	181	17629	148	48	0	18006
15102	113	290	148	15164	0	15715
15103	71	17558	52	114	0	17795
15104	124	158	17072	111	0	17465
15105	72	17486	146	57	0	17761
15106	15895	166	116	52	0	16229
15107	135	16377	40	47	0	16599
15108	131	15950	31	54	0	16166
15109	90	198	15575	33	0	15896
15110	60	133	127	15197	0	15517
15111	15473	52	109	130	0	15764
15112	142	44	15679	137	0	16002
15113	143	15659	125	59	0	15986
15114	68	117	137	15036	0	15358
15115	52	134	15596	155	0	15937
15116	87	39	15323	127	0	15576
15117	72	43	243	14995	0	15353
15118	84	40	15515	149	0	15788
15119	85	51	162	13628	0	13926
15120	51	15016	162	137	0	15366
15121	101	140	58	14326	0	14625
15122	96	15098	64	141	0	15399
15123	100	150	53	15005	0	15308
15124	14698	117	62	155	0	15032
15125	179	56	67	14595	0	14897
15126	180	14791	63	159	0	15193
15127	71	150	56	15016	0	15293
15128	96	126	14922	174	0	15318
15129	104	52	155	14794	0	15105
15130	14708	46	161	154	0	15069
15131	187	49	14460	152	0	14848
15132	163	86	172	14108	0	14529
15133	13922	57	137	166	0	14282
15134	176	13930	76	169	0	14351
15135	177	165	81	13645	0	14068
15136	13882	151	84	154	0	14271
15137	190	75	84	13915	0	14264
15138	200	77	13991	170	0	14438
15139	13153	94	188	170	0	13605
15140	171	14062	179	86	0	14498
15141	154	13997	109	94	0	14354
15142	14009	239	141	79	0	14468
15143	13660	168	110	71	0	14009
15144	250	117	86	13415	0	13868
15145	13643	97	81	170	0	13991
15146	190	103	13567	148	0	14008
15147	13124	76	210	118	0	13528
15148	178	13396	181	130	0	13885
15149	13208	141	119	117	0	13585
15150	209	143	13308	112	0	13772
15151	205	134	187	13016	0	13542
15152	142	78	220	13120	0	13560
15153	134	107	161	12088	0	12490
15154	152	13090	143	238	0	13623
15155	13230	152	126	180	0	13688
15156	295	150	134	11765	0	12344
15157	264	12582	116	162	0	13124
15158	13621	159	128	180	0	14088
15159	12685	147	155	117	0	13104
15160	12959	98	139	137	0	13333
15161	12900	125	108	137	0	13270
15162	12563	86	141	157	0	12947
15163	279	135	113	12527	0	13054
15164	210	122	140	12416	0	12888
15165	12265	148	141	249	0	12803
15166	178	149	155	12318	0	12800
15167	201	181	104	12178	0	12664
15168	120	159	11830	280	0	12389
15169	11754	182	229	217	0	12382
15170	12088	149	238	165	0	12640
15171	12189	196	147	133	0	12665
15172	277	200	152	10953	0	11582
15173	219	11861	143	207	0	12430
15174	12629	215	152	219	0	13215
15175	12265	206	166	213	0	12850
15176	300	111	168	13099	0	13678
15177	12999	113	159	277	0	13548
15178	270	221	11268	285	0	12044
15179	217	13535	222	212	0	14186
15180	185	13797	209	225	0	14416
15181	211	291	13393	241	0	14136
15182	123	12327	260	212	0	12922
15183	139	11584	204	261	0	12188
15184	9521	157	194	128	0	10000
15185	117	9503	73	160	0	9853
15186	140	130	75	9505	0	9850
15187	9753	93	51	187	0	10084
15188	158	79	9447	145	0	9829
15189	9059	74	70	165	0	9368
15190	130	87	9256	140	0	9613
15191	129	52	9126	130	0	9437
15192	8591	61	104	117	0	8873
15193	112	39	9226	136	0	9513
15194	119	9114	85	71	0	9389
15195	72	56	85	9066	0	9279
15196	9067	59	55	93	0	9274
15197	132	8966	31	87	0	9216
15198	91	98	45	8967	0	9201
15199	111	63	8842	98	0	9114
15200	116	49	43	8802	0	9010
15201	8518	44	72	105	0	8739
15202	130	29	8492	78	0	8729
15203	140	38	58	8240	0	8476
15204	8404	76	62	81	0	8623
15205	8627	39	38	78	0	8782
15206	181	51	32	8522	0	8786
15207	145	42	21	8663	0	8871
15208	97	38	8973	122	0	9230
15209	98	21	8877	83	0	9079
15210	8547	12	99	62	0	8720
15211	9173	28	52	38	0	9291
15212	127	9209	29	41	0	9406
15213	9189	43	36	23	0	9291
15214	9347	48	40	50	0	9485
15215	108	32	10215	72	0	10427
15216	69	10452	57	79	0	10657
15217	10652	56	55	31	0	10794
15218	10635	45	21	14	0	10715
15219	10902	17	11	20	0	10950
15220	99	19	6	10725	0	10849
15221	75	14	7	10747	0	10843
15222	31	10844	6	90	0	10971
15223	30	51	5	10969	0	11055
15224	10894	46	9	52	0	11001
15225	66	14	6	10948	0	11034
15226	72	6	10878	69	0	11025
15227	42	10	10704	56	0	10812
15228	30	4	86	10670	0	10790
15229	29	9	11057	74	0	11169
15230	22	9	11027	75	0	11133
15231	26	9	103	10175	0	10313
15232	24	7	58	11122	0	11211
15233	34	7	11236	104	0	11381
15234	36	6	11282	78	0	11402
15235	23	11444	96	41	0	11604
15236	11453	52	75	14	0	11594
15237	63	11791	21	25	0	11900
15238	11611	52	14	23	0	11700
15239	11845	54	9	14	0	11922
15240	98	11990	8	21	0	12117
15241	12076	57	8	14	0	12155
15242	69	60	9	11848	0	11986
15243	74	21	12199	72	0	12366
15244	23	11	63	11812	0	11909
15245	14	10	59	12234	0	12317
15246	11800	9	14	111	0	11934
15247	11744	6	9	75	0	11834
15248	11857	3	7	30	0	11897
15249	11860	9	18	15	0	11902
15250	11407	10	15	14	0	11446
15251	133	11336	15	16	0	11500
15252	81	61	10	11496	0	11648
15253	28	67	11698	78	0	11871
15254	17	13	66	11491	0	11587
15255	19	14	65	11670	0	11768
15256	20	7	18	12252	0	12297
15257	12938	9	11	142	0	13100
15258	98	6	10	13069	0	13183
15259	13335	8	10	107	0	13460
15260	124	19	14242	101	0	14486
15261	117	5	92	16583	0	16797
15262	38	10	17399	162	0	17609
15263	16871	8	165	163	0	17207
15264	148	9	167	17252	0	17576
15265	184	14	17706	165	0	18069
15266	42	43	151	17633	0	17869
15267	17694	12	179	171	0	18056
15268	156	17	18280	187	0	18640
15269	17930	8	146	49	0	18133
15270	18561	10	172	35	0	18778
15271	18454	3	48	37	0	18542
15272	17988	14	31	31	0	18064
15273	333	18137	28	51	0	18549
15274	206	17643	31	40	0	17920
15275	52	17715	30	40	0	17837
15276	72	439	31	15579	0	16121
15277	30	16551	44	130	0	16755
15278	15946	131	33	148	0	16258
15279	131	16035	35	58	0	16259
15280	170	16123	35	40	0	16368
15281	61	260	28	15992	0	16341
15282	58	174	21	16223	0	16476
15283	16000	31	21	275	0	16327
15284	143	31	34	16229	0	16437
15285	180	35	15817	159	0	16191
15286	80	43	15120	182	0	15425
15287	68	24	15849	58	0	15999
15288	57	29	280	14869	0	15235
15289	71	21	172	16170	0	16434
15290	71	40	15981	287	0	16379
15291	56	39	15736	193	0	16024
15292	58	50	16397	69	0	16574
15293	15851	37	314	46	0	16248
15294	185	47	189	16567	0	16988
15295	186	36	43	16747	0	17012
15296	16680	39	44	313	0	17076
15297	175	43	39	16554	0	16811
15298	192	16758	53	184	0	17187
15299	52	17223	41	222	0	17538
15300	61	299	27	16998	0	17385
15301	17058	181	43	200	0	17482
15302	16904	46	49	199	0	17198
15303	17163	29	53	82	0	17327
15304	334	25	49	16991	0	17399
15305	208	38	16847	198	0	17291
15306	68	24	183	16762	0	17037
15307	73	25	16855	232	0	17185
15308	15297	24	191	237	0	15749
15309	186	31	217	16250	0	16684
15310	15882	21	80	200	0	16183
15311	197	25	16191	223	0	16636
15312	14226	18	196	94	0	14534
15313	220	35	16755	100	0	17110
15314	223	16135	183	67	0	16608
15315	92	15834	188	88	0	16202
15316	15439	291	82	73	0	15885
15317	194	196	39	15349	0	15778
15318	212	66	15532	203	0	16013
15319	71	15346	169	209	0	15795
15320	77	15724	178	83	0	16062
15321	72	291	59	15557	0	15979
15322	15744	178	41	185	0	16148
15323	15694	50	45	202	0	15991
15324	312	15791	67	96	0	16266
15325	15704	158	56	80	0	15998
15326	197	182	62	15694	0	16135
15327	233	55	15727	193	0	16208
15328	77	15801	182	261	0	16321
15329	85	159	205	15719	0	16168
15330	79	174	93	15816	0	16162
15331	15596	59	69	336	0	16060
15332	206	53	15636	213	0	16108
15333	15200	47	179	83	0	15509
15334	15553	55	200	70	0	15878
15335	361	44	63	15370	0	15838
15336	244	43	45	15586	0	15918
15337	15212	44	57	334	0	15647
15338	203	78	50	15179	0	15510
15339	201	79	14955	194	0	15429
15340	82	56	14795	210	0	15143
15341	79	14765	286	85	0	15215
15342	82	15450	185	70	0	15787
15343	75	312	46	13972	0	14405
15344	66	14924	44	174	0	15208
15345	14787	179	44	196	0	15206
15346	159	15328	53	94	0	15634
15347	190	171	49	15054	0	15464
15348	72	185	38	15383	0	15678
15349	68	61	15241	337	0	15707
15350	73	35	177	15031	0	15316
15351	63	25	207	15245	0	15540
15352	64	15555	78	336	0	16033
15353	59	166	59	15507	0	15791
15354	39	183	59	15758	0	16039
15355	99	54	15497	374	0	16024
15356	67	15268	198	236	0	15769
15357	67	758	184	12892	0	13901
15358	46	14285	65	177	0	14573
15359	67	158	13479	166	0	13870
15360	34	12994	134	67	0	13229
15361	9915	253	208	47	0	10423
15362	9491	68	33	18	0	9610
15363	9512	18	7	22	0	9559
15364	132	9643	10	18	0	9803
15365	9597	76	12	20	0	9705
15366	77	60	14	9467	0	9618
15367	9265	17	17	74	0	9373
15368	73	9052	13	70	0	9208
15369	8968	71	9	24	0	9072
15370	9304	61	8	16	0	9389
15371	133	9538	9	21	0	9701
15372	79	84	9534	17	0	9714
15373	23	84	83	10230	0	10420
15374	25	27	11090	109	0	11251
15375	15	23	109	11237	0	11384
15376	16	16	92	11916	0	12040
15377	25	22	12171	205	0	12423
15378	11	22	115	12093	0	12241
15379	12113	17	128	141	0	12399
15380	128	9	12267	173	0	12577
15381	112	12251	136	45	0	12544
15382	23	133	113	11946	0	12215
15383	23	125	17	12342	0	12507
15384	25	20	12324	242	0	12611
15385	34	26	117	11404	0	11581
15386	23	12263	122	120	0	12528
15387	11686	118	31	122	0	11957
15388	103	12155	27	40	0	12325
15389	11318	126	18	33	0	11495
15390	101	11669	21	45	0	11836
15391	98	11873	23	48	0	12042
15392	34	196	11273	24	0	11527
15393	51	144	113	11209	0	11517
15394	23	34	115	11167	0	11339
15395	28	25	29	11497	0	11579
15396	24	12222	34	232	0	12512
15397	31	133	30	12317	0	12511
15398	12340	125	22	180	0	12667
15399	136	36	35	12463	0	12670
15400	12370	19	38	174	0	12601
15401	154	34	12453	193	0	12834
15402	12154	26	151	62	0	12393
15403	146	30	152	12446	0	12774
15404	156	37	32	12886	0	13111
15405	12940	32	39	276	0	13287
15406	144	59	13187	176	0	13566
15407	150	13160	158	71	0	13539
15408	43	162	148	13112	0	13465
15409	13364	154	39	165	0	13722
15410	13361	55	31	162	0	13609
15411	266	57	21	13240	0	13584
15412	171	47	13506	169	0	13893
15413	12471	42	142	183	0	12838
15414	164	54	13226	73	0	13517
15415	161	43	175	12851	0	13230
15416	51	47	13206	198	0	13502
15417	52	56	158	12962	0	13228
15418	48	40	12856	211	0	13155
15419	32	12968	161	242	0	13403
15420	120	145	172	10642	0	11079
15421	45	13086	54	149	0	13334
15422	13030	146	39	146	0	13361
15423	13004	132	36	76	0	13248
15424	282	40	12922	69	0	13313
15425	189	36	142	12633	0	13000
15426	12870	24	154	183	0	13231
15427	179	30	54	12904	0	13167
15428	180	24	41	12745	0	12990
15429	76	39	12656	290	0	13061
15430	11677	39	166	190	0	12072
15431	170	35	12861	110	0	13176
15432	179	31	177	12293	0	12680
15433	97	33	12776	192	0	13098
15434	12447	26	188	195	0	12856
15435	12660	23	176	107	0	12966
15436	12679	39	89	85	0	12892
15437	287	36	85	12397	0	12805
15438	185	36	12565	204	0	12990
15439	73	47	12737	199	0	13056
15440	70	60	296	11276	0	11702
15441	81	12575	188	199	0	13043
15442	12156	154	109	170	0	12589
15443	196	145	65	12272	0	12678
15444	193	72	12449	203	0	12917
15445	124	55	170	12504	0	12853
15446	119	48	13016	221	0	13404
15447	90	46	196	12936	0	13268
15448	103	25	13384	234	0	13746
15449	102	44	13216	215	0	13577
15450	88	12734	306	166	0	13294
15451	87	128	13006	156	0	13377
15452	99	140	13058	118	0	13415
15453	131	77	318	9948	0	10474
15454	114	76	226	10775	0	11191
15455	89	12565	117	281	0	13052
15456	12407	127	116	167	0	12817
15457	195	12547	118	110	0	12970
15458	204	143	93	12073	0	12513
15459	12333	137	101	182	0	12753
15460	183	54	94	12357	0	12688
15461	12378	52	105	209	0	12744
15462	185	41	117	12626	0	12969
15463	185	53	12700	240	0	13178
15464	98	56	197	12662	0	13013
15465	103	50	187	12591	0	12931
15466	12661	39	126	320	0	13146
15467	12552	36	129	226	0	12943
15468	12206	33	150	146	0	12535
15469	277	12423	150	140	0	12990
15470	177	12175	135	131	0	12618
15471	11823	192	145	128	0	12288
15472	171	150	12372	95	0	12788
15473	175	56	11563	110	0	11904
15474	125	366	265	10089	0	10845
15475	84	40	10847	126	0	11097
15476	84	34	10255	149	0	10522
15477	9204	46	207	87	0	9544
15478	9287	38	144	74	0	9543
15479	200	10042	75	75	0	10392
15480	133	10323	69	102	0	10627
15481	99	193	92	7749	0	8133
15482	71	10332	86	125	0	10614
15483	10400	81	88	127	0	10696
15484	133	107	88	9245	0	9573
15485	121	10349	71	138	0	10679
15486	10538	84	71	129	0	10822
15487	123	107	10714	73	0	11017
15488	130	40	10538	84	0	10792
15489	9916	33	212	72	0	10233
15490	114	32	10370	82	0	10598
15491	9333	24	138	73	0	9568
15492	125	54	139	10261	0	10579
15493	111	35	10346	122	0	10614
15494	54	10224	143	123	0	10544
15495	58	10342	136	65	0	10601
15496	9244	96	79	40	0	9459
15497	76	9467	63	56	0	9662
15498	8851	42	65	38	0	8996
15499	8751	48	65	27	0	8891
15500	104	8847	53	36	0	9040
15501	71	40	45	8781	0	8937
15502	40	51	9045	59	0	9195
15503	24	9382	66	62	0	9534
15504	38	121	72	9280	0	9511
15505	15	124	33	9996	0	10168
15506	9809	8	12	117	0	9946
15507	59	6	18	9778	0	9861
15508	71	8	9745	103	0	9927
15509	8	9665	80	83	0	9836
15510	14	77	82	9699	0	9872
15511	9771	69	18	69	0	9927
15512	9921	10	18	76	0	10025
15513	128	7	24	9973	0	10132
15514	10017	17	28	72	0	10134
15515	86	15	10156	79	0	10336
15516	87	14	91	9983	0	10175
15517	21	8	10411	93	0	10533
15518	14	18	85	11066	0	11183
15519	14	6	96	10936	0	11052
15520	25	19	27	11062	0	11133
15521	19	15	16	10905	0	10955
15522	18	24	12	10946	0	11000
15523	10697	21	8	226	0	10952
15524	10719	15	9	135	0	10878
15525	206	10867	8	46	0	11127
15526	10964	99	7	39	0	11109
15527	119	112	10	10925	0	11166
15528	123	14	16	11046	0	11199
15529	34	6	23	11089	0	11152
15530	23	18	11161	227	0	11429
15531	40	17	101	10271	0	10429
15532	38	11039	117	127	0	11321
15533	10897	106	30	127	0	11160
15534	10790	122	12	45	0	10969
15535	231	24	10876	43	0	11174
15536	136	10883	124	43	0	11186
15537	36	110	125	10748	0	11019
15538	47	123	11021	112	0	11303
15539	47	39	113	9881	0	10080
15540	20	10684	138	131	0	10973
15541	10248	107	45	134	0	10534
15542	108	10600	30	68	0	10806
15543	134	118	10453	47	0	10752
15544	47	124	10414	41	0	10626
15545	32	10325	207	33	0	10597
15546	27	9954	109	31	0	10121
15547	9528	199	48	28	0	9803
15548	9558	119	13	36	0	9726
15549	188	17	18	9473	0	9696
15550	112	20	9543	136	0	9811
15551	30	25	104	9363	0	9522
15552	18	14	105	9446	0	9583
15553	9257	22	18	208	0	9505
15554	9037	17	16	129	0	9199
15555	212	19	10	9531	0	9772
15556	131	9	9717	112	0	9969
15557	22	9714	114	131	0	9981
15558	9577	104	109	52	0	9842
15559	109	10057	28	37	0	10231
15560	119	117	17	10027	0	10280
15561	29	122	11	10461	0	10623
15562	35	27	21	10462	0	10545
15563	29	22	17	10247	0	10315
15564	9938	16	21	264	0	10239
15565	131	24	33	9940	0	10128
15566	135	9873	12	162	0	10182
15567	33	134	17	9954	0	10138
15568	9506	124	17	159	0	9806
15569	129	9648	19	167	0	9963
15570	130	120	20	9550	0	9820
15571	30	131	9435	157	0	9753
15572	8901	34	124	163	0	9222
15573	139	26	123	9274	0	9562
15574	159	21	9143	158	0	9481
15575	55	32	8998	156	0	9241
15576	53	33	231	8847	0	9164
15577	8879	17	175	148	0	9219
15578	8932	39	30	157	0	9158
15579	233	9226	18	60	0	9537
15580	9149	120	28	50	0	9347
15581	9068	133	21	62	0	9284
15582	9112	28	18	73	0	9231
15583	8915	15	36	58	0	9024
15584	239	22	28	8677	0	8966
15585	154	30	22	8787	0	8993
15586	56	37	8465	260	0	8818
15587	56	8122	117	166	0	8461
15588	34	8318	125	76	0	8553
15589	36	225	8189	57	0	8507
15590	7948	165	122	68	0	8303
15591	127	36	126	8222	0	8511
15592	8310	27	32	152	0	8521
15593	8214	26	17	149	0	8406
15594	248	43	8011	69	0	8371
15595	144	26	124	7929	0	8223
15596	8038	36	135	136	0	8345
15597	137	24	30	8135	0	8326
15598	150	40	8077	154	0	8421
15599	60	183	119	7469	0	7831
15600	37	8183	132	140	0	8492
15601	47	8346	40	128	0	8561
15602	73	209	7927	55	0	8264
15603	42	7724	124	48	0	7938
15604	6935	145	137	74	0	7291
15605	6603	81	31	46	0	6761
15606	149	20	33	6523	0	6725
15607	110	18	21	6557	0	6706
15608	33	32	18	6669	0	6752
15609	6428	29	17	155	0	6629
15610	92	6499	27	100	0	6718
15611	6333	78	12	36	0	6459
15612	6106	74	17	27	0	6224
15613	155	6142	13	40	0	6350
15614	5804	58	9	37	0	5908
15615	75	5867	25	31	0	5998
15616	5796	66	17	52	0	5931
15617	85	70	5692	45	0	5892
15618	4539	16	99	26	0	4680
15619	44	4825	43	23	0	4935
15620	80	38	31	4792	0	4941
15621	21	37	9	4981	0	5048
15622	21	14	6	5105	0	5146
15623	5112	4	8	101	0	5225
15624	57	5	7	5260	0	5329
15625	61	15	5124	65	0	5265
15626	4928	8	45	68	0	5049
15627	55	15	5143	28	0	5241
15628	67	22	43	5014	0	5146
15629	19	13	5195	62	0	5289
15630	15	29	55	4814	0	4913
15631	11	5094	56	52	0	5213
15632	13	48	17	4899	0	4977
15633	23	5105	21	43	0	5192
15634	26	46	18	5096	0	5186
15635	5062	55	11	53	0	5181
15636	65	8	9	5267	0	5349
15637	5287	2	15	57	0	5361
15638	65	10	5038	61	0	5174
15639	5026	11	42	20	0	5099
15640	5139	11	45	20	0	5215
15641	5158	13	7	16	0	5194
15642	102	11	12	5170	0	5295
15643	5095	17	3	55	0	5170
15644	61	19	4960	57	0	5097
15645	4953	16	53	21	0	5043
15646	63	16	5041	20	0	5140
15647	4985	12	53	17	0	5067
15648	65	19	50	5099	0	5233
15649	69	22	5279	53	0	5423
15650	24	10	52	5279	0	5365
15651	26	10	50	5384	0	5470
15652	39	7	5337	104	0	5487
15653	4748	10	49	78	0	4885
15654	51	5484	58	39	0	5632
15655	5325	38	19	15	0	5397
15656	55	5230	11	27	0	5323
15657	5015	42	24	14	0	5095
15658	59	36	4988	23	0	5106
15659	4273	35	79	16	0	4403
15660	29	4551	32	10	0	4622
15661	29	17	21	4327	0	4394
15662	8	17	2	4487	0	4514
15663	15	7	0	4505	0	4527
15664	4	4	4552	44	0	4604
15665	16	5	16	4450	0	4487
15666	11	4	4875	34	0	4924
15667	5051	3	19	25	0	5098
15668	5448	2	32	13	0	5495
15669	66	4	4	5608	0	5682
15670	46	3	5790	39	0	5878
15671	5438	3	32	50	0	5523
15672	33	7	7316	8	0	7364
15673	52	3	50	7174	0	7279
15674	6	3	64	7447	0	7520
15675	17	3	4	7711	0	7735
15676	8	9	5	7809	0	7831
15677	7507	6	9	108	0	7630
15678	45	7601	13	87	0	7746
15679	73	45	7351	13	0	7482
15680	10	7464	55	16	0	7545
15681	7424	46	60	12	0	7542
15682	53	71	9	7444	0	7577
15683	7517	4	6	57	0	7584
15684	49	12	10	7517	0	7588
15685	74	1	8	7528	0	7611
15686	15	5	11	7614	0	7645
15687	14	3	7521	121	0	7659
15688	10	7388	61	75	0	7534
15689	17	46	7567	22	0	7652
15690	15	63	52	7423	0	7553
15691	7582	7	67	63	0	7719
15692	7491	7	22	84	0	7604
15693	7503	9	6	29	0	7547
15694	113	7635	17	21	0	7786
15695	7804	46	15	27	0	7892
15696	61	65	13	7789	0	7928
15697	79	11	10	7828	0	7928
15698	21	7	12	7804	0	7844
15699	18	7987	15	131	0	8151
15700	30	58	13	7176	0	7277
15701	21	7780	16	67	0	7884
15702	7641	54	15	79	0	7789
15703	7663	67	16	28	0	7774
15704	122	12	11	7739	0	7884
15705	86	13	7676	78	0	7853
15706	7419	9	52	98	0	7578
15707	66	17	74	7783	0	7940
15708	87	19	7762	66	0	7934
15709	7194	13	65	92	0	7364
15710	64	15	71	7784	0	7934
15711	7726	13	12	75	0	7826
15712	69	7731	13	107	0	7920
15713	85	63	11	7604	0	7763
15714	25	7970	19	74	0	8088
15715	25	72	9	7873	0	7979
15716	24	8019	24	94	0	8161
15717	27	60	18	8090	0	8195
15718	33	80	7970	72	0	8155
15719	6165	16	51	116	0	6348
15720	61	7887	68	36	0	8052
15721	84	53	7675	30	0	7842
15722	7328	62	55	24	0	7469
15723	68	20	62	7707	0	7857
15724	80	12	7656	81	0	7829
15725	24	7681	50	106	0	7861
15726	27	47	69	7761	0	7904
15727	30	58	7836	67	0	7991
15728	20	45	47	7748	0	7860
15729	29	12	56	7840	0	7937
15730	34	19	7995	120	0	8168
15731	24	14	48	7997	0	8083
15732	23	29	8224	73	0	8349
15733	28	21	50	8158	0	8257
15734	18	33	8556	80	0	8687
15735	29	18	57	8435	0	8539
15736	35	24	57	8434	0	8550
15737	31	15	26	8271	0	8343
15738	36	8428	23	121	0	8608
15739	8398	60	24	86	0	8568
15740	8386	62	28	57	0	8533
15741	115	28	29	8536	0	8708
15742	8564	15	24	94	0	8697
15743	61	23	8599	102	0	8785
15744	78	8718	60	69	0	8925
15745	8696	51	72	62	0	8881
15746	65	8877	29	55	0	9026
15747	77	68	24	8802	0	8971
15748	33	68	31	8870	0	9002
15749	8564	41	24	115	0	8744
15750	69	21	22	8529	0	8641
15751	83	23	8520	93	0	8719
15752	34	8482	56	102	0	8674
15753	8430	57	65	51	0	8603
15754	63	71	22	8302	0	8458
15755	75	8602	25	87	0	8789
15756	42	59	27	8217	0	8345
15757	27	8752	28	75	0	8882
15758	8692	63	21	91	0	8867
15759	8602	63	33	45	0	8743
15760	109	35	8607	57	0	8808
15761	92	20	8592	46	0	8750
15762	43	23	95	8378	0	8539
15763	30	8792	77	77	0	8976
15764	38	55	27	8849	0	8969
15765	8749	61	24	87	0	8921
15766	64	25	8484	86	0	8659
15767	54	32	53	7802	0	7941
15768	24	14	7905	66	0	8009
15769	26	9	7632	58	0	7725
15770	16	7908	72	35	0	8031
15771	130	197	78	7315	0	7720
15772	6365	30	29	26	0	6450
15773	21	7	6438	31	0	6497
15774	12	6306	12	10	0	6340
15775	6099	6	7	9	0	6121
15776	7	7	3	6137	0	6154
15777	6377	2	4	20	0	6403
15778	6407	3	2	16	0	6428
15779	6390	1	15	9	0	6415
15780	15	7	6763	7	0	6792
15781	6244	5	5	12	0	6266
15782	6739	2	8	3	0	6752
15783	14	7119	9	3	0	7145
15784	11	24	7	7137	0	7179
15785	5	8	1	7130	0	7144
15786	3	4	1	7209	0	7217
15787	7154	2	2	19	0	7177
15788	6842	3	5	20	0	6870
15789	24	4	7112	8	0	7148
15790	19	3	10	6976	0	7008
15791	4	7119	14	18	0	7155
15792	7106	9	3	14	0	7132
15793	17	12	7206	4	0	7239
15794	17	3	11	6899	0	6930
15795	5	3	14	7055	0	7077
15796	5	7127	8	27	0	7167
15797	2	11	4	7107	0	7124
15798	5	14	3	6936	0	6958
15799	5	4	2	7020	0	7031
15800	6971	1	5	24	0	7001
15801	7	2	6	6938	0	6953
15802	13	3	3	6941	0	6960
15803	7051	2	0	32	0	7085
15804	13	5	2	7029	0	7049
15805	15	8016	5	23	0	8059
15806	8301	29	6	21	0	8357
15807	8785	35	6	26	0	8852
15808	9121	7	2	5	0	9135
15809	10068	6	3	11	0	10088
15810	98	11116	10	38	0	11262
15811	12649	74	4	7	0	12734
15812	12658	78	3	13	0	12752
15813	193	11	1	12637	0	12842
15814	118	26	12582	109	0	12835
15815	39	4	99	12582	0	12724
15816	27	4	98	12515	0	12644
15817	14	7	15	12499	0	12535
15818	11	5	11	12532	0	12559
15819	18	6	5	12631	0	12660
15820	12238	4	7	213	0	12462
15821	106	9	1	12438	0	12554
15822	111	13	12511	136	0	12771
15823	40	4	102	12034	0	12180
15824	16	12522	101	140	0	12779
15825	17	122	22	12546	0	12707
15826	27	109	12563	118	0	12817
15827	10848	11	114	162	0	11135
15828	11693	15	109	42	0	11859
15829	209	8	12872	40	0	13129
15830	116	12799	121	20	0	13056
15831	12931	117	123	27	0	13198
15832	12937	106	17	19	0	13079
15833	13038	19	15	27	0	13099
15834	12768	10	13	22	0	12813
15835	264	20	9	12486	0	12779
15836	171	34	12712	135	0	13052
15837	78	18	117	12628	0	12841
15838	77	14	111	12933	0	13135
15839	77	20	12944	246	0	13287
15840	53	35	12802	160	0	13050
15841	12215	16	221	88	0	12540
15842	154	12889	134	97	0	13274
15843	148	108	37	12863	0	13156
15844	60	109	12740	205	0	13114
15845	11695	21	142	225	0	12083
15846	166	18	12763	123	0	13070
15847	12026	12	151	135	0	12324
15848	147	12693	149	135	0	13124
15849	153	128	44	12705	0	13030
15850	70	135	12633	214	0	13052
15851	11680	48	152	212	0	12092
15852	167	12480	172	94	0	12913
15853	170	12972	61	102	0	13305
15854	87	239	66	12842	0	13234
15855	67	147	59	13290	0	13563
15856	13775	73	63	277	0	14188
15857	245	13832	51	207	0	14335
15858	258	164	56	13928	0	14406
15859	13913	154	53	210	0	14330
15860	14154	60	54	212	0	14480
15861	14444	38	64	113	0	14659
15862	391	41	14613	118	0	15163
15863	268	31	14740	128	0	15167
15864	15024	35	329	117	0	15505
15865	247	15633	231	148	0	16259
15866	263	15778	128	169	0	16338
15867	130	352	81	14667	0	15230
15868	80	15821	91	265	0	16257
15869	15766	215	116	283	0	16380
15870	258	229	107	15719	0	16313
15871	278	73	15733	262	0	16346
15872	15435	58	255	264	0	16012
15873	15781	72	243	126	0	16222
15874	465	74	101	15660	0	16300
15875	309	40	108	15827	0	16284
15876	149	56	124	15961	0	16290
15877	168	73	74	15775	0	16090
15878	141	89	15166	458	0	15854
15879	121	15078	238	324	0	15761
15880	164	238	252	13077	0	13731
15881	144	15059	98	279	0	15580
15882	153	288	96	12862	0	13399
15883	109	14762	85	270	0	15226
15884	14415	260	71	283	0	15029
15885	14394	242	74	161	0	14871
15886	465	14529	97	131	0	15222
15887	14742	235	78	119	0	15174
15888	340	243	94	14504	0	15181
15889	14463	98	110	256	0	14927
15890	339	14417	108	277	0	15141
15891	14597	248	94	101	0	15040
15892	14576	259	120	96	0	15051
15893	460	99	106	14253	0	14918
15894	328	129	14377	274	0	15108
15895	162	14305	232	278	0	14977
15896	158	256	253	14311	0	14978
15897	14336	283	128	273	0	15020
15898	303	178	14264	282	0	15027
15899	308	112	224	14006	0	14650
15900	163	107	233	14249	0	14752
15901	14290	80	95	457	0	14922
15902	14338	87	82	335	0	14842
15903	14123	92	97	166	0	14478
15904	462	13951	95	199	0	14707
15905	13101	200	66	165	0	13532
15906	269	214	12474	163	0	13120
15907	264	81	12082	158	0	12585
15908	126	86	11974	127	0	12313
15909	177	678	425	9861	0	11141
15910	95	67	9835	161	0	10158
15911	8090	65	109	117	0	8381
15912	100	55	96	8282	0	8533
15913	137	43	8457	110	0	8747
15914	8608	38	80	125	0	8851
15915	113	43	96	8720	0	8972
15916	138	51	28	8896	0	9113
15917	8907	32	20	187	0	9146
15918	123	34	37	9111	0	9305
15919	156	49	9151	113	0	9469
15920	65	35	89	9205	0	9394
15921	92	47	9303	119	0	9561
15922	74	30	103	9086	0	9293
15923	8836	36	117	130	0	9119
15924	124	8872	54	135	0	9185
15925	141	9103	43	82	0	9369
15926	70	173	42	8924	0	9209
15927	69	125	41	8685	0	8920
15928	57	8904	38	205	0	9204
15929	69	8525	39	142	0	8775
15930	67	178	47	8348	0	8640
15931	63	121	47	8336	0	8567
15932	8023	38	50	202	0	8313
15933	116	8079	42	179	0	8416
15934	143	8078	39	79	0	8339
15935	77	8318	42	64	0	8501
15936	7872	177	64	58	0	8171
15937	112	120	7946	69	0	8247
15938	7704	32	116	72	0	7924
15939	119	27	129	7601	0	7876
15940	129	7730	61	117	0	8037
15941	50	8026	41	146	0	8263
15942	7812	164	39	83	0	8098
15943	121	111	51	7188	0	7471
15944	128	8529	38	123	0	8818
15945	8605	109	48	133	0	8895
15946	8584	118	34	66	0	8802
15947	197	41	8588	64	0	8890
15948	8520	38	104	65	0	8727
15949	8609	36	108	63	0	8816
15950	197	39	40	8159	0	8435
15951	128	8449	46	115	0	8738
15952	68	8599	24	144	0	8835
15953	45	178	34	8351	0	8608
15954	7893	116	45	118	0	8172
15955	103	43	8021	124	0	8291
15956	118	34	7405	42	0	7599
15957	118	38	7254	33	0	7443
15958	77	45	7322	34	0	7478
15959	25	7218	140	40	0	7423
15960	39	7124	76	49	0	7288
15961	67	147	6701	25	0	6940
15962	46	80	6611	33	0	6770
15963	10	6094	85	28	0	6217
15964	18	29	40	5192	0	5279
15965	5	32	5630	28	0	5695
15966	9	6	34	5378	0	5427
15967	6	4	27	5738	0	5775
15968	3	4	9	5913	0	5929
15969	3	6	4	6190	0	6203
15970	9	8	6162	66	0	6245
15971	5	2	34	5960	0	6001
15972	6068	2	37	42	0	6149
15973	40	5	6067	41	0	6153
15974	6039	2	32	13	0	6086
15975	43	3	40	6188	0	6274
15976	43	4	6336	37	0	6420
15977	6158	4	40	45	0	6247
15978	39	5	43	6331	0	6418
15979	6432	3	10	45	0	6490
15980	46	7	5	6155	0	6213
15981	40	6290	9	58	0	6397
15982	24	30	6500	54	0	6608
15983	15	38	40	6357	0	6450
15984	6582	11	50	49	0	6692
15985	6552	10	20	54	0	6636
15986	6580	9	18	27	0	6634
15987	6578	8	12	25	0	6623
15988	6395	9	9	21	0	6434
15989	77	6520	12	25	0	6634
15990	6558	48	8	15	0	6629
15991	51	53	6487	18	0	6609
15992	6463	18	34	19	0	6534
15993	51	22	72	5265	0	5410
15994	47	23	6434	27	0	6531
15995	22	19	6394	39	0	6474
15996	14	8	80	6255	0	6357
15997	6408	10	52	49	0	6519
15998	45	6389	23	60	0	6517
15999	6293	53	16	15	0	6377
16000	53	6495	14	23	0	6585
16001	63	51	14	6617	0	6745
16002	27	49	18	6730	0	6824
16003	6723	20	19	79	0	6841
16004	58	11	13	6790	0	6872
16005	69	18	6801	57	0	6945
16006	6639	22	43	55	0	6759
16007	61	17	54	6852	0	6984
16008	69	17	18	6810	0	6914
16009	28	22	6860	98	0	7008
16010	6226	19	51	59	0	6355
16011	6673	15	54	24	0	6766
16012	96	6791	31	30	0	6948
16013	67	33	6528	16	0	6644
16014	31	45	6378	21	0	6475
16015	28	43	84	6220	0	6375
16016	38	30	56	5993	0	6117
16017	23	6331	30	79	0	6463
16018	19	47	6185	53	0	6304
16019	21	44	41	5956	0	6062
16020	19	18	6190	51	0	6278
16021	17	9	58	5762	0	5846
16022	15	6108	56	46	0	6225
16023	16	39	26	6112	0	6193
16024	19	41	29	6087	0	6176
16025	13	20	28	6051	0	6112
16026	5958	14	22	91	0	6085
16027	42	20	6031	68	0	6161
16028	50	6231	47	32	0	6360
16029	21	42	60	6468	0	6591
16030	6626	51	32	55	0	6764
16031	58	18	22	6754	0	6852
16032	6767	9	25	73	0	6874
16033	69	9	6853	86	0	7017
16034	6621	7	66	46	0	6740
16035	71	9	75	7025	0	7180
16036	90	8	7037	88	0	7223
16037	33	7006	66	99	0	7204
16038	29	76	86	6858	0	7049
16039	30	66	28	6964	0	7088
16040	6764	20	25	127	0	6936
16041	69	6835	25	102	0	7031
16042	82	6678	24	46	0	6830
16043	31	6860	19	32	0	6942
16044	6026	109	32	26	0	6193
16045	59	6167	20	21	0	6267
16046	134	50	11	5986	0	6181
16047	36	59	14	6068	0	6177
16048	5997	20	9	111	0	6137
16049	50	5990	19	84	0	6143
16050	74	40	20	6039	0	6173
16051	6159	63	20	58	0	6300
16052	6104	9	13	79	0	6205
16053	6102	12	15	26	0	6155
16054	113	6106	20	26	0	6265
16055	5837	39	9	22	0	5907
16056	45	51	16	5656	0	5768
16057	67	5678	12	41	0	5798
16058	21	5659	9	85	0	5774
16059	34	86	19	5638	0	5777
16060	5570	60	18	44	0	5692
16061	5578	10	9	66	0	5663
16062	82	10	6	5328	0	5426
16063	65	5439	17	37	0	5558
16064	5431	34	13	61	0	5539
16065	41	58	5341	22	0	5462
16066	69	10	5164	35	0	5278
16067	4903	14	67	20	0	5004
16068	41	22	5021	17	0	5101
16069	47	14	22	4577	0	4660
16070	4644	5	70	31	0	4750
16071	39	6	7	4771	0	4823
16072	48	10	4743	32	0	4833
16073	13	4845	23	53	0	4934
16074	9	26	39	4864	0	4938
16075	17	43	4859	32	0	4951
16076	4447	16	27	49	0	4539
16077	27	9	41	4845	0	4922
16078	47	14	4818	37	0	4916
16079	18	9	24	4696	0	4747
16080	12	4816	40	26	0	4894
16081	19	35	3	4930	0	4987
16082	11	46	8	4841	0	4906
16083	17	8	4	4753	0	4782
16084	10	4783	6	71	0	4870
16085	4823	24	4	58	0	4909
16086	24	43	7	4866	0	4940
16087	58	8	3	4871	0	4940
16088	18	10	8	4954	0	4990
16089	18	11	4938	76	0	5043
16090	24	17	30	4912	0	4983
16091	4955	11	43	34	0	5043
16092	35	5039	11	61	0	5146
16093	52	30	9	5097	0	5188
16094	15	55	4	5112	0	5186
16095	5053	15	7	78	0	5153
16096	31	5132	7	62	0	5232
16097	5195	29	4	22	0	5250
16098	5271	52	7	24	0	5354
16099	85	15	9	5232	0	5341
16100	5294	20	5	37	0	5356
16101	39	5025	12	70	0	5146
16102	5106	39	10	18	0	5173
16103	46	55	12	5160	0	5273
16104	5673	12	15	47	0	5747
16105	5815	9	13	68	0	5905
16106	105	25	5883	19	0	6032
16107	5974	15	38	21	0	6048
16108	6109	17	63	22	0	6211
16109	6395	6	7	30	0	6438
16110	131	18	6852	25	0	7026
16111	92	6901	74	19	0	7086
16112	22	87	93	6865	0	7067
16113	6864	89	11	86	0	7050
16114	83	6778	11	102	0	6974
16115	6788	76	8	18	0	6890
16116	81	92	10	6866	0	7049
16117	106	14	6868	86	0	7074
16118	6946	10	73	107	0	7136
16119	90	27	96	7225	0	7438
16120	110	14	7322	88	0	7534
16121	7181	13	84	112	0	7390
16122	91	10	7645	26	0	7772
16123	116	11	85	7662	0	7874
16124	33	11	106	8069	0	8219
16125	8104	8	17	202	0	8331
16126	7993	6	11	139	0	8149
16127	201	8167	16	39	0	8423
16128	8135	85	46	21	0	8287
16129	107	109	7777	21	0	8014
16130	129	24	7715	23	0	7891
16131	7366	16	184	22	0	7588
16132	93	7707	123	29	0	7952
16133	7481	70	31	13	0	7595
16134	81	7575	15	22	0	7693
16135	7506	76	15	11	0	7608
16136	91	87	15	7307	0	7500
16137	103	16	7456	80	0	7655
16138	35	7	75	7411	0	7528
16139	29	4	99	7523	0	7655
16140	7472	6	23	162	0	7663
16141	91	13	7478	107	0	7689
16142	7175	10	74	27	0	7286
16143	93	7390	102	24	0	7609
16144	7414	77	20	14	0	7525
16145	92	95	16	7297	0	7500
16146	114	24	7332	85	0	7555
16147	31	15	80	7328	0	7454
16148	7308	11	100	90	0	7509
16149	93	14	22	7406	0	7535
16150	117	13	23	7139	0	7292
16151	36	7082	30	165	0	7313
16152	29	73	19	7241	0	7362
16153	34	97	7128	99	0	7358
16154	38	21	76	7120	0	7255
16155	28	8	112	7222	0	7370
16156	7103	13	29	168	0	7313
16157	92	13	18	7149	0	7272
16158	131	10	7065	98	0	7304
16159	46	7105	91	117	0	7359
16160	48	78	106	7070	0	7302
16161	49	106	33	7123	0	7311
16162	7183	22	31	164	0	7400
16163	102	7118	32	118	0	7370
16164	124	82	22	7161	0	7389
16165	7039	108	27	99	0	7273
16166	7165	29	23	113	0	7330
16167	179	25	23	7183	0	7410
16168	137	20	7259	115	0	7531
16169	7078	21	91	140	0	7330
16170	110	19	123	7470	0	7722
16171	7568	12	33	127	0	7740
16172	7437	20	33	140	0	7630
16173	206	7316	31	55	0	7608
16174	7228	81	32	52	0	7393
16175	136	7366	36	46	0	7584
16176	144	97	36	7231	0	7508
16177	84	117	34	6966	0	7201
16178	53	7248	31	205	0	7537
16179	7283	87	35	142	0	7547
16180	7157	114	28	65	0	7364
16181	213	42	7094	54	0	7403
16182	151	29	7028	64	0	7272
16183	72	33	175	7043	0	7323
16184	7154	30	122	133	0	7439
16185	129	23	38	7213	0	7403
16186	140	26	46	7247	0	7459
16187	72	28	7330	211	0	7641
16188	69	26	7272	155	0	7522
16189	69	33	7407	52	0	7561
16190	6880	28	198	60	0	7166
16191	7106	28	149	51	0	7334
16192	196	7067	53	46	0	7362
16193	155	7196	37	59	0	7447
16194	63	186	23	7152	0	7424
16195	74	129	7179	115	0	7497
16196	6846	49	92	141	0	7128
16197	127	33	7455	72	0	7687
16198	140	21	108	7157	0	7426
16199	58	16	116	7376	0	7566
16200	65	21	42	7473	0	7601
16201	59	16	38	7608	0	7721
16202	7449	28	26	209	0	7712
16203	126	28	31	7429	0	7614
16204	137	24	7013	129	0	7303
16205	6147	20	103	130	0	6400
16206	102	22	6808	67	0	6999
16207	121	20	6714	62	0	6917
16208	48	6643	158	44	0	6893
16209	107	63	140	5748	0	6058
16210	5697	65	69	54	0	5885
16211	47	17	18	5739	0	5821
16212	78	11	5785	63	0	5937
16213	32	9	40	5794	0	5875
16214	5691	11	68	62	0	5832
16215	48	5870	26	86	0	6030
16216	5726	30	15	53	0	5824
16217	49	5792	20	43	0	5904
16218	5534	33	11	30	0	5608
16219	39	5547	8	32	0	5626
16220	57	5492	17	18	0	5584
16221	27	73	5379	17	0	5496
16222	26	5370	37	24	0	5457
16223	4824	30	56	8	0	4918
16224	29	33	2	4739	0	4803
16225	4749	6	5	21	0	4781
16226	23	4882	6	45	0	4956
16227	4882	22	5	7	0	4916
16228	33	44	4978	8	0	5063
16229	42	4	33	4871	0	4950
16230	10	5150	41	29	0	5230
16231	10	28	7	5219	0	5264
16232	7	44	4	5177	0	5232
16233	5979	9	3	81	0	6072
16234	41	6142	13	59	0	6255
16235	6253	50	12	12	0	6327
16236	66	74	6511	8	0	6659
16237	88	19	6330	13	0	6450
16238	17	6414	127	18	0	6576
16239	17	51	81	6398	0	6547
16240	18	73	6514	55	0	6660
16241	10	13	57	6049	0	6129
16242	9	18	74	6594	0	6695
16243	11	8	6599	133	0	6751
16244	15	5	6525	86	0	6631
16245	18	8	6808	21	0	6855
16246	20	7	6772	26	0	6825
16247	6	6895	149	33	0	7083
16248	12	61	87	6865	0	7025
16249	11	83	21	7019	0	7134
16250	23	18	7002	140	0	7183
16251	9	17	61	6935	0	7022
16252	16	9	7409	78	0	7512
16253	4	12	78	7293	0	7387
16254	16	5	100	7121	0	7242
16255	10	7397	27	152	0	7586
16256	19	64	11	7458	0	7552
16257	13	94	12	7324	0	7443
16258	13	21	12	7427	0	7473
16259	13	21	7279	175	0	7488
16260	11	7290	63	122	0	7486
16261	7251	62	94	28	0	7435
16262	7234	89	30	23	0	7376
16263	142	24	12	7202	0	7380
16264	103	21	11	6979	0	7114
16265	26	7379	13	145	0	7563
16266	7211	69	13	100	0	7393
16267	62	7478	23	42	0	7605
16268	7181	74	24	27	0	7306
16269	76	89	7181	20	0	7366
16270	6567	23	69	33	0	6692
16271	70	7118	97	15	0	7300
16272	91	65	22	7085	0	7263
16273	19	82	20	6965	0	7086
16274	16	7164	29	135	0	7344
16275	7107	67	35	112	0	7321
16276	61	88	22	7273	0	7444
16277	87	22	27	7423	0	7559
16278	7461	19	27	151	0	7658
16279	7465	16	28	126	0	7635
16280	160	13	7533	45	0	7751
16281	7447	20	94	32	0	7593
16282	86	11	103	7638	0	7838
16283	103	11	7653	110	0	7877
16284	24	13	90	7586	0	7713
16285	23	13	7688	97	0	7821
16286	15	22	7610	117	0	7764
16287	17	9	169	7531	0	7726
16288	18	17	7743	102	0	7880
16289	11	7762	95	126	0	7994
16290	22	73	116	7651	0	7862
16291	16	106	32	7935	0	8089
16292	25	24	7923	188	0	8160
16293	18	7959	86	144	0	8207
16294	7854	85	110	48	0	8097
16295	82	104	32	8080	0	8298
16296	8060	29	21	99	0	8209
16297	91	7873	28	139	0	8131
16298	120	95	7892	45	0	8152
16299	32	120	88	7768	0	8008
16300	7693	28	122	107	0	7950
16301	98	30	7890	126	0	8144
16302	7394	21	97	46	0	7558
16303	100	7817	127	45	0	8089
16304	113	7845	48	39	0	8045
16305	7753	160	64	37	0	8014
16306	91	101	38	7750	0	7980
16307	96	42	38	7663	0	7839
16308	30	7943	41	180	0	8194
16309	22	87	42	8066	0	8217
16310	28	102	36	8070	0	8236
16311	7939	31	31	203	0	8204
16312	93	19	33	7987	0	8132
16313	104	20	7952	131	0	8207
16314	30	19	107	7940	0	8096
16315	29	21	122	8157	0	8329
16316	25	28	8134	220	0	8407
16317	22	20	101	8133	0	8276
16318	8043	24	102	159	0	8328
16319	7868	16	46	130	0	8060
16320	7990	25	32	63	0	8110
16321	189	16	20	7942	0	8167
16322	123	26	8058	124	0	8331
16323	49	8193	91	135	0	8468
16324	35	99	106	8216	0	8456
16325	41	109	8289	110	0	8549
16326	38	57	89	8085	0	8269
16327	29	22	94	8178	0	8323
16328	7813	21	36	170	0	8040
16329	80	8244	25	135	0	8484
16330	112	88	7994	46	0	8240
16331	7194	90	105	54	0	7443
16332	91	7900	95	43	0	8129
16333	63	7025	25	39	0	7152
16334	7151	88	66	24	0	7329
16335	66	59	16	7160	0	7301
16336	68	16	7917	77	0	8078
16337	30	18	64	7712	0	7824
16338	19	7990	63	81	0	8153
16339	7984	71	23	67	0	8145
16340	67	66	13	8031	0	8177
16341	8325	19	13	84	0	8441
16342	81	13	14	8003	0	8111
16343	59	8646	21	84	0	8810
16344	8784	74	17	68	0	8943
16345	8663	68	6	41	0	8778
16346	143	8921	20	27	0	9111
16347	8811	82	20	28	0	8941
16348	103	71	9	8454	0	8637
16349	80	8677	20	80	0	8857
16350	8625	87	17	71	0	8800
16351	90	8786	16	25	0	8917
16352	8529	96	11	30	0	8666
16353	103	61	14	8440	0	8618
16354	8623	24	11	92	0	8750
16355	8557	17	15	74	0	8663
16356	8539	20	10	38	0	8607
16357	138	25	12	8517	0	8692
16358	82	15	11	8645	0	8753
16359	8421	29	12	136	0	8598
16360	98	32	8618	83	0	8831
16361	88	21	68	8407	0	8584
16362	36	8774	61	99	0	8970
16363	31	90	20	8817	0	8958
16364	39	67	8	8878	0	8992
16365	37	36	8779	152	0	9004
16366	49	18	85	9177	0	9329
16367	31	9899	67	133	0	10130
16368	43	119	25	10145	0	10332
16369	40	115	11071	144	0	11370
16370	30	37	136	11128	0	11331
16371	47	37	127	11452	0	11663
16372	11216	25	22	299	0	11562
16373	11234	26	24	167	0	11451
16374	288	29	17	10842	0	11176
16375	168	11041	21	172	0	11402
16376	57	11165	18	160	0	11400
16377	72	256	10956	73	0	11357
16378	49	183	136	10918	0	11286
16379	10895	37	165	165	0	11262
16380	166	42	24	11105	0	11337
16381	169	30	11063	178	0	11440
16382	49	27	138	10964	0	11178
16383	51	37	136	11013	0	11237
16384	44	35	23	11229	0	11331
16385	53	28	11025	302	0	11408
16386	51	11006	144	182	0	11383
16387	10773	140	139	85	0	11137
16388	10613	159	35	53	0	10860
16389	275	48	24	10620	0	10967
16390	174	27	10630	182	0	11013
16391	49	10597	146	182	0	10974
16392	70	174	130	9247	0	9621
16393	41	10484	34	150	0	10709
16394	35	10575	31	144	0	10785
16395	10296	246	31	58	0	10631
16396	163	153	10418	62	0	10796
16397	170	42	10376	55	0	10643
16398	50	58	246	9976	0	10330
16399	55	33	147	10348	0	10583
16400	69	40	10480	253	0	10842
16401	52	41	134	10153	0	10380
16402	48	43	10442	192	0	10725
16403	9336	36	150	194	0	9716
16404	158	41	135	10173	0	10507
16405	160	43	10440	171	0	10814
16406	70	44	134	9402	0	9650
16407	57	10647	150	140	0	10994
16408	10423	134	28	177	0	10762
16409	157	10598	50	94	0	10899
16410	10586	141	44	87	0	10858
16411	159	150	10415	88	0	10812
16412	10326	60	135	64	0	10585
16413	166	44	146	10492	0	10848
16414	173	55	10573	183	0	10984
16415	79	40	146	10390	0	10655
16416	68	54	10316	214	0	10652
16417	9407	45	142	206	0	9800
16418	170	10195	157	108	0	10630
16419	191	136	51	9008	0	9386
16420	69	10348	48	173	0	10638
16421	10195	165	54	179	0	10593
16422	10036	150	59	117	0	10362
16423	265	10109	61	113	0	10548
16424	187	135	49	10024	0	10395
16425	72	148	53	10064	0	10337
16426	59	54	61	10216	0	10390
16427	9838	58	68	334	0	10298
16428	138	9937	68	246	0	10389
16429	151	145	58	9701	0	10055
16430	51	156	75	9838	0	10120
16431	9587	65	64	327	0	10043
16432	167	50	9536	230	0	9983
16433	197	55	9400	142	0	9794
16434	8775	37	233	139	0	9184
16435	171	51	9125	113	0	9460
16436	156	52	8182	83	0	8473
16437	76	47	246	7775	0	8144
16438	8102	32	154	156	0	8444
16439	129	58	60	8068	0	8315
16440	158	36	8080	158	0	8432
16441	7488	47	142	182	0	7859
16442	152	45	7955	85	0	8237
16443	129	7703	136	75	0	8043
16444	131	116	192	7624	0	8063
16445	7668	121	70	126	0	7985
16446	111	31	59	7645	0	7846
16447	115	28	57	7662	0	7862
16448	7794	18	53	217	0	8082
16449	109	28	43	7924	0	8104
16450	126	28	49	8002	0	8205
16451	50	29	8006	222	0	8307
16452	46	38	107	7984	0	8175
16453	8065	34	127	143	0	8369
16454	7991	36	48	145	0	8220
16455	8101	33	42	65	0	8241
16456	202	37	45	7803	0	8087
16457	135	7960	44	108	0	8247
16458	7935	107	38	128	0	8208
16459	120	8127	57	58	0	8362
16460	7985	106	61	43	0	8195
16461	128	102	49	7960	0	8239
16462	7982	28	48	122	0	8180
16463	7887	20	52	127	0	8086
16464	7888	20	43	56	0	8007
16465	187	7831	49	77	0	8144
16466	86	7188	38	48	0	7360
16467	6537	78	29	28	0	6672
16468	61	6682	25	34	0	6802
16469	32	5647	16	11	0	5706
16470	13	5440	6	11	0	5470
16471	5321	16	21	10	0	5368
16472	9	14	3	5251	0	5277
16473	10	2	2	5332	0	5346
16474	5329	1	2	20	0	5352
16475	12	6	5575	12	0	5605
16476	12	1	9	6264	0	6286
16477	5	1	11	6449	0	6466
16478	4	0	1	7110	0	7115
16479	2	1	1	7348	0	7352
16480	1	7554	9	94	0	7658
16481	0	8932	3	58	0	8993
16482	8999	143	0	16	0	9158
16483	96	88	1	9084	0	9269
16484	87	7	0	9243	0	9337
16485	19	4	9111	198	0	9332
16486	6	8	98	9110	0	9222
16487	10	11	9277	113	0	9411
16488	5	10	108	9192	0	9315
16489	16	6	9650	125	0	9797
16490	3	9556	115	113	0	9787
16491	4	98	107	9569	0	9778
16492	9751	109	14	108	0	9982
16493	9590	12	7	114	0	9723
16494	214	3	8	9674	0	9899
16495	130	6	9743	126	0	10005
16496	17	12	9685	121	0	9835
16497	8929	6	222	28	0	9185
16498	103	9600	134	13	0	9850
16499	9771	100	16	19	0	9906
16500	9520	112	13	17	0	9662
16501	216	16	9537	38	0	9807
16502	128	6	123	9272	0	9529
16503	16	8	129	9616	0	9769
16504	22	11	16	9941	0	9990
16505	18	13	13	9601	0	9645
16506	19	9	12	9499	0	9539
16507	22	14	9124	249	0	9409
16508	21	13	9105	145	0	9284
16509	12	11	233	9022	0	9278
16510	14	17	132	9297	0	9460
16511	29	13	16	9450	0	9508
16512	9243	6	17	275	0	9541
16513	138	10	20	9289	0	9457
16514	9329	10	26	166	0	9531
16515	144	11	26	9628	0	9809
16516	9848	12	22	173	0	10055
16517	9893	8	13	181	0	10095
16518	9898	9	20	64	0	9991
16519	9870	10	28	50	0	9958
16520	9838	11	26	46	0	9921
16521	281	15	25	9649	0	9970
16522	9698	10	21	171	0	9900
16523	143	9685	26	189	0	10043
16524	9740	128	24	56	0	9948
16525	157	148	35	9751	0	10091
16526	179	29	9732	166	0	10106
16527	50	15	140	9849	0	10054
16528	59	20	9982	180	0	10241
16529	49	16	150	9784	0	9999
16530	55	14	166	9997	0	10232
16531	47	13	9925	312	0	10297
16532	60	14	9900	205	0	10179
16533	45	17	295	9763	0	10120
16534	9749	10	167	192	0	10118
16535	175	20	9895	204	0	10294
16536	181	9954	160	83	0	10378
16537	64	131	10353	61	0	10609
16538	9912	154	170	59	0	10295
16539	167	28	168	10259	0	10622
16540	10488	11	37	202	0	10738
16541	10391	16	34	204	0	10645
16542	304	9	41	10375	0	10729
16543	209	22	10162	183	0	10576
16544	48	12	170	10054	0	10284
16545	54	7	173	10096	0	10330
16546	9739	17	38	348	0	10142
16547	179	10039	48	215	0	10481
16548	200	144	32	10051	0	10427
16549	62	164	9936	201	0	10363
16550	9122	20	160	225	0	9527
16551	170	9764	193	106	0	10233
16552	201	140	38	9807	0	10186
16553	72	156	40	9776	0	10044
16554	64	26	38	10030	0	10158
16555	9622	8	50	339	0	10019
16556	9773	17	47	230	0	10067
16557	337	16	38	9850	0	10241
16558	223	22	9888	216	0	10349
16559	74	9834	159	235	0	10302
16560	9805	136	180	90	0	10211
16561	9927	157	54	82	0	10220
16562	351	17	44	9684	0	10096
16563	221	17	39	9949	0	10226
16564	71	25	10014	362	0	10472
16565	61	10038	175	227	0	10501
16566	10178	146	204	69	0	10597
16567	9902	163	44	75	0	10184
16568	319	10047	45	98	0	10509
16569	10118	141	32	70	0	10361
16570	196	164	39	9947	0	10346
16571	207	42	9919	209	0	10377
16572	65	31	168	10014	0	10278
16573	66	16	10036	234	0	10352
16574	9314	19	179	203	0	9715
16575	188	9700	185	93	0	10166
16576	178	156	30	8877	0	9241
16577	65	130	8869	176	0	9240
16578	48	31	8537	170	0	8786
16579	7568	64	219	83	0	7934
16580	134	7926	130	49	0	8239
16581	6566	54	84	26	0	6730
16582	6341	82	39	30	0	6492
16583	6447	11	19	26	0	6503
16584	141	20	15	6305	0	6481
16585	100	14	6384	76	0	6574
16586	42	6365	54	84	0	6545
16587	44	61	88	6401	0	6594
16588	34	78	6479	56	0	6647
16589	26	13	6029	68	0	6136
16590	27	12	93	5945	0	6077
16591	27	13	5984	47	0	6071
16592	5379	10	43	63	0	5495
16593	48	12	54	5924	0	6038
16594	57	7	20	6112	0	6196
16595	6104	8	22	96	0	6230
16596	44	6112	26	63	0	6245
16597	6451	38	21	26	0	6536
16598	44	48	21	6412	0	6525
16599	57	16	13	6439	0	6525
16600	25	9	18	6504	0	6556
16601	31	7	21	6397	0	6456
16602	6188	8	20	91	0	6307
16603	57	16	6307	75	0	6455
16604	57	6251	50	21	0	6379
16605	27	35	59	6294	0	6415
16606	6197	58	17	42	0	6314
16607	6213	8	14	67	0	6302
16608	91	6322	25	46	0	6484
16609	6076	30	15	25	0	6146
16610	39	6238	9	30	0	6316
16611	50	6387	20	28	0	6485
16612	32	69	24	6395	0	6520
16613	21	45	6399	53	0	6518
16614	29	49	34	6172	0	6284
16615	6143	27	38	36	0	6244
16616	44	6077	8	55	0	6184
16617	40	32	7	6149	0	6228
16618	20	39	6656	50	0	6765
16619	6394	6	38	47	0	6485
16620	6855	10	36	21	0	6922
16621	6868	14	13	21	0	6916
16622	65	15	6710	21	0	6811
16623	6279	4	31	15	0	6329
16624	41	6664	38	13	0	6756
16625	47	34	7	6347	0	6435
16626	29	6692	16	34	0	6771
16627	6658	41	14	34	0	6747
16628	6316	37	12	17	0	6382
16629	61	11	6738	20	0	6830
16630	43	6807	39	12	0	6901
16631	15	28	34	6810	0	6887
16632	17	33	18	6794	0	6862
16633	24	9	15	6712	0	6760
16634	16	16	17	6992	0	7041
16635	19	14	10	7126	0	7169
16636	24	20	6882	82	0	7008
16637	20	6805	55	70	0	6950
16638	6660	40	56	17	0	6773
16639	64	43	6907	21	0	7035
16640	58	7147	44	26	0	7275
16641	7035	41	47	22	0	7145
16642	74	49	7425	24	0	7572
16643	7047	14	64	35	0	7160
16644	7250	13	57	17	0	7337
16645	7110	15	14	18	0	7157
16646	99	7486	18	28	0	7631
16647	79	53	7312	28	0	7472
16648	23	7575	61	19	0	7678
16649	38	63	61	5984	0	6146
16650	16	7535	10	56	0	7617
16651	7409	56	12	53	0	7530
16652	7658	59	9	32	0	7758
16653	7511	17	12	26	0	7566
16654	129	13	7759	19	0	7920
16655	75	8108	59	27	0	8269
16656	23	59	60	8556	0	8698
16657	9457	64	15	65	0	9601
16658	76	9507	14	89	0	9686
16659	88	76	9	9517	0	9690
16660	31	87	9821	81	0	10020
16661	9391	18	83	88	0	9580
16662	102	22	10510	19	0	10653
16663	110	22	10539	16	0	10687
16664	9422	13	197	23	0	9655
16665	107	23	10398	8	0	10536
16666	9538	8	103	13	0	9662
16667	96	9961	111	11	0	10179
16668	10299	80	29	17	0	10425
16669	107	100	19	10194	0	10420
16670	121	14	19	10107	0	10261
16671	32	15	12	10360	0	10419
16672	10214	8	15	188	0	10425
16673	10090	13	18	121	0	10242
16674	10026	21	13	36	0	10096
16675	192	10042	18	23	0	10275
16676	125	85	11	10073	0	10294
16677	50	105	10052	96	0	10303
16678	35	22	83	9577	0	9717
16679	29	9747	111	103	0	9990
16680	27	81	30	9723	0	9861
16681	29	113	20	9735	0	9897
16682	9737	23	11	192	0	9963
16683	106	19	11	9793	0	9929
16684	123	24	9789	119	0	10055
16685	46	15	9577	128	0	9766
16686	35	23	190	9614	0	9862
16687	9497	16	129	117	0	9759
16688	96	19	42	9527	0	9684
16689	133	14	29	9683	0	9859
16690	47	15	9669	199	0	9930
16691	31	9553	111	138	0	9833
16692	35	92	127	9601	0	9855
16693	9419	115	43	105	0	9682
16694	107	9499	34	128	0	9768
16695	128	100	25	9480	0	9733
16696	46	116	9520	128	0	9810
16697	37	31	101	9205	0	9374
16698	9018	18	122	127	0	9285
16699	103	8993	37	181	0	9314
16700	142	94	9122	49	0	9407
16701	50	119	105	8811	0	9085
16702	54	38	9239	127	0	9458
16703	8704	26	113	136	0	8979
16704	8876	24	124	58	0	9082
16705	218	36	9061	44	0	9359
16706	137	41	119	8754	0	9051
16707	66	38	9124	124	0	9352
16708	55	8972	119	154	0	9300
16709	56	91	147	8964	0	9258
16710	56	118	9025	145	0	9344
16711	54	51	129	8372	0	8606
16712	46	8826	146	116	0	9134
16713	49	93	61	8886	0	9089
16714	51	121	8851	135	0	9158
16715	8148	41	112	158	0	8459
16716	120	8778	149	72	0	9119
16717	8817	105	64	68	0	9054
16718	145	115	8389	67	0	8716
16719	8135	50	120	53	0	8358
16720	154	35	8408	63	0	8660
16721	8164	23	130	66	0	8383
16722	8434	36	148	56	0	8674
16723	227	42	52	8322	0	8643
16724	168	26	53	8529	0	8776
16725	8456	44	46	224	0	8770
16726	140	8527	41	184	0	8892
16727	8589	107	60	87	0	8843
16728	146	119	58	8304	0	8627
16729	155	8481	65	153	0	8854
16730	88	90	58	8732	0	8968
16731	76	118	66	8701	0	8961
16732	80	36	55	8561	0	8732
16733	58	8650	61	264	0	9033
16734	8370	94	53	163	0	8680
16735	122	126	43	8455	0	8746
16736	148	37	8302	150	0	8637
16737	60	39	8065	160	0	8324
16738	65	37	8212	96	0	8410
16739	7837	26	207	90	0	8160
16740	7864	33	141	75	0	8113
16741	203	37	7838	79	0	8157
16742	133	37	100	7242	0	7512
16743	54	30	119	7473	0	7676
16744	41	39	7751	192	0	8023
16745	47	39	7724	153	0	7963
16746	35	29	173	7735	0	7972
16747	7714	20	135	123	0	7992
16748	7438	20	68	138	0	7664
16749	7468	24	54	71	0	7617
16750	185	7542	54	75	0	7856
16751	130	7528	58	80	0	7796
16752	61	144	62	7297	0	7564
16753	7277	98	50	111	0	7536
16754	108	37	7199	117	0	7461
16755	6328	23	84	75	0	6510
16756	80	6224	92	54	0	6450
16757	64	5322	29	29	0	5444
16758	5064	95	34	34	0	5227
16759	40	5244	23	31	0	5338
16760	46	4905	18	20	0	4989
16761	4506	102	125	84	0	4817
16762	25	4621	5	12	0	4663
16763	21	16	5	4447	0	4489
16764	5	21	9	4471	0	4506
16765	4430	3	9	34	0	4476
16766	4399	9	8	17	0	4433
16767	36	4692	6	11	0	4745
16768	24	4705	10	13	0	4752
16769	10	33	4620	5	0	4668
16770	4578	22	50	6	0	4656
16771	4898	9	18	10	0	4935
16772	5059	4	5	9	0	5077
16773	42	4	4	5127	0	5177
16774	29	5	7	5366	0	5407
16775	5495	7	4	50	0	5556
16776	25	4	7	5558	0	5594
16777	31	12	5657	27	0	5727
16778	5	13	25	5514	0	5557
16779	9	5844	29	49	0	5931
16780	9	23	1	5919	0	5952
16781	8	33	5	5967	0	6013
16782	6	3	3	6024	0	6036
16783	5884	8	5	59	0	5956
16784	21	5909	9	43	0	5982
16785	45	20	3	6047	0	6115
16786	5	39	6116	29	0	6189
16787	13	8	5846	37	0	5904
16788	7	4	61	5888	0	5960
16789	7	5	41	6009	0	6062
16790	5921	4	4	68	0	5997
16791	29	7	4	5834	0	5874
16792	44	5911	7	33	0	5995
16793	18	37	6040	47	0	6142
16794	7	52	24	6030	0	6113
16795	10	10	6284	34	0	6338
16796	7	7	27	6181	0	6222
16797	6183	4	41	33	0	6261
16798	6215	7	5	49	0	6276
16799	66	6305	10	8	0	6389
16800	48	28	3	6112	0	6191
16801	6531	39	8	29	0	6607
16802	6503	7	26	38	0	6574
16803	6577	3	6	13	0	6599
16804	6613	4	9	15	0	6641
16805	6575	4	5	9	0	6593
16806	69	6522	9	13	0	6613
16807	6537	27	13	8	0	6585
16808	40	43	6519	10	0	6612
16809	51	4	27	6444	0	6526
16810	6619	6	49	30	0	6704
16811	6557	3	5	48	0	6613
16812	6561	7	4	9	0	6581
16813	70	8	6599	10	0	6687
16814	48	4	28	6593	0	6673
16815	6833	2	44	36	0	6915
16816	37	6844	5	52	0	6938
16817	7110	27	7	20	0	7164
16818	6949	45	5	18	0	7017
16819	6953	11	9	10	0	6983
16820	68	9	6	7130	0	7213
16821	7283	10	5	42	0	7340
16822	38	16	7393	65	0	7512
16823	61	13	7272	11	0	7357
16824	7148	10	75	21	0	7254
16825	38	16	7527	14	0	7595
16826	6752	4	36	24	0	6816
16827	43	4	7394	15	0	7456
16828	53	7	29	7143	0	7232
16829	7090	1	50	37	0	7178
16830	31	7238	7	62	0	7338
16831	7225	26	6	12	0	7269
16832	26	7221	5	16	0	7268
16833	53	7615	6	15	0	7689
16834	11	65	6	7737	0	7819
16835	9	48	3	7690	0	7750
16836	10	8	6	7730	0	7754
16837	16	6	7624	74	0	7720
16838	7086	2	32	63	0	7183
16839	7861	3	55	16	0	7935
16840	7944	5	5	17	0	7971
16841	7939	3	3	9	0	7954
16842	7874	7	22	9	0	7912
16843	98	10	7730	7	0	7845
16844	80	6	7628	10	0	7724
16845	18	0	82	7702	0	7802
16846	15	4	7846	38	0	7903
16847	7220	9	34	74	0	7337
16848	39	8230	66	14	0	8349
16849	65	34	12	8655	0	8766
16850	8729	64	6	46	0	8845
16851	57	2	8	8964	0	9031
16852	94	9	9104	43	0	9250
16853	21	11	9069	80	0	9181
16854	18	2	113	9287	0	9420
16855	26	6	9410	54	0	9496
16856	8700	12	50	90	0	8852
16857	52	9	81	9327	0	9469
16858	88	9	9396	62	0	9555
16859	18	9398	51	96	0	9563
16860	16	56	80	9633	0	9785
16861	33	83	9788	68	0	9972
16862	21	2	54	9456	0	9533
16863	12	6	92	9619	0	9729
16864	23	11	9821	147	0	10002
16865	23	1	57	9676	0	9757
16866	17	4	94	9599	0	9714
16867	12	3	15	9720	0	9750
16868	9460	4	9	148	0	9621
16869	60	9542	19	106	0	9727
16870	95	9669	16	22	0	9802
16871	18	137	9399	17	0	9571
16872	8601	79	60	17	0	8757
16873	67	20	9399	7	0	9493
16874	80	19	9077	16	0	9192
16875	14	33	115	8847	0	9009
16876	8988	4	77	39	0	9108
16877	47	9086	13	88	0	9234
16878	9133	44	9	12	0	9198
16879	8853	70	13	13	0	8949
16880	108	9173	8	21	0	9310
16881	9083	46	22	11	0	9162
16882	8861	73	3	11	0	8948
16883	103	9309	11	12	0	9435
16884	76	44	7	9342	0	9469
16885	48	70	4	9431	0	9553
16886	9687	2	7	103	0	9799
16887	52	10037	11	80	0	10180
16888	10233	53	1	15	0	10302
16889	10193	83	6	9	0	10291
16890	10839	7	8	15	0	10869
16891	147	3	5	10767	0	10922
16892	94	7	6	10871	0	10978
16893	10899	1	4	155	0	11059
16894	11034	4	5	98	0	11141
16895	11195	6	4	9	0	11214
16896	161	5	4	11560	0	11730
16897	111	11	11651	94	0	11867
16898	23	9	85	11763	0	11880
16899	16	4	120	12472	0	12612
16900	27	4	12557	218	0	12806
16901	22	10	13820	148	0	14000
16902	13	7	273	13905	0	14198
16903	19	14	14261	150	0	14444
16904	13869	2	150	215	0	14236
16905	141	8	199	14325	0	14673
16906	201	6	31	14560	0	14798
16907	14642	1	14	335	0	14992
16908	141	7	17	14776	0	14941
16909	216	6	16	14716	0	14954
16910	39	2	11	14996	0	15048
16911	16	7	11	15026	0	15060
16912	35	14	14601	361	0	15011
16913	18	8	138	14667	0	14831
16914	27	10	14522	186	0	14745
16915	22	14586	154	284	0	15046
16916	20	142	203	14491	0	14856
16917	20	207	14350	169	0	14746
16918	12922	18	162	253	0	13355
16919	151	14281	221	60	0	14713
16920	14384	147	34	38	0	14603
16921	177	200	25	13441	0	13843
16922	200	13959	35	171	0	14365
16923	13859	140	20	211	0	14230
16924	145	14223	23	52	0	14443
16925	14147	160	18	38	0	14363
16926	183	199	23	13761	0	14166
16927	14133	35	15	183	0	14366
16928	175	14162	27	241	0	14605
16929	14128	157	25	56	0	14366
16930	205	197	13936	56	0	14394
16931	222	34	161	13947	0	14364
16932	13760	13	215	188	0	14176
16933	13749	25	39	232	0	14045
16934	365	20	31	13561	0	13977
16935	249	18	13719	193	0	14179
16936	52	13273	181	244	0	13750
16937	39	13761	215	68	0	14083
16938	13806	330	59	73	0	14268
16939	187	225	33	13604	0	14049
16940	220	31	33	13771	0	14055
16941	13646	27	30	382	0	14085
16942	13302	30	37	262	0	13631
16943	391	27	13757	66	0	14241
16944	244	39	178	13520	0	13981
16945	65	35	13768	212	0	14080
16946	52	13613	206	265	0	14136
16947	12750	157	211	96	0	13214
16948	171	13365	58	86	0	13680
16949	196	13129	53	76	0	13454
16950	115	330	34	12869	0	13348
16951	12493	200	33	224	0	12950
16952	184	12611	53	248	0	13096
16953	12475	170	37	106	0	12788
16954	183	12489	40	82	0	12794
16955	219	171	45	12369	0	12804
16956	12215	191	47	217	0	12670
16957	184	65	12479	255	0	12983
16958	229	70	178	12336	0	12813
16959	90	52	12478	240	0	12860
16960	64	11834	179	271	0	12348
16961	80	12147	202	102	0	12531
16962	11723	300	75	97	0	12195
16963	161	12197	55	107	0	12520
16964	12134	168	72	81	0	12455
16965	12025	201	57	105	0	12388
16966	342	77	11985	88	0	12492
16967	11664	74	177	68	0	11983
16968	214	66	12368	90	0	12738
16969	239	12180	188	91	0	12698
16970	12015	176	191	84	0	12466
16971	206	12199	60	85	0	12550
16972	246	180	46	12026	0	12498
16973	12076	197	39	192	0	12504
16974	209	77	51	12127	0	12464
16975	252	62	12164	216	0	12694
16976	92	68	160	12054	0	12374
16977	86	60	199	12207	0	12552
16978	11978	60	60	348	0	12446
16979	199	84	11926	244	0	12453
16980	11886	64	179	79	0	12208
16981	12209	74	194	74	0	12551
16982	383	67	49	12133	0	12632
16983	260	64	37	12175	0	12536
16984	11911	59	52	342	0	12364
16985	230	12080	55	228	0	12593
16986	265	177	44	11728	0	12214
16987	113	198	11309	184	0	11804
16988	87	85	11008	224	0	11404
16989	83	11293	302	87	0	11765
16990	94	196	182	10564	0	11036
16991	80	191	49	10738	0	11058
16992	10612	78	45	286	0	11021
16993	192	58	41	10549	0	10840
16994	10022	44	38	185	0	10289
16995	185	9898	56	189	0	10328
16996	153	9833	32	75	0	10093
16997	77	10138	38	55	0	10308
16998	9701	249	72	51	0	10073
16999	8901	152	74	51	0	9178
17000	204	8786	40	69	0	9099
17001	7106	52	43	18	0	7219
17002	54	7106	10	17	0	7187
17003	44	62	9	6698	0	6813
17004	18	6969	17	49	0	7053
17005	6911	58	16	51	0	7036
17006	6846	40	5	18	0	6909
17007	84	19	7	6657	0	6767
17008	6684	14	5	53	0	6756
17009	53	18	4	6621	0	6696
17010	41	6834	9	53	0	6937
17011	15	93	5	6728	0	6841
17012	26	6841	9	55	0	6931
17013	6762	50	6	35	0	6853
17014	51	43	6574	28	0	6696
17015	6225	6	34	15	0	6280
17016	42	11	31	6574	0	6658
17017	32	21	6591	41	0	6685
17018	6210	9	31	35	0	6285
17019	40	19	6854	13	0	6926
17020	41	6	34	6543	0	6624
17021	23	9	35	6772	0	6839
17022	20	13	6	6739	0	6778
17023	15	8	5	6787	0	6815
17024	14	6864	17	70	0	6965
17025	16	43	11	7137	0	7207
17026	7030	34	10	52	0	7126
17027	45	14	7074	55	0	7188
17028	38	7748	36	28	0	7850
17029	7944	49	32	18	0	8043
17030	8539	52	5	28	0	8624
17031	113	18	6	9669	0	9806
17032	83	19	9660	100	0	9862
17033	27	13	80	9532	0	9652
17034	22	13	102	10153	0	10290
17035	27	23	10341	173	0	10564
17036	20	10712	98	122	0	10952
17037	10875	111	107	29	0	11122
17038	10695	108	20	31	0	10854
17039	10973	22	15	25	0	11035
17040	221	15	10	10791	0	11037
17041	138	14	11	11181	0	11344
17042	11382	12	15	214	0	11623
17043	156	19	5	10391	0	10571
17044	141	11068	11	132	0	11352
17045	11550	108	10	133	0	11801
17046	11785	131	15	39	0	11970
17047	12350	27	13	31	0	12421
17048	12413	13	8	34	0	12468
17049	323	22	12037	24	0	12406
17050	192	21	12051	33	0	12297
17051	57	14	263	11651	0	11985
17052	58	12	149	12012	0	12231
17053	55	14	12097	269	0	12435
17054	43	22	12081	163	0	12309
17055	38	16	276	11863	0	12193
17056	11972	9	174	144	0	12299
17057	158	9	41	11784	0	11992
17058	187	15	11983	178	0	12363
17059	60	12093	159	178	0	12490
17060	12054	127	174	60	0	12415
17061	12208	146	58	59	0	12471
17062	12355	29	41	68	0	12493
17063	12333	18	36	53	0	12440
17064	314	34	11910	45	0	12303
17065	198	23	167	11845	0	12233
17066	11954	16	171	160	0	12301
17067	213	11	45	11964	0	12233
17068	212	18	45	11075	0	11350
17069	89	11634	42	302	0	12067
17070	77	142	41	11779	0	12039
17071	11479	160	44	195	0	11878
17072	182	11681	52	211	0	12126
17073	11458	156	41	76	0	11731
17074	196	11745	43	81	0	12065
17075	221	162	46	10345	0	10774
17076	112	11293	52	159	0	11616
17077	91	11511	49	199	0	11850
17078	11375	275	51	88	0	11789
17079	198	198	11346	98	0	11840
17080	209	66	11164	108	0	11547
17081	90	70	11109	88	0	11357
17082	9965	63	316	91	0	10435
17083	209	10816	203	77	0	11305
17084	231	10999	81	74	0	11385
17085	10267	277	63	81	0	10688
17086	225	10647	65	88	0	11025
17087	235	10818	71	94	0	11218
17088	123	300	62	10804	0	11289
17089	118	211	10752	231	0	11312
17090	129	75	10796	250	0	11250
17091	116	76	313	10687	0	11192
17092	10534	83	225	218	0	11060
17093	241	10766	94	238	0	11339
17094	282	182	80	10831	0	11375
17095	192	216	10790	220	0	11418
17096	166	95	10521	241	0	11023
17097	164	93	310	10321	0	10888
17098	10348	100	216	241	0	10905
17099	10408	71	102	255	0	10836
17100	405	77	10336	143	0	10961
17101	10227	63	224	133	0	10647
17102	289	61	10451	133	0	10934
17103	324	68	221	9180	0	9793
17104	196	10168	235	202	0	10801
17105	10342	180	127	214	0	10863
17106	298	203	129	10311	0	10941
17107	288	78	130	10299	0	10795
17108	178	76	122	10671	0	11047
17109	173	59	126	10652	0	11010
17110	180	69	10230	362	0	10841
17111	160	10131	268	299	0	10858
17112	179	164	265	10207	0	10815
17113	10136	183	144	271	0	10734
17114	251	81	138	10311	0	10781
17115	277	99	129	10311	0	10816
17116	160	99	10139	395	0	10793
17117	162	84	9936	311	0	10493
17118	153	9823	359	187	0	10522
17119	158	9995	253	178	0	10584
17120	171	309	129	9759	0	10368
17121	9774	232	108	238	0	10352
17122	281	107	9784	261	0	10433
17123	283	9907	215	153	0	10558
17124	176	195	214	8871	0	9456
17125	128	9794	114	214	0	10250
17126	142	222	87	8916	0	9367
17127	147	9594	94	241	0	10076
17128	126	192	110	8872	0	9300
17129	8416	193	79	211	0	8899
17130	175	7957	69	196	0	8397
17131	132	173	50	6552	0	6907
17132	6333	125	61	136	0	6655
17133	131	6477	51	117	0	6776
17134	83	5635	38	71	0	5827
17135	63	5745	21	61	0	5890
17136	81	143	95	5095	0	5414
17137	29	83	31	5021	0	5164
17138	30	5070	30	108	0	5238
17139	26	82	36	5072	0	5216
17140	58	75	4982	70	0	5185
17141	37	5029	58	60	0	5184
17142	31	267	54	4408	0	4760
17143	25	4879	29	68	0	5001
17144	59	55	4625	42	0	4781
17145	8	4673	43	67	0	4791
17146	3787	66	27	42	0	3922
17147	19	17	5	3747	0	3788
17148	3706	6	6	21	0	3739
17149	14	9	3696	25	0	3744
17150	16	8	14	3697	0	3735
17151	12	3	3850	21	0	3886
17152	3	2	18	3817	0	3840
17153	3942	8	20	19	0	3989
17154	12	2	7	3934	0	3955
17155	3911	10	3	16	0	3940
17156	14	4018	11	30	0	4073
17157	3936	14	4	14	0	3968
17158	18	19	4039	13	0	4089
17159	19	4117	15	10	0	4161
17160	7	10	17	4096	0	4130
17161	9	22	7	4107	0	4145
17162	9	9	4045	28	0	4091
17163	4	4134	15	32	0	4185
17164	4	13	17	4060	0	4094
17165	2	4227	9	11	0	4249
17166	5	13	1	4043	0	4062
17167	4	4202	5	11	0	4222
17168	4056	14	7	12	0	4089
17169	9	20	3	4144	0	4176
17170	18	7	4128	13	0	4166
17171	5	4195	6	20	0	4226
17172	1	4312	12	12	0	4337
17173	9	20	4182	9	0	4220
17174	2	4291	10	0	0	4303
17175	4	7	13	4178	0	4202
17176	6	13	4286	9	0	4314
17177	1	2	9	4205	0	4217
17178	2	1	12	4339	0	4354
17179	4	6	4377	17	0	4404
17180	3919	9	10	21	0	3959
17181	12	2	21	4447	0	4482
17182	18	4	4879	14	0	4915
17183	4	4997	8	20	0	5029
17184	4971	8	17	5	0	5001
17185	8	5008	4	11	0	5031
17186	15	6	2	4961	0	4984
17187	4871	14	4	11	0	4900
17188	7	4	0	4877	0	4888
17189	17	5	5049	15	0	5086
17190	6	1	8	5014	0	5029
17191	4	4	5071	8	0	5087
17192	4734	4	10	19	0	4767
17193	12	9	5110	3	0	5134
17194	5016	10	11	5	0	5042
17195	5066	4	18	5	0	5093
17196	24	6	5229	3	0	5262
17197	25	4	5119	8	0	5156
17198	5	5301	26	3	0	5335
17199	5403	10	27	6	0	5446
17200	9	21	4	5534	0	5568
17201	18	7	3	5525	0	5553
17202	6125	5	4	38	0	6172
17203	6193	5	2	24	0	6224
17204	6260	2	5	9	0	6276
17205	6244	3	3	16	0	6266
17206	33	2	4	6146	0	6185
17207	6253	1	2	15	0	6271
17208	16	4	9	6227	0	6256
17209	24	2	2	6194	0	6222
17210	11	3	4	6246	0	6264
17211	4	9	6156	37	0	6206
17212	7	6140	13	27	0	6187
17213	2	6146	20	18	0	6186
17214	6	27	9	6188	0	6230
17215	6166	23	10	17	0	6216
17216	16	8	1	6170	0	6195
17217	6187	3	6	18	0	6214
17218	18	8	6417	23	0	6466
17219	6109	6	14	17	0	6146
17220	17	11	17	6557	0	6602
17221	6815	2	10	17	0	6844
17222	6683	8	5	26	0	6722
17223	6693	4	2	16	0	6715
17224	30	7	4	6685	0	6726
17225	27	5	6714	15	0	6761
17226	5	9	12	6619	0	6645
17227	6797	4	25	19	0	6845
17228	24	14	7598	28	0	7664
17229	29	4	17	7910	0	7960
17230	8292	6	29	21	0	8348
17231	26	17	8490	38	0	8571
17232	8725	2	22	23	0	8772
17233	9188	6	44	11	0	9249
17234	57	5	6	9380	0	9448
17235	54	6	5	9516	0	9581
17236	9554	3	6	84	0	9647
17237	32	4	4	9959	0	9999
17238	9729	6	4	57	0	9796
17239	42	10020	14	72	0	10148
17240	56	10181	9	21	0	10267
17241	15	105	5	10023	0	10148
17242	12	77	10208	60	0	10357
17243	12	10254	45	69	0	10380
17244	9883	49	60	15	0	10007
17245	41	9994	14	34	0	10083
17246	57	60	9922	14	0	10053
17247	13	58	50	9622	0	9743
17248	13	18	10195	54	0	10280
17249	9	10498	56	78	0	10641
17250	17	47	59	10157	0	10280
17251	8	10281	23	42	0	10354
17252	21	54	10265	59	0	10399
17253	9	76	55	9989	0	10129
17254	12	18	10478	53	0	10561
17255	7	6	58	10238	0	10309
17256	10355	10	64	55	0	10484
17257	54	13	10284	65	0	10416
17258	9580	2	52	27	0	9661
17259	58	12	10306	12	0	10388
17260	63	5	59	10073	0	10200
17261	28	14	10793	55	0	10890
17262	11	7	64	10616	0	10698
17263	16	10	59	10781	0	10866
17264	18	8	19	10695	0	10740
17265	13	10	6	10816	0	10845
17266	17	13	11482	119	0	11631
17267	10709	8	53	91	0	10861
17268	45	7	66	12273	0	12391
17269	12274	7	16	70	0	12367
17270	12428	8	12	71	0	12519
17271	12744	13	17	25	0	12799
17272	133	10	9	12883	0	13035
17273	94	12	18	12910	0	13034
17274	23	14519	16	125	0	14683
17275	15822	90	14	89	0	16015
17276	16568	116	19	28	0	16731
17277	16816	25	20	21	0	16882
17278	297	20	17031	37	0	17385
17279	191	9	136	16791	0	17127
17280	55	31	17079	141	0	17306
17281	16391	14	151	162	0	16718
17282	16702	9	168	49	0	16928
17283	289	15	47	16569	0	16920
17284	208	22	22	15634	0	15886
17285	52	17068	31	276	0	17427
17286	17027	131	20	173	0	17351
17287	16997	157	26	46	0	17226
17288	279	17104	28	46	0	17457
17289	17253	137	20	37	0	17447
17290	158	161	24	17342	0	17685
17291	185	31	19	17420	0	17655
17292	17424	23	29	287	0	17763
17293	174	21	17489	206	0	17890
17294	17162	15	139	65	0	17381
17295	17448	19	161	54	0	17682
17296	312	17432	38	51	0	17833
17297	17634	134	28	38	0	17834
17298	204	161	17332	38	0	17735
17299	211	42	143	17216	0	17612
17300	17263	26	180	152	0	17621
17301	193	15	45	17418	0	17671
17302	213	23	16933	174	0	17343
17303	66	20	165	16202	0	16453
17304	70	18171	183	177	0	18601
17305	59	152	59	18601	0	18871
17306	74	166	29	18814	0	19083
17307	74	37	38	18736	0	18885
17308	50	40	25	18951	0	19066
17309	79	42	18645	355	0	19121
17310	62	31	140	18690	0	18923
17311	18497	27	165	201	0	18890
17312	187	18644	51	231	0	19113
17313	213	146	30	18929	0	19318
17314	91	182	19245	191	0	19709
17315	77	37	146	19239	0	19499
17316	19406	39	185	195	0	19825
17317	19172	28	50	230	0	19480
17318	18807	23	45	74	0	18949
17319	374	24	46	19130	0	19574
17320	284	30	19177	207	0	19698
17321	116	19012	175	223	0	19526
17322	19085	140	214	96	0	19535
17323	200	180	61	19028	0	19469
17324	235	56	54	19154	0	19499
17325	123	35	19154	346	0	19658
17326	91	18879	165	251	0	19386
17327	82	19314	202	124	0	19722
17328	76	370	63	18287	0	18796
17329	96	199	18120	183	0	18598
17330	16024	57	162	243	0	16486
17331	215	51	17825	93	0	18184
17332	15921	41	169	114	0	16245
17333	198	18027	177	99	0	18501
17334	203	145	17744	92	0	18184
17335	16685	148	162	100	0	17095
17336	213	17712	177	79	0	18181
17337	18077	133	61	67	0	18338
17338	230	163	18198	75	0	18666
17339	213	18393	127	91	0	18824
17340	18535	134	143	79	0	18891
17341	204	156	18261	69	0	18690
17342	18098	38	152	66	0	18354
17343	200	37	151	18243	0	18631
17344	18522	29	52	162	0	18765
17345	190	34	60	18437	0	18721
17346	18416	40	56	179	0	18691
17347	193	48	18836	199	0	19276
17348	182	41	141	18840	0	19204
17349	85	30	161	18899	0	19175
17350	81	44	18950	293	0	19368
17351	75	49	132	18604	0	18860
17352	60	17940	191	211	0	18402
17353	69	127	66	20746	0	21008
17354	69	151	64	21789	0	22073
17355	87	49	47	23782	0	23965
17356	98	58	23679	387	0	24222
17357	21697	47	194	323	0	22261
17358	235	30	253	25212	0	25730
17359	294	49	25940	289	0	26572
17360	24477	35	249	319	0	25080
17361	25918	32	277	94	0	26321
17362	26659	38	81	92	0	26870
17363	545	31	68	26611	0	27255
17364	375	44	58	29149	0	29626
17365	135	59	66	27543	0	27803
17366	102	28728	62	648	0	29540
17367	28369	293	60	422	0	29144
17368	27811	330	72	149	0	28362
17369	661	68	60	27830	0	28619
17370	448	61	27718	362	0	28589
17371	194	46	27821	413	0	28474
17372	78	27074	648	132	0	27932
17373	78	27820	399	105	0	28402
17374	25422	638	222	204	0	26486
17375	247	25548	41	105	0	25941
17376	25034	234	67	42	0	25377
17377	24701	234	24	32	0	24991
17378	24722	35	19	25	0	24801
17379	491	27	15	24546	0	25079
17380	284	18	15	26180	0	26497
17381	26589	19	21	524	0	27153
17382	291	23	17	27435	0	27766
17383	311	23	27347	317	0	27998
17384	26984	17	290	311	0	27602
17385	307	22	293	27110	0	27732
17386	333	21	36	27486	0	27876
17387	83	24	24	27982	0	28113
17388	59	36	27249	605	0	27949
17389	24573	23	310	397	0	25303
17390	333	19	27254	77	0	27683
17391	350	20	308	26640	0	27318
17392	84	40	27419	337	0	27880
17393	66	25	330	26298	0	26719
17394	77	24	331	26769	0	27201
17395	82	44	27523	636	0	28285
17396	121	29	326	23964	0	24440
17397	70	27383	349	315	0	28117
17398	26924	310	62	344	0	27640
17399	27174	324	53	99	0	27650
17400	642	52	43	27169	0	27906
17401	429	33	27498	384	0	28344
17402	92	26718	337	424	0	27571
17403	87	27589	359	135	0	28170
17404	25994	598	95	114	0	26801
17405	379	355	25739	108	0	26581
17406	25524	60	328	104	0	26016
17407	383	32	367	25726	0	26508
17408	388	71	90	26050	0	26599
17409	25099	40	53	685	0	25877
17410	341	25531	83	452	0	26407
17411	398	306	25717	151	0	26572
17412	129	333	351	24854	0	25667
17413	106	67	26154	419	0	26746
17414	92	25515	402	455	0	26464
17415	111	319	396	25248	0	26074
17416	25265	342	93	410	0	26110
17417	25335	69	114	444	0	25962
17418	696	76	25284	177	0	26233
17419	433	25251	372	160	0	26216
17420	24671	339	392	160	0	25562
17421	413	25459	115	165	0	26152
17422	455	363	90	24769	0	25677
17423	24933	357	103	413	0	25806
17424	428	97	92	25286	0	25903
17425	453	85	24906	476	0	25920
17426	189	68	367	25059	0	25683
17427	135	86	25135	489	0	25845
17428	156	93	429	24629	0	25307
17429	24522	76	409	452	0	25459
17430	410	24771	151	493	0	25825
17431	24827	358	117	207	0	25509
17432	446	386	148	24295	0	25275
17433	449	124	111	24312	0	24996
17434	177	123	23847	742	0	24889
17435	162	104	24435	509	0	25210
17436	173	24149	715	229	0	25266
17437	183	416	24077	183	0	24859
17438	21639	377	441	207	0	22664
17439	447	23368	435	203	0	24453
17440	469	23644	188	191	0	24492
17441	185	24132	146	192	0	24655
17442	192	734	106	23399	0	24431
17443	208	450	23924	475	0	25057
17444	170	24266	447	538	0	25421
17445	214	408	456	21274	0	22352
17446	176	24608	161	457	0	25402
17447	23507	393	153	490	0	24543
17448	23743	393	125	258	0	24519
17449	716	108	172	23482	0	24478
17450	482	92	172	23508	0	24254
17451	22320	91	155	814	0	23380
17452	384	21975	172	561	0	23092
17453	432	22049	192	241	0	22914
17454	213	802	146	20104	0	21265
17455	121	338	18492	431	0	19382
17456	113	18286	367	407	0	19173
17457	16746	298	426	165	0	17635
17458	294	16719	152	102	0	17267
17459	261	16231	120	134	0	16746
17460	15181	433	170	107	0	15891
17461	265	15807	85	116	0	16273
17462	315	282	15198	105	0	15900
17463	77	15268	297	125	0	15767
17464	12393	209	239	78	0	12919
17465	158	12608	75	80	0	12921
17466	12261	174	117	68	0	12620
17467	174	187	56	12123	0	12540
17468	170	70	57	12396	0	12693
17469	87	74	12491	276	0	12928
17470	61	12596	157	189	0	13003
17471	69	181	140	12454	0	12844
17472	12439	156	55	178	0	12828
17473	12327	63	45	171	0	12606
17474	261	12783	54	80	0	13178
17475	162	182	64	12504	0	12912
17476	12543	175	60	181	0	12959
17477	12611	82	72	188	0	12953
17478	298	73	12346	70	0	12787
17479	175	71	11551	45	0	11842
17480	74	62	11052	52	0	11240
17481	32	10456	195	41	0	10724
17482	9615	109	237	27	0	9988
17483	88	9682	29	25	0	9824
17484	9410	98	34	35	0	9577
17485	93	9954	18	17	0	10082
17486	83	103	17	10039	0	10242
17487	10141	83	11	93	0	10328
17488	93	33	10311	80	0	10517
17489	9999	32	85	22	0	10138
17490	10303	22	79	16	0	10420
17491	147	10507	26	28	0	10708
17492	77	10682	19	21	0	10799
17493	10897	148	38	15	0	11098
17494	92	93	11445	19	0	11649
17495	10649	49	102	8	0	10808
17496	10821	20	75	8	0	10924
17497	149	9	16	10741	0	10915
17498	11081	15	7	78	0	11181
17499	86	33	8	11316	0	11443
17500	77	22	5	11655	0	11759
17501	25	19	4	11318	0	11366
17502	15	11526	12	128	0	11681
17503	11551	79	11	77	0	11718
17504	11652	74	8	19	0	11753
17505	142	20	14	11589	0	11765
17506	94	15	19	11266	0	11394
17507	31	11533	22	129	0	11715
17508	11402	82	23	79	0	11586
17509	95	82	11379	18	0	11574
17510	82	36	83	11356	0	11557
17511	39	34	11420	94	0	11587
17512	36	23	89	11248	0	11396
17513	46	36	11547	95	0	11724
17514	33	23	84	11225	0	11365
17515	11263	31	64	100	0	11458
17516	116	20	11682	91	0	11909
17517	10971	19	92	35	0	11117
17518	103	12135	85	29	0	12352
17519	96	84	36	12119	0	12335
17520	44	90	20	12341	0	12495
17521	12653	37	22	141	0	12853
17522	108	40	18	13077	0	13243
17523	115	32	13458	97	0	13702
17524	12819	36	87	93	0	13035
17525	13599	24	70	52	0	13745
17526	13679	26	24	34	0	13763
17527	13614	21	24	47	0	13706
17528	176	13520	30	50	0	13776
17529	109	81	25	13568	0	13783
17530	13563	79	15	108	0	13765
17531	103	37	22	13445	0	13607
17532	13225	33	21	86	0	13365
17533	123	31	13011	71	0	13236
17534	110	23	12914	39	0	13086
17535	57	148	126	11848	0	12179
17536	53	12808	65	82	0	13008
17537	39	13255	36	91	0	13421
17538	12760	128	42	81	0	13011
17539	95	62	12971	45	0	13173
17540	11466	26	68	58	0	11618
17541	90	12947	81	37	0	13155
17542	12942	62	31	43	0	13078
17543	94	56	23	12696	0	12869
17544	84	36	13024	92	0	13236
17545	59	22	65	12808	0	12954
17546	49	24	60	12726	0	12859
17547	50	12983	24	121	0	13178
17548	40	13362	35	79	0	13516
17549	39	106	28	13020	0	13193
17550	49	13526	31	83	0	13689
17551	54	82	13285	71	0	13492
17552	62	62	13108	37	0	13269
17553	11690	22	127	51	0	11890
17554	13120	22	66	43	0	13251
17555	147	13154	36	47	0	13384
17556	99	77	22	12958	0	13156
17557	58	66	21	13197	0	13342
17558	55	30	13301	128	0	13514
17559	45	24	81	12258	0	12408
17560	47	13208	67	99	0	13421
17561	44	74	12948	97	0	13163
17562	55	69	12921	38	0	13083
17563	53	12607	125	51	0	12836
17564	58	74	12905	51	0	13088
17565	46	68	75	12488	0	12677
17566	57	43	63	12047	0	12210
17567	54	47	13107	132	0	13340
17568	61	31	68	12603	0	12763
17569	45	12783	75	93	0	12996
17570	46	13321	34	92	0	13493
17571	54	148	27	12995	0	13224
17572	48	64	13306	88	0	13506
17573	31	13516	77	87	0	13711
17574	35	91	81	13214	0	13421
17575	43	53	13120	95	0	13311
17576	11704	28	78	57	0	11867
17577	12969	15	57	26	0	13067
17578	13077	18	23	29	0	13147
17579	102	14	15	12820	0	12951
17580	59	17	18	13104	0	13198
17581	35	20	13617	104	0	13776
17582	24	16	58	13190	0	13288
17583	20	19	58	13703	0	13800
17584	25	24	13587	98	0	13734
17585	10411	21	62	93	0	10587
17586	55	12791	64	29	0	12939
17587	12639	51	23	22	0	12735
17588	46	12706	28	30	0	12810
17589	48	75	18	12641	0	12782
17590	52	48	12720	65	0	12885
17591	24	61	44	12173	0	12302
17592	18	19	12454	62	0	12553
17593	9239	12	69	80	0	9400
17594	41	11	11568	20	0	11640
17595	35	12	66	10696	0	10809
17596	20	17	11502	42	0	11581
17597	18	11668	43	49	0	11778
17598	32	43	39	11930	0	12044
17599	24	42	15	11985	0	12066
17600	27	7	8	12195	0	12237
17601	22	15	12245	120	0	12402
17602	10	15	12507	88	0	12620
17603	15	10	142	12260	0	12427
17604	11	5	80	14773	0	14869
17605	18	7	30	15819	0	15874
17606	16317	8	20	239	0	16584
17607	137	10	18	17013	0	17178
17608	172	25	17995	159	0	18351
17609	18540	14	160	183	0	18897
17610	184	25	178	19521	0	19908
17611	20541	12	35	204	0	20792
17612	20648	6	30	237	0	20921
17613	392	7	29	20809	0	21237
17614	20841	6	47	213	0	21107
17615	20785	6	24	247	0	21062
17616	420	20	20929	60	0	21429
17617	252	21089	208	53	0	21602
17618	55	202	229	19926	0	20412
17619	32	225	42	20947	0	21246
17620	20797	31	28	422	0	21278
17621	20415	12	41	275	0	20743
17622	20500	11	39	90	0	20640
17623	456	17	19660	67	0	20200
17624	269	19852	223	80	0	20424
17625	19716	191	248	61	0	20216
17626	230	20091	73	81	0	20475
17627	20142	218	39	71	0	20470
17628	267	223	39	19913	0	20442
17629	20084	44	40	258	0	20426
17630	19999	25	36	279	0	20339
17631	20211	21	33	87	0	20352
17632	513	23	20290	93	0	20919
17633	20054	19	223	87	0	20383
17634	303	20341	253	77	0	20974
17635	20751	206	59	74	0	21090
17636	20707	238	44	75	0	21064
17637	21014	66	43	77	0	21200
17638	526	33	48	19864	0	20471
17639	333	20467	42	279	0	21121
17640	20474	216	40	281	0	21011
17641	346	255	20529	99	0	21229
17642	359	20558	239	88	0	21244
17643	205	237	257	17645	0	18344
17644	157	20215	53	188	0	20613
17645	19984	267	67	222	0	20540
17646	20461	285	50	69	0	20865
17647	566	77	30	20295	0	20968
17648	388	59	20057	329	0	20833
17649	188	20053	260	314	0	20815
17650	281	257	301	16016	0	16855
17651	180	266	90	19899	0	20435
17652	174	63	84	20924	0	21245
17653	20946	69	71	513	0	21599
17654	20995	74	62	348	0	21479
17655	21230	61	59	112	0	21462
17656	21353	82	44	88	0	21567
17657	666	57	38	20907	0	21668
17658	459	76	21327	333	0	22195
17659	244	62	264	21475	0	22045
17660	202	54	297	21356	0	21909
17661	216	73	99	21479	0	21867
17662	239	62	71	21642	0	22014
17663	21234	70	97	637	0	22038
17664	431	84	97	21401	0	22013
17665	21501	60	71	404	0	22036
17666	21453	75	68	434	0	22030
17667	763	64	21012	207	0	22046
17668	569	68	20849	183	0	21669
17669	336	63	21566	218	0	22183
17670	338	100	552	20572	0	21562
17671	312	81	21308	380	0	22081
17672	302	109	342	20522	0	21275
17673	289	99	321	20666	0	21375
17674	20955	89	97	660	0	21801
17675	570	83	75	20255	0	20983
17676	563	21171	111	413	0	22258
17677	21442	297	121	400	0	22260
17678	469	21842	131	243	0	22685
17679	512	356	21807	245	0	22920
17680	314	22101	315	215	0	22945
17681	21413	351	323	189	0	22276
17682	557	369	112	21248	0	22286
17683	588	149	21177	394	0	22308
17684	21152	113	330	397	0	21992
17685	596	138	330	21239	0	22303
17686	608	127	21531	358	0	22624
17687	336	130	343	21637	0	22446
17688	329	87	379	21575	0	22370
17689	322	124	134	21317	0	21897
17690	349	21524	127	602	0	22602
17691	21795	289	124	407	0	22615
17692	567	351	100	21135	0	22153
17693	557	21778	124	386	0	22845
17694	327	361	80	21843	0	22611
17695	329	432	21689	401	0	22851
17696	343	21787	341	391	0	22862
17697	21527	363	368	192	0	22450
17698	21447	387	132	177	0	22143
17699	631	181	93	20808	0	21713
17700	491	166	103	21204	0	21964
17701	21101	113	120	579	0	21913
17702	20376	121	139	457	0	21093
17703	622	20796	144	214	0	21776
17704	18190	258	114	160	0	18722
17705	353	244	17413	115	0	18125
17706	358	81	17017	130	0	17586
17707	130	16591	322	127	0	17170
17708	78	16114	236	113	0	16541
17709	14322	242	293	64	0	14921
17710	119	14574	66	64	0	14823
17711	13992	102	50	49	0	14193
17712	13766	106	15	37	0	13924
17713	13606	30	25	43	0	13704
17714	199	20	29	13385	0	13633
17715	13491	30	27	120	0	13668
17716	143	32	13280	133	0	13588
17717	143	37	13360	41	0	13581
17718	54	13395	188	72	0	13709
17719	68	93	13568	54	0	13783
17720	60	120	107	12725	0	13012
17721	59	33	13693	121	0	13906
17722	49	29	13408	123	0	13609
17723	45	28	171	13120	0	13364
17724	13415	19	132	115	0	13681
17725	13435	23	45	127	0	13630
17726	193	31	14002	49	0	14275
17727	13564	25	107	52	0	13748
17728	133	29	14406	43	0	14611
17729	13958	26	111	46	0	14141
17730	14751	24	123	50	0	14948
17731	200	17	48	14665	0	14930
17732	152	22	43	14049	0	14266
17733	55	14169	50	199	0	14473
17734	45	14450	47	132	0	14674
17735	58	171	36	14170	0	14435
17736	51	104	39	14223	0	14417
17737	13640	39	44	180	0	13903
17738	120	13782	31	118	0	14051
17739	13568	95	23	54	0	13740
17740	117	13870	38	45	0	14070
17741	140	114	13553	46	0	13853
17742	55	115	99	13515	0	13784
17743	13473	43	112	96	0	13724
17744	13964	34	38	117	0	14153
17745	198	14444	44	54	0	14740
17746	119	14758	39	76	0	14992
17747	49	15052	36	63	0	15200
17748	68	297	41	15966	0	16372
17749	74	141	16578	145	0	16938
17750	33	16545	145	160	0	16883
17751	59	122	138	16279	0	16598
17752	39	125	34	16630	0	16828
17753	40	29	16644	236	0	16949
17754	40	24	16561	151	0	16776
17755	15727	28	251	52	0	16058
17756	147	31	17280	25	0	17483
17757	16860	23	131	39	0	17053
17758	16583	24	162	39	0	16808
17759	16764	19	34	36	0	16853
17760	16674	30	30	24	0	16758
17761	272	33	16324	41	0	16670
17762	168	16507	134	48	0	16857
17763	58	139	158	16396	0	16751
17764	65	143	16520	130	0	16858
17765	54	57	129	15868	0	16108
17766	63	16055	165	122	0	16405
17767	54	132	34	16881	0	17101
17768	55	151	38	16834	0	17078
17769	60	49	28	16769	0	16906
17770	16505	44	29	271	0	16849
17771	146	39	34	16711	0	16930
17772	166	45	35	16699	0	16945
17773	46	47	51	16524	0	16668
17774	39	16067	65	303	0	16474
17775	15805	139	74	192	0	16210
17776	141	15536	58	72	0	15807
17777	160	15531	48	63	0	15802
17778	61	241	49	15514	0	15865
17779	68	155	50	15589	0	15862
17780	15482	31	52	268	0	15833
17781	186	28	51	15775	0	16040
17782	15938	26	39	178	0	16181
17783	18513	33	52	182	0	18780
17784	398	32	41	18534	0	19005
17785	298	37	59	18002	0	18396
17786	64	18956	69	457	0	19546
17787	19384	250	43	293	0	19970
17788	251	20438	55	135	0	20879
17789	20440	262	55	76	0	20833
17790	295	289	20203	91	0	20878
17791	19822	64	262	81	0	20229
17792	20579	51	284	96	0	21010
17793	536	47	56	20259	0	20898
17794	358	45	20482	335	0	21220
17795	88	20757	279	372	0	21496
17796	97	292	306	21002	0	21697
17797	133	337	21085	321	0	21876
17798	78	107	271	21029	0	21485
17799	20454	64	315	339	0	21172
17800	330	46	20635	387	0	21398
17801	349	20363	283	130	0	21125
17802	101	20848	320	111	0	21380
17803	196	584	81	16815	0	17676
17804	89	20744	58	267	0	21158
17805	20475	300	54	293	0	21122
17806	20391	328	48	97	0	20864
17807	20481	90	46	89	0	20706
17808	612	74	19623	84	0	20393
17809	19894	73	278	96	0	20341
17810	340	68	309	19478	0	20195
17811	361	54	83	19610	0	20108
17812	131	65	48	19875	0	20119
17813	98	76	118	20026	0	20318
17814	114	81	19606	629	0	20430
17815	111	82	19594	409	0	20196
17816	115	77	19563	154	0	19909
17817	18002	54	587	143	0	18786
17818	329	18883	386	140	0	19738
17819	381	281	102	18648	0	19412
17820	18575	348	65	355	0	19343
17821	333	18863	100	430	0	19726
17822	382	19275	87	154	0	19898
17823	18866	581	72	116	0	19635
17824	18820	375	73	103	0	19371
17825	593	19071	87	133	0	19884
17826	444	310	66	16926	0	17746
17827	151	18469	85	300	0	19005
17828	17990	316	64	352	0	18722
17829	17893	354	88	144	0	18479
17830	17780	111	55	138	0	18084
17831	620	17336	78	186	0	18220
17832	413	292	66	17651	0	18422
17833	166	348	17555	380	0	18449
17834	144	135	293	17523	0	18095
17835	136	87	356	17815	0	18394
17836	121	145	17458	632	0	18356
17837	16808	97	301	419	0	17625
17838	359	101	350	17497	0	18307
17839	413	112	96	16982	0	17603
17840	170	17459	85	602	0	18316
17841	17336	325	79	399	0	18139
17842	372	382	75	16646	0	17475
17843	404	17155	88	389	0	18036
17844	16416	299	76	381	0	17172
17845	338	16687	75	155	0	17255
17846	15752	317	95	132	0	16296
17847	360	330	15491	129	0	16310
17848	343	102	14055	101	0	14601
17849	131	68	13704	101	0	14004
17850	106	13613	477	84	0	14280
17851	186	279	377	11434	0	12276
17852	102	13265	73	213	0	13653
17853	12989	248	73	263	0	13573
17854	246	285	13060	91	0	13682
17855	12681	93	231	90	0	13095
17856	12797	80	280	73	0	13230
17857	460	73	82	12544	0	13159
17858	12826	60	64	243	0	13193
17859	288	85	67	12770	0	13210
17860	298	90	12601	266	0	13255
17861	12176	95	229	276	0	12776
17862	257	12483	264	115	0	13119
17863	298	258	70	12487	0	13113
17864	12511	277	53	236	0	13077
17865	279	87	68	12646	0	13080
17866	307	94	12174	258	0	12833
17867	123	69	235	11796	0	12223
17868	96	12166	298	253	0	12813
17869	12181	235	80	273	0	12769
17870	259	260	60	12132	0	12711
17871	12318	89	69	261	0	12737
17872	294	62	53	12206	0	12615
17873	310	74	55	11425	0	11864
17874	112	12025	72	449	0	12658
17875	11740	224	76	280	0	12320
17876	269	12517	67	127	0	12980
17877	292	219	68	10955	0	11534
17878	91	11860	62	247	0	12260
17879	11599	228	51	249	0	12127
17880	11466	265	54	101	0	11886
17881	11440	89	57	89	0	11675
17882	436	11004	72	90	0	11602
17883	129	8215	30	44	0	8418
17884	7963	189	70	36	0	8258
17885	106	8249	34	41	0	8430
17886	148	257	43	7363	0	7811
17887	47	95	7104	95	0	7341
17888	6133	34	69	78	0	6314
17889	6340	23	75	29	0	6467
17890	6334	20	17	24	0	6395
17891	129	6364	10	28	0	6531
17892	6138	55	11	21	0	6225
17893	84	68	6342	30	0	6524
17894	71	6157	44	19	0	6291
17895	41	91	55	5377	0	5564
17896	16	5470	7	25	0	5518
17897	5144	28	6	33	0	5211
17898	29	5384	10	14	0	5437
17899	41	21	5	5252	0	5319
17900	13	5349	4	32	0	5398
17901	55	23	7	5355	0	5440
17902	10	42	10	5241	0	5303
17903	17	9	5258	59	0	5343
17904	14	10	21	5130	0	5175
17905	5116	9	33	29	0	5187
17906	5131	12	6	39	0	5188
17907	59	11	8	5129	0	5207
17908	47	11	5164	30	0	5252
17909	18	14	22	5122	0	5176
17910	5163	9	37	29	0	5238
17911	5396	16	8	47	0	5467
17912	5493	12	7	20	0	5532
17913	56	5791	15	15	0	5877
17914	5878	23	5	8	0	5914
17915	36	46	5772	22	0	5876
17916	6200	8	53	25	0	6286
17917	36	15	33	6465	0	6549
17918	39	18	11	6515	0	6583
17919	19	15	9	6563	0	6606
17920	6406	19	5	62	0	6492
17921	6269	16	5	49	0	6339
17922	65	10	10	6311	0	6396
17923	53	9	6491	34	0	6587
17924	26	16	23	6421	0	6486
17925	28	7	31	6333	0	6399
17926	23	15	6430	78	0	6546
17927	20	6504	31	55	0	6610
17928	20	27	34	6714	0	6795
17929	6792	40	15	32	0	6879
17930	33	14	6	6821	0	6874
17931	52	16	4	6883	0	6955
17932	6887	17	8	64	0	6976
17933	47	6964	7	53	0	7071
17934	53	7105	12	27	0	7197
17935	6964	59	7	19	0	7049
17936	35	51	7020	21	0	7127
17937	6342	14	27	30	0	6413
17938	50	12	7626	23	0	7711
17939	35	7593	23	31	0	7682
17940	7616	25	35	21	0	7697
17941	7603	34	8	20	0	7665
17942	7729	7	9	23	0	7768
17943	7741	16	8	18	0	7783
17944	72	15	7790	22	0	7899
17945	44	15	23	7534	0	7616
17946	7657	11	34	26	0	7728
17947	42	19	8133	46	0	8240
17948	45	11	8090	16	0	8162
17949	19	8109	55	14	0	8197
17950	8044	32	39	10	0	8125
17951	27	21	18	7861	0	7927
17952	7999	6	6	20	0	8031
17953	23	8251	11	34	0	8319
17954	33	15	5	8814	0	8867
17955	12	25	4	8794	0	8835
17956	17	9	5	9087	0	9118
17957	19	13	9341	72	0	9445
17958	18	9439	32	67	0	9556
17959	10221	35	41	17	0	10314
17960	51	43	20	10225	0	10339
17961	10244	15	9	52	0	10320
17962	10035	11	7	60	0	10113
17963	111	7	6	10135	0	10259
17964	81	20	10513	64	0	10678
17965	42	7	46	10256	0	10351
17966	10	10648	63	65	0	10786
17967	20	43	18	10699	0	10780
17968	26	56	10653	64	0	10799
17969	10268	16	54	75	0	10413
17970	54	7	67	10763	0	10891
17971	10631	12	19	59	0	10721
17972	79	26	10601	84	0	10790
17973	9825	5	49	42	0	9921
17974	75	7	10729	18	0	10829
17975	9700	13	63	25	0	9801
17976	61	10421	68	32	0	10582
17977	56	10793	29	26	0	10904
17978	27	96	15	10758	0	10896
17979	23	65	12	10301	0	10401
17980	20	24	12	10775	0	10831
17981	10776	5	10	114	0	10905
17982	53	12	10	10899	0	10974
17983	67	13	10981	83	0	11144
17984	9989	7	51	87	0	10134
17985	59	11087	66	46	0	11258
17986	11190	54	30	24	0	11298
17987	10791	61	17	21	0	10890
17988	115	29	11216	28	0	11388
17989	83	16	58	10791	0	10948
17990	37	15	64	11697	0	11813
17991	31	20	11943	117	0	12111
17992	26	11876	69	100	0	12071
17993	11673	53	65	35	0	11826
17994	11677	60	33	24	0	11794
17995	122	19	13	11946	0	12100
17996	82	22	21	12041	0	12166
17997	39	12	22	12497	0	12570
17998	12255	21	14	140	0	12430
17999	78	12626	18	91	0	12813
18000	12655	65	19	41	0	12780
18001	12473	74	24	39	0	12610
18002	158	38	13192	45	0	13433
18003	106	16	84	12470	0	12676
18004	37	13404	99	108	0	13648
18005	40	97	30	13558	0	13725
18006	43	99	14	13897	0	14053
18007	37	37	14312	186	0	14572
18008	14270	10	103	136	0	14519
18009	15945	19	106	53	0	16123
18010	16545	20	34	58	0	16657
18011	282	11	24	16371	0	16688
18012	188	32	21	15534	0	15775
18013	55	16171	45	252	0	16523
18014	47	16669	28	189	0	16933
18015	16327	254	32	54	0	16667
18016	143	16065	35	62	0	16305
18017	185	149	16050	61	0	16445
18018	72	167	132	16018	0	16389
18019	16328	33	178	163	0	16702
18020	178	32	16364	199	0	16773
18021	208	25	16158	66	0	16457
18022	16234	24	295	45	0	16598
18023	16349	36	181	43	0	16609
18024	316	33	50	16198	0	16597
18025	221	39	16423	177	0	16860
18026	63	37	148	16423	0	16671
18027	75	40	16636	171	0	16922
18028	73	46	16538	210	0	16867
18029	72	16740	300	83	0	17195
18030	16700	129	201	72	0	17102
18031	16469	175	57	63	0	16764
18032	316	16678	57	78	0	17129
18033	241	153	41	16410	0	16845
18034	91	182	55	16506	0	16834
18035	73	55	57	16811	0	16996
18036	16484	40	35	334	0	16893
18037	176	16445	62	256	0	16939
18038	16078	142	50	94	0	16364
18039	15950	194	47	64	0	16255
18040	332	65	15732	73	0	16202
18041	227	15831	168	73	0	16299
18042	96	166	218	15813	0	16293
18043	82	207	15992	173	0	16454
18044	15396	69	153	221	0	15839
18045	16003	27	206	68	0	16304
18046	16076	46	66	70	0	16258
18047	15818	30	61	65	0	15974
18048	359	35	49	15516	0	15959
18049	260	56	15489	172	0	15977
18050	106	33	162	15459	0	15760
18051	15468	46	197	181	0	15892
18052	15338	31	63	225	0	15657
18053	327	15304	66	99	0	15796
18054	14947	138	54	57	0	15196
18055	197	180	14970	63	0	15410
18056	234	48	14856	46	0	15184
18057	13863	57	335	48	0	14303
18058	181	14534	205	64	0	14984
18059	200	104	29	13267	0	13600
18060	65	13948	45	124	0	14182
18061	69	110	25	14063	0	14267
18062	65	149	32	13965	0	14211
18063	63	38	38	14512	0	14651
18064	14077	29	32	243	0	14381
18065	14158	35	38	162	0	14393
18066	14071	43	43	36	0	14193
18067	269	49	13940	61	0	14319
18068	13439	44	127	55	0	13665
18069	149	23	175	14416	0	14763
18070	193	33	58	14968	0	15252
18071	103	29	15154	268	0	15554
18072	104	31	146	17029	0	17310
18073	17897	34	176	194	0	18301
18074	249	33	17855	231	0	18368
18075	249	30	193	17771	0	18243
18076	17863	19	224	222	0	18328
18077	17620	27	64	235	0	17946
18078	412	44	18024	94	0	18574
18079	304	36	18288	68	0	18696
18080	113	28	361	18137	0	18639
18081	18551	34	246	197	0	19028
18082	18612	29	74	242	0	18957
18083	421	51	54	17038	0	17564
18084	272	18624	63	196	0	19155
18085	18367	192	64	233	0	18856
18086	206	18848	70	97	0	19221
18087	269	197	50	18694	0	19210
18088	113	223	18515	230	0	19081
18089	100	57	18402	264	0	18823
18090	120	38	18712	73	0	18943
18091	110	25	411	17651	0	18197
18092	95	25	265	18082	0	18467
18093	17975	27	75	387	0	18464
18094	223	18073	66	283	0	18645
18095	18208	172	53	93	0	18526
18096	256	234	62	16458	0	17010
18097	259	17947	77	227	0	18510
18098	91	18323	72	245	0	18731
18099	83	381	50	17894	0	18408
18100	17841	217	46	218	0	18322
18101	205	18149	61	267	0	18682
18102	17226	161	44	72	0	17503
18103	211	17720	64	65	0	18060
18104	17397	168	72	62	0	17699
18105	226	219	17203	62	0	17710
18106	280	56	16830	67	0	17233
18107	75	16624	340	81	0	17120
18108	15002	223	304	69	0	15598
18109	138	14758	40	61	0	14997
18110	166	14056	37	40	0	14299
18111	161	259	55	13776	0	14251
18112	13796	141	65	124	0	14126
18113	129	14111	41	166	0	14447
18114	13772	116	45	36	0	13969
18115	128	13892	39	37	0	14096
18116	13465	109	34	30	0	13638
18117	116	13678	36	42	0	13872
18118	136	13789	30	32	0	13987
18119	66	225	19	12756	0	13066
18120	37	13734	22	99	0	13892
18121	13330	124	23	111	0	13588
18122	122	139	13418	44	0	13723
18123	120	42	107	13299	0	13568
18124	38	37	13876	121	0	14072
18125	27	29	115	13477	0	13648
18126	36	27	133	13708	0	13904
18127	43	28	13194	229	0	13494
18128	11097	31	126	197	0	11451
18129	142	12984	133	61	0	13320
18130	13000	112	45	43	0	13200
18131	141	13202	39	45	0	13427
18132	152	127	40	12935	0	13254
18133	13065	124	35	130	0	13354
18134	13036	51	42	131	0	13260
18135	13204	41	45	52	0	13342
18136	243	41	30	12794	0	13108
18137	198	49	20	12503	0	12770
18138	92	13394	43	215	0	13744
18139	13527	147	29	145	0	13848
18140	13656	150	29	59	0	13894
18141	13639	63	33	37	0	13772
18142	13412	60	53	34	0	13559
18143	239	13107	75	49	0	13470
18144	156	122	53	13169	0	13500
18145	70	155	13101	122	0	13448
18146	12621	60	125	134	0	12940
18147	13396	65	125	73	0	13659
18148	266	69	13345	53	0	13733
18149	196	63	13464	51	0	13774
18150	79	73	227	13200	0	13579
18151	60	74	149	13856	0	14139
18152	45	74	51	14087	0	14257
18153	13722	65	49	260	0	14096
18154	161	76	41	13898	0	14176
18155	187	67	13523	164	0	13941
18156	96	65	130	13629	0	13920
18157	77	73	13894	165	0	14209
18158	62	73	147	13370	0	13652
18159	71	56	152	14296	0	14575
18160	58	65	14358	279	0	14760
18161	12675	59	164	202	0	13100
18162	141	14370	175	71	0	14757
18163	14311	167	46	59	0	14583
18164	181	182	31	14721	0	15115
18165	14507	89	33	160	0	14789
18166	200	15321	35	205	0	15761
18167	214	15938	41	80	0	16273
18168	109	504	33	16268	0	16914
18169	80	236	16946	177	0	17439
18170	85	76	16346	218	0	16725
18171	55	16403	365	72	0	16895
18172	13288	178	214	55	0	13735
18173	126	148	32	13224	0	13530
18174	13138	32	22	124	0	13316
18175	129	13210	34	161	0	13534
18176	156	13439	30	50	0	13675
18177	52	340	14	13164	0	13570
18178	13086	172	16	156	0	13430
18179	13070	37	20	158	0	13285
18180	274	31	13018	38	0	13361
18181	193	32	12647	26	0	12898
18182	12174	26	249	40	0	12489
18183	120	12763	166	38	0	13087
18184	12623	117	54	26	0	12820
18185	164	167	25	12342	0	12698
18186	165	38	12279	121	0	12603
18187	11252	17	118	154	0	11541
18188	132	11997	159	43	0	12331
18189	146	12016	40	23	0	12225
18190	53	240	27	11725	0	12045
18191	11968	145	21	109	0	12243
18192	128	37	28	12102	0	12295
18193	12438	32	27	134	0	12631
18194	157	41	12303	141	0	12642
18195	11873	39	108	50	0	12070
18196	12330	26	129	28	0	12513
18197	266	23	11939	38	0	12266
18198	11322	36	117	27	0	11502
18199	151	11748	151	35	0	12085
18200	166	124	45	11180	0	11515
18201	65	11855	30	113	0	12063
18202	11830	140	19	134	0	12123
18203	148	145	36	11404	0	11733
18204	166	11630	37	119	0	11952
18205	69	128	23	11405	0	11625
18206	55	11711	28	133	0	11927
18207	47	145	24	11717	0	11933
18208	11598	156	25	148	0	11927
18209	134	49	25	11722	0	11930
18210	155	50	11496	165	0	11866
18211	10918	44	127	160	0	11249
18212	135	46	126	11438	0	11745
18213	161	47	11241	145	0	11594
18214	66	36	10891	187	0	11180
18215	80	29	11338	66	0	11513
18216	52	31	276	10714	0	11073
18217	60	31	173	11368	0	11632
18218	60	33	51	11424	0	11568
18219	38	38	61	11528	0	11665
18220	11443	23	57	282	0	11805
18221	11541	29	51	196	0	11817
18222	11674	30	47	82	0	11833
18223	11895	29	61	70	0	12055
18224	283	35	48	11467	0	11833
18225	215	43	11900	162	0	12320
18226	11569	41	127	188	0	11925
18227	12222	36	148	75	0	12481
18228	287	44	44	12110	0	12485
18229	204	39	39	12358	0	12640
18230	12420	32	48	281	0	12781
18231	200	50	34	11686	0	11970
18232	217	12050	44	174	0	12485
18233	12230	134	41	188	0	12593
18234	11990	144	48	87	0	12269
18235	313	64	12616	76	0	13069
18236	214	47	143	12433	0	12837
18237	95	51	168	12820	0	13134
18238	12812	38	69	289	0	13208
18239	12724	38	52	195	0	13009
18240	330	35	49	12687	0	13101
18241	220	47	12720	187	0	13174
18242	109	53	12751	207	0	13120
18243	102	38	260	12644	0	13044
18244	99	51	184	12754	0	13088
18245	12502	37	63	286	0	12888
18246	195	12581	62	223	0	13061
18247	216	12440	58	97	0	12811
18248	88	12732	64	74	0	12958
18249	100	256	75	12186	0	12617
18250	12212	159	96	167	0	12634
18251	12015	52	47	173	0	12287
18252	290	12280	38	91	0	12699
18253	12272	143	28	78	0	12521
18254	178	148	38	12155	0	12519
18255	175	63	12322	179	0	12739
18256	94	53	124	11972	0	12243
18257	102	38	134	12078	0	12352
18258	88	42	36	12101	0	12267
18259	11540	30	36	279	0	11885
18260	151	45	30	10974	0	11200
18261	163	11150	39	159	0	11511
18262	10716	107	102	160	0	11085
18263	152	10903	35	87	0	11177
18264	126	10441	47	71	0	10685
18265	52	10694	50	53	0	10849
18266	68	147	9517	47	0	9779
18267	24	9305	80	48	0	9457
18268	67	45	8098	25	0	8235
18269	7149	41	48	23	0	7261
18270	7548	6	43	36	0	7633
18271	57	12	7972	9	0	8050
18272	7509	7	22	29	0	7567
18273	8164	5	31	22	0	8222
18274	67	11	8264	17	0	8359
18275	36	8522	28	12	0	8598
18276	25	38	39	8527	0	8629
18277	8733	30	7	32	0	8802
18278	34	7	5	8692	0	8738
18279	9061	13	10	31	0	9115
18280	8890	10	7	39	0	8946
18281	64	23	9155	17	0	9259
18282	8782	4	23	23	0	8832
18283	38	9500	32	21	0	9591
18284	9537	31	10	22	0	9600
18285	39	37	3	9507	0	9586
18286	51	11	9644	45	0	9751
18287	20	18	32	9349	0	9419
18288	9398	16	33	41	0	9488
18289	42	9574	9	65	0	9690
18290	48	30	9551	37	0	9666
18291	25	36	36	8905	0	9002
18292	34	13	9670	53	0	9770
18293	22	9688	31	59	0	9800
18294	9503	36	38	20	0	9597
18295	46	34	15	9533	0	9628
18296	55	19	9684	53	0	9811
18297	27	21	9288	60	0	9396
18298	9321	20	64	30	0	9435
18299	49	19	38	9892	0	9998
18300	58	19	13	9998	0	10088
18301	30	17	10176	76	0	10299
18302	30	24	10127	53	0	10234
18303	35	10484	70	30	0	10619
18304	37	38	52	10398	0	10525
18305	43	47	19	10093	0	10202
18306	31	10565	21	79	0	10696
18307	33	57	10379	52	0	10521
18308	9181	61	51	34	0	9327
18309	49	18	46	10570	0	10683
18310	54	19	10832	68	0	10973
18311	28	25	46	10032	0	10131
18312	38	10757	47	55	0	10897
18313	44	56	10733	55	0	10888
18314	9707	54	53	44	0	9858
18315	67	32	11159	36	0	11294
18316	58	36	10956	22	0	11072
18317	31	31	10834	24	0	10920
18318	37	22	11668	33	0	11760
18319	33	18	94	11101	0	11246
18320	31	16	12525	67	0	12639
18321	34	19	67	11625	0	11745
18322	23	12443	74	66	0	12606
18323	13071	52	18	88	0	13229
18324	90	75	12	13383	0	13560
18325	99	22	13371	91	0	13583
18326	27	13426	89	124	0	13666
18327	37	79	98	13208	0	13422
18328	13073	93	24	86	0	13276
18329	81	13359	30	90	0	13560
18330	93	73	25	13346	0	13537
18331	13483	90	27	80	0	13680
18332	86	28	13431	97	0	13642
18333	12847	12	78	30	0	12967
18334	101	16	13684	29	0	13830
18335	12301	7	82	16	0	12406
18336	12588	5	94	19	0	12706
18337	154	13	12744	9	0	12920
18338	87	12494	68	24	0	12673
18339	27	76	75	12164	0	12342
18340	17	84	12621	73	0	12795
18341	10	26	73	11804	0	11913
18342	13	6	82	12310	0	12411
18343	17	12	12566	142	0	12737
18344	19	14	12452	97	0	12582
18345	12	8	141	12208	0	12369
18346	12593	6	96	69	0	12764
18347	68	12668	21	94	0	12851
18348	83	12655	16	28	0	12782
18349	12728	141	15	19	0	12903
18350	12887	87	12	21	0	13007
18351	150	18	15	12950	0	13133
18352	102	9	15	13091	0	13217
18353	16	10	14	13339	0	13379
18354	12936	7	17	158	0	13118
18355	71	12851	24	104	0	13050
18356	91	13007	19	37	0	13154
18357	22	148	26	12948	0	13144
18358	14	89	26	13058	0	13187
18359	20	13	14	13181	0	13228
18360	12948	5	19	163	0	13135
18361	74	13220	23	119	0	13436
18362	13321	81	17	26	0	13445
18363	106	98	13264	39	0	13507
18364	106	13548	96	36	0	13786
18365	29	86	115	13337	0	13567
18366	13315	110	36	108	0	13569
18367	104	28	13464	118	0	13714
18368	124	26	13501	36	0	13687
18369	37	14	212	13121	0	13384
18370	29	24	125	13535	0	13713
18371	20	23	38	13440	0	13521
18372	37	18	18	13113	0	13186
18373	36	15	25	12995	0	13071
18374	20	12860	37	223	0	13140
18375	32	100	25	12888	0	13045
18376	12505	110	22	132	0	12769
18377	114	12691	29	151	0	12985
18378	12344	104	34	52	0	12534
18379	129	126	12183	45	0	12483
18380	130	34	12327	39	0	12530
18381	48	20	205	12604	0	12877
18382	47	25	16053	131	0	16256
18383	33	18	190	15559	0	15800
18384	46	25	203	15663	0	15937
18385	15984	25	57	389	0	16455
18386	15457	22	40	245	0	15764
18387	380	16744	36	82	0	17242
18388	227	17293	37	62	0	17619
18389	63	401	33	16994	0	17491
18390	17141	249	35	234	0	17659
18391	226	63	17420	253	0	17962
18392	249	44	217	17162	0	17672
18393	60	32	247	17276	0	17615
18394	49	34	17243	456	0	17782
18395	31	17111	237	320	0	17699
18396	57	213	244	17009	0	17523
18397	52	237	17364	265	0	17918
18398	46	64	228	17152	0	17490
18399	16079	42	242	284	0	16647
18400	221	16591	68	292	0	17172
18401	234	16881	48	92	0	17255
18402	73	426	46	16480	0	17025
18403	16123	261	39	258	0	16681
18404	207	16512	70	285	0	17074
18405	16537	226	57	122	0	16942
18406	255	249	16508	116	0	17128
18407	274	69	17002	116	0	17461
18408	86	70	463	15712	0	16331
18409	70	59	287	17168	0	17584
18410	16899	59	70	494	0	17522
18411	280	74	52	16833	0	17239
18412	301	86	16864	330	0	17581
18413	93	78	247	16440	0	16858
18414	94	77	261	16922	0	17354
18415	93	68	16480	510	0	17151
18416	15147	62	281	356	0	15846
18417	268	54	288	16394	0	17004
18418	15632	44	102	335	0	16113
18419	246	15127	82	326	0	15781
18420	14706	238	85	149	0	15178
18421	227	14845	93	123	0	15288
18422	233	14814	92	142	0	15281
18423	143	418	112	13528	0	14201
18424	13554	239	138	247	0	14178
18425	13530	109	48	241	0	13928
18426	364	88	48	13408	0	13908
18427	13566	72	67	248	0	13953
18428	13405	74	52	272	0	13803
18429	417	70	46	13393	0	13926
18430	12995	69	63	248	0	13375
18431	258	13287	85	256	0	13886
18432	13373	221	72	126	0	13792
18433	255	225	13358	118	0	13956
18434	13430	73	214	138	0	13855
18435	279	42	220	13451	0	13992
18436	255	42	110	13740	0	14147
18437	98	41	90	13839	0	14068
18438	102	60	77	13799	0	14038
18439	83	45	91	13413	0	13632
18440	104	12900	87	448	0	13539
18441	82	13564	84	328	0	14058
18442	13408	343	81	164	0	13996
18443	254	251	13355	147	0	14007
18444	13057	113	212	128	0	13510
18445	281	120	13623	122	0	14146
18446	287	114	219	13030	0	13650
18447	127	102	214	13538	0	13981
18448	13101	90	63	430	0	13684
18449	314	98	13260	302	0	13974
18450	345	77	201	13204	0	13827
18451	168	99	13910	293	0	14470
18452	178	14108	232	291	0	14809
18453	148	241	227	14213	0	14829
18454	14285	221	75	293	0	14874
18455	13853	112	73	291	0	14329
18456	14270	75	71	164	0	14580
18457	447	14446	100	176	0	15169
18458	331	14785	81	147	0	15344
18459	12925	388	102	187	0	13602
18460	260	14762	96	187	0	15305
18461	247	14584	78	206	0	15115
18462	142	387	14245	205	0	14979
18463	99	14321	234	184	0	14838
18464	121	14142	219	150	0	14632
18465	94	425	88	13872	0	14479
18466	114	287	14116	262	0	14779
18467	114	136	13816	268	0	14334
18468	13031	83	365	139	0	13618
18469	285	75	14188	104	0	14652
18470	14022	68	251	124	0	14465
18471	287	69	249	13644	0	14249
18472	289	14359	95	276	0	15019
18473	14727	207	98	275	0	15307
18474	15229	223	76	168	0	15696
18475	440	79	97	15328	0	15944
18476	310	76	78	15486	0	15950
18477	154	62	96	15725	0	16037
18478	15351	66	60	450	0	15927
18479	14915	62	63	308	0	15348
18480	15246	64	49	157	0	15516
18481	459	14344	58	117	0	14978
18482	11193	92	23	40	0	11348
18483	119	11267	24	52	0	11462
18484	126	11197	14	49	0	11386
18485	72	285	110	10237	0	10704
18486	38	10721	32	81	0	10872
18487	9881	81	53	83	0	10098
18488	96	72	11	9802	0	9981
18489	9594	17	10	74	0	9695
18490	65	9453	10	77	0	9605
18491	72	9812	10	32	0	9926
18492	9831	112	7	19	0	9969
18493	65	10228	13	18	0	10324
18494	78	70	16	10216	0	10380
18495	36	78	19	10301	0	10434
18496	10303	16	12	131	0	10462
18497	77	11	9	10438	0	10535
18498	84	14	10715	89	0	10902
18499	27	12	67	10704	0	10810
18500	10847	18	68	86	0	11019
18501	93	11249	18	76	0	11436
18502	11732	88	16	22	0	11858
18503	11429	103	20	20	0	11572
18504	11784	27	19	18	0	11848
18505	191	31	11625	14	0	11861
18506	121	25	11302	21	0	11469
18507	10567	11	172	19	0	10769
18508	93	11355	101	33	0	11582
18509	109	95	21	11325	0	11550
18510	21	106	17	11162	0	11306
18511	24	11087	18	178	0	11307
18512	20	11345	20	114	0	11499
18513	28	178	9	11269	0	11484
18514	19	108	12	11393	0	11532
18515	28	40	11161	193	0	11422
18516	39	20	10687	118	0	10864
18517	10586	24	184	28	0	10822
18518	11421	18	109	20	0	11568
18519	193	25	20	11375	0	11613
18520	130	33	11427	118	0	11708
18521	41	22	103	11303	0	11469
18522	11178	25	114	105	0	11422
18523	116	33	11387	119	0	11655
18524	124	27	118	11327	0	11596
18525	53	23	11730	109	0	11915
18526	28	11504	121	129	0	11782
18527	45	110	11650	32	0	11837
18528	34	159	117	11180	0	11490
18529	11522	28	127	147	0	11824
18530	113	18	23	11905	0	12059
18531	12105	28	28	122	0	12283
18532	12133	27	17	121	0	12298
18533	11948	22	16	44	0	12030
18534	225	34	11775	39	0	12073
18535	11797	20	112	39	0	11968
18536	120	27	119	11996	0	12262
18537	139	21	22	12029	0	12211
18538	58	30	12132	212	0	12432
18539	60	33	104	12148	0	12345
18540	12299	17	113	140	0	12569
18541	110	12440	46	132	0	12728
18542	12723	91	19	52	0	12885
18543	12778	102	23	41	0	12944
18544	12941	31	27	39	0	13038
18545	227	23	23	12596	0	12869
18546	170	31	12992	117	0	13310
18547	60	30	101	13293	0	13484
18548	45	27	129	13491	0	13692
18549	13394	27	40	257	0	13718
18550	12836	25	32	164	0	13057
18551	262	33	12681	52	0	13028
18552	162	44	119	12460	0	12785
18553	74	20	13059	137	0	13290
18554	12593	17	137	170	0	12917
18555	140	14357	146	63	0	14706
18556	14396	121	35	42	0	14594
18557	148	14830	48	58	0	15084
18558	14525	128	36	38	0	14727
18559	143	14841	30	48	0	15062
18560	197	131	40	14575	0	14943
18561	53	178	29	14897	0	15157
18562	15066	28	23	291	0	15408
18563	14954	22	24	200	0	15200
18564	15129	14	29	47	0	15219
18565	14769	15	20	52	0	14856
18566	14866	15	23	51	0	14955
18567	317	10	28	14405	0	14760
18568	223	14638	30	147	0	15038
18569	81	110	26	14123	0	14340
18570	54	14506	39	127	0	14726
18571	61	134	31	13870	0	14096
18572	47	14235	27	161	0	14470
18573	52	132	20	14070	0	14274
18574	54	161	13622	150	0	13987
18575	12277	31	120	207	0	12635
18576	148	13483	169	50	0	13850
18577	13545	131	32	38	0	13746
18578	163	166	13423	52	0	13804
18579	12873	23	125	49	0	13070
18580	174	33	14182	42	0	14431
18581	197	27	141	13725	0	14090
18582	66	14909	173	148	0	15296
18583	69	149	15227	180	0	15625
18584	64	179	158	15063	0	15464
18585	14753	37	196	186	0	15172
18586	181	26	32	15509	0	15748
18587	223	18	31	15562	0	15834
18588	65	28	22	15862	0	15977
18589	62	20	15520	366	0	15968
18590	54	30	155	15021	0	15260
18591	56	15175	199	200	0	15630
18592	51	147	41	15231	0	15470
18593	76	188	27	15056	0	15347
18594	14811	39	19	340	0	15209
18595	199	33	19	15330	0	15581
18596	216	34	15604	186	0	16040
18597	69	26	15409	216	0	15720
18598	71	27	15383	64	0	15545
18599	58	15172	348	66	0	15644
18600	14700	191	248	50	0	15189
18601	155	14945	38	49	0	15187
18602	14738	146	50	44	0	14978
18603	181	172	25	14488	0	14866
18604	210	43	15081	150	0	15484
18605	72	36	14822	207	0	15137
18606	41	15412	313	69	0	15835
18607	57	161	194	15223	0	15635
18608	39	193	62	15423	0	15717
18609	43	63	28	15747	0	15881
18610	42	45	15555	355	0	15997
18611	13624	34	156	277	0	14091
18612	183	39	15675	83	0	15980
18613	218	25	175	14965	0	15383
18614	69	28	204	15605	0	15906
18615	66	31	15506	357	0	15960
18616	13857	35	190	245	0	14327
18617	170	15445	217	96	0	15928
18618	15434	170	65	61	0	15730
18619	207	199	52	14769	0	15227
18620	213	15356	60	186	0	15815
18621	84	175	39	15620	0	15918
18622	15399	194	51	234	0	15878
18623	180	54	56	15543	0	15833
18624	213	56	15269	224	0	15762
18625	14608	45	197	250	0	15100
18626	15082	48	205	100	0	15435
18627	359	49	15086	80	0	15574
18628	238	47	172	14834	0	15291
18629	15254	28	227	218	0	15727
18630	191	39	78	14990	0	15298
18631	230	38	75	14604	0	14947
18632	78	42	58	14794	0	14972
18633	64	51	69	14804	0	14988
18634	61	41	14439	406	0	14947
18635	67	55	170	14439	0	14731
18636	73	45	14499	245	0	14862
18637	13758	41	219	254	0	14272
18638	14241	49	226	114	0	14630
18639	14289	35	103	103	0	14530
18640	14273	32	61	108	0	14474
18641	381	52	62	13814	0	14309
18642	13757	39	86	215	0	14097
18643	236	32	13486	280	0	14034
18644	244	39	13401	105	0	13789
18645	12523	28	336	111	0	12998
18646	165	12895	238	120	0	13418
18647	200	12678	82	89	0	13049
18648	69	269	79	12500	0	12917
18649	76	176	12545	216	0	13013
18650	11382	52	187	264	0	11885
18651	184	28	12770	112	0	13094
18652	205	12073	181	134	0	12593
18653	106	128	12000	102	0	12336
18654	65	11300	177	89	0	11631
18655	9917	189	225	86	0	10417
18656	139	9970	80	82	0	10271
18657	142	9592	45	81	0	9860
18658	79	203	32	9537	0	9851
18659	73	128	9477	151	0	9829
18660	61	28	119	9126	0	9334
18661	49	31	165	9352	0	9597
18662	60	29	9306	228	0	9623
18663	56	25	145	8681	0	8907
18664	70	9089	136	127	0	9422
18665	62	110	63	9281	0	9516
18666	9263	111	56	136	0	9566
18667	143	42	38	9352	0	9575
18668	127	41	9318	165	0	9651
18669	74	36	143	9324	0	9577
18670	51	31	9331	155	0	9568
18671	8859	45	148	130	0	9182
18672	136	44	129	9243	0	9552
18673	9241	50	63	158	0	9512
18674	142	42	9269	149	0	9602
18675	8451	34	134	91	0	8710
18676	135	9312	149	67	0	9663
18677	146	117	9333	69	0	9665
18678	42	149	174	9061	0	9426
18679	59	50	9417	148	0	9674
18680	45	8813	149	139	0	9146
18681	45	9115	131	68	0	9359
18682	7803	155	56	52	0	8066
18683	87	8391	45	57	0	8580
18684	8396	88	41	42	0	8567
18685	107	101	53	8454	0	8715
18686	114	33	8441	114	0	8702
18687	38	8566	112	120	0	8836
18688	56	116	108	8515	0	8795
18689	38	97	40	8818	0	8993
18690	43	29	23	9022	0	9117
18691	40	37	32	8707	0	8816
18692	31	8690	35	200	0	8956
18693	36	9010	35	133	0	9214
18694	8493	161	38	37	0	8729
18695	77	8675	40	42	0	8834
18696	102	87	25	8135	0	8349
18697	40	103	8095	84	0	8322
18698	22	8165	69	105	0	8361
18699	35	88	100	7878	0	8101
18700	23	125	35	7604	0	7787
18701	24	8080	25	147	0	8276
18702	7633	81	28	96	0	7838
18703	78	93	7754	47	0	7972
18704	6872	19	78	21	0	6990
18705	70	7398	86	27	0	7581
18706	6643	62	12	13	0	6730
18707	63	6901	6	29	0	6999
18708	87	75	26	7044	0	7232
18709	23	99	8	7134	0	7264
18710	6980	22	11	147	0	7160
18711	60	19	11	7133	0	7223
18712	93	24	7041	71	0	7229
18713	17	6899	57	104	0	7077
18714	11	6931	86	27	0	7055
18715	34	142	24	6787	0	6987
18716	23	95	6858	80	0	7056
18717	11	40	59	6743	0	6853
18718	9	26	80	6839	0	6954
18719	16	23	6815	134	0	6988
18720	12	35	6624	106	0	6777
18721	12	6764	130	39	0	6945
18722	6668	60	87	34	0	6849
18723	55	105	16	6420	0	6596
18724	83	6518	16	78	0	6695
18725	6646	76	17	91	0	6830
18726	63	109	14	6635	0	6821
18727	95	24	8	6619	0	6746
18728	14	6623	18	152	0	6807
18729	23	71	10	6587	0	6691
18730	6493	103	15	71	0	6682
18731	70	27	14	6605	0	6716
18732	95	34	11	6593	0	6733
18733	22	33	6478	163	0	6696
18734	30	31	6280	111	0	6452
18735	6256	25	134	36	0	6451
18736	66	22	93	6445	0	6626
18737	98	30	21	6462	0	6611
18738	28	41	18	6591	0	6678
18739	33	34	6423	157	0	6647
18740	6110	28	74	121	0	6333
18741	67	30	100	6358	0	6555
18742	101	31	18	6477	0	6627
18743	6258	29	23	171	0	6481
18744	72	6362	36	126	0	6596
18745	91	71	6368	64	0	6594
18746	28	118	63	5964	0	6173
18747	31	6413	102	92	0	6638
18748	28	76	35	6513	0	6652
18749	6357	112	24	92	0	6585
18750	84	32	20	6424	0	6560
18751	6234	37	22	112	0	6405
18752	6130	33	31	128	0	6322
18753	142	38	26	5960	0	6166
18754	100	5969	24	106	0	6199
18755	35	6141	17	145	0	6338
18756	28	149	6111	67	0	6355
18757	35	100	71	5834	0	6040
18758	34	41	101	6079	0	6255
18759	30	40	34	6237	0	6341
18760	6078	36	22	184	0	6320
18761	73	31	26	6177	0	6307
18762	106	30	6110	122	0	6368
18763	6007	20	70	153	0	6250
18764	78	27	106	6301	0	6512
18765	114	23	37	6430	0	6604
18766	37	30	6344	191	0	6602
18767	5960	26	83	143	0	6212
18768	90	30	97	6334	0	6551
18769	105	43	6601	132	0	6881
18770	38	18	79	6553	0	6688
18771	56	22	121	5808	0	6007
18772	44	6578	35	180	0	6837
18773	6480	69	34	140	0	6723
18774	6291	98	36	78	0	6503
18775	149	6381	33	81	0	6644
18776	6238	68	28	60	0	6394
18777	6036	91	28	70	0	6225
18778	154	22	30	6140	0	6346
18779	108	34	5964	105	0	6211
18780	45	26	5740	124	0	5935
18781	39	21	5660	51	0	5771
18782	32	29	5710	77	0	5848
18783	39	105	132	5003	0	5279
18784	24	18	109	5326	0	5477
18785	31	12	29	5271	0	5343
18786	34	10	22	5326	0	5392
18787	5216	12	23	136	0	5387
18788	52	5349	28	110	0	5539
18789	5391	42	29	37	0	5499
18790	58	62	5402	36	0	5558
18791	83	14	5572	28	0	5697
18792	25	59	99	5583	0	5766
18793	5762	9	89	69	0	5929
18794	5080	6	36	88	0	5210
18795	105	5640	17	32	0	5794
18796	72	5702	16	33	0	5823
18797	27	90	7	5744	0	5868
18798	5725	66	13	53	0	5857
18799	41	5810	12	79	0	5942
18800	5814	39	12	23	0	5888
18801	5738	58	16	19	0	5831
18802	5757	13	6	32	0	5808
18803	91	14	5864	21	0	5990
18804	68	5951	35	24	0	6078
18805	5828	30	69	18	0	5945
18806	5752	57	10	16	0	5835
18807	84	5696	14	16	0	5810
18808	45	5494	2	10	0	5551
18809	5461	56	6	9	0	5532
18810	34	36	5	5506	0	5581
18811	45	19	5512	34	0	5610
18812	5242	6	29	37	0	5314
18813	40	3	34	5568	0	5645
18814	43	5896	7	26	0	5972
18815	9	35	4	6038	0	6086
18816	19	41	6121	46	0	6227
18817	18	14	23	6028	0	6083
18818	6337	8	37	41	0	6423
18819	42	7	12	6393	0	6454
18820	41	12	8	6427	0	6488
18821	27	11	6801	79	0	6918
18822	20	5	36	6486	0	6547
18823	5	6844	43	44	0	6936
18824	6782	35	15	49	0	6881
18825	6510	37	10	17	0	6574
18826	75	17	6870	27	0	6989
18827	49	15	41	6468	0	6573
18828	24	6793	44	40	0	6901
18829	11	6923	13	53	0	7000
18830	6894	76	12	16	0	6998
18831	44	44	6	7072	0	7166
18832	49	16	7099	47	0	7211
18833	18	13	7073	56	0	7160
18834	20	9	74	7133	0	7236
18835	7110	8	52	52	0	7222
18836	7080	8	19	49	0	7156
18837	81	8	15	7418	0	7522
18838	56	16	7696	56	0	7824
18839	21	7709	46	61	0	7837
18840	7679	39	49	23	0	7790
18841	51	7866	22	18	0	7957
18842	7839	50	13	19	0	7921
18843	55	53	10	7808	0	7926
18844	71	17	7841	59	0	7988
18845	27	17	46	7669	0	7759
18846	7697	13	57	56	0	7823
18847	60	30	7789	64	0	7943
18848	66	7861	54	20	0	8001
18849	32	46	59	7839	0	7976
18850	7815	55	28	55	0	7953
18851	64	20	7915	65	0	8064
18852	64	12	51	7832	0	7959
18853	33	13	60	8075	0	8181
18854	29	23	8097	101	0	8250
18855	27	17	51	7880	0	7975
18856	32	13	8115	70	0	8230
18857	7409	20	59	64	0	7552
18858	61	17	56	8539	0	8673
18859	71	20	9116	68	0	9275
18860	32	9230	70	68	0	9400
18861	9444	59	65	27	0	9595
18862	10279	64	24	36	0	10403
18863	138	25	31	11000	0	11194
18864	96	11837	14	104	0	12051
18865	11918	101	19	104	0	12142
18866	112	116	16	11947	0	12191
18867	127	35	11980	121	0	12263
18868	11212	23	101	120	0	11456
18869	119	11759	110	38	0	12026
18870	125	95	26	11735	0	11981
18871	11777	107	26	107	0	12017
18872	118	22	11859	126	0	12125
18873	122	33	12039	27	0	12221
18874	43	36	196	11249	0	11524
18875	44	20	12256	117	0	12437
18876	32	20	123	11541	0	11716
18877	24	12028	135	112	0	12299
18878	25	102	33	12357	0	12517
18879	12042	111	25	135	0	12313
18880	122	33	12231	139	0	12525
18881	120	12354	117	54	0	12645
18882	38	119	109	12164	0	12430
18883	38	126	12591	111	0	12866
18884	25	33	106	11731	0	11895
18885	26	12379	113	114	0	12632
18886	27	12726	35	134	0	12922
18887	12155	181	25	42	0	12403
18888	82	12674	33	45	0	12834
18889	116	89	11938	103	0	12246
18890	10662	124	103	37	0	10926
18891	99	32	12155	15	0	12301
18892	96	21	92	10909	0	11118
18893	42	20	12123	99	0	12284
18894	23	11974	91	106	0	12194
18895	15	74	103	11890	0	12082
18896	24	93	23	11864	0	12004
18897	19	19	20	11722	0	11780
18898	19	13	11811	181	0	12024
18899	16	12	90	11468	0	11586
18900	10	21	97	11863	0	11991
18901	11600	15	18	188	0	11821
18902	11409	15	29	122	0	11575
18903	173	16	11721	56	0	11966
18904	109	11533	96	34	0	11772
18905	33	88	11787	36	0	11944
18906	33	98	96	11624	0	11851
18907	33	30	12167	91	0	12321
18908	29	23	96	11801	0	11949
18909	20	10	119	12139	0	12288
18910	18	34	12121	191	0	12364
18911	10216	18	98	156	0	10488
18912	87	12372	129	37	0	12625
18913	105	85	27	12299	0	12516
18914	24	110	12649	109	0	12892
18915	33	20	12334	117	0	12504
18916	11400	27	187	35	0	11649
18917	85	12410	118	42	0	12655
18918	105	83	24	12316	0	12528
18919	12698	97	20	97	0	12912
18920	83	20	34	12710	0	12847
18921	111	20	26	12889	0	13046
18922	31	24	12979	196	0	13230
18923	11913	18	98	143	0	12172
18924	12950	13	112	42	0	13117
18925	179	21	29	13055	0	13284
18926	13026	18	31	88	0	13163
18927	104	13	18	12963	0	13098
18928	115	12755	42	118	0	13030
18929	29	13229	33	131	0	13422
18930	39	192	37	13239	0	13507
18931	13044	124	15	106	0	13289
18932	88	26	22	13212	0	13348
18933	13305	20	19	104	0	13448
18934	13198	23	27	125	0	13373
18935	193	19	19	13208	0	13439
18936	125	13	28	13473	0	13639
18937	35	28	13147	197	0	13407
18938	39	20	13257	139	0	13455
18939	23	27	202	13149	0	13401
18940	32	15	14217	123	0	14387
18941	13634	15	122	141	0	13912
18942	107	20	146	14942	0	15215
18943	137	23	15926	129	0	16215
18944	15557	17	140	163	0	15877
18945	16975	16	166	52	0	17209
18946	339	17791	51	50	0	18231
18947	242	168	30	17743	0	18183
18948	66	230	18387	162	0	18845
18949	18111	34	181	238	0	18564
18950	18786	20	228	56	0	19090
18951	386	33	18851	47	0	19317
18952	18799	17	184	50	0	19050
18953	209	14	248	18638	0	19109
18954	257	50	57	18909	0	19273
18955	18829	13	32	394	0	19268
18956	18680	14	41	268	0	19003
18957	411	37	44	18670	0	19162
18958	288	26	18686	208	0	19208
18959	62	17829	198	288	0	18377
18960	94	156	18240	71	0	18561
18961	66	211	17918	78	0	18273
18962	62	16992	396	71	0	17521
18963	146	135	341	14948	0	15570
18964	68	179	85	15379	0	15711
18965	60	54	15446	291	0	15851
18966	47	22	160	15248	0	15477
18967	15370	30	214	172	0	15786
18968	186	38	15656	221	0	16101
18969	15297	22	170	90	0	15579
18970	15697	23	221	63	0	16004
18971	15861	10	90	62	0	16023
18972	399	25	15684	61	0	16169
18973	295	37	15671	65	0	16068
18974	124	30	332	15279	0	15765
18975	126	49	228	14064	0	14467
18976	102	15662	77	314	0	16155
18977	15599	134	86	235	0	16054
18978	15293	179	88	95	0	15655
18979	354	15581	97	100	0	16132
18980	15609	140	94	86	0	15929
18981	213	15554	96	86	0	15949
18982	15589	181	86	92	0	15948
18983	218	184	79	14863	0	15344
18984	262	67	15267	190	0	15786
18985	109	59	15084	243	0	15495
18986	85	46	344	14766	0	15241
18987	87	35	280	14961	0	15363
18988	106	47	14849	332	0	15334
18989	94	43	223	14349	0	14709
18990	99	43	252	14726	0	15120
18991	14581	40	122	331	0	15074
18992	14664	31	104	262	0	15061
18993	14455	34	101	125	0	14715
18994	400	38	14280	109	0	14827
18995	271	14311	207	124	0	14913
18996	160	147	240	14142	0	14689
18997	147	188	14779	171	0	15285
18998	145	14842	191	218	0	15396
18999	14935	170	239	73	0	15417
19000	254	214	106	14798	0	15372
19001	285	77	79	15003	0	15444
19002	14921	61	102	359	0	15443
19003	235	68	98	15026	0	15427
19004	285	70	86	15011	0	15452
19005	14920	68	88	364	0	15440
19006	261	77	14792	287	0	15417
19007	272	14594	225	138	0	15229
19008	14524	171	259	117	0	15071
19009	238	207	14852	145	0	15442
19010	14285	80	211	143	0	14719
19011	268	15040	267	131	0	15706
19012	14824	157	138	138	0	15257
19013	14721	192	116	152	0	15181
19014	14417	71	123	128	0	14739
19015	417	56	119	14092	0	14684
19016	304	72	123	13938	0	14437
19017	170	14115	141	381	0	14807
19018	147	14215	131	285	0	14778
19019	175	14363	111	163	0	14812
19020	14053	289	116	124	0	14582
19021	267	211	13814	139	0	14431
19022	296	79	178	13587	0	14140
19023	156	65	229	13272	0	13722
19024	121	13810	103	380	0	14414
19025	150	175	98	13783	0	14206
19026	153	216	109	13392	0	13870
19027	129	13968	105	370	0	14572
19028	13463	176	112	249	0	14000
19029	243	14050	107	139	0	14539
19030	270	215	13565	135	0	14185
19031	13019	204	177	141	0	13541
19032	251	13758	224	140	0	14373
19033	13327	173	99	119	0	13718
19034	283	196	74	13379	0	13932
19035	273	95	108	13312	0	13788
19036	182	74	13311	312	0	13879
19037	187	93	13294	213	0	13787
19038	146	155	297	12948	0	13546
19039	12893	89	188	178	0	13348
19040	12206	78	104	193	0	12581
19041	325	12598	79	92	0	13094
19042	203	11933	72	83	0	12291
19043	93	11307	52	66	0	11518
19044	149	486	148	9756	0	10539
19045	9568	63	195	108	0	9934
19046	9551	11	10	45	0	9617
19047	9545	12	9	17	0	9583
19048	100	18	9256	23	0	9397
19049	49	10869	57	20	0	10995
19050	15	75	41	11820	0	11951
19051	11998	60	19	88	0	12165
19052	85	19	17	12218	0	12339
19053	94	6	14	12559	0	12673
19054	12591	10	7	177	0	12785
19055	13341	10	9	103	0	13463
19056	204	17	13772	19	0	14012
19057	132	13	102	13563	0	13810
19058	26	17	13722	122	0	13887
19059	27	14	118	13592	0	13751
19060	31	14	13732	123	0	13900
19061	31	65	121	13398	0	13615
19062	12963	9	126	120	0	13218
19063	103	13448	24	137	0	13712
19064	127	13807	13	43	0	13990
19065	62	238	14	11459	0	11773
19066	14	13938	9	95	0	14056
19067	13711	122	14	106	0	13953
19068	13184	134	12	32	0	13362
19069	235	26	13371	25	0	13657
19070	151	13299	107	28	0	13585
19071	31	103	126	13264	0	13524
19072	25	133	13386	128	0	13672
19073	12897	20	117	142	0	13176
19074	119	13	139	13263	0	13534
19075	146	24	13439	124	0	13733
19076	32	16	118	13321	0	13487
19077	13274	14	144	134	0	13566
19078	137	16	13310	145	0	13608
19079	13001	15	115	28	0	13159
19080	13266	8	141	16	0	13431
19081	247	18	17	13091	0	13373
19082	154	12	13260	113	0	13539
19083	39	20	12978	144	0	13181
19084	12603	9	245	36	0	12893
19085	12972	9	150	30	0	13161
19086	269	20	13054	34	0	13377
19087	159	20	128	12627	0	12934
19088	51	20	148	12236	0	12455
19089	26	13209	34	266	0	13535
19090	37	122	25	13196	0	13380
19091	13132	141	27	148	0	13448
19092	151	21	25	13283	0	13480
19093	169	20	13104	163	0	13456
19094	12220	19	149	173	0	12561
19095	147	16	158	12832	0	13153
19096	165	37	12933	150	0	13285
19097	49	12647	142	178	0	13016
19098	11972	132	153	76	0	12333
19099	138	12704	52	75	0	12969
19100	12452	146	31	59	0	12688
19101	185	163	12447	53	0	12848
19102	178	12248	146	55	0	12627
19103	73	12459	153	55	0	12740
19104	55	267	54	12024	0	12400
19105	65	161	43	12235	0	12504
19106	49	47	12207	278	0	12581
19107	38	28	167	12158	0	12391
19108	11949	24	176	195	0	12344
19109	183	21	11887	184	0	12275
19110	184	38	164	11741	0	12127
19111	72	41	11781	175	0	12069
19112	10961	35	167	198	0	11361
19113	160	11667	180	99	0	12106
19114	11732	140	75	79	0	12026
19115	11779	164	55	76	0	12074
19116	11930	48	51	71	0	12100
19117	334	39	11503	80	0	11956
19118	208	11542	183	64	0	11997
19119	94	142	188	11366	0	11790
19120	68	161	89	11904	0	12222
19121	12204	55	65	311	0	12635
19122	209	37	74	12418	0	12738
19123	12503	34	70	234	0	12841
19124	12397	39	90	219	0	12745
19125	12564	42	62	94	0	12762
19126	12588	47	66	64	0	12765
19127	380	50	57	12113	0	12600
19128	12283	41	60	214	0	12598
19129	229	55	11916	227	0	12427
19130	11931	43	209	72	0	12255
19131	12059	38	205	69	0	12371
19132	392	39	11778	141	0	12350
19133	11989	40	208	63	0	12300
19134	12151	45	211	67	0	12474
19135	364	40	78	11928	0	12410
19136	257	37	68	12034	0	12396
19137	11776	129	63	347	0	12315
19138	229	26	63	11963	0	12281
19139	248	32	74	11573	0	11927
19140	96	11545	81	348	0	12070
19141	96	131	60	11382	0	11669
19142	10982	159	66	180	0	11387
19143	206	36	57	11089	0	11388
19144	205	18	64	10657	0	10944
19145	100	10460	77	321	0	10958
19146	98	124	56	10160	0	10438
19147	107	146	53	9988	0	10294
19148	9635	37	56	286	0	10014
19149	176	115	54	7838	0	8183
19150	151	19	6827	122	0	7119
19151	50	6433	89	131	0	6703
19152	41	6381	101	57	0	6580
19153	5998	156	49	32	0	6235
19154	113	6179	42	40	0	6374
19155	5238	69	52	18	0	5377
19156	87	5255	16	25	0	5383
19157	5338	66	18	17	0	5439
19158	89	68	7	5379	0	5543
19159	84	12	9	5434	0	5539
19160	26	5480	10	146	0	5662
19161	39	71	2	5624	0	5736
19162	21	77	5753	88	0	5939
19163	5365	12	69	98	0	5544
19164	87	6149	72	27	0	6335
19165	6067	69	11	17	0	6164
19166	6040	73	9	19	0	6141
19167	6109	15	5	15	0	6144
19168	155	7	11	5970	0	6143
19169	95	18	5	5816	0	5934
19170	30	6017	7	148	0	6202
19171	5959	75	4	103	0	6141
19172	89	6139	7	36	0	6271
19173	6081	83	7	14	0	6185
19174	100	89	6085	23	0	6297
19175	6274	15	76	27	0	6392
19176	102	12	83	6341	0	6538
19177	107	19	6349	99	0	6574
19178	42	16	6369	106	0	6533
19179	34	13	160	6333	0	6540
19180	31	8	6491	102	0	6632
19181	35	11	87	6346	0	6479
19182	5933	15	97	106	0	6151
19183	100	10	18	6257	0	6385
19184	118	12	6157	106	0	6393
19185	38	6076	83	112	0	6309
19186	33	6168	92	28	0	6321
19187	32	160	18	6007	0	6217
19188	6020	101	24	88	0	6233
19189	86	25	13	6100	0	6224
19190	111	15	12	6082	0	6220
19191	40	15	13	6203	0	6271
19192	28	17	14	6247	0	6306
19193	40	17	6128	173	0	6358
19194	35	27	6043	118	0	6223
19195	5947	13	153	42	0	6155
19196	6105	11	97	45	0	6258
19197	173	12	22	6021	0	6228
19198	111	24	12	6169	0	6316
19199	44	12	6115	184	0	6355
19200	26	6149	76	127	0	6378
19201	6116	78	93	44	0	6331
19202	6155	94	28	38	0	6315
19203	179	24	17	6156	0	6376
19204	110	26	6177	116	0	6429
19205	42	19	84	5741	0	5886
19206	37	6134	103	99	0	6373
19207	36	91	6115	119	0	6361
19208	5920	96	88	47	0	6151
19209	104	26	95	6141	0	6366
19210	6257	27	30	105	0	6419
19211	110	24	6104	118	0	6356
19212	6040	18	100	51	0	6209
19213	103	29	95	6152	0	6379
19214	6134	25	36	105	0	6300
19215	109	22	39	5889	0	6059
19216	115	5816	34	98	0	6063
19217	45	5939	28	125	0	6137
19218	50	200	28	5753	0	6031
19219	40	101	5638	103	0	5882
19220	38	5499	82	104	0	5723
19221	67	78	87	5047	0	5279
19222	4855	64	22	78	0	5019
19223	4879	22	20	93	0	5014
19224	125	20	22	4915	0	5082
19225	88	17	19	4811	0	4935
19226	28	4765	35	131	0	4959
19227	33	4937	32	92	0	5094
19228	4812	118	23	50	0	5003
19229	67	78	30	4840	0	5015
19230	87	21	23	4891	0	5022
19231	38	20	4818	150	0	5026
19232	31	15	72	4755	0	4873
19233	37	10	91	4693	0	4831
19234	33	25	33	4785	0	4876
19235	31	23	4767	146	0	4967
19236	35	17	66	4795	0	4913
19237	4733	17	83	98	0	4931
19238	71	20	4703	116	0	4910
19239	4895	15	73	58	0	5041
19240	81	19	86	4938	0	5124
19241	88	24	33	5053	0	5198
19242	39	13	39	5277	0	5368
19243	35	12	5150	160	0	5357
19244	4727	16	72	130	0	4945
19245	78	5410	100	56	0	5644
19246	5418	51	38	61	0	5568
19247	77	5539	45	51	0	5712
19248	94	65	31	5493	0	5683
19249	5532	82	26	99	0	5739
19250	86	33	5434	111	0	5664
19251	5160	16	69	57	0	5302
19252	81	20	5560	59	0	5720
19253	88	33	78	5334	0	5533
19254	44	29	5367	79	0	5519
19255	27	5256	63	109	0	5455
19256	92	47	79	4824	0	5042
19257	4729	72	67	71	0	4939
19258	54	18	12	4589	0	4673
19259	66	4568	19	57	0	4710
19260	28	37	22	4590	0	4677
19261	4475	50	18	63	0	4606
19262	4241	12	29	68	0	4350
19263	91	4319	18	35	0	4463
19264	44	3796	14	22	0	3876
19265	30	61	7	3774	0	3872
19266	16	39	17	3792	0	3864
19267	3762	13	14	62	0	3851
19268	3647	18	7	51	0	3723
19269	58	3786	15	27	0	3886
19270	46	40	12	3709	0	3807
19271	24	42	11	3729	0	3806
19272	21	16	3749	64	0	3850
19273	15	3730	25	56	0	3826
19274	13	3596	36	19	0	3664
19275	14	47	3	3329	0	3393
19276	10	30	3340	20	0	3400
19277	11	9	3342	32	0	3394
19278	13	4	36	3295	0	3348
19279	11	5	29	3329	0	3374
19280	10	6	3355	46	0	3417
19281	6	7	18	3347	0	3378
19282	11	4	3435	27	0	3477
19283	3429	10	17	37	0	3493
19284	26	10	30	3558	0	3624
19285	40	8	3632	31	0	3711
19286	10	12	3653	39	0	3714
19287	7	15	52	3849	0	3923
19288	8	8	4263	42	0	4321
19289	12	5	4274	55	0	4346
19290	12	4161	69	14	0	4256
19291	4258	28	45	16	0	4347
19292	33	49	4416	10	0	4508
19293	52	8	25	4193	0	4278
19294	5	11	50	4438	0	4504
19295	10	5	12	4512	0	4539
19296	14	9	4438	73	0	4534
19297	7	8	27	4385	0	4427
19298	4361	5	47	36	0	4449
19299	23	4	18	4326	0	4371
19300	56	10	4327	42	0	4435
19301	10	5	29	4301	0	4345
19302	4298	6	53	44	0	4401
19303	4364	5	17	52	0	4438
19304	4363	7	11	18	0	4399
19305	77	8	12	4350	0	4447
19306	4409	3	16	37	0	4465
19307	4372	4	14	67	0	4457
19308	4371	5	12	21	0	4409
19309	75	4334	16	12	0	4437
19310	4359	24	14	14	0	4411
19311	36	51	14	4328	0	4429
19312	59	9	4329	39	0	4436
19313	17	4321	38	66	0	4442
19314	4308	25	56	19	0	4408
19315	33	55	15	4309	0	4412
19316	59	12	15	4067	0	4153
19317	13	4286	20	82	0	4401
19318	12	4390	14	68	0	4484
19319	4174	75	13	20	0	4282
19320	32	4297	18	13	0	4360
19321	4090	28	12	19	0	4149
19322	30	4126	11	30	0	4197
19323	3992	30	11	18	0	4051
19324	33	4107	15	20	0	4175
19325	52	4197	17	18	0	4284
19326	4115	65	10	17	0	4207
19327	39	52	4060	16	0	4167
19328	47	4161	32	22	0	4262
19329	20	25	51	4105	0	4201
19330	16	54	13	4243	0	4326
19331	20	13	14	4223	0	4270
19332	14	11	8	4298	0	4331
19333	16	11	4273	89	0	4389
19334	4070	14	35	65	0	4184
19335	39	6	57	4335	0	4437
19336	4403	11	15	43	0	4472
19337	4598	12	11	65	0	4686
19338	4675	10	11	22	0	4718
19339	4527	10	17	22	0	4576
19340	90	9	4504	22	0	4625
19341	64	19	38	4360	0	4481
19342	22	11	4425	47	0	4505
19343	11	4311	51	72	0	4445
19344	21	52	80	3899	0	4052
19345	18	68	13	3979	0	4078
19346	13	9	11	4052	0	4085
19347	4	8	15	4018	0	4045
19348	13	9	3908	105	0	4035
19349	11	10	37	3909	0	3967
19350	18	7	57	3936	0	4018
19351	3968	10	18	96	0	4092
19352	4127	10	12	76	0	4225
19353	106	3	13	4182	0	4304
19354	73	5	20	4180	0	4278
19355	29	6	17	4281	0	4333
19356	4226	6	13	137	0	4382
19357	4295	7	12	93	0	4407
19358	4312	4	17	33	0	4366
19359	4304	10	13	24	0	4351
19360	119	4325	18	24	0	4486
19361	4400	49	12	21	0	4482
19362	4351	59	10	34	0	4454
19363	122	19	9	4242	0	4392
19364	89	14	15	4269	0	4387
19365	4195	5	11	120	0	4331
19366	63	4152	14	92	0	4321
19367	79	4336	12	34	0	4461
19368	4382	102	5	24	0	4513
19369	72	68	9	4400	0	4549
19370	79	20	4	4445	0	4548
19371	35	11	5	4519	0	4570
19372	35	9	6	4520	0	4570
19373	28	14	6	4417	0	4465
19374	28	4362	10	125	0	4525
19375	25	54	5	4364	0	4448
19376	4288	57	8	75	0	4428
19377	66	22	1	4297	0	4386
19378	73	16	6	4306	0	4401
19379	4217	14	4	114	0	4349
19380	62	4302	10	89	0	4463
19381	64	73	9	4195	0	4341
19382	26	4298	14	69	0	4407
19383	25	149	12	4084	0	4270
19384	35	59	4100	69	0	4263
19385	3644	35	40	70	0	3789
19386	50	3938	44	33	0	4065
19387	3560	37	11	27	0	3635
19388	59	37	3451	17	0	3564
19389	51	53	36	3106	0	3246
19390	24	3273	35	40	0	3372
19391	16	3333	15	56	0	3420
19392	3125	61	28	23	0	3237
19393	45	39	3	3166	0	3253
19394	44	14	3330	50	0	3438
19395	18	7	31	3406	0	3462
19396	14	6	3427	64	0	3511
19397	3173	6	38	60	0	3277
19398	46	9	3508	31	0	3594
19399	46	6	42	3327	0	3421
19400	15	3500	35	49	0	3599
19401	24	38	8	3347	0	3417
19402	20	3543	11	51	0	3625
19403	3534	44	4	56	0	3638
19404	47	35	7	3629	0	3718
19405	45	12	3738	61	0	3856
19406	24	17	3632	60	0	3733
19407	3574	8	73	32	0	3687
19408	3859	8	40	26	0	3933
19409	3865	8	10	32	0	3915
19410	3824	6	13	25	0	3868
19411	90	3828	6	25	0	3949
19412	3880	41	5	21	0	3947
19413	3868	40	2	21	0	3931
19414	95	18	3815	22	0	3950
19415	56	9	37	3730	0	3832
19416	3840	11	37	52	0	3940
19417	60	11	3810	58	0	3939
19418	53	13	42	3764	0	3872
19419	40	6	4047	56	0	4149
19420	16	16	41	3822	0	3895
19421	22	4039	42	65	0	4168
19422	4073	41	13	54	0	4181
19423	53	49	4023	35	0	4160
19424	3943	18	37	26	0	4024
19425	56	16	38	4018	0	4128
19426	4100	8	12	59	0	4179
19427	57	8	10	4083	0	4158
19428	4351	13	11	73	0	4448
19429	58	13	4318	63	0	4452
19430	4453	11	44	29	0	4537
19431	55	10	34	4597	0	4696
19432	49	12	13	4638	0	4712
19433	4545	12	6	85	0	4648
19434	46	14	10	4588	0	4658
19435	40	6	4621	69	0	4736
19436	19	16	34	4575	0	4644
19437	4247	9	29	48	0	4333
19438	39	4278	16	42	0	4375
19439	30	4257	11	15	0	4313
19440	4175	46	6	13	0	4240
19441	36	4517	4	15	0	4572
19442	28	27	10	4458	0	4523
19443	4529	21	28	27	0	4605
19444	4538	10	2	17	0	4567
19445	4483	10	1	9	0	4503
19446	42	7	4632	11	0	4692
19447	22	17	24	4467	0	4530
19448	5	4698	28	23	0	4754
19449	9	21	8	4738	0	4776
19450	13	20	4869	27	0	4929
19451	8	4733	31	22	0	4794
19452	11	54	16	4640	0	4721
19453	4513	14	1	15	0	4543
19454	10	4665	5	22	0	4702
19455	19	15	4873	3	0	4910
19456	3	14	19	4729	0	4765
19457	12	9	4910	21	0	4952
19458	9	1	18	4680	0	4708
19459	5042	1	21	23	0	5087
19460	19	5	5	5028	0	5057
19461	5068	5	2	24	0	5099
19462	5074	1	4	21	0	5100
19463	33	5295	6	5	0	5339
19464	5339	15	3	6	0	5363
19465	20	5361	1	11	0	5393
19466	38	19	5455	5	0	5517
19467	11	20	28	5232	0	5291
19468	6	2	28	5781	0	5817
19469	9	6	5752	53	0	5820
19470	7	5749	28	35	0	5819
19471	5775	24	35	4	0	5838
19472	5874	31	3	15	0	5923
19473	62	1	6	6018	0	6087
19474	40	2	5	6062	0	6109
19475	5	5	1	6179	0	6190
19476	6032	2	5	58	0	6097
19477	35	10	6049	42	0	6136
19478	46	3	6079	16	0	6144
19479	9	6	62	6085	0	6162
19480	12	7	6157	39	0	6215
19481	12	9	6163	43	0	6227
19482	6	7	68	5815	0	5896
19483	15	2	6319	39	0	6375
19484	10	6258	32	63	0	6363
19485	11	32	39	6315	0	6397
19486	14	36	6464	39	0	6553
19487	11	4	35	6253	0	6303
19488	6	6314	42	32	0	6394
19489	7	36	6	6421	0	6470
19490	15	38	6561	42	0	6656
19491	9	6	34	6308	0	6357
19492	6329	5	41	42	0	6417
19493	38	14	6522	46	0	6620
19494	5863	9	31	18	0	5921
19495	42	6461	34	14	0	6551
19496	6488	39	3	13	0	6543
19497	47	32	7	6448	0	6534
19498	35	6457	14	51	0	6557
19499	6593	31	8	44	0	6676
19500	41	36	9	6748	0	6834
19501	35	15	6823	45	0	6918
19502	9	6860	45	48	0	6962
19503	8	38	58	6868	0	6972
19504	6835	35	7	38	0	6915
19505	6652	6	8	46	0	6712
19506	65	3	8	6701	0	6777
19507	39	11	6695	41	0	6786
19508	6016	5	43	55	0	6119
19509	44	10	6757	13	0	6824
19510	38	4	46	6555	0	6643
19511	6723	6	42	43	0	6814
19512	36	6779	10	49	0	6874
19513	6819	34	13	13	0	6879
19514	42	49	6662	18	0	6771
19515	6564	6	41	17	0	6628
19516	48	6	42	6862	0	6958
19517	45	3	9	6970	0	7027
19518	13	14	7047	77	0	7151
19519	12	14	46	6755	0	6827
19520	6862	2	40	50	0	6954
19521	45	10	12	6905	0	6972
19522	44	7088	9	52	0	7193
19523	13	41	15	6936	0	7005
19524	11	7163	16	46	0	7236
19525	23	47	6959	39	0	7068
19526	6292	41	47	27	0	6407
19527	54	4	41	7131	0	7230
19528	52	17	6890	56	0	7015
19529	19	6790	45	52	0	6906
19530	17	41	47	6655	0	6760
19531	17	41	9	6758	0	6825
19532	6697	6	13	82	0	6798
19533	48	11	12	6842	0	6913
19534	6860	12	16	54	0	6942
19535	6856	10	14	51	0	6931
19536	93	6972	11	24	0	7100
19537	7098	45	10	22	0	7175
19538	65	52	12	7720	0	7849
19539	62	14	7746	79	0	7901
19540	7639	8	70	75	0	7792
19541	78	9	66	7512	0	7665
19542	82	13	7534	80	0	7709
19543	6982	10	68	88	0	7148
19544	76	10	68	7428	0	7582
19545	77	7664	15	72	0	7828
19546	29	60	14	7244	0	7347
19547	17	7612	20	70	0	7719
19548	7399	66	19	69	0	7553
19549	72	63	7719	27	0	7881
19550	67	7637	71	32	0	7807
19551	23	54	76	7612	0	7765
19552	19	72	7573	77	0	7741
19553	18	15	7437	77	0	7547
19554	18	7534	123	27	0	7702
19555	93	73	63	7113	0	7342
19556	17	59	9	7207	0	7292
19557	16	9	8	8658	0	8691
19558	8824	13	15	126	0	8978
19559	91	20	9746	104	0	9961
19560	111	9829	97	44	0	10081
19561	15	94	122	9670	0	9901
19562	25	123	15	10065	0	10228
19563	22	17	10049	232	0	10320
19564	23	40	105	10018	0	10186
19565	25	21	10065	116	0	10227
19566	23	16	9672	138	0	9849
19567	43	17	9710	32	0	9802
19568	33	42	211	8991	0	9277
19569	21	20	121	9321	0	9483
19570	21	19	16	9630	0	9686
19571	9479	14	15	208	0	9716
19572	98	9508	21	140	0	9767
19573	9634	91	22	32	0	9779
19574	9445	118	19	38	0	9620
19575	9651	10	19	42	0	9722
19576	213	9743	31	37	0	10024
19577	9847	97	19	30	0	9993
19578	9822	127	23	31	0	10003
19579	213	26	22	9657	0	9918
19580	153	18	14	9756	0	9941
19581	28	24	20	10017	0	10089
19582	37	24	9811	239	0	10111
19583	9241	20	112	162	0	9535
19584	108	24	137	9681	0	9950
19585	9555	17	41	122	0	9735
19586	91	9546	39	160	0	9836
19587	134	96	42	9544	0	9816
19588	35	126	33	9677	0	9871
19589	9539	15	43	243	0	9840
19590	111	25	28	9570	0	9734
19591	9349	20	28	144	0	9541
19592	9188	24	27	167	0	9406
19593	220	9212	34	49	0	9515
19594	142	9385	22	51	0	9600
19595	51	248	22	8842	0	9163
19596	34	9367	34	114	0	9549
19597	39	118	43	9368	0	9568
19598	37	132	9265	127	0	9561
19599	48	35	9018	145	0	9246
19600	8397	27	230	61	0	8715
19601	8734	27	131	58	0	8950
19602	214	8707	34	153	0	9108
19603	8808	99	32	62	0	9001
19604	107	9021	37	64	0	9229
19605	144	105	30	8930	0	9209
19606	29	128	50	9041	0	9248
19607	39	24	38	9086	0	9187
19608	41	15	43	9153	0	9252
19609	8875	20	50	264	0	9209
19610	120	8967	62	162	0	9311
19611	8984	96	35	73	0	9188
19612	8917	128	49	73	0	9167
19613	235	39	8864	72	0	9210
19614	8615	26	104	74	0	8819
19615	129	8728	128	64	0	9049
19616	176	115	35	8625	0	8951
19617	68	158	25	8246	0	8497
19618	72	8640	29	210	0	8951
19619	8675	114	26	158	0	8973
19620	146	139	8573	65	0	8923
19621	8400	41	101	81	0	8623
19622	163	27	8600	82	0	8872
19623	176	33	123	8405	0	8737
19624	77	30	141	8586	0	8834
19625	69	38	39	8751	0	8897
19626	8658	42	46	276	0	9022
19627	120	45	8802	215	0	9182
19628	8732	41	122	111	0	9006
19629	8865	36	154	110	0	9165
19630	8931	28	65	99	0	9123
19631	8930	36	68	93	0	9127
19632	256	23	63	8788	0	9130
19633	184	31	8689	161	0	9065
19634	76	52	123	8621	0	8872
19635	78	47	8673	173	0	8971
19636	95	60	8386	177	0	8718
19637	73	8409	201	81	0	8764
19638	84	88	111	7478	0	7761
19639	83	129	37	7681	0	7930
19640	79	62	26	7164	0	7331
19641	88	40	26	7730	0	7884
19642	7625	25	25	193	0	7868
19643	7640	33	22	138	0	7833
19644	223	32	15	7549	0	7819
19645	152	33	7399	153	0	7737
19646	76	21	87	7484	0	7668
19647	67	28	103	7596	0	7794
19648	61	28	7555	234	0	7878
19649	59	33	86	7392	0	7570
19650	7396	29	99	138	0	7662
19651	7407	39	20	159	0	7625
19652	7511	27	22	83	0	7643
19653	217	28	26	7325	0	7596
19654	7357	37	27	121	0	7542
19655	7209	29	25	141	0	7404
19656	206	28	7207	65	0	7506
19657	82	21	5612	35	0	5750
19658	40	13	5571	34	0	5658
19659	4350	20	61	14	0	4445
19660	29	4597	32	20	0	4678
19661	4503	13	11	14	0	4541
19662	24	5089	6	22	0	5141
19663	30	24	15	5057	0	5126
19664	17	21	5	5149	0	5192
19665	14	5	5	5181	0	5205
19666	15	18	5122	54	0	5209
19667	4598	2	23	32	0	4655
19668	28	5	28	5121	0	5182
19669	28	5	5154	26	0	5213
19670	11	9	4971	26	0	5017
19671	4683	0	31	14	0	4728
19672	18	5170	26	16	0	5230
19673	5096	14	6	9	0	5125
19674	5047	18	4	14	0	5083
19675	34	5071	8	6	0	5119
19676	4936	10	17	5	0	4968
19677	20	17	5157	11	0	5205
19678	26	7	5005	7	0	5045
19679	10	10	5218	16	0	5254
19680	12	7	37	5098	0	5154
19681	3	6	5269	26	0	5304
19682	4899	1	16	19	0	4935
19683	5095	3	17	7	0	5122
19684	39	2	5267	7	0	5315
19685	25	1	16	5120	0	5162
19686	5283	2	16	20	0	5321
19687	19	5664	10	24	0	5717
19688	16	5763	5	8	0	5792
19689	5752	28	5	6	0	5791
19690	17	21	5903	2	0	5943
19691	16	30	9	5646	0	5701
19692	4	1	25	5810	0	5840
19693	3	0	4	5867	0	5874
19694	2	5897	6	29	0	5934
19695	3	11	5	5887	0	5906
19696	6255	15	1	19	0	6290
19697	16	2	0	6370	0	6388
19698	21	6521	7	22	0	6571
19699	6587	23	1	33	0	6644
19700	24	26	1	6565	0	6616
19701	30	3	1	6881	0	6915
19702	7133	2	3	55	0	7193
19703	7169	0	1	34	0	7204
19704	64	5	2	7352	0	7423
19705	7586	4	0	42	0	7632
19706	7471	2	3	49	0	7525
19707	77	7781	4	14	0	7876
19708	7773	37	2	5	0	7817
19709	35	7800	4	13	0	7852
19710	54	35	1	7747	0	7837
19711	11	51	8080	43	0	8185
19712	8	7	38	8005	0	8058
19713	11	3	46	8109	0	8169
19714	7	4	4	8351	0	8366
19715	8232	4	1	91	0	8328
19716	46	8306	6	68	0	8426
19717	8578	40	1	13	0	8632
19718	43	9123	7	13	0	9186
19719	9266	45	6	12	0	9329
19720	9212	56	4	7	0	9279
19721	9272	9	1	16	0	9298
19722	9242	4	2	9	0	9257
19723	116	11	9349	7	0	9483
19724	76	7	45	9138	0	9266
19725	15	7	75	9676	0	9773
19726	19	9	9568	128	0	9724
19727	8974	6	55	101	0	9136
19728	60	2	87	9431	0	9580
19729	108	8	9393	55	0	9564
19730	21	12	9309	93	0	9435
19731	15	3	137	9470	0	9625
19732	26	7	9954	65	0	10052
19733	12	14	55	9685	0	9766
19734	15	3	89	9793	0	9900
19735	21	8	9688	151	0	9868
19736	8724	4	57	113	0	8898
19737	62	6	93	9649	0	9810
19738	102	16	9778	67	0	9963
19739	23	6	58	9768	0	9855
19740	9798	6	98	71	0	9973
19741	64	10	9787	96	0	9957
19742	9349	5	54	28	0	9436
19743	9954	5	94	23	0	10076
19744	142	3	23	10014	0	10182
19745	106	5	9	9961	0	10081
19746	23	14	9976	156	0	10169
19747	19	8	70	9899	0	9996
19748	23	6	89	9436	0	9554
19749	20	4	23	9989	0	10036
19750	28	11	9751	149	0	9939
19751	9202	5	59	117	0	9383
19752	9790	3	103	23	0	9919
19753	10109	7	23	25	0	10164
19754	10366	5	5	40	0	10416
19755	155	8	18	10344	0	10525
19756	10348	7	17	73	0	10445
19757	10278	3	17	116	0	10414
19758	9368	19	27	44	0	9458
19759	10392	3	19	30	0	10444
19760	143	10432	18	34	0	10627
19761	10467	48	13	32	0	10560
19762	9981	88	14	27	0	10110
19763	156	10090	22	31	0	10299
19764	10072	60	18	28	0	10178
19765	88	95	11	10051	0	10245
19766	122	9	12	10101	0	10244
19767	10003	5	11	166	0	10185
19768	86	9936	15	133	0	10170
19769	112	10000	27	34	0	10173
19770	41	141	11	10165	0	10358
19771	27	101	10320	75	0	10523
19772	30	12	69	9994	0	10105
19773	40	1	98	10342	0	10481
19774	10201	10	17	159	0	10387
19775	10171	12	21	114	0	10318
19776	177	7	11	10196	0	10391
19777	132	16	10145	83	0	10376
19778	34	10	70	10288	0	10402
19779	10334	4	109	91	0	10538
19780	88	13	10991	119	0	11211
19781	127	11175	82	40	0	11424
19782	11447	66	126	33	0	11672
19783	95	114	22	11448	0	11679
19784	140	14	17	11443	0	11614
19785	44	9	11	11844	0	11908
19786	36	12	11602	203	0	11853
19787	9684	12	91	172	0	9959
19788	112	11	11200	39	0	11362
19789	139	11015	96	37	0	11287
19790	34	75	122	11033	0	11264
19791	36	116	23	11099	0	11274
19792	36	17	23	11680	0	11756
19793	39	17	11580	241	0	11877
19794	34	20	11384	164	0	11602
19795	39	16	11748	53	0	11856
19796	32	11663	227	33	0	11955
19797	57	84	156	11461	0	11758
19798	11940	134	22	104	0	12200
19799	12385	11	27	151	0	12574
19800	264	15	13272	45	0	13596
19801	180	13338	125	83	0	13726
19802	62	120	13629	46	0	13857
19803	29	13945	130	48	0	14152
19804	13372	144	264	64	0	13844
19805	13116	160	41	45	0	13362
19806	249	13413	26	35	0	13723
19807	13503	108	27	18	0	13656
19808	142	160	22	13295	0	13619
19809	185	23	20	13400	0	13628
19810	13402	18	15	260	0	13695
19811	12891	17	22	190	0	13120
19812	12951	12	16	49	0	13028
19813	268	13004	34	40	0	13346
19814	176	13206	32	52	0	13466
19815	13103	242	21	36	0	13402
19816	133	173	13092	32	0	13430
19817	186	91	123	12551	0	12951
19818	12211	28	192	109	0	12540
19819	131	12239	41	151	0	12562
19820	171	12535	24	43	0	12773
19821	12507	237	24	30	0	12798
19822	136	173	12236	63	0	12608
19823	11757	36	112	32	0	11937
19824	147	31	12057	22	0	12257
19825	165	25	11763	20	0	11973
19826	60	26	223	11496	0	11805
19827	73	48	12080	109	0	12310
19828	11558	30	116	136	0	11840
19829	12050	19	144	38	0	12251
19830	12111	15	35	39	0	12200
19831	11959	28	26	29	0	12042
19832	251	25	23	11629	0	11928
19833	11717	32	22	115	0	11886
19834	153	11660	29	134	0	11976
19835	173	117	28	10838	0	11156
19836	52	11975	34	105	0	12166
19837	12122	110	32	123	0	12387
19838	11952	141	31	45	0	12169
19839	249	39	30	11944	0	12262
19840	12111	32	28	116	0	12287
19841	12027	36	47	133	0	12243
19842	261	30	25	11972	0	12288
19843	175	27	42	11955	0	12199
19844	79	34	25	12156	0	12294
19845	82	25	11846	232	0	12185
19846	78	33	11420	148	0	11679
19847	64	31	11848	51	0	11994
19848	64	25	239	11616	0	11944
19849	64	38	12238	119	0	12459
19850	76	31	131	11852	0	12090
19851	78	32	12893	134	0	13137
19852	66	32	12545	153	0	12796
19853	11523	31	236	57	0	11847
19854	145	12375	159	52	0	12731
19855	12468	129	64	39	0	12700
19856	161	140	42	12321	0	12664
19857	177	37	47	12340	0	12601
19858	90	48	12379	244	0	12761
19859	85	12370	127	190	0	12772
19860	73	135	144	12326	0	12678
19861	81	146	12591	146	0	12964
19862	59	12420	142	157	0	12778
19863	64	109	146	12358	0	12677
19864	12243	124	58	136	0	12561
19865	12110	46	50	145	0	12351
19866	249	44	48	12215	0	12556
19867	12291	41	51	126	0	12509
19868	165	12485	57	136	0	12843
19869	189	114	42	12586	0	12931
19870	78	134	12876	139	0	13227
19871	80	48	126	12888	0	13142
19872	80	46	13135	155	0	13416
19873	12346	36	150	167	0	12699
19874	170	44	139	12880	0	13233
19875	170	13310	51	144	0	13675
19876	99	150	46	13576	0	13871
19877	87	147	13547	154	0	13935
19878	71	46	13365	180	0	13662
19879	84	40	13203	76	0	13403
19880	11687	86	266	63	0	12102
19881	128	12569	156	52	0	12905
19882	138	99	68	12159	0	12464
19883	12296	114	65	131	0	12606
19884	124	12353	55	136	0	12668
19885	12850	107	46	62	0	13065
19886	12830	110	49	56	0	13045
19887	13053	28	52	51	0	13184
19888	13192	25	47	41	0	13305
19889	215	43	12916	37	0	13211
19890	12310	27	117	43	0	12497
19891	136	19	12968	46	0	13169
19892	10809	18	136	47	0	11010
19893	124	34	116	12309	0	12583
19894	132	19	12287	96	0	12534
19895	68	12052	100	108	0	12328
19896	98	380	96	11075	0	11649
19897	47	11845	42	86	0	12020
19898	43	11706	33	112	0	11894
19899	10130	94	45	36	0	10305
19900	54	50	10179	30	0	10313
19901	40	9894	43	20	0	9997
19902	9436	34	64	11	0	9545
19903	45	9695	18	17	0	9775
19904	9614	32	12	6	0	9664
19905	39	39	5	9513	0	9596
19906	9614	6	12	35	0	9667
19907	41	7	12	9440	0	9500
19908	9554	5	16	37	0	9612
19909	40	7	18	9497	0	9562
19910	33	10094	15	42	0	10184
19911	17	34	7	10201	0	10259
19912	10051	29	11	33	0	10124
19913	37	10126	12	33	0	10208
19914	27	40	6	10110	0	10183
19915	10235	25	21	41	0	10322
19916	40	14	9	10369	0	10432
19917	30	12	9	10406	0	10457
19918	18	20	10573	62	0	10673
19919	20	19	10238	30	0	10307
19920	14	13	54	10070	0	10151
19921	26	15	10869	44	0	10954
19922	13	13	35	10714	0	10775
19923	19	11	27	10108	0	10165
19924	12	11	13	10877	0	10913
19925	19	20	10950	59	0	11048
19926	19	13	27	10334	0	10393
19927	16	14	31	10649	0	10710
19928	15	11015	15	60	0	11105
19929	19	32	9	11093	0	11153
19930	11046	27	22	41	0	11136
19931	40	16	7	11221	0	11284
19932	39	19	13337	59	0	13454
19933	11825	15	82	56	0	11978
19934	93	14478	92	36	0	14699
19935	96	92	23	14495	0	14706
19936	43	110	14451	107	0	14711
19937	12904	23	104	125	0	13156
19938	108	14440	116	38	0	14702
19939	14391	95	29	26	0	14541
19940	109	111	25	14248	0	14493
19941	14178	20	25	114	0	14337
19942	122	25	14273	123	0	14543
19943	118	14174	102	49	0	14443
19944	27	15045	115	34	0	15221
19945	15057	189	37	34	0	15317
19946	14947	117	19	29	0	15112
19947	214	30	15106	21	0	15371
19948	14213	14	110	28	0	14365
19949	14810	21	113	25	0	14969
19950	14831	18	24	27	0	14900
19951	209	14560	17	21	0	14807
19952	133	14673	16	30	0	14852
19953	14481	198	21	26	0	14726
19954	14455	113	16	27	0	14611
19955	199	14870	17	25	0	15111
19956	133	121	16	14827	0	15097
19957	45	114	14981	106	0	15246
19958	14136	30	105	123	0	14394
19959	13793	40	136	48	0	14017
19960	15394	26	23	22	0	15465
19961	208	15371	18	28	0	15625
19962	150	124	15508	29	0	15811
19963	15352	117	130	29	0	15628
19964	133	30	126	15850	0	16139
19965	139	27	29	15977	0	16172
19966	47	31	19	16379	0	16476
19967	49	28	16202	235	0	16514
19968	38	52	135	15600	0	15825
19969	58	16	16025	140	0	16239
19970	26	15467	125	158	0	15776
19971	14750	110	120	35	0	15015
19972	109	15256	22	37	0	15424
19973	121	15311	22	38	0	15492
19974	14905	200	86	18	0	15209
19975	99	15521	20	19	0	15659
19976	124	116	7	14930	0	15177
19977	31	15253	11	96	0	15391
19978	15007	111	11	98	0	15227
19979	103	15298	12	31	0	15444
19980	126	121	10	15344	0	15601
19981	45	124	15324	114	0	15607
19982	29	36	98	15098	0	15261
19983	21	15437	120	163	0	15741
19984	28	115	31	15642	0	15816
19985	34	140	19	15324	0	15517
19986	33	34	17	15390	0	15474
19987	38	21	24	15675	0	15758
19988	37	24	21	15773	0	15855
19989	33	31	32	15882	0	15978
19990	63	40	15810	256	0	16169
19991	14441	33	140	184	0	14798
19992	155	33	134	16856	0	17178
19993	159	41	17033	176	0	17409
19994	70	38	17147	186	0	17441
19995	52	43	303	16978	0	17376
19996	17266	33	201	182	0	17682
19997	196	53	17059	189	0	17497
19998	16453	34	171	77	0	16735
19999	220	45	17846	47	0	18158
20000	224	54	192	17283	0	17753
20001	103	46	185	18071	0	18405
20002	96	82	18051	281	0	18510
20003	16344	52	187	210	0	16793
20004	210	48	193	17633	0	18084
20005	238	48	17809	192	0	18287
20006	104	59	17928	194	0	18285
20007	122	52	316	15867	0	16357
20008	68	17938	231	147	0	18384
20009	18000	169	63	154	0	18386
20010	17562	192	51	67	0	17872
20011	363	68	17845	42	0	18318
20012	248	62	166	17079	0	17555
20013	17613	47	201	195	0	18056
20014	217	49	17805	227	0	18298
20015	16837	28	183	100	0	17148
20016	217	17760	216	76	0	18269
20017	223	150	70	17874	0	18317
20018	102	184	76	18017	0	18379
20019	18314	52	69	339	0	18774
20020	196	42	65	18400	0	18703
20021	221	41	61	18039	0	18362
20022	83	43	58	18312	0	18496
20023	17774	37	44	414	0	18269
20024	204	58	17944	282	0	18488
20025	17446	38	206	123	0	17813
20026	17737	42	232	97	0	18108
20027	17973	43	78	92	0	18186
20028	379	72	55	17719	0	18225
20029	273	61	18092	221	0	18647
20030	101	17781	214	232	0	18328
20031	84	18104	230	97	0	18515
20032	45	16305	41	90	0	16481
20033	101	234	16049	50	0	16434
20034	45	250	163	17777	0	18235
20035	18535	39	177	194	0	18945
20036	19728	27	39	222	0	20016
20037	373	17	28	20915	0	21333
20038	245	15	21130	247	0	21637
20039	87	18	21002	262	0	21369
20040	57	10	412	20982	0	21461
20041	43	18	21723	251	0	22035
20042	35	10	239	21623	0	21907
20043	50	22	260	20481	0	20813
20044	25	21693	75	462	0	22255
20045	40	200	55	22066	0	22361
20046	55	240	51	22471	0	22817
20047	22052	41	34	502	0	22629
20048	234	24	40	22394	0	22692
20049	275	19	56	22198	0	22548
20050	21701	17	43	512	0	22273
20051	236	21943	64	330	0	22573
20052	22310	201	52	109	0	22672
20053	266	256	22058	102	0	22682
20054	21606	50	256	87	0	21999
20055	21401	26	297	102	0	21826
20056	526	34	21504	95	0	22159
20057	353	33	21290	75	0	21751
20058	114	58	517	20301	0	20990
20059	20543	22	353	276	0	21194
20060	277	27	20503	318	0	21125
20061	307	20	304	20160	0	20791
20062	117	21	20447	310	0	20895
20063	86	24	307	19874	0	20291
20064	90	33	333	19728	0	20184
20065	19989	37	111	559	0	20696
20066	19755	34	104	404	0	20297
20067	20063	36	88	178	0	20365
20068	562	45	20151	176	0	20934
20069	374	39	20066	188	0	20667
20070	162	32	523	19699	0	20416
20071	143	42	350	19820	0	20355
20072	153	58	156	20284	0	20651
20073	19535	40	156	564	0	20295
20074	287	19803	127	475	0	20692
20075	19460	235	133	177	0	20005
20076	18531	286	123	174	0	19114
20077	522	19223	123	208	0	20076
20078	393	19344	134	164	0	20035
20079	18805	441	99	201	0	19546
20080	323	296	93	18095	0	18807
20081	377	18803	130	372	0	19682
20082	242	233	108	18965	0	19548
20083	236	292	18688	409	0	19625
20084	213	78	327	18649	0	19267
20085	18418	59	434	415	0	19326
20086	373	50	18243	469	0	19135
20087	406	37	18155	251	0	18849
20088	224	369	647	15230	0	16470
20089	192	17169	437	414	0	18212
20090	180	17225	219	458	0	18082
20091	184	17581	166	322	0	18253
20092	16678	423	199	358	0	17658
20093	16455	272	156	298	0	17181
20094	15809	77	155	296	0	16337
20095	499	16114	119	358	0	17090
20096	16446	193	144	281	0	17064
20097	16121	255	141	260	0	16777
20098	586	139	16100	260	0	17085
20099	481	15461	334	207	0	16483
20100	290	264	432	15304	0	16290
20101	15334	271	210	386	0	16201
20102	375	119	15315	445	0	16254
20103	411	73	369	14442	0	15295
20104	244	15047	422	461	0	16174
20105	234	233	234	15062	0	15763
20106	249	277	230	15000	0	15756
20107	15173	101	203	626	0	16103
20108	15075	122	208	479	0	15884
20109	567	152	212	15029	0	15960
20110	439	146	14910	458	0	15953
20111	297	137	14760	458	0	15652
20112	14585	147	483	278	0	15493
20113	511	127	15134	271	0	16043
20114	536	140	342	12526	0	13544
20115	353	14301	445	298	0	15397
20116	14072	231	258	394	0	14955
20117	426	14217	268	251	0	15162
20118	14384	236	272	275	0	15167
20119	396	268	214	14188	0	15066
20120	462	145	199	14133	0	14939
20121	14203	173	193	521	0	15090
20122	14264	157	157	389	0	14967
20123	622	204	200	14110	0	15136
20124	508	175	167	14021	0	14871
20125	323	199	13934	489	0	14945
20126	292	173	13748	434	0	14647
20127	13497	169	473	288	0	14427
20128	421	152	13527	282	0	14382
20129	13248	128	300	286	0	13962
20130	13282	113	450	259	0	14104
20131	584	115	13034	259	0	13992
20132	442	12412	313	218	0	13385
20133	282	12402	386	209	0	13279
20134	197	191	9472	98	0	9958
20135	335	846	375	7643	0	9199
20136	6757	145	424	369	0	7695
20137	6479	29	34	89	0	6631
20138	7256	26	29	51	0	7362
20139	8568	31	21	42	0	8662
20140	8632	20	17	46	0	8715
20141	218	8950	50	32	0	9250
20142	8685	97	32	37	0	8851
20143	118	8710	25	21	0	8874
20144	8343	92	19	9	0	8463
20145	101	102	8090	7	0	8300
20146	123	15	80	7741	0	7959
20147	34	10	86	7246	0	7376
20148	14	7772	14	146	0	7946
20149	7784	70	10	82	0	7946
20150	7844	93	5	11	0	7953
20151	158	20	8	7721	0	7907
20152	107	9	5	7793	0	7914
20153	7730	8	4	162	0	7904
20154	74	11	6	7797	0	7888
20155	101	10	4	7804	0	7919
20156	7760	8	5	155	0	7928
20157	83	7	3	7787	0	7880
20158	7805	5	4	93	0	7907
20159	7733	3	9	103	0	7848
20160	171	5	7752	31	0	7959
20161	7796	9	68	24	0	7897
20162	7653	3	93	21	0	7770
20163	7692	3	10	24	0	7729
20164	179	5	7469	18	0	7671
20165	116	9	78	7188	0	7391
20166	34	6	89	7470	0	7599
20167	27	12	7443	156	0	7638
20168	7133	7	76	101	0	7317
20169	100	3	93	7190	0	7386
20170	116	7	7150	79	0	7352
20171	44	6	7259	104	0	7413
20172	33	2	155	7179	0	7369
20173	45	5	7391	82	0	7523
20174	35	5	86	7271	0	7397
20175	30	6	97	7357	0	7490
20176	25	13	7306	161	0	7505
20177	33	12	88	6779	0	6912
20178	30	7068	107	84	0	7289
20179	22	7326	34	112	0	7494
20180	7233	153	25	28	0	7439
20181	7149	101	15	34	0	7299
20182	168	7214	19	39	0	7440
20183	7274	76	24	20	0	7394
20184	7218	98	17	22	0	7355
20185	176	31	7	7153	0	7367
20186	130	23	12	7259	0	7424
20187	7082	24	11	175	0	7292
20188	114	7060	12	124	0	7310
20189	129	7165	18	44	0	7356
20190	61	163	16	7088	0	7328
20191	52	106	7171	101	0	7430
20192	6808	28	80	127	0	7043
20193	7011	22	99	44	0	7176
20194	6813	24	21	32	0	6890
20195	208	6934	17	38	0	7197
20196	151	91	16	6671	0	6929
20197	75	104	18	6902	0	7099
20198	6769	26	25	190	0	7010
20199	132	6805	22	150	0	7109
20200	165	84	15	6707	0	6971
20201	93	113	21	6782	0	7009
20202	85	28	19	6865	0	6997
20203	6691	30	20	216	0	6957
20204	158	6708	35	155	0	7056
20205	182	126	30	6187	0	6525
20206	103	6737	27	114	0	6981
20207	6628	98	36	140	0	6902
20208	136	119	6571	86	0	6912
20209	6347	38	109	91	0	6585
20210	139	35	6382	98	0	6654
20211	161	93	99	5961	0	6314
20212	6006	24	112	135	0	6277
20213	145	35	6015	152	0	6347
20214	6035	21	91	84	0	6231
20215	6155	15	110	72	0	6352
20216	6204	9	53	82	0	6348
20217	202	15	46	5998	0	6261
20218	166	11	39	5919	0	6135
20219	89	11	40	6089	0	6229
20220	5855	10	49	211	0	6125
20221	160	5981	41	150	0	6332
20222	6007	72	43	77	0	6199
20223	6053	87	50	55	0	6245
20224	217	38	5946	56	0	6257
20225	5973	16	101	60	0	6150
20226	6107	22	114	53	0	6296
20227	211	28	50	5998	0	6287
20228	156	24	41	6050	0	6271
20229	81	14	59	6089	0	6243
20230	5897	20	53	201	0	6171
20231	5844	24	45	150	0	6063
20232	5546	23	52	68	0	5689
20233	181	5446	59	78	0	5764
20234	88	5084	52	72	0	5296
20235	35	5152	56	76	0	5319
20236	5024	110	87	69	0	5290
20237	105	71	4942	79	0	5197
20238	94	20	4046	44	0	4204
20239	2524	8	68	25	0	2625
20240	31	4	2726	22	0	2783
20241	9	10	3	2047	0	2069
20242	4	2187	7	4	0	2202
20243	2220	5	4	11	0	2240
20244	2211	9	0	2	0	2222
20245	2225	5	3	3	0	2236
20246	12	4	0	2374	0	2390
20247	9	1	2482	4	0	2496
20248	3	3	2428	9	0	2443
20249	2424	3	7	4	0	2438
20250	2519	3	10	3	0	2535
20251	2514	2	1	6	0	2523
20252	14	4	2	2522	0	2542
20253	11	5	0	2555	0	2571
20254	4	3	2590	11	0	2608
20255	2476	4	3	13	0	2496
20256	5	0	7	2669	0	2681
20257	11	3	4	2635	0	2653
20258	9	3	2	2672	0	2686
20259	3	2711	5	12	0	2731
20260	5	4	0	2677	0	2686
20261	6	6	4	2668	0	2684
20262	2626	1	3	12	0	2642
20263	8	3	2614	10	0	2635
20264	2485	2	6	4	0	2497
20265	2650	1	7	4	0	2662
20266	17	0	2	2615	0	2634
20267	13	1	2	2607	0	2623
20268	2586	2	1	15	0	2604
20269	7	2	2565	15	0	2589
20270	10	2580	4	4	0	2598
20271	7	6	9	2484	0	2506
20272	2488	8	2	4	0	2502
20273	6	7	4	2429	0	2446
20274	12	0	2423	4	0	2439
20275	6	7	2459	8	0	2480
20276	2431	3	8	10	0	2452
20277	4	7	6	2616	0	2633
20278	8	0	2632	9	0	2649
20279	2538	2	3	7	0	2550
20280	2799	4	4	6	0	2813
20281	10	0	2	2808	0	2820
20282	9	0	1	2815	0	2825
20283	0	2859	3	11	0	2873
20284	2957	1	3	6	0	2967
20285	4	7	2	2964	0	2977
20286	9	0	1	3008	0	3018
20287	5	2	3095	13	0	3115
20288	2761	0	2	12	0	2775
20289	3015	0	5	2	0	3022
20290	8	3009	1	4	0	3022
20291	3	3	2898	4	0	2908
20292	5	3	2904	3	0	2915
20293	0	9	3	2826	0	2838
20294	3042	4	2	5	0	3053
20295	2	0	1	3008	0	3011
20296	3155	0	0	5	0	3160
20297	3166	1	1	2	0	3170
20298	3263	0	1	1	0	3265
20299	5	0	0	3270	0	3275
20300	6	0	1	3327	0	3334
20301	3325	2	2	12	0	3341
20302	5	1	3447	5	0	3458
20303	3037	1	3	4	0	3045
20304	3194	1	6	3	0	3204
20305	10	3	3434	1	0	3448
20306	7	4	3431	4	0	3446
20307	2	3430	8	3	0	3443
20308	1	2	5	3467	0	3475
20309	2728	21	5	17	0	2771
20310	3	1	1	3500	0	3505
20311	8	2	3565	1	0	3576
20312	0	3544	2	8	0	3554
20313	0	3519	7	2	0	3528
20314	2	8	0	3567	0	3577
20315	1	7	1	3474	0	3483
20316	0	3525	0	11	0	3536
20317	0	5	3479	13	0	3497
20318	3108	7	4	9	0	3128
20319	3608	1	6	2	0	3617
20320	8	3638	3	4	0	3653
20321	3522	2	9	4	0	3537
20322	3	13	0	3454	0	3470
20323	3468	0	1	5	0	3474
20324	2	0	1	3395	0	3398
20325	9	3616	4	2	0	3631
20326	2	3	3600	14	0	3619
20327	2	11	3	3866	0	3882
20328	2	0	11	3881	0	3894
20329	2	1	0	4089	0	4092
20330	4235	0	2	30	0	4267
20331	14	0	1	4296	0	4311
20332	23	5	4563	13	0	4604
20333	2	6	4703	22	0	4733
20334	4806	0	47	12	0	4865
20335	21	3	5137	4	0	5165
20336	4993	1	19	4	0	5017
20337	22	1	33	5687	0	5743
20338	36	2	3	5811	0	5852
20339	5	2	2	6203	0	6212
20340	2	1	3	6179	0	6185
20341	6049	1	2	85	0	6137
20342	37	2	6169	69	0	6277
20343	63	4	35	5871	0	5973
20344	6	6269	61	35	0	6371
20345	6177	32	4	57	0	6270
20346	40	62	0	6102	0	6204
20347	6076	4	2	41	0	6123
20348	43	3	6056	64	0	6166
20349	70	4	38	5630	0	5742
20350	5	5986	66	37	0	6094
20351	6018	35	6	61	0	6120
20352	36	63	6046	12	0	6157
20353	67	4	37	5877	0	5985
20354	11	2	65	6012	0	6090
20355	5943	1	10	103	0	6057
20356	48	2	5948	72	0	6070
20357	70	5	6008	9	0	6092
20358	11	1	103	5891	0	6006
20359	15	3	6056	41	0	6115
20360	13	3	6025	70	0	6111
20361	8	6	103	5844	0	5961
20362	13	7	69	5924	0	6013
20363	4	2	11	6228	0	6245
20364	6149	0	12	112	0	6273
20365	47	6248	10	78	0	6383
20366	6274	38	11	15	0	6338
20367	47	66	12	6148	0	6273
20368	69	6306	13	55	0	6443
20369	19	37	4	6450	0	6510
20370	6552	69	11	55	0	6687
20371	52	6896	11	91	0	7050
20372	76	49	9	7039	0	7173
20373	27	78	7117	66	0	7288
20374	6919	12	64	92	0	7087
20375	59	10	87	7019	0	7175
20376	90	8	12	7081	0	7191
20377	24	8	7001	143	0	7176
20378	19	14	6981	105	0	7119
20379	6619	8	132	27	0	6786
20380	69	6758	96	20	0	6943
20381	91	58	22	6710	0	6881
20382	6759	87	18	73	0	6937
20383	68	14	6813	91	0	6986
20384	94	6735	64	30	0	6923
20385	18	54	96	6700	0	6868
20386	6713	80	21	78	0	6892
20387	6523	9	17	113	0	6662
20388	6665	6	17	32	0	6720
20389	140	6591	29	30	0	6790
20390	93	59	6623	32	0	6807
20391	20	86	74	6603	0	6783
20392	34	17	97	6188	0	6336
20393	26	8	21	6706	0	6761
20394	31	15	17	6665	0	6728
20395	6558	14	21	158	0	6751
20396	6410	11	20	116	0	6557
20397	151	15	6342	31	0	6539
20398	99	19	6298	36	0	6452
20399	6106	9	141	41	0	6297
20400	6189	16	94	41	0	6340
20401	141	16	33	5953	0	6143
20402	104	6135	29	81	0	6349
20403	6024	60	30	102	0	6216
20404	69	6095	23	48	0	6235
20405	99	6035	25	50	0	6209
20406	35	126	23	6124	0	6308
20407	24	103	26	6164	0	6317
20408	29	22	28	6231	0	6310
20409	33	16	27	6227	0	6303
20410	39	23	6071	153	0	6286
20411	5880	13	78	111	0	6082
20412	6035	17	88	42	0	6182
20413	151	26	23	5863	0	6063
20414	113	16	28	5907	0	6064
20415	5890	23	27	159	0	6099
20416	79	20	5867	113	0	6079
20417	5895	15	69	52	0	6031
20418	5963	14	92	46	0	6115
20419	154	21	5882	43	0	6100
20420	5974	15	77	55	0	6121
20421	89	12	95	6036	0	6232
20422	98	20	35	6101	0	6254
20423	41	12	27	6127	0	6207
20424	47	11	21	6147	0	6226
20425	5781	12	30	148	0	5971
20426	91	17	27	5737	0	5872
20427	95	8	21	5319	0	5443
20428	29	5171	28	119	0	5347
20429	29	5234	23	92	0	5378
20430	27	105	21	5053	0	5206
20431	4985	67	15	70	0	5137
20432	61	19	12	4741	0	4833
20433	69	10	4410	69	0	4558
20434	25	14	4108	65	0	4212
20435	3938	6	80	26	0	4050
20436	55	4099	57	21	0	4232
20437	3496	38	31	22	0	3587
20438	44	35	3481	24	0	3584
20439	75	109	27	3057	0	3268
20440	3053	7	31	30	0	3121
20441	26	3050	9	45	0	3130
20442	2985	20	19	16	0	3040
20443	37	21	3232	13	0	3303
20444	39	8	17	3125	0	3189
20445	12	9	30	3205	0	3256
20446	3265	6	18	51	0	3340
20447	3238	4	22	27	0	3291
20448	3351	7	13	11	0	3382
20449	3366	14	4	13	0	3397
20450	3384	15	6	23	0	3428
20451	52	3421	9	24	0	3506
20452	37	24	16	3448	0	3525
20453	3539	30	11	39	0	3619
20454	32	11	3	3544	0	3590
20455	43	4	7	3558	0	3612
20456	31	2	5	3571	0	3609
20457	27	3517	9	40	0	3593
20458	3500	23	13	33	0	3569
20459	27	30	10	3494	0	3561
20460	3455	3	9	34	0	3501
20461	3354	2	5	48	0	3409
20462	47	3396	7	28	0	3478
20463	3347	16	6	31	0	3400
20464	38	32	3322	16	0	3408
20465	3212	7	29	10	0	3258
20466	29	26	48	3208	0	3311
20467	38	3	3371	20	0	3432
20468	18	3374	29	46	0	3467
20469	26	20	3358	13	0	3417
20470	12	3108	11	9	0	3140
20471	2838	37	32	12	0	2919
20472	2903	12	1	6	0	2922
20473	2817	1	1	1	0	2820
20474	7	2893	2	5	0	2907
20475	2850	3	1	3	0	2857
20476	4	10	2845	2	0	2861
20477	9	4	2908	7	0	2928
20478	3	8	13	2822	0	2846
20479	2	2	32	3004	0	3040
20480	0	3037	1	7	0	3045
20481	3069	1	0	9	0	3079
20482	1	7	0	3096	0	3104
20483	9	3094	0	4	0	3107
20484	1	2	0	3161	0	3164
20485	3136	8	0	4	0	3148
20486	3098	0	1	26	0	3125
20487	14	3	3052	1	0	3070
20488	10	1	2	3053	0	3066
20489	7	3	3107	7	0	3124
20490	1	2	3	3097	0	3103
20491	3	3	3138	8	0	3152
20492	1	0	6	3092	0	3099
20493	4	4	3186	9	0	3203
20494	0	2	5	3137	0	3144
20495	5	3	3307	10	0	3325
20496	3	1	7	3223	0	3234
20497	4	0	12	3343	0	3359
20498	2	3514	1	19	0	3536
20499	2	7	1	3581	0	3591
20500	4	15	3567	10	0	3596
20501	5	1	8	3526	0	3540
20502	2	0	15	3574	0	3591
20503	3598	0	3	20	0	3621
20504	7	3	1	3655	0	3666
20505	12	0	2	3633	0	3647
20506	1	10	3575	22	0	3608
20507	3407	2	5	22	0	3436
20508	6	2	14	3682	0	3704
20509	11	1	1	3681	0	3694
20510	1	2	3	3700	0	3706
20511	3719	0	1	20	0	3740
20512	8	0	1	3780	0	3789
20513	12	4	4	3772	0	3792
20514	3736	1	0	25	0	3762
20515	10	3758	6	17	0	3791
20516	11	10	2	3677	0	3700
20517	4	11	4	3721	0	3740
20518	3	3	3667	31	0	3704
20519	2723	4	13	38	0	2778
20520	9	2	11	3584	0	3606
20521	16	5	3477	11	0	3509
20522	3461	1	9	19	0	3490
20523	10	1	14	3682	0	3707
20524	12	3	1	3769	0	3785
20525	1	2	3	3805	0	3811
20526	6	0	2	3873	0	3881
20527	7	0	4134	35	0	4176
20528	6	2	21	4176	0	4205
20529	7	1	24	5177	0	5209
20530	8	4	6170	75	0	6257
20531	6315	1	78	57	0	6451
20532	6627	1	76	14	0	6718
20533	6707	1	17	6	0	6731
20534	176	2	6	6594	0	6778
20535	6728	1	1	88	0	6818
20536	6720	0	7	82	0	6809
20537	178	1	1	6732	0	6912
20538	6924	3	4	91	0	7022
20539	6821	2	2	92	0	6917
20540	6894	2	4	20	0	6920
20541	6958	2	1	14	0	6975
20542	185	1	4	6650	0	6840
20543	108	6512	4	89	0	6713
20544	27	6540	7	92	0	6666
20545	17	6707	9	28	0	6761
20546	6511	171	14	16	0	6712
20547	6681	102	4	12	0	6799
20548	174	25	6585	14	0	6798
20549	6633	12	82	16	0	6743
20550	120	4	85	6738	0	6947
20551	110	3	22	6736	0	6871
20552	36	0	9	6857	0	6902
20553	6603	2	7	198	0	6810
20554	101	5	7	6643	0	6756
20555	105	6527	14	129	0	6775
20556	41	81	7	6673	0	6802
20557	35	89	6676	110	0	6910
20558	22	26	85	6721	0	6854
20559	6681	15	90	115	0	6901
20560	117	12	6687	108	0	6924
20561	113	11	93	6628	0	6845
20562	49	10	90	6559	0	6708
20563	36	7	24	6658	0	6725
20564	35	6733	12	184	0	6964
20565	33	85	6	6817	0	6941
20566	6775	91	11	126	0	7003
20567	6667	20	18	122	0	6827
20568	210	17	6579	54	0	6860
20569	131	14	6633	32	0	6810
20570	54	13	167	6477	0	6711
20571	35	9	111	6698	0	6853
20572	42	15	6760	188	0	7005
20573	41	19	101	6082	0	6243
20574	32	6686	109	110	0	6937
20575	6821	86	36	116	0	7059
20576	6747	96	17	48	0	6908
20577	6791	19	10	43	0	6863
20578	231	17	6731	33	0	7012
20579	138	12	98	6669	0	6917
20580	64	20	6760	121	0	6965
20581	6343	20	103	126	0	6592
20582	106	6614	103	64	0	6887
20583	132	94	39	6549	0	6814
20584	6568	100	22	111	0	6801
20585	112	29	18	6597	0	6756
20586	122	18	30	6648	0	6818
20587	50	15	6617	216	0	6898
20588	6100	18	99	146	0	6363
20589	126	6541	114	67	0	6848
20590	136	86	31	6576	0	6829
20591	6587	97	21	117	0	6822
20592	138	29	13	6657	0	6837
20593	6573	23	21	137	0	6754
20594	143	6567	15	139	0	6864
20595	6663	87	14	56	0	6820
20596	148	103	6705	52	0	7008
20597	6671	30	99	47	0	6847
20598	6604	17	112	66	0	6799
20599	6705	14	52	51	0	6822
20600	251	31	26	6484	0	6792
20601	177	29	23	6360	0	6589
20602	96	31	18	6447	0	6592
20603	68	6429	22	226	0	6745
20604	6454	98	19	162	0	6733
20605	160	113	21	6400	0	6694
20606	158	29	28	6430	0	6645
20607	85	18	23	6532	0	6658
20608	6360	19	27	233	0	6639
20609	144	17	21	6469	0	6651
20610	151	25	6314	166	0	6656
20611	54	6328	100	191	0	6673
20612	58	106	103	6394	0	6661
20613	46	135	38	6500	0	6719
20614	46	46	31	6667	0	6790
20615	58	23	6428	243	0	6752
20616	62	18	6425	165	0	6670
20617	48	19	211	6399	0	6677
20618	65	24	6690	153	0	6932
20619	43	11	117	6759	0	6930
20620	6739	17	121	171	0	7048
20621	6921	14	41	195	0	7171
20622	6983	24	22	79	0	7108
20623	248	28	6773	67	0	7116
20624	6678	30	108	51	0	6867
20625	145	19	139	6837	0	7140
20626	160	8	6822	121	0	7111
20627	70	19	6644	138	0	6871
20628	49	6461	200	83	0	6793
20629	17	5545	117	43	0	5722
20630	4304	95	93	23	0	4515
20631	17	37	6	4141	0	4201
20632	30	4	4246	20	0	4300
20633	7	3	16	4227	0	4253
20634	4281	1	39	17	0	4338
20635	22	3	4828	38	0	4891
20636	4783	1	16	20	0	4820
20637	5072	1	41	6	0	5120
20638	5071	4	2	7	0	5084
20639	64	5098	4	8	0	5174
20640	5232	19	3	9	0	5263
20641	29	40	5	5214	0	5288
20642	46	6	5	5159	0	5216
20643	14	1	2	5261	0	5278
20644	13	3	3	5259	0	5278
20645	5107	3	5	68	0	5183
20646	19	5079	11	55	0	5164
20647	42	4917	1	17	0	4977
20648	17	5041	8	16	0	5082
20649	4981	62	15	11	0	5069
20650	4951	40	3	12	0	5006
20651	4974	3	6	12	0	4995
20652	4953	4	5	6	0	4968
20653	65	4	6	4923	0	4998
20654	39	6	12	4929	0	4986
20655	4952	3	10	65	0	5030
20656	28	4966	8	48	0	5050
20657	4905	25	3	14	0	4947
20658	4951	40	6	9	0	5006
20659	68	3	4	4885	0	4960
20660	55	4989	6	32	0	5082
20661	14	27	5	5133	0	5179
20662	4997	45	7	31	0	5080
20663	41	10	5176	46	0	5273
20664	57	13	29	4799	0	4898
20665	14	5122	45	30	0	5211
20666	5063	34	9	36	0	5142
20667	4832	45	10	20	0	4907
20668	70	9	5115	18	0	5212
20669	42	5030	29	19	0	5120
20670	17	29	5113	13	0	5172
20671	10	55	39	4781	0	4885
20672	15	11	4937	33	0	4996
20673	16	6	4821	38	0	4881
20674	16	4832	63	14	0	4925
20675	4757	34	35	10	0	4836
20676	4791	37	10	11	0	4849
20677	69	5011	8	19	0	5107
20678	49	4983	8	17	0	5057
20679	16	61	4754	16	0	4847
20680	19	41	4817	12	0	4889
20681	22	19	4932	17	0	4990
20682	16	7	59	4781	0	4863
20683	22	16	4931	41	0	5010
20684	13	18	27	4710	0	4768
20685	14	7	38	4755	0	4814
20686	21	13	4908	68	0	5010
20687	16	4878	36	49	0	4979
20688	18	36	39	4839	0	4932
20689	4716	41	10	41	0	4808
20690	43	11	6	4897	0	4957
20691	49	14	4945	39	0	5047
20692	20	4942	32	51	0	5045
20693	21	5145	42	13	0	5221
20694	22	71	14	4978	0	5085
20695	4971	40	8	50	0	5069
20696	4952	14	13	41	0	5020
20697	70	16	10	4876	0	4972
20698	54	5195	17	45	0	5311
20699	22	45	10	5216	0	5293
20700	20	51	7	5351	0	5429
20701	18	16	12	5403	0	5449
20702	5731	18	5	83	0	5837
20703	59	5748	11	66	0	5884
20704	5861	54	14	17	0	5946
20705	5880	65	10	24	0	5979
20706	5916	18	14	22	0	5970
20707	6107	8	16	24	0	6155
20708	117	10	14	5906	0	6047
20709	80	24	5958	64	0	6126
20710	25	6006	59	78	0	6168
20711	6131	63	71	29	0	6294
20712	6189	59	22	23	0	6293
20713	6322	22	8	16	0	6368
20714	124	20	6160	20	0	6324
20715	6070	13	57	18	0	6158
20716	6211	15	69	14	0	6309
20717	122	20	20	6171	0	6333
20718	71	25	5949	63	0	6108
20719	34	5846	58	74	0	6012
20720	35	64	62	5772	0	5933
20721	5698	69	24	60	0	5851
20722	71	14	11	5658	0	5754
20723	66	12	8	5749	0	5835
20724	5862	11	17	111	0	6001
20725	70	13	5896	68	0	6047
20726	5897	17	51	35	0	6000
20727	5846	11	67	19	0	5943
20728	5891	15	17	9	0	5932
20729	5902	12	10	21	0	5945
20730	130	9	5751	14	0	5904
20731	81	12	55	5634	0	5782
20732	33	12	5802	60	0	5907
20733	59	18	62	5633	0	5772
20734	25	13	5674	66	0	5778
20735	4815	6	77	71	0	4969
20736	60	4941	56	26	0	5083
20737	64	4989	22	11	0	5086
20738	26	83	22	5143	0	5274
20739	27	68	18	5122	0	5235
20740	14	5511	6	98	0	5629
20741	5580	61	9	62	0	5712
20742	5929	62	7	20	0	6018
20743	6165	8	13	9	0	6195
20744	6479	8	7	9	0	6503
20745	156	10	3	6390	0	6559
20746	113	8	10	6552	0	6683
20747	6624	10	9	160	0	6803
20748	100	3	8	6617	0	6728
20749	110	7	6490	89	0	6696
20750	33	11	6440	101	0	6585
20751	27	7	158	6525	0	6717
20752	35	8	6590	82	0	6715
20753	6370	7	89	95	0	6561
20754	91	13	92	6476	0	6672
20755	6554	6	24	86	0	6670
20756	99	9	6583	97	0	6788
20757	113	8	82	6521	0	6724
20758	31	11	6771	101	0	6914
20759	31	6693	96	105	0	6925
20760	6591	93	106	24	0	6814
20761	6564	86	25	25	0	6700
20762	174	6553	19	15	0	6761
20763	6522	82	9	23	0	6636
20764	109	89	9	6393	0	6600
20765	116	17	11	6472	0	6616
20766	6384	14	9	177	0	6584
20767	100	6317	13	116	0	6546
20768	119	6387	11	29	0	6546
20769	44	169	14	6266	0	6493
20770	6215	99	10	97	0	6421
20771	6292	20	15	100	0	6427
20772	6336	9	18	27	0	6390
20773	215	17	6191	26	0	6449
20774	133	14	6162	32	0	6341
20775	45	6134	188	28	0	6395
20776	6098	92	108	27	0	6325
20777	121	104	23	5884	0	6132
20778	6037	18	20	97	0	6172
20779	5996	16	25	104	0	6141
20780	206	8	27	5866	0	6107
20781	138	22	5981	103	0	6244
20782	5948	10	97	112	0	6167
20783	127	8	104	5974	0	6213
20784	136	20	6011	106	0	6273
20785	5870	18	98	117	0	6103
20786	5997	14	101	45	0	6157
20787	202	9	29	5927	0	6167
20788	139	12	5952	117	0	6220
20789	59	18	94	5593	0	5764
20790	51	5921	107	112	0	6191
20791	65	91	5911	121	0	6188
20792	54	6084	100	34	0	6272
20793	5889	92	108	32	0	6121
20794	5945	95	32	33	0	6105
20795	5996	15	32	28	0	6071
20796	5957	13	31	31	0	6032
20797	215	17	30	5725	0	5987
20798	5571	11	31	97	0	5710
20799	119	14	24	5503	0	5660
20800	5345	5	26	109	0	5485
20801	109	5302	28	113	0	5552
20802	101	88	16	4697	0	4902
20803	40	4935	22	76	0	5073
20804	4834	84	14	82	0	5014
20805	4786	76	21	19	0	4902
20806	156	4725	27	39	0	4947
20807	99	78	15	4578	0	4770
20808	41	76	4546	90	0	4753
20809	43	32	68	4505	0	4648
20810	36	24	4526	83	0	4669
20811	40	26	71	3961	0	4098
20812	31	4248	84	63	0	4426
20813	4167	68	23	75	0	4333
20814	4201	68	17	34	0	4320
20815	141	21	21	4125	0	4308
20816	4329	16	18	75	0	4438
20817	95	19	14	4277	0	4405
20818	95	12	16	4285	0	4408
20819	39	13	20	4364	0	4436
20820	4277	11	12	140	0	4440
20821	4289	8	17	89	0	4403
20822	4338	9	13	34	0	4394
20823	148	4155	21	17	0	4341
20824	4127	74	9	22	0	4232
20825	86	3984	15	26	0	4111
20826	4012	75	20	20	0	4127
20827	107	72	9	3889	0	4077
20828	113	10	15	3969	0	4107
20829	3912	21	15	139	0	4087
20830	3910	12	23	73	0	4018
20831	149	3908	19	26	0	4102
20832	3886	78	7	25	0	3996
20833	98	63	19	3773	0	3953
20834	93	18	4	3853	0	3968
20835	3781	17	10	132	0	3940
20836	88	13	3778	86	0	3965
20837	88	3638	70	19	0	3815
20838	48	67	59	3312	0	3486
20839	35	51	3103	60	0	3249
20840	39	74	55	2907	0	3075
20841	2854	4	56	59	0	2973
20842	60	2567	9	52	0	2688
20843	49	2362	10	9	0	2430
20844	10	2119	6	18	0	2153
20845	22	87	39	1914	0	2062
20846	1921	22	48	38	0	2029
20847	27	2	3	1870	0	1902
20848	1883	4	1	28	0	1916
20849	1885	1	1	16	0	1903
20850	48	0	2	1870	0	1920
20851	1903	4	3	32	0	1942
20852	32	0	1	1942	0	1975
20853	20	2	1990	27	0	2039
20854	1909	5	27	23	0	1964
20855	32	1	2251	5	0	2289
20856	2066	3	18	4	0	2091
20857	25	3	2128	7	0	2163
20858	24	4	12	1901	0	1941
20859	3	2	17	1992	0	2014
20860	2032	3	1	33	0	2069
20861	15	2	1	2100	0	2118
20862	2078	1	7	14	0	2100
20863	13	2078	1	23	0	2115
20864	2172	14	0	6	0	2192
20865	17	20	2	2255	0	2294
20866	24	3	0	2277	0	2304
20867	5	5	0	2295	0	2305
20868	4	1	0	2305	0	2310
20869	5	2	2246	38	0	2291
20870	8	2	2255	27	0	2292
20871	9	1	31	2198	0	2239
20872	7	3	2315	17	0	2342
20873	7	2277	12	25	0	2321
20874	7	19	20	2267	0	2313
20875	5	26	2364	15	0	2410
20876	10	6	2385	23	0	2424
20877	4	8	37	2370	0	2419
20878	2	5	27	2336	0	2370
20879	5	2437	6	42	0	2490
20880	2	12	6	2478	0	2498
20881	8	31	2475	14	0	2528
20882	2345	3	12	34	0	2394
20883	16	6	32	2491	0	2545
20884	2554	3	3	18	0	2578
20885	2538	4	1	35	0	2578
20886	2594	3	9	10	0	2616
20887	54	3	2619	4	0	2680
20888	35	2	2559	10	0	2606
20889	2348	3	43	13	0	2407
20890	23	0	2674	10	0	2707
20891	35	3	18	2493	0	2549
20892	10	2	32	2540	0	2584
20893	7	12	2576	46	0	2641
20894	5	2576	15	41	0	2637
20895	2520	13	34	7	0	2574
20896	14	2610	10	12	0	2646
20897	37	2641	8	13	0	2699
20898	2623	41	11	7	0	2682
20899	17	34	2723	13	0	2787
20900	37	6	2737	14	0	2794
20901	9	3	50	2629	0	2691
20902	2674	2	36	27	0	2739
20903	20	2736	7	37	0	2800
20904	2767	20	3	12	0	2802
20905	26	34	2942	13	0	3015
20906	35	3160	23	11	0	3229
20907	8	24	34	3266	0	3332
20908	12	33	3327	37	0	3409
20909	5	3	30	3296	0	3334
20910	9	4	44	3120	0	3177
20911	8	2	12	3382	0	3404
20912	11	1	8	3394	0	3414
20913	3334	3	11	66	0	3414
20914	3292	6	8	55	0	3361
20915	68	3	3420	15	0	3506
20916	3184	4	31	8	0	3227
20917	28	3300	46	16	0	3390
20918	3331	22	10	6	0	3369
20919	32	42	3346	8	0	3428
20920	46	12	29	3287	0	3374
20921	8	3	3414	26	0	3451
20922	13	7	3368	49	0	3437
20923	11	2	63	3267	0	3343
20924	9	6	45	3325	0	3385
20925	14	6	3328	66	0	3414
20926	9	3286	33	40	0	3368
20927	9	3385	49	8	0	3451
20928	10	62	11	3380	0	3463
20929	3303	44	8	31	0	3386
20930	31	3481	9	50	0	3571
20931	44	24	3525	14	0	3607
20932	9	43	3496	13	0	3561
20933	6	11	3563	12	0	3592
20934	14	8	64	3333	0	3419
20935	3452	4	44	33	0	3533
20936	31	3441	14	45	0	3531
20937	51	28	3388	17	0	3484
20938	12	3448	34	14	0	3508
20939	8	38	51	3393	0	3490
20940	17	40	3455	37	0	3549
20941	12	3499	33	44	0	3588
20942	11	24	46	3378	0	3459
20943	8	42	13	3551	0	3614
20944	15	6	3617	64	0	3702
20945	7	10	41	3406	0	3464
20946	10	3565	51	38	0	3664
20947	14	29	3560	50	0	3653
20948	3409	43	29	19	0	3500
20949	34	12	43	3560	0	3649
20950	48	6	17	3461	0	3532
20951	13	3590	20	63	0	3686
20952	3497	22	18	48	0	3585
20953	39	41	3429	14	0	3523
20954	3290	13	29	24	0	3356
20955	34	17	43	3155	0	3249
20956	34	3296	17	26	0	3373
20957	9	24	19	3302	0	3354
20958	8	35	20	3433	0	3496
20959	3393	11	10	61	0	3475
20960	3394	5	12	50	0	3461
20961	59	5	11	3467	0	3542
20962	44	7	3468	34	0	3553
20963	3087	11	32	49	0	3179
20964	24	3441	42	19	0	3526
20965	44	31	18	3376	0	3469
20966	17	48	8	3454	0	3527
20967	10	17	10	3501	0	3538
20968	11	7	3460	65	0	3543
20969	5	12	35	3338	0	3390
20970	7	3449	55	39	0	3550
20971	9	31	15	3350	0	3405
20972	15	3457	19	25	0	3516
20973	9	27	16	3449	0	3501
20974	9	50	3397	42	0	3498
20975	2952	14	30	45	0	3041
20976	34	18	39	3294	0	3385
20977	33	11	3234	27	0	3305
20978	9	3213	31	37	0	3290
20979	3152	24	34	14	0	3224
20980	25	24	3165	15	0	3229
20981	3009	13	45	17	0	3084
20982	24	9	29	3139	0	3201
20983	32	8	8	3102	0	3150
20984	4	3245	14	44	0	3307
20985	3208	20	6	32	0	3266
20986	3130	29	5	17	0	3181
20987	47	3348	7	13	0	3415
20988	31	26	8	3390	0	3455
20989	11	30	7	3390	0	3438
20990	5	8	10	3405	0	3428
20991	10	7	3325	57	0	3399
20992	3084	8	23	46	0	3161
20993	25	8	33	3318	0	3384
20994	30	5	9	3349	0	3393
20995	9	11	3310	54	0	3384
20996	11	7	3271	39	0	3328
20997	6	8	47	3330	0	3391
20998	4	10	3404	35	0	3453
20999	3104	2	33	31	0	3170
21000	29	4	33	3303	0	3369
21001	35	7	5	3362	0	3409
21002	5	10	3497	63	0	3575
21003	9	6	23	3465	0	3503
21004	9	6	3516	40	0	3571
21005	2	3349	38	45	0	3434
21006	3009	29	85	19	0	3142
21007	2946	26	2	7	0	2981
21008	37	3010	9	5	0	3061
21009	27	18	3	3037	0	3085
21010	9	27	3077	17	0	3130
21011	6	5	15	3061	0	3087
21012	3033	5	32	20	0	3090
21013	15	3091	6	30	0	3142
21014	3075	11	6	8	0	3100
21015	15	24	4	3004	0	3047
21016	3041	6	1	15	0	3063
21017	16	3007	3	33	0	3059
21018	3064	12	4	7	0	3087
21019	17	25	2954	3	0	2999
21020	28	3022	13	3	0	3066
21021	20	18	23	2994	0	3055
21022	3236	21	2	13	0	3272
21023	3219	2	3	20	0	3244
21024	40	5	3	3206	0	3254
21025	3306	0	1	21	0	3328
21026	3258	1	3	29	0	3291
21027	3314	1	0	5	0	3320
21028	40	1	1	3261	0	3303
21029	34	2	3288	16	0	3340
21030	7	5	3140	25	0	3177
21031	7	3	3186	4	0	3200
21032	3098	0	42	3	0	3143
21033	13	0	30	3148	0	3191
21034	27	3285	4	16	0	3332
21035	10	15	3	3160	0	3188
21036	4	3396	2	15	0	3417
21037	3419	16	0	28	0	3463
21038	15	30	1	3463	0	3509
21039	30	2	1	3544	0	3577
21040	3557	4	2	45	0	3608
21041	21	1	1	3592	0	3615
21042	33	0	0	3643	0	3676
21043	3664	3	1	54	0	3722
21044	27	1	3794	36	0	3858
21045	37	4	22	3749	0	3812
21046	11	1	3806	32	0	3850
21047	3605	3	28	39	0	3675
21048	24	2	41	3796	0	3863
21049	3794	1	7	28	0	3830
21050	29	4	4	3821	0	3858
21051	43	2	3987	32	0	4064
21052	5	3	25	4021	0	4054
21053	4071	2	41	32	0	4146
21054	23	4199	6	45	0	4273
21055	46	26	4156	6	0	4234
21056	3852	36	22	8	0	3918
21057	25	4176	37	10	0	4248
21058	36	4081	10	8	0	4135
21059	3	4322	7	42	0	4374
21060	26	59	3	4448	0	4536
21061	4613	35	5	31	0	4684
21062	4706	3	4	37	0	4750
21063	66	3	4718	10	0	4797
21064	4567	2	33	5	0	4607
21065	32	4606	42	5	0	4685
21066	41	36	7	4546	0	4630
21067	4858	36	1	31	0	4926
21068	4861	4	3	44	0	4912
21069	4934	3	3	5	0	4945
21070	4876	2	1	7	0	4886
21071	4904	1	6	4	0	4915
21072	69	3	3	4859	0	4934
21073	49	4	4876	35	0	4964
21074	11	4	31	4883	0	4929
21075	11	4	38	4904	0	4957
21076	4891	5	3	67	0	4966
21077	30	4830	9	44	0	4913
21078	4903	32	4	8	0	4947
21079	4944	43	4	8	0	4999
21080	5084	5	4	11	0	5104
21081	5195	1	7	11	0	5214
21082	83	5	5178	5	0	5271
21083	5098	5	30	16	0	5149
21084	5149	2	49	6	0	5206
21085	4741	9	7	12	0	4769
21086	5185	2	8	10	0	5205
21087	83	3	4	4962	0	5052
21088	59	1	4875	36	0	4971
21089	4740	6	26	50	0	4822
21090	39	4911	47	20	0	5017
21091	55	30	8	4714	0	4807
21092	15	5013	7	41	0	5076
21093	14	23	11	5044	0	5092
21094	5102	39	6	38	0	5185
21095	5079	11	6	49	0	5145
21096	5122	7	6	14	0	5149
21097	87	14	4887	29	0	5017
21098	4838	10	32	8	0	4888
21099	46	2	4936	13	0	4997
21100	56	9	4846	8	0	4919
21101	23	9	4984	9	0	5025
21102	31	11	73	4520	0	4635
21103	23	10	41	4735	0	4809
21104	23	4	9	4770	0	4806
21105	22	4	6	4828	0	4860
21106	21	4	10	4735	0	4770
21107	18	6	8	4718	0	4750
21108	21	4833	12	66	0	4932
21109	4714	28	8	44	0	4794
21110	36	4925	8	23	0	4992
21111	53	29	6	4942	0	5030
21112	18	45	2	5005	0	5070
21113	4973	7	9	66	0	5055
21114	47	4976	7	45	0	5075
21115	5025	28	8	19	0	5080
21116	50	37	6	4998	0	5091
21117	61	11	13	4986	0	5071
21118	25	9	11	5021	0	5066
21119	28	6	4991	69	0	5094
21120	30	5	34	4973	0	5042
21121	28	16	4948	34	0	5026
21122	25	7	4694	46	0	4772
21123	30	9	5043	17	0	5099
21124	22	13	50	4924	0	5009
21125	20	8	54	5076	0	5158
21126	20	4	11	5159	0	5194
21127	5198	9	7	65	0	5279
21128	47	11	6	5438	0	5502
21129	5544	9	13	34	0	5600
21130	46	5550	10	61	0	5667
21131	5991	30	11	32	0	6064
21132	6163	47	13	24	0	6247
21133	93	6497	13	26	0	6629
21134	6560	35	12	15	0	6622
21135	6452	60	6	10	0	6528
21136	6609	7	3	23	0	6642
21137	6583	7	8	18	0	6616
21138	115	15	6490	20	0	6640
21139	81	6433	38	11	0	6563
21140	36	33	60	6367	0	6496
21141	6325	47	13	41	0	6426
21142	44	9	6304	63	0	6420
21143	53	6202	37	24	0	6316
21144	35	24	51	5760	0	5870
21145	22	6166	4	34	0	6226
21146	24	22	11	6133	0	6190
21147	20	49	17	6215	0	6301
21148	21	16	6245	69	0	6351
21149	26	9	6117	56	0	6208
21150	5400	10	71	24	0	5505
21151	39	8	6126	18	0	6191
21152	70	3	6087	15	0	6175
21153	21	28	69	5804	0	5922
21154	30	16	47	5760	0	5853
21155	26	6038	18	70	0	6152
21156	18	6452	21	51	0	6542
21157	23	71	6574	14	0	6682
21158	19	82	51	6677	0	6829
21159	20	9	6769	44	0	6842
21160	22	12	6295	60	0	6389
21161	10	6318	79	22	0	6429
21162	22	30	64	6030	0	6146
21163	6120	49	19	33	0	6221
21164	31	10	8	6122	0	6171
21165	6173	5	11	32	0	6221
21166	6047	13	8	54	0	6122
21167	6150	5	8	25	0	6188
21168	85	10	6134	10	0	6239
21169	6055	7	31	12	0	6105
21170	40	5	54	6294	0	6393
21171	6432	5	14	34	0	6485
21172	6372	10	10	63	0	6455
21173	88	6375	10	17	0	6490
21174	6425	31	13	11	0	6480
21175	46	59	6450	13	0	6568
21176	6178	9	53	9	0	6249
21177	6291	6	60	6	0	6363
21178	78	6398	21	14	0	6511
21179	6318	38	9	12	0	6377
21180	42	53	17	6107	0	6219
21181	63	10	14	6020	0	6107
21182	19	6053	21	86	0	6179
21183	11	37	9	6204	0	6261
21184	16	53	13	6195	0	6277
21185	14	19	6156	91	0	6280
21186	23	8	6049	64	0	6144
21187	5637	14	85	25	0	5761
21188	6055	4	66	19	0	6144
21189	95	7	15	6073	0	6190
21190	71	7	6132	44	0	6254
21191	26	6082	44	61	0	6213
21192	27	35	60	6082	0	6204
21193	29	59	6109	39	0	6236
21194	5583	14	46	78	0	5721
21195	54	11	62	6103	0	6230
21196	70	6333	24	44	0	6471
21197	31	40	17	6386	0	6474
21198	24	59	21	6453	0	6557
21199	31	17	14	6526	0	6588
21200	6444	14	14	119	0	6591
21201	57	14	23	6430	0	6524
21202	6511	16	17	61	0	6605
21203	6390	18	13	81	0	6502
21204	119	13	6501	37	0	6670
21205	90	6524	51	28	0	6693
21206	40	56	70	5673	0	5839
21207	29	6748	25	48	0	6850
21208	6806	61	15	69	0	6951
21209	65	69	23	6799	0	6956
21210	95	20	6787	88	0	6990
21211	41	12	6715	80	0	6848
21212	21	14	6789	32	0	6856
21213	6355	13	121	26	0	6515
21214	55	6775	89	33	0	6952
21215	6700	55	34	12	0	6801
21216	68	6849	32	30	0	6979
21217	100	60	17	6693	0	6870
21218	42	76	18	6511	0	6647
21219	34	6856	18	116	0	7024
21220	40	53	6786	97	0	6976
21221	30	6973	54	46	0	7103
21222	6648	57	84	42	0	6831
21223	66	72	30	6483	0	6651
21224	90	24	6517	73	0	6704
21225	35	23	6524	85	0	6667
21226	42	18	113	6379	0	6552
21227	32	21	6448	62	0	6563
21228	30	20	6118	87	0	6255
21229	5520	12	123	28	0	5683
21230	60	5915	77	23	0	6075
21231	5474	37	25	30	0	5566
21232	62	66	5517	22	0	5667
21233	73	5336	56	18	0	5483
21234	28	5277	70	23	0	5398
21235	52	106	83	5127	0	5368
21236	20	65	25	5215	0	5325
21237	21	24	11	5416	0	5472
21238	22	14	5374	121	0	5531
21239	11	15	54	5360	0	5440
21240	27	9	71	5453	0	5560
21241	5405	12	15	125	0	5557
21242	60	5397	17	84	0	5558
21243	83	50	13	5457	0	5603
21244	5422	72	13	65	0	5572
21245	5335	19	15	81	0	5450
21246	117	21	17	5340	0	5495
21247	74	16	5339	75	0	5504
21248	26	17	56	5343	0	5442
21249	17	11	5357	75	0	5460
21250	5226	10	79	81	0	5396
21251	5793	11	78	31	0	5913
21252	130	15	27	6033	0	6205
21253	95	21	6093	84	0	6293
21254	27	6323	80	95	0	6525
21255	30	80	6494	26	0	6630
21256	45	215	80	5168	0	5508
21257	20	5978	103	67	0	6168
21258	5602	62	12	75	0	5751
21259	68	82	8	5313	0	5471
21260	79	5572	16	60	0	5727
21261	5594	66	17	85	0	5762
21262	70	82	9	5443	0	5604
21263	81	5624	8	70	0	5783
21264	20	67	10	5719	0	5816
21265	34	90	5613	68	0	5805
21266	5277	14	71	91	0	5453
21267	5447	8	85	25	0	5565
21268	140	15	5381	15	0	5551
21269	93	5349	72	14	0	5528
21270	5333	67	87	12	0	5499
21271	69	85	15	5251	0	5420
21272	87	17	7	5252	0	5363
21273	15	13	16	5359	0	5403
21274	12	11	12	5328	0	5363
21275	12	15	12	5311	0	5350
21276	5156	7	19	153	0	5335
21277	5221	10	13	101	0	5345
21278	143	10	14	5172	0	5339
21279	95	9	16	5226	0	5346
21280	22	14	5131	151	0	5318
21281	19	14	5133	98	0	5264
21282	4962	13	144	22	0	5141
21283	70	15	91	5007	0	5183
21284	98	12	4999	75	0	5184
21285	24	12	63	5044	0	5143
21286	4975	10	90	84	0	5159
21287	5077	11	17	91	0	5196
21288	144	9	15	5014	0	5182
21289	92	11	17	5086	0	5206
21290	5027	11	15	145	0	5198
21291	79	9	14	4977	0	5079
21292	94	5038	16	81	0	5229
21293	25	79	14	5026	0	5144
21294	21	85	15	5015	0	5136
21295	22	16	4892	148	0	5078
21296	26	14	4697	102	0	4839
21297	13	4708	135	40	0	4896
21298	4525	67	99	19	0	4710
21299	4474	82	13	25	0	4594
21300	4557	16	11	29	0	4613
21301	139	4451	17	26	0	4633
21302	91	4467	13	35	0	4606
21303	4305	118	13	25	0	4461
21304	60	4437	20	42	0	4559
21305	79	66	4299	30	0	4474
21306	26	4328	59	30	0	4443
21307	23	82	4234	27	0	4366
21308	3943	74	72	28	0	4117
21309	4047	19	73	36	0	4175
21310	130	4024	23	30	0	4207
21311	4165	58	11	28	0	4262
21312	4521	74	14	33	0	4642
21313	4584	23	22	32	0	4661
21314	154	14	14	4480	0	4662
21315	4573	12	19	78	0	4682
21316	91	17	4431	103	0	4642
21317	4425	19	70	32	0	4546
21318	97	17	81	4371	0	4566
21319	109	14	4331	88	0	4542
21320	44	18	4375	95	0	4532
21321	30	24	142	4298	0	4494
21322	27	15	91	4366	0	4499
21323	4350	17	23	154	0	4544
21324	89	16	18	4377	0	4500
21325	101	15	4315	97	0	4528
21326	38	19	67	4173	0	4297
21327	36	4363	81	95	0	4575
21328	4327	62	25	97	0	4511
21329	86	77	22	4305	0	4490
21330	99	25	4314	86	0	4524
21331	34	4284	73	108	0	4499
21332	4005	56	84	37	0	4182
21333	78	73	27	3973	0	4151
21334	105	19	4026	70	0	4220
21335	36	3944	58	94	0	4132
21336	3856	60	87	38	0	4041
21337	3752	61	25	28	0	3866
21338	3818	15	15	34	0	3882
21339	127	6	15	3717	0	3865
21340	85	10	22	3737	0	3854
21341	3693	9	19	122	0	3843
21342	72	3685	13	92	0	3862
21343	3732	42	11	39	0	3824
21344	67	63	20	3652	0	3802
21345	3747	16	20	67	0	3850
21346	69	12	13	3676	0	3770
21347	83	13	19	3663	0	3778
21348	40	11	20	3722	0	3793
21349	37	22	13	3765	0	3837
21350	30	15	3477	119	0	3641
21351	30	10	3017	66	0	3123
21352	2548	6	62	25	0	2641
21353	44	6	2717	17	0	2784
21354	22	5	2288	11	0	2326
21355	2048	6	54	5	0	2113
21356	2164	1	27	7	0	2199
21357	42	1	8	2300	0	2351
21358	2342	2	9	21	0	2374
21359	23	2378	10	19	0	2430
21360	2419	16	5	11	0	2451
21361	2393	16	5	8	0	2422
21362	2474	8	4	10	0	2496
21363	44	8	4	2425	0	2481
21364	30	2409	2	28	0	2469
21365	13	2479	7	23	0	2522
21366	2468	28	8	5	0	2509
21367	2486	25	4	13	0	2528
21368	37	3	7	2442	0	2489
21369	18	8	8	2414	0	2448
21370	12	2453	12	28	0	2505
21371	2413	19	5	24	0	2461
21372	34	13	2455	15	0	2517
21373	25	6	17	2394	0	2442
21374	16	4	16	2474	0	2510
21375	11	4	2491	38	0	2544
21376	12	7	21	2391	0	2431
21377	12	2263	18	25	0	2318
21378	11	21	7	2461	0	2500
21379	14	12	7	2457	0	2490
21380	10	2417	6	39	0	2472
21381	15	2500	6	25	0	2546
21382	7	33	4	2481	0	2525
21383	2468	15	6	27	0	2516
21384	21	9	6	2517	0	2553
21385	19	7	9	2526	0	2561
21386	13	2631	9	38	0	2691
21387	17	17	9	2637	0	2680
21388	13	15	9	2631	0	2668
21389	13	4	8	2657	0	2682
21390	2640	5	3	42	0	2690
21391	29	4	5	2663	0	2701
21392	26	5	3	2628	0	2662
21393	12	13	5	2644	0	2674
21394	19	5	2539	39	0	2602
21395	2225	8	14	31	0	2278
21396	32	2633	13	17	0	2695
21397	2646	13	9	16	0	2684
21398	24	19	5	2622	0	2670
21399	24	12	2590	26	0	2652
21400	2356	12	22	24	0	2414
21401	30	8	3091	14	0	3143
21402	33	3	21	3020	0	3077
21403	3209	4	30	26	0	3269
21404	3170	3	9	32	0	3214
21405	3330	6	7	7	0	3350
21406	46	6	6	3309	0	3367
21407	33	0	6	3379	0	3418
21408	13	13	5	3378	0	3409
21409	14	3340	5	42	0	3401
21410	11	3322	7	28	0	3368
21411	11	3266	6	15	0	3298
21412	2	3069	1	3	0	3075
21413	0	8	9	3022	0	3039
21414	3	6	0	3054	0	3063
21415	3021	1	0	11	0	3033
21416	2968	1	3	6	0	2978
21417	3028	0	0	4	0	3032
21418	9	1	1	3090	0	3101
21419	7	2	1	3138	0	3148
21420	3093	1	1	11	0	3106
21421	2999	3	3	6	0	3011
21422	11	1	3080	4	0	3096
21423	8	2	2989	10	0	3009
21424	5	5	3075	4	0	3089
21425	7	4	3207	2	0	3220
21426	5	2	8	3146	0	3161
21427	3169	4	5	6	0	3184
21428	12	3192	0	18	0	3222
21429	5	8	1	3281	0	3295
21430	4	7	3320	10	0	3341
21431	3	3541	4	12	0	3560
21432	5	6	6	3564	0	3581
21433	5	9	3596	9	0	3619
21434	4	1	5	3510	0	3520
21435	5	1	5	3659	0	3670
21436	3655	0	2	12	0	3669
21437	7	2	0	3688	0	3697
21438	9	1	3763	8	0	3781
21439	6	0	6	3714	0	3726
21440	3	4108	10	6	0	4127
21441	3	4	2	4305	0	4314
21442	2	4	4	4364	0	4374
21443	1	0	3	4333	0	4337
21444	4407	2	1	14	0	4424
21445	4388	1	3	8	0	4400
21446	4469	1	1	7	0	4478
21447	4466	2	3	3	0	4474
21448	12	7	4471	7	0	4497
21449	4236	3	8	9	0	4256
21450	4460	1	6	6	0	4473
21451	11	9	4483	4	0	4507
21452	8	6	4714	8	0	4736
21453	3	0	9	4693	0	4705
21454	4	4848	11	6	0	4869
21455	4935	4	1	12	0	4952
21456	5055	8	1	5	0	5069
21457	5060	1	1	16	0	5078
21458	18	1	3	5002	0	5024
21459	13	5302	3	4	0	5322
21460	5473	3	5	17	0	5498
21461	5495	7	5	5	0	5512
21462	14	1	2	5462	0	5479
21463	12	3	5422	10	0	5447
21464	5303	4	6	12	0	5325
21465	7	1	11	5605	0	5624
21466	5735	0	3	8	0	5746
21467	8	1	4	5799	0	5812
21468	12	8	5840	11	0	5871
21469	6075	1	5	20	0	6101
21470	7	6	7	6372	0	6392
21471	10	6	2	6425	0	6443
21472	3	3	4	6460	0	6470
21473	3	4	1	6431	0	6439
21474	6502	3	2	19	0	6526
21475	6	2	3	6460	0	6471
21476	17	6494	3	19	0	6533
21477	6	6	3	6560	0	6575
21478	6	6691	3	15	0	6715
21479	4	9	1	6824	0	6838
21480	5	11	2	6870	0	6888
21481	5	6862	4	24	0	6895
21482	3	4	1	6936	0	6944
21483	4	13	2	6886	0	6905
21484	6811	1	3	20	0	6835
21485	8	9	6994	20	0	7031
21486	20	2	8	7101	0	7131
21487	7188	1	19	16	0	7224
21488	7106	4	4	26	0	7140
21489	7191	0	4	6	0	7201
21490	32	7	7251	8	0	7298
21491	31	7	7383	6	0	7427
21492	10	42	34	7419	0	7505
21493	7653	4	24	19	0	7700
21494	16	4	7649	32	0	7701
21495	7164	3	16	15	0	7198
21496	17	7733	25	14	0	7789
21497	22	13	3	8055	0	8093
21498	10	23	1	8302	0	8336
21499	8428	4	2	36	0	8470
21500	14	1	11	8508	0	8534
21501	8283	3	1	26	0	8313
21502	8459	2	1	37	0	8499
21503	37	1	2	8395	0	8435
21504	31	2	2	8458	0	8493
21505	8495	1	4	45	0	8545
21506	26	11	9039	34	0	9110
21507	8788	1	15	23	0	8827
21508	27	6	9701	6	0	9740
21509	9661	1	18	18	0	9698
21510	10538	2	24	22	0	10586
21511	10469	4	8	4	0	10485
21512	10305	0	1	14	0	10320
21513	42	10481	10	11	0	10544
21514	10680	21	5	13	0	10719
21515	10692	28	5	14	0	10739
21516	51	11509	5	13	0	11578
21517	11576	22	6	15	0	11619
21518	32	39	11401	9	0	11481
21519	11071	8	20	19	0	11118
21520	38	25	11641	18	0	11722
21521	42	2	25	11491	0	11560
21522	16	2	31	11767	0	11816
21523	22	9	11880	63	0	11974
21524	11	3	23	11693	0	11730
21525	30	44	62	10048	0	10184
21526	12437	3	8	76	0	12524
21527	33	3	5	12570	0	12611
21528	48	6	6	12626	0	12686
21529	18	2	6	12689	0	12715
21530	10	12550	12	83	0	12655
21531	15	31	3	12577	0	12626
21532	12497	41	6	42	0	12586
21533	46	14	12777	60	0	12897
21534	52	1	40	12873	0	12966
21535	28	14	13002	56	0	13100
21536	12314	4	51	69	0	12438
21537	58	4	50	13472	0	13584
21538	75	19	16620	63	0	16777
21539	18	4	130	16612	0	16764
21540	14	3	151	16365	0	16533
21541	16	16786	44	280	0	17126
21542	18	132	17	17254	0	17421
21543	15	153	11	18129	0	18308
21544	20	46	18133	341	0	18540
21545	21	19	167	17998	0	18205
21546	15	11	170	18364	0	18560
21547	18064	6	45	351	0	18466
21548	17809	7	30	222	0	18068
21549	323	18157	28	89	0	18597
21550	18412	162	19	59	0	18652
21551	18172	178	19	48	0	18417
21552	341	19588	21	61	0	20011
21553	221	188	16	19394	0	19819
21554	19614	180	19	200	0	20013
21555	19644	46	12	223	0	19925
21556	19370	23	19	89	0	19501
21557	361	19409	25	85	0	19880
21558	240	182	19840	60	0	20322
21559	19851	181	178	56	0	20266
21560	20198	48	185	47	0	20478
21561	393	20591	56	49	0	21089
21562	20631	216	20	50	0	20917
21563	20689	218	22	50	0	20979
21564	439	54	21	20610	0	21124
21565	307	49	21046	238	0	21640
21566	93	46	197	21364	0	21700
21567	84	25	219	21385	0	21713
21568	81	18	69	21784	0	21952
21569	89	41	21117	484	0	21731
21570	64	32	232	20501	0	20829
21571	72	32	255	21178	0	21537
21572	84	24	62	21430	0	21600
21573	71	28	27	21492	0	21618
21574	56	26	43	21428	0	21553
21575	65	21252	47	591	0	21955
21576	72	205	24	21623	0	21924
21577	48	233	34	22291	0	22606
21578	57	68	21881	519	0	22525
21579	64	35	246	23608	0	23953
21580	71	32	241	23952	0	24296
21581	64	26	63	24997	0	25150
21582	52	41	59	25654	0	25806
21583	25134	30	41	741	0	25946
21584	357	33	27	25880	0	26297
21585	365	72	36	25954	0	26427
21586	143	52	25190	751	0	26136
21587	93	24556	317	546	0	25512
21588	62	25558	367	263	0	26250
21589	24820	585	129	189	0	25723
21590	316	25509	80	206	0	26111
21591	363	378	52	24991	0	25784
21592	24686	374	49	459	0	25568
21593	404	121	25051	491	0	26067
21594	383	79	318	24480	0	25260
21595	144	25505	367	440	0	26456
21596	120	332	112	24661	0	25225
21597	76	25629	68	503	0	26276
21598	82	400	70	25490	0	26042
21599	24905	390	61	480	0	25836
21600	392	159	25616	537	0	26704
21601	428	108	334	23789	0	24659
21602	164	25457	426	462	0	26509
21603	25126	371	136	512	0	26145
21604	418	429	25071	285	0	26203
21605	450	154	360	24687	0	25651
21606	176	102	24560	548	0	25386
21607	139	94	411	24311	0	24955
21608	135	90	23955	587	0	24767
21609	115	81	452	23111	0	23759
21610	89	78	460	23277	0	23904
21611	22745	92	150	866	0	23853
21612	22911	96	95	614	0	23716
21613	767	90	107	21988	0	22952
21614	501	22591	90	517	0	23699
21615	201	379	80	22778	0	23438
21616	162	426	80	22299	0	22967
21617	21519	140	112	875	0	22646
21618	353	21796	100	699	0	22948
21619	21911	400	86	317	0	22714
21620	21419	429	83	300	0	22231
21621	713	21233	101	301	0	22348
21622	513	21936	83	317	0	22849
21623	21507	708	81	290	0	22586
21624	489	502	21207	315	0	22513
21625	21110	163	395	344	0	22012
21626	20861	137	435	324	0	21757
21627	793	20801	174	304	0	22072
21628	593	412	130	17978	0	19113
21629	222	20914	129	561	0	21826
21630	20595	477	145	585	0	21802
21631	20692	530	125	330	0	21677
21632	799	239	112	19910	0	21060
21633	586	222	112	20491	0	21411
21634	19214	171	141	886	0	20412
21635	459	19768	104	726	0	21057
21636	533	19497	109	398	0	20537
21637	239	19547	132	325	0	20243
21638	120	15686	85	230	0	16121
21639	116	15908	86	275	0	16385
21640	224	657	99	15116	0	16096
21641	134	400	14831	426	0	15791
21642	126	14855	251	463	0	15695
21643	13802	338	297	209	0	14646
21644	333	350	110	13744	0	14537
21645	13767	179	103	352	0	14401
21646	345	13640	92	409	0	14486
21647	13711	313	116	191	0	14331
21648	330	13851	133	192	0	14506
21649	388	324	131	13679	0	14522
21650	13628	330	113	369	0	14440
21651	13794	173	132	409	0	14508
21652	538	134	112	13722	0	14506
21653	394	129	110	13526	0	14159
21654	218	13454	110	582	0	14364
21655	208	311	76	13571	0	14166
21656	205	344	66	13502	0	14117
21657	189	218	65	13306	0	13778
21658	175	12694	71	605	0	13545
21659	11680	304	59	429	0	12472
21660	305	12169	61	252	0	12787
21661	11861	321	48	188	0	12418
21662	324	11981	67	178	0	12550
21663	365	327	11541	168	0	12401
21664	202	361	212	11505	0	12280
21665	187	190	11315	279	0	11971
21666	194	153	11065	294	0	11706
21667	184	170	411	10840	0	11605
21668	197	144	11042	263	0	11646
21669	184	125	244	10748	0	11301
21670	203	128	268	10764	0	11363
21671	201	134	105	11003	0	11443
21672	10694	142	80	478	0	11394
21673	300	123	62	10813	0	11298
21674	371	111	51	10707	0	11240
21675	10129	103	50	485	0	10767
21676	303	10050	44	395	0	10792
21677	343	9462	32	209	0	10046
21678	188	9631	35	168	0	10022
21679	133	710	29	7121	0	7993
21680	92	202	7205	187	0	7686
21681	5719	156	215	178	0	6268
21682	119	6066	104	63	0	6352
21683	5450	119	39	45	0	5653
21684	5368	120	14	36	0	5538
21685	5408	51	17	32	0	5508
21686	181	66	5359	24	0	5630
21687	133	64	60	5337	0	5594
21688	67	45	95	5408	0	5615
21689	62	41	32	5479	0	5614
21690	68	35	24	5246	0	5373
21691	65	5282	28	164	0	5539
21692	5202	74	28	124	0	5428
21693	83	95	4966	67	0	5211
21694	4557	30	60	48	0	4695
21695	91	88	69	4337	0	4585
21696	97	4358	13	75	0	4543
21697	40	4557	6	111	0	4714
21698	58	249	26	4011	0	4344
21699	31	4271	19	67	0	4388
21700	3547	45	6	57	0	3655
21701	39	51	3433	21	0	3544
21702	42	17	29	3232	0	3320
21703	19	13	25	3370	0	3427
21704	13	10	12	3432	0	3467
21705	12	12	8	3422	0	3454
21706	3364	11	8	58	0	3441
21707	35	3572	8	47	0	3662
21708	4007	28	9	34	0	4078
21709	48	34	8	4155	0	4245
21710	41	13	7	4130	0	4191
21711	15	4420	9	87	0	4531
21712	4483	49	5	64	0	4601
21713	4460	57	3	24	0	4544
21714	103	4588	10	17	0	4718
21715	62	50	10	4043	0	4165
21716	14	4442	14	37	0	4507
21717	4374	49	8	61	0	4492
21718	51	67	4439	18	0	4575
21719	68	18	4339	13	0	4438
21720	3956	11	92	19	0	4078
21721	41	4272	60	18	0	4391
21722	62	45	10	4227	0	4344
21723	13	59	11	4295	0	4378
21724	20	9	4287	100	0	4416
21725	15	13	44	4215	0	4287
21726	12	10	56	4216	0	4294
21727	9	4190	10	102	0	4311
21728	13	44	9	4195	0	4261
21729	8	55	12	4218	0	4293
21730	4040	14	7	110	0	4171
21731	46	4086	12	68	0	4212
21732	61	4116	10	24	0	4211
21733	9	93	4	4058	0	4164
21734	7	58	3	4133	0	4201
21735	11	16	6	4103	0	4136
21736	16	4066	9	103	0	4194
21737	15	46	4	4161	0	4226
21738	9	63	6	4084	0	4162
21739	15	17	2	4180	0	4214
21740	14	14	6	4091	0	4125
21741	13	4008	8	105	0	4134
21742	12	4210	14	74	0	4310
21743	4112	93	5	33	0	4243
21744	4163	64	7	23	0	4257
21745	102	17	5	4186	0	4310
21746	67	18	4284	60	0	4429
21747	16	16	48	4300	0	4380
21748	22	19	58	4242	0	4341
21749	4166	16	14	112	0	4308
21750	55	4338	15	73	0	4481
21751	70	56	8	4287	0	4421
21752	21	68	5	4364	0	4458
21753	28	25	4272	112	0	4437
21754	28	25	4298	85	0	4436
21755	16	20	102	4237	0	4375
21756	30	26	62	4077	0	4195
21757	24	4258	19	110	0	4411
21758	20	4347	24	75	0	4466
21759	4278	107	13	32	0	4430
21760	57	77	13	4303	0	4450
21761	68	25	4256	71	0	4420
21762	13	4208	42	85	0	4348
21763	21	52	58	4233	0	4364
21764	4220	63	20	68	0	4371
21765	44	23	14	4309	0	4390
21766	4235	23	11	68	0	4337
21767	50	4295	8	85	0	4438
21768	4221	55	10	35	0	4321
21769	55	74	8	4319	0	4456
21770	71	19	4523	68	0	4681
21771	19	23	49	4366	0	4457
21772	21	4690	77	74	0	4862
21773	13	72	13	4607	0	4705
21774	8	4939	17	88	0	5052
21775	22	61	6	5005	0	5094
21776	19	88	4871	89	0	5067
21777	24	25	4767	105	0	4921
21778	14	27	4873	58	0	4972
21779	4588	32	116	51	0	4787
21780	58	4826	75	57	0	5016
21781	77	4947	17	39	0	5080
21782	4849	127	14	41	0	5031
21783	4849	88	14	45	0	4996
21784	119	27	15	4863	0	5024
21785	78	27	4893	101	0	5099
21786	28	22	4757	100	0	4907
21787	22	28	115	4679	0	4844
21788	4696	28	74	94	0	4892
21789	61	4729	24	112	0	4926
21790	75	72	23	4734	0	4904
21791	4730	74	19	107	0	4930
21792	4665	17	22	139	0	4843
21793	111	28	4755	47	0	4941
21794	4340	34	64	67	0	4505
21795	76	22	4790	54	0	4942
21796	87	30	4800	50	0	4967
21797	18	33	123	4594	0	4768
21798	26	26	90	4690	0	4832
21799	29	31	26	4838	0	4924
21800	23	26	4758	158	0	4965
21801	4577	36	70	106	0	4789
21802	67	30	80	4919	0	5096
21803	4798	28	21	110	0	4957
21804	4738	29	24	116	0	4907
21805	139	4923	34	52	0	5148
21806	90	5026	36	53	0	5205
21807	27	4937	32	57	0	5053
21808	33	129	29	4265	0	4456
21809	14	66	4258	69	0	4407
21810	22	112	47	3902	0	4083
21811	24	4089	48	53	0	4214
21812	18	4033	18	55	0	4124
21813	18	76	17	3913	0	4024
21814	3795	39	20	50	0	3904
21815	56	3793	27	45	0	3921
21816	42	3822	19	18	0	3901
21817	3868	71	13	29	0	3981
21818	47	53	12	3884	0	3996
21819	44	14	13	3887	0	3958
21820	29	17	7	3937	0	3990
21821	3815	9	9	85	0	3918
21822	3794	9	26	49	0	3878
21823	87	6	20	3816	0	3929
21824	54	13	3734	47	0	3848
21825	3653	9	50	53	0	3765
21826	41	18	47	3792	0	3898
21827	46	11	3779	59	0	3895
21828	20	16	3745	57	0	3838
21829	14	9	85	3788	0	3896
21830	24	17	4082	58	0	4181
21831	20	13	48	4351	0	4432
21832	26	14	48	4341	0	4429
21833	26	14	14	4630	0	4684
21834	4577	21	14	101	0	4713
21835	61	25	12	4666	0	4764
21836	57	27	19	4709	0	4812
21837	18	19	24	4746	0	4807
21838	15	19	23	4758	0	4815
21839	17	20	4553	128	0	4718
21840	21	4589	58	71	0	4739
21841	24	68	51	4433	0	4576
21842	16	52	22	4207	0	4297
21843	17	4340	20	103	0	4480
21844	21	4450	18	66	0	4555
21845	4334	97	18	28	0	4477
21846	57	4306	23	29	0	4415
21847	56	62	18	4219	0	4355
21848	30	51	4342	71	0	4494
21849	4042	15	49	70	0	4176
21850	65	18	4199	37	0	4319
21851	4119	11	56	39	0	4225
21852	4150	10	53	34	0	4247
21853	104	14	4204	32	0	4354
21854	64	9	65	3843	0	3981
21855	24	4158	61	74	0	4317
21856	20	51	30	4310	0	4411
21857	4412	45	29	74	0	4560
21858	4457	11	22	75	0	4565
21859	101	4473	29	46	0	4649
21860	4512	51	28	50	0	4641
21861	72	43	24	4400	0	4539
21862	4402	14	17	90	0	4523
21863	4399	15	19	78	0	4511
21864	108	14	15	4370	0	4507
21865	4314	15	15	92	0	4436
21866	4126	19	11	90	0	4246
21867	103	19	4253	45	0	4420
21868	4047	22	65	46	0	4180
21869	67	26	4182	40	0	4315
21870	50	15	3895	38	0	3998
21871	20	3983	91	32	0	4126
21872	39	69	50	3676	0	3834
21873	20	34	3845	48	0	3947
21874	24	15	3772	35	0	3846
21875	3761	18	61	21	0	3861
21876	42	8	37	3853	0	3940
21877	36	9	12	3948	0	4005
21878	14	11	7	3979	0	4011
21879	15	10	8	3975	0	4008
21880	19	10	8	4033	0	4070
21881	24	17	3950	71	0	4062
21882	25	16	3930	45	0	4016
21883	14	11	66	3962	0	4053
21884	3890	10	33	51	0	3984
21885	49	3919	8	50	0	4026
21886	44	39	9	3900	0	3992
21887	3890	30	9	50	0	3979
21888	46	3914	14	53	0	4027
21889	45	43	15	3919	0	4022
21890	27	30	8	4007	0	4072
21891	22	5	12	4004	0	4043
21892	3935	5	17	82	0	4039
21893	47	7	3908	52	0	4014
21894	3872	6	43	29	0	3950
21895	50	13	39	3989	0	4091
21896	40	5	26	3818	0	3889
21897	16	3951	19	83	0	4069
21898	22	42	4015	53	0	4132
21899	3827	36	40	34	0	3937
21900	3979	6	43	35	0	4063
21901	71	12	3975	30	0	4088
21902	3663	9	40	39	0	3751
21903	44	4008	37	39	0	4128
21904	45	3972	15	24	0	4056
21905	10	3960	21	27	0	4018
21906	3761	57	14	27	0	3859
21907	47	36	3848	21	0	3952
21908	45	31	40	3590	0	3706
21909	18	3660	35	42	0	3755
21910	18	3666	12	36	0	3732
21911	14	3680	4	23	0	3721
21912	20	75	9	3058	0	3162
21913	3545	25	6	36	0	3612
21914	32	3623	9	40	0	3704
21915	38	25	6	3621	0	3690
21916	14	33	9	3660	0	3716
21917	3564	10	16	54	0	3644
21918	37	7	6	3592	0	3642
21919	39	3	6	3647	0	3695
21920	18	6	3651	55	0	3730
21921	19	11	38	3638	0	3706
21922	19	5	33	3763	0	3820
21923	3703	8	9	66	0	3786
21924	3721	5	13	40	0	3779
21925	64	7	10	3728	0	3809
21926	3654	13	10	45	0	3722
21927	3639	8	14	36	0	3697
21928	58	3774	17	21	0	3870
21929	41	35	3693	13	0	3782
21930	18	3491	39	16	0	3564
21931	33	59	33	3106	0	3231
21932	2948	20	17	15	0	3000
21933	13	2928	8	24	0	2973
21934	20	17	4	2921	0	2962
21935	2907	18	4	20	0	2949
21936	2879	8	2	19	0	2908
21937	28	5	3	2901	0	2937
21938	19	12	2985	23	0	3039
21939	11	2	13	3029	0	3055
21940	5	5	18	3145	0	3173
21941	9	6	3139	37	0	3191
21942	8	4	17	3095	0	3124
21943	6	2	18	3181	0	3207
21944	3276	3	3	37	0	3319
21945	19	3	4	3302	0	3328
21946	17	3	6	3289	0	3315
21947	3258	4	4	34	0	3300
21948	3116	4	8	22	0	3150
21949	3141	3	7	7	0	3158
21950	40	5	3140	12	0	3197
21951	20	13	22	3025	0	3080
21952	8	3139	15	25	0	3187
21953	13	22	0	3188	0	3223
21954	10	24	3293	22	0	3349
21955	13	9	15	3085	0	3122
21956	7	6	3227	22	0	3262
21957	2949	10	12	21	0	2992
21958	3055	6	20	7	0	3088
21959	18	5	1	3141	0	3165
21960	14	5	2	3173	0	3194
21961	7	4	4	3157	0	3172
21962	6	3371	5	22	0	3404
21963	3340	9	6	14	0	3369
21964	3375	10	3	15	0	3403
21965	20	4	1	3366	0	3391
21966	12	5	4	3336	0	3357
21967	5	3	4	3366	0	3378
21968	8	4	4	3383	0	3399
21969	13	2	3350	25	0	3390
21970	8	3	15	3344	0	3370
21971	3247	2	15	25	0	3289
21972	3231	4	6	19	0	3260
21973	24	5	1	3164	0	3194
21974	20	6	3097	17	0	3140
21975	2943	6	13	18	0	2980
21976	14	8	16	3121	0	3159
21977	18	3206	3	24	0	3251
21978	5	3371	3	19	0	3398
21979	3463	25	4	12	0	3504
21980	16	20	4	3540	0	3580
21981	21	3	4	3614	0	3642
21982	5	1	4	3833	0	3843
21983	10	5	4	3859	0	3878
21984	10	6	4	4019	0	4039
21985	9	4	3972	50	0	4035
21986	4	6	3952	33	0	3995
21987	8	4	3970	14	0	3996
21988	4	2	44	3885	0	3935
21989	9	4	4040	24	0	4077
21990	9	3	22	3926	0	3960
21991	7	0	26	3966	0	3999
21992	3	8	6	4102	0	4119
21993	4159	2	5	50	0	4216
21994	22	8	4	4141	0	4175
21995	26	2	6	4188	0	4222
21996	4161	2	5	43	0	4211
21997	20	4211	2	36	0	4269
21998	28	4314	3	20	0	4365
21999	4332	45	4	12	0	4393
22000	20	4475	6	14	0	4515
22001	4416	21	6	4	0	4447
22002	4380	31	3	11	0	4425
22003	4390	5	2	7	0	4404
22004	4406	2	2	8	0	4418
22005	4392	6	2	12	0	4412
22006	52	4429	2	10	0	4493
22007	4443	20	0	8	0	4471
22008	4460	32	1	7	0	4500
22009	57	4625	3	5	0	4690
22010	5110	23	1	6	0	5140
22011	5126	33	1	6	0	5166
22012	5661	7	5	5	0	5678
22013	5860	5	4	5	0	5874
22014	104	10	6445	8	0	6567
22015	68	2	54	6729	0	6853
22016	17	5	69	6910	0	7001
22017	23	3	6953	134	0	7113
22018	16	8	6853	93	0	6970
22019	6698	7	148	16	0	6869
22020	70	6	87	7054	0	7217
22021	88	11	7187	70	0	7356
22022	30	8	7075	81	0	7194
22023	6884	3	147	17	0	7051
22024	7127	3	87	14	0	7231
22025	7120	7	16	11	0	7154
22026	159	4	7218	9	0	7390
22027	102	5	69	7017	0	7193
22028	33	9	7316	71	0	7429
22029	6850	3	80	86	0	7019
22030	82	8	7455	17	0	7562
22031	103	4	82	7099	0	7288
22032	46	7	88	6747	0	6888
22033	22	7413	26	133	0	7594
22034	7417	67	13	102	0	7599
22035	96	89	7469	21	0	7675
22036	7306	15	86	20	0	7427
22037	102	5	7731	17	0	7855
22038	105	7	104	7383	0	7599
22039	33	6	105	7488	0	7632
22040	20	4	35	7584	0	7643
22041	7442	7	17	180	0	7646
22042	95	5	25	7389	0	7514
22043	122	1	24	7328	0	7475
22044	35	7247	24	167	0	7473
22045	31	75	25	7372	0	7503
22046	7066	87	24	102	0	7279
22047	108	14	7275	114	0	7511
22048	121	22	97	7138	0	7378
22049	47	9	7344	91	0	7491
22050	36	7014	109	134	0	7293
22051	48	76	7264	48	0	7436
22052	6990	91	132	25	0	7238
22053	7216	15	121	28	0	7380
22054	194	4	49	7049	0	7296
22055	7176	14	34	111	0	7335
22056	7059	9	63	119	0	7250
22057	185	7	57	7058	0	7307
22058	149	8	43	7163	0	7363
22059	51	15	7078	195	0	7339
22060	52	6967	118	132	0	7269
22061	6880	76	134	49	0	7139
22062	111	6863	40	59	0	7073
22063	142	91	40	6742	0	7015
22064	66	98	47	6819	0	7030
22065	60	20	44	6898	0	7022
22066	46	8	52	6957	0	7063
22067	47	17	6760	212	0	7036
22068	6345	14	129	147	0	6635
22069	6763	16	130	77	0	6986
22070	191	16	50	6722	0	6979
22071	6779	18	53	127	0	6977
22072	129	28	46	6796	0	6999
22073	148	16	6714	135	0	7013
22074	72	18	110	6510	0	6710
22075	60	6586	136	139	0	6921
22076	60	76	57	6236	0	6429
22077	51	6512	41	155	0	6759
22078	57	92	41	5924	0	6114
22079	47	6313	45	133	0	6538
22080	5971	89	38	140	0	6238
22081	111	100	6066	70	0	6347
22082	120	5797	101	75	0	6093
22083	63	5871	114	65	0	6113
22084	58	160	67	5608	0	5893
22085	55	94	47	5644	0	5840
22086	54	27	52	5715	0	5848
22087	57	17	47	5681	0	5802
22088	43	5596	51	205	0	5895
22089	48	86	46	5609	0	5789
22090	64	92	47	5577	0	5780
22091	5487	33	35	177	0	5732
22092	130	18	30	5526	0	5704
22093	129	21	5404	142	0	5696
22094	61	23	5301	149	0	5534
22095	4928	13	157	91	0	5189
22096	101	5268	103	89	0	5561
22097	106	5285	36	75	0	5502
22098	59	151	61	5023	0	5294
22099	48	107	28	5103	0	5286
22100	48	43	4905	197	0	5193
22101	4642	38	89	151	0	4920
22102	4864	27	90	84	0	5065
22103	159	26	4964	84	0	5233
22104	103	22	4855	86	0	5066
22105	4750	27	148	74	0	4999
22106	4936	23	96	73	0	5128
22107	4976	28	30	67	0	5101
22108	4897	20	28	62	0	5007
22109	166	4646	33	62	0	4907
22110	4247	67	20	52	0	4386
22111	85	80	4040	55	0	4260
22112	61	27	3549	39	0	3676
22113	22	26	3409	35	0	3492
22114	71	364	116	2099	0	2650
22115	2064	3	70	22	0	2159
22116	2076	7	2	20	0	2105
22117	36	5	2	2059	0	2102
22118	24	4	2	2037	0	2067
22119	5	1	0	2091	0	2097
22120	3	2159	6	41	0	2209
22121	2166	14	7	24	0	2211
22122	2174	21	4	8	0	2207
22123	2200	5	4	5	0	2214
22124	2196	10	3	5	0	2214
22125	2210	3	3	12	0	2228
22126	30	3	0	2115	0	2148
22127	18	2130	3	32	0	2183
22128	3	17	5	2048	0	2073
22129	7	20	9	2026	0	2062
22130	1967	4	2	25	0	1998
22131	23	5	1919	12	0	1959
22132	12	5	1867	10	0	1894
22133	8	3	1892	8	0	1911
22134	1867	1	24	10	0	1902
22135	1985	2	24	7	0	2018
22136	16	5	4	1987	0	2012
22137	4	2	3	1915	0	1924
22138	2	3	1	1957	0	1963
22139	2	5	1983	12	0	2002
22140	2	1	6	1925	0	1934
22141	2	1	2105	13	0	2121
22142	3	2	7	2080	0	2092
22143	1	1	7	2101	0	2110
22144	1	3	3	2155	0	2162
22145	2153	2	2	9	0	2166
22146	2125	2	1	10	0	2138
22147	11	6	2150	4	0	2171
22148	2104	2	8	7	0	2121
22149	2151	1	5	5	0	2162
22150	12	0	2	2163	0	2177
22151	2207	1	1	9	0	2218
22152	9	0	0	2253	0	2262
22153	7	0	1	2271	0	2279
22154	4	3	2235	14	0	2256
22155	2048	0	9	8	0	2065
22156	8	1	8	2235	0	2252
22157	8	5	2289	10	0	2312
22158	6	4	2439	5	0	2454
22159	2	1	6	2383	0	2392
22160	2	0	5	2429	0	2436
22161	2470	0	3	14	0	2487
22162	5	1	6	2511	0	2523
22163	5	2	1	2493	0	2501
22164	2	0	1	2561	0	2564
22165	4	0	1	2765	0	2770
22166	2870	0	1	18	0	2889
22167	2860	0	0	21	0	2881
22168	2976	2	2	5	0	2985
22169	3036	0	2	5	0	3043
22170	35	1	2	3133	0	3171
22171	3169	2	0	16	0	3187
22172	17	0	2	3172	0	3191
22173	3211	0	3	19	0	3233
22174	17	0	2	3192	0	3211
22175	27	0	3	3084	0	3114
22176	4	3206	2	40	0	3252
22177	9	13	2	3221	0	3245
22178	3171	22	1	20	0	3214
22179	3100	1	1	30	0	3132
22180	39	2	3212	9	0	3262
22181	24	3245	15	12	0	3296
22182	3210	13	23	6	0	3252
22183	17	3359	2	8	0	3386
22184	3318	12	3	6	0	3339
22185	20	3607	2	12	0	3641
22186	26	17	3659	9	0	3711
22187	6	3751	13	4	0	3774
22188	11	3755	22	5	0	3793
22189	6	46	4	3764	0	3820
22190	3830	29	4	17	0	3880
22191	20	3	1	3851	0	3875
22192	32	7	0	3814	0	3853
22193	3780	1	2	56	0	3839
22194	3776	3	1	41	0	3821
22195	48	2	4	3850	0	3904
22196	31	3	4	3853	0	3891
22197	11	5	2	3867	0	3885
22198	3760	3	3	57	0	3823
22199	25	5	3821	35	0	3886
22200	37	2	19	3799	0	3857
22201	22	3	3980	31	0	4036
22202	12	3897	22	53	0	3984
22203	14	22	3870	12	0	3918
22204	9	29	19	3783	0	3840
22205	18	3	3872	30	0	3923
22206	3668	6	19	43	0	3736
22207	27	2	32	3851	0	3912
22208	36	4007	6	33	0	4082
22209	17	19	6	3999	0	4041
22210	11	4057	5	44	0	4117
22211	16	4052	5	39	0	4112
22212	10	4033	9	19	0	4071
22213	17	47	1	3759	0	3824
22214	11	3914	13	30	0	3968
22215	3850	23	1	42	0	3916
22216	35	32	3770	18	0	3855
22217	37	13	3756	18	0	3824
22218	18	13	3866	17	0	3914
22219	16	11	46	3843	0	3916
22220	22	4	37	3738	0	3801
22221	17	17	4	3765	0	3803
22222	17	8	12	3801	0	3838
22223	18	16	8	3729	0	3771
22224	24	3879	14	57	0	3974
22225	18	33	3863	51	0	3965
22226	24	34	3848	24	0	3930
22227	21	4014	47	18	0	4100
22228	14	21	34	4031	0	4100
22229	22	34	5	4048	0	4109
22230	13	15	4	4091	0	4123
22231	4027	10	7	56	0	4100
22232	38	8	4035	57	0	4138
22233	3907	14	26	22	0	3969
22234	3939	11	34	23	0	4007
22235	66	3944	16	20	0	4046
22236	54	3986	15	19	0	4074
22237	3963	53	14	26	0	4056
22238	33	40	10	3995	0	4078
22239	43	19	15	4151	0	4228
22240	26	16	4290	70	0	4402
22241	18	22	4226	49	0	4315
22242	23	12	64	4301	0	4400
22243	4335	21	50	46	0	4452
22244	50	20	4586	61	0	4717
22245	4660	21	40	31	0	4752
22246	47	21	58	4871	0	4997
22247	63	12	12	5097	0	5184
22248	24	20	18	5252	0	5314
22249	21	16	5262	125	0	5424
22250	15	5259	49	76	0	5399
22251	19	5455	67	35	0	5576
22252	5375	90	13	22	0	5500
22253	5452	60	14	29	0	5555
22254	106	11	13	5552	0	5682
22255	5590	15	22	67	0	5694
22256	64	15	5476	70	0	5625
22257	68	10	5460	31	0	5569
22258	17	14	104	5293	0	5428
22259	5465	7	69	65	0	5606
22260	59	9	10	5560	0	5638
22261	66	8	25	5667	0	5766
22262	5546	9	14	119	0	5688
22263	5608	9	20	86	0	5723
22264	109	5953	14	28	0	6104
22265	5926	58	12	24	0	6020
22266	69	60	10	5791	0	5930
22267	64	5921	10	66	0	6061
22268	5781	57	9	66	0	5913
22269	57	5900	8	24	0	5989
22270	66	64	8	5788	0	5926
22271	5743	66	17	61	0	5887
22272	66	13	5693	64	0	5836
22273	67	12	5705	21	0	5805
22274	20	17	100	5532	0	5669
22275	15	2	58	5693	0	5768
22276	15	10	8	5532	0	5565
22277	12	5886	5	109	0	6012
22278	5940	57	8	63	0	6068
22279	5890	66	11	18	0	5985
22280	5908	7	9	16	0	5940
22281	121	6260	6	24	0	6411
22282	74	63	8	6733	0	6878
22283	19	69	7	6747	0	6842
22284	14	12	6	6885	0	6917
22285	6276	7	6	159	0	6448
22286	70	6384	9	99	0	6562
22287	93	66	7	6364	0	6530
22288	20	89	7	6414	0	6530
22289	26	17	6260	152	0	6455
22290	17	6283	64	103	0	6467
22291	28	69	80	6197	0	6374
22292	26	91	15	6299	0	6431
22293	17	15	5	6313	0	6350
22294	6132	10	10	156	0	6308
22295	74	6169	16	107	0	6366
22296	6211	72	16	41	0	6340
22297	81	99	7	6137	0	6324
22298	6243	11	9	82	0	6345
22299	82	22	6104	96	0	6304
22300	6102	15	65	37	0	6219
22301	6102	10	78	36	0	6226
22302	153	21	6129	29	0	6332
22303	113	19	62	6075	0	6269
22304	29	20	84	6181	0	6314
22305	6275	12	14	156	0	6457
22306	87	11	9	6339	0	6446
22307	108	13	12	6293	0	6426
22308	28	11	19	6360	0	6418
22309	33	14	6214	178	0	6439
22310	5558	13	72	131	0	5774
22311	79	6310	92	49	0	6530
22312	96	76	24	6080	0	6276
22313	29	6356	19	98	0	6502
22314	32	6501	19	115	0	6667
22315	33	161	13	6451	0	6658
22316	38	109	6470	103	0	6720
22317	34	32	6489	126	0	6681
22318	34	20	161	6527	0	6742
22319	33	23	6621	109	0	6786
22320	6289	26	81	127	0	6523
22321	92	23	100	6658	0	6873
22322	114	22	22	6660	0	6818
22323	43	6678	19	203	0	6943
22324	28	89	25	6702	0	6844
22325	32	103	23	6504	0	6662
22326	29	6488	25	198	0	6740
22327	33	80	14	6614	0	6741
22328	30	104	21	6441	0	6596
22329	34	6502	23	204	0	6763
22330	6451	81	14	143	0	6689
22331	94	107	6466	66	0	6733
22332	130	24	6385	44	0	6583
22333	42	37	157	6285	0	6521
22334	35	39	113	6391	0	6578
22335	44	24	6403	190	0	6661
22336	37	32	6341	139	0	6549
22337	5659	26	170	54	0	5909
22338	80	6342	113	59	0	6594
22339	6203	80	34	57	0	6374
22340	97	93	6128	70	0	6388
22341	107	6113	93	59	0	6372
22342	31	83	108	6182	0	6404
22343	29	107	6291	116	0	6543
22344	27	17	6111	123	0	6278
22345	35	47	167	6151	0	6400
22346	25	25	6332	100	0	6482
22347	21	6023	76	136	0	6256
22348	23	94	96	5929	0	6142
22349	41	92	6012	92	0	6237
22350	18	6058	73	120	0	6269
22351	5938	70	92	45	0	6145
22352	82	101	5944	27	0	6154
22353	95	5987	78	49	0	6209
22354	42	78	98	5867	0	6085
22355	26	97	26	6099	0	6248
22356	6052	28	32	164	0	6276
22357	77	18	18	6081	0	6194
22358	98	17	24	6001	0	6140
22359	5835	17	33	163	0	6048
22360	77	16	17	5875	0	5985
22361	91	14	5724	99	0	5928
22362	24	32	85	5735	0	5876
22363	19	19	5779	107	0	5924
22364	19	15	5404	109	0	5547
22365	23	23	5442	39	0	5527
22366	19	30	133	5012	0	5194
22367	16	9	90	5240	0	5355
22368	5205	14	21	127	0	5367
22369	67	14	16	4992	0	5089
22370	68	5337	21	72	0	5498
22371	15	57	21	5492	0	5585
22372	20	70	16	5333	0	5439
22373	12	5439	32	114	0	5597
22374	5375	49	29	89	0	5542
22375	5208	64	27	40	0	5339
22376	105	5353	29	35	0	5522
22377	65	5263	26	32	0	5386
22378	39	224	30	5020	0	5313
22379	5172	70	23	55	0	5320
22380	56	34	5167	70	0	5327
22381	62	21	4719	25	0	4827
22382	4032	21	76	12	0	4141
22383	40	4393	47	10	0	4490
22384	38	38	22	4397	0	4495
22385	10	44	17	4429	0	4500
22386	12	15	17	4506	0	4550
22387	6	9	13	4475	0	4503
22388	7	4441	11	87	0	4546
22389	8	37	13	4516	0	4574
22390	4476	45	13	55	0	4589
22391	45	13	13	4557	0	4628
22392	41	7	13	4562	0	4623
22393	4580	12	13	77	0	4682
22394	4569	6	10	59	0	4644
22395	4683	11	11	23	0	4728
22396	4725	12	13	19	0	4769
22397	83	6	6	4666	0	4761
22398	4707	5	15	52	0	4779
22399	49	4	9	4666	0	4728
22400	4649	4	10	66	0	4729
22401	4645	6	11	49	0	4711
22402	77	8	7	4667	0	4759
22403	50	9	4790	50	0	4899
22404	4731	5	45	61	0	4842
22405	4824	7	49	29	0	4909
22406	4882	8	22	18	0	4930
22407	4895	5	16	21	0	4937
22408	87	7	11	4883	0	4988
22409	49	10	4912	58	0	5029
22410	22	9	4936	42	0	5009
22411	4664	6	69	35	0	4774
22412	4906	13	43	19	0	4981
22413	70	4912	25	18	0	5025
22414	38	4855	14	18	0	4925
22415	4916	63	9	22	0	5010
22416	47	38	8	4794	0	4887
22417	44	11	6	4992	0	5053
22418	4962	11	7	66	0	5046
22419	38	5098	9	50	0	5195
22420	5189	34	2	25	0	5250
22421	50	40	5114	13	0	5217
22422	5069	15	34	17	0	5135
22423	47	16	31	5207	0	5301
22424	40	9	5371	45	0	5465
22425	16	5446	30	48	0	5540
22426	13	25	41	5521	0	5600
22427	15	33	5779	46	0	5873
22428	13	6	35	5711	0	5765
22429	5828	3	38	48	0	5917
22430	38	6	5833	45	0	5922
22431	5512	4	35	26	0	5577
22432	38	5955	40	20	0	6053
22433	46	35	10	6021	0	6112
22434	16	37	6405	48	0	6506
22435	15	10	34	6328	0	6387
22436	11	4	6611	51	0	6677
22437	16	6544	40	49	0	6649
22438	6301	27	38	19	0	6385
22439	33	6798	11	12	0	6854
22440	36	34	5	6699	0	6774
22441	11	36	4	6724	0	6775
22442	11	15	6574	59	0	6659
22443	5039	12	24	65	0	5140
22444	30	6340	36	18	0	6424
22445	20	5974	8	13	0	6015
22446	8	6029	9	7	0	6053
22447	22	59	13	5802	0	5896
22448	11	5926	9	13	0	5959
22449	10	54	3	5758	0	5825
22450	3	5801	6	25	0	5835
22451	8	28	6	5614	0	5656
22452	1	5953	6	10	0	5970
22453	5865	9	4	21	0	5899
22454	10	25	5861	3	0	5899
22455	5486	9	16	8	0	5519
22456	5738	2	12	4	0	5756
22457	5943	1	2	2	0	5948
22458	19	5992	3	4	0	6018
22459	6070	8	4	6	0	6088
22460	6051	12	2	3	0	6068
22461	6080	3	0	4	0	6087
22462	24	6	6121	2	0	6153
22463	13	3	13	5961	0	5990
22464	5	2	6218	13	0	6238
22465	2	2	11	6025	0	6040
22466	6066	2	13	15	0	6096
22467	16	6128	2	21	0	6167
22468	20	14	6841	8	0	6883
22469	7	14	34	6782	0	6837
22470	11	4	15	7318	0	7348
22471	5	6	8121	44	0	8176
22472	7672	3	65	33	0	7773
22473	8220	5	41	3	0	8269
22474	8408	1	2	7	0	8418
22475	95	7	3	8196	0	8301
22476	45	8248	10	57	0	8360
22477	10	8577	6	48	0	8641
22478	8	105	5	8486	0	8604
22479	11	49	2	8336	0	8398
22480	6	8503	6	100	0	8615
22481	8428	51	10	43	0	8532
22482	56	8520	3	22	0	8601
22483	43	60	11	8297	0	8411
22484	6	51	8326	65	0	8448
22485	3	12	64	8211	0	8290
22486	8335	4	47	65	0	8451
22487	62	17	8358	46	0	8483
22488	8313	12	59	13	0	8397
22489	8572	10	47	9	0	8638
22490	8648	8	6	18	0	8680
22491	8644	8	8	15	0	8675
22492	8849	2	24	23	0	8898
22493	117	7	8651	6	0	8781
22494	64	15	8580	10	0	8669
22495	9142	9	116	6	0	9273
22496	9474	12	59	8	0	9553
22497	152	9	6	9755	0	9922
22498	82	10051	8	92	0	10233
22499	25	94	9	10195	0	10323
22500	10390	84	5	104	0	10583
22501	104	23	9	9840	0	9976
22502	82	10562	9	95	0	10748
22503	10424	105	8	78	0	10615
22504	10261	91	9	22	0	10383
22505	10177	25	9	14	0	10225
22506	180	10268	9	32	0	10489
22507	105	102	12	10175	0	10394
22508	32	84	8	10013	0	10137
22509	32	10129	9	170	0	10340
22510	30	94	14	10142	0	10280
22511	10031	88	9	103	0	10231
22512	9928	16	10	91	0	10045
22513	192	10027	13	32	0	10264
22514	117	103	13	9934	0	10167
22515	41	91	16	10020	0	10168
22516	32	26	20	10194	0	10272
22517	9812	16	19	195	0	10042
22518	133	28	9753	113	0	10027
22519	9271	21	111	53	0	9456
22520	141	22	9740	44	0	9947
22521	116	32	110	8894	0	9152
22522	60	9421	93	104	0	9678
22523	49	9753	27	114	0	9943
22524	9455	185	19	49	0	9708
22525	9239	122	8	47	0	9416
22526	215	9274	9	72	0	9570
22527	118	9174	17	52	0	9361
22528	9258	193	11	42	0	9504
22529	9444	105	19	43	0	9611
22530	211	9657	24	58	0	9950
22531	9895	142	15	47	0	10099
22532	158	115	9766	35	0	10074
22533	9764	36	119	44	0	9963
22534	9657	31	95	40	0	9823
22535	237	31	30	9456	0	9754
22536	153	9511	26	139	0	9829
22537	84	124	23	9738	0	9969
22538	9659	110	19	162	0	9950
22539	180	37	16	9408	0	9641
22540	163	28	28	9531	0	9750
22541	93	49	9625	217	0	9984
22542	76	36	134	9694	0	9940
22543	63	37	111	9887	0	10098
22544	9815	32	28	241	0	10116
22545	174	47	9831	138	0	10190
22546	9817	51	124	57	0	10049
22547	179	46	93	9881	0	10199
22548	157	37	30	9930	0	10154
22549	79	40	22	9764	0	9905
22550	71	9693	29	222	0	10015
22551	84	9864	20	150	0	10118
22552	85	224	24	9610	0	9943
22553	9612	115	20	152	0	9899
22554	9681	55	28	115	0	9879
22555	270	43	19	9617	0	9949
22556	9674	41	26	166	0	9907
22557	204	37	21	9634	0	9896
22558	148	65	21	9755	0	9989
22559	9396	47	18	259	0	9720
22560	183	9863	23	164	0	10233
22561	9879	154	18	68	0	10119
22562	9817	123	14	73	0	10027
22563	9603	43	28	82	0	9756
22564	241	9620	28	87	0	9976
22565	165	173	14	9668	0	10020
22566	95	112	29	9851	0	10087
22567	86	55	9648	251	0	10040
22568	78	84	128	8906	0	9196
22569	76	31	8717	171	0	8995
22570	68	8119	124	122	0	8433
22571	31	7233	75	63	0	7402
22572	53	7411	31	43	0	7538
22573	73	192	42	7345	0	7652
22574	63	78	12	7443	0	7596
22575	32	32	10	7489	0	7563
22576	34	27	9	7577	0	7647
22577	34	16	7563	182	0	7795
22578	41	20	9197	109	0	9367
22579	33	29	175	9468	0	9705
22580	34	29	9928	148	0	10139
22581	9736	26	136	116	0	10014
22582	9955	21	103	44	0	10123
22583	237	27	10006	61	0	10331
22584	141	26	122	10042	0	10331
22585	52	21	105	10301	0	10479
22586	42	24	23	10407	0	10496
22587	52	20	23	10305	0	10400
22588	37	29	20	10452	0	10538
22589	8295	44	43	260	0	8642
22590	9822	22	23	155	0	10022
22591	206	10038	33	127	0	10404
22592	134	131	9708	66	0	10039
22593	53	9765	118	62	0	9998
22594	39	9842	100	59	0	10040
22595	9136	177	28	44	0	9385
22596	105	9161	31	61	0	9358
22597	87	8654	28	43	0	8812
22598	8475	149	46	46	0	8716
22599	114	83	8396	38	0	8631
22600	8159	21	89	36	0	8305
22601	86	24	86	8375	0	8571
22602	82	21	20	8195	0	8318
22603	33	12	20	8297	0	8362
22604	36	9	8102	181	0	8328
22605	33	8131	88	110	0	8362
22606	8112	78	83	60	0	8333
22607	95	69	22	8071	0	8257
22608	73	8285	33	125	0	8516
22609	25	88	28	8486	0	8627
22610	26	90	8518	115	0	8749
22611	38	30	98	8496	0	8662
22612	42	29	80	8724	0	8875
22613	52	32	22	8751	0	8857
22614	8689	33	25	197	0	8944
22615	104	26	33	8752	0	8915
22616	95	20	8665	157	0	8937
22617	34	8618	106	146	0	8904
22618	45	87	84	8651	0	8867
22619	40	88	40	8667	0	8835
22620	46	30	8611	201	0	8888
22621	52	35	8480	117	0	8684
22622	8231	46	225	68	0	8570
22623	8206	35	114	84	0	8439
22624	180	8378	65	76	0	8699
22625	8465	114	36	65	0	8680
22626	145	95	8435	63	0	8738
22627	118	28	8356	84	0	8586
22628	8130	35	174	108	0	8447
22629	7893	32	104	124	0	8153
22630	167	23	7718	141	0	8049
22631	7481	17	114	115	0	7727
22632	122	29	7678	100	0	7929
22633	7486	32	111	54	0	7683
22634	7541	47	92	57	0	7737
22635	165	73	54	6884	0	7176
22636	96	7749	63	102	0	8010
22637	6385	164	67	94	0	6710
22638	111	132	7699	53	0	7995
22639	126	7720	113	65	0	8024
22640	7702	142	96	71	0	8011
22641	7235	109	46	69	0	7459
22642	192	7342	60	86	0	7680
22643	120	96	87	7352	0	7655
22644	87	92	7267	170	0	7616
22645	73	31	128	7313	0	7545
22646	71	37	7282	189	0	7579
22647	52	50	140	7192	0	7434
22648	49	49	144	7220	0	7462
22649	71	72	7188	209	0	7540
22650	81	7134	129	173	0	7517
22651	64	125	116	7012	0	7317
22652	80	124	6250	163	0	6617
22653	6863	45	121	155	0	7184
22654	132	47	122	7199	0	7500
22655	123	42	59	7276	0	7500
22656	7071	42	51	236	0	7400
22657	154	30	63	6949	0	7196
22658	155	42	56	6699	0	6952
22659	74	6935	77	200	0	7286
22660	85	111	74	6750	0	7020
22661	78	128	6743	134	0	7083
22662	76	33	130	6309	0	6548
22663	64	6590	137	135	0	6926
22664	72	6672	96	127	0	6967
22665	82	147	92	6610	0	6931
22666	6632	99	60	130	0	6921
22667	146	63	78	6630	0	6917
22668	6672	74	65	120	0	6931
22669	163	37	81	6643	0	6924
22670	6629	31	90	149	0	6899
22671	6724	34	93	130	0	6981
22672	255	105	62	6429	0	6851
22673	188	327	85	6027	0	6627
22674	94	6187	93	202	0	6576
22675	100	6366	74	137	0	6677
22676	119	132	6275	111	0	6637
22677	97	6137	110	104	0	6448
22678	4034	90	165	70	0	4359
22679	65	58	37	3895	0	4055
22680	57	3695	25	57	0	3834
22681	3812	37	27	59	0	3935
22682	51	45	26	3792	0	3914
22683	65	17	25	3702	0	3809
22684	33	12	37	3764	0	3846
22685	24	19	33	3716	0	3792
22686	40	3832	42	71	0	3985
22687	41	4035	24	75	0	4175
22688	4104	62	36	26	0	4228
22689	73	4210	25	30	0	4338
22690	66	49	29	4145	0	4289
22691	46	48	20	4179	0	4293
22692	36	18	22	4224	0	4300
22693	35	19	17	4262	0	4333
22694	4166	15	24	106	0	4311
22695	4213	14	25	65	0	4317
22696	105	19	4210	35	0	4369
22697	74	20	56	4231	0	4381
22698	44	22	4332	62	0	4460
22699	39	18	55	4305	0	4417
22700	25	31	58	4304	0	4418
22701	4261	27	23	119	0	4430
22702	66	22	21	4357	0	4466
22703	75	15	4354	77	0	4521
22704	32	23	4292	81	0	4428
22705	4249	29	92	43	0	4413
22706	67	15	4426	47	0	4555
22707	59	36	55	4121	0	4271
22708	23	12	4352	77	0	4464
22709	13	31	58	4072	0	4174
22710	10	4111	56	69	0	4246
22711	10	53	9	3982	0	4054
22712	13	4030	10	54	0	4107
22713	10	3988	7	61	0	4066
22714	23	74	22	3858	0	3977
22715	3848	45	3	54	0	3950
22716	40	3925	6	63	0	4034
22717	44	30	6	3912	0	3992
22718	3940	42	4	48	0	4034
22719	3980	10	7	48	0	4045
22720	4081	2	3	28	0	4114
22721	82	3	8	3988	0	4081
22722	44	12	5	4039	0	4100
22723	4059	11	9	82	0	4161
22724	4043	5	11	57	0	4116
22725	4105	11	5	25	0	4146
22726	76	8	10	4047	0	4141
22727	52	9	3974	45	0	4080
22728	3827	11	35	48	0	3921
22729	41	6	43	3872	0	3962
22730	46	4028	13	49	0	4136
22731	19	36	7	3924	0	3986
22732	7	3943	3	61	0	4014
22733	11	37	8	4011	0	4067
22734	18	47	3927	53	0	4045
22735	11	3927	32	54	0	4024
22736	9	33	44	3560	0	3646
22737	16	37	6	3561	0	3620
22738	6	8	8	3602	0	3624
22739	3633	3	3	74	0	3713
22740	32	3715	8	49	0	3804
22741	41	30	3	3735	0	3809
22742	3871	43	4	44	0	3962
22743	3846	12	5	46	0	3909
22744	77	10	4	3919	0	4010
22745	55	8	4012	37	0	4112
22746	14	9	32	3840	0	3895
22747	7	3978	46	67	0	4098
22748	12	36	8	4085	0	4141
22749	4019	45	2	55	0	4121
22750	41	7	3	4200	0	4251
22751	54	7	4236	52	0	4349
22752	12	4524	35	62	0	4633
22753	4564	40	46	12	0	4662
22754	44	55	4608	16	0	4723
22755	4544	9	41	16	0	4610
22756	49	7	58	4742	0	4856
22757	63	7	12	4711	0	4793
22758	16	4826	13	103	0	4958
22759	5004	39	8	79	0	5130
22760	50	66	9	5049	0	5174
22761	67	7	9	5074	0	5157
22762	19	7	10	5214	0	5250
22763	11	8	5168	120	0	5307
22764	14	7	49	5187	0	5257
22765	5189	11	70	61	0	5331
22766	5267	3	12	89	0	5371
22767	103	8	13	5271	0	5395
22768	75	6	12	5314	0	5407
22769	5235	10	13	117	0	5375
22770	59	10	5232	79	0	5380
22771	5070	10	47	29	0	5156
22772	63	12	5163	19	0	5257
22773	67	7	5176	22	0	5272
22774	26	20	109	5057	0	5212
22775	14	8	5278	63	0	5363
22776	5068	6	57	78	0	5209
22777	58	9	69	5254	0	5390
22778	76	12	5277	61	0	5426
22779	4985	10	49	74	0	5118
22780	5213	5	67	29	0	5314
22781	124	7	5298	26	0	5455
22782	86	53	47	4772	0	4958
22783	22	5375	75	57	0	5529
22784	5402	48	19	64	0	5533
22785	69	74	5448	33	0	5624
22786	4890	37	54	21	0	5002
22787	60	5227	62	31	0	5380
22788	4999	33	22	18	0	5072
22789	4919	44	14	12	0	4989
22790	4989	12	9	22	0	5032
22791	98	21	19	4833	0	4971
22792	64	4995	17	52	0	5128
22793	33	42	4936	59	0	5070
22794	21	5071	36	40	0	5168
22795	25	63	57	4421	0	4566
22796	10	4953	16	43	0	5022
22797	20	4966	18	58	0	5062
22798	4792	68	16	26	0	4902
22799	54	47	4823	26	0	4950
22800	53	23	4948	31	0	5055
22801	32	14	4893	16	0	4955
22802	23	4908	72	22	0	5025
22803	4861	29	52	22	0	4964
22804	4858	40	20	21	0	4939
22805	4797	13	19	24	0	4853
22806	70	4778	12	33	0	4893
22807	56	33	12	4874	0	4975
22808	26	45	4813	49	0	4933
22809	32	21	4782	55	0	4890
22810	4809	11	66	47	0	4933
22811	5025	16	52	25	0	5118
22812	5034	13	15	36	0	5098
22813	80	9	4973	42	0	5104
22814	4888	7	41	38	0	4974
22815	61	19	41	4966	0	5087
22816	62	11	28	4988	0	5089
22817	42	14	5207	89	0	5352
22818	31	5230	47	71	0	5379
22819	42	31	55	5266	0	5394
22820	28	34	5194	71	0	5327
22821	4797	16	61	77	0	4951
22822	66	8	60	5277	0	5411
22823	66	10	38	5298	0	5412
22824	5258	5	30	92	0	5385
22825	69	9	22	5281	0	5381
22826	5280	6	32	59	0	5377
22827	5271	6	32	85	0	5394
22828	97	12	30	5282	0	5421
22829	91	11	41	5289	0	5432
22830	5260	11	37	84	0	5392
22831	56	9	42	5338	0	5445
22832	5432	10	41	50	0	5533
22833	5422	16	42	63	0	5543
22834	5408	8	35	38	0	5489
22835	104	17	45	5311	0	5477
22836	102	18	31	5348	0	5499
22837	5358	14	42	75	0	5489
22838	67	5324	42	58	0	5491
22839	69	5157	31	24	0	5281
22840	5093	60	39	23	0	5215
22841	61	42	5074	24	0	5201
22842	4929	14	48	13	0	5004
22843	60	12	45	5146	0	5263
22844	49	18	5203	35	0	5305
22845	5111	13	37	35	0	5196
22846	51	15	37	5281	0	5384
22847	63	8	10	5403	0	5484
22848	29	11	24	5517	0	5581
22849	39	12	10	5570	0	5631
22850	5451	20	17	53	0	5541
22851	39	5381	25	41	0	5486
22852	4934	18	13	14	0	4979
22853	32	26	5003	7	0	5068
22854	29	15	4847	10	0	4901
22855	19	5104	28	11	0	5162
22856	19	56	55	4969	0	5099
22857	17	27	5003	15	0	5062
22858	9	4813	17	22	0	4861
22859	10	15	4684	19	0	4728
22860	6	13	10	4573	0	4602
22861	3	4	6	4687	0	4700
22862	4693	3	2	12	0	4710
22863	13	0	0	4632	0	4645
22864	4580	2	4	13	0	4599
22865	13	4	4666	13	0	4696
22866	6	4736	11	4	0	4757
22867	5	9	5	4989	0	5008
22868	6	7	3	5390	0	5406
22869	8	6	5541	14	0	5569
22870	7	8	5325	12	0	5352
22871	5114	2	3	9	0	5128
22872	5630	0	4	5	0	5639
22873	3	4	2	5594	0	5603
22874	6	1	2	5572	0	5581
22875	2	5565	2	8	0	5577
22876	2	2	2	5690	0	5696
22877	5742	2	3	2	0	5749
22878	5704	4	1	10	0	5719
22879	8	5939	4	10	0	5961
22880	5944	8	3	4	0	5959
22881	5898	8	0	6	0	5912
22882	20	3	1	6192	0	6216
22883	16	6366	4	13	0	6399
22884	7	11	2	6404	0	6424
22885	3	21	1	6467	0	6492
22886	4	7	6377	40	0	6428
22887	6226	3	14	32	0	6275
22888	20	6	24	6919	0	6969
22889	34	2	8	7239	0	7283
22890	8	8471	6	68	0	8553
22891	7	49	2	9046	0	9104
22892	9194	72	3	71	0	9340
22893	9668	13	6	95	0	9782
22894	167	9	9789	15	0	9980
22895	117	11	9807	9	0	9944
22896	26	6	183	9779	0	9994
22897	12	8	116	10423	0	10559
22898	3	10	10464	190	0	10667
22899	13	9	10479	131	0	10632
22900	12	11	193	10001	0	10217
22901	6	4	10748	93	0	10851
22902	14	4	10725	119	0	10862
22903	6	3	202	10232	0	10443
22904	10657	2	127	90	0	10876
22905	10796	2	22	126	0	10946
22906	198	4	16	10630	0	10848
22907	129	4	7	10835	0	10975
22908	10761	3	8	205	0	10977
22909	94	4	7	10753	0	10858
22910	10735	7	10	110	0	10862
22911	10544	9	15	134	0	10702
22912	213	2	13	10652	0	10880
22913	139	5	5	10790	0	10939
22914	10412	6	10	218	0	10646
22915	90	10662	24	157	0	10933
22916	121	10740	14	50	0	10925
22917	38	194	10	10380	0	10622
22918	45	126	10420	104	0	10695
22919	23	25	99	10335	0	10482
22920	10300	12	126	125	0	10563
22921	97	8	28	10443	0	10576
22922	10419	15	23	124	0	10581
22923	113	13	10396	160	0	10682
22924	10296	10	94	56	0	10456
22925	119	7	136	10559	0	10821
22926	134	8	34	10739	0	10915
22927	63	17	11117	232	0	11429
22928	29	7	107	11061	0	11204
22929	30	13	135	11219	0	11397
22930	27	13	34	11487	0	11561
22931	11166	10	27	248	0	11451
22932	114	20	11255	170	0	11559
22933	152	11	11129	69	0	11361
22934	10847	10	222	60	0	11139
22935	11110	5	156	46	0	11317
22936	237	22	11439	54	0	11752
22937	177	13	119	10757	0	11066
22938	52	11517	157	124	0	11850
22939	45	96	53	11686	0	11880
22940	11602	119	67	151	0	11939
22941	11660	24	55	174	0	11913
22942	229	19	57	11412	0	11717
22943	167	11642	64	162	0	12035
22944	64	90	76	11045	0	11275
22945	55	11592	74	173	0	11894
22946	11503	101	49	183	0	11836
22947	11235	127	55	99	0	11516
22948	11281	24	66	72	0	11443
22949	256	11012	70	88	0	11426
22950	191	11298	65	94	0	11648
22951	83	203	42	11352	0	11680
22952	74	135	43	11411	0	11663
22953	57	31	46	11435	0	11569
22954	84	20	38	11523	0	11665
22955	84	27	11054	305	0	11470
22956	10133	24	114	238	0	10509
22957	166	26	11285	115	0	11592
22958	11013	20	152	100	0	11285
22959	177	28	11626	95	0	11926
22960	11322	20	134	104	0	11580
22961	193	22	11832	101	0	12148
22962	11350	30	156	91	0	11627
22963	170	21	172	11798	0	12161
22964	12077	31	68	170	0	12346
22965	171	27	54	12242	0	12494
22966	216	23	45	12221	0	12505
22967	85	20	55	11826	0	11986
22968	83	11478	63	307	0	11931
22969	11238	107	50	239	0	11634
22970	11184	152	35	116	0	11487
22971	283	11391	47	120	0	11841
22972	210	108	47	11387	0	11752
22973	115	150	11235	169	0	11669
22974	10843	32	131	228	0	11234
22975	11261	29	164	110	0	11564
22976	11186	25	66	107	0	11384
22977	305	23	57	10729	0	11114
22978	211	10832	50	164	0	11257
22979	90	100	45	10903	0	11138
22980	10797	137	47	169	0	11150
22981	170	31	49	10400	0	10650
22982	160	10350	61	132	0	10703
22983	9978	90	49	169	0	10286
22984	153	126	10273	73	0	10625
22985	239	39	10129	73	0	10480
22986	85	10141	217	65	0	10508
22987	69	9923	165	56	0	10213
22988	192	198	9327	51	0	9768
22989	97	133	9007	48	0	9285
22990	95	457	130	7019	0	7701
22991	7334	16	83	57	0	7490
22992	58	19	7368	63	0	7508
22993	40	6884	34	24	0	6982
22994	6962	19	42	24	0	7047
22995	27	6995	12	17	0	7051
22996	6589	19	11	8	0	6627
22997	21	6627	9	10	0	6667
22998	24	6784	10	10	0	6828
22999	18	33	2	6781	0	6834
23000	8	23	9	6774	0	6814
23001	15	14	6508	30	0	6567
23002	17	4	8	6319	0	6348
23003	6462	2	18	18	0	6500
23004	6452	8	4	18	0	6482
23005	29	4	1	6343	0	6377
23006	37	11	6304	16	0	6368
23007	17	12	6193	29	0	6251
23008	11	4	22	6284	0	6321
23009	13	6	6519	17	0	6555
23010	7	7	14	6352	0	6380
23011	13	4	20	6357	0	6394
23012	11	10	6998	31	0	7050
23013	6313	7	27	38	0	6385
23014	6959	8	35	19	0	7021
23015	50	21	7102	7	0	7180
23016	41	13	7301	9	0	7364
23017	12	2	85	7122	0	7221
23018	12	3	61	8071	0	8147
23019	13	10	13	8265	0	8301
23020	8	6	14	8353	0	8381
23021	8264	11	8	114	0	8397
23022	8707	5	6	77	0	8795
23023	126	10	3	9402	0	9541
23024	97	5	6	9757	0	9865
23025	30	18	10432	166	0	10646
23026	8	11	96	10655	0	10770
23027	13	7	129	11132	0	11281
23028	11421	3	35	265	0	11724
23029	125	12464	17	176	0	12782
23030	163	141	10	12376	0	12690
23031	38	173	4	12512	0	12727
23032	19	32	7	12237	0	12295
23033	9	11755	25	355	0	12144
23034	9	12311	23	200	0	12543
23035	22	303	12	12158	0	12495
23036	19	186	10	12047	0	12262
23037	19	32	15	12361	0	12427
23038	11602	11	8	372	0	11993
23039	145	11815	17	250	0	12227
23040	12011	151	15	60	0	12237
23041	12010	180	11	41	0	12242
23042	329	34	12	11549	0	11924
23043	194	11625	23	163	0	12005
23044	11592	151	23	209	0	11975
23045	157	187	10	11734	0	12088
23046	11981	44	12	202	0	12239
23047	185	22	10	12102	0	12319
23048	200	30	12011	214	0	12455
23049	54	18	12197	230	0	12499
23050	37	16	326	11994	0	12373
23051	20	28	202	12038	0	12288
23052	35	24	33	11758	0	11850
23053	26	11797	32	365	0	12220
23054	32	12337	18	252	0	12639
23055	12045	328	4	78	0	12455
23056	11680	218	10	66	0	11974
23057	319	11924	25	74	0	12342
23058	218	11722	21	64	0	12025
23059	39	12072	16	79	0	12206
23060	11232	338	20	68	0	11658
23061	152	11621	19	83	0	11875
23062	175	188	18	11443	0	11824
23063	11369	185	15	207	0	11776
23064	11290	41	16	229	0	11576
23065	339	34	15	11031	0	11419
23066	223	39	10951	193	0	11406
23067	60	39	11025	222	0	11346
23068	54	43	311	10948	0	11356
23069	54	46	11376	208	0	11684
23070	58	41	178	11151	0	11428
23071	52	55	180	11140	0	11427
23072	58	53	11195	362	0	11668
23073	71	52	11222	241	0	11586
23074	56	36	339	10945	0	11376
23075	52	48	210	11393	0	11703
23076	11046	42	53	381	0	11522
23077	179	11096	49	267	0	11591
23078	208	11586	38	123	0	11955
23079	11220	348	21	104	0	11693
23080	11376	219	29	105	0	11729
23081	346	11356	51	98	0	11851
23082	234	11506	34	112	0	11886
23083	11359	363	35	80	0	11837
23084	204	239	35	11193	0	11671
23085	11218	73	40	247	0	11578
23086	209	11195	38	281	0	11723
23087	11335	195	36	129	0	11695
23088	249	215	11119	110	0	11693
23089	10935	80	182	121	0	11318
23090	244	57	11283	110	0	11694
23091	230	54	214	10925	0	11423
23092	10778	51	206	276	0	11311
23093	229	60	10636	283	0	11208
23094	233	66	189	10545	0	11033
23095	10509	79	207	263	0	11058
23096	222	72	10523	293	0	11110
23097	228	59	187	10568	0	11042
23098	10284	66	207	256	0	10813
23099	208	10336	70	267	0	10881
23100	235	224	38	10405	0	10902
23101	103	220	46	10435	0	10804
23102	81	92	39	10397	0	10609
23103	88	10431	32	405	0	10956
23104	112	239	33	10794	0	11178
23105	114	219	53	10845	0	11231
23106	113	84	32	10985	0	11214
23107	120	66	48	11236	0	11470
23108	88	92	10908	431	0	11519
23109	10293	66	196	295	0	10850
23110	10745	59	222	114	0	11140
23111	401	10842	68	124	0	11435
23112	259	187	48	10353	0	10847
23113	104	201	60	10235	0	10600
23114	82	10367	67	400	0	10916
23115	69	178	70	10287	0	10604
23116	9743	181	69	252	0	10245
23117	182	9695	62	242	0	10181
23118	9252	166	58	99	0	9575
23119	183	171	46	9166	0	9566
23120	178	50	9159	221	0	9608
23121	67	9189	161	223	0	9640
23122	8418	177	178	86	0	8859
23123	148	8023	49	48	0	8268
23124	126	7881	29	59	0	8095
23125	6808	175	90	47	0	7120
23126	106	80	6816	37	0	7039
23127	60	6143	68	30	0	6301
23128	4857	142	284	77	0	5360
23129	4398	33	8	15	0	4454
23130	48	4470	7	9	0	4534
23131	24	30	7	4568	0	4629
23132	5	29	4745	43	0	4822
23133	10	7	29	4686	0	4732
23134	8	5	20	4716	0	4749
23135	6	8	6	4888	0	4908
23136	9	9	4882	53	0	4953
23137	9	8	25	4705	0	4747
23138	11	10	4906	31	0	4958
23139	7	6	4766	31	0	4810
23140	4044	8	42	19	0	4113
23141	26	4884	22	9	0	4941
23142	24	4928	5	14	0	4971
23143	21	48	6	5009	0	5084
23144	5687	26	16	41	0	5770
23145	5698	7	4	26	0	5735
23146	5551	8	10	13	0	5582
23147	5591	10	6	9	0	5616
23148	5345	7	7	9	0	5368
23149	61	13	5303	11	0	5388
23150	30	12	23	5183	0	5248
23151	9	5356	23	31	0	5419
23152	15	26	7	5360	0	5408
23153	5364	24	9	34	0	5431
23154	28	5365	10	37	0	5440
23155	32	27	9	5385	0	5453
23156	5444	28	8	33	0	5513
23157	5599	8	6	39	0	5652
23158	55	6	6	5601	0	5668
23159	38	9	10	5546	0	5603
23160	18	5	7	5620	0	5650
23161	19	11	5575	61	0	5666
23162	19	11	5620	38	0	5688
23163	14	8	49	5745	0	5816
23164	8	10	28	5837	0	5883
23165	5808	5	9	59	0	5881
23166	5743	5	9	42	0	5799
23167	5893	14	10	16	0	5933
23168	6101	11	7	20	0	6139
23169	5967	10	8	22	0	6007
23170	62	6187	3	22	0	6274
23171	6299	35	4	28	0	6366
23172	6347	31	9	20	0	6407
23173	6393	8	6	16	0	6423
23174	68	12	4	6644	0	6728
23175	35	14	6667	43	0	6759
23176	23	5	34	6774	0	6836
23177	25	14	7213	49	0	7301
23178	32	14	36	6710	0	6792
23179	22	7270	40	47	0	7379
23180	7245	36	4	47	0	7332
23181	7418	39	11	20	0	7488
23182	76	8	7	7585	0	7676
23183	48	11	7	7925	0	7991
23184	31	12	6	7917	0	7966
23185	20	8215	9	82	0	8326
23186	8186	37	4	44	0	8271
23187	8106	40	8	19	0	8173
23188	76	8401	16	20	0	8513
23189	48	33	9	8405	0	8495
23190	18	41	14	8141	0	8214
23191	16	8561	13	77	0	8667
23192	8595	36	16	49	0	8696
23193	8510	47	7	17	0	8581
23194	84	10	7	8544	0	8645
23195	54	12	8665	51	0	8782
23196	24	12	8474	57	0	8567
23197	17	7	77	8817	0	8918
23198	20	12	43	8789	0	8864
23199	18	17	9	8992	0	9036
23200	8998	10	15	92	0	9115
23201	8969	11	8	64	0	9052
23202	85	9598	21	34	0	9738
23203	9615	39	22	34	0	9710
23204	58	59	9798	29	0	9944
23205	85	20	9740	22	0	9867
23206	31	10274	89	24	0	10418
23207	9804	46	76	15	0	9941
23208	45	10007	14	24	0	10090
23209	9905	35	10	14	0	9964
23210	50	58	9884	16	0	10008
23211	65	13	9730	20	0	9828
23212	23	10	78	9544	0	9655
23213	27	18	10175	51	0	10271
23214	23	4	34	10257	0	10318
23215	20	13	57	9630	0	9720
23216	19	10444	15	85	0	10563
23217	23	37	11	10471	0	10542
23218	20	55	16	10561	0	10652
23219	10743	20	7	102	0	10872
23220	56	10801	21	74	0	10952
23221	70	41	8	11054	0	11173
23222	24	72	11092	59	0	11247
23223	9462	12	50	105	0	9629
23224	60	18	10971	33	0	11082
23225	85	15	52	10305	0	10457
23226	29	11330	83	50	0	11492
23227	22	58	19	11014	0	11113
23228	11603	86	10	68	0	11767
23229	11375	15	13	98	0	11501
23230	146	12161	18	39	0	12364
23231	12603	72	11	32	0	12718
23232	12514	93	6	39	0	12652
23233	12699	19	16	25	0	12759
23234	12851	19	17	33	0	12920
23235	11913	20	43	25	0	12001
23236	160	32	12645	29	0	12866
23237	106	22	71	12379	0	12578
23238	39	19	105	12448	0	12611
23239	38	26	27	12260	0	12351
23240	31	12690	25	164	0	12910
23241	24	72	20	12606	0	12722
23242	35	101	12549	90	0	12775
23243	28	12362	79	112	0	12581
23244	26	12038	102	49	0	12215
23245	44	161	18	11945	0	12168
23246	32	99	20	11953	0	12104
23247	35	21	24	11611	0	11691
23248	31	11836	30	159	0	12056
23249	31	11927	26	118	0	12102
23250	11944	143	30	46	0	12163
23251	11772	102	25	35	0	11934
23252	144	12098	23	58	0	12323
23253	12285	76	24	36	0	12421
23254	12483	100	25	58	0	12666
23255	171	26	26	12675	0	12898
23256	120	27	36	12955	0	13138
23257	46	25	30	12954	0	13055
23258	58	32	12983	188	0	13261
23259	51	31	13051	129	0	13262
23260	53	13642	170	68	0	13933
23261	13668	78	131	48	0	13925
23262	117	137	14003	41	0	14298
23263	13514	36	104	50	0	13704
23264	132	52	14763	49	0	14996
23265	14320	28	120	46	0	14514
23266	134	15391	166	46	0	15737
23267	15100	121	36	58	0	15315
23268	139	174	42	15032	0	15387
23269	188	44	37	15247	0	15516
23270	61	67	15113	276	0	15517
23271	66	15746	108	223	0	16143
23272	66	137	157	15687	0	16047
23273	68	183	15614	145	0	16010
23274	13720	44	132	202	0	14098
23275	115	15283	175	81	0	15654
23276	14901	121	42	80	0	15144
23277	116	14841	34	78	0	15069
23278	191	126	29	14648	0	14994
23279	14386	161	38	145	0	14730
23280	114	14684	47	188	0	15033
23281	184	136	27	14715	0	15062
23282	68	185	14501	133	0	14887
23283	13297	50	102	186	0	13635
23284	131	44	153	14341	0	14669
23285	193	51	14166	149	0	14559
23286	59	14112	115	227	0	14513
23287	69	115	158	14024	0	14366
23288	93	177	14089	122	0	14481
23289	71	48	120	13244	0	13483
23290	64	14087	165	126	0	14442
23291	57	14281	53	183	0	14574
23292	92	249	14163	55	0	14559
23293	64	176	110	13954	0	14304
23294	49	58	14376	158	0	14641
23295	13530	49	120	194	0	13893
23296	141	55	179	13361	0	13736
23297	160	13691	53	117	0	14021
23298	52	14159	48	150	0	14409
23299	13771	231	28	43	0	14073
23300	123	14308	29	51	0	14511
23301	13988	115	50	48	0	14201
23302	128	150	13749	31	0	14058
23303	12410	57	96	56	0	12619
23304	109	13357	143	40	0	13649
23305	13140	112	40	41	0	13333
23306	95	13081	31	48	0	13255
23307	141	104	24	12773	0	13042
23308	36	146	30	13074	0	13286
23309	42	53	12994	223	0	13312
23310	11986	49	98	159	0	12292
23311	110	54	13142	51	0	13357
23312	12815	38	127	41	0	13021
23313	132	44	145	12926	0	13247
23314	157	46	40	12912	0	13155
23315	53	13379	31	233	0	13696
23316	49	127	23	13753	0	13952
23317	47	169	31	13954	0	14201
23318	59	48	13763	282	0	14152
23319	12184	32	119	211	0	12546
23320	102	13396	191	63	0	13752
23321	13254	99	41	40	0	13434
23322	113	164	32	13088	0	13397
23323	168	31	47	13232	0	13478
23324	13157	39	47	258	0	13501
23325	122	13496	39	195	0	13852
23326	12834	114	29	36	0	13013
23327	116	12890	39	51	0	13096
23328	161	12608	24	35	0	12828
23329	12485	226	66	29	0	12806
23330	125	174	24	12065	0	12388
23331	168	55	11969	104	0	12296
23332	38	32	103	11755	0	11928
23333	48	31	146	11507	0	11732
23334	29	11717	44	258	0	12048
23335	50	127	25	11904	0	12106
23336	30	170	18	11821	0	12039
23337	36	37	21	12029	0	12123
23338	35	40	21	12311	0	12407
23339	26	48	12096	294	0	12464
23340	41	45	12326	196	0	12608
23341	36	42	260	12495	0	12833
23342	43	36	12764	163	0	13006
23343	43	36	12638	197	0	12914
23344	50	38	282	12425	0	12795
23345	53	54	13119	172	0	13398
23346	49	36	137	11929	0	12151
23347	38	13076	191	139	0	13444
23348	13182	135	35	207	0	13559
23349	158	189	14279	77	0	14703
23350	194	53	162	14020	0	14429
23351	53	43	14721	183	0	15000
23352	40	37	173	15492	0	15742
23353	40	37	230	15899	0	16206
23354	15516	44	45	419	0	16024
23355	196	42	43	15974	0	16255
23356	15213	36	40	244	0	15533
23357	15288	37	41	291	0	15657
23358	402	15430	48	92	0	15972
23359	14956	201	33	73	0	15263
23360	208	14951	37	73	0	15269
23361	233	15029	39	72	0	15373
23362	14515	386	86	60	0	15047
23363	226	230	14629	61	0	15146
23364	240	42	14163	62	0	14507
23365	13254	85	465	62	0	13866
23366	13430	19	235	51	0	13735
23367	347	13608	44	48	0	14047
23368	13939	173	37	56	0	14205
23369	13747	209	40	45	0	14041
23370	13719	40	40	45	0	13844
23371	382	22	31	13438	0	13873
23372	13317	25	42	193	0	13577
23373	194	13650	36	244	0	14124
23374	237	180	38	13744	0	14199
23375	72	207	39	13688	0	14006
23376	53	13773	47	393	0	14266
23377	64	170	33	14056	0	14323
23378	13670	210	52	222	0	14154
23379	13680	47	46	250	0	14023
23380	385	13509	37	102	0	14033
23381	258	13611	42	76	0	13987
23382	13533	360	48	75	0	14016
23383	246	246	13521	71	0	14084
23384	285	66	13510	70	0	13931
23385	102	54	371	13001	0	13528
23386	92	42	235	13524	0	13893
23387	106	84	13387	390	0	13967
23388	101	13077	185	264	0	13627
23389	113	197	230	12659	0	13199
23390	97	273	13364	215	0	13949
23391	98	78	199	13158	0	13533
23392	98	59	250	12800	0	13207
23393	89	13592	83	385	0	14149
23394	92	205	63	13501	0	13861
23395	101	242	73	13552	0	13968
23396	89	71	73	13855	0	14088
23397	13502	53	59	404	0	14018
23398	245	54	52	12984	0	13335
23399	289	13380	60	204	0	13933
23400	13199	206	42	278	0	13725
23401	270	246	12931	117	0	13564
23402	291	80	12795	95	0	13261
23403	12513	71	375	105	0	13064
23404	238	68	233	12901	0	13440
23405	288	56	13167	238	0	13749
23406	97	71	216	13073	0	13457
23407	91	70	253	13355	0	13769
23408	13122	65	73	437	0	13697
23409	13060	64	68	288	0	13480
23410	417	13397	82	134	0	14030
23411	290	224	64	13180	0	13758
23412	146	237	13316	249	0	13948
23413	102	13763	217	303	0	14385
23414	13395	211	236	118	0	13960
23415	234	13922	72	116	0	14344
23416	13595	196	93	91	0	13975
23417	235	240	13521	103	0	14099
23418	13296	75	181	110	0	13662
23419	13849	76	226	89	0	14240
23420	402	85	14344	108	0	14939
23421	286	133	210	13365	0	13994
23422	136	14431	229	247	0	15043
23423	115	14869	83	242	0	15309
23424	109	15064	76	116	0	15365
23425	143	387	70	14407	0	15007
23426	134	258	14704	213	0	15309
23427	114	76	189	14568	0	14947
23428	108	93	213	14924	0	15338
23429	140	79	14888	383	0	15490
23430	116	14912	205	273	0	15506
23431	111	198	232	14708	0	15249
23432	14832	238	66	222	0	15358
23433	236	87	71	14869	0	15263
23434	251	78	71	14638	0	15038
23435	118	14808	76	391	0	15393
23436	14907	207	53	275	0	15442
23437	234	249	47	15339	0	15869
23438	270	92	15242	242	0	15846
23439	109	15142	179	260	0	15690
23440	14644	201	221	94	0	15160
23441	210	234	14871	97	0	15412
23442	14340	91	191	94	0	14716
23443	203	103	215	14301	0	14822
23444	217	14876	103	188	0	15384
23445	14473	193	82	214	0	14962
23446	14248	217	68	100	0	14633
23447	326	14972	100	120	0	15518
23448	205	186	74	14499	0	14964
23449	79	184	47	13967	0	14277
23450	13383	56	62	283	0	13784
23451	142	13559	76	214	0	13991
23452	127	175	39	12321	0	12662
23453	30	12312	56	106	0	12504
23454	31	12047	32	123	0	12233
23455	47	182	26	11673	0	11928
23456	11461	91	68	104	0	11724
23457	68	11666	27	105	0	11866
23458	92	72	20	11496	0	11680
23459	30	88	25	11574	0	11717
23460	39	37	11585	147	0	11808
23461	32	32	11103	111	0	11278
23462	25	11533	125	52	0	11735
23463	36	90	11256	46	0	11428
23464	36	87	61	11061	0	11245
23465	36	39	11717	74	0	11866
23466	30	33	64	11472	0	11599
23467	35	23	72	11858	0	11988
23468	33	38	26	11909	0	12006
23469	11627	33	30	148	0	11838
23470	74	26	26	11641	0	11767
23471	92	44	16	11501	0	11653
23472	38	11629	22	133	0	11822
23473	35	70	27	11487	0	11619
23474	11618	90	20	120	0	11848
23475	73	12042	26	103	0	12244
23476	12004	73	33	55	0	12165
23477	91	99	11962	51	0	12203
23478	97	58	12266	44	0	12465
23479	28	45	130	12420	0	12623
23480	35	45	76	12746	0	12902
23481	43	12912	32	160	0	13147
23482	30	97	32	12704	0	12863
23483	12698	106	23	117	0	12944
23484	12622	45	30	128	0	12825
23485	150	49	33	12856	0	13088
23486	107	50	14104	126	0	14387
23487	42	34	96	14198	0	14370
23488	38	49	100	14873	0	15060
23489	33	45	38	15006	0	15122
23490	31	46	37	14777	0	14891
23491	30	39	47	14471	0	14587
23492	31	14595	49	221	0	14896
23493	14275	113	32	150	0	14570
23494	14427	102	39	99	0	14667
23495	14507	36	29	94	0	14666
23496	180	14973	43	84	0	15280
23497	14694	114	34	89	0	14931
23498	116	15014	29	97	0	15256
23499	150	123	14712	69	0	15054
23500	52	146	104	14112	0	14414
23501	67	49	15097	147	0	15360
23502	42	15143	117	172	0	15474
23503	14753	125	129	86	0	15093
23504	124	142	15493	77	0	15836
23505	153	50	16445	83	0	16731
23506	47	17142	251	79	0	17519
23507	66	150	160	17148	0	17524
23508	53	179	18725	187	0	19144
23509	47	45	155	18073	0	18320
23510	49	39	171	20370	0	20629
23511	49	37	42	21736	0	21864
23512	22473	34	30	402	0	22939
23513	22349	38	33	283	0	22703
23514	416	28	31	22314	0	22789
23515	22591	25	42	270	0	22928
23516	248	27	22402	306	0	22983
23517	279	37	22152	70	0	22538
23518	88	22	22681	83	0	22874
23519	66	37	23218	100	0	23421
23520	53	22504	405	91	0	23053
23521	103	209	326	21622	0	22260
23522	75	223	23019	187	0	23504
23523	20792	32	207	255	0	21286
23524	22593	20	257	56	0	22926
23525	378	22903	74	64	0	23419
23526	22795	171	76	43	0	23085
23527	208	223	68	22603	0	23102
23528	254	46	23518	195	0	24013
23529	78	48	215	21502	0	21843
23530	46	23826	277	185	0	24334
23531	23393	178	76	240	0	23887
23532	23275	239	57	61	0	23632
23533	391	23752	40	95	0	24278
23534	24021	183	46	77	0	24327
23535	23404	238	50	59	0	23751
23536	430	23878	49	73	0	24430
23537	306	201	39	22674	0	23220
23538	69	23623	46	187	0	23925
23539	23572	204	51	261	0	24088
23540	226	309	59	23346	0	23940
23541	23541	57	64	229	0	23891
23542	242	67	54	23576	0	23939
23543	326	87	23195	223	0	23831
23544	22085	51	197	304	0	22637
23545	252	72	23406	92	0	23822
23546	323	48	221	22767	0	23359
23547	126	64	23280	224	0	23694
23548	101	69	216	22936	0	23322
23549	115	54	23349	273	0	23791
23550	21758	59	242	319	0	22378
23551	235	23247	305	105	0	23892
23552	23370	182	101	99	0	23752
23553	256	260	88	23193	0	23797
23554	23043	59	73	248	0	23423
23555	235	23408	100	317	0	24060
23556	298	23367	85	120	0	23870
23557	105	24281	99	102	0	24587
23558	24138	422	77	91	0	24728
23559	250	290	77	24018	0	24635
23560	288	113	66	24364	0	24831
23561	111	109	23998	450	0	24668
23562	150	76	23768	316	0	24310
23563	111	97	418	23748	0	24374
23564	157	95	24754	247	0	25253
23565	103	24504	242	327	0	25176
23566	24132	222	338	123	0	24815
23567	278	304	24694	110	0	25386
23568	348	106	24649	120	0	25223
23569	109	81	499	23812	0	24501
23570	24896	50	347	278	0	25571
23571	256	60	127	25070	0	25513
23572	25062	52	127	291	0	25532
23573	277	71	123	25315	0	25786
23574	360	70	25589	257	0	26276
23575	130	25319	301	361	0	26111
23576	116	235	25878	161	0	26390
23577	104	26082	316	143	0	26645
23578	122	305	347	25237	0	26011
23579	24902	272	115	246	0	25535
23580	279	91	25220	350	0	25940
23581	329	66	243	24789	0	25427
23582	147	66	311	25530	0	26054
23583	25703	74	99	477	0	26353
23584	278	79	108	24975	0	25440
23585	325	25972	130	247	0	26674
23586	24557	225	112	331	0	25225
23587	275	322	24523	123	0	25243
23588	23027	94	238	116	0	23475
23589	259	24668	306	100	0	25333
23590	341	245	71	22787	0	23444
23591	130	24917	84	249	0	25380
23592	24458	227	89	290	0	25064
23593	262	299	24808	135	0	25504
23594	23605	117	218	127	0	24067
23595	248	25007	289	111	0	25655
23596	315	196	79	24736	0	25326
23597	24811	272	83	233	0	25399
23598	24899	82	96	291	0	25368
23599	426	76	83	24987	0	25572
23600	329	128	96	24805	0	25358
23601	121	25174	90	421	0	25806
23602	124	257	80	24744	0	25205
23603	95	28771	105	243	0	29214
23604	104	29794	96	345	0	30339
23605	130	726	75	26355	0	27286
23606	111	28073	93	276	0	28553
23607	198	256	28998	313	0	29765
23608	188	347	29293	110	0	29938
23609	83	29058	581	207	0	29929
23610	160	246	29757	63	0	30226
23611	76	319	29243	65	0	29703
23612	68	68	27901	61	0	28098
23613	38	27455	542	75	0	28110
23614	26169	278	531	43	0	27021
23615	178	26790	84	60	0	27112
23616	310	244	26788	38	0	27380
23617	55	304	219	25927	0	26505
23618	26051	70	302	222	0	26645
23619	220	48	26118	300	0	26686
23620	290	35	246	25217	0	25788
23621	78	39	26570	213	0	26900
23622	43	33	277	25418	0	25771
23623	25167	35	323	257	0	25782
23624	238	37	25770	323	0	26368
23625	304	25822	263	88	0	26477
23626	72	229	328	24659	0	25288
23627	25765	325	87	228	0	26405
23628	258	89	25433	290	0	26070
23629	359	74	274	21986	0	22693
23630	74	25268	368	183	0	25893
23631	25278	245	104	321	0	25948
23632	25694	311	92	84	0	26181
23633	525	98	89	24728	0	25440
23634	375	26119	87	252	0	26833
23635	97	26920	83	372	0	27472
23636	27162	555	80	98	0	27895
23637	299	403	93	25711	0	26506
23638	364	27356	108	310	0	28138
23639	26520	327	98	363	0	27308
23640	307	392	87	27338	0	28124
23641	384	102	85	27569	0	28140
23642	119	87	26179	650	0	27035
23643	64	27229	301	465	0	28059
23644	79	27913	382	137	0	28511
23645	86	634	123	27247	0	28090
23646	27401	417	94	314	0	28226
23647	308	27576	80	426	0	28390
23648	27436	326	74	113	0	27949
23649	344	27613	90	97	0	28144
23650	405	359	73	26954	0	27791
23651	27289	409	75	298	0	28071
23652	344	135	76	27475	0	28030
23653	434	120	27329	356	0	28239
23654	140	107	318	25217	0	25782
23655	94	26988	398	332	0	27812
23656	26291	357	107	386	0	27141
23657	344	26868	99	126	0	27437
23658	395	403	91	25146	0	26035
23659	133	449	73	26287	0	26942
23660	123	152	25822	645	0	26742
23661	126	121	25990	455	0	26692
23662	88	139	654	25377	0	26258
23663	113	124	25931	361	0	26529
23664	96	25251	387	417	0	26151
23665	24985	379	411	136	0	25911
23666	344	469	25353	117	0	26283
23667	24462	184	357	130	0	25133
23668	25139	150	411	110	0	25810
23669	25243	140	168	113	0	25664
23670	25238	143	149	116	0	25646
23671	659	151	145	24560	0	25515
23672	450	155	153	23495	0	24253
23673	148	24300	184	649	0	25281
23674	23423	376	196	441	0	24436
23675	365	463	23423	151	0	24402
23676	433	195	400	22590	0	23618
23677	174	174	476	22809	0	23633
23678	159	164	22716	661	0	23700
23679	153	22775	415	490	0	23833
23680	176	371	480	21575	0	22602
23681	175	445	198	22905	0	23723
23682	22355	173	165	663	0	23356
23683	385	22214	154	574	0	23327
23684	475	358	116	21316	0	22265
23685	186	22007	171	405	0	22769
23686	196	394	156	22219	0	22965
23687	21712	438	132	437	0	22719
23688	21920	168	139	491	0	22718
23689	701	141	124	21603	0	22569
23690	21686	141	138	437	0	22402
23691	21233	153	127	494	0	22007
23692	688	21315	111	251	0	22365
23693	538	371	120	19850	0	20879
23694	206	21155	151	381	0	21893
23695	184	425	79	21076	0	21764
23696	20492	466	92	449	0	21499
23697	436	212	91	20812	0	21551
23698	494	183	65	20886	0	21628
23699	239	175	20387	734	0	21535
23700	218	19754	313	503	0	20788
23701	238	20449	352	238	0	21277
23702	19758	641	97	265	0	20761
23703	353	399	53	15667	0	16472
23704	14186	158	55	296	0	14695
23705	317	13708	59	332	0	14416
23706	277	12891	61	152	0	13381
23707	107	13318	52	146	0	13623
23708	10792	379	255	97	0	11523
23709	166	10939	64	101	0	11270
23710	9640	180	257	95	0	10172
23711	9377	100	35	81	0	9593
23712	9615	43	28	52	0	9738
23713	202	51	19	10027	0	10299
23714	125	54	21	10316	0	10516
23715	65	35	21	10406	0	10527
23716	54	43	21	10415	0	10533
23717	10119	26	26	260	0	10431
23718	147	10120	36	143	0	10446
23719	144	136	16	10190	0	10486
23720	10237	121	22	153	0	10533
23721	156	32	25	10089	0	10302
23722	153	38	16	10154	0	10361
23723	9985	35	26	245	0	10291
23724	151	42	9909	154	0	10256
23725	136	48	111	9799	0	10094
23726	61	34	10123	152	0	10370
23727	49	34	122	9795	0	10000
23728	44	79	105	9859	0	10087
23729	9472	23	36	229	0	9760
23730	121	9403	31	159	0	9714
23731	126	9205	19	55	0	9405
23732	8520	160	22	49	0	8751
23733	113	8773	12	40	0	8938
23734	8645	83	66	40	0	8834
23735	126	75	8493	33	0	8727
23736	7434	13	55	17	0	7519
23737	7594	5	64	17	0	7680
23738	7724	5	9	22	0	7760
23739	99	9	7	7513	0	7628
23740	56	8	3	7494	0	7561
23741	11	7569	11	99	0	7690
23742	16	98	6	7503	0	7623
23743	7360	48	3	66	0	7477
23744	47	7507	14	60	0	7628
23745	51	7481	5	22	0	7559
23746	7322	90	2	10	0	7424
23747	63	56	7367	9	0	7495
23748	54	17	40	7168	0	7279
23749	21	10	7495	57	0	7583
23750	17	8	44	7069	0	7138
23751	11	7484	48	43	0	7586
23752	12	41	6	7554	0	7613
23753	7408	43	4	49	0	7504
23754	52	9	2	7464	0	7527
23755	54	9	7753	57	0	7873
23756	6811	2	51	71	0	6935
23757	50	7941	54	22	0	8067
23758	51	8502	11	19	0	8583
23759	8810	104	1	20	0	8935
23760	9454	60	2	18	0	9534
23761	148	17	9615	16	0	9796
23762	8928	8	88	17	0	9041
23763	95	9659	79	23	0	9856
23764	9792	90	9	19	0	9910
23765	107	87	6	9106	0	9306
23766	81	9142	11	83	0	9317
23767	9203	90	7	82	0	9382
23768	114	85	9228	14	0	9441
23769	86	16	91	9158	0	9351
23770	9494	7	77	107	0	9685
23771	125	13	9521	87	0	9746
23772	9411	9	98	26	0	9544
23773	106	14	75	9492	0	9687
23774	88	18	9	9670	0	9785
23775	34	16	9713	184	0	9947
23776	22	14	97	9660	0	9793
23777	9793	9	82	123	0	10007
23778	104	9793	16	117	0	10030
23779	9869	101	8	37	0	10015
23780	9828	86	14	30	0	9958
23781	186	24	6	9752	0	9968
23782	103	19	10012	125	0	10259
23783	29	13	104	9954	0	10100
23784	9996	13	85	132	0	10226
23785	114	10035	21	111	0	10281
23786	10187	101	16	46	0	10350
23787	121	87	21	10033	0	10262
23788	103	19	13	10211	0	10346
23789	39	21	21	10360	0	10441
23790	37	16	10150	193	0	10396
23791	30	19	106	10206	0	10361
23792	41	30	10370	123	0	10564
23793	38	34	10398	105	0	10575
23794	43	23	180	11268	0	11514
23795	41	33	11543	129	0	11746
23796	12152	22	120	148	0	12442
23797	163	24	130	13060	0	13377
23798	201	21	38	12591	0	12851
23799	55	13370	24	300	0	13749
23800	13420	154	27	200	0	13801
23801	13753	182	18	62	0	14015
23802	341	14227	31	41	0	14640
23803	219	156	21	14125	0	14521
23804	71	200	14248	185	0	14704
23805	13382	37	163	216	0	13798
23806	14376	23	192	66	0	14657
23807	353	27	43	13739	0	14162
23808	231	46	13579	177	0	14033
23809	63	13458	176	241	0	13938
23810	13193	157	211	66	0	13627
23811	207	206	13393	53	0	13859
23812	217	13292	172	37	0	13718
23813	12618	133	213	37	0	13001
23814	12576	166	48	39	0	12829
23815	299	40	28	12257	0	12624
23816	212	12716	41	150	0	13119
23817	63	152	32	13267	0	13514
23818	52	199	25	13281	0	13557
23819	56	40	20	13292	0	13408
23820	48	27	30	13446	0	13551
23821	56	40	13162	333	0	13591
23822	59	29	144	13134	0	13366
23823	53	29	188	13317	0	13587
23824	58	34	13190	341	0	13623
23825	52	13132	146	246	0	13576
23826	13060	148	189	80	0	13477
23827	13056	186	53	60	0	13355
23828	324	39	25	13160	0	13548
23829	13295	24	39	201	0	13559
23830	193	31	38	13467	0	13729
23831	215	33	13682	229	0	14159
23832	85	35	13604	238	0	13962
23833	55	13559	337	99	0	14050
23834	13238	165	233	70	0	13706
23835	208	207	14068	89	0	14572
23836	230	57	197	12584	0	13068
23837	79	40	230	14480	0	14829
23838	63	31	66	15026	0	15186
23839	71	24	47	15099	0	15241
23840	66	35	48	15114	0	15263
23841	62	42	14654	503	0	15261
23842	66	31	226	14731	0	15054
23843	14530	44	259	285	0	15118
23844	223	14630	82	322	0	15257
23845	14539	204	62	115	0	14920
23846	237	14786	63	110	0	15196
23847	14726	232	44	97	0	15099
23848	14978	248	48	107	0	15381
23849	452	61	55	14711	0	15279
23850	311	52	49	15002	0	15414
23851	14651	42	43	487	0	15223
23852	14370	42	62	336	0	14810
23853	14586	51	65	121	0	14823
23854	477	14285	68	103	0	14933
23855	296	14332	61	121	0	14810
23856	118	398	14070	105	0	14691
23857	82	297	200	13611	0	14190
23858	80	60	13782	284	0	14206
23859	63	13152	233	313	0	13761
23860	64	186	231	12257	0	12738
23861	69	207	58	12361	0	12695
23862	57	58	60	12742	0	12917
23863	12302	52	37	408	0	12799
23864	12211	44	33	291	0	12579
23865	364	12428	59	134	0	12985
23866	267	168	48	12352	0	12835
23867	118	236	12417	211	0	12982
23868	92	79	12098	270	0	12539
23869	12023	43	358	105	0	12529
23870	12199	58	255	102	0	12614
23871	388	50	74	12063	0	12575
23872	12306	38	49	228	0	12621
23873	227	48	12040	299	0	12614
23874	245	12022	202	140	0	12609
23875	104	168	238	11896	0	12406
23876	90	227	12291	240	0	12848
23877	77	75	183	12282	0	12617
23878	75	57	237	12398	0	12767
23879	64	72	12429	428	0	12993
23880	11481	44	192	346	0	12063
23881	12437	45	217	161	0	12860
23882	366	12983	87	146	0	13582
23883	13243	192	50	134	0	13619
23884	13453	237	54	136	0	13880
23885	465	71	13612	114	0	14262
23886	13193	51	208	112	0	13564
23887	274	14188	259	131	0	14852
23888	14410	216	81	103	0	14810
23889	14547	253	66	86	0	14952
23890	14997	72	57	94	0	15220
23891	14535	50	75	94	0	14754
23892	14727	71	65	95	0	14958
23893	508	14475	48	116	0	15147
23894	13547	191	66	87	0	13891
23895	259	13614	63	99	0	14035
23896	200	11815	38	63	0	12116
23897	70	12254	43	65	0	12432
23898	11872	286	116	56	0	12330
23899	11796	171	42	69	0	12078
23900	311	49	11739	65	0	12164
23901	11750	43	159	57	0	12009
23902	11736	39	150	46	0	11971
23903	350	30	11863	50	0	12293
23904	205	34	172	11566	0	11977
23905	80	41	158	11740	0	12019
23906	72	35	46	12242	0	12395
23907	76	24	33	12359	0	12492
23908	74	27	28	12347	0	12476
23909	77	30	11986	340	0	12433
23910	82	11997	178	197	0	12454
23911	11616	186	150	68	0	12020
23912	204	11917	47	72	0	12240
23913	11959	195	33	41	0	12228
23914	11831	169	33	36	0	12069
23915	355	64	11651	34	0	12104
23916	219	81	167	9999	0	10466
23917	71	11187	165	171	0	11594
23918	11233	161	62	142	0	11598
23919	11260	145	36	52	0	11493
23920	11340	47	34	38	0	11459
23921	329	11450	24	50	0	11853
23922	11518	165	28	43	0	11754
23923	11511	144	29	40	0	11724
23924	11609	40	27	39	0	11715
23925	370	35	25	11176	0	11606
23926	210	44	24	11321	0	11599
23927	92	48	20	11571	0	11731
23928	11259	41	21	292	0	11613
23929	222	11353	31	161	0	11767
23930	11378	163	27	41	0	11609
23931	11000	141	24	33	0	11198
23932	10847	39	24	26	0	10936
23933	10714	39	24	33	0	10810
23934	328	10402	25	39	0	10794
23935	9657	142	21	20	0	9840
23936	199	9597	21	37	0	9854
23937	138	9188	18	26	0	9370
23938	9025	191	33	28	0	9277
23939	154	8992	8	25	0	9179
23940	147	9187	14	24	0	9372
23941	9181	189	21	15	0	9406
23942	9245	126	20	13	0	9404
23943	235	52	10	8936	0	9233
23944	157	37	6	9164	0	9364
23945	9297	43	15	182	0	9537
23946	9488	34	18	108	0	9648
23947	9451	31	23	33	0	9538
23948	225	58	9091	28	0	9402
23949	9308	38	105	31	0	9482
23950	164	47	86	9280	0	9577
23951	141	38	27	9374	0	9580
23952	80	31	20	9472	0	9603
23953	71	32	33	9523	0	9659
23954	86	43	9193	208	0	9530
23955	80	42	9206	119	0	9447
23956	81	34	184	9222	0	9521
23957	81	31	9312	140	0	9564
23958	82	34	9295	119	0	9530
23959	70	51	196	9137	0	9454
23960	84	30	103	9560	0	9777
23961	83	36	43	9784	0	9946
23962	80	32	36	9807	0	9955
23963	9706	42	22	236	0	10006
23964	10191	32	36	153	0	10412
23965	252	33	25	9993	0	10303
23966	176	28	28	10049	0	10281
23967	80	44	31	10087	0	10242
23968	88	34	30	10055	0	10207
23969	89	31	18	9916	0	10054
23970	83	9939	43	237	0	10302
23971	9903	131	25	152	0	10211
23972	169	10095	26	79	0	10369
23973	10128	134	20	63	0	10345
23974	10088	122	14	69	0	10293
23975	10164	48	14	60	0	10286
23976	274	45	21	9560	0	9900
23977	9633	39	13	136	0	9821
23978	200	45	15	9457	0	9717
23979	178	77	13	9406	0	9674
23980	9459	37	14	224	0	9734
23981	185	9297	12	138	0	9632
23982	129	8835	12	56	0	9032
23983	8534	149	25	45	0	8753
23984	142	89	8439	34	0	8704
23985	7716	31	96	37	0	7880
23986	140	52	67	8001	0	8260
23987	113	7613	8	79	0	7813
23988	57	7722	16	79	0	7874
23989	7635	112	24	38	0	7809
23990	94	82	5	7685	0	7866
23991	85	8193	10	72	0	8360
23992	8004	61	13	69	0	8147
23993	7998	61	1	24	0	8084
23994	8026	17	2	30	0	8075
23995	8072	21	3	19	0	8115
23996	117	7860	12	23	0	8012
23997	53	7782	7	17	0	7859
23998	7795	77	3	15	0	7890
23999	8012	47	4	15	0	8078
24000	86	21	8053	20	0	8180
24001	47	7864	26	16	0	7953
24002	7767	28	40	12	0	7847
24003	8122	39	0	13	0	8174
24004	69	17	8195	10	0	8291
24005	7751	13	34	15	0	7813
24006	41	3	8596	10	0	8650
24007	64	7	9303	31	0	9405
24008	18	32	93	8219	0	8362
24009	10	9267	72	40	0	9389
24010	9691	42	9	68	0	9810
24011	53	69	2	9670	0	9794
24012	73	9	3	9769	0	9854
24013	16	5	2	9944	0	9967
24014	9798	4	2	134	0	9938
24015	56	7	4	9855	0	9922
24016	79	0	4	10204	0	10287
24017	24	11	10202	124	0	10361
24018	9631	7	61	98	0	9797
24019	10372	6	73	12	0	10463
24020	162	10	10453	14	0	10639
24021	9921	6	72	15	0	10014
24022	81	8	83	9989	0	10161
24023	86	10412	15	74	0	10587
24024	20	68	8	10484	0	10580
24025	10148	88	5	76	0	10317
24026	64	10627	10	97	0	10798
24027	94	81	3	10780	0	10958
24028	22	91	5	10977	0	11095
24029	17	10	4	11066	0	11097
24030	24	6	6	10296	0	10332
24031	23	10976	12	163	0	11174
24032	10931	89	13	99	0	11132
24033	11048	107	11	18	0	11184
24034	191	11489	16	19	0	11715
24035	12482	103	12	18	0	12615
24036	12724	111	6	21	0	12862
24037	12671	15	10	19	0	12715
24038	292	15	12395	18	0	12720
24039	162	11	131	12183	0	12487
24040	46	19	12438	147	0	12650
24041	11621	13	142	162	0	11938
24042	138	12376	139	43	0	12696
24043	12121	138	27	27	0	12313
24044	153	12494	19	23	0	12689
24045	169	143	18	11765	0	12095
24046	48	147	21	12194	0	12410
24047	43	30	12281	279	0	12633
24048	24	12468	144	180	0	12816
24049	12192	154	155	35	0	12536
24050	178	161	12383	30	0	12752
24051	12151	24	164	37	0	12376
24052	173	23	161	12348	0	12705
24053	200	27	12537	180	0	12944
24054	38	12535	169	195	0	12937
24055	58	154	159	12397	0	12768
24056	49	167	12616	169	0	13001
24057	48	52	12626	171	0	12897
24058	49	12451	303	68	0	12871
24059	76	164	171	12021	0	12432
24060	71	172	35	11536	0	11814
24061	50	12186	38	268	0	12542
24062	12129	157	42	162	0	12490
24063	195	164	28	11791	0	12178
24064	183	11904	41	162	0	12290
24065	11981	150	51	177	0	12359
24066	11955	164	37	67	0	12223
24067	12238	51	36	56	0	12381
24068	325	12098	47	61	0	12531
24069	12392	160	39	73	0	12664
24070	12305	176	38	52	0	12571
24071	338	47	37	11959	0	12381
24072	12237	40	29	197	0	12503
24073	203	54	26	12290	0	12573
24074	205	48	12070	218	0	12541
24075	93	42	12164	200	0	12499
24076	81	38	311	12048	0	12478
24077	62	49	12425	215	0	12751
24078	11364	38	200	216	0	11818
24079	218	38	183	12246	0	12685
24080	220	39	44	12520	0	12823
24081	90	53	12358	346	0	12847
24082	74	12096	179	233	0	12582
24083	80	12555	197	86	0	12918
24084	87	312	51	12017	0	12467
24085	65	196	39	12310	0	12610
24086	86	56	11947	344	0	12433
24087	79	49	12260	216	0	12604
24088	82	59	316	12143	0	12600
24089	81	58	12055	220	0	12414
24090	11298	43	186	219	0	11746
24091	223	55	187	11697	0	12162
24092	11875	59	56	207	0	12197
24093	232	54	33	11851	0	12170
24094	222	42	55	12022	0	12341
24095	92	68	11858	344	0	12362
24096	85	11943	185	262	0	12475
24097	95	170	190	11917	0	12372
24098	83	200	11858	209	0	12350
24099	84	11566	184	256	0	12090
24100	80	176	195	11697	0	12148
24101	11735	176	78	193	0	12182
24102	227	60	12027	205	0	12519
24103	10929	30	197	92	0	11248
24104	219	44	11562	55	0	11880
24105	10093	39	214	57	0	10403
24106	189	10867	194	77	0	11327
24107	162	10285	76	45	0	10568
24108	73	405	62	9384	0	9924
24109	35	10065	53	151	0	10304
24110	9610	136	55	183	0	9984
24111	154	151	45	9824	0	10174
24112	137	58	33	9961	0	10189
24113	45	36	37	10142	0	10260
24114	35	33	9740	292	0	10100
24115	31	60	145	9651	0	9887
24116	49	29	9593	165	0	9836
24117	38	9274	156	176	0	9644
24118	8778	130	134	53	0	9095
24119	141	9325	45	34	0	9545
24120	9415	120	54	54	0	9643
24121	9464	130	54	49	0	9697
24122	9520	32	38	49	0	9639
24123	9363	31	34	38	0	9466
24124	229	40	8976	52	0	9297
24125	139	34	118	8865	0	9156
24126	47	34	140	9002	0	9223
24127	39	24	44	9194	0	9301
24128	8253	30	43	208	0	8534
24129	8421	28	32	161	0	8642
24130	195	8971	33	80	0	9279
24131	127	92	8807	48	0	9074
24132	78	96	8855	45	0	9074
24133	36	8822	191	42	0	9091
24134	30	8788	130	56	0	9004
24135	120	152	116	7413	0	7801
24136	23	90	14	7351	0	7478
24137	7464	30	15	102	0	7611
24138	50	7621	27	88	0	7786
24139	88	53	13	7950	0	8104
24140	42	68	8110	65	0	8285
24141	34	18	52	8326	0	8430
24142	31	11	79	8502	0	8623
24143	30	14	26	8694	0	8764
24144	22	12	19	8591	0	8644
24145	27	21	8301	145	0	8494
24146	21	8038	59	108	0	8226
24147	29	8182	72	42	0	8325
24148	7613	117	28	23	0	7781
24149	56	7967	18	36	0	8077
24150	84	8173	23	23	0	8303
24151	36	110	29	7849	0	8024
24152	25	81	21	8148	0	8275
24153	22	31	17	8130	0	8200
24154	29	23	8018	133	0	8203
24155	28	8019	55	103	0	8205
24156	39	57	72	7581	0	7749
24157	34	8076	22	66	0	8198
24158	7936	53	22	86	0	8097
24159	62	8056	24	51	0	8193
24160	7909	67	28	45	0	8049
24161	62	81	7774	46	0	7963
24162	7648	32	57	47	0	7784
24163	53	35	78	7869	0	8035
24164	76	42	7958	76	0	8152
24165	7542	40	49	93	0	7724
24166	7855	33	70	42	0	8000
24167	7984	34	27	32	0	8077
24168	128	31	23	7695	0	7877
24169	87	30	7805	82	0	8004
24170	7269	34	66	101	0	7470
24171	71	30	77	7968	0	8146
24172	83	26	30	8080	0	8219
24173	28	69	8270	148	0	8515
24174	32	8288	62	104	0	8486
24175	41	96	70	7818	0	8025
24176	39	8401	20	68	0	8528
24177	8098	80	20	83	0	8281
24178	8112	75	21	33	0	8241
24179	128	40	20	8066	0	8254
24180	8097	19	30	82	0	8228
24181	70	8032	22	94	0	8218
24182	7953	63	21	51	0	8088
24183	74	8124	28	42	0	8268
24184	103	70	21	7951	0	8145
24185	50	71	21	7830	0	7972
24186	36	8158	19	112	0	8325
24187	42	69	22	7988	0	8121
24188	44	73	7886	77	0	8080
24189	30	7866	66	84	0	8046
24190	7330	69	70	35	0	7504
24191	62	7566	31	66	0	7725
24192	62	69	18	7458	0	7607
24193	45	66	7470	77	0	7658
24194	37	35	61	7437	0	7570
24195	26	25	48	7643	0	7742
24196	7171	15	13	146	0	7345
24197	94	15	7503	87	0	7699
24198	78	7519	65	66	0	7728
24199	28	67	8013	38	0	8146
24200	28	60	7788	40	0	7916
24201	17	24	7703	31	0	7775
24202	59	130	93	6890	0	7172
24203	7635	12	57	60	0	7764
24204	43	7684	13	66	0	7806
24205	7900	60	6	23	0	7989
24206	8123	49	11	35	0	8218
24207	96	22	12	7776	0	7906
24208	52	8103	20	62	0	8237
24209	7878	57	7	65	0	8007
24210	53	8203	12	42	0	8310
24211	51	62	11	7829	0	7953
24212	11	56	18	8286	0	8371
24213	15	8332	14	112	0	8473
24214	12	63	4	8369	0	8448
24215	17	67	8104	60	0	8248
24216	19	39	8241	57	0	8356
24217	19	16	100	8127	0	8262
24218	16	16	59	8416	0	8507
24219	20	11	8118	106	0	8255
24220	25	15	7969	72	0	8081
24221	6853	11	114	42	0	7020
24222	58	7907	64	30	0	8059
24223	67	8297	20	48	0	8432
24224	33	108	12	7843	0	7996
24225	28	54	12	7992	0	8086
24226	19	24	14	8171	0	8228
24227	27	18	8065	107	0	8217
24228	25	21	7992	64	0	8102
24229	21	16	99	8041	0	8177
24230	18	15	8043	86	0	8162
24231	18	7893	70	83	0	8064
24232	7808	63	74	30	0	7975
24233	75	64	7859	27	0	8025
24234	68	23	7880	17	0	7988
24235	24	19	103	7773	0	7919
24236	28	16	8656	88	0	8788
24237	14	8725	77	99	0	8915
24238	21	80	74	8837	0	9012
24239	18	73	8797	73	0	8961
24240	10	8610	73	86	0	8779
24241	8377	58	73	13	0	8521
24242	58	81	12	8312	0	8463
24243	72	12	13	8323	0	8420
24244	8321	11	14	121	0	8467
24245	54	8379	11	91	0	8535
24246	8476	59	11	15	0	8561
24247	8460	75	8	18	0	8561
24248	8500	12	16	11	0	8539
24249	118	12	12	8236	0	8378
24250	8094	9	14	69	0	8186
24251	57	7846	18	81	0	8002
24252	70	8226	13	29	0	8338
24253	8308	112	18	17	0	8455
24254	65	76	15	8456	0	8612
24255	80	13	13	8520	0	8626
24256	14	10	15	8668	0	8707
24257	14	17	8355	142	0	8528
24258	20	8367	73	97	0	8557
24259	13	67	87	8481	0	8648
24260	8539	84	18	70	0	8711
24261	75	19	8	8610	0	8712
24262	100	17	8540	85	0	8742
24263	9	8633	69	106	0	8817
24264	8591	66	89	30	0	8776
24265	8532	90	15	28	0	8665
24266	8577	19	19	27	0	8642
24267	144	17	17	8535	0	8713
24268	99	17	8652	90	0	8858
24269	27	24	9010	107	0	9168
24270	27	9194	148	28	0	9397
24271	37	70	119	9181	0	9407
24272	20	114	16	9348	0	9498
24273	8884	16	13	174	0	9087
24274	82	21	15	9076	0	9194
24275	9220	19	14	93	0	9346
24276	92	19	9058	115	0	9284
24277	119	14	9153	34	0	9320
24278	31	20	174	8924	0	9149
24279	34	10	113	9131	0	9288
24280	35	19	20	9424	0	9498
24281	9569	16	20	191	0	9796
24282	9912	18	24	121	0	10075
24283	188	19	24	10045	0	10276
24284	132	22	9957	109	0	10220
24285	38	27	10121	155	0	10341
24286	25	13	212	10039	0	10289
24287	10316	14	139	113	0	10582
24288	103	21	23	10236	0	10383
24289	143	14	32	10385	0	10574
24290	34	17	10429	222	0	10702
24291	37	11	10263	154	0	10465
24292	9739	18	218	60	0	10035
24293	110	21	10398	39	0	10568
24294	138	21	122	9751	0	10032
24295	32	23	134	9954	0	10143
24296	10070	9	33	214	0	10326
24297	106	9962	37	156	0	10261
24298	9888	86	46	42	0	10062
24299	93	9521	25	52	0	9691
24300	9410	84	29	27	0	9550
24301	105	120	9175	47	0	9447
24302	8178	24	177	50	0	8429
24303	8593	11	115	44	0	8763
24304	205	25	31	8613	0	8874
24305	133	14	8621	94	0	8862
24306	44	16	93	8225	0	8378
24307	34	11	124	8126	0	8295
24308	24	8217	29	202	0	8472
24309	37	79	24	7964	0	8104
24310	29	8174	25	112	0	8340
24311	45	86	18	8120	0	8269
24312	7973	105	18	118	0	8214
24313	131	21	21	8021	0	8194
24314	148	20	7961	109	0	8238
24315	7696	8	101	132	0	7937
24316	110	17	8101	60	0	8288
24317	7926	9	98	45	0	8078
24318	8002	12	132	36	0	8182
24319	198	7994	37	47	0	8276
24320	133	8340	35	37	0	8545
24321	8281	182	23	46	0	8532
24322	8427	114	37	26	0	8604
24323	8324	18	25	45	0	8412
24324	8311	18	24	43	0	8396
24325	8310	18	28	39	0	8395
24326	210	16	31	8100	0	8357
24327	145	21	21	8267	0	8454
24328	59	23	8235	207	0	8524
24329	7882	27	96	133	0	8138
24330	120	14	129	8051	0	8314
24331	140	21	40	8138	0	8339
24332	62	14	8130	227	0	8433
24333	44	7939	124	160	0	8267
24334	49	8057	137	54	0	8297
24335	7765	223	47	97	0	8132
24336	7217	114	32	46	0	7409
24337	190	6978	32	55	0	7255
24338	138	6778	33	32	0	6981
24339	6759	155	26	39	0	6979
24340	6934	93	17	37	0	7081
24341	178	21	20	6770	0	6989
24342	135	7	20	6820	0	6982
24343	56	17	21	7060	0	7154
24344	6874	21	16	187	0	7098
24345	6871	13	31	120	0	7035
24346	198	19	26	6958	0	7201
24347	7254	10	27	115	0	7406
24348	114	31	7349	126	0	7620
24349	141	9	100	7346	0	7596
24350	65	18	7421	112	0	7616
24351	36	7284	104	149	0	7573
24352	40	114	159	7107	0	7420
24353	7064	100	34	97	0	7295
24354	112	21	30	7014	0	7177
24355	127	24	21	6974	0	7146
24356	55	21	6935	188	0	7199
24357	61	24	6900	124	0	7109
24358	51	7019	174	40	0	7284
24359	6998	105	108	32	0	7243
24360	7000	104	23	39	0	7166
24361	7016	32	19	18	0	7085
24362	7029	21	18	42	0	7110
24363	206	18	17	6846	0	7087
24364	151	23	18	6589	0	6781
24365	62	6939	26	173	0	7200
24366	6932	82	28	126	0	7168
24367	6843	91	42	54	0	7030
24368	181	29	6610	48	0	6868
24369	5770	11	72	36	0	5889
24370	92	6018	87	39	0	6236
24371	98	135	21	5656	0	5910
24372	47	6007	19	79	0	6152
24373	5873	93	21	104	0	6091
24374	77	5907	16	38	0	6038
24375	94	80	15	5619	0	5808
24376	38	74	23	5674	0	5809
24377	40	19	11	5570	0	5640
24378	37	5496	18	135	0	5686
24379	41	100	13	5511	0	5665
24380	50	115	5	5286	0	5456
24381	21	4931	17	125	0	5094
24382	23	4693	10	82	0	4808
24383	4341	91	18	19	0	4469
24384	63	4451	7	24	0	4545
24385	4144	38	10	24	0	4216
24386	64	62	4090	19	0	4235
24387	63	4020	39	15	0	4137
24388	3955	32	67	19	0	4073
24389	3883	51	12	9	0	3955
24390	81	23	3905	17	0	4026
24391	67	9	32	3808	0	3916
24392	31	11	3970	41	0	4053
24393	19	3855	40	73	0	3987
24394	3715	54	62	25	0	3856
24395	37	3773	12	24	0	3846
24396	67	31	7	3678	0	3783
24397	20	53	6	3723	0	3802
24398	21	9	3728	84	0	3842
24399	17	14	3638	57	0	3726
24400	3409	13	76	21	0	3519
24401	3588	16	44	10	0	3658
24402	3633	8	6	23	0	3670
24403	3605	13	9	18	0	3645
24404	71	3625	10	20	0	3726
24405	63	29	12	3662	0	3766
24406	18	53	11	3644	0	3726
24407	16	3791	13	86	0	3906
24408	3867	34	11	52	0	3964
24409	3863	53	9	18	0	3943
24410	88	10	3910	21	0	4029
24411	3895	16	42	19	0	3972
24412	54	10	52	3910	0	4026
24413	58	20	3919	40	0	4037
24414	30	38	38	3840	0	3946
24415	25	14	3980	48	0	4067
24416	28	8	3869	60	0	3965
24417	22	30	74	3609	0	3735
24418	14	3797	51	37	0	3899
24419	3819	30	14	50	0	3913
24420	3627	50	11	17	0	3705
24421	73	4025	13	14	0	4125
24422	57	4130	10	19	0	4216
24423	4185	71	30	19	0	4305
24424	4172	47	10	16	0	4245
24425	4203	9	16	12	0	4240
24426	4210	17	13	8	0	4248
24427	82	13	7	4245	0	4347
24428	63	22	4273	37	0	4395
24429	25	4301	38	43	0	4407
24430	4244	37	39	16	0	4336
24431	40	4553	12	20	0	4625
24432	4512	34	8	14	0	4568
24433	4482	50	5	20	0	4557
24434	72	21	4669	17	0	4779
24435	51	4838	28	16	0	4933
24436	18	46	46	4783	0	4893
24437	12	56	8	4840	0	4916
24438	12	10	9	4835	0	4866
24439	4866	15	3	71	0	4955
24440	4658	11	4	55	0	4728
24441	4689	12	6	9	0	4716
24442	78	4770	9	21	0	4878
24443	4661	24	2	8	0	4695
24444	29	4768	7	16	0	4820
24445	54	22	4700	20	0	4796
24446	10	4719	29	16	0	4774
24447	39	57	58	4227	0	4381
24448	12	28	4	4196	0	4240
24449	9	9	4198	43	0	4259
24450	10	5	21	4022	0	4058
24451	7	6	25	4169	0	4207
24452	4191	6	8	42	0	4247
24453	4106	9	6	31	0	4152
24454	4175	3	6	11	0	4195
24455	44	4268	12	7	0	4331
24456	4213	20	8	7	0	4248
24457	4092	31	3	8	0	4134
24458	52	4330	9	11	0	4402
24459	34	17	5	4317	0	4373
24460	11	34	3	4339	0	4387
24461	4314	7	5	48	0	4374
24462	26	7	4279	35	0	4347
24463	39	4205	18	15	0	4277
24464	7	50	31	3986	0	4074
24465	10	4126	4	15	0	4155
24466	11	4167	4	29	0	4211
24467	4138	37	6	5	0	4186
24468	4076	31	6	5	0	4118
24469	46	7	3	4191	0	4247
24470	29	6	5	4141	0	4181
24471	6	7	3	4182	0	4198
24472	11	6	8	4166	0	4191
24473	14	12	4070	44	0	4140
24474	12	6	3942	34	0	3994
24475	9	10	41	4076	0	4136
24476	11	7	4344	28	0	4390
24477	12	4408	18	35	0	4473
24478	4439	22	29	6	0	4496
24479	4471	33	5	6	0	4515
24480	52	2	6	4520	0	4580
24481	36	6	2	4560	0	4604
24482	11	5	7	4583	0	4606
24483	12	4660	4	55	0	4731
24484	4630	23	7	40	0	4700
24485	4585	40	6	8	0	4639
24486	58	12	4660	8	0	4738
24487	42	17	23	4817	0	4899
24488	10	12	5136	41	0	5199
24489	18	11	33	5441	0	5503
24490	14	7	41	5408	0	5470
24491	12	4	8	5470	0	5494
24492	6	11	8	5640	0	5665
24493	5593	7	5	118	0	5723
24494	5709	11	11	75	0	5806
24495	5881	10	9	28	0	5928
24496	131	17	5	5843	0	5996
24497	95	9	5836	72	0	6012
24498	5560	12	54	78	0	5704
24499	68	9	73	5886	0	6036
24500	5951	6	14	64	0	6035
24501	63	11	12	5903	0	5989
24502	74	5801	4	83	0	5962
24503	23	6073	11	85	0	6192
24504	20	118	21	6087	0	6246
24505	17	80	14	5962	0	6073
24506	29	10	6	5986	0	6031
24507	21	5956	10	130	0	6117
24508	5798	57	11	85	0	5951
24509	60	5971	8	31	0	6070
24510	74	61	5895	19	0	6049
24511	18	80	52	5743	0	5893
24512	10	6184	83	63	0	6340
24513	25	59	15	6113	0	6212
24514	20	70	7	6140	0	6237
24515	15	29	6112	141	0	6297
24516	5379	15	61	115	0	5570
24517	69	6336	77	38	0	6520
24518	6390	63	18	24	0	6495
24519	6403	80	14	29	0	6526
24520	6438	23	8	30	0	6499
24521	159	20	6048	28	0	6255
24522	107	22	60	5750	0	5939
24523	34	17	88	5920	0	6059
24524	29	21	5838	150	0	6038
24525	5144	17	61	125	0	5347
24526	70	13	5939	59	0	6081
24527	96	18	5663	29	0	5806
24528	22	5715	124	26	0	5887
24529	39	56	89	5534	0	5718
24530	17	83	5734	70	0	5904
24531	5216	12	58	91	0	5377
24532	5421	18	84	29	0	5552
24533	136	13	5556	28	0	5733
24534	97	9	62	5348	0	5516
24535	31	15	5571	72	0	5689
24536	16	5616	62	99	0	5793
24537	5936	62	81	42	0	6121
24538	5984	76	14	34	0	6108
24539	6089	17	25	29	0	6160
24540	160	14	21	6012	0	6207
24541	105	18	15	6126	0	6264
24542	30	21	6039	153	0	6243
24543	5818	18	72	105	0	6013
24544	79	12	89	5998	0	6178
24545	5990	12	37	77	0	6116
24546	87	15	5973	106	0	6181
24547	107	13	6076	46	0	6242
24548	31	19	152	5809	0	6011
24549	25	17	102	6093	0	6237
24550	31	17	6102	155	0	6305
24551	5761	16	75	109	0	5961
24552	93	15	93	5694	0	5895
24553	119	6163	35	79	0	6396
24554	6114	61	32	101	0	6308
24555	84	6297	34	52	0	6467
24556	6269	63	27	41	0	6400
24557	94	87	6400	45	0	6626
24558	116	22	6136	34	0	6308
24559	31	6179	152	43	0	6405
24560	6144	69	137	26	0	6376
24561	94	95	6129	25	0	6343
24562	5848	22	78	33	0	5981
24563	90	6128	100	38	0	6356
24564	112	59	41	6141	0	6353
24565	51	89	38	5846	0	6024
24566	34	6350	33	144	0	6561
24567	6456	61	30	113	0	6660
24568	6601	96	25	34	0	6756
24569	6782	27	23	26	0	6858
24570	170	31	6833	32	0	7066
24571	112	18	86	6727	0	6943
24572	43	27	102	6834	0	7006
24573	35	16	45	7018	0	7114
24574	35	26	6895	159	0	7115
24575	54	6829	87	116	0	7086
24576	6522	78	109	34	0	6743
24577	96	88	6676	36	0	6896
24578	6401	41	70	43	0	6555
24579	112	6627	104	28	0	6871
24580	6650	68	42	36	0	6796
24581	107	109	24	6506	0	6746
24582	6647	26	36	73	0	6782
24583	98	15	41	6624	0	6778
24584	108	18	6785	91	0	7002
24585	54	36	78	6729	0	6897
24586	36	21	6721	89	0	6867
24587	5882	12	87	81	0	6062
24588	69	6296	85	69	0	6519
24589	74	57	37	5467	0	5635
24590	25	6066	30	53	0	6174
24591	6000	43	25	70	0	6138
24592	5890	49	30	21	0	5990
24593	96	5959	25	20	0	6100
24594	5869	39	34	36	0	5978
24595	5959	52	19	23	0	6053
24596	88	15	13	5863	0	5979
24597	58	14	27	5919	0	6018
24598	6125	13	15	83	0	6236
24599	6164	13	22	61	0	6260
24600	93	18	21	6098	0	6230
24601	74	12	28	6533	0	6647
24602	6633	14	21	84	0	6752
24603	55	30	6606	74	0	6765
24604	6194	15	41	23	0	6273
24605	70	21	6519	26	0	6636
24606	78	6403	48	38	0	6567
24607	43	49	70	6222	0	6384
24608	52	62	6532	58	0	6704
24609	34	6689	53	55	0	6831
24610	6558	56	61	30	0	6705
24611	59	58	6595	23	0	6735
24612	6324	15	36	17	0	6392
24613	6573	16	57	23	0	6669
24614	6588	15	24	24	0	6651
24615	93	20	15	6174	0	6302
24616	71	6811	23	35	0	6940
24617	6549	36	20	53	0	6658
24618	65	52	6628	15	0	6760
24619	5963	19	35	22	0	6039
24620	51	15	6642	22	0	6730
24621	55	6567	41	29	0	6692
24622	42	36	48	6548	0	6674
24623	25	51	17	6428	0	6521
24624	29	6590	24	79	0	6722
24625	22	35	25	6645	0	6727
24626	32	50	6667	42	0	6791
24627	31	6705	46	55	0	6837
24628	20	47	62	6548	0	6677
24629	6524	49	14	48	0	6635
24630	6774	22	11	55	0	6862
24631	89	16	18	6904	0	7027
24632	71	7237	16	50	0	7374
24633	28	51	18	7209	0	7306
24634	36	62	16	7122	0	7236
24635	35	19	6795	94	0	6943
24636	31	6889	43	74	0	7037
24637	20	32	50	6632	0	6734
24638	18	57	6504	43	0	6622
24639	19	6511	35	57	0	6622
24640	17	35	51	6461	0	6564
24641	6518	57	17	39	0	6631
24642	50	6671	23	62	0	6806
24643	55	39	13	6666	0	6773
24644	6939	51	8	48	0	7046
24645	6943	19	11	60	0	7033
24646	6987	13	8	23	0	7031
24647	6872	11	11	23	0	6917
24648	86	18	12	6842	0	6958
24649	72	30	6970	56	0	7128
24650	33	18	38	6608	0	6697
24651	25	6981	52	47	0	7105
24652	6971	34	20	67	0	7092
24653	55	51	6830	27	0	6963
24654	6469	17	42	27	0	6555
24655	52	26	6756	24	0	6858
24656	64	10	40	6609	0	6723
24657	35	13	6847	38	0	6933
24658	30	20	41	6656	0	6747
24659	26	11	6837	59	0	6933
24660	30	13	44	6678	0	6765
24661	6757	13	43	42	0	6855
24662	45	7275	26	61	0	7407
24663	72	33	10	7263	0	7378
24664	35	47	17	7228	0	7327
24665	30	16	7517	80	0	7643
24666	29	17	7268	51	0	7365
24667	6669	12	73	35	0	6789
24668	34	7220	65	22	0	7341
24669	7092	28	24	20	0	7164
24670	7130	44	19	14	0	7207
24671	85	20	18	6873	0	6996
24672	49	7278	27	48	0	7402
24673	7412	30	22	48	0	7512
24674	7459	48	19	18	0	7544
24675	7654	8	22	25	0	7709
24676	7635	8	21	15	0	7679
24677	7501	18	10	20	0	7549
24678	82	20	7359	12	0	7473
24679	7264	12	42	20	0	7338
24680	57	8	7459	22	0	7546
24681	62	18	48	7188	0	7316
24682	30	9	47	7518	0	7604
24683	24	16	7516	81	0	7637
24684	7116	20	39	50	0	7225
24685	54	16	48	7605	0	7723
24686	65	9	13	7756	0	7843
24687	27	17	16	7852	0	7912
24688	26	13	11	7795	0	7845
24689	28	12	21	7883	0	7944
24690	28	19	7950	112	0	8109
24691	26	15	46	7765	0	7852
24692	31	18	7967	61	0	8077
24693	31	14	7749	80	0	7874
24694	7633	13	106	32	0	7784
24695	8047	11	75	26	0	8159
24696	8635	8	23	27	0	8693
24697	137	14	9180	29	0	9360
24698	96	13	9322	36	0	9467
24699	39	9	9484	24	0	9556
24700	20	9731	166	45	0	9962
24701	42	141	119	9322	0	9624
24702	9804	75	27	124	0	10030
24703	94	16	21	10185	0	10316
24704	88	10606	11	126	0	10831
24705	10691	91	19	106	0	10907
24706	110	84	14	10462	0	10670
24707	101	10973	26	105	0	11205
24708	35	93	23	11046	0	11197
24709	20	95	32	10945	0	11092
24710	10752	22	31	199	0	11004
24711	111	13	22	10834	0	10980
24712	106	20	10742	125	0	10993
24713	47	27	102	10405	0	10581
24714	33	10525	118	123	0	10799
24715	35	10772	42	129	0	10978
24716	25	192	30	10333	0	10580
24717	31	116	17	10018	0	10182
24718	19	10445	30	206	0	10700
24719	24	10533	16	138	0	10711
24720	26	10660	23	50	0	10759
24721	43	216	21	9375	0	9655
24722	30	10569	12	98	0	10709
24723	10342	133	20	106	0	10601
24724	121	119	10553	52	0	10845
24725	110	41	102	9816	0	10069
24726	38	10625	102	125	0	10890
24727	10424	110	31	119	0	10684
24728	100	110	10543	80	0	10833
24729	118	10581	97	43	0	10839
24730	10042	111	103	44	0	10300
24731	84	10156	35	39	0	10314
24732	87	10104	16	45	0	10252
24733	36	200	9	9746	0	9991
24734	29	10241	16	93	0	10379
24735	10016	122	13	97	0	10248
24736	96	114	16	9977	0	10203
24737	88	47	9991	116	0	10242
24738	37	41	9995	102	0	10175
24739	21	32	182	9874	0	10109
24740	26	41	10153	112	0	10332
24741	34	38	110	10031	0	10213
24742	9817	32	94	129	0	10072
24743	110	40	9908	101	0	10159
24744	103	36	100	9257	0	9496
24745	35	9715	99	105	0	9954
24746	33	118	36	9719	0	9906
24747	25	106	31	9576	0	9738
24748	24	9861	44	187	0	10116
24749	35	121	27	9906	0	10089
24750	27	111	27	9976	0	10141
24751	34	63	9928	192	0	10217
24752	16	9828	108	153	0	10105
24753	9727	129	111	62	0	10029
24754	120	112	37	9840	0	10109
24755	106	42	10032	143	0	10323
24756	39	52	105	9876	0	10072
24757	32	39	9939	141	0	10151
24758	9095	36	127	151	0	9409
24759	118	9919	114	61	0	10212
24760	108	120	53	9914	0	10195
24761	48	123	39	10172	0	10382
24762	9556	53	52	213	0	9874
24763	103	90	45	9661	0	9899
24764	129	56	9669	155	0	10009
24765	52	59	115	8959	0	9185
24766	38	9178	121	164	0	9501
24767	38	9453	58	143	0	9692
24768	41	9573	35	97	0	9746
24769	44	234	35	9309	0	9622
24770	41	172	9219	159	0	9591
24771	37	9281	117	163	0	9598
24772	8835	148	116	101	0	9200
24773	113	9226	51	88	0	9478
24774	9221	158	35	83	0	9497
24775	9188	132	34	86	0	9440
24776	201	58	9163	82	0	9504
24777	9294	63	131	74	0	9562
24778	9680	71	109	75	0	9935
24779	9548	73	60	71	0	9752
24780	9773	68	38	72	0	9951
24781	216	83	9841	64	0	10204
24782	9495	63	124	65	0	9747
24783	9856	83	113	60	0	10112
24784	199	10153	43	59	0	10454
24785	113	159	30	9934	0	10236
24786	61	153	41	9838	0	10093
24787	45	10120	49	200	0	10414
24788	9863	145	37	146	0	10191
24789	124	10104	58	77	0	10363
24790	9827	137	50	41	0	10055
24791	9718	126	37	40	0	9921
24792	190	9966	47	56	0	10259
24793	128	138	36	9938	0	10240
24794	86	107	10080	129	0	10402
24795	40	9739	121	140	0	10040
24796	45	256	105	8433	0	8839
24797	52	8923	40	70	0	9085
24798	32	9159	32	96	0	9319
24799	35	270	62	8630	0	8997
24800	27	110	9081	114	0	9332
24801	27	8928	109	117	0	9181
24802	33	8679	116	34	0	8862
24803	7521	159	28	13	0	7721
24804	73	98	10	7812	0	7993
24805	85	21	6	7894	0	8006
24806	17	6	4	8134	0	8161
24807	14	17	7833	183	0	8047
24808	12	16	87	7707	0	7822
24809	12	8146	106	95	0	8359
24810	8303	91	17	95	0	8506
24811	105	107	7	8299	0	8518
24812	117	25	8321	91	0	8554
24813	8198	12	92	118	0	8420
24814	111	13	113	8684	0	8921
24815	122	19	9127	105	0	9373
24816	27	17	9203	117	0	9364
24817	9057	10	234	24	0	9325
24818	9553	14	134	16	0	9717
24819	9577	14	17	13	0	9621
24820	9696	9	11	16	0	9732
24821	252	15	9528	24	0	9819
24822	149	9664	118	26	0	9957
24823	9586	116	134	14	0	9850
24824	117	9843	21	16	0	9997
24825	9643	130	10	13	0	9796
24826	118	9871	9	24	0	10022
24827	141	127	13	9675	0	9956
24828	22	135	15	9777	0	9949
24829	18	31	15	9655	0	9719
24830	17	9595	8	253	0	9873
24831	16	9801	15	151	0	9983
24832	23	242	7	9007	0	9279
24833	14	9575	19	114	0	9722
24834	24	129	9438	135	0	9726
24835	22	142	120	9415	0	9699
24836	13	38	9690	135	0	9876
24837	9197	20	127	145	0	9489
24838	9510	25	144	35	0	9714
24839	254	25	9543	42	0	9864
24840	169	28	9497	40	0	9734
24841	33	29	243	9282	0	9587
24842	38	29	9586	149	0	9802
24843	38	29	136	8875	0	9078
24844	32	9188	154	133	0	9507
24845	33	141	35	9646	0	9855
24846	25	169	24	9676	0	9894
24847	33	41	28	9789	0	9891
24848	35	47	9375	281	0	9738
24849	27	37	137	9172	0	9373
24850	31	44	151	9072	0	9298
24851	41	48	40	8678	0	8807
24852	40	9276	35	252	0	9603
24853	9293	147	19	162	0	9621
24854	9295	164	35	62	0	9556
24855	9335	39	30	62	0	9466
24856	263	42	40	9066	0	9411
24857	164	44	9165	150	0	9523
24858	75	41	9082	196	0	9394
24859	43	9166	265	73	0	9547
24860	8783	143	171	61	0	9158
24861	129	9119	62	67	0	9377
24862	9145	138	48	54	0	9385
24863	142	9187	58	69	0	9456
24864	8916	154	53	66	0	9189
24865	160	9548	53	64	0	9825
24866	168	158	58	9468	0	9852
24867	79	169	9409	174	0	9831
24868	80	55	9502	183	0	9820
24869	66	57	277	9157	0	9557
24870	68	46	182	9344	0	9640
24871	56	69	62	9634	0	9821
24872	76	53	9485	287	0	9901
24873	73	46	137	9320	0	9576
24874	9028	52	166	203	0	9449
24875	9106	51	66	184	0	9407
24876	263	9045	56	92	0	9456
24877	8916	141	55	73	0	9185
24878	164	8894	57	80	0	9195
24879	8818	153	60	76	0	9107
24880	8765	173	63	75	0	9076
24881	8553	59	78	63	0	8753
24882	300	58	8525	62	0	8945
24883	192	64	8354	67	0	8677
24884	8099	41	292	56	0	8488
24885	8468	47	187	51	0	8753
24886	310	51	65	8292	0	8718
24887	225	45	53	8595	0	8918
24888	113	45	59	8824	0	9041
24889	69	61	66	8919	0	9115
24890	63	67	62	9249	0	9441
24891	8961	62	43	333	0	9399
24892	181	66	42	9119	0	9408
24893	184	57	8953	202	0	9396
24894	8416	62	156	205	0	8839
24895	8783	43	181	111	0	9118
24896	289	8919	63	107	0	9378
24897	165	8964	36	89	0	9254
24898	8049	212	29	49	0	8339
24899	109	8464	43	43	0	8659
24900	8135	98	70	35	0	8338
24901	8624	117	29	44	0	8814
24902	8743	18	55	38	0	8854
24903	246	17	38	8253	0	8554
24904	145	8578	41	115	0	8879
24905	8521	101	28	129	0	8779
24906	115	117	38	8507	0	8777
24907	133	15	27	8467	0	8642
24908	8053	16	22	228	0	8319
24909	101	8021	23	142	0	8287
24910	101	113	17	7916	0	8147
24911	7989	102	9	134	0	8234
24912	96	8256	19	139	0	8510
24913	8322	90	10	42	0	8464
24914	120	108	7893	33	0	8154
24915	7634	12	74	31	0	7751
24916	102	8104	97	30	0	8333
24917	7948	93	20	14	0	8075
24918	7754	100	3	14	0	7871
24919	189	8048	4	22	0	8263
24920	8075	95	15	13	0	8198
24921	106	7992	9	27	0	8134
24922	7984	95	6	17	0	8102
24923	107	106	8	7827	0	8048
24924	117	22	3	7859	0	8001
24925	33	16	1	7991	0	8041
24926	21	25	7722	185	0	7953
24927	23	19	90	7708	0	7840
24928	34	28	7794	110	0	7966
24929	38	18	95	7488	0	7639
24930	28	7698	101	101	0	7928
24931	32	96	14	7856	0	7998
24932	41	117	7838	101	0	8097
24933	29	31	7962	114	0	8136
24934	28	25	180	7820	0	8053
24935	7796	23	99	106	0	8024
24936	7785	17	15	120	0	7937
24937	195	7834	11	62	0	8102
24938	127	98	10	7920	0	8155
24939	46	115	8118	113	0	8392
24940	31	28	99	8113	0	8271
24941	43	13	8228	122	0	8406
24942	7751	24	110	115	0	8000
24943	127	25	102	8122	0	8376
24944	133	27	8005	118	0	8283
24945	45	27	100	7928	0	8100
24946	39	28	106	8070	0	8243
24947	47	26	8018	211	0	8302
24948	40	15	101	8004	0	8160
24949	7996	24	108	124	0	8252
24950	8062	23	23	127	0	8235
24951	210	22	16	8090	0	8338
24952	8198	20	30	132	0	8380
24953	136	21	8172	133	0	8462
24954	136	29	8136	52	0	8353
24955	8044	22	206	43	0	8315
24956	8376	20	131	41	0	8568
24957	217	24	31	8155	0	8427
24958	141	27	27	8283	0	8478
24959	55	29	8198	232	0	8514
24960	70	23	116	7241	0	7450
24961	36	8249	125	123	0	8533
24962	8174	107	36	132	0	8449
24963	8674	116	31	46	0	8867
24964	237	8797	28	46	0	9108
24965	8440	129	33	60	0	8662
24966	8372	125	33	41	0	8571
24967	262	8648	37	41	0	8988
24968	8646	130	36	53	0	8865
24969	155	8760	42	46	0	9003
24970	8774	135	33	47	0	8989
24971	181	150	8668	51	0	9050
24972	159	32	134	8601	0	8926
24973	68	23	137	8867	0	9095
24974	42	33	35	9262	0	9372
24975	9053	32	35	282	0	9402
24976	180	17	27	9484	0	9708
24977	170	31	9411	186	0	9798
24978	9289	29	154	179	0	9651
24979	183	23	162	9232	0	9600
24980	186	9267	47	170	0	9670
24981	46	9580	41	197	0	9864
24982	57	257	43	9286	0	9643
24983	63	160	37	9270	0	9530
24984	55	31	45	9466	0	9597
24985	46	31	9040	321	0	9438
24986	52	8880	158	213	0	9303
24987	8548	122	149	72	0	8891
24988	8305	148	43	63	0	8559
24989	250	8435	35	63	0	8783
24990	154	8472	35	50	0	8711
24991	86	232	60	8268	0	8646
24992	58	129	8246	150	0	8583
24993	7727	44	155	147	0	8073
24994	8081	23	107	53	0	8264
24995	188	30	38	7962	0	8218
24996	125	19	22	8018	0	8184
24997	7786	13	29	219	0	8047
24998	125	22	7845	148	0	8140
24999	7502	16	104	63	0	7685
25000	113	7672	113	53	0	7951
25001	104	101	16	6695	0	6916
25002	40	7029	26	86	0	7181
25003	7009	81	21	89	0	7200
25004	84	83	15	6798	0	6980
25005	102	24	26	6629	0	6781
25006	35	6812	31	152	0	7030
25007	6809	70	20	87	0	6986
25008	6808	75	22	34	0	6939
25009	152	24	6763	46	0	6985
25010	98	49	6428	34	0	6609
25011	6246	14	125	26	0	6411
25012	92	12	6364	28	0	6496
25013	84	13	5988	25	0	6110
25014	5789	23	156	19	0	5987
25015	76	11	6425	28	0	6540
25016	65	15	77	6275	0	6432
25017	19	8	75	6519	0	6621
25018	6815	9	15	154	0	6993
25019	116	9	6968	94	0	7187
25020	7221	15	113	20	0	7369
25021	131	9	100	7255	0	7495
25022	7464	12	15	117	0	7608
25023	7519	13	14	114	0	7660
25024	7681	9	12	29	0	7731
25025	239	9	12	7499	0	7759
25026	7633	23	13	123	0	7792
25027	152	13	13	7594	0	7772
25028	149	13	10	7599	0	7771
25029	60	17	10	7700	0	7787
25030	44	22	14	7724	0	7804
25031	7517	23	13	246	0	7799
25032	7514	13	17	149	0	7693
25033	242	7	7559	57	0	7865
25034	7640	9	133	40	0	7822
25035	7736	10	119	51	0	7916
25036	252	15	27	7493	0	7787
25037	159	7605	19	150	0	7933
25038	7685	125	21	137	0	7968
25039	157	128	21	7424	0	7730
25040	7448	20	20	143	0	7631
25041	150	7388	31	154	0	7723
25042	7547	136	16	45	0	7744
25043	170	123	13	7238	0	7544
25044	157	7272	16	136	0	7581
25045	7291	135	11	148	0	7585
25046	159	7377	21	50	0	7607
25047	148	7643	23	63	0	7877
25048	7607	231	27	44	0	7909
25049	151	141	7523	42	0	7857
25050	7641	33	127	45	0	7846
25051	160	33	123	7540	0	7856
25052	167	34	7604	148	0	7953
25053	85	16	137	7476	0	7714
25054	62	19	137	7652	0	7870
25055	64	33	7530	256	0	7883
25056	7347	12	135	159	0	7653
25057	181	13	137	7523	0	7854
25058	180	16	28	7602	0	7826
25059	74	18	26	7611	0	7729
25060	7479	9	28	283	0	7799
25061	189	23	7324	177	0	7713
25062	161	27	7324	74	0	7586
25063	65	22	209	6747	0	7043
25064	53	16	6788	162	0	7019
25065	6519	16	118	149	0	6802
25066	159	6661	122	57	0	6999
25067	6554	109	67	45	0	6775
25068	171	103	28	6239	0	6541
25069	141	6454	31	126	0	6752
25070	64	126	34	6367	0	6591
25071	76	6524	24	131	0	6755
25072	69	124	19	6575	0	6787
25073	59	109	6403	153	0	6724
25074	59	42	6154	136	0	6391
25075	61	6190	184	61	0	6496
25076	5716	99	104	61	0	5980
25077	110	95	35	5576	0	5816
25078	119	28	20	5640	0	5807
25079	5670	23	27	183	0	5903
25080	5680	31	26	108	0	5845
25081	186	32	22	5668	0	5908
25082	136	19	5595	129	0	5879
25083	51	5671	105	118	0	5945
25084	54	105	90	5615	0	5864
25085	74	82	39	5489	0	5684
25086	50	5803	41	177	0	6071
25087	5838	103	27	127	0	6095
25088	122	99	5861	54	0	6136
25089	107	37	113	5705	0	5962
25090	59	22	80	5708	0	5869
25091	35	36	5628	214	0	5913
25092	40	28	114	5744	0	5926
25093	5882	24	98	142	0	6146
25094	5803	25	39	131	0	5998
25095	5873	22	43	67	0	6005
25096	187	5735	46	92	0	6060
25097	6129	90	40	54	0	6313
25098	138	87	35	6008	0	6268
25099	131	38	35	5877	0	6081
25100	77	6749	27	180	0	7033
25101	7302	123	39	126	0	7590
25102	7630	104	27	57	0	7818
25103	7723	42	34	60	0	7859
25104	7838	31	37	53	0	7959
25105	7839	33	25	75	0	7972
25106	246	52	7686	50	0	8034
25107	7801	26	148	53	0	8028
25108	7871	38	126	48	0	8083
25109	7839	30	49	51	0	7969
25110	275	20	31	7643	0	7969
25111	159	26	42	7758	0	7985
25112	74	23	7610	266	0	7973
25113	6213	24	154	161	0	6552
25114	151	7429	139	71	0	7790
25115	121	6894	40	51	0	7106
25116	69	153	6862	50	0	7134
25117	43	6812	114	51	0	7020
25118	39	6630	81	45	0	6795
25119	108	251	67	5371	0	5797
25120	23	6002	12	67	0	6104
25121	5860	73	16	59	0	6008
25122	5730	52	8	26	0	5816
25123	117	27	10	5652	0	5806
25124	77	9	5568	78	0	5732
25125	5362	19	77	65	0	5523
25126	90	12	5592	24	0	5718
25127	76	10	5642	16	0	5744
25128	33	14	120	5150	0	5317
25129	29	9	57	5509	0	5604
25130	39	10	5603	115	0	5767
25131	23	5472	76	70	0	5641
25132	25	5806	53	35	0	5919
25133	5587	97	21	29	0	5734
25134	5607	46	7	27	0	5687
25135	113	13	5524	16	0	5666
25136	5300	12	63	11	0	5386
25137	5611	12	45	8	0	5676
25138	106	12	11	5419	0	5548
25139	63	4	5	5645	0	5717
25140	24	11	8	5727	0	5770
25141	5661	11	4	95	0	5771
25142	5703	8	8	45	0	5764
25143	5805	4	10	13	0	5832
25144	136	5	9	5729	0	5879
25145	84	9	5712	58	0	5863
25146	5599	7	61	51	0	5718
25147	5569	2	54	15	0	5640
25148	114	7	25	5404	0	5550
25149	79	5558	9	62	0	5708
25150	44	64	13	5482	0	5603
25151	38	5649	9	75	0	5771
25152	27	77	10	5400	0	5514
25153	31	5624	12	75	0	5742
25154	5433	65	23	47	0	5568
25155	80	54	13	5380	0	5527
25156	62	5467	17	55	0	5601
25157	35	64	5399	47	0	5545
25158	5132	54	69	15	0	5270
25159	71	34	49	5314	0	5468
25160	50	5398	21	64	0	5533
25161	28	69	12	5192	0	5301
25162	28	5282	18	59	0	5387
25163	40	5503	13	53	0	5609
25164	5473	91	20	23	0	5607
25165	5544	60	14	26	0	5644
25166	113	18	5552	12	0	5695
25167	5441	13	75	12	0	5541
25168	5479	15	63	13	0	5570
25169	97	5418	28	24	0	5567
25170	64	62	11	5459	0	5596
25171	25	47	19	5461	0	5552
25172	33	22	5403	96	0	5554
25173	33	27	5343	52	0	5455
25174	5292	20	95	22	0	5429
25175	5495	9	55	22	0	5581
25176	5525	11	24	15	0	5575
25177	129	6	5409	12	0	5556
25178	84	5	65	5283	0	5437
25179	5396	8	50	74	0	5528
25180	63	11	16	5408	0	5498
25181	58	13	5359	81	0	5511
25182	5027	20	61	65	0	5173
25183	87	21	5638	17	0	5763
25184	74	5500	57	19	0	5650
25185	5515	61	52	18	0	5646
25186	81	44	5476	26	0	5627
25187	69	19	63	5346	0	5497
25188	5473	9	43	72	0	5597
25189	81	9	14	5487	0	5591
25190	5566	15	8	83	0	5672
25191	63	17	13	5547	0	5640
25192	5671	16	10	81	0	5778
25193	5592	19	8	60	0	5679
25194	5621	24	9	28	0	5682
25195	5584	20	10	25	0	5639
25196	112	25	13	5456	0	5606
25197	56	20	5294	59	0	5429
25198	38	18	5282	41	0	5379
25199	29	5190	88	16	0	5323
25200	18	4549	37	13	0	4617
25201	3843	49	137	20	0	4049
25202	53	12	6	3667	0	3738
25203	13	8	3675	14	0	3710
25204	6	3	3975	17	0	4001
25205	14	22	27	3893	0	3956
25206	3979	1	18	8	0	4006
25207	12	4072	3	18	0	4105
25208	4363	9	2	7	0	4381
25209	11	15	2	4388	0	4416
25210	14	1	3	4442	0	4460
25211	2	0	5	4476	0	4483
25212	3	4	4501	32	0	4540
25213	9	3	4442	18	0	4472
25214	6	4524	30	3	0	4563
25215	5	10	20	4590	0	4625
25216	4537	17	3	11	0	4568
25217	15	3	4480	22	0	4520
25218	26	4	4569	10	0	4609
25219	7	2	32	4610	0	4651
25220	4	2	25	4795	0	4826
25221	1	3	2	4875	0	4881
25222	7	4	4	5503	0	5518
25223	5549	1	3	56	0	5609
25224	33	5	6	5640	0	5684
25225	5621	12	9	37	0	5679
25226	45	2	5785	48	0	5880
25227	46	5785	35	10	0	5876
25228	12	37	43	5765	0	5857
25229	6	44	5928	43	0	6021
25230	11	9	5897	51	0	5968
25231	7	5979	84	11	0	6081
25232	7	35	46	5710	0	5798
25233	5	46	6	5796	0	5853
25234	7	7	5864	83	0	5961
25235	5444	5	37	55	0	5541
25236	43	2	52	5898	0	5995
25237	47	2	13	5842	0	5904
25238	7	8	5971	94	0	6080
25239	5	6008	48	68	0	6129
25240	6	6417	53	19	0	6495
25241	6434	99	12	16	0	6561
25242	64	59	10	6461	0	6594
25243	6819	9	9	67	0	6904
25244	77	8	6866	77	0	7028
25245	77	3	75	6782	0	6937
25246	6770	7	84	77	0	6938
25247	6865	11	9	85	0	6970
25248	142	5	8	6826	0	6981
25249	85	3	6930	75	0	7093
25250	13	11	7135	81	0	7240
25251	10	12	136	6955	0	7113
25252	12	4	7212	75	0	7303
25253	6575	3	77	87	0	6742
25254	71	7195	79	24	0	7369
25255	7324	67	13	15	0	7419
25256	7268	76	9	23	0	7376
25257	143	10	26	7237	0	7416
25258	80	8	15	7356	0	7459
25259	7326	14	10	144	0	7494
25260	74	4	13	7373	0	7464
25261	83	9	7307	86	0	7485
25262	19	7317	79	87	0	7502
25263	14	71	81	7236	0	7402
25264	8	76	11	7245	0	7340
25265	15	6	12	7328	0	7361
25266	24	9	7166	159	0	7358
25267	20	7109	69	112	0	7310
25268	11	62	90	7214	0	7377
25269	16	82	7234	91	0	7423
25270	19	17	79	7179	0	7294
25271	7204	11	83	86	0	7384
25272	78	12	18	7300	0	7408
25273	91	14	7215	88	0	7408
25274	6887	8	87	99	0	7081
25275	85	7469	84	33	0	7671
25276	82	7662	32	25	0	7801
25277	7677	132	23	28	0	7860
25278	93	90	7921	26	0	8130
25279	94	12	78	7689	0	7873
25280	26	5	86	7987	0	8104
25281	14	11	8047	163	0	8235
25282	22	8058	91	106	0	8277
25283	18	81	89	7399	0	7587
25284	24	82	7855	98	0	8059
25285	31	14	90	7754	0	7889
25286	7773	28	84	91	0	7976
25287	85	15	8079	115	0	8294
25288	98	9	86	8060	0	8253
25289	20	23	93	8185	0	8321
25290	29	22	8072	164	0	8287
25291	26	17	87	7503	0	7633
25292	27	7702	92	119	0	7940
25293	38	79	46	7178	0	7341
25294	21	7998	38	86	0	8143
25295	7896	79	31	99	0	8105
25296	7598	82	32	51	0	7763
25297	153	20	7847	55	0	8075
25298	101	22	7810	41	0	7974
25299	29	33	7863	41	0	7966
25300	30	7724	164	53	0	7971
25301	28	82	110	7893	0	8113
25302	39	79	8145	99	0	8362
25303	39	27	94	7808	0	7968
25304	40	23	87	7972	0	8122
25305	46	22	8043	161	0	8272
25306	45	20	92	7955	0	8112
25307	21	25	98	7795	0	7939
25308	35	7698	52	170	0	7955
25309	38	79	39	7835	0	7991
25310	35	78	42	7901	0	8056
25311	31	30	7936	182	0	8179
25312	42	18	99	7711	0	7870
25313	38	24	7997	130	0	8189
25314	37	30	7721	126	0	7914
25315	7331	21	165	59	0	7576
25316	87	37	103	7225	0	7452
25317	82	7883	39	131	0	8135
25318	40	8006	44	123	0	8213
25319	31	153	42	7900	0	8126
25320	46	84	7974	128	0	8232
25321	30	8026	87	130	0	8273
25322	31	97	98	7327	0	7553
25323	29	54	7756	87	0	7926
25324	19	7769	60	86	0	7934
25325	8082	65	64	54	0	8265
25326	8013	58	41	38	0	8150
25327	8071	19	32	52	0	8174
25328	85	13	33	8642	0	8773
25329	51	24	31	8603	0	8709
25330	23	12	28	8546	0	8609
25331	22	23	8649	122	0	8816
25332	8370	27	77	85	0	8559
25333	70	27	70	8271	0	8438
25334	64	19	8570	82	0	8735
25335	8516	26	74	77	0	8693
25336	8779	15	74	45	0	8913
25337	106	43	7851	49	0	8049
25338	8520	18	68	54	0	8660
25339	53	9051	59	55	0	9218
25340	43	37	8750	29	0	8859
25341	8234	48	51	38	0	8371
25342	34	8695	48	37	0	8814
25343	23	24	26	8046	0	8119
25344	13	8335	17	43	0	8408
25345	7	26	13	8387	0	8433
25346	10	28	8458	42	0	8538
25347	7223	8	47	47	0	7325
25348	32	15	8500	26	0	8573
25349	19	8350	41	33	0	8443
25350	6	8346	26	19	0	8397
25351	8243	44	12	11	0	8310
25352	30	33	8258	15	0	8336
25353	30	6	26	7986	0	8048
25354	4	8	8420	31	0	8463
25355	6	8505	33	34	0	8578
25356	26	27	30	7552	0	7635
25357	11	8567	18	27	0	8623
25358	8633	31	19	29	0	8712
25359	8732	26	8	9	0	8775
25360	8700	8	6	13	0	8727
25361	52	10	8719	12	0	8793
25362	32	10	8527	11	0	8580
25363	8249	5	55	16	0	8325
25364	34	9	8954	20	0	9017
25365	36	5	39	8183	0	8263
25366	9	8854	33	30	0	8926
25367	9079	31	9	33	0	9152
25368	8997	25	12	18	0	9052
25369	9204	9	11	14	0	9238
25370	61	1	6	9224	0	9292
25371	35	4	13	9285	0	9337
25372	9277	2	13	63	0	9355
25373	32	9248	7	50	0	9337
25374	9153	33	6	17	0	9209
25375	37	31	6	9001	0	9075
25376	36	4	4	9016	0	9060
25377	8803	3	4	64	0	8874
25378	32	8661	5	37	0	8735
25379	8666	31	4	25	0	8726
25380	32	8726	8	12	0	8778
25381	8607	32	14	7	0	8660
25382	35	32	4	9666	0	9737
25383	9818	7	8	39	0	9872
25384	10137	4	9	33	0	10183
25385	11042	6	4	9	0	11061
25386	99	11634	7	17	0	11757
25387	76	90	11279	18	0	11463
25388	11061	69	85	13	0	11228
25389	11359	13	75	12	0	11459
25390	135	11480	20	15	0	11650
25391	83	78	6	11550	0	11717
25392	18	71	6	11637	0	11732
25393	11588	12	10	145	0	11755
25394	85	12	6	11728	0	11831
25395	87	12	11745	88	0	11932
25396	28	14	11573	78	0	11693
25397	11583	4	144	23	0	11754
25398	82	7	87	11746	0	11922
25399	83	4	18	11856	0	11961
25400	21	4	7	12029	0	12061
25401	19	15	12199	166	0	12399
25402	25	6	82	11923	0	12036
25403	12	7	82	12311	0	12412
25404	18	1	17	12374	0	12410
25405	12170	9	7	174	0	12360
25406	97	2	9	12298	0	12406
25407	94	14	12418	103	0	12629
25408	12487	15	96	97	0	12695
25409	111	14	13233	29	0	13387
25410	12949	13	116	27	0	13105
25411	11321	34	116	37	0	11508
25412	202	18	23	13359	0	13602
25413	122	13678	12	119	0	13931
25414	35	100	13	13972	0	14120
25415	25	154	16	13552	0	13747
25416	30	14252	22	223	0	14527
25417	13926	104	23	134	0	14187
25418	111	14059	29	45	0	14244
25419	14073	121	18	32	0	14244
25420	13957	104	20	36	0	14117
25421	222	30	9	13882	0	14143
25422	129	12	21	13783	0	13945
25423	47	23	13507	233	0	13810
25424	41	21	12987	143	0	13192
25425	12563	42	208	62	0	12875
25426	12831	19	149	47	0	13046
25427	208	12351	38	227	0	12824
25428	144	98	41	12215	0	12498
25429	57	109	12703	125	0	12994
25430	55	66	125	12594	0	12840
25431	12416	17	136	143	0	12712
25432	11899	16	40	129	0	12084
25433	221	12073	30	75	0	12399
25434	138	104	27	11979	0	12248
25435	52	109	19	12037	0	12217
25436	41	36	16	12076	0	12169
25437	42	40	11571	241	0	11894
25438	10039	35	103	175	0	10352
25439	11181	33	102	70	0	11386
25440	235	29	11338	56	0	11658
25441	158	11271	108	50	0	11587
25442	11260	105	115	60	0	11540
25443	11261	114	34	53	0	11462
25444	242	40	11103	52	0	11437
25445	153	22	11419	58	0	11652
25446	77	27	203	11149	0	11456
25447	73	25	11437	136	0	11671
25448	10935	27	149	130	0	11241
25449	11181	32	125	57	0	11395
25450	11390	16	53	60	0	11519
25451	248	29	35	10469	0	10781
25452	156	11667	47	131	0	12001
25453	11858	106	35	144	0	12143
25454	11650	115	34	71	0	11870
25455	245	40	11619	81	0	11985
25456	169	40	11377	64	0	11650
25457	10390	36	208	79	0	10713
25458	170	27	122	11431	0	11750
25459	158	30	11415	163	0	11766
25460	73	11364	137	180	0	11754
25461	81	131	122	11280	0	11614
25462	11163	110	70	133	0	11476
25463	161	11678	51	139	0	12029
25464	160	118	49	11291	0	11618
25465	104	11425	57	132	0	11718
25466	79	11656	59	146	0	11940
25467	73	183	58	11490	0	11804
25468	77	130	71	11269	0	11547
25469	72	11736	59	227	0	12094
25470	11696	104	53	147	0	12000
25471	180	125	11752	72	0	12129
25472	11349	62	138	68	0	11617
25473	193	44	120	11876	0	12233
25474	181	44	45	11915	0	12185
25475	107	40	51	12043	0	12241
25476	88	40	58	11961	0	12147
25477	96	41	11944	242	0	12323
25478	101	36	149	11846	0	12132
25479	79	63	147	11598	0	11887
25480	80	12452	84	268	0	12884
25481	91	139	12601	198	0	13029
25482	70	13128	151	119	0	13468
25483	90	160	13206	89	0	13545
25484	78	13072	164	84	0	13398
25485	119	237	153	11494	0	12003
25486	11318	108	48	95	0	11569
25487	116	11653	49	153	0	11971
25488	137	103	43	11701	0	11984
25489	64	118	11908	129	0	12219
25490	49	12135	124	156	0	12464
25491	11938	113	155	62	0	12268
25492	11829	120	57	52	0	12058
25493	205	12155	56	56	0	12472
25494	145	109	11936	55	0	12245
25495	11348	121	118	45	0	11632
25496	128	56	112	12102	0	12398
25497	11926	36	54	118	0	12134
25498	134	12535	49	144	0	12862
25499	137	12818	39	79	0	13073
25500	59	209	12565	67	0	12900
25501	11875	139	123	80	0	12217
25502	136	112	131	12412	0	12791
25503	12450	45	45	108	0	12648
25504	114	12551	53	131	0	12849
25505	12569	114	36	49	0	12768
25506	12358	129	64	47	0	12598
25507	211	58	12563	35	0	12867
25508	136	11865	93	36	0	12130
25509	51	11845	133	33	0	12062
25510	54	239	46	10538	0	10877
25511	35	11254	29	68	0	11386
25512	10896	99	23	94	0	11112
25513	87	11161	25	34	0	11307
25514	88	152	18	10453	0	10711
25515	38	10751	17	71	0	10877
25516	30	10467	19	89	0	10605
25517	36	10726	29	27	0	10818
25518	66	192	34	10464	0	10756
25519	52	112	9	10577	0	10750
25520	34	42	19	10461	0	10556
25521	39	10328	23	141	0	10531
25522	39	83	10262	97	0	10481
25523	45	100	10306	33	0	10484
25524	9804	55	133	29	0	10021
25525	83	40	91	10399	0	10613
25526	96	47	10600	79	0	10822
25527	48	47	10650	92	0	10837
25528	30	10981	130	49	0	11190
25529	32	98	91	10324	0	10545
25530	30	100	23	10629	0	10782
25531	10562	71	15	157	0	10805
25532	79	41	22	10610	0	10752
25533	90	43	23	10609	0	10765
25534	39	52	10933	164	0	11188
25535	28	47	71	10788	0	10934
25536	22	44	89	11323	0	11478
25537	33	45	11424	151	0	11653
25538	27	56	11391	113	0	11587
25539	29	11269	154	58	0	11510
25540	42	95	11296	52	0	11485
25541	23	113	96	10965	0	11197
25542	46	71	108	9727	0	9952
25543	32	48	11404	171	0	11655
25544	31	11335	94	119	0	11579
25545	10658	93	95	66	0	10912
25546	77	11150	49	62	0	11338
25547	93	103	43	11056	0	11295
25548	32	120	35	11104	0	11291
25549	30	11219	53	169	0	11471
25550	23	109	43	11166	0	11341
25551	39	107	40	11184	0	11370
25552	35	55	10656	172	0	10918
25553	24	10552	99	146	0	10821
25554	27	102	110	10627	0	10866
25555	29	120	10693	105	0	10947
25556	38	56	88	10575	0	10757
25557	37	56	104	10581	0	10778
25558	42	37	56	10759	0	10894
25559	25	64	32	10771	0	10892
25560	38	54	38	10389	0	10519
25561	37	10688	44	181	0	10950
25562	10357	101	37	142	0	10637
25563	87	117	10328	71	0	10603
25564	8880	69	88	69	0	9106
25565	101	59	10744	62	0	10966
25566	88	11062	98	77	0	11325
25567	40	109	10959	71	0	11179
25568	23	11082	104	83	0	11292
25569	35	145	99	10034	0	10313
25570	30	116	57	10192	0	10395
25571	24	10699	30	170	0	10923
25572	27	11143	37	142	0	11349
25573	11047	166	52	71	0	11336
25574	11315	121	23	80	0	11539
25575	11360	42	36	66	0	11504
25576	11503	53	31	57	0	11644
25577	155	44	37	11210	0	11446
25578	95	11397	39	115	0	11646
25579	11287	97	29	111	0	11524
25580	71	76	30	10794	0	10971
25581	10424	40	35	83	0	10582
25582	9935	22	33	86	0	10076
25583	95	9794	35	38	0	9962
25584	62	9485	19	30	0	9596
25585	30	9918	39	19	0	10006
25586	39	208	27	9245	0	9519
25587	13	9757	19	60	0	9849
25588	9606	71	11	66	0	9754
25589	9779	48	5	39	0	9871
25590	9714	17	9	31	0	9771
25591	9866	16	8	21	0	9911
25592	9974	16	19	22	0	10031
25593	93	17	10255	20	0	10385
25594	10225	11	44	21	0	10301
25595	54	14	10526	27	0	10621
25596	10171	13	53	21	0	10258
25597	48	19	72	10103	0	10242
25598	69	21	9988	51	0	10129
25599	40	14	10453	79	0	10586
25600	10	11027	98	34	0	11169
25601	10968	49	85	19	0	11121
25602	11011	75	24	63	0	11173
25603	124	12600	15	32	0	12771
25604	92	91	15	14326	0	14524
25605	15565	109	15	124	0	15813
25606	158	26	15844	170	0	16198
25607	172	15791	144	36	0	16143
25608	15073	141	172	19	0	15405
25609	137	15971	37	28	0	16173
25610	191	166	21	14259	0	14637
25611	45	15982	27	129	0	16183
25612	40	201	15	14570	0	14826
25613	23	15698	26	139	0	15886
25614	20	15926	14	177	0	16137
25615	15421	292	20	40	0	15773
25616	15500	200	38	28	0	15766
25617	300	61	15758	39	0	16158
25618	207	47	15633	33	0	15920
25619	65	36	15950	21	0	16072
25620	32	46	330	15552	0	15960
25621	44	39	16097	153	0	16333
25622	48	36	174	15671	0	15929
25623	39	41	193	15431	0	15704
25624	35	15967	67	318	0	16387
25625	15631	162	31	213	0	16037
25626	150	16186	45	68	0	16449
25627	201	189	27	16248	0	16665
25628	75	203	32	16237	0	16547
25629	52	75	31	16399	0	16557
25630	63	62	16261	350	0	16736
25631	53	61	167	16137	0	16418
25632	43	66	197	16123	0	16429
25633	62	67	52	16419	0	16600
25634	60	77	15836	370	0	16343
25635	57	15853	168	264	0	16342
25636	15425	193	192	93	0	15903
25637	14483	227	62	87	0	14859
25638	339	15652	49	78	0	16118
25639	236	207	61	15466	0	15970
25640	78	237	49	15952	0	16316
25641	102	93	15792	342	0	16329
25642	73	15675	194	283	0	16225
25643	78	196	231	15679	0	16184
25644	63	244	15855	216	0	16378
25645	73	87	194	15663	0	16017
25646	56	82	227	15653	0	16018
25647	58	101	15726	385	0	16270
25648	84	67	193	15481	0	15825
25649	65	82	221	15460	0	15828
25650	77	80	15816	388	0	16361
25651	74	74	194	15685	0	16027
25652	66	75	235	15491	0	15867
25653	51	66	103	16016	0	16236
25654	64	71	15729	427	0	16291
25655	48	67	214	15753	0	16082
25656	15377	75	235	293	0	15980
25657	15299	68	106	294	0	15767
25658	332	15625	103	155	0	16215
25659	15819	191	78	144	0	16232
25660	228	230	16250	147	0	16855
25661	240	94	221	16209	0	16764
25662	108	80	240	16133	0	16561
25663	80	83	102	16747	0	17012
25664	16047	68	89	442	0	16646
25665	174	16077	84	368	0	16703
25666	202	199	77	14789	0	15267
25667	70	15791	103	272	0	16236
25668	15356	217	77	309	0	15959
25669	165	15762	77	187	0	16191
25670	15274	218	78	152	0	15722
25671	200	15363	80	152	0	15795
25672	198	15230	85	174	0	15687
25673	90	371	104	15075	0	15640
25674	60	227	104	15077	0	15468
25675	55	106	82	15133	0	15376
25676	59	88	86	15115	0	15348
25677	85	104	14856	444	0	15489
25678	66	14798	198	336	0	15398
25679	78	208	206	13746	0	14238
25680	55	14820	129	271	0	15275
25681	69	235	14670	314	0	15288
25682	88	219	192	14396	0	14895
25683	80	97	222	14884	0	15283
25684	82	76	14800	409	0	15367
25685	63	14389	200	378	0	15030
25686	62	178	235	14047	0	14522
25687	81	217	14311	279	0	14888
25688	53	14246	212	374	0	14885
25689	59	189	213	13966	0	14427
25690	66	220	13998	289	0	14573
25691	72	113	13808	309	0	14302
25692	58	13549	299	188	0	14094
25693	61	14336	211	142	0	14750
25694	100	363	89	14281	0	14833
25695	59	239	56	15354	0	15708
25696	60	101	15387	418	0	15966
25697	14034	89	232	335	0	14690
25698	14772	92	216	194	0	15274
25699	342	71	14889	166	0	15468
25700	213	14245	215	149	0	14822
25701	76	14222	195	145	0	14638
25702	48	13790	102	134	0	14074
25703	59	12090	116	124	0	12389
25704	187	524	247	9960	0	10918
25705	36	87	43	11431	0	11597
25706	6	23	13	11620	0	11662
25707	6	23	6	11750	0	11785
25708	3	11937	9	265	0	12214
25709	12	122	7	11812	0	11953
25710	5	12030	14	144	0	12193
25711	6	129	8	12168	0	12311
25712	11792	149	6	149	0	12096
25713	116	36	11	11990	0	12153
25714	142	11936	14	181	0	12273
25715	32	127	6	12321	0	12486
25716	25	143	14	12474	0	12656
25717	15	43	10	12582	0	12650
25718	11896	31	7	311	0	12245
25719	131	30	7	12432	0	12600
25720	151	31	12059	192	0	12433
25721	25	12287	118	201	0	12631
25722	27	134	142	12477	0	12780
25723	27	158	23	12691	0	12899
25724	15	34	21	12888	0	12958
25725	12204	52	12	328	0	12596
25726	148	50	12295	232	0	12725
25727	159	39	126	11525	0	11849
25728	22	12053	156	192	0	12423
25729	38	140	24	12216	0	12418
25730	11301	163	18	215	0	11697
25731	113	11959	23	253	0	12348
25732	154	162	12	11959	0	12287
25733	35	170	12	11932	0	12149
25734	19	11782	18	360	0	12179
25735	27	158	14	12053	0	12252
25736	33	175	6	12083	0	12297
25737	37	51	11884	363	0	12335
25738	17	11751	143	264	0	12175
25739	11661	157	156	138	0	12112
25740	149	181	11651	152	0	12133
25741	11324	49	136	127	0	11636
25742	173	71	11670	120	0	12034
25743	178	48	150	11545	0	11921
25744	11492	33	189	245	0	11959
25745	157	62	43	11732	0	11994
25746	11791	47	35	285	0	12158
25747	11683	36	33	291	0	12043
25748	11579	69	36	133	0	11817
25749	305	11545	46	119	0	12015
25750	219	163	35	11436	0	11853
25751	80	198	31	11648	0	11957
25752	69	68	30	11755	0	11922
25753	89	56	11425	400	0	11970
25754	72	52	171	11562	0	11857
25755	11421	68	192	257	0	11938
25756	11516	67	48	304	0	11935
25757	329	53	11346	171	0	11899
25758	11493	53	156	143	0	11845
25759	11476	51	195	124	0	11846
25760	346	74	76	10801	0	11297
25761	10844	66	55	262	0	11227
25762	10784	70	46	301	0	11201
25763	367	67	42	10731	0	11207
25764	10857	51	62	254	0	11224
25765	10708	52	64	286	0	11110
25766	363	74	68	10662	0	11167
25767	274	82	10115	250	0	10721
25768	10047	65	159	292	0	10563
25769	245	60	10728	154	0	11187
25770	268	64	10583	152	0	11067
25771	125	10453	327	173	0	11078
25772	132	156	219	10234	0	10741
25773	138	201	61	10422	0	10822
25774	118	60	67	10523	0	10768
25775	136	47	10383	428	0	10994
25776	142	49	10307	310	0	10808
25777	110	10315	335	168	0	10928
25778	121	175	214	9891	0	10401
25779	139	183	78	10232	0	10632
25780	134	52	69	10464	0	10719
25781	119	52	10200	422	0	10793
25782	133	10091	197	323	0	10744
25783	127	159	210	9933	0	10429
25784	122	188	10249	282	0	10841
25785	138	55	10241	296	0	10730
25786	10028	40	344	167	0	10579
25787	10055	36	266	142	0	10499
25788	10365	59	94	137	0	10655
25789	401	58	77	9717	0	10253
25790	300	36	10037	256	0	10629
25791	141	9935	196	298	0	10570
25792	121	10101	238	160	0	10620
25793	122	258	8982	130	0	9492
25794	192	355	200	7887	0	8634
25795	112	115	210	7114	0	7551
25796	97	7178	96	244	0	7615
25797	96	7393	94	179	0	7762
25798	7299	198	80	90	0	7667
25799	7385	148	84	72	0	7689
25800	7495	49	55	103	0	7702
25801	7376	42	49	100	0	7567
25802	7093	44	68	111	0	7316
25803	231	6823	85	89	0	7228
25804	108	5497	57	55	0	5717
25805	42	4546	42	39	0	4669
25806	4040	91	230	50	0	4411
25807	113	134	60	3649	0	3956
25808	59	5	22	3603	0	3689
25809	3547	9	25	61	0	3642
25810	43	3577	20	48	0	3688
25811	51	30	25	3582	0	3688
25812	23	36	17	3640	0	3716
25813	19	15	25	3688	0	3747
25814	3577	14	30	49	0	3670
25815	41	15	26	3616	0	3698
25816	52	18	3479	41	0	3590
25817	3290	9	30	40	0	3369
25818	46	13	33	3526	0	3618
25819	52	14	3595	44	0	3705
25820	39	3679	33	39	0	3790
25821	31	3526	26	18	0	3601
25822	3332	48	53	6	0	3439
25823	3308	23	11	21	0	3363
25824	49	3616	2	11	0	3678
25825	43	21	3	3760	0	3827
25826	3876	30	5	42	0	3953
25827	43	9	4	4236	0	4292
25828	43	1	5	4327	0	4376
25829	18	2	4	4380	0	4404
25830	12	5	7	4300	0	4324
25831	6	4250	11	92	0	4359
25832	6	40	8	4356	0	4410
25833	4	45	4	4329	0	4382
25834	6	17	9	4352	0	4384
25835	10	7	4220	109	0	4346
25836	4	4207	44	75	0	4330
25837	4	48	49	4181	0	4282
25838	6	46	4187	56	0	4295
25839	12	16	4018	61	0	4107
25840	2	4139	93	24	0	4258
25841	4048	49	57	15	0	4169
25842	45	46	20	4138	0	4249
25843	4134	19	7	58	0	4218
25844	62	4191	10	55	0	4318
25845	43	52	10	4192	0	4297
25846	4037	48	14	60	0	4159
25847	4105	25	5	55	0	4190
25848	96	16	5	4125	0	4242
25849	67	7	9	4126	0	4209
25850	25	7	4089	117	0	4238
25851	16	13	51	4092	0	4172
25852	17	11	57	4161	0	4246
25853	4006	11	17	113	0	4147
25854	53	4101	10	88	0	4252
25855	51	56	4060	39	0	4206
25856	3830	49	57	29	0	3965
25857	53	4128	50	35	0	4266
25858	53	51	16	4075	0	4195
25859	4042	42	12	77	0	4173
25860	58	20	10	4043	0	4131
25861	52	19	7	4049	0	4127
25862	22	17	3975	117	0	4131
25863	15	15	55	4044	0	4129
25864	3990	10	44	88	0	4132
25865	59	13	18	4061	0	4151
25866	3926	16	5	103	0	4050
25867	69	3831	17	83	0	4000
25868	52	3956	12	58	0	4078
25869	19	93	9	3886	0	4007
25870	16	60	16	3926	0	4018
25871	3772	29	15	117	0	3933
25872	53	3813	15	91	0	3972
25873	3849	54	18	51	0	3972
25874	3836	62	12	37	0	3947
25875	101	31	12	3796	0	3940
25876	3838	18	12	81	0	3949
25877	81	18	3710	77	0	3886
25878	61	22	56	3708	0	3847
25879	50	23	3815	72	0	3960
25880	31	16	68	3805	0	3920
25881	3719	14	45	95	0	3873
25882	3697	14	23	89	0	3823
25883	108	3748	13	59	0	3928
25884	70	66	11	3739	0	3886
25885	44	52	16	3738	0	3850
25886	27	3843	17	135	0	4022
25887	23	61	15	3939	0	4038
25888	36	56	22	3827	0	3941
25889	28	3899	18	132	0	4077
25890	3738	69	15	104	0	3926
25891	3747	56	16	66	0	3885
25892	106	36	16	3754	0	3912
25893	74	34	14	3779	0	3901
25894	52	22	3701	131	0	3906
25895	32	24	58	3591	0	3705
25896	40	3664	55	109	0	3868
25897	3705	64	28	92	0	3889
25898	85	61	14	3659	0	3819
25899	74	30	15	3606	0	3725
25900	3446	20	19	135	0	3620
25901	68	3498	27	103	0	3696
25902	72	87	18	3566	0	3743
25903	53	64	28	3530	0	3675
25904	37	3530	19	189	0	3775
25905	3560	65	20	100	0	3745
25906	92	67	3563	47	0	3769
25907	79	40	3589	55	0	3763
25908	52	24	95	3561	0	3732
25909	40	20	3601	92	0	3753
25910	3444	30	66	101	0	3641
25911	85	20	62	3583	0	3750
25912	86	26	3655	95	0	3862
25913	53	27	3698	106	0	3884
25914	42	3786	103	64	0	3995
25915	3755	58	74	51	0	3938
25916	67	3942	29	70	0	4108
25917	3908	67	27	54	0	4056
25918	3804	57	27	58	0	3946
25919	110	3767	24	60	0	3961
25920	3709	54	16	42	0	3821
25921	3612	67	13	28	0	3720
25922	107	35	3609	39	0	3790
25923	78	243	43	3196	0	3560
25924	25	3182	33	52	0	3292
25925	22	3025	14	44	0	3105
25926	85	95	61	2646	0	2887
25927	2514	28	16	42	0	2600
25928	19	3	5	2504	0	2531
25929	22	1	4	2572	0	2599
25930	7	5	2	2630	0	2644
25931	10	2718	4	36	0	2768
25932	5	22	3	2882	0	2912
25933	6	31	3076	39	0	3152
25934	2833	10	33	36	0	2912
25935	3144	7	33	16	0	3200
25936	69	3173	5	11	0	3258
25937	3272	36	1	16	0	3325
25938	35	37	5	3297	0	3374
25939	47	4	3314	39	0	3404
25940	3117	5	36	43	0	3201
25941	42	3410	36	13	0	3501
25942	38	31	5	3348	0	3422
25943	3465	34	4	35	0	3538
25944	32	3563	8	33	0	3636
25945	35	3624	9	14	0	3682
25946	3587	58	5	7	0	3657
25947	42	41	3485	10	0	3578
25948	3479	15	28	7	0	3529
25949	36	5	32	3526	0	3599
25950	43	8	7	3563	0	3621
25951	20	11	3533	63	0	3627
25952	10	8	3532	37	0	3587
25953	19	6	57	3526	0	3608
25954	12	7	3577	39	0	3635
25955	10	10	3558	39	0	3617
25956	13	4	65	3409	0	3491
25957	12	5	42	3558	0	3617
25958	3571	3	21	62	0	3657
25959	37	7	10	3602	0	3656
25960	3618	5	8	45	0	3676
25961	36	3592	14	44	0	3686
25962	44	34	12	3634	0	3724
25963	20	42	3654	41	0	3757
25964	3487	16	39	43	0	3585
25965	3738	6	35	15	0	3794
25966	3768	13	11	19	0	3811
25967	3766	8	7	15	0	3796
25968	3738	17	9	10	0	3774
25969	77	8	8	3658	0	3751
25970	46	9	3655	38	0	3748
25971	33	11	3600	41	0	3685
25972	17	12	3718	23	0	3770
25973	3507	9	76	12	0	3604
25974	3758	2	49	22	0	3831
25975	80	3	20	3635	0	3738
25976	52	3819	19	46	0	3936
25977	18	34	23	3907	0	3982
25978	20	43	3840	50	0	3953
25979	18	15	3777	52	0	3862
25980	3591	7	80	26	0	3704
25981	49	9	3999	24	0	4081
25982	50	11	49	3911	0	4021
25983	4135	8	51	48	0	4242
25984	4034	5	22	56	0	4117
25985	4218	4	12	20	0	4254
25986	4212	10	19	12	0	4253
25987	93	3	4128	26	0	4250
25988	3953	6	57	7	0	4023
25989	57	4136	54	17	0	4264
25990	73	34	18	4151	0	4276
25991	37	41	4193	41	0	4312
25992	29	7	41	4118	0	4195
25993	25	11	4284	54	0	4374
25994	19	4	57	4184	0	4264
25995	21	6	59	4253	0	4339
25996	25	11	4231	84	0	4351
25997	24	5	52	4165	0	4246
25998	4242	8	58	53	0	4361
25999	51	8	22	4295	0	4376
26000	58	5	22	4361	0	4446
26001	4277	7	15	92	0	4391
26002	52	4412	21	72	0	4557
26003	4441	34	27	16	0	4518
26004	57	4474	24	23	0	4578
26005	4470	41	16	21	0	4548
26006	65	49	4479	17	0	4610
26007	60	14	43	4394	0	4511
26008	36	6	55	4505	0	4602
26009	4404	10	20	85	0	4519
26010	64	4445	20	64	0	4593
26011	64	43	15	4435	0	4557
26012	26	51	19	4372	0	4468
26013	21	4294	20	95	0	4430
26014	4159	40	25	69	0	4293
26015	53	4264	21	30	0	4368
26016	52	39	23	4092	0	4206
26017	27	39	15	3984	0	4065
26018	18	4057	20	90	0	4185
26019	3991	35	9	59	0	4094
26020	48	47	3995	30	0	4120
26021	3891	14	45	17	0	3967
26022	51	3979	43	38	0	4111
26023	49	43	29	3988	0	4109
26024	4048	37	13	54	0	4152
26025	52	26	14	4059	0	4151
26026	60	17	10	4076	0	4163
26027	4071	20	17	89	0	4197
26028	58	4046	13	71	0	4188
26029	44	4131	14	39	0	4228
26030	4086	66	10	25	0	4187
26031	51	43	4123	31	0	4248
26032	37	4021	33	20	0	4111
26033	38	29	41	3877	0	3985
26034	24	22	4633	27	0	4706
26035	11	22	31	4446	0	4510
26036	4541	7	42	48	0	4638
26037	40	4678	19	53	0	4790
26038	56	35	6	4285	0	4382
26039	18	4651	5	31	0	4705
26040	4576	41	9	44	0	4670
26041	4609	54	12	15	0	4690
26042	80	4720	7	27	0	4834
26043	60	38	9	4474	0	4581
26044	22	4797	7	56	0	4882
26045	4876	47	5	57	0	4985
26046	4894	59	5	19	0	4977
26047	98	21	2	4889	0	5010
26048	80	8	5	4956	0	5049
26049	32	13	4888	105	0	5038
26050	4469	7	39	82	0	4597
26051	54	7	4934	28	0	5023
26052	60	10	56	4815	0	4941
26053	4800	5	60	49	0	4914
26054	49	4939	18	84	0	5090
26055	4828	45	12	31	0	4916
26056	54	66	4745	14	0	4879
26057	4614	22	41	19	0	4696
26058	66	4938	62	14	0	5080
26059	4911	44	20	17	0	4992
26060	58	5052	6	19	0	5135
26061	74	60	1	5015	0	5150
26062	27	69	4929	57	0	5082
26063	18	32	4836	68	0	4954
26064	15	12	98	4822	0	4947
26065	18	12	4954	48	0	5032
26066	14	18	60	4861	0	4953
26067	18	15	62	4886	0	4981
26068	8	20	5018	116	0	5162
26069	4254	9	45	101	0	4409
26070	4901	9	63	36	0	5009
26071	100	4941	25	16	0	5082
26072	4926	44	11	23	0	5004
26073	60	55	12	4890	0	5017
26074	70	26	5052	44	0	5192
26075	28	21	40	5007	0	5096
26076	26	12	58	5047	0	5143
26077	4893	12	16	98	0	5019
26078	44	4915	12	70	0	5041
26079	59	4947	10	22	0	5038
26080	26	88	9	4894	0	5017
26081	27	65	9	4790	0	4891
26082	8	4895	8	86	0	4997
26083	15	47	5	4772	0	4839
26084	8	55	12	4679	0	4754
26085	10	4687	15	86	0	4798
26086	4607	44	12	66	0	4729
26087	43	50	19	4564	0	4676
26088	53	4650	12	59	0	4774
26089	26	46	9	4674	0	4755
26090	4596	60	9	63	0	4728
26091	43	4649	11	68	0	4771
26092	4751	44	5	30	0	4830
26093	4773	63	6	17	0	4859
26094	100	28	1	4816	0	4945
26095	5032	23	3	46	0	5104
26096	4967	18	13	61	0	5059
26097	5037	13	3	36	0	5089
26098	5070	13	11	24	0	5118
26099	110	10	8	5021	0	5149
26100	78	10	8	5090	0	5186
26101	32	18	5044	104	0	5198
26102	22	12	48	4998	0	5080
26103	20	10	57	5043	0	5130
26104	19	13	4977	112	0	5121
26105	4712	11	51	91	0	4865
26106	58	8	56	5079	0	5201
26107	65	24	5151	56	0	5296
26108	4672	13	52	75	0	4812
26109	64	16	5546	32	0	5658
26110	68	5643	63	27	0	5801
26111	31	5943	67	28	0	6069
26112	26	110	28	6214	0	6378
26113	26	91	6960	66	0	7143
26114	6768	25	64	86	0	6943
26115	7237	13	90	36	0	7376
26116	149	13	7288	26	0	7476
26117	7190	11	72	33	0	7306
26118	7364	12	91	21	0	7488
26119	143	7439	32	22	0	7636
26120	7435	55	16	27	0	7533
26121	81	81	19	7348	0	7529
26122	102	17	7494	83	0	7696
26123	35	18	68	6922	0	7043
26124	23	7648	86	79	0	7836
26125	23	7818	23	81	0	7945
26126	7758	130	20	34	0	7942
26127	7634	91	16	32	0	7773
26128	7614	18	20	31	0	7683
26129	144	15	15	7581	0	7755
26130	105	44	14	7244	0	7407
26131	29	7442	17	143	0	7631
26132	7312	64	22	96	0	7494
26133	73	7597	16	36	0	7722
26134	6626	53	7	13	0	6699
26135	57	6763	12	13	0	6845
26136	6642	46	27	17	0	6732
26137	6575	52	16	16	0	6659
26138	110	34	11	6379	0	6534
26139	72	6776	11	52	0	6911
26140	38	44	6640	58	0	6780
26141	5985	59	45	17	0	6106
26142	55	6553	55	29	0	6692
26143	68	40	6561	16	0	6685
26144	29	49	6647	19	0	6744
26145	19	35	80	6146	0	6280
26146	19	15	43	6122	0	6199
26147	20	6680	12	73	0	6785
26148	6748	36	8	49	0	6841
26149	41	59	12	6548	0	6660
26150	51	6950	11	42	0	7054
26151	24	7236	7	44	0	7311
26152	28	75	7135	17	0	7255
26153	26	49	7182	14	0	7271
26154	6684	16	67	17	0	6784
26155	56	19	7247	16	0	7338
26156	58	16	40	7010	0	7124
26157	29	15	37	7333	0	7414
26158	30	25	7420	74	0	7549
26159	18	22	35	7100	0	7175
26160	23	16	45	7070	0	7154
26161	7010	12	12	76	0	7110
26162	7295	17	16	53	0	7381
26163	73	20	21	7250	0	7364
26164	54	7350	23	45	0	7472
26165	19	7729	24	53	0	7825
26166	7649	77	21	23	0	7770
26167	60	54	7707	15	0	7836
26168	58	16	52	7548	0	7674
26169	7867	10	56	58	0	7991
26170	7840	21	14	70	0	7945
26171	90	25	21	7847	0	7983
26172	70	23	7960	45	0	8098
26173	38	30	7568	63	0	7699
26174	7246	29	91	26	0	7392
26175	7792	26	63	15	0	7896
26176	102	7984	29	28	0	8143
26177	77	8111	28	21	0	8237
26178	8302	88	32	30	0	8452
26179	8418	54	30	32	0	8534
26180	107	18	27	8567	0	8719
26181	86	21	22	8747	0	8876
26182	46	22	24	8812	0	8904
26183	8754	21	26	99	0	8900
26184	84	23	19	8805	0	8931
26185	99	23	8977	62	0	9161
26186	8612	27	55	74	0	8768
26187	63	41	53	9005	0	9162
26188	82	44	9110	56	0	9292
26189	8442	35	56	67	0	8600
26190	8437	41	64	25	0	8567
26191	90	9513	32	29	0	9664
26192	68	9656	28	30	0	9782
26193	62	90	9347	21	0	9520
26194	8523	71	42	40	0	8676
26195	73	9673	61	37	0	9844
26196	86	58	9547	28	0	9719
26197	8557	71	58	38	0	8724
26198	74	10127	58	41	0	10300
26199	77	69	10007	28	0	10181
26200	9186	82	46	26	0	9340
26201	78	10226	54	42	0	10400
26202	73	57	14	10079	0	10223
26203	10051	64	15	60	0	10190
26204	58	10182	22	71	0	10333
26205	74	68	36	9985	0	10163
26206	9888	54	23	62	0	10027
26207	59	23	10082	69	0	10233
26208	51	10077	56	36	0	10220
26209	42	43	9785	24	0	9894
26210	25	67	45	9338	0	9475
26211	12	21	9441	55	0	9529
26212	16	8879	45	58	0	8998
26213	13	8326	41	14	0	8394
26214	11	43	15	8141	0	8210
26215	8	25	5	7870	0	7908
26216	8	7	7	8058	0	8080
26217	13	5	8240	52	0	8310
26218	9	3	23	8192	0	8227
26219	8211	9	25	34	0	8279
26220	7987	8	9	29	0	8033
26221	50	11	8465	28	0	8554
26222	27	8537	26	24	0	8614
26223	8455	23	29	10	0	8517
26224	23	8503	11	10	0	8547
26225	8381	24	19	13	0	8437
26226	8344	23	10	17	0	8394
26227	53	15	8368	15	0	8451
26228	30	8623	28	22	0	8703
26229	12	21	30	8669	0	8732
26230	17	31	8685	29	0	8762
26231	7945	10	25	26	0	8006
26232	30	19	24	8541	0	8614
26233	34	10	8494	23	0	8561
26234	7782	9	27	35	0	7853
26235	36	14	8728	13	0	8791
26236	32	6	24	8602	0	8664
26237	8889	7	43	29	0	8968
26238	27	9280	7	38	0	9352
26239	33	32	9280	21	0	9366
26240	9026	28	34	18	0	9106
26241	10051	6	39	10	0	10106
26242	74	10475	15	11	0	10575
26243	48	48	6	10486	0	10588
26244	11	54	8	10315	0	10388
26245	10254	13	7	93	0	10367
26246	52	7	9	10291	0	10359
26247	58	10	10351	56	0	10475
26248	10	6	51	10227	0	10294
26249	10133	7	51	59	0	10250
26250	47	10225	8	82	0	10362
26251	66	49	6	9657	0	9778
26252	12	10130	9	53	0	10204
26253	10160	52	8	58	0	10278
26254	54	63	6	11155	0	11278
26255	69	9	6	11292	0	11376
26256	12	11527	8	174	0	11721
26257	21	108	11164	107	0	11400
26258	17	93	106	11031	0	11247
26259	9	15	97	11222	0	11343
26260	20	6	14	11172	0	11212
26261	15	11215	12	190	0	11432
26262	32	108	11232	98	0	11470
26263	13	98	11376	20	0	11507
26264	10841	10	193	22	0	11066
26265	11237	10	100	22	0	11369
26266	206	12	11530	14	0	11762
26267	11046	10	116	25	0	11197
26268	115	26	11695	33	0	11869
26269	10851	11	118	21	0	11001
26270	114	11651	105	34	0	11904
26271	11620	107	35	16	0	11778
26272	141	108	11827	23	0	12099
26273	118	18	11993	20	0	12149
26274	25	14	224	12300	0	12563
26275	12758	11	120	136	0	13025
26276	133	13664	32	160	0	13989
26277	152	156	15170	51	0	15529
26278	42	154	188	15117	0	15501
26279	36	25	198	15578	0	15837
26280	15534	20	36	372	0	15962
26281	15519	12	19	222	0	15772
26282	392	22	16	15469	0	15899
26283	15671	14	13	220	0	15918
26284	230	19	15420	225	0	15894
26285	218	11	201	15012	0	15442
26286	41	12	212	15421	0	15686
26287	15287	16	35	396	0	15734
26288	15199	18	27	233	0	15477
26289	399	10	27	15102	0	15538
26290	15167	17	21	225	0	15430
26291	249	17	14789	233	0	15288
26292	228	14640	213	55	0	15136
26293	70	197	14908	50	0	15225
26294	52	266	217	14636	0	15171
26295	14310	23	254	234	0	14821
26296	200	14452	37	264	0	14953
26297	229	202	35	14140	0	14606
26298	48	219	41	13719	0	14027
26299	41	13836	33	403	0	14313
26300	48	213	30	14113	0	14404
26301	55	210	40	13987	0	14292
26302	54	31	41	14183	0	14309
26303	44	20	35	14149	0	14248
26304	66	15	31	13848	0	13960
26305	65	13525	37	451	0	14078
26306	56	203	34	13836	0	14129
26307	60	208	38	13778	0	14084
26308	68	34	13359	474	0	13935
26309	64	13294	226	296	0	13880
26310	69	206	233	13330	0	13838
26311	75	216	45	13272	0	13608
26312	80	36	56	13209	0	13381
26313	75	13087	57	456	0	13675
26314	70	213	13203	313	0	13799
26315	70	217	224	13368	0	13879
26316	91	56	13501	275	0	13923
26317	97	48	13179	284	0	13608
26318	81	30	409	13067	0	13587
26319	13204	36	260	286	0	13786
26320	244	34	73	13255	0	13606
26321	247	41	53	12873	0	13214
26322	66	13068	61	487	0	13682
26323	85	224	41	13353	0	13703
26324	64	218	51	13510	0	13843
26325	78	65	13418	508	0	14069
26326	51	13320	250	332	0	13953
26327	47	232	234	13451	0	13964
26328	13027	232	67	312	0	13638
26329	225	79	13160	335	0	13799
26330	244	53	235	13084	0	13616
26331	66	56	241	13324	0	13687
26332	12966	58	63	539	0	13626
26333	228	13066	60	383	0	13737
26334	12857	236	55	163	0	13311
26335	229	12958	58	190	0	13435
26336	251	231	47	12732	0	13261
26337	12438	230	100	331	0	13099
26338	233	79	12395	338	0	13045
26339	234	12150	242	181	0	12807
26340	88	12131	264	214	0	12697
26341	11252	376	81	160	0	11869
26342	214	245	57	10725	0	11241
26343	222	10825	80	299	0	11426
26344	80	11291	76	329	0	11776
26345	73	375	61	11162	0	11671
26346	64	240	66	11338	0	11708
26347	10905	65	72	503	0	11545
26348	233	10978	56	360	0	11627
26349	234	226	93	10985	0	11538
26350	107	216	10829	322	0	11474
26351	78	10845	240	341	0	11504
26352	83	238	10764	181	0	11266
26353	62	10605	246	201	0	11114
26354	185	207	294	9333	0	10019
26355	87	196	54	9044	0	9381
26356	72	9268	50	378	0	9768
26357	87	184	9270	270	0	9811
26358	9059	195	169	144	0	9567
26359	149	97	183	9412	0	9841
26360	176	74	84	9581	0	9915
26361	74	87	9546	368	0	10075
26362	55	89	167	9645	0	9956
26363	69	92	9644	267	0	10072
26364	54	90	166	9618	0	9928
26365	60	89	9800	261	0	10210
26366	31	9734	170	330	0	10265
26367	68	186	10023	177	0	10454
26368	41	237	155	9934	0	10367
26369	9773	94	177	265	0	10309
26370	153	9686	61	300	0	10200
26371	185	238	68	9536	0	10027
26372	81	222	9420	237	0	9960
26373	37	9505	173	261	0	9976
26374	35	219	164	8478	0	8896
26375	28	185	8516	169	0	8898
26376	25	7426	108	148	0	7707
26377	5500	157	215	81	0	5953
26378	4968	62	29	31	0	5090
26379	69	9	9	5042	0	5129
26380	5096	10	13	34	0	5153
26381	33	9	8	5030	0	5080
26382	46	9	7	5090	0	5152
26383	18	13	5272	78	0	5381
26384	4	12	29	5203	0	5248
26385	10	11	48	5238	0	5307
26386	5161	8	15	79	0	5263
26387	5009	12	10	55	0	5086
26388	68	5144	10	26	0	5248
26389	54	28	5210	22	0	5314
26390	10	48	37	5109	0	5204
26391	13	18	5087	34	0	5152
26392	4543	8	32	50	0	4633
26393	39	14	4946	23	0	5022
26394	40	4	27	4690	0	4761
26395	6	4856	37	28	0	4927
26396	11	24	12	4819	0	4866
26397	7	48	14	4841	0	4910
26398	10	10	4998	63	0	5081
26399	12	4	26	4961	0	5003
26400	4945	4	36	38	0	5023
26401	4882	5	9	49	0	4945
26402	4892	10	10	13	0	4925
26403	4928	6	10	19	0	4963
26404	52	4918	15	19	0	5004
26405	44	4885	13	13	0	4955
26406	18	56	6	4559	0	4639
26407	11	33	13	4814	0	4871
26408	8	4759	10	56	0	4833
26409	8	22	9	4870	0	4909
26410	5	40	8	4871	0	4924
26411	4	7	13	4870	0	4894
26412	8	6	15	4878	0	4907
26413	13	9	12	4906	0	4940
26414	4783	5	9	65	0	4862
26415	29	4770	6	57	0	4862
26416	51	27	4669	20	0	4767
26417	13	42	18	4644	0	4717
26418	11	8	44	4628	0	4691
26419	11	14	8	4601	0	4634
26420	4502	14	14	64	0	4594
26421	30	4988	13	67	0	5098
26422	48	44	13	4836	0	4941
26423	18	5149	7	57	0	5231
26424	28	59	11	4917	0	5015
26425	11	4953	10	70	0	5044
26426	16	67	5239	83	0	5405
26427	15	70	66	5490	0	5641
26428	25	15	6640	90	0	6770
26429	18	17	100	6534	0	6669
26430	13	16	115	7103	0	7247
26431	7184	11	26	222	0	7443
26432	7206	10	12	158	0	7386
26433	7368	19	14	42	0	7443
26434	7337	18	16	44	0	7415
26435	7306	23	21	33	0	7383
26436	235	19	18	6892	0	7164
26437	139	7111	17	121	0	7388
26438	35	98	21	7120	0	7274
26439	33	136	6961	124	0	7254
26440	6754	25	101	141	0	7021
26441	6996	14	119	44	0	7173
26442	224	20	30	6995	0	7269
26443	142	11	11	6839	0	7003
26444	27	6813	21	234	0	7095
26445	28	104	10	7010	0	7152
26446	31	122	12	6768	0	6933
26447	33	6812	22	228	0	7095
26448	29	99	22	6981	0	7131
26449	6597	118	16	151	0	6882
26450	118	32	6746	148	0	7044
26451	6465	23	101	57	0	6646
26452	132	22	6765	33	0	6952
26453	142	13	133	6481	0	6769
26454	46	19	128	6138	0	6331
26455	28	6466	42	222	0	6758
26456	35	6611	20	167	0	6833
26457	29	217	26	6321	0	6593
26458	34	139	6451	140	0	6764
26459	6082	24	105	159	0	6370
26460	133	13	124	6164	0	6434
26461	134	6208	31	134	0	6507
26462	51	103	10	6293	0	6457
26463	46	132	9	6003	0	6190
26464	49	6016	20	217	0	6302
26465	70	101	13	5730	0	5914
26466	44	103	5318	117	0	5582
26467	43	35	5165	124	0	5367
26468	31	30	162	4695	0	4918
26469	20	5206	101	87	0	5414
26470	19	100	19	5171	0	5309
26471	5188	96	21	114	0	5419
26472	5246	29	16	97	0	5388
26473	5059	16	12	49	0	5136
26474	180	4991	11	43	0	5225
26475	98	89	4988	42	0	5217
26476	4893	111	91	32	0	5127
26477	5006	36	99	41	0	5182
26478	178	4922	29	52	0	5181
26479	115	102	19	4900	0	5136
26480	4984	102	16	120	0	5222
26481	5035	37	14	116	0	5202
26482	5104	23	25	50	0	5202
26483	204	21	28	4765	0	5018
26484	4901	17	34	112	0	5064
26485	122	18	24	4902	0	5066
26486	119	18	21	4945	0	5103
26487	4842	26	24	209	0	5101
26488	126	25	14	4919	0	5084
26489	4851	32	19	150	0	5052
26490	142	22	26	4888	0	5078
26491	147	26	28	4882	0	5083
26492	4795	19	26	239	0	5079
26493	141	36	4735	158	0	5070
26494	148	36	102	4823	0	5109
26495	77	28	108	4891	0	5104
26496	77	33	42	4834	0	4986
26497	83	20	22	4901	0	5026
26498	68	30	31	4651	0	4780
26499	66	4585	32	246	0	4929
26500	60	107	31	4731	0	4929
26501	85	117	4583	154	0	4939
26502	71	42	104	4708	0	4925
26503	81	43	103	4654	0	4881
26504	62	25	34	4814	0	4935
26505	73	37	4626	236	0	4972
26506	58	42	4629	178	0	4907
26507	4517	38	196	83	0	4834
26508	4632	29	128	85	0	4874
26509	228	4731	37	81	0	5077
26510	146	116	26	4838	0	5126
26511	59	116	25	4980	0	5180
26512	56	45	28	5146	0	5275
26513	4955	31	31	249	0	5266
26514	5053	29	43	172	0	5297
26515	212	34	22	5069	0	5337
26516	143	30	24	5087	0	5284
26517	63	47	21	5135	0	5266
26518	35	35	42	5187	0	5299
26519	4868	33	26	261	0	5188
26520	102	40	4785	187	0	5114
26521	111	4159	85	95	0	4450
26522	33	4056	93	72	0	4254
26523	3831	130	32	75	0	4068
26524	78	158	46	3772	0	4054
26525	84	34	3855	108	0	4081
26526	27	32	3501	96	0	3656
26527	22	3453	96	64	0	3635
26528	2326	18	71	14	0	2429
26529	23	22	2301	13	0	2359
26530	1663	8	38	3	0	1712
26531	5	1	2	1783	0	1791
26532	2	0	2	1810	0	1814
26533	3	1804	1	8	0	1816
26534	0	1859	2	5	0	1866
26535	1831	6	1	5	0	1843
26536	1839	3	0	2	0	1844
26537	6	1924	4	2	0	1936
26538	4	6	1860	0	0	1870
26539	1	7	1913	2	0	1923
26540	5	1	5	1896	0	1907
26541	1987	1	3	4	0	1995
26542	3	2009	2	7	0	2021
26543	4	3	1	2066	0	2074
26544	2088	4	0	5	0	2097
26545	5	0	2	2135	0	2142
26546	4	0	2	2196	0	2202
26547	2189	0	0	11	0	2200
26548	4	2255	0	16	0	2275
26549	9	2356	1	4	0	2370
26550	0	10	2371	3	0	2384
26551	1	9	5	2412	0	2427
26552	0	0	9	2437	0	2446
26553	2	2	2492	15	0	2511
26554	1986	2	5	16	0	2009
26555	2314	0	11	5	0	2330
26556	16	3	2491	2	0	2512
26557	2020	1	10	10	0	2041
26558	7	0	2576	2	0	2585
26559	9	2711	6	7	0	2733
26560	2	6	9	2795	0	2812
26561	2	9	1	2863	0	2875
26562	2878	2	0	16	0	2896
26563	2877	0	0	10	0	2887
26564	2860	0	0	4	0	2864
26565	2890	1	1	2	0	2894
26566	2884	2	1	3	0	2890
26567	16	4	2891	1	0	2912
26568	10	2872	7	4	0	2893
26569	3	10	10	2854	0	2877
26570	1	2925	3	5	0	2934
26571	2	2955	1	8	0	2966
26572	1	13	3	2897	0	2914
26573	1	8	2	2906	0	2917
26574	3	2	2976	14	0	2995
26575	2663	2	7	12	0	2684
26576	2940	0	7	1	0	2948
26577	13	2960	1	8	0	2982
26578	2974	5	3	4	0	2986
26579	3066	9	2	2	0	3079
26580	14	1	0	3079	0	3094
26581	10	3	3238	7	0	3258
26582	3	3	3232	10	0	3248
26583	3189	1	14	4	0	3208
26584	3246	1	9	3	0	3259
26585	15	3284	1	3	0	3303
26586	11	3420	0	4	0	3435
26587	2	17	1	3494	0	3514
26588	3479	13	0	8	0	3500
26589	7	7	3520	14	0	3548
26590	11	3	9	3527	0	3550
26591	3635	3	12	9	0	3659
26592	3638	2	1	19	0	3660
26593	22	0	1	3743	0	3766
26594	3788	2	2	9	0	3801
26595	15	2	3707	15	0	3739
26596	20	1	3965	1	0	3987
26597	3	1	16	3881	0	3901
26598	3	0	14	4085	0	4102
26599	4	4	1	4051	0	4060
26600	2	4054	3	15	0	4074
26601	1	4114	3	11	0	4129
26602	2	19	2	4111	0	4134
26603	4180	13	1	17	0	4211
26604	8	1	0	4254	0	4263
26605	15	3	1	4266	0	4285
26606	4	4306	7	18	0	4335
26607	3	4444	3	20	0	4470
26608	3	19	1	4436	0	4459
26609	4	13	5	4316	0	4338
26610	4234	5	1	20	0	4260
26611	7	4279	4	18	0	4308
26612	4290	5	2	5	0	4302
26613	8	16	2	4282	0	4308
26614	18	3	4219	10	0	4250
26615	7	5	4182	16	0	4210
26616	4137	1	23	8	0	4169
26617	9	2	13	4453	0	4477
26618	14	1	5	4467	0	4487
26619	3	4	0	4519	0	4526
26620	5	5	4595	25	0	4630
26621	2	4	6	4644	0	4656
26622	1	4692	15	10	0	4718
26623	2	7	3	4779	0	4791
26624	2	17	3	4734	0	4756
26625	5	4796	5	24	0	4830
26626	5	10	1	4860	0	4876
26627	4708	25	1	8	0	4742
26628	6	4838	4	25	0	4873
26629	5064	6	2	8	0	5080
26630	5026	29	0	5	0	5060
26631	38	5	3	5061	0	5107
26632	33	3	2	5021	0	5059
26633	8	1	2	5114	0	5125
26634	9	4	4970	41	0	5024
26635	2	4952	10	48	0	5012
26636	7	5056	33	9	0	5105
26637	3	35	4	4967	0	5009
26638	4900	31	5	9	0	4945
26639	8	3	1	4889	0	4901
26640	31	7	4947	13	0	4998
26641	4	4900	12	44	0	4960
26642	3	4972	29	9	0	5013
26643	4940	36	4	8	0	4988
26644	4916	29	7	8	0	4960
26645	34	5309	2	19	0	5364
26646	5504	10	6	6	0	5526
26647	18	29	5350	8	0	5405
26648	42	10	5330	5	0	5387
26649	5306	9	38	6	0	5359
26650	5438	10	35	14	0	5497
26651	39	2	8	5443	0	5492
26652	5482	3	5	16	0	5506
26653	19	5	5568	41	0	5633
26654	38	6	5949	10	0	6003
26655	8	4	50	6513	0	6575
26656	10	5	38	7406	0	7459
26657	11	4	9	7640	0	7664
26658	7	4	5	7952	0	7968
26659	9	2	5	8390	0	8406
26660	10	9	8212	150	0	8381
26661	11	9	49	8197	0	8266
26662	8172	5	86	85	0	8348
26663	57	5	14	8296	0	8372
26664	8218	6	9	102	0	8335
26665	69	6	12	8296	0	8383
26666	8412	6	17	94	0	8529
26667	8689	8	10	121	0	8828
26668	152	9	7	8711	0	8879
26669	113	11	9	8788	0	8921
26670	8705	6	11	166	0	8888
26671	8651	3	12	128	0	8794
26672	167	12	8771	45	0	8995
26673	127	7	54	8696	0	8884
26674	42	10	87	8905	0	9044
26675	8835	7	20	168	0	9030
26676	8902	6	12	134	0	9054
26677	161	11	18	8973	0	9163
26678	116	7	18	9011	0	9152
26679	44	5	11	9053	0	9113
26680	31	15	17	8889	0	8952
26681	40	8533	17	203	0	8793
26682	34	8654	17	157	0	8862
26683	32	132	17	8618	0	8799
26684	31	8757	19	121	0	8928
26685	29	68	14	8877	0	8988
26686	30	101	8644	128	0	8903
26687	29	39	8471	160	0	8699
26688	30	8739	141	99	0	9009
26689	52	71	114	8647	0	8884
26690	47	109	8683	123	0	8962
26691	32	28	78	8500	0	8638
26692	39	25	111	8769	0	8944
26693	8646	18	41	201	0	8906
26694	98	19	19	8876	0	9012
26695	134	14	9036	136	0	9320
26696	61	15	9037	166	0	9279
26697	52	9032	157	97	0	9338
26698	45	9601	129	86	0	9861
26699	9762	139	39	78	0	10018
26700	108	98	10624	92	0	10922
26701	124	23	83	10593	0	10823
26702	10693	19	110	137	0	10959
26703	10535	19	41	161	0	10756
26704	177	10948	45	89	0	11259
26705	143	68	34	10781	0	11026
26706	60	94	29	11181	0	11364
26707	56	28	25	11161	0	11270
26708	10888	26	25	221	0	11160
26709	105	28	10931	189	0	11253
26710	128	11160	86	101	0	11475
26711	58	83	103	11089	0	11333
26712	45	107	30	11288	0	11470
26713	59	35	11212	232	0	11538
26714	43	35	87	11088	0	11253
26715	32	34	122	11309	0	11497
26716	47	30	42	11357	0	11476
26717	44	34	41	11286	0	11405
26718	28	30	11138	259	0	11455
26719	46	27	96	11042	0	11211
26720	50	31	11362	173	0	11616
26721	39	11233	107	202	0	11581
26722	46	69	120	11300	0	11535
26723	30	95	60	11453	0	11638
26724	40	40	11269	267	0	11616
26725	45	11263	91	223	0	11622
26726	47	105	125	11215	0	11492
26727	45	113	11405	164	0	11727
26728	41	11345	108	175	0	11669
26729	52	83	104	11294	0	11533
26730	45	101	11359	136	0	11641
26731	49	39	87	11218	0	11393
26732	52	32	103	11230	0	11417
26733	39	37	54	11577	0	11707
26734	11363	36	30	220	0	11649
26735	91	11371	35	186	0	11683
26736	11389	78	40	116	0	11623
26737	110	86	11443	110	0	11749
26738	11800	35	94	116	0	12045
26739	12724	34	100	99	0	12957
26740	155	40	47	12693	0	12935
26741	13122	34	38	158	0	13352
26742	13229	30	45	150	0	13454
26743	13543	36	32	117	0	13728
26744	179	31	35	13480	0	13725
26745	125	30	34	13286	0	13475
26746	49	30	12845	202	0	13126
26747	46	33	12421	154	0	12654
26748	11921	20	147	91	0	12179
26749	82	76	97	12684	0	12939
26750	82	13030	55	140	0	13307
26751	13012	72	42	127	0	13253
26752	72	13152	47	84	0	13355
26753	81	13029	62	90	0	13262
26754	86	140	12212	85	0	12523
26755	30	64	12754	56	0	12904
26756	21	153	107	12219	0	12500
26757	15	17	13080	46	0	13158
26758	14	24	12316	33	0	12387
26759	11398	10	27	17	0	11452
26760	12391	1	6	28	0	12426
26761	14	7	3	12601	0	12625
26762	8	2	3	12918	0	12931
26763	11	14	13242	30	0	13297
26764	4	13439	23	15	0	13481
26765	5	12	10	13408	0	13435
26766	13986	6	3	28	0	14023
26767	15	6	2	14207	0	14230
26768	10	14389	11	32	0	14442
26769	23	25	14188	25	0	14261
26770	7	14693	22	12	0	14734
26771	14681	16	16	8	0	14721
26772	14465	15	2	13	0	14495
26773	34	4	2	14475	0	14515
26774	31	9	14929	22	0	14991
26775	11	14	14443	29	0	14497
26776	6	14969	56	13	0	15044
26777	12	33	27	14436	0	14508
26778	2	22	6	15016	0	15046
26779	11	18	14978	48	0	15055
26780	3	3	27	14576	0	14609
26781	5	15790	28	47	0	15870
26782	6	50	4	15785	0	15845
26783	8	35	2	15879	0	15924
26784	14	26	15800	87	0	15927
26785	7	7	52	15413	0	15479
26786	15191	4	59	81	0	15335
26787	65	10	15870	52	0	15997
26788	62	15	16006	30	0	16113
26789	12	16180	110	22	0	16324
26790	8	73	70	16359	0	16510
26791	9	55	23	17056	0	17143
26792	25	30	16933	120	0	17108
26793	15195	8	84	99	0	15386
26794	65	15	63	16920	0	17063
26795	77	17	16765	74	0	16933
26796	14	11	75	16024	0	16124
26797	21	11	16806	80	0	16918
26798	24	20	16246	72	0	16362
26799	10	16309	136	38	0	16493
26800	19	86	82	14863	0	15050
26801	5	15860	24	80	0	15969
26802	15212	74	13	79	0	15378
26803	75	77	15626	26	0	15804
26804	73	15533	77	22	0	15705
26805	17	67	78	15356	0	15518
26806	15170	70	20	82	0	15342
26807	62	15428	31	113	0	15634
26808	67	72	25	15452	0	15616
26809	14	81	16	15283	0	15394
26810	6	15780	17	142	0	15945
26811	15619	90	13	102	0	15824
26812	82	94	17	17882	0	18075
26813	84	26	13	18761	0	18884
26814	51	28	18646	295	0	19020
26815	17	19780	148	193	0	20138
26816	17	172	162	19604	0	19955
26817	16	188	30	21240	0	21474
26818	13	22080	41	367	0	22501
26819	26	224	24	22156	0	22430
26820	18	245	24	22774	0	23061
26821	21	42	22	22722	0	22807
26822	16	22948	30	511	0	23505
26823	22267	229	27	307	0	22830
26824	255	279	22834	81	0	23449
26825	21485	50	256	61	0	21852
26826	246	22776	291	68	0	23381
26827	267	255	58	22486	0	23066
26828	73	282	22849	275	0	23479
26829	31	58	256	22639	0	22984
26830	47	37	286	22694	0	23064
26831	36	38	65	23295	0	23434
26832	62	54	22930	540	0	23586
26833	24	22686	286	477	0	23473
26834	53	245	22999	137	0	23434
26835	25	23271	332	140	0	23768
26836	49	301	23455	110	0	23915
26837	37	314	306	22914	0	23571
26838	22136	91	302	345	0	22874
26839	224	22902	100	408	0	23634
26840	284	284	22855	191	0	23614
26841	54	22829	296	166	0	23345
26842	72	320	22988	164	0	23544
26843	54	346	316	21750	0	22466
26844	83	117	345	20909	0	21454
26845	53	22557	137	574	0	23321
26846	63	23163	97	414	0	23737
26847	22893	583	87	187	0	23750
26848	284	383	89	23301	0	24057
26849	332	133	23503	399	0	24367
26850	89	112	343	23486	0	24030
26851	90	130	24040	456	0	24716
26852	70	114	24062	478	0	24724
26853	76	113	626	22127	0	22942
26854	60	23604	418	411	0	24493
26855	22929	343	146	452	0	23870
26856	290	400	134	22715	0	23539
26857	328	158	141	21919	0	22546
26858	96	22846	146	660	0	23748
26859	22533	369	122	450	0	23474
26860	22663	393	151	205	0	23412
26861	571	174	156	21635	0	22536
26862	369	22147	168	403	0	23087
26863	108	23592	168	439	0	24307
26864	23172	609	152	194	0	24127
26865	307	454	23358	219	0	24338
26866	22262	194	423	194	0	23073
26867	22482	180	390	178	0	23230
26868	22497	155	158	184	0	22994
26869	578	22651	139	236	0	23604
26870	370	383	152	22745	0	23650
26871	22850	402	139	412	0	23803
26872	22783	162	153	434	0	23532
26873	555	23008	178	242	0	23983
26874	23270	370	152	180	0	23972
26875	324	413	138	23458	0	24333
26876	368	169	152	23181	0	23870
26877	114	23527	145	661	0	24447
26878	104	354	130	23935	0	24523
26879	117	403	96	23815	0	24431
26880	127	24025	142	672	0	24966
26881	147	329	106	22445	0	23027
26882	92	23825	117	430	0	24464
26883	23533	368	96	414	0	24411
26884	22714	397	121	187	0	23419
26885	535	23291	134	219	0	24179
26886	388	319	23143	217	0	24067
26887	151	447	290	22946	0	23834
26888	174	183	23266	363	0	23986
26889	143	22548	322	454	0	23467
26890	156	22931	358	194	0	23639
26891	21782	485	111	166	0	22544
26892	326	23020	105	194	0	23645
26893	406	328	101	21500	0	22335
26894	168	22827	126	258	0	23379
26895	185	22785	94	648	0	23712
26896	22682	528	81	182	0	23473
26897	323	376	79	22714	0	23492
26898	368	187	22750	321	0	23626
26899	191	166	22504	407	0	23268
26900	170	22941	453	204	0	23768
26901	22585	358	305	166	0	23414
26902	304	23271	113	161	0	23849
26903	362	376	73	23396	0	24207
26904	23512	360	100	351	0	24323
26905	361	181	73	24004	0	24619
26906	371	173	85	23731	0	24360
26907	176	24030	116	605	0	24927
26908	175	338	93	24306	0	24912
26909	144	406	24232	381	0	25163
26910	22698	179	296	396	0	23569
26911	298	25341	297	195	0	26131
26912	285	24820	91	131	0	25327
26913	23748	417	78	108	0	24351
26914	304	310	23951	97	0	24662
26915	21390	145	269	85	0	21889
26916	234	25219	240	90	0	25783
26917	176	26475	68	71	0	26790
26918	55	408	26538	64	0	27065
26919	50	27452	259	62	0	27823
26920	90	309	271	24431	0	25101
26921	45	237	45	24509	0	24836
26922	30	26204	22	377	0	26633
26923	45	213	12	26127	0	26397
26924	26449	239	13	220	0	26921
26925	232	66	26278	233	0	26809
26926	25952	51	210	59	0	26272
26927	26749	40	226	50	0	27065
26928	26512	48	35	41	0	26636
26929	446	68	26627	41	0	27182
26930	261	40	221	25974	0	26496
26931	83	54	26825	222	0	27184
26932	24908	46	247	256	0	25457
26933	24886	50	245	65	0	25246
26934	424	26363	55	61	0	26903
26935	299	247	24	25512	0	26082
26936	81	26804	52	253	0	27190
26937	61	289	27014	246	0	27610
26938	53	277	265	26552	0	27147
26939	26841	79	242	257	0	27419
26940	26832	42	59	262	0	27195
26941	494	66	50	24710	0	25320
26942	281	25802	61	294	0	26438
26943	88	277	26512	252	0	27129
26944	92	272	26719	57	0	27140
26945	23977	92	510	90	0	24669
26946	291	71	26890	45	0	27297
26947	290	26310	285	94	0	26979
26948	87	281	284	25636	0	26288
26949	68	304	26472	243	0	27087
26950	52	78	290	25351	0	25771
26951	59	56	26114	319	0	26548
26952	22872	41	314	288	0	23515
26953	276	60	287	24392	0	25015
26954	285	25246	82	269	0	25882
26955	92	25447	79	291	0	25909
26956	74	523	93	24770	0	25460
26957	100	299	65	24122	0	24586
26958	81	24548	97	498	0	25224
26959	133	306	24592	277	0	25308
26960	80	282	287	24401	0	25050
26961	78	105	25259	291	0	25733
26962	65	104	24495	301	0	24965
26963	21499	85	529	114	0	22227
26964	299	23347	333	91	0	24070
26965	23232	309	84	93	0	23718
26966	317	349	102	21869	0	22637
26967	299	23262	83	306	0	23950
26968	106	341	109	23258	0	23814
26969	86	330	140	22587	0	23143
26970	129	22824	95	559	0	23607
26971	109	338	22647	351	0	23445
26972	133	327	297	22674	0	23431
26973	22551	134	333	366	0	23384
26974	332	135	150	22395	0	23012
26975	363	99	140	22289	0	22891
26976	180	111	22050	558	0	22899
26977	179	21804	348	369	0	22700
26978	164	338	341	21293	0	22136
26979	141	379	21671	323	0	22514
26980	141	167	21339	369	0	22016
26981	19731	149	638	231	0	20749
26982	330	21099	403	215	0	22047
26983	20802	347	192	147	0	21488
26984	364	21032	143	183	0	21722
26985	380	21140	137	212	0	21869
26986	20654	610	151	167	0	21582
26987	359	380	169	19754	0	20662
26988	394	20726	204	367	0	21691
26989	227	349	156	21051	0	21783
26990	20676	325	150	391	0	21542
26991	436	147	20951	360	0	21894
26992	396	157	20419	186	0	21158
26993	19139	127	646	174	0	20086
26994	374	20092	468	192	0	21126
26995	388	359	20116	155	0	21018
26996	215	20258	419	158	0	21050
26997	194	406	377	19378	0	20355
26998	178	421	19946	397	0	20942
26999	117	190	393	19744	0	20444
27000	125	164	19820	466	0	20575
27001	18331	154	424	422	0	19331
27002	368	19436	414	212	0	20430
27003	19052	311	211	179	0	19753
27004	361	374	166	16886	0	17787
27005	321	19832	193	336	0	20682
27006	19667	375	213	352	0	20607
27007	19461	333	222	200	0	20216
27008	545	177	19864	163	0	20749
27009	363	187	19583	165	0	20298
27010	16835	126	602	134	0	17697
27011	277	17755	439	166	0	18637
27012	231	16639	207	152	0	17229
27013	251	691	248	15572	0	16762
27014	150	272	15931	284	0	16637
27015	140	15328	282	248	0	15998
27016	86	13590	226	116	0	14018
27017	340	229	181	9197	0	9947
27018	9649	87	39	110	0	9885
27019	9443	43	30	95	0	9611
27020	9580	34	28	44	0	9686
27021	165	47	9526	29	0	9767
27022	9290	32	103	40	0	9465
27023	9330	24	107	35	0	9496
27024	9530	38	39	30	0	9637
27025	175	40	31	8905	0	9151
27026	95	9316	32	108	0	9551
27027	9221	110	27	91	0	9449
27028	105	9386	38	33	0	9562
27029	86	112	29	9168	0	9395
27030	42	96	9477	107	0	9722
27031	31	46	105	9316	0	9498
27032	40	31	81	9406	0	9558
27033	37	27	9495	157	0	9716
27034	39	9314	93	113	0	9559
27035	39	77	69	8472	0	8657
27036	8372	75	23	76	0	8546
27037	72	8300	21	72	0	8465
27038	8058	59	18	24	0	8159
27039	67	95	15	7673	0	7850
27040	63	7992	23	66	0	8144
27041	7803	63	30	62	0	7958
27042	66	7884	21	27	0	7998
27043	67	66	7688	16	0	7837
27044	7367	66	65	36	0	7534
27045	7487	48	68	21	0	7624
27046	105	7641	20	20	0	7786
27047	72	73	7390	9	0	7544
27048	17	7759	57	15	0	7848
27049	40	142	69	5765	0	6016
27050	25	56	20	7598	0	7699
27051	19	24	10	7539	0	7592
27052	25	7741	12	118	0	7896
27053	20	76	10	7722	0	7828
27054	23	66	7	7728	0	7824
27055	7580	16	13	112	0	7721
27056	87	13	9	7658	0	7767
27057	63	19	14	7679	0	7775
27058	7522	16	8	124	0	7670
27059	80	7713	14	78	0	7885
27060	7817	83	9	29	0	7938
27061	7768	66	16	26	0	7876
27062	7818	33	14	22	0	7887
27063	135	22	19	7692	0	7868
27064	82	16	27	7900	0	8025
27065	43	27	7840	128	0	8038
27066	33	31	7714	85	0	7863
27067	45	32	7672	36	0	7785
27068	6853	36	136	36	0	7061
27069	104	35	7486	33	0	7658
27070	85	7475	95	48	0	7703
27071	43	105	72	7272	0	7492
27072	51	94	27	6791	0	6963
27073	45	7514	24	132	0	7715
27074	59	101	7615	87	0	7862
27075	62	7690	89	37	0	7878
27076	7550	105	75	33	0	7763
27077	113	99	7719	36	0	7967
27078	100	7623	96	38	0	7857
27079	61	100	7794	32	0	7987
27080	59	95	88	7573	0	7815
27081	53	43	7804	102	0	8002
27082	54	47	88	7459	0	7648
27083	7691	37	80	104	0	7912
27084	113	43	7756	99	0	8011
27085	93	7783	89	62	0	8027
27086	7759	89	85	57	0	7990
27087	121	79	8030	60	0	8290
27088	97	45	7894	61	0	8097
27089	52	39	150	7700	0	7941
27090	48	46	7919	122	0	8135
27091	7272	39	102	128	0	7541
27092	122	7818	83	77	0	8100
27093	107	106	41	7393	0	7647
27094	48	8093	41	111	0	8293
27095	8087	105	40	111	0	8343
27096	118	115	8113	68	0	8414
27097	117	46	8286	57	0	8506
27098	62	45	165	8014	0	8286
27099	48	45	110	8151	0	8354
27100	51	40	42	8327	0	8460
27101	53	41	54	8393	0	8541
27102	52	53	8453	187	0	8745
27103	55	8313	123	129	0	8620
27104	42	154	93	7298	0	7587
27105	33	76	7055	91	0	7255
27106	32	7030	85	76	0	7223
27107	6894	78	110	33	0	7115
27108	119	168	37	6765	0	7089
27109	6578	23	27	78	0	6706
27110	71	6610	31	91	0	6803
27111	6519	66	24	40	0	6649
27112	72	71	6792	35	0	6970
27113	87	54	76	6212	0	6429
27114	27	6722	80	71	0	6900
27115	21	70	6608	68	0	6767
27116	27	6697	76	29	0	6829
27117	31	153	80	5227	0	5491
27118	6178	59	26	59	0	6322
27119	56	6256	20	90	0	6422
27120	6208	54	17	21	0	6300
27121	67	57	6202	17	0	6343
27122	65	20	6108	24	0	6217
27123	5891	8	106	20	0	6025
27124	46	12	75	5992	0	6125
27125	58	55	35	6052	0	6200
27126	21	19	6353	90	0	6483
27127	17	16	6183	64	0	6280
27128	18	6308	109	20	0	6455
27129	5963	61	82	26	0	6132
27130	5751	47	29	9	0	5836
27131	74	5787	17	18	0	5896
27132	67	53	18	5900	0	6038
27133	5994	40	28	55	0	6117
27134	48	20	20	6036	0	6124
27135	6137	13	16	64	0	6230
27136	6162	13	19	54	0	6248
27137	6369	14	21	20	0	6424
27138	88	14	15	6226	0	6343
27139	50	11	22	6447	0	6530
27140	6292	15	17	86	0	6410
27141	6317	14	12	63	0	6406
27142	6261	13	19	18	0	6311
27143	93	6275	23	22	0	6413
27144	6020	42	10	14	0	6086
27145	38	6082	14	21	0	6155
27146	5907	36	22	15	0	5980
27147	41	39	5938	15	0	6033
27148	5118	18	48	17	0	5201
27149	24	5621	34	12	0	5691
27150	25	5595	10	13	0	5643
27151	5580	42	19	10	0	5651
27152	24	32	6	5533	0	5595
27153	37	7	7	5671	0	5722
27154	11	5739	12	43	0	5805
27155	10	6028	6	35	0	6079
27156	6028	49	7	10	0	6094
27157	34	35	6205	7	0	6281
27158	41	25	31	6344	0	6441
27159	6474	9	32	30	0	6545
27160	39	12	6582	43	0	6676
27161	40	7129	36	10	0	7215
27162	7470	41	39	14	0	7564
27163	56	42	7807	8	0	7913
27164	46	9	58	7841	0	7954
27165	19	9	8307	67	0	8402
27166	7552	6	65	65	0	7688
27167	66	8437	65	15	0	8583
27168	8524	65	9	11	0	8609
27169	8427	60	6	12	0	8505
27170	118	9	7	8405	0	8539
27171	8488	9	10	64	0	8571
27172	68	16	10	8496	0	8590
27173	66	8	7	8547	0	8628
27174	14	12	8335	129	0	8490
27175	15	8360	64	69	0	8508
27176	12	71	62	8333	0	8478
27177	11	62	7	8292	0	8372
27178	10	7	8	8409	0	8434
27179	14	18	8320	126	0	8478
27180	10	8233	57	72	0	8372
27181	15	54	62	8281	0	8412
27182	10	61	6	8315	0	8392
27183	13	13	8154	121	0	8301
27184	11	9	59	7947	0	8026
27185	7977	4	63	71	0	8115
27186	59	8135	7	74	0	8275
27187	7999	53	6	17	0	8075
27188	66	61	8057	11	0	8195
27189	63	16	57	7988	0	8124
27190	8148	14	56	62	0	8280
27191	8003	5	12	61	0	8081
27192	113	10	8264	12	0	8399
27193	69	19	61	8043	0	8192
27194	22	10	8224	68	0	8324
27195	7559	9	65	71	0	7704
27196	66	8183	68	18	0	8335
27197	8209	59	13	21	0	8302
27198	8107	63	27	18	0	8215
27199	124	8314	19	20	0	8477
27200	8342	66	17	18	0	8443
27201	78	67	8314	22	0	8481
27202	8161	14	63	21	0	8259
27203	75	20	67	8233	0	8395
27204	81	14	8536	70	0	8701
27205	33	14	70	8415	0	8532
27206	32	13	71	8411	0	8527
27207	28	12	26	8270	0	8336
27208	31	8476	31	117	0	8655
27209	8418	70	25	90	0	8603
27210	87	73	15	8373	0	8548
27211	87	8463	26	84	0	8660
27212	40	73	25	7889	0	8027
27213	40	8308	20	89	0	8457
27214	55	76	8242	101	0	8474
27215	36	70	78	8074	0	8258
27216	29	22	84	8323	0	8458
27217	34	30	8291	162	0	8517
27218	7153	26	86	135	0	7400
27219	77	8240	84	74	0	8475
27220	94	79	33	8269	0	8475
27221	40	77	42	8011	0	8170
27222	49	27	34	7955	0	8065
27223	45	8193	40	163	0	8441
27224	8024	79	44	114	0	8261
27225	103	82	8202	67	0	8454
27226	101	34	7800	67	0	8002
27227	48	29	136	7680	0	7893
27228	58	25	92	7933	0	8108
27229	7874	21	45	165	0	8105
27230	93	7907	40	122	0	8162
27231	111	83	38	7896	0	8128
27232	7773	75	45	114	0	8007
27233	108	36	36	7685	0	7865
27234	7730	23	42	114	0	7909
27235	99	35	7537	123	0	7794
27236	111	7707	94	66	0	7978
27237	7623	79	94	65	0	7861
27238	114	90	7652	51	0	7907
27239	7376	35	98	61	0	7570
27240	109	39	7543	66	0	7757
27241	7469	30	86	66	0	7651
27242	106	34	89	7505	0	7734
27243	7638	34	46	93	0	7811
27244	114	30	36	7582	0	7762
27245	100	31	46	7613	0	7790
27246	7533	25	41	163	0	7762
27247	101	7594	44	118	0	7857
27248	97	81	37	7663	0	7878
27249	7783	85	27	117	0	8012
27250	7950	39	36	108	0	8133
27251	153	39	34	7903	0	8129
27252	91	37	35	8070	0	8233
27253	8149	29	39	155	0	8372
27254	114	34	32	8308	0	8488
27255	112	35	31	8142	0	8320
27256	7987	26	30	167	0	8210
27257	108	26	43	7915	0	8092
27258	91	29	7507	103	0	7730
27259	6782	18	84	109	0	6993
27260	90	24	7461	41	0	7616
27261	84	20	6778	37	0	6919
27262	5895	84	191	24	0	6194
27263	54	6045	69	20	0	6188
27264	35	32	38	5740	0	5845
27265	20	29	14	5753	0	5816
27266	20	6	1	6142	0	6169
27267	9	6	2	6223	0	6240
27268	6233	1	2	74	0	6310
27269	6502	4	3	46	0	6555
27270	6762	3	2	20	0	6787
27271	85	6	7496	15	0	7602
27272	60	3	59	7811	0	7933
27273	18	2	73	7926	0	8019
27274	21	2	14	7595	0	7632
27275	11	7742	10	158	0	7921
27276	9	7978	8	103	0	8098
27277	7966	151	9	29	0	8155
27278	82	94	3	8020	0	8199
27279	90	16	5	8388	0	8499
27280	25	5	5	8628	0	8663
27281	18	13	8461	191	0	8683
27282	14	9	8356	114	0	8493
27283	8160	4	180	37	0	8381
27284	8579	2	110	19	0	8710
27285	182	12	26	8346	0	8566
27286	113	8509	18	97	0	8737
27287	34	90	6	8484	0	8614
27288	23	94	4	8478	0	8599
27289	33	18	8335	188	0	8574
27290	8134	5	92	124	0	8355
27291	87	3	99	8661	0	8850
27292	112	4	22	8458	0	8596
27293	8228	6	17	197	0	8448
27294	101	8545	16	142	0	8804
27295	8668	101	14	41	0	8824
27296	123	108	10	8405	0	8646
27297	110	8324	8	112	0	8554
27298	8395	97	6	119	0	8617
27299	120	104	7	8335	0	8566
27300	8297	27	12	118	0	8454
27301	8090	10	16	128	0	8244
27302	8105	7	10	53	0	8175
27303	217	8009	14	36	0	8276
27304	132	7897	11	39	0	8079
27305	50	188	14	7585	0	7837
27306	27	8021	17	115	0	8180
27307	7983	111	16	114	0	8224
27308	120	106	10	7979	0	8215
27309	8016	27	12	137	0	8192
27310	8026	18	15	131	0	8190
27311	213	20	16	7882	0	8131
27312	148	21	11	8114	0	8294
27313	8061	9	14	231	0	8315
27314	8074	19	12	158	0	8263
27315	8324	25	13	63	0	8425
27316	8397	26	10	59	0	8492
27317	8491	19	12	50	0	8572
27318	245	24	15	8262	0	8546
27319	175	23	10	8341	0	8549
27320	75	14	13	8447	0	8549
27321	8272	22	13	256	0	8563
27322	151	27	10	8194	0	8382
27323	142	8203	21	168	0	8534
27324	67	113	10	8369	0	8559
27325	8168	120	20	154	0	8462
27326	8218	38	14	138	0	8408
27327	245	24	8156	73	0	8498
27328	164	38	107	7622	0	7931
27329	75	8161	115	128	0	8479
27330	8117	115	28	147	0	8407
27331	151	8300	16	80	0	8547
27332	146	124	14	8197	0	8481
27333	8328	127	18	133	0	8606
27334	8336	34	16	142	0	8528
27335	261	8308	16	80	0	8665
27336	178	107	15	8199	0	8499
27337	90	125	8181	156	0	8552
27338	7745	48	102	157	0	8052
27339	170	30	8217	78	0	8495
27340	8162	32	122	56	0	8372
27341	8236	30	117	50	0	8433
27342	270	29	23	8182	0	8504
27343	8377	27	10	162	0	8576
27344	8405	31	7	182	0	8625
27345	8550	38	12	74	0	8674
27346	291	33	10	8289	0	8623
27347	8383	34	13	141	0	8571
27348	166	30	10	8349	0	8555
27349	171	38	15	8148	0	8372
27350	96	8191	15	250	0	8552
27351	66	118	24	7788	0	7996
27352	70	8070	20	164	0	8324
27353	7824	131	9	119	0	8083
27354	7745	99	4	71	0	7919
27355	229	49	7	7664	0	7949
27356	169	34	4	7660	0	7867
27357	7571	13	13	227	0	7824
27358	149	22	7453	172	0	7796
27359	7586	21	98	60	0	7765
27360	176	19	94	7424	0	7713
27361	162	20	7174	137	0	7493
27362	7076	17	91	136	0	7320
27363	7302	17	105	63	0	7487
27364	244	22	7319	56	0	7641
27365	7171	17	93	48	0	7329
27366	167	21	7026	47	0	7261
27367	143	7009	110	52	0	7314
27368	6959	98	156	55	0	7268
27369	6803	101	45	46	0	6995
27370	177	6624	22	37	0	6860
27371	86	5898	21	29	0	6034
27372	5506	71	65	28	0	5670
27373	5475	44	16	17	0	5552
27374	94	14	12	5700	0	5820
27375	64	19	5671	42	0	5796
27376	36	12	5433	52	0	5533
27377	5503	21	79	23	0	5626
27378	54	10	5687	25	0	5776
27379	5351	41	57	17	0	5466
27380	55	9	38	5321	0	5423
27381	46	4	7	5353	0	5410
27382	24	13	5481	64	0	5582
27383	5376	4	29	51	0	5460
27384	45	13	34	5561	0	5653
27385	46	4	10	5824	0	5884
27386	5758	3	9	68	0	5838
27387	5781	2	7	52	0	5842
27388	5839	5	5	19	0	5868
27389	69	6157	14	21	0	6261
27390	52	41	5861	20	0	5974
27391	5683	26	29	13	0	5751
27392	5890	12	29	9	0	5940
27393	55	5817	8	24	0	5904
27394	5540	17	23	8	0	5588
27395	35	15	7	5491	0	5548
27396	25	16	5770	20	0	5831
27397	5597	8	34	27	0	5666
27398	5811	6	24	10	0	5851
27399	5883	2	8	5	0	5898
27400	5897	5	3	7	0	5912
27401	41	4	4	5886	0	5935
27402	30	8	2	5898	0	5938
27403	5938	1	5	43	0	5987
27404	23	3	6	5934	0	5966
27405	27	1	8	5898	0	5934
27406	10	5912	10	40	0	5972
27407	16	17	4	6002	0	6039
27408	11	20	8	6001	0	6040
27409	13	3	6	6025	0	6047
27410	15	3	1	6055	0	6074
27411	10	6008	9	44	0	6071
27412	10	14	3	5939	0	5966
27413	11	25	4	5851	0	5891
27414	19	6	5810	40	0	5875
27415	17	6	5533	34	0	5590
27416	10	5757	37	11	0	5815
27417	6574	11	32	6	0	6623
27418	28	6792	10	9	0	6839
27419	53	27	7	7151	0	7238
27420	8	61	7676	44	0	7789
27421	7937	3	39	68	0	8047
27422	42	3	67	8479	0	8591
27423	8561	6	6	45	0	8618
27424	8494	4	4	89	0	8591
27425	121	8644	7	21	0	8793
27426	8672	38	1	10	0	8721
27427	48	9071	12	16	0	9147
27428	87	55	3	9130	0	9275
27429	6	9301	6	53	0	9366
27430	19	57	9111	103	0	9290
27431	3	9400	56	18	0	9477
27432	8	76	87	9081	0	9252
27433	9058	80	9	52	0	9199
27434	48	9392	5	103	0	9548
27435	76	50	5	9485	0	9616
27436	18	94	3	9678	0	9793
27437	14	13	9704	143	0	9874
27438	10	10	64	9656	0	9740
27439	23	4	9821	68	0	9916
27440	8905	7	66	112	0	9090
27441	82	4	10068	31	0	10185
27442	110	10098	70	17	0	10295
27443	32	67	98	10025	0	10222
27444	22	107	13	9950	0	10092
27445	29	25	4	10148	0	10206
27446	10183	15	7	175	0	10380
27447	83	26	5	9894	0	10008
27448	111	10055	20	85	0	10271
27449	9822	91	15	109	0	10037
27450	79	9903	12	34	0	10028
27451	117	88	7	9739	0	9951
27452	9747	116	13	87	0	9963
27453	80	9790	16	135	0	10021
27454	105	9977	17	43	0	10142
27455	9935	174	14	31	0	10154
27456	9965	119	19	40	0	10143
27457	192	36	9884	35	0	10147
27458	9967	22	75	40	0	10104
27459	96	19	10462	39	0	10616
27460	124	27	91	10368	0	10610
27461	31	25	10571	104	0	10731
27462	29	24	81	10484	0	10618
27463	34	32	10736	117	0	10919
27464	35	27	87	10380	0	10529
27465	21	24	124	10640	0	10809
27466	10461	31	29	207	0	10728
27467	110	22	10426	159	0	10717
27468	9755	32	94	42	0	9923
27469	105	26	10377	49	0	10557
27470	146	35	10292	27	0	10500
27471	43	33	187	10073	0	10336
27472	10229	38	131	105	0	10503
27473	99	10328	27	152	0	10606
27474	10172	95	25	40	0	10332
27475	10004	121	25	47	0	10197
27476	206	10028	39	53	0	10326
27477	10068	92	29	35	0	10224
27478	119	140	10266	34	0	10559
27479	143	36	101	10220	0	10500
27480	10285	18	134	111	0	10548
27481	102	10385	53	146	0	10686
27482	141	91	26	10262	0	10520
27483	43	137	35	10331	0	10546
27484	42	25	25	10482	0	10574
27485	39	25	43	10542	0	10649
27486	10371	22	35	238	0	10666
27487	10385	32	43	163	0	10623
27488	10561	24	42	56	0	10683
27489	10263	29	41	62	0	10395
27490	242	29	10226	59	0	10556
27491	10026	33	105	51	0	10215
27492	10263	27	140	47	0	10477
27493	242	10300	51	47	0	10640
27494	175	10482	45	57	0	10759
27495	70	212	40	10215	0	10537
27496	71	137	43	10142	0	10393
27497	58	39	10121	229	0	10447
27498	47	10358	121	170	0	10696
27499	50	106	141	10054	0	10351
27500	52	10589	49	108	0	10798
27501	54	113	32	10810	0	11009
27502	67	134	36	10642	0	10879
27503	57	11142	44	228	0	11471
27504	51	110	39	11327	0	11527
27505	69	141	11425	139	0	11774
27506	67	30	11466	192	0	11755
27507	10896	27	244	87	0	11254
27508	11552	20	169	53	0	11794
27509	259	11590	55	73	0	11977
27510	11716	115	33	50	0	11914
27511	162	144	29	11597	0	11932
27512	11657	47	33	125	0	11862
27513	152	11798	29	191	0	12170
27514	209	104	11631	63	0	12007
27515	11193	138	149	53	0	11533
27516	166	63	12297	43	0	12569
27517	156	31	11238	35	0	11460
27518	79	49	11182	48	0	11358
27519	55	10907	194	36	0	11192
27520	10141	153	307	46	0	10647
27521	9814	80	35	60	0	9989
27522	153	21	20	9783	0	9977
27523	107	30	28	9536	0	9701
27524	44	10051	17	160	0	10272
27525	9985	68	29	91	0	10173
27526	85	10115	30	45	0	10275
27527	94	9815	29	40	0	9978
27528	9718	116	18	33	0	9885
27529	81	76	33	9722	0	9912
27530	78	25	24	9765	0	9892
27531	33	20	17	9826	0	9896
27532	34	9820	27	132	0	10013
27533	9667	56	16	74	0	9813
27534	85	87	14	9482	0	9668
27535	93	9299	18	56	0	9466
27536	24	9234	18	79	0	9355
27537	38	116	8	8873	0	9035
27538	23	9185	21	58	0	9287
27539	22	70	15	9060	0	9167
27540	8758	64	9	63	0	8894
27541	54	23	8772	68	0	8917
27542	66	9097	50	37	0	9250
27543	28	55	62	9143	0	9288
27544	19	73	9418	60	0	9570
27545	8846	22	67	70	0	9005
27546	86	34	77	9434	0	9631
27547	9556	12	19	68	0	9655
27548	9419	12	12	79	0	9522
27549	119	10184	15	19	0	10337
27550	10346	55	12	24	0	10437
27551	10268	74	14	17	0	10373
27552	10306	19	20	24	0	10369
27553	143	20	16	9997	0	10176
27554	81	31	13	10062	0	10187
27555	40	15	14	10254	0	10323
27556	36	14	10101	129	0	10280
27557	19	10095	61	94	0	10269
27558	9777	51	69	29	0	9926
27559	47	9802	22	36	0	9907
27560	65	45	5	9680	0	9795
27561	15	67	9642	56	0	9780
27562	8396	20	48	82	0	8546
27563	50	9635	59	18	0	9762
27564	68	56	7	9490	0	9621
27565	15	67	5	9560	0	9647
27566	14	17	9459	101	0	9591
27567	19	9580	48	68	0	9715
27568	19	53	61	9484	0	9617
27569	19	67	7	9520	0	9613
27570	15	14	6	9458	0	9493
27571	9012	17	12	108	0	9149
27572	57	23	9217	75	0	9372
27573	67	9181	50	36	0	9334
27574	9048	52	54	27	0	9181
27575	51	9271	16	23	0	9361
27576	70	58	8	8906	0	9042
27577	29	9267	13	53	0	9362
27578	8916	62	7	58	0	9043
27579	9131	66	14	26	0	9237
27580	111	25	6	9334	0	9476
27581	84	12	7	9570	0	9673
27582	23	22	10	9866	0	9921
27583	27	23	9923	146	0	10119
27584	21	10281	77	91	0	10470
27585	39	81	83	11882	0	12085
27586	23	102	14	12125	0	12264
27587	23	15	13	12352	0	12403
27588	24	26	16	12389	0	12455
27589	27	19	12219	281	0	12546
27590	22	12885	117	199	0	13223
27591	32	147	149	13310	0	13638
27592	22	177	19	14428	0	14646
27593	25	34	14277	359	0	14695
27594	22	39	172	13322	0	13555
27595	19	13865	196	195	0	14275
27596	23	14275	39	227	0	14564
27597	20	340	30	13930	0	14320
27598	46	215	13662	200	0	14123
27599	11886	47	178	276	0	12387
27600	163	13430	204	106	0	13903
27601	201	185	13206	82	0	13674
27602	61	217	13274	76	0	13628
27603	29	13181	341	77	0	13628
27604	55	185	13266	67	0	13573
27605	66	282	255	12570	0	13173
27606	12697	59	217	173	0	13146
27607	12736	46	70	211	0	13063
27608	12881	51	61	70	0	13063
27609	12876	47	59	62	0	13044
27610	317	13256	47	80	0	13700
27611	13229	183	41	69	0	13522
27612	214	13531	62	71	0	13878
27613	257	204	13265	66	0	13792
27614	98	223	198	12277	0	12796
27615	59	13494	212	200	0	13965
27616	62	214	63	13014	0	13353
27617	12664	240	56	225	0	13185
27618	209	80	56	12092	0	12437
27619	213	12907	64	237	0	13421
27620	12840	210	57	256	0	13363
27621	219	232	12908	119	0	13478
27622	244	87	210	12598	0	13139
27623	74	69	229	12580	0	12952
27624	12246	80	65	403	0	12794
27625	211	12460	83	290	0	13044
27626	235	215	12347	115	0	12912
27627	94	245	208	12196	0	12743
27628	82	104	12420	255	0	12861
27629	69	11997	222	308	0	12596
27630	71	12340	233	144	0	12788
27631	12118	385	110	124	0	12737
27632	222	269	12161	156	0	12808
27633	12215	110	252	138	0	12715
27634	223	98	275	11374	0	11970
27635	222	12208	113	277	0	12820
27636	12105	243	111	269	0	12728
27637	229	277	12310	160	0	12976
27638	269	123	241	11979	0	12612
27639	123	97	254	12086	0	12560
27640	95	123	128	11760	0	12106
27641	114	12048	95	420	0	12677
27642	11408	269	125	299	0	12101
27643	238	11714	106	161	0	12219
27644	239	11640	115	136	0	12130
27645	125	403	134	11463	0	12125
27646	11430	271	121	273	0	12095
27647	11309	151	126	274	0	11860
27648	11322	158	112	152	0	11744
27649	396	10706	117	143	0	11362
27650	279	277	105	10563	0	11224
27651	164	280	10716	271	0	11431
27652	183	128	234	10606	0	11151
27653	167	121	283	10017	0	10588
27654	156	10723	107	428	0	11414
27655	10716	283	111	322	0	11432
27656	280	298	123	10170	0	10871
27657	275	10747	117	299	0	11438
27658	10656	280	127	329	0	11392
27659	289	314	10644	180	0	11427
27660	10304	160	234	185	0	10883
27661	292	10668	266	195	0	11421
27662	10775	309	146	152	0	11382
27663	10784	329	93	120	0	11326
27664	442	192	10640	135	0	11409
27665	10706	163	258	134	0	11261
27666	324	152	11047	128	0	11651
27667	317	162	10931	124	0	11534
27668	10644	145	424	116	0	11329
27669	10922	130	302	130	0	11484
27670	464	157	10966	134	0	11721
27671	336	130	298	10548	0	11312
27672	186	120	317	10188	0	10811
27673	192	11158	153	402	0	11905
27674	11030	265	140	285	0	11720
27675	11339	309	104	132	0	11884
27676	517	159	11245	125	0	12046
27677	11302	130	257	135	0	11824
27678	11416	140	256	140	0	11952
27679	488	11307	132	136	0	12063
27680	363	264	110	10880	0	11617
27681	203	285	114	10802	0	11404
27682	179	141	108	10762	0	11190
27683	10166	126	109	377	0	10778
27684	280	9891	106	286	0	10563
27685	199	230	65	7748	0	8242
27686	117	8123	68	142	0	8450
27687	125	484	67	7106	0	7782
27688	105	7670	70	134	0	7979
27689	148	7717	59	134	0	8058
27690	6532	229	95	78	0	6934
27691	6249	120	87	85	0	6541
27692	105	20	18	5625	0	5768
27693	73	10	29	5662	0	5774
27694	23	8	16	5755	0	5802
27695	29	19	11	5748	0	5807
27696	29	14	14	5645	0	5702
27697	23	5591	19	95	0	5728
27698	25	48	14	5606	0	5693
27699	21	58	10	5668	0	5757
27700	5433	19	11	108	0	5571
27701	79	11	8	5567	0	5665
27702	69	16	16	5547	0	5648
27703	34	23	5580	115	0	5752
27704	27	16	60	5480	0	5583
27705	16	40	55	5666	0	5777
27706	33	16	5827	114	0	5990
27707	31	5988	54	78	0	6151
27708	33	59	6140	27	0	6259
27709	29	48	5996	19	0	6092
27710	14	5769	86	20	0	5889
27711	5599	43	66	6	0	5714
27712	5517	34	1	8	0	5560
27713	65	4	2	5393	0	5464
27714	5453	2	3	41	0	5499
27715	43	10	5629	42	0	5724
27716	39	2	40	5673	0	5754
27717	10	4	6347	49	0	6410
27718	7	1	39	6303	0	6350
27719	9	2	36	6323	0	6370
27720	5	2	4	6436	0	6447
27721	6272	4	3	87	0	6366
27722	42	2	2	6414	0	6460
27723	6390	1	4	48	0	6443
27724	6415	5	8	50	0	6478
27725	78	6539	7	15	0	6639
27726	6517	41	4	12	0	6574
27727	37	6789	14	26	0	6866
27728	43	41	5	6633	0	6722
27729	10	44	6	6839	0	6899
27730	13	12	2	6962	0	6989
27731	15	8	6830	100	0	6953
27732	10	6860	44	71	0	6985
27733	26	52	51	6208	0	6337
27734	16	61	9	6243	0	6329
27735	6	6835	12	76	0	6929
27736	6788	48	8	47	0	6891
27737	47	6775	6	21	0	6849
27738	6594	45	3	15	0	6657
27739	51	6792	6	29	0	6878
27740	61	44	4	6257	0	6366
27741	14	6843	7	43	0	6907
27742	6893	46	3	63	0	7005
27743	6967	54	4	20	0	7045
27744	6961	14	6	24	0	7005
27745	6991	11	4	21	0	7027
27746	97	17	7106	22	0	7242
27747	7097	12	40	30	0	7179
27748	7258	7	49	26	0	7340
27749	7267	9	12	30	0	7318
27750	100	14	7253	27	0	7394
27751	7074	12	41	26	0	7153
27752	43	7322	53	28	0	7446
27753	7365	40	17	36	0	7458
27754	51	55	7796	25	0	7927
27755	7686	15	43	19	0	7763
27756	7828	13	44	23	0	7908
27757	85	14	10	7762	0	7871
27758	63	17	7744	57	0	7881
27759	7701	9	34	67	0	7811
27760	48	10	48	7957	0	8063
27761	60	10	10	8175	0	8255
27762	28	14	8245	100	0	8387
27763	7586	12	48	80	0	7726
27764	8137	11	51	35	0	8234
27765	82	8330	24	41	0	8477
27766	62	47	13	8211	0	8333
27767	26	50	11	8208	0	8295
27768	42	8	13	8124	0	8187
27769	28	8279	23	95	0	8425
27770	8172	46	14	66	0	8298
27771	66	58	9	8135	0	8268
27772	69	21	15	8214	0	8319
27773	8000	19	10	102	0	8131
27774	7910	13	14	70	0	8007
27775	89	15	20	7972	0	8096
27776	63	14	17	7896	0	7990
27777	28	21	7680	101	0	7830
27778	6853	10	42	65	0	6970
27779	44	7611	44	44	0	7743
27780	64	41	7	7924	0	8036
27781	33	46	12	8044	0	8135
27782	31	8519	13	103	0	8666
27783	40	60	8	8658	0	8766
27784	9212	81	24	88	0	9405
27785	88	23	8	10938	0	11057
27786	98	19	5	11254	0	11376
27787	45	17	3	11507	0	11572
27788	37	16	11228	311	0	11592
27789	31	13	128	11330	0	11502
27790	30	15	11275	193	0	11513
27791	31	10934	140	166	0	11271
27792	41	142	138	10806	0	11127
27793	31	127	34	10954	0	11146
27794	26	29	17	11181	0	11253
27795	26	10	24	11171	0	11231
27796	19	19	16	11263	0	11317
27797	10648	17	15	309	0	10989
27798	141	22	10961	195	0	11319
27799	140	10825	135	81	0	11181
27800	41	11280	144	56	0	11521
27801	28	258	32	11079	0	11397
27802	33	153	15	11297	0	11498
27803	26	35	24	11137	0	11222
27804	21	11101	19	295	0	11436
27805	24	129	11	11229	0	11393
27806	20	141	10790	195	0	11146
27807	14	10564	134	194	0	10906
27808	25	134	130	10556	0	10845
27809	10377	147	34	162	0	10720
27810	135	37	14	10590	0	10776
27811	128	32	23	10417	0	10600
27812	30	10235	19	275	0	10559
27813	18	10752	18	187	0	10975
27814	26	228	7	10700	0	10961
27815	23	147	12	10646	0	10828
27816	20	44	10443	303	0	10810
27817	11	44	128	9950	0	10133
27818	17	28	133	10063	0	10241
27819	11	27	45	10017	0	10100
27820	22	33	20	10190	0	10265
27821	9867	21	32	323	0	10243
27822	9928	23	18	220	0	10189
27823	242	20	20	10057	0	10339
27824	144	29	16	10316	0	10505
27825	10036	23	19	356	0	10434
27826	141	22	27	10464	0	10654
27827	152	26	10478	287	0	10943
27828	47	10481	163	261	0	10952
27829	27	170	170	10547	0	10914
27830	24	151	48	10778	0	11001
27831	10602	54	48	355	0	11059
27832	129	54	33	10928	0	11144
27833	144	35	28	11063	0	11270
27834	10961	41	20	387	0	11409
27835	148	36	20	11089	0	11293
27836	158	11224	45	267	0	11694
27837	48	152	37	11829	0	12066
27838	51	172	33	12198	0	12454
27839	37	69	40	12267	0	12413
27840	37	62	32	12344	0	12475
27841	33	73	11901	407	0	12414
27842	30	62	11809	317	0	12218
27843	22	65	283	11801	0	12171
27844	21	54	182	11607	0	11864
27845	13	11868	61	420	0	12362
27846	28	172	45	11348	0	11593
27847	40	11673	64	268	0	12045
27848	11353	185	40	302	0	11880
27849	141	12103	48	178	0	12470
27850	179	195	26	12219	0	12619
27851	57	200	17	12494	0	12768
27852	61	83	12176	438	0	12758
27853	11311	56	148	337	0	11852
27854	11495	59	182	192	0	11928
27855	280	11698	76	204	0	12258
27856	187	161	46	11292	0	11686
27857	68	191	12089	305	0	12653
27858	41	12272	194	304	0	12811
27859	12059	175	168	195	0	12597
27860	12027	178	56	185	0	12446
27861	340	64	11560	179	0	12143
27862	11604	43	144	181	0	11972
27863	216	54	164	11577	0	12011
27864	217	11746	55	288	0	12306
27865	11679	166	41	286	0	12172
27866	197	186	49	11686	0	12118
27867	11860	81	33	270	0	12244
27868	12096	50	47	313	0	12506
27869	309	61	40	12045	0	12455
27870	225	60	12182	304	0	12771
27871	11919	47	158	325	0	12449
27872	12460	45	174	172	0	12851
27873	12411	28	62	170	0	12671
27874	346	12722	57	174	0	13299
27875	230	180	36	12704	0	13150
27876	84	202	32	13162	0	13480
27877	79	101	13069	435	0	13684
27878	70	82	165	12753	0	13070
27879	63	12982	197	306	0	13548
27880	12358	165	55	286	0	12864
27881	161	12608	56	200	0	13025
27882	205	165	12170	151	0	12691
27883	63	12452	183	129	0	12827
27884	56	11919	171	118	0	12264
27885	115	124	142	9872	0	10253
27886	9919	70	28	54	0	10071
27887	9838	17	7	79	0	9941
27888	9734	16	7	28	0	9785
27889	109	10144	14	35	0	10302
27890	81	55	9957	27	0	10120
27891	9857	62	48	24	0	9991
27892	10201	17	66	29	0	10313
27893	111	10221	23	32	0	10387
27894	10471	51	13	29	0	10564
27895	60	74	15	10478	0	10627
27896	98	25	11015	67	0	11205
27897	10845	21	54	94	0	11014
27898	11059	28	83	35	0	11205
27899	11339	20	20	32	0	11411
27900	133	15	17	11126	0	11291
27901	98	20	14	11496	0	11628
27902	38	21	15	12089	0	12163
27903	28	12398	22	170	0	12618
27904	38	88	16	13092	0	13234
27905	40	117	8	13980	0	14145
27906	46	35	14016	222	0	14319
27907	26	31	91	14037	0	14185
27908	31	23	144	14219	0	14417
27909	32	21	24	14217	0	14294
27910	34	19	27	14028	0	14108
27911	35	14104	32	254	0	14425
27912	45	103	22	14250	0	14420
27913	28	169	18	14103	0	14318
27914	13836	29	32	267	0	14164
27915	132	35	13968	194	0	14329
27916	186	37	13639	59	0	13921
27917	13385	29	236	57	0	13707
27918	13932	33	192	50	0	14207
27919	268	45	50	12270	0	12633
27920	188	13985	30	119	0	14322
27921	13990	107	23	161	0	14281
27922	139	159	30	13575	0	13903
27923	178	14350	19	138	0	14685
27924	14055	101	22	168	0	14346
27925	120	14348	25	73	0	14566
27926	14034	109	22	53	0	14218
27927	13497	151	12	52	0	13712
27928	253	13500	25	51	0	13829
27929	183	107	16	13388	0	13694
27930	60	155	13373	137	0	13725
27931	49	43	101	13195	0	13388
27932	13123	32	138	151	0	13444
27933	131	36	13088	195	0	13450
27934	158	12982	106	107	0	13353
27935	48	148	150	12788	0	13134
27936	46	156	12687	140	0	13029
27937	36	12520	105	191	0	12852
27938	12254	113	125	86	0	12578
27939	116	125	36	12339	0	12616
27940	135	37	31	12385	0	12588
27941	53	36	32	12094	0	12215
27942	38	12326	28	242	0	12634
27943	12203	108	33	172	0	12516
27944	105	12243	32	97	0	12477
27945	143	12484	24	80	0	12731
27946	12511	196	28	62	0	12797
27947	12448	154	23	66	0	12691
27948	239	55	12292	59	0	12645
27949	11820	45	103	54	0	12022
27950	11808	50	126	39	0	12023
27951	242	35	45	11611	0	11933
27952	185	54	11630	117	0	11986
27953	83	37	89	11550	0	11759
27954	11694	39	123	130	0	11986
27955	127	49	12024	173	0	12373
27956	175	29	103	12782	0	13089
27957	78	37	145	13729	0	13989
27958	57	43	40	15212	0	15352
27959	15139	38	28	393	0	15598
27960	207	15500	42	281	0	16030
27961	15612	209	33	72	0	15926
27962	254	233	15615	91	0	16193
27963	264	63	204	14714	0	15245
27964	69	15738	230	247	0	16284
27965	15710	207	57	282	0	16256
27966	223	238	54	15774	0	16289
27967	271	63	15546	261	0	16141
27968	79	43	208	15456	0	15786
27969	14832	55	233	278	0	15398
27970	215	15035	67	336	0	15653
27971	266	242	37	13219	0	13764
27972	84	15069	43	222	0	15418
27973	14711	232	51	260	0	15254
27974	14412	236	19	106	0	14773
27975	412	14465	48	90	0	15015
27976	14416	203	36	81	0	14736
27977	261	226	34	13413	0	13934
27978	253	14153	45	211	0	14662
27979	14076	205	33	231	0	14545
27980	14124	238	46	66	0	14474
27981	419	13842	46	89	0	14396
27982	274	13963	38	77	0	14352
27983	13848	375	35	54	0	14312
27984	244	277	30	13727	0	14278
27985	13973	82	31	216	0	14302
27986	272	60	14	13964	0	14310
27987	281	63	13734	232	0	14310
27988	96	60	194	13946	0	14296
27989	13557	54	218	242	0	14071
27990	252	60	13781	271	0	14364
27991	267	36	203	13574	0	14080
27992	101	42	231	13939	0	14313
27993	84	46	13820	434	0	14384
27994	12855	46	209	275	0	13385
27995	231	45	223	13526	0	14025
27996	254	50	13012	245	0	13561
27997	11599	60	219	255	0	12133
27998	224	12891	237	106	0	13458
27999	238	12869	82	96	0	13285
28000	91	13067	49	113	0	13320
28001	112	367	12283	90	0	12852
28002	62	298	179	11617	0	12156
28003	57	63	11705	220	0	12045
28004	50	267	169	10085	0	10571
28005	50	9930	167	190	0	10337
28006	39	9909	37	181	0	10166
28007	59	276	28	9688	0	10051
28008	9639	171	22	188	0	10020
28009	159	43	29	9927	0	10158
28010	154	73	19	9672	0	9918
28011	62	9803	28	295	0	10188
28012	9548	156	23	179	0	9906
28013	169	9849	28	85	0	10131
28014	169	163	39	9783	0	10154
28015	69	159	31	9626	0	9885
28016	71	9745	28	289	0	10133
28017	55	171	28	9859	0	10113
28018	9634	173	20	231	0	10058
28019	196	91	27	9755	0	10069
28020	215	91	22	9593	0	9921
28021	128	9613	41	298	0	10080
28022	93	190	49	9769	0	10101
28023	9214	185	36	211	0	9646
28024	9393	99	37	189	0	9718
28025	9599	83	29	115	0	9826
28026	346	87	41	9464	0	9938
28027	251	75	9361	210	0	9897
28028	127	65	9356	237	0	9785
28029	111	78	294	9384	0	9867
28030	9462	76	167	234	0	9939
28031	225	67	43	9612	0	9947
28032	9733	97	33	221	0	10084
28033	264	67	34	9715	0	10080
28034	251	80	35	9848	0	10214
28035	9830	89	31	326	0	10276
28036	272	72	9673	224	0	10241
28037	9633	83	166	117	0	9999
28038	251	83	9724	101	0	10159
28039	249	44	176	9487	0	9956
28040	9674	70	190	219	0	10153
28041	242	75	9881	199	0	10397
28042	245	85	9912	99	0	10341
28043	9495	70	313	101	0	9979
28044	233	74	9953	119	0	10379
28045	243	9638	197	110	0	10188
28046	92	182	192	10015	0	10481
28047	10613	173	96	257	0	11139
28048	222	57	10876	255	0	11410
28049	10870	47	225	120	0	11262
28050	11053	51	228	112	0	11444
28051	11195	49	74	125	0	11443
28052	11150	58	87	119	0	11414
28053	346	140	84	10501	0	11071
28054	227	10845	59	253	0	11384
28055	10383	175	89	255	0	10902
28056	186	150	9508	97	0	9941
28057	113	7853	102	63	0	8131
28058	6840	57	113	32	0	7042
28059	57	6450	37	25	0	6569
28060	76	6587	13	13	0	6689
28061	177	103	70	6267	0	6617
28062	17	48	28	6386	0	6479
28063	25	7	13	6432	0	6477
28064	6460	8	14	79	0	6561
28065	6720	10	7	57	0	6794
28066	104	4	12	6999	0	7119
28067	60	5	12	7527	0	7604
28068	29	8	7912	116	0	8065
28069	7567	10	80	72	0	7729
28070	8030	10	81	14	0	8135
28071	168	12	9	8082	0	8271
28072	96	6	13	8163	0	8278
28073	30	6	8090	170	0	8296
28074	23	15	89	8026	0	8153
28075	28	10	8334	97	0	8469
28076	29	8234	94	114	0	8471
28077	26	70	8413	28	0	8537
28078	23	88	111	7946	0	8168
28079	21	12	8480	96	0	8609
28080	22	14	8221	94	0	8351
28081	7860	7	180	23	0	8070
28082	91	10	89	8804	0	8994
28083	99	8	8914	101	0	9122
28084	7828	9	110	103	0	8050
28085	113	15	9078	27	0	9233
28086	115	22	9667	33	0	9837
28087	20	9733	189	75	0	10017
28088	26	90	105	9570	0	9791
28089	21	96	9696	97	0	9910
28090	36	19	9411	99	0	9565
28091	31	7	188	9217	0	9443
28092	25	7	106	9120	0	9258
28093	18	9542	42	179	0	9781
28094	22	95	24	9607	0	9748
28095	9687	82	28	116	0	9913
28096	9583	17	27	115	0	9742
28097	9823	10	29	43	0	9905
28098	198	13	26	9561	0	9798
28099	105	9826	38	135	0	10104
28100	9650	95	40	108	0	9893
28101	109	9979	35	40	0	10163
28102	102	9785	42	48	0	9977
28103	29	9944	44	39	0	10056
28104	9837	175	37	42	0	10091
28105	106	100	45	9743	0	9994
28106	114	23	36	9668	0	9841
28107	30	9872	45	181	0	10128
28108	9607	100	42	119	0	9868
28109	131	99	9690	42	0	9962
28110	102	23	126	9639	0	9890
28111	9703	18	126	119	0	9966
28112	115	10097	48	119	0	10379
28113	10427	108	39	56	0	10630
28114	127	92	43	10109	0	10371
28115	112	10612	48	117	0	10889
28116	51	110	10445	120	0	10726
28117	10113	96	129	47	0	10385
28118	125	37	99	10694	0	10955
28119	10897	26	33	132	0	11088
28120	134	26	38	10654	0	10852
28121	124	10593	45	122	0	10884
28122	61	101	10771	135	0	11068
28123	48	113	10800	60	0	11021
28124	49	89	189	10600	0	10927
28125	10805	32	131	120	0	11088
28126	10761	29	45	109	0	10944
28127	180	36	31	10609	0	10856
28128	122	26	40	10782	0	10970
28129	10876	25	38	195	0	11134
28130	134	29	36	10976	0	11175
28131	10978	36	40	141	0	11195
28132	116	10879	47	129	0	11171
28133	10784	105	51	52	0	10992
28134	141	108	10955	48	0	11252
28135	135	40	118	10825	0	11118
28136	57	38	118	11099	0	11312
28137	49	40	67	11111	0	11267
28138	59	10887	56	227	0	11229
28139	57	10876	64	167	0	11164
28140	47	173	55	10889	0	11164
28141	49	107	10768	150	0	11074
28142	49	34	129	10659	0	10871
28143	48	40	124	10783	0	10995
28144	51	10796	75	203	0	11125
28145	10492	104	60	120	0	10776
28146	112	10510	59	71	0	10752
28147	106	10410	75	71	0	10662
28148	69	174	56	10097	0	10396
28149	64	107	58	10205	0	10434
28150	65	41	62	10228	0	10396
28151	69	42	40	10315	0	10466
28152	9952	43	59	216	0	10270
28153	127	10185	58	170	0	10540
28154	10232	93	68	81	0	10474
28155	10431	103	46	81	0	10661
28156	173	58	37	10336	0	10604
28157	122	50	34	10485	0	10691
28158	10362	38	43	203	0	10646
28159	10441	41	39	142	0	10663
28160	206	31	23	10383	0	10643
28161	141	47	9	10442	0	10639
28162	64	52	10483	223	0	10822
28163	62	10352	88	141	0	10643
28164	64	10758	71	71	0	10964
28165	10223	135	44	51	0	10453
28166	98	94	10436	48	0	10676
28167	92	40	9690	37	0	9859
28168	8587	34	122	32	0	8775
28169	9121	18	52	21	0	9212
28170	59	10125	12	35	0	10231
28171	43	10572	7	24	0	10646
28172	21	64	9	10589	0	10683
28173	11131	43	11	58	0	11243
28174	11095	10	4	55	0	11164
28175	11281	6	11	36	0	11334
28176	64	17	3	11143	0	11227
28177	64	17	13	11298	0	11392
28178	33	26	11378	61	0	11498
28179	26	22	10879	48	0	10975
28180	20	17	11419	25	0	11481
28181	33	161	107	10888	0	11189
28182	10734	6	26	33	0	10799
28183	30	13	11149	40	0	11232
28184	33	16	17	10900	0	10966
28185	13	11488	26	23	0	11550
28186	13	21	4	11148	0	11186
28187	10	23	2	11195	0	11230
28188	16	13	11641	62	0	11732
28189	11	2	31	11403	0	11447
28190	12113	7	32	48	0	12200
28191	64	9	12817	47	0	12937
28192	60	10	56	12682	0	12808
28193	22	14	13278	66	0	13380
28194	8	13264	74	89	0	13435
28195	27	55	13411	31	0	13524
28196	20	77	86	12503	0	12686
28197	13	16	81	13351	0	13461
28198	19	14	13990	147	0	14170
28199	13	9	61	13412	0	13495
28200	16	9	80	13441	0	13546
28201	13	13665	31	148	0	13857
28202	26	57	13784	115	0	13982
28203	9	73	62	13582	0	13726
28204	18	14	86	13794	0	13912
28205	13	14153	30	143	0	14339
28206	10	67	19	14332	0	14428
28207	14305	84	16	93	0	14498
28208	65	28	15	14417	0	14525
28209	87	17	14673	91	0	14868
28210	13926	10	71	122	0	14129
28211	15222	8	103	50	0	15383
28212	182	16	15843	30	0	16071
28213	14693	11	96	41	0	14841
28214	99	16226	147	39	0	16511
28215	127	82	33	16422	0	16664
28216	33	155	18	18085	0	18291
28217	16	27	20	18126	0	18189
28218	16	15	20	18363	0	18414
28219	17	16	16	18488	0	18537
28220	18148	14	15	332	0	18509
28221	140	27	18213	210	0	18590
28222	17080	11	128	93	0	17312
28223	153	15	18074	111	0	18353
28224	205	15	147	17808	0	18175
28225	18069	10	201	162	0	18442
28226	150	13	55	17779	0	17997
28227	197	18261	36	166	0	18660
28228	18848	126	40	196	0	19210
28229	151	170	32	19897	0	20250
28230	205	48	19760	171	0	20184
28231	17760	19	132	256	0	18167
28232	146	20797	195	90	0	21228
28233	219	143	21355	76	0	21793
28234	76	204	149	20829	0	21258
28235	55	46	239	20460	0	20800
28236	52	21076	71	359	0	21558
28237	65	152	21133	266	0	21616
28238	41	222	150	20707	0	21120
28239	45	62	22142	215	0	22464
28240	35	42	185	21564	0	21826
28241	38	32	228	21869	0	22167
28242	43	31	22052	432	0	22558
28243	59	28	177	21879	0	22143
28244	75	46	282	19073	0	19476
28245	67	27	87	22965	0	23146
28246	54	20	82	23158	0	23314
28247	22219	20	69	499	0	22807
28248	199	24	22411	346	0	22980
28249	22789	29	189	152	0	23159
28250	222	47	278	24229	0	24776
28251	302	26	84	24544	0	24956
28252	86	30	67	24313	0	24496
28253	56	24400	77	540	0	25073
28254	24589	224	55	369	0	25237
28255	221	274	77	25233	0	25805
28256	287	25798	82	293	0	26460
28257	64	195	77	25981	0	26317
28258	26044	273	60	336	0	26713
28259	25763	73	74	401	0	26311
28260	25889	64	89	154	0	26196
28261	478	26195	93	149	0	26915
28262	337	202	26430	155	0	27124
28263	25564	276	229	190	0	26259
28264	26678	71	311	176	0	27236
28265	468	27092	109	158	0	27827
28266	27054	200	91	158	0	27503
28267	26614	288	63	159	0	27124
28268	27075	69	65	168	0	27377
28269	501	28502	82	191	0	29276
28270	389	201	71	28288	0	28949
28271	28897	292	84	284	0	29557
28272	29409	87	55	377	0	29928
28273	29089	56	63	184	0	29392
28274	29216	48	47	182	0	29493
28275	557	62	59	28807	0	29485
28276	415	83	28979	321	0	29798
28277	189	55	233	28282	0	28759
28278	137	29464	325	350	0	30276
28279	137	253	78	30257	0	30725
28280	147	325	30533	357	0	31362
28281	29547	66	240	442	0	30295
28282	339	62	334	31118	0	31853
28283	31178	69	87	363	0	31697
28284	31277	71	82	447	0	31877
28285	611	74	70	32099	0	32854
28286	488	78	32660	347	0	33573
28287	251	83	30969	390	0	31693
28288	28191	106	526	186	0	29009
28289	342	31804	353	179	0	32678
28290	398	31389	104	145	0	32036
28291	180	32021	73	141	0	32415
28292	168	32923	69	154	0	33314
28293	31951	488	127	132	0	32698
28294	32018	319	77	98	0	32512
28295	32067	81	52	118	0	32318
28296	32200	94	48	102	0	32444
28297	558	79	54	30952	0	31643
28298	386	31599	71	246	0	32302
28299	31225	205	72	316	0	31818
28300	319	291	31826	131	0	32567
28301	377	31897	202	177	0	32653
28302	186	221	31962	118	0	32487
28303	30485	261	240	110	0	31096
28304	32156	68	291	132	0	32647
28305	32528	100	93	119	0	32840
28306	550	60	74	32383	0	33067
28307	427	80	33024	255	0	33786
28308	195	33039	203	356	0	33793
28309	31808	204	298	129	0	32439
28310	287	32725	100	150	0	33262
28311	305	32102	61	140	0	32608
28312	162	32195	54	116	0	32527
28313	181	32164	60	112	0	32517
28314	184	386	30112	112	0	30794
28315	144	31771	186	135	0	32236
28316	29410	166	218	72	0	29866
28317	198	184	53	29830	0	30265
28318	232	70	41	30374	0	30717
28319	30079	60	50	292	0	30481
28320	192	30059	60	227	0	30538
28321	265	168	30811	80	0	31324
28322	127	195	133	30211	0	30666
28323	144	78	169	31094	0	31485
28324	135	63	50	31649	0	31897
28325	115	76	31469	293	0	31953
28326	143	83	31447	189	0	31862
28327	130	77	275	31130	0	31612
28328	141	78	31857	147	0	32223
28329	135	83	29981	176	0	30375
28330	23409	75	304	122	0	23910
28331	184	30291	165	90	0	30730
28332	207	29474	43	68	0	29792
28333	134	30689	46	68	0	30937
28334	131	285	52	29160	0	29628
28335	104	31365	55	114	0	31638
28336	30886	128	73	163	0	31250
28337	179	171	31424	77	0	31851
28338	30714	52	150	71	0	30987
28339	179	67	183	32349	0	32778
28340	206	62	65	32173	0	32506
28341	72	34019	73	297	0	34461
28342	33773	169	63	213	0	34218
28343	33358	211	99	69	0	33737
28344	405	36370	58	80	0	36913
28345	252	266	33	35380	0	35931
28346	108	261	36275	239	0	36883
28347	84	86	36429	269	0	36868
28348	75	36982	456	102	0	37615
28349	35827	335	295	120	0	36577
28350	284	265	36695	37	0	37281
28351	298	84	234	35145	0	35761
28352	36649	53	263	233	0	37198
28353	36511	64	65	254	0	36894
28354	477	45984	61	87	0	46609
28355	310	47649	68	78	0	48105
28356	47663	790	67	41	0	48561
28357	495	474	47960	54	0	48983
28358	47371	99	449	46	0	47965
28359	47878	63	454	50	0	48445
28360	883	71	91	47538	0	48583
28361	509	86	49446	452	0	50493
28362	170	89	48873	427	0	49559
28363	45788	58	900	98	0	46844
28364	605	127	49832	55	0	50619
28365	45274	93	567	73	0	46007
28366	47577	63	475	43	0	48158
28367	892	48589	163	108	0	49752
28368	595	501	48878	86	0	50060
28369	184	48090	542	73	0	48889
28370	46608	522	531	72	0	47733
28371	550	520	47025	57	0	48152
28372	543	144	556	43647	0	44890
28373	248	91	47142	438	0	47919
28374	199	103	46748	436	0	47486
28375	257	95	47058	78	0	47488
28376	234	103	47116	80	0	47533
28377	171	45921	1002	153	0	47247
28378	212	543	46027	104	0	46886
28379	192	45387	626	114	0	46319
28380	297	552	44768	107	0	45724
28381	43141	481	801	79	0	44502
28382	768	140	576	39118	0	40602
28383	595	45348	272	399	0	46614
28384	44529	537	284	423	0	45773
28385	44019	494	359	104	0	44976
28386	42778	210	303	81	0	43372
28387	43308	173	344	67	0	43892
28388	970	43869	376	149	0	45364
28389	42894	566	255	137	0	43852
28390	42815	529	330	103	0	43777
28391	996	42296	322	157	0	43771
28392	637	601	41776	98	0	43112
28393	321	613	738	38438	0	40110
28394	316	41935	726	445	0	43422
28395	309	607	42235	445	0	43596
28396	380	582	42583	152	0	43697
28397	316	41697	1207	135	0	43355
28398	314	42192	796	133	0	43435
28399	333	44179	436	158	0	45106
28400	327	44215	371	92	0	45005
28401	42614	1173	381	95	0	44263
28402	42881	756	396	112	0	44145
28403	1240	377	44181	144	0	45942
28404	857	329	44519	84	0	45789
28405	481	326	1216	41730	0	43753
28406	455	341	834	43026	0	44656
28407	474	351	424	43816	0	45065
28408	42858	358	389	991	0	44596
28409	934	43830	406	639	0	45809
28410	870	45421	419	218	0	46928
28411	504	46178	439	164	0	47285
28412	44433	1312	441	138	0	46324
28413	45189	828	484	134	0	46635
28414	1438	471	437	44265	0	46611
28415	45896	403	506	640	0	47445
28416	45622	426	447	638	0	47133
28417	1456	456	414	45008	0	47334
28418	45144	488	480	715	0	46827
28419	1087	45049	553	652	0	47341
28420	1039	970	610	44678	0	47297
28421	681	947	44223	688	0	46539
28422	645	44014	1159	699	0	46517
28423	763	1008	44678	310	0	46759
28424	721	948	1135	39305	0	42109
28425	656	44506	1187	677	0	47026
28426	775	902	768	43302	0	45747
28427	666	893	750	44044	0	46353
28428	722	498	44128	1248	0	46596
28429	625	464	46818	797	0	48704
28430	620	468	1656	45165	0	47909
28431	676	533	1238	40116	0	42563
28432	659	46397	787	1194	0	49037
28433	43071	1105	664	717	0	45557
28434	1154	45390	665	341	0	47550
28435	1098	45451	614	309	0	47472
28436	631	1550	43232	369	0	45782
28437	500	44207	1180	447	0	46334
28438	566	1018	1284	37256	0	40124
28439	550	43230	774	795	0	45349
28440	488	990	682	38929	0	41089
28441	380	42161	710	860	0	44111
28442	40473	1077	622	690	0	42862
28443	940	42085	669	376	0	44070
28444	758	1017	536	34388	0	36699
28445	441	39258	557	624	0	40880
28446	38046	1010	526	560	0	40142
28447	37445	949	349	321	0	39064
28448	1250	38137	374	311	0	40072
28449	37208	935	234	233	0	38610
28450	997	1159	273	35217	0	37646
28451	883	476	36088	738	0	38185
28452	566	458	36322	576	0	37922
28453	546	35983	1099	299	0	37927
28454	25483	410	598	138	0	26629
28455	24708	326	225	119	0	25378
28456	488	155	24667	112	0	25422
28457	288	152	24441	110	0	24991
28458	22502	164	450	115	0	23231
28459	23834	145	273	84	0	24336
28460	452	158	23653	110	0	24373
28461	21158	160	309	111	0	21738
28462	286	22413	268	121	0	23088
28463	248	22710	104	112	0	23174
28464	113	503	174	21564	0	22354
28465	132	320	108	22028	0	22588
28466	21824	159	95	433	0	22511
28467	21827	126	101	273	0	22327
28468	21788	136	84	146	0	22154
28469	446	141	81	21488	0	22156
28470	302	159	73	21052	0	21586
28471	156	20866	82	436	0	21540
28472	125	21342	109	268	0	21844
28473	133	21796	92	114	0	22135
28474	162	506	74	18794	0	19536
28475	146	20889	76	248	0	21359
28476	145	337	19947	257	0	20686
28477	18075	332	270	128	0	18805
28478	324	189	20507	118	0	21138
28479	306	192	20331	99	0	20928
28480	18480	188	423	115	0	19206
28481	300	20103	244	146	0	20793
28482	20137	324	121	122	0	20704
28483	19894	323	107	109	0	20433
28484	479	183	19989	108	0	20759
28485	353	152	20198	109	0	20812
28486	173	20178	433	137	0	20921
28487	203	426	20274	119	0	21022
28488	159	320	306	19761	0	20546
28489	171	200	292	17284	0	17947
28490	147	20318	173	416	0	21054
28491	147	20909	146	250	0	21452
28492	20520	517	115	129	0	21281
28493	21114	359	103	131	0	21707
28494	486	216	148	20845	0	21695
28495	329	191	149	21348	0	22017
28496	20742	193	132	442	0	21509
28497	20701	200	145	269	0	21315
28498	488	21302	148	137	0	22075
28499	19374	312	96	86	0	19868
28500	325	19000	104	89	0	19518
28501	300	19463	79	92	0	19934
28502	19295	439	126	84	0	19944
28503	19020	284	137	90	0	19531
28504	470	149	80	18830	0	19529
28505	18946	140	78	221	0	19385
28506	331	135	18931	201	0	19598
28507	311	19132	202	117	0	19762
28508	18588	247	231	135	0	19201
28509	305	234	18868	104	0	19511
28510	270	188	227	15980	0	16665
28511	144	17393	202	161	0	17900
28512	159	17600	97	163	0	18019
28513	17240	304	149	81	0	17774
28514	250	187	17089	70	0	17596
28515	15746	94	179	46	0	16065
28516	249	87	184	15953	0	16473
28517	244	63	16246	140	0	16693
28518	15370	73	181	148	0	15772
28519	233	16925	182	54	0	17394
28520	188	17572	83	59	0	17902
28521	17613	265	170	55	0	18103
28522	17545	160	113	73	0	17891
28523	17989	77	30	87	0	18183
28524	319	108	54	17451	0	17932
28525	208	88	62	17808	0	18166
28526	151	51	17826	226	0	18254
28527	118	61	17584	162	0	17925
28528	101	17791	232	82	0	18206
28529	98	211	124	15372	0	15805
28530	15053	88	37	88	0	15266
28531	91	15242	28	100	0	15461
28532	83	90	27	15188	0	15388
28533	14955	87	23	87	0	15152
28534	101	15343	24	96	0	15564
28535	107	16048	25	47	0	16227
28536	82	122	15059	39	0	15302
28537	14486	105	83	43	0	14717
28538	15676	47	86	40	0	15849
28539	145	57	15570	51	0	15823
28540	13524	29	69	26	0	13648
28541	81	26	15300	28	0	15435
28542	73	14968	53	23	0	15117
28543	51	63	74	14684	0	14872
28544	14407	48	53	65	0	14573
28545	57	14656	17	61	0	14791
28546	54	14687	20	20	0	14781
28547	13819	78	12	8	0	13917
28548	62	53	14926	14	0	15055
28549	13800	19	43	25	0	13887
28550	41	15507	38	36	0	15622
28551	55	48	14529	14	0	14646
28552	14179	43	50	15	0	14287
28553	15186	14	35	14	0	15249
28554	76	13	9	14803	0	14901
28555	51	7	7	15302	0	15367
28556	16	15168	8	83	0	15275
28557	27	48	15103	44	0	15222
28558	22	36	41	14836	0	14935
28559	34	22	16075	44	0	16175
28560	28	18	16172	50	0	16268
28561	25	8	87	16530	0	16650
28562	24	13	17488	81	0	17606
28563	21	17	17338	60	0	17436
28564	12	14	137	15628	0	15791
28565	21	12	17461	79	0	17573
28566	14383	12	97	83	0	14575
28567	75	17028	83	38	0	17224
28568	79	84	17452	16	0	17631
28569	32	73	18827	12	0	18944
28570	23	13	147	17471	0	17654
28571	19336	9	77	65	0	19487
28572	19239	9	16	69	0	19333
28573	19271	14	18	11	0	19314
28574	19424	14	15	13	0	19466
28575	132	12	21	18748	0	18913
28576	86	22	19706	84	0	19898
28577	18919	17	75	91	0	19102
28578	19978	16	72	22	0	20088
28579	20051	11	23	19	0	20104
28580	152	18	19651	15	0	19836
28581	17068	13	88	29	0	17198
28582	78	21	93	20610	0	20802
28583	83	21535	41	61	0	21720
28584	31	172	34	20476	0	20713
28585	24	21593	31	69	0	21717
28586	21210	74	31	81	0	21396
28587	93	104	21821	29	0	22047
28588	99	16	103	20285	0	20503
28589	23	22015	123	87	0	22248
28590	19	22367	57	118	0	22561
28591	22111	183	31	18	0	22343
28592	21894	114	33	22	0	22063
28593	200	35	21150	17	0	21402
28594	20842	6	112	22	0	20982
28595	115	13	118	21270	0	21516
28596	136	15	22513	104	0	22768
28597	50	25	22329	116	0	22520
28598	53	8	199	22328	0	22588
28599	24165	5	123	134	0	24427
28600	124	13	33	24118	0	24288
28601	152	10	27	24133	0	24322
28602	47	9	24	23868	0	23948
28603	44	24469	36	226	0	24775
28604	33	99	38	24510	0	24680
28605	23201	128	28	133	0	23490
28606	115	24158	38	173	0	24484
28607	139	106	23	24236	0	24504
28608	23718	140	24	140	0	24022
28609	119	24142	30	163	0	24454
28610	144	24285	28	48	0	24505
28611	41	243	25	23829	0	24138
28612	23245	141	26	137	0	23549
28613	130	37	23911	154	0	24232
28614	156	35	23605	36	0	23832
28615	22558	21	261	40	0	22880
28616	24177	28	153	33	0	24391
28617	288	25132	40	30	0	25490
28618	189	126	46	23982	0	24343
28619	72	160	24561	133	0	24926
28620	62	28	23970	178	0	24238
28621	49	29	25682	64	0	25824
28622	45	25626	313	72	0	26056
28623	52	25611	210	48	0	25921
28624	25316	283	54	55	0	25708
28625	175	199	25758	65	0	26197
28626	24465	29	159	62	0	24715
28627	25245	31	204	51	0	25531
28628	339	41	26564	74	0	27018
28629	223	27455	159	78	0	27915
28630	72	181	195	26544	0	26992
28631	81	226	27931	159	0	28397
28632	81	56	27125	209	0	27471
28633	24264	67	355	81	0	24767
28634	176	27627	250	70	0	28123
28635	222	175	53	26425	0	26875
28636	82	235	48	25475	0	25840
28637	70	27005	65	354	0	27494
28638	54	27535	71	228	0	27888
28639	71	27834	63	69	0	28037
28640	85	390	44	28111	0	28630
28641	28999	251	53	204	0	29507
28642	255	52	57	29656	0	30020
28643	288	71	29721	241	0	30321
28644	85	69	29546	287	0	29987
28645	78	75	466	29543	0	30162
28646	87	61	30323	253	0	30724
28647	71	30302	276	324	0	30973
28648	84	237	296	30847	0	31464
28649	32986	303	70	276	0	33635
28650	32219	94	65	327	0	32705
28651	541	33773	92	110	0	34516
28652	34443	283	76	97	0	34899
28653	34441	340	66	86	0	34933
28654	34685	78	68	98	0	34929
28655	613	98	32877	99	0	33687
28656	31984	72	288	106	0	32450
28657	317	33397	352	131	0	34197
28658	371	278	33875	77	0	34601
28659	152	342	33776	87	0	34357
28660	103	33562	574	132	0	34371
28661	32830	287	387	93	0	33597
28662	320	369	87	30937	0	31713
28663	336	32287	77	270	0	32970
28664	32537	291	71	317	0	33216
28665	291	356	66	32641	0	33354
28666	32948	75	69	316	0	33408
28667	299	65	78	33292	0	33734
28668	382	107	32734	309	0	33532
28669	113	94	31842	367	0	32416
28670	119	104	32314	97	0	32634
28671	102	107	613	29878	0	30700
28672	106	106	374	32196	0	32782
28673	129	130	32279	602	0	33140
28674	136	32004	333	391	0	32864
28675	32421	303	375	98	0	33197
28676	31683	377	115	84	0	32259
28677	638	32968	111	91	0	33808
28678	440	384	111	32622	0	33557
28679	173	390	34346	317	0	35226
28680	31956	110	436	391	0	32893
28681	449	74	34679	128	0	35330
28682	466	113	32965	67	0	33611
28683	181	118	33106	74	0	33479
28684	30427	110	739	90	0	31366
28685	418	109	32648	100	0	33275
28686	433	31535	438	70	0	32476
28687	180	32248	439	95	0	32962
28688	179	628	156	30527	0	31490
28689	164	385	127	31121	0	31797
28690	139	121	31329	592	0	32181
28691	28830	107	411	371	0	29719
28692	31218	98	392	116	0	31824
28693	667	82	166	31249	0	32164
28694	31431	84	178	337	0	32030
28695	402	31470	182	385	0	32439
28696	30734	369	133	125	0	31361
28697	410	30504	148	194	0	31256
28698	360	30203	170	139	0	30872
28699	29170	610	168	118	0	30066
28700	29218	357	149	105	0	29829
28701	29838	110	157	95	0	30200
28702	29992	102	154	121	0	30369
28703	680	106	28824	127	0	29737
28704	28105	100	466	80	0	28751
28705	448	144	427	27295	0	28314
28706	418	28751	191	348	0	29708
28707	28462	355	183	335	0	29335
28708	407	29032	152	148	0	29739
28709	28786	374	166	121	0	29447
28710	434	346	162	28266	0	29208
28711	465	127	156	28972	0	29720
28712	213	156	28889	588	0	29846
28713	227	136	28774	395	0	29532
28714	178	28823	648	192	0	29841
28715	27463	350	432	137	0	28382
28716	443	28106	172	132	0	28853
28717	444	27630	146	138	0	28358
28718	243	28379	145	131	0	28898
28719	303	632	26851	97	0	27883
28720	242	27918	358	107	0	28625
28721	25686	403	371	89	0	26549
28722	25698	361	131	81	0	26271
28723	664	176	119	24423	0	25382
28724	429	25218	162	312	0	26121
28725	208	25574	174	318	0	26274
28726	238	568	135	25039	0	25980
28727	268	367	25279	313	0	26227
28728	213	24369	368	316	0	25266
28729	268	464	304	23229	0	24265
28730	22745	349	139	318	0	23551
28731	22714	188	107	308	0	23317
28732	562	23444	132	181	0	24319
28733	23339	396	149	133	0	24017
28734	23309	339	159	104	0	23911
28735	605	208	144	22571	0	23528
28736	400	160	22720	332	0	23612
28737	231	22802	368	349	0	23750
28738	191	456	338	22318	0	23303
28739	216	376	22428	285	0	23305
28740	170	21678	352	249	0	22449
28741	20200	369	317	87	0	20973
28742	20348	303	125	86	0	20862
28743	503	179	96	19552	0	20330
28744	309	20336	132	252	0	21029
28745	195	339	19940	260	0	20734
28746	193	330	277	19481	0	20281
28747	200	184	20094	290	0	20768
28748	158	18233	277	253	0	18921
28749	320	360	291	15592	0	16563
28750	15522	203	118	207	0	16050
28751	233	15535	71	181	0	16020
28752	15149	230	70	81	0	15530
28753	14707	214	51	76	0	15048
28754	361	15179	67	81	0	15688
28755	279	237	54	15013	0	15583
28756	183	227	54	14834	0	15298
28757	140	14760	87	275	0	15262
28758	146	15090	89	180	0	15505
28759	151	297	64	13616	0	14128
28760	129	14692	87	165	0	15073
28761	14496	230	76	137	0	14939
28762	14328	202	64	72	0	14666
28763	322	138	14382	71	0	14913
28764	216	107	14167	86	0	14576
28765	13107	141	216	81	0	13545
28766	13871	106	167	73	0	14217
28767	237	14521	102	89	0	14949
28768	14387	189	105	83	0	14764
28769	14229	187	63	77	0	14556
28770	261	14251	64	95	0	14671
28771	14211	216	53	67	0	14547
28772	212	211	71	15942	0	16436
28773	182	155	59	16592	0	16988
28774	134	139	17517	306	0	18096
28775	95	17008	180	213	0	17496
28776	80	17425	168	95	0	17768
28777	15877	530	238	306	0	16951
28778	15757	189	47	67	0	16060
28779	15532	50	12	43	0	15637
28780	15947	30	54	50	0	16081
28781	261	52	15659	30	0	16002
28782	141	55	15716	42	0	15954
28783	48	15998	240	41	0	16327
28784	47	164	133	15647	0	15991
28785	59	169	40	14584	0	14852
28786	75	16137	32	202	0	16446
28787	81	160	24	15699	0	15964
28788	15534	137	30	138	0	15839
28789	182	15757	36	130	0	16105
28790	184	151	16187	60	0	16582
28791	61	16521	150	53	0	16785
28792	16242	151	151	43	0	16587
28793	144	163	16361	64	0	16732
28794	15474	62	147	46	0	15729
28795	16063	57	139	54	0	16313
28796	260	42	16031	87	0	16420
28797	156	65	15923	42	0	16186
28798	133	55	15701	32	0	15921
28799	13944	44	257	37	0	14282
28800	175	46	15761	34	0	16016
28801	174	15391	150	37	0	15752
28802	15189	134	150	18	0	15491
28803	158	140	15359	16	0	15673
28804	14361	33	155	26	0	14575
28805	153	49	15375	27	0	15604
28806	198	27	15716	38	0	15979
28807	63	15786	271	30	0	16150
28808	51	140	15992	35	0	16218
28809	98	142	15789	27	0	16056
28810	61	14644	266	42	0	15013
28811	14934	133	168	26	0	15261
28812	157	148	15554	18	0	15877
28813	194	55	160	13177	0	13586
28814	78	15681	180	88	0	16027
28815	15299	135	101	116	0	15651
28816	15239	146	88	48	0	15521
28817	255	64	15574	36	0	15929
28818	169	15221	189	46	0	15625
28819	68	15636	205	37	0	15946
28820	97	273	88	14089	0	14547
28821	113	15379	85	119	0	15696
28822	112	208	77	13881	0	14278
28823	128	180	80	15065	0	15453
28824	101	15633	118	250	0	16102
28825	123	179	99	14982	0	15383
28826	123	15647	110	136	0	16016
28827	129	199	14987	157	0	15472
28828	117	225	205	14842	0	15389
28829	103	138	215	14641	0	15097
28830	120	15366	116	259	0	15861
28831	125	15694	99	182	0	16100
28832	147	326	81	14104	0	14658
28833	104	15442	128	178	0	15852
28834	14608	229	125	193	0	15155
28835	212	247	111	14803	0	15373
28836	217	15467	140	171	0	15995
28837	14862	227	117	190	0	15396
28838	206	15150	149	74	0	15579
28839	218	232	14636	111	0	15197
28840	142	253	232	14454	0	15081
28841	14564	154	243	181	0	15142
28842	253	117	15005	184	0	15559
28843	239	154	255	13711	0	14359
28844	162	14716	255	169	0	15302
28845	151	249	14406	154	0	14960
28846	149	14960	280	86	0	15475
28847	14143	233	260	73	0	14709
28848	14289	226	217	43	0	14775
28849	336	14567	214	61	0	15178
28850	14399	212	206	61	0	14878
28851	248	217	14297	65	0	14827
28852	211	140	313	13525	0	14189
28853	128	148	297	13157	0	13730
28854	141	14348	190	251	0	14930
28855	15236	228	201	163	0	15828
28856	15967	239	180	76	0	16462
28857	319	162	16024	47	0	16552
28858	15685	140	270	52	0	16147
28859	16082	150	258	59	0	16549
28860	16201	127	195	63	0	16586
28861	318	144	164	15634	0	16260
28862	215	158	133	15597	0	16103
28863	138	16072	134	260	0	16604
28864	15599	253	134	194	0	16180
28865	15459	248	117	101	0	15925
28866	325	15880	112	87	0	16404
28867	238	268	106	14614	0	15226
28868	126	15284	101	224	0	15735
28869	108	15762	114	192	0	16176
28870	14983	352	109	102	0	15546
28871	206	249	15162	148	0	15765
28872	165	116	12794	57	0	13132
28873	65	12749	169	70	0	13053
28874	11081	104	139	43	0	11367
28875	78	100	11433	39	0	11650
28876	98	10793	63	49	0	11003
28877	10448	50	45	15	0	10558
28878	66	55	10327	15	0	10463
28879	51	17	55	9744	0	9867
28880	10750	25	49	46	0	10870
28881	56	32	11175	58	0	11321
28882	108	25	11793	19	0	11945
28883	19	27	12459	18	0	12523
28884	14	24	12354	26	0	12418
28885	10422	50	132	23	0	10627
28886	12342	25	71	12	0	12450
28887	97	12718	16	22	0	12853
28888	62	70	12	12714	0	12858
28889	20	65	10	13243	0	13338
28890	15	13322	11	116	0	13464
28891	14	87	9	13100	0	13210
28892	19	13825	11	78	0	13933
28893	15	13889	22	84	0	14010
28894	17	146	18	13531	0	13712
28895	15	95	13751	87	0	13948
28896	16	13940	88	89	0	14133
28897	20	90	81	13791	0	13982
28898	13815	88	25	76	0	14004
28899	89	32	13922	78	0	14121
28900	13449	20	96	26	0	13591
28901	13998	17	83	21	0	14119
28902	173	19	25	14181	0	14398
28903	102	19	15096	104	0	15321
28904	44	28	15205	94	0	15371
28905	15	15875	214	37	0	16141
28906	23	155	126	15162	0	15466
28907	28	119	15647	108	0	15902
28908	38	28	15765	118	0	15949
28909	24	15966	236	43	0	16269
28910	15801	123	145	20	0	16089
28911	15843	127	42	19	0	16031
28912	229	52	30	16359	0	16670
28913	154	21	17403	145	0	17723
28914	36	21	17434	148	0	17639
28915	31	17818	303	73	0	18225
28916	39	149	18162	34	0	18384
28917	36	162	17995	29	0	18222
28918	22	110	329	15177	0	15638
28919	19	30	17967	167	0	18183
28920	15872	21	200	163	0	16256
28921	143	26	184	17755	0	18108
28922	159	36	18535	159	0	18889
28923	35	18626	190	178	0	19029
28924	33	149	180	18599	0	18961
28925	37	165	18941	161	0	19304
28926	21	19441	197	175	0	19834
28927	36	189	182	18300	0	18707
28928	29	19808	66	183	0	20086
28929	27	191	57	19590	0	19865
28930	26	169	63	19709	0	19967
28931	23	60	19637	337	0	20057
28932	27	19821	215	202	0	20265
28933	22	178	207	19703	0	20110
28934	25	175	86	19677	0	19963
28935	25	69	73	20123	0	20290
28936	27	48	19684	360	0	20119
28937	39	19524	212	249	0	20024
28938	30	199	223	19478	0	19930
28939	57	195	19618	196	0	20066
28940	36	19658	214	234	0	20142
28941	31	193	219	19458	0	19901
28942	35	192	19978	213	0	20418
28943	22	20022	239	223	0	20506
28944	29	210	218	19282	0	19739
28945	33	202	84	20117	0	20436
28946	35	77	20874	346	0	21332
28947	17724	66	251	253	0	18294
28948	159	20738	224	127	0	21248
28949	20725	208	100	105	0	21138
28950	208	217	20982	89	0	21496
28951	20631	79	245	106	0	21061
28952	202	75	231	20633	0	21141
28953	182	72	114	21593	0	21961
28954	69	68	21510	372	0	22019
28955	18688	65	264	268	0	19285
28956	19620	72	261	97	0	20050
28957	312	20047	105	112	0	20576
28958	189	20645	100	112	0	21046
28959	20492	355	97	95	0	21039
28960	203	244	20733	124	0	21304
28961	187	22070	266	116	0	22639
28962	70	255	245	22228	0	22798
28963	60	210	106	22678	0	23054
28964	62	83	22707	406	0	23258
28965	20580	79	274	276	0	21209
28966	229	70	23183	124	0	23606
28967	22191	85	293	98	0	22667
28968	246	78	24276	101	0	24701
28969	208	24229	304	107	0	24848
28970	24440	242	284	98	0	25064
28971	24422	229	127	94	0	24872
28972	24345	83	103	98	0	24629
28973	24409	82	112	83	0	24686
28974	420	88	105	24015	0	24628
28975	254	88	24311	273	0	24926
28976	108	84	289	23152	0	23633
28977	86	24403	250	268	0	25007
28978	74	282	135	24311	0	24802
28979	87	228	24365	279	0	24959
28980	84	96	24402	241	0	24823
28981	74	87	399	23421	0	23981
28982	23389	71	294	263	0	24017
28983	22842	60	132	230	0	23264
28984	22927	67	114	111	0	23219
28985	390	74	23244	108	0	23816
28986	267	67	23253	96	0	23683
28987	98	23296	374	94	0	23862
28988	83	23256	233	104	0	23676
28989	22437	315	231	73	0	23056
28990	22123	202	134	76	0	22535
28991	317	23268	83	108	0	23776
28992	23127	186	75	81	0	23469
28993	22704	184	73	66	0	23027
28994	327	23233	72	83	0	23715
28995	23538	189	81	67	0	23875
28996	23141	178	68	76	0	23463
28997	328	23826	82	77	0	24313
28998	23887	191	80	79	0	24237
28999	23639	178	86	64	0	23967
29000	359	78	24083	72	0	24592
29001	223	75	24030	63	0	24391
29002	112	23749	325	80	0	24266
29003	78	23686	244	58	0	24066
29004	23267	290	237	63	0	23857
29005	22722	157	89	30	0	22998
29006	22295	65	46	41	0	22447
29007	258	22720	57	43	0	23078
29008	174	151	38	22567	0	22930
29009	93	144	22884	134	0	23255
29010	85	127	142	21538	0	21892
29011	77	22986	146	115	0	23324
29012	22056	110	53	97	0	22316
29013	130	21886	38	39	0	22093
29014	115	112	31	21427	0	21685
29015	22816	93	30	116	0	23055
29016	22676	31	35	78	0	22820
29017	241	41	23056	25	0	23363
29018	22810	30	130	23	0	22993
29019	24315	37	109	25	0	24486
29020	24464	30	44	27	0	24565
29021	269	42	35	23227	0	23573
29022	163	24112	42	135	0	24452
29023	86	128	35	24418	0	24667
29024	83	139	24980	144	0	25346
29025	67	25425	162	158	0	25812
29026	63	158	159	24560	0	24940
29027	77	155	25176	134	0	25542
29028	89	25016	134	148	0	25387
29029	93	144	139	23787	0	24163
29030	95	156	25107	122	0	25480
29031	20285	44	195	214	0	20738
29032	165	41	25464	47	0	25717
29033	179	56	25212	50	0	25497
29034	73	25744	257	48	0	26122
29035	76	170	158	25319	0	25723
29036	84	197	53	23569	0	23903
29037	69	25603	81	245	0	25998
29038	97	152	54	25208	0	25511
29039	25930	170	33	168	0	26301
29040	25965	43	37	153	0	26198
29041	332	47	25891	35	0	26305
29042	24978	64	155	53	0	25250
29043	26405	52	176	43	0	26676
29044	343	69	26754	50	0	27216
29045	218	27015	173	54	0	27460
29046	86	26736	200	44	0	27066
29047	152	364	60	21903	0	22479
29048	90	26361	69	126	0	26646
29049	97	211	25180	146	0	25634
29050	119	209	25440	32	0	25800
29051	104	25986	301	38	0	26429
29052	25700	196	177	32	0	26105
29053	26119	200	39	36	0	26394
29054	26321	67	39	44	0	26471
29055	26289	65	55	48	0	26457
29056	25245	67	52	42	0	25406
29057	339	25691	58	47	0	26135
29058	239	192	25226	39	0	25696
29059	92	204	168	24785	0	25249
29060	24214	77	183	162	0	24636
29061	205	24117	44	202	0	24568
29062	232	286	44	23324	0	23886
29063	113	178	23833	154	0	24278
29064	86	23466	171	189	0	23912
29065	60	23851	183	57	0	24151
29066	22460	388	126	173	0	23147
29067	154	22694	33	33	0	22914
29068	180	152	34	21377	0	21743
29069	21591	147	25	120	0	21883
29070	21498	36	29	140	0	21703
29071	21676	36	36	23	0	21771
29072	267	44	21247	51	0	21609
29073	162	21514	128	38	0	21842
29074	21892	129	143	26	0	22190
29075	140	160	24	21493	0	21817
29076	21750	35	36	135	0	21956
29077	159	21613	33	191	0	21996
29078	22529	142	28	30	0	22729
29079	24282	166	22	26	0	24496
29080	348	39	15	24093	0	24495
29081	246	44	25314	185	0	25789
29082	75	34	197	25493	0	25799
29083	25463	40	207	215	0	25925
29084	25396	38	52	220	0	25706
29085	409	25476	48	61	0	25994
29086	24593	199	41	35	0	24868
29087	217	25317	43	49	0	25626
29088	25243	215	32	38	0	25528
29089	24666	234	31	46	0	24977
29090	394	66	25068	41	0	25569
29091	233	25149	202	60	0	25644
29092	75	215	216	25040	0	25546
29093	67	227	51	25299	0	25644
29094	63	61	39	23958	0	24121
29095	60	24782	55	416	0	25313
29096	69	241	24648	211	0	25169
29097	95	234	24997	49	0	25375
29098	65	29379	404	83	0	29931
29099	29130	297	253	43	0	29723
29100	307	317	29356	71	0	30051
29101	27780	81	305	48	0	28214
29102	328	28697	297	68	0	29390
29103	331	320	29018	43	0	29712
29104	102	301	296	28374	0	29073
29105	94	84	29717	294	0	30189
29106	94	61	29949	321	0	30425
29107	152	76	554	24871	0	25653
29108	88	29142	331	226	0	29787
29109	77	29601	74	256	0	30008
29110	29242	551	53	49	0	29895
29111	347	339	29258	52	0	29996
29112	28656	112	303	53	0	29124
29113	29038	75	325	35	0	29473
29114	541	29653	79	66	0	30339
29115	28434	293	51	35	0	28813
29116	28292	292	45	37	0	28666
29117	27243	61	42	40	0	27386
29118	527	27246	55	76	0	27904
29119	296	25403	59	38	0	25796
29120	86	26391	41	35	0	26553
29121	25963	467	231	23	0	26684
29122	25744	282	76	56	0	26158
29123	529	72	25372	31	0	26004
29124	294	64	24520	24	0	24902
29125	24301	43	432	34	0	24810
29126	24831	59	240	32	0	25162
29127	25257	36	55	45	0	25393
29128	476	39	45	24555	0	25115
29129	270	50	40	25008	0	25368
29130	84	54	44	25356	0	25538
29131	82	39	66	25453	0	25640
29132	90	71	24865	431	0	25457
29133	84	57	24702	243	0	25086
29134	107	54	24776	33	0	24970
29135	95	48	24405	54	0	24602
29136	23135	51	447	41	0	23674
29137	259	24467	260	63	0	25049
29138	268	25093	70	60	0	25491
29139	24677	409	68	68	0	25222
29140	289	257	24749	37	0	25332
29141	274	66	24107	42	0	24489
29142	22942	76	490	50	0	23558
29143	23930	64	260	43	0	24297
29144	436	24242	67	52	0	24797
29145	297	215	72	24085	0	24669
29146	24500	228	62	214	0	25004
29147	24804	69	50	223	0	25146
29148	474	93	45	24245	0	24857
29149	292	25621	60	232	0	26205
29150	25509	248	47	222	0	26026
29151	320	264	25349	60	0	25993
29152	24418	80	264	48	0	24810
29153	272	25365	262	61	0	25960
29154	25615	264	104	56	0	26039
29155	25180	247	78	56	0	25561
29156	462	75	25590	57	0	26184
29157	261	66	25450	70	0	25847
29158	24999	74	487	46	0	25606
29159	25839	70	277	45	0	26231
29160	451	26339	108	52	0	26950
29161	288	252	98	26464	0	27102
29162	120	242	26502	244	0	27108
29163	25540	70	272	218	0	26100
29164	295	71	253	26417	0	27036
29165	284	69	76	26729	0	27158
29166	26571	54	86	419	0	27130
29167	264	27638	103	261	0	28266
29168	28029	237	92	76	0	28434
29169	27922	239	93	56	0	28310
29170	28303	76	72	37	0	28488
29171	490	28179	81	55	0	28805
29172	28351	267	63	43	0	28724
29173	326	257	62	28113	0	28758
29174	312	73	84	27975	0	28444
29175	193	65	28245	425	0	28928
29176	225	68	27928	243	0	28464
29177	151	28259	450	77	0	28937
29178	139	28758	243	72	0	29212
29179	216	355	26648	45	0	27264
29180	89	27418	231	51	0	27789
29181	26514	287	243	65	0	27109
29182	26713	184	36	37	0	26970
29183	27138	58	31	41	0	27268
29184	429	42	43	25621	0	26135
29185	235	36	51	26782	0	27104
29186	121	46	27209	357	0	27733
29187	83	27035	209	218	0	27545
29188	26412	216	196	52	0	26876
29189	223	27114	59	49	0	27445
29190	26774	216	41	29	0	27060
29191	26518	195	48	30	0	26791
29192	422	39	52	25825	0	26338
29193	255	33	54	26313	0	26655
29194	107	37	38	26935	0	27117
29195	135	57	26051	391	0	26634
29196	77	25851	210	273	0	26411
29197	49	25789	195	103	0	26136
29198	55	20980	30	39	0	21104
29199	30	20860	33	41	0	20964
29200	56	20933	35	35	0	21059
29201	18275	176	66	30	0	18547
29202	115	132	19840	20	0	20107
29203	123	20271	79	49	0	20522
29204	59	110	19129	31	0	19329
29205	44	20216	82	53	0	20395
29206	71	188	109	15615	0	15983
29207	55	128	24	18630	0	18837
29208	40	19939	27	151	0	20157
29209	19110	96	23	111	0	19340
29210	104	123	19225	44	0	19496
29211	113	19829	92	41	0	20075
29212	57	109	19362	29	0	19557
29213	48	122	87	19017	0	19274
29214	59	54	107	18018	0	18238
29215	39	19394	37	169	0	19639
29216	52	100	20	19354	0	19526
29217	39	121	24	19294	0	19478
29218	42	19599	36	188	0	19865
29219	52	100	18997	120	0	19269
29220	56	134	19174	40	0	19404
29221	17620	54	179	44	0	17897
29222	19561	52	113	31	0	19757
29223	182	41	37	19129	0	19389
29224	125	58	19372	109	0	19664
29225	64	43	84	18312	0	18503
29226	48	19932	118	121	0	20219
29227	59	109	19723	120	0	20011
29228	47	19725	93	59	0	19924
29229	48	120	19434	56	0	19658
29230	32	19731	106	41	0	19910
29231	19352	124	105	49	0	19630
29232	110	125	44	19077	0	19356
29233	126	78	28	19006	0	19238
29234	55	75	19287	181	0	19598
29235	60	78	18773	135	0	19046
29236	38	19229	173	70	0	19510
29237	19134	112	135	48	0	19429
29238	102	122	49	18667	0	18940
29239	116	77	19399	93	0	19685
29240	41	83	18713	106	0	18943
29241	16275	53	187	68	0	16583
29242	17989	68	116	44	0	18217
29243	185	64	18730	43	0	19022
29244	125	83	108	17335	0	17651
29245	57	18757	113	98	0	19025
29246	18614	95	47	113	0	18869
29247	97	18645	46	63	0	18851
29248	17641	83	33	52	0	17809
29249	78	17855	36	66	0	18035
29250	77	18053	41	53	0	18224
29251	40	157	31	17869	0	18097
29252	40	120	34	17937	0	18131
29253	28	18029	35	169	0	18261
29254	37	93	17343	94	0	17567
29255	48	133	17656	38	0	17875
29256	46	51	17700	52	0	17849
29257	15852	35	159	52	0	16098
29258	17261	47	101	51	0	17460
29259	136	18263	48	56	0	18503
29260	103	150	17967	42	0	18262
29261	32	162	91	17768	0	18053
29262	33	66	19398	119	0	19616
29263	34	76	19944	149	0	20203
29264	20	48	237	21213	0	21518
29265	33	53	159	22771	0	23016
29266	40	62	24596	348	0	25046
29267	22400	56	225	287	0	22968
29268	211	25951	273	116	0	26551
29269	251	26831	92	69	0	27243
29270	72	532	56	25518	0	26178
29271	26697	352	47	237	0	27333
29272	265	27485	66	326	0	28142
29273	27156	319	35	80	0	27590
29274	310	27866	63	70	0	28309
29275	28699	355	48	65	0	29167
29276	379	372	28672	60	0	29483
29277	387	139	29021	53	0	29600
29278	156	152	626	27209	0	28143
29279	99	81	27966	316	0	28462
29280	64	26644	394	337	0	27439
29281	63	26892	360	102	0	27417
29282	26612	591	137	71	0	27411
29283	330	406	100	24862	0	25698
29284	333	26800	85	311	0	27529
29285	27080	334	60	314	0	27788
29286	26464	358	58	77	0	26957
29287	27423	143	57	56	0	27679
29288	707	85	55	26767	0	27614
29289	447	73	63	27187	0	27770
29290	172	78	27275	668	0	28193
29291	121	74	27168	441	0	27804
29292	26486	63	652	137	0	27338
29293	373	82	413	26433	0	27301
29294	423	82	26871	357	0	27733
29295	26081	67	361	400	0	26909
29296	373	27617	398	168	0	28556
29297	28007	339	153	86	0	28585
29298	28020	377	97	90	0	28584
29299	28238	125	80	105	0	28548
29300	832	61	27499	122	0	28514
29301	27240	60	376	98	0	27774
29302	525	63	404	25284	0	26276
29303	472	26118	182	335	0	27107
29304	231	27573	121	376	0	28301
29305	27444	628	106	123	0	28301
29306	27485	420	99	80	0	28084
29307	27913	131	85	92	0	28221
29308	840	103	86	26860	0	27889
29309	564	108	76	27160	0	27908
29310	288	112	59	25415	0	25874
29311	220	27090	67	715	0	28092
29312	26954	372	77	449	0	27852
29313	27157	396	73	163	0	27789
29314	27627	158	66	135	0	27986
29315	873	120	27184	166	0	28343
29316	27442	130	374	126	0	28072
29317	592	142	411	25184	0	26329
29318	582	26913	171	343	0	28009
29319	26606	420	85	399	0	27510
29320	26253	414	95	177	0	26939
29321	869	172	26848	136	0	28025
29322	628	128	391	25293	0	26440
29323	286	27009	438	403	0	28136
29324	27530	425	157	426	0	28538
29325	582	459	101	27370	0	28512
29326	607	188	123	27088	0	28006
29327	328	134	123	27624	0	28209
29328	257	131	127	28433	0	28948
29329	249	152	27803	902	0	29106
29330	241	27820	436	603	0	29100
29331	271	496	449	27474	0	28690
29332	301	510	28000	543	0	29354
29333	27404	229	465	570	0	28668
29334	28305	172	498	289	0	29264
29335	899	176	218	28108	0	29401
29336	28543	189	165	563	0	29460
29337	28798	185	157	578	0	29718
29338	992	182	28479	302	0	29955
29339	744	28219	493	233	0	29689
29340	28504	464	505	241	0	29714
29341	654	498	273	28490	0	29915
29342	29267	207	212	529	0	30215
29343	718	172	180	28772	0	29842
29344	681	178	195	28954	0	30008
29345	402	180	28404	927	0	29913
29346	25319	164	493	711	0	26687
29347	644	28554	528	342	0	30068
29348	725	480	28450	307	0	29962
29349	403	28779	472	318	0	29972
29350	28175	554	516	226	0	29471
29351	714	516	226	27849	0	29305
29352	27849	220	179	542	0	28790
29353	702	27936	170	636	0	29444
29354	28786	489	139	321	0	29735
29355	28914	488	176	256	0	29834
29356	29180	196	178	243	0	29797
29357	28673	139	151	238	0	29201
29358	1088	28125	195	277	0	29685
29359	27886	442	171	200	0	28699
29360	785	488	163	27137	0	28573
29361	721	285	125	26242	0	27373
29362	473	25074	127	761	0	26435
29363	453	24759	119	524	0	25855
29364	384	23772	119	202	0	24477
29365	21884	612	161	148	0	22805
29366	461	20209	96	152	0	20918
29367	422	18035	73	107	0	18637
29368	17606	416	290	107	0	18419
29369	16982	237	52	90	0	17361
29370	457	17224	55	108	0	17844
29371	16989	214	55	90	0	17348
29372	298	240	16425	69	0	17032
29373	15778	106	184	97	0	16165
29374	307	102	16136	110	0	16655
29375	219	14631	134	84	0	15068
29376	121	14864	139	69	0	15193
29377	323	340	152	13790	0	14605
29378	14491	132	68	129	0	14820
29379	14736	64	31	136	0	14967
29380	14969	62	29	74	0	15134
29381	15000	52	37	62	0	15151
29382	14720	59	47	61	0	14887
29383	257	70	14343	60	0	14730
29384	164	83	13839	62	0	14148
29385	14207	57	180	67	0	14511
29386	178	14726	118	82	0	15104
29387	14421	97	62	65	0	14645
29388	14820	111	29	48	0	15008
29389	15302	43	23	67	0	15435
29390	15238	45	41	44	0	15368
29391	15211	49	27	73	0	15360
29392	225	59	15178	47	0	15509
29393	15372	55	90	72	0	15589
29394	15604	51	114	67	0	15836
29395	218	75	15522	80	0	15895
29396	14510	55	85	61	0	14711
29397	15009	63	114	79	0	15265
29398	238	61	15958	68	0	16325
29399	186	73	15778	56	0	16093
29400	137	16174	156	50	0	16517
29401	122	119	114	16045	0	16400
29402	160	108	16384	109	0	16761
29403	16234	53	112	109	0	16508
29404	210	48	110	17464	0	17832
29405	179	62	18075	104	0	18420
29406	17377	50	119	113	0	17659
29407	18013	61	104	49	0	18227
29408	18151	58	63	53	0	18325
29409	245	18853	36	81	0	19215
29410	200	109	31	18169	0	18509
29411	138	18956	47	103	0	19244
29412	18916	116	57	109	0	19198
29413	18575	131	56	64	0	18826
29414	232	83	18902	48	0	19265
29415	166	18522	111	40	0	18839
29416	89	18553	103	27	0	18772
29417	102	174	42	18162	0	18480
29418	96	126	30	18387	0	18639
29419	18130	49	21	149	0	18349
29420	168	18415	30	139	0	18752
29421	186	18343	22	43	0	18594
29422	175	185	18075	33	0	18468
29423	102	18907	85	37	0	19131
29424	18427	104	104	37	0	18672
29425	176	116	18256	32	0	18580
29426	14645	52	98	49	0	14844
29427	128	42	17642	26	0	17838
29428	13295	36	97	61	0	13489
29429	80	18192	53	23	0	18348
29430	18747	84	16	20	0	18867
29431	127	84	19663	11	0	19885
29432	19398	23	99	21	0	19541
29433	19737	17	88	14	0	19856
29434	186	33	20487	5	0	20711
29435	20044	26	86	11	0	20167
29436	21005	19	72	11	0	21107
29437	20544	15	19	14	0	20592
29438	182	20591	23	28	0	20824
29439	20929	94	22	15	0	21060
29440	141	85	21381	7	0	21614
29441	97	22217	116	27	0	22457
29442	22203	95	103	10	0	22411
29443	21763	90	23	12	0	21888
29444	22122	21	17	18	0	22178
29445	196	22346	23	29	0	22594
29446	115	103	18	25738	0	25974
29447	49	121	25835	161	0	26166
29448	36	24	178	25640	0	25878
29449	38	24	26669	214	0	26945
29450	24108	21	202	192	0	24523
29451	194	26856	191	32	0	27273
29452	211	208	33	25725	0	26177
29453	47	27076	28	167	0	27318
29454	40	201	19	26861	0	27121
29455	39	205	24	26219	0	26487
29456	37	27735	22	377	0	28171
29457	44	212	23	27768	0	28047
29458	45	226	25	28177	0	28473
29459	35	29079	27	415	0	29556
29460	41	29558	44	283	0	29926
29461	46	460	39	29505	0	30050
29462	76	282	29599	260	0	30217
29463	57	30139	258	316	0	30770
29464	62	260	273	29651	0	30246
29465	97	304	31476	270	0	32147
29466	53	31769	279	322	0	32423
29467	31374	296	298	65	0	32033
29468	312	344	31499	57	0	32212
29469	30195	60	295	64	0	30614
29470	318	67	306	30792	0	31483
29471	322	73	51	31111	0	31557
29472	62	67	43	31398	0	31570
29473	84	78	31030	613	0	31805
29474	70	81	30877	353	0	31381
29475	28106	81	577	114	0	28878
29476	305	72	338	30693	0	31408
29477	347	79	31105	339	0	31870
29478	29628	93	314	364	0	30399
29479	334	84	343	30624	0	31385
29480	372	70	93	30778	0	31313
29481	118	94	61	30085	0	30358
29482	87	31024	79	643	0	31833
29483	90	348	65	29063	0	29566
29484	83	30579	73	360	0	31095
29485	85	31144	78	374	0	31681
29486	30609	615	79	114	0	31417
29487	29360	350	95	129	0	29934
29488	30434	102	86	102	0	30724
29489	598	30073	98	139	0	30908
29490	30027	330	76	114	0	30547
29491	30035	338	86	133	0	30592
29492	618	90	109	29387	0	30204
29493	369	105	92	29654	0	30220
29494	136	93	29456	650	0	30335
29495	77	29603	364	453	0	30497
29496	29084	355	357	164	0	29960
29497	28630	372	114	129	0	29245
29498	593	28860	108	154	0	29715
29499	28658	359	85	139	0	29241
29500	28176	365	70	181	0	28792
29501	615	148	74	27230	0	28067
29502	400	27848	99	380	0	28727
29503	145	28270	100	393	0	28908
29504	27522	595	92	198	0	28407
29505	362	393	78	27024	0	27857
29506	367	160	27073	420	0	28020
29507	25641	135	343	436	0	26555
29508	375	152	27513	187	0	28227
29509	375	26571	341	200	0	27487
29510	26334	356	372	177	0	27239
29511	386	377	26490	199	0	27452
29512	393	178	364	26127	0	27062
29513	162	143	27305	467	0	28077
29514	128	27081	387	512	0	28108
29515	173	412	382	26845	0	27812
29516	190	422	26980	416	0	28008
29517	24665	160	340	485	0	25650
29518	371	27406	344	243	0	28364
29519	395	402	123	25193	0	26113
29520	164	27548	144	427	0	28283
29521	26768	434	124	416	0	27742
29522	26385	407	110	268	0	27170
29523	590	26464	149	294	0	27497
29524	426	424	133	25173	0	26156
29525	165	26785	140	405	0	27495
29526	26146	391	164	457	0	27158
29527	396	419	26314	227	0	27356
29528	404	249	25990	198	0	26841
29529	188	25475	555	199	0	26417
29530	169	25211	408	178	0	25966
29531	138	606	222	24091	0	25057
29532	23876	400	143	329	0	24748
29533	23920	147	158	351	0	24576
29534	23131	114	136	175	0	23556
29535	604	23896	137	218	0	24855
29536	423	288	137	22431	0	23279
29537	216	23902	131	374	0	24623
29538	23533	315	161	402	0	24411
29539	337	344	150	23097	0	23928
29540	403	130	22694	364	0	23591
29541	168	22108	329	405	0	23010
29542	21694	289	353	160	0	22496
29543	378	334	21967	137	0	22816
29544	20949	167	263	174	0	21553
29545	337	21527	278	194	0	22336
29546	259	18379	58	84	0	18780
29547	17716	300	75	82	0	18173
29548	188	18321	53	91	0	18653
29549	17318	195	98	67	0	17678
29550	186	17714	57	65	0	18022
29551	17514	183	80	59	0	17836
29552	17393	170	68	58	0	17689
29553	314	94	17765	46	0	18219
29554	219	109	17272	45	0	17645
29555	109	17399	242	42	0	17792
29556	16671	152	212	47	0	17082
29557	160	157	16425	52	0	16794
29558	14988	59	178	40	0	15265
29559	124	140	129	14917	0	15310
29560	112	52	15342	79	0	15585
29561	46	39	14753	80	0	14918
29562	68	44	15235	33	0	15380
29563	54	14949	122	23	0	15148
29564	165	302	325	13685	0	14477
29565	13222	28	37	18	0	13305
29566	19	6	8	13300	0	13333
29567	13430	7	7	20	0	13464
29568	35	6	5	13434	0	13480
29569	13648	5	5	34	0	13692
29570	13741	5	14	46	0	13806
29571	15522	9	7	12	0	15550
29572	84	16243	7	27	0	16361
29573	78	81	16412	14	0	16585
29574	25	77	72	16299	0	16473
29575	80	173	135	10564	0	10952
29576	23	20	16	16907	0	16966
29577	16	17	10	16540	0	16583
29578	21	16371	16	169	0	16577
29579	28	97	15909	109	0	16143
29580	24	16461	87	42	0	16614
29581	25	121	86	15382	0	15614
29582	21	93	22	16347	0	16483
29583	12	33	15	16550	0	16610
29584	23	20	17	16325	0	16385
29585	16	16119	19	192	0	16346
29586	22	16117	21	122	0	16282
29587	24	168	15765	36	0	15993
29588	21	95	94	15766	0	15976
29589	17	36	95	16070	0	16218
29590	20	25	21	16536	0	16602
29591	16529	34	16	189	0	16768
29592	92	16710	18	134	0	16954
29593	128	101	16525	47	0	16801
29594	16290	102	86	33	0	16511
29595	113	34	93	16799	0	17039
29596	17219	31	30	114	0	17394
29597	127	26	19	17317	0	17489
29598	17622	27	14	132	0	17795
29599	126	21	17	17582	0	17746
29600	17420	17	31	126	0	17594
29601	143	38	18172	124	0	18477
29602	136	23	101	17510	0	17770
29603	43	18636	120	112	0	18911
29604	48	110	34	18815	0	19007
29605	18585	117	28	142	0	18872
29606	123	19095	33	140	0	19391
29607	124	122	24	19481	0	19751
29608	37	19818	29	159	0	20043
29609	42	155	20	19878	0	20095
29610	36	144	30	19925	0	20135
29611	47	63	19651	270	0	20031
29612	44	34	128	19005	0	19211
29613	54	39	19090	183	0	19366
29614	29	18721	170	211	0	19131
29615	18544	146	149	67	0	18906
29616	157	159	18749	65	0	19130
29617	17915	47	149	63	0	18174
29618	19411	33	152	76	0	19672
29619	271	36	41	19612	0	19960
29620	177	44	20713	193	0	21127
29621	19818	29	177	220	0	20244
29622	21443	25	178	89	0	21735
29623	308	34	49	21067	0	21458
29624	201	37	44	21138	0	21420
29625	59	21784	54	357	0	22254
29626	73	217	36	21327	0	21653
29627	59	22068	38	213	0	22378
29628	64	178	21741	211	0	22194
29629	33	165	163	21442	0	21803
29630	21052	48	151	206	0	21457
29631	21299	29	27	203	0	21558
29632	283	21600	44	108	0	22035
29633	167	170	29	21640	0	22006
29634	21740	168	37	193	0	22138
29635	171	21237	29	216	0	21653
29636	21376	182	21	81	0	21660
29637	182	175	32	21887	0	22276
29638	23026	45	39	243	0	23353
29639	224	74	24844	240	0	25382
29640	213	25373	222	121	0	25929
29641	24757	243	226	83	0	25309
29642	204	26163	71	112	0	26550
29643	26492	235	49	97	0	26873
29644	26718	245	44	110	0	27117
29645	480	77	26932	102	0	27591
29646	297	53	255	25981	0	26586
29647	27325	60	275	306	0	27966
29648	295	58	27278	296	0	27927
29649	26958	61	260	104	0	27383
29650	289	58	259	27285	0	27891
29651	292	63	27267	313	0	27935
29652	93	41	254	26843	0	27231
29653	26441	60	269	319	0	27089
29654	296	65	27552	310	0	28223
29655	308	63	247	27318	0	27936
29656	96	65	276	27598	0	28035
29657	27770	40	68	531	0	28409
29658	27193	45	64	323	0	27625
29659	514	28405	60	147	0	29126
29660	327	254	66	28120	0	28767
29661	131	281	67	28075	0	28554
29662	139	66	61	28010	0	28276
29663	27630	61	63	531	0	28285
29664	27574	64	75	340	0	28053
29665	575	74	49	27136	0	27834
29666	359	27572	67	328	0	28326
29667	174	297	57	25684	0	26212
29668	156	27962	64	311	0	28493
29669	27210	272	71	325	0	27878
29670	328	26975	111	143	0	27557
29671	25156	240	58	95	0	25549
29672	312	251	62	24524	0	25149
29673	24670	64	85	256	0	25075
29674	321	64	24852	302	0	25539
29675	292	25603	244	124	0	26263
29676	25314	203	287	107	0	25911
29677	25469	209	81	134	0	25893
29678	464	68	72	24523	0	25127
29679	292	25552	106	255	0	26205
29680	164	236	62	26453	0	26915
29681	146	200	91	26274	0	26711
29682	154	74	75	26341	0	26644
29683	26214	57	78	470	0	26819
29684	26287	90	74	315	0	26766
29685	509	67	65	25401	0	26042
29686	341	26486	63	330	0	27220
29687	26567	211	79	323	0	27180
29688	327	241	26546	183	0	27297
29689	377	104	218	26433	0	27132
29690	194	102	27132	365	0	27793
29691	185	118	235	26523	0	27061
29692	169	96	27476	366	0	28107
29693	202	115	241	26895	0	27453
29694	27235	101	253	328	0	27917
29695	26971	123	80	325	0	27499
29696	549	26795	88	195	0	27627
29697	27493	258	88	185	0	28024
29698	395	279	85	27173	0	27932
29699	422	118	109	27088	0	27737
29700	27329	131	148	491	0	28099
29701	457	126	27557	352	0	28492
29702	462	131	27592	191	0	28376
29703	259	147	27979	229	0	28614
29704	25721	130	426	243	0	26520
29705	430	114	28606	237	0	29387
29706	442	121	27454	246	0	28263
29707	25631	111	451	225	0	26418
29708	380	28650	298	248	0	29576
29709	429	193	128	28933	0	29683
29710	232	255	119	29271	0	29877
29711	273	124	29988	501	0	30886
29712	29006	117	244	421	0	29788
29713	30108	75	284	274	0	30741
29714	29155	97	149	308	0	29709
29715	515	132	30356	279	0	31282
29716	28298	99	277	313	0	28987
29717	420	135	29578	284	0	30417
29718	378	29587	241	358	0	30564
29719	294	29773	243	258	0	30568
29720	28555	343	128	252	0	29278
29721	333	28427	99	272	0	29131
29722	336	28658	101	304	0	29399
29723	28236	350	96	280	0	28962
29724	323	28719	116	267	0	29425
29725	28462	219	91	248	0	29020
29726	387	249	103	28995	0	29734
29727	388	130	100	29208	0	29826
29728	224	166	127	29386	0	29903
29729	246	154	99	28499	0	28998
29730	228	29159	148	465	0	30000
29731	29009	239	111	337	0	29696
29732	372	32150	140	210	0	32872
29733	387	32446	146	250	0	33229
29734	297	479	34156	216	0	35148
29735	30368	329	381	254	0	31332
29736	473	132	36351	166	0	37122
29737	495	135	36613	167	0	37410
29738	189	36891	548	171	0	37799
29739	97	37037	279	121	0	37534
29740	35151	519	168	102	0	35940
29741	313	37360	108	151	0	37932
29742	300	309	39110	85	0	39804
29743	92	34530	392	113	0	35127
29744	88	262	38846	64	0	39260
29745	81	242	38098	41	0	38462
29746	34728	93	563	49	0	35433
29747	301	35	38362	41	0	38739
29748	268	29	308	36209	0	36814
29749	36167	22	290	249	0	36728
29750	225	36151	91	311	0	36778
29751	279	233	37432	64	0	38008
29752	35971	231	290	48	0	36540
29753	277	56	287	33386	0	34006
29754	268	33239	95	252	0	33854
29755	82	232	36141	258	0	36713
29756	34109	224	285	56	0	34674
29757	295	56	36702	24	0	37077
29758	268	20	310	34933	0	35531
29759	91	38	35953	287	0	36369
29760	44	21	321	35135	0	35521
29761	34718	26	278	299	0	35321
29762	234	35718	98	329	0	36379
29763	35871	262	38	66	0	36237
29764	323	262	36039	34	0	36658
29765	288	77	297	34617	0	35279
29766	75	49	37033	292	0	37449
29767	34899	31	325	283	0	35538
29768	35903	28	282	64	0	36277
29769	526	36913	96	83	0	37618
29770	37182	268	51	25	0	37526
29771	36870	277	76	23	0	37246
29772	567	49	53	35981	0	36650
29773	346	44	36941	292	0	37623
29774	89	34972	298	333	0	35692
29775	75	261	307	34361	0	35004
29776	34964	281	83	260	0	35588
29777	301	97	35596	269	0	36263
29778	314	48	35565	57	0	35984
29779	81	60	35051	33	0	35225
29780	32798	48	627	47	0	33520
29781	316	41	34887	29	0	35273
29782	32854	34	362	39	0	33289
29783	363	45	32455	29	0	32892
29784	352	33738	342	76	0	34508
29785	101	284	320	33220	0	33925
29786	75	301	33665	270	0	34311
29787	64	32967	332	305	0	33668
29788	48	33515	331	74	0	33968
29789	123	577	90	32897	0	33687
29790	32699	350	67	282	0	33398
29791	302	108	85	32795	0	33290
29792	31871	101	74	316	0	32362
29793	341	98	76	32033	0	32548
29794	321	73	32001	347	0	32742
29795	131	65	31930	308	0	32434
29796	30257	69	627	115	0	31068
29797	31127	69	429	62	0	31687
29798	597	108	30934	67	0	31706
29799	29261	109	402	54	0	29826
29800	402	119	30593	57	0	31171
29801	365	29202	451	59	0	30077
29802	160	29003	434	64	0	29661
29803	123	28698	216	63	0	29100
29804	133	636	200	27915	0	28884
29805	27706	418	186	315	0	28625
29806	27883	166	190	292	0	28531
29807	633	149	167	27567	0	28516
29808	401	141	25955	345	0	26842
29809	172	130	452	25574	0	26328
29810	143	119	25701	369	0	26332
29811	155	106	530	24649	0	25440
29812	24370	73	507	376	0	25326
29813	24570	74	261	347	0	25252
29814	24683	81	223	143	0	25130
29815	24582	80	238	125	0	25025
29816	721	74	177	23704	0	24676
29817	460	76	208	24036	0	24780
29818	23835	100	154	619	0	24708
29819	24038	101	183	376	0	24698
29820	694	98	160	23671	0	24623
29821	494	69	161	23758	0	24482
29822	217	93	139	23401	0	23850
29823	200	85	189	23486	0	23960
29824	22864	63	197	668	0	23792
29825	420	54	22550	442	0	23466
29826	408	70	415	21626	0	22519
29827	21569	57	383	393	0	22402
29828	454	79	21446	387	0	22366
29829	444	148	381	21223	0	22196
29830	274	95	21492	383	0	22244
29831	219	20223	428	351	0	21221
29832	216	312	399	17106	0	18033
29833	15755	227	208	240	0	16430
29834	268	364	126	13625	0	14383
29835	304	13673	121	233	0	14331
29836	177	12490	100	204	0	12971
29837	133	10137	62	85	0	10417
29838	134	9464	80	72	0	9750
29839	5207	502	712	342	0	6763
29840	153	219	191	3563	0	4126
29841	51	13	2942	53	0	3059
29842	25	8	39	2823	0	2895
29843	39	9	2797	42	0	2887
29844	2743	4	31	50	0	2828
29845	57	6	45	2719	0	2827
29846	69	9	15	2734	0	2827
29847	19	9	14	2763	0	2805
29848	22	11	11	2778	0	2822
29849	2723	10	10	74	0	2817
29850	2719	13	8	55	0	2795
29851	78	6	3	2691	0	2778
29852	2646	4	10	55	0	2715
29853	35	7	2600	74	0	2716
29854	53	2557	29	40	0	2679
29855	27	22	47	2538	0	2634
29856	24	36	25	2411	0	2496
29857	20	2501	18	81	0	2620
29858	33	17	14	2474	0	2538
29859	16	115	21	2380	0	2532
29860	2430	9	17	76	0	2532
29861	31	8	2330	48	0	2417
29862	41	15	2151	17	0	2224
29863	2076	7	43	31	0	2157
29864	37	11	2036	22	0	2106
29865	983	8	78	7	0	1076
29866	802	3	23	4	0	832
29867	36	24	13	638	0	711
29868	6	0	474	11	0	491
29869	359	3	11	5	0	378
29870	8	358	7	5	0	378
29871	154	20	38	25	0	237
29872	103	0	19	2	0	124
29873	66	0	6	0	0	72
29874	21	0	0	0	0	21
29875	24	0	0	0	0	24
29876	24	0	0	0	0	24
29877	24	0	0	0	0	24
29878	24	0	0	0	0	24
29879	24	0	0	0	0	24
29880	22	0	2	0	0	24
29881	18	0	4	0	0	22
29882	17	0	1	0	0	18
29883	16	0	1	0	0	17
29884	16	0	0	0	0	16
29885	16	0	0	0	0	16
29886	15	0	0	0	0	15
29887	16	0	0	0	0	16
29888	16	0	0	0	0	16
29889	16	0	0	0	0	16
29890	16	0	0	0	0	16
29891	16	0	0	0	0	16
29892	16	0	0	0	0	16
29893	16	0	0	0	0	16
29894	13	0	0	0	0	13
29895	15	0	0	0	0	15
29896	13	0	0	0	0	13
29897	13	0	0	0	0	13
29898	16	0	0	0	0	16
29899	15	0	0	0	0	15
29900	10	0	0	0	0	10
29901	8	0	0	0	0	8
29902	7	0	0	0	0	7
29903	4	0	0	0	0	4
