Pos	A	C	G	T	Other	Total
1	0	0	0	0	0	0
2	0	0	0	0	0	0
3	0	0	0	0	0	0
4	0	0	0	0	0	0
5	0	0	0	0	0	0
6	511	0	0	0	0	511
7	0	0	508	0	0	508
8	0	0	497	0	0	497
9	0	0	0	490	0	490
10	0	0	0	526	0	526
11	0	0	0	531	0	531
12	530	0	0	1	0	531
13	0	0	0	532	0	532
14	1139	0	0	1	0	1140
15	0	1810	6	0	0	1816
16	0	3004	10	7	0	3021
17	0	0	0	7271	0	7271
18	0	1	1	7177	0	7179
19	1	6864	14	7	0	6886
20	0	12571	29	12	0	12612
21	0	12873	24	3	0	12900
22	12986	1	342	4	0	13333
23	6	6	13247	1	0	13260
24	9	18	16566	11	0	16604
25	2	3	0	17517	0	17522
26	18158	0	1	11	0	18170
27	18439	0	2	2	0	18443
28	16	17639	26	12	0	17693
29	21348	19	3	7	0	21377
30	21650	8	7	6	0	21671
31	22024	2	4	4	0	22034
32	19	21387	35	16	0	21457
33	6	22732	27	21	0	22786
34	24877	24	2	4	0	24907
35	24574	6	0	2	0	24582
36	24	24373	38	21	0	24456
37	10	24883	41	12	0	24946
38	26998	19	3	4	0	27024
39	26792	3	3	8	0	26806
40	32	26038	36	15	0	26121
41	17	35	3	27899	0	27954
42	11	13	1	27877	0	27902
43	12	11	1	27522	0	27546
44	9	27201	24	64	0	27298
45	23	82	26468	20	0	26593
46	24977	29	61	19	0	25086
47	55	11	7	27882	0	27955
48	22	26799	43	58	0	26922
49	13	51	2	28076	0	28142
50	10	29121	35	64	0	29230
51	11	128	1	30291	0	30431
52	7	25	6	30222	0	30260
53	25	24	29790	130	0	29969
54	10	12	106	29254	0	29382
55	30028	13	15	131	0	30187
56	129	21	29310	35	0	29495
57	28113	18	118	21	0	28270
58	121	12	14	29662	0	29809
59	21	29071	41	130	0	29263
60	9	132	15	30271	0	30427
61	17	32	29681	139	0	29869
62	14	14	114	28940	0	29082
63	9	10	17	29836	0	29872
64	16	29710	54	139	0	29919
65	7	128	8	30937	0	31080
66	8	29798	46	127	0	29979
67	5	125	4	31150	0	31284
68	30776	25	14	135	0	30950
69	29486	13	8	44	0	29551
70	30623	11	14	27	0	30675
71	126	29923	56	35	0	30140
72	34	158	30058	19	0	30269
73	29196	29	133	17	0	29375
74	31028	8	19	24	0	31079
75	142	30276	48	24	0	30490
76	21	157	9	23956	0	24143
77	11	26	6	23546	0	23589
78	8	14	6	21526	0	21554
79	21128	11	8	231	0	21378
80	20878	14	5	76	0	20973
81	20830	11	15	36	0	20892
82	21158	8	6	32	0	21204
83	247	7	9	20770	0	21033
84	65	20167	50	202	0	20484
85	45	167	9	21336	0	21557
86	38	65	20679	216	0	20998
87	28	27	169	23110	0	23334
88	37	52	22939	406	0	23434
89	23	17	353	22926	0	23319
90	39	35	22978	420	0	23472
91	38	82	21997	164	0	22281
92	16	22886	501	99	0	23502
93	17	384	163	24378	0	24942
94	31	177	23977	416	0	24601
95	37	50	384	23423	0	23894
96	18	23119	208	419	0	23764
97	24055	384	61	174	0	24674
98	380	23678	87	90	0	24235
99	138	428	40	23660	0	24266
100	50	23521	87	400	0	24058
101	53	484	22588	168	0	23293
102	66	251	22485	107	0	22909
103	33	22375	589	134	0	23131
104	34	416	175	23701	0	24326
105	72	211	23196	448	0	23927
106	45	22457	518	218	0	23238
107	23399	428	187	103	0	24117
108	414	197	83	23198	0	23892
109	188	138	23043	425	0	23794
110	66	22456	470	241	0	23233
111	64	445	158	23482	0	24149
112	61	211	78	23976	0	24326
113	23296	101	64	585	0	24046
114	425	112	22621	251	0	23409
115	166	90	433	22007	0	22696
116	89	111	20635	481	0	21316
117	51	17609	522	252	0	18434
118	17755	445	190	142	0	18532
119	388	18227	141	129	0	18885
120	158	479	96	15771	0	16504
121	78	16344	116	424	0	16962
122	16160	476	70	188	0	16894
123	427	16221	98	117	0	16863
124	212	491	13708	103	0	14514
125	78	15050	448	115	0	15691
126	15314	527	183	111	0	16135
127	485	245	14799	128	0	15657
128	201	124	484	15221	0	16030
129	15002	99	208	484	0	15793
130	466	108	99	14249	0	14922
131	14180	97	93	533	0	14903
132	14405	95	97	229	0	14826
133	602	123	60	14011	0	14796
134	263	94	73	13360	0	13790
135	13001	106	56	640	0	13803
136	12478	113	70	280	0	12941
137	625	118	55	12377	0	13175
138	12474	108	69	543	0	13194
139	12454	94	99	266	0	12913
140	628	11894	104	169	0	12795
141	292	467	81	12365	0	13205
142	12243	201	100	540	0	13084
143	12561	114	98	278	0	13051
144	654	107	91	12198	0	13050
145	304	85	52	12704	0	13145
146	12186	100	88	702	0	13076
147	555	11987	104	334	0	12980
148	275	492	89	12413	0	13269
149	203	226	11697	604	0	12730
150	158	106	362	9992	0	10618
151	176	9869	187	470	0	10702
152	147	401	9573	266	0	10387
153	131	183	375	10078	0	10767
154	140	124	198	10377	0	10839
155	142	104	9753	606	0	10605
156	9774	102	395	329	0	10600
157	432	10095	210	236	0	10973
158	10397	403	122	170	0	11092
159	477	239	9997	193	0	10906
160	273	146	10146	171	0	10736
161	10065	111	529	150	0	10855
162	447	11320	229	166	0	12162
163	11260	435	121	163	0	11979
164	460	11302	135	167	0	12064
165	278	452	11622	147	0	12499
166	11592	265	393	155	0	12405
167	483	153	11614	154	0	12404
168	261	117	422	11900	0	12700
169	11916	110	218	472	0	12716
170	11068	100	145	266	0	11579
171	540	10493	141	187	0	11361
172	285	383	133	10430	0	11231
173	192	10534	86	417	0	11229
174	168	403	10247	252	0	11070
175	129	549	377	9339	0	10394
176	154	8410	166	303	0	9033
177	127	275	60	8034	0	8496
178	7372	168	76	307	0	7923
179	310	91	69	7932	0	8402
180	197	7712	82	306	0	8297
181	152	243	67	8040	0	8502
182	107	149	77	8012	0	8345
183	113	7638	84	400	0	8235
184	133	250	59	8048	0	8490
185	135	179	7469	317	0	8100
186	95	7768	280	219	0	8362
187	5159	65	30	55	0	5309
188	78	37	5224	49	0	5388
189	75	40	5135	39	0	5289
190	52	5085	68	63	0	5268
191	1154	61	34	4182	0	5431
192	47	22	4059	41	0	4169
193	27	3787	40	40	0	3894
194	27	38	19	4127	0	4211
195	45	24	14	4191	0	4274
196	4141	27	18	43	0	4229
197	34	3963	29	52	0	4078
198	34	35	3931	46	0	4046
199	37	34	3930	32	0	4033
200	25	30	34	4018	0	4107
201	29	24	15	4678	0	4746
202	19	29	21	4782	0	4851
203	25	4947	31	88	0	5091
204	24	94	6548	51	0	6717
205	20	55	115	7259	0	7449
206	22	7597	59	170	0	7848
207	26	7787	49	85	0	7947
208	28	193	8670	52	0	8943
209	29	97	250	8848	0	9224
210	27	65	8920	255	0	9267
211	35	39	290	8855	0	9219
212	19	38	181	10786	0	11024
213	33	63	10018	484	0	10598
214	25	10288	367	262	0	10942
215	10359	356	209	153	0	11077
216	351	204	10004	98	0	10657
217	162	10139	379	107	0	10787
218	95	10696	222	83	0	11096
219	67	532	10152	68	0	10819
220	10210	274	430	86	0	11000
221	365	192	255	9162	0	9974
222	199	10502	161	297	0	11159
223	10636	426	110	182	0	11354
224	391	241	132	9955	0	10719
225	204	9678	70	343	0	10295
226	9947	394	73	181	0	10595
227	392	257	9254	120	0	10023
228	232	9655	336	104	0	10327
229	9752	390	224	95	0	10461
230	375	9857	152	85	0	10469
231	10017	462	84	95	0	10658
232	433	298	102	9363	0	10196
233	246	8866	101	325	0	9538
234	193	418	90	11255	0	11956
235	11091	264	120	457	0	11932
236	420	221	10595	249	0	11485
237	252	163	10783	228	0	11426
238	155	156	526	10678	0	11515
239	144	137	305	11147	0	11733
240	137	132	200	11296	0	11765
241	99	153	161	11423	0	11836
242	126	124	10698	672	0	11620
243	102	128	427	10748	0	11405
244	80	10339	291	557	0	11267
245	118	10797	228	358	0	11501
246	108	532	10713	289	0	11642
247	107	374	10748	191	0	11420
248	122	266	10997	197	0	11582
249	131	197	615	10792	0	11735
250	111	193	11014	456	0	11774
251	104	188	514	10997	0	11803
252	119	183	10942	497	0	11741
253	10107	157	578	302	0	11144
254	416	10392	355	260	0	11423
255	261	11641	290	175	0	12367
256	225	614	12008	187	0	13034
257	12046	364	524	211	0	13145
258	12743	257	327	190	0	13517
259	12895	227	240	192	0	13554
260	762	202	12104	173	0	13241
261	449	179	12409	145	0	13182
262	285	166	691	11281	0	12423
263	11468	163	435	510	0	12576
264	11128	152	294	368	0	11942
265	721	137	10223	314	0	11395
266	10495	133	587	257	0	11472
267	619	127	403	10452	0	11601
268	386	119	10347	593	0	11445
269	283	158	10316	375	0	11132
270	9998	150	768	302	0	11218
271	558	165	10475	249	0	11447
272	10037	139	762	255	0	11193
273	599	139	10326	256	0	11320
274	375	9734	724	270	0	11103
275	300	10409	512	253	0	11474
276	215	639	447	10135	0	11436
277	223	398	361	10653	0	11635
278	227	293	9947	720	0	11187
279	215	242	672	9857	0	10986
280	220	9691	469	621	0	11001
281	195	10196	406	424	0	11221
282	250	12788	343	303	0	13684
283	272	778	281	12691	0	14022
284	248	485	12333	607	0	13673
285	250	359	12428	375	0	13412
286	236	255	810	12388	0	13689
287	229	266	520	12706	0	13721
288	278	249	340	11991	0	12858
289	282	12415	342	750	0	13789
290	12656	527	321	451	0	13955
291	12380	346	267	365	0	13358
292	775	12267	273	318	0	13633
293	505	560	12343	282	0	13690
294	12300	358	639	252	0	13549
295	654	281	12612	257	0	13804
296	12524	217	665	248	0	13654
297	12873	222	462	215	0	13772
298	12975	209	365	214	0	13763
299	12810	189	310	226	0	13535
300	850	12402	292	259	0	13803
301	11772	476	261	258	0	12767
302	656	11776	290	292	0	13014
303	11511	510	281	267	0	12569
304	538	9586	180	175	0	10479
305	342	438	8143	132	0	9055
306	247	1189	388	7002	0	8826
307	192	8283	289	277	0	9041
308	124	7457	116	158	0	7855
309	5809	310	1535	118	0	7772
310	7219	181	177	118	0	7695
311	263	7296	145	145	0	7849
312	68	89	32	5657	0	5846
313	71	5623	28	76	0	5798
314	5774	95	33	38	0	5940
315	125	53	5542	15	0	5735
316	84	36	85	5476	0	5681
317	52	28	66	5537	0	5683
318	52	12	55	5760	0	5879
319	42	30	5637	118	0	5827
320	57	5377	100	58	0	5592
321	64	5610	55	36	0	5765
322	64	101	43	5671	0	5879
323	54	75	5596	73	0	5798
324	43	56	89	5329	0	5517
325	43	63	64	6874	0	7044
326	55	47	39	6902	0	7043
327	56	44	43	6982	0	7125
328	7058	31	40	140	0	7269
329	90	6777	47	94	0	7008
330	6947	91	58	62	0	7158
331	95	71	6843	59	0	7068
332	74	66	6555	36	0	6731
333	62	52	99	6343	0	6556
334	53	41	69	5098	0	5261
335	24	5112	61	118	0	5315
336	28	101	5085	87	0	5301
337	19	5102	94	81	0	5296
338	26	105	5131	50	0	5312
339	4532	65	115	52	0	4764
340	93	5079	59	57	0	5288
341	62	104	5164	52	0	5382
342	48	59	99	4928	0	5134
343	44	47	5186	96	0	5373
344	31	5013	103	62	0	5209
345	38	104	59	5161	0	5362
346	35	5104	36	117	0	5292
347	39	92	5122	76	0	5329
348	44	60	87	5031	0	5222
349	5198	50	55	110	0	5413
350	94	5052	45	68	0	5259
351	72	106	5042	49	0	5269
352	49	80	84	4843	0	5056
353	60	52	5088	88	0	5288
354	38	60	4924	53	0	5075
355	15	3328	671	20	0	4034
356	0	0	0	3568	0	3568
357	1	0	0	3535	0	3536
358	0	1	0	3477	0	3478
359	2	3	4398	1	0	4404
360	2	5	4193	1	0	4201
361	3707	0	9	3	0	3719
362	0	2	4359	0	0	4361
363	4032	0	3	1	0	4036
364	1	4213	6	2	0	4222
365	0	2	1	4387	0	4390
366	0	4231	5	2	0	4238
367	1	4155	4	6	0	4166
368	2	3	4168	1	0	4174
369	2	2	0	4030	0	4034
370	3	3	4228	0	0	4234
371	1	14	3864	0	0	3879
372	3845	1	2	1	0	3849
373	0	4	4158	0	0	4162
374	0	7	3979	0	0	3986
375	3802	0	6	4	0	3812
376	2	3	4099	0	0	4104
377	2	5	4089	0	0	4096
378	0	3	4	3835	0	3842
379	0	3882	15	2	0	3899
380	1	0	0	4171	0	4172
381	0	2	1	4017	0	4020
382	2232	0	0	1	0	2233
383	0	0	0	2193	0	2193
384	0	2108	0	0	0	2108
385	2201	0	0	0	0	2201
386	1	0	2173	4	0	2178
387	1975	2	1	0	0	1978
388	1	2	2179	0	0	2182
389	1	1	2122	0	0	2124
390	0	2077	9	3	0	2089
391	2225	0	0	1	0	2226
392	1	2092	5	2	0	2100
393	1	3	2496	1	0	2501
394	2	0	1	2424	0	2427
395	1	2455	4	1	0	2461
396	2593	0	2	0	0	2595
397	2534	0	1	1	0	2536
398	2	2488	1	4	0	2495
399	2601	0	0	0	0	2601
400	0	1	1	2569	0	2571
401	0	2436	8	1	0	2445
402	0	1	0	2597	0	2598
403	1	1	1	2570	0	2573
404	2600	1	1	0	0	2602
405	2551	0	1	1	0	2553
406	2533	1	0	2	0	2536
407	1	2	2529	3	0	2535
408	2464	0	0	1	0	2465
409	1	2	0	3692	0	3695
410	1	2	3631	14	0	3648
411	1	4	3486	2	0	3493
412	1	3481	28	6	0	3516
413	3619	14	1	4	0	3638
414	12	3534	7	1	0	3554
415	1	15	1	3629	0	3646
416	5	1	4	3688	0	3698
417	3	1	3648	18	0	3670
418	4	7	24	3376	0	3411
419	5	6	3602	13	0	3626
420	5	11	3880	2	0	3898
421	5	3873	29	6	0	3913
422	2	17	3	4148	0	4170
423	1	1	5	4194	0	4201
424	4210	3	5	25	0	4243
425	15	1	2998	9	0	3023
426	1	3	24	3076	0	3104
427	3082	4	13	17	0	3116
428	13	10	3029	7	0	3059
429	2971	8	19	7	0	3005
430	3062	7	5	14	0	3088
431	21	9	3707	11	0	3748
432	8	4	22	3670	0	3704
433	5	6	11	3863	0	3885
434	5	2	3828	27	0	3862
435	3729	4	27	5	0	3765
436	3947	6	12	9	0	3974
437	3906	4	10	7	0	3927
438	3907	6	9	15	0	3937
439	3868	4	19	18	0	3909
440	21	14	3602	20	0	3657
441	8	7	3677	21	0	3713
442	17	3690	34	12	0	3753
443	17	16	3760	4	0	3797
444	15	11	23	3735	0	3784
445	29	13	8	3513	0	3563
446	17	11	22	3838	0	3888
447	13	5	14	3891	0	3923
448	17	8	3814	31	0	3870
449	6	3636	49	12	0	3703
450	14	3724	13	25	0	3776
451	17	18	17	3727	0	3779
452	8	3781	20	28	0	3837
453	3888	21	10	23	0	3942
454	3786	6	14	29	0	3835
455	20	3738	29	34	0	3821
456	22	22	22	3856	0	3922
457	8	18	32	3893	0	3951
458	13	18	3770	34	0	3835
459	2719	19	24	20	0	2782
460	2935	16	21	17	0	2989
461	44	2959	10	29	0	3042
462	2992	22	13	33	0	3060
463	24	13	2933	33	0	3003
464	12	2847	43	34	0	2936
465	20	4675	27	30	0	4752
466	22	4940	35	14	0	5011
467	29	186	19	4864	0	5098
468	4795	29	15	174	0	5013
469	160	11	18	4895	0	5084
470	38	17	4773	189	0	5017
471	31	18	175	6952	0	7176
472	25	29	6777	194	0	7025
473	33	41	190	6404	0	6668
474	52	48	52	5818	0	5970
475	40	6796	29	179	0	7044
476	6960	200	24	71	0	7255
477	206	37	40	6464	0	6747
478	43	6770	47	204	0	7064
479	6778	208	44	94	0	7124
480	6318	52	73	61	0	6504
481	6847	51	36	54	0	6988
482	230	6798	23	48	0	7099
483	84	220	6653	60	0	7017
484	49	69	174	6888	0	7180
485	63	47	53	6544	0	6707
486	56	6560	60	229	0	6905
487	46	231	6648	78	0	7003
488	62	92	6769	53	0	6976
489	6704	49	232	67	0	7052
490	234	55	67	6877	0	7233
491	98	50	7248	258	0	7654
492	52	7318	208	118	0	7696
493	61	254	65	6196	0	6576
494	56	7094	70	240	0	7460
495	82	227	6997	121	0	7427
496	6791	85	239	103	0	7218
497	7241	73	84	95	0	7493
498	270	7649	59	104	0	8082
499	117	270	50	7759	0	8196
500	102	101	7483	257	0	7943
501	67	7647	224	123	0	8061
502	7487	287	71	85	0	7930
503	276	7580	65	71	0	7992
504	134	7762	75	98	0	8069
505	102	279	69	7409	0	7859
506	89	7658	73	245	0	8065
507	7746	271	67	127	0	8211
508	263	118	71	7831	0	8283
509	68	88	6408	244	0	6808
510	52	83	6387	58	0	6580
511	59	67	232	6290	0	6648
512	67	6370	103	223	0	6763
513	6584	244	59	80	0	6967
514	213	93	74	6583	0	6963
515	61	74	6485	245	0	6865
516	53	110	208	6467	0	6838
517	46	83	74	6774	0	6977
518	6562	76	70	272	0	6980
519	227	97	74	6246	0	6644
520	109	77	5953	219	0	6358
521	81	86	5933	114	0	6214
522	56	88	251	5880	0	6275
523	65	80	74	6142	0	6361
524	68	74	5904	282	0	6328
525	5768	118	220	80	0	6186
526	233	110	5889	105	0	6337
527	73	5849	232	96	0	6250
528	56	301	80	5930	0	6367
529	78	113	5927	259	0	6377
530	87	93	5974	145	0	6299
531	81	94	244	5300	0	5719
532	5318	64	104	294	0	5780
533	217	53	5164	147	0	5581
534	84	5121	260	104	0	5569
535	5270	243	108	129	0	5750
536	227	92	5173	135	0	5627
537	5163	76	263	104	0	5606
538	5215	67	100	145	0	5527
539	230	5173	104	137	0	5644
540	115	239	92	4314	0	4760
541	90	5118	89	269	0	5566
542	112	210	5142	141	0	5605
543	5114	98	281	108	0	5601
544	5340	80	138	111	0	5669
545	280	74	6036	121	0	6511
546	103	77	6034	129	0	6343
547	91	6027	287	135	0	6540
548	6119	249	156	95	0	6619
549	296	132	143	4993	0	5564
550	138	101	119	4791	0	5149
551	73	6112	141	238	0	6564
552	6148	255	146	104	0	6653
553	263	89	6031	120	0	6503
554	97	91	302	6783	0	7273
555	6586	98	139	388	0	7211
556	350	6603	128	147	0	7228
557	133	376	7421	81	0	8011
558	114	136	7707	74	0	8031
559	167	68	522	6812	0	7569
560	127	7470	205	386	0	8188
561	106	525	8023	115	0	8769
562	116	139	483	8165	0	8903
563	8173	133	200	533	0	9039
564	508	130	8133	165	0	8936
565	137	72	352	6244	0	6805
566	115	51	6210	347	0	6723
567	87	51	6385	112	0	6635
568	78	45	424	6264	0	6811
569	57	42	6231	363	0	6693
570	5912	68	430	104	0	6514
571	274	9	4089	35	0	4407
572	3993	5	299	24	0	4321
573	284	3939	87	18	0	4328
574	4082	279	48	8	0	4417
575	280	4053	51	11	0	4395
576	70	296	22	4071	0	4459
577	33	79	25	4392	0	4529
578	29	38	4007	340	0	4414
579	14	32	4229	94	0	4369
580	22	7	332	4157	0	4518
581	21	22	4099	309	0	4451
582	17	15	316	3889	0	4237
583	12	3915	110	275	0	4312
584	20	4285	76	82	0	4463
585	17	341	50	4068	0	4476
586	16	101	41	4383	0	4541
587	15	55	3991	356	0	4417
588	20	42	278	4004	0	4344
589	25	3838	105	304	0	4272
590	17	4113	74	113	0	4317
591	19	3770	67	69	0	3925
592	25	360	53	3364	0	3802
593	13	3524	50	273	0	3860
594	3495	327	43	99	0	3964
595	285	92	66	3570	0	4013
596	78	45	3482	330	0	3935
597	46	45	313	3597	0	4001
598	46	33	3039	338	0	3456
599	27	46	4018	113	0	4204
600	28	45	3999	73	0	4145
601	29	3678	377	61	0	4145
602	31	299	3864	65	0	4259
603	3791	91	355	73	0	4310
604	4058	64	141	51	0	4314
605	4149	41	100	74	0	4364
606	366	40	78	3900	0	4384
607	3827	49	81	321	0	4278
608	317	3638	80	123	0	4158
609	101	3963	89	96	0	4249
610	3886	352	89	88	0	4415
611	342	131	4006	74	0	4553
612	103	100	320	4066	0	4589
613	65	76	5406	329	0	5876
614	45	63	5552	141	0	5801
615	39	5359	389	101	0	5888
616	33	338	161	5186	0	5718
617	36	119	120	5697	0	5972
618	5438	86	89	402	0	6015
619	298	5323	94	142	0	5857
620	116	5574	79	115	0	5884
621	84	388	5337	99	0	5908
622	66	5423	333	72	0	5894
623	5436	374	145	100	0	6055
624	5556	127	138	98	0	5919
625	366	99	5529	84	0	6078
626	129	85	5709	94	0	6017
627	85	73	427	5345	0	5930
628	79	65	195	5531	0	5870
629	62	5335	147	377	0	5921
630	68	360	115	5546	0	6089
631	75	135	103	5660	0	5973
632	77	5391	85	430	0	5983
633	78	352	87	5576	0	6093
634	63	116	112	5665	0	5956
635	69	5327	106	419	0	5921
636	71	338	5296	164	0	5869
637	56	136	358	5527	0	6077
638	5481	97	142	404	0	6124
639	5701	102	131	135	0	6069
640	399	103	5386	100	0	5988
641	5326	93	343	98	0	5860
642	5630	88	134	102	0	5954
643	363	5256	124	115	0	5858
644	146	334	5338	129	0	5947
645	73	130	4616	108	0	4927
646	63	97	339	4886	0	5385
647	4967	97	148	356	0	5568
648	5426	81	120	136	0	5763
649	419	85	100	5439	0	6043
650	5505	77	65	422	0	6069
651	5705	76	76	139	0	5996
652	5727	70	73	108	0	5978
653	465	98	5271	108	0	5942
654	121	62	4634	72	0	4889
655	4509	36	318	73	0	4936
656	288	50	5125	69	0	5532
657	55	4299	163	12	0	4529
658	25	153	45	4482	0	4705
659	21	41	4424	173	0	4659
660	23	22	4276	49	0	4370
661	4	3	129	3663	0	3799
662	5	2	3765	120	0	3892
663	9	15	3663	14	0	3701
664	6	3203	131	12	0	3352
665	7	3687	29	4	0	3727
666	3714	136	12	3	0	3865
667	110	15	5	3728	0	3858
668	3744	5	16	122	0	3887
669	124	6	3641	18	0	3789
670	26	2	115	3581	0	3724
671	8	4	29	3846	0	3887
672	3653	8	7	140	0	3808
673	111	3591	19	32	0	3753
674	23	131	3449	9	0	3612
675	25	27	3604	7	0	3663
676	10	3361	135	28	0	3534
677	26	129	3466	8	0	3629
678	12	3347	140	21	0	3520
679	18	3372	45	20	0	3455
680	22	152	3289	8	0	3471
681	3204	22	143	9	0	3378
682	126	17	24	3427	0	3594
683	29	3408	40	113	0	3590
684	18	124	25	3590	0	3757
685	3537	30	12	142	0	3721
686	3619	14	20	30	0	3683
687	4539	13	26	18	0	4596
688	142	27	5496	14	0	5679
689	22	12	205	5339	0	5578
690	17	5330	42	192	0	5581
691	5620	213	24	35	0	5892
692	206	36	29	5624	0	5895
693	34	35	15	6330	0	6414
694	25	20	16	6507	0	6568
695	32	15	6033	236	0	6316
696	5658	9	213	53	0	5933
697	202	5903	54	32	0	6191
698	27	219	38	6108	0	6392
699	33	34	26	5734	0	5827
700	6484	34	22	244	0	6784
701	261	31	6206	45	0	6543
702	65	27	6431	33	0	6556
703	30	5957	281	44	0	6312
704	24	236	6264	30	0	6554
705	6330	61	257	33	0	6681
706	243	6811	81	44	0	7179
707	63	284	6922	34	0	7303
708	6617	69	283	33	0	7002
709	296	51	8540	35	0	8922
710	73	8356	311	38	0	8778
711	49	290	77	8356	0	8772
712	32	85	47	8820	0	8984
713	27	43	7412	337	0	7819
714	52	55	7337	86	0	7530
715	40	7354	311	44	0	7749
716	7133	291	98	33	0	7555
717	251	7445	61	36	0	7793
718	62	308	37	7523	0	7930
719	46	93	7354	299	0	7792
720	7223	36	288	80	0	7627
721	289	34	89	7318	0	7730
722	77	7162	77	284	0	7600
723	49	7640	61	62	0	7812
724	38	348	49	7522	0	7957
725	40	109	34	7880	0	8063
726	7632	64	39	343	0	8078
727	298	31	44	7722	0	8095
728	73	32	7481	335	0	7921
729	7472	28	300	81	0	7881
730	7796	48	93	51	0	7988
731	338	58	7351	40	0	7787
732	7387	53	288	45	0	7773
733	304	49	83	7523	0	7959
734	82	36	62	9874	0	10054
735	66	43	40	9824	0	9973
736	50	38	49	9705	0	9842
737	35	9343	72	335	0	9785
738	9743	300	64	92	0	10199
739	9932	78	41	72	0	10123
740	347	64	12348	52	0	12811
741	12406	32	291	51	0	12780
742	13159	50	89	58	0	13356
743	13146	46	64	51	0	13307
744	13238	48	33	55	0	13374
745	380	12519	51	66	0	13016
746	91	300	37	12681	0	13109
747	70	69	12281	301	0	12721
748	52	62	11235	69	0	11418
749	11052	22	263	41	0	11378
750	12259	19	75	36	0	12389
751	272	11653	41	35	0	12001
752	12278	216	24	31	0	12549
753	237	12031	32	43	0	12343
754	69	231	27	14060	0	14387
755	13532	49	579	232	0	14392
756	12631	29	18	53	0	12731
757	13450	14	18	34	0	13516
758	228	12956	25	19	0	13228
759	13594	170	21	22	0	13807
760	199	45	8	13414	0	13666
761	13512	27	15	188	0	13742
762	217	31	12804	50	0	13102
763	72	12649	179	36	0	12936
764	13430	173	44	22	0	13669
765	197	57	12952	31	0	13237
766	59	37	170	12727	0	12993
767	52	14	13267	183	0	13516
768	41	26	12657	45	0	12769
769	38	21	209	12656	0	12924
770	43	32	13211	177	0	13463
771	42	23	190	12841	0	13096
772	32	22	47	13301	0	13402
773	13294	22	35	213	0	13564
774	177	12793	46	79	0	13095
775	57	13016	26	48	0	13147
776	50	13219	43	27	0	13339
777	66	257	12513	18	0	12854
778	42	61	152	12174	0	12429
779	36	46	12965	194	0	13241
780	11474	24	186	61	0	11745
781	12766	21	56	44	0	12887
782	197	12557	48	42	0	12844
783	86	183	22	14636	0	14927
784	40	14298	51	160	0	14549
785	14827	198	32	49	0	15106
786	191	46	30	14505	0	14772
787	77	45	13591	184	0	13897
788	31	11710	113	60	0	11914
789	36	103	12083	23	0	12245
790	17	47	93	11733	0	11890
791	19	36	12250	101	0	12406
792	10818	12	110	57	0	10997
793	106	27	11542	31	0	11706
794	45	10933	143	27	0	11148
795	32	97	45	11774	0	11948
796	25	36	31	11911	0	12003
797	11831	22	17	127	0	11997
798	11688	9	28	61	0	11786
799	125	10977	45	39	0	11186
800	26	79	10109	11	0	10225
801	28	35	11424	4	0	11491
802	11391	13	72	18	0	11494
803	70	18	11903	11	0	12002
804	28	26	11524	7	0	11585
805	17	19	10505	9	0	10550
806	11	5	10814	15	0	10845
807	7	10240	63	11	0	10321
808	11163	21	15	7	0	11206
809	28	5	10	9528	0	9571
810	9739	5	14	18	0	9776
811	30	9249	29	16	0	9324
812	9677	25	5	8	0	9715
813	26	9372	18	9	0	9425
814	6	24	9	9572	0	9611
815	7	9449	18	29	0	9503
816	17	41	9073	5	0	9136
817	20	9108	52	12	0	9192
818	13	33	4	10973	0	11023
819	11044	11	11	53	0	11119
820	58	15	7	10911	0	10991
821	32	25	10787	66	0	10910
822	18	7	55	10539	0	10619
823	6	10231	47	74	0	10358
824	22	71	10282	26	0	10401
825	9867	26	65	21	0	9979
826	63	15	29	10755	0	10862
827	10785	6	13	70	0	10874
828	10658	10	14	35	0	10717
829	74	12076	38	28	0	12216
830	12719	63	12	15	0	12809
831	12546	31	12	12	0	12601
832	83	12937	36	22	0	13078
833	43	54	12	13487	0	13596
834	21	30	10	11911	0	11972
835	19	12152	37	87	0	12295
836	23	84	8	12757	0	12872
837	16	48	12440	87	0	12591
838	26	20	79	12160	0	12285
839	22	24	12458	106	0	12610
840	17	27	9393	36	0	9473
841	8	9043	101	39	0	9191
842	8	9382	53	18	0	9461
843	10	9594	33	25	0	9662
844	7	179	15	9812	0	10013
845	14	83	10947	149	0	11193
846	10485	81	228	165	0	10959
847	133	11	171	11297	0	11612
848	50	69	11120	175	0	11414
849	25	146	10721	154	0	11046
850	9	10691	313	33	0	11046
851	17	358	112	11094	0	11581
852	10852	217	67	251	0	11387
853	136	10699	181	139	0	11155
854	141	9587	110	252	0	10090
855	106	9632	228	189	0	10155
856	36	236	178	9685	0	10135
857	77	9378	382	206	0	10043
858	9	260	348	10944	0	11561
859	54	421	107	12458	0	13040
860	111	271	11809	520	0	12711
861	11502	372	382	151	0	12407
862	326	233	13120	384	0	14063
863	119	274	589	12978	0	13960
864	224	236	12848	471	0	13779
865	55	12921	323	351	0	13650
866	13277	594	251	181	0	14303
867	314	244	238	12927	0	13723
868	73	341	128	13664	0	14206
869	14737	23	221	689	0	15670
870	14900	76	171	174	0	15321
871	14746	205	187	306	0	15444
872	450	250	14194	172	0	15066
873	13439	315	566	81	0	14401
874	478	14004	128	290	0	14900
875	177	14668	166	242	0	15253
876	206	426	28	14915	0	15575
877	221	198	74	14778	0	15271
878	246	14323	244	457	0	15270
879	480	435	51	14747	0	15713
880	14417	109	315	516	0	15357
881	507	210	13910	339	0	14966
882	269	15008	521	200	0	15998
883	13571	701	146	183	0	14601
884	587	13712	176	198	0	14673
885	202	450	13612	433	0	14697
886	112	260	427	13902	0	14701
887	256	214	13730	653	0	14853
888	339	13457	472	249	0	14517
889	308	534	204	14155	0	15201
890	194	230	14001	459	0	14884
891	396	236	13682	235	0	14549
892	148	322	424	14619	0	15513
893	14847	379	217	386	0	15829
894	14819	79	206	400	0	15504
895	14912	167	211	354	0	15644
896	470	346	14361	119	0	15296
897	232	14082	385	424	0	15123
898	268	475	317	14465	0	15525
899	84	267	421	14509	0	15281
900	87	14464	232	636	0	15419
901	13492	408	165	338	0	14403
902	544	375	146	13304	0	14369
903	320	131	12964	577	0	13992
904	349	12629	453	322	0	13753
905	12942	504	451	159	0	14056
906	443	13307	126	149	0	14025
907	241	440	136	13325	0	14142
908	156	377	283	13398	0	14214
909	217	169	382	13382	0	14150
910	195	155	12814	874	0	14038
911	335	146	563	12646	0	13690
912	354	12679	247	472	0	13752
913	357	12983	176	336	0	13852
914	211	577	12932	162	0	13882
915	12280	484	472	289	0	13525
916	13273	155	177	379	0	13984
917	534	12894	144	453	0	14025
918	12050	517	148	260	0	12975
919	12253	154	143	199	0	12749
920	413	11500	197	341	0	12451
921	193	563	318	11887	0	12961
922	188	393	11447	454	0	12482
923	385	215	10948	235	0	11783
924	11427	435	370	156	0	12388
925	543	11252	191	331	0	12317
926	228	426	132	11794	0	12580
927	207	197	233	12092	0	12729
928	217	284	253	12037	0	12791
929	10285	163	98	521	0	11067
930	409	337	141	10168	0	11055
931	198	263	176	10632	0	11269
932	218	118	9057	528	0	9921
933	8730	187	369	285	0	9571
934	559	8941	263	239	0	10002
935	8506	326	96	111	0	9039
936	356	8168	129	99	0	8752
937	106	356	119	8490	0	9071
938	8458	131	112	379	0	9080
939	8609	132	103	157	0	9001
940	362	145	8102	132	0	8741
941	8277	98	312	167	0	8854
942	367	105	8217	138	0	8827
943	147	116	8346	123	0	8732
944	140	127	8371	148	0	8786
945	144	64	6801	94	0	7103
946	122	87	247	7266	0	7722
947	97	83	7414	274	0	7868
948	94	74	247	7448	0	7863
949	7574	95	107	300	0	8076
950	249	101	97	8720	0	9167
951	8419	72	89	386	0	8966
952	296	8419	103	142	0	8960
953	103	335	85	8659	0	9182
954	103	130	7860	388	0	8481
955	91	8275	302	150	0	8818
956	94	316	112	8763	0	9285
957	114	131	8545	370	0	9160
958	80	8337	191	115	0	8723
959	64	7829	67	95	0	8055
960	61	332	7721	101	0	8215
961	4	86	177	6467	0	6734
962	4	59	6501	174	0	6738
963	6872	24	213	70	0	7179
964	7258	7	78	38	0	7381
965	283	6898	75	21	0	7277
966	7268	208	14	10	0	7500
967	258	74	10	7177	0	7519
968	89	52	6957	220	0	7318
969	5818	16	211	79	0	6124
970	245	23	5741	39	0	6048
971	84	5743	253	28	0	6108
972	5975	208	91	12	0	6286
973	243	87	51	5879	0	6260
974	83	60	5787	218	0	6148
975	5971	24	229	76	0	6300
976	5970	22	88	56	0	6136
977	6052	18	50	36	0	6156
978	325	14	31	5868	0	6238
979	129	15	17	6143	0	6304
980	65	38	7350	304	0	7757
981	37	7580	284	124	0	8025
982	26	268	119	6510	0	6923
983	16	126	62	7206	0	7410
984	23	78	6829	381	0	7311
985	34	39	7006	182	0	7261
986	22	52	421	7009	0	7504
987	6547	33	186	329	0	7095
988	265	6928	97	197	0	7487
989	6766	293	81	94	0	7234
990	321	6832	72	73	0	7298
991	147	320	6813	72	0	7352
992	108	162	6565	41	0	6876
993	6261	110	428	34	0	6833
994	9429	66	194	51	0	9740
995	559	9437	108	55	0	10159
996	295	469	9247	47	0	10058
997	191	236	512	9397	0	10336
998	155	185	270	8964	0	9574
999	137	9552	192	616	0	10497
1000	94	507	112	9766	0	10479
1001	71	291	9407	653	0	10422
1002	9647	193	499	374	0	10713
1003	9960	123	293	261	0	10637
1004	9993	116	225	170	0	10504
1005	10494	81	145	158	0	10878
1006	896	88	9414	115	0	10513
1007	10192	63	514	120	0	10889
1008	805	79	9279	82	0	10245
1009	466	9440	646	76	0	10628
1010	360	451	343	9554	0	10708
1011	9663	284	261	496	0	10704
1012	629	208	163	9938	0	10938
1013	332	151	9392	658	0	10533
1014	9658	145	541	350	0	10694
1015	9868	122	327	298	0	10615
1016	822	102	272	9527	0	10723
1017	486	96	169	10120	0	10871
1018	336	92	8893	825	0	10146
1019	256	9582	528	488	0	10854
1020	9849	525	331	329	0	11034
1021	626	339	9140	263	0	10368
1022	9726	252	586	230	0	10794
1023	768	9682	405	160	0	11015
1024	9592	575	273	161	0	10601
1025	840	9385	214	145	0	10584
1026	497	10058	221	109	0	10885
1027	452	768	173	9307	0	10700
1028	324	509	184	9846	0	10863
1029	323	322	145	10082	0	10872
1030	247	261	149	10528	0	11185
1031	239	218	9286	987	0	10730
1032	9871	147	544	673	0	11235
1033	10114	167	388	451	0	11120
1034	10408	138	284	350	0	11180
1035	1006	110	243	9760	0	11119
1036	655	126	234	10327	0	11342
1037	10100	108	184	929	0	11321
1038	10224	132	188	576	0	11120
1039	10332	147	202	396	0	11077
1040	1104	134	201	9807	0	11246
1041	751	109	198	10334	0	11392
1042	614	125	9249	876	0	10864
1043	428	169	9170	578	0	10345
1044	389	9593	757	447	0	11186
1045	9088	1311	497	325	0	11221
1046	9370	406	326	273	0	10375
1047	9646	302	291	269	0	10508
1048	972	214	8700	310	0	10196
1049	8226	1390	597	317	0	10530
1050	8297	154	375	281	0	9107
1051	8367	131	298	275	0	9071
1052	1042	146	225	7758	0	9171
1053	718	135	249	9498	0	10600
1054	601	108	188	9776	0	10673
1055	481	124	8508	924	0	10037
1056	8595	110	466	635	0	9806
1057	726	9002	308	473	0	10509
1058	7473	373	255	270	0	8371
1059	737	7164	169	274	0	8344
1060	506	7460	198	228	0	8392
1061	463	539	150	7444	0	8596
1062	314	419	695	6625	0	8053
1063	336	6853	162	526	0	7877
1064	6947	479	130	407	0	7963
1065	7106	386	149	350	0	7991
1066	647	215	171	7004	0	8037
1067	538	155	6741	550	0	7984
1068	436	169	6782	424	0	7811
1069	450	113	6974	304	0	7841
1070	426	74	7064	262	0	7826
1071	7017	129	614	229	0	7989
1072	7321	72	455	225	0	8073
1073	726	60	327	7037	0	8150
1074	574	75	6721	513	0	7883
1075	386	87	483	6214	0	7170
1076	438	6252	339	461	0	7490
1077	400	8279	278	313	0	9270
1078	8238	500	190	340	0	9268
1079	8591	410	179	311	0	9491
1080	6564	200	86	215	0	7065
1081	501	150	73	6383	0	7107
1082	361	103	96	6490	0	7050
1083	370	80	116	6475	0	7041
1084	351	85	52	6556	0	7044
1085	331	56	6106	467	0	6960
1086	222	42	229	6555	0	7048
1087	6362	39	206	519	0	7126
1088	292	48	216	6492	0	7048
1089	220	65	153	6588	0	7026
1090	273	56	149	6461	0	6939
1091	262	5894	103	502	0	6761
1092	259	6121	77	352	0	6809
1093	184	6523	72	363	0	7142
1094	1	3	2	2929	0	2935
1095	0	1	0	2886	0	2887
1096	4010	0	1	2	0	4013
1097	3938	0	0	0	0	3938
1098	3958	0	0	1	0	3959
1099	0	0	1	3965	0	3966
1100	1	0	0	3965	0	3966
1101	2	4953	7	4	0	4966
1102	1	6310	9	7	0	6327
1103	6736	0	0	2	0	6738
1104	0	1	0	6675	0	6676
1105	6738	0	0	1	0	6739
1106	6672	0	1	0	0	6673
1107	1	0	0	6609	0	6610
1108	0	8149	11	2	0	8162
1109	8737	2	2	0	0	8741
1110	8564	1	2	2	0	8569
1111	4	5	8525	1	0	8535
1112	8284	0	0	2	0	8286
1113	0	8107	14	3	0	8124
1114	0	1	1	8663	0	8665
1115	8759	0	0	1	0	8760
1116	2	1	0	8587	0	8590
1117	0	1	1	8584	0	8586
1118	0	8372	2	7	0	8381
1119	8630	0	0	1	0	8631
1120	8528	2	1	1	0	8532
1121	0	8173	10	7	0	8190
1122	0	9191	14	4	0	9209
1123	9825	0	0	1	0	9826
1124	9619	0	2	2	0	9623
1125	1	9	9395	11	0	9416
1126	3	20	8713	2	0	8738
1127	3	9	9491	3	0	9506
1128	0	3	2	9660	0	9665
1129	1	1	0	9861	0	9863
1130	1	4	9807	4	0	9816
1131	9329	4	2	3	0	9338
1132	10054	0	0	1	0	10055
1133	10001	1	0	2	0	10004
1134	9900	1	0	3	0	9904
1135	1	8	10449	0	0	10458
1136	10485	1	6	3	0	10495
1137	10817	0	0	2	0	10819
1138	10667	1	0	0	0	10668
1139	10620	1	1	1	0	10623
1140	10530	0	3	3	0	10536
1141	3	5	10702	8	0	10718
1142	0	9893	17	8	0	9918
1143	0	0	0	10783	0	10783
1144	1	1	1	10778	0	10781
1145	3	2	10646	2	0	10653
1146	9871	6	5	2	0	9884
1147	0	2	2	10553	0	10557
1148	3	7	12720	5	0	12735
1149	7	17	11874	10	0	11908
1150	0	11861	41	9	0	11911
1151	1	1	0	12903	0	12905
1152	1	2	1	12913	0	12917
1153	0	7	2	11522	0	11531
1154	11746	0	0	0	0	11746
1155	1	2	0	11520	0	11523
1156	1	4	11380	2	0	11387
1157	8	25	10067	8	0	10108
1158	3	14	10682	3	0	10702
1159	1	7	4	12380	0	12392
1160	13137	0	1	2	0	13140
1161	3	4	12986	1	0	12994
1162	12596	0	1	1	0	12598
1163	16801	0	0	1	0	16802
1164	1	1	0	19238	0	19240
1165	4	2	0	19270	0	19276
1166	0	18537	33	42	0	18612
1167	10	45	18734	7	0	18796
1168	18053	3	39	5	0	18100
1169	28	3	3	19592	0	19626
1170	3	18806	25	35	0	18869
1171	0	37	3	19753	0	19793
1172	11	10	19477	30	0	19528
1173	0	5	26	18942	0	18973
1174	1	18486	33	36	0	18556
1175	1	31	1	19756	0	19789
1176	21949	7	5	29	0	21990
1177	26	15	1	20645	0	20687
1178	4	19700	29	37	0	19770
1179	2	19919	29	21	0	19971
1180	19884	32	5	7	0	19928
1181	37	14	20339	7	0	20397
1182	5	11	26	19750	0	19792
1183	2	11	5	20581	0	20599
1184	9	13	20317	31	0	20370
1185	1	19381	50	40	0	19472
1186	10	49	21881	6	0	21946
1187	4	8	26	21654	0	21692
1188	1	22953	39	43	0	23036
1189	25209	31	3	6	0	25249
1190	28	23660	50	12	0	23750
1191	7	24385	42	24	0	24458
1192	26116	31	3	2	0	26152
1193	26921	10	6	14	0	26951
1194	27367	6	2	11	0	27386
1195	31	13	1	27149	0	27194
1196	21	17	25944	32	0	26014
1197	24095	8	48	21	0	24172
1198	25631	6	8	10	0	25655
1199	32	11	6	26459	0	26508
1200	16	10	26582	69	0	26677
1201	6	23974	101	35	0	24116
1202	24146	54	10	8	0	24218
1203	26393	11	6	12	0	26422
1204	61	25341	51	15	0	25468
1205	11	25538	43	18	0	25610
1206	26954	66	0	5	0	27025
1207	26343	15	0	9	0	26367
1208	24660	11	7	5	0	24683
1209	72	9	5	24442	0	24528
1210	25	11	24826	66	0	24928
1211	9	11	57	24050	0	24127
1212	15	12	24714	66	0	24807
1213	5	23036	106	26	0	23173
1214	7	24005	46	15	0	24073
1215	5	63	7	24685	0	24760
1216	10	16	6	24678	0	24710
1217	7	15	2	24486	0	24510
1218	6	23855	35	76	0	23972
1219	24765	66	6	18	0	24855
1220	23822	19	10	19	0	23870
1221	72	24001	33	23	0	24129
1222	18	67	3	23784	0	23872
1223	14	23186	44	72	0	23316
1224	10	79	4	23944	0	24037
1225	9	23129	31	83	0	23252
1226	23852	66	8	18	0	23944
1227	71	15	5	23072	0	23163
1228	19	27	22664	76	0	22786
1229	22234	11	57	23	0	22325
1230	22809	7	10	27	0	22853
1231	85	19	22590	15	0	22709
1232	15	15	56	23409	0	23495
1233	23	32	23708	75	0	23838
1234	11	18	62	23422	0	23513
1235	16	21	23144	77	0	23258
1236	21521	19	78	27	0	21645
1237	71	16	11	23134	0	23232
1238	21	21763	61	81	0	21926
1239	23428	65	10	18	0	23521
1240	75	16	8	23017	0	23116
1241	19	18	6	23174	0	23217
1242	28	32	22862	71	0	22993
1243	24	20	59	24362	0	24465
1244	24	28	26122	188	0	26362
1245	23	51	25320	54	0	25448
1246	12	42	230	27390	0	27674
1247	22	30	29718	206	0	29976
1248	25440	19	318	72	0	25849
1249	30754	22	89	31	0	30896
1250	31666	28	48	38	0	31780
1251	592	31538	78	58	0	32266
1252	223	472	31	32109	0	32835
1253	140	177	29	31613	0	31959
1254	80	31846	61	583	0	32570
1255	32345	505	31	216	0	33097
1256	523	182	16	32035	0	32756
1257	186	130	32087	573	0	32976
1258	143	156	30239	197	0	30735
1259	78	29614	692	202	0	30586
1260	31539	528	239	98	0	32404
1261	1237	206	29840	69	0	31352
1262	28166	116	602	73	0	28957
1263	625	25949	328	90	0	26992
1264	240	511	25251	70	0	26072
1265	162	202	24416	51	0	24831
1266	109	155	24532	41	0	24837
1267	83	23021	853	78	0	24035
1268	80	520	24371	41	0	25012
1269	23885	166	727	42	0	24820
1270	543	119	273	24186	0	25121
1271	209	94	174	25108	0	25585
1272	173	68	135	25567	0	25943
1273	136	64	90	25766	0	26056
1274	132	100	25871	825	0	26928
1275	88	91	566	26124	0	26869
1276	83	53	208	25476	0	25820
1277	24692	52	169	818	0	25731
1278	24740	86	132	360	0	25318
1279	24546	76	135	239	0	24996
1280	824	182	25051	184	0	26241
1281	357	25498	794	172	0	26821
1282	249	28321	305	131	0	29006
1283	26217	1003	207	130	0	27557
1284	781	27924	186	131	0	29022
1285	279	967	170	27944	0	29360
1286	192	349	148	27650	0	28339
1287	170	314	25932	1079	0	27495
1288	127	24199	951	414	0	25691
1289	159	904	24170	248	0	25481
1290	23288	312	996	209	0	24805
1291	24463	178	381	193	0	25215
1292	1046	161	295	24117	0	25619
1293	402	132	236	23086	0	23856
1294	265	147	177	23413	0	24002
1295	209	105	190	25074	0	25578
1296	206	164	23245	1422	0	25037
1297	181	129	976	24875	0	26161
1298	169	159	24119	1360	0	25807
1299	180	185	22878	572	0	23815
1300	151	23222	1229	432	0	25034
1301	23492	969	473	311	0	25245
1302	999	23780	370	270	0	25419
1303	359	1113	270	21428	0	23170
1304	280	420	24921	1069	0	26690
1305	25228	288	1200	423	0	27139
1306	1300	293	24970	336	0	26899
1307	25523	193	1342	316	0	27374
1308	25918	215	610	276	0	27019
1309	1523	187	423	26851	0	28984
1310	639	200	419	27337	0	28595
1311	521	207	356	28139	0	29223
1312	430	279	25009	1801	0	27519
1313	25816	232	1286	781	0	28115
1314	1399	25692	609	569	0	28269
1315	632	1270	364	26588	0	28854
1316	26748	497	333	1548	0	29126
1317	27772	382	351	684	0	29189
1318	28215	339	310	579	0	29443
1319	1893	327	25641	553	0	28414
1320	26762	331	1394	474	0	28961
1321	27716	339	639	492	0	29186
1322	1890	360	24831	541	0	27622
1323	849	338	27732	446	0	29365
1324	643	300	1849	29006	0	31798
1325	614	347	27913	1587	0	30461
1326	466	27443	1862	695	0	30466
1327	383	29781	998	513	0	31675
1328	27796	1721	708	435	0	30660
1329	1603	29144	508	433	0	31688
1330	711	1675	519	29258	0	32163
1331	27303	625	545	1684	0	30157
1332	1570	28125	436	794	0	30925
1333	609	1642	495	28391	0	31137
1334	530	623	529	29929	0	31611
1335	498	513	27270	2072	0	30353
1336	444	385	1540	28843	0	31212
1337	474	413	27540	2111	0	30538
1338	511	349	28139	1091	0	30090
1339	522	331	1766	27782	0	30401
1340	465	288	810	29472	0	31035
1341	27703	269	644	2166	0	30782
1342	1679	29162	512	1148	0	32501
1343	633	1457	433	26409	0	28932
1344	521	555	319	27296	0	28691
1345	25206	404	273	2134	0	28017
1346	1587	24003	362	1055	0	27007
1347	679	22120	327	696	0	23822
1348	555	22371	392	532	0	23850
1349	344	19682	254	402	0	20682
1350	16877	1360	195	294	0	18726
1351	17795	523	149	286	0	18753
1352	17873	376	132	303	0	18684
1353	18117	276	170	322	0	18885
1354	1398	256	212	17214	0	19080
1355	591	220	16128	1263	0	18202
1356	426	16495	1101	451	0	18473
1357	379	1023	376	16963	0	18741
1358	333	415	16711	1173	0	18632
1359	311	237	1044	16380	0	17972
1360	239	254	373	17190	0	18056
1361	236	213	15910	1372	0	17731
1362	281	215	1051	16367	0	17914
1363	343	223	384	17254	0	18204
1364	17325	201	364	1453	0	19343
1365	18224	145	276	685	0	19330
1366	18387	171	266	476	0	19300
1367	18363	193	245	469	0	19270
1368	1473	194	234	17258	0	19159
1369	632	234	204	18123	0	19193
1370	533	208	220	18600	0	19561
1371	17514	194	239	1459	0	19406
1372	1254	249	241	19301	0	21045
1373	595	151	252	20310	0	21308
1374	563	224	16289	1704	0	18780
1375	513	182	1076	16723	0	18494
1376	515	16137	423	1462	0	18537
1377	438	17973	349	685	0	19445
1378	17292	1344	249	624	0	19509
1379	1354	542	16542	577	0	19015
1380	486	14394	857	413	0	16150
1381	13713	999	1133	337	0	16182
1382	961	394	248	13907	0	15510
1383	447	286	13160	1042	0	14935
1384	327	253	819	12920	0	14319
1385	297	13533	403	1012	0	15245
1386	14699	864	306	508	0	16377
1387	1110	15065	278	382	0	16835
1388	15126	1165	235	385	0	16911
1389	15761	486	204	349	0	16800
1390	1425	360	133	14958	0	16876
1391	661	304	138	14909	0	16012
1392	415	14798	156	1419	0	16788
1393	15098	1103	130	774	0	17105
1394	1223	502	14537	581	0	16843
1395	13854	349	883	369	0	15455
1396	14580	295	370	341	0	15586
1397	1299	240	12607	344	0	14490
1398	570	251	907	13221	0	14949
1399	13349	171	384	1095	0	14999
1400	1155	200	12736	550	0	14641
1401	550	201	13216	394	0	14361
1402	12595	163	1124	397	0	14279
1403	1095	12680	508	401	0	14684
1404	410	9832	265	190	0	10697
1405	1154	929	189	8463	0	10735
1406	282	384	8177	809	0	9652
1407	8612	233	767	352	0	9964
1408	855	212	8253	286	0	9606
1409	354	7362	665	243	0	8624
1410	7189	720	265	229	0	8403
1411	787	307	200	7250	0	8544
1412	7566	205	170	759	0	8700
1413	846	193	6944	332	0	8315
1414	472	165	607	6807	0	8051
1415	323	7317	288	679	0	8607
1416	300	657	209	7077	0	8243
1417	282	304	164	7880	0	8630
1418	306	200	6933	867	0	8306
1419	279	6942	656	426	0	8303
1420	251	7606	291	312	0	8460
1421	282	759	7262	291	0	8594
1422	5918	332	600	231	0	7081
1423	6496	198	302	246	0	7242
1424	660	149	174	4965	0	5948
1425	5010	126	172	545	0	5853
1426	658	4575	174	250	0	5657
1427	348	5832	159	150	0	6489
1428	5542	734	98	158	0	6532
1429	697	310	124	5531	0	6662
1430	5671	181	117	648	0	6617
1431	6018	147	109	348	0	6622
1432	849	161	140	5585	0	6735
1433	439	169	5290	647	0	6545
1434	5570	175	567	317	0	6629
1435	6019	136	240	231	0	6626
1436	852	145	173	5326	0	6496
1437	420	5366	151	659	0	6596
1438	287	866	153	5384	0	6690
1439	265	289	5275	691	0	6520
1440	266	199	5618	345	0	6428
1441	224	5501	751	245	0	6721
1442	213	506	233	3865	0	4817
1443	190	246	149	4518	0	5103
1444	165	176	4175	611	0	5127
1445	4149	211	488	281	0	5129
1446	4608	152	239	194	0	5193
1447	4360	142	191	173	0	4866
1448	4659	153	131	155	0	5098
1449	727	3946	135	173	0	4981
1450	367	4534	118	179	0	5198
1451	4319	595	117	147	0	5178
1452	620	271	125	4256	0	5272
1453	386	159	130	4387	0	5062
1454	299	4227	133	591	0	5250
1455	267	499	96	4359	0	5221
1456	250	283	98	4439	0	5070
1457	216	4228	116	670	0	5230
1458	245	515	4069	320	0	5149
1459	198	285	496	4396	0	5375
1460	4275	193	212	609	0	5289
1461	4671	156	179	336	0	5342
1462	672	179	4183	232	0	5266
1463	375	110	4493	224	0	5202
1464	256	134	4580	205	0	5175
1465	259	141	620	4313	0	5333
1466	264	116	4324	557	0	5261
1467	210	175	4504	259	0	5148
1468	213	179	618	3794	0	4804
1469	224	4156	294	510	0	5184
1470	210	484	4160	291	0	5145
1471	217	4379	576	222	0	5394
1472	2493	373	122	104	0	3092
1473	327	2655	96	107	0	3185
1474	158	370	82	2615	0	3225
1475	2592	127	60	402	0	3181
1476	382	95	78	2639	0	3194
1477	167	73	77	2909	0	3226
1478	122	69	2436	450	0	3077
1479	110	2510	295	189	0	3104
1480	111	3120	153	100	0	3484
1481	99	387	98	2853	0	3437
1482	99	158	80	3131	0	3468
1483	74	93	105	3301	0	3573
1484	91	68	2859	497	0	3515
1485	85	76	3229	199	0	3589
1486	938	12	46	29	0	1025
1487	54	19	950	13	0	1036
1488	14	13	977	14	0	1018
1489	13	939	56	21	0	1029
1490	26	52	15	954	0	1047
1491	34	15	1598	60	0	1707
1492	20	10	53	1617	0	1700
1493	18	8	1657	63	0	1746
1494	21	9	63	1657	0	1750
1495	26	6	1638	71	0	1741
1496	18	6	59	1642	0	1725
1497	15	17	23	1608	0	1663
1498	14	1619	18	69	0	1720
1499	7	66	15	1642	0	1730
1500	9	1652	20	65	0	1746
1501	8	63	17	1682	0	1770
1502	11	15	15	1739	0	1780
1503	1682	18	13	70	0	1783
1504	54	16	15	1701	0	1786
1505	22	6	1650	69	0	1747
1506	27	5	53	1664	0	1749
1507	17	9	17	1729	0	1772
1508	16	12	1628	66	0	1722
1509	15	18	1616	20	0	1669
1510	11	27	52	1574	0	1664
1511	20	10	17	1709	0	1756
1512	11	15	1583	78	0	1687
1513	7	1580	49	48	0	1684
1514	9	1674	24	30	0	1737
1515	1674	51	28	24	0	1777
1516	49	19	17	1702	0	1787
1517	1677	19	18	61	0	1775
1518	1680	17	25	17	0	1739
1519	42	1623	16	38	0	1719
1520	1676	59	11	27	0	1773
1521	1704	14	14	19	0	1751
1522	55	9	1645	36	0	1745
1523	15	9	67	1934	0	2025
1524	10	8	1913	80	0	2011
1525	9	5	74	1979	0	2067
1526	5	6	1939	81	0	2031
1527	0	1266	13	3	0	1282
1528	2	1326	1	1	0	1330
1529	1	7	0	1367	0	1375
1530	1364	2	1	5	0	1372
1531	4	0	0	1337	0	1341
1532	1	1	0	1337	0	1339
1533	0	3	1352	8	0	1363
1534	0	1	1324	2	0	1327
1535	1	3	1304	2	0	1310
1536	0	0	8	1313	0	1321
1537	1	2	4	1311	0	1318
1538	0	1293	6	7	0	1306
1539	0	1314	2	4	0	1320
1540	1352	6	1	1	0	1360
1541	5	1307	2	3	0	1317
1542	3	6	1291	6	0	1306
1543	1	1	6	1294	0	1302
1544	1	2	1315	6	0	1324
1545	1	1307	9	2	0	1319
1546	1	7	2	1342	0	1352
1547	1329	1	2	6	0	1338
1548	5	4	1286	2	0	1297
1549	2	1244	6	6	0	1258
1550	2	5	1270	4	0	1281
1551	2	1283	10	1	0	1296
1552	0	6	3	1340	0	1349
1553	1345	3	2	7	0	1357
1554	1306	1	3	6	0	1316
1555	5	1303	7	11	0	1326
1556	1347	6	7	6	0	1366
1557	5	3	5	1331	0	1344
1558	1335	3	9	13	0	1360
1559	6	10	1303	4	0	1323
1560	3	14	1273	2	0	1292
1561	4	4	9	1208	0	1225
1562	7	2	2	2072	0	2083
1563	5	2	2053	16	0	2076
1564	2	2	5	2038	0	2047
1565	2089	2	10	8	0	2109
1566	2055	3	9	3	0	2070
1567	6	1977	9	6	0	1998
1568	3	2011	8	11	0	2033
1569	2090	8	4	6	0	2108
1570	6	11	2	2054	0	2073
1571	2092	11	2	7	0	2112
1572	10	1975	11	10	0	2006
1573	2081	10	6	5	0	2102
1574	7	11	2011	4	0	2033
1575	2	5	1978	9	0	1994
1576	3	4	11	1979	0	1997
1577	6	6	2585	7	0	2604
1578	2	9	7	2555	0	2573
1579	9	3	4	2594	0	2610
1580	7	4	2907	8	0	2926
1581	0	9	59	2809	0	2877
1582	3	8	8	2899	0	2918
1583	5	8	2893	61	0	2967
1584	7	5	2836	10	0	2858
1585	2807	3	62	8	0	2880
1586	69	7	2863	5	0	2944
1587	2851	5	59	3	0	2918
1588	2966	5	9	6	0	2986
1589	70	4	2845	8	0	2927
1590	11	6	2892	8	0	2917
1591	12	3	67	2181	0	2263
1592	5	1	14	2175	0	2195
1593	1	2171	14	54	0	2240
1594	2	2245	9	14	0	2270
1595	4	57	2233	11	0	2305
1596	2163	3	59	10	0	2235
1597	2259	11	8	7	0	2285
1598	70	8	2226	1	0	2305
1599	12	8	2187	3	0	2210
1600	8	8	59	2180	0	2255
1601	10	2155	12	51	0	2228
1602	7	61	8	2219	0	2295
1603	9	3	10	2295	0	2317
1604	2259	10	1	63	0	2333
1605	2259	7	5	5	0	2276
1606	61	1	12	3256	0	3330
1607	10	3	3207	63	0	3283
1608	3070	3	58	9	0	3140
1609	53	3112	20	13	0	3198
1610	3289	55	13	14	0	3371
1611	3281	4	5	13	0	3303
1612	57	3148	10	8	0	3223
1613	6	3261	5	14	0	3286
1614	10	57	6	3265	0	3338
1615	8	6	11	3284	0	3309
1616	7	3171	17	61	0	3256
1617	12	57	7	3906	0	3982
1618	10	3	11	3989	0	4013
1619	10	9	3797	96	0	3912
1620	3814	6	86	18	0	3924
1621	3962	0	24	20	0	4006
1622	4030	2	16	17	0	4065
1623	98	2	9	3602	0	3711
1624	3631	1	8	87	0	3727
1625	91	3504	13	21	0	3629
1626	23	76	6	3452	0	3557
1627	16	3435	12	78	0	3541
1628	20	3555	12	15	0	3602
1629	3641	89	3	11	0	3744
1630	3703	17	6	8	0	3734
1631	3707	17	2	9	0	3735
1632	3715	10	4	9	0	3738
1633	3717	8	5	5	0	3735
1634	104	10	3501	12	0	3627
1635	3534	5	83	11	0	3633
1636	102	9	3587	12	0	3710
1637	3534	5	90	23	0	3652
1638	3639	2	35	11	0	3687
1639	4100	2	21	9	0	4132
1640	120	11	4665	8	0	4804
1641	54	3	80	4477	0	4614
1642	31	4568	39	76	0	4714
1643	4846	81	11	16	0	4954
1644	4850	16	21	7	0	4894
1645	102	4621	22	16	0	4761
1646	4849	86	12	10	0	4957
1647	101	19	10	4685	0	4815
1648	32	4545	19	86	0	4682
1649	4837	90	12	16	0	4955
1650	4837	18	12	27	0	4894
1651	114	15	14	4753	0	4896
1652	4857	9	19	92	0	4977
1653	113	6	23	5497	0	5639
1654	50	9	15	5524	0	5598
1655	35	12	5453	110	0	5610
1656	36	14	86	5260	0	5396
1657	30	8	16	5584	0	5638
1658	27	13	5454	118	0	5612
1659	25	19	5355	40	0	5439
1660	25	9	88	5330	0	5452
1661	17	23	5420	107	0	5567
1662	4354	18	93	29	0	4494
1663	107	4548	40	19	0	4714
1664	40	90	19	4743	0	4892
1665	42	24	14	4824	0	4904
1666	46	14	7	4791	0	4858
1667	4823	23	19	101	0	4966
1668	4719	16	10	39	0	4784
1669	4803	14	12	32	0	4861
1670	113	5439	21	35	0	5608
1671	41	88	7	5756	0	5892
1672	34	22	8	5850	0	5914
1673	5840	7	13	115	0	5975
1674	5782	13	13	33	0	5841
1675	118	9	14	5734	0	5875
1676	52	11	5641	99	0	5803
1677	4981	8	82	32	0	5103
1678	5201	14	22	24	0	5261
1679	132	23	5102	21	0	5278
1680	4155	5	31	13	0	4204
1681	45	12	4458	12	0	4527
1682	3424	9	943	6	0	4382
1683	47	4	18	4436	0	4505
1684	31	4843	16	42	0	4932
1685	31	50	4859	19	0	4959
1686	28	4693	59	17	0	4797
1687	14	4798	35	23	0	4870
1688	5083	60	12	13	0	5168
1689	55	24	16	4963	0	5058
1690	24	12	7	5015	0	5058
1691	5076	8	12	76	0	5172
1692	60	10	14	4979	0	5063
1693	21	10	10	4977	0	5018
1694	17	5	9	5011	0	5042
1695	19	7	8	5524	0	5558
1696	20	11	5516	80	0	5627
1697	20	19	5282	38	0	5359
1698	9	5134	72	35	0	5250
1699	5445	50	20	23	0	5538
1700	57	16	13	5441	0	5527
1701	26	5972	31	66	0	6095
1702	19	64	13	6486	0	6582
1703	18	24	9	6458	0	6509
1704	5	21	8	6452	0	6486
1705	14	11	6	6501	0	6532
1706	14	10	4	6289	0	6317
1707	17	6049	8	78	0	6152
1708	14	46	2	6381	0	6443
1709	9	32	6120	79	0	6240
1710	13	5909	58	48	0	6028
1711	13	54	16	6277	0	6360
1712	8	21	12	6269	0	6310
1713	11	5969	21	75	0	6076
1714	10	6126	19	37	0	6192
1715	6213	63	17	23	0	6316
1716	58	5976	28	25	0	6087
1717	5566	21	1	5	0	5593
1718	5451	5	2	4	0	5462
1719	26	10	5372	4	0	5412
1720	8	13	21	4955	0	4997
1721	10	4	5323	21	0	5358
1722	5	5123	33	11	0	5172
1723	2	24	8	5282	0	5316
1724	5	9	1	5368	0	5383
1725	1	4	4	5334	0	5343
1726	2	6	2	5430	0	5440
1727	2	1	5390	29	0	5422
1728	0	4	21	5309	0	5334
1729	7	7	5351	27	0	5392
1730	3	7	5146	13	0	5169
1731	4704	3	31	10	0	4748
1732	5130	3	5	10	0	5148
1733	5256	2	7	6	0	5271
1734	25	4941	31	9	0	5006
1735	9	25	3	5341	0	5378
1736	12	8	5564	22	0	5606
1737	6	5	23	5332	0	5366
1738	5	6	5478	26	0	5515
1739	4953	5	23	10	0	4991
1740	4512	4	7	5	0	4528
1741	4562	5	3	10	0	4580
1742	27	5	4359	7	0	4398
1743	13	9	4254	4	0	4280
1744	7	4	23	4247	0	4281
1745	7	8	6	4409	0	4430
1746	2	3	5	4537	0	4547
1747	7	6	5253	28	0	5294
1748	7	16	4830	13	0	4866
1749	5015	6	28	10	0	5059
1750	22	3	6	5318	0	5349
1751	3	4	9	5332	0	5348
1752	5434	3	6	33	0	5476
1753	26	0	5	4841	0	4872
1754	4893	2	3	34	0	4932
1755	5667	8	3	14	0	5692
1756	5397	5	3	9	0	5414
1757	29	6	5565	12	0	5612
1758	14	5221	38	11	0	5284
1759	5692	19	7	7	0	5725
1760	24	8	5	5593	0	5630
1761	12	3	7	5569	0	5591
1762	8	5385	11	29	0	5433
1763	5662	18	7	9	0	5696
1764	6031	7	5	12	0	6055
1765	6087	5	6	9	0	6107
1766	25	6211	19	9	0	6264
1767	6670	19	2	9	0	6700
1768	6636	4	4	9	0	6653
1769	6622	5	4	7	0	6638
1770	29	5	1	5653	0	5688
1771	13	4	4	5783	0	5804
1772	11	11	6408	27	0	6457
1773	6	6	23	6214	0	6249
1774	9	4	6	6451	0	6470
1775	12	9	6422	30	0	6473
1776	6166	3	29	11	0	6209
1777	6591	1	4	13	0	6609
1778	26	4	7	6474	0	6511
1779	13	6227	16	25	0	6281
1780	11	6271	16	18	0	6316
1781	9	26	7	6589	0	6631
1782	9	10	6388	26	0	6433
1783	5	549	29	5691	0	6274
1784	2	4	6816	2	0	6824
1785	2	15	7456	0	0	7473
1786	2	4	4	7616	0	7626
1787	7964	0	1	1	0	7966
1788	7818	1	2	4	0	7825
1789	1	1	2	7814	0	7818
1790	1	1	1	7742	0	7745
1791	1	0	2	7892	0	7895
1792	1	2	1	7795	0	7799
1793	7935	0	3	4	0	7942
1794	7663	2	1	3	0	7669
1795	7216	2	0	1	0	7219
1796	5	6	7231	2	0	7244
1797	0	1	1	7157	0	7159
1798	3	2	2	8273	0	8280
1799	8392	0	0	26	0	8418
1800	26	7710	26	7	0	7769
1801	7451	26	0	1	0	7478
1802	7825	3	4	0	0	7832
1803	7822	1	3	3	0	7829
1804	7773	2	4	4	0	7783
1805	31	20	7645	0	0	7696
1806	8	39	6397	3	0	6447
1807	7338	0	24	2	0	7364
1808	7513	1	3	5	0	7522
1809	7428	0	3	7	0	7438
1810	7435	1	0	8	0	7444
1811	42	22	7998	3	0	8065
1812	15	8966	88	8	0	9077
1813	21	121	12	9633	0	9787
1814	11543	41	12	125	0	11721
1815	11648	23	4	50	0	11725
1816	12082	20	5	31	0	12138
1817	12099	7	18	12	0	12136
1818	12115	7	12	12	0	12146
1819	12043	1	17	9	0	12070
1820	287	27	11192	6	0	11512
1821	127	33	11389	4	0	11553
1822	88	6	197	11550	0	11841
1823	61	17	11688	160	0	11926
1824	43	11056	228	65	0	11392
1825	45	11923	88	51	0	12107
1826	47	201	46	12404	0	12698
1827	58	94	12862	156	0	13170
1828	42	77	12330	64	0	12513
1829	12546	21	238	45	0	12850
1830	14267	23	96	23	0	14409
1831	341	21	58	13923	0	14343
1832	14287	11	37	266	0	14601
1833	319	11	45	14086	0	14461
1834	125	8	31	14296	0	14460
1835	77	18	13924	364	0	14383
1836	48	41	13327	140	0	13556
1837	34	36	347	13525	0	13942
1838	47	36	13591	315	0	13989
1839	12983	18	324	144	0	13469
1840	13896	22	123	70	0	14111
1841	419	13203	97	47	0	13766
1842	13999	250	39	42	0	14330
1843	403	104	13397	37	0	13941
1844	13584	40	297	31	0	13952
1845	13969	17	130	34	0	14150
1846	14036	12	98	39	0	14185
1847	454	22	69	12456	0	13001
1848	216	12298	98	260	0	12872
1849	13045	266	61	121	0	13493
1850	13179	119	57	67	0	13422
1851	436	70	53	12887	0	13446
1852	13094	33	56	314	0	13497
1853	376	12496	72	161	0	13105
1854	217	272	54	12969	0	13512
1855	178	112	11850	320	0	12460
1856	10865	60	309	145	0	11379
1857	400	51	11892	93	0	12436
1858	227	21	332	12314	0	12894
1859	136	12127	184	355	0	12802
1860	115	14048	115	141	0	14419
1861	126	457	92	14910	0	15585
1862	119	14504	123	438	0	15184
1863	101	488	82	20646	0	21317
1864	113	199	81	20779	0	21172
1865	101	144	74	21163	0	21482
1866	19766	111	51	1030	0	20958
1867	779	55	63	20267	0	21164
1868	393	127	18801	882	0	20203
1869	273	19144	713	438	0	20568
1870	19633	658	238	256	0	20785
1871	873	243	131	19449	0	20696
1872	417	149	91	19447	0	20104
1873	261	91	108	20024	0	20484
1874	209	169	18058	1074	0	19510
1875	149	18530	741	533	0	19953
1876	18947	697	313	334	0	20291
1877	755	304	214	17863	0	19136
1878	346	18831	149	786	0	20112
1879	19286	750	134	389	0	20559
1880	807	364	18564	263	0	19998
1881	18991	227	761	194	0	20173
1882	946	168	18807	175	0	20096
1883	457	150	18697	181	0	19485
1884	305	17762	984	183	0	19234
1885	248	708	384	17194	0	18534
1886	230	328	16790	801	0	18149
1887	187	16676	809	416	0	18088
1888	174	726	367	16365	0	17632
1889	129	16778	291	815	0	18013
1890	144	838	16808	403	0	18193
1891	167	353	778	17269	0	18567
1892	178	253	16938	869	0	18238
1893	181	187	810	17442	0	18620
1894	162	175	378	18039	0	18754
1895	159	203	16775	1076	0	18213
1896	177	128	861	17600	0	18766
1897	16706	116	376	1030	0	18228
1898	750	15785	268	532	0	17335
1899	349	701	15532	401	0	16983
1900	16932	298	753	299	0	18282
1901	831	228	330	16110	0	17499
1902	418	16168	237	778	0	17601
1903	16738	706	165	408	0	18017
1904	17178	351	167	291	0	17987
1905	997	240	137	16159	0	17533
1906	497	188	120	16853	0	17658
1907	290	163	143	17200	0	17796
1908	235	144	168	16886	0	17433
1909	212	15891	163	1193	0	17459
1910	930	1600	133	14209	0	16872
1911	180	15031	136	917	0	16264
1912	145	14083	138	466	0	14832
1913	114	14434	104	388	0	15040
1914	146	877	11478	295	0	12796
1915	110	12570	609	299	0	13588
1916	11708	707	263	273	0	12951
1917	580	11991	176	318	0	13065
1918	272	714	161	10790	0	11937
1919	212	12069	125	704	0	13110
1920	176	731	145	11942	0	12994
1921	163	363	158	12600	0	13284
1922	164	310	11602	881	0	12957
1923	11667	237	599	497	0	13000
1924	12123	230	266	377	0	12996
1925	11789	181	182	355	0	12507
1926	791	11311	193	415	0	12710
1927	342	617	181	11032	0	12172
1928	278	342	10291	757	0	11668
1929	235	10673	615	443	0	11966
1930	214	569	285	8476	0	9544
1931	186	9798	203	550	0	10737
1932	9788	602	177	296	0	10863
1933	10107	334	175	235	0	10851
1934	10237	256	189	203	0	10885
1935	10310	199	202	205	0	10916
1936	726	170	210	9837	0	10943
1937	351	220	191	9812	0	10574
1938	280	9631	164	683	0	10758
1939	205	551	148	10070	0	10974
1940	169	310	9356	717	0	10552
1941	153	241	491	10046	0	10931
1942	114	211	9422	741	0	10488
1943	113	9581	573	427	0	10694
1944	121	555	9628	320	0	10624
1945	95	285	654	9835	0	10869
1946	104	227	9578	668	0	10577
1947	108	213	603	9849	0	10773
1948	114	188	332	9998	0	10632
1949	147	177	236	10167	0	10727
1950	167	169	184	10242	0	10762
1951	9629	200	140	794	0	10763
1952	538	9705	143	457	0	10843
1953	9890	560	111	409	0	10970
1954	584	289	9334	339	0	10546
1955	9745	238	465	309	0	10757
1956	9678	180	676	319	0	10853
1957	724	216	9422	254	0	10616
1958	382	157	8856	230	0	9625
1959	295	8651	529	267	0	9742
1960	189	7734	237	227	0	8387
1961	143	425	5990	194	0	6752
1962	117	6435	367	206	0	7125
1963	5	0	0	768	0	773
1964	770	0	0	1	0	771
1965	0	0	0	759	0	759
1966	768	0	0	0	0	768
1967	747	0	0	5	0	752
1968	0	707	1	1	0	709
1969	770	0	0	0	0	770
1970	766	0	0	1	0	767
1971	0	0	0	731	0	731
1972	774	0	0	1	0	775
1973	0	713	0	1	0	714
1974	0	0	0	756	0	756
1975	755	0	0	0	0	755
1976	0	0	712	0	0	712
1977	713	0	0	1	0	714
1978	0	0	0	736	0	736
1979	1	0	727	1	0	729
1980	0	1	687	0	0	688
1981	679	0	0	0	0	679
1982	740	0	1	0	0	741
1983	0	0	0	725	0	725
1984	0	1	0	725	0	726
1985	0	0	0	744	0	744
1986	0	684	2	0	0	686
1987	751	0	0	1	0	752
1988	0	689	1	1	0	691
1989	726	0	0	1	0	727
1990	0	0	694	0	0	694
1991	1	0	0	691	0	692
1992	732	0	0	0	0	732
1993	2	1	0	709	0	712
1994	0	0	0	733	0	733
1995	0	659	2	1	0	662
1996	715	0	0	0	0	715
1997	0	678	1	2	0	681
1998	0	1	0	726	0	727
1999	0	0	674	0	0	674
2000	5	0	0	0	0	5
2001	0	0	6	0	0	6
2002	7	0	0	0	0	7
2003	0	8	0	0	0	8
2004	0	0	0	8	0	8
2005	0	7	0	0	0	7
2006	8	1	0	0	0	9
2007	0	0	0	9	0	9
2008	0	1	0	8	0	9
2009	1	0	8	0	0	9
2010	6	0	0	1	0	7
2011	0	0	0	9	0	9
2012	0	0	9	0	0	9
2013	1	5	0	0	0	6
2014	0	0	0	9	0	9
2015	8	0	1	0	0	9
2016	0	1	0	8	0	9
2017	0	0	8	1	0	9
2018	8	0	0	0	0	8
2019	1	0	0	8	0	9
2020	0	0	10	0	0	10
2021	1	0	0	9	0	10
2022	0	0	0	10	0	10
2023	0	9	1	0	0	10
2024	9	0	0	1	0	10
2025	0	9	0	0	0	9
2026	9	1	0	0	0	10
2027	1	0	0	9	0	10
2028	0	10	0	0	0	10
2029	1	0	0	9	0	10
2030	0	0	9	1	0	10
2031	7	1	0	0	0	8
2032	0	0	0	8	0	8
2033	0	0	1	7	0	8
2034	1	0	0	7	0	8
2035	0	0	7	1	0	8
2036	0	0	6	1	0	7
2037	0	7	0	1	0	8
2038	0	0	1	7	0	8
2039	7	0	1	0	0	8
2040	0	8	0	0	0	8
2041	0	0	0	8	0	8
2042	7	0	0	0	0	7
2043	7	1	0	0	0	8
2044	0	5	0	1	0	6
2045	9	0	0	0	0	9
2046	685	0	0	0	0	685
2047	3	2	1	685	0	691
2048	3	692	0	4	0	699
2049	1	3	0	728	0	732
2050	692	1	0	5	0	698
2051	6	3	698	2	0	709
2052	5	0	3	730	0	738
2053	14	1	2	723	0	740
2054	2	3	697	20	0	722
2055	3	14	4	743	0	764
2056	707	2	7	19	0	735
2057	671	1	8	9	0	689
2058	10	2	11	748	0	771
2059	6	3	710	24	0	743
2060	7	7	579	21	0	614
2061	2	692	23	12	0	729
2062	8	737	4	20	0	769
2063	19	6	5	708	0	738
2064	671	3	9	13	0	696
2065	7	730	7	24	0	768
2066	743	8	15	10	0	776
2067	7	9	18	766	0	800
2068	8	15	7	770	0	800
2069	699	16	7	16	0	738
2070	13	759	1	18	0	791
2071	777	12	4	14	0	807
2072	15	19	762	10	0	806
2073	22	5	747	13	0	787
2074	12	8	9	776	0	805
2075	12	15	756	32	0	815
2076	16	11	733	21	0	781
2077	12	20	13	776	0	821
2078	24	10	748	14	0	796
2079	13	9	24	764	0	810
2080	11	3	25	785	0	824
2081	11	2	745	40	0	798
2082	4	7	36	764	0	811
2083	7	9	30	712	0	758
2084	17	765	11	34	0	827
2085	783	10	25	20	0	838
2086	13	12	742	37	0	804
2087	10	6	21	792	0	829
2088	13	7	35	785	0	840
2089	4	15	739	39	0	797
2090	736	16	13	37	0	802
2091	16	769	16	24	0	825
2092	21	18	15	754	0	808
2093	20	13	17	738	0	788
2094	21	765	18	38	0	842
2095	22	9	723	40	0	794
2096	8	778	23	38	0	847
2097	780	18	18	25	0	841
2098	26	24	753	21	0	824
2099	12	18	22	798	0	850
2100	20	12	741	38	0	811
2101	6	24	727	41	0	798
2102	21	769	37	28	0	855
2103	14	29	30	741	0	814
2104	755	17	24	31	0	827
2105	736	11	33	41	0	821
2106	14	770	27	46	0	857
2107	17	18	43	781	0	859
2108	720	23	32	41	0	816
2109	753	26	23	32	0	834
2110	24	766	27	39	0	856
2111	789	20	18	46	0	873
2112	41	16	16	736	0	809
2113	31	780	24	27	0	862
2114	29	19	24	794	0	866
2115	26	24	23	786	0	859
2116	24	18	23	804	0	869
2117	26	28	744	40	0	838
2118	34	33	727	28	0	822
2119	25	789	23	39	0	876
2120	732	34	19	40	0	825
2121	25	781	16	52	0	874
2122	20	24	20	783	0	847
2123	19	17	765	50	0	851
2124	16	19	49	708	0	792
2125	19	26	31	1029	0	1105
2126	23	32	25	1048	0	1128
2127	1055	18	28	34	0	1135
2128	20	29	25	1058	0	1132
2129	12	18	1007	45	0	1082
2130	989	17	41	44	0	1091
2131	1003	15	23	52	0	1093
2132	1029	25	24	37	0	1115
2133	1033	14	17	46	0	1110
2134	1005	19	18	35	0	1077
2135	23	1020	19	49	0	1111
2136	25	18	31	947	0	1021
2137	34	1025	18	34	0	1111
2138	1061	17	17	34	0	1129
2139	1013	19	21	27	0	1080
2140	935	26	13	28	0	1002
2141	38	1002	22	37	0	1099
2142	23	1008	23	24	0	1078
2143	20	1007	19	41	0	1087
2144	23	40	964	37	0	1064
2145	44	17	32	1035	0	1128
2146	1	273	0	0	0	274
2147	0	281	1	0	0	282
2148	0	0	0	292	0	292
2149	0	0	0	290	0	290
2150	1	0	290	1	0	292
2151	275	0	0	0	0	275
2152	0	0	0	292	0	292
2153	0	0	0	291	0	291
2154	1	0	293	0	0	294
2155	1	2	282	0	0	285
2156	0	271	2	0	0	273
2157	0	0	0	295	0	295
2158	0	0	0	293	0	293
2159	0	0	293	0	0	293
2160	269	0	0	0	0	269
2161	287	0	0	0	0	287
2162	0	0	279	0	0	279
2163	276	0	0	0	0	276
2164	0	0	280	0	0	280
2165	282	0	0	0	0	282
2166	265	0	0	0	0	265
2167	0	0	261	0	0	261
2168	1	0	0	246	0	247
2169	0	0	0	256	0	256
2170	0	1	0	264	0	265
2171	264	0	0	0	0	264
2172	262	0	0	0	0	262
2173	0	0	259	0	0	259
2174	1	0	247	0	0	248
2175	254	0	0	0	0	254
2176	265	0	0	0	0	265
2177	1	0	259	0	0	260
2178	0	0	253	0	0	253
2179	0	0	0	255	0	255
2180	0	1	256	0	0	257
2181	0	0	0	245	0	245
2182	263	0	0	0	0	263
2183	1	0	494	0	0	495
2184	482	0	14	1	0	497
2185	14	0	495	2	0	511
2186	3	0	15	487	0	505
2187	2	0	5	513	0	520
2188	0	3	2	818	0	823
2189	0	778	2	19	0	799
2190	1	17	0	821	0	839
2191	0	3	1	839	0	843
2192	832	2	0	18	0	852
2193	18	2	798	5	0	823
2194	779	0	12	2	0	793
2195	18	1	811	1	0	831
2196	709	0	21	3	0	733
2197	17	765	6	0	0	788
2198	5	16	804	0	0	825
2199	4	3	809	0	0	816
2200	3	4	18	723	0	748
2201	0	1	4	808	0	813
2202	0	0	803	18	0	821
2203	4	3	774	5	0	786
2204	4	10	2252	3	0	2269
2205	2994	3	20	1	0	3018
2206	3111	0	7	0	0	3118
2207	3110	0	2	0	0	3112
2208	22	1	2	3063	0	3088
2209	6	0	1	3096	0	3103
2210	3	1	3093	21	0	3118
2211	4	2	15	2892	0	2913
2212	1	1	5	3007	0	3014
2213	3122	0	1	21	0	3144
2214	2984	2	3	7	0	2996
2215	3110	0	2	3	0	3115
2216	21	0	1	3064	0	3086
2217	7	1	1	3060	0	3069
2218	4	0	1	3127	0	3132
2219	3141	0	0	20	0	3161
2220	15	4	0	3079	0	3098
2221	3	2903	8	15	0	2929
2222	2	15	1	3119	0	3137
2223	1	2968	5	16	0	2990
2224	3152	17	1	4	0	3174
2225	2794	5	4	2	0	2805
2226	18	2761	3	3	0	2785
2227	4	2823	3	2	0	2832
2228	5	21	0	2905	0	2931
2229	2	8	2837	17	0	2864
2230	1	6	18	2581	0	2606
2231	4	3	2854	19	0	2880
2232	0	2696	18	9	0	2723
2233	1	17	5	2865	0	2888
2234	0	4	4	2830	0	2838
2235	3	3	2871	19	0	2896
2236	4	2	15	2627	0	2648
2237	5	1	2813	18	0	2837
2238	2702	1	16	4	0	2723
2239	2804	0	4	3	0	2811
2240	2850	0	3	3	0	2856
2241	20	0	1	2784	0	2805
2242	8	0	2	3617	0	3627
2243	4	2	3604	20	0	3630
2244	1	3	14	3436	0	3454
2245	2	3375	8	25	0	3410
2246	4	18	3532	3	0	3557
2247	6	6	3399	3	0	3414
2248	2	8	18	3077	0	3105
2249	6	4	3508	18	0	3536
2250	4	6	3338	6	0	3354
2251	3054	1	22	6	0	3083
2252	16	3202	11	6	0	3235
2253	3539	16	5	3	0	3563
2254	3494	4	2	2	0	3502
2255	3466	5	2	0	0	3473
2256	19	1	3	3390	0	3413
2257	7	0	2	4176	0	4185
2258	7	1	4130	21	0	4159
2259	0	1	17	4001	0	4019
2260	2	3931	14	18	0	3965
2261	4191	14	4	5	0	4214
2262	16	3966	8	5	0	3995
2263	5	4018	9	5	0	4037
2264	4	26	1	4184	0	4215
2265	7	5	4061	16	0	4089
2266	1	4	16	3889	0	3910
2267	3	8	4084	19	0	4114
2268	1	3711	30	8	0	3750
2269	4156	14	6	7	0	4183
2270	4340	3	5	4	0	4352
2271	4264	2	1	4	0	4271
2272	26	6	4837	1	0	4870
2273	9	22	4497	7	0	4535
2274	4909	0	17	5	0	4931
2275	5086	2	4	6	0	5098
2276	5093	0	5	2	0	5100
2277	21	2	2	4937	0	4962
2278	8	5	1	5033	0	5047
2279	5128	1	2	20	0	5151
2280	4996	1	3	10	0	5010
2281	24	6	4950	3	0	4983
2282	10	8	4624	6	0	4648
2283	4492	1	2	4	0	4499
2284	1	4	4634	1	0	4640
2285	4537	0	5	1	0	4543
2286	2	0	4677	1	0	4680
2287	2	1	1	4480	0	4484
2288	2	5	5402	1	0	5410
2289	1	2	1	5290	0	5294
2290	0	3	1	5428	0	5432
2291	1	5126	12	8	0	5147
2292	5452	3	1	0	0	5456
2293	2	2	5425	0	0	5429
2294	5031	1	3	1	0	5036
2295	2	5061	15	5	0	5083
2296	5489	1	0	1	0	5491
2297	0	2	0	5372	0	5374
2298	2	2	0	5351	0	5355
2299	0	5521	15	4	0	5540
2300	1	2	0	5831	0	5834
2301	0	2	0	5723	0	5725
2302	0	2	0	5778	0	5780
2303	5747	1	0	2	0	5750
2304	4230	1	3	4	0	4238
2305	1	4	3777	2	0	3784
2306	0	3582	13	3	0	3598
2307	0	0	0	3901	0	3901
2308	0	0	1	4024	0	4025
2309	2	2	4151	1	0	4156
2310	1	0	11	4093	0	4105
2311	4223	0	3	12	0	4238
2312	4184	0	1	6	0	4191
2313	4185	0	0	3	0	4188
2314	16	2	0	4159	0	4177
2315	5035	0	0	13	0	5048
2316	5001	0	0	6	0	5007
2317	5520	1	0	1	0	5522
2318	19	1	1	5460	0	5481
2319	3	1	2	5493	0	5499
2320	1	0	1	5530	0	5532
2321	2	0	1	5408	0	5411
2322	2	1	1	5437	0	5441
2323	3	5	5350	19	0	5377
2324	4	4	5269	10	0	5287
2325	6	5561	38	12	0	5617
2326	5	12	3	6139	0	6159
2327	5	5	0	6125	0	6135
2328	5	2	3	6144	0	6154
2329	6	6	6100	20	0	6132
2330	4	2	11	6027	0	6044
2331	7	7	6123	16	0	6153
2332	4	2	10	5999	0	6015
2333	9	7	6912	19	0	6947
2334	3	6486	40	25	0	6554
2335	2	15	0	7062	0	7079
2336	6	8	6858	20	0	6892
2337	6043	2	22	25	0	6092
2338	13	6437	33	12	0	6495
2339	8	14	3	7016	0	7041
2340	2	6509	34	21	0	6566
2341	1	14	3	7009	0	7027
2342	6257	3	3	17	0	6280
2343	12	4	4	6205	0	6225
2344	3	5795	21	21	0	5840
2345	6272	11	4	10	0	6297
2346	15	6	6	6694	0	6721
2347	6	3	4	6792	0	6805
2348	7436	4	3	77	0	7520
2349	89	4	3	8790	0	8886
2350	25	5	4	12243	0	12277
2351	28	20	11808	385	0	12241
2352	15	31	11779	129	0	11954
2353	8	8	389	11993	0	12398
2354	13	27	11957	341	0	12338
2355	11	40	11683	118	0	11852
2356	11251	7	427	89	0	11774
2357	331	39	11302	27	0	11699
2358	100	11151	392	41	0	11684
2359	72	316	122	11600	0	12110
2360	11631	93	81	337	0	12142
2361	11776	68	35	114	0	11993
2362	11743	20	35	94	0	11892
2363	474	11251	41	48	0	11814
2364	180	309	23	11359	0	11871
2365	108	97	33	11978	0	12216
2366	11494	71	58	417	0	12040
2367	11614	24	47	186	0	11871
2368	11767	26	39	127	0	11959
2369	482	50	11092	71	0	11695
2370	201	10587	372	69	0	11229
2371	142	12846	161	49	0	13198
2372	65	489	110	12044	0	12708
2373	49	226	55	13450	0	13780
2374	59	145	12638	614	0	13456
2375	12558	55	459	294	0	13366
2376	16156	44	201	153	0	16554
2377	628	39	133	15779	0	16579
2378	304	47	51	16176	0	16578
2379	184	14	50	16512	0	16760
2380	16091	12	39	741	0	16883
2381	544	71	15579	322	0	16516
2382	247	72	15763	200	0	16282
2383	160	51	602	15667	0	16480
2384	93	59	15735	537	0	16424
2385	17233	51	558	250	0	18092
2386	17815	32	240	174	0	18261
2387	18175	24	172	111	0	18482
2388	744	16311	113	104	0	17272
2389	17046	450	80	77	0	17653
2390	657	198	26	16761	0	17642
2391	286	134	36	17008	0	17464
2392	199	44	56	17511	0	17810
2393	123	80	16240	807	0	17250
2394	124	34	485	16362	0	17005
2395	95	16345	258	652	0	17350
2396	16558	450	195	336	0	17539
2397	479	16381	146	326	0	17332
2398	280	567	16111	180	0	17138
2399	240	16296	541	153	0	17230
2400	16501	569	247	98	0	17415
2401	568	16301	236	140	0	17245
2402	291	597	144	15434	0	16466
2403	206	16264	129	545	0	17144
2404	16579	581	119	290	0	17569
2405	18223	239	115	235	0	18812
2406	18268	196	140	161	0	18765
2407	821	138	17901	151	0	19011
2408	421	152	17703	148	0	18424
2409	316	142	17018	146	0	17622
2410	17602	93	734	156	0	18585
2411	647	92	369	17661	0	18769
2412	322	104	239	18157	0	18822
2413	263	166	17467	702	0	18598
2414	186	127	510	17853	0	18676
2415	17136	128	248	709	0	18221
2416	579	16498	220	400	0	17697
2417	16917	531	151	283	0	17882
2418	721	288	16119	170	0	17298
2419	16406	219	516	167	0	17308
2420	17112	137	282	120	0	17651
2421	17134	163	226	125	0	17648
2422	900	120	16027	149	0	17196
2423	478	101	561	16231	0	17371
2424	385	107	16331	565	0	17388
2425	277	85	603	15926	0	16891
2426	224	105	16541	694	0	17564
2427	160	91	657	16635	0	17543
2428	201	90	313	17363	0	17967
2429	17029	69	231	764	0	18093
2430	16854	72	135	429	0	17490
2431	17164	62	186	293	0	17705
2432	873	60	169	16413	0	17515
2433	482	14941	182	576	0	16181
2434	347	15804	147	335	0	16633
2435	17173	615	126	257	0	18171
2436	641	352	16272	221	0	17486
2437	16688	194	555	205	0	17642
2438	701	161	16365	210	0	17437
2439	16772	103	616	172	0	17663
2440	17241	91	307	176	0	17815
2441	818	129	16292	180	0	17419
2442	16595	76	571	185	0	17427
2443	16495	95	321	164	0	17075
2444	17249	75	229	164	0	17717
2445	918	16245	148	201	0	17512
2446	465	1083	149	15557	0	17254
2447	330	310	15715	545	0	16900
2448	218	195	15018	264	0	15695
2449	210	13343	450	205	0	14208
2450	113	10407	194	82	0	10796
2451	91	191	121	10693	0	11096
2452	10659	126	70	174	0	11029
2453	226	10341	61	140	0	10768
2454	179	168	50	10525	0	10922
2455	159	10323	47	179	0	10708
2456	8366	231	39	150	0	8786
2457	229	124	52	10361	0	10766
2458	151	111	10205	193	0	10660
2459	127	9869	176	135	0	10307
2460	89	10142	153	99	0	10483
2461	98	219	112	10131	0	10560
2462	105	10136	92	148	0	10481
2463	100	223	60	10430	0	10813
2464	10343	132	44	214	0	10733
2465	10115	100	55	136	0	10406
2466	10212	83	51	94	0	10440
2467	10360	75	48	86	0	10569
2468	333	77	11058	59	0	11527
2469	221	10720	204	57	0	11202
2470	169	11196	134	79	0	11578
2471	36	10214	46	20	0	10316
2472	35	11078	37	13	0	11163
2473	10586	140	0	4	0	10730
2474	10425	53	4	1	0	10483
2475	10521	18	4	8	0	10551
2476	8204	7	1	2	0	8214
2477	183	26	7615	1	0	7825
2478	7956	4	114	2	0	8076
2479	8126	4	45	1	0	8176
2480	8162	1	15	1	0	8179
2481	189	1	7	7882	0	8079
2482	72	3	6	8129	0	8210
2483	8127	7	2	166	0	8302
2484	132	8	2	7982	0	8124
2485	48	5966	17	140	0	6171
2486	27	113	1	6324	0	6465
2487	15	47	2	6321	0	6385
2488	18	6097	7	175	0	6297
2489	18	116	1	6250	0	6385
2490	16	50	3	6398	0	6467
2491	6286	19	8	177	0	6490
2492	130	16	5893	68	0	6107
2493	6078	9	114	28	0	6229
2494	158	20	5952	14	0	6144
2495	65	15	5853	14	0	5947
2496	28	23	7045	15	0	7111
2497	7006	5	182	14	0	7207
2498	142	16	7188	9	0	7355
2499	7151	7	143	9	0	7310
2500	7281	5	58	16	0	7360
2501	7300	3	25	12	0	7340
2502	187	6889	28	13	0	7117
2503	7220	125	10	14	0	7369
2504	152	7065	15	26	0	7258
2505	69	134	7	5703	0	5913
2506	38	55	8	5685	0	5786
2507	33	5515	9	168	0	5725
2508	20	5670	15	65	0	5770
2509	19	5797	17	31	0	5864
2510	5755	181	14	12	0	5962
2511	137	6227	27	18	0	6409
2512	6467	143	12	15	0	6637
2513	169	68	6078	10	0	6325
2514	6257	25	131	19	0	6432
2515	6478	23	47	11	0	6559
2516	202	26	6211	9	0	6448
2517	86	14	133	6206	0	6439
2518	51	18	6288	136	0	6493
2519	36	10	140	6315	0	6501
2520	23	10	63	6476	0	6572
2521	6387	14	26	184	0	6611
2522	6432	17	19	77	0	6545
2523	193	6073	32	39	0	6337
2524	6457	134	8	27	0	6626
2525	176	70	6088	19	0	6353
2526	5490	31	131	17	0	5669
2527	165	24	5368	21	0	5578
2528	86	32	5218	11	0	5347
2529	6188	20	185	15	0	6408
2530	6457	17	77	23	0	6574
2531	269	36	6165	11	0	6481
2532	105	33	220	6057	0	6415
2533	68	38	69	6439	0	6614
2534	63	48	6109	252	0	6472
2535	52	42	214	5070	0	5378
2536	70	5205	75	216	0	5566
2537	77	224	47	5331	0	5679
2538	81	79	41	5562	0	5763
2539	102	65	5227	279	0	5673
2540	5258	42	215	95	0	5610
2541	5598	30	87	69	0	5784
2542	5620	26	58	53	0	5757
2543	5601	16	44	35	0	5696
2544	366	5145	49	55	0	5615
2545	199	190	31	5404	0	5824
2546	146	66	5236	248	0	5696
2547	109	57	5311	123	0	5600
2548	90	40	238	5377	0	5745
2549	68	41	5212	298	0	5619
2550	5288	38	225	135	0	5686
2551	228	43	78	5397	0	5746
2552	106	48	56	5518	0	5728
2553	62	40	53	5671	0	5826
2554	5280	48	35	340	0	5703
2555	229	5244	48	176	0	5697
2556	5330	203	56	115	0	5704
2557	5490	76	56	85	0	5707
2558	328	5126	74	60	0	5588
2559	125	5368	105	60	0	5658
2560	5419	237	76	42	0	5774
2561	276	83	120	5284	0	5763
2562	152	55	89	5521	0	5817
2563	5451	38	90	267	0	5846
2564	315	38	5461	92	0	5906
2565	5545	33	240	70	0	5888
2566	5914	43	74	61	0	6092
2567	365	5717	75	43	0	6200
2568	4709	189	35	35	0	4968
2569	4607	86	26	42	0	4761
2570	270	5054	38	59	0	5421
2571	76	5118	32	37	0	5263
2572	37	110	13	4464	0	4624
2573	4342	32	11	118	0	4503
2574	107	4319	8	38	0	4472
2575	26	128	8	4477	0	4639
2576	4419	26	5	143	0	4593
2577	134	38	4313	35	0	4520
2578	43	24	105	4386	0	4558
2579	59	18	4353	134	0	4564
2580	4202	13	122	37	0	4374
2581	4427	11	44	35	0	4517
2582	142	14	4283	40	0	4479
2583	50	4156	129	38	0	4373
2584	49	102	35	4426	0	4612
2585	42	27	4381	110	0	4560
2586	20	29	124	4304	0	4477
2587	24	29	35	4505	0	4593
2588	33	16	4328	154	0	4531
2589	3854	19	132	79	0	4084
2590	4422	8	31	79	0	4540
2591	149	24	4284	52	0	4509
2592	70	4156	148	39	0	4413
2593	83	109	31	4157	0	4380
2594	49	4170	57	120	0	4396
2595	36	4367	58	50	0	4511
2596	3263	155	22	62	0	3502
2597	124	60	29	3311	0	3524
2598	49	58	19	3442	0	3568
2599	50	55	3255	163	0	3523
2600	53	28	3297	77	0	3455
2601	48	21	118	3278	0	3465
2602	43	27	60	3437	0	3567
2603	51	21	3303	157	0	3532
2604	67	25	3299	66	0	3457
2605	48	32	141	3370	0	3591
2606	3338	21	56	155	0	3570
2607	145	3252	72	45	0	3514
2608	3278	124	48	67	0	3517
2609	140	3193	46	67	0	3446
2610	61	3310	52	45	0	3468
2611	2516	149	21	62	0	2748
2612	163	58	2439	46	0	2706
2613	64	61	123	3399	0	3647
2614	65	37	38	3572	0	3712
2615	64	26	49	3615	0	3754
2616	45	41	3355	209	0	3650
2617	52	34	140	3566	0	3792
2618	3452	37	49	218	0	3756
2619	187	44	47	4797	0	5075
2620	73	36	52	6658	0	6819
2621	6022	42	48	502	0	6614
2622	6044	42	40	204	0	6330
2623	452	6009	40	157	0	6658
2624	182	404	6271	113	0	6970
2625	129	134	6993	110	0	7366
2626	129	95	6801	87	0	7112
2627	110	6789	530	60	0	7489
2628	105	435	960	5691	0	7191
2629	41	121	125	6423	0	6710
2630	6116	70	101	456	0	6743
2631	354	59	72	6416	0	6901
2632	160	59	6050	448	0	6717
2633	100	49	359	6263	0	6771
2634	93	47	142	6504	0	6786
2635	83	47	5994	495	0	6619
2636	60	6067	400	234	0	6761
2637	74	372	195	4866	0	5507
2638	58	5987	141	358	0	6544
2639	64	382	6110	232	0	6788
2640	6148	185	404	199	0	6936
2641	6420	121	183	172	0	6896
2642	6606	117	144	147	0	7014
2643	530	118	155	5676	0	6479
2644	223	6209	173	395	0	7000
2645	6154	384	197	214	0	6949
2646	6433	184	162	197	0	6976
2647	6634	147	123	195	0	7099
2648	553	127	6002	209	0	6891
2649	6166	117	400	187	0	6870
2650	529	6185	207	173	0	7094
2651	6216	394	177	176	0	6963
2652	501	6280	193	149	0	7123
2653	6527	438	165	166	0	7296
2654	544	227	7291	163	0	8225
2655	7451	183	424	153	0	8211
2656	7861	171	195	153	0	8380
2657	7383	165	146	119	0	7813
2658	8012	147	146	118	0	8423
2659	679	104	7323	92	0	8198
2660	418	94	397	7577	0	8486
2661	7519	90	212	445	0	8266
2662	582	7340	155	223	0	8300
2663	337	449	97	7616	0	8499
2664	295	234	7321	468	0	8318
2665	301	171	414	7618	0	8504
2666	352	115	7444	477	0	8388
2667	315	6794	434	242	0	7785
2668	332	6951	265	145	0	7693
2669	304	7591	173	128	0	8196
2670	259	530	128	5713	0	6630
2671	242	266	158	6175	0	6841
2672	250	213	5740	492	0	6695
2673	247	5860	420	274	0	6801
2674	5769	439	228	195	0	6631
2675	544	5701	162	193	0	6600
2676	360	6116	158	183	0	6817
2677	286	533	205	5955	0	6979
2678	5920	262	211	449	0	6842
2679	6180	245	225	244	0	6894
2680	536	224	169	6093	0	7022
2681	6047	225	141	527	0	6940
2682	527	202	119	6183	0	7031
2683	292	175	5782	590	0	6839
2684	5962	147	455	394	0	6958
2685	505	171	271	6094	0	7041
2686	301	201	5892	536	0	6930
2687	274	213	5842	332	0	6661
2688	234	263	490	6027	0	7014
2689	5982	246	286	540	0	7054
2690	5804	207	241	392	0	6644
2691	520	7119	240	292	0	8171
2692	8299	483	227	265	0	9274
2693	8277	271	188	240	0	8976
2694	8350	202	143	214	0	8909
2695	644	7960	154	222	0	8980
2696	8294	529	145	252	0	9220
2697	8518	280	139	273	0	9210
2698	724	195	124	8257	0	9300
2699	8106	170	146	530	0	8952
2700	681	7688	194	281	0	8844
2701	443	8164	161	228	0	8996
2702	375	567	151	7976	0	9069
2703	406	309	134	7996	0	8845
2704	404	8074	124	489	0	9091
2705	8180	492	143	255	0	9070
2706	629	7994	188	210	0	9021
2707	8216	444	144	235	0	9039
2708	661	8016	134	217	0	9028
2709	499	543	95	7502	0	8639
2710	505	7927	87	356	0	8875
2711	8308	525	113	201	0	9147
2712	8451	272	131	209	0	9063
2713	7472	216	145	165	0	7998
2714	665	261	6705	153	0	7784
2715	414	279	6732	183	0	7608
2716	370	6761	387	152	0	7670
2717	331	451	6853	188	0	7823
2718	323	287	7069	206	0	7885
2719	152	1217	165	3662	0	5196
2720	3	2	3896	0	0	3901
2721	0	3563	8	4	0	3575
2722	3933	0	0	0	0	3933
2723	1	3716	17	3	0	3737
2724	0	3717	4	0	0	3721
2725	3425	0	0	1	0	3426
2726	3338	0	1	1	0	3340
2727	1	3248	10	3	0	3262
2728	3416	1	0	1	0	3418
2729	3341	1	1	1	0	3344
2730	3285	0	3	1	0	3289
2731	1	10	3144	0	0	3155
2732	0	12	2994	1	0	3007
2733	1	5	1	3117	0	3124
2734	1	1	0	3242	0	3244
2735	3364	1	0	2	0	3367
2736	0	3743	12	5	0	3760
2737	2	54	1	3971	0	4028
2738	1	3	1	4024	0	4029
2739	1	10	0	3985	0	3996
2740	0	7	1	3962	0	3970
2741	4	5	3862	72	0	3943
2742	3	14	3735	12	0	3764
2743	2	5	55	4191	0	4253
2744	3	10	4122	67	0	4202
2745	3969	1	68	8	0	4046
2746	61	1	5	4175	0	4242
2747	3	7	4123	61	0	4194
2748	3839	2	64	6	0	3911
2749	60	3867	21	13	0	3961
2750	4192	57	11	8	0	4268
2751	63	3914	21	3	0	4001
2752	7	67	2	4184	0	4260
2753	12	12	4044	62	0	4130
2754	6	11	58	2928	0	3003
2755	4	13	2938	69	0	3024
2756	2955	4	65	7	0	3031
2757	59	3	5	3014	0	3081
2758	3044	2	10	69	0	3125
2759	66	7	2887	7	0	2967
2760	2954	2	58	13	0	3027
2761	4745	0	6	10	0	4761
2762	93	12	4568	9	0	4682
2763	22	3	88	4589	0	4702
2764	24	12	4473	88	0	4597
2765	11	4518	106	16	0	4651
2766	4679	87	20	22	0	4808
2767	4728	8	33	12	0	4781
2768	115	29	5016	16	0	5176
2769	37	13	5626	12	0	5688
2770	31	20	106	5420	0	5577
2771	26	8	40	5762	0	5836
2772	5757	12	32	102	0	5903
2773	105	5556	42	31	0	5734
2774	5788	92	32	30	0	5942
2775	5864	12	21	25	0	5922
2776	119	28	5631	25	0	5803
2777	5562	8	99	24	0	5693
2778	129	27	5647	25	0	5828
2779	45	7	118	5643	0	5813
2780	50	27	5635	102	0	5814
2781	32	7	124	5683	0	5846
2782	51	13	5639	115	0	5818
2783	5588	6	134	21	0	5749
2784	5784	6	38	40	0	5868
2785	117	3	52	5728	0	5900
2786	5771	5	35	135	0	5946
2787	133	6	53	5697	0	5889
2788	43	5987	51	142	0	6223
2789	6351	98	39	29	0	6517
2790	130	6092	38	53	0	6313
2791	68	112	29	5052	0	5261
2792	70	18	27	4442	0	4557
2793	35	35	39	4462	0	4571
2794	45	14	25	4482	0	4566
2795	28	36	4225	149	0	4438
2796	4111	26	94	87	0	4318
2797	4371	19	21	60	0	4471
2798	131	4212	34	52	0	4429
2799	75	104	25	4269	0	4473
2800	60	18	37	4494	0	4609
2801	59	35	4232	136	0	4462
2802	4293	10	123	67	0	4493
2803	127	28	39	4397	0	4591
2804	46	21	4273	149	0	4489
2805	4296	25	117	56	0	4494
2806	4407	9	47	73	0	4536
2807	4473	5	57	46	0	4581
2808	177	12	4564	51	0	4804
2809	80	17	4419	46	0	4562
2810	4618	13	113	58	0	4802
2811	156	12	57	4585	0	4810
2812	81	15	42	4743	0	4881
2813	72	37	4542	118	0	4769
2814	4528	17	120	62	0	4727
2815	140	23	40	4737	0	4940
2816	4921	9	52	160	0	5142
2817	4967	12	25	76	0	5080
2818	4968	13	35	91	0	5107
2819	178	24	4803	52	0	5057
2820	92	14	123	4916	0	5145
2821	4946	15	37	125	0	5123
2822	168	5354	41	64	0	5627
2823	77	143	37	5403	0	5660
2824	72	29	43	5642	0	5786
2825	5561	28	33	200	0	5822
2826	5617	13	57	84	0	5771
2827	209	26	28	5582	0	5845
2828	103	27	5335	185	0	5650
2829	5468	29	150	73	0	5720
2830	209	17	5305	79	0	5610
2831	5484	15	167	47	0	5713
2832	5613	12	58	55	0	5738
2833	220	19	5613	34	0	5886
2834	102	8	165	5656	0	5931
2835	80	23	6385	177	0	6665
2836	78	5643	104	64	0	5889
2837	62	81	42	5549	0	5734
2838	60	5617	67	115	0	5859
2839	66	92	30	5868	0	6056
2840	57	31	5676	121	0	5885
2841	73	5460	108	64	0	5705
2842	61	5676	56	66	0	5859
2843	55	122	41	5596	0	5814
2844	5577	45	40	127	0	5789
2845	103	45	33	5918	0	6099
2846	5820	43	33	165	0	6061
2847	148	6361	32	79	0	6620
2848	8040	160	22	85	0	8307
2849	251	71	7797	64	0	8183
2850	96	44	193	7865	0	8198
2851	102	34	52	8053	0	8241
2852	76	53	7780	268	0	8177
2853	7718	31	206	120	0	8075
2854	7962	23	82	99	0	8166
2855	262	7739	83	73	0	8157
2856	138	185	49	7321	0	7693
2857	107	7702	67	197	0	8073
2858	87	240	7579	98	0	8004
2859	76	89	7756	85	0	8006
2860	59	78	254	7956	0	8347
2861	6232	25	60	166	0	6483
2862	151	6004	57	60	0	6272
2863	6339	151	31	32	0	6553
2864	183	46	6099	29	0	6357
2865	6170	31	150	17	0	6368
2866	6690	34	43	15	0	6782
2867	233	30	6410	13	0	6686
2868	67	15	186	6094	0	6362
2869	5628	10	53	184	0	5875
2870	5681	16	37	51	0	5785
2871	5682	15	24	39	0	5760
2872	241	13	16	5585	0	5855
2873	98	25	5360	183	0	5666
2874	5516	9	174	52	0	5751
2875	220	16	5386	34	0	5656
2876	72	14	180	5458	0	5724
2877	69	8	59	5344	0	5480
2878	59	5317	48	204	0	5628
2879	50	186	5298	72	0	5606
2880	42	5292	197	66	0	5597
2881	37	5488	65	43	0	5633
2882	37	221	44	5520	0	5822
2883	27	81	5383	196	0	5687
2884	32	45	188	5519	0	5784
2885	36	43	5408	212	0	5699
2886	34	30	190	5518	0	5772
2887	25	25	74	5724	0	5848
2888	28	47	4832	250	0	5157
2889	32	37	198	4988	0	5255
2890	25	53	4892	237	0	5207
2891	37	37	4840	96	0	5010
2892	29	4823	238	82	0	5172
2893	4992	177	83	59	0	5311
2894	222	58	4868	43	0	5191
2895	4924	38	223	44	0	5229
2896	216	32	78	4987	0	5313
2897	99	29	4763	217	0	5108
2898	60	6189	226	87	0	6562
2899	41	177	100	6553	0	6871
2900	37	63	6371	227	0	6698
2901	43	51	214	6124	0	6432
2902	45	6347	93	185	0	6670
2903	6561	197	59	87	0	6904
2904	206	81	53	6554	0	6894
2905	6576	49	51	239	0	6915
2906	6637	43	58	74	0	6812
2907	6625	27	50	78	0	6780
2908	6444	12	50	71	0	6577
2909	6379	35	50	61	0	6525
2910	262	6083	37	62	0	6444
2911	118	199	43	6244	0	6604
2912	88	69	37	6402	0	6596
2913	77	52	36	6439	0	6604
2914	77	58	6036	264	0	6435
2915	73	6016	203	125	0	6417
2916	6013	188	67	85	0	6353
2917	5986	54	54	76	0	6170
2918	250	5747	70	51	0	6118
2919	109	6018	53	69	0	6249
2920	6075	208	45	69	0	6397
2921	233	113	6435	59	0	6840
2922	54	73	186	5873	0	6186
2923	5971	46	72	200	0	6289
2924	215	28	55	5832	0	6130
2925	78	5762	54	197	0	6091
2926	70	178	42	6024	0	6314
2927	58	71	5752	212	0	6093
2928	5650	50	179	79	0	5958
2929	5963	52	78	65	0	6158
2930	228	39	45	5920	0	6232
2931	113	21	52	6086	0	6272
2932	5932	30	48	241	0	6251
2933	219	5500	49	101	0	5869
2934	80	173	38	5663	0	5954
2935	69	60	38	5163	0	5330
2936	4973	37	24	263	0	5297
2937	207	4892	47	108	0	5254
2938	4905	184	36	87	0	5212
2939	225	4743	31	70	0	5069
2940	122	4942	35	45	0	5144
2941	4942	229	27	49	0	5247
2942	197	4847	29	72	0	5145
2943	74	203	34	4941	0	5252
2944	62	80	4609	220	0	4971
2945	41	57	4203	79	0	4380
2946	45	60	4349	75	0	4529
2947	28	3756	119	44	0	3947
2948	2314	57	18	10	0	2399
2949	52	20	7	2292	0	2371
2950	18	9	10	2328	0	2365
2951	5	9	2203	67	0	2284
2952	2101	8	46	21	0	2176
2953	57	3	19	2305	0	2384
2954	17	6	12	2321	0	2356
2955	10	12	3	2367	0	2392
2956	2341	6	7	62	0	2416
2957	56	11	2189	26	0	2282
2958	2191	8	46	24	0	2269
2959	52	6	20	2294	0	2372
2960	24	14	2242	58	0	2338
2961	2178	6	45	21	0	2250
2962	50	8	2226	17	0	2301
2963	23	8	47	2144	0	2222
2964	14	8	2215	59	0	2296
2965	14	11	2160	17	0	2202
2966	2626	1	36	3	0	2666
2967	26	5	2714	5	0	2750
2968	10	1	29	2675	0	2715
2969	2742	4	17	26	0	2789
2970	32	2	10	2685	0	2729
2971	11	4	2701	28	0	2744
2972	4	6	2608	13	0	2631
2973	5	2576	37	7	0	2625
2974	9	28	11	2699	0	2747
2975	2731	10	5	31	0	2777
2976	24	2572	17	16	0	2629
2977	2725	27	6	7	0	2765
2978	29	12	4	2691	0	2736
2979	2724	2	8	32	0	2766
2980	31	2597	9	15	0	2652
2981	14	30	1	2713	0	2758
2982	2730	8	5	29	0	2772
2983	30	2843	15	15	0	2903
2984	18	29	5	2967	0	3019
2985	7	19	1	2969	0	2996
2986	2999	2	4	39	0	3044
2987	34	8	3	2931	0	2976
2988	14	11	0	2950	0	2975
2989	2	4	6	3030	0	3042
2990	11	5	2854	40	0	2910
2991	2685	6	25	14	0	2730
2992	25	6	9	2990	0	3030
2993	14	2	2868	39	0	2923
2994	2615	5	31	23	0	2674
2995	32	7	2856	10	0	2905
2996	16	3	32	2779	0	2830
2997	4	2734	18	34	0	2790
2998	7	27	8	1677	0	1719
2999	9	10	1619	33	0	1671
3000	5	2	1628	15	0	1650
3001	5	4	40	1627	0	1676
3002	6	8	1625	34	0	1673
3003	1558	2	34	18	0	1612
3004	33	3	1624	11	0	1671
3005	8	7	34	1586	0	1635
3006	3	2	15	1652	0	1672
3007	8	2	8	1676	0	1694
3008	1670	2	7	42	0	1721
3009	1664	1	10	18	0	1693
3010	1663	1	7	13	0	1684
3011	44	1	4	1642	0	1691
3012	10	2	8	1680	0	1700
3013	12	2	1609	43	0	1666
3014	10	4	1573	20	0	1607
3015	12	1560	35	8	0	1615
3016	12	26	9	1608	0	1655
3017	7	7	8	1603	0	1625
3018	8	1587	9	37	0	1641
3019	1604	26	10	17	0	1657
3020	30	2231	12	10	0	2283
3021	1693	34	0	0	0	1727
3022	35	4	0	1681	0	1720
3023	1678	2	0	37	0	1717
3024	34	0	0	1701	0	1735
3025	2	5	1605	38	0	1650
3026	4	2	28	1685	0	1719
3027	1686	1	0	40	0	1727
3028	32	1	2	1687	0	1722
3029	2	3	0	1747	0	1752
3030	3	1	1612	38	0	1654
3031	0	1	24	1666	0	1691
3032	3	3	1	1663	0	1670
3033	0	1554	6	39	0	1599
3034	3	26	1	1706	0	1736
3035	3	4	1	1695	0	1703
3036	1	1	0	1445	0	1447
3037	5	10	1	1443	0	1459
3038	2	2	0	1454	0	1458
3039	1359	1	2	41	0	1403
3040	30	1356	1	9	0	1396
3041	4	1345	1	7	0	1357
3042	6	1378	1	6	0	1391
3043	4	40	2	1332	0	1378
3044	5	1242	9	35	0	1291
3045	5	1343	4	11	0	1363
3046	1384	37	4	9	0	1434
3047	37	8	1297	9	0	1351
3048	1309	6	33	5	0	1353
3049	41	3	3	1363	0	1410
3050	5	4	1304	47	0	1360
3051	1284	7	38	11	0	1340
3052	43	5	1316	12	0	1376
3053	9	4	1262	14	0	1289
3054	1298	5	37	10	0	1350
3055	40	4	5	1336	0	1385
3056	8	6	1280	50	0	1344
3057	1297	2	34	17	0	1350
3058	1338	5	5	18	0	1366
3059	46	12	1235	13	0	1306
3060	1294	3	29	15	0	1341
3061	1361	4	10	11	0	1386
3062	46	10	1271	13	0	1340
3063	1283	7	34	16	0	1340
3064	1338	3	9	12	0	1362
3065	40	5	1259	14	0	1318
3066	12	9	680	11	0	712
3067	10	5	39	683	0	737
3068	7	5	654	49	0	715
3069	669	7	35	14	0	725
3070	43	4	5	672	0	724
3071	10	7	10	709	0	736
3072	12	7	2739	48	0	2806
3073	14	12	37	2674	0	2737
3074	8	9	3006	53	0	3076
3075	3045	5	37	10	0	3097
3076	3159	10	7	14	0	3190
3077	49	10	3005	15	0	3079
3078	3087	8	38	11	0	3144
3079	3171	5	12	10	0	3198
3080	52	7	3583	19	0	3661
3081	3587	4	44	18	0	3653
3082	3727	2	9	18	0	3756
3083	49	4	3707	11	0	3771
3084	3537	2	51	16	0	3606
3085	62	1	3647	14	0	3724
3086	13	4	40	3645	0	3702
3087	12	8	12	3697	0	3729
3088	15	8	16	3792	0	3831
3089	17	6	3680	60	0	3763
3090	3310	11	37	15	0	3373
3091	53	14	3658	18	0	3743
3092	22	3448	43	21	0	3534
3093	19	3658	16	19	0	3712
3094	3445	39	14	16	0	3514
3095	46	7	15	3690	0	3758
3096	24	3611	12	38	0	3685
3097	3790	36	13	9	0	3848
3098	3678	11	15	15	0	3719
3099	46	4007	26	14	0	4093
3100	23	41	13	4125	0	4202
3101	13	3923	18	48	0	4002
3102	4237	38	11	20	0	4306
3103	4231	10	11	11	0	4263
3104	55	3	12	4200	0	4270
3105	4244	3	19	48	0	4314
3106	56	5	5	4210	0	4276
3107	23	8	4063	48	0	4142
3108	4024	6	47	11	0	4088
3109	58	6	4081	10	0	4155
3110	23	9	36	4024	0	4092
3111	4225	7	16	38	0	4286
3112	53	6	18	4177	0	4254
3113	20	7	4120	51	0	4198
3114	15	14	3929	8	0	3966
3115	29	7	36	4044	0	4116
3116	4218	0	18	46	0	4282
3117	52	3875	25	12	0	3964
3118	23	35	13	4197	0	4268
3119	21	9	4063	51	0	4144
3120	3245	0	2	3	0	3250
3121	3484	1	0	1	0	3486
3122	0	4	3332	0	0	3336
3123	3318	1	0	1	0	3320
3124	0	0	0	3486	0	3486
3125	9	0	3439	0	0	3448
3126	3364	0	0	0	0	3364
3127	1	0	0	3445	0	3446
3128	0	2	1	3305	0	3308
3129	3498	0	0	1	0	3499
3130	0	3305	2	3	0	3310
3131	0	3302	5	3	0	3310
3132	3466	0	0	0	0	3466
3133	3221	2	2	3	0	3228
3134	0	0	3438	1	0	3439
3135	1	6	3194	1	0	3202
3136	1	1	1	3340	0	3343
3137	3456	0	0	2	0	3458
3138	3323	0	1	1	0	3325
3139	3388	0	0	2	0	3390
3140	0	3186	2	1	0	3189
3141	1	3156	7	4	0	3168
3142	1	0	0	3429	0	3430
3143	0	1	2	3332	0	3335
3144	1	1	0	3309	0	3311
3145	0	4	3654	0	0	3658
3146	3	21	3288	3	0	3315
3147	3514	0	17	2	0	3533
3148	3718	0	6	0	0	3724
3149	18	0	2	3667	0	3687
3150	5	1	0	3623	0	3629
3151	3	0	0	3774	0	3777
3152	1	5	3621	18	0	3645
3153	0	5	3488	8	0	3501
3154	2	2	16	4724	0	4744
3155	6	5	4666	74	0	4751
3156	1	4458	81	35	0	4575
3157	0	4606	42	17	0	4665
3158	4654	108	14	8	0	4784
3159	68	4696	12	11	0	4787
3160	27	87	10	4762	0	4886
3161	12	42	5	4765	0	4824
3162	1	5233	9	103	0	5346
3163	8	97	3	5488	0	5596
3164	5	54	5097	109	0	5265
3165	2	5132	98	54	0	5286
3166	5	96	35	5359	0	5495
3167	8	50	5224	107	0	5389
3168	6	5117	105	54	0	5282
3169	4	98	44	5077	0	5223
3170	0	5294	29	90	0	5413
3171	6	112	11	5352	0	5481
3172	6	50	19	3105	0	3180
3173	2	3225	9	131	0	3367
3174	3068	116	5	60	0	3249
3175	3031	57	8	35	0	3131
3176	120	2998	18	45	0	3181
3177	54	3087	38	41	0	3220
3178	25	147	17	3149	0	3338
3179	17	108	3026	110	0	3261
3180	2595	44	106	54	0	2799
3181	2697	69	47	29	0	2842
3182	143	56	2540	40	0	2779
3183	2623	29	107	56	0	2815
3184	2719	41	52	34	0	2846
3185	149	38	2536	60	0	2783
3186	2647	27	128	34	0	2836
3187	134	59	2510	23	0	2726
3188	63	2560	132	47	0	2802
3189	2598	121	75	32	0	2826
3190	2706	88	41	29	0	2864
3191	153	54	2554	52	0	2813
3192	2644	56	127	28	0	2855
3193	2725	69	52	39	0	2885
3194	156	55	2534	60	0	2805
3195	2646	51	120	42	0	2859
3196	2751	47	58	32	0	2888
3197	195	42	2588	38	0	2863
3198	3541	42	122	35	0	3740
3199	156	64	66	3056	0	3342
3200	82	44	32	3200	0	3358
3201	56	55	3016	167	0	3294
3202	51	49	2991	83	0	3174
3203	68	25	161	2979	0	3233
3204	46	31	101	3128	0	3306
3205	3372	38	49	160	0	3619
3206	177	28	3207	86	0	3498
3207	3304	36	154	49	0	3543
3208	184	32	70	3314	0	3600
3209	109	24	3244	143	0	3520
3210	5031	55	141	66	0	5293
3211	196	31	69	5106	0	5402
3212	136	32	4917	150	0	5235
3213	5021	41	170	73	0	5305
3214	204	26	98	5116	0	5444
3215	5216	22	71	153	0	5462
3216	203	28	4895	92	0	5218
3217	142	25	160	4248	0	4575
3218	139	4990	102	111	0	5342
3219	5116	122	96	70	0	5404
3220	4923	59	59	61	0	5102
3221	247	5014	52	45	0	5358
3222	5184	126	60	64	0	5434
3223	4978	76	48	54	0	5156
3224	5102	55	71	49	0	5277
3225	246	4894	63	57	0	5260
3226	147	146	50	4987	0	5330
3227	147	75	4999	161	0	5382
3228	112	43	177	4983	0	5315
3229	115	27	104	5185	0	5431
3230	108	26	4993	225	0	5352
3231	96	32	5035	147	0	5310
3232	116	21	223	4000	0	4360
3233	94	4952	155	169	0	5370
3234	5060	128	112	107	0	5407
3235	4917	74	76	100	0	5167
3236	250	5033	79	90	0	5452
3237	5187	145	59	80	0	5471
3238	5262	95	70	73	0	5500
3239	274	83	4926	73	0	5356
3240	4888	55	178	60	0	5181
3241	270	4900	91	81	0	5342
3242	171	179	4969	49	0	5368
3243	170	107	4840	49	0	5166
3244	148	4971	215	59	0	5393
3245	4685	149	117	69	0	5020
3246	247	93	4526	66	0	4932
3247	136	88	184	4575	0	4983
3248	130	41	4591	183	0	4945
3249	4598	64	220	108	0	4990
3250	207	54	4520	127	0	4908
3251	144	39	4568	90	0	4841
3252	4434	45	236	98	0	4813
3253	217	4536	164	95	0	5012
3254	3443	81	68	16	0	3608
3255	3502	33	35	31	0	3601
3256	122	46	39	3180	0	3387
3257	112	3819	49	45	0	4025
3258	4008	70	37	26	0	4141
3259	121	70	3731	33	0	3955
3260	3778	66	85	12	0	3941
3261	142	3801	69	29	0	4041
3262	3280	62	50	34	0	3426
3263	3265	48	64	17	0	3394
3264	105	3200	53	52	0	3410
3265	62	71	65	3308	0	3506
3266	3292	35	80	47	0	3454
3267	88	3263	72	47	0	3470
3268	61	64	58	3332	0	3515
3269	3350	49	74	51	0	3524
3270	109	48	53	3253	0	3463
3271	93	39	37	3181	0	3350
3272	105	3232	62	53	0	3452
3273	3340	52	40	66	0	3498
3274	3244	46	52	48	0	3390
3275	3289	78	45	31	0	3443
3276	167	3220	29	48	0	3464
3277	3330	75	55	28	0	3488
3278	3367	62	45	30	0	3504
3279	132	75	34	3245	0	3486
3280	126	52	43	3322	0	3543
3281	110	58	3191	64	0	3423
3282	83	63	66	3216	0	3428
3283	83	61	51	3306	0	3501
3284	103	45	3265	76	0	3489
3285	3163	60	62	82	0	3367
3286	106	56	3280	78	0	3520
3287	114	50	3198	57	0	3419
3288	94	61	79	3131	0	3365
3289	74	46	71	2951	0	3142
3290	103	3201	63	68	0	3435
3291	3294	90	30	71	0	3485
3292	3153	50	52	68	0	3323
3293	130	3160	50	42	0	3382
3294	119	3279	34	66	0	3498
3295	112	102	43	2857	0	3114
3296	106	3238	51	59	0	3454
3297	3240	82	51	64	0	3437
3298	2605	62	46	68	0	2781
3299	125	60	61	2443	0	2689
3300	102	56	65	2579	0	2802
3301	2632	37	64	89	0	2822
3302	120	48	2506	61	0	2735
3303	2602	61	78	77	0	2818
3304	123	34	2503	76	0	2736
3305	2374	36	91	57	0	2558
3306	101	51	48	2370	0	2570
3307	88	40	2232	90	0	2450
3308	97	61	2242	52	0	2452
3309	2412	42	91	63	0	2608
3310	480	0	1	0	0	481
3311	1	462	4	1	0	468
3312	0	1	1	486	0	488
3313	0	0	0	483	0	483
3314	490	1	0	1	0	492
3315	3	462	0	0	0	465
3316	488	1	0	0	0	489
3317	1	454	1	0	0	456
3318	0	457	1	2	0	460
3319	487	1	0	0	0	488
3320	1	1	480	0	0	482
3321	0	0	1	463	0	464
3322	0	1	0	480	0	481
3323	1	2	471	2	0	476
3324	1	0	1	464	0	466
3325	0	0	3	460	0	463
3326	0	451	1	3	0	455
3327	469	1	2	1	0	473
3328	1	1	474	1	0	477
3329	451	0	1	1	0	453
3330	1	440	4	1	0	446
3331	0	2	0	477	0	479
3332	484	0	0	1	0	485
3333	2	0	1	469	0	472
3334	1	0	0	474	0	475
3335	0	1	471	1	0	473
3336	436	0	2	3	0	441
3337	469	1	0	0	0	470
3338	2	0	469	1	0	472
3339	0	0	1	466	0	467
3340	0	0	469	1	0	470
3341	1262	0	1	1	0	1264
3342	1295	0	0	0	0	1295
3343	1	0	1	1274	0	1276
3344	1281	0	0	3	0	1284
3345	1	2	1659	0	0	1662
3346	1	2	1	1635	0	1639
3347	1	0	2	1632	0	1635
3348	0	1	0	1697	0	1698
3349	1	0	0	1676	0	1677
3350	1701	0	1	2	0	1704
3351	2	7	2424	1	0	2434
3352	0	2	2	2355	0	2359
3353	1	3	2470	2	0	2476
3354	1	3	2356	3	0	2363
3355	1	2	3	2431	0	2437
3356	0	1	0	2456	0	2457
3357	2106	0	0	1	0	2107
3358	0	0	2	2058	0	2060
3359	0	1	1	2037	0	2039
3360	0	0	0	2092	0	2092
3361	2097	0	2	0	0	2099
3362	2056	1	0	0	0	2057
3363	2014	0	0	1	0	2015
3364	2069	0	0	1	0	2070
3365	0	2653	4	3	0	2660
3366	2	31	0	2799	0	2832
3367	1	25	0	2849	0	2875
3368	2834	9	1	54	0	2898
3369	30	3395	8	34	0	3467
3370	26	92	0	3574	0	3692
3371	8	52	3444	95	0	3599
3372	3543	18	74	50	0	3685
3373	115	3755	47	15	0	3932
3374	3941	125	15	3	0	4084
3375	3956	57	4	5	0	4022
3376	187	20	3	3855	0	4065
3377	75	8	3776	123	0	3982
3378	22	6	103	3934	0	4065
3379	3899	0	60	140	0	4099
3380	127	2	18	3933	0	4080
3381	3970	5	4	139	0	4118
3382	135	3752	7	71	0	3965
3383	3967	118	3	23	0	4111
3384	140	72	5	3840	0	4057
3385	72	19	2	3984	0	4077
3386	3945	7	3	185	0	4140
3387	3995	8	2	88	0	4093
3388	4081	6	4	31	0	4122
3389	4074	6	5	19	0	4104
3390	4036	6	7	10	0	4059
3391	213	10	2	3867	0	4092
3392	101	21	3675	130	0	3927
3393	41	3666	98	84	0	3889
3394	3879	123	57	26	0	4085
3395	143	73	3713	17	0	3946
3396	3799	26	114	16	0	3955
3397	153	3689	65	20	0	3927
3398	3952	122	17	15	0	4106
3399	161	67	8	3819	0	4055
3400	88	29	10	3953	0	4080
3401	47	18	3761	199	0	4025
3402	44	10	115	3787	0	3956
3403	33	16	4462	162	0	4673
3404	26	28	4273	90	0	4417
3405	4453	14	179	44	0	4690
3406	4703	12	82	22	0	4819
3407	212	14	4414	36	0	4676
3408	4471	12	123	21	0	4627
3409	4643	16	64	21	0	4744
3410	231	20	4350	23	0	4624
3411	115	4859	141	25	0	5140
3412	52	129	64	5846	0	6091
3413	6435	71	27	138	0	6671
3414	6491	31	21	86	0	6629
3415	6544	12	20	42	0	6618
3416	6550	22	22	28	0	6622
3417	6560	12	25	23	0	6620
3418	242	24	6028	26	0	6320
3419	133	11	6127	27	0	6298
3420	61	22	182	6253	0	6518
3421	6451	12	86	147	0	6696
3422	6456	18	40	94	0	6608
3423	6498	12	27	56	0	6593
3424	6421	13	24	37	0	6495
3425	234	5942	28	52	0	6256
3426	121	6831	41	31	0	7024
3427	7063	177	18	29	0	7287
3428	7123	82	19	25	0	7249
3429	225	6715	37	34	0	7011
3430	7187	133	20	25	0	7365
3431	203	88	6741	32	0	7064
3432	133	25	132	6780	0	7070
3433	84	25	6995	156	0	7260
3434	70	41	7405	91	0	7607
3435	77	15	201	7357	0	7650
3436	76	11	95	8083	0	8265
3437	79	29	7976	204	0	8288
3438	65	34	157	7742	0	7998
3439	68	18	93	8245	0	8424
3440	8184	19	32	238	0	8473
3441	7519	17	41	114	0	7691
3442	251	22	32	7361	0	7666
3443	154	17	7225	171	0	7567
3444	83	8022	165	112	0	8382
3445	8185	145	89	47	0	8466
3446	200	83	8516	42	0	8841
3447	123	8022	175	45	0	8365
3448	70	8344	112	42	0	8568
3449	8786	191	48	38	0	9063
3450	8869	86	40	28	0	9023
3451	255	33	24	7922	0	8234
3452	151	38	8278	153	0	8620
3453	92	19	156	8339	0	8606
3454	70	13	97	8536	0	8716
3455	63	17	43	8710	0	8833
3456	8445	20	34	267	0	8766
3457	200	8095	46	127	0	8468
3458	127	8245	44	58	0	8474
3459	57	212	39	8416	0	8724
3460	60	98	31	8887	0	9076
3461	8806	32	30	244	0	9112
3462	8759	19	32	122	0	8932
3463	9366	19	31	59	0	9475
3464	286	8873	44	45	0	9248
3465	8622	116	21	28	0	8787
3466	154	388	19	8155	0	8716
3467	78	45	8174	108	0	8405
3468	58	37	7916	56	0	8067
3469	7556	4	74	20	0	7654
3470	71	8	7688	6	0	7773
3471	41	15	7529	7	0	7592
3472	7194	2	36	3	0	7235
3473	29	9	7320	5	0	7363
3474	13	9	7323	4	0	7349
3475	5	5	34	7137	0	7181
3476	10	6	7641	32	0	7689
3477	3	8	32	7276	0	7319
3478	5	2	9	7510	0	7526
3479	13	4	7834	29	0	7880
3480	10	7650	47	23	0	7730
3481	8212	23	14	8	0	8257
3482	35	16	8077	8	0	8136
3483	14	11	8107	4	0	8136
3484	7022	6	43	8	0	7079
3485	33	8	8068	6	0	8115
3486	8	7483	46	12	0	7549
3487	9	7453	37	17	0	7516
3488	9	40	11	8132	0	8192
3489	10	16	0	8068	0	8094
3490	8192	5	4	36	0	8237
3491	8048	5	5	20	0	8078
3492	8074	1	5	10	0	8090
3493	36	1	4	8023	0	8064
3494	8149	1	12	32	0	8194
3495	7937	6	8	20	0	7971
3496	44	5	7987	27	0	8063
3497	16	21	7664	25	0	7726
3498	9	7413	72	32	0	7526
3499	13	22	15	8076	0	8126
3500	8131	10	8	45	0	8194
3501	62	7706	21	27	0	7816
3502	30	30	7	8099	0	8166
3503	7433	15	16	36	0	7500
3504	7307	21	16	25	0	7369
3505	49	7073	35	20	0	7177
3506	7431	32	18	16	0	7497
3507	7719	30	16	13	0	7778
3508	43	25	7	7638	0	7713
3509	36	31	8498	32	0	8597
3510	38	7829	63	32	0	7962
3511	27	7664	34	32	0	7757
3512	8207	30	26	30	0	8293
3513	28	20	22	7620	0	7690
3514	25	10	7630	58	0	7723
3515	18	7115	62	45	0	7240
3516	7723	33	15	30	0	7801
3517	7670	31	8	14	0	7723
3518	48	43	7499	12	0	7602
3519	22	19	32	7399	0	7472
3520	17	8	11	7714	0	7750
3521	30	10	8774	51	0	8865
3522	8185	8	134	27	0	8354
3523	10639	14	27	17	0	10697
3524	234	17	25	12447	0	12723
3525	73	12133	58	284	0	12548
3526	61	265	10	12254	0	12590
3527	36	96	11678	334	0	12144
3528	11639	39	297	128	0	12103
3529	311	35	101	12716	0	13163
3530	113	49	12253	348	0	12763
3531	11904	24	323	128	0	12379
3532	340	25	117	12544	0	13026
3533	126	22	68	12649	0	12865
3534	11922	12	81	410	0	12425
3535	337	11572	91	170	0	12170
3536	11635	263	26	96	0	12020
3537	338	75	21	11595	0	12029
3538	11665	37	23	330	0	12055
3539	354	64	11658	144	0	12220
3540	141	11529	354	95	0	12119
3541	92	357	87	12237	0	12773
3542	12165	102	48	400	0	12715
3543	375	11746	89	144	0	12354
3544	137	381	45	11614	0	12177
3545	11556	97	44	415	0	12112
3546	11297	55	43	147	0	11542
3547	464	60	35	11318	0	11877
3548	184	64	10826	447	0	11521
3549	135	72	10705	174	0	11086
3550	11915	40	434	115	0	12504
3551	441	11577	153	129	0	12300
3552	167	11728	106	84	0	12085
3553	11620	427	76	71	0	12194
3554	423	12548	79	77	0	13127
3555	150	412	60	12742	0	13364
3556	106	153	53	13241	0	13553
3557	12979	108	48	474	0	13609
3558	13161	110	30	169	0	13470
3559	13210	83	29	132	0	13454
3560	544	90	12230	120	0	12984
3561	250	51	365	12464	0	13130
3562	164	61	11862	444	0	12531
3563	159	56	11757	170	0	12142
3564	139	46	12082	129	0	12396
3565	120	46	503	11733	0	12402
3566	112	62	11945	440	0	12559
3567	94	72	12017	179	0	12362
3568	89	55	530	11502	0	12176
3569	11773	50	219	443	0	12485
3570	436	59	11632	179	0	12306
3571	166	45	475	12037	0	12723
3572	127	51	193	12604	0	12975
3573	129	62	12162	532	0	12885
3574	109	52	435	12210	0	12806
3575	133	72	12854	514	0	13573
3576	134	61	424	12695	0	13314
3577	121	64	198	13083	0	13466
3578	103	53	139	13254	0	13549
3579	89	45	124	13242	0	13500
3580	12322	26	149	614	0	13111
3581	12378	50	143	280	0	12851
3582	504	77	11951	236	0	12768
3583	215	11499	443	241	0	12398
3584	182	378	12018	183	0	12761
3585	149	158	12079	174	0	12560
3586	11785	74	542	149	0	12550
3587	480	12291	282	142	0	13195
3588	13350	394	183	152	0	14079
3589	461	13094	221	156	0	13932
3590	13474	442	183	122	0	14221
3591	13637	175	167	117	0	14096
3592	608	127	129	13122	0	13986
3593	253	13113	155	482	0	14003
3594	196	451	95	13416	0	14158
3595	169	165	105	13817	0	14256
3596	172	127	12963	630	0	13892
3597	159	12917	461	320	0	13857
3598	177	424	185	13520	0	14306
3599	13148	158	139	558	0	14003
3600	13774	115	171	256	0	14316
3601	13942	97	148	221	0	14408
3602	570	13500	181	207	0	14458
3603	13742	439	147	192	0	14520
3604	565	13950	173	157	0	14845
3605	272	509	126	14954	0	15861
3606	221	224	14274	567	0	15286
3607	208	138	512	13982	0	14840
3608	189	13900	261	536	0	14886
3609	157	508	158	13603	0	14426
3610	145	218	122	13773	0	14258
3611	133	13473	147	698	0	14451
3612	13118	537	118	341	0	14114
3613	542	201	127	13318	0	14188
3614	240	142	12729	656	0	13767
3615	175	128	512	13125	0	13940
3616	146	117	206	13682	0	14151
3617	157	115	12536	761	0	13569
3618	153	92	528	12467	0	13240
3619	152	12549	246	644	0	13591
3620	139	530	12718	325	0	13712
3621	117	204	11589	214	0	12124
3622	112	11173	549	203	0	12037
3623	107	9473	225	139	0	9944
3624	58	7844	79	86	0	8067
3625	7829	238	58	74	0	8199
3626	7848	87	44	66	0	8045
3627	7975	60	42	64	0	8141
3628	272	41	62	7747	0	8122
3629	93	51	7172	232	0	7548
3630	46	49	203	7283	0	7581
3631	42	50	83	7544	0	7719
3632	7342	35	56	285	0	7718
3633	7359	44	62	126	0	7591
3634	254	7161	53	94	0	7562
3635	7381	221	34	76	0	7712
3636	7463	78	49	72	0	7662
3637	9139	63	35	82	0	9319
3638	380	65	8741	70	0	9256
3639	159	55	8057	39	0	8310
3640	85	37	261	8170	0	8553
3641	63	46	8141	231	0	8481
3642	7989	46	266	125	0	8426
3643	8377	33	114	103	0	8627
3644	274	36	7558	47	0	7915
3645	7592	14	209	30	0	7845
3646	284	7607	97	21	0	8009
3647	7638	186	61	19	0	7904
3648	224	80	35	7574	0	7913
3649	103	47	17	7378	0	7545
3650	73	6671	29	232	0	7005
3651	6731	179	14	110	0	7034
3652	6639	75	30	65	0	6809
3653	243	6637	52	40	0	6972
3654	128	190	24	5582	0	5924
3655	80	96	19	5701	0	5896
3656	61	5619	28	256	0	5964
3657	45	217	21	5664	0	5947
3658	45	93	15	5918	0	6071
3659	5691	81	17	282	0	6071
3660	5869	37	18	137	0	6061
3661	287	36	5503	106	0	5932
3662	5695	43	200	68	0	6006
3663	263	35	5524	74	0	5896
3664	107	37	226	5677	0	6047
3665	84	52	5440	222	0	5798
3666	65	5506	219	137	0	5927
3667	61	197	88	5570	0	5916
3668	77	92	57	5843	0	6069
3669	5693	72	34	273	0	6072
3670	219	61	37	5780	0	6097
3671	127	59	4774	276	0	5236
3672	5036	33	211	138	0	5418
3673	5283	36	102	123	0	5544
3674	5276	41	93	85	0	5495
3675	4618	51	62	72	0	4803
3676	347	26	43	4428	0	4844
3677	176	34	48	4571	0	4829
3678	139	32	33	5396	0	5600
3679	79	40	43	5592	0	5754
3680	5189	45	53	388	0	5675
3681	5444	33	43	202	0	5722
3682	363	32	30	5654	0	6079
3683	195	6174	40	272	0	6681
3684	6385	225	53	158	0	6821
3685	303	130	5829	119	0	6381
3686	164	6242	242	92	0	6740
3687	5484	242	103	57	0	5886
3688	270	5046	54	67	0	5437
3689	153	257	4984	49	0	5443
3690	5136	124	217	65	0	5542
3691	5340	77	107	88	0	5612
3692	328	80	4871	67	0	5346
3693	218	29	225	5146	0	5618
3694	156	27	115	5063	0	5361
3695	120	5072	80	296	0	5568
3696	109	213	68	5242	0	5632
3697	4823	127	50	298	0	5298
3698	265	5094	66	146	0	5571
3699	157	210	38	4672	0	5077
3700	118	92	40	4919	0	5169
3701	78	95	4236	307	0	4716
3702	73	4676	195	187	0	5131
3703	4522	212	91	140	0	4965
3704	242	4034	71	84	0	4431
3705	97	3640	37	88	0	3862
3706	3561	212	32	69	0	3874
3707	192	135	31	3519	0	3877
3708	118	81	13	3769	0	3981
3709	3587	49	18	251	0	3905
3710	208	30	32	3699	0	3969
3711	113	42	17	3844	0	4016
3712	3621	35	23	256	0	3935
3713	196	54	31	3520	0	3801
3714	109	3505	15	250	0	3879
3715	3676	151	25	105	0	3957
3716	221	98	3312	93	0	3724
3717	113	3542	147	93	0	3895
3718	97	178	72	3636	0	3983
3719	54	100	3361	224	0	3739
3720	49	62	3520	157	0	3788
3721	84	48	201	3686	0	4019
3722	3554	52	105	225	0	3936
3723	197	59	66	3583	0	3905
3724	144	41	42	3731	0	3958
3725	104	36	43	3802	0	3985
3726	96	45	38	3760	0	3939
3727	74	32	44	3899	0	4049
3728	43	47	3425	312	0	3827
3729	48	46	3481	198	0	3773
3730	54	43	206	3718	0	4021
3731	78	62	3399	236	0	3775
3732	78	3591	191	169	0	4029
3733	73	164	93	3645	0	3975
3734	53	113	3416	260	0	3842
3735	3398	84	178	174	0	3834
3736	198	3593	100	161	0	4052
3737	46	1865	37	56	0	2004
3738	48	1938	26	49	0	2061
3739	36	85	36	1974	0	2131
3740	1911	55	36	89	0	2091
3741	77	34	30	2004	0	2145
3742	1872	46	19	96	0	2033
3743	70	1925	32	84	0	2111
3744	1947	71	25	60	0	2103
3745	97	57	21	1954	0	2129
3746	64	45	32	1916	0	2057
3747	45	1921	17	130	0	2113
3748	40	80	26	1970	0	2116
3749	48	83	20	1976	0	2127
3750	44	49	20	2065	0	2178
3751	1919	42	18	130	0	2109
3752	1974	51	21	81	0	2127
3753	111	57	1861	65	0	2094
3754	1993	38	66	70	0	2167
3755	92	31	1871	80	0	2074
3756	73	53	57	1949	0	2132
3757	54	36	47	2017	0	2154
3758	46	53	21	2053	0	2173
3759	48	40	1809	152	0	2049
3760	63	33	71	2018	0	2185
3761	47	48	1847	138	0	2080
3762	41	37	71	2042	0	2191
3763	1964	39	47	121	0	2171
3764	81	40	1872	98	0	2091
3765	1963	30	76	89	0	2158
3766	89	29	60	2006	0	2184
3767	1928	35	38	131	0	2132
3768	70	1946	36	109	0	2161
3769	61	74	31	2004	0	2170
3770	42	56	1840	115	0	2053
3771	39	28	79	2012	0	2158
3772	41	30	53	1859	0	1983
3773	30	1917	46	148	0	2141
3774	59	66	1746	93	0	1964
3775	32	1951	72	103	0	2158
3776	1835	57	55	85	0	2032
3777	86	1961	36	94	0	2177
3778	1083	24	13	65	0	1185
3779	1083	27	21	46	0	1177
3780	1091	23	14	52	0	1180
3781	32	10	22	1152	0	1216
3782	1	3	514	0	0	518
3783	0	0	0	519	0	519
3784	1	527	1	1	0	530
3785	1	0	0	557	0	558
3786	560	1	0	1	0	562
3787	0	536	1	2	0	539
3788	0	0	0	552	0	552
3789	0	2	0	1012	0	1014
3790	1001	1	0	5	0	1007
3791	4	2	961	3	0	970
3792	2	977	3	1	0	983
3793	0	3	2	1019	0	1024
3794	0	5	977	4	0	986
3795	1	0	2	967	0	970
3796	0	982	3	6	0	991
3797	3	4	0	1012	0	1019
3798	3	3	2	1000	0	1008
3799	1	2	2	1027	0	1032
3800	0	4	980	6	0	990
3801	983	2	3	4	0	992
3802	3	1	3	1022	0	1029
3803	1019	1	1	5	0	1026
3804	1011	2	0	6	0	1019
3805	1011	3	1	5	0	1020
3806	1008	0	0	5	0	1013
3807	1031	0	5	6	0	1042
3808	12	3	1	1021	0	1037
3809	8	996	3	7	0	1014
3810	6	6	4	1016	0	1032
3811	6	996	3	7	0	1012
3812	6	5	3	1039	0	1053
3813	1018	4	2	9	0	1033
3814	8	3	1	1041	0	1053
3815	6	3	988	14	0	1011
3816	984	6	4	10	0	1004
3817	6	987	4	11	0	1008
3818	1033	7	5	6	0	1051
3819	1023	6	2	7	0	1038
3820	1006	2	2	6	0	1016
3821	16	1000	3	8	0	1027
3822	11	5	1	2280	0	2297
3823	14	6	1	2229	0	2250
3824	9	3	2241	11	0	2264
3825	12	8	4	2163	0	2187
3826	10	4	6	2256	0	2276
3827	7	5	5	2271	0	2288
3828	5	2169	5	21	0	2200
3829	2308	8	5	16	0	2337
3830	2201	10	3	15	0	2229
3831	12	4	2253	12	0	2281
3832	11	2157	8	13	0	2189
3833	4	9	7	2313	0	2333
3834	11	5	5	2294	0	2315
3835	8	6	3	2294	0	2311
3836	10	6	5	2281	0	2302
3837	13	10	0	2312	0	2335
3838	10	7	2234	20	0	2271
3839	11	17	2017	15	0	2060
3840	2234	3	12	14	0	2263
3841	2294	4	4	17	0	2319
3842	2296	3	6	12	0	2317
3843	15	3	6	2311	0	2335
3844	11	7	2212	18	0	2248
3845	3551	4	10	15	0	3580
3846	3602	5	7	11	0	3625
3847	21	15	3496	7	0	3539
3848	3463	5	9	14	0	3491
3849	23	5	3496	9	0	3533
3850	14	5	8	3537	0	3564
3851	6	7	3553	14	0	3580
3852	3408	6	10	23	0	3447
3853	3531	5	7	17	0	3560
3854	3545	4	8	18	0	3575
3855	4089	6	9	20	0	4124
3856	28	6	4076	9	0	4119
3857	14	3869	26	14	0	3923
3858	4228	6	13	16	0	4263
3859	4157	8	9	16	0	4190
3860	24	8	4096	11	0	4139
3861	20	8	4	4032	0	4064
3862	14	8	9	4207	0	4238
3863	19	0	4134	26	0	4179
3864	3843	7	11	18	0	3879
3865	4213	3	22	9	0	4247
3866	25	3951	12	17	0	4005
3867	4252	5	12	15	0	4284
3868	4219	10	6	14	0	4249
3869	4204	2	4	15	0	4225
3870	4193	4	11	15	0	4223
3871	26	7	4099	10	0	4142
3872	3910	6	12	9	0	3937
3873	17	5	8	4125	0	4155
3874	23	4120	9	10	0	4162
3875	17	14	4030	13	0	4074
3876	15	3934	20	10	0	3979
3877	16	10	10	4210	0	4246
3878	19	11	4141	12	0	4183
3879	3877	3	14	19	0	3913
3880	15	6	4091	9	0	4121
3881	4063	3	10	8	0	4084
3882	17	8	12	3649	0	3686
3883	23	6	10	3612	0	3651
3884	19	3484	11	17	0	3531
3885	21	3513	20	9	0	3563
3886	21	14	2	3692	0	3729
3887	3667	6	15	14	0	3702
3888	3617	1	5	17	0	3640
3889	3067	3	0	1	0	3071
3890	2	8	3806	2	0	3818
3891	3743	1	2	1	0	3747
3892	3	1	3848	0	0	3852
3893	5	9	3582	1	0	3597
3894	3813	0	3	0	0	3816
3895	3875	0	2	1	0	3878
3896	3	4	3868	0	0	3875
3897	3	4	4	3715	0	3726
3898	1	1	2	3932	0	3936
3899	3912	0	0	2	0	3914
3900	3784	1	4	5	0	3794
3901	2	3	3831	2	0	3838
3902	1	3554	5	2	0	3562
3903	1	3670	6	2	0	3679
3904	3942	0	1	1	0	3944
3905	1	0	1	3869	0	3871
3906	0	1	0	3870	0	3871
3907	0	1	0	3909	0	3910
3908	2838	7	20	7	0	2872
3909	0	1	0	3923	0	3924
3910	3926	0	1	2	0	3929
3911	3846	0	1	6	0	3853
3912	1	3790	2	4	0	3797
3913	2	0	0	3917	0	3919
3914	3	1	3842	0	0	3846
3915	3671	0	0	4	0	3675
3916	3754	2	2	1	0	3759
3917	3800	1	0	1	0	3802
3918	0	2	3834	0	0	3836
3919	1	0	0	3790	0	3791
3920	3918	0	0	2	0	3920
3921	3769	2	0	3	0	3774
3922	2635	0	0	1	0	2636
3923	0	2561	5	3	0	2569
3924	1	3116	4	4	0	3125
3925	1	2	0	3293	0	3296
3926	1	0	0	3272	0	3273
3927	0	3125	8	3	0	3136
3928	3262	0	2	1	0	3265
3929	1	8	4942	0	0	4951
3930	2	3	2	4830	0	4837
3931	0	0	0	5116	0	5116
3932	1	6	5071	1	0	5079
3933	4618	3	7	1	0	4629
3934	5223	2	1	1	0	5227
3935	0	4815	10	3	0	4828
3936	5250	0	2	1	0	5253
3937	1	18	7789	0	0	7808
3938	7745	3	5	3	0	7756
3939	6	4	8083	2	0	8095
3940	7852	1	4	1	0	7858
3941	8184	0	0	3	0	8187
3942	8188	0	1	5	0	8194
3943	8172	0	3	3	0	8178
3944	1	7600	20	7	0	7628
3945	7157	0	1	1	0	7159
3946	7044	0	3	2	0	7049
3947	3	3	6835	8	0	6849
3948	6794	1	2	1	0	6798
3949	1	1	1	7019	0	7022
3950	3	6	6829	2	0	6840
3951	6713	3	2	3	0	6721
3952	1	2	1	7071	0	7075
3953	7155	0	0	1	0	7156
3954	7775	1	3	6	0	7785
3955	1	7	7115	0	0	7123
3956	7022	6	0	0	0	7028
3957	7228	1	3	1	0	7233
3958	7198	0	2	3	0	7203
3959	7211	0	0	1	0	7212
3960	1	0	1	7240	0	7242
3961	1	6851	18	2	0	6872
3962	7398	0	1	2	0	7401
3963	7055	3	1	1	0	7060
3964	7138	2	4	0	0	7144
3965	3	2	7144	5	0	7154
3966	2	6723	14	4	0	6743
3967	3	2	2	7278	0	7285
3968	2	6	0	7259	0	7267
3969	2	3	7216	4	0	7225
3970	2	6	3	6712	0	6723
3971	4	3	7202	1	0	7210
3972	1	3	1	7011	0	7016
3973	3	1	0	7044	0	7048
3974	1	1	7163	2	0	7167
3975	6395	1	3	4	0	6403
3976	7061	0	1	0	0	7062
3977	3	6	7141	3	0	7153
3978	6579	0	3	6	0	6588
3979	6913	0	1	3	0	6917
3980	4	3	7949	1	0	7957
3981	4	9	3	7616	0	7632
3982	3	4	5	7920	0	7932
3983	8178	0	2	0	0	8180
3984	3	7752	17	3	0	7775
3985	8442	1	5	3	0	8451
3986	8373	2	4	5	0	8384
3987	29	8134	18	8	0	8189
3988	8587	20	0	2	0	8609
3989	8362	13	2	4	0	8381
3990	34	7411	9	2	0	7456
3991	20	20	4	7646	0	7690
3992	8	7395	13	18	0	7434
3993	7	25	2	7740	0	7774
3994	5	16	7522	30	0	7573
3995	3	19	7306	12	0	7340
3996	7055	4	38	17	0	7114
3997	7384	5	19	2	0	7410
3998	36	6	7529	6	0	7577
3999	7169	1	25	5	0	7200
4000	7391	3	14	3	0	7411
4001	7546	1	8	3	0	7558
4002	42	8056	22	3	0	8123
4003	24	25	5	8636	0	8690
4004	10519	11	2	22	0	10554
4005	10093	16	3	14	0	10126
4006	41	8	10329	12	0	10390
4007	25	11	22	9852	0	9910
4008	15	6	13	10230	0	10264
4009	10	9842	28	36	0	9916
4010	13	10850	18	20	0	10901
4011	9	94	7	10912	0	11022
4012	8	10760	15	77	0	10860
4013	11047	94	5	21	0	11167
4014	87	13694	27	17	0	13825
4015	14230	210	4	10	0	14454
4016	232	95	13578	11	0	13916
4017	13215	27	192	7	0	13441
4018	14110	7	64	6	0	14187
4019	13977	12	23	5	0	14017
4020	13881	15	11	9	0	13916
4021	282	13276	45	9	0	13612
4022	93	200	4	13881	0	14178
4023	33	78	8	14105	0	14224
4024	28	42	13157	282	0	13509
4025	31	16	212	12667	0	12926
4026	20	19	71	13429	0	13539
4027	13499	15	15	287	0	13816
4028	223	12809	42	106	0	13180
4029	94	211	15	11541	0	11861
4030	37	83	7	12277	0	12404
4031	26	40	7	12327	0	12400
4032	12272	24	7	317	0	12620
4033	243	20	13	12180	0	12456
4034	12264	18	18	268	0	12568
4035	274	17	12	11907	0	12210
4036	119	28	13	12279	0	12439
4037	91	52	9118	316	0	9577
4038	8487	33	221	128	0	8869
4039	267	9010	97	62	0	9436
4040	9566	225	29	52	0	9872
4041	292	90	26	10188	0	10596
4042	138	37	23	10612	0	10810
4043	10463	38	17	333	0	10851
4044	11163	33	22	143	0	11361
4045	352	34	16	11783	0	12185
4046	156	53	12603	354	0	13166
4047	80	50	12210	168	0	12508
4048	65	12420	340	118	0	12943
4049	13030	303	100	86	0	13519
4050	12793	118	45	82	0	13038
4051	415	55	22	12662	0	13154
4052	165	12657	32	349	0	13203
4053	72	309	33	13176	0	13590
4054	76	113	31	12417	0	12637
4055	86	11983	46	460	0	12575
4056	12207	324	34	180	0	12745
4057	366	142	23	11962	0	12493
4058	173	11531	32	373	0	12109
4059	106	12312	48	210	0	12676
4060	13363	381	33	129	0	13906
4061	424	193	12504	98	0	13219
4062	12993	83	321	92	0	13489
4063	445	60	136	13073	0	13714
4064	211	59	83	14093	0	14446
4065	169	13933	68	555	0	14725
4066	173	427	40	15396	0	16036
4067	179	246	15471	529	0	16425
4068	165	15220	397	264	0	16046
4069	116	16072	196	208	0	16592
4070	15999	564	90	183	0	16836
4071	465	16019	93	159	0	16736
4072	237	495	52	16094	0	16878
4073	173	15933	43	539	0	16688
4074	169	519	51	16458	0	17197
4075	129	263	56	16726	0	17174
4076	123	179	15660	732	0	16694
4077	137	150	405	16001	0	16693
4078	199	114	183	16745	0	17241
4079	16314	125	107	711	0	17257
4080	566	145	15286	371	0	16368
4081	276	156	412	15798	0	16642
4082	174	143	15242	682	0	16241
4083	15112	158	461	370	0	16101
4084	531	15304	242	289	0	16366
4085	18435	472	105	230	0	19242
4086	692	274	102	17342	0	18410
4087	318	174	64	18749	0	19305
4088	184	171	18464	897	0	19716
4089	17274	167	663	407	0	18511
4090	785	18873	227	290	0	20175
4091	17529	813	110	281	0	18733
4092	817	290	129	18597	0	19833
4093	341	18570	136	821	0	19868
4094	18867	760	108	386	0	20121
4095	803	18904	116	296	0	20119
4096	317	783	91	19357	0	20548
4097	233	307	81	19955	0	20576
4098	189	201	114	19864	0	20368
4099	186	18535	127	1089	0	19937
4100	170	784	124	19402	0	20480
4101	222	322	90	20110	0	20744
4102	18450	226	78	1080	0	19834
4103	18799	198	64	468	0	19529
4104	17524	170	114	365	0	18173
4105	1003	221	17283	346	0	18853
4106	18049	201	758	324	0	19332
4107	18826	153	240	279	0	19498
4108	18896	204	134	269	0	19503
4109	1120	224	17115	285	0	18744
4110	16917	133	647	312	0	18009
4111	892	166	210	17807	0	19075
4112	429	216	16776	889	0	18310
4113	318	16985	732	373	0	18408
4114	203	569	160	13679	0	14611
4115	195	13219	141	638	0	14193
4116	170	14471	115	294	0	15050
4117	14305	750	68	228	0	15351
4118	677	223	65	14539	0	15504
4119	14498	185	95	726	0	15504
4120	680	187	84	14584	0	15535
4121	14473	166	84	719	0	15442
4122	741	135	87	14580	0	15543
4123	14606	192	82	686	0	15566
4124	766	167	13660	322	0	14915
4125	349	129	532	14374	0	15384
4126	287	144	14805	786	0	16022
4127	299	159	14419	322	0	15199
4128	265	111	15219	271	0	15866
4129	196	533	682	14863	0	16274
4130	203	119	14532	773	0	15627
4131	14793	127	596	305	0	15821
4132	668	136	218	15049	0	16071
4133	257	151	14577	773	0	15758
4134	233	116	614	14871	0	15834
4135	286	120	220	15428	0	16054
4136	247	142	14526	828	0	15743
4137	281	115	611	14588	0	15595
4138	242	127	205	14327	0	14901
4139	268	14190	176	774	0	15408
4140	14970	575	193	358	0	16096
4141	14623	210	137	285	0	15255
4142	806	135	13643	306	0	14890
4143	13923	141	643	298	0	15005
4144	717	104	12883	320	0	14024
4145	300	122	12113	268	0	12803
4146	234	98	11392	237	0	11961
4147	241	127	585	11184	0	12137
4148	204	88	11125	701	0	12118
4149	220	67	578	11278	0	12143
4150	203	100	240	11688	0	12231
4151	242	83	187	11748	0	12260
4152	197	62	244	11996	0	12499
4153	11238	101	176	791	0	12306
4154	11366	76	165	373	0	11980
4155	704	11414	193	312	0	12623
4156	325	493	176	11931	0	12925
4157	283	149	11761	682	0	12875
4158	306	11512	567	324	0	12709
4159	283	531	211	12130	0	13155
4160	235	132	11819	633	0	12819
4161	218	75	583	11887	0	12763
4162	200	92	11897	683	0	12872
4163	166	111	12713	359	0	13349
4164	121	66	615	11462	0	12264
4165	123	84	226	12045	0	12478
4166	10814	62	188	711	0	11775
4167	555	56	194	9959	0	10764
4168	9498	54	175	661	0	10388
4169	586	9285	157	307	0	10335
4170	194	10206	196	247	0	10843
4171	205	549	137	10293	0	11184
4172	9998	119	154	704	0	10975
4173	553	9906	165	277	0	10901
4174	204	532	170	10342	0	11248
4175	10216	140	123	707	0	11186
4176	10467	118	181	272	0	11038
4177	10383	117	153	267	0	10920
4178	10428	106	191	233	0	10958
4179	10652	103	165	251	0	11171
4180	696	100	10038	243	0	11077
4181	317	99	10057	239	0	10712
4182	242	9909	604	229	0	10984
4183	228	497	1389	9260	0	11374
4184	228	130	11035	545	0	11938
4185	143	102	8947	175	0	9367
4186	143	74	480	9572	0	10269
4187	139	68	9703	498	0	10408
4188	74	52	8944	168	0	9238
4189	70	10626	366	141	0	11203
4190	10883	389	142	102	0	11516
4191	431	12142	101	109	0	12783
4192	154	504	92	12616	0	13366
4193	12851	125	95	575	0	13646
4194	605	12534	129	172	0	13440
4195	166	611	93	12989	0	13859
4196	156	174	12363	624	0	13317
4197	12681	147	608	198	0	13634
4198	13286	82	180	172	0	13720
4199	13433	86	152	130	0	13801
4200	801	52	121	13004	0	13978
4201	276	82	12228	695	0	13281
4202	210	12237	600	217	0	13264
4203	152	586	155	12985	0	13878
4204	12869	129	178	654	0	13830
4205	611	121	10795	156	0	11683
4206	164	10446	595	126	0	11331
4207	159	549	11756	80	0	12544
4208	11627	132	599	101	0	12459
4209	12593	110	148	66	0	12917
4210	12692	93	136	47	0	12968
4211	763	95	11424	69	0	12351
4212	293	11375	583	77	0	12328
4213	239	530	143	11728	0	12640
4214	137	153	134	12476	0	12900
4215	105	126	100	12704	0	13035
4216	120	78	12153	728	0	13079
4217	12244	73	596	250	0	13163
4218	680	81	13217	191	0	14169
4219	13562	46	636	123	0	14367
4220	14249	72	202	117	0	14640
4221	14312	68	168	108	0	14656
4222	14187	68	128	90	0	14473
4223	844	99	13152	105	0	14200
4224	331	68	609	13415	0	14423
4225	268	113	12878	622	0	13881
4226	196	11590	644	196	0	12626
4227	199	12632	204	184	0	13219
4228	14267	678	160	129	0	15234
4229	14407	281	114	143	0	14945
4230	817	14135	137	168	0	15257
4231	14696	743	141	99	0	15679
4232	946	280	13400	114	0	14740
4233	14221	168	660	165	0	15214
4234	921	14214	239	132	0	15506
4235	14818	773	184	118	0	15893
4236	15363	222	176	108	0	15869
4237	978	184	121	14625	0	15908
4238	470	109	129	15264	0	15972
4239	14951	125	115	837	0	16028
4240	876	125	163	14923	0	16087
4241	14846	128	145	867	0	15986
4242	928	118	169	14863	0	16078
4243	14702	113	136	848	0	15799
4244	15004	108	131	285	0	15528
4245	873	14088	173	239	0	15373
4246	429	14905	188	165	0	15687
4247	14267	851	147	159	0	15424
4248	794	15787	135	213	0	16929
4249	382	838	120	15694	0	17034
4250	349	282	104	16577	0	17312
4251	15654	219	137	882	0	16892
4252	785	15301	170	356	0	16612
4253	347	15906	154	315	0	16722
4254	341	16196	158	234	0	16929
4255	343	830	14856	214	0	16243
4256	367	379	15224	149	0	16119
4257	316	294	15268	179	0	16057
4258	305	966	910	13324	0	15505
4259	317	14859	350	590	0	16116
4260	14768	742	200	188	0	15898
4261	801	280	14174	191	0	15446
4262	359	244	14607	183	0	15393
4263	306	202	13963	107	0	14578
4264	265	151	696	13712	0	14824
4265	222	183	260	14363	0	15028
4266	267	116	208	14625	0	15216
4267	14210	158	164	716	0	15248
4268	14485	192	111	252	0	15040
4269	14687	150	100	226	0	15163
4270	884	92	128	13602	0	14706
4271	368	127	13237	632	0	14364
4272	304	166	13376	217	0	14063
4273	258	104	608	13526	0	14496
4274	272	115	224	14857	0	15468
4275	14571	120	157	760	0	15608
4276	761	14102	143	311	0	15317
4277	14593	603	126	245	0	15567
4278	814	14087	94	224	0	15219
4279	275	674	90	14575	0	15614
4280	309	213	13418	709	0	14649
4281	231	213	602	13714	0	14760
4282	13945	148	142	761	0	14996
4283	749	167	13338	284	0	14538
4284	12885	97	503	260	0	13745
4285	670	99	12149	178	0	13096
4286	279	132	10479	1348	0	12238
4287	11449	151	555	133	0	12288
4288	609	149	12364	138	0	13260
4289	187	107	10621	95	0	11010
4290	174	10175	657	102	0	11108
4291	9202	278	548	59	0	10087
4292	9104	31	35	31	0	9201
4293	9169	22	27	30	0	9248
4294	158	26	8934	23	0	9141
4295	8667	22	129	24	0	8842
4296	137	8695	68	27	0	8927
4297	9128	109	41	23	0	9301
4298	152	50	8921	18	0	9141
4299	69	27	127	8882	0	9105
4300	58	25	8875	119	0	9077
4301	43	8543	155	56	0	8797
4302	57	118	45	8981	0	9201
4303	44	39	48	9139	0	9270
4304	10066	26	38	147	0	10277
4305	10015	24	40	62	0	10141
4306	10058	12	39	53	0	10162
4307	9393	26	28	41	0	9488
4308	9334	23	31	49	0	9437
4309	178	24	9040	37	0	9279
4310	72	32	119	8982	0	9205
4311	71	27	10441	127	0	10666
4312	45	25	172	10436	0	10678
4313	10500	12	74	182	0	10768
4314	10555	22	54	66	0	10697
4315	10546	19	33	40	0	10638
4316	9942	18	39	36	0	10035
4317	252	20	10218	36	0	10526
4318	98	22	176	9383	0	9679
4319	66	33	9330	167	0	9596
4320	58	8991	182	73	0	9304
4321	46	9240	82	61	0	9429
4322	61	196	47	9244	0	9548
4323	58	71	35	9556	0	9720
4324	74	19	30	10132	0	10255
4325	58	18	38	11032	0	11146
4326	10856	16	37	333	0	11242
4327	287	10622	57	116	0	11082
4328	9011	168	15	64	0	9258
4329	210	44	13	8951	0	9218
4330	82	39	15	8731	0	8867
4331	83	8728	34	228	0	9073
4332	77	210	17	8164	0	8468
4333	8029	88	16	213	0	8346
4334	197	7571	35	188	0	7991
4335	64	7700	28	293	0	8085
4336	8002	214	15	391	0	8622
4337	294	168	15	8282	0	8759
4338	399	7748	23	470	0	8640
4339	422	410	13	8145	0	8990
4340	8216	331	30	357	0	8934
4341	422	201	25	8176	0	8824
4342	157	143	22	8585	0	8907
4343	8083	267	30	611	0	8991
4344	282	371	28	8201	0	8882
4345	330	7864	24	467	0	8685
4346	387	468	12	8037	0	8904
4347	219	8015	26	364	0	8624
4348	293	521	10	7089	0	7913
4349	6964	210	15	771	0	7960
4350	6994	293	16	525	0	7828
4351	383	462	11	7345	0	8201
4352	481	215	6684	629	0	8009
4353	6575	91	153	622	0	7441
4354	373	49	6249	841	0	7512
4355	6479	271	167	529	0	7446
4356	6666	181	56	625	0	7528
4357	463	334	6214	482	0	7493
4358	206	6537	200	441	0	7384
4359	6857	628	73	398	0	7956
4360	7140	354	64	310	0	7868
4361	684	111	6447	522	0	7764
4362	6743	197	260	256	0	7456
4363	6719	113	185	442	0	7459
4364	6432	100	342	335	0	7209
4365	661	26	358	6431	0	7476
4366	589	36	299	6753	0	7677
4367	646	6249	346	307	0	7548
4368	645	239	162	6760	0	7806
4369	489	298	240	6763	0	7790
4370	359	307	6513	462	0	7641
4371	382	440	6184	242	0	7248
4372	6462	168	302	300	0	7232
4373	7086	73	286	179	0	7624
4374	894	6166	297	139	0	7496
4375	721	195	110	6727	0	7753
4376	595	67	6444	457	0	7563
4377	535	132	269	6583	0	7519
4378	229	136	255	6786	0	7406
4379	292	265	112	7345	0	8014
4380	306	6795	144	656	0	7901
4381	165	272	373	7338	0	8148
4382	158	232	425	7413	0	8228
4383	386	122	7134	431	0	8073
4384	566	161	7041	196	0	7964
4385	6831	157	450	244	0	7682
4386	7207	272	230	234	0	7943
4387	538	255	198	8120	0	9111
4388	348	86	287	6926	0	7647
4389	193	29	305	7268	0	7795
4390	129	112	6010	1167	0	7418
4391	107	6039	317	787	0	7250
4392	98	583	5961	754	0	7396
4393	5994	319	410	713	0	7436
4394	347	115	6339	671	0	7472
4395	6130	45	855	428	0	7458
4396	6543	57	615	161	0	7376
4397	6929	82	367	158	0	7536
4398	951	184	150	6253	0	7538
4399	464	124	5944	888	0	7420
4400	184	5907	603	701	0	7395
4401	146	376	268	6747	0	7537
4402	155	171	326	7242	0	7894
4403	204	262	6480	701	0	7647
4404	177	6927	634	265	0	8003
4405	6747	488	387	285	0	7907
4406	735	6688	338	344	0	8105
4407	8170	384	428	187	0	9169
4408	1025	131	327	7783	0	9266
4409	782	98	7440	570	0	8890
4410	618	8316	544	359	0	9837
4411	7641	474	325	488	0	8928
4412	514	305	7450	463	0	8732
4413	7447	254	527	569	0	8797
4414	7867	167	339	596	0	8969
4415	588	353	7346	362	0	8649
4416	7529	439	629	111	0	8708
4417	7784	377	216	59	0	8436
4418	7603	286	289	106	0	8284
4419	980	7087	234	126	0	8427
4420	7355	483	217	177	0	8232
4421	843	6880	280	188	0	8191
4422	394	616	6805	249	0	8064
4423	469	7135	649	135	0	8388
4424	5661	416	677	38	0	6792
4425	5847	72	51	30	0	6000
4426	5885	58	36	29	0	6008
4427	377	31	40	5464	0	5912
4428	118	30	25	5861	0	6034
4429	5497	29	46	346	0	5918
4430	5790	29	30	89	0	5938
4431	385	28	24	5545	0	5982
4432	135	42	5321	312	0	5810
4433	89	5279	283	85	0	5736
4434	69	5718	70	61	0	5918
4435	66	345	38	5579	0	6028
4436	59	104	5417	309	0	5889
4437	53	71	295	5272	0	5691
4438	70	5436	87	296	0	5889
4439	49	319	57	5543	0	5968
4440	82	86	5495	320	0	5983
4441	65	59	298	5589	0	6011
4442	81	39	5504	344	0	5968
4443	64	46	322	5602	0	6034
4444	84	43	5497	350	0	5974
4445	72	59	5698	110	0	5939
4446	5475	40	360	67	0	5942
4447	5814	53	111	58	0	6036
4448	5836	53	90	47	0	6026
4449	410	5426	67	58	0	5961
4450	172	321	71	5574	0	6138
4451	5266	92	57	331	0	5746
4452	5353	68	59	105	0	5585
4453	5333	53	51	88	0	5525
4454	420	71	4871	61	0	5423
4455	172	4656	284	78	0	5190
4456	127	5250	99	61	0	5537
4457	5093	357	72	71	0	5593
4458	366	115	70	5104	0	5655
4459	5011	75	64	338	0	5488
4460	396	82	4714	87	0	5279
4461	167	69	300	4826	0	5362
4462	149	63	106	5090	0	5408
4463	129	71	85	4854	0	5139
4464	135	4830	61	362	0	5388
4465	4885	321	73	113	0	5392
4466	5067	109	79	72	0	5327
4467	417	4862	58	74	0	5411
4468	186	317	65	4904	0	5472
4469	4954	100	73	331	0	5458
4470	407	89	45	4940	0	5481
4471	4896	67	66	354	0	5383
4472	393	4843	61	125	0	5422
4473	5029	352	51	77	0	5509
4474	424	140	4661	82	0	5307
4475	188	4733	312	74	0	5307
4476	144	340	4754	95	0	5333
4477	142	110	335	4875	0	5462
4478	4524	98	523	364	0	5509
4479	4745	60	93	111	0	5009
4480	4785	69	67	93	0	5014
4481	425	55	67	4498	0	5045
4482	4587	62	61	313	0	5023
4483	378	54	57	4549	0	5038
4484	4518	63	60	350	0	4991
4485	4755	53	72	137	0	5017
4486	412	57	4387	103	0	4959
4487	123	36	3229	55	0	3443
4488	88	44	3267	48	0	3447
4489	60	50	199	3263	0	3572
4490	3306	37	86	181	0	3610
4491	209	35	59	4069	0	4372
4492	107	23	43	4243	0	4416
4493	4382	32	45	222	0	4681
4494	4469	27	35	115	0	4646
4495	4469	25	41	75	0	4610
4496	4518	21	35	57	0	4631
4497	251	32	40	4301	0	4624
4498	4336	22	39	190	0	4587
4499	206	4101	39	83	0	4429
4500	4350	169	33	67	0	4619
4501	4482	65	39	60	0	4646
4502	209	44	3692	55	0	4000
4503	3895	31	137	64	0	4127
4504	150	19	2767	23	0	2959
4505	63	9	2852	22	0	2946
4506	46	19	2931	27	0	3023
4507	1	0	2	1749	0	1752
4508	1	1	1832	1	0	1835
4509	0	0	1	1769	0	1770
4510	0	2	1068	1	0	1071
4511	0	1	1000	1	0	1002
4512	0	1	1	1007	0	1009
4513	0	0	0	1034	0	1034
4514	1	1	1045	1	0	1048
4515	1007	0	1	0	0	1008
4516	1	0	0	1060	0	1061
4517	0	0	0	1049	0	1049
4518	1073	0	0	1	0	1074
4519	1	0	0	1051	0	1052
4520	1	1	1058	1	0	1061
4521	1	1	1009	0	0	1011
4522	0	0	0	1025	0	1025
4523	0	0	1054	0	0	1054
4524	1	976	4	3	0	984
4525	0	2	0	1036	0	1038
4526	1059	0	0	0	0	1059
4527	1	0	1034	0	0	1035
4528	937	0	2	1	0	940
4529	0	1	0	1037	0	1038
4530	0	1	0	1046	0	1047
4531	0	0	0	1040	0	1040
4532	0	1	0	1043	0	1044
4533	1044	0	0	0	0	1044
4534	0	1728	2	1	0	1731
4535	0	6	0	1825	0	1831
4536	1	6	0	1825	0	1832
4537	0	3	0	1832	0	1835
4538	0	1	0	1824	0	1825
4539	1826	0	0	18	0	1844
4540	8	1665	5	15	0	1693
4541	1813	7	0	4	0	1824
4542	10	1708	1	2	0	1721
4543	7	1721	4	2	0	1734
4544	1798	15	0	1	0	1814
4545	10	8	1752	0	0	1770
4546	6	3	8	1757	0	1774
4547	1791	1	5	8	0	1805
4548	1753	0	2	7	0	1762
4549	1729	0	0	2	0	1731
4550	1791	0	0	2	0	1793
4551	16	1684	3	1	0	1704
4552	1791	8	0	0	0	1799
4553	1797	6	0	0	0	1803
4554	15	1704	4	1	0	1724
4555	7	8	0	1767	0	1782
4556	6	7	1730	9	0	1752
4557	2	2	8	1707	0	1719
4558	1709	3	6	9	0	1727
4559	8	3	1728	9	0	1748
4560	7	1588	13	4	0	1612
4561	6	10	1731	5	0	1752
4562	3	7	11	1697	0	1718
4563	2	1599	12	8	0	1621
4564	1757	11	3	8	0	1779
4565	10	1671	7	3	0	1691
4566	6	12	0	1742	0	1760
4567	2	10	0	1746	0	1758
4568	1734	3	0	14	0	1751
4569	8	2	2	1721	0	1733
4570	7	1623	4	14	0	1648
4571	1724	9	1	8	0	1742
4572	1661	7	2	3	0	1673
4573	17	1645	8	3	0	1673
4574	1755	8	0	1	0	1764
4575	12	1672	3	1	0	1688
4576	1749	10	0	1	0	1760
4577	11	1649	4	0	0	1664
4578	8	14	0	1671	0	1693
4579	4	8	0	1709	0	1721
4580	1697	4	2	11	0	1714
4581	1675	2	0	12	0	1689
4582	17	1564	6	7	0	1594
4583	9	13	1544	2	0	1568
4584	1614	9	11	1	0	1635
4585	11	2	10	1682	0	1705
4586	8	1601	7	8	0	1624
4587	3	11	2	1718	0	1734
4588	1708	7	0	11	0	1726
4589	1674	4	0	11	0	1689
4590	1691	3	0	4	0	1698
4591	18	1	1	927	0	947
4592	11	4	913	12	0	940
4593	730	0	8	15	0	753
4594	759	2	6	8	0	775
4595	779	0	1	6	0	786
4596	17	699	4	3	0	723
4597	14	9	1	764	0	788
4598	5	737	2	9	0	753
4599	5	17	1	767	0	790
4600	6	8	0	768	0	782
4601	0	8	752	17	0	777
4602	6	3	8	1496	0	1513
4603	4	3	9	1577	0	1593
4604	1522	1	3	61	0	1587
4605	44	1488	1	24	0	1557
4606	1535	41	1	8	0	1585
4607	1552	22	2	8	0	1584
4608	70	4	1	1522	0	1597
4609	26	12	1888	46	0	1972
4610	8	1890	52	22	0	1972
4611	10	2394	24	7	0	2435
4612	3388	68	5	5	0	3466
4613	49	3396	10	11	0	3466
4614	26	56	4	3435	0	3521
4615	4	26	7	3513	0	3550
4616	10	14	3371	79	0	3474
4617	9	25	3231	34	0	3299
4618	10	3266	76	13	0	3365
4619	9	65	25	3467	0	3566
4620	3378	30	10	57	0	3475
4621	52	15	9	3482	0	3558
4622	26	15	3372	72	0	3485
4623	5	16	59	3455	0	3535
4624	3367	11	29	68	0	3475
4625	3411	13	9	42	0	3475
4626	79	3320	9	20	0	3428
4627	3450	53	8	22	0	3533
4628	65	3330	12	20	0	3427
4629	3467	62	14	15	0	3558
4630	76	31	11	3409	0	3527
4631	42	18	3319	62	0	3441
4632	24	23	3157	31	0	3235
4633	20	3216	81	18	0	3335
4634	11	55	18	2662	0	2746
4635	13	23	8	2769	0	2813
4636	2731	14	8	75	0	2828
4637	2749	8	10	33	0	2800
4638	2745	10	14	19	0	2788
4639	71	13	10	2693	0	2787
4640	29	15	10	2741	0	2795
4641	23	13	4	2783	0	2823
4642	21	17	2641	81	0	2760
4643	25	14	2585	31	0	2655
4644	2561	9	61	20	0	2651
4645	2708	11	27	23	0	2769
4646	78	13	2628	22	0	2741
4647	2618	17	56	24	0	2715
4648	2662	8	26	22	0	2718
4649	81	17	2573	17	0	2688
4650	41	2528	73	22	0	2664
4651	30	54	34	2665	0	2783
4652	32	37	2582	72	0	2723
4653	24	3025	72	46	0	3167
4654	32	92	31	2866	0	3021
4655	36	3856	30	88	0	4010
4656	27	155	3832	62	0	4076
4657	33	78	3998	45	0	4154
4658	35	31	207	3977	0	4250
4659	3991	30	103	159	0	4283
4660	166	30	50	4068	0	4314
4661	4075	35	25	175	0	4310
4662	187	28	27	4102	0	4344
4663	89	32	3846	196	0	4163
4664	3994	34	149	97	0	4274
4665	161	28	3876	86	0	4151
4666	4005	30	162	42	0	4239
4667	180	39	96	3552	0	3867
4668	85	3911	69	129	0	4194
4669	67	162	37	3869	0	4135
4670	45	4954	52	174	0	5225
4671	60	166	34	4751	0	5011
4672	43	4959	47	181	0	5230
4673	5056	173	47	94	0	5370
4674	5101	83	31	71	0	5286
4675	5138	61	28	64	0	5291
4676	243	46	4909	61	0	5259
4677	120	34	156	5045	0	5355
4678	101	35	4905	177	0	5218
4679	74	4731	182	89	0	5076
4680	75	5069	101	64	0	5309
4681	5030	196	55	55	0	5336
4682	179	104	4891	56	0	5230
4683	83	4782	183	49	0	5097
4684	56	182	84	5039	0	5361
4685	4893	84	52	176	0	5205
4686	195	4966	48	88	0	5297
4687	5121	170	46	51	0	5388
4688	206	92	4853	51	0	5202
4689	116	56	158	4926	0	5256
4690	79	40	77	5094	0	5290
4691	44	49	68	5132	0	5293
4692	51	4903	60	232	0	5246
4693	47	162	57	5038	0	5304
4694	55	95	4904	202	0	5256
4695	53	58	160	4949	0	5220
4696	53	45	81	5135	0	5314
4697	50	46	61	5079	0	5236
4698	64	5411	60	231	0	5766
4699	48	160	59	5734	0	6001
4700	58	70	44	5723	0	5895
4701	49	5488	53	248	0	5838
4702	4746	119	21	111	0	4997
4703	116	4675	30	75	0	4896
4704	52	4816	28	73	0	4969
4705	48	632	35	4388	0	5103
4706	34	107	4571	140	0	4852
4707	4341	62	132	86	0	4621
4708	132	43	50	4822	0	5047
4709	46	38	4211	119	0	4414
4710	35	4024	112	89	0	4260
4711	19	108	52	4400	0	4579
4712	25	79	3393	141	0	3638
4713	30	52	126	3439	0	3647
4714	20	39	76	3584	0	3719
4715	3435	35	62	187	0	3719
4716	120	3352	42	124	0	3638
4717	3479	133	37	90	0	3739
4718	179	78	3809	62	0	4128
4719	77	3807	134	73	0	4091
4720	84	144	3908	47	0	4183
4721	44	78	172	3950	0	4244
4722	3993	58	104	137	0	4292
4723	150	33	64	3970	0	4217
4724	4028	37	52	169	0	4286
4725	4082	34	41	102	0	4259
4726	186	30	20	4525	0	4761
4727	111	56	6308	163	0	6638
4728	85	51	6308	104	0	6548
4729	65	56	157	6471	0	6749
4730	60	35	94	6708	0	6897
4731	7839	43	71	179	0	8132
4732	156	36	46	7775	0	8013
4733	92	7392	55	175	0	7714
4734	67	128	29	7828	0	8052
4735	47	83	38	7942	0	8110
4736	7783	65	31	205	0	8084
4737	133	7494	40	115	0	7782
4738	82	148	28	7810	0	8068
4739	80	83	32	7781	0	7976
4740	64	7547	39	190	0	7840
4741	43	134	48	7892	0	8117
4742	35	86	36	7840	0	7997
4743	32	7535	44	224	0	7835
4744	44	150	21	7867	0	8082
4745	27	96	29	7789	0	7941
4746	45	7520	39	206	0	7810
4747	26	145	39	7945	0	8155
4748	7761	86	28	215	0	8090
4749	7574	63	17	147	0	7801
4750	7589	51	13	115	0	7768
4751	7709	66	25	76	0	7876
4752	206	7527	30	105	0	7868
4753	7286	83	4	29	0	7402
4754	107	6963	9	42	0	7121
4755	12	6148	8	7	0	6175
4756	14	21	7	6382	0	6424
4757	9	17	6221	22	0	6269
4758	5579	15	19	10	0	5623
4759	5950	9	7	15	0	5981
4760	25	12	6632	8	0	6677
4761	6114	6	25	9	0	6154
4762	6922	2	6	9	0	6939
4763	24	6597	18	10	0	6649
4764	6932	16	8	3	0	6959
4765	28	7	3	6784	0	6822
4766	14	11	4	6767	0	6796
4767	16	6	1	6834	0	6857
4768	7	6	0	6811	0	6824
4769	6989	6	2	32	0	7029
4770	21	4	0	5794	0	5819
4771	9	3	3	5770	0	5785
4772	18	8	5718	31	0	5775
4773	4497	17	28	33	0	4575
4774	5468	5	10	22	0	5505
4775	5456	4	13	16	0	5489
4776	29	5487	9	11	0	5536
4777	20	5467	15	10	0	5512
4778	5709	19	5	6	0	5739
4779	33	15	2	5592	0	5642
4780	11	5493	11	22	0	5537
4781	17	22	4	5678	0	5721
4782	12	5457	9	27	0	5505
4783	5693	28	0	16	0	5737
4784	23	5925	8	18	0	5974
4785	13	38	2	6040	0	6093
4786	20	14	3	6077	0	6114
4787	20	31	6200	40	0	6291
4788	7	6365	59	28	0	6459
4789	9	57	15	6772	0	6853
4790	13	29	6590	68	0	6700
4791	5	42	6447	33	0	6527
4792	10	10	80	7386	0	7486
4793	8	9	50	7420	0	7487
4794	10	7208	42	154	0	7414
4795	9	7503	25	102	0	7639
4796	5	157	14	7766	0	7942
4797	7632	95	8	120	0	7855
4798	109	56	7	7149	0	7321
4799	6922	22	7	157	0	7108
4800	6997	19	5	87	0	7108
4801	6868	16	6	68	0	6958
4802	214	22	7376	28	0	7640
4803	7138	16	110	26	0	7290
4804	166	12	58	7407	0	7643
4805	94	17	42	7412	0	7565
4806	67	18	7300	183	0	7568
4807	30	22	7079	122	0	7253
4808	27	13	161	7109	0	7310
4809	23	6883	108	134	0	7148
4810	18	7221	73	78	0	7390
4811	18	136	12	7099	0	7265
4812	7022	82	11	107	0	7222
4813	95	43	14	6890	0	7042
4814	59	19	16	6867	0	6961
4815	43	6800	32	152	0	7027
4816	11	91	6	7100	0	7208
4817	17	70	6677	134	0	6898
4818	11	76	5751	72	0	5910
4819	5706	15	144	66	0	5931
4820	93	6153	95	24	0	6365
4821	6430	99	48	31	0	6608
4822	6418	64	17	34	0	6533
4823	154	58	19	5897	0	6128
4824	98	6266	15	101	0	6480
4825	51	104	11	6445	0	6611
4826	5911	69	12	127	0	6119
4827	100	4319	15	78	0	4512
4828	4345	110	10	53	0	4518
4829	128	4315	12	35	0	4490
4830	4430	127	13	33	0	4603
4831	3503	74	15	36	0	3628
4832	156	3332	16	29	0	3533
4833	112	112	14	3490	0	3728
4834	3553	58	18	119	0	3748
4835	127	59	3294	75	0	3555
4836	85	31	3333	73	0	3522
4837	69	30	136	3412	0	3647
4838	3484	23	91	118	0	3716
4839	134	18	45	3515	0	3712
4840	3561	40	21	152	0	3774
4841	159	37	3301	100	0	3597
4842	3453	16	104	90	0	3663
4843	3546	23	76	46	0	3691
4844	165	24	65	3451	0	3705
4845	117	27	21	3499	0	3664
4846	79	26	27	3531	0	3663
4847	48	3331	35	216	0	3630
4848	49	107	27	4814	0	4997
4849	38	71	31	4906	0	5046
4850	4839	56	25	195	0	5115
4851	4843	31	28	153	0	5055
4852	181	27	4642	111	0	4961
4853	4694	48	118	69	0	4929
4854	162	39	4717	82	0	5000
4855	4488	45	152	73	0	4758
4856	171	44	4732	69	0	5016
4857	106	37	4681	84	0	4908
4858	90	54	174	4602	0	4920
4859	73	47	4655	151	0	4926
4860	4841	41	157	117	0	5156
4861	155	34	82	5018	0	5289
4862	5005	46	69	162	0	5282
4863	5820	46	33	132	0	6031
4864	5900	44	32	96	0	6072
4865	5828	37	48	70	0	5983
4866	274	24	5547	69	0	5914
4867	170	25	126	5546	0	5867
4868	144	39	5610	141	0	5934
4869	93	27	146	5697	0	5963
4870	5719	30	89	180	0	6018
4871	165	29	86	5822	0	6102
4872	5804	28	52	186	0	6070
4873	184	40	38	5759	0	6021
4874	108	31	50	5852	0	6041
4875	5747	41	38	231	0	6057
4876	150	5449	57	153	0	5809
4877	5662	114	34	124	0	5934
4878	189	5523	30	86	0	5828
4879	108	149	33	5727	0	6017
4880	5773	94	32	148	0	6047
4881	175	60	5557	129	0	5921
4882	125	31	115	5696	0	5967
4883	5758	41	83	165	0	6047
4884	5095	24	55	109	0	5283
4885	179	39	35	5169	0	5422
4886	148	6667	40	129	0	6984
4887	80	6613	38	89	0	6820
4888	52	280	15	6299	0	6646
4889	6190	92	10	241	0	6533
4890	247	5966	19	89	0	6321
4891	106	6077	17	47	0	6247
4892	5161	205	2	6	0	5374
4893	173	5094	5	2	0	5274
4894	5201	194	2	2	0	5399
4895	189	21	1	5123	0	5334
4896	21	14	0	5244	0	5279
4897	7	4940	7	196	0	5150
4898	6	5224	6	27	0	5263
4899	5129	204	0	10	0	5343
4900	181	4945	8	5	0	5139
4901	20	5527	8	5	0	5560
4902	8	233	0	5098	0	5339
4903	5133	48	1	222	0	5404
4904	230	38	4974	46	0	5288
4905	4903	26	218	21	0	5168
4906	254	4	41	5861	0	6160
4907	48	30	5830	318	0	6226
4908	41	17	6630	82	0	6770
4909	11	16	357	6501	0	6885
4910	11	19	6562	352	0	6944
4911	6217	24	339	90	0	6670
4912	7166	28	96	51	0	7341
4913	408	28	6852	55	0	7343
4914	107	31	363	6764	0	7265
4915	69	31	119	7295	0	7514
4916	7068	20	70	451	0	7609
4917	368	23	74	6890	0	7355
4918	141	6757	49	377	0	7324
4919	6967	326	37	120	0	7450
4920	386	6625	49	79	0	7139
4921	114	7096	43	90	0	7343
4922	55	415	37	6833	0	7340
4923	72	126	14	7112	0	7324
4924	40	87	24	7225	0	7376
4925	80	79	6598	444	0	7201
4926	6303	66	319	164	0	6852
4927	347	6624	107	84	0	7162
4928	7000	367	29	102	0	7498
4929	7198	122	38	88	0	7446
4930	455	71	26	8036	0	8588
4931	135	7894	41	404	0	8474
4932	103	363	41	8271	0	8778
4933	98	121	36	8613	0	8868
4934	8521	78	37	453	0	9089
4935	9212	70	17	167	0	9466
4936	483	66	8747	113	0	9409
4937	8953	51	312	112	0	9428
4938	418	8858	102	97	0	9475
4939	9237	356	53	92	0	9738
4940	400	9002	52	97	0	9551
4941	195	381	27	9177	0	9780
4942	149	137	28	9340	0	9654
4943	117	8946	49	440	0	9552
4944	88	402	39	9324	0	9853
4945	83	148	23	9541	0	9795
4946	86	86	21	9422	0	9615
4947	58	8869	43	475	0	9445
4948	72	379	17	8192	0	8660
4949	62	140	29	8328	0	8559
4950	65	93	32	8533	0	8723
4951	69	94	7196	1080	0	8439
4952	7586	78	322	252	0	8238
4953	381	95	7806	177	0	8459
4954	7827	96	362	152	0	8437
4955	431	80	7888	160	0	8559
4956	7827	88	357	155	0	8427
4957	8251	86	140	143	0	8620
4958	530	62	8629	132	0	9353
4959	215	56	408	8650	0	9329
4960	158	89	7895	414	0	8556
4961	7831	65	363	189	0	8448
4962	442	58	8058	130	0	8688
4963	226	50	7272	144	0	7692
4964	7171	73	464	122	0	7830
4965	449	7059	199	95	0	7802
4966	186	377	116	7463	0	8142
4967	8124	158	115	420	0	8817
4968	478	68	91	8060	0	8697
4969	187	87	108	8408	0	8790
4970	8824	67	101	523	0	9515
4971	9072	58	102	220	0	9452
4972	562	65	8468	186	0	9281
4973	206	74	9525	182	0	9987
4974	168	56	499	9398	0	10121
4975	152	32	9571	541	0	10296
4976	123	41	466	9514	0	10144
4977	136	51	204	9679	0	10070
4978	179	52	95	10157	0	10483
4979	9690	51	135	597	0	10473
4980	484	9336	119	256	0	10195
4981	9763	407	83	212	0	10465
4982	9896	123	87	207	0	10313
4983	556	9740	78	191	0	10565
4984	11019	445	63	182	0	11709
4985	559	164	10614	163	0	11500
4986	176	74	193	8841	0	9284
4987	9059	80	89	242	0	9470
4988	297	67	8511	124	0	8999
4989	8477	62	203	84	0	8826
4990	277	8729	105	100	0	9211
4991	10357	222	47	86	0	10712
4992	10464	96	70	89	0	10719
4993	432	9989	61	101	0	10583
4994	11133	283	69	68	0	11553
4995	429	125	75	10907	0	11536
4996	243	75	53	11208	0	11579
4997	10944	73	56	439	0	11512
4998	10102	55	40	225	0	10422
4999	469	10474	46	165	0	11154
5000	258	10889	40	141	0	11328
5001	156	370	27	10252	0	10805
5002	125	10128	36	308	0	10597
5003	126	10528	28	169	0	10851
5004	10370	385	30	80	0	10865
5005	352	10335	55	84	0	10826
5006	9492	206	14	31	0	9743
5007	210	9860	35	33	0	10138
5008	114	208	9132	38	0	9492
5009	65	9382	177	36	0	9660
5010	9319	198	435	27	0	9979
5011	9691	87	38	27	0	9843
5012	222	80	9047	8	0	9357
5013	116	32	152	8607	0	8907
5014	74	29	52	9340	0	9495
5015	55	41	9056	201	0	9353
5016	60	20	159	8712	0	8951
5017	24	22	9095	215	0	9356
5018	32	33	8623	111	0	8799
5019	8717	16	204	60	0	8997
5020	176	8801	94	40	0	9111
5021	9181	171	41	32	0	9425
5022	190	90	27	9067	0	9374
5023	89	59	8887	183	0	9218
5024	59	60	153	8634	0	8906
5025	39	8618	71	155	0	8883
5026	9139	177	23	73	0	9412
5027	10157	94	21	44	0	10316
5028	232	51	22	11113	0	11418
5029	98	62	10882	192	0	11234
5030	9431	47	180	74	0	9732
5031	209	9682	87	36	0	10014
5032	10195	200	29	29	0	10453
5033	255	75	32	9938	0	10300
5034	9964	49	43	189	0	10245
5035	256	53	21	9199	0	9529
5036	124	60	8866	230	0	9280
5037	92	46	9161	111	0	9410
5038	8913	24	228	114	0	9279
5039	224	9250	131	74	0	9679
5040	10043	178	72	57	0	10350
5041	9944	97	52	49	0	10142
5042	259	9711	59	60	0	10089
5043	10147	216	25	54	0	10442
5044	264	124	9618	71	0	10077
5045	123	94	193	9734	0	10144
5046	92	96	69	9804	0	10061
5047	84	89	44	10184	0	10401
5048	109	89	9580	268	0	10046
5049	92	89	9491	126	0	9798
5050	83	67	241	9430	0	9821
5051	75	9271	141	198	0	9685
5052	103	9728	78	101	0	10010
5053	9974	269	54	50	0	10347
5054	9870	110	62	49	0	10091
5055	283	9644	64	83	0	10074
5056	152	227	37	9935	0	10351
5057	100	104	41	10162	0	10407
5058	9187	61	86	287	0	9621
5059	259	57	73	9105	0	9494
5060	147	57	67	9247	0	9518
5061	101	69	80	9361	0	9611
5062	127	78	8868	312	0	9385
5063	120	89	8282	159	0	8650
5064	8784	73	257	104	0	9218
5065	265	38	117	9104	0	9524
5066	130	65	8952	251	0	9398
5067	92	73	8175	154	0	8494
5068	8474	72	265	129	0	8940
5069	269	87	8724	108	0	9188
5070	144	8011	197	81	0	8433
5071	100	173	111	9803	0	10187
5072	109	106	9516	245	0	9976
5073	8793	65	250	140	0	9248
5074	274	64	132	9132	0	9602
5075	160	58	9066	289	0	9573
5076	116	33	248	9936	0	10333
5077	84	62	135	10868	0	11149
5078	10786	30	93	415	0	11324
5079	308	10662	125	198	0	11293
5080	183	276	73	11158	0	11690
5081	11263	134	37	328	0	11762
5082	11395	87	61	176	0	11719
5083	11137	52	57	107	0	11353
5084	10440	62	55	104	0	10661
5085	445	59	55	10209	0	10768
5086	10199	44	63	323	0	10629
5087	10221	34	64	198	0	10517
5088	10083	35	72	154	0	10344
5089	10100	33	70	144	0	10347
5090	429	9415	84	141	0	10069
5091	149	8946	67	65	0	9227
5092	101	235	594	8624	0	9554
5093	90	9037	90	173	0	9390
5094	8792	151	24	89	0	9056
5095	175	80	15	8755	0	9025
5096	8784	38	26	185	0	9033
5097	8700	23	25	132	0	8880
5098	225	40	31	8644	0	8940
5099	110	20	30	8618	0	8778
5100	73	8391	47	247	0	8758
5101	8701	143	48	114	0	9006
5102	205	9071	64	82	0	9422
5103	9479	143	47	80	0	9749
5104	210	62	52	9414	0	9738
5105	129	50	9108	185	0	9472
5106	9224	26	173	106	0	9529
5107	8838	33	81	79	0	9031
5108	299	50	8595	55	0	8999
5109	131	56	9059	78	0	9324
5110	98	44	236	9081	0	9459
5111	11123	33	81	219	0	11456
5112	11130	34	54	122	0	11340
5113	11279	33	52	81	0	11445
5114	11282	27	32	91	0	11432
5115	354	10591	54	89	0	11088
5116	12083	207	36	81	0	12407
5117	310	96	28	12444	0	12878
5118	161	48	18	12522	0	12749
5119	125	61	19	12599	0	12804
5120	131	58	10	13266	0	13465
5121	13101	37	20	385	0	13543
5122	346	53	24	13090	0	13513
5123	190	56	12573	346	0	13165
5124	142	35	244	12877	0	13298
5125	139	18	91	13247	0	13495
5126	153	31	30	13196	0	13410
5127	144	24	29	12273	0	12470
5128	10849	24	23	344	0	11240
5129	276	10385	35	137	0	10833
5130	129	10675	27	75	0	10906
5131	82	285	18	10841	0	11226
5132	10776	87	24	283	0	11170
5133	10986	45	19	114	0	11164
5134	345	38	11	10832	0	11226
5135	139	61	10757	291	0	11248
5136	10762	25	218	142	0	11147
5137	290	33	78	10756	0	11157
5138	134	49	10356	304	0	10843
5139	9924	21	228	140	0	10313
5140	305	9931	99	97	0	10432
5141	12187	245	41	73	0	12546
5142	410	12475	36	102	0	13023
5143	185	404	32	13007	0	13628
5144	157	13309	37	417	0	13920
5145	80	458	24	14368	0	14930
5146	13360	185	27	535	0	14107
5147	422	13502	46	271	0	14241
5148	232	417	13327	166	0	14142
5149	143	198	378	13885	0	14604
5150	105	135	13755	512	0	14507
5151	100	44	466	13478	0	14088
5152	96	60	197	14408	0	14761
5153	85	59	13736	661	0	14541
5154	12186	42	446	371	0	13045
5155	472	52	13853	205	0	14582
5156	249	89	13447	119	0	13904
5157	157	13095	580	141	0	13973
5158	88	435	259	13700	0	14482
5159	109	208	130	14021	0	14468
5160	81	132	79	13839	0	14131
5161	68	63	62	14411	0	14604
5162	85	86	13371	739	0	14281
5163	12294	55	427	418	0	13194
5164	487	66	13422	235	0	14210
5165	250	59	479	13744	0	14532
5166	13586	57	231	508	0	14382
5167	450	13276	166	305	0	14197
5168	252	429	80	13511	0	14272
5169	13206	203	77	548	0	14034
5170	460	12711	81	328	0	13580
5171	197	12962	75	165	0	13399
5172	12856	493	45	102	0	13496
5173	368	12944	75	110	0	13497
5174	13090	452	58	93	0	13693
5175	482	13712	66	96	0	14356
5176	13109	483	45	80	0	13717
5177	12415	209	37	94	0	12755
5178	607	12330	58	75	0	13070
5179	335	455	48	12146	0	12984
5180	196	261	11544	457	0	12458
5181	11552	175	403	261	0	12391
5182	466	94	203	11705	0	12468
5183	248	11171	156	473	0	12048
5184	171	12022	89	278	0	12560
5185	99	566	68	12244	0	12977
5186	12041	291	54	510	0	12896
5187	462	208	11431	294	0	12395
5188	260	106	403	11962	0	12731
5189	174	89	214	12147	0	12624
5190	124	64	153	12485	0	12826
5191	99	76	85	11632	0	11892
5192	88	11023	101	773	0	11985
5193	84	434	64	11815	0	12397
5194	84	280	10958	651	0	11973
5195	78	199	11007	363	0	11647
5196	77	143	11483	253	0	11956
5197	98	128	659	11303	0	12188
5198	11300	98	345	543	0	12286
5199	497	96	11284	295	0	12172
5200	308	103	11362	225	0	11998
5201	200	92	642	11104	0	12038
5202	10700	89	339	553	0	11681
5203	507	10533	222	331	0	11593
5204	10823	505	120	258	0	11706
5205	602	286	103	10780	0	11771
5206	327	224	10286	567	0	11404
5207	214	161	407	9718	0	10500
5208	147	10145	299	551	0	11142
5209	9997	467	162	315	0	10941
5210	502	294	9577	262	0	10635
5211	259	8269	446	171	0	9145
5212	8370	449	269	169	0	9257
5213	466	269	202	8136	0	9073
5214	332	206	112	9047	0	9697
5215	8949	122	141	627	0	9839
5216	8294	114	133	442	0	8983
5217	8193	106	127	309	0	8735
5218	716	90	131	7485	0	8422
5219	401	7570	124	497	0	8592
5220	7197	377	102	320	0	7996
5221	473	7248	100	282	0	8103
5222	7264	478	113	215	0	8070
5223	501	7196	109	220	0	8026
5224	307	503	97	7277	0	8184
5225	7233	298	100	478	0	8109
5226	7392	217	95	357	0	8061
5227	8284	154	93	287	0	8818
5228	8409	131	100	215	0	8855
5229	8465	114	92	203	0	8874
5230	735	132	7516	184	0	8567
5231	495	105	385	7898	0	8883
5232	330	126	7720	418	0	8594
5233	226	123	7886	311	0	8546
5234	7946	102	572	264	0	8884
5235	7696	141	356	166	0	8359
5236	7901	124	195	157	0	8377
5237	712	140	126	7518	0	8496
5238	7540	134	110	425	0	8209
5239	609	7084	96	306	0	8095
5240	401	7236	97	259	0	7993
5241	263	5663	76	149	0	6151
5242	4734	299	75	126	0	5234
5243	274	5093	68	109	0	5544
5244	4711	262	63	85	0	5121
5245	5024	157	52	96	0	5329
5246	347	109	4588	112	0	5156
5247	229	82	211	4690	0	5212
5248	200	68	122	5994	0	6384
5249	5847	47	109	395	0	6398
5250	6100	55	75	250	0	6480
5251	479	40	70	5964	0	6553
5252	307	74	5405	389	0	6175
5253	242	69	5575	230	0	6116
5254	183	60	381	5839	0	6463
5255	141	75	206	5983	0	6405
5256	137	85	121	6206	0	6549
5257	5891	78	88	513	0	6570
5258	5995	71	64	316	0	6446
5259	502	5655	65	213	0	6435
5260	343	278	65	5753	0	6439
5261	265	150	66	5845	0	6326
5262	198	5799	76	436	0	6509
5263	185	318	80	6034	0	6617
5264	5955	185	96	419	0	6655
5265	400	116	92	5978	0	6586
5266	276	82	82	6209	0	6649
5267	6000	71	67	515	0	6653
5268	6110	57	60	312	0	6539
5269	6250	40	70	217	0	6577
5270	611	51	53	5969	0	6684
5271	320	33	4209	334	0	4896
5272	239	44	4361	212	0	4856
5273	191	41	4944	163	0	5339
5274	116	4568	341	105	0	5130
5275	3901	130	104	65	0	4200
5276	181	84	3750	46	0	4061
5277	3892	34	166	42	0	4134
5278	204	34	93	3905	0	4236
5279	3910	16	56	172	0	4154
5280	3941	20	46	126	0	4133
5281	260	3754	39	73	0	4126
5282	3961	147	37	66	0	4211
5283	3996	86	42	49	0	4173
5284	254	3762	37	82	0	4135
5285	173	141	35	3931	0	4280
5286	141	98	3691	178	0	4108
5287	100	44	149	3957	0	4250
5288	91	27	105	4053	0	4276
5289	3944	21	74	281	0	4320
5290	206	24	50	3863	0	4143
5291	160	3809	36	238	0	4243
5292	106	159	28	3883	0	4176
5293	109	104	25	4080	0	4318
5294	97	67	3632	292	0	4088
5295	65	3749	161	176	0	4151
5296	53	3933	97	141	0	4224
5297	3716	217	59	139	0	4131
5298	184	3918	43	122	0	4267
5299	140	192	26	3928	0	4286
5300	134	122	3640	231	0	4127
5301	120	3781	150	165	0	4216
5302	3911	186	87	143	0	4327
5303	220	121	58	3909	0	4308
5304	159	67	56	4049	0	4331
5305	118	76	3688	279	0	4161
5306	96	60	184	3929	0	4269
5307	77	64	129	4103	0	4373
5308	3903	55	105	287	0	4350
5309	3960	39	86	220	0	4305
5310	262	3799	69	154	0	4284
5311	3977	157	47	143	0	4324
5312	268	3818	64	135	0	4285
5313	211	193	35	3784	0	4223
5314	133	3263	25	223	0	3644
5315	125	3485	29	150	0	3789
5316	3493	208	30	124	0	3855
5317	3479	150	32	102	0	3763
5318	273	3364	38	92	0	3767
5319	3565	177	38	91	0	3871
5320	3580	146	36	83	0	3845
5321	3641	77	33	117	0	3868
5322	287	74	51	3426	0	3838
5323	3573	58	40	230	0	3901
5324	241	70	3150	166	0	3627
5325	3483	63	143	124	0	3813
5326	263	50	3255	120	0	3688
5327	179	65	169	2606	0	3019
5328	132	66	105	2882	0	3185
5329	110	68	2603	260	0	3041
5330	2788	58	174	163	0	3183
5331	2934	67	104	107	0	3212
5332	275	82	2558	92	0	3007
5333	215	55	155	2715	0	3140
5334	128	78	105	2848	0	3159
5335	129	50	69	2959	0	3207
5336	2776	45	78	291	0	3190
5337	2876	50	69	192	0	3187
5338	261	43	52	2639	0	2995
5339	175	2515	47	238	0	2975
5340	125	2761	47	176	0	3109
5341	2652	195	51	135	0	3033
5342	212	2701	49	108	0	3070
5343	129	2130	34	101	0	2394
5344	639	187	24	1601	0	2451
5345	78	83	1417	128	0	1706
5346	44	1427	89	105	0	1665
5347	81	1071	53	573	0	1778
5348	0	1871	6	0	0	1877
5349	0	2	0	2045	0	2047
5350	2069	0	0	0	0	2069
5351	0	1883	8	1	0	1892
5352	2062	0	0	1	0	2063
5353	2036	0	0	2	0	2038
5354	1	2	1988	0	0	1991
5355	2821	0	0	0	0	2821
5356	0	0	0	2862	0	2862
5357	0	0	2853	0	0	2853
5358	0	2650	11	4	0	2665
5359	1	0	0	2884	0	2885
5360	0	0	0	2888	0	2888
5361	2914	0	0	1	0	2915
5362	0	2	0	2851	0	2853
5363	0	0	0	2847	0	2847
5364	2927	0	0	0	0	2927
5365	0	2693	5	0	0	2698
5366	2843	0	1	1	0	2845
5367	1	2	2835	1	0	2839
5368	2430	0	1	4	0	2435
5369	1	4	2784	0	0	2789
5370	0	2636	11	1	0	2648
5371	2881	0	2	0	0	2883
5372	2810	1	1	1	0	2813
5373	2	2	2304	0	0	2308
5374	1	4	2172	0	0	2177
5375	0	2	2196	0	0	2198
5376	0	2207	7	3	0	2217
5377	1	1	0	2352	0	2354
5378	2	2	2334	0	0	2338
5379	1	4	2231	0	0	2236
5380	0	2	0	2241	0	2243
5381	0	10	2819	0	0	2829
5382	2597	2	4	0	0	2603
5383	3247	0	2	1	0	3250
5384	24	4	3234	0	0	3262
5385	7	3120	26	4	0	3157
5386	2	20	5	3313	0	3340
5387	6	10	3272	13	0	3301
5388	1	3151	25	11	0	3188
5389	0	19	7	3303	0	3329
5390	3312	7	3	20	0	3342
5391	3227	2	3	9	0	3241
5392	26	3647	13	4	0	3690
5393	8	17	0	3919	0	3944
5394	3	6	1	3890	0	3900
5395	1	5	1	3823	0	3830
5396	3	1	0	3887	0	3891
5397	4	5	3806	31	0	3846
5398	1	4	19	3690	0	3714
5399	3	8	3772	25	0	3808
5400	0	3639	26	15	0	3680
5401	3835	21	8	5	0	3869
5402	17	3659	13	8	0	3697
5403	9	22	2	3867	0	3900
5404	4	10	2	3863	0	3879
5405	3888	4	0	30	0	3922
5406	19	3	3	3833	0	3858
5407	8	3615	10	24	0	3657
5408	5	19	2	3894	0	3920
5409	3	9	3	3869	0	3884
5410	3875	6	1	32	0	3914
5411	24	3	3688	16	0	3731
5412	10	3532	31	9	0	3582
5413	4	3778	9	11	0	3802
5414	8	33	3	3866	0	3910
5415	3845	10	4	25	0	3884
5416	16	3703	3	18	0	3740
5417	7	24	2	3876	0	3909
5418	5	12	3718	28	0	3763
5419	2	8	24	3713	0	3747
5420	3836	5	8	32	0	3881
5421	3652	2	11	9	0	3674
5422	33	8	2	3810	0	3853
5423	3839	7	5	24	0	3875
5424	3681	7	4	18	0	3710
5425	31	9	3638	8	0	3686
5426	3635	6	22	11	0	3674
5427	28	3528	23	12	0	3591
5428	3823	17	5	10	0	3855
5429	28	14	3624	6	0	3672
5430	13	6	24	3618	0	3661
5431	3759	6	11	30	0	3806
5432	33	9	3482	20	0	3544
5433	13	11	3458	10	0	3492
5434	11	6	31	3423	0	3471
5435	4	5	3557	30	0	3596
5436	3500	3	25	16	0	3544
5437	28	11	3552	9	0	3600
5438	12	8	28	3472	0	3520
5439	7	6	8	3562	0	3583
5440	3639	4	8	36	0	3687
5441	25	7	3557	19	0	3608
5442	13	9	4022	17	0	4061
5443	9	4	42	5752	0	5807
5444	12	11	5822	148	0	5993
5445	5671	3	142	30	0	5846
5446	142	3	24	5723	0	5892
5447	27	11	5811	145	0	5994
5448	20	7	140	4742	0	4909
5449	8	8	22	5022	0	5060
5450	4973	5	11	190	0	5179
5451	171	14	4863	50	0	5098
5452	4796	5	153	32	0	4986
5453	184	18	4825	22	0	5049
5454	4867	7	171	10	0	5055
5455	4379	6	46	13	0	4444
5456	4362	2	25	20	0	4409
5457	202	4158	31	19	0	4410
5458	4327	161	13	14	0	4515
5459	4419	27	7	12	0	4465
5460	202	16	16	4303	0	4537
5461	55	24	4179	183	0	4441
5462	4239	5	164	46	0	4454
5463	189	13	5041	31	0	5274
5464	51	10	181	5004	0	5246
5465	43	5	48	5339	0	5435
5466	5210	3	32	201	0	5446
5467	174	5059	29	64	0	5326
5468	56	156	12	5162	0	5386
5469	43	31	19	5369	0	5462
5470	40	30	5033	210	0	5313
5471	20	20	174	5103	0	5317
5472	38	4	43	5311	0	5396
5473	30	4	37	5097	0	5168
5474	29	5037	37	210	0	5313
5475	5197	163	30	72	0	5462
5476	5219	35	14	53	0	5321
5477	199	5074	25	45	0	5343
5478	5255	170	17	36	0	5478
5479	203	39	17	5220	0	5479
5480	77	32	5011	193	0	5313
5481	46	4877	172	56	0	5151
5482	41	5185	61	61	0	5348
5483	4666	190	34	36	0	4926
5484	4779	62	22	26	0	4889
5485	233	38	12	4685	0	4968
5486	85	20	19	4856	0	4980
5487	55	14	8	4964	0	5041
5488	4768	15	31	243	0	5057
5489	209	19	4509	93	0	4830
5490	4674	13	174	59	0	4920
5491	226	13	58	4651	0	4948
5492	73	14	41	4231	0	4359
5493	58	4096	43	233	0	4430
5494	58	174	22	4260	0	4514
5495	35	51	22	4441	0	4549
5496	56	43	4012	240	0	4351
5497	45	4079	177	88	0	4389
5498	4206	178	50	69	0	4503
5499	4036	50	47	61	0	4194
5500	4360	36	30	54	0	4480
5501	4411	31	26	52	0	4520
5502	273	33	4088	44	0	4438
5503	4244	24	182	39	0	4489
5504	255	26	4088	53	0	4422
5505	99	20	196	4014	0	4329
5506	76	4079	64	216	0	4435
5507	64	188	60	4230	0	4542
5508	67	53	41	4842	0	5003
5509	45	51	4545	268	0	4909
5510	4535	33	176	117	0	4861
5511	4704	34	69	78	0	4885
5512	250	4425	53	76	0	4804
5513	108	202	4469	73	0	4852
5514	79	52	186	4623	0	4940
5515	74	56	4460	238	0	4828
5516	70	40	4583	90	0	4783
5517	75	24	216	4649	0	4964
5518	73	42	4549	254	0	4918
5519	79	28	200	4669	0	4976
5520	78	51	4522	249	0	4900
5521	72	42	204	4681	0	4999
5522	4631	28	77	256	0	4992
5523	4780	32	59	109	0	4980
5524	4793	37	45	72	0	4947
5525	4709	38	36	86	0	4869
5526	262	4519	30	73	0	4884
5527	118	203	38	4618	0	4977
5528	105	70	29	4827	0	5031
5529	89	53	4486	260	0	4888
5530	67	40	192	4652	0	4951
5531	50	40	4530	273	0	4893
5532	70	33	4538	124	0	4765
5533	4442	29	231	105	0	4807
5534	232	4475	87	91	0	4885
5535	4594	196	61	89	0	4940
5536	4686	62	47	78	0	4873
5537	254	4519	34	82	0	4889
5538	4679	198	47	74	0	4998
5539	255	86	4370	79	0	4790
5540	101	4467	195	83	0	4846
5541	4647	210	66	96	0	5019
5542	219	68	3983	59	0	4329
5543	2243	24	57	29	0	2353
5544	82	2728	34	31	0	2875
5545	2883	59	23	27	0	2992
5546	2839	30	25	23	0	2917
5547	101	2744	27	22	0	2894
5548	25	2274	14	8	0	2321
5549	12	2281	21	11	0	2325
5550	10	46	9	2357	0	2422
5551	19	21	11	2363	0	2414
5552	2365	11	14	49	0	2439
5553	2294	4	14	37	0	2349
5554	45	12	2237	17	0	2311
5555	28	17	2144	21	0	2210
5556	19	12	2199	12	0	2242
5557	14	3	53	2254	0	2324
5558	26	6	2279	39	0	2350
5559	18	3	38	2261	0	2320
5560	2324	6	16	39	0	2385
5561	43	6	2245	21	0	2315
5562	2187	10	34	25	0	2256
5563	1511	6	19	12	0	1548
5564	45	6	1449	16	0	1516
5565	22	1724	44	13	0	1803
5566	15	28	20	1818	0	1881
5567	15	15	1803	39	0	1872
5568	15	11	39	1779	0	1844
5569	20	4	16	2620	0	2660
5570	2601	10	18	108	0	2737
5571	106	6	7	2611	0	2730
5572	30	7	2561	109	0	2707
5573	18	11	96	2587	0	2712
5574	2589	9	22	111	0	2731
5575	98	2485	26	36	0	2645
5576	2609	103	16	18	0	2746
5577	110	22	12	2600	0	2744
5578	32	21	2541	106	0	2700
5579	29	14	2530	28	0	2601
5580	28	17	2578	16	0	2639
5581	1	2018	58	11	0	2088
5582	2065	68	11	2	0	2146
5583	65	1983	15	7	0	2070
5584	2082	69	7	1	0	2159
5585	66	2012	8	3	0	2089
5586	11	69	1	2075	0	2156
5587	5	12	1	2140	0	2158
5588	6	5	4	2121	0	2136
5589	2	2005	12	71	0	2090
5590	4	66	3	2624	0	2697
5591	1	9	2	2733	0	2745
5592	3059	2	2	93	0	3156
5593	90	12	1	3060	0	3163
5594	20	20	4309	105	0	4454
5595	4398	5	88	21	0	4512
5596	4684	2	20	14	0	4720
5597	112	4324	28	18	0	4482
5598	4687	95	9	9	0	4800
5599	4716	19	5	10	0	4750
5600	131	12	5	4603	0	4751
5601	35	10	3	4643	0	4691
5602	27	4	3	4775	0	4809
5603	4678	5	6	138	0	4827
5604	4741	2	3	42	0	4788
5605	123	9	4517	25	0	4674
5606	4534	6	95	17	0	4652
5607	4656	4	22	11	0	4693
5608	4342	0	16	10	0	4368
5609	140	15	4073	13	0	4241
5610	45	10	4071	14	0	4140
5611	33	3	115	4173	0	4324
5612	29	9	4183	114	0	4335
5613	16	7	111	4026	0	4160
5614	19	8	32	3896	0	3955
5615	16	4058	29	114	0	4217
5616	4233	99	16	29	0	4377
5617	118	31	4136	28	0	4313
5618	4181	16	108	17	0	4322
5619	124	16	28	4406	0	4574
5620	4399	7	18	111	0	4535
5621	124	4165	25	40	0	4354
5622	49	4313	24	30	0	4416
5623	39	125	6	4378	0	4548
5624	35	39	8	4474	0	4556
5625	27	31	4260	149	0	4467
5626	25	19	100	4303	0	4447
5627	4332	15	26	144	0	4517
5628	124	4097	28	63	0	4312
5629	48	98	4287	44	0	4477
5630	41	28	114	4273	0	4456
5631	34	24	4301	126	0	4485
5632	38	19	114	4241	0	4412
5633	33	21	4304	124	0	4482
5634	32	18	4210	49	0	4309
5635	19	15	136	4330	0	4500
5636	4391	11	55	129	0	4586
5637	4380	8	40	45	0	4473
5638	4338	13	36	41	0	4428
5639	137	4205	29	37	0	4408
5640	4410	114	12	31	0	4567
5641	4337	42	19	20	0	4418
5642	165	25	4155	26	0	4371
5643	51	4113	123	30	0	4317
5644	50	110	27	3824	0	4011
5645	3797	40	22	122	0	3981
5646	130	3683	27	44	0	3884
5647	4326	123	12	47	0	4508
5648	4388	39	17	38	0	4482
5649	4344	28	14	37	0	4423
5650	4412	16	25	34	0	4487
5651	161	19	14	4311	0	4505
5652	4348	19	16	134	0	4517
5653	147	21	19	4251	0	4438
5654	62	4066	35	132	0	4295
5655	46	105	22	4354	0	4527
5656	4316	27	27	141	0	4511
5657	138	20	4154	60	0	4372
5658	67	12	111	4237	0	4427
5659	4261	15	66	134	0	4476
5660	140	4106	36	50	0	4332
5661	4311	104	23	44	0	4482
5662	4345	31	20	29	0	4425
5663	143	4143	35	31	0	4352
5664	4338	113	16	30	0	4497
5665	164	41	3764	23	0	3992
5666	71	38	3763	17	0	3889
5667	3773	29	138	21	0	3961
5668	141	18	3882	34	0	4075
5669	43	14	47	2943	0	3047
5670	35	2974	26	39	0	3074
5671	3101	44	16	21	0	3182
5672	58	2956	9	19	0	3042
5673	42	2887	12	14	0	2955
5674	33	54	12	3096	0	3195
5675	26	28	7	3072	0	3133
5676	26	19	7	3009	0	3061
5677	15	13	5	3054	0	3087
5678	18	13	2934	79	0	3044
5679	16	10	36	2982	0	3044
5680	20	9	21	3105	0	3155
5681	3067	9	23	64	0	3163
5682	47	11	13	3078	0	3149
5683	34	10	2936	58	0	3038
5684	2789	20	37	39	0	2885
5685	55	9	24	3054	0	3142
5686	42	15	3565	49	0	3671
5687	30	11	42	3590	0	3673
5688	26	3467	29	54	0	3576
5689	3613	36	21	32	0	3702
5690	41	34	4224	6	0	4305
5691	27	4022	50	13	0	4112
5692	3901	16	18	4	0	3939
5693	22	3673	20	9	0	3724
5694	2	2421	2	3	0	2428
5695	2566	4	0	0	0	2570
5696	1	2404	2	2	0	2409
5697	1	2477	1	5	0	2484
5698	0	2	0	2508	0	2510
5699	4	4	2493	0	0	2501
5700	0	2548	6	4	0	2558
5701	0	0	3	2731	0	2734
5702	0	2567	3	2	0	2572
5703	2723	0	0	3	0	2726
5704	3	3	2650	1	0	2657
5705	2	0	0	2661	0	2663
5706	2744	0	3	0	0	2747
5707	0	0	0	2680	0	2680
5708	3	0	2686	0	0	2689
5709	2438	0	4	4	0	2446
5710	2583	0	2	1	0	2586
5711	3	3037	6	0	0	3046
5712	2	0	0	3262	0	3264
5713	0	2	0	3260	0	3262
5714	3258	0	1	2	0	3261
5715	3093	0	0	2	0	3095
5716	3	4	3196	1	0	3204
5717	2	3004	7	2	0	3015
5718	3640	0	1	2	0	3643
5719	12	4	0	3626	0	3642
5720	13	2	5029	14	0	5058
5721	2	9	4811	10	0	4832
5722	1	1	20	5069	0	5091
5723	5318	0	9	14	0	5341
5724	13	4901	11	13	0	4938
5725	5252	13	2	2	0	5269
5726	16	7	3	5147	0	5173
5727	11	1	0	5177	0	5189
5728	4	2	0	5226	0	5232
5729	5219	3	1	24	0	5247
5730	14	4995	3	11	0	5023
5731	7	10	1	5262	0	5280
5732	1	8	0	5246	0	5255
5733	5	6	5095	28	0	5134
5734	5	2	14	4832	0	4853
5735	3	8	5161	22	0	5194
5736	0	4839	23	23	0	4885
5737	3	14	8	5228	0	5253
5738	5191	7	3	12	0	5213
5739	16	5	5057	13	0	5091
5740	9	1	16	5528	0	5554
5741	3	10	5537	14	0	5564
5742	5184	1	16	14	0	5215
5743	19	5	5619	4	0	5647
5744	10	2	15	5468	0	5495
5745	5662	1	9	21	0	5693
5746	14	5178	18	14	0	5224
5747	5335	13	1	2	0	5351
5748	15	4847	23	1	0	4886
5749	8	14	0	5195	0	5217
5750	6	18	5067	14	0	5105
5751	3	16	5354	13	0	5386
5752	3	1	22	5374	0	5400
5753	5724	3	12	14	0	5753
5754	5439	2	3	17	0	5461
5755	24	2	3	5584	0	5613
5756	11	4	5	5647	0	5667
5757	5744	1	3	29	0	5777
5758	19	5139	22	16	0	5196
5759	12	5324	6	8	0	5350
5760	5620	20	2	7	0	5649
5761	19	20	5362	6	0	5407
5762	17	5	13	5161	0	5196
5763	2	16	5464	16	0	5498
5764	1	6	17	5218	0	5242
5765	10	6	5434	15	0	5465
5766	5	7	5063	12	0	5087
5767	1	4	21	5215	0	5241
5768	2	4743	54	15	0	4814
5769	5512	14	3	13	0	5542
5770	14	5133	18	6	0	5171
5771	9	20	3	5411	0	5443
5772	5468	8	2	21	0	5499
5773	18	5	2	5325	0	5350
5774	5454	1	7	21	0	5483
5775	5289	4	6	16	0	5315
5776	5416	2	8	10	0	5436
5777	35	4983	9	9	0	5036
5778	5505	17	4	6	0	5532
5779	21	18	4	5335	0	5378
5780	5472	2	3	22	0	5499
5781	22	5	3	5515	0	5545
5782	5655	8	3	30	0	5696
5783	5613	6	6	15	0	5640
5784	31	6334	21	16	0	6402
5785	23	36	4	6631	0	6694
5786	7	13	5	6035	0	6060
5787	9	5769	12	54	0	5844
5788	8	38	5	6182	0	6233
5789	6110	15	5	52	0	6182
5790	4981	8	4	29	0	5022
5791	4938	10	6	17	0	4971
5792	53	17	4742	14	0	4826
5793	4748	5	38	16	0	4807
5794	5025	7	17	10	0	5059
5795	5023	10	12	15	0	5060
5796	55	4819	13	15	0	4902
5797	28	36	8	5027	0	5099
5798	18	19	8	5100	0	5145
5799	14	8	10	5114	0	5146
5800	21	11	4812	58	0	4902
5801	12	13	42	4866	0	4933
5802	4934	5	17	61	0	5017
5803	45	14	15	4896	0	4970
5804	22	11	6	4970	0	5009
5805	24	8	5087	58	0	5177
5806	18	4800	51	36	0	4905
5807	5585	40	19	26	0	5670
5808	48	29	12	5509	0	5598
5809	5543	14	10	60	0	5627
5810	61	19	5804	38	0	5922
5811	4993	16	42	28	0	5079
5812	62	5170	29	27	0	5288
5813	36	57	5312	20	0	5425
5814	28	28	5238	34	0	5328
5815	37	15	54	5079	0	5185
5816	34	22	5310	60	0	5426
5817	32	5062	64	46	0	5204
5818	28	33	11	4699	0	4771
5819	23	9	7	4740	0	4779
5820	23	10	9	3741	0	3783
5821	3699	8	14	44	0	3765
5822	44	3618	16	25	0	3703
5823	18	36	11	3672	0	3737
5824	29	11	10	3741	0	3791
5825	3726	25	6	63	0	3820
5826	39	3636	12	46	0	3733
5827	3719	35	13	38	0	3805
5828	3702	17	6	40	0	3765
5829	3637	17	22	22	0	3698
5830	53	19	3592	38	0	3702
5831	52	7	37	3417	0	3513
5832	36	3537	19	50	0	3642
5833	39	3607	23	24	0	3693
5834	28	49	15	4384	0	4476
5835	27	4360	28	44	0	4459
5836	5096	40	23	32	0	5191
5837	47	42	5014	47	0	5150
5838	4722	18	41	54	0	4835
5839	5020	30	23	59	0	5132
5840	58	36	16	4596	0	4706
5841	4590	27	17	85	0	4719
5842	63	4403	31	50	0	4547
5843	4589	48	17	44	0	4698
5844	4600	20	20	48	0	4688
5845	4709	17	34	39	0	4799
5846	107	34	4730	34	0	4905
5847	79	20	4577	41	0	4717
5848	76	31	52	4620	0	4779
5849	56	4504	43	79	0	4682
5850	57	4865	39	65	0	5026
5851	36	77	25	4638	0	4776
5852	4611	42	29	103	0	4785
5853	64	42	40	4562	0	4708
5854	47	24	25	4653	0	4749
5855	4607	33	26	91	0	4757
5856	79	5356	36	94	0	5565
5857	59	64	5453	77	0	5653
5858	70	45	5179	46	0	5340
5859	5586	48	75	41	0	5750
5860	102	29	44	5548	0	5723
5861	58	40	6316	99	0	6513
5862	76	45	57	6013	0	6191
5863	54	30	40	6278	0	6402
5864	62	44	37	6383	0	6526
5865	57	37	27	6313	0	6434
5866	56	6087	63	96	0	6302
5867	63	62	34	6478	0	6637
5868	6417	27	42	105	0	6591
5869	68	6059	77	59	0	6263
5870	6416	75	27	78	0	6596
5871	6378	45	30	62	0	6515
5872	6344	60	23	70	0	6497
5873	103	42	6095	73	0	6313
5874	6070	38	53	55	0	6216
5875	6352	37	36	50	0	6475
5876	6300	32	39	58	0	6429
5877	6298	29	23	72	0	6422
5878	107	6087	34	44	0	6272
5879	6404	83	24	49	0	6560
5880	126	53	6891	41	0	7111
5881	98	50	49	6576	0	6773
5882	86	25	36	6828	0	6975
5883	6995	24	62	81	0	7162
5884	26	5506	12	28	0	5572
5885	5739	18	3	16	0	5776
5886	31	5500	10	9	0	5550
5887	5724	30	6	2	0	5762
5888	5670	10	4	6	0	5690
5889	30	5850	10	16	0	5906
5890	6871	53	1	4	0	6929
5891	6792	23	5	5	0	6825
5892	97	6440	23	5	0	6565
5893	38	6501	11	6	0	6556
5894	6757	79	7	2	0	6845
5895	75	34	1	7735	0	7845
5896	7738	21	4	113	0	7876
5897	8378	11	8	33	0	8430
5898	8655	9	5	29	0	8698
5899	9829	7	10	17	0	9863
5900	407	9177	33	23	0	9640
5901	175	9618	25	14	0	9832
5902	10192	345	7	8	0	10552
5903	381	139	9535	8	0	10063
5904	142	90	294	9659	0	10185
5905	98	59	90	9929	0	10176
5906	9553	51	72	419	0	10095
5907	343	9024	50	175	0	9592
5908	136	317	29	9228	0	9710
5909	98	110	15	9822	0	10045
5910	9136	75	11	457	0	9679
5911	370	53	9	9272	0	9704
5912	9863	47	13	453	0	10376
5913	9874	36	14	192	0	10116
5914	9997	30	8	135	0	10170
5915	552	22	6	9685	0	10265
5916	257	17	9	10028	0	10311
5917	184	27	9350	481	0	10042
5918	131	39	9309	221	0	9700
5919	9398	17	408	148	0	9971
5920	415	28	162	9741	0	10346
5921	181	53	10365	416	0	11015
5922	144	43	10542	164	0	10893
5923	104	27	585	10624	0	11340
5924	268	28	10372	521	0	11189
5925	71	26	530	11018	0	11645
5926	77	29	225	11666	0	11997
5927	82	40	11425	733	0	12280
5928	80	43	573	11460	0	12156
5929	77	39	218	11869	0	12203
5930	81	19	133	12546	0	12779
5931	63	46	11371	863	0	12343
5932	82	32	524	11884	0	12522
5933	11738	14	181	787	0	12720
5934	562	10508	150	345	0	11565
5935	11851	503	84	263	0	12701
5936	668	176	10725	203	0	11772
5937	11139	100	535	168	0	11942
5938	11568	66	207	140	0	11981
5939	11541	59	144	126	0	11870
5940	854	49	102	10905	0	11910
5941	403	42	109	11674	0	12228
5942	288	64	10174	785	0	11311
5943	10440	37	511	351	0	11339
5944	676	10482	219	229	0	11606
5945	282	10593	159	200	0	11234
5946	196	11008	152	171	0	11527
5947	164	698	109	10752	0	11723
5948	9974	277	93	666	0	11010
5949	10303	167	116	281	0	10867
5950	753	132	10068	259	0	11212
5951	332	98	537	10389	0	11356
5952	252	90	214	11137	0	11693
5953	234	106	10214	793	0	11347
5954	184	144	10134	405	0	10867
5955	10114	84	684	275	0	11157
5956	642	10059	326	269	0	11296
5957	10611	523	192	263	0	11589
5958	11046	190	171	240	0	11647
5959	870	123	146	10294	0	11433
5960	431	94	134	11093	0	11752
5961	9952	102	111	857	0	11022
5962	758	95	99	10096	0	11048
5963	375	85	124	10526	0	11110
5964	9939	80	140	873	0	11032
5965	757	86	106	10166	0	11115
5966	10054	74	82	831	0	11041
5967	10507	68	101	445	0	11121
5968	924	62	9163	351	0	10500
5969	9941	56	585	303	0	10885
5970	10340	50	274	287	0	10951
5971	10559	53	192	273	0	11077
5972	904	97	8589	271	0	9861
5973	9673	62	549	266	0	10550
5974	811	9368	280	228	0	10687
5975	10024	514	235	225	0	10998
5976	10381	196	150	222	0	10949
5977	899	128	167	9596	0	10790
5978	474	83	160	10071	0	10788
5979	340	10021	159	825	0	11345
5980	350	514	114	9942	0	10920
5981	254	206	146	10455	0	11061
5982	9771	114	109	956	0	10950
5983	741	102	114	10085	0	11042
5984	383	85	118	10459	0	11045
5985	321	70	91	10280	0	10762
5986	317	9321	101	967	0	10706
5987	9495	568	123	517	0	10703
5988	738	9636	104	412	0	10890
5989	9573	610	86	286	0	10555
5990	738	225	8028	270	0	9261
5991	8613	162	471	212	0	9458
5992	801	110	8025	208	0	9144
5993	399	8144	537	221	0	9301
5994	8645	505	221	198	0	9569
5995	7538	188	162	148	0	8036
5996	699	7004	124	164	0	7991
5997	326	6809	86	122	0	7343
5998	5122	416	1385	95	0	7018
5999	5176	99	64	65	0	5404
6000	368	55	39	4757	0	5219
6001	180	49	50	5885	0	6164
6002	158	60	5404	298	0	5920
6003	5465	51	201	125	0	5842
6004	314	50	74	5589	0	6027
6005	168	5471	50	267	0	5956
6006	137	216	27	5772	0	6152
6007	113	110	30	5931	0	6184
6008	122	61	5434	330	0	5947
6009	102	45	209	5744	0	6100
6010	5882	49	81	323	0	6335
6011	258	5656	62	186	0	6162
6012	142	5325	42	114	0	5623
6013	5320	255	46	102	0	5723
6014	5332	108	18	106	0	5564
6015	5411	83	35	80	0	5609
6016	321	4959	38	97	0	5415
6017	171	5276	61	77	0	5585
6018	5221	240	44	67	0	5572
6019	5329	109	44	74	0	5556
6020	337	5064	43	69	0	5513
6021	53	4248	17	36	0	4354
6022	4289	112	13	31	0	4445
6023	130	27	18	4208	0	4383
6024	3789	23	573	105	0	4490
6025	23	14	3	3628	0	3668
6026	20	3654	13	39	0	3726
6027	19	3855	14	28	0	3916
6028	3917	43	5	27	0	3992
6029	3900	18	8	23	0	3949
6030	3867	18	3	14	0	3902
6031	66	3836	18	19	0	3939
6032	39	62	3641	17	0	3759
6033	40	3796	50	8	0	3894
6034	3943	46	9	16	0	4014
6035	3223	4	3	2	0	3232
6036	31	9	3136	0	0	3176
6037	7	3043	31	5	0	3086
6038	13	35	1	3230	0	3279
6039	14	5	5	3192	0	3216
6040	10	2884	18	33	0	2945
6041	10	44	3029	6	0	3089
6042	3101	12	25	3	0	3141
6043	32	11	8	3212	0	3263
6044	3237	10	8	27	0	3282
6045	3242	5	3	5	0	3255
6046	36	3	8	3182	0	3229
6047	14	10	8	3869	0	3901
6048	11	7	4	3955	0	3977
6049	4	7	2	3958	0	3971
6050	3062	3	6	68	0	3139
6051	3082	6	6	18	0	3112
6052	59	8	2987	12	0	3066
6053	23	6	36	3033	0	3098
6054	17	2	8	3097	0	3124
6055	16	1	7	3131	0	3155
6056	20	9	2999	70	0	3098
6057	8	5	44	3053	0	3110
6058	3045	3	11	67	0	3126
6059	53	7	6	3070	0	3136
6060	20	9	3027	62	0	3118
6061	22	3	43	3061	0	3129
6062	21	5	2977	60	0	3063
6063	3019	8	51	23	0	3101
6064	53	9	12	3072	0	3146
6065	3077	8	7	64	0	3156
6066	3108	3	7	22	0	3140
6067	70	5	9	3070	0	3154
6068	3072	5	6	64	0	3147
6069	63	11	8	3789	0	3871
6070	15	3702	23	74	0	3814
6071	3917	64	8	25	0	4014
6072	5412	11	14	22	0	5459
6073	5405	9	13	18	0	5445
6074	197	5	13	5393	0	5608
6075	79	14	4	5514	0	5611
6076	59	5	6	5663	0	5733
6077	45	25	5108	238	0	5416
6078	31	5171	157	97	0	5456
6079	30	136	40	4889	0	5095
6080	32	46	4689	191	0	4958
6081	4788	43	150	69	0	5050
6082	189	13	45	4869	0	5116
6083	66	25	4661	178	0	4930
6084	6378	7	154	82	0	6621
6085	166	5	54	6423	0	6648
6086	64	13	37	6509	0	6623
6087	54	10	18	6680	0	6762
6088	6471	10	31	237	0	6749
6089	6519	17	14	105	0	6655
6090	6388	6	29	103	0	6526
6091	216	5953	50	66	0	6285
6092	109	6280	17	56	0	6462
6093	6500	167	16	54	0	6737
6094	203	83	6123	35	0	6444
6095	92	44	136	6297	0	6569
6096	77	27	44	6573	0	6721
6097	6414	20	39	235	0	6708
6098	6380	10	27	124	0	6541
6099	215	6170	24	101	0	6510
6100	121	147	23	6411	0	6702
6101	120	58	5522	205	0	5905
6102	82	59	5524	108	0	5773
6103	56	35	199	5604	0	5894
6104	57	25	86	5920	0	6088
6105	5737	14	78	274	0	6103
6106	188	29	55	7731	0	8003
6107	8729	29	31	270	0	9059
6108	8717	20	52	119	0	8908
6109	271	29	8261	92	0	8653
6110	8158	16	162	90	0	8426
6111	8716	6	78	99	0	8899
6112	9664	15	68	74	0	9821
6113	270	9137	47	97	0	9551
6114	132	9414	42	101	0	9689
6115	111	173	25	9751	0	10060
6116	102	91	9310	216	0	9719
6117	94	9280	166	110	0	9650
6118	103	155	53	9520	0	9831
6119	94	67	54	9437	0	9652
6120	60	9308	49	232	0	9649
6121	9767	182	27	122	0	10098
6122	9792	68	54	94	0	10008
6123	256	62	9372	109	0	9799
6124	9392	45	175	111	0	9723
6125	266	64	9399	86	0	9815
6126	8931	13	180	78	0	9202
6127	224	47	9838	62	0	10171
6128	106	9836	173	74	0	10189
6129	99	133	76	10329	0	10637
6130	64	50	92	10554	0	10760
6131	10533	52	42	233	0	10860
6132	10480	17	39	164	0	10700
6133	10368	26	40	113	0	10547
6134	271	40	10086	107	0	10504
6135	175	16	148	10122	0	10461
6136	155	24	72	10545	0	10796
6137	10547	30	76	226	0	10879
6138	211	10021	73	133	0	10438
6139	10537	161	50	101	0	10849
6140	246	61	38	10387	0	10732
6141	121	71	46	11326	0	11564
6142	113	70	27	11366	0	11576
6143	78	54	30	11419	0	11581
6144	92	35	55	11362	0	11544
6145	87	10465	53	265	0	10870
6146	77	10706	43	179	0	11005
6147	75	10140	41	128	0	10384
6148	75	181	38	10629	0	10923
6149	110	110	10087	170	0	10477
6150	9347	63	142	86	0	9638
6151	194	10281	76	87	0	10638
6152	108	146	66	10780	0	11100
6153	121	61	50	10909	0	11141
6154	10891	57	54	190	0	11192
6155	10471	38	62	119	0	10690
6156	10072	58	42	124	0	10296
6157	220	36	40	10524	0	10820
6158	149	26	10522	206	0	10903
6159	119	49	10495	118	0	10781
6160	115	28	169	10864	0	11176
6161	110	34	10803	213	0	11160
6162	10427	33	211	119	0	10790
6163	198	29	103	11041	0	11371
6164	115	30	10965	244	0	11354
6165	121	21	147	10773	0	11062
6166	106	51	10900	229	0	11286
6167	116	61	12082	121	0	12380
6168	94	37	237	13223	0	13591
6169	57	39	12777	238	0	13111
6170	51	51	12141	127	0	12370
6171	55	10349	403	142	0	10949
6172	2	103	51	10909	0	11065
6173	10987	35	20	92	0	11134
6174	87	19	12	10695	0	10813
6175	39	7	4	10994	0	11044
6176	17	10	10603	137	0	10767
6177	9166	6	114	71	0	9357
6178	93	4	33	10918	0	11048
6179	40	2	18	11038	0	11098
6180	10861	0	7	138	0	11006
6181	94	5	5	10900	0	11004
6182	10862	0	9	116	0	10987
6183	10673	6	6	59	0	10744
6184	9625	3	5	27	0	9660
6185	143	8928	33	18	0	9122
6186	9743	87	1	12	0	9843
6187	111	9183	23	11	0	9328
6188	40	103	5	9532	0	9680
6189	9738	45	2	96	0	9881
6190	98	9061	27	58	0	9244
6191	9624	96	5	24	0	9749
6192	107	9067	21	21	0	9216
6193	9258	108	6	16	0	9388
6194	115	8591	40	6	0	8752
6195	49	9111	14	17	0	9191
6196	25	10787	27	11	0	10850
6197	8	158	4	10726	0	10896
6198	10	10543	24	83	0	10660
6199	5	114	9	10823	0	10951
6200	9	49	2	11610	0	11670
6201	9	21	4	11614	0	11648
6202	9	15	7	11738	0	11769
6203	11548	14	4	169	0	11735
6204	11425	5	3	83	0	11516
6205	155	26	10715	29	0	10925
6206	9800	7	99	25	0	9931
6207	9552	3	45	17	0	9617
6208	9528	10	27	13	0	9578
6209	200	16	9677	6	0	9899
6210	79	29	9689	10	0	9807
6211	9257	9	167	20	0	9453
6212	158	23	8941	14	0	9136
6213	57	10592	186	30	0	10865
6214	47	137	49	11491	0	11724
6215	11614	46	31	151	0	11842
6216	11480	32	19	64	0	11595
6217	11547	18	22	46	0	11633
6218	233	9	14	11250	0	11506
6219	98	13	12	11512	0	11635
6220	69	21	11055	193	0	11338
6221	37	11	143	10933	0	11124
6222	33	15	56	11488	0	11592
6223	11587	8	44	202	0	11841
6224	156	11706	45	117	0	12024
6225	12483	144	23	72	0	12722
6226	201	58	17	12343	0	12619
6227	11274	39	21	166	0	11500
6228	11087	22	29	71	0	11209
6229	10468	12	22	67	0	10569
6230	242	10540	33	47	0	10862
6231	118	10825	24	47	0	11014
6232	80	164	34	11224	0	11502
6233	11210	69	34	178	0	11491
6234	161	51	29	11053	0	11294
6235	97	22	19	11188	0	11326
6236	75	42	10806	245	0	11168
6237	60	28	148	10840	0	11076
6238	74	17	56	10890	0	11037
6239	90	12	41	11061	0	11204
6240	98	27	10771	239	0	11135
6241	84	31	9725	131	0	9971
6242	64	9722	209	108	0	10103
6243	10384	153	100	50	0	10687
6244	203	50	68	10295	0	10616
6245	97	76	10105	190	0	10468
6246	79	38	151	9973	0	10241
6247	90	38	59	11745	0	11932
6248	11628	38	51	237	0	11954
6249	11426	28	32	127	0	11613
6250	257	10983	43	115	0	11398
6251	11388	141	27	81	0	11637
6252	11271	62	45	66	0	11444
6253	237	58	48	11135	0	11478
6254	131	65	10844	210	0	11250
6255	103	10440	168	132	0	10843
6256	11171	163	85	107	0	11526
6257	11875	84	53	73	0	12085
6258	299	11294	59	106	0	11758
6259	139	210	27	11865	0	12241
6260	11917	62	40	263	0	12282
6261	11981	51	19	117	0	12168
6262	306	36	23	11879	0	12244
6263	11882	41	53	270	0	12246
6264	11873	47	40	104	0	12064
6265	12587	46	21	127	0	12781
6266	419	90	13184	83	0	13776
6267	153	11646	256	91	0	12146
6268	132	11352	74	100	0	11658
6269	11037	284	64	81	0	11466
6270	301	10981	53	86	0	11421
6271	139	325	10769	76	0	11309
6272	121	88	259	10878	0	11346
6273	11211	88	67	297	0	11663
6274	315	75	79	11210	0	11679
6275	11298	56	50	359	0	11763
6276	11349	58	49	121	0	11577
6277	11210	44	53	128	0	11435
6278	392	10426	69	108	0	10995
6279	191	10836	58	84	0	11169
6280	11310	304	41	107	0	11762
6281	11252	109	33	97	0	11491
6282	11406	114	43	77	0	11640
6283	409	78	25	11135	0	11647
6284	11099	62	34	327	0	11522
6285	424	10545	33	115	0	11117
6286	186	11083	38	128	0	11435
6287	174	314	51	11200	0	11739
6288	150	153	10588	327	0	11218
6289	147	142	10426	127	0	10842
6290	118	80	283	10920	0	11401
6291	131	102	10872	321	0	11426
6292	129	76	290	10979	0	11474
6293	11180	70	85	361	0	11696
6294	359	81	81	11046	0	11567
6295	11120	62	61	385	0	11628
6296	386	9355	56	156	0	9953
6297	209	296	9360	125	0	9990
6298	169	114	284	9321	0	9888
6299	143	100	89	9970	0	10302
6300	63	55	8678	330	0	9126
6301	74	64	263	8324	0	8725
6302	58	8482	79	325	0	8944
6303	76	259	67	8817	0	9219
6304	78	79	46	8975	0	9178
6305	71	60	43	10814	0	10988
6306	78	47	10280	548	0	10953
6307	67	65	9648	167	0	9947
6308	9452	37	443	141	0	10073
6309	436	45	8878	75	0	9434
6310	94	9177	443	71	0	9785
6311	9847	403	89	62	0	10401
6312	419	9555	89	62	0	10125
6313	8043	440	62	66	0	8611
6314	8422	108	61	51	0	8642
6315	8330	79	60	63	0	8532
6316	8294	74	45	49	0	8462
6317	532	7485	57	54	0	8128
6318	162	8093	51	51	0	8357
6319	8176	456	38	54	0	8724
6320	519	139	8682	46	0	9386
6321	154	99	394	8698	0	9345
6322	120	69	95	9433	0	9717
6323	123	72	8781	475	0	9451
6324	7794	71	398	127	0	8390
6325	8598	55	89	98	0	8840
6326	8570	83	74	84	0	8811
6327	543	8010	85	75	0	8713
6328	8354	432	75	86	0	8947
6329	560	97	64	7881	0	8602
6330	186	10703	71	429	0	11389
6331	11350	532	73	111	0	12066
6332	11494	188	52	94	0	11828
6333	11637	160	43	84	0	11924
6334	774	117	42	11075	0	12008
6335	349	105	50	11333	0	11837
6336	250	10599	65	639	0	11553
6337	200	525	10627	267	0	11619
6338	172	167	473	10994	0	11806
6339	144	144	153	11203	0	11644
6340	167	100	128	11792	0	12187
6341	165	102	10910	755	0	11932
6342	10808	78	514	300	0	11700
6343	605	81	154	11380	0	12220
6344	231	95	11982	662	0	12970
6345	198	66	657	12256	0	13177
6346	12125	73	188	796	0	13182
6347	711	12149	179	281	0	13320
6348	238	650	103	12766	0	13757
6349	206	180	12265	765	0	13416
6350	12215	142	617	276	0	13250
6351	13048	107	193	231	0	13579
6352	824	101	12231	174	0	13330
6353	325	81	657	11250	0	12313
6354	233	12079	247	608	0	13167
6355	12738	646	178	239	0	13801
6356	768	232	12283	227	0	13510
6357	11739	138	585	140	0	12602
6358	777	91	11672	116	0	12656
6359	309	70	12142	145	0	12666
6360	11792	81	665	158	0	12696
6361	618	11837	283	161	0	12899
6362	258	597	11935	103	0	12893
6363	224	11938	606	161	0	12929
6364	216	635	12011	166	0	13028
6365	141	11071	549	173	0	11934
6366	11472	478	212	104	0	12266
6367	485	175	11231	76	0	11967
6368	217	121	11221	85	0	11644
6369	134	92	11270	92	0	11588
6370	11152	51	616	107	0	11926
6371	11789	73	222	104	0	12188
6372	586	85	162	11231	0	12064
6373	254	97	11179	448	0	11978
6374	191	71	10972	179	0	11413
6375	11119	47	576	122	0	11864
6376	544	66	253	11432	0	12295
6377	11518	49	199	448	0	12214
6378	11674	72	149	172	0	12067
6379	613	89	122	11245	0	12069
6380	286	10989	141	467	0	11883
6381	244	451	115	11459	0	12269
6382	181	153	125	11811	0	12270
6383	177	120	11243	562	0	12102
6384	122	10518	516	284	0	11440
6385	140	11291	243	187	0	11861
6386	156	560	163	11182	0	12061
6387	119	253	11107	473	0	11952
6388	140	10521	528	204	0	11393
6389	118	493	11069	170	0	11850
6390	10746	195	590	120	0	11651
6391	11569	142	256	132	0	12099
6392	610	103	11146	123	0	11982
6393	11078	99	561	107	0	11845
6394	580	101	245	11074	0	12000
6395	281	10728	278	431	0	11718
6396	272	468	136	11499	0	12375
6397	11363	157	134	546	0	12200
6398	11495	120	187	222	0	12024
6399	11473	83	179	196	0	11931
6400	12857	102	175	116	0	13250
6401	729	12268	154	117	0	13268
6402	359	12997	151	140	0	13647
6403	13478	525	137	139	0	14279
6404	579	231	13772	148	0	14730
6405	171	171	359	13090	0	13791
6406	173	15037	195	442	0	15847
6407	121	483	190	15143	0	15937
6408	140	15172	170	525	0	16007
6409	139	586	139	15786	0	16650
6410	118	314	14424	552	0	15408
6411	14002	205	513	269	0	14989
6412	15155	141	264	210	0	15770
6413	690	136	14568	127	0	15521
6414	14380	110	608	90	0	15188
6415	15215	86	300	104	0	15705
6416	824	115	14523	71	0	15533
6417	443	78	553	14227	0	15301
6418	14973	68	297	539	0	15877
6419	620	112	14545	274	0	15551
6420	330	98	583	13330	0	14341
6421	276	124	15417	592	0	16409
6422	228	103	14905	281	0	15517
6423	15145	74	693	169	0	16081
6424	17270	79	315	107	0	17771
6425	17067	81	217	122	0	17487
6426	17554	113	156	103	0	17926
6427	830	124	139	16515	0	17608
6428	415	15576	192	560	0	16743
6429	312	16653	209	264	0	17438
6430	106	455	55	14121	0	14737
6431	14601	145	65	422	0	15233
6432	527	13729	107	136	0	14499
6433	194	15228	68	94	0	15584
6434	15473	661	72	68	0	16274
6435	619	197	59	15618	0	16493
6436	15715	79	52	602	0	16448
6437	660	15044	74	181	0	15959
6438	16066	589	35	89	0	16779
6439	699	191	16513	68	0	17471
6440	17361	105	605	57	0	18128
6441	18146	75	165	75	0	18461
6442	18349	74	89	74	0	18586
6443	956	127	16274	74	0	17431
6444	16087	47	490	39	0	16663
6445	631	15379	213	45	0	16268
6446	254	568	15807	27	0	16656
6447	179	181	538	14527	0	15425
6448	142	89	194	14798	0	15223
6449	112	14463	155	643	0	15373
6450	129	563	58	15143	0	15893
6451	102	179	60	15865	0	16206
6452	102	107	14770	722	0	15701
6453	13853	58	566	295	0	14772
6454	621	73	14980	145	0	15819
6455	220	56	633	14725	0	15634
6456	161	56	15035	614	0	15866
6457	102	36	649	15123	0	15910
6458	16228	39	240	668	0	17175
6459	16033	37	149	244	0	16463
6460	830	35	110	15589	0	16564
6461	315	63	15219	706	0	16303
6462	202	32	631	15712	0	16577
6463	157	57	15100	782	0	16096
6464	14681	54	694	262	0	15691
6465	15991	63	215	188	0	16457
6466	14684	89	151	134	0	15058
6467	14485	73	96	144	0	14798
6468	913	13382	135	145	0	14575
6469	370	676	82	14225	0	15353
6470	13813	235	105	697	0	14850
6471	748	13147	121	277	0	14293
6472	357	13953	101	192	0	14603
6473	275	849	13217	119	0	14460
6474	13983	279	682	122	0	15066
6475	14819	140	237	136	0	15332
6476	1002	124	13616	84	0	14826
6477	413	96	714	13642	0	14865
6478	306	82	265	14670	0	15323
6479	265	68	13805	831	0	14969
6480	261	60	739	14150	0	15210
6481	14241	71	306	821	0	15439
6482	865	95	13485	295	0	14740
6483	382	87	14079	236	0	14784
6484	13897	62	867	211	0	15037
6485	859	103	13747	176	0	14885
6486	13858	111	768	169	0	14906
6487	876	13441	327	165	0	14809
6488	14206	704	216	186	0	15312
6489	907	256	152	13816	0	15131
6490	383	194	144	14600	0	15321
6491	14179	145	116	929	0	15369
6492	875	139	127	14112	0	15253
6493	14088	140	126	880	0	15234
6494	910	14235	147	343	0	15635
6495	400	738	125	14063	0	15326
6496	334	275	128	15237	0	15974
6497	14652	184	153	917	0	15906
6498	14947	117	120	408	0	15592
6499	14957	123	137	268	0	15485
6500	1092	12497	180	211	0	13980
6501	534	13033	160	218	0	13945
6502	13204	787	140	200	0	14331
6503	964	326	12127	167	0	13584
6504	479	11590	700	201	0	12970
6505	9932	507	805	147	0	11391
6506	9142	152	163	103	0	9560
6507	9352	92	104	105	0	9653
6508	701	77	120	8754	0	9652
6509	8988	85	149	477	0	9699
6510	9298	70	105	189	0	9662
6511	657	78	105	8850	0	9690
6512	9062	70	109	514	0	9755
6513	579	97	8324	247	0	9247
6514	260	81	396	8723	0	9460
6515	203	90	181	8959	0	9433
6516	173	55	131	9345	0	9704
6517	8783	51	115	688	0	9637
6518	9180	45	130	304	0	9659
6519	9315	65	111	219	0	9710
6520	9230	44	134	203	0	9611
6521	7644	40	99	178	0	7961
6522	694	59	130	7106	0	7989
6523	365	42	91	7584	0	8082
6524	6000	22	100	555	0	6677
6525	529	5928	71	248	0	6776
6526	5969	367	104	157	0	6597
6527	557	127	5536	147	0	6367
6528	5943	89	373	113	0	6518
6529	7546	59	126	111	0	7842
6530	749	72	7954	113	0	8888
6531	7715	42	477	83	0	8317
6532	655	50	8474	102	0	9281
6533	311	33	7988	58	0	8390
6534	240	42	527	7675	0	8484
6535	173	29	228	7816	0	8246
6536	138	34	7284	552	0	8008
6537	128	51	7337	281	0	7797
6538	122	7397	524	185	0	8228
6539	34	5930	185	66	0	6215
6540	5214	361	104	31	0	5710
6541	287	5515	53	32	0	5887
6542	5359	351	42	24	0	5776
6543	307	5442	57	22	0	5828
6544	6262	334	25	35	0	6656
6545	371	162	5844	25	0	6402
6546	6160	72	301	17	0	6550
6547	389	54	114	5775	0	6332
6548	160	5857	83	291	0	6391
6549	106	301	47	6172	0	6626
6550	5997	116	22	357	0	6492
6551	6270	77	18	146	0	6511
6552	427	50	29	6168	0	6674
6553	202	39	5870	344	0	6455
6554	131	49	5837	127	0	6144
6555	76	5970	394	87	0	6527
6556	55	301	167	6022	0	6545
6557	55	119	5928	325	0	6427
6558	24	4775	258	123	0	5180
6559	20	248	114	4777	0	5159
6560	26	111	75	5138	0	5350
6561	4889	74	49	337	0	5349
6562	240	49	23	5050	0	5362
6563	117	19	4787	318	0	5241
6564	71	30	236	5064	0	5401
6565	4945	33	111	309	0	5398
6566	242	21	4677	166	0	5106
6567	4843	23	249	97	0	5212
6568	297	4835	123	72	0	5327
6569	4969	229	78	56	0	5332
6570	5129	101	65	46	0	5341
6571	373	75	33	4922	0	5403
6572	188	43	39	4991	0	5261
6573	117	4802	48	359	0	5326
6574	76	235	28	5090	0	5429
6575	4906	111	41	344	0	5402
6576	262	74	4662	155	0	5153
6577	141	63	228	4810	0	5242
6578	97	4839	109	272	0	5317
6579	85	251	74	4723	0	5133
6580	53	132	48	5171	0	5404
6581	4860	78	19	401	0	5358
6582	269	4826	24	201	0	5320
6583	143	241	35	5030	0	5449
6584	4945	113	33	309	0	5400
6585	296	82	40	4930	0	5348
6586	136	48	45	5235	0	5464
6587	4975	32	37	421	0	5465
6588	5203	32	30	219	0	5484
6589	354	40	4703	152	0	5249
6590	5038	29	231	113	0	5411
6591	5170	43	113	62	0	5388
6592	5079	43	89	60	0	5271
6593	423	4644	60	69	0	5196
6594	242	4431	28	55	0	4756
6595	137	330	36	4403	0	4906
6596	4376	158	42	282	0	4858
6597	4584	105	35	155	0	4879
6598	392	48	50	4446	0	4936
6599	216	43	4185	310	0	4754
6600	4436	39	234	164	0	4873
6601	4595	52	124	123	0	4894
6602	396	29	73	4382	0	4880
6603	233	49	44	4621	0	4947
6604	4493	42	29	376	0	4940
6605	316	40	36	4365	0	4757
6606	189	4276	39	335	0	4839
6607	151	243	37	4519	0	4950
6608	4464	122	31	336	0	4953
6609	299	77	4231	199	0	4806
6610	4506	57	243	125	0	4931
6611	357	42	4264	103	0	4766
6612	183	34	276	4467	0	4960
6613	4821	28	140	304	0	5293
6614	330	30	68	4843	0	5271
6615	165	30	60	5079	0	5334
6616	4849	37	52	421	0	5359
6617	324	37	4598	225	0	5184
6618	170	25	4755	173	0	5123
6619	131	27	342	4680	0	5180
6620	110	26	175	4904	0	5215
6621	70	35	110	5051	0	5266
6622	77	24	5882	439	0	6422
6623	5969	22	239	248	0	6478
6624	6322	20	124	196	0	6662
6625	6303	19	79	139	0	6540
6626	6304	25	54	106	0	6489
6627	455	5745	50	98	0	6348
6628	257	6002	71	79	0	6409
6629	112	5121	36	45	0	5314
6630	33	50	24	4012	0	4119
6631	51	20	15	4070	0	4156
6632	17	17	2750	47	0	2831
6633	11	2672	36	36	0	2755
6634	17	28	14	2910	0	2969
6635	2798	12	10	35	0	2855
6636	33	2728	9	20	0	2790
6637	24	26	6	2857	0	2913
6638	17	2769	10	38	0	2834
6639	3346	39	5	27	0	3417
6640	34	14	6	3218	0	3272
6641	16	21	3249	39	0	3325
6642	20	9	3095	24	0	3148
6643	19	694	39	2593	0	3345
6644	0	2	1	2485	0	2488
6645	1	1	0	2621	0	2623
6646	2644	0	0	2	0	2646
6647	3	2	2556	0	0	2561
6648	0	2471	4	2	0	2477
6649	0	2	0	2624	0	2626
6650	2	3	2540	4	0	2549
6651	0	2422	4	2	0	2428
6652	0	3	0	2630	0	2633
6653	2	0	2593	2	0	2597
6654	0	2	1	2513	0	2516
6655	0	1	0	2590	0	2591
6656	2662	0	0	1	0	2663
6657	2584	0	0	0	0	2584
6658	1	0	0	2611	0	2612
6659	2626	0	1	1	0	2628
6660	2	1	2551	0	0	2554
6661	0	0	1	2544	0	2545
6662	2	0	2592	1	0	2595
6663	0	0	1	2543	0	2544
6664	1	2447	1	4	0	2453
6665	11	2424	3	0	0	2438
6666	0	2459	5	2	0	2466
6667	0	2	0	2482	0	2484
6668	0	0	0	2502	0	2502
6669	0	2	2378	0	0	2380
6670	5	10	2076	2	0	2093
6671	1	8	2190	1	0	2200
6672	2144	0	6	1	0	2151
6673	1	1	1	2423	0	2426
6674	2454	1	1	1	0	2457
6675	1	2315	5	0	0	2321
6676	0	2	0	2442	0	2444
6677	2461	1	0	1	0	2463
6678	2	2	0	2581	0	2585
6679	2614	0	0	2	0	2616
6680	5	5	2482	1	0	2493
6681	0	2367	9	5	0	2381
6682	1	1	0	2630	0	2632
6683	2621	0	1	1	0	2623
6684	2572	1	3	1	0	2577
6685	1	1	0	2555	0	2557
6686	1	1	0	2571	0	2573
6687	2563	0	0	2	0	2565
6688	2	1	0	2458	0	2461
6689	0	1	2589	2	0	2592
6690	2	2400	5	3	0	2410
6691	0	3	0	2622	0	2625
6692	2559	0	2	1	0	2562
6693	2332	1	4	0	0	2337
6694	1	3	2530	2	0	2536
6695	3	2303	7	1	0	2314
6696	1	2406	7	1	0	2415
6697	1	4	1	2553	0	2559
6698	1	4	2	3228	0	3235
6699	0	4	0	3260	0	3264
6700	0	0	0	3329	0	3329
6701	0	3144	7	76	0	3227
6702	0	48	1	3341	0	3390
6703	1	23	1	3368	0	3393
6704	3270	6	1	80	0	3357
6705	3223	1	5	34	0	3263
6706	67	3599	6	10	0	3682
6707	3904	47	2	10	0	3963
6708	3844	23	0	9	0	3876
6709	3887	5	2	3	0	3897
6710	80	6	3677	3	0	3766
6711	32	9	46	3635	0	3722
6712	11	3	22	3868	0	3904
6713	6	5	3394	78	0	3483
6714	8	3	47	3386	0	3444
6715	4	3	30	3342	0	3379
6716	3436	2	9	82	0	3529
6717	50	4	3389	48	0	3491
6718	25	2	48	3455	0	3530
6719	3523	3	23	59	0	3608
6720	50	3312	10	39	0	3411
6721	3519	48	1	11	0	3579
6722	2344	25	5	6	0	2380
6723	73	2196	11	12	0	2292
6724	41	45	1	2319	0	2406
6725	2330	29	2	68	0	2429
6726	58	2232	3	42	0	2335
6727	30	58	4	2334	0	2426
6728	2329	35	2	65	0	2431
6729	1974	7	1	51	0	2033
6730	87	1866	8	17	0	1978
6731	1986	56	1	9	0	2052
6732	60	35	2	1963	0	2060
6733	1995	13	5	54	0	2067
6734	80	3	1865	28	0	1976
6735	44	6	49	1918	0	2017
6736	23	4	31	1970	0	2028
6737	1934	3	11	93	0	2041
6738	58	1875	6	51	0	1990
6739	1549	49	13	15	0	1626
6740	52	1485	10	26	0	1573
6741	30	50	1475	26	0	1581
6742	29	29	1971	10	0	2039
6743	10	17	76	1968	0	2071
6744	12	7	2041	64	0	2124
6745	19	9	49	2052	0	2129
6746	14	13	25	2079	0	2131
6747	17	9	11	2151	0	2188
6748	2240	5	6	95	0	2346
6749	2200	12	6	50	0	2268
6750	2239	10	2	28	0	2279
6751	102	2029	6	29	0	2166
6752	44	2167	2	23	0	2236
6753	21	95	2567	22	0	2705
6754	33	30	87	2598	0	2748
6755	31	15	2633	92	0	2771
6756	23	14	100	2664	0	2801
6757	25	14	42	2748	0	2829
6758	19	3	28	2832	0	2882
6759	21	6	2596	169	0	2792
6760	14	7	104	2709	0	2834
6761	2647	6	58	150	0	2861
6762	90	2577	30	101	0	2798
6763	62	95	12	2738	0	2907
6764	2687	55	15	125	0	2882
6765	2737	28	10	70	0	2845
6766	152	19	15	2667	0	2853
6767	77	19	17	2770	0	2883
6768	2670	13	28	151	0	2862
6769	118	9	10	2747	0	2884
6770	2329	16	18	132	0	2495
6771	123	9	6	2736	0	2874
6772	62	17	2531	148	0	2758
6773	40	2380	90	100	0	2610
6774	39	2550	46	53	0	2688
6775	39	127	18	2672	0	2856
6776	40	57	15	2747	0	2859
6777	2666	33	11	154	0	2864
6778	115	27	12	2535	0	2689
6779	52	30	19	2578	0	2679
6780	34	11	15	2588	0	2648
6781	28	2351	22	183	0	2584
6782	27	81	17	2568	0	2693
6783	25	45	9	2612	0	2691
6784	18	19	8	2664	0	2709
6785	2412	16	13	187	0	2628
6786	98	2372	13	106	0	2589
6787	66	95	5	2511	0	2677
6788	40	57	7	2582	0	2686
6789	18	32	9	2652	0	2711
6790	2498	11	11	176	0	2696
6791	119	19	13	2539	0	2690
6792	58	14	9	2623	0	2704
6793	28	10	2290	197	0	2525
6794	32	3024	91	113	0	3260
6795	28	82	39	3318	0	3467
6796	3195	49	17	148	0	3409
6797	116	3086	20	109	0	3331
6798	2467	42	5	34	0	2548
6799	2486	23	6	22	0	2537
6800	69	14	2	2469	0	2554
6801	38	10	6	2498	0	2552
6802	24	17	2372	74	0	2487
6803	12	13	37	2431	0	2493
6804	17	6	3397	69	0	3489
6805	14	8	98	3524	0	3644
6806	2876	2	63	134	0	3075
6807	95	3332	36	90	0	3553
6808	59	93	22	4040	0	4214
6809	38	64	14	4057	0	4173
6810	16	40	15	4112	0	4183
6811	16	11	4	4210	0	4241
6812	3964	21	10	211	0	4206
6813	100	3824	19	143	0	4086
6814	66	90	9	4665	0	4830
6815	4635	57	8	154	0	4854
6816	115	38	4327	111	0	4591
6817	4470	17	99	68	0	4654
6818	4639	22	61	38	0	4760
6819	172	18	4422	42	0	4654
6820	113	4	105	4436	0	4658
6821	4616	9	70	122	0	4817
6822	132	4357	53	86	0	4628
6823	4667	104	14	62	0	4847
6824	4625	63	24	46	0	4758
6825	4642	36	15	45	0	4738
6826	211	21	18	4489	0	4739
6827	125	18	18	4539	0	4700
6828	87	4749	18	199	0	5053
6829	61	134	20	5049	0	5264
6830	4992	82	9	206	0	5289
6831	159	47	4805	136	0	5147
6832	4679	31	125	110	0	4945
6833	5051	28	68	75	0	5222
6834	219	22	33	4758	0	5032
6835	141	15	14	5050	0	5220
6836	5009	20	21	226	0	5276
6837	4935	13	12	138	0	5098
6838	4915	23	16	71	0	5025
6839	250	18	4693	58	0	5019
6840	151	4586	135	57	0	4929
6841	5995	123	85	34	0	6237
6842	188	68	53	6011	0	6320
6843	124	5844	32	155	0	6155
6844	76	148	24	6249	0	6497
6845	6165	94	17	190	0	6466
6846	196	56	8	6173	0	6433
6847	132	36	5810	202	0	6180
6848	77	5544	100	122	0	5843
6849	37	5759	63	102	0	5961
6850	43	164	5642	69	0	5918
6851	5342	115	109	68	0	5634
6852	135	5635	86	65	0	5921
6853	67	111	38	5440	0	5656
6854	5472	53	21	103	0	5649
6855	124	5146	26	55	0	5351
6856	77	86	20	5485	0	5668
6857	5470	58	9	122	0	5659
6858	122	35	7	5389	0	5553
6859	5496	23	20	135	0	5674
6860	158	25	5170	84	0	5437
6861	105	4984	121	61	0	5271
6862	5485	114	70	57	0	5726
6863	5460	60	31	75	0	5626
6864	5535	64	19	50	0	5668
6865	181	73	5124	78	0	5456
6866	5179	31	89	98	0	5397
6867	5539	18	50	93	0	5700
6868	178	28	38	5449	0	5693
6869	5531	12	22	174	0	5739
6870	185	5118	49	89	0	5441
6871	95	140	34	5476	0	5745
6872	112	88	5248	140	0	5588
6873	84	51	126	5247	0	5508
6874	89	38	83	5500	0	5710
6875	5476	40	47	199	0	5762
6876	5421	24	37	140	0	5622
6877	189	56	5246	97	0	5588
6878	5284	36	91	102	0	5513
6879	207	41	5203	74	0	5525
6880	165	48	111	5214	0	5538
6881	149	24	5277	147	0	5597
6882	125	18	141	5119	0	5403
6883	97	4942	91	144	0	5274
6884	66	98	5097	133	0	5394
6885	102	92	5078	82	0	5354
6886	85	72	162	4525	0	4844
6887	5349	26	88	134	0	5597
6888	5344	28	76	72	0	5520
6889	5426	16	57	63	0	5562
6890	266	13	30	5099	0	5408
6891	169	11	22	5316	0	5518
6892	113	35	9	5370	0	5527
6893	98	35	15	5381	0	5529
6894	102	27	4395	213	0	4737
6895	89	43	109	4394	0	4635
6896	73	4162	97	192	0	4524
6897	72	113	65	4599	0	4849
6898	4539	81	22	167	0	4809
6899	165	45	4337	122	0	4669
6900	4027	47	108	103	0	4285
6901	179	46	4750	83	0	5058
6902	122	27	4708	86	0	4943
6903	113	4491	220	87	0	4911
6904	15	51	17	3579	0	3662
6905	9	17	9	3672	0	3707
6906	12	3239	34	58	0	3343
6907	3872	47	14	18	0	3951
6908	83	18	8	4228	0	4337
6909	33	13	4	4330	0	4380
6910	20	8	5	4516	0	4549
6911	6060	6	8	252	0	6326
6912	6333	8	8	92	0	6441
6913	360	10	3	6174	0	6547
6914	81	1	11	6102	0	6195
6915	5666	5	6	389	0	6066
6916	320	10	8	5732	0	6070
6917	82	5	6	6017	0	6110
6918	98	6	6	6175	0	6285
6919	58	20	5418	438	0	5934
6920	5515	5	289	172	0	5981
6921	5989	4	48	122	0	6163
6922	394	23	5432	98	0	5947
6923	118	8	280	5313	0	5719
6924	96	5531	57	356	0	6040
6925	5499	305	62	127	0	5993
6926	329	3793	51	1844	0	6017
6927	161	5343	384	141	0	6029
6928	92	329	34	5402	0	5857
6929	5259	77	33	358	0	5727
6930	5552	70	19	120	0	5761
6931	361	51	23	5367	0	5802
6932	140	37	14	5601	0	5792
6933	123	53	10	5626	0	5812
6934	99	43	14	5704	0	5860
6935	73	22	9	5592	0	5696
6936	86	5120	16	448	0	5670
6937	87	277	12	5541	0	5917
6938	5323	54	8	462	0	5847
6939	5512	51	10	190	0	5763
6940	5532	29	17	196	0	5774
6941	372	4316	37	159	0	4884
6942	171	305	18	3927	0	4421
6943	134	85	3598	383	0	4200
6944	3921	59	281	153	0	4414
6945	363	52	61	3958	0	4434
6946	3946	52	43	391	0	4432
6947	4192	52	23	132	0	4399
6948	4209	68	13	127	0	4417
6949	414	56	31	3984	0	4485
6950	3937	43	44	378	0	4402
6951	445	23	18	3989	0	4475
6952	189	14	19	4275	0	4497
6953	3968	28	19	434	0	4449
6954	394	25	10	4078	0	4507
6955	3936	29	9	471	0	4445
6956	4171	20	10	208	0	4409
6957	436	22	4	4766	0	5228
6958	164	49	6	4948	0	5167
6959	162	25	4	5051	0	5242
6960	152	29	5077	482	0	5740
6961	150	21	5246	218	0	5635
6962	163	19	298	5374	0	5854
6963	123	38	76	5698	0	5935
6964	76	23	52	5857	0	6008
6965	87	18	49	5781	0	5935
6966	92	14	52	5844	0	6002
6967	5493	21	65	493	0	6072
6968	368	5267	47	219	0	5901
6969	156	280	38	5661	0	6135
6970	6250	53	36	445	0	6784
6971	372	43	18	6272	0	6705
6972	136	39	16	6541	0	6732
6973	6254	24	28	519	0	6825
6974	6322	42	30	236	0	6630
6975	429	50	5945	205	0	6629
6976	203	21	272	6046	0	6542
6977	184	30	5956	445	0	6615
6978	127	18	293	6128	0	6566
6979	135	14	72	6295	0	6516
6980	128	12	52	6495	0	6687
6981	100	16	5910	532	0	6558
6982	76	5803	311	263	0	6453
6983	70	6203	113	214	0	6600
6984	60	317	97	6277	0	6751
6985	6192	86	41	490	0	6809
6986	357	68	5871	241	0	6537
6987	123	49	6000	202	0	6374
6988	99	54	338	5855	0	6346
6989	93	68	116	6112	0	6389
6990	61	5993	88	435	0	6577
6991	87	312	56	6115	0	6570
6992	102	90	62	6359	0	6613
6993	73	55	72	6519	0	6719
6994	6079	46	64	503	0	6692
6995	6023	42	45	254	0	6364
6996	393	45	39	6106	0	6583
6997	149	5964	43	442	0	6598
6998	116	293	44	6312	0	6765
6999	5993	67	59	489	0	6608
7000	325	5997	46	255	0	6623
7001	121	288	29	5426	0	5864
7002	102	5358	21	431	0	5912
7003	5346	319	39	177	0	5881
7004	5323	116	29	145	0	5613
7005	337	5212	43	149	0	5741
7006	141	7630	46	127	0	7944
7007	110	296	6737	104	0	7247
7008	33	5997	136	66	0	6232
7009	30	171	33	6304	0	6538
7010	50	26	6297	205	0	6578
7011	0	4183	2	0	0	4185
7012	0	2	1	4307	0	4310
7013	0	4	0	4360	0	4364
7014	0	2	0	4348	0	4350
7015	4448	0	0	0	0	4448
7016	0	4	4102	1	0	4107
7017	2	8	3968	0	0	3978
7018	2	3	2	3849	0	3856
7019	0	1	4256	0	0	4257
7020	0	1	1	3970	0	3972
7021	0	6	0	3833	0	3839
7022	0	0	0	4179	0	4179
7023	0	2	0	4204	0	4206
7024	4263	0	0	0	0	4263
7025	3924	2	3	1	0	3930
7026	0	2	0	4192	0	4194
7027	0	2	4212	1	0	4215
7028	0	0	1	4117	0	4118
7029	1	4030	6	2	0	4039
7030	0	0	0	4300	0	4300
7031	4283	0	1	0	0	4284
7032	4198	0	0	0	0	4198
7033	0	0	1	4091	0	4092
7034	0	1	1	4104	0	4106
7035	0	0	0	4223	0	4223
7036	4179	0	2	1	0	4182
7037	2	2	4090	0	0	4094
7038	2	6	4009	1	0	4018
7039	0	3820	7	1	0	3828
7040	4223	0	5	0	0	4228
7041	0	4	0	3861	0	3865
7042	4	3	4196	0	0	4203
7043	0	3791	6	3	0	3800
7044	0	4036	5	0	0	4041
7045	0	2	0	4127	0	4129
7046	0	1	0	4045	0	4046
7047	0	3980	1	0	0	3981
7048	0	0	0	4166	0	4166
7049	0	3	1	4034	0	4038
7050	4121	0	1	1	0	4123
7051	0	4011	5	1	0	4017
7052	0	3	0	4137	0	4140
7053	2	1	4074	0	0	4077
7054	0	6	0	3853	0	3859
7055	4156	0	0	1	0	4157
7056	0	5087	9	1	0	5097
7057	0	6	0	4814	0	4820
7058	1	3	4717	0	0	4721
7059	1	7	4311	2	0	4321
7060	0	0	3	3890	0	3893
7061	0	2	0	4137	0	4139
7062	4309	0	0	2	0	4311
7063	1	4678	4	2	0	4685
7064	4943	41	0	3	0	4987
7065	51	16	4777	2	0	4846
7066	4873	15	50	2	0	4940
7067	112	7	5342	1	0	5462
7068	4894	0	102	1	0	4997
7069	5232	2	28	1	0	5263
7070	134	4	4736	0	0	4874
7071	55	9	4394	1	0	4459
7072	31	4234	129	2	0	4396
7073	8	92	46	4753	0	4899
7074	4743	29	23	94	0	4889
7075	83	20	8	4676	0	4787
7076	24	7	3	4703	0	4737
7077	16	3	2	4859	0	4880
7078	9	6	4621	146	0	4782
7079	3899	3	97	59	0	4058
7080	4232	5	29	30	0	4296
7081	125	4482	25	11	0	4643
7082	53	88	12	4633	0	4786
7083	31	4554	8	83	0	4676
7084	9	108	10	4751	0	4878
7085	4722	33	0	113	0	4868
7086	102	4503	4	38	0	4647
7087	37	102	5	4726	0	4870
7088	4715	31	8	105	0	4859
7089	4610	25	5	35	0	4675
7090	134	7	6	4586	0	4733
7091	62	8	4527	105	0	4702
7092	38	2	92	4502	0	4634
7093	17	4460	34	113	0	4624
7094	4659	89	22	41	0	4811
7095	104	4502	15	28	0	4649
7096	41	117	6	4644	0	4808
7097	4674	34	10	101	0	4819
7098	111	24	3	4534	0	4672
7099	39	13	6	4633	0	4691
7100	30	14	4456	141	0	4641
7101	13	4299	89	64	0	4465
7102	4538	96	28	35	0	4697
7103	4240	40	17	17	0	4314
7104	112	4393	13	20	0	4538
7105	51	4560	10	19	0	4640
7106	34	121	9	2641	0	2805
7107	2624	46	3	107	0	2780
7108	106	2586	7	40	0	2739
7109	41	101	4	2640	0	2786
7110	33	43	2511	105	0	2692
7111	20	28	96	2569	0	2713
7112	2601	17	35	126	0	2779
7113	107	2522	25	51	0	2705
7114	38	100	12	2655	0	2805
7115	33	38	2487	119	0	2677
7116	19	26	2465	50	0	2560
7117	16	16	123	2484	0	2639
7118	14	10	57	2593	0	2674
7119	19	2510	31	141	0	2701
7120	20	99	12	2658	0	2789
7121	2615	37	17	137	0	2806
7122	105	38	8	2596	0	2747
7123	2615	16	8	140	0	2779
7124	128	2421	11	53	0	2613
7125	62	2549	5	36	0	2652
7126	40	129	9	2607	0	2785
7127	23	62	16	2686	0	2787
7128	28	32	2494	149	0	2703
7129	33	19	109	2528	0	2689
7130	2606	13	44	142	0	2805
7131	136	18	2499	58	0	2711
7132	58	17	121	2528	0	2724
7133	55	18	2550	121	0	2744
7134	33	21	134	2526	0	2714
7135	23	18	57	2570	0	2668
7136	25	29	38	2676	0	2768
7137	18	23	2459	192	0	2692
7138	23	16	95	2495	0	2629
7139	20	2384	50	167	0	2621
7140	25	103	29	2611	0	2768
7141	19	36	24	2668	0	2747
7142	2557	35	18	160	0	2770
7143	129	28	2421	86	0	2664
7144	58	25	100	2492	0	2675
7145	42	29	2407	136	0	2614
7146	29	30	2385	74	0	2518
7147	31	30	125	2356	0	2542
7148	26	26	58	2419	0	2529
7149	18	27	29	2597	0	2671
7150	2466	16	17	187	0	2686
7151	133	18	2319	93	0	2563
7152	2286	24	105	67	0	2482
7153	141	8	36	2453	0	2638
7154	57	9	38	2470	0	2574
7155	41	2340	26	160	0	2567
7156	25	113	22	1365	0	1525
7157	22	49	10	1435	0	1516
7158	23	45	12	1465	0	1545
7159	1311	24	10	188	0	1533
7160	111	18	1168	99	0	1396
7161	1295	12	99	85	0	1491
7162	131	1303	46	56	0	1536
7163	613	55	9	33	0	710
7164	60	568	20	25	0	673
7165	37	651	16	21	0	725
7166	0	1	0	15	0	16
7167	15	0	0	1	0	16
7168	1	0	0	15	0	16
7169	0	15	0	1	0	16
7170	2	2780	11	0	0	2793
7171	0	2	0	3129	0	3131
7172	0	0	0	3128	0	3128
7173	0	2985	3	2	0	2990
7174	0	3	0	3202	0	3205
7175	0	0	0	3158	0	3158
7176	1	0	0	3099	0	3100
7177	3166	0	0	2	0	3168
7178	2	4	3095	1	0	3102
7179	2790	2	4	0	0	2796
7180	3107	1	1	1	0	3110
7181	3111	0	0	1	0	3112
7182	2	2963	3	1	0	2969
7183	0	2	0	3197	0	3199
7184	3210	0	0	2	0	3212
7185	2	0	0	3132	0	3134
7186	3249	0	0	1	0	3250
7187	1	6512	21	2	0	6536
7188	7169	1	0	0	0	7170
7189	7126	0	0	1	0	7127
7190	7081	0	0	0	0	7081
7191	1	1	1	6944	0	6947
7192	0	2	1	7024	0	7027
7193	7217	0	1	1	0	7219
7194	1	6617	7	1	0	6626
7195	0	6671	9	2	0	6682
7196	7193	1	0	0	0	7194
7197	1	3	0	7067	0	7071
7198	0	3	0	6894	0	6897
7199	0	2	1	7121	0	7124
7200	0	8064	24	5	0	8093
7201	10131	4	3	2	0	10140
7202	121	2	0	10176	0	10299
7203	90	11355	19	118	0	11582
7204	88	145	0	12211	0	12444
7205	36	91	0	12218	0	12345
7206	27	86	1	12106	0	12220
7207	27	34	0	12397	0	12458
7208	12156	23	2	419	0	12600
7209	11980	28	2	276	0	12286
7210	12107	23	2	196	0	12328
7211	349	28	0	12105	0	12482
7212	237	39	11577	277	0	12130
7213	165	31	11564	232	0	11992
7214	104	27	12114	211	0	12456
7215	12632	7	344	131	0	13114
7216	250	9	209	13077	0	13545
7217	187	10	140	12965	0	13302
7218	163	1	86	13399	0	13649
7219	13129	2	79	427	0	13637
7220	12792	3	79	295	0	13169
7221	303	12415	104	191	0	13013
7222	237	161	67	13147	0	13612
7223	178	116	12483	266	0	13043
7224	110	12107	182	229	0	12628
7225	76	178	106	13047	0	13407
7226	75	121	96	13143	0	13435
7227	85	122	48	13004	0	13259
7228	86	72	36	12872	0	13066
7229	73	79	12490	481	0	13123
7230	42	86	11807	361	0	12296
7231	37	11888	314	292	0	12531
7232	32	206	199	12874	0	13311
7233	40	148	120	13088	0	13396
7234	12862	113	55	455	0	13485
7235	210	56	12473	378	0	13117
7236	169	46	210	12574	0	12999
7237	140	57	173	14090	0	14460
7238	103	60	13593	389	0	14145
7239	69	12840	296	352	0	13557
7240	14054	211	171	267	0	14703
7241	230	141	13610	239	0	14220
7242	13406	106	267	222	0	14001
7243	358	65	15113	179	0	15715
7244	214	49	339	14811	0	15413
7245	207	57	15016	339	0	15619
7246	149	67	14579	276	0	15071
7247	131	62	366	14764	0	15323
7248	143	85	298	13701	0	14227
7249	130	52	239	15374	0	15795
7250	121	35	163	15006	0	15325
7251	102	59	142	15171	0	15474
7252	79	71	14474	588	0	15212
7253	54	53	13532	484	0	14123
7254	55	13224	422	366	0	14067
7255	14933	184	280	305	0	15702
7256	242	152	180	14570	0	15144
7257	15144	118	117	402	0	15781
7258	336	74	119	15093	0	15622
7259	15094	77	106	465	0	15742
7260	333	67	127	15038	0	15565
7261	233	81	134	15069	0	15517
7262	207	14810	141	535	0	15693
7263	155	573	102	16013	0	16843
7264	138	128	97	16346	0	16709
7265	153	116	93	16296	0	16658
7266	160	84	110	16257	0	16611
7267	162	14808	121	668	0	15759
7268	15944	223	82	491	0	16740
7269	288	15068	131	430	0	15917
7270	218	305	134	13625	0	14282
7271	13469	189	141	457	0	14256
7272	274	189	12457	428	0	13348
7273	223	136	12458	416	0	13233
7274	204	99	343	13275	0	13921
7275	162	104	265	14021	0	14552
7276	156	85	189	14231	0	14661
7277	154	85	170	13918	0	14327
7278	119	70	167	14120	0	14476
7279	115	13000	188	614	0	13917
7280	117	198	183	14363	0	14861
7281	13839	163	176	555	0	14733
7282	255	146	136	14093	0	14630
7283	187	86	13636	616	0	14525
7284	184	81	222	13935	0	14422
7285	13721	61	176	627	0	14585
7286	233	13252	200	515	0	14200
7287	198	265	137	14525	0	15125
7288	174	182	119	15647	0	16122
7289	136	200	14608	717	0	15661
7290	152	172	16998	495	0	17817
7291	21594	100	661	444	0	22799
7292	777	92	344	22399	0	23612
7293	364	75	289	23216	0	23944
7294	370	138	21440	1229	0	23177
7295	253	186	21525	789	0	22753
7296	176	22346	1072	667	0	24261
7297	137	757	585	23251	0	24730
7298	170	367	22003	1049	0	23589
7299	135	22247	1054	580	0	24016
7300	20348	2438	514	559	0	23859
7301	20763	253	266	249	0	21531
7302	826	221	181	19810	0	21038
7303	335	18443	120	596	0	19494
7304	18913	628	89	200	0	19830
7305	826	285	143	14750	0	16004
7306	311	268	17509	480	0	18568
7307	249	18145	592	191	0	19177
7308	18439	645	190	183	0	19457
7309	18816	222	183	125	0	19346
7310	790	223	119	18556	0	19688
7311	379	147	90	19327	0	19943
7312	315	149	17587	771	0	18822
7313	197	87	579	17944	0	18807
7314	158	64	203	18028	0	18453
7315	126	61	181	18336	0	18704
7316	97	41	133	18564	0	18835
7317	87	41	102	17932	0	18162
7318	79	16981	100	1111	0	18271
7319	17663	541	49	642	0	18895
7320	632	222	16334	488	0	17676
7321	220	17145	623	376	0	18364
7322	228	625	211	18363	0	19427
7323	19291	247	216	775	0	20529
7324	655	215	157	19832	0	20859
7325	290	132	131	20221	0	20774
7326	231	130	118	20386	0	20865
7327	185	104	86	20643	0	21018
7328	165	115	18152	1174	0	19606
7329	115	18752	635	681	0	20183
7330	19634	655	200	551	0	21040
7331	706	243	18925	432	0	20306
7332	245	232	721	19679	0	20877
7333	19685	202	299	800	0	20986
7334	787	19213	273	335	0	20608
7335	19810	658	173	343	0	20984
7336	857	266	151	19341	0	20615
7337	398	287	140	19256	0	20081
7338	395	194	70	19425	0	20084
7339	291	127	95	19680	0	20193
7340	18655	134	88	1203	0	20080
7341	736	127	54	19060	0	19977
7342	330	98	82	19728	0	20238
7343	17431	81	85	1157	0	18754
7344	814	116	16012	703	0	17645
7345	339	103	601	17669	0	18712
7346	17294	72	230	997	0	18593
7347	17689	43	190	574	0	18496
7348	893	75	146	17462	0	18576
7349	482	69	132	17631	0	18314
7350	395	16566	126	1077	0	18164
7351	302	589	95	17683	0	18669
7352	233	229	88	18205	0	18755
7353	204	243	16006	1266	0	17719
7354	199	189	16121	766	0	17275
7355	125	16596	791	662	0	18174
7356	137	683	393	16976	0	18189
7357	173	249	351	17852	0	18625
7358	17076	254	283	1086	0	18699
7359	682	216	224	17644	0	18766
7360	335	181	16473	1169	0	18158
7361	352	156	686	17580	0	18774
7362	250	156	15405	1160	0	16971
7363	228	155	15718	683	0	16784
7364	204	149	903	15941	0	17197
7365	147	139	505	16901	0	17692
7366	16121	167	362	1097	0	17747
7367	16599	106	278	669	0	17652
7368	891	122	247	16558	0	17818
7369	16431	114	175	1044	0	17764
7370	16895	82	137	592	0	17706
7371	1112	104	138	16323	0	17677
7372	614	95	84	17118	0	17911
7373	16442	93	95	1166	0	17796
7374	16257	50	132	697	0	17136
7375	1015	43	106	15682	0	16846
7376	567	14929	99	1154	0	16749
7377	554	617	75	15821	0	17067
7378	406	184	88	16504	0	17182
7379	283	216	14180	1330	0	16009
7380	257	144	603	16157	0	17161
7381	14866	135	260	1225	0	16486
7382	730	15174	252	739	0	16895
7383	15583	633	151	708	0	17075
7384	15991	270	137	530	0	16928
7385	16205	240	104	482	0	17031
7386	1102	187	90	15555	0	16934
7387	550	151	10614	852	0	12167
7388	440	140	9940	398	0	10918
7389	348	10096	612	411	0	11467
7390	198	7487	235	252	0	8172
7391	87	2824	27	61	0	2999
7392	60	2739	24	68	0	2891
7393	48	1066	1702	54	0	2870
7394	2652	69	64	68	0	2853
7395	3	0	2	2166	0	2171
7396	0	0	1	2152	0	2153
7397	0	1	0	2179	0	2180
7398	0	2152	2	5	0	2159
7399	2169	4	2	2	0	2177
7400	5	4	2119	1	0	2129
7401	2	2072	6	3	0	2083
7402	1	3	1	2216	0	2221
7403	2186	1	0	6	0	2193
7404	4	1	0	2160	0	2165
7405	2	2	2118	5	0	2127
7406	1	5	2031	3	0	2040
7407	1	0	6	2144	0	2151
7408	0	5	2	2121	0	2128
7409	2167	3	0	9	0	2179
7410	6	3	2138	3	0	2150
7411	2108	0	7	3	0	2118
7412	2123	1	3	6	0	2133
7413	5	0	2	2145	0	2152
7414	4	2	2131	6	0	2143
7415	0	3	5	2131	0	2139
7416	2161	2	4	6	0	2173
7417	6	2060	11	3	0	2080
7418	2900	3	2	5	0	2910
7419	308	3	1	2832	0	3144
7420	29	3221	9	298	0	3557
7421	23	321	4	2987	0	3335
7422	6	35	3	3227	0	3271
7423	6	1612	7	337	0	1962
7424	6	335	3	1708	0	2052
7425	5	40	3	2014	0	2062
7426	6	24	2	2043	0	2075
7427	6	14	2021	399	0	2440
7428	4	2188	345	72	0	2609
7429	2253	419	33	36	0	2741
7430	420	45	29	2106	0	2600
7431	42	2182	11	365	0	2600
7432	2255	423	6	51	0	2735
7433	405	48	4	2305	0	2762
7434	46	41	5	2688	0	2780
7435	39	14	4	2727	0	2784
7436	10	12	4	2781	0	2807
7437	2217	9	5	528	0	2759
7438	387	10	11	2321	0	2729
7439	39	17	5	2723	0	2784
7440	2266	9	10	491	0	2776
7441	421	11	3	2351	0	2786
7442	50	18	2186	491	0	2745
7443	49	18	412	2310	0	2789
7444	2238	16	38	494	0	2786
7445	432	12	26	2346	0	2816
7446	49	13	2178	498	0	2738
7447	39	17	2522	85	0	2663
7448	2216	10	431	67	0	2724
7449	3777	10	67	58	0	3912
7450	3825	4	33	57	0	3919
7451	3836	16	10	55	0	3917
7452	519	20	3265	48	0	3852
7453	91	19	395	3369	0	3874
7454	54	32	47	3853	0	3986
7455	3371	15	35	534	0	3955
7456	417	13	8	3509	0	3947
7457	58	32	3301	509	0	3900
7458	48	10	432	3432	0	3922
7459	30	21	3290	539	0	3880
7460	42	3241	436	116	0	3835
7461	3400	421	57	105	0	3983
7462	444	71	37	3413	0	3965
7463	92	51	3307	466	0	3916
7464	65	15	420	3406	0	3906
7465	41	32	60	3854	0	3987
7466	55	16	3332	542	0	3945
7467	39	22	433	3464	0	3958
7468	3426	30	67	548	0	4071
7469	472	18	3220	151	0	3861
7470	3192	26	405	140	0	3763
7471	449	3206	66	91	0	3812
7472	88	385	3326	112	0	3911
7473	74	60	3661	113	0	3908
7474	63	52	466	3056	0	3637
7475	44	22	100	3671	0	3837
7476	55	17	3347	558	0	3977
7477	54	19	455	3479	0	4007
7478	3416	25	80	556	0	4077
7479	3795	20	75	145	0	4035
7480	498	17	58	3368	0	3941
7481	135	21	51	3643	0	3850
7482	106	3238	47	480	0	3871
7483	3009	463	61	156	0	3689
7484	501	64	62	3266	0	3893
7485	109	3601	48	481	0	4239
7486	3790	479	61	131	0	4461
7487	4041	81	37	130	0	4289
7488	495	3580	37	132	0	4244
7489	145	450	46	3741	0	4382
7490	89	83	46	4254	0	4472
7491	68	58	3591	619	0	4336
7492	62	28	477	3841	0	4408
7493	3708	28	100	620	0	4456
7494	516	42	82	3845	0	4485
7495	121	26	3184	564	0	3895
7496	3245	17	482	165	0	3909
7497	489	24	123	3365	0	4001
7498	120	28	3221	564	0	3933
7499	111	16	488	3339	0	3954
7500	67	24	3237	587	0	3915
7501	71	17	508	3313	0	3909
7502	70	13	90	3808	0	3981
7503	3252	14	103	591	0	3960
7504	488	3132	66	179	0	3865
7505	3312	476	61	138	0	3987
7506	3678	65	84	94	0	3921
7507	3686	46	75	85	0	3892
7508	576	3114	46	104	0	3840
7509	151	450	3156	78	0	3835
7510	109	85	492	3238	0	3924
7511	3306	47	101	537	0	3991
7512	3737	16	73	160	0	3986
7513	570	31	71	3234	0	3906
7514	3343	22	49	557	0	3971
7515	556	27	3100	162	0	3845
7516	3213	43	501	101	0	3858
7517	596	65	3150	111	0	3922
7518	48	2261	129	24	0	2462
7519	2412	131	32	21	0	2596
7520	2069	24	23	24	0	2140
7521	139	1947	23	27	0	2136
7522	2065	130	15	31	0	2241
7523	2128	22	16	32	0	2198
7524	159	14	2004	31	0	2208
7525	1986	8	139	23	0	2156
7526	160	11	2031	28	0	2230
7527	21	2	35	1358	0	1416
7528	12	1337	19	39	0	1407
7529	13	48	1384	16	0	1461
7530	1348	16	38	3	0	1405
7531	1452	4	13	3	0	1472
7532	59	9	3	1349	0	1420
7533	18	12	1405	39	0	1474
7534	9	3	40	1366	0	1418
7535	1411	2	12	48	0	1473
7536	48	1322	5	19	0	1394
7537	1416	37	4	7	0	1464
7538	1444	14	2	11	0	1471
7539	58	1340	10	4	0	1412
7540	19	39	9	1382	0	1449
7541	1426	13	5	40	0	1484
7542	41	6	7	1390	0	1444
7543	18	11	1	1394	0	1424
7544	16	7	1351	54	0	1428
7545	15	6	38	1346	0	1405
7546	9	8	16	1417	0	1450
7547	1404	4	3	53	0	1464
7548	1403	1	6	19	0	1429
7549	52	3	9	425	0	489
7550	24	4	410	43	0	481
7551	7	3	446	17	0	473
7552	8	4	47	412	0	471
7553	7	7	408	46	0	468
7554	6	3	46	414	0	469
7555	13	2	18	443	0	476
7556	410	1	6	63	0	480
7557	42	3	401	25	0	471
7558	414	3	45	12	0	474
7559	444	1	13	15	0	473
7560	62	5	386	8	0	461
7561	23	8	420	5	0	456
7562	17	4	45	395	0	461
7563	18	375	10	38	0	441
7564	6	422	6	17	0	451
7565	9	51	3	399	0	462
7566	13	13	3	433	0	462
7567	3	6	3	447	0	459
7568	0	4	6	459	0	469
7569	399	1	8	61	0	469
7570	45	0	2	423	0	470
7571	21	2	377	55	0	455
7572	16	1	37	390	0	444
7573	10	381	15	42	0	448
7574	4	39	8	414	0	465
7575	396	13	16	41	0	466
7576	41	3	11	411	0	466
7577	14	6	385	48	0	453
7578	7	391	43	21	0	462
7579	6	39	12	405	0	462
7580	399	13	2	51	0	465
7581	447	2	6	15	0	470
7582	60	2	9	1252	0	1323
7583	25	5	1235	43	0	1308
7584	16	7	1207	14	0	1244
7585	818	0	1	0	0	819
7586	2	0	842	0	0	844
7587	2	0	839	0	0	841
7588	0	1	1	811	0	813
7589	886	0	0	1	0	887
7590	854	0	0	0	0	854
7591	827	0	0	1	0	828
7592	3	3	1867	0	0	1873
7593	0	3	1817	1	0	1821
7594	0	1846	6	1	0	1853
7595	1	1	0	1959	0	1961
7596	1	0	0	1972	0	1973
7597	0	3	1	1866	0	1870
7598	1	0	0	1939	0	1940
7599	2	2	1958	1	0	1963
7600	0	1825	5	6	0	1836
7601	1994	1	1	0	0	1996
7602	2865	0	3	0	0	2868
7603	3010	0	0	0	0	3010
7604	102	2912	6	0	0	3020
7605	15	97	1	2975	0	3088
7606	2960	11	1	98	0	3070
7607	92	2872	7	16	0	2987
7608	2962	101	1	5	0	3069
7609	97	2852	3	5	0	2957
7610	2983	101	1	1	0	3086
7611	3030	17	1	2	0	3050
7612	97	9	2	3752	0	3860
7613	18	8	1	3757	0	3784
7614	10	6	3728	111	0	3855
7615	4	4	3524	22	0	3554
7616	3696	1	97	11	0	3805
7617	3887	4	14	6	0	3911
7618	104	2	10	3743	0	3859
7619	22	3	5	3873	0	3903
7620	18	5	3743	108	0	3874
7621	12	6	90	3665	0	3773
7622	14	14	3751	112	0	3891
7623	8	5	99	3663	0	3775
7624	11	8	19	3889	0	3927
7625	3861	7	10	118	0	3996
7626	3838	5	5	20	0	3868
7627	118	15	2	3755	0	3890
7628	37	3	3	3883	0	3926
7629	13	13	3782	122	0	3930
7630	18	3	98	3641	0	3760
7631	15	6	3776	120	0	3917
7632	3581	8	108	29	0	3726
7633	111	1	20	3805	0	3937
7634	3846	7	11	110	0	3974
7635	115	3666	23	24	0	3828
7636	3846	100	5	21	0	3972
7637	112	15	6	3802	0	3935
7638	22	12	9	3802	0	3845
7639	19	3685	23	115	0	3842
7640	16	99	17	3869	0	4001
7641	22	22	3758	124	0	3926
7642	27	13	98	3685	0	3823
7643	24	10	3709	133	0	3876
7644	18	3539	107	48	0	3712
7645	12	99	27	5843	0	5981
7646	19	17	5732	124	0	5892
7647	11	24	5429	34	0	5498
7648	16	11	99	5655	0	5781
7649	5924	7	30	116	0	6077
7650	120	5	5766	39	0	5930
7651	24	4	107	5568	0	5703
7652	5943	4	20	125	0	6092
7653	109	5448	27	39	0	5623
7654	5927	101	18	20	0	6066
7655	102	21	8	5778	0	5909
7656	30	8	12	5845	0	5895
7657	23	15	8	5942	0	5988
7658	5892	2	8	146	0	6048
7659	108	12	14	5822	0	5956
7660	22	10	13	5949	0	5994
7661	5896	5	19	137	0	6057
7662	108	15	5696	56	0	5875
7663	25	9	108	5618	0	5760
7664	23	21	5738	119	0	5901
7665	5254	7	111	47	0	5419
7666	116	8	35	5637	0	5796
7667	39	10	5746	119	0	5914
7668	4999	14	120	44	0	5177
7669	5282	17	26	31	0	5356
7670	131	11	5687	29	0	5858
7671	38	18	103	5417	0	5576
7672	31	8	28	5777	0	5844
7673	20	18	5667	150	0	5855
7674	30	5171	113	47	0	5361
7675	24	110	6201	39	0	6374
7676	5696	26	102	47	0	5871
7677	116	17	6235	39	0	6407
7678	5643	16	115	31	0	5805
7679	121	12	6136	37	0	6306
7680	5757	2	115	43	0	5917
7681	115	6629	52	34	0	6830
7682	34	103	27	6208	0	6372
7683	34	16	16	6304	0	6370
7684	27	19	6161	137	0	6344
7685	22	11	106	5814	0	5953
7686	30	5829	50	120	0	6029
7687	6246	98	38	38	0	6420
7688	105	6587	34	51	0	6777
7689	30	189	20	6959	0	7198
7690	7037	26	16	204	0	7283
7691	191	6679	24	59	0	6953
7692	6034	192	15	38	0	6279
7693	216	34	5742	32	0	6024
7694	51	23	171	5796	0	6041
7695	21	10	47	5809	0	5887
7696	30	9	24	6143	0	6206
7697	5970	7	32	233	0	6242
7698	5994	11	16	56	0	6077
7699	5882	23	23	40	0	5968
7700	5892	6	23	31	0	5952
7701	236	27	5577	27	0	5867
7702	4370	3	72	3	0	4448
7703	90	4486	20	5	0	4601
7704	7	4550	22	7	0	4586
7705	4891	77	3	5	0	4976
7706	5661	14	0	5	0	5680
7707	87	8	2	5448	0	5545
7708	5657	4	1	81	0	5743
7709	5378	6	5	10	0	5399
7710	6358	3	2	8	0	6371
7711	193	6	2	6312	0	6513
7712	21	5449	16	192	0	5678
7713	11	5794	10	20	0	5835
7714	8	192	3	5935	0	6138
7715	5845	26	1	204	0	6076
7716	190	5698	7	23	0	5918
7717	20	191	2	5845	0	6058
7718	17	25	5589	199	0	5830
7719	5000	19	181	28	0	5228
7720	197	5455	25	18	0	5695
7721	18	5722	15	14	0	5769
7722	5759	203	5	9	0	5976
7723	206	30	5613	8	0	5857
7724	24	17	171	5478	0	5690
7725	21	5563	23	179	0	5786
7726	23	194	13	5769	0	5999
7727	16	20	6	5841	0	5883
7728	15	5184	19	199	0	5417
7729	14	198	4	5797	0	6013
7730	18	24	5	5959	0	6006
7731	5800	19	1	222	0	6042
7732	206	5553	6	50	0	5815
7733	5650	206	1	25	0	5882
7734	217	35	607	4984	0	5843
7735	34	5289	19	202	0	5544
7736	38	198	5321	26	0	5583
7737	17	36	182	5354	0	5589
7738	18	25	15	5748	0	5806
7739	16	28	5482	219	0	5745
7740	5185	19	183	39	0	5426
7741	206	21	18	5584	0	5829
7742	5561	29	17	215	0	5822
7743	222	29	5392	34	0	5677
7744	32	19	190	6108	0	6349
7745	31	25	4420	247	0	4723
7746	16	32	210	4523	0	4781
7747	18	17	50	4802	0	4887
7748	4571	19	24	293	0	4907
7749	221	4393	17	94	0	4725
7750	4649	224	10	58	0	4941
7751	252	70	4852	47	0	5221
7752	77	37	214	4964	0	5292
7753	41	42	5404	246	0	5733
7754	4939	24	230	73	0	5266
7755	5647	27	64	55	0	5793
7756	297	37	5389	35	0	5758
7757	5372	25	235	33	0	5665
7758	5725	23	55	54	0	5857
7759	294	18	27	5495	0	5834
7760	96	30	5342	257	0	5725
7761	63	34	5383	84	0	5564
7762	50	16	262	5424	0	5752
7763	49	16	80	5432	0	5577
7764	33	5148	49	288	0	5518
7765	37	5547	33	97	0	5714
7766	5645	272	25	46	0	5988
7767	245	84	22	5535	0	5886
7768	74	5290	30	246	0	5640
7769	62	5692	18	80	0	5852
7770	5414	283	22	55	0	5774
7771	258	79	18	5534	0	5889
7772	86	5453	39	239	0	5817
7773	51	235	22	5686	0	5994
7774	48	62	29	5819	0	5958
7775	46	46	25	5335	0	5452
7776	5012	36	23	308	0	5379
7777	242	4842	34	109	0	5227
7778	96	225	21	5019	0	5361
7779	68	68	29	5218	0	5383
7780	39	40	32	5342	0	5453
7781	37	31	4077	332	0	4477
7782	4079	29	223	105	0	4436
7783	251	26	70	4347	0	4694
7784	4253	32	39	278	0	4602
7785	4407	35	36	93	0	4571
7786	4444	35	35	68	0	4582
7787	322	27	4177	51	0	4577
7788	80	3307	132	46	0	3565
7789	43	149	48	3488	0	3728
7790	32	59	3379	170	0	3640
7791	29	32	3373	81	0	3515
7792	18	25	170	3269	0	3482
7793	15	3277	71	154	0	3517
7794	3399	142	27	90	0	3658
7795	3489	53	25	53	0	3620
7796	3537	34	19	53	0	3643
7797	3610	19	17	47	0	3693
7798	212	32	3301	32	0	3577
7799	3328	23	135	51	0	3537
7800	178	3669	66	41	0	3954
7801	81	138	26	3872	0	4117
7802	43	48	32	4016	0	4139
7803	3876	25	29	211	0	4141
7804	171	23	21	3893	0	4108
7805	90	18	3717	186	0	4011
7806	3084	16	153	81	0	3334
7807	3251	17	55	51	0	3374
7808	3293	21	48	33	0	3395
7809	216	34	3065	41	0	3356
7810	2104	3	34	17	0	2158
7811	47	2120	53	18	0	2238
7812	2273	29	19	14	0	2335
7813	51	33	12	2231	0	2327
7814	48	8	14	2237	0	2307
7815	25	2156	21	64	0	2266
7816	17	32	10	2270	0	2329
7817	12	2207	14	50	0	2283
7818	17	36	11	2258	0	2322
7819	15	2210	9	48	0	2282
7820	19	41	4	2280	0	2344
7821	16	3240	14	44	0	3314
7822	13	98	13	3243	0	3367
7823	20	3214	16	97	0	3347
7824	3273	107	3	67	0	3450
7825	102	68	5	3288	0	3463
7826	70	24	6	3364	0	3464
7827	32	13	3	3743	0	3791
7828	19	14	3	3812	0	3848
7829	20	27	3442	199	0	3688
7830	17	12	98	3667	0	3794
7831	17	15	68	3743	0	3843
7832	3610	10	20	209	0	3849
7833	3531	5	14	121	0	3671
7834	179	3501	22	46	0	3748
7835	93	113	9	3602	0	3817
7836	38	60	13	6780	0	6891
7837	6722	17	10	447	0	7196
7838	403	44	6004	221	0	6672
7839	6452	26	339	90	0	6907
7840	424	6481	175	60	0	7140
7841	6782	359	54	41	0	7236
7842	6662	200	26	40	0	6928
7843	563	6397	38	43	0	7041
7844	215	6059	15	33	0	6322
7845	85	464	18	5942	0	6509
7846	44	208	5702	352	0	6306
7847	5916	77	342	162	0	6497
7848	381	52	5870	69	0	6372
7849	6037	28	377	40	0	6482
7850	431	39	5728	27	0	6225
7851	192	5314	378	27	0	5911
7852	81	359	166	5527	0	6133
7853	4940	160	64	382	0	5546
7854	5286	61	47	177	0	5571
7855	527	25	40	5081	0	5673
7856	5163	36	31	374	0	5604
7857	5273	35	32	182	0	5522
7858	533	4904	31	84	0	5552
7859	5144	344	23	49	0	5560
7860	447	4991	21	39	0	5498
7861	214	373	18	5042	0	5647
7862	4964	172	24	382	0	5542
7863	5294	81	20	186	0	5581
7864	5542	40	25	74	0	5681
7865	612	45	4788	36	0	5481
7866	275	50	4919	38	0	5282
7867	138	43	471	4765	0	5417
7868	71	40	200	4765	0	5076
7869	83	4920	87	492	0	5582
7870	5008	365	32	203	0	5608
7871	429	181	45	4977	0	5632
7872	252	65	35	5860	0	6212
7873	127	67	5095	537	0	5826
7874	87	5158	362	253	0	5860
7875	81	5613	159	132	0	5985
7876	81	510	62	5539	0	6192
7877	5416	255	28	427	0	6126
7878	407	107	40	5580	0	6134
7879	237	60	42	5935	0	6274
7880	5509	49	37	599	0	6194
7881	5831	63	45	278	0	6217
7882	606	44	52	5623	0	6325
7883	287	66	5259	453	0	6065
7884	134	54	375	5707	0	6270
7885	93	50	192	5976	0	6311
7886	5556	40	78	621	0	6295
7887	463	39	32	5827	0	6361
7888	5744	39	33	515	0	6331
7889	528	39	5284	271	0	6122
7890	267	54	371	5473	0	6165
7891	126	63	185	5796	0	6170
7892	85	62	86	5987	0	6220
7893	118	38	48	5946	0	6150
7894	118	39	45	6141	0	6343
7895	107	43	5280	673	0	6103
7896	5496	25	401	339	0	6261
7897	481	30	185	5637	0	6333
7898	250	50	5281	503	0	6084
7899	131	58	5538	320	0	6047
7900	113	33	541	5322	0	6009
7901	5205	35	233	523	0	5996
7902	5450	38	114	333	0	5935
7903	6397	33	78	160	0	6668
7904	681	62	72	5409	0	6224
7905	354	5610	65	455	0	6484
7906	6846	371	90	249	0	7556
7907	7173	219	86	168	0	7646
7908	7357	107	78	145	0	7687
7909	7463	77	45	148	0	7733
7910	719	68	58	6936	0	7781
7911	417	38	6541	478	0	7474
7912	217	46	435	7004	0	7702
7913	170	84	6695	530	0	7479
7914	6820	65	449	300	0	7634
7915	7260	60	228	193	0	7741
7916	669	63	6659	160	0	7551
7917	6967	34	406	185	0	7592
7918	7301	21	220	154	0	7696
7919	706	28	115	6665	0	7514
7920	376	6681	87	471	0	7615
7921	5926	336	55	222	0	6539
7922	444	180	50	5653	0	6327
7923	302	5590	51	365	0	6308
7924	187	622	47	5661	0	6517
7925	164	187	5399	448	0	6198
7926	187	5636	306	255	0	6384
7927	5467	298	155	150	0	6070
7928	5698	165	90	121	0	6074
7929	5734	80	85	120	0	6019
7930	5849	49	76	128	0	6102
7931	524	38	54	5276	0	5892
7932	259	5254	64	375	0	5952
7933	5462	277	62	229	0	6030
7934	422	156	5176	146	0	5900
7935	248	5343	353	128	0	6072
7936	29	20	2245	21	0	2315
7937	27	12	30	2205	0	2274
7938	23	2078	29	35	0	2165
7939	31	12	11	2326	0	2380
7940	23	16	3263	39	0	3341
7941	34	14	22	3031	0	3101
7942	36	7	15	3310	0	3368
7943	19	15	17	3423	0	3474
7944	3380	20	11	40	0	3451
7945	30	3222	21	29	0	3302
7946	35	14	11	3410	0	3470
7947	3389	22	4	33	0	3448
7948	37	3224	11	44	0	3316
7949	3320	10	23	25	0	3378
7950	33	17	4377	33	0	4460
7951	24	7	30	4229	0	4290
7952	31	4257	28	38	0	4354
7953	4440	17	16	22	0	4495
7954	44	23	4324	17	0	4408
7955	40	3888	42	31	0	4001
7956	41	18	16	4418	0	4493
7957	22	23	10	4493	0	4548
7958	4542	15	11	37	0	4605
7959	33	11	15	4450	0	4509
7960	29	16	4429	42	0	4516
7961	19	26	17	4276	0	4338
7962	34	10	4403	35	0	4482
7963	20	11	30	4136	0	4197
7964	16	4183	31	33	0	4263
7965	4406	21	9	29	0	4465
7966	4182	17	16	24	0	4239
7967	51	4177	17	19	0	4264
7968	43	4292	15	24	0	4374
7969	19	15	11	4343	0	4388
7970	4352	10	6	20	0	4388
7971	32	14	10	4223	0	4279
7972	3857	0	1	1	0	3859
7973	0	3562	9	2	0	3573
7974	0	0	0	3783	0	3783
7975	1	2	3720	0	0	3723
7976	0	1	2	3486	0	3489
7977	0	0	0	3673	0	3673
7978	3829	0	0	0	0	3829
7979	1	3535	13	0	0	3549
7980	0	0	0	3771	0	3771
7981	3757	0	0	1	0	3758
7982	2	0	3751	1	0	3754
7983	3321	1	2	4	0	3328
7984	0	0	1	3666	0	3667
7985	0	3477	13	2	0	3492
7986	3583	1	2	2	0	3588
7987	2	3	3571	0	0	3576
7988	1	6	3446	0	0	3453
7989	0	3306	21	3	0	3330
7990	3682	0	0	1	0	3683
7991	1	2	1	4086	0	4090
7992	1	3	0	4044	0	4048
7993	4740	0	2	0	0	4742
7994	22	10	4570	0	0	4602
7995	9	1	20	4514	0	4544
7996	14	7	4635	19	0	4675
7997	10	2	32	4531	0	4575
7998	5	4777	36	33	0	4851
7999	1	22	16	5241	0	5280
8000	3	16	5009	36	0	5064
8001	4715	13	24	20	0	4772
8002	19	9	11	5133	0	5172
8003	10	8	4515	30	0	4563
8004	15	3	31	4319	0	4368
8005	9	0	13	4507	0	4529
8006	3	3	3521	36	0	3563
8007	2	7	3404	28	0	3441
8008	1	4	36	3472	0	3513
8009	4	3	3565	36	0	3608
8010	3339	1	45	17	0	3402
8011	25	0	25	3565	0	3615
8012	3585	0	22	37	0	3644
8013	39	3	3507	18	0	3567
8014	18	4	27	3461	0	3510
8015	19	11	4191	35	0	4256
8016	9	3854	45	24	0	3932
8017	8	23	4171	19	0	4221
8018	11	22	3992	12	0	4037
8019	3785	16	46	12	0	3859
8020	4170	7	32	7	0	4216
8021	35	7	4220	8	0	4270
8022	31	2	39	3632	0	3704
8023	21	2	24	4131	0	4178
8024	17	4	4165	36	0	4222
8025	7	3858	46	28	0	3939
8026	4084	23	26	30	0	4163
8027	32	14	4105	14	0	4165
8028	16	13	32	3945	0	4006
8029	23	11	17	4065	0	4116
8030	4201	4	25	34	0	4264
8031	4106	1	9	34	0	4150
8032	4084	2	16	32	0	4134
8033	4141	5	9	19	0	4174
8034	54	7	9	3994	0	4064
8035	38	7	4095	28	0	4168
8036	33	2	31	3976	0	4042
8037	23	3	14	4088	0	4128
8038	10	1	22	4153	0	4186
8039	6	3	4041	54	0	4104
8040	3854	2	32	43	0	3931
8041	71	1	17	4254	0	4343
8042	39	14	4084	81	0	4218
8043	39	3992	77	40	0	4148
8044	14	60	38	4217	0	4329
8045	9	35	40	4298	0	4382
8046	4192	29	10	113	0	4344
8047	70	4055	20	64	0	4209
8048	44	66	4027	44	0	4181
8049	44	26	69	4032	0	4171
8050	20	28	34	3335	0	3417
8051	3267	12	38	99	0	3416
8052	3250	12	17	59	0	3338
8053	92	2	19	3341	0	3454
8054	3293	3	13	95	0	3404
8055	110	3153	8	50	0	3321
8056	56	68	4028	39	0	4191
8057	48	30	67	4086	0	4231
8058	18	26	30	4352	0	4426
8059	18	12	36	4358	0	4424
8060	5	13	24	4319	0	4361
8061	5	4112	12	142	0	4271
8062	4810	67	5	83	0	4965
8063	73	34	10	4700	0	4817
8064	32	5396	19	80	0	5527
8065	5686	72	12	43	0	5813
8066	5540	35	6	38	0	5619
8067	100	5457	10	27	0	5594
8068	62	75	6	5677	0	5820
8069	58	35	4	5758	0	5855
8070	27	32	3	5662	0	5724
8071	17	14	14	5751	0	5796
8072	5586	17	5	132	0	5740
8073	5469	8	12	85	0	5574
8074	91	5380	15	77	0	5563
8075	62	67	5481	39	0	5649
8076	49	33	64	5543	0	5689
8077	5698	40	31	89	0	5858
8078	83	5609	45	51	0	5788
8079	43	5747	18	52	0	5860
8080	6135	122	11	32	0	6300
8081	6104	81	10	28	0	6223
8082	154	57	9	5952	0	6172
8083	93	34	6310	112	0	6549
8084	68	54	5618	59	0	5799
8085	6378	10	132	59	0	6579
8086	6636	9	74	48	0	6767
8087	6643	9	49	33	0	6734
8088	6681	15	27	29	0	6752
8089	6684	10	16	32	0	6742
8090	204	6249	18	28	0	6499
8091	115	104	9	5897	0	6125
8092	81	5858	28	111	0	6078
8093	5535	96	14	45	0	5690
8094	5465	46	9	38	0	5558
8095	5426	39	2	23	0	5490
8096	5557	16	3	24	0	5600
8097	150	5178	18	22	0	5368
8098	5122	77	3	18	0	5220
8099	119	4852	11	20	0	5002
8100	49	102	12	5067	0	5230
8101	5093	47	8	95	0	5243
8102	99	35	4886	54	0	5074
8103	60	16	71	4911	0	5058
8104	54	13	34	5090	0	5191
8105	39	15	4954	123	0	5131
8106	22	4720	88	83	0	4913
8107	5030	89	39	53	0	5211
8108	5013	45	31	37	0	5126
8109	115	4822	13	45	0	4995
8110	83	83	8	4973	0	5147
8111	59	54	4855	90	0	5058
8112	27	4662	89	56	0	4834
8113	4871	90	35	47	0	5043
8114	98	49	4841	36	0	5024
8115	3678	48	77	34	0	3837
8116	4200	20	37	24	0	4281
8117	140	18	4163	34	0	4355
8118	91	3913	91	26	0	4121
8119	57	91	36	4190	0	4374
8120	37	53	4108	93	0	4291
8121	3948	36	87	61	0	4132
8122	4183	18	39	56	0	4296
8123	127	4279	39	38	0	4483
8124	89	82	17	4439	0	4627
8125	56	57	7	5599	0	5719
8126	47	48	5363	116	0	5574
8127	29	5111	83	95	0	5318
8128	5524	90	36	56	0	5706
8129	5485	49	35	23	0	5592
8130	5521	50	12	17	0	5600
8131	170	33	5339	11	0	5553
8132	5196	27	80	24	0	5327
8133	5507	15	42	30	0	5594
8134	144	10	38	5447	0	5639
8135	88	25	5364	89	0	5566
8136	70	19	82	5379	0	5550
8137	55	23	5928	108	0	6114
8138	44	18	106	5784	0	5952
8139	51	5680	59	107	0	5897
8140	7	4868	20	23	0	4918
8141	16	40	8	5151	0	5215
8142	12	24	7	5043	0	5086
8143	5069	12	4	54	0	5139
8144	35	8	4949	24	0	5016
8145	4736	6	31	18	0	4791
8146	43	4713	35	9	0	4800
8147	5156	31	10	8	0	5205
8148	5114	21	8	8	0	5151
8149	55	19	2	5017	0	5093
8150	39	17	5975	41	0	6072
8151	23	6	30	5986	0	6045
8152	16	5719	31	45	0	5811
8153	11	33	11	6187	0	6242
8154	15	20	14	6187	0	6236
8155	6593	13	2	49	0	6657
8156	52	3	2	5666	0	5723
8157	29	5263	24	42	0	5358
8158	19	33	5	5716	0	5773
8159	5705	20	6	39	0	5770
8160	31	5811	25	29	0	5896
8161	23	38	3	6207	0	6271
8162	26	20	2	5741	0	5789
8163	16	11	7	5959	0	5993
8164	11	10	3	5186	0	5210
8165	6099	3	4	91	0	6197
8166	124	12	9	6110	0	6255
8167	30	14	4	6199	0	6247
8168	33	5	2	6532	0	6572
8169	20	6116	19	200	0	6355
8170	6393	154	7	63	0	6617
8171	173	36	6262	42	0	6513
8172	42	6047	158	32	0	6279
8173	6381	165	32	21	0	6599
8174	190	40	6310	25	0	6565
8175	46	6009	184	15	0	6254
8176	40	176	35	6158	0	6409
8177	28	6176	42	157	0	6403
8178	10	149	5816	15	0	5990
8179	16	41	5796	12	0	5865
8180	5	5502	159	13	0	5679
8181	5960	141	34	9	0	6144
8182	5990	33	19	8	0	6050
8183	159	24	5796	3	0	5982
8184	37	29	5708	3	0	5777
8185	22	18	5841	4	0	5885
8186	16	11	179	5624	0	5830
8187	10	6	52	5784	0	5852
8188	14	9	26	6019	0	6068
8189	7	5	6267	190	0	6469
8190	4	12	151	6092	0	6259
8191	8	4	40	6467	0	6519
8192	9	9	6227	193	0	6438
8193	5603	11	143	59	0	5816
8194	151	11	35	6275	0	6472
8195	39	11	19	6230	0	6299
8196	25	6014	40	172	0	6251
8197	6297	149	35	53	0	6534
8198	161	45	6094	30	0	6330
8199	6155	21	152	21	0	6349
8200	172	20	36	6283	0	6511
8201	45	20	6219	183	0	6467
8202	25	21	176	6235	0	6457
8203	6303	20	51	174	0	6548
8204	169	16	6650	54	0	6889
8205	6553	14	172	35	0	6774
8206	6835	19	48	32	0	6934
8207	6884	7	40	29	0	6960
8208	193	6393	48	27	0	6661
8209	68	161	23	6787	0	7039
8210	6780	29	33	170	0	7012
8211	6814	24	42	43	0	6923
8212	6905	14	32	37	0	6988
8213	213	16	6492	46	0	6767
8214	6579	19	160	36	0	6794
8215	184	12	49	6791	0	7036
8216	69	12	6646	186	0	6913
8217	41	11	177	6584	0	6813
8218	41	9	51	6880	0	6981
8219	33	16	6627	212	0	6888
8220	36	9	167	6615	0	6827
8221	31	23	45	7109	0	7208
8222	34	16	9457	241	0	9748
8223	10374	13	361	88	0	10836
8224	12048	11	167	59	0	12285
8225	599	5	131	11673	0	12408
8226	293	26	11206	528	0	12053
8227	252	12	553	11232	0	12049
8228	228	11194	218	636	0	12276
8229	204	490	170	11429	0	12293
8230	140	156	140	12240	0	12676
8231	11707	121	150	861	0	12839
8232	11579	106	126	463	0	12274
8233	12023	121	79	386	0	12609
8234	815	104	50	11609	0	12578
8235	412	65	62	12369	0	12908
8236	410	82	10794	871	0	12157
8237	364	875	458	9915	0	11612
8238	293	10746	191	799	0	12029
8239	11102	503	160	447	0	12212
8240	650	12157	150	417	0	13374
8241	12499	622	154	310	0	13585
8242	721	302	130	11696	0	12849
8243	339	12063	101	664	0	13167
8244	12375	704	81	300	0	13460
8245	12556	336	66	243	0	13201
8246	856	265	60	12151	0	13332
8247	471	12181	56	692	0	13400
8248	387	680	39	12582	0	13688
8249	364	316	11675	763	0	13118
8250	11103	214	494	394	0	12205
8251	741	11124	190	354	0	12409
8252	11475	657	146	305	0	12583
8253	760	311	150	11501	0	12722
8254	12445	212	165	765	0	13587
8255	966	201	11398	346	0	12911
8256	11891	192	663	288	0	13034
8257	12499	154	260	241	0	13154
8258	1177	123	11348	275	0	12923
8259	690	108	733	11492	0	13023
8260	594	93	352	11883	0	12922
8261	11187	105	301	1044	0	12637
8262	925	10933	276	552	0	12686
8263	448	660	584	10928	0	12620
8264	405	314	10736	964	0	12419
8265	376	206	9797	572	0	10951
8266	381	9791	651	484	0	11307
8267	378	680	9890	370	0	11318
8268	9631	267	690	366	0	10954
8269	724	190	423	9621	0	10958
8270	9839	187	390	768	0	11184
8271	735	234	9450	391	0	10810
8272	391	205	741	9540	0	10877
8273	378	172	359	10123	0	11032
8274	377	212	9426	822	0	10837
8275	406	165	636	10025	0	11232
8276	9721	198	326	874	0	11119
8277	10194	114	284	518	0	11110
8278	866	118	207	10002	0	11193
8279	9915	150	232	869	0	11166
8280	10201	99	194	528	0	11022
8281	1042	9412	141	493	0	11088
8282	665	578	161	9929	0	11333
8283	9450	267	138	797	0	10652
8284	910	220	131	9510	0	10771
8285	9151	213	170	823	0	10357
8286	970	236	98	9262	0	10566
8287	557	279	9486	896	0	11218
8288	583	9890	578	558	0	11609
8289	548	624	285	7749	0	9206
8290	568	9647	240	724	0	11179
8291	9507	693	298	457	0	10955
8292	856	9503	270	434	0	11063
8293	479	10004	236	406	0	11125
8294	396	895	222	9935	0	11448
8295	9784	526	163	891	0	11364
8296	818	448	128	10087	0	11481
8297	9932	397	130	937	0	11396
8298	9912	423	160	491	0	10986
8299	924	9623	173	522	0	11242
8300	9997	727	250	389	0	11363
8301	10429	364	217	335	0	11345
8302	10603	337	178	348	0	11466
8303	1316	241	9200	279	0	11036
8304	844	228	594	9167	0	10833
8305	695	218	255	9838	0	11006
8306	608	197	8818	927	0	10550
8307	9341	139	735	546	0	10761
8308	9808	135	400	545	0	10888
8309	9905	137	343	528	0	10913
8310	9776	114	277	466	0	10633
8311	1165	9049	263	456	0	10933
8312	9815	587	184	314	0	10900
8313	1303	257	140	9350	0	11050
8314	842	282	8373	790	0	10287
8315	9407	213	519	377	0	10516
8316	1122	9152	245	360	0	10879
8317	9813	762	198	356	0	11129
8318	1051	9529	207	416	0	11203
8319	699	9675	219	357	0	10950
8320	568	9576	206	366	0	10716
8321	547	9977	187	293	0	11004
8322	799	502	5873	157	0	7331
8323	170	192	293	5307	0	5962
8324	98	126	4128	301	0	4653
8325	3352	55	148	69	0	3624
8326	170	3369	54	61	0	3654
8327	72	3590	37	47	0	3746
8328	68	205	16	3492	0	3781
8329	55	94	31	3619	0	3799
8330	54	81	3401	200	0	3736
8331	59	53	3433	101	0	3646
8332	63	36	190	3473	0	3762
8333	72	27	3407	186	0	3692
8334	72	3313	173	69	0	3627
8335	75	172	67	3422	0	3736
8336	83	60	46	3605	0	3794
8337	80	39	3381	222	0	3722
8338	75	27	152	3471	0	3725
8339	3353	17	72	212	0	3654
8340	177	18	51	2442	0	2688
8341	75	19	34	2590	0	2718
8342	81	17	2309	219	0	2626
8343	2336	15	150	99	0	2600
8344	253	2292	37	56	0	2638
8345	127	163	33	2387	0	2710
8346	104	64	2287	188	0	2643
8347	87	50	139	2419	0	2695
8348	2441	40	46	193	0	2720
8349	206	52	2263	83	0	2604
8350	77	393	151	2049	0	2670
8351	79	65	2304	146	0	2594
8352	56	2301	174	73	0	2604
8353	60	206	2306	54	0	2626
8354	10	1481	50	17	0	1558
8355	11	72	1453	15	0	1551
8356	12	36	78	1398	0	1524
8357	14	1521	46	53	0	1634
8358	1537	76	24	41	0	1678
8359	62	59	13	1543	0	1677
8360	1582	36	15	56	0	1689
8361	75	43	7	1533	0	1658
8362	31	44	6	1604	0	1685
8363	1549	25	9	101	0	1684
8364	1944	9	18	60	0	2031
8365	91	10	17	1911	0	2029
8366	58	11	1837	83	0	1989
8367	58	1788	61	32	0	1939
8368	41	79	1772	21	0	1913
8369	37	1840	59	25	0	1961
8370	1905	54	34	25	0	2018
8371	90	28	1851	22	0	1991
8372	45	18	1871	23	0	1957
8373	27	12	89	1834	0	1962
8374	1879	6	34	105	0	2024
8375	73	12	2140	51	0	2276
8376	53	2040	86	22	0	2201
8377	2239	52	27	22	0	2340
8378	2244	35	15	14	0	2308
8379	2272	18	14	20	0	2324
8380	2249	30	18	18	0	2315
8381	2266	25	14	20	0	2325
8382	105	13	2102	36	0	2256
8383	47	5	84	2102	0	2238
8384	43	2101	47	58	0	2249
8385	2158	74	21	25	0	2278
8386	74	2172	24	18	0	2288
8387	1192	1	0	1	0	1194
8388	1182	0	0	2	0	1184
8389	2	1121	4	0	0	1127
8390	1198	2	0	1	0	1201
8391	1	2	0	1167	0	1170
8392	2	0	0	1167	0	1169
8393	2	1	1164	0	0	1167
8394	1	1083	3	2	0	1089
8395	1	0	0	1181	0	1182
8396	0	0	0	1180	0	1180
8397	0	0	1	1184	0	1185
8398	1	3	1155	5	0	1164
8399	1071	1	0	1	0	1073
8400	0	0	0	1182	0	1182
8401	1189	0	0	1	0	1190
8402	0	0	1	1171	0	1172
8403	2	0	1167	0	0	1169
8404	2	4	1707	3	0	1716
8405	1686	1	2	1	0	1690
8406	1830	0	0	1	0	1831
8407	0	1651	8	3	0	1662
8408	1	1	1795	0	0	1797
8409	3	1	1	1738	0	1743
8410	2	2	1	1653	0	1658
8411	1839	1	0	1	0	1841
8412	1787	3	3	1	0	1794
8413	1797	0	1	0	0	1798
8414	2	2	1751	2	0	1757
8415	1728	2	0	1	0	1731
8416	2	0	0	1797	0	1799
8417	2	1	0	1315	0	1318
8418	1	0	1	1338	0	1340
8419	1	1255	5	1	0	1262
8420	1342	0	1	1	0	1344
8421	0	0	0	1333	0	1333
8422	2	1	1323	1	0	1327
8423	0	0	0	1311	0	1311
8424	0	1258	7	1	0	1266
8425	1352	0	1	0	0	1353
8426	0	1	0	1318	0	1319
8427	0	0	1	1320	0	1321
8428	3	0	1330	1	0	1334
8429	0	2	0	1594	0	1596
8430	1	1563	8	9	0	1581
8431	3	10	0	1654	0	1667
8432	2	3	1621	12	0	1638
8433	1472	3	11	4	0	1490
8434	1592	2	1	3	0	1598
8435	9	1553	8	4	0	1574
8436	1648	9	1	2	0	1660
8437	1643	3	1	1	0	1648
8438	11	1583	5	2	0	1601
8439	3	13	1	1629	0	1646
8440	1643	2	0	7	0	1652
8441	11	1565	6	2	0	1584
8442	4	12	1576	2	0	1594
8443	1573	4	6	3	0	1586
8444	1616	1	2	1	0	1620
8445	1618	2	4	1	0	1625
8446	1632	1	3	2	0	1638
8447	14	1538	2	3	0	1557
8448	1657	12	1	0	0	1670
8449	1638	2	2	2	0	1644
8450	2192	2	2	2	0	2198
8451	62	6	1	2156	0	2225
8452	2207	0	0	61	0	2268
8453	62	2072	14	24	0	2172
8454	29	59	2103	7	0	2198
8455	10	21	50	2134	0	2215
8456	2199	7	22	59	0	2287
8457	61	7	2158	24	0	2250
8458	27	0	52	2166	0	2245
8459	13	12	2135	64	0	2224
8460	5	2053	66	26	0	2150
8461	10	64	21	2184	0	2279
8462	13	31	2657	64	0	2765
8463	9	2624	67	25	0	2725
8464	9	62	24	2518	0	2613
8465	3153	26	10	63	0	3252
8466	3171	8	8	28	0	3215
8467	3211	7	2	12	0	3232
8468	3215	4	4	9	0	3232
8469	3212	3	1	7	0	3223
8470	103	16	2996	3	0	3118
8471	3076	7	51	7	0	3141
8472	3176	2	25	7	0	3210
8473	87	5	12	3387	0	3491
8474	3429	6	7	87	0	3529
8475	3119	3	7	41	0	3170
8476	123	2939	8	18	0	3088
8477	51	81	7	3079	0	3218
8478	26	36	2	3181	0	3245
8479	3102	15	7	125	0	3249
8480	91	2893	13	55	0	3052
8481	40	2995	14	22	0	3071
8482	26	108	6	3094	0	3234
8483	19	45	4	3635	0	3703
8484	13	17	7	3649	0	3686
8485	16	9	2	3739	0	3766
8486	3611	0	8	155	0	3774
8487	3609	7	3	60	0	3679
8488	151	9	3561	29	0	3750
8489	66	7	94	3479	0	3646
8490	29	11	33	3701	0	3774
8491	21	13	3522	140	0	3696
8492	3418	11	100	55	0	3584
8493	113	3455	42	36	0	3646
8494	3692	102	14	26	0	3834
8495	121	38	8	3629	0	3796
8496	59	19	3533	127	0	3738
8497	39	13	94	3588	0	3734
8498	26	18	3502	131	0	3677
8499	26	3452	105	64	0	3647
8500	3556	105	41	44	0	3746
8501	3649	40	21	25	0	3735
8502	141	3481	23	27	0	3672
8503	67	101	16	3596	0	3780
8504	2997	47	8	119	0	3171
8505	129	2905	14	55	0	3103
8506	64	104	15	3014	0	3197
8507	3020	44	13	124	0	3201
8508	121	31	2879	71	0	3102
8509	2816	12	110	33	0	2971
8510	110	2876	44	31	0	3061
8511	3035	109	26	22	0	3192
8512	3066	50	12	27	0	3155
8513	161	31	2908	26	0	3126
8514	83	13	99	2849	0	3044
8515	43	18	40	3035	0	3136
8516	36	24	2892	151	0	3103
8517	33	13	99	2908	0	3053
8518	39	12	44	2991	0	3086
8519	2994	9	22	155	0	3180
8520	3063	17	13	74	0	3167
8521	167	16	15	2972	0	3170
8522	84	18	2875	137	0	3114
8523	55	13	105	2939	0	3112
8524	38	13	43	3082	0	3176
8525	38	21	3800	166	0	4025
8526	33	15	108	3921	0	4077
8527	3926	9	54	155	0	4144
8528	4893	9	29	80	0	5011
8529	144	4260	20	43	0	4467
8530	4533	100	12	29	0	4674
8531	4518	35	18	22	0	4593
8532	138	4279	14	36	0	4467
8533	4545	97	20	33	0	4695
8534	4518	37	12	45	0	4612
8535	4573	17	18	31	0	4639
8536	162	21	4312	27	0	4522
8537	4315	19	96	28	0	4458
8538	136	15	40	4450	0	4641
8539	4544	12	20	125	0	4701
8540	126	19	4333	65	0	4543
8541	71	4175	103	40	0	4389
8542	4499	102	40	23	0	4664
8543	111	4282	45	26	0	4464
8544	75	108	8	4384	0	4575
8545	43	45	15	5047	0	5150
8546	5031	23	11	154	0	5219
8547	5035	15	23	65	0	5138
8548	180	24	4828	34	0	5066
8549	87	26	4628	27	0	4768
8550	28	11	4214	20	0	4273
8551	17	8	82	4169	0	4276
8552	24	16	4277	64	0	4381
8553	28	18	4633	39	0	4718
8554	26	20	69	4620	0	4735
8555	4901	8	32	65	0	5006
8556	4786	9	23	35	0	4853
8557	4772	5	27	22	0	4826
8558	4686	5	31	22	0	4744
8559	85	7	23	4716	0	4831
8560	35	7	24	4779	0	4845
8561	29	6	4681	89	0	4805
8562	22	7	72	4070	0	4171
8563	25	7	33	4134	0	4199
8564	4262	6	14	83	0	4365
8565	4279	4	11	41	0	4335
8566	134	10	13	4253	0	4410
8567	4314	3	12	108	0	4437
8568	4297	6	12	54	0	4369
8569	135	7	19	4227	0	4388
8570	62	5	17	4304	0	4388
8571	30	13	4033	143	0	4219
8572	35	10	4037	64	0	4146
8573	37	4	72	3812	0	3925
8574	34	4	26	3979	0	4043
8575	31	8	3801	95	0	3935
8576	3785	3	67	36	0	3891
8577	3879	5	244	29	0	4157
8578	94	15	3953	44	0	4106
8579	46	3844	78	34	0	4002
8580	4640	59	50	18	0	4767
8581	78	20	4995	39	0	5132
8582	529	7	77	4511	0	5124
8583	12	4	34	4727	0	4777
8584	4757	1	20	66	0	4844
8585	4772	3	11	27	0	4813
8586	76	0	16	4651	0	4743
8587	37	8	13	4772	0	4830
8588	4699	6	6	69	0	4780
8589	4618	3	25	22	0	4668
8590	4551	6	22	27	0	4606
8591	73	10	4516	31	0	4630
8592	34	3	60	4537	0	4634
8593	38	3	25	4654	0	4720
8594	4704	0	26	81	0	4811
8595	71	4406	22	57	0	4556
8596	5642	44	10	46	0	5742
8597	154	5452	23	33	0	5662
8598	79	124	12	6694	0	6909
8599	44	29	28	6793	0	6894
8600	35	19	6635	179	0	6868
8601	17	12	124	6596	0	6749
8602	22	19	6612	172	0	6825
8603	15	16	141	6646	0	6818
8604	23	9	39	6752	0	6823
8605	37	6217	40	180	0	6474
8606	37	6521	36	57	0	6651
8607	38	151	12	6649	0	6850
8608	34	38	24	6775	0	6871
8609	28	17	22	6805	0	6872
8610	33	8	15	6790	0	6846
8611	22	7	27	6901	0	6957
8612	26	15	6572	216	0	6829
8613	28	20	138	6481	0	6667
8614	24	17	40	6820	0	6901
8615	27	30	6429	214	0	6700
8616	32	6120	150	105	0	6407
8617	43	131	42	6688	0	6904
8618	54	42	6397	176	0	6669
8619	29	6053	155	89	0	6326
8620	23	124	51	6615	0	6813
8621	6611	32	39	183	0	6865
8622	148	16	28	6605	0	6797
8623	54	17	35	6635	0	6741
8624	38	28	31	6764	0	6861
8625	34	28	18	5877	0	5957
8626	40	5394	38	227	0	5699
8627	38	142	30	5857	0	6067
8628	5452	47	28	205	0	5732
8629	154	23	20	5466	0	5663
8630	67	20	26	5527	0	5640
8631	46	7	19	5663	0	5735
8632	5404	14	23	235	0	5676
8633	5420	20	20	129	0	5589
8634	173	19	25	5516	0	5733
8635	5395	22	19	206	0	5642
8636	5421	19	11	126	0	5577
8637	181	5258	25	103	0	5567
8638	5323	144	17	89	0	5573
8639	164	5101	39	90	0	5394
8640	60	5287	34	85	0	5466
8641	57	145	34	6945	0	7181
8642	33	51	6694	208	0	6986
8643	44	27	138	6638	0	6847
8644	57	28	47	6933	0	7065
8645	14	6073	43	164	0	6294
8646	6338	134	8	75	0	6555
8647	133	39	13	6337	0	6522
8648	50	39	6426	158	0	6673
8649	23	32	109	6480	0	6644
8650	21	6344	38	172	0	6575
8651	6662	123	18	77	0	6880
8652	120	30	8	6684	0	6842
8653	44	27	6014	175	0	6260
8654	20	28	114	6052	0	6214
8655	34	5809	44	168	0	6055
8656	17	139	9	6289	0	6454
8657	6970	33	16	193	0	7212
8658	6967	27	18	89	0	7101
8659	6978	35	17	62	0	7092
8660	189	6689	27	61	0	6966
8661	7437	148	28	62	0	7675
8662	191	45	18	7432	0	7686
8663	7766	21	30	221	0	8038
8664	229	7619	23	89	0	7960
8665	47	193	4	7301	0	7545
8666	22	60	6981	216	0	7279
8667	6610	26	155	77	0	6868
8668	172	7281	47	58	0	7558
8669	37	194	14	7620	0	7865
8670	23	43	13	7800	0	7879
8671	19	19	13	7673	0	7724
8672	22	23	14	7515	0	7574
8673	14	7203	33	230	0	7480
8674	7625	180	18	85	0	7908
8675	7692	42	18	39	0	7791
8676	231	44	9814	43	0	10132
8677	48	34	164	9618	0	9864
8678	37	29	9693	214	0	9973
8679	10476	14	177	78	0	10745
8680	10563	26	49	37	0	10675
8681	10094	7	11	50	0	10162
8682	293	25	12	9699	0	10029
8683	101	9346	28	254	0	9729
8684	10175	229	6	83	0	10493
8685	280	58	14	10141	0	10493
8686	10210	27	26	303	0	10566
8687	301	63	9705	96	0	10165
8688	104	37	9665	67	0	9873
8689	10002	13	258	63	0	10336
8690	295	14	75	10068	0	10452
8691	10151	16	47	284	0	10498
8692	287	9545	55	96	0	9983
8693	10132	258	19	50	0	10459
8694	10240	62	13	61	0	10376
8695	362	56	9763	41	0	10222
8696	70	45	8234	9	0	8358
8697	58	8158	220	20	0	8456
8698	36	167	60	7964	0	8227
8699	7970	41	37	172	0	8220
8700	181	31	22	7814	0	8048
8701	46	25	17	8070	0	8158
8702	45	12	7637	234	0	7928
8703	7535	12	156	77	0	7780
8704	186	8	39	7995	0	8228
8705	53	20	7744	199	0	8016
8706	49	33	7581	51	0	7714
8707	42	9	191	7741	0	7983
8708	27	16	7699	191	0	7933
8709	34	26	7680	54	0	7794
8710	29	11	222	7251	0	7513
8711	30	19	8773	196	0	9018
8712	29	18	195	8511	0	8753
8713	26	8144	89	200	0	8459
8714	8736	167	40	73	0	9016
8715	180	8394	49	45	0	8668
8716	62	206	18	8666	0	8952
8717	48	8484	28	182	0	8742
8718	49	206	8350	54	0	8659
8719	34	70	173	9417	0	9694
8720	30	52	9840	271	0	10193
8721	9609	33	265	95	0	10002
8722	260	9711	123	63	0	10157
8723	10225	250	59	46	0	10580
8724	297	92	52	10024	0	10465
8725	10137	50	27	276	0	10490
8726	326	76	9659	89	0	10150
8727	135	9519	272	71	0	9997
8728	9765	257	89	46	0	10157
8729	303	92	54	9285	0	9734
8730	111	9304	65	251	0	9731
8731	81	279	41	10664	0	11065
8732	11013	88	25	319	0	11445
8733	325	12060	45	146	0	12576
8734	12548	391	28	79	0	13046
8735	433	138	11758	63	0	12392
8736	12115	61	367	53	0	12596
8737	458	49	107	12214	0	12828
8738	12166	32	74	404	0	12676
8739	433	11907	84	117	0	12541
8740	153	375	60	12252	0	12840
8741	114	109	33	11510	0	11766
8742	83	97	11190	502	0	11872
8743	77	48	382	11533	0	12040
8744	47	54	115	12040	0	12256
8745	71	38	77	13186	0	13372
8746	83	33	62	13465	0	13643
8747	104	69	12259	684	0	13116
8748	82	12082	484	269	0	12917
8749	97	485	140	12786	0	13508
8750	12556	131	100	592	0	13379
8751	12764	91	80	183	0	13118
8752	611	12426	70	171	0	13278
8753	12841	513	58	141	0	13553
8754	13040	142	61	110	0	13353
8755	12953	91	76	119	0	13239
8756	653	12436	90	130	0	13309
8757	12060	491	64	106	0	12721
8758	599	133	70	11864	0	12666
8759	227	123	11228	570	0	12148
8760	136	11352	461	232	0	12181
8761	129	457	134	11566	0	12286
8762	111	183	10890	553	0	11737
8763	10598	119	437	182	0	11336
8764	449	88	136	10977	0	11650
8765	180	76	91	11318	0	11665
8766	157	59	66	11405	0	11687
8767	141	76	45	11511	0	11773
8768	127	77	10064	622	0	10890
8769	9774	56	384	273	0	10487
8770	466	10174	153	205	0	10998
8771	10528	427	81	145	0	11181
8772	510	10369	89	148	0	11116
8773	10681	474	92	117	0	11364
8774	520	158	74	10534	0	11286
8775	185	154	10010	524	0	10873
8776	153	101	8163	204	0	8621
8777	123	85	509	7328	0	8045
8778	129	78	176	7583	0	7966
8779	93	46	96	7755	0	7990
8780	7365	49	57	552	0	8023
8781	409	79	6936	253	0	7677
8782	158	6937	344	197	0	7636
8783	154	8187	124	128	0	8593
8784	7812	424	72	130	0	8438
8785	449	168	7540	94	0	8251
8786	183	7590	356	97	0	8226
8787	158	411	7619	108	0	8296
8788	145	128	365	7831	0	8469
8789	128	127	7684	428	0	8367
8790	106	114	7873	187	0	8280
8791	91	73	430	7893	0	8487
8792	95	66	7671	476	0	8308
8793	80	74	7806	245	0	8205
8794	94	55	426	7895	0	8470
8795	7847	66	170	469	0	8552
8796	399	71	7530	226	0	8226
8797	142	93	381	7738	0	8354
8798	127	102	148	8142	0	8519
8799	7840	93	98	499	0	8530
8800	416	84	113	7964	0	8577
8801	7835	86	104	462	0	8487
8802	425	7616	90	234	0	8365
8803	179	363	112	7870	0	8524
8804	7826	120	119	447	0	8512
8805	8078	85	107	232	0	8502
8806	492	65	105	8524	0	9186
8807	188	104	8135	463	0	8890
8808	8065	67	372	237	0	8741
8809	403	8217	143	223	0	8986
8810	8399	346	139	161	0	9045
8811	7660	119	112	173	0	8064
8812	7707	100	106	167	0	8080
8813	514	98	7131	149	0	7892
8814	228	7191	359	187	0	7965
8815	190	349	148	7313	0	8000
8816	155	144	92	7757	0	8148
8817	128	123	7123	523	0	7897
8818	141	7166	385	237	0	7929
8819	98	6211	112	127	0	6548
8820	103	6008	76	111	0	6298
8821	6330	308	63	104	0	6805
8822	311	74	80	6296	0	6761
8823	104	85	64	6619	0	6872
8824	114	85	6241	322	0	6762
8825	6327	62	260	124	0	6773
8826	316	41	91	6538	0	6986
8827	136	38	77	6718	0	6969
8828	95	58	6237	351	0	6741
8829	85	6235	261	153	0	6734
8830	61	280	80	6533	0	6954
8831	67	70	5462	320	0	5919
8832	30	4647	155	82	0	4914
8833	3752	121	30	51	0	3954
8834	139	28	3668	31	0	3866
8835	31	33	117	3554	0	3735
8836	36	3606	38	121	0	3801
8837	3772	139	21	41	0	3973
8838	149	32	14	3757	0	3952
8839	4172	22	24	144	0	4362
8840	4175	18	26	40	0	4259
8841	144	3916	38	41	0	4139
8842	4156	136	26	26	0	4344
8843	4218	27	26	41	0	4312
8844	148	34	4061	48	0	4291
8845	2749	1	3	0	0	2753
8846	5	3	2779	0	0	2787
8847	2779	0	2	1	0	2782
8848	2848	0	0	2	0	2850
8849	4	1	2760	0	0	2765
8850	0	0	2	2682	0	2684
8851	2	1	2722	2	0	2727
8852	2	10	2542	0	0	2554
8853	10	4	3552	0	0	3566
8854	0	2	2	3450	0	3454
8855	1	3	0	3720	0	3724
8856	1	0	1	3735	0	3737
8857	2	5	1	4070	0	4078
8858	2	7	4056	21	0	4086
8859	3	1	20	4852	0	4876
8860	1	4867	13	54	0	4935
8861	6	58	6500	17	0	6581
8862	0	23	100	6445	0	6568
8863	5	41	6511	103	0	6660
8864	5	6270	133	68	0	6476
8865	1	6514	82	29	0	6626
8866	0	159	24	6760	0	6943
8867	5	95	6584	110	0	6794
8868	4	44	6516	61	0	6625
8869	2	13	162	6584	0	6761
8870	6	4	78	6541	0	6629
8871	1	3	32	6849	0	6885
8872	10	34	6340	180	0	6564
8873	3	6318	120	97	0	6538
8874	2	6720	69	40	0	6831
8875	4	158	32	6838	0	7032
8876	3	92	6703	110	0	6908
8877	14	54	6398	71	0	6537
8878	0	6556	172	36	0	6764
8879	6697	110	81	15	0	6903
8880	95	6455	62	13	0	6625
8881	54	120	6611	9	0	6794
8882	6660	67	112	15	0	6854
8883	112	25	69	6226	0	6432
8884	6209	11	35	120	0	6375
8885	129	7	17	6212	0	6365
8886	67	17	12	6326	0	6422
8887	6164	10	10	191	0	6375
8888	112	6024	28	105	0	6269
8889	74	129	5751	40	0	5994
8890	25	6121	115	18	0	6279
8891	6114	133	67	17	0	6331
8892	111	6130	44	12	0	6297
8893	6241	136	21	19	0	6417
8894	6172	80	12	18	0	6282
8895	173	6062	25	19	0	6279
8896	83	129	13	6223	0	6448
8897	6177	70	17	130	0	6394
8898	6258	44	13	81	0	6396
8899	178	24	19	6185	0	6406
8900	89	33	5955	139	0	6216
8901	46	25	5994	80	0	6145
8902	20	20	175	6118	0	6333
8903	22	28	5971	130	0	6151
8904	5810	26	146	86	0	6068
8905	119	5800	98	46	0	6063
8906	82	122	42	5475	0	5721
8907	41	87	18	5607	0	5753
8908	20	44	22	5611	0	5697
8909	28	27	26	5593	0	5674
8910	13	26	16	5724	0	5779
8911	13	26	5250	230	0	5519
8912	18	5263	134	118	0	5533
8913	5505	125	76	56	0	5762
8914	120	87	41	5510	0	5758
8915	82	47	48	5544	0	5721
8916	44	22	39	5618	0	5723
8917	14	6243	33	231	0	6521
8918	28	130	24	6473	0	6655
8919	17	96	25	6593	0	6731
8920	6257	47	36	242	0	6582
8921	140	5729	42	148	0	6059
8922	78	5954	40	82	0	6154
8923	40	207	35	6082	0	6364
8924	5892	121	34	192	0	6239
8925	153	82	7030	127	0	7392
8926	6938	57	155	76	0	7226
8927	188	56	8420	78	0	8742
8928	110	42	181	8528	0	8861
8929	61	46	105	8859	0	9071
8930	44	43	63	8971	0	9121
8931	38	40	57	8880	0	9015
8932	47	47	36	9038	0	9168
8933	8804	41	49	303	0	9197
8934	164	77	8481	169	0	8891
8935	97	51	157	8805	0	9110
8936	60	57	8565	219	0	8901
8937	47	8338	200	145	0	8730
8938	8704	153	106	103	0	9066
8939	171	120	8326	81	0	8698
8940	117	68	152	8968	0	9305
8941	83	42	95	9060	0	9280
8942	61	41	8556	249	0	8907
8943	45	70	8443	177	0	8735
8944	41	41	218	8477	0	8777
8945	8716	42	132	206	0	9096
8946	8691	32	80	144	0	8947
8947	225	8410	76	104	0	8815
8948	8812	163	60	65	0	9100
8949	209	112	37	8609	0	8967
8950	119	8357	62	196	0	8734
8951	84	167	50	8834	0	9135
8952	89	99	9188	243	0	9619
8953	68	70	140	8489	0	8767
8954	68	41	90	8829	0	9028
8955	8664	40	56	293	0	9053
8956	163	8419	59	191	0	8832
8957	8178	139	30	130	0	8477
8958	175	8066	49	86	0	8376
8959	6837	122	51	53	0	7063
8960	136	6993	24	67	0	7220
8961	22	5339	13	28	0	5402
8962	5622	34	9	12	0	5677
8963	36	26	6	5449	0	5517
8964	19	5324	18	32	0	5393
8965	5584	28	10	15	0	5637
8966	5416	26	5	20	0	5467
8967	5508	24	2	20	0	5554
8968	5526	15	7	16	0	5564
8969	41	5248	12	22	0	5323
8970	33	33	2	5556	0	5624
8971	31	13	5	5567	0	5616
8972	5621	19	7	30	0	5677
8973	43	14	2	5516	0	5575
8974	5454	14	10	36	0	5514
8975	42	15	5216	26	0	5299
8976	4896	16	19	39	0	4970
8977	40	13	5270	37	0	5360
8978	24	18	26	5276	0	5344
8979	5422	17	12	37	0	5488
8980	46	5056	28	35	0	5165
8981	5362	33	14	22	0	5431
8982	48	5047	23	22	0	5140
8983	36	29	15	5337	0	5417
8984	28	29	5154	31	0	5242
8985	4623	19	29	31	0	4702
8986	37	5012	25	32	0	5106
8987	27	35	6	5268	0	5336
8988	27	25	3	5240	0	5295
8989	21	17	9	5223	0	5270
8990	25	15	5129	51	0	5220
8991	22	4821	39	48	0	4930
8992	5250	29	20	30	0	5329
8993	5193	15	16	31	0	5255
8994	37	5026	16	30	0	5109
8995	5956	25	11	29	0	6021
8996	41	20	12	5859	0	5932
8997	30	5556	24	39	0	5649
8998	5891	27	19	28	0	5965
8999	39	30	5526	27	0	5622
9000	29	5241	43	23	0	5336
9001	27	29	20	5810	0	5886
9002	25	19	14	5897	0	5955
9003	27	30	5695	42	0	5794
9004	31	15	30	5468	0	5544
9005	32	32	5716	33	0	5813
9006	20	19	30	5664	0	5733
9007	15	20	19	5787	0	5841
9008	13	21	8	5759	0	5801
9009	13	12	17	5733	0	5775
9010	10	12	5543	58	0	5623
9011	15	33	6240	49	0	6337
9012	23	6610	107	55	0	6795
9013	14	100	44	7312	0	7470
9014	30	73	6971	122	0	7196
9015	19	6576	146	84	0	6825
9016	24	107	58	7336	0	7525
9017	5	45	6689	84	0	6823
9018	6111	17	126	45	0	6299
9019	6918	5	37	10	0	6970
9020	159	4	11	6781	0	6955
9021	48	15	7417	131	0	7611
9022	17	13	121	7343	0	7494
9023	7584	4	40	137	0	7765
9024	128	8176	50	53	0	8407
9025	7660	121	12	15	0	7808
9026	7681	39	7	16	0	7743
9027	180	11	8	6221	0	6420
9028	48	9	8	6371	0	6436
9029	26	4	9	6443	0	6482
9030	17	11	6	6382	0	6416
9031	18	8	2	6450	0	6478
9032	6284	6	5	182	0	6477
9033	6312	4	8	65	0	6389
9034	6368	6	10	37	0	6421
9035	176	16	6000	36	0	6228
9036	6083	11	132	27	0	6253
9037	146	24	35	6267	0	6472
9038	64	24	5942	166	0	6196
9039	25	5860	153	66	0	6104
9040	34	128	49	5567	0	5778
9041	29	41	26	5627	0	5723
9042	36	5409	36	164	0	5645
9043	40	130	17	5676	0	5863
9044	37	45	5396	163	0	5641
9045	22	30	5402	87	0	5541
9046	15	15	171	5643	0	5844
9047	5618	12	53	175	0	5858
9048	5610	18	25	72	0	5725
9049	200	33	5347	52	0	5632
9050	83	5193	141	42	0	5459
9051	53	5507	62	42	0	5664
9052	4821	161	23	61	0	5066
9053	154	58	5478	64	0	5754
9054	66	26	130	5585	0	5807
9055	5640	17	47	178	0	5882
9056	176	5350	31	91	0	5648
9057	86	5513	32	42	0	5673
9058	5652	162	15	36	0	5865
9059	183	49	20	5648	0	5900
9060	7477	21	24	173	0	7695
9061	266	17	25	8780	0	9088
9062	129	14	18	9110	0	9271
9063	68	48	8435	384	0	8935
9064	53	34	252	8770	0	9109
9065	45	20	108	9128	0	9301
9066	8780	17	54	423	0	9274
9067	277	26	33	9016	0	9352
9068	118	35	8412	363	0	8928
9069	8614	19	264	193	0	9090
9070	292	10	128	8929	0	9359
9071	8845	14	61	335	0	9255
9072	327	8131	62	178	0	8698
9073	172	8644	44	108	0	8968
9074	8803	317	48	71	0	9239
9075	8899	159	42	57	0	9157
9076	397	85	22	8839	0	9343
9077	208	53	8397	311	0	8969
9078	111	39	275	8928	0	9353
9079	8680	43	122	352	0	9197
9080	328	8521	74	190	0	9113
9081	177	272	36	8853	0	9338
9082	8904	149	39	346	0	9438
9083	325	82	8516	204	0	9127
9084	8741	44	271	150	0	9206
9085	8960	33	130	125	0	9248
9086	430	45	9664	124	0	10263
9087	219	41	9616	116	0	9992
9088	133	31	393	9526	0	10083
9089	112	28	184	9594	0	9918
9090	105	9650	86	406	0	10247
9091	103	277	59	10685	0	11124
9092	99	159	10208	420	0	10886
9093	91	75	347	10417	0	10930
9094	111	40	144	10869	0	11164
9095	101	52	9451	521	0	10125
9096	84	10044	351	290	0	10769
9097	72	349	162	10410	0	10993
9098	67	171	108	10826	0	11172
9099	10523	82	54	536	0	11195
9100	404	58	40	10712	0	11214
9101	199	72	10526	504	0	11301
9102	10810	45	367	248	0	11470
9103	11325	44	168	190	0	11727
9104	11483	40	108	135	0	11766
9105	586	69	10559	128	0	11342
9106	266	45	372	10801	0	11484
9107	177	21	205	11249	0	11652
9108	125	26	129	11564	0	11844
9109	10874	34	76	614	0	11598
9110	424	10797	101	324	0	11646
9111	170	302	9184	198	0	9854
9112	113	9031	274	156	0	9574
9113	78	9196	165	141	0	9580
9114	102	9377	101	147	0	9727
9115	95	373	72	9409	0	9949
9116	82	205	9297	332	0	9916
9117	8184	95	226	205	0	8710
9118	245	8888	140	161	0	9434
9119	9035	234	91	125	0	9485
9120	283	8927	91	144	0	9445
9121	8473	265	79	125	0	8942
9122	326	9127	68	99	0	9620
9123	199	332	8882	96	0	9509
9124	150	157	274	8085	0	8666
9125	122	109	149	8539	0	8919
9126	8273	46	119	457	0	8895
9127	320	49	87	9418	0	9874
9128	186	79	8855	454	0	9574
9129	152	66	294	9365	0	9877
9130	109	91	8828	456	0	9484
9131	96	8872	390	258	0	9616
9132	134	327	168	8464	0	9093
9133	77	9105	157	336	0	9675
9134	9079	373	105	204	0	9761
9135	339	180	85	9299	0	9903
9136	204	161	8918	379	0	9662
9137	167	112	8855	232	0	9366
9138	8954	90	412	197	0	9653
9139	350	102	220	10226	0	10898
9140	194	105	9948	374	0	10621
9141	158	155	9407	231	0	9951
9142	108	10198	459	175	0	10940
9143	96	354	239	9782	0	10471
9144	93	10297	186	377	0	10953
9145	86	409	126	10714	0	11335
9146	10547	199	123	440	0	11309
9147	345	151	90	10735	0	11321
9148	190	94	83	11043	0	11410
9149	10619	80	111	531	0	11341
9150	382	73	90	10818	0	11363
9151	196	89	127	10523	0	10935
9152	172	10293	106	494	0	11065
9153	9945	355	75	328	0	10703
9154	10183	197	90	225	0	10695
9155	470	147	100	10039	0	10756
9156	248	87	116	10277	0	10728
9157	174	106	90	10226	0	10596
9158	147	9351	102	640	0	10240
9159	136	10056	113	366	0	10671
9160	72	263	67	8222	0	8624
9161	6630	110	51	237	0	7028
9162	6638	88	44	130	0	6900
9163	212	6614	49	129	0	7004
9164	6532	203	57	93	0	6885
9165	228	6495	62	81	0	6866
9166	100	6649	60	102	0	6911
9167	85	242	36	6806	0	7169
9168	6621	120	38	241	0	7020
9169	221	6359	45	126	0	6751
9170	101	6603	48	119	0	6871
9171	86	229	43	6720	0	7078
9172	74	107	41	6902	0	7124
9173	64	128	6405	274	0	6871
9174	6318	65	167	190	0	6740
9175	6719	76	71	139	0	7005
9176	268	64	6384	113	0	6829
9177	150	75	6328	90	0	6643
9178	96	64	220	6494	0	6874
9179	65	63	98	7141	0	7367
9180	67	6868	73	320	0	7328
9181	54	259	37	7283	0	7633
9182	85	128	6769	335	0	7317
9183	88	104	212	7123	0	7527
9184	68	78	100	7338	0	7584
9185	7137	62	84	365	0	7648
9186	246	88	5801	235	0	6370
9187	5909	83	231	169	0	6392
9188	292	94	5818	149	0	6353
9189	144	82	288	5950	0	6464
9190	128	90	5802	321	0	6341
9191	60	87	5226	165	0	5538
9192	63	83	242	5422	0	5810
9193	5312	61	140	283	0	5796
9194	5214	64	129	177	0	5584
9195	245	5214	104	166	0	5729
9196	4782	157	81	103	0	5123
9197	4724	104	79	80	0	4987
9198	247	4593	67	89	0	4996
9199	144	170	57	4735	0	5106
9200	98	91	85	4883	0	5157
9201	63	91	75	4363	0	4592
9202	59	69	64	4450	0	4642
9203	58	67	4004	303	0	4432
9204	3978	42	162	212	0	4394
9205	179	45	90	4265	0	4579
9206	113	53	80	4220	0	4466
9207	99	4078	66	252	0	4495
9208	94	171	33	4326	0	4624
9209	70	87	3910	287	0	4354
9210	3734	82	153	172	0	4141
9211	176	69	3973	177	0	4395
9212	119	54	168	4240	0	4581
9213	4124	51	82	226	0	4483
9214	188	4038	66	186	0	4478
9215	137	130	43	4256	0	4566
9216	101	94	3597	258	0	4050
9217	78	98	129	3862	0	4167
9218	3792	82	63	232	0	4169
9219	192	88	3613	149	0	4042
9220	132	52	3577	172	0	3933
9221	114	3612	195	137	0	4058
9222	2648	108	66	69	0	2891
9223	112	2690	48	75	0	2925
9224	75	137	2597	64	0	2873
9225	63	85	2588	67	0	2803
9226	61	2632	121	81	0	2895
9227	1790	48	28	19	0	1885
9228	51	1753	26	18	0	1848
9229	30	59	12	1764	0	1865
9230	19	35	20	1845	0	1919
9231	21	16	1730	79	0	1846
9232	13	14	50	1752	0	1829
9233	15	8	1727	76	0	1826
9234	1726	10	60	36	0	1832
9235	1817	17	30	26	0	1890
9236	1846	7	20	27	0	1900
9237	78	13	1743	22	0	1856
9238	1739	10	62	24	0	1835
9239	68	13	34	812	0	927
9240	40	826	28	50	0	944
9241	884	46	18	33	0	981
9242	45	23	436	21	0	525
9243	495	13	44	20	0	572
9244	528	10	18	14	0	570
9245	60	7	460	13	0	540
9246	42	454	44	13	0	553
9247	30	31	23	482	0	566
9248	17	16	471	57	0	561
9249	15	20	504	28	0	567
9250	21	9	54	487	0	571
9251	10	7	480	44	0	541
9252	19	10	44	479	0	552
9253	23	6	31	499	0	559
9254	17	9	19	523	0	568
9255	13	10	460	69	0	552
9256	17	8	39	501	0	565
9257	12	6	473	57	0	548
9258	10	9	46	497	0	562
9259	465	1	33	63	0	562
9260	41	8	27	471	0	547
9261	20	454	14	60	0	548
9262	22	36	12	496	0	566
9263	452	20	13	54	0	539
9264	43	469	15	33	0	560
9265	27	40	8	476	0	551
9266	479	16	11	52	0	558
9267	45	17	442	28	0	532
9268	23	14	38	483	0	558
9269	23	6	460	53	0	542
9270	13	11	485	34	0	543
9271	11	6	49	493	0	559
9272	477	2	27	56	0	562
9273	45	8	471	22	0	546
9274	484	12	37	33	0	566
9275	56	6	25	474	0	561
9276	31	11	462	44	0	548
9277	24	11	474	33	0	542
9278	21	8	521	25	0	575
9279	0	0	0	2	0	2
9280	3	0	0	0	0	3
9281	0	4	0	0	0	4
9282	0	0	0	4	0	4
9283	0	0	0	4	0	4
9284	4	0	0	0	0	4
9285	4	0	0	0	0	4
9286	0	4	0	0	0	4
9287	4	0	0	0	0	4
9288	3	0	0	0	0	3
9289	0	0	0	3	0	3
9290	0	0	3	0	0	3
9291	3	0	0	0	0	3
9292	0	0	0	3	0	3
9293	0	0	0	3	0	3
9294	3	0	0	0	0	3
9295	0	0	0	3	0	3
9296	0	0	0	3	0	3
9297	3	0	0	0	0	3
9298	0	3	0	0	0	3
9299	2	0	0	0	0	2
9300	0	0	2	0	0	2
9301	2	0	0	0	0	2
9302	0	0	0	3	0	3
9303	0	3	0	0	0	3
9304	0	0	0	3	0	3
9305	0	0	0	2	0	2
9306	0	0	0	3	0	3
9307	3	0	0	0	0	3
9308	0	3	0	0	0	3
9309	0	3	0	0	0	3
9310	4	0	0	0	0	4
9311	0	0	4	0	0	4
9312	0	0	4	0	0	4
9313	4	0	0	0	0	4
9314	0	0	5	0	0	5
9315	0	0	0	5	0	5
9316	0	0	0	5	0	5
9317	0	0	0	5	0	5
9318	0	0	0	4	0	4
9319	0	5	0	0	0	5
9320	0	0	0	5	0	5
9321	0	0	6	0	0	6
9322	0	0	0	5	0	5
9323	0	0	5	0	0	5
9324	0	0	6	0	0	6
9325	0	0	0	6	0	6
9326	0	0	7	0	0	7
9327	0	0	0	6	0	6
9328	7	0	0	0	0	7
9329	0	0	7	0	0	7
9330	7	0	0	0	0	7
9331	0	0	0	7	0	7
9332	0	0	7	0	0	7
9333	0	7	0	0	0	7
9334	0	0	0	6	0	6
9335	0	0	7	0	0	7
9336	0	0	0	7	0	7
9337	6	0	0	0	0	6
9338	6	0	0	0	0	6
9339	5	0	0	0	0	5
9340	0	0	0	6	0	6
9341	0	0	0	6	0	6
9342	0	0	0	713	0	713
9343	637	0	0	143	0	780
9344	119	698	0	20	0	837
9345	15	142	0	682	0	839
9346	3	20	0	848	0	871
9347	679	3	0	159	0	841
9348	134	683	2	25	0	844
9349	19	135	0	724	0	878
9350	676	21	1	147	0	845
9351	815	3	0	23	0	841
9352	152	3	0	730	0	885
9353	703	0	0	144	0	847
9354	139	2	0	727	0	868
9355	24	1	679	150	0	854
9356	7	5	127	703	0	842
9357	6	4	17	816	0	843
9358	3	2	0	887	0	892
9359	677	1	2	166	0	846
9360	131	720	0	33	0	884
9361	671	147	3	10	0	831
9362	135	705	0	15	0	855
9363	27	848	3	9	0	887
9364	672	165	0	11	0	848
9365	134	736	0	12	0	882
9366	27	146	0	727	0	900
9367	675	24	1	149	0	849
9368	805	10	3	31	0	849
9369	157	5	2	724	0	888
9370	32	4	0	803	0	839
9371	11	720	1	151	0	883
9372	711	146	3	38	0	898
9373	728	28	4	12	0	772
9374	144	671	1	20	0	836
9375	29	807	4	15	0	855
9376	16	166	0	733	0	915
9377	693	33	1	160	0	887
9378	145	15	2	720	0	882
9379	34	13	0	879	0	926
9380	13	13	678	184	0	888
9381	18	11	819	35	0	883
9382	14	12	153	748	0	927
9383	10	15	686	166	0	877
9384	23	701	125	44	0	893
9385	22	153	19	684	0	878
9386	16	28	7	868	0	919
9387	24	14	7	901	0	946
9388	15	24	695	181	0	915
9389	10	16	813	56	0	895
9390	711	11	154	38	0	914
9391	159	737	26	30	0	952
9392	752	162	6	27	0	947
9393	160	33	5	758	0	956
9394	749	22	7	163	0	941
9395	171	13	6	673	0	863
9396	40	732	12	150	0	934
9397	749	164	10	44	0	967
9398	166	33	679	46	0	924
9399	35	728	139	37	0	939
9400	740	154	26	37	0	957
9401	158	31	13	655	0	857
9402	49	697	9	158	0	913
9403	32	166	10	765	0	973
9404	712	56	9	179	0	956
9405	172	21	5	772	0	970
9406	771	30	9	175	0	985
9407	168	31	701	58	0	958
9408	57	31	132	750	0	970
9409	749	30	27	189	0	995
9410	180	21	683	67	0	951
9411	58	729	136	49	0	972
9412	35	172	28	754	0	989
9413	41	37	719	205	0	1002
9414	39	35	847	69	0	990
9415	37	33	166	785	0	1021
9416	37	28	707	209	0	981
9417	47	28	847	57	0	979
9418	30	48	149	784	0	1011
9419	744	36	35	205	0	1020
9420	193	19	14	775	0	1001
9421	70	13	16	930	0	1029
9422	31	26	701	219	0	977
9423	57	13	148	794	0	1012
9424	728	29	51	204	0	1012
9425	169	26	703	75	0	973
9426	45	728	147	74	0	994
9427	28	172	42	775	0	1017
9428	742	44	19	202	0	1007
9429	178	36	25	697	0	936
9430	34	762	32	168	0	996
9431	49	167	706	62	0	984
9432	40	62	143	743	0	988
9433	747	44	43	182	0	1016
9434	188	20	689	70	0	967
9435	51	38	147	780	0	1016
9436	770	14	45	201	0	1030
9437	863	16	22	72	0	973
9438	195	744	24	49	0	1012
9439	758	168	23	49	0	998
9440	169	51	18	789	0	1027
9441	73	37	758	191	0	1059
9442	0	15	0	0	0	15
9443	0	17	0	0	0	17
9444	0	0	0	16	0	16
9445	0	0	0	17	0	17
9446	0	0	16	0	0	16
9447	0	15	0	0	0	15
9448	0	17	0	0	0	17
9449	0	0	1	17	0	18
9450	16	0	0	0	0	16
9451	0	15	0	0	0	15
9452	0	0	0	16	0	16
9453	105	0	0	0	0	105
9454	0	0	0	104	0	104
9455	0	0	0	107	0	107
9456	0	0	0	106	0	106
9457	0	0	0	106	0	106
9458	894	0	0	1	0	895
9459	0	0	0	892	0	892
9460	0	0	868	0	0	868
9461	830	0	0	0	0	830
9462	0	3	826	1	0	830
9463	2	1	1952	1	0	1956
9464	0	3	0	1894	0	1897
9465	0	1	1	2074	0	2076
9466	0	0	0	2118	0	2118
9467	2133	0	0	0	0	2133
9468	3	1	2078	0	0	2082
9469	2038	0	0	0	0	2038
9470	2072	0	0	0	0	2072
9471	0	2	2026	0	0	2028
9472	1874	1	2	0	0	1877
9473	1	2	2026	0	0	2029
9474	0	2337	6	1	0	2344
9475	1	0	1	2544	0	2546
9476	0	1	0	2534	0	2535
9477	0	0	0	2476	0	2476
9478	0	2	0	2459	0	2461
9479	1	2	2533	0	0	2536
9480	1	2	2415	1	0	2419
9481	0	1	1	2459	0	2461
9482	1	2	2552	0	0	2555
9483	2360	1	1	0	0	2362
9484	2551	0	0	1	0	2552
9485	1	0	0	2543	0	2544
9486	2597	1	1	0	0	2599
9487	1	2431	4	3	0	2439
9488	2529	0	4	1	0	2534
9489	2	6	4585	1	0	4594
9490	1	4	0	4142	0	4147
9491	0	4502	9	3	0	4514
9492	4910	0	0	2	0	4912
9493	0	2	0	4830	0	4832
9494	0	1	4864	0	0	4865
9495	0	4	2	4454	0	4460
9496	4765	1	1	0	0	4767
9497	0	3	5053	1	0	5057
9498	3	2	0	4919	0	4924
9499	1	1	0	5050	0	5052
9500	4	5	5065	4	0	5078
9501	1	4782	5	1	0	4789
9502	1	4261	19	5	0	4286
9503	0	0	1	5172	0	5173
9504	0	2	0	5034	0	5036
9505	0	3	0	5027	0	5030
9506	5129	0	1	0	0	5130
9507	4769	1	2	1	0	4773
9508	1	1	2	5049	0	5053
9509	5234	0	0	0	0	5234
9510	1	4848	13	2	0	4864
9511	0	1	1	5145	0	5147
9512	0	2	0	5048	0	5050
9513	0	0	2	5088	0	5090
9514	5206	0	0	1	0	5207
9515	1	4855	9	2	0	4867
9516	0	1	1	5153	0	5155
9517	5210	0	0	0	0	5210
9518	2	0	0	5106	0	5108
9519	0	0	3	4984	0	4987
9520	1	4879	3	2	0	4885
9521	0	4947	4	2	0	4953
9522	0	7	0	5173	0	5180
9523	0	1	0	5135	0	5136
9524	4989	1	1	2	0	4993
9525	0	2	0	5026	0	5028
9526	1	2	5074	1	0	5078
9527	1	2	2	4847	0	4852
9528	1	4775	12	2	0	4790
9529	6695	0	1	4	0	6700
9530	1	0	1	6502	0	6504
9531	2	1	1	6471	0	6475
9532	1	6263	14	1	0	6279
9533	6640	0	0	3	0	6643
9534	1	6342	14	4	0	6361
9535	0	2	0	6635	0	6637
9536	6	3	6466	0	0	6475
9537	3	5	0	6121	0	6129
9538	6676	0	1	3	0	6680
9539	0	6082	18	6	0	6106
9540	0	3	0	6601	0	6604
9541	0	6208	13	3	0	6224
9542	2	2	0	6624	0	6628
9543	5	4	6438	0	0	6447
9544	0	3	1	6063	0	6067
9545	2	5	0	6398	0	6405
9546	1	1	0	6547	0	6549
9547	6460	0	0	3	0	6463
9548	6206	1	0	7	0	6214
9549	0	6200	13	6	0	6219
9550	6456	0	0	1	0	6457
9551	1	6120	8	2	0	6131
9552	0	6145	9	6	0	6160
9553	6262	3	0	0	0	6265
9554	2	16	5995	2	0	6015
9555	2	5	1	5669	0	5677
9556	1	4	1	6056	0	6062
9557	1	1	0	6209	0	6211
9558	5586	0	0	4	0	5590
9559	1	5167	14	7	0	5189
9560	1	13	0	5500	0	5514
9561	2	5073	13	4	0	5092
9562	5412	0	3	3	0	5418
9563	2	3	0	4558	0	4563
9564	1	0	2	7177	0	7180
9565	1	7040	16	192	0	7249
9566	3	170	2	7370	0	7545
9567	1	85	0	7516	0	7602
9568	7203	39	0	333	0	7575
9569	181	6896	25	156	0	7258
9570	87	7064	22	112	0	7285
9571	34	250	6	7424	0	7714
9572	46	136	6701	242	0	7125
9573	22	96	6540	130	0	6788
9574	21	59	263	6626	0	6969
9575	15	55	6535	247	0	6852
9576	7	39	260	6547	0	6853
9577	5	32	150	6366	0	6553
9578	1	18	74	7006	0	7099
9579	6599	4	74	373	0	7050
9580	197	11	38	6775	0	7021
9581	100	12	28	6870	0	7010
9582	38	6311	33	416	0	6798
9583	52	215	4	6931	0	7202
9584	30	104	6265	358	0	6757
9585	31	38	193	6597	0	6859
9586	46	50	96	6906	0	7098
9587	6493	51	44	416	0	7004
9588	193	72	57	6706	0	7028
9589	102	27	25	5200	0	5354
9590	49	10	50	5373	0	5482
9591	4743	20	50	406	0	5219
9592	222	4760	13	276	0	5271
9593	102	204	45	5103	0	5454
9594	55	113	19	5318	0	5505
9595	44	81	4679	431	0	5235
9596	30	53	214	5113	0	5410
9597	4477	32	106	362	0	4977
9598	209	4466	53	270	0	4998
9599	98	223	53	4658	0	5032
9600	64	120	26	4908	0	5118
9601	57	65	4258	431	0	4811
9602	4270	50	231	237	0	4788
9603	222	4382	103	220	0	4927
9604	4590	225	50	195	0	5060
9605	265	150	66	4645	0	5126
9606	154	59	33	4875	0	5121
9607	77	56	45	4966	0	5144
9608	116	42	27	4992	0	5177
9609	4621	62	8	472	0	5163
9610	259	72	19	4773	0	5123
9611	117	4407	26	465	0	5015
9612	58	201	46	4834	0	5139
9613	65	94	77	4933	0	5169
9614	4516	52	53	492	0	5113
9615	270	4398	40	281	0	4989
9616	129	242	29	4776	0	5176
9617	4513	128	13	448	0	5102
9618	4707	62	23	305	0	5097
9619	333	69	48	4724	0	5174
9620	225	62	4200	385	0	4872
9621	4493	95	176	237	0	5001
9622	319	55	105	4681	0	5160
9623	170	44	6068	421	0	6703
9624	94	42	274	6359	0	6769
9625	107	20	134	6488	0	6749
9626	84	31	65	6623	0	6803
9627	115	6008	87	457	0	6667
9628	54	216	34	6697	0	7001
9629	41	127	36	5356	0	5560
9630	57	55	36	5445	0	5593
9631	80	65	24	5402	0	5571
9632	81	92	12	5440	0	5625
9633	56	92	30	5479	0	5657
9634	4994	51	31	588	0	5664
9635	263	39	4710	396	0	5408
9636	167	4777	228	289	0	5461
9637	4989	215	96	291	0	5591
9638	290	4932	88	190	0	5500
9639	5142	256	64	201	0	5663
9640	303	150	54	5146	0	5653
9641	5185	71	89	336	0	5681
9642	318	96	48	5135	0	5597
9643	223	62	24	5152	0	5461
9644	142	4889	25	473	0	5529
9645	5082	243	20	308	0	5653
9646	284	120	5929	299	0	6632
9647	174	69	215	6290	0	6748
9648	113	75	6087	418	0	6693
9649	118	65	5921	280	0	6384
9650	6107	73	303	195	0	6678
9651	260	58	147	6426	0	6891
9652	186	32	6069	384	0	6671
9653	96	41	6130	279	0	6546
9654	115	53	304	6201	0	6673
9655	96	66	146	6487	0	6795
9656	6267	67	98	439	0	6871
9657	302	45	75	6425	0	6847
9658	186	36	6622	424	0	7268
9659	116	47	239	6955	0	7357
9660	126	35	122	6956	0	7239
9661	88	8013	92	463	0	8656
9662	8182	240	78	292	0	8792
9663	294	7818	85	259	0	8456
9664	5312	6	0	3	0	5321
9665	6	5060	9	6	0	5081
9666	6	5112	8	5	0	5131
9667	2	0	1	5196	0	5199
9668	0	0	2	5138	0	5140
9669	0	2	0	5094	0	5096
9670	5178	0	1	0	0	5179
9671	3	5	5169	0	0	5177
9672	0	1	0	5020	0	5021
9673	4894	1	1	0	0	4896
9674	0	4932	9	5	0	4946
9675	1	5139	9	2	0	5151
9676	0	2	0	5140	0	5142
9677	1	0	0	5105	0	5106
9678	0	1	0	5057	0	5058
9679	0	5092	4	1	0	5097
9680	0	0	1	5173	0	5174
9681	4	0	5085	0	0	5089
9682	2	11	4733	1	0	4747
9683	4714	2	1	2	0	4719
9684	0	0	0	5142	0	5142
9685	5189	0	1	0	0	5190
9686	5028	0	1	2	0	5031
9687	0	4948	4	2	0	4954
9688	5202	2	0	1	0	5205
9689	5039	1	0	2	0	5042
9690	1	0	0	5031	0	5032
9691	1	3	3	4867	0	4874
9692	1	4	5018	0	0	5023
9693	0	4780	12	2	0	4794
9694	0	1	1	4912	0	4914
9695	0	1	0	5060	0	5061
9696	5150	0	0	0	0	5150
9697	0	4	1	5010	0	5015
9698	5056	0	0	0	0	5056
9699	0	0	0	5054	0	5054
9700	1	4786	13	2	0	4802
9701	5603	0	1	1	0	5605
9702	68	0	1	5514	0	5583
9703	16	4	1	6115	0	6136
9704	4	0	1	6911	0	6916
9705	13	16	6617	123	0	6769
9706	8	3	98	6628	0	6737
9707	6710	3	26	135	0	6874
9708	99	3	17	6696	0	6815
9709	24	0	14	7682	0	7720
9710	16	0	9	9258	0	9283
9711	23	8637	27	280	0	8967
9712	8	9341	17	116	0	9482
9713	9256	281	3	92	0	9632
9714	218	9258	12	46	0	9534
9715	9403	297	9	33	0	9742
9716	9312	122	7	39	0	9480
9717	9220	78	7	35	0	9340
9718	393	72	8684	47	0	9196
9719	171	8848	232	42	0	9293
9720	9179	277	76	43	0	9575
9721	299	134	47	9064	0	9544
9722	148	121	20	9311	0	9600
9723	130	88	20	7749	0	7987
9724	100	7132	30	382	0	7644
9725	118	287	12	7845	0	8262
9726	9550	132	21	358	0	10061
9727	332	117	21	9587	0	10057
9728	188	77	21	9864	0	10150
9729	151	77	9245	449	0	9922
9730	108	90	9042	265	0	9505
9731	90	52	317	9435	0	9894
9732	83	65	152	9554	0	9854
9733	81	9709	103	460	0	10353
9734	81	266	56	10155	0	10558
9735	68	124	30	10313	0	10535
9736	64	100	43	10429	0	10636
9737	9980	82	47	554	0	10663
9738	302	90	9543	310	0	10245
9739	147	63	260	10076	0	10546
9740	10055	59	111	444	0	10669
9741	10011	52	87	274	0	10424
9742	394	60	71	9984	0	10509
9743	197	62	62	10395	0	10716
9744	9938	75	43	549	0	10605
9745	346	9479	63	350	0	10238
9746	193	8855	62	282	0	9392
9747	196	399	43	9060	0	9698
9748	8980	219	49	436	0	9684
9749	9017	164	41	282	0	9504
9750	9023	91	32	268	0	9414
9751	575	103	8538	197	0	9413
9752	8361	111	298	215	0	8985
9753	521	127	8883	181	0	9712
9754	8677	124	332	203	0	9336
9755	487	8690	160	260	0	9597
9756	270	308	8868	292	0	9738
9757	247	161	298	8972	0	9678
9758	173	198	10886	495	0	11752
9759	209	176	331	10793	0	11509
9760	11343	119	161	560	0	12183
9761	457	118	9627	382	0	10584
9762	301	92	345	9756	0	10494
9763	256	9925	265	477	0	10923
9764	203	314	242	10710	0	11469
9765	211	160	186	10699	0	11256
9766	208	148	147	10837	0	11340
9767	10583	145	113	692	0	11533
9768	10611	165	98	475	0	11349
9769	475	114	128	10828	0	11545
9770	321	152	10065	622	0	11160
9771	277	152	9893	437	0	10759
9772	244	123	411	10484	0	11262
9773	257	160	11012	579	0	12008
9774	288	109	393	11161	0	11951
9775	291	109	197	11142	0	11739
9776	303	85	162	11366	0	11916
9777	279	10149	169	719	0	11316
9778	237	10870	152	513	0	11772
9779	240	445	135	11473	0	12293
9780	204	301	145	11442	0	12092
9781	221	230	109	11585	0	12145
9782	11278	148	113	768	0	12307
9783	501	138	12559	514	0	13712
9784	340	85	365	13081	0	13871
9785	13304	96	248	614	0	14262
9786	453	12379	260	425	0	13517
9787	308	326	202	14327	0	15163
9788	241	192	191	14494	0	15118
9789	205	165	150	14447	0	14967
9790	173	143	147	14473	0	14936
9791	156	141	13562	794	0	14653
9792	12874	103	362	615	0	13954
9793	14005	89	217	514	0	14825
9794	537	116	13554	436	0	14643
9795	13109	107	391	386	0	13993
9796	13746	116	261	368	0	14491
9797	529	118	13492	426	0	14565
9798	338	13037	386	419	0	14180
9799	271	297	211	14041	0	14820
9800	299	136	14318	647	0	15400
9801	260	13232	273	382	0	14147
9802	951	234	12802	316	0	14303
9803	232	12754	305	258	0	13549
9804	179	1082	205	11901	0	13367
9805	169	152	12616	277	0	13214
9806	158	106	288	12009	0	12561
9807	190	52	12596	358	0	13196
9808	180	11804	342	281	0	12607
9809	11867	141	142	260	0	12410
9810	0	9418	18	6	0	9442
9811	1	9379	11	3	0	9394
9812	1	6	1	9776	0	9784
9813	0	3	1	9608	0	9612
9814	2	7	1	9456	0	9466
9815	0	6	0	9328	0	9334
9816	0	1	1	9617	0	9619
9817	4	5	9723	0	0	9732
9818	3	7	4	9228	0	9242
9819	1	3	1	9676	0	9681
9820	9925	0	2	1	0	9928
9821	9556	4	0	4	0	9564
9822	9687	1	2	2	0	9692
9823	2	2	3	9641	0	9648
9824	9835	0	1	1	0	9837
9825	9533	1	4	7	0	9545
9826	8995	1	2	4	0	9002
9827	21	14	8826	0	0	8861
9828	8438	1	28	2	0	8469
9829	8743	1	3	2	0	8749
9830	9060	0	6	1	0	9067
9831	31	3	4	8782	0	8820
9832	18	5	9038	18	0	9079
9833	11	3	25	8419	0	8458
9834	8751	0	3	24	0	8778
9835	34	3	15	8569	0	8621
9836	16	8177	28	29	0	8250
9837	23	17	3	9789	0	9832
9838	10797	1	7	29	0	10834
9839	10628	7	4	25	0	10664
9840	10457	1	12	25	0	10495
9841	36	12	10352	21	0	10421
9842	28	9	21	9935	0	9993
9843	21	6	4	10423	0	10454
9844	18	19	10412	33	0	10482
9845	12	9186	58	38	0	9294
9846	30	28	11393	20	0	11471
9847	22	9	36	11206	0	11273
9848	11804	7	11	32	0	11854
9849	35	18	12676	12	0	12741
9850	9	8	30	12401	0	12448
9851	14	15	13159	50	0	13238
9852	12415	2	94	21	0	12532
9853	73	19	18	14368	0	14478
9854	17	11	15366	72	0	15466
9855	13	8	80	14654	0	14755
9856	22	25	18185	93	0	18325
9857	13	17367	131	35	0	17546
9858	15	70	18	16542	0	16645
9859	17430	6	22	89	0	17547
9860	84	12	14	17231	0	17341
9861	27	4	15	17353	0	17399
9862	17555	3	26	93	0	17677
9863	91	16191	42	42	0	16366
9864	38	16585	35	37	0	16695
9865	51	89	8	17181	0	17329
9866	36	17185	32	102	0	17355
9867	26	78	10	18063	0	18177
9868	26	17	26	17990	0	18059
9869	17966	17	18	127	0	18128
9870	101	18161	49	74	0	18385
9871	53	105	18527	45	0	18730
9872	26	18764	90	43	0	18923
9873	19431	88	14	57	0	19590
9874	19425	23	20	34	0	19502
9875	113	22	11	20357	0	20503
9876	21440	13	21	214	0	21688
9877	230	16	22	21272	0	21540
9878	21428	25	24	252	0	21729
9879	22038	20	19	114	0	22191
9880	271	27	26	21798	0	22122
9881	22070	29	29	240	0	22368
9882	274	29	21308	91	0	21702
9883	19224	11	206	65	0	19506
9884	272	9	64	19820	0	20165
9885	20157	8	49	258	0	20472
9886	255	20622	80	130	0	21087
9887	139	203	39	20681	0	21062
9888	102	64	34	20886	0	21086
9889	20911	28	37	336	0	21312
9890	302	41	20264	145	0	20752
9891	148	19240	265	103	0	19756
9892	115	221	72	20575	0	20983
9893	106	22135	98	250	0	22589
9894	111	242	36	23537	0	23926
9895	95	94	33	23338	0	23560
9896	90	47	43	23704	0	23884
9897	23666	44	34	398	0	24142
9898	307	42	36	23558	0	23943
9899	23678	67	30	342	0	24117
9900	23072	67	23	190	0	23352
9901	320	62	37	22962	0	23381
9902	23057	61	28	323	0	23469
9903	22549	41	36	193	0	22819
9904	364	54	23236	152	0	23806
9905	177	43	219	22759	0	23198
9906	23859	54	98	318	0	24329
9907	278	22060	121	192	0	22651
9908	24015	252	53	114	0	24434
9909	24016	94	36	135	0	24281
9910	386	64	22821	123	0	23394
9911	205	36	235	22216	0	22692
9912	24902	23	91	322	0	25338
9913	327	40	81	24542	0	24990
9914	203	41	62	24847	0	25153
9915	139	53	67	25118	0	25377
9916	136	38	54	26183	0	26411
9917	26094	33	42	483	0	26652
9918	388	60	25407	222	0	26077
9919	199	42	297	28106	0	28644
9920	133	90	30754	459	0	31436
9921	160	153	29244	231	0	29788
9922	29931	61	650	213	0	30855
9923	623	100	31169	205	0	32097
9924	283	30780	683	216	0	31962
9925	35374	592	241	190	0	36397
9926	34377	275	131	111	0	34894
9927	933	117	66	32398	0	33514
9928	491	91	33305	541	0	34428
9929	220	162	33345	338	0	34065
9930	33938	48	838	192	0	35016
9931	735	41	423	37378	0	38577
9932	37513	33	223	751	0	38520
9933	843	36196	214	422	0	37675
9934	37811	649	131	209	0	38800
9935	37512	348	104	145	0	38109
9936	1061	36284	124	167	0	37636
9937	570	668	78	37022	0	38338
9938	36219	354	102	798	0	37473
9939	888	222	34664	403	0	36177
9940	505	34449	801	239	0	35994
9941	306	737	360	36050	0	37453
9942	35984	349	225	821	0	37379
9943	846	35143	211	459	0	36659
9944	38562	764	130	282	0	39738
9945	1143	455	36851	154	0	38603
9946	35879	237	867	190	0	37173
9947	1181	192	36110	172	0	37655
9948	35402	153	995	168	0	36718
9949	35717	126	435	157	0	36435
9950	1366	217	34080	180	0	35843
9951	707	33342	878	232	0	35159
9952	422	826	415	34401	0	36064
9953	366	428	32548	901	0	34243
9954	352	31031	937	462	0	32782
9955	321	874	483	32137	0	33815
9956	301	458	296	30517	0	31572
9957	346	271	29183	1211	0	31011
9958	319	168	955	28754	0	30196
9959	331	184	492	29629	0	30636
9960	312	192	28098	1267	0	29869
9961	306	178	958	27719	0	29161
9962	287	28042	531	1079	0	29939
9963	29335	886	338	589	0	31148
9964	1033	446	320	28730	0	30529
9965	611	29348	399	1018	0	31376
9966	468	881	348	27421	0	29118
9967	355	28686	379	969	0	30389
9968	416	1070	27500	584	0	29570
9969	395	28408	987	418	0	30208
9970	27472	1088	542	328	0	29430
9971	27725	543	350	350	0	28968
9972	28001	387	339	349	0	29076
9973	1525	373	26454	317	0	28669
9974	846	324	26115	399	0	27684
9975	558	26564	1213	343	0	28678
9976	412	981	639	25154	0	27186
9977	437	27386	418	896	0	29137
9978	441	1189	359	24044	0	26033
9979	491	27493	332	876	0	29192
9980	28259	1255	235	515	0	30264
9981	30147	609	279	437	0	31472
9982	1540	527	300	31887	0	34254
9983	929	427	31748	1225	0	34329
9984	31259	388	1207	661	0	33515
9985	1446	32364	630	545	0	34985
9986	911	1212	482	32133	0	34738
9987	763	756	315	31078	0	32912
9988	584	32723	471	1514	0	35292
9989	33293	1345	398	825	0	35861
9990	1474	898	32120	557	0	35049
9991	966	623	1170	33350	0	36109
9992	33403	454	680	1444	0	35981
9993	30625	486	561	787	0	32459
9994	1842	30370	507	587	0	33306
9995	1169	1311	458	28821	0	31759
9996	771	30501	453	1348	0	33073
9997	31085	1476	407	851	0	33819
9998	1629	895	29769	635	0	32928
9999	993	837	30788	491	0	33109
10000	812	516	1647	31262	0	34237
10001	570	587	928	30970	0	33055
10002	662	31231	649	1793	0	34335
10003	563	1479	505	32604	0	35151
10004	564	839	30153	1774	0	33330
10005	30174	671	1454	1082	0	33381
10006	1415	530	849	31726	0	34520
10007	870	562	30125	1702	0	33259
10008	748	450	1378	31545	0	34121
10009	519	497	881	30038	0	31935
10010	502	30656	668	1961	0	33787
10011	463	1463	491	31601	0	34018
10012	448	866	480	31070	0	32864
10013	380	682	485	31266	0	32813
10014	28789	517	414	2316	0	32036
10015	1441	28651	444	1417	0	31953
10016	851	29017	397	998	0	31263
10017	28006	1664	377	826	0	30873
10018	26558	1043	373	767	0	28741
10019	1663	25471	324	644	0	28102
10020	790	23012	262	471	0	24535
10021	21728	1406	234	458	0	23826
10022	1085	21826	301	467	0	23679
10023	709	22229	281	457	0	23676
10024	20105	1194	152	401	0	21852
10025	968	19064	155	364	0	20551
10026	19098	1144	174	384	0	20800
10027	19064	620	217	336	0	20237
10028	18770	572	207	360	0	19909
10029	1243	16943	223	356	0	18765
10030	734	18411	196	328	0	19669
10031	545	996	110	15581	0	17232
10032	410	15950	115	782	0	17257
10033	409	1005	101	19432	0	20947
10034	20598	507	118	1111	0	22334
10035	1027	538	142	20023	0	21730
10036	536	20538	183	1239	0	22496
10037	19353	1030	173	584	0	21140
10038	971	19658	149	555	0	21333
10039	556	22345	99	480	0	23480
10040	526	1284	123	20822	0	22755
10041	406	22003	139	1063	0	23611
10042	22076	1333	170	593	0	24172
10043	1168	756	20980	487	0	23391
10044	556	20036	784	410	0	21786
10045	470	1028	389	20892	0	22779
10046	360	717	19761	1068	0	21906
10047	418	583	772	20680	0	22453
10048	335	517	445	21150	0	22447
10049	353	491	389	21368	0	22601
10050	356	402	287	21503	0	22548
10051	360	426	19422	1586	0	21794
10052	314	20078	905	1008	0	22305
10053	20691	971	452	836	0	22950
10054	928	657	20167	747	0	22499
10055	20360	616	838	702	0	22516
10056	1164	504	20179	582	0	22429
10057	661	461	1018	20713	0	22853
10058	618	511	20194	1105	0	22428
10059	490	467	20238	676	0	21871
10060	495	391	1180	20614	0	22680
10061	445	454	746	20784	0	22429
10062	393	457	532	21373	0	22755
10063	349	447	415	21451	0	22662
10064	20448	439	366	1643	0	22896
10065	991	446	18574	1059	0	21070
10066	19601	389	905	904	0	21799
10067	19445	416	483	744	0	21088
10068	19588	385	446	713	0	21132
10069	19636	426	289	637	0	20988
10070	19837	368	266	613	0	21084
10071	1650	387	267	18912	0	21216
10072	1070	428	17509	1184	0	20191
10073	868	444	17440	770	0	19522
10074	686	18508	1007	679	0	20880
10075	16874	896	414	522	0	18706
10076	940	510	282	16066	0	17798
10077	578	2059	263	14775	0	17675
10078	543	16106	266	973	0	17888
10079	448	15332	258	575	0	16613
10080	484	16053	195	415	0	17147
10081	13663	1132	152	294	0	15241
10082	515	322	109	11508	0	12454
10083	261	9821	87	527	0	10696
10084	215	477	86	10144	0	10922
10085	140	286	9486	586	0	10498
10086	165	213	9020	330	0	9728
10087	178	138	536	9442	0	10294
10088	9307	138	262	515	0	10222
10089	9644	142	170	334	0	10290
10090	9801	132	109	307	0	10349
10091	788	138	9803	253	0	10982
10092	451	178	454	9943	0	11026
10093	328	210	244	10671	0	11453
10094	281	247	9849	678	0	11055
10095	10023	248	464	403	0	11138
10096	583	255	10601	356	0	11795
10097	356	292	10820	297	0	11765
10098	315	258	10906	305	0	11784
10099	217	186	545	9263	0	10211
10100	216	164	355	9463	0	10198
10101	181	173	9457	553	0	10364
10102	164	174	482	9840	0	10660
10103	9629	126	357	598	0	10710
10104	429	92	269	9994	0	10784
10105	282	100	9315	703	0	10400
10106	193	99	9410	535	0	10237
10107	142	115	533	9667	0	10457
10108	9991	114	396	595	0	11096
10109	493	10594	325	365	0	11777
10110	13278	497	284	297	0	14356
10111	13389	269	292	278	0	14228
10112	837	162	12795	283	0	14077
10113	464	94	694	13134	0	14386
10114	13106	96	490	728	0	14420
10115	12717	112	393	517	0	13739
10116	739	12705	350	389	0	14183
10117	452	457	306	12951	0	14166
10118	288	266	243	13766	0	14563
10119	249	176	12694	992	0	14111
10120	255	81	594	13211	0	14141
10121	282	94	12866	839	0	14081
10122	319	86	12803	511	0	13719
10123	373	57	779	13109	0	14318
10124	13001	56	481	687	0	14225
10125	810	12654	307	457	0	14228
10126	13202	431	248	341	0	14222
10127	13297	231	244	295	0	14067
10128	903	12364	224	331	0	13822
10129	533	480	260	12301	0	13574
10130	11872	300	281	602	0	13055
10131	745	11949	249	390	0	13333
10132	12055	564	205	320	0	13144
10133	627	8884	116	158	0	9785
10134	254	302	57	7032	0	7645
10135	191	161	66	7405	0	7823
10136	7178	118	61	393	0	7750
10137	7013	85	59	262	0	7419
10138	416	6907	76	184	0	7583
10139	205	208	5347	77	0	5837
10140	123	141	6434	74	0	6772
10141	89	82	295	6121	0	6587
10142	65	6497	209	217	0	6988
10143	35	158	75	6341	0	6609
10144	38	108	54	6285	0	6485
10145	42	56	46	6429	0	6573
10146	38	53	6096	315	0	6502
10147	47	51	5647	171	0	5916
10148	44	5928	255	101	0	6328
10149	47	176	146	6053	0	6422
10150	59	120	73	7616	0	7868
10151	60	94	7194	275	0	7623
10152	6244	47	191	178	0	6660
10153	218	48	106	7508	0	7880
10154	142	61	7213	206	0	7622
10155	6706	36	197	146	0	7085
10156	213	6858	129	116	0	7316
10157	154	185	7167	78	0	7584
10158	125	120	187	7111	0	7543
10159	7444	78	126	227	0	7875
10160	219	59	7723	150	0	8151
10161	130	42	212	7906	0	8290
10162	93	30	155	7853	0	8131
10163	61	40	115	8320	0	8536
10164	8810	46	63	355	0	9274
10165	240	8514	76	215	0	9045
10166	145	213	64	8932	0	9354
10167	116	138	8632	299	0	9185
10168	75	103	256	8443	0	8877
10169	56	8206	168	323	0	8753
10170	71	8666	115	191	0	9043
10171	8670	314	73	155	0	9212
10172	8799	175	60	123	0	9157
10173	383	125	8464	91	0	9063
10174	8513	89	237	103	0	8942
10175	329	8379	178	102	0	8988
10176	8913	235	111	92	0	9351
10177	328	152	66	8789	0	9335
10178	214	133	8570	270	0	9187
10179	165	78	245	8548	0	9036
10180	146	73	8540	315	0	9074
10181	8268	68	317	183	0	8836
10182	268	37	191	9525	0	10021
10183	167	11229	139	310	0	11845
10184	150	230	65	11925	0	12370
10185	110	165	11499	350	0	12124
10186	75	11090	276	245	0	11686
10187	11347	245	158	201	0	11951
10188	227	11161	164	154	0	11706
10189	143	11536	134	123	0	11936
10190	106	342	74	11483	0	12005
10191	69	10806	70	272	0	11217
10192	91	315	50	11127	0	11583
10193	97	176	10544	349	0	11166
10194	9468	133	253	184	0	10038
10195	10646	118	162	125	0	11051
10196	352	72	9913	58	0	10395
10197	9389	74	203	70	0	9736
10198	287	9988	137	81	0	10493
10199	10767	207	99	75	0	11148
10200	288	130	61	10445	0	10924
10201	171	96	10226	245	0	10738
10202	127	9944	239	163	0	10473
10203	75	213	120	10589	0	10997
10204	50	144	90	10793	0	11077
10205	10406	81	47	365	0	10899
10206	10077	59	55	221	0	10412
10207	314	9929	72	135	0	10450
10208	147	9507	45	71	0	9770
10209	39	9157	31	34	0	9261
10210	6	59	2	7425	0	7492
10211	7392	31	2	40	0	7465
10212	7284	20	4	20	0	7328
10213	53	10	2	7300	0	7365
10214	29	6	1	7362	0	7398
10215	7377	6	3	54	0	7440
10216	43	6	1	7714	0	7764
10217	22	15	7566	53	0	7656
10218	7301	5	37	22	0	7365
10219	7494	5	11	25	0	7535
10220	58	17	7398	5	0	7478
10221	7402	3	39	9	0	7453
10222	61	3	14	7645	0	7723
10223	27	9	14	7583	0	7633
10224	24	5	6	7734	0	7769
10225	7646	9	10	66	0	7731
10226	42	8127	25	45	0	8239
10227	22	45	5	8736	0	8808
10228	18	8211	26	44	0	8299
10229	8646	51	10	19	0	8726
10230	51	25	3	8565	0	8644
10231	27	25	11	8494	0	8557
10232	29	8155	12	61	0	8257
10233	29	69	8206	31	0	8335
10234	17	24	42	8448	0	8531
10235	7603	21	16	51	0	7691
10236	7278	10	22	26	0	7336
10237	64	24	7256	24	0	7368
10238	37	6	52	8234	0	8329
10239	28	8180	39	107	0	8354
10240	13	109	15	8693	0	8830
10241	8589	25	9	142	0	8765
10242	8558	31	8	46	0	8643
10243	121	26	13	8525	0	8685
10244	53	8044	32	133	0	8262
10245	8693	113	7	31	0	8844
10246	130	31	5	9367	0	9533
10247	9421	46	6	206	0	9679
10248	9432	29	7	51	0	9519
10249	213	23	6	10523	0	10765
10250	73	23	3	9427	0	9526
10251	67	8	9	9583	0	9667
10252	35	9103	21	254	0	9413
10253	37	189	8	9584	0	9818
10254	26	42	11	9722	0	9801
10255	39	65	9206	251	0	9561
10256	35	51	8962	96	0	9144
10257	32	16	182	9364	0	9594
10258	9390	19	51	243	0	9703
10259	183	8968	68	93	0	9312
10260	8773	201	25	81	0	9080
10261	251	46	8530	59	0	8886
10262	79	58	8333	53	0	8523
10263	73	8181	207	55	0	8516
10264	31	158	34	7970	0	8193
10265	19	39	7873	180	0	8111
10266	30	54	9866	50	0	10000
10267	14	32	160	9918	0	10124
10268	10182	14	46	191	0	10433
10269	10116	11	50	54	0	10231
10270	169	11	37	9976	0	10193
10271	52	34	10979	191	0	11256
10272	60	20	143	10859	0	11082
10273	40	25	34	13027	0	13126
10274	33	12704	61	182	0	12980
10275	13267	165	34	68	0	13534
10276	13091	33	37	72	0	13233
10277	161	12659	66	57	0	12943
10278	66	176	23	13063	0	13328
10279	55	12681	58	173	0	12967
10280	13317	186	27	48	0	13578
10281	199	56	12651	49	0	12955
10282	63	56	11306	59	0	11484
10283	62	74	10250	44	0	10430
10284	60	25	188	10416	0	10689
10285	28	35	64	10832	0	10959
10286	10918	20	58	223	0	11219
10287	186	24	47	10688	0	10945
10288	46	28	34	10776	0	10884
10289	63	38	10687	237	0	11025
10290	58	61	9893	102	0	10114
10291	9995	27	175	93	0	10290
10292	195	10153	87	81	0	10516
10293	10831	183	65	75	0	11154
10294	209	39	54	10715	0	11017
10295	57	55	57	10673	0	10842
10296	68	10401	75	225	0	10769
10297	64	190	42	10917	0	11213
10298	10387	61	38	244	0	10730
10299	206	43	33	10391	0	10673
10300	58	56	10130	286	0	10530
10301	58	9692	205	116	0	10071
10302	10346	198	62	101	0	10707
10303	10451	40	65	123	0	10679
10304	10307	57	52	83	0	10499
10305	10415	48	54	100	0	10617
10306	271	49	42	10175	0	10537
10307	138	53	34	10485	0	10710
10308	110	52	10883	299	0	11344
10309	105	57	158	10777	0	11097
10310	115	56	11008	267	0	11446
10311	76	35	192	10985	0	11288
10312	11109	39	63	279	0	11490
10313	234	10745	88	134	0	11201
10314	97	202	60	11039	0	11398
10315	95	57	42	11305	0	11499
10316	10847	50	56	296	0	11249
10317	10403	69	61	140	0	10673
10318	248	47	10440	143	0	10878
10319	93	9989	226	159	0	10467
10320	99	189	83	10589	0	10960
10321	64	57	92	10825	0	11038
10322	10822	53	74	276	0	11225
10323	10476	48	79	131	0	10734
10324	230	55	10592	120	0	10997
10325	123	82	10165	96	0	10466
10326	120	37	227	9285	0	9669
10327	86	42	112	9790	0	10030
10328	83	74	9476	239	0	9872
10329	8851	44	233	144	0	9272
10330	240	35	96	9711	0	10082
10331	9635	38	104	255	0	10032
10332	226	9203	93	151	0	9673
10333	9457	192	70	123	0	9842
10334	262	53	10960	135	0	11410
10335	107	10244	205	135	0	10691
10336	109	10853	111	105	0	11178
10337	10697	213	657	92	0	11659
10338	9989	31	24	35	0	10079
10339	141	13	26	9650	0	9830
10340	40	9575	34	132	0	9781
10341	36	10570	45	47	0	10698
10342	33	177	22	10962	0	11194
10343	10848	52	17	194	0	11111
10344	11655	30	22	79	0	11786
10345	240	55	11432	44	0	11771
10346	10285	20	83	24	0	10412
10347	101	11310	44	22	0	11477
10348	13014	153	12	11	0	13190
10349	307	12131	41	17	0	12496
10350	91	13279	50	18	0	13438
10351	45	411	5	18320	0	18781
10352	19098	118	10	630	0	19856
10353	19568	61	4	220	0	19853
10354	923	85	18327	149	0	19484
10355	421	27	657	18875	0	19980
10356	19197	11	224	804	0	20236
10357	924	15	171	19298	0	20408
10358	19514	21	131	943	0	20609
10359	19811	17	131	388	0	20347
10360	1140	59	18368	319	0	19886
10361	568	28	717	18404	0	19717
10362	396	14	239	19521	0	20170
10363	357	13	175	19994	0	20539
10364	242	61	18480	1160	0	19943
10365	170	21	763	18846	0	19800
10366	151	31	269	16778	0	17229
10367	78	16380	234	1174	0	17866
10368	98	725	15564	647	0	17034
10369	79	16692	759	442	0	17972
10370	16682	858	271	370	0	18181
10371	735	365	248	15439	0	16787
10372	302	293	164	15592	0	16351
10373	263	14035	148	993	0	15439
10374	14000	876	104	460	0	15440
10375	14545	321	94	384	0	15344
10376	1019	13436	84	356	0	14895
10377	545	14461	82	277	0	15365
10378	14525	1025	61	238	0	15849
10379	1072	502	13616	196	0	15386
10380	544	414	13827	156	0	14941
10381	13757	323	902	138	0	15120
10382	961	16144	465	181	0	17751
10383	16451	837	344	153	0	17785
10384	1030	420	16877	183	0	18510
10385	17012	250	869	171	0	18302
10386	1105	17509	405	193	0	19212
10387	559	852	335	17980	0	19726
10388	545	338	224	18606	0	19713
10389	392	301	205	19036	0	19934
10390	365	240	170	19215	0	19990
10391	284	223	161	18717	0	19385
10392	339	17868	127	1457	0	19791
10393	18599	844	143	891	0	20477
10394	936	384	17819	731	0	19870
10395	479	263	764	18847	0	20353
10396	390	272	19044	1185	0	20891
10397	351	230	936	19314	0	20831
10398	333	168	462	20328	0	21291
10399	19603	194	395	1365	0	21557
10400	959	202	18769	769	0	20699
10401	419	18325	1004	641	0	20389
10402	379	847	404	19161	0	20791
10403	357	415	353	20372	0	21497
10404	320	355	19034	1272	0	20981
10405	269	318	903	19168	0	20658
10406	320	329	383	20411	0	21443
10407	18876	232	360	1442	0	20910
10408	887	18303	278	831	0	20299
10409	18839	970	224	648	0	20681
10410	19421	424	170	619	0	20634
10411	1298	353	190	18769	0	20610
10412	775	350	18051	1121	0	20297
10413	586	381	18300	570	0	19837
10414	603	238	1044	18472	0	20357
10415	457	280	544	18144	0	19425
10416	427	18213	514	1226	0	20380
10417	18507	864	461	687	0	20519
10418	980	18136	406	656	0	20178
10419	556	19063	279	595	0	20493
10420	18700	1194	267	516	0	20677
10421	1139	664	198	18321	0	20322
10422	634	18583	207	1100	0	20524
10423	468	1161	206	19992	0	21827
10424	448	574	18847	1321	0	21190
10425	347	495	18927	866	0	20635
10426	291	400	1054	19546	0	21291
10427	287	331	19223	1342	0	21183
10428	219	250	1140	19557	0	21166
10429	234	245	624	19765	0	20868
10430	216	221	538	20683	0	21658
10431	19013	203	430	1662	0	21308
10432	892	18056	436	970	0	20354
10433	459	19454	299	888	0	21100
10434	17819	1088	300	729	0	19936
10435	18378	616	217	648	0	19859
10436	1205	523	230	18094	0	20052
10437	669	500	17291	1187	0	19647
10438	603	361	835	17972	0	19771
10439	492	390	17335	1276	0	19493
10440	425	17170	1015	749	0	19359
10441	346	883	443	17474	0	19146
10442	17057	422	435	1178	0	19092
10443	923	355	345	17411	0	19034
10444	457	330	15281	1130	0	17198
10445	14943	294	811	708	0	16756
10446	1003	273	15499	569	0	17344
10447	533	235	14890	492	0	16150
10448	374	12495	819	442	0	14130
10449	334	12184	575	268	0	13361
10450	269	12124	470	391	0	13254
10451	6388	988	74	114	0	7564
10452	7185	11	3	15	0	7214
10453	47	15	9	7538	0	7609
10454	19	10	10	7504	0	7543
10455	8	11	15	7752	0	7786
10456	6	7143	34	42	0	7225
10457	7834	38	11	20	0	7903
10458	33	7215	32	26	0	7306
10459	10	50	7	7723	0	7790
10460	8400	11	4	53	0	8468
10461	42	16	14	8025	0	8097
10462	16	17	7	8100	0	8140
10463	8330	11	11	49	0	8401
10464	7721	16	17	29	0	7783
10465	47	23	8113	14	0	8197
10466	12	29	7624	24	0	7689
10467	15	25	7831	12	0	7883
10468	13	12	47	7560	0	7632
10469	7	7	15	7948	0	7977
10470	5	7700	29	48	0	7782
10471	8189	27	7	34	0	8257
10472	39	19	8	8008	0	8074
10473	14	13	5	8703	0	8735
10474	20	8287	30	101	0	8438
10475	10	8535	20	55	0	8620
10476	16	130	5	8843	0	8994
10477	15	67	5	8889	0	8976
10478	10172	22	3	148	0	10345
10479	9824	10	7	77	0	9918
10480	189	12	11	9845	0	10057
10481	68	23	9633	164	0	9888
10482	45	44	8598	65	0	8752
10483	32	31	152	8880	0	9095
10484	16	17	63	7893	0	7989
10485	25	7622	50	199	0	7896
10486	7543	143	25	88	0	7799
10487	158	51	22	7559	0	7790
10488	75	26	8354	189	0	8644
10489	28	19	109	8037	0	8193
10490	35	23	8031	139	0	8228
10491	21	25	7873	90	0	8009
10492	8	19	151	8129	0	8307
10493	8305	17	72	144	0	8538
10494	133	24	8085	94	0	8336
10495	63	6	123	7899	0	8091
10496	37	28	8125	164	0	8354
10497	43	10	143	8130	0	8326
10498	30	7	79	8236	0	8352
10499	23	13	8082	198	0	8316
10500	25	24	7966	128	0	8143
10501	42	22	194	8443	0	8701
10502	46	7	86	9181	0	9320
10503	18	13	64	9363	0	9458
10504	22	8	71	9428	0	9529
10505	9375	13	54	233	0	9675
10506	9282	10	50	151	0	9493
10507	150	8804	76	109	0	9139
10508	9454	123	39	86	0	9702
10509	162	54	36	9339	0	9591
10510	9478	19	51	175	0	9723
10511	157	24	8873	119	0	9173
10512	9964	13	153	91	0	10221
10513	155	5	90	10147	0	10397
10514	84	12	69	10421	0	10586
10515	10411	13	50	213	0	10687
10516	175	17	49	11597	0	11838
10517	124	48	16537	251	0	16960
10518	16387	20	267	184	0	16858
10519	273	17216	191	114	0	17794
10520	105	227	81	20143	0	20556
10521	92	110	21244	426	0	21872
10522	69	47	382	21795	0	22293
10523	73	118	20106	468	0	20765
10524	81	43	385	20762	0	21271
10525	63	20486	176	512	0	21237
10526	87	362	103	21002	0	21554
10527	60	20645	122	487	0	21314
10528	86	406	93	20997	0	21582
10529	81	149	83	21714	0	22027
10530	86	108	95	21792	0	22081
10531	104	81	79	21689	0	21953
10532	89	71	108	22089	0	22357
10533	124	118	20448	712	0	21402
10534	110	76	421	21231	0	21838
10535	70	79	194	21828	0	22171
10536	21946	56	176	746	0	22924
10537	421	21695	190	446	0	22752
10538	22222	462	131	351	0	23166
10539	512	193	127	22426	0	23258
10540	220	210	20808	704	0	21942
10541	152	21622	480	404	0	22658
10542	21628	509	180	366	0	22683
10543	488	21261	178	335	0	22262
10544	170	23602	150	386	0	24308
10545	23565	787	137	338	0	24827
10546	677	313	104	24958	0	26052
10547	24847	181	101	982	0	26111
10548	819	164	108	25150	0	26241
10549	357	158	23916	1007	0	25438
10550	235	190	23777	564	0	24766
10551	23342	104	884	462	0	24792
10552	24156	112	335	372	0	24975
10553	946	142	246	22980	0	24314
10554	462	105	176	24090	0	24833
10555	22996	122	155	1090	0	24363
10556	822	22189	195	526	0	23732
10557	374	23321	140	398	0	24233
10558	23061	891	85	344	0	24381
10559	23290	416	121	279	0	24106
10560	1023	22341	125	265	0	23754
10561	508	812	108	22939	0	24367
10562	414	356	21979	915	0	23664
10563	328	284	22090	458	0	23160
10564	22145	194	928	408	0	23675
10565	884	197	22064	308	0	23453
10566	445	125	882	21846	0	23298
10567	408	168	359	22226	0	23161
10568	327	22248	254	1076	0	23905
10569	22306	759	219	596	0	23880
10570	930	320	160	22873	0	24283
10571	501	328	21413	1014	0	23256
10572	345	22678	815	576	0	24414
10573	325	792	263	22750	0	24130
10574	343	368	21771	887	0	23369
10575	287	362	21338	474	0	22461
10576	247	21846	931	446	0	23470
10577	22109	728	404	510	0	23751
10578	644	21379	357	301	0	22681
10579	22023	766	241	297	0	23327
10580	814	404	20884	293	0	22395
10581	20959	273	747	333	0	22312
10582	809	20078	332	365	0	21584
10583	375	748	243	20381	0	21747
10584	306	355	217	21294	0	22172
10585	20803	265	244	1052	0	22364
10586	771	272	20058	599	0	21700
10587	20271	279	758	499	0	21807
10588	20214	239	331	454	0	21238
10589	933	286	19064	433	0	20716
10590	498	251	19398	379	0	20526
10591	392	263	876	19566	0	21097
10592	19781	271	412	877	0	21341
10593	19794	232	321	474	0	20821
10594	967	19005	250	498	0	20720
10595	554	732	262	19565	0	21113
10596	433	363	236	19292	0	20324
10597	421	314	217	19825	0	20777
10598	370	311	202	20191	0	21074
10599	19360	268	195	1190	0	21013
10600	990	219	192	19562	0	20963
10601	558	246	18441	1029	0	20274
10602	489	260	18285	533	0	19567
10603	18134	213	944	445	0	19736
10604	989	18028	536	360	0	19913
10605	518	19810	466	310	0	21104
10606	507	1029	319	19384	0	21239
10607	431	436	229	20183	0	21279
10608	411	357	218	20080	0	21066
10609	385	317	202	20777	0	21681
10610	386	289	18851	1318	0	20844
10611	367	265	817	19867	0	21316
10612	328	215	344	19577	0	20464
10613	320	245	17828	1286	0	19679
10614	17474	187	970	656	0	19287
10615	966	18253	414	588	0	20221
10616	17555	746	366	512	0	19179
10617	734	231	11169	206	0	12340
10618	319	196	11883	213	0	12611
10619	250	11775	711	176	0	12912
10620	10273	899	261	114	0	11547
10621	8960	192	191	114	0	9457
10622	9058	135	155	131	0	9479
10623	637	8620	127	162	0	9546
10624	8713	498	109	170	0	9490
10625	643	192	9077	169	0	10081
10626	251	9295	488	169	0	10203
10627	9204	536	184	144	0	10068
10628	559	9264	191	133	0	10147
10629	9576	537	143	143	0	10399
10630	9648	211	117	145	0	10121
10631	633	812	8494	152	0	10091
10632	264	9185	472	157	0	10078
10633	9423	486	208	147	0	10264
10634	620	193	9183	142	0	10138
10635	261	9092	541	136	0	10030
10636	176	440	130	8619	0	9365
10637	164	158	8518	469	0	9309
10638	142	130	8553	203	0	9028
10639	125	99	463	8574	0	9261
10640	8544	72	202	510	0	9328
10641	461	8193	180	205	0	9039
10642	202	434	8703	157	0	9496
10643	178	162	8896	135	0	9371
10644	6641	61	190	43	0	6935
10645	229	7358	92	28	0	7707
10646	6707	143	46	11	0	6907
10647	147	6461	33	18	0	6659
10648	6715	151	18	18	0	6902
10649	6718	45	24	11	0	6798
10650	164	6374	41	15	0	6594
10651	48	148	17	6722	0	6935
10652	7416	26	17	133	0	7592
10653	198	36	26	7272	0	7532
10654	39	28	20	7425	0	7512
10655	7401	28	22	207	0	7658
10656	193	6976	38	44	0	7251
10657	7388	183	21	48	0	7640
10658	213	45	7721	33	0	8012
10659	47	34	179	7906	0	8166
10660	47	31	27	8282	0	8387
10661	8242	20	39	191	0	8492
10662	8268	33	31	42	0	8374
10663	211	25	20	8156	0	8412
10664	53	43	7944	199	0	8239
10665	59	25	182	7971	0	8237
10666	43	29	27	8218	0	8317
10667	51	23	31	8245	0	8350
10668	37	34	28	8192	0	8291
10669	8154	20	23	232	0	8429
10670	214	37	7841	63	0	8155
10671	46	7562	192	70	0	7870
10672	56	185	30	7394	0	7665
10673	64	38	29	7631	0	7762
10674	39	54	7321	216	0	7630
10675	41	51	7139	76	0	7307
10676	38	22	192	7981	0	8233
10677	42	26	32	8173	0	8273
10678	49	26	7482	278	0	7835
10679	35	36	239	7466	0	7776
10680	7560	17	50	291	0	7918
10681	240	8254	54	104	0	8652
10682	66	259	8303	63	0	8691
10683	66	8270	244	53	0	8633
10684	66	274	36	8602	0	8978
10685	54	62	8399	279	0	8794
10686	44	8117	274	68	0	8503
10687	42	280	59	8599	0	8980
10688	53	93	9112	295	0	9553
10689	48	99	326	8933	0	9406
10690	53	74	77	9478	0	9682
10691	9355	52	76	402	0	9885
10692	339	74	68	9341	0	9822
10693	9401	67	69	383	0	9920
10694	9389	55	82	134	0	9660
10695	9438	44	70	133	0	9685
10696	362	36	67	9215	0	9680
10697	126	24	8449	385	0	8984
10698	100	42	8285	140	0	8567
10699	8320	22	310	118	0	8770
10700	372	37	8427	94	0	8930
10701	7391	19	238	71	0	7719
10702	302	9070	77	85	0	9534
10703	9565	258	71	67	0	9961
10704	296	54	9494	76	0	9920
10705	76	33	8633	40	0	8782
10706	59	17	267	8695	0	9038
10707	75	31	8920	269	0	9295
10708	71	67	10131	61	0	10330
10709	79	51	283	9703	0	10116
10710	73	38	100	10185	0	10396
10711	62	35	93	10301	0	10491
10712	39	10123	107	327	0	10596
10713	37	257	95	9977	0	10366
10714	27	10093	105	283	0	10508
10715	10343	237	88	115	0	10783
10716	10289	54	70	96	0	10509
10717	275	31	57	10143	0	10506
10718	58	9115	75	332	0	9580
10719	29	276	9038	135	0	9478
10720	9314	88	292	94	0	9788
10721	329	72	78	9460	0	9939
10722	131	53	53	9553	0	9790
10723	98	46	45	10026	0	10215
10724	9493	63	57	401	0	10014
10725	324	8426	94	141	0	8985
10726	103	8970	89	112	0	9274
10727	8638	344	83	109	0	9174
10728	320	8820	75	146	0	9361
10729	8942	313	59	150	0	9464
10730	8911	103	68	141	0	9223
10731	399	8901	69	140	0	9509
10732	129	385	85	8804	0	9403
10733	114	8849	100	355	0	9418
10734	105	372	83	9008	0	9568
10735	128	134	89	9448	0	9799
10736	9490	91	84	449	0	10114
10737	9733	129	68	179	0	10109
10738	470	114	61	9698	0	10343
10739	152	147	9180	483	0	9962
10740	9043	151	356	231	0	9781
10741	403	9213	118	260	0	9994
10742	198	419	91	9322	0	10030
10743	196	119	66	9659	0	10040
10744	190	100	80	9838	0	10208
10745	8940	99	97	555	0	9691
10746	9008	111	103	237	0	9459
10747	477	8437	138	207	0	9259
10748	223	8995	108	187	0	9513
10749	143	432	105	8981	0	9661
10750	178	159	95	9377	0	9809
10751	198	119	8653	579	0	9549
10752	208	99	318	8317	0	8942
10753	151	157	8095	457	0	8860
10754	165	146	7982	222	0	8515
10755	142	7968	368	207	0	8685
10756	132	404	143	8363	0	9042
10757	8286	118	108	512	0	9024
10758	422	115	124	7673	0	8334
10759	220	107	7307	470	0	8104
10760	7411	98	374	254	0	8137
10761	7682	137	181	185	0	8185
10762	430	129	6875	242	0	7676
10763	201	147	330	7561	0	8239
10764	7400	77	154	490	0	8121
10765	442	7339	137	274	0	8192
10766	7800	357	140	235	0	8532
10767	8076	138	151	179	0	8544
10768	503	127	142	7756	0	8528
10769	227	152	132	8113	0	8624
10770	7805	122	157	533	0	8617
10771	480	132	97	7953	0	8662
10772	257	147	7373	513	0	8290
10773	7659	100	366	264	0	8389
10774	8160	109	149	254	0	8672
10775	495	8044	110	267	0	8916
10776	212	7686	75	250	0	8223
10777	163	1371	87	6389	0	8010
10778	176	7556	96	439	0	8267
10779	193	330	100	7875	0	8498
10780	7771	152	70	470	0	8463
10781	6522	76	77	155	0	6830
10782	330	6441	53	157	0	6981
10783	6334	287	69	124	0	6814
10784	317	6479	52	146	0	6994
10785	6575	284	38	121	0	7018
10786	6749	108	48	134	0	7039
10787	388	107	6236	100	0	6831
10788	5757	70	186	89	0	6102
10789	295	5554	69	69	0	5987
10790	133	5891	50	104	0	6178
10791	5921	265	36	104	0	6326
10792	294	110	40	5858	0	6302
10793	146	102	5601	259	0	6108
10794	139	69	187	5791	0	6186
10795	126	85	60	6015	0	6286
10796	113	83	5558	307	0	6061
10797	5539	75	187	133	0	5934
10798	277	5708	83	122	0	6190
10799	5780	228	55	113	0	6176
10800	297	99	58	5875	0	6329
10801	5902	75	48	273	0	6298
10802	235	4068	30	98	0	4431
10803	86	194	32	4195	0	4507
10804	4185	86	30	202	0	4503
10805	237	68	3922	103	0	4330
10806	81	44	3417	76	0	3618
10807	3332	24	151	65	0	3572
10808	160	2367	72	47	0	2646
10809	85	2317	35	49	0	2486
10810	76	164	25	2128	0	2393
10811	60	3145	44	132	0	3381
10812	69	140	23	3256	0	3488
10813	55	84	25	3353	0	3517
10814	69	52	14	3308	0	3443
10815	71	3153	25	183	0	3432
10816	42	146	39	3326	0	3553
10817	58	85	3099	159	0	3401
10818	62	3193	113	111	0	3479
10819	25	86	31	2281	0	2423
10820	29	2350	24	89	0	2492
10821	2419	78	21	43	0	2561
10822	2393	48	13	39	0	2493
10823	2438	33	17	21	0	2509
10824	115	2344	15	30	0	2504
10825	72	96	8	2399	0	2575
10826	50	64	2301	85	0	2500
10827	40	44	2288	57	0	2429
10828	2328	20	80	39	0	2467
10829	2397	26	47	29	0	2499
10830	104	41	26	2374	0	2545
10831	72	37	18	2454	0	2581
10832	47	50	2281	103	0	2481
10833	33	2248	65	69	0	2415
10834	47	2290	43	57	0	2437
10835	41	109	2316	45	0	2511
10836	23	41	26	1911	0	2001
10837	23	30	23	1823	0	1899
10838	23	27	19	1964	0	2033
10839	32	34	16	2908	0	2990
10840	2913	31	9	125	0	3078
10841	115	33	2762	51	0	2961
10842	2850	36	86	36	0	3008
10843	120	31	24	2910	0	3085
10844	2871	48	14	116	0	3049
10845	132	34	13	2925	0	3104
10846	62	42	2782	126	0	3012
10847	45	24	96	2920	0	3085
10848	47	34	3799	116	0	3996
10849	45	34	92	4173	0	4344
10850	59	38	4471	111	0	4679
10851	45	4451	97	63	0	4656
10852	37	111	37	4595	0	4780
10853	54	46	24	4499	0	4623
10854	32	4495	35	157	0	4719
10855	4698	100	28	68	0	4894
10856	119	52	38	4637	0	4846
10857	41	45	28	4800	0	4914
10858	4709	45	21	149	0	4924
10859	4675	36	26	75	0	4812
10860	4735	37	32	70	0	4874
10861	4760	19	28	71	0	4878
10862	132	34	4454	66	0	4686
10863	4559	26	95	60	0	4740
10864	4772	21	41	54	0	4888
10865	143	28	26	4653	0	4850
10866	71	32	12	4495	0	4610
10867	4400	28	15	147	0	4590
10868	121	4228	20	71	0	4440
10869	69	97	24	4406	0	4596
10870	62	41	4202	120	0	4425
10871	49	4176	87	77	0	4389
10872	4385	100	37	49	0	4571
10873	4481	43	37	53	0	4614
10874	3753	2	3	10	0	3768
10875	3767	0	2	20	0	3789
10876	87	5	4	3670	0	3766
10877	19	8	3554	82	0	3663
10878	15	8	3574	21	0	3618
10879	12	7	75	4739	0	4833
10880	4764	5	16	172	0	4957
10881	167	3	7	4810	0	4987
10882	72	11	4663	192	0	4938
10883	4686	7	150	70	0	4913
10884	4824	2	57	48	0	4931
10885	218	6	34	6167	0	6425
10886	95	11	6972	174	0	7252
10887	47	14	6925	71	0	7057
10888	6671	2	207	50	0	6930
10889	160	6721	94	47	0	7022
10890	88	171	6872	31	0	7162
10891	47	59	170	6972	0	7248
10892	7129	23	74	201	0	7427
10893	207	6667	66	88	0	7028
10894	99	6937	43	53	0	7132
10895	7153	204	38	41	0	7436
10896	204	74	31	7111	0	7420
10897	7535	35	29	191	0	7790
10898	238	21	31	7500	0	7790
10899	89	23	29	7661	0	7802
10900	56	19	7291	277	0	7643
10901	43	28	6970	126	0	7167
10902	50	42	7309	66	0	7467
10903	41	37	285	7118	0	7481
10904	7421	34	96	223	0	7774
10905	244	28	7286	104	0	7662
10906	118	32	207	7557	0	7914
10907	85	48	7371	260	0	7764
10908	57	7229	257	127	0	7670
10909	59	210	104	7602	0	7975
10910	63	79	87	7688	0	7917
10911	53	41	51	7029	0	7174
10912	6787	18	61	348	0	7214
10913	260	26	62	6852	0	7200
10914	127	27	60	7022	0	7236
10915	6860	26	61	330	0	7277
10916	270	28	6528	166	0	6992
10917	6666	23	233	128	0	7050
10918	6909	25	115	89	0	7138
10919	315	29	7338	103	0	7785
10920	7060	32	247	80	0	7419
10921	281	47	120	7344	0	7792
10922	130	25	7428	286	0	7869
10923	7382	20	232	154	0	7788
10924	7679	16	116	133	0	7944
10925	370	25	68	7488	0	7951
10926	167	24	70	7653	0	7914
10927	117	18	55	7863	0	8053
10928	7542	25	49	348	0	7964
10929	274	7285	71	187	0	7817
10930	7507	208	59	137	0	7911
10931	304	7075	71	104	0	7554
10932	135	7377	85	107	0	7704
10933	121	259	75	7513	0	7968
10934	94	105	48	7706	0	7953
10935	86	41	61	7661	0	7849
10936	106	23	52	7778	0	7959
10937	93	36	6291	398	0	6818
10938	6232	17	189	203	0	6641
10939	192	28	91	6636	0	6947
10940	111	36	6422	225	0	6794
10941	110	30	164	6470	0	6774
10942	48	51	97	6700	0	6896
10943	99	36	6410	261	0	6806
10944	69	34	163	6520	0	6786
10945	53	30	105	6577	0	6765
10946	6462	17	49	321	0	6849
10947	185	24	6281	213	0	6703
10948	5279	18	188	120	0	5605
10949	223	5022	107	111	0	5463
10950	4915	167	92	73	0	5247
10951	4882	87	57	68	0	5094
10952	248	65	46	4852	0	5211
10953	133	38	4721	234	0	5126
10954	91	4632	171	172	0	5066
10955	73	161	100	4638	0	4972
10956	74	4749	85	218	0	5126
10957	4872	189	55	144	0	5260
10958	201	99	4770	106	0	5176
10959	131	73	4702	105	0	5011
10960	84	28	243	4806	0	5161
10961	91	31	4789	228	0	5139
10962	67	40	187	4840	0	5134
10963	53	30	121	4981	0	5185
10964	4863	34	82	280	0	5259
10965	188	4702	51	213	0	5154
10966	113	165	70	4835	0	5183
10967	87	89	55	4963	0	5194
10968	63	50	58	4939	0	5110
10969	71	4537	74	286	0	4968
10970	73	4823	61	177	0	5134
10971	4777	202	65	123	0	5167
10972	4831	94	61	103	0	5089
10973	4790	56	63	119	0	5028
10974	296	36	4609	82	0	5023
10975	144	57	161	4691	0	5053
10976	93	32	4574	251	0	4950
10977	100	4486	196	153	0	4935
10978	3757	1213	105	129	0	5204
10979	94	29	3589	43	0	3755
10980	40	24	72	3646	0	3782
10981	43	13	3648	92	0	3796
10982	3391	23	75	52	0	3541
10983	3641	12	22	59	0	3734
10984	3680	14	32	36	0	3762
10985	2393	24	18	47	0	2482
10986	77	7	1373	13	0	1470
10987	1348	8	56	7	0	1419
10988	1438	4	15	12	0	1469
10989	55	1357	22	13	0	1447
10990	1433	47	15	8	0	1503
10991	1471	10	11	9	0	1501
10992	65	9	11	1348	0	1433
10993	22	1394	9	64	0	1489
10994	2220	55	12	21	0	2308
10995	2417	10	6	20	0	2453
10996	181	22	2947	18	0	3168
10997	26	12	3922	5	0	3965
10998	21	12	3942	5	0	3980
10999	13	4	186	3888	0	4091
11000	3967	3	48	161	0	4179
11001	166	3878	22	35	0	4101
11002	3966	165	6	21	0	4158
11003	175	3952	5	12	0	4144
11004	3946	183	3	4	0	4136
11005	177	3907	3	4	0	4091
11006	21	3795	7	4	0	3827
11007	3652	153	4	1	0	3810
11008	133	3689	6	4	0	3832
11009	22	152	0	3793	0	3967
11010	14	25	3675	146	0	3860
11011	4	24	3679	23	0	3730
11012	4	6	156	3557	0	3723
11013	6	2	31	3864	0	3903
11014	5	5	3698	168	0	3876
11015	5	6	134	3609	0	3754
11016	8	4	23	3866	0	3901
11017	3737	3	15	167	0	3922
11018	142	3664	10	44	0	3860
11019	25	149	14	2853	0	3041
11020	18	2976	14	125	0	3133
11021	2985	162	8	22	0	3177
11022	142	2967	6	24	0	3139
11023	3049	171	4	4	0	3228
11024	3136	33	3	7	0	3179
11025	175	19	5	3008	0	3207
11026	43	15	8	3124	0	3190
11027	25	10	8	3186	0	3229
11028	5	13	16	3197	0	3231
11029	9	14	2901	187	0	3111
11030	2718	11	128	49	0	2906
11031	148	2931	26	28	0	3133
11032	34	147	27	4299	0	4507
11033	28	35	17	4335	0	4415
11034	15	4278	19	205	0	4517
11035	4189	179	20	62	0	4450
11036	175	4242	19	47	0	4483
11037	48	197	13	4333	0	4591
11038	42	54	9	4529	0	4634
11039	36	38	8	4547	0	4629
11040	32	32	15	4611	0	4690
11041	4394	22	14	253	0	4683
11042	198	29	4166	86	0	4479
11043	50	30	176	4370	0	4626
11044	51	19	56	4510	0	4636
11045	23	30	44	4551	0	4648
11046	42	13	27	4610	0	4692
11047	4359	31	23	270	0	4683
11048	209	42	5969	112	0	6332
11049	56	46	165	5906	0	6173
11050	54	5738	60	201	0	6053
11051	27	6255	32	77	0	6391
11052	6330	227	16	59	0	6632
11053	214	83	6122	43	0	6462
11054	6097	67	179	44	0	6387
11055	229	50	6079	58	0	6416
11056	73	31	205	6187	0	6496
11057	6300	29	67	228	0	6624
11058	190	6105	67	110	0	6472
11059	66	199	39	5827	0	6131
11060	51	5959	49	192	0	6251
11061	7729	211	23	100	0	8063
11062	7803	68	31	75	0	7977
11063	244	46	24	7749	0	8063
11064	84	67	7347	249	0	7747
11065	74	64	7181	106	0	7425
11066	54	62	196	7392	0	7704
11067	60	8358	79	215	0	8712
11068	31	220	40	9098	0	9389
11069	43	74	20	9051	0	9188
11070	45	68	21	9165	0	9299
11071	38	52	8794	313	0	9197
11072	56	42	183	8785	0	9066
11073	35	38	74	9039	0	9186
11074	35	8398	79	299	0	8811
11075	29	194	49	8917	0	9189
11076	35	52	31	9270	0	9388
11077	43	41	30	9285	0	9399
11078	46	41	27	9258	0	9372
11079	38	34	28	9258	0	9358
11080	31	53	25	9294	0	9403
11081	49	50	16	9267	0	9382
11082	47	62	20	9336	0	9465
11083	54	60	8773	333	0	9220
11084	53	31	180	9001	0	9265
11085	9037	30	63	297	0	9427
11086	208	22	54	9449	0	9733
11087	85	31	9247	314	0	9677
11088	9247	27	221	135	0	9630
11089	9821	45	53	129	0	10048
11090	9866	39	51	105	0	10061
11091	9834	44	33	110	0	10021
11092	306	31	38	9714	0	10089
11093	135	34	10214	313	0	10696
11094	67	8707	132	96	0	9002
11095	29	9034	80	87	0	9230
11096	32	74	29	9196	0	9331
11097	20	31	9	8386	0	8446
11098	10	45	11	8181	0	8247
11099	19	28	3	8356	0	8406
11100	19	19	6	9552	0	9596
11101	9271	13	5	249	0	9538
11102	155	8731	39	151	0	9076
11103	64	8939	54	94	0	9151
11104	32	216	23	9359	0	9630
11105	24	87	19	9480	0	9610
11106	20	55	3	9435	0	9513
11107	19	30	12	9412	0	9473
11108	31	36	8828	308	0	9203
11109	44	8274	162	180	0	8660
11110	25	137	71	9408	0	9641
11111	9201	75	39	239	0	9554
11112	144	37	20	9355	0	9556
11113	79	46	8855	244	0	9224
11114	42	58	8368	137	0	8605
11115	37	54	8734	107	0	8932
11116	35	25	220	8574	0	8854
11117	9129	22	92	241	0	9484
11118	154	34	55	9179	0	9422
11119	86	32	39	9333	0	9490
11120	11012	16	38	280	0	11346
11121	184	25	36	10895	0	11140
11122	115	23	32	11491	0	11661
11123	64	52	12145	282	0	12543
11124	34	10803	266	1129	0	12232
11125	45	232	121	12892	0	13290
11126	12640	137	62	324	0	13163
11127	263	40	36	12873	0	13212
11128	158	65	12707	336	0	13266
11129	85	37	233	12932	0	13287
11130	58	12400	145	358	0	12961
11131	64	241	54	13395	0	13754
11132	23	140	11257	268	0	11688
11133	18	10735	238	176	0	11167
11134	21	208	104	11782	0	12115
11135	12	119	35	11940	0	12106
11136	17	31	20	12685	0	12753
11137	23	24	22	13860	0	13929
11138	28	59	12956	496	0	13539
11139	10	13904	346	235	0	14495
11140	15153	306	143	105	0	15707
11141	15251	154	57	93	0	15555
11142	439	58	41	16383	0	16921
11143	210	80	15925	505	0	16720
11144	15239	38	441	222	0	15940
11145	492	27	167	16408	0	17094
11146	208	55	15832	541	0	16636
11147	95	26	462	16073	0	16656
11148	62	28	186	14857	0	15133
11149	47	33	90	15145	0	15315
11150	56	58	13911	737	0	14762
11151	56	25	423	13852	0	14356
11152	49	15589	211	603	0	16452
11153	16553	435	113	298	0	17399
11154	16614	191	88	180	0	17073
11155	16917	99	59	161	0	17236
11156	697	15892	84	147	0	16820
11157	16768	485	68	135	0	17456
11158	580	203	68	16514	0	17365
11159	16672	95	68	599	0	17434
11160	16509	77	54	299	0	16939
11161	691	76	14567	217	0	15551
11162	263	14452	485	189	0	15389
11163	15179	481	203	171	0	16034
11164	535	208	110	15235	0	16088
11165	274	139	14530	578	0	15521
11166	153	14258	481	315	0	15207
11167	14002	492	197	198	0	14889
11168	552	205	119	14043	0	14919
11169	274	121	80	14427	0	14902
11170	191	81	55	14540	0	14867
11171	153	13382	96	748	0	14379
11172	129	485	72	14250	0	14936
11173	99	13526	73	684	0	14382
11174	139	503	68	14402	0	15112
11175	132	243	13346	691	0	14412
11176	123	107	498	13931	0	14659
11177	104	140	213	14391	0	14848
11178	135	111	106	14703	0	15055
11179	170	95	13274	830	0	14369
11180	135	71	488	13893	0	14587
11181	97	91	225	14444	0	14857
11182	117	80	148	14550	0	14895
11183	126	80	85	14505	0	14796
11184	135	64	92	14673	0	14964
11185	129	89	13265	914	0	14397
11186	89	96	462	13641	0	14288
11187	98	98	189	14174	0	14559
11188	12890	92	109	855	0	13946
11189	516	12186	125	484	0	13311
11190	229	12875	135	308	0	13547
11191	175	590	101	13222	0	14088
11192	163	263	82	13442	0	13950
11193	173	11801	85	812	0	12871
11194	130	495	100	12412	0	13137
11195	121	11865	94	716	0	12796
11196	103	497	87	12069	0	12756
11197	145	236	63	13586	0	14030
11198	158	159	12295	800	0	13412
11199	121	11985	445	474	0	13025
11200	69	11615	178	254	0	12116
11201	11561	486	99	233	0	12379
11202	374	11483	72	288	0	12217
11203	189	445	82	11979	0	12695
11204	2113	222	9307	532	0	12174
11205	109	163	370	11626	0	12268
11206	11657	134	136	576	0	12503
11207	431	128	10871	366	0	11796
11208	181	10887	371	332	0	11771
11209	102	440	163	11391	0	12096
11210	103	211	88	12151	0	12553
11211	11762	122	79	658	0	12621
11212	403	109	57	11789	0	12358
11213	177	71	89	12120	0	12457
11214	99	103	79	12204	0	12485
11215	64	115	75	12285	0	12539
11216	11682	93	50	754	0	12579
11217	11745	101	71	400	0	12317
11218	483	76	69	11902	0	12530
11219	11790	99	73	616	0	12578
11220	458	75	56	10423	0	11012
11221	204	87	9738	645	0	10674
11222	136	86	9209	405	0	9836
11223	86	56	306	7983	0	8431
11224	70	7741	138	403	0	8352
11225	52	275	74	8586	0	8987
11226	8389	80	64	471	0	9004
11227	317	68	46	8525	0	8956
11228	7787	82	50	429	0	8348
11229	291	69	52	8026	0	8438
11230	100	55	7582	478	0	8215
11231	92	7105	240	256	0	7693
11232	99	7583	80	194	0	7956
11233	80	318	49	7864	0	8311
11234	61	123	7404	408	0	7996
11235	39	7108	288	242	0	7677
11236	31	1308	53	5907	0	7299
11237	5751	18	4	199	0	5972
11238	165	32	5372	50	0	5619
11239	29	25	128	4219	0	4401
11240	16	22	8	4525	0	4571
11241	24	28	4206	192	0	4450
11242	3	14	2548	10	0	2575
11243	2	11	3584	0	0	3597
11244	0	2	3	3624	0	3629
11245	1	4	3649	1	0	3655
11246	3256	0	4	4	0	3264
11247	3	1	1	3753	0	3758
11248	2	5	3675	5	0	3687
11249	1	3693	17	9	0	3720
11250	4	7	4061	1	0	4073
11251	1	4	3	3964	0	3972
11252	2539	0	0	2	0	2541
11253	2	1	0	2477	0	2480
11254	0	2	0	2508	0	2510
11255	2529	0	1	2	0	2532
11256	2	1	0	2479	0	2482
11257	2	0	2454	2	0	2458
11258	2408	0	2	2	0	2412
11259	2	3112	20	2	0	3136
11260	3576	2	1	0	0	3579
11261	2	0	0	3521	0	3523
11262	1	5	3389	2	0	3397
11263	5	10	3609	2	0	3626
11264	0	2	2	3879	0	3883
11265	1	1	0	3886	0	3888
11266	3	2	3794	4	0	3803
11267	1	20	3453	1	0	3475
11268	3924	0	2	1	0	3927
11269	2	2	1	3986	0	3991
11270	4047	0	1	2	0	4050
11271	1	2	0	3982	0	3985
11272	3	11	5727	2	0	5743
11273	2	10	5478	5	0	5495
11274	1	1	1	5833	0	5836
11275	0	1	0	5900	0	5901
11276	4	2	5830	5	0	5841
11277	5457	2	4	1	0	5464
11278	2	0	0	5943	0	5945
11279	7670	1	1	6	0	7678
11280	193	7118	16	7	0	7334
11281	7	203	0	10723	0	10933
11282	10700	5	1	268	0	10974
11283	278	36	10742	25	0	11081
11284	29	22	231	10961	0	11243
11285	27	2	24	11240	0	11293
11286	25	3	23	11557	0	11608
11287	5	19	10875	346	0	11245
11288	35	4	235	10849	0	11123
11289	6	10565	80	315	0	10966
11290	6	260	24	11390	0	11680
11291	14	46	10928	332	0	11320
11292	11	56	10729	86	0	10882
11293	3	28	295	10947	0	11273
11294	15	9	54	11157	0	11235
11295	4	33	59	11327	0	11423
11296	5	5	32	11615	0	11657
11297	10157	6	48	359	0	10570
11298	10262	12	39	101	0	10414
11299	296	35	10866	103	0	11300
11300	50	11152	273	90	0	11565
11301	62	267	38	12117	0	12484
11302	13751	26	36	328	0	14141
11303	13340	39	44	61	0	13484
11304	13796	26	27	66	0	13915
11305	13831	7	39	74	0	13951
11306	357	43	13139	47	0	13586
11307	12996	12	258	74	0	13340
11308	356	12897	72	51	0	13376
11309	107	263	43	13741	0	14154
11310	82	46	13289	296	0	13713
11311	76	40	277	13231	0	13624
11312	40	57	13279	341	0	13717
11313	64	21	288	13354	0	13727
11314	33	43	74	13951	0	14101
11315	13741	8	50	409	0	14208
11316	297	17	72	13722	0	14108
11317	58	32	13403	405	0	13898
11318	45	19	307	13656	0	14027
11319	13637	15	51	399	0	14102
11320	306	23	57	13703	0	14089
11321	105	27	13189	376	0	13697
11322	60	12585	313	160	0	13118
11323	13889	272	81	140	0	14382
11324	306	50	69	13049	0	13474
11325	98	15051	85	299	0	15533
11326	15731	302	42	139	0	16214
11327	341	77	15145	88	0	15651
11328	88	14281	321	99	0	14789
11329	104	313	78	15703	0	16198
11330	77	60	15529	350	0	16016
11331	54	86	324	14957	0	15421
11332	15696	41	75	398	0	16210
11333	312	53	15176	144	0	15685
11334	87	65	278	15339	0	15769
11335	105	51	15326	404	0	15886
11336	93	23	346	15128	0	15590
11337	86	34	100	15817	0	16037
11338	15752	41	91	414	0	16298
11339	310	14666	157	183	0	15316
11340	93	293	61	15796	0	16243
11341	15654	46	86	432	0	16218
11342	15573	38	59	179	0	15849
11343	368	41	80	14586	0	15075
11344	155	14239	114	399	0	14907
11345	122	15073	95	179	0	15469
11346	101	328	60	15632	0	16121
11347	85	210	79	15762	0	16136
11348	15531	86	77	445	0	16139
11349	312	86	80	15103	0	15581
11350	95	91	14478	465	0	15129
11351	13561	68	311	199	0	14139
11352	323	13937	133	192	0	14585
11353	15091	298	74	205	0	15668
11354	427	79	14393	147	0	15046
11355	127	14266	360	187	0	14940
11356	15856	376	111	141	0	16484
11357	16100	86	96	109	0	16391
11358	481	140	15337	121	0	16079
11359	14449	61	377	111	0	14998
11360	15062	67	138	93	0	15360
11361	484	14039	135	118	0	14776
11362	268	364	66	14968	0	15666
11363	237	124	13864	408	0	14633
11364	148	99	377	14011	0	14635
11365	179	88	14033	451	0	14751
11366	103	76	420	14182	0	14781
11367	14470	92	134	484	0	15180
11368	411	63	114	14782	0	15370
11369	132	69	15697	513	0	16411
11370	15897	45	501	230	0	16673
11371	543	45	178	16299	0	17065
11372	185	62	13953	599	0	14799
11373	13781	33	504	256	0	14574
11374	532	42	163	14643	0	15380
11375	200	74	13952	598	0	14824
11376	206	83	13689	265	0	14243
11377	125	62	580	14033	0	14800
11378	135	74	14066	600	0	14875
11379	112	11448	388	189	0	12137
11380	105	258	147	12725	0	13235
11381	9546	62	79	182	0	9869
11382	192	68	9226	89	0	9575
11383	75	12	8676	80	0	8843
11384	8002	17	240	21	0	8280
11385	197	11	8870	30	0	9108
11386	8178	3	264	22	0	8467
11387	254	8	8753	22	0	9037
11388	83	7	265	8466	0	8821
11389	85	16	8767	195	0	9063
11390	20	9	263	8836	0	9128
11391	34	22	9098	258	0	9412
11392	24	20	8920	89	0	9053
11393	7890	8	278	103	0	8279
11394	197	8429	186	23	0	8835
11395	9147	183	77	36	0	9443
11396	263	8663	71	20	0	9017
11397	115	237	47	8864	0	9263
11398	113	85	45	9212	0	9455
11399	8528	79	43	264	0	8914
11400	234	19	45	8065	0	8363
11401	104	42	7852	273	0	8271
11402	6597	16	207	115	0	6935
11403	6780	13	118	103	0	7014
11404	279	18	100	6706	0	7103
11405	149	29	6512	236	0	6926
11406	104	21	211	6592	0	6928
11407	60	6446	113	275	0	6894
11408	60	187	94	6674	0	7015
11409	50	76	44	7028	0	7198
11410	56	80	6530	286	0	6952
11411	6069	28	203	196	0	6496
11412	215	6460	127	118	0	6920
11413	6652	193	97	71	0	7013
11414	271	6573	49	76	0	6969
11415	102	247	58	6508	0	6915
11416	102	6504	66	220	0	6892
11417	48	270	6449	115	0	6882
11418	52	87	226	6195	0	6560
11419	49	97	107	6566	0	6819
11420	54	27	93	6981	0	7155
11421	6732	44	64	340	0	7180
11422	233	32	72	6829	0	7166
11423	6520	24	71	300	0	6915
11424	6669	31	49	149	0	6898
11425	5039	27	85	134	0	5285
11426	374	34	4603	74	0	5085
11427	191	24	231	4769	0	5215
11428	125	35	131	4947	0	5238
11429	83	28	139	5509	0	5759
11430	5502	23	77	476	0	6078
11431	306	31	91	5605	0	6033
11432	132	34	100	5885	0	6151
11433	8335	34	84	434	0	8887
11434	611	37	73	8519	0	9240
11435	215	43	8529	698	0	9485
11436	162	56	8825	227	0	9270
11437	116	30	673	8994	0	9813
11438	8724	27	236	723	0	9710
11439	9078	24	192	227	0	9521
11440	776	16	115	8905	0	9812
11441	284	40	8397	717	0	9438
11442	181	8443	650	247	0	9521
11443	130	588	198	8545	0	9461
11444	127	141	151	8774	0	9193
11445	148	108	98	9017	0	9371
11446	8385	50	116	904	0	9455
11447	672	62	7978	360	0	9072
11448	8414	66	624	229	0	9333
11449	756	59	174	7736	0	8725
11450	253	8149	141	652	0	9195
11451	8374	599	99	274	0	9346
11452	8762	155	99	222	0	9238
11453	804	139	7490	134	0	8567
11454	313	7491	587	170	0	8561
11455	183	7428	141	122	0	7874
11456	6977	632	108	139	0	7856
11457	616	188	79	6988	0	7871
11458	201	118	94	7569	0	7982
11459	183	66	76	7445	0	7770
11460	95	6451	89	750	0	7385
11461	110	7522	48	276	0	7956
11462	7069	661	40	228	0	7998
11463	619	189	41	7226	0	8075
11464	170	122	7901	680	0	8873
11465	148	89	557	8401	0	9195
11466	96	119	10603	766	0	11584
11467	135	133	11149	232	0	11649
11468	134	134	10677	205	0	11150
11469	75	8870	845	129	0	9919
11470	82	613	435	7901	0	9031
11471	71	9166	290	593	0	10120
11472	56	730	209	9014	0	10009
11473	63	303	167	9821	0	10354
11474	9022	208	107	920	0	10257
11475	659	158	85	9543	0	10445
11476	9142	118	70	941	0	10271
11477	9671	80	60	458	0	10269
11478	917	82	76	8748	0	9823
11479	408	10191	95	814	0	11508
11480	333	625	79	10309	0	11346
11481	235	10421	90	834	0	11580
11482	146	743	75	11017	0	11981
11483	153	369	11230	882	0	12634
11484	128	236	599	11814	0	12777
11485	106	181	248	12618	0	13153
11486	11329	138	173	1058	0	12698
11487	641	11538	154	543	0	12876
11488	314	671	123	11855	0	12963
11489	236	249	112	12210	0	12807
11490	188	11151	148	984	0	12471
11491	140	751	118	11741	0	12750
11492	10920	328	104	996	0	12348
11493	11536	237	62	474	0	12309
11494	875	11097	73	380	0	12425
11495	403	721	74	11569	0	12767
11496	10974	274	91	890	0	12229
11497	776	11312	83	423	0	12594
11498	383	809	76	10734	0	12002
11499	350	10832	74	857	0	12113
11500	10994	817	130	499	0	12440
11501	782	412	10590	374	0	12158
11502	349	293	10981	331	0	11954
11503	315	259	861	10916	0	12351
11504	309	207	10706	876	0	12098
11505	236	175	862	11036	0	12309
11506	10911	168	442	974	0	12495
11507	791	170	12763	527	0	14251
11508	327	191	828	12716	0	14062
11509	263	202	340	13826	0	14631
11510	13066	170	222	1174	0	14632
11511	805	13930	211	619	0	15565
11512	14408	678	144	568	0	15798
11513	14530	319	180	419	0	15448
11514	1034	13580	154	375	0	15143
11515	503	802	118	14520	0	15943
11516	429	479	13461	822	0	15191
11517	407	315	620	13603	0	14945
11518	315	13715	280	875	0	15185
11519	14340	795	275	494	0	15904
11520	734	407	225	14577	0	15943
11521	329	370	15220	976	0	16895
11522	286	256	716	15694	0	16952
11523	240	197	366	16500	0	17303
11524	202	213	238	16695	0	17348
11525	173	210	173	16701	0	17257
11526	158	247	123	16488	0	17016
11527	140	278	15166	1397	0	16981
11528	181	206	15064	832	0	16283
11529	172	14808	740	704	0	16424
11530	166	15694	430	523	0	16813
11531	15981	770	302	468	0	17521
11532	755	387	15727	348	0	17217
11533	12472	223	329	117	0	13141
11534	397	208	12479	135	0	13219
11535	251	116	11949	126	0	12442
11536	202	70	433	11863	0	12568
11537	12579	80	306	325	0	13290
11538	285	46	220	12459	0	13010
11539	177	82	157	12541	0	12957
11540	161	47	12567	528	0	13303
11541	115	59	274	12641	0	13089
11542	94	61	180	12991	0	13326
11543	68	48	128	13436	0	13680
11544	87	53	139	13256	0	13535
11545	88	53	82	13421	0	13644
11546	12988	51	66	633	0	13738
11547	274	44	61	13369	0	13748
11548	183	64	12669	562	0	13478
11549	162	68	226	13059	0	13515
11550	145	61	12744	493	0	13443
11551	111	76	306	12725	0	13218
11552	84	76	15466	452	0	16078
11553	66	47	369	15025	0	15507
11554	53	64	227	18365	0	18709
11555	48	68	17730	534	0	18380
11556	15746	42	339	413	0	16540
11557	247	57	18444	331	0	19079
11558	196	55	314	18229	0	18794
11559	18765	35	241	400	0	19441
11560	314	38	205	18992	0	19549
11561	230	21	143	19235	0	19629
11562	174	56	19610	512	0	20352
11563	132	18201	276	439	0	19048
11564	74	17589	200	291	0	18154
11565	76	18026	173	258	0	18533
11566	4	8	3	16120	0	16135
11567	16190	1	3	4	0	16198
11568	2	6	5	15701	0	15714
11569	1	6	3	15789	0	15799
11570	5	3	0	15944	0	15952
11571	3	4	0	15866	0	15873
11572	1	14866	21	12	0	14900
11573	5	1	4	16154	0	16164
11574	1	7	5	16022	0	16035
11575	0	15137	24	13	0	15174
11576	16152	1	1	8	0	16162
11577	1	5	2	15980	0	15988
11578	15877	1	2	13	0	15893
11579	14469	1	2	10	0	14482
11580	4	13868	26	7	0	13905
11581	3	4	4	14793	0	14804
11582	6	6	14235	7	0	14254
11583	10	15	12842	8	0	12875
11584	5	3	5	13264	0	13277
11585	13875	1	5	5	0	13886
11586	13565	4	4	7	0	13580
11587	1	4	4	13557	0	13566
11588	13778	1	66	9	0	13854
11589	4	12850	31	9	0	12894
11590	13563	4	4	2	0	13573
11591	2	12801	33	7	0	12843
11592	5	3	2	13535	0	13545
11593	7	3	0	13481	0	13491
11594	2	12858	28	11	0	12899
11595	13508	1	3	9	0	13521
11596	10	20	12887	8	0	12925
11597	0	2	2	13126	0	13130
11598	4	12	13290	1	0	13307
11599	0	4	4	12843	0	12851
11600	13557	0	1	4	0	13562
11601	0	4	0	13209	0	13213
11602	13345	1	1	5	0	13352
11603	13176	1	4	0	0	13181
11604	4	9	1	12931	0	12945
11605	6	15	12807	1	0	12829
11606	1	11500	60	10	0	11571
11607	0	2	1	11271	0	11274
11608	11255	0	0	4	0	11259
11609	3	25	10554	1	0	10583
11610	3	5	3	10474	0	10485
11611	0	4	1	9847	0	9852
11612	1	1	1	10130	0	10133
11613	10187	0	0	2	0	10189
11614	0	6	2	9873	0	9881
11615	2	1	0	10097	0	10100
11616	7	18	13061	0	0	13086
11617	5	7	72	12893	0	12977
11618	2	8	33	13387	0	13430
11619	4	1	7	13635	0	13647
11620	0	12624	34	117	0	12775
11621	3	73	2	12745	0	12823
11622	2	39	3	12686	0	12730
11623	12215	4	7	199	0	12425
11624	135	24	11772	73	0	12004
11625	69	29	11067	30	0	11195
11626	10	10901	215	19	0	11145
11627	4	120	54	12507	0	12685
11628	12441	61	9	136	0	12647
11629	125	13	5	11412	0	11555
11630	60	10	6	12078	0	12154
11631	15	4	5	12254	0	12278
11632	15	3	10	12194	0	12222
11633	2	3	11	12216	0	12232
11634	6	20	11761	219	0	12006
11635	7	7	114	11877	0	12005
11636	11951	1	50	164	0	12166
11637	121	11210	50	85	0	11466
11638	54	126	9	12070	0	12259
11639	14	68	7	12221	0	12310
11640	10	31	11209	212	0	11462
11641	11	8	131	10942	0	11092
11642	2	4	70	11566	0	11642
11643	11804	3	13	230	0	12050
11644	134	11325	27	116	0	11602
11645	64	150	6	11847	0	12067
11646	16	76	6	11936	0	12034
11647	9	15	10	12451	0	12485
11648	23	27	11733	311	0	12094
11649	30	68	10788	128	0	11014
11650	10	10448	281	95	0	10834
11651	21	11133	132	75	0	11361
11652	17	290	54	9304	0	9665
11653	11	8668	85	239	0	9003
11654	27	255	23	8492	0	8797
11655	14	113	24	11656	0	11807
11656	19	58	23	11887	0	11987
11657	9	53	26	17833	0	17921
11658	14	106	15468	1252	0	16840
11659	16	36	625	17589	0	18266
11660	22	39	396	17029	0	17486
11661	10	33	229	17904	0	18176
11662	14879	24	227	1678	0	16808
11663	648	15360	215	1133	0	17356
11664	420	704	142	14303	0	15569
11665	243	16020	171	1292	0	17726
11666	14989	971	111	986	0	17057
11667	12816	701	104	775	0	14396
11668	1042	15528	67	631	0	17268
11669	683	16361	70	472	0	17586
11670	462	1517	13868	388	0	16235
11671	386	15958	699	401	0	17444
11672	333	1304	416	15947	0	18000
11673	15259	925	312	1067	0	17563
11674	903	15003	270	1644	0	17820
11675	575	1182	257	15955	0	17969
11676	336	926	204	16778	0	18244
11677	368	597	202	17303	0	18470
11678	15993	531	152	1814	0	18490
11679	1004	472	14464	1370	0	17310
11680	15644	392	690	1065	0	17791
11681	1184	15475	452	886	0	17997
11682	807	990	295	16367	0	18459
11683	582	758	14858	1342	0	17540
11684	15026	516	918	993	0	17453
11685	1189	15486	652	682	0	18009
11686	775	1165	448	15224	0	17612
11687	534	15730	343	1272	0	17879
11688	448	1255	297	16199	0	18199
11689	374	907	246	17052	0	18579
11690	314	666	14657	1825	0	17462
11691	335	504	15327	1305	0	17471
11692	289	500	1163	16536	0	18488
11693	272	427	15418	1620	0	17737
11694	164	355	1239	16266	0	18024
11695	235	240	880	16593	0	17948
11696	197	268	701	17447	0	18613
11697	15609	177	569	2155	0	18510
11698	888	215	563	17001	0	18667
11699	625	273	15698	1979	0	18575
11700	16458	289	966	1520	0	19233
11701	1028	252	631	17410	0	19321
11702	770	278	456	18055	0	19559
11703	16532	231	408	2070	0	19241
11704	1190	16200	400	1407	0	19197
11705	831	896	333	17285	0	19345
11706	521	620	365	18258	0	19764
11707	16877	468	276	2133	0	19754
11708	1151	360	15509	1560	0	18580
11709	766	378	826	17552	0	19522
11710	578	308	576	17966	0	19428
11711	552	323	416	17508	0	18799
11712	507	16220	371	2131	0	19229
11713	360	862	350	18157	0	19729
11714	16398	570	317	2043	0	19328
11715	1054	16558	307	1580	0	19499
11716	13387	977	178	1221	0	15763
11717	1042	14728	161	1054	0	16985
11718	15206	1152	134	934	0	17426
11719	1308	953	13944	716	0	16921
11720	992	724	14249	751	0	16716
11721	14451	516	1046	615	0	16628
11722	1270	506	13814	516	0	16106
11723	941	432	1113	13885	0	16371
11724	636	345	846	14308	0	16135
11725	563	298	698	15232	0	16791
11726	14399	237	589	1755	0	16980
11727	1026	306	13638	1243	0	16213
11728	14395	269	947	1132	0	16743
11729	1233	266	647	14664	0	16810
11730	14194	354	429	1468	0	16445
11731	1378	237	420	14344	0	16379
11732	14336	351	393	1379	0	16459
11733	1568	252	331	15611	0	17762
11734	1058	273	14289	1510	0	17130
11735	15499	257	955	1099	0	17810
11736	16005	207	603	1014	0	17829
11737	1734	155	526	15458	0	17873
11738	1148	211	443	15434	0	17236
11739	902	14588	496	1710	0	17696
11740	15204	762	405	1277	0	17648
11741	1372	15435	321	1039	0	18167
11742	16184	977	286	979	0	18426
11743	1509	682	14463	860	0	17514
11744	1001	547	14533	884	0	16965
11745	920	430	14739	672	0	16761
11746	14123	399	1922	588	0	17032
11747	1359	14282	901	429	0	16971
11748	940	853	727	14653	0	17173
11749	14524	506	657	1082	0	16769
11750	1182	14548	579	775	0	17084
11751	958	931	415	14315	0	16619
11752	661	13876	378	1180	0	16095
11753	609	14099	279	995	0	15982
11754	586	14428	172	632	0	15818
11755	9572	923	112	371	0	10978
11756	731	10726	151	371	0	11979
11757	45	3942	11	9	0	4007
11758	26	4097	11	18	0	4152
11759	4151	150	7	16	0	4324
11760	4227	55	7	10	0	4299
11761	158	34	3971	11	0	4174
11762	4011	13	103	13	0	4140
11763	4194	15	39	8	0	4256
11764	153	18	22	4755	0	4948
11765	4952	18	12	169	0	5151
11766	193	42	4453	46	0	4734
11767	67	4663	143	21	0	4894
11768	4850	165	45	2	0	5062
11769	171	50	19	4685	0	4925
11770	4956	27	11	154	0	5148
11771	190	31	4477	52	0	4750
11772	4658	22	151	24	0	4855
11773	188	27	35	4803	0	5053
11774	67	24	4609	171	0	4871
11775	31	4494	153	51	0	4729
11776	22	7098	56	27	0	7203
11777	19	211	23	7047	0	7300
11778	29	81	5	7018	0	7133
11779	18	6994	18	193	0	7223
11780	7289	178	9	59	0	7535
11781	7297	64	8	19	0	7388
11782	7102	39	13	15	0	7169
11783	230	7002	19	26	0	7277
11784	80	179	16	6889	0	7164
11785	46	7059	23	151	0	7279
11786	7266	177	19	50	0	7512
11787	7295	54	22	29	0	7400
11788	236	6976	29	20	0	7261
11789	7328	180	12	29	0	7549
11790	206	75	7	7179	0	7467
11791	89	34	20	7309	0	7452
11792	7321	23	30	227	0	7601
11793	7245	26	28	71	0	7370
11794	7402	22	29	46	0	7499
11795	267	25	25	7102	0	7419
11796	86	35	30	7380	0	7531
11797	67	50	6936	240	0	7293
11798	53	55	167	7023	0	7298
11799	58	61	54	6487	0	6660
11800	74	52	6255	228	0	6609
11801	70	63	5975	102	0	6210
11802	72	46	6313	43	0	6474
11803	60	41	248	6232	0	6581
11804	82	54	6264	193	0	6593
11805	66	47	176	6188	0	6477
11806	66	56	61	6438	0	6621
11807	63	63	6214	237	0	6577
11808	65	80	6171	89	0	6405
11809	55	71	192	6088	0	6406
11810	41	74	6238	216	0	6569
11811	57	74	6114	81	0	6326
11812	71	5728	233	58	0	6090
11813	6251	208	71	44	0	6574
11814	6300	92	36	36	0	6464
11815	6178	76	32	34	0	6320
11816	266	5944	30	63	0	6303
11817	125	5161	28	57	0	5371
11818	91	231	34	5157	0	5513
11819	87	87	33	5318	0	5525
11820	76	63	4983	257	0	5379
11821	95	33	180	5077	0	5385
11822	5194	31	89	231	0	5545
11823	219	48	62	4807	0	5136
11824	110	4908	56	207	0	5281
11825	5190	189	50	86	0	5515
11826	5212	77	40	62	0	5391
11827	5289	48	37	70	0	5444
11828	291	27	4948	82	0	5348
11829	116	35	201	4984	0	5336
11830	6797	26	92	232	0	7147
11831	361	55	6539	118	0	7073
11832	162	6595	339	93	0	7189
11833	40	5802	94	41	0	5977
11834	5221	274	32	33	0	5560
11835	215	5249	29	20	0	5513
11836	104	237	20	5306	0	5667
11837	41	110	5134	217	0	5502
11838	44	29	191	5271	0	5535
11839	5303	39	76	246	0	5664
11840	212	4722	31	132	0	5097
11841	4991	225	24	40	0	5280
11842	251	99	4651	32	0	5033
11843	120	21	202	4610	0	4953
11844	33	6068	94	212	0	6407
11845	51	222	23	8566	0	8862
11846	9623	94	27	246	0	9990
11847	9751	31	14	114	0	9910
11848	9796	28	11	31	0	9866
11849	9851	20	18	27	0	9916
11850	331	28	15	9542	0	9916
11851	138	34	9330	247	0	9749
11852	50	20	212	9254	0	9536
11853	32	8864	113	254	0	9263
11854	9629	220	29	123	0	10001
11855	245	102	9332	49	0	9728
11856	9198	33	211	48	0	9490
11857	250	25	101	9505	0	9881
11858	123	34	10128	246	0	10531
11859	54	13	219	10128	0	10414
11860	10394	15	115	252	0	10776
11861	10397	22	30	127	0	10576
11862	10297	14	41	46	0	10398
11863	345	26	10058	51	0	10480
11864	117	30	144	8940	0	9231
11865	51	32	9375	175	0	9633
11866	44	8896	176	95	0	9211
11867	9564	171	84	34	0	9853
11868	180	9050	33	33	0	9296
11869	9597	187	30	23	0	9837
11870	197	100	13	9261	0	9571
11871	112	9016	31	170	0	9329
11872	9509	186	17	84	0	9796
11873	196	100	9231	22	0	9549
11874	99	27	154	9165	0	9445
11875	9380	31	86	186	0	9683
11876	200	28	7105	93	0	7426
11877	121	19	151	7064	0	7355
11878	58	6870	95	179	0	7202
11879	51	169	37	7393	0	7650
11880	43	108	25	7444	0	7620
11881	7261	33	12	271	0	7577
11882	199	7028	29	110	0	7366
11883	112	178	23	7239	0	7552
11884	33	7120	43	190	0	7386
11885	55	192	24	8098	0	8369
11886	36	8052	43	279	0	8410
11887	8260	296	27	113	0	8696
11888	316	152	7912	39	0	8419
11889	124	40	259	8044	0	8467
11890	55	37	104	8315	0	8511
11891	56	23	34	8488	0	8601
11892	37	31	34	8460	0	8562
11893	70	26	8007	407	0	8510
11894	53	7662	282	151	0	8148
11895	8161	281	89	70	0	8601
11896	8266	103	26	44	0	8439
11897	346	7878	61	50	0	8335
11898	8290	296	27	46	0	8659
11899	8278	121	26	44	0	8469
11900	362	7858	35	64	0	8319
11901	145	307	10	7855	0	8317
11902	70	7982	38	259	0	8349
11903	8184	302	26	100	0	8612
11904	323	136	7861	47	0	8367
11905	7689	39	281	67	0	8076
11906	318	46	7948	64	0	8376
11907	143	27	274	7867	0	8311
11908	8124	25	117	308	0	8574
11909	346	36	8278	124	0	8784
11910	8360	27	290	60	0	8737
11911	8919	15	108	88	0	9130
11912	393	33	31	8307	0	8764
11913	140	10362	81	259	0	10842
11914	11332	289	24	114	0	11759
11915	330	144	23	11049	0	11546
11916	157	11141	48	310	0	11656
11917	12172	295	18	125	0	12610
11918	331	132	21	11980	0	12464
11919	138	11304	56	323	0	11821
11920	50	303	39	12292	0	12684
11921	12231	111	25	341	0	12708
11922	12248	33	30	159	0	12470
11923	12292	64	29	54	0	12439
11924	406	20	49	11684	0	12159
11925	150	31	30	12209	0	12420
11926	83	66	11673	396	0	12218
11927	72	21	272	11347	0	11712
11928	69	55	11727	344	0	12195
11929	91	72	11268	139	0	11570
11930	21	32	9552	15	0	9620
11931	13	9045	151	20	0	9229
11932	24	122	24	9691	0	9861
11933	15	11234	41	88	0	11378
11934	11974	286	14	13	0	12287
11935	11976	72	21	14	0	12083
11936	349	27	4	11766	0	12146
11937	101	28	12585	306	0	13020
11938	32	14	305	12491	0	12842
11939	36	40	12826	359	0	13261
11940	28	25	304	13272	0	13629
11941	22	12883	117	350	0	13372
11942	23	13800	59	102	0	13984
11943	13429	415	21	52	0	13917
11944	357	136	12262	47	0	12802
11945	111	67	300	10522	0	11000
11946	69	39	85	10098	0	10291
11947	9975	37	32	450	0	10494
11948	356	9570	53	164	0	10143
11949	9971	346	55	59	0	10431
11950	355	9692	38	82	0	10167
11951	10062	363	41	55	0	10521
11952	10123	121	29	51	0	10324
11953	442	87	26	9756	0	10311
11954	162	67	9557	379	0	10165
11955	9232	67	321	113	0	9733
11956	366	9546	147	66	0	10125
11957	10039	364	50	60	0	10513
11958	385	122	36	9955	0	10498
11959	143	59	43	10077	0	10322
11960	83	10662	46	426	0	11217
11961	90	364	26	10947	0	11427
11962	65	10806	47	358	0	11276
11963	85	360	27	11165	0	11637
11964	88	115	31	11305	0	11539
11965	10957	70	36	481	0	11544
11966	410	57	10636	158	0	11261
11967	174	10375	294	95	0	10938
11968	91	374	90	11070	0	11625
11969	11061	124	35	381	0	11601
11970	11229	69	33	173	0	11504
11971	11232	52	46	112	0	11442
11972	487	84	10563	91	0	11225
11973	10754	45	336	119	0	11254
11974	412	73	97	11068	0	11650
11975	10988	51	61	429	0	11529
11976	394	10543	61	186	0	11184
11977	181	377	41	11055	0	11654
11978	11000	129	46	408	0	11583
11979	394	10688	53	179	0	11314
11980	167	370	28	11069	0	11634
11981	128	157	11108	413	0	11806
11982	11364	105	349	175	0	11993
11983	12435	54	112	99	0	12700
11984	603	99	11820	87	0	12609
11985	234	10515	323	76	0	11148
11986	162	12033	131	83	0	12409
11987	148	391	73	12144	0	12756
11988	93	188	60	12169	0	12510
11989	84	95	56	12462	0	12697
11990	94	118	13102	484	0	13798
11991	13887	110	292	217	0	14506
11992	14965	53	103	166	0	15287
11993	15059	64	89	115	0	15327
11994	15123	77	55	116	0	15371
11995	15091	51	48	102	0	15292
11996	15664	72	57	96	0	15889
11997	532	83	39	15245	0	15899
11998	245	112	15732	395	0	16484
11999	166	103	15580	201	0	16050
12000	143	106	381	15997	0	16627
12001	137	66	152	16098	0	16453
12002	123	74	108	16391	0	16696
12003	154	15786	114	496	0	16550
12004	16434	368	75	230	0	17107
12005	459	15846	77	165	0	16547
12006	248	412	66	16489	0	17215
12007	16522	154	42	449	0	17167
12008	454	15920	71	204	0	16649
12009	231	391	39	15760	0	16421
12010	178	190	59	16088	0	16515
12011	118	122	61	16162	0	16463
12012	106	16588	80	610	0	17384
12013	111	495	44	15268	0	15918
12014	117	279	14235	678	0	15309
12015	95	151	457	14568	0	15271
12016	125	102	134	14372	0	14733
12017	119	139	77	16294	0	16629
12018	119	82	97	16331	0	16629
12019	139	133	14979	877	0	16128
12020	108	15261	521	446	0	16336
12021	111	588	172	17077	0	17948
12022	102	216	135	18161	0	18614
12023	109	188	81	17796	0	18174
12024	107	16772	136	959	0	17974
12025	106	17803	78	485	0	18472
12026	17717	800	55	395	0	18967
12027	703	311	57	17866	0	18937
12028	299	270	16907	861	0	18337
12029	223	17113	617	445	0	18398
12030	17554	706	218	345	0	18823
12031	778	281	17215	303	0	18577
12032	314	244	18495	305	0	19358
12033	156	145	17075	129	0	17505
12034	100	1056	748	15991	0	17895
12035	119	149	16863	653	0	17784
12036	56	16342	800	362	0	17560
12037	37	528	293	16299	0	17157
12038	57	219	16043	627	0	16946
12039	47	206	588	15840	0	16681
12040	15149	95	229	780	0	16253
12041	562	113	14640	339	0	15654
12042	14558	76	604	277	0	15515
12043	655	14710	268	175	0	15808
12044	15287	594	205	145	0	16231
12045	736	189	160	15180	0	16265
12046	15313	159	177	674	0	16323
12047	15519	131	163	271	0	16084
12048	15176	157	113	254	0	15700
12049	835	14780	157	168	0	15940
12050	15320	562	166	190	0	16238
12051	15581	188	186	164	0	16119
12052	860	222	14681	154	0	15917
12053	428	14861	608	205	0	16102
12054	342	627	312	15091	0	16372
12055	257	272	266	15607	0	16402
12056	214	213	191	15989	0	16607
12057	177	196	15076	910	0	16359
12058	175	146	616	14782	0	15719
12059	226	116	14391	920	0	15653
12060	13455	105	735	407	0	14702
12061	14226	93	303	372	0	14994
12062	865	196	14844	234	0	16139
12063	15135	140	624	246	0	16145
12064	15786	130	262	232	0	16410
12065	15822	124	238	197	0	16381
12066	1096	106	190	15714	0	17106
12067	582	162	15174	710	0	16628
12068	456	15215	612	362	0	16645
12069	396	642	243	15851	0	17132
12070	377	273	15482	735	0	16867
12071	267	272	15148	369	0	16056
12072	14858	201	817	382	0	16258
12073	675	15290	450	321	0	16736
12074	15969	630	309	369	0	17277
12075	16289	222	295	313	0	17119
12076	811	15703	305	299	0	17118
12077	16289	673	229	312	0	17503
12078	892	298	15731	251	0	17172
12079	536	227	15847	262	0	16872
12080	523	156	15973	230	0	16882
12081	387	14786	901	147	0	16221
12082	14586	573	387	165	0	15711
12083	14693	217	358	150	0	15418
12084	886	13983	285	170	0	15324
12085	517	14617	268	219	0	15621
12086	391	742	257	13628	0	15018
12087	307	407	198	14223	0	15135
12088	13816	279	204	802	0	15101
12089	646	13721	264	419	0	15050
12090	12665	633	245	323	0	13866
12091	11932	284	231	251	0	12698
12092	857	299	11248	206	0	12610
12093	582	11368	605	160	0	12715
12094	485	656	291	11631	0	13063
12095	11821	335	256	551	0	12963
12096	840	223	230	11139	0	12432
12097	11345	204	283	637	0	12469
12098	825	223	9811	280	0	11139
12099	453	9791	655	271	0	11170
12100	399	10182	298	237	0	11116
12101	393	667	297	8622	0	9979
12102	347	9936	241	446	0	10970
12103	10050	738	189	256	0	11233
12104	687	397	9833	235	0	11152
12105	10225	298	515	234	0	11272
12106	775	254	10313	261	0	11603
12107	438	220	599	10458	0	11715
12108	431	248	257	10910	0	11846
12109	429	184	218	11202	0	12033
12110	10923	159	189	744	0	12015
12111	760	174	10439	367	0	11740
12112	382	158	437	9404	0	10381
12113	328	151	248	9428	0	10155
12114	346	8877	225	547	0	9995
12115	312	9194	168	384	0	10058
12116	343	10430	203	279	0	11255
12117	179	314	93	8421	0	9007
12118	141	190	85	8475	0	8891
12119	130	7991	104	336	0	8561
12120	108	8395	103	218	0	8824
12121	7044	270	68	161	0	7543
12122	219	132	55	6458	0	6864
12123	155	6807	72	190	0	7224
12124	7270	187	66	95	0	7618
12125	282	58	87	7086	0	7513
12126	7249	43	113	210	0	7615
12127	219	56	72	7180	0	7527
12128	103	56	7543	296	0	7998
12129	108	7338	159	198	0	7803
12130	7607	170	85	118	0	7980
12131	235	105	7683	96	0	8119
12132	76	6223	89	51	0	6439
12133	1	2	1	5974	0	5978
12134	0	1	0	5938	0	5939
12135	0	1	1	5796	0	5798
12136	0	2	1	5802	0	5805
12137	1	2	5879	0	0	5882
12138	0	5514	13	5	0	5532
12139	0	4	0	5957	0	5961
12140	5793	1	1	3	0	5798
12141	0	5658	14	9	0	5681
12142	0	3	0	5893	0	5896
12143	9	3	5810	0	0	5822
12144	0	5477	19	3	0	5499
12145	0	1	1	5863	0	5865
12146	0	5561	16	3	0	5580
12147	5909	1	1	2	0	5913
12148	5737	0	1	2	0	5740
12149	5	6	5723	1	0	5735
12150	5439	0	7	3	0	5449
12151	5644	1	2	1	0	5648
12152	1	5	5358	2	0	5366
12153	0	6403	23	5	0	6431
12154	4	115	2	7022	0	7143
12155	2	49	3	7212	0	7266
12156	7042	13	2	192	0	7249
12157	133	4	0	7100	0	7237
12158	59	10	6987	145	0	7201
12159	6665	1	136	71	0	6873
12160	147	18	6770	21	0	6956
12161	64	6468	158	27	0	6717
12162	5503	132	54	17	0	5706
12163	145	66	5458	12	0	5681
12164	77	29	5240	13	0	5359
12165	18	5172	195	17	0	5402
12166	15	145	60	4983	0	5203
12167	14	68	4871	155	0	5108
12168	8	26	151	4624	0	4809
12169	19	13	64	5004	0	5100
12170	21	17	4766	211	0	5015
12171	9	4491	177	101	0	4778
12172	18	141	88	4934	0	5181
12173	4874	66	26	165	0	5131
12174	4693	25	31	75	0	4824
12175	207	26	20	4649	0	4902
12176	86	15	4480	171	0	4752
12177	26	15	5908	84	0	6033
12178	21	21	198	5868	0	6108
12179	17	30	5955	178	0	6180
12180	5659	8	176	104	0	5947
12181	153	10	92	7706	0	7961
12182	74	14	29	7769	0	7886
12183	18	7196	46	232	0	7492
12184	16	158	43	7862	0	8079
12185	21	76	7428	195	0	7720
12186	7011	17	161	106	0	7295
12187	7782	15	79	41	0	7917
12188	234	21	7391	38	0	7684
12189	84	6	170	8571	0	8831
12190	29	13	104	9082	0	9228
12191	32	26	8693	295	0	9046
12192	20	10	213	8606	0	8849
12193	26	14	112	8710	0	8862
12194	36	9438	63	278	0	9815
12195	24	218	33	10873	0	11148
12196	25	98	32	13037	0	13192
12197	13354	44	25	393	0	13816
12198	13706	17	40	202	0	13965
12199	13986	20	51	94	0	14151
12200	14116	20	33	69	0	14238
12201	14131	17	44	64	0	14256
12202	465	40	13204	59	0	13768
12203	219	29	292	13214	0	13754
12204	116	18	134	13734	0	14002
12205	79	45	13055	420	0	13599
12206	12384	30	307	212	0	12933
12207	13254	23	142	141	0	13560
12208	441	54	13113	93	0	13701
12209	13496	23	325	106	0	13950
12210	13979	20	129	112	0	14240
12211	513	35	13363	87	0	13998
12212	274	26	342	12655	0	13297
12213	167	13988	198	326	0	14679
12214	158	291	99	15158	0	15706
12215	143	125	64	15234	0	15566
12216	113	57	81	14753	0	15004
12217	105	47	14030	520	0	14702
12218	13607	27	363	270	0	14267
12219	14622	22	192	159	0	14995
12220	497	24	123	14448	0	15092
12221	255	45	14187	402	0	14889
12222	162	29	380	14160	0	14731
12223	152	40	13779	434	0	14405
12224	133	59	14504	218	0	14914
12225	99	14095	521	153	0	14868
12226	92	350	218	15235	0	15895
12227	15332	133	119	443	0	16027
12228	14746	68	118	238	0	15170
12229	14893	39	92	181	0	15205
12230	534	42	93	14408	0	15077
12231	238	15770	114	435	0	16557
12232	166	332	101	16956	0	17555
12233	131	132	16359	504	0	17126
12234	17677	70	397	267	0	18411
12235	19764	41	193	194	0	20192
12236	641	45	119	19488	0	20293
12237	304	40	114	19794	0	20252
12238	201	36	103	20242	0	20582
12239	180	81	18689	721	0	19671
12240	15111	77	535	434	0	16157
12241	555	18055	236	277	0	19123
12242	295	18905	149	218	0	19567
12243	226	531	18810	189	0	19756
12244	176	226	478	18742	0	19622
12245	186	151	19009	578	0	19924
12246	18346	86	548	285	0	19265
12247	588	70	235	19256	0	20149
12248	355	101	19559	545	0	20560
12249	237	20913	597	337	0	22084
12250	20897	457	258	278	0	21890
12251	668	213	22150	244	0	23275
12252	305	21498	637	240	0	22680
12253	187	20903	191	141	0	21422
12254	21514	436	152	110	0	22212
12255	446	198	111	21370	0	22125
12256	234	153	20967	421	0	21775
12257	176	20537	422	215	0	21350
12258	21204	392	176	192	0	21964
12259	21314	139	137	148	0	21738
12260	470	20389	170	162	0	21191
12261	257	410	20765	136	0	21568
12262	192	167	425	21177	0	21961
12263	23351	132	191	426	0	24100
12264	23431	83	146	211	0	23871
12265	589	94	22612	172	0	23467
12266	283	91	447	21645	0	22466
12267	235	72	175	23317	0	23799
12268	191	107	22470	533	0	23301
12269	162	144	21375	257	0	21938
12270	22295	88	516	216	0	23115
12271	23265	89	245	166	0	23765
12272	23433	79	181	149	0	23842
12273	23557	79	169	127	0	23932
12274	613	101	22335	124	0	23173
12275	22540	70	431	139	0	23180
12276	608	51	198	22669	0	23526
12277	327	80	21333	454	0	22194
12278	283	83	20757	230	0	21353
12279	164	20173	562	246	0	21145
12280	147	384	251	21253	0	22035
12281	177	163	19823	475	0	20638
12282	18868	111	472	257	0	19708
12283	504	135	271	17503	0	18413
12284	269	19192	216	352	0	20029
12285	20150	385	148	231	0	20914
12286	20193	148	179	196	0	20716
12287	591	152	19689	149	0	20581
12288	344	18900	490	171	0	19905
12289	248	339	213	18978	0	19778
12290	18981	154	170	389	0	19694
12291	446	142	157	18843	0	19588
12292	238	118	18403	449	0	19208
12293	15857	115	399	241	0	16612
12294	357	15589	194	187	0	16327
12295	132	14684	143	106	0	15065
12296	107	13963	105	107	0	14282
12297	13810	257	82	71	0	14220
12298	13355	107	58	59	0	13579
12299	13320	81	74	40	0	13515
12300	319	69	56	13031	0	13475
12301	153	81	12801	201	0	13236
12302	124	59	217	13511	0	13911
12303	13797	49	79	249	0	14174
12304	269	49	77	13729	0	14124
12305	13851	35	74	246	0	14206
12306	13775	46	71	101	0	13993
12307	13542	60	67	107	0	13776
12308	272	13127	82	90	0	13571
12309	13691	210	61	84	0	14046
12310	276	83	13328	79	0	13766
12311	155	88	13155	35	0	13433
12312	171	12937	262	35	0	13405
12313	140	208	96	12479	0	12923
12314	12610	89	77	198	0	12974
12315	287	90	12176	64	0	12617
12316	11877	41	231	71	0	12220
12317	288	45	104	12136	0	12573
12318	147	11919	101	224	0	12391
12319	115	187	96	12574	0	12972
12320	96	90	12113	242	0	12541
12321	11146	92	228	129	0	11595
12322	260	62	12119	104	0	12545
12323	113	63	11518	69	0	11763
12324	10361	37	240	47	0	10685
12325	245	10078	140	47	0	10510
12326	11005	185	81	29	0	11300
12327	11094	76	51	36	0	11257
12328	286	70	10554	31	0	10941
12329	10440	42	246	33	0	10761
12330	260	61	10480	79	0	10880
12331	134	53	8643	75	0	8905
12332	126	38	8828	87	0	9079
12333	101	8431	314	54	0	8900
12334	6296	101	1087	39	0	7523
12335	6261	17	28	28	0	6334
12336	6266	12	32	22	0	6332
12337	6255	15	22	19	0	6311
12338	90	11	6050	20	0	6171
12339	39	20	68	5878	0	6005
12340	55	8	12	6187	0	6262
12341	6272	7	15	71	0	6365
12342	80	5895	51	15	0	6041
12343	40	70	12	6212	0	6334
12344	6168	15	13	89	0	6285
12345	87	14	6024	19	0	6144
12346	30	10	80	5752	0	5872
12347	22	21	6069	72	0	6184
12348	2	4720	39	6	0	4767
12349	2	2	0	3635	0	3639
12350	3641	1	1	3	0	3646
12351	6	2	0	3988	0	3996
12352	4	4	3904	32	0	3944
12353	1	3765	34	10	0	3810
12354	3687	25	5	4	0	3721
12355	28	9	4137	2	0	4176
12356	3983	4	30	7	0	4024
12357	23	4060	17	4	0	4104
12358	4219	29	1	3	0	4252
12359	4139	3	1	3	0	4146
12360	31	4	5	4179	0	4219
12361	12	7	4133	27	0	4179
12362	4	3963	49	11	0	4027
12363	8	32	7	5582	0	5629
12364	7	4	1	5923	0	5935
12365	4	5	4	7106	0	7119
12366	7	10	7	6853	0	6877
12367	7	9939	31	399	0	10376
12368	10127	296	19	205	0	10647
12369	308	10332	22	66	0	10728
12370	165	372	19	10433	0	10989
12371	10330	162	21	331	0	10844
12372	343	95	8	10598	0	11044
12373	199	47	9833	398	0	10477
12374	91	10197	309	194	0	10791
12375	48	316	157	9838	0	10359
12376	40	181	69	10692	0	10982
12377	10526	96	30	516	0	11168
12378	357	66	10117	271	0	10811
12379	10326	72	295	153	0	10846
12380	10424	31	165	103	0	10723
12381	10855	66	66	81	0	11068
12382	576	77	10179	79	0	10911
12383	295	91	323	10219	0	10928
12384	164	58	163	10679	0	11064
12385	84	58	11332	551	0	12025
12386	80	77	11409	333	0	11899
12387	13810	36	569	174	0	14589
12388	444	52	298	14033	0	14827
12389	13911	45	147	504	0	14607
12390	14174	54	100	298	0	14626
12391	695	35	72	14179	0	14981
12392	390	67	13437	559	0	14453
12393	14206	43	461	360	0	15070
12394	572	50	295	15053	0	15970
12395	395	86	13918	591	0	14990
12396	262	15289	480	377	0	16408
12397	15265	507	287	231	0	16290
12398	585	15657	197	186	0	16625
12399	440	598	117	12790	0	13945
12400	244	15673	160	537	0	16614
12401	15410	624	170	332	0	16536
12402	15130	295	144	260	0	15829
12403	789	15042	115	290	0	16236
12404	15414	522	156	254	0	16346
12405	15398	351	119	208	0	16076
12406	881	14997	114	249	0	16241
12407	15417	548	153	209	0	16327
12408	817	350	128	15007	0	16302
12409	551	189	153	15605	0	16498
12410	15481	151	136	816	0	16584
12411	773	152	136	13929	0	14990
12412	532	15774	149	640	0	17095
12413	15792	561	177	392	0	16922
12414	15547	348	146	330	0	16371
12415	844	15842	160	314	0	17160
12416	16225	583	151	266	0	17225
12417	16469	349	158	245	0	17221
12418	1020	224	116	16180	0	17540
12419	675	217	15246	664	0	16802
12420	507	15736	495	456	0	17194
12421	16140	615	273	329	0	17357
12422	16746	365	193	311	0	17615
12423	1015	286	15644	303	0	17248
12424	16530	223	550	304	0	17607
12425	924	247	15540	302	0	17013
12426	16323	224	616	247	0	17410
12427	884	264	339	16301	0	17788
12428	646	280	15645	669	0	17240
12429	565	290	16441	429	0	17725
12430	448	242	750	16723	0	18163
12431	483	253	398	17282	0	18416
12432	506	258	15980	877	0	17621
12433	530	240	584	16915	0	18269
12434	472	282	16231	786	0	17771
12435	474	250	703	16574	0	18001
12436	544	248	379	16108	0	17279
12437	498	16085	360	881	0	17824
12438	533	16115	245	622	0	17515
12439	521	16957	253	505	0	18236
12440	513	818	236	16732	0	18299
12441	504	443	280	17313	0	18540
12442	474	335	15947	1024	0	17780
12443	16253	250	652	728	0	17883
12444	16803	204	493	455	0	17955
12445	1095	16437	321	459	0	18312
12446	17094	673	298	384	0	18449
12447	977	467	276	16914	0	18634
12448	17056	337	282	769	0	18444
12449	17144	287	242	591	0	18264
12450	1042	323	292	16930	0	18587
12451	15256	280	240	692	0	16468
12452	897	14872	244	508	0	16521
12453	717	16175	231	380	0	17503
12454	553	794	281	15183	0	16811
12455	517	15891	246	609	0	17263
12456	543	683	237	17037	0	18500
12457	514	443	210	17721	0	18888
12458	17434	302	207	973	0	18916
12459	846	16965	261	672	0	18744
12460	17226	628	225	512	0	18591
12461	16573	440	234	476	0	17723
12462	935	17145	191	485	0	18756
12463	14286	501	169	329	0	15285
12464	678	296	14067	328	0	15369
12465	346	13453	362	252	0	14413
12466	13678	440	167	265	0	14550
12467	409	202	10242	144	0	10997
12468	261	9493	257	159	0	10170
12469	230	10212	147	135	0	10724
12470	10432	327	111	150	0	11020
12471	10378	218	84	115	0	10795
12472	10424	153	94	92	0	10763
12473	454	9978	94	93	0	10619
12474	302	297	96	10372	0	11067
12475	10454	178	106	249	0	10987
12476	10500	131	106	186	0	10923
12477	399	112	121	10249	0	10881
12478	284	106	10271	298	0	10959
12479	219	127	10087	211	0	10644
12480	198	108	322	10213	0	10841
12481	182	108	188	10474	0	10952
12482	178	111	10308	408	0	11005
12483	180	79	270	9976	0	10505
12484	171	10230	220	354	0	10975
12485	9438	178	99	168	0	9883
12486	239	90	99	9489	0	9917
12487	6968	23	27	120	0	7138
12488	121	6421	62	55	0	6659
12489	56	6547	29	60	0	6692
12490	6865	122	21	45	0	7053
12491	124	53	6648	28	0	6853
12492	6314	30	97	48	0	6489
12493	117	5935	64	36	0	6152
12494	37	49	12	5899	0	5997
12495	5942	27	7	55	0	6031
12496	61	22	8	5317	0	5408
12497	5424	19	3	58	0	5504
12498	5320	9	6	37	0	5372
12499	88	5088	16	16	0	5208
12500	5440	51	7	16	0	5514
12501	67	5064	22	12	0	5165
12502	5411	55	8	10	0	5484
12503	62	29	14	5246	0	5351
12504	5382	7	10	55	0	5454
12505	60	18	8	5272	0	5358
12506	5362	8	9	66	0	5445
12507	5301	13	5	30	0	5349
12508	5270	12	4	27	0	5313
12509	5313	11	2	15	0	5341
12510	5262	7	5	20	0	5294
12511	95	15	4	5178	0	5292
12512	4414	9	6	53	0	4482
12513	65	4083	21	25	0	4194
12514	54	49	4115	11	0	4229
12515	25	27	53	4010	0	4115
12516	30	23	4201	55	0	4309
12517	20	12	54	4576	0	4662
12518	23	9	4637	93	0	4762
12519	4547	8	76	45	0	4676
12520	96	8	36	4665	0	4805
12521	51	16	4653	89	0	4809
12522	39	18	4474	39	0	4570
12523	25	15	95	4603	0	4738
12524	4769	8	36	85	0	4898
12525	87	4450	34	53	0	4624
12526	5486	71	21	23	0	5601
12527	5481	38	8	32	0	5559
12528	112	5212	31	24	0	5379
12529	4686	76	10	24	0	4796
12530	104	34	15	4519	0	4672
12531	63	18	12	4533	0	4626
12532	36	14	10	4673	0	4733
12533	4588	11	13	111	0	4723
12534	93	4411	18	59	0	4581
12535	47	75	8	4610	0	4740
12536	40	40	11	4657	0	4748
12537	4618	28	11	117	0	4774
12538	102	22	8	4450	0	4582
12539	57	25	5078	107	0	5267
12540	33	5871	113	57	0	6074
12541	6142	158	49	30	0	6379
12542	183	82	31	5723	0	6019
12543	96	5952	36	162	0	6246
12544	6193	173	14	80	0	6460
12545	217	86	5753	64	0	6120
12546	103	5826	170	52	0	6151
12547	6095	186	71	40	0	6392
12548	209	92	50	5973	0	6324
12549	103	59	37	6179	0	6378
12550	73	56	5863	255	0	6247
12551	69	27	166	5936	0	6198
12552	47	39	8970	261	0	9317
12553	35	47	9426	137	0	9645
12554	33	42	9494	85	0	9654
12555	9666	24	280	62	0	10032
12556	8668	14	149	43	0	8874
12557	8860	13	97	36	0	9006
12558	294	22	55	8524	0	8895
12559	173	8268	40	186	0	8667
12560	109	9450	38	105	0	9702
12561	11666	234	22	72	0	11994
12562	12685	123	31	62	0	12901
12563	257	12208	41	58	0	12564
12564	12058	147	13	15	0	12233
12565	199	79	11750	11	0	12039
12566	100	73	11508	19	0	11700
12567	75	45	174	10853	0	11147
12568	41	22	100	11966	0	12129
12569	33	20	11853	184	0	12090
12570	21	17	150	11466	0	11654
12571	12030	7	81	193	0	12311
12572	135	27	11758	98	0	12018
12573	11356	11	155	64	0	11586
12574	177	8	83	11790	0	12058
12575	107	21	12597	151	0	12876
12576	72	12070	177	90	0	12409
12577	13008	118	68	66	0	13260
12578	141	70	12375	48	0	12634
12579	12244	58	155	23	0	12480
12580	177	41	81	12503	0	12802
12581	12654	22	56	129	0	12861
12582	210	23	13617	70	0	13920
12583	119	25	134	13651	0	13929
12584	14037	12	72	165	0	14286
12585	14466	23	72	87	0	14648
12586	14640	25	47	67	0	14779
12587	14767	16	28	58	0	14869
12588	254	16	28	14550	0	14848
12589	161	24	19	15426	0	15630
12590	121	26	15129	202	0	15478
12591	80	16	131	15026	0	15253
12592	48	24	80	15012	0	15164
12593	36	15608	72	247	0	15963
12594	16180	192	47	142	0	16561
12595	17266	87	45	92	0	17490
12596	414	16864	50	76	0	17404
12597	157	376	27	17095	0	17655
12598	110	97	29	17715	0	17951
12599	17386	63	34	458	0	17941
12600	398	54	17022	176	0	17650
12601	112	29	347	17466	0	17954
12602	105	38	18754	430	0	19327
12603	18212	16	396	133	0	18757
12604	19158	18	124	86	0	19386
12605	19329	16	86	59	0	19490
12606	525	20	56	18714	0	19315
12607	210	22	27	19114	0	19373
12608	19159	23	41	480	0	19703
12609	435	53	18424	195	0	19107
12610	137	38	353	18869	0	19397
12611	19060	24	109	428	0	19621
12612	442	30	69	18922	0	19463
12613	167	54	22416	460	0	23097
12614	139	69	21544	169	0	21921
12615	21183	17	418	151	0	21769
12616	396	21587	217	111	0	22311
12617	22657	347	102	79	0	23185
12618	22656	81	72	72	0	22881
12619	461	74	45	22279	0	22859
12620	183	41	53	22284	0	22561
12621	140	21465	78	453	0	22136
12622	22458	336	43	173	0	23010
12623	401	21560	68	144	0	22173
12624	153	21918	64	106	0	22241
12625	139	443	28	24272	0	24882
12626	23517	144	37	399	0	24097
12627	23547	99	36	157	0	23839
12628	475	62	30	23192	0	23759
12629	218	39	42	23277	0	23576
12630	179	34	51	23595	0	23859
12631	23289	43	54	531	0	23917
12632	441	66	22929	245	0	23681
12633	168	22265	394	213	0	23040
12634	23610	350	123	127	0	24210
12635	470	98	101	22999	0	23668
12636	171	96	22874	441	0	23582
12637	170	89	22121	179	0	22559
12638	149	21578	450	163	0	22340
12639	141	22927	162	106	0	23336
12640	103	287	37	22646	0	23073
12641	94	20811	105	311	0	21321
12642	76	285	39	22518	0	22918
12643	73	61	40	22769	0	22943
12644	22625	54	50	370	0	23099
12645	325	55	47	22326	0	22753
12646	126	36	28	22799	0	22989
12647	133	55	22273	353	0	22814
12648	97	45	258	22328	0	22728
12649	22281	46	72	368	0	22767
12650	22325	52	57	125	0	22559
12651	364	21899	82	104	0	22449
12652	20571	335	34	103	0	21043
12653	431	140	19475	108	0	20154
12654	152	19072	346	135	0	19705
12655	125	342	82	21733	0	22282
12656	123	104	65	22015	0	22307
12657	142	96	66	22093	0	22397
12658	22000	92	87	452	0	22631
12659	20814	102	78	216	0	21210
12660	436	102	20209	174	0	20921
12661	217	73	18017	190	0	18497
12662	189	95	18095	158	0	18537
12663	179	17647	384	176	0	18386
12664	136	18534	190	185	0	19045
12665	20116	365	93	182	0	20756
12666	20326	94	103	150	0	20673
12667	462	93	169	19925	0	20649
12668	184	164	112	19990	0	20450
12669	158	19805	104	476	0	20543
12670	142	336	67	20956	0	21501
12671	137	114	19986	538	0	20775
12672	174	19478	377	243	0	20272
12673	235	361	86	20683	0	21365
12674	200	185	20441	402	0	21228
12675	325	157	444	19301	0	20227
12676	121	18984	421	413	0	19939
12677	20418	627	120	255	0	21420
12678	20195	231	183	455	0	21064
12679	20380	254	62	439	0	21135
12680	632	105	47	20164	0	20948
12681	446	112	86	20967	0	21611
12682	21910	124	143	686	0	22863
12683	597	20622	448	280	0	21947
12684	21952	491	314	271	0	23028
12685	543	228	21700	289	0	22760
12686	22040	443	583	257	0	23323
12687	23897	356	252	300	0	24805
12688	978	234	196	23431	0	24839
12689	23178	189	135	681	0	24183
12690	22881	132	171	521	0	23705
12691	879	174	118	22888	0	24059
12692	388	316	21950	746	0	23400
12693	19569	143	481	562	0	20755
12694	583	382	22285	195	0	23445
12695	187	24196	365	350	0	25098
12696	185	396	245	25498	0	26324
12697	114	366	250	25764	0	26494
12698	27536	125	56	930	0	28647
12699	659	399	26124	212	0	27394
12700	504	112	481	26631	0	27728
12701	428	26248	270	613	0	27559
12702	411	25371	146	332	0	26260
12703	257	640	59	26668	0	27624
12704	345	259	25029	801	0	26434
12705	332	143	503	25551	0	26529
12706	148	353	259	25966	0	26726
12707	548	286	23815	742	0	25391
12708	203	24960	742	345	0	26250
12709	25568	658	196	205	0	26627
12710	838	25979	250	312	0	27379
12711	416	619	72	27258	0	28365
12712	26442	205	67	673	0	27387
12713	760	22001	276	418	0	23455
12714	432	639	21586	404	0	23061
12715	22028	328	752	170	0	23278
12716	817	22178	327	298	0	23620
12717	23481	683	413	206	0	24783
12718	834	431	22166	287	0	23718
12719	22465	134	815	513	0	23927
12720	787	315	244	23273	0	24619
12721	500	193	21984	978	0	23655
12722	210	231	823	22556	0	23820
12723	457	22269	269	822	0	23817
12724	190	936	394	23330	0	24850
12725	137	530	123	22331	0	23121
12726	231	375	20737	1087	0	22430
12727	139	375	775	21523	0	22812
12728	177	371	18691	1220	0	20459
12729	168	20717	786	573	0	22244
12730	150	781	392	21850	0	23173
12731	319	526	20759	882	0	22486
12732	283	20721	901	315	0	22220
12733	200	22122	322	342	0	22986
12734	384	861	21470	437	0	23152
12735	355	636	21443	257	0	22691
12736	169	408	779	21800	0	23156
12737	22158	238	487	760	0	23643
12738	791	21517	255	376	0	22939
12739	418	866	318	20944	0	22546
12740	21256	331	332	674	0	22593
12741	836	20536	338	390	0	22100
12742	21283	686	259	269	0	22497
12743	780	20636	426	301	0	22143
12744	21242	756	379	301	0	22678
12745	21085	355	203	434	0	22077
12746	20786	473	399	261	0	21919
12747	935	22249	223	511	0	23918
12748	325	932	331	22920	0	24508
12749	349	369	22391	1057	0	24166
12750	221	22476	896	682	0	24275
12751	296	831	699	22700	0	24526
12752	193	323	201	22677	0	23394
12753	173	294	19862	968	0	21297
12754	213	20070	760	410	0	21453
12755	19160	826	312	324	0	20622
12756	835	18991	301	235	0	20362
12757	339	926	171	19607	0	21043
12758	268	456	18902	829	0	20455
12759	18630	243	830	353	0	20056
12760	798	188	390	19591	0	20967
12761	313	228	18944	949	0	20434
12762	17781	217	734	439	0	19171
12763	777	18045	331	331	0	19484
12764	17681	884	169	342	0	19076
12765	17912	398	154	300	0	18764
12766	1033	318	122	17568	0	19041
12767	524	308	16839	846	0	18517
12768	367	16867	751	353	0	18338
12769	333	872	16339	294	0	17838
12770	282	407	763	17588	0	19040
12771	278	333	315	18686	0	19612
12772	18084	347	227	1085	0	19743
12773	791	245	17162	586	0	18784
12774	328	17240	856	388	0	18812
12775	231	940	347	17128	0	18646
12776	265	408	197	18508	0	19378
12777	17631	312	234	1062	0	19239
12778	853	17460	247	479	0	19039
12779	458	934	173	17879	0	19444
12780	17000	481	186	930	0	18597
12781	814	17042	198	446	0	18500
12782	15233	819	148	339	0	16539
12783	15398	334	259	251	0	16242
12784	1061	14977	189	235	0	16462
12785	14923	688	142	208	0	15961
12786	833	14992	206	177	0	16208
12787	14297	657	118	142	0	15214
12788	14182	320	100	193	0	14795
12789	858	15592	134	155	0	16739
12790	16496	650	76	217	0	17439
12791	16631	218	133	251	0	17233
12792	16759	243	173	193	0	17368
12793	780	303	15406	218	0	16707
12794	298	138	15967	131	0	16534
12795	202	109	13634	94	0	14039
12796	13835	90	749	73	0	14747
12797	721	104	13545	103	0	14473
12798	234	83	11625	71	0	12013
12799	190	66	622	11414	0	12292
12800	11638	72	251	487	0	12448
12801	572	88	11390	182	0	12232
12802	232	102	11543	127	0	12004
12803	201	83	603	11156	0	12043
12804	157	76	243	11865	0	12341
12805	147	76	154	12162	0	12539
12806	143	105	11110	710	0	12068
12807	143	90	494	11755	0	12482
12808	11264	86	191	630	0	12171
12809	566	11846	156	263	0	12831
12810	264	489	116	11324	0	12193
12811	198	197	118	11801	0	12314
12812	162	166	10636	681	0	11645
12813	131	11066	525	296	0	12018
12814	11060	509	227	202	0	11998
12815	543	11050	186	166	0	11945
12816	231	575	162	11379	0	12347
12817	208	256	10909	562	0	11935
12818	229	173	511	14869	0	15782
12819	191	130	243	15671	0	16235
12820	14856	119	219	1014	0	16208
12821	882	96	181	14621	0	15780
12822	298	14267	197	926	0	15688
12823	253	16130	168	389	0	16940
12824	238	883	15649	269	0	17039
12825	16532	283	777	236	0	17828
12826	893	169	284	16986	0	18332
12827	338	153	233	17458	0	18182
12828	229	133	231	18077	0	18670
12829	17387	109	178	1178	0	18852
12830	903	17673	230	468	0	19274
12831	18545	893	213	330	0	19981
12832	1027	305	17159	295	0	18786
12833	422	222	17412	252	0	18308
12834	17475	146	1011	213	0	18845
12835	965	132	434	17356	0	18887
12836	372	125	349	18188	0	19034
12837	259	124	290	18836	0	19509
12838	302	143	16986	1326	0	18757
12839	19419	117	965	549	0	21050
12840	20108	114	430	453	0	21105
12841	20202	146	266	400	0	21014
12842	1277	174	198	19606	0	21255
12843	539	166	18875	1098	0	20678
12844	386	165	18855	549	0	19955
12845	299	188	20641	468	0	21596
12846	255	20406	1118	469	0	22248
12847	263	776	344	19364	0	20747
12848	18800	309	898	971	0	20978
12849	892	193	18034	506	0	19625
12850	18626	127	825	359	0	19937
12851	967	204	349	18644	0	20164
12852	417	170	255	18647	0	19489
12853	377	17163	240	1096	0	18876
12854	265	18292	300	537	0	19394
12855	246	18999	270	397	0	19912
12856	367	939	240	19329	0	20875
12857	19084	333	311	925	0	20653
12858	19801	225	288	464	0	20778
12859	1066	139	18624	443	0	20272
12860	19096	100	903	488	0	20587
12861	981	114	18673	527	0	20295
12862	508	93	913	19115	0	20629
12863	368	171	18622	1052	0	20213
12864	18787	202	876	522	0	20387
12865	957	238	435	18966	0	20596
12866	432	183	18957	897	0	20469
12867	410	157	18429	458	0	19454
12868	18110	141	998	511	0	19760
12869	19296	106	417	621	0	20440
12870	959	17061	268	504	0	18792
12871	429	739	251	18103	0	19522
12872	412	313	17393	973	0	19091
12873	409	251	17151	439	0	18250
12874	313	195	921	17551	0	18980
12875	17626	179	428	964	0	19197
12876	913	17082	365	431	0	18791
12877	395	800	261	17982	0	19438
12878	17810	320	243	1053	0	19426
12879	854	273	210	17392	0	18729
12880	383	17471	266	1007	0	19127
12881	413	741	261	18534	0	19949
12882	18299	261	247	942	0	19749
12883	1065	163	243	18342	0	19813
12884	19769	105	250	1164	0	21288
12885	853	18796	288	467	0	20404
12886	19898	664	321	292	0	21175
12887	874	243	19101	340	0	20558
12888	18816	242	804	307	0	20169
12889	17981	206	372	275	0	18834
12890	985	17256	339	266	0	18846
12891	528	701	294	18010	0	19533
12892	396	266	17716	879	0	19257
12893	330	158	17608	535	0	18631
12894	14629	70	449	268	0	15416
12895	14969	106	216	195	0	15486
12896	535	14540	153	202	0	15430
12897	259	15132	177	179	0	15747
12898	15102	473	218	123	0	15916
12899	466	14694	226	173	0	15559
12900	303	15125	167	160	0	15755
12901	200	447	117	15357	0	16121
12902	147	161	100	17222	0	17630
12903	188	110	16873	682	0	17853
12904	167	96	448	17489	0	18200
12905	17980	97	162	547	0	18786
12906	620	101	17428	253	0	18402
12907	346	121	17146	170	0	17783
12908	248	107	421	16846	0	17622
12909	237	94	243	17396	0	17970
12910	217	111	222	17708	0	18258
12911	198	102	17062	526	0	17888
12912	175	154	491	16770	0	17590
12913	166	121	196	17735	0	18218
12914	17461	94	180	511	0	18246
12915	510	16607	252	202	0	17571
12916	18171	403	162	174	0	18910
12917	562	165	17621	220	0	18568
12918	12859	43	115	49	0	13066
12919	127	13463	90	57	0	13737
12920	13474	39	7	5	0	13525
12921	43	12981	27	13	0	13064
12922	12904	44	12	4	0	12964
12923	46	11696	22	10	0	11774
12924	15	10984	711	11	0	11721
12925	1	1	0	11586	0	11588
12926	11630	0	1	2	0	11633
12927	11353	2	6	6	0	11367
12928	11322	2	3	4	0	11331
12929	6	14	10869	1	0	10890
12930	5	10	10229	3	0	10247
12931	0	3	1	10678	0	10682
12932	1	10240	23	3	0	10267
12933	2	10475	23	2	0	10502
12934	1	2	0	11050	0	11053
12935	11080	0	1	2	0	11083
12936	10823	1	2	5	0	10831
12937	11150	2	3	4	0	11159
12938	6	9	10774	6	0	10795
12939	3	3	4	9265	0	9275
12940	2	5	9281	6	0	9294
12941	9205	2	6	4	0	9217
12942	9346	0	2	2	0	9350
12943	11	7	9285	3	0	9306
12944	2	3	8	9091	0	9104
12945	7966	0	3	6	0	7975
12946	8	1	0	8700	0	8709
12947	4	4	0	8633	0	8641
12948	5	1	3	9988	0	9997
12949	10106	0	0	68	0	10174
12950	66	0	1	11295	0	11362
12951	12597	4	5	197	0	12803
12952	250	12180	27	41	0	12498
12953	62	247	0	13106	0	13415
12954	35	54	1	12862	0	12952
12955	8	27	1	12914	0	12950
12956	12643	4	3	359	0	13009
12957	268	3	3	12574	0	12848
12958	69	5	3	12656	0	12733
12959	12877	4	3	332	0	13216
12960	14284	9	3	95	0	14391
12961	14455	3	4	57	0	14519
12962	477	15	13366	29	0	13887
12963	148	50	12357	29	0	12584
12964	13774	1	383	24	0	14182
12965	367	0	110	14100	0	14577
12966	114	4	37	14195	0	14350
12967	14478	4	12	438	0	14932
12968	14350	11	20	144	0	14525
12969	13996	11	12	66	0	14085
12970	455	13556	37	45	0	14093
12971	14533	332	12	30	0	14907
12972	13925	98	8	29	0	14060
12973	427	13202	43	44	0	13716
12974	156	13141	44	42	0	13383
12975	103	353	12	13984	0	14452
12976	14486	107	5	335	0	14933
12977	14497	36	12	116	0	14661
12978	14297	31	22	60	0	14410
12979	508	15	16	14125	0	14664
12980	14069	6	7	387	0	14469
12981	424	45	13097	129	0	13695
12982	13403	19	342	73	0	13837
12983	435	21	13469	48	0	13973
12984	176	29	11600	43	0	11848
12985	97	25	383	10672	0	11177
12986	10554	17	118	391	0	11080
12987	392	15	43	10939	0	11389
12988	150	27	10587	419	0	11183
12989	94	38	10201	146	0	10479
12990	60	19	391	10389	0	10859
12991	9780	14	121	407	0	10322
12992	374	9885	84	135	0	10478
12993	152	334	33	10190	0	10709
12994	109	95	36	10694	0	10934
12995	83	53	10123	496	0	10755
12996	79	36	9865	189	0	10169
12997	84	14	429	11261	0	11788
12998	11140	14	143	451	0	11748
12999	425	35	10545	178	0	11183
13000	169	28	340	11541	0	12078
13001	129	29	111	11917	0	12186
13002	103	32	51	10756	0	10942
13003	9877	31	48	558	0	10514
13004	471	124	7060	260	0	7915
13005	196	9086	259	204	0	9745
13006	182	379	102	9391	0	10054
13007	136	137	9056	492	0	9821
13008	137	8836	385	252	0	9610
13009	140	9490	132	208	0	9970
13010	9236	469	76	186	0	9967
13011	532	9287	69	157	0	10045
13012	9591	443	79	175	0	10288
13013	561	160	9046	196	0	9963
13014	314	100	393	9436	0	10243
13015	9436	65	154	613	0	10268
13016	601	8498	91	343	0	9533
13017	306	441	8451	297	0	9495
13018	320	148	430	7049	0	7947
13019	302	8635	173	466	0	9576
13020	292	447	110	8882	0	9731
13021	8677	178	109	582	0	9546
13022	620	8671	124	348	0	9763
13023	9065	433	110	303	0	9911
13024	9282	171	109	276	0	9838
13025	745	132	8471	275	0	9623
13026	532	9089	439	213	0	10273
13027	402	466	175	10543	0	11586
13028	393	204	10248	674	0	11519
13029	431	145	12669	289	0	13534
13030	416	114	855	14336	0	15721
13031	15155	106	384	900	0	16545
13032	15500	132	299	391	0	16322
13033	1260	131	214	15063	0	16668
13034	704	162	14150	1034	0	16050
13035	494	14959	790	547	0	16790
13036	16686	871	298	377	0	18232
13037	16610	351	193	263	0	17417
13038	1386	16024	185	233	0	17828
13039	17013	968	185	171	0	18337
13040	1308	456	15674	199	0	17637
13041	16692	287	903	154	0	18036
13042	16864	210	404	209	0	17687
13043	1368	234	15686	178	0	17466
13044	668	138	1001	16289	0	18096
13045	1693	108	14346	1051	0	17198
13046	444	14962	1058	508	0	16972
13047	440	16021	455	379	0	17295
13048	262	1282	298	13685	0	15527
13049	217	427	13212	1025	0	14881
13050	164	12415	733	403	0	13715
13051	55	11307	238	168	0	11768
13052	10518	771	154	121	0	11564
13053	11058	358	126	107	0	11649
13054	745	222	105	10999	0	12071
13055	329	149	91	10849	0	11418
13056	237	10778	58	739	0	11812
13057	10771	571	61	367	0	11770
13058	10965	237	82	247	0	11531
13059	769	10750	76	190	0	11785
13060	296	527	23	9527	0	10373
13061	218	245	8806	514	0	9783
13062	154	151	426	9789	0	10520
13063	9492	101	134	623	0	10350
13064	533	81	122	9789	0	10525
13065	217	52	74	10300	0	10643
13066	10617	51	70	741	0	11479
13067	577	31	57	10183	0	10848
13068	243	9874	52	678	0	10847
13069	189	463	31	10426	0	11109
13070	133	176	33	10803	0	11145
13071	102	147	37	10274	0	10560
13072	78	9990	44	804	0	10916
13073	68	535	54	10702	0	11359
13074	57	244	9869	747	0	10917
13075	75	167	445	10608	0	11295
13076	76	147	9624	721	0	10568
13077	63	9844	533	348	0	10788
13078	61	524	203	10445	0	11233
13079	64	197	151	10775	0	11187
13080	82	165	86	10871	0	11204
13081	90	109	81	11053	0	11333
13082	80	148	9505	889	0	10622
13083	61	9814	479	470	0	10824
13084	77	515	171	10421	0	11184
13085	84	232	10123	701	0	11140
13086	84	172	552	10572	0	11380
13087	10381	128	233	732	0	11474
13088	551	132	9555	350	0	10588
13089	10399	95	521	293	0	11308
13090	682	82	220	11016	0	12000
13091	336	92	10631	654	0	11713
13092	288	10521	575	335	0	11719
13093	215	532	222	11011	0	11980
13094	212	247	10649	661	0	11769
13095	170	10536	571	344	0	11621
13096	173	613	246	11041	0	12073
13097	10124	285	214	677	0	11300
13098	10551	254	173	316	0	11294
13099	10771	180	116	265	0	11332
13100	891	171	9302	199	0	10563
13101	493	9519	533	197	0	10742
13102	391	589	215	9405	0	10600
13103	261	243	214	9890	0	10608
13104	10087	209	172	750	0	11218
13105	629	10080	168	414	0	11291
13106	10244	649	138	312	0	11343
13107	10379	340	102	279	0	11100
13108	10852	247	90	256	0	11445
13109	876	199	9872	211	0	11158
13110	10399	206	538	193	0	11336
13111	833	172	219	10264	0	11488
13112	404	130	194	10785	0	11513
13113	10506	114	134	817	0	11571
13114	724	109	95	10350	0	11278
13115	370	10094	87	810	0	11361
13116	264	605	70	10628	0	11567
13117	10286	254	56	883	0	11479
13118	666	201	9702	485	0	11054
13119	314	9976	498	375	0	11163
13120	253	627	188	10432	0	11500
13121	10310	266	177	740	0	11493
13122	663	211	9846	404	0	11124
13123	313	797	552	9717	0	11379
13124	230	168	9997	758	0	11153
13125	195	136	10215	443	0	10989
13126	183	85	9628	375	0	10271
13127	121	47	7292	261	0	7721
13128	113	68	7423	236	0	7840
13129	3578	41	1248	144	0	5011
13130	110	3122	69	46	0	3347
13131	2490	48	37	28	0	2603
13132	2415	41	21	26	0	2503
13133	86	2348	42	41	0	2517
13134	40	1976	14	10	0	2040
13135	2055	36	17	7	0	2115
13136	2065	27	15	4	0	2111
13137	49	16	11	1934	0	2010
13138	36	3454	7	33	0	3530
13139	3759	36	9	22	0	3826
13140	45	3500	6	18	0	3569
13141	28	40	9	3741	0	3818
13142	3746	25	8	32	0	3811
13143	3596	20	7	26	0	3649
13144	50	11	11	3519	0	3591
13145	31	16	14	3647	0	3708
13146	25	16	3640	52	0	3733
13147	22	16	28	3307	0	3373
13148	28	6	3659	50	0	3743
13149	15	10	45	3503	0	3573
13150	14	5	21	3737	0	3777
13151	3726	14	24	46	0	3810
13152	3500	5	19	40	0	3564
13153	52	9	3601	20	0	3682
13154	3477	9	37	19	0	3542
13155	46	8	30	3646	0	3730
13156	40	14	3647	40	0	3741
13157	36	11	34	3431	0	3512
13158	26	8	22	3641	0	3697
13159	30	12	3672	46	0	3760
13160	19	15	33	3488	0	3555
13161	23	18	3686	47	0	3774
13162	21	6	25	4102	0	4154
13163	4190	7	31	67	0	4295
13164	53	4125	30	49	0	4257
13165	4186	59	14	33	0	4292
13166	74	3811	19	18	0	3922
13167	3872	68	13	27	0	3980
13168	71	3768	15	21	0	3875
13169	3842	65	11	18	0	3936
13170	84	3767	15	19	0	3885
13171	43	72	14	3879	0	4008
13172	46	49	3787	69	0	3951
13173	26	50	3590	45	0	3711
13174	50	25	85	3693	0	3853
13175	3836	36	45	69	0	3986
13176	88	3725	30	57	0	3900
13177	56	70	25	3814	0	3965
13178	54	38	3781	69	0	3942
13179	26	38	3613	61	0	3738
13180	39	13	97	3487	0	3636
13181	29	3699	54	79	0	3861
13182	3700	60	31	55	0	3846
13183	71	54	3713	41	0	3879
13184	59	31	3532	39	0	3661
13185	27	3629	99	38	0	3793
13186	3748	67	56	33	0	3904
13187	3705	49	44	30	0	3828
13188	98	27	38	3712	0	3875
13189	4241	26	27	70	0	4364
13190	3788	21	34	46	0	3889
13191	108	3727	28	33	0	3896
13192	3834	68	38	27	0	3967
13193	84	50	3723	25	0	3882
13194	60	35	77	3737	0	3909
13195	48	24	53	3782	0	3907
13196	3820	26	31	94	0	3971
13197	90	3707	21	66	0	3884
13198	3771	73	24	36	0	3904
13199	99	4855	32	36	0	5022
13200	54	5001	37	31	0	5123
13201	63	91	4929	33	0	5116
13202	44	87	4771	25	0	4927
13203	4754	46	84	37	0	4921
13204	4405	16	18	17	0	4456
13205	75	19	4452	15	0	4561
13206	39	4166	46	11	0	4262
13207	31	4368	17	7	0	4423
13208	4586	66	11	2	0	4665
13209	4550	39	11	8	0	4608
13210	57	19	19	4405	0	4500
13211	4582	11	25	45	0	4663
13212	62	5	21	4363	0	4451
13213	35	4	4444	55	0	4538
13214	31	26	3883	24	0	3964
13215	4035	23	60	12	0	4130
13216	52	22	24	4263	0	4361
13217	35	4257	24	39	0	4355
13218	4529	41	20	20	0	4610
13219	4380	24	12	23	0	4439
13220	77	21	5650	18	0	5766
13221	5477	13	52	14	0	5556
13222	5865	9	38	9	0	5921
13223	71	9	26	5685	0	5791
13224	38	5494	21	44	0	5597
13225	28	5616	10	29	0	5683
13226	35	62	3	6201	0	6301
13227	32	31	8	6043	0	6114
13228	42	16	6	6110	0	6174
13229	32	27	6025	69	0	6153
13230	36	31	5771	25	0	5863
13231	30	19	74	5859	0	5982
13232	20	22	6067	61	0	6170
13233	25	24	6639	31	0	6719
13234	23	19	64	6381	0	6487
13235	31	29	7500	61	0	7621
13236	21	7158	72	40	0	7291
13237	8791	50	31	36	0	8908
13238	63	35	27	7366	0	7491
13239	29	7117	33	53	0	7232
13240	30	49	7360	46	0	7485
13241	19	31	72	7028	0	7150
13242	21	22	7419	73	0	7535
13243	20	11	71	7186	0	7288
13244	17	12	47	7476	0	7552
13245	20	30	7388	75	0	7513
13246	24	20	58	7110	0	7212
13247	29	6952	40	53	0	7074
13248	25	55	18	7570	0	7668
13249	29	34	7439	61	0	7563
13250	23	26	58	7218	0	7325
13251	7362	11	37	73	0	7483
13252	63	7075	45	54	0	7237
13253	31	49	30	7430	0	7540
13254	28	33	7299	59	0	7419
13255	25	6825	65	56	0	6971
13256	23	7249	32	27	0	7331
13257	30	87	7104	30	0	7251
13258	21	26	65	6982	0	7094
13259	20	15	40	7111	0	7186
13260	40	22	7232	82	0	7376
13261	27	6785	84	57	0	6953
13262	3	6369	13	7	0	6392
13263	6683	6	5	0	0	6694
13264	3	6278	15	6	0	6302
13265	8415	3	2	4	0	8424
13266	2	5	3	7794	0	7804
13267	7823	2	2	7	0	7834
13268	9	6	7620	7	0	7642
13269	7208	5	5	6	0	7224
13270	3	4	2	7820	0	7829
13271	2	8212	15	7	0	8236
13272	8710	52	3	4	0	8769
13273	54	9	4	10418	0	10485
13274	7	10050	20	59	0	10136
13275	2	10268	10	14	0	10294
13276	10524	57	4	8	0	10593
13277	10556	6	8	6	0	10576
13278	10571	11	6	5	0	10593
13279	63	9	4	10284	0	10360
13280	8	9901	20	70	0	9999
13281	7	10153	27	16	0	10203
13282	7	59	3	10574	0	10643
13283	10507	7	4	59	0	10577
13284	10231	10	10	12	0	10263
13285	10107	10	5	7	0	10129
13286	67	30	12298	12	0	12407
13287	18	65	11483	7	0	11573
13288	12751	7	57	12	0	12827
13289	56	10	11	12463	0	12540
13290	14	6	6	12415	0	12441
13291	12	8	8	12555	0	12583
13292	12	7	4	12607	0	12630
13293	21	21	12464	67	0	12573
13294	14	11	57	12090	0	12172
13295	9	19	12459	80	0	12567
13296	11410	18	69	28	0	11525
13297	59	11828	45	26	0	11958
13298	24	58	11	12584	0	12677
13299	20	16	12	11472	0	11520
13300	11536	8	6	79	0	11629
13301	11210	16	12	33	0	11271
13302	11176	17	17	21	0	11231
13303	10995	13	12	25	0	11045
13304	77	30	11178	21	0	11306
13305	36	32	10693	20	0	10781
13306	32	18	57	10954	0	11061
13307	11415	4	13	71	0	11503
13308	11017	7	18	18	0	11060
13309	80	16	11077	17	0	11190
13310	24	22	60	10842	0	10948
13311	11360	10	18	68	0	11456
13312	67	7	6	11235	0	11315
13313	23	12	11277	88	0	11400
13314	22	8	56	10870	0	10956
13315	11378	3	17	77	0	11475
13316	64	11106	51	33	0	11254
13317	12025	58	19	15	0	12117
13318	11909	17	17	19	0	11962
13319	11643	13	17	28	0	11701
13320	75	12	10	11457	0	11554
13321	11624	11	3	86	0	11724
13322	71	13184	32	39	0	13326
13323	27	13530	28	37	0	13622
13324	35	294	8	13819	0	14156
13325	13819	104	16	226	0	14165
13326	211	13073	34	78	0	13396
13327	14746	228	8	32	0	15014
13328	15107	88	16	26	0	15237
13329	350	14990	23	35	0	15398
13330	132	296	8	15212	0	15648
13331	57	100	7	15636	0	15800
13332	59	61	15816	387	0	16323
13333	59	25	296	14535	0	14915
13334	49	39	14972	364	0	15424
13335	31	13877	345	132	0	14385
13336	20	301	89	14930	0	15340
13337	13699	91	59	344	0	14193
13338	13639	55	34	126	0	13854
13339	394	21	39	13735	0	14189
13340	145	57	13356	354	0	13912
13341	12275	40	310	141	0	12766
13342	333	13011	106	95	0	13545
13343	124	13345	65	61	0	13595
13344	75	13623	36	70	0	13804
13345	61	420	34	13601	0	14116
13346	58	146	13220	344	0	13768
13347	53	86	310	13139	0	13588
13348	54	68	13967	374	0	14463
13349	54	81	13849	120	0	14104
13350	56	74	14571	82	0	14783
13351	42	64	416	13493	0	14015
13352	37	51	147	14420	0	14655
13353	34	51	92	14855	0	15032
13354	29	34	61	14835	0	14959
13355	14892	35	76	446	0	15449
13356	317	14242	82	195	0	14836
13357	14839	320	57	112	0	15328
13358	358	14547	56	84	0	15045
13359	130	356	38	15980	0	16504
13360	81	116	24	16356	0	16577
13361	16091	79	38	463	0	16671
13362	15931	49	40	176	0	16196
13363	16137	55	40	121	0	16353
13364	16188	54	38	78	0	16358
13365	14779	71	26	76	0	14952
13366	461	14056	49	89	0	14655
13367	14636	346	29	76	0	15087
13368	402	14163	46	83	0	14694
13369	14641	368	44	88	0	15141
13370	453	144	14110	73	0	14780
13371	163	92	275	13194	0	13724
13372	121	13362	116	280	0	13879
13373	93	307	53	12220	0	12673
13374	144	157	12408	338	0	13047
13375	80	101	265	12522	0	12968
13376	12467	54	110	365	0	12996
13377	299	12188	91	184	0	12762
13378	127	12757	80	152	0	13116
13379	93	414	12697	94	0	13298
13380	65	159	316	12531	0	13071
13381	76	12505	139	355	0	13075
13382	79	340	78	13237	0	13734
13383	85	170	12900	392	0	13547
13384	76	12088	361	223	0	12748
13385	101	349	12555	116	0	13121
13386	76	191	10671	91	0	11029
13387	78	116	389	10644	0	11227
13388	10985	109	175	339	0	11608
13389	335	110	96	10957	0	11498
13390	139	100	11193	405	0	11837
13391	87	78	370	11857	0	12392
13392	66	88	12555	419	0	13128
13393	73	92	12097	204	0	12466
13394	12230	57	443	144	0	12874
13395	12890	68	209	116	0	13283
13396	12850	50	141	149	0	13190
13397	447	54	12461	123	0	13085
13398	182	66	12658	136	0	13042
13399	124	43	428	12391	0	12986
13400	107	53	201	14030	0	14391
13401	13854	59	117	429	0	14459
13402	368	69	81	13692	0	14210
13403	184	79	13586	410	0	14259
13404	127	83	13104	196	0	13510
13405	102	13367	435	166	0	14070
13406	116	314	173	14091	0	14694
13407	129	134	13993	378	0	14634
13408	128	88	346	13705	0	14267
13409	14061	64	157	397	0	14679
13410	383	78	14104	173	0	14738
13411	170	62	324	14058	0	14614
13412	129	59	156	14515	0	14859
13413	119	60	14151	457	0	14787
13414	113	63	360	13826	0	14362
13415	105	52	14126	412	0	14695
13416	13125	69	393	173	0	13760
13417	348	66	156	13602	0	14172
13418	156	13280	162	364	0	13962
13419	13789	319	89	209	0	14406
13420	12787	124	86	162	0	13159
13421	439	12713	113	142	0	13407
13422	61	407	44	10240	0	10752
13423	58	10299	46	160	0	10563
13424	51	10400	40	78	0	10569
13425	55	177	10128	56	0	10416
13426	46	10000	160	62	0	10268
13427	39	106	9097	23	0	9265
13428	7577	13	44	13	0	7647
13429	8011	12	11	11	0	8045
13430	31	9664	31	16	0	9742
13431	15	9800	31	11	0	9857
13432	235	8998	24	8	0	9265
13433	10633	40	14	7	0	10694
13434	45	18	10	11638	0	11711
13435	22	42	11762	61	0	11887
13436	17	11703	89	24	0	11833
13437	16	62	23	12140	0	12241
13438	26	35	21	11598	0	11680
13439	16	13059	33	81	0	13189
13440	15217	149	36	40	0	15442
13441	264	67	14706	23	0	15060
13442	85	44	256	22412	0	22797
13443	31	25066	94	560	0	25751
13444	25450	662	34	170	0	26316
13445	722	290	24079	125	0	25216
13446	212	24535	711	96	0	25554
13447	129	734	199	25727	0	26789
13448	94	298	24308	727	0	25427
13449	23872	157	748	217	0	24994
13450	707	92	245	24415	0	25459
13451	254	142	23306	765	0	24467
13452	158	23849	780	302	0	25089
13453	23521	702	266	181	0	24670
13454	704	24017	178	126	0	25025
13455	24258	806	123	92	0	25279
13456	25209	286	93	90	0	25678
13457	949	233	58	23941	0	25181
13458	403	23334	93	712	0	24542
13459	273	720	23028	239	0	24260
13460	180	252	710	24038	0	25180
13461	122	185	249	23619	0	24175
13462	90	120	172	24940	0	25322
13463	89	118	116	25140	0	25463
13464	89	79	92	25429	0	25689
13465	24334	80	89	1182	0	25685
13466	24259	106	65	516	0	24946
13467	23580	69	78	351	0	24078
13468	955	22607	154	275	0	23991
13469	456	688	23640	182	0	24966
13470	313	290	23995	151	0	24749
13471	232	240	24248	163	0	24883
13472	154	189	1023	22974	0	24340
13473	159	171	456	24203	0	24989
13474	113	118	308	24427	0	24966
13475	137	160	22701	1146	0	24144
13476	153	22216	828	644	0	23841
13477	156	728	23255	427	0	24566
13478	155	336	23011	291	0	23793
13479	141	232	969	23009	0	24351
13480	169	238	23126	831	0	24364
13481	180	223	932	23192	0	24527
13482	23150	143	416	980	0	24689
13483	23365	157	352	441	0	24315
13484	1035	159	22178	398	0	23770
13485	470	135	871	22600	0	24076
13486	364	238	21883	910	0	23395
13487	270	22289	921	494	0	23974
13488	22858	812	470	363	0	24503
13489	842	413	22301	352	0	23908
13490	402	21747	917	371	0	23437
13491	310	22106	491	333	0	23240
13492	309	21936	329	361	0	22935
13493	342	1132	20416	327	0	22217
13494	316	581	921	19892	0	21710
13495	294	21216	441	878	0	22829
13496	270	1018	366	21409	0	23063
13497	283	517	330	22314	0	23444
13498	21921	343	379	1258	0	23901
13499	914	21915	350	769	0	23948
13500	20820	916	274	624	0	22634
13501	970	20516	301	588	0	22375
13502	522	21595	314	442	0	22873
13503	483	1188	20397	434	0	22502
13504	315	606	987	21134	0	23042
13505	330	552	20412	1020	0	22314
13506	314	20307	1015	707	0	22343
13507	326	957	20423	548	0	22254
13508	352	509	20563	519	0	21943
13509	365	20641	1191	465	0	22662
13510	19938	1014	638	440	0	22030
13511	915	20638	506	476	0	22535
13512	20748	1019	555	453	0	22775
13513	978	583	20431	488	0	22480
13514	537	426	20348	536	0	21847
13515	424	20346	1231	486	0	22487
13516	20088	967	578	513	0	22146
13517	1011	20389	544	456	0	22400
13518	507	1034	549	20557	0	22647
13519	20685	615	468	1010	0	22778
13520	1017	500	20122	530	0	22169
13521	474	410	1144	20700	0	22728
13522	20288	354	614	1140	0	22396
13523	1013	20217	526	730	0	22486
13524	504	961	431	20887	0	22783
13525	466	511	19869	1170	0	22016
13526	20212	407	1071	635	0	22325
13527	939	403	599	20856	0	22797
13528	426	388	20186	1131	0	22131
13529	318	370	1118	20003	0	21809
13530	332	18686	601	1212	0	20831
13531	327	937	18614	705	0	20583
13532	347	483	1086	19329	0	21245
13533	17798	369	526	1013	0	19706
13534	868	326	440	16833	0	18467
13535	15911	317	385	1005	0	17618
13536	956	16105	407	504	0	17972
13537	16535	896	348	390	0	18169
13538	978	548	15689	350	0	17565
13539	445	380	14790	315	0	15930
13540	1398	302	11752	227	0	13679
13541	1507	11796	841	251	0	14395
13542	14	41	597	2246	0	2898
13543	1	2	6	2213	0	2222
13544	1	4	6	2752	0	2763
13545	7	5	4	2732	0	2748
13546	3	7	2733	6	0	2749
13547	2436	2	17	6	0	2461
13548	3	2700	9	9	0	2721
13549	2716	12	3	5	0	2736
13550	5	5	7	2775	0	2792
13551	5	2688	6	10	0	2709
13552	7	8	2	4126	0	4143
13553	4160	4	1	9	0	4174
13554	6	3883	8	9	0	3906
13555	4157	9	4	5	0	4175
13556	3685	0	1	1	0	3687
13557	0	2	0	3656	0	3658
13558	1	3	3585	1	0	3590
13559	2803	2	1	1	0	2807
13560	0	0	0	3007	0	3007
13561	3040	0	0	0	0	3040
13562	2930	0	1	0	0	2931
13563	3597	0	1	0	0	3598
13564	12	1	3625	0	0	3638
13565	6	0	9	3524	0	3539
13566	3679	0	2	12	0	3693
13567	11	5	3546	5	0	3567
13568	5	3498	25	2	0	3530
13569	2	12	6	3556	0	3576
13570	4	6	3657	11	0	3678
13571	2	9	3384	5	0	3400
13572	1	1	13	3551	0	3566
13573	0	1	4	3656	0	3661
13574	0	0	2	3704	0	3706
13575	0	0	2	3656	0	3658
13576	1	4	3609	21	0	3635
13577	0	3455	15	8	0	3478
13578	0	9	2	3723	0	3734
13579	3752	4	2	14	0	3772
13580	3654	2	2	4	0	3662
13581	3693	2	1	3	0	3699
13582	16	1	0	3682	0	3699
13583	7	0	0	3672	0	3679
13584	5	3497	3	17	0	3522
13585	3	3586	5	5	0	3599
13586	2	15	0	3753	0	3770
13587	3725	6	0	13	0	3744
13588	3231	3	0	4	0	3238
13589	3217	2	0	3	0	3222
13590	3265	1	2	3	0	3271
13591	3288	0	1	1	0	3290
13592	18	3111	6	2	0	3137
13593	7	11	1	3317	0	3336
13594	3333	3	0	12	0	3348
13595	3326	1	2	5	0	3334
13596	14	2	0	3223	0	3239
13597	7	1	0	3259	0	3267
13598	4	1	2558	16	0	2579
13599	4	2	9	2405	0	2420
13600	1	0	5	2554	0	2560
13601	3	4	3513	18	0	3538
13602	2	3	11	3398	0	3414
13603	1	3437	11	16	0	3465
13604	2	20	3383	11	0	3416
13605	1	3466	12	9	0	3488
13606	1	14	8	3571	0	3594
13607	0	8	7	3505	0	3520
13608	4	3404	5	18	0	3431
13609	5	3488	10	13	0	3516
13610	3650	13	7	10	0	3680
13611	3559	7	4	7	0	3577
13612	21	5	3420	4	0	3450
13613	3375	7	14	7	0	3403
13614	3562	5	4	10	0	3581
13615	3564	1	10	5	0	3580
13616	3519	4	15	2	0	3540
13617	21	4	3340	12	0	3377
13618	12	11	2987	13	0	3023
13619	3749	3	10	11	0	3773
13620	22	3598	10	13	0	3643
13621	20	11	3789	8	0	3828
13622	3809	8	21	14	0	3852
13623	3917	6	6	18	0	3947
13624	34	6	3750	10	0	3800
13625	3612	11	27	7	0	3657
13626	31	10	19	3884	0	3944
13627	23	9	3816	37	0	3885
13628	3480	5	31	19	0	3535
13629	15	3670	31	24	0	3740
13630	3940	28	10	23	0	4001
13631	3933	8	12	38	0	3991
13632	21	12	15	3850	0	3898
13633	18	7	16	3755	0	3796
13634	17	9	13	3944	0	3983
13635	3928	10	6	49	0	3993
13636	5096	6	6	38	0	5146
13637	104	5	5	6499	0	6613
13638	69	9	11	6503	0	6592
13639	50	21	6283	154	0	6508
13640	5999	8	85	103	0	6195
13641	108	11	52	6513	0	6684
13642	67	14	25	6512	0	6618
13643	45	6228	19	151	0	6443
13644	25	93	12	6135	0	6265
13645	30	56	0	6125	0	6211
13646	5853	38	11	161	0	6063
13647	105	5757	10	103	0	5975
13648	75	98	4	6047	0	6224
13649	60	64	10	5958	0	6092
13650	50	40	2	6093	0	6185
13651	40	28	6214	193	0	6475
13652	45	13	89	5205	0	5352
13653	5227	12	55	159	0	5453
13654	120	27	5081	117	0	5345
13655	84	10	103	5115	0	5312
13656	69	13	76	5337	0	5495
13657	5279	12	41	211	0	5543
13658	5231	5	41	150	0	5427
13659	171	15	5076	100	0	5362
13660	4893	26	107	83	0	5109
13661	144	26	5048	84	0	5302
13662	4827	27	131	85	0	5070
13663	122	4311	60	49	0	4542
13664	4566	90	36	47	0	4739
13665	118	4367	20	54	0	4559
13666	4515	115	17	50	0	4697
13667	112	4317	13	52	0	4494
13668	60	106	25	4481	0	4672
13669	41	54	18	4504	0	4617
13670	37	40	20	4506	0	4603
13671	35	4292	33	177	0	4537
13672	34	81	14	4481	0	4610
13673	25	4294	30	147	0	4496
13674	36	104	20	4575	0	4735
13675	4439	56	23	132	0	4650
13676	4308	34	20	80	0	4442
13677	159	4256	29	50	0	4494
13678	104	96	29	4449	0	4678
13679	4386	64	23	104	0	4577
13680	125	4285	22	73	0	4505
13681	88	4359	15	49	0	4511
13682	4472	146	10	32	0	4660
13683	4447	103	11	29	0	4590
13684	158	4360	15	39	0	4572
13685	4542	116	10	38	0	4706
13686	134	86	5	4476	0	4701
13687	76	65	5709	140	0	5990
13688	5681	42	100	114	0	5937
13689	5899	40	61	74	0	6074
13690	199	47	5719	52	0	6017
13691	5636	42	117	59	0	5854
13692	5896	26	64	49	0	6035
13693	6687	33	30	57	0	6807
13694	230	6254	30	41	0	6555
13695	6724	134	15	42	0	6915
13696	7105	85	4	41	0	7235
13697	223	69	22	6865	0	7179
13698	135	50	8	6953	0	7146
13699	103	43	13	7166	0	7325
13700	7097	35	21	232	0	7385
13701	174	42	10	6085	0	6311
13702	6118	22	18	204	0	6362
13703	6756	33	16	126	0	6931
13704	236	32	28	6563	0	6859
13705	165	23	38	6590	0	6816
13706	129	16	27	6803	0	6975
13707	6633	22	40	235	0	6930
13708	185	6238	37	161	0	6621
13709	140	133	21	6600	0	6894
13710	106	84	22	6748	0	6960
13711	6656	69	18	227	0	6970
13712	6875	37	12	150	0	7074
13713	245	42	6604	115	0	7006
13714	157	41	6206	103	0	6507
13715	6635	20	186	101	0	6942
13716	192	23	95	7021	0	7331
13717	132	25	60	7623	0	7840
13718	93	23	7579	370	0	8065
13719	100	24	212	6940	0	7276
13720	100	7901	116	297	0	8414
13721	82	8316	65	171	0	8634
13722	8168	296	41	119	0	8624
13723	273	153	7917	96	0	8439
13724	149	8336	198	100	0	8783
13725	106	254	79	8785	0	9224
13726	101	129	8612	274	0	9116
13727	81	80	241	8306	0	8708
13728	80	61	110	8671	0	8922
13729	79	53	8742	375	0	9249
13730	77	8571	263	187	0	9098
13731	77	255	118	9123	0	9573
13732	9103	114	66	284	0	9567
13733	9055	82	68	155	0	9360
13734	9138	65	44	119	0	9366
13735	391	8770	52	106	0	9319
13736	7701	148	17	13	0	7879
13737	161	36	11	6523	0	6731
13738	59	23	6368	154	0	6604
13739	6320	21	132	42	0	6515
13740	150	6651	50	35	0	6886
13741	48	137	31	7030	0	7246
13742	28	42	30	7020	0	7120
13743	30	7399	38	185	0	7652
13744	21	156	25	7816	0	8018
13745	21	60	15	7867	0	7963
13746	20	30	12	8039	0	8101
13747	7842	34	29	222	0	8127
13748	7735	36	28	100	0	7899
13749	194	42	8133	81	0	8450
13750	61	54	166	8021	0	8302
13751	61	43	49	8030	0	8183
13752	51	34	48	8217	0	8350
13753	8076	43	53	216	0	8388
13754	179	56	7726	104	0	8065
13755	7571	28	171	95	0	7865
13756	8162	34	75	75	0	8346
13757	225	16	39	7992	0	8272
13758	8049	22	50	201	0	8322
13759	212	56	7749	81	0	8098
13760	7354	35	153	70	0	7612
13761	207	8780	77	95	0	9159
13762	131	208	9070	53	0	9462
13763	112	106	10091	66	0	10375
13764	84	72	271	9816	0	10243
13765	83	68	10157	246	0	10554
13766	9943	42	222	149	0	10356
13767	223	9886	139	114	0	10362
13768	10489	210	67	94	0	10860
13769	262	114	42	10307	0	10725
13770	119	78	10198	285	0	10680
13771	97	62	9797	175	0	10131
13772	54	65	253	10336	0	10708
13773	11134	45	127	298	0	11604
13774	237	10375	91	200	0	10903
13775	108	11479	81	154	0	11822
13776	11974	269	55	121	0	12419
13777	260	11513	65	98	0	11936
13778	12161	233	62	95	0	12551
13779	291	124	44	11977	0	12436
13780	12164	63	62	285	0	12574
13781	302	45	56	12067	0	12470
13782	12121	53	55	299	0	12528
13783	296	34	89	11882	0	12301
13784	171	11415	96	300	0	11982
13785	11950	220	57	151	0	12378
13786	271	11592	75	165	0	12103
13787	145	229	10044	80	0	10498
13788	94	102	208	9710	0	10114
13789	82	10089	127	178	0	10476
13790	10446	215	62	101	0	10824
13791	10212	114	72	70	0	10468
13792	271	10201	91	63	0	10626
13793	118	219	10421	81	0	10839
13794	94	107	209	10341	0	10751
13795	80	10167	146	216	0	10609
13796	72	205	93	10483	0	10853
13797	96	111	62	10638	0	10907
13798	10569	81	57	297	0	11004
13799	238	10036	76	157	0	10507
13800	134	228	60	10581	0	11003
13801	10553	112	67	263	0	10995
13802	10450	82	50	142	0	10724
13803	10101	70	69	99	0	10339
13804	308	100	56	9939	0	10403
13805	10024	83	57	255	0	10419
13806	290	9554	98	139	0	10081
13807	9978	234	62	112	0	10386
13808	275	10283	86	115	0	10759
13809	10881	235	54	102	0	11272
13810	10846	145	35	119	0	11145
13811	338	91	60	10741	0	11230
13812	184	70	10225	252	0	10731
13813	116	90	9839	159	0	10204
13814	115	10045	267	113	0	10540
13815	10642	246	114	85	0	11087
13816	255	143	10051	55	0	10504
13817	8672	71	71	23	0	8837
13818	118	8841	65	34	0	9058
13819	92	9837	59	41	0	10029
13820	68	139	26	10328	0	10561
13821	62	10087	52	105	0	10306
13822	58	158	10073	79	0	10368
13823	82	72	86	10013	0	10253
13824	51	10571	87	129	0	10838
13825	67	164	36	11244	0	11511
13826	11701	101	37	167	0	12006
13827	207	87	30	11646	0	11970
13828	95	99	11133	254	0	11581
13829	78	11742	214	123	0	12157
13830	58	224	91	12314	0	12687
13831	75	111	66	12483	0	12735
13832	67	86	52	12934	0	13139
13833	12568	85	53	318	0	13024
13834	12426	61	37	162	0	12686
13835	288	82	12057	115	0	12542
13836	177	81	11661	89	0	12008
13837	87	11451	310	120	0	11968
13838	13133	213	118	83	0	13547
13839	259	111	82	12864	0	13316
13840	125	88	58	12829	0	13100
13841	110	63	58	12846	0	13077
13842	107	67	26	13039	0	13239
13843	116	94	11468	351	0	12029
13844	11553	57	209	188	0	12007
13845	256	65	88	14973	0	15382
13846	171	79	14475	432	0	15157
13847	14505	75	371	266	0	15217
13848	16456	42	212	169	0	16879
13849	685	90	17733	120	0	18628
13850	401	107	18210	111	0	18829
13851	208	69	878	18329	0	19484
13852	18397	72	350	795	0	19614
13853	18888	41	221	346	0	19496
13854	977	82	165	17456	0	18680
13855	411	71	163	19151	0	19796
13856	256	84	17912	1028	0	19280
13857	184	74	787	18609	0	19654
13858	236	101	17751	976	0	19064
13859	17612	76	813	433	0	18934
13860	859	17785	413	303	0	19360
13861	17103	666	162	218	0	18149
13862	790	17187	186	154	0	18317
13863	16654	751	113	154	0	17672
13864	843	274	96	16032	0	17245
13865	351	140	90	17007	0	17588
13866	16501	120	75	948	0	17644
13867	16941	104	76	389	0	17510
13868	17229	98	85	234	0	17646
13869	17436	90	75	185	0	17786
13870	1150	96	15598	206	0	17050
13871	16643	61	664	209	0	17577
13872	17103	50	265	162	0	17580
13873	16592	36	154	150	0	16932
13874	1197	45	149	15806	0	17197
13875	14738	32	158	792	0	15720
13876	971	14518	186	360	0	16035
13877	552	668	146	15006	0	16372
13878	445	225	95	15852	0	16617
13879	378	188	14006	1038	0	15610
13880	282	87	705	14649	0	15723
13881	262	14788	304	980	0	16334
13882	14756	744	196	504	0	16200
13883	868	15013	212	384	0	16477
13884	15285	806	156	358	0	16605
13885	962	347	145	15335	0	16789
13886	14969	201	157	941	0	16268
13887	956	14797	158	461	0	16372
13888	15194	795	130	308	0	16427
13889	15692	356	151	266	0	16465
13890	1205	226	125	14982	0	16538
13891	638	184	101	15874	0	16797
13892	521	172	14401	1112	0	16206
13893	499	167	687	14423	0	15776
13894	469	142	265	15055	0	15931
13895	423	117	13743	1210	0	15493
13896	360	111	776	14696	0	15943
13897	370	106	13848	1099	0	15423
13898	14215	90	869	565	0	15739
13899	993	88	374	14479	0	15934
13900	551	114	12993	1043	0	14701
13901	13565	126	815	534	0	15040
13902	1047	86	361	13751	0	15245
13903	549	128	12847	1040	0	14564
13904	13503	67	823	574	0	14967
13905	1030	84	354	13646	0	15114
13906	559	120	265	14311	0	15255
13907	14672	117	211	1171	0	16171
13908	1066	104	201	16152	0	17523
13909	582	94	202	16584	0	17462
13910	438	120	197	16620	0	17375
13911	414	15754	172	1229	0	17569
13912	15953	817	152	672	0	17594
13913	16688	301	139	479	0	17607
13914	1224	201	117	16283	0	17825
13915	16358	131	135	1154	0	17778
13916	16686	128	136	641	0	17591
13917	16907	163	129	443	0	17642
13918	15691	144	146	425	0	16406
13919	15803	97	184	410	0	16494
13920	1329	118	12743	400	0	14590
13921	680	140	12819	413	0	14052
13922	13364	94	947	296	0	14701
13923	1117	12906	391	327	0	14741
13924	576	675	209	12753	0	14213
13925	469	277	12125	911	0	13782
13926	360	167	11860	457	0	12844
13927	327	98	878	12142	0	13445
13928	13151	118	424	852	0	14545
13929	909	109	228	12243	0	13489
13930	463	147	11351	939	0	12900
13931	13599	79	693	526	0	14897
13932	913	70	354	15491	0	16828
13933	486	49	234	15968	0	16737
13934	419	40	177	16233	0	16869
13935	377	62	129	16372	0	16940
13936	336	79	14854	1204	0	16473
13937	375	47	651	15675	0	16748
13938	15676	54	299	990	0	17019
13939	859	69	14774	629	0	16331
13940	15073	57	662	485	0	16277
13941	15994	57	300	410	0	16761
13942	15820	96	204	332	0	16452
13943	15717	59	177	331	0	16284
13944	1169	14477	177	376	0	16199
13945	354	11687	151	168	0	12360
13946	317	12199	114	175	0	12805
13947	11748	814	710	173	0	13445
13948	601	119	10574	154	0	11448
13949	7896	20	79	39	0	8034
13950	104	20	39	8197	0	8360
13951	8321	19	21	97	0	8458
13952	100	11	16	8300	0	8427
13953	8283	17	32	112	0	8444
13954	115	11	20	8227	0	8373
13955	59	12	25	8275	0	8371
13956	6901	17	29	132	0	7079
13957	108	7831	24	85	0	8048
13958	92	70	7988	43	0	8193
13959	58	7646	78	66	0	7848
13960	79	74	7775	33	0	7961
13961	81	38	80	7542	0	7741
13962	7764	15	19	63	0	7861
13963	80	10	18	7738	0	7846
13964	7797	8	10	77	0	7892
13965	85	7884	26	52	0	8047
13966	58	55	8041	25	0	8179
13967	36	7779	64	30	0	7909
13968	32	8024	34	19	0	8109
13969	8335	78	17	25	0	8455
13970	8086	34	14	16	0	8150
13971	84	7889	34	14	0	8021
13972	47	57	17	8163	0	8284
13973	38	22	17	8242	0	8319
13974	8274	19	12	84	0	8389
13975	76	13	8199	42	0	8330
13976	36	26	7807	33	0	7902
13977	33	10	69	7748	0	7860
13978	13	28	7982	86	0	8109
13979	8100	17	62	53	0	8232
13980	8727	16	31	35	0	8809
13981	111	8312	39	44	0	8506
13982	68	85	8628	34	0	8815
13983	64	38	74	8453	0	8629
13984	55	21	8741	83	0	8900
13985	52	10	74	8619	0	8755
13986	8463	7	30	95	0	8595
13987	100	8354	39	62	0	8555
13988	62	80	8416	26	0	8584
13989	41	7983	101	30	0	8155
13990	25	8339	53	24	0	8441
13991	8619	116	23	25	0	8783
13992	8304	49	36	33	0	8422
13993	121	34	8395	15	0	8565
13994	62	8705	119	44	0	8930
13995	51	74	31	9379	0	9535
13996	41	43	15	9300	0	9399
13997	30	28	27	9296	0	9381
13998	45	29	10133	116	0	10323
13999	37	28	79	9988	0	10132
14000	19	20	38	10865	0	10942
14001	10832	16	26	145	0	11019
14002	10567	19	22	89	0	10697
14003	10742	25	34	42	0	10843
14004	10608	15	30	46	0	10699
14005	10717	21	19	48	0	10805
14006	129	10164	52	47	0	10392
14007	9923	71	26	39	0	10059
14008	132	33	8371	32	0	8568
14009	86	745	71	7593	0	8495
14010	7906	5	8	26	0	7945
14011	36	7301	13	13	0	7363
14012	7908	23	6	3	0	7940
14013	8419	14	6	5	0	8444
14014	33	9	7	8975	0	9024
14015	19	12	2	8937	0	8970
14016	19	9513	29	31	0	9592
14017	12	23	4	10257	0	10296
14018	18	17	9988	26	0	10049
14019	14	11	18	9860	0	9903
14020	12	18	9958	34	0	10022
14021	8112	22	56	43	0	8233
14022	25	9	10	10003	0	10047
14023	17	11	9996	32	0	10056
14024	9	8998	50	34	0	9091
14025	11	9447	35	16	0	9509
14026	10131	35	8	9	0	10183
14027	28	10	6	9710	0	9754
14028	11	14	9227	30	0	9282
14029	6	8823	73	27	0	8929
14030	16	39	9608	10	0	9673
14031	8223	13	22	8	0	8266
14032	6811	4	14	13	0	6842
14033	6865	6	7	9	0	6887
14034	27	8	7	6888	0	6930
14035	22	11	6807	21	0	6861
14036	12	6448	36	21	0	6517
14037	13	24	11	6974	0	7022
14038	19	21	6737	25	0	6802
14039	19	32	6311	16	0	6378
14040	9	10	34	6714	0	6767
14041	6992	6	17	29	0	7044
14042	29	7	6	6890	0	6932
14043	13	12	10	6856	0	6891
14044	10	9	6807	36	0	6862
14045	14	9	24	6562	0	6609
14046	9	7	11	6730	0	6757
14047	15	9	6711	40	0	6775
14048	11	25	6436	21	0	6493
14049	8	8	34	6647	0	6697
14050	16	8	6792	32	0	6848
14051	9	5	22	6711	0	6747
14052	6890	3	20	33	0	6946
14053	28	6467	32	27	0	6554
14054	14	28	11	7547	0	7600
14055	14	12	7419	35	0	7480
14056	6137	11	32	34	0	6214
14057	26	7011	43	12	0	7092
14058	7557	25	7	15	0	7604
14059	28	13	8	7482	0	7531
14060	19	6	14	7358	0	7397
14061	7496	11	14	34	0	7555
14062	38	12	7367	13	0	7430
14063	7143	10	26	15	0	7194
14064	37	5	14	7468	0	7524
14065	6950	7	7	36	0	7000
14066	7852	9	3	31	0	7895
14067	51	11	17	7572	0	7651
14068	23	8669	28	44	0	8764
14069	9145	70	10	22	0	9247
14070	8997	33	11	17	0	9058
14071	128	21	8805	9	0	8963
14072	9139	6	85	16	0	9246
14073	100	11	30	9287	0	9428
14074	42	9100	33	93	0	9268
14075	25	80	10	9136	0	9251
14076	14	9098	27	82	0	9221
14077	9463	86	16	31	0	9596
14078	9453	34	5	31	0	9523
14079	89	15	5	9350	0	9459
14080	34	14	9350	97	0	9495
14081	18	22	9124	44	0	9208
14082	12	4	134	9323	0	9473
14083	9479	1	57	96	0	9633
14084	9572	9	26	46	0	9653
14085	144	9373	26	25	0	9568
14086	63	97	5	9823	0	9988
14087	32	62	9736	125	0	9955
14088	16	43	9475	52	0	9586
14089	16	13	152	10015	0	10196
14090	13448	5	76	158	0	13687
14091	265	11	31	15157	0	15464
14092	146	35	14584	416	0	15181
14093	14630	9	374	166	0	15179
14094	413	5	161	14163	0	14742
14095	204	8	98	14550	0	14860
14096	119	12	57	14010	0	14198
14097	55	13809	80	590	0	14534
14098	61	362	13203	291	0	13917
14099	59	160	13538	179	0	13936
14100	40	87	525	13433	0	14085
14101	60	70	13125	468	0	13723
14102	12951	61	491	241	0	13744
14103	408	42	254	14101	0	14805
14104	218	26	167	14122	0	14533
14105	132	24	107	14338	0	14601
14106	100	14088	84	681	0	14953
14107	14396	382	64	356	0	15198
14108	435	195	40	14557	0	15227
14109	14213	125	73	550	0	14961
14110	483	14158	93	295	0	15029
14111	14417	454	51	208	0	15130
14112	13857	216	74	122	0	14269
14113	13892	116	54	125	0	14187
14114	676	12356	75	136	0	13243
14115	331	13149	78	114	0	13672
14116	11787	543	62	119	0	12511
14117	518	12644	84	108	0	13354
14118	328	536	12116	100	0	13080
14119	200	12191	399	128	0	12918
14120	153	12861	176	120	0	13310
14121	12855	635	135	90	0	13715
14122	515	334	12535	80	0	13464
14123	283	230	12707	95	0	13315
14124	227	150	587	12462	0	13426
14125	12864	178	287	471	0	13800
14126	543	148	13565	254	0	14510
14127	335	85	520	13638	0	14578
14128	203	116	13299	544	0	14162
14129	168	110	12636	308	0	13222
14130	12457	95	611	269	0	13432
14131	518	154	12693	176	0	13541
14132	287	114	583	12308	0	13292
14133	209	114	342	12554	0	13219
14134	189	12112	289	608	0	13198
14135	183	13073	219	361	0	13836
14136	213	544	178	13299	0	14234
14137	158	303	12843	598	0	13902
14138	143	225	506	13145	0	14019
14139	131	153	270	13634	0	14188
14140	145	185	12852	714	0	13896
14141	142	109	512	13293	0	14056
14142	13250	107	291	722	0	14370
14143	514	112	13309	449	0	14384
14144	13645	119	546	355	0	14665
14145	596	114	324	13476	0	14510
14146	340	120	263	14130	0	14853
14147	305	14552	192	767	0	15816
14148	255	510	166	15887	0	16818
14149	188	260	169	16502	0	17119
14150	15933	213	153	938	0	17237
14151	553	147	208	16208	0	17116
14152	315	143	189	16647	0	17294
14153	15838	126	155	971	0	17090
14154	636	108	195	16452	0	17391
14155	398	136	164	15545	0	16243
14156	290	15845	191	919	0	17245
14157	16018	532	189	589	0	17328
14158	638	295	187	16348	0	17468
14159	367	234	131	16850	0	17582
14160	298	176	15559	996	0	17029
14161	249	176	528	16141	0	17094
14162	207	143	300	16921	0	17571
14163	15755	117	260	1044	0	17176
14164	15721	143	192	656	0	16712
14165	793	145	179	16424	0	17541
14166	429	129	14340	758	0	15656
14167	331	14171	511	474	0	15487
14168	242	13654	240	343	0	14479
14169	245	584	166	14647	0	15642
14170	14427	332	110	733	0	15602
14171	616	222	126	14753	0	15717
14172	14255	204	67	796	0	15322
14173	680	209	68	14324	0	15281
14174	385	139	73	14833	0	15430
14175	14125	107	95	861	0	15188
14176	13816	105	123	526	0	14570
14177	755	13599	135	387	0	14876
14178	451	14438	88	280	0	15257
14179	266	712	62	12930	0	13970
14180	219	353	74	13547	0	14193
14181	241	263	12574	698	0	13776
14182	12084	219	490	429	0	13222
14183	547	12669	221	358	0	13795
14184	232	12884	189	293	0	13598
14185	12879	590	154	286	0	13909
14186	579	290	12424	256	0	13549
14187	330	227	12453	183	0	13193
14188	852	190	11709	167	0	12918
14189	224	12114	607	176	0	13121
14190	70	312	1608	7646	0	9636
14191	38	52	39	7697	0	7826
14192	34	57	22	7850	0	7963
14193	7700	22	21	238	0	7981
14194	7538	32	23	96	0	7689
14195	166	7476	32	101	0	7775
14196	82	164	13	7766	0	8025
14197	70	61	7388	213	0	7732
14198	50	7339	147	93	0	7629
14199	7584	166	49	83	0	7882
14200	189	77	7493	49	0	7808
14201	6905	72	150	67	0	7194
14202	211	49	7458	73	0	7791
14203	64	41	185	6427	0	6717
14204	73	6510	75	191	0	6849
14205	6730	168	72	87	0	7057
14206	172	6611	45	104	0	6932
14207	6847	193	23	88	0	7151
14208	209	64	25	7127	0	7425
14209	101	65	7756	238	0	8160
14210	109	35	169	8417	0	8730
14211	74	55	47	9249	0	9425
14212	73	69	8706	349	0	9197
14213	8488	51	226	189	0	8954
14214	280	8902	92	156	0	9430
14215	9163	276	67	112	0	9618
14216	331	9065	51	119	0	9566
14217	120	332	40	8605	0	9097
14218	128	107	8346	330	0	8911
14219	8697	87	249	160	0	9193
14220	333	9060	99	135	0	9627
14221	149	321	74	8858	0	9402
14222	111	127	42	9448	0	9728
14223	9213	131	44	393	0	9781
14224	9366	81	45	192	0	9684
14225	385	10049	52	158	0	10644
14226	10208	390	52	121	0	10771
14227	10465	130	48	108	0	10751
14228	10620	117	48	116	0	10901
14229	642	96	9548	95	0	10381
14230	280	9604	375	97	0	10356
14231	210	10416	148	104	0	10878
14232	147	536	104	9417	0	10204
14233	139	249	56	10393	0	10837
14234	10188	174	60	529	0	10951
14235	441	9716	59	261	0	10477
14236	9993	447	61	192	0	10693
14237	538	186	55	9791	0	10570
14238	215	157	44	10307	0	10723
14239	9662	102	51	573	0	10388
14240	9867	106	48	268	0	10289
14241	610	121	9201	192	0	10124
14242	328	91	396	9530	0	10345
14243	211	84	8680	449	0	9424
14244	167	92	8783	183	0	9225
14245	137	79	8924	142	0	9282
14246	8223	65	470	81	0	8839
14247	397	60	183	7649	0	8289
14248	161	52	131	7239	0	7583
14249	123	49	62	7652	0	7886
14250	91	70	6967	511	0	7639
14251	85	47	332	7200	0	7664
14252	83	49	121	7605	0	7858
14253	7304	46	98	489	0	7937
14254	6744	46	62	219	0	7071
14255	6758	56	62	147	0	7023
14256	6821	42	51	138	0	7052
14257	548	41	59	6463	0	7111
14258	6574	46	64	425	0	7109
14259	481	65	51	6564	0	7161
14260	232	84	5890	456	0	6662
14261	6309	60	330	198	0	6897
14262	466	6249	136	152	0	7003
14263	250	359	113	6225	0	6947
14264	180	157	94	6384	0	6815
14265	123	6368	81	485	0	7057
14266	6280	401	61	250	0	6992
14267	428	6200	61	228	0	6917
14268	238	407	6205	177	0	7027
14269	182	152	5734	127	0	6195
14270	5821	105	345	84	0	6355
14271	6128	79	169	92	0	6468
14272	466	76	5683	106	0	6331
14273	6023	53	280	107	0	6463
14274	476	56	5717	107	0	6356
14275	6026	57	308	98	0	6489
14276	444	75	5660	111	0	6290
14277	247	75	5778	125	0	6225
14278	171	76	404	5404	0	6055
14279	134	72	215	5985	0	6406
14280	5859	83	140	415	0	6497
14281	6012	89	74	247	0	6422
14282	6060	88	59	216	0	6423
14283	6077	71	56	194	0	6398
14284	504	5638	85	165	0	6392
14285	312	285	90	5492	0	6179
14286	215	5618	112	354	0	6299
14287	206	288	103	5890	0	6487
14288	212	143	100	6039	0	6494
14289	209	108	103	5822	0	6242
14290	222	75	5156	495	0	5948
14291	5340	50	326	283	0	5999
14292	415	5056	214	216	0	5901
14293	268	5459	168	188	0	6083
14294	211	381	5209	167	0	5968
14295	193	190	343	5341	0	6067
14296	179	132	180	5717	0	6208
14297	6186	95	112	503	0	6896
14298	399	78	82	6304	0	6863
14299	264	83	77	6409	0	6833
14300	270	73	60	6457	0	6860
14301	233	75	90	6533	0	6931
14302	6230	67	81	544	0	6922
14303	6391	67	109	295	0	6862
14304	6497	52	119	220	0	6888
14305	557	37	96	6234	0	6924
14306	6281	37	116	439	0	6873
14307	489	44	132	6225	0	6890
14308	273	58	151	7151	0	7633
14309	193	61	5782	517	0	6553
14310	136	42	4964	264	0	5406
14311	118	26	4740	164	0	5048
14312	4516	300	378	170	0	5364
14313	273	33	191	4225	0	4722
14314	176	4322	123	303	0	4924
14315	4644	196	94	187	0	5121
14316	359	108	4324	126	0	4917
14317	4566	61	259	96	0	4982
14318	379	4444	151	87	0	5061
14319	4158	182	85	59	0	4484
14320	301	114	53	4061	0	4529
14321	4139	63	43	237	0	4482
14322	314	3779	42	163	0	4298
14323	195	4056	60	137	0	4448
14324	3710	211	51	99	0	4071
14325	193	2926	39	49	0	3207
14326	57	1829	18	25	0	1929
14327	34	1933	14	26	0	2007
14328	1948	111	22	7	0	2088
14329	1928	75	21	6	0	2030
14330	1994	42	16	6	0	2058
14331	122	33	7	1905	0	2067
14332	58	45	4	1977	0	2084
14333	46	49	2335	87	0	2517
14334	55	23	64	2394	0	2536
14335	51	18	2401	89	0	2559
14336	49	17	71	2451	0	2588
14337	32	19	40	2541	0	2632
14338	2484	6	20	139	0	2649
14339	2445	5	27	78	0	2555
14340	102	2367	26	52	0	2547
14341	41	85	20	2484	0	2630
14342	31	48	4231	92	0	4402
14343	37	24	69	4175	0	4305
14344	32	31	39	5252	0	5354
14345	38	36	16	5337	0	5427
14346	37	27	5241	118	0	5423
14347	37	25	4811	80	0	4953
14348	5093	6	102	50	0	5251
14349	82	10	53	5318	0	5463
14350	42	7	5282	130	0	5461
14351	4888	6	96	86	0	5076
14352	81	4976	79	48	0	5184
14353	5357	63	49	44	0	5513
14354	103	31	5237	33	0	5404
14355	5088	19	73	46	0	5226
14356	101	20	54	5152	0	5327
14357	89	17	5205	75	0	5386
14358	52	5005	87	52	0	5196
14359	5293	89	51	36	0	5469
14360	93	49	45	5206	0	5393
14361	65	20	45	5214	0	5344
14362	39	5146	29	132	0	5346
14363	43	76	27	5368	0	5514
14364	34	60	5176	100	0	5370
14365	45	4941	104	65	0	5155
14366	5289	80	52	45	0	5466
14367	89	54	18	5290	0	5451
14368	47	44	32	5325	0	5448
14369	44	38	5207	124	0	5413
14370	44	27	85	5102	0	5258
14371	46	47	6856	101	0	7050
14372	46	7794	107	70	0	8017
14373	8426	83	58	46	0	8613
14374	8326	50	28	67	0	8471
14375	8285	36	49	46	0	8416
14376	117	8317	49	42	0	8525
14377	71	97	29	8800	0	8997
14378	63	59	23	8754	0	8899
14379	56	40	26	8652	0	8774
14380	8919	31	13	139	0	9102
14381	8759	30	19	80	0	8888
14382	124	27	14	8832	0	8997
14383	62	35	8716	126	0	8939
14384	55	23	76	9185	0	9339
14385	46	12	38	9221	0	9317
14386	42	15	18	9402	0	9477
14387	43	18	31	9408	0	9500
14388	9487	14	28	156	0	9685
14389	88	11	31	9351	0	9481
14390	57	20	37	9392	0	9506
14391	36	9100	25	166	0	9327
14392	47	65	17	9481	0	9610
14393	37	9068	23	145	0	9273
14394	39	85	14	9512	0	9650
14395	9404	56	15	143	0	9618
14396	77	8979	32	116	0	9204
14397	8294	91	14	79	0	8478
14398	99	62	8341	66	0	8568
14399	85	32	66	8247	0	8430
14400	48	44	8442	115	0	8649
14401	53	26	82	8249	0	8410
14402	38	29	63	8455	0	8585
14403	40	7949	44	148	0	8181
14404	29	8092	49	96	0	8266
14405	24	8222	47	86	0	8379
14406	8370	108	32	70	0	8580
14407	94	8284	40	60	0	8478
14408	0	7207	9	2	0	7218
14409	3	6	0	7339	0	7348
14410	7426	2	0	0	0	7428
14411	1	7205	11	1	0	7218
14412	7584	0	1	0	0	7585
14413	7372	2	0	1	0	7375
14414	3	11	8219	0	0	8233
14415	3	4	6	7593	0	7606
14416	0	2	1	8371	0	8374
14417	0	2	1	8375	0	8378
14418	0	3	0	8045	0	8048
14419	9	13	8063	1	0	8086
14420	6	38	6743	10	0	6797
14421	7228	0	6	7	0	7241
14422	0	7759	15	5	0	7779
14423	0	7829	11	3	0	7843
14424	8268	0	1	1	0	8270
14425	0	9188	15	5	0	9208
14426	1	1	0	9589	0	9591
14427	9657	0	4	0	0	9661
14428	3	12	10164	7	0	10186
14429	3	6	5	10181	0	10195
14430	4	4	10322	2	0	10332
14431	9724	1	7	4	0	9736
14432	6	23	12831	4	0	12864
14433	12358	0	5	1	0	12364
14434	12636	0	3	4	0	12643
14435	13752	0	1	5	0	13758
14436	13652	1	1	3	0	13657
14437	13721	1	2	0	0	13724
14438	1	2	2	13569	0	13574
14439	13979	0	0	1	0	13980
14440	2	5	1	13644	0	13652
14441	0	2	1	13499	0	13502
14442	0	0	1	12047	0	12048
14443	7	3	11951	2	0	11963
14444	3	5	1	10478	0	10487
14445	0	2	0	11141	0	11143
14446	6	9	10829	2	0	10846
14447	9426	10	12	9	0	9457
14448	0	3	1	10921	0	10925
14449	6	4	11104	1	0	11115
14450	4	7	10612	2	0	10625
14451	0	4	0	10533	0	10537
14452	9	10	11767	3	0	11789
14453	2	2	17	12004	0	12025
14454	2	11	2	11787	0	11802
14455	0	11491	25	21	0	11537
14456	0	11629	30	6	0	11665
14457	12279	13	1	2	0	12295
14458	15	2	2	12130	0	12149
14459	2	6	2	11899	0	11909
14460	3	3	0	12160	0	12166
14461	9	10	12061	17	0	12097
14462	4	7	17	11690	0	11718
14463	12056	2	5	19	0	12082
14464	21	14	11744	4	0	11783
14465	0	2	15	11867	0	11884
14466	2	14	1	11761	0	11778
14467	3	6	5	12050	0	12064
14468	2	12544	26	32	0	12604
14469	13135	111	3	6	0	13255
14470	12625	52	11	13	0	12701
14471	166	11655	17	11	0	11849
14472	62	115	2	11133	0	11312
14473	33	62	11303	128	0	11526
14474	23	44	10553	58	0	10678
14475	12114	15	165	21	0	12315
14476	148	12	68	12416	0	12644
14477	13728	9	28	163	0	13928
14478	222	13853	46	79	0	14200
14479	101	14336	28	43	0	14508
14480	14339	325	15	20	0	14699
14481	237	15156	37	35	0	15465
14482	123	253	9	15379	0	15764
14483	72	144	8	15066	0	15290
14484	48	14785	31	305	0	15169
14485	16207	276	25	125	0	16633
14486	268	175	15659	61	0	16163
14487	15000	90	220	59	0	15369
14488	304	82	15663	62	0	16111
14489	14227	78	269	82	0	14656
14490	316	89	15419	69	0	15893
14491	172	15545	294	49	0	16060
14492	115	285	139	16615	0	17154
14493	16663	156	93	258	0	17170
14494	350	83	16206	144	0	16783
14495	185	86	16236	75	0	16582
14496	105	66	389	15916	0	16476
14497	86	69	16302	306	0	16763
14498	85	63	343	16191	0	16682
14499	85	52	178	16345	0	16660
14500	81	49	16226	415	0	16771
14501	82	30	325	16204	0	16641
14502	16535	47	225	336	0	17143
14503	286	15704	151	224	0	16365
14504	16590	265	89	147	0	17091
14505	315	165	77	16514	0	17071
14506	16570	72	84	377	0	17103
14507	16583	51	88	229	0	16951
14508	431	77	78	17047	0	17633
14509	269	17401	123	321	0	18114
14510	18513	281	68	202	0	19064
14511	382	184	17525	131	0	18222
14512	242	116	17317	125	0	17800
14513	17575	55	399	134	0	18163
14514	379	70	204	17251	0	17904
14515	255	91	16932	336	0	17614
14516	163	72	320	17139	0	17694
14517	17220	72	191	385	0	17868
14518	17174	58	157	195	0	17584
14519	16901	68	125	167	0	17261
14520	504	16405	126	153	0	17188
14521	272	284	96	17069	0	17721
14522	168	155	95	17307	0	17725
14523	17229	96	94	477	0	17896
14524	413	16617	110	249	0	17389
14525	15942	299	81	142	0	16464
14526	428	206	80	15634	0	16348
14527	15834	139	69	365	0	16407
14528	446	125	13915	265	0	14751
14529	271	13905	348	202	0	14726
14530	254	329	142	13369	0	14094
14531	206	14254	114	315	0	14889
14532	190	368	77	12319	0	12954
14533	12381	194	91	410	0	13076
14534	432	170	11685	242	0	12529
14535	10929	104	370	164	0	11567
14536	406	10845	257	150	0	11658
14537	299	358	142	11247	0	12046
14538	211	227	123	11659	0	12220
14539	11500	142	113	510	0	12265
14540	441	135	10697	313	0	11586
14541	319	136	334	11279	0	12068
14542	234	116	192	11350	0	11892
14543	193	149	129	11459	0	11930
14544	198	121	128	11792	0	12239
14545	11434	95	136	580	0	12245
14546	11493	82	140	390	0	12105
14547	546	110	10931	260	0	11847
14548	309	125	10794	267	0	11495
14549	11124	106	425	276	0	11931
14550	11475	100	245	247	0	12067
14551	580	82	164	11173	0	11999
14552	359	71	140	11294	0	11864
14553	10594	81	136	475	0	11286
14554	456	10474	185	310	0	11425
14555	305	294	148	11057	0	11804
14556	270	148	127	11353	0	11898
14557	239	105	10582	588	0	11514
14558	214	70	367	10954	0	11605
14559	184	134	10646	531	0	11495
14560	201	99	406	11141	0	11847
14561	10906	85	238	531	0	11760
14562	427	61	179	11159	0	11826
14563	303	68	11112	553	0	12036
14564	207	10831	424	393	0	11855
14565	173	327	215	13163	0	13878
14566	208	197	12519	555	0	13479
14567	218	12448	399	359	0	13424
14568	170	264	151	12061	0	12646
14569	155	164	11511	382	0	12212
14570	9662	112	289	294	0	10357
14571	298	10800	175	212	0	11485
14572	201	10926	138	195	0	11460
14573	166	10876	104	191	0	11337
14574	504	366	96	10534	0	11500
14575	137	153	9222	323	0	9835
14576	138	9574	264	216	0	10192
14577	85	174	87	8717	0	9063
14578	8821	61	49	161	0	9092
14579	223	40	37	14501	0	14801
14580	105	76	15872	924	0	16977
14581	66	15627	845	318	0	16856
14582	15299	936	268	192	0	16695
14583	897	16396	165	187	0	17645
14584	321	1141	15570	164	0	17196
14585	178	15787	986	189	0	17140
14586	162	1249	399	15656	0	17466
14587	166	651	15107	1017	0	16941
14588	170	15607	1068	354	0	17199
14589	173	1299	401	15365	0	17238
14590	111	600	318	16146	0	17175
14591	22	15067	282	1264	0	16635
14592	18	1219	209	15664	0	17110
14593	34	549	14602	1335	0	16520
14594	37	394	15317	608	0	16356
14595	25	323	1243	15516	0	17107
14596	14968	247	460	1365	0	17040
14597	15708	226	317	651	0	16902
14598	1186	197	284	14980	0	16647
14599	447	14802	334	1198	0	16781
14600	307	999	327	15679	0	17312
14601	15057	393	270	1333	0	17053
14602	1188	274	145	15263	0	16870
14603	603	253	83	16375	0	17314
14604	15281	241	98	1598	0	17218
14605	1109	14874	148	813	0	16944
14606	454	1149	99	15462	0	17164
14607	15452	440	83	1430	0	17405
14608	1243	276	13544	757	0	15820
14609	13741	248	939	568	0	15496
14610	1297	220	315	14018	0	15850
14611	13932	223	209	1334	0	15698
14612	14420	232	199	636	0	15487
14613	14091	172	180	479	0	14922
14614	1587	13182	241	395	0	15405
14615	845	1016	12616	301	0	14778
14616	635	13590	931	347	0	15503
14617	13596	1152	316	291	0	15355
14618	1394	13694	209	233	0	15530
14619	752	1287	182	13529	0	15750
14620	13541	642	164	1106	0	15453
14621	1193	13592	202	485	0	15472
14622	578	1351	12893	335	0	15157
14623	447	675	941	13614	0	15677
14624	423	486	12979	1259	0	15147
14625	379	13703	1067	584	0	15733
14626	297	1297	465	13243	0	15302
14627	284	600	343	14192	0	15419
14628	242	439	350	14422	0	15453
14629	205	334	350	14171	0	15060
14630	169	13486	302	1665	0	15622
14631	13525	1221	225	919	0	15890
14632	1142	586	13081	762	0	15571
14633	484	391	1053	13978	0	15906
14634	13607	373	395	1562	0	15937
14635	1262	363	13061	795	0	15481
14636	566	13461	1156	528	0	15711
14637	450	1262	560	13462	0	15734
14638	442	629	13176	1236	0	15483
14639	340	13510	1249	730	0	15829
14640	13033	1236	621	568	0	15458
14641	1124	13852	411	475	0	15862
14642	465	1415	376	13328	0	15584
14643	296	759	318	14692	0	16065
14644	13472	571	302	1640	0	15985
14645	1162	13601	316	878	0	15957
14646	557	1396	323	13944	0	16220
14647	13424	699	277	1511	0	15911
14648	13978	513	188	936	0	15615
14649	1511	13554	173	722	0	15960
14650	14000	1309	161	630	0	16100
14651	14735	670	136	544	0	16085
14652	1729	578	148	13266	0	15721
14653	917	441	12435	1455	0	15248
14654	833	321	968	12969	0	15091
14655	676	344	390	13804	0	15214
14656	575	333	11919	1683	0	14510
14657	576	12205	1053	898	0	14732
14658	424	1135	476	12868	0	14903
14659	328	499	409	13726	0	14962
14660	302	377	388	13922	0	14989
14661	297	335	353	13596	0	14581
14662	374	12411	271	1833	0	14889
14663	11940	1144	217	1084	0	14385
14664	12514	503	148	878	0	14043
14665	11461	364	93	830	0	12748
14666	1526	10506	102	756	0	12890
14667	780	1190	110	10919	0	12999
14668	638	613	9789	1344	0	12384
14669	624	520	871	10290	0	12305
14670	665	10537	344	1221	0	12767
14671	10786	1228	192	673	0	12879
14672	11216	585	199	619	0	12619
14673	11218	441	207	589	0	12455
14674	1450	10177	306	523	0	12456
14675	757	10068	324	480	0	11629
14676	629	10533	229	433	0	11824
14677	584	1446	9535	330	0	11895
14678	580	817	9030	241	0	10668
14679	123	1380	122	1618	0	3243
14680	494	0	0	11	0	505
14681	499	0	0	0	0	499
14682	10	1	0	493	0	504
14683	2	1	1	500	0	504
14684	0	0	1	502	0	503
14685	2	1	1	511	0	515
14686	504	4	2	10	0	520
14687	501	0	5	1	0	507
14688	11	1157	10	6	0	1184
14689	1265	9	0	6	0	1280
14690	1264	1	0	2	0	1267
14691	1257	1	2	4	0	1264
14692	11	7	1142	8	0	1168
14693	1164	1	10	8	0	1183
14694	13	1168	6	8	0	1195
14695	6	11	2	1271	0	1290
14696	14	1	2	1246	0	1263
14697	8	1179	5	12	0	1204
14698	6	13	3	1280	0	1302
14699	1266	2	5	18	0	1291
14700	23	2	5	2449	0	2479
14701	9	7	2379	19	0	2414
14702	2266	2	14	8	0	2290
14703	22	2290	6	14	0	2332
14704	9	19	0	2484	0	2512
14705	9	0	0	2494	0	2503
14706	10	3	3	2469	0	2485
14707	14	9	2394	20	0	2437
14708	8	2302	14	11	0	2335
14709	15	12	1	2502	0	2530
14710	13	4	2399	17	0	2433
14711	8	5	14	2394	0	2421
14712	12	6	2435	15	0	2468
14713	11	12	11	2406	0	2440
14714	9	2280	5	27	0	2321
14715	11	9	5	2507	0	2532
14716	2485	4	7	27	0	2523
14717	2448	7	7	10	0	2472
14718	19	12	2360	16	0	2407
14719	6	17	2723	18	0	2764
14720	3	13	2845	23	0	2884
14721	8	6	18	3037	0	3069
14722	8	4	7	3112	0	3131
14723	10	5	5	3161	0	3181
14724	7	3000	9	24	0	3040
14725	8	16	6	3156	0	3186
14726	15	2	8	3136	0	3161
14727	8	4	7	3183	0	3202
14728	3153	4	9	25	0	3191
14729	3009	3	12	16	0	3040
14730	16	11	3095	15	0	3137
14731	6	9	2919	17	0	2951
14732	4947	6	18	17	0	4988
14733	5064	4	8	18	0	5094
14734	16	11	5031	11	0	5069
14735	10	18	4550	19	0	4597
14736	4870	7	24	14	0	4915
14737	5093	4	10	21	0	5128
14738	28	10	5073	20	0	5131
14739	16	4	22	4890	0	4932
14740	14	5	12	5085	0	5116
14741	11	4878	21	28	0	4938
14742	10	16	10	5207	0	5243
14743	12	4	6192	36	0	6244
14744	14	4	88	6061	0	6167
14745	15	8	52	6284	0	6359
14746	24	15	6161	137	0	6337
14747	5818	10	84	87	0	5999
14748	6304	9	54	46	0	6413
14749	134	3	41	6218	0	6396
14750	83	7	14	6340	0	6444
14751	6351	7	14	139	0	6511
14752	6194	5	19	81	0	6299
14753	6134	7	19	41	0	6201
14754	6309	5	16	30	0	6360
14755	158	5964	28	32	0	6182
14756	6295	80	10	24	0	6409
14757	128	6033	22	17	0	6200
14758	68	99	12	6245	0	6424
14759	45	54	12	6239	0	6350
14760	24	6043	19	149	0	6235
14761	24	90	9	6360	0	6483
14762	29	56	10	6240	0	6335
14763	21	6012	15	141	0	6189
14764	15	86	11	6342	0	6454
14765	15	55	11	6235	0	6316
14766	21	43	16	6267	0	6347
14767	22	17	6010	185	0	6234
14768	25	5755	102	119	0	6001
14769	20	86	79	6086	0	6271
14770	35	5968	52	120	0	6175
14771	6272	101	28	87	0	6488
14772	113	70	6004	65	0	6252
14773	91	57	5680	53	0	5881
14774	6041	26	122	50	0	6239
14775	126	16	72	6146	0	6360
14776	77	18	5528	96	0	5719
14777	81	12	5353	59	0	5505
14778	44	18	114	5583	0	5759
14779	5667	12	79	91	0	5849
14780	5449	28	35	71	0	5583
14781	128	31	13	5579	0	5751
14782	103	21	5465	96	0	5685
14783	49	5231	77	86	0	5443
14784	19	73	46	5607	0	5745
14785	22	62	5442	122	0	5648
14786	24	5192	78	86	0	5380
14787	15	79	54	5640	0	5788
14788	4924	62	41	108	0	5135
14789	77	57	10	4786	0	4930
14790	56	4700	20	140	0	4916
14791	4847	86	25	80	0	5038
14792	81	70	4719	66	0	4936
14793	60	4484	95	44	0	4683
14794	54	101	4696	30	0	4881
14795	4522	65	104	49	0	4740
14796	89	59	69	4576	0	4793
14797	85	22	57	4819	0	4983
14798	4846	21	52	136	0	5055
14799	104	16	47	4845	0	5012
14800	83	14	3620	138	0	3855
14801	3267	15	92	112	0	3486
14802	96	3555	97	73	0	3821
14803	91	72	57	3764	0	3984
14804	3734	55	28	136	0	3953
14805	112	3553	36	104	0	3805
14806	100	92	30	3776	0	3998
14807	3723	65	30	117	0	3935
14808	111	54	39	3659	0	3863
14809	91	3479	27	133	0	3730
14810	64	86	3398	111	0	3659
14811	41	83	96	3610	0	3830
14812	54	62	59	3509	0	3684
14813	3696	42	34	162	0	3934
14814	114	36	14	3716	0	3880
14815	3743	37	25	138	0	3943
14816	3726	56	20	87	0	3889
14817	149	30	33	3571	0	3783
14818	97	3539	41	114	0	3791
14819	63	108	22	3000	0	3193
14820	2879	71	31	158	0	3139
14821	109	2913	27	100	0	3149
14822	71	2983	16	102	0	3172
14823	2977	122	24	84	0	3207
14824	2965	101	23	51	0	3140
14825	131	4043	26	73	0	4273
14826	4187	107	34	57	0	4385
14827	4122	80	29	45	0	4276
14828	148	80	40	4063	0	4331
14829	105	48	4546	130	0	4829
14830	90	34	112	4738	0	4974
14831	47	55	4601	179	0	4882
14832	57	25	148	3119	0	3349
14833	59	28	2909	178	0	3174
14834	2956	19	147	149	0	3271
14835	150	33	98	3055	0	3336
14836	3643	15	82	170	0	3910
14837	216	24	61	3435	0	3736
14838	123	3537	37	250	0	3947
14839	3708	169	42	127	0	4046
14840	236	104	3272	118	0	3730
14841	3473	67	174	83	0	3797
14842	268	3597	97	84	0	4046
14843	2357	94	21	31	0	2503
14844	2370	32	26	14	0	2442
14845	134	2368	11	35	0	2548
14846	46	100	26	3192	0	3364
14847	3060	37	14	116	0	3227
14848	111	3042	33	51	0	3237
14849	63	102	12	3199	0	3376
14850	3088	43	20	114	0	3265
14851	135	26	11	3164	0	3336
14852	58	25	11	3236	0	3330
14853	54	28	5	3324	0	3411
14854	49	30	3072	146	0	3297
14855	42	31	99	3226	0	3398
14856	3206	36	26	131	0	3399
14857	148	30	3083	62	0	3323
14858	90	19	102	3152	0	3363
14859	44	33	38	3304	0	3419
14860	43	30	3082	168	0	3323
14861	3141	13	114	93	0	3361
14862	3280	18	54	64	0	3416
14863	146	38	3085	72	0	3341
14864	76	15	123	3081	0	3295
14865	63	9	50	3301	0	3423
14866	42	22	3087	180	0	3331
14867	41	13	118	3219	0	3391
14868	50	6	62	3293	0	3411
14869	46	22	3107	183	0	3358
14870	3111	15	117	112	0	3355
14871	144	8	70	3231	0	3453
14872	3191	7	53	159	0	3410
14873	3293	18	34	100	0	3445
14874	169	21	3069	78	0	3337
14875	85	4	128	3208	0	3425
14876	3747	17	53	167	0	3984
14877	155	3739	50	104	0	4048
14878	94	117	50	3853	0	4114
14879	75	50	36	3964	0	4125
14880	54	30	37	4069	0	4190
14881	47	28	3724	239	0	4038
14882	3747	8	151	130	0	4036
14883	171	20	70	3901	0	4162
14884	88	14	57	4057	0	4216
14885	69	21	3712	236	0	4038
14886	63	13	143	3924	0	4143
14887	68	24	71	4043	0	4206
14888	3812	19	61	244	0	4136
14889	159	3704	49	163	0	4075
14890	95	130	3709	129	0	4063
14891	3848	53	167	73	0	4141
14892	179	23	74	3922	0	4198
14893	96	27	3743	221	0	4087
14894	67	27	3822	145	0	4061
14895	55	19	201	3919	0	4194
14896	53	21	3796	228	0	4098
14897	65	30	3732	143	0	3970
14898	56	3652	208	105	0	4021
14899	54	143	98	3847	0	4142
14900	51	51	3764	202	0	4068
14901	58	31	163	3915	0	4167
14902	3850	21	94	235	0	4200
14903	178	27	82	3808	0	4095
14904	86	30	74	4034	0	4224
14905	3815	15	74	251	0	4155
14906	3901	25	64	137	0	4127
14907	192	28	74	3876	0	4170
14908	99	44	5005	202	0	5350
14909	68	6328	177	141	0	6714
14910	49	350	89	6675	0	7163
14911	6570	172	82	438	0	7262
14912	6814	134	62	243	0	7253
14913	533	6272	58	217	0	7080
14914	307	6723	69	155	0	7254
14915	6729	501	59	114	0	7403
14916	6901	271	56	103	0	7331
14917	583	181	6338	106	0	7208
14918	310	75	361	6197	0	6943
14919	209	6453	205	379	0	7246
14920	6682	378	134	220	0	7414
14921	439	194	76	6371	0	7080
14922	236	6496	86	420	0	7238
14923	203	417	6185	238	0	7043
14924	106	234	361	6241	0	6942
14925	69	5846	174	353	0	6442
14926	5911	384	125	202	0	6622
14927	5965	220	61	155	0	6401
14928	501	5868	52	101	0	6522
14929	5456	358	28	57	0	5899
14930	5451	188	20	49	0	5708
14931	499	5155	28	49	0	5731
14932	286	5510	22	29	0	5847
14933	161	490	21	5287	0	5959
14934	5321	274	27	356	0	5978
14935	386	172	6669	183	0	7410
14936	5966	69	247	124	0	6406
14937	380	6025	144	46	0	6595
14938	6448	275	89	40	0	6852
14939	6581	161	34	30	0	6806
14940	6664	133	28	14	0	6839
14941	511	54	18	6066	0	6649
14942	287	6016	18	250	0	6571
14943	6410	270	20	143	0	6843
14944	345	156	6028	122	0	6651
14945	188	5900	265	40	0	6393
14946	157	297	129	5642	0	6225
14947	83	182	5450	271	0	5986
14948	68	146	5551	158	0	5923
14949	48	60	395	5467	0	5970
14950	40	61	229	5729	0	6059
14951	35	30	130	5940	0	6135
14952	31	59	58	5871	0	6019
14953	45	5287	53	522	0	5907
14954	57	5684	33	302	0	6076
14955	5641	420	26	170	0	6257
14956	305	264	7	7647	0	8223
14957	174	175	14	7699	0	8062
14958	166	78	19	8006	0	8269
14959	7696	47	18	521	0	8282
14960	7857	28	20	305	0	8210
14961	421	29	18	7810	0	8278
14962	7889	52	24	337	0	8302
14963	7875	39	12	186	0	8112
14964	7786	34	24	154	0	7998
14965	550	47	22	7575	0	8194
14966	303	37	7358	316	0	8014
14967	192	39	7146	205	0	7582
14968	89	67	7499	150	0	7805
14969	89	47	7758	92	0	7986
14970	89	27	486	7842	0	8444
14971	8051	59	274	297	0	8681
14972	8100	48	155	173	0	8476
14973	469	68	7901	132	0	8570
14974	318	79	7820	62	0	8279
14975	210	7517	386	76	0	8189
14976	94	260	227	7245	0	7826
14977	7399	137	127	266	0	7929
14978	282	126	7223	160	0	7791
14979	7092	64	267	122	0	7545
14980	379	6885	162	74	0	7500
14981	198	266	109	7255	0	7828
14982	190	156	51	7461	0	7858
14983	83	124	52	7614	0	7873
14984	7403	69	31	474	0	7977
14985	272	67	38	7496	0	7873
14986	195	24	38	7669	0	7926
14987	7492	42	43	440	0	8017
14988	298	53	33	7464	0	7848
14989	214	27	7226	407	0	7874
14990	7098	48	245	212	0	7603
14991	315	43	154	7392	0	7904
14992	196	32	113	7308	0	7649
14993	142	6895	60	384	0	7481
14994	7383	241	45	262	0	7931
14995	7561	146	28	161	0	7896
14996	409	137	23	7218	0	7787
14997	292	72	7180	273	0	7817
14998	6859	44	249	170	0	7322
14999	351	28	7594	150	0	8123
15000	205	30	344	7412	0	7991
15001	149	24	147	7898	0	8218
15002	7725	29	117	427	0	8298
15003	338	10	53	7804	0	8205
15004	174	27	7522	418	0	8141
15005	7285	20	275	228	0	7808
15006	331	22	7456	189	0	7998
15007	208	43	9945	74	0	10270
15008	7631	24	1752	100	0	9507
15009	33	2	5	7827	0	7867
15010	5	7408	16	23	0	7452
15011	8022	27	1	4	0	8054
15012	7825	7	1	3	0	7836
15013	36	6	7865	5	0	7912
15014	7626	2	28	3	0	7659
15015	31	2	5	7847	0	7885
15016	15	5	9268	29	0	9317
15017	1	8819	40	7	0	8867
15018	9240	30	8	2	0	9280
15019	28	13125	19	9	0	13181
15020	3	31	5	13679	0	13718
15021	4	8	2	13618	0	13632
15022	4	4	1	13615	0	13624
15023	4	1	4	13327	0	13336
15024	2	13475	19	44	0	13540
15025	10	36	13315	9	0	13370
15026	4	13043	49	9	0	13105
15027	13750	29	11	1	0	13791
15028	32	8	4	13677	0	13721
15029	13787	2	2	33	0	13824
15030	33	7	0	13698	0	13738
15031	15148	3	1	33	0	15185
15032	41	14420	28	13	0	14502
15033	15093	28	6	7	0	15134
15034	14938	6	6	11	0	14961
15035	13279	1	5	6	0	13291
15036	13433	2	4	7	0	13446
15037	36	12986	16	5	0	13043
15038	18	34	13222	2	0	13276
15039	5	8	29	13254	0	13296
15040	13563	6	6	35	0	13610
15041	13453	0	7	15	0	13475
15042	37	2	1	13347	0	13387
15043	13	6	13414	40	0	13473
15044	9	4	26	13350	0	13389
15045	4	13012	20	32	0	13068
15046	13413	34	9	3	0	13459
15047	38	8	2	13386	0	13434
15048	11	12206	45	43	0	12305
15049	5	12969	16	18	0	13008
15050	8	13089	14	12	0	13123
15051	5	39	2	13398	0	13444
15052	13455	11	3	37	0	13506
15053	39	12897	16	18	0	12970
15054	17	36	2	13356	0	13411
15055	13386	3	5	38	0	13432
15056	39	7	4	11482	0	11532
15057	11543	3	10	36	0	11592
15058	11457	4	11	13	0	11485
15059	39	11029	23	9	0	11100
15060	18	33	3	11426	0	11480
15061	10	11101	17	25	0	11153
15062	11492	33	4	10	0	11539
15063	11254	9	11	12	0	11286
15064	11408	7	8	13	0	11436
15065	48	4	2	12289	0	12343
15066	22	14	12094	58	0	12188
15067	11931	8	54	16	0	12009
15068	12435	9	13	9	0	12466
15069	69	10	9	12226	0	12314
15070	16	11586	23	51	0	11676
15071	21	55	6	11993	0	12075
15072	15	13	2	12096	0	12126
15073	12429	10	6	72	0	12517
15074	12257	10	3	26	0	12296
15075	76	14	12126	17	0	12233
15076	25	7	51	12174	0	12257
15077	12058	10	16	69	0	12153
15078	73	7	7	12291	0	12378
15079	26	23	12115	69	0	12233
15080	12	11304	86	41	0	11443
15081	17	13775	34	17	0	13843
15082	14845	68	5	15	0	14933
15083	78	24	3	14731	0	14836
15084	35	19	4	19334	0	19392
15085	19161	18	13	301	0	19493
15086	303	31	18587	122	0	19043
15087	123	13	280	18806	0	19222
15088	88	39	18234	275	0	18636
15089	33	18722	316	120	0	19191
15090	20944	274	112	77	0	21407
15091	21097	90	49	59	0	21295
15092	21154	34	46	61	0	21295
15093	445	33	20143	83	0	20704
15094	20125	31	321	42	0	20519
15095	20907	51	144	35	0	21137
15096	447	41	47	22765	0	23300
15097	22450	32	51	318	0	22851
15098	400	69	22024	144	0	22637
15099	20621	12	296	82	0	21011
15100	410	78	21442	35	0	21965
15101	183	22710	350	59	0	23302
15102	106	287	134	22466	0	22993
15103	116	23316	96	228	0	23756
15104	122	323	22632	99	0	23176
15105	101	23096	327	70	0	23594
15106	23604	287	144	24	0	24059
15107	292	20565	103	31	0	20991
15108	146	20720	77	62	0	21005
15109	100	355	22050	50	0	22555
15110	64	155	287	22078	0	22584
15111	22632	89	144	328	0	23193
15112	357	124	21773	124	0	22378
15113	151	21623	386	90	0	22250
15114	105	339	127	22195	0	22766
15115	87	159	22557	326	0	23129
15116	90	125	20769	160	0	21144
15117	83	67	427	22029	0	22606
15118	103	122	21276	402	0	21903
15119	117	127	378	16049	0	16671
15120	101	17524	202	322	0	18149
15121	108	341	157	17373	0	17979
15122	95	17541	141	332	0	18109
15123	123	348	101	18324	0	18896
15124	17327	105	151	392	0	17975
15125	376	68	92	17312	0	17848
15126	206	16688	120	373	0	17387
15127	135	337	118	18016	0	18606
15128	166	184	16970	414	0	17734
15129	142	106	334	17681	0	18263
15130	17752	74	198	479	0	18503
15131	433	105	15452	258	0	16248
15132	222	101	380	16400	0	17103
15133	16241	81	202	463	0	16987
15134	370	15924	202	253	0	16749
15135	215	443	114	16373	0	17145
15136	16585	204	108	433	0	17330
15137	475	134	115	16663	0	17387
15138	282	157	15721	485	0	16645
15139	16093	135	383	235	0	16846
15140	473	16068	231	185	0	16957
15141	283	16140	154	199	0	16776
15142	17231	425	140	190	0	17986
15143	17175	190	189	190	0	17744
15144	551	113	150	16856	0	17670
15145	17419	103	171	416	0	18109
15146	477	183	16314	246	0	17220
15147	16806	195	439	206	0	17646
15148	507	16743	239	237	0	17726
15149	17726	448	228	224	0	18626
15150	570	243	16368	288	0	17469
15151	412	171	474	17252	0	18309
15152	295	141	334	17489	0	18259
15153	332	191	279	16134	0	16936
15154	261	17153	301	491	0	18206
15155	17869	493	216	332	0	18910
15156	653	271	228	15696	0	16848
15157	491	15602	199	453	0	16745
15158	18307	381	226	300	0	19214
15159	18288	257	258	272	0	19075
15160	18643	206	155	227	0	19231
15161	18422	151	262	275	0	19110
15162	17934	148	222	304	0	18608
15163	725	181	259	17896	0	19061
15164	479	178	299	18212	0	19168
15165	16813	122	278	604	0	17817
15166	522	207	221	16914	0	17864
15167	496	212	197	16948	0	17853
15168	244	312	15294	559	0	16409
15169	16177	333	424	445	0	17379
15170	17121	227	328	307	0	17983
15171	17035	308	330	273	0	17946
15172	580	288	270	15278	0	16416
15173	302	15624	212	574	0	16712
15174	17842	461	346	324	0	18973
15175	17341	342	262	385	0	18330
15176	795	296	176	19201	0	20468
15177	19099	184	338	713	0	20334
15178	773	633	15167	609	0	17182
15179	508	18919	468	478	0	20373
15180	385	19770	409	418	0	20982
15181	268	870	17211	417	0	18766
15182	208	16757	688	521	0	18174
15183	275	17553	533	498	0	18859
15184	12547	466	177	198	0	13388
15185	311	12559	94	250	0	13214
15186	244	428	97	12705	0	13474
15187	14365	200	128	499	0	15192
15188	437	169	13687	358	0	14651
15189	13364	164	256	268	0	14052
15190	380	191	12580	257	0	13408
15191	281	101	12535	306	0	13223
15192	12225	93	425	202	0	12945
15193	403	92	12604	252	0	13351
15194	345	12113	481	159	0	13098
15195	305	313	235	12754	0	13607
15196	11054	289	130	385	0	11858
15197	456	10678	127	255	0	11516
15198	411	361	66	11138	0	11976
15199	313	217	10739	471	0	11740
15200	290	142	250	11113	0	11795
15201	8040	78	209	2057	0	10384
15202	492	69	9429	254	0	10244
15203	394	154	297	9487	0	10332
15204	9672	224	172	341	0	10409
15205	9877	101	194	193	0	10365
15206	631	85	129	10853	0	11698
15207	398	110	41	11224	0	11773
15208	347	78	12033	594	0	13052
15209	170	47	9834	208	0	10259
15210	10038	42	357	125	0	10562
15211	10511	53	176	87	0	10827
15212	421	10072	144	54	0	10691
15213	10727	219	98	30	0	11074
15214	11091	125	68	75	0	11359
15215	485	108	12169	98	0	12860
15216	263	12288	329	104	0	12984
15217	12154	282	133	14	0	12583
15218	12223	142	79	16	0	12460
15219	12737	91	52	25	0	12905
15220	520	56	29	12305	0	12910
15221	267	41	23	12377	0	12708
15222	153	11871	46	432	0	12502
15223	89	311	27	12788	0	13215
15224	12496	144	31	447	0	13118
15225	346	115	14	12629	0	13104
15226	158	88	12263	427	0	12936
15227	133	70	12386	208	0	12797
15228	88	52	424	12671	0	13235
15229	111	51	12761	390	0	13313
15230	60	63	12510	181	0	12814
15231	50	35	487	11851	0	12423
15232	74	26	240	12764	0	13104
15233	72	38	12452	465	0	13027
15234	71	51	12320	251	0	12693
15235	58	12019	508	167	0	12752
15236	12571	347	250	84	0	13252
15237	344	12437	202	56	0	13039
15238	12405	417	105	52	0	12979
15239	12482	203	72	50	0	12807
15240	506	11937	65	62	0	12570
15241	12546	384	46	52	0	13028
15242	479	180	55	12198	0	12912
15243	251	134	11957	370	0	12712
15244	162	80	347	11983	0	12572
15245	106	54	172	12697	0	13029
15246	11797	45	122	539	0	12503
15247	11817	39	102	268	0	12226
15248	12132	37	78	179	0	12426
15249	12082	37	57	126	0	12302
15250	12076	24	51	103	0	12254
15251	599	11027	92	87	0	11805
15252	305	311	53	11814	0	12483
15253	226	150	11290	384	0	12050
15254	145	106	348	11506	0	12105
15255	123	78	177	11808	0	12186
15256	113	40	139	12212	0	12504
15257	12605	57	109	579	0	13350
15258	481	39	78	12528	0	13126
15259	12502	52	56	571	0	13181
15260	572	66	13115	277	0	14030
15261	307	40	405	18090	0	18842
15262	221	89	19027	668	0	20005
15263	19239	39	716	329	0	20323
15264	742	52	265	19594	0	20653
15265	332	82	19082	829	0	20325
15266	223	46	728	19722	0	20719
15267	19546	38	297	925	0	20806
15268	787	81	18817	404	0	20089
15269	19095	41	760	292	0	20188
15270	20182	36	327	224	0	20769
15271	19931	31	230	172	0	20364
15272	19567	33	195	180	0	19975
15273	1112	18519	220	159	0	20010
15274	420	17336	154	143	0	18053
15275	319	17851	137	129	0	18436
15276	177	595	105	15053	0	15930
15277	137	15479	94	455	0	16165
15278	15529	566	41	164	0	16300
15279	557	14971	101	131	0	15760
15280	235	15557	96	118	0	16006
15281	193	663	56	15521	0	16433
15282	177	265	56	16140	0	16638
15283	15529	194	93	643	0	16459
15284	596	137	86	15737	0	16556
15285	240	145	14867	676	0	15928
15286	194	157	14448	308	0	15107
15287	182	112	13850	250	0	14394
15288	195	80	611	13409	0	14295
15289	219	51	268	14425	0	14963
15290	218	71	13682	676	0	14647
15291	230	95	13552	257	0	14134
15292	205	116	13770	209	0	14300
15293	13653	91	650	172	0	14566
15294	574	120	271	13841	0	14806
15295	201	138	179	14402	0	14920
15296	13980	125	152	711	0	14968
15297	558	115	152	13787	0	14612
15298	216	13877	187	652	0	14932
15299	204	14808	142	313	0	15467
15300	158	589	98	15044	0	15889
15301	14883	236	81	677	0	15877
15302	15109	158	97	331	0	15695
15303	15248	100	126	293	0	15767
15304	744	91	116	14944	0	15895
15305	355	83	14367	653	0	15458
15306	224	72	576	13829	0	14701
15307	214	71	13282	670	0	14237
15308	12094	49	632	324	0	13099
15309	601	64	278	12534	0	13477
15310	12417	64	227	679	0	13387
15311	651	78	14084	312	0	15125
15312	13560	51	611	276	0	14498
15313	729	64	14017	215	0	15025
15314	384	13066	568	184	0	14202
15315	261	12527	223	209	0	13220
15316	12191	484	155	200	0	13030
15317	570	184	113	12131	0	12998
15318	286	171	11781	530	0	12768
15319	206	13344	427	197	0	14174
15320	208	14215	150	156	0	14729
15321	188	771	111	13861	0	14931
15322	13895	236	106	689	0	14926
15323	14049	192	84	223	0	14548
15324	798	14437	132	208	0	15575
15325	14706	713	120	195	0	15734
15326	785	219	132	14817	0	15953
15327	268	218	13902	763	0	15151
15328	245	14026	657	258	0	15186
15329	243	648	204	14365	0	15460
15330	187	205	167	15115	0	15674
15331	14683	159	142	827	0	15811
15332	766	154	13899	331	0	15150
15333	14216	110	686	240	0	15252
15334	14838	125	215	187	0	15365
15335	827	131	191	14364	0	15513
15336	324	132	153	15102	0	15711
15337	14611	128	127	815	0	15681
15338	777	126	146	14672	0	15721
15339	257	177	13924	862	0	15220
15340	230	183	14117	297	0	14827
15341	188	13876	674	275	0	15013
15342	178	14782	231	254	0	15445
15343	216	793	168	13503	0	14680
15344	229	14065	127	676	0	15097
15345	14191	795	106	269	0	15361
15346	718	14260	130	275	0	15383
15347	245	776	103	14435	0	15559
15348	180	255	116	15158	0	15709
15349	156	249	13834	886	0	15125
15350	147	200	646	14171	0	15164
15351	180	111	224	14566	0	15081
15352	195	14224	210	857	0	15486
15353	201	664	193	14150	0	15208
15354	190	186	138	15059	0	15573
15355	180	191	13832	896	0	15099
15356	158	13884	681	461	0	15184
15357	138	608	178	12966	0	13890
15358	153	13094	184	700	0	14131
15359	135	699	12544	318	0	13696
15360	141	11962	616	299	0	13018
15361	6141	444	1397	104	0	8086
15362	6216	16	33	30	0	6295
15363	6229	35	23	37	0	6324
15364	275	5992	27	41	0	6335
15365	6168	275	15	31	0	6489
15366	289	22	12	6164	0	6487
15367	6083	29	19	309	0	6440
15368	298	5949	33	26	0	6306
15369	6051	280	19	48	0	6398
15370	6157	39	20	35	0	6251
15371	226	5887	28	36	0	6177
15372	50	286	5812	36	0	6184
15373	49	47	230	5967	0	6293
15374	51	50	5933	286	0	6320
15375	42	46	246	6760	0	7094
15376	43	44	22	7254	0	7363
15377	26	55	6844	301	0	7226
15378	24	39	254	6846	0	7163
15379	6930	40	22	343	0	7335
15380	303	49	6723	58	0	7133
15381	22	6758	262	95	0	7137
15382	70	307	21	6833	0	7231
15383	41	70	46	7254	0	7411
15384	42	84	6745	336	0	7207
15385	54	38	250	6571	0	6913
15386	56	6761	49	329	0	7195
15387	6743	317	52	71	0	7183
15388	282	6789	29	114	0	7214
15389	6799	337	33	73	0	7242
15390	297	6621	78	73	0	7069
15391	51	6906	63	57	0	7077
15392	76	338	7269	55	0	7738
15393	63	94	255	7555	0	7967
15394	67	88	36	7726	0	7917
15395	67	61	48	7886	0	8062
15396	74	7511	53	327	0	7965
15397	77	296	31	7881	0	8285
15398	6880	52	23	388	0	7343
15399	320	75	27	6947	0	7369
15400	6920	29	35	403	0	7387
15401	360	62	6630	98	0	7150
15402	6634	47	265	128	0	7074
15403	334	56	69	7463	0	7922
15404	55	61	77	7859	0	8052
15405	7586	74	54	388	0	8102
15406	333	80	7155	150	0	7718
15407	46	7205	282	152	0	7685
15408	70	334	64	7607	0	8075
15409	7514	81	77	374	0	8046
15410	7693	106	39	110	0	7948
15411	340	54	53	5700	0	6147
15412	82	86	5495	380	0	6043
15413	5614	51	296	107	0	6068
15414	349	63	5459	129	0	6000
15415	70	69	313	5670	0	6122
15416	71	77	5440	396	0	5984
15417	48	57	323	5749	0	6177
15418	66	82	5458	430	0	6036
15419	12	3349	60	53	0	3474
15420	23	53	20	3023	0	3119
15421	21	3331	33	61	0	3446
15422	3518	55	13	45	0	3631
15423	3524	21	16	47	0	3608
15424	76	26	2507	28	0	2637
15425	40	10	61	2626	0	2737
15426	2569	12	18	69	0	2668
15427	64	10	31	2610	0	2715
15428	35	15	22	2676	0	2748
15429	44	21	2521	74	0	2660
15430	2555	17	57	59	0	2688
15431	72	24	2534	45	0	2675
15432	38	21	61	2628	0	2748
15433	47	19	2494	103	0	2663
15434	2610	7	80	58	0	2755
15435	2614	17	31	64	0	2726
15436	2583	8	56	54	0	2701
15437	95	17	38	2632	0	2782
15438	54	24	2540	80	0	2698
15439	49	25	3011	82	0	3167
15440	38	15	90	2994	0	3137
15441	34	3071	66	99	0	3270
15442	3212	50	60	59	0	3381
15443	59	50	36	3273	0	3418
15444	49	36	3140	91	0	3316
15445	64	35	52	3262	0	3413
15446	61	36	4611	84	0	4792
15447	57	26	115	4768	0	4966
15448	49	23	4680	148	0	4900
15449	47	43	4495	67	0	4652
15450	46	4453	141	103	0	4743
15451	35	97	4739	82	0	4953
15452	47	40	4600	75	0	4762
15453	39	35	155	4216	0	4445
15454	48	42	90	3908	0	4088
15455	49	4652	87	138	0	4926
15456	4626	105	61	91	0	4883
15457	132	4606	71	68	0	4877
15458	82	122	56	4722	0	4982
15459	4744	43	53	135	0	4975
15460	153	38	52	4769	0	5012
15461	4751	27	57	168	0	5003
15462	160	17	59	4856	0	5092
15463	60	36	4576	160	0	4832
15464	67	26	138	4802	0	5033
15465	49	30	61	4874	0	5014
15466	4829	33	70	161	0	5093
15467	4756	15	45	134	0	4950
15468	4847	28	85	96	0	5056
15469	146	4784	72	109	0	5111
15470	88	4881	79	80	0	5128
15471	5026	130	73	81	0	5310
15472	161	53	4982	74	0	5270
15473	69	56	4957	64	0	5146
15474	67	40	183	5030	0	5320
15475	47	23	4074	133	0	4277
15476	45	25	3859	60	0	3989
15477	4027	25	117	71	0	4240
15478	3063	13	37	46	0	3159
15479	104	3168	50	41	0	3363
15480	44	3302	33	47	0	3426
15481	34	114	63	2281	0	2492
15482	21	3224	37	91	0	3373
15483	3265	95	45	30	0	3435
15484	118	32	32	2761	0	2943
15485	38	3118	42	84	0	3282
15486	3270	89	27	47	0	3433
15487	120	29	3198	39	0	3386
15488	51	26	3128	28	0	3233
15489	3203	13	104	44	0	3364
15490	117	30	2773	41	0	2961
15491	3084	29	87	32	0	3232
15492	116	23	25	3288	0	3452
15493	52	26	3170	111	0	3359
15494	46	3061	112	57	0	3276
15495	31	3269	44	55	0	3399
15496	3105	92	50	39	0	3286
15497	107	3201	42	54	0	3404
15498	3227	100	62	21	0	3410
15499	3234	26	38	37	0	3335
15500	116	3190	55	29	0	3390
15501	44	97	56	3238	0	3435
15502	48	44	3196	107	0	3395
15503	7	2394	63	17	0	2481
15504	9	55	19	3010	0	3093
15505	8	18	23	3154	0	3203
15506	3068	9	7	114	0	3198
15507	81	11	16	3087	0	3195
15508	25	17	2928	91	0	3061
15509	16	2957	83	37	0	3093
15510	11	75	45	3089	0	3220
15511	3343	26	79	91	0	3539
15512	3397	18	22	89	0	3526
15513	109	12	70	3419	0	3610
15514	4217	28	78	106	0	4429
15515	125	51	4500	62	0	4738
15516	49	24	184	4592	0	4849
15517	25	22	5570	133	0	5750
15518	32	39	136	5479	0	5686
15519	21	18	77	5631	0	5747
15520	28	60	47	5689	0	5824
15521	49	11	20	5688	0	5768
15522	15	61	27	5800	0	5903
15523	5616	30	6	227	0	5879
15524	5660	21	6	97	0	5784
15525	171	5385	23	89	0	5668
15526	5676	106	20	51	0	5853
15527	153	53	16	5648	0	5870
15528	67	35	49	5679	0	5830
15529	73	29	13	5970	0	6085
15530	51	20	6073	232	0	6376
15531	79	15	138	5859	0	6091
15532	66	5959	69	174	0	6268
15533	6255	112	28	104	0	6499
15534	6121	80	39	61	0	6301
15535	192	61	5988	39	0	6280
15536	155	5989	119	41	0	6304
15537	51	124	98	6218	0	6491
15538	49	82	6148	130	0	6409
15539	54	51	122	5397	0	5624
15540	30	5551	131	126	0	5838
15541	5495	121	86	61	0	5763
15542	178	5549	37	70	0	5834
15543	86	137	5556	38	0	5817
15544	50	126	5778	41	0	5995
15545	74	5754	170	39	0	6037
15546	9	4275	49	31	0	4364
15547	4451	79	14	20	0	4564
15548	4495	40	16	9	0	4560
15549	86	16	13	4422	0	4537
15550	48	15	4387	55	0	4505
15551	27	13	48	4348	0	4436
15552	15	8	36	4516	0	4575
15553	4430	10	20	91	0	4551
15554	4085	18	17	64	0	4184
15555	79	13	15	4415	0	4522
15556	46	12	4357	68	0	4483
15557	20	4520	63	50	0	4653
15558	4752	62	37	24	0	4875
15559	57	4625	27	12	0	4721
15560	43	74	14	4745	0	4876
15561	14	46	19	5175	0	5254
15562	16	21	15	5166	0	5218
15563	22	20	11	5235	0	5288
15564	5190	16	11	132	0	5349
15565	82	10	12	5187	0	5291
15566	48	4948	20	115	0	5131
15567	19	68	14	5292	0	5393
15568	4802	34	18	109	0	4963
15569	84	4706	16	80	0	4886
15570	53	68	5	4961	0	5087
15571	41	56	4714	103	0	4914
15572	4643	27	76	69	0	4815
15573	91	18	45	4846	0	5000
15574	64	34	4780	89	0	4967
15575	40	43	4622	75	0	4780
15576	20	20	105	4827	0	4972
15577	4827	17	46	108	0	4998
15578	5188	13	24	95	0	5320
15579	116	7205	27	79	0	7427
15580	7813	70	22	55	0	7960
15581	7696	49	24	59	0	7828
15582	7688	19	11	68	0	7786
15583	7759	22	21	52	0	7854
15584	133	31	15	7678	0	7857
15585	68	20	22	7687	0	7797
15586	45	30	7421	149	0	7645
15587	40	7110	83	103	0	7336
15588	32	7352	59	76	0	7519
15589	52	111	7384	42	0	7589
15590	7308	62	81	58	0	7509
15591	88	35	59	7672	0	7854
15592	7787	19	35	103	0	7944
15593	7589	29	24	74	0	7716
15594	130	34	7473	61	0	7698
15595	90	31	82	7433	0	7636
15596	7683	24	50	100	0	7857
15597	112	34	16	7639	0	7801
15598	87	33	7513	112	0	7745
15599	55	27	78	7469	0	7629
15600	42	7258	62	117	0	7479
15601	36	7449	48	83	0	7616
15602	52	141	8126	49	0	8368
15603	31	8082	113	47	0	8273
15604	7910	56	43	29	0	8038
15605	7814	37	33	24	0	7908
15606	83	33	18	7762	0	7896
15607	50	11	19	7687	0	7767
15608	31	21	26	7921	0	7999
15609	7999	9	15	99	0	8122
15610	71	7621	31	62	0	7785
15611	7592	46	8	29	0	7675
15612	7469	30	17	32	0	7548
15613	77	7246	38	33	0	7394
15614	6836	19	2	5	0	6862
15615	28	6093	8	10	0	6139
15616	6338	24	4	11	0	6377
15617	26	18	5637	14	0	5695
15618	5336	13	21	15	0	5385
15619	27	5497	22	14	0	5560
15620	7	27	6	5502	0	5542
15621	12	15	3	6313	0	6343
15622	12	8	6	6286	0	6312
15623	6393	7	4	82	0	6486
15624	67	8	2	6360	0	6437
15625	30	15	6118	80	0	6243
15626	6118	3	51	33	0	6205
15627	68	8	6155	29	0	6260
15628	27	9	63	6100	0	6199
15629	21	19	6749	76	0	6865
15630	13	4	66	6763	0	6846
15631	12	6792	33	72	0	6909
15632	16	59	16	6971	0	7062
15633	5	6705	29	72	0	6811
15634	14	65	17	7033	0	7129
15635	7028	23	12	73	0	7136
15636	74	13	13	6952	0	7052
15637	7042	11	12	79	0	7144
15638	77	14	6574	40	0	6705
15639	6664	9	62	32	0	6767
15640	6984	5	17	23	0	7029
15641	6880	13	9	22	0	6924
15642	90	14	2	6863	0	6969
15643	7028	9	11	67	0	7115
15644	87	21	6167	33	0	6308
15645	6303	12	67	31	0	6413
15646	96	19	6299	25	0	6439
15647	6269	15	65	19	0	6368
15648	82	4	32	6463	0	6581
15649	50	16	6409	62	0	6537
15650	43	8	68	6299	0	6418
15651	24	8	33	6437	0	6502
15652	22	22	6266	100	0	6410
15653	5609	9	72	56	0	5746
15654	70	6068	42	44	0	6224
15655	7376	63	17	21	0	7477
15656	76	6926	36	40	0	7078
15657	7282	68	20	28	0	7398
15658	79	28	6684	26	0	6817
15659	6202	17	62	29	0	6310
15660	71	6532	45	28	0	6676
15661	28	37	17	6497	0	6579
15662	20	19	18	6474	0	6531
15663	26	15	7	6466	0	6514
15664	29	11	6410	65	0	6515
15665	16	15	39	6194	0	6264
15666	16	9	6443	65	0	6533
15667	6170	4	55	27	0	6256
15668	8450	3	27	21	0	8501
15669	73	8	15	8382	0	8478
15670	38	11	8472	53	0	8574
15671	9567	2	53	41	0	9663
15672	121	10	13201	34	0	13366
15673	56	10	128	12788	0	12982
15674	44	8	50	13323	0	13425
15675	22	5	42	13593	0	13662
15676	30	2	29	14195	0	14256
15677	13926	12	17	206	0	14161
15678	130	12880	35	128	0	13173
15679	70	143	10775	71	0	11059
15680	45	10801	148	38	0	11032
15681	11381	156	55	26	0	11618
15682	158	58	42	11256	0	11514
15683	11428	57	16	150	0	11651
15684	175	27	21	11323	0	11546
15685	62	22	9	11356	0	11449
15686	62	15	7	11558	0	11642
15687	49	21	11610	254	0	11934
15688	43	11109	152	127	0	11431
15689	45	142	11700	84	0	11971
15690	28	53	168	11757	0	12006
15691	12077	49	53	173	0	12352
15692	11947	22	61	98	0	12128
15693	11993	16	30	112	0	12151
15694	227	11453	55	72	0	11807
15695	12964	133	31	65	0	13193
15696	198	62	32	12890	0	13182
15697	94	60	25	12792	0	12971
15698	78	39	33	12919	0	13069
15699	55	12404	49	250	0	12758
15700	63	148	30	12648	0	12889
15701	53	12319	57	214	0	12643
15702	12179	182	23	138	0	12522
15703	12207	69	27	101	0	12404
15704	215	84	21	12234	0	12554
15705	131	56	11839	193	0	12219
15706	11615	44	137	113	0	11909
15707	191	37	61	12316	0	12605
15708	111	38	11939	220	0	12308
15709	11160	28	150	139	0	11477
15710	176	34	73	12319	0	12602
15711	12239	42	57	191	0	12529
15712	211	11701	41	131	0	12084
15713	107	138	47	12170	0	12462
15714	111	12546	46	207	0	12910
15715	85	171	36	13143	0	13435
15716	60	12614	46	232	0	12952
15717	70	202	24	14167	0	14463
15718	78	89	13604	255	0	14026
15719	10645	98	160	163	0	11066
15720	194	13120	91	158	0	13563
15721	89	131	12749	79	0	13048
15722	12317	68	118	71	0	12574
15723	138	63	59	13212	0	13472
15724	98	41	12827	176	0	13142
15725	85	12283	160	108	0	12636
15726	64	107	58	13371	0	13600
15727	73	81	12859	170	0	13183
15728	68	79	111	12790	0	13048
15729	70	39	66	12051	0	12226
15730	85	67	13066	196	0	13414
15731	74	49	126	13027	0	13276
15732	62	54	13139	212	0	13467
15733	48	58	132	13049	0	13287
15734	63	59	14444	229	0	14795
15735	55	49	160	14456	0	14720
15736	73	64	65	14755	0	14957
15737	60	61	72	14736	0	14929
15738	56	14030	90	218	0	14394
15739	14954	121	54	173	0	15302
15740	14740	78	48	140	0	15006
15741	166	83	53	14766	0	15068
15742	14857	45	78	186	0	15166
15743	189	76	14408	149	0	14822
15744	96	14728	173	156	0	15153
15745	15787	116	81	124	0	16108
15746	142	14947	117	143	0	15349
15747	86	159	72	15714	0	16031
15748	92	94	55	15769	0	16010
15749	15579	91	50	237	0	15957
15750	168	39	61	15593	0	15861
15751	115	56	15265	229	0	15665
15752	97	14627	159	165	0	15048
15753	16126	129	78	155	0	16488
15754	199	100	82	16222	0	16603
15755	118	15262	84	254	0	15718
15756	138	218	36	15357	0	15749
15757	66	15121	61	287	0	15535
15758	15763	244	56	144	0	16207
15759	15456	103	48	167	0	15774
15760	272	116	15227	120	0	15735
15761	175	86	14911	92	0	15264
15762	145	68	219	15246	0	15678
15763	81	14890	185	248	0	15404
15764	84	207	78	15884	0	16253
15765	15718	90	59	298	0	16165
15766	234	106	16442	151	0	16933
15767	119	69	192	16297	0	16677
15768	115	59	14626	252	0	15052
15769	99	88	13893	134	0	14214
15770	79	14146	243	179	0	14647
15771	14	95	59	12819	0	12987
15772	10260	40	30	113	0	10443
15773	115	44	10050	60	0	10269
15774	46	9710	117	60	0	9933
15775	10294	98	41	32	0	10465
15776	66	23	20	9786	0	9895
15777	10572	27	12	72	0	10683
15778	11446	10	10	29	0	11495
15779	11406	9	8	32	0	11455
15780	125	13	11347	17	0	11502
15781	10847	6	84	23	0	10960
15782	11524	9	36	6	0	11575
15783	99	11562	70	15	0	11746
15784	53	88	10	12234	0	12385
15785	44	26	8	12141	0	12219
15786	28	26	9	12345	0	12408
15787	11632	18	13	123	0	11786
15788	11229	22	15	50	0	11316
15789	128	21	11219	33	0	11401
15790	72	15	82	11015	0	11184
15791	59	10783	67	88	0	10997
15792	11552	70	33	28	0	11683
15793	104	43	11212	33	0	11392
15794	63	29	92	11077	0	11261
15795	77	19	28	10618	0	10742
15796	54	10227	59	109	0	10449
15797	43	87	25	10827	0	10982
15798	44	37	15	10590	0	10686
15799	36	35	17	10917	0	11005
15800	10849	24	21	154	0	11048
15801	120	26	16	10747	0	10909
15802	63	25	24	10904	0	11016
15803	10835	14	24	144	0	11017
15804	129	30	19	11340	0	11518
15805	82	12971	53	107	0	13213
15806	13535	191	37	61	0	13824
15807	14028	101	36	73	0	14238
15808	14187	59	19	69	0	14334
15809	14843	35	19	57	0	14954
15810	477	14931	63	61	0	15532
15811	19725	390	30	89	0	20234
15812	20284	142	27	101	0	20554
15813	953	118	17	19758	0	20846
15814	328	94	18009	859	0	19290
15815	258	65	694	18682	0	19699
15816	188	29	147	19320	0	19684
15817	155	34	119	18197	0	18505
15818	121	63	72	18389	0	18645
15819	139	47	48	18841	0	19075
15820	17641	42	72	1181	0	18936
15821	859	42	34	18128	0	19063
15822	251	76	17060	1095	0	18482
15823	227	70	723	17234	0	18254
15824	184	17163	201	949	0	18497
15825	154	725	141	18173	0	19193
15826	121	196	17374	1042	0	18733
15827	16261	156	821	406	0	17644
15828	17709	105	203	311	0	18328
15829	1016	99	16903	284	0	18302
15830	409	16473	803	219	0	17904
15831	17573	812	197	219	0	18801
15832	18011	204	170	241	0	18626
15833	18069	171	166	236	0	18642
15834	16839	114	132	237	0	17322
15835	1340	85	83	16071	0	17579
15836	610	137	15213	1071	0	17031
15837	532	72	800	15974	0	17378
15838	376	81	220	17231	0	17908
15839	379	97	15654	1291	0	17421
15840	362	117	16067	586	0	17132
15841	15809	81	1069	547	0	17506
15842	1060	15596	476	474	0	17606
15843	450	927	308	16373	0	18058
15844	411	266	14926	1332	0	16935
15845	15130	168	1026	599	0	16923
15846	1160	167	14959	546	0	16832
15847	15017	101	1035	539	0	16692
15848	1217	14894	422	487	0	17020
15849	436	965	317	15546	0	17264
15850	423	325	14629	1277	0	16654
15851	14757	210	955	570	0	16492
15852	1272	14589	376	472	0	16709
15853	528	15080	313	383	0	16304
15854	434	1043	318	14396	0	16191
15855	358	423	248	17490	0	18519
15856	16766	361	242	1282	0	18651
15857	1184	16368	257	666	0	18475
15858	577	1013	278	17084	0	18952
15859	16463	332	240	1194	0	18229
15860	17602	230	246	519	0	18597
15861	18447	289	219	484	0	19439
15862	1572	250	17548	506	0	19876
15863	785	184	17834	514	0	19317
15864	19090	142	1237	447	0	20916
15865	1503	18794	582	453	0	21332
15866	680	18973	476	516	0	20645
15867	573	1366	373	17172	0	19484
15868	409	18411	372	1391	0	20583
15869	18376	1358	398	725	0	20857
15870	1427	557	369	18730	0	21083
15871	633	500	17476	1499	0	20108
15872	18334	429	1242	612	0	20617
15873	19292	400	483	530	0	20705
15874	1647	396	381	18577	0	21001
15875	899	297	422	19327	0	20945
15876	842	336	349	19619	0	21146
15877	690	299	311	19367	0	20667
15878	605	304	15327	1817	0	18053
15879	676	16393	1068	887	0	19024
15880	577	1302	424	14354	0	16657
15881	483	16662	428	1467	0	19040
15882	532	1413	432	14436	0	16813
15883	512	16145	291	1532	0	18480
15884	16150	1483	309	775	0	18717
15885	16631	726	275	656	0	18288
15886	1533	16189	297	737	0	18756
15887	16563	1392	301	617	0	18873
15888	1783	634	301	16327	0	19045
15889	16218	545	272	1528	0	18563
15890	1689	16122	338	688	0	18837
15891	16601	1399	343	507	0	18850
15892	17532	620	309	460	0	18921
15893	1939	549	297	16266	0	19051
15894	968	515	15094	1455	0	18032
15895	826	15719	1178	767	0	18490
15896	715	1348	471	16394	0	18928
15897	16408	689	424	1515	0	19036
15898	1610	625	15440	761	0	18436
15899	753	548	1179	15930	0	18410
15900	707	479	478	16891	0	18555
15901	16512	363	392	1798	0	19065
15902	16927	400	353	1043	0	18723
15903	16782	347	358	833	0	18320
15904	1891	15157	320	734	0	18102
15905	13958	1166	232	646	0	16002
15906	1582	544	13660	691	0	16477
15907	778	413	13336	605	0	15132
15908	645	413	13566	568	0	15192
15909	564	1096	1083	13160	0	15903
15910	535	375	12776	1010	0	14696
15911	8757	212	443	280	0	9692
15912	620	119	238	8855	0	9832
15913	357	225	8662	472	0	9716
15914	8968	144	467	294	0	9873
15915	555	129	283	8959	0	9926
15916	368	152	199	9302	0	10021
15917	9086	155	190	599	0	10030
15918	576	158	138	9183	0	10055
15919	375	155	8647	573	0	9750
15920	323	154	423	9113	0	10013
15921	355	134	8526	597	0	9612
15922	255	163	472	9159	0	10049
15923	8453	114	277	659	0	9503
15924	593	8179	201	426	0	9399
15925	360	8779	159	398	0	9696
15926	353	477	184	8618	0	9632
15927	296	904	153	7996	0	9349
15928	260	8295	212	631	0	9398
15929	273	8785	200	430	0	9688
15930	253	417	182	8086	0	8938
15931	170	298	159	8340	0	8967
15932	7872	193	138	597	0	8800
15933	447	7586	137	447	0	8617
15934	256	7636	179	339	0	8410
15935	250	8140	170	267	0	8827
15936	8021	521	134	335	0	9011
15937	435	265	7649	303	0	8652
15938	7388	229	347	256	0	8220
15939	476	151	178	7469	0	8274
15940	292	6919	189	474	0	7874
15941	292	7595	110	350	0	8347
15942	7671	454	149	275	0	8549
15943	432	281	156	7155	0	8024
15944	309	7433	146	428	0	8316
15945	7673	399	130	353	0	8555
15946	7837	230	144	287	0	8498
15947	529	244	7267	259	0	8299
15948	7490	223	328	239	0	8280
15949	7738	217	172	249	0	8376
15950	509	205	130	7339	0	8183
15951	346	7100	154	414	0	8014
15952	303	7587	92	350	0	8332
15953	250	407	106	7252	0	8015
15954	7167	249	93	433	0	7942
15955	398	167	4622	215	0	5402
15956	242	144	4647	189	0	5222
15957	200	140	4607	203	0	5150
15958	183	160	4815	170	0	5328
15959	154	4745	296	158	0	5353
15960	148	4954	164	168	0	5434
15961	139	344	3984	120	0	4587
15962	85	123	2969	101	0	3278
15963	109	2933	174	101	0	3317
15964	0	2	2	1710	0	1714
15965	0	0	1750	1	0	1751
15966	0	0	4	1591	0	1595
15967	0	0	1	1801	0	1802
15968	2	1	0	1849	0	1852
15969	0	1	0	1849	0	1850
15970	3	1	1855	16	0	1875
15971	0	1	8	1739	0	1748
15972	1859	2	4	11	0	1876
15973	11	3	1795	7	0	1816
15974	1754	1	12	3	0	1770
15975	9	1	4	1854	0	1868
15976	5	1	1831	10	0	1847
15977	1754	1	10	7	0	1772
15978	9	0	4	1854	0	1867
15979	1862	0	3	9	0	1874
15980	10	1	1	1828	0	1840
15981	6	1742	3	10	0	1761
15982	4	10	2414	5	0	2433
15983	2	6	9	2425	0	2442
15984	2540	1	5	11	0	2557
15985	2448	0	6	8	0	2462
15986	2435	1	3	3	0	2442
15987	2504	1	0	1	0	2506
15988	2487	1	2	0	0	2490
15989	16	2358	4	1	0	2379
15990	2533	10	1	1	0	2545
15991	10	6	2403	1	0	2420
15992	2428	1	10	3	0	2442
15993	13	0	6	2399	0	2418
15994	8	2	2901	10	0	2921
15995	4	6	2695	10	0	2715
15996	2	2	16	2816	0	2836
15997	2983	0	8	9	0	3000
15998	10	2716	12	8	0	2746
15999	2991	9	0	3	0	3003
16000	12	2804	6	5	0	2827
16001	9	11	2	2945	0	2967
16002	4	6	0	2918	0	2928
16003	2972	1	2	17	0	2992
16004	12	2	1	2895	0	2910
16005	7	2	2856	13	0	2878
16006	2183	1	10	6	0	2200
16007	11	1	6	2249	0	2267
16008	7	2	1	2217	0	2227
16009	5	2	1386	13	0	1406
16010	1230	2	12	7	0	1251
16011	1400	0	5	4	0	1409
16012	19	1356	4	1	0	1380
16013	11	13	1265	1	0	1290
16014	6	7	1204	1	0	1218
16015	4	3	15	1229	0	1251
16016	2	3	8	1211	0	1224
16017	3	1215	2	16	0	1236
16018	5	10	1243	7	0	1265
16019	2	5	14	1198	0	1219
16020	3	1	1245	11	0	1260
16021	2	0	10	1229	0	1241
16022	1	1195	12	10	0	1218
16023	2	9	2	1271	0	1284
16024	4	6	1	1246	0	1257
16025	4	4	1	1253	0	1262
16026	1251	1	0	18	0	1270
16027	12	6	1200	8	0	1226
16028	6	1153	11	2	0	1172
16029	2	8	6	1265	0	1281
16030	1258	5	2	11	0	1276
16031	11	1	0	1244	0	1256
16032	1247	1	2	12	0	1262
16033	12	2	1204	7	0	1225
16034	1038	0	12	5	0	1055
16035	12	2	4	1531	0	1549
16036	9	3	1515	12	0	1539
16037	4	1429	16	7	0	1456
16038	6	10	7	1539	0	1562
16039	2	6	3	1537	0	1548
16040	1527	2	4	18	0	1551
16041	11	1436	7	11	0	1465
16042	6	1434	6	4	0	1450
16043	4	1442	4	4	0	1454
16044	1530	19	1	4	0	1554
16045	11	1501	4	3	0	1519
16046	6	12	1	1518	0	1537
16047	2	5	3	1511	0	1521
16048	1526	1	0	19	0	1546
16049	12	1445	2	10	0	1469
16050	5	12	0	1527	0	1544
16051	1843	5	4	12	0	1864
16052	1798	2	1	9	0	1810
16053	1840	1	0	5	0	1846
16054	17	1737	6	5	0	1765
16055	1846	11	3	1	0	1861
16056	13	6	0	1829	0	1848
16057	10	1741	3	10	0	1764
16058	4	2906	9	6	0	2925
16059	4	14	2	3100	0	3120
16060	3125	6	5	12	0	3148
16061	3050	1	1	6	0	3058
16062	16	2	0	3048	0	3066
16063	7	3402	9	10	0	3428
16064	3639	12	5	9	0	3665
16065	11	8	3481	11	0	3511
16066	11	7	3342	3	0	3363
16067	3037	3	6	1	0	3047
16068	3	1	3412	1	0	3417
16069	0	0	3	3266	0	3269
16070	3508	0	0	1	0	3509
16071	1	1	0	3422	0	3424
16072	3	1	3475	1	0	3480
16073	0	3172	12	14	0	3198
16074	1	2	1	3511	0	3515
16075	1	3	3441	1	0	3446
16076	3011	1	5	1	0	3018
16077	1	0	1	3424	0	3426
16078	3	0	3454	1	0	3458
16079	0	1	2	3374	0	3377
16080	0	3237	8	3	0	3248
16081	0	3	0	3477	0	3480
16082	0	2	0	2783	0	2785
16083	0	0	0	2767	0	2767
16084	0	2663	11	2	0	2676
16085	2871	2	0	1	0	2874
16086	1	0	0	2843	0	2844
16087	0	2	0	2793	0	2795
16088	0	1	0	2830	0	2831
16089	2	0	2825	1	0	2828
16090	1	1	1	2731	0	2734
16091	2872	0	0	1	0	2873
16092	1	2708	5	2	0	2716
16093	0	1	0	2839	0	2840
16094	1	0	0	2382	0	2383
16095	2445	0	0	1	0	2446
16096	1	2287	4	2	0	2294
16097	2428	2	0	0	0	2430
16098	2427	0	0	0	0	2427
16099	1	0	0	2375	0	2376
16100	2451	0	0	1	0	2452
16101	1	2320	1	1	0	2323
16102	2426	1	0	0	0	2427
16103	1	3	0	2396	0	2400
16104	2683	0	0	2	0	2685
16105	2593	0	1	0	0	2594
16106	5	1	3364	0	0	3370
16107	3896	0	3	0	0	3899
16108	4028	0	1	0	0	4029
16109	3984	2	2	0	0	3988
16110	63	4	3903	0	0	3970
16111	13	3766	60	4	0	3843
16112	11	49	4	4026	0	4090
16113	4118	4	9	49	0	4180
16114	50	3852	10	7	0	3919
16115	4946	48	0	10	0	5004
16116	76	5	1	4904	0	4986
16117	11	13	4800	70	0	4894
16118	4716	1	69	6	0	4792
16119	75	2	5	4916	0	4998
16120	19	6	5806	67	0	5898
16121	5666	2	123	6	0	5797
16122	144	6	5848	13	0	6011
16123	53	6	145	5552	0	5756
16124	45	3	43	6021	0	6112
16125	5961	3	28	162	0	6154
16126	5841	14	21	58	0	5934
16127	171	5699	24	48	0	5942
16128	6029	123	23	22	0	6197
16129	176	45	5763	17	0	6001
16130	64	33	5674	23	0	5794
16131	5692	15	146	18	0	5871
16132	142	5670	74	17	0	5903
16133	5857	127	43	12	0	6039
16134	167	5744	29	26	0	5966
16135	5727	141	28	17	0	5913
16136	174	46	27	5492	0	5739
16137	84	28	5485	141	0	5738
16138	53	24	133	5505	0	5715
16139	55	9	43	5751	0	5858
16140	5659	18	38	186	0	5901
16141	180	23	5431	74	0	5708
16142	5386	17	140	47	0	5590
16143	185	5385	75	26	0	5671
16144	5674	137	42	31	0	5884
16145	179	57	43	5602	0	5881
16146	103	37	5499	138	0	5777
16147	68	35	141	5512	0	5756
16148	5636	23	67	175	0	5901
16149	167	27	43	6607	0	6844
16150	90	25	41	6543	0	6699
16151	87	6096	43	198	0	6424
16152	50	137	45	6490	0	6722
16153	66	53	6198	194	0	6511
16154	66	36	151	6261	0	6514
16155	80	25	79	6511	0	6695
16156	6400	27	53	218	0	6698
16157	198	31	51	6395	0	6675
16158	116	35	4998	211	0	5360
16159	100	4981	155	104	0	5340
16160	88	151	85	5056	0	5380
16161	84	65	68	5331	0	5548
16162	5264	48	62	216	0	5590
16163	179	4540	67	130	0	4916
16164	121	141	47	4777	0	5086
16165	4626	70	49	217	0	4962
16166	4828	55	49	118	0	5050
16167	226	49	41	4799	0	5115
16168	131	43	4524	215	0	4913
16169	4613	28	174	129	0	4944
16170	193	35	90	5787	0	6105
16171	5740	32	77	218	0	6067
16172	5712	41	57	134	0	5944
16173	250	5472	60	109	0	5891
16174	5647	171	46	79	0	5943
16175	239	6007	53	83	0	6382
16176	135	180	53	6165	0	6533
16177	114	84	57	6041	0	6296
16178	110	5916	61	241	0	6328
16179	6211	171	47	167	0	6596
16180	6226	71	54	131	0	6482
16181	259	66	5898	123	0	6346
16182	159	48	5836	116	0	6159
16183	133	41	185	6131	0	6490
16184	6193	56	113	228	0	6590
16185	227	41	74	6138	0	6480
16186	133	39	68	6305	0	6545
16187	134	42	5974	266	0	6416
16188	107	48	5762	174	0	6091
16189	106	68	5906	132	0	6212
16190	5690	49	220	121	0	6080
16191	5989	64	93	111	0	6257
16192	229	5610	87	130	0	6056
16193	137	5925	64	123	0	6249
16194	120	209	56	6082	0	6467
16195	121	95	5770	251	0	6237
16196	5808	54	173	153	0	6188
16197	226	58	6718	129	0	7131
16198	123	52	195	6824	0	7194
16199	116	44	93	7108	0	7361
16200	101	46	66	7194	0	7407
16201	98	42	68	7226	0	7434
16202	7117	47	60	296	0	7520
16203	215	42	69	7137	0	7463
16204	118	55	6598	253	0	7024
16205	6131	42	168	153	0	6494
16206	228	57	5867	123	0	6275
16207	103	44	5346	103	0	5596
16208	86	5329	154	82	0	5651
16209	77	114	73	5720	0	5984
16210	5740	46	51	178	0	6015
16211	139	38	59	5714	0	5950
16212	120	35	5540	164	0	5859
16213	73	33	125	5707	0	5938
16214	5699	31	70	180	0	5980
16215	82	4602	32	93	0	4809
16216	4798	61	25	62	0	4946
16217	86	4610	34	57	0	4787
16218	4737	76	25	27	0	4865
16219	100	4700	32	46	0	4878
16220	1	3584	9	7	0	3601
16221	8	5	3604	0	0	3617
16222	1	3521	10	2	0	3534
16223	3763	1	0	0	0	3764
16224	1	3	0	4030	0	4034
16225	4067	0	1	17	0	4085
16226	17	3967	11	7	0	4002
16227	4000	19	2	1	0	4022
16228	20	6	3945	0	0	3971
16229	3	1	17	3957	0	3978
16230	1	3890	10	16	0	3917
16231	1	18	1	4058	0	4078
16232	0	3	0	4027	0	4030
16233	5856	3	1	25	0	5885
16234	79	5600	10	13	0	5702
16235	6108	85	6	3	0	6202
16236	156	38	5898	5	0	6097
16237	48	33	5777	3	0	5861
16238	31	5705	168	5	0	5909
16239	14	137	62	6111	0	6324
16240	10	40	5976	132	0	6158
16241	10	29	154	5512	0	5705
16242	8	10	46	7152	0	7216
16243	3	19	6903	186	0	7111
16244	11	21	6524	76	0	6632
16245	6	24	7301	39	0	7370
16246	14	13	7388	21	0	7436
16247	10	8378	246	24	0	8658
16248	8	243	96	8751	0	9098
16249	11	132	52	8372	0	8567
16250	7	70	7920	378	0	8375
16251	5	21	268	8067	0	8361
16252	6	40	8788	345	0	9179
16253	7	8	307	8787	0	9109
16254	2	17	142	8853	0	9014
16255	5	8570	104	399	0	9078
16256	6	253	40	8999	0	9298
16257	4	126	49	8989	0	9168
16258	3	76	21	9260	0	9360
16259	13	47	8430	476	0	8966
16260	0	8466	256	244	0	8966
16261	8762	257	131	114	0	9264
16262	8798	127	70	85	0	9080
16263	364	69	48	8584	0	9065
16264	177	33	40	8658	0	8908
16265	83	8576	33	380	0	9072
16266	8719	270	38	190	0	9217
16267	259	8724	25	133	0	9141
16268	8937	308	44	96	0	9385
16269	316	180	8381	83	0	8960
16270	7642	94	264	69	0	8069
16271	328	7673	142	77	0	8220
16272	159	272	83	7978	0	8492
16273	99	144	46	8026	0	8315
16274	39	7813	60	414	0	8326
16275	7562	282	39	226	0	8109
16276	272	162	28	7528	0	7990
16277	156	88	39	7854	0	8137
16278	7604	63	39	445	0	8151
16279	7758	58	31	236	0	8083
16280	429	43	7244	135	0	7851
16281	7571	37	278	95	0	7981
16282	372	35	139	7647	0	8193
16283	190	48	7385	335	0	7958
16284	125	40	293	7563	0	8021
16285	71	57	7439	369	0	7936
16286	79	38	7525	211	0	7853
16287	48	44	407	7503	0	8002
16288	66	57	8174	347	0	8644
16289	56	7969	351	241	0	8617
16290	56	286	191	8066	0	8599
16291	47	150	121	8545	0	8863
16292	46	103	7936	474	0	8559
16293	58	8040	321	268	0	8687
16294	8097	326	181	161	0	8765
16295	320	151	94	8402	0	8967
16296	8252	106	75	386	0	8819
16297	378	7150	102	208	0	7838
16298	204	328	7092	170	0	7794
16299	125	170	338	7364	0	7997
16300	7367	110	201	376	0	8054
16301	325	72	7091	249	0	7737
16302	7076	70	355	178	0	7679
16303	369	6854	241	126	0	7590
16304	188	7343	140	165	0	7836
16305	7406	391	107	144	0	8048
16306	319	202	126	7324	0	7971
16307	201	136	93	7231	0	7661
16308	122	7766	97	468	0	8453
16309	95	342	80	8184	0	8701
16310	94	177	88	8377	0	8736
16311	7972	135	74	567	0	8748
16312	335	96	97	8221	0	8749
16313	198	72	7904	508	0	8682
16314	131	66	340	8233	0	8770
16315	88	83	213	8547	0	8931
16316	115	82	7928	541	0	8666
16317	59	98	328	8369	0	8854
16318	8906	81	179	528	0	9694
16319	8833	80	111	330	0	9354
16320	9142	59	96	245	0	9542
16321	504	75	83	9017	0	9679
16322	302	110	8511	412	0	9335
16323	196	8574	301	291	0	9362
16324	132	297	159	8709	0	9297
16325	153	192	8983	405	0	9733
16326	99	118	296	9168	0	9681
16327	83	88	206	9628	0	10005
16328	9209	58	115	538	0	9920
16329	310	9025	99	338	0	9772
16330	234	300	8944	186	0	9664
16331	8533	183	301	186	0	9203
16332	358	8820	203	167	0	9548
16333	167	7431	87	113	0	7798
16334	7257	310	346	120	0	8033
16335	184	149	53	7455	0	7841
16336	154	100	7088	220	0	7562
16337	100	57	164	7191	0	7512
16338	68	7090	129	259	0	7546
16339	7395	161	83	183	0	7822
16340	187	125	52	7502	0	7866
16341	7500	70	66	234	0	7870
16342	237	45	49	6391	0	6722
16343	171	6227	47	252	0	6697
16344	6950	174	59	168	0	7351
16345	6126	120	51	97	0	6394
16346	327	6148	43	99	0	6617
16347	6571	76	8	22	0	6677
16348	80	35	11	6456	0	6582
16349	45	6159	34	85	0	6323
16350	6618	58	23	46	0	6745
16351	64	6277	26	39	0	6406
16352	6990	82	11	24	0	7107
16353	85	35	13	6871	0	7004
16354	7025	27	9	88	0	7149
16355	6901	28	16	45	0	6990
16356	6813	36	8	40	0	6897
16357	104	31	11	6849	0	6995
16358	65	24	11	6777	0	6877
16359	6911	23	13	91	0	7038
16360	104	35	6664	47	0	6850
16361	67	24	48	6665	0	6804
16362	51	7041	27	88	0	7207
16363	44	69	12	7473	0	7598
16364	53	37	15	7303	0	7408
16365	40	42	7250	104	0	7436
16366	44	35	53	7367	0	7499
16367	48	8776	35	118	0	8977
16368	46	156	12	9470	0	9684
16369	54	94	10111	198	0	10457
16370	51	54	204	9816	0	10125
16371	44	32	108	10647	0	10831
16372	10791	29	41	360	0	11221
16373	10554	16	32	206	0	10808
16374	338	30	34	10591	0	10993
16375	175	10174	43	271	0	10663
16376	80	10592	34	172	0	10878
16377	94	314	10368	91	0	10867
16378	73	138	207	10474	0	10892
16379	10860	62	124	282	0	11328
16380	248	47	57	10959	0	11311
16381	145	71	10681	302	0	11199
16382	70	40	234	10620	0	10964
16383	49	30	139	10692	0	10910
16384	59	23	66	11084	0	11232
16385	62	42	10328	437	0	10869
16386	63	10245	230	238	0	10776
16387	10633	223	119	132	0	11107
16388	9485	126	56	77	0	9744
16389	304	49	28	9880	0	10261
16390	147	51	9590	252	0	10040
16391	75	9381	220	157	0	9833
16392	64	214	105	9384	0	9767
16393	46	9347	74	219	0	9686
16394	31	9815	33	146	0	10025
16395	9687	312	56	68	0	10123
16396	230	160	9681	62	0	10133
16397	126	78	9471	74	0	9749
16398	74	60	311	9183	0	9628
16399	55	50	146	9833	0	10084
16400	61	58	9521	327	0	9967
16401	48	31	235	9326	0	9640
16402	37	32	9518	308	0	9895
16403	8238	40	287	190	0	8755
16404	219	23	153	9616	0	10011
16405	131	51	9473	275	0	9930
16406	80	35	233	9030	0	9378
16407	60	9561	154	269	0	10044
16408	9327	222	75	160	0	9784
16409	240	9082	69	107	0	9498
16410	9487	262	56	81	0	9886
16411	266	142	9062	101	0	9571
16412	8962	80	228	79	0	9349
16413	280	60	125	9022	0	9487
16414	166	58	8921	268	0	9413
16415	104	46	241	8987	0	9378
16416	75	54	8847	304	0	9280
16417	7993	34	281	211	0	8519
16418	238	8012	159	151	0	8560
16419	143	231	107	7751	0	8232
16420	87	8237	66	249	0	8639
16421	8264	285	65	162	0	8776
16422	8257	161	65	107	0	8590
16423	349	8521	59	103	0	9032
16424	190	259	60	8566	0	9075
16425	105	161	48	8184	0	8498
16426	90	94	48	8236	0	8468
16427	8047	60	59	437	0	8603
16428	242	7845	66	249	0	8402
16429	162	248	47	8131	0	8588
16430	85	149	82	8351	0	8667
16431	8125	84	64	428	0	8701
16432	271	80	7729	267	0	8347
16433	178	67	7638	175	0	8058
16434	7667	54	341	157	0	8219
16435	275	45	7692	135	0	8147
16436	176	65	7627	96	0	7964
16437	93	69	353	7336	0	7851
16438	7719	47	209	271	0	8246
16439	262	64	106	7653	0	8085
16440	180	61	7537	292	0	8070
16441	7202	53	277	185	0	7717
16442	282	77	7474	133	0	7966
16443	192	7195	306	109	0	7802
16444	70	201	152	7690	0	8113
16445	7661	120	104	248	0	8133
16446	229	62	83	7505	0	7879
16447	128	57	97	6394	0	6676
16448	6313	37	74	340	0	6764
16449	220	38	66	6326	0	6650
16450	150	44	62	6395	0	6651
16451	97	42	6755	375	0	7269
16452	70	36	218	6477	0	6801
16453	6427	39	131	303	0	6900
16454	6469	48	83	192	0	6792
16455	6614	62	59	107	0	6842
16456	339	42	55	6252	0	6688
16457	195	6209	57	229	0	6690
16458	6412	201	61	150	0	6824
16459	252	6362	64	98	0	6776
16460	6502	232	48	93	0	6875
16461	262	133	65	6437	0	6897
16462	6027	77	53	238	0	6395
16463	5991	53	60	182	0	6286
16464	6003	43	69	104	0	6219
16465	360	5595	66	83	0	6104
16466	166	5453	64	95	0	5778
16467	3799	110	27	30	0	3966
16468	119	3801	19	49	0	3988
16469	17	3782	16	23	0	3838
16470	19	4101	19	12	0	4151
16471	4195	142	7	19	0	4363
16472	96	69	0	3632	0	3797
16473	50	34	0	3743	0	3827
16474	3673	11	0	148	0	3832
16475	104	19	3479	85	0	3687
16476	59	3	85	4091	0	4238
16477	34	1	50	4172	0	4257
16478	10	2	24	4287	0	4323
16479	7	2	9	4170	0	4188
16480	2	3779	11	205	0	3997
16481	1	5188	10	111	0	5310
16482	5157	188	7	49	0	5401
16483	165	116	5	5900	0	6186
16484	93	55	2	6174	0	6324
16485	51	35	5682	304	0	6072
16486	13	29	188	6047	0	6277
16487	29	26	5795	269	0	6119
16488	8	14	225	6034	0	6281
16489	12	30	6680	291	0	7013
16490	7	6549	351	173	0	7080
16491	9	285	135	6932	0	7361
16492	6842	127	99	307	0	7375
16493	7046	66	47	180	0	7339
16494	396	34	42	7046	0	7518
16495	183	49	6752	336	0	7320
16496	97	31	6768	179	0	7075
16497	7371	19	397	99	0	7886
16498	306	7484	206	73	0	8069
16499	7991	288	102	53	0	8434
16500	8097	143	59	40	0	8339
16501	445	92	7462	51	0	8050
16502	234	42	297	7538	0	8111
16503	115	47	140	8032	0	8334
16504	88	28	90	8210	0	8416
16505	52	32	51	8249	0	8384
16506	44	21	58	8311	0	8434
16507	40	34	6969	570	0	7613
16508	38	36	7100	308	0	7482
16509	45	16	419	7295	0	7775
16510	40	16	211	7563	0	7830
16511	35	11	118	7784	0	7948
16512	7357	22	89	545	0	8013
16513	307	21	67	7658	0	8053
16514	7466	23	46	472	0	8007
16515	387	31	47	8251	0	8716
16516	8089	18	29	472	0	8608
16517	8276	13	34	254	0	8577
16518	8336	11	47	177	0	8571
16519	8340	18	44	122	0	8524
16520	8338	19	58	126	0	8541
16521	572	27	38	8023	0	8660
16522	8018	18	36	396	0	8468
16523	444	7283	51	225	0	8003
16524	7635	297	42	155	0	8129
16525	426	144	49	7674	0	8293
16526	217	79	7373	422	0	8091
16527	162	42	318	7670	0	8192
16528	103	61	7432	497	0	8093
16529	106	26	379	7528	0	8039
16530	85	30	191	7923	0	8229
16531	99	27	7365	528	0	8019
16532	77	35	7371	331	0	7814
16533	77	34	483	7566	0	8160
16534	7510	25	235	456	0	8226
16535	377	45	7188	284	0	7894
16536	222	8265	375	204	0	9066
16537	160	305	8795	153	0	9413
16538	8717	144	417	139	0	9417
16539	396	80	226	8984	0	9686
16540	9183	44	143	417	0	9787
16541	9259	49	98	236	0	9642
16542	523	39	98	9153	0	9813
16543	326	55	8704	430	0	9515
16544	186	29	336	8686	0	9237
16545	153	25	193	9054	0	9425
16546	8534	25	122	593	0	9274
16547	378	9029	124	368	0	9899
16548	218	293	93	9645	0	10249
16549	156	152	8964	483	0	9755
16550	8772	82	348	303	0	9505
16551	399	8307	221	212	0	9139
16552	224	331	140	8721	0	9416
16553	167	162	103	8917	0	9349
16554	131	103	104	9203	0	9541
16555	8765	49	54	640	0	9508
16556	8926	44	73	361	0	9404
16557	536	30	74	8854	0	9494
16558	299	60	8274	495	0	9128
16559	194	8281	349	325	0	9149
16560	8610	315	194	197	0	9316
16561	9572	167	123	172	0	10034
16562	592	103	94	9244	0	10033
16563	323	43	89	9707	0	10162
16564	199	65	8954	636	0	9854
16565	167	9025	379	350	0	9921
16566	9261	368	189	221	0	10039
16567	9207	169	109	209	0	9694
16568	532	9150	113	183	0	9978
16569	8072	287	64	129	0	8552
16570	371	123	43	7986	0	8523
16571	203	65	7741	351	0	8360
16572	145	53	280	7924	0	8402
16573	117	65	7656	404	0	8242
16574	7484	40	321	209	0	8054
16575	313	8239	172	176	0	8900
16576	149	268	102	8121	0	8640
16577	143	108	7836	350	0	8437
16578	112	93	7655	192	0	8052
16579	7560	46	321	151	0	8078
16580	308	7632	212	117	0	8269
16581	6823	190	46	44	0	7103
16582	6774	69	36	60	0	6939
16583	6232	32	32	34	0	6330
16584	210	23	15	6103	0	6351
16585	79	19	6783	196	0	7077
16586	54	6568	169	56	0	6847
16587	34	784	43	6384	0	7245
16588	28	90	8240	135	0	8493
16589	13	17	6813	7	0	6850
16590	3	7	46	7134	0	7190
16591	7	7	7160	54	0	7228
16592	6656	5	48	9	0	6718
16593	52	4	9	7133	0	7198
16594	15	4	5	7204	0	7228
16595	7374	6	3	57	0	7440
16596	59	6854	29	16	0	6958
16597	6492	48	8	6	0	6554
16598	57	10	4	6438	0	6509
16599	10	3	5	6470	0	6488
16600	9	5	7	6452	0	6473
16601	4	7	6	6408	0	6425
16602	6402	1	8	68	0	6479
16603	56	4	6302	12	0	6374
16604	10	6057	60	16	0	6143
16605	9	53	4	6487	0	6553
16606	6432	7	10	56	0	6505
16607	6434	7	4	12	0	6457
16608	58	6168	25	19	0	6270
16609	6462	51	4	16	0	6533
16610	57	6101	30	12	0	6200
16611	11	6241	16	14	0	6282
16612	11	60	4	6464	0	6539
16613	13	16	6315	63	0	6407
16614	12	7	49	6172	0	6240
16615	5974	2	7	65	0	6048
16616	64	5667	21	17	0	5769
16617	14	57	11	5949	0	6031
16618	12	21	6328	68	0	6429
16619	6115	10	54	16	0	6195
16620	6482	14	10	15	0	6521
16621	6433	10	9	7	0	6459
16622	81	18	6212	5	0	6316
16623	6173	16	47	12	0	6248
16624	66	6191	31	9	0	6297
16625	13	61	6	6391	0	6471
16626	4	6177	34	62	0	6277
16627	6429	52	14	19	0	6514
16628	6210	13	15	12	0	6250
16629	71	13	6902	19	0	7005
16630	19	6718	86	11	0	6834
16631	12	55	11	7129	0	7207
16632	12	8	13	7114	0	7147
16633	10	12	18	7053	0	7093
16634	27	17	6	7578	0	7628
16635	24	12	4	7805	0	7845
16636	34	21	6228	104	0	6387
16637	19	6063	99	53	0	6234
16638	6362	91	22	19	0	6494
16639	106	30	6193	20	0	6349
16640	23	6023	98	29	0	6173
16641	6362	97	25	15	0	6499
16642	98	34	6772	16	0	6920
16643	6621	17	129	17	0	6784
16644	6732	14	36	11	0	6793
16645	6282	11	24	26	0	6343
16646	147	6648	26	30	0	6851
16647	42	143	5903	26	0	6114
16648	28	5949	136	24	0	6137
16649	20	162	22	5540	0	5744
16650	28	5926	27	105	0	6086
16651	7277	144	20	26	0	7467
16652	7390	33	11	16	0	7450
16653	7256	19	11	25	0	7311
16654	248	23	7018	23	0	7312
16655	83	7425	189	17	0	7714
16656	37	253	55	8439	0	8784
16657	12525	71	28	271	0	12895
16658	494	12394	48	84	0	13020
16659	165	470	12	12860	0	13507
16660	132	188	12475	499	0	13294
16661	11929	107	430	158	0	12624
16662	468	53	12048	111	0	12680
16663	183	40	12214	32	0	12469
16664	11829	24	608	20	0	12481
16665	507	58	11878	18	0	12461
16666	11890	22	560	21	0	12493
16667	572	11730	213	23	0	12538
16668	12171	443	134	28	0	12776
16669	584	156	61	11848	0	12649
16670	227	113	52	12234	0	12626
16671	156	45	47	12661	0	12909
16672	12116	28	49	707	0	12900
16673	12148	33	48	286	0	12515
16674	12258	34	37	169	0	12498
16675	713	11032	55	83	0	11883
16676	320	429	30	11539	0	12318
16677	211	196	10853	493	0	11753
16678	100	120	445	11242	0	11907
16679	83	10993	190	582	0	11848
16680	94	450	128	11409	0	12081
16681	85	164	61	11953	0	12263
16682	12071	123	57	651	0	12902
16683	532	72	51	12225	0	12880
16684	235	77	11659	643	0	12614
16685	191	69	11049	254	0	11563
16686	112	55	619	11390	0	12176
16687	11090	53	302	569	0	12014
16688	536	46	176	9906	0	10664
16689	245	52	95	10542	0	10934
16690	208	81	9439	713	0	10441
16691	137	9549	518	361	0	10565
16692	123	451	213	10112	0	10899
16693	9791	173	187	557	0	10708
16694	555	9840	121	267	0	10783
16695	261	490	87	10129	0	10967
16696	232	225	9655	577	0	10689
16697	151	169	499	10226	0	11045
16698	9685	96	196	706	0	10683
16699	544	9545	185	327	0	10601
16700	267	493	9673	255	0	10688
16701	224	211	488	10030	0	10953
16702	152	190	9767	616	0	10725
16703	9899	106	580	309	0	10894
16704	10427	86	242	265	0	11020
16705	720	100	9675	194	0	10689
16706	357	78	549	10022	0	11006
16707	257	109	9728	609	0	10703
16708	152	9721	648	348	0	10869
16709	162	482	298	10077	0	11019
16710	160	251	9784	598	0	10793
16711	155	179	576	9490	0	10400
16712	156	9753	319	651	0	10879
16713	165	506	241	10164	0	11076
16714	163	239	9670	720	0	10792
16715	9598	182	593	354	0	10727
16716	588	9808	273	308	0	10977
16717	10233	532	196	253	0	11214
16718	693	242	9214	236	0	10385
16719	9693	204	554	229	0	10680
16720	718	141	9271	226	0	10356
16721	9550	105	633	205	0	10493
16722	9962	128	296	181	0	10567
16723	770	99	225	9467	0	10561
16724	429	119	162	9978	0	10688
16725	9475	136	160	799	0	10570
16726	660	9328	166	474	0	10628
16727	9663	548	198	326	0	10735
16728	714	248	170	9181	0	10313
16729	357	8568	206	621	0	9752
16730	295	513	193	8983	0	9984
16731	219	222	171	9355	0	9967
16732	198	186	179	9188	0	9751
16733	207	8612	168	900	0	9887
16734	8114	493	132	427	0	9166
16735	577	206	119	8332	0	9234
16736	273	205	7788	701	0	8967
16737	246	132	8168	384	0	8930
16738	175	123	8205	352	0	8855
16739	8113	100	710	256	0	9179
16740	8522	99	333	230	0	9184
16741	712	136	7909	229	0	8986
16742	382	105	492	7409	0	8388
16743	270	104	263	7909	0	8546
16744	165	121	7811	707	0	8804
16745	140	95	8027	434	0	8696
16746	162	98	617	8180	0	9057
16747	8036	95	340	595	0	9066
16748	8280	88	234	348	0	8950
16749	8010	80	195	286	0	8571
16750	734	7665	169	242	0	8810
16751	348	6867	137	177	0	7529
16752	235	466	130	6880	0	7711
16753	6839	226	130	496	0	7691
16754	466	187	6429	301	0	7383
16755	5843	84	326	240	0	6493
16756	435	6169	179	160	0	6943
16757	2	1771	3	3	0	1779
16758	1887	1	1	0	0	1889
16759	2	1749	4	2	0	1757
16760	1	1742	1	1	0	1745
16761	1904	2	1	0	0	1907
16762	0	1745	2	2	0	1749
16763	0	0	0	1873	0	1873
16764	1	0	1	1859	0	1861
16765	1878	0	1	1	0	1880
16766	1845	0	0	0	0	1845
16767	0	1707	10	1	0	1718
16768	0	1737	3	2	0	1742
16769	2	4	1784	0	0	1790
16770	1806	0	0	1	0	1807
16771	1873	1	0	0	0	1874
16772	1884	0	0	2	0	1886
16773	0	5	1	1826	0	1832
16774	0	0	0	1844	0	1844
16775	1889	0	0	1	0	1890
16776	2	0	1	1832	0	1835
16777	1	0	1865	1	0	1867
16778	1	0	0	1836	0	1837
16779	0	1785	1	2	0	1788
16780	0	0	2	1869	0	1871
16781	1	2	0	1843	0	1846
16782	1	1	0	1361	0	1363
16783	1366	0	0	1	0	1367
16784	0	1287	5	4	0	1296
16785	0	0	0	1367	0	1367
16786	1	0	1362	0	0	1363
16787	2	5	1683	2	0	1692
16788	0	3	3	1681	0	1687
16789	0	1	2	1805	0	1808
16790	1829	1	1	0	0	1831
16791	0	0	0	1803	0	1803
16792	0	1738	1	1	0	1740
16793	5	2	1783	0	0	1790
16794	1	1	0	1740	0	1742
16795	0	1	1791	0	0	1792
16796	0	0	1	1773	0	1774
16797	1821	0	1	1	0	1823
16798	1800	0	3	0	0	1803
16799	0	1697	4	3	0	1704
16800	1	2	0	3053	0	3056
16801	4283	0	0	3	0	4286
16802	4156	1	0	1	0	4158
16803	4115	2	1	2	0	4120
16804	4170	1	1	1	0	4173
16805	4230	0	0	1	0	4231
16806	1	3873	6	4	0	3884
16807	4248	1	1	0	0	4250
16808	2	8	4038	1	0	4049
16809	0	4	0	4060	0	4064
16810	4250	0	0	1	0	4251
16811	4110	0	3	3	0	4116
16812	4056	2	2	2	0	4062
16813	1	3	4060	1	0	4065
16814	1	1	0	3942	0	3944
16815	4287	0	1	1	0	4289
16816	1	3797	14	6	0	3818
16817	4271	0	0	2	0	4273
16818	4229	1	0	0	0	4230
16819	4160	2	0	1	0	4163
16820	1	0	1	4848	0	4850
16821	4969	0	3	24	0	4996
16822	29	7	4539	13	0	4588
16823	12	10	4496	12	0	4530
16824	4726	1	29	5	0	4761
16825	30	2	4852	2	0	4886
16826	4449	2	31	6	0	4488
16827	34	8	4783	0	0	4825
16828	12	3	39	4685	0	4739
16829	4920	1	10	22	0	4953
16830	26	5709	33	13	0	5781
16831	7021	24	2	11	0	7058
16832	37	6623	22	5	0	6687
16833	12	7672	11	8	0	7703
16834	12	33	3	8210	0	8258
16835	2	24	4	8148	0	8178
16836	5	12	0	8051	0	8068
16837	10	7	7826	43	0	7886
16838	7486	5	30	23	0	7544
16839	8110	1	10	16	0	8137
16840	8101	1	8	9	0	8119
16841	8139	1	4	5	0	8149
16842	8025	2	20	4	0	8051
16843	58	12	7620	2	0	7692
16844	31	19	6990	3	0	7043
16845	17	3	35	7242	0	7297
16846	11	6	7378	29	0	7424
16847	6652	2	43	16	0	6713
16848	30	6872	41	18	0	6961
16849	11	29	13	7520	0	7573
16850	7936	10	2	25	0	7973
16851	61	15	2	7729	0	7807
16852	36	11	8295	64	0	8406
16853	26	18	7971	39	0	8054
16854	11	1	118	8291	0	8421
16855	11	10	8262	102	0	8385
16856	7205	2	106	50	0	7363
16857	87	0	55	7623	0	7765
16858	57	11	7542	89	0	7699
16859	22	8867	120	68	0	9077
16860	19	69	50	9596	0	9734
16861	19	41	9482	93	0	9635
16862	11	21	95	9215	0	9342
16863	5	13	59	9422	0	9499
16864	12	15	9442	136	0	9605
16865	10	10	84	9200	0	9304
16866	10	6	60	9260	0	9336
16867	6	9	26	9684	0	9725
16868	9563	6	20	155	0	9744
16869	74	8878	60	88	0	9100
16870	52	9107	29	57	0	9245
16871	23	125	9420	31	0	9599
16872	8899	59	89	27	0	9074
16873	100	36	9393	22	0	9551
16874	56	46	9188	14	0	9304
16875	24	18	131	9289	0	9462
16876	9716	10	63	87	0	9876
16877	87	9104	56	61	0	9308
16878	9700	85	24	28	0	9837
16879	9576	47	23	24	0	9670
16880	134	9168	33	26	0	9361
16881	9731	89	13	14	0	9847
16882	9514	55	8	16	0	9593
16883	142	9262	24	22	0	9450
16884	86	95	9	9525	0	9715
16885	33	59	11	9676	0	9779
16886	10670	27	13	129	0	10839
16887	195	9772	43	73	0	10083
16888	10387	182	13	43	0	10625
16889	10350	74	19	28	0	10471
16890	11652	28	21	25	0	11726
16891	278	15	14	11299	0	11606
16892	114	18	15	11632	0	11779
16893	13290	14	14	262	0	13580
16894	13013	13	12	103	0	13141
16895	13264	14	23	44	0	13345
16896	284	9	13	13129	0	13435
16897	118	18	12795	213	0	13144
16898	58	19	172	12796	0	13045
16899	42	14	67	15287	0	15410
16900	38	39	13776	308	0	14161
16901	28	36	12465	127	0	12656
16902	27	9	293	12953	0	13282
16903	23	37	12736	271	0	13067
16904	14277	13	255	133	0	14678
16905	232	15	119	15466	0	15832
16906	97	9	64	15660	0	15830
16907	15578	7	44	338	0	15967
16908	251	13	49	15548	0	15861
16909	119	9	25	15577	0	15730
16910	75	10	19	15807	0	15911
16911	48	13	19	15813	0	15893
16912	71	29	15055	365	0	15520
16913	39	19	212	15342	0	15612
16914	45	60	14969	338	0	15412
16915	46	14714	260	190	0	15210
16916	35	219	80	16346	0	16680
16917	37	117	15775	354	0	16283
16918	14166	43	314	205	0	14728
16919	293	15492	159	116	0	16060
16920	15538	272	49	69	0	15928
16921	321	124	35	14911	0	15391
16922	146	15827	80	263	0	16316
16923	16661	267	25	146	0	17099
16924	297	16101	48	87	0	16533
16925	16697	290	22	70	0	17079
16926	328	133	30	16309	0	16800
16927	16687	73	23	308	0	17091
16928	336	16032	45	171	0	16584
16929	16260	287	38	68	0	16653
16930	368	140	14914	77	0	15499
16931	162	55	274	14486	0	14977
16932	14370	30	133	331	0	14864
16933	13507	54	55	178	0	13794
16934	444	23	47	13161	0	13675
16935	191	42	12989	342	0	13564
16936	117	12090	283	206	0	12696
16937	91	13026	146	136	0	13399
16938	13460	349	64	132	0	14005
16939	328	149	71	13324	0	13872
16940	176	74	76	13588	0	13914
16941	13419	62	87	454	0	14022
16942	12580	64	79	247	0	12970
16943	452	51	12879	153	0	13535
16944	219	49	280	13065	0	13613
16945	147	56	12457	404	0	13064
16946	138	12661	308	228	0	13335
16947	12956	280	131	173	0	13540
16948	304	12716	114	175	0	13309
16949	195	13133	81	164	0	13573
16950	90	334	56	12511	0	12991
16951	12352	153	66	341	0	12912
16952	274	12008	92	185	0	12559
16953	12297	271	61	153	0	12782
16954	281	12024	77	105	0	12487
16955	154	285	49	12438	0	12926
16956	12271	113	61	322	0	12767
16957	297	104	11879	182	0	12462
16958	202	71	215	11980	0	12468
16959	138	101	10972	300	0	11511
16960	129	10348	250	211	0	10938
16961	108	11120	125	158	0	11511
16962	11273	307	82	143	0	11805
16963	298	11038	79	147	0	11562
16964	11449	308	92	102	0	11951
16965	11380	134	77	128	0	11719
16966	349	155	10775	133	0	11412
16967	10623	92	259	101	0	11075
16968	359	129	10767	110	0	11365
16969	232	10616	269	116	0	11233
16970	11018	280	132	110	0	11540
16971	345	10616	97	126	0	11184
16972	222	273	64	11040	0	11599
16973	11104	129	58	372	0	11663
16974	348	97	78	10940	0	11463
16975	185	117	10780	350	0	11432
16976	131	140	236	10713	0	11220
16977	132	112	125	11217	0	11586
16978	11019	128	66	389	0	11602
16979	324	120	10476	233	0	11153
16980	11274	82	259	169	0	11784
16981	11793	100	123	144	0	12160
16982	501	81	98	11348	0	12028
16983	257	103	77	11721	0	12158
16984	12927	82	98	449	0	13556
16985	439	12430	94	187	0	13150
16986	178	259	35	12505	0	12977
16987	164	129	12065	278	0	12636
16988	128	131	11409	154	0	11822
16989	132	11825	271	114	0	12342
16990	537	273	91	11106	0	12007
16991	91	140	55	11441	0	11727
16992	11315	106	53	320	0	11794
16993	292	93	67	9764	0	10216
16994	9642	105	65	298	0	10110
16995	316	9239	72	161	0	9788
16996	165	9235	71	152	0	9623
16997	116	10060	79	142	0	10397
16998	10150	281	52	147	0	10630
16999	7969	70	19	62	0	8120
17000	236	7717	38	44	0	8035
17001	8048	189	23	37	0	8297
17002	203	7688	47	42	0	7980
17003	75	205	14	7637	0	7931
17004	68	6376	27	177	0	6648
17005	5931	199	12	81	0	6223
17006	6068	74	12	44	0	6198
17007	242	58	12	5897	0	6209
17008	5995	49	22	181	0	6247
17009	198	58	20	5875	0	6151
17010	97	5702	26	192	0	6017
17011	55	197	13	5834	0	6099
17012	66	5659	20	195	0	5940
17013	5952	180	13	88	0	6233
17014	210	82	5602	57	0	5951
17015	4953	42	885	78	0	5958
17016	111	33	6	5083	0	5233
17017	30	30	4904	120	0	5084
17018	4872	30	84	33	0	5019
17019	116	30	4914	33	0	5093
17020	39	20	97	4858	0	5014
17021	40	17	18	5069	0	5144
17022	33	17	21	4142	0	4213
17023	25	16	20	4075	0	4136
17024	25	3809	22	123	0	3979
17025	36	99	23	4073	0	4231
17026	4037	22	25	121	0	4205
17027	123	27	3848	46	0	4044
17028	31	3803	90	67	0	3991
17029	4029	99	20	53	0	4201
17030	4077	32	7	51	0	4167
17031	113	28	16	5762	0	5919
17032	44	38	5543	213	0	5838
17033	36	26	183	5682	0	5927
17034	37	31	92	5950	0	6110
17035	42	39	5565	297	0	5943
17036	45	6158	196	150	0	6549
17037	6537	238	106	74	0	6955
17038	6458	114	49	73	0	6694
17039	6632	51	53	77	0	6813
17040	379	55	44	6424	0	6902
17041	187	36	40	8298	0	8561
17042	9296	37	41	565	0	9939
17043	591	49	28	8420	0	9088
17044	236	8778	42	535	0	9591
17045	9253	489	19	236	0	9997
17046	9288	167	29	132	0	9616
17047	11002	65	37	126	0	11230
17048	11347	70	23	110	0	11550
17049	845	66	10109	105	0	11125
17050	367	77	11961	111	0	12516
17051	263	61	657	11432	0	12413
17052	222	65	208	12559	0	13054
17053	200	77	11699	743	0	12719
17054	239	70	12053	258	0	12620
17055	226	41	695	13283	0	14245
17056	13237	38	284	669	0	14228
17057	685	39	190	13263	0	14177
17058	297	48	12733	728	0	13806
17059	197	12056	645	340	0	13238
17060	12163	540	281	244	0	13228
17061	12574	202	196	255	0	13227
17062	12884	105	205	193	0	13387
17063	13188	80	191	176	0	13635
17064	963	76	12673	204	0	13916
17065	453	73	634	13216	0	14376
17066	13401	75	299	712	0	14487
17067	767	71	233	13464	0	14535
17068	412	79	227	12977	0	13695
17069	333	12990	147	830	0	14300
17070	337	538	145	13613	0	14633
17071	13257	196	165	771	0	14389
17072	775	13012	179	425	0	14391
17073	13291	624	173	297	0	14385
17074	807	13137	134	308	0	14386
17075	464	660	97	12436	0	13657
17076	316	12563	143	726	0	13748
17077	307	13543	136	366	0	14352
17078	13475	811	118	278	0	14682
17079	856	347	12848	256	0	14307
17080	431	203	12236	259	0	13129
17081	322	193	12253	230	0	12998
17082	11430	198	737	278	0	12643
17083	644	12023	351	272	0	13290
17084	368	11685	211	245	0	12509
17085	11028	767	175	240	0	12210
17086	706	10410	155	191	0	11462
17087	400	12963	173	155	0	13691
17088	319	758	179	13028	0	14284
17089	298	393	13485	633	0	14809
17090	279	300	13377	358	0	14314
17091	301	273	698	13482	0	14754
17092	13334	280	311	695	0	14620
17093	663	13286	244	359	0	14552
17094	457	690	224	13759	0	15130
17095	385	391	13240	663	0	14679
17096	341	290	13161	357	0	14149
17097	333	222	780	13123	0	14458
17098	13228	211	414	788	0	14641
17099	13580	211	296	436	0	14523
17100	946	243	12850	315	0	14354
17101	13027	292	644	301	0	14264
17102	837	307	12824	256	0	14224
17103	528	231	696	12030	0	13485
17104	447	12600	449	675	0	14171
17105	13505	617	385	349	0	14856
17106	807	344	314	14422	0	15887
17107	561	240	331	14373	0	15505
17108	478	221	316	14836	0	15851
17109	463	156	299	15076	0	15994
17110	423	193	14097	990	0	15703
17111	376	13799	800	546	0	15521
17112	341	630	505	14726	0	16202
17113	14284	334	371	860	0	15849
17114	870	225	289	15061	0	16445
17115	580	168	311	15316	0	16375
17116	410	224	14452	1051	0	16137
17117	371	242	14080	631	0	15324
17118	395	13800	891	519	0	15605
17119	375	14742	517	512	0	16146
17120	391	772	365	15101	0	16629
17121	14970	425	349	921	0	16665
17122	796	274	14381	639	0	16090
17123	539	14330	714	514	0	16097
17124	458	697	347	14254	0	15756
17125	408	14683	333	834	0	16258
17126	295	807	340	14432	0	15874
17127	298	14769	286	859	0	16212
17128	388	828	245	15312	0	16773
17129	14571	482	215	896	0	16164
17130	879	14547	208	589	0	16223
17131	340	613	190	13193	0	14336
17132	12499	300	209	742	0	13750
17133	511	12465	194	437	0	13607
17134	247	12417	172	372	0	13208
17135	229	12892	152	369	0	13642
17136	178	642	107	13280	0	14207
17137	153	341	120	13219	0	13833
17138	192	13042	112	634	0	13980
17139	208	575	126	13473	0	14382
17140	196	379	12694	548	0	13817
17141	109	11227	226	202	0	11764
17142	62	180	64	10048	0	10354
17143	62	9951	66	157	0	10236
17144	83	193	8934	110	0	9320
17145	98	9828	110	82	0	10118
17146	10098	151	84	98	0	10431
17147	15	6	0	8545	0	8566
17148	8573	1	1	18	0	8593
17149	16	24	8302	3	0	8345
17150	3	5	15	7162	0	7185
17151	8	7	7249	19	0	7283
17152	1	5	14	7139	0	7159
17153	7451	0	3	17	0	7471
17154	17	7	0	7214	0	7238
17155	6397	3	1	16	0	6417
17156	12	6217	8	8	0	6245
17157	6240	15	1	3	0	6259
17158	19	8	6156	3	0	6186
17159	5	5964	25	6	0	6000
17160	0	18	8	6261	0	6287
17161	0	5	0	6359	0	6364
17162	4	18	6147	24	0	6193
17163	1	5928	27	13	0	5969
17164	2	20	5	5517	0	5544
17165	1	5413	9	21	0	5444
17166	4	22	6	5523	0	5555
17167	0	5448	10	16	0	5474
17168	5445	18	5	9	0	5477
17169	14	12	2	5508	0	5536
17170	9	16	5394	17	0	5436
17171	3	5094	27	13	0	5137
17172	4	5334	17	10	0	5365
17173	14	30	5149	5	0	5198
17174	6	5174	31	7	0	5218
17175	1	17	8	5419	0	5445
17176	5	13	5663	22	0	5703
17177	2	6	21	5490	0	5519
17178	5	8	3	5821	0	5837
17179	9	7	5683	24	0	5723
17180	4958	15	25	14	0	5012
17181	21	7	6	6787	0	6821
17182	17	21	7035	134	0	7207
17183	5	6878	124	18	0	7025
17184	7272	130	11	11	0	7424
17185	126	6953	25	15	0	7119
17186	8	125	9	7334	0	7476
17187	5380	18	9	134	0	5541
17188	130	17	10	5342	0	5499
17189	8	16	4594	149	0	4767
17190	11	7	128	4595	0	4741
17191	6	24	4573	137	0	4740
17192	4523	18	125	28	0	4694
17193	148	19	4559	20	0	4746
17194	4578	12	121	24	0	4735
17195	4705	17	15	20	0	4757
17196	142	22	5119	21	0	5304
17197	21	26	4959	19	0	5025
17198	13	4934	139	18	0	5104
17199	5320	138	23	24	0	5505
17200	136	27	17	5800	0	5980
17201	24	14	14	5937	0	5989
17202	6335	20	18	172	0	6545
17203	6351	22	13	47	0	6433
17204	6364	14	30	39	0	6447
17205	6401	21	32	28	0	6482
17206	154	24	20	5206	0	5404
17207	5169	31	17	175	0	5392
17208	151	24	18	6271	0	6464
17209	28	29	23	6305	0	6385
17210	30	31	18	6437	0	6516
17211	30	36	6023	167	0	6256
17212	33	5739	132	55	0	5959
17213	34	6019	32	38	0	6123
17214	27	150	29	5888	0	6094
17215	5852	28	41	164	0	6085
17216	152	41	25	5865	0	6083
17217	5924	13	19	189	0	6145
17218	173	35	5635	47	0	5890
17219	5668	19	137	68	0	5892
17220	180	18	24	6528	0	6750
17221	6570	30	30	182	0	6812
17222	6606	32	48	35	0	6721
17223	8046	22	36	56	0	8160
17224	163	37	43	7914	0	8157
17225	63	35	7639	186	0	7923
17226	42	30	153	7767	0	7992
17227	8354	26	42	173	0	8595
17228	235	50	9300	35	0	9620
17229	56	46	198	9375	0	9675
17230	9809	28	66	223	0	10126
17231	215	45	9662	86	0	10008
17232	9806	29	180	59	0	10074
17233	10320	20	50	64	0	10454
17234	238	19	32	10089	0	10378
17235	101	11	54	10777	0	10943
17236	9685	3	19	192	0	9899
17237	203	8	18	9599	0	9828
17238	9611	3	16	185	0	9815
17239	181	9281	25	86	0	9573
17240	61	10066	43	48	0	10218
17241	33	187	17	10542	0	10779
17242	37	53	10188	193	0	10471
17243	34	9860	166	76	0	10136
17244	10373	163	39	47	0	10622
17245	164	9854	37	50	0	10105
17246	69	199	10359	23	0	10650
17247	49	32	145	9989	0	10215
17248	72	31	10454	195	0	10752
17249	26	12090	201	86	0	12403
17250	53	164	38	12792	0	13047
17251	23	12043	81	188	0	12335
17252	55	190	12433	50	0	12728
17253	33	39	158	12235	0	12465
17254	59	28	12698	195	0	12980
17255	44	24	182	12459	0	12709
17256	13007	23	46	196	0	13272
17257	185	31	13273	78	0	13567
17258	12962	11	177	43	0	13193
17259	209	24	13396	58	0	13687
17260	74	11	167	13294	0	13546
17261	63	14	13472	186	0	13735
17262	47	14	183	13351	0	13595
17263	52	4	44	13689	0	13789
17264	44	8	51	13547	0	13650
17265	61	18	17	13707	0	13803
17266	79	18	14103	223	0	14423
17267	15005	12	165	98	0	15280
17268	183	14	46	16892	0	17135
17269	16664	13	39	214	0	16930
17270	16661	12	19	86	0	16778
17271	16866	18	24	46	0	16954
17272	227	21	27	17509	0	17784
17273	71	37	19	19039	0	19166
17274	47	22598	76	323	0	23044
17275	25467	513	37	133	0	26150
17276	26012	237	30	104	0	26383
17277	26053	171	26	49	0	26299
17278	1085	138	25264	53	0	26540
17279	576	64	629	25492	0	26761
17280	368	64	25308	703	0	26443
17281	24120	15	666	292	0	25093
17282	24643	12	355	203	0	25213
17283	801	21	229	24109	0	25160
17284	487	46	109	23413	0	24055
17285	308	23561	130	690	0	24689
17286	24556	514	24	420	0	25514
17287	24712	268	45	254	0	25279
17288	858	23755	70	198	0	24881
17289	24882	578	63	112	0	25635
17290	832	340	50	24219	0	25441
17291	498	202	55	24740	0	25495
17292	24981	104	36	812	0	25933
17293	733	133	23817	509	0	25192
17294	24555	35	513	349	0	25452
17295	25078	53	270	245	0	25646
17296	909	24267	231	160	0	25567
17297	26349	549	102	73	0	27073
17298	975	325	24974	71	0	26345
17299	619	232	518	25349	0	26718
17300	25471	142	306	587	0	26506
17301	778	98	243	25233	0	26352
17302	489	77	24055	822	0	25443
17303	350	50	660	24672	0	25732
17304	293	27287	420	830	0	28830
17305	272	564	230	29254	0	30320
17306	174	319	129	28813	0	29435
17307	166	227	101	29228	0	29722
17308	134	175	53	28860	0	29222
17309	170	175	26886	1251	0	28482
17310	194	79	579	28134	0	28986
17311	27634	113	314	1039	0	29100
17312	736	26561	276	628	0	28201
17313	423	601	141	28280	0	29445
17314	333	392	27199	873	0	28797
17315	271	245	613	27779	0	28908
17316	27871	159	390	952	0	29372
17317	28043	120	257	597	0	29017
17318	27999	75	172	446	0	28692
17319	1272	110	180	27862	0	29424
17320	859	136	26438	819	0	28252
17321	597	26327	741	539	0	28204
17322	28045	641	406	441	0	29533
17323	939	384	286	26653	0	28262
17324	570	270	222	27865	0	28927
17325	480	187	26555	1150	0	28372
17326	398	25482	723	781	0	27384
17327	376	26582	427	527	0	27912
17328	328	904	266	26787	0	28285
17329	313	561	25864	920	0	27658
17330	24908	392	704	612	0	26616
17331	866	310	24916	500	0	26592
17332	24073	184	810	413	0	25480
17333	993	24740	495	456	0	26684
17334	691	664	25118	311	0	26784
17335	24163	423	727	282	0	25595
17336	922	24373	508	283	0	26086
17337	27226	751	325	252	0	28554
17338	1068	545	26298	243	0	28154
17339	750	25628	763	299	0	27440
17340	27779	715	435	243	0	29172
17341	1036	488	26379	260	0	28163
17342	27257	306	753	291	0	28607
17343	1056	229	563	27089	0	28937
17344	27812	266	379	769	0	29226
17345	1147	178	264	27409	0	28998
17346	28253	165	229	1027	0	29674
17347	1100	208	26693	714	0	28715
17348	617	162	758	27402	0	28939
17349	503	190	461	26326	0	27480
17350	333	249	24752	1241	0	26575
17351	344	166	813	25384	0	26707
17352	277	27672	725	1160	0	29834
17353	292	671	345	31427	0	32735
17354	261	398	287	32468	0	33414
17355	285	334	249	34034	0	34902
17356	304	282	31720	1538	0	33844
17357	30527	187	809	1016	0	32539
17358	963	158	499	33881	0	35501
17359	651	206	32431	1250	0	34538
17360	34063	130	953	806	0	35952
17361	35977	154	601	626	0	37358
17362	36687	208	376	481	0	37752
17363	1770	169	304	35274	0	37517
17364	1057	144	308	38210	0	39719
17365	775	154	237	37007	0	38173
17366	521	35404	253	2004	0	38182
17367	35252	1080	250	1142	0	37724
17368	35586	586	243	850	0	37265
17369	1760	391	210	35512	0	37873
17370	1064	322	33983	1482	0	36851
17371	758	296	33869	941	0	35864
17372	587	32020	1687	744	0	35038
17373	409	31894	835	517	0	33655
17374	25868	1884	241	246	0	28239
17375	678	25506	180	206	0	26570
17376	26051	644	97	123	0	26915
17377	25988	289	80	152	0	26509
17378	25735	167	76	153	0	26131
17379	986	120	98	26143	0	27347
17380	507	110	70	27233	0	27920
17381	27909	119	78	1013	0	29119
17382	962	108	61	28061	0	29192
17383	457	157	27695	1003	0	29312
17384	29430	110	789	444	0	30773
17385	1065	117	315	30463	0	31960
17386	531	111	186	31085	0	31913
17387	351	107	123	32059	0	32640
17388	268	148	29880	1392	0	31688
17389	29038	111	888	664	0	30701
17390	1136	146	30742	422	0	32446
17391	527	103	1047	30975	0	32652
17392	400	137	30787	1132	0	32456
17393	305	99	1084	30018	0	31506
17394	270	76	444	31315	0	32105
17395	276	118	29709	1449	0	31552
17396	273	118	1015	27207	0	28613
17397	248	28229	477	1197	0	30151
17398	29127	902	276	596	0	30901
17399	29503	332	217	460	0	30512
17400	1334	184	201	29362	0	31081
17401	634	159	28305	1255	0	30353
17402	416	27139	1048	678	0	29281
17403	296	30502	432	479	0	31709
17404	28649	1067	297	387	0	30400
17405	1065	462	27382	377	0	29286
17406	28033	245	992	358	0	29628
17407	1190	145	417	27818	0	29570
17408	517	133	283	28789	0	29722
17409	28375	122	274	1435	0	30206
17410	1075	27175	262	1248	0	29760
17411	538	914	27617	538	0	29607
17412	412	363	989	26996	0	28760
17413	338	285	27733	1238	0	29594
17414	304	27268	1125	647	0	29344
17415	322	944	467	28800	0	30533
17416	28499	374	352	1236	0	30461
17417	28084	274	280	662	0	29300
17418	1345	221	28077	529	0	30172
17419	632	27804	1088	419	0	29943
17420	28974	1001	465	369	0	30809
17421	1197	28135	388	451	0	30171
17422	606	1076	317	28610	0	30609
17423	28653	489	297	1190	0	30629
17424	1205	349	268	28478	0	30300
17425	660	313	27476	1372	0	29821
17426	522	246	1007	28167	0	29942
17427	466	293	27615	1351	0	29725
17428	465	268	1152	27150	0	29035
17429	27318	231	576	1397	0	29522
17430	1194	26553	431	823	0	29001
17431	27673	1024	386	601	0	29684
17432	1257	479	323	27123	0	29182
17433	616	383	300	28217	0	29516
17434	550	337	26625	1540	0	29052
17435	485	313	26983	835	0	28616
17436	386	28553	1432	687	0	31058
17437	472	1264	27778	532	0	30046
17438	25232	539	1372	535	0	27678
17439	1357	26697	675	539	0	29268
17440	655	27782	559	932	0	29928
17441	544	28875	451	489	0	30359
17442	455	1823	347	27857	0	30482
17443	487	852	26785	1515	0	29639
17444	423	27327	1373	767	0	29890
17445	463	1458	588	25608	0	28117
17446	387	27110	463	1388	0	29348
17447	27396	1495	341	750	0	29982
17448	28223	624	334	646	0	29827
17449	1661	511	368	27333	0	29873
17450	750	407	374	28594	0	30125
17451	25954	337	306	1847	0	28444
17452	1306	21589	370	928	0	24193
17453	649	23146	345	649	0	24789
17454	451	1503	225	21408	0	23587
17455	394	693	20006	1391	0	22484
17456	357	20895	1155	689	0	23096
17457	19927	1256	504	508	0	22195
17458	1111	19213	404	397	0	21125
17459	494	20393	305	374	0	21566
17460	17619	1256	190	247	0	19312
17461	937	17233	178	270	0	18618
17462	446	1182	17371	229	0	19228
17463	309	18567	852	285	0	20013
17464	16448	870	223	179	0	17720
17465	699	16354	209	199	0	17461
17466	16543	894	175	146	0	17758
17467	830	357	112	16265	0	17564
17468	299	303	127	17083	0	17812
17469	243	277	15534	896	0	16950
17470	237	15715	653	364	0	16969
17471	188	779	201	17726	0	18894
17472	17356	343	152	905	0	18756
17473	17862	245	163	392	0	18662
17474	934	17018	183	335	0	18470
17475	411	868	138	17617	0	19034
17476	17534	375	175	828	0	18912
17477	18110	325	110	350	0	18895
17478	1015	289	16687	308	0	18299
17479	452	251	15152	156	0	16011
17480	328	277	15307	153	0	16065
17481	150	14342	670	112	0	15274
17482	13550	577	1376	137	0	15640
17483	526	13426	176	56	0	14184
17484	12854	510	84	47	0	13495
17485	494	13972	95	52	0	14613
17486	199	528	58	14210	0	14995
17487	15093	233	51	439	0	15816
17488	537	206	15180	162	0	16085
17489	14798	124	373	109	0	15404
17490	15656	93	149	73	0	15971
17491	587	15795	138	59	0	16579
17492	279	16904	114	51	0	17348
17493	18005	524	39	56	0	18624
17494	576	284	16933	37	0	17830
17495	17320	204	443	51	0	18018
17496	18053	129	157	78	0	18417
17497	751	97	129	17507	0	18484
17498	18011	151	76	466	0	18704
17499	657	145	47	19732	0	20581
17500	305	106	67	20096	0	20574
17501	238	88	60	20031	0	20417
17502	231	18755	104	669	0	19759
17503	17816	520	89	334	0	18759
17504	18063	231	84	225	0	18603
17505	669	190	66	17659	0	18584
17506	348	155	53	17641	0	18197
17507	269	17095	82	608	0	18054
17508	17829	527	54	324	0	18734
17509	606	264	16551	223	0	17644
17510	337	208	436	17070	0	18051
17511	290	182	16999	549	0	18020
17512	211	140	523	17297	0	18171
17513	157	130	17202	640	0	18129
17514	206	91	540	17063	0	17900
17515	17421	110	255	596	0	18382
17516	583	166	16736	279	0	17764
17517	16457	133	519	212	0	17321
17518	650	15516	259	159	0	16584
17519	334	518	174	16226	0	17252
17520	287	268	106	16746	0	17407
17521	16515	182	62	677	0	17436
17522	608	175	73	16498	0	17354
17523	362	123	16418	674	0	17577
17524	16683	119	422	345	0	17569
17525	17646	90	179	286	0	18201
17526	17713	90	171	236	0	18210
17527	17788	102	104	168	0	18162
17528	894	16381	123	129	0	17527
17529	456	501	108	17476	0	18541
17530	17621	223	69	594	0	18507
17531	704	165	84	17455	0	18408
17532	17594	150	95	633	0	18472
17533	771	136	16671	296	0	17874
17534	365	91	15756	258	0	16470
17535	286	1931	503	13196	0	15916
17536	196	13250	219	342	0	14007
17537	137	13996	150	258	0	14541
17538	14151	328	109	200	0	14788
17539	399	155	13882	169	0	14605
17540	11935	101	186	134	0	12356
17541	316	12555	178	104	0	13153
17542	14467	202	88	98	0	14855
17543	325	149	70	14096	0	14640
17544	234	93	13936	286	0	14549
17545	164	112	174	13878	0	14328
17546	184	79	104	14015	0	14382
17547	137	13280	131	353	0	13901
17548	110	15171	153	210	0	15644
17549	164	242	85	15534	0	16025
17550	150	15018	85	271	0	15524
17551	165	258	14678	176	0	15277
17552	139	171	14324	142	0	14776
17553	13383	124	285	186	0	13978
17554	15120	75	186	153	0	15534
17555	346	13920	141	134	0	14541
17556	234	228	97	14460	0	15019
17557	208	128	81	14794	0	15211
17558	171	90	14260	332	0	14853
17559	99	94	236	13566	0	13995
17560	93	13650	133	357	0	14233
17561	89	272	13854	208	0	14423
17562	138	170	12820	127	0	13255
17563	155	11626	356	142	0	12279
17564	143	228	12730	93	0	13194
17565	152	154	256	12329	0	12891
17566	125	136	174	12108	0	12543
17567	136	90	12894	337	0	13457
17568	139	63	236	12524	0	12962
17569	111	11908	209	338	0	12566
17570	104	14137	147	262	0	14650
17571	70	306	56	13353	0	13785
17572	72	139	12767	319	0	13297
17573	67	12262	308	157	0	12794
17574	54	285	112	14046	0	14497
17575	65	125	13426	330	0	13946
17576	13250	103	304	148	0	13805
17577	14373	73	128	120	0	14694
17578	14657	61	86	68	0	14872
17579	438	56	65	13918	0	14477
17580	215	38	65	14542	0	14860
17581	165	63	15542	356	0	16126
17582	78	71	282	14998	0	15429
17583	74	53	95	16144	0	16366
17584	63	61	15407	409	0	15940
17585	11372	46	310	227	0	11955
17586	270	12773	167	180	0	13390
17587	12873	194	50	25	0	13142
17588	237	12781	50	27	0	13095
17589	71	237	12	13220	0	13540
17590	63	87	13177	199	0	13526
17591	31	74	173	11613	0	11891
17592	11	88	12106	253	0	12458
17593	9354	38	219	144	0	9755
17594	147	29	11631	81	0	11888
17595	39	72	205	10730	0	11046
17596	60	21	11454	227	0	11762
17597	51	11887	303	65	0	12306
17598	111	151	54	12784	0	13100
17599	104	55	42	11663	0	11864
17600	88	65	22	11823	0	11998
17601	23	34	11447	357	0	11861
17602	8	36	11143	215	0	11402
17603	8	26	273	11521	0	11828
17604	22	15	131	14448	0	14616
17605	45	19	83	15082	0	15229
17606	15693	20	105	471	0	16289
17607	498	29	41	16923	0	17491
17608	218	124	19281	617	0	20240
17609	19720	41	596	265	0	20622
17610	662	74	239	20892	0	21867
17611	21022	27	150	802	0	22001
17612	21198	8	142	348	0	21696
17613	928	15	97	22965	0	24005
17614	22955	14	136	762	0	23867
17615	23210	22	76	328	0	23636
17616	1022	75	22346	192	0	23635
17617	425	23288	708	188	0	24609
17618	243	693	309	23653	0	24898
17619	149	303	157	25488	0	26097
17620	24936	135	95	1028	0	26194
17621	24910	64	104	533	0	25611
17622	25181	52	105	325	0	25663
17623	1097	62	22643	205	0	24007
17624	510	22801	779	179	0	24269
17625	23944	671	297	209	0	25121
17626	829	23565	185	214	0	24793
17627	24089	797	120	242	0	25248
17628	949	308	97	23893	0	25247
17629	24036	172	106	869	0	25183
17630	24200	77	156	419	0	24852
17631	24436	64	94	273	0	24867
17632	1224	73	22720	262	0	24279
17633	23297	55	696	201	0	24249
17634	1049	22992	292	195	0	24528
17635	26098	693	167	234	0	27192
17636	26269	304	132	142	0	26847
17637	26554	195	127	163	0	27039
17638	1385	131	150	24517	0	26183
17639	708	24871	121	860	0	26560
17640	25810	805	74	466	0	27155
17641	1188	384	24450	347	0	26369
17642	742	23728	823	216	0	25509
17643	584	881	336	21831	0	23632
17644	492	24223	275	640	0	25630
17645	24678	987	196	314	0	26175
17646	25000	523	129	240	0	25892
17647	1389	292	83	24443	0	26207
17648	736	260	22193	951	0	24140
17649	585	22399	809	485	0	24278
17650	618	938	500	17788	0	19844
17651	508	416	231	22951	0	24106
17652	432	251	183	24769	0	25635
17653	24435	210	141	1216	0	26002
17654	24902	182	161	560	0	25805
17655	25171	197	112	326	0	25806
17656	25511	233	89	227	0	26060
17657	1654	163	110	24285	0	26212
17658	920	220	25500	1061	0	27701
17659	653	175	830	26559	0	28217
17660	520	156	348	27252	0	28276
17661	481	193	249	27485	0	28408
17662	622	168	203	27854	0	28847
17663	27034	164	242	1614	0	29054
17664	1320	243	265	27282	0	29110
17665	27253	162	207	1447	0	29069
17666	27927	205	228	871	0	29231
17667	1933	163	26063	626	0	28785
17668	1276	176	25742	599	0	27793
17669	1057	205	27726	657	0	29645
17670	857	116	1076	25948	0	27997
17671	807	147	26010	1098	0	28062
17672	715	170	1030	26083	0	27998
17673	702	270	496	27011	0	28479
17674	26012	187	390	1387	0	27976
17675	1293	258	263	25446	0	27260
17676	951	25248	280	1244	0	27723
17677	26772	820	235	831	0	28658
17678	1408	27196	309	621	0	29534
17679	995	950	27099	489	0	29533
17680	767	27503	938	451	0	29659
17681	26832	1080	532	383	0	28827
17682	1336	770	321	26465	0	28892
17683	1012	495	25704	1071	0	28282
17684	26639	399	861	706	0	28605
17685	1615	326	402	26761	0	29104
17686	1135	284	25882	1152	0	28453
17687	987	202	967	26481	0	28637
17688	829	217	621	25421	0	27088
17689	896	221	403	25451	0	26971
17690	713	24862	391	1372	0	27338
17691	25877	949	289	764	0	27879
17692	1495	556	228	25048	0	27327
17693	1105	24751	210	1141	0	27207
17694	937	1015	149	25856	0	27957
17695	888	663	24344	1254	0	27149
17696	802	24668	918	796	0	27184
17697	24481	1073	587	575	0	26716
17698	25047	755	400	526	0	26728
17699	1451	505	379	23543	0	25878
17700	913	535	335	24743	0	26526
17701	24419	372	282	1475	0	26548
17702	23818	403	291	898	0	25410
17703	1543	23577	307	835	0	26262
17704	21475	780	229	510	0	22994
17705	1197	446	20528	530	0	22701
17706	568	275	19487	403	0	20733
17707	365	17756	680	340	0	19141
17708	174	15190	252	228	0	15844
17709	14841	472	387	172	0	15872
17710	331	14330	132	162	0	14955
17711	14573	361	103	144	0	15181
17712	14442	218	98	124	0	14882
17713	12782	144	92	151	0	13169
17714	512	110	102	12515	0	13239
17715	12923	95	107	331	0	13456
17716	445	123	11624	241	0	12433
17717	292	79	10700	203	0	11274
17718	211	10198	389	207	0	11005
17719	177	284	11325	187	0	11973
17720	178	157	342	10932	0	11609
17721	167	117	11393	381	0	12058
17722	168	112	11253	269	0	11802
17723	154	116	406	11424	0	12100
17724	11560	115	241	359	0	12275
17725	11628	118	196	235	0	12177
17726	486	130	11216	165	0	11997
17727	11297	119	300	182	0	11898
17728	437	94	11279	147	0	11957
17729	11261	88	403	143	0	11895
17730	12347	78	241	140	0	12806
17731	531	83	172	12001	0	12787
17732	335	67	158	11868	0	12428
17733	261	11361	153	494	0	12269
17734	199	12027	167	340	0	12733
17735	112	206	43	10243	0	10604
17736	109	111	43	10384	0	10647
17737	10235	66	45	247	0	10593
17738	206	9872	77	161	0	10316
17739	10954	188	77	95	0	11314
17740	198	10736	103	80	0	11117
17741	120	252	10761	58	0	11191
17742	133	127	186	10856	0	11302
17743	10831	85	87	233	0	11236
17744	10693	59	70	125	0	10947
17745	300	11235	76	109	0	11720
17746	176	11339	86	105	0	11706
17747	151	11650	87	96	0	11984
17748	126	285	49	12935	0	13395
17749	152	154	13148	390	0	13844
17750	130	12523	342	140	0	13135
17751	93	342	143	12380	0	12958
17752	96	161	80	13816	0	14153
17753	78	125	13182	469	0	13854
17754	98	110	13014	183	0	13405
17755	13374	91	398	118	0	13981
17756	416	100	13539	77	0	14132
17757	13529	97	370	83	0	14079
17758	11864	77	150	95	0	12186
17759	11993	68	108	101	0	12270
17760	12008	72	78	77	0	12235
17761	541	135	10797	75	0	11548
17762	253	11147	353	65	0	11818
17763	201	384	148	11574	0	12307
17764	153	202	11230	394	0	11979
17765	179	92	384	10909	0	11564
17766	144	10836	234	407	0	11621
17767	145	388	130	11525	0	12188
17768	157	188	95	11763	0	12203
17769	170	120	114	10883	0	11287
17770	10469	114	109	508	0	11200
17771	450	118	112	10578	0	11258
17772	250	89	112	10768	0	11219
17773	168	78	158	10638	0	11042
17774	158	10201	157	515	0	11031
17775	10272	402	133	254	0	11061
17776	449	9297	143	209	0	10098
17777	187	8641	119	139	0	9086
17778	160	425	108	7850	0	8543
17779	153	167	105	9044	0	9469
17780	8741	95	115	501	0	9452
17781	467	70	99	9804	0	10440
17782	11462	74	96	496	0	12128
17783	16008	86	91	227	0	16412
17784	862	100	111	15799	0	16872
17785	409	104	108	15688	0	16309
17786	228	15660	128	1024	0	17040
17787	15536	700	122	510	0	16868
17788	761	16227	117	322	0	17427
17789	16251	781	123	213	0	17368
17790	897	427	14893	227	0	16444
17791	15832	196	671	215	0	16914
17792	16321	141	334	210	0	17006
17793	1119	124	176	15950	0	17369
17794	584	186	14879	841	0	16490
17795	341	15354	716	477	0	16888
17796	272	762	338	16038	0	17410
17797	218	399	14289	807	0	15713
17798	203	195	682	15449	0	16529
17799	15060	133	330	907	0	16430
17800	813	163	14438	476	0	15890
17801	411	14911	695	325	0	16342
17802	245	15889	373	260	0	16767
17803	251	984	239	12616	0	14090
17804	201	16393	163	670	0	17427
17805	16429	841	158	371	0	17799
17806	16800	411	138	283	0	17632
17807	17345	241	112	229	0	17927
17808	1207	177	15607	207	0	17198
17809	16488	146	677	236	0	17547
17810	924	221	347	16060	0	17552
17811	500	184	182	16681	0	17547
17812	319	200	136	16912	0	17567
17813	286	196	147	17369	0	17998
17814	260	183	15659	1225	0	17327
17815	279	164	15913	651	0	17007
17816	284	184	16139	394	0	17001
17817	15768	119	997	369	0	17253
17818	872	15982	487	339	0	17680
17819	469	752	275	15561	0	17057
17820	15146	418	174	952	0	16690
17821	885	15130	184	600	0	16799
17822	535	16089	194	360	0	17178
17823	16541	1025	164	272	0	18002
17824	16891	522	214	233	0	17860
17825	1166	16390	201	223	0	17980
17826	661	834	154	15590	0	17239
17827	397	16439	163	889	0	17888
17828	16792	881	153	515	0	18341
17829	16709	508	138	355	0	17710
17830	16450	315	120	293	0	17178
17831	1202	15491	157	286	0	17136
17832	598	797	146	16180	0	17721
17833	430	478	15155	903	0	16966
17834	352	314	683	15988	0	17337
17835	326	245	343	16733	0	17647
17836	328	292	15142	1135	0	16897
17837	15548	251	688	653	0	17140
17838	909	261	389	16069	0	17628
17839	569	217	240	15011	0	16037
17840	443	14846	153	1083	0	16525
17841	15289	743	168	593	0	16793
17842	911	467	184	14711	0	16273
17843	572	14945	170	932	0	16619
17844	14798	784	188	639	0	16409
17845	860	14373	157	446	0	15836
17846	15150	865	158	353	0	16526
17847	1024	474	14468	361	0	16327
17848	570	269	13808	270	0	14917
17849	343	196	13170	235	0	13944
17850	292	13022	924	263	0	14501
17851	1340	705	431	10941	0	13417
17852	302	12092	221	588	0	13203
17853	12383	699	174	416	0	13672
17854	700	463	11937	312	0	13412
17855	11883	312	593	220	0	13008
17856	12473	271	398	184	0	13326
17857	939	223	277	11913	0	13352
17858	12359	224	200	594	0	13377
17859	834	193	213	12078	0	13318
17860	487	250	11436	699	0	12872
17861	11640	262	529	415	0	12846
17862	729	11540	343	289	0	12901
17863	495	618	214	12028	0	13355
17864	12774	400	169	594	0	13937
17865	784	239	159	12870	0	14052
17866	506	199	12020	787	0	13512
17867	355	151	593	12550	0	13649
17868	251	12288	371	805	0	13715
17869	12691	597	222	494	0	14004
17870	687	395	177	12845	0	14104
17871	12957	266	147	740	0	14110
17872	788	180	155	12928	0	14051
17873	470	163	158	12525	0	13316
17874	350	12478	161	860	0	13849
17875	12211	591	155	513	0	13470
17876	722	13112	137	377	0	14348
17877	478	726	162	12379	0	13745
17878	336	13089	139	679	0	14243
17879	12384	649	97	418	0	13548
17880	12323	404	92	338	0	13157
17881	11791	266	106	302	0	12465
17882	801	9532	100	205	0	10638
17883	19	4814	15	20	0	4868
17884	5017	104	4	11	0	5136
17885	96	4847	16	11	0	4970
17886	18	96	3	4996	0	5113
17887	20	19	4829	101	0	4969
17888	4403	10	61	10	0	4484
17889	4654	1	6	9	0	4670
17890	4683	3	2	6	0	4694
17891	81	4491	11	5	0	4588
17892	4641	72	2	7	0	4722
17893	83	18	4501	2	0	4604
17894	12	4361	76	5	0	4454
17895	4	81	5	4614	0	4704
17896	7	4543	9	71	0	4630
17897	4539	69	5	9	0	4622
17898	76	4591	6	9	0	4682
17899	11	75	5	4664	0	4755
17900	9	4145	13	72	0	4239
17901	9	73	7	4259	0	4348
17902	8	15	14	4264	0	4301
17903	8	18	4160	90	0	4276
17904	9	12	85	3353	0	3459
17905	3404	13	14	86	0	3517
17906	3456	13	7	13	0	3489
17907	96	14	7	3396	0	3513
17908	24	13	3381	81	0	3499
17909	25	6	76	3355	0	3462
17910	3427	11	11	85	0	3534
17911	3475	6	6	27	0	3514
17912	3446	6	6	17	0	3475
17913	89	3235	17	17	0	3358
17914	3451	72	14	19	0	3556
17915	94	18	3209	11	0	3332
17916	3318	19	78	16	0	3431
17917	90	11	23	3370	0	3494
17918	18	19	13	3445	0	3495
17919	23	14	6	3533	0	3576
17920	3464	12	17	103	0	3596
17921	3462	13	10	31	0	3516
17922	107	11	10	3427	0	3555
17923	37	15	2902	94	0	3048
17924	41	8	66	2875	0	2990
17925	20	8	14	3021	0	3063
17926	29	6	2903	103	0	3041
17927	22	2787	76	43	0	2928
17928	23	84	10	2980	0	3097
17929	2983	25	8	93	0	3109
17930	102	25	2	2936	0	3065
17931	26	21	1	3031	0	3079
17932	2994	15	10	102	0	3121
17933	95	2927	10	32	0	3064
17934	27	3031	9	21	0	3088
17935	3068	101	7	14	0	3190
17936	104	38	2969	17	0	3128
17937	2793	23	79	14	0	2909
17938	107	22	2987	19	0	3135
17939	39	4177	89	22	0	4327
17940	4532	84	19	29	0	4664
17941	4592	18	7	23	0	4640
17942	4571	25	8	15	0	4619
17943	4572	15	9	18	0	4614
17944	124	29	4365	6	0	4524
17945	46	19	72	4143	0	4280
17946	3952	24	20	86	0	4082
17947	115	21	4637	26	0	4799
17948	11	6	4618	4	0	4639
17949	5	4427	22	7	0	4461
17950	4851	9	7	2	0	4869
17951	8	5	4	4789	0	4806
17952	4857	3	1	7	0	4868
17953	11	4637	8	6	0	4662
17954	8	13	1	4834	0	4856
17955	2	10	0	4757	0	4769
17956	5	3	0	5223	0	5231
17957	2	8	5142	45	0	5197
17958	3	4899	45	19	0	4966
17959	6559	39	7	4	0	6609
17960	111	10	3	6588	0	6712
17961	6548	3	1	122	0	6674
17962	6557	1	3	35	0	6596
17963	154	2	3	6513	0	6672
17964	54	11	6067	129	0	6261
17965	33	2	110	6148	0	6293
17966	17	5974	46	132	0	6169
17967	14	104	16	6369	0	6503
17968	6	34	6811	140	0	6991
17969	6789	15	118	50	0	6972
17970	115	15	30	7011	0	7171
17971	7030	4	21	132	0	7187
17972	138	11	6781	39	0	6969
17973	6611	4	117	29	0	6761
17974	140	15	6764	15	0	6934
17975	6485	3	123	18	0	6629
17976	142	6126	57	9	0	6334
17977	47	6353	33	9	0	6442
17978	33	142	17	6457	0	6649
17979	23	46	5	6377	0	6451
17980	19	26	7	6572	0	6624
17981	6491	19	5	170	0	6685
17982	121	10	8	6536	0	6675
17983	40	11	6317	155	0	6523
17984	6086	6	114	65	0	6271
17985	124	6178	44	35	0	6381
17986	6506	119	20	30	0	6675
17987	6412	39	19	17	0	6487
17988	171	18	6384	16	0	6589
17989	62	17	125	6109	0	6313
17990	54	7	35	6521	0	6617
17991	35	11	6286	164	0	6496
17992	28	6023	139	66	0	6256
17993	6703	124	50	33	0	6910
17994	6696	42	21	40	0	6799
17995	161	33	23	7051	0	7268
17996	62	16	14	8043	0	8135
17997	38	17	12	8256	0	8323
17998	8596	12	9	212	0	8829
17999	154	8427	21	107	0	8709
18000	8777	164	11	49	0	9001
18001	8718	56	7	62	0	8843
18002	247	42	8428	27	0	8744
18003	109	26	160	8259	0	8554
18004	66	8307	78	163	0	8614
18005	59	155	34	8598	0	8846
18006	44	63	27	8788	0	8922
18007	48	47	8812	233	0	9140
18008	9471	29	195	115	0	9810
18009	10563	26	83	81	0	10753
18010	11183	20	42	77	0	11322
18011	390	30	28	11199	0	11647
18012	177	21	23	10993	0	11214
18013	101	10686	45	392	0	11224
18014	70	11000	48	189	0	11307
18015	11124	346	29	85	0	11584
18016	328	10849	46	86	0	11309
18017	156	318	10651	75	0	11200
18018	111	144	278	11070	0	11603
18019	11251	74	143	319	0	11787
18020	351	67	10762	161	0	11341
18021	178	85	10729	99	0	11091
18022	11017	41	391	72	0	11521
18023	10847	44	144	90	0	11125
18024	434	44	76	10677	0	11231
18025	230	47	10423	347	0	11047
18026	127	40	302	10729	0	11198
18027	142	49	10076	382	0	10649
18028	120	80	10146	197	0	10543
18029	102	10198	401	143	0	10844
18030	10614	308	178	93	0	11193
18031	10575	158	108	88	0	10929
18032	444	11374	116	86	0	12020
18033	215	327	83	11503	0	12128
18034	152	144	71	11630	0	11997
18035	130	83	62	12023	0	12298
18036	11633	54	77	484	0	12248
18037	356	11288	109	245	0	11998
18038	11839	304	69	157	0	12369
18039	10612	138	79	105	0	10934
18040	470	110	9928	100	0	10608
18041	246	10012	338	89	0	10685
18042	159	324	151	10359	0	10993
18043	128	162	10108	354	0	10752
18044	10115	90	317	202	0	10724
18045	10519	76	160	142	0	10897
18046	10534	71	90	120	0	10815
18047	9959	63	83	112	0	10217
18048	499	64	73	8981	0	9617
18049	270	83	8613	360	0	9326
18050	187	56	281	8991	0	9515
18051	8943	68	147	389	0	9547
18052	9033	61	104	217	0	9415
18053	452	9171	88	153	0	9864
18054	9618	302	90	102	0	10112
18055	439	169	9763	111	0	10482
18056	254	130	9320	70	0	9774
18057	9401	63	370	89	0	9923
18058	376	9444	186	108	0	10114
18059	174	167	53	8089	0	8483
18060	121	8095	51	207	0	8474
18061	109	196	46	8331	0	8682
18062	111	96	34	8405	0	8646
18063	102	71	35	8552	0	8760
18064	8034	50	52	299	0	8435
18065	8090	64	45	161	0	8360
18066	8209	53	56	83	0	8401
18067	330	60	7739	74	0	8203
18068	7053	54	198	64	0	7369
18069	280	40	126	7329	0	7775
18070	184	52	87	7481	0	7804
18071	151	45	7947	270	0	8413
18072	114	44	195	9904	0	10257
18073	10783	48	113	320	0	11264
18074	332	53	10415	205	0	11005
18075	180	49	271	10783	0	11283
18076	10779	29	158	339	0	11305
18077	10849	29	108	206	0	11192
18078	462	62	10431	132	0	11087
18079	276	65	10331	81	0	10753
18080	176	63	370	10609	0	11218
18081	10672	39	199	323	0	11233
18082	10738	58	128	174	0	11098
18083	435	54	88	9916	0	10493
18084	266	10288	87	300	0	10941
18085	10601	248	68	201	0	11118
18086	326	10395	88	161	0	10970
18087	221	294	75	10667	0	11257
18088	204	145	10396	336	0	11081
18089	154	104	10239	211	0	10708
18090	163	69	10596	126	0	10954
18091	141	50	436	10436	0	11063
18092	138	49	218	10944	0	11349
18093	10519	30	149	384	0	11082
18094	309	10298	133	246	0	10986
18095	10066	230	75	131	0	10502
18096	357	125	69	8588	0	9139
18097	218	8871	75	274	0	9438
18098	132	8642	77	145	0	8996
18099	99	301	44	8697	0	9141
18100	8512	161	48	275	0	8996
18101	290	9455	61	171	0	9977
18102	9558	230	55	123	0	9966
18103	299	9516	66	80	0	9961
18104	9756	277	71	69	0	10173
18105	336	139	9292	76	0	9843
18106	186	129	9214	59	0	9588
18107	118	8984	256	69	0	9427
18108	8240	183	103	44	0	8570
18109	172	7487	67	30	0	7756
18110	62	6658	39	29	0	6788
18111	63	144	30	6976	0	7213
18112	6942	88	35	96	0	7161
18113	122	6856	36	61	0	7075
18114	6899	99	35	44	0	7077
18115	146	6821	40	23	0	7030
18116	6854	135	32	25	0	7046
18117	136	6747	32	32	0	6947
18118	83	6903	22	37	0	7045
18119	79	140	13	6661	0	6893
18120	54	6833	26	95	0	7008
18121	6908	153	19	54	0	7134
18122	118	87	6665	55	0	6925
18123	85	79	94	6741	0	6999
18124	61	51	6789	110	0	7011
18125	32	38	142	6647	0	6859
18126	36	32	74	6973	0	7115
18127	39	37	6734	171	0	6981
18128	5999	20	133	142	0	6294
18129	142	6516	97	94	0	6849
18130	6892	98	75	90	0	7155
18131	183	6593	63	80	0	6919
18132	127	146	40	5789	0	6102
18133	5891	84	48	146	0	6169
18134	5846	82	64	81	0	6073
18135	5911	52	64	89	0	6116
18136	219	56	52	5739	0	6066
18137	171	51	41	5976	0	6239
18138	148	6920	57	176	0	7301
18139	7247	146	40	135	0	7568
18140	7313	105	40	86	0	7544
18141	7277	99	50	76	0	7502
18142	7333	82	45	79	0	7539
18143	240	6851	93	71	0	7255
18144	144	149	94	7248	0	7635
18145	113	108	7049	134	0	7404
18146	6913	92	156	107	0	7268
18147	7237	76	86	125	0	7524
18148	240	72	6969	77	0	7358
18149	176	90	6827	90	0	7183
18150	148	95	132	6775	0	7150
18151	109	109	91	7134	0	7443
18152	99	102	66	7312	0	7579
18153	6734	115	52	199	0	7100
18154	154	107	65	6816	0	7142
18155	110	83	5930	187	0	6310
18156	87	108	140	6066	0	6401
18157	87	92	5926	196	0	6301
18158	91	81	146	5897	0	6215
18159	107	82	75	6168	0	6432
18160	107	78	5920	188	0	6293
18161	5498	70	152	149	0	5869
18162	156	5767	124	110	0	6157
18163	6054	174	89	78	0	6395
18164	199	143	47	8469	0	8858
18165	8184	155	50	332	0	8721
18166	363	8525	48	197	0	9133
18167	228	9607	31	157	0	10023
18168	172	471	26	9646	0	10315
18169	166	303	9658	345	0	10472
18170	127	281	9637	172	0	10217
18171	151	9356	463	141	0	10111
18172	7266	306	136	55	0	7763
18173	260	96	86	6792	0	7234
18174	6826	63	56	272	0	7217
18175	303	6585	41	95	0	7024
18176	129	6983	28	71	0	7211
18177	78	353	18	6890	0	7339
18178	6837	155	20	281	0	7293
18179	7041	112	12	103	0	7268
18180	381	78	6678	77	0	7214
18181	167	62	6620	57	0	6906
18182	6703	27	328	34	0	7092
18183	325	6603	152	64	0	7144
18184	6978	280	116	24	0	7398
18185	347	135	63	6827	0	7372
18186	165	142	6508	277	0	7092
18187	6428	69	269	142	0	6908
18188	315	6432	151	90	0	6988
18189	131	6905	125	66	0	7227
18190	100	385	75	6579	0	7139
18191	6655	160	35	285	0	7135
18192	308	110	26	6674	0	7118
18193	6969	75	29	367	0	7440
18194	385	84	6336	154	0	6959
18195	6910	92	247	101	0	7350
18196	7308	58	96	103	0	7565
18197	483	51	6651	63	0	7248
18198	6845	32	300	44	0	7221
18199	422	7251	168	25	0	7866
18200	187	291	116	7375	0	7969
18201	156	6631	86	259	0	7132
18202	6840	369	40	100	0	7349
18203	387	155	23	6684	0	7249
18204	157	6471	57	345	0	7030
18205	114	318	65	6775	0	7272
18206	131	6438	35	350	0	6954
18207	65	368	24	6902	0	7359
18208	6779	168	15	370	0	7332
18209	310	111	28	6916	0	7365
18210	174	89	6513	383	0	7159
18211	9555	49	272	208	0	10084
18212	385	52	97	9670	0	10204
18213	159	63	9472	369	0	10063
18214	175	73	8922	162	0	9332
18215	143	60	9384	134	0	9721
18216	94	53	446	9164	0	9757
18217	115	51	200	9597	0	9963
18218	60	83	148	9757	0	10048
18219	54	61	96	9927	0	10138
18220	9676	68	66	502	0	10312
18221	9850	45	61	253	0	10209
18222	9908	45	47	205	0	10205
18223	9994	67	45	131	0	10237
18224	496	53	43	9665	0	10257
18225	263	96	9180	372	0	9911
18226	9410	56	263	214	0	9943
18227	9908	68	103	165	0	10244
18228	452	65	87	9598	0	10202
18229	235	49	103	9842	0	10229
18230	9836	40	81	436	0	10393
18231	418	40	84	9514	0	10056
18232	210	9158	101	416	0	9885
18233	9731	312	98	211	0	10352
18234	9529	138	94	169	0	9930
18235	486	98	9677	166	0	10427
18236	239	105	342	9709	0	10395
18237	185	80	144	10870	0	11279
18238	10303	66	113	527	0	11009
18239	10602	56	89	248	0	10995
18240	610	63	51	10379	0	11103
18241	344	54	9902	504	0	10804
18242	257	69	9853	207	0	10386
18243	197	40	465	10240	0	10942
18244	148	58	213	10645	0	11064
18245	10235	49	146	534	0	10964
18246	527	10276	114	283	0	11200
18247	214	10626	112	239	0	11191
18248	208	10947	75	188	0	11418
18249	197	518	72	10907	0	11694
18250	10837	257	67	457	0	11618
18251	10769	189	41	205	0	11204
18252	555	10600	46	187	0	11388
18253	11023	422	43	161	0	11649
18254	571	147	67	10915	0	11700
18255	225	144	10316	491	0	11176
18256	197	133	357	10550	0	11237
18257	224	79	102	10997	0	11402
18258	179	62	94	11189	0	11524
18259	10767	32	87	664	0	11550
18260	490	56	98	10620	0	11264
18261	192	10303	112	591	0	11198
18262	10416	397	71	278	0	11162
18263	523	10409	106	239	0	11277
18264	51	7935	40	76	0	8102
18265	59	7940	48	67	0	8114
18266	36	196	7099	71	0	7402
18267	34	6562	151	61	0	6808
18268	45	200	6551	57	0	6853
18269	6078	19	89	32	0	6218
18270	6326	19	10	31	0	6386
18271	120	21	6482	26	0	6649
18272	7134	24	92	23	0	7273
18273	7422	18	19	29	0	7488
18274	124	27	7055	33	0	7239
18275	32	6952	118	31	0	7133
18276	24	93	26	7474	0	7617
18277	7488	15	22	126	0	7651
18278	114	17	16	7424	0	7571
18279	7487	26	14	131	0	7658
18280	7436	26	9	53	0	7524
18281	134	32	7168	37	0	7371
18282	7226	26	82	40	0	7374
18283	113	7056	30	40	0	7239
18284	7503	114	9	32	0	7658
18285	129	34	8	7387	0	7558
18286	38	30	7333	118	0	7519
18287	37	36	90	8945	0	9108
18288	9016	32	25	120	0	9193
18289	118	7362	38	1353	0	8871
18290	34	119	8803	48	0	9004
18291	32	30	106	8552	0	8720
18292	42	36	8823	131	0	9032
18293	40	8391	118	52	0	8601
18294	9024	123	25	35	0	9207
18295	128	42	16	8909	0	9095
18296	41	35	8886	127	0	9089
18297	39	64	8275	25	0	8403
18298	8533	38	112	35	0	8718
18299	123	38	30	11094	0	11285
18300	38	34	28	10939	0	11039
18301	41	45	11123	117	0	11326
18302	52	36	10716	36	0	10840
18303	55	10888	132	41	0	11116
18304	63	109	35	11604	0	11811
18305	53	38	29	11364	0	11484
18306	59	9739	51	1363	0	11212
18307	58	127	11099	43	0	11327
18308	10454	37	116	31	0	10638
18309	128	39	23	11611	0	11801
18310	45	42	11536	133	0	11756
18311	42	34	105	8464	0	8645
18312	42	8307	56	131	0	8536
18313	51	123	8697	51	0	8922
18314	8430	30	105	50	0	8615
18315	147	47	8889	37	0	9120
18316	56	53	8765	31	0	8905
18317	55	50	8692	28	0	8825
18318	51	37	9890	42	0	10020
18319	48	37	132	9249	0	9466
18320	57	33	9928	138	0	10156
18321	38	43	121	9629	0	9831
18322	38	9529	62	139	0	9768
18323	10064	126	46	49	0	10285
18324	129	26	47	11621	0	11823
18325	42	50	11452	142	0	11686
18326	43	10830	153	65	0	11091
18327	26	123	36	11764	0	11949
18328	11673	38	39	128	0	11878
18329	123	11604	60	62	0	11849
18330	38	121	48	12301	0	12508
18331	12333	42	26	148	0	12549
18332	136	57	11847	41	0	12081
18333	10854	34	952	47	0	11887
18334	140	54	11894	37	0	12125
18335	10968	23	82	36	0	11109
18336	11285	15	35	36	0	11371
18337	66	21	10296	9	0	10392
18338	4	9202	35	8	0	9249
18339	6	12	4	9791	0	9813
18340	10	8	9781	12	0	9811
18341	6	7	12	9159	0	9184
18342	6	4	4	9527	0	9541
18343	8	6	9802	14	0	9830
18344	5	18	9449	6	0	9478
18345	3	9	14	9485	0	9511
18346	9304	1	10	13	0	9328
18347	10	8493	29	12	0	8544
18348	7	8646	25	13	0	8691
18349	9337	13	3	5	0	9358
18350	9181	5	9	3	0	9198
18351	9	4	2	12032	0	12047
18352	8	6	5	11851	0	11870
18353	4	3	6	12286	0	12299
18354	12264	3	3	21	0	12291
18355	13	11627	18	20	0	11678
18356	6	11729	17	10	0	11762
18357	2	20	7	12250	0	12279
18358	5	8	2	12106	0	12121
18359	3	9	8	12076	0	12096
18360	12326	2	3	21	0	12352
18361	13	11662	21	32	0	11728
18362	12272	10	4	14	0	12300
18363	19	21	11789	8	0	11837
18364	6	11398	31	13	0	11448
18365	6	16	8	12098	0	12128
18366	12199	6	7	19	0	12231
18367	18	21	11723	7	0	11769
18368	14	25	11283	9	0	11331
18369	9	12	25	11591	0	11637
18370	13	8	8	12254	0	12283
18371	7	4	9	11985	0	12005
18372	10	5	8	11157	0	11180
18373	8	13	8	11353	0	11382
18374	8	10720	27	25	0	10780
18375	5	15	8	11574	0	11602
18376	11562	9	8	18	0	11597
18377	13	10971	26	33	0	11043
18378	11089	15	14	18	0	11136
18379	20	27	11074	7	0	11128
18380	15	22	11882	18	0	11937
18381	16	10	32	14562	0	14620
18382	19	48	20564	58	0	20689
18383	12	13	391	20579	0	20995
18384	15	12	149	21055	0	21231
18385	22412	12	89	567	0	23080
18386	21656	33	29	262	0	21980
18387	640	20182	58	124	0	21004
18388	269	21157	49	47	0	21522
18389	117	662	10	21249	0	22038
18390	21064	276	21	512	0	21873
18391	506	151	21256	204	0	22117
18392	197	32	495	21229	0	21953
18393	121	22	201	22085	0	22429
18394	53	77	20762	709	0	21601
18395	27	20720	524	348	0	21619
18396	41	489	195	21713	0	22438
18397	61	240	21207	552	0	22060
18398	39	117	527	21670	0	22353
18399	18219	59	203	665	0	19146
18400	496	18050	153	285	0	18984
18401	228	18792	72	175	0	19267
18402	128	671	50	19908	0	20757
18403	19014	327	73	587	0	20001
18404	489	19059	103	347	0	19998
18405	19601	519	70	287	0	20477
18406	679	242	18951	219	0	20091
18407	321	196	18888	202	0	19607
18408	223	117	742	17389	0	18471
18409	177	115	341	19926	0	20559
18410	19558	143	180	839	0	20720
18411	705	174	84	19243	0	20206
18412	368	202	19104	768	0	20442
18413	248	200	582	18956	0	19986
18414	185	142	268	20512	0	21107
18415	180	180	18883	920	0	20163
18416	17804	177	676	534	0	19191
18417	597	126	336	20028	0	21087
18418	18648	87	245	822	0	19802
18419	650	18009	237	452	0	19348
18420	18393	621	164	367	0	19545
18421	671	17910	194	304	0	19079
18422	285	18453	210	284	0	19232
18423	214	818	135	18724	0	19891
18424	17108	433	95	762	0	18398
18425	17437	287	108	437	0	18269
18426	834	245	135	17298	0	18512
18427	17368	188	141	794	0	18491
18428	17268	169	164	470	0	18071
18429	968	185	157	16746	0	18056
18430	16494	145	186	750	0	17575
18431	828	16157	220	456	0	17661
18432	16761	641	194	376	0	17972
18433	795	345	15384	387	0	16911
18434	16333	228	607	385	0	17553
18435	812	142	361	18091	0	19406
18436	433	91	292	18646	0	19462
18437	310	112	224	18950	0	19596
18438	242	95	231	18922	0	19490
18439	228	134	204	18590	0	19156
18440	263	16635	240	1141	0	18279
18441	295	18085	219	640	0	19239
18442	18339	779	143	468	0	19729
18443	839	523	17370	312	0	19044
18444	17501	388	588	279	0	18756
18445	914	339	20356	307	0	21916
18446	553	324	635	19775	0	21287
18447	474	294	252	21323	0	22343
18448	20690	244	176	980	0	22090
18449	1017	213	20182	588	0	22000
18450	648	198	577	20710	0	22133
18451	485	239	19117	910	0	20751
18452	471	18913	685	624	0	20693
18453	480	610	311	20109	0	21510
18454	19867	300	255	892	0	21314
18455	18918	264	205	559	0	19946
18456	20027	226	183	492	0	20928
18457	1073	19423	252	438	0	21186
18458	601	20214	247	467	0	21529
18459	18511	789	255	511	0	20066
18460	746	19816	203	550	0	21315
18461	396	20213	182	600	0	21391
18462	335	868	19050	575	0	20828
18463	293	19535	620	486	0	20934
18464	279	20467	337	412	0	21495
18465	281	971	238	20259	0	21749
18466	352	594	19641	812	0	21399
18467	394	395	19275	475	0	20539
18468	19022	259	882	425	0	20588
18469	928	242	19469	298	0	20937
18470	20817	192	833	361	0	22203
18471	988	144	436	20240	0	21808
18472	604	20221	319	870	0	22014
18473	21494	673	247	516	0	22930
18474	23344	373	252	465	0	24434
18475	1020	286	259	22824	0	24389
18476	616	240	263	23069	0	24188
18477	472	207	245	23833	0	24757
18478	23029	220	209	1136	0	24594
18479	23605	235	148	624	0	24612
18480	22955	271	147	462	0	23835
18481	1019	18657	82	253	0	20011
18482	13781	120	15	46	0	13962
18483	170	13176	30	44	0	13420
18484	106	13458	23	53	0	13640
18485	7	25	1	12222	0	12255
18486	5	11785	9	17	0	11816
18487	12160	19	2	7	0	12188
18488	17	18	0	11938	0	11973
18489	12103	9	2	14	0	12128
18490	17	11485	11	15	0	11528
18491	12	10944	9	11	0	10976
18492	11771	22	0	2	0	11795
18493	16	11184	13	5	0	11218
18494	10	20	0	11483	0	11513
18495	8	13	0	11470	0	11491
18496	11679	8	1	19	0	11707
18497	14	5	1	11249	0	11269
18498	13	10	11469	17	0	11509
18499	5	9	13	11162	0	11189
18500	11671	1	7	20	0	11699
18501	12	10757	19	12	0	10800
18502	10936	16	1	9	0	10962
18503	10781	10	2	6	0	10799
18504	10433	7	3	7	0	10450
18505	29	19	10806	7	0	10861
18506	18	25	10175	8	0	10226
18507	10260	3	28	7	0	10298
18508	18	10384	42	7	0	10451
18509	11	18	5	11009	0	11043
18510	10	15	3	10918	0	10946
18511	2	10418	22	24	0	10466
18512	7	10346	14	11	0	10378
18513	4	24	0	10737	0	10765
18514	3	14	4	10528	0	10549
18515	4	23	10149	26	0	10202
18516	9	47	8676	25	0	8757
18517	9300	9	23	13	0	9345
18518	10214	5	14	7	0	10240
18519	21	10	9	10102	0	10142
18520	18	9	10349	15	0	10391
18521	9	8	15	9887	0	9919
18522	10131	1	14	22	0	10168
18523	24	10	10035	10	0	10079
18524	14	9	17	9779	0	9819
18525	11	17	10017	19	0	10064
18526	6	8722	72	16	0	8816
18527	17	30	9821	10	0	9878
18528	6	20	21	9383	0	9430
18529	10191	8	12	17	0	10228
18530	14	5	7	9886	0	9912
18531	10134	4	4	19	0	10161
18532	9947	7	8	15	0	9977
18533	9735	2	7	14	0	9758
18534	33	16	9543	5	0	9597
18535	8051	4	16	3	0	8074
18536	22	4	9	8298	0	8333
18537	12	5	6	8327	0	8350
18538	14	12	8422	20	0	8468
18539	9	10	15	7907	0	7941
18540	8518	3	5	20	0	8546
18541	20	7699	44	15	0	7778
18542	8511	13	3	12	0	8539
18543	8406	9	5	11	0	8431
18544	8300	7	6	8	0	8321
18545	30	7	1	5677	0	5715
18546	20	7	5787	16	0	5830
18547	12	6	14	6169	0	6201
18548	9	3	6	6364	0	6382
18549	6434	3	4	44	0	6485
18550	6015	7	6	24	0	6052
18551	40	8	5215	21	0	5284
18552	28	608	31	4361	0	5028
18553	24	20	5094	25	0	5163
18554	5002	10	42	12	0	5066
18555	60	5826	31	12	0	5929
18556	5778	37	8	4	0	5827
18557	52	5310	25	4	0	5391
18558	5749	51	1	2	0	5803
18559	54	5923	19	2	0	5998
18560	16	56	1	6237	0	6310
18561	17	22	3	6223	0	6265
18562	6324	20	2	51	0	6397
18563	6172	4	2	28	0	6206
18564	6630	4	2	24	0	6660
18565	6612	4	1	12	0	6629
18566	6654	2	6	6	0	6668
18567	77	12	2	6522	0	6613
18568	37	6235	14	37	0	6323
18569	25	48	1	6636	0	6710
18570	8	7406	22	57	0	7493
18571	7	57	1	7840	0	7905
18572	4	7545	12	61	0	7622
18573	8	57	0	7748	0	7813
18574	11	24	6260	56	0	6351
18575	5792	20	40	17	0	5869
18576	48	5998	39	19	0	6104
18577	6410	44	10	10	0	6474
18578	60	19	6141	10	0	6230
18579	5151	16	41	11	0	5219
18580	71	23	7894	4	0	7992
18581	18	6	283	7922	0	8229
18582	22	9381	51	283	0	9737
18583	16	361	9758	25	0	10160
18584	14	71	380	9785	0	10250
18585	9758	65	81	410	0	10314
18586	344	24	87	10011	0	10466
18587	75	15	26	10341	0	10457
18588	85	18	18	10513	0	10634
18589	48	21	9655	564	0	10288
18590	21	20	351	9781	0	10173
18591	29	10649	116	509	0	11303
18592	21	387	78	11278	0	11764
18593	32	88	33	11722	0	11875
18594	13822	82	23	530	0	14457
18595	551	31	31	15254	0	15867
18596	280	49	17496	750	0	18575
18597	215	68	17752	331	0	18366
18598	114	64	17910	277	0	18365
18599	72	17781	1244	154	0	19251
18600	18134	784	615	108	0	19641
18601	777	18257	435	103	0	19572
18602	18681	992	301	57	0	20031
18603	985	476	244	18416	0	20121
18604	487	332	18143	840	0	19802
18605	364	259	17185	432	0	18240
18606	242	17494	1171	293	0	19200
18607	192	930	587	17668	0	19377
18608	181	421	373	18516	0	19491
18609	120	313	248	19477	0	20158
18610	96	183	17913	1460	0	19652
18611	17367	159	946	795	0	19267
18612	852	180	18263	520	0	19815
18613	425	107	1129	17852	0	19513
18614	307	107	580	19197	0	20191
18615	207	103	17803	1394	0	19507
18616	17401	124	1056	772	0	19353
18617	969	17737	590	503	0	19799
18618	18574	891	444	359	0	20268
18619	1165	421	283	17774	0	19643
18620	549	18146	293	1034	0	20022
18621	428	956	246	19167	0	20797
18622	18820	511	209	1207	0	20747
18623	1018	398	173	19643	0	21232
18624	570	240	18507	1338	0	20655
18625	19022	204	881	765	0	20872
18626	20002	171	480	578	0	21231
18627	1340	176	18435	429	0	20380
18628	818	145	956	19281	0	21200
18629	19444	83	607	1167	0	21301
18630	1128	90	453	19439	0	21110
18631	698	102	314	19836	0	20950
18632	517	110	318	20178	0	21123
18633	398	105	234	20687	0	21424
18634	333	151	18530	1771	0	20785
18635	309	123	956	19916	0	21304
18636	249	133	18730	1594	0	20706
18637	18700	139	1152	917	0	20908
18638	19815	138	654	774	0	21381
18639	20173	123	519	550	0	21365
18640	20316	135	371	502	0	21324
18641	1650	147	359	19247	0	21403
18642	20781	103	336	1168	0	22388
18643	1551	142	20364	738	0	22795
18644	931	115	20548	541	0	22135
18645	20295	118	1316	480	0	22209
18646	1300	19625	841	428	0	22194
18647	721	20543	578	492	0	22334
18648	568	1222	415	20555	0	22760
18649	381	637	19893	1194	0	22105
18650	19583	423	1099	761	0	21866
18651	1156	330	20622	559	0	22667
18652	655	20071	1222	535	0	22483
18653	563	1001	20534	469	0	22567
18654	394	20277	1229	440	0	22340
18655	19332	1072	736	375	0	21515
18656	1090	19340	595	377	0	21402
18657	711	20243	455	302	0	21711
18658	553	1335	356	19964	0	22208
18659	436	792	18969	1081	0	21278
18660	425	528	992	19023	0	20968
18661	350	345	651	20297	0	21643
18662	381	377	18920	1515	0	21193
18663	315	305	1064	18656	0	20340
18664	300	18028	723	1320	0	20371
18665	319	885	499	19601	0	21304
18666	19001	484	427	1411	0	21323
18667	1047	357	367	19669	0	21440
18668	630	273	18562	1408	0	20873
18669	527	305	957	19527	0	21316
18670	393	251	16501	1444	0	18589
18671	16780	248	1076	898	0	19002
18672	1105	202	598	17326	0	19231
18673	17297	199	511	1359	0	19366
18674	1270	195	16426	861	0	18752
18675	15905	154	1082	764	0	17905
18676	1270	16476	757	501	0	19004
18677	808	875	16573	542	0	18798
18678	611	467	1110	16928	0	19116
18679	563	361	18666	1156	0	20746
18680	398	15128	973	713	0	17212
18681	409	17139	633	539	0	18720
18682	15799	817	393	434	0	17443
18683	728	17894	380	395	0	19397
18684	19072	944	325	395	0	20736
18685	1021	580	393	20226	0	22220
18686	672	530	19124	967	0	21293
18687	479	19699	889	592	0	21659
18688	441	970	494	20100	0	22005
18689	399	577	360	20592	0	21928
18690	405	403	293	21379	0	22480
18691	308	315	319	19748	0	20690
18692	315	17859	313	1527	0	20014
18693	225	19721	321	1016	0	21283
18694	16075	751	145	413	0	17384
18695	572	15272	117	316	0	16277
18696	109	428	25	14586	0	15148
18697	121	209	13799	512	0	14641
18698	69	14114	452	276	0	14911
18699	49	478	180	14086	0	14793
18700	20	241	102	14049	0	14412
18701	11	14010	72	645	0	14738
18702	14232	487	36	330	0	15085
18703	464	239	13677	216	0	14596
18704	13395	139	422	147	0	14103
18705	547	13925	200	95	0	14767
18706	13674	503	101	51	0	14329
18707	544	13603	79	40	0	14266
18708	231	579	40	14275	0	15125
18709	144	270	27	14903	0	15344
18710	14255	178	37	721	0	15191
18711	498	110	35	14625	0	15268
18712	229	112	13831	698	0	14870
18713	140	13523	472	403	0	14538
18714	98	14309	252	239	0	14898
18715	108	678	122	14438	0	15346
18716	103	358	14081	602	0	15144
18717	99	221	512	14128	0	14960
18718	96	196	238	14860	0	15390
18719	131	144	13885	800	0	14960
18720	112	150	13266	443	0	13971
18721	110	13473	657	318	0	14558
18722	13839	585	300	271	0	14995
18723	580	356	169	12842	0	13947
18724	288	13033	136	627	0	14084
18725	13562	608	121	405	0	14696
18726	564	395	83	13609	0	14651
18727	317	262	85	13792	0	14456
18728	181	12956	126	901	0	14164
18729	115	615	133	13915	0	14778
18730	13407	339	93	809	0	14648
18731	532	280	108	13635	0	14555
18732	314	191	97	14005	0	14607
18733	203	212	12866	877	0	14158
18734	176	175	12505	546	0	13402
18735	13052	146	698	358	0	14254
18736	592	143	366	13329	0	14430
18737	323	158	218	13635	0	14334
18738	235	188	146	14098	0	14667
18739	170	208	12794	1043	0	14215
18740	12986	167	499	639	0	14291
18741	568	197	281	13500	0	14546
18742	315	168	217	13316	0	14016
18743	11527	169	123	1030	0	12849
18744	607	11220	166	629	0	12622
18745	354	613	10968	446	0	12381
18746	218	326	609	11116	0	12269
18747	227	11183	391	695	0	12496
18748	208	581	247	11993	0	13029
18749	11539	353	200	890	0	12982
18750	629	277	198	11450	0	12554
18751	11192	224	140	958	0	12514
18752	11486	187	115	636	0	12424
18753	866	167	110	10651	0	11794
18754	485	10316	119	851	0	11771
18755	348	11066	134	598	0	12146
18756	297	762	11658	410	0	13127
18757	224	476	546	11863	0	13109
18758	184	328	318	12620	0	13450
18759	139	240	287	13111	0	13777
18760	12237	210	209	1115	0	13771
18761	637	165	178	12829	0	13809
18762	377	156	11866	1035	0	13434
18763	12007	124	568	696	0	13395
18764	686	161	350	12358	0	13555
18765	470	167	247	12842	0	13726
18766	385	173	11728	1021	0	13307
18767	11683	182	581	695	0	13141
18768	742	168	276	12567	0	13753
18769	403	203	13215	905	0	14726
18770	260	186	612	13522	0	14580
18771	217	200	401	12074	0	12892
18772	177	13090	281	926	0	14474
18773	13452	585	224	629	0	14890
18774	13672	329	136	535	0	14672
18775	826	13121	150	505	0	14602
18776	13798	584	156	469	0	15007
18777	14046	338	155	364	0	14903
18778	931	217	150	13757	0	15055
18779	547	142	11094	888	0	12671
18780	392	189	11133	607	0	12321
18781	249	150	10887	537	0	11823
18782	219	102	9835	434	0	10590
18783	156	934	690	6824	0	8604
18784	126	49	282	7093	0	7550
18785	127	49	149	6220	0	6545
18786	154	56	132	6355	0	6697
18787	5794	70	109	592	0	6565
18788	345	5758	120	366	0	6589
18789	6546	278	110	289	0	7223
18790	382	215	5832	252	0	6681
18791	309	125	7202	252	0	7888
18792	231	90	430	7338	0	8089
18793	7520	43	244	455	0	8262
18794	6688	35	189	393	0	7305
18795	516	7166	186	301	0	8169
18796	54	4978	34	40	0	5106
18797	37	82	14	5095	0	5228
18798	5053	51	19	84	0	5207
18799	77	4888	28	62	0	5055
18800	5050	67	10	36	0	5163
18801	5313	59	10	41	0	5423
18802	5361	29	13	34	0	5437
18803	130	21	5364	22	0	5537
18804	76	5179	72	31	0	5358
18805	5535	47	44	27	0	5653
18806	5467	43	40	23	0	5573
18807	121	5228	39	36	0	5424
18808	29	4692	20	10	0	4751
18809	4964	39	3	3	0	5009
18810	36	29	2	4911	0	4978
18811	32	27	4758	17	0	4834
18812	4602	19	21	23	0	4665
18813	26	15	15	4885	0	4941
18814	27	5455	25	31	0	5538
18815	18	29	4	5854	0	5905
18816	22	28	8049	29	0	8128
18817	18	20	21	7840	0	7899
18818	8399	5	19	32	0	8455
18819	26	13	14	9410	0	9463
18820	25	9	5	9280	0	9319
18821	19	8	9912	38	0	9977
18822	16	8	24	9411	0	9459
18823	15	9412	30	35	0	9492
18824	10026	27	16	28	0	10097
18825	9265	26	8	26	0	9325
18826	42	18	9836	13	0	9909
18827	33	7	23	9504	0	9567
18828	23	9244	25	31	0	9323
18829	20	9464	34	29	0	9547
18830	10024	42	5	13	0	10084
18831	30	31	14	10291	0	10366
18832	27	25	10306	35	0	10393
18833	29	27	9779	37	0	9872
18834	14	16	37	10256	0	10323
18835	10458	8	23	38	0	10527
18836	10159	8	18	42	0	10227
18837	41	6	21	10195	0	10263
18838	34	19	10284	33	0	10370
18839	20	9735	46	35	0	9836
18840	10517	25	19	15	0	10576
18841	40	9824	32	14	0	9910
18842	10519	28	13	15	0	10575
18843	37	28	12	10374	0	10451
18844	30	33	10307	29	0	10399
18845	27	22	21	9948	0	10018
18846	10266	18	18	45	0	10347
18847	45	16	10173	26	0	10260
18848	22	9584	58	36	0	9700
18849	19	23	31	10349	0	10422
18850	10394	18	16	43	0	10471
18851	46	25	10014	25	0	10110
18852	32	13	32	9919	0	9996
18853	30	10	25	10288	0	10353
18854	20	18	10154	49	0	10241
18855	17	16	36	9703	0	9772
18856	20	11	9100	44	0	9175
18857	7894	22	39	38	0	7993
18858	39	11	26	10085	0	10161
18859	48	23	11068	42	0	11181
18860	21	10478	157	56	0	10712
18861	11200	126	37	29	0	11392
18862	11282	28	20	25	0	11355
18863	187	75	43	12599	0	12904
18864	58	13755	41	180	0	14034
18865	14243	277	17	75	0	14612
18866	290	91	14	14256	0	14651
18867	98	81	13892	299	0	14370
18868	13574	35	264	126	0	13999
18869	291	12438	116	83	0	12928
18870	135	264	59	13033	0	13491
18871	13074	99	32	323	0	13528
18872	313	81	12806	100	0	13300
18873	158	56	12749	74	0	13037
18874	79	64	365	11983	0	12491
18875	64	39	12739	297	0	13139
18876	69	27	324	12243	0	12663
18877	36	12048	185	299	0	12568
18878	35	276	94	13050	0	13455
18879	13261	100	48	376	0	13785
18880	295	96	12908	136	0	13435
18881	113	13536	311	125	0	14085
18882	86	326	96	14179	0	14687
18883	62	132	13901	355	0	14450
18884	70	91	306	13436	0	13903
18885	39	13219	180	345	0	13783
18886	40	13907	105	145	0	14197
18887	13496	377	53	134	0	14060
18888	277	13420	113	81	0	13891
18889	92	344	12828	72	0	13336
18890	12336	133	276	48	0	12793
18891	294	108	11904	36	0	12342
18892	126	54	324	11245	0	11749
18893	78	72	12757	280	0	13187
18894	40	12248	370	108	0	12766
18895	55	276	110	12876	0	13317
18896	31	91	86	13085	0	13293
18897	34	80	50	13010	0	13174
18898	27	62	12807	412	0	13308
18899	31	76	273	12512	0	12892
18900	41	36	109	13335	0	13521
18901	13081	43	74	409	0	13607
18902	12944	44	58	196	0	13242
18903	363	55	13351	122	0	13891
18904	123	12679	330	111	0	13243
18905	87	294	13457	80	0	13918
18906	75	118	326	13475	0	13994
18907	93	100	13502	308	0	14003
18908	50	50	350	13193	0	13643
18909	38	66	133	13871	0	14108
18910	37	58	13404	393	0	13892
18911	12146	35	331	220	0	12732
18912	293	14044	191	134	0	14662
18913	99	276	103	14746	0	15224
18914	82	159	15162	353	0	15756
18915	70	128	14532	165	0	14895
18916	12866	50	357	137	0	13410
18917	288	12820	196	114	0	13418
18918	103	299	114	13671	0	14187
18919	12989	125	83	351	0	13548
18920	348	78	99	13963	0	14488
18921	182	52	65	13994	0	14293
18922	116	108	14984	526	0	15734
18923	15302	66	512	275	0	16155
18924	16381	52	201	173	0	16807
18925	647	57	144	16178	0	17026
18926	16211	43	142	594	0	16990
18927	622	49	96	16102	0	16869
18928	242	14590	154	630	0	15616
18929	199	15732	123	282	0	16336
18930	148	609	70	16354	0	17181
18931	15479	245	82	630	0	16436
18932	569	150	63	15821	0	16603
18933	15662	120	80	682	0	16544
18934	15841	120	66	320	0	16347
18935	682	95	91	15134	0	16002
18936	313	86	89	15618	0	16106
18937	217	95	14690	747	0	15749
18938	189	90	14854	344	0	15477
18939	151	78	602	15610	0	16441
18940	136	68	15320	682	0	16206
18941	15136	61	602	329	0	16128
18942	536	50	287	17535	0	18408
18943	212	65	17088	720	0	18085
18944	16715	59	662	311	0	17747
18945	18119	53	280	250	0	18702
18946	772	17917	196	234	0	19119
18947	339	547	153	18696	0	19735
18948	226	219	18156	671	0	19272
18949	18357	129	596	289	0	19371
18950	19336	105	256	206	0	19903
18951	831	103	18927	196	0	20057
18952	19706	69	609	183	0	20567
18953	751	61	262	19299	0	20373
18954	370	65	161	20288	0	20884
18955	19753	62	141	809	0	20765
18956	19911	42	138	370	0	20461
18957	851	53	122	19788	0	20814
18958	354	75	18032	745	0	19206
18959	233	16313	509	338	0	17393
18960	207	433	17938	222	0	18800
18961	211	188	17754	190	0	18343
18962	159	17745	674	188	0	18766
18963	85	317	170	14867	0	15439
18964	73	109	122	15540	0	15844
18965	53	113	15073	423	0	15662
18966	60	68	357	14887	0	15372
18967	15426	34	187	420	0	16067
18968	363	63	14800	212	0	15438
18969	14926	34	352	167	0	15479
18970	15534	25	165	154	0	15878
18971	15597	20	111	109	0	15837
18972	535	56	14870	106	0	15567
18973	266	60	14717	134	0	15177
18974	194	45	432	14841	0	15512
18975	165	60	223	14451	0	14899
18976	166	14731	151	389	0	15437
18977	15277	298	112	187	0	15874
18978	15630	121	98	150	0	15999
18979	473	15082	111	142	0	15808
18980	15771	318	85	153	0	16327
18981	444	14277	84	135	0	14940
18982	14994	366	66	153	0	15579
18983	458	149	63	14597	0	15267
18984	272	103	14324	352	0	15051
18985	194	117	14541	171	0	15023
18986	183	72	420	14821	0	15496
18987	131	59	235	15254	0	15679
18988	132	83	14886	456	0	15557
18989	128	68	376	14763	0	15335
18990	117	56	194	15364	0	15731
18991	15168	51	175	513	0	15907
18992	15288	58	119	306	0	15771
18993	14490	62	97	220	0	14869
18994	534	75	13879	185	0	14673
18995	304	13840	386	154	0	14684
18996	236	314	180	14590	0	15320
18997	253	141	14264	390	0	15048
18998	194	14276	421	203	0	15094
18999	15259	333	212	166	0	15970
19000	431	118	171	15106	0	15826
19001	204	81	160	15284	0	15729
19002	15896	79	114	520	0	16609
19003	446	66	100	15289	0	15901
19004	242	67	116	15409	0	15834
19005	15391	73	108	511	0	16083
19006	480	102	14611	266	0	15459
19007	220	14432	410	211	0	15273
19008	15247	348	187	166	0	15948
19009	449	177	14737	187	0	15550
19010	14531	117	395	166	0	15209
19011	451	14538	237	174	0	15400
19012	14310	338	185	144	0	14977
19013	14222	158	165	145	0	14690
19014	12811	100	119	143	0	13173
19015	589	99	130	12324	0	13142
19016	349	59	112	12426	0	12946
19017	295	12155	115	490	0	13055
19018	265	12489	149	226	0	13129
19019	241	12392	89	175	0	12897
19020	11534	261	74	100	0	11969
19021	335	105	11109	100	0	11649
19022	86	38	100	9294	0	9518
19023	55	35	63	8961	0	9114
19024	60	8350	66	134	0	8610
19025	71	102	46	8650	0	8869
19026	66	61	34	8563	0	8724
19027	57	8336	42	151	0	8586
19028	9497	96	48	78	0	9719
19029	117	9247	64	75	0	9503
19030	66	126	9156	73	0	9421
19031	9177	54	101	66	0	9398
19032	125	9289	77	53	0	9544
19033	9471	107	53	55	0	9686
19034	146	61	30	9406	0	9643
19035	82	40	51	9462	0	9635
19036	86	36	9370	133	0	9625
19037	85	60	9060	72	0	9277
19038	69	37	122	9508	0	9736
19039	8981	23	47	93	0	9144
19040	9336	19	43	61	0	9459
19041	144	10703	54	63	0	10964
19042	15	8956	21	18	0	9010
19043	17	9137	26	17	0	9197
19044	475	177	5	8897	0	9554
19045	8871	52	0	118	0	9041
19046	8077	14	5	54	0	8150
19047	8126	4	5	11	0	8146
19048	177	17	8003	4	0	8201
19049	57	10137	144	12	0	10350
19050	21	113	42	13463	0	13639
19051	12861	41	16	161	0	13079
19052	199	20	8	12776	0	13003
19053	57	9	3	14232	0	14301
19054	13976	6	4	289	0	14275
19055	16063	9	5	96	0	16173
19056	439	45	15600	34	0	16118
19057	235	6	333	16124	0	16698
19058	71	47	15740	368	0	16226
19059	41	7	387	16337	0	16772
19060	61	57	14545	410	0	15073
19061	24	12	403	15462	0	15901
19062	14307	15	229	450	0	15001
19063	342	14932	116	256	0	15646
19064	203	15630	63	124	0	16020
19065	95	555	53	13305	0	14008
19066	42	15621	41	336	0	16040
19067	15617	422	31	164	0	16234
19068	15489	258	22	80	0	15849
19069	569	135	14403	54	0	15161
19070	278	14882	348	81	0	15589
19071	121	388	203	15553	0	16265
19072	93	250	15083	398	0	15824
19073	15314	82	394	242	0	16032
19074	411	45	241	15663	0	16360
19075	249	81	15276	434	0	16040
19076	102	50	410	15934	0	16496
19077	15751	44	250	486	0	16531
19078	447	51	15161	309	0	15968
19079	15494	52	425	146	0	16117
19080	15809	45	258	105	0	16217
19081	616	58	123	15608	0	16405
19082	332	97	15494	444	0	16367
19083	155	112	15327	296	0	15890
19084	15829	58	592	145	0	16624
19085	16059	50	304	124	0	16537
19086	677	92	14993	111	0	15873
19087	353	67	444	15125	0	15989
19088	173	80	306	14328	0	14887
19089	153	15244	133	581	0	16111
19090	147	404	96	15966	0	16613
19091	15689	245	121	518	0	16573
19092	478	97	74	16147	0	16796
19093	341	82	15159	532	0	16114
19094	14988	72	468	356	0	15884
19095	497	62	302	15291	0	16152
19096	343	97	14529	501	0	15470
19097	181	14890	461	397	0	15929
19098	13890	427	332	207	0	14856
19099	470	16475	183	243	0	17371
19100	16531	455	129	218	0	17333
19101	592	316	15268	190	0	16366
19102	371	14497	488	195	0	15551
19103	276	16123	325	184	0	16908
19104	235	645	176	15855	0	16911
19105	229	347	168	16487	0	17231
19106	205	181	15620	744	0	16750
19107	226	117	492	16398	0	17233
19108	16146	137	363	644	0	17290
19109	565	156	15775	456	0	16952
19110	376	142	557	16174	0	17249
19111	264	138	15727	647	0	16776
19112	15147	150	586	452	0	16335
19113	552	15795	389	359	0	17095
19114	16157	455	283	323	0	17218
19115	16337	340	183	355	0	17215
19116	18452	195	209	295	0	19151
19117	922	204	16581	303	0	18010
19118	550	17256	569	282	0	18657
19119	414	521	387	17554	0	18876
19120	350	368	266	18634	0	19618
19121	18454	189	295	857	0	19795
19122	686	183	285	18596	0	19750
19123	18521	164	266	766	0	19717
19124	18484	161	314	513	0	19472
19125	18643	159	292	426	0	19520
19126	18817	156	295	379	0	19647
19127	951	181	268	18471	0	19871
19128	17781	191	256	735	0	18963
19129	789	214	16703	528	0	18234
19130	17345	176	609	399	0	18529
19131	17876	210	407	341	0	18834
19132	997	234	16103	486	0	17820
19133	17326	222	570	273	0	18391
19134	17824	211	438	265	0	18738
19135	967	167	340	17225	0	18699
19136	652	166	290	17762	0	18870
19137	17334	360	315	828	0	18837
19138	818	170	262	17539	0	18789
19139	600	145	273	17262	0	18280
19140	431	15977	283	906	0	17597
19141	348	348	192	15526	0	16414
19142	15162	215	248	608	0	16233
19143	611	145	197	15328	0	16281
19144	473	116	181	15282	0	16052
19145	354	14398	276	718	0	15746
19146	379	368	189	15018	0	15954
19147	442	234	233	14979	0	15888
19148	14304	142	263	676	0	15385
19149	583	122	121	11981	0	12807
19150	309	70	8777	424	0	9580
19151	181	7912	276	345	0	8714
19152	185	8414	269	196	0	9064
19153	7273	289	116	107	0	7785
19154	309	7510	83	126	0	8028
19155	5405	36	9	21	0	5471
19156	48	5674	21	16	0	5759
19157	5876	46	6	23	0	5951
19158	62	16	8	5742	0	5828
19159	31	24	4	5783	0	5842
19160	28	5706	16	69	0	5819
19161	26	40	8	5874	0	5948
19162	29	26	5572	74	0	5701
19163	5240	12	38	31	0	5321
19164	41	5188	19	334	0	5582
19165	5839	35	10	20	0	5904
19166	5732	15	7	14	0	5768
19167	5782	15	5	10	0	5812
19168	59	15	5	5579	0	5658
19169	34	7	3	5677	0	5721
19170	23	5565	14	56	0	5658
19171	5783	38	4	39	0	5864
19172	48	5599	10	37	0	5694
19173	5814	46	4	18	0	5882
19174	61	23	5505	21	0	5610
19175	5527	20	33	12	0	5592
19176	61	21	11	5596	0	5689
19177	29	16	6385	49	0	6479
19178	35	20	6226	23	0	6304
19179	23	11	45	6317	0	6396
19180	27	9	6510	55	0	6601
19181	18	12	54	6389	0	6473
19182	5672	8	24	64	0	5768
19183	51	8	16	5979	0	6054
19184	24	11	5874	60	0	5969
19185	30	5388	54	34	0	5506
19186	18	5729	23	32	0	5802
19187	20	47	16	6037	0	6120
19188	6041	25	4	54	0	6124
19189	56	24	6	5891	0	5977
19190	27	15	10	5888	0	5940
19191	30	16	6	5959	0	6011
19192	20	18	8	5824	0	5870
19193	15	10	5870	83	0	5978
19194	21	27	5355	44	0	5447
19195	5461	18	53	42	0	5574
19196	5810	10	32	26	0	5878
19197	60	25	18	5609	0	5712
19198	45	10	8	5749	0	5812
19199	39	12	4304	60	0	4415
19200	28	4135	54	42	0	4259
19201	4393	48	13	37	0	4491
19202	4328	24	22	25	0	4399
19203	56	22	8	3697	0	3783
19204	35	21	4158	59	0	4273
19205	38	13	41	3936	0	4028
19206	18	4016	30	66	0	4130
19207	32	48	4033	28	0	4141
19208	3877	18	47	35	0	3977
19209	53	21	23	4079	0	4176
19210	4215	14	28	60	0	4317
19211	55	21	4088	44	0	4208
19212	3827	18	50	31	0	3926
19213	56	10	18	4177	0	4261
19214	4129	10	27	61	0	4227
19215	67	13	16	4104	0	4200
19216	33	2479	17	65	0	2594
19217	36	2601	18	35	0	2690
19218	12	24	4	2227	0	2267
19219	9	19	2923	19	0	2970
19220	6	4301	26	16	0	4349
19221	6	73	4	5130	0	5213
19222	4894	18	13	112	0	5037
19223	4911	22	8	44	0	4985
19224	133	13	4	5050	0	5200
19225	57	19	5	5007	0	5088
19226	32	4730	19	162	0	4943
19227	43	5079	9	82	0	5213
19228	4932	133	12	57	0	5134
19229	132	56	3	5106	0	5297
19230	51	40	2	5225	0	5318
19231	33	47	4911	185	0	5176
19232	25	45	102	4984	0	5156
19233	31	36	36	5071	0	5174
19234	28	21	24	5256	0	5329
19235	25	23	4888	211	0	5147
19236	16	9	125	5038	0	5188
19237	5074	9	57	200	0	5340
19238	122	19	4822	115	0	5078
19239	4896	7	120	105	0	5128
19240	126	16	62	5044	0	5248
19241	53	11	42	5027	0	5133
19242	57	15	30	5219	0	5321
19243	50	18	4825	194	0	5087
19244	4463	10	127	95	0	4695
19245	134	5680	60	96	0	5970
19246	5870	120	34	84	0	6108
19247	144	5727	29	84	0	5984
19248	61	142	34	5904	0	6141
19249	5944	51	26	161	0	6182
19250	169	63	5636	67	0	5935
19251	5556	48	123	60	0	5787
19252	197	50	5617	44	0	5908
19253	88	29	149	5778	0	6044
19254	87	37	5554	174	0	5852
19255	61	5579	171	99	0	5910
19256	57	116	64	5375	0	5612
19257	5335	53	61	154	0	5603
19258	142	110	44	5238	0	5534
19259	131	5260	50	183	0	5624
19260	156	308	31	5429	0	5924
19261	5301	284	23	263	0	5871
19262	5422	146	22	227	0	5817
19263	310	5035	98	189	0	5632
19264	254	5272	148	165	0	5839
19265	257	162	188	5296	0	5903
19266	151	72	233	5467	0	5923
19267	5420	52	184	327	0	5983
19268	5082	131	219	198	0	5630
19269	169	5288	115	250	0	5822
19270	161	440	96	5401	0	6098
19271	367	170	18	5611	0	6166
19272	226	378	4941	425	0	5970
19273	209	5051	129	495	0	5884
19274	345	5344	56	342	0	6087
19275	263	279	241	5400	0	6183
19276	504	173	5110	299	0	6086
19277	249	264	4676	145	0	5334
19278	171	288	214	4852	0	5525
19279	68	236	346	4941	0	5591
19280	138	344	4499	505	0	5486
19281	263	82	231	5035	0	5611
19282	474	167	4490	359	0	5490
19283	4678	165	207	486	0	5536
19284	291	324	109	4921	0	5645
19285	101	175	4545	691	0	5512
19286	265	186	4531	361	0	5343
19287	281	228	307	5590	0	6406
19288	170	433	5420	355	0	6378
19289	125	435	5272	317	0	6149
19290	74	5232	467	445	0	6218
19291	5425	241	350	534	0	6550
19292	430	104	6114	416	0	7064
19293	330	81	393	5907	0	6711
19294	173	265	259	6383	0	7080
19295	132	111	256	6715	0	7214
19296	167	138	6071	639	0	7015
19297	225	71	508	6285	0	7089
19298	6245	232	287	487	0	7251
19299	297	286	310	6311	0	7204
19300	94	144	6065	685	0	6988
19301	77	97	649	6293	0	7116
19302	6066	46	589	494	0	7195
19303	6135	127	387	447	0	7096
19304	5818	212	285	402	0	6717
19305	428	152	434	5788	0	6802
19306	5805	132	222	621	0	6780
19307	5794	64	413	415	0	6686
19308	5902	40	190	504	0	6636
19309	375	5431	218	620	0	6644
19310	5750	190	378	426	0	6744
19311	384	72	398	5937	0	6791
19312	285	67	5507	656	0	6515
19313	235	5448	560	392	0	6635
19314	5672	222	462	366	0	6722
19315	334	311	286	5764	0	6695
19316	569	105	222	5555	0	6451
19317	454	5208	292	396	0	6350
19318	437	5642	133	439	0	6651
19319	4809	273	144	505	0	5731
19320	447	3086	44	472	0	4049
19321	2777	87	205	199	0	3268
19322	401	2510	67	297	0	3275
19323	2815	244	76	93	0	3228
19324	337	2463	19	391	0	3210
19325	187	2559	285	238	0	3269
19326	2551	160	162	408	0	3281
19327	406	158	2379	152	0	3095
19328	425	2441	145	156	0	3167
19329	434	164	34	2572	0	3204
19330	213	107	26	3261	0	3607
19331	315	211	28	3046	0	3600
19332	349	254	20	3051	0	3674
19333	443	294	2630	154	0	3521
19334	3001	417	106	78	0	3602
19335	551	204	44	2876	0	3675
19336	2936	281	44	333	0	3594
19337	3971	191	213	98	0	4473
19338	3885	466	46	138	0	4535
19339	4196	244	83	50	0	4573
19340	347	229	3653	167	0	4396
19341	210	151	272	4020	0	4653
19342	139	366	3551	265	0	4321
19343	63	3915	208	261	0	4447
19344	234	307	42	4007	0	4590
19345	20	12	7	2952	0	2991
19346	15	11	5	2966	0	2997
19347	12	8	6	2983	0	3009
19348	12	9	2801	123	0	2945
19349	18	7	101	2863	0	2989
19350	17	8	15	3006	0	3046
19351	2907	14	9	123	0	3053
19352	2947	2	6	36	0	2991
19353	126	7	11	2906	0	3050
19354	30	8	8	2952	0	2998
19355	22	5	10	3061	0	3098
19356	2888	7	15	135	0	3045
19357	2964	6	17	45	0	3032
19358	2916	6	8	40	0	2970
19359	2922	6	10	26	0	2964
19360	125	2818	4	28	0	2975
19361	2887	94	9	35	0	3025
19362	2962	10	12	36	0	3020
19363	131	10	8	2896	0	3045
19364	37	8	17	2995	0	3057
19365	2889	7	9	136	0	3041
19366	124	2749	7	49	0	2929
19367	43	2903	4	36	0	2986
19368	2907	103	8	23	0	3041
19369	133	23	7	2896	0	3059
19370	45	12	6	2968	0	3031
19371	33	7	11	3009	0	3060
19372	29	12	4	3011	0	3056
19373	38	9	8	2945	0	3000
19374	32	2796	10	147	0	2985
19375	35	104	8	2943	0	3090
19376	2902	15	6	154	0	3077
19377	135	17	10	2899	0	3061
19378	57	14	5	3010	0	3086
19379	2872	11	17	155	0	3055
19380	142	2788	10	66	0	3006
19381	41	107	17	2805	0	2970
19382	43	2806	13	131	0	2993
19383	39	113	11	2935	0	3098
19384	42	35	2652	152	0	2881
19385	2688	23	94	69	0	2874
19386	143	2830	22	70	0	3065
19387	1992	55	13	39	0	2099
19388	88	12	1820	47	0	1967
19389	27	10	67	1809	0	1913
19390	38	1759	30	95	0	1922
19391	29	1966	17	42	0	2054
19392	1447	68	8	49	0	1572
19393	85	13	5	1506	0	1609
19394	33	16	1372	121	0	1542
19395	31	11	48	1533	0	1623
19396	36	12	1379	120	0	1547
19397	1478	9	72	52	0	1611
19398	93	13	1363	56	0	1525
19399	46	17	57	1380	0	1500
19400	54	1832	18	93	0	1997
19401	47	68	7	1795	0	1917
19402	38	1835	9	112	0	1994
19403	1912	66	5	66	0	2049
19404	101	14	4	1938	0	2057
19405	55	25	2112	100	0	2292
19406	54	23	2089	51	0	2217
19407	2223	19	56	45	0	2343
19408	2349	26	15	41	0	2431
19409	3274	26	11	42	0	3353
19410	3189	16	5	58	0	3268
19411	94	3044	12	65	0	3215
19412	3235	69	6	82	0	3392
19413	3268	28	11	66	0	3373
19414	107	23	3073	59	0	3262
19415	42	41	61	3141	0	3285
19416	3226	28	7	108	0	3369
19417	103	26	3098	52	0	3279
19418	49	16	55	3202	0	3322
19419	29	21	3067	122	0	3239
19420	34	19	53	3074	0	3180
19421	29	3055	14	118	0	3216
19422	3246	69	12	64	0	3391
19423	89	37	3074	45	0	3245
19424	3165	27	57	57	0	3306
19425	105	25	23	3234	0	3387
19426	3252	25	10	100	0	3387
19427	88	22	19	3264	0	3393
19428	3253	22	23	101	0	3399
19429	83	42	3081	59	0	3265
19430	2698	22	17	44	0	2781
19431	35	23	7	2795	0	2860
19432	12	25	12	2843	0	2892
19433	3417	14	22	43	0	3496
19434	40	16	16	3407	0	3479
19435	27	26	3329	40	0	3422
19436	33	14	30	3416	0	3493
19437	2339	1	2	4	0	2346
19438	2	2246	1	2	0	2251
19439	0	2266	5	5	0	2276
19440	2369	1	1	1	0	2372
19441	1	2253	2	3	0	2259
19442	0	3	0	2355	0	2358
19443	2353	1	0	2	0	2356
19444	2311	3	0	0	0	2314
19445	2327	0	1	5	0	2333
19446	3	1	2267	0	0	2271
19447	2	2	1	2279	0	2284
19448	3	2240	3	19	0	2265
19449	2	2	3	2327	0	2334
19450	3	4	2326	2	0	2335
19451	0	2114	12	3	0	2129
19452	0	2	0	2349	0	2351
19453	2340	0	2	2	0	2344
19454	0	2628	4	5	0	2637
19455	3	6	2655	1	0	2665
19456	1	1	2	2570	0	2574
19457	4	1	2685	1	0	2691
19458	0	0	2	2603	0	2605
19459	2723	0	0	2	0	2725
19460	1	1	1	2686	0	2689
19461	2705	0	1	2	0	2708
19462	2708	0	0	0	0	2708
19463	0	2574	6	2	0	2582
19464	2739	1	0	0	0	2740
19465	2	2543	6	0	0	2551
19466	1	3	2575	0	0	2579
19467	1	6	2	2883	0	2892
19468	1	2	0	3173	0	3176
19469	0	5	3081	61	0	3147
19470	0	2923	45	20	0	2988
19471	3159	44	12	11	0	3226
19472	3593	16	2	10	0	3621
19473	55	3	6	3660	0	3724
19474	18	9	0	3680	0	3707
19475	6	1	0	3799	0	3806
19476	3744	1	2	63	0	3810
19477	42	12	3609	25	0	3688
19478	18	6	3606	9	0	3639
19479	3	1	57	3613	0	3674
19480	13	5	3692	53	0	3763
19481	8	9	4207	23	0	4247
19482	0	2	96	4084	0	4182
19483	14	9	4238	91	0	4352
19484	4	4010	86	27	0	4127
19485	8	87	18	4310	0	4423
19486	10	19	5086	94	0	5209
19487	6	11	82	5009	0	5108
19488	0	4898	33	89	0	5020
19489	10	76	5	5191	0	5282
19490	11	19	5103	88	0	5221
19491	3	7	81	4906	0	4997
19492	4994	9	20	96	0	5119
19493	84	7	4970	30	0	5091
19494	4701	3	98	11	0	4813
19495	82	4878	44	16	0	5020
19496	5126	81	11	9	0	5227
19497	81	22	12	5095	0	5210
19498	24	4913	16	91	0	5044
19499	5099	88	11	25	0	5223
19500	91	16	6	4649	0	4762
19501	25	14	4625	89	0	4753
19502	5	4394	89	30	0	4518
19503	12	85	20	4736	0	4853
19504	4740	19	7	102	0	4868
19505	4330	10	10	24	0	4374
19506	100	15	9	4265	0	4389
19507	31	7	4278	100	0	4416
19508	3959	5	84	25	0	4073
19509	95	10	3411	11	0	3527
19510	23	7	85	3378	0	3493
19511	3473	10	24	94	0	3601
19512	96	3305	13	27	0	3441
19513	3496	89	11	18	0	3614
19514	92	24	3376	25	0	3517
19515	3368	12	87	13	0	3480
19516	88	17	25	3425	0	3555
19517	34	10	10	3541	0	3595
19518	17	6	3421	112	0	3556
19519	19	8	84	3406	0	3517
19520	3470	8	23	107	0	3608
19521	99	3	10	3431	0	3543
19522	29	3277	28	101	0	3435
19523	19	78	13	4116	0	4226
19524	17	4008	22	132	0	4179
19525	18	141	3976	34	0	4169
19526	3775	34	125	28	0	3962
19527	129	16	28	4159	0	4332
19528	40	20	4016	133	0	4209
19529	20	4290	134	45	0	4489
19530	16	130	23	4507	0	4676
19531	7	31	19	4651	0	4708
19532	4524	14	14	167	0	4719
19533	140	16	9	4779	0	4944
19534	4740	8	8	170	0	4926
19535	4826	9	10	42	0	4887
19536	164	4579	25	32	0	4800
19537	5006	140	8	23	0	5177
19538	179	26	10	5363	0	5578
19539	51	31	6064	174	0	6320
19540	6133	20	150	43	0	6346
19541	181	11	38	6352	0	6582
19542	48	23	6157	191	0	6419
19543	7849	13	171	43	0	8076
19544	182	17	28	8774	0	9001
19545	43	8503	29	194	0	8769
19546	29	165	23	8776	0	8993
19547	27	8574	35	170	0	8806
19548	8847	165	15	64	0	9091
19549	187	55	8616	37	0	8895
19550	53	8221	176	44	0	8494
19551	26	180	40	8729	0	8975
19552	43	55	8619	174	0	8891
19553	35	39	7783	61	0	7918
19554	27	7557	174	41	0	7799
19555	26	133	44	8869	0	9072
19556	37	44	30	8825	0	8936
19557	35	21	20	9625	0	9701
19558	10084	33	17	244	0	10378
19559	244	40	10528	68	0	10880
19560	56	10296	278	66	0	10696
19561	39	280	72	10660	0	11051
19562	41	81	29	11388	0	11539
19563	35	54	10932	367	0	11388
19564	34	30	274	10774	0	11112
19565	50	37	10934	340	0	11361
19566	34	40	11380	108	0	11562
19567	42	43	11195	44	0	11324
19568	16	19	275	10690	0	11000
19569	25	23	82	11213	0	11343
19570	32	17	37	11705	0	11791
19571	11552	12	34	299	0	11897
19572	233	10655	46	99	0	11033
19573	10986	235	16	68	0	11305
19574	10967	53	38	42	0	11100
19575	11027	34	30	38	0	11129
19576	287	11623	43	51	0	12004
19577	12359	246	17	39	0	12661
19578	12902	55	31	49	0	13037
19579	296	40	34	12460	0	12830
19580	96	40	24	12483	0	12643
19581	52	25	34	12738	0	12849
19582	44	35	11961	322	0	12362
19583	11152	28	236	127	0	11543
19584	256	31	70	12451	0	12808
19585	12390	23	55	297	0	12765
19586	245	11129	62	108	0	11544
19587	66	254	43	11640	0	12003
19588	47	53	33	11879	0	12012
19589	13157	43	55	307	0	13562
19590	262	35	41	13108	0	13446
19591	13012	33	30	328	0	13403
19592	13000	22	23	120	0	13165
19593	291	12223	43	88	0	12645
19594	110	12828	42	61	0	13041
19595	83	277	31	12899	0	13290
19596	61	12652	39	265	0	13017
19597	66	260	31	12989	0	13346
19598	63	84	12496	300	0	12943
19599	62	78	11300	117	0	11557
19600	11228	39	247	86	0	11600
19601	12471	21	76	84	0	12652
19602	310	12014	68	79	0	12471
19603	12595	256	43	76	0	12970
19604	291	12494	50	83	0	12918
19605	114	281	45	12862	0	13302
19606	64	71	36	12965	0	13136
19607	57	51	62	12746	0	12916
19608	51	44	55	12903	0	13053
19609	12987	28	52	383	0	13450
19610	257	12352	66	172	0	12847
19611	12938	244	41	130	0	13353
19612	12803	66	48	113	0	13030
19613	348	73	12419	76	0	12916
19614	11824	55	244	84	0	12207
19615	321	11992	86	77	0	12476
19616	113	291	40	12677	0	13121
19617	84	92	41	12581	0	12798
19618	88	12127	57	308	0	12580
19619	12775	281	35	138	0	13229
19620	302	104	11954	121	0	12481
19621	11810	53	289	103	0	12255
19622	344	53	12282	88	0	12767
19623	121	36	226	11236	0	11619
19624	78	48	104	11627	0	11857
19625	77	34	66	11874	0	12051
19626	11708	56	80	328	0	12172
19627	255	51	11851	185	0	12342
19628	11487	65	231	164	0	11947
19629	11958	32	88	165	0	12243
19630	11820	42	65	151	0	12078
19631	11949	28	86	131	0	12194
19632	333	35	64	11653	0	12085
19633	128	51	10691	235	0	11105
19634	112	39	209	10471	0	10831
19635	109	36	10512	277	0	10934
19636	112	50	10039	133	0	10334
19637	68	9570	203	98	0	9939
19638	87	1601	45	8216	0	9949
19639	121	70	26	9218	0	9435
19640	86	86	34	8359	0	8565
19641	113	47	18	9179	0	9357
19642	9197	53	28	265	0	9543
19643	7769	30	48	96	0	7943
19644	281	42	23	7177	0	7523
19645	120	24	7025	266	0	7435
19646	104	24	165	7107	0	7400
19647	60	38	53	7388	0	7539
19648	68	28	7018	292	0	7406
19649	69	29	171	7054	0	7323
19650	7247	25	53	249	0	7574
19651	7154	31	24	127	0	7336
19652	7212	42	17	95	0	7366
19653	280	31	8	6621	0	6940
19654	6693	54	15	247	0	7009
19655	6631	33	22	117	0	6803
19656	272	35	6226	109	0	6642
19657	106	46	4928	50	0	5130
19658	85	25	4814	56	0	4980
19659	3949	6	10	7	0	3972
19660	9	3879	31	5	0	3924
19661	4354	3	5	4	0	4366
19662	1	4066	15	2	0	4084
19663	0	4	0	4260	0	4264
19664	0	3	1	4518	0	4522
19665	1	0	0	4577	0	4578
19666	2	7	3872	17	0	3898
19667	3480	1	17	16	0	3514
19668	12	1	7	3961	0	3981
19669	7	2	3921	15	0	3945
19670	7	6	3505	13	0	3531
19671	3486	2	23	6	0	3517
19672	12	3606	32	5	0	3655
19673	3945	11	3	3	0	3962
19674	5189	7	4	4	0	5204
19675	20	4871	16	4	0	4911
19676	4136	12	4	1	0	4153
19677	18	13	3995	0	0	4026
19678	11	10	3502	0	0	3523
19679	7	7	3647	2	0	3663
19680	3	4	23	3531	0	3561
19681	4	2	3696	11	0	3713
19682	3490	0	19	8	0	3517
19683	3569	1	10	7	0	3587
19684	22	4	3698	0	0	3724
19685	11	2	17	3527	0	3557
19686	3738	1	11	14	0	3764
19687	14	3386	22	11	0	3433
19688	12	4325	14	8	0	4359
19689	3599	18	5	0	0	3622
19690	14	14	3450	1	0	3479
19691	11	4	12	3388	0	3415
19692	3	2	9	3441	0	3455
19693	2	5	4	3505	0	3516
19694	2	3695	13	21	0	3731
19695	4	42	3	3862	0	3911
19696	3959	15	2	44	0	4020
19697	42	8	0	3890	0	3940
19698	13	3667	14	50	0	3744
19699	4130	46	3	25	0	4204
19700	45	20	1	4064	0	4130
19701	20	7	1	5679	0	5707
19702	5705	8	0	118	0	5831
19703	5593	11	3	36	0	5643
19704	122	6	1	5902	0	6031
19705	5916	1	1	125	0	6043
19706	6325	5	2	38	0	6370
19707	172	6006	21	23	0	6222
19708	6339	130	4	21	0	6494
19709	165	6021	12	24	0	6222
19710	58	153	3	6378	0	6592
19711	53	36	6139	147	0	6375
19712	33	24	123	6169	0	6349
19713	36	22	23	6327	0	6408
19714	32	13	12	6504	0	6561
19715	6377	16	13	207	0	6613
19716	169	6081	28	69	0	6347
19717	6374	157	7	52	0	6590
19718	173	7776	24	49	0	8022
19719	8383	155	15	38	0	8591
19720	8425	51	10	28	0	8514
19721	8418	36	5	36	0	8495
19722	8396	30	12	35	0	8473
19723	228	41	7869	32	0	8170
19724	83	27	142	7845	0	8097
19725	59	23	34	8315	0	8431
19726	60	18	8009	196	0	8283
19727	7510	25	150	67	0	7752
19728	195	10	32	7819	0	8056
19729	75	23	7529	181	0	7808
19730	62	36	7375	52	0	7525
19731	46	20	184	7626	0	7876
19732	58	22	7637	184	0	7901
19733	57	7	166	7402	0	7632
19734	38	15	58	7926	0	8037
19735	60	11	7791	200	0	8062
19736	7298	14	168	88	0	7568
19737	168	6	61	7987	0	8222
19738	68	8	8178	210	0	8464
19739	47	10	171	8659	0	8887
19740	8777	5	61	206	0	9049
19741	195	22	9370	77	0	9664
19742	8945	13	165	72	0	9195
19743	9659	19	71	53	0	9802
19744	211	10	49	9561	0	9831
19745	75	12	39	9691	0	9817
19746	57	18	9418	226	0	9719
19747	57	10	167	9439	0	9673
19748	55	12	50	9312	0	9429
19749	55	8	39	9772	0	9874
19750	46	13	9339	249	0	9647
19751	9179	13	158	100	0	9450
19752	9622	17	48	80	0	9767
19753	9665	18	36	74	0	9793
19754	10392	20	37	56	0	10505
19755	245	21	30	10228	0	10524
19756	10398	15	28	196	0	10637
19757	10279	9	30	89	0	10407
19758	9824	10	39	88	0	9961
19759	10334	10	45	73	0	10462
19760	231	9544	53	86	0	9914
19761	10330	143	27	70	0	10570
19762	11550	32	29	66	0	11677
19763	347	11040	51	63	0	11501
19764	11084	259	26	42	0	11411
19765	348	49	28	10947	0	11372
19766	130	24	24	11240	0	11418
19767	11047	28	16	322	0	11413
19768	323	10498	46	88	0	10955
19769	113	11269	40	81	0	11503
19770	103	285	19	11870	0	12277
19771	104	64	11544	316	0	12028
19772	93	51	247	11203	0	11594
19773	81	38	47	11951	0	12117
19774	10668	39	35	366	0	11108
19775	10795	26	39	108	0	10968
19776	342	36	35	10616	0	11029
19777	102	47	10424	333	0	10906
19778	96	28	262	10595	0	10981
19779	11404	23	62	357	0	11846
19780	394	38	11354	123	0	11909
19781	104	11296	347	123	0	11870
19782	12050	340	88	103	0	12581
19783	392	78	47	11799	0	12316
19784	129	36	51	11968	0	12184
19785	90	39	44	12393	0	12566
19786	92	54	11574	471	0	12191
19787	10584	41	336	167	0	11128
19788	429	48	10722	89	0	11288
19789	146	10268	345	109	0	10868
19790	112	328	92	10915	0	11447
19791	117	68	59	11183	0	11427
19792	93	394	51	11562	0	12100
19793	78	73	11250	501	0	11902
19794	48	49	10854	182	0	11133
19795	65	43	11035	110	0	11253
19796	59	10797	455	89	0	11400
19797	55	367	109	11921	0	12452
19798	12191	87	73	419	0	12770
19799	13722	32	77	148	0	13979
19800	582	65	13763	104	0	14514
19801	157	17003	433	80	0	17673
19802	148	782	16287	58	0	17275
19803	83	17563	710	60	0	18416
19804	18004	805	188	43	0	19040
19805	17918	213	608	41	0	18780
19806	846	17132	99	38	0	18115
19807	18509	798	74	35	0	19416
19808	835	274	82	17976	0	19167
19809	259	181	89	19894	0	20423
19810	20561	118	57	902	0	21638
19811	20444	103	41	277	0	20865
19812	20371	101	55	150	0	20677
19813	992	20155	101	138	0	21386
19814	360	23240	77	156	0	23833
19815	23616	899	43	158	0	24716
19816	923	328	22734	139	0	24124
19817	390	146	700	23317	0	24553
19818	21592	131	183	797	0	22703
19819	872	20174	135	242	0	21423
19820	310	21451	110	144	0	22015
19821	22042	961	103	85	0	23191
19822	931	351	20933	97	0	22312
19823	21399	169	789	132	0	22489
19824	982	208	20833	127	0	22150
19825	403	246	21311	94	0	22054
19826	300	209	904	20804	0	22217
19827	255	244	21182	773	0	22454
19828	21258	136	896	224	0	22514
19829	24621	111	357	149	0	25238
19830	24455	150	268	132	0	25005
19831	24419	115	225	129	0	24888
19832	1151	118	205	23896	0	25370
19833	25446	96	175	910	0	26627
19834	1143	23899	187	296	0	25525
19835	551	822	126	23682	0	25181
19836	485	23827	124	764	0	25200
19837	25238	875	101	269	0	26483
19838	25141	300	102	243	0	25786
19839	1187	217	97	24339	0	25840
19840	24625	189	153	896	0	25863
19841	24524	225	139	334	0	25222
19842	1141	234	94	23946	0	25415
19843	546	216	137	24374	0	25273
19844	489	200	107	26086	0	26882
19845	442	151	24192	1194	0	25979
19846	424	215	23589	478	0	24706
19847	443	183	24694	301	0	25621
19848	368	153	1107	24235	0	25863
19849	326	184	25499	1078	0	27087
19850	312	133	1021	25167	0	26633
19851	317	173	25504	1154	0	27148
19852	393	164	24677	419	0	25653
19853	23718	130	1219	348	0	25415
19854	1062	23862	533	320	0	25777
19855	24870	930	331	315	0	26446
19856	1149	332	308	24350	0	26139
19857	573	237	292	25542	0	26644
19858	476	242	23734	1190	0	25642
19859	439	23685	957	511	0	25592
19860	417	987	306	24863	0	26573
19861	427	468	23989	1069	0	25953
19862	373	22574	812	468	0	24227
19863	333	799	353	23880	0	25365
19864	23597	350	312	970	0	25229
19865	23903	249	267	454	0	24873
19866	1135	226	270	23692	0	25323
19867	23758	249	294	998	0	25299
19868	986	25013	386	498	0	26883
19869	528	947	283	26980	0	28738
19870	509	435	27590	971	0	29505
19871	511	290	949	28462	0	30212
19872	536	254	28023	1163	0	29976
19873	27310	196	1019	541	0	29066
19874	1182	237	381	28061	0	29861
19875	572	27554	375	1097	0	29598
19876	507	913	281	29109	0	30810
19877	456	376	30916	1240	0	32988
19878	501	319	31487	592	0	32899
19879	516	270	30648	408	0	31842
19880	30286	234	1091	344	0	31955
19881	1008	30050	452	412	0	31922
19882	458	934	376	31338	0	33106
19883	31536	385	324	1010	0	33255
19884	998	30350	402	546	0	32296
19885	31750	883	353	411	0	33397
19886	31989	376	281	355	0	33001
19887	31605	346	266	373	0	32590
19888	32260	252	271	336	0	33119
19889	1375	287	30082	284	0	32028
19890	30337	183	959	371	0	31850
19891	1249	266	29937	288	0	31740
19892	23895	291	1139	402	0	25727
19893	1155	95	535	30418	0	32203
19894	611	149	29503	936	0	31199
19895	530	28638	953	462	0	30583
19896	534	2319	494	27320	0	30667
19897	510	28155	412	775	0	29852
19898	454	29168	309	488	0	30419
19899	27061	721	273	351	0	28406
19900	787	283	25106	296	0	26472
19901	109	19559	272	58	0	19998
19902	20664	199	106	40	0	21009
19903	242	19782	91	61	0	20176
19904	20112	192	53	37	0	20394
19905	222	113	42	19551	0	19928
19906	20087	42	42	220	0	20391
19907	207	45	51	19023	0	19326
19908	19252	54	54	212	0	19572
19909	224	62	43	18401	0	18730
19910	109	18823	77	212	0	19221
19911	75	205	58	22100	0	22438
19912	22011	105	56	206	0	22378
19913	202	21114	92	137	0	21545
19914	139	195	49	20504	0	20887
19915	20440	97	48	226	0	20811
19916	254	57	34	20293	0	20638
19917	121	53	40	20176	0	20390
19918	104	72	19786	281	0	20243
19919	72	67	19294	152	0	19585
19920	69	56	246	19689	0	20060
19921	63	65	20045	240	0	20413
19922	77	51	213	19924	0	20265
19923	89	80	97	19063	0	19329
19924	64	51	51	20406	0	20572
19925	85	78	21193	284	0	21640
19926	64	57	184	20621	0	20926
19927	62	46	93	21343	0	21544
19928	60	20390	139	266	0	20855
19929	68	190	71	19933	0	20262
19930	19829	87	49	245	0	20210
19931	218	67	52	19661	0	19998
19932	152	79	20937	247	0	21415
19933	19479	47	245	178	0	19949
19934	339	20301	126	121	0	20887
19935	189	288	83	21179	0	21739
19936	166	167	20544	343	0	21220
19937	19567	93	302	226	0	20188
19938	328	20225	223	163	0	20939
19939	21229	307	130	127	0	21793
19940	396	157	91	21035	0	21679
19941	20575	113	72	363	0	21123
19942	407	102	19919	196	0	20624
19943	231	19149	330	181	0	19891
19944	117	22062	136	112	0	22427
19945	22998	265	95	77	0	23435
19946	22681	165	68	57	0	22971
19947	326	129	22430	50	0	22935
19948	21643	89	222	48	0	22002
19949	21770	52	107	49	0	21978
19950	22028	39	86	56	0	22209
19951	391	21052	91	67	0	21601
19952	222	21335	81	57	0	21695
19953	22207	272	32	58	0	22569
19954	21899	184	30	58	0	22171
19955	333	23428	64	40	0	23865
19956	201	287	28	24111	0	24627
19957	176	146	23416	226	0	23964
19958	22984	113	212	125	0	23434
19959	23082	60	127	116	0	23385
19960	23881	47	94	77	0	24099
19961	362	22703	101	85	0	23251
19962	208	275	23817	61	0	24361
19963	24506	108	220	43	0	24877
19964	310	119	93	24676	0	25198
19965	161	106	98	24299	0	24664
19966	139	54	46	25323	0	25562
19967	116	61	24551	380	0	25108
19968	110	38	208	22115	0	22471
19969	59	40	19413	308	0	19820
19970	29	17170	216	153	0	17568
19971	17179	124	86	94	0	17483
19972	128	16893	96	50	0	17167
19973	72	16985	61	28	0	17146
19974	17434	183	23	16	0	17656
19975	151	16958	42	25	0	17176
19976	96	189	11	17244	0	17540
19977	82	15744	30	108	0	15964
19978	14850	185	10	53	0	15098
19979	139	14414	28	66	0	14647
19980	88	191	6	14852	0	15137
19981	91	116	14336	120	0	14663
19982	44	101	107	14298	0	14550
19983	36	14032	98	175	0	14341
19984	30	127	69	15413	0	15639
19985	33	75	40	15450	0	15598
19986	24	75	26	15149	0	15274
19987	36	38	14	15467	0	15555
19988	34	32	13	15440	0	15519
19989	29	24	16	15613	0	15682
19990	34	44	14686	346	0	15110
19991	13919	20	170	195	0	14304
19992	181	20	69	16635	0	16905
19993	101	33	16032	296	0	16462
19994	86	64	15348	142	0	15640
19995	53	25	316	16573	0	16967
19996	16910	27	192	293	0	17422
19997	269	50	16272	161	0	16752
19998	17236	30	313	147	0	17726
19999	359	65	18750	81	0	19255
20000	190	39	429	18309	0	18967
20001	169	38	167	20069	0	20443
20002	135	62	19444	471	0	20112
20003	18366	42	404	240	0	19052
20004	367	33	185	19772	0	20357
20005	163	48	19505	454	0	20170
20006	143	70	18996	224	0	19433
20007	120	37	465	18327	0	18949
20008	101	18533	297	361	0	19292
20009	19728	339	185	183	0	20435
20010	19568	134	158	160	0	20020
20011	508	121	18691	157	0	19477
20012	247	89	418	18187	0	18941
20013	18948	73	188	485	0	19694
20014	531	87	18351	218	0	19187
20015	18152	30	435	198	0	18815
20016	501	17830	291	175	0	18797
20017	217	372	229	18667	0	19485
20018	192	147	148	19286	0	19773
20019	22680	134	131	550	0	23495
20020	638	104	96	22541	0	23379
20021	297	94	70	22911	0	23372
20022	217	59	113	23386	0	23775
20023	22760	21	113	883	0	23777
20024	634	72	21795	422	0	22923
20025	21012	31	553	324	0	21920
20026	21224	36	223	260	0	21743
20027	21570	59	170	218	0	22017
20028	828	55	125	21327	0	22335
20029	404	97	20376	675	0	21552
20030	319	19707	581	346	0	20953
20031	282	19988	238	315	0	20823
20032	220	19462	197	225	0	20104
20033	191	501	18139	195	0	19026
20034	186	136	443	23835	0	24600
20035	24516	109	223	749	0	25597
20036	25807	101	159	372	0	26439
20037	1083	88	151	27978	0	29300
20038	561	121	27228	916	0	28826
20039	404	137	27515	454	0	28510
20040	265	106	989	28582	0	29942
20041	247	129	27294	1023	0	28693
20042	207	104	983	28092	0	29386
20043	174	120	425	27617	0	28336
20044	188	24912	404	1214	0	26718
20045	216	741	297	25687	0	26941
20046	221	259	203	27073	0	27756
20047	25577	186	287	1296	0	27346
20048	928	138	216	26152	0	27434
20049	472	101	204	26820	0	27597
20050	25447	134	270	1346	0	27197
20051	972	24910	248	913	0	27043
20052	26171	770	209	739	0	27889
20053	1133	396	25058	522	0	27109
20054	25893	285	815	642	0	27635
20055	24338	263	408	574	0	25583
20056	1417	237	23363	385	0	25402
20057	758	212	23466	547	0	24983
20058	757	93	1114	23910	0	25874
20059	24055	69	690	1131	0	25945
20060	1217	141	23279	770	0	25407
20061	702	96	1164	24227	0	26189
20062	465	197	22490	1225	0	24377
20063	471	185	1211	22564	0	24431
20064	383	161	717	23266	0	24527
20065	23424	142	661	1580	0	25807
20066	23780	110	506	1050	0	25446
20067	24338	172	366	941	0	25817
20068	1553	195	24677	764	0	27189
20069	855	145	25068	895	0	26963
20070	752	112	1251	25658	0	27773
20071	680	151	787	26111	0	27729
20072	620	158	609	27090	0	28477
20073	25215	115	555	1792	0	27677
20074	1153	25351	602	1186	0	28292
20075	25829	937	473	922	0	28161
20076	25297	425	417	809	0	26948
20077	1560	24758	514	750	0	27582
20078	1182	26130	430	611	0	28353
20079	25486	1131	523	621	0	27761
20080	1280	569	579	25165	0	27593
20081	927	23123	514	3707	0	28271
20082	1098	971	350	26743	0	29162
20083	911	599	25149	1748	0	28407
20084	744	458	1127	26063	0	28392
20085	25709	333	880	1617	0	28539
20086	1378	354	25090	1262	0	28084
20087	955	353	25034	1065	0	27407
20088	916	286	1619	22916	0	25737
20089	798	23089	1096	1679	0	26662
20090	796	24642	808	1257	0	27503
20091	736	25567	699	1263	0	28265
20092	24813	1145	656	1198	0	27812
20093	25177	639	620	1159	0	27595
20094	24297	442	549	1182	0	26470
20095	1462	23673	498	1370	0	27003
20096	25029	850	511	1113	0	27503
20097	24885	617	515	983	0	27000
20098	1837	683	21964	880	0	25364
20099	1357	21327	1018	597	0	24299
20100	1066	1072	731	22184	0	25053
20101	21860	727	572	1133	0	24292
20102	1537	576	20689	782	0	23584
20103	1092	309	1172	20450	0	23023
20104	823	20732	880	1469	0	23904
20105	866	850	702	21165	0	23583
20106	863	467	745	22008	0	24083
20107	22250	381	723	1705	0	25059
20108	22514	414	676	1208	0	24812
20109	1358	394	780	22237	0	24769
20110	936	459	19309	1468	0	22172
20111	846	406	18305	1055	0	20612
20112	19163	424	1015	991	0	21593
20113	1583	449	18415	752	0	21199
20114	1158	397	1035	15337	0	17927
20115	999	16676	849	1021	0	19545
20116	17675	715	719	721	0	19830
20117	1294	16965	739	792	0	19790
20118	16906	832	1456	793	0	19987
20119	1140	420	538	15494	0	17592
20120	959	456	487	15675	0	17577
20121	15591	501	429	1187	0	17708
20122	15636	382	397	795	0	17210
20123	1367	522	421	15281	0	17591
20124	1141	592	366	14956	0	17055
20125	1015	540	14559	1031	0	17145
20126	754	547	14367	924	0	16592
20127	15012	598	791	814	0	17215
20128	1111	538	13971	819	0	16439
20129	15004	355	859	902	0	17120
20130	15013	385	644	813	0	16855
20131	1376	327	14537	839	0	17079
20132	1055	14558	1017	651	0	17281
20133	941	15629	956	610	0	18136
20134	345	308	10182	260	0	11095
20135	274	1593	379	8095	0	10341
20136	8132	56	140	184	0	8512
20137	6296	6	6	28	0	6336
20138	7556	3	11	14	0	7584
20139	9143	2	12	15	0	9172
20140	9177	6	16	12	0	9211
20141	458	8960	29	18	0	9465
20142	9193	403	19	3	0	9618
20143	417	9087	31	18	0	9553
20144	9465	431	13	6	0	9915
20145	479	113	8855	8	0	9455
20146	133	44	375	9188	0	9740
20147	97	23	79	8964	0	9163
20148	55	8932	58	428	0	9473
20149	9222	414	22	100	0	9758
20150	9631	112	7	47	0	9797
20151	531	56	14	9195	0	9796
20152	151	27	27	9755	0	9960
20153	9327	11	24	528	0	9890
20154	446	15	24	9396	0	9881
20155	102	37	8	9814	0	9961
20156	9389	32	7	527	0	9955
20157	488	19	15	9485	0	10007
20158	9410	18	14	496	0	9938
20159	9753	10	20	150	0	9933
20160	557	34	8948	84	0	9623
20161	9344	21	381	77	0	9823
20162	9706	24	88	61	0	9879
20163	9794	15	39	60	0	9908
20164	564	46	8962	68	0	9640
20165	196	17	396	8445	0	9054
20166	123	13	89	9205	0	9430
20167	96	38	8523	521	0	9178
20168	6993	8	396	129	0	7526
20169	496	18	95	6712	0	7321
20170	191	29	6351	470	0	7041
20171	128	46	6679	115	0	6968
20172	89	23	462	6701	0	7275
20173	92	43	6469	500	0	7104
20174	86	19	454	6598	0	7157
20175	100	8	108	7027	0	7243
20176	91	48	6240	556	0	6935
20177	99	19	423	6028	0	6569
20178	64	6234	145	453	0	6896
20179	73	6920	86	143	0	7222
20180	6481	509	74	93	0	7157
20181	6681	121	59	100	0	6961
20182	530	6515	51	118	0	7214
20183	7096	442	60	92	0	7690
20184	8258	110	51	90	0	8509
20185	571	76	51	7886	0	8584
20186	189	89	44	8406	0	8728
20187	7634	72	42	576	0	8324
20188	520	7386	63	175	0	8144
20189	240	7902	57	116	0	8315
20190	175	533	57	7794	0	8559
20191	189	149	7432	513	0	8283
20192	7303	77	415	199	0	7994
20193	7793	65	99	150	0	8107
20194	7565	62	63	98	0	7788
20195	635	7240	68	95	0	8038
20196	283	481	44	7057	0	7865
20197	214	157	56	7814	0	8241
20198	7266	89	66	616	0	8037
20199	590	7167	76	229	0	8062
20200	305	474	73	7204	0	8056
20201	298	141	49	7619	0	8107
20202	238	148	59	7822	0	8267
20203	7324	112	56	678	0	8170
20204	606	7740	70	300	0	8716
20205	307	526	64	7541	0	8438
20206	297	7830	92	530	0	8749
20207	7506	520	73	259	0	8358
20208	640	148	7092	244	0	8124
20209	7159	118	453	264	0	7994
20210	634	111	7073	265	0	8083
20211	283	102	427	7051	0	7863
20212	7171	97	124	577	0	7969
20213	613	96	7390	288	0	8387
20214	7746	66	417	233	0	8462
20215	8146	44	164	228	0	8582
20216	8191	44	116	226	0	8577
20217	694	50	112	7676	0	8532
20218	294	54	96	8113	0	8557
20219	274	29	92	8300	0	8695
20220	7715	29	110	672	0	8526
20221	565	7367	130	315	0	8377
20222	7938	404	117	190	0	8649
20223	8228	128	119	155	0	8630
20224	688	84	7506	177	0	8455
20225	7726	58	440	198	0	8422
20226	8134	44	191	205	0	8574
20227	643	60	148	7677	0	8528
20228	282	64	157	8051	0	8554
20229	221	64	132	8267	0	8684
20230	7790	62	117	689	0	8658
20231	6915	41	145	250	0	7351
20232	6388	35	109	170	0	6702
20233	519	5944	108	176	0	6747
20234	184	6210	146	163	0	6703
20235	115	6456	112	201	0	6884
20236	6271	458	96	218	0	7043
20237	467	148	6087	202	0	6904
20238	100	48	4744	83	0	4975
20239	2783	2	26	10	0	2821
20240	25	3	2959	11	0	2998
20241	0	6	1	2520	0	2527
20242	0	2352	13	2	0	2367
20243	2669	0	0	1	0	2670
20244	2631	0	0	0	0	2631
20245	2636	0	0	0	0	2636
20246	0	2	0	2905	0	2907
20247	0	1	2943	0	0	2944
20248	0	11	2644	2	0	2657
20249	2865	1	0	1	0	2867
20250	2962	0	0	0	0	2962
20251	2880	0	0	0	0	2880
20252	1	0	0	2898	0	2899
20253	0	0	0	2914	0	2914
20254	1	0	2826	0	0	2827
20255	2739	1	3	1	0	2744
20256	0	0	0	2951	0	2951
20257	0	1	0	2907	0	2908
20258	1	0	0	2965	0	2966
20259	0	2726	4	2	0	2732
20260	0	0	0	2988	0	2988
20261	1	1	0	2947	0	2949
20262	2939	0	0	1	0	2940
20263	0	2	2881	0	0	2883
20264	2768	0	0	2	0	2770
20265	2944	0	1	0	0	2945
20266	0	3	0	2913	0	2916
20267	0	1	0	2910	0	2911
20268	2956	0	1	0	0	2957
20269	0	4	2806	1	0	2811
20270	0	2596	12	4	0	2612
20271	0	0	0	2969	0	2969
20272	2966	0	0	2	0	2968
20273	0	1	0	2918	0	2919
20274	2	1	2863	1	0	2867
20275	1	8	2586	0	0	2595
20276	2782	0	0	1	0	2783
20277	0	0	0	2924	0	2924
20278	1	3	2907	2	0	2913
20279	2812	1	1	3	0	2817
20280	2924	0	0	2	0	2926
20281	2	4	0	2847	0	2853
20282	2	1	0	2904	0	2907
20283	0	2332	8	3	0	2343
20284	1735	0	0	0	0	1735
20285	0	0	0	1717	0	1717
20286	1	0	0	1709	0	1710
20287	0	1	1689	0	0	1690
20288	1572	1	0	0	0	1573
20289	1692	0	0	2	0	1694
20290	1	1561	4	5	0	1571
20291	0	0	1659	0	0	1659
20292	1	1	1651	0	0	1653
20293	0	0	0	1647	0	1647
20294	1715	0	0	1	0	1716
20295	0	0	1	1670	0	1671
20296	1704	0	0	0	0	1704
20297	1673	0	0	4	0	1677
20298	1647	0	2	1	0	1650
20299	2	1	0	1601	0	1604
20300	0	0	2	1582	0	1584
20301	1675	0	0	1	0	1676
20302	0	1	1662	0	0	1663
20303	1491	0	3	1	0	1495
20304	1034	2	0	1	0	1037
20305	0	1	1126	0	0	1127
20306	2	0	1096	1	0	1099
20307	0	1016	8	2	0	1026
20308	0	0	0	1130	0	1130
20309	747	7	6	7	0	767
20310	0	0	0	1097	0	1097
20311	0	0	1109	1	0	1110
20312	0	989	3	3	0	995
20313	0	402	1	1	0	404
20314	2	1	0	437	0	440
20315	0	0	0	432	0	432
20316	1	979	2	2	0	984
20317	0	3	1004	4	0	1011
20318	953	0	0	0	0	953
20319	1048	0	0	1	0	1049
20320	0	991	3	1	0	995
20321	1055	0	0	1	0	1056
20322	0	0	0	1037	0	1037
20323	1055	0	0	2	0	1057
20324	0	0	0	1037	0	1037
20325	0	1733	4	0	0	1737
20326	1	11	1793	0	0	1805
20327	1	2	7	1820	0	1830
20328	2	1	1	1805	0	1809
20329	1	1	0	1862	0	1864
20330	1871	0	0	9	0	1880
20331	8	0	0	1872	0	1880
20332	2	9	3282	9	0	3302
20333	3	10	3163	1	0	3177
20334	3349	2	18	3	0	3372
20335	17	9	3268	3	0	3297
20336	3310	0	18	4	0	3332
20337	19	0	5	3365	0	3389
20338	4	0	6	3381	0	3391
20339	5	0	6	3398	0	3409
20340	3	0	6	3986	0	3995
20341	3951	1	7	53	0	4012
20342	54	17	4268	12	0	4351
20343	21	2	50	4264	0	4337
20344	5	4684	20	61	0	4770
20345	4775	87	8	21	0	4891
20346	92	17	4	4543	0	4656
20347	4524	5	9	102	0	4640
20348	99	14	4361	27	0	4501
20349	26	9	103	4195	0	4333
20350	18	4352	30	85	0	4485
20351	4530	88	19	24	0	4661
20352	107	23	4401	23	0	4554
20353	28	10	93	4413	0	4544
20354	23	3	27	4603	0	4656
20355	4521	5	13	129	0	4668
20356	101	11	4406	36	0	4554
20357	41	11	4448	14	0	4514
20358	21	6	118	4443	0	4588
20359	18	11	4453	111	0	4593
20360	14	16	4379	36	0	4445
20361	20	6	120	4241	0	4387
20362	18	6	34	4323	0	4381
20363	26	4	27	4620	0	4677
20364	4464	6	35	131	0	4636
20365	112	4436	27	61	0	4636
20366	4515	102	34	32	0	4683
20367	115	24	23	4403	0	4565
20368	37	4367	23	123	0	4550
20369	29	91	22	4578	0	4720
20370	4400	24	20	147	0	4591
20371	116	4963	25	56	0	5160
20372	43	119	28	5144	0	5334
20373	32	48	6520	155	0	6755
20374	6584	23	133	68	0	6808
20375	138	20	50	6776	0	6984
20376	58	13	34	6846	0	6951
20377	33	18	6878	197	0	7126
20378	32	29	6576	90	0	6727
20379	6794	13	156	64	0	7027
20380	146	6772	77	55	0	7050
20381	63	128	47	7108	0	7346
20382	7122	46	33	156	0	7357
20383	148	35	6835	83	0	7101
20384	53	6820	151	68	0	7092
20385	42	134	56	7132	0	7364
20386	7862	44	42	167	0	8115
20387	7781	30	39	81	0	7931
20388	7872	18	30	72	0	7992
20389	183	7554	37	54	0	7828
20390	83	137	7543	46	0	7809
20391	57	56	146	7694	0	7953
20392	48	51	64	7268	0	7431
20393	46	25	50	7811	0	7932
20394	47	24	52	8057	0	8180
20395	7958	27	33	230	0	8248
20396	7799	34	40	117	0	7990
20397	188	34	7733	92	0	8047
20398	99	38	7748	79	0	7964
20399	7813	23	203	72	0	8111
20400	8301	24	83	69	0	8477
20401	190	24	64	8062	0	8340
20402	99	7887	76	185	0	8247
20403	8201	135	37	116	0	8489
20404	172	7876	50	106	0	8204
20405	80	7893	49	96	0	8118
20406	64	164	44	8274	0	8546
20407	55	59	47	8352	0	8513
20408	67	50	33	8235	0	8385
20409	53	44	41	8360	0	8498
20410	62	51	7937	237	0	8287
20411	7744	49	152	113	0	8058
20412	8276	30	69	89	0	8464
20413	202	36	51	8102	0	8391
20414	92	44	54	8262	0	8452
20415	8263	30	53	222	0	8568
20416	186	54	7202	126	0	7568
20417	7377	32	152	93	0	7654
20418	7584	41	72	93	0	7790
20419	226	40	7237	80	0	7583
20420	7431	36	149	89	0	7705
20421	201	36	70	8338	0	8645
20422	99	25	66	8316	0	8506
20423	74	30	63	8465	0	8632
20424	82	31	65	8563	0	8741
20425	7577	20	28	210	0	7835
20426	154	27	36	7557	0	7774
20427	85	18	29	7518	0	7650
20428	60	7100	42	201	0	7403
20429	49	7346	39	102	0	7536
20430	50	144	23	7663	0	7880
20431	7552	50	22	185	0	7809
20432	124	19	18	5983	0	6144
20433	48	19	5872	147	0	6086
20434	46	22	5426	70	0	5564
20435	5456	17	134	52	0	5659
20436	130	5622	58	43	0	5853
20437	5949	109	26	28	0	6112
20438	135	49	6691	36	0	6911
20439	67	541	110	6100	0	6818
20440	6451	10	32	85	0	6578
20441	86	6009	29	58	0	6182
20442	5878	74	14	37	0	6003
20443	103	34	6322	25	0	6484
20444	27	16	30	5836	0	5909
20445	13	12	20	5981	0	6026
20446	6094	3	11	59	0	6167
20447	5664	7	15	30	0	5716
20448	5951	6	8	25	0	5990
20449	5913	7	4	21	0	5945
20450	6044	10	8	12	0	6074
20451	60	5574	19	13	0	5666
20452	36	26	5	6095	0	6162
20453	6155	18	11	37	0	6221
20454	38	14	4	5943	0	5999
20455	30	6	1	5937	0	5974
20456	24	6	5	6042	0	6077
20457	18	5787	14	51	0	5870
20458	6101	25	5	30	0	6161
20459	35	20	9	6025	0	6089
20460	6111	11	8	39	0	6169
20461	6015	7	4	37	0	6063
20462	50	6027	18	29	0	6124
20463	6510	26	6	19	0	6561
20464	45	23	6147	18	0	6233
20465	6190	12	32	8	0	6242
20466	50	11	17	7657	0	7735
20467	30	13	7610	37	0	7690
20468	16	7003	62	47	0	7128
20469	19	45	7532	21	0	7617
20470	16	7278	70	24	0	7388
20471	7166	7	2	3	0	7178
20472	7417	4	4	1	0	7426
20473	5966	1	4	3	0	5974
20474	17	5809	15	6	0	5847
20475	6138	12	2	4	0	6156
20476	20	22	5712	0	0	5754
20477	6	16	5383	0	0	5405
20478	5	5	18	5219	0	5247
20479	6	3	7	5635	0	5651
20480	2	5430	27	19	0	5478
20481	5751	12	2	5	0	5770
20482	11	4	3	5670	0	5688
20483	10	5356	26	14	0	5406
20484	5	15	0	5798	0	5818
20485	5740	5	2	15	0	5762
20486	4926	4	3	5	0	4938
20487	25	8	4757	2	0	4792
20488	8	6	16	4745	0	4775
20489	9	8	4805	15	0	4837
20490	4	1	15	4776	0	4796
20491	11	5	4838	19	0	4873
20492	4	5	12	4776	0	4797
20493	4	12	4822	17	0	4855
20494	3	7	14	4745	0	4769
20495	6	8	4811	18	0	4843
20496	2	4	14	4659	0	4679
20497	7	3	10	4789	0	4809
20498	6	4209	14	24	0	4253
20499	7	13	7	4585	0	4612
20500	6	14	4415	20	0	4455
20501	7	4	19	4321	0	4351
20502	4	5	10	4520	0	4539
20503	4542	3	6	24	0	4575
20504	17	7	5	4445	0	4474
20505	7	3	9	4462	0	4481
20506	6	12	4302	25	0	4345
20507	4083	3	24	18	0	4128
20508	17	4	8	4481	0	4510
20509	8	4	6	4458	0	4476
20510	6	7	4	4542	0	4559
20511	4519	3	4	27	0	4553
20512	16	5	5	4456	0	4482
20513	7	3	4	4450	0	4464
20514	4480	3	3	34	0	4520
20515	17	4335	13	22	0	4387
20516	9	13	4	4484	0	4510
20517	11	5	4	4505	0	4525
20518	7	8	4371	28	0	4414
20519	3373	11	31	41	0	3456
20520	19	0	11	4377	0	4407
20521	7	11	3756	29	0	3803
20522	3692	3	20	20	0	3735
20523	19	1	11	3809	0	3840
20524	8	4	7	3791	0	3810
20525	9	3	8	3835	0	3855
20526	7	3	4	3841	0	3855
20527	5	16	4241	31	0	4293
20528	9	7	60	4218	0	4294
20529	6	5	14	5407	0	5432
20530	8	16	6593	170	0	6787
20531	6662	6	219	50	0	6937
20532	7019	3	77	56	0	7155
20533	7093	4	73	37	0	7207
20534	369	2	52	6900	0	7323
20535	7071	2	31	251	0	7355
20536	7128	4	18	94	0	7244
20537	393	4	9	6966	0	7372
20538	6081	2	12	302	0	6397
20539	6170	3	15	127	0	6315
20540	6173	4	12	100	0	6289
20541	6242	4	8	80	0	6334
20542	433	3	9	5834	0	6279
20543	235	5237	15	257	0	5744
20544	171	5876	31	100	0	6178
20545	120	6071	29	87	0	6307
20546	5930	356	10	77	0	6373
20547	6148	188	8	52	0	6396
20548	349	155	5704	35	0	6243
20549	6017	92	219	41	0	6369
20550	400	34	73	5972	0	6479
20551	202	16	77	6140	0	6435
20552	146	13	52	6297	0	6508
20553	6013	10	30	400	0	6453
20554	313	15	13	6073	0	6414
20555	140	5735	18	400	0	6293
20556	132	230	10	6163	0	6535
20557	98	103	5722	369	0	6292
20558	71	105	222	6032	0	6430
20559	5967	85	86	363	0	6501
20560	294	71	5685	167	0	6217
20561	158	20	268	5781	0	6227
20562	146	19	117	5524	0	5806
20563	121	17	85	5575	0	5798
20564	85	5391	69	401	0	5946
20565	72	234	30	5774	0	6110
20566	4275	76	20	421	0	4792
20567	4542	75	18	197	0	4832
20568	368	69	4090	157	0	4684
20569	195	53	4272	118	0	4638
20570	184	40	294	4209	0	4727
20571	121	25	154	4530	0	4830
20572	69	31	3641	337	0	4078
20573	59	32	281	4261	0	4633
20574	64	4476	116	396	0	5052
20575	4606	303	102	171	0	5182
20576	4900	86	63	151	0	5200
20577	4960	80	47	113	0	5200
20578	488	73	4484	81	0	5126
20579	240	54	301	4664	0	5259
20580	219	32	4430	378	0	5059
20581	4600	18	367	138	0	5123
20582	386	4496	144	134	0	5160
20583	142	314	125	4679	0	5260
20584	4638	102	91	378	0	5209
20585	405	89	53	4656	0	5203
20586	173	72	44	5010	0	5299
20587	140	60	4406	498	0	5104
20588	4566	32	317	257	0	5172
20589	417	4488	119	196	0	5220
20590	191	311	114	4722	0	5338
20591	4719	101	74	409	0	5303
20592	450	105	52	4749	0	5356
20593	4686	71	42	469	0	5268
20594	463	4547	34	226	0	5270
20595	4835	320	38	204	0	5397
20596	530	119	4416	118	0	5183
20597	4774	112	313	120	0	5319
20598	5022	82	112	101	0	5317
20599	5078	58	124	93	0	5353
20600	605	36	110	4666	0	5417
20601	350	65	50	4901	0	5366
20602	312	52	38	4837	0	5239
20603	234	4509	35	493	0	5271
20604	4680	355	26	320	0	5381
20605	471	105	52	4748	0	5376
20606	250	102	46	5014	0	5412
20607	221	78	43	5140	0	5482
20608	4768	61	57	558	0	5444
20609	486	50	45	4855	0	5436
20610	222	47	4317	600	0	5186
20611	213	5068	306	295	0	5882
20612	158	341	103	5429	0	6031
20613	150	174	90	5634	0	6048
20614	96	149	90	5785	0	6120
20615	113	122	6302	592	0	7129
20616	135	69	6676	352	0	7232
20617	137	47	610	6790	0	7584
20618	116	56	6496	701	0	7369
20619	129	34	607	6886	0	7656
20620	7112	39	189	795	0	8135
20621	7605	55	146	381	0	8187
20622	7843	41	86	323	0	8293
20623	834	65	6896	215	0	8010
20624	7360	57	548	184	0	8149
20625	780	84	187	7154	0	8205
20626	325	48	7502	667	0	8542
20627	234	38	7462	244	0	7978
20628	180	7018	625	263	0	8086
20629	137	6613	212	157	0	7119
20630	4941	328	36	44	0	5349
20631	311	72	28	4952	0	5363
20632	74	41	4876	337	0	5328
20633	57	16	301	4955	0	5329
20634	4991	15	72	353	0	5431
20635	332	27	4778	92	0	5229
20636	4820	13	334	64	0	5231
20637	5964	20	79	63	0	6126
20638	5984	23	46	66	0	6119
20639	472	5518	48	44	0	6082
20640	5832	366	24	51	0	6273
20641	457	73	40	5694	0	6264
20642	130	47	47	5946	0	6170
20643	102	23	49	6067	0	6241
20644	60	21	58	5685	0	5824
20645	5174	14	49	502	0	5739
20646	405	4927	60	170	0	5562
20647	114	5146	66	97	0	5423
20648	99	5423	40	82	0	5644
20649	5241	456	33	66	0	5796
20650	5630	120	43	66	0	5859
20651	5623	62	46	70	0	5801
20652	5644	47	29	80	0	5800
20653	522	27	46	5231	0	5826
20654	171	25	45	5663	0	5904
20655	5177	37	51	481	0	5746
20656	417	5101	62	157	0	5737
20657	5349	393	50	97	0	5889
20658	5623	96	57	72	0	5848
20659	487	74	47	5140	0	5748
20660	181	5060	56	428	0	5725
20661	146	375	42	5368	0	5931
20662	5324	75	37	488	0	5924
20663	466	70	5312	151	0	5999
20664	162	38	370	5171	0	5741
20665	135	5367	96	405	0	6003
20666	5505	391	85	123	0	6104
20667	5790	111	60	100	0	6061
20668	537	102	5964	74	0	6677
20669	197	5830	398	86	0	6511
20670	167	378	5947	98	0	6590
20671	151	98	402	6028	0	6679
20672	121	75	6102	464	0	6762
20673	83	35	5253	134	0	5505
20674	72	5026	368	91	0	5557
20675	5139	309	121	67	0	5636
20676	5221	90	65	55	0	5431
20677	369	4963	75	52	0	5459
20678	161	5277	50	53	0	5541
20679	129	369	5028	56	0	5582
20680	109	129	5203	66	0	5507
20681	99	96	5315	61	0	5571
20682	92	50	377	5097	0	5616
20683	87	42	5173	351	0	5653
20684	80	45	347	5054	0	5526
20685	87	45	119	5257	0	5508
20686	105	68	5035	392	0	5600
20687	109	4905	305	158	0	5477
20688	97	324	91	5199	0	5711
20689	5174	119	76	347	0	5716
20690	393	89	39	5204	0	5725
20691	165	62	5002	372	0	5601
20692	137	4817	319	121	0	5394
20693	100	5248	122	110	0	5580
20694	95	372	73	5181	0	5721
20695	5145	138	60	360	0	5703
20696	5472	89	59	119	0	5739
20697	432	90	51	4967	0	5540
20698	174	5669	51	296	0	6190
20699	130	343	47	5813	0	6333
20700	115	116	66	6042	0	6339
20701	85	88	61	6158	0	6392
20702	5716	69	60	451	0	6296
20703	350	5655	59	205	0	6269
20704	5867	332	61	128	0	6388
20705	6089	115	62	97	0	6363
20706	6048	90	41	105	0	6284
20707	6175	85	49	68	0	6377
20708	470	97	43	5732	0	6342
20709	208	82	5469	368	0	6127
20710	133	5512	334	144	0	6123
20711	5198	342	105	143	0	5788
20712	5414	128	88	106	0	5736
20713	5510	97	64	115	0	5786
20714	481	97	5087	92	0	5757
20715	3720	25	103	16	0	3864
20716	3895	18	31	19	0	3963
20717	162	12	29	3728	0	3931
20718	78	24	3600	121	0	3823
20719	45	3575	129	45	0	3794
20720	21	90	28	3243	0	3382
20721	3219	24	27	97	0	3367
20722	110	25	13	3181	0	3329
20723	40	20	13	3271	0	3344
20724	3253	10	12	112	0	3387
20725	103	20	3051	54	0	3228
20726	2640	8	92	40	0	2780
20727	2448	20	34	22	0	2524
20728	2456	13	33	21	0	2523
20729	2463	17	18	15	0	2513
20730	129	10	2288	18	0	2445
20731	63	12	88	2339	0	2502
20732	33	20	2335	97	0	2485
20733	24	13	103	2375	0	2515
20734	21	19	2274	111	0	2425
20735	2257	8	115	34	0	2414
20736	111	2275	43	29	0	2458
20737	16	1496	7	8	0	1527
20738	16	9	6	1546	0	1577
20739	19	6	0	1511	0	1536
20740	9	2953	23	17	0	3002
20741	3323	9	4	14	0	3350
20742	3617	2	10	7	0	3636
20743	4086	5	1	12	0	4104
20744	4420	3	9	7	0	4439
20745	70	4	4	4366	0	4444
20746	36	11	3	4452	0	4502
20747	4950	5	4	89	0	5048
20748	125	3	3	4993	0	5124
20749	43	13	4735	139	0	4930
20750	31	22	4605	49	0	4707
20751	25	2	134	4945	0	5106
20752	26	24	6532	125	0	6707
20753	6596	6	130	54	0	6786
20754	152	3	49	6800	0	7004
20755	6879	0	24	155	0	7058
20756	153	16	6545	61	0	6775
20757	59	6	134	6670	0	6869
20758	40	17	6568	152	0	6777
20759	29	6388	144	73	0	6634
20760	6749	129	63	40	0	6981
20761	8281	46	37	40	0	8404
20762	178	7896	35	47	0	8156
20763	8010	130	31	32	0	8203
20764	161	52	20	7880	0	8113
20765	82	23	14	8037	0	8156
20766	7949	20	15	178	0	8162
20767	170	7503	31	67	0	7771
20768	77	7172	27	48	0	7324
20769	42	174	18	7395	0	7629
20770	7257	56	13	154	0	7480
20771	7344	25	14	76	0	7459
20772	7314	21	16	39	0	7390
20773	209	38	7049	27	0	7323
20774	92	37	7861	33	0	8023
20775	52	8045	170	46	0	8313
20776	8574	132	61	29	0	8796
20777	184	51	24	8490	0	8749
20778	8585	26	27	146	0	8784
20779	8599	27	30	70	0	8726
20780	199	16	31	8422	0	8668
20781	91	26	9179	156	0	9452
20782	9130	19	140	70	0	9359
20783	186	8	60	9458	0	9712
20784	105	20	9191	158	0	9474
20785	8937	19	146	73	0	9175
20786	9453	17	59	44	0	9573
20787	216	11	33	9346	0	9606
20788	109	22	9151	168	0	9450
20789	79	11	129	8946	0	9165
20790	63	8778	87	176	0	9104
20791	72	140	8927	76	0	9215
20792	68	8747	160	48	0	9023
20793	9413	138	77	62	0	9690
20794	9398	54	53	55	0	9560
20795	9375	26	54	51	0	9506
20796	9505	26	30	56	0	9617
20797	239	31	51	9299	0	9620
20798	8819	21	24	158	0	9022
20799	178	16	27	8718	0	8939
20800	8715	19	27	166	0	8927
20801	179	8291	34	88	0	8592
20802	111	130	24	8612	0	8877
20803	52	8370	38	156	0	8616
20804	8736	142	24	72	0	8974
20805	8724	54	24	48	0	8850
20806	201	8284	41	61	0	8587
20807	106	131	23	8734	0	8994
20808	75	72	8391	166	0	8704
20809	66	45	128	8448	0	8687
20810	68	35	8471	167	0	8741
20811	63	30	123	8264	0	8480
20812	56	8067	89	142	0	8354
20813	8676	146	30	83	0	8935
20814	8653	66	37	64	0	8820
20815	221	27	37	8527	0	8812
20816	8773	30	32	164	0	8999
20817	186	37	39	8624	0	8886
20818	98	30	24	8691	0	8843
20819	70	22	29	8836	0	8957
20820	8619	20	19	208	0	8866
20821	8546	26	28	101	0	8701
20822	8587	29	25	79	0	8720
20823	218	8170	43	68	0	8499
20824	8697	126	19	65	0	8907
20825	198	8327	33	59	0	8617
20826	8723	131	26	46	0	8926
20827	206	59	24	8471	0	8760
20828	108	33	23	8696	0	8860
20829	8642	33	32	189	0	8896
20830	8592	32	21	94	0	8739
20831	232	8202	34	63	0	8531
20832	8713	134	18	50	0	8915
20833	195	61	20	8507	0	8783
20834	107	37	20	8556	0	8720
20835	8504	35	20	198	0	8757
20836	196	35	8229	83	0	8543
20837	124	7714	135	52	0	8025
20838	79	123	50	8451	0	8703
20839	85	61	8288	170	0	8604
20840	72	29	120	6839	0	7060
20841	6902	15	61	167	0	7145
20842	158	6155	35	90	0	6438
20843	63	5707	18	42	0	5830
20844	24	5037	14	33	0	5108
20845	16	63	9	5576	0	5664
20846	5078	9	510	83	0	5680
20847	0	4	1	4919	0	4924
20848	5026	0	0	1	0	5027
20849	5006	0	0	8	0	5014
20850	3	3	0	4903	0	4909
20851	5054	0	0	2	0	5056
20852	0	1	0	3794	0	3795
20853	2	6	4525	0	0	4533
20854	4514	0	2	6	0	4522
20855	0	11	5917	0	0	5928
20856	5837	1	8	2	0	5848
20857	10	6	5897	1	0	5914
20858	10	2	13	5949	0	5974
20859	7	1	11	6049	0	6068
20860	6124	0	8	19	0	6151
20861	9	1	1	4734	0	4745
20862	5883	0	4	16	0	5903
20863	16	5524	30	14	0	5584
20864	5918	11	4	8	0	5941
20865	18	13	5	5846	0	5882
20866	19	7	8	5823	0	5857
20867	16	3	8	5851	0	5878
20868	7	1	13	5871	0	5892
20869	10	3	5746	41	0	5800
20870	12	9	5562	30	0	5613
20871	12	5	20	6615	0	6652
20872	18	15	6816	66	0	6915
20873	20	6517	100	41	0	6678
20874	15	56	34	5991	0	6096
20875	22	33	6880	74	0	7009
20876	10	39	7750	61	0	7860
20877	14	8	186	7803	0	8011
20878	13	13	61	7735	0	7822
20879	13	7772	52	228	0	8065
20880	14	167	33	8173	0	8387
20881	15	59	7041	218	0	7333
20882	6975	31	193	80	0	7279
20883	168	20	81	7342	0	7611
20884	7240	11	65	232	0	7548
20885	7306	14	45	111	0	7476
20886	7368	23	50	82	0	7523
20887	246	33	7132	83	0	7494
20888	90	31	7117	77	0	7315
20889	6805	18	251	68	0	7142
20890	220	37	7122	72	0	7451
20891	94	27	210	7088	0	7419
20892	86	28	82	7363	0	7559
20893	82	43	7598	265	0	7988
20894	56	7891	223	140	0	8310
20895	7844	187	110	95	0	8236
20896	215	7722	92	88	0	8117
20897	101	8512	83	105	0	8801
20898	8653	244	96	81	0	9074
20899	238	113	8469	80	0	8900
20900	107	64	8441	96	0	8708
20901	70	31	305	8608	0	9014
20902	8428	57	139	245	0	8869
20903	231	8421	120	164	0	8936
20904	8659	235	113	87	0	9094
20905	264	133	8202	77	0	8676
20906	130	8345	258	108	0	8841
20907	80	233	163	8602	0	9078
20908	78	122	8410	268	0	8878
20909	83	68	244	10210	0	10605
20910	92	77	150	10033	0	10352
20911	104	83	102	10270	0	10559
20912	119	58	96	10602	0	10875
20913	10309	68	119	340	0	10836
20914	10335	68	100	188	0	10691
20915	351	76	10007	148	0	10582
20916	9831	59	308	138	0	10336
20917	296	9818	203	151	0	10468
20918	10380	214	167	164	0	10925
20919	288	116	10083	179	0	10666
20920	182	92	310	11228	0	11812
20921	180	95	11145	405	0	11825
20922	147	103	11085	211	0	11546
20923	131	109	425	10954	0	11619
20924	150	100	204	11325	0	11779
20925	142	137	10715	461	0	11455
20926	137	10415	416	253	0	11221
20927	170	11035	221	238	0	11664
20928	128	411	185	11295	0	12019
20929	10710	179	180	427	0	11496
20930	370	10838	176	300	0	11684
20931	248	357	10903	185	0	11693
20932	193	176	11091	173	0	11633
20933	171	144	11072	193	0	11580
20934	177	129	467	10812	0	11585
20935	11007	130	260	434	0	11831
20936	385	10781	242	292	0	11700
20937	215	360	10777	224	0	11576
20938	149	10782	447	255	0	11633
20939	124	378	265	11072	0	11839
20940	163	176	10878	440	0	11657
20941	153	10783	446	306	0	11688
20942	175	389	236	10888	0	11688
20943	166	208	201	11478	0	12053
20944	169	187	10954	474	0	11784
20945	195	154	416	9952	0	10717
20946	174	10426	273	422	0	11295
20947	190	371	10533	250	0	11344
20948	10497	190	474	234	0	11395
20949	403	163	268	10624	0	11458
20950	220	128	280	10473	0	11101
20951	180	10492	238	491	0	11401
20952	10817	386	214	306	0	11723
20953	395	240	9566	238	0	10439
20954	11307	190	441	204	0	12142
20955	358	129	219	9790	0	10496
20956	154	9485	178	427	0	10244
20957	105	327	168	9987	0	10587
20958	110	152	163	10292	0	10717
20959	9932	147	126	490	0	10695
20960	10034	94	170	251	0	10549
20961	414	112	170	10022	0	10718
20962	201	141	8620	417	0	9379
20963	8119	140	360	222	0	8841
20964	355	8640	203	174	0	9372
20965	186	353	166	8818	0	9523
20966	155	178	163	9156	0	9652
20967	139	131	148	9247	0	9665
20968	134	107	8636	503	0	9380
20969	117	106	414	8670	0	9307
20970	106	8630	217	459	0	9412
20971	58	266	115	7691	0	8130
20972	58	7490	102	298	0	7948
20973	61	270	80	7817	0	8228
20974	76	121	7382	346	0	7925
20975	5926	53	139	113	0	6231
20976	96	42	34	5483	0	5655
20977	43	24	5336	129	0	5532
20978	25	5086	127	69	0	5307
20979	5435	111	43	56	0	5645
20980	104	48	5229	61	0	5442
20981	5132	35	114	51	0	5332
20982	111	25	44	5356	0	5536
20983	47	25	38	5291	0	5401
20984	36	5195	51	126	0	5408
20985	5421	108	42	54	0	5625
20986	5378	58	27	55	0	5518
20987	127	5166	49	43	0	5385
20988	49	110	37	5417	0	5613
20989	26	59	36	5486	0	5607
20990	17	28	37	5536	0	5618
20991	23	38	5181	154	0	5396
20992	4904	35	110	85	0	5134
20993	79	14	20	4525	0	4638
20994	20	18	3	4555	0	4596
20995	9	12	4397	105	0	4523
20996	12	24	4302	23	0	4361
20997	9	11	71	3883	0	3974
20998	14	17	3873	96	0	4000
20999	3647	18	78	19	0	3762
21000	90	10	20	3859	0	3979
21001	18	7	10	3927	0	3962
21002	9	21	6364	101	0	6495
21003	12	10	177	6410	0	6609
21004	14	34	6259	218	0	6525
21005	9	6116	231	74	0	6430
21006	6284	192	46	54	0	6576
21007	6361	47	41	34	0	6483
21008	226	6317	19	39	0	6601
21009	68	211	12	5122	0	5413
21010	47	60	4962	213	0	5282
21011	22	41	188	5128	0	5379
21012	5050	19	47	235	0	5351
21013	186	5029	33	74	0	5322
21014	5167	206	22	57	0	5452
21015	230	47	28	5130	0	5435
21016	5103	51	21	240	0	5415
21017	241	4986	30	84	0	5341
21018	5185	217	26	58	0	5486
21019	262	73	4862	34	0	5231
21020	62	3949	115	17	0	4143
21021	51	137	32	4115	0	4335
21022	4132	56	26	140	0	4354
21023	4224	33	17	55	0	4329
21024	162	16	20	4115	0	4313
21025	4227	14	4	141	0	4386
21026	4237	11	3	47	0	4298
21027	4246	23	5	35	0	4309
21028	196	10	3	4943	0	5152
21029	85	9	4831	150	0	5075
21030	57	23	4647	43	0	4770
21031	27	32	4790	46	0	4895
21032	4853	10	169	12	0	5044
21033	139	11	68	4888	0	5106
21034	44	4789	41	140	0	5014
21035	55	122	10	4829	0	5016
21036	35	4818	23	127	0	5003
21037	5598	155	10	52	0	5815
21038	146	38	7	5560	0	5751
21039	71	48	7	5667	0	5793
21040	5627	13	6	175	0	5821
21041	149	13	9	5555	0	5726
21042	57	7	24	5701	0	5789
21043	5611	8	29	184	0	5832
21044	148	12	5344	86	0	5590
21045	64	12	130	5491	0	5697
21046	62	18	5389	151	0	5620
21047	5321	16	146	74	0	5557
21048	143	24	60	5575	0	5802
21049	5583	20	54	165	0	5822
21050	170	24	32	5574	0	5800
21051	66	31	5462	180	0	5739
21052	62	22	127	5551	0	5762
21053	5488	27	45	190	0	5750
21054	171	4059	39	67	0	4336
21055	58	147	4397	105	0	4707
21056	4448	51	141	53	0	4693
21057	161	4428	64	46	0	4699
21058	79	4450	53	54	0	4636
21059	76	4582	30	41	0	4729
21060	55	210	30	5670	0	5965
21061	5680	75	16	245	0	6016
21062	6160	50	13	86	0	6309
21063	298	43	6074	65	0	6480
21064	6404	31	219	50	0	6704
21065	280	6122	75	40	0	6517
21066	95	229	49	6361	0	6734
21067	6490	67	20	255	0	6832
21068	6648	62	31	81	0	6822
21069	6696	24	39	75	0	6834
21070	6630	39	30	45	0	6744
21071	6696	37	41	51	0	6825
21072	369	46	39	6474	0	6928
21073	165	50	6190	276	0	6681
21074	130	41	218	6453	0	6842
21075	126	36	66	6638	0	6866
21076	6510	31	73	284	0	6898
21077	291	6273	65	127	0	6756
21078	6890	240	36	104	0	7270
21079	7037	58	47	92	0	7234
21080	7110	60	55	96	0	7321
21081	7280	27	35	73	0	7415
21082	375	64	6649	66	0	7154
21083	7006	53	206	73	0	7338
21084	7278	30	53	89	0	7450
21085	6742	31	65	97	0	6935
21086	7221	45	28	87	0	7381
21087	401	32	37	6981	0	7451
21088	202	30	6560	297	0	7089
21089	6867	36	227	106	0	7236
21090	341	6713	85	99	0	7238
21091	161	228	78	6665	0	7132
21092	186	6657	50	273	0	7166
21093	146	251	45	7013	0	7455
21094	6995	69	38	329	0	7431
21095	7149	63	39	103	0	7354
21096	7265	28	48	100	0	7441
21097	422	49	6551	72	0	7094
21098	6930	39	232	84	0	7285
21099	379	43	6627	65	0	7114
21100	177	51	6668	77	0	6973
21101	176	53	6813	67	0	7109
21102	78	11	95	3925	0	4109
21103	78	12	27	4098	0	4215
21104	77	16	20	4073	0	4186
21105	65	11	33	4143	0	4252
21106	66	13	36	4078	0	4193
21107	72	13	35	4009	0	4129
21108	48	3977	42	116	0	4183
21109	3965	107	37	39	0	4148
21110	120	4610	31	50	0	4811
21111	42	108	23	4762	0	4935
21112	59	10	22	4878	0	4969
21113	4747	17	17	145	0	4926
21114	127	4601	24	78	0	4830
21115	4749	109	15	57	0	4930
21116	142	33	26	4720	0	4921
21117	54	33	33	4803	0	4923
21118	63	24	35	4849	0	4971
21119	61	36	4630	139	0	4866
21120	50	25	106	4716	0	4897
21121	67	31	4626	144	0	4868
21122	70	32	4655	61	0	4818
21123	72	29	4720	96	0	4917
21124	78	26	115	5168	0	5387
21125	79	30	32	5451	0	5592
21126	74	32	27	5560	0	5693
21127	5453	22	41	181	0	5697
21128	176	30	43	4652	0	4901
21129	4582	24	48	202	0	4856
21130	190	4487	59	84	0	4820
21131	5361	137	45	84	0	5627
21132	6103	24	37	103	0	6267
21133	176	5840	53	99	0	6168
21134	6112	119	29	94	0	6354
21135	6045	31	21	108	0	6205
21136	6072	24	34	99	0	6229
21137	5671	23	28	81	0	5803
21138	224	34	5322	70	0	5650
21139	118	5314	146	52	0	5630
21140	123	125	48	5598	0	5894
21141	5638	35	42	163	0	5878
21142	210	48	5355	59	0	5672
21143	121	5334	132	70	0	5657
21144	123	130	33	5294	0	5580
21145	99	5372	41	169	0	5681
21146	112	141	28	5514	0	5795
21147	92	50	33	5644	0	5819
21148	106	53	5417	160	0	5736
21149	104	49	5354	67	0	5574
21150	5102	49	139	69	0	5359
21151	177	64	5494	56	0	5791
21152	95	51	5431	70	0	5647
21153	103	39	135	4977	0	5254
21154	82	45	56	4974	0	5157
21155	84	4894	59	143	0	5180
21156	66	5102	53	76	0	5297
21157	65	135	5021	68	0	5289
21158	69	29	172	5768	0	6038
21159	64	26	5853	198	0	6141
21160	30	24	4527	71	0	4652
21161	20	4583	152	67	0	4822
21162	497	71	78	3967	0	4613
21163	3967	44	34	64	0	4109
21164	55	23	25	4000	0	4103
21165	4004	11	16	81	0	4112
21166	3997	14	10	51	0	4072
21167	4013	5	11	37	0	4066
21168	122	16	3819	12	0	3969
21169	3846	4	60	21	0	3931
21170	101	3	40	3983	0	4127
21171	4037	1	23	63	0	4124
21172	4025	2	13	46	0	4086
21173	114	3775	24	29	0	3942
21174	4058	50	3	19	0	4130
21175	94	53	3788	16	0	3951
21176	3819	23	58	8	0	3908
21177	3893	12	43	10	0	3958
21178	111	3521	33	9	0	3674
21179	3691	54	12	4	0	3761
21180	91	48	15	3464	0	3618
21181	76	26	6	3477	0	3585
21182	42	3387	18	96	0	3543
21183	29	66	6	3571	0	3672
21184	30	38	6	3580	0	3654
21185	17	35	3420	117	0	3589
21186	19	25	3312	83	0	3439
21187	3278	18	107	43	0	3446
21188	3457	9	64	35	0	3565
21189	100	13	31	3485	0	3629
21190	72	14	3456	76	0	3618
21191	44	3300	73	61	0	3478
21192	34	58	54	3502	0	3648
21193	34	45	3377	75	0	3531
21194	3145	26	82	61	0	3314
21195	82	11	63	3451	0	3607
21196	66	3655	37	76	0	3834
21197	41	77	19	3882	0	4019
21198	33	52	22	3866	0	3973
21199	39	29	6	3963	0	4037
21200	3869	16	16	160	0	4061
21201	104	20	16	3919	0	4059
21202	3887	10	29	130	0	4056
21203	3864	25	22	76	0	3987
21204	152	25	3723	62	0	3962
21205	92	3674	90	41	0	3897
21206	57	89	50	3510	0	3706
21207	50	3727	43	84	0	3904
21208	3892	100	20	55	0	4067
21209	106	64	26	3840	0	4036
21210	80	48	3175	109	0	3412
21211	52	28	3092	77	0	3249
21212	42	31	3147	48	0	3268
21213	3120	10	141	41	0	3312
21214	104	3117	81	40	0	3342
21215	3203	86	51	23	0	3363
21216	116	3193	45	34	0	3388
21217	82	97	41	3129	0	3349
21218	52	55	40	3071	0	3218
21219	50	3133	28	117	0	3328
21220	62	95	3071	68	0	3296
21221	38	3126	99	37	0	3300
21222	3044	95	50	44	0	3233
21223	90	68	36	3065	0	3259
21224	64	49	2429	90	0	2632
21225	43	24	2463	73	0	2603
21226	28	28	109	2465	0	2630
21227	40	18	2464	89	0	2611
21228	26	22	2361	85	0	2494
21229	2287	9	131	46	0	2473
21230	91	2315	84	35	0	2525
21231	1843	62	43	41	0	1989
21232	85	62	1137	28	0	1312
21233	73	1091	73	27	0	1264
21234	49	1200	64	34	0	1347
21235	37	101	43	1131	0	1312
21236	49	67	36	1785	0	1937
21237	27	47	28	1967	0	2069
21238	33	36	1747	169	0	1985
21239	22	40	95	1902	0	2059
21240	27	16	60	1980	0	2083
21241	1838	32	39	170	0	2079
21242	111	1818	19	118	0	2066
21243	77	91	21	1903	0	2092
21244	1863	68	12	133	0	2076
21245	1932	36	18	97	0	2083
21246	152	34	15	1893	0	2094
21247	85	42	3744	130	0	4001
21248	66	27	92	3647	0	3832
21249	39	25	3929	142	0	4135
21250	3812	23	127	87	0	4049
21251	4015	11	73	68	0	4167
21252	144	14	58	3983	0	4199
21253	87	21	3948	116	0	4172
21254	49	4321	131	76	0	4577
21255	48	139	4380	50	0	4617
21256	50	72	157	4408	0	4687
21257	39	5160	86	136	0	5421
21258	4493	96	8	24	0	4621
21259	87	30	9	4240	0	4366
21260	22	4322	8	88	0	4440
21261	4468	97	3	28	0	4596
21262	95	29	4	4396	0	4524
21263	26	4295	10	99	0	4430
21264	17	99	6	4535	0	4657
21265	12	30	4330	111	0	4483
21266	4098	17	81	37	0	4233
21267	4400	14	26	19	0	4459
21268	116	16	4160	28	0	4320
21269	33	4293	95	20	0	4441
21270	4455	92	29	17	0	4593
21271	107	23	17	4338	0	4485
21272	36	16	16	4387	0	4455
21273	24	17	11	4483	0	4535
21274	20	14	11	4411	0	4456
21275	16	14	10	4594	0	4634
21276	4457	10	8	140	0	4615
21277	4457	9	8	65	0	4539
21278	117	11	12	4475	0	4615
21279	38	10	7	4534	0	4589
21280	35	8	4346	140	0	4529
21281	28	13	4205	51	0	4297
21282	4195	12	103	40	0	4350
21283	106	7	31	4415	0	4559
21284	37	8	4338	119	0	4502
21285	29	12	96	4297	0	4434
21286	4401	7	37	123	0	4568
21287	4446	4	27	51	0	4528
21288	120	15	21	4271	0	4427
21289	46	11	18	4484	0	4559
21290	6482	8	24	137	0	6651
21291	111	13	13	6309	0	6446
21292	53	6206	21	119	0	6399
21293	31	94	16	6454	0	6595
21294	18	36	13	6387	0	6454
21295	24	33	6243	142	0	6442
21296	28	23	5585	51	0	5687
21297	23	5662	86	47	0	5818
21298	5989	91	30	34	0	6144
21299	5672	27	32	34	0	5765
21300	5857	27	22	27	0	5933
21301	112	5627	24	24	0	5787
21302	55	5772	21	32	0	5880
21303	5888	105	16	32	0	6041
21304	98	5638	15	32	0	5783
21305	58	97	5624	39	0	5818
21306	36	5618	86	35	0	5775
21307	36	119	5606	31	0	5792
21308	5397	51	83	37	0	5568
21309	5912	31	30	41	0	6014
21310	109	5675	32	47	0	5863
21311	6002	92	26	32	0	6152
21312	5948	40	24	44	0	6056
21313	5956	33	15	46	0	6050
21314	135	24	26	5805	0	5990
21315	6002	30	26	107	0	6165
21316	126	40	5402	56	0	5624
21317	5694	22	79	47	0	5842
21318	124	26	43	5823	0	6016
21319	68	31	5591	109	0	5799
21320	57	34	5365	71	0	5527
21321	49	25	109	5553	0	5736
21322	49	21	45	5812	0	5927
21323	5886	29	32	135	0	6082
21324	117	19	29	5788	0	5953
21325	63	25	5685	137	0	5910
21326	54	19	90	5574	0	5737
21327	49	5573	39	129	0	5790
21328	5817	91	19	82	0	6009
21329	110	37	23	5708	0	5878
21330	64	25	5640	134	0	5863
21331	45	5515	102	82	0	5744
21332	5705	96	39	68	0	5908
21333	118	41	37	5685	0	5881
21334	68	24	6582	118	0	6792
21335	54	6382	98	71	0	6605
21336	6107	56	22	36	0	6221
21337	6006	21	24	37	0	6088
21338	5931	12	26	33	0	6002
21339	78	14	20	5884	0	5996
21340	45	21	19	5957	0	6042
21341	6099	18	16	82	0	6215
21342	73	5718	25	53	0	5869
21343	6102	49	15	35	0	6201
21344	67	20	16	5972	0	6075
21345	6100	16	21	82	0	6219
21346	87	15	13	5886	0	6001
21347	42	15	18	4293	0	4368
21348	39	24	16	5123	0	5202
21349	33	13	14	5069	0	5129
21350	35	19	4779	95	0	4928
21351	40	17	4563	47	0	4667
21352	4453	12	65	50	0	4580
21353	67	30	4886	36	0	5019
21354	18	9	4063	17	0	4107
21355	4088	7	26	16	0	4137
21356	3611	0	0	0	0	3611
21357	0	1	0	4932	0	4933
21358	5057	1	0	0	0	5058
21359	0	4587	6	4	0	4597
21360	4981	0	1	0	0	4982
21361	4895	0	0	1	0	4896
21362	4840	0	0	0	0	4840
21363	0	0	0	4837	0	4837
21364	0	4587	1	2	0	4590
21365	0	4635	6	2	0	4643
21366	5006	0	1	0	0	5007
21367	4945	0	1	0	0	4946
21368	0	2	0	4807	0	4809
21369	0	0	1	4864	0	4865
21370	0	4707	2	3	0	4712
21371	4935	0	2	2	0	4939
21372	0	7	4835	0	0	4842
21373	1	3	0	4636	0	4640
21374	0	1	0	4744	0	4745
21375	1	2	4837	1	0	4841
21376	0	5	1	4477	0	4483
21377	1	3895	45	6	0	3947
21378	0	1	0	4867	0	4868
21379	0	1	0	4761	0	4762
21380	0	4396	5	6	0	4407
21381	2	4584	3	3	0	4592
21382	0	2	0	4874	0	4876
21383	4843	0	0	0	0	4843
21384	0	0	0	4710	0	4710
21385	0	2	0	4737	0	4739
21386	0	4474	4	3	0	4481
21387	0	2	0	4853	0	4855
21388	1	3	0	4696	0	4700
21389	0	1	0	4742	0	4743
21390	3102	0	0	1	0	3103
21391	0	2	0	3023	0	3025
21392	0	0	0	3016	0	3016
21393	0	1	0	3048	0	3049
21394	2	1	2987	1	0	2991
21395	2688	2	2	1	0	2693
21396	0	2754	8	1	0	2763
21397	3073	0	0	0	0	3073
21398	0	1	0	3015	0	3016
21399	1	3	2955	0	0	2959
21400	2626	1	3	2	0	2632
21401	1	1	2907	0	0	2909
21402	0	1	0	3205	0	3206
21403	3383	0	0	0	0	3383
21404	3309	0	0	0	0	3309
21405	3170	0	2	0	0	3172
21406	0	0	0	3268	0	3268
21407	0	2	0	3292	0	3294
21408	0	0	0	3337	0	3337
21409	0	3087	5	6	0	3098
21410	0	3121	1	3	0	3125
21411	0	3106	2	1	0	3109
21412	0	3095	8	1	0	3104
21413	1	2	0	3252	0	3255
21414	1	2	0	3224	0	3227
21415	3258	0	0	3	0	3261
21416	3104	1	0	1	0	3106
21417	3192	0	1	0	0	3193
21418	0	0	2	3110	0	3112
21419	0	0	0	3214	0	3214
21420	3233	0	3	3	0	3239
21421	3062	1	3	1	0	3067
21422	1	2	3046	1	0	3050
21423	2	11	4063	0	0	4076
21424	1	4	4090	4	0	4099
21425	2	3	4382	0	0	4387
21426	1	0	5	4333	0	4339
21427	4614	0	0	1	0	4615
21428	0	4209	9	4	0	4222
21429	0	2	0	4551	0	4553
21430	3	3	4448	0	0	4454
21431	0	4103	13	3	0	4119
21432	0	0	0	4568	0	4568
21433	4	6	4401	0	0	4411
21434	0	1	0	4124	0	4125
21435	0	3	1	4209	0	4213
21436	4344	0	0	0	0	4344
21437	0	1	0	4292	0	4293
21438	3	1	4286	3	0	4293
21439	0	1	1	4195	0	4197
21440	0	4072	6	3	0	4081
21441	0	0	0	4337	0	4337
21442	0	3	1	4252	0	4256
21443	0	1	1	4243	0	4245
21444	4983	0	0	1	0	4984
21445	4842	2	1	2	0	4847
21446	4847	2	0	1	0	4850
21447	4723	0	0	2	0	4725
21448	1	3	4126	0	0	4130
21449	3885	5	3	5	0	3898
21450	4148	0	1	0	0	4149
21451	2	6	4052	1	0	4061
21452	1	7	5241	0	0	5249
21453	0	1	2	5273	0	5276
21454	0	5161	14	1	0	5176
21455	5587	0	0	0	0	5587
21456	5512	0	1	0	0	5513
21457	4444	1	0	2	0	4447
21458	0	0	0	4377	0	4377
21459	0	5361	14	3	0	5378
21460	5910	1	1	0	0	5912
21461	5760	1	0	1	0	5762
21462	0	1	0	5777	0	5778
21463	1	7	5651	0	0	5659
21464	5533	2	1	1	0	5537
21465	0	0	0	5807	0	5807
21466	5907	0	0	0	0	5907
21467	0	0	0	5819	0	5819
21468	2	0	5691	1	0	5694
21469	9768	3	1	4	0	9776
21470	2	2	0	9873	0	9877
21471	0	5	1	10193	0	10199
21472	0	0	1	10363	0	10364
21473	0	2	0	10337	0	10339
21474	10546	0	0	0	0	10546
21475	0	0	0	10379	0	10379
21476	1	10454	17	8	0	10480
21477	0	0	0	11262	0	11262
21478	1	10559	24	7	0	10591
21479	0	0	0	11240	0	11240
21480	1	1	0	11130	0	11132
21481	0	10591	15	3	0	10609
21482	1	1	1	11248	0	11251
21483	0	3	0	11050	0	11053
21484	12038	1	0	5	0	12044
21485	6	6	12150	1	0	12163
21486	0	4	0	12224	0	12228
21487	12573	0	1	1	0	12575
21488	12064	2	3	9	0	12078
21489	12114	1	2	5	0	12122
21490	9	11	12163	2	0	12185
21491	10	30	11540	5	0	11585
21492	1	9	8	11760	0	11778
21493	12550	0	7	9	0	12566
21494	14	4	12135	4	0	12157
21495	11674	4	16	5	0	11699
21496	12	11452	58	8	0	11530
21497	5	7	8	12540	0	12560
21498	6	6	4	12443	0	12459
21499	13324	3	4	14	0	13345
21500	11	9	1	13080	0	13101
21501	13352	4	3	17	0	13376
21502	12840	3	1	10	0	12854
21503	10	4	1	12767	0	12782
21504	10	3	2	12667	0	12682
21505	12918	1	1	14	0	12934
21506	25	15	13409	8	0	13457
21507	12729	4	11	13	0	12757
21508	23	10	14390	8	0	14431
21509	16991	4	15	8	0	17018
21510	17814	2	4	8	0	17828
21511	17650	4	9	3	0	17666
21512	17606	2	7	3	0	17618
21513	84	16621	46	15	0	16766
21514	17694	76	2	2	0	17774
21515	17695	3	3	7	0	17708
21516	76	18400	62	17	0	18555
21517	19621	78	3	3	0	19705
21518	94	23	18999	3	0	19119
21519	18177	11	75	7	0	18270
21520	104	26	18701	4	0	18835
21521	14	9	82	18348	0	18453
21522	21	10	7	18961	0	18999
21523	20	24	18892	80	0	19016
21524	15	7	79	18098	0	18199
21525	29	78	40	16742	0	16889
21526	19676	2	11	127	0	19816
21527	128	5	8	19363	0	19504
21528	24	8	7	19192	0	19231
21529	22	13	4	19621	0	19660
21530	17	18249	58	138	0	18462
21531	21	118	4	19748	0	19891
21532	19535	10	4	138	0	19687
21533	155	31	19020	26	0	19232
21534	38	12	112	18471	0	18633
21535	46	29	18597	134	0	18806
21536	17320	23	121	28	0	17492
21537	151	11	15	18678	0	18855
21538	43	45	25685	137	0	25910
21539	38	17	509	25468	0	26032
21540	33	20	284	27685	0	28022
21541	40	29823	288	923	0	31074
21542	37	610	148	31753	0	32548
21543	24	351	61	35179	0	35615
21544	25	333	32895	1439	0	34692
21545	27	214	781	33432	0	34454
21546	17	147	425	35092	0	35681
21547	33416	78	316	1645	0	35455
21548	32705	36	262	1029	0	34032
21549	1187	32331	271	712	0	34501
21550	33945	787	146	547	0	35425
21551	33858	465	121	488	0	34932
21552	1573	32929	207	413	0	35122
21553	948	1044	95	34127	0	36214
21554	34254	636	69	1160	0	36119
21555	33847	436	64	734	0	35081
21556	33921	323	111	549	0	34904
21557	1720	32165	167	504	0	34556
21558	1194	950	32211	437	0	34792
21559	31593	558	845	361	0	33357
21560	33002	470	478	343	0	34293
21561	1625	31849	448	385	0	34307
21562	33809	1078	264	342	0	35493
21563	34314	631	250	304	0	35499
21564	2029	531	172	32761	0	35493
21565	1329	473	32276	1183	0	35261
21566	986	388	986	32885	0	35245
21567	910	256	561	33652	0	35379
21568	779	195	395	34573	0	35942
21569	602	367	28642	1937	0	31548
21570	604	222	1063	29413	0	31302
21571	594	206	572	30418	0	31790
21572	523	198	431	30791	0	31943
21573	472	202	410	30805	0	31889
21574	435	208	274	30818	0	31735
21575	439	28042	246	2425	0	31152
21576	419	961	190	29930	0	31500
21577	371	614	269	30276	0	31530
21578	343	482	27355	2333	0	30513
21579	408	330	930	31788	0	33456
21580	381	296	565	32703	0	33945
21581	339	262	469	35802	0	36872
21582	338	210	379	36890	0	37817
21583	34670	236	369	3301	0	38576
21584	1524	204	241	35706	0	37675
21585	838	154	189	36711	0	37892
21586	686	308	31663	3279	0	35936
21587	588	30696	1390	2232	0	34906
21588	452	33799	783	1820	0	36854
21589	32860	1910	615	1557	0	36942
21590	1476	33495	616	1317	0	36904
21591	904	2005	398	34356	0	37663
21592	33653	1161	263	2437	0	37514
21593	1900	981	34567	1740	0	39188
21594	1087	673	1502	36076	0	39338
21595	869	35495	874	2467	0	39705
21596	699	1803	601	36342	0	39445
21597	605	36546	540	2647	0	40338
21598	521	2047	405	38047	0	41020
21599	35946	1197	276	2923	0	40342
21600	1922	991	36893	1862	0	41668
21601	1157	804	1809	37326	0	41096
21602	936	37999	927	2762	0	42624
21603	38993	2084	728	1659	0	43464
21604	2339	1209	37445	1433	0	42426
21605	1321	948	1950	38919	0	43138
21606	1153	864	36797	2703	0	41517
21607	1044	686	2237	38668	0	42635
21608	866	634	36373	2930	0	40803
21609	700	511	2402	33870	0	37483
21610	535	526	1409	36267	0	38737
21611	33818	422	1060	3469	0	38769
21612	34766	404	962	2161	0	38293
21613	2655	433	679	33842	0	37609
21614	1634	33179	616	2890	0	38319
21615	1374	1898	430	33520	0	37222
21616	1019	1011	465	33646	0	36141
21617	30673	791	373	3671	0	35508
21618	2074	30707	513	2408	0	35702
21619	31169	2002	376	2044	0	35591
21620	31542	1136	404	1603	0	34685
21621	2833	29327	409	1471	0	34040
21622	1678	31977	372	1305	0	35332
21623	30512	2518	366	1398	0	34794
21624	2630	1499	27725	1452	0	33306
21625	29630	1051	1794	1287	0	33762
21626	30500	880	948	1357	0	33685
21627	3126	28994	776	1290	0	34186
21628	2101	1983	646	26259	0	30989
21629	1624	29269	601	2407	0	33901
21630	29363	2375	515	1735	0	33988
21631	30113	1502	564	1466	0	33645
21632	2908	1258	508	28422	0	33096
21633	1933	1053	433	31129	0	34548
21634	28876	1003	300	3145	0	33324
21635	2708	28484	269	2256	0	33717
21636	1793	28712	356	1983	0	32844
21637	1567	29543	421	1545	0	33076
21638	971	21239	287	1020	0	23517
21639	869	21521	270	1850	0	24510
21640	422	1871	188	19729	0	22210
21641	404	1099	15058	1818	0	18379
21642	539	17224	1021	1005	0	19789
21643	13755	1347	325	618	0	16045
21644	1179	608	333	14118	0	16238
21645	13947	513	340	1231	0	16031
21646	1301	13937	248	700	0	16186
21647	14041	1198	236	525	0	16000
21648	1402	13916	256	479	0	16053
21649	755	1228	285	14036	0	16304
21650	13983	641	322	1280	0	16226
21651	14761	460	347	752	0	16320
21652	1385	505	322	14275	0	16487
21653	730	358	273	14772	0	16133
21654	630	13786	227	1660	0	16303
21655	604	1130	187	14438	0	16359
21656	628	579	108	15110	0	16425
21657	586	510	140	15020	0	16256
21658	449	13825	163	1840	0	16277
21659	13376	1212	174	1171	0	15933
21660	1093	14079	145	1053	0	16370
21661	13254	1297	153	751	0	15455
21662	1262	13408	191	621	0	15482
21663	826	1356	12280	532	0	14994
21664	750	808	894	13434	0	15886
21665	708	644	12683	1212	0	15247
21666	563	687	13563	609	0	15422
21667	578	562	1251	13628	0	16019
21668	591	434	13108	1339	0	15472
21669	656	306	1325	13569	0	15856
21670	665	297	739	14244	0	15945
21671	526	386	525	14691	0	16128
21672	13427	424	460	1741	0	16052
21673	1167	446	287	14117	0	16017
21674	658	401	227	14836	0	16122
21675	13447	324	134	1852	0	15757
21676	1520	12693	126	1081	0	15420
21677	939	12911	112	1051	0	15013
21678	852	14037	92	848	0	15829
21679	462	1676	69	10172	0	12379
21680	463	663	9891	1111	0	12128
21681	7284	359	403	436	0	8482
21682	608	7698	209	350	0	8865
21683	6504	557	142	232	0	7435
21684	6915	304	109	183	0	7511
21685	6995	331	92	156	0	7574
21686	734	349	5985	175	0	7243
21687	505	327	307	6342	0	7481
21688	464	239	211	6582	0	7496
21689	480	148	165	6702	0	7495
21690	408	132	157	6520	0	7217
21691	320	6354	147	660	0	7481
21692	6562	469	66	539	0	7636
21693	324	226	2875	284	0	3709
21694	3205	152	246	253	0	3856
21695	492	170	89	3013	0	3764
21696	333	2906	62	408	0	3709
21697	263	3091	60	278	0	3692
21698	215	1416	74	1937	0	3642
21699	189	3273	37	391	0	3890
21700	8	0	0	1	0	9
21701	0	0	7	0	0	7
21702	0	1	0	8	0	9
21703	0	0	0	9	0	9
21704	0	1	0	9	0	10
21705	1	0	0	9	0	10
21706	8	0	0	1	0	9
21707	0	9	0	0	0	9
21708	546	0	1	1	0	548
21709	0	0	1	2121	0	2122
21710	0	4	2	1982	0	1988
21711	1	2037	2	1	0	2041
21712	2137	1	0	0	0	2138
21713	2028	0	1	0	0	2029
21714	0	2056	1	2	0	2059
21715	0	1	0	2110	0	2111
21716	0	2071	0	1	0	2072
21717	2091	0	0	1	0	2092
21718	0	2	2088	0	0	2090
21719	0	6	1836	0	0	1842
21720	1867	0	2	0	0	1869
21721	0	2030	3	1	0	2034
21722	0	0	0	2136	0	2136
21723	0	2	0	2118	0	2120
21724	0	0	2117	0	0	2117
21725	0	1	3	1872	0	1876
21726	0	0	0	2094	0	2094
21727	0	2052	2	0	0	2054
21728	1	0	0	2175	0	2176
21729	0	0	0	2119	0	2119
21730	2174	0	0	0	0	2174
21731	0	2015	3	2	0	2020
21732	0	1984	2	0	0	1986
21733	0	0	1	2164	0	2165
21734	0	0	0	2131	0	2131
21735	0	2	0	2036	0	2038
21736	0	2039	2	0	0	2041
21737	0	0	0	2188	0	2188
21738	0	1	0	2116	0	2117
21739	0	0	0	2102	0	2102
21740	0	0	0	2113	0	2113
21741	0	2009	2	1	0	2012
21742	0	2039	0	0	0	2039
21743	2138	0	1	0	0	2139
21744	2050	0	0	0	0	2050
21745	0	0	0	2096	0	2096
21746	0	2	2036	0	0	2038
21747	0	0	0	1945	0	1945
21748	0	0	0	2067	0	2067
21749	2148	0	0	0	0	2148
21750	0	2000	2	0	0	2002
21751	0	0	0	2081	0	2081
21752	0	0	0	2078	0	2078
21753	1	1	2009	0	0	2011
21754	1	2	1967	0	0	1970
21755	0	1	0	1948	0	1949
21756	1	1	0	2014	0	2016
21757	0	1959	1	2	0	1962
21758	0	2009	1	0	0	2010
21759	2014	0	0	0	0	2014
21760	0	0	0	2045	0	2045
21761	0	1	2033	0	0	2034
21762	1	1907	4	1	0	1913
21763	0	0	0	2068	0	2068
21764	2036	0	0	2	0	2038
21765	1	0	1	1979	0	1981
21766	2076	1	0	1	0	2078
21767	0	1934	3	1	0	1938
21768	1911	0	0	2	0	1913
21769	0	0	1	1990	0	1991
21770	0	1	1971	0	0	1972
21771	0	1	0	1931	0	1932
21772	0	1874	3	1	0	1878
21773	1	1	0	2053	0	2055
21774	0	1942	3	2	0	1947
21775	1	1	0	2023	0	2025
21776	0	4	1873	1	0	1878
21777	0	6	1526	3	0	1535
21778	0	6	1617	0	0	1623
21779	1677	0	1	4	0	1682
21780	1	1757	1	1	0	1760
21781	0	1794	2	2	0	1798
21782	1882	0	0	0	0	1882
21783	1811	1	1	1	0	1814
21784	1	2	0	1712	0	1715
21785	0	2	1787	1	0	1790
21786	1	2	1589	0	0	1592
21787	1	0	1	1627	0	1629
21788	1845	1	0	0	0	1846
21789	0	1714	2	1	0	1717
21790	0	1	0	1804	0	1805
21791	1797	0	0	1	0	1798
21792	1608	0	3	1	0	1612
21793	1	0	1734	0	0	1735
21794	1298	3	5	2	0	1308
21795	1	2	1680	3	0	1686
21796	2	7	2492	3	0	2504
21797	0	5	0	2342	0	2347
21798	2	2	1	2529	0	2534
21799	1	0	0	2639	0	2640
21800	0	4	2604	1	0	2609
21801	2282	0	1	2	0	2285
21802	0	0	1	2619	0	2620
21803	2553	1	0	4	0	2558
21804	2437	0	1	0	0	2438
21805	0	2424	9	2	0	2435
21806	2	2405	4	2	0	2413
21807	1	2499	3	0	0	2503
21808	1	4	0	2115	0	2120
21809	2	1	974	0	0	977
21810	1	0	0	959	0	960
21811	0	948	3	0	0	951
21812	0	952	3	1	0	956
21813	0	2	0	1435	0	1437
21814	1409	0	0	28	0	1437
21815	24	1370	0	8	0	1402
21816	4	1375	5	5	0	1389
21817	1430	31	0	4	0	1465
21818	25	10	0	1430	0	1465
21819	9	5	0	1438	0	1452
21820	7	4	0	1470	0	1481
21821	1430	5	2	38	0	1475
21822	1444	3	0	17	0	1464
21823	35	3	0	1452	0	1490
21824	10	3	1378	35	0	1426
21825	1384	0	25	10	0	1419
21826	26	1	6	1449	0	1482
21827	10	5	1396	32	0	1443
21828	11	5	1383	12	0	1411
21829	3	4	32	1414	0	1453
21830	5	10	1408	30	0	1453
21831	7	1	30	1418	0	1456
21832	4	2	12	1372	0	1390
21833	4	4	7	1460	0	1475
21834	1431	2	4	45	0	1482
21835	31	2	3	1443	0	1479
21836	13	0	6	1466	0	1485
21837	7	1	2	1465	0	1475
21838	6	2	6	1476	0	1490
21839	10	5	1322	46	0	1383
21840	5	1361	25	29	0	1420
21841	4	25	12	1440	0	1481
21842	4	7	12	1413	0	1436
21843	2	1360	11	40	0	1413
21844	5	1410	10	19	0	1444
21845	1436	32	4	19	0	1491
21846	27	1396	7	15	0	1445
21847	8	32	5	1446	0	1491
21848	12	14	1379	33	0	1438
21849	1319	8	25	19	0	1371
21850	28	8	1856	21	0	1913
21851	1866	1	39	19	0	1925
21852	1912	4	11	14	0	1941
21853	49	3	1855	11	0	1918
21854	20	6	38	1838	0	1902
21855	14	1807	14	47	0	1882
21856	7	36	13	2758	0	2814
21857	2747	15	6	55	0	2823
21858	2754	16	3	22	0	2795
21859	60	2677	12	17	0	2766
21860	2757	52	2	16	0	2827
21861	61	15	3	2761	0	2840
21862	2757	16	10	55	0	2838
21863	2766	11	3	19	0	2799
21864	67	9	9	2747	0	2832
21865	2763	5	2	63	0	2833
21866	2711	6	4	22	0	2743
21867	68	13	2639	22	0	2742
21868	2694	5	45	17	0	2761
21869	74	10	2620	19	0	2723
21870	30	11	2555	17	0	2613
21871	35	2568	64	12	0	2679
21872	25	48	23	2683	0	2779
21873	22	23	2598	57	0	2700
21874	20	22	3069	17	0	3128
21875	3201	7	64	19	0	3291
21876	65	12	29	3244	0	3350
21877	24	11	23	3267	0	3325
21878	18	11	13	3336	0	3378
21879	16	6	11	3296	0	3329
21880	20	5	10	3333	0	3368
21881	20	7	3164	85	0	3276
21882	17	12	3077	39	0	3145
21883	23	3	60	3295	0	3381
21884	3278	6	23	69	0	3376
21885	55	3105	28	42	0	3230
21886	23	55	10	3287	0	3375
21887	3261	13	20	69	0	3363
21888	59	3108	22	38	0	3227
21889	28	52	10	3269	0	3359
21890	23	23	10	3298	0	3354
21891	25	16	5	3332	0	3378
21892	3297	8	11	86	0	3402
21893	66	19	3097	47	0	3229
21894	3181	8	53	43	0	3285
21895	67	5	21	3237	0	3330
21896	22	9	26	2355	0	2412
21897	27	2314	12	78	0	2431
21898	24	51	2220	38	0	2333
21899	2944	13	55	32	0	3044
21900	3007	13	22	23	0	3065
21901	70	14	2909	28	0	3021
21902	2814	17	51	19	0	2901
21903	65	2876	18	36	0	2995
21904	34	3364	24	44	0	3466
21905	38	3487	14	39	0	3578
21906	3463	70	15	19	0	3567
21907	88	31	3395	23	0	3537
21908	38	33	51	3006	0	3128
21909	44	2906	22	53	0	3025
21910	30	2951	22	45	0	3048
21911	45	2995	21	23	0	3084
21912	43	43	20	2829	0	2935
21913	3059	17	8	43	0	3127
21914	60	3459	15	17	0	3551
21915	38	26	8	3661	0	3733
21916	28	20	23	3680	0	3751
21917	3705	16	12	42	0	3775
21918	47	14	23	3630	0	3714
21919	21	22	19	3675	0	3737
21920	31	29	3596	46	0	3702
21921	29	6	36	3523	0	3594
21922	24	9	31	3668	0	3732
21923	3677	6	27	42	0	3752
21924	3580	7	16	36	0	3639
21925	47	9	10	3700	0	3766
21926	3563	8	12	68	0	3651
21927	3399	5	25	47	0	3476
21928	43	3713	25	41	0	3822
21929	28	19	3308	39	0	3394
21930	17	3228	50	29	0	3324
21931	28	24	28	3441	0	3521
21932	3473	14	13	47	0	3547
21933	37	3236	18	35	0	3326
21934	15	37	15	3453	0	3520
21935	3457	16	18	46	0	3537
21936	3397	17	20	29	0	3463
21937	32	20	10	3413	0	3475
21938	21	16	3307	55	0	3399
21939	15	10	19	3389	0	3433
21940	24	15	5	3422	0	3466
21941	36	13	3312	41	0	3402
21942	24	13	37	3252	0	3326
21943	27	11	15	3376	0	3429
21944	3787	5	12	62	0	3866
21945	29	16	10	3768	0	3823
21946	14	27	17	3774	0	3832
21947	3745	7	23	48	0	3823
21948	3657	13	11	30	0	3711
21949	3662	12	15	33	0	3722
21950	39	7	3588	34	0	3668
21951	30	16	21	3548	0	3615
21952	26	3524	15	36	0	3601
21953	29	37	8	3772	0	3846
21954	31	33	3597	31	0	3692
21955	49	12	34	3519	0	3614
21956	2	3	2774	0	0	2779
21957	2661	0	0	0	0	2661
21958	2794	1	0	0	0	2795
21959	1	0	1	3109	0	3111
21960	0	3	0	3061	0	3064
21961	0	1	0	3166	0	3167
21962	0	2904	10	2	0	2916
21963	3218	1	0	0	0	3219
21964	3124	1	0	1	0	3126
21965	0	1	3	3120	0	3124
21966	0	1	0	3127	0	3128
21967	0	2	0	3159	0	3161
21968	0	3	0	3165	0	3168
21969	2	0	3127	0	0	3129
21970	0	0	0	3078	0	3078
21971	3196	0	0	1	0	3197
21972	3131	1	0	1	0	3133
21973	0	0	0	3156	0	3156
21974	1	1	2588	0	0	2590
21975	2451	0	1	0	0	2452
21976	0	0	0	2589	0	2589
21977	0	2462	1	2	0	2465
21978	0	2443	11	0	0	2454
21979	2948	1	1	3	0	2953
21980	1	1	1	2915	0	2918
21981	0	2	0	2914	0	2916
21982	0	0	1	2941	0	2942
21983	0	0	1	2880	0	2881
21984	0	2	2	2890	0	2894
21985	3	0	2841	0	0	2844
21986	0	3	2686	3	0	2692
21987	1	6	2730	0	0	2737
21988	1	1	1	2744	0	2747
21989	5	4	3398	0	0	3407
21990	0	2	25	3298	0	3325
21991	0	1	15	3347	0	3363
21992	0	0	1	3467	0	3468
21993	3402	0	2	43	0	3447
21994	28	2	1	3376	0	3407
21995	15	0	2	3438	0	3455
21996	3428	0	0	43	0	3471
21997	30	3484	11	22	0	3547
21998	19	3511	6	4	0	3540
21999	3133	52	1	4	0	3190
22000	38	3015	9	2	0	3064
22001	4375	36	3	2	0	4416
22002	4499	24	3	9	0	4535
22003	4532	2	5	9	0	4548
22004	4044	4	5	9	0	4062
22005	4353	3	4	6	0	4366
22006	254	4026	5	11	0	4296
22007	4268	208	0	11	0	4487
22008	4355	40	2	10	0	4407
22009	281	4023	8	7	0	4319
22010	5059	219	3	6	0	5287
22011	5213	50	1	7	0	5271
22012	5349	11	1	6	0	5367
22013	5703	19	1	3	0	5726
22014	377	29	5117	0	0	5523
22015	136	7	291	5694	0	6128
22016	62	12	87	6129	0	6290
22017	54	18	5742	420	0	6234
22018	62	18	5882	128	0	6090
22019	5785	9	410	48	0	6252
22020	383	12	122	5813	0	6330
22021	168	12	5727	336	0	6243
22022	89	24	5976	110	0	6199
22023	5798	11	415	57	0	6281
22024	6158	12	140	36	0	6346
22025	6233	18	67	24	0	6342
22026	532	26	5686	13	0	6257
22027	239	17	346	5772	0	6374
22028	162	17	5527	357	0	6063
22029	5643	16	368	114	0	6141
22030	473	29	5542	50	0	6094
22031	243	17	389	5373	0	6022
22032	163	31	149	5309	0	5652
22033	148	5411	88	403	0	6050
22034	5679	352	72	144	0	6247
22035	437	126	5479	81	0	6123
22036	5686	46	368	68	0	6168
22037	478	47	5551	55	0	6131
22038	245	25	412	5372	0	6054
22039	184	15	164	5748	0	6111
22040	147	14	105	5990	0	6256
22041	5643	19	88	515	0	6265
22042	434	10	109	5669	0	6222
22043	195	7	113	5794	0	6109
22044	146	5041	113	502	0	5802
22045	150	305	115	5445	0	6015
22046	5324	100	105	464	0	5993
22047	468	55	5130	203	0	5856
22048	233	37	416	5354	0	6040
22049	177	35	5179	435	0	5826
22050	165	4934	451	208	0	5758
22051	153	326	5266	120	0	5865
22052	5265	120	455	118	0	5958
22053	5662	50	193	126	0	6031
22054	565	32	180	5316	0	6093
22055	5416	28	147	463	0	6054
22056	5629	20	173	223	0	6045
22057	585	28	118	5333	0	6064
22058	265	40	137	5665	0	6107
22059	187	57	4681	570	0	5495
22060	187	4830	400	272	0	5689
22061	4889	368	187	177	0	5621
22062	481	4905	139	167	0	5692
22063	258	369	171	4878	0	5676
22064	210	137	129	5309	0	5785
22065	183	70	121	5447	0	5821
22066	181	53	101	5534	0	5869
22067	174	69	4812	629	0	5684
22068	4965	50	436	330	0	5781
22069	5352	47	193	222	0	5814
22070	573	71	141	5084	0	5869
22071	5197	47	107	537	0	5888
22072	523	61	135	5201	0	5920
22073	274	62	4768	570	0	5674
22074	215	48	408	4947	0	5618
22075	183	4801	229	509	0	5722
22076	197	356	149	4788	0	5490
22077	158	4958	177	483	0	5776
22078	179	412	118	4728	0	5437
22079	162	4677	123	498	0	5460
22080	4725	402	107	318	0	5552
22081	522	155	4415	225	0	5317
22082	254	4293	413	249	0	5209
22083	193	4772	182	229	0	5376
22084	147	458	155	4628	0	5388
22085	136	193	131	5018	0	5478
22086	133	119	123	5084	0	5459
22087	169	99	117	5065	0	5450
22088	190	4518	133	590	0	5431
22089	166	348	117	4187	0	4818
22090	145	165	96	4493	0	4899
22091	4034	99	98	628	0	4859
22092	425	82	86	4321	0	4914
22093	196	64	3886	579	0	4725
22094	171	71	4071	339	0	4652
22095	3983	82	430	235	0	4730
22096	457	3889	155	214	0	4715
22097	243	4005	93	208	0	4549
22098	160	430	71	3825	0	4486
22099	126	181	91	4218	0	4616
22100	103	134	3668	616	0	4521
22101	2472	47	163	209	0	2891
22102	2619	54	115	123	0	2911
22103	272	40	4254	119	0	4685
22104	147	42	4228	123	0	4540
22105	4036	30	173	115	0	4354
22106	4231	31	106	109	0	4477
22107	4266	21	63	117	0	4467
22108	4255	30	42	81	0	4408
22109	240	4004	47	111	0	4402
22110	3409	86	15	62	0	3572
22111	138	59	3143	50	0	3390
22112	76	36	3102	72	0	3286
22113	52	40	2822	50	0	2964
22114	20	575	60	1914	0	2569
22115	2023	0	0	1	0	2024
22116	1984	0	0	1	0	1985
22117	1	2	0	1962	0	1965
22118	0	0	0	1892	0	1892
22119	0	0	1	1982	0	1983
22120	1	4813	9	4	0	4827
22121	5125	3	0	0	0	5128
22122	5048	0	0	0	0	5048
22123	5042	0	0	1	0	5043
22124	5086	1	0	3	0	5090
22125	5046	0	0	0	0	5046
22126	2	0	0	5061	0	5063
22127	0	4832	9	3	0	4844
22128	0	1	0	5086	0	5087
22129	0	0	0	5062	0	5062
22130	5101	1	2	1	0	5105
22131	1	4	4956	1	0	4962
22132	2	10	6053	0	0	6065
22133	2	13	5995	0	0	6010
22134	6325	2	1	1	0	6329
22135	6583	2	1	0	0	6586
22136	1	1	0	6539	0	6541
22137	0	4	0	6425	0	6429
22138	0	5	0	6584	0	6589
22139	1	2	6597	0	0	6600
22140	0	3	3	6183	0	6189
22141	3	4	6566	0	0	6573
22142	0	1	0	6457	0	6458
22143	0	0	0	6530	0	6530
22144	0	0	1	6621	0	6622
22145	6669	0	0	1	0	6670
22146	6441	3	1	5	0	6450
22147	0	2	6457	1	0	6460
22148	6373	1	0	0	0	6374
22149	6572	0	0	4	0	6576
22150	0	0	1	6563	0	6564
22151	6692	1	0	2	0	6695
22152	0	0	0	6605	0	6605
22153	1	2	2	6569	0	6574
22154	3	4	6442	0	0	6449
22155	5986	1	3	4	0	5994
22156	0	0	0	6597	0	6597
22157	2	1	6499	0	0	6502
22158	2	8	6896	0	0	6906
22159	2	2	2	6976	0	6982
22160	0	2	0	7094	0	7096
22161	7316	0	1	1	0	7318
22162	0	0	0	7219	0	7219
22163	0	1	0	7189	0	7190
22164	0	2	1	7232	0	7235
22165	1	0	0	7242	0	7243
22166	7295	1	0	2	0	7298
22167	7049	2	1	2	0	7054
22168	7114	1	0	5	0	7120
22169	8148	0	1	4	0	8153
22170	330	0	1	8135	0	8466
22171	8299	0	2	355	0	8656
22172	384	3	0	8207	0	8594
22173	8278	0	2	395	0	8675
22174	372	3	2	8121	0	8498
22175	55	2	0	8376	0	8433
22176	30	7917	10	335	0	8292
22177	10	361	0	8276	0	8647
22178	8050	43	1	382	0	8476
22179	7893	27	8	54	0	7982
22180	409	16	7904	33	0	8362
22181	70	8081	319	20	0	8490
22182	8595	364	35	7	0	9001
22183	297	8284	49	10	0	8640
22184	8563	399	8	2	0	8972
22185	338	8235	16	10	0	8599
22186	60	386	8064	2	0	8512
22187	29	7998	344	16	0	8387
22188	16	8356	64	6	0	8442
22189	14	386	28	8496	0	8924
22190	8529	58	10	370	0	8967
22191	339	42	5	8345	0	8731
22192	48	14	3	8722	0	8787
22193	8547	6	3	431	0	8987
22194	8607	7	0	97	0	8711
22195	365	10	4	8349	0	8728
22196	80	9	4	8623	0	8716
22197	42	6	2	8871	0	8921
22198	8370	9	1	451	0	8831
22199	364	6	8224	84	0	8678
22200	55	12	351	8224	0	8642
22201	42	17	8226	377	0	8662
22202	16	7447	386	78	0	7927
22203	21	352	6490	39	0	6902
22204	16	50	369	6401	0	6836
22205	21	34	6521	373	0	6949
22206	6156	15	373	67	0	6611
22207	364	19	51	6462	0	6896
22208	51	6271	43	295	0	6660
22209	46	375	15	6553	0	6989
22210	21	6382	15	372	0	6790
22211	13	6660	16	77	0	6766
22212	25	6678	17	58	0	6778
22213	25	437	4	6405	0	6871
22214	34	6347	16	322	0	6719
22215	6444	406	10	70	0	6930
22216	395	72	6027	50	0	6544
22217	76	62	5996	37	0	6171
22218	67	38	6206	25	0	6336
22219	32	31	414	6053	0	6530
22220	25	20	84	3718	0	3847
22221	26	21	43	3808	0	3898
22222	42	28	21	3814	0	3905
22223	19	21	28	3745	0	3813
22224	14	3235	18	425	0	3692
22225	36	397	3152	97	0	3682
22226	35	69	3396	75	0	3575
22227	62	3122	387	43	0	3614
22228	62	398	76	3368	0	3904
22229	55	73	54	3696	0	3878
22230	72	75	14	3731	0	3892
22231	3429	44	10	505	0	3988
22232	449	35	2003	182	0	2669
22233	2109	27	357	132	0	2625
22234	2430	54	56	110	0	2650
22235	437	1948	62	109	0	2556
22236	148	2389	28	86	0	2651
22237	2140	440	28	103	0	2711
22238	410	102	39	2101	0	2652
22239	118	81	42	3447	0	3688
22240	98	57	2936	555	0	3646
22241	102	75	3232	162	0	3571
22242	91	65	498	4332	0	4986
22243	4356	80	137	489	0	5062
22244	497	77	4194	140	0	4908
22245	4890	94	460	98	0	5542
22246	481	111	123	4896	0	5611
22247	147	98	85	5288	0	5618
22248	91	95	80	5440	0	5706
22249	83	63	4773	610	0	5529
22250	63	4547	421	228	0	5259
22251	57	5106	117	170	0	5450
22252	4983	490	85	119	0	5677
22253	5365	149	45	114	0	5673
22254	532	88	46	5027	0	5693
22255	5107	59	25	565	0	5756
22256	542	58	4640	208	0	5448
22257	161	60	4997	167	0	5385
22258	124	38	497	4251	0	4910
22259	4352	41	184	534	0	5111
22260	477	57	130	4405	0	5069
22261	119	59	121	4762	0	5061
22262	4323	41	93	619	0	5076
22263	4622	38	102	228	0	4990
22264	509	5488	108	140	0	6245
22265	7386	529	93	125	0	8133
22266	765	130	79	7049	0	8023
22267	230	7099	72	759	0	8160
22268	6324	763	992	284	0	8363
22269	311	6149	37	75	0	6572
22270	157	328	22	6360	0	6867
22271	6369	158	18	318	0	6863
22272	351	82	5972	148	0	6553
22273	178	49	6107	73	0	6407
22274	76	34	376	6092	0	6578
22275	48	11	167	6329	0	6555
22276	30	17	64	6306	0	6417
22277	11	6057	54	456	0	6578
22278	7654	303	28	199	0	8184
22279	7742	160	17	93	0	8012
22280	7812	76	24	52	0	7964
22281	490	7426	22	35	0	7973
22282	237	361	12	8060	0	8670
22283	132	138	16	8363	0	8649
22284	73	70	27	8602	0	8772
22285	7825	52	34	595	0	8506
22286	367	7818	35	275	0	8495
22287	177	367	24	8229	0	8797
22288	85	161	12	8540	0	8798
22289	73	101	7472	600	0	8246
22290	52	7788	326	274	0	8440
22291	61	405	134	8038	0	8638
22292	69	171	51	8418	0	8709
22293	77	92	26	8597	0	8792
22294	8096	71	31	612	0	8810
22295	405	7903	29	292	0	8629
22296	8289	403	22	174	0	8888
22297	463	191	27	8176	0	8857
22298	8365	114	13	479	0	8971
22299	503	92	7731	237	0	8563
22300	8122	71	381	159	0	8733
22301	8528	43	176	134	0	8881
22302	608	57	8770	114	0	9549
22303	280	59	384	9019	0	9742
22304	142	54	168	9593	0	9957
22305	9311	53	72	657	0	10093
22306	463	43	60	9534	0	10100
22307	231	67	59	9673	0	10030
22308	176	76	29	9924	0	10205
22309	152	87	8802	694	0	9735
22310	8215	64	354	375	0	9008
22311	446	8897	168	251	0	9762
22312	223	426	97	8985	0	9731
22313	158	8783	86	495	0	9522
22314	126	9810	64	309	0	10309
22315	105	587	46	9934	0	10672
22316	100	302	9352	573	0	10327
22317	87	189	9430	314	0	10020
22318	140	125	540	9756	0	10561
22319	142	117	9542	603	0	10404
22320	9313	86	500	354	0	10253
22321	508	108	211	9774	0	10601
22322	284	90	117	10512	0	11003
22323	176	9778	106	761	0	10821
22324	154	469	77	10496	0	11196
22325	150	226	78	10514	0	10968
22326	120	9755	103	774	0	10752
22327	130	472	98	10461	0	11161
22328	133	241	71	10447	0	10892
22329	126	9738	113	757	0	10734
22330	10075	502	88	411	0	11076
22331	540	264	9634	292	0	10730
22332	325	166	9705	251	0	10447
22333	215	133	561	9805	0	10714
22334	184	106	244	10428	0	10962
22335	138	128	9634	792	0	10692
22336	130	114	9560	474	0	10278
22337	8901	87	573	363	0	9924
22338	489	9561	293	286	0	10629
22339	8950	417	111	208	0	9686
22340	476	213	8546	199	0	9434
22341	251	8532	391	196	0	9370
22342	116	445	180	9140	0	9881
22343	106	235	8820	533	0	9694
22344	83	179	8907	300	0	9469
22345	83	109	516	8466	0	9174
22346	78	81	8145	624	0	8928
22347	87	8178	475	342	0	9082
22348	102	432	230	8440	0	9204
22349	109	222	8134	524	0	8989
22350	114	9184	458	296	0	10052
22351	9546	465	212	212	0	10435
22352	483	224	8890	198	0	9795
22353	243	9195	447	188	0	10073
22354	174	482	226	9258	0	10140
22355	130	211	155	9970	0	10466
22356	9524	149	128	699	0	10500
22357	462	104	119	9693	0	10378
22358	229	94	116	10116	0	10555
22359	9548	96	107	745	0	10496
22360	478	107	108	9890	0	10583
22361	239	112	9092	675	0	10118
22362	138	1318	436	8492	0	10384
22363	123	167	9337	577	0	10204
22364	101	87	7970	309	0	8467
22365	51	48	6167	119	0	6385
22366	40	28	214	6166	0	6448
22367	50	31	99	6542	0	6722
22368	6421	27	84	257	0	6789
22369	174	27	82	6269	0	6552
22370	68	6782	93	243	0	7186
22371	52	150	79	7187	0	7468
22372	38	66	58	7118	0	7280
22373	27	6935	69	280	0	7311
22374	7087	156	61	166	0	7470
22375	6906	63	64	124	0	7157
22376	177	6763	70	116	0	7126
22377	77	7046	59	127	0	7309
22378	52	196	67	6010	0	6325
22379	6008	97	52	221	0	6378
22380	188	81	5767	132	0	6168
22381	75	70	6021	71	0	6237
22382	5812	46	81	30	0	5969
22383	90	5934	53	40	0	6117
22384	43	87	36	6100	0	6266
22385	51	50	32	6106	0	6239
22386	34	35	38	6157	0	6264
22387	40	23	42	6089	0	6194
22388	45	5738	50	122	0	5955
22389	25	87	31	6223	0	6366
22390	6136	39	19	138	0	6332
22391	76	46	27	7281	0	7430
22392	45	26	27	7332	0	7430
22393	7280	24	30	158	0	7492
22394	7240	29	30	109	0	7408
22395	7271	25	20	110	0	7426
22396	7332	25	19	86	0	7462
22397	119	18	17	7312	0	7466
22398	7325	16	21	127	0	7489
22399	117	20	26	7326	0	7489
22400	7314	12	27	133	0	7486
22401	7342	18	16	95	0	7471
22402	140	22	23	6272	0	6457
22403	99	25	5934	133	0	6191
22404	6115	18	76	86	0	6295
22405	6266	18	42	99	0	6425
22406	6298	23	41	55	0	6417
22407	6338	15	32	74	0	6459
22408	160	20	36	6227	0	6443
22409	101	30	5974	108	0	6213
22410	88	26	5766	85	0	5965
22411	5865	17	106	76	0	6064
22412	6211	32	67	60	0	6370
22413	158	5858	62	71	0	6149
22414	75	5416	34	51	0	5576
22415	5665	54	38	47	0	5804
22416	78	34	32	5606	0	5750
22417	61	34	32	5650	0	5777
22418	5631	27	26	86	0	5770
22419	87	5388	37	58	0	5570
22420	5652	62	22	65	0	5801
22421	104	41	5333	49	0	5527
22422	5060	36	57	58	0	5211
22423	97	20	23	5198	0	5338
22424	68	27	4961	94	0	5150
22425	67	4940	42	81	0	5130
22426	69	49	27	5211	0	5356
22427	56	38	6332	80	0	6506
22428	62	19	103	6504	0	6688
22429	6564	17	66	148	0	6795
22430	129	32	6314	81	0	6556
22431	6291	29	108	87	0	6515
22432	136	6267	82	79	0	6564
22433	73	96	57	6551	0	6777
22434	88	47	6343	149	0	6627
22435	69	40	118	6545	0	6772
22436	74	42	6371	159	0	6646
22437	93	6305	129	75	0	6602
22438	6386	110	65	75	0	6636
22439	132	8105	56	74	0	8367
22440	73	133	42	8264	0	8512
22441	69	51	43	8499	0	8662
22442	35	51	6876	115	0	7077
22443	5752	38	96	100	0	5986
22444	106	6735	61	44	0	6946
22445	63	6756	42	40	0	6901
22446	58	6972	26	49	0	7105
22447	34	132	20	6977	0	7163
22448	40	6884	41	109	0	7074
22449	1098	101	30	6005	0	7234
22450	7	5717	23	61	0	5808
22451	10	69	4	5905	0	5988
22452	4	5793	20	67	0	5884
22453	5945	70	10	28	0	6053
22454	58	51	5706	23	0	5838
22455	5660	28	51	14	0	5753
22456	5857	13	29	15	0	5914
22457	5966	16	17	13	0	6012
22458	89	5707	16	16	0	5828
22459	6006	58	10	12	0	6086
22460	5970	34	9	8	0	6021
22461	5983	22	14	7	0	6026
22462	95	19	5730	6	0	5850
22463	61	13	49	6443	0	6566
22464	37	17	6521	75	0	6650
22465	21	13	84	6558	0	6676
22466	6573	12	35	97	0	6717
22467	86	6274	48	48	0	6456
22468	54	97	7266	25	0	7442
22469	28	45	89	7060	0	7222
22470	12	26	40	7526	0	7604
22471	13	20	7482	174	0	7689
22472	7190	15	139	67	0	7411
22473	7647	13	45	42	0	7747
22474	7755	14	26	21	0	7816
22475	199	17	15	7467	0	7698
22476	67	7090	40	155	0	7352
22477	39	8219	32	57	0	8347
22478	28	164	20	8440	0	8652
22479	32	58	21	8327	0	8438
22480	38	8122	28	188	0	8376
22481	7458	149	9	65	0	7681
22482	158	7236	27	44	0	7465
22483	62	172	10	7480	0	7724
22484	47	72	7231	167	0	7517
22485	17	49	137	7338	0	7541
22486	7512	19	55	186	0	7772
22487	154	32	7196	74	0	7456
22488	7304	31	152	46	0	7533
22489	7584	26	51	27	0	7688
22490	8341	21	39	30	0	8431
22491	7443	22	24	30	0	7519
22492	8533	15	39	37	0	8624
22493	375	41	8292	33	0	8741
22494	172	29	8295	28	0	8524
22495	8559	22	338	18	0	8937
22496	8889	26	138	24	0	9077
22497	395	30	61	8467	0	8953
22498	176	8517	50	251	0	8994
22499	88	269	21	8866	0	9244
22500	8730	121	26	305	0	9182
22501	288	64	24	8306	0	8682
22502	130	9283	41	286	0	9740
22503	9561	284	17	123	0	9985
22504	9528	125	22	70	0	9745
22505	9492	61	27	51	0	9631
22506	401	9268	41	49	0	9759
22507	201	269	26	9448	0	9944
22508	113	117	26	9555	0	9811
22509	76	9227	43	362	0	9708
22510	92	280	23	9708	0	10103
22511	9564	127	22	322	0	10035
22512	9567	60	26	163	0	9816
22513	419	9239	59	74	0	9791
22514	202	281	45	9451	0	9979
22515	144	116	49	9652	0	9961
22516	110	73	59	9880	0	10122
22517	9626	54	54	445	0	10179
22518	373	75	9113	209	0	9770
22519	9316	56	279	136	0	9787
22520	397	71	9225	108	0	9801
22521	191	79	294	9026	0	9590
22522	133	8922	147	332	0	9534
22523	127	10241	81	186	0	10635
22524	10099	396	50	117	0	10662
22525	10054	215	40	86	0	10395
22526	480	9860	47	94	0	10481
22527	182	8791	30	80	0	9083
22528	8832	335	19	80	0	9266
22529	8869	169	30	83	0	9151
22530	359	8638	42	107	0	9146
22531	9363	265	29	87	0	9744
22532	368	157	8870	60	0	9455
22533	9142	84	224	76	0	9526
22534	9353	54	108	60	0	9575
22535	408	65	60	8967	0	9500
22536	219	8652	56	299	0	9226
22537	147	246	54	9220	0	9667
22538	9095	128	53	319	0	9595
22539	339	70	43	7426	0	7878
22540	205	62	53	7698	0	8018
22541	142	70	7167	389	0	7768
22542	145	80	231	7416	0	7872
22543	121	62	117	7658	0	7958
22544	7519	55	58	395	0	8027
22545	333	91	7228	189	0	7841
22546	7481	97	244	98	0	7920
22547	394	73	104	7453	0	8024
22548	247	67	51	7602	0	7967
22549	173	86	31	7564	0	7854
22550	129	7081	45	397	0	7652
22551	131	7381	47	200	0	7759
22552	121	344	42	7542	0	8049
22553	7484	189	37	317	0	8027
22554	7634	99	40	192	0	7965
22555	455	81	37	7511	0	8084
22556	7607	77	28	317	0	8029
22557	425	85	25	7516	0	8051
22558	258	68	39	7744	0	8109
22559	7335	69	46	445	0	7895
22560	347	7682	66	271	0	8366
22561	7949	261	71	163	0	8444
22562	8659	148	88	162	0	9057
22563	7717	81	57	133	0	7988
22564	446	7579	67	120	0	8212
22565	240	268	32	7819	0	8359
22566	156	158	27	8109	0	8450
22567	122	132	7313	454	0	8021
22568	144	64	226	7027	0	7461
22569	160	78	6554	399	0	7191
22570	96	5491	200	221	0	6008
22571	96	5416	112	147	0	5771
22572	107	6007	68	140	0	6322
22573	119	302	31	6103	0	6555
22574	97	199	24	6253	0	6573
22575	103	102	29	6330	0	6564
22576	120	67	29	6399	0	6615
22577	134	84	5026	387	0	5631
22578	119	82	6178	259	0	6638
22579	125	66	272	6551	0	7014
22580	105	98	6254	351	0	6808
22581	6348	79	247	237	0	6911
22582	6656	78	142	144	0	7020
22583	413	93	6156	142	0	6804
22584	234	66	266	6412	0	6978
22585	200	59	158	6636	0	7053
22586	172	44	102	5959	0	6277
22587	136	70	86	5874	0	6166
22588	127	60	79	5980	0	6246
22589	5111	71	91	430	0	5703
22590	5491	45	40	213	0	5789
22591	232	5501	40	189	0	5962
22592	91	128	4201	103	0	4523
22593	69	4339	102	89	0	4599
22594	60	4536	65	62	0	4723
22595	4545	145	43	57	0	4790
22596	125	4471	52	58	0	4706
22597	59	5145	46	63	0	5313
22598	5158	176	40	49	0	5423
22599	148	96	4942	49	0	5235
22600	5096	63	121	58	0	5338
22601	149	59	63	5101	0	5372
22602	70	59	34	4508	0	4671
22603	64	32	39	4556	0	4691
22604	59	53	4162	213	0	4487
22605	52	4277	120	147	0	4596
22606	4363	121	50	133	0	4667
22607	149	47	48	4306	0	4550
22608	75	4265	48	203	0	4591
22609	52	130	58	4469	0	4709
22610	61	80	4254	175	0	4570
22611	75	52	116	4369	0	4612
22612	56	62	65	4490	0	4673
22613	67	47	39	4914	0	5067
22614	4724	55	33	252	0	5064
22615	160	30	53	4844	0	5087
22616	99	48	4442	255	0	4844
22617	69	4571	137	191	0	4968
22618	63	149	57	4751	0	5020
22619	72	73	37	4934	0	5116
22620	59	70	4587	259	0	4975
22621	62	73	4563	128	0	4826
22622	4632	65	199	121	0	5017
22623	3960	52	77	86	0	4175
22624	170	3900	60	94	0	4224
22625	4040	127	70	72	0	4309
22626	171	71	3935	79	0	4256
22627	115	39	3936	72	0	4162
22628	3943	55	156	79	0	4233
22629	4101	53	58	76	0	4288
22630	217	48	4192	90	0	4547
22631	4016	34	184	67	0	4301
22632	220	44	3925	69	0	4258
22633	4019	35	163	73	0	4290
22634	4100	54	91	70	0	4315
22635	209	46	72	3855	0	4182
22636	108	3919	78	176	0	4281
22637	3671	149	99	89	0	4008
22638	207	87	3851	69	0	4214
22639	105	5043	159	82	0	5389
22640	5306	173	59	76	0	5614
22641	5318	88	51	98	0	5555
22642	194	5070	75	100	0	5439
22643	110	144	64	5375	0	5693
22644	94	81	5141	195	0	5511
22645	91	56	147	5231	0	5525
22646	108	63	5186	183	0	5540
22647	68	60	174	5153	0	5455
22648	71	44	129	5373	0	5617
22649	74	48	5095	230	0	5447
22650	74	5027	198	125	0	5424
22651	86	143	91	5277	0	5597
22652	97	69	4885	207	0	5258
22653	5052	55	169	133	0	5409
22654	178	60	84	5335	0	5657
22655	99	51	73	5451	0	5674
22656	5308	46	71	241	0	5666
22657	214	49	55	5175	0	5493
22658	134	29	51	5232	0	5446
22659	92	5139	71	224	0	5526
22660	80	143	41	4955	0	5219
22661	80	53	4750	202	0	5085
22662	56	27	112	4049	0	4244
22663	55	3933	55	142	0	4185
22664	33	4101	56	98	0	4288
22665	40	126	46	4254	0	4466
22666	4222	60	53	146	0	4481
22667	109	56	57	4202	0	4424
22668	4214	70	45	132	0	4461
22669	128	51	38	4222	0	4439
22670	4218	28	51	139	0	4436
22671	4270	32	26	98	0	4426
22672	173	17	31	3793	0	4014
22673	99	8	39	3818	0	3964
22674	95	3488	37	155	0	3775
22675	73	3122	30	107	0	3332
22676	73	105	2993	87	0	3258
22677	58	3067	98	105	0	3328
22678	2026	29	24	10	0	2089
22679	22	26	14	2001	0	2063
22680	26	1934	17	22	0	1999
22681	2064	27	6	15	0	2112
22682	33	18	6	2002	0	2059
22683	27	5	8	2008	0	2048
22684	10	13	8	2058	0	2089
22685	16	6	7	2047	0	2076
22686	13	1902	12	46	0	1973
22687	8	1919	9	36	0	1972
22688	2413	25	10	24	0	2472
22689	32	2324	12	27	0	2395
22690	19	38	9	2440	0	2506
22691	11	35	5	2450	0	2501
22692	16	16	3	2428	0	2463
22693	19	14	8	2458	0	2499
22694	2420	9	5	67	0	2501
22695	2397	3	5	45	0	2450
22696	56	9	2283	31	0	2379
22697	29	9	28	2346	0	2412
22698	28	6	2348	42	0	2424
22699	21	8	32	2363	0	2424
22700	10	4	22	2441	0	2477
22701	2393	5	16	66	0	2480
22702	29	10	14	2374	0	2427
22703	19	13	2304	46	0	2382
22704	13	19	2129	37	0	2198
22705	2226	8	44	22	0	2300
22706	40	9	2316	25	0	2390
22707	19	5	41	2280	0	2345
22708	22	9	2304	38	0	2373
22709	16	5	34	2300	0	2355
22710	15	2178	30	51	0	2274
22711	12	24	16	2329	0	2381
22712	8	2244	12	60	0	2324
22713	4	1923	6	9	0	1942
22714	2	16	2	1980	0	2000
22715	1975	6	3	10	0	1994
22716	8	1893	3	11	0	1915
22717	3	12	2	1974	0	1991
22718	1977	7	1	11	0	1996
22719	1922	7	0	8	0	1937
22720	1982	5	0	5	0	1992
22721	14	4	0	1915	0	1933
22722	8	5	1	1970	0	1984
22723	1982	2	0	19	0	2003
22724	1956	1	0	10	0	1967
22725	1964	2	0	5	0	1971
22726	19	2	0	1916	0	1937
22727	10	5	1898	10	0	1923
22728	1785	0	12	7	0	1804
22729	12	1	4	1920	0	1937
22730	7	1536	6	11	0	1560
22731	4	8	1	1619	0	1632
22732	5	1570	5	10	0	1590
22733	5	9	0	1620	0	1634
22734	3	9	1540	13	0	1565
22735	1	1474	14	11	0	1500
22736	0	9	6	1605	0	1620
22737	2	6	3	1584	0	1595
22738	2	4	1	1590	0	1597
22739	425	3	3	16	0	447
22740	8	427	0	10	0	445
22741	4	9	0	437	0	450
22742	428	3	1	12	0	444
22743	436	4	2	7	0	449
22744	14	3	1	435	0	453
22745	6	2	410	14	0	432
22746	3	1	9	420	0	433
22747	4	424	5	17	0	450
22748	5	10	2	437	0	454
22749	429	7	2	13	0	451
22750	9	2	3	711	0	725
22751	9	2	1500	15	0	1526
22752	6	2405	17	10	0	2438
22753	2562	59	7	7	0	2635
22754	71	30	2488	5	0	2594
22755	2491	11	70	4	0	2576
22756	80	4	25	2548	0	2657
22757	29	7	9	2513	0	2558
22758	15	2438	10	94	0	2557
22759	2509	59	8	35	0	2611
22760	73	22	6	2536	0	2637
22761	30	11	1	2999	0	3041
22762	14	4	2	4470	0	4490
22763	8	12	4361	103	0	4484
22764	12	5	69	4292	0	4378
22765	4461	1	26	91	0	4579
22766	4450	3	11	39	0	4503
22767	95	11	3	4427	0	4536
22768	41	7	9	4452	0	4509
22769	4493	4	7	104	0	4608
22770	87	11	4271	42	0	4411
22771	4313	1	74	29	0	4417
22772	89	12	4309	21	0	4431
22773	34	19	4851	14	0	4918
22774	26	5	90	4742	0	4863
22775	15	23	6671	82	0	6791
22776	6819	1	79	42	0	6941
22777	77	1	31	7057	0	7166
22778	36	1	6997	81	0	7115
22779	6694	2	74	37	0	6807
22780	6980	2	32	15	0	7029
22781	111	5	7487	9	0	7612
22782	44	5	74	7159	0	7282
22783	14	7260	41	69	0	7384
22784	7628	69	21	26	0	7744
22785	93	35	7397	14	0	7539
22786	6925	11	88	12	0	7036
22787	83	7206	47	10	0	7346
22788	7299	65	14	5	0	7383
22789	7167	25	9	7	0	7208
22790	7050	8	11	8	0	7077
22791	100	5	6	7037	0	7148
22792	31	6868	24	65	0	6988
22793	27	77	6867	27	0	6998
22794	18	6885	65	14	0	6982
22795	14	72	23	6871	0	6980
22796	9	6820	23	62	0	6914
22797	4	7026	15	30	0	7075
22798	7082	83	11	16	0	7192
22799	74	39	6854	13	0	6980
22800	39	19	6782	6	0	6846
22801	23	19	6719	14	0	6775
22802	18	6625	96	18	0	6757
22803	7128	75	30	10	0	7243
22804	7055	24	16	18	0	7113
22805	6969	23	12	17	0	7021
22806	107	6785	23	16	0	6931
22807	39	83	15	7119	0	7256
22808	33	42	7786	72	0	7933
22809	17	38	7134	45	0	7234
22810	7812	20	88	32	0	7952
22811	8046	44	37	27	0	8154
22812	8046	41	34	17	0	8138
22813	161	27	7726	27	0	7941
22814	7684	9	96	46	0	7835
22815	117	13	48	7996	0	8174
22816	60	28	30	8071	0	8189
22817	61	38	7736	142	0	7977
22818	52	7405	98	90	0	7645
22819	66	75	29	8078	0	8248
22820	53	42	7732	158	0	7985
22821	7043	18	103	128	0	7292
22822	90	25	65	7994	0	8174
22823	91	6	55	8010	0	8162
22824	7989	11	48	148	0	8196
22825	168	3	23	8001	0	8195
22826	8093	6	30	157	0	8286
22827	7986	6	25	122	0	8139
22828	136	25	36	7978	0	8175
22829	118	6	48	7971	0	8143
22830	8044	7	63	143	0	8257
22831	120	9	72	8000	0	8201
22832	8061	10	73	123	0	8267
22833	7935	10	80	69	0	8094
22834	7869	12	64	75	0	8020
22835	166	5	56	7838	0	8065
22836	89	17	58	7954	0	8118
22837	9241	18	46	145	0	9450
22838	264	8672	78	77	0	9091
22839	131	8956	59	31	0	9177
22840	9358	235	54	36	0	9683
22841	271	82	8669	30	0	9052
22842	9769	52	216	36	0	10073
22843	276	48	68	10159	0	10551
22844	96	44	9772	244	0	10156
22845	9845	42	226	51	0	10164
22846	287	45	57	10113	0	10502
22847	121	52	38	10843	0	11054
22848	125	31	37	10929	0	11122
22849	114	34	18	11057	0	11223
22850	10672	39	19	272	0	11002
22851	232	9632	59	91	0	10014
22852	8802	137	10	11	0	8960
22853	150	15	8625	16	0	8806
22854	15	21	8308	7	0	8351
22855	11	8359	140	14	0	8524
22856	9	127	8	8822	0	8966
22857	12	18	8628	137	0	8795
22858	5	7789	150	27	0	7971
22859	7	142	8441	7	0	8597
22860	10	9	139	8362	0	8520
22861	6	12	5	8360	0	8383
22862	7114	8	7	146	0	7275
22863	139	8	7	7064	0	7218
22864	7173	5	8	145	0	7331
22865	152	11	7032	11	0	7206
22866	12	6788	131	21	0	6952
22867	14	133	8	7119	0	7274
22868	10	10	7	7271	0	7298
22869	6	14	7001	151	0	7172
22870	7	21	6650	17	0	6695
22871	6583	9	126	21	0	6739
22872	7181	4	11	15	0	7211
22873	143	6	12	6486	0	6647
22874	11	7	7	6617	0	6642
22875	14	4664	20	139	0	4837
22876	11	135	10	4843	0	4999
22877	4796	11	5	151	0	4963
22878	4845	12	4	17	0	4878
22879	133	4664	23	18	0	4838
22880	4796	144	11	9	0	4960
22881	4354	11	8	15	0	4388
22882	148	11	9	4196	0	4364
22883	19	4101	12	145	0	4277
22884	20	139	5	4244	0	4408
22885	13	7	10	4410	0	4440
22886	17	12	4113	156	0	4298
22887	4080	8	127	29	0	4244
22888	139	7	12	4224	0	4382
22889	14	15	12	5918	0	5959
22890	11	7184	22	194	0	7411
22891	19	452	8	7555	0	8034
22892	7411	65	13	502	0	7991
22893	8551	51	19	98	0	8719
22894	595	47	7963	75	0	8680
22895	125	39	8299	50	0	8513
22896	90	22	560	7863	0	8535
22897	65	17	115	8731	0	8928
22898	44	27	8176	611	0	8858
22899	32	32	8553	132	0	8749
22900	23	11	595	8193	0	8822
22901	32	24	9709	600	0	10365
22902	27	43	9963	126	0	10159
22903	31	20	612	9681	0	10344
22904	9819	15	160	584	0	10578
22905	10238	19	105	134	0	10496
22906	600	32	84	9642	0	10358
22907	147	24	57	10352	0	10580
22908	8939	20	53	661	0	9673
22909	596	16	41	9026	0	9679
22910	8857	18	54	646	0	9575
22911	9189	7	52	184	0	9432
22912	624	13	31	8863	0	9531
22913	165	20	36	9434	0	9655
22914	8745	19	53	685	0	9502
22915	592	8473	50	198	0	9313
22916	150	9118	45	151	0	9464
22917	111	589	56	8964	0	9720
22918	74	134	8740	621	0	9569
22919	81	92	529	8834	0	9536
22920	8766	60	110	663	0	9599
22921	570	45	105	8868	0	9588
22922	8984	27	78	656	0	9745
22923	611	31	8657	197	0	9496
22924	8583	30	561	141	0	9315
22925	616	25	114	8824	0	9579
22926	156	16	81	9435	0	9688
22927	134	25	9454	667	0	10280
22928	115	24	527	9405	0	10071
22929	88	22	107	10029	0	10246
22930	77	21	64	10345	0	10507
22931	10189	37	44	754	0	11024
22932	596	51	9917	263	0	10827
22933	164	50	10099	200	0	10513
22934	9875	29	587	155	0	10646
22935	10553	30	156	132	0	10871
22936	702	44	10267	117	0	11130
22937	172	21	456	8640	0	9289
22938	131	8662	155	435	0	9383
22939	105	408	105	9283	0	9901
22940	9162	90	112	520	0	9884
22941	9491	58	130	199	0	9878
22942	500	41	117	8422	0	9080
22943	164	7886	132	533	0	8715
22944	133	412	108	8106	0	8759
22945	144	8065	109	506	0	8824
22946	8379	447	106	212	0	9144
22947	7777	111	117	151	0	8156
22948	7668	73	109	181	0	8031
22949	547	7167	120	179	0	8013
22950	231	7528	107	173	0	8039
22951	197	469	93	7592	0	8351
22952	158	119	95	7934	0	8306
22953	142	79	80	7828	0	8129
22954	126	73	80	8086	0	8365
22955	106	66	7334	695	0	8201
22956	6899	56	447	301	0	7703
22957	552	63	7473	227	0	8315
22958	7558	60	490	199	0	8307
22959	589	68	7726	183	0	8566
22960	8248	45	507	206	0	9006
22961	639	65	8234	177	0	9115
22962	8050	54	540	178	0	8822
22963	722	52	194	8322	0	9290
22964	8466	44	177	620	0	9307
22965	710	51	113	8386	0	9260
22966	282	49	118	8811	0	9260
22967	250	45	79	8641	0	9015
22968	175	7892	92	796	0	8955
22969	8230	496	69	388	0	9183
22970	8461	152	88	318	0	9019
22971	658	8793	94	272	0	9817
22972	329	527	71	9216	0	10143
22973	267	184	8613	660	0	9724
22974	8741	131	496	318	0	9686
22975	9311	70	205	253	0	9839
22976	9283	50	160	239	0	9732
22977	791	48	134	8803	0	9776
22978	360	8663	126	611	0	9760
22979	300	510	97	9189	0	10096
22980	9120	163	108	705	0	10096
22981	641	132	108	8741	0	9622
22982	272	8998	112	673	0	10055
22983	9372	525	73	296	0	10266
22984	643	193	9050	250	0	10136
22985	279	174	10041	210	0	10704
22986	253	9442	641	169	0	10505
22987	215	9963	254	164	0	10596
22988	246	643	9789	148	0	10826
22989	163	254	8483	105	0	9005
22990	44	76	181	6561	0	6862
22991	6894	35	107	147	0	7183
22992	177	31	6763	79	0	7050
22993	66	5579	110	72	0	5827
22994	7259	80	65	44	0	7448
22995	86	6873	71	51	0	7081
22996	7110	121	27	27	0	7285
22997	127	6773	30	27	0	6957
22998	75	6858	32	22	0	6987
22999	79	138	14	6996	0	7227
23000	38	110	14	7051	0	7213
23001	37	79	5648	124	0	5888
23002	41	30	78	5621	0	5770
23003	5771	30	49	130	0	5980
23004	5802	27	49	69	0	5947
23005	139	24	13	5716	0	5892
23006	106	31	5597	99	0	5833
23007	69	29	5488	91	0	5677
23008	37	18	111	5969	0	6135
23009	38	24	6011	111	0	6184
23010	28	17	129	5903	0	6077
23011	40	18	73	5845	0	5976
23012	35	20	6813	141	0	7009
23013	6419	19	112	112	0	6662
23014	6938	17	82	81	0	7118
23015	129	37	6867	41	0	7074
23016	109	28	7092	37	0	7266
23017	67	21	164	6961	0	7213
23018	41	7	112	7895	0	8055
23019	36	15	78	8114	0	8243
23020	36	13	45	8189	0	8283
23021	8033	15	35	239	0	8322
23022	8051	23	25	146	0	8245
23023	202	23	29	9322	0	9576
23024	148	19	20	9613	0	9800
23025	91	56	10477	252	0	10876
23026	63	24	201	10858	0	11146
23027	44	19	110	12980	0	13153
23028	13275	12	83	674	0	14044
23029	510	13692	58	276	0	14536
23030	166	543	28	14119	0	14856
23031	132	135	21	14267	0	14555
23032	78	110	22	14134	0	14344
23033	60	12395	72	833	0	13360
23034	64	13788	60	340	0	14252
23035	66	648	40	13782	0	14536
23036	39	235	39	13858	0	14171
23037	38	136	37	14252	0	14463
23038	13117	78	33	913	0	14141
23039	522	13485	45	387	0	14439
23040	13845	630	32	249	0	14756
23041	14433	199	31	199	0	14862
23042	779	132	32	13611	0	14554
23043	290	13466	40	709	0	14505
23044	13759	632	34	299	0	14724
23045	698	222	25	13960	0	14905
23046	13751	175	34	771	0	14731
23047	763	150	21	13998	0	14932
23048	272	159	13063	915	0	14409
23049	215	143	13345	424	0	14127
23050	146	112	667	13588	0	14513
23051	125	146	219	14059	0	14549
23052	126	154	140	14003	0	14423
23053	103	12741	127	1018	0	13989
23054	92	13943	99	560	0	14694
23055	13500	744	73	418	0	14735
23056	13578	388	69	327	0	14362
23057	805	13374	82	366	0	14627
23058	379	13540	59	345	0	14323
23059	265	14029	63	502	0	14859
23060	12362	869	36	350	0	13617
23061	546	12823	34	351	0	13754
23062	265	826	26	13010	0	14127
23063	12694	345	31	857	0	13927
23064	13043	188	34	531	0	13796
23065	866	129	48	12918	0	13961
23066	298	228	12336	830	0	13692
23067	421	163	12575	263	0	13422
23068	280	256	618	12761	0	13915
23069	290	114	12493	921	0	13818
23070	262	241	564	12594	0	13661
23071	265	207	140	12088	0	12700
23072	168	303	11277	904	0	12652
23073	407	162	11557	318	0	12444
23074	228	99	647	12266	0	13240
23075	245	170	328	13027	0	13770
23076	12118	182	287	1000	0	13587
23077	604	11925	265	512	0	13306
23078	238	12731	230	428	0	13627
23079	11901	798	93	546	0	13338
23080	12495	402	91	458	0	13446
23081	781	12097	99	430	0	13407
23082	464	12602	92	269	0	13427
23083	12246	928	107	264	0	13545
23084	819	442	142	12162	0	13565
23085	11212	370	168	777	0	12527
23086	695	11748	127	440	0	13010
23087	12034	827	134	343	0	13338
23088	832	524	11205	312	0	12873
23089	11736	245	568	446	0	12995
23090	920	305	11879	298	0	13402
23091	449	176	707	12431	0	13763
23092	12544	167	239	975	0	13925
23093	867	187	11860	489	0	13403
23094	384	143	763	11613	0	12903
23095	11490	215	364	938	0	13007
23096	772	280	11858	423	0	13333
23097	405	183	700	12417	0	13705
23098	12144	161	363	994	0	13662
23099	755	11830	311	564	0	13460
23100	293	781	273	12321	0	13668
23101	345	312	230	12751	0	13638
23102	261	267	216	12684	0	13428
23103	432	11732	98	1065	0	13327
23104	335	865	100	13264	0	14564
23105	430	459	102	13559	0	14550
23106	403	400	153	13629	0	14585
23107	468	317	125	14105	0	15015
23108	435	313	12172	1023	0	13943
23109	12457	322	624	504	0	13907
23110	13279	313	197	366	0	14155
23111	940	12677	195	487	0	14299
23112	634	700	158	12238	0	13730
23113	400	385	134	12516	0	13435
23114	521	11784	167	958	0	13430
23115	262	787	308	12312	0	13669
23116	11575	242	181	940	0	12938
23117	764	11569	391	462	0	13186
23118	11022	694	204	489	0	12409
23119	830	240	217	11274	0	12561
23120	290	224	10471	1016	0	12001
23121	332	10847	593	618	0	12390
23122	10765	695	301	440	0	12201
23123	640	9142	265	446	0	10493
23124	390	10806	142	450	0	11788
23125	9379	609	192	323	0	10503
23126	667	385	8646	363	0	10061
23127	253	6410	191	119	0	6973
23128	6122	285	58	217	0	6682
23129	5337	67	36	53	0	5493
23130	156	5202	22	56	0	5436
23131	74	140	22	5437	0	5673
23132	61	61	5198	150	0	5470
23133	59	51	93	5314	0	5517
23134	62	48	36	5321	0	5467
23135	48	53	41	5521	0	5663
23136	55	46	5249	185	0	5535
23137	51	47	111	5267	0	5476
23138	54	53	5236	177	0	5520
23139	37	54	4551	88	0	4730
23140	4452	35	90	72	0	4649
23141	99	4612	58	73	0	4842
23142	63	4802	43	65	0	4973
23143	60	110	43	4922	0	5135
23144	4909	59	38	101	0	5107
23145	4912	47	26	62	0	5047
23146	4918	50	35	48	0	5051
23147	4945	52	24	59	0	5080
23148	4894	36	23	68	0	5021
23149	134	49	4631	63	0	4877
23150	73	43	73	4752	0	4941
23151	65	4597	54	123	0	4839
23152	58	91	42	4921	0	5112
23153	4839	56	31	127	0	5053
23154	92	5947	56	92	0	6187
23155	51	84	34	6327	0	6496
23156	6300	54	36	113	0	6503
23157	6299	50	31	77	0	6457
23158	119	48	28	6166	0	6361
23159	70	54	27	6328	0	6479
23160	79	40	13	6472	0	6604
23161	68	35	6218	155	0	6476
23162	57	53	6040	93	0	6243
23163	64	27	93	6315	0	6499
23164	78	35	44	6407	0	6564
23165	6372	45	39	141	0	6597
23166	6261	41	34	100	0	6436
23167	6299	38	29	99	0	6465
23168	8077	39	29	99	0	8244
23169	8134	42	24	96	0	8296
23170	141	7625	50	96	0	7912
23171	8188	100	25	82	0	8395
23172	8537	56	21	91	0	8705
23173	8612	47	38	80	0	8777
23174	118	21	15	7571	0	7725
23175	67	21	7449	93	0	7630
23176	51	19	67	8092	0	8229
23177	45	26	7983	113	0	8167
23178	37	23	94	7785	0	7939
23179	35	7720	54	112	0	7921
23180	8200	76	33	64	0	8373
23181	8100	39	23	45	0	8207
23182	121	44	18	8022	0	8205
23183	80	28	10	8117	0	8235
23184	80	20	13	8157	0	8270
23185	63	9094	26	125	0	9308
23186	9116	88	12	70	0	9286
23187	8934	37	16	60	0	9047
23188	120	8741	48	34	0	8943
23189	72	99	15	9058	0	9244
23190	62	42	21	8367	0	8492
23191	37	8243	28	112	0	8420
23192	8583	92	16	67	0	8758
23193	8535	29	24	57	0	8645
23194	120	25	23	8528	0	8696
23195	73	43	8275	116	0	8507
23196	66	38	7260	59	0	7423
23197	41	23	103	7699	0	7866
23198	50	23	44	7596	0	7713
23199	45	18	37	7871	0	7971
23200	7820	21	21	141	0	8003
23201	7712	15	16	96	0	7839
23202	134	8089	33	79	0	8335
23203	8452	90	33	57	0	8632
23204	98	40	8680	20	0	8838
23205	53	36	8506	19	0	8614
23206	37	9177	98	25	0	9337
23207	9361	36	25	11	0	9433
23208	45	8982	31	25	0	9083
23209	9369	52	13	17	0	9451
23210	63	29	9088	15	0	9195
23211	33	25	8900	14	0	8972
23212	20	16	54	8679	0	8769
23213	56	13	9047	52	0	9168
23214	17	9	50	9096	0	9172
23215	17	22	25	8624	0	8688
23216	17	8802	28	65	0	8912
23217	18	40	7	9318	0	9383
23218	17	25	8	9277	0	9327
23219	9319	13	10	62	0	9404
23220	44	10579	34	42	0	10699
23221	30	44	6	11181	0	11261
23222	32	31	10866	49	0	10978
23223	9366	27	57	47	0	9497
23224	56	25	10810	32	0	10923
23225	29	15	50	10840	0	10934
23226	28	12363	52	54	0	12497
23227	30	107	18	12920	0	13075
23228	12887	41	17	114	0	13059
23229	12726	27	19	54	0	12826
23230	143	12333	30	33	0	12539
23231	13705	101	20	26	0	13852
23232	13485	39	20	22	0	13566
23233	13607	30	18	26	0	13681
23234	13642	21	21	34	0	13718
23235	13287	23	23	21	0	13354
23236	171	39	13098	29	0	13337
23237	83	22	108	13090	0	13303
23238	50	25	41	13415	0	13531
23239	39	21	29	13454	0	13543
23240	35	13180	52	160	0	13427
23241	32	112	18	13686	0	13848
23242	33	83	12903	155	0	13174
23243	39	12686	131	78	0	12934
23244	42	13121	63	53	0	13279
23245	40	139	30	13581	0	13790
23246	45	51	27	13538	0	13661
23247	41	39	21	13450	0	13551
23248	35	12880	52	160	0	13127
23249	44	13187	55	75	0	13361
23250	13510	128	27	50	0	13715
23251	13306	59	22	53	0	13440
23252	141	14126	44	63	0	14374
23253	14733	188	24	44	0	14989
23254	14936	50	24	47	0	15057
23255	232	52	23	14927	0	15234
23256	79	53	18	14923	0	15073
23257	56	32	16	15142	0	15246
23258	63	66	15949	264	0	16342
23259	77	91	15041	99	0	15308
23260	46	15752	216	98	0	16112
23261	16465	203	60	59	0	16787
23262	244	68	16100	53	0	16465
23263	15372	42	212	53	0	15679
23264	253	79	16666	58	0	17056
23265	16168	45	259	58	0	16530
23266	323	16523	123	59	0	17028
23267	17075	286	56	51	0	17468
23268	314	75	43	15460	0	15892
23269	117	65	27	15634	0	15843
23270	107	98	14437	350	0	14992
23271	87	14941	237	138	0	15403
23272	86	278	53	15267	0	15684
23273	86	88	14701	284	0	15159
23274	12810	73	273	96	0	13252
23275	278	14595	87	94	0	15054
23276	14386	251	39	75	0	14751
23277	258	14070	60	84	0	14472
23278	76	285	20	14596	0	14977
23279	14467	88	41	272	0	14868
23280	274	14028	72	95	0	14469
23281	79	273	34	14639	0	15025
23282	79	94	14082	280	0	14535
23283	12990	69	244	99	0	13402
23284	273	76	43	14409	0	14801
23285	83	56	12809	304	0	13252
23286	58	12617	238	117	0	13030
23287	61	258	44	13234	0	13597
23288	74	92	12906	275	0	13347
23289	70	55	245	12476	0	12846
23290	55	12466	83	269	0	12873
23291	86	12975	63	89	0	13213
23292	106	291	12642	50	0	13089
23293	91	96	225	12599	0	13011
23294	71	83	12811	302	0	13267
23295	12315	61	267	105	0	12748
23296	299	46	72	12753	0	13170
23297	104	12482	90	270	0	12946
23298	78	13443	82	84	0	13687
23299	13471	325	34	82	0	13912
23300	265	13269	83	93	0	13710
23301	13486	280	80	70	0	13916
23302	310	105	12782	87	0	13284
23303	12003	84	260	76	0	12423
23304	295	11533	88	75	0	11991
23305	11766	310	46	79	0	12201
23306	275	11065	67	100	0	11507
23307	86	301	54	11142	0	11583
23308	77	143	32	11497	0	11749
23309	85	99	10994	323	0	11501
23310	10416	101	248	125	0	10890
23311	299	93	10872	116	0	11380
23312	10908	84	276	91	0	11359
23313	308	91	67	11121	0	11587
23314	109	82	70	11208	0	11469
23315	91	10937	93	323	0	11444
23316	86	309	69	11246	0	11710
23317	97	123	74	11459	0	11753
23318	145	111	10883	311	0	11450
23319	9930	112	276	141	0	10459
23320	313	9215	121	143	0	9792
23321	9580	275	91	131	0	10077
23322	318	118	80	9207	0	9723
23323	117	78	100	9738	0	10033
23324	8499	98	114	336	0	9047
23325	313	8649	76	164	0	9202
23326	7021	214	59	96	0	7390
23327	236	6717	73	66	0	7092
23328	77	7034	56	65	0	7232
23329	7130	228	61	65	0	7484
23330	246	79	50	7017	0	7392
23331	90	105	9536	221	0	9952
23332	104	78	243	9534	0	9959
23333	75	83	76	10030	0	10264
23334	63	9596	66	343	0	10068
23335	77	292	47	10086	0	10502
23336	58	133	49	10211	0	10451
23337	53	89	50	10136	0	10328
23338	63	71	55	10283	0	10472
23339	74	81	10234	376	0	10765
23340	64	88	10224	153	0	10529
23341	50	77	380	10472	0	10979
23342	66	84	11056	421	0	11627
23343	60	77	11022	177	0	11336
23344	72	66	441	10802	0	11381
23345	52	113	12493	479	0	13137
23346	53	95	396	11727	0	12271
23347	50	11982	154	453	0	12639
23348	13613	428	98	171	0	14310
23349	402	112	13525	165	0	14204
23350	88	72	462	13268	0	13890
23351	88	90	15355	498	0	16031
23352	35	29	323	14208	0	14595
23353	24	33	123	16747	0	16927
23354	16330	28	71	454	0	16883
23355	411	32	58	16446	0	16947
23356	16026	26	63	504	0	16619
23357	15974	39	52	196	0	16261
23358	532	14331	55	125	0	15043
23359	14737	430	72	85	0	15324
23360	465	15756	107	104	0	16432
23361	157	16497	81	115	0	16850
23362	16739	529	93	90	0	17451
23363	482	195	16318	137	0	17132
23364	170	99	15239	92	0	15600
23365	14960	57	437	102	0	15556
23366	15825	50	157	85	0	16117
23367	515	15113	119	72	0	15819
23368	16066	390	79	44	0	16579
23369	15830	161	45	66	0	16102
23370	15991	97	66	54	0	16208
23371	514	98	52	15691	0	16355
23372	15800	65	56	401	0	16322
23373	450	16838	102	172	0	17562
23374	198	338	97	18937	0	19570
23375	161	140	58	18977	0	19336
23376	167	18270	75	474	0	18986
23377	130	400	42	19245	0	19817
23378	18813	158	53	448	0	19472
23379	18776	95	57	188	0	19116
23380	561	17717	77	118	0	18473
23381	257	18413	74	143	0	18887
23382	19093	433	67	106	0	19699
23383	482	232	18014	103	0	18831
23384	240	160	17840	124	0	18364
23385	162	101	464	17754	0	18481
23386	156	100	174	18991	0	19421
23387	192	111	18088	579	0	18970
23388	216	17089	425	311	0	18041
23389	229	420	152	17953	0	18754
23390	238	225	18065	470	0	18998
23391	209	191	398	17675	0	18473
23392	186	191	181	17948	0	18506
23393	188	17897	173	510	0	18768
23394	160	453	144	18530	0	19287
23395	161	253	132	18581	0	19127
23396	169	145	139	18891	0	19344
23397	18689	121	157	599	0	19566
23398	527	142	137	17602	0	18408
23399	306	15999	133	1772	0	18210
23400	18183	438	132	276	0	19029
23401	592	231	17460	205	0	18488
23402	321	179	16789	225	0	17514
23403	262	184	17196	221	0	17863
23404	241	112	490	17558	0	18401
23405	229	118	17587	581	0	18515
23406	192	119	465	17331	0	18107
23407	233	141	191	18022	0	18587
23408	17831	131	116	703	0	18781
23409	17246	191	128	353	0	17918
23410	611	17300	123	289	0	18323
23411	356	451	126	17736	0	18669
23412	311	274	17182	494	0	18261
23413	209	16986	496	290	0	17981
23414	17501	490	215	274	0	18480
23415	530	18330	241	242	0	19343
23416	18978	475	198	222	0	19873
23417	596	277	18363	284	0	19520
23418	17862	188	450	251	0	18751
23419	18614	181	229	249	0	19273
23420	721	250	20513	208	0	21692
23421	384	197	603	19946	0	21130
23422	272	20728	364	688	0	22052
23423	248	20551	270	2166	0	23235
23424	250	22838	260	291	0	23639
23425	190	898	158	22515	0	23761
23426	256	468	22858	780	0	24362
23427	248	337	630	22556	0	23771
23428	269	271	266	24321	0	25127
23429	343	266	22905	959	0	24473
23430	327	22530	713	486	0	24056
23431	256	620	218	20802	0	21896
23432	20454	307	198	713	0	21672
23433	633	237	177	21200	0	22247
23434	326	216	203	21192	0	21937
23435	210	20793	244	824	0	22071
23436	21323	603	203	442	0	22571
23437	589	296	164	21517	0	22566
23438	301	226	20556	817	0	21900
23439	208	19898	523	449	0	21078
23440	20503	537	208	362	0	21610
23441	603	306	20101	295	0	21305
23442	18875	248	456	187	0	19766
23443	548	238	199	19626	0	20611
23444	300	19717	239	514	0	20770
23445	19105	532	209	285	0	20131
23446	18564	295	162	263	0	19284
23447	569	18757	153	290	0	19769
23448	353	513	152	18188	0	19206
23449	259	329	142	18764	0	19494
23450	18064	272	130	645	0	19111
23451	532	16529	196	372	0	17629
23452	341	465	160	16336	0	17302
23453	149	13895	109	474	0	14627
23454	67	13113	58	171	0	13409
23455	61	344	26	13303	0	13734
23456	12938	179	36	350	0	13503
23457	252	12946	62	150	0	13410
23458	103	342	31	13101	0	13577
23459	87	169	24	13379	0	13659
23460	85	146	11025	369	0	11625
23461	70	146	10616	233	0	11065
23462	73	10658	307	222	0	11260
23463	83	305	11452	137	0	11977
23464	83	147	294	11634	0	12158
23465	60	127	12205	362	0	12754
23466	66	138	312	11894	0	12410
23467	71	118	156	12479	0	12824
23468	79	110	109	12725	0	13023
23469	12386	112	102	419	0	13019
23470	278	100	76	12562	0	13016
23471	125	86	77	12474	0	12762
23472	113	11911	90	432	0	12546
23473	110	299	74	10950	0	11433
23474	9377	143	47	453	0	10020
23475	289	10521	80	241	0	11131
23476	10857	390	56	241	0	11544
23477	417	194	10671	231	0	11513
23478	206	229	11193	165	0	11793
23479	155	200	386	11868	0	12609
23480	164	135	209	12358	0	12866
23481	123	12040	160	554	0	12877
23482	121	461	107	12583	0	13272
23483	12294	215	107	613	0	13229
23484	12331	186	116	331	0	12964
23485	506	182	92	12574	0	13354
23486	262	171	13906	614	0	14953
23487	200	166	402	14499	0	15267
23488	168	160	203	14734	0	15265
23489	139	161	172	14937	0	15409
23490	137	143	124	14920	0	15324
23491	128	137	118	14618	0	15001
23492	85	14027	134	854	0	15100
23493	14424	452	110	549	0	15535
23494	14416	249	108	435	0	15208
23495	14509	178	123	365	0	15175
23496	644	15221	115	327	0	16307
23497	15219	565	95	323	0	16202
23498	609	15221	119	274	0	16223
23499	343	667	15410	215	0	16635
23500	296	320	456	15323	0	16395
23501	295	222	15283	643	0	16443
23502	198	15115	565	406	0	16284
23503	15551	570	271	329	0	16721
23504	564	357	15296	279	0	16496
23505	320	261	15102	265	0	15948
23506	231	14952	696	266	0	16145
23507	172	576	350	15706	0	16804
23508	187	346	17331	634	0	18498
23509	211	260	648	17230	0	18349
23510	206	175	335	19939	0	20655
23511	178	146	282	21318	0	21924
23512	21292	140	156	1224	0	22812
23513	22097	169	149	716	0	23131
23514	1080	139	121	21969	0	23309
23515	21033	121	92	1134	0	22380
23516	1063	143	19993	678	0	21877
23517	531	151	20020	554	0	21256
23518	458	127	20255	489	0	21329
23519	447	149	20119	448	0	21163
23520	354	17033	953	287	0	18627
23521	1298	630	475	16474	0	18877
23522	297	245	16622	651	0	17815
23523	15361	140	763	310	0	16574
23524	16395	87	498	219	0	17199
23525	770	15917	422	172	0	17281
23526	15354	542	381	161	0	16438
23527	723	307	359	15172	0	16561
23528	387	243	14391	644	0	15665
23529	297	158	700	13939	0	15094
23530	231	14358	405	665	0	15659
23531	14914	606	259	371	0	16150
23532	15138	315	182	305	0	15940
23533	910	14353	171	230	0	15664
23534	14938	655	124	253	0	15970
23535	14765	355	123	239	0	15482
23536	944	14261	178	261	0	15644
23537	537	653	142	14166	0	15498
23538	411	14352	139	651	0	15553
23539	13272	732	131	380	0	14515
23540	814	442	111	13067	0	14434
23541	14864	324	125	597	0	15910
23542	914	278	123	14226	0	15541
23543	568	307	13063	754	0	14692
23544	13720	249	586	424	0	14979
23545	815	257	14403	365	0	15840
23546	540	204	672	14692	0	16108
23547	403	196	14574	833	0	16006
23548	344	193	730	14881	0	16148
23549	383	130	14458	893	0	15864
23550	14379	96	820	556	0	15851
23551	768	14339	474	432	0	16013
23552	14985	571	397	373	0	16326
23553	827	291	330	14876	0	16324
23554	14686	171	349	810	0	16016
23555	821	13064	313	474	0	14672
23556	489	13024	285	369	0	14167
23557	450	14256	263	297	0	15266
23558	14197	800	208	255	0	15460
23559	809	475	176	13907	0	15367
23560	517	343	140	14570	0	15570
23561	424	374	13435	806	0	15039
23562	374	323	13561	460	0	14718
23563	331	306	678	13539	0	14854
23564	336	288	14134	721	0	15479
23565	231	14042	708	471	0	15452
23566	14314	704	412	344	0	15774
23567	722	366	14175	384	0	15647
23568	393	249	14417	416	0	15475
23569	348	200	943	14091	0	15582
23570	14513	147	576	846	0	16082
23571	706	160	504	14633	0	16003
23572	14540	147	445	848	0	15980
23573	797	179	388	14694	0	16058
23574	520	196	14118	800	0	15634
23575	409	13600	780	437	0	15226
23576	364	610	13991	343	0	15308
23577	340	13595	789	351	0	15075
23578	305	1242	439	12825	0	14811
23579	12896	305	267	719	0	14187
23580	725	245	12357	429	0	13756
23581	439	190	589	12619	0	13837
23582	335	210	322	13668	0	14535
23583	13320	184	299	848	0	14651
23584	625	198	314	12880	0	14017
23585	304	13020	313	754	0	14391
23586	11285	562	263	417	0	12527
23587	631	337	10724	329	0	12021
23588	10870	213	538	331	0	11952
23589	729	10851	302	317	0	12199
23590	463	529	229	10155	0	11376
23591	351	11081	175	593	0	12200
23592	11414	604	138	357	0	12513
23593	745	362	10712	289	0	12108
23594	11020	292	480	257	0	12049
23595	767	10970	260	224	0	12221
23596	396	514	183	10039	0	11132
23597	10087	296	184	485	0	11052
23598	10379	229	180	268	0	11056
23599	685	239	157	9664	0	10745
23600	389	224	167	9856	0	10636
23601	350	9541	163	598	0	10652
23602	355	478	168	9400	0	10401
23603	286	10679	188	573	0	11726
23604	268	11927	154	438	0	12787
23605	269	1708	123	11742	0	13842
23606	256	12738	125	629	0	13748
23607	234	619	12570	438	0	13861
23608	257	392	12799	333	0	13781
23609	184	13174	550	374	0	14282
23610	100	321	9652	124	0	10197
23611	80	162	9369	134	0	9745
23612	26	74	7966	22	0	8088
23613	4	7819	213	16	0	8052
23614	7696	155	105	10	0	7966
23615	127	7682	90	16	0	7915
23616	52	170	7809	11	0	8042
23617	36	69	159	7847	0	8111
23618	7942	61	65	143	0	8211
23619	155	64	7761	50	0	8030
23620	63	30	167	7981	0	8241
23621	50	45	8228	155	0	8478
23622	39	18	203	9772	0	10032
23623	9809	30	85	187	0	10111
23624	168	63	9649	69	0	9949
23625	56	10109	225	70	0	10460
23626	61	218	98	11162	0	11539
23627	11348	87	95	208	0	11738
23628	223	92	10796	81	0	11192
23629	90	77	258	10245	0	10670
23630	65	11030	150	201	0	11446
23631	10852	233	85	88	0	11258
23632	10702	76	86	109	0	10973
23633	255	90	81	10617	0	11043
23634	116	10456	96	240	0	10908
23635	97	10908	83	122	0	11210
23636	12180	261	75	72	0	12588
23637	345	115	84	11572	0	12116
23638	102	12145	89	335	0	12671
23639	12271	356	91	133	0	12851
23640	373	123	46	12511	0	13053
23641	137	97	89	12766	0	13089
23642	118	175	10662	430	0	11385
23643	90	11819	259	198	0	12366
23644	87	13017	113	163	0	13380
23645	107	419	83	12089	0	12698
23646	11943	170	96	392	0	12601
23647	357	13717	84	166	0	14324
23648	14038	422	89	108	0	14657
23649	420	13752	82	111	0	14365
23650	182	450	58	13926	0	14616
23651	14082	177	58	405	0	14722
23652	401	175	59	14133	0	14768
23653	178	179	13675	430	0	14462
23654	171	115	336	13142	0	13764
23655	106	15028	132	419	0	15685
23656	15221	417	96	172	0	15906
23657	380	14564	92	160	0	15196
23658	177	430	63	14557	0	15227
23659	163	181	71	15231	0	15646
23660	121	190	14396	473	0	15180
23661	114	205	14346	214	0	14879
23662	100	904	373	14004	0	15381
23663	127	181	14220	442	0	14970
23664	77	13601	364	174	0	14216
23665	14189	374	127	147	0	14837
23666	378	176	14094	116	0	14764
23667	14158	157	333	134	0	14782
23668	14854	109	121	149	0	15233
23669	14667	139	136	125	0	15067
23670	14826	127	118	135	0	15206
23671	457	114	128	14499	0	15198
23672	203	115	116	14070	0	14504
23673	187	14098	161	395	0	14841
23674	14616	388	115	203	0	15322
23675	422	214	14084	151	0	14871
23676	198	164	342	14363	0	15067
23677	178	151	154	14710	0	15193
23678	159	165	13687	444	0	14455
23679	164	14075	359	237	0	14835
23680	161	379	182	13955	0	14677
23681	143	162	161	14878	0	15344
23682	13971	208	111	458	0	14748
23683	397	13643	125	282	0	14447
23684	216	400	116	13813	0	14545
23685	204	13610	128	435	0	14377
23686	176	398	116	14163	0	14853
23687	14104	180	100	472	0	14856
23688	14070	158	116	229	0	14573
23689	456	140	93	14243	0	14932
23690	14134	162	91	467	0	14854
23691	13848	166	97	262	0	14373
23692	484	13581	111	233	0	14409
23693	280	408	100	13533	0	14321
23694	260	13680	106	455	0	14501
23695	201	451	76	14327	0	15055
23696	13974	217	97	488	0	14776
23697	441	195	88	13927	0	14651
23698	216	153	91	14332	0	14792
23699	223	173	13301	546	0	14243
23700	238	12692	313	280	0	13523
23701	209	13847	126	267	0	14449
23702	14052	451	101	278	0	14882
23703	366	216	60	12596	0	13238
23704	9929	170	48	367	0	10514
23705	382	9773	75	197	0	10427
23706	183	9707	92	211	0	10193
23707	171	11660	74	207	0	12112
23708	11519	264	49	121	0	11953
23709	250	11653	77	124	0	12104
23710	12643	300	47	115	0	13105
23711	12546	120	39	122	0	12827
23712	12535	117	55	101	0	12808
23713	320	116	38	12288	0	12762
23714	171	87	34	12519	0	12811
23715	130	78	45	12654	0	12907
23716	100	95	36	12668	0	12899
23717	12480	73	43	349	0	12945
23718	271	11945	66	178	0	12460
23719	129	274	50	12658	0	13111
23720	13087	89	43	333	0	13552
23721	298	82	52	12430	0	12862
23722	153	75	44	11456	0	11728
23723	11346	92	34	353	0	11825
23724	286	87	10871	170	0	11414
23725	109	95	162	10897	0	11263
23726	89	48	9920	266	0	10323
23727	108	41	162	9991	0	10302
23728	90	44	38	10346	0	10518
23729	10063	39	32	270	0	10404
23730	206	9563	57	132	0	9958
23731	77	9892	47	108	0	10124
23732	10056	224	41	105	0	10426
23733	224	9810	50	81	0	10165
23734	10201	195	34	98	0	10528
23735	262	55	9803	130	0	10250
23736	8578	18	37	27	0	8660
23737	8834	10	8	46	0	8898
23738	8530	22	11	24	0	8587
23739	55	19	9	8330	0	8413
23740	20	29	7	8315	0	8371
23741	23	8105	20	60	0	8208
23742	32	35	12	8545	0	8624
23743	8497	20	9	61	0	8587
23744	35	7542	18	13	0	7608
23745	11	8325	20	15	0	8371
23746	8609	22	2	17	0	8650
23747	38	11	6687	12	0	6748
23748	18	13	17	6568	0	6616
23749	14	15	6711	35	0	6775
23750	17	2	23	6590	0	6632
23751	16	6391	16	25	0	6448
23752	15	31	3	6848	0	6897
23753	7340	10	5	30	0	7385
23754	40	19	4	7257	0	7320
23755	24	14	5886	34	0	5958
23756	5469	8	26	27	0	5530
23757	37	5581	32	19	0	5669
23758	19	7018	16	37	0	7090
23759	7343	29	12	28	0	7412
23760	8609	12	4	29	0	8654
23761	141	36	8485	24	0	8686
23762	8207	10	115	37	0	8369
23763	159	8425	71	22	0	8677
23764	8844	118	21	38	0	9021
23765	156	66	14	8414	0	8650
23766	95	7882	22	124	0	8123
23767	8379	131	15	80	0	8605
23768	171	87	7932	52	0	8242
23769	147	29	133	8081	0	8390
23770	8718	42	69	148	0	8977
23771	193	36	8423	97	0	8749
23772	8447	34	119	72	0	8672
23773	173	51	63	8533	0	8820
23774	116	31	28	8729	0	8904
23775	93	46	8444	214	0	8797
23776	80	48	140	8431	0	8699
23777	8595	17	79	193	0	8884
23778	176	8294	77	112	0	8659
23779	8714	132	30	87	0	8963
23780	8734	59	42	100	0	8935
23781	237	32	23	8599	0	8891
23782	132	39	9133	199	0	9503
23783	72	33	144	9204	0	9453
23784	9376	29	89	196	0	9690
23785	162	8886	62	137	0	9247
23786	9412	138	23	85	0	9658
23787	220	93	32	9251	0	9596
23788	151	59	21	9340	0	9571
23789	96	38	44	9526	0	9704
23790	87	47	9058	254	0	9446
23791	73	46	159	9156	0	9434
23792	87	61	9064	206	0	9418
23793	99	73	8898	131	0	9201
23794	79	61	187	11098	0	11425
23795	91	46	10991	296	0	11424
23796	11563	32	244	196	0	12035
23797	303	48	147	12050	0	12548
23798	197	35	99	11838	0	12169
23799	113	12785	114	442	0	13454
23800	13213	290	95	241	0	13839
23801	14342	155	81	146	0	14724
23802	450	13919	102	103	0	14574
23803	280	310	46	14434	0	15070
23804	174	190	13963	364	0	14691
23805	13605	98	309	245	0	14257
23806	14381	87	169	169	0	14806
23807	499	79	115	12890	0	13583
23808	277	65	11516	307	0	12165
23809	159	11250	289	203	0	11901
23810	11258	271	151	126	0	11806
23811	357	191	11494	92	0	12134
23812	223	11528	308	104	0	12163
23813	12103	271	168	88	0	12630
23814	12176	166	91	89	0	12522
23815	452	109	71	11787	0	12419
23816	273	12448	89	295	0	13105
23817	174	284	62	13170	0	13690
23818	118	184	62	13203	0	13567
23819	114	105	62	13180	0	13461
23820	94	61	79	13077	0	13311
23821	129	88	12156	515	0	12888
23822	127	62	276	13413	0	13878
23823	115	65	166	13711	0	14057
23824	120	83	12525	544	0	13272
23825	92	12499	328	353	0	13272
23826	13090	298	181	229	0	13798
23827	13191	185	111	190	0	13677
23828	461	107	84	13274	0	13926
23829	13372	66	91	397	0	13926
23830	427	86	81	13992	0	14586
23831	263	98	14941	499	0	15801
23832	197	108	14559	288	0	15152
23833	138	14536	519	235	0	15428
23834	15365	325	240	175	0	16105
23835	436	207	16328	215	0	17186
23836	287	120	469	15576	0	16452
23837	193	80	317	17305	0	17895
23838	135	76	196	17857	0	18264
23839	120	71	129	17857	0	18177
23840	99	93	133	18745	0	19070
23841	144	116	17294	911	0	18465
23842	161	75	491	19027	0	19754
23843	18577	57	291	807	0	19732
23844	550	18136	203	556	0	19445
23845	17728	518	127	367	0	18740
23846	631	17814	126	300	0	18871
23847	18193	597	121	234	0	19145
23848	20422	358	110	221	0	21111
23849	868	210	103	19983	0	21164
23850	524	126	96	20713	0	21459
23851	20199	126	101	913	0	21339
23852	19265	100	123	538	0	20026
23853	19417	140	92	389	0	20038
23854	928	18494	170	302	0	19894
23855	508	19273	144	287	0	20212
23856	399	743	18463	310	0	19915
23857	286	441	521	19038	0	20286
23858	269	276	17452	743	0	18740
23859	245	17706	631	596	0	19178
23860	157	476	321	16670	0	17624
23861	199	274	149	16925	0	17547
23862	209	175	105	17474	0	17963
23863	16868	162	107	839	0	17976
23864	16963	117	85	499	0	17664
23865	724	16866	90	357	0	18037
23866	528	428	96	17566	0	18618
23867	339	351	16758	581	0	18029
23868	248	286	16517	423	0	17474
23869	16928	172	658	345	0	18103
23870	17395	137	411	248	0	18191
23871	758	134	259	17128	0	18279
23872	17569	141	195	568	0	18473
23873	671	204	16362	441	0	17678
23874	430	16346	502	379	0	17657
23875	308	444	332	17207	0	18291
23876	281	308	16582	711	0	17882
23877	272	175	569	16947	0	17963
23878	223	206	338	17308	0	18075
23879	190	189	16470	977	0	17826
23880	16109	140	529	709	0	17487
23881	17183	143	396	475	0	18197
23882	800	17669	268	401	0	19138
23883	18796	551	187	320	0	19854
23884	19638	409	157	352	0	20556
23885	1051	265	18899	373	0	20588
23886	19123	176	646	337	0	20282
23887	865	19382	481	297	0	21025
23888	20223	644	229	288	0	21384
23889	20301	356	185	316	0	21158
23890	20508	263	190	345	0	21306
23891	20114	185	121	362	0	20782
23892	20637	161	262	296	0	21356
23893	1234	19908	219	293	0	21654
23894	18325	555	125	250	0	19255
23895	812	16716	219	207	0	17954
23896	451	16474	142	287	0	17354
23897	384	17168	137	286	0	17975
23898	17427	678	230	212	0	18547
23899	16713	352	126	185	0	17376
23900	852	278	15400	229	0	16759
23901	15197	289	453	188	0	16127
23902	15556	162	275	230	0	16223
23903	914	172	14588	180	0	15854
23904	524	143	537	14514	0	15718
23905	475	122	306	14845	0	15748
23906	334	234	158	15384	0	16110
23907	347	170	131	15406	0	16054
23908	376	139	129	15591	0	16235
23909	345	226	14375	786	0	15732
23910	343	14388	505	438	0	15674
23911	14144	513	271	267	0	15195
23912	659	14176	212	239	0	15286
23913	14665	548	150	240	0	15603
23914	14659	390	195	211	0	15455
23915	904	264	13632	189	0	14989
23916	579	227	514	12243	0	13563
23917	463	13000	300	531	0	14294
23918	13630	509	181	390	0	14710
23919	14360	301	188	280	0	15129
23920	14530	205	160	218	0	15113
23921	980	13900	144	230	0	15254
23922	13703	525	217	162	0	14607
23923	13742	359	157	185	0	14443
23924	13854	264	115	199	0	14432
23925	895	183	144	13005	0	14227
23926	596	188	129	13428	0	14341
23927	530	130	104	13837	0	14601
23928	13313	147	195	675	0	14330
23929	690	14196	148	409	0	15443
23930	14152	446	79	223	0	14900
23931	13721	303	84	123	0	14231
23932	12674	159	90	128	0	13051
23933	12620	149	69	131	0	12969
23934	854	12011	156	137	0	13158
23935	10775	327	40	78	0	11220
23936	498	10381	62	48	0	10989
23937	328	10208	36	63	0	10635
23938	10317	350	50	58	0	10775
23939	487	9877	44	91	0	10499
23940	215	9390	27	41	0	9673
23941	8794	329	782	43	0	9948
23942	8760	141	26	34	0	8961
23943	319	93	14	8341	0	8767
23944	175	73	17	8619	0	8884
23945	8719	68	22	231	0	9040
23946	8687	59	31	92	0	8869
23947	8812	52	34	33	0	8931
23948	377	59	6363	30	0	6829
23949	6701	53	186	41	0	6981
23950	298	57	83	6656	0	7094
23951	171	44	54	6817	0	7086
23952	122	65	40	6908	0	7135
23953	103	49	45	6956	0	7153
23954	105	85	6398	317	0	6905
23955	120	74	6493	151	0	6838
23956	121	78	234	6668	0	7101
23957	159	54	6573	218	0	7004
23958	155	64	6458	111	0	6788
23959	140	61	255	6362	0	6818
23960	141	61	103	6664	0	6969
23961	130	61	63	6849	0	7103
23962	119	73	41	6835	0	7068
23963	6719	70	33	307	0	7129
23964	8735	64	37	158	0	8994
23965	334	71	29	8015	0	8449
23966	217	64	34	8090	0	8405
23967	160	76	30	8212	0	8478
23968	167	46	35	8196	0	8444
23969	138	57	25	8087	0	8307
23970	153	7824	49	294	0	8320
23971	8211	193	33	165	0	8602
23972	270	7938	38	134	0	8380
23973	8337	211	25	127	0	8700
23974	8406	109	25	115	0	8655
23975	8428	73	14	113	0	8628
23976	367	54	18	8196	0	8635
23977	8429	72	11	230	0	8742
23978	323	85	14	8224	0	8646
23979	239	63	13	8362	0	8677
23980	7949	62	14	256	0	8281
23981	308	7386	29	147	0	7870
23982	91	6181	11	44	0	6327
23983	6081	80	8	39	0	6208
23984	64	30	5261	14	0	5369
23985	3903	11	45	21	0	3980
23986	57	7	16	4651	0	4731
23987	44	4378	11	50	0	4483
23988	25	4565	6	23	0	4619
23989	4453	60	1	7	0	4521
23990	64	27	0	4599	0	4690
23991	34	4456	13	47	0	4550
23992	4109	1	1	0	0	4111
23993	3986	1	0	3	0	3990
23994	4035	1	1	1	0	4038
23995	4052	1	0	3	0	4056
23996	2	3648	18	3	0	3671
23997	0	3904	8	3	0	3915
23998	4105	1	0	0	0	4106
23999	3954	0	1	0	0	3955
24000	3	1	4000	4	0	4008
24001	1	3737	12	1	0	3751
24002	4077	1	1	1	0	4080
24003	5334	0	2	1	0	5337
24004	104	6	5974	2	0	6086
24005	6397	5	132	9	0	6543
24006	218	6	7015	0	0	7239
24007	41	15	7601	0	0	7657
24008	21	8	253	6661	0	6943
24009	2	6835	108	227	0	7172
24010	7583	238	20	45	0	7886
24011	239	51	8	7525	0	7823
24012	52	14	8	7748	0	7822
24013	23	4	4	7998	0	8029
24014	7585	7	6	325	0	7923
24015	260	2	11	7605	0	7878
24016	51	0	9	7948	0	8008
24017	25	16	7368	322	0	7731
24018	7100	3	242	88	0	7433
24019	7278	4	53	36	0	7371
24020	321	19	6873	23	0	7236
24021	6919	8	243	21	0	7191
24022	283	1	61	6836	0	7181
24023	72	6760	35	246	0	7113
24024	38	255	15	7163	0	7471
24025	6912	54	17	296	0	7279
24026	259	5809	20	74	0	6162
24027	79	257	16	5944	0	6296
24028	43	65	22	6182	0	6312
24029	28	23	23	6268	0	6342
24030	31	15	26	6722	0	6794
24031	23	6698	23	336	0	7080
24032	6938	271	12	121	0	7342
24033	7080	75	13	71	0	7239
24034	345	6862	22	48	0	7277
24035	7065	288	13	51	0	7417
24036	8049	82	18	52	0	8201
24037	8113	33	21	63	0	8230
24038	396	32	7503	48	0	7979
24039	115	23	265	7628	0	8031
24040	67	49	7321	325	0	7762
24041	7450	9	278	114	0	7851
24042	318	7524	78	70	0	7990
24043	7404	302	43	39	0	7788
24044	308	7664	22	55	0	8049
24045	112	318	25	7255	0	7710
24046	70	89	22	7893	0	8074
24047	56	67	7369	364	0	7856
24048	52	7452	293	136	0	7933
24049	7704	301	92	72	0	8169
24050	333	100	7478	53	0	7964
24051	7337	51	301	75	0	7764
24052	352	40	98	7646	0	8136
24053	131	64	7389	355	0	7939
24054	96	7314	294	143	0	7847
24055	64	314	95	7674	0	8147
24056	85	143	7452	352	0	8032
24057	103	93	7411	162	0	7769
24058	95	7281	361	116	0	7853
24059	103	328	108	7552	0	8091
24060	116	102	69	7447	0	7734
24061	121	7350	66	394	0	7931
24062	7570	319	70	167	0	8126
24063	373	111	65	7366	0	7915
24064	174	6003	81	355	0	6613
24065	6191	327	90	139	0	6747
24066	6272	130	69	85	0	6556
24067	6299	80	87	88	0	6554
24068	448	5992	86	122	0	6648
24069	6196	348	76	124	0	6744
24070	6139	137	62	123	0	6461
24071	442	101	62	5967	0	6572
24072	5967	79	52	410	0	6508
24073	397	94	46	6046	0	6583
24074	198	72	5608	462	0	6340
24075	143	84	5819	227	0	6273
24076	124	59	360	6018	0	6561
24077	107	92	5705	445	0	6349
24078	5776	79	361	191	0	6407
24079	404	74	132	5923	0	6533
24080	206	67	92	6238	0	6603
24081	168	93	5574	463	0	6298
24082	170	5506	326	205	0	6207
24083	149	5981	130	138	0	6398
24084	145	406	85	5707	0	6343
24085	123	165	63	7017	0	7368
24086	137	121	6502	456	0	7216
24087	144	114	6643	200	0	7101
24088	127	102	366	6770	0	7365
24089	145	113	8141	417	0	8816
24090	8270	100	428	200	0	8998
24091	526	104	107	8458	0	9195
24092	8407	119	69	512	0	9107
24093	554	96	46	8405	0	9101
24094	222	95	67	8813	0	9197
24095	201	103	7922	568	0	8794
24096	149	8175	422	224	0	8970
24097	165	448	149	8368	0	9130
24098	146	150	8014	512	0	8822
24099	151	8104	470	178	0	8903
24100	135	454	179	8922	0	9690
24101	8928	142	128	565	0	9763
24102	537	110	8674	223	0	9544
24103	7449	55	357	154	0	8015
24104	379	70	6477	106	0	7032
24105	5370	39	246	55	0	5710
24106	265	5500	84	59	0	5908
24107	42	5125	47	38	0	5252
24108	44	211	19	4863	0	5137
24109	20	5599	30	193	0	5842
24110	5687	208	11	54	0	5960
24111	181	40	36	5723	0	5980
24112	40	51	31	5872	0	5994
24113	51	27	23	5968	0	6069
24114	39	27	5552	228	0	5846
24115	45	23	164	5685	0	5917
24116	40	34	5474	238	0	5786
24117	47	5504	177	61	0	5789
24118	5388	178	28	63	0	5657
24119	176	5900	64	55	0	6195
24120	6158	474	39	34	0	6705
24121	6540	44	28	36	0	6648
24122	6562	40	24	51	0	6677
24123	6543	33	42	29	0	6647
24124	218	48	6143	37	0	6446
24125	71	21	173	6141	0	6406
24126	69	29	40	6347	0	6485
24127	48	22	45	6581	0	6696
24128	6217	23	22	242	0	6504
24129	6280	17	31	94	0	6422
24130	140	7161	45	48	0	7394
24131	38	150	7278	22	0	7488
24132	36	22	7181	31	0	7270
24133	26	6963	161	24	0	7174
24134	27	7360	41	31	0	7459
24135	42	152	25	7469	0	7688
24136	31	47	17	6784	0	6879
24137	6905	30	11	171	0	7117
24138	164	6585	34	59	0	6842
24139	31	154	28	6919	0	7132
24140	39	33	6648	174	0	6894
24141	12	43	153	6711	0	6919
24142	16	23	21	6925	0	6985
24143	13	23	31	7011	0	7078
24144	31	21	13	7919	0	7984
24145	44	31	7394	203	0	7672
24146	35	7206	165	67	0	7473
24147	31	7623	43	56	0	7753
24148	7590	167	59	31	0	7847
24149	173	7454	48	43	0	7718
24150	36	7794	28	41	0	7899
24151	57	192	25	7667	0	7941
24152	45	55	28	7780	0	7908
24153	52	58	47	8357	0	8514
24154	51	52	8807	301	0	9211
24155	48	8737	209	132	0	9126
24156	45	240	63	8917	0	9265
24157	31	8835	85	265	0	9216
24158	9165	265	53	108	0	9591
24159	217	8940	53	109	0	9319
24160	9242	286	35	76	0	9639
24161	278	90	8864	64	0	9296
24162	8948	90	230	57	0	9325
24163	294	65	67	9087	0	9513
24164	129	64	8985	237	0	9415
24165	9006	52	235	74	0	9367
24166	9280	67	75	79	0	9501
24167	9375	61	76	60	0	9572
24168	317	55	43	9150	0	9565
24169	130	71	8796	292	0	9289
24170	8609	56	224	127	0	9016
24171	269	50	74	9098	0	9491
24172	93	59	65	9260	0	9477
24173	98	66	8760	319	0	9243
24174	54	8698	236	154	0	9142
24175	76	251	78	8657	0	9062
24176	49	8828	89	250	0	9216
24177	9099	297	53	99	0	9548
24178	9152	77	52	92	0	9373
24179	299	81	44	9062	0	9486
24180	9143	53	47	279	0	9522
24181	317	10542	58	97	0	11014
24182	10890	252	34	128	0	11304
24183	310	10662	73	98	0	11143
24184	124	300	58	10881	0	11363
24185	108	113	49	10175	0	10445
24186	95	9901	59	319	0	10374
24187	100	267	44	10295	0	10706
24188	98	128	10373	350	0	10949
24189	75	8287	118	88	0	8568
24190	8848	125	71	71	0	9115
24191	158	8454	70	40	0	8722
24192	86	138	43	8953	0	9220
24193	91	85	8646	149	0	8971
24194	63	54	118	9673	0	9908
24195	72	34	73	9883	0	10062
24196	10002	33	46	172	0	10253
24197	175	35	9675	126	0	10011
24198	89	9648	171	120	0	10028
24199	102	154	10359	60	0	10675
24200	62	85	9704	56	0	9907
24201	59	50	9725	72	0	9906
24202	26	42	184	9482	0	9734
24203	10032	53	82	153	0	10320
24204	130	9386	75	103	0	9694
24205	10031	163	23	68	0	10285
24206	11279	100	23	63	0	11465
24207	217	67	23	11128	0	11435
24208	125	10841	46	150	0	11162
24209	10879	133	19	95	0	11126
24210	144	10496	52	67	0	10759
24211	116	156	16	11431	0	11719
24212	63	119	19	11606	0	11807
24213	61	11194	45	217	0	11517
24214	42	154	25	11769	0	11990
24215	44	122	11134	182	0	11482
24216	46	77	10945	118	0	11186
24217	32	61	175	11294	0	11562
24218	30	56	101	11502	0	11689
24219	51	54	10784	185	0	11074
24220	53	91	10292	95	0	10531
24221	9611	60	184	83	0	9938
24222	147	9872	138	72	0	10229
24223	108	10250	83	88	0	10529
24224	60	182	66	10092	0	10400
24225	67	87	34	10334	0	10522
24226	60	43	47	10550	0	10700
24227	59	77	10260	176	0	10572
24228	43	65	9929	107	0	10144
24229	33	53	203	10188	0	10477
24230	30	57	8435	149	0	8671
24231	31	8939	203	138	0	9311
24232	9432	157	113	78	0	9780
24233	161	110	9277	88	0	9636
24234	118	79	9122	52	0	9371
24235	91	59	185	9125	0	9460
24236	69	56	9409	181	0	9715
24237	65	9134	187	120	0	9506
24238	56	156	89	10108	0	10409
24239	55	130	9804	184	0	10173
24240	55	9778	192	149	0	10174
24241	10184	203	93	111	0	10591
24242	167	131	54	10144	0	10496
24243	91	72	39	10308	0	10510
24244	9337	48	41	229	0	9655
24245	143	8931	80	139	0	9293
24246	9445	150	62	76	0	9733
24247	9394	83	51	79	0	9607
24248	9442	35	57	78	0	9612
24249	228	26	68	9155	0	9477
24250	9277	20	57	171	0	9525
24251	191	8831	67	102	0	9191
24252	123	9541	45	56	0	9765
24253	9066	120	11	26	0	9223
24254	110	54	8	8300	0	8472
24255	50	36	10	8343	0	8439
24256	27	26	15	8445	0	8513
24257	32	37	8283	161	0	8513
24258	22	8156	118	78	0	8374
24259	17	95	48	8715	0	8875
24260	8647	53	22	128	0	8850
24261	109	32	22	8582	0	8745
24262	58	44	8411	124	0	8637
24263	41	8010	128	65	0	8244
24264	8655	97	53	49	0	8854
24265	8626	48	26	42	0	8742
24266	8532	33	27	41	0	8633
24267	158	26	25	8455	0	8664
24268	82	43	8233	114	0	8472
24269	53	41	8779	69	0	8942
24270	45	8850	239	35	0	9169
24271	38	207	62	9399	0	9706
24272	32	70	32	9710	0	9844
24273	9534	31	17	272	0	9854
24274	204	25	22	9532	0	9783
24275	9864	32	24	227	0	10147
24276	248	44	9307	103	0	9702
24277	99	42	9304	54	0	9499
24278	52	24	261	9320	0	9657
24279	42	17	87	9727	0	9873
24280	42	26	35	10552	0	10655
24281	9515	18	41	301	0	9875
24282	9697	22	43	117	0	9879
24283	298	28	26	10609	0	10961
24284	104	39	10161	342	0	10646
24285	62	45	10267	146	0	10520
24286	47	28	373	11134	0	11582
24287	11123	18	155	325	0	11621
24288	312	26	80	10590	0	11008
24289	145	27	57	11046	0	11275
24290	85	33	10549	439	0	11106
24291	69	45	10485	222	0	10821
24292	10406	19	410	126	0	10961
24293	351	52	10564	107	0	11074
24294	180	22	356	9600	0	10158
24295	113	25	168	9957	0	10263
24296	9771	22	129	447	0	10369
24297	358	9552	109	245	0	10264
24298	9105	250	69	133	0	9557
24299	329	8943	81	105	0	9458
24300	9254	300	54	122	0	9730
24301	368	110	8819	97	0	9394
24302	8765	68	309	97	0	9239
24303	9112	35	153	99	0	9399
24304	405	37	104	9085	0	9631
24305	220	52	8758	343	0	9373
24306	152	39	308	7812	0	8311
24307	114	39	137	7741	0	8031
24308	123	7587	115	402	0	8227
24309	111	283	67	7497	0	7958
24310	104	7660	94	370	0	8228
24311	118	321	71	7861	0	8371
24312	7716	109	73	448	0	8346
24313	404	86	85	7924	0	8499
24314	191	72	7379	457	0	8099
24315	7876	48	347	210	0	8481
24316	410	70	7530	187	0	8197
24317	7789	52	396	126	0	8363
24318	7942	54	154	144	0	8294
24319	458	7597	111	167	0	8333
24320	232	8024	94	123	0	8473
24321	7680	421	82	145	0	8328
24322	8017	177	73	137	0	8404
24323	8171	98	86	129	0	8484
24324	8161	59	84	139	0	8443
24325	8151	75	80	125	0	8431
24326	553	50	89	7793	0	8485
24327	289	54	78	8154	0	8575
24328	212	70	7387	500	0	8169
24329	7785	65	350	233	0	8433
24330	485	61	155	7785	0	8486
24331	235	50	117	7143	0	7545
24332	212	85	6347	479	0	7123
24333	175	6352	342	250	0	7119
24334	187	6874	159	180	0	7400
24335	6822	394	115	142	0	7473
24336	6786	143	81	149	0	7159
24337	506	6291	96	152	0	7045
24338	251	7011	104	114	0	7480
24339	7099	360	84	139	0	7682
24340	7291	134	90	137	0	7652
24341	486	75	83	7072	0	7716
24342	243	64	76	7255	0	7638
24343	186	69	70	7443	0	7768
24344	7080	73	76	471	0	7700
24345	7346	79	57	228	0	7710
24346	461	91	81	7191	0	7824
24347	8050	78	90	393	0	8611
24348	530	91	8515	195	0	9331
24349	265	80	364	9215	0	9924
24350	244	108	8457	455	0	9264
24351	213	8806	388	248	0	9655
24352	166	367	170	8664	0	9367
24353	8559	151	127	475	0	9312
24354	482	93	108	8605	0	9288
24355	251	73	84	9049	0	9457
24356	202	106	8214	562	0	9084
24357	194	105	7836	295	0	8430
24358	162	8210	419	236	0	9027
24359	8368	387	171	181	0	9107
24360	8665	158	119	186	0	9128
24361	8731	110	106	166	0	9113
24362	8784	76	108	156	0	9124
24363	601	81	92	8366	0	9140
24364	297	94	92	8103	0	8586
24365	267	8225	94	486	0	9072
24366	8393	387	92	258	0	9130
24367	8750	158	89	203	0	9200
24368	589	129	8009	169	0	8896
24369	7299	71	270	143	0	7783
24370	416	7214	148	127	0	7905
24371	287	304	90	6960	0	7641
24372	250	7221	77	338	0	7886
24373	7290	308	60	195	0	7853
24374	414	7246	92	169	0	7921
24375	238	296	53	7106	0	7693
24376	191	129	66	7332	0	7718
24377	184	119	59	7253	0	7615
24378	167	6928	72	423	0	7590
24379	192	264	65	7219	0	7740
24380	151	137	48	6518	0	6854
24381	118	5245	53	350	0	5766
24382	113	5691	48	224	0	6076
24383	4479	196	43	93	0	4811
24384	185	4583	24	83	0	4875
24385	4646	193	26	79	0	4944
24386	173	64	3571	43	0	3851
24387	76	3812	134	37	0	4059
24388	3873	152	40	34	0	4099
24389	3957	61	28	38	0	4084
24390	187	55	3729	44	0	4015
24391	87	45	127	3836	0	4095
24392	71	32	3713	159	0	3975
24393	60	3797	148	73	0	4078
24394	3747	141	53	63	0	4004
24395	157	3822	35	64	0	4078
24396	68	174	35	3801	0	4078
24397	56	56	19	4922	0	5053
24398	59	55	4634	205	0	4953
24399	44	53	4619	89	0	4805
24400	4683	51	163	52	0	4949
24401	4906	48	73	41	0	5068
24402	4930	60	35	41	0	5066
24403	4898	48	33	53	0	5032
24404	230	4660	45	56	0	4991
24405	92	159	46	4774	0	5071
24406	84	68	31	4758	0	4941
24407	72	4633	41	202	0	4948
24408	4828	171	22	93	0	5114
24409	4949	71	15	84	0	5119
24410	204	69	4635	76	0	4984
24411	4016	32	96	54	0	4198
24412	116	40	58	4072	0	4286
24413	80	56	3947	102	0	4185
24414	73	53	89	3998	0	4213
24415	77	61	3922	122	0	4182
24416	84	50	3951	66	0	4151
24417	77	39	125	3795	0	4036
24418	56	3866	91	125	0	4138
24419	3977	112	55	99	0	4243
24420	4028	66	51	82	0	4227
24421	152	4939	44	61	0	5196
24422	101	5100	42	65	0	5308
24423	5264	120	44	62	0	5490
24424	5286	64	41	78	0	5469
24425	5265	71	43	59	0	5438
24426	5291	78	43	38	0	5450
24427	174	60	23	5187	0	5444
24428	115	70	5034	112	0	5331
24429	116	4989	101	66	0	5272
24430	5102	102	60	59	0	5323
24431	133	5849	48	67	0	6097
24432	6055	171	32	59	0	6317
24433	6091	75	28	63	0	6257
24434	229	72	5764	53	0	6118
24435	112	5831	154	52	0	6149
24436	108	175	66	5841	0	6190
24437	97	98	40	6040	0	6275
24438	86	71	35	5202	0	5394
24439	5109	76	18	209	0	5412
24440	5083	65	27	113	0	5288
24441	5053	45	38	83	0	5219
24442	208	5000	47	62	0	5317
24443	5010	163	41	59	0	5273
24444	206	5801	35	72	0	6114
24445	118	178	5624	77	0	5997
24446	100	5807	152	71	0	6130
24447	1261	119	46	3898	0	5324
24448	6	15	5	4849	0	4875
24449	3	13	4774	64	0	4854
24450	5	2	54	4596	0	4657
24451	1	8	12	4836	0	4857
24452	4825	2	5	71	0	4903
24453	4706	3	3	22	0	4734
24454	4825	4	8	10	0	4847
24455	73	4624	6	7	0	4710
24456	4836	59	3	10	0	4908
24457	4824	14	3	4	0	4845
24458	72	5231	15	11	0	5329
24459	24	58	0	5512	0	5594
24460	9	21	0	5536	0	5566
24461	5572	8	0	75	0	5655
24462	73	15	5428	17	0	5533
24463	28	5257	58	15	0	5358
24464	20	65	13	5441	0	5539
24465	10	5498	21	68	0	5597
24466	12	5645	12	19	0	5688
24467	5827	68	7	13	0	5915
24468	5801	23	3	10	0	5837
24469	74	12	5	5743	0	5834
24470	23	9	2	5761	0	5795
24471	15	11	2	5839	0	5867
24472	14	5	4	5819	0	5842
24473	22	15	5663	79	0	5779
24474	15	11	5480	27	0	5533
24475	11	12	69	5676	0	5768
24476	20	16	5699	69	0	5804
24477	15	5323	74	26	0	5438
24478	5783	65	19	15	0	5882
24479	5801	15	15	11	0	5842
24480	74	11	6	5699	0	5790
24481	21	9	7	5668	0	5705
24482	12	10	5	5765	0	5792
24483	17	5445	17	74	0	5553
24484	5802	60	5	21	0	5888
24485	5687	17	8	16	0	5728
24486	83	25	5568	11	0	5687
24487	27	15	55	6298	0	6395
24488	19	28	6380	147	0	6574
24489	14	18	127	6396	0	6555
24490	18	7	14	6521	0	6560
24491	15	7	20	6516	0	6558
24492	14	2	10	6636	0	6662
24493	6550	13	11	174	0	6748
24494	6433	7	6	50	0	6496
24495	6563	7	3	35	0	6608
24496	164	10	9	6462	0	6645
24497	33	27	5475	149	0	5684
24498	5210	19	128	23	0	5380
24499	160	14	16	5639	0	5829
24500	5627	23	20	152	0	5822
24501	176	12	12	5573	0	5773
24502	42	5283	29	162	0	5516
24503	33	5552	26	46	0	5657
24504	14	160	15	5658	0	5847
24505	21	32	7	5671	0	5731
24506	22	21	8	5687	0	5738
24507	22	5406	16	179	0	5623
24508	5576	143	9	39	0	5767
24509	168	5433	11	40	0	5652
24510	48	167	5367	26	0	5608
24511	39	26	122	5385	0	5572
24512	24	5394	23	168	0	5609
24513	23	148	23	5550	0	5744
24514	16	38	18	5638	0	5710
24515	24	36	5408	182	0	5650
24516	5055	20	123	78	0	5276
24517	134	6174	41	66	0	6415
24518	6557	141	30	44	0	6772
24519	6595	19	15	44	0	6673
24520	6588	18	18	39	0	6663
24521	198	268	4997	29	0	5492
24522	62	15	124	5178	0	5379
24523	56	18	16	5527	0	5617
24524	44	34	5253	166	0	5497
24525	4798	26	126	54	0	5004
24526	168	23	5283	49	0	5523
24527	31	30	5306	43	0	5410
24528	26	4993	124	52	0	5195
24529	26	146	35	5321	0	5528
24530	37	29	5316	161	0	5543
24531	4183	9	78	11	0	4281
24532	4434	5	10	13	0	4462
24533	89	13	4443	4	0	4549
24534	15	8	75	4304	0	4402
24535	15	8	4443	83	0	4549
24536	8	4109	95	16	0	4228
24537	4750	86	8	12	0	4856
24538	4778	7	12	11	0	4808
24539	4696	10	12	14	0	4732
24540	103	7	10	4554	0	4674
24541	19	6	5	4774	0	4804
24542	17	11	4624	104	0	4756
24543	4406	5	95	16	0	4522
24544	102	8	6	3869	0	3985
24545	3866	3	11	108	0	3988
24546	109	3	3821	18	0	3951
24547	13	9	3831	26	0	3879
24548	17	6	95	2769	0	2887
24549	10	4	18	3039	0	3071
24550	18	5	2928	116	0	3067
24551	3744	8	104	20	0	3876
24552	101	4	16	3986	0	4107
24553	18	3876	25	112	0	4031
24554	4089	96	5	25	0	4215
24555	107	3907	20	27	0	4061
24556	4035	101	11	18	0	4165
24557	125	13	3991	20	0	4149
24558	32	23	3303	12	0	3370
24559	23	3267	98	27	0	3415
24560	3408	95	24	18	0	3545
24561	124	19	3330	12	0	3485
24562	3245	13	98	21	0	3377
24563	119	3239	19	13	0	3390
24564	22	97	12	4019	0	4150
24565	14	16	15	3736	0	3781
24566	10	3538	34	106	0	3688
24567	4724	98	8	31	0	4861
24568	4823	15	12	25	0	4875
24569	4828	16	11	24	0	4879
24570	206	19	4576	20	0	4821
24571	62	18	139	4557	0	4776
24572	32	21	30	4739	0	4822
24573	19	10	21	4892	0	4942
24574	27	15	4537	212	0	4791
24575	13	4501	132	71	0	4717
24576	4607	161	34	35	0	4837
24577	167	43	4620	26	0	4856
24578	4509	28	152	12	0	4701
24579	181	4477	45	16	0	4719
24580	4757	161	16	14	0	4948
24581	185	39	25	4682	0	4931
24582	4777	18	20	164	0	4979
24583	186	13	15	4753	0	4967
24584	51	20	4597	184	0	4852
24585	39	6	150	4737	0	4932
24586	37	22	4637	188	0	4884
24587	3624	9	73	40	0	3746
24588	83	4552	48	14	0	4697
24589	42	80	13	4559	0	4694
24590	13	4641	16	75	0	4745
24591	4756	77	11	41	0	4885
24592	4706	35	14	16	0	4771
24593	109	4554	16	12	0	4691
24594	4826	80	9	9	0	4924
24595	4783	37	12	9	0	4841
24596	124	15	9	4601	0	4749
24597	49	15	7	4709	0	4780
24598	5402	10	7	111	0	5530
24599	5415	10	7	52	0	5484
24600	185	4	9	5287	0	5485
24601	71	7	10	5915	0	6003
24602	5859	6	11	206	0	6082
24603	171	12	5640	82	0	5905
24604	5463	8	148	33	0	5652
24605	191	20	5548	29	0	5788
24606	92	5485	156	21	0	5754
24607	43	159	56	5569	0	5827
24608	41	88	5538	149	0	5816
24609	29	5910	167	79	0	6185
24610	6243	162	55	30	0	6490
24611	181	80	6033	23	0	6317
24612	5988	21	164	20	0	6193
24613	6303	26	62	15	0	6406
24614	6258	19	18	24	0	6319
24615	251	19	25	5483	0	5778
24616	103	5894	36	121	0	6154
24617	5303	158	24	64	0	5549
24618	199	69	5136	33	0	5437
24619	4958	23	154	36	0	5171
24620	198	33	5041	37	0	5309
24621	110	5016	157	36	0	5319
24622	64	167	71	5206	0	5508
24623	53	64	40	5201	0	5358
24624	37	5166	40	214	0	5457
24625	40	181	21	5331	0	5573
24626	51	75	5059	198	0	5383
24627	42	4981	175	92	0	5290
24628	55	168	62	5265	0	5550
24629	5203	88	38	179	0	5508
24630	5283	29	31	86	0	5429
24631	278	34	31	5719	0	6062
24632	137	5728	50	187	0	6102
24633	70	180	37	5933	0	6220
24634	62	77	24	6101	0	6264
24635	56	60	5389	306	0	5811
24636	51	5634	172	134	0	5991
24637	55	179	59	6148	0	6441
24638	66	97	5816	184	0	6163
24639	59	6694	181	99	0	7033
24640	53	269	79	6933	0	7334
24641	6987	128	31	264	0	7410
24642	271	6872	42	128	0	7313
24643	136	268	19	7031	0	7454
24644	7092	119	25	289	0	7525
24645	7134	76	26	164	0	7400
24646	7223	49	42	107	0	7421
24647	7247	48	39	100	0	7434
24648	386	48	42	7031	0	7507
24649	186	61	6736	310	0	7293
24650	103	76	247	6648	0	7074
24651	97	5773	102	311	0	6283
24652	6055	282	50	171	0	6558
24653	331	135	5799	102	0	6367
24654	6003	75	258	74	0	6410
24655	319	97	5830	83	0	6329
24656	197	58	262	6572	0	7089
24657	127	57	6572	284	0	7040
24658	113	57	267	6630	0	7067
24659	127	56	6490	344	0	7017
24660	141	65	266	6635	0	7107
24661	6553	68	123	356	0	7100
24662	346	6372	79	208	0	7005
24663	188	278	79	6563	0	7108
24664	174	143	48	6344	0	6709
24665	176	93	5846	401	0	6516
24666	164	85	5970	208	0	6427
24667	4907	38	254	111	0	5310
24668	279	4898	133	98	0	5408
24669	5191	204	66	92	0	5553
24670	5325	95	76	85	0	5581
24671	326	40	83	4842	0	5291
24672	150	4938	92	236	0	5416
24673	5122	199	73	137	0	5531
24674	5865	99	93	81	0	6138
24675	5932	71	63	91	0	6157
24676	5919	61	79	84	0	6143
24677	5962	52	79	82	0	6175
24678	329	41	5554	80	0	6004
24679	5668	32	228	97	0	6025
24680	317	57	5612	68	0	6054
24681	155	57	237	5535	0	5984
24682	138	41	114	5850	0	6143
24683	118	53	5446	321	0	5938
24684	5499	51	238	156	0	5944
24685	276	60	106	5024	0	5466
24686	155	58	82	5815	0	6110
24687	130	70	71	5852	0	6123
24688	146	33	72	5153	0	5404
24689	136	40	78	5195	0	5449
24690	125	65	4820	317	0	5327
24691	115	55	215	4957	0	5342
24692	154	41	4908	270	0	5373
24693	137	53	4806	157	0	5153
24694	4871	39	257	133	0	5300
24695	5140	48	109	111	0	5408
24696	5704	43	80	100	0	5927
24697	418	39	5850	113	0	6420
24698	199	35	5191	65	0	5490
24699	135	18	5930	97	0	6180
24700	109	5917	309	114	0	6449
24701	84	165	159	5700	0	6108
24702	6152	78	102	231	0	6563
24703	280	44	84	6378	0	6786
24704	143	6252	93	328	0	6816
24705	6527	213	89	182	0	7011
24706	257	91	92	6429	0	6869
24707	158	6208	74	328	0	6768
24708	124	232	69	6559	0	6984
24709	99	94	59	6383	0	6635
24710	6107	53	66	412	0	6638
24711	273	38	93	6240	0	6644
24712	155	61	5802	353	0	6371
24713	122	41	265	5990	0	6418
24714	109	6125	158	344	0	6736
24715	104	6640	103	186	0	7033
24716	92	307	108	6500	0	7007
24717	111	151	80	6542	0	6884
24718	117	6247	104	348	0	6816
24719	92	6466	88	216	0	6862
24720	106	6724	86	135	0	7051
24721	89	357	84	6160	0	6690
24722	77	6586	70	298	0	7031
24723	6569	324	68	177	0	7138
24724	282	165	6289	183	0	6919
24725	144	106	255	6194	0	6699
24726	90	6444	126	332	0	6992
24727	6528	298	72	205	0	7103
24728	288	199	6165	154	0	6806
24729	160	6418	233	182	0	6993
24730	6443	320	125	150	0	7038
24731	259	5722	69	105	0	6155
24732	121	6664	60	130	0	6975
24733	80	345	40	6438	0	6903
24734	58	6592	52	298	0	7000
24735	6545	317	48	167	0	7077
24736	248	166	49	6595	0	7058
24737	124	128	5924	286	0	6462
24738	86	118	6056	161	0	6421
24739	28	64	173	5116	0	5381
24740	38	53	5598	163	0	5852
24741	16	48	164	5638	0	5866
24742	5696	50	63	182	0	5991
24743	170	47	5544	91	0	5852
24744	84	44	150	5521	0	5799
24745	41	4376	82	1266	0	5765
24746	32	145	45	5728	0	5950
24747	40	72	35	5706	0	5853
24748	27	5468	38	218	0	5751
24749	29	181	26	5701	0	5937
24750	29	89	28	5790	0	5936
24751	20	98	5472	224	0	5814
24752	14	5383	148	139	0	5684
24753	5582	173	69	89	0	5913
24754	143	101	47	5661	0	5952
24755	93	62	5511	183	0	5849
24756	38	45	150	5024	0	5257
24757	32	57	4945	199	0	5233
24758	4777	45	170	116	0	5108
24759	141	4892	95	97	0	5225
24760	76	171	66	4965	0	5278
24761	69	99	27	5190	0	5385
24762	5037	64	37	234	0	5372
24763	146	66	38	5113	0	5363
24764	85	86	4847	218	0	5236
24765	58	68	144	4947	0	5217
24766	38	4739	98	224	0	5099
24767	32	4974	62	135	0	5203
24768	39	5107	41	93	0	5280
24769	34	234	34	5042	0	5344
24770	43	135	5636	190	0	6004
24771	37	5602	167	147	0	5953
24772	5742	185	99	83	0	6109
24773	171	5664	60	92	0	5987
24774	5894	193	53	73	0	6213
24775	5438	100	43	82	0	5663
24776	206	88	5121	89	0	5504
24777	5249	58	154	88	0	5549
24778	5419	49	86	89	0	5643
24779	5337	70	56	75	0	5538
24780	5453	65	35	82	0	5635
24781	243	72	6017	76	0	6408
24782	6085	70	147	74	0	6376
24783	6271	59	81	76	0	6487
24784	204	6109	83	73	0	6469
24785	122	180	34	6210	0	6546
24786	80	129	30	6258	0	6497
24787	58	6177	53	208	0	6496
24788	6244	176	51	114	0	6585
24789	165	6175	65	98	0	6503
24790	6291	204	53	42	0	6590
24791	6225	103	26	56	0	6410
24792	248	6182	36	71	0	6537
24793	129	174	58	6295	0	6656
24794	117	89	6063	190	0	6459
24795	81	6075	160	118	0	6434
24796	69	137	76	5586	0	5868
24797	74	5007	46	133	0	5260
24798	60	5190	39	93	0	5382
24799	43	87	10	4434	0	4574
24800	55	50	4312	90	0	4507
24801	34	4813	90	57	0	4994
24802	19	4610	27	39	0	4695
24803	4258	37	6	14	0	4315
24804	27	32	4	4303	0	4366
24805	23	12	17	4282	0	4334
24806	20	10	9	4368	0	4407
24807	23	22	4197	32	0	4274
24808	37	19	22	4155	0	4233
24809	25	4763	30	36	0	4854
24810	4987	33	17	36	0	5073
24811	48	14	6	4993	0	5061
24812	32	29	4840	48	0	4949
24813	4778	21	42	41	0	4882
24814	15	2	3	5005	0	5025
24815	3	16	5374	14	0	5407
24816	16	10	5165	7	0	5198
24817	5744	4	16	13	0	5777
24818	5905	1	13	1	0	5920
24819	5853	1	4	10	0	5868
24820	6365	3	7	11	0	6386
24821	64	35	6105	5	0	6209
24822	20	6109	70	14	0	6213
24823	6367	52	16	2	0	6437
24824	56	6254	20	8	0	6338
24825	6377	53	4	10	0	6444
24826	63	6238	22	10	0	6333
24827	27	58	12	6411	0	6508
24828	18	25	3	6434	0	6480
24829	20	10	4	6392	0	6426
24830	8	6166	17	72	0	6263
24831	17	6219	24	26	0	6286
24832	12	75	4	5597	0	5688
24833	8	5562	11	63	0	5644
24834	14	72	5464	28	0	5578
24835	10	27	49	5583	0	5669
24836	9	39	5558	59	0	5665
24837	5511	18	55	26	0	5610
24838	5661	8	20	26	0	5715
24839	76	24	5590	11	0	5701
24840	38	19	5071	14	0	5142
24841	20	15	65	5172	0	5272
24842	20	18	5124	57	0	5219
24843	21	11	61	5042	0	5135
24844	18	4817	53	60	0	4948
24845	18	59	23	5213	0	5313
24846	10	31	22	5205	0	5268
24847	13	13	11	5262	0	5299
24848	10	31	5105	87	0	5233
24849	8	15	55	5119	0	5197
24850	12	14	27	5108	0	5161
24851	7	14	22	5069	0	5112
24852	17	4989	22	83	0	5111
24853	5225	63	14	48	0	5350
24854	5167	33	25	30	0	5255
24855	5243	27	14	31	0	5315
24856	79	14	17	5163	0	5273
24857	40	22	5019	85	0	5166
24858	32	38	4874	50	0	4994
24859	32	4893	96	39	0	5060
24860	5151	61	40	25	0	5277
24861	71	4979	44	37	0	5131
24862	5206	74	16	36	0	5332
24863	76	5052	41	32	0	5201
24864	5190	71	29	33	0	5323
24865	87	5610	35	28	0	5760
24866	43	76	16	5791	0	5926
24867	38	57	5575	81	0	5751
24868	40	37	5522	46	0	5645
24869	27	44	79	5585	0	5735
24870	54	40	41	4903	0	5038
24871	49	37	14	5081	0	5181
24872	42	30	4856	125	0	5053
24873	30	24	99	4953	0	5106
24874	4945	28	54	95	0	5122
24875	4966	31	32	67	0	5096
24876	98	5687	50	54	0	5889
24877	5958	73	29	42	0	6102
24878	112	5682	43	34	0	5871
24879	5972	77	29	37	0	6115
24880	5962	37	24	37	0	6060
24881	5035	32	31	49	0	5147
24882	111	47	4860	32	0	5050
24883	74	63	4687	34	0	4858
24884	4864	56	85	30	0	5035
24885	5063	45	42	30	0	5180
24886	129	42	27	5747	0	5945
24887	78	36	32	5891	0	6037
24888	43	32	35	5975	0	6085
24889	48	29	39	7230	0	7346
24890	56	27	28	7337	0	7448
24891	7111	54	18	283	0	7466
24892	231	50	30	7188	0	7499
24893	57	52	6754	290	0	7153
24894	6797	38	211	113	0	7159
24895	7056	22	59	95	0	7232
24896	263	6717	46	100	0	7126
24897	90	7070	53	63	0	7276
24898	6927	248	25	75	0	7275
24899	241	8238	66	52	0	8597
24900	8686	233	53	49	0	9021
24901	7873	55	30	49	0	8007
24902	7982	31	32	48	0	8093
24903	257	33	42	7545	0	7877
24904	74	6721	38	1001	0	7834
24905	7828	211	30	51	0	8120
24906	241	45	17	7728	0	8031
24907	70	33	17	8000	0	8120
24908	7820	24	35	269	0	8148
24909	207	6866	22	71	0	7166
24910	50	198	7	7157	0	7412
24911	7073	37	15	225	0	7350
24912	203	6913	24	69	0	7209
24913	7180	202	5	54	0	7441
24914	225	61	6068	62	0	6416
24915	5862	26	148	57	0	6093
24916	214	5962	35	58	0	6269
24917	5734	183	8	37	0	5962
24918	5774	38	5	43	0	5860
24919	220	5923	21	55	0	6219
24920	5696	163	10	23	0	5892
24921	195	5380	21	31	0	5627
24922	5715	167	15	21	0	5918
24923	200	39	8	5576	0	5823
24924	59	33	8	5764	0	5864
24925	48	40	5	5820	0	5913
24926	43	52	5447	182	0	5724
24927	56	28	136	5537	0	5757
24928	49	34	5485	182	0	5750
24929	52	25	148	5455	0	5680
24930	48	5359	24	159	0	5590
24931	47	173	4	5700	0	5924
24932	40	28	5532	194	0	5794
24933	28	35	6194	53	0	6310
24934	41	18	164	6250	0	6473
24935	6271	20	23	200	0	6514
24936	6356	17	17	56	0	6446
24937	194	6032	21	54	0	6301
24938	50	178	9	6296	0	6533
24939	38	45	6473	195	0	6751
24940	39	20	160	6426	0	6645
24941	33	48	6431	182	0	6694
24942	6342	29	156	40	0	6567
24943	194	20	31	6606	0	6851
24944	70	25	6460	180	0	6735
24945	42	34	158	8408	0	8642
24946	48	26	24	8534	0	8632
24947	63	37	8803	191	0	9094
24948	43	39	191	8812	0	9085
24949	9078	16	32	238	0	9364
24950	9089	21	25	76	0	9211
24951	256	19	24	8903	0	9202
24952	9089	19	20	260	0	9388
24953	246	18	8693	74	0	9031
24954	70	30	8495	86	0	8681
24955	8661	23	231	59	0	8974
24956	9047	19	50	56	0	9172
24957	240	32	38	8764	0	9074
24958	71	13	28	9037	0	9149
24959	55	31	8693	260	0	9039
24960	52	25	201	8230	0	8508
24961	47	8332	76	215	0	8670
24962	8909	210	42	50	0	9211
24963	9106	41	25	60	0	9232
24964	283	8800	46	45	0	9174
24965	8648	237	24	45	0	8954
24966	8734	63	17	45	0	8859
24967	278	8194	44	51	0	8567
24968	8655	241	33	35	0	8964
24969	260	8313	42	49	0	8664
24970	8703	249	35	46	0	9033
24971	294	68	8334	35	0	8731
24972	79	43	216	8341	0	8679
24973	56	36	64	8586	0	8742
24974	45	19	37	9478	0	9579
24975	9259	22	24	377	0	9682
24976	326	17	25	8371	0	8739
24977	98	35	8020	348	0	8501
24978	8143	22	256	96	0	8517
24979	329	21	62	8183	0	8595
24980	98	7664	60	327	0	8149
24981	80	8226	36	86	0	8428
24982	83	307	35	8295	0	8720
24983	55	73	45	8317	0	8490
24984	64	43	29	8519	0	8655
24985	75	38	7937	396	0	8446
24986	32	6893	183	120	0	7228
24987	7355	188	48	70	0	7661
24988	7398	60	38	60	0	7556
24989	153	5726	19	24	0	5922
24990	51	5961	20	28	0	6060
24991	21	154	13	6068	0	6256
24992	18	56	5841	140	0	6055
24993	5752	23	116	54	0	5945
24994	6111	14	34	26	0	6185
24995	163	17	18	5928	0	6126
24996	54	19	15	6085	0	6173
24997	6074	10	12	170	0	6266
24998	157	21	5795	57	0	6030
24999	4410	13	116	33	0	4572
25000	158	4350	35	19	0	4562
25001	49	120	17	4550	0	4736
25002	24	4415	28	141	0	4608
25003	4650	134	8	50	0	4842
25004	143	39	19	4510	0	4711
25005	62	21	16	4593	0	4692
25006	39	4370	28	172	0	4609
25007	4640	124	15	73	0	4852
25008	4654	49	10	33	0	4746
25009	175	42	4330	28	0	4575
25010	73	44	3990	41	0	4148
25011	4333	19	153	31	0	4536
25012	153	26	4341	32	0	4552
25013	76	21	4168	29	0	4294
25014	4358	16	155	25	0	4554
25015	154	20	4353	31	0	4558
25016	80	15	148	4954	0	5197
25017	58	24	50	5203	0	5335
25018	5780	15	34	255	0	6084
25019	233	43	5493	120	0	5889
25020	5623	22	235	71	0	5951
25021	294	19	108	5579	0	6000
25022	5756	18	59	259	0	6092
25023	5861	14	50	125	0	6050
25024	5935	11	31	88	0	6065
25025	414	17	35	5610	0	6076
25026	5823	14	30	275	0	6142
25027	383	11	18	5671	0	6083
25028	205	26	18	5768	0	6017
25029	139	21	26	5883	0	6069
25030	113	22	20	5981	0	6136
25031	5674	17	20	442	0	6153
25032	5775	13	26	236	0	6050
25033	371	23	4843	171	0	5408
25034	5113	24	228	126	0	5491
25035	5317	16	95	100	0	5528
25036	415	11	58	4954	0	5438
25037	234	4822	53	275	0	5384
25038	5180	230	42	133	0	5585
25039	340	104	50	4730	0	5224
25040	4815	51	32	312	0	5210
25041	361	4599	37	164	0	5161
25042	5592	249	21	106	0	5968
25043	360	121	20	5331	0	5832
25044	202	5229	21	308	0	5760
25045	3721	269	17	158	0	4165
25046	335	3570	30	115	0	4050
25047	141	4134	17	99	0	4391
25048	4229	288	7	76	0	4600
25049	270	138	3928	83	0	4419
25050	4217	97	182	64	0	4560
25051	319	72	80	4170	0	4641
25052	204	48	4037	219	0	4508
25053	145	51	234	4122	0	4552
25054	154	34	113	4349	0	4650
25055	99	34	4033	357	0	4523
25056	4151	30	213	193	0	4587
25057	293	20	108	4241	0	4662
25058	171	24	72	4393	0	4660
25059	137	19	48	4475	0	4679
25060	4257	25	37	396	0	4715
25061	284	26	4004	236	0	4550
25062	182	22	4128	183	0	4515
25063	94	13	214	3961	0	4282
25064	92	28	3772	282	0	4174
25065	3859	19	223	153	0	4254
25066	256	3742	125	115	0	4238
25067	3998	173	110	90	0	4371
25068	290	76	90	3792	0	4248
25069	184	3776	51	235	0	4246
25070	130	185	51	3879	0	4245
25071	132	3838	36	239	0	4245
25072	114	222	21	4001	0	4358
25073	116	113	3777	287	0	4293
25074	85	70	3151	148	0	3454
25075	74	3208	168	111	0	3561
25076	3314	144	100	118	0	3676
25077	165	101	59	3241	0	3566
25078	109	81	57	4717	0	4964
25079	4674	67	40	220	0	5001
25080	4672	58	37	137	0	4904
25081	244	54	35	4671	0	5004
25082	182	42	4459	192	0	4875
25083	150	4350	142	126	0	4768
25084	115	126	84	4520	0	4845
25085	89	86	65	4541	0	4781
25086	79	4424	73	213	0	4789
25087	4620	150	44	179	0	4993
25088	161	103	4455	133	0	4852
25089	120	72	138	4524	0	4854
25090	88	60	81	4704	0	4933
25091	87	40	4523	260	0	4910
25092	63	51	148	4597	0	4859
25093	4656	28	90	237	0	5011
25094	4634	26	80	176	0	4916
25095	4681	36	72	117	0	4906
25096	254	4390	68	113	0	4825
25097	4735	119	63	83	0	5000
25098	239	79	55	5108	0	5481
25099	188	62	34	5076	0	5360
25100	117	4921	49	261	0	5348
25101	7291	206	30	150	0	7677
25102	7461	102	24	141	0	7728
25103	7575	77	34	95	0	7781
25104	7658	76	28	94	0	7856
25105	7782	60	28	95	0	7965
25106	591	57	6898	87	0	7633
25107	7434	33	324	62	0	7853
25108	7592	33	143	64	0	7832
25109	7602	37	121	57	0	7817
25110	574	25	92	7124	0	7815
25111	327	23	58	7495	0	7903
25112	247	37	6753	456	0	7493
25113	6384	30	298	241	0	6953
25114	388	6709	144	208	0	7449
25115	189	7071	115	168	0	7543
25116	106	296	6006	76	0	6484
25117	86	6112	288	55	0	6541
25118	51	5958	81	31	0	6121
25119	13	287	40	4889	0	5229
25120	9	5378	45	133	0	5565
25121	5485	251	19	44	0	5799
25122	5530	92	13	31	0	5666
25123	243	62	2	5451	0	5758
25124	102	57	5294	195	0	5648
25125	5334	21	194	56	0	5605
25126	254	19	5307	49	0	5629
25127	85	21	5422	41	0	5569
25128	65	11	264	4742	0	5082
25129	59	13	98	5358	0	5528
25130	48	15	5261	220	0	5544
25131	33	4939	230	89	0	5291
25132	24	5275	81	90	0	5470
25133	5347	225	56	56	0	5684
25134	5529	82	45	24	0	5680
25135	264	81	5627	15	0	5987
25136	5765	65	193	12	0	6035
25137	7597	37	63	23	0	7720
25138	313	18	50	7265	0	7646
25139	131	28	50	7422	0	7631
25140	129	17	26	7594	0	7766
25141	7496	20	16	276	0	7808
25142	6870	20	11	132	0	7033
25143	6976	14	16	104	0	7110
25144	396	11	15	6773	0	7195
25145	223	13	6520	223	0	6979
25146	6650	19	189	70	0	6928
25147	6161	25	76	69	0	6331
25148	326	22	89	5828	0	6265
25149	187	5690	68	221	0	6166
25150	196	206	23	6462	0	6887
25151	152	6401	40	324	0	6917
25152	111	301	24	6409	0	6845
25153	90	6404	45	337	0	6876
25154	6567	345	58	112	0	7082
25155	366	117	54	6336	0	6873
25156	158	6362	39	303	0	6862
25157	136	367	6176	93	0	6772
25158	6286	110	288	82	0	6766
25159	321	126	100	6375	0	6922
25160	130	6436	70	315	0	6951
25161	131	311	63	6351	0	6856
25162	131	6180	47	314	0	6672
25163	127	6601	70	128	0	6926
25164	6540	353	49	118	0	7060
25165	6723	140	75	117	0	7055
25166	387	132	7250	66	0	7835
25167	7369	98	304	50	0	7821
25168	7533	74	138	80	0	7825
25169	387	9492	144	68	0	10091
25170	189	311	76	9932	0	10508
25171	150	116	59	10275	0	10600
25172	139	132	9608	355	0	10234
25173	131	153	9107	155	0	9546
25174	9719	104	330	119	0	10272
25175	10241	44	161	102	0	10548
25176	10247	36	145	75	0	10503
25177	449	37	9768	91	0	10345
25178	247	52	330	8738	0	9367
25179	8999	28	115	343	0	9485
25180	359	50	90	8967	0	9466
25181	149	58	8638	418	0	9263
25182	8399	50	299	188	0	8936
25183	427	63	8924	126	0	9540
25184	197	8746	337	112	0	9392
25185	9377	313	112	73	0	9875
25186	407	100	9088	83	0	9678
25187	174	78	335	9068	0	9655
25188	9415	92	108	329	0	9944
25189	410	58	88	10106	0	10662
25190	10149	78	65	388	0	10680
25191	388	72	46	10165	0	10671
25192	10110	72	35	426	0	10643
25193	10324	74	42	206	0	10646
25194	10182	65	58	155	0	10460
25195	10301	79	48	110	0	10538
25196	512	60	56	9823	0	10451
25197	260	57	9560	365	0	10242
25198	154	78	8920	104	0	9256
25199	155	8640	314	118	0	9227
25200	141	9120	144	113	0	9518
25201	7234	72	7	11	0	7324
25202	69	16	6	7113	0	7204
25203	20	10	7235	80	0	7345
25204	14	13	6893	16	0	6936
25205	8	15	73	7185	0	7281
25206	7482	3	10	77	0	7572
25207	85	6896	41	20	0	7042
25208	7465	69	6	16	0	7556
25209	72	17	10	7297	0	7396
25210	15	14	10	7313	0	7352
25211	19	7	12	7238	0	7276
25212	19	16	7144	81	0	7260
25213	22	17	6821	20	0	6880
25214	21	6481	86	23	0	6611
25215	10	68	17	7296	0	7391
25216	7290	20	14	73	0	7397
25217	81	29	6900	17	0	7027
25218	28	22	6784	10	0	6844
25219	20	8	74	6817	0	6919
25220	19	6	19	7201	0	7245
25221	22	9	11	7293	0	7335
25222	19	7	13	8937	0	8976
25223	8991	11	7	177	0	9186
25224	171	4	7	8933	0	9115
25225	9037	8	17	178	0	9240
25226	185	8	8784	48	0	9025
25227	46	8439	174	40	0	8699
25228	26	151	28	8823	0	9028
25229	29	40	8647	174	0	8890
25230	32	34	8271	56	0	8393
25231	30	8114	218	31	0	8393
25232	21	172	40	8712	0	8945
25233	36	40	22	9013	0	9111
25234	33	20	8689	208	0	8950
25235	7879	19	182	59	0	8139
25236	171	11	51	8386	0	8619
25237	38	11	42	7177	0	7268
25238	30	30	6877	204	0	7141
25239	26	7290	173	75	0	7564
25240	23	9320	68	55	0	9466
25241	9431	276	27	52	0	9786
25242	272	80	35	9493	0	9880
25243	10821	56	30	301	0	11208
25244	403	42	10333	108	0	10886
25245	111	22	357	10739	0	11229
25246	10685	20	115	372	0	11192
25247	10871	29	79	135	0	11114
25248	459	26	32	10733	0	11250
25249	218	36	10452	391	0	11097
25250	94	31	9837	128	0	10090
25251	67	14	369	10012	0	10462
25252	78	39	10527	315	0	10959
25253	10265	18	350	162	0	10795
25254	315	10119	165	135	0	10734
25255	10942	261	121	60	0	11384
25256	11018	106	66	70	0	11260
25257	423	80	49	10741	0	11293
25258	182	44	73	11005	0	11304
25259	10945	31	39	420	0	11435
25260	327	45	55	10844	0	11271
25261	162	57	10279	381	0	10879
25262	115	10271	311	185	0	10882
25263	71	299	112	10840	0	11322
25264	80	106	68	10976	0	11230
25265	72	91	43	11181	0	11387
25266	77	68	9399	511	0	10055
25267	81	9322	341	265	0	10009
25268	59	292	122	10067	0	10540
25269	58	127	7512	400	0	8097
25270	65	97	332	7742	0	8236
25271	7603	68	139	447	0	8257
25272	355	47	122	7770	0	8294
25273	162	91	7189	433	0	7875
25274	7355	30	334	256	0	7975
25275	350	7186	193	160	0	7889
25276	149	7657	134	149	0	8089
25277	7702	354	98	119	0	8273
25278	387	180	7392	109	0	8068
25279	199	97	346	7505	0	8147
25280	164	65	144	7863	0	8236
25281	108	87	7254	450	0	7899
25282	107	7302	353	250	0	8012
25283	99	305	155	7160	0	7719
25284	120	145	7141	390	0	7796
25285	106	92	345	7374	0	7917
25286	7230	68	180	481	0	7959
25287	352	74	7044	236	0	7706
25288	180	100	345	7289	0	7914
25289	126	64	161	6958	0	7309
25290	116	82	6300	517	0	7015
25291	105	56	361	6446	0	6968
25292	106	6359	185	482	0	7132
25293	93	323	177	5912	0	6505
25294	92	6528	119	478	0	7217
25295	6509	357	126	278	0	7270
25296	6767	154	101	221	0	7243
25297	457	113	6369	229	0	7168
25298	215	113	6569	169	0	7066
25299	164	102	6439	173	0	6878
25300	128	6334	510	156	0	7128
25301	103	335	261	6596	0	7295
25302	144	156	6401	416	0	7117
25303	145	134	412	6387	0	7078
25304	119	80	215	6718	0	7132
25305	121	98	6161	531	0	6911
25306	122	79	384	6511	0	7096
25307	94	88	206	6464	0	6852
25308	133	6193	167	525	0	7018
25309	122	321	129	6518	0	7090
25310	74	146	149	6811	0	7180
25311	80	143	6169	589	0	6981
25312	106	67	378	6653	0	7204
25313	82	77	8242	581	0	8982
25314	72	105	8327	348	0	8852
25315	8253	80	491	290	0	9114
25316	344	94	272	8170	0	8880
25317	163	7979	212	490	0	8844
25318	142	8491	164	322	0	9119
25319	100	417	199	8507	0	9223
25320	122	209	8081	514	0	8926
25321	123	8234	420	308	0	9085
25322	67	226	175	6704	0	7172
25323	103	159	7074	305	0	7641
25324	94	7131	254	183	0	7662
25325	7383	264	154	194	0	7995
25326	7504	133	159	141	0	7937
25327	8399	125	100	145	0	8769
25328	335	71	97	8667	0	9170
25329	184	77	93	9411	0	9765
25330	118	75	93	9726	0	10012
25331	77	82	8965	533	0	9657
25332	9052	59	314	326	0	9751
25333	340	34	166	9112	0	9652
25334	136	49	9111	460	0	9756
25335	9165	67	349	261	0	9842
25336	9529	45	213	202	0	9989
25337	405	121	9054	164	0	9744
25338	9729	46	329	178	0	10282
25339	378	8971	175	147	0	9671
25340	112	171	7394	52	0	7729
25341	7260	65	203	74	0	7602
25342	240	7380	113	80	0	7813
25343	38	94	15	6089	0	6236
25344	17	6230	18	85	0	6350
25345	14	215	19	6322	0	6570
25346	19	32	6272	100	0	6423
25347	5660	25	94	37	0	5816
25348	93	18	6170	25	0	6306
25349	36	6319	103	24	0	6482
25350	18	6700	38	21	0	6777
25351	6814	105	24	6	0	6949
25352	107	34	6019	0	0	6160
25353	33	20	92	5949	0	6094
25354	19	36	6447	85	0	6587
25355	14	6341	93	33	0	6481
25356	25	94	34	5997	0	6150
25357	8	6331	34	79	0	6452
25358	6559	94	15	40	0	6708
25359	6598	35	22	22	0	6677
25360	6581	28	19	12	0	6640
25361	123	23	6381	10	0	6537
25362	47	37	6632	8	0	6724
25363	6799	15	110	8	0	6932
25364	127	12	6946	4	0	7089
25365	49	8	111	6464	0	6632
25366	20	6767	61	77	0	6925
25367	7080	91	34	20	0	7225
25368	7004	32	22	17	0	7075
25369	7144	16	21	19	0	7200
25370	123	27	8	6965	0	7123
25371	55	25	2	7134	0	7216
25372	7112	13	10	122	0	7257
25373	125	6897	20	50	0	7092
25374	7131	92	22	25	0	7270
25375	119	27	22	7035	0	7203
25376	50	13	18	9342	0	9423
25377	9335	20	20	118	0	9493
25378	117	9048	25	39	0	9229
25379	9316	107	13	21	0	9457
25380	121	9076	19	34	0	9250
25381	9316	106	17	24	0	9463
25382	125	44	10	11383	0	11562
25383	11441	37	11	103	0	11592
25384	11214	26	8	35	0	11283
25385	10982	30	10	24	0	11046
25386	144	10925	24	31	0	11124
25387	72	109	10899	29	0	11109
25388	10701	31	93	28	0	10853
25389	11359	21	34	26	0	11440
25390	147	10934	34	26	0	11141
25391	54	112	28	11345	0	11539
25392	54	44	20	11464	0	11582
25393	11490	30	22	147	0	11689
25394	141	28	23	11304	0	11496
25395	69	36	11191	143	0	11439
25396	47	39	10493	86	0	10665
25397	11065	12	129	59	0	11265
25398	156	16	37	11266	0	11475
25399	81	17	42	11288	0	11428
25400	71	16	43	11513	0	11643
25401	79	39	11181	130	0	11429
25402	70	34	113	11033	0	11250
25403	67	22	50	11302	0	11441
25404	55	32	26	11519	0	11632
25405	11416	31	42	163	0	11652
25406	133	34	28	11433	0	11628
25407	58	49	11164	156	0	11427
25408	10743	27	117	91	0	10978
25409	138	42	11416	63	0	11659
25410	11598	22	131	62	0	11813
25411	10794	36	111	60	0	11001
25412	217	27	43	12087	0	12374
25413	102	10140	57	164	0	10463
25414	59	148	49	10436	0	10692
25415	59	66	27	10281	0	10433
25416	42	10113	55	227	0	10437
25417	10325	154	31	104	0	10614
25418	145	10232	21	82	0	10480
25419	10457	158	23	80	0	10718
25420	10434	78	18	64	0	10594
25421	218	52	21	10289	0	10580
25422	122	37	28	11081	0	11268
25423	97	47	10062	185	0	10391
25424	81	33	9708	82	0	9904
25425	9777	30	189	52	0	10048
25426	10294	14	78	51	0	10437
25427	155	8964	45	30	0	9194
25428	49	105	703	8232	0	9089
25429	33	30	8076	52	0	8191
25430	12	11	46	8121	0	8190
25431	8195	7	20	59	0	8281
25432	8094	5	5	29	0	8133
25433	59	7897	13	20	0	7989
25434	31	38	4	8163	0	8236
25435	14	23	5	7143	0	7185
25436	9	13	5	7164	0	7191
25437	20	11	6225	69	0	6325
25438	5619	11	56	34	0	5720
25439	6283	6	23	17	0	6329
25440	80	20	6196	18	0	6314
25441	34	6090	62	20	0	6206
25442	6420	42	27	14	0	6503
25443	6378	17	13	14	0	6422
25444	79	25	7593	6	0	7703
25445	36	19	7561	14	0	7630
25446	16	11	65	7703	0	7795
25447	10	22	7753	59	0	7844
25448	7581	7	49	36	0	7673
25449	7360	8	28	17	0	7413
25450	7443	6	15	11	0	7475
25451	84	12	7	7068	0	7171
25452	38	7100	26	54	0	7218
25453	7423	47	8	37	0	7515
25454	6878	22	17	25	0	6942
25455	84	17	6735	17	0	6853
25456	50	14	5430	10	0	5504
25457	5076	12	76	12	0	5176
25458	72	14	29	5755	0	5870
25459	45	13	5708	66	0	5832
25460	23	5538	60	42	0	5663
25461	22	58	24	5813	0	5917
25462	5244	28	14	61	0	5347
25463	55	5066	18	45	0	5184
25464	37	61	11	5178	0	5287
25465	28	5018	25	59	0	5130
25466	26	5148	18	42	0	5234
25467	31	59	12	5187	0	5289
25468	28	31	19	5127	0	5205
25469	28	5545	23	80	0	5676
25470	5759	52	19	41	0	5871
25471	71	42	5650	20	0	5783
25472	5258	29	74	16	0	5377
25473	89	15	37	5637	0	5778
25474	64	14	31	5663	0	5772
25475	41	17	23	5744	0	5825
25476	32	9	24	4010	0	4075
25477	27	18	3859	110	0	4014
25478	18	25	64	3917	0	4024
25479	37	11	37	4176	0	4261
25480	40	4819	18	107	0	4984
25481	29	121	4590	73	0	4813
25482	32	4791	103	58	0	4984
25483	27	127	4613	39	0	4806
25484	34	4832	103	37	0	5006
25485	34	120	50	4826	0	5030
25486	4829	59	34	108	0	5030
25487	115	4855	31	63	0	5064
25488	65	110	31	4937	0	5143
25489	43	58	4694	112	0	4907
25490	41	4762	100	76	0	4979
25491	6743	110	55	55	0	6963
25492	6673	70	47	34	0	6824
25493	128	6630	51	53	0	6862
25494	67	131	6590	36	0	6824
25495	6336	58	115	37	0	6546
25496	127	50	43	6910	0	7130
25497	6808	46	25	118	0	6997
25498	137	8077	31	71	0	8316
25499	59	8426	33	57	0	8575
25500	44	180	8112	56	0	8392
25501	7982	67	148	35	0	8232
25502	154	57	59	8443	0	8713
25503	8445	49	42	137	0	8673
25504	147	8400	51	67	0	8665
25505	8490	152	40	50	0	8732
25506	8405	53	44	60	0	8562
25507	197	65	8192	39	0	8493
25508	93	8147	145	49	0	8434
25509	58	8065	53	36	0	8212
25510	26	122	16	7042	0	7206
25511	23	7228	25	77	0	7353
25512	7214	112	29	26	0	7381
25513	97	7308	21	22	0	7448
25514	44	157	27	7319	0	7547
25515	55	7132	42	91	0	7320
25516	59	7108	45	40	0	7252
25517	81	7303	36	39	0	7459
25518	80	132	10	7340	0	7562
25519	62	77	23	7693	0	7855
25520	79	80	15	7548	0	7722
25521	64	7358	44	105	0	7571
25522	58	140	6752	43	0	6993
25523	33	113	6758	37	0	6941
25524	6589	94	106	54	0	6843
25525	96	117	25	6893	0	7131
25526	62	106	6768	126	0	7062
25527	54	131	8256	45	0	8486
25528	59	8456	135	54	0	8704
25529	63	193	45	8400	0	8701
25530	33	117	55	8782	0	8987
25531	8828	107	37	149	0	9121
25532	106	113	30	8670	0	8919
25533	72	96	28	8874	0	9070
25534	65	98	8566	191	0	8920
25535	75	74	115	8348	0	8612
25536	73	91	66	8732	0	8962
25537	43	92	8652	160	0	8947
25538	49	123	8499	64	0	8735
25539	56	8373	178	94	0	8701
25540	70	180	8449	107	0	8806
25541	52	110	165	8186	0	8513
25542	79	112	111	7543	0	7845
25543	70	129	8468	180	0	8847
25544	45	7094	122	169	0	7430
25545	7034	197	64	136	0	7431
25546	153	7152	71	124	0	7500
25547	93	188	45	7209	0	7535
25548	61	76	103	7307	0	7547
25549	53	8489	110	224	0	8876
25550	37	185	104	8772	0	9098
25551	48	128	93	8818	0	9087
25552	61	119	8480	200	0	8860
25553	70	9214	211	136	0	9631
25554	76	211	130	9698	0	10115
25555	63	121	9510	221	0	9915
25556	50	147	177	9371	0	9745
25557	67	115	119	9370	0	9671
25558	64	157	76	9667	0	9964
25559	82	131	75	9538	0	9826
25560	86	138	63	9328	0	9615
25561	101	9416	74	229	0	9820
25562	9453	184	71	201	0	9909
25563	119	134	9370	217	0	9840
25564	8073	117	176	206	0	8572
25565	127	135	9388	184	0	9834
25566	70	10755	192	215	0	11232
25567	81	231	10888	136	0	11336
25568	61	11005	273	149	0	11488
25569	34	268	129	9962	0	10393
25570	56	149	105	9574	0	9884
25571	47	9958	100	328	0	10433
25572	67	11698	76	250	0	12091
25573	11706	303	78	204	0	12291
25574	14247	169	74	191	0	14681
25575	14111	125	86	170	0	14492
25576	14160	149	60	158	0	14527
25577	296	140	97	13743	0	14276
25578	150	13960	126	297	0	14533
25579	13765	245	115	162	0	14287
25580	193	142	83	13248	0	13666
25581	12955	75	101	259	0	13390
25582	12315	97	108	146	0	12666
25583	206	12694	96	107	0	13103
25584	82	12616	82	144	0	12924
25585	48	13060	65	139	0	13312
25586	62	255	45	12692	0	13054
25587	69	13277	52	230	0	13628
25588	14465	205	32	170	0	14872
25589	14136	119	29	126	0	14410
25590	14287	96	28	99	0	14510
25591	12806	73	39	128	0	13046
25592	12906	90	49	110	0	13155
25593	286	100	12216	89	0	12691
25594	12451	86	184	116	0	12837
25595	252	88	12338	100	0	12778
25596	12368	99	214	81	0	12762
25597	267	104	103	12450	0	12924
25598	81	41	10575	126	0	10823
25599	50	42	10335	50	0	10477
25600	45	10452	169	17	0	10683
25601	10867	135	47	26	0	11075
25602	10578	63	20	20	0	10681
25603	190	13808	39	15	0	14052
25604	83	175	23	17967	0	18248
25605	18716	79	12	289	0	19096
25606	354	99	17902	120	0	18475
25607	148	18214	327	77	0	18766
25608	18413	344	121	53	0	18931
25609	371	18327	89	80	0	18867
25610	210	390	56	18065	0	18721
25611	122	18619	81	300	0	19122
25612	106	461	27	18257	0	18851
25613	106	18093	56	323	0	18578
25614	77	18660	43	149	0	18929
25615	18425	475	20	127	0	19047
25616	18468	264	19	95	0	18846
25617	496	169	19091	102	0	19858
25618	237	187	18551	75	0	19050
25619	187	161	18795	47	0	19190
25620	172	105	476	18576	0	19329
25621	155	132	19082	343	0	19712
25622	97	140	468	18481	0	19186
25623	102	131	252	18762	0	19247
25624	103	18450	194	493	0	19240
25625	19012	413	105	271	0	19801
25626	375	19831	130	196	0	20532
25627	212	454	65	18965	0	19696
25628	160	271	52	19154	0	19637
25629	195	184	61	19256	0	19696
25630	240	132	19990	516	0	20878
25631	163	1454	386	18414	0	20417
25632	176	121	175	20083	0	20555
25633	132	111	140	20748	0	21131
25634	118	153	19832	656	0	20759
25635	125	19579	421	356	0	20481
25636	20166	394	156	312	0	21028
25637	19719	207	126	253	0	20305
25638	519	19951	106	189	0	20765
25639	289	471	99	20192	0	21051
25640	227	310	61	20799	0	21397
25641	232	244	19700	538	0	20714
25642	196	19253	403	350	0	20202
25643	180	457	195	20465	0	21297
25644	183	240	20100	539	0	21062
25645	164	185	394	19680	0	20423
25646	172	152	240	20040	0	20604
25647	156	206	19976	606	0	20944
25648	177	153	422	19702	0	20454
25649	179	156	266	18677	0	19278
25650	211	145	18693	614	0	19663
25651	161	152	441	18537	0	19291
25652	172	132	258	18497	0	19059
25653	117	111	196	18680	0	19104
25654	96	156	17779	709	0	18740
25655	100	119	507	18157	0	18883
25656	17831	126	249	615	0	18821
25657	17921	110	183	400	0	18614
25658	530	17431	193	332	0	18486
25659	18313	405	173	260	0	19151
25660	506	217	18692	286	0	19701
25661	305	146	436	19909	0	20796
25662	224	137	258	19914	0	20533
25663	173	177	178	20805	0	21333
25664	20215	114	132	701	0	21162
25665	401	19823	191	431	0	20846
25666	146	323	96	18400	0	18965
25667	115	18041	98	529	0	18783
25668	18517	368	113	278	0	19276
25669	366	18180	99	231	0	18876
25670	18400	443	59	202	0	19104
25671	424	17972	97	207	0	18700
25672	170	17012	75	143	0	17400
25673	147	362	64	17226	0	17799
25674	80	210	68	15167	0	15525
25675	105	136	56	14985	0	15282
25676	74	144	55	15174	0	15447
25677	85	147	14575	447	0	15254
25678	74	14322	237	315	0	14948
25679	51	285	109	14885	0	15330
25680	59	14578	102	408	0	15147
25681	73	335	15135	235	0	15778
25682	63	189	270	14854	0	15376
25683	74	177	105	15850	0	16206
25684	82	124	15382	391	0	15979
25685	48	14839	311	259	0	15457
25686	41	260	165	15741	0	16207
25687	51	134	14951	440	0	15576
25688	27	13844	330	317	0	14518
25689	30	266	171	14503	0	14970
25690	44	172	14242	400	0	14858
25691	52	151	13944	232	0	14379
25692	48	13432	371	197	0	14048
25693	42	15322	207	189	0	15760
25694	55	355	141	17376	0	17927
25695	41	193	139	17808	0	18181
25696	50	168	17996	547	0	18761
25697	16399	142	415	330	0	17286
25698	17365	121	172	251	0	17909
25699	481	139	17550	230	0	18400
25700	196	17127	457	251	0	18031
25701	156	17760	244	175	0	18335
25702	154	17921	177	171	0	18423
25703	130	14433	162	112	0	14837
25704	47	301	43	14540	0	14931
25705	26	88	13	15678	0	15805
25706	11	76	29	15849	0	15965
25707	20	67	8	15904	0	15999
25708	14	16133	36	705	0	16888
25709	13	500	21	16741	0	17275
25710	20	16281	30	643	0	16974
25711	18	557	13	17164	0	17752
25712	16474	234	22	675	0	17405
25713	508	124	15	16737	0	17384
25714	211	16111	40	701	0	17063
25715	109	522	24	17927	0	18582
25716	85	223	22	18425	0	18755
25717	71	139	31	18379	0	18620
25718	17127	119	26	1064	0	18336
25719	562	185	21	17882	0	18650
25720	231	199	16050	936	0	17416
25721	129	16826	510	533	0	17998
25722	129	613	254	19468	0	20464
25723	225	323	133	19850	0	20531
25724	191	220	54	20424	0	20889
25725	19098	246	124	1353	0	20821
25726	718	279	17070	817	0	18884
25727	367	283	598	17923	0	19171
25728	216	17985	274	1141	0	19616
25729	163	881	146	18849	0	20039
25730	15941	433	92	1347	0	17813
25731	685	16883	114	856	0	18538
25732	332	840	63	18150	0	19385
25733	220	415	52	18552	0	19239
25734	137	17385	66	1518	0	19106
25735	148	835	82	18430	0	19495
25736	165	485	64	18919	0	19633
25737	162	405	16172	1559	0	18298
25738	168	17054	648	1112	0	18982
25739	17556	852	294	834	0	19536
25740	863	524	17165	727	0	19279
25741	17257	365	760	699	0	19081
25742	941	328	17211	750	0	19230
25743	440	292	817	18164	0	19713
25744	17669	242	372	1439	0	19722
25745	929	304	241	18235	0	19709
25746	17971	230	229	1456	0	19886
25747	18275	305	227	971	0	19778
25748	18097	283	171	844	0	19395
25749	1264	18691	168	727	0	20850
25750	718	826	148	19613	0	21305
25751	528	514	201	20198	0	21441
25752	407	347	252	20454	0	21460
25753	349	283	18359	1739	0	20730
25754	340	331	797	19961	0	21429
25755	19784	304	458	1492	0	22038
25756	20489	225	261	1102	0	22077
25757	1316	297	19146	791	0	21550
25758	19992	283	854	707	0	21836
25759	20605	272	435	679	0	21991
25760	1351	374	311	18846	0	20882
25761	18105	242	268	1443	0	20058
25762	18587	222	211	1017	0	20037
25763	1391	262	309	18071	0	20033
25764	18110	273	300	1392	0	20075
25765	18497	270	201	994	0	19962
25766	1484	240	291	18121	0	20136
25767	1052	279	15734	1321	0	18386
25768	17663	196	890	847	0	19596
25769	1306	242	17214	761	0	19523
25770	991	234	17087	700	0	19012
25771	750	16850	1141	775	0	19516
25772	717	827	598	17062	0	19204
25773	788	429	353	17630	0	19200
25774	719	242	334	18274	0	19569
25775	713	288	16694	1629	0	19324
25776	753	256	16544	1069	0	18622
25777	668	16722	1116	927	0	19433
25778	608	852	660	16334	0	18454
25779	700	406	476	17303	0	18885
25780	635	299	382	18017	0	19333
25781	690	222	15454	1695	0	18061
25782	698	15561	956	1068	0	18283
25783	637	856	551	16271	0	18315
25784	622	433	15845	1428	0	18328
25785	746	273	15921	971	0	17911
25786	16125	267	1270	795	0	18457
25787	16288	220	750	761	0	18019
25788	17201	205	482	708	0	18596
25789	1587	191	402	15940	0	18120
25790	1018	206	15073	1270	0	17567
25791	812	15059	1025	941	0	17837
25792	626	16342	639	852	0	18459
25793	648	1101	14674	671	0	17094
25794	555	479	809	12852	0	14695
25795	465	263	711	12658	0	14097
25796	523	10875	523	1027	0	12948
25797	552	12125	365	694	0	13736
25798	12103	863	358	584	0	13908
25799	13043	457	342	468	0	14310
25800	13237	292	301	581	0	14411
25801	13190	199	337	539	0	14265
25802	12437	240	326	440	0	13443
25803	1212	11913	322	500	0	13947
25804	434	7927	237	330	0	8928
25805	270	7367	232	229	0	8098
25806	7341	470	168	216	0	8195
25807	885	226	1021	5609	0	7741
25808	295	96	131	5768	0	6290
25809	5617	50	132	433	0	6232
25810	357	5320	127	324	0	6128
25811	278	244	102	5633	0	6257
25812	219	172	115	5734	0	6240
25813	191	136	158	5830	0	6315
25814	5646	64	181	433	0	6324
25815	279	43	65	4834	0	5221
25816	239	51	4340	332	0	4962
25817	3908	69	189	192	0	4358
25818	233	73	145	4058	0	4509
25819	229	39	3892	229	0	4389
25820	231	3551	229	167	0	4178
25821	126	3924	191	208	0	4449
25822	2034	0	0	1	0	2035
25823	2005	0	1	1	0	2007
25824	0	2689	8	5	0	2702
25825	1	51	0	2860	0	2912
25826	2846	32	0	57	0	2935
25827	55	10	0	3376	0	3441
25828	35	3	0	3442	0	3480
25829	10	3	1	3492	0	3506
25830	3	5	1	3429	0	3438
25831	2	3254	7	130	0	3393
25832	4	77	2	3444	0	3527
25833	1	31	0	3453	0	3485
25834	3	14	0	3522	0	3539
25835	4	16	3220	144	0	3384
25836	1	3171	79	75	0	3326
25837	4	89	32	3400	0	3525
25838	6	41	3221	110	0	3378
25839	10	32	3076	63	0	3181
25840	0	3143	123	46	0	3312
25841	3294	87	50	21	0	3452
25842	72	45	21	3361	0	3499
25843	3363	20	11	102	0	3496
25844	92	3250	18	50	0	3410
25845	37	87	4	3406	0	3534
25846	3301	43	7	101	0	3452
25847	3324	22	4	61	0	3411
25848	113	14	8	3329	0	3464
25849	58	20	5	2015	0	2098
25850	22	15	1835	146	0	2018
25851	15	7	83	1940	0	2045
25852	17	9	37	2035	0	2098
25853	1867	9	20	148	0	2044
25854	86	1848	6	85	0	2025
25855	37	94	1794	55	0	1980
25856	1861	42	84	30	0	2017
25857	88	1849	36	43	0	2016
25858	48	87	21	1921	0	2077
25859	1892	43	18	99	0	2052
25860	88	35	10	1947	0	2080
25861	50	17	13	2001	0	2081
25862	32	23	1791	146	0	1992
25863	8	16	88	1983	0	2095
25864	1886	10	33	135	0	2064
25865	98	13	20	1970	0	2101
25866	1898	13	10	138	0	2059
25867	108	1801	15	72	0	1996
25868	48	1940	26	44	0	2058
25869	36	116	9	1908	0	2069
25870	27	59	8	2220	0	2314
25871	2099	27	10	153	0	2289
25872	92	2066	5	94	0	2257
25873	2133	94	15	59	0	2301
25874	2172	46	11	46	0	2275
25875	123	30	17	2154	0	2324
25876	2187	19	9	114	0	2329
25877	139	19	2033	55	0	2246
25878	56	24	85	2137	0	2302
25879	49	16	2055	111	0	2231
25880	28	26	106	2156	0	2316
25881	2084	18	44	147	0	2293
25882	2127	12	26	76	0	2241
25883	129	2047	22	64	0	2262
25884	75	94	12	2134	0	2315
25885	43	50	14	2152	0	2259
25886	42	2067	11	151	0	2271
25887	36	96	7	2179	0	2318
25888	28	48	9	2153	0	2238
25889	33	2079	10	159	0	2281
25890	2076	98	14	107	0	2295
25891	2154	51	11	72	0	2288
25892	135	39	14	2115	0	2303
25893	65	18	12	2237	0	2332
25894	61	37	1979	149	0	2226
25895	37	20	89	2070	0	2216
25896	38	2041	36	138	0	2253
25897	2085	91	33	81	0	2290
25898	97	55	23	2127	0	2302
25899	61	40	15	1763	0	1879
25900	1608	21	20	172	0	1821
25901	110	1614	17	101	0	1842
25902	68	108	10	1662	0	1848
25903	59	48	10	1686	0	1803
25904	43	1625	6	151	0	1825
25905	1658	90	11	112	0	1871
25906	117	61	1528	59	0	1765
25907	49	47	1590	59	0	1745
25908	35	23	111	1678	0	1847
25909	36	29	1577	120	0	1762
25910	1624	28	102	91	0	1845
25911	121	8	50	1661	0	1840
25912	67	32	1559	121	0	1779
25913	50	25	1599	76	0	1750
25914	37	1601	120	63	0	1821
25915	1591	99	58	43	0	1791
25916	108	2083	26	57	0	2274
25917	2178	112	26	54	0	2370
25918	2197	44	36	42	0	2319
25919	132	2098	23	53	0	2306
25920	2196	98	19	45	0	2358
25921	2213	49	13	48	0	2323
25922	141	44	2028	44	0	2257
25923	94	831	92	1268	0	2285
25924	15	1157	10	31	0	1213
25925	10	1249	8	10	0	1277
25926	534	28	3	766	0	1331
25927	750	0	0	0	0	750
25928	0	1	0	741	0	742
25929	0	0	0	1137	0	1137
25930	0	0	0	1157	0	1157
25931	0	1093	2	44	0	1139
25932	1	29	0	1378	0	1408
25933	0	12	1322	46	0	1380
25934	1302	3	38	18	0	1361
25935	1382	3	11	1	0	1397
25936	51	1299	1	3	0	1354
25937	1363	40	2	0	0	1405
25938	44	13	1	1380	0	1438
25939	17	0	1320	42	0	1379
25940	1309	4	34	17	0	1364
25941	42	1327	13	5	0	1387
25942	15	39	1	1378	0	1433
25943	1344	15	5	43	0	1407
25944	43	1307	0	19	0	1369
25945	16	1340	6	6	0	1368
25946	1378	57	0	10	0	1445
25947	51	18	1313	5	0	1387
25948	1346	7	40	7	0	1400
25949	47	6	17	1354	0	1424
25950	20	7	2	1419	0	1448
25951	8	7	1313	60	0	1388
25952	16	6	1329	22	0	1373
25953	10	5	55	1341	0	1411
25954	8	5	1339	54	0	1406
25955	12	8	1313	21	0	1354
25956	10	4	54	1293	0	1361
25957	7	6	18	1385	0	1416
25958	1358	6	8	61	0	1433
25959	50	10	8	1368	0	1436
25960	1377	9	3	50	0	1439
25961	48	1300	8	29	0	1385
25962	28	47	7	1360	0	1442
25963	13	23	1295	50	0	1381
25964	1325	4	41	23	0	1393
25965	1389	10	20	10	0	1429
25966	1418	5	11	12	0	1446
25967	1404	4	9	19	0	1436
25968	1395	1	10	14	0	1420
25969	64	3	14	1354	0	1435
25970	28	6	1124	48	0	1206
25971	9	2	1131	32	0	1174
25972	15	7	1143	15	0	1180
25973	1105	5	60	14	0	1184
25974	1181	3	21	17	0	1222
25975	62	4	12	1086	0	1164
25976	28	1377	15	44	0	1464
25977	16	44	9	1465	0	1534
25978	16	18	1408	54	0	1496
25979	13	6	1389	25	0	1433
25980	1378	7	62	8	0	1455
25981	53	4	1404	13	0	1474
25982	34	2	47	1420	0	1503
25983	1447	4	23	49	0	1523
25984	1425	2	12	22	0	1461
25985	1488	2	9	12	0	1511
25986	1485	5	11	17	0	1518
25987	78	6	1387	11	0	1482
25988	1393	4	49	12	0	1458
25989	59	1354	28	13	0	1454
25990	33	46	15	1422	0	1516
25991	16	18	1399	55	0	1488
25992	17	6	50	1418	0	1491
25993	16	8	1411	52	0	1487
25994	18	8	48	1429	0	1503
25995	13	5	28	1469	0	1515
25996	20	8	1394	66	0	1488
25997	18	6	57	1417	0	1498
25998	1432	6	23	61	0	1522
25999	62	7	15	1427	0	1511
26000	34	5	9	1471	0	1519
26001	1433	7	14	67	0	1521
26002	71	1367	11	27	0	1476
26003	1419	48	15	11	0	1493
26004	55	1389	15	22	0	1481
26005	1448	48	16	8	0	1520
26006	61	22	1384	15	0	1482
26007	31	9	53	1403	0	1496
26008	14	6	27	1464	0	1511
26009	1413	1	14	73	0	1501
26010	48	1368	24	32	0	1472
26011	16	40	18	1427	0	1501
26012	13	17	15	1456	0	1501
26013	13	1371	19	70	0	1473
26014	1405	47	14	32	0	1498
26015	55	1630	13	28	0	1726
26016	22	47	12	1195	0	1276
26017	17	20	8	1215	0	1260
26018	13	1223	11	69	0	1316
26019	1279	47	7	35	0	1368
26020	60	26	1220	15	0	1321
26021	1246	7	44	18	0	1315
26022	57	1219	25	17	0	1318
26023	34	47	8	1273	0	1362
26024	1281	20	9	55	0	1365
26025	60	8	8	1280	0	1356
26026	31	9	7	1319	0	1366
26027	1254	11	6	68	0	1339
26028	62	1244	13	34	0	1353
26029	1	1621	4	4	0	1630
26030	1679	9	2	8	0	1698
26031	10	5	1707	2	0	1724
26032	0	1423	1	3	0	1427
26033	0	1	1	1477	0	1479
26034	4	2	1915	0	0	1921
26035	0	1	26	1762	0	1789
26036	1939	1	10	27	0	1977
26037	25	1844	10	14	0	1893
26038	12	27	4	1868	0	1911
26039	6	1884	4	27	0	1921
26040	1939	33	0	11	0	1983
26041	2113	16	2	4	0	2135
26042	60	2086	3	7	0	2156
26043	25	57	2	2076	0	2160
26044	15	2070	2	49	0	2136
26045	2166	63	0	20	0	2249
26046	2179	23	2	12	0	2216
26047	67	16	1	2099	0	2183
26048	37	6	0	2879	0	2922
26049	25	11	2797	73	0	2906
26050	2524	5	46	37	0	2612
26051	60	6	2841	20	0	2927
26052	27	3	63	2776	0	2869
26053	2881	2	23	55	0	2961
26054	55	2738	18	28	0	2839
26055	2845	54	8	21	0	2928
26056	68	29	2776	10	0	2883
26057	2529	18	48	3	0	2598
26058	76	2708	27	2	0	2813
26059	2877	54	14	8	0	2953
26060	70	2801	13	9	0	2893
26061	34	72	7	2847	0	2960
26062	27	37	2793	64	0	2921
26063	16	31	2730	27	0	2804
26064	15	16	74	2689	0	2794
26065	18	7	2818	70	0	2913
26066	12	10	69	2750	0	2841
26067	11	9	33	2672	0	2725
26068	10	6	2793	87	0	2896
26069	2108	14	66	43	0	2231
26070	2798	7	30	27	0	2862
26071	83	2723	21	18	0	2845
26072	2823	61	8	13	0	2905
26073	81	32	6	2774	0	2893
26074	39	25	2756	60	0	2880
26075	27	11	56	2681	0	2775
26076	22	4	31	2554	0	2611
26077	2504	10	17	87	0	2618
26078	65	2424	9	47	0	2545
26079	28	2464	9	37	0	2538
26080	24	76	13	2498	0	2611
26081	16	38	15	2493	0	2562
26082	16	2445	16	81	0	2558
26083	12	64	11	2543	0	2630
26084	12	29	7	2541	0	2589
26085	10	2443	5	96	0	2554
26086	2476	57	11	54	0	2598
26087	56	28	14	2475	0	2573
26088	33	2421	10	75	0	2539
26089	34	62	10	2532	0	2638
26090	2490	42	7	69	0	2608
26091	64	2420	6	45	0	2535
26092	2509	59	11	37	0	2616
26093	2524	29	15	30	0	2598
26094	86	24	9	2461	0	2580
26095	2529	14	10	75	0	2628
26096	2511	13	4	37	0	2565
26097	2494	22	4	31	0	2551
26098	2537	21	6	21	0	2585
26099	107	17	4	2404	0	2532
26100	54	13	4	2518	0	2589
26101	42	20	2382	91	0	2535
26102	30	8	48	2358	0	2444
26103	24	12	24	2466	0	2526
26104	23	22	2352	97	0	2494
26105	2082	11	63	57	0	2213
26106	65	13	24	2421	0	2523
26107	45	14	2384	83	0	2526
26108	1997	10	64	50	0	2121
26109	84	17	2316	32	0	2449
26110	44	2236	69	25	0	2374
26111	40	2377	38	22	0	2477
26112	30	87	21	2417	0	2555
26113	25	43	2545	77	0	2690
26114	2391	26	77	50	0	2544
26115	2298	21	29	32	0	2380
26116	119	18	2243	19	0	2399
26117	2170	13	75	17	0	2275
26118	2333	9	35	27	0	2404
26119	110	2173	36	28	0	2347
26120	2320	68	26	20	0	2434
26121	103	29	17	2263	0	2412
26122	52	32	4491	89	0	4664
26123	46	16	76	4395	0	4533
26124	30	4375	41	97	0	4543
26125	24	4548	38	46	0	4656
26126	4689	84	16	42	0	4831
26127	5276	42	17	23	0	5358
26128	5230	33	22	18	0	5303
26129	125	16	13	4648	0	4802
26130	58	19	9	4689	0	4775
26131	42	4574	16	108	0	4740
26132	4667	75	13	58	0	4813
26133	92	4515	24	45	0	4676
26134	4283	47	4	14	0	4348
26135	61	4102	14	14	0	4191
26136	4234	59	13	8	0	4314
26137	4242	15	6	16	0	4279
26138	67	24	6	4193	0	4290
26139	46	4130	8	44	0	4228
26140	36	55	3954	25	0	4070
26141	3383	9	15	5	0	3412
26142	23	3821	8	11	0	3863
26143	10	16	3976	5	0	4007
26144	11	9	4835	6	0	4861
26145	1	9	21	4424	0	4455
26146	5	7	5	4615	0	4632
26147	2	4678	12	17	0	4709
26148	4382	20	8	5	0	4415
26149	22	13	2	4295	0	4332
26150	9	4047	15	23	0	4094
26151	8	4778	10	11	0	4807
26152	8	22	4730	10	0	4770
26153	9	11	4627	8	0	4655
26154	4579	10	19	6	0	4614
26155	27	7	4903	2	0	4939
26156	10	8	19	4724	0	4761
26157	11	8	7	4812	0	4838
26158	9	8	4886	20	0	4923
26159	11	6	19	3748	0	3784
26160	8	5	9	3870	0	3892
26161	3863	2	7	29	0	3901
26162	4771	6	4	12	0	4793
26163	18	8	6	4867	0	4899
26164	9	4661	16	27	0	4713
26165	6	4723	15	7	0	4751
26166	4939	18	6	7	0	4970
26167	25	12	4781	7	0	4825
26168	9	3	18	4821	0	4851
26169	4949	4	5	23	0	4981
26170	4779	5	3	13	0	4800
26171	24	8	2	4795	0	4829
26172	13	11	4808	21	0	4853
26173	10	15	4274	10	0	4309
26174	4356	6	21	5	0	4388
26175	4818	5	10	4	0	4837
26176	23	4481	17	6	0	4527
26177	14	6018	23	9	0	6064
26178	6449	21	9	4	0	6483
26179	6406	6	9	9	0	6430
26180	22	11	6	6277	0	6316
26181	10	11	9	6287	0	6317
26182	14	5	5	6420	0	6444
26183	6447	4	6	31	0	6488
26184	24	7	4	6366	0	6401
26185	17	7	6330	25	0	6379
26186	6045	9	16	13	0	6083
26187	20	9	4	6356	0	6389
26188	16	9	7747	24	0	7796
26189	7139	9	26	10	0	7184
26190	7642	8	8	15	0	7673
26191	23	8831	32	13	0	8899
26192	12	9747	19	17	0	9795
26193	23	65	9618	4	0	9710
26194	8905	9	53	17	0	8984
26195	57	9557	25	12	0	9651
26196	15	65	9677	9	0	9766
26197	8500	18	56	16	0	8590
26198	52	9463	22	17	0	9554
26199	17	74	9644	9	0	9744
26200	8742	22	51	13	0	8828
26201	59	9437	36	14	0	9546
26202	19	60	5	9879	0	9963
26203	9980	8	4	61	0	10053
26204	54	9585	17	17	0	9673
26205	12	58	4	9858	0	9932
26206	9817	10	10	59	0	9896
26207	66	18	10547	16	0	10647
26208	11	10157	73	17	0	10258
26209	27	68	11538	9	0	11642
26210	16	6	49	11310	0	11381
26211	15	20	11638	61	0	11734
26212	8	10858	109	26	0	11001
26213	6	11114	19	5	0	11144
26214	11	46	10	11499	0	11566
26215	3	13	1	10840	0	10857
26216	1	6	3	11294	0	11304
26217	11	12	12097	48	0	12168
26218	1	4	82	12011	0	12098
26219	12051	2	8	95	0	12156
26220	11405	5	17	9	0	11436
26221	106	14	11931	8	0	12059
26222	12	9454	99	14	0	9579
26223	10205	89	7	3	0	10304
26224	91	9707	38	17	0	9853
26225	10171	97	10	6	0	10284
26226	10100	6	3	4	0	10113
26227	103	19	9308	10	0	9440
26228	13	9019	106	6	0	9144
26229	17	96	4	9546	0	9663
26230	17	22	9386	92	0	9517
26231	8877	14	94	5	0	8990
26232	107	10	3	9422	0	9542
26233	19	9	9355	97	0	9480
26234	8752	10	98	16	0	8876
26235	112	14	9346	15	0	9487
26236	7	8	98	9164	0	9277
26237	9688	8	12	95	0	9803
26238	89	9867	34	20	0	10010
26239	10	102	10049	19	0	10180
26240	10237	4	92	13	0	10346
26241	11317	14	12	6	0	11349
26242	154	10988	42	17	0	11201
26243	40	158	11	11446	0	11655
26244	30	30	8	11645	0	11713
26245	11519	31	8	176	0	11734
26246	171	12	7	11356	0	11546
26247	47	20	10485	182	0	10734
26248	37	13	153	10527	0	10730
26249	11772	13	24	195	0	12004
26250	242	11415	45	88	0	11790
26251	57	257	14	11058	0	11386
26252	39	11863	22	242	0	12166
26253	12079	284	16	62	0	12441
26254	269	77	19	12467	0	12832
26255	73	40	14	12868	0	12995
26256	42	12403	37	400	0	12882
26257	31	345	12168	120	0	12664
26258	23	99	306	13171	0	13599
26259	26	62	79	13698	0	13865
26260	28	35	43	13624	0	13730
26261	31	12790	60	492	0	13373
26262	46	391	12933	162	0	13532
26263	36	138	13165	92	0	13431
26264	12929	60	456	78	0	13523
26265	13719	41	139	79	0	13978
26266	508	53	13227	72	0	13860
26267	13136	32	409	68	0	13645
26268	472	64	13156	63	0	13755
26269	12833	40	441	52	0	13366
26270	443	13864	171	67	0	14545
26271	14617	393	106	54	0	15170
26272	489	127	15504	60	0	16180
26273	174	100	15544	55	0	15873
26274	105	49	497	15111	0	15762
26275	15834	21	183	441	0	16479
26276	441	16797	164	157	0	17559
26277	179	608	18009	105	0	18901
26278	114	148	654	18218	0	19134
26279	96	91	198	20248	0	20633
26280	19913	48	131	820	0	20912
26281	20237	43	104	244	0	20628
26282	864	64	74	19928	0	20930
26283	20236	65	91	740	0	21132
26284	845	89	19054	223	0	20211
26285	282	64	677	19299	0	20322
26286	188	54	188	20475	0	20905
26287	19866	48	127	907	0	20948
26288	18964	63	93	299	0	19419
26289	912	41	101	18444	0	19498
26290	18441	51	115	812	0	19419
26291	868	77	16495	277	0	17717
26292	283	15406	630	226	0	16545
26293	246	654	15411	152	0	16463
26294	166	170	678	16145	0	17159
26295	16064	88	217	791	0	17160
26296	757	15610	157	272	0	16796
26297	268	670	133	15911	0	16982
26298	184	194	128	16236	0	16742
26299	169	15680	138	881	0	16868
26300	167	698	109	16290	0	17264
26301	171	192	121	16761	0	17245
26302	164	144	91	16959	0	17358
26303	175	98	98	16895	0	17266
26304	175	86	87	16891	0	17239
26305	181	15583	119	1027	0	16910
26306	155	647	119	16474	0	17395
26307	176	182	111	16196	0	16665
26308	189	189	14437	1024	0	15839
26309	170	13734	637	476	0	15017
26310	154	702	201	14487	0	15544
26311	172	234	150	14756	0	15312
26312	149	162	140	14673	0	15124
26313	157	13758	132	1055	0	15102
26314	138	743	13398	508	0	14787
26315	162	241	683	14368	0	15454
26316	157	191	13732	957	0	15037
26317	127	164	13279	416	0	13986
26318	152	108	722	13687	0	14669
26319	13511	99	273	867	0	14750
26320	668	107	186	13587	0	14548
26321	250	97	152	13732	0	14231
26322	169	13196	148	961	0	14474
26323	165	625	116	13615	0	14521
26324	128	211	110	14578	0	15027
26325	167	160	14386	1022	0	15735
26326	129	14539	655	507	0	15830
26327	128	647	223	15411	0	16409
26328	14882	226	174	911	0	16193
26329	649	173	14533	454	0	15809
26330	225	138	637	15048	0	16048
26331	162	139	249	15771	0	16321
26332	14999	129	161	1013	0	16302
26333	674	14724	152	536	0	16086
26334	14927	672	129	387	0	16115
26335	698	14879	134	377	0	16088
26336	251	711	106	15301	0	16369
26337	14966	243	130	908	0	16247
26338	705	193	13975	486	0	15359
26339	268	13837	659	377	0	15141
26340	178	14185	233	347	0	14943
26341	13138	701	130	352	0	14321
26342	627	248	127	13091	0	14093
26343	261	12511	131	778	0	13681
26344	175	13453	122	440	0	14190
26345	178	705	87	13475	0	14445
26346	155	273	108	13970	0	14506
26347	13144	189	96	965	0	14394
26348	634	12999	106	489	0	14228
26349	211	530	105	12153	0	12999
26350	184	215	11438	698	0	12535
26351	143	11474	483	375	0	12475
26352	141	533	11563	276	0	12513
26353	138	11525	489	271	0	12423
26354	118	460	136	11733	0	12447
26355	131	154	99	11527	0	11911
26356	112	10935	112	575	0	11734
26357	134	505	10899	264	0	11802
26358	9788	162	314	204	0	10468
26359	336	146	98	11019	0	11599
26360	124	102	93	11419	0	11738
26361	79	154	11133	564	0	11930
26362	78	128	361	11393	0	11960
26363	77	126	11213	554	0	11970
26364	67	120	383	11412	0	11982
26365	57	130	11693	584	0	12464
26366	44	11244	409	301	0	11998
26367	66	461	11625	258	0	12410
26368	48	136	390	12200	0	12774
26369	12054	129	115	592	0	12890
26370	405	10773	121	283	0	11582
26371	112	476	84	11252	0	11924
26372	88	193	9632	560	0	10473
26373	50	10473	453	258	0	11234
26374	47	486	148	11090	0	11771
26375	77	199	10768	543	0	11587
26376	22	8388	244	148	0	8802
26377	6814	169	69	80	0	7132
26378	5582	39	426	24	0	6071
26379	110	17	21	5610	0	5758
26380	5656	9	13	117	0	5795
26381	102	12	17	5579	0	5710
26382	25	20	11	5713	0	5769
26383	20	18	6111	120	0	6269
26384	12	12	93	6083	0	6200
26385	20	12	19	6345	0	6396
26386	6253	12	12	128	0	6405
26387	6084	4	9	52	0	6149
26388	112	5995	29	32	0	6168
26389	35	105	6104	23	0	6267
26390	16	23	95	6104	0	6238
26391	11	24	6077	123	0	6235
26392	5675	12	95	43	0	5825
26393	118	20	6056	24	0	6218
26394	38	13	96	5982	0	6129
26395	21	5960	59	117	0	6157
26396	23	101	21	6176	0	6321
26397	13	30	19	6210	0	6272
26398	15	23	6121	139	0	6298
26399	10	11	117	6109	0	6247
26400	6130	10	37	139	0	6316
26401	6069	6	37	54	0	6166
26402	6051	17	16	45	0	6129
26403	6167	12	25	33	0	6237
26404	126	5850	35	40	0	6051
26405	37	5932	41	30	0	6040
26406	29	122	17	6015	0	6183
26407	24	32	25	6184	0	6265
26408	32	5812	31	135	0	6010
26409	27	109	21	6173	0	6330
26410	27	40	16	6195	0	6278
26411	15	29	17	6186	0	6247
26412	15	26	14	6170	0	6225
26413	19	20	10	6253	0	6302
26414	6087	20	18	163	0	6288
26415	114	5785	26	85	0	6010
26416	48	111	5857	53	0	6069
26417	31	34	95	5935	0	6095
26418	29	19	26	6064	0	6138
26419	27	8	21	6183	0	6239
26420	6908	27	20	151	0	7106
26421	184	7165	41	73	0	7463
26422	40	239	26	7298	0	7603
26423	32	7540	29	265	0	7866
26424	39	279	15	7234	0	7567
26425	27	5988	28	286	0	6329
26426	27	278	7490	92	0	7887
26427	19	77	419	7737	0	8252
26428	28	60	10513	490	0	11091
26429	27	31	580	10715	0	11353
26430	33	47	140	12137	0	12357
26431	11599	41	118	807	0	12565
26432	11951	36	74	289	0	12350
26433	12231	31	59	200	0	12521
26434	12259	27	32	136	0	12454
26435	12295	25	57	80	0	12457
26436	926	26	38	11245	0	12235
26437	323	11291	59	676	0	12349
26438	238	638	30	11784	0	12690
26439	159	185	10822	840	0	12006
26440	11304	132	597	252	0	12285
26441	12027	79	122	191	0	12419
26442	878	48	122	11578	0	12626
26443	346	39	59	11846	0	12290
26444	229	11060	59	822	0	12170
26445	140	615	38	11833	0	12626
26446	88	172	48	12001	0	12309
26447	105	11164	56	871	0	12196
26448	108	658	48	11948	0	12762
26449	11489	165	75	886	0	12615
26450	741	145	10837	334	0	12057
26451	11217	77	612	270	0	12176
26452	837	74	10067	226	0	11204
26453	258	67	690	10469	0	11484
26454	201	82	183	10374	0	10840
26455	140	9910	144	834	0	11028
26456	149	12110	100	360	0	12719
26457	141	789	81	11925	0	12936
26458	164	310	11135	800	0	12409
26459	10603	166	582	234	0	11585
26460	634	70	176	11078	0	11958
26461	203	10523	169	697	0	11592
26462	168	600	87	10920	0	11775
26463	128	177	40	11314	0	11659
26464	106	10588	45	830	0	11569
26465	114	637	33	10647	0	11431
26466	149	200	9563	804	0	10716
26467	122	192	8868	293	0	9475
26468	99	110	510	9521	0	10240
26469	91	9560	219	588	0	10458
26470	55	504	153	10176	0	10888
26471	9959	178	75	701	0	10913
26472	10248	174	67	264	0	10753
26473	9360	86	83	236	0	9765
26474	686	8719	76	183	0	9664
26475	279	471	8735	163	0	9648
26476	9082	167	475	155	0	9879
26477	9532	164	155	171	0	10022
26478	611	8967	130	165	0	9873
26479	301	511	57	9237	0	10106
26480	9383	175	49	582	0	10189
26481	9613	180	67	232	0	10092
26482	9812	88	69	208	0	10177
26483	778	59	104	8764	0	9705
26484	8881	83	104	588	0	9656
26485	687	75	98	8822	0	9682
26486	273	80	93	9332	0	9778
26487	8803	84	75	776	0	9738
26488	650	86	66	8991	0	9793
26489	8806	84	76	764	0	9730
26490	739	59	90	8862	0	9750
26491	364	70	75	9376	0	9885
26492	8906	86	55	837	0	9884
26493	729	81	8502	478	0	9790
26494	407	81	450	9324	0	10262
26495	387	84	142	9678	0	10291
26496	332	71	139	9533	0	10075
26497	266	87	102	9835	0	10290
26498	240	80	81	9732	0	10133
26499	226	8879	102	897	0	10104
26500	182	508	99	9657	0	10446
26501	216	214	8720	857	0	10007
26502	230	205	483	9425	0	10343
26503	214	110	160	9739	0	10223
26504	227	85	124	9962	0	10398
26505	204	104	8851	983	0	10142
26506	160	132	8583	565	0	9440
26507	8859	124	565	450	0	9998
26508	9275	115	264	356	0	10010
26509	689	8728	181	313	0	9911
26510	382	536	124	7857	0	8899
26511	280	217	99	8377	0	8973
26512	206	173	124	8567	0	9070
26513	7825	98	132	933	0	8988
26514	8294	79	126	498	0	8997
26515	733	87	109	8057	0	8986
26516	332	117	100	8438	0	8987
26517	293	133	62	8516	0	9004
26518	156	133	67	8702	0	9058
26519	7774	133	72	1019	0	8998
26520	603	120	6807	573	0	8103
26521	241	6231	451	465	0	7388
26522	234	6985	177	343	0	7739
26523	6490	522	123	329	0	7464
26524	485	273	83	6736	0	7577
26525	194	214	6149	730	0	7287
26526	152	104	4605	302	0	5163
26527	92	4884	322	326	0	5624
26528	1244	82	16	50	0	1392
26529	88	29	1232	51	0	1400
26530	477	1	0	1	0	479
26531	0	0	0	512	0	512
26532	0	0	0	520	0	520
26533	0	490	1	1	0	492
26534	0	493	0	0	0	493
26535	519	0	0	0	0	519
26536	511	0	1	0	0	512
26537	0	497	0	1	0	498
26538	0	1	500	1	0	502
26539	0	1	478	0	0	479
26540	0	0	0	517	0	517
26541	521	0	0	0	0	521
26542	0	468	3	0	0	471
26543	0	0	0	526	0	526
26544	523	0	0	0	0	523
26545	0	0	0	1167	0	1167
26546	0	0	0	1646	0	1646
26547	1645	0	0	23	0	1668
26548	23	1514	2	7	0	1546
26549	3	1599	3	3	0	1608
26550	3	22	1592	1	0	1618
26551	1	5	23	1613	0	1642
26552	0	4	3	1630	0	1637
26553	0	3	1609	25	0	1637
26554	1426	0	26	9	0	1461
26555	1544	1	5	6	0	1556
26556	27	4	1626	1	0	1658
26557	1397	4	28	2	0	1431
26558	27	3	1570	1	0	1601
26559	4	1517	29	3	0	1553
26560	3	23	3	1973	0	2002
26561	1	4	3	2012	0	2020
26562	2001	3	1	26	0	2031
26563	1985	3	0	7	0	1995
26564	1953	0	0	4	0	1957
26565	1984	1	2	1	0	1988
26566	1983	0	0	1	0	1984
26567	30	7	1888	0	0	1925
26568	7	1851	25	3	0	1886
26569	5	22	3	1909	0	1939
26570	2	1895	8	19	0	1924
26571	0	1938	0	3	0	1941
26572	0	27	1	1976	0	2004
26573	0	5	0	2006	0	2011
26574	0	8	1941	27	0	1976
26575	1818	1	25	6	0	1850
26576	1980	3	2	6	0	1991
26577	27	1855	7	2	0	1891
26578	1997	23	2	1	0	2023
26579	2019	4	1	0	0	2024
26580	26	4	2	1960	0	1992
26581	8	4	1945	24	0	1981
26582	4	6	1889	4	0	1903
26583	1912	2	25	5	0	1944
26584	1971	1	7	3	0	1982
26585	26	1843	10	3	0	1882
26586	7	1891	3	5	0	1906
26587	4	24	2	1984	0	2014
26588	1985	6	0	23	0	2014
26589	25	9	1919	2	0	1955
26590	3	3	22	1957	0	1985
26591	1986	0	3	27	0	2016
26592	1980	2	3	4	0	1989
26593	26	2	1	1509	0	1538
26594	1523	0	1	26	0	1550
26595	28	8	1442	6	0	1484
26596	5	2	1478	3	0	1488
26597	4	1	26	1443	0	1474
26598	2	2	5	1512	0	1521
26599	1	0	4	1499	0	1504
26600	2	1428	3	29	0	1462
26601	1	1496	1	10	0	1508
26602	1	28	1	1515	0	1545
26603	2221	7	1	26	0	2255
26604	23	5	1	2920	0	2949
26605	4	3	2	2898	0	2907
26606	6	3833	8	30	0	3877
26607	1	4005	5	11	0	4022
26608	0	27	2	4169	0	4198
26609	2	8	0	4129	0	4139
26610	4218	5	0	28	0	4251
26611	24	4238	6	9	0	4277
26612	4519	27	2	6	0	4554
26613	34	10	0	4469	0	4513
26614	16	12	4387	31	0	4446
26615	13	10	4120	11	0	4154
26616	4791	2	37	9	0	4839
26617	30	2	15	4955	0	5002
26618	9	2	8	5285	0	5304
26619	6	2	1	5342	0	5351
26620	3	11	5224	45	0	5283
26621	3	2	27	5138	0	5170
26622	3	5023	19	36	0	5081
26623	1	26	6	6155	0	6188
26624	3	12	2	6075	0	6092
26625	3	5868	11	42	0	5924
26626	3	33	0	6185	0	6221
26627	6151	11	0	36	0	6198
26628	36	5785	13	13	0	5847
26629	6169	30	3	9	0	6211
26630	6093	10	5	420	0	6528
26631	41	7	4	7615	0	7667
26632	18	5	3	7417	0	7443
26633	9	6	0	7782	0	7797
26634	6	9	7482	51	0	7548
26635	0	7201	43	28	0	7272
26636	2	7506	25	12	0	7545
26637	7	44	5	7733	0	7789
26638	7722	20	7	37	0	7786
26639	33	10	2	7523	0	7568
26640	16	9	7626	43	0	7694
26641	13	7291	40	23	0	7367
26642	10	7622	36	18	0	7686
26643	8849	40	6	17	0	8912
26644	8829	20	12	8	0	8869
26645	52	8438	29	16	0	8535
26646	8427	14	5	10	0	8456
26647	23	24	7898	17	0	7962
26648	10	15	7561	24	0	7610
26649	8027	6	19	15	0	8067
26650	8266	5	18	7	0	8296
26651	22	3	5	8143	0	8173
26652	8345	13	4	16	0	8378
26653	20	20	7699	21	0	7760
26654	21	9	8058	12	0	8100
26655	12	20	55	8179	0	8266
26656	6	3	15	9250	0	9274
26657	13	3	19	10099	0	10134
26658	5	24	9	9705	0	9743
26659	15	5	4	10086	0	10110
26660	20	17	9503	253	0	9793
26661	6	12	146	9336	0	9500
26662	9700	5	33	252	0	9990
26663	169	3	40	9755	0	9967
26664	9743	0	27	256	0	10026
26665	201	8	20	9763	0	9992
26666	10549	11	14	261	0	10835
26667	10696	6	18	113	0	10833
26668	238	7	16	12077	0	12338
26669	107	4	15	12322	0	12448
26670	12225	5	17	263	0	12510
26671	13121	8	20	128	0	13277
26672	299	22	12838	111	0	13270
26673	166	10	213	12790	0	13179
26674	102	7	68	13492	0	13669
26675	13368	6	58	335	0	13767
26676	13361	5	37	174	0	13577
26677	323	4	35	13202	0	13564
26678	166	6	24	13419	0	13615
26679	122	2	19	13596	0	13739
26680	84	5	23	13403	0	13515
26681	77	12501	46	424	0	13048
26682	55	12947	26	231	0	13259
26683	42	280	24	13362	0	13708
26684	41	12889	43	348	0	13321
26685	42	269	10	13354	0	13675
26686	44	128	12630	372	0	13174
26687	52	128	11935	197	0	12312
26688	33	12295	283	186	0	12797
26689	26	247	115	13103	0	13491
26690	44	120	12767	344	0	13275
26691	35	85	263	12373	0	12756
26692	58	65	105	13235	0	13463
26693	12969	45	89	410	0	13513
26694	265	34	58	12906	0	13263
26695	99	50	12637	407	0	13193
26696	124	52	12025	226	0	12427
26697	98	11764	319	190	0	12371
26698	78	12617	162	155	0	13012
26699	12444	303	92	153	0	12992
26700	289	150	12561	144	0	13144
26701	132	98	264	12440	0	12934
26702	12700	70	103	339	0	13212
26703	12053	65	97	178	0	12393
26704	331	11122	101	146	0	11700
26705	166	272	54	11230	0	11722
26706	126	112	64	10655	0	10957
26707	101	101	55	10632	0	10889
26708	10387	66	49	452	0	10954
26709	289	88	9975	237	0	10589
26710	131	9646	263	232	0	10272
26711	103	252	101	10018	0	10474
26712	61	102	92	10342	0	10597
26713	67	111	9753	402	0	10333
26714	56	82	248	9237	0	9623
26715	47	63	93	10240	0	10443
26716	47	53	109	10665	0	10874
26717	40	41	81	10668	0	10830
26718	55	58	9868	476	0	10457
26719	58	50	270	9887	0	10265
26720	53	68	9820	445	0	10386
26721	55	9354	314	269	0	9992
26722	61	234	137	10082	0	10514
26723	68	90	95	9668	0	9921
26724	80	88	8960	461	0	9589
26725	76	8698	286	290	0	9350
26726	54	247	118	9429	0	9848
26727	69	117	8986	429	0	9601
26728	57	8698	286	257	0	9298
26729	66	299	114	9354	0	9833
26730	69	146	8680	378	0	9273
26731	48	109	287	7695	0	8139
26732	49	91	134	8130	0	8404
26733	56	63	111	8533	0	8763
26734	8194	60	98	471	0	8823
26735	257	7840	102	284	0	8483
26736	8173	272	64	251	0	8760
26737	297	117	7970	232	0	8616
26738	10401	84	264	214	0	10963
26739	10830	63	122	188	0	11203
26740	343	57	107	10632	0	11139
26741	10543	60	90	350	0	11043
26742	10791	62	76	203	0	11132
26743	10672	66	80	176	0	10994
26744	375	75	59	10364	0	10873
26745	197	54	55	9388	0	9694
26746	163	58	8812	372	0	9405
26747	133	72	8379	219	0	8803
26748	8413	42	294	207	0	8956
26749	289	33	150	8971	0	9443
26750	137	8798	124	315	0	9374
26751	9093	250	75	198	0	9616
26752	281	8721	96	175	0	9273
26753	123	8935	72	171	0	9301
26754	117	317	8516	157	0	9107
26755	79	108	10159	89	0	10435
26756	57	71	934	9964	0	11026
26757	37	53	10722	103	0	10915
26758	42	42	10136	77	0	10297
26759	10059	10	128	62	0	10259
26760	11874	17	70	48	0	12009
26761	120	14	44	11531	0	11709
26762	70	12	44	11553	0	11679
26763	64	12	11618	133	0	11827
26764	63	11024	97	94	0	11278
26765	39	63	52	11784	0	11938
26766	12070	43	35	136	0	12284
26767	151	552	38	13298	0	14039
26768	47	12270	55	160	0	12532
26769	44	177	12156	89	0	12466
26770	42	11997	164	72	0	12275
26771	11585	85	6	5	0	11681
26772	11383	15	2	5	0	11405
26773	90	8	5	11248	0	11351
26774	16	13	11290	92	0	11411
26775	17	25	10730	14	0	10786
26776	9	10911	111	10	0	11041
26777	9	99	20	10967	0	11095
26778	14	21	10	11471	0	11516
26779	15	20	11307	94	0	11436
26780	9	21	84	10809	0	10923
26781	9	10795	45	96	0	10945
26782	16	99	16	11399	0	11530
26783	14	21	13	11465	0	11513
26784	12	37	12258	118	0	12425
26785	7	16	98	11852	0	11973
26786	12130	24	33	106	0	12293
26787	100	25	11985	37	0	12147
26788	34	37	12233	34	0	12338
26789	20	11751	138	48	0	11957
26790	17	98	34	13402	0	13551
26791	10	46	34	14418	0	14508
26792	12	56	13990	252	0	14310
26793	13249	41	195	99	0	13584
26794	195	34	95	14362	0	14686
26795	96	44	14150	223	0	14513
26796	73	25	202	13809	0	14109
26797	46	35	14210	257	0	14548
26798	41	36	13823	124	0	14024
26799	25	13239	308	79	0	13651
26800	27	200	132	13684	0	14043
26801	12	13709	79	252	0	14052
26802	13962	201	91	135	0	14389
26803	200	109	13788	94	0	14191
26804	75	14478	267	92	0	14912
26805	44	231	96	15384	0	15755
26806	15161	104	63	265	0	15593
26807	192	14650	104	161	0	15107
26808	72	206	73	15231	0	15582
26809	67	103	81	15305	0	15556
26810	43	14981	96	303	0	15423
26811	14961	257	75	121	0	15414
26812	212	110	79	15281	0	15682
26813	87	79	55	17351	0	17572
26814	67	106	16564	425	0	17162
26815	33	16277	342	273	0	16925
26816	51	331	177	16276	0	16835
26817	53	191	107	17375	0	17726
26818	57	16922	94	540	0	17613
26819	38	388	82	17956	0	18464
26820	43	205	69	18015	0	18332
26821	53	121	87	18008	0	18269
26822	38	17696	115	622	0	18471
26823	17947	411	65	336	0	18759
26824	391	253	17575	235	0	18454
26825	16875	142	380	191	0	17588
26826	444	17550	238	143	0	18375
26827	230	423	121	18322	0	19096
26828	139	252	17732	473	0	18596
26829	91	153	406	18573	0	19223
26830	78	116	209	18899	0	19302
26831	57	99	118	19428	0	19702
26832	51	127	17985	705	0	18868
26833	58	17351	432	457	0	18298
26834	65	447	19184	263	0	19959
26835	82	18950	544	251	0	19827
26836	113	511	19382	202	0	20208
26837	64	282	509	19529	0	20384
26838	17161	182	302	548	0	18193
26839	408	17666	240	322	0	18636
26840	212	524	17705	263	0	18704
26841	143	17687	491	269	0	18590
26842	114	581	17648	238	0	18581
26843	61	307	530	16919	0	17817
26844	67	191	328	16777	0	17363
26845	53	16527	246	686	0	17512
26846	66	17887	203	406	0	18562
26847	17933	624	140	299	0	18996
26848	457	349	157	17998	0	18961
26849	242	270	17690	550	0	18752
26850	164	213	477	17807	0	18661
26851	117	200	17621	649	0	18587
26852	103	179	17441	423	0	18146
26853	83	146	670	17183	0	18082
26854	85	17039	422	660	0	18206
26855	15221	494	252	417	0	16384
26856	440	295	209	15362	0	16306
26857	226	255	198	15290	0	15969
26858	143	15345	189	719	0	16396
26859	15465	560	182	402	0	16609
26860	14818	337	124	333	0	15612
26861	601	233	180	14354	0	15368
26862	353	14331	178	616	0	15478
26863	228	16266	177	387	0	17058
26864	16192	675	170	310	0	17347
26865	492	404	15717	263	0	16876
26866	16130	279	426	222	0	17057
26867	14884	152	251	133	0	15420
26868	14978	116	149	158	0	15401
26869	576	14370	129	165	0	15240
26870	320	398	95	14868	0	15681
26871	14912	246	87	418	0	15663
26872	14923	163	80	271	0	15437
26873	525	14465	108	209	0	15307
26874	16499	393	89	160	0	17141
26875	498	259	75	16323	0	17155
26876	301	166	112	16404	0	16983
26877	168	15858	145	590	0	16761
26878	141	419	83	16573	0	17216
26879	125	281	89	16515	0	17010
26880	121	16307	95	687	0	17210
26881	125	421	80	16499	0	17125
26882	112	16515	94	536	0	17257
26883	16704	488	105	334	0	17631
26884	15329	325	97	224	0	15975
26885	543	15403	126	206	0	16278
26886	350	439	15078	197	0	16064
26887	239	980	339	14856	0	16414
26888	172	287	14884	411	0	15754
26889	166	14665	456	300	0	15587
26890	131	14358	237	209	0	14935
26891	13528	385	132	181	0	14226
26892	319	13633	136	128	0	14216
26893	252	382	86	13280	0	14000
26894	157	13389	111	313	0	13970
26895	143	13797	83	231	0	14254
26896	13726	439	60	186	0	14411
26897	295	301	63	14442	0	15101
26898	233	227	14047	332	0	14839
26899	174	188	13724	268	0	14354
26900	124	13901	378	217	0	14620
26901	14806	335	218	186	0	15545
26902	331	14643	186	139	0	15299
26903	228	396	94	15200	0	15918
26904	14160	271	90	358	0	14879
26905	353	235	78	14264	0	14930
26906	211	176	78	15172	0	15637
26907	175	14766	100	531	0	15572
26908	175	386	76	15447	0	16084
26909	143	322	14414	491	0	15370
26910	15397	242	313	309	0	16261
26911	476	16749	246	187	0	17658
26912	291	19924	171	218	0	20604
26913	18286	563	43	96	0	18988
26914	506	337	18065	76	0	18984
26915	18906	155	404	77	0	19542
26916	583	20290	213	100	0	21186
26917	220	21295	124	68	0	21707
26918	131	825	20184	74	0	21214
26919	84	21099	542	60	0	21785
26920	85	693	196	20713	0	21687
26921	77	305	92	20949	0	21423
26922	73	20406	71	748	0	21298
26923	81	640	46	21149	0	21916
26924	21082	290	39	710	0	22121
26925	644	218	20069	309	0	21240
26926	20657	133	556	163	0	21509
26927	21311	143	229	96	0	21779
26928	21547	143	101	110	0	21901
26929	928	138	20312	103	0	21481
26930	394	118	628	20664	0	21804
26931	209	190	20092	691	0	21182
26932	20223	125	672	303	0	21323
26933	20547	147	313	155	0	21162
26934	790	19301	164	89	0	20344
26935	353	614	82	18946	0	19995
26936	190	19202	107	592	0	20091
26937	174	723	19629	228	0	20754
26938	126	289	620	20635	0	21670
26939	20242	142	254	709	0	21347
26940	20615	101	129	310	0	21155
26941	919	115	88	18927	0	20049
26942	368	19017	138	650	0	20173
26943	238	621	19397	275	0	20531
26944	191	306	20173	143	0	20813
26945	19556	138	878	123	0	20695
26946	749	166	19469	118	0	20502
26947	353	19426	759	143	0	20681
26948	235	699	359	19859	0	21152
26949	219	317	20132	712	0	21380
26950	171	194	762	20372	0	21499
26951	141	225	19857	804	0	21027
26952	19481	129	797	367	0	20774
26953	767	132	371	19488	0	20758
26954	356	19044	252	760	0	20412
26955	206	20505	209	367	0	21287
26956	206	943	172	19385	0	20706
26957	187	379	145	20256	0	20967
26958	168	19381	188	983	0	20720
26959	175	818	19178	394	0	20565
26960	177	333	769	20046	0	21325
26961	202	228	19518	853	0	20801
26962	186	239	19271	407	0	20103
26963	18007	208	1005	251	0	19471
26964	811	18340	453	211	0	19815
26965	18823	794	278	243	0	20138
26966	859	414	239	17064	0	18576
26967	436	17508	217	789	0	18950
26968	264	862	219	17799	0	19144
26969	232	433	197	18156	0	19018
26970	224	17514	197	1086	0	19021
26971	227	901	17101	491	0	18720
26972	225	467	772	18025	0	19489
26973	17775	320	394	930	0	19419
26974	868	267	297	16844	0	18276
26975	445	264	248	17421	0	18378
26976	296	319	16841	1148	0	18604
26977	270	17418	811	612	0	19111
26978	243	868	435	17941	0	19487
26979	254	516	17433	960	0	19163
26980	283	356	17293	550	0	18482
26981	17133	298	1053	432	0	18916
26982	928	17448	511	377	0	19264
26983	17391	895	376	364	0	19026
26984	956	17223	326	371	0	18876
26985	542	17990	289	338	0	19159
26986	17605	1114	282	334	0	19335
26987	969	550	252	17130	0	18901
26988	519	17197	326	970	0	19012
26989	376	931	288	17941	0	19536
26990	17765	456	275	1071	0	19567
26991	1002	338	16874	614	0	18828
26992	546	338	17309	402	0	18595
26993	17090	279	1086	358	0	18813
26994	984	17169	560	363	0	19076
26995	548	856	16901	321	0	18626
26996	383	17259	974	338	0	18954
26997	342	932	506	16775	0	18555
26998	361	521	16386	952	0	18220
26999	277	357	953	17173	0	18760
27000	283	334	16484	1055	0	18156
27001	15953	322	978	550	0	17803
27002	875	16219	520	457	0	18071
27003	16335	878	387	355	0	17955
27004	888	547	370	14082	0	15887
27005	498	16677	335	828	0	18338
27006	15842	858	314	456	0	17470
27007	16357	404	343	341	0	17445
27008	1005	300	15389	371	0	17065
27009	486	302	15718	336	0	16842
27010	13271	243	843	223	0	14580
27011	666	14763	397	240	0	16066
27012	212	12718	233	181	0	13344
27013	968	558	194	11902	0	13622
27014	151	251	11417	504	0	12323
27015	134	10505	397	194	0	11230
27016	103	9837	175	146	0	10261
27017	44	232	62	7793	0	8131
27018	7834	91	49	205	0	8179
27019	7890	77	52	89	0	8108
27020	7920	67	45	90	0	8122
27021	235	66	7488	70	0	7859
27022	7575	56	183	61	0	7875
27023	7748	49	89	55	0	7941
27024	7908	70	65	51	0	8094
27025	232	61	66	7596	0	7955
27026	115	7453	80	183	0	7831
27027	7736	202	48	80	0	8066
27028	212	7598	52	71	0	7933
27029	67	143	26	7022	0	7258
27030	54	70	6804	138	0	7066
27031	56	55	128	6752	0	6991
27032	55	40	45	6961	0	7101
27033	59	67	7762	142	0	8030
27034	50	7445	140	78	0	7713
27035	50	152	44	7661	0	7907
27036	7655	54	53	150	0	7912
27037	141	6502	25	38	0	6706
27038	6686	137	19	34	0	6876
27039	169	39	14	6503	0	6725
27040	43	6473	26	143	0	6685
27041	6551	156	12	41	0	6760
27042	148	6433	36	35	0	6652
27043	67	175	6414	28	0	6684
27044	5755	42	111	23	0	5931
27045	6036	26	47	17	0	6126
27046	127	6937	42	20	0	7126
27047	56	136	6770	24	0	6986
27048	34	6852	122	19	0	7027
27049	26	132	33	5970	0	6161
27050	24	36	28	6803	0	6891
27051	23	49	10	6855	0	6937
27052	16	6624	21	108	0	6769
27053	31	84	18	6883	0	7016
27054	43	36	11	6981	0	7071
27055	6886	53	14	93	0	7046
27056	113	21	15	6852	0	7001
27057	53	31	18	6363	0	6465
27058	6305	32	15	96	0	6448
27059	138	5961	18	40	0	6157
27060	6355	97	14	39	0	6505
27061	6348	36	15	32	0	6431
27062	6307	41	14	19	0	6381
27063	130	42	17	6148	0	6337
27064	43	34	25	6325	0	6427
27065	47	40	6001	118	0	6206
27066	43	60	5658	58	0	5819
27067	40	57	5880	51	0	6028
27068	5569	28	113	63	0	5773
27069	91	55	5977	46	0	6169
27070	39	5834	101	77	0	6051
27071	48	105	20	6109	0	6282
27072	45	57	32	5988	0	6122
27073	60	5995	20	111	0	6186
27074	69	111	5963	74	0	6217
27075	58	5857	106	57	0	6078
27076	4877	123	38	32	0	5070
27077	140	68	4819	39	0	5066
27078	55	4665	108	57	0	4885
27079	64	129	4898	41	0	5132
27080	73	42	102	4883	0	5100
27081	61	67	4885	108	0	5121
27082	59	50	112	4691	0	4912
27083	4948	46	47	112	0	5153
27084	126	51	4801	64	0	5042
27085	60	4694	109	81	0	4944
27086	4969	99	41	70	0	5179
27087	107	62	4789	54	0	5012
27088	48	68	4791	47	0	4954
27089	63	37	110	4779	0	4989
27090	52	50	4797	135	0	5034
27091	4648	44	109	54	0	4855
27092	100	4572	40	96	0	4808
27093	43	116	27	4807	0	4993
27094	62	4688	55	109	0	4914
27095	4897	148	36	71	0	5152
27096	128	61	4722	77	0	4988
27097	85	47	4667	49	0	4848
27098	62	69	117	4744	0	4992
27099	76	38	54	4865	0	5033
27100	55	40	56	4895	0	5046
27101	52	62	59	4931	0	5104
27102	60	39	4739	154	0	4992
27103	51	5119	135	86	0	5391
27104	68	131	71	5444	0	5714
27105	34	34	4601	64	0	4733
27106	28	4374	82	20	0	4504
27107	4635	75	20	28	0	4758
27108	85	22	44	4565	0	4716
27109	4636	33	32	75	0	4776
27110	64	4539	40	38	0	4681
27111	2852	72	28	42	0	2994
27112	86	23	2769	32	0	2910
27113	31	31	61	2713	0	2836
27114	22	2783	21	78	0	2904
27115	13	94	2723	36	0	2866
27116	23	2748	69	41	0	2881
27117	16	80	34	2577	0	2707
27118	2835	14	29	91	0	2969
27119	73	2785	19	54	0	2931
27120	2858	75	17	55	0	3005
27121	87	31	2756	44	0	2918
27122	35	29	2774	31	0	2869
27123	3632	20	85	17	0	3754
27124	82	26	30	3605	0	3743
27125	33	12	29	3651	0	3725
27126	34	17	5082	88	0	5221
27127	27	24	4847	31	0	4929
27128	21	4860	94	31	0	5006
27129	5230	66	36	27	0	5359
27130	5159	11	38	22	0	5230
27131	81	4898	37	23	0	5039
27132	39	81	1158	4103	0	5381
27133	5269	0	0	3	0	5272
27134	0	0	0	5179	0	5179
27135	5272	0	0	0	0	5272
27136	5666	0	0	1	0	5667
27137	6790	1	2	3	0	6796
27138	0	1	0	6833	0	6834
27139	0	0	0	6876	0	6876
27140	6943	1	0	0	0	6944
27141	6648	0	3	1	0	6652
27142	6832	0	0	2	0	6834
27143	0	6424	9	3	0	6436
27144	6968	0	0	1	0	6969
27145	0	6620	8	4	0	6632
27146	5758	0	0	1	0	5759
27147	4	5	5666	1	0	5676
27148	4927	1	7	2	0	4937
27149	0	5398	9	1	0	5408
27150	0	5467	13	1	0	5481
27151	5883	0	0	1	0	5884
27152	0	4	0	5681	0	5685
27153	1	0	1	5714	0	5716
27154	0	5478	15	3	0	5496
27155	0	5567	9	2	0	5578
27156	6232	1	0	0	0	6233
27157	3	1	6116	1	0	6121
27158	1	0	1	5983	0	5985
27159	6278	0	0	1	0	6279
27160	3	3	6039	0	0	6045
27161	0	7173	21	2	0	7196
27162	7699	205	0	2	0	7906
27163	203	22	7494	2	0	7721
27164	23	23	206	7613	0	7865
27165	27	7	7851	255	0	8140
27166	7255	5	260	41	0	7561
27167	237	7603	52	42	0	7934
27168	8175	258	39	17	0	8489
27169	8256	34	17	3	0	8310
27170	305	40	3	8021	0	8369
27171	8639	19	4	264	0	8926
27172	304	6	4	8473	0	8787
27173	49	6	4	8736	0	8795
27174	50	22	8271	316	0	8659
27175	26	8278	226	80	0	8610
27176	3	247	32	8892	0	9174
27177	7	38	32	9052	0	9129
27178	2	36	16	9040	0	9094
27179	5	25	8692	333	0	9055
27180	2	8175	251	103	0	8531
27181	6	249	31	8937	0	9223
27182	5	38	38	9156	0	9237
27183	7	46	8715	306	0	9074
27184	4	23	243	8513	0	8783
27185	8860	7	46	325	0	9238
27186	246	8391	47	69	0	8753
27187	8871	258	23	54	0	9206
27188	306	45	8689	26	0	9066
27189	62	40	248	8675	0	9025
27190	8939	21	37	277	0	9274
27191	8799	6	43	50	0	8898
27192	303	15	8659	48	0	9025
27193	86	11	244	8736	0	9077
27194	65	18	8849	275	0	9207
27195	8284	5	270	56	0	8615
27196	249	8730	76	55	0	9110
27197	9151	259	48	35	0	9493
27198	9355	45	32	14	0	9446
27199	294	9103	32	27	0	9456
27200	9511	278	17	18	0	9824
27201	340	62	8973	21	0	9396
27202	9117	63	245	15	0	9440
27203	331	51	36	8785	0	9203
27204	96	29	8648	285	0	9058
27205	76	22	280	8638	0	9016
27206	51	13	70	8894	0	9028
27207	29	15	76	8959	0	9079
27208	50	8414	62	335	0	8861
27209	8841	292	26	120	0	9279
27210	313	64	31	8786	0	9194
27211	98	8449	43	301	0	8891
27212	95	295	22	8709	0	9121
27213	83	8912	26	327	0	9348
27214	72	328	9276	115	0	9791
27215	52	83	276	9106	0	9517
27216	44	79	71	9792	0	9986
27217	45	70	9449	353	0	9917
27218	8177	54	297	176	0	8704
27219	278	8661	84	700	0	9723
27220	76	278	89	9664	0	10107
27221	73	81	60	9629	0	9843
27222	64	96	39	9588	0	9787
27223	56	8658	57	381	0	9152
27224	8774	294	57	204	0	9329
27225	323	64	8804	144	0	9335
27226	104	83	7335	128	0	7650
27227	94	73	298	7351	0	7816
27228	94	41	118	7864	0	8117
27229	7681	43	113	378	0	8215
27230	300	7186	91	180	0	7757
27231	113	297	72	7748	0	8230
27232	7707	82	53	374	0	8216
27233	346	79	56	6657	0	7138
27234	6751	51	75	386	0	7263
27235	390	53	6317	147	0	6907
27236	130	5854	304	145	0	6433
27237	5787	309	91	83	0	6270
27238	371	89	5585	89	0	6134
27239	5602	70	308	110	0	6090
27240	409	79	5453	73	0	6014
27241	5624	63	322	91	0	6100
27242	406	51	88	5640	0	6185
27243	5776	50	118	324	0	6268
27244	402	41	73	5683	0	6199
27245	141	49	63	6013	0	6266
27246	5718	39	74	409	0	6240
27247	352	5362	52	207	0	5973
27248	94	288	63	5830	0	6275
27249	5755	92	57	378	0	6282
27250	6222	104	35	149	0	6510
27251	385	64	53	5923	0	6425
27252	161	53	39	6248	0	6501
27253	6015	74	41	390	0	6520
27254	368	56	38	6012	0	6474
27255	119	76	44	6266	0	6505
27256	5630	71	55	396	0	6152
27257	348	45	49	5666	0	6108
27258	92	38	5294	445	0	5869
27259	5154	55	290	176	0	5675
27260	383	66	5414	134	0	5997
27261	33	21	4400	42	0	4496
27262	4349	8	82	21	0	4460
27263	82	4669	63	23	0	4837
27264	4	3	9	5388	0	5404
27265	4	3	1	5737	0	5745
27266	5	4	1	5770	0	5780
27267	4	4	1	5819	0	5828
27268	6779	2	2	55	0	6838
27269	6716	4	1	10	0	6731
27270	6683	1	2	14	0	6700
27271	54	15	8371	5	0	8445
27272	10	3	141	9031	0	9185
27273	9	5	93	10030	0	10137
27274	11	8	37	9738	0	9794
27275	9	9560	49	419	0	10037
27276	7	10321	37	211	0	10576
27277	10237	399	19	113	0	10768
27278	272	200	9	10408	0	10889
27279	141	92	10	11077	0	11320
27280	69	68	3	11456	0	11596
27281	41	74	10463	574	0	11152
27282	37	67	10224	300	0	10628
27283	10347	49	443	186	0	11025
27284	11013	36	199	133	0	11381
27285	497	28	97	10584	0	11206
27286	233	10596	74	393	0	11296
27287	129	338	60	10827	0	11354
27288	87	159	47	11251	0	11544
27289	78	91	10498	563	0	11230
27290	11765	47	356	306	0	12474
27291	414	44	173	12795	0	13426
27292	202	32	99	13122	0	13455
27293	12569	30	78	655	0	13332
27294	428	12220	74	365	0	13087
27295	12703	374	47	268	0	13392
27296	488	209	40	12515	0	13252
27297	248	11981	46	497	0	12772
27298	12318	453	22	276	0	13069
27299	462	242	24	12449	0	13177
27300	12375	125	18	528	0	13046
27301	12315	89	25	330	0	12759
27302	12260	87	34	231	0	12612
27303	690	11662	66	173	0	12591
27304	354	12124	79	148	0	12705
27305	271	541	50	11943	0	12805
27306	212	12044	34	464	0	12754
27307	12341	511	26	262	0	13140
27308	509	284	23	12315	0	13131
27309	12389	190	20	512	0	13111
27310	12560	125	25	320	0	13030
27311	639	124	37	12180	0	12980
27312	379	110	38	13197	0	13724
27313	12420	75	27	716	0	13238
27314	12021	94	28	400	0	12543
27315	13218	72	46	279	0	13615
27316	13336	100	19	247	0	13702
27317	14165	89	24	236	0	14514
27318	901	100	16	13889	0	14906
27319	480	111	21	14247	0	14859
27320	351	129	18	14693	0	15191
27321	14070	96	21	884	0	15071
27322	762	76	23	13856	0	14717
27323	453	13522	40	790	0	14805
27324	345	531	34	14297	0	15207
27325	14039	246	57	822	0	15164
27326	14349	182	61	461	0	15053
27327	863	152	13308	356	0	14679
27328	496	126	478	13016	0	14116
27329	363	13415	203	681	0	14662
27330	13732	572	112	403	0	14819
27331	719	13800	58	363	0	14940
27332	398	630	57	13991	0	15076
27333	13994	272	67	765	0	15098
27334	14054	205	64	438	0	14761
27335	888	13584	81	345	0	14898
27336	555	573	36	13929	0	15093
27337	417	283	13019	723	0	14442
27338	13056	214	487	406	0	14163
27339	830	192	13186	299	0	14507
27340	13573	148	561	302	0	14584
27341	14029	150	228	295	0	14702
27342	942	137	150	13562	0	14791
27343	13882	150	84	747	0	14863
27344	14091	154	81	432	0	14758
27345	14200	151	72	311	0	14734
27346	1101	140	50	13534	0	14825
27347	13886	122	78	728	0	14814
27348	959	122	61	13654	0	14796
27349	528	140	92	13788	0	14548
27350	401	12941	104	930	0	14376
27351	424	594	91	12680	0	13789
27352	404	13037	76	766	0	14283
27353	13174	664	39	463	0	14340
27354	13534	296	34	403	0	14267
27355	1002	222	27	13111	0	14362
27356	587	168	28	13689	0	14472
27357	13435	152	56	964	0	14607
27358	893	152	12553	559	0	14157
27359	13336	125	521	390	0	14372
27360	958	115	216	13264	0	14553
27361	614	113	11866	802	0	13395
27362	12121	116	522	473	0	13232
27363	12627	103	245	380	0	13355
27364	1038	107	10847	380	0	12372
27365	11927	117	498	314	0	12856
27366	923	88	11144	355	0	12510
27367	635	11267	553	306	0	12761
27368	10780	484	265	335	0	11864
27369	10768	252	212	277	0	11509
27370	1011	10209	134	288	0	11642
27371	438	8437	92	197	0	9164
27372	7985	341	61	156	0	8543
27373	7225	98	45	93	0	7461
27374	366	85	44	7040	0	7535
27375	188	60	5947	267	0	6462
27376	154	57	5915	116	0	6242
27377	6203	68	220	111	0	6602
27378	322	58	6039	108	0	6527
27379	5801	56	216	49	0	6122
27380	305	52	45	5686	0	6088
27381	150	51	54	5895	0	6150
27382	153	41	5921	248	0	6363
27383	6105	35	175	102	0	6417
27384	261	35	65	6220	0	6581
27385	129	37	76	6380	0	6622
27386	6276	28	51	245	0	6600
27387	6214	29	64	121	0	6428
27388	6122	40	57	113	0	6332
27389	333	6208	48	85	0	6674
27390	135	135	4535	73	0	4878
27391	4682	34	131	72	0	4919
27392	4891	53	31	69	0	5044
27393	223	4186	54	51	0	4514
27394	4423	136	32	61	0	4652
27395	208	35	31	4368	0	4642
27396	90	54	4183	170	0	4497
27397	4299	35	114	74	0	4522
27398	4460	40	31	87	0	4618
27399	4465	39	25	48	0	4577
27400	4445	53	35	42	0	4575
27401	224	35	19	4303	0	4581
27402	112	26	25	4452	0	4615
27403	4426	16	39	182	0	4663
27404	197	18	48	4354	0	4617
27405	112	10	42	4364	0	4528
27406	102	4758	64	159	0	5083
27407	106	180	44	4990	0	5320
27408	94	20	47	5160	0	5321
27409	101	36	34	5162	0	5333
27410	95	19	35	5497	0	5646
27411	108	5254	44	256	0	5662
27412	91	200	45	4923	0	5259
27413	91	57	26	5179	0	5353
27414	68	57	4832	297	0	5254
27415	39	31	4276	76	0	4422
27416	34	4422	160	65	0	4681
27417	4038	126	22	17	0	4203
27418	234	3780	15	15	0	4044
27419	69	271	7	3903	0	4250
27420	24	106	4985	283	0	5398
27421	4970	38	274	97	0	5379
27422	278	14	90	5242	0	5624
27423	5164	16	33	307	0	5520
27424	5302	5	10	109	0	5426
27425	346	5037	22	44	0	5449
27426	5139	289	10	29	0	5467
27427	276	5779	26	21	0	6102
27428	91	310	8	5782	0	6191
27429	35	5795	20	272	0	6122
27430	30	326	5529	85	0	5970
27431	24	5776	271	36	0	6107
27432	14	335	84	5885	0	6318
27433	5709	105	35	309	0	6158
27434	239	5777	29	106	0	6151
27435	102	307	14	6639	0	7062
27436	46	140	21	6948	0	7155
27437	40	67	6473	423	0	7003
27438	33	46	309	6647	0	7035
27439	42	43	6512	365	0	6962
27440	6527	34	328	144	0	7033
27441	349	62	6733	72	0	7216
27442	153	6673	317	56	0	7199
27443	66	362	99	6737	0	7264
27444	47	140	62	6909	0	7158
27445	45	100	22	7259	0	7426
27446	6935	51	48	445	0	7479
27447	336	59	28	6811	0	7234
27448	121	6763	64	357	0	7305
27449	6782	348	31	140	0	7301
27450	315	6843	35	107	0	7300
27451	142	364	30	6942	0	7478
27452	6887	153	18	377	0	7435
27453	324	6548	58	190	0	7120
27454	130	7437	51	141	0	7759
27455	7483	437	63	79	0	8062
27456	7770	161	50	114	0	8095
27457	449	94	7295	91	0	7929
27458	7510	57	344	81	0	7992
27459	399	81	7616	85	0	8181
27460	175	75	348	7687	0	8285
27461	110	81	7678	414	0	8283
27462	68	63	359	7807	0	8297
27463	83	70	8011	447	0	8611
27464	74	76	358	7997	0	8505
27465	83	62	134	8748	0	9027
27466	8460	90	86	461	0	9097
27467	384	80	8205	206	0	8875
27468	8066	86	344	123	0	8619
27469	405	76	8287	132	0	8900
27470	178	85	8338	101	0	8702
27471	115	93	399	8154	0	8761
27472	8134	75	162	422	0	8793
27473	389	8366	119	191	0	9065
27474	8721	365	89	118	0	9293
27475	8797	150	93	109	0	9149
27476	465	8486	101	95	0	9147
27477	8753	352	101	86	0	9292
27478	399	177	10288	127	0	10991
27479	188	109	375	10511	0	11183
27480	10716	61	184	417	0	11378
27481	393	10304	132	230	0	11059
27482	208	345	97	10240	0	10890
27483	142	162	87	10477	0	10868
27484	136	99	99	10532	0	10866
27485	120	89	110	10695	0	11014
27486	10385	65	99	543	0	11092
27487	11449	83	96	251	0	11879
27488	11560	81	92	181	0	11914
27489	11358	77	83	146	0	11664
27490	574	111	11723	129	0	12537
27491	11537	120	353	114	0	12124
27492	12319	105	152	106	0	12682
27493	554	11589	131	98	0	12372
27494	243	12183	108	98	0	12632
27495	172	481	99	11957	0	12709
27496	139	214	97	12680	0	13130
27497	126	149	12221	545	0	13041
27498	149	12350	360	274	0	13133
27499	129	397	154	12842	0	13522
27500	117	12553	122	432	0	13224
27501	119	392	63	14030	0	14604
27502	126	161	90	14077	0	14454
27503	143	14570	108	552	0	15373
27504	126	396	113	16098	0	16733
27505	168	205	15582	541	0	16496
27506	133	114	14920	254	0	15421
27507	14217	81	512	184	0	14994
27508	15545	72	237	151	0	16005
27509	542	14962	153	149	0	15806
27510	15394	368	65	114	0	15941
27511	465	199	65	14933	0	15662
27512	15110	142	54	411	0	15717
27513	426	14374	87	261	0	15148
27514	647	411	14019	170	0	15247
27515	13627	152	158	100	0	14037
27516	321	125	13987	95	0	14528
27517	96	72	13267	34	0	13469
27518	81	57	13246	34	0	13418
27519	53	12976	208	66	0	13303
27520	12666	111	85	45	0	12907
27521	12545	64	73	36	0	12718
27522	170	57	51	12369	0	12647
27523	121	31	39	12305	0	12496
27524	75	12086	57	144	0	12362
27525	13065	106	45	93	0	13309
27526	151	12466	79	79	0	12775
27527	81	11978	79	54	0	12192
27528	12472	155	36	48	0	12711
27529	164	96	47	12242	0	12549
27530	99	81	33	12192	0	12405
27531	88	55	34	12413	0	12590
27532	76	12052	49	215	0	12392
27533	12442	121	47	119	0	12729
27534	154	94	37	12289	0	12574
27535	81	11170	57	129	0	11437
27536	77	11452	37	85	0	11651
27537	58	165	23	11544	0	11790
27538	55	11370	48	142	0	11615
27539	35	146	23	11671	0	11875
27540	11156	89	18	130	0	11393
27541	121	72	10685	88	0	10966
27542	75	10777	115	69	0	11036
27543	63	121	49	11256	0	11489
27544	53	78	10923	126	0	11180
27545	10439	61	111	72	0	10683
27546	110	46	72	11206	0	11434
27547	11818	57	42	140	0	12057
27548	11716	51	36	74	0	11877
27549	166	12536	65	61	0	12828
27550	13297	95	15	76	0	13483
27551	13034	71	29	53	0	13187
27552	13081	55	21	51	0	13208
27553	192	52	23	12688	0	12955
27554	108	66	33	12293	0	12500
27555	104	39	18	12567	0	12728
27556	85	54	12323	171	0	12633
27557	52	11829	126	124	0	12131
27558	12441	99	49	89	0	12678
27559	104	12707	67	88	0	12966
27560	74	129	33	13207	0	13443
27561	99	81	12865	115	0	13160
27562	11442	77	117	91	0	11727
27563	141	12366	76	63	0	12646
27564	64	121	36	12663	0	12884
27565	56	69	40	11918	0	12083
27566	61	75	11597	156	0	11889
27567	43	11222	124	127	0	11516
27568	62	116	51	11831	0	12060
27569	53	75	42	11813	0	11983
27570	49	83	29	11884	0	12045
27571	11682	41	44	192	0	11959
27572	128	73	11527	109	0	11837
27573	101	10808	123	116	0	11148
27574	11382	114	74	92	0	11662
27575	153	11085	67	79	0	11384
27576	95	132	46	11190	0	11463
27577	80	11024	59	121	0	11284
27578	9635	164	16	83	0	9898
27579	9599	104	35	68	0	9806
27580	173	88	19	9459	0	9739
27581	105	56	30	9573	0	9764
27582	99	46	41	10117	0	10303
27583	73	67	10718	200	0	11058
27584	54	11061	157	135	0	11407
27585	64	157	65	14985	0	15271
27586	57	78	69	15238	0	15442
27587	58	76	49	15407	0	15590
27588	55	65	35	16536	0	16691
27589	73	116	15198	645	0	16032
27590	69	16338	390	355	0	17152
27591	55	481	191	16894	0	17621
27592	52	257	72	17718	0	18099
27593	58	174	17228	769	0	18229
27594	57	126	482	17439	0	18104
27595	48	17155	256	685	0	18144
27596	39	17775	154	379	0	18347
27597	34	722	76	17852	0	18684
27598	51	371	16482	666	0	17570
27599	15815	174	499	402	0	16890
27600	470	16596	284	279	0	17629
27601	231	539	15693	202	0	16665
27602	123	321	15295	163	0	15902
27603	72	14856	680	174	0	15782
27604	42	489	14334	123	0	14988
27605	31	630	541	14141	0	15343
27606	14241	141	260	480	0	15122
27607	14366	85	148	281	0	14880
27608	14842	63	124	152	0	15181
27609	14903	84	84	111	0	15182
27610	692	14566	84	114	0	15456
27611	14683	481	75	96	0	15335
27612	550	14594	94	109	0	15347
27613	310	551	13912	95	0	14868
27614	152	296	454	13855	0	14757
27615	130	14640	237	445	0	15452
27616	79	530	127	14992	0	15728
27617	14383	272	118	535	0	15308
27618	472	161	91	14252	0	14976
27619	245	14592	93	526	0	15456
27620	14910	467	98	311	0	15786
27621	541	305	14225	179	0	15250
27622	297	162	468	14536	0	15463
27623	178	110	250	14785	0	15323
27624	14484	121	130	675	0	15410
27625	508	14051	127	360	0	15046
27626	290	535	13787	229	0	14841
27627	191	282	481	14272	0	15226
27628	148	201	13876	563	0	14788
27629	98	13516	540	381	0	14535
27630	113	14422	304	254	0	15093
27631	14439	684	137	218	0	15478
27632	504	363	13911	221	0	14999
27633	15045	224	529	192	0	15990
27634	578	170	313	14400	0	15461
27635	305	14876	227	541	0	15949
27636	15201	524	177	339	0	16241
27637	562	336	14544	268	0	15710
27638	338	203	521	14961	0	16023
27639	191	169	301	15147	0	15808
27640	191	170	181	15018	0	15560
27641	147	15843	159	797	0	16946
27642	15711	533	152	455	0	16851
27643	533	15738	166	305	0	16742
27644	314	16263	182	245	0	17004
27645	205	782	144	16360	0	17491
27646	16169	464	176	608	0	17417
27647	15549	297	175	394	0	16415
27648	15639	234	184	298	0	16355
27649	792	14134	180	270	0	15376
27650	430	594	150	15295	0	16469
27651	292	425	14693	632	0	16042
27652	312	223	535	15038	0	16108
27653	228	232	329	15527	0	16316
27654	252	15766	181	864	0	17063
27655	15913	634	177	499	0	17223
27656	665	415	134	15561	0	16775
27657	411	15855	172	708	0	17146
27658	16071	693	186	452	0	17402
27659	683	468	14329	364	0	15844
27660	14674	346	577	270	0	15867
27661	726	14854	346	289	0	16215
27662	15241	684	219	241	0	16385
27663	15587	457	202	214	0	16460
27664	928	347	15329	224	0	16828
27665	15820	293	603	190	0	16906
27666	867	208	15563	241	0	16879
27667	544	246	15733	200	0	16723
27668	15630	204	797	197	0	16828
27669	16176	195	445	226	0	17042
27670	968	256	15433	187	0	16844
27671	567	181	679	15336	0	16763
27672	362	225	409	15282	0	16278
27673	317	15437	273	812	0	16839
27674	15587	630	225	456	0	16898
27675	16270	442	170	325	0	17207
27676	1020	348	15822	229	0	17419
27677	16396	267	596	213	0	17472
27678	16708	249	350	218	0	17525
27679	1035	16123	237	186	0	17581
27680	605	658	226	16169	0	17658
27681	485	411	210	16691	0	17797
27682	379	260	214	16703	0	17556
27683	14775	204	181	869	0	16029
27684	738	14121	158	520	0	15537
27685	290	334	74	10674	0	11372
27686	204	10528	132	408	0	11272
27687	139	1081	84	8769	0	10073
27688	104	8469	87	240	0	8900
27689	119	8712	92	140	0	9063
27690	7052	110	44	40	0	7246
27691	6653	42	23	35	0	6753
27692	136	37	43	6824	0	7040
27693	72	31	26	6277	0	6406
27694	62	26	14	6405	0	6507
27695	47	41	22	6366	0	6476
27696	55	26	31	6301	0	6413
27697	82	5949	30	164	0	6225
27698	58	114	33	6295	0	6500
27699	61	56	20	6382	0	6519
27700	6184	45	12	167	0	6408
27701	127	48	19	6223	0	6417
27702	59	34	7	6385	0	6485
27703	65	36	6083	194	0	6378
27704	49	45	100	5643	0	5837
27705	61	30	39	5932	0	6062
27706	49	59	6398	164	0	6670
27707	38	6093	114	132	0	6377
27708	17	118	6575	56	0	6766
27709	102	56	6450	55	0	6663
27710	32	6048	186	38	0	6304
27711	6713	141	65	34	0	6953
27712	6803	58	32	37	0	6930
27713	194	36	19	6585	0	6834
27714	6674	12	15	187	0	6888
27715	161	16	6504	123	0	6804
27716	68	12	119	6552	0	6751
27717	44	30	6533	189	0	6796
27718	21	12	144	6548	0	6725
27719	15	34	59	6656	0	6764
27720	28	24	33	6854	0	6939
27721	6636	14	18	267	0	6935
27722	160	33	24	6721	0	6938
27723	6705	21	33	211	0	6970
27724	6697	15	31	144	0	6887
27725	182	6373	73	91	0	6719
27726	6716	129	37	61	0	6943
27727	171	7104	49	64	0	7388
27728	85	152	53	7182	0	7472
27729	66	95	39	7176	0	7376
27730	65	54	45	7333	0	7497
27731	63	35	6984	213	0	7295
27732	54	6654	167	127	0	7002
27733	75	138	70	6194	0	6477
27734	71	57	63	6345	0	6536
27735	38	6345	62	188	0	6633
27736	6644	133	34	102	0	6913
27737	168	6438	63	61	0	6730
27738	6564	143	47	81	0	6835
27739	167	6393	46	97	0	6703
27740	78	157	14	6394	0	6643
27741	75	5581	12	183	0	5851
27742	5745	157	9	124	0	6035
27743	5805	60	11	74	0	5950
27744	5813	48	26	66	0	5953
27745	5799	31	18	64	0	5912
27746	257	34	5446	51	0	5788
27747	5544	75	122	56	0	5797
27748	5726	34	54	85	0	5899
27749	5706	49	29	96	0	5880
27750	208	38	4831	108	0	5185
27751	4881	28	135	97	0	5141
27752	185	4882	67	88	0	5222
27753	4383	77	15	32	0	4507
27754	116	51	5606	32	0	5805
27755	5706	18	81	35	0	5840
27756	5873	18	35	35	0	5961
27757	121	23	17	5761	0	5922
27758	59	27	5846	104	0	6036
27759	5831	11	75	71	0	5988
27760	102	7	30	7047	0	7186
27761	62	16	25	7177	0	7280
27762	35	18	7130	136	0	7319
27763	6360	15	99	76	0	6550
27764	6594	7	50	39	0	6690
27765	126	6291	33	38	0	6488
27766	71	706	19	6913	0	7709
27767	44	43	16	8800	0	8903
27768	28	29	28	8729	0	8814
27769	21	8447	57	124	0	8649
27770	8943	85	19	60	0	9107
27771	105	47	13	8875	0	9040
27772	59	26	16	8955	0	9056
27773	8973	9	10	132	0	9124
27774	8746	8	8	66	0	8828
27775	133	18	17	8772	0	8940
27776	59	16	26	8214	0	8315
27777	43	27	7882	138	0	8090
27778	7156	16	96	76	0	7344
27779	93	7733	56	54	0	7936
27780	54	81	16	8847	0	8998
27781	42	47	6	9597	0	9692
27782	41	9820	24	146	0	10031
27783	36	144	6	10467	0	10653
27784	11567	63	15	176	0	11821
27785	262	44	9	12335	0	12650
27786	105	26	10	13552	0	13693
27787	75	29	9	13915	0	14028
27788	60	63	13345	529	0	13997
27789	50	22	284	13674	0	14030
27790	53	70	13151	516	0	13790
27791	39	13012	395	288	0	13734
27792	25	274	137	13514	0	13950
27793	21	110	109	13598	0	13838
27794	20	81	73	13683	0	13857
27795	32	56	57	13620	0	13765
27796	29	44	43	13910	0	14026
27797	13183	40	24	590	0	13837
27798	291	71	12645	353	0	13360
27799	138	12343	294	269	0	13044
27800	92	13215	139	210	0	13656
27801	61	376	87	13308	0	13832
27802	58	192	64	13508	0	13822
27803	60	124	57	13532	0	13773
27804	31	12932	67	518	0	13548
27805	27	343	34	13650	0	14054
27806	35	199	12339	490	0	13063
27807	17	12402	283	313	0	13015
27808	11	281	90	12441	0	12823
27809	12094	138	72	388	0	12692
27810	234	103	45	12321	0	12703
27811	107	72	50	12350	0	12579
27812	87	11343	63	447	0	11940
27813	62	11974	56	267	0	12359
27814	58	330	20	12360	0	12768
27815	42	178	16	12539	0	12775
27816	35	134	11946	500	0	12615
27817	19	94	237	12401	0	12751
27818	17	92	107	12756	0	12972
27819	12	79	82	12750	0	12923
27820	22	54	67	12956	0	13099
27821	12466	47	69	594	0	13176
27822	12367	44	60	385	0	12856
27823	351	39	31	12719	0	13140
27824	202	28	24	14186	0	14440
27825	13848	31	25	669	0	14573
27826	410	34	28	14156	0	14628
27827	230	80	13220	632	0	14162
27828	158	13342	348	405	0	14253
27829	100	349	157	14215	0	14821
27830	96	175	136	14523	0	14930
27831	13926	138	94	695	0	14853
27832	336	106	91	14372	0	14905
27833	171	97	71	15240	0	15579
27834	14606	87	47	788	0	15528
27835	402	65	38	14860	0	15365
27836	243	14024	66	710	0	15043
27837	199	347	46	14980	0	15572
27838	122	193	55	15184	0	15554
27839	131	156	46	15083	0	15416
27840	99	117	42	15305	0	15563
27841	81	147	13991	858	0	15077
27842	62	150	13893	566	0	14671
27843	42	103	443	14776	0	15364
27844	35	98	249	14805	0	15187
27845	36	14111	184	813	0	15144
27846	45	361	155	14711	0	15272
27847	57	14156	159	711	0	15083
27848	14316	419	107	497	0	15339
27849	369	15406	103	441	0	16319
27850	197	515	53	15746	0	16511
27851	154	282	34	16098	0	16568
27852	118	274	14833	765	0	15990
27853	14092	168	339	535	0	15134
27854	13820	153	167	442	0	14582
27855	498	13617	161	414	0	14690
27856	275	390	133	13749	0	14547
27857	223	216	14292	603	0	15334
27858	145	14366	442	432	0	15385
27859	14945	424	204	338	0	15911
27860	14134	272	127	321	0	14854
27861	588	212	13102	317	0	14219
27862	13588	141	374	290	0	14393
27863	570	152	190	14020	0	14932
27864	340	13692	155	608	0	14795
27865	14347	439	110	378	0	15274
27866	549	232	124	13404	0	14309
27867	12274	161	105	626	0	13166
27868	12501	129	85	422	0	13137
27869	656	132	78	12270	0	13136
27870	400	137	12170	676	0	13383
27871	12706	94	395	447	0	13642
27872	14256	100	175	376	0	14907
27873	14067	86	134	318	0	14605
27874	779	13748	115	295	0	14937
27875	408	464	112	14016	0	15000
27876	339	235	80	14586	0	15240
27877	298	197	13221	774	0	14490
27878	231	126	404	13724	0	14485
27879	185	13493	206	736	0	14620
27880	12918	481	148	483	0	14030
27881	473	12942	115	395	0	13925
27882	234	453	12423	292	0	13402
27883	171	12560	430	288	0	13449
27884	99	11738	177	200	0	12214
27885	930	323	280	10057	0	11590
27886	9941	107	35	238	0	10321
27887	9887	65	54	103	0	10109
27888	9386	77	40	82	0	9585
27889	272	9154	40	92	0	9558
27890	126	228	9036	85	0	9475
27891	9310	111	175	66	0	9662
27892	9653	79	68	88	0	9888
27893	276	9227	58	89	0	9650
27894	9666	208	37	81	0	9992
27895	262	99	54	9542	0	9957
27896	155	104	10729	234	0	11222
27897	11073	65	203	94	0	11435
27898	11272	87	72	67	0	11498
27899	11404	69	49	80	0	11602
27900	304	65	38	11203	0	11610
27901	163	73	41	11833	0	12110
27902	131	54	34	12396	0	12615
27903	139	12157	49	412	0	12757
27904	134	292	46	13140	0	13612
27905	118	144	34	13666	0	13962
27906	124	127	12651	537	0	13439
27907	90	69	347	13150	0	13656
27908	100	78	135	13520	0	13833
27909	102	62	84	14359	0	14607
27910	93	69	55	14878	0	15095
27911	104	14269	90	640	0	15103
27912	102	404	53	15016	0	15575
27913	85	158	63	15410	0	15716
27914	14877	98	65	695	0	15735
27915	476	88	14155	369	0	15088
27916	215	102	13813	263	0	14393
27917	13742	94	484	206	0	14526
27918	14741	74	185	210	0	15210
27919	591	122	117	12655	0	13485
27920	262	14026	113	441	0	14842
27921	14548	415	99	237	0	15299
27922	524	1312	94	12899	0	14829
27923	272	14047	109	445	0	14873
27924	13093	355	58	211	0	13717
27925	427	12922	74	177	0	13600
27926	13126	400	58	162	0	13746
27927	12666	157	65	148	0	13036
27928	528	11907	82	124	0	12641
27929	253	396	70	12380	0	13099
27930	200	201	12218	434	0	13053
27931	169	158	312	12791	0	13430
27932	12872	115	106	510	0	13603
27933	417	135	11494	224	0	12270
27934	202	11685	320	204	0	12411
27935	169	383	118	12145	0	12815
27936	149	184	11554	420	0	12307
27937	151	11744	350	191	0	12436
27938	12504	369	134	189	0	13196
27939	417	182	106	12493	0	13198
27940	196	128	89	12664	0	13077
27941	169	111	93	12442	0	12815
27942	116	12197	90	553	0	12956
27943	12465	364	80	307	0	13216
27944	405	11897	106	216	0	12624
27945	197	12368	94	196	0	12855
27946	12591	444	85	169	0	13289
27947	12728	220	80	183	0	13211
27948	498	195	11913	169	0	12775
27949	11289	147	324	194	0	11954
27950	11617	146	132	170	0	12065
27951	529	134	94	11645	0	12402
27952	317	116	11191	461	0	12085
27953	217	123	334	11616	0	12290
27954	11672	108	132	506	0	12418
27955	479	115	12102	255	0	12951
27956	266	126	442	12307	0	13141
27957	280	102	173	13902	0	14457
27958	193	127	123	15578	0	16021
27959	15299	114	93	1012	0	16518
27960	830	15236	123	426	0	16615
27961	15696	762	110	284	0	16852
27962	957	248	14802	245	0	16252
27963	324	148	682	15015	0	16169
27964	255	15321	229	817	0	16622
27965	15724	755	147	363	0	16989
27966	821	229	135	15887	0	17072
27967	322	246	14757	886	0	16211
27968	266	144	694	15914	0	17018
27969	15367	121	243	964	0	16695
27970	751	15119	172	448	0	16490
27971	317	781	116	14311	0	15525
27972	221	14014	103	769	0	15107
27973	14260	772	90	311	0	15433
27974	14555	273	95	241	0	15164
27975	905	14045	106	231	0	15287
27976	15072	752	114	192	0	16130
27977	863	264	95	14358	0	15580
27978	338	14560	113	785	0	15796
27979	14845	749	81	308	0	15983
27980	15270	277	77	246	0	15870
27981	940	13356	98	200	0	14594
27982	368	13678	69	209	0	14324
27983	13644	847	63	157	0	14711
27984	841	317	69	13561	0	14788
27985	13702	234	71	747	0	14754
27986	912	186	627	13138	0	14863
27987	431	177	12908	718	0	14234
27988	285	181	612	14085	0	15163
27989	14089	175	155	842	0	15261
27990	891	178	13411	300	0	14780
27991	345	137	627	13737	0	14846
27992	280	160	194	14590	0	15224
27993	237	150	13395	945	0	14727
27994	13437	132	667	361	0	14597
27995	827	142	204	14060	0	15233
27996	367	128	11879	833	0	13207
27997	11384	136	694	344	0	12558
27998	735	14718	282	350	0	16085
27999	309	15226	210	277	0	16022
28000	262	15601	167	249	0	16279
28001	246	786	14128	207	0	15367
28002	131	193	582	14204	0	15110
28003	140	157	13245	682	0	14224
28004	106	313	477	12932	0	13828
28005	121	12637	187	591	0	13536
28006	121	13162	109	216	0	13608
28007	108	563	104	13265	0	14040
28008	14942	158	83	610	0	15793
28009	481	87	63	14044	0	14675
28010	119	63	47	13537	0	13766
28011	100	12879	42	555	0	13576
28012	13120	466	59	159	0	13804
28013	457	12960	49	113	0	13579
28014	141	502	42	13240	0	13925
28015	93	146	29	13552	0	13820
28016	82	13636	56	578	0	14352
28017	78	482	45	14315	0	14920
28018	14178	140	36	598	0	14952
28019	543	114	45	14188	0	14890
28020	185	136	33	15191	0	15545
28021	162	14441	84	588	0	15275
28022	134	514	68	15172	0	15888
28023	15514	147	58	605	0	16324
28024	15621	145	54	233	0	16053
28025	15755	109	49	194	0	16107
28026	678	100	39	15414	0	16231
28027	248	148	14522	619	0	15537
28028	201	131	14374	247	0	14953
28029	168	123	496	15140	0	15927
28030	15057	141	130	616	0	15944
28031	600	152	74	15005	0	15831
28032	15118	141	50	640	0	15949
28033	657	114	56	14922	0	15749
28034	286	100	64	15326	0	15776
28035	15127	118	60	674	0	15979
28036	644	152	14151	268	0	15215
28037	14545	121	439	203	0	15308
28038	659	155	14232	164	0	15210
28039	309	110	476	14392	0	15287
28040	14577	93	135	609	0	15414
28041	658	141	14111	202	0	15112
28042	256	137	13891	157	0	14441
28043	13632	118	570	144	0	14464
28044	637	116	13848	162	0	14763
28045	243	13548	551	198	0	14540
28046	221	484	162	14403	0	15270
28047	15232	125	165	641	0	16163
28048	603	112	14525	277	0	15517
28049	16664	64	530	212	0	17470
28050	17396	55	203	212	0	17866
28051	17170	60	154	194	0	17578
28052	17111	73	132	215	0	17531
28053	678	69	150	16754	0	17651
28054	276	16609	136	609	0	17630
28055	16077	408	101	218	0	16804
28056	556	125	15748	158	0	16587
28057	114	12800	182	117	0	13213
28058	12746	78	47	66	0	12937
28059	88	11313	53	32	0	11486
28060	47	11560	57	29	0	11693
28061	57	74	26	11840	0	11997
28062	619	32	40	11219	0	11910
28063	24	12	5	11179	0	11220
28064	12229	3	12	73	0	12317
28065	11895	7	22	38	0	11962
28066	157	8	19	11963	0	12147
28067	71	5	18	12743	0	12837
28068	27	26	12243	212	0	12508
28069	11500	19	165	68	0	11752
28070	12349	5	50	44	0	12448
28071	213	10	21	11965	0	12209
28072	81	8	22	12246	0	12357
28073	55	21	11947	223	0	12246
28074	45	11	169	11613	0	11838
28075	53	23	11951	193	0	12220
28076	37	10301	215	78	0	10631
28077	42	169	11157	44	0	11412
28078	20	56	184	10622	0	10882
28079	33	42	11350	192	0	11617
28080	34	37	10469	70	0	10610
28081	10831	22	213	36	0	11102
28082	222	23	60	11533	0	11838
28083	80	37	12584	220	0	12921
28084	11242	16	312	79	0	11649
28085	334	38	12240	72	0	12684
28086	79	29	12181	56	0	12345
28087	78	11525	371	54	0	12028
28088	48	307	97	12036	0	12488
28089	60	65	11893	335	0	12353
28090	59	81	11591	83	0	11814
28091	38	30	346	11521	0	11935
28092	50	19	130	11707	0	11906
28093	34	11441	101	348	0	11924
28094	32	332	43	12225	0	12632
28095	12103	58	53	388	0	12602
28096	12792	51	54	129	0	13026
28097	12818	33	55	103	0	13009
28098	422	17	38	10053	0	10530
28099	136	9805	62	355	0	10358
28100	10033	298	50	126	0	10507
28101	344	9803	73	95	0	10315
28102	91	9853	75	66	0	10085
28103	96	10210	55	55	0	10416
28104	10150	385	50	58	0	10643
28105	330	117	55	9891	0	10393
28106	94	66	62	10105	0	10327
28107	72	9920	71	383	0	10446
28108	8799	335	60	140	0	9334
28109	346	126	10088	93	0	10653
28110	106	89	331	11151	0	11677
28111	11624	43	94	380	0	12141
28112	355	11569	113	114	0	12151
28113	12088	343	59	92	0	12582
28114	399	77	47	11757	0	12280
28115	110	11395	61	364	0	11930
28116	94	346	10631	141	0	11212
28117	10637	91	315	94	0	11137
28118	376	95	72	11360	0	11903
28119	12056	57	77	361	0	12551
28120	402	51	53	11163	0	11669
28121	127	10680	50	408	0	11265
28122	115	329	10830	139	0	11413
28123	92	78	10373	80	0	10623
28124	55	79	286	11581	0	12001
28125	12011	35	82	332	0	12460
28126	12029	26	76	110	0	12241
28127	350	53	36	11749	0	12188
28128	129	31	47	12008	0	12215
28129	12081	49	40	358	0	12528
28130	344	38	60	11929	0	12371
28131	12014	33	44	393	0	12484
28132	344	11457	81	140	0	12022
28133	11806	285	70	114	0	12275
28134	380	91	13382	90	0	13943
28135	139	69	568	13461	0	14237
28136	104	36	107	14142	0	14389
28137	97	35	102	14207	0	14441
28138	73	13096	107	668	0	13944
28139	75	13362	105	178	0	13720
28140	43	642	96	13922	0	14703
28141	64	126	14502	729	0	15421
28142	63	78	602	15058	0	15801
28143	54	48	131	16067	0	16300
28144	65	66	105	16288	0	16524
28145	15410	43	90	778	0	16321
28146	567	14840	78	210	0	15695
28147	124	15095	97	152	0	15468
28148	141	698	72	15007	0	15918
28149	109	123	76	13926	0	14234
28150	86	92	73	13874	0	14125
28151	98	59	80	14028	0	14265
28152	13344	72	70	808	0	14294
28153	580	12390	88	169	0	13227
28154	12956	633	74	145	0	13808
28155	13426	95	64	105	0	13690
28156	654	78	47	12743	0	13522
28157	106	53	38	13450	0	13647
28158	12880	43	39	757	0	13719
28159	12891	67	34	180	0	13172
28160	686	48	19	12625	0	13378
28161	159	59	17	13260	0	13495
28162	128	75	12481	752	0	13436
28163	87	11812	587	191	0	12677
28164	86	11984	42	113	0	12225
28165	11859	564	40	107	0	12570
28166	603	97	11510	98	0	12308
28167	43	89	10768	95	0	10995
28168	10201	62	495	62	0	10820
28169	11255	54	57	65	0	11431
28170	435	12698	87	88	0	13308
28171	94	13767	50	86	0	13997
28172	77	502	25	14025	0	14629
28173	14031	62	34	569	0	14696
28174	14312	68	14	106	0	14500
28175	16261	45	14	105	0	16425
28176	529	47	10	15622	0	16208
28177	92	48	15	16248	0	16403
28178	85	36	15118	598	0	15837
28179	62	78	14560	121	0	14821
28180	73	60	15305	106	0	15544
28181	58	43	468	15127	0	15696
28182	14463	31	1113	602	0	16209
28183	411	44	16086	66	0	16607
28184	38	28	364	15849	0	16279
28185	29	16403	47	387	0	16866
28186	41	405	12	17441	0	17899
28187	36	49	17	17476	0	17578
28188	37	53	18751	463	0	19304
28189	36	29	541	18180	0	18786
28190	19606	30	94	627	0	20357
28191	633	53	20772	157	0	21615
28192	122	44	585	20702	0	21453
28193	68	53	21315	672	0	22108
28194	59	19806	659	182	0	20706
28195	78	657	21047	84	0	21866
28196	55	152	623	19317	0	20147
28197	33	52	138	21104	0	21327
28198	39	50	20437	778	0	21304
28199	41	53	622	19970	0	20686
28200	48	43	142	20579	0	20812
28201	59	19400	120	728	0	20307
28202	57	657	19798	232	0	20744
28203	65	159	579	19493	0	20296
28204	70	73	132	20714	0	20989
28205	69	19586	108	726	0	20489
28206	55	653	48	20944	0	21700
28207	21443	135	52	755	0	22385
28208	665	46	52	21548	0	22311
28209	169	57	19652	758	0	20636
28210	18298	61	631	224	0	19214
28211	19160	53	144	150	0	19507
28212	777	87	20014	95	0	20973
28213	19049	58	632	139	0	19878
28214	627	21561	213	124	0	22525
28215	171	748	113	22746	0	23778
28216	99	192	79	26671	0	27041
28217	91	111	66	26328	0	26596
28218	87	76	64	26529	0	26756
28219	75	71	61	26458	0	26665
28220	25585	60	66	1235	0	26946
28221	872	96	24709	467	0	26144
28222	24433	43	812	302	0	25590
28223	953	85	24953	251	0	26242
28224	291	44	865	24479	0	25679
28225	24742	32	275	1015	0	26064
28226	935	60	182	24350	0	25527
28227	298	23359	192	971	0	24820
28228	24979	838	148	360	0	26325
28229	939	226	155	28577	0	29897
28230	333	185	27453	1026	0	28997
28231	23848	61	489	346	0	24744
28232	580	27372	245	225	0	28422
28233	278	482	30451	173	0	31384
28234	157	219	482	31553	0	32411
28235	118	110	246	31771	0	32245
28236	101	31244	175	728	0	32248
28237	115	514	31410	359	0	32398
28238	87	214	533	31414	0	32248
28239	97	159	32306	635	0	33197
28240	82	108	601	31614	0	32405
28241	69	93	263	31866	0	32291
28242	78	94	30332	858	0	31362
28243	73	55	547	30186	0	30861
28244	82	118	317	28063	0	28580
28245	102	45	193	31421	0	31761
28246	108	60	167	31433	0	31768
28247	30619	31	194	966	0	31810
28248	579	78	29599	537	0	30793
28249	33076	43	594	369	0	34082
28250	744	63	304	34776	0	35887
28251	356	64	219	35077	0	35716
28252	238	91	153	35198	0	35680
28253	173	33114	193	1060	0	34540
28254	34753	579	127	626	0	36085
28255	663	287	135	42762	0	43847
28256	350	41123	186	875	0	42534
28257	204	627	114	43833	0	44778
28258	42797	315	147	912	0	44171
28259	41770	188	137	590	0	42685
28260	42289	146	134	453	0	43022
28261	948	40795	200	371	0	42314
28262	463	704	41486	357	0	43010
28263	40845	346	626	341	0	42158
28264	43691	188	331	323	0	44533
28265	955	41484	279	336	0	43054
28266	43841	644	144	318	0	44947
28267	43377	315	181	292	0	44165
28268	43911	206	151	322	0	44590
28269	1115	41736	208	329	0	43388
28270	619	670	113	41421	0	42823
28271	45376	380	103	857	0	46716
28272	45530	227	115	546	0	46418
28273	45543	160	95	441	0	46239
28274	45833	200	93	347	0	46473
28275	1211	150	90	43265	0	44716
28276	739	181	42993	885	0	44798
28277	540	132	592	44661	0	45925
28278	454	43804	355	1002	0	45615
28279	435	742	189	46271	0	47637
28280	405	402	44893	1059	0	46759
28281	43790	260	709	604	0	45363
28282	931	191	316	45559	0	46997
28283	43850	212	231	947	0	45240
28284	54210	171	150	600	0	55131
28285	1284	140	151	53394	0	54969
28286	816	208	56129	884	0	58037
28287	600	321	49907	568	0	51396
28288	49443	118	745	362	0	50668
28289	868	52220	465	348	0	53901
28290	503	51917	259	281	0	52960
28291	434	55761	229	279	0	56703
28292	402	56574	221	248	0	57445
28293	57770	833	110	217	0	58930
28294	57279	430	152	238	0	58099
28295	57320	342	111	254	0	58027
28296	57526	260	111	221	0	58118
28297	958	227	103	56230	0	57518
28298	651	55155	184	584	0	56574
28299	57511	533	125	343	0	58512
28300	837	342	54773	339	0	56291
28301	551	53203	610	312	0	54676
28302	492	585	55007	231	0	56315
28303	54119	309	567	263	0	55258
28304	56211	241	321	218	0	56991
28305	55223	219	298	231	0	55971
28306	940	208	196	55428	0	56772
28307	562	231	56574	584	0	57951
28308	490	54294	576	364	0	55724
28309	56509	518	245	284	0	57556
28310	741	53135	239	256	0	54371
28311	550	53210	198	285	0	54243
28312	482	52616	234	247	0	53579
28313	484	52878	179	229	0	53770
28314	362	688	45819	137	0	47006
28315	281	47293	433	196	0	48203
28316	45233	418	123	557	0	46331
28317	371	265	123	44768	0	45527
28318	239	200	91	45649	0	46179
28319	44804	189	72	386	0	45451
28320	423	42373	134	254	0	43184
28321	353	396	43781	172	0	44702
28322	279	222	278	43244	0	44023
28323	261	158	184	44827	0	45430
28324	243	154	128	45343	0	45868
28325	237	145	44809	434	0	45625
28326	222	200	45715	242	0	46379
28327	235	115	351	45394	0	46095
28328	199	188	44835	346	0	45568
28329	192	235	39288	193	0	39908
28330	32076	210	511	241	0	33038
28331	347	38339	307	184	0	39177
28332	258	37278	228	126	0	37890
28333	276	36548	144	148	0	37116
28334	277	439	106	35897	0	36719
28335	213	35338	135	289	0	35975
28336	37745	368	116	230	0	38459
28337	397	285	35903	170	0	36755
28338	36809	233	329	156	0	37527
28339	428	178	200	38584	0	39390
28340	260	193	152	40644	0	41249
28341	217	41464	207	486	0	42374
28342	42919	489	114	332	0	43854
28343	44186	291	125	268	0	44870
28344	720	45076	163	198	0	46157
28345	483	530	108	45457	0	46578
28346	318	342	44859	588	0	46107
28347	253	325	43518	322	0	44418
28348	246	43343	869	293	0	44751
28349	42418	447	263	111	0	43239
28350	561	266	42064	81	0	42972
28351	337	161	468	41318	0	42284
28352	42651	108	258	480	0	43497
28353	45214	120	186	248	0	45768
28354	882	57616	236	193	0	58927
28355	470	64090	226	157	0	64943
28356	65178	2067	122	83	0	67450
28357	1736	1072	63093	95	0	65996
28358	63697	590	1625	74	0	65986
28359	66371	302	639	74	0	67386
28360	2280	206	463	65277	0	68226
28361	1129	244	64451	1673	0	67497
28362	709	241	63975	617	0	65542
28363	64928	166	2222	524	0	67840
28364	1976	300	67120	212	0	69608
28365	63469	230	2167	163	0	66029
28366	68664	218	842	132	0	69856
28367	2487	67376	789	143	0	70795
28368	1422	1944	66429	110	0	69905
28369	832	67762	2035	170	0	70799
28370	70083	2175	810	196	0	73264
28371	2199	1024	66051	104	0	69378
28372	1072	680	2120	64391	0	68263
28373	941	377	67043	1849	0	70210
28374	623	330	69246	736	0	70935
28375	733	314	68812	536	0	70395
28376	648	353	70335	293	0	71629
28377	453	64385	3412	316	0	68566
28378	571	2017	66699	141	0	69428
28379	499	65243	2906	218	0	68866
28380	655	2431	66455	125	0	69666
28381	65870	1056	2780	142	0	69848
28382	2507	841	1259	58943	0	63550
28383	1197	66448	1237	1381	0	70263
28384	59584	2037	846	715	0	63182
28385	60141	1064	886	498	0	62589
28386	57096	878	824	313	0	59111
28387	57279	587	890	212	0	58968
28388	3230	58062	1096	266	0	62654
28389	59828	2115	783	224	0	62950
28390	60727	1038	997	229	0	62991
28391	3077	55119	911	314	0	59421
28392	1747	2376	52437	245	0	56805
28393	1207	1340	2416	51619	0	56582
28394	967	55151	1590	1756	0	59464
28395	850	2352	54875	844	0	58921
28396	1032	1268	55235	687	0	58222
28397	925	53520	3401	357	0	58203
28398	909	55350	1862	392	0	58513
28399	937	61427	1441	278	0	64083
28400	935	63889	1079	220	0	66123
28401	60262	3835	909	217	0	65223
28402	62884	2150	917	248	0	66199
28403	3759	1527	60109	321	0	65716
28404	2244	1109	64032	276	0	67661
28405	1731	910	3410	60633	0	66684
28406	1280	765	2238	63458	0	67741
28407	1178	948	1553	64331	0	68010
28408	61406	821	1269	3306	0	66802
28409	2970	60418	1237	1666	0	66291
28410	1924	61936	1071	1033	0	65964
28411	1662	64711	1218	525	0	68116
28412	63582	4162	1058	411	0	69213
28413	65618	2401	1251	340	0	69610
28414	4139	1865	1189	63584	0	70777
28415	67504	1359	1256	2486	0	72605
28416	68635	1302	1145	1318	0	72400
28417	4764	1221	1077	66898	0	73960
28418	66736	1241	1368	3032	0	72377
28419	4266	64468	1574	1611	0	71919
28420	2703	3207	1699	66432	0	74041
28421	2265	2188	62381	2922	0	69756
28422	1939	63749	3719	1626	0	71033
28423	2051	3567	63889	1245	0	70752
28424	1795	2346	4123	56953	0	65217
28425	1789	66618	2754	2451	0	73612
28426	1895	3564	2334	63599	0	71392
28427	1804	2254	2011	68591	0	74660
28428	2098	1842	65091	3913	0	72944
28429	1869	1542	66795	2321	0	72527
28430	1778	1459	4544	67096	0	74877
28431	1831	1418	3151	62759	0	69159
28432	1783	66830	2433	3639	0	74685
28433	64066	3812	1867	2074	0	71819
28434	3958	67267	1803	1487	0	74515
28435	2485	70567	1610	1181	0	75843
28436	1971	4900	62047	1182	0	70100
28437	1549	66797	3919	1145	0	73410
28438	1466	4236	2746	58983	0	67431
28439	1495	65154	2242	3149	0	72040
28440	1324	3900	1634	59478	0	66336
28441	1152	61112	1634	3336	0	67234
28442	59614	4052	1481	1779	0	66926
28443	3447	59449	1366	1509	0	65771
28444	2061	4025	1312	53038	0	60436
28445	1810	57956	1302	2672	0	63740
28446	57506	4098	1109	1525	0	64238
28447	57940	2676	896	1316	0	62828
28448	4384	57376	956	1021	0	63737
28449	58026	3835	796	872	0	63529
28450	3971	2616	869	55225	0	62681
28451	2405	2108	53773	3102	0	61388
28452	1862	1897	58416	1807	0	63982
28453	1364	56539	3600	1531	0	63034
28454	37513	1786	4499	554	0	44352
28455	38181	736	418	489	0	39824
28456	1738	638	36248	419	0	39043
28457	930	547	38680	377	0	40534
28458	37276	498	1601	385	0	39760
28459	39012	424	734	386	0	40556
28460	1754	571	36724	347	0	39396
28461	35717	525	1295	338	0	37875
28462	1559	36307	678	378	0	38922
28463	705	37339	482	349	0	38875
28464	515	1797	425	34140	0	36877
28465	359	986	367	35719	0	37431
28466	34322	625	300	1471	0	36718
28467	33608	479	287	815	0	35189
28468	33693	542	228	608	0	35071
28469	1631	428	238	32916	0	35213
28470	904	422	216	33661	0	35203
28471	633	31017	308	1494	0	33452
28472	460	33101	342	770	0	34673
28473	443	34098	292	579	0	35412
28474	450	1357	181	29120	0	31108
28475	413	30085	224	1044	0	31766
28476	467	1432	25500	495	0	27894
28477	25696	670	932	379	0	27677
28478	1133	619	27129	329	0	29210
28479	538	521	27488	353	0	28900
28480	25620	522	1252	346	0	27740
28481	1139	26682	612	409	0	28842
28482	27968	1179	400	365	0	29912
28483	28454	606	330	405	0	29795
28484	1449	540	30645	348	0	32982
28485	802	466	31568	371	0	33207
28486	594	30536	1836	391	0	33357
28487	544	1629	30996	325	0	33494
28488	487	943	1494	28620	0	31544
28489	465	708	752	27534	0	29459
28490	449	28759	512	1583	0	31303
28491	399	30591	407	778	0	32175
28492	29497	1982	330	565	0	32374
28493	30276	1037	338	490	0	32141
28494	1945	709	322	29202	0	32178
28495	1028	517	341	30975	0	32861
28496	29620	568	316	1888	0	32392
28497	31135	469	384	932	0	32920
28498	1918	30614	397	562	0	33491
28499	25494	1224	237	228	0	27183
28500	1414	24541	261	203	0	26419
28501	762	25758	254	196	0	26970
28502	27452	1528	224	183	0	29387
28503	29302	725	252	197	0	30476
28504	1620	498	231	26455	0	28804
28505	27186	385	233	1135	0	28939
28506	1410	418	25300	521	0	27649
28507	752	25831	1053	402	0	28038
28508	26676	1196	467	324	0	28663
28509	1406	619	26456	247	0	28728
28510	816	1718	1111	24169	0	27814
28511	594	26121	550	909	0	28174
28512	418	25915	318	379	0	27030
28513	26147	1251	228	284	0	27910
28514	1164	628	25660	214	0	27666
28515	23831	285	782	86	0	24984
28516	979	220	394	23899	0	25492
28517	554	217	23349	756	0	24876
28518	24853	220	793	369	0	26235
28519	895	24437	437	251	0	26020
28520	513	25871	228	209	0	26821
28521	26453	1058	168	148	0	27827
28522	26164	503	132	166	0	26965
28523	27197	268	97	201	0	27763
28524	1248	1264	110	24818	0	27440
28525	591	196	70	24664	0	25521
28526	347	139	23941	966	0	25393
28527	207	125	22391	439	0	23162
28528	167	21750	843	231	0	22991
28529	136	553	332	22692	0	23713
28530	21618	329	156	562	0	22665
28531	596	21065	114	322	0	22097
28532	317	632	42	21898	0	22889
28533	21620	357	51	579	0	22607
28534	629	21158	76	339	0	22202
28535	379	22608	83	156	0	23226
28536	207	785	21789	137	0	22918
28537	22089	361	579	89	0	23118
28538	23602	217	342	99	0	24260
28539	844	199	22637	107	0	23787
28540	21988	133	589	123	0	22833
28541	714	168	22829	94	0	23805
28542	404	21665	607	96	0	22772
28543	229	637	319	22536	0	23721
28544	22466	361	153	537	0	23517
28545	657	21632	135	318	0	22742
28546	370	22352	119	192	0	23033
28547	22599	766	103	160	0	23628
28548	719	419	23209	118	0	24465
28549	23091	236	589	72	0	23988
28550	696	23606	348	101	0	24751
28551	395	639	22757	85	0	23876
28552	19368	351	431	73	0	20223
28553	20598	200	253	51	0	21102
28554	726	173	118	19335	0	20352
28555	456	131	91	20424	0	21102
28556	259	19535	101	641	0	20536
28557	176	441	18036	324	0	18977
28558	181	293	457	18681	0	19612
28559	166	169	19566	506	0	20407
28560	141	179	19263	306	0	19889
28561	172	112	706	19138	0	20128
28562	159	138	20080	517	0	20894
28563	126	189	18447	325	0	19087
28564	164	158	671	17827	0	18820
28565	195	129	18704	487	0	19515
28566	16473	135	579	302	0	17489
28567	529	17103	376	192	0	18200
28568	376	484	18813	117	0	19790
28569	264	352	22074	73	0	22763
28570	187	211	717	21522	0	22637
28571	23047	153	396	444	0	24040
28572	23147	109	180	295	0	23731
28573	23312	101	142	154	0	23709
28574	23537	122	78	118	0	23855
28575	876	92	84	22575	0	23627
28576	469	139	23092	499	0	24199
28577	23130	138	485	324	0	24077
28578	24209	121	342	171	0	24843
28579	24555	92	208	144	0	24999
28580	818	133	23341	96	0	24388
28581	22101	139	497	93	0	22830
28582	639	137	342	23885	0	25003
28583	442	24430	281	495	0	25648
28584	22	42	21	20806	0	20891
28585	3	19882	52	77	0	20014
28586	20660	59	25	26	0	20770
28587	52	26	21613	32	0	21723
28588	23	27	62	21367	0	21479
28589	31	20572	77	53	0	20733
28590	11	20898	85	32	0	21026
28591	22191	62	20	24	0	22297
28592	22037	35	29	14	0	22115
28593	66	39	21430	18	0	21553
28594	21584	9	56	13	0	21662
28595	92	5	24	21545	0	21666
28596	57	9	22144	54	0	22264
28597	57	31	21255	30	0	21373
28598	19	10	133	25143	0	25305
28599	27085	3	65	275	0	27428
28600	295	16	46	26605	0	26962
28601	128	6	23	27036	0	27193
28602	83	8	23	24219	0	24333
28603	35	22489	72	411	0	23007
28604	30	285	23	23760	0	24098
28605	22862	115	24	354	0	23355
28606	280	22550	51	155	0	23036
28607	99	300	13	24720	0	25132
28608	26307	126	30	389	0	26852
28609	388	25658	68	195	0	26309
28610	178	26259	75	103	0	26615
28611	95	538	29	26732	0	27394
28612	26521	232	37	456	0	27246
28613	452	129	26211	206	0	26998
28614	222	77	25120	142	0	25561
28615	26372	44	603	83	0	27102
28616	27216	47	270	79	0	27612
28617	683	28357	151	116	0	29307
28618	324	483	63	28551	0	29421
28619	165	237	28587	516	0	29505
28620	92	177	27833	264	0	28366
28621	114	132	28951	165	0	29362
28622	93	27884	822	118	0	28917
28623	95	28527	347	121	0	29090
28624	29317	678	170	97	0	30262
28625	609	336	28968	81	0	29994
28626	28629	183	609	91	0	29512
28627	29431	104	258	79	0	29872
28628	825	149	28872	92	0	29938
28629	393	28683	635	98	0	29809
28630	248	577	268	30694	0	31787
28631	190	288	30910	604	0	31992
28632	131	270	29395	255	0	30051
28633	28793	151	819	184	0	29947
28634	594	29882	417	131	0	31024
28635	295	673	242	28479	0	29689
28636	244	309	186	28375	0	29114
28637	180	28626	226	692	0	29724
28638	180	29173	206	332	0	29891
28639	190	30224	179	219	0	30812
28640	176	903	142	31854	0	33075
28641	32045	415	177	803	0	33440
28642	799	294	165	32730	0	33988
28643	345	206	32561	980	0	34092
28644	295	228	32242	410	0	33175
28645	189	182	1043	34183	0	35597
28646	189	257	33090	925	0	34461
28647	160	32696	1039	483	0	34378
28648	183	868	414	35797	0	37262
28649	38757	422	282	1121	0	40582
28650	38524	344	208	432	0	39508
28651	1398	38260	245	372	0	40275
28652	38992	1274	184	285	0	40735
28653	39509	463	228	255	0	40455
28654	40353	367	210	258	0	41188
28655	1718	410	35148	248	0	37524
28656	36601	270	1140	225	0	38236
28657	1474	36562	543	299	0	38878
28658	562	1172	36522	238	0	38494
28659	458	531	35652	227	0	36868
28660	340	36375	1484	307	0	38506
28661	37464	1268	608	315	0	39655
28662	1386	559	401	34543	0	36889
28663	633	35891	353	1255	0	38132
28664	36768	1373	288	585	0	39014
28665	1416	614	274	37038	0	39342
28666	36593	468	313	1409	0	38783
28667	1555	393	311	37220	0	39479
28668	754	406	35262	1504	0	37926
28669	601	435	33224	643	0	34903
28670	558	423	33909	498	0	35388
28671	510	435	1662	32383	0	34990
28672	425	472	752	34768	0	36417
28673	486	481	32464	1626	0	35057
28674	487	32951	1470	762	0	35670
28675	33479	1390	741	489	0	36099
28676	32404	682	603	362	0	34051
28677	1722	31937	524	379	0	34562
28678	982	1362	452	32424	0	35220
28679	749	660	34243	1344	0	36996
28680	34437	529	1524	613	0	37103
28681	1613	446	38203	496	0	40758
28682	805	444	37595	381	0	39225
28683	567	437	37602	411	0	39017
28684	36389	415	2027	422	0	39253
28685	1576	517	36339	377	0	38809
28686	838	35531	1773	310	0	38452
28687	769	36652	877	352	0	38650
28688	660	1725	682	35048	0	38115
28689	646	796	603	36928	0	38973
28690	592	597	37055	1717	0	39961
28691	37072	480	1610	763	0	39925
28692	38974	532	816	554	0	40876
28693	1803	468	745	38436	0	41452
28694	38020	404	710	1523	0	40657
28695	1712	37783	655	784	0	40934
28696	38505	1473	588	580	0	41146
28697	1662	36107	559	464	0	38792
28698	657	34183	406	381	0	35627
28699	34740	1303	321	351	0	36715
28700	35204	552	305	435	0	36496
28701	35862	428	376	344	0	37010
28702	37459	367	398	318	0	38542
28703	1730	366	34407	316	0	36819
28704	35340	337	1232	320	0	37229
28705	1566	300	583	34357	0	36806
28706	782	35329	513	1180	0	37804
28707	34799	1127	419	435	0	36780
28708	1211	31921	311	284	0	33727
28709	31862	1056	239	216	0	33373
28710	1267	383	254	31226	0	33130
28711	578	316	233	32362	0	33489
28712	484	340	31845	1143	0	33812
28713	437	321	31971	435	0	33164
28714	394	32310	1159	377	0	34240
28715	29633	945	433	241	0	31252
28716	1079	29714	390	236	0	31419
28717	523	28701	311	245	0	29780
28718	506	31232	291	217	0	32246
28719	585	1178	29158	173	0	31094
28720	442	30606	920	168	0	32136
28721	29622	1076	336	158	0	31192
28722	30177	421	251	195	0	31044
28723	1168	332	236	28988	0	30724
28724	498	28983	290	888	0	30659
28725	454	29830	455	318	0	31057
28726	399	1064	259	29680	0	31402
28727	451	472	28758	883	0	30564
28728	414	28363	903	362	0	30042
28729	813	990	341	28662	0	30806
28730	27116	417	229	876	0	28638
28731	27549	351	180	353	0	28433
28732	1013	28679	187	289	0	30168
28733	29132	971	177	217	0	30497
28734	29675	372	206	227	0	30480
28735	1186	280	213	28090	0	29769
28736	564	246	27238	903	0	28951
28737	407	28331	900	399	0	30037
28738	337	1662	406	28629	0	31034
28739	282	444	28070	832	0	29628
28740	256	25375	763	1553	0	27947
28741	26270	742	226	314	0	27552
28742	26622	348	182	198	0	27350
28743	844	307	141	25162	0	26454
28744	416	25440	125	638	0	26619
28745	359	684	24800	255	0	26098
28746	280	744	635	24926	0	26585
28747	260	275	25366	697	0	26598
28748	180	22018	512	251	0	22961
28749	78	1044	138	18690	0	19950
28750	18572	97	60	230	0	18959
28751	212	18242	78	98	0	18630
28752	18693	245	23	79	0	19040
28753	18481	106	32	80	0	18699
28754	286	19545	57	67	0	19955
28755	160	234	40	19837	0	20271
28756	115	124	32	19855	0	20126
28757	109	19293	63	257	0	19722
28758	79	19762	64	151	0	20056
28759	69	281	45	19633	0	20028
28760	84	19541	58	204	0	19887
28761	19899	269	41	108	0	20317
28762	19557	142	49	87	0	19835
28763	298	153	19255	54	0	19760
28764	158	142	18615	62	0	18977
28765	17869	70	257	71	0	18267
28766	19540	104	120	58	0	19822
28767	287	18968	108	75	0	19438
28768	19769	236	53	53	0	20111
28769	19724	131	58	68	0	19981
28770	310	18411	51	57	0	18829
28771	18846	249	43	78	0	19216
28772	275	146	40	21200	0	21661
28773	158	108	58	23426	0	23750
28774	123	165	21578	1348	0	23214
28775	97	20641	1259	206	0	22203
28776	101	24628	165	130	0	25024
28777	24299	1474	74	100	0	25947
28778	24784	198	53	95	0	25130
28779	23026	119	39	152	0	23336
28780	23574	107	75	149	0	23905
28781	1604	147	19030	105	0	20886
28782	257	218	20104	79	0	20658
28783	189	19133	1296	106	0	20724
28784	234	1486	181	19621	0	21522
28785	229	206	148	19966	0	20549
28786	229	19627	120	1268	0	21244
28787	251	1569	178	19987	0	21985
28788	19659	304	168	1401	0	21532
28789	1565	20163	198	241	0	22167
28790	391	1636	17616	135	0	19778
28791	299	18358	1361	211	0	20229
28792	19077	1539	201	214	0	21031
28793	1622	351	18388	297	0	20658
28794	18276	236	1604	727	0	20843
28795	20151	252	365	735	0	21503
28796	1659	478	18900	1027	0	22064
28797	322	819	19946	1023	0	22110
28798	431	848	20406	546	0	22231
28799	16483	1106	1522	378	0	19489
28800	2287	1003	16679	177	0	20146
28801	1820	16425	1538	118	0	19901
28802	16975	1756	424	68	0	19223
28803	2771	232	16001	58	0	19062
28804	16184	354	2027	95	0	18660
28805	1995	570	16266	183	0	19014
28806	633	293	17125	570	0	18621
28807	322	15490	1894	580	0	18286
28808	348	1935	15511	997	0	18791
28809	379	620	16246	1181	0	18426
28810	697	14519	1686	497	0	17399
28811	15234	1983	549	998	0	18764
28812	2367	774	13962	129	0	17232
28813	497	1433	1628	12104	0	15662
28814	1016	13544	1209	881	0	16650
28815	13940	2471	877	135	0	17423
28816	15814	341	866	106	0	17127
28817	2326	524	15264	85	0	18199
28818	1472	12440	2195	79	0	16186
28819	1112	14482	1438	112	0	17144
28820	712	1656	1609	12762	0	16739
28821	979	13379	1421	1347	0	17126
28822	516	1715	1770	13073	0	17074
28823	1244	830	787	14372	0	17233
28824	928	13412	1518	1322	0	17180
28825	778	2496	846	13144	0	17264
28826	1540	13530	757	1314	0	17141
28827	617	2011	13946	282	0	16856
28828	1445	496	2115	12966	0	17022
28829	494	804	1599	14072	0	16969
28830	587	13288	1685	1571	0	17131
28831	297	15683	1185	378	0	17543
28832	314	2280	1415	11595	0	15604
28833	625	12437	1184	1166	0	15412
28834	11919	2439	988	481	0	15827
28835	2257	584	607	12292	0	15740
28836	498	12559	928	1746	0	15731
28837	11661	1869	317	906	0	14753
28838	1917	11669	666	402	0	14654
28839	1187	1891	10681	453	0	14212
28840	1100	1244	1765	10650	0	14759
28841	11267	1030	1015	1649	0	14961
28842	1929	1416	10618	857	0	14820
28843	379	1742	1886	10438	0	14445
28844	459	11214	332	2689	0	14694
28845	418	2819	10316	852	0	14405
28846	390	11148	1696	1390	0	14624
28847	10852	1930	528	1319	0	14629
28848	11867	1562	559	698	0	14686
28849	1335	10952	820	1180	0	14287
28850	10991	2585	560	883	0	15019
28851	1573	772	11209	981	0	14535
28852	385	1202	1602	11117	0	14306
28853	327	991	740	11806	0	13864
28854	578	10488	374	1777	0	13217
28855	10890	2888	522	646	0	14946
28856	13594	925	403	852	0	15774
28857	1807	1660	11609	631	0	15707
28858	12652	849	1748	384	0	15633
28859	13424	892	489	934	0	15739
28860	13268	1557	471	268	0	15564
28861	2513	564	749	11848	0	15674
28862	682	1328	581	12864	0	15455
28863	1199	11522	1216	935	0	14872
28864	11904	1506	908	993	0	15311
28865	13670	491	684	794	0	15639
28866	1764	12077	1178	501	0	15520
28867	736	1698	830	12055	0	15319
28868	555	12580	638	1072	0	14845
28869	898	12982	1007	561	0	15448
28870	13283	2644	399	297	0	16623
28871	2701	989	12888	258	0	16836
28872	172	149	9550	123	0	9994
28873	81	8506	354	100	0	9041
28874	8684	377	106	68	0	9235
28875	371	173	8603	84	0	9231
28876	54	6244	163	31	0	6492
28877	7051	65	18	0	0	7134
28878	73	24	6836	1	0	6934
28879	22	13	70	6484	0	6589
28880	7937	1	23	66	0	8027
28881	119	17	8502	18	0	8656
28882	29	10	8429	6	0	8474
28883	15	13	8521	2	0	8551
28884	16	18	8385	1	0	8420
28885	7905	2	148	3	0	8058
28886	8773	10	1444	1	0	10228
28887	133	9756	45	4	0	9938
28888	38	116	27	10135	0	10316
28889	22	32	18	10995	0	11067
28890	18	10804	29	200	0	11051
28891	15	204	14	10959	0	11192
28892	17	10699	12	207	0	10935
28893	16	11091	21	75	0	11203
28894	14	250	17	11140	0	11421
28895	22	103	10845	227	0	11197
28896	14	10500	220	75	0	10809
28897	13	211	69	11114	0	11407
28898	11224	70	53	215	0	11562
28899	202	50	9877	71	0	10200
28900	9845	36	222	48	0	10151
28901	10063	22	82	40	0	10207
28902	283	34	48	9818	0	10183
28903	109	37	9954	214	0	10314
28904	68	36	9720	84	0	9908
28905	52	12419	294	65	0	12830
28906	45	219	100	12937	0	13301
28907	24	83	12956	238	0	13301
28908	32	71	12427	81	0	12611
28909	15	12208	321	79	0	12623
28910	13006	230	121	48	0	13405
28911	13087	81	79	37	0	13284
28912	265	66	49	12876	0	13256
28913	114	58	12746	237	0	13155
28914	92	57	13217	83	0	13449
28915	57	13830	338	78	0	14303
28916	63	253	14297	53	0	14666
28917	55	104	13428	47	0	13634
28918	33	69	385	12368	0	12855
28919	32	63	13416	267	0	13778
28920	12741	39	342	108	0	13230
28921	253	45	175	13515	0	13988
28922	100	53	13351	285	0	13789
28923	73	12675	322	132	0	13202
28924	58	258	140	13490	0	13946
28925	56	131	13232	294	0	13713
28926	50	13455	331	136	0	13972
28927	43	309	144	13893	0	14389
28928	31	13926	115	304	0	14376
28929	42	318	106	14285	0	14751
28930	37	152	88	14331	0	14608
28931	39	119	13763	398	0	14319
28932	35	13555	344	194	0	14128
28933	45	304	148	14198	0	14695
28934	39	127	119	14256	0	14541
28935	41	98	88	15663	0	15890
28936	43	82	14929	437	0	15491
28937	35	14318	349	223	0	14925
28938	25	322	159	15381	0	15887
28939	54	143	14884	369	0	15450
28940	34	15869	372	197	0	16472
28941	23	355	170	16781	0	17329
28942	51	223	17762	383	0	18419
28943	34	17232	372	258	0	17896
28944	34	400	164	17870	0	18468
28945	40	169	141	18437	0	18787
28946	49	152	17732	455	0	18388
28947	16161	111	389	283	0	16944
28948	264	17189	228	204	0	17885
28949	18259	327	128	203	0	18917
28950	325	337	17448	189	0	18299
28951	17563	196	381	291	0	18431
28952	340	251	225	17647	0	18463
28953	147	206	157	18523	0	19033
28954	93	142	17708	655	0	18598
28955	15759	129	511	332	0	16731
28956	16633	238	434	205	0	17510
28957	350	16256	218	312	0	17136
28958	154	16833	168	360	0	17515
28959	17026	419	125	373	0	17943
28960	334	205	17812	251	0	18602
28961	170	21456	493	178	0	22297
28962	124	462	239	24637	0	25462
28963	140	243	263	25032	0	25678
28964	108	308	24198	493	0	25107
28965	23145	174	412	415	0	24146
28966	372	135	24814	296	0	25617
28967	23885	250	518	202	0	24855
28968	420	210	26327	330	0	27287
28969	206	25082	519	436	0	26243
28970	27867	282	344	241	0	28734
28971	27975	152	255	122	0	28504
28972	27684	283	172	93	0	28232
28973	28025	246	115	118	0	28504
28974	491	110	265	27480	0	28346
28975	347	148	26915	313	0	27723
28976	202	128	330	27106	0	27766
28977	111	25322	249	580	0	26262
28978	93	295	292	27530	0	28210
28979	213	195	26662	420	0	27490
28980	293	110	26783	223	0	27409
28981	179	220	363	25638	0	26400
28982	26617	260	242	288	0	27407
28983	26574	177	152	166	0	27069
28984	26496	107	285	111	0	26999
28985	411	236	26243	124	0	27014
28986	287	166	23602	220	0	24275
28987	202	22427	398	307	0	23334
28988	166	23530	313	263	0	24272
28989	23355	139	166	83	0	23743
28990	24502	67	214	81	0	24864
28991	351	25294	187	54	0	25886
28992	29222	173	156	95	0	29646
28993	28995	272	132	60	0	29459
28994	314	27349	122	84	0	27869
28995	29509	121	113	60	0	29803
28996	31226	94	85	63	0	31468
28997	400	29055	108	87	0	29650
28998	31352	119	51	202	0	31724
28999	30064	60	222	144	0	30490
29000	264	73	29402	160	0	29899
29001	144	233	28058	109	0	28544
29002	102	27190	312	166	0	27770
29003	107	28366	284	113	0	28870
29004	30677	188	268	27	0	31160
29005	27703	115	121	154	0	28093
29006	27871	59	49	99	0	28078
29007	428	27835	79	61	0	28403
29008	369	141	27	30372	0	30909
29009	192	109	29656	129	0	30086
29010	104	70	335	28901	0	29410
29011	102	29136	222	138	0	29598
29012	32534	382	48	73	0	33037
29013	380	31858	80	77	0	32395
29014	239	165	55	32584	0	33043
29015	31975	167	105	138	0	32385
29016	31372	95	81	65	0	31613
29017	327	107	30594	37	0	31065
29018	30880	143	164	15	0	31202
29019	32626	98	49	15	0	32788
29020	33141	49	46	21	0	33257
29021	329	188	82	32145	0	32744
29022	231	30922	96	184	0	31433
29023	233	267	33	33712	0	34245
29024	158	156	33005	218	0	33537
29025	132	32194	517	76	0	32919
29026	49	275	39	33326	0	33689
29027	57	93	32483	265	0	32898
29028	40	31948	298	75	0	32361
29029	33	301	51	33164	0	33549
29030	46	83	33401	289	0	33819
29031	25458	97	403	159	0	26117
29032	287	58	33483	68	0	33896
29033	96	106	32374	42	0	32618
29034	60	30399	399	58	0	30916
29035	44	318	96	32867	0	33325
29036	69	78	63	32802	0	33012
29037	66	29805	194	296	0	30361
29038	73	289	56	34738	0	35156
29039	35408	69	58	301	0	35836
29040	33406	64	49	104	0	33623
29041	363	104	33683	66	0	34216
29042	31125	61	356	83	0	31625
29043	33390	71	75	71	0	33607
29044	460	115	34596	80	0	35251
29045	139	31959	485	78	0	32661
29046	100	34390	149	66	0	34705
29047	119	486	91	33095	0	33791
29048	102	33831	147	268	0	34348
29049	113	534	32058	67	0	32772
29050	112	226	32916	63	0	33317
29051	86	32055	671	49	0	32861
29052	36040	451	113	45	0	36649
29053	37459	141	83	59	0	37742
29054	37623	113	42	63	0	37841
29055	37335	86	74	52	0	37547
29056	36853	72	84	55	0	37064
29057	494	34961	100	62	0	35617
29058	178	511	35357	35	0	36081
29059	143	128	385	36041	0	36697
29060	35522	100	108	414	0	36144
29061	480	31249	129	114	0	31972
29062	201	453	64	30978	0	31696
29063	160	188	30080	415	0	30843
29064	113	27650	535	133	0	28431
29065	81	29354	164	83	0	29682
29066	29826	470	84	59	0	30439
29067	460	28862	151	57	0	29530
29068	156	451	69	28168	0	28844
29069	29087	175	72	406	0	29740
29070	27723	148	68	118	0	28057
29071	27991	128	48	90	0	28257
29072	539	157	25939	51	0	26686
29073	200	25455	454	50	0	26159
29074	27897	455	110	59	0	28521
29075	499	166	87	27916	0	28668
29076	29385	115	71	415	0	29986
29077	668	27897	116	140	0	28821
29078	30979	554	86	78	0	31697
29079	37432	185	79	83	0	37779
29080	1023	153	72	35460	0	36708
29081	367	224	34453	859	0	35903
29082	267	153	811	37111	0	38342
29083	36740	128	251	989	0	38108
29084	37190	134	180	317	0	37821
29085	1099	35764	184	231	0	37278
29086	36467	919	130	194	0	37710
29087	1044	35900	150	151	0	37245
29088	37264	954	94	158	0	38470
29089	37285	355	107	141	0	37888
29090	1278	319	33501	116	0	35214
29091	528	32848	862	150	0	34388
29092	402	914	279	31306	0	32901
29093	330	364	188	32351	0	33233
29094	262	285	193	30695	0	31435
29095	260	30776	185	1069	0	32290
29096	238	990	30095	406	0	31729
29097	244	404	31365	272	0	32285
29098	239	42415	1079	295	0	44028
29099	43508	1329	413	198	0	45448
29100	1374	504	42492	191	0	44561
29101	42338	437	1266	179	0	44220
29102	1563	42103	465	204	0	44335
29103	701	1337	45321	187	0	47546
29104	534	487	1431	45468	0	47920
29105	405	424	45169	1451	0	47449
29106	399	323	47161	479	0	48362
29107	444	296	1750	40339	0	42829
29108	368	42880	795	1228	0	45271
29109	314	46496	521	420	0	47751
29110	46551	1808	317	348	0	49024
29111	1597	748	43261	253	0	45859
29112	43738	459	1381	185	0	45763
29113	43552	295	534	156	0	44537
29114	1794	44253	417	183	0	46647
29115	45360	1496	232	172	0	47260
29116	45481	579	180	228	0	46468
29117	44249	393	224	217	0	45083
29118	1973	43985	282	218	0	46458
29119	946	40901	314	981	0	43142
29120	630	45107	281	136	0	46154
29121	47987	1798	220	92	0	50097
29122	49264	762	181	98	0	50305
29123	1947	534	45408	110	0	47999
29124	917	1870	42685	108	0	45580
29125	46236	318	1458	115	0	48127
29126	47339	277	660	156	0	48432
29127	47405	271	482	237	0	48395
29128	1822	232	376	44716	0	47146
29129	844	212	298	45754	0	47108
29130	623	224	263	46348	0	47458
29131	496	314	260	46826	0	47896
29132	481	423	43270	1768	0	45942
29133	541	334	44374	700	0	45949
29134	568	319	44973	409	0	46269
29135	613	335	44326	248	0	45522
29136	44485	245	1778	238	0	46746
29137	1560	43432	816	253	0	46061
29138	772	44647	517	286	0	46222
29139	43804	1554	377	253	0	45988
29140	1600	724	42676	313	0	45313
29141	753	563	41209	305	0	42830
29142	41215	427	1545	311	0	43498
29143	42259	329	817	322	0	43727
29144	1678	39824	623	299	0	42424
29145	1019	1298	424	40594	0	43335
29146	41035	571	356	1134	0	43096
29147	41680	515	418	420	0	43033
29148	1912	453	349	39183	0	41897
29149	1152	40346	293	1171	0	42962
29150	41025	1385	294	532	0	43236
29151	1716	620	38708	531	0	41575
29152	39453	446	1385	449	0	41733
29153	1511	38566	679	368	0	41124
29154	40522	1327	451	429	0	42729
29155	40884	591	419	438	0	42332
29156	1713	578	40702	346	0	43339
29157	946	500	40236	238	0	41920
29158	40853	353	1755	180	0	43141
29159	42097	322	923	167	0	43509
29160	1775	41029	633	146	0	43583
29161	1008	1459	436	41768	0	44671
29162	897	633	40752	1158	0	43440
29163	41174	450	1490	428	0	43542
29164	1665	512	706	41309	0	44192
29165	937	470	607	43868	0	45882
29166	42958	421	598	1527	0	45504
29167	1609	45451	505	768	0	48333
29168	46817	1430	509	511	0	49267
29169	46454	562	509	397	0	47922
29170	46372	509	413	425	0	47719
29171	2067	44863	426	349	0	47705
29172	46136	1482	379	292	0	48289
29173	2097	582	393	45281	0	48353
29174	1146	534	402	46166	0	48248
29175	1045	510	43162	1601	0	46318
29176	877	480	42135	693	0	44185
29177	813	42399	1477	522	0	45211
29178	892	43877	688	352	0	45809
29179	554	1588	35152	135	0	37429
29180	435	36078	967	172	0	37652
29181	39817	1020	409	185	0	41431
29182	38476	414	297	128	0	39315
29183	40489	355	226	139	0	41209
29184	1432	356	197	38993	0	40978
29185	714	316	201	40277	0	41508
29186	557	322	40866	1187	0	42932
29187	434	40470	958	628	0	42490
29188	41502	994	366	350	0	43212
29189	1172	41163	402	208	0	42945
29190	42757	1123	271	187	0	44338
29191	44170	431	211	198	0	45010
29192	1521	289	205	43286	0	45301
29193	823	230	229	43881	0	45163
29194	575	251	134	44995	0	45955
29195	466	298	41857	1508	0	44129
29196	377	40460	942	817	0	42596
29197	342	41035	433	555	0	42365
29198	205	29728	158	181	0	30272
29199	160	28073	108	192	0	28533
29200	146	28540	97	180	0	28963
29201	26207	674	92	151	0	27124
29202	534	326	27016	108	0	27984
29203	154	24935	324	79	0	25492
29204	136	421	24647	29	0	25233
29205	108	25047	344	63	0	25562
29206	117	413	119	24074	0	24723
29207	94	170	79	25206	0	25549
29208	77	25353	101	383	0	25914
29209	25686	370	98	166	0	26320
29210	373	216	24677	100	0	25366
29211	160	24642	361	109	0	25272
29212	143	443	25428	71	0	26085
29213	103	202	350	25596	0	26251
29214	114	157	131	23940	0	24342
29215	113	24250	127	407	0	24897
29216	104	380	80	26318	0	26882
29217	92	174	83	27203	0	27552
29218	87	26136	98	464	0	26785
29219	104	412	25787	205	0	26508
29220	92	258	25241	142	0	25733
29221	23267	193	394	122	0	23976
29222	24777	174	148	100	0	25199
29223	472	125	106	24264	0	24967
29224	217	144	24014	386	0	24761
29225	168	133	344	23468	0	24113
29226	129	24743	199	423	0	25494
29227	125	388	25338	215	0	26066
29228	90	24987	437	178	0	25692
29229	107	480	25892	131	0	26610
29230	88	25658	412	152	0	26310
29231	26625	506	157	100	0	27388
29232	379	275	129	26095	0	26878
29233	187	236	111	25878	0	26412
29234	182	191	26210	449	0	27032
29235	174	179	25176	238	0	25767
29236	113	25066	501	226	0	25906
29237	26452	417	219	177	0	27265
29238	359	221	163	26062	0	26805
29239	157	224	27482	406	0	28269
29240	124	243	26073	185	0	26625
29241	25633	225	470	148	0	26476
29242	27460	197	210	130	0	27997
29243	494	203	27838	134	0	28669
29244	262	172	405	26843	0	27682
29245	170	27011	253	410	0	27844
29246	28248	411	187	237	0	29083
29247	373	27441	224	232	0	28270
29248	27346	404	114	131	0	27995
29249	349	28056	168	140	0	28713
29250	168	28502	136	128	0	28934
29251	171	483	96	28876	0	29626
29252	123	252	95	28685	0	29155
29253	134	27842	147	458	0	28581
29254	126	472	26530	241	0	27369
29255	135	233	26137	175	0	26680
29256	94	225	25251	164	0	25734
29257	23736	183	478	148	0	24545
29258	25383	168	224	132	0	25907
29259	422	25169	206	141	0	25938
29260	226	463	25658	121	0	26468
29261	141	251	377	26686	0	27455
29262	102	204	27940	450	0	28696
29263	104	219	28236	196	0	28755
29264	112	174	552	32568	0	33406
29265	98	182	287	34294	0	34861
29266	102	251	36152	1078	0	37583
29267	32067	164	761	601	0	33593
29268	734	34563	503	376	0	36176
29269	405	37034	382	234	0	38055
29270	335	1239	227	36531	0	38332
29271	36599	690	226	863	0	38378
29272	914	36509	239	477	0	38139
29273	36534	1134	152	360	0	38180
29274	1088	36599	185	263	0	38135
29275	38902	1281	147	241	0	40571
29276	1353	754	37660	214	0	39981
29277	695	588	39592	186	0	41061
29278	498	333	1147	37819	0	39797
29279	345	328	37563	845	0	39081
29280	272	35934	1232	470	0	37908
29281	219	36002	680	344	0	37245
29282	34394	2994	536	203	0	38127
29283	794	605	282	33480	0	35161
29284	389	34257	257	785	0	35688
29285	35359	930	184	396	0	36869
29286	32852	551	147	276	0	33826
29287	37284	424	118	153	0	37979
29288	1448	254	95	36179	0	37976
29289	780	227	102	37204	0	38313
29290	587	253	35712	1183	0	37735
29291	405	248	34083	678	0	35414
29292	34102	109	1152	435	0	35798
29293	1004	155	614	34454	0	36227
29294	582	188	33880	1008	0	35658
29295	33671	135	976	551	0	35333
29296	998	35173	668	381	0	37220
29297	36692	964	434	271	0	38361
29298	37149	459	282	277	0	38167
29299	37594	328	243	238	0	38403
29300	1794	269	35412	161	0	37636
29301	36024	218	1001	140	0	37383
29302	1566	190	510	33715	0	35981
29303	855	32152	470	943	0	34420
29304	671	35099	347	478	0	36595
29305	36011	1245	267	317	0	37840
29306	36319	638	224	213	0	37394
29307	36716	422	165	229	0	37532
29308	1797	306	139	35378	0	37620
29309	996	294	164	36091	0	37545
29310	749	257	155	35171	0	36332
29311	588	34649	172	1519	0	36928
29312	35224	1049	151	833	0	37257
29313	35692	546	143	589	0	36970
29314	36795	412	132	462	0	37801
29315	1851	371	34015	385	0	36622
29316	35961	320	978	310	0	37569
29317	1789	331	466	32512	0	35098
29318	1050	33030	392	1037	0	35509
29319	34609	1155	253	510	0	36527
29320	34584	573	265	411	0	35833
29321	1948	476	33313	318	0	36055
29322	1151	312	1129	33595	0	36187
29323	774	33994	610	1223	0	36601
29324	35240	1229	424	662	0	37555
29325	1594	639	309	34940	0	37482
29326	992	473	299	33918	0	35682
29327	746	360	281	36507	0	37894
29328	633	345	223	37268	0	38469
29329	604	408	33738	2195	0	36945
29330	558	34424	1250	1247	0	37479
29331	530	1422	568	35673	0	38193
29332	515	854	36326	1732	0	39427
29333	36448	578	1429	1002	0	39457
29334	38179	417	724	772	0	40092
29335	2144	434	552	37428	0	40558
29336	37800	361	447	1755	0	40363
29337	39603	342	378	932	0	41255
29338	2418	478	37057	682	0	40635
29339	1442	36912	1480	549	0	40383
29340	38139	1479	752	505	0	40875
29341	2024	687	551	37258	0	40520
29342	37590	547	493	1664	0	40294
29343	2175	404	435	36700	0	39714
29344	1157	475	357	38309	0	40298
29345	1041	480	34806	2161	0	38488
29346	32594	355	1431	1291	0	35671
29347	1878	36685	686	974	0	40223
29348	1277	1479	36366	735	0	39857
29349	983	36032	1476	711	0	39202
29350	36506	1728	741	623	0	39598
29351	1965	816	573	36302	0	39656
29352	35938	586	423	1740	0	38687
29353	2014	37118	459	972	0	40563
29354	40401	1606	425	751	0	43183
29355	41255	712	338	625	0	42930
29356	41403	505	328	630	0	42866
29357	40991	396	365	551	0	42303
29358	2669	39320	362	532	0	42883
29359	40535	1529	300	498	0	42862
29360	2437	769	328	39629	0	43163
29361	1523	548	240	38700	0	41011
29362	1276	35313	285	1878	0	38752
29363	1003	36013	335	1028	0	38379
29364	757	33121	222	509	0	34609
29365	31220	1202	156	370	0	32948
29366	1141	27133	180	337	0	28791
29367	519	26057	136	232	0	26944
29368	26695	912	119	225	0	27951
29369	25667	330	102	211	0	26310
29370	1111	24790	108	253	0	26262
29371	26386	814	106	215	0	27521
29372	1094	382	25504	206	0	27186
29373	25966	294	649	240	0	27149
29374	1067	321	25711	235	0	27334
29375	483	23284	626	237	0	24630
29376	378	24085	234	226	0	24923
29377	342	773	149	23203	0	24467
29378	23567	334	106	759	0	24766
29379	23905	247	105	359	0	24616
29380	23922	233	122	306	0	24583
29381	23969	255	110	288	0	24622
29382	23994	251	168	263	0	24676
29383	1016	280	21805	263	0	23364
29384	545	325	22119	235	0	23224
29385	23131	263	1248	240	0	24882
29386	928	23301	285	259	0	24773
29387	21376	652	174	214	0	22416
29388	21922	283	149	185	0	22539
29389	22614	240	120	198	0	23172
29390	23046	208	156	217	0	23627
29391	23002	235	153	227	0	23617
29392	1116	263	21852	220	0	23451
29393	23828	260	599	284	0	24971
29394	24512	252	279	317	0	25360
29395	1060	333	22758	395	0	24546
29396	21604	224	504	353	0	22685
29397	22450	273	270	313	0	23306
29398	902	310	23136	268	0	24616
29399	618	282	23672	261	0	24833
29400	628	24056	691	259	0	25634
29401	645	606	339	24960	0	26550
29402	682	352	24702	581	0	26317
29403	25145	312	593	295	0	26345
29404	1091	284	305	26973	0	28653
29405	762	297	26904	630	0	28593
29406	26696	284	639	324	0	27943
29407	27523	295	333	261	0	28412
29408	27887	285	236	244	0	28652
29409	1203	27041	200	305	0	28749
29410	833	650	203	26324	0	28010
29411	704	27201	233	695	0	28833
29412	28035	772	287	346	0	29440
29413	27920	420	247	291	0	28878
29414	1049	421	25816	185	0	27471
29415	717	25751	661	164	0	27293
29416	525	25554	256	153	0	26488
29417	492	729	245	24599	0	26065
29418	509	403	162	25648	0	26722
29419	25405	312	129	606	0	26452
29420	894	24894	155	279	0	26222
29421	623	24924	134	205	0	25886
29422	660	707	23251	119	0	24737
29423	561	23772	466	119	0	24918
29424	24844	620	190	98	0	25752
29425	925	367	23480	122	0	24894
29426	21753	380	507	177	0	22817
29427	630	202	21668	73	0	22573
29428	17886	147	364	97	0	18494
29429	485	21022	161	74	0	21742
29430	23124	391	114	76	0	23705
29431	605	206	22357	56	0	23224
29432	20845	123	283	35	0	21286
29433	21384	82	123	22	0	21611
29434	409	111	22102	22	0	22644
29435	22425	64	249	32	0	22770
29436	22781	43	165	44	0	23033
29437	22082	59	122	34	0	22297
29438	469	20347	95	48	0	20959
29439	21234	267	103	35	0	21639
29440	417	188	20731	29	0	21365
29441	198	20777	311	42	0	21328
29442	22304	284	130	38	0	22756
29443	21629	134	166	39	0	21968
29444	22076	123	88	27	0	22314
29445	545	22952	124	63	0	23684
29446	292	323	94	27029	0	27738
29447	264	214	25188	426	0	26092
29448	207	136	459	25562	0	26364
29449	212	112	25276	540	0	26140
29450	23724	113	550	194	0	24581
29451	560	24892	256	187	0	25895
29452	314	497	195	25198	0	26204
29453	271	24430	128	463	0	25292
29454	231	590	81	23665	0	24567
29455	223	252	84	23665	0	24224
29456	186	24250	125	773	0	25334
29457	167	699	97	24235	0	25198
29458	163	319	111	23815	0	24408
29459	157	23309	150	795	0	24411
29460	181	24787	146	425	0	25539
29461	205	830	132	25231	0	26398
29462	219	455	23953	749	0	25376
29463	176	25308	719	342	0	26545
29464	155	868	272	24665	0	25960
29465	246	432	24766	787	0	26231
29466	176	25618	792	412	0	26998
29467	26105	879	314	284	0	27582
29468	917	449	25373	164	0	26903
29469	26528	310	832	220	0	27890
29470	946	217	335	26757	0	28255
29471	381	259	246	27169	0	28055
29472	344	206	141	27113	0	27804
29473	226	243	25495	1171	0	27135
29474	253	272	25009	483	0	26017
29475	24423	226	994	376	0	26019
29476	893	185	437	26252	0	27767
29477	406	249	25238	963	0	26856
29478	24981	219	875	411	0	26486
29479	990	223	360	25465	0	27038
29480	468	241	320	26221	0	27250
29481	376	218	212	25908	0	26714
29482	242	25417	239	1213	0	27111
29483	268	927	202	24823	0	26220
29484	274	23564	213	1046	0	25097
29485	255	25006	229	486	0	25976
29486	24352	1059	231	393	0	26035
29487	26137	513	214	343	0	27207
29488	26719	356	207	347	0	27629
29489	1208	25539	263	328	0	27338
29490	25605	933	202	328	0	27068
29491	25951	388	225	357	0	26921
29492	1160	345	215	24668	0	26388
29493	546	222	176	24285	0	25229
29494	378	266	22355	1206	0	24205
29495	286	23055	833	643	0	24817
29496	23195	938	349	438	0	24920
29497	23131	448	276	367	0	24222
29498	1049	22142	205	353	0	23749
29499	20814	826	140	295	0	22075
29500	20757	378	142	307	0	21584
29501	986	283	128	20261	0	21658
29502	459	19916	168	862	0	21405
29503	319	20977	166	416	0	21878
29504	19593	893	119	381	0	20986
29505	875	405	135	19306	0	20721
29506	357	346	18268	927	0	19898
29507	17949	252	707	456	0	19364
29508	869	273	19450	417	0	21009
29509	354	19987	786	336	0	21463
29510	20223	856	569	376	0	22024
29511	861	390	20020	355	0	21626
29512	396	349	759	24631	0	26135
29513	343	309	24350	951	0	25953
29514	298	24498	829	477	0	26102
29515	300	894	317	25331	0	26842
29516	325	430	24522	961	0	26238
29517	21912	369	795	518	0	23594
29518	851	24529	326	462	0	26168
29519	398	892	255	24060	0	25605
29520	345	24899	226	850	0	26320
29521	25115	945	220	476	0	26756
29522	24967	430	201	450	0	26048
29523	926	24572	253	394	0	26145
29524	461	899	221	24600	0	26181
29525	365	24859	208	924	0	26356
29526	25148	935	255	458	0	26796
29527	923	507	24655	407	0	26492
29528	463	414	24587	342	0	25806
29529	373	24011	826	342	0	25552
29530	269	23789	342	299	0	24699
29531	308	841	244	24005	0	25398
29532	23879	399	233	736	0	25247
29533	23556	284	240	338	0	24418
29534	22164	233	219	311	0	22927
29535	873	21868	208	301	0	23250
29536	461	733	183	21897	0	23274
29537	397	22079	215	740	0	23431
29538	22519	757	238	365	0	23879
29539	844	307	200	22333	0	23684
29540	386	296	21532	804	0	23018
29541	355	21458	677	352	0	22842
29542	21690	711	249	291	0	22941
29543	790	368	20974	228	0	22360
29544	20195	309	560	293	0	21357
29545	730	19313	227	245	0	20515
29546	200	16613	105	144	0	17062
29547	16537	478	88	122	0	17225
29548	419	16390	104	110	0	17023
29549	16460	490	59	105	0	17114
29550	465	16068	79	83	0	16695
29551	16112	477	451	88	0	17128
29552	16107	184	47	96	0	16434
29553	504	174	17518	98	0	18294
29554	136	108	16668	36	0	16948
29555	110	16842	222	56	0	17230
29556	17556	217	60	58	0	17891
29557	269	124	16745	36	0	17174
29558	16783	86	190	56	0	17115
29559	268	73	70	17049	0	17460
29560	102	67	16203	173	0	16545
29561	67	82	14533	47	0	14729
29562	58	82	15200	40	0	15380
29563	46	14364	75	26	0	14511
29564	618	503	29	14180	0	15330
29565	14318	0	1	1	0	14320
29566	1	3	1	14058	0	14063
29567	14252	0	0	2	0	14254
29568	1	7	0	14145	0	14153
29569	13045	2	0	7	0	13054
29570	13444	1	2	6	0	13453
29571	14653	0	4	1	0	14658
29572	90	15487	25	13	0	15615
29573	54	101	15521	4	0	15680
29574	21	54	90	15827	0	15992
29575	52	176	157	11889	0	12274
29576	10	15	16	16055	0	16096
29577	7	13	12	15784	0	15816
29578	6	15524	29	181	0	15740
29579	8	121	15005	80	0	15214
29580	0	15015	120	57	0	15192
29581	1	124	55	15533	0	15713
29582	2	65	14	15940	0	16021
29583	2	27	11	16066	0	16106
29584	5	22	8	16039	0	16074
29585	0	15279	37	184	0	15500
29586	0	15508	27	93	0	15628
29587	6	172	13304	51	0	13533
29588	1	67	92	13632	0	13792
29589	0	37	50	13837	0	13924
29590	1	22	18	14619	0	14660
29591	14728	18	14	216	0	14976
29592	169	13967	42	122	0	14300
29593	82	196	13809	43	0	14130
29594	14230	71	167	41	0	14509
29595	190	25	71	14666	0	14952
29596	15605	13	24	199	0	15841
29597	208	18	19	15444	0	15689
29598	16103	18	12	211	0	16344
29599	213	14	15	15895	0	16137
29600	15989	4	16	229	0	16238
29601	219	31	17619	112	0	17981
29602	113	8	149	17796	0	18066
29603	51	18422	96	194	0	18763
29604	42	185	32	20543	0	20802
29605	20423	83	26	353	0	20885
29606	318	20557	57	169	0	21101
29607	133	464	14	21447	0	22058
29608	104	19947	38	499	0	20588
29609	59	556	9	20773	0	21397
29610	20	202	8	21133	0	21363
29611	39	152	19747	665	0	20603
29612	22	84	431	16188	0	16725
29613	31	50	15786	639	0	16506
29614	16	15046	540	262	0	15864
29615	15933	462	177	176	0	16748
29616	485	170	15648	113	0	16416
29617	15213	122	493	71	0	15899
29618	16322	87	165	49	0	16623
29619	658	52	130	16704	0	17544
29620	274	68	16660	557	0	17559
29621	16163	43	511	247	0	16964
29622	19379	17	194	197	0	19787
29623	786	42	142	18633	0	19603
29624	368	22	85	19371	0	19846
29625	214	18195	78	835	0	19322
29626	147	587	65	18977	0	19776
29627	87	19362	54	776	0	20279
29628	77	720	18923	368	0	20088
29629	69	318	545	19816	0	20748
29630	19594	169	242	779	0	20784
29631	19889	128	143	378	0	20538
29632	818	19160	136	248	0	20362
29633	379	629	70	19918	0	20996
29634	19953	278	65	690	0	20986
29635	704	20896	97	354	0	22051
29636	21765	810	42	261	0	22878
29637	892	335	52	23144	0	24423
29638	24199	217	44	978	0	25438
29639	1178	314	27701	404	0	29597
29640	475	29275	1095	320	0	31165
29641	29690	1237	398	231	0	31556
29642	1230	29709	313	193	0	31445
29643	31207	1385	148	231	0	32971
29644	32385	545	112	191	0	33233
29645	1805	398	30094	179	0	32476
29646	798	242	1234	30182	0	32456
29647	31718	198	428	1363	0	33707
29648	1579	194	33221	531	0	35525
29649	34031	154	1416	377	0	35978
29650	1692	135	492	34420	0	36739
29651	701	185	33554	1508	0	35948
29652	487	136	1397	34237	0	36257
29653	32201	136	502	1701	0	34540
29654	1568	197	32809	667	0	35241
29655	682	169	1356	33059	0	35266
29656	522	135	537	34816	0	36010
29657	33939	117	379	1906	0	36341
29658	33928	123	256	872	0	35179
29659	1885	33591	282	601	0	36359
29660	910	1391	226	34800	0	37327
29661	675	558	193	35853	0	37279
29662	540	402	199	36649	0	37790
29663	34947	262	236	2146	0	37591
29664	35395	258	219	987	0	36859
29665	2104	255	181	34858	0	37398
29666	1091	33539	253	1756	0	36639
29667	829	1404	207	34148	0	36588
29668	683	34172	262	1723	0	36840
29669	34881	1584	264	851	0	37580
29670	1770	34495	321	726	0	37312
29671	34017	1608	232	555	0	36412
29672	1938	634	257	32464	0	35293
29673	33513	439	270	1664	0	35886
29674	2050	407	33835	845	0	37137
29675	958	35204	1373	731	0	38266
29676	37413	1502	562	574	0	40051
29677	38338	600	377	574	0	39889
29678	2265	453	355	35607	0	38680
29679	1161	35262	342	1597	0	38362
29680	900	1412	255	37765	0	40332
29681	740	587	253	38451	0	40031
29682	798	418	239	38927	0	40382
29683	37411	351	243	2376	0	40381
29684	37976	355	264	1306	0	39901
29685	2172	321	214	37793	0	40500
29686	1200	36644	270	1923	0	40037
29687	39376	1427	247	1042	0	42092
29688	2122	659	37106	844	0	40731
29689	1108	510	1777	38436	0	41831
29690	874	486	37131	1954	0	40445
29691	736	405	1462	38429	0	41032
29692	759	452	38482	2040	0	41733
29693	781	395	1559	39659	0	42394
29694	39752	435	618	2070	0	42875
29695	40356	446	459	1142	0	42403
29696	2234	37192	380	965	0	40771
29697	39499	1486	291	832	0	42108
29698	2218	733	274	37956	0	41181
29699	1228	583	337	39385	0	41533
29700	38831	521	301	2300	0	41953
29701	2202	444	34481	1310	0	38437
29702	1242	509	35350	1078	0	38179
29703	1119	548	36131	897	0	38695
29704	34255	449	1612	830	0	37146
29705	1914	462	35504	819	0	38699
29706	1073	384	33357	856	0	35670
29707	33486	338	1479	780	0	36083
29708	1775	33330	874	693	0	36672
29709	1090	1203	555	35039	0	37887
29710	880	642	458	36728	0	38708
29711	797	547	36221	1899	0	39464
29712	36956	340	1245	1151	0	39692
29713	38249	353	664	974	0	40240
29714	37940	354	537	894	0	39725
29715	1967	332	36515	956	0	39770
29716	36066	302	1222	979	0	38569
29717	1867	357	35048	929	0	38201
29718	1216	34942	1259	878	0	38295
29719	1083	36030	563	794	0	38470
29720	36300	1438	440	697	0	38875
29721	3034	35514	446	761	0	39755
29722	881	35694	382	736	0	37693
29723	36113	1278	381	733	0	38505
29724	1477	36375	482	645	0	38979
29725	37570	1234	415	629	0	39848
29726	1576	544	496	38443	0	41059
29727	942	487	461	38132	0	40022
29728	836	394	406	38524	0	40160
29729	752	473	400	37791	0	39416
29730	711	36162	484	1762	0	39119
29731	37124	1265	382	867	0	39638
29732	1634	38229	355	809	0	41027
29733	932	38681	454	716	0	40783
29734	901	1507	41338	769	0	44515
29735	38744	597	1239	664	0	41244
29736	1533	458	41928	514	0	44433
29737	863	438	41512	474	0	43287
29738	632	42826	1378	389	0	45225
29739	198	41011	304	166	0	41679
29740	41558	1029	151	111	0	42849
29741	881	42534	350	205	0	43970
29742	415	1126	43248	120	0	44909
29743	296	40879	1765	182	0	43122
29744	172	930	45312	110	0	46524
29745	185	407	45093	121	0	45806
29746	43699	214	1269	95	0	45277
29747	980	224	45064	103	0	46371
29748	315	125	1015	42459	0	43914
29749	41522	101	433	814	0	42870
29750	827	39251	479	375	0	40932
29751	403	774	41238	182	0	42597
29752	41811	260	855	119	0	43045
29753	884	181	390	39190	0	40645
29754	403	36455	458	712	0	38028
29755	252	741	39458	263	0	40714
29756	39879	268	881	153	0	41181
29757	890	207	41544	91	0	42732
29758	359	100	959	41456	0	42874
29759	235	159	40106	840	0	41340
29760	165	85	1011	41223	0	42484
29761	40933	72	452	967	0	42424
29762	816	40635	381	444	0	42276
29763	42556	779	199	288	0	43822
29764	1013	363	41356	172	0	42904
29765	424	178	886	41206	0	42694
29766	323	208	40848	879	0	42258
29767	41254	115	995	317	0	42681
29768	41830	113	432	196	0	42571
29769	1186	41151	412	151	0	42900
29770	42092	756	194	117	0	43159
29771	41997	263	172	82	0	42514
29772	1176	173	116	41111	0	42576
29773	567	216	39035	750	0	40568
29774	332	35244	816	301	0	36693
29775	244	771	286	37504	0	38805
29776	37567	279	216	831	0	38893
29777	876	250	36976	365	0	38467
29778	358	178	37012	224	0	37772
29779	246	195	36732	113	0	37286
29780	36863	136	1181	149	0	38329
29781	939	164	36803	112	0	38018
29782	36871	81	1126	88	0	38166
29783	1036	258	33448	83	0	34825
29784	436	36286	1108	110	0	37940
29785	339	814	495	35693	0	37341
29786	316	377	35114	770	0	36577
29787	224	34152	1050	348	0	35774
29788	199	35667	541	222	0	36629
29789	154	1155	373	36059	0	37741
29790	35917	520	278	899	0	37614
29791	897	328	305	36298	0	37828
29792	34550	340	266	1002	0	36158
29793	1056	299	226	35089	0	36670
29794	554	304	33893	1076	0	35827
29795	426	289	34121	488	0	35324
29796	34080	257	1209	375	0	35921
29797	35485	218	656	284	0	36643
29798	1278	281	34121	245	0	35925
29799	34400	256	1187	231	0	36074
29800	1228	344	33943	125	0	35640
29801	709	33265	1289	162	0	35425
29802	618	33540	720	164	0	35042
29803	526	32497	632	168	0	33823
29804	436	1300	571	32121	0	34428
29805	32131	701	527	892	0	34251
29806	32710	571	506	418	0	34205
29807	1361	520	386	32379	0	34646
29808	735	480	30411	1018	0	32644
29809	583	341	1147	31410	0	33481
29810	544	376	30259	1173	0	32352
29811	458	330	1307	29155	0	31250
29812	28850	239	820	1240	0	31149
29813	29699	205	695	641	0	31240
29814	29701	213	572	529	0	31015
29815	29992	215	516	478	0	31201
29816	1639	185	457	28679	0	30960
29817	935	199	455	29722	0	31311
29818	29232	225	431	1279	0	31167
29819	29857	217	402	654	0	31130
29820	1577	202	394	29009	0	31182
29821	859	197	418	28220	0	29694
29822	681	232	368	28326	0	29607
29823	649	242	347	28651	0	29889
29824	26811	238	382	1463	0	28894
29825	1294	247	25822	875	0	28238
29826	677	214	1015	25162	0	27068
29827	25037	174	561	1284	0	27056
29828	1252	212	23870	733	0	26067
29829	815	226	1004	25014	0	27059
29830	748	248	24007	1058	0	26061
29831	582	24167	1185	659	0	26593
29832	528	705	612	22406	0	24251
29833	20998	328	561	881	0	22768
29834	838	231	402	16770	0	18241
29835	566	15461	379	883	0	17289
29836	470	14923	293	458	0	16144
29837	416	12115	199	328	0	13058
29838	287	10406	136	239	0	11068
29839	6445	176	81	125	0	6827
29840	154	32	53	3193	0	3432
29841	115	30	3027	124	0	3296
29842	83	21	99	2916	0	3119
29843	66	35	2667	145	0	2913
29844	2859	27	84	113	0	3083
29845	140	26	45	2878	0	3089
29846	89	23	30	2940	0	3082
29847	68	27	44	2897	0	3036
29848	45	28	37	2991	0	3101
29849	2867	32	38	151	0	3088
29850	2913	24	36	107	0	3080
29851	138	20	46	2910	0	3114
29852	2864	16	63	164	0	3107
29853	97	27	2702	120	0	2946
29854	75	2809	83	98	0	3065
29855	74	70	73	2815	0	3032
29856	79	26	49	2860	0	3014
29857	24	1388	39	76	0	1527
29858	43	47	17	1432	0	1539
29859	31	5	39	1480	0	1555
29860	1459	10	20	77	0	1566
29861	45	4	404	17	0	470
29862	22	12	416	10	0	460
29863	410	4	35	27	0	476
29864	58	11	407	12	0	488
29865	2	1	2	0	0	5
29866	2	1	0	0	0	3
29867	1	0	0	2	0	3
29868	0	0	2	1	0	3
29869	1	0	0	0	0	1
29870	2	1	0	0	0	3
29871	1	1	0	0	0	2
29872	0	1	0	0	0	1
29873	2	0	0	0	0	2
29874	9	0	0	0	0	9
29875	9	0	0	0	0	9
29876	9	0	0	0	0	9
29877	9	0	0	0	0	9
29878	9	0	0	0	0	9
29879	9	0	0	0	0	9
29880	9	0	0	0	0	9
29881	9	0	0	0	0	9
29882	9	0	0	0	0	9
29883	9	0	0	0	0	9
29884	9	0	0	0	0	9
29885	9	0	0	0	0	9
29886	9	0	0	0	0	9
29887	9	0	0	0	0	9
29888	9	0	0	0	0	9
29889	9	0	0	0	0	9
29890	9	0	0	0	0	9
29891	9	0	0	0	0	9
29892	9	0	0	0	0	9
29893	9	0	0	0	0	9
29894	9	0	0	0	0	9
29895	9	0	0	0	0	9
29896	9	0	0	0	0	9
29897	9	0	0	0	0	9
29898	9	0	0	0	0	9
29899	8	0	0	0	0	8
29900	8	0	0	0	0	8
29901	9	0	0	0	0	9
29902	9	0	0	0	0	9
29903	7	0	0	0	0	7
