Pos	A	C	G	T	Other	Total
1	4	0	0	0	0	4
2	0	0	0	6	0	6
3	0	0	0	8	0	8
4	12	0	0	2	0	14
5	44	0	0	0	0	44
6	47	0	0	0	0	47
7	0	0	48	0	0	48
8	0	0	67	0	0	67
9	0	0	0	83	0	83
10	0	0	1	88	0	89
11	0	0	1	122	0	123
12	261	0	0	4	0	265
13	1	0	0	591	0	592
14	1331	0	0	29	0	1360
15	1	2105	2	6	0	2114
16	5	3569	9	23	0	3606
17	19	8	2	7069	0	7098
18	3	9	2	7722	0	7736
19	3	9651	10	27	0	9691
20	2	10482	10	15	0	10509
21	4	11310	13	163	0	11490
22	12076	25	18	42	0	12161
23	17	37	12366	15	0	12435
24	14	43	12538	16	0	12611
25	5	1	26	13441	0	13473
26	14377	0	17	52	0	14446
27	14606	1	3	34	0	14644
28	26	14798	9	27	0	14860
29	17191	17	4	101	0	17313
30	18426	21	4	63	0	18514
31	18899	1	3	22	0	18925
32	35	19072	22	11	0	19140
33	15	19561	21	9	0	19606
34	20013	32	3	36	0	20084
35	20255	17	4	31	0	20307
36	25	20731	21	8	0	20785
37	15	21947	20	27	0	22009
38	22017	30	3	35	0	22085
39	22086	13	1	24	0	22124
40	25	22552	19	21	0	22617
41	28	26	0	23284	0	23338
42	13	15	2	23590	0	23620
43	10	2	1	23671	0	23684
44	3	23706	13	43	0	23765
45	17	73	23235	41	0	23366
46	21929	26	29	35	0	22019
47	31	4	15	23938	0	23988
48	21	24075	18	30	0	24144
49	16	23	2	24218	0	24259
50	14	24421	18	24	0	24477
51	12	20	1	24509	0	24542
52	10	25	5	24716	0	24756
53	16	35	24785	58	0	24894
54	14	4	27	24609	0	24654
55	24544	3	25	52	0	24624
56	28	49	24759	31	0	24867
57	24035	7	24	24	0	24090
58	34	6	21	25018	0	25079
59	27	25194	22	40	0	25283
60	15	34	3	25396	0	25448
61	11	65	25401	40	0	25517
62	15	5	31	25102	0	25153
63	11	9	28	25564	0	25612
64	5	25782	29	83	0	25899
65	24	38	5	25898	0	25965
66	31	25854	23	56	0	25964
67	8	34	3	26030	0	26075
68	25718	26	6	71	0	25821
69	25484	7	5	49	0	25545
70	25906	8	1	31	0	25946
71	110	26219	23	37	0	26389
72	81	54	25822	16	0	25973
73	25104	34	40	30	0	25208
74	26601	6	36	14	0	26657
75	86	27379	25	39	0	27529
76	65	70	2	20922	0	21059
77	15	60	5	21267	0	21347
78	15	12	6	19712	0	19745
79	19921	8	12	216	0	20157
80	19985	8	4	130	0	20127
81	20063	10	6	53	0	20132
82	20269	13	11	40	0	20333
83	190	11	4	20095	0	20300
84	110	20227	20	101	0	20458
85	39	95	3	20695	0	20832
86	25	131	20719	112	0	20987
87	28	17	90	21343	0	21478
88	20	33	21924	130	0	22107
89	26	16	123	21855	0	22020
90	18	34	22557	153	0	22762
91	22	26	22689	167	0	22904
92	11	23496	264	55	0	23826
93	27	145	149	24267	0	24588
94	31	167	25149	147	0	25494
95	32	22	147	24587	0	24788
96	11	25268	185	155	0	25619
97	25234	138	30	185	0	25587
98	140	26248	38	39	0	26465
99	170	159	18	25580	0	25927
100	29	26379	33	149	0	26590
101	22	193	25692	168	0	26075
102	34	209	25739	56	0	26038
103	17	26150	319	64	0	26550
104	30	152	161	26264	0	26607
105	51	197	26388	166	0	26802
106	22	26293	196	194	0	26705
107	26334	157	161	59	0	26711
108	169	162	40	26398	0	26769
109	181	71	27272	185	0	27709
110	40	27396	175	177	0	27788
111	53	160	159	27372	0	27744
112	34	162	35	27528	0	27759
113	25656	48	38	358	0	26100
114	161	77	26740	211	0	27189
115	180	32	153	26278	0	26643
116	64	67	25786	193	0	26110
117	29	23946	199	212	0	24386
118	23227	161	176	79	0	23643
119	149	23039	66	69	0	23323
120	171	193	52	21841	0	22257
121	30	22322	47	173	0	22572
122	21530	181	37	173	0	21921
123	157	21999	50	69	0	22275
124	191	223	21389	63	0	21866
125	45	21687	175	46	0	21953
126	20919	191	168	62	0	21340
127	173	224	21363	58	0	21818
128	187	59	191	21331	0	21768
129	20490	48	198	195	0	20931
130	210	33	54	20088	0	20385
131	20252	39	53	236	0	20580
132	20342	42	34	238	0	20656
133	388	41	39	20170	0	20638
134	248	33	28	20203	0	20512
135	19852	36	39	408	0	20335
136	19745	41	40	261	0	20087
137	410	42	36	19249	0	19737
138	19404	38	32	253	0	19727
139	19367	36	44	252	0	19699
140	388	19308	66	91	0	19853
141	273	208	37	19186	0	19704
142	19323	211	50	247	0	19831
143	19497	55	46	255	0	19853
144	404	50	52	19343	0	19849
145	259	51	36	19566	0	19912
146	19165	45	52	411	0	19673
147	222	19421	61	272	0	19976
148	250	212	44	19245	0	19751
149	71	253	19295	251	0	19870
150	81	78	213	18795	0	19167
151	49	19056	232	246	0	19583
152	61	245	18980	241	0	19527
153	79	220	210	18710	0	19219
154	79	70	217	18679	0	19045
155	62	85	18946	404	0	19497
156	17316	44	216	303	0	17879
157	217	19189	241	109	0	19756
158	19202	214	80	99	0	19595
159	255	240	19055	105	0	19655
160	245	85	19356	85	0	19771
161	18210	54	388	94	0	18746
162	237	19470	249	83	0	20039
163	19453	197	73	88	0	19811
164	254	19713	86	80	0	20133
165	256	243	19537	83	0	20119
166	19116	231	213	93	0	19653
167	253	96	20003	67	0	20419
168	249	61	201	19643	0	20154
169	19715	49	202	234	0	20200
170	19602	44	61	238	0	19945
171	379	19448	82	107	0	20016
172	260	541	56	18655	0	19512
173	108	19314	73	210	0	19705
174	84	236	18933	204	0	19457
175	124	409	172	17376	0	18081
176	65	17406	198	193	0	17862
177	96	174	62	16583	0	16915
178	14744	149	56	190	0	15139
179	131	34	28	16121	0	16314
180	131	16110	44	145	0	16430
181	73	106	28	16239	0	16446
182	60	145	22	16056	0	16283
183	45	16110	51	219	0	16425
184	55	124	37	16083	0	16299
185	71	135	15888	139	0	16233
186	36	15752	139	138	0	16065
187	14616	83	114	69	0	14882
188	119	118	14840	38	0	15115
189	103	57	14613	37	0	14810
190	45	14293	168	32	0	14538
191	150	211	197	13365	0	13923
192	41	89	13097	72	0	13299
193	36	11767	81	85	0	11969
194	37	63	72	11760	0	11932
195	35	63	17	11974	0	12089
196	11706	22	20	123	0	11871
197	70	11893	12	105	0	12080
198	72	88	11235	24	0	11419
199	27	89	11522	22	0	11660
200	24	30	113	11238	0	11405
201	28	13	66	12995	0	13102
202	23	19	19	13091	0	13152
203	22	15253	35	287	0	15597
204	27	197	15726	150	0	16100
205	52	205	184	16167	0	16608
206	23	17535	205	232	0	17995
207	21	18194	66	245	0	18526
208	43	476	19210	68	0	19797
209	26	277	274	19091	0	19668
210	29	68	21455	310	0	21862
211	36	31	358	21293	0	21718
212	30	38	344	21874	0	22286
213	56	55	21732	667	0	22510
214	26	21684	380	419	0	22509
215	21344	334	357	121	0	22156
216	344	355	21964	61	0	22724
217	342	22055	385	61	0	22843
218	72	22513	386	67	0	23038
219	47	709	21831	47	0	22634
220	21374	410	372	48	0	22204
221	379	148	375	19518	0	20420
222	363	22000	124	289	0	22776
223	21938	376	59	332	0	22705
224	365	405	66	20824	0	21660
225	371	21781	66	385	0	22603
226	21906	387	51	392	0	22736
227	369	411	21622	123	0	22525
228	361	21649	390	87	0	22487
229	21042	382	405	98	0	21927
230	331	21361	144	93	0	21929
231	20902	426	84	92	0	21504
232	398	420	82	19928	0	20828
233	352	20323	134	349	0	21158
234	115	402	93	20533	0	21143
235	20087	383	114	453	0	21037
236	348	168	19966	429	0	20911
237	370	124	20240	169	0	20903
238	120	120	715	19612	0	20567
239	91	120	471	19997	0	20679
240	124	111	171	19565	0	19971
241	72	19356	159	759	0	20346
242	92	469	19085	459	0	20105
243	109	441	423	18133	0	19106
244	86	18800	459	413	0	19758
245	129	19215	172	410	0	19926
246	123	734	19066	166	0	20089
247	129	524	19253	101	0	20007
248	118	232	19766	109	0	20225
249	154	176	746	18844	0	19920
250	135	202	19545	372	0	20254
251	151	150	478	19202	0	19981
252	123	171	19536	467	0	20297
253	18256	164	478	440	0	19338
254	437	19903	457	184	0	20981
255	467	21061	166	135	0	21829
256	195	810	22025	142	0	23172
257	21579	541	461	143	0	22724
258	22222	216	463	170	0	23071
259	22466	158	170	181	0	22975
260	905	171	21430	134	0	22640
261	545	167	21899	144	0	22755
262	191	137	890	21254	0	22472
263	21568	117	564	567	0	22816
264	21549	148	217	583	0	22497
265	813	167	21061	250	0	22291
266	21272	153	564	167	0	22156
267	507	140	612	20857	0	22116
268	469	172	21348	543	0	22532
269	150	201	21555	557	0	22463
270	20494	179	968	248	0	21889
271	428	165	21855	202	0	22650
272	21007	134	695	231	0	22067
273	511	160	21868	196	0	22735
274	481	20827	709	231	0	22248
275	176	21641	688	214	0	22719
276	177	846	369	20835	0	22227
277	208	566	310	21673	0	22757
278	213	261	21403	870	0	22747
279	219	231	655	20582	0	21687
280	197	20705	681	516	0	22099
281	203	21113	356	517	0	22189
282	251	21795	310	207	0	22563
283	305	917	268	20857	0	22347
284	277	616	21067	483	0	22443
285	245	270	21128	498	0	22141
286	322	210	939	20417	0	21888
287	258	167	639	20726	0	21790
288	329	193	284	19263	0	20069
289	326	20495	286	812	0	21919
290	20669	446	277	509	0	21901
291	20606	506	255	239	0	21606
292	958	20621	265	207	0	22051
293	653	505	20960	183	0	22301
294	20993	539	579	169	0	22280
295	634	215	21664	159	0	22672
296	21440	192	635	168	0	22435
297	21456	148	616	209	0	22429
298	21655	165	299	191	0	22310
299	21257	164	251	223	0	21895
300	890	20947	305	237	0	22379
301	19344	420	207	251	0	20222
302	462	19511	220	258	0	20451
303	16926	366	199	165	0	17656
304	366	16615	173	163	0	17317
305	318	330	14971	96	0	15715
306	140	1550	298	12418	0	14406
307	79	13697	327	242	0	14345
308	97	12833	116	225	0	13271
309	11425	462	418	294	0	12599
310	10303	159	73	89	0	10624
311	243	10652	53	44	0	10992
312	140	140	63	9989	0	10332
313	67	11038	54	133	0	11292
314	11094	136	48	106	0	11384
315	167	135	11220	41	0	11563
316	171	67	151	10764	0	11153
317	78	17	156	10805	0	11056
318	73	19	54	10945	0	11091
319	63	25	10784	229	0	11101
320	58	10735	142	138	0	11073
321	66	11107	138	39	0	11350
322	72	223	53	11226	0	11574
323	59	137	11444	130	0	11770
324	57	61	144	11323	0	11585
325	56	54	138	11463	0	11711
326	55	60	41	11442	0	11598
327	43	53	48	11403	0	11547
328	11142	44	45	258	0	11489
329	132	11292	61	158	0	11643
330	11287	150	49	57	0	11543
331	153	149	11296	46	0	11644
332	147	72	11427	46	0	11692
333	68	74	208	11042	0	11392
334	61	62	133	10944	0	11200
335	55	11565	64	218	0	11902
336	46	144	11622	144	0	11956
337	38	11943	157	81	0	12219
338	34	137	12013	75	0	12259
339	11005	132	151	80	0	11368
340	141	12011	160	64	0	12376
341	149	156	12099	51	0	12455
342	66	143	127	11915	0	12251
343	50	73	12217	147	0	12487
344	39	12121	161	147	0	12468
345	52	144	141	11759	0	12096
346	47	12186	62	169	0	12464
347	60	148	12130	153	0	12491
348	72	124	134	11949	0	12279
349	12004	51	111	162	0	12328
350	163	11971	41	144	0	12319
351	158	169	11782	44	0	12153
352	68	383	147	11184	0	11782
353	52	64	11705	143	0	11964
354	44	53	10719	101	0	10917
355	35	9947	182	37	0	10201
356	70	82	108	8555	0	8815
357	15	42	27	8627	0	8711
358	10	20	11	8618	0	8659
359	18	14	8747	107	0	8886
360	11	19	8715	52	0	8797
361	7568	13	103	32	0	7716
362	64	21	8657	18	0	8760
363	7990	12	77	18	0	8097
364	57	8540	55	25	0	8677
365	47	68	20	8247	0	8382
366	10	8810	21	59	0	8900
367	9	8959	21	54	0	9043
368	10	100	8758	23	0	8891
369	12	53	60	8580	0	8705
370	9	29	8758	78	0	8874
371	11	27	8391	46	0	8475
372	8018	17	101	30	0	8166
373	60	27	8614	25	0	8726
374	40	20	8509	25	0	8594
375	7972	11	96	26	0	8105
376	55	17	8454	26	0	8552
377	41	14	8652	32	0	8739
378	21	15	89	8160	0	8285
379	12	8609	62	52	0	8735
380	15	57	31	8635	0	8738
381	13	41	22	8541	0	8617
382	8577	10	16	107	0	8710
383	55	17	22	8468	0	8562
384	43	8740	30	70	0	8883
385	8548	63	13	71	0	8695
386	57	64	8637	24	0	8782
387	8166	20	66	25	0	8277
388	65	30	9147	14	0	9256
389	42	24	9402	16	0	9484
390	13	9659	123	26	0	9821
391	9797	64	69	31	0	9961
392	65	10007	33	27	0	10132
393	53	84	9929	20	0	10086
394	27	64	81	8785	0	8957
395	10	9942	70	63	0	10085
396	9973	75	23	58	0	10129
397	9910	63	24	24	0	10021
398	110	10026	30	21	0	10187
399	10168	76	23	22	0	10289
400	79	63	22	9773	0	9937
401	58	10138	30	86	0	10312
402	17	75	26	10302	0	10420
403	14	62	22	10729	0	10827
404	10961	25	22	138	0	11146
405	10792	17	20	72	0	10901
406	10794	15	24	31	0	10864
407	149	23	10810	18	0	11000
408	10573	7	102	20	0	10702
409	106	49	78	10874	0	11107
410	69	14	10982	92	0	11157
411	30	12	10576	68	0	10686
412	16	10535	143	28	0	10722
413	9622	68	80	24	0	9794
414	61	10114	26	13	0	10214
415	63	72	11	9942	0	10088
416	22	50	9	10103	0	10184
417	10	12	10320	101	0	10443
418	12	22	67	9927	0	10028
419	13	10	10409	76	0	10508
420	12	9	10192	53	0	10266
421	7	10247	100	14	0	10368
422	41	48	48	9859	0	9996
423	7	32	12	9725	0	9776
424	9725	9	10	75	0	9819
425	51	12	9845	39	0	9947
426	37	9	55	9876	0	9977
427	9984	3	36	62	0	10085
428	54	11	10207	39	0	10311
429	9868	5	57	18	0	9948
430	10210	9	34	13	0	10266
431	85	17	10571	7	0	10680
432	47	10	56	10279	0	10392
433	26	7	34	10454	0	10521
434	16	13	10759	81	0	10869
435	10279	9	68	52	0	10408
436	10775	6	46	25	0	10852
437	10496	8	18	16	0	10538
438	10569	13	10	12	0	10604
439	10480	15	23	18	0	10536
440	100	27	9445	28	0	9600
441	53	23	10730	15	0	10821
442	22	10746	87	19	0	10874
443	21	65	10748	25	0	10859
444	24	50	64	10412	0	10550
445	43	52	60	8238	0	8393
446	32	18	20	10743	0	10813
447	32	10	17	10850	0	10909
448	27	14	10822	98	0	10961
449	24	10759	62	59	0	10904
450	24	11147	58	32	0	11261
451	33	92	22	10488	0	10635
452	23	11259	18	56	0	11356
453	11213	69	14	54	0	11350
454	11252	42	13	31	0	11338
455	111	11741	17	25	0	11894
456	71	67	17	11710	0	11865
457	35	39	24	12003	0	12101
458	34	23	12044	119	0	12220
459	10809	14	82	80	0	10985
460	12090	8	63	35	0	12196
461	124	12488	41	27	0	12680
462	12575	79	28	32	0	12714
463	109	66	12926	37	0	13138
464	80	12861	100	29	0	13070
465	28	13259	88	27	0	13402
466	38	13153	36	34	0	13261
467	42	140	26	12910	0	13118
468	12954	75	29	95	0	13153
469	106	25	26	13297	0	13454
470	108	25	13804	119	0	14056
471	55	13	127	13811	0	14006
472	39	37	14475	127	0	14678
473	39	18	138	13832	0	14027
474	33	25	117	13062	0	13237
475	24	14180	53	177	0	14434
476	14374	101	28	123	0	14626
477	127	82	44	13829	0	14082
478	108	14307	40	116	0	14571
479	14444	120	28	100	0	14692
480	13199	100	48	57	0	13404
481	14477	34	29	46	0	14586
482	181	14492	41	62	0	14776
483	118	113	14507	48	0	14786
484	57	87	128	14432	0	14704
485	49	87	110	14075	0	14321
486	33	14577	56	203	0	14869
487	54	127	14518	114	0	14813
488	44	89	14227	54	0	14414
489	13398	30	174	54	0	13656
490	144	96	108	13601	0	13949
491	112	30	14052	101	0	14295
492	43	14306	121	86	0	14556
493	61	124	96	13149	0	13430
494	37	14442	44	90	0	14613
495	40	115	14303	75	0	14533
496	13517	92	103	45	0	13757
497	14176	22	92	38	0	14328
498	164	14350	43	49	0	14606
499	108	92	26	14170	0	14396
500	41	87	14262	127	0	14517
501	40	14009	128	116	0	14293
502	13716	112	90	38	0	13956
503	92	13508	28	28	0	13656
504	69	13414	26	30	0	13539
505	51	157	16	12988	0	13212
506	16	13358	25	82	0	13481
507	13177	94	22	78	0	13371
508	87	86	15	13057	0	13245
509	72	32	12791	75	0	12970
510	27	22	12254	72	0	12375
511	20	46	121	11970	0	12157
512	26	12210	78	85	0	12399
513	12227	73	17	76	0	12393
514	72	67	18	11888	0	12045
515	64	34	11858	96	0	12052
516	17	13	81	11788	0	11899
517	18	21	70	11736	0	11845
518	11644	13	12	134	0	11803
519	72	17	14	11395	0	11498
520	63	33	11565	66	0	11727
521	15	29	11756	69	0	11869
522	27	18	122	11760	0	11927
523	25	25	71	12048	0	12169
524	20	31	12443	126	0	12620
525	11050	19	90	93	0	11252
526	83	27	12456	25	0	12591
527	68	12389	77	33	0	12567
528	31	88	72	12413	0	12604
529	32	80	12500	73	0	12685
530	23	39	12440	98	0	12600
531	26	28	134	11971	0	12159
532	12044	27	71	100	0	12242
533	82	38	12377	74	0	12571
534	80	12288	88	28	0	12484
535	12344	84	69	34	0	12531
536	74	78	12496	32	0	12680
537	11994	17	88	35	0	12134
538	12413	17	69	41	0	12540
539	129	12804	34	35	0	13002
540	81	72	31	11923	0	12107
541	21	12636	42	75	0	12774
542	23	92	12421	78	0	12614
543	12075	79	77	47	0	12278
544	12766	21	75	38	0	12900
545	139	39	12877	23	0	13078
546	96	27	12813	29	0	12965
547	22	13232	154	30	0	13438
548	13451	86	89	33	0	13659
549	101	79	25	13225	0	13430
550	92	27	29	12590	0	12738
551	31	13213	23	144	0	13411
552	12938	85	39	93	0	13155
553	99	86	13237	22	0	13444
554	83	28	95	13685	0	13891
555	13947	29	84	134	0	14194
556	146	14344	34	104	0	14628
557	113	145	15987	20	0	16265
558	31	108	16464	22	0	16625
559	42	134	330	15497	0	16003
560	19	16348	147	201	0	16715
561	23	225	16502	130	0	16880
562	21	154	233	16150	0	16558
563	16503	31	138	220	0	16892
564	231	32	17033	144	0	17440
565	147	30	252	17027	0	17456
566	39	28	17610	250	0	17927
567	32	40	17965	154	0	18191
568	62	170	416	17300	0	17948
569	33	26	17810	245	0	18114
570	14478	27	262	182	0	14949
571	236	25	17132	19	0	17412
572	15679	18	241	21	0	15959
573	229	16549	161	18	0	16957
574	16922	221	34	29	0	17206
575	224	17278	38	21	0	17561
576	161	241	16	17062	0	17480
577	30	144	26	17746	0	17946
578	13	31	17469	377	0	17890
579	23	33	17632	163	0	17851
580	15	10	386	17599	0	18010
581	26	29	17953	261	0	18269
582	46	27	275	16787	0	17135
583	18	17484	196	236	0	17934
584	26	17995	67	173	0	18261
585	33	379	59	17610	0	18081
586	29	166	41	17856	0	18092
587	20	55	17646	389	0	18110
588	34	34	251	17093	0	17412
589	32	17402	194	261	0	17889
590	26	17506	90	168	0	17790
591	30	17554	55	69	0	17708
592	37	377	55	15966	0	16435
593	32	16684	77	225	0	17018
594	16313	245	60	175	0	16793
595	248	155	57	16288	0	16748
596	157	49	16364	264	0	16834
597	50	31	268	16272	0	16621
598	36	46	16607	270	0	16959
599	35	44	16656	184	0	16919
600	42	47	16783	73	0	16945
601	39	16387	417	83	0	16926
602	45	273	16675	55	0	17048
603	16352	168	299	76	0	16895
604	16777	55	193	65	0	17090
605	17074	55	86	65	0	17280
606	402	33	63	16775	0	17273
607	16758	53	74	287	0	17172
608	266	16600	89	197	0	17152
609	168	17344	75	102	0	17689
610	17130	393	77	77	0	17677
611	252	213	17425	78	0	17968
612	178	81	278	17287	0	17824
613	59	61	17756	290	0	18166
614	36	80	17862	229	0	18207
615	37	17715	450	88	0	18290
616	57	288	222	16910	0	17477
617	42	200	112	17797	0	18151
618	17532	72	86	444	0	18134
619	267	17777	88	234	0	18366
620	189	18193	100	91	0	18573
621	103	408	17938	83	0	18532
622	55	18285	313	82	0	18735
623	17786	298	219	85	0	18388
624	17872	206	124	86	0	18288
625	385	101	18182	85	0	18753
626	205	82	18316	109	0	18712
627	59	84	478	17310	0	17931
628	81	72	268	17479	0	17900
629	62	17769	131	440	0	18402
630	90	296	127	17612	0	18125
631	94	194	102	17664	0	18054
632	95	17629	138	443	0	18305
633	87	273	121	17619	0	18100
634	71	202	118	17156	0	17547
635	63	17019	147	454	0	17683
636	69	306	17096	243	0	17714
637	93	186	335	17306	0	17920
638	17318	87	249	305	0	17959
639	17168	76	131	205	0	17580
640	428	113	16976	93	0	17610
641	16727	107	304	89	0	17227
642	17044	108	199	109	0	17460
643	402	17004	94	119	0	17619
644	219	288	16583	124	0	17214
645	68	211	16815	112	0	17206
646	73	179	426	16769	0	17447
647	17047	100	276	317	0	17740
648	17745	66	120	234	0	18165
649	425	81	90	18741	0	19337
650	20376	77	90	326	0	20869
651	20962	80	95	254	0	21391
652	20525	82	154	136	0	20897
653	490	103	21104	101	0	21798
654	283	79	21051	85	0	21498
655	19978	57	424	116	0	20575
656	283	87	20587	80	0	21037
657	156	18736	212	49	0	19153
658	111	275	282	17851	0	18519
659	51	152	18709	155	0	19067
660	41	51	18471	130	0	18693
661	47	129	295	17538	0	18009
662	34	22	18224	168	0	18448
663	27	35	17932	133	0	18127
664	24	16861	243	44	0	17172
665	20	17333	135	22	0	17510
666	17193	204	81	32	0	17510
667	131	119	23	16877	0	17150
668	16846	21	15	107	0	16989
669	134	20	17032	95	0	17281
670	106	9	113	16722	0	16950
671	35	22	93	16987	0	17137
672	16286	11	29	209	0	16535
673	112	17009	34	126	0	17281
674	99	117	16392	30	0	16638
675	47	118	16750	16	0	16931
676	21	16883	189	31	0	17124
677	19	107	16652	24	0	16802
678	20	16705	124	12	0	16861
679	31	16081	112	16	0	16240
680	36	196	15687	15	0	15934
681	14593	90	113	12	0	14808
682	108	18	90	16002	0	16218
683	89	16597	37	116	0	16839
684	31	92	17	16212	0	16352
685	16392	84	22	111	0	16609
686	16430	24	22	91	0	16567
687	16410	11	20	34	0	16475
688	179	18	16220	13	0	16430
689	104	9	103	15664	0	15880
690	20	16566	105	100	0	16791
691	16977	94	33	95	0	17199
692	101	83	23	17009	0	17216
693	96	26	17	17007	0	17146
694	26	28	16	17440	0	17510
695	29	26	17146	182	0	17383
696	14992	13	99	145	0	15249
697	112	17334	98	31	0	17575
698	109	90	37	17144	0	17380
699	45	80	27	17256	0	17408
700	16603	18	20	195	0	16836
701	129	27	16996	106	0	17258
702	111	40	17544	26	0	17721
703	41	17473	222	28	0	17764
704	22	124	18038	17	0	18201
705	15612	105	166	41	0	15924
706	112	18205	128	43	0	18488
707	100	155	18090	21	0	18366
708	15344	115	189	36	0	15684
709	141	44	18950	33	0	19168
710	121	18970	166	25	0	19282
711	56	132	114	18826	0	19128
712	42	113	37	19135	0	19327
713	74	41	18839	226	0	19180
714	53	38	18770	128	0	18989
715	45	18696	248	47	0	19036
716	18184	120	142	31	0	18477
717	137	19152	74	30	0	19393
718	125	140	38	18771	0	19074
719	44	128	19001	146	0	19319
720	16785	39	170	122	0	17116
721	143	38	131	18495	0	18807
722	123	18531	81	155	0	18890
723	29	19137	78	124	0	19368
724	40	235	48	18927	0	19250
725	36	135	61	19094	0	19326
726	18678	46	45	243	0	19012
727	137	46	36	19300	0	19519
728	125	45	19324	166	0	19660
729	18343	32	146	151	0	18672
730	19419	29	140	64	0	19652
731	250	46	19641	45	0	19982
732	18697	29	163	49	0	18938
733	170	41	141	20301	0	20653
734	166	44	46	20500	0	20756
735	71	38	43	20696	0	20848
736	64	43	47	20017	0	20171
737	43	20358	57	279	0	20737
738	20512	153	63	154	0	20882
739	21026	152	47	67	0	21292
740	272	71	21755	56	0	22154
741	21729	42	166	72	0	22009
742	22972	46	163	56	0	23237
743	23481	35	64	62	0	23642
744	24337	45	34	52	0	24468
745	347	24110	71	59	0	24587
746	190	287	36	23431	0	23944
747	65	163	23852	191	0	24271
748	68	67	22909	155	0	23199
749	19777	310	446	120	0	20653
750	20203	55	216	54	0	20528
751	228	19706	44	32	0	20010
752	19568	116	33	29	0	19746
753	141	19811	39	26	0	20017
754	139	127	35	19636	0	19937
755	20110	107	26	140	0	20383
756	20084	27	22	114	0	20247
757	20045	20	13	38	0	20116
758	222	19884	34	42	0	20182
759	19972	121	9	36	0	20138
760	150	107	14	20036	0	20307
761	20259	25	24	134	0	20442
762	159	39	19992	104	0	20294
763	137	20249	128	32	0	20546
764	20030	123	105	26	0	20284
765	163	112	20136	27	0	20438
766	138	35	128	19850	0	20151
767	57	42	20484	132	0	20715
768	39	42	20444	112	0	20637
769	60	31	229	19876	0	20196
770	51	35	20846	135	0	21067
771	53	21	134	20552	0	20760
772	60	16	117	20742	0	20935
773	20645	19	36	237	0	20937
774	160	20938	37	129	0	21264
775	124	21532	39	32	0	21727
776	52	22011	38	39	0	22140
777	85	251	21647	34	0	22017
778	64	140	156	21527	0	21887
779	48	56	22168	166	0	22438
780	20369	28	177	140	0	20714
781	21664	26	130	37	0	21857
782	250	21957	60	59	0	22326
783	154	156	33	21331	0	21674
784	47	22147	60	144	0	22398
785	22064	154	33	127	0	22378
786	184	117	28	21991	0	22320
787	149	76	22072	164	0	22461
788	56	21992	171	138	0	22357
789	67	189	22272	46	0	22574
790	66	115	176	21927	0	22284
791	52	68	22039	176	0	22335
792	20472	37	194	150	0	20853
793	176	46	22322	64	0	22608
794	142	22282	192	54	0	22670
795	70	156	150	22170	0	22546
796	56	134	52	22476	0	22718
797	22263	42	52	263	0	22620
798	22273	44	53	154	0	22524
799	283	22255	71	68	0	22677
800	158	175	22131	60	0	22524
801	58	167	21972	51	0	22248
802	21253	49	262	69	0	21633
803	186	56	22077	54	0	22373
804	163	59	21531	48	0	21801
805	77	57	21684	59	0	21877
806	66	68	21534	56	0	21724
807	62	21471	292	54	0	21879
808	21455	173	176	64	0	21868
809	202	141	70	20700	0	21113
810	20886	61	62	163	0	21172
811	186	20809	77	128	0	21200
812	20856	163	64	63	0	21146
813	173	21494	100	51	0	21818
814	168	179	54	20946	0	21347
815	90	22130	76	154	0	22450
816	75	207	21827	142	0	22251
817	61	22372	208	60	0	22701
818	85	186	150	23891	0	24312
819	23991	140	76	215	0	24422
820	240	60	61	24059	0	24420
821	193	74	24131	222	0	24620
822	92	60	230	23142	0	23524
823	72	24121	216	224	0	24633
824	71	248	24174	164	0	24657
825	23713	168	238	73	0	24192
826	238	60	195	24740	0	25233
827	24690	58	94	247	0	25089
828	24401	54	72	189	0	24716
829	327	24673	91	91	0	25182
830	24608	229	79	69	0	24985
831	24509	176	81	79	0	24845
832	339	24667	81	77	0	25164
833	187	233	88	24344	0	24852
834	113	156	84	24104	0	24457
835	69	24407	80	327	0	24883
836	78	226	64	24730	0	25098
837	63	186	24628	225	0	25102
838	79	158	230	24235	0	24702
839	81	75	24203	243	0	24602
840	103	69	22841	158	0	23171
841	49	22777	319	71	0	23216
842	56	22380	181	65	0	22682
843	79	22625	100	57	0	22861
844	148	304	119	21223	0	21794
845	47	143	21558	154	0	21902
846	20636	31	178	125	0	20970
847	166	39	120	21659	0	21984
848	116	47	21839	151	0	22153
849	37	54	21817	116	0	22024
850	33	22034	237	56	0	22360
851	46	194	119	21552	0	21911
852	21446	104	31	171	0	21752
853	150	21214	43	115	0	21522
854	104	21052	49	40	0	21245
855	38	20880	50	41	0	21009
856	38	265	43	20817	0	21163
857	22	21604	58	155	0	21839
858	41	159	40	22594	0	22834
859	37	124	35	23166	0	23362
860	42	59	22966	325	0	23392
861	19442	34	233	260	0	19969
862	208	51	23705	45	0	24009
863	175	90	205	23407	0	23877
864	41	55	23959	223	0	24278
865	25	23673	221	185	0	24104
866	23446	220	193	63	0	23922
867	233	191	44	22994	0	23462
868	173	34	26	23221	0	23454
869	23188	27	37	344	0	23596
870	23026	22	38	198	0	23284
871	23453	40	33	47	0	23573
872	339	43	23359	41	0	23782
873	21630	36	201	60	0	21927
874	186	22827	178	46	0	23237
875	162	22748	48	41	0	22999
876	69	332	48	21877	0	22326
877	44	180	23	21250	0	21497
878	40	21730	46	319	0	22135
879	55	200	25	21663	0	21943
880	20920	166	33	217	0	21336
881	200	62	21754	179	0	22195
882	172	21574	204	62	0	22012
883	20676	209	170	54	0	21109
884	172	21302	60	58	0	21592
885	148	230	21177	60	0	21615
886	59	188	189	20851	0	21287
887	32	75	21263	201	0	21571
888	29	20986	206	183	0	21404
889	50	215	167	20613	0	21045
890	54	183	20817	207	0	21261
891	34	59	20983	185	0	21261
892	58	59	333	20362	0	20812
893	20702	48	182	195	0	21127
894	20772	50	51	173	0	21046
895	20831	37	44	77	0	20989
896	327	62	21051	60	0	21500
897	177	21059	219	47	0	21502
898	61	207	166	20855	0	21289
899	58	176	51	20022	0	20307
900	36	20892	72	336	0	21336
901	20749	202	43	180	0	21174
902	218	177	47	20842	0	21284
903	183	74	20866	231	0	21354
904	57	20887	223	197	0	21364
905	20054	213	179	70	0	20516
906	188	20706	56	85	0	21035
907	183	223	41	20178	0	20625
908	70	178	56	20329	0	20633
909	74	62	56	20203	0	20395
910	58	76	20213	357	0	20704
911	72	62	213	19346	0	19693
912	59	19804	213	233	0	20309
913	54	19432	105	197	0	19788
914	78	337	18998	94	0	19507
915	18093	188	214	97	0	18592
916	18592	81	209	98	0	18980
917	338	18392	73	91	0	18894
918	16620	160	102	84	0	16966
919	16463	136	54	81	0	16734
920	276	16933	77	70	0	17356
921	196	173	48	17036	0	17453
922	122	162	17712	190	0	18186
923	85	72	17302	172	0	17631
924	17168	75	307	85	0	17635
925	198	17680	176	101	0	18155
926	192	178	59	17579	0	18008
927	66	183	54	17786	0	18089
928	83	57	49	17815	0	18004
929	17441	70	53	322	0	17886
930	205	85	54	17587	0	17931
931	210	59	50	17523	0	17842
932	91	89	16992	312	0	17484
933	15717	80	178	212	0	16187
934	194	16830	178	86	0	17288
935	16639	188	52	92	0	16971
936	180	16465	100	72	0	16817
937	197	212	66	15713	0	16188
938	16325	167	61	189	0	16742
939	16345	80	68	186	0	16679
940	288	82	16341	71	0	16782
941	16397	70	185	83	0	16735
942	201	90	16964	65	0	17320
943	184	82	16306	67	0	16639
944	71	63	16430	89	0	16653
945	74	78	17374	62	0	17588
946	89	105	333	17531	0	18058
947	79	70	17911	245	0	18305
948	70	70	247	17614	0	18001
949	17724	59	219	248	0	18250
950	247	54	69	17725	0	18095
951	17271	61	79	261	0	17672
952	224	17641	93	239	0	18197
953	226	266	78	17491	0	18061
954	82	234	17276	275	0	17867
955	62	18206	241	233	0	18742
956	140	419	205	17619	0	18383
957	106	212	17763	246	0	18327
958	47	17350	204	179	0	17780
959	42	17042	170	62	0	17316
960	133	338	16676	77	0	17224
961	99	346	189	15951	0	16585
962	46	47	16191	177	0	16461
963	15102	25	182	150	0	15459
964	15749	16	141	33	0	15939
965	287	15662	42	37	0	16028
966	15800	160	23	28	0	16011
967	185	140	17	15706	0	16048
968	157	37	15583	170	0	15947
969	14636	15	180	172	0	15003
970	186	37	15550	35	0	15808
971	140	15367	184	30	0	15721
972	15575	162	172	38	0	15947
973	186	140	26	15520	0	15872
974	153	42	15663	166	0	16024
975	15372	23	164	151	0	15710
976	15524	8	144	46	0	15722
977	15682	17	28	39	0	15766
978	306	19	19	15462	0	15806
979	170	10	15	15728	0	15923
980	31	32	15661	296	0	16020
981	26	15569	178	159	0	15932
982	34	168	141	15346	0	15689
983	28	142	32	15716	0	15918
984	25	43	15607	294	0	15969
985	34	33	15543	155	0	15765
986	21	15	301	15414	0	15751
987	15191	22	165	183	0	15561
988	166	15396	56	164	0	15782
989	15443	163	37	46	0	15689
990	177	15499	65	60	0	15801
991	162	188	15501	48	0	15899
992	43	160	15690	40	0	15933
993	15014	34	518	44	0	15610
994	17128	41	178	31	0	17378
995	353	17144	64	76	0	17637
996	229	215	16922	48	0	17414
997	66	190	234	16735	0	17225
998	67	43	211	16195	0	16516
999	49	17023	63	393	0	17528
1000	59	211	57	17007	0	17334
1001	48	242	17140	242	0	17672
1002	16704	46	233	238	0	17221
1003	17139	46	214	76	0	17475
1004	17243	36	63	63	0	17405
1005	17470	37	62	55	0	17624
1006	452	36	17077	56	0	17621
1007	16902	30	243	52	0	17227
1008	292	49	17245	53	0	17639
1009	256	17023	286	46	0	17611
1010	88	221	235	16993	0	17537
1011	17349	204	74	249	0	17876
1012	265	45	73	17987	0	18370
1013	243	59	18071	279	0	18652
1014	17971	41	286	250	0	18548
1015	18486	39	239	77	0	18841
1016	483	39	73	18263	0	18858
1017	294	33	69	18522	0	18918
1018	95	38	18267	491	0	18891
1019	77	18314	298	269	0	18958
1020	17749	264	240	80	0	18333
1021	287	220	17250	69	0	17826
1022	16574	51	261	63	0	16949
1023	293	16942	237	54	0	17526
1024	16838	244	72	46	0	17200
1025	299	16608	82	50	0	17039
1026	259	16725	65	49	0	17098
1027	115	431	65	16403	0	17014
1028	87	227	62	16794	0	17170
1029	73	69	54	16900	0	17096
1030	71	61	50	16983	0	17165
1031	72	49	16492	469	0	17082
1032	16023	44	264	278	0	16609
1033	16679	33	238	90	0	17040
1034	17039	38	73	74	0	17224
1035	506	32	65	16563	0	17166
1036	302	29	46	16771	0	17148
1037	16691	34	57	457	0	17239
1038	16822	28	71	243	0	17164
1039	16932	54	57	87	0	17130
1040	509	35	50	16273	0	16867
1041	283	64	51	16063	0	16461
1042	121	44	15536	427	0	16128
1043	97	55	15341	235	0	15728
1044	93	15179	409	95	0	15776
1045	13463	375	414	167	0	14419
1046	13382	169	139	67	0	13757
1047	13416	44	37	74	0	13571
1048	337	38	13468	66	0	13909
1049	13233	35	188	76	0	13532
1050	13500	32	164	59	0	13755
1051	13684	24	57	49	0	13814
1052	366	14	40	13306	0	13726
1053	209	30	39	13344	0	13622
1054	117	16	37	13315	0	13485
1055	82	37	12293	331	0	12743
1056	11257	22	162	197	0	11638
1057	207	11987	151	74	0	12419
1058	11129	132	35	46	0	11342
1059	188	11017	45	37	0	11287
1060	146	11065	31	55	0	11297
1061	105	251	68	10813	0	11237
1062	99	157	54	10570	0	10880
1063	43	10610	39	226	0	10918
1064	10469	133	30	133	0	10765
1065	10477	111	18	62	0	10668
1066	238	43	27	10361	0	10669
1067	147	33	10371	152	0	10703
1068	77	21	10192	133	0	10423
1069	87	27	10518	50	0	10682
1070	93	20	10412	50	0	10575
1071	9707	45	261	59	0	10072
1072	9883	16	126	43	0	10068
1073	240	14	42	9730	0	10026
1074	153	22	9726	148	0	10049
1075	83	17	137	9715	0	9952
1076	57	10004	122	141	0	10324
1077	58	10811	46	115	0	11030
1078	10887	197	27	70	0	11181
1079	10873	130	26	39	0	11068
1080	11062	41	30	37	0	11170
1081	240	35	21	10812	0	11108
1082	149	29	20	11000	0	11198
1083	80	24	20	11088	0	11212
1084	73	24	20	11132	0	11249
1085	74	25	10916	226	0	11241
1086	70	8	116	11006	0	11200
1087	11313	18	108	161	0	11600
1088	158	15	45	11470	0	11688
1089	133	20	42	11564	0	11759
1090	74	61	34	11405	0	11574
1091	57	11176	36	249	0	11518
1092	64	11140	30	140	0	11374
1093	45	11230	27	65	0	11367
1094	46	143	28	9741	0	9958
1095	28	70	27	9853	0	9978
1096	9770	13	15	140	0	9938
1097	9785	18	9	79	0	9891
1098	9909	17	14	29	0	9969
1099	144	16	17	9734	0	9911
1100	90	12	9	9712	0	9823
1101	30	9731	19	141	0	9921
1102	39	9960	20	73	0	10092
1103	9798	129	14	32	0	9973
1104	108	67	11	9765	0	9951
1105	9862	6	15	100	0	9983
1106	10060	8	17	93	0	10178
1107	136	9	23	9915	0	10083
1108	71	10441	19	93	0	10624
1109	10568	71	16	80	0	10735
1110	10918	56	13	45	0	11032
1111	145	16	11196	28	0	11385
1112	10445	10	47	23	0	10525
1113	60	10634	51	11	0	10756
1114	51	45	11	10764	0	10871
1115	11659	42	7	80	0	11788
1116	60	8	5	11714	0	11787
1117	60	8	4	11699	0	11771
1118	15	11783	15	107	0	11920
1119	11723	45	5	65	0	11838
1120	11780	49	1	17	0	11847
1121	103	11798	14	19	0	11934
1122	61	12189	12	10	0	12272
1123	12156	89	3	24	0	12272
1124	12051	49	5	13	0	12118
1125	91	28	11880	9	0	12008
1126	49	21	11443	19	0	11532
1127	22	22	12115	11	0	12170
1128	11	3	90	12161	0	12265
1129	8	3	53	12403	0	12467
1130	13	21	12387	85	0	12506
1131	11997	4	47	69	0	12117
1132	12771	6	46	27	0	12850
1133	12900	8	10	18	0	12936
1134	12763	4	5	18	0	12790
1135	104	26	13850	12	0	13992
1136	13822	3	45	24	0	13894
1137	14239	4	56	28	0	14327
1138	14248	7	12	22	0	14289
1139	14295	4	7	29	0	14335
1140	14210	8	10	28	0	14256
1141	97	20	14526	25	0	14668
1142	56	14608	53	12	0	14729
1143	32	51	44	14641	0	14768
1144	25	46	9	14874	0	14954
1145	18	29	14793	89	0	14929
1146	13790	16	47	65	0	13918
1147	56	11	46	14618	0	14731
1148	66	35	14717	62	0	14880
1149	28	27	14396	64	0	14515
1150	15	15094	96	22	0	15227
1151	13	54	61	15234	0	15362
1152	20	49	15	15294	0	15378
1153	17	19	10	15299	0	15345
1154	15292	9	5	107	0	15413
1155	63	11	8	15326	0	15408
1156	66	28	15259	66	0	15419
1157	41	20	14562	65	0	14688
1158	34	30	16029	23	0	16116
1159	30	21	90	16059	0	16200
1160	16295	8	61	65	0	16429
1161	76	40	16436	53	0	16605
1162	16142	12	53	28	0	16235
1163	18115	9	50	91	0	18265
1164	118	8	9	18450	0	18585
1165	81	7	16	18584	0	18688
1166	34	18758	23	109	0	18924
1167	32	83	18704	63	0	18882
1168	18036	57	57	45	0	18195
1169	75	25	61	19313	0	19474
1170	80	19356	43	65	0	19544
1171	43	62	15	19545	0	19665
1172	45	97	19488	75	0	19705
1173	32	35	64	19195	0	19326
1174	26	19397	97	86	0	19606
1175	32	57	20	19233	0	19342
1176	19107	67	16	96	0	19286
1177	67	20	20	18848	0	18955
1178	77	18685	35	78	0	18875
1179	36	18919	28	87	0	19070
1180	18089	105	19	62	0	18275
1181	74	95	18973	27	0	19169
1182	81	29	65	18796	0	18971
1183	44	16	64	19377	0	19501
1184	37	40	19546	121	0	19744
1185	30	19646	73	102	0	19851
1186	42	82	19646	33	0	19803
1187	37	131	72	18934	0	19174
1188	18	19820	98	73	0	20009
1189	20093	43	35	86	0	20257
1190	55	20216	44	31	0	20346
1191	64	20484	32	38	0	20618
1192	20586	97	40	46	0	20769
1193	20924	59	24	56	0	21063
1194	21090	20	129	47	0	21286
1195	107	22	10	21282	0	21421
1196	74	55	21236	69	0	21434
1197	20621	7	49	90	0	20767
1198	22057	9	56	44	0	22166
1199	118	14	14	22743	0	22889
1200	73	39	22765	89	0	22966
1201	22	22775	82	83	0	22962
1202	22738	54	72	39	0	22903
1203	23413	75	27	64	0	23579
1204	120	23901	39	34	0	24094
1205	91	24229	30	17	0	24367
1206	24124	112	10	44	0	24290
1207	24002	85	11	29	0	24127
1208	23751	22	7	36	0	23816
1209	153	12	10	23562	0	23737
1210	93	37	23753	77	0	23960
1211	36	12	73	23218	0	23339
1212	24	56	23466	91	0	23637
1213	20	23151	83	109	0	23363
1214	16	23261	87	40	0	23404
1215	48	136	35	21755	0	21974
1216	29	59	10	22393	0	22491
1217	29	15	9	22121	0	22174
1218	13	22450	34	122	0	22619
1219	22222	62	8	78	0	22370
1220	21950	65	6	45	0	22066
1221	112	22668	26	36	0	22842
1222	79	63	10	22089	0	22241
1223	16	22404	24	67	0	22511
1224	26	72	3	22315	0	22416
1225	19	22557	29	71	0	22676
1226	22511	63	10	93	0	22677
1227	70	65	11	22308	0	22454
1228	68	40	22246	73	0	22427
1229	21519	8	62	99	0	21688
1230	22077	19	65	48	0	22209
1231	128	70	22052	22	0	22272
1232	86	17	57	21943	0	22103
1233	26	51	22361	75	0	22513
1234	23	19	59	22303	0	22404
1235	28	31	21429	75	0	21563
1236	20134	20	61	94	0	20309
1237	71	12	67	20956	0	21106
1238	70	21167	34	78	0	21349
1239	21584	66	16	90	0	21756
1240	77	81	8	21817	0	21983
1241	82	24	9	21691	0	21806
1242	29	60	21506	141	0	21736
1243	32	22	69	21944	0	22067
1244	26	57	22675	107	0	22865
1245	42	39	23343	104	0	23528
1246	32	19	177	23804	0	24032
1247	41	50	25362	107	0	25560
1248	24849	18	132	153	0	25152
1249	29479	18	140	42	0	29679
1250	31209	26	29	63	0	31327
1251	539	34120	49	45	0	34753
1252	340	349	23	34388	0	35100
1253	105	348	26	31556	0	32035
1254	43	35187	58	576	0	35864
1255	35075	360	40	344	0	35819
1256	354	323	21	34680	0	35378
1257	344	112	35708	367	0	36531
1258	102	85	34552	376	0	35115
1259	40	34547	705	110	0	35402
1260	34669	359	384	73	0	35485
1261	391	375	34782	58	0	35606
1262	32156	73	406	93	0	32728
1263	402	31754	398	74	0	32628
1264	342	370	33105	61	0	33878
1265	102	333	32833	45	0	33313
1266	51	95	33808	48	0	34002
1267	46	32560	756	73	0	33435
1268	96	388	33147	56	0	33687
1269	31700	332	438	55	0	32525
1270	415	94	349	31274	0	32132
1271	362	39	97	32958	0	33456
1272	116	39	44	33293	0	33492
1273	83	51	26	33383	0	33543
1274	78	78	32864	789	0	33809
1275	97	43	374	32721	0	33235
1276	76	45	342	32742	0	33205
1277	32512	42	94	710	0	33358
1278	33102	47	67	441	0	33657
1279	31713	53	98	147	0	32011
1280	720	94	32756	94	0	33664
1281	395	33567	435	102	0	34499
1282	120	34379	382	97	0	34978
1283	32002	717	135	114	0	32968
1284	411	33827	120	75	0	34433
1285	381	470	92	33211	0	34154
1286	141	377	103	33804	0	34425
1287	106	155	33638	739	0	34638
1288	82	32966	507	435	0	33990
1289	102	470	32982	149	0	33703
1290	31937	376	533	127	0	32973
1291	32960	115	406	141	0	33622
1292	790	82	150	32674	0	33696
1293	458	67	128	32419	0	33072
1294	158	70	111	32564	0	32903
1295	136	65	125	32767	0	33093
1296	121	96	32338	882	0	33437
1297	127	120	492	32145	0	32884
1298	120	84	32484	578	0	33266
1299	130	95	31584	476	0	32285
1300	96	31414	825	215	0	32550
1301	31367	440	490	159	0	32456
1302	453	32302	208	168	0	33131
1303	434	522	145	30639	0	31740
1304	161	450	32661	488	0	33760
1305	31314	137	539	456	0	32446
1306	525	128	32803	159	0	33615
1307	32628	89	589	138	0	33444
1308	32877	90	484	127	0	33578
1309	897	94	190	33382	0	34563
1310	564	92	127	33207	0	33990
1311	232	90	132	33573	0	34027
1312	148	140	32657	1023	0	33968
1313	31691	106	534	621	0	32952
1314	571	32325	555	254	0	33705
1315	568	518	184	31584	0	32854
1316	32623	442	149	601	0	33815
1317	32960	162	150	569	0	33841
1318	33359	118	141	253	0	33871
1319	1070	167	32285	203	0	33725
1320	32842	162	577	226	0	33807
1321	32946	188	499	281	0	33914
1322	991	153	30628	304	0	32076
1323	618	190	33530	212	0	34550
1324	286	179	992	32991	0	34448
1325	233	136	34218	653	0	35240
1326	163	32941	827	592	0	34523
1327	181	33978	811	197	0	35167
1328	33083	976	326	172	0	34557
1329	669	34285	279	143	0	35376
1330	655	624	225	33919	0	35423
1331	32973	540	257	650	0	34420
1332	615	34094	250	641	0	35600
1333	555	629	263	33889	0	35336
1334	252	506	255	34368	0	35381
1335	168	222	33775	1112	0	35277
1336	204	127	693	33994	0	35018
1337	220	187	33971	801	0	35179
1338	254	122	33786	691	0	34853
1339	267	105	1014	32744	0	34130
1340	221	101	584	33189	0	34095
1341	32717	92	213	1197	0	34219
1342	680	34713	226	771	0	36390
1343	620	629	193	34208	0	35650
1344	319	931	186	34139	0	35575
1345	32715	162	148	1206	0	34231
1346	733	32062	191	790	0	33776
1347	666	30904	183	272	0	32025
1348	285	29670	176	164	0	30295
1349	157	26399	176	125	0	26857
1350	21407	640	759	115	0	22921
1351	20667	266	172	98	0	21203
1352	20154	76	42	84	0	20356
1353	20138	50	39	78	0	20305
1354	580	54	44	19533	0	20211
1355	293	89	19383	315	0	20080
1356	96	19329	320	273	0	20018
1357	91	313	258	18870	0	19532
1358	83	268	18995	306	0	19652
1359	98	100	283	18844	0	19325
1360	83	55	255	18845	0	19238
1361	83	71	18723	535	0	19412
1362	73	61	301	18747	0	19182
1363	94	49	280	18456	0	18879
1364	18693	54	89	546	0	19382
1365	18502	39	71	331	0	18943
1366	18569	33	67	129	0	18798
1367	18540	60	61	122	0	18783
1368	551	46	63	18062	0	18722
1369	311	53	55	18279	0	18698
1370	124	68	62	18434	0	18688
1371	17968	53	62	576	0	18659
1372	375	64	55	18233	0	18727
1373	348	64	53	18216	0	18681
1374	150	70	17745	578	0	18543
1375	151	107	301	17227	0	17786
1376	134	17345	270	357	0	18106
1377	108	17934	94	323	0	18459
1378	17301	477	71	132	0	17981
1379	362	302	17153	125	0	17942
1380	295	16481	293	113	0	17182
1381	15998	280	314	98	0	16690
1382	319	244	76	15885	0	16524
1383	255	84	15935	344	0	16618
1384	111	147	266	15208	0	15732
1385	78	16169	280	317	0	16844
1386	15988	277	90	270	0	16625
1387	285	16530	80	125	0	17020
1388	16434	318	53	104	0	16909
1389	16583	258	47	106	0	16994
1390	532	80	52	16410	0	17074
1391	317	61	54	15903	0	16335
1392	109	16294	78	523	0	17004
1393	16343	283	55	336	0	17017
1394	331	267	16271	124	0	16993
1395	15911	75	269	117	0	16372
1396	15726	58	228	111	0	16123
1397	501	72	15299	115	0	15987
1398	289	153	255	14641	0	15338
1399	14777	43	240	325	0	15385
1400	295	66	14700	296	0	15357
1401	271	67	14302	118	0	14758
1402	13292	56	438	123	0	13909
1403	264	13380	260	108	0	14012
1404	207	12491	74	73	0	12845
1405	161	399	90	11987	0	12637
1406	89	195	12062	244	0	12590
1407	11349	82	226	204	0	11861
1408	242	53	11872	75	0	12242
1409	183	10974	204	69	0	11430
1410	10855	201	191	79	0	11326
1411	232	159	39	10824	0	11254
1412	10886	58	35	218	0	11197
1413	241	52	10757	182	0	11232
1414	194	39	200	10425	0	10858
1415	67	10818	183	201	0	11269
1416	78	205	42	10774	0	11099
1417	75	189	40	10920	0	11224
1418	93	62	10808	338	0	11301
1419	98	10587	206	188	0	11079
1420	76	10620	183	76	0	10955
1421	81	291	10190	70	0	10632
1422	9494	152	197	63	0	9906
1423	9687	47	153	73	0	9960
1424	315	73	65	9400	0	9853
1425	8964	28	52	181	0	9225
1426	188	8695	63	145	0	9091
1427	156	8907	52	56	0	9171
1428	8855	264	80	65	0	9264
1429	232	175	57	8700	0	9164
1430	8925	37	66	186	0	9214
1431	8992	22	34	154	0	9202
1432	295	23	27	8620	0	8965
1433	157	50	8616	161	0	8984
1434	8466	37	152	131	0	8786
1435	8671	37	115	53	0	8876
1436	280	43	44	8386	0	8753
1437	156	8560	50	175	0	8941
1438	59	187	49	8567	0	8862
1439	58	125	8514	194	0	8891
1440	65	43	8501	143	0	8752
1441	47	8375	258	71	0	8751
1442	153	124	114	5970	0	6361
1443	31	55	49	5961	0	6096
1444	35	22	5963	105	0	6125
1445	5744	18	61	67	0	5890
1446	6051	14	60	27	0	6152
1447	6133	19	22	19	0	6193
1448	6107	14	16	22	0	6159
1449	114	5980	23	19	0	6136
1450	61	6145	21	21	0	6248
1451	6230	109	20	18	0	6377
1452	84	56	10	6356	0	6506
1453	67	18	24	6458	0	6567
1454	32	6519	19	125	0	6695
1455	32	80	15	6544	0	6671
1456	31	65	13	6416	0	6525
1457	25	6454	12	122	0	6613
1458	21	83	6406	77	0	6587
1459	32	61	78	6439	0	6610
1460	6438	22	65	82	0	6607
1461	6432	19	14	72	0	6537
1462	135	15	6376	26	0	6552
1463	77	17	6351	18	0	6463
1464	36	15	6330	18	0	6399
1465	40	18	131	6121	0	6310
1466	28	20	6194	91	0	6333
1467	30	15	6184	61	0	6290
1468	33	57	119	5889	0	6098
1469	32	6244	74	74	0	6424
1470	32	76	6252	75	0	6435
1471	19	6383	78	25	0	6505
1472	6222	80	60	31	0	6393
1473	69	6320	30	35	0	6454
1474	53	76	32	6203	0	6364
1475	6252	58	14	82	0	6406
1476	76	17	25	6260	0	6378
1477	65	14	19	6327	0	6425
1478	32	23	6388	115	0	6558
1479	30	6220	72	75	0	6397
1480	30	6322	70	16	0	6438
1481	28	109	32	5945	0	6114
1482	23	52	11	5982	0	6068
1483	14	22	9	5863	0	5908
1484	10	17	5743	106	0	5876
1485	15	19	5478	53	0	5565
1486	5007	12	92	24	0	5135
1487	46	14	5328	19	0	5407
1488	40	10	5337	18	0	5405
1489	8	5214	79	17	0	5318
1490	34	85	49	5105	0	5273
1491	17	44	5201	48	0	5310
1492	19	9	58	5043	0	5129
1493	13	11	5309	62	0	5395
1494	15	9	56	5276	0	5356
1495	15	9	5523	60	0	5607
1496	7	11	67	5421	0	5506
1497	6	9	36	5402	0	5453
1498	5	5541	21	76	0	5643
1499	3	51	10	5535	0	5599
1500	5	5659	14	63	0	5741
1501	5	56	14	5710	0	5785
1502	7	33	14	5711	0	5765
1503	5526	9	13	93	0	5641
1504	67	7	10	5492	0	5576
1505	41	8	5461	61	0	5571
1506	14	10	60	5450	0	5534
1507	10	11	40	5495	0	5556
1508	13	12	5422	94	0	5541
1509	13	17	5374	43	0	5447
1510	11	14	87	5256	0	5368
1511	4	11	40	5409	0	5464
1512	12	10	5395	100	0	5517
1513	5	5263	65	47	0	5380
1514	6	5404	46	25	0	5481
1515	5324	81	14	27	0	5446
1516	52	34	19	5437	0	5542
1517	5593	8	12	72	0	5685
1518	5454	11	14	45	0	5524
1519	77	5590	21	18	0	5706
1520	5638	52	16	20	0	5726
1521	5662	33	19	20	0	5734
1522	77	5	5649	31	0	5762
1523	33	17	61	5629	0	5740
1524	4	8	5846	73	0	5931
1525	13	12	63	5819	0	5907
1526	9	11	5825	71	0	5916
1527	6	5622	68	41	0	5737
1528	5	5688	45	15	0	5753
1529	27	93	19	5499	0	5638
1530	5445	29	16	67	0	5557
1531	50	10	16	5461	0	5537
1532	35	11	14	5519	0	5579
1533	7	10	5541	89	0	5647
1534	6	7	5544	44	0	5601
1535	6	5	5618	24	0	5653
1536	9	10	83	5480	0	5582
1537	5	15	46	5325	0	5391
1538	10	5513	20	81	0	5624
1539	6	5643	17	45	0	5711
1540	5500	78	11	24	0	5613
1541	52	5592	22	20	0	5686
1542	34	71	5563	22	0	5690
1543	8	32	68	5545	0	5653
1544	12	18	5843	70	0	5943
1545	7	5898	75	45	0	6025
1546	13	86	40	5882	0	6021
1547	5728	32	23	70	0	5853
1548	54	14	5849	49	0	5966
1549	31	5902	63	27	0	6023
1550	9	63	5862	30	0	5964
1551	4	5800	67	20	0	5891
1552	28	100	82	5464	0	5674
1553	5459	34	21	53	0	5567
1554	5425	3	11	39	0	5478
1555	61	5406	16	22	0	5505
1556	5497	44	10	20	0	5571
1557	52	32	10	5487	0	5581
1558	5480	9	17	55	0	5561
1559	50	11	5585	45	0	5691
1560	34	15	5651	22	0	5722
1561	7	13	72	5461	0	5553
1562	9	15	43	5829	0	5896
1563	18	10	5776	82	0	5886
1564	10	14	54	5882	0	5960
1565	5909	5	40	68	0	6022
1566	5912	9	15	56	0	5992
1567	81	5802	24	14	0	5921
1568	41	5804	14	20	0	5879
1569	5659	78	14	25	0	5776
1570	69	40	14	5629	0	5752
1571	5586	14	17	58	0	5675
1572	49	5585	19	46	0	5699
1573	5603	48	17	22	0	5690
1574	54	49	5510	15	0	5628
1575	40	17	5546	22	0	5625
1576	20	21	80	5530	0	5651
1577	14	17	5662	53	0	5746
1578	13	19	48	5457	0	5537
1579	24	5	37	5445	0	5511
1580	12	18	5688	67	0	5785
1581	11	16	51	5697	0	5775
1582	14	5	36	6036	0	6091
1583	17	11	6238	82	0	6348
1584	8	20	6211	42	0	6281
1585	6009	6	85	25	0	6125
1586	63	6	6494	15	0	6578
1587	6534	23	71	14	0	6642
1588	6956	11	51	16	0	7034
1589	100	12	7145	12	0	7269
1590	55	12	7339	17	0	7423
1591	21	22	108	7108	0	7259
1592	15	8	64	6962	0	7049
1593	7	7151	25	92	0	7275
1594	10	7285	18	68	0	7381
1595	13	101	7155	15	0	7284
1596	6839	53	68	14	0	6974
1597	7131	16	54	16	0	7217
1598	105	11	7101	13	0	7230
1599	70	15	7181	15	0	7281
1600	20	11	101	6977	0	7109
1601	9	7298	63	54	0	7424
1602	17	58	14	7348	0	7437
1603	15	50	10	7437	0	7512
1604	7412	12	14	101	0	7539
1605	7436	5	13	62	0	7516
1606	112	8	14	7635	0	7769
1607	54	14	7674	65	0	7807
1608	7238	5	56	60	0	7359
1609	57	7810	56	19	0	7942
1610	7902	50	19	17	0	7988
1611	7694	46	10	20	0	7770
1612	98	7851	16	20	0	7985
1613	54	7975	18	24	0	8071
1614	24	100	16	7929	0	8069
1615	11	54	15	7941	0	8021
1616	12	7924	22	103	0	8061
1617	23	56	11	7941	0	8031
1618	17	53	10	7976	0	8056
1619	14	26	7889	113	0	8042
1620	7598	9	71	69	0	7747
1621	7914	4	59	27	0	8004
1622	7993	11	14	17	0	8035
1623	117	9	20	7858	0	8004
1624	7710	4	20	64	0	7798
1625	77	7667	17	58	0	7819
1626	68	84	13	7205	0	7370
1627	20	7536	21	56	0	7633
1628	13	7720	27	53	0	7813
1629	7695	90	15	24	0	7824
1630	7683	59	21	12	0	7775
1631	7633	13	8	16	0	7670
1632	7616	8	14	15	0	7653
1633	7565	14	12	13	0	7604
1634	111	18	7614	10	0	7753
1635	7453	10	59	22	0	7544
1636	76	12	7826	21	0	7935
1637	7582	14	63	16	0	7675
1638	7720	16	54	22	0	7812
1639	7676	4	26	27	0	7733
1640	109	13	8034	30	0	8186
1641	71	29	60	7608	0	7768
1642	34	8164	59	54	0	8311
1643	8252	52	25	48	0	8377
1644	8125	49	27	26	0	8227
1645	117	8301	23	10	0	8451
1646	8443	55	19	24	0	8541
1647	82	47	18	8210	0	8357
1648	57	8425	21	69	0	8572
1649	8398	58	18	62	0	8536
1650	8417	56	12	31	0	8516
1651	105	28	18	8404	0	8555
1652	8527	11	18	72	0	8628
1653	88	16	19	8559	0	8682
1654	80	13	16	8616	0	8725
1655	40	18	8625	103	0	8786
1656	40	16	65	8493	0	8614
1657	31	18	54	8621	0	8724
1658	40	27	8572	100	0	8739
1659	30	26	8496	64	0	8616
1660	37	12	94	8547	0	8690
1661	32	21	8681	63	0	8797
1662	7848	15	61	61	0	7985
1663	62	8731	61	33	0	8887
1664	66	46	22	8714	0	8848
1665	36	48	21	8863	0	8968
1666	36	18	7	8898	0	8959
1667	8858	14	8	98	0	8978
1668	8875	15	10	60	0	8960
1669	9040	16	9	18	0	9083
1670	104	9020	15	29	0	9168
1671	62	55	6	9053	0	9176
1672	40	46	5	9088	0	9179
1673	9038	27	4	91	0	9160
1674	9004	23	8	57	0	9092
1675	112	12	5	9000	0	9129
1676	65	27	9057	58	0	9207
1677	8789	22	44	59	0	8914
1678	9139	12	42	30	0	9223
1679	105	16	9299	25	0	9445
1680	8604	7	52	33	0	8696
1681	71	15	9390	23	0	9499
1682	8971	7	55	28	0	9061
1683	60	86	42	9224	0	9412
1684	49	9709	28	47	0	9833
1685	47	40	10000	46	0	10133
1686	29	10095	45	18	0	10187
1687	18	9663	39	15	0	9735
1688	9680	77	59	54	0	9870
1689	41	47	24	9539	0	9651
1690	23	5	7	9388	0	9423
1691	9641	2	3	44	0	9690
1692	22	2	3	9761	0	9788
1693	22	3	2	9786	0	9813
1694	8	4	2	9783	0	9797
1695	7	2	3	9731	0	9743
1696	5	9	9704	36	0	9754
1697	6	12	9525	23	0	9566
1698	6	9647	32	16	0	9701
1699	9668	19	20	18	0	9725
1700	28	16	5	9858	0	9907
1701	20	9700	6	32	0	9758
1702	10	26	6	10215	0	10257
1703	15	14	4	10267	0	10300
1704	8	8	3	10314	0	10333
1705	8	5	3	10343	0	10359
1706	6	5	4	10199	0	10214
1707	6	10082	11	59	0	10158
1708	9	26	4	10167	0	10206
1709	13	25	9946	31	0	10015
1710	9	10015	21	34	0	10079
1711	10	27	13	10079	0	10129
1712	8	16	5	10036	0	10065
1713	2	9925	9	47	0	9983
1714	7	10054	7	25	0	10093
1715	9829	33	8	22	0	9892
1716	21	9966	4	11	0	10002
1717	9844	17	11	19	0	9891
1718	9803	13	4	13	0	9833
1719	32	19	10340	7	0	10398
1720	19	7	23	9958	0	10007
1721	6	20	10527	28	0	10581
1722	7	10731	26	22	0	10786
1723	10	37	17	10162	0	10226
1724	9	19	1	10758	0	10787
1725	7	5	3	10916	0	10931
1726	3	6	3	10971	0	10983
1727	9	12	11145	44	0	11210
1728	12	4	24	11062	0	11102
1729	11	14	11250	30	0	11305
1730	13	11	11222	21	0	11267
1731	10511	7	41	33	0	10592
1732	11443	5	17	29	0	11494
1733	11634	6	4	22	0	11666
1734	41	11489	12	32	0	11574
1735	23	25	4	11540	0	11592
1736	8	35	11958	45	0	12046
1737	11	3	35	11851	0	11900
1738	13	26	12340	36	0	12415
1739	11874	4	31	41	0	11950
1740	12054	4	24	27	0	12109
1741	12023	3	8	15	0	12049
1742	52	15	11796	15	0	11878
1743	34	18	11921	17	0	11990
1744	17	20	46	11935	0	12018
1745	10	6	33	11833	0	11882
1746	9	5	7	12106	0	12127
1747	9	11	12130	52	0	12202
1748	8	14	11643	31	0	11696
1749	11717	3	45	17	0	11782
1750	36	4	23	12546	0	12609
1751	26	8	7	12607	0	12648
1752	12794	8	5	58	0	12865
1753	30	7	4	12787	0	12828
1754	13513	3	10	63	0	13589
1755	13770	5	9	56	0	13840
1756	13659	2	9	36	0	13706
1757	56	20	13981	18	0	14075
1758	30	13943	42	19	0	14034
1759	14242	26	19	31	0	14318
1760	39	18	9	14243	0	14309
1761	27	10	6	14111	0	14154
1762	8	14330	17	56	0	14411
1763	14090	31	11	36	0	14168
1764	14096	20	10	36	0	14162
1765	14231	6	10	25	0	14272
1766	58	14456	24	18	0	14556
1767	15093	30	7	40	0	15170
1768	15138	20	4	28	0	15190
1769	15155	11	6	26	0	15198
1770	56	5	7	14918	0	14986
1771	37	3	8	15064	0	15112
1772	16	27	15358	69	0	15470
1773	14	9	34	15113	0	15170
1774	16	6	24	15337	0	15383
1775	17	27	15352	59	0	15455
1776	14424	8	40	46	0	14518
1777	15310	4	22	36	0	15372
1778	62	14	8	15129	0	15213
1779	31	15049	21	41	0	15142
1780	18	15212	16	33	0	15279
1781	26	79	17	14883	0	15005
1782	14	46	14631	54	0	14745
1783	24	44	35	14226	0	14329
1784	20	27	14461	48	0	14556
1785	14	35	14583	28	0	14660
1786	18	4	32	14673	0	14727
1787	14735	5	16	41	0	14797
1788	14430	4	8	39	0	14481
1789	42	3	7	14784	0	14836
1790	27	4	6	14912	0	14949
1791	18	5	6	14894	0	14923
1792	17	8	14	14853	0	14892
1793	14842	5	4	58	0	14909
1794	14763	6	5	43	0	14817
1795	14765	4	8	26	0	14803
1796	48	28	14786	10	0	14872
1797	30	7	22	14657	0	14716
1798	20	8	11	14991	0	15030
1799	14881	4	7	49	0	14941
1800	26	14844	25	26	0	14921
1801	14798	24	8	27	0	14857
1802	14745	15	7	16	0	14783
1803	14674	9	5	25	0	14713
1804	14671	5	13	22	0	14711
1805	53	28	15381	16	0	15478
1806	28	25	14882	13	0	14948
1807	15754	13	48	30	0	15845
1808	16170	5	16	30	0	16221
1809	16151	3	9	24	0	16187
1810	16387	8	7	29	0	16431
1811	60	40	17354	18	0	17472
1812	33	18115	64	23	0	18235
1813	49	60	28	19224	0	19361
1814	20365	39	17	108	0	20529
1815	20797	23	6	84	0	20910
1816	22251	5	12	42	0	22310
1817	22733	5	11	31	0	22780
1818	23071	5	8	43	0	23127
1819	22243	6	29	48	0	22326
1820	272	42	20610	41	0	20965
1821	147	43	21892	14	0	22096
1822	57	42	189	21612	0	21900
1823	42	43	22139	145	0	22369
1824	32	21813	149	113	0	22107
1825	32	22340	125	36	0	22533
1826	48	270	43	22380	0	22741
1827	30	149	23425	137	0	23741
1828	28	53	22929	117	0	23127
1829	22327	12	241	53	0	22633
1830	24893	17	133	38	0	25081
1831	297	18	29	25415	0	25759
1832	26003	12	13	233	0	26261
1833	243	11	22	25947	0	26223
1834	193	8	21	26079	0	26301
1835	63	55	26438	383	0	26939
1836	53	36	25856	209	0	26154
1837	51	10	380	25689	0	26130
1838	46	47	25942	252	0	26287
1839	24484	17	239	226	0	24966
1840	26153	6	189	74	0	26422
1841	397	26864	75	44	0	27380
1842	27210	219	34	57	0	27520
1843	296	203	26933	20	0	27452
1844	26636	32	248	47	0	26963
1845	27396	8	189	58	0	27651
1846	27771	18	42	52	0	27883
1847	484	19	25	26824	0	27352
1848	244	27419	68	237	0	27968
1849	27549	229	39	212	0	28029
1850	27492	186	51	76	0	27805
1851	472	45	39	27607	0	28163
1852	27635	22	31	304	0	27992
1853	315	28087	56	263	0	28721
1854	263	268	47	27780	0	28358
1855	101	263	27700	307	0	28371
1856	24523	49	308	327	0	25207
1857	332	59	27814	99	0	28304
1858	288	65	337	27273	0	27963
1859	104	27665	290	298	0	28357
1860	82	29594	103	267	0	30046
1861	112	542	58	29599	0	30311
1862	81	31165	111	362	0	31719
1863	140	451	54	38978	0	39623
1864	106	339	45	41119	0	41609
1865	104	97	53	42082	0	42336
1866	40341	51	64	1145	0	41601
1867	704	50	45	40937	0	41736
1868	548	109	40012	787	0	41456
1869	169	40276	688	543	0	41676
1870	40170	655	468	160	0	41453
1871	764	462	85	40387	0	41698
1872	599	110	56	40952	0	41717
1873	233	58	54	41620	0	41965
1874	176	121	40430	1226	0	41953
1875	135	40514	708	629	0	41986
1876	40456	674	509	191	0	41830
1877	751	511	139	38036	0	39437
1878	532	40944	138	712	0	42326
1879	40820	689	99	546	0	42154
1880	737	546	40689	188	0	42160
1881	40322	148	695	187	0	41352
1882	773	152	41698	165	0	42788
1883	759	147	41331	125	0	42362
1884	181	40836	1188	226	0	42431
1885	174	703	593	39661	0	41131
1886	164	579	40109	783	0	41635
1887	131	39227	793	629	0	40780
1888	153	702	574	37796	0	39225
1889	128	39380	216	762	0	40486
1890	125	805	39049	617	0	40596
1891	137	559	730	38720	0	40146
1892	125	200	39628	866	0	40819
1893	157	122	759	39196	0	40234
1894	141	111	563	39833	0	40648
1895	133	163	39175	1307	0	40778
1896	146	100	776	39342	0	40364
1897	38307	107	603	894	0	39911
1898	751	38660	224	795	0	40430
1899	604	755	38697	317	0	40373
1900	37776	556	761	303	0	39396
1901	849	198	588	36972	0	38607
1902	640	38744	217	766	0	40367
1903	38970	758	182	654	0	40564
1904	39523	611	157	265	0	40556
1905	1297	215	163	37675	0	39350
1906	730	187	133	38326	0	39376
1907	253	146	149	38743	0	39291
1908	208	152	146	38113	0	38619
1909	159	37296	205	1402	0	39062
1910	288	1258	166	35112	0	36824
1911	163	35944	214	885	0	37206
1912	187	35330	171	793	0	36481
1913	146	34767	230	416	0	35559
1914	241	1205	32551	342	0	34339
1915	145	33415	782	356	0	34698
1916	30738	845	718	421	0	32722
1917	698	31080	275	388	0	32441
1918	576	725	205	28347	0	29853
1919	216	30963	240	861	0	32280
1920	249	780	178	30700	0	31907
1921	244	609	203	31173	0	32229
1922	217	293	30545	1235	0	32290
1923	29397	253	720	756	0	31126
1924	30670	240	532	438	0	31880
1925	30380	205	244	401	0	31230
1926	1107	29703	263	461	0	31534
1927	632	728	236	28802	0	30398
1928	301	604	28603	901	0	30409
1929	215	28430	775	722	0	30142
1930	332	822	536	23616	0	25306
1931	202	26393	321	664	0	27580
1932	25853	691	253	518	0	27315
1933	26192	542	228	261	0	27223
1934	26441	262	263	234	0	27200
1935	26084	241	278	250	0	26853
1936	996	207	288	25081	0	26572
1937	533	220	273	24756	0	25782
1938	202	25325	286	980	0	26793
1939	248	640	224	25607	0	26719
1940	165	559	24950	801	0	26475
1941	172	266	652	24579	0	25669
1942	125	270	24297	828	0	25520
1943	113	23735	723	673	0	25244
1944	144	676	24087	366	0	25273
1945	139	516	720	23638	0	25013
1946	161	250	24044	775	0	25230
1947	161	220	668	23712	0	24761
1948	201	207	515	23807	0	24730
1949	229	203	249	23916	0	24597
1950	247	197	228	23844	0	24516
1951	22775	190	175	1014	0	24154
1952	621	22861	178	601	0	24261
1953	22356	586	151	334	0	23427
1954	614	487	21775	325	0	23201
1955	21495	238	505	287	0	22525
1956	21802	200	361	340	0	22703
1957	958	213	21202	309	0	22682
1958	711	182	20655	290	0	21838
1959	265	20257	743	324	0	21589
1960	208	19217	364	279	0	20068
1961	382	818	17430	365	0	18995
1962	181	15749	478	427	0	16835
1963	466	641	288	7993	0	9388
1964	7031	103	141	128	0	7403
1965	71	24	14	6907	0	7016
1966	6984	20	13	74	0	7091
1967	6935	23	13	55	0	7026
1968	85	7122	12	28	0	7247
1969	7053	53	17	14	0	7137
1970	7035	53	3	20	0	7111
1971	103	15	9	6956	0	7083
1972	7025	20	6	68	0	7119
1973	51	7249	13	53	0	7366
1974	42	52	9	7187	0	7290
1975	7199	41	14	68	0	7322
1976	53	19	7265	53	0	7390
1977	7180	6	52	24	0	7262
1978	69	33	38	7290	0	7430
1979	49	19	7352	48	0	7468
1980	27	17	7255	36	0	7335
1981	6951	47	116	17	0	7131
1982	7073	4	42	23	0	7142
1983	72	7	7	6998	0	7084
1984	41	7	6	7092	0	7146
1985	13	5	4	6998	0	7020
1986	5	7137	15	66	0	7223
1987	7151	35	3	41	0	7230
1988	39	7186	16	14	0	7255
1989	7149	43	9	17	0	7218
1990	48	42	7136	11	0	7237
1991	43	13	37	7130	0	7223
1992	7269	2	40	47	0	7358
1993	52	11	4	7323	0	7390
1994	44	4	1	7183	0	7232
1995	11	7180	15	70	0	7276
1996	7152	38	4	48	0	7242
1997	41	7610	13	8	0	7672
1998	46	56	2	7686	0	7790
1999	20	44	7616	44	0	7724
2000	6739	10	43	62	0	6854
2001	58	7	7559	18	0	7642
2002	7040	8	48	11	0	7107
2003	44	7679	47	48	0	7818
2004	58	49	8	7385	0	7500
2005	21	7733	13	60	0	7827
2006	7784	55	10	56	0	7905
2007	53	46	6	7860	0	7965
2008	52	7	8	7957	0	8024
2009	8	27	7789	97	0	7921
2010	7325	4	52	69	0	7450
2011	64	8	53	7909	0	8034
2012	58	22	7842	60	0	7982
2013	19	7812	63	60	0	7954
2014	12	51	45	7819	0	7927
2015	7901	54	14	61	0	8030
2016	67	12	6	7974	0	8059
2017	52	21	8002	67	0	8142
2018	8214	9	57	55	0	8335
2019	78	9	47	8373	0	8507
2020	60	24	9072	80	0	9236
2021	24	6	90	9251	0	9371
2022	18	10	75	9146	0	9249
2023	16	9400	20	163	0	9599
2024	9361	95	12	91	0	9559
2025	106	9513	25	21	0	9665
2026	9468	106	14	17	0	9605
2027	123	80	8	9080	0	9291
2028	86	9409	12	107	0	9614
2029	25	106	13	9383	0	9527
2030	20	87	9252	123	0	9482
2031	8909	17	97	95	0	9118
2032	114	14	74	9083	0	9285
2033	83	16	36	9056	0	9191
2034	23	15	9	9168	0	9215
2035	15	22	8929	181	0	9147
2036	21	23	8947	95	0	9086
2037	16	8962	180	31	0	9189
2038	24	105	82	8675	0	8886
2039	8704	70	16	118	0	8908
2040	97	8847	23	96	0	9063
2041	96	105	12	9033	0	9246
2042	9257	84	24	123	0	9488
2043	9244	25	9	91	0	9369
2044	179	9327	16	36	0	9558
2045	9915	103	11	41	0	10070
2046	10680	89	12	32	0	10813
2047	232	21	15	10994	0	11262
2048	131	11162	28	147	0	11468
2049	38	157	11	11352	0	11558
2050	11212	124	13	183	0	11532
2051	161	33	11314	151	0	11659
2052	139	17	149	11217	0	11522
2053	35	23	119	11377	0	11554
2054	30	31	11227	277	0	11565
2055	36	14	157	11263	0	11470
2056	11215	21	126	183	0	11545
2057	10708	21	38	160	0	10927
2058	265	12	13	11106	0	11396
2059	139	24	11079	188	0	11430
2060	33	29	10898	151	0	11111
2061	23	10953	272	62	0	11310
2062	42	11046	145	43	0	11276
2063	66	245	40	10578	0	10929
2064	10566	127	20	166	0	10879
2065	152	10561	38	133	0	10884
2066	10529	146	25	54	0	10754
2067	177	124	20	10388	0	10709
2068	130	41	17	10392	0	10580
2069	10121	23	11	270	0	10425
2070	174	10170	23	145	0	10512
2071	10244	158	24	54	0	10480
2072	178	122	9937	39	0	10276
2073	120	47	9742	39	0	9948
2074	48	48	244	9478	0	9818
2075	33	25	9710	166	0	9934
2076	37	35	9520	134	0	9726
2077	42	27	228	9043	0	9340
2078	25	35	9356	161	0	9577
2079	35	15	172	9047	0	9269
2080	34	12	111	9167	0	9324
2081	34	22	9292	245	0	9593
2082	33	20	154	9037	0	9244
2083	30	22	120	8854	0	9026
2084	26	8908	67	252	0	9253
2085	8864	143	31	143	0	9181
2086	153	129	8923	58	0	9263
2087	123	31	154	8828	0	9136
2088	42	18	112	9003	0	9175
2089	35	32	8821	258	0	9146
2090	8288	28	156	153	0	8625
2091	167	8792	125	66	0	9150
2092	125	165	36	8727	0	9053
2093	46	113	29	8673	0	8861
2094	35	8777	38	255	0	9105
2095	42	170	8761	146	0	9119
2096	39	8905	167	64	0	9175
2097	8431	175	137	65	0	8808
2098	155	122	8383	49	0	8709
2099	118	40	153	8226	0	8537
2100	41	44	8491	169	0	8745
2101	35	34	8422	142	0	8633
2102	25	8328	247	65	0	8665
2103	61	156	130	7754	0	8101
2104	7925	99	39	156	0	8219
2105	7919	37	31	126	0	8113
2106	222	7921	61	45	0	8249
2107	118	129	32	7946	0	8225
2108	7976	103	35	161	0	8275
2109	8082	36	34	126	0	8278
2110	220	8007	37	51	0	8315
2111	8112	125	39	39	0	8315
2112	147	102	23	7848	0	8120
2113	114	8171	43	152	0	8480
2114	46	140	30	8302	0	8518
2115	32	126	21	8262	0	8441
2116	35	79	26	8336	0	8476
2117	34	26	8078	238	0	8376
2118	35	37	7626	122	0	7820
2119	25	7634	210	52	0	7921
2120	6776	101	149	41	0	7067
2121	96	6736	50	33	0	6915
2122	82	87	26	6578	0	6773
2123	30	68	6829	100	0	7027
2124	22	47	89	6631	0	6789
2125	25	13	82	6768	0	6888
2126	17	22	36	6865	0	6940
2127	6744	25	19	160	0	6948
2128	83	9	23	6828	0	6943
2129	67	29	7139	92	0	7327
2130	6774	18	86	83	0	6961
2131	7057	25	73	39	0	7194
2132	7246	12	22	37	0	7317
2133	7260	16	18	35	0	7329
2134	7229	18	17	38	0	7302
2135	136	7164	34	30	0	7364
2136	83	69	21	6851	0	7024
2137	26	7140	32	89	0	7287
2138	7078	79	20	75	0	7252
2139	7060	58	16	37	0	7171
2140	6873	17	26	22	0	6938
2141	127	6703	31	21	0	6882
2142	67	6514	20	24	0	6625
2143	29	6554	19	18	0	6620
2144	59	113	6323	28	0	6523
2145	75	374	77	5220	0	5746
2146	9	4847	25	37	0	4918
2147	4	4486	4	8	0	4502
2148	5	10	7	4407	0	4429
2149	2	4	2	4424	0	4432
2150	2	2	4467	11	0	4482
2151	4283	3	8	16	0	4310
2152	9	4	6	4646	0	4665
2153	8	3	1	4666	0	4678
2154	3	7	4671	17	0	4698
2155	4	10	4566	11	0	4591
2156	0	4873	18	6	0	4897
2157	4	14	9	4913	0	4940
2158	4	9	0	4997	0	5010
2159	2	3	4885	19	0	4909
2160	4423	5	9	18	0	4455
2161	4811	2	14	3	0	4830
2162	19	3	4949	7	0	4978
2163	4855	2	9	8	0	4874
2164	12	4	5098	6	0	5120
2165	4998	2	10	3	0	5013
2166	5116	1	9	14	0	5140
2167	21	7	5301	3	0	5332
2168	15	1	10	5245	0	5271
2169	4	3	9	5385	0	5401
2170	5	0	1	5578	0	5584
2171	5541	4	2	31	0	5578
2172	5508	2	11	16	0	5537
2173	27	5	5717	3	0	5752
2174	13	9	5575	8	0	5605
2175	5761	3	28	14	0	5806
2176	5934	5	19	8	0	5966
2177	33	4	5893	6	0	5936
2178	21	3	5819	2	0	5845
2179	2	2	39	5851	0	5894
2180	10	7	6004	17	0	6038
2181	7	1	16	5810	0	5834
2182	6077	1	21	22	0	6121
2183	24	6	6537	22	0	6589
2184	6143	3	34	11	0	6191
2185	32	8	7297	5	0	7342
2186	43	0	38	7200	0	7281
2187	4	4	40	7548	0	7596
2188	11	2	6	7571	0	7590
2189	9	7727	11	84	0	7831
2190	11	44	5	7471	0	7531
2191	14	42	4	7759	0	7819
2192	7671	4	9	91	0	7775
2193	51	12	7685	51	0	7799
2194	7172	2	46	17	0	7237
2195	49	11	7672	6	0	7738
2196	6833	6	49	12	0	6900
2197	50	7568	49	11	0	7678
2198	46	45	7615	13	0	7719
2199	16	46	7606	8	0	7676
2200	18	16	93	6907	0	7034
2201	14	3	48	7530	0	7595
2202	4	10	7608	86	0	7708
2203	11	4	7672	53	0	7740
2204	11	13	8328	11	0	8363
2205	8429	1	86	25	0	8541
2206	8626	5	59	13	0	8703
2207	8610	4	11	13	0	8638
2208	90	4	15	8460	0	8569
2209	59	2	8	8521	0	8590
2210	8	11	8836	95	0	8950
2211	19	3	48	8669	0	8739
2212	10	7	57	8634	0	8708
2213	8646	3	12	97	0	8758
2214	8615	4	10	65	0	8694
2215	8801	3	7	27	0	8838
2216	92	4	15	8774	0	8885
2217	63	5	12	8770	0	8850
2218	17	5	14	8779	0	8815
2219	8680	5	16	104	0	8805
2220	59	7	14	8485	0	8565
2221	61	8683	22	45	0	8811
2222	20	44	22	8387	0	8473
2223	15	8456	24	48	0	8543
2224	8453	43	16	55	0	8567
2225	8244	48	21	27	0	8340
2226	89	8428	25	26	0	8568
2227	51	8587	30	21	0	8689
2228	23	93	28	8461	0	8605
2229	14	59	8253	55	0	8381
2230	26	8	51	8135	0	8220
2231	21	14	8367	65	0	8467
2232	15	8386	61	72	0	8534
2233	19	44	61	8415	0	8539
2234	18	45	20	8506	0	8589
2235	22	16	8763	106	0	8907
2236	31	8	51	8738	0	8828
2237	18	10	9004	67	0	9099
2238	8700	10	60	72	0	8842
2239	9027	4	62	35	0	9128
2240	9122	7	15	38	0	9182
2241	111	9	14	9001	0	9135
2242	73	8	13	9038	0	9132
2243	24	17	9218	115	0	9374
2244	29	27	70	8878	0	9004
2245	19	9124	67	78	0	9288
2246	18	59	9129	68	0	9274
2247	27	66	8917	32	0	9042
2248	35	28	112	8452	0	8627
2249	29	21	9022	65	0	9137
2250	25	26	8925	68	0	9044
2251	8003	17	104	56	0	8180
2252	51	9521	81	38	0	9691
2253	9789	53	19	55	0	9916
2254	9813	55	21	35	0	9924
2255	9984	14	14	46	0	10058
2256	110	11	29	9860	0	10010
2257	79	11	15	9972	0	10077
2258	25	28	9978	112	0	10143
2259	31	8	66	9770	0	9875
2260	19	10058	74	67	0	10218
2261	10056	51	26	68	0	10201
2262	56	10091	33	26	0	10206
2263	66	10079	35	35	0	10215
2264	28	94	25	10024	0	10171
2265	21	67	10211	70	0	10369
2266	30	22	63	10070	0	10185
2267	20	30	10137	73	0	10260
2268	33	10044	70	59	0	10206
2269	9937	51	53	35	0	10076
2270	9987	41	23	34	0	10085
2271	10328	8	24	51	0	10411
2272	97	29	10823	32	0	10981
2273	61	29	10378	32	0	10500
2274	10560	11	88	38	0	10697
2275	10825	8	76	31	0	10940
2276	11048	8	14	38	0	11108
2277	106	5	11	10940	0	11062
2278	65	7	8	11161	0	11241
2279	11122	10	20	101	0	11253
2280	11003	10	22	71	0	11106
2281	94	32	11372	35	0	11533
2282	54	27	11006	15	0	11102
2283	10474	2	45	42	0	10563
2284	42	28	10957	20	0	11047
2285	10008	9	33	31	0	10081
2286	21	25	10391	13	0	10450
2287	18	24	22	10012	0	10076
2288	6	28	10503	15	0	10552
2289	14	4	10	10477	0	10505
2290	14	6	5	10600	0	10625
2291	1	10818	13	24	0	10856
2292	10823	8	3	34	0	10868
2293	12	33	11035	8	0	11088
2294	10409	4	12	22	0	10447
2295	11	11242	19	5	0	11277
2296	11631	7	6	26	0	11670
2297	18	7	3	11647	0	11675
2298	22	2	5	11768	0	11797
2299	8	12103	18	32	0	12161
2300	6	14	6	12620	0	12646
2301	10	18	4	12773	0	12805
2302	14	3	0	12867	0	12884
2303	12511	4	2	62	0	12579
2304	11880	3	7	57	0	11947
2305	53	26	11829	16	0	11924
2306	37	11953	42	17	0	12049
2307	10	20	33	12115	0	12178
2308	13	30	8	12444	0	12495
2309	11	22	12650	68	0	12751
2310	12	6	36	12326	0	12380
2311	12555	3	45	54	0	12657
2312	12619	2	8	65	0	12694
2313	12825	6	7	24	0	12862
2314	83	6	6	12951	0	13046
2315	13544	5	5	88	0	13642
2316	13566	2	6	72	0	13646
2317	13797	3	10	35	0	13845
2318	97	5	4	13801	0	13907
2319	65	2	2	13918	0	13987
2320	19	5	2	13959	0	13985
2321	14	4	2	13840	0	13860
2322	17	2	1	13862	0	13882
2323	12	18	13709	97	0	13836
2324	8	32	13577	66	0	13683
2325	10	13460	92	25	0	13587
2326	10	36	51	13792	0	13889
2327	13	45	8	13881	0	13947
2328	12	6	8	13975	0	14001
2329	14	16	13792	100	0	13922
2330	14	3	41	13665	0	13723
2331	11	34	13796	60	0	13901
2332	15	4	46	13720	0	13785
2333	23	26	14619	66	0	14734
2334	11	14640	63	93	0	14807
2335	19	47	55	14542	0	14663
2336	14	76	14479	60	0	14629
2337	12337	14	57	120	0	12528
2338	51	14681	65	23	0	14820
2339	73	47	8	14775	0	14903
2340	18	14967	19	62	0	15066
2341	16	63	7	14929	0	15015
2342	15088	58	11	81	0	15238
2343	64	14	6	14878	0	14962
2344	61	15013	30	67	0	15171
2345	15030	52	9	81	0	15172
2346	63	61	8	15260	0	15392
2347	74	21	4	15534	0	15633
2348	15755	6	8	145	0	15914
2349	78	6	9	16868	0	16961
2350	92	5	9	20736	0	20842
2351	34	40	21721	369	0	22164
2352	28	35	21836	196	0	22095
2353	31	8	465	21699	0	22203
2354	19	30	22119	293	0	22461
2355	19	48	21727	216	0	22010
2356	20252	6	498	87	0	20843
2357	308	36	22645	57	0	23046
2358	211	22743	374	29	0	23357
2359	59	316	229	22917	0	23521
2360	23559	204	78	337	0	24178
2361	24146	43	34	242	0	24465
2362	24051	22	34	89	0	24196
2363	566	23960	64	55	0	24645
2364	294	337	31	23724	0	24386
2365	87	229	27	24149	0	24492
2366	23282	52	43	584	0	23961
2367	23960	20	29	303	0	24312
2368	24080	23	33	123	0	24259
2369	599	51	24021	66	0	24737
2370	285	23914	414	70	0	24683
2371	90	26297	291	89	0	26767
2372	94	619	95	25729	0	26537
2373	82	322	47	26981	0	27432
2374	68	86	27082	748	0	27984
2375	26396	41	492	411	0	27340
2376	27426	45	358	126	0	27955
2377	808	48	105	27161	0	28122
2378	439	39	55	27429	0	27962
2379	170	21	46	27718	0	27955
2380	27147	23	50	857	0	28077
2381	550	65	26574	433	0	27622
2382	406	71	26940	158	0	27575
2383	151	45	773	26359	0	27328
2384	96	68	26833	541	0	27538
2385	26109	30	537	433	0	27109
2386	26765	30	381	160	0	27336
2387	27062	22	125	117	0	27326
2388	872	26037	125	89	0	27123
2389	26338	470	70	102	0	26980
2390	603	355	56	25872	0	26886
2391	433	103	55	26084	0	26675
2392	175	58	55	26627	0	26915
2393	115	82	25681	925	0	26803
2394	138	71	518	24849	0	25576
2395	119	25476	399	594	0	26588
2396	24814	452	133	450	0	25849
2397	503	25520	114	246	0	26383
2398	415	544	25037	180	0	26176
2399	166	25200	554	139	0	26059
2400	24139	556	457	137	0	25289
2401	505	24477	206	153	0	25341
2402	443	538	162	21104	0	22247
2403	160	24295	174	456	0	25085
2404	24004	528	121	347	0	25000
2405	24308	349	119	167	0	24943
2406	23251	135	130	146	0	23662
2407	874	131	23803	109	0	24917
2408	480	112	23791	113	0	24496
2409	230	120	23702	135	0	24187
2410	23041	113	864	158	0	24176
2411	605	98	451	22936	0	24090
2412	454	75	164	23311	0	24004
2413	209	113	22760	803	0	23885
2414	168	96	508	22878	0	23650
2415	21941	103	378	608	0	23030
2416	544	22076	213	419	0	23252
2417	22467	500	111	189	0	23267
2418	641	394	22103	147	0	23285
2419	22314	177	525	151	0	23167
2420	22627	119	410	137	0	23293
2421	22823	132	160	147	0	23262
2422	907	148	22062	133	0	23250
2423	559	109	508	21950	0	23126
2424	291	107	22267	550	0	23215
2425	260	68	576	22237	0	23141
2426	206	102	22343	595	0	23246
2427	226	71	595	22063	0	22955
2428	201	74	412	22493	0	23180
2429	22130	63	200	854	0	23247
2430	22406	67	150	492	0	23115
2431	22691	53	150	222	0	23116
2432	923	69	146	21323	0	22461
2433	511	20318	173	540	0	21542
2434	243	21288	149	442	0	22122
2435	21075	697	112	201	0	22085
2436	631	413	20844	128	0	22016
2437	20929	127	519	148	0	21723
2438	636	101	20817	153	0	21707
2439	21037	93	542	154	0	21826
2440	20459	71	396	163	0	21089
2441	805	90	21018	177	0	22090
2442	21105	36	547	182	0	21870
2443	21237	66	401	167	0	21871
2444	21325	74	192	140	0	21731
2445	874	20991	175	178	0	22218
2446	503	755	184	20436	0	21878
2447	251	363	20632	522	0	21768
2448	248	165	20734	375	0	21522
2449	200	19211	723	168	0	20302
2450	132	15076	302	86	0	15596
2451	402	355	293	13019	0	14069
2452	12900	170	98	208	0	13376
2453	218	13036	71	182	0	13507
2454	213	211	47	12620	0	13091
2455	119	13090	54	196	0	13459
2456	12581	213	49	169	0	13012
2457	240	169	44	12583	0	13036
2458	182	78	12347	210	0	12817
2459	91	12026	193	169	0	12479
2460	55	11923	188	70	0	12236
2461	83	289	68	10770	0	11210
2462	48	11624	60	151	0	11883
2463	62	213	37	11436	0	11748
2464	11529	149	33	188	0	11899
2465	11538	74	32	148	0	11792
2466	11899	49	36	54	0	12038
2467	11942	47	32	57	0	12078
2468	325	50	11838	43	0	12256
2469	184	11475	168	37	0	11864
2470	85	11377	147	45	0	11654
2471	41	9567	42	15	0	9665
2472	28	9372	34	15	0	9449
2473	8559	151	158	57	0	8925
2474	8368	45	36	19	0	8468
2475	8557	11	7	19	0	8594
2476	8609	8	3	11	0	8631
2477	96	7	8548	1	0	8652
2478	8823	5	51	16	0	8895
2479	9012	7	42	11	0	9072
2480	9105	7	14	8	0	9134
2481	99	3	5	9042	0	9149
2482	53	6	2	9132	0	9193
2483	9206	5	5	89	0	9305
2484	55	6	9	9091	0	9161
2485	47	9103	11	57	0	9218
2486	19	52	2	9235	0	9308
2487	13	42	4	9167	0	9226
2488	7	9242	8	95	0	9352
2489	16	54	3	9232	0	9305
2490	18	44	6	9264	0	9332
2491	9090	4	3	96	0	9193
2492	58	14	8979	41	0	9092
2493	8741	9	53	16	0	8819
2494	67	16	9013	11	0	9107
2495	54	16	8760	6	0	8836
2496	17	11	8983	7	0	9018
2497	8627	8	92	22	0	8749
2498	58	15	9369	13	0	9455
2499	9176	17	56	18	0	9267
2500	9468	4	38	16	0	9526
2501	9559	7	8	9	0	9583
2502	92	9540	11	12	0	9655
2503	9600	52	3	24	0	9679
2504	62	9790	10	8	0	9870
2505	52	58	5	9849	0	9964
2506	17	45	4	9851	0	9917
2507	20	9790	13	79	0	9902
2508	20	9890	14	46	0	9970
2509	19	10079	12	14	0	10124
2510	10027	79	9	17	0	10132
2511	60	10184	21	11	0	10276
2512	10216	55	5	21	0	10297
2513	65	57	10142	11	0	10275
2514	10054	9	51	23	0	10137
2515	10313	11	43	26	0	10393
2516	98	17	10132	16	0	10263
2517	56	7	50	10094	0	10207
2518	20	15	10324	55	0	10414
2519	22	10	50	10176	0	10258
2520	19	11	46	10314	0	10390
2521	10341	8	11	97	0	10457
2522	10311	10	10	51	0	10382
2523	96	10295	10	29	0	10430
2524	10440	52	8	20	0	10520
2525	67	66	10485	9	0	10627
2526	10378	9	54	21	0	10462
2527	65	25	11073	12	0	11175
2528	67	15	10976	11	0	11069
2529	11063	14	112	20	0	11209
2530	11415	12	54	15	0	11496
2531	115	28	11689	11	0	11843
2532	68	24	67	11121	0	11280
2533	28	12	47	11760	0	11847
2534	25	22	11624	114	0	11785
2535	23	13	66	11318	0	11420
2536	28	11335	59	70	0	11492
2537	32	63	17	11886	0	11998
2538	31	53	15	11822	0	11921
2539	24	31	11549	110	0	11714
2540	10527	23	60	67	0	10677
2541	11321	21	56	32	0	11430
2542	11300	10	16	22	0	11348
2543	11170	10	14	15	0	11209
2544	138	11042	26	18	0	11224
2545	85	61	22	10804	0	10972
2546	52	55	10723	60	0	10890
2547	50	15	10636	56	0	10757
2548	42	15	93	10502	0	10652
2549	31	31	10807	84	0	10953
2550	10465	6	64	79	0	10614
2551	72	9	54	10882	0	11017
2552	62	16	18	11006	0	11102
2553	27	16	18	10950	0	11011
2554	10778	12	11	116	0	10917
2555	61	10878	30	72	0	11041
2556	10899	60	22	46	0	11027
2557	10842	48	21	36	0	10947
2558	111	10700	34	27	0	10872
2559	70	10777	33	20	0	10900
2560	11000	80	40	23	0	11143
2561	86	44	29	10954	0	11113
2562	72	15	30	10934	0	11051
2563	11117	13	35	99	0	11264
2564	84	20	11093	53	0	11250
2565	10902	9	77	30	0	11018
2566	11228	9	64	33	0	11334
2567	127	11488	39	24	0	11678
2568	12037	71	13	22	0	12143
2569	12011	48	11	32	0	12102
2570	149	13236	14	42	0	13441
2571	80	13665	26	13	0	13784
2572	139	195	35	13052	0	13421
2573	13270	90	8	121	0	13489
2574	121	13730	11	84	0	13946
2575	103	130	4	13921	0	14158
2576	14245	99	5	144	0	14493
2577	141	34	14284	114	0	14573
2578	120	14	134	14295	0	14563
2579	33	13	14559	142	0	14747
2580	13922	17	161	138	0	14238
2581	14546	10	120	50	0	14726
2582	269	21	14571	22	0	14883
2583	137	14445	165	26	0	14773
2584	42	145	117	14569	0	14873
2585	22	128	14708	151	0	15009
2586	28	23	153	14712	0	14916
2587	37	15	121	15150	0	15323
2588	20	22	15037	255	0	15334
2589	13951	19	157	174	0	14301
2590	15030	13	121	45	0	15209
2591	286	26	15172	24	0	15508
2592	147	15227	166	37	0	15577
2593	52	165	129	14674	0	15020
2594	26	15231	42	145	0	15444
2595	22	15334	30	133	0	15519
2596	15259	266	21	39	0	15585
2597	176	138	21	15283	0	15618
2598	144	36	11	15123	0	15314
2599	40	36	15139	287	0	15502
2600	31	37	14978	155	0	15201
2601	41	22	281	14909	0	15253
2602	31	23	155	15217	0	15426
2603	34	37	15107	298	0	15476
2604	34	48	15029	186	0	15297
2605	28	19	307	15044	0	15398
2606	15225	27	168	202	0	15622
2607	182	15591	52	189	0	16014
2608	15642	179	32	61	0	15914
2609	205	15850	48	47	0	16150
2610	169	15940	44	49	0	16202
2611	15696	313	40	48	0	16097
2612	213	191	15830	37	0	16271
2613	190	44	203	15692	0	16129
2614	72	30	173	16078	0	16353
2615	48	36	54	17007	0	17145
2616	46	53	16977	388	0	17464
2617	49	32	236	17247	0	17564
2618	17489	32	190	270	0	17981
2619	248	23	53	18024	0	18348
2620	211	22	55	18557	0	18845
2621	18582	33	39	454	0	19108
2622	18485	15	41	261	0	18802
2623	427	18453	82	76	0	19038
2624	229	267	18609	67	0	19172
2625	72	213	18524	71	0	18880
2626	60	61	18712	71	0	18904
2627	54	17898	475	44	0	18471
2628	91	251	267	17415	0	18024
2629	55	211	71	17698	0	18035
2630	17565	61	55	436	0	18117
2631	262	36	49	17489	0	17836
2632	221	54	17350	299	0	17924
2633	72	42	277	17460	0	17851
2634	63	32	230	17490	0	17815
2635	58	45	17328	482	0	17913
2636	51	17153	278	287	0	17769
2637	97	258	234	15263	0	15852
2638	63	17131	114	252	0	17560
2639	67	279	17017	245	0	17608
2640	16752	228	277	108	0	17365
2641	17079	73	243	74	0	17469
2642	17304	52	84	85	0	17525
2643	473	42	55	16796	0	17366
2644	251	17076	77	282	0	17686
2645	17031	262	71	262	0	17626
2646	17223	208	79	85	0	17595
2647	17129	66	67	111	0	17373
2648	470	72	16810	115	0	17467
2649	16329	40	287	102	0	16758
2650	300	16643	257	90	0	17290
2651	16533	266	65	100	0	16964
2652	294	16767	76	98	0	17235
2653	16814	277	79	88	0	17258
2654	302	222	16868	94	0	17486
2655	16766	69	285	99	0	17219
2656	16997	57	234	88	0	17376
2657	15811	65	84	91	0	16051
2658	17148	57	68	88	0	17361
2659	492	59	16711	83	0	17345
2660	297	49	281	16505	0	17132
2661	16482	57	230	292	0	17061
2662	303	16509	100	257	0	17169
2663	274	250	69	16310	0	16903
2664	118	221	16153	300	0	16792
2665	112	154	264	16190	0	16720
2666	95	58	16246	310	0	16709
2667	90	15514	282	272	0	16158
2668	77	14891	237	91	0	15296
2669	88	15013	102	88	0	15291
2670	140	431	115	13298	0	13984
2671	91	177	35	13138	0	13441
2672	86	57	12893	296	0	13332
2673	52	12517	178	166	0	12913
2674	11794	149	140	51	0	12134
2675	160	11520	61	49	0	11790
2676	132	11280	45	37	0	11494
2677	266	227	70	10672	0	11235
2678	10664	118	39	143	0	10964
2679	10740	38	36	121	0	10935
2680	227	34	41	10616	0	10918
2681	10595	34	34	137	0	10800
2682	152	31	31	10510	0	10724
2683	129	41	10399	155	0	10724
2684	10312	31	128	134	0	10605
2685	147	42	116	10328	0	10633
2686	130	42	10112	142	0	10426
2687	46	37	9973	121	0	10177
2688	49	40	198	9886	0	10173
2689	10043	32	124	136	0	10335
2690	10066	39	38	117	0	10260
2691	217	10075	41	41	0	10374
2692	10275	119	21	47	0	10462
2693	10230	107	29	33	0	10399
2694	10301	31	23	38	0	10393
2695	231	10337	36	30	0	10634
2696	10416	120	30	38	0	10604
2697	10461	96	21	30	0	10608
2698	219	38	23	10343	0	10623
2699	10105	21	17	131	0	10274
2700	147	9999	40	99	0	10285
2701	104	10168	41	49	0	10362
2702	73	166	29	10031	0	10299
2703	52	110	26	9905	0	10093
2704	41	10067	27	180	0	10315
2705	9883	110	28	89	0	10110
2706	126	9734	30	36	0	9926
2707	9372	97	14	32	0	9515
2708	126	9538	37	18	0	9719
2709	95	110	10	9030	0	9245
2710	50	9650	16	83	0	9799
2711	9596	118	99	80	0	9893
2712	9492	79	48	52	0	9671
2713	9472	36	56	45	0	9609
2714	173	29	9190	24	0	9416
2715	93	29	8515	15	0	8652
2716	32	8205	118	32	0	8387
2717	41	87	7916	24	0	8068
2718	36	60	7526	29	0	7651
2719	24	159	89	6587	0	6859
2720	14	24	6811	41	0	6890
2721	11	6707	37	31	0	6786
2722	6616	38	18	15	0	6687
2723	39	6611	9	7	0	6666
2724	20	6693	8	7	0	6728
2725	6772	54	3	13	0	6842
2726	6836	19	2	10	0	6867
2727	53	7019	4	6	0	7082
2728	7102	37	2	9	0	7150
2729	7076	25	2	7	0	7110
2730	7096	9	2	8	0	7115
2731	58	14	6906	7	0	6985
2732	26	14	6879	7	0	6926
2733	11	10	52	6947	0	7020
2734	13	2	20	7146	0	7181
2735	7153	6	3	56	0	7218
2736	41	7135	9	23	0	7208
2737	20	43	3	7253	0	7319
2738	9	22	1	7332	0	7364
2739	8	10	1	7393	0	7412
2740	8	7	3	7466	0	7484
2741	10	13	7390	56	0	7469
2742	10	23	7385	22	0	7440
2743	8	5	62	7538	0	7613
2744	12	7	7697	47	0	7763
2745	7401	5	56	36	0	7498
2746	58	3	27	7813	0	7901
2747	29	9	7842	55	0	7935
2748	7212	3	53	35	0	7303
2749	56	7810	36	6	0	7908
2750	7779	52	4	5	0	7840
2751	54	8057	9	2	0	8122
2752	25	55	5	7874	0	7959
2753	9	28	7978	50	0	8065
2754	10	6	55	7656	0	7727
2755	3	9	7660	64	0	7736
2756	7449	2	59	27	0	7537
2757	58	4	21	7774	0	7857
2758	7857	6	4	59	0	7926
2759	60	13	7839	29	0	7941
2760	7934	3	54	18	0	8009
2761	8550	4	28	8	0	8590
2762	90	14	8655	6	0	8765
2763	37	10	67	8566	0	8680
2764	16	10	8789	62	0	8877
2765	4	8769	69	29	0	8871
2766	8702	61	43	18	0	8824
2767	8682	30	15	12	0	8739
2768	93	14	8786	13	0	8906
2769	36	10	8803	10	0	8859
2770	14	5	90	8658	0	8767
2771	8	5	39	8855	0	8907
2772	8858	4	10	89	0	8961
2773	60	8962	13	35	0	9070
2774	9086	54	8	18	0	9166
2775	9088	27	8	19	0	9142
2776	87	12	8895	10	0	9004
2777	8551	2	62	15	0	8630
2778	69	13	9071	10	0	9163
2779	55	3	61	9081	0	9200
2780	11	11	9519	69	0	9610
2781	14	4	67	9437	0	9522
2782	11	15	9556	66	0	9648
2783	9215	2	65	39	0	9321
2784	9541	2	34	12	0	9589
2785	90	4	12	9469	0	9575
2786	9754	1	14	78	0	9847
2787	70	2	9	9828	0	9909
2788	28	10072	17	71	0	10188
2789	10039	55	8	39	0	10141
2790	65	10071	21	14	0	10171
2791	43	70	8	10018	0	10139
2792	19	30	6	9884	0	9939
2793	16	9	10	9860	0	9895
2794	17	4	5	9809	0	9835
2795	11	12	9487	91	0	9601
2796	8501	6	64	59	0	8630
2797	9310	6	34	20	0	9370
2798	86	9473	15	17	0	9591
2799	38	58	10	9483	0	9589
2800	20	27	7	9545	0	9599
2801	18	16	9349	96	0	9479
2802	8954	4	69	41	0	9068
2803	68	4	38	9340	0	9450
2804	36	7	9314	66	0	9423
2805	9089	7	65	47	0	9208
2806	9460	5	31	21	0	9517
2807	9497	9	12	19	0	9537
2808	91	12	9297	12	0	9412
2809	43	19	9010	20	0	9092
2810	8898	8	79	19	0	9004
2811	55	13	37	9156	0	9261
2812	35	3	17	9377	0	9432
2813	18	23	9337	71	0	9449
2814	8941	6	44	40	0	9031
2815	56	7	27	9441	0	9531
2816	9776	2	14	69	0	9861
2817	9849	6	19	40	0	9914
2818	9876	1	11	27	0	9915
2819	80	17	10154	20	0	10271
2820	48	4	52	10191	0	10295
2821	10329	3	37	75	0	10444
2822	58	10630	27	35	0	10750
2823	55	55	8	10769	0	10887
2824	27	34	8	10817	0	10886
2825	10619	7	7	99	0	10732
2826	10528	8	16	48	0	10600
2827	97	3	12	10395	0	10507
2828	52	19	10359	67	0	10497
2829	10072	6	57	57	0	10192
2830	72	15	10699	21	0	10807
2831	10641	6	66	28	0	10741
2832	10839	2	46	23	0	10910
2833	126	11	10912	12	0	11061
2834	71	21	65	10946	0	11103
2835	29	16	11554	80	0	11679
2836	20	12311	88	60	0	12479
2837	30	90	63	11758	0	11941
2838	13	12462	27	316	0	12818
2839	16	92	12	12797	0	12917
2840	13	88	13146	95	0	13342
2841	15	13412	104	90	0	13621
2842	18	13761	79	21	0	13879
2843	46	228	26	13677	0	13977
2844	13891	95	26	135	0	14147
2845	129	24	7	15047	0	15207
2846	15448	9	10	164	0	15631
2847	174	15789	12	119	0	16094
2848	17494	169	7	38	0	17708
2849	224	137	18193	19	0	18573
2850	171	27	210	17987	0	18395
2851	49	12	155	18069	0	18285
2852	27	28	18038	351	0	18444
2853	17226	9	222	183	0	17640
2854	17732	15	154	40	0	17941
2855	358	17956	44	26	0	18384
2856	211	243	24	16194	0	16672
2857	44	17836	39	183	0	18102
2858	42	243	17685	140	0	18110
2859	25	182	17864	35	0	18106
2860	63	173	362	17149	0	17747
2861	17120	18	179	216	0	17533
2862	202	16949	47	172	0	17370
2863	17097	203	14	41	0	17355
2864	240	166	16811	17	0	17234
2865	17040	32	208	27	0	17307
2866	17375	23	149	36	0	17583
2867	365	31	17243	30	0	17669
2868	197	22	211	16867	0	17297
2869	17259	17	156	217	0	17649
2870	17332	16	36	171	0	17555
2871	17409	15	25	55	0	17504
2872	384	20	21	17074	0	17499
2873	209	31	17026	215	0	17481
2874	16720	19	220	177	0	17136
2875	241	38	17385	54	0	17718
2876	199	12	237	17065	0	17513
2877	70	27	176	16753	0	17026
2878	53	17161	45	371	0	17630
2879	45	218	17046	180	0	17489
2880	47	16749	240	54	0	17090
2881	56	16879	192	69	0	17196
2882	51	358	67	16705	0	17181
2883	42	202	16746	240	0	17230
2884	61	59	228	16755	0	17103
2885	62	53	16873	250	0	17238
2886	73	41	240	16534	0	16888
2887	68	35	170	16514	0	16787
2888	58	60	16038	383	0	16539
2889	63	38	244	15980	0	16325
2890	68	46	16209	269	0	16592
2891	70	48	16082	198	0	16398
2892	70	15996	406	80	0	16552
2893	16057	226	197	80	0	16560
2894	253	191	16028	66	0	16538
2895	15540	53	275	56	0	15924
2896	288	40	193	16127	0	16648
2897	234	56	15964	263	0	16517
2898	69	15934	280	225	0	16508
2899	85	241	195	15818	0	16339
2900	70	207	15976	259	0	16512
2901	85	84	280	14943	0	15392
2902	72	15852	216	271	0	16411
2903	15990	239	87	207	0	16523
2904	277	206	64	15967	0	16514
2905	16018	75	60	271	0	16424
2906	16107	56	71	232	0	16466
2907	16256	44	68	106	0	16474
2908	16248	57	63	98	0	16466
2909	15897	43	84	86	0	16110
2910	424	15451	100	86	0	16061
2911	251	236	80	15460	0	16027
2912	131	187	69	15600	0	15987
2913	120	50	70	15668	0	15908
2914	94	72	15123	437	0	15726
2915	96	15078	280	262	0	15716
2916	15405	249	220	96	0	15970
2917	15548	192	103	77	0	15920
2918	432	15263	120	87	0	15902
2919	227	15351	97	110	0	15785
2920	15080	408	89	110	0	15687
2921	288	214	14878	85	0	15465
2922	250	114	280	14456	0	15100
2923	14514	62	241	288	0	15105
2924	284	62	104	14141	0	14591
2925	226	14430	94	283	0	15033
2926	103	240	88	14540	0	14971
2927	83	197	14528	271	0	15079
2928	14146	64	274	239	0	14723
2929	14711	46	214	106	0	15077
2930	462	46	73	14167	0	14748
2931	294	35	72	14304	0	14705
2932	13871	41	60	422	0	14394
2933	303	13802	96	231	0	14432
2934	237	221	77	13587	0	14122
2935	145	193	58	13532	0	13928
2936	12327	35	53	375	0	12790
2937	232	12370	71	221	0	12894
2938	12160	189	44	101	0	12494
2939	257	12102	57	67	0	12483
2940	174	11979	57	57	0	12267
2941	11461	276	79	54	0	11870
2942	219	11652	62	48	0	11981
2943	172	370	125	11072	0	11739
2944	84	141	11176	189	0	11590
2945	51	36	9897	131	0	10115
2946	32	57	9533	51	0	9673
2947	37	9113	270	45	0	9465
2948	7305	136	251	34	0	7726
2949	82	73	16	6867	0	7038
2950	65	15	11	6959	0	7050
2951	13	24	6895	125	0	7057
2952	6703	13	66	81	0	6863
2953	89	6	61	7041	0	7197
2954	72	8	12	7081	0	7173
2955	22	11	8	7065	0	7106
2956	6846	6	6	144	0	7002
2957	79	12	6825	73	0	6989
2958	6773	10	67	27	0	6877
2959	79	8	62	6806	0	6955
2960	74	11	6779	78	0	6942
2961	6530	16	65	74	0	6685
2962	91	14	6855	23	0	6983
2963	71	46	77	6638	0	6832
2964	27	17	6827	74	0	6945
2965	17	17	6509	60	0	6603
2966	6044	15	124	20	0	6203
2967	76	8	6337	26	0	6447
2968	63	12	86	6160	0	6321
2969	6237	11	67	75	0	6390
2970	80	10	30	6270	0	6390
2971	59	18	6225	84	0	6386
2972	27	17	6313	57	0	6414
2973	17	6272	112	35	0	6436
2974	26	68	60	6077	0	6231
2975	5943	52	24	76	0	6095
2976	66	5912	24	61	0	6063
2977	5959	64	19	28	0	6070
2978	78	52	10	5886	0	6026
2979	5878	17	16	77	0	5988
2980	84	5830	15	69	0	5998
2981	56	71	15	5730	0	5872
2982	5799	51	9	70	0	5929
2983	64	5825	28	67	0	5984
2984	65	67	13	5796	0	5941
2985	28	57	11	5794	0	5890
2986	5838	16	21	118	0	5993
2987	78	7	13	5902	0	6000
2988	59	16	24	5873	0	5972
2989	26	7	16	5970	0	6019
2990	25	15	5690	128	0	5858
2991	5585	9	76	81	0	5751
2992	72	10	72	6369	0	6523
2993	72	12	6753	98	0	6935
2994	6699	11	103	86	0	6899
2995	121	16	7107	28	0	7272
2996	96	7	118	6793	0	7014
2997	22	7201	110	109	0	7442
2998	34	98	33	7249	0	7414
2999	40	87	7315	127	0	7569
3000	17	30	7485	116	0	7648
3001	28	9	199	7443	0	7679
3002	17	13	7485	145	0	7660
3003	7199	7	138	96	0	7440
3004	114	21	7456	45	0	7636
3005	109	14	132	7213	0	7468
3006	39	12	96	7324	0	7471
3007	29	10	34	7269	0	7342
3008	7160	8	31	210	0	7409
3009	7252	13	21	122	0	7408
3010	7414	10	21	42	0	7487
3011	206	18	17	7256	0	7497
3012	123	14	23	7342	0	7502
3013	38	13	7178	218	0	7447
3014	38	15	7234	114	0	7401
3015	29	7146	203	45	0	7423
3016	44	155	90	6353	0	6642
3017	27	74	39	5986	0	6126
3018	28	6244	22	151	0	6445
3019	6201	83	21	74	0	6379
3020	89	6281	17	36	0	6423
3021	6194	106	23	24	0	6347
3022	104	71	14	6113	0	6302
3023	6196	15	19	92	0	6322
3024	98	10	15	6217	0	6340
3025	73	12	6113	109	0	6307
3026	24	15	96	6185	0	6320
3027	6086	7	69	109	0	6271
3028	105	6	26	6174	0	6311
3029	75	8	14	6133	0	6230
3030	24	15	6092	163	0	6294
3031	25	6	93	6163	0	6287
3032	32	11	69	6004	0	6116
3033	20	5992	24	168	0	6204
3034	16	85	15	6099	0	6215
3035	30	64	11	6167	0	6272
3036	23	12	16	6104	0	6155
3037	19	5945	22	167	0	6153
3038	19	78	11	5838	0	5946
3039	5512	63	19	100	0	5694
3040	86	5428	13	91	0	5618
3041	62	5143	19	30	0	5254
3042	14	5045	25	18	0	5102
3043	19	219	21	4517	0	4776
3044	17	4663	33	89	0	4802
3045	23	4752	31	68	0	4874
3046	4582	110	36	30	0	4758
3047	66	56	4510	35	0	4667
3048	4420	22	74	39	0	4555
3049	67	23	68	4462	0	4620
3050	52	14	4478	87	0	4631
3051	4338	9	97	69	0	4513
3052	64	16	4420	55	0	4555
3053	52	11	4376	42	0	4481
3054	4449	10	138	33	0	4630
3055	80	7	87	4513	0	4687
3056	66	9	4558	100	0	4733
3057	4538	9	75	99	0	4721
3058	4665	9	63	63	0	4800
3059	131	7	4713	49	0	4900
3060	4843	5	72	47	0	4967
3061	4921	13	58	40	0	5032
3062	138	10	4754	50	0	4952
3063	4771	5	71	55	0	4902
3064	4828	9	76	46	0	4959
3065	133	12	4776	36	0	4957
3066	65	27	5059	38	0	5189
3067	32	32	125	5047	0	5236
3068	18	15	5162	114	0	5309
3069	5042	39	88	82	0	5251
3070	100	32	64	5047	0	5243
3071	79	34	16	5130	0	5259
3072	48	36	4975	143	0	5202
3073	49	18	69	5009	0	5145
3074	45	17	5052	112	0	5226
3075	5035	16	81	96	0	5228
3076	5122	10	74	60	0	5266
3077	142	7	5087	53	0	5289
3078	5123	7	80	59	0	5269
3079	5189	11	66	52	0	5318
3080	137	12	5141	77	0	5367
3081	5222	8	96	60	0	5386
3082	5136	14	78	60	0	5288
3083	121	17	5172	74	0	5384
3084	5115	20	74	68	0	5277
3085	94	28	5262	64	0	5448
3086	60	20	81	5193	0	5354
3087	23	17	55	5291	0	5386
3088	26	27	8	5349	0	5410
3089	15	34	5174	158	0	5381
3090	4862	26	77	100	0	5065
3091	94	43	5072	37	0	5246
3092	46	4359	67	22	0	4494
3093	20	4114	37	15	0	4186
3094	3764	47	60	18	0	3889
3095	37	28	15	3686	0	3766
3096	22	3776	12	34	0	3844
3097	3518	24	3	22	0	3567
3098	3487	16	8	8	0	3519
3099	35	3573	9	11	0	3628
3100	28	19	7	3194	0	3248
3101	6	3471	12	18	0	3507
3102	3500	18	6	19	0	3543
3103	3525	14	6	5	0	3550
3104	37	0	6	3416	0	3459
3105	3451	5	6	23	0	3485
3106	32	2	8	3447	0	3489
3107	26	3	3437	19	0	3485
3108	3333	4	24	18	0	3379
3109	29	7	3471	2	0	3509
3110	24	8	21	3380	0	3433
3111	3452	2	20	27	0	3501
3112	22	5	13	3468	0	3508
3113	19	4	3478	23	0	3524
3114	15	6	3413	20	0	3454
3115	5	41	44	3371	0	3461
3116	3358	4	24	29	0	3415
3117	29	3488	10	19	0	3546
3118	18	19	9	3483	0	3529
3119	10	17	3550	24	0	3601
3120	3466	5	20	13	0	3504
3121	3624	4	21	11	0	3660
3122	41	6	3602	7	0	3656
3123	3562	3	25	6	0	3596
3124	22	6	18	3654	0	3700
3125	25	5	3636	17	0	3683
3126	3557	9	20	16	0	3602
3127	26	4	18	3555	0	3603
3128	19	4	11	3558	0	3592
3129	3587	1	8	31	0	3627
3130	21	3494	11	18	0	3544
3131	19	3564	13	8	0	3604
3132	3564	22	4	13	0	3603
3133	3479	11	8	16	0	3514
3134	26	2	3614	10	0	3652
3135	22	3	3565	10	0	3600
3136	11	2	35	3540	0	3588
3137	3623	2	21	20	0	3666
3138	3595	0	5	18	0	3618
3139	3609	2	9	15	0	3635
3140	33	3604	8	8	0	3653
3141	22	3693	12	8	0	3735
3142	9	25	8	3762	0	3804
3143	12	12	9	3776	0	3809
3144	14	5	2	3882	0	3903
3145	12	4	3960	32	0	4008
3146	14	4	3726	19	0	3763
3147	3884	6	38	7	0	3935
3148	4077	2	18	11	0	4108
3149	44	1	8	4035	0	4088
3150	22	5	5	4037	0	4069
3151	4	3	8	4118	0	4133
3152	7	7	4043	39	0	4096
3153	12	5	3995	16	0	4028
3154	7	14	30	4037	0	4088
3155	4	7	4101	26	0	4138
3156	2	4015	22	15	0	4054
3157	4	4070	15	4	0	4093
3158	4030	32	8	7	0	4077
3159	22	3940	4	2	0	3968
3160	14	19	6	3954	0	3993
3161	2	14	5	3943	0	3964
3162	3	4170	7	29	0	4209
3163	7	21	1	4229	0	4258
3164	4	16	4174	27	0	4221
3165	1	4162	23	24	0	4210
3166	8	19	15	3949	0	3991
3167	3	16	3949	25	0	3993
3168	3	3877	22	15	0	3917
3169	2	27	16	3739	0	3784
3170	1	3904	3	22	0	3930
3171	5	15	7	3895	0	3922
3172	4	16	3	3729	0	3752
3173	3	3838	6	33	0	3880
3174	3711	19	4	15	0	3749
3175	3632	14	5	5	0	3656
3176	31	3761	2	9	0	3803
3177	11	3842	7	4	0	3864
3178	6	29	1	3836	0	3872
3179	1	16	3814	25	0	3856
3180	3625	2	22	24	0	3673
3181	3766	4	15	7	0	3792
3182	33	10	3778	6	0	3827
3183	3704	5	18	7	0	3734
3184	3816	7	17	7	0	3847
3185	31	7	3775	7	0	3820
3186	3628	6	24	8	0	3666
3187	22	5	3884	3	0	3914
3188	17	3920	20	13	0	3970
3189	3971	20	20	2	0	4013
3190	3973	18	3	3	0	3997
3191	34	5	4026	5	0	4070
3192	4007	6	20	4	0	4037
3193	4169	7	12	18	0	4206
3194	36	5	4169	7	0	4217
3195	4186	7	23	7	0	4223
3196	4259	5	13	15	0	4292
3197	36	10	4210	5	0	4261
3198	4224	5	22	6	0	4257
3199	25	2	14	4124	0	4165
3200	20	8	7	4133	0	4168
3201	6	9	4129	37	0	4181
3202	10	5	4082	17	0	4114
3203	7	9	29	4110	0	4155
3204	11	6	17	4166	0	4200
3205	4293	1	8	33	0	4335
3206	27	9	4269	19	0	4324
3207	4257	3	28	8	0	4296
3208	34	12	17	4437	0	4500
3209	22	9	4557	24	0	4612
3210	4733	6	26	26	0	4791
3211	27	7	17	4988	0	5039
3212	22	5	5011	32	0	5070
3213	4859	6	31	25	0	4921
3214	36	13	20	5021	0	5090
3215	5099	4	6	29	0	5138
3216	32	6	5315	25	0	5378
3217	32	9	29	4990	0	5060
3218	11	5350	24	24	0	5409
3219	5389	25	7	21	0	5442
3220	5312	18	13	11	0	5354
3221	47	5486	3	9	0	5545
3222	5566	29	5	6	0	5606
3223	5522	22	6	3	0	5553
3224	5494	2	7	14	0	5517
3225	52	5446	9	6	0	5513
3226	32	30	4	5489	0	5555
3227	14	26	5526	27	0	5593
3228	17	2	33	5432	0	5484
3229	11	5	28	5497	0	5541
3230	14	6	5485	50	0	5555
3231	17	5	5436	23	0	5481
3232	17	4	54	5112	0	5187
3233	10	5531	27	31	0	5599
3234	5517	28	13	25	0	5583
3235	5399	24	12	9	0	5444
3236	55	5642	11	21	0	5729
3237	5685	25	6	14	0	5730
3238	5642	23	7	12	0	5684
3239	49	11	5724	5	0	5789
3240	5519	6	35	9	0	5569
3241	37	5769	21	22	0	5849
3242	27	34	5681	6	0	5748
3243	25	34	5625	3	0	5687
3244	14	5622	49	12	0	5697
3245	5547	24	26	8	0	5605
3246	32	17	5641	20	0	5710
3247	21	5	25	5597	0	5648
3248	15	6	5622	29	0	5672
3249	5275	10	32	24	0	5341
3250	25	14	6335	15	0	6389
3251	29	11	6268	4	0	6312
3252	6107	4	38	16	0	6165
3253	35	6449	26	10	0	6520
3254	6512	24	12	11	0	6559
3255	6583	18	10	17	0	6628
3256	43	4	7	6473	0	6527
3257	25	6999	11	22	0	7057
3258	7070	21	7	24	0	7122
3259	26	29	7119	6	0	7180
3260	6842	7	25	9	0	6883
3261	32	7169	23	9	0	7233
3262	6979	20	5	6	0	7010
3263	6941	18	6	5	0	6970
3264	37	7082	7	3	0	7129
3265	23	18	5	7134	0	7180
3266	7237	16	15	23	0	7291
3267	21	7240	13	18	0	7292
3268	19	21	3	7299	0	7342
3269	7453	14	7	22	0	7496
3270	20	5	6	7747	0	7778
3271	22	4	4	7699	0	7729
3272	7	7794	13	35	0	7849
3273	7766	23	5	34	0	7828
3274	7934	22	5	13	0	7974
3275	8037	7	5	16	0	8065
3276	45	8258	16	6	0	8325
3277	8301	19	11	13	0	8344
3278	8310	23	9	9	0	8351
3279	50	6	3	8235	0	8294
3280	30	4	8	8302	0	8344
3281	15	17	8274	46	0	8352
3282	16	7	22	8179	0	8224
3283	14	8	26	8212	0	8260
3284	17	9	8325	42	0	8393
3285	7109	14	33	53	0	7209
3286	31	14	8331	14	0	8390
3287	39	15	8406	7	0	8467
3288	16	11	41	8383	0	8451
3289	16	4	22	8431	0	8473
3290	9	8621	17	40	0	8687
3291	8547	25	6	29	0	8607
3292	8369	24	7	14	0	8414
3293	45	8522	11	13	0	8591
3294	34	8957	12	11	0	9014
3295	23	46	4	8880	0	8953
3296	6	9364	8	34	0	9412
3297	9356	33	5	34	0	9428
3298	9366	26	5	15	0	9412
3299	58	13	4	9322	0	9397
3300	40	8	8	9388	0	9444
3301	9369	3	6	61	0	9439
3302	43	19	9206	39	0	9307
3303	9058	5	34	21	0	9118
3304	52	21	9249	15	0	9337
3305	9105	3	35	14	0	9157
3306	42	18	25	9248	0	9333
3307	35	11	9386	28	0	9460
3308	13	15	9183	27	0	9238
3309	8780	36	79	35	0	8930
3310	9021	7	39	19	0	9086
3311	47	9322	17	17	0	9403
3312	34	22	5	9638	0	9699
3313	11	24	8	9880	0	9923
3314	9805	9	3	68	0	9885
3315	39	9769	15	37	0	9860
3316	9563	36	9	15	0	9623
3317	46	9567	9	13	0	9635
3318	31	9492	10	9	0	9542
3319	9442	56	2	15	0	9515
3320	43	56	9301	6	0	9406
3321	35	16	34	9255	0	9340
3322	22	9	26	9320	0	9377
3323	18	17	9354	60	0	9449
3324	18	6	34	9239	0	9297
3325	15	12	29	8792	0	8848
3326	9	9328	19	64	0	9420
3327	9329	34	2	48	0	9413
3328	43	35	9452	14	0	9544
3329	9054	8	39	14	0	9115
3330	48	9521	37	12	0	9618
3331	41	40	10	9580	0	9671
3332	9885	28	4	51	0	9968
3333	49	9	5	9867	0	9930
3334	39	9	8	9934	0	9990
3335	18	9	9928	66	0	10021
3336	9183	4	42	54	0	9283
3337	9736	5	30	25	0	9796
3338	70	14	9871	15	0	9970
3339	43	3	42	9760	0	9848
3340	15	23	9860	44	0	9942
3341	9487	5	47	48	0	9587
3342	9985	4	35	18	0	10042
3343	70	6	12	9920	0	10008
3344	9886	8	5	50	0	9949
3345	56	14	10424	31	0	10525
3346	38	5	37	10306	0	10386
3347	15	10	29	10426	0	10480
3348	16	7	9	10577	0	10609
3349	15	7	11	10587	0	10620
3350	9775	6	4	87	0	9872
3351	50	18	9708	40	0	9816
3352	37	6	43	9753	0	9839
3353	19	15	9693	49	0	9776
3354	15	12	9548	52	0	9627
3355	13	5	69	9451	0	9538
3356	11	4	40	9594	0	9649
3357	9179	3	9	73	0	9264
3358	54	3	8	9222	0	9287
3359	39	5	10	9257	0	9311
3360	25	2	5	9359	0	9391
3361	9278	5	8	94	0	9385
3362	9288	7	7	42	0	9344
3363	9380	5	6	26	0	9417
3364	9225	4	7	13	0	9249
3365	79	9655	17	18	0	9769
3366	35	57	7	9609	0	9708
3367	18	38	5	9693	0	9754
3368	9885	10	4	98	0	9997
3369	65	10270	15	59	0	10409
3370	48	75	4	10689	0	10816
3371	20	59	11685	81	0	11845
3372	12280	12	110	87	0	12489
3373	140	13332	79	24	0	13575
3374	13978	138	26	20	0	14162
3375	14371	97	11	18	0	14497
3376	272	17	9	14387	0	14685
3377	124	28	14490	187	0	14829
3378	27	8	171	14899	0	15105
3379	14969	9	112	208	0	15298
3380	195	7	16	14994	0	15212
3381	15004	6	10	199	0	15219
3382	196	14911	21	129	0	15257
3383	15541	173	12	47	0	15773
3384	198	116	12	15651	0	15977
3385	139	17	4	16270	0	16430
3386	16710	8	12	311	0	17041
3387	16679	14	5	150	0	16848
3388	16822	10	9	36	0	16877
3389	16780	12	9	31	0	16832
3390	16663	6	9	36	0	16714
3391	340	8	14	16326	0	16688
3392	156	31	16102	214	0	16503
3393	39	16080	193	143	0	16455
3394	15703	182	126	54	0	16065
3395	223	132	15355	24	0	15734
3396	15129	20	186	27	0	15362
3397	209	15291	138	24	0	15662
3398	15512	181	33	29	0	15755
3399	233	118	17	15422	0	15790
3400	147	23	8	15640	0	15818
3401	57	24	15655	309	0	16045
3402	51	19	187	15477	0	15734
3403	56	25	15971	222	0	16274
3404	53	23	15888	151	0	16115
3405	15757	10	294	56	0	16117
3406	16399	15	136	50	0	16600
3407	323	23	16119	59	0	16524
3408	15947	11	202	48	0	16208
3409	16210	16	123	53	0	16402
3410	355	32	15903	40	0	16330
3411	173	15830	201	48	0	16252
3412	179	225	144	15956	0	16504
3413	16302	129	39	215	0	16685
3414	16641	20	25	151	0	16837
3415	16719	29	27	65	0	16840
3416	16705	20	22	52	0	16799
3417	16642	22	35	55	0	16754
3418	362	31	16273	60	0	16726
3419	210	35	16577	37	0	16859
3420	120	60	301	16493	0	16974
3421	16720	33	162	219	0	17134
3422	16902	25	41	180	0	17148
3423	17061	19	42	64	0	17186
3424	16418	32	37	70	0	16557
3425	359	16659	64	65	0	17147
3426	190	17301	68	84	0	17643
3427	17399	284	38	82	0	17803
3428	17419	147	33	71	0	17670
3429	384	17290	55	72	0	17801
3430	17508	194	35	77	0	17814
3431	291	166	17338	54	0	17849
3432	246	38	197	17106	0	17587
3433	125	44	17410	239	0	17818
3434	122	68	17331	162	0	17683
3435	147	32	303	17172	0	17654
3436	152	15	154	17700	0	18021
3437	128	47	17703	307	0	18185
3438	133	20	217	17328	0	17698
3439	123	35	152	17710	0	18020
3440	17633	24	60	335	0	18052
3441	17712	40	65	176	0	17993
3442	391	40	47	17694	0	18172
3443	239	53	17747	208	0	18247
3444	132	17778	218	188	0	18316
3445	17438	206	162	63	0	17869
3446	294	154	17872	65	0	18385
3447	223	17590	231	65	0	18109
3448	118	18175	181	70	0	18544
3449	18248	281	90	76	0	18695
3450	18467	132	68	71	0	18738
3451	387	28	67	18241	0	18723
3452	232	59	19107	217	0	19615
3453	134	38	239	19127	0	19538
3454	142	31	166	19326	0	19665
3455	145	23	72	19527	0	19767
3456	19163	31	72	353	0	19619
3457	293	18971	83	180	0	19527
3458	240	19807	79	71	0	20197
3459	133	313	59	19418	0	19923
3460	120	163	50	19876	0	20209
3461	19615	34	49	365	0	20063
3462	19090	38	66	202	0	19396
3463	19698	40	45	71	0	19854
3464	411	19492	77	59	0	20039
3465	19183	167	54	64	0	19468
3466	283	247	57	18871	0	19458
3467	247	63	18829	198	0	19337
3468	156	50	18051	158	0	18415
3469	17346	54	305	89	0	17794
3470	228	39	17511	47	0	17825
3471	169	49	16242	30	0	16490
3472	14312	26	187	43	0	14568
3473	114	39	14537	32	0	14722
3474	83	40	14066	15	0	14204
3475	40	142	138	13203	0	13523
3476	24	21	13890	44	0	13979
3477	21	15	43	13305	0	13384
3478	28	10	42	13478	0	13558
3479	22	36	13791	80	0	13929
3480	20	13944	52	45	0	14061
3481	13806	31	51	32	0	13920
3482	46	61	14136	9	0	14252
3483	52	29	13786	7	0	13874
3484	11415	22	74	30	0	11541
3485	44	44	13091	21	0	13200
3486	33	12794	40	15	0	12882
3487	12	12582	49	21	0	12664
3488	12	50	13	13109	0	13184
3489	12	35	9	13114	0	13170
3490	13488	7	3	91	0	13589
3491	13427	10	2	60	0	13499
3492	13516	6	6	19	0	13547
3493	68	8	5	13488	0	13569
3494	13600	3	11	51	0	13665
3495	13467	9	9	54	0	13539
3496	65	26	13629	16	0	13736
3497	45	18	13478	11	0	13552
3498	16	13839	71	13	0	13939
3499	14	29	34	13816	0	13893
3500	13843	37	9	53	0	13942
3501	33	13704	26	48	0	13811
3502	39	31	9	13885	0	13964
3503	13779	31	12	59	0	13881
3504	13627	4	7	50	0	13688
3505	66	13780	25	21	0	13892
3506	13690	29	4	26	0	13749
3507	13742	43	10	31	0	13826
3508	73	8	5	13690	0	13776
3509	52	40	13791	44	0	13927
3510	12	13614	44	52	0	13722
3511	5	13636	48	33	0	13722
3512	13123	66	22	16	0	13227
3513	46	54	13	13138	0	13251
3514	44	31	13185	63	0	13323
3515	7	13314	51	41	0	13413
3516	13329	29	35	19	0	13412
3517	13357	33	5	27	0	13422
3518	62	32	13536	15	0	13645
3519	43	4	35	13203	0	13285
3520	15	7	38	13848	0	13908
3521	12	18	14696	74	0	14800
3522	14497	7	60	49	0	14613
3523	17781	7	59	25	0	17872
3524	212	7	13	20529	0	20761
3525	131	21854	40	259	0	22284
3526	47	275	16	23179	0	23517
3527	25	247	23230	321	0	23823
3528	22742	45	302	263	0	23352
3529	324	31	238	23758	0	24351
3530	266	48	23655	347	0	24316
3531	22895	23	325	283	0	23526
3532	339	16	249	23578	0	24182
3533	277	26	58	23591	0	23952
3534	23269	13	41	576	0	23899
3535	335	23420	69	328	0	24152
3536	23573	305	37	93	0	24008
3537	394	251	25	23242	0	23912
3538	23327	51	30	362	0	23770
3539	387	45	23087	307	0	23826
3540	303	23193	350	96	0	23942
3541	107	326	257	23426	0	24116
3542	23512	272	61	362	0	24207
3543	351	23467	71	306	0	24195
3544	333	335	44	23548	0	24260
3545	23737	264	38	393	0	24432
3546	23286	75	44	343	0	23748
3547	642	54	49	22834	0	23579
3548	377	68	22849	391	0	23685
3549	136	82	23002	349	0	23569
3550	22534	44	609	157	0	23344
3551	391	22808	342	112	0	23653
3552	329	22452	125	88	0	22994
3553	22014	578	71	101	0	22764
3554	393	22679	77	103	0	23252
3555	366	381	72	22326	0	23145
3556	179	298	69	22811	0	23357
3557	22524	127	50	642	0	23343
3558	22259	88	47	394	0	22788
3559	22429	68	51	147	0	22695
3560	697	109	21678	109	0	22593
3561	423	64	349	21760	0	22596
3562	194	89	22070	407	0	22760
3563	181	76	21891	376	0	22524
3564	170	74	22446	142	0	22832
3565	147	61	656	21683	0	22547
3566	135	58	22345	414	0	22952
3567	143	96	22532	349	0	23120
3568	136	79	664	22056	0	22935
3569	22267	77	387	440	0	23171
3570	451	70	22427	354	0	23302
3571	380	77	440	22012	0	22909
3572	168	70	356	22739	0	23333
3573	134	73	22623	708	0	23538
3574	160	64	411	22483	0	23118
3575	162	89	22731	483	0	23465
3576	149	69	452	22160	0	22830
3577	154	70	367	22292	0	22883
3578	141	58	137	22502	0	22838
3579	141	66	126	22266	0	22599
3580	21370	57	140	775	0	22342
3581	21618	47	142	470	0	22277
3582	705	81	21388	207	0	22381
3583	400	21131	482	240	0	22253
3584	180	375	21716	188	0	22459
3585	143	317	21636	171	0	22267
3586	20903	89	710	150	0	21852
3587	445	21643	459	172	0	22719
3588	21854	364	200	151	0	22569
3589	464	22162	201	145	0	22972
3590	22030	398	180	150	0	22758
3591	22223	335	169	143	0	22870
3592	737	94	180	21630	0	22641
3593	415	21990	158	478	0	23041
3594	195	394	129	22271	0	22989
3595	155	336	148	22464	0	23103
3596	144	111	22016	798	0	23069
3597	136	21947	485	502	0	23070
3598	155	391	389	21917	0	22852
3599	22031	323	174	531	0	23059
3600	22573	99	123	474	0	23269
3601	22884	65	147	211	0	23307
3602	732	22247	189	208	0	23376
3603	22889	411	124	174	0	23598
3604	507	23746	157	174	0	24584
3605	475	496	108	24206	0	25285
3606	199	419	24188	550	0	25356
3607	188	125	521	23921	0	24755
3608	159	24235	467	573	0	25434
3609	166	488	150	24318	0	25122
3610	158	430	124	24058	0	24770
3611	112	24303	141	910	0	25466
3612	24334	522	117	532	0	25505
3613	565	423	112	24110	0	25210
3614	448	190	23757	593	0	24988
3615	199	126	499	24059	0	24883
3616	166	91	445	24431	0	25133
3617	143	130	24131	948	0	25352
3618	196	114	521	22655	0	23486
3619	143	23853	483	643	0	25122
3620	245	515	23880	506	0	25146
3621	435	457	23183	199	0	24274
3622	129	22588	827	179	0	23723
3623	110	20118	424	121	0	20773
3624	105	17324	156	77	0	17662
3625	14885	548	458	156	0	16047
3626	14101	202	96	57	0	14456
3627	14007	37	37	53	0	14134
3628	393	29	26	13788	0	14236
3629	189	46	13653	248	0	14136
3630	45	31	216	13673	0	13965
3631	57	23	170	13714	0	13964
3632	13623	28	32	391	0	14074
3633	13638	30	32	219	0	13919
3634	361	13671	30	73	0	14135
3635	13735	204	29	62	0	14030
3636	13744	169	29	51	0	13993
3637	14007	44	21	60	0	14132
3638	389	48	13606	43	0	14086
3639	201	50	13718	36	0	14005
3640	67	63	358	13394	0	13882
3641	41	47	13555	222	0	13865
3642	13007	40	227	187	0	13461
3643	13376	43	173	55	0	13647
3644	364	55	13066	39	0	13524
3645	12830	27	196	40	0	13093
3646	217	12916	177	49	0	13359
3647	13085	210	39	36	0	13370
3648	238	160	23	12804	0	13225
3649	186	42	25	12373	0	12626
3650	48	12740	42	335	0	13165
3651	12737	200	21	181	0	13139
3652	12712	165	34	67	0	12978
3653	349	12704	36	41	0	13130
3654	201	206	27	12314	0	12748
3655	72	163	23	12276	0	12534
3656	40	12335	47	336	0	12758
3657	72	212	26	12336	0	12646
3658	60	176	28	12480	0	12744
3659	12258	48	34	356	0	12696
3660	12314	41	31	204	0	12590
3661	361	56	12150	75	0	12642
3662	12061	33	212	63	0	12369
3663	243	40	12225	57	0	12565
3664	204	62	217	11895	0	12378
3665	69	40	12066	239	0	12414
3666	60	11776	231	200	0	12267
3667	88	241	171	11447	0	11947
3668	71	173	53	11572	0	11869
3669	11391	52	26	347	0	11816
3670	220	29	31	11251	0	11531
3671	176	49	11036	217	0	11478
3672	11007	38	173	195	0	11413
3673	11177	33	179	58	0	11447
3674	11361	35	49	58	0	11503
3675	11324	48	42	51	0	11465
3676	364	37	37	11570	0	12008
3677	213	33	34	11965	0	12245
3678	96	40	27	12562	0	12725
3679	82	24	40	12700	0	12846
3680	12400	25	31	419	0	12875
3681	12472	25	37	220	0	12754
3682	420	32	33	11505	0	11990
3683	221	11971	58	235	0	12485
3684	11973	207	46	214	0	12440
3685	261	193	11961	74	0	12489
3686	220	11937	247	51	0	12455
3687	11318	219	165	47	0	11749
3688	234	11398	52	40	0	11724
3689	199	211	11038	45	0	11493
3690	11019	160	207	48	0	11434
3691	11095	46	160	47	0	11348
3692	366	37	10886	50	0	11339
3693	220	33	203	10914	0	11370
3694	88	14	166	10901	0	11169
3695	71	10995	58	345	0	11469
3696	84	196	34	11075	0	11389
3697	10710	152	36	239	0	11137
3698	223	10838	32	192	0	11285
3699	193	205	19	10385	0	10802
3700	78	148	20	10490	0	10736
3701	63	36	10190	338	0	10627
3702	49	10108	201	188	0	10546
3703	9336	191	157	71	0	9755
3704	155	8425	33	43	0	8656
3705	100	7739	18	22	0	7879
3706	7532	185	76	33	0	7826
3707	129	72	27	7237	0	7465
3708	87	22	20	7319	0	7448
3709	7226	14	8	174	0	7422
3710	120	10	10	7332	0	7472
3711	100	10	8	7372	0	7490
3712	7497	11	8	173	0	7689
3713	124	18	10	7377	0	7529
3714	87	7490	14	125	0	7716
3715	7472	103	7	92	0	7674
3716	122	81	7274	32	0	7509
3717	81	7069	103	40	0	7293
3718	37	142	63	6665	0	6907
3719	22	71	6596	93	0	6782
3720	20	22	6578	76	0	6696
3721	59	278	150	5883	0	6370
3722	5858	30	74	87	0	6049
3723	69	8	14	5838	0	5929
3724	56	10	13	5850	0	5929
3725	25	4	5	5909	0	5943
3726	14	8	6	5945	0	5973
3727	15	8	6	5940	0	5969
3728	12	14	5698	143	0	5867
3729	16	13	5644	67	0	5740
3730	18	8	122	5628	0	5776
3731	13	12	5655	82	0	5762
3732	11	5620	75	71	0	5777
3733	13	75	64	5603	0	5755
3734	6	63	5534	89	0	5692
3735	5026	11	71	83	0	5191
3736	69	5442	67	20	0	5598
3737	60	5334	21	20	0	5435
3738	19	5429	15	18	0	5481
3739	17	126	7	5198	0	5348
3740	5200	61	12	76	0	5349
3741	71	18	5	5226	0	5320
3742	5063	7	10	75	0	5155
3743	65	4924	13	60	0	5062
3744	4993	62	54	19	0	5128
3745	66	62	5	4986	0	5119
3746	59	19	7	4979	0	5064
3747	28	4933	13	99	0	5073
3748	10	65	13	4973	0	5061
3749	19	57	6	4990	0	5072
3750	28	14	7	4996	0	5045
3751	4859	7	12	125	0	5003
3752	4777	13	7	78	0	4875
3753	105	6	4830	38	0	4979
3754	4808	5	61	25	0	4899
3755	61	18	4960	22	0	5061
3756	66	7	63	4872	0	5008
3757	23	6	55	4973	0	5057
3758	9	10	18	5016	0	5053
3759	13	10	4927	129	0	5079
3760	20	8	67	4991	0	5086
3761	12	13	5060	72	0	5157
3762	10	8	70	5061	0	5149
3763	5001	11	58	79	0	5149
3764	59	16	5056	75	0	5206
3765	5035	9	61	36	0	5141
3766	69	7	61	5079	0	5216
3767	5131	13	10	81	0	5235
3768	68	5094	15	75	0	5252
3769	60	54	11	5176	0	5301
3770	21	56	5329	76	0	5482
3771	20	30	57	5210	0	5317
3772	22	87	53	5011	0	5173
3773	3	5138	19	121	0	5281
3774	19	68	5052	70	0	5209
3775	12	5039	61	27	0	5139
3776	4322	70	67	32	0	4491
3777	34	4402	11	10	0	4457
3778	3963	33	43	12	0	4051
3779	3914	23	12	14	0	3963
3780	3911	4	1	6	0	3922
3781	53	3	5	3905	0	3966
3782	28	9	3916	29	0	3982
3783	12	1	28	3807	0	3848
3784	4	3929	29	29	0	3991
3785	7	27	4	3915	0	3953
3786	3845	28	2	31	0	3906
3787	25	3927	5	32	0	3989
3788	27	25	5	3776	0	3833
3789	5	26	4	3799	0	3834
3790	3740	2	2	54	0	3798
3791	27	8	3790	29	0	3854
3792	22	3705	34	9	0	3770
3793	8	23	25	3555	0	3611
3794	3	19	3500	31	0	3553
3795	3	14	23	3402	0	3442
3796	5	3487	23	25	0	3540
3797	5	26	4	3546	0	3581
3798	6	16	5	3489	0	3516
3799	2	3	8	3491	0	3504
3800	3	8	3433	47	0	3491
3801	3285	6	23	25	0	3339
3802	27	4	19	3607	0	3657
3803	3906	3	4	32	0	3945
3804	4050	2	2	22	0	4076
3805	4078	5	2	5	0	4090
3806	4056	5	1	9	0	4071
3807	4086	3	3	5	0	4097
3808	61	3	2	4007	0	4073
3809	27	4018	9	34	0	4088
3810	11	29	2	3899	0	3941
3811	4	3928	5	35	0	3972
3812	4	45	1	3665	0	3715
3813	3630	16	4	25	0	3675
3814	26	7	0	3591	0	3624
3815	17	4	3579	28	0	3628
3816	3361	4	27	20	0	3412
3817	26	3609	19	8	0	3662
3818	3639	25	5	4	0	3673
3819	3600	15	2	1	0	3618
3820	3530	2	2	2	0	3536
3821	40	3643	2	3	0	3688
3822	17	24	3	3614	0	3658
3823	3	15	1	3636	0	3655
3824	1	3	3630	43	0	3677
3825	2	2	22	3486	0	3512
3826	3	1	14	3538	0	3556
3827	2	1	1	3583	0	3587
3828	1	3616	2	36	0	3655
3829	3643	23	2	20	0	3688
3830	3563	14	0	8	0	3585
3831	37	6	3802	1	0	3846
3832	20	3811	22	2	0	3855
3833	9	23	15	3853	0	3900
3834	6	14	1	3870	0	3891
3835	10	1	1	3877	0	3889
3836	7	0	2	3978	0	3987
3837	6	2	2	4006	0	4016
3838	4	3	3946	41	0	3994
3839	3	9	3784	20	0	3816
3840	3910	3	39	8	0	3960
3841	4187	1	15	7	0	4210
3842	4216	1	3	4	0	4224
3843	45	2	3	4277	0	4327
3844	22	1	4292	29	0	4344
3845	4205	3	27	27	0	4262
3846	4347	5	21	5	0	4378
3847	50	1	4271	7	0	4329
3848	4256	2	30	2	0	4290
3849	40	6	4679	4	0	4729
3850	23	7	32	4661	0	4723
3851	11	2	4786	34	0	4833
3852	4625	0	34	24	0	4683
3853	4804	2	20	7	0	4833
3854	4830	5	3	10	0	4848
3855	4875	2	2	11	0	4890
3856	46	9	5050	14	0	5119
3857	21	5062	33	10	0	5126
3858	5114	30	18	10	0	5172
3859	5098	19	4	3	0	5124
3860	50	11	5132	5	0	5198
3861	27	3	33	4997	0	5060
3862	8	0	21	5143	0	5172
3863	5	10	5073	50	0	5138
3864	4740	4	33	31	0	4808
3865	5065	3	18	15	0	5101
3866	48	5198	7	10	0	5263
3867	5334	32	7	13	0	5386
3868	5361	22	3	12	0	5398
3869	5347	4	6	10	0	5367
3870	5255	1	7	7	0	5270
3871	63	12	5195	8	0	5278
3872	5074	4	35	10	0	5123
3873	49	21	21	5111	0	5202
3874	27	5228	9	33	0	5297
3875	13	41	5147	21	0	5222
3876	9	5245	40	10	0	5304
3877	17	63	30	4983	0	5093
3878	7	22	5052	30	0	5111
3879	4630	6	31	26	0	4693
3880	35	10	5036	9	0	5090
3881	4941	2	38	6	0	4987
3882	41	3	18	5038	0	5100
3883	24	0	7	5050	0	5081
3884	12	5006	6	51	0	5075
3885	10	5171	7	18	0	5206
3886	13	46	4	5254	0	5317
3887	5210	17	4	32	0	5263
3888	5209	6	4	22	0	5241
3889	5210	2	3	10	0	5225
3890	53	5	5284	3	0	5345
3891	5149	3	32	8	0	5192
3892	36	7	5420	5	0	5468
3893	18	6	5274	6	0	5304
3894	5240	3	49	8	0	5300
3895	5447	1	22	7	0	5477
3896	53	6	5526	2	0	5587
3897	33	3	29	5405	0	5470
3898	17	1	18	5611	0	5647
3899	5607	4	10	49	0	5670
3900	5533	1	7	21	0	5562
3901	53	6	5858	10	0	5927
3902	26	5733	34	1	0	5794
3903	13	5532	13	3	0	5561
3904	5422	26	18	12	0	5478
3905	35	15	4	5407	0	5461
3906	18	3	3	5515	0	5539
3907	11	2	9	5552	0	5574
3908	4853	5	5	44	0	4907
3909	25	5	2	5556	0	5588
3910	5572	3	2	24	0	5601
3911	5751	1	5	16	0	5773
3912	35	6155	5	5	0	6200
3913	26	23	4	6695	0	6748
3914	14	21	6766	31	0	6832
3915	6622	11	29	24	0	6686
3916	6840	3	23	11	0	6877
3917	6896	3	11	10	0	6920
3918	53	11	7004	9	0	7077
3919	33	0	32	7034	0	7099
3920	7140	4	26	33	0	7203
3921	6957	3	7	27	0	6994
3922	6952	1	9	11	0	6973
3923	63	6964	10	3	0	7040
3924	35	7189	12	12	0	7248
3925	20	51	4	7331	0	7406
3926	19	27	6	7258	0	7310
3927	15	7330	8	47	0	7400
3928	7291	31	4	33	0	7359
3929	39	31	7464	10	0	7544
3930	31	12	32	7418	0	7493
3931	14	7	23	7371	0	7415
3932	8	14	7340	56	0	7418
3933	6891	10	28	43	0	6972
3934	7384	3	26	13	0	7426
3935	58	7360	13	15	0	7446
3936	7310	33	7	11	0	7361
3937	46	35	7583	15	0	7679
3938	7582	8	37	17	0	7644
3939	45	7	7860	10	0	7922
3940	7600	15	68	15	0	7698
3941	7725	8	37	10	0	7780
3942	7729	8	15	11	0	7763
3943	7663	6	7	11	0	7687
3944	66	7666	15	8	0	7755
3945	7893	28	11	18	0	7950
3946	8130	23	14	27	0	8194
3947	99	18	8134	6	0	8257
3948	8145	6	35	8	0	8194
3949	51	7	26	8153	0	8237
3950	39	8	8142	40	0	8229
3951	8078	7	41	31	0	8157
3952	53	5	28	8259	0	8345
3953	8447	7	15	40	0	8509
3954	8904	5	7	57	0	8973
3955	72	18	9132	19	0	9241
3956	8949	6	36	15	0	9006
3957	9167	4	30	14	0	9215
3958	9213	5	9	15	0	9242
3959	9356	4	11	9	0	9380
3960	84	2	6	9104	0	9196
3961	47	9224	15	41	0	9327
3962	9113	35	11	38	0	9197
3963	9332	29	9	14	0	9384
3964	9407	11	9	19	0	9446
3965	84	13	9351	11	0	9459
3966	53	9314	51	16	0	9434
3967	36	41	35	9295	0	9407
3968	37	32	13	9314	0	9396
3969	37	16	9569	63	0	9685
3970	33	7	54	9550	0	9644
3971	30	11	9692	61	0	9794
3972	32	8	61	9573	0	9674
3973	37	7	29	9755	0	9828
3974	25	19	9854	73	0	9971
3975	9305	13	51	55	0	9424
3976	10011	13	34	35	0	10093
3977	89	17	10215	17	0	10338
3978	9974	7	49	26	0	10056
3979	10300	12	35	31	0	10378
3980	85	15	10634	18	0	10752
3981	56	5	57	10448	0	10566
3982	37	7	41	10622	0	10707
3983	10632	6	23	79	0	10740
3984	66	10864	19	48	0	10997
3985	10366	46	24	26	0	10462
3986	10729	27	13	22	0	10791
3987	89	11073	13	19	0	11194
3988	11160	46	12	16	0	11234
3989	11114	30	14	16	0	11174
3990	93	11138	17	18	0	11266
3991	61	53	16	11123	0	11253
3992	40	11373	15	53	0	11481
3993	46	59	12	11368	0	11485
3994	41	42	11331	61	0	11475
3995	39	30	11176	36	0	11281
3996	10857	18	84	27	0	10986
3997	11396	19	39	26	0	11480
3998	106	20	11500	21	0	11647
3999	11462	9	68	29	0	11568
4000	11771	5	45	23	0	11844
4001	11548	2	26	18	0	11594
4002	109	11920	26	20	0	12075
4003	70	50	20	12120	0	12260
4004	12154	33	15	67	0	12269
4005	12037	12	13	44	0	12106
4006	107	20	12230	26	0	12383
4007	64	6	66	12085	0	12221
4008	54	13	39	12149	0	12255
4009	45	12236	21	79	0	12381
4010	40	12618	28	53	0	12739
4011	34	177	18	12091	0	12320
4012	34	12315	13	72	0	12434
4013	11817	65	11	40	0	11933
4014	69	12392	16	25	0	12502
4015	12590	77	6	22	0	12695
4016	91	46	12858	11	0	13006
4017	13256	23	86	23	0	13388
4018	13948	9	45	20	0	14022
4019	13975	6	16	19	0	14016
4020	13744	5	12	15	0	13776
4021	171	13803	18	18	0	14010
4022	78	98	7	13959	0	14142
4023	31	52	5	14059	0	14147
4024	25	23	13950	154	0	14152
4025	21	23	100	13667	0	13811
4026	24	13	54	13942	0	14033
4027	13950	10	15	170	0	14145
4028	117	14146	19	82	0	14364
4029	79	102	9	14192	0	14382
4030	45	58	7	14432	0	14542
4031	31	27	9	14550	0	14617
4032	14434	14	5	193	0	14646
4033	120	16	14	14530	0	14680
4034	14620	10	13	154	0	14797
4035	136	11	16	14704	0	14867
4036	80	4	14	14878	0	14976
4037	43	20	14234	182	0	14479
4038	12916	16	108	116	0	13156
4039	131	14186	69	39	0	14425
4040	14561	107	28	48	0	14744
4041	143	61	16	14462	0	14682
4042	82	19	7	14572	0	14680
4043	14661	13	7	181	0	14862
4044	14790	16	8	94	0	14908
4045	203	14	7	15239	0	15463
4046	95	28	15227	156	0	15506
4047	43	18	15302	103	0	15466
4048	23	16041	201	51	0	16316
4049	16264	145	127	31	0	16567
4050	16227	84	26	40	0	16377
4051	249	35	9	16110	0	16403
4052	107	16709	9	149	0	16974
4053	49	152	9	16680	0	16890
4054	30	81	13	15985	0	16109
4055	35	15741	20	235	0	16031
4056	15684	145	20	123	0	15972
4057	172	102	21	15574	0	15869
4058	104	16149	31	158	0	16442
4059	57	16574	23	89	0	16743
4060	16469	217	11	49	0	16746
4061	181	118	16547	31	0	16877
4062	16428	44	152	43	0	16667
4063	205	41	89	16573	0	16908
4064	120	39	33	16442	0	16634
4065	57	16637	27	249	0	16970
4066	47	190	16	16647	0	16900
4067	49	119	16665	196	0	17029
4068	45	16560	154	124	0	16883
4069	33	16691	93	49	0	16866
4070	16332	228	43	52	0	16655
4071	166	16648	31	48	0	16893
4072	120	169	23	16574	0	16886
4073	52	16743	26	176	0	16997
4074	43	171	18	16804	0	17036
4075	45	117	3	16956	0	17121
4076	27	57	16506	279	0	16869
4077	37	40	149	16295	0	16521
4078	30	35	109	16480	0	16654
4079	16114	23	36	284	0	16457
4080	169	57	16132	155	0	16513
4081	151	31	149	16366	0	16697
4082	68	53	16465	200	0	16786
4083	16027	23	171	155	0	16376
4084	182	16773	121	80	0	17156
4085	17485	170	39	104	0	17798
4086	229	125	41	17926	0	18321
4087	159	53	29	18001	0	18242
4088	61	71	17879	329	0	18340
4089	16276	45	188	224	0	16733
4090	211	18165	128	99	0	18603
4091	17323	204	43	97	0	17667
4092	233	150	25	17799	0	18207
4093	151	18105	41	311	0	18608
4094	18107	215	21	162	0	18505
4095	211	18497	36	83	0	18827
4096	152	214	28	18339	0	18733
4097	78	134	33	18478	0	18723
4098	71	57	23	18308	0	18459
4099	49	18053	48	349	0	18499
4100	63	197	26	18111	0	18397
4101	55	143	38	18191	0	18427
4102	17661	63	27	347	0	18098
4103	17744	46	33	197	0	18020
4104	17799	53	20	100	0	17972
4105	343	69	17807	67	0	18286
4106	17765	57	186	63	0	18071
4107	18039	56	130	81	0	18306
4108	17590	59	36	86	0	17771
4109	326	70	16921	82	0	17399
4110	17245	52	153	67	0	17517
4111	219	51	120	17614	0	18004
4112	162	70	17538	234	0	18004
4113	80	17497	186	172	0	17935
4114	73	438	111	16242	0	16864
4115	48	16654	64	186	0	16952
4116	50	16607	52	143	0	16852
4117	15567	225	112	100	0	16004
4118	160	125	20	15434	0	15739
4119	15565	40	26	149	0	15780
4120	153	36	12	15542	0	15743
4121	15483	24	24	174	0	15705
4122	159	34	16	15480	0	15689
4123	15435	28	13	182	0	15658
4124	149	38	15043	118	0	15348
4125	132	44	121	15112	0	15409
4126	61	42	15328	160	0	15591
4127	64	39	14833	109	0	15045
4128	59	40	15213	58	0	15370
4129	60	78	200	14728	0	15066
4130	48	42	14940	156	0	15186
4131	14632	29	123	109	0	14893
4132	138	36	81	14859	0	15114
4133	94	33	15563	156	0	15846
4134	40	26	119	15495	0	15680
4135	42	25	78	15630	0	15775
4136	41	50	16229	225	0	16545
4137	50	21	112	16190	0	16373
4138	59	29	75	15947	0	16110
4139	53	16352	53	200	0	16658
4140	16202	117	30	110	0	16459
4141	16243	73	31	52	0	16399
4142	230	44	15949	39	0	16262
4143	15632	26	115	45	0	15818
4144	158	33	15648	35	0	15874
4145	94	38	14924	44	0	15100
4146	50	34	14967	34	0	15085
4147	86	241	184	14024	0	14535
4148	33	39	14243	106	0	14421
4149	27	38	81	13740	0	13886
4150	29	13	56	13911	0	14009
4151	25	21	19	13836	0	13901
4152	24	16	23	13791	0	13854
4153	13653	6	16	128	0	13803
4154	13596	17	15	79	0	13707
4155	120	13960	28	44	0	14152
4156	77	61	13	14088	0	14239
4157	30	65	14364	95	0	14554
4158	28	14665	92	75	0	14860
4159	39	98	63	15068	0	15268
4160	33	90	15452	100	0	15675
4161	38	20	111	15172	0	15341
4162	20	33	15399	113	0	15565
4163	29	31	15337	83	0	15480
4164	24	20	164	15503	0	15711
4165	26	7	91	15648	0	15772
4166	15698	8	28	181	0	15915
4167	109	8	28	15642	0	15787
4168	15559	13	25	131	0	15728
4169	101	15539	51	97	0	15788
4170	83	16012	34	41	0	16170
4171	32	169	16	16282	0	16499
4172	16482	66	20	138	0	16706
4173	113	16705	45	105	0	16968
4174	110	113	29	17079	0	17331
4175	17696	67	18	149	0	17930
4176	17839	22	18	104	0	17983
4177	17708	14	30	37	0	17789
4178	17699	12	25	44	0	17780
4179	18084	12	25	40	0	18161
4180	193	39	17734	22	0	17988
4181	96	53	17546	31	0	17726
4182	28	17605	188	38	0	17859
4183	48	205	143	17291	0	17687
4184	32	98	17670	107	0	17907
4185	25	60	17194	79	0	17358
4186	43	73	165	17055	0	17336
4187	23	14	18145	115	0	18297
4188	23	30	18228	95	0	18376
4189	14	21949	222	28	0	22213
4190	21857	226	122	47	0	22252
4191	202	24062	41	29	0	24334
4192	180	266	23	23866	0	24335
4193	25154	184	13	269	0	25620
4194	278	25751	44	198	0	26271
4195	218	297	24	25355	0	25894
4196	47	238	25824	273	0	26382
4197	25611	35	290	229	0	26165
4198	26418	29	215	56	0	26718
4199	26870	15	39	60	0	26984
4200	521	15	34	26743	0	27313
4201	258	79	26880	330	0	27547
4202	56	27131	340	230	0	27757
4203	65	312	214	26759	0	27350
4204	26828	216	48	351	0	27443
4205	328	62	27121	233	0	27744
4206	238	26479	352	96	0	27165
4207	54	333	27073	50	0	27510
4208	26817	222	352	43	0	27434
4209	27643	41	241	43	0	27968
4210	27715	37	42	57	0	27851
4211	581	49	27090	38	0	27758
4212	294	26782	343	44	0	27463
4213	88	342	246	26761	0	27437
4214	82	240	51	27097	0	27470
4215	74	49	49	27084	0	27256
4216	57	73	26531	549	0	27210
4217	25633	34	347	289	0	26303
4218	358	66	27127	67	0	27618
4219	27158	43	356	75	0	27632
4220	27635	35	262	76	0	28008
4221	27883	21	69	73	0	28046
4222	27183	42	63	61	0	27349
4223	587	74	27223	40	0	27924
4224	321	46	357	26935	0	27659
4225	106	76	27202	361	0	27745
4226	100	26637	369	281	0	27387
4227	86	27336	302	100	0	27824
4228	27341	543	73	87	0	28044
4229	26750	294	94	92	0	27230
4230	604	27518	106	81	0	28309
4231	27909	391	73	76	0	28449
4232	510	326	24567	91	0	25494
4233	26855	80	293	78	0	27306
4234	459	27411	299	82	0	28251
4235	28133	373	82	88	0	28676
4236	27439	294	82	95	0	27910
4237	702	92	77	26918	0	27789
4238	384	88	85	27325	0	27882
4239	27067	78	92	635	0	27872
4240	483	84	76	27270	0	27913
4241	27369	74	89	461	0	27993
4242	527	81	90	27384	0	28082
4243	27246	67	105	443	0	27861
4244	26886	71	94	324	0	27375
4245	712	26573	129	108	0	27522
4246	429	27063	123	94	0	27709
4247	26380	614	102	92	0	27188
4248	453	26804	128	110	0	27495
4249	385	444	118	26282	0	27229
4250	199	331	90	26597	0	27217
4251	25692	126	109	680	0	26607
4252	451	26080	147	381	0	27059
4253	399	25858	154	144	0	26555
4254	194	26189	148	184	0	26715
4255	259	618	25187	150	0	26214
4256	235	371	25468	106	0	26180
4257	283	155	25669	123	0	26230
4258	315	487	684	21837	0	23323
4259	229	24148	404	336	0	25117
4260	24097	375	130	297	0	24899
4261	502	302	23905	146	0	24855
4262	398	124	23940	172	0	24634
4263	215	119	24462	135	0	24931
4264	247	133	627	23682	0	24689
4265	230	92	347	24149	0	24818
4266	260	104	126	24346	0	24836
4267	23998	100	128	594	0	24820
4268	24081	110	114	323	0	24628
4269	24229	99	112	130	0	24570
4270	742	95	125	23313	0	24275
4271	414	116	22652	367	0	23549
4272	217	156	22904	297	0	23574
4273	240	76	564	22512	0	23392
4274	223	92	311	22177	0	22803
4275	21706	80	127	570	0	22483
4276	476	21493	134	332	0	22435
4277	21600	323	70	182	0	22175
4278	451	21519	112	174	0	22256
4279	427	351	69	21205	0	22052
4280	223	283	21155	422	0	22083
4281	248	138	344	21148	0	21878
4282	21181	92	260	422	0	21955
4283	447	112	21096	321	0	21976
4284	20430	78	342	145	0	20995
4285	481	92	20472	105	0	21150
4286	435	115	19782	103	0	20435
4287	18424	107	528	117	0	19176
4288	439	96	18723	100	0	19358
4289	217	53	14568	53	0	14891
4290	188	14094	450	73	0	14805
4291	11711	332	557	163	0	12763
4292	11046	87	118	45	0	11296
4293	10992	19	20	27	0	11058
4294	135	28	10572	20	0	10755
4295	10190	12	76	25	0	10303
4296	92	10511	71	11	0	10685
4297	10345	75	18	25	0	10463
4298	89	56	10364	21	0	10530
4299	94	105	71	9812	0	10082
4300	16	22	9730	68	0	9836
4301	23	9608	67	50	0	9748
4302	73	55	60	9109	0	9297
4303	20	37	24	9256	0	9337
4304	9325	5	11	70	0	9411
4305	9248	4	6	53	0	9311
4306	9296	4	8	22	0	9330
4307	9296	5	13	19	0	9333
4308	9220	10	5	14	0	9249
4309	89	16	9216	11	0	9332
4310	51	7	46	9119	0	9223
4311	20	13	9553	41	0	9627
4312	16	7	50	9549	0	9622
4313	9658	12	40	55	0	9765
4314	9775	8	9	57	0	9849
4315	9850	5	15	22	0	9892
4316	9965	3	11	12	0	9991
4317	91	13	10150	9	0	10263
4318	57	6	57	10039	0	10159
4319	26	22	10116	57	0	10221
4320	8	10312	68	62	0	10450
4321	8	10306	75	21	0	10410
4322	26	118	25	9961	0	10130
4323	17	61	8	10922	0	11008
4324	22	8	11	11293	0	11334
4325	14	6	8	11800	0	11828
4326	11601	2	12	171	0	11786
4327	93	11565	26	92	0	11776
4328	11307	82	5	27	0	11421
4329	102	70	8	11215	0	11395
4330	85	12	7	10816	0	10920
4331	18	11065	18	155	0	11256
4332	22	84	8	11050	0	11164
4333	10936	72	5	105	0	11118
4334	91	10694	14	75	0	10874
4335	66	10390	18	17	0	10491
4336	10291	138	7	13	0	10449
4337	90	82	7	10305	0	10484
4338	74	10358	13	87	0	10532
4339	35	82	6	10458	0	10581
4340	10454	65	14	101	0	10634
4341	88	13	6	10458	0	10565
4342	91	7	2	10439	0	10539
4343	10363	1	8	158	0	10530
4344	87	5	5	10351	0	10448
4345	75	10410	12	88	0	10585
4346	22	68	9	10289	0	10388
4347	16	10370	14	84	0	10484
4348	15	85	3	10387	0	10490
4349	10301	77	5	93	0	10476
4350	10369	10	6	91	0	10476
4351	150	14	2	10419	0	10585
4352	93	22	10300	102	0	10517
4353	10031	8	81	96	0	10216
4354	94	19	10328	28	0	10469
4355	10164	18	85	22	0	10289
4356	10236	14	73	32	0	10355
4357	166	16	10045	27	0	10254
4358	86	9991	84	19	0	10180
4359	9925	87	85	32	0	10129
4360	9951	75	15	27	0	10068
4361	143	23	10258	22	0	10446
4362	10139	16	72	28	0	10255
4363	10018	12	72	28	0	10130
4364	9971	9	13	27	0	10020
4365	158	15	5	10036	0	10214
4366	99	8	6	10067	0	10180
4367	35	10109	11	155	0	10310
4368	19	77	8	10272	0	10376
4369	18	81	5	10267	0	10371
4370	24	28	10023	163	0	10238
4371	16	23	9753	107	0	9899
4372	9132	21	145	42	0	9340
4373	9591	18	75	31	0	9715
4374	167	9606	29	26	0	9828
4375	91	86	8	9688	0	9873
4376	32	98	10036	105	0	10271
4377	41	24	84	10202	0	10351
4378	32	18	78	10526	0	10654
4379	37	16	14	10688	0	10755
4380	25	10730	8	193	0	10956
4381	23	105	14	10896	0	11038
4382	35	85	6	10956	0	11082
4383	29	28	10809	191	0	11057
4384	35	27	10841	99	0	11002
4385	10345	19	164	48	0	10576
4386	10855	17	86	32	0	10990
4387	188	12	18	11296	0	11514
4388	106	16	13	11149	0	11284
4389	40	17	12	11389	0	11458
4390	35	16	10988	241	0	11280
4391	31	10858	129	141	0	11159
4392	34	137	10934	51	0	11156
4393	10711	98	144	44	0	10997
4394	141	36	11062	26	0	11265
4395	10968	13	139	40	0	11160
4396	10921	13	99	33	0	11066
4397	11115	11	25	37	0	11188
4398	234	19	21	10879	0	11153
4399	126	24	10873	162	0	11185
4400	45	11018	144	113	0	11320
4401	45	141	95	10883	0	11164
4402	34	99	26	11069	0	11228
4403	38	34	11243	242	0	11557
4404	25	11142	149	139	0	11455
4405	11533	146	119	40	0	11838
4406	173	11894	44	54	0	12165
4407	12707	179	24	35	0	12945
4408	218	132	27	12883	0	13260
4409	179	47	13313	213	0	13752
4410	50	13419	214	171	0	13854
4411	13439	203	171	74	0	13887
4412	223	184	13511	38	0	13956
4413	13593	29	236	31	0	13889
4414	13675	22	160	36	0	13893
4415	374	17	13653	32	0	14076
4416	13497	9	219	39	0	13764
4417	13438	11	159	28	0	13636
4418	13236	16	43	37	0	13332
4419	366	12922	43	31	0	13362
4420	12632	199	15	30	0	12876
4421	224	12936	45	38	0	13243
4422	163	205	12834	36	0	13238
4423	38	12672	208	35	0	12953
4424	11880	214	239	28	0	12361
4425	11949	122	33	22	0	12126
4426	12113	23	20	23	0	12179
4427	307	14	16	11783	0	12120
4428	144	9	27	11989	0	12169
4429	11720	13	21	275	0	12029
4430	11911	18	13	135	0	12077
4431	292	12	17	11663	0	11984
4432	137	27	11645	190	0	11999
4433	44	11342	175	116	0	11677
4434	32	11611	130	32	0	11805
4435	35	275	40	11426	0	11776
4436	37	135	11482	167	0	11821
4437	49	42	166	10879	0	11136
4438	33	11221	125	164	0	11543
4439	33	173	30	11257	0	11493
4440	29	130	11184	189	0	11532
4441	33	31	176	11203	0	11443
4442	31	28	11632	188	0	11879
4443	46	14	185	11518	0	11763
4444	36	31	11855	191	0	12113
4445	38	36	11789	121	0	11984
4446	11412	18	277	39	0	11746
4447	11881	15	132	37	0	12065
4448	12016	21	36	29	0	12102
4449	308	11837	40	25	0	12210
4450	162	182	27	11883	0	12254
4451	11748	120	28	182	0	12078
4452	12009	38	30	128	0	12205
4453	12029	28	34	46	0	12137
4454	301	48	11880	26	0	12255
4455	170	11523	176	28	0	11897
4456	68	11984	129	45	0	12226
4457	11818	264	47	28	0	12157
4458	211	131	33	11773	0	12148
4459	11785	38	34	168	0	12025
4460	226	44	11629	120	0	12019
4461	171	27	181	11389	0	11768
4462	75	25	130	11572	0	11802
4463	75	39	30	11237	0	11381
4464	75	11464	51	252	0	11842
4465	11507	175	37	130	0	11849
4466	11570	122	31	42	0	11765
4467	303	11397	46	33	0	11779
4468	167	191	30	11279	0	11667
4469	11392	130	22	177	0	11721
4470	225	42	36	11411	0	11714
4471	11450	38	30	197	0	11715
4472	220	11332	46	143	0	11741
4473	11378	178	35	49	0	11640
4474	222	144	11223	43	0	11632
4475	162	11305	194	52	0	11713
4476	75	184	11070	52	0	11381
4477	159	280	218	10508	0	11165
4478	10484	44	159	189	0	10876
4479	10535	30	45	132	0	10742
4480	10478	30	37	50	0	10595
4481	306	27	26	10168	0	10527
4482	10287	26	32	173	0	10518
4483	215	19	26	10165	0	10425
4484	10191	23	31	192	0	10437
4485	10279	26	37	144	0	10486
4486	291	40	10253	45	0	10629
4487	136	31	9790	41	0	9998
4488	56	23	9790	31	0	9900
4489	43	48	233	9357	0	9681
4490	9432	20	157	134	0	9743
4491	150	25	32	9526	0	9733
4492	129	13	34	9672	0	9848
4493	9901	16	25	243	0	10185
4494	9914	22	14	124	0	10074
4495	9993	17	23	50	0	10083
4496	10071	10	15	38	0	10134
4497	242	17	19	9876	0	10154
4498	9843	14	22	143	0	10022
4499	154	9739	36	111	0	10040
4500	9715	124	22	41	0	9902
4501	9675	87	37	45	0	9844
4502	208	40	9346	21	0	9615
4503	8826	21	116	36	0	8999
4504	150	29	8880	25	0	9084
4505	91	17	8242	20	0	8370
4506	41	40	8077	28	0	8186
4507	81	285	110	6661	0	7137
4508	22	16	6811	41	0	6890
4509	10	42	47	6165	0	6264
4510	12	9	6393	38	0	6452
4511	25	20	6661	22	0	6728
4512	9	31	38	6443	0	6521
4513	20	2	27	6833	0	6882
4514	9	13	7071	39	0	7132
4515	6752	4	24	30	0	6810
4516	30	2	20	7106	0	7158
4517	25	2	11	7159	0	7197
4518	7171	1	6	47	0	7225
4519	33	1	5	7314	0	7353
4520	23	14	7330	34	0	7401
4521	9	14	7003	24	0	7050
4522	7	13	46	6881	0	6947
4523	5	14	7129	31	0	7179
4524	4	7343	33	30	0	7410
4525	12	28	24	7236	0	7300
4526	7299	18	14	37	0	7368
4527	27	11	7354	23	0	7415
4528	7147	5	24	20	0	7196
4529	35	4	18	7533	0	7590
4530	28	0	8	7603	0	7639
4531	14	1	2	7625	0	7642
4532	10	2	5	7608	0	7625
4533	7489	0	5	63	0	7557
4534	29	8098	7	34	0	8168
4535	27	39	4	8269	0	8339
4536	16	37	4	8271	0	8328
4537	6	12	3	8327	0	8348
4538	6	5	0	8323	0	8334
4539	8206	2	5	98	0	8311
4540	46	8235	12	50	0	8343
4541	8177	45	1	18	0	8241
4542	56	7859	6	14	0	7935
4543	34	7913	9	10	0	7966
4544	7723	78	1	8	0	7810
4545	55	52	7853	6	0	7966
4546	35	14	48	7850	0	7947
4547	8074	6	36	60	0	8176
4548	8195	2	10	55	0	8262
4549	7660	15	20	38	0	7733
4550	8302	3	7	15	0	8327
4551	86	8649	9	12	0	8756
4552	8806	57	4	15	0	8882
4553	9012	42	3	16	0	9073
4554	106	9520	10	13	0	9649
4555	61	79	7	9860	0	10007
4556	26	55	9887	86	0	10054
4557	25	13	83	10013	0	10134
4558	9765	11	59	110	0	9945
4559	87	15	10332	77	0	10511
4560	67	10202	94	30	0	10393
4561	24	101	10378	27	0	10530
4562	24	63	99	9685	0	9871
4563	15	10238	72	86	0	10411
4564	10318	88	16	70	0	10492
4565	95	10469	21	27	0	10612
4566	66	102	11	10350	0	10529
4567	19	64	5	10613	0	10701
4568	10433	18	14	152	0	10617
4569	101	9	9	10268	0	10387
4570	67	10420	19	95	0	10601
4571	10490	90	6	75	0	10661
4572	10496	61	9	37	0	10603
4573	139	10593	22	26	0	10780
4574	10580	95	8	31	0	10714
4575	103	10477	11	25	0	10616
4576	10441	95	8	32	0	10576
4577	106	10487	20	24	0	10637
4578	92	104	11	10044	0	10251
4579	33	65	12	10503	0	10613
4580	10362	23	11	149	0	10545
4581	10571	20	11	92	0	10694
4582	148	10530	12	34	0	10724
4583	83	105	10499	27	0	10714
4584	10610	65	93	37	0	10805
4585	112	29	69	10698	0	10908
4586	81	10698	31	104	0	10914
4587	46	96	11	10819	0	10972
4588	10773	73	14	114	0	10974
4589	10885	32	7	87	0	11011
4590	11034	21	15	45	0	11115
4591	176	24	10	10893	0	11103
4592	101	33	10860	117	0	11111
4593	10354	21	87	91	0	10553
4594	10586	25	70	53	0	10734
4595	10758	16	17	33	0	10824
4596	175	10576	26	27	0	10804
4597	105	102	8	10591	0	10806
4598	44	10880	19	102	0	11045
4599	41	106	18	10925	0	11090
4600	48	85	10	11058	0	11201
4601	42	38	11429	171	0	11680
4602	45	39	101	12047	0	12232
4603	47	24	80	12318	0	12469
4604	12409	21	25	230	0	12685
4605	145	12610	23	125	0	12903
4606	12743	141	13	57	0	12954
4607	13184	132	16	35	0	13367
4608	277	52	14	13164	0	13507
4609	179	32	13313	160	0	13684
4610	57	13014	152	127	0	13350
4611	49	12902	131	53	0	13135
4612	12555	265	59	42	0	12921
4613	173	12746	27	38	0	12984
4614	143	159	17	12333	0	12652
4615	51	128	21	12657	0	12857
4616	45	44	12448	263	0	12800
4617	41	40	12418	150	0	12649
4618	41	12414	257	48	0	12760
4619	47	154	131	12296	0	12628
4620	12362	139	21	158	0	12680
4621	158	50	21	12549	0	12778
4622	142	36	12684	181	0	13043
4623	48	30	146	12553	0	12777
4624	12160	30	116	189	0	12495
4625	12223	31	27	144	0	12425
4626	271	12239	36	52	0	12598
4627	12303	154	18	43	0	12518
4628	178	12315	33	48	0	12574
4629	12314	161	12	43	0	12530
4630	192	164	12	12081	0	12449
4631	166	49	12077	152	0	12444
4632	67	34	12034	139	0	12274
4633	52	12229	242	43	0	12566
4634	91	143	135	11548	0	11917
4635	39	120	19	11808	0	11986
4636	11759	24	14	236	0	12033
4637	11857	26	18	138	0	12039
4638	12125	29	20	40	0	12214
4639	243	29	11	11928	0	12211
4640	146	28	12	12144	0	12330
4641	56	20	20	12269	0	12365
4642	60	39	12050	237	0	12386
4643	48	45	11942	139	0	12174
4644	11638	31	215	53	0	11937
4645	11927	18	119	54	0	12118
4646	248	36	11972	27	0	12283
4647	11639	23	123	57	0	11842
4648	11548	24	122	39	0	11733
4649	231	31	11615	40	0	11917
4650	137	11677	142	48	0	12004
4651	64	184	125	11216	0	11589
4652	44	116	11455	143	0	11758
4653	41	11655	138	137	0	11971
4654	68	194	104	10488	0	10854
4655	43	10967	43	108	0	11161
4656	40	112	10694	107	0	10953
4657	36	106	10813	43	0	10998
4658	64	95	205	10660	0	11024
4659	10753	31	123	118	0	11025
4660	133	31	19	10812	0	10995
4661	10762	27	16	116	0	10921
4662	136	26	15	10848	0	11025
4663	118	37	10781	132	0	11068
4664	10371	22	110	131	0	10634
4665	116	39	10958	37	0	11150
4666	10854	23	135	33	0	11045
4667	124	30	117	10593	0	10864
4668	112	10913	41	129	0	11195
4669	47	111	16	10852	0	11026
4670	40	11190	30	127	0	11387
4671	47	114	29	10387	0	10577
4672	28	11133	36	127	0	11324
4673	10939	117	16	125	0	11197
4674	11047	108	13	42	0	11210
4675	11028	26	23	39	0	11116
4676	222	28	10884	27	0	11161
4677	135	24	112	10829	0	11100
4678	51	31	11076	139	0	11297
4679	40	10811	138	131	0	11120
4680	35	11016	140	38	0	11229
4681	10746	202	47	34	0	11029
4682	119	123	10863	34	0	11139
4683	129	10740	128	36	0	11033
4684	52	110	119	10841	0	11122
4685	10886	101	43	125	0	11155
4686	125	10977	38	124	0	11264
4687	11145	122	26	41	0	11334
4688	137	116	11140	56	0	11449
4689	112	39	121	11298	0	11570
4690	43	18	118	11481	0	11660
4691	33	21	47	11733	0	11834
4692	45	11678	40	231	0	11994
4693	48	133	30	11452	0	11663
4694	52	124	11861	159	0	12196
4695	36	27	141	11752	0	11956
4696	53	21	125	11921	0	12120
4697	46	11	40	11818	0	11915
4698	40	11580	47	245	0	11912
4699	43	128	22	11574	0	11767
4700	59	125	29	11420	0	11633
4701	24	10864	40	224	0	11152
4702	10119	104	22	109	0	10354
4703	110	10188	18	39	0	10355
4704	77	9897	21	26	0	10021
4705	61	216	29	9557	0	9863
4706	17	79	9558	94	0	9748
4707	8416	40	100	67	0	8623
4708	81	8	55	9100	0	9244
4709	53	11	8984	82	0	9130
4710	13	9034	82	53	0	9182
4711	20	72	51	9037	0	9180
4712	16	60	9129	76	0	9281
4713	9	24	76	8938	0	9047
4714	25	10	51	8985	0	9071
4715	8798	4	12	128	0	8942
4716	66	8800	15	61	0	8942
4717	8759	76	2	26	0	8863
4718	81	59	8935	15	0	9090
4719	53	8981	80	17	0	9131
4720	24	86	8982	22	0	9114
4721	27	98	82	9013	0	9220
4722	8973	20	56	80	0	9129
4723	68	10	15	8937	0	9030
4724	9020	5	6	85	0	9116
4725	9111	8	9	58	0	9186
4726	119	5	4	9280	0	9408
4727	61	20	9589	81	0	9751
4728	27	21	9807	64	0	9919
4729	22	8	120	9953	0	10103
4730	13	13	65	10143	0	10234
4731	10043	9	16	129	0	10197
4732	78	9	7	10013	0	10107
4733	59	9926	16	95	0	10096
4734	26	79	7	10047	0	10159
4735	10	61	8	10139	0	10218
4736	9946	18	6	159	0	10129
4737	75	10189	17	80	0	10361
4738	63	80	6	10289	0	10438
4739	24	60	8	10229	0	10321
4740	12	10165	14	141	0	10332
4741	11	85	8	10271	0	10375
4742	17	61	9	10116	0	10203
4743	6	10034	14	142	0	10196
4744	12	87	5	10086	0	10190
4745	12	63	5	9897	0	9977
4746	11	9839	26	153	0	10029
4747	8	97	7	9912	0	10024
4748	9801	64	5	115	0	9985
4749	9766	20	11	80	0	9877
4750	9649	15	7	37	0	9708
4751	9631	10	10	26	0	9677
4752	150	9280	16	33	0	9479
4753	8888	72	4	24	0	8988
4754	74	8843	14	21	0	8952
4755	53	8730	15	15	0	8813
4756	47	136	21	8589	0	8793
4757	21	62	8692	85	0	8860
4758	8292	30	77	63	0	8462
4759	8636	15	53	36	0	8740
4760	114	15	8971	32	0	9132
4761	8787	12	71	28	0	8898
4762	9093	11	48	34	0	9186
4763	115	8912	16	25	0	9068
4764	9593	74	10	58	0	9735
4765	83	55	10	9501	0	9649
4766	61	13	3	9555	0	9632
4767	24	10	9	9621	0	9664
4768	23	19	2	9572	0	9616
4769	9521	13	5	136	0	9675
4770	90	14	4	9485	0	9593
4771	57	10	10	9566	0	9643
4772	14	22	9371	133	0	9540
4773	8703	19	79	83	0	8884
4774	9435	14	54	37	0	9540
4775	9432	7	13	35	0	9487
4776	129	9347	13	33	0	9522
4777	60	9444	19	29	0	9552
4778	9312	113	7	39	0	9471
4779	87	65	10	9313	0	9475
4780	71	9544	13	87	0	9715
4781	38	80	8	9482	0	9608
4782	20	9540	17	85	0	9662
4783	9437	85	5	79	0	9606
4784	84	9565	9	43	0	9701
4785	69	106	5	9405	0	9585
4786	32	61	6	9520	0	9619
4787	31	40	9538	143	0	9752
4788	19	9831	75	93	0	10018
4789	29	113	58	10127	0	10327
4790	27	76	10374	104	0	10581
4791	29	34	10788	76	0	10927
4792	43	34	161	10986	0	11224
4793	24	16	86	10956	0	11082
4794	19	10852	32	197	0	11100
4795	33	11205	14	112	0	11364
4796	30	195	7	11165	0	11397
4797	11220	112	9	132	0	11473
4798	130	31	4	11731	0	11896
4799	12048	20	8	162	0	12238
4800	12199	22	5	115	0	12341
4801	12395	18	4	50	0	12467
4802	237	32	12324	36	0	12629
4803	12276	18	117	36	0	12447
4804	155	15	103	12408	0	12681
4805	130	11	30	12515	0	12686
4806	59	30	12310	229	0	12628
4807	36	33	12350	136	0	12555
4808	35	36	215	11963	0	12249
4809	26	11979	126	125	0	12256
4810	28	12239	27	119	0	12413
4811	52	218	17	12140	0	12427
4812	12077	121	14	154	0	12366
4813	130	33	14	12259	0	12436
4814	112	17	17	12099	0	12245
4815	44	12233	18	231	0	12526
4816	27	124	14	12393	0	12558
4817	31	119	12415	154	0	12719
4818	33	48	12016	123	0	12220
4819	11641	19	211	64	0	11935
4820	134	12095	134	32	0	12395
4821	12079	127	31	40	0	12277
4822	12116	101	12	44	0	12273
4823	222	34	23	11536	0	11815
4824	122	12010	37	125	0	12294
4825	62	125	18	12045	0	12250
4826	11914	98	19	156	0	12187
4827	118	11704	22	114	0	11958
4828	11406	115	16	49	0	11586
4829	131	11417	21	33	0	11602
4830	11422	127	12	33	0	11594
4831	11415	95	11	44	0	11565
4832	195	11311	34	31	0	11571
4833	126	112	18	11291	0	11547
4834	11321	97	11	121	0	11550
4835	121	40	11053	106	0	11320
4836	107	21	11016	46	0	11190
4837	68	111	200	10644	0	11023
4838	10783	22	114	113	0	11032
4839	111	17	26	10876	0	11030
4840	10889	16	14	132	0	11051
4841	124	28	11167	102	0	11421
4842	11237	15	106	51	0	11409
4843	11695	21	87	35	0	11838
4844	188	15	28	11604	0	11835
4845	125	14	11	11706	0	11856
4846	39	23	10	11730	0	11802
4847	26	11703	17	213	0	11959
4848	32	103	16	11699	0	11850
4849	42	85	16	11800	0	11943
4850	11718	31	21	196	0	11966
4851	11715	12	18	129	0	11874
4852	185	33	11593	57	0	11868
4853	11421	23	94	40	0	11578
4854	127	35	11612	31	0	11805
4855	10901	20	125	42	0	11088
4856	130	22	11473	42	0	11667
4857	108	20	11254	40	0	11422
4858	50	31	165	11075	0	11321
4859	38	30	11266	115	0	11449
4860	10959	16	124	120	0	11219
4861	125	23	87	11532	0	11767
4862	11694	21	33	126	0	11874
4863	11732	22	14	112	0	11880
4864	11163	23	20	57	0	11263
4865	11093	10	22	43	0	11168
4866	213	28	11026	28	0	11295
4867	129	18	93	10994	0	11234
4868	57	24	11240	114	0	11435
4869	57	17	102	11111	0	11287
4870	11138	18	90	125	0	11371
4871	121	16	36	11202	0	11375
4872	11371	13	22	138	0	11544
4873	126	16	18	11456	0	11616
4874	106	16	17	11552	0	11691
4875	11477	24	29	188	0	11718
4876	105	11516	37	113	0	11771
4877	11578	93	16	60	0	11747
4878	132	11583	23	31	0	11769
4879	108	109	13	11649	0	11879
4880	11534	84	11	121	0	11750
4881	113	46	11535	101	0	11795
4882	101	16	87	11584	0	11788
4883	11622	12	87	115	0	11836
4884	11808	21	30	90	0	11949
4885	187	17	13	11641	0	11858
4886	132	11803	30	162	0	12127
4887	51	11867	33	90	0	12041
4888	64	460	10	11120	0	11654
4889	11226	105	31	96	0	11458
4890	107	10868	14	85	0	11074
4891	69	10330	18	27	0	10444
4892	9871	119	31	14	0	10035
4893	54	9834	19	11	0	9918
4894	10153	59	30	15	0	10257
4895	87	61	13	10118	0	10279
4896	62	11	5	10065	0	10143
4897	11	10061	14	112	0	10198
4898	5	9870	9	70	0	9954
4899	9438	110	4	17	0	9569
4900	59	9785	6	9	0	9859
4901	53	10245	10	3	0	10311
4902	35	133	21	10204	0	10393
4903	10439	75	9	86	0	10609
4904	85	22	11156	75	0	11338
4905	11192	3	98	18	0	11311
4906	117	6	96	12191	0	12410
4907	98	10	12436	127	0	12671
4908	25	5	12742	115	0	12887
4909	19	6	246	12887	0	13158
4910	17	19	13428	130	0	13594
4911	13145	5	139	134	0	13423
4912	13613	5	127	36	0	13781
4913	251	14	13683	14	0	13962
4914	143	7	144	13525	0	13819
4915	24	4	139	13638	0	13805
4916	13749	7	26	267	0	14049
4917	146	4	13	13202	0	13365
4918	133	13457	26	139	0	13755
4919	13532	134	6	133	0	13805
4920	148	13570	18	33	0	13769
4921	130	13868	22	82	0	14102
4922	33	252	3	13754	0	14042
4923	23	140	4	13824	0	13991
4924	29	29	6	13918	0	13982
4925	17	31	13547	279	0	13874
4926	12404	24	138	163	0	12729
4927	147	13391	130	48	0	13716
4928	13681	147	19	43	0	13890
4929	13773	139	15	39	0	13966
4930	285	33	8	13711	0	14037
4931	161	13777	14	173	0	14125
4932	57	150	15	14087	0	14309
4933	31	148	21	14172	0	14372
4934	14231	37	7	298	0	14573
4935	14207	23	10	175	0	14415
4936	299	33	14096	40	0	14468
4937	14202	11	145	40	0	14398
4938	187	14466	133	50	0	14836
4939	14586	160	28	41	0	14815
4940	181	15296	24	36	0	15537
4941	168	182	18	14932	0	15300
4942	67	158	16	14866	0	15107
4943	36	14868	29	322	0	15255
4944	40	191	14	15141	0	15386
4945	50	164	20	15206	0	15440
4946	39	47	20	15017	0	15123
4947	37	14918	31	356	0	15342
4948	50	179	14	15141	0	15384
4949	37	158	20	15191	0	15406
4950	46	51	23	15291	0	15411
4951	27	53	14879	363	0	15322
4952	14045	27	180	232	0	14484
4953	190	44	15093	89	0	15416
4954	14706	31	202	65	0	15004
4955	228	53	15159	60	0	15500
4956	14867	36	192	69	0	15164
4957	15159	30	165	70	0	15424
4958	358	32	15186	61	0	15637
4959	225	35	184	14933	0	15377
4960	87	49	14595	204	0	14935
4961	14033	30	195	190	0	14448
4962	219	56	15160	84	0	15519
4963	215	49	14993	68	0	15325
4964	14625	45	330	69	0	15069
4965	222	15003	211	76	0	15512
4966	191	180	74	15065	0	15510
4967	15355	175	49	229	0	15808
4968	225	54	61	15410	0	15750
4969	228	38	49	15502	0	15817
4970	15335	37	51	366	0	15789
4971	15370	25	50	233	0	15678
4972	371	44	15156	102	0	15673
4973	225	44	15089	90	0	15448
4974	93	33	342	15104	0	15572
4975	83	43	15382	259	0	15767
4976	78	33	230	15213	0	15554
4977	91	30	198	15180	0	15499
4978	106	34	62	15505	0	15707
4979	15015	35	68	395	0	15513
4980	223	15242	71	236	0	15772
4981	15323	188	49	140	0	15700
4982	15248	182	35	109	0	15574
4983	359	15214	61	124	0	15758
4984	15080	199	31	105	0	15415
4985	239	188	14899	103	0	15429
4986	200	123	163	14519	0	15005
4987	14699	64	141	224	0	15128
4988	199	72	14431	189	0	14891
4989	14180	42	139	118	0	14479
4990	196	14871	147	88	0	15302
4991	16158	154	61	92	0	16465
4992	16211	123	64	77	0	16475
4993	394	16522	66	57	0	17039
4994	16956	196	41	77	0	17270
4995	291	171	68	16933	0	17463
4996	256	58	40	17201	0	17555
4997	17060	52	37	382	0	17531
4998	16338	45	29	259	0	16671
4999	380	16952	54	114	0	17500
5000	260	16810	60	102	0	17232
5001	113	479	25	15519	0	16136
5002	73	16190	40	168	0	16471
5003	71	16357	40	172	0	16640
5004	15205	263	62	71	0	15601
5005	161	15458	33	31	0	15683
5006	14573	163	25	29	0	14790
5007	159	14860	23	34	0	15076
5008	143	146	14651	47	0	14987
5009	59	14692	122	48	0	14921
5010	14151	204	167	95	0	14617
5011	13911	120	34	43	0	14108
5012	224	47	13966	30	0	14267
5013	158	19	111	13559	0	13847
5014	66	13	111	14060	0	14250
5015	37	41	14057	196	0	14331
5016	49	12	112	13831	0	14004
5017	32	34	14127	154	0	14347
5018	31	19	13828	144	0	14022
5019	13382	12	190	70	0	13654
5020	127	13890	121	41	0	14179
5021	13866	112	37	25	0	14040
5022	149	112	15	13852	0	14128
5023	134	49	14031	108	0	14322
5024	85	43	94	13454	0	13676
5025	39	14145	114	112	0	14410
5026	14268	104	44	103	0	14519
5027	14266	107	23	62	0	14458
5028	220	49	16	14254	0	14539
5029	151	47	14013	113	0	14324
5030	13379	23	105	112	0	13619
5031	118	13823	107	54	0	14102
5032	13797	108	29	36	0	13970
5033	170	113	14	13648	0	13945
5034	13761	45	26	113	0	13945
5035	183	69	18	13653	0	13923
5036	144	63	13644	152	0	14003
5037	86	45	13375	132	0	13638
5038	12861	19	186	105	0	13171
5039	134	13639	133	68	0	13974
5040	13227	102	101	48	0	13478
5041	13098	106	34	44	0	13282
5042	173	13300	14	27	0	13514
5043	13208	124	25	39	0	13396
5044	134	119	13650	47	0	13950
5045	118	68	86	13698	0	13970
5046	74	57	75	13846	0	14052
5047	65	54	26	13966	0	14111
5048	55	70	13903	176	0	14204
5049	72	57	13952	113	0	14194
5050	48	47	170	13604	0	13869
5051	23	13900	142	99	0	14164
5052	55	14294	56	77	0	14482
5053	14331	168	19	47	0	14565
5054	14349	105	32	38	0	14524
5055	166	14737	54	60	0	15017
5056	129	97	31	14923	0	15180
5057	55	103	29	15069	0	15256
5058	15212	45	50	205	0	15512
5059	141	31	46	15531	0	15749
5060	130	28	55	15424	0	15637
5061	93	31	47	15481	0	15652
5062	74	65	14642	202	0	14983
5063	74	58	14197	135	0	14464
5064	14553	47	181	86	0	14867
5065	150	19	122	15204	0	15495
5066	123	40	15229	132	0	15524
5067	58	47	14848	127	0	15080
5068	14843	53	194	93	0	15183
5069	182	61	16821	57	0	17121
5070	165	17211	181	63	0	17620
5071	74	138	155	18391	0	18758
5072	53	163	18449	192	0	18857
5073	18459	54	176	166	0	18855
5074	228	68	152	19737	0	20185
5075	220	54	19720	216	0	20210
5076	89	32	201	20160	0	20482
5077	74	19	189	20261	0	20543
5078	20231	26	56	411	0	20724
5079	223	20380	92	239	0	20934
5080	235	197	46	20015	0	20493
5081	20371	194	43	230	0	20838
5082	20471	61	27	229	0	20788
5083	20679	38	27	110	0	20854
5084	20858	33	55	63	0	21009
5085	452	38	29	20477	0	20996
5086	20525	30	48	235	0	20838
5087	20363	24	60	235	0	20682
5088	19783	15	46	123	0	19967
5089	19936	30	58	115	0	20139
5090	416	19002	75	80	0	19573
5091	154	17718	26	30	0	17928
5092	58	330	38	17238	0	17664
5093	29	17467	32	151	0	17679
5094	17069	162	19	150	0	17400
5095	188	123	9	16948	0	17268
5096	16942	23	13	154	0	17132
5097	17142	17	8	159	0	17326
5098	263	13	10	17439	0	17725
5099	161	9	18	17207	0	17395
5100	49	17243	32	244	0	17568
5101	17272	127	15	166	0	17580
5102	150	17275	34	60	0	17519
5103	17462	140	20	48	0	17670
5104	171	123	20	17468	0	17782
5105	161	54	17281	164	0	17660
5106	17123	23	129	160	0	17435
5107	16816	26	120	64	0	17026
5108	281	37	16745	33	0	17096
5109	177	39	16762	32	0	17010
5110	78	23	240	16375	0	16716
5111	17597	15	136	188	0	17936
5112	18456	30	29	156	0	18671
5113	19066	18	26	71	0	19181
5114	19215	16	16	54	0	19301
5115	364	18954	23	49	0	19390
5116	19558	177	16	62	0	19813
5117	246	172	17	19334	0	19769
5118	217	31	13	19593	0	19854
5119	83	26	14	20106	0	20229
5120	74	29	14	20296	0	20413
5121	19905	26	16	385	0	20332
5122	243	17	17	20891	0	21168
5123	215	56	20439	253	0	20963
5124	103	20	200	21143	0	21466
5125	72	19	210	21197	0	21498
5126	72	20	43	21232	0	21367
5127	93	22	26	20984	0	21125
5128	20460	22	19	458	0	20959
5129	256	20475	31	275	0	21037
5130	251	20682	40	66	0	21039
5131	90	411	29	20391	0	20921
5132	20473	243	22	262	0	21000
5133	20830	46	18	246	0	21140
5134	472	30	25	20726	0	21253
5135	286	55	20317	269	0	20927
5136	20388	27	219	274	0	20908
5137	297	34	212	21238	0	21781
5138	285	48	21169	275	0	21777
5139	20226	30	233	303	0	20792
5140	300	20979	237	97	0	21613
5141	22655	240	39	98	0	23032
5142	375	23749	62	83	0	24269
5143	374	355	15	23813	0	24557
5144	118	24678	60	401	0	25257
5145	133	451	24	25355	0	25963
5146	24476	387	21	480	0	25364
5147	395	24806	35	462	0	25698
5148	421	380	24765	169	0	25735
5149	152	438	352	24810	0	25752
5150	116	108	25180	435	0	25839
5151	117	59	413	24734	0	25323
5152	93	54	376	25132	0	25655
5153	117	56	24593	748	0	25514
5154	22331	35	373	556	0	23295
5155	415	63	24650	179	0	25307
5156	416	54	24249	123	0	24842
5157	154	24251	717	133	0	25255
5158	149	371	411	24064	0	24995
5159	104	394	106	24378	0	24982
5160	106	123	66	24430	0	24725
5161	101	66	41	24893	0	25101
5162	98	71	23972	836	0	24977
5163	22326	45	372	570	0	23313
5164	422	65	24257	220	0	24964
5165	447	45	431	23623	0	24546
5166	23444	48	379	459	0	24330
5167	399	23584	139	466	0	24588
5168	418	621	92	22552	0	23683
5169	21823	353	62	401	0	22639
5170	377	21218	88	394	0	22077
5171	338	20825	72	155	0	21390
5172	20420	595	108	107	0	21230
5173	329	20624	78	93	0	21124
5174	19794	360	72	100	0	20326
5175	350	19874	60	189	0	20473
5176	19956	341	56	85	0	20438
5177	20001	319	39	80	0	20439
5178	587	20094	70	86	0	20837
5179	382	308	52	19990	0	20732
5180	125	326	19795	333	0	20579
5181	19523	115	283	351	0	20272
5182	326	62	300	19539	0	20227
5183	338	19084	119	341	0	19882
5184	113	19702	90	341	0	20246
5185	70	527	72	19745	0	20414
5186	19604	330	64	349	0	20347
5187	321	137	19688	338	0	20484
5188	320	66	300	19860	0	20546
5189	126	64	300	20186	0	20676
5190	94	56	100	20509	0	20759
5191	95	62	55	20039	0	20251
5192	64	19613	85	653	0	20415
5193	79	294	60	20061	0	20494
5194	67	343	19500	416	0	20326
5195	66	132	19329	373	0	19900
5196	63	107	19650	186	0	20006
5197	89	65	594	19098	0	19846
5198	18794	80	368	340	0	19582
5199	323	88	18884	359	0	19654
5200	343	83	19031	148	0	19605
5201	155	64	568	18703	0	19490
5202	18887	66	364	353	0	19670
5203	314	18758	156	410	0	19638
5204	18945	315	95	166	0	19521
5205	380	310	76	18760	0	19526
5206	376	144	19016	363	0	19899
5207	170	220	295	18022	0	18707
5208	93	18999	356	350	0	19798
5209	19378	323	112	348	0	20161
5210	363	342	19391	153	0	20249
5211	311	18887	324	128	0	19650
5212	18350	340	371	140	0	19201
5213	396	361	146	18374	0	19277
5214	341	114	75	18601	0	19131
5215	18649	71	73	590	0	19383
5216	19061	67	93	405	0	19626
5217	19929	56	76	191	0	20252
5218	689	93	77	18982	0	19841
5219	412	19037	80	359	0	19888
5220	19155	296	65	384	0	19900
5221	349	19247	69	187	0	19852
5222	18504	326	61	101	0	18992
5223	382	18208	83	85	0	18758
5224	340	332	74	17638	0	18384
5225	17969	300	42	334	0	18645
5226	18077	112	33	339	0	18561
5227	18321	94	29	154	0	18598
5228	18406	63	32	114	0	18615
5229	18368	56	44	99	0	18567
5230	626	76	17847	88	0	18637
5231	399	68	287	17686	0	18440
5232	177	76	18083	292	0	18628
5233	123	80	17770	308	0	18281
5234	17599	42	528	152	0	18321
5235	17943	76	336	72	0	18427
5236	18069	62	127	64	0	18322
5237	618	66	61	17283	0	18028
5238	17265	57	60	310	0	17692
5239	413	17007	74	314	0	17808
5240	371	17145	56	139	0	17711
5241	144	16277	39	70	0	16530
5242	14453	314	88	62	0	14917
5243	178	14552	41	60	0	14831
5244	13963	154	52	27	0	14196
5245	13698	127	21	30	0	13876
5246	276	54	13666	27	0	14023
5247	205	28	139	13421	0	13793
5248	88	31	127	14026	0	14272
5249	14191	24	29	265	0	14509
5250	14192	14	27	168	0	14401
5251	301	15	25	14083	0	14424
5252	202	36	13960	167	0	14365
5253	104	26	14002	153	0	14285
5254	96	22	249	14132	0	14499
5255	79	20	156	14055	0	14310
5256	60	29	43	14280	0	14412
5257	13902	30	29	297	0	14258
5258	13927	36	28	177	0	14168
5259	318	13908	32	54	0	14312
5260	224	156	13	13945	0	14338
5261	109	156	22	13843	0	14130
5262	93	14010	33	280	0	14416
5263	110	162	20	14122	0	14414
5264	14085	156	16	193	0	14450
5265	210	52	29	14058	0	14349
5266	210	31	26	14116	0	14383
5267	13845	33	29	305	0	14212
5268	13904	34	34	200	0	14172
5269	13995	35	33	78	0	14141
5270	366	54	49	13660	0	14129
5271	231	48	13308	166	0	13753
5272	141	38	13065	169	0	13413
5273	107	40	13133	86	0	13366
5274	91	12737	280	80	0	13188
5275	12332	169	215	92	0	12808
5276	213	131	12228	63	0	12635
5277	11974	44	151	67	0	12236
5278	216	32	145	11981	0	12374
5279	12048	30	43	204	0	12325
5280	12227	31	28	179	0	12465
5281	284	12310	49	80	0	12723
5282	12576	135	34	69	0	12814
5283	12415	131	35	92	0	12673
5284	305	12387	51	84	0	12827
5285	211	143	32	12507	0	12893
5286	122	137	12497	178	0	12934
5287	114	53	132	12324	0	12623
5288	99	33	134	12467	0	12733
5289	12349	39	50	307	0	12745
5290	205	36	49	12328	0	12618
5291	183	12553	63	208	0	13007
5292	111	148	45	12547	0	12851
5293	96	133	36	12804	0	13069
5294	102	61	12565	315	0	13043
5295	106	12400	162	200	0	12868
5296	93	12667	164	100	0	13024
5297	12355	252	54	98	0	12759
5298	186	12788	54	103	0	13131
5299	202	170	52	12659	0	13083
5300	112	160	12742	189	0	13203
5301	83	12757	170	190	0	13200
5302	12794	167	146	96	0	13203
5303	222	148	58	12811	0	13239
5304	201	57	51	13022	0	13331
5305	104	55	12870	318	0	13347
5306	85	46	162	12530	0	12823
5307	99	39	147	12671	0	12956
5308	12380	41	47	338	0	12806
5309	11803	41	43	197	0	12084
5310	305	11730	45	100	0	12180
5311	11155	129	43	97	0	11424
5312	176	11012	42	81	0	11311
5313	174	315	18	9873	0	10380
5314	87	10359	34	137	0	10617
5315	72	10466	25	144	0	10707
5316	9624	238	101	122	0	10085
5317	9308	102	37	74	0	9521
5318	162	9154	45	47	0	9408
5319	9231	110	27	49	0	9417
5320	9210	84	18	66	0	9378
5321	9532	28	26	48	0	9634
5322	155	30	37	9549	0	9771
5323	9564	40	21	116	0	9741
5324	111	35	9284	100	0	9530
5325	9161	25	71	52	0	9309
5326	117	42	9528	49	0	9736
5327	114	38	76	9493	0	9721
5328	57	39	75	9756	0	9927
5329	65	46	9677	154	0	9942
5330	9192	29	81	104	0	9406
5331	9533	36	73	66	0	9708
5332	162	39	9927	50	0	10178
5333	99	24	93	9758	0	9974
5334	51	29	68	9915	0	10063
5335	56	18	26	10044	0	10144
5336	9833	19	27	169	0	10048
5337	9830	27	27	104	0	9988
5338	155	32	20	9557	0	9764
5339	98	9360	26	113	0	9597
5340	43	9190	26	77	0	9336
5341	8694	120	17	37	0	8868
5342	84	8800	26	34	0	8944
5343	68	8503	26	32	0	8629
5344	59	98	25	7745	0	7927
5345	20	42	7758	58	0	7878
5346	22	7645	44	31	0	7742
5347	37	80	30	7440	0	7587
5348	19	7511	17	44	0	7591
5349	28	31	9	7307	0	7375
5350	7346	26	11	40	0	7423
5351	39	7533	11	32	0	7615
5352	7590	28	4	24	0	7646
5353	7430	21	9	17	0	7477
5354	55	25	7361	15	0	7456
5355	7243	2	27	23	0	7295
5356	38	24	22	7505	0	7589
5357	29	9	7542	35	0	7615
5358	15	7523	28	25	0	7591
5359	28	51	25	7406	0	7510
5360	13	23	3	7413	0	7452
5361	7398	2	5	45	0	7450
5362	23	9	6	7410	0	7448
5363	29	3	2	7411	0	7445
5364	7368	3	8	51	0	7430
5365	26	7393	17	28	0	7464
5366	7303	24	2	17	0	7346
5367	35	26	7323	9	0	7393
5368	6755	6	25	13	0	6799
5369	34	13	7551	9	0	7607
5370	23	7604	26	12	0	7665
5371	7605	26	21	15	0	7667
5372	7410	24	7	13	0	7454
5373	43	14	7518	8	0	7583
5374	22	14	7657	4	0	7697
5375	16	15	7860	13	0	7904
5376	7	8039	51	8	0	8105
5377	9	38	23	8038	0	8108
5378	13	36	8709	36	0	8794
5379	7	18	8562	31	0	8618
5380	15	5	93	8626	0	8739
5381	17	15	8807	57	0	8896
5382	8686	5	55	54	0	8800
5383	10029	6	49	18	0	10102
5384	142	21	10000	14	0	10177
5385	93	10025	94	10	0	10222
5386	29	87	78	9947	0	10141
5387	15	90	10148	86	0	10339
5388	11	10140	98	87	0	10336
5389	15	104	81	10010	0	10210
5390	9984	75	28	96	0	10183
5391	9857	15	11	80	0	9963
5392	156	10056	17	19	0	10248
5393	92	81	3	10022	0	10198
5394	28	71	8	10045	0	10152
5395	10	19	9	10039	0	10077
5396	9	6	8	10090	0	10113
5397	11	16	9869	181	0	10077
5398	14	11	83	9823	0	9931
5399	14	8	9717	102	0	9841
5400	11	9529	94	73	0	9707
5401	9451	75	75	26	0	9627
5402	84	9892	15	16	0	10007
5403	78	94	4	9806	0	9982
5404	36	68	6	9808	0	9918
5405	9754	20	6	158	0	9938
5406	79	6	4	9790	0	9879
5407	70	9742	15	93	0	9920
5408	23	79	7	9882	0	9991
5409	14	73	6	9890	0	9983
5410	9746	18	7	152	0	9923
5411	80	25	9635	87	0	9827
5412	68	9446	77	34	0	9625
5413	16	9671	64	19	0	9770
5414	14	136	16	9467	0	9633
5415	9363	79	7	92	0	9541
5416	80	9386	9	76	0	9551
5417	73	77	8	9476	0	9634
5418	19	81	9397	86	0	9583
5419	12	25	79	9420	0	9536
5420	9428	5	66	94	0	9593
5421	9217	7	19	79	0	9322
5422	142	5	5	9214	0	9366
5423	9410	10	5	86	0	9511
5424	9333	8	3	87	0	9431
5425	150	25	9333	24	0	9532
5426	8976	11	71	28	0	9086
5427	91	9250	80	20	0	9441
5428	9322	81	23	21	0	9447
5429	103	83	9178	15	0	9379
5430	76	21	88	9269	0	9454
5431	9517	8	80	102	0	9707
5432	102	16	9217	83	0	9418
5433	87	16	9394	26	0	9523
5434	36	11	156	9265	0	9468
5435	16	21	9550	93	0	9680
5436	9339	8	103	90	0	9540
5437	97	25	9820	32	0	9974
5438	82	13	105	9888	0	10088
5439	30	8	81	10082	0	10201
5440	10363	13	25	193	0	10594
5441	110	21	10537	113	0	10781
5442	95	21	11080	36	0	11232
5443	42	12	195	11661	0	11910
5444	15	20	11862	133	0	12030
5445	11621	14	152	126	0	11913
5446	141	10	125	11742	0	12018
5447	122	20	11927	144	0	12213
5448	41	9	145	11972	0	12167
5449	24	11	126	12193	0	12354
5450	12111	4	28	265	0	12408
5451	146	25	12075	140	0	12386
5452	11706	11	152	53	0	11922
5453	168	28	12422	38	0	12656
5454	12154	18	163	31	0	12366
5455	12291	15	120	42	0	12468
5456	12290	14	39	38	0	12381
5457	279	11973	31	30	0	12313
5458	12147	132	24	39	0	12342
5459	12164	115	15	32	0	12326
5460	258	28	21	12103	0	12410
5461	144	26	12054	176	0	12400
5462	11722	12	143	143	0	12020
5463	158	24	12356	46	0	12584
5464	141	14	159	12051	0	12365
5465	44	12	129	12380	0	12565
5466	12329	8	36	265	0	12638
5467	146	12544	43	162	0	12895
5468	139	140	27	12482	0	12788
5469	63	116	14	12540	0	12733
5470	25	38	12519	257	0	12839
5471	38	9	146	12519	0	12712
5472	35	8	123	12695	0	12861
5473	45	7	39	12170	0	12261
5474	29	12184	38	261	0	12512
5475	11976	130	21	148	0	12275
5476	11971	113	20	53	0	12157
5477	242	11976	43	43	0	12304
5478	11369	116	17	34	0	11536
5479	146	116	24	11650	0	11936
5480	117	27	12070	135	0	12349
5481	34	12231	136	119	0	12520
5482	34	12522	120	38	0	12714
5483	12039	159	85	21	0	12304
5484	12747	71	23	26	0	12867
5485	217	12	14	12848	0	13091
5486	112	13	11	13023	0	13159
5487	40	9	11	13016	0	13076
5488	12708	12	12	233	0	12965
5489	150	20	12743	115	0	13028
5490	12774	5	138	42	0	12959
5491	158	9	103	12947	0	13217
5492	110	8	29	12766	0	12913
5493	34	12924	40	232	0	13230
5494	47	122	24	13170	0	13363
5495	45	96	21	13256	0	13418
5496	38	27	13293	245	0	13603
5497	39	13355	151	139	0	13684
5498	13565	135	108	51	0	13859
5499	13455	100	32	52	0	13639
5500	13766	18	22	48	0	13854
5501	13598	13	30	46	0	13687
5502	253	28	13276	24	0	13581
5503	13073	15	143	47	0	13278
5504	174	25	13400	42	0	13641
5505	150	13	144	12870	0	13177
5506	55	13326	118	154	0	13653
5507	70	133	28	13397	0	13628
5508	58	98	31	13548	0	13735
5509	48	35	13469	253	0	13805
5510	12857	16	145	167	0	13185
5511	13364	27	114	58	0	13563
5512	234	13248	46	74	0	13602
5513	130	146	13381	78	0	13735
5514	56	104	152	13424	0	13736
5515	72	30	13552	175	0	13829
5516	63	49	13411	145	0	13668
5517	66	30	236	13297	0	13629
5518	64	46	13416	176	0	13702
5519	64	25	152	13395	0	13636
5520	75	21	13681	189	0	13966
5521	51	27	161	13630	0	13869
5522	13663	24	127	189	0	14003
5523	13604	33	34	163	0	13834
5524	13637	27	27	90	0	13781
5525	13461	28	37	78	0	13604
5526	257	13483	40	74	0	13854
5527	177	140	39	13344	0	13700
5528	76	108	35	13497	0	13716
5529	78	42	13334	275	0	13729
5530	74	34	145	13247	0	13500
5531	56	52	13177	184	0	13469
5532	64	39	12705	149	0	12957
5533	12248	21	237	91	0	12597
5534	167	13089	151	66	0	13473
5535	13184	150	44	76	0	13454
5536	13098	110	36	69	0	13313
5537	250	13271	54	75	0	13650
5538	13325	142	51	87	0	13605
5539	182	122	13327	66	0	13697
5540	136	13074	136	66	0	13412
5541	12889	125	123	48	0	13185
5542	155	121	12421	39	0	12736
5543	11669	29	105	54	0	11857
5544	125	12156	99	49	0	12429
5545	12263	103	36	57	0	12459
5546	12127	69	41	48	0	12285
5547	170	12034	37	43	0	12284
5548	98	11966	49	28	0	12141
5549	38	12344	37	36	0	12455
5550	40	147	60	12308	0	12555
5551	28	75	42	12341	0	12486
5552	12501	13	33	179	0	12726
5553	12280	22	41	93	0	12436
5554	176	39	12379	49	0	12643
5555	102	35	12282	56	0	12475
5556	40	31	12590	43	0	12704
5557	55	14	176	12492	0	12737
5558	47	29	12815	119	0	13010
5559	47	17	128	12673	0	12865
5560	12837	15	89	149	0	13090
5561	141	29	13012	96	0	13278
5562	12802	20	115	59	0	12996
5563	13018	15	90	57	0	13180
5564	189	39	13285	46	0	13559
5565	95	13670	135	46	0	13946
5566	49	115	92	13786	0	14042
5567	48	104	13809	129	0	14090
5568	57	21	137	13725	0	13940
5569	49	29	115	14723	0	14916
5570	14465	28	36	224	0	14753
5571	174	18	32	14586	0	14810
5572	127	58	14526	145	0	14856
5573	52	25	144	14660	0	14881
5574	14803	22	120	158	0	15103
5575	154	15009	45	128	0	15336
5576	15058	136	50	55	0	15299
5577	177	148	73	14881	0	15279
5578	165	53	14917	151	0	15286
5579	74	53	14760	100	0	14987
5580	85	53	14538	39	0	14715
5581	50	14004	222	21	0	14297
5582	13405	177	217	58	0	13857
5583	121	13173	32	29	0	13355
5584	12319	81	28	27	0	12455
5585	88	12318	34	14	0	12454
5586	81	88	18	12378	0	12565
5587	20	64	23	12449	0	12556
5588	19	19	14	12441	0	12493
5589	19	12422	26	138	0	12605
5590	19	85	14	12839	0	12957
5591	28	64	18	13914	0	14024
5592	14647	17	13	191	0	14868
5593	159	6	13	15310	0	15488
5594	112	36	16338	168	0	16654
5595	16094	9	187	155	0	16445
5596	16696	16	153	37	0	16902
5597	329	16944	49	23	0	17345
5598	17177	201	20	45	0	17443
5599	17521	162	17	44	0	17744
5600	369	28	14	17492	0	17903
5601	200	19	19	17869	0	18107
5602	44	17	22	18294	0	18377
5603	18162	11	22	394	0	18589
5604	18249	15	16	213	0	18493
5605	392	48	18147	33	0	18620
5606	18061	11	209	45	0	18326
5607	18226	14	180	40	0	18460
5608	18277	14	33	52	0	18376
5609	413	28	17801	43	0	18285
5610	215	36	18016	35	0	18302
5611	73	10	378	17992	0	18453
5612	39	18	18551	236	0	18844
5613	60	13	240	18128	0	18441
5614	98	22	200	16574	0	16894
5615	46	18290	67	358	0	18761
5616	18342	219	32	200	0	18793
5617	256	204	18498	40	0	18998
5618	18701	37	249	57	0	19044
5619	296	28	211	18927	0	19462
5620	18779	25	36	271	0	19111
5621	278	18603	64	244	0	19189
5622	233	19130	42	76	0	19481
5623	102	420	22	18964	0	19508
5624	78	215	20	19280	0	19593
5625	81	52	19006	494	0	19633
5626	70	29	256	19110	0	19465
5627	18750	16	213	315	0	19294
5628	301	18778	68	250	0	19397
5629	273	269	18757	65	0	19364
5630	113	225	273	18650	0	19261
5631	107	41	19048	290	0	19486
5632	101	39	288	18927	0	19355
5633	75	45	19193	310	0	19623
5634	72	39	18669	254	0	19034
5635	73	36	452	18441	0	19002
5636	18637	41	264	293	0	19235
5637	18494	31	69	263	0	18857
5638	18283	33	64	98	0	18478
5639	485	18050	68	75	0	18678
5640	18275	260	50	82	0	18667
5641	18125	209	63	84	0	18481
5642	480	69	17811	72	0	18432
5643	292	17648	267	80	0	18287
5644	135	272	211	17298	0	17916
5645	17300	212	50	282	0	17844
5646	268	17368	70	247	0	17953
5647	17677	256	51	108	0	18092
5648	17627	211	43	105	0	17986
5649	17624	51	56	90	0	17821
5650	17493	51	62	85	0	17691
5651	505	46	45	17014	0	17610
5652	17153	39	55	284	0	17531
5653	307	49	65	16865	0	17286
5654	238	16601	89	299	0	17227
5655	104	220	59	16774	0	17157
5656	16565	178	65	299	0	17107
5657	304	58	16543	243	0	17148
5658	261	34	258	16509	0	17062
5659	16447	32	220	271	0	16970
5660	288	16269	83	252	0	16892
5661	16366	228	64	80	0	16738
5662	16372	198	54	90	0	16714
5663	466	16284	68	64	0	16882
5664	16165	235	61	60	0	16521
5665	312	192	15455	66	0	16025
5666	247	54	15209	57	0	15567
5667	14745	54	379	89	0	15267
5668	308	58	15044	86	0	15496
5669	265	79	214	13627	0	14185
5670	119	14236	197	184	0	14736
5671	14247	219	58	170	0	14694
5672	276	14132	59	82	0	14549
5673	260	13984	65	63	0	14372
5674	124	325	37	14285	0	14771
5675	106	198	49	14210	0	14563
5676	92	51	33	14284	0	14460
5677	110	40	35	14244	0	14429
5678	63	54	13782	380	0	14279
5679	76	42	195	13496	0	13809
5680	88	34	163	13548	0	13833
5681	13210	41	56	342	0	13649
5682	236	41	49	13342	0	13668
5683	210	51	13007	232	0	13500
5684	12672	50	185	184	0	13091
5685	276	45	156	12965	0	13442
5686	223	51	13196	208	0	13678
5687	108	123	202	12828	0	13261
5688	99	13215	182	199	0	13695
5689	13078	174	75	162	0	13489
5690	219	152	12869	61	0	13301
5691	173	11653	152	47	0	12025
5692	10725	137	178	36	0	11076
5693	126	10072	39	44	0	10281
5694	75	8974	33	18	0	9100
5695	8678	129	100	25	0	8932
5696	83	8444	23	15	0	8565
5697	53	8242	30	13	0	8338
5698	113	133	66	7909	0	8221
5699	35	34	7834	57	0	7960
5700	12	7910	58	36	0	8016
5701	32	72	22	7499	0	7625
5702	18	7475	13	42	0	7548
5703	7262	38	12	24	0	7336
5704	48	26	7257	17	0	7348
5705	21	12	38	7275	0	7346
5706	7488	6	25	45	0	7564
5707	42	7	6	7570	0	7625
5708	24	13	7578	48	0	7663
5709	7128	8	36	32	0	7204
5710	7613	17	17	19	0	7666
5711	51	7916	14	19	0	8000
5712	25	37	8	7853	0	7923
5713	18	23	9	7962	0	8012
5714	7973	8	5	61	0	8047
5715	7837	4	17	24	0	7882
5716	59	15	8088	12	0	8174
5717	25	7937	37	18	0	8017
5718	7894	22	19	9	0	7944
5719	25	23	7	7831	0	7886
5720	17	10	8071	25	0	8123
5721	18	7	7850	15	0	7890
5722	27	75	33	7601	0	7736
5723	7724	1	21	16	0	7762
5724	12	7694	8	14	0	7728
5725	8219	9	0	11	0	8239
5726	16	7	1	8310	0	8334
5727	8	1	1	8372	0	8382
5728	2	3	0	8459	0	8464
5729	8377	1	3	26	0	8407
5730	14	8633	3	13	0	8663
5731	8	11	3	8713	0	8735
5732	6	9	1	8654	0	8670
5733	4	6	8575	18	0	8603
5734	3	6	9	8418	0	8436
5735	5	3	8618	18	0	8644
5736	1	8449	14	13	0	8477
5737	9	16	10	8492	0	8527
5738	8232	7	1	14	0	8254
5739	12	8	8373	11	0	8404
5740	10	4	11	8353	0	8378
5741	3	5	8354	20	0	8382
5742	7608	3	17	18	0	7646
5743	17	10	8431	5	0	8463
5744	10	2	14	8085	0	8111
5745	8239	1	7	17	0	8264
5746	16	7333	11	13	0	7373
5747	7952	11	2	3	0	7968
5748	18	7701	4	9	0	7732
5749	11	10	2	8278	0	8301
5750	0	12	8232	22	0	8266
5751	4	16	8137	16	0	8173
5752	6	4	19	8243	0	8272
5753	8427	2	15	28	0	8472
5754	8336	4	3	15	0	8358
5755	24	1	1	8440	0	8466
5756	7	4	1	8626	0	8638
5757	8246	0	3	32	0	8281
5758	20	8365	3	11	0	8399
5759	9	8782	3	11	0	8805
5760	8820	32	1	14	0	8867
5761	26	17	8874	12	0	8929
5762	17	2	25	8726	0	8770
5763	6	6	8807	27	0	8846
5764	4	0	22	8773	0	8799
5765	12	7	8974	28	0	9021
5766	5	16	8948	17	0	8986
5767	6	7	33	9010	0	9056
5768	8	8830	23	22	0	8883
5769	9165	19	6	20	0	9210
5770	23	9224	13	14	0	9274
5771	14	27	3	9350	0	9394
5772	9448	14	5	26	0	9493
5773	33	5	5	9628	0	9671
5774	9657	3	7	45	0	9712
5775	9679	2	7	21	0	9709
5776	9758	4	6	18	0	9786
5777	43	9528	15	7	0	9593
5778	9901	26	4	14	0	9945
5779	36	22	2	10118	0	10178
5780	10462	6	7	43	0	10518
5781	33	6	5	10763	0	10807
5782	10731	1	4	66	0	10802
5783	10942	2	4	32	0	10980
5784	65	10914	7	18	0	11004
5785	36	44	6	11908	0	11994
5786	12	24	2	11942	0	11980
5787	8	12690	19	88	0	12805
5788	7	79	6	13044	0	13136
5789	13019	49	10	99	0	13177
5790	13718	10	6	68	0	13802
5791	13631	10	7	26	0	13674
5792	143	19	14260	12	0	14434
5793	14534	8	96	27	0	14665
5794	15257	5	65	18	0	15345
5795	15425	1	15	24	0	15465
5796	178	15269	18	25	0	15490
5797	81	100	9	15422	0	15612
5798	29	68	3	15720	0	15820
5799	24	12	8	15664	0	15708
5800	15	21	15236	188	0	15460
5801	20	3	103	15374	0	15500
5802	15482	6	80	136	0	15704
5803	118	7	15	15648	0	15788
5804	92	6	11	16029	0	16138
5805	22	21	15832	208	0	16083
5806	18	15648	134	108	0	15908
5807	16172	120	83	35	0	16410
5808	129	78	14	16175	0	16396
5809	16117	16	9	145	0	16287
5810	138	25	15909	96	0	16168
5811	15010	12	125	44	0	15191
5812	141	16091	94	35	0	16361
5813	106	131	16017	25	0	16279
5814	41	82	16140	25	0	16288
5815	38	48	207	15443	0	15736
5816	34	25	16403	136	0	16598
5817	28	16311	140	91	0	16570
5818	41	122	79	16027	0	16269
5819	19	85	20	16426	0	16550
5820	21	14	14	16366	0	16415
5821	16024	13	11	222	0	16270
5822	135	16163	16	113	0	16427
5823	97	116	11	16364	0	16588
5824	32	79	15	16519	0	16645
5825	16090	22	9	226	0	16347
5826	135	16076	20	161	0	16392
5827	16306	128	16	59	0	16509
5828	16271	87	24	51	0	16433
5829	16177	26	22	43	0	16268
5830	254	30	15927	43	0	16254
5831	143	20	129	15524	0	15816
5832	68	15896	107	145	0	16216
5833	56	16242	40	105	0	16443
5834	74	224	25	15467	0	15790
5835	53	16196	23	130	0	16402
5836	16624	140	14	124	0	16902
5837	154	116	16548	68	0	16886
5838	16173	31	137	84	0	16425
5839	16892	20	97	77	0	17086
5840	256	20	31	17002	0	17309
5841	17057	36	25	181	0	17299
5842	178	17687	48	136	0	18049
5843	18102	141	23	94	0	18360
5844	18149	97	18	86	0	18350
5845	19457	38	40	61	0	19596
5846	320	58	19594	70	0	20042
5847	184	53	19835	74	0	20146
5848	113	40	293	19731	0	20177
5849	95	19862	163	210	0	20330
5850	86	20304	63	166	0	20619
5851	73	316	43	20119	0	20551
5852	20270	167	37	261	0	20735
5853	244	52	43	20335	0	20674
5854	169	36	45	20614	0	20864
5855	20333	44	55	369	0	20801
5856	234	20423	73	219	0	20949
5857	169	224	20373	125	0	20891
5858	101	151	20098	110	0	20460
5859	20424	71	304	99	0	20898
5860	251	53	161	20286	0	20751
5861	169	62	20518	255	0	21004
5862	96	49	211	20146	0	20502
5863	83	39	139	20468	0	20729
5864	85	40	60	20780	0	20965
5865	83	47	51	20383	0	20564
5866	84	20150	72	346	0	20652
5867	91	211	34	20346	0	20682
5868	20165	144	41	288	0	20638
5869	225	20110	89	201	0	20625
5870	20520	214	65	121	0	20920
5871	20662	158	50	95	0	20965
5872	20827	77	44	102	0	21050
5873	345	103	20297	91	0	20836
5874	20259	55	214	103	0	20631
5875	20815	50	152	89	0	21106
5876	20672	58	66	84	0	20880
5877	20780	42	46	99	0	20967
5878	398	20552	58	76	0	21084
5879	20407	218	38	94	0	20757
5880	293	183	20259	77	0	20812
5881	201	74	190	19823	0	20288
5882	131	57	132	20261	0	20581
5883	20430	43	50	320	0	20843
5884	275	20240	65	186	0	20766
5885	19644	189	34	89	0	19956
5886	244	19584	70	60	0	19958
5887	18946	178	21	62	0	19207
5888	18692	99	20	49	0	18860
5889	261	19600	37	54	0	19952
5890	19596	189	37	39	0	19861
5891	20302	100	55	46	0	20503
5892	308	19189	36	29	0	19562
5893	136	19653	44	31	0	19864
5894	20916	280	76	48	0	21320
5895	327	128	14	21520	0	21989
5896	21953	56	12	280	0	22301
5897	22541	33	18	161	0	22753
5898	23223	18	12	62	0	23315
5899	23205	23	13	43	0	23284
5900	441	22697	35	52	0	23225
5901	201	23267	33	33	0	23534
5902	23267	404	16	39	0	23726
5903	329	211	23293	21	0	23854
5904	197	86	274	22642	0	23199
5905	80	22	162	23268	0	23532
5906	22941	23	33	446	0	23443
5907	287	22844	44	211	0	23386
5908	195	296	23	22742	0	23256
5909	74	171	14	23409	0	23668
5910	23248	44	12	463	0	23767
5911	320	35	21	23464	0	23840
5912	23476	35	18	350	0	23879
5913	23482	36	18	217	0	23753
5914	23664	25	11	93	0	23793
5915	509	30	22	23370	0	23931
5916	269	30	17	23507	0	23823
5917	120	47	24500	485	0	25152
5918	98	46	24381	232	0	24757
5919	24570	32	555	91	0	25248
5920	408	36	255	25281	0	25980
5921	304	57	26489	391	0	27241
5922	102	56	26808	266	0	27232
5923	99	25	656	26762	0	27542
5924	99	60	27111	437	0	27707
5925	87	38	452	26807	0	27384
5926	90	33	306	27111	0	27540
5927	77	57	27168	718	0	28020
5928	97	28	428	27370	0	27923
5929	107	34	295	27356	0	27792
5930	114	33	69	27997	0	28213
5931	91	69	27265	773	0	28198
5932	120	33	418	27747	0	28318
5933	27630	38	293	528	0	28489
5934	494	27710	109	384	0	28697
5935	28148	415	49	139	0	28751
5936	541	333	27643	99	0	28616
5937	28018	70	434	93	0	28615
5938	28312	46	318	92	0	28768
5939	28276	56	97	83	0	28512
5940	814	52	67	27560	0	28493
5941	452	34	70	27991	0	28547
5942	173	73	26516	759	0	27521
5943	25298	36	445	416	0	26195
5944	519	25838	354	149	0	26860
5945	333	24686	102	110	0	25231
5946	122	25045	84	103	0	25354
5947	219	701	153	23736	0	24809
5948	23607	285	83	459	0	24434
5949	23713	67	66	349	0	24195
5950	688	80	23373	147	0	24288
5951	365	64	396	23268	0	24093
5952	136	60	276	23453	0	23925
5953	108	65	23194	684	0	24051
5954	121	56	22926	368	0	23471
5955	22499	42	630	168	0	23339
5956	440	22861	352	136	0	23789
5957	23218	378	108	145	0	23849
5958	23227	276	78	146	0	23727
5959	694	59	92	22777	0	23622
5960	393	35	80	23165	0	23673
5961	22695	32	88	689	0	23504
5962	474	42	77	22881	0	23474
5963	385	46	71	22932	0	23434
5964	22716	34	85	719	0	23554
5965	490	35	91	22938	0	23554
5966	23062	32	78	530	0	23702
5967	23104	40	74	412	0	23630
5968	688	61	22703	183	0	23635
5969	22842	39	427	168	0	23476
5970	22746	43	330	161	0	23280
5971	22738	33	120	171	0	23062
5972	722	62	19847	179	0	20810
5973	21761	39	367	152	0	22319
5974	453	21456	339	267	0	22515
5975	22055	342	123	166	0	22686
5976	22167	256	107	166	0	22696
5977	701	51	90	21876	0	22718
5978	404	44	111	21770	0	22329
5979	165	21879	141	691	0	22876
5980	165	354	92	22061	0	22672
5981	188	271	72	22316	0	22847
5982	21868	73	91	700	0	22732
5983	499	48	78	21769	0	22394
5984	412	48	64	21758	0	22282
5985	201	67	67	21554	0	21889
5986	170	20857	102	698	0	21827
5987	20553	344	88	405	0	21390
5988	463	20748	92	201	0	21504
5989	19552	345	75	176	0	20148
5990	491	276	18812	135	0	19714
5991	17824	64	345	130	0	18363
5992	445	62	18099	137	0	18743
5993	348	17372	353	96	0	18169
5994	15681	326	559	118	0	16684
5995	15222	215	108	100	0	15645
5996	461	14590	85	72	0	15208
5997	271	14459	81	62	0	14873
5998	13856	356	103	80	0	14395
5999	13872	186	48	64	0	14170
6000	414	58	32	13682	0	14186
6001	266	31	35	13967	0	14299
6002	116	61	13665	390	0	14232
6003	13293	52	203	230	0	13778
6004	267	40	159	13324	0	13790
6005	219	13506	62	253	0	14040
6006	115	191	25	13565	0	13896
6007	99	168	28	13556	0	13851
6008	93	65	13190	383	0	13731
6009	100	64	196	13250	0	13610
6010	13019	37	161	268	0	13485
6011	238	12825	68	220	0	13351
6012	199	12749	48	92	0	13088
6013	12706	302	62	72	0	13142
6014	12704	174	43	65	0	12986
6015	12632	54	46	60	0	12792
6016	362	12176	64	49	0	12651
6017	151	11134	22	32	0	11339
6018	11648	191	66	39	0	11944
6019	11666	135	41	33	0	11875
6020	273	11240	24	30	0	11567
6021	98	9958	16	24	0	10096
6022	9642	128	59	17	0	9846
6023	106	81	10	9465	0	9662
6024	9582	17	4	88	0	9691
6025	100	16	3	9593	0	9712
6026	80	9810	20	82	0	9992
6027	24	9875	16	81	0	9996
6028	10130	161	18	19	0	10328
6029	10333	76	17	21	0	10447
6030	10536	22	6	20	0	10584
6031	188	10501	20	24	0	10733
6032	93	110	10063	10	0	10276
6033	27	10106	93	10	0	10236
6034	9757	127	98	15	0	9997
6035	9374	72	14	15	0	9475
6036	147	29	9448	5	0	9629
6037	73	9281	76	10	0	9440
6038	44	95	87	9193	0	9419
6039	22	67	11	8867	0	8967
6040	16	8726	21	140	0	8903
6041	20	104	9026	65	0	9215
6042	9162	66	87	20	0	9335
6043	93	24	65	9325	0	9507
6044	9382	15	9	88	0	9494
6045	9454	8	7	73	0	9542
6046	150	18	6	9657	0	9831
6047	86	16	13	10155	0	10270
6048	45	9	8	10456	0	10518
6049	31	16	8	10549	0	10604
6050	10331	11	5	189	0	10536
6051	10421	17	10	105	0	10553
6052	187	27	10489	32	0	10735
6053	106	21	95	10485	0	10707
6054	41	10	83	10654	0	10788
6055	33	12	17	10732	0	10794
6056	30	20	10457	199	0	10706
6057	28	13	98	10352	0	10491
6058	10235	8	91	135	0	10469
6059	111	17	21	10324	0	10473
6060	104	24	10338	126	0	10592
6061	46	16	95	10421	0	10578
6062	30	23	10485	132	0	10670
6063	10483	16	114	117	0	10730
6064	123	15	95	10563	0	10796
6065	10598	16	21	127	0	10762
6066	10477	12	20	116	0	10625
6067	205	10	16	10436	0	10667
6068	10678	16	20	145	0	10859
6069	149	20	12	10447	0	10628
6070	117	10952	16	127	0	11212
6071	11242	100	20	109	0	11471
6072	11322	97	17	37	0	11473
6073	11459	25	10	46	0	11540
6074	246	14	12	11307	0	11579
6075	138	20	8	11356	0	11522
6076	53	14	14	11442	0	11523
6077	42	34	10972	245	0	11293
6078	41	10884	110	146	0	11181
6079	42	117	100	10671	0	10930
6080	34	114	10651	141	0	10940
6081	10493	28	111	142	0	10774
6082	131	17	107	10695	0	10950
6083	119	13	10650	139	0	10921
6084	10700	13	111	140	0	10964
6085	136	12	94	10998	0	11240
6086	131	9	31	11088	0	11259
6087	43	9	21	11243	0	11316
6088	11088	6	19	237	0	11350
6089	11136	8	18	160	0	11322
6090	11078	8	26	58	0	11170
6091	216	10736	29	54	0	11035
6092	135	10821	34	44	0	11034
6093	10832	175	13	49	0	11069
6094	131	118	10800	38	0	11087
6095	129	32	87	10567	0	10815
6096	58	19	115	10708	0	10900
6097	10557	15	26	212	0	10810
6098	10352	20	18	137	0	10527
6099	201	10428	15	64	0	10708
6100	137	88	26	10448	0	10699
6101	55	100	10339	135	0	10629
6102	33	31	10438	144	0	10646
6103	51	12	174	10508	0	10745
6104	49	12	103	10698	0	10862
6105	10542	17	29	215	0	10803
6106	112	13	24	10749	0	10898
6107	11007	7	26	159	0	11199
6108	10965	10	27	129	0	11131
6109	209	22	11019	63	0	11313
6110	10932	9	96	59	0	11096
6111	11028	6	100	47	0	11181
6112	11056	11	28	45	0	11140
6113	217	10902	32	56	0	11207
6114	122	10986	32	53	0	11193
6115	60	228	32	10812	0	11132
6116	52	102	10868	134	0	11156
6117	36	10542	92	125	0	10795
6118	41	138	87	9747	0	10013
6119	41	67	19	9477	0	9604
6120	31	9614	20	128	0	9793
6121	9631	58	13	96	0	9798
6122	9686	66	15	44	0	9811
6123	147	28	9975	30	0	10180
6124	9753	9	75	37	0	9874
6125	88	14	9827	26	0	9955
6126	9000	14	55	33	0	9102
6127	86	26	9477	22	0	9611
6128	76	9169	60	21	0	9326
6129	83	44	110	8708	0	8945
6130	30	49	22	8819	0	8920
6131	8806	8	20	88	0	8922
6132	8826	6	9	68	0	8909
6133	8751	6	12	30	0	8799
6134	100	16	8963	22	0	9101
6135	61	6	43	8925	0	9035
6136	32	7	48	9112	0	9199
6137	9053	2	11	103	0	9169
6138	54	9080	29	66	0	9229
6139	9393	37	9	45	0	9484
6140	55	51	10	9630	0	9746
6141	73	8	11	9726	0	9818
6142	32	13	6	9758	0	9809
6143	35	13	7	9814	0	9869
6144	20	15	9	9789	0	9833
6145	20	9482	25	104	0	9631
6146	17	9221	9	61	0	9308
6147	11	8886	13	27	0	8937
6148	8	82	6	8773	0	8869
6149	15	45	8648	28	0	8736
6150	7806	8	31	48	0	7893
6151	33	8920	34	10	0	8997
6152	40	20	13	8947	0	9020
6153	14	29	6	9066	0	9115
6154	9230	3	6	68	0	9307
6155	9167	2	5	38	0	9212
6156	9330	7	6	18	0	9361
6157	61	8	4	9833	0	9906
6158	45	16	9938	47	0	10046
6159	16	16	10319	46	0	10397
6160	22	10	70	10306	0	10408
6161	15	20	10404	47	0	10486
6162	9790	6	42	49	0	9887
6163	48	8	37	10159	0	10252
6164	39	20	10264	49	0	10372
6165	17	7	46	10139	0	10209
6166	18	12	10859	58	0	10947
6167	21	20	11416	41	0	11498
6168	24	19	77	11925	0	12045
6169	6	15	12737	74	0	12832
6170	15	14	12462	67	0	12558
6171	6	11777	138	22	0	11943
6172	46	111	63	12409	0	12629
6173	12868	55	5	86	0	13014
6174	78	5	5	12898	0	12986
6175	69	5	6	13337	0	13417
6176	9	22	13228	147	0	13406
6177	11745	7	84	85	0	11921
6178	75	0	54	13494	0	13623
6179	63	3	5	13747	0	13818
6180	13407	1	5	146	0	13559
6181	83	6	4	13741	0	13834
6182	13739	4	10	96	0	13849
6183	13820	5	6	84	0	13915
6184	13773	3	8	24	0	13808
6185	132	13540	13	19	0	13704
6186	13835	69	1	28	0	13933
6187	80	13880	14	12	0	13986
6188	79	71	5	13920	0	14075
6189	14115	65	9	82	0	14271
6190	78	14189	19	74	0	14360
6191	14343	83	5	17	0	14448
6192	88	14330	18	22	0	14458
6193	14107	88	4	14	0	14213
6194	84	14272	16	12	0	14384
6195	74	14676	8	7	0	14765
6196	13	15485	12	29	0	15539
6197	15	151	5	15134	0	15305
6198	10	15783	15	84	0	15892
6199	16	109	7	15580	0	15712
6200	11	78	4	15821	0	15914
6201	18	10	10	15884	0	15922
6202	13	10	8	15918	0	15949
6203	15619	7	5	200	0	15831
6204	15917	8	4	102	0	16031
6205	178	26	15959	18	0	16181
6206	16381	7	102	53	0	16543
6207	17037	5	80	26	0	17148
6208	17636	10	8	34	0	17688
6209	224	21	17322	20	0	17587
6210	110	27	17643	21	0	17801
6211	17188	10	241	28	0	17467
6212	172	26	18604	41	0	18843
6213	134	19548	193	27	0	19902
6214	34	172	134	19876	0	20216
6215	20487	136	18	200	0	20841
6216	20661	10	24	161	0	20856
6217	20801	12	14	42	0	20869
6218	331	11	19	20628	0	20989
6219	171	11	22	21061	0	21265
6220	39	43	21113	336	0	21531
6221	47	7	191	21144	0	21389
6222	42	9	146	21607	0	21804
6223	21171	10	20	349	0	21550
6224	208	21352	47	164	0	21771
6225	21659	197	12	48	0	21916
6226	226	149	13	21631	0	22019
6227	21480	14	20	227	0	21741
6228	21405	20	20	187	0	21632
6229	20836	16	25	50	0	20927
6230	343	20938	36	38	0	21355
6231	174	21373	42	34	0	21623
6232	58	333	16	21366	0	21773
6233	21513	154	19	242	0	21928
6234	252	26	20	21336	0	21634
6235	181	27	15	21538	0	21761
6236	48	42	21353	382	0	21825
6237	57	27	195	21364	0	21643
6238	58	20	150	21518	0	21746
6239	60	23	18	21566	0	21667
6240	46	47	21054	391	0	21538
6241	65	38	20797	220	0	21120
6242	53	20994	346	74	0	21467
6243	21044	196	163	66	0	21469
6244	250	161	32	21205	0	21648
6245	186	55	21419	247	0	21907
6246	81	29	200	21264	0	21574
6247	78	24	162	22333	0	22597
6248	22187	21	31	397	0	22636
6249	22255	27	40	206	0	22528
6250	371	22189	46	81	0	22687
6251	22183	210	43	79	0	22515
6252	22092	160	37	77	0	22366
6253	387	52	28	21916	0	22383
6254	216	48	21839	252	0	22355
6255	84	21871	224	198	0	22377
6256	21762	206	177	80	0	22225
6257	21989	163	28	82	0	22262
6258	372	22220	60	83	0	22735
6259	230	225	24	22561	0	23040
6260	23438	167	32	292	0	23929
6261	23634	48	21	255	0	23958
6262	458	37	30	23806	0	24331
6263	24305	33	32	318	0	24688
6264	25289	40	29	254	0	25612
6265	25646	28	50	100	0	25824
6266	492	65	25624	98	0	26279
6267	304	25105	295	91	0	25795
6268	97	25289	252	91	0	25729
6269	24514	453	84	89	0	25140
6270	312	24992	53	93	0	25450
6271	310	309	24832	63	0	25514
6272	126	251	260	24807	0	25444
6273	24894	49	237	307	0	25487
6274	332	44	51	24942	0	25369
6275	25127	42	33	332	0	25534
6276	25068	34	38	288	0	25428
6277	25197	46	36	109	0	25388
6278	529	24594	75	80	0	25278
6279	288	25604	56	83	0	26031
6280	25589	472	45	81	0	26187
6281	25486	261	26	107	0	25880
6282	25744	49	36	100	0	25929
6283	574	37	28	25284	0	25923
6284	25229	39	44	322	0	25634
6285	350	24709	67	294	0	25420
6286	302	25393	61	110	0	25866
6287	145	464	30	25123	0	25762
6288	109	283	24915	347	0	25654
6289	127	95	24768	260	0	25250
6290	119	56	448	24663	0	25286
6291	132	64	24969	300	0	25465
6292	123	64	274	24905	0	25366
6293	24977	58	228	314	0	25577
6294	358	48	47	25002	0	25455
6295	24631	42	65	326	0	25064
6296	341	23831	66	268	0	24506
6297	311	299	23959	90	0	24659
6298	129	252	252	23436	0	24069
6299	126	84	224	24145	0	24579
6300	103	88	24067	513	0	24771
6301	127	40	255	23433	0	23855
6302	114	24186	266	294	0	24860
6303	126	261	49	24484	0	24920
6304	147	225	44	24561	0	24977
6305	131	64	18	25163	0	25376
6306	124	63	24752	518	0	25457
6307	94	81	23716	266	0	24157
6308	21538	43	440	98	0	22119
6309	324	62	22945	82	0	23413
6310	239	22755	284	68	0	23346
6311	22492	214	204	67	0	22977
6312	257	22789	72	74	0	23192
6313	21857	223	123	49	0	22252
6314	21735	180	64	66	0	22045
6315	21528	44	29	58	0	21659
6316	21511	38	34	62	0	21645
6317	387	20992	47	53	0	21479
6318	207	21137	42	51	0	21437
6319	21145	336	34	45	0	21560
6320	240	206	20702	64	0	21212
6321	215	66	195	20284	0	20760
6322	92	35	162	20793	0	21082
6323	68	61	20670	329	0	21128
6324	19178	39	197	215	0	19629
6325	20644	39	168	81	0	20932
6326	20589	38	56	54	0	20737
6327	368	20274	53	84	0	20779
6328	20992	198	45	76	0	21311
6329	252	176	50	20338	0	20816
6330	210	21728	64	196	0	22198
6331	22195	225	41	206	0	22667
6332	22465	190	41	85	0	22781
6333	23797	65	39	69	0	23970
6334	487	43	43	23422	0	23995
6335	302	48	54	23440	0	23844
6336	97	23126	45	483	0	23751
6337	96	264	23306	282	0	23948
6338	84	237	261	23358	0	23940
6339	109	67	238	23439	0	23853
6340	99	51	55	24296	0	24501
6341	76	53	23850	519	0	24498
6342	23066	31	281	331	0	23709
6343	322	41	240	24128	0	24731
6344	288	72	24232	322	0	24914
6345	127	45	283	24134	0	24589
6346	24487	46	260	337	0	25130
6347	330	24517	92	294	0	25233
6348	305	301	51	25041	0	25698
6349	101	289	25070	353	0	25813
6350	23746	74	319	316	0	24455
6351	24878	39	297	100	0	25314
6352	593	84	24864	81	0	25622
6353	392	99	323	22908	0	23722
6354	107	24524	307	289	0	25227
6355	24691	311	89	275	0	25366
6356	364	309	24414	89	0	25176
6357	23763	58	331	95	0	24247
6358	388	70	24033	86	0	24577
6359	342	48	22956	73	0	23419
6360	21686	47	532	77	0	22342
6361	294	22467	309	104	0	23174
6362	328	280	22140	96	0	22844
6363	99	21818	287	89	0	22293
6364	143	270	21134	93	0	21640
6365	71	21074	261	67	0	21473
6366	19937	245	264	98	0	20544
6367	235	192	19716	77	0	20220
6368	229	69	19615	64	0	19977
6369	97	70	19258	69	0	19494
6370	18188	69	385	64	0	18706
6371	18548	23	210	56	0	18837
6372	337	26	60	18226	0	18649
6373	195	45	18855	198	0	19293
6374	66	46	18945	182	0	19239
6375	18524	26	342	74	0	18966
6376	241	40	205	18939	0	19425
6377	18907	19	81	200	0	19207
6378	18944	28	53	174	0	19199
6379	360	28	55	18075	0	18518
6380	205	18187	63	204	0	18659
6381	105	189	55	18383	0	18732
6382	79	164	51	18523	0	18817
6383	74	77	18324	346	0	18821
6384	79	18081	220	207	0	18587
6385	59	18371	207	76	0	18713
6386	85	312	78	17748	0	18223
6387	70	201	18098	202	0	18571
6388	57	18060	238	188	0	18543
6389	59	232	18122	88	0	18501
6390	17514	153	258	70	0	17995
6391	18135	59	205	62	0	18461
6392	363	71	18005	50	0	18489
6393	17865	44	248	62	0	18219
6394	258	44	208	18021	0	18531
6395	214	18877	107	203	0	19401
6396	109	203	88	19027	0	19427
6397	18543	168	74	236	0	19021
6398	18714	55	82	194	0	19045
6399	18711	39	85	89	0	18924
6400	18441	33	77	71	0	18622
6401	399	17947	89	64	0	18499
6402	228	17907	97	50	0	18282
6403	17796	328	60	73	0	18257
6404	257	206	17921	57	0	18441
6405	219	351	223	17377	0	18170
6406	95	18725	218	217	0	19255
6407	84	218	94	18313	0	18709
6408	60	19195	92	230	0	19577
6409	66	264	70	19228	0	19628
6410	78	226	19239	244	0	19787
6411	18617	65	273	212	0	19167
6412	19178	51	216	81	0	19526
6413	411	61	19018	52	0	19542
6414	18902	55	274	65	0	19296
6415	19207	49	215	67	0	19538
6416	426	55	18868	56	0	19405
6417	258	43	278	18364	0	18943
6418	18853	32	221	250	0	19356
6419	293	70	18825	201	0	19389
6420	242	48	260	18337	0	18887
6421	104	53	19470	249	0	19876
6422	97	65	19354	199	0	19715
6423	18781	61	448	86	0	19376
6424	19725	54	237	67	0	20083
6425	19997	36	65	62	0	20160
6426	20519	34	54	60	0	20667
6427	483	46	44	19625	0	20198
6428	250	19336	71	269	0	19926
6429	87	19777	81	223	0	20168
6430	120	444	44	18490	0	19098
6431	18477	182	65	251	0	18975
6432	257	18237	69	186	0	18749
6433	153	17691	32	47	0	17923
6434	17509	294	43	46	0	17892
6435	245	182	37	17378	0	17842
6436	17589	39	35	208	0	17871
6437	220	17457	48	145	0	17870
6438	17731	186	46	51	0	18014
6439	246	148	18152	38	0	18584
6440	19819	47	264	39	0	20169
6441	20687	41	162	36	0	20926
6442	21387	26	34	51	0	21498
6443	495	73	19066	39	0	19673
6444	20773	23	218	48	0	21062
6445	304	20876	180	47	0	21407
6446	238	266	20769	28	0	21301
6447	120	277	279	19660	0	20336
6448	81	46	193	19402	0	19722
6449	50	19844	53	409	0	20356
6450	55	261	35	19976	0	20327
6451	67	181	24	20128	0	20400
6452	54	61	19615	438	0	20168
6453	17909	22	270	240	0	18441
6454	281	34	19953	53	0	20321
6455	235	16	275	19357	0	19883
6456	83	43	20084	268	0	20478
6457	68	24	274	19942	0	20308
6458	20285	18	211	282	0	20796
6459	20894	16	61	208	0	21179
6460	482	20	33	20813	0	21348
6461	236	39	20992	290	0	21557
6462	86	22	275	20916	0	21299
6463	64	45	20854	308	0	21271
6464	19791	19	300	233	0	20343
6465	20796	24	218	57	0	21095
6466	20633	28	48	48	0	20757
6467	20369	35	41	51	0	20496
6468	469	19781	65	44	0	20359
6469	248	309	31	19964	0	20552
6470	19517	214	32	316	0	20079
6471	303	19752	51	233	0	20339
6472	223	20122	64	90	0	20499
6473	85	455	18948	62	0	19550
6474	19075	204	306	59	0	19644
6475	19631	45	228	56	0	19960
6476	528	34	19191	48	0	19801
6477	311	22	311	18762	0	19406
6478	149	18	222	19615	0	20004
6479	112	44	19413	477	0	20046
6480	98	22	316	19233	0	19669
6481	19180	17	249	338	0	19784
6482	342	35	19061	243	0	19681
6483	251	40	19419	90	0	19800
6484	18656	33	512	76	0	19277
6485	333	50	19525	84	0	19992
6486	19020	36	341	60	0	19457
6487	363	19086	251	61	0	19761
6488	19465	273	61	55	0	19854
6489	369	208	62	19036	0	19675
6490	278	44	46	19445	0	19813
6491	19090	58	56	489	0	19693
6492	343	39	43	19328	0	19753
6493	19271	45	36	349	0	19701
6494	361	19035	65	242	0	19703
6495	287	294	43	18264	0	18888
6496	132	211	45	18673	0	19061
6497	18258	63	43	483	0	18847
6498	18608	59	52	250	0	18969
6499	18700	38	43	99	0	18880
6500	539	17931	58	83	0	18611
6501	294	18357	69	54	0	18774
6502	18110	434	53	68	0	18665
6503	379	213	17847	58	0	18497
6504	284	17613	288	62	0	18247
6505	16032	350	437	135	0	16954
6506	15413	194	126	68	0	15801
6507	15285	26	32	48	0	15391
6508	403	31	40	14591	0	15065
6509	15019	20	40	216	0	15295
6510	14765	22	32	176	0	14995
6511	396	14	22	14168	0	14600
6512	14532	17	29	217	0	14795
6513	245	40	13940	175	0	14400
6514	215	26	191	14055	0	14487
6515	71	22	172	14337	0	14602
6516	80	20	39	14652	0	14791
6517	14233	24	31	363	0	14651
6518	14715	21	34	204	0	14974
6519	14847	18	19	74	0	14958
6520	14820	19	28	68	0	14935
6521	14320	14	28	55	0	14417
6522	399	13	30	13468	0	13910
6523	231	14	29	13825	0	14099
6524	13509	19	28	342	0	13898
6525	221	13176	54	187	0	13638
6526	13185	166	25	64	0	13440
6527	224	146	12593	43	0	13006
6528	13312	18	174	40	0	13544
6529	13568	30	146	38	0	13782
6530	345	34	14367	39	0	14785
6531	14847	18	210	37	0	15112
6532	256	31	15252	35	0	15574
6533	227	20	15854	20	0	16121
6534	87	60	364	15501	0	16012
6535	89	36	210	16698	0	17033
6536	78	24	16737	374	0	17213
6537	77	27	16835	215	0	17154
6538	46	16217	358	78	0	16699
6539	46	15830	219	50	0	16145
6540	13393	308	170	41	0	13912
6541	134	13974	55	31	0	14194
6542	13125	152	70	35	0	13382
6543	146	12920	38	24	0	13128
6544	12690	130	42	13	0	12875
6545	138	110	12282	17	0	12547
6546	12269	34	119	12	0	12434
6547	142	25	98	12088	0	12353
6548	122	12388	35	98	0	12643
6549	48	108	18	12494	0	12668
6550	12440	94	19	134	0	12687
6551	12619	29	8	105	0	12761
6552	206	24	9	12394	0	12633
6553	121	17	12427	113	0	12678
6554	50	11	12370	108	0	12539
6555	22	12547	189	38	0	12796
6556	43	171	126	12222	0	12562
6557	23	102	12294	113	0	12532
6558	21	11438	116	89	0	11664
6559	66	128	99	11360	0	11653
6560	20	88	32	11443	0	11583
6561	10922	20	18	165	0	11125
6562	94	17	11	10966	0	11088
6563	83	23	10852	112	0	11070
6564	30	5	93	10771	0	10899
6565	10240	11	84	112	0	10447
6566	92	15	10662	100	0	10869
6567	10300	9	89	37	0	10435
6568	105	10775	87	26	0	10993
6569	10965	82	45	23	0	11115
6570	11021	79	17	18	0	11135
6571	172	28	19	10515	0	10734
6572	109	13	16	10833	0	10971
6573	37	10513	24	341	0	10915
6574	26	84	13	10957	0	11080
6575	10450	81	14	107	0	10652
6576	93	30	10698	98	0	10919
6577	100	19	87	10519	0	10725
6578	35	10652	84	92	0	10863
6579	24	86	25	10797	0	10932
6580	22	85	22	10892	0	11021
6581	10480	27	11	168	0	10686
6582	86	10594	19	110	0	10809
6583	97	87	16	10668	0	10868
6584	10504	76	15	110	0	10705
6585	92	31	19	10667	0	10809
6586	97	19	11	10780	0	10907
6587	10680	15	14	187	0	10896
6588	10758	12	16	114	0	10900
6589	175	16	10815	37	0	11043
6590	10618	18	87	33	0	10756
6591	10912	16	81	31	0	11040
6592	10976	14	22	31	0	11043
6593	176	10426	18	27	0	10647
6594	112	10557	17	24	0	10710
6595	57	156	19	10436	0	10668
6596	10535	90	22	94	0	10741
6597	10666	29	15	88	0	10798
6598	164	25	11	10444	0	10644
6599	106	17	10665	112	0	10900
6600	10580	17	82	95	0	10774
6601	11154	18	77	44	0	11293
6602	171	12	22	10881	0	11086
6603	110	18	20	11084	0	11232
6604	10961	6	11	168	0	11146
6605	111	16	12	10959	0	11098
6606	96	10948	28	110	0	11182
6607	36	84	12	11267	0	11399
6608	11022	78	12	115	0	11227
6609	96	32	11141	104	0	11373
6610	10603	19	73	61	0	10756
6611	109	28	11196	37	0	11370
6612	100	13	94	11034	0	11241
6613	11231	13	82	111	0	11437
6614	109	14	22	11248	0	11393
6615	98	7	15	11378	0	11498
6616	10912	7	23	174	0	11116
6617	108	16	11094	114	0	11332
6618	100	19	11367	52	0	11538
6619	50	11	155	11276	0	11492
6620	40	11	84	11621	0	11756
6621	42	12	30	11679	0	11763
6622	30	18	11512	182	0	11742
6623	10964	13	88	119	0	11184
6624	11746	9	82	48	0	11885
6625	11894	11	24	54	0	11983
6626	11840	8	20	43	0	11911
6627	183	11500	13	32	0	11728
6628	98	11468	18	25	0	11609
6629	40	11189	18	29	0	11276
6630	46	228	33	9238	0	9545
6631	47	90	9	9394	0	9540
6632	19	19	8904	76	0	9018
6633	10	8044	36	32	0	8122
6634	57	49	23	7230	0	7359
6635	6942	15	6	18	0	6981
6636	11	7084	14	25	0	7134
6637	13	25	1	6926	0	6965
6638	6	7057	4	22	0	7089
6639	7149	15	7	24	0	7195
6640	17	19	2	7115	0	7153
6641	18	11	7107	15	0	7151
6642	6	8	7145	17	0	7176
6643	8	22	34	7323	0	7387
6644	5	2	20	7429	0	7456
6645	4	1	2	7642	0	7649
6646	7535	3	2	50	0	7590
6647	21	4	7553	26	0	7604
6648	25	7494	18	14	0	7551
6649	8	26	22	7497	0	7553
6650	8	28	7599	18	0	7653
6651	5	7572	18	43	0	7638
6652	9	20	22	7680	0	7731
6653	5	34	7670	28	0	7737
6654	6	13	20	7562	0	7601
6655	4	3	21	7630	0	7658
6656	7763	2	4	51	0	7820
6657	7742	1	4	34	0	7781
6658	45	2	3	7774	0	7824
6659	7830	1	2	24	0	7857
6660	29	11	7992	30	0	8062
6661	29	2	24	8057	0	8112
6662	7	20	8353	33	0	8413
6663	7	14	30	8483	0	8534
6664	3	8467	36	37	0	8543
6665	2	8613	14	43	0	8672
6666	7	8744	7	10	0	8768
6667	7	62	9	8591	0	8669
6668	6	34	4	9377	0	9421
6669	6	16	9400	78	0	9500
6670	10	12	9492	49	0	9563
6671	5	17	9923	16	0	9961
6672	10297	3	101	10	0	10411
6673	62	4	55	10910	0	11031
6674	11352	3	11	74	0	11440
6675	79	11990	10	64	0	12143
6676	80	97	3	12174	0	12354
6677	12670	93	5	103	0	12871
6678	111	20	1	12784	0	12916
6679	12803	4	2	140	0	12949
6680	136	13	13002	101	0	13252
6681	102	13161	112	34	0	13409
6682	34	106	92	13256	0	13488
6683	13317	94	26	122	0	13559
6684	13458	24	8	106	0	13596
6685	206	9	6	13407	0	13628
6686	123	8	10	13492	0	13633
6687	13128	3	13	226	0	13370
6688	121	8	20	13142	0	13291
6689	110	14	13016	143	0	13283
6690	29	12976	126	121	0	13252
6691	27	109	97	13092	0	13325
6692	13053	105	28	139	0	13325
6693	13158	30	13	119	0	13320
6694	223	30	13342	43	0	13638
6695	139	13163	115	40	0	13457
6696	51	13530	118	23	0	13722
6697	37	227	27	13460	0	13751
6698	41	132	16	13793	0	13982
6699	30	42	24	13701	0	13797
6700	40	27	10	13604	0	13681
6701	38	13311	19	289	0	13657
6702	54	124	15	13501	0	13694
6703	40	121	10	13635	0	13806
6704	13380	31	15	283	0	13709
6705	13414	28	14	173	0	13629
6706	255	13358	25	75	0	13713
6707	13545	133	12	67	0	13757
6708	13457	119	21	52	0	13649
6709	13460	48	9	58	0	13575
6710	285	24	13158	63	0	13530
6711	183	21	140	13036	0	13380
6712	85	17	122	13334	0	13558
6713	51	31	13049	269	0	13400
6714	54	33	143	12974	0	13204
6715	44	34	125	12756	0	12959
6716	12846	26	37	300	0	13209
6717	170	36	12783	186	0	13175
6718	156	28	146	12511	0	12841
6719	12423	32	128	193	0	12776
6720	151	12386	46	178	0	12761
6721	12533	142	13	107	0	12795
6722	12342	119	18	90	0	12569
6723	264	12189	20	72	0	12545
6724	174	145	11	12090	0	12420
6725	12125	142	9	181	0	12457
6726	185	12063	19	179	0	12446
6727	171	146	24	12104	0	12445
6728	11927	138	14	191	0	12270
6729	11818	59	25	174	0	12076
6730	282	11736	36	89	0	12143
6731	11968	143	20	85	0	12216
6732	217	123	33	11886	0	12259
6733	11985	40	29	196	0	12250
6734	194	53	11737	170	0	12154
6735	172	32	144	11780	0	12128
6736	91	19	127	11782	0	12019
6737	11568	21	55	302	0	11946
6738	184	11411	48	203	0	11846
6739	11290	143	29	107	0	11569
6740	206	11254	35	88	0	11583
6741	167	167	10745	77	0	11156
6742	87	135	10676	89	0	10987
6743	95	169	244	10397	0	10905
6744	89	59	10509	190	0	10847
6745	82	54	150	10438	0	10724
6746	83	28	117	10354	0	10582
6747	87	44	34	10650	0	10815
6748	10508	42	22	282	0	10854
6749	10488	39	16	194	0	10737
6750	10633	42	27	88	0	10790
6751	293	10594	39	94	0	11020
6752	197	11278	28	80	0	11583
6753	122	261	11688	67	0	12138
6754	97	160	173	11846	0	12276
6755	85	66	11897	227	0	12275
6756	90	39	190	11825	0	12144
6757	83	39	159	11893	0	12174
6758	81	38	63	11969	0	12151
6759	69	37	11516	378	0	12000
6760	68	29	175	11557	0	11829
6761	11295	34	162	248	0	11739
6762	200	10967	83	207	0	11457
6763	174	164	41	10896	0	11275
6764	10936	162	37	219	0	11354
6765	10888	59	36	201	0	11184
6766	341	37	35	10636	0	11049
6767	245	26	31	10456	0	10758
6768	9843	30	29	308	0	10210
6769	196	21	33	9850	0	10100
6770	9306	18	28	215	0	9567
6771	220	26	13	9026	0	9285
6772	149	21	8251	191	0	8612
6773	73	7732	124	136	0	8065
6774	46	7626	100	72	0	7844
6775	104	184	157	6577	0	7022
6776	104	81	82	6533	0	6800
6777	6248	23	14	150	0	6435
6778	91	10	12	6291	0	6404
6779	71	20	8	6204	0	6303
6780	28	13	14	5786	0	5841
6781	25	5671	20	154	0	5870
6782	23	75	13	5837	0	5948
6783	19	63	15	5796	0	5893
6784	19	18	10	5811	0	5858
6785	5529	9	15	174	0	5727
6786	78	5638	17	100	0	5833
6787	76	73	10	5723	0	5882
6788	43	59	12	5715	0	5829
6789	26	20	8	5761	0	5815
6790	5611	12	7	163	0	5793
6791	87	12	7	5640	0	5746
6792	90	9	8	5543	0	5650
6793	33	8	5253	141	0	5435
6794	18	5065	64	102	0	5249
6795	14	86	54	5066	0	5220
6796	4976	53	21	94	0	5144
6797	73	4986	14	72	0	5145
6798	4757	58	6	48	0	4869
6799	4773	50	16	26	0	4865
6800	104	19	7	4738	0	4868
6801	79	6	14	4792	0	4891
6802	26	16	4844	126	0	5012
6803	21	16	54	4950	0	5041
6804	15	15	4954	101	0	5085
6805	19	13	71	5022	0	5125
6806	4759	9	53	100	0	4921
6807	66	4863	20	90	0	5039
6808	60	61	13	5073	0	5207
6809	31	51	8	5131	0	5221
6810	18	24	14	5138	0	5194
6811	13	5	5	5182	0	5205
6812	4975	5	13	142	0	5135
6813	56	4951	14	104	0	5125
6814	68	56	8	5071	0	5203
6815	5088	56	5	96	0	5245
6816	67	23	5040	92	0	5222
6817	5029	10	58	54	0	5151
6818	5112	9	58	36	0	5215
6819	112	16	5069	49	0	5246
6820	82	9	57	5093	0	5241
6821	5150	16	52	81	0	5299
6822	65	5240	32	85	0	5422
6823	5375	60	8	42	0	5485
6824	5364	54	8	45	0	5471
6825	5410	20	13	36	0	5479
6826	128	11	9	5317	0	5465
6827	84	14	11	5477	0	5586
6828	30	6022	8	141	0	6201
6829	29	74	5	6098	0	6206
6830	6119	67	6	114	0	6306
6831	95	19	6029	89	0	6232
6832	5946	10	76	46	0	6078
6833	6200	11	62	39	0	6312
6834	142	10	18	6051	0	6221
6835	88	5	4	6200	0	6297
6836	6190	10	4	151	0	6355
6837	6181	3	9	106	0	6299
6838	5885	9	6	52	0	5952
6839	151	11	6139	36	0	6337
6840	90	6115	75	21	0	6301
6841	6155	83	56	25	0	6319
6842	92	66	18	6069	0	6245
6843	77	6150	9	94	0	6330
6844	49	79	6	6212	0	6346
6845	6162	62	6	101	0	6331
6846	94	38	6	6241	0	6379
6847	91	12	6132	113	0	6348
6848	31	6022	78	82	0	6213
6849	18	6129	66	46	0	6259
6850	39	106	5851	36	0	6032
6851	5000	156	149	68	0	5373
6852	61	4971	51	35	0	5118
6853	65	60	15	4263	0	4403
6854	4227	19	12	43	0	4301
6855	40	4238	6	23	0	4307
6856	22	35	5	4247	0	4309
6857	4274	25	3	42	0	4344
6858	45	3	4	4286	0	4338
6859	4276	3	3	43	0	4325
6860	43	9	4337	29	0	4418
6861	30	4368	31	14	0	4443
6862	4450	32	19	17	0	4518
6863	4405	25	4	14	0	4448
6864	4390	4	6	18	0	4418
6865	61	12	4226	7	0	4306
6866	4246	6	30	11	0	4293
6867	4374	5	23	13	0	4415
6868	54	7	11	4341	0	4413
6869	4345	9	6	45	0	4405
6870	48	4305	8	36	0	4397
6871	32	37	4	4339	0	4412
6872	17	28	4327	41	0	4413
6873	17	9	33	4308	0	4367
6874	18	10	22	4359	0	4409
6875	4352	7	7	59	0	4425
6876	4364	11	6	30	0	4411
6877	63	21	4306	14	0	4404
6878	4212	8	32	17	0	4269
6879	51	11	4328	13	0	4403
6880	31	9	39	4293	0	4372
6881	21	14	4337	48	0	4420
6882	25	6	37	4219	0	4287
6883	21	4307	26	42	0	4396
6884	26	37	4428	30	0	4521
6885	25	24	4539	7	0	4595
6886	29	15	62	3923	0	4029
6887	4542	7	30	50	0	4629
6888	4568	9	5	31	0	4613
6889	4620	10	10	14	0	4654
6890	80	6	6	4522	0	4614
6891	42	6	5	4599	0	4652
6892	21	9	8	4614	0	4652
6893	16	8	10	4597	0	4631
6894	22	9	4466	68	0	4565
6895	21	10	37	4394	0	4462
6896	14	4415	24	45	0	4498
6897	20	39	13	4417	0	4489
6898	4461	24	10	54	0	4549
6899	56	11	4487	28	0	4582
6900	4190	5	51	24	0	4270
6901	50	11	4579	19	0	4659
6902	26	5	4532	15	0	4578
6903	18	4428	66	9	0	4521
6904	20	59	32	4052	0	4163
6905	17	25	9	4225	0	4276
6906	19	4089	11	72	0	4191
6907	4713	47	8	26	0	4794
6908	65	27	7	4955	0	5054
6909	41	7	12	5435	0	5495
6910	17	6	11	5735	0	5769
6911	6198	6	8	124	0	6336
6912	6687	3	10	51	0	6751
6913	150	10	5	6617	0	6782
6914	75	6	6	6688	0	6775
6915	6556	4	5	162	0	6727
6916	110	8	18	6572	0	6708
6917	68	4	10	6651	0	6733
6918	19	9	6	6718	0	6752
6919	16	9	6462	175	0	6662
6920	6156	3	103	86	0	6348
6921	6433	3	58	38	0	6532
6922	167	9	6211	28	0	6415
6923	85	61	104	5706	0	5956
6924	22	6144	60	103	0	6329
6925	6040	100	13	77	0	6230
6926	109	6120	15	35	0	6279
6927	60	5870	13	28	0	5971
6928	45	132	13	5374	0	5564
6929	5402	44	15	97	0	5558
6930	5510	10	9	62	0	5591
6931	135	6	6	5414	0	5561
6932	63	5	10	5453	0	5531
6933	24	5	5	5422	0	5456
6934	25	16	2	5406	0	5449
6935	15	12	7	5266	0	5300
6936	17	5233	6	133	0	5389
6937	16	85	2	5270	0	5373
6938	5201	48	5	106	0	5360
6939	5287	10	6	72	0	5375
6940	5267	8	3	30	0	5308
6941	135	5153	12	38	0	5338
6942	66	72	5	5104	0	5247
6943	23	48	5124	107	0	5302
6944	5014	15	75	78	0	5182
6945	93	24	46	5076	0	5239
6946	5072	16	11	104	0	5203
6947	4973	15	7	65	0	5060
6948	4998	12	5	29	0	5044
6949	141	10	6	4841	0	4998
6950	4866	12	5	91	0	4974
6951	105	11	8	4881	0	5005
6952	62	11	8	4941	0	5022
6953	4885	8	8	141	0	5042
6954	100	9	9	4926	0	5044
6955	4876	7	7	105	0	4995
6956	4922	13	3	69	0	5007
6957	142	8	1	4917	0	5068
6958	80	6	5	5000	0	5091
6959	44	6	3	5046	0	5099
6960	38	10	4789	152	0	4989
6961	38	9	4859	85	0	4991
6962	31	6	112	4785	0	4934
6963	34	8	48	4836	0	4926
6964	33	11	11	4909	0	4964
6965	29	10	11	4881	0	4931
6966	41	8	8	4906	0	4963
6967	4765	3	8	154	0	4930
6968	95	4746	19	83	0	4943
6969	71	73	10	4802	0	4956
6970	4861	47	12	107	0	5027
6971	97	11	15	4909	0	5032
6972	52	11	11	4951	0	5025
6973	4854	7	9	152	0	5022
6974	4893	2	5	89	0	4989
6975	136	7	4834	52	0	5029
6976	80	6	72	4857	0	5015
6977	38	12	4906	111	0	5067
6978	33	11	75	4933	0	5052
6979	35	9	46	4939	0	5029
6980	31	11	12	5000	0	5054
6981	26	6	4855	166	0	5053
6982	27	4805	73	89	0	4994
6983	36	4979	52	44	0	5111
6984	33	107	19	4848	0	5007
6985	4802	47	18	104	0	4971
6986	85	6	4804	86	0	4981
6987	58	11	5014	51	0	5134
6988	19	6	115	4983	0	5123
6989	23	6	60	4904	0	4993
6990	21	5125	26	127	0	5299
6991	22	78	21	5060	0	5181
6992	24	52	16	5320	0	5412
6993	25	15	9	5385	0	5434
6994	5313	11	12	150	0	5486
6995	5351	9	10	96	0	5466
6996	137	7	17	5387	0	5548
6997	71	5414	27	95	0	5607
6998	27	69	17	5424	0	5537
6999	5287	54	10	112	0	5463
7000	74	5395	11	103	0	5583
7001	66	77	10	5086	0	5239
7002	23	5217	18	104	0	5362
7003	5160	66	17	83	0	5326
7004	4976	58	15	39	0	5088
7005	118	5193	18	36	0	5365
7006	65	5203	14	31	0	5313
7007	42	101	4819	38	0	5000
7008	17	4619	51	36	0	4723
7009	38	99	79	3930	0	4146
7010	17	43	3883	45	0	3988
7011	5	3266	25	33	0	3329
7012	12	20	29	2850	0	2911
7013	6	16	5	2888	0	2915
7014	4	4	2	2904	0	2914
7015	2852	1	0	31	0	2884
7016	11	4	2803	25	0	2843
7017	17	9	2840	11	0	2877
7018	6	0	27	2861	0	2894
7019	5	4	3114	10	0	3133
7020	2	5	14	3119	0	3140
7021	4	0	19	3007	0	3030
7022	4	4	1	3198	0	3207
7023	2	4	4	3203	0	3213
7024	3117	1	4	36	0	3158
7025	3102	3	3	26	0	3134
7026	28	3	1	3158	0	3190
7027	18	5	3382	13	0	3418
7028	3	4	12	3368	0	3387
7029	8	3353	16	21	0	3398
7030	7	8	4	3367	0	3386
7031	3353	17	1	22	0	3393
7032	3415	4	2	25	0	3446
7033	30	3	3	3451	0	3487
7034	21	2	5	3468	0	3496
7035	11	3	2	3503	0	3519
7036	3392	3	7	32	0	3434
7037	8	7	3486	25	0	3526
7038	19	5	3429	12	0	3465
7039	6	3413	28	12	0	3459
7040	3523	12	20	10	0	3565
7041	13	27	4	3647	0	3691
7042	25	8	3766	12	0	3811
7043	5	3756	10	26	0	3797
7044	7	3873	20	10	0	3910
7045	4	27	4	3906	0	3941
7046	5	25	6	4024	0	4060
7047	5	3996	5	28	0	4034
7048	10	8	4	4097	0	4119
7049	5	21	6	4087	0	4119
7050	4023	5	2	39	0	4069
7051	12	4093	3	27	0	4135
7052	19	10	4	4075	0	4108
7053	7	22	4051	16	0	4096
7054	4	6	13	4033	0	4056
7055	4050	6	18	21	0	4095
7056	12	4144	9	22	0	4187
7057	18	11	6	4202	0	4237
7058	3	20	4168	22	0	4213
7059	10	11	4362	23	0	4406
7060	7	11	25	4475	0	4518
7061	3	4	18	4617	0	4642
7062	4648	3	7	34	0	4692
7063	15	4828	10	32	0	4885
7064	4936	22	3	10	0	4971
7065	23	29	5124	18	0	5194
7066	4962	5	23	24	0	5014
7067	37	7	5515	7	0	5566
7068	5259	2	39	13	0	5313
7069	5546	2	38	11	0	5597
7070	72	6	5995	12	0	6085
7071	44	7	5967	16	0	6034
7072	13	5959	74	8	0	6054
7073	9	39	43	6158	0	6249
7074	6351	43	10	48	0	6452
7075	40	8	9	6453	0	6510
7076	45	10	9	6559	0	6623
7077	8	3	5	6636	0	6652
7078	9	6	6588	89	0	6692
7079	5798	6	41	62	0	5907
7080	6533	5	40	19	0	6597
7081	85	6771	12	19	0	6887
7082	47	39	11	6704	0	6801
7083	11	6959	10	47	0	7027
7084	10	49	10	7045	0	7114
7085	7004	37	8	60	0	7109
7086	46	7049	12	56	0	7163
7087	55	42	3	6878	0	6978
7088	6866	47	11	53	0	6977
7089	6843	8	10	50	0	6911
7090	88	10	6	6844	0	6948
7091	52	5	6909	57	0	7023
7092	17	42	50	6638	0	6747
7093	14	6903	39	46	0	7002
7094	6845	45	18	45	0	6953
7095	49	6955	14	15	0	7033
7096	47	45	11	6842	0	6945
7097	6968	39	9	55	0	7071
7098	48	13	15	7181	0	7257
7099	50	9	5	7226	0	7290
7100	18	9	7211	91	0	7329
7101	15	7193	51	59	0	7318
7102	7085	44	35	24	0	7188
7103	6721	47	14	24	0	6806
7104	71	7188	12	15	0	7286
7105	48	7292	8	13	0	7361
7106	19	70	3	7169	0	7261
7107	7142	38	7	54	0	7241
7108	42	7187	14	41	0	7284
7109	41	43	6	7237	0	7327
7110	20	46	7247	44	0	7357
7111	16	14	38	7223	0	7291
7112	7374	15	32	51	0	7472
7113	45	7443	8	47	0	7543
7114	39	44	5	7621	0	7709
7115	19	41	7616	55	0	7731
7116	16	17	7630	47	0	7710
7117	12	14	71	7555	0	7652
7118	15	8	37	7782	0	7842
7119	21	7636	14	85	0	7756
7120	21	48	8	7619	0	7696
7121	7688	40	8	67	0	7803
7122	53	11	10	7761	0	7835
7123	7803	7	11	65	0	7886
7124	55	7859	12	49	0	7975
7125	53	8093	13	20	0	8179
7126	15	78	12	8232	0	8337
7127	23	37	12	8108	0	8180
7128	22	24	8089	84	0	8219
7129	22	13	45	7943	0	8023
7130	7993	12	35	67	0	8107
7131	51	22	8106	54	0	8233
7132	48	13	45	8155	0	8261
7133	26	17	8515	67	0	8625
7134	26	15	50	8544	0	8635
7135	24	14	47	8584	0	8669
7136	14	17	16	8745	0	8792
7137	18	17	8666	109	0	8810
7138	24	14	50	8441	0	8529
7139	11	8707	43	80	0	8841
7140	18	50	14	8754	0	8836
7141	16	40	13	8644	0	8713
7142	8448	16	10	105	0	8579
7143	56	17	8421	64	0	8558
7144	48	13	52	8391	0	8504
7145	19	21	8395	82	0	8517
7146	20	26	8249	53	0	8348
7147	24	13	79	8420	0	8536
7148	20	14	46	8388	0	8468
7149	20	14	13	8784	0	8831
7150	8635	14	11	101	0	8761
7151	59	26	8785	64	0	8934
7152	8809	15	51	57	0	8932
7153	65	12	43	9383	0	9503
7154	53	15	14	9562	0	9644
7155	19	9843	19	112	0	9993
7156	23	54	13	9936	0	10026
7157	22	41	9	9873	0	9945
7158	27	15	12	9869	0	9923
7159	9213	11	10	108	0	9342
7160	50	27	9176	67	0	9320
7161	8129	11	52	43	0	8235
7162	50	9211	39	27	0	9327
7163	8840	37	12	26	0	8915
7164	43	8901	19	19	0	8982
7165	37	8803	25	28	0	8893
7166	93	58	28	8428	0	8607
7167	8455	20	35	43	0	8553
7168	28	15	6	8471	0	8520
7169	17	8410	12	37	0	8476
7170	14	8609	9	25	0	8657
7171	8	42	5	8659	0	8714
7172	4	22	5	8617	0	8648
7173	4	8773	10	55	0	8842
7174	4	32	6	8908	0	8950
7175	3	18	4	8936	0	8961
7176	8	11	1	9022	0	9042
7177	8761	6	4	70	0	8841
7178	34	13	9009	27	0	9083
7179	8649	4	33	39	0	8725
7180	9268	7	20	18	0	9313
7181	9191	2	11	17	0	9221
7182	47	9205	12	9	0	9273
7183	22	24	5	9108	0	9159
7184	9177	15	1	46	0	9239
7185	30	6	3	9361	0	9400
7186	9333	2	5	42	0	9382
7187	32	9907	7	22	0	9968
7188	10226	24	5	28	0	10283
7189	10389	14	6	27	0	10436
7190	10526	5	3	22	0	10556
7191	50	6	9	10495	0	10560
7192	29	7	2	10741	0	10779
7193	10757	2	5	59	0	10823
7194	30	10801	12	32	0	10875
7195	19	10763	14	30	0	10826
7196	10980	35	4	30	0	11049
7197	31	23	5	10941	0	11000
7198	25	13	4	11034	0	11076
7199	15	8	5	11131	0	11159
7200	14	11070	13	59	0	11156
7201	10977	29	5	39	0	11050
7202	35	23	3	11161	0	11222
7203	23	11377	13	48	0	11461
7204	20	43	1	11712	0	11776
7205	16	25	8	11722	0	11771
7206	15	12	6	11725	0	11758
7207	11	8	4	11786	0	11809
7208	11623	3	5	71	0	11702
7209	11588	8	4	44	0	11644
7210	11678	15	3	34	0	11730
7211	62	8	2	11801	0	11873
7212	36	15	11640	46	0	11737
7213	27	27	10905	35	0	10994
7214	19	29	11361	31	0	11440
7215	11540	10	57	36	0	11643
7216	44	10	26	11911	0	11991
7217	41	9	13	11845	0	11908
7218	19	12	7	11944	0	11982
7219	11846	11	7	81	0	11945
7220	11755	7	6	56	0	11824
7221	61	12288	8	28	0	12385
7222	34	34	3	12392	0	12463
7223	26	43	12214	48	0	12331
7224	15	12307	38	39	0	12399
7225	33	39	16	12195	0	12283
7226	22	27	19	12232	0	12300
7227	23	20	7	12157	0	12207
7228	23	11	5	12008	0	12047
7229	23	24	11929	71	0	12047
7230	33	27	11665	50	0	11775
7231	17	12092	58	30	0	12197
7232	20	29	20	12070	0	12139
7233	23	20	9	11850	0	11902
7234	11549	8	9	74	0	11640
7235	45	29	11812	31	0	11917
7236	30	16	31	11754	0	11831
7237	26	7	23	12129	0	12185
7238	22	32	12329	68	0	12451
7239	15	12331	40	39	0	12425
7240	12245	31	19	54	0	12349
7241	49	45	12252	28	0	12374
7242	11808	14	29	40	0	11891
7243	45	37	12904	24	0	13010
7244	37	10	31	12920	0	12998
7245	24	37	13148	48	0	13257
7246	23	33	13410	40	0	13506
7247	26	7	46	13346	0	13425
7248	41	29	53	11883	0	12006
7249	13	8	6	13905	0	13932
7250	23	9	12	13732	0	13776
7251	13	18	13	13674	0	13718
7252	23	28	13531	73	0	13655
7253	17	32	13072	54	0	13175
7254	11	13573	56	35	0	13675
7255	13456	36	23	33	0	13548
7256	48	30	19	13615	0	13712
7257	13734	6	6	68	0	13814
7258	52	9	7	13730	0	13798
7259	14142	5	9	96	0	14252
7260	52	5	8	14306	0	14371
7261	39	6	8	14388	0	14441
7262	13	14623	25	75	0	14736
7263	23	45	9	14816	0	14893
7264	25	32	10	14818	0	14885
7265	15	7	11	14784	0	14817
7266	13	9	9	14682	0	14713
7267	8	14477	23	73	0	14581
7268	14390	35	8	58	0	14491
7269	40	14418	31	33	0	14522
7270	25	38	8	14053	0	14124
7271	13817	19	7	73	0	13916
7272	36	34	13645	27	0	13742
7273	33	32	13613	24	0	13702
7274	19	38	61	13126	0	13244
7275	13	17	25	13607	0	13662
7276	13	2	8	13610	0	13633
7277	14	4	11	13142	0	13171
7278	9	8	6	13276	0	13299
7279	7	13084	17	47	0	13155
7280	10	24	3	13207	0	13244
7281	13109	17	7	58	0	13191
7282	34	8	4	13291	0	13337
7283	35	39	13438	37	0	13549
7284	12	5	31	13217	0	13265
7285	13086	3	27	65	0	13181
7286	34	13576	21	33	0	13664
7287	32	36	4	13826	0	13898
7288	10	29	7	14270	0	14316
7289	13	25	14180	118	0	14336
7290	22	29	17914	71	0	18036
7291	22528	8	247	46	0	22829
7292	417	12	177	23553	0	24159
7293	352	6	51	24480	0	24889
7294	106	44	26162	788	0	27100
7295	66	52	26999	475	0	27592
7296	22	27046	893	163	0	28124
7297	46	486	491	26522	0	27545
7298	46	430	26944	497	0	27917
7299	11	27039	570	421	0	28041
7300	26987	538	448	131	0	28104
7301	27764	427	115	87	0	28393
7302	934	113	72	26715	0	27834
7303	516	27123	71	540	0	28250
7304	27219	526	43	445	0	28233
7305	669	458	59	23669	0	24855
7306	488	145	26789	482	0	27904
7307	140	27057	547	386	0	28130
7308	26969	541	428	169	0	28107
7309	27368	456	99	111	0	28034
7310	956	111	78	27056	0	28201
7311	559	70	47	27604	0	28280
7312	187	67	26889	975	0	28118
7313	134	57	537	27357	0	28085
7314	80	27	440	26779	0	27326
7315	81	33	130	27490	0	27734
7316	79	45	80	27389	0	27593
7317	88	29	45	26374	0	26536
7318	47	26363	87	1106	0	27603
7319	26305	518	44	657	0	27524
7320	595	463	26418	259	0	27735
7321	480	26019	571	194	0	27264
7322	179	556	458	26122	0	27315
7323	26086	445	153	656	0	27340
7324	571	191	126	26441	0	27329
7325	515	96	64	26541	0	27216
7326	193	53	81	27003	0	27330
7327	130	68	78	27036	0	27312
7328	128	89	25887	1221	0	27325
7329	110	25992	612	711	0	27425
7330	25994	559	481	354	0	27388
7331	606	490	25993	245	0	27334
7332	503	150	663	25965	0	27281
7333	25944	124	515	692	0	27275
7334	638	25945	227	601	0	27411
7335	26345	609	137	268	0	27359
7336	764	535	108	25074	0	26481
7337	611	178	100	26407	0	27296
7338	280	132	74	26500	0	26986
7339	200	96	58	26677	0	27031
7340	25359	105	104	1263	0	26831
7341	672	94	101	25964	0	26831
7342	550	82	84	26222	0	26938
7343	24676	75	89	1226	0	26066
7344	675	122	24442	772	0	26011
7345	585	79	586	24588	0	25838
7346	23851	95	486	801	0	25233
7347	24169	85	158	664	0	25076
7348	1072	60	128	23698	0	24958
7349	637	77	126	23591	0	24431
7350	262	22716	151	1154	0	24283
7351	210	585	63	23482	0	24340
7352	203	461	77	23367	0	24108
7353	136	193	22260	1253	0	23842
7354	122	131	22305	830	0	23388
7355	122	21998	1007	445	0	23572
7356	152	575	590	21746	0	23063
7357	152	487	249	22402	0	23290
7358	21936	191	167	1138	0	23432
7359	659	131	142	22013	0	22945
7360	557	122	21376	904	0	22959
7361	276	104	594	22021	0	22995
7362	190	129	21300	928	0	22547
7363	164	135	21459	762	0	22520
7364	187	117	1070	20768	0	22142
7365	169	105	638	21633	0	22545
7366	21163	129	245	1162	0	22699
7367	21669	88	146	803	0	22706
7368	1100	96	141	21373	0	22710
7369	21846	91	98	828	0	22863
7370	22146	71	89	718	0	23024
7371	1178	81	99	21684	0	23042
7372	719	109	95	22182	0	23105
7373	21702	82	96	1210	0	23090
7374	21947	53	96	832	0	22928
7375	1117	57	85	21499	0	22758
7376	695	21374	124	842	0	23035
7377	359	554	67	22065	0	23045
7378	265	447	64	22327	0	23103
7379	185	159	21382	1303	0	23029
7380	162	107	552	22328	0	23149
7381	21033	60	500	965	0	22558
7382	603	21342	267	769	0	22981
7383	21676	530	128	427	0	22761
7384	21677	470	78	355	0	22580
7385	22064	172	81	324	0	22641
7386	1195	281	68	20771	0	22315
7387	915	102	19493	727	0	21237
7388	466	144	19114	636	0	20360
7389	226	18926	928	359	0	20439
7390	128	15016	412	215	0	15771
7391	65	9881	129	69	0	10144
7392	77	9203	169	73	0	9522
7393	279	308	8082	120	0	8789
7394	5789	373	353	106	0	6621
7395	43	42	35	5591	0	5711
7396	33	8	12	5488	0	5541
7397	21	9	7	5405	0	5442
7398	10	5443	11	63	0	5527
7399	5377	29	11	42	0	5459
7400	35	31	5414	21	0	5501
7401	23	5116	26	15	0	5180
7402	25	38	37	5096	0	5196
7403	5149	18	11	32	0	5210
7404	30	5	7	5143	0	5185
7405	28	6	5073	29	0	5136
7406	14	4	5074	33	0	5125
7407	9	6	38	5125	0	5178
7408	7	2	27	5161	0	5197
7409	5128	0	11	46	0	5185
7410	26	8	5146	34	0	5214
7411	5038	5	20	19	0	5082
7412	5113	1	22	12	0	5148
7413	50	4	5	5209	0	5268
7414	34	9	5314	27	0	5384
7415	20	3	22	5306	0	5351
7416	5328	2	21	36	0	5387
7417	22	5382	14	33	0	5451
7418	5502	22	7	21	0	5552
7419	39	21	2	5566	0	5628
7420	32	5741	6	32	0	5811
7421	12	32	9	5749	0	5802
7422	11	33	6	5818	0	5868
7423	7	5867	11	77	0	5962
7424	6	36	9	5978	0	6029
7425	11	37	9	6078	0	6135
7426	9	7	6	6229	0	6251
7427	10	16	6299	86	0	6411
7428	8	6281	49	61	0	6399
7429	6405	45	52	19	0	6521
7430	53	62	15	6461	0	6591
7431	63	6972	12	54	0	7101
7432	7370	54	2	73	0	7499
7433	61	66	4	7386	0	7517
7434	80	13	4	7453	0	7550
7435	20	9	5	7362	0	7396
7436	15	7	3	7302	0	7327
7437	7169	7	5	147	0	7328
7438	60	8	4	7349	0	7421
7439	81	4	6	7326	0	7417
7440	7300	8	7	142	0	7457
7441	71	8	9	7413	0	7501
7442	94	6	7298	85	0	7483
7443	23	11	59	7377	0	7470
7444	7175	10	77	83	0	7345
7445	77	8	13	7277	0	7375
7446	83	8	7266	88	0	7445
7447	20	13	7233	89	0	7355
7448	7358	10	138	29	0	7535
7449	7618	7	81	23	0	7729
7450	7741	11	13	21	0	7786
7451	7729	7	16	21	0	7773
7452	152	13	7689	18	0	7872
7453	94	12	59	7622	0	7787
7454	18	8	78	7805	0	7909
7455	7722	7	16	157	0	7902
7456	77	9	12	7835	0	7933
7457	94	15	7674	87	0	7870
7458	20	15	70	7766	0	7871
7459	12	17	7851	91	0	7971
7460	13	7793	83	93	0	7982
7461	7881	69	85	45	0	8080
7462	89	72	14	7848	0	8023
7463	86	17	7738	92	0	7933
7464	24	5	73	7823	0	7925
7465	15	2	77	8004	0	8098
7466	12	12	8039	177	0	8240
7467	20	6	80	8122	0	8228
7468	8020	4	89	105	0	8218
7469	80	17	7695	108	0	7900
7470	7616	5	72	37	0	7730
7471	96	7662	90	24	0	7872
7472	97	78	7637	24	0	7836
7473	26	87	7618	25	0	7756
7474	35	111	176	6504	0	6826
7475	18	9	86	7157	0	7270
7476	16	14	7124	157	0	7311
7477	18	5	68	7192	0	7283
7478	7268	1	81	103	0	7453
7479	7293	4	18	106	0	7421
7480	155	6	10	7230	0	7401
7481	99	6	13	7205	0	7323
7482	20	7196	21	161	0	7398
7483	7238	67	13	110	0	7428
7484	86	83	11	7423	0	7603
7485	92	7529	22	92	0	7735
7486	7579	66	25	96	0	7766
7487	7667	85	14	46	0	7812
7488	156	7836	27	34	0	8053
7489	100	74	15	7898	0	8087
7490	33	88	14	7841	0	7976
7491	33	16	7673	179	0	7901
7492	24	4	88	7614	0	7730
7493	7529	7	100	116	0	7752
7494	102	8	13	7587	0	7710
7495	115	13	7453	105	0	7686
7496	7377	9	82	121	0	7589
7497	99	4	93	7477	0	7673
7498	90	14	7466	109	0	7679
7499	40	4	91	7484	0	7619
7500	29	11	7502	118	0	7660
7501	32	11	90	7504	0	7637
7502	37	6	90	7530	0	7663
7503	7382	4	33	173	0	7592
7504	95	7396	35	110	0	7636
7505	7561	78	19	52	0	7710
7506	7466	82	17	30	0	7595
7507	7498	13	25	52	0	7588
7508	179	7406	27	34	0	7646
7509	108	81	7357	42	0	7588
7510	35	80	98	7301	0	7514
7511	7387	18	95	105	0	7605
7512	7463	9	28	103	0	7603
7513	185	11	16	7189	0	7401
7514	7256	7	30	109	0	7402
7515	103	16	7213	120	0	7452
7516	7148	15	98	48	0	7309
7517	108	19	7246	42	0	7415
7518	103	7080	101	51	0	7335
7519	7024	74	88	35	0	7221
7520	6791	74	31	40	0	6936
7521	151	6838	22	46	0	7057
7522	6815	88	45	34	0	6982
7523	6691	74	23	41	0	6829
7524	153	19	6553	35	0	6760
7525	6337	11	82	40	0	6470
7526	79	16	6388	41	0	6524
7527	70	72	65	5738	0	5945
7528	27	6050	61	69	0	6207
7529	31	65	5949	55	0	6100
7530	5342	167	109	117	0	5735
7531	5179	35	60	48	0	5322
7532	83	3	11	4912	0	5009
7533	50	6	4884	53	0	4993
7534	12	12	46	4895	0	4965
7535	4879	5	41	56	0	4981
7536	46	4950	14	46	0	5056
7537	4924	40	9	24	0	4997
7538	4922	32	6	17	0	4977
7539	80	4921	11	10	0	5022
7540	45	37	10	4883	0	4975
7541	4971	33	10	43	0	5057
7542	53	9	10	5000	0	5072
7543	40	9	13	5182	0	5244
7544	18	14	5237	70	0	5339
7545	23	15	46	5212	0	5296
7546	30	7	28	5247	0	5312
7547	5196	11	6	76	0	5289
7548	5204	8	11	41	0	5264
7549	94	4	10	5229	0	5337
7550	50	6	5179	56	0	5291
7551	25	8	5158	41	0	5232
7552	15	11	78	5085	0	5189
7553	17	11	5270	57	0	5355
7554	23	10	51	5200	0	5284
7555	15	10	34	5188	0	5247
7556	5211	5	12	74	0	5302
7557	61	12	5198	38	0	5309
7558	5076	5	52	18	0	5151
7559	5099	1	36	17	0	5153
7560	77	5	5007	17	0	5106
7561	34	10	5029	13	0	5086
7562	21	108	66	4736	0	4931
7563	15	4753	36	42	0	4846
7564	15	4852	11	22	0	4900
7565	31	56	5	4561	0	4653
7566	18	19	2	4469	0	4508
7567	12	6	6	4565	0	4589
7568	5	3	5	4596	0	4609
7569	4454	1	5	53	0	4513
7570	39	3	7	4463	0	4512
7571	20	9	4426	40	0	4495
7572	16	2	32	4333	0	4383
7573	9	4343	18	41	0	4411
7574	10	27	7	4355	0	4399
7575	4333	15	7	39	0	4394
7576	37	4	10	4385	0	4436
7577	19	5	4374	42	0	4440
7578	11	4284	36	22	0	4353
7579	8	33	20	4292	0	4353
7580	4308	14	9	42	0	4373
7581	4337	7	2	22	0	4368
7582	51	2	7	4374	0	4434
7583	29	4	4162	36	0	4231
7584	11	3	4060	19	0	4093
7585	4012	1	44	9	0	4066
7586	31	4	4175	9	0	4219
7587	15	6	4186	9	0	4216
7588	18	25	35	3907	0	3985
7589	4186	1	26	33	0	4246
7590	4125	1	5	19	0	4150
7591	4131	0	2	7	0	4140
7592	40	8	4392	0	0	4440
7593	16	7	4509	10	0	4542
7594	6	4614	38	5	0	4663
7595	2	29	23	4545	0	4599
7596	2	11	11	4593	0	4617
7597	2	4	4	4515	0	4525
7598	3	0	3	4596	0	4602
7599	8	6	4584	49	0	4647
7600	6	4579	31	17	0	4633
7601	4789	27	14	16	0	4846
7602	5368	11	10	8	0	5397
7603	5404	4	7	4	0	5419
7604	73	5575	10	20	0	5678
7605	34	47	11	5626	0	5718
7606	6046	29	10	56	0	6141
7607	59	6377	11	49	0	6496
7608	6347	57	8	17	0	6429
7609	63	6394	13	11	0	6481
7610	6412	63	12	12	0	6499
7611	6404	43	2	16	0	6465
7612	103	12	15	6498	0	6628
7613	59	2	9	6763	0	6833
7614	23	8	6735	114	0	6880
7615	11	11	6682	67	0	6771
7616	6710	4	126	18	0	6858
7617	6878	3	67	16	0	6964
7618	121	8	20	6758	0	6907
7619	67	6	7	6827	0	6907
7620	22	8	6737	132	0	6899
7621	14	4	65	6708	0	6791
7622	13	8	6735	95	0	6851
7623	11	9	85	6749	0	6854
7624	14	5	56	6878	0	6953
7625	6811	5	16	142	0	6974
7626	6784	5	12	84	0	6885
7627	132	6	2	6810	0	6950
7628	85	9	8	6808	0	6910
7629	29	17	6730	133	0	6909
7630	24	11	69	6799	0	6903
7631	24	9	6795	103	0	6931
7632	6694	12	87	71	0	6864
7633	82	8	63	6842	0	6995
7634	6802	4	22	89	0	6917
7635	101	6751	17	79	0	6948
7636	6839	74	16	29	0	6958
7637	104	66	13	6765	0	6948
7638	74	19	14	6767	0	6874
7639	40	6755	14	138	0	6947
7640	36	71	10	6848	0	6965
7641	19	59	6729	110	0	6917
7642	14	21	88	6761	0	6884
7643	20	16	6586	97	0	6719
7644	23	6367	94	76	0	6560
7645	21	68	72	6334	0	6495
7646	25	59	6323	86	0	6493
7647	19	20	6261	76	0	6376
7648	25	32	121	6150	0	6328
7649	6108	9	81	82	0	6280
7650	72	7	6082	77	0	6238
7651	64	4	72	6056	0	6196
7652	6125	2	72	87	0	6286
7653	74	5998	31	83	0	6186
7654	6321	65	16	40	0	6442
7655	89	63	11	6265	0	6428
7656	74	17	8	6349	0	6448
7657	29	12	10	6455	0	6506
7658	6349	7	11	151	0	6518
7659	87	5	9	6454	0	6555
7660	77	7	15	6475	0	6574
7661	6247	8	10	154	0	6419
7662	74	15	6243	96	0	6428
7663	86	5	73	6280	0	6444
7664	25	20	6310	79	0	6434
7665	6132	10	80	86	0	6308
7666	79	11	71	6295	0	6456
7667	78	19	6348	86	0	6531
7668	6144	17	79	87	0	6327
7669	6313	6	80	39	0	6438
7670	133	12	6551	36	0	6732
7671	89	6	78	6560	0	6733
7672	41	18	76	6636	0	6771
7673	18	16	6733	147	0	6914
7674	30	6686	87	93	0	6896
7675	22	66	6825	51	0	6964
7676	6522	63	92	43	0	6720
7677	76	32	7006	37	0	7151
7678	6706	7	90	38	0	6841
7679	85	9	7015	32	0	7141
7680	6750	4	89	45	0	6888
7681	87	7022	84	31	0	7224
7682	85	70	21	6924	0	7100
7683	36	62	21	7108	0	7227
7684	22	25	7094	152	0	7293
7685	27	7	73	6839	0	6946
7686	23	7003	79	90	0	7195
7687	6815	59	30	82	0	6986
7688	69	6861	26	43	0	6999
7689	74	63	21	6748	0	6906
7690	6778	58	18	85	0	6939
7691	84	6842	24	91	0	7041
7692	6715	64	16	47	0	6842
7693	81	74	6791	36	0	6982
7694	91	20	72	6799	0	6982
7695	31	12	82	6875	0	7000
7696	30	8	30	7017	0	7085
7697	6953	6	21	157	0	7137
7698	7008	4	22	99	0	7133
7699	7042	12	22	43	0	7119
7700	7000	10	22	36	0	7068
7701	150	15	6623	30	0	6818
7702	5884	10	55	18	0	5967
7703	69	5953	53	17	0	6092
7704	46	5819	29	14	0	5908
7705	5627	78	163	33	0	5901
7706	5488	37	45	18	0	5588
7707	58	15	9	5203	0	5285
7708	5312	2	14	37	0	5365
7709	5275	0	4	35	0	5314
7710	5704	4	5	11	0	5724
7711	75	4	6	5630	0	5715
7712	35	5637	10	36	0	5718
7713	11	5605	5	22	0	5643
7714	13	80	4	5530	0	5627
7715	5425	26	6	42	0	5499
7716	38	5516	5	26	0	5585
7717	20	36	2	5492	0	5550
7718	8	25	5542	38	0	5613
7719	5094	5	36	34	0	5169
7720	39	5627	20	7	0	5693
7721	21	5680	9	9	0	5719
7722	5569	55	3	6	0	5633
7723	41	33	5718	9	0	5801
7724	21	14	36	5612	0	5683
7725	9	5741	31	38	0	5819
7726	10	36	6	5779	0	5831
7727	10	21	4	5738	0	5773
7728	8	5577	10	58	0	5653
7729	12	40	5	5938	0	5995
7730	15	19	4	5974	0	6012
7731	5894	6	2	61	0	5963
7732	41	5883	4	28	0	5956
7733	5891	34	6	20	0	5951
7734	52	20	4	5846	0	5922
7735	23	5989	7	44	0	6063
7736	11	48	5900	31	0	5990
7737	8	39	49	5901	0	5997
7738	18	18	21	6068	0	6125
7739	9	10	6189	68	0	6276
7740	5795	6	49	34	0	5884
7741	55	6	25	6840	0	6926
7742	6822	3	11	71	0	6907
7743	74	13	6794	50	0	6931
7744	50	7	64	6867	0	6988
7745	11	12	7352	73	0	7448
7746	5	8	75	7422	0	7510
7747	15	12	54	7627	0	7708
7748	7532	6	12	135	0	7685
7749	73	7648	9	72	0	7802
7750	7694	80	7	14	0	7795
7751	93	51	7754	10	0	7908
7752	52	14	79	7694	0	7839
7753	126	17	7799	82	0	8024
7754	7022	13	94	64	0	7193
7755	7749	5	51	24	0	7829
7756	133	8	7711	9	0	7861
7757	7626	9	80	12	0	7727
7758	7846	4	51	16	0	7917
7759	129	4	17	7784	0	7934
7760	60	16	7719	90	0	7885
7761	23	10	7887	61	0	7981
7762	15	10	128	7878	0	8031
7763	28	2	56	7787	0	7873
7764	14	7778	31	124	0	7947
7765	21	7925	17	68	0	8031
7766	7864	120	12	35	0	8031
7767	99	57	15	7785	0	7956
7768	58	7788	23	95	0	7964
7769	22	7948	20	72	0	8062
7770	7462	126	19	29	0	7636
7771	92	58	18	7645	0	7813
7772	64	7712	15	104	0	7895
7773	35	89	13	7636	0	7773
7774	27	60	13	7640	0	7740
7775	24	17	17	7644	0	7702
7776	7435	11	21	148	0	7615
7777	102	7366	20	78	0	7566
7778	69	86	20	7377	0	7552
7779	40	57	15	7435	0	7547
7780	33	20	23	7479	0	7555
7781	24	18	7168	163	0	7373
7782	6860	4	99	90	0	7053
7783	113	14	68	7145	0	7340
7784	7075	11	28	108	0	7222
7785	7096	10	24	76	0	7206
7786	7100	15	19	40	0	7174
7787	154	17	7059	33	0	7263
7788	82	7033	98	27	0	7240
7789	31	99	66	6916	0	7112
7790	31	76	6930	99	0	7136
7791	25	38	6877	68	0	7008
7792	39	55	130	6456	0	6680
7793	16	6567	73	92	0	6748
7794	6612	91	13	77	0	6793
7795	6713	69	16	38	0	6836
7796	6826	25	11	47	0	6909
7797	6801	18	15	31	0	6865
7798	141	26	6690	41	0	6898
7799	6604	17	80	43	0	6744
7800	99	6783	71	43	0	6996
7801	77	86	19	6828	0	7010
7802	35	60	10	6952	0	7057
7803	6896	18	16	151	0	7081
7804	99	11	12	6936	0	7058
7805	81	13	6667	107	0	6868
7806	6388	16	83	77	0	6564
7807	6626	11	58	39	0	6734
7808	6616	10	29	41	0	6696
7809	149	19	6507	33	0	6708
7810	5959	7	72	40	0	6078
7811	87	6086	68	27	0	6268
7812	6147	59	39	33	0	6278
7813	101	55	23	6005	0	6184
7814	75	20	15	6066	0	6176
7815	30	6033	26	107	0	6196
7816	32	66	23	6016	0	6137
7817	26	6066	17	74	0	6183
7818	39	65	19	5972	0	6095
7819	33	5994	21	74	0	6122
7820	33	70	13	5940	0	6056
7821	29	6031	21	81	0	6162
7822	32	67	12	6131	0	6242
7823	28	6238	9	80	0	6355
7824	6562	77	11	76	0	6726
7825	86	70	10	6750	0	6916
7826	84	19	11	6851	0	6965
7827	38	15	11	7246	0	7310
7828	38	11	11	7337	0	7397
7829	29	22	7337	162	0	7550
7830	40	13	88	7389	0	7530
7831	37	11	69	7455	0	7572
7832	7351	10	19	159	0	7539
7833	7306	10	16	93	0	7425
7834	162	7455	18	37	0	7672
7835	98	85	11	7416	0	7610
7836	43	75	8	7939	0	8065
7837	8155	21	10	168	0	8354
7838	113	21	7900	106	0	8140
7839	7750	12	86	40	0	7888
7840	108	7947	83	26	0	8164
7841	7341	72	15	21	0	7449
7842	7239	66	8	13	0	7326
7843	135	7214	8	19	0	7376
7844	71	7361	11	12	0	7455
7845	62	162	26	6807	0	7057
7846	10	67	6796	70	0	6943
7847	6550	10	56	61	0	6677
7848	66	13	6758	15	0	6852
7849	6559	10	61	10	0	6640
7850	64	5	6738	10	0	6817
7851	56	6631	65	7	0	6759
7852	16	52	54	6613	0	6735
7853	6501	52	9	62	0	6624
7854	6609	11	2	60	0	6682
7855	112	8	2	6677	0	6799
7856	6914	2	1	67	0	6984
7857	6868	3	3	61	0	6935
7858	119	6775	4	15	0	6913
7859	6863	58	3	8	0	6932
7860	67	7011	9	10	0	7097
7861	67	73	4	7005	0	7149
7862	7046	57	2	72	0	7177
7863	7144	11	4	69	0	7228
7864	7158	4	3	15	0	7180
7865	129	9	7122	9	0	7269
7866	71	10	7220	13	0	7314
7867	20	4	120	7296	0	7440
7868	18	10	66	7664	0	7758
7869	9	8175	20	131	0	8335
7870	8243	78	11	85	0	8417
7871	93	79	5	8295	0	8472
7872	90	20	4	8451	0	8565
7873	28	14	8477	158	0	8677
7874	21	8383	85	94	0	8583
7875	14	8540	81	29	0	8664
7876	23	157	18	8550	0	8748
7877	8487	80	13	95	0	8675
7878	100	13	7	8549	0	8669
7879	87	10	10	8618	0	8725
7880	8567	10	11	171	0	8759
7881	8650	13	5	92	0	8760
7882	171	12	7	8609	0	8799
7883	101	17	8591	99	0	8808
7884	30	15	84	8700	0	8829
7885	31	12	79	8750	0	8872
7886	8697	14	16	176	0	8903
7887	102	8	18	8759	0	8887
7888	8752	11	9	112	0	8884
7889	117	29	8746	99	0	8991
7890	109	8	89	8930	0	9136
7891	45	9	88	9072	0	9214
7892	42	16	16	9192	0	9266
7893	24	17	17	9095	0	9153
7894	39	15	19	9034	0	9107
7895	29	20	8755	211	0	9015
7896	8564	20	91	147	0	8822
7897	121	13	99	8727	0	8960
7898	119	22	8659	114	0	8914
7899	40	30	8679	122	0	8871
7900	47	14	169	8574	0	8804
7901	8591	18	104	129	0	8842
7902	8626	17	21	120	0	8784
7903	8727	22	32	53	0	8834
7904	207	15	14	8339	0	8575
7905	135	8628	26	120	0	8909
7906	8748	92	21	114	0	8975
7907	8734	94	29	52	0	8909
7908	8745	39	14	46	0	8844
7909	8702	33	25	40	0	8800
7910	220	20	19	8528	0	8787
7911	135	25	8488	134	0	8782
7912	65	21	96	8473	0	8655
7913	49	31	8512	137	0	8729
7914	8331	14	107	138	0	8590
7915	8471	13	110	63	0	8657
7916	217	24	8344	54	0	8639
7917	8337	13	108	65	0	8523
7918	8650	13	100	57	0	8820
7919	210	21	38	8422	0	8691
7920	130	8530	24	139	0	8823
7921	8512	91	22	128	0	8753
7922	141	126	24	8084	0	8375
7923	107	8149	31	128	0	8415
7924	64	116	21	7956	0	8157
7925	56	73	7864	121	0	8114
7926	51	7867	72	107	0	8097
7927	7478	111	97	64	0	7750
7928	7363	91	43	59	0	7556
7929	7254	10	25	48	0	7337
7930	7316	10	23	52	0	7401
7931	148	51	20	7040	0	7259
7932	96	7132	24	94	0	7346
7933	6868	65	30	96	0	7059
7934	96	71	6998	38	0	7203
7935	102	6887	78	35	0	7102
7936	45	51	6486	51	0	6633
7937	51	71	70	5823	0	6015
7938	37	5672	59	58	0	5826
7939	37	46	12	6091	0	6186
7940	39	47	6362	69	0	6517
7941	51	8	44	6202	0	6305
7942	37	13	51	6365	0	6466
7943	29	12	22	6474	0	6537
7944	6221	15	20	103	0	6359
7945	77	6308	22	76	0	6483
7946	71	50	21	6313	0	6455
7947	6247	39	20	58	0	6364
7948	65	6292	32	68	0	6457
7949	6302	49	15	38	0	6404
7950	79	53	6349	24	0	6505
7951	76	19	42	6103	0	6240
7952	44	6336	56	48	0	6484
7953	6277	43	14	62	0	6396
7954	68	48	6252	32	0	6400
7955	68	5997	54	32	0	6151
7956	40	51	49	5954	0	6094
7957	34	44	16	6019	0	6113
7958	5923	16	20	87	0	6046
7959	64	17	11	5923	0	6015
7960	60	13	5773	49	0	5895
7961	35	15	38	5609	0	5697
7962	35	15	5776	48	0	5874
7963	28	29	39	5459	0	5555
7964	31	5708	46	41	0	5826
7965	5660	50	27	46	0	5783
7966	5527	36	12	28	0	5603
7967	78	5397	13	24	0	5512
7968	33	5028	14	13	0	5088
7969	81	39	26	4639	0	4785
7970	4602	14	16	24	0	4656
7971	19	14	5	4610	0	4648
7972	4528	8	3	19	0	4558
7973	16	4466	11	20	0	4513
7974	28	16	6	4555	0	4605
7975	17	19	4676	17	0	4729
7976	16	9	19	4577	0	4621
7977	16	14	17	4688	0	4735
7978	4766	2	6	35	0	4809
7979	20	4914	8	19	0	4961
7980	17	21	4	4946	0	4988
7981	4879	15	5	26	0	4925
7982	22	9	4984	23	0	5038
7983	4734	12	17	19	0	4782
7984	24	15	20	5044	0	5103
7985	16	5259	17	18	0	5310
7986	5263	17	7	22	0	5309
7987	23	21	5458	12	0	5514
7988	21	10	5422	12	0	5465
7989	10	5445	29	4	0	5488
7990	5289	10	41	7	0	5347
7991	12	14	3	5341	0	5370
7992	13	5	0	5378	0	5396
7993	5405	2	1	33	0	5441
7994	18	8	5461	15	0	5502
7995	21	1	16	5558	0	5596
7996	3	13	5869	26	0	5911
7997	8	4	22	5786	0	5820
7998	3	5950	22	22	0	5997
7999	5	19	3	6042	0	6069
8000	5	21	6006	21	0	6053
8001	5728	6	22	27	0	5783
8002	23	4	19	6095	0	6141
8003	22	2	6179	28	0	6231
8004	6	1	23	6069	0	6099
8005	9	1	22	6205	0	6237
8006	2	3	6217	43	0	6265
8007	3	6	6278	25	0	6312
8008	6	2	40	6391	0	6439
8009	2	2	6462	29	0	6495
8010	6232	3	28	33	0	6296
8011	26	1	25	6542	0	6594
8012	6485	1	6	30	0	6522
8013	29	9	6514	32	0	6584
8014	30	6	26	6634	0	6696
8015	12	8	7071	32	0	7123
8016	5	6949	48	35	0	7037
8017	8	31	7077	9	0	7125
8018	4	31	6826	13	0	6874
8019	6582	3	58	5	0	6648
8020	6924	4	28	15	0	6971
8021	57	8	7167	7	0	7239
8022	36	0	36	6756	0	6828
8023	8	9	35	7239	0	7291
8024	17	7	7303	64	0	7391
8025	0	7113	49	37	0	7199
8026	6951	29	38	19	0	7037
8027	30	43	7340	14	0	7427
8028	44	15	41	7376	0	7476
8029	8	5	43	7617	0	7673
8030	7716	0	8	77	0	7801
8031	7794	2	11	45	0	7852
8032	7874	4	8	17	0	7903
8033	7905	1	8	16	0	7930
8034	77	2	12	7787	0	7878
8035	51	10	8086	44	0	8191
8036	14	7	48	8042	0	8111
8037	12	5	44	8178	0	8239
8038	6	2	19	8387	0	8414
8039	10	15	8297	93	0	8415
8040	7676	4	43	69	0	7792
8041	56	2	50	8308	0	8416
8042	61	11	8596	53	0	8721
8043	15	8775	60	62	0	8912
8044	15	42	59	8912	0	9028
8045	12	58	15	8951	0	9036
8046	8827	7	11	106	0	8951
8047	48	8981	15	73	0	9117
8048	58	52	8931	26	0	9067
8049	21	56	54	8838	0	8969
8050	22	8	57	8868	0	8955
8051	8807	7	20	111	0	8945
8052	8833	5	19	73	0	8930
8053	104	3	13	8957	0	9077
8054	8963	3	11	63	0	9040
8055	66	8895	19	66	0	9046
8056	66	48	9243	25	0	9382
8057	19	55	53	9190	0	9317
8058	19	8	65	9398	0	9490
8059	15	8	15	9469	0	9507
8060	14	7	21	9335	0	9377
8061	18	9216	13	124	0	9371
8062	9064	49	13	84	0	9210
8063	60	59	13	9132	0	9264
8064	70	9464	19	59	0	9612
8065	9510	56	12	74	0	9652
8066	9428	56	17	31	0	9532
8067	102	9750	19	26	0	9897
8068	73	55	9	9846	0	9983
8069	27	60	17	9894	0	9998
8070	20	10	15	9845	0	9890
8071	17	9	12	9912	0	9950
8072	9940	11	11	136	0	10098
8073	10069	10	13	88	0	10180
8074	123	10185	20	35	0	10363
8075	83	67	10112	35	0	10297
8076	37	66	62	10128	0	10293
8077	10291	16	68	75	0	10450
8078	67	10180	27	87	0	10361
8079	77	10204	16	37	0	10334
8080	10300	116	11	29	0	10456
8081	10435	72	13	29	0	10549
8082	147	18	5	10395	0	10565
8083	91	24	10591	90	0	10796
8084	33	21	10669	85	0	10808
8085	10766	29	128	38	0	10961
8086	11150	14	81	47	0	11292
8087	11043	11	25	33	0	11112
8088	11024	12	12	28	0	11076
8089	10998	14	8	33	0	11053
8090	145	11112	12	35	0	11304
8091	94	81	11	10740	0	10926
8092	27	11477	19	65	0	11588
8093	11463	84	21	87	0	11655
8094	11389	92	10	43	0	11534
8095	11376	17	10	35	0	11438
8096	11268	10	11	25	0	11314
8097	128	11145	10	18	0	11301
8098	11108	54	4	19	0	11185
8099	67	11152	12	22	0	11253
8100	71	86	7	11145	0	11309
8101	11076	58	10	74	0	11218
8102	62	22	11335	80	0	11499
8103	74	10	50	11081	0	11215
8104	30	13	58	11431	0	11532
8105	26	19	11298	115	0	11458
8106	24	11299	57	87	0	11467
8107	11234	66	61	20	0	11381
8108	11169	65	12	19	0	11265
8109	108	11205	17	15	0	11345
8110	77	53	3	11214	0	11347
8111	47	72	11576	63	0	11758
8112	23	11885	60	68	0	12036
8113	11675	67	57	33	0	11832
8114	65	73	11771	15	0	11924
8115	10641	16	60	20	0	10737
8116	11325	18	51	25	0	11419
8117	117	21	11820	25	0	11983
8118	83	11820	56	16	0	11975
8119	39	60	57	11732	0	11888
8120	20	77	12013	50	0	12160
8121	11072	21	54	76	0	11223
8122	11692	10	48	31	0	11781
8123	96	11879	18	30	0	12023
8124	65	40	8	11815	0	11928
8125	36	54	6	12040	0	12136
8126	32	36	12092	80	0	12240
8127	25	12084	51	55	0	12215
8128	12276	47	52	46	0	12421
8129	12325	49	10	20	0	12404
8130	12474	16	5	23	0	12518
8131	94	29	12393	16	0	12532
8132	11986	13	39	16	0	12054
8133	12464	4	42	26	0	12536
8134	86	13	10	12533	0	12642
8135	56	21	12219	52	0	12348
8136	23	14	32	12190	0	12259
8137	18	26	12373	52	0	12469
8138	24	25	30	12052	0	12131
8139	19	12283	46	112	0	12460
8140	11	12767	22	33	0	12833
8141	24	54	3	12834	0	12915
8142	27	39	8	12508	0	12582
8143	12289	9	4	64	0	12366
8144	38	20	12398	35	0	12491
8145	11860	8	35	34	0	11937
8146	38	12613	40	11	0	12702
8147	12658	33	2	18	0	12711
8148	12683	29	6	14	0	12732
8149	63	7	4	12695	0	12769
8150	42	29	13155	33	0	13259
8151	16	13	34	13056	0	13119
8152	12	13697	42	40	0	13791
8153	23	36	7	13708	0	13774
8154	11	36	6	13811	0	13864
8155	13584	11	3	81	0	13679
8156	47	3	3	13385	0	13438
8157	42	13306	27	39	0	13414
8158	13	37	4	13492	0	13546
8159	13542	39	7	50	0	13638
8160	40	13797	10	49	0	13896
8161	47	48	10	14023	0	14128
8162	23	46	7	14062	0	14138
8163	15	8	5	14469	0	14497
8164	16	9	3	14357	0	14385
8165	14485	5	5	113	0	14608
8166	65	6	4	14740	0	14815
8167	68	2	5	14982	0	15057
8168	17	23	14	15162	0	15216
8169	13	15522	22	131	0	15688
8170	15356	76	11	82	0	15525
8171	105	89	15555	16	0	15765
8172	69	15359	81	16	0	15525
8173	14924	68	78	29	0	15099
8174	82	82	15570	20	0	15754
8175	74	15555	87	26	0	15742
8176	27	123	89	15118	0	15357
8177	12	15627	27	72	0	15738
8178	13	86	15513	65	0	15677
8179	21	86	15618	23	0	15748
8180	6	15653	141	23	0	15823
8181	15546	67	78	34	0	15725
8182	15509	61	11	23	0	15604
8183	121	45	15058	5	0	15229
8184	78	29	14484	9	0	14600
8185	16	31	15010	15	0	15072
8186	10	9	130	14795	0	14944
8187	9	10	68	14954	0	15041
8188	20	4	10	15329	0	15363
8189	12	32	15613	137	0	15794
8190	18	12	77	15072	0	15179
8191	16	10	66	15433	0	15525
8192	9	31	15407	144	0	15591
8193	14786	18	84	95	0	14983
8194	103	7	78	16282	0	16470
8195	103	9	10	16142	0	16264
8196	13	16621	24	185	0	16843
8197	16619	94	29	122	0	16864
8198	113	113	16628	23	0	16877
8199	16469	20	107	32	0	16628
8200	116	7	95	16632	0	16850
8201	110	59	16941	122	0	17232
8202	35	8	119	16800	0	16962
8203	17048	11	116	156	0	17331
8204	123	29	17093	117	0	17362
8205	16844	12	119	45	0	17020
8206	17132	11	119	30	0	17292
8207	17345	9	26	35	0	17415
8208	219	17231	41	16	0	17507
8209	123	113	27	17587	0	17850
8210	17943	105	13	161	0	18222
8211	17785	15	15	125	0	17940
8212	18264	17	19	42	0	18342
8213	245	44	17774	25	0	18088
8214	18463	10	130	53	0	18656
8215	170	9	134	19314	0	19627
8216	161	35	19270	163	0	19629
8217	58	12	161	19716	0	19947
8218	32	12	158	19858	0	20060
8219	38	40	20202	376	0	20656
8220	39	19	193	20395	0	20646
8221	40	9	196	21143	0	21388
8222	31	54	23628	416	0	24129
8223	24948	19	269	266	0	25502
8224	27402	15	283	74	0	27774
8225	638	4	74	28442	0	29158
8226	403	67	28354	388	0	29212
8227	129	12	388	27935	0	28464
8228	93	28076	395	429	0	28993
8229	89	348	94	28166	0	28697
8230	77	339	59	28337	0	28812
8231	28109	77	67	752	0	29005
8232	28188	46	53	503	0	28790
8233	28718	44	40	182	0	28984
8234	795	30	41	28133	0	28999
8235	498	25	38	28535	0	29096
8236	185	63	28061	760	0	29069
8237	170	28	380	27353	0	27931
8238	132	27980	406	494	0	29012
8239	27908	349	103	475	0	28835
8240	406	27879	108	192	0	28585
8241	28083	417	87	182	0	28769
8242	490	384	71	26310	0	27255
8243	444	27427	98	446	0	28415
8244	27508	397	58	456	0	28419
8245	27491	408	58	187	0	28144
8246	804	118	55	27046	0	28023
8247	502	27260	81	482	0	28325
8248	210	428	57	27461	0	28156
8249	168	422	27078	509	0	28177
8250	26298	106	394	503	0	27301
8251	453	26723	434	206	0	27816
8252	26596	414	105	151	0	27266
8253	515	393	71	26349	0	27328
8254	26813	116	89	494	0	27512
8255	555	97	26937	461	0	28050
8256	27465	87	420	209	0	28181
8257	27612	72	413	159	0	28256
8258	912	82	27460	190	0	28644
8259	620	72	447	27175	0	28314
8260	327	65	457	27399	0	28248
8261	26858	69	142	909	0	27978
8262	572	26765	158	597	0	28092
8263	512	522	144	26368	0	27546
8264	250	452	26201	586	0	27489
8265	223	163	26050	557	0	26993
8266	216	25520	784	273	0	26793
8267	264	489	25494	250	0	26497
8268	24399	472	547	241	0	25659
8269	539	163	458	23972	0	25132
8270	24721	101	193	504	0	25519
8271	526	132	24458	497	0	25613
8272	490	127	466	24333	0	25416
8273	288	115	423	24651	0	25477
8274	218	150	24015	805	0	25188
8275	240	124	439	24213	0	25016
8276	23866	119	431	582	0	24998
8277	24121	96	173	538	0	24928
8278	871	91	119	23823	0	24904
8279	23978	100	127	541	0	24746
8280	23837	82	93	558	0	24570
8281	887	23333	132	260	0	24612
8282	642	391	93	23473	0	24599
8283	23616	383	107	542	0	24648
8284	606	128	115	23745	0	24594
8285	23423	116	97	561	0	24197
8286	612	110	102	23166	0	23990
8287	567	116	23128	599	0	24410
8288	306	22975	458	551	0	24290
8289	332	449	418	19556	0	20755
8290	262	22769	215	446	0	23692
8291	22205	448	156	462	0	23271
8292	512	22009	185	243	0	22949
8293	494	21677	179	211	0	22561
8294	272	756	141	20998	0	22167
8295	20966	469	147	513	0	22095
8296	516	179	111	21007	0	21813
8297	20959	153	105	562	0	21779
8298	20737	165	103	503	0	21508
8299	758	20659	156	273	0	21846
8300	21133	406	147	206	0	21892
8301	20817	391	129	210	0	21547
8302	20997	143	132	180	0	21452
8303	891	132	19957	177	0	21157
8304	652	117	370	19703	0	20842
8305	361	87	385	20095	0	20928
8306	298	104	19731	746	0	20879
8307	19672	71	383	571	0	20697
8308	20122	57	421	251	0	20851
8309	20022	84	155	241	0	20502
8310	19448	62	116	239	0	19865
8311	830	18705	143	242	0	19920
8312	18640	318	84	191	0	19233
8313	643	342	77	18113	0	19175
8314	588	134	16935	410	0	18067
8315	16542	93	282	368	0	17285
8316	478	16643	314	209	0	17644
8317	15883	307	102	147	0	16439
8318	455	15725	94	164	0	16438
8319	405	14964	92	133	0	15594
8320	236	14782	95	143	0	15256
8321	251	14249	181	205	0	14886
8322	282	593	10777	305	0	11957
8323	264	802	335	8303	0	9704
8324	86	77	7350	149	0	7662
8325	5748	54	98	67	0	5967
8326	89	5874	67	46	0	6076
8327	73	5870	22	35	0	6000
8328	39	122	21	5686	0	5868
8329	46	72	16	5737	0	5871
8330	42	45	5649	124	0	5860
8331	29	40	5660	75	0	5804
8332	40	23	108	5609	0	5780
8333	38	17	5652	93	0	5800
8334	48	5582	89	63	0	5782
8335	54	84	64	5454	0	5656
8336	53	58	14	5892	0	6017
8337	48	30	5797	120	0	5995
8338	46	18	73	5692	0	5829
8339	5749	11	57	93	0	5910
8340	93	8	33	5703	0	5837
8341	74	11	26	5632	0	5743
8342	28	18	5574	153	0	5773
8343	5297	16	77	88	0	5478
8344	105	5587	68	28	0	5788
8345	94	76	13	5563	0	5746
8346	67	63	5542	81	0	5753
8347	61	30	67	5517	0	5675
8348	5522	28	64	86	0	5700
8349	110	26	5569	71	0	5776
8350	82	30	80	5511	0	5703
8351	48	21	5648	91	0	5808
8352	39	5581	80	73	0	5773
8353	46	79	5536	27	0	5688
8354	34	5385	80	27	0	5526
8355	23	65	4701	27	0	4816
8356	33	89	67	4072	0	4261
8357	10	4260	41	49	0	4360
8358	4098	41	6	29	0	4174
8359	39	40	4	4140	0	4223
8360	4254	8	5	48	0	4315
8361	40	9	10	4377	0	4436
8362	42	9	7	4414	0	4472
8363	4378	4	8	83	0	4473
8364	4461	7	9	39	0	4516
8365	75	13	8	4633	0	4729
8366	40	12	4732	49	0	4833
8367	13	4705	51	39	0	4808
8368	19	46	4776	11	0	4852
8369	9	4811	52	9	0	4881
8370	4694	42	48	8	0	4792
8371	46	36	4625	12	0	4719
8372	38	14	4585	13	0	4650
8373	12	4	80	4436	0	4532
8374	4504	7	42	52	0	4605
8375	47	6	4678	42	0	4773
8376	37	4864	50	9	0	4960
8377	4929	41	34	12	0	5016
8378	5009	34	9	8	0	5060
8379	5070	7	7	10	0	5094
8380	5072	5	4	13	0	5094
8381	5017	5	12	11	0	5045
8382	79	14	4980	7	0	5080
8383	33	39	46	4703	0	4821
8384	14	4850	41	42	0	4947
8385	4860	43	9	33	0	4945
8386	46	4945	16	9	0	5016
8387	4598	37	13	14	0	4662
8388	4565	26	4	9	0	4604
8389	59	4570	9	8	0	4646
8390	4640	36	8	12	0	4696
8391	39	32	8	4641	0	4720
8392	37	2	7	4700	0	4746
8393	11	12	4641	64	0	4728
8394	16	4770	31	30	0	4847
8395	13	33	31	4744	0	4821
8396	7	29	8	4803	0	4847
8397	12	3	11	4825	0	4851
8398	8	11	4679	61	0	4759
8399	4347	10	37	30	0	4424
8400	41	7	34	4733	0	4815
8401	4827	10	5	42	0	4884
8402	46	3	8	4856	0	4913
8403	34	11	5008	37	0	5090
8404	11	10	5023	37	0	5081
8405	4739	4	60	15	0	4818
8406	5025	7	32	8	0	5072
8407	59	4988	7	7	0	5061
8408	34	42	4935	9	0	5020
8409	11	33	36	4832	0	4912
8410	18	18	25	4455	0	4516
8411	5090	6	4	59	0	5159
8412	5058	3	3	36	0	5100
8413	5088	2	8	12	0	5110
8414	64	6	5042	6	0	5118
8415	5103	5	37	15	0	5160
8416	37	8	24	5174	0	5243
8417	35	2	4	5212	0	5253
8418	12	8	7	5203	0	5230
8419	12	5122	9	56	0	5199
8420	5059	34	5	28	0	5126
8421	39	31	6	5038	0	5114
8422	31	10	5083	39	0	5163
8423	11	7	35	5019	0	5072
8424	7	5095	34	41	0	5177
8425	5137	28	11	33	0	5209
8426	39	27	8	5108	0	5182
8427	41	4	6	5055	0	5106
8428	16	10	5090	62	0	5178
8429	9	8	36	5037	0	5090
8430	12	5136	35	33	0	5216
8431	16	33	2	5230	0	5281
8432	13	31	5282	40	0	5366
8433	4815	3	32	30	0	4880
8434	5172	4	25	20	0	5221
8435	63	5305	11	10	0	5389
8436	5079	23	13	9	0	5124
8437	5192	21	6	8	0	5227
8438	54	5196	8	13	0	5271
8439	26	42	5	5201	0	5274
8440	5297	26	17	42	0	5382
8441	35	5474	6	26	0	5541
8442	26	38	5565	8	0	5637
8443	5464	24	36	18	0	5542
8444	5811	4	28	10	0	5853
8445	5871	7	1	8	0	5887
8446	5855	5	3	15	0	5878
8447	63	5988	8	9	0	6068
8448	6043	38	5	10	0	6096
8449	6124	24	3	13	0	6164
8450	6229	6	3	11	0	6249
8451	65	12	2	6278	0	6357
8452	6290	5	4	46	0	6345
8453	41	6627	3	34	0	6705
8454	32	54	6903	6	0	6995
8455	9	48	54	7246	0	7357
8456	7296	7	37	64	0	7404
8457	63	14	7423	42	0	7542
8458	48	12	57	7404	0	7521
8459	10	12	7463	59	0	7544
8460	12	7366	57	53	0	7488
8461	11	63	43	7223	0	7340
8462	13	47	7356	68	0	7484
8463	8	7393	58	42	0	7501
8464	33	60	41	7261	0	7395
8465	7324	43	15	79	0	7461
8466	7365	2	6	38	0	7411
8467	7406	5	4	12	0	7427
8468	7375	3	4	10	0	7392
8469	7346	3	3	8	0	7360
8470	90	11	7363	10	0	7474
8471	7336	4	56	11	0	7407
8472	7513	2	34	18	0	7567
8473	95	10	6	7492	0	7603
8474	7528	2	15	60	0	7605
8475	7332	6	4	41	0	7383
8476	90	7250	12	7	0	7359
8477	40	55	7	7287	0	7389
8478	19	33	4	7332	0	7388
8479	7257	6	6	94	0	7363
8480	54	7284	5	50	0	7393
8481	47	7388	8	6	0	7449
8482	19	90	4	7449	0	7562
8483	12	39	6	7528	0	7585
8484	10	7	10	7511	0	7538
8485	16	7	7	7564	0	7594
8486	7380	4	2	104	0	7490
8487	7326	7	6	47	0	7386
8488	101	18	7449	10	0	7578
8489	52	4	58	7377	0	7491
8490	22	7	38	7443	0	7510
8491	15	11	7392	101	0	7519
8492	6967	6	61	54	0	7088
8493	73	7346	43	10	0	7472
8494	7327	59	5	13	0	7404
8495	66	40	13	7286	0	7405
8496	51	17	7429	64	0	7561
8497	26	17	53	7524	0	7620
8498	19	15	7755	60	0	7849
8499	21	7775	60	58	0	7914
8500	7614	58	44	26	0	7742
8501	7589	40	7	14	0	7650
8502	95	7578	19	8	0	7700
8503	49	56	8	7353	0	7466
8504	7290	35	13	69	0	7407
8505	60	7317	11	44	0	7432
8506	48	59	10	7373	0	7490
8507	7393	41	10	60	0	7504
8508	63	18	7368	48	0	7497
8509	7167	8	56	30	0	7261
8510	65	7398	47	23	0	7533
8511	7404	54	9	19	0	7486
8512	7340	41	10	20	0	7411
8513	101	17	7325	13	0	7456
8514	58	9	54	7116	0	7237
8515	27	6	43	7312	0	7388
8516	23	14	7303	103	0	7443
8517	20	7	55	7194	0	7276
8518	27	8	40	7135	0	7210
8519	7345	7	10	102	0	7464
8520	7398	3	17	47	0	7465
8521	108	7	9	7331	0	7455
8522	57	13	7328	79	0	7477
8523	22	7	61	7359	0	7449
8524	25	11	43	7414	0	7493
8525	25	16	7443	102	0	7586
8526	22	11	59	7516	0	7608
8527	7427	9	42	77	0	7555
8528	7442	4	9	60	0	7515
8529	101	7438	19	21	0	7579
8530	7559	60	7	30	0	7656
8531	7474	39	9	32	0	7554
8532	109	7545	15	19	0	7688
8533	7611	63	11	23	0	7708
8534	7593	41	7	20	0	7661
8535	7720	9	6	26	0	7761
8536	109	14	7568	21	0	7712
8537	7474	8	53	23	0	7558
8538	77	8	41	7678	0	7804
8539	7719	8	11	72	0	7810
8540	74	9	7672	61	0	7816
8541	53	7536	65	18	0	7672
8542	7480	64	56	20	0	7620
8543	63	7768	14	20	0	7865
8544	56	59	13	7586	0	7714
8545	26	49	3	7725	0	7803
8546	7741	13	5	106	0	7865
8547	7615	10	10	59	0	7694
8548	102	15	7590	35	0	7742
8549	65	11	7224	25	0	7325
8550	27	10	7371	19	0	7427
8551	16	52	104	7089	0	7261
8552	24	11	7160	64	0	7259
8553	17	14	6779	44	0	6854
8554	96	206	84	6223	0	6609
8555	6371	11	60	71	0	6513
8556	6420	2	9	36	0	6467
8557	6471	1	5	11	0	6488
8558	6466	3	11	12	0	6492
8559	64	3	6	6480	0	6553
8560	31	4	7	6556	0	6598
8561	16	6	6746	55	0	6823
8562	10	2	33	6661	0	6706
8563	13	5	36	6602	0	6656
8564	6801	2	13	63	0	6879
8565	6873	3	5	40	0	6921
8566	71	5	2	6836	0	6914
8567	6982	1	6	41	0	7030
8568	7038	1	7	39	0	7085
8569	70	6	3	7132	0	7211
8570	42	1	1	7093	0	7137
8571	16	10	7010	82	0	7118
8572	12	11	6990	41	0	7054
8573	9	8	72	7029	0	7118
8574	8	5	38	7136	0	7187
8575	15	13	7111	65	0	7204
8576	6805	5	42	42	0	6894
8577	6920	2	33	17	0	6972
8578	84	6	6987	11	0	7088
8579	47	7030	40	9	0	7126
8580	7144	32	37	23	0	7236
8581	44	41	7483	10	0	7578
8582	41	22	45	7362	0	7470
8583	14	4	48	7563	0	7629
8584	7732	1	9	86	0	7828
8585	8017	0	12	56	0	8085
8586	74	9	10	8011	0	8104
8587	50	0	7	8435	0	8492
8588	8524	2	9	83	0	8618
8589	8562	2	10	55	0	8629
8590	8531	5	7	21	0	8564
8591	101	9	8611	9	0	8730
8592	55	3	50	8643	0	8751
8593	21	6	45	8806	0	8878
8594	8770	4	9	105	0	8888
8595	54	8805	28	58	0	8945
8596	9355	46	10	17	0	9428
8597	74	9459	15	25	0	9573
8598	68	70	14	9762	0	9914
8599	30	61	8	9977	0	10076
8600	28	18	9989	145	0	10180
8601	23	1	85	10045	0	10154
8602	14	15	10097	101	0	10227
8603	21	5	88	10116	0	10230
8604	29	2	74	9995	0	10100
8605	24	9795	26	155	0	10000
8606	11	10080	19	94	0	10204
8607	21	152	12	9808	0	9993
8608	29	84	12	10117	0	10242
8609	21	14	9	10285	0	10329
8610	17	4	13	10456	0	10490
8611	23	4	13	10529	0	10569
8612	26	18	10323	181	0	10548
8613	32	7	90	10312	0	10441
8614	23	10	85	10390	0	10508
8615	21	19	10130	173	0	10343
8616	15	10083	100	120	0	10318
8617	18	99	82	10121	0	10320
8618	14	82	10195	116	0	10407
8619	15	10280	108	107	0	10510
8620	24	92	76	10315	0	10507
8621	10446	79	14	124	0	10663
8622	109	16	15	10458	0	10598
8623	95	10	11	10454	0	10570
8624	33	5	16	10582	0	10636
8625	20	12	16	10382	0	10430
8626	18	10164	24	196	0	10402
8627	19	90	14	10359	0	10482
8628	10621	74	16	153	0	10864
8629	104	16	19	10826	0	10965
8630	88	12	13	10737	0	10850
8631	32	11	15	10858	0	10916
8632	10493	11	18	205	0	10727
8633	10525	16	16	129	0	10686
8634	176	12	10	10598	0	10796
8635	10407	10	18	124	0	10559
8636	10357	13	14	109	0	10493
8637	161	10395	24	66	0	10646
8638	10385	89	27	53	0	10554
8639	95	10429	23	57	0	10604
8640	76	10371	25	46	0	10518
8641	53	157	25	10401	0	10636
8642	23	103	10520	121	0	10767
8643	24	30	96	10209	0	10359
8644	23	19	76	10205	0	10323
8645	16	10184	38	168	0	10406
8646	10099	88	15	123	0	10325
8647	98	70	17	10152	0	10337
8648	69	47	10710	130	0	10956
8649	30	28	83	10603	0	10744
8650	17	10948	73	131	0	11169
8651	11010	88	18	113	0	11229
8652	99	75	18	11033	0	11225
8653	68	33	11164	149	0	11414
8654	30	31	79	11019	0	11159
8655	20	10850	85	127	0	11082
8656	30	85	18	10992	0	11125
8657	11249	70	14	158	0	11491
8658	11485	19	20	118	0	11642
8659	11603	23	17	82	0	11725
8660	156	11670	33	121	0	11980
8661	11840	94	19	60	0	12013
8662	117	98	19	11905	0	12139
8663	11889	23	12	156	0	12080
8664	121	11980	32	132	0	12265
8665	95	122	18	11987	0	12222
8666	24	104	12162	145	0	12435
8667	11234	27	109	141	0	11511
8668	105	12218	94	52	0	12469
8669	97	115	17	12160	0	12389
8670	29	77	14	12382	0	12502
8671	36	24	14	12272	0	12346
8672	28	17	17	11991	0	12053
8673	16	12055	20	218	0	12309
8674	12092	98	13	135	0	12338
8675	12123	85	13	64	0	12285
8676	166	43	12373	53	0	12635
8677	105	17	100	12369	0	12591
8678	40	37	12463	119	0	12659
8679	12099	22	96	130	0	12347
8680	12287	18	79	59	0	12443
8681	12031	20	16	56	0	12123
8682	188	23	11	11662	0	11884
8683	105	11712	22	121	0	11960
8684	11772	103	10	114	0	11999
8685	119	79	13	11641	0	11852
8686	11705	35	14	143	0	11897
8687	128	34	11339	99	0	11600
8688	84	47	11047	47	0	11225
8689	11267	15	134	42	0	11458
8690	124	27	69	11334	0	11554
8691	11278	10	33	125	0	11446
8692	107	11331	24	88	0	11550
8693	11361	95	17	50	0	11523
8694	11444	75	17	47	0	11583
8695	162	42	11478	30	0	11712
8696	64	33	10859	16	0	10972
8697	26	10907	117	21	0	11071
8698	102	95	110	10514	0	10821
8699	10597	43	50	83	0	10773
8700	68	10	6	10581	0	10665
8701	53	9	10	10825	0	10897
8702	26	29	10624	97	0	10776
8703	10275	9	50	63	0	10397
8704	72	12	41	10921	0	11046
8705	55	34	10860	67	0	11016
8706	32	28	10696	48	0	10804
8707	23	58	90	10841	0	11012
8708	34	35	10974	61	0	11104
8709	31	32	10890	50	0	11003
8710	42	17	85	9810	0	9954
8711	23	39	11060	55	0	11177
8712	20	15	48	10802	0	10885
8713	19	10875	57	52	0	11003
8714	11249	50	15	56	0	11370
8715	59	11532	24	31	0	11646
8716	48	54	17	11422	0	11541
8717	17	11781	29	68	0	11895
8718	26	75	11963	65	0	12129
8719	29	46	66	13208	0	13349
8720	22	45	15595	156	0	15818
8721	15650	15	222	121	0	16008
8722	228	17169	161	27	0	17585
8723	17512	221	41	34	0	17808
8724	268	182	30	17233	0	17713
8725	17470	50	38	255	0	17813
8726	300	45	17483	186	0	18014
8727	205	17609	259	73	0	18146
8728	17441	241	183	27	0	17892
8729	280	180	55	16630	0	17145
8730	197	17478	46	230	0	17951
8731	77	260	27	17688	0	18052
8732	17914	192	19	301	0	18426
8733	274	19218	40	206	0	19738
8734	19481	307	28	80	0	19896
8735	355	246	19172	51	0	19824
8736	19040	63	317	39	0	19459
8737	384	37	228	19183	0	19832
8738	19180	29	62	328	0	19599
8739	369	19114	45	237	0	19765
8740	248	305	43	19140	0	19736
8741	114	221	20	19431	0	19786
8742	55	87	18754	528	0	19424
8743	67	36	319	18724	0	19146
8744	60	28	223	19156	0	19467
8745	53	23	59	19326	0	19461
8746	51	26	49	19371	0	19497
8747	46	57	18949	585	0	19637
8748	46	18213	342	338	0	18939
8749	46	305	237	18339	0	18927
8750	18138	228	71	368	0	18805
8751	18245	65	37	282	0	18629
8752	523	18276	65	105	0	18969
8753	18301	342	35	76	0	18754
8754	18287	223	40	86	0	18636
8755	18294	74	45	67	0	18480
8756	594	17779	61	51	0	18485
8757	17637	334	24	55	0	18050
8758	409	277	41	17061	0	17788
8759	297	94	16969	350	0	17710
8760	106	16813	312	255	0	17486
8761	114	345	249	16639	0	17347
8762	58	234	16513	350	0	17155
8763	16066	74	306	246	0	16692
8764	327	40	222	16466	0	17055
8765	243	50	62	16624	0	16979
8766	112	35	46	16582	0	16775
8767	84	34	39	16621	0	16778
8768	72	64	15856	576	0	16568
8769	14525	33	293	342	0	15193
8770	325	15742	247	138	0	16452
8771	15917	313	76	97	0	16403
8772	362	15930	76	98	0	16466
8773	16046	346	51	82	0	16525
8774	397	238	24	15831	0	16490
8775	254	100	15837	373	0	16564
8776	138	63	15870	253	0	16324
8777	65	61	492	15662	0	16280
8778	89	37	253	15820	0	16199
8779	79	50	84	16085	0	16298
8780	15532	35	49	568	0	16184
8781	325	48	15639	342	0	16354
8782	263	176	329	14665	0	15433
8783	103	15601	243	328	0	16275
8784	15436	305	69	276	0	16086
8785	351	242	15434	116	0	16143
8786	261	15212	326	103	0	15902
8787	124	312	15436	100	0	15972
8788	109	218	356	15281	0	15964
8789	94	97	15342	377	0	15910
8790	82	94	15418	266	0	15860
8791	103	52	504	15215	0	15874
8792	71	74	15421	366	0	15932
8793	65	63	15469	287	0	15884
8794	84	45	523	14883	0	15535
8795	14835	46	278	383	0	15542
8796	329	66	14836	306	0	15537
8797	260	44	340	14579	0	15223
8798	136	46	237	14852	0	15271
8799	14620	33	99	542	0	15294
8800	352	43	74	14823	0	15292
8801	14601	41	55	404	0	15101
8802	370	14384	76	312	0	15142
8803	293	299	53	14578	0	15223
8804	14579	217	53	370	0	15219
8805	14753	73	49	300	0	15175
8806	550	61	58	14516	0	15185
8807	303	55	14420	367	0	15145
8808	13830	58	306	291	0	14485
8809	347	14293	247	136	0	15023
8810	14290	298	103	106	0	14797
8811	14268	211	75	105	0	14659
8812	14363	77	63	106	0	14609
8813	557	50	13941	104	0	14652
8814	293	13837	341	83	0	14554
8815	155	382	221	13500	0	14258
8816	115	307	122	13683	0	14227
8817	95	84	13367	495	0	14041
8818	76	12635	310	309	0	13330
8819	65	11219	187	109	0	11580
8820	43	9253	62	41	0	9399
8821	7871	240	369	73	0	8553
8822	162	73	37	7453	0	7725
8823	90	21	28	7409	0	7548
8824	31	33	7397	162	0	7623
8825	7005	26	95	81	0	7207
8826	111	19	63	7308	0	7501
8827	87	66	22	7359	0	7534
8828	34	17	7339	159	0	7549
8829	29	7296	105	83	0	7513
8830	36	173	68	7171	0	7448
8831	23	63	7183	111	0	7380
8832	15	6572	66	75	0	6728
8833	5525	26	48	21	0	5620
8834	28	22	5690	13	0	5753
8835	24	24	24	5330	0	5402
8836	6	5534	22	23	0	5585
8837	5573	22	17	11	0	5623
8838	28	21	4	5588	0	5641
8839	5627	2	5	25	0	5659
8840	5618	6	4	17	0	5645
8841	31	5686	9	13	0	5739
8842	5814	24	4	11	0	5853
8843	6037	15	1	10	0	6063
8844	30	7	6109	12	0	6158
8845	5952	6	22	7	0	5987
8846	35	7	6098	4	0	6144
8847	5857	4	18	7	0	5886
8848	5967	3	11	9	0	5990
8849	32	12	6147	5	0	6196
8850	16	3	21	6061	0	6101
8851	8	7	6293	22	0	6330
8852	12	14	5971	8	0	6005
8853	8	6	6393	7	0	6414
8854	13	16	34	6253	0	6316
8855	6	1	8	6848	0	6863
8856	5	3	4	6886	0	6898
8857	1	4	5	7097	0	7107
8858	5	11	7178	48	0	7242
8859	6	8	37	6922	0	6973
8860	7	6783	24	55	0	6869
8861	9	37	7689	32	0	7767
8862	9	30	41	7715	0	7795
8863	8	15	8014	44	0	8081
8864	7	8012	55	39	0	8113
8865	6	8142	43	13	0	8204
8866	10	82	9	8121	0	8222
8867	5	42	8185	53	0	8285
8868	8	22	8253	46	0	8329
8869	3	13	93	8206	0	8315
8870	10	4	39	8336	0	8389
8871	3	5	12	8433	0	8453
8872	5	6	8390	90	0	8491
8873	4	8322	51	46	0	8423
8874	5	8592	44	13	0	8654
8875	6	93	7	8569	0	8675
8876	5	45	8496	56	0	8602
8877	8	11	8534	60	0	8613
8878	2	8830	95	10	0	8937
8879	8906	56	53	15	0	9030
8880	52	9108	14	16	0	9190
8881	42	63	9355	17	0	9477
8882	9289	46	68	15	0	9418
8883	72	11	58	9676	0	9817
8884	9987	7	12	88	0	10094
8885	80	7	10	10120	0	10217
8886	62	10	8	10229	0	10309
8887	10236	7	12	140	0	10395
8888	84	10572	16	81	0	10753
8889	63	91	10586	23	0	10763
8890	11	10796	88	14	0	10909
8891	10633	90	67	18	0	10808
8892	82	10666	22	19	0	10789
8893	10670	88	15	19	0	10792
8894	10626	71	13	13	0	10723
8895	157	10717	16	14	0	10904
8896	72	89	10	10547	0	10718
8897	10572	66	8	97	0	10743
8898	10646	17	9	82	0	10754
8899	160	19	13	10510	0	10702
8900	77	13	10434	101	0	10625
8901	16	23	10506	77	0	10622
8902	22	12	164	10535	0	10733
8903	15	21	10541	105	0	10682
8904	10038	11	97	92	0	10238
8905	93	10401	80	27	0	10601
8906	73	101	13	10502	0	10689
8907	24	72	21	10537	0	10654
8908	17	17	8	10612	0	10654
8909	21	13	14	10517	0	10565
8910	14	9	13	10586	0	10622
8911	15	23	10427	172	0	10637
8912	15	10413	106	93	0	10627
8913	10442	102	72	29	0	10645
8914	103	72	20	10363	0	10558
8915	84	23	19	10443	0	10569
8916	19	16	17	10492	0	10544
8917	24	10441	20	179	0	10664
8918	23	103	17	10641	0	10784
8919	19	76	15	10720	0	10830
8920	10486	21	10	189	0	10706
8921	102	10318	24	101	0	10545
8922	86	10391	23	51	0	10551
8923	24	175	16	10391	0	10606
8924	10306	82	22	119	0	10529
8925	105	35	10457	97	0	10694
8926	9930	18	110	50	0	10108
8927	113	26	10723	26	0	10888
8928	97	23	100	10559	0	10779
8929	29	21	84	10752	0	10886
8930	26	23	16	10719	0	10784
8931	32	9	15	10694	0	10750
8932	30	16	13	10647	0	10706
8933	10409	16	16	195	0	10636
8934	106	21	10354	117	0	10598
8935	95	17	98	10495	0	10705
8936	28	18	10827	123	0	10996
8937	23	10771	116	104	0	11014
8938	10622	104	92	36	0	10854
8939	104	89	11020	48	0	11261
8940	100	19	105	11143	0	11367
8941	35	17	83	11468	0	11603
8942	28	24	11329	206	0	11587
8943	13	32	11286	126	0	11457
8944	29	14	185	10736	0	10964
8945	11255	16	97	142	0	11510
8946	11279	16	20	119	0	11434
8947	191	11238	33	47	0	11509
8948	11462	106	13	38	0	11619
8949	129	92	16	10997	0	11234
8950	95	11457	31	125	0	11708
8951	42	101	16	11478	0	11637
8952	25	111	11529	143	0	11808
8953	37	17	102	11218	0	11374
8954	42	18	101	11368	0	11529
8955	10895	25	16	196	0	11132
8956	108	10899	35	134	0	11176
8957	10721	90	15	46	0	10872
8958	99	10735	27	42	0	10903
8959	10215	88	20	25	0	10348
8960	97	10222	25	28	0	10372
8961	91	10002	16	33	0	10142
8962	9845	135	63	33	0	10076
8963	94	91	34	9420	0	9639
8964	72	9622	23	95	0	9812
8965	9714	77	34	88	0	9913
8966	9750	60	11	43	0	9864
8967	9894	12	15	43	0	9964
8968	9745	13	12	36	0	9806
8969	127	9808	17	42	0	9994
8970	78	75	14	9846	0	10013
8971	30	67	19	9992	0	10108
8972	10024	13	19	148	0	10204
8973	85	17	18	9981	0	10101
8974	9844	19	12	95	0	9970
8975	83	26	9671	84	0	9864
8976	9416	14	68	47	0	9545
8977	83	18	9771	36	0	9908
8978	79	67	71	9503	0	9720
8979	9495	15	73	91	0	9674
8980	77	9447	36	79	0	9639
8981	9029	54	18	30	0	9131
8982	66	9119	13	26	0	9224
8983	74	85	8	9319	0	9486
8984	25	69	9077	53	0	9224
8985	8212	37	65	60	0	8374
8986	51	8911	46	11	0	9019
8987	56	73	6	8684	0	8819
8988	13	39	4	8527	0	8583
8989	13	12	4	8548	0	8577
8990	10	18	8507	78	0	8613
8991	12	8462	37	55	0	8566
8992	8415	35	38	18	0	8506
8993	8402	40	7	16	0	8465
8994	81	8419	17	3	0	8520
8995	8710	37	4	25	0	8776
8996	53	42	3	8674	0	8772
8997	43	8736	13	43	0	8835
8998	8755	37	3	53	0	8848
8999	40	51	8730	25	0	8846
9000	48	8870	40	22	0	8980
9001	27	44	41	8896	0	9008
9002	16	41	4	8993	0	9054
9003	20	16	8855	71	0	8962
9004	15	12	39	8690	0	8756
9005	15	12	8872	43	0	8942
9006	19	9	37	8790	0	8855
9007	16	10	34	8864	0	8924
9008	19	14	2	8896	0	8931
9009	12	8	4	8989	0	9013
9010	11	15	8904	81	0	9011
9011	18	21	9129	51	0	9219
9012	16	9870	78	23	0	9987
9013	24	57	47	10439	0	10567
9014	22	75	11012	64	0	11173
9015	13	11036	77	84	0	11210
9016	21	84	75	11451	0	11631
9017	15	98	12033	89	0	12235
9018	11292	18	94	99	0	11503
9019	12628	11	85	19	0	12743
9020	185	9	7	12624	0	12825
9021	112	25	12657	102	0	12896
9022	22	7	99	12619	0	12747
9023	12603	9	91	123	0	12826
9024	113	12900	28	108	0	13149
9025	13106	109	12	25	0	13252
9026	13205	94	10	26	0	13335
9027	210	17	9	12894	0	13130
9028	109	7	12	13037	0	13165
9029	23	7	14	13050	0	13094
9030	22	9	12	13052	0	13095
9031	20	14	14	13018	0	13066
9032	12795	13	15	222	0	13045
9033	12930	8	16	115	0	13069
9034	12922	10	14	42	0	12988
9035	203	18	12495	30	0	12746
9036	12265	13	107	28	0	12413
9037	125	33	92	12352	0	12602
9038	103	26	12405	128	0	12662
9039	19	12238	123	121	0	12501
9040	32	154	107	11946	0	12239
9041	23	94	18	11923	0	12058
9042	22	12057	32	194	0	12305
9043	37	106	15	12404	0	12562
9044	29	107	12281	131	0	12548
9045	24	30	12535	122	0	12711
9046	26	17	214	12503	0	12760
9047	12501	10	115	146	0	12772
9048	12439	10	28	142	0	12619
9049	232	25	12516	40	0	12813
9050	141	11936	128	36	0	12241
9051	45	12222	125	36	0	12428
9052	11787	203	30	47	0	12067
9053	134	122	11977	50	0	12283
9054	120	24	121	11825	0	12090
9055	11839	12	111	149	0	12111
9056	139	11775	37	148	0	12099
9057	129	11976	32	53	0	12190
9058	11830	200	14	41	0	12085
9059	147	108	15	11946	0	12216
9060	12535	22	18	151	0	12726
9061	177	18	16	13778	0	13989
9062	157	13	19	14093	0	14282
9063	59	27	14188	316	0	14590
9064	50	27	157	14809	0	15043
9065	46	16	137	14948	0	15147
9066	15004	17	45	342	0	15408
9067	196	23	20	15388	0	15627
9068	174	41	15428	256	0	15899
9069	15331	19	204	208	0	15762
9070	215	23	174	15621	0	16033
9071	15732	17	49	248	0	16046
9072	248	15317	49	203	0	15817
9073	196	15717	47	90	0	16050
9074	15601	335	46	69	0	16051
9075	15654	194	46	64	0	15958
9076	382	51	35	15496	0	15964
9077	236	48	15362	236	0	15882
9078	87	36	206	15577	0	15906
9079	15281	41	180	259	0	15761
9080	236	15304	69	200	0	15809
9081	228	211	28	15122	0	15589
9082	15162	188	38	244	0	15632
9083	235	63	14888	212	0	15398
9084	14912	34	204	107	0	15257
9085	14483	33	187	76	0	14779
9086	371	42	14910	96	0	15419
9087	235	51	15091	82	0	15459
9088	104	40	362	14573	0	15079
9089	78	31	211	14574	0	14894
9090	80	15184	67	378	0	15709
9091	90	206	40	15377	0	15713
9092	85	209	15417	275	0	15986
9093	73	52	234	15673	0	16032
9094	95	34	203	16250	0	16582
9095	82	41	15715	447	0	16285
9096	74	15653	239	301	0	16267
9097	71	226	204	15758	0	16259
9098	87	191	72	15982	0	16332
9099	15809	44	43	446	0	16342
9100	271	42	50	15736	0	16099
9101	231	53	15542	303	0	16129
9102	15343	42	235	261	0	15881
9103	15631	40	204	120	0	15995
9104	15780	42	65	96	0	15983
9105	459	58	15262	80	0	15859
9106	271	41	233	15182	0	15727
9107	113	34	220	15404	0	15771
9108	101	32	81	15527	0	15741
9109	15023	34	56	456	0	15569
9110	277	15023	56	294	0	15650
9111	245	227	14503	106	0	15081
9112	92	14275	236	103	0	14706
9113	60	13618	183	91	0	13952
9114	65	13285	77	96	0	13523
9115	201	439	125	12627	0	13392
9116	77	173	12513	232	0	12995
9117	11212	81	184	193	0	11670
9118	162	11878	159	106	0	12305
9119	11379	149	50	71	0	11649
9120	153	11725	44	67	0	11989
9121	11806	158	44	86	0	12094
9122	182	11941	55	69	0	12247
9123	182	174	12001	63	0	12420
9124	92	159	152	11835	0	12238
9125	62	55	153	12241	0	12511
9126	12213	35	62	288	0	12598
9127	174	35	33	12859	0	13101
9128	159	61	12832	223	0	13275
9129	85	35	175	13082	0	13377
9130	60	53	13088	243	0	13444
9131	77	12937	205	210	0	13429
9132	80	174	179	12024	0	12457
9133	58	13157	90	192	0	13497
9134	13089	206	52	156	0	13503
9135	190	175	52	13068	0	13485
9136	190	64	13047	216	0	13517
9137	75	61	12995	204	0	13335
9138	12741	40	319	88	0	13188
9139	197	56	180	12773	0	13206
9140	189	48	12751	202	0	13190
9141	80	56	12500	191	0	12827
9142	46	12533	322	83	0	12984
9143	65	233	195	11301	0	11794
9144	41	12295	93	176	0	12605
9145	43	179	43	12038	0	12303
9146	12112	141	50	214	0	12517
9147	176	64	55	12205	0	12500
9148	149	41	43	12349	0	12582
9149	12365	40	49	320	0	12774
9150	182	45	47	12959	0	13233
9151	174	36	40	12742	0	12992
9152	60	13182	61	325	0	13628
9153	13172	187	44	215	0	13618
9154	13367	167	39	98	0	13671
9155	334	54	33	13280	0	13701
9156	208	32	46	13306	0	13592
9157	76	50	48	13176	0	13350
9158	59	12731	60	365	0	13215
9159	63	13062	54	215	0	13394
9160	102	312	49	12375	0	12838
9161	10986	117	35	165	0	11303
9162	10678	32	36	137	0	10883
9163	223	10394	39	73	0	10729
9164	9684	125	34	38	0	9881
9165	127	9659	27	52	0	9865
9166	99	9444	30	38	0	9611
9167	155	273	75	8886	0	9389
9168	8707	93	67	125	0	8992
9169	95	8537	31	110	0	8773
9170	92	8602	20	35	0	8749
9171	33	156	16	8472	0	8677
9172	20	90	10	8587	0	8707
9173	15	35	8500	168	0	8718
9174	8307	19	90	94	0	8510
9175	8344	27	81	35	0	8487
9176	170	28	8520	37	0	8755
9177	89	30	8564	46	0	8729
9178	36	19	151	8596	0	8802
9179	29	28	82	8778	0	8917
9180	15	8762	28	186	0	8991
9181	22	103	21	8905	0	9051
9182	25	94	8860	135	0	9114
9183	40	27	101	8802	0	8970
9184	27	20	84	8835	0	8966
9185	8690	17	24	203	0	8934
9186	113	33	8590	117	0	8853
9187	8393	26	110	48	0	8577
9188	111	32	8484	57	0	8684
9189	105	25	112	8187	0	8429
9190	25	34	8229	124	0	8412
9191	38	36	8157	106	0	8337
9192	35	56	160	7908	0	8159
9193	7626	52	183	144	0	8005
9194	7303	26	28	107	0	7464
9195	157	7402	38	44	0	7641
9196	7363	102	43	50	0	7558
9197	7246	88	22	44	0	7400
9198	155	7258	35	55	0	7503
9199	101	105	28	7292	0	7526
9200	34	77	32	7406	0	7549
9201	36	33	26	7435	0	7530
9202	32	19	27	7489	0	7567
9203	33	27	7285	188	0	7533
9204	7000	20	102	110	0	7232
9205	101	25	91	7317	0	7534
9206	95	18	30	7269	0	7412
9207	29	7342	31	180	0	7582
9208	39	102	13	7459	0	7613
9209	24	97	7441	134	0	7696
9210	6909	24	98	122	0	7153
9211	118	34	7457	47	0	7656
9212	90	42	101	7188	0	7421
9213	7209	15	74	137	0	7435
9214	111	7347	16	114	0	7588
9215	104	101	14	7584	0	7803
9216	35	88	7620	126	0	7869
9217	41	28	102	7696	0	7867
9218	7503	26	82	130	0	7741
9219	119	25	7527	112	0	7783
9220	90	20	7331	50	0	7491
9221	37	7201	177	39	0	7454
9222	6944	109	83	35	0	7171
9223	115	6872	18	40	0	7045
9224	91	108	6631	21	0	6851
9225	29	74	6340	22	0	6465
9226	29	6184	144	31	0	6388
9227	5460	77	80	16	0	5633
9228	68	5440	32	9	0	5549
9229	45	67	11	5289	0	5412
9230	7	43	13	5382	0	5445
9231	5	8	5341	115	0	5469
9232	17	6	67	5319	0	5409
9233	15	9	5405	74	0	5503
9234	5251	11	73	56	0	5391
9235	5379	7	44	14	0	5444
9236	5415	7	11	12	0	5445
9237	110	9	5284	16	0	5419
9238	5277	5	76	11	0	5369
9239	77	6	51	5062	0	5196
9240	52	5253	14	69	0	5388
9241	5276	58	14	50	0	5398
9242	70	48	5179	16	0	5313
9243	5117	7	65	18	0	5207
9244	5086	6	48	15	0	5155
9245	100	9	5021	17	0	5147
9246	50	5004	63	13	0	5130
9247	10	84	56	4933	0	5083
9248	4	41	4948	65	0	5058
9249	17	11	4701	41	0	4770
9250	30	111	84	4040	0	4265
9251	20	10	4006	35	0	4071
9252	9	7	36	3824	0	3876
9253	9	6	27	3756	0	3798
9254	8	4	9	3843	0	3864
9255	5	7	3811	61	0	3884
9256	6	3	37	3836	0	3882
9257	6	12	3856	42	0	3916
9258	5	3	38	3883	0	3929
9259	3931	4	29	41	0	4005
9260	38	4	9	3962	0	4013
9261	26	4089	9	37	0	4161
9262	12	36	5	4233	0	4286
9263	4373	25	6	46	0	4450
9264	38	4416	14	30	0	4498
9265	30	39	4	4387	0	4460
9266	4408	25	6	44	0	4483
9267	42	7	4455	28	0	4532
9268	30	8	39	4437	0	4514
9269	8	9	4515	44	0	4576
9270	5	6	4463	35	0	4509
9271	11	11	72	4377	0	4471
9272	4420	3	31	45	0	4499
9273	45	8	4359	27	0	4439
9274	4314	3	43	6	0	4366
9275	44	10	36	4403	0	4493
9276	30	6	4457	40	0	4533
9277	8	8	4353	29	0	4398
9278	10	7	4346	8	0	4371
9279	9	47	65	4066	0	4187
9280	4130	5	63	32	0	4230
9281	40	4136	6	22	0	4204
9282	23	33	6	4030	0	4092
9283	15	19	4	4078	0	4116
9284	4064	5	8	50	0	4127
9285	4089	1	12	24	0	4126
9286	41	4069	18	12	0	4140
9287	4102	29	7	11	0	4149
9288	4098	14	7	7	0	4126
9289	44	8	9	4059	0	4120
9290	20	5	4073	40	0	4138
9291	4025	5	37	21	0	4088
9292	36	1	20	4147	0	4204
9293	17	6	8	4155	0	4186
9294	4129	5	5	49	0	4188
9295	41	4	9	3976	0	4030
9296	22	2	6	3983	0	4013
9297	3939	1	9	47	0	3996
9298	32	4059	9	22	0	4122
9299	4024	24	6	11	0	4065
9300	30	16	4087	9	0	4142
9301	4041	5	32	10	0	4088
9302	37	0	15	4069	0	4121
9303	21	4171	11	34	0	4237
9304	12	25	4	4219	0	4260
9305	7	14	8	4235	0	4264
9306	6	6	6	4245	0	4263
9307	4195	1	7	45	0	4248
9308	27	4113	9	20	0	4169
9309	13	4115	11	9	0	4148
9310	4069	28	8	9	0	4114
9311	23	15	4245	8	0	4291
9312	9	3	4132	11	0	4155
9313	3957	17	42	12	0	4028
9314	23	11	4133	17	0	4184
9315	7	5	11	3917	0	3940
9316	10	3	7	3862	0	3882
9317	8	2	3	4010	0	4023
9318	3	3	5	4004	0	4015
9319	6	4016	5	27	0	4054
9320	9	15	2	4088	0	4114
9321	5	14	4070	21	0	4110
9322	0	5	15	4052	0	4072
9323	7	10	3997	21	0	4035
9324	4	4	3979	21	0	4008
9325	6	5	18	4029	0	4058
9326	5	8	4057	24	0	4094
9327	10	6	18	4018	0	4052
9328	4075	4	10	30	0	4119
9329	25	7	4144	12	0	4188
9330	4005	4	22	7	0	4038
9331	22	4	18	4100	0	4144
9332	15	5	4127	22	0	4169
9333	10	4105	22	18	0	4155
9334	2	18	15	4233	0	4268
9335	8	18	4382	24	0	4432
9336	5	5	18	4385	0	4413
9337	4463	4	12	29	0	4508
9338	4504	3	6	28	0	4541
9339	4604	5	7	13	0	4629
9340	33	4	5	4632	0	4674
9341	21	4	6	4663	0	4694
9342	10	4	6	4749	0	4769
9343	4871	5	11	42	0	4929
9344	31	5021	10	25	0	5087
9345	28	29	5	5039	0	5101
9346	14	13	10	5108	0	5145
9347	5061	6	7	59	0	5133
9348	44	5189	7	29	0	5269
9349	22	37	5	5435	0	5499
9350	5544	20	8	47	0	5619
9351	5524	12	7	31	0	5574
9352	83	1	11	5497	0	5592
9353	5532	5	9	60	0	5606
9354	69	2	5	5537	0	5613
9355	37	11	5593	58	0	5699
9356	18	3	47	5611	0	5679
9357	15	1	28	5685	0	5729
9358	14	3	10	5724	0	5751
9359	5521	3	3	93	0	5620
9360	50	5526	7	52	0	5635
9361	5373	50	3	23	0	5449
9362	51	5325	6	14	0	5396
9363	37	5306	10	11	0	5364
9364	5276	76	6	16	0	5374
9365	47	5392	10	10	0	5459
9366	30	52	7	5373	0	5462
9367	5372	29	6	54	0	5461
9368	5410	10	4	36	0	5460
9369	83	1	3	5397	0	5484
9370	42	2	1	5338	0	5383
9371	20	5402	12	78	0	5512
9372	5471	50	5	48	0	5574
9373	5390	31	4	26	0	5451
9374	69	5690	8	26	0	5793
9375	37	5742	9	13	0	5801
9376	24	85	2	5726	0	5837
9377	5741	38	3	67	0	5849
9378	61	13	1	5735	0	5810
9379	56	4	6	5797	0	5863
9380	17	11	5696	100	0	5824
9381	20	13	5758	55	0	5846
9382	14	10	87	5744	0	5855
9383	14	14	5768	72	0	5868
9384	13	5752	69	43	0	5877
9385	13	59	38	5741	0	5851
9386	14	38	9	5849	0	5910
9387	16	16	2	5913	0	5947
9388	11	14	5839	109	0	5973
9389	11	21	5735	57	0	5824
9390	5554	7	89	30	0	5680
9391	63	5833	50	20	0	5966
9392	5819	60	15	11	0	5905
9393	80	45	6	5769	0	5900
9394	5920	22	2	76	0	6020
9395	78	9	7	5833	0	5927
9396	45	5963	3	72	0	6083
9397	6011	60	2	54	0	6127
9398	76	41	5857	26	0	6000
9399	43	5875	60	21	0	5999
9400	5818	68	46	17	0	5949
9401	74	43	15	5699	0	5831
9402	49	5660	7	65	0	5781
9403	18	64	5	5782	0	5869
9404	5751	39	2	87	0	5879
9405	65	15	5	5791	0	5876
9406	5775	5	12	81	0	5873
9407	71	18	5718	56	0	5863
9408	48	11	67	5727	0	5853
9409	5675	13	40	73	0	5801
9410	77	12	5696	53	0	5838
9411	41	5499	66	30	0	5636
9412	32	65	38	5409	0	5544
9413	17	44	5420	74	0	5555
9414	18	21	5342	53	0	5434
9415	12	41	95	5335	0	5483
9416	14	19	5353	77	0	5463
9417	17	13	5328	51	0	5409
9418	19	15	94	5152	0	5280
9419	5273	7	44	80	0	5404
9420	71	9	12	5289	0	5381
9421	47	16	6	5389	0	5458
9422	23	12	5463	109	0	5607
9423	30	11	61	5586	0	5688
9424	5659	15	38	86	0	5798
9425	77	15	5671	58	0	5821
9426	48	5686	76	21	0	5831
9427	18	70	39	5750	0	5877
9428	5724	38	15	75	0	5852
9429	78	15	15	5684	0	5792
9430	41	5684	9	87	0	5821
9431	25	63	5795	50	0	5933
9432	10	42	66	5948	0	6066
9433	6180	16	41	83	0	6320
9434	80	13	6109	54	0	6256
9435	59	8	76	6210	0	6353
9436	6468	12	49	85	0	6614
9437	6794	8	16	67	0	6885
9438	135	6969	24	24	0	7152
9439	6974	91	14	24	0	7103
9440	114	60	9	6995	0	7178
9441	62	18	7158	106	0	7344
9442	16	7049	100	64	0	7229
9443	19	7115	71	24	0	7229
9444	26	172	40	6807	0	7045
9445	22	75	20	6919	0	7036
9446	14	18	6753	137	0	6922
9447	13	6738	88	66	0	6905
9448	8	6653	63	14	0	6738
9449	27	140	23	6303	0	6493
9450	6195	46	17	79	0	6337
9451	69	6269	10	55	0	6403
9452	54	67	5	6345	0	6471
9453	6477	44	11	86	0	6618
9454	71	7	4	6551	0	6633
9455	53	8	6	6483	0	6550
9456	15	9	9	6537	0	6570
9457	11	13	5	6525	0	6554
9458	6378	7	4	122	0	6511
9459	68	3	8	6444	0	6523
9460	52	11	6292	72	0	6427
9461	6083	8	67	62	0	6220
9462	69	10	6303	13	0	6395
9463	50	14	6309	19	0	6392
9464	8	6	117	6251	0	6382
9465	15	6	51	6256	0	6328
9466	9	6	9	6345	0	6369
9467	6244	2	5	125	0	6376
9468	72	7	6224	58	0	6361
9469	6189	7	66	19	0	6281
9470	6284	2	46	24	0	6356
9471	114	5	6326	11	0	6456
9472	6195	4	69	16	0	6284
9473	66	10	6478	25	0	6579
9474	47	6371	64	19	0	6501
9475	35	67	70	6239	0	6411
9476	11	44	15	6328	0	6398
9477	9	7	9	6321	0	6346
9478	13	7	10	6306	0	6336
9479	11	10	6246	100	0	6367
9480	4	16	6234	60	0	6314
9481	13	9	101	6134	0	6257
9482	6	11	6244	70	0	6331
9483	5961	10	54	55	0	6080
9484	6310	9	43	17	0	6379
9485	100	11	7	6253	0	6371
9486	6271	11	7	58	0	6347
9487	63	6383	19	61	0	6526
9488	6389	54	9	14	0	6466
9489	60	49	6417	19	0	6545
9490	60	16	54	6294	0	6424
9491	8	6479	53	63	0	6603
9492	6544	56	4	50	0	6654
9493	58	44	11	6605	0	6718
9494	42	12	6502	83	0	6639
9495	18	8	56	6504	0	6586
9496	6419	9	46	70	0	6544
9497	61	10	6468	61	0	6600
9498	54	10	68	6453	0	6585
9499	16	6	45	6583	0	6650
9500	14	11	6534	111	0	6670
9501	17	6392	54	62	0	6525
9502	26	5761	56	31	0	5874
9503	25	87	14	6540	0	6666
9504	20	49	17	6629	0	6715
9505	21	26	9	6698	0	6754
9506	6519	11	11	114	0	6655
9507	6599	7	18	75	0	6699
9508	96	12	18	6608	0	6734
9509	6584	22	12	74	0	6692
9510	61	6487	22	70	0	6640
9511	51	59	14	6561	0	6685
9512	16	49	14	6614	0	6693
9513	16	17	10	6671	0	6714
9514	6245	14	12	112	0	6383
9515	65	6340	23	64	0	6492
9516	54	52	12	6390	0	6508
9517	6311	46	10	77	0	6444
9518	60	4	16	6428	0	6508
9519	60	11	7	6332	0	6410
9520	15	6130	16	116	0	6277
9521	24	6266	20	68	0	6378
9522	15	87	12	6150	0	6264
9523	19	39	7	6094	0	6159
9524	5811	5	11	108	0	5935
9525	69	3	22	5900	0	5994
9526	52	11	5790	72	0	5925
9527	24	10	60	5722	0	5816
9528	18	5655	60	71	0	5804
9529	5738	49	23	62	0	5872
9530	61	40	12	5777	0	5890
9531	59	7	12	5607	0	5685
9532	23	5545	16	105	0	5689
9533	5237	47	9	48	0	5341
9534	50	5425	23	22	0	5520
9535	48	43	13	5278	0	5382
9536	13	29	5142	50	0	5234
9537	57	114	40	4606	0	4817
9538	4495	6	32	25	0	4558
9539	17	4632	6	22	0	4677
9540	29	20	3	4545	0	4597
9541	2	4557	4	26	0	4589
9542	11	23	7	4591	0	4632
9543	4	30	4525	28	0	4587
9544	5	16	22	4445	0	4488
9545	7	3	21	4467	0	4498
9546	5	7	3	4485	0	4500
9547	4303	2	4	49	0	4358
9548	4410	1	7	32	0	4450
9549	34	4498	4	12	0	4548
9550	4458	18	2	8	0	4486
9551	21	4450	4	8	0	4483
9552	22	4495	4	12	0	4533
9553	4305	37	3	13	0	4358
9554	20	25	4302	14	0	4361
9555	29	3	20	4241	0	4293
9556	8	5	20	4334	0	4367
9557	10	12	5	4393	0	4420
9558	4295	4	2	51	0	4352
9559	21	4359	2	24	0	4406
9560	26	22	1	4318	0	4367
9561	6	4368	7	27	0	4408
9562	4550	24	3	25	0	4602
9563	25	26	2	4485	0	4538
9564	30	6	2	5192	0	5230
9565	10	5788	6	70	0	5874
9566	14	61	1	6273	0	6349
9567	9	51	5	6299	0	6364
9568	6131	9	5	146	0	6291
9569	80	6111	3	78	0	6272
9570	63	6248	6	21	0	6338
9571	14	128	2	6094	0	6238
9572	11	63	6005	82	0	6161
9573	8	19	5962	71	0	6060
9574	12	18	128	5921	0	6079
9575	8	15	5990	91	0	6104
9576	8	9	75	5992	0	6084
9577	17	13	64	5834	0	5928
9578	8	8	8	6148	0	6172
9579	5957	6	9	150	0	6122
9580	85	7	5	6034	0	6131
9581	68	9	6	5938	0	6021
9582	9	5947	7	141	0	6104
9583	11	77	8	6090	0	6186
9584	6	69	5929	95	0	6099
9585	4	11	75	6000	0	6090
9586	14	3	65	6077	0	6159
9587	5751	6	8	157	0	5922
9588	78	13	5	5813	0	5909
9589	72	10	3	5753	0	5838
9590	17	13	7	5827	0	5864
9591	5421	10	7	162	0	5600
9592	75	5523	13	95	0	5706
9593	66	82	7	5582	0	5737
9594	16	69	8	5603	0	5696
9595	11	16	5470	158	0	5655
9596	12	6	78	5515	0	5611
9597	5261	13	71	108	0	5453
9598	86	5366	14	92	0	5558
9599	78	84	10	5259	0	5431
9600	17	77	5	5340	0	5439
9601	20	22	5199	161	0	5402
9602	4918	12	81	107	0	5118
9603	84	5088	76	47	0	5295
9604	5080	85	12	39	0	5216
9605	89	72	14	5099	0	5274
9606	73	22	12	5171	0	5278
9607	31	18	9	5214	0	5272
9608	14	12	15	5230	0	5271
9609	5057	18	10	171	0	5256
9610	85	18	9	5065	0	5177
9611	68	4963	18	124	0	5173
9612	22	78	15	5084	0	5199
9613	21	62	13	5180	0	5276
9614	5036	19	17	173	0	5245
9615	91	5060	16	105	0	5272
9616	73	81	13	5142	0	5309
9617	5085	66	17	126	0	5294
9618	5164	20	12	110	0	5306
9619	141	17	14	5166	0	5338
9620	75	22	5115	121	0	5333
9621	5065	17	81	115	0	5278
9622	89	14	68	5183	0	5354
9623	73	18	5242	120	0	5453
9624	42	10	85	5341	0	5478
9625	25	20	68	5306	0	5419
9626	29	17	18	5326	0	5390
9627	27	5378	10	187	0	5602
9628	19	83	13	5531	0	5646
9629	22	66	11	5569	0	5668
9630	21	20	12	5603	0	5656
9631	19	24	16	5583	0	5642
9632	27	12	15	5554	0	5608
9633	27	22	8	5521	0	5578
9634	5098	15	20	199	0	5332
9635	91	20	4983	117	0	5211
9636	64	4856	81	71	0	5072
9637	4828	74	66	47	0	5015
9638	86	4857	21	56	0	5020
9639	4727	87	14	59	0	4887
9640	128	63	19	4669	0	4879
9641	4748	12	14	119	0	4893
9642	103	19	14	4780	0	4916
9643	77	14	13	4621	0	4725
9644	26	4724	13	150	0	4913
9645	4740	77	15	97	0	4929
9646	84	52	4839	63	0	5038
9647	76	19	72	4885	0	5052
9648	35	21	4928	124	0	5108
9649	21	18	4807	98	0	4944
9650	4794	17	114	60	0	4985
9651	86	15	59	4921	0	5081
9652	63	20	4876	131	0	5090
9653	26	24	5021	103	0	5174
9654	35	16	113	4994	0	5158
9655	21	15	58	5199	0	5293
9656	5164	12	18	160	0	5354
9657	87	18	16	5245	0	5366
9658	71	17	5391	115	0	5594
9659	33	13	74	5522	0	5642
9660	36	38	61	5394	0	5529
9661	22	5495	23	150	0	5690
9662	5347	74	13	87	0	5521
9663	76	5355	17	62	0	5510
9664	4622	65	9	38	0	4734
9665	38	3987	9	21	0	4055
9666	11	3631	10	9	0	3661
9667	29	42	35	3516	0	3622
9668	11	10	20	3495	0	3536
9669	10	14	2	3478	0	3504
9670	3316	4	2	27	0	3349
9671	18	3	3383	18	0	3422
9672	5	3	12	3324	0	3344
9673	3236	2	4	17	0	3259
9674	11	3294	9	13	0	3327
9675	4	3303	5	9	0	3321
9676	18	23	2	3354	0	3397
9677	4	5	2	3366	0	3377
9678	5	6	4	3398	0	3413
9679	2	3479	2	17	0	3500
9680	5	9	2	3515	0	3531
9681	3	12	3514	16	0	3545
9682	7	7	3324	10	0	3348
9683	3327	3	15	10	0	3355
9684	14	1	10	3544	0	3569
9685	3575	0	11	13	0	3599
9686	3543	1	2	15	0	3561
9687	14	3662	1	6	0	3683
9688	3762	9	1	6	0	3778
9689	3906	6	4	12	0	3928
9690	14	6	2	3943	0	3965
9691	10	3	2	4076	0	4091
9692	4	5	4223	21	0	4253
9693	6	4325	10	14	0	4355
9694	3	11	4	4112	0	4130
9695	2	6	6	4406	0	4420
9696	4395	4	3	24	0	4426
9697	15	6	2	4421	0	4444
9698	4452	3	0	21	0	4476
9699	22	2	1	4536	0	4561
9700	8	4604	4	16	0	4632
9701	4775	15	3	16	0	4809
9702	17	12	0	5246	0	5275
9703	18	5	3	5569	0	5595
9704	6	4	1	5921	0	5932
9705	5	9	5944	70	0	6028
9706	4	3	40	6019	0	6066
9707	6156	2	37	51	0	6246
9708	39	1	8	6444	0	6492
9709	39	2	3	7104	0	7148
9710	13	1	5	7107	0	7126
9711	4	7205	4	131	0	7344
9712	5	7484	2	61	0	7552
9713	7470	134	2	13	0	7619
9714	77	7573	11	10	0	7671
9715	7628	86	1	9	0	7724
9716	7619	67	1	11	0	7698
9717	7737	11	2	18	0	7768
9718	152	8	7751	13	0	7924
9719	73	7975	82	10	0	8140
9720	8080	80	61	8	0	8229
9721	90	64	5	8146	0	8305
9722	73	12	2	8243	0	8330
9723	16	4	2	8227	0	8249
9724	5	8067	6	156	0	8234
9725	8	79	0	8144	0	8231
9726	8117	62	6	98	0	8283
9727	78	13	1	8148	0	8240
9728	69	4	2	8219	0	8294
9729	10	13	8086	163	0	8272
9730	10	8	8238	89	0	8345
9731	8	7	143	8299	0	8457
9732	12	6	76	8383	0	8477
9733	8	8431	16	168	0	8623
9734	19	84	8	8469	0	8580
9735	19	68	7	8601	0	8695
9736	15	14	1	8691	0	8721
9737	8358	11	5	179	0	8553
9738	85	22	8561	98	0	8766
9739	78	20	79	8666	0	8843
9740	8707	13	65	98	0	8883
9741	8677	16	9	76	0	8778
9742	162	13	7	8568	0	8750
9743	96	6	8	8644	0	8754
9744	8491	9	5	168	0	8673
9745	106	8517	12	85	0	8720
9746	82	8644	17	26	0	8769
9747	24	159	5	8616	0	8804
9748	8736	82	8	111	0	8937
9749	8794	21	4	97	0	8916
9750	8781	13	2	42	0	8838
9751	170	15	8760	33	0	8978
9752	8157	11	86	44	0	8298
9753	111	20	8662	33	0	8826
9754	8359	12	98	33	0	8502
9755	98	8544	76	44	0	8762
9756	89	91	8589	42	0	8811
9757	19	76	96	8546	0	8737
9758	19	30	8690	126	0	8865
9759	20	15	98	8598	0	8731
9760	8542	20	78	130	0	8770
9761	99	34	8827	113	0	9073
9762	95	14	93	8739	0	8941
9763	22	9166	89	126	0	9403
9764	38	83	22	9419	0	9562
9765	35	76	23	9391	0	9525
9766	29	17	22	9366	0	9434
9767	9307	16	10	193	0	9526
9768	9356	24	10	109	0	9499
9769	179	19	6	9389	0	9593
9770	105	24	9355	133	0	9617
9771	36	28	9285	110	0	9459
9772	38	17	153	9449	0	9657
9773	41	29	9816	114	0	10000
9774	36	21	99	9778	0	9934
9775	47	15	80	9467	0	9609
9776	52	14	20	9745	0	9831
9777	38	9500	29	178	0	9745
9778	35	9558	29	110	0	9732
9779	36	146	25	9820	0	10027
9780	35	91	23	9836	0	9985
9781	35	24	24	9866	0	9949
9782	9543	26	16	183	0	9768
9783	114	28	9862	109	0	10113
9784	100	14	103	9846	0	10063
9785	9804	10	95	126	0	10035
9786	103	9952	43	119	0	10217
9787	97	96	32	10034	0	10259
9788	44	74	26	10093	0	10237
9789	26	20	25	9983	0	10054
9790	32	23	13	9987	0	10055
9791	19	25	9690	211	0	9945
9792	8869	16	97	128	0	9110
9793	9581	16	79	82	0	9758
9794	177	15	9719	60	0	9971
9795	9530	11	101	56	0	9698
9796	9870	10	82	52	0	10014
9797	166	16	10133	49	0	10364
9798	91	10414	110	48	0	10663
9799	31	120	98	10369	0	10618
9800	29	70	10710	128	0	10937
9801	36	10519	96	103	0	10754
9802	28	73	10163	53	0	10317
9803	33	9374	70	596	0	10073
9804	34	92	78	9602	0	9806
9805	18	44	9640	68	0	9770
9806	19	27	62	9492	0	9600
9807	25	20	9848	61	0	9954
9808	11	9717	56	53	0	9837
9809	9012	32	43	22	0	9109
9810	18	9002	8	17	0	9045
9811	11	9557	5	24	0	9597
9812	71	40	29	9400	0	9540
9813	12	20	7	9527	0	9566
9814	2	3	1	9537	0	9543
9815	4	2	1	9473	0	9480
9816	4	2	0	9535	0	9541
9817	9	20	9985	20	0	10034
9818	11	6	7	9787	0	9811
9819	6	5	8	10009	0	10028
9820	10126	1	4	31	0	10162
9821	10175	4	1	19	0	10199
9822	10258	1	3	15	0	10277
9823	17	2	3	10356	0	10378
9824	11169	2	2	26	0	11199
9825	11908	2	3	38	0	11951
9826	12173	1	4	20	0	12198
9827	48	17	12164	5	0	12234
9828	11869	3	30	10	0	11912
9829	12398	2	24	23	0	12447
9830	12470	3	7	11	0	12491
9831	51	16	6	12545	0	12618
9832	29	27	12645	39	0	12740
9833	10	4	30	12602	0	12646
9834	13059	5	24	63	0	13151
9835	34	3	2	13238	0	13277
9836	22	13707	12	45	0	13786
9837	13	32	2	14020	0	14067
9838	14002	23	6	49	0	14080
9839	14029	3	5	47	0	14084
9840	13975	3	3	19	0	14000
9841	73	22	14379	11	0	14485
9842	37	2	41	14215	0	14295
9843	16	5	30	14777	0	14828
9844	12	17	14818	72	0	14919
9845	9	14534	45	41	0	14629
9846	14	52	14627	11	0	14704
9847	14	35	38	14675	0	14762
9848	14706	5	35	52	0	14798
9849	46	15	15291	40	0	15392
9850	45	2	41	15314	0	15402
9851	16	23	15455	42	0	15536
9852	15077	4	54	56	0	15191
9853	56	4	33	15775	0	15868
9854	43	16	16465	52	0	16576
9855	18	7	40	16388	0	16453
9856	10	31	16693	65	0	16799
9857	20	16831	57	58	0	16966
9858	25	38	38	16784	0	16885
9859	16897	34	5	67	0	17003
9860	61	4	11	16968	0	17044
9861	62	4	11	16671	0	16748
9862	16591	4	12	99	0	16706
9863	66	16073	22	49	0	16210
9864	50	16373	23	23	0	16469
9865	28	79	9	16432	0	16548
9866	10	16531	21	69	0	16631
9867	25	43	13	16633	0	16714
9868	17	36	7	16633	0	16693
9869	16612	12	13	93	0	16730
9870	51	16629	20	77	0	16777
9871	65	72	16561	29	0	16727
9872	21	17018	60	30	0	17129
9873	16904	48	43	29	0	17024
9874	17296	37	11	40	0	17384
9875	109	6	11	17236	0	17362
9876	17649	9	16	87	0	17761
9877	76	7	12	17606	0	17701
9878	17723	10	14	98	0	17845
9879	17982	7	18	88	0	18095
9880	126	14	12	18632	0	18784
9881	18874	7	20	88	0	18989
9882	88	26	18993	76	0	19183
9883	18547	5	74	51	0	18677
9884	80	6	59	19161	0	19306
9885	19346	10	17	92	0	19465
9886	90	19562	43	67	0	19762
9887	85	69	15	19572	0	19741
9888	34	47	23	19748	0	19852
9889	19512	8	25	143	0	19688
9890	96	52	19776	82	0	20006
9891	79	19693	90	41	0	19903
9892	41	81	55	19798	0	19975
9893	20	19899	37	100	0	20056
9894	37	66	16	19943	0	20062
9895	37	54	20	19667	0	19778
9896	35	15	13	19890	0	19953
9897	19522	18	13	156	0	19709
9898	85	26	11	19275	0	19397
9899	19495	22	11	118	0	19646
9900	19377	34	12	108	0	19531
9901	144	18	13	19575	0	19750
9902	19568	11	14	127	0	19720
9903	19341	19	22	99	0	19481
9904	135	36	19543	49	0	19763
9905	76	24	79	19169	0	19348
9906	19614	17	70	104	0	19805
9907	79	19566	34	77	0	19756
9908	19898	77	19	57	0	20051
9909	19836	55	15	64	0	19970
9910	142	24	19529	41	0	19736
9911	81	20	80	18561	0	18742
9912	20227	8	52	163	0	20450
9913	108	16	16	20674	0	20814
9914	109	12	23	21134	0	21278
9915	38	17	13	21322	0	21390
9916	47	8	20	22131	0	22206
9917	21871	18	22	203	0	22114
9918	149	39	22664	103	0	22955
9919	116	31	137	23379	0	23663
9920	47	31	25375	186	0	25639
9921	49	47	27090	155	0	27341
9922	26574	11	496	87	0	27168
9923	355	46	29508	52	0	29961
9924	285	28888	397	52	0	29622
9925	29132	352	411	73	0	29968
9926	29608	302	52	48	0	30010
9927	657	40	27	29059	0	29783
9928	344	55	29834	349	0	30582
9929	80	63	29873	294	0	30310
9930	29891	15	657	90	0	30653
9931	393	26	335	31086	0	31840
9932	31348	11	64	406	0	31829
9933	420	31825	50	326	0	32621
9934	32023	374	36	70	0	32503
9935	31869	312	18	62	0	32261
9936	696	31687	61	44	0	32488
9937	399	396	19	31800	0	32614
9938	31656	322	26	428	0	32432
9939	424	88	31996	351	0	32859
9940	362	32301	442	80	0	33185
9941	103	419	354	32053	0	32929
9942	32315	329	79	433	0	33156
9943	432	32545	69	362	0	33408
9944	33122	425	40	94	0	33681
9945	506	407	32770	46	0	33729
9946	32427	76	444	74	0	33021
9947	511	76	33390	49	0	34026
9948	32785	36	485	62	0	33368
9949	32383	30	389	72	0	32874
9950	802	55	32413	62	0	33332
9951	435	32508	473	72	0	33488
9952	163	432	394	31748	0	32737
9953	121	400	32601	465	0	33587
9954	94	32004	477	405	0	32980
9955	126	440	388	31510	0	32464
9956	116	380	101	32247	0	32844
9957	109	124	31705	783	0	32721
9958	133	58	470	31326	0	31987
9959	127	56	411	31943	0	32537
9960	101	118	31682	816	0	32717
9961	134	68	498	30633	0	31333
9962	94	31613	468	511	0	32686
9963	31807	448	148	429	0	32832
9964	524	407	123	31344	0	32398
9965	475	32063	175	498	0	33211
9966	241	479	152	30104	0	30976
9967	185	32763	206	445	0	33599
9968	233	555	32400	365	0	33553
9969	196	32907	569	132	0	33804
9970	32320	538	475	134	0	33467
9971	32524	438	178	118	0	33258
9972	33062	148	163	150	0	33523
9973	967	152	33041	136	0	34296
9974	570	152	32888	147	0	33757
9975	252	33798	974	147	0	35171
9976	301	571	564	31812	0	33248
9977	228	34861	232	522	0	35843
9978	333	654	169	30294	0	31450
9979	235	34687	178	526	0	35626
9980	34491	634	144	441	0	35710
9981	36396	558	134	205	0	37293
9982	1184	188	132	37598	0	39102
9983	722	174	37421	729	0	39046
9984	36558	171	706	668	0	38103
9985	760	37955	710	224	0	39649
9986	742	719	196	37392	0	39049
9987	324	682	164	36222	0	37392
9988	283	38225	188	1135	0	39831
9989	38297	762	172	664	0	39895
9990	859	709	38130	193	0	39891
9991	795	223	775	37854	0	39647
9992	38103	160	659	762	0	39684
9993	37998	168	273	673	0	39112
9994	1326	38026	241	237	0	39830
9995	850	741	238	36593	0	38422
9996	291	38723	237	704	0	39955
9997	38711	808	190	700	0	40409
9998	818	731	38838	260	0	40647
9999	729	297	39063	236	0	40325
10000	282	235	1241	37998	0	39756
10001	250	199	744	37410	0	38603
10002	217	38448	279	1266	0	40210
10003	257	747	213	38706	0	39923
10004	188	720	38187	894	0	39989
10005	37563	210	797	805	0	39375
10006	778	221	703	38469	0	40171
10007	712	244	38131	865	0	39952
10008	288	219	779	38356	0	39642
10009	235	198	685	37259	0	38377
10010	187	38004	305	1279	0	39775
10011	244	792	203	38212	0	39451
10012	206	729	198	37316	0	38449
10013	224	302	183	37458	0	38167
10014	35433	195	186	1378	0	37192
10015	772	35211	204	815	0	37002
10016	722	35131	197	311	0	36361
10017	33952	1147	191	241	0	35531
10018	32702	649	178	232	0	33761
10019	1105	31738	207	211	0	33261
10020	571	30032	192	155	0	30950
10021	26484	707	168	130	0	27489
10022	438	26613	89	128	0	27268
10023	345	25617	95	115	0	26172
10024	24792	652	246	112	0	25802
10025	379	24904	96	104	0	25483
10026	24559	396	89	96	0	25140
10027	24289	339	64	97	0	24789
10028	24273	120	59	99	0	24551
10029	630	23955	81	119	0	24785
10030	392	24028	70	107	0	24597
10031	158	646	60	22956	0	23820
10032	114	23979	78	356	0	24527
10033	129	446	42	24042	0	24659
10034	24285	354	52	439	0	25130
10035	428	154	66	23936	0	24584
10036	368	23574	103	448	0	24493
10037	23271	387	78	354	0	24090
10038	417	23420	72	145	0	24054
10039	357	23675	77	147	0	24256
10040	171	822	69	22273	0	23335
10041	106	23252	72	387	0	23817
10042	22795	408	70	318	0	23591
10043	386	359	22620	139	0	23504
10044	308	22388	390	132	0	23218
10045	146	364	303	22266	0	23079
10046	107	368	22254	395	0	23124
10047	110	135	339	21908	0	22492
10048	102	108	289	22236	0	22735
10049	113	107	80	22564	0	22864
10050	112	108	81	22319	0	22620
10051	124	99	21860	665	0	22748
10052	69	21709	384	435	0	22597
10053	21426	365	306	211	0	22308
10054	376	346	21346	183	0	22251
10055	21184	144	346	162	0	21836
10056	387	140	21740	157	0	22424
10057	349	105	373	21486	0	22313
10058	158	130	21763	395	0	22446
10059	124	126	22113	359	0	22722
10060	129	112	616	21703	0	22560
10061	146	111	336	21515	0	22108
10062	115	131	102	22407	0	22755
10063	117	134	85	22285	0	22621
10064	21866	93	76	694	0	22729
10065	365	132	21970	424	0	22891
10066	21879	107	324	191	0	22501
10067	21987	109	276	167	0	22539
10068	22079	119	73	139	0	22410
10069	22035	115	58	137	0	22345
10070	22202	93	45	119	0	22459
10071	715	108	37	21497	0	22357
10072	416	129	20965	364	0	21874
10073	181	119	20337	306	0	20943
10074	151	20355	504	135	0	21145
10075	19078	371	334	99	0	19882
10076	343	363	113	18499	0	19318
10077	261	299	52	18007	0	18619
10078	112	18322	64	464	0	18962
10079	106	18185	65	262	0	18618
10080	98	17880	47	112	0	18137
10081	15355	527	97	149	0	16128
10082	199	399	57	13372	0	14027
10083	105	13234	48	144	0	13531
10084	38	127	12	13079	0	13256
10085	26	117	13132	138	0	13413
10086	29	49	13594	105	0	13777
10087	41	51	185	14342	0	14619
10088	14988	28	98	162	0	15276
10089	16028	22	22	129	0	16201
10090	16132	16	17	44	0	16209
10091	308	55	16217	40	0	16620
10092	183	31	163	16085	0	16462
10093	44	27	147	16701	0	16919
10094	44	63	16426	302	0	16835
10095	15261	30	174	186	0	15651
10096	192	38	16654	67	0	16951
10097	159	51	16382	37	0	16629
10098	54	35	16620	50	0	16759
10099	45	31	310	15920	0	16306
10100	40	25	156	16349	0	16570
10101	30	43	16769	300	0	17142
10102	35	31	177	16905	0	17148
10103	17067	19	165	216	0	17467
10104	170	10	53	17431	0	17664
10105	154	34	17718	213	0	18119
10106	43	46	18483	193	0	18765
10107	30	24	329	18069	0	18452
10108	18789	15	178	224	0	19206
10109	198	19839	85	190	0	20312
10110	20590	215	42	86	0	20933
10111	20845	193	46	71	0	21155
10112	460	51	21340	55	0	21906
10113	255	26	255	21215	0	21751
10114	21474	17	250	289	0	22030
10115	21251	11	76	270	0	21608
10116	437	21487	71	80	0	22075
10117	292	214	63	21428	0	21997
10118	90	210	53	21908	0	22261
10119	69	60	21590	461	0	22180
10120	67	13	264	21421	0	21765
10121	62	44	21710	316	0	22132
10122	64	38	21455	277	0	21834
10123	75	21	464	21020	0	21580
10124	20959	13	277	285	0	21534
10125	261	20673	107	267	0	21308
10126	20714	220	72	98	0	21104
10127	20612	211	64	94	0	20981
10128	461	20725	80	71	0	21337
10129	281	227	48	19803	0	20359
10130	19863	213	59	222	0	20357
10131	267	20006	62	225	0	20560
10132	19664	219	36	78	0	19997
10133	275	19300	51	59	0	19685
10134	238	194	55	18352	0	18839
10135	92	186	40	18646	0	18964
10136	18288	50	21	382	0	18741
10137	18017	36	31	235	0	18319
10138	367	18408	46	112	0	18933
10139	221	200	18096	79	0	18596
10140	70	186	18054	90	0	18400
10141	74	48	374	17271	0	17767
10142	39	18142	262	218	0	18661
10143	75	176	80	18319	0	18650
10144	66	179	75	18332	0	18652
10145	61	54	71	18562	0	18748
10146	59	55	18323	397	0	18834
10147	73	65	18269	245	0	18652
10148	66	18566	379	104	0	19115
10149	93	189	215	18498	0	18995
10150	85	198	79	19018	0	19380
10151	79	79	18762	382	0	19302
10152	16737	55	216	262	0	17270
10153	251	69	211	18896	0	19427
10154	248	76	19028	243	0	19595
10155	17647	58	227	288	0	18220
10156	231	19060	243	135	0	19669
10157	257	209	19431	107	0	20004
10158	126	210	232	19262	0	19830
10159	19151	55	229	256	0	19691
10160	254	79	19469	236	0	20038
10161	240	47	251	19397	0	19935
10162	102	50	246	19696	0	20094
10163	84	37	102	20763	0	20986
10164	20804	48	70	478	0	21400
10165	258	20469	107	311	0	21145
10166	273	230	78	20656	0	21237
10167	87	260	20965	309	0	21621
10168	94	81	282	20367	0	20824
10169	77	20736	293	314	0	21420
10170	97	21382	106	291	0	21876
10171	21109	450	65	150	0	21774
10172	21258	256	59	134	0	21707
10173	474	104	21152	125	0	21855
10174	20688	68	256	107	0	21119
10175	304	21042	263	103	0	21712
10176	21281	259	101	94	0	21735
10177	330	267	55	21109	0	21761
10178	308	101	21515	278	0	22202
10179	134	78	258	21490	0	21960
10180	176	81	21641	328	0	22226
10181	20942	49	299	292	0	21582
10182	290	83	271	21463	0	22107
10183	254	22312	125	320	0	23011
10184	120	307	79	22578	0	23084
10185	116	276	22337	359	0	23088
10186	86	21924	288	307	0	22605
10187	20579	252	249	147	0	21227
10188	209	20343	106	108	0	20766
10189	165	19477	92	81	0	19815
10190	126	388	59	18571	0	19144
10191	50	19249	65	202	0	19566
10192	64	271	39	19241	0	19615
10193	62	198	19043	238	0	19541
10194	17291	96	196	202	0	17785
10195	18578	39	185	92	0	18894
10196	348	57	18665	58	0	19128
10197	17779	44	182	81	0	18086
10198	221	18363	195	55	0	18834
10199	18546	171	61	67	0	18845
10200	240	175	41	18273	0	18729
10201	182	76	18433	198	0	18889
10202	62	18602	190	184	0	19038
10203	102	204	205	18265	0	18776
10204	54	165	55	18411	0	18685
10205	17595	49	29	335	0	18008
10206	16777	37	39	202	0	17055
10207	278	16814	50	87	0	17229
10208	149	16110	45	45	0	16349
10209	34	15481	36	30	0	15581
10210	121	257	66	14564	0	15008
10211	14340	80	105	111	0	14636
10212	14031	23	10	80	0	14144
10213	153	11	11	13998	0	14173
10214	87	17	11	13985	0	14100
10215	13873	15	4	158	0	14050
10216	100	16	13	14092	0	14221
10217	74	41	14168	94	0	14377
10218	13886	11	76	95	0	14068
10219	14247	11	69	33	0	14360
10220	154	34	14607	28	0	14823
10221	14647	15	75	30	0	14767
10222	113	21	71	15021	0	15226
10223	80	9	17	15036	0	15142
10224	28	17	18	15185	0	15248
10225	14712	21	13	167	0	14913
10226	90	15210	31	90	0	15421
10227	86	94	13	15151	0	15344
10228	36	14913	27	106	0	15082
10229	14848	94	17	90	0	15049
10230	99	82	22	15034	0	15237
10231	91	30	10	15139	0	15270
10232	32	15092	31	165	0	15320
10233	36	121	14883	93	0	15133
10234	45	72	90	15047	0	15254
10235	15005	30	75	111	0	15221
10236	16373	22	18	101	0	16514
10237	223	41	17572	38	0	17874
10238	147	24	183	17798	0	18152
10239	33	18481	170	203	0	18887
10240	41	196	33	18805	0	19075
10241	18713	159	14	241	0	19127
10242	18802	36	30	180	0	19048
10243	373	29	16	18474	0	18892
10244	192	18486	23	218	0	18919
10245	19484	210	17	200	0	19911
10246	227	165	21	19985	0	20398
10247	20121	45	15	268	0	20449
10248	20907	34	16	220	0	21177
10249	410	25	12	20900	0	21347
10250	230	23	15	21096	0	21364
10251	76	17	12	21600	0	21705
10252	40	21501	29	459	0	22029
10253	48	249	16	21876	0	22189
10254	74	201	17	21694	0	21986
10255	58	64	21080	445	0	21647
10256	51	46	20707	254	0	21058
10257	40	23	419	20628	0	21110
10258	20410	28	214	291	0	20943
10259	239	20576	55	260	0	21130
10260	20307	238	30	77	0	20652
10261	289	218	20565	62	0	21134
10262	241	63	20175	71	0	20550
10263	43	20119	424	57	0	20643
10264	114	241	285	19686	0	20326
10265	44	205	19745	236	0	20230
10266	53	71	20164	190	0	20478
10267	38	47	367	19768	0	20220
10268	19862	10	187	246	0	20305
10269	19900	20	39	204	0	20163
10270	371	13	29	19679	0	20092
10271	208	43	20819	242	0	21312
10272	70	26	201	21032	0	21329
10273	48	16	183	20411	0	20658
10274	38	21060	70	353	0	21521
10275	20996	198	26	222	0	21442
10276	20904	179	21	84	0	21188
10277	368	21196	42	55	0	21661
10278	231	222	22	19974	0	20449
10279	42	20933	71	213	0	21259
10280	20772	226	33	212	0	21243
10281	241	218	20601	63	0	21123
10282	217	74	20094	58	0	20443
10283	56	61	20120	48	0	20285
10284	62	55	388	19564	0	20069
10285	43	30	222	19783	0	20078
10286	19610	20	47	397	0	20074
10287	219	40	30	19696	0	19985
10288	219	27	31	20235	0	20512
10289	68	65	20936	388	0	21457
10290	57	51	20554	251	0	20913
10291	20001	31	397	107	0	20536
10292	214	20769	244	69	0	21296
10293	21049	208	36	82	0	21375
10294	258	202	30	20898	0	21388
10295	232	41	47	20657	0	20977
10296	61	20743	81	386	0	21271
10297	71	210	43	20879	0	21203
10298	20570	201	47	285	0	21103
10299	244	40	41	20737	0	21062
10300	232	74	20704	291	0	21301
10301	71	20351	235	249	0	20906
10302	20101	198	198	124	0	20621
10303	20403	190	56	118	0	20767
10304	20533	52	49	101	0	20735
10305	20638	52	49	111	0	20850
10306	441	34	41	20387	0	20903
10307	270	38	47	20643	0	20998
10308	93	78	20562	434	0	21167
10309	96	36	218	20585	0	20935
10310	82	88	20520	271	0	20961
10311	78	33	226	20557	0	20894
10312	20423	34	200	305	0	20962
10313	226	21233	89	272	0	21820
10314	247	211	55	21528	0	22041
10315	76	208	53	21910	0	22247
10316	21567	46	69	443	0	22125
10317	21091	30	72	287	0	21480
10318	415	79	21249	127	0	21870
10319	254	21365	233	114	0	21966
10320	100	216	222	21016	0	21554
10321	80	212	70	21218	0	21580
10322	20878	48	69	451	0	21446
10323	20821	36	97	295	0	21249
10324	435	66	21075	119	0	21695
10325	263	103	21088	80	0	21534
10326	98	41	425	20654	0	21218
10327	64	34	254	21162	0	21514
10328	77	73	21003	441	0	21594
10329	20293	29	232	305	0	20859
10330	292	30	231	21101	0	21654
10331	21067	34	91	271	0	21463
10332	242	20848	95	300	0	21485
10333	21574	207	63	161	0	22005
10334	277	255	23237	126	0	23895
10335	250	23142	254	105	0	23751
10336	57	22427	230	62	0	22776
10337	20911	285	315	75	0	21586
10338	20367	125	49	53	0	20594
10339	232	36	25	20092	0	20385
10340	136	20177	41	119	0	20473
10341	29	20575	43	142	0	20789
10342	39	227	17	20571	0	20854
10343	20769	125	18	147	0	21059
10344	20807	36	18	167	0	21028
10345	243	49	19918	32	0	20242
10346	19020	10	103	49	0	19182
10347	117	20232	138	29	0	20516
10348	20540	126	23	54	0	20743
10349	180	24758	41	50	0	25029
10350	161	26963	40	37	0	27201
10351	106	649	58	29898	0	30711
10352	32649	332	69	526	0	33576
10353	33400	64	11	440	0	33915
10354	1024	104	32803	119	0	34050
10355	600	27	552	32939	0	34118
10356	33276	18	459	615	0	34368
10357	682	19	103	33818	0	34622
10358	33994	19	73	687	0	34773
10359	34037	25	33	549	0	34644
10360	1111	76	33762	162	0	35111
10361	632	23	569	33227	0	34451
10362	225	19	466	33865	0	34575
10363	159	14	109	34265	0	34547
10364	84	52	32979	1150	0	34265
10365	92	29	604	33213	0	33938
10366	87	35	486	31709	0	32317
10367	55	32411	157	1114	0	33737
10368	92	629	32223	589	0	33533
10369	51	33005	626	233	0	33915
10370	32670	676	479	149	0	33974
10371	673	528	110	31235	0	32546
10372	588	159	81	30146	0	30974
10373	142	31304	107	1055	0	32608
10374	31196	624	42	579	0	32441
10375	31464	496	34	216	0	32210
10376	1075	31002	84	193	0	32354
10377	629	31713	78	139	0	32559
10378	31484	1057	28	95	0	32664
10379	745	640	31231	95	0	32711
10380	594	229	31408	122	0	32353
10381	30261	125	1055	133	0	31574
10382	680	31226	627	118	0	32651
10383	31499	648	211	163	0	32521
10384	788	570	31191	138	0	32687
10385	31286	164	620	168	0	32238
10386	803	31991	546	136	0	33476
10387	674	654	164	32109	0	33601
10388	298	512	147	32330	0	33287
10389	266	165	103	31385	0	31919
10390	211	112	92	31864	0	32279
10391	196	89	77	30745	0	31107
10392	198	30741	146	1309	0	32394
10393	30958	631	102	761	0	32452
10394	745	559	30849	366	0	32519
10395	644	198	622	31087	0	32551
10396	260	192	31425	785	0	32662
10397	233	120	772	31402	0	32527
10398	200	109	629	31658	0	32596
10399	30826	103	236	1300	0	32465
10400	726	122	30861	807	0	32516
10401	597	30770	768	376	0	32511
10402	275	698	586	30800	0	32359
10403	281	578	207	31528	0	32594
10404	235	256	31101	1189	0	32781
10405	196	212	708	31178	0	32294
10406	199	176	545	31696	0	32616
10407	30414	140	189	1306	0	32049
10408	713	30725	231	794	0	32463
10409	31203	704	123	372	0	32402
10410	31353	625	90	307	0	32375
10411	1299	261	87	30738	0	32385
10412	769	246	30562	762	0	32339
10413	359	193	30529	625	0	31706
10414	338	163	1130	29724	0	31355
10415	293	153	684	28982	0	30112
10416	190	29808	368	1180	0	31546
10417	29698	655	231	746	0	31330
10418	760	29655	245	389	0	31049
10419	679	30213	236	315	0	31443
10420	29884	1199	156	299	0	31538
10421	859	681	147	29373	0	31060
10422	677	30439	212	860	0	32188
10423	341	729	140	31022	0	32232
10424	236	636	30112	995	0	31979
10425	216	272	30354	864	0	31706
10426	223	225	1130	30248	0	31826
10427	214	174	30758	959	0	32105
10428	217	140	878	30493	0	31728
10429	213	146	694	30592	0	31645
10430	196	132	307	31219	0	31854
10431	29780	141	232	1431	0	31584
10432	702	29253	252	917	0	31124
10433	583	29905	247	463	0	31198
10434	27748	1097	172	380	0	29397
10435	28177	652	130	334	0	29293
10436	1186	286	133	27401	0	29006
10437	684	271	27270	812	0	29037
10438	345	201	672	27637	0	28855
10439	267	186	27555	935	0	28943
10440	195	27221	830	765	0	29011
10441	218	705	621	27297	0	28841
10442	27312	556	225	842	0	28935
10443	802	247	200	27621	0	28870
10444	621	253	26943	807	0	28624
10445	26072	166	723	711	0	27672
10446	868	155	27421	342	0	28786
10447	744	157	26681	304	0	27886
10448	237	25499	1064	346	0	27146
10449	190	21307	476	171	0	22144
10450	147	19532	342	159	0	20180
10451	13730	649	670	526	0	15575
10452	12495	66	90	70	0	12721
10453	86	21	8	12599	0	12714
10454	45	10	10	12704	0	12769
10455	24	12	9	12862	0	12907
10456	11	12875	21	92	0	12999
10457	12842	46	8	68	0	12964
10458	45	12958	22	20	0	13045
10459	43	59	9	12983	0	13094
10460	12807	41	8	100	0	12956
10461	67	15	10	12916	0	13008
10462	55	7	7	13113	0	13182
10463	13077	3	10	123	0	13213
10464	12958	7	14	80	0	13059
10465	104	35	13020	16	0	13175
10466	67	26	12950	16	0	13059
10467	13	28	13390	26	0	13457
10468	25	18	119	13274	0	13436
10469	18	17	57	13437	0	13529
10470	10	13507	28	112	0	13657
10471	13743	70	9	68	0	13890
10472	76	57	8	13933	0	14074
10473	71	15	7	14130	0	14223
10474	17	14350	26	139	0	14532
10475	11	15157	25	84	0	15277
10476	24	119	5	15494	0	15642
10477	25	71	9	16984	0	17089
10478	17095	18	9	218	0	17340
10479	17150	15	4	132	0	17301
10480	253	13	9	17108	0	17383
10481	125	29	17160	158	0	17472
10482	40	42	16782	142	0	17006
10483	35	14	249	16895	0	17193
10484	24	12	118	16681	0	16835
10485	20	16663	40	257	0	16980
10486	16188	140	22	122	0	16472
10487	149	115	17	16207	0	16488
10488	122	56	16372	160	0	16710
10489	39	17	145	16661	0	16862
10490	21	38	16728	176	0	16963
10491	22	39	16890	137	0	17088
10492	44	77	249	16923	0	17293
10493	16867	33	138	172	0	17210
10494	139	41	16809	132	0	17121
10495	124	16	135	16620	0	16895
10496	33	33	17747	170	0	17983
10497	33	13	138	17666	0	17850
10498	33	12	116	17773	0	17934
10499	33	39	17660	260	0	17992
10500	23	34	17383	161	0	17601
10501	41	30	267	16372	0	16710
10502	30	11	138	17556	0	17735
10503	30	11	39	17683	0	17763
10504	26	11	26	17562	0	17625
10505	17312	15	32	270	0	17629
10506	17388	17	19	165	0	17589
10507	243	17413	36	62	0	17754
10508	17687	140	30	90	0	17947
10509	159	117	35	17762	0	18073
10510	17908	20	48	187	0	18163
10511	154	48	17857	146	0	18205
10512	17966	7	157	88	0	18218
10513	172	16	137	18272	0	18597
10514	146	12	36	18842	0	19036
10515	18739	10	39	327	0	19115
10516	187	14	33	19842	0	20076
10517	144	45	20745	236	0	21170
10518	20579	17	218	231	0	21045
10519	218	21710	241	92	0	22261
10520	212	210	40	22796	0	23258
10521	52	223	24730	299	0	25304
10522	52	22	317	24874	0	25265
10523	59	51	25154	384	0	25648
10524	61	33	334	24960	0	25388
10525	31	25187	336	356	0	25910
10526	53	309	44	25256	0	25662
10527	45	26523	77	358	0	27003
10528	74	393	44	25461	0	25972
10529	88	304	37	27648	0	28077
10530	68	44	51	27950	0	28113
10531	94	24	60	28017	0	28195
10532	71	21	50	28065	0	28207
10533	70	63	27122	764	0	28019
10534	58	20	408	27374	0	27860
10535	69	19	350	27407	0	27845
10536	27175	30	98	760	0	28063
10537	384	27187	98	464	0	28133
10538	27548	391	47	175	0	28161
10539	443	338	53	27427	0	28261
10540	389	100	27439	482	0	28410
10541	71	27538	434	466	0	28509
10542	27125	385	404	169	0	28083
10543	378	27411	132	142	0	28063
10544	344	27764	106	142	0	28356
10545	27348	688	82	141	0	28259
10546	432	378	69	28584	0	29463
10547	28821	70	58	543	0	29492
10548	496	41	70	28450	0	29057
10549	415	73	28300	563	0	29351
10550	85	78	28170	514	0	28847
10551	27176	44	808	200	0	28228
10552	28275	41	442	180	0	28938
10553	816	47	98	27697	0	28658
10554	436	62	82	27960	0	28540
10555	26885	43	67	905	0	27900
10556	446	27069	91	545	0	28151
10557	417	27612	79	200	0	28308
10558	27271	765	63	177	0	28276
10559	27418	407	73	144	0	28042
10560	812	27221	97	125	0	28255
10561	477	461	57	27132	0	28127
10562	152	443	27012	501	0	28108
10563	104	124	27134	482	0	27844
10564	26178	76	797	161	0	27212
10565	511	103	27221	148	0	27983
10566	443	71	476	26252	0	27242
10567	142	73	394	25863	0	26472
10568	106	26324	126	821	0	27377
10569	26304	435	72	487	0	27298
10570	519	403	70	26195	0	27187
10571	438	118	25897	549	0	27002
10572	130	25848	500	497	0	26975
10573	125	527	401	25477	0	26530
10574	115	421	25314	526	0	26376
10575	113	119	24882	491	0	25605
10576	92	24267	795	198	0	25352
10577	22494	400	400	129	0	23423
10578	367	22981	142	128	0	23618
10579	22903	388	71	137	0	23499
10580	396	363	22497	134	0	23390
10581	22045	106	369	124	0	22644
10582	410	22505	379	125	0	23419
10583	361	374	90	22547	0	23372
10584	125	348	79	23118	0	23670
10585	22754	96	100	728	0	23678
10586	402	105	22776	430	0	23713
10587	22836	83	379	155	0	23453
10588	22885	58	352	171	0	23466
10589	691	95	22292	139	0	23217
10590	407	116	22594	122	0	23239
10591	146	110	662	21954	0	22872
10592	22201	80	370	470	0	23121
10593	22259	82	112	421	0	22874
10594	682	22334	120	162	0	23298
10595	433	402	88	22444	0	23367
10596	149	346	80	21924	0	22499
10597	131	99	90	22237	0	22557
10598	144	91	79	22402	0	22716
10599	21850	67	88	748	0	22753
10600	466	93	93	22286	0	22938
10601	429	98	22062	466	0	23055
10602	156	122	22026	399	0	22703
10603	21073	99	698	150	0	22020
10604	473	21833	434	114	0	22854
10605	434	22434	146	127	0	23141
10606	181	689	112	22175	0	23157
10607	150	387	84	22597	0	23218
10608	137	110	96	22610	0	22953
10609	153	82	85	22754	0	23074
10610	141	112	21954	784	0	22991
10611	148	85	433	21879	0	22545
10612	159	60	378	21746	0	22343
10613	136	100	20917	732	0	21885
10614	19575	87	436	412	0	20510
10615	425	20484	407	172	0	21488
10616	19576	338	154	141	0	20209
10617	400	279	18596	115	0	19390
10618	327	86	17982	116	0	18511
10619	103	17411	556	92	0	18162
10620	15161	662	965	293	0	17081
10621	14099	220	136	109	0	14564
10622	13976	48	50	69	0	14143
10623	351	13606	54	65	0	14076
10624	13399	197	38	61	0	13695
10625	227	161	13390	51	0	13829
10626	151	13260	207	56	0	13674
10627	12648	176	170	49	0	13043
10628	190	12861	62	33	0	13146
10629	12235	165	25	40	0	12465
10630	12004	116	25	39	0	12184
10631	262	36	12241	20	0	12559
10632	127	12278	172	43	0	12620
10633	12025	156	134	32	0	12347
10634	172	122	12057	38	0	12389
10635	126	12088	163	33	0	12410
10636	80	171	120	11717	0	12088
10637	29	106	11674	153	0	11962
10638	38	43	11494	111	0	11686
10639	39	53	208	11347	0	11647
10640	11142	18	111	137	0	11408
10641	134	11169	40	121	0	11464
10642	95	134	11067	43	0	11339
10643	55	106	10933	22	0	11116
10644	10220	40	176	18	0	10454
10645	126	10926	101	12	0	11165
10646	9602	64	69	10	0	9745
10647	73	9620	24	11	0	9728
10648	9722	77	33	17	0	9849
10649	9525	40	14	15	0	9594
10650	106	9493	18	9	0	9626
10651	57	74	3	9510	0	9644
10652	9998	46	4	86	0	10134
10653	72	19	9	10256	0	10356
10654	60	8	14	10848	0	10930
10655	10831	5	9	142	0	10987
10656	92	10935	20	69	0	11116
10657	11148	92	12	30	0	11282
10658	105	78	11103	17	0	11303
10659	74	14	90	11119	0	11297
10660	27	12	54	11107	0	11200
10661	11017	8	18	138	0	11181
10662	11027	10	13	74	0	11124
10663	152	14	8	10999	0	11173
10664	73	27	11141	105	0	11346
10665	31	10	91	11087	0	11219
10666	15	15	56	11226	0	11312
10667	18	7	16	11312	0	11353
10668	15	11	15	11329	0	11370
10669	11042	5	8	174	0	11229
10670	95	27	11181	77	0	11380
10671	67	11206	97	35	0	11405
10672	30	99	59	11080	0	11268
10673	30	61	18	11428	0	11537
10674	20	23	11462	155	0	11660
10675	17	43	11460	78	0	11598
10676	28	6	154	11725	0	11913
10677	34	8	71	11825	0	11938
10678	21	20	11609	187	0	11837
10679	21	15	114	11628	0	11778
10680	11836	9	75	144	0	12064
10681	129	12374	33	97	0	12633
10682	84	139	12271	43	0	12537
10683	22	12340	133	31	0	12526
10684	26	145	68	12315	0	12554
10685	34	80	12391	136	0	12641
10686	25	12365	142	93	0	12625
10687	32	124	66	12316	0	12538
10688	17	83	12619	140	0	12859
10689	24	17	126	12469	0	12636
10690	21	12	77	12530	0	12640
10691	12497	7	23	215	0	12742
10692	140	13	16	12563	0	12732
10693	12712	9	15	158	0	12894
10694	12431	7	23	97	0	12558
10695	12569	14	18	51	0	12652
10696	218	22	11	12543	0	12794
10697	113	23	12529	144	0	12809
10698	34	26	12521	98	0	12679
10699	12338	14	199	57	0	12608
10700	139	20	12625	42	0	12826
10701	12010	15	172	36	0	12233
10702	134	12340	95	30	0	12599
10703	12415	116	42	37	0	12610
10704	149	86	12558	42	0	12835
10705	88	32	12884	28	0	13032
10706	26	14	200	12937	0	13177
10707	25	24	13527	142	0	13718
10708	20	31	13870	104	0	14025
10709	27	16	224	14364	0	14631
10710	30	15	114	15096	0	15255
10711	18	17	37	15490	0	15562
10712	14	15609	34	325	0	15982
10713	31	195	21	15135	0	15382
10714	15	15988	36	204	0	16243
10715	15895	204	24	145	0	16268
10716	16057	136	18	59	0	16270
10717	320	34	30	15475	0	15859
10718	166	15621	39	209	0	16035
10719	54	185	16058	176	0	16473
10720	16091	132	207	63	0	16493
10721	226	33	152	16271	0	16682
10722	163	24	43	16446	0	16676
10723	64	31	31	16654	0	16780
10724	16192	12	29	390	0	16623
10725	213	15855	50	215	0	16333
10726	168	16173	37	73	0	16451
10727	15577	323	36	43	0	15979
10728	208	15904	49	40	0	16201
10729	15964	228	28	47	0	16267
10730	15945	154	30	47	0	16176
10731	342	15802	49	69	0	16262
10732	192	213	28	15415	0	15848
10733	48	15852	37	234	0	16171
10734	45	227	35	15733	0	16040
10735	41	154	28	16303	0	16526
10736	16335	53	31	391	0	16810
10737	16756	27	39	226	0	17048
10738	407	27	18	16749	0	17201
10739	226	39	16494	269	0	17028
10740	16049	21	242	215	0	16527
10741	235	16409	193	98	0	16935
10742	201	240	48	16405	0	16894
10743	80	176	49	16545	0	16850
10744	60	55	29	16750	0	16894
10745	15963	41	26	461	0	16491
10746	15960	28	34	265	0	16287
10747	400	15567	54	102	0	16123
10748	227	15705	52	66	0	16050
10749	102	381	30	15513	0	16026
10750	76	217	27	15714	0	16034
10751	62	96	15643	406	0	16207
10752	76	76	227	15372	0	15751
10753	58	59	15142	295	0	15554
10754	62	51	14500	207	0	14820
10755	47	14305	363	93	0	14808
10756	101	226	209	14124	0	14660
10757	14167	174	76	254	0	14671
10758	241	56	26	14209	0	14532
10759	188	56	14049	275	0	14568
10760	13748	41	211	207	0	14207
10761	13992	43	167	104	0	14306
10762	395	57	13923	73	0	14448
10763	240	49	206	14058	0	14553
10764	13993	48	164	246	0	14451
10765	244	14181	64	219	0	14708
10766	14448	218	40	93	0	14799
10767	14657	183	29	86	0	14955
10768	402	74	35	14493	0	15004
10769	233	52	36	14910	0	15231
10770	14812	47	27	417	0	15303
10771	258	53	28	15080	0	15419
10772	222	51	14960	314	0	15547
10773	14526	38	225	234	0	15023
10774	14722	46	185	104	0	15057
10775	407	14523	86	75	0	15091
10776	228	14691	48	89	0	15056
10777	91	432	33	14087	0	14643
10778	70	14664	49	257	0	15040
10779	95	321	32	14539	0	14987
10780	14220	178	40	290	0	14728
10781	13844	55	31	212	0	14142
10782	377	13639	60	95	0	14171
10783	13582	216	38	71	0	13907
10784	264	13634	45	69	0	14012
10785	13615	234	35	77	0	13961
10786	13629	185	34	74	0	13922
10787	385	76	13328	77	0	13866
10788	13110	45	203	61	0	13419
10789	260	13057	190	66	0	13573
10790	205	13295	67	68	0	13635
10791	13213	339	57	64	0	13673
10792	261	223	37	13278	0	13799
10793	214	73	13258	236	0	13781
10794	100	52	200	13298	0	13650
10795	82	49	162	13382	0	13675
10796	75	48	13031	382	0	13536
10797	12353	45	203	219	0	12820
10798	242	12739	183	101	0	13265
10799	12625	201	52	73	0	12951
10800	271	162	40	12399	0	12872
10801	12470	56	37	226	0	12789
10802	262	12409	48	181	0	12900
10803	222	236	32	12353	0	12843
10804	12172	162	18	237	0	12589
10805	230	62	11735	191	0	12218
10806	191	46	11168	82	0	11487
10807	10453	59	321	69	0	10902
10808	216	10476	170	54	0	10916
10809	128	9372	48	46	0	9594
10810	215	282	103	8576	0	9176
10811	50	8884	30	115	0	9079
10812	75	155	34	8659	0	8923
10813	54	100	27	8845	0	9026
10814	55	34	21	8743	0	8853
10815	46	8568	26	204	0	8844
10816	47	125	20	8560	0	8752
10817	44	96	8400	133	0	8673
10818	38	7525	104	750	0	8417
10819	63	138	67	7399	0	7667
10820	35	7654	30	113	0	7832
10821	7481	102	37	78	0	7698
10822	7502	76	10	40	0	7628
10823	7508	32	21	28	0	7589
10824	156	7667	23	29	0	7875
10825	99	108	15	7637	0	7859
10826	45	81	7579	100	0	7805
10827	42	39	7536	78	0	7695
10828	7185	45	142	42	0	7414
10829	7278	38	73	35	0	7424
10830	151	38	20	7486	0	7695
10831	88	30	18	7672	0	7808
10832	36	30	7819	166	0	8051
10833	35	7218	101	596	0	7950
10834	24	7778	90	59	0	7951
10835	42	128	7362	37	0	7569
10836	52	148	115	6873	0	7188
10837	38	23	61	6341	0	6463
10838	23	24	12	6919	0	6978
10839	25	18	8	6939	0	6990
10840	6856	19	6	118	0	6999
10841	75	19	6731	60	0	6885
10842	6654	18	65	20	0	6757
10843	89	17	52	6750	0	6908
10844	6795	19	6	75	0	6895
10845	83	17	15	6836	0	6951
10846	62	22	6910	77	0	7071
10847	18	25	66	6961	0	7070
10848	24	21	7229	74	0	7348
10849	15	26	65	7096	0	7202
10850	10	21	7431	86	0	7548
10851	14	7324	66	66	0	7470
10852	12	69	57	7255	0	7393
10853	21	57	12	7209	0	7299
10854	16	7303	17	105	0	7441
10855	7437	65	9	63	0	7574
10856	71	56	9	7403	0	7539
10857	58	13	12	7372	0	7455
10858	7466	13	7	131	0	7617
10859	7609	9	12	78	0	7708
10860	7869	14	20	36	0	7939
10861	7928	8	14	26	0	7976
10862	123	24	7687	22	0	7856
10863	7670	15	67	26	0	7778
10864	7850	11	64	26	0	7951
10865	121	11	15	7523	0	7670
10866	68	15	14	7479	0	7576
10867	7255	11	11	126	0	7403
10868	61	7218	18	76	0	7373
10869	62	63	9	7026	0	7160
10870	12	55	7180	78	0	7325
10871	11	6999	49	51	0	7110
10872	6827	77	47	23	0	6974
10873	6859	33	18	15	0	6925
10874	6856	8	5	13	0	6882
10875	6923	3	6	15	0	6947
10876	71	4	4	6777	0	6856
10877	42	12	6778	44	0	6876
10878	22	9	7053	43	0	7127
10879	9	4	85	7479	0	7577
10880	7959	3	44	70	0	8076
10881	64	2	7	8048	0	8121
10882	59	14	8195	64	0	8332
10883	8218	7	58	72	0	8355
10884	8307	2	58	23	0	8390
10885	113	8	9	8421	0	8551
10886	72	6	8663	74	0	8815
10887	13	14	8779	64	0	8870
10888	8450	5	118	22	0	8595
10889	65	8730	62	11	0	8868
10890	71	78	8811	12	0	8972
10891	18	59	62	8761	0	8900
10892	8704	6	64	75	0	8849
10893	67	8589	19	69	0	8744
10894	62	8681	11	21	0	8775
10895	8687	110	4	22	0	8823
10896	69	65	4	8683	0	8821
10897	9218	7	11	85	0	9321
10898	82	2	9	9484	0	9577
10899	74	5	13	9538	0	9630
10900	21	24	9530	151	0	9726
10901	17	15	9236	91	0	9359
10902	22	9	9683	20	0	9734
10903	27	5	169	9506	0	9707
10904	9735	3	85	98	0	9921
10905	111	10	9774	96	0	9991
10906	98	6	95	9798	0	9997
10907	18	16	10168	115	0	10317
10908	21	10221	111	94	0	10447
10909	23	99	100	10322	0	10544
10910	20	96	17	10339	0	10472
10911	23	3	13	10462	0	10501
10912	10308	8	12	202	0	10530
10913	111	10	15	10373	0	10509
10914	111	9	10	10418	0	10548
10915	10300	5	20	214	0	10539
10916	114	15	10265	116	0	10510
10917	10228	10	104	18	0	10360
10918	10279	12	108	26	0	10425
10919	207	16	10248	34	0	10505
10920	10043	11	109	26	0	10189
10921	127	17	108	10340	0	10592
10922	126	19	10628	116	0	10889
10923	10491	9	104	113	0	10717
10924	10640	13	110	31	0	10794
10925	209	7	22	10584	0	10822
10926	127	7	18	10626	0	10778
10927	37	3	20	10750	0	10810
10928	10462	4	18	223	0	10707
10929	104	10528	30	134	0	10796
10930	10356	87	23	37	0	10503
10931	102	10065	26	28	0	10221
10932	99	9907	30	28	0	10064
10933	35	154	26	9919	0	10134
10934	31	86	18	10036	0	10171
10935	31	9	12	10029	0	10081
10936	31	10	20	10035	0	10096
10937	16	25	9822	183	0	10046
10938	9534	9	95	114	0	9752
10939	103	14	96	9901	0	10114
10940	107	30	9976	112	0	10225
10941	36	6	90	10056	0	10188
10942	25	11	101	10160	0	10297
10943	35	12	10392	188	0	10627
10944	35	21	90	10394	0	10540
10945	23	16	103	10426	0	10568
10946	10241	4	10	207	0	10462
10947	106	13	10428	116	0	10663
10948	9922	10	104	36	0	10072
10949	102	10444	98	44	0	10688
10950	10301	86	22	43	0	10452
10951	10124	86	28	39	0	10277
10952	189	9	23	10109	0	10330
10953	107	27	10087	115	0	10336
10954	35	10703	98	109	0	10945
10955	36	118	92	10116	0	10362
10956	16	11241	38	99	0	11394
10957	11139	108	23	126	0	11396
10958	121	111	10991	31	0	11254
10959	118	20	10910	40	0	11088
10960	30	26	190	10728	0	10974
10961	22	24	11107	130	0	11283
10962	22	14	113	11150	0	11299
10963	27	14	102	11108	0	11251
10964	11260	10	17	225	0	11512
10965	123	11350	33	124	0	11630
10966	124	116	27	11467	0	11734
10967	30	98	28	11632	0	11788
10968	35	6	17	11543	0	11601
10969	19	11420	44	213	0	11696
10970	27	11463	28	131	0	11649
10971	11324	197	21	45	0	11587
10972	11392	103	23	34	0	11552
10973	11417	19	16	36	0	11488
10974	212	24	11256	35	0	11527
10975	120	31	116	11161	0	11428
10976	22	27	11219	137	0	11405
10977	25	11090	117	132	0	11364
10978	10640	113	138	58	0	10949
10979	114	104	10514	36	0	10768
10980	119	27	105	10014	0	10265
10981	27	16	10274	115	0	10432
10982	9852	10	99	110	0	10071
10983	10178	14	89	39	0	10320
10984	10210	9	21	34	0	10274
10985	10090	15	15	35	0	10155
10986	179	16	10063	40	0	10298
10987	9770	11	93	35	0	9909
10988	9861	9	89	33	0	9992
10989	164	9862	31	25	0	10082
10990	9787	84	13	26	0	9910
10991	9917	80	11	33	0	10041
10992	165	16	21	9495	0	9697
10993	92	9929	27	94	0	10142
10994	10224	81	22	92	0	10419
10995	10798	83	22	28	0	10931
10996	194	27	11861	32	0	12114
10997	93	28	12151	26	0	12298
10998	37	25	12348	25	0	12435
10999	29	108	250	11983	0	12370
11000	12069	12	136	139	0	12356
11001	136	12119	36	135	0	12426
11002	11908	123	24	38	0	12093
11003	132	12074	31	30	0	12267
11004	11884	131	27	27	0	12069
11005	138	11908	30	23	0	12099
11006	130	11966	24	22	0	12142
11007	11500	204	18	21	0	11743
11008	131	11736	31	12	0	11910
11009	119	123	18	11572	0	11832
11010	54	112	11653	106	0	11925
11011	47	40	11662	100	0	11849
11012	34	23	206	11506	0	11769
11013	22	14	118	11782	0	11936
11014	24	36	11681	209	0	11950
11015	37	15	120	11599	0	11771
11016	31	22	111	11785	0	11949
11017	11751	10	35	219	0	12015
11018	128	11814	28	137	0	12107
11019	135	116	25	11164	0	11440
11020	50	11919	22	123	0	12114
11021	11683	131	27	107	0	11948
11022	132	11764	44	37	0	11977
11023	11777	136	20	30	0	11963
11024	11706	117	19	29	0	11871
11025	231	37	19	11525	0	11812
11026	139	42	22	11587	0	11790
11027	65	27	21	11716	0	11829
11028	50	30	25	11743	0	11848
11029	37	35	11425	233	0	11730
11030	10688	23	125	159	0	10995
11031	130	11389	132	59	0	11710
11032	131	119	36	11488	0	11774
11033	50	119	25	11458	0	11652
11034	43	11630	41	217	0	11931
11035	11605	130	35	133	0	11903
11036	146	11876	40	49	0	12111
11037	133	150	30	11778	0	12091
11038	64	130	19	11985	0	12198
11039	47	55	21	12031	0	12154
11040	61	41	18	11925	0	12045
11041	11633	38	18	255	0	11944
11042	152	45	11668	160	0	12025
11043	140	37	136	11389	0	11702
11044	57	31	128	11517	0	11733
11045	51	30	43	11589	0	11713
11046	52	29	52	11510	0	11643
11047	11096	24	41	274	0	11435
11048	151	34	11224	178	0	11587
11049	151	60	130	10609	0	10950
11050	60	10678	128	137	0	11003
11051	51	11023	50	143	0	11267
11052	10911	233	28	78	0	11250
11053	162	164	10968	54	0	11348
11054	10042	58	111	48	0	10259
11055	160	57	10317	38	0	10572
11056	130	31	108	9757	0	10026
11057	9936	22	94	131	0	10183
11058	102	10127	49	134	0	10412
11059	119	109	36	9542	0	9806
11060	42	9892	41	116	0	10091
11061	9897	126	23	130	0	10176
11062	9885	104	29	61	0	10079
11063	191	45	27	9889	0	10152
11064	118	34	9780	141	0	10073
11065	46	28	9753	147	0	9974
11066	57	44	174	9544	0	9819
11067	32	9805	117	124	0	10078
11068	34	132	38	10176	0	10380
11069	39	118	21	9805	0	9983
11070	44	55	18	9907	0	10024
11071	36	41	9810	232	0	10119
11072	45	33	104	9803	0	9985
11073	43	28	90	9795	0	9956
11074	29	9787	35	260	0	10111
11075	26	129	21	9390	0	9566
11076	23	96	24	10122	0	10265
11077	33	30	21	10203	0	10287
11078	27	17	25	10161	0	10230
11079	45	24	13	9977	0	10059
11080	26	23	24	9995	0	10068
11081	29	16	23	9826	0	9894
11082	27	27	32	9635	0	9721
11083	36	39	9096	341	0	9512
11084	36	29	95	9337	0	9497
11085	9240	21	88	160	0	9509
11086	111	25	31	9199	0	9366
11087	111	25	9279	172	0	9587
11088	8925	28	104	151	0	9208
11089	9377	23	85	78	0	9563
11090	9424	26	38	45	0	9533
11091	9446	21	30	55	0	9552
11092	216	14	12	9465	0	9707
11093	120	27	9344	163	0	9654
11094	49	9087	100	155	0	9391
11095	29	8511	102	75	0	8717
11096	105	238	264	6721	0	7328
11097	27	35	57	6721	0	6840
11098	9	10	7	6638	0	6664
11099	7	7	5	6835	0	6854
11100	12	4	6	7431	0	7453
11101	7941	2	9	99	0	8051
11102	65	8122	14	55	0	8256
11103	57	8446	14	18	0	8535
11104	22	145	5	8567	0	8739
11105	12	69	5	8712	0	8798
11106	13	11	8	8732	0	8764
11107	12	6	4	8674	0	8696
11108	9	15	8342	176	0	8542
11109	11	8316	97	83	0	8507
11110	9	92	62	8259	0	8422
11111	8180	60	8	107	0	8355
11112	87	18	6	8296	0	8407
11113	62	20	8378	111	0	8571
11114	13	18	8253	85	0	8369
11115	9	21	8498	34	0	8562
11116	18	31	149	8207	0	8405
11117	8480	5	88	121	0	8694
11118	92	7	15	8583	0	8697
11119	62	9	12	8814	0	8897
11120	8805	4	10	174	0	8993
11121	97	7	6	9059	0	9169
11122	70	5	9	9134	0	9218
11123	25	11	9433	164	0	9633
11124	17	9528	101	86	0	9732
11125	13	96	71	9874	0	10054
11126	9854	65	20	120	0	10059
11127	107	14	15	9972	0	10108
11128	74	27	9971	136	0	10208
11129	29	21	100	9956	0	10106
11130	14	10122	77	127	0	10340
11131	9	107	20	10282	0	10418
11132	28	86	10185	145	0	10444
11133	14	10878	107	107	0	11106
11134	19	137	83	11020	0	11259
11135	11	98	33	12077	0	12219
11136	24	25	14	12418	0	12481
11137	10	18	17	12581	0	12626
11138	19	21	12267	296	0	12603
11139	14	12294	156	170	0	12634
11140	12307	156	122	62	0	12647
11141	12449	116	33	48	0	12646
11142	259	29	18	12380	0	12686
11143	137	24	12335	181	0	12677
11144	11946	16	152	161	0	12275
11145	158	15	129	12485	0	12787
11146	124	29	12918	182	0	13253
11147	37	10	156	13015	0	13218
11148	34	9	131	12977	0	13151
11149	24	12	37	13154	0	13227
11150	26	25	13209	313	0	13573
11151	56	21	161	12532	0	12770
11152	28	13222	139	201	0	13590
11153	13275	149	40	163	0	13627
11154	13338	129	20	79	0	13566
11155	13372	40	26	71	0	13509
11156	282	13178	48	70	0	13578
11157	13244	149	30	71	0	13494
11158	173	130	21	13008	0	13332
11159	13008	32	30	201	0	13271
11160	12961	17	25	180	0	13183
11161	286	33	12762	80	0	13161
11162	156	12737	166	62	0	13121
11163	12660	155	138	67	0	13020
11164	176	134	41	12743	0	13094
11165	146	48	12747	197	0	13138
11166	58	12710	170	165	0	13103
11167	12444	155	142	79	0	12820
11168	167	129	37	12514	0	12847
11169	155	38	24	12652	0	12869
11170	62	22	20	12640	0	12744
11171	33	12497	32	315	0	12877
11172	50	154	31	12557	0	12792
11173	35	12520	46	215	0	12816
11174	44	164	35	12534	0	12777
11175	48	141	12421	200	0	12810
11176	46	38	155	12526	0	12765
11177	47	28	132	12577	0	12784
11178	44	22	37	12771	0	12874
11179	45	37	12485	332	0	12899
11180	42	23	163	12511	0	12739
11181	41	25	143	12712	0	12921
11182	43	27	49	12835	0	12954
11183	39	36	34	12824	0	12933
11184	46	26	31	12910	0	13013
11185	47	42	12579	330	0	12998
11186	53	27	153	12536	0	12769
11187	35	29	146	12389	0	12599
11188	12045	18	41	316	0	12420
11189	167	11982	44	211	0	12404
11190	163	12222	57	101	0	12543
11191	64	262	30	12149	0	12505
11192	56	147	36	11948	0	12187
11193	37	11735	34	321	0	12127
11194	57	146	36	11753	0	11992
11195	43	11775	47	220	0	12085
11196	45	175	43	11757	0	12020
11197	49	142	33	11669	0	11893
11198	49	40	11317	288	0	11694
11199	47	11109	146	202	0	11504
11200	27	10774	125	95	0	11021
11201	9590	205	79	61	0	9935
11202	88	9789	30	62	0	9969
11203	110	103	17	9482	0	9712
11204	51	95	9345	131	0	9622
11205	30	51	100	9296	0	9477
11206	9154	37	85	130	0	9406
11207	104	46	9499	126	0	9775
11208	97	9616	94	70	0	9877
11209	49	114	105	8647	0	8915
11210	32	95	37	9755	0	9919
11211	9855	32	18	202	0	10107
11212	99	21	22	9990	0	10132
11213	86	23	20	9901	0	10030
11214	34	22	26	9902	0	9984
11215	15	34	11	9853	0	9913
11216	9576	24	22	220	0	9842
11217	9523	22	16	148	0	9709
11218	152	20	18	9555	0	9745
11219	9358	19	21	135	0	9533
11220	94	22	22	9155	0	9293
11221	90	28	8914	149	0	9181
11222	35	26	8749	138	0	8948
11223	48	72	147	8076	0	8343
11224	22	8317	93	114	0	8546
11225	28	95	29	8162	0	8314
11226	8035	74	14	125	0	8248
11227	83	16	15	8185	0	8299
11228	8084	17	15	131	0	8247
11229	84	20	21	8252	0	8377
11230	79	33	8259	112	0	8483
11231	27	8168	68	115	0	8378
11232	19	8329	69	64	0	8481
11233	29	234	30	7412	0	7705
11234	16	70	7515	79	0	7680
11235	7	6569	24	34	0	6634
11236	21	61	36	6177	0	6295
11237	6066	22	3	25	0	6116
11238	16	13	6261	20	0	6310
11239	13	4	13	6213	0	6243
11240	5	2	11	6385	0	6403
11241	4	15	6400	29	0	6448
11242	3	8	6169	20	0	6200
11243	3	17	6422	11	0	6453
11244	3	8	27	6423	0	6461
11245	2	11	6623	16	0	6652
11246	6032	2	16	25	0	6075
11247	23	1	19	6916	0	6959
11248	26	14	8242	30	0	8312
11249	5	8502	27	39	0	8573
11250	6	40	8585	15	0	8646
11251	8	36	28	8552	0	8624
11252	8819	11	44	40	0	8914
11253	27	3	12	9030	0	9072
11254	43	3	3	9108	0	9157
11255	9765	1	4	89	0	9859
11256	60	4	3	10158	0	10225
11257	51	16	10368	77	0	10512
11258	10146	4	69	71	0	10290
11259	65	10566	72	11	0	10714
11260	10755	68	9	19	0	10851
11261	76	61	2	10750	0	10889
11262	63	17	10754	71	0	10905
11263	15	21	10935	63	0	11034
11264	7	12	124	10800	0	10943
11265	8	0	66	10743	0	10817
11266	4	16	10856	119	0	10995
11267	7	19	10643	70	0	10739
11268	10710	4	134	16	0	10864
11269	79	4	69	10905	0	11057
11270	11037	1	14	87	0	11139
11271	91	5	6	10998	0	11100
11272	66	22	11534	90	0	11712
11273	14	25	11964	68	0	12071
11274	13	3	144	12074	0	12234
11275	8	1	76	12388	0	12473
11276	16	17	12581	158	0	12772
11277	12355	1	109	96	0	12561
11278	111	1	72	12954	0	13138
11279	13471	2	13	133	0	13619
11280	122	15078	27	95	0	15322
11281	102	150	12	15413	0	15677
11282	15541	112	10	180	0	15843
11283	170	36	15741	133	0	16080
11284	135	9	167	15794	0	16105
11285	26	8	126	15859	0	16019
11286	27	1	31	16209	0	16268
11287	22	20	15961	309	0	16312
11288	15	5	184	15740	0	15944
11289	13	15940	150	189	0	16292
11290	18	172	28	16154	0	16372
11291	18	130	15976	204	0	16328
11292	30	38	16228	139	0	16435
11293	22	18	305	16153	0	16498
11294	25	12	148	16379	0	16564
11295	27	13	38	16641	0	16719
11296	19	1	36	16720	0	16776
11297	16404	6	24	353	0	16787
11298	16386	8	21	175	0	16590
11299	304	24	16336	65	0	16729
11300	154	16721	201	50	0	17126
11301	55	173	136	16945	0	17309
11302	17402	128	37	220	0	17787
11303	16762	25	39	177	0	17003
11304	17551	14	27	76	0	17668
11305	17586	10	28	69	0	17693
11306	348	31	17294	42	0	17715
11307	16759	11	192	52	0	17014
11308	211	16896	165	43	0	17315
11309	163	170	46	17019	0	17398
11310	42	160	17102	212	0	17516
11311	47	22	204	16994	0	17267
11312	38	45	17138	230	0	17451
11313	39	27	212	17115	0	17393
11314	40	13	157	17357	0	17567
11315	17243	13	44	370	0	17670
11316	212	11	42	17486	0	17751
11317	169	43	17572	262	0	18046
11318	55	18	210	17991	0	18274
11319	17897	9	167	264	0	18337
11320	226	14	58	18193	0	18491
11321	168	35	18009	262	0	18474
11322	47	17909	229	202	0	18387
11323	18234	188	166	101	0	18689
11324	230	149	65	17586	0	18030
11325	167	18452	87	208	0	18914
11326	18327	207	36	195	0	18765
11327	232	164	18357	88	0	18841
11328	182	18225	217	83	0	18707
11329	75	199	180	18344	0	18798
11330	56	161	18210	233	0	18660
11331	57	28	217	17979	0	18281
11332	17816	31	175	268	0	18290
11333	226	39	17893	218	0	18376
11334	185	21	214	17714	0	18134
11335	68	38	17976	265	0	18347
11336	69	29	226	17775	0	18099
11337	54	25	172	18127	0	18378
11338	17767	25	56	387	0	18235
11339	225	17949	68	232	0	18474
11340	201	189	50	18039	0	18479
11341	17881	144	48	272	0	18345
11342	17939	36	47	222	0	18244
11343	357	61	50	17536	0	18004
11344	174	17527	57	266	0	18024
11345	74	17860	78	177	0	18189
11346	70	352	59	17315	0	17796
11347	77	182	56	17099	0	17414
11348	15714	33	43	344	0	16134
11349	220	31	53	15599	0	15903
11350	142	38	15006	251	0	15437
11351	14022	25	194	201	0	14442
11352	206	14678	140	93	0	15117
11353	14593	171	67	67	0	14898
11354	207	122	14838	95	0	15262
11355	135	14905	192	46	0	15278
11356	14690	183	173	76	0	15122
11357	14597	113	87	69	0	14866
11358	272	48	14574	46	0	14940
11359	14344	31	183	51	0	14609
11360	14594	22	111	52	0	14779
11361	283	14815	37	45	0	15180
11362	146	156	32	15199	0	15533
11363	55	146	15127	202	0	15530
11364	67	31	179	15434	0	15711
11365	48	61	15694	215	0	16018
11366	46	34	182	15500	0	15762
11367	15664	17	152	239	0	16072
11368	199	14	61	16117	0	16391
11369	157	35	17353	222	0	17767
11370	17510	18	237	176	0	17941
11371	261	16	183	18230	0	18690
11372	191	41	17871	271	0	18374
11373	16968	11	259	208	0	17446
11374	268	19	193	17593	0	18073
11375	204	36	17344	270	0	17854
11376	68	30	17211	204	0	17513
11377	74	184	367	16706	0	17331
11378	40	30	17179	236	0	17485
11379	43	16534	249	181	0	17007
11380	58	234	155	14620	0	15067
11381	14494	109	39	179	0	14821
11382	145	30	14624	127	0	14926
11383	122	24	14485	29	0	14660
11384	13464	7	266	30	0	13767
11385	153	13	14589	20	0	14775
11386	13714	5	165	28	0	13912
11387	159	23	14417	10	0	14609
11388	142	6	152	14111	0	14411
11389	31	23	14557	137	0	14748
11390	20	7	152	14373	0	14552
11391	19	18	14820	147	0	15004
11392	18	20	14506	127	0	14671
11393	13263	16	256	40	0	13575
11394	137	14464	146	26	0	14773
11395	14539	130	47	26	0	14742
11396	147	14718	39	21	0	14925
11397	133	136	29	14618	0	14916
11398	51	121	16	14909	0	15097
11399	14743	21	25	253	0	15042
11400	152	20	20	14547	0	14739
11401	136	20	14379	159	0	14694
11402	13749	10	150	151	0	14060
11403	14204	6	140	37	0	14387
11404	254	10	46	14160	0	14470
11405	151	16	14383	157	0	14707
11406	51	6	161	14201	0	14419
11407	25	14433	158	164	0	14780
11408	30	140	37	14471	0	14678
11409	38	123	26	14640	0	14827
11410	24	40	14383	280	0	14727
11411	12766	18	162	185	0	13131
11412	143	14240	154	56	0	14593
11413	14200	142	54	39	0	14435
11414	165	14440	53	34	0	14692
11415	157	166	40	13896	0	14259
11416	46	14410	57	156	0	14669
11417	34	169	14022	138	0	14363
11418	34	638	155	13019	0	13846
11419	49	27	157	13710	0	13943
11420	36	19	47	14012	0	14114
11421	13659	12	47	307	0	14025
11422	159	14	43	13743	0	13959
11423	13509	10	50	194	0	13763
11424	13553	18	41	168	0	13780
11425	13455	8	55	73	0	13591
11426	289	37	13444	50	0	13820
11427	194	10	170	13426	0	13800
11428	65	17	164	13881	0	14127
11429	58	19	64	14131	0	14272
11430	14465	15	49	334	0	14863
11431	196	15	66	14660	0	14937
11432	190	17	67	14880	0	15154
11433	15410	17	54	359	0	15840
11434	215	12	56	15912	0	16195
11435	227	39	16222	228	0	16716
11436	65	37	16515	241	0	16858
11437	62	24	415	16508	0	17009
11438	16355	24	256	241	0	16876
11439	16104	16	94	252	0	16466
11440	441	18	55	16132	0	16646
11441	266	22	16148	246	0	16682
11442	69	16038	269	249	0	16625
11443	79	205	241	16195	0	16720
11444	49	213	70	16399	0	16731
11445	68	35	61	16547	0	16711
11446	16232	33	52	459	0	16776
11447	230	31	16326	282	0	16869
11448	16414	29	246	94	0	16783
11449	280	25	223	16002	0	16530
11450	240	16473	85	248	0	17046
11451	16549	217	48	259	0	17073
11452	16438	213	37	95	0	16783
11453	446	60	17173	87	0	17766
11454	262	16459	252	81	0	17054
11455	86	16225	247	71	0	16629
11456	15994	381	75	72	0	16522
11457	240	220	42	15997	0	16499
11458	260	50	29	15882	0	16221
11459	81	35	30	15697	0	15843
11460	62	15332	48	434	0	15876
11461	42	15510	51	248	0	15851
11462	14991	358	22	87	0	15458
11463	224	210	16	14784	0	15234
11464	198	52	15433	224	0	15907
11465	63	27	194	16066	0	16350
11466	48	41	17641	270	0	18000
11467	65	40	17717	270	0	18092
11468	71	48	17839	67	0	18025
11469	26	15903	464	50	0	16443
11470	107	247	379	14324	0	15057
11471	36	15300	84	183	0	15603
11472	53	246	46	14224	0	14569
11473	36	223	33	15024	0	15316
11474	14921	43	19	432	0	15415
11475	208	31	21	15079	0	15339
11476	14976	18	19	262	0	15275
11477	14920	17	23	253	0	15213
11478	422	21	23	14295	0	14761
11479	248	14532	37	228	0	15045
11480	72	198	21	14305	0	14596
11481	45	14708	28	236	0	15017
11482	50	222	17	14683	0	14972
11483	39	230	14512	265	0	15046
11484	45	48	201	14620	0	14914
11485	41	32	219	14735	0	15027
11486	14192	27	57	444	0	14720
11487	205	14424	59	281	0	14969
11488	241	203	33	14459	0	14936
11489	66	216	38	14220	0	14540
11490	48	14208	58	439	0	14753
11491	51	213	30	14324	0	14618
11492	13786	225	37	286	0	14334
11493	14099	57	27	282	0	14465
11494	404	13929	37	104	0	14474
11495	270	208	23	13925	0	14426
11496	13527	231	36	249	0	14043
11497	230	13877	35	276	0	14418
11498	264	226	29	12959	0	13478
11499	89	13916	46	219	0	14270
11500	13651	224	39	264	0	14178
11501	223	262	13628	99	0	14212
11502	254	76	13562	90	0	13982
11503	97	55	407	13498	0	14057
11504	68	57	13822	257	0	14204
11505	59	50	257	13507	0	13873
11506	13339	56	251	271	0	13917
11507	232	58	13762	277	0	14329
11508	248	54	222	13782	0	14306
11509	82	48	239	14066	0	14435
11510	13886	46	64	478	0	14474
11511	226	14156	68	316	0	14766
11512	14289	215	35	130	0	14669
11513	14054	233	39	106	0	14432
11514	423	13825	37	110	0	14395
11515	276	225	37	13905	0	14443
11516	93	272	13778	260	0	14403
11517	72	82	203	13676	0	14033
11518	56	13832	245	266	0	14399
11519	13945	235	74	265	0	14519
11520	222	246	59	14022	0	14549
11521	243	90	14274	282	0	14889
11522	80	82	213	14511	0	14886
11523	76	56	233	14638	0	15003
11524	64	55	70	14837	0	15026
11525	56	47	51	14877	0	15031
11526	63	48	46	14517	0	14674
11527	60	73	14028	512	0	14673
11528	139	60	13652	333	0	14184
11529	64	13403	385	134	0	13986
11530	48	13335	237	118	0	13738
11531	12978	344	97	106	0	13525
11532	207	214	13084	94	0	13599
11533	12094	97	222	115	0	12528
11534	200	67	12073	77	0	12417
11535	179	45	11406	73	0	11703
11536	67	53	276	10989	0	11385
11537	11449	38	190	194	0	11871
11538	167	35	59	11682	0	11943
11539	166	35	43	11765	0	12009
11540	37	38	12348	328	0	12751
11541	63	33	139	12448	0	12683
11542	48	20	144	12436	0	12648
11543	44	30	39	12538	0	12651
11544	56	23	36	12512	0	12627
11545	48	17	25	12554	0	12644
11546	12180	28	19	337	0	12564
11547	154	37	12	12274	0	12477
11548	157	40	11859	222	0	12278
11549	69	45	143	11932	0	12189
11550	42	36	11881	198	0	12157
11551	43	60	158	11876	0	12137
11552	33	36	12274	204	0	12547
11553	38	65	173	11430	0	11706
11554	32	38	150	11823	0	12043
11555	27	40	11698	288	0	12053
11556	10429	18	155	208	0	10810
11557	133	35	11916	83	0	12167
11558	142	36	166	11888	0	12232
11559	12069	21	149	167	0	12406
11560	145	21	54	12220	0	12440
11561	152	21	35	12264	0	12472
11562	58	32	12353	281	0	12724
11563	39	12135	134	189	0	12497
11564	26	11276	106	73	0	11481
11565	25	10900	45	61	0	11031
11566	220	78	166	8726	0	9190
11567	8761	15	34	38	0	8848
11568	17	5	2	8668	0	8692
11569	12	1	1	8698	0	8712
11570	9	2	1	8801	0	8813
11571	5	1	4	8777	0	8787
11572	3	8743	5	34	0	8785
11573	4	19	7	8856	0	8886
11574	2	14	2	8835	0	8853
11575	1	8873	9	32	0	8915
11576	9021	18	4	25	0	9068
11577	21	15	2	9015	0	9053
11578	9030	3	3	36	0	9072
11579	9000	2	4	27	0	9033
11580	29	9246	9	12	0	9296
11581	17	18	2	9636	0	9673
11582	10	22	9623	25	0	9680
11583	5	10	9543	22	0	9580
11584	3	16	33	9548	0	9600
11585	9735	5	19	35	0	9794
11586	9964	2	3	23	0	9992
11587	30	2	3	10110	0	10145
11588	10185	6	7	33	0	10231
11589	24	10169	9	12	0	10214
11590	10159	20	4	18	0	10201
11591	22	10780	8	7	0	10817
11592	17	20	3	10931	0	10971
11593	9	14	1	10951	0	10975
11594	9	10984	10	45	0	11048
11595	10869	22	55	31	0	10977
11596	27	38	10895	7	0	10967
11597	20	5	19	10808	0	10852
11598	13	16	11009	33	0	11071
11599	11	3	26	10955	0	10995
11600	11082	3	13	41	0	11139
11601	26	8	7	11071	0	11112
11602	10987	5	5	39	0	11036
11603	10968	2	8	34	0	11012
11604	41	9	9	10944	0	11003
11605	18	20	11063	37	0	11138
11606	15	11591	33	31	0	11670
11607	17	27	13	11271	0	11328
11608	11068	13	6	44	0	11131
11609	72	16	11069	29	0	11186
11610	24	11	23	11043	0	11101
11611	15	6	13	11004	0	11038
11612	7	9	9	11121	0	11146
11613	11062	7	7	60	0	11136
11614	26	7	8	10992	0	11033
11615	19	13	5	11110	0	11147
11616	12	14	11138	45	0	11209
11617	16	5	31	11099	0	11151
11618	10	4	17	11324	0	11355
11619	13	3	8	11417	0	11441
11620	9	11347	19	55	0	11430
11621	11	25	5	11071	0	11112
11622	13	26	6	11071	0	11116
11623	10687	9	2	61	0	10759
11624	37	17	10934	36	0	11024
11625	30	18	10616	22	0	10686
11626	12	10912	50	12	0	10986
11627	26	34	25	11014	0	11099
11628	10974	21	13	46	0	11054
11629	38	6	6	10823	0	10873
11630	25	8	11	10980	0	11024
11631	8	5	6	11036	0	11055
11632	14	3	7	10855	0	10879
11633	11	3	3	10802	0	10819
11634	10	16	10681	64	0	10771
11635	16	6	25	10621	0	10668
11636	10574	9	18	51	0	10652
11637	29	10434	19	35	0	10517
11638	25	27	6	10503	0	10561
11639	9	24	4	10427	0	10464
11640	5	24	10053	58	0	10140
11641	6	11	30	9933	0	9980
11642	14	4	20	10488	0	10526
11643	10640	3	11	72	0	10726
11644	42	11028	13	47	0	11130
11645	46	40	12	11196	0	11294
11646	11	38	7	11354	0	11410
11647	18	16	4	11480	0	11518
11648	17	16	11567	100	0	11700
11649	12	15	11393	66	0	11486
11650	14	11550	98	29	0	11691
11651	5	11815	50	31	0	11901
11652	11	75	15	11454	0	11555
11653	8	10831	19	82	0	10940
11654	9	67	7	12233	0	12316
11655	12	51	9	13573	0	13645
11656	18	8	9	14403	0	14438
11657	11	7	2	16293	0	16313
11658	12	22	16789	281	0	17104
11659	12	5	158	17110	0	17285
11660	11	6	163	17453	0	17633
11661	11	7	35	17824	0	17877
11662	17116	4	19	394	0	17533
11663	171	17738	29	247	0	18185
11664	212	199	15	15866	0	16292
11665	39	17998	23	192	0	18252
11666	17462	223	15	187	0	17887
11667	15103	241	9	89	0	15442
11668	309	17903	30	76	0	18318
11669	170	18422	16	69	0	18677
11670	69	406	17998	36	0	18509
11671	40	18705	195	42	0	18982
11672	36	271	193	18053	0	18553
11673	18310	234	48	235	0	18827
11674	205	18717	37	229	0	19188
11675	215	230	25	18927	0	19397
11676	51	230	10	19073	0	19364
11677	40	75	20	19510	0	19645
11678	18880	40	25	471	0	19416
11679	218	61	19045	288	0	19612
11680	18276	36	204	127	0	18643
11681	252	18766	217	81	0	19316
11682	222	235	48	18821	0	19326
11683	76	237	18739	262	0	19314
11684	17515	61	232	276	0	18084
11685	237	18836	225	77	0	19375
11686	230	251	60	18274	0	18815
11687	68	18869	58	238	0	19233
11688	48	267	37	18845	0	19197
11689	43	241	15	19136	0	19435
11690	37	87	18795	452	0	19371
11691	36	64	18196	288	0	18584
11692	42	58	405	18165	0	18670
11693	23	55	18601	304	0	18983
11694	38	37	258	18471	0	18804
11695	39	39	249	18264	0	18591
11696	38	30	80	18826	0	18974
11697	18412	26	52	525	0	19015
11698	237	26	59	18714	0	19036
11699	244	47	18703	346	0	19340
11700	18509	28	239	326	0	19102
11701	262	34	239	18940	0	19475
11702	263	37	75	19118	0	19493
11703	18741	38	51	509	0	19339
11704	241	19132	81	338	0	19792
11705	273	238	45	19198	0	19754
11706	86	244	41	18953	0	19324
11707	18593	80	49	511	0	19233
11708	253	78	18685	340	0	19356
11709	244	62	219	18605	0	19130
11710	83	48	240	18709	0	19080
11711	73	48	84	18318	0	18523
11712	53	18494	74	517	0	19138
11713	44	237	58	18733	0	19072
11714	18415	237	55	361	0	19068
11715	248	18478	68	336	0	19130
11716	18268	243	62	170	0	18743
11717	276	18684	56	139	0	19155
11718	18672	275	33	154	0	19134
11719	295	272	18467	125	0	19159
11720	274	133	18385	117	0	18909
11721	18119	68	414	125	0	18726
11722	285	81	18899	106	0	19371
11723	275	57	273	18597	0	19202
11724	130	53	268	17996	0	18447
11725	94	52	104	19032	0	19282
11726	18687	51	83	512	0	19333
11727	251	65	18580	360	0	19256
11728	18543	36	248	178	0	19005
11729	308	57	256	19016	0	19637
11730	19195	43	86	363	0	19687
11731	322	50	60	19497	0	19929
11732	20079	45	58	382	0	20564
11733	346	53	55	21271	0	21725
11734	292	81	21978	397	0	22748
11735	22104	50	311	357	0	22822
11736	23018	46	302	166	0	23532
11737	610	54	84	22904	0	23652
11738	393	64	62	22027	0	22546
11739	141	22950	103	603	0	23797
11740	22304	306	80	383	0	23073
11741	350	22892	108	187	0	23537
11742	22233	323	82	163	0	22801
11743	394	296	22430	131	0	23251
11744	340	114	22365	133	0	22952
11745	136	72	22185	139	0	22532
11746	21187	72	644	139	0	22042
11747	367	22059	374	117	0	22917
11748	351	296	136	21669	0	22452
11749	21352	267	97	343	0	22059
11750	339	22014	97	366	0	22816
11751	332	595	75	20505	0	21507
11752	113	21637	93	330	0	22173
11753	110	21038	80	316	0	21544
11754	110	21160	66	135	0	21471
11755	18741	557	173	161	0	19632
11756	249	19005	55	106	0	19415
11757	201	16545	54	57	0	16857
11758	85	15977	74	63	0	16199
11759	15433	285	156	66	0	15940
11760	15305	136	46	64	0	15551
11761	284	60	15001	48	0	15393
11762	14610	39	147	47	0	14843
11763	14971	28	126	42	0	15167
11764	277	32	34	14790	0	15133
11765	15072	23	32	172	0	15299
11766	180	39	14966	143	0	15328
11767	166	15755	157	40	0	16118
11768	15826	165	143	62	0	16196
11769	182	140	29	16338	0	16689
11770	16312	35	24	192	0	16563
11771	203	47	15666	171	0	16087
11772	15855	39	142	43	0	16079
11773	192	30	137	16236	0	16595
11774	165	49	16159	172	0	16545
11775	41	15702	164	160	0	16067
11776	35	16190	160	46	0	16431
11777	61	326	54	15614	0	16055
11778	48	167	33	14915	0	15163
11779	37	15814	24	257	0	16132
11780	15755	144	19	130	0	16048
11781	15676	140	24	29	0	15869
11782	15557	27	11	33	0	15628
11783	295	15748	34	42	0	16119
11784	189	161	15	14515	0	14880
11785	41	15890	25	141	0	16097
11786	15753	161	26	132	0	16072
11787	15560	147	19	42	0	15768
11788	300	15497	24	30	0	15851
11789	15668	156	13	41	0	15878
11790	193	145	8	15559	0	15905
11791	156	26	20	15631	0	15833
11792	15717	31	19	284	0	16051
11793	15505	30	18	157	0	15710
11794	15639	29	22	35	0	15725
11795	306	36	15	15454	0	15811
11796	176	25	21	15659	0	15881
11797	48	36	15585	283	0	15952
11798	38	33	153	15441	0	15665
11799	54	24	141	15179	0	15398
11800	52	45	14997	264	0	15358
11801	55	48	14595	158	0	14856
11802	38	35	15148	49	0	15270
11803	46	28	285	14883	0	15242
11804	45	53	14860	160	0	15118
11805	44	40	159	14740	0	14983
11806	62	42	140	15023	0	15267
11807	60	55	14994	290	0	15399
11808	40	64	15132	163	0	15399
11809	52	43	280	14941	0	15316
11810	37	52	15713	173	0	15975
11811	57	49	15604	163	0	15873
11812	50	15550	304	49	0	15953
11813	15833	169	168	37	0	16207
11814	15949	160	45	31	0	16185
11815	15981	43	33	51	0	16108
11816	321	15792	36	53	0	16202
11817	183	15968	45	43	0	16239
11818	77	284	26	15903	0	16290
11819	78	164	21	15873	0	16136
11820	64	46	15682	306	0	16098
11821	52	52	153	15686	0	15943
11822	15670	39	153	177	0	16039
11823	186	22	36	14767	0	15011
11824	171	15610	52	182	0	16015
11825	15915	161	34	147	0	16257
11826	16024	156	32	53	0	16265
11827	16241	41	37	43	0	16362
11828	317	35	16057	50	0	16459
11829	182	107	138	16018	0	16445
11830	16709	27	163	190	0	17089
11831	228	40	17080	169	0	17517
11832	177	16390	184	55	0	16806
11833	53	15526	161	32	0	15772
11834	14074	243	119	30	0	14466
11835	143	14117	52	30	0	14342
11836	144	131	20	13583	0	13878
11837	46	130	13803	138	0	14117
11838	50	55	128	13667	0	13900
11839	13617	14	113	132	0	13876
11840	126	13555	30	129	0	13840
11841	13486	114	26	26	0	13652
11842	122	127	13363	40	0	13652
11843	120	64	112	12681	0	12977
11844	30	13522	128	111	0	13791
11845	32	123	31	13644	0	13830
11846	13699	105	27	132	0	13963
11847	13787	26	16	110	0	13939
11848	13812	15	13	26	0	13866
11849	13871	18	16	27	0	13932
11850	222	12	20	13415	0	13669
11851	118	33	13618	140	0	13909
11852	38	26	115	13159	0	13338
11853	38	13618	116	114	0	13886
11854	13603	111	24	107	0	13845
11855	131	113	13601	25	0	13870
11856	13196	16	118	36	0	13366
11857	120	16	106	13508	0	13750
11858	113	32	13760	129	0	14034
11859	41	16	113	13712	0	13882
11860	13863	12	105	143	0	14123
11861	13889	8	31	124	0	14052
11862	14001	18	31	35	0	14085
11863	215	38	13910	37	0	14200
11864	128	32	105	13716	0	13981
11865	36	19	14104	120	0	14279
11866	28	13881	133	112	0	14154
11867	13126	118	107	37	0	13388
11868	113	12991	34	26	0	13164
11869	12267	80	40	31	0	12418
11870	98	65	17	11951	0	12131
11871	70	12316	15	88	0	12489
11872	12369	84	20	62	0	12535
11873	104	80	12494	14	0	12692
11874	78	16	78	12281	0	12453
11875	12357	18	54	96	0	12525
11876	105	14	12391	78	0	12588
11877	68	18	93	12059	0	12238
11878	32	12254	68	91	0	12445
11879	40	88	20	12469	0	12617
11880	35	68	19	12521	0	12643
11881	12052	27	13	147	0	12239
11882	104	12364	24	81	0	12573
11883	74	105	19	11979	0	12177
11884	30	12361	34	96	0	12521
11885	38	104	21	12112	0	12275
11886	29	12504	30	104	0	12667
11887	12401	89	18	74	0	12582
11888	112	83	12647	26	0	12868
11889	88	28	91	12471	0	12678
11890	31	17	69	12573	0	12690
11891	33	19	25	12631	0	12708
11892	35	28	21	12511	0	12595
11893	42	34	12367	151	0	12594
11894	52	12633	95	72	0	12852
11895	12635	89	60	37	0	12821
11896	12775	61	14	43	0	12893
11897	147	12758	27	34	0	12966
11898	12886	94	23	51	0	13054
11899	12909	70	18	42	0	13039
11900	159	13223	29	31	0	13442
11901	100	116	13	12802	0	13031
11902	44	13411	38	89	0	13582
11903	13264	101	26	81	0	13472
11904	111	87	13149	35	0	13382
11905	12323	13	101	58	0	12495
11906	124	38	13393	36	0	13591
11907	91	18	100	13280	0	13489
11908	13224	17	67	127	0	13435
11909	145	33	13247	75	0	13500
11910	12569	14	109	45	0	12737
11911	13069	14	73	45	0	13201
11912	167	28	19	12964	0	13178
11913	85	13227	29	118	0	13459
11914	13340	109	18	78	0	13545
11915	135	73	11	13148	0	13367
11916	82	13147	30	98	0	13357
11917	13113	111	12	83	0	13319
11918	131	60	21	13186	0	13398
11919	70	13637	41	125	0	13873
11920	48	104	19	13901	0	14072
11921	14016	66	28	132	0	14242
11922	13944	20	16	79	0	14059
11923	14016	25	32	36	0	14109
11924	161	15	29	13745	0	13950
11925	86	20	11	13728	0	13845
11926	44	36	13845	164	0	14089
11927	45	48	117	13877	0	14087
11928	48	43	14339	119	0	14549
11929	36	32	13480	74	0	13622
11930	19	14	13276	21	0	13330
11931	15	13677	103	57	0	13852
11932	41	81	98	12753	0	12973
11933	15	14638	31	50	0	14734
11934	14881	90	10	56	0	15037
11935	15020	63	8	31	0	15122
11936	151	20	12	15609	0	15792
11937	83	30	16228	110	0	16451
11938	28	13	110	16286	0	16437
11939	27	31	16792	143	0	16993
11940	21	17	124	16268	0	16430
11941	16	16761	108	125	0	17010
11942	13	17100	37	107	0	17257
11943	16817	197	8	35	0	17057
11944	130	111	16987	22	0	17250
11945	108	24	123	16733	0	16988
11946	32	13	89	16993	0	17127
11947	17067	12	21	231	0	17331
11948	133	17245	28	128	0	17534
11949	17278	116	20	39	0	17453
11950	126	17611	31	40	0	17808
11951	17366	131	20	25	0	17542
11952	17616	94	22	35	0	17767
11953	228	22	19	17682	0	17951
11954	110	41	17769	141	0	18061
11955	17059	12	141	121	0	17333
11956	138	17889	120	33	0	18180
11957	18054	136	22	39	0	18251
11958	140	107	15	17536	0	17798
11959	123	28	10	17458	0	17619
11960	36	17582	26	220	0	17864
11961	49	130	10	17196	0	17385
11962	33	17716	26	145	0	17920
11963	36	138	19	17422	0	17615
11964	35	116	18	17254	0	17423
11965	16745	25	16	227	0	17013
11966	143	34	17000	130	0	17307
11967	113	16907	139	49	0	17208
11968	40	148	102	16855	0	17145
11969	17166	105	32	163	0	17466
11970	17388	23	30	126	0	17567
11971	17413	18	26	66	0	17523
11972	242	50	17281	36	0	17609
11973	17268	16	135	59	0	17478
11974	164	33	117	17511	0	17825
11975	17456	26	29	175	0	17686
11976	145	17407	27	153	0	17732
11977	143	149	26	17420	0	17738
11978	17358	119	18	164	0	17659
11979	153	17930	28	144	0	18255
11980	144	154	17	18037	0	18352
11981	53	156	18251	164	0	18624
11982	18395	37	151	158	0	18741
11983	19536	28	127	62	0	19753
11984	319	40	19647	56	0	20062
11985	196	19448	171	54	0	19869
11986	62	19976	182	43	0	20263
11987	73	317	43	19797	0	20230
11988	49	197	38	19531	0	19815
11989	52	43	29	20012	0	20136
11990	54	47	20037	377	0	20515
11991	19729	42	181	223	0	20175
11992	20890	28	184	73	0	21175
11993	21434	35	48	69	0	21586
11994	21481	42	22	66	0	21611
11995	21824	28	29	58	0	21939
11996	21966	29	31	67	0	22093
11997	416	45	31	22526	0	23018
11998	241	67	22559	242	0	23109
11999	77	57	22941	222	0	23297
12000	85	43	388	22961	0	23477
12001	79	30	210	23100	0	23419
12002	75	46	50	22860	0	23031
12003	65	23451	62	460	0	24038
12004	23553	255	34	253	0	24095
12005	286	24451	42	82	0	24861
12006	271	281	32	23859	0	24443
12007	23661	227	37	289	0	24214
12008	298	23945	42	255	0	24540
12009	291	264	29	23909	0	24493
12010	109	235	37	24186	0	24567
12011	82	66	25	24187	0	24360
12012	62	23821	49	532	0	24464
12013	90	269	21	24209	0	24589
12014	71	264	24058	346	0	24739
12015	81	59	268	24386	0	24794
12016	73	44	236	24554	0	24907
12017	79	49	46	25550	0	25724
12018	88	33	34	26050	0	26205
12019	72	67	25640	614	0	26393
12020	75	25712	329	367	0	26483
12021	85	332	278	25818	0	26513
12022	90	287	73	26561	0	27011
12023	87	78	46	26035	0	26246
12024	66	26017	75	663	0	26821
12025	56	26865	82	439	0	27442
12026	26375	606	41	169	0	27191
12027	409	359	31	25942	0	26741
12028	329	124	25779	425	0	26657
12029	99	25741	348	385	0	26573
12030	24989	352	312	136	0	25789
12031	383	339	24785	107	0	25614
12032	314	109	24558	105	0	25086
12033	117	59	24531	113	0	24820
12034	85	290	615	23495	0	24485
12035	63	67	23995	376	0	24501
12036	38	22933	420	326	0	23717
12037	60	302	285	22011	0	22658
12038	37	252	22401	354	0	23044
12039	43	85	323	22145	0	22596
12040	21705	58	269	394	0	22426
12041	299	62	21902	315	0	22578
12042	21318	47	309	154	0	21828
12043	332	22215	276	128	0	22951
12044	22261	292	102	99	0	22754
12045	372	260	68	22066	0	22766
12046	22283	88	66	355	0	22792
12047	22271	66	66	299	0	22702
12048	21828	75	76	142	0	22121
12049	536	22126	90	122	0	22874
12050	22186	290	91	106	0	22673
12051	22097	241	89	111	0	22538
12052	556	98	21784	113	0	22551
12053	335	21701	334	95	0	22465
12054	162	330	274	21498	0	22264
12055	118	273	105	21764	0	22260
12056	96	113	68	21973	0	22250
12057	99	84	21436	583	0	22202
12058	98	65	314	21579	0	22056
12059	84	58	21718	431	0	22291
12060	21233	61	362	353	0	22009
12061	21800	43	277	193	0	22313
12062	533	87	21885	141	0	22646
12063	21843	57	333	141	0	22374
12064	22230	55	287	127	0	22699
12065	22501	55	99	134	0	22789
12066	615	49	86	21960	0	22710
12067	376	79	22237	359	0	23051
12068	177	22378	334	330	0	23219
12069	146	312	273	22209	0	22940
12070	137	275	22430	346	0	23188
12071	120	123	21649	303	0	22195
12072	20765	100	495	164	0	21524
12073	308	21941	325	256	0	22830
12074	22115	298	129	144	0	22686
12075	22099	246	102	130	0	22577
12076	487	22085	125	134	0	22831
12077	22085	290	102	117	0	22594
12078	371	263	22479	125	0	23238
12079	324	98	22021	90	0	22533
12080	211	89	21988	99	0	22387
12081	132	21341	526	78	0	22077
12082	20441	250	406	79	0	21176
12083	20388	186	141	82	0	20797
12084	430	19923	123	86	0	20562
12085	252	20511	131	84	0	20978
12086	145	386	95	20209	0	20835
12087	103	232	89	20435	0	20859
12088	20321	111	83	388	0	20903
12089	277	20471	89	246	0	21083
12090	20279	246	89	123	0	20737
12091	19846	198	82	84	0	20210
12092	430	114	19702	77	0	20323
12093	274	19385	235	64	0	19958
12094	254	332	227	18963	0	19776
12095	18808	200	98	228	0	19334
12096	312	93	78	18627	0	19110
12097	17835	45	89	211	0	18180
12098	259	59	17477	166	0	17961
12099	190	17119	221	87	0	17617
12100	113	17118	155	70	0	17456
12101	145	389	124	15627	0	16285
12102	113	17098	85	118	0	17414
12103	16817	203	68	121	0	17209
12104	174	176	16683	68	0	17101
12105	15643	104	152	77	0	15976
12106	187	80	16762	70	0	17099
12107	180	59	158	16436	0	16833
12108	121	52	125	16604	0	16902
12109	118	52	83	16748	0	17001
12110	16513	44	61	225	0	16843
12111	193	46	16900	148	0	17287
12112	150	51	139	16708	0	17048
12113	95	70	115	16515	0	16795
12114	74	16428	63	245	0	16810
12115	70	16389	55	153	0	16667
12116	83	16697	51	92	0	16923
12117	110	250	46	15704	0	16110
12118	74	166	43	14953	0	15236
12119	20	14498	19	85	0	14622
12120	19	14475	17	48	0	14559
12121	14131	98	37	59	0	14325
12122	62	84	11	13998	0	14155
12123	31	13829	18	22	0	13900
12124	14001	24	23	24	0	14072
12125	43	14	16	14151	0	14224
12126	15151	10	8	42	0	15211
12127	62	8	10	15545	0	15625
12128	45	31	16087	64	0	16227
12129	20	16218	55	46	0	16339
12130	15651	45	42	33	0	15771
12131	52	48	16415	15	0	16530
12132	33	16439	61	14	0	16547
12133	13	61	31	16377	0	16482
12134	5	26	11	16536	0	16578
12135	17	10	1	16344	0	16372
12136	16	10	2	16321	0	16349
12137	16	18	16306	79	0	16419
12138	5	16213	46	38	0	16302
12139	4	47	26	16172	0	16249
12140	15610	32	7	72	0	15721
12141	43	16205	10	52	0	16310
12142	33	44	3	16985	0	17065
12143	11	56	16865	62	0	16994
12144	9	17164	65	52	0	17290
12145	88	70	43	15300	0	15501
12146	7	17520	17	31	0	17575
12147	17556	73	3	37	0	17669
12148	17617	47	2	19	0	17685
12149	123	27	17477	7	0	17634
12150	17092	14	67	18	0	17191
12151	17750	5	58	21	0	17834
12152	141	20	17563	15	0	17739
12153	67	17660	77	20	0	17824
12154	17	80	57	17665	0	17819
12155	8	54	9	18112	0	18183
12156	18097	7	4	149	0	18257
12157	94	4	3	18061	0	18162
12158	62	16	18141	74	0	18293
12159	16413	11	86	71	0	16581
12160	89	19	18020	22	0	18150
12161	57	18000	89	27	0	18173
12162	17284	79	57	14	0	17434
12163	83	68	17740	17	0	17908
12164	63	24	17521	29	0	17637
12165	13	17770	134	20	0	17937
12166	14	80	59	17865	0	18018
12167	11	75	17580	88	0	17754
12168	24	21	93	15728	0	15866
12169	15	3	63	17396	0	17477
12170	9	21	17112	146	0	17288
12171	9	17251	91	74	0	17425
12172	6	82	56	17343	0	17487
12173	17010	57	13	93	0	17173
12174	16892	12	9	81	0	16994
12175	141	11	7	17024	0	17183
12176	73	31	16959	97	0	17160
12177	20	31	17448	68	0	17567
12178	15	13	141	17104	0	17273
12179	19	30	17062	99	0	17210
12180	16512	10	100	73	0	16695
12181	111	5	64	17477	0	17657
12182	89	9	20	17850	0	17968
12183	15	17954	41	165	0	18175
12184	21	108	5	18313	0	18447
12185	13	97	17845	116	0	18071
12186	16759	15	105	102	0	16981
12187	17739	14	79	40	0	17872
12188	188	24	18013	28	0	18253
12189	103	12	110	18746	0	18971
12190	33	10	81	19391	0	19515
12191	20	26	19473	247	0	19766
12192	32	13	141	19698	0	19884
12193	40	15	107	19824	0	19986
12194	14	20430	52	248	0	20744
12195	30	156	14	21054	0	21254
12196	36	118	14	21285	0	21453
12197	21839	21	25	333	0	22218
12198	22726	19	24	172	0	22941
12199	23136	10	15	48	0	23209
12200	22942	17	16	36	0	23011
12201	22801	18	20	40	0	22879
12202	388	28	22197	36	0	22649
12203	208	12	215	21954	0	22389
12204	66	12	165	22378	0	22621
12205	41	33	22273	374	0	22721
12206	21299	10	225	212	0	21746
12207	22043	18	170	64	0	22295
12208	370	32	21467	38	0	21907
12209	22081	17	207	60	0	22365
12210	22563	13	166	49	0	22791
12211	380	32	22461	40	0	22913
12212	208	24	229	21782	0	22243
12213	50	23286	201	226	0	23763
12214	54	231	43	24244	0	24572
12215	63	172	27	24310	0	24572
12216	53	27	29	24438	0	24547
12217	42	49	23935	434	0	24460
12218	22970	10	246	255	0	23481
12219	24048	16	203	65	0	24332
12220	417	15	40	23917	0	24389
12221	211	40	23665	280	0	24196
12222	58	37	254	23542	0	23891
12223	58	27	24207	275	0	24567
12224	61	22	24493	226	0	24802
12225	47	24855	464	51	0	25417
12226	107	221	222	23574	0	24124
12227	23506	161	64	243	0	23974
12228	22816	18	37	189	0	23060
12229	23247	13	13	67	0	23340
12230	421	16	29	22714	0	23180
12231	207	23995	50	250	0	24502
12232	74	259	22	24392	0	24747
12233	43	211	25333	318	0	25905
12234	27036	24	319	257	0	27636
12235	29537	17	230	72	0	29856
12236	661	15	48	29518	0	30242
12237	377	15	43	29853	0	30288
12238	111	9	32	30229	0	30381
12239	66	51	29401	725	0	30243
12240	25471	21	412	505	0	26409
12241	409	29118	354	113	0	29994
12242	319	28684	119	86	0	29208
12243	104	605	28597	87	0	29393
12244	90	373	394	27922	0	28779
12245	61	99	28618	403	0	29181
12246	27213	39	409	335	0	27996
12247	414	53	319	27841	0	28627
12248	340	61	27872	395	0	28668
12249	99	28458	396	363	0	29316
12250	28179	349	319	118	0	28965
12251	415	303	29015	82	0	29815
12252	344	28530	406	77	0	29357
12253	106	29232	341	82	0	29761
12254	29287	610	83	81	0	30061
12255	423	335	55	29409	0	30222
12256	362	93	30140	411	0	31006
12257	107	30196	424	362	0	31089
12258	30246	376	337	129	0	31088
12259	30421	337	88	81	0	30927
12260	699	30272	81	90	0	31142
12261	399	399	30647	97	0	31542
12262	134	318	419	30747	0	31618
12263	30806	75	342	433	0	31656
12264	30906	44	92	407	0	31449
12265	735	73	30736	130	0	31674
12266	434	44	417	30102	0	30997
12267	160	42	365	30974	0	31541
12268	113	66	31054	701	0	31934
12269	107	81	30736	406	0	31330
12270	30496	63	730	126	0	31415
12271	31653	46	414	103	0	32216
12272	32069	49	120	112	0	32350
12273	32101	47	91	95	0	32334
12274	832	77	31221	71	0	32201
12275	31306	46	434	104	0	31890
12276	563	55	360	31020	0	31998
12277	445	82	31468	463	0	32458
12278	158	78	31551	438	0	32225
12279	103	31379	782	179	0	32443
12280	130	422	413	30761	0	31726
12281	119	394	31100	443	0	32056
12282	29683	94	456	378	0	30611
12283	476	102	375	27481	0	28434
12284	374	30624	179	376	0	31553
12285	30759	397	129	364	0	31649
12286	30984	320	96	170	0	31570
12287	741	129	30699	117	0	31686
12288	438	30430	476	99	0	31443
12289	194	367	364	29531	0	30456
12290	29347	329	124	410	0	30210
12291	479	123	115	29245	0	29962
12292	406	102	28431	417	0	29356
12293	25807	71	398	379	0	26655
12294	410	27843	355	139	0	28747
12295	325	27021	147	113	0	27606
12296	154	28095	169	87	0	28505
12297	26925	680	349	171	0	28125
12298	26785	322	127	88	0	27322
12299	27111	102	80	71	0	27364
12300	636	73	75	26476	0	27260
12301	373	98	26792	347	0	27610
12302	156	52	352	27083	0	27643
12303	27068	53	292	395	0	27808
12304	422	47	107	27406	0	27982
12305	27791	54	107	392	0	28344
12306	27791	52	83	332	0	28258
12307	27642	53	108	119	0	27922
12308	571	27454	127	110	0	28262
12309	27418	313	99	99	0	27929
12310	430	306	27007	80	0	27823
12311	357	115	27059	80	0	27611
12312	176	26652	595	185	0	27608
12313	211	312	358	25475	0	26356
12314	25445	258	99	305	0	26107
12315	365	88	25314	277	0	26044
12316	24437	40	331	106	0	24914
12317	385	39	310	24659	0	25393
12318	325	25390	146	288	0	26149
12319	133	290	92	25828	0	26343
12320	105	289	25742	319	0	26455
12321	23948	86	316	320	0	24670
12322	349	95	26136	112	0	26692
12323	316	78	25292	87	0	25773
12324	23932	53	502	69	0	24556
12325	339	24347	331	76	0	25093
12326	24991	291	85	63	0	25430
12327	25005	263	67	77	0	25412
12328	580	100	24558	61	0	25299
12329	24015	43	321	79	0	24458
12330	366	69	24371	93	0	24899
12331	295	58	23305	89	0	23747
12332	149	59	23601	83	0	23892
12333	105	22102	466	71	0	22744
12334	19024	354	703	107	0	20188
12335	18486	129	95	60	0	18770
12336	18435	24	23	38	0	18520
12337	18464	11	21	40	0	18536
12338	241	24	18463	20	0	18748
12339	137	22	115	18239	0	18513
12340	33	10	101	18756	0	18900
12341	18548	12	23	223	0	18806
12342	132	18546	37	115	0	18830
12343	115	110	18	18418	0	18661
12344	18255	96	21	137	0	18509
12345	130	43	18533	109	0	18815
12346	116	22	120	18382	0	18640
12347	39	36	18784	123	0	18982
12348	29	18521	148	109	0	18807
12349	70	160	123	17697	0	18050
12350	17526	91	43	125	0	17785
12351	133	16	12	17988	0	18149
12352	115	43	18087	151	0	18396
12353	30	18285	141	110	0	18566
12354	17933	118	93	48	0	18192
12355	135	117	18011	29	0	18292
12356	17441	27	124	41	0	17633
12357	143	18216	120	34	0	18513
12358	18667	123	57	19	0	18866
12359	18872	112	13	41	0	19038
12360	267	23	10	19004	0	19304
12361	145	37	18964	172	0	19318
12362	28	19162	154	137	0	19481
12363	38	148	133	19484	0	19803
12364	34	135	27	19794	0	19990
12365	29	17	19	20751	0	20816
12366	41	11	16	21485	0	21553
12367	20	23461	41	378	0	23900
12368	24429	247	19	209	0	24904
12369	284	24850	44	45	0	25223
12370	255	303	23	25957	0	26538
12371	26578	249	9	334	0	27170
12372	359	47	15	26862	0	27283
12373	310	52	26663	375	0	27400
12374	69	26721	360	305	0	27455
12375	79	332	283	26700	0	27394
12376	67	304	55	27211	0	27637
12377	26267	70	22	634	0	26993
12378	385	73	26244	337	0	27039
12379	25956	36	348	100	0	26440
12380	26299	37	301	98	0	26735
12381	26486	26	65	87	0	26664
12382	683	80	25956	84	0	26803
12383	390	53	376	25593	0	26412
12384	99	63	299	25980	0	26441
12385	71	64	25958	723	0	26816
12386	74	60	26194	420	0	26748
12387	25986	64	638	157	0	26845
12388	433	48	352	26670	0	27503
12389	27192	76	88	438	0	27794
12390	27624	62	48	417	0	28151
12391	751	55	54	27573	0	28433
12392	434	86	28988	501	0	30009
12393	27717	53	484	477	0	28731
12394	505	65	385	29728	0	30683
12395	445	95	29743	552	0	30835
12396	165	29425	487	484	0	30561
12397	29151	486	409	175	0	30221
12398	538	29689	166	154	0	30547
12399	582	538	96	26350	0	27566
12400	230	29836	141	462	0	30669
12401	29015	501	118	441	0	30075
12402	29265	407	124	206	0	30002
12403	881	29083	158	214	0	30336
12404	29294	463	113	225	0	30095
12405	28867	400	131	222	0	29620
12406	882	28478	161	212	0	29733
12407	28818	452	133	195	0	29598
12408	703	381	143	28233	0	29460
12409	638	99	117	28628	0	29482
12410	28412	55	124	872	0	29463
12411	706	68	122	27037	0	27933
12412	596	27661	181	564	0	29002
12413	27811	464	139	521	0	28935
12414	27733	402	165	256	0	28556
12415	870	27738	184	224	0	29016
12416	28160	499	155	210	0	29024
12417	28215	416	152	169	0	28952
12418	973	159	119	27449	0	28700
12419	650	149	27377	571	0	28747
12420	339	27182	505	536	0	28562
12421	27651	507	431	230	0	28819
12422	27740	450	159	200	0	28549
12423	1055	196	27095	188	0	28534
12424	27394	137	507	221	0	28259
12425	736	164	27022	195	0	28117
12426	26979	182	504	191	0	27856
12427	724	181	430	26736	0	28071
12428	585	230	26616	582	0	28013
12429	333	214	26873	550	0	27970
12430	322	281	762	26308	0	27673
12431	323	184	438	26329	0	27274
12432	343	200	25629	839	0	27011
12433	372	192	444	25761	0	26769
12434	394	200	25945	561	0	27100
12435	383	207	509	25703	0	26802
12436	409	176	409	25145	0	26139
12437	385	24727	169	850	0	26131
12438	340	24701	153	606	0	25800
12439	350	25721	168	272	0	26511
12440	362	822	131	25194	0	26509
12441	378	473	145	25605	0	26601
12442	318	253	25028	917	0	26516
12443	24329	135	502	575	0	25541
12444	25472	159	457	222	0	26310
12445	1025	24769	246	207	0	26247
12446	25301	493	175	192	0	26161
12447	766	441	185	24635	0	26027
12448	25212	171	196	612	0	26191
12449	25341	119	228	533	0	26221
12450	1047	142	193	24716	0	26098
12451	24018	137	198	610	0	24963
12452	672	23338	252	520	0	24782
12453	608	23634	218	263	0	24723
12454	374	790	217	21983	0	23364
12455	311	23497	230	526	0	24564
12456	319	500	169	22317	0	23305
12457	325	405	164	22579	0	23473
12458	21745	146	172	732	0	22795
12459	542	21323	201	528	0	22594
12460	21211	409	165	255	0	22040
12461	20548	348	172	227	0	21295
12462	747	20567	190	235	0	21739
12463	20550	410	138	260	0	21358
12464	580	339	20081	237	0	21237
12465	402	19110	409	222	0	20143
12466	17957	334	325	222	0	18838
12467	386	252	16349	172	0	17159
12468	272	14695	259	114	0	15340
12469	166	14812	271	127	0	15376
12470	13114	296	328	86	0	13824
12471	12835	165	86	60	0	13146
12472	12843	66	24	85	0	13018
12473	328	12656	61	68	0	13113
12474	205	175	46	12796	0	13222
12475	12771	137	50	209	0	13167
12476	12855	59	52	174	0	13140
12477	316	50	47	12695	0	13108
12478	221	65	12830	176	0	13292
12479	111	72	12853	159	0	13195
12480	97	51	282	12745	0	13175
12481	84	53	163	13031	0	13331
12482	86	49	12877	307	0	13319
12483	86	33	182	12410	0	12711
12484	81	12691	178	198	0	13148
12485	12472	148	72	159	0	12851
12486	197	170	66	12339	0	12772
12487	11906	47	41	203	0	12197
12488	182	11964	65	182	0	12393
12489	149	12111	63	90	0	12413
12490	11675	174	46	78	0	11973
12491	125	114	11409	64	0	11712
12492	9344	109	107	33	0	9593
12493	84	9572	85	33	0	9774
12494	82	42	25	8736	0	8885
12495	8662	29	16	49	0	8756
12496	46	15	10	8617	0	8688
12497	8822	7	12	61	0	8902
12498	8709	4	12	47	0	8772
12499	66	9060	19	22	0	9167
12500	8799	34	5	13	0	8851
12501	35	8762	7	8	0	8812
12502	8721	34	11	13	0	8779
12503	45	26	3	8711	0	8785
12504	8897	8	4	44	0	8953
12505	38	6	5	9022	0	9071
12506	9313	9	3	41	0	9366
12507	9489	3	6	36	0	9534
12508	9587	8	4	11	0	9610
12509	9596	8	5	14	0	9623
12510	9697	2	6	15	0	9720
12511	54	5	3	9805	0	9867
12512	9662	7	4	37	0	9710
12513	33	9572	13	41	0	9659
12514	26	31	9640	14	0	9711
12515	19	32	25	9527	0	9603
12516	12	13	9925	39	0	9989
12517	11	7	26	10195	0	10239
12518	13	13	10390	43	0	10459
12519	10086	3	42	31	0	10162
12520	42	12	22	10521	0	10597
12521	26	13	10416	38	0	10493
12522	18	10	10792	29	0	10849
12523	16	29	51	10806	0	10902
12524	11850	5	33	68	0	11956
12525	43	12608	16	69	0	12736
12526	12751	56	5	22	0	12834
12527	12712	45	5	20	0	12782
12528	101	12756	19	8	0	12884
12529	13199	57	7	19	0	13282
12530	70	44	5	13230	0	13349
12531	62	13	2	13310	0	13387
12532	24	9	5	13403	0	13441
12533	13276	8	6	119	0	13409
12534	59	13480	13	63	0	13615
12535	52	64	2	13595	0	13713
12536	16	49	5	13825	0	13895
12537	13734	9	4	121	0	13868
12538	73	7	8	13833	0	13921
12539	57	19	14073	91	0	14240
12540	18	14682	79	62	0	14841
12541	14826	89	58	33	0	15006
12542	104	77	21	14458	0	14660
12543	80	15137	21	84	0	15322
12544	15066	96	6	82	0	15250
12545	114	97	15180	33	0	15424
12546	92	15198	101	17	0	15408
12547	15320	96	82	16	0	15514
12548	106	79	20	15172	0	15377
12549	97	26	10	15206	0	15339
12550	30	31	15253	166	0	15480
12551	29	9	91	15113	0	15242
12552	12	23	16061	131	0	16227
12553	18	35	15514	93	0	15660
12554	22	22	16228	36	0	16308
12555	15842	15	197	31	0	16085
12556	16390	8	105	17	0	16520
12557	16735	7	32	29	0	16803
12558	195	8	20	16398	0	16621
12559	117	16656	27	93	0	16893
12560	47	16972	22	89	0	17130
12561	17169	161	7	52	0	17389
12562	17029	99	7	41	0	17176
12563	179	17310	15	25	0	17529
12564	17049	93	23	30	0	17195
12565	126	104	16937	20	0	17187
12566	110	40	16900	16	0	17066
12567	46	21	165	16008	0	16240
12568	33	15	103	16914	0	17065
12569	15	32	16937	170	0	17154
12570	33	5	100	16665	0	16803
12571	16726	8	89	136	0	16959
12572	98	22	16784	99	0	17003
12573	16200	8	110	46	0	16364
12574	137	9	85	16897	0	17128
12575	105	24	17372	112	0	17613
12576	38	17493	121	96	0	17748
12577	17579	95	82	48	0	17804
12578	112	108	17212	44	0	17476
12579	16974	36	107	29	0	17146
12580	132	23	82	17277	0	17514
12581	17346	15	30	106	0	17497
12582	139	34	18120	93	0	18386
12583	121	14	106	18276	0	18517
12584	18931	16	95	130	0	19172
12585	19327	16	39	121	0	19503
12586	19962	9	24	68	0	20063
12587	20073	18	28	43	0	20162
12588	238	15	25	19457	0	19735
12589	151	13	21	19461	0	19646
12590	72	34	19415	217	0	19738
12591	48	9	127	19334	0	19518
12592	49	21	107	19098	0	19275
12593	31	19781	53	222	0	20087
12594	19914	136	37	134	0	20221
12595	20339	114	16	79	0	20548
12596	247	21293	37	42	0	21619
12597	160	185	25	21186	0	21556
12598	76	135	25	21473	0	21709
12599	20773	32	20	335	0	21160
12600	205	41	21696	181	0	22123
12601	173	11	186	21875	0	22245
12602	49	28	22299	233	0	22609
12603	21398	17	228	173	0	21816
12604	22259	15	154	60	0	22488
12605	22549	13	44	50	0	22656
12606	382	13	27	22003	0	22425
12607	203	21	18	21982	0	22224
12608	21882	10	20	348	0	22260
12609	237	38	21797	178	0	22250
12610	179	12	199	21774	0	22164
12611	21886	13	142	240	0	22281
12612	228	16	46	22027	0	22317
12613	170	46	22937	245	0	23398
12614	63	30	22550	179	0	22822
12615	21821	21	324	79	0	22245
12616	201	22821	193	56	0	23271
12617	23175	181	57	69	0	23482
12618	23376	131	38	51	0	23596
12619	341	30	37	23383	0	23791
12620	191	39	24	23191	0	23445
12621	76	23186	34	322	0	23618
12622	22925	175	30	207	0	23337
12623	222	23267	44	71	0	23604
12624	151	22718	38	56	0	22963
12625	81	248	27	21800	0	22156
12626	21707	126	47	187	0	22067
12627	22093	30	15	158	0	22296
12628	299	32	19	21789	0	22139
12629	181	13	11	21501	0	21706
12630	75	18	27	21521	0	21641
12631	20931	9	23	319	0	21282
12632	203	39	21251	185	0	21678
12633	148	21267	184	92	0	21691
12634	21190	150	120	80	0	21540
12635	226	144	51	21295	0	21716
12636	166	55	21446	201	0	21868
12637	85	46	21483	167	0	21781
12638	53	21537	285	76	0	21951
12639	68	21773	168	67	0	22076
12640	124	295	80	20754	0	21253
12641	44	19902	41	164	0	20151
12642	64	145	19	20599	0	20827
12643	63	91	19	20920	0	21093
12644	20911	29	18	255	0	21213
12645	165	38	23	20933	0	21159
12646	122	25	21	21054	0	21222
12647	67	54	20801	250	0	21172
12648	70	29	142	21111	0	21352
12649	21194	18	106	205	0	21523
12650	21313	21	31	145	0	21510
12651	265	22148	46	68	0	22527
12652	21742	162	14	80	0	21998
12653	207	145	21949	81	0	22382
12654	164	22008	195	71	0	22438
12655	77	170	126	22392	0	22765
12656	60	145	34	22741	0	22980
12657	63	46	27	22755	0	22891
12658	22638	22	41	352	0	23053
12659	20836	34	74	217	0	21161
12660	310	46	22370	75	0	22801
12661	172	54	22173	83	0	22482
12662	83	81	22673	67	0	22904
12663	66	22637	332	67	0	23102
12664	58	22963	183	80	0	23284
12665	22947	322	37	92	0	23398
12666	22900	157	25	107	0	23189
12667	342	41	32	23341	0	23756
12668	182	32	37	23015	0	23266
12669	62	23604	61	364	0	24091
12670	68	195	32	24065	0	24360
12671	70	186	23917	244	0	24417
12672	56	24048	214	215	0	24533
12673	71	202	150	24091	0	24514
12674	68	185	24765	220	0	25238
12675	106	64	190	22616	0	22976
12676	74	24388	185	219	0	24866
12677	25010	212	40	211	0	25473
12678	25063	174	30	119	0	25386
12679	25834	42	28	94	0	25998
12680	403	40	20	25873	0	26336
12681	235	46	36	26255	0	26572
12682	26282	43	37	423	0	26785
12683	277	26220	63	243	0	26803
12684	26806	243	38	106	0	27193
12685	310	230	27607	76	0	28223
12686	27670	39	291	88	0	28088
12687	28591	35	258	83	0	28967
12688	572	48	49	28127	0	28796
12689	29150	31	46	327	0	29554
12690	29409	32	51	313	0	29805
12691	580	48	39	29625	0	30292
12692	329	79	29596	333	0	30337
12693	27611	38	322	341	0	28312
12694	338	66	30018	76	0	30498
12695	291	30188	353	72	0	30904
12696	130	283	337	29924	0	30674
12697	57	265	46	30526	0	30894
12698	31951	46	30	555	0	32582
12699	333	65	32339	326	0	33063
12700	332	52	308	29484	0	30176
12701	74	32103	336	312	0	32825
12702	41	31652	89	306	0	32088
12703	55	631	43	31844	0	32573
12704	86	372	31737	358	0	32553
12705	64	90	322	31932	0	32408
12706	85	43	317	31464	0	31909
12707	65	93	31178	640	0	31976
12708	57	31779	340	384	0	32560
12709	30382	336	382	97	0	31197
12710	344	32274	91	86	0	32795
12711	345	365	47	31239	0	31996
12712	30064	362	42	349	0	30817
12713	323	30558	69	364	0	31314
12714	348	344	30761	75	0	31528
12715	29705	329	332	99	0	30465
12716	341	31175	373	76	0	31965
12717	31304	344	54	88	0	31790
12718	419	373	30506	82	0	31380
12719	30189	60	351	85	0	30685
12720	405	64	348	29941	0	30758
12721	386	71	30579	395	0	31431
12722	121	41	353	29376	0	29891
12723	71	29813	372	397	0	30653
12724	106	351	80	30509	0	31046
12725	98	351	62	30312	0	30823
12726	114	103	29870	696	0	30783
12727	129	63	360	30116	0	30668
12728	116	118	27182	441	0	27857
12729	95	30088	368	451	0	31002
12730	132	384	308	29910	0	30734
12731	114	399	30435	434	0	31382
12732	108	30450	411	429	0	31398
12733	116	31206	394	140	0	31856
12734	148	692	30821	130	0	31791
12735	152	438	30711	124	0	31425
12736	112	105	710	30109	0	31036
12737	30107	70	388	440	0	31005
12738	438	30112	120	435	0	31105
12739	433	400	77	29469	0	30379
12740	29580	368	80	462	0	30490
12741	465	29996	112	446	0	31019
12742	30201	390	83	158	0	30832
12743	462	30721	130	142	0	31455
12744	30747	393	86	151	0	31377
12745	30689	408	88	155	0	31340
12746	31009	105	100	148	0	31362
12747	843	31687	153	157	0	32840
12748	569	491	98	31864	0	33022
12749	252	459	31471	519	0	32701
12750	199	31436	479	554	0	32668
12751	258	485	460	30561	0	31764
12752	279	469	168	30622	0	31538
12753	216	164	29728	826	0	30934
12754	236	29078	499	531	0	30344
12755	28676	426	484	202	0	29788
12756	540	28919	165	210	0	29834
12757	541	433	123	28529	0	29626
12758	184	465	28550	539	0	29738
12759	27348	114	475	523	0	28460
12760	516	127	461	28811	0	29915
12761	430	156	28376	531	0	29493
12762	26744	138	487	525	0	27894
12763	449	27804	472	196	0	28921
12764	28073	473	164	217	0	28927
12765	27969	483	95	251	0	28798
12766	772	140	127	27759	0	28798
12767	472	170	27669	519	0	28830
12768	162	27618	462	522	0	28764
12769	109	518	27551	188	0	28366
12770	121	527	410	26677	0	27735
12771	116	239	447	27400	0	28202
12772	26764	155	158	821	0	27898
12773	404	150	26831	593	0	27978
12774	426	26117	512	186	0	27241
12775	146	475	421	25938	0	26980
12776	155	453	128	26103	0	26839
12777	25447	151	118	717	0	26433
12778	432	25690	105	456	0	26683
12779	451	426	90	24821	0	25788
12780	24187	411	85	425	0	25108
12781	368	23923	112	402	0	24805
12782	23246	339	73	101	0	23759
12783	22802	347	106	108	0	23363
12784	657	22363	113	96	0	23229
12785	20259	260	50	64	0	20633
12786	260	20270	101	61	0	20692
12787	19899	235	69	61	0	20264
12788	19654	240	62	63	0	20019
12789	435	19549	74	86	0	20144
12790	18789	218	51	66	0	19124
12791	19138	210	55	57	0	19460
12792	19249	38	46	61	0	19394
12793	424	65	18908	50	0	19447
12794	245	50	18147	53	0	18495
12795	50	57	18364	50	0	18521
12796	17783	93	466	67	0	18409
12797	241	50	17789	57	0	18137
12798	206	59	16028	34	0	16327
12799	98	96	303	14894	0	15391
12800	15086	36	192	174	0	15488
12801	172	33	15367	168	0	15740
12802	165	38	16013	43	0	16259
12803	69	33	295	15726	0	16123
12804	47	28	165	16040	0	16280
12805	54	26	36	16270	0	16386
12806	40	55	15943	318	0	16356
12807	46	27	170	15957	0	16200
12808	15785	21	154	194	0	16154
12809	189	15910	70	178	0	16347
12810	190	171	23	15905	0	16289
12811	65	163	22	16125	0	16375
12812	56	52	16194	315	0	16617
12813	59	15972	203	173	0	16407
12814	15876	176	161	58	0	16271
12815	198	16219	55	44	0	16516
12816	212	189	42	16106	0	16549
12817	66	185	16129	181	0	16561
12818	64	41	189	16808	0	17102
12819	69	19	184	17107	0	17379
12820	17355	27	56	374	0	17812
12821	247	28	63	16434	0	16772
12822	222	17226	51	213	0	17712
12823	46	18008	73	221	0	18348
12824	39	393	18300	64	0	18796
12825	18153	208	234	69	0	18664
12826	243	39	240	18530	0	19052
12827	248	24	57	18735	0	19064
12828	58	24	51	18977	0	19110
12829	18758	30	36	462	0	19286
12830	231	18913	51	284	0	19479
12831	18926	224	50	77	0	19277
12832	249	226	18228	72	0	18775
12833	236	50	18155	62	0	18503
12834	18373	39	431	66	0	18909
12835	261	41	281	18336	0	18919
12836	237	29	63	18725	0	19054
12837	57	25	53	18935	0	19070
12838	55	47	18646	424	0	19172
12839	18428	29	222	271	0	18950
12840	18819	23	230	83	0	19155
12841	18438	39	57	83	0	18617
12842	443	51	56	18057	0	18607
12843	249	45	17818	252	0	18364
12844	75	39	17640	262	0	18016
12845	79	42	18241	109	0	18471
12846	56	17641	435	63	0	18195
12847	157	215	342	16148	0	16862
12848	16089	148	58	201	0	16496
12849	174	56	16344	190	0	16764
12850	16413	19	179	77	0	16688
12851	189	26	180	16536	0	16931
12852	192	27	46	16328	0	16593
12853	54	16297	69	322	0	16742
12854	63	16494	53	211	0	16821
12855	61	16963	65	77	0	17166
12856	72	296	48	16720	0	17136
12857	16629	163	61	197	0	17050
12858	16660	52	52	202	0	16966
12859	314	44	16475	93	0	16926
12860	16221	26	182	97	0	16526
12861	204	31	16517	98	0	16850
12862	199	27	195	16383	0	16804
12863	80	50	16452	214	0	16796
12864	16163	36	197	204	0	16600
12865	231	49	185	15931	0	16396
12866	182	45	16976	191	0	17394
12867	89	54	16542	181	0	16866
12868	16071	30	324	102	0	16527
12869	16577	32	195	97	0	16901
12870	314	16865	88	101	0	17368
12871	214	166	61	16985	0	17426
12872	79	169	16999	212	0	17459
12873	87	52	16957	193	0	17289
12874	89	69	317	16885	0	17360
12875	16926	44	208	229	0	17407
12876	204	16947	76	193	0	17420
12877	196	155	53	17075	0	17479
12878	17076	157	48	225	0	17506
12879	204	49	55	17057	0	17365
12880	178	17152	78	195	0	17603
12881	102	158	47	17337	0	17644
12882	17132	152	54	204	0	17542
12883	225	44	53	17290	0	17612
12884	17313	36	59	218	0	17626
12885	207	17368	84	218	0	17877
12886	17434	157	82	91	0	17764
12887	208	180	17114	102	0	17604
12888	16646	48	209	74	0	16977
12889	17086	56	195	76	0	17413
12890	336	17164	87	66	0	17653
12891	218	208	86	16498	0	17010
12892	80	160	16671	180	0	17091
12893	88	53	16255	173	0	16569
12894	15230	151	309	116	0	15806
12895	15041	62	162	74	0	15339
12896	226	15251	67	66	0	15610
12897	146	15368	54	53	0	15621
12898	15124	198	40	67	0	15429
12899	145	15124	60	53	0	15382
12900	140	15433	60	53	0	15686
12901	79	193	57	15163	0	15492
12902	63	106	37	14757	0	14963
12903	54	50	14710	228	0	15042
12904	62	32	106	14721	0	14921
12905	14549	23	129	140	0	14841
12906	146	48	14667	133	0	14994
12907	156	39	14751	55	0	15001
12908	84	24	204	14394	0	14706
12909	65	27	132	14857	0	15081
12910	66	27	56	14837	0	14986
12911	65	38	14687	199	0	14989
12912	56	33	123	14209	0	14421
12913	58	39	122	14568	0	14787
12914	14318	20	46	200	0	14584
12915	113	14222	56	129	0	14520
12916	14148	87	47	55	0	14337
12917	138	101	14255	56	0	14550
12918	12485	25	66	35	0	12611
12919	77	13512	92	35	0	13716
12920	12591	40	28	16	0	12675
12921	43	12613	33	28	0	12717
12922	12015	38	38	20	0	12111
12923	25	11578	14	10	0	11627
12924	33	11373	19	14	0	11439
12925	64	67	53	11137	0	11321
12926	11193	14	27	35	0	11269
12927	11221	3	1	26	0	11251
12928	11297	5	3	12	0	11317
12929	37	15	11271	10	0	11333
12930	23	10	11192	5	0	11230
12931	12	11	30	11309	0	11362
12932	8	11573	19	20	0	11620
12933	2	11756	11	25	0	11794
12934	11	39	4	11242	0	11296
12935	11413	19	2	28	0	11462
12936	11472	2	2	35	0	11511
12937	11560	7	5	10	0	11582
12938	47	8	11524	9	0	11588
12939	27	2	23	11621	0	11673
12940	10	13	11898	32	0	11953
12941	11774	6	24	33	0	11837
12942	12119	6	28	17	0	12170
12943	64	13	12059	4	0	12140
12944	33	6	28	12074	0	12141
12945	12102	3	25	60	0	12190
12946	38	2	5	12493	0	12538
12947	35	5	4	12608	0	12652
12948	14	2	5	13075	0	13096
12949	13692	0	7	90	0	13789
12950	61	3	3	14527	0	14594
12951	14901	3	4	98	0	15006
12952	83	16205	12	71	0	16371
12953	80	107	4	17369	0	17560
12954	33	92	1	17447	0	17573
12955	17	9	6	16872	0	16904
12956	17136	2	4	216	0	17358
12957	124	8	4	17135	0	17271
12958	121	7	4	15836	0	15968
12959	17305	7	0	215	0	17527
12960	17463	5	7	110	0	17585
12961	17328	4	5	34	0	17371
12962	225	24	17142	18	0	17409
12963	119	16	16354	23	0	16512
12964	17003	7	204	26	0	17240
12965	143	3	98	17126	0	17370
12966	120	9	14	15935	0	16078
12967	17019	2	9	227	0	17257
12968	16837	8	10	119	0	16974
12969	16127	8	9	28	0	16172
12970	220	16411	10	21	0	16662
12971	16593	119	7	24	0	16743
12972	15897	95	11	25	0	16028
12973	222	16392	14	14	0	16642
12974	111	16031	17	19	0	16178
12975	77	209	16	15068	0	15370
12976	16751	94	8	109	0	16962
12977	16759	11	11	107	0	16888
12978	16633	7	9	30	0	16679
12979	236	11	4	16304	0	16555
12980	16472	8	6	137	0	16623
12981	148	15	16504	113	0	16780
12982	16123	9	124	42	0	16298
12983	162	19	16621	19	0	16821
12984	118	18	16030	30	0	16196
12985	42	15	201	15998	0	16256
12986	16060	7	99	156	0	16322
12987	147	7	17	16115	0	16286
12988	117	23	16422	158	0	16720
12989	50	25	16351	124	0	16550
12990	46	11	200	16260	0	16517
12991	15867	16	106	156	0	16145
12992	143	16489	29	124	0	16785
12993	118	111	22	16835	0	17086
12994	63	95	24	16935	0	17117
12995	60	27	17197	239	0	17523
12996	75	33	16852	138	0	17098
12997	57	16	216	17047	0	17336
12998	16999	11	112	185	0	17307
12999	175	32	16883	149	0	17239
13000	167	16	121	16923	0	17227
13001	87	16	99	17067	0	17269
13002	74	20	25	16965	0	17084
13003	16756	20	22	306	0	17104
13004	198	38	14904	200	0	15340
13005	167	16855	106	127	0	17255
13006	93	134	102	17081	0	17410
13007	104	119	17040	234	0	17497
13008	111	16930	153	203	0	17397
13009	116	17244	139	114	0	17613
13010	17304	226	42	113	0	17685
13011	237	17376	52	130	0	17795
13012	17631	148	54	134	0	17967
13013	246	142	17515	158	0	18061
13014	247	52	155	17779	0	18233
13015	17826	35	121	296	0	18278
13016	269	18184	68	272	0	18793
13017	252	173	18183	191	0	18799
13018	230	138	170	16514	0	17052
13019	182	18355	157	255	0	18949
13020	196	177	52	18839	0	19264
13021	18813	147	53	308	0	19321
13022	330	19127	90	246	0	19793
13023	19404	186	50	161	0	19801
13024	19524	146	70	156	0	19896
13025	474	59	19537	163	0	20233
13026	333	20136	243	116	0	20828
13027	254	242	169	20932	0	21597
13028	227	177	21879	296	0	22579
13029	236	76	23627	242	0	24181
13030	238	143	483	24149	0	25013
13031	25106	48	285	366	0	25805
13032	25142	62	105	284	0	25593
13033	694	57	73	25039	0	25863
13034	413	91	25326	420	0	26250
13035	189	25424	387	321	0	26321
13036	25938	379	248	124	0	26689
13037	26017	264	79	111	0	26471
13038	683	25993	90	114	0	26880
13039	26262	374	93	105	0	26834
13040	522	289	25732	72	0	26615
13041	25600	70	394	108	0	26172
13042	24523	49	294	105	0	24971
13043	593	72	25661	105	0	26431
13044	362	56	407	25300	0	26125
13045	151	47	25486	427	0	26111
13046	127	24738	470	304	0	25639
13047	110	25068	317	148	0	25643
13048	150	686	96	23715	0	24647
13049	99	223	23855	388	0	24565
13050	48	22661	372	237	0	23318
13051	29	22262	218	85	0	22594
13052	20153	494	165	121	0	20933
13053	20212	154	29	41	0	20436
13054	384	28	18	20206	0	20636
13055	191	18	18	19776	0	20003
13056	35	20396	39	359	0	20829
13057	20139	232	23	168	0	20562
13058	20459	138	29	52	0	20678
13059	372	20515	41	34	0	20962
13060	181	242	10	20545	0	20978
13061	57	158	20587	253	0	21055
13062	34	37	247	20641	0	20959
13063	20705	27	161	284	0	21177
13064	271	27	39	20912	0	21249
13065	198	25	16	21239	0	21478
13066	21211	23	15	417	0	21666
13067	284	21	34	20842	0	21181
13068	177	21053	57	267	0	21554
13069	71	248	30	21466	0	21815
13070	66	154	30	21665	0	21915
13071	54	44	27	21147	0	21272
13072	52	21352	56	399	0	21859
13073	42	284	22	21287	0	21635
13074	49	195	21006	283	0	21533
13075	62	52	265	21034	0	21413
13076	57	51	21090	295	0	21493
13077	42	20922	296	197	0	21457
13078	67	290	190	21004	0	21551
13079	64	165	57	21274	0	21560
13080	67	46	41	21492	0	21646
13081	68	39	41	21280	0	21428
13082	77	76	20858	465	0	21476
13083	50	20877	296	234	0	21457
13084	67	274	177	21010	0	21528
13085	61	210	21327	290	0	21888
13086	88	74	288	21485	0	21935
13087	21530	41	198	333	0	22102
13088	327	70	21093	226	0	21716
13089	20973	44	278	102	0	21397
13090	353	43	213	21528	0	22137
13091	244	58	21642	354	0	22298
13092	100	21369	325	253	0	22047
13093	99	304	211	21227	0	21841
13094	93	229	21729	342	0	22393
13095	70	21597	344	257	0	22268
13096	80	326	221	21573	0	22200
13097	21648	242	73	347	0	22310
13098	21955	73	60	263	0	22351
13099	22242	66	53	125	0	22486
13100	532	69	21964	93	0	22658
13101	283	22195	336	75	0	22889
13102	121	332	218	22216	0	22887
13103	99	226	80	23057	0	23462
13104	23419	73	69	534	0	24095
13105	337	23757	85	313	0	24492
13106	24095	367	45	129	0	24636
13107	23910	275	61	127	0	24373
13108	24416	85	46	126	0	24673
13109	605	95	24075	106	0	24881
13110	24064	74	367	111	0	24616
13111	420	77	269	24107	0	24873
13112	323	61	70	24240	0	24694
13113	23703	53	57	633	0	24446
13114	390	67	44	23375	0	23876
13115	287	23250	65	447	0	24049
13116	106	349	37	23079	0	23571
13117	22410	274	30	440	0	23154
13118	371	98	22360	352	0	23181
13119	270	22186	362	131	0	22949
13120	95	352	246	21819	0	22512
13121	21759	257	65	381	0	22462
13122	351	79	21498	320	0	22248
13123	323	333	349	20927	0	21932
13124	184	64	21219	385	0	21852
13125	141	71	20554	328	0	21094
13126	150	67	20202	128	0	20547
13127	128	58	19703	93	0	19982
13128	113	100	18610	91	0	18914
13129	15418	308	670	97	0	16493
13130	171	15648	184	62	0	16065
13131	14952	120	69	45	0	15186
13132	14844	117	31	38	0	15030
13133	248	14896	42	33	0	15219
13134	144	15059	40	33	0	15276
13135	15031	221	47	49	0	15348
13136	14982	119	20	48	0	15169
13137	245	36	26	14493	0	14800
13138	143	14777	37	146	0	15103
13139	14873	118	20	148	0	15159
13140	139	14892	46	34	0	15111
13141	144	122	25	14813	0	15104
13142	14924	128	22	134	0	15208
13143	14857	30	32	147	0	15066
13144	241	32	14	14811	0	15098
13145	151	19	20	14900	0	15090
13146	52	27	14825	240	0	15144
13147	51	23	131	14639	0	14844
13148	32	45	14864	147	0	15088
13149	36	23	133	14392	0	14584
13150	50	13	141	14570	0	14774
13151	14566	17	46	256	0	14885
13152	14492	29	42	168	0	14731
13153	238	37	14500	44	0	14819
13154	14257	20	123	45	0	14445
13155	168	22	137	14405	0	14732
13156	155	38	14621	134	0	14948
13157	65	20	140	14669	0	14894
13158	56	30	129	15379	0	15594
13159	49	41	15435	275	0	15800
13160	67	19	151	15683	0	15920
13161	67	39	16096	164	0	16366
13162	41	39	159	16641	0	16880
13163	17599	37	152	203	0	17991
13164	224	17958	53	200	0	18435
13165	18263	204	39	60	0	18566
13166	232	18689	54	54	0	19029
13167	18349	223	21	60	0	18653
13168	253	18407	41	30	0	18731
13169	18108	219	44	55	0	18426
13170	220	18376	49	48	0	18693
13171	217	220	43	18228	0	18708
13172	72	213	18256	217	0	18758
13173	64	70	18131	214	0	18479
13174	61	44	382	18004	0	18491
13175	18063	21	211	247	0	18542
13176	248	18417	72	211	0	18948
13177	220	238	40	18444	0	18942
13178	66	210	18536	265	0	19077
13179	63	65	18803	209	0	19140
13180	81	120	404	17503	0	18108
13181	31	18845	234	231	0	19341
13182	18550	226	61	211	0	19048
13183	252	212	19130	78	0	19672
13184	208	68	18874	70	0	19220
13185	54	18919	412	62	0	19447
13186	18662	250	283	63	0	19258
13187	18716	179	57	56	0	19008
13188	391	55	37	18513	0	18996
13189	18877	50	45	224	0	19196
13190	18353	26	44	200	0	18623
13191	377	18475	71	56	0	18979
13192	18478	214	45	58	0	18795
13193	263	202	18837	55	0	19357
13194	216	62	229	18371	0	18878
13195	81	40	180	18499	0	18800
13196	18244	35	58	367	0	18704
13197	232	18256	61	230	0	18779
13198	18078	215	51	82	0	18426
13199	243	18731	60	44	0	19078
13200	189	18589	55	54	0	18887
13201	108	352	18151	62	0	18673
13202	85	239	17780	49	0	18153
13203	16352	127	355	49	0	16883
13204	16878	48	166	41	0	17133
13205	279	53	16649	30	0	17011
13206	140	16202	177	29	0	16548
13207	47	16522	124	28	0	16721
13208	16165	252	70	32	0	16519
13209	16129	129	29	32	0	16319
13210	257	58	23	16296	0	16634
13211	16666	32	27	156	0	16881
13212	180	40	31	16623	0	16874
13213	128	42	16645	160	0	16975
13214	58	54	16118	112	0	16342
13215	16139	34	236	63	0	16472
13216	194	36	127	16235	0	16592
13217	127	17426	64	137	0	17754
13218	17660	150	44	123	0	17977
13219	17621	117	29	70	0	17837
13220	249	72	17805	36	0	18162
13221	17691	30	165	45	0	17931
13222	18360	23	128	46	0	18557
13223	277	32	49	18138	0	18496
13224	154	18371	56	147	0	18728
13225	67	18824	51	135	0	19077
13226	80	267	39	18904	0	19290
13227	70	158	45	18625	0	18898
13228	75	49	34	18983	0	19141
13229	70	72	18653	290	0	19085
13230	66	56	18208	164	0	18494
13231	82	35	282	18127	0	18526
13232	73	57	18463	184	0	18777
13233	64	63	18276	144	0	18547
13234	61	42	278	17880	0	18261
13235	79	61	19112	185	0	19437
13236	48	19005	226	176	0	19455
13237	19650	186	180	85	0	20101
13238	222	158	64	19473	0	19917
13239	173	19814	56	199	0	20242
13240	78	224	20194	148	0	20644
13241	69	159	203	20129	0	20560
13242	59	79	21034	206	0	21378
13243	67	41	222	20874	0	21204
13244	72	36	170	21543	0	21821
13245	74	70	22117	348	0	22609
13246	83	42	229	21693	0	22047
13247	48	22213	221	235	0	22717
13248	59	228	61	22834	0	23182
13249	65	215	22761	241	0	23282
13250	73	51	225	22626	0	22975
13251	22174	44	168	275	0	22661
13252	239	22711	67	239	0	23256
13253	214	214	64	22764	0	23256
13254	73	204	23199	250	0	23726
13255	58	22880	254	204	0	23396
13256	45	23049	209	76	0	23379
13257	84	372	22492	77	0	23025
13258	59	209	233	21572	0	22073
13259	62	135	166	21632	0	21995
13260	70	66	21606	336	0	22078
13261	40	20956	197	194	0	21387
13262	41	20974	180	63	0	21258
13263	19420	203	51	50	0	19724
13264	112	19646	44	25	0	19827
13265	19340	129	24	40	0	19533
13266	121	95	10	18803	0	19029
13267	19738	20	29	163	0	19950
13268	128	40	20005	115	0	20288
13269	19734	13	123	48	0	19918
13270	135	18	100	20291	0	20544
13271	111	20623	53	133	0	20920
13272	20816	115	26	124	0	21081
13273	138	172	28	20855	0	21193
13274	96	21381	35	128	0	21640
13275	35	22250	36	107	0	22428
13276	21924	194	31	59	0	22208
13277	22086	103	19	45	0	22253
13278	22282	25	16	50	0	22373
13279	198	25	20	21691	0	21934
13280	104	21534	44	125	0	21807
13281	23	21940	37	103	0	22103
13282	31	193	24	21807	0	22055
13283	21445	97	19	156	0	21717
13284	20837	38	24	127	0	21026
13285	21303	26	26	50	0	21405
13286	191	54	21423	34	0	21702
13287	122	56	21404	28	0	21610
13288	22059	23	191	44	0	22317
13289	148	17	90	22160	0	22415
13290	105	23	30	22416	0	22574
13291	44	27	34	22162	0	22267
13292	34	17	27	22325	0	22403
13293	26	62	21909	231	0	22228
13294	27	37	127	21805	0	21996
13295	28	59	21835	163	0	22085
13296	20189	24	133	158	0	20504
13297	121	21996	149	62	0	22328
13298	112	121	30	22387	0	22650
13299	33	111	34	22007	0	22185
13300	21834	32	33	235	0	22134
13301	21733	39	30	157	0	21959
13302	21771	34	21	75	0	21901
13303	21721	35	31	58	0	21845
13304	226	61	21791	67	0	22145
13305	138	52	21555	48	0	21793
13306	63	31	211	21580	0	21885
13307	21819	34	118	154	0	22125
13308	21574	25	48	150	0	21797
13309	220	60	21594	64	0	21938
13310	123	33	122	21126	0	21404
13311	21172	30	106	170	0	21478
13312	143	35	41	21276	0	21495
13313	118	62	21753	167	0	22100
13314	65	41	128	21669	0	21903
13315	21921	30	105	167	0	22223
13316	130	23422	55	146	0	23753
13317	23251	116	43	87	0	23497
13318	23393	111	33	107	0	23644
13319	23539	42	32	72	0	23685
13320	234	40	30	23379	0	23683
13321	23076	35	14	161	0	23286
13322	154	23960	46	138	0	24298
13323	140	24570	58	56	0	24824
13324	69	320	31	24140	0	24560
13325	24548	141	22	186	0	24897
13326	176	26019	53	149	0	26397
13327	30060	206	20	68	0	30354
13328	32011	172	26	70	0	32279
13329	588	33752	53	54	0	34447
13330	376	389	22	34044	0	34831
13331	133	327	24	34628	0	35112
13332	101	120	34736	671	0	35628
13333	87	58	365	34498	0	35008
13334	92	77	34855	479	0	35503
13335	63	33760	442	373	0	34638
13336	87	388	334	33910	0	34719
13337	33057	312	79	466	0	33914
13338	33347	70	61	383	0	33861
13339	694	53	39	33270	0	34056
13340	377	117	32774	440	0	33708
13341	30310	55	391	431	0	31187
13342	405	31865	338	155	0	32763
13343	339	31882	98	103	0	32422
13344	114	32274	82	91	0	32561
13345	145	746	90	30743	0	31724
13346	88	377	31395	382	0	32242
13347	92	100	349	31174	0	31715
13348	71	102	31631	407	0	32211
13349	69	93	31368	326	0	31856
13350	77	120	32116	100	0	32413
13351	76	53	658	30240	0	31027
13352	61	48	358	31999	0	32466
13353	56	59	100	32305	0	32520
13354	71	48	79	31869	0	32067
13355	31497	31	87	681	0	32296
13356	343	31422	125	390	0	32280
13357	31575	346	64	145	0	32130
13358	382	32263	90	150	0	32885
13359	319	372	56	32159	0	32906
13360	101	299	46	33079	0	33525
13361	32871	68	51	685	0	33675
13362	33211	67	38	408	0	33724
13363	33595	61	46	144	0	33846
13364	33329	67	30	144	0	33570
13365	33097	61	29	116	0	33303
13366	678	32709	50	117	0	33554
13367	31801	358	37	114	0	32310
13368	436	31777	66	97	0	32376
13369	31375	377	46	109	0	31907
13370	468	343	31361	75	0	32247
13371	401	149	337	30432	0	31319
13372	137	31754	319	337	0	32547
13373	149	375	72	31627	0	32223
13374	141	385	31191	407	0	32124
13375	135	120	347	30441	0	31043
13376	29885	69	321	449	0	30724
13377	377	30316	133	409	0	31235
13378	325	30851	112	160	0	31448
13379	133	681	31090	160	0	32064
13380	109	380	383	30092	0	30964
13381	75	31850	349	427	0	32701
13382	115	375	104	32368	0	32962
13383	99	399	32494	450	0	33442
13384	83	32159	427	449	0	33118
13385	136	442	32375	151	0	33104
13386	126	421	31876	137	0	32560
13387	118	147	611	31391	0	32267
13388	31708	99	369	443	0	32619
13389	391	107	120	32126	0	32744
13390	363	186	32223	449	0	33221
13391	131	106	423	33114	0	33774
13392	87	162	34694	467	0	35410
13393	95	143	34519	417	0	35174
13394	33950	79	730	218	0	34977
13395	35967	76	422	203	0	36668
13396	36340	77	174	192	0	36783
13397	775	111	35750	171	0	36807
13398	402	123	36039	162	0	36726
13399	163	55	780	35233	0	36231
13400	163	67	433	36111	0	36774
13401	35910	69	147	775	0	36901
13402	488	85	108	36455	0	37136
13403	422	104	36649	528	0	37703
13404	167	120	36601	456	0	37344
13405	138	36911	771	201	0	38021
13406	149	430	415	37249	0	38243
13407	184	433	37749	471	0	38837
13408	148	104	459	37346	0	38057
13409	37470	63	417	557	0	38507
13410	479	153	38324	473	0	39429
13411	450	72	478	38192	0	39192
13412	182	70	406	38792	0	39450
13413	158	120	37850	795	0	38923
13414	174	81	483	37450	0	38188
13415	168	126	37746	557	0	38597
13416	35176	75	525	459	0	36235
13417	510	73	415	35101	0	36099
13418	406	35510	218	492	0	36626
13419	35441	430	114	464	0	36449
13420	35258	352	106	218	0	35934
13421	781	35396	175	167	0	36519
13422	764	2094	182	30961	0	34001
13423	132	33658	121	383	0	34294
13424	129	33655	102	348	0	34234
13425	585	871	31563	166	0	33185
13426	126	31181	475	202	0	31984
13427	231	511	26402	205	0	27349
13428	22301	317	239	106	0	22963
13429	22734	36	116	50	0	22936
13430	211	23123	56	40	0	23430
13431	116	23172	55	40	0	23383
13432	31	23513	53	35	0	23632
13433	23590	223	42	52	0	23907
13434	174	119	29	24015	0	24337
13435	129	63	25083	180	0	25455
13436	42	25127	200	156	0	25525
13437	42	197	155	25379	0	25773
13438	47	160	28	24269	0	24504
13439	20	27758	69	331	0	28178
13440	29959	265	31	183	0	30438
13441	350	253	30820	66	0	31489
13442	334	55	360	35662	0	36411
13443	33	41661	333	542	0	42569
13444	41527	636	50	438	0	42651
13445	686	569	41423	116	0	42794
13446	528	40956	652	99	0	42235
13447	110	660	534	40717	0	42021
13448	66	590	40932	679	0	42267
13449	39484	79	715	550	0	40828
13450	726	50	531	40387	0	41694
13451	578	128	40466	709	0	41881
13452	101	40349	759	618	0	41827
13453	39495	675	550	129	0	40849
13454	653	40814	155	94	0	41716
13455	40928	719	68	105	0	41820
13456	40856	567	61	86	0	41570
13457	1256	118	56	39502	0	40932
13458	605	38689	99	695	0	40088
13459	143	715	39280	567	0	40705
13460	136	556	687	39157	0	40536
13461	147	230	620	36078	0	37075
13462	111	69	130	39794	0	40104
13463	123	66	86	39837	0	40112
13464	134	74	71	39787	0	40066
13465	38690	81	71	1289	0	40131
13466	38559	74	82	675	0	39390
13467	37719	84	95	184	0	38082
13468	1181	37088	148	173	0	38590
13469	615	686	38445	122	0	39868
13470	188	592	38764	123	0	39667
13471	151	153	39353	129	0	39786
13472	134	139	1291	37055	0	38619
13473	115	107	658	38252	0	39132
13474	141	102	148	38539	0	38930
13475	117	138	37683	1321	0	39259
13476	116	36785	785	803	0	38489
13477	138	745	37808	216	0	38907
13478	133	632	37917	164	0	38846
13479	172	164	1259	36442	0	38037
13480	171	190	37670	780	0	38811
13481	154	135	813	36574	0	37676
13482	36185	121	657	840	0	37803
13483	36219	133	191	686	0	37229
13484	1294	153	35803	225	0	37475
13485	749	124	784	35174	0	36831
13486	255	170	36254	845	0	37524
13487	170	35851	873	757	0	37651
13488	35715	790	689	240	0	37434
13489	859	682	35855	216	0	37612
13490	669	34895	897	213	0	36674
13491	202	34734	744	214	0	35894
13492	180	33992	314	237	0	34723
13493	235	1300	32150	244	0	33929
13494	268	881	810	29657	0	31616
13495	198	31365	722	773	0	33058
13496	224	814	260	31336	0	32634
13497	247	662	224	31557	0	32690
13498	30422	205	233	1333	0	32193
13499	768	30546	284	806	0	32404
13500	30507	751	212	329	0	31799
13501	823	30273	279	288	0	31663
13502	670	30495	261	261	0	31687
13503	318	1288	29663	266	0	31535
13504	278	800	808	28951	0	30837
13505	216	295	29463	856	0	30830
13506	218	28328	842	882	0	30270
13507	242	754	28957	322	0	30275
13508	260	639	28804	331	0	30034
13509	209	28601	1251	313	0	30374
13510	27510	728	729	338	0	29305
13511	742	28456	328	345	0	29871
13512	28452	795	258	323	0	29828
13513	822	668	28145	338	0	29973
13514	702	205	28371	340	0	29618
13515	230	27840	1361	330	0	29761
13516	27612	740	745	285	0	29382
13517	763	28271	344	288	0	29666
13518	711	754	307	27730	0	29502
13519	28011	645	305	778	0	29739
13520	774	273	27989	683	0	29719
13521	677	211	876	27933	0	29697
13522	27676	201	771	825	0	29473
13523	761	27669	359	777	0	29566
13524	692	731	269	27737	0	29429
13525	238	665	27642	890	0	29435
13526	27232	207	857	756	0	29052
13527	745	203	746	27658	0	29352
13528	606	249	27429	839	0	29123
13529	223	191	871	26669	0	27954
13530	183	26949	787	874	0	28793
13531	220	756	27113	739	0	28828
13532	244	622	766	26338	0	27970
13533	25848	188	693	716	0	27445
13534	793	179	290	25724	0	26986
13535	24415	193	273	693	0	25574
13536	708	24175	261	601	0	25745
13537	24021	683	297	213	0	25214
13538	698	616	23493	214	0	25021
13539	560	235	21358	155	0	22308
13540	239	223	18968	145	0	19575
13541	212	17424	1121	182	0	18939
13542	606	219	1157	6689	0	8671
13543	31	66	93	6569	0	6759
13544	13	15	18	6449	0	6495
13545	18	16	20	6548	0	6602
13546	18	23	6466	95	0	6602
13547	5894	21	45	58	0	6018
13548	42	6484	51	22	0	6599
13549	6304	37	25	18	0	6384
13550	47	60	12	6335	0	6454
13551	43	6453	19	36	0	6551
13552	34	47	12	6471	0	6564
13553	6398	44	11	41	0	6494
13554	34	6676	14	44	0	6768
13555	6598	39	18	18	0	6673
13556	6498	43	12	9	0	6562
13557	59	18	13	6578	0	6668
13558	52	12	6525	36	0	6625
13559	6258	16	38	50	0	6362
13560	32	11	44	6629	0	6716
13561	6663	11	20	42	0	6736
13562	6836	9	8	49	0	6902
13563	6845	10	16	16	0	6887
13564	84	14	6887	12	0	6997
13565	44	19	40	6735	0	6838
13566	6811	8	46	41	0	6906
13567	51	13	7153	45	0	7262
13568	49	7113	44	19	0	7225
13569	34	65	46	6638	0	6783
13570	12	42	6931	40	0	7025
13571	10	20	6848	49	0	6927
13572	23	24	66	6624	0	6737
13573	14	8	45	6863	0	6930
13574	13	2	10	6923	0	6948
13575	9	5	12	6836	0	6862
13576	10	10	6780	66	0	6866
13577	9	6821	40	41	0	6911
13578	11	37	33	6829	0	6910
13579	6862	28	10	45	0	6945
13580	6661	11	5	39	0	6716
13581	6744	6	8	15	0	6773
13582	68	7	6	6699	0	6780
13583	43	20	11	6589	0	6663
13584	13	6381	12	58	0	6464
13585	9	6426	8	33	0	6476
13586	32	68	18	6194	0	6312
13587	6072	31	14	48	0	6165
13588	6071	4	11	23	0	6109
13589	6014	2	3	10	0	6029
13590	6023	4	8	10	0	6045
13591	6047	2	7	13	0	6069
13592	42	6081	6	5	0	6134
13593	19	29	5	6139	0	6192
13594	6327	16	3	36	0	6382
13595	6378	2	5	29	0	6414
13596	45	4	4	6379	0	6432
13597	23	6	2	6453	0	6484
13598	4	7	6567	42	0	6620
13599	10	4	23	6415	0	6452
13600	5	8	17	6581	0	6611
13601	8	5	6777	38	0	6828
13602	7	13	23	6665	0	6708
13603	10	6910	14	30	0	6964
13604	14	28	6872	26	0	6940
13605	8	6980	28	10	0	7026
13606	9	30	22	6864	0	6925
13607	16	14	2	6882	0	6914
13608	8	6862	8	34	0	6912
13609	7	6866	10	14	0	6897
13610	6933	32	7	17	0	6989
13611	6870	20	2	12	0	6904
13612	32	16	6897	9	0	6954
13613	6930	3	23	21	0	6977
13614	7294	3	10	20	0	7327
13615	7314	5	5	12	0	7336
13616	7259	2	25	12	0	7298
13617	38	7	7113	18	0	7176
13618	14	14	6909	4	0	6941
13619	7180	7	31	13	0	7231
13620	24	7620	13	15	0	7672
13621	15	22	7625	5	0	7667
13622	7529	16	27	9	0	7581
13623	7693	3	11	11	0	7718
13624	27	7	7730	10	0	7774
13625	7688	2	22	15	0	7727
13626	26	3	13	8418	0	8460
13627	12	18	8800	31	0	8861
13628	8047	3	25	27	0	8102
13629	22	8895	28	15	0	8960
13630	9129	22	10	18	0	9179
13631	9838	11	4	40	0	9893
13632	36	3	7	9884	0	9930
13633	20	4	3	9917	0	9944
13634	9	2	5	10049	0	10065
13635	10055	4	7	42	0	10108
13636	10423	4	2	29	0	10458
13637	45	4	3	10502	0	10554
13638	27	1	5	10429	0	10462
13639	15	24	10313	50	0	10402
13640	9785	3	30	41	0	9859
13641	36	7	17	10668	0	10728
13642	26	5	3	10631	0	10665
13643	12	10593	10	61	0	10676
13644	8	41	1	10681	0	10731
13645	16	19	0	10693	0	10728
13646	10450	5	4	63	0	10522
13647	44	10750	7	51	0	10852
13648	32	38	0	10872	0	10942
13649	18	25	0	10841	0	10884
13650	16	11	4	10960	0	10991
13651	11	16	10769	66	0	10862
13652	15	1	37	10653	0	10706
13653	10447	2	21	56	0	10526
13654	49	21	10643	29	0	10742
13655	30	3	40	10812	0	10885
13656	21	0	23	10991	0	11035
13657	10956	2	8	87	0	11053
13658	10738	6	9	42	0	10795
13659	67	11	10944	16	0	11038
13660	10256	5	42	23	0	10326
13661	48	18	11084	20	0	11170
13662	10861	4	42	19	0	10926
13663	53	11844	39	11	0	11947
13664	12055	48	8	26	0	12137
13665	61	12308	11	22	0	12402
13666	12623	62	14	39	0	12738
13667	59	12758	14	18	0	12849
13668	48	67	4	13005	0	13124
13669	28	40	1	13019	0	13088
13670	9	13	6	12988	0	13016
13671	7	12820	15	124	0	12966
13672	5	58	3	12818	0	12884
13673	6	12995	20	84	0	13105
13674	14	73	4	13058	0	13149
13675	13156	44	7	86	0	13293
13676	12959	17	2	62	0	13040
13677	113	13063	16	34	0	13226
13678	70	68	5	13093	0	13236
13679	13026	51	5	78	0	13160
13680	83	13316	12	62	0	13473
13681	62	13444	17	26	0	13549
13682	13502	122	9	11	0	13644
13683	13512	69	11	17	0	13609
13684	135	13520	11	21	0	13687
13685	13598	85	7	15	0	13705
13686	102	63	4	13636	0	13805
13687	76	42	14185	85	0	14388
13688	14119	12	88	83	0	14302
13689	14458	14	67	47	0	14586
13690	159	15	14735	24	0	14933
13691	14638	12	89	43	0	14782
13692	15101	15	70	32	0	15218
13693	15708	14	19	42	0	15783
13694	176	15772	7	31	0	15986
13695	15950	104	6	26	0	16086
13696	16023	87	2	28	0	16140
13697	187	33	4	16024	0	16248
13698	115	15	8	16254	0	16392
13699	32	19	3	16445	0	16499
13700	16399	11	3	211	0	16624
13701	125	19	2	16233	0	16379
13702	16387	22	4	140	0	16553
13703	16394	18	9	112	0	16533
13704	229	17	8	16317	0	16571
13705	127	25	6	16714	0	16872
13706	48	16	6	16865	0	16935
13707	16758	12	8	228	0	17006
13708	136	16852	28	118	0	17134
13709	117	128	10	17102	0	17357
13710	60	97	9	17366	0	17532
13711	17152	28	11	239	0	17430
13712	17136	25	8	143	0	17312
13713	257	45	16986	45	0	17333
13714	152	33	17090	43	0	17318
13715	17875	32	240	44	0	18191
13716	208	26	124	18473	0	18831
13717	167	29	16	20721	0	20933
13718	53	53	20691	409	0	21206
13719	53	55	242	19952	0	20302
13720	56	20543	193	282	0	21074
13721	51	21154	51	208	0	21464
13722	20694	421	17	84	0	21216
13723	308	213	20809	52	0	21382
13724	226	21346	234	58	0	21864
13725	88	286	168	21432	0	21974
13726	73	222	21234	298	0	21827
13727	94	52	258	20738	0	21142
13728	74	34	179	21009	0	21296
13729	88	61	20774	447	0	21370
13730	65	20711	292	249	0	21317
13731	86	263	185	19936	0	20470
13732	20192	185	55	320	0	20752
13733	20349	42	30	229	0	20650
13734	20416	26	34	97	0	20573
13735	481	20056	66	85	0	20688
13736	20004	260	42	65	0	20371
13737	354	205	35	19863	0	20457
13738	244	65	19673	321	0	20303
13739	19221	45	260	247	0	19773
13740	307	19740	218	95	0	20360
13741	247	266	53	19543	0	20109
13742	99	209	50	19453	0	19811
13743	87	19490	60	469	0	20106
13744	91	280	42	19916	0	20329
13745	76	200	50	20072	0	20398
13746	68	79	42	20373	0	20562
13747	19777	59	73	549	0	20458
13748	19754	66	63	326	0	20209
13749	473	80	19785	184	0	20522
13750	259	84	313	19726	0	20382
13751	121	89	217	20190	0	20617
13752	104	107	96	20390	0	20697
13753	19937	95	69	541	0	20642
13754	354	104	19587	318	0	20363
13755	19285	76	296	181	0	19838
13756	19843	92	233	157	0	20325
13757	481	72	101	19735	0	20389
13758	19869	62	98	411	0	20440
13759	370	79	19498	334	0	20281
13760	19200	57	309	182	0	19748
13761	367	20821	240	171	0	21599
13762	301	319	20472	158	0	21250
13763	182	247	20515	168	0	21112
13764	183	223	471	20189	0	21066
13765	197	98	20490	378	0	21163
13766	19468	109	348	305	0	20230
13767	350	19737	266	166	0	20519
13768	19923	286	81	183	0	20473
13769	360	250	89	20037	0	20736
13770	303	114	19986	390	0	20793
13771	132	112	20003	362	0	20609
13772	135	151	468	20000	0	20754
13773	20086	83	262	433	0	20864
13774	321	19821	112	400	0	20654
13775	265	20323	102	250	0	20940
13776	20201	420	88	219	0	20928
13777	361	20434	94	211	0	21100
13778	20537	285	83	187	0	21092
13779	435	234	71	20271	0	21011
13780	20251	72	91	386	0	20800
13781	393	52	108	20207	0	20760
13782	20332	55	85	419	0	20891
13783	370	67	106	20048	0	20591
13784	317	19901	123	373	0	20714
13785	19950	246	99	316	0	20611
13786	372	19968	132	203	0	20675
13787	358	293	19215	137	0	20003
13788	205	234	292	17669	0	18400
13789	179	19175	263	289	0	19906
13790	18826	272	98	264	0	19460
13791	18531	231	121	138	0	19021
13792	505	18334	149	113	0	19101
13793	265	304	17990	143	0	18702
13794	171	212	324	17049	0	17756
13795	137	17532	271	327	0	18267
13796	140	270	137	17835	0	18382
13797	164	214	125	17902	0	18405
13798	17518	126	85	467	0	18196
13799	343	17437	107	289	0	18176
13800	312	268	76	17599	0	18255
13801	17626	230	89	368	0	18313
13802	17642	91	117	269	0	18119
13803	17553	81	105	188	0	17927
13804	529	103	80	17207	0	17919
13805	16966	114	78	307	0	17465
13806	357	16877	95	249	0	17578
13807	16862	267	72	146	0	17347
13808	353	17016	71	152	0	17592
13809	16896	276	79	146	0	17397
13810	16694	195	54	157	0	17100
13811	482	214	80	16454	0	17230
13812	328	92	16893	284	0	17597
13813	207	108	16766	253	0	17334
13814	169	16840	322	129	0	17460
13815	15920	266	239	131	0	16556
13816	287	189	15691	79	0	16246
13817	12493	53	101	47	0	12694
13818	94	12987	85	42	0	13208
13819	93	13459	42	30	0	13624
13820	71	160	32	13489	0	13752
13821	48	14049	40	92	0	14229
13822	55	136	14308	88	0	14587
13823	48	139	101	13879	0	14167
13824	41	14798	104	103	0	15046
13825	44	127	28	14835	0	15034
13826	14956	120	14	148	0	15238
13827	139	42	17	15190	0	15388
13828	130	51	15436	157	0	15774
13829	50	15813	136	128	0	16127
13830	50	160	111	15723	0	16044
13831	49	138	41	15902	0	16130
13832	44	40	25	16082	0	16191
13833	15692	34	25	272	0	16023
13834	15653	36	21	167	0	15877
13835	266	43	15944	54	0	16307
13836	171	55	15858	43	0	16127
13837	52	16020	256	48	0	16376
13838	16130	138	148	47	0	16463
13839	154	143	37	16170	0	16504
13840	158	52	21	16236	0	16467
13841	64	32	17	16395	0	16508
13842	65	29	11	16429	0	16534
13843	56	49	15881	289	0	16275
13844	15283	24	132	186	0	15625
13845	167	29	126	17270	0	17592
13846	178	46	17221	194	0	17639
13847	17313	28	179	206	0	17726
13848	19251	26	183	83	0	19543
13849	416	56	21245	43	0	21760
13850	281	59	22236	43	0	22619
13851	102	31	512	21974	0	22619
13852	22326	27	295	322	0	22970
13853	22614	22	76	279	0	22991
13854	566	28	50	22068	0	22712
13855	320	26	60	22639	0	23045
13856	101	61	22488	539	0	23189
13857	83	70	327	22181	0	22661
13858	80	58	22416	388	0	22942
13859	21055	31	344	312	0	21742
13860	320	22265	293	127	0	23005
13861	21355	273	66	78	0	21772
13862	322	21437	64	64	0	21887
13863	21379	316	113	60	0	21868
13864	391	228	33	20798	0	21450
13865	313	71	35	20954	0	21373
13866	21001	38	32	523	0	21594
13867	21090	31	27	300	0	21448
13868	21255	28	23	97	0	21403
13869	21381	18	29	66	0	21494
13870	589	32	20892	52	0	21565
13871	20888	15	292	72	0	21267
13872	21284	17	233	61	0	21595
13873	21310	16	61	53	0	21440
13874	639	9	31	20780	0	21459
13875	20470	8	51	335	0	20864
13876	365	20424	84	260	0	21133
13877	308	284	41	20513	0	21146
13878	132	221	44	20758	0	21155
13879	104	82	20422	557	0	21165
13880	99	39	312	19766	0	20216
13881	81	20346	262	379	0	21068
13882	20172	309	87	293	0	20861
13883	350	20471	71	132	0	21024
13884	20574	349	50	110	0	21083
13885	408	252	50	20430	0	21140
13886	20271	73	50	371	0	20765
13887	372	20080	73	294	0	20819
13888	20437	320	40	119	0	20916
13889	20496	252	50	84	0	20882
13890	617	73	50	20135	0	20875
13891	377	48	34	20544	0	21003
13892	181	69	20122	574	0	20946
13893	155	42	306	20195	0	20698
13894	142	38	240	20317	0	20737
13895	139	43	19985	586	0	20753
13896	114	32	330	20192	0	20668
13897	105	40	20080	436	0	20661
13898	19566	31	367	331	0	20295
13899	400	35	281	19780	0	20496
13900	337	48	19531	386	0	20302
13901	19315	37	344	296	0	19992
13902	426	31	255	19617	0	20329
13903	346	65	19893	394	0	20698
13904	19699	28	335	328	0	20390
13905	417	43	258	20058	0	20776
13906	357	35	92	20220	0	20704
13907	20165	36	54	616	0	20871
13908	449	35	49	20137	0	20670
13909	350	38	59	20256	0	20703
13910	197	47	46	19568	0	19858
13911	131	19592	68	626	0	20417
13912	19072	308	57	371	0	19808
13913	19216	245	48	172	0	19681
13914	623	80	55	18632	0	19390
13915	18886	45	45	386	0	19362
13916	18766	47	51	354	0	19218
13917	18939	49	66	162	0	19216
13918	16955	74	114	146	0	17289
13919	18366	29	80	146	0	18621
13920	663	48	17248	122	0	18081
13921	385	43	16685	128	0	17241
13922	16155	59	457	124	0	16795
13923	374	16319	304	109	0	17106
13924	309	264	99	15702	0	16374
13925	151	200	15688	338	0	16377
13926	139	78	15698	265	0	16180
13927	167	218	439	15197	0	16021
13928	15181	108	378	398	0	16065
13929	321	44	81	15306	0	15752
13930	253	59	15273	337	0	15922
13931	15483	19	259	291	0	16052
13932	323	26	219	15778	0	16346
13933	276	24	75	15985	0	16360
13934	155	19	50	16205	0	16429
13935	148	13	48	15872	0	16081
13936	127	45	15389	504	0	16065
13937	137	25	256	15525	0	15943
13938	15319	23	191	346	0	15879
13939	314	43	15121	284	0	15762
13940	15085	27	254	156	0	15522
13941	15483	24	186	124	0	15817
13942	15483	25	80	134	0	15722
13943	15236	25	65	127	0	15453
13944	498	15004	69	97	0	15668
13945	222	13621	51	86	0	13980
13946	121	13983	62	86	0	14252
13947	12670	509	334	191	0	13704
13948	229	172	11787	93	0	12281
13949	9087	163	257	54	0	9561
13950	155	21	75	8617	0	8868
13951	8626	8	17	62	0	8713
13952	68	6	13	8602	0	8689
13953	8661	2	14	71	0	8748
13954	72	6	12	8655	0	8745
13955	59	10	13	8904	0	8986
13956	7675	5	20	106	0	7806
13957	61	9414	19	65	0	9559
13958	60	49	9286	34	0	9429
13959	36	9309	49	18	0	9412
13960	40	44	8807	18	0	8909
13961	40	132	45	8182	0	8399
13962	8339	7	66	38	0	8450
13963	33	2	11	8189	0	8235
13964	8085	10	14	33	0	8142
13965	41	8757	14	41	0	8853
13966	48	32	8876	13	0	8969
13967	11	8905	24	22	0	8962
13968	12	8891	36	16	0	8955
13969	8446	35	38	13	0	8532
13970	8199	22	8	13	0	8242
13971	35	8428	10	11	0	8484
13972	31	16	5	8446	0	8498
13973	9	15	11	8454	0	8489
13974	8425	3	7	36	0	8471
13975	28	15	8512	30	0	8585
13976	24	14	8373	12	0	8423
13977	20	4	32	8482	0	8538
13978	16	12	8657	36	0	8721
13979	8067	4	27	29	0	8127
13980	8548	6	23	25	0	8602
13981	45	8643	23	21	0	8732
13982	28	37	9034	15	0	9114
13983	16	21	30	9022	0	9089
13984	21	13	9586	27	0	9647
13985	14	4	28	9452	0	9498
13986	9571	3	31	35	0	9640
13987	34	9827	23	50	0	9934
13988	50	36	10224	20	0	10330
13989	19	10464	30	15	0	10528
13990	13	10783	36	12	0	10844
13991	10834	50	14	20	0	10918
13992	10487	37	8	22	0	10554
13993	67	31	10969	20	0	11087
13994	43	11232	35	21	0	11331
13995	22	35	34	11237	0	11328
13996	21	36	9	11255	0	11321
13997	20	7	19	11229	0	11275
13998	17	23	11364	75	0	11479
13999	23	13	37	11248	0	11321
14000	22	8	36	11641	0	11707
14001	11810	7	12	88	0	11917
14002	11818	10	13	55	0	11896
14003	11681	10	10	38	0	11739
14004	11531	5	11	29	0	11576
14005	11527	12	6	25	0	11570
14006	73	11505	24	20	0	11622
14007	11303	35	11	24	0	11373
14008	58	46	11296	17	0	11417
14009	57	24	33	11166	0	11280
14010	11339	6	27	36	0	11408
14011	41	11452	14	42	0	11549
14012	11617	32	6	15	0	11670
14013	11810	38	11	28	0	11887
14014	71	16	7	11916	0	12010
14015	41	12	4	11995	0	12052
14016	22	12487	16	64	0	12589
14017	22	41	8	12652	0	12723
14018	23	48	13015	50	0	13136
14019	17	9	44	13076	0	13146
14020	17	37	13241	55	0	13350
14021	11844	9	68	77	0	11998
14022	56	11	44	13430	0	13541
14023	64	25	13613	66	0	13768
14024	11	13539	64	72	0	13686
14025	14	13641	56	19	0	13730
14026	13491	87	27	23	0	13628
14027	61	62	15	13526	0	13664
14028	48	32	13970	61	0	14111
14029	10	13846	70	70	0	13996
14030	28	54	13940	19	0	14041
14031	13448	39	53	18	0	13558
14032	13627	12	48	15	0	13702
14033	13782	7	7	20	0	13816
14034	90	9	9	13832	0	13940
14035	52	20	13898	60	0	14030
14036	8	14007	62	53	0	14130
14037	29	47	48	14187	0	14311
14038	16	59	14054	65	0	14194
14039	14	28	13846	54	0	13942
14040	14	11	86	14056	0	14167
14041	14298	7	47	64	0	14416
14042	57	4	11	14314	0	14386
14043	47	6	8	14615	0	14676
14044	15	25	14684	104	0	14828
14045	13	8	52	14618	0	14691
14046	13	4	49	14699	0	14765
14047	18	18	14793	98	0	14927
14048	14	31	14635	59	0	14739
14049	14	11	95	14619	0	14739
14050	28	26	14913	67	0	15034
14051	12	5	60	14886	0	14963
14052	14883	10	49	74	0	15016
14053	53	15302	27	83	0	15465
14054	55	47	21	15484	0	15607
14055	14	60	15247	74	0	15395
14056	13082	12	66	97	0	13257
14057	60	14518	60	26	0	14664
14058	14634	51	14	45	0	14744
14059	68	49	12	14615	0	14744
14060	56	10	11	14677	0	14754
14061	14813	9	18	124	0	14964
14062	64	34	14925	72	0	15095
14063	14626	9	60	34	0	14729
14064	72	4	57	15075	0	15208
14065	14558	9	13	86	0	14666
14066	14585	10	26	70	0	14691
14067	115	7	9	14601	0	14732
14068	69	15181	29	81	0	15360
14069	15703	69	21	81	0	15874
14070	16057	66	12	50	0	16185
14071	172	44	16200	16	0	16432
14072	16124	18	95	35	0	16272
14073	106	22	84	16184	0	16396
14074	104	16567	47	99	0	16817
14075	43	103	22	15957	0	16125
14076	25	16548	33	105	0	16711
14077	16425	101	17	99	0	16642
14078	16642	83	20	37	0	16782
14079	189	19	10	17683	0	17901
14080	104	40	17696	135	0	17975
14081	46	34	17707	120	0	17907
14082	28	26	221	18028	0	18303
14083	18106	10	130	156	0	18402
14084	18691	17	33	137	0	18878
14085	253	19207	34	61	0	19555
14086	162	178	28	19285	0	19653
14087	38	160	19634	194	0	20026
14088	38	50	20159	185	0	20432
14089	47	72	351	21169	0	21639
14090	23347	18	211	296	0	23872
14091	319	14	36	23790	0	24159
14092	229	31	23606	340	0	24206
14093	23267	14	313	250	0	23844
14094	318	5	234	23420	0	23977
14095	246	19	52	23753	0	24070
14096	68	14	39	23301	0	23422
14097	34	23380	54	545	0	24013
14098	47	301	23475	277	0	24100
14099	40	249	23918	71	0	24278
14100	43	40	529	23607	0	24219
14101	44	45	23858	346	0	24293
14102	23245	18	352	284	0	23899
14103	346	17	246	23554	0	24163
14104	265	22	63	23708	0	24058
14105	84	20	42	23532	0	23678
14106	37	23621	85	584	0	24327
14107	23911	305	57	300	0	24573
14108	371	242	36	23835	0	24484
14109	23833	43	50	380	0	24306
14110	371	23789	67	284	0	24511
14111	23915	330	46	118	0	24409
14112	23442	231	39	105	0	23817
14113	23708	51	41	102	0	23902
14114	596	23064	67	101	0	23828
14115	308	23239	48	75	0	23670
14116	22406	531	44	94	0	23075
14117	352	22785	72	76	0	23285
14118	291	374	22230	81	0	22976
14119	88	21954	344	95	0	22481
14120	66	22224	284	86	0	22660
14121	22054	513	75	64	0	22706
14122	362	293	21871	86	0	22612
14123	272	99	21740	73	0	22184
14124	118	59	543	21240	0	21960
14125	21652	62	296	351	0	22361
14126	376	62	21778	276	0	22492
14127	300	38	348	21633	0	22319
14128	97	74	21174	368	0	21713
14129	84	71	20828	314	0	21297
14130	20078	49	530	116	0	20773
14131	384	75	20950	68	0	21477
14132	318	71	363	20371	0	21123
14133	127	50	279	20217	0	20673
14134	92	20359	127	516	0	21094
14135	90	20853	103	292	0	21338
14136	109	527	71	20410	0	21117
14137	110	301	20494	369	0	21274
14138	116	93	361	20535	0	21105
14139	93	80	287	20709	0	21169
14140	94	77	20677	592	0	21440
14141	90	52	376	20788	0	21306
14142	20698	57	313	431	0	21499
14143	352	91	20731	334	0	21508
14144	20614	74	372	151	0	21211
14145	415	70	311	20554	0	21350
14146	332	55	126	20901	0	21414
14147	138	21141	157	614	0	22050
14148	120	337	127	21404	0	21988
14149	134	264	101	21813	0	22312
14150	21532	89	116	647	0	22384
14151	382	64	121	21762	0	22329
14152	325	76	111	21829	0	22341
14153	21068	81	117	666	0	21932
14154	409	93	117	21302	0	21921
14155	344	76	115	20212	0	20747
14156	130	20936	148	629	0	21843
14157	20934	361	122	395	0	21812
14158	416	272	109	21026	0	21823
14159	348	107	91	21360	0	21906
14160	147	115	20809	698	0	21769
14161	147	71	388	20833	0	21439
14162	146	72	312	20969	0	21499
14163	20459	76	101	698	0	21334
14164	20657	91	84	426	0	21258
14165	636	85	93	20573	0	21387
14166	370	109	20223	457	0	21159
14167	171	19671	370	359	0	20571
14168	143	19896	329	184	0	20552
14169	249	616	176	19097	0	20138
14170	19058	268	116	464	0	19906
14171	408	125	67	19228	0	19828
14172	19270	94	60	436	0	19860
14173	401	85	56	19449	0	19991
14174	318	84	69	19430	0	19901
14175	18988	97	82	573	0	19740
14176	18921	89	81	362	0	19453
14177	546	19060	94	198	0	19898
14178	318	19492	98	138	0	20046
14179	140	476	70	17817	0	18503
14180	120	271	76	17998	0	18465
14181	143	98	17651	499	0	18391
14182	15981	60	311	292	0	16644
14183	298	16972	242	170	0	17682
14184	179	16293	85	115	0	16672
14185	15606	320	159	80	0	16165
14186	273	170	15660	95	0	16198
14187	179	69	15057	87	0	15392
14188	149	103	14119	84	0	14455
14189	73	12735	277	52	0	13137
14190	101	70	196	10422	0	10789
14191	21	33	24	10388	0	10466
14192	17	20	10	10477	0	10524
14193	10341	12	12	112	0	10477
14194	10254	12	3	71	0	10340
14195	85	10396	15	41	0	10537
14196	54	59	10	10589	0	10712
14197	31	53	10713	75	0	10872
14198	18	10766	65	60	0	10909
14199	10588	61	46	37	0	10732
14200	77	56	10621	18	0	10772
14201	9794	20	65	21	0	9900
14202	77	19	10587	21	0	10704
14203	40	46	65	10128	0	10279
14204	19	10590	52	53	0	10714
14205	10656	55	19	58	0	10788
14206	52	10911	17	37	0	11017
14207	10727	65	10	30	0	10832
14208	63	32	5	10696	0	10796
14209	48	34	11254	82	0	11418
14210	31	14	56	11674	0	11775
14211	25	11	32	12450	0	12518
14212	16	31	12552	116	0	12715
14213	11890	16	90	93	0	12089
14214	88	12982	65	36	0	13171
14215	12937	86	21	31	0	13075
14216	100	13267	22	29	0	13418
14217	68	95	14	13538	0	13715
14218	29	83	13527	109	0	13748
14219	15000	22	102	89	0	15213
14220	139	15723	82	39	0	15983
14221	110	146	22	15669	0	15947
14222	57	106	11	16227	0	16401
14223	17168	29	10	248	0	17455
14224	18285	18	14	141	0	18458
14225	309	18869	38	37	0	19253
14226	20407	206	16	43	0	20672
14227	20547	160	8	43	0	20758
14228	21209	36	11	39	0	21295
14229	475	32	21405	38	0	21950
14230	248	21182	270	35	0	21735
14231	66	21838	233	27	0	22164
14232	60	463	44	20696	0	21263
14233	47	251	21	21445	0	21764
14234	21480	55	18	468	0	22021
14235	274	21451	53	261	0	22039
14236	21753	286	13	73	0	22125
14237	330	235	15	21374	0	21954
14238	248	56	16	21678	0	21998
14239	21331	33	10	501	0	21875
14240	21207	25	25	273	0	21530
14241	518	46	21028	77	0	21669
14242	306	74	266	20826	0	21472
14243	91	44	20844	287	0	21266
14244	61	45	20649	247	0	21002
14245	56	48	20874	70	0	21048
14246	19985	68	564	60	0	20677
14247	295	38	265	19904	0	20502
14248	249	28	63	19897	0	20237
14249	84	31	46	20406	0	20567
14250	55	41	20126	505	0	20727
14251	79	24	263	20180	0	20546
14252	71	21	231	20310	0	20633
14253	20103	29	50	499	0	20681
14254	20289	33	21	280	0	20623
14255	20705	23	23	98	0	20849
14256	20727	18	38	71	0	20854
14257	581	35	28	20106	0	20750
14258	20425	39	32	311	0	20807
14259	370	45	23	20416	0	20854
14260	325	56	19650	330	0	20361
14261	19754	34	262	297	0	20347
14262	351	20038	251	97	0	20737
14263	340	287	60	19835	0	20522
14264	137	284	55	19541	0	20017
14265	95	20062	69	497	0	20723
14266	19862	308	46	298	0	20514
14267	352	19873	70	136	0	20431
14268	319	322	19783	90	0	20514
14269	143	274	19916	106	0	20439
14270	19431	101	512	101	0	20145
14271	19876	59	291	96	0	20322
14272	564	90	19521	94	0	20269
14273	19372	60	315	107	0	19854
14274	412	75	19524	113	0	20124
14275	19458	59	343	100	0	19960
14276	410	74	19536	129	0	20149
14277	369	80	19513	130	0	20092
14278	200	75	518	18473	0	19266
14279	152	64	329	19105	0	19650
14280	19325	56	122	572	0	20075
14281	19266	58	89	377	0	19790
14282	19639	57	85	176	0	19957
14283	19684	59	80	160	0	19983
14284	643	19094	118	150	0	20005
14285	434	282	106	18516	0	19338
14286	216	19090	121	386	0	19813
14287	215	312	105	19115	0	19747
14288	206	267	104	19002	0	19579
14289	198	106	103	19137	0	19544
14290	198	86	18555	637	0	19476
14291	17850	72	349	427	0	18698
14292	399	17972	331	240	0	18942
14293	384	18528	153	188	0	19253
14294	221	508	18480	192	0	19401
14295	207	285	345	18330	0	19167
14296	202	97	306	18517	0	19122
14297	18291	79	133	621	0	19124
14298	447	62	103	18337	0	18949
14299	416	70	97	18377	0	18960
14300	228	71	118	18607	0	19024
14301	216	54	116	18726	0	19112
14302	18127	45	120	639	0	18931
14303	18326	47	133	398	0	18904
14304	18446	51	141	202	0	18840
14305	694	42	123	18076	0	18935
14306	18195	50	125	437	0	18807
14307	454	43	126	18347	0	18970
14308	432	65	134	18595	0	19226
14309	223	62	17704	626	0	18615
14310	205	55	17235	398	0	17893
14311	173	73	16773	187	0	17206
14312	16075	88	630	153	0	16946
14313	419	98	377	14967	0	15861
14314	379	15831	170	347	0	16727
14315	16050	259	140	303	0	16752
14316	423	247	15729	165	0	16564
14317	15192	55	323	138	0	15708
14318	411	14759	318	132	0	15620
14319	13233	188	104	93	0	13618
14320	332	213	82	12903	0	13530
14321	12822	43	67	242	0	13174
14322	282	12282	82	239	0	12885
14323	259	11941	78	112	0	12390
14324	10275	236	67	84	0	10662
14325	180	10286	66	67	0	10599
14326	97	8443	38	38	0	8616
14327	69	8430	61	51	0	8611
14328	7472	189	250	61	0	7972
14329	7129	50	27	16	0	7222
14330	7162	16	7	14	0	7199
14331	105	13	8	7053	0	7179
14332	59	15	7	7111	0	7192
14333	24	24	7055	91	0	7194
14334	28	10	55	7079	0	7172
14335	26	18	7234	59	0	7337
14336	25	11	53	7199	0	7288
14337	22	11	53	7273	0	7359
14338	7233	4	9	99	0	7345
14339	7142	9	14	57	0	7222
14340	98	7197	24	21	0	7340
14341	53	59	8	7169	0	7289
14342	20	56	7426	74	0	7576
14343	25	14	57	7431	0	7527
14344	23	20	43	7500	0	7586
14345	24	17	9	7557	0	7607
14346	30	17	7412	100	0	7559
14347	17	20	7089	58	0	7184
14348	7200	7	83	28	0	7318
14349	66	11	44	7431	0	7552
14350	50	18	7350	69	0	7487
14351	7016	8	58	65	0	7147
14352	64	7418	52	28	0	7562
14353	7481	49	13	37	0	7580
14354	63	52	7647	26	0	7788
14355	7356	6	55	28	0	7445
14356	61	8	46	7552	0	7667
14357	50	19	7716	55	0	7840
14358	24	7625	51	46	0	7746
14359	7592	49	56	23	0	7720
14360	56	46	22	7589	0	7713
14361	50	13	15	7568	0	7646
14362	17	7710	18	86	0	7831
14363	18	44	11	7750	0	7823
14364	17	45	7717	49	0	7828
14365	16	7675	57	51	0	7799
14366	7643	42	43	26	0	7754
14367	55	40	16	7566	0	7677
14368	47	11	11	7530	0	7599
14369	17	22	7517	83	0	7639
14370	28	26	43	7527	0	7624
14371	31	26	7747	50	0	7854
14372	20	7746	49	42	0	7857
14373	7654	43	49	26	0	7772
14374	7618	43	21	23	0	7705
14375	7625	14	14	18	0	7671
14376	76	7939	21	17	0	8053
14377	50	46	13	7937	0	8046
14378	25	36	13	7942	0	8016
14379	23	16	13	7685	0	7737
14380	7823	11	8	85	0	7927
14381	7752	11	16	61	0	7840
14382	75	13	14	7750	0	7852
14383	53	19	8362	52	0	8486
14384	25	15	43	8305	0	8388
14385	29	6	45	8352	0	8432
14386	18	17	11	8369	0	8415
14387	23	10	12	8396	0	8441
14388	8387	7	17	95	0	8506
14389	48	13	16	8563	0	8640
14390	53	11	12	8558	0	8634
14391	21	8618	12	95	0	8746
14392	22	44	7	8875	0	8948
14393	18	9099	15	63	0	9195
14394	31	60	9	9065	0	9165
14395	9012	49	8	81	0	9150
14396	59	9125	17	79	0	9280
14397	8959	55	7	37	0	9058
14398	69	59	9225	32	0	9385
14399	65	8	55	9137	0	9265
14400	22	16	9420	80	0	9538
14401	16	16	61	9383	0	9476
14402	19	23	56	9287	0	9385
14403	13	9326	25	114	0	9478
14404	20	9405	19	72	0	9516
14405	21	9646	15	26	0	9708
14406	9446	89	11	44	0	9590
14407	54	9234	16	25	0	9329
14408	33	9017	11	42	0	9103
14409	87	77	33	8985	0	9182
14410	9009	32	8	54	0	9103
14411	35	9402	11	81	0	9529
14412	9567	31	5	27	0	9630
14413	9525	34	4	22	0	9585
14414	67	20	9821	23	0	9931
14415	33	6	33	9642	0	9714
14416	9	6	30	9955	0	10000
14417	14	6	4	10013	0	10037
14418	13	7	3	9963	0	9986
14419	10	14	9606	76	0	9706
14420	15	23	8893	42	0	8973
14421	8728	9	67	27	0	8831
14422	36	9429	35	10	0	9510
14423	33	9507	9	13	0	9562
14424	9491	62	7	16	0	9576
14425	37	9559	8	10	0	9614
14426	41	41	5	9641	0	9728
14427	9675	37	6	55	0	9773
14428	49	16	9783	43	0	9891
14429	36	6	37	9872	0	9951
14430	5	19	10052	48	0	10124
14431	9581	7	42	55	0	9685
14432	44	28	10843	21	0	10936
14433	10806	9	43	24	0	10882
14434	11336	13	43	26	0	11418
14435	11391	11	7	31	0	11440
14436	11480	9	5	20	0	11514
14437	11556	8	8	18	0	11590
14438	84	13	4	11555	0	11656
14439	12104	7	7	73	0	12191
14440	53	8	4	12169	0	12234
14441	50	10	5	12214	0	12279
14442	20	8	9	12204	0	12241
14443	13	23	12171	95	0	12302
14444	16	14	41	12015	0	12086
14445	14	10	43	12311	0	12378
14446	15	27	12092	94	0	12228
14447	11006	15	51	69	0	11141
14448	50	9	47	12310	0	12416
14449	56	26	12330	63	0	12475
14450	14	25	12072	57	0	12168
14451	19	13	82	12064	0	12178
14452	11	26	12479	68	0	12584
14453	15	19	52	12578	0	12664
14454	20	13	43	12569	0	12645
14455	10	12580	26	89	0	12705
14456	10	12667	31	50	0	12758
14457	12768	77	8	30	0	12883
14458	52	46	7	12853	0	12958
14459	53	8	12	12748	0	12821
14460	18	8	5	13042	0	13073
14461	20	39	13074	87	0	13220
14462	23	9	43	12887	0	12962
14463	12882	11	45	67	0	13005
14464	57	33	13299	60	0	13449
14465	62	7	46	13504	0	13619
14466	25	11	47	13711	0	13794
14467	21	12	7	13807	0	13847
14468	15	14451	25	103	0	14594
14469	14542	53	9	72	0	14676
14470	15033	68	15	31	0	15147
14471	148	15662	26	28	0	15864
14472	92	74	13	16356	0	16535
14473	24	97	16535	115	0	16771
14474	24	35	16557	109	0	16725
14475	16863	8	217	36	0	17124
14476	132	4	118	17489	0	17743
14477	18150	12	20	154	0	18336
14478	147	18877	39	145	0	19208
14479	139	19190	38	32	0	19399
14480	19032	300	17	32	0	19381
14481	160	19911	33	26	0	20130
14482	167	163	11	20007	0	20348
14483	58	153	21	18930	0	19162
14484	14	20333	35	299	0	20681
14485	20491	170	12	187	0	20860
14486	187	183	20798	24	0	21192
14487	19881	28	182	51	0	20142
14488	208	46	21198	30	0	21482
14489	19299	19	216	76	0	19610
14490	217	39	21455	26	0	21737
14491	190	21099	227	34	0	21550
14492	86	212	218	20867	0	21383
14493	20755	169	38	200	0	21162
14494	191	47	20633	180	0	21051
14495	197	49	20643	48	0	20937
14496	44	43	334	20178	0	20599
14497	35	68	20788	187	0	21078
14498	37	23	197	20385	0	20642
14499	39	22	179	20362	0	20602
14500	33	43	20537	348	0	20961
14501	28	13	186	20483	0	20710
14502	20772	12	181	237	0	21202
14503	184	20770	62	198	0	21214
14504	21008	183	28	61	0	21280
14505	200	174	21	20537	0	20932
14506	20743	24	23	201	0	20991
14507	20903	24	22	202	0	21151
14508	368	25	23	20332	0	20748
14509	201	20863	39	178	0	21281
14510	20900	168	23	188	0	21279
14511	309	197	20284	49	0	20839
14512	195	61	20278	51	0	20585
14513	19981	17	358	48	0	20404
14514	202	22	209	20016	0	20449
14515	200	53	20149	194	0	20596
14516	53	25	193	20199	0	20470
14517	20227	20	197	223	0	20667
14518	20573	22	57	223	0	20875
14519	20595	29	31	70	0	20725
14520	356	20928	51	62	0	21397
14521	228	186	27	21007	0	21448
14522	62	190	29	21077	0	21358
14523	20882	38	35	370	0	21325
14524	213	20890	48	218	0	21369
14525	20838	188	26	57	0	21109
14526	226	199	30	20543	0	20998
14527	20476	47	27	228	0	20778
14528	229	56	20020	218	0	20523
14529	228	20105	225	52	0	20610
14530	106	219	197	18870	0	19392
14531	63	20444	72	179	0	20758
14532	76	216	38	19613	0	19943
14533	19453	187	37	218	0	19895
14534	208	65	19062	212	0	19547
14535	18573	41	202	76	0	18892
14536	222	19303	225	65	0	19815
14537	232	187	59	19437	0	19915
14538	82	186	49	19655	0	19972
14539	18942	38	55	375	0	19410
14540	220	69	19053	217	0	19559
14541	221	27	210	19015	0	19473
14542	101	34	190	19006	0	19331
14543	73	38	65	19072	0	19248
14544	79	43	44	19133	0	19299
14545	18744	32	47	407	0	19230
14546	18712	46	50	250	0	19058
14547	382	48	18908	95	0	19433
14548	243	67	18644	75	0	19029
14549	18980	36	345	110	0	19471
14550	19492	31	209	95	0	19827
14551	380	36	70	19362	0	19848
14552	266	31	48	19188	0	19533
14553	18956	26	59	380	0	19421
14554	224	18953	76	253	0	19506
14555	250	169	53	19024	0	19496
14556	105	190	40	19270	0	19605
14557	88	69	18927	393	0	19477
14558	89	35	185	19150	0	19459
14559	85	55	19263	252	0	19655
14560	67	41	221	19136	0	19465
14561	18887	23	205	258	0	19373
14562	251	30	62	19064	0	19407
14563	252	48	18917	250	0	19467
14564	86	18273	215	270	0	18844
14565	86	207	210	18856	0	19359
14566	80	192	18993	237	0	19502
14567	85	19133	217	230	0	19665
14568	94	254	162	18595	0	19105
14569	70	181	18461	218	0	18930
14570	15082	58	192	252	0	15584
14571	184	17566	177	77	0	18004
14572	156	16890	58	60	0	17164
14573	59	17163	55	58	0	17335
14574	136	427	73	16123	0	16759
14575	49	150	16535	145	0	16879
14576	49	16342	147	136	0	16674
14577	120	347	131	15627	0	16225
14578	16606	102	45	168	0	16921
14579	174	35	21	21183	0	21413
14580	185	63	24688	344	0	25280
14581	44	25176	364	244	0	25828
14582	24441	350	263	85	0	25139
14583	331	25134	79	62	0	25606
14584	302	410	24073	52	0	24837
14585	60	24374	371	58	0	24863
14586	90	484	304	23429	0	24307
14587	44	320	23585	349	0	24298
14588	40	23449	375	273	0	24137
14589	49	388	263	22746	0	23446
14590	32	281	80	22613	0	23006
14591	10	23057	98	543	0	23708
14592	34	368	39	23263	0	23704
14593	15	303	23072	399	0	23789
14594	33	118	23382	279	0	23812
14595	24	67	562	23098	0	23751
14596	23090	45	287	421	0	23843
14597	23199	54	70	310	0	23633
14598	573	58	46	22584	0	23261
14599	279	22958	97	381	0	23715
14600	97	361	82	23043	0	23583
14601	22809	270	65	431	0	23575
14602	396	78	45	22838	0	23357
14603	317	55	39	22947	0	23358
14604	22490	61	42	632	0	23225
14605	358	22463	60	352	0	23233
14606	288	386	42	22112	0	22828
14607	22294	272	36	397	0	22999
14608	377	106	22015	334	0	22832
14609	22004	49	354	161	0	22568
14610	441	65	260	22123	0	22889
14611	22403	70	57	430	0	22960
14612	22445	62	51	356	0	22914
14613	21737	56	54	145	0	21992
14614	625	22004	93	114	0	22836
14615	387	355	22069	99	0	22910
14616	140	22367	389	105	0	23001
14617	21857	391	275	109	0	22632
14618	446	22012	96	96	0	22650
14619	363	414	43	21762	0	22582
14620	21326	309	44	403	0	22082
14621	399	21405	95	312	0	22211
14622	318	450	21433	116	0	22317
14623	160	310	356	21408	0	22234
14624	113	163	21649	411	0	22336
14625	80	21413	418	456	0	22367
14626	128	434	267	21211	0	22040
14627	118	327	99	21505	0	22049
14628	93	129	103	21814	0	22139
14629	113	91	95	21122	0	21421
14630	82	21188	122	685	0	22077
14631	21003	403	87	398	0	21891
14632	424	370	20997	182	0	21973
14633	326	120	397	21024	0	21867
14634	20896	98	302	477	0	21773
14635	437	151	21094	376	0	22058
14636	324	20775	437	173	0	21709
14637	175	456	320	20371	0	21322
14638	134	362	20826	427	0	21749
14639	99	20898	454	384	0	21835
14640	20298	439	319	188	0	21244
14641	410	20869	171	156	0	21606
14642	331	482	101	20480	0	21394
14643	113	352	95	21052	0	21612
14644	20499	165	101	710	0	21475
14645	405	20573	166	410	0	21554
14646	362	430	110	20724	0	21626
14647	20271	357	104	501	0	21233
14648	20087	155	96	417	0	20755
14649	663	19862	103	238	0	20866
14650	20066	433	59	191	0	20749
14651	20110	371	62	177	0	20720
14652	707	176	75	19691	0	20649
14653	432	148	19500	509	0	20589
14654	248	101	400	19417	0	20166
14655	186	121	298	19637	0	20242
14656	182	131	19174	741	0	20228
14657	184	19007	444	428	0	20063
14658	183	459	294	18866	0	19802
14659	131	342	133	19279	0	19885
14660	121	124	125	19596	0	19966
14661	165	96	102	18892	0	19255
14662	137	18864	138	724	0	19863
14663	18966	414	85	444	0	19909
14664	19087	314	44	262	0	19707
14665	18776	132	50	205	0	19163
14666	688	17976	94	221	0	18979
14667	410	408	58	17811	0	18687
14668	174	359	17772	476	0	18781
14669	205	221	369	17177	0	17972
14670	197	17793	300	445	0	18735
14671	17351	394	72	359	0	18176
14672	17463	319	60	188	0	18030
14673	17302	130	86	171	0	17689
14674	625	17110	123	173	0	18031
14675	347	16464	120	160	0	17091
14676	157	17018	130	140	0	17445
14677	221	586	16408	155	0	17370
14678	251	552	14611	282	0	15696
14679	402	1608	469	8068	0	10547
14680	6088	77	284	98	0	6547
14681	5841	10	9	48	0	5908
14682	68	10	7	6056	0	6141
14683	44	9	4	6063	0	6120
14684	19	8	6	6149	0	6182
14685	11	14	9	6191	0	6225
14686	6197	10	6	74	0	6287
14687	6291	13	8	43	0	6355
14688	78	6494	12	23	0	6607
14689	6644	44	7	22	0	6717
14690	6656	36	6	23	0	6721
14691	6681	13	6	21	0	6721
14692	84	17	6069	18	0	6188
14693	6443	14	29	18	0	6504
14694	55	6643	33	15	0	6746
14695	52	44	7	6830	0	6933
14696	22	44	3	6821	0	6890
14697	21	6836	10	77	0	6944
14698	20	51	3	7009	0	7083
14699	6924	42	5	54	0	7025
14700	54	11	9	7004	0	7078
14701	48	19	6897	65	0	7029
14702	6659	11	45	59	0	6774
14703	49	7055	44	27	0	7175
14704	54	48	9	7071	0	7182
14705	19	45	5	7077	0	7146
14706	17	9	7	7123	0	7156
14707	21	13	7021	99	0	7154
14708	21	6958	46	69	0	7094
14709	24	53	41	6962	0	7080
14710	36	48	6867	49	0	7000
14711	27	18	35	6740	0	6820
14712	26	14	6772	55	0	6867
14713	29	49	42	6535	0	6655
14714	20	6671	39	55	0	6785
14715	18	45	15	6511	0	6589
14716	6529	38	13	52	0	6632
14717	6525	13	7	56	0	6601
14718	75	16	6614	28	0	6733
14719	41	16	6500	23	0	6580
14720	20	14	6985	22	0	7041
14721	19	16	73	6943	0	7051
14722	17	13	42	7208	0	7280
14723	11	10	9	7266	0	7296
14724	13	7395	15	99	0	7522
14725	24	43	6	7403	0	7476
14726	14	51	14	7651	0	7730
14727	15	14	10	7870	0	7909
14728	7832	9	10	103	0	7954
14729	7901	8	8	76	0	7993
14730	92	14	7973	33	0	8112
14731	56	20	7936	31	0	8043
14732	7943	14	93	24	0	8074
14733	8225	11	57	25	0	8318
14734	108	11	8516	24	0	8659
14735	66	22	8316	26	0	8430
14736	8203	13	104	23	0	8343
14737	8317	6	68	26	0	8417
14738	108	16	8506	23	0	8653
14739	69	11	62	8396	0	8538
14740	27	9	63	8401	0	8500
14741	21	8857	21	116	0	9015
14742	23	65	18	9031	0	9137
14743	18	77	9428	92	0	9615
14744	24	11	78	9491	0	9604
14745	27	11	78	9529	0	9645
14746	15	20	9407	148	0	9590
14747	9131	8	78	103	0	9320
14748	9510	6	75	43	0	9634
14749	143	15	26	9404	0	9588
14750	97	13	12	9491	0	9613
14751	9517	6	18	153	0	9694
14752	9496	8	16	100	0	9620
14753	9261	11	20	45	0	9337
14754	9517	8	18	32	0	9575
14755	157	9315	26	20	0	9518
14756	9195	66	17	32	0	9310
14757	79	9272	27	28	0	9406
14758	90	78	14	9218	0	9400
14759	45	72	13	9117	0	9247
14760	24	9060	32	153	0	9269
14761	25	70	22	9178	0	9295
14762	29	69	16	9007	0	9121
14763	23	8968	27	159	0	9177
14764	31	69	17	9025	0	9142
14765	32	76	25	9052	0	9185
14766	31	13	19	9120	0	9183
14767	30	22	8929	168	0	9149
14768	22	8753	90	104	0	8969
14769	40	133	87	8191	0	8451
14770	27	8776	35	87	0	8925
14771	8624	79	27	89	0	8819
14772	92	84	8626	51	0	8853
14773	91	27	8412	47	0	8577
14774	7998	25	146	37	0	8206
14775	100	49	98	8050	0	8297
14776	75	20	7841	77	0	8013
14777	27	20	7649	81	0	7777
14778	47	53	109	7502	0	7711
14779	7436	10	72	87	0	7605
14780	7439	11	22	70	0	7542
14781	120	13	16	7389	0	7538
14782	75	26	7308	78	0	7487
14783	28	7470	61	87	0	7646
14784	29	69	60	7439	0	7597
14785	26	62	7431	77	0	7596
14786	20	7405	70	83	0	7578
14787	33	84	58	7227	0	7402
14788	7186	50	17	82	0	7335
14789	70	21	14	6987	0	7092
14790	60	7106	29	66	0	7261
14791	7057	60	18	75	0	7210
14792	62	61	7301	40	0	7464
14793	68	7218	60	29	0	7375
14794	26	70	7168	31	0	7295
14795	6791	74	79	32	0	6976
14796	74	24	52	6728	0	6878
14797	68	15	17	6983	0	7083
14798	7007	10	16	106	0	7139
14799	63	11	28	7071	0	7173
14800	60	13	6991	71	0	7135
14801	6596	13	56	72	0	6737
14802	59	7040	71	34	0	7204
14803	69	50	29	6927	0	7075
14804	6941	52	11	77	0	7081
14805	62	6978	20	73	0	7133
14806	68	62	19	7112	0	7261
14807	7170	56	11	75	0	7312
14808	65	12	17	7144	0	7238
14809	59	7174	25	77	0	7335
14810	26	78	7253	68	0	7425
14811	20	49	61	7434	0	7564
14812	30	19	57	7364	0	7470
14813	7490	14	16	119	0	7639
14814	65	17	11	7561	0	7654
14815	7558	16	9	88	0	7671
14816	7544	13	11	82	0	7650
14817	119	21	11	7383	0	7534
14818	77	7535	23	67	0	7702
14819	28	68	17	7347	0	7460
14820	7006	72	6	76	0	7160
14821	62	7127	22	80	0	7291
14822	51	7347	18	23	0	7439
14823	7356	90	15	32	0	7493
14824	7446	54	11	28	0	7539
14825	107	7493	18	28	0	7646
14826	7455	69	39	26	0	7589
14827	7326	51	21	19	0	7417
14828	120	21	12	7322	0	7475
14829	65	18	7580	70	0	7733
14830	28	38	65	7544	0	7675
14831	15	16	7793	76	0	7900
14832	22	32	64	7715	0	7833
14833	21	17	7744	69	0	7851
14834	7367	4	75	66	0	7512
14835	69	7	55	7509	0	7640
14836	7829	7	16	72	0	7924
14837	75	25	13	7638	0	7751
14838	62	7911	7	80	0	8060
14839	8055	61	6	67	0	8189
14840	76	69	7888	14	0	8047
14841	7400	20	66	18	0	7504
14842	52	7590	49	9	0	7700
14843	7199	43	6	11	0	7259
14844	7202	39	3	16	0	7260
14845	84	7289	10	9	0	7392
14846	48	43	1	7505	0	7597
14847	7527	44	5	55	0	7631
14848	59	7560	17	47	0	7683
14849	50	54	3	7638	0	7745
14850	7700	46	3	63	0	7812
14851	65	7	4	7665	0	7741
14852	54	6	2	7680	0	7742
14853	14	1	4	7755	0	7774
14854	8	10	7573	112	0	7703
14855	12	2	55	7624	0	7693
14856	7619	5	50	71	0	7745
14857	65	12	7732	56	0	7865
14858	66	5	54	7706	0	7831
14859	15	11	53	7819	0	7898
14860	13	10	7728	108	0	7859
14861	7356	4	54	67	0	7481
14862	7801	6	53	20	0	7880
14863	109	11	7897	16	0	8033
14864	69	9	56	7792	0	7926
14865	17	5	52	8087	0	8161
14866	12	9	8406	117	0	8544
14867	14	4	61	8520	0	8599
14868	13	8	58	8628	0	8707
14869	9	13	8793	126	0	8941
14870	8487	5	70	84	0	8646
14871	74	6	67	9016	0	9163
14872	9063	10	8	86	0	9167
14873	9084	3	8	91	0	9186
14874	143	17	9192	17	0	9369
14875	76	9	74	9124	0	9283
14876	9158	4	66	91	0	9319
14877	90	9396	22	79	0	9587
14878	82	82	13	9554	0	9731
14879	21	63	9	9715	0	9808
14880	22	10	11	9838	0	9881
14881	11	18	9681	169	0	9879
14882	8652	7	94	105	0	8858
14883	93	8	74	9351	0	9526
14884	80	0	21	9396	0	9497
14885	20	10	9320	173	0	9523
14886	25	4	88	9255	0	9372
14887	20	1	84	9411	0	9516
14888	9256	2	25	170	0	9453
14889	87	9340	28	104	0	9559
14890	80	78	9373	36	0	9567
14891	9257	64	92	26	0	9439
14892	104	12	73	9254	0	9443
14893	77	11	9504	109	0	9701
14894	34	11	9584	84	0	9713
14895	26	9	155	9663	0	9853
14896	25	10	9904	100	0	10039
14897	26	22	9926	94	0	10068
14898	17	9688	160	42	0	9907
14899	27	84	85	10120	0	10316
14900	29	79	10182	101	0	10391
14901	17	18	90	10035	0	10160
14902	10417	5	78	116	0	10616
14903	102	12	18	10505	0	10637
14904	78	10	20	10623	0	10731
14905	10265	2	17	172	0	10456
14906	10440	7	11	104	0	10562
14907	145	9	19	10737	0	10910
14908	86	21	10817	120	0	11044
14909	22	10755	105	97	0	10979
14910	31	92	79	10779	0	10981
14911	10672	75	31	121	0	10899
14912	10761	15	24	101	0	10901
14913	165	10706	27	42	0	10940
14914	88	10901	38	33	0	11060
14915	10882	152	21	31	0	11086
14916	10902	73	29	38	0	11042
14917	170	31	11297	33	0	11531
14918	93	29	112	10830	0	11064
14919	33	11463	89	104	0	11689
14920	11741	99	22	91	0	11953
14921	116	110	23	11526	0	11775
14922	94	11488	34	113	0	11729
14923	39	113	11571	101	0	11824
14924	35	136	102	10800	0	11073
14925	24	11732	90	104	0	11950
14926	11650	96	25	88	0	11859
14927	11600	81	26	44	0	11751
14928	161	11618	19	35	0	11833
14929	11304	85	16	40	0	11445
14930	11216	70	17	36	0	11339
14931	155	11249	24	24	0	11452
14932	74	11388	16	31	0	11509
14933	54	178	23	11153	0	11408
14934	11083	65	24	98	0	11270
14935	97	28	11418	77	0	11620
14936	10626	24	79	32	0	10761
14937	86	11353	73	30	0	11542
14938	11287	78	23	23	0	11411
14939	11295	65	18	24	0	11402
14940	11360	17	8	26	0	11411
14941	132	16	15	11002	0	11165
14942	78	11207	18	79	0	11382
14943	11221	77	18	70	0	11386
14944	88	66	11462	29	0	11645
14945	60	11420	84	27	0	11591
14946	34	81	63	11517	0	11695
14947	24	64	11302	81	0	11471
14948	21	23	11447	62	0	11553
14949	36	16	121	11015	0	11188
14950	22	14	56	11739	0	11831
14951	18	14	18	11845	0	11895
14952	24	7	16	11691	0	11738
14953	12	11452	17	135	0	11616
14954	17	11796	17	69	0	11899
14955	11934	112	15	31	0	12092
14956	84	64	12	11953	0	12113
14957	64	19	13	11986	0	12082
14958	27	15	10	12167	0	12219
14959	11897	11	11	138	0	12057
14960	12086	18	11	72	0	12187
14961	127	14	12	12104	0	12257
14962	12327	10	7	92	0	12436
14963	12278	14	10	71	0	12373
14964	12471	7	15	44	0	12537
14965	129	12	7	12225	0	12373
14966	73	16	11784	73	0	11946
14967	32	20	11249	57	0	11358
14968	30	14	11628	21	0	11693
14969	24	19	11765	25	0	11833
14970	29	45	109	11489	0	11672
14971	11602	6	72	62	0	11742
14972	11537	7	11	45	0	11600
14973	100	17	11624	16	0	11757
14974	54	18	11810	15	0	11897
14975	20	12591	95	9	0	12715
14976	29	64	61	12654	0	12808
14977	12566	43	25	64	0	12698
14978	53	22	12532	51	0	12658
14979	11978	10	53	36	0	12077
14980	52	12837	54	16	0	12959
14981	52	47	12	13048	0	13159
14982	16	43	11	13622	0	13692
14983	17	14	5	13667	0	13703
14984	13727	11	6	145	0	13889
14985	74	4	10	13867	0	13955
14986	72	9	11	13905	0	13997
14987	13852	8	8	138	0	14006
14988	82	9	6	13860	0	13957
14989	73	18	13923	88	0	14102
14990	13571	6	61	85	0	13723
14991	87	5	68	14071	0	14231
14992	84	7	20	13869	0	13980
14993	23	13816	14	138	0	13991
14994	13875	70	6	84	0	14035
14995	14096	65	8	32	0	14201
14996	144	16	12	13883	0	14055
14997	86	17	13782	74	0	13959
14998	12569	9	74	98	0	12750
14999	92	14	13806	31	0	13943
15000	91	10	82	13591	0	13774
15001	29	9	76	14048	0	14162
15002	14000	2	23	176	0	14201
15003	105	6	22	14624	0	14757
15004	87	29	14674	124	0	14914
15005	14239	6	101	107	0	14453
15006	117	34	15806	39	0	15996
15007	97	34	15859	25	0	16015
15008	16266	11	205	40	0	16522
15009	138	35	110	16550	0	16833
15010	104	17378	48	111	0	17641
15011	17435	111	21	113	0	17680
15012	17432	98	12	37	0	17579
15013	217	36	17366	28	0	17647
15014	17259	7	121	40	0	17427
15015	149	18	103	17635	0	17905
15016	115	32	17971	131	0	18249
15017	30	17594	133	139	0	17896
15018	17353	124	104	42	0	17623
15019	118	17770	40	36	0	17964
15020	117	123	31	17534	0	17805
15021	40	87	12	17643	0	17782
15022	40	22	17	17522	0	17601
15023	23	15	16	17227	0	17281
15024	24	17168	31	245	0	17468
15025	35	111	16814	126	0	17086
15026	16	17103	113	55	0	17287
15027	17007	110	95	42	0	17254
15028	123	101	17	17037	0	17278
15029	17165	20	23	140	0	17348
15030	135	27	15	17280	0	17457
15031	17711	15	14	160	0	17900
15032	127	18036	39	122	0	18324
15033	18512	113	14	53	0	18692
15034	18521	94	24	46	0	18685
15035	18264	24	22	49	0	18359
15036	18421	20	17	52	0	18510
15037	230	18243	25	35	0	18533
15038	137	132	18238	34	0	18541
15039	56	108	117	18261	0	18542
15040	18322	22	90	134	0	18568
15041	18655	13	41	128	0	18837
15042	220	16	24	18873	0	19133
15043	138	36	19493	143	0	19810
15044	56	22	130	18987	0	19195
15045	41	19589	131	146	0	19907
15046	19863	131	25	129	0	20148
15047	166	127	19	19864	0	20176
15048	131	19855	44	147	0	20177
15049	54	20700	32	144	0	20930
15050	45	21055	35	63	0	21198
15051	55	261	30	21229	0	21575
15052	21399	142	18	187	0	21746
15053	181	21723	30	138	0	22072
15054	154	175	21	21928	0	22278
15055	21849	132	10	199	0	22190
15056	193	46	18	21959	0	22216
15057	21935	20	16	214	0	22185
15058	21929	32	14	172	0	22147
15059	289	22813	28	69	0	23199
15060	221	174	26	21319	0	21740
15061	76	22999	33	151	0	23259
15062	22760	186	27	133	0	23106
15063	22958	141	17	68	0	23184
15064	23335	52	21	55	0	23463
15065	338	38	22	23241	0	23639
15066	186	59	23090	188	0	23523
15067	22528	37	178	156	0	22899
15068	23297	25	127	65	0	23514
15069	330	30	44	22814	0	23218
15070	190	23517	43	190	0	23940
15071	90	173	23	23643	0	23929
15072	75	157	31	23898	0	24161
15073	23791	53	24	310	0	24178
15074	23376	50	12	190	0	23628
15075	317	71	22665	75	0	23128
15076	194	38	167	22540	0	22939
15077	22816	50	126	221	0	23213
15078	218	50	38	23105	0	23411
15079	180	75	23179	232	0	23666
15080	82	22543	190	182	0	22997
15081	75	23349	152	85	0	23661
15082	24795	271	60	73	0	25199
15083	284	147	25	26166	0	26622
15084	232	45	23	29288	0	29588
15085	29299	41	26	504	0	29870
15086	345	79	29674	288	0	30386
15087	313	48	289	29331	0	29981
15088	123	62	30108	355	0	30648
15089	87	30013	331	277	0	30708
15090	30721	316	241	114	0	31392
15091	31247	256	58	49	0	31610
15092	31569	65	39	77	0	31750
15093	608	65	30922	80	0	31675
15094	31105	53	310	73	0	31541
15095	31699	37	264	70	0	32070
15096	623	37	53	31423	0	32136
15097	26943	70	184	403	0	27600
15098	310	67	31267	295	0	31939
15099	30454	56	303	125	0	30938
15100	427	70	31494	79	0	32070
15101	346	31804	326	97	0	32573
15102	187	609	280	27958	0	29034
15103	124	31436	98	289	0	31947
15104	141	335	30885	246	0	31607
15105	107	31226	306	117	0	31756
15106	29117	331	247	78	0	29773
15107	280	29130	90	73	0	29573
15108	263	28262	55	61	0	28641
15109	108	454	27965	60	0	28587
15110	97	287	262	27494	0	28140
15111	27847	70	227	269	0	28413
15112	279	89	28052	245	0	28665
15113	265	27969	290	108	0	28632
15114	115	279	239	27210	0	27843
15115	104	259	28122	289	0	28774
15116	118	101	27722	242	0	28183
15117	109	74	468	27605	0	28256
15118	104	77	28133	306	0	28620
15119	122	68	330	25147	0	25667
15120	111	27201	297	277	0	27886
15121	141	275	129	26208	0	26753
15122	123	27605	95	279	0	28102
15123	157	292	76	27473	0	27998
15124	27192	225	89	312	0	27818
15125	355	71	90	26963	0	27479
15126	317	27114	103	318	0	27852
15127	139	270	103	27670	0	28182
15128	126	255	27477	355	0	28213
15129	114	102	319	27457	0	27992
15130	27290	74	273	341	0	27978
15131	342	102	26758	263	0	27465
15132	317	103	330	26250	0	27000
15133	25970	92	264	319	0	26645
15134	327	26075	144	289	0	26835
15135	329	319	102	25541	0	26291
15136	26172	288	93	313	0	26866
15137	365	119	133	26179	0	26796
15138	323	129	25939	340	0	26731
15139	24855	136	342	295	0	25628
15140	345	25871	336	120	0	26672
15141	282	25836	181	137	0	26436
15142	26028	493	146	125	0	26792
15143	25334	289	157	121	0	25901
15144	531	164	128	24914	0	25737
15145	25171	118	152	317	0	25758
15146	361	180	24708	302	0	25551
15147	24221	107	365	173	0	24866
15148	341	24329	324	166	0	25160
15149	24174	291	192	173	0	24830
15150	357	296	24185	178	0	25016
15151	385	220	352	23915	0	24872
15152	191	143	350	24017	0	24701
15153	196	167	189	21990	0	22542
15154	194	23625	206	465	0	24490
15155	23727	309	160	319	0	24515
15156	438	253	185	21372	0	22248
15157	383	22389	192	289	0	23253
15158	24425	260	147	323	0	25155
15159	23507	271	210	185	0	24173
15160	23944	144	152	206	0	24446
15161	23851	131	165	204	0	24351
15162	23381	130	153	233	0	23897
15163	544	155	170	23163	0	24032
15164	359	161	175	22999	0	23694
15165	22755	175	131	515	0	23576
15166	302	195	161	22912	0	23570
15167	339	247	146	22599	0	23331
15168	193	197	21580	523	0	22493
15169	22062	212	344	348	0	22966
15170	22511	169	348	228	0	23256
15171	22665	256	161	200	0	23282
15172	544	210	187	20411	0	21352
15173	339	21892	189	374	0	22794
15174	23255	323	172	349	0	24099
15175	22587	303	198	293	0	23381
15176	562	153	180	24340	0	25235
15177	24735	144	224	439	0	25542
15178	491	384	20295	446	0	21616
15179	361	25218	364	270	0	26213
15180	396	25611	354	324	0	26685
15181	502	591	24968	323	0	26384
15182	187	23093	429	256	0	23965
15183	210	21538	330	333	0	22411
15184	18131	270	352	186	0	18939
15185	196	18076	125	192	0	18589
15186	216	227	107	18109	0	18659
15187	18472	161	79	272	0	18984
15188	262	113	18063	213	0	18651
15189	17710	94	127	216	0	18147
15190	216	133	17837	173	0	18359
15191	185	69	17575	186	0	18015
15192	16855	62	230	175	0	17322
15193	187	63	17697	183	0	18130
15194	187	17330	144	92	0	17753
15195	137	111	159	17108	0	17515
15196	17048	112	67	186	0	17413
15197	211	16718	45	159	0	17133
15198	155	151	51	16774	0	17131
15199	107	145	16695	175	0	17122
15200	167	62	92	16785	0	17106
15201	16383	49	116	182	0	16730
15202	188	71	16259	144	0	16662
15203	236	48	106	16097	0	16487
15204	16327	87	104	133	0	16651
15205	16646	76	45	154	0	16921
15206	317	52	41	16566	0	16976
15207	250	52	32	16656	0	16990
15208	145	62	16917	234	0	17358
15209	150	44	16804	148	0	17146
15210	16564	31	219	89	0	16903
15211	17236	38	118	65	0	17457
15212	235	17161	58	72	0	17526
15213	17105	101	45	46	0	17297
15214	17444	90	61	69	0	17664
15215	208	62	18479	90	0	18839
15216	137	18960	126	102	0	19325
15217	19162	113	129	47	0	19451
15218	19218	91	23	28	0	19360
15219	19675	28	13	26	0	19742
15220	233	23	11	19398	0	19665
15221	164	13	11	19434	0	19622
15222	50	19418	25	291	0	19784
15223	34	121	11	19726	0	19892
15224	19537	110	12	161	0	19820
15225	140	29	10	19726	0	19905
15226	148	43	19437	152	0	19780
15227	68	46	19158	129	0	19401
15228	44	22	219	19214	0	19499
15229	40	36	19585	139	0	19800
15230	37	37	19450	148	0	19672
15231	46	25	231	18895	0	19197
15232	41	9	144	19756	0	19950
15233	34	33	19867	243	0	20177
15234	42	40	19849	151	0	20082
15235	94	20005	254	53	0	20406
15236	20152	127	148	43	0	20470
15237	152	20760	63	34	0	21009
15238	20671	151	32	41	0	20895
15239	20855	121	31	38	0	21045
15240	248	21124	29	37	0	21438
15241	21316	156	18	28	0	21518
15242	189	142	19	21056	0	21406
15243	147	69	21488	165	0	21869
15244	56	30	152	21280	0	21518
15245	44	30	133	21680	0	21887
15246	21125	13	38	287	0	21463
15247	21294	11	22	178	0	21505
15248	21413	12	25	68	0	21518
15249	21368	9	30	54	0	21461
15250	20664	11	24	48	0	20747
15251	299	20186	44	50	0	20579
15252	182	144	21	20487	0	20834
15253	67	147	20756	171	0	21141
15254	49	33	166	20730	0	20978
15255	54	21	135	20976	0	21186
15256	44	20	41	21689	0	21794
15257	22198	12	27	334	0	22571
15258	224	19	26	22369	0	22638
15259	22848	21	24	248	0	23141
15260	245	49	23516	196	0	24006
15261	234	12	217	27023	0	27486
15262	88	47	28218	352	0	28705
15263	28033	15	361	288	0	28697
15264	373	17	285	28247	0	28922
15265	311	46	28781	375	0	29513
15266	98	22	344	28983	0	29447
15267	29054	12	307	424	0	29797
15268	368	49	29307	334	0	30058
15269	29480	24	356	118	0	29978
15270	30030	14	300	94	0	30438
15271	30066	18	83	83	0	30250
15272	29487	13	62	88	0	29650
15273	640	29097	110	76	0	29923
15274	336	28231	82	80	0	28729
15275	125	28114	73	80	0	28392
15276	150	1025	156	24824	0	26155
15277	67	25817	96	314	0	26294
15278	24947	311	60	259	0	25577
15279	316	24831	64	88	0	25299
15280	266	25058	76	59	0	25459
15281	96	493	64	24832	0	25485
15282	103	288	46	25235	0	25672
15283	24925	67	53	527	0	25572
15284	316	64	42	25181	0	25603
15285	281	63	24536	341	0	25221
15286	107	72	23802	293	0	24274
15287	78	77	24510	112	0	24777
15288	121	46	525	23731	0	24423
15289	121	37	276	25180	0	25614
15290	128	68	24717	535	0	25448
15291	107	70	24670	306	0	25153
15292	118	82	25526	119	0	25845
15293	25263	65	579	91	0	25998
15294	367	65	323	25779	0	26534
15295	311	68	78	26115	0	26572
15296	26016	61	81	601	0	26759
15297	375	56	82	25830	0	26343
15298	296	25818	98	394	0	26606
15299	103	26535	99	345	0	27082
15300	100	551	66	26173	0	26890
15301	26238	295	44	428	0	27005
15302	26268	69	61	384	0	26782
15303	26694	47	87	149	0	26977
15304	645	38	72	26171	0	26926
15305	360	64	25813	409	0	26646
15306	147	47	367	25926	0	26487
15307	129	56	25977	420	0	26582
15308	24308	36	392	390	0	25126
15309	401	51	335	25210	0	25997
15310	24721	38	146	415	0	25320
15311	385	53	25156	352	0	25946
15312	23526	36	398	157	0	24117
15313	442	50	25864	144	0	26500
15314	388	24767	396	123	0	25674
15315	173	24380	319	127	0	24999
15316	23694	551	148	148	0	24541
15317	410	321	75	23540	0	24346
15318	325	107	23744	381	0	24557
15319	140	23377	341	312	0	24170
15320	117	23931	319	121	0	24488
15321	144	540	87	23571	0	24342
15322	23812	289	75	380	0	24556
15323	23831	79	74	307	0	24291
15324	558	23697	128	235	0	24618
15325	24059	320	107	143	0	24629
15326	407	273	99	23775	0	24554
15327	339	116	23863	364	0	24682
15328	131	23999	385	348	0	24863
15329	140	317	317	23974	0	24748
15330	150	254	109	24160	0	24673
15331	23827	96	101	566	0	24590
15332	375	89	23732	345	0	24541
15333	23462	70	348	137	0	24017
15334	23796	65	313	116	0	24290
15335	618	91	84	23445	0	24238
15336	382	80	65	23787	0	24314
15337	23142	75	66	591	0	23874
15338	404	83	78	23294	0	23859
15339	323	115	23000	362	0	23800
15340	121	105	22671	322	0	23219
15341	122	22469	498	142	0	23231
15342	123	23521	287	143	0	24074
15343	144	540	97	21550	0	22331
15344	119	22732	94	297	0	23242
15345	22737	331	72	310	0	23450
15346	325	23136	104	155	0	23720
15347	302	323	71	22923	0	23619
15348	116	284	66	23249	0	23715
15349	97	108	22981	580	0	23766
15350	115	62	334	22811	0	23322
15351	105	60	302	22954	0	23421
15352	94	23326	121	569	0	24110
15353	122	315	102	23205	0	23744
15354	129	250	67	23770	0	24216
15355	137	95	23326	604	0	24162
15356	99	23054	376	357	0	23886
15357	114	1346	265	20031	0	21756
15358	77	21857	85	314	0	22333
15359	75	301	20896	248	0	21520
15360	77	20158	278	124	0	20637
15361	15697	354	370	206	0	16627
15362	15177	113	36	32	0	15358
15363	15109	37	18	45	0	15209
15364	202	15035	42	32	0	15311
15365	14901	119	17	35	0	15072
15366	138	97	24	14706	0	14965
15367	14468	34	18	132	0	14652
15368	124	14306	26	106	0	14562
15369	14396	119	19	42	0	14576
15370	14755	83	15	45	0	14898
15371	194	15050	20	42	0	15306
15372	125	143	15206	27	0	15501
15373	48	110	114	16127	0	16399
15374	37	30	17239	169	0	17475
15375	26	31	171	17618	0	17846
15376	41	35	124	18530	0	18730
15377	25	51	18856	326	0	19258
15378	29	20	204	19050	0	19303
15379	18986	17	156	234	0	19393
15380	203	40	19313	175	0	19731
15381	151	19306	227	39	0	19723
15382	44	212	151	18999	0	19406
15383	37	156	26	19508	0	19727
15384	22	58	19375	360	0	19815
15385	48	45	199	18611	0	18903
15386	31	19204	164	232	0	19631
15387	18791	204	35	171	0	19201
15388	184	19122	54	47	0	19407
15389	18140	213	30	42	0	18425
15390	185	18350	32	46	0	18613
15391	131	18646	23	40	0	18840
15392	36	301	17710	35	0	18082
15393	55	239	208	17398	0	17900
15394	43	34	138	17323	0	17538
15395	25	40	28	17761	0	17854
15396	19	18760	46	308	0	19133
15397	38	204	22	18919	0	19183
15398	19255	165	23	255	0	19698
15399	218	38	26	19371	0	19653
15400	19306	24	29	262	0	19621
15401	239	38	19433	212	0	19922
15402	19473	19	229	71	0	19792
15403	239	33	186	19642	0	20100
15404	193	36	34	20383	0	20646
15405	20767	30	26	424	0	21247
15406	249	40	21158	224	0	21671
15407	186	21132	255	77	0	21650
15408	60	256	177	20904	0	21397
15409	21310	197	44	242	0	21793
15410	21429	49	31	196	0	21705
15411	408	52	26	21169	0	21655
15412	201	51	21271	285	0	21808
15413	20200	43	250	226	0	20719
15414	258	53	20883	71	0	21265
15415	217	50	270	20490	0	21027
15416	58	58	20804	293	0	21213
15417	58	69	243	20556	0	20926
15418	47	49	20330	294	0	20720
15419	47	20362	255	242	0	20906
15420	126	249	186	17362	0	17923
15421	47	20354	65	201	0	20667
15422	20297	226	42	166	0	20731
15423	20361	175	51	83	0	20670
15424	395	65	20075	60	0	20595
15425	224	37	233	19878	0	20372
15426	20093	36	185	273	0	20587
15427	274	43	61	19994	0	20372
15428	214	36	54	19786	0	20090
15429	77	58	19582	415	0	20132
15430	18666	37	257	247	0	19207
15431	265	57	19834	111	0	20267
15432	245	37	261	19396	0	19939
15433	88	36	19753	294	0	20171
15434	19336	49	269	244	0	19898
15435	19608	22	219	129	0	19978
15436	19487	46	95	81	0	19709
15437	433	34	95	19181	0	19743
15438	227	53	19203	313	0	19796
15439	79	55	19246	260	0	19640
15440	114	73	407	17758	0	18352
15441	62	18977	260	276	0	19575
15442	18390	234	103	251	0	18978
15443	278	219	70	18531	0	19098
15444	249	90	18524	281	0	19144
15445	135	59	263	18608	0	19065
15446	122	62	19069	299	0	19552
15447	99	62	281	19200	0	19642
15448	108	54	19536	317	0	20015
15449	106	62	19475	255	0	19898
15450	103	19108	429	154	0	19794
15451	86	243	19305	126	0	19760
15452	98	199	19197	134	0	19628
15453	155	127	448	15616	0	16346
15454	119	55	248	16676	0	17098
15455	102	18379	117	376	0	18974
15456	18287	219	110	215	0	18831
15457	310	18424	116	109	0	18959
15458	273	216	106	18022	0	18617
15459	18328	156	112	293	0	18889
15460	301	38	112	18265	0	18716
15461	18360	29	135	319	0	18843
15462	291	36	130	18588	0	19045
15463	237	78	18572	309	0	19196
15464	114	70	276	18674	0	19134
15465	130	59	223	18661	0	19073
15466	18669	36	133	421	0	19259
15467	18632	34	134	282	0	19082
15468	18327	36	131	160	0	18654
15469	390	18156	167	145	0	18858
15470	225	17915	131	144	0	18415
15471	17702	321	142	122	0	18287
15472	261	195	17855	125	0	18436
15473	195	87	17206	113	0	17601
15474	169	460	424	15398	0	16451
15475	80	59	15937	207	0	16283
15476	75	32	15091	175	0	15373
15477	14310	72	304	103	0	14789
15478	14218	35	165	94	0	14512
15479	263	14809	97	79	0	15248
15480	173	15091	86	97	0	15447
15481	127	232	80	11810	0	12249
15482	67	15049	108	142	0	15366
15483	15259	128	92	152	0	15631
15484	181	138	67	13856	0	14242
15485	156	15166	74	168	0	15564
15486	15489	132	66	147	0	15834
15487	173	129	15619	95	0	16016
15488	166	62	15372	85	0	15685
15489	15031	35	265	106	0	15437
15490	177	52	15212	89	0	15530
15491	14990	32	161	84	0	15267
15492	179	39	168	15278	0	15664
15493	164	64	15365	160	0	15753
15494	67	15125	176	162	0	15530
15495	61	15279	183	82	0	15605
15496	13792	159	115	63	0	14129
15497	112	14121	92	57	0	14382
15498	13321	79	77	49	0	13526
15499	13169	69	74	48	0	13360
15500	150	13173	67	40	0	13430
15501	99	101	54	12998	0	13252
15502	51	82	13289	86	0	13508
15503	38	13729	112	74	0	13953
15504	41	451	96	13392	0	13980
15505	28	110	38	14178	0	14354
15506	13873	15	22	186	0	14096
15507	113	10	16	13899	0	14038
15508	102	27	13808	137	0	14074
15509	21	13833	122	114	0	14090
15510	19	119	107	13860	0	14105
15511	14043	101	36	125	0	14305
15512	14303	21	20	129	0	14473
15513	223	16	31	14347	0	14617
15514	14713	19	32	139	0	14903
15515	160	42	14864	130	0	15196
15516	156	20	165	14879	0	15220
15517	41	23	15232	162	0	15458
15518	35	11	157	16342	0	16545
15519	40	22	154	16310	0	16526
15520	36	32	38	16533	0	16639
15521	38	18	25	16568	0	16649
15522	28	17	25	16635	0	16705
15523	16247	15	19	416	0	16697
15524	16387	11	22	236	0	16656
15525	380	16384	27	70	0	16861
15526	16641	198	12	66	0	16917
15527	237	168	21	16604	0	17030
15528	201	35	24	16857	0	17117
15529	68	31	13	16970	0	17082
15530	57	31	16873	419	0	17380
15531	72	20	206	16035	0	16333
15532	53	16746	201	233	0	17233
15533	16731	199	36	201	0	17167
15534	16759	191	23	76	0	17049
15535	398	52	16693	52	0	17195
15536	223	16696	224	86	0	17229
15537	68	211	203	16547	0	17029
15538	46	211	16756	268	0	17281
15539	51	50	215	15696	0	16012
15540	38	16468	221	260	0	16987
15541	16038	210	70	231	0	16549
15542	241	16378	43	125	0	16787
15543	221	236	16320	101	0	16878
15544	116	220	16410	70	0	16816
15545	74	16253	376	55	0	16758
15546	54	16007	210	74	0	16345
15547	15593	348	63	78	0	16082
15548	15532	198	39	86	0	15855
15549	370	46	41	15525	0	15982
15550	205	42	15515	264	0	16026
15551	68	47	205	15446	0	15766
15552	62	31	181	15484	0	15758
15553	15278	39	43	416	0	15776
15554	15206	35	41	257	0	15539
15555	399	34	34	15766	0	16233
15556	233	53	15927	264	0	16477
15557	78	16044	227	245	0	16594
15558	15966	227	197	108	0	16498
15559	244	16654	74	77	0	17049
15560	231	256	26	16778	0	17291
15561	93	233	42	17363	0	17731
15562	65	60	67	17411	0	17603
15563	61	55	62	17226	0	17404
15564	16728	63	57	493	0	17341
15565	280	66	43	16812	0	17201
15566	260	16588	52	298	0	17198
15567	97	237	47	16748	0	17129
15568	16253	216	55	335	0	16859
15569	263	16390	66	288	0	17007
15570	246	225	51	16428	0	16950
15571	91	225	16121	310	0	16747
15572	15696	65	240	287	0	16288
15573	288	75	212	15975	0	16550
15574	270	70	15715	295	0	16350
15575	107	76	15443	275	0	15901
15576	116	143	432	15237	0	15928
15577	15198	60	295	283	0	15836
15578	15247	79	72	264	0	15662
15579	425	15482	49	144	0	16100
15580	15373	229	45	130	0	15777
15581	15320	194	52	142	0	15708
15582	15393	52	47	156	0	15648
15583	15186	44	49	145	0	15424
15584	453	37	45	14909	0	15444
15585	287	68	30	15040	0	15425
15586	134	58	14496	475	0	15163
15587	115	13950	240	287	0	14592
15588	84	14344	211	148	0	14787
15589	108	404	14020	131	0	14663
15590	13674	231	242	120	0	14267
15591	275	62	204	14005	0	14546
15592	14176	55	80	306	0	14617
15593	14071	50	55	282	0	14458
15594	405	62	13891	141	0	14499
15595	248	45	241	13833	0	14367
15596	13957	57	212	283	0	14509
15597	287	68	50	13991	0	14396
15598	255	72	13862	299	0	14488
15599	150	355	235	13016	0	13756
15600	109	14047	203	262	0	14621
15601	132	14280	78	215	0	14705
15602	123	361	13707	121	0	14312
15603	88	13392	224	118	0	13822
15604	12354	253	254	149	0	13010
15605	11970	150	83	109	0	12312
15606	286	49	49	11843	0	12227
15607	164	37	73	11938	0	12212
15608	76	47	48	12058	0	12229
15609	11774	51	21	294	0	12140
15610	220	11742	50	172	0	12184
15611	11659	162	31	55	0	11907
15612	11388	130	29	72	0	11619
15613	300	11364	50	70	0	11784
15614	10857	110	33	60	0	11060
15615	181	10962	33	60	0	11236
15616	10897	126	39	90	0	11152
15617	179	92	10816	60	0	11147
15618	9213	85	155	44	0	9497
15619	85	9640	72	32	0	9829
15620	141	92	62	9440	0	9735
15621	35	57	21	9816	0	9929
15622	38	10	20	10027	0	10095
15623	10094	11	17	147	0	10269
15624	94	14	11	10229	0	10348
15625	85	22	10039	106	0	10252
15626	9721	13	84	94	0	9912
15627	90	29	10110	42	0	10271
15628	78	47	82	9988	0	10195
15629	44	36	10228	91	0	10399
15630	44	41	83	9786	0	9954
15631	26	10102	70	88	0	10286
15632	36	84	23	9908	0	10051
15633	29	10088	29	76	0	10222
15634	32	75	15	10139	0	10261
15635	10116	64	17	100	0	10297
15636	102	14	17	10447	0	10580
15637	10476	16	19	99	0	10610
15638	100	25	10179	87	0	10391
15639	10191	16	74	33	0	10314
15640	10402	25	61	32	0	10520
15641	10446	19	19	20	0	10504
15642	156	21	13	10437	0	10627
15643	10249	19	11	91	0	10370
15644	114	19	10026	76	0	10235
15645	9938	23	82	43	0	10086
15646	105	29	10060	40	0	10234
15647	10023	22	92	27	0	10164
15648	103	10	72	10279	0	10464
15649	85	34	10452	96	0	10667
15650	39	12	80	10431	0	10562
15651	46	17	69	10633	0	10765
15652	21	22	10572	159	0	10774
15653	9550	12	93	112	0	9767
15654	95	10742	75	49	0	10961
15655	10498	69	32	34	0	10633
15656	91	10386	26	42	0	10545
15657	10110	60	24	34	0	10228
15658	86	66	10003	30	0	10185
15659	8837	102	136	37	0	9112
15660	62	9202	58	26	0	9348
15661	76	35	30	8933	0	9074
15662	23	29	10	9208	0	9270
15663	19	13	5	9310	0	9347
15664	18	9	9299	85	0	9411
15665	23	1	43	9252	0	9319
15666	14	9	9703	59	0	9785
15667	9910	3	55	48	0	10016
15668	10744	4	50	22	0	10820
15669	126	16	21	10986	0	11149
15670	77	14	11134	85	0	11310
15671	10612	3	83	76	0	10774
15672	97	11	13345	28	0	13481
15673	86	9	111	13240	0	13446
15674	22	9	92	13703	0	13826
15675	22	9	15	14097	0	14143
15676	23	8	18	14232	0	14281
15677	13792	9	8	219	0	14028
15678	105	14003	22	134	0	14264
15679	111	118	13693	35	0	13957
15680	26	13805	128	27	0	13986
15681	13771	115	95	30	0	14011
15682	125	95	27	13787	0	14034
15683	14001	17	14	129	0	14161
15684	135	13	18	14029	0	14195
15685	111	7	21	14025	0	14164
15686	35	7	12	14131	0	14185
15687	27	23	13907	230	0	14187
15688	19	13791	136	139	0	14085
15689	34	113	14081	42	0	14270
15690	22	94	123	13989	0	14228
15691	14203	14	108	145	0	14470
15692	14171	12	30	135	0	14348
15693	14264	15	28	54	0	14361
15694	211	14220	31	48	0	14510
15695	14522	110	20	47	0	14699
15696	140	93	18	14463	0	14714
15697	117	25	19	14613	0	14774
15698	39	19	10	14538	0	14606
15699	31	14603	21	242	0	14897
15700	41	129	17	13605	0	13792
15701	41	14288	32	137	0	14498
15702	14142	128	20	126	0	14416
15703	14188	101	23	53	0	14365
15704	234	27	18	14210	0	14489
15705	133	32	14072	158	0	14395
15706	13775	14	127	149	0	14065
15707	151	20	105	14254	0	14530
15708	115	31	14233	170	0	14549
15709	13570	16	137	153	0	13876
15710	151	25	105	14361	0	14642
15711	14381	16	31	163	0	14591
15712	145	14331	33	140	0	14649
15713	142	137	19	14068	0	14366
15714	48	14636	39	162	0	14885
15715	58	182	15	14540	0	14795
15716	45	14691	34	159	0	14929
15717	50	136	14	14730	0	14930
15718	32	112	14513	158	0	14815
15719	11479	41	117	215	0	11852
15720	122	14264	116	63	0	14565
15721	107	122	13896	56	0	14181
15722	13510	93	114	54	0	13771
15723	130	34	86	14015	0	14265
15724	110	40	14021	138	0	14309
15725	43	14086	118	135	0	14382
15726	45	107	87	14188	0	14427
15727	47	113	14305	129	0	14594
15728	49	25	106	14254	0	14434
15729	39	28	96	14377	0	14540
15730	35	32	14567	215	0	14849
15731	39	25	99	14630	0	14793
15732	42	42	14936	145	0	15165
15733	42	30	103	14898	0	15073
15734	39	50	15392	152	0	15633
15735	35	32	115	15267	0	15449
15736	43	30	109	15220	0	15402
15737	54	33	32	14939	0	15058
15738	44	15016	55	214	0	15329
15739	15062	106	29	152	0	15349
15740	15179	95	33	69	0	15376
15741	211	23	26	15332	0	15592
15742	15360	22	44	161	0	15587
15743	141	45	15394	138	0	15718
15744	108	15495	130	69	0	15802
15745	15561	119	108	81	0	15869
15746	124	15754	52	76	0	16006
15747	123	121	27	15735	0	16006
15748	43	101	28	15818	0	15990
15749	15300	39	38	224	0	15601
15750	134	43	26	15411	0	15614
15751	123	42	15311	154	0	15630
15752	46	15230	125	141	0	15542
15753	15323	111	95	77	0	15606
15754	133	91	35	15106	0	15365
15755	115	15412	41	158	0	15726
15756	41	134	34	14999	0	15208
15757	43	15615	52	128	0	15838
15758	15501	137	24	127	0	15789
15759	15447	99	25	75	0	15646
15760	203	44	15349	72	0	15668
15761	132	45	15237	64	0	15478
15762	61	27	185	14978	0	15251
15763	37	15396	130	130	0	15693
15764	45	117	40	15538	0	15740
15765	15413	97	31	157	0	15698
15766	117	31	15141	118	0	15407
15767	93	61	91	14397	0	14642
15768	26	29	14312	110	0	14477
15769	27	27	13789	86	0	13929
15770	30	14281	131	34	0	14476
15771	177	297	121	13382	0	13977
15772	11936	56	54	76	0	12122
15773	48	22	11963	33	0	12066
15774	19	11800	43	26	0	11888
15775	11552	22	15	18	0	11607
15776	32	15	4	11615	0	11666
15777	12043	5	8	61	0	12117
15778	12193	3	8	43	0	12247
15779	12301	8	7	34	0	12350
15780	41	26	12924	14	0	13005
15781	12352	7	29	29	0	12417
15782	13045	2	20	19	0	13086
15783	46	13292	19	11	0	13368
15784	26	30	4	13394	0	13454
15785	19	23	5	13378	0	13425
15786	10	9	8	13614	0	13641
15787	13706	4	5	73	0	13788
15788	13454	8	5	44	0	13511
15789	69	25	13679	16	0	13789
15790	42	3	37	13530	0	13612
15791	18	13593	42	31	0	13684
15792	13673	37	12	49	0	13771
15793	49	46	13739	11	0	13845
15794	42	15	46	13366	0	13469
15795	11	4	38	13539	0	13592
15796	13	13635	19	73	0	13740
15797	12	41	5	13662	0	13720
15798	16	31	5	13442	0	13494
15799	11	8	10	13733	0	13762
15800	13604	6	8	85	0	13703
15801	49	7	4	13532	0	13592
15802	37	8	8	13551	0	13604
15803	13740	4	4	103	0	13851
15804	48	8	3	13683	0	13742
15805	48	14860	23	61	0	14992
15806	15493	62	6	46	0	15607
15807	16137	49	5	46	0	16237
15808	16709	21	6	29	0	16765
15809	18247	9	5	31	0	18292
15810	222	19777	23	29	0	20051
15811	22514	165	5	38	0	22722
15812	22773	115	6	37	0	22931
15813	415	37	5	22592	0	23049
15814	202	39	22510	262	0	23013
15815	68	12	236	22486	0	22802
15816	37	10	169	22554	0	22770
15817	35	11	32	22563	0	22641
15818	26	8	26	22580	0	22640
15819	34	9	14	22692	0	22749
15820	22067	9	13	481	0	22570
15821	270	9	8	22361	0	22648
15822	190	46	22439	328	0	23003
15823	68	15	251	21978	0	22312
15824	30	22462	184	303	0	22979
15825	34	265	34	22494	0	22827
15826	26	185	22440	306	0	22957
15827	19984	53	266	244	0	20547
15828	21523	18	184	90	0	21815
15829	439	31	22644	51	0	23165
15830	214	22556	267	36	0	23073
15831	22831	258	201	48	0	23338
15832	22859	178	41	48	0	23126
15833	23022	40	19	44	0	23125
15834	22649	20	14	39	0	22722
15835	516	25	14	22126	0	22681
15836	272	50	22327	276	0	22925
15837	137	25	264	22462	0	22888
15838	96	21	184	22907	0	23208
15839	81	61	22697	472	0	23311
15840	83	60	22561	293	0	22997
15841	22067	39	445	130	0	22681
15842	342	22841	253	117	0	23553
15843	304	272	65	22843	0	23484
15844	123	209	22662	407	0	23401
15845	21471	47	322	355	0	22195
15846	330	53	22777	211	0	23371
15847	21979	23	349	216	0	22567
15848	354	22708	246	219	0	23527
15849	282	281	78	22801	0	23442
15850	142	240	22658	439	0	23479
15851	21568	65	321	356	0	22310
15852	376	22378	268	183	0	23205
15853	301	23280	126	140	0	23847
15854	157	473	99	23023	0	23752
15855	130	301	94	23727	0	24252
15856	24349	113	88	617	0	25167
15857	459	24370	131	353	0	25313
15858	422	343	83	24850	0	25698
15859	24893	262	94	468	0	25717
15860	25543	84	101	385	0	26113
15861	26324	81	92	198	0	26695
15862	744	97	26710	207	0	27758
15863	482	79	27327	176	0	28064
15864	28189	42	646	202	0	29079
15865	577	28663	379	193	0	29812
15866	429	29122	189	248	0	29988
15867	205	719	156	27373	0	28453
15868	138	28862	192	569	0	29761
15869	28916	476	166	445	0	30003
15870	560	353	157	28692	0	29762
15871	432	167	28745	523	0	29867
15872	28592	93	530	436	0	29651
15873	29089	124	415	170	0	29798
15874	909	94	159	28644	0	29806
15875	533	110	170	28958	0	29771
15876	325	111	152	29148	0	29736
15877	254	121	165	28820	0	29360
15878	245	159	27585	884	0	28873
15879	220	27349	526	518	0	28613
15880	259	511	369	24653	0	25792
15881	199	27173	230	574	0	28176
15882	272	547	154	24071	0	25044
15883	215	26761	179	530	0	27685
15884	26393	539	107	486	0	27525
15885	26556	409	144	277	0	27386
15886	828	26310	151	278	0	27567
15887	26506	488	135	236	0	27365
15888	681	388	135	26208	0	27412
15889	26152	207	136	561	0	27056
15890	666	25957	152	446	0	27221
15891	26293	541	133	201	0	27168
15892	26449	375	150	175	0	27149
15893	911	202	180	25728	0	27021
15894	544	195	25867	533	0	27139
15895	289	25664	565	424	0	26942
15896	288	556	375	25731	0	26950
15897	25866	479	153	544	0	27042
15898	597	273	25617	480	0	26967
15899	499	204	468	25253	0	26424
15900	292	178	352	25571	0	26393
15901	25736	152	148	846	0	26882
15902	25957	147	147	519	0	26770
15903	25671	141	155	296	0	26263
15904	908	25072	169	284	0	26433
15905	24261	447	122	284	0	25114
15906	582	373	23142	284	0	24381
15907	400	167	22455	290	0	23312
15908	228	130	22268	249	0	22875
15909	317	978	865	18950	0	21110
15910	191	119	18557	389	0	19256
15911	15587	78	245	221	0	16131
15912	268	60	161	15789	0	16278
15913	251	77	16079	249	0	16656
15914	16192	88	206	215	0	16701
15915	306	72	158	16305	0	16841
15916	245	69	65	16640	0	17019
15917	16638	61	74	377	0	17150
15918	281	81	85	17014	0	17461
15919	223	105	17042	281	0	17651
15920	128	57	243	17229	0	17657
15921	146	75	17402	280	0	17903
15922	132	61	265	17079	0	17537
15923	16803	49	196	300	0	17348
15924	279	16491	92	240	0	17102
15925	254	16893	92	129	0	17368
15926	155	330	66	16629	0	17180
15927	131	197	77	16434	0	16839
15928	116	16340	77	405	0	16938
15929	132	16163	87	238	0	16620
15930	120	328	80	15844	0	16372
15931	106	185	94	15873	0	16258
15932	15423	76	88	431	0	16018
15933	265	15445	107	266	0	16083
15934	222	15433	84	142	0	15881
15935	121	15890	84	113	0	16208
15936	15271	365	89	122	0	15847
15937	265	190	15274	129	0	15858
15938	15049	71	235	120	0	15475
15939	272	80	179	14883	0	15414
15940	205	14551	87	278	0	15121
15941	97	15124	86	232	0	15539
15942	14802	303	74	139	0	15318
15943	263	182	75	14149	0	14669
15944	176	15675	99	244	0	16194
15945	15830	247	78	218	0	16373
15946	16033	174	56	130	0	16393
15947	361	102	15864	108	0	16435
15948	15845	81	227	102	0	16255
15949	16089	81	171	101	0	16442
15950	382	66	55	15477	0	15980
15951	201	15683	81	262	0	16227
15952	119	15958	59	207	0	16343
15953	96	399	40	15384	0	15919
15954	14696	184	79	270	0	15229
15955	258	97	14623	192	0	15170
15956	213	87	13972	81	0	14353
15957	189	58	13641	69	0	13957
15958	187	53	13698	69	0	14007
15959	71	13510	278	73	0	13932
15960	88	13311	185	81	0	13665
15961	191	282	12233	98	0	12804
15962	119	204	11740	87	0	12150
15963	34	10772	215	47	0	11068
15964	71	79	111	9501	0	9762
15965	11	61	9929	64	0	10065
15966	15	19	60	9648	0	9742
15967	12	6	49	10191	0	10258
15968	8	6	15	10390	0	10419
15969	15	7	5	10731	0	10758
15970	11	21	10631	149	0	10812
15971	9	11	83	10431	0	10534
15972	10569	8	63	101	0	10741
15973	87	25	10538	70	0	10720
15974	10586	13	87	27	0	10713
15975	104	16	65	10844	0	11029
15976	70	15	11011	95	0	11191
15977	10842	6	95	76	0	11019
15978	99	12	68	11105	0	11284
15979	11248	13	15	101	0	11377
15980	102	11	16	11067	0	11196
15981	70	11128	23	121	0	11342
15982	31	93	11493	79	0	11696
15983	19	67	98	11455	0	11639
15984	11596	24	68	113	0	11801
15985	11661	19	22	87	0	11789
15986	11692	13	22	47	0	11774
15987	11640	14	15	29	0	11698
15988	11430	19	12	29	0	11490
15989	158	11472	27	28	0	11685
15990	11538	103	20	36	0	11697
15991	115	83	11432	28	0	11658
15992	11346	24	99	36	0	11505
15993	134	32	93	9858	0	10117
15994	78	35	11322	82	0	11517
15995	38	32	11308	62	0	11440
15996	31	18	158	11203	0	11410
15997	11410	22	84	112	0	11628
15998	114	11357	41	85	0	11597
15999	11447	100	20	41	0	11608
16000	125	11598	29	34	0	11786
16001	102	112	27	11775	0	12016
16002	46	85	17	11978	0	12126
16003	11930	30	23	175	0	12158
16004	124	18	26	12055	0	12223
16005	100	37	12006	131	0	12274
16006	11853	20	109	93	0	12075
16007	129	15	88	12163	0	12395
16008	108	15	36	12133	0	12292
16009	52	31	12034	176	0	12293
16010	11166	26	121	92	0	11405
16011	11884	16	86	49	0	12035
16012	181	11958	45	38	0	12222
16013	112	114	11728	23	0	11977
16014	44	88	11543	31	0	11706
16015	53	94	156	11304	0	11607
16016	45	47	105	11210	0	11407
16017	31	11341	40	157	0	11569
16018	39	94	10971	159	0	11263
16019	37	71	97	10807	0	11012
16020	26	31	11090	106	0	11253
16021	39	15	96	10620	0	10770
16022	23	10961	85	111	0	11180
16023	33	78	40	11145	0	11296
16024	34	63	31	11188	0	11316
16025	38	22	29	11126	0	11215
16026	10970	19	30	162	0	11181
16027	102	29	10994	99	0	11224
16028	80	11212	112	35	0	11439
16029	40	93	83	11657	0	11873
16030	12017	72	35	133	0	12257
16031	125	32	32	12290	0	12479
16032	12319	16	20	135	0	12490
16033	130	24	12627	109	0	12890
16034	12436	16	124	50	0	12626
16035	152	13	99	12895	0	13159
16036	106	32	12900	158	0	13196
16037	44	12849	122	125	0	13140
16038	37	116	110	12710	0	12973
16039	55	97	35	12891	0	13078
16040	12634	19	30	216	0	12899
16041	124	12671	47	126	0	12968
16042	122	12454	43	48	0	12667
16043	41	12683	31	55	0	12810
16044	11625	190	44	42	0	11901
16045	130	11683	29	36	0	11878
16046	111	122	23	11403	0	11659
16047	73	91	28	11428	0	11620
16048	11288	18	27	199	0	11532
16049	113	11225	35	108	0	11481
16050	100	107	21	11295	0	11523
16051	11465	82	16	151	0	11714
16052	11439	30	24	104	0	11597
16053	11459	17	13	53	0	11542
16054	193	11353	27	44	0	11617
16055	11068	95	21	32	0	11216
16056	116	100	17	10788	0	11021
16057	82	10742	26	101	0	10951
16058	42	10862	26	83	0	11013
16059	64	178	22	10691	0	10955
16060	10588	74	28	102	0	10792
16061	10688	25	16	89	0	10818
16062	149	21	24	10354	0	10548
16063	76	10329	22	97	0	10524
16064	10321	85	16	81	0	10503
16065	93	74	10160	33	0	10360
16066	76	31	9923	28	0	10058
16067	9528	33	133	34	0	9728
16068	95	24	9700	34	0	9853
16069	71	40	68	9115	0	9294
16070	9208	13	50	77	0	9348
16071	67	16	13	9419	0	9515
16072	60	26	9429	78	0	9593
16073	21	9635	61	68	0	9785
16074	23	62	44	9662	0	9791
16075	26	49	9608	63	0	9746
16076	9037	37	55	50	0	9179
16077	59	22	40	9548	0	9669
16078	57	28	9547	68	0	9700
16079	26	11	48	9407	0	9492
16080	18	9470	47	65	0	9600
16081	22	57	11	9754	0	9844
16082	17	51	12	9581	0	9661
16083	18	23	9	9429	0	9479
16084	25	9438	14	99	0	9576
16085	9619	49	7	70	0	9745
16086	61	52	12	9690	0	9815
16087	69	21	8	9726	0	9824
16088	35	15	11	9810	0	9871
16089	15	31	9747	111	0	9904
16090	29	16	55	9825	0	9925
16091	9898	18	49	84	0	10049
16092	69	10030	22	66	0	10187
16093	57	63	9	10288	0	10417
16094	41	57	8	10310	0	10416
16095	10237	25	17	111	0	10390
16096	63	10346	20	72	0	10501
16097	10489	67	8	48	0	10612
16098	10623	59	11	28	0	10721
16099	130	14	11	10509	0	10664
16100	10511	13	10	83	0	10617
16101	77	10176	17	69	0	10339
16102	10272	67	13	35	0	10387
16103	94	57	7	10490	0	10648
16104	11182	24	9	88	0	11303
16105	11349	12	12	82	0	11455
16106	142	22	11303	33	0	11500
16107	11590	18	63	27	0	11698
16108	11865	12	64	22	0	11963
16109	12123	9	25	43	0	12200
16110	179	22	13067	29	0	13297
16111	87	13255	132	32	0	13506
16112	41	137	94	13178	0	13450
16113	13202	94	20	135	0	13451
16114	143	13005	22	106	0	13276
16115	13012	134	12	39	0	13197
16116	159	92	8	13213	0	13472
16117	105	32	13261	162	0	13560
16118	13551	9	135	115	0	13810
16119	165	19	95	13986	0	14265
16120	121	22	14189	160	0	14492
16121	14239	7	152	129	0	14527
16122	180	13	14829	37	0	15059
16123	140	20	172	15331	0	15663
16124	45	13	122	15998	0	16178
16125	15993	8	28	322	0	16351
16126	16025	8	14	175	0	16222
16127	320	16022	26	58	0	16426
16128	16121	181	39	31	0	16372
16129	230	130	15557	16	0	15933
16130	146	37	15382	19	0	15584
16131	14947	31	290	26	0	15294
16132	191	15243	148	21	0	15603
16133	14826	166	59	12	0	15063
16134	184	14896	27	9	0	15116
16135	14735	178	19	17	0	14949
16136	196	106	19	14491	0	14812
16137	127	37	14648	176	0	14988
16138	46	15	167	14684	0	14912
16139	40	8	108	14999	0	15155
16140	14817	8	34	279	0	15138
16141	183	21	14759	128	0	15091
16142	14517	4	168	60	0	14749
16143	192	14742	117	30	0	15081
16144	14786	162	34	22	0	15004
16145	206	114	25	14587	0	14932
16146	138	43	14595	180	0	14956
16147	54	23	179	14635	0	14891
16148	14701	18	114	206	0	15039
16149	203	19	28	14823	0	15073
16150	140	25	24	14577	0	14766
16151	60	14409	31	266	0	14766
16152	44	169	31	14652	0	14896
16153	37	115	14515	216	0	14883
16154	41	29	176	14532	0	14778
16155	58	19	112	14655	0	14844
16156	14441	16	40	295	0	14792
16157	199	28	32	14457	0	14716
16158	144	33	14304	223	0	14704
16159	47	14348	206	162	0	14763
16160	59	168	128	14288	0	14643
16161	52	114	34	14424	0	14624
16162	14451	32	24	286	0	14793
16163	197	14283	37	157	0	14674
16164	153	169	34	14397	0	14753
16165	14218	114	34	210	0	14576
16166	14435	36	42	136	0	14649
16167	301	27	36	14378	0	14742
16168	155	28	14574	223	0	14980
16169	14550	25	182	155	0	14912
16170	234	23	135	15038	0	15430
16171	15155	24	46	245	0	15470
16172	15047	31	35	180	0	15293
16173	345	14695	48	74	0	15162
16174	14631	190	33	78	0	14932
16175	240	14850	64	52	0	15206
16176	162	205	51	14723	0	15141
16177	88	138	46	14376	0	14648
16178	78	14628	51	299	0	15056
16179	14772	197	29	174	0	15172
16180	14631	146	24	72	0	14873
16181	329	61	14364	62	0	14816
16182	171	50	14350	63	0	14634
16183	80	25	293	14383	0	14781
16184	14401	24	238	260	0	14923
16185	227	19	51	14546	0	14843
16186	174	27	39	14704	0	14944
16187	87	43	14710	331	0	15171
16188	81	50	14680	172	0	14983
16189	66	50	14871	80	0	15067
16190	14098	32	327	103	0	14560
16191	14464	31	176	76	0	14747
16192	324	14161	55	79	0	14619
16193	182	14379	56	82	0	14699
16194	103	313	48	14208	0	14672
16195	89	154	14288	230	0	14761
16196	13848	69	199	186	0	14302
16197	236	60	14527	82	0	14905
16198	167	32	210	14266	0	14675
16199	68	41	142	14574	0	14825
16200	79	33	32	14685	0	14829
16201	73	30	40	14863	0	15006
16202	14602	24	40	368	0	15034
16203	239	40	33	14537	0	14849
16204	172	36	14128	227	0	14563
16205	13261	20	202	188	0	13671
16206	207	32	14094	90	0	14423
16207	150	43	13916	76	0	14185
16208	73	13836	289	66	0	14264
16209	234	219	228	12409	0	13090
16210	12314	93	118	136	0	12661
16211	125	42	33	12347	0	12547
16212	118	41	12323	160	0	12642
16213	59	11	115	12463	0	12648
16214	12287	10	107	156	0	12560
16215	118	12401	53	131	0	12703
16216	12140	110	30	75	0	12355
16217	148	12072	32	45	0	12297
16218	11851	113	41	56	0	12061
16219	123	11735	26	39	0	11923
16220	92	11575	27	33	0	11727
16221	56	164	11071	16	0	11307
16222	38	10920	116	22	0	11096
16223	9759	76	114	36	0	9985
16224	61	50	17	9629	0	9757
16225	9656	7	9	62	0	9734
16226	48	9859	17	60	0	9984
16227	9812	48	3	29	0	9892
16228	65	66	9912	12	0	10055
16229	68	12	57	9758	0	9895
16230	15	10111	78	52	0	10256
16231	18	58	16	10415	0	10507
16232	16	61	12	10389	0	10478
16233	11466	15	8	133	0	11622
16234	109	11748	13	89	0	11959
16235	12013	107	7	24	0	12151
16236	140	117	12144	36	0	12437
16237	114	34	12034	24	0	12206
16238	26	12077	232	14	0	12349
16239	17	113	132	11993	0	12255
16240	23	123	12166	109	0	12421
16241	21	32	116	11665	0	11834
16242	18	18	120	12367	0	12523
16243	30	26	12206	221	0	12483
16244	18	24	12151	136	0	12329
16245	27	20	12646	20	0	12713
16246	23	26	12641	31	0	12721
16247	18	12862	256	31	0	13167
16248	30	131	134	12807	0	13102
16249	24	125	30	13140	0	13319
16250	18	38	13005	258	0	13319
16251	24	14	136	12935	0	13109
16252	18	41	13453	153	0	13665
16253	28	16	146	13340	0	13530
16254	26	21	145	13154	0	13346
16255	27	13389	38	250	0	13704
16256	25	131	24	13515	0	13695
16257	31	138	29	13434	0	13632
16258	22	39	23	13503	0	13587
16259	30	30	13177	275	0	13512
16260	21	13185	143	164	0	13513
16261	13137	117	144	65	0	13463
16262	13215	141	43	37	0	13436
16263	258	34	18	13088	0	13398
16264	160	38	23	12817	0	13038
16265	25	13308	32	250	0	13615
16266	13258	125	34	165	0	13582
16267	124	13507	35	49	0	13715
16268	13127	132	28	40	0	13327
16269	141	147	12908	30	0	13226
16270	12201	35	134	50	0	12420
16271	122	12790	155	40	0	13107
16272	145	121	41	12843	0	13150
16273	36	148	26	12695	0	12905
16274	29	12977	35	244	0	13285
16275	12922	132	30	161	0	13245
16276	145	125	30	13114	0	13414
16277	136	41	41	13443	0	13661
16278	13507	28	30	281	0	13846
16279	13741	32	31	173	0	13977
16280	262	32	13731	66	0	14091
16281	13843	22	159	47	0	14071
16282	152	30	156	13959	0	14297
16283	155	35	14023	173	0	14386
16284	40	29	154	13976	0	14199
16285	26	39	13962	180	0	14207
16286	35	52	13993	174	0	14254
16287	35	30	273	14075	0	14413
16288	43	35	14387	192	0	14657
16289	28	14484	188	191	0	14891
16290	33	145	165	14520	0	14863
16291	48	146	60	14871	0	15125
16292	33	51	14819	304	0	15207
16293	30	14814	181	195	0	15220
16294	14807	149	161	120	0	15237
16295	146	147	59	15103	0	15455
16296	15212	46	51	189	0	15498
16297	163	15045	58	204	0	15470
16298	158	179	15202	84	0	15623
16299	60	179	163	15061	0	15463
16300	14962	43	187	200	0	15392
16301	179	51	15141	195	0	15566
16302	14374	41	181	96	0	14692
16303	182	14878	177	82	0	15319
16304	158	14689	71	68	0	14986
16305	14418	251	77	71	0	14817
16306	155	152	70	14259	0	14636
16307	165	59	42	14090	0	14356
16308	38	14306	66	280	0	14690
16309	62	137	48	14513	0	14760
16310	44	143	59	14504	0	14750
16311	14307	46	41	295	0	14689
16312	162	27	42	14280	0	14511
16313	146	51	14122	197	0	14516
16314	48	24	171	14220	0	14463
16315	43	39	153	14419	0	14654
16316	46	47	14309	301	0	14703
16317	36	37	146	14388	0	14607
16318	14066	25	139	223	0	14453
16319	13826	38	48	199	0	14111
16320	13935	31	46	91	0	14103
16321	279	32	33	13827	0	14171
16322	173	34	13942	209	0	14358
16323	39	14045	173	195	0	14452
16324	56	150	138	14085	0	14429
16325	65	154	14098	179	0	14496
16326	63	35	145	13889	0	14132
16327	53	31	135	13968	0	14187
16328	13538	28	36	270	0	13872
16329	137	13888	66	170	0	14261
16330	158	139	13539	68	0	13904
16331	12630	129	131	64	0	12954
16332	141	13395	147	58	0	13741
16333	77	12340	40	51	0	12508
16334	12447	127	104	57	0	12735
16335	96	62	34	12512	0	12704
16336	78	52	13554	97	0	13781
16337	30	33	83	13361	0	13507
16338	14	13681	93	103	0	13891
16339	13869	92	18	108	0	14087
16340	87	87	15	13954	0	14143
16341	14212	18	21	120	0	14371
16342	104	26	16	13955	0	14101
16343	83	14477	32	101	0	14693
16344	14848	89	19	111	0	15067
16345	14782	78	13	44	0	14917
16346	187	14862	35	40	0	15124
16347	14679	109	17	38	0	14843
16348	130	110	17	14238	0	14495
16349	98	14409	27	111	0	14645
16350	14426	99	16	108	0	14649
16351	112	14659	24	29	0	14824
16352	14515	110	17	42	0	14684
16353	120	89	15	14465	0	14689
16354	14686	19	12	137	0	14854
16355	14737	20	18	126	0	14901
16356	14818	22	12	45	0	14897
16357	204	24	8	14758	0	14994
16358	109	28	8	14943	0	15088
16359	14695	21	8	194	0	14918
16360	128	29	15075	108	0	15340
16361	102	16	105	14988	0	15211
16362	37	15389	110	122	0	15658
16363	45	114	14	15564	0	15737
16364	45	98	14	15586	0	15743
16365	33	39	15444	209	0	15725
16366	45	28	101	16041	0	16215
16367	29	17232	111	154	0	17526
16368	47	156	13	17668	0	17884
16369	54	166	19165	186	0	19571
16370	41	31	191	19565	0	19828
16371	41	23	176	20102	0	20342
16372	19988	28	38	406	0	20460
16373	20161	19	30	233	0	20443
16374	421	43	18	19106	0	19588
16375	245	19565	35	262	0	20107
16376	58	19687	35	235	0	20015
16377	75	402	19439	71	0	19987
16378	68	314	203	19168	0	19753
16379	19145	61	214	251	0	19671
16380	222	41	35	19341	0	19639
16381	198	48	19277	246	0	19769
16382	64	14	209	19273	0	19560
16383	47	24	193	19276	0	19540
16384	63	22	36	19658	0	19779
16385	45	45	19201	425	0	19716
16386	34	19051	212	260	0	19557
16387	18660	195	186	97	0	19138
16388	18389	203	46	71	0	18709
16389	568	48	21	18144	0	18781
16390	231	59	18349	229	0	18868
16391	70	18458	224	234	0	18986
16392	65	280	184	17047	0	17576
16393	44	18306	61	199	0	18610
16394	28	18445	40	191	0	18704
16395	17996	371	43	67	0	18477
16396	211	230	18107	56	0	18604
16397	210	73	18056	55	0	18394
16398	81	58	376	17744	0	18259
16399	53	26	221	18235	0	18535
16400	48	42	18272	375	0	18737
16401	55	26	194	17994	0	18269
16402	54	52	18280	246	0	18632
16403	17085	21	217	238	0	17561
16404	206	21	203	18004	0	18434
16405	206	44	18326	237	0	18813
16406	80	37	204	17318	0	17639
16407	54	18663	210	217	0	19144
16408	18525	201	49	227	0	19002
16409	193	18723	57	102	0	19075
16410	18780	217	33	88	0	19118
16411	220	233	18495	85	0	19033
16412	18501	56	197	80	0	18834
16413	227	50	193	18718	0	19188
16414	230	63	18776	231	0	19300
16415	71	33	215	18677	0	18996
16416	61	54	18525	263	0	18903
16417	17450	35	210	276	0	17971
16418	223	18461	225	93	0	19002
16419	241	203	70	17124	0	17638
16420	65	18775	84	205	0	19129
16421	18571	238	45	226	0	19080
16422	18434	206	49	102	0	18791
16423	371	18450	79	106	0	19006
16424	246	229	52	18423	0	18950
16425	112	202	37	18539	0	18890
16426	81	80	42	18692	0	18895
16427	18244	51	63	447	0	18805
16428	194	18257	82	300	0	18833
16429	229	218	51	17990	0	18488
16430	82	208	82	18095	0	18467
16431	17780	62	74	458	0	18374
16432	220	81	17672	302	0	18275
16433	252	54	17566	136	0	18008
16434	16581	33	361	148	0	17123
16435	218	44	17095	129	0	17486
16436	204	68	15752	92	0	16116
16437	107	107	376	15123	0	15713
16438	15653	38	272	224	0	16187
16439	213	59	78	15547	0	15897
16440	219	68	15549	229	0	16065
16441	14770	47	206	243	0	15266
16442	219	66	15484	109	0	15878
16443	201	15360	234	100	0	15895
16444	148	237	223	15331	0	15939
16445	15422	164	102	241	0	15929
16446	168	53	75	15527	0	15823
16447	181	44	69	15527	0	15821
16448	15680	32	56	353	0	16121
16449	198	27	53	15904	0	16182
16450	164	43	57	16064	0	16328
16451	81	59	15875	335	0	16350
16452	75	43	163	15793	0	16074
16453	15883	44	172	233	0	16332
16454	15780	41	67	214	0	16102
16455	15909	48	62	101	0	16120
16456	340	28	59	15491	0	15918
16457	204	15564	92	178	0	16038
16458	15625	157	51	198	0	16031
16459	171	15844	75	93	0	16183
16460	15677	162	49	96	0	15984
16461	197	152	52	15659	0	16060
16462	15528	36	62	183	0	15809
16463	15388	34	82	185	0	15689
16464	15500	25	62	96	0	15683
16465	287	15315	76	95	0	15773
16466	135	14713	79	61	0	14988
16467	13484	141	39	56	0	13720
16468	112	13636	41	36	0	13825
16469	42	12180	28	24	0	12274
16470	12	11747	49	29	0	11837
16471	11317	72	80	24	0	11493
16472	42	37	10	11182	0	11271
16473	30	5	5	11413	0	11453
16474	11397	2	2	78	0	11479
16475	49	33	11760	37	0	11879
16476	37	6	39	12868	0	12950
16477	18	4	36	13051	0	13109
16478	8	5	7	14114	0	14134
16479	14	6	2	14665	0	14687
16480	8	14846	26	247	0	15127
16481	5	17391	26	125	0	17547
16482	17902	285	10	39	0	18236
16483	198	186	10	18097	0	18491
16484	202	38	8	18321	0	18569
16485	48	34	18153	407	0	18642
16486	26	18	211	18421	0	18676
16487	30	55	18714	260	0	19059
16488	29	13	256	18825	0	19123
16489	14	29	19752	281	0	20076
16490	13	19546	306	234	0	20099
16491	32	242	235	19577	0	20086
16492	19892	219	54	291	0	20456
16493	19890	49	20	256	0	20215
16494	486	12	17	19801	0	20316
16495	278	35	19904	271	0	20488
16496	61	26	19790	263	0	20140
16497	18908	15	486	83	0	19492
16498	261	19572	296	35	0	20164
16499	19891	255	49	56	0	20251
16500	19650	238	18	57	0	19963
16501	502	78	19591	32	0	20203
16502	304	18	273	19400	0	19995
16503	77	18	249	19843	0	20187
16504	45	19	50	20457	0	20571
16505	44	11	23	20079	0	20157
16506	48	26	19	19919	0	20012
16507	34	33	18996	569	0	19632
16508	32	28	19007	358	0	19425
16509	33	14	519	19028	0	19594
16510	45	17	296	19320	0	19678
16511	38	12	68	19710	0	19828
16512	19168	27	36	610	0	19841
16513	316	29	29	19363	0	19737
16514	19560	31	36	376	0	20003
16515	369	19	38	19962	0	20388
16516	20239	17	36	395	0	20687
16517	20399	26	37	343	0	20805
16518	20298	21	47	133	0	20499
16519	20371	14	31	114	0	20530
16520	20309	15	51	83	0	20458
16521	610	27	47	19795	0	20479
16522	19885	26	41	368	0	20320
16523	368	19686	67	329	0	20450
16524	19964	284	46	130	0	20424
16525	394	270	42	20016	0	20722
16526	333	90	19964	373	0	20760
16527	114	33	328	20288	0	20763
16528	79	68	20386	412	0	20945
16529	82	35	361	20300	0	20778
16530	92	21	303	20576	0	20992
16531	80	49	20339	646	0	21114
16532	94	54	20415	390	0	20953
16533	101	33	589	20300	0	21023
16534	20284	25	360	399	0	21068
16535	368	47	20447	394	0	21256
16536	343	20599	374	173	0	21489
16537	132	321	21195	135	0	21783
16538	20636	274	384	134	0	21428
16539	390	61	327	20904	0	21682
16540	21190	27	104	402	0	21723
16541	21163	29	71	393	0	21656
16542	652	33	67	20934	0	21686
16543	402	57	20538	410	0	21407
16544	163	25	353	20506	0	21047
16545	129	18	331	20426	0	20904
16546	19874	25	102	680	0	20681
16547	363	20252	111	449	0	21175
16548	355	291	86	20311	0	21043
16549	134	314	20061	424	0	20933
16550	19249	76	347	406	0	20078
16551	382	19875	363	170	0	20790
16552	386	308	102	19995	0	20791
16553	174	286	63	20085	0	20608
16554	147	54	78	20443	0	20722
16555	19745	24	82	701	0	20552
16556	20119	30	77	440	0	20666
16557	685	26	63	20068	0	20842
16558	415	58	19916	436	0	20825
16559	140	19919	374	404	0	20837
16560	19926	318	325	171	0	20740
16561	20272	287	89	147	0	20795
16562	688	53	69	19930	0	20740
16563	435	32	69	20334	0	20870
16564	156	47	20168	699	0	21070
16565	111	20256	381	455	0	21203
16566	20696	321	345	172	0	21534
16567	20257	316	108	139	0	20820
16568	649	20133	117	135	0	21034
16569	20089	305	66	125	0	20585
16570	425	283	60	19792	0	20560
16571	357	101	19694	407	0	20559
16572	169	42	340	19958	0	20509
16573	114	65	19771	457	0	20407
16574	19116	39	382	364	0	19901
16575	366	19217	353	162	0	20098
16576	315	337	83	18049	0	18784
16577	137	269	18044	345	0	18795
16578	87	81	17428	297	0	17893
16579	16026	97	464	141	0	16728
16580	252	16212	290	98	0	16852
16581	13566	182	294	69	0	14111
16582	13165	116	99	65	0	13445
16583	13151	26	39	48	0	13264
16584	258	40	49	12892	0	13239
16585	153	35	12853	156	0	13197
16586	44	12872	132	125	0	13173
16587	76	185	139	12584	0	12984
16588	52	120	12667	136	0	12975
16589	36	30	11789	94	0	11949
16590	22	45	153	11489	0	11709
16591	24	23	11429	107	0	11583
16592	10807	4	106	101	0	11018
16593	96	16	78	11406	0	11596
16594	86	14	18	11612	0	11730
16595	11462	12	24	166	0	11664
16596	92	11389	31	90	0	11602
16597	11789	74	21	48	0	11932
16598	98	75	22	11692	0	11887
16599	91	18	16	11808	0	11933
16600	34	15	20	11900	0	11969
16601	31	16	16	11647	0	11710
16602	11373	9	20	169	0	11571
16603	95	30	11440	94	0	11659
16604	86	11315	98	31	0	11530
16605	37	75	67	11308	0	11487
16606	11207	70	22	95	0	11394
16607	11302	14	17	87	0	11420
16608	138	11338	22	47	0	11545
16609	11062	73	25	38	0	11198
16610	90	11221	24	26	0	11361
16611	71	11572	26	32	0	11701
16612	46	148	21	11525	0	11740
16613	39	74	11685	93	0	11891
16614	24	53	79	11369	0	11525
16615	11081	17	60	94	0	11252
16616	79	11010	31	64	0	11184
16617	70	72	14	11028	0	11184
16618	24	77	11771	90	0	11962
16619	11673	14	69	99	0	11855
16620	12149	15	63	47	0	12274
16621	12279	12	18	34	0	12343
16622	128	37	12048	26	0	12239
16623	11634	16	71	32	0	11753
16624	84	12026	74	23	0	12207
16625	68	70	16	11517	0	11671
16626	31	11959	30	64	0	12084
16627	11998	77	15	68	0	12158
16628	11669	54	12	44	0	11779
16629	118	27	12234	26	0	12405
16630	57	12216	74	26	0	12373
16631	30	60	62	12086	0	12238
16632	20	49	24	12121	0	12214
16633	33	17	14	12074	0	12138
16634	25	20	16	12215	0	12276
16635	29	17	10	12321	0	12377
16636	23	34	11861	127	0	12045
16637	22	11789	90	84	0	11985
16638	11664	73	59	36	0	11832
16639	86	81	12123	37	0	12327
16640	81	12388	88	30	0	12587
16641	12429	81	69	30	0	12609
16642	92	82	13045	29	0	13248
16643	12649	13	100	41	0	12803
16644	12671	23	84	34	0	12812
16645	12941	19	20	26	0	13006
16646	144	12995	30	38	0	13207
16647	104	112	12799	24	0	13039
16648	26	13202	109	27	0	13364
16649	67	129	84	11281	0	11561
16650	34	13218	22	72	0	13346
16651	13129	87	25	75	0	13316
16652	13568	74	17	39	0	13698
16653	13401	14	11	47	0	13473
16654	180	41	13690	30	0	13941
16655	98	14205	113	33	0	14449
16656	39	120	92	14999	0	15250
16657	16391	102	15	151	0	16659
16658	184	16452	35	161	0	16832
16659	196	190	12	16429	0	16827
16660	40	200	16952	195	0	17387
16661	16869	33	191	182	0	17275
16662	232	51	18196	38	0	18517
16663	200	32	18722	23	0	18977
16664	17550	27	420	32	0	18029
16665	270	42	18179	35	0	18526
16666	17268	14	271	21	0	17574
16667	244	17434	239	27	0	17944
16668	18040	225	46	41	0	18352
16669	264	202	24	18058	0	18548
16670	235	40	24	18165	0	18464
16671	54	22	24	18423	0	18523
16672	18094	15	21	453	0	18583
16673	18144	15	20	249	0	18428
16674	18173	15	22	65	0	18275
16675	447	17845	31	36	0	18359
16676	261	229	13	17941	0	18444
16677	73	218	17854	244	0	18389
16678	49	38	230	17442	0	17759
16679	33	17451	223	265	0	17972
16680	63	232	36	17473	0	17804
16681	60	204	23	17523	0	17810
16682	17408	42	25	458	0	17933
16683	273	32	27	17611	0	17943
16684	240	29	17527	282	0	18078
16685	61	45	17506	239	0	17851
16686	64	24	433	17434	0	17955
16687	17450	24	247	269	0	17990
16688	281	22	60	17560	0	17923
16689	273	14	44	17828	0	18159
16690	80	42	17731	457	0	18310
16691	54	17680	271	275	0	18280
16692	65	233	233	17632	0	18163
16693	17402	218	63	279	0	17962
16694	265	17438	56	268	0	18027
16695	255	246	36	17547	0	18084
16696	79	249	17510	285	0	18123
16697	69	45	258	17360	0	17732
16698	17061	35	239	304	0	17639
16699	271	16966	75	271	0	17583
16700	268	252	17165	99	0	17784
16701	92	225	252	17041	0	17610
16702	68	79	17483	286	0	17916
16703	16954	45	276	276	0	17551
16704	17293	42	248	102	0	17685
16705	485	53	17292	84	0	17914
16706	298	41	277	17158	0	17774
16707	120	56	17658	295	0	18129
16708	74	17463	328	293	0	18158
16709	87	256	273	17586	0	18202
16710	78	262	17624	301	0	18265
16711	90	106	297	16662	0	17155
16712	75	17160	293	286	0	17814
16713	85	248	82	17278	0	17693
16714	76	249	17096	320	0	17741
16715	16447	61	288	285	0	17081
16716	275	17062	288	111	0	17736
16717	17386	261	81	119	0	17847
16718	313	255	16666	92	0	17326
16719	16340	58	274	112	0	16784
16720	327	72	16642	90	0	17131
16721	16364	61	315	106	0	16846
16722	16833	39	255	110	0	17237
16723	492	52	93	16596	0	17233
16724	302	46	61	16848	0	17257
16725	16711	53	74	496	0	17334
16726	304	16828	77	335	0	17544
16727	17097	261	85	114	0	17557
16728	330	237	78	16619	0	17264
16729	271	16681	97	338	0	17387
16730	142	261	82	17140	0	17625
16731	97	236	73	17315	0	17721
16732	86	66	78	17154	0	17384
16733	78	16951	105	545	0	17679
16734	16903	264	56	332	0	17555
16735	317	236	67	16922	0	17542
16736	275	73	16761	333	0	17442
16737	86	76	16600	308	0	17070
16738	76	52	16893	148	0	17169
16739	16128	41	512	113	0	16794
16740	16338	42	309	116	0	16805
16741	474	72	16159	101	0	16806
16742	278	59	269	15188	0	15794
16743	93	38	261	15644	0	16036
16744	74	46	15960	458	0	16538
16745	66	76	15977	284	0	16403
16746	93	41	442	15943	0	16519
16747	15827	42	267	290	0	16426
16748	15587	31	102	274	0	15994
16749	15638	38	68	116	0	15860
16750	447	15444	95	97	0	16083
16751	257	15621	99	84	0	16061
16752	116	391	66	15246	0	15819
16753	15135	205	90	255	0	15685
16754	245	78	14883	234	0	15440
16755	13677	50	244	105	0	14076
16756	212	13401	185	79	0	13877
16757	121	12093	46	43	0	12303
16758	11783	196	68	42	0	12089
16759	137	11870	42	35	0	12084
16760	96	11227	36	30	0	11389
16761	10446	317	232	150	0	11145
16762	66	10514	26	22	0	10628
16763	47	49	18	9961	0	10075
16764	16	40	8	9988	0	10052
16765	9904	11	10	80	0	10005
16766	9854	6	10	44	0	9914
16767	71	10026	12	25	0	10134
16768	41	9990	18	13	0	10062
16769	14	75	9844	9	0	9942
16770	9791	47	61	12	0	9911
16771	10293	12	35	14	0	10354
16772	10565	6	7	20	0	10598
16773	89	3	9	10684	0	10785
16774	52	3	4	11071	0	11130
16775	11300	4	6	97	0	11407
16776	77	7	4	11399	0	11487
16777	50	25	11480	72	0	11627
16778	24	9	67	11545	0	11645
16779	8	12012	52	77	0	12149
16780	11	79	7	12217	0	12314
16781	19	45	7	12489	0	12560
16782	17	7	4	12571	0	12599
16783	12310	6	6	145	0	12467
16784	69	12350	12	72	0	12503
16785	66	76	6	12524	0	12672
16786	12	74	12536	87	0	12709
16787	15	16	12173	74	0	12278
16788	15	15	131	12316	0	12477
16789	20	10	63	12348	0	12441
16790	12186	2	11	149	0	12348
16791	88	10	5	11944	0	12047
16792	63	11986	17	93	0	12159
16793	21	79	12352	77	0	12529
16794	14	84	75	12436	0	12609
16795	21	25	12704	87	0	12837
16796	18	9	85	12584	0	12696
16797	12592	10	71	97	0	12770
16798	12686	9	15	80	0	12790
16799	143	12706	21	29	0	12899
16800	87	79	8	12345	0	12519
16801	12926	65	14	92	0	13097
16802	12960	15	9	79	0	13063
16803	13065	11	14	29	0	13119
16804	13115	9	10	25	0	13159
16805	12936	7	13	27	0	12983
16806	146	12793	14	24	0	12977
16807	12692	72	11	15	0	12790
16808	98	61	12635	10	0	12804
16809	73	12	72	12490	0	12647
16810	12674	8	55	78	0	12815
16811	12644	7	10	68	0	12729
16812	12588	4	9	23	0	12624
16813	138	17	12635	17	0	12807
16814	79	10	66	12705	0	12860
16815	13032	8	56	92	0	13188
16816	76	13100	22	71	0	13269
16817	13407	67	5	44	0	13523
16818	13162	55	9	33	0	13259
16819	13285	16	14	25	0	13340
16820	139	11	5	13379	0	13534
16821	13521	13	11	82	0	13627
16822	99	20	13466	80	0	13665
16823	72	18	13367	32	0	13489
16824	13160	9	123	46	0	13338
16825	90	19	13639	18	0	13766
16826	12622	12	74	34	0	12742
16827	79	20	13444	25	0	13568
16828	62	31	75	13087	0	13255
16829	12967	7	59	88	0	13121
16830	67	12880	17	68	0	13032
16831	13208	60	16	35	0	13319
16832	71	13165	17	19	0	13272
16833	61	13626	16	30	0	13733
16834	36	96	12	13772	0	13916
16835	24	45	16	13771	0	13856
16836	24	7	14	13749	0	13794
16837	25	17	13510	116	0	13668
16838	13030	11	62	91	0	13194
16839	14005	8	58	38	0	14109
16840	14093	8	10	32	0	14143
16841	14114	13	7	22	0	14156
16842	14060	8	29	28	0	14125
16843	139	24	13649	16	0	13828
16844	75	21	13501	22	0	13619
16845	36	8	109	13721	0	13874
16846	31	20	13787	81	0	13919
16847	13306	10	72	81	0	13469
16848	95	14650	68	25	0	14838
16849	86	81	12	15442	0	15621
16850	15806	65	14	105	0	15990
16851	138	14	14	16301	0	16467
16852	105	29	16586	119	0	16839
16853	46	28	16734	87	0	16895
16854	38	7	183	17182	0	17410
16855	33	23	17323	130	0	17509
16856	16659	10	126	104	0	16899
16857	138	15	93	17244	0	17490
16858	106	38	17302	145	0	17591
16859	41	17510	136	103	0	17790
16860	37	111	98	17893	0	18139
16861	42	102	18001	151	0	18296
16862	42	19	123	17578	0	17762
16863	43	19	92	17927	0	18081
16864	29	35	18104	223	0	18391
16865	38	13	134	18019	0	18204
16866	46	10	113	17856	0	18025
16867	33	12	31	18089	0	18165
16868	17644	9	19	240	0	17912
16869	133	17629	32	124	0	17918
16870	122	17871	34	53	0	18080
16871	44	228	17550	39	0	17861
16872	16449	110	128	52	0	16739
16873	132	39	17418	23	0	17612
16874	101	29	17025	19	0	17174
16875	42	34	176	16545	0	16797
16876	16683	6	110	120	0	16919
16877	111	16805	44	117	0	17077
16878	16739	90	30	51	0	16910
16879	16305	88	19	34	0	16446
16880	166	16719	25	26	0	16936
16881	16561	97	38	34	0	16730
16882	16298	69	36	25	0	16428
16883	149	16764	35	25	0	16973
16884	100	98	16	16888	0	17102
16885	46	78	29	17096	0	17249
16886	17349	12	22	179	0	17562
16887	100	17748	25	131	0	18004
16888	18127	101	13	56	0	18297
16889	18212	89	18	43	0	18362
16890	19008	15	19	39	0	19081
16891	218	15	14	19001	0	19248
16892	144	16	17	19218	0	19395
16893	19092	12	15	246	0	19365
16894	19340	18	17	141	0	19516
16895	19439	13	17	59	0	19528
16896	272	19	11	19908	0	20210
16897	164	31	20086	160	0	20441
16898	61	19	155	20496	0	20731
16899	45	14	154	22010	0	22223
16900	39	26	22015	345	0	22425
16901	37	35	23482	232	0	23786
16902	51	17	405	23833	0	24306
16903	45	37	24294	279	0	24655
16904	24155	14	280	273	0	24722
16905	266	18	262	24586	0	25132
16906	272	22	53	24928	0	25275
16907	25166	16	34	527	0	25743
16908	285	16	37	25260	0	25598
16909	291	21	23	25377	0	25712
16910	86	13	27	25600	0	25726
16911	56	24	31	25663	0	25774
16912	49	36	24981	566	0	25632
16913	52	21	252	25171	0	25496
16914	69	33	24794	338	0	25234
16915	54	24907	298	349	0	25608
16916	66	262	262	24753	0	25343
16917	46	285	24477	332	0	25140
16918	22890	44	279	348	0	23561
16919	304	24335	296	93	0	25028
16920	24567	266	68	102	0	25003
16921	322	263	59	23677	0	24321
16922	301	24044	79	317	0	24741
16923	24119	271	48	315	0	24753
16924	310	24417	45	108	0	24880
16925	24523	288	44	98	0	24953
16926	349	280	49	24071	0	24749
16927	24512	59	42	314	0	24927
16928	332	24614	60	337	0	25343
16929	24732	278	58	123	0	25191
16930	359	297	24430	116	0	25202
16931	324	60	298	24502	0	25184
16932	24296	34	292	361	0	24983
16933	24442	28	72	361	0	24903
16934	568	39	57	24190	0	24854
16935	350	64	24253	402	0	25069
16936	122	23650	324	353	0	24449
16937	107	24472	310	138	0	25027
16938	24393	548	98	137	0	25176
16939	359	290	71	24201	0	24921
16940	349	65	72	24371	0	24857
16941	24055	45	58	628	0	24786
16942	23969	34	83	382	0	24468
16943	590	78	24145	152	0	24965
16944	375	46	325	24080	0	24826
16945	114	69	24149	407	0	24739
16946	120	23814	360	371	0	24665
16947	22943	291	318	164	0	23716
16948	308	23257	112	151	0	23828
16949	294	22838	103	142	0	23377
16950	232	509	74	22176	0	22991
16951	21580	264	68	359	0	22271
16952	288	21574	87	345	0	22294
16953	21370	267	68	154	0	21859
16954	306	21194	92	136	0	21728
16955	324	279	60	21105	0	21768
16956	20963	271	65	343	0	21642
16957	321	114	21202	322	0	21959
16958	332	133	267	20937	0	21669
16959	125	94	20926	369	0	21514
16960	126	20036	313	331	0	20806
16961	107	20522	288	163	0	21080
16962	20002	515	104	162	0	20783
16963	288	20426	90	155	0	20959
16964	20367	293	90	160	0	20910
16965	20445	285	79	125	0	20934
16966	523	108	20215	130	0	20976
16967	19916	90	278	134	0	20418
16968	350	110	20672	131	0	21263
16969	308	20512	309	139	0	21268
16970	20496	273	281	116	0	21166
16971	344	20588	109	131	0	21172
16972	353	307	61	20411	0	21132
16973	20491	283	65	346	0	21185
16974	373	96	61	20584	0	21114
16975	338	108	20638	362	0	21446
16976	159	91	264	20648	0	21162
16977	153	88	256	20773	0	21270
16978	20443	87	93	551	0	21174
16979	342	118	20412	370	0	21242
16980	20404	91	310	130	0	20935
16981	20949	102	254	145	0	21450
16982	584	97	93	20886	0	21660
16983	368	87	65	20891	0	21411
16984	20458	75	65	547	0	21145
16985	378	20662	96	315	0	21451
16986	384	317	52	20211	0	20964
16987	126	287	19807	317	0	20537
16988	138	107	19228	296	0	19769
16989	110	19624	473	105	0	20312
16990	160	293	240	18736	0	19429
16991	132	255	57	18889	0	19333
16992	18527	85	55	452	0	19119
16993	317	91	45	18456	0	18909
16994	17889	73	43	293	0	18298
16995	308	17674	57	251	0	18290
16996	223	17551	65	83	0	17922
16997	103	17813	54	88	0	18058
16998	16918	396	149	143	0	17606
16999	15345	223	121	73	0	15762
17000	293	15133	54	64	0	15544
17001	13170	92	60	36	0	13358
17002	105	12996	29	20	0	13150
17003	70	106	10	12437	0	12623
17004	20	12674	32	91	0	12817
17005	12624	116	27	90	0	12857
17006	12582	74	15	30	0	12701
17007	148	22	13	12218	0	12401
17008	12266	20	8	105	0	12399
17009	106	16	8	12221	0	12351
17010	62	12507	25	100	0	12694
17011	33	135	6	12429	0	12603
17012	26	12584	23	91	0	12724
17013	12416	87	7	62	0	12572
17014	94	78	12255	23	0	12450
17015	11398	18	71	21	0	11508
17016	83	22	40	12060	0	12205
17017	56	30	12061	73	0	12220
17018	11528	10	72	64	0	11674
17019	81	52	12453	22	0	12608
17020	64	8	67	12179	0	12318
17021	20	22	38	12483	0	12563
17022	25	13	9	12343	0	12390
17023	29	19	6	12435	0	12489
17024	13	12403	23	127	0	12566
17025	35	70	7	12939	0	13051
17026	12867	45	18	104	0	13034
17027	87	30	12917	65	0	13099
17028	55	13534	90	26	0	13705
17029	13849	90	50	35	0	14024
17030	14681	67	13	30	0	14791
17031	200	19	12	16605	0	16836
17032	108	46	16735	176	0	17065
17033	43	30	164	16616	0	16853
17034	45	20	123	17814	0	18002
17035	38	27	17958	326	0	18349
17036	14	19133	214	193	0	19554
17037	19754	239	162	71	0	20226
17038	20076	192	31	61	0	20360
17039	20576	46	30	49	0	20701
17040	469	24	28	20271	0	20792
17041	269	21	16	20942	0	21248
17042	21331	21	16	457	0	21825
17043	302	29	18	20237	0	20586
17044	247	21211	44	295	0	21797
17045	22136	252	7	255	0	22650
17046	22683	236	26	80	0	23025
17047	23841	45	15	77	0	23978
17048	23979	36	16	57	0	24088
17049	613	41	23178	50	0	23882
17050	363	57	23249	49	0	23718
17051	132	20	541	22928	0	23621
17052	108	24	291	23402	0	23825
17053	83	38	23245	554	0	23920
17054	67	42	23314	327	0	23750
17055	85	31	550	22979	0	23645
17056	23155	21	311	334	0	23821
17057	358	26	86	23046	0	23516
17058	318	38	23343	370	0	24069
17059	112	23571	338	329	0	24350
17060	23801	292	287	127	0	24507
17061	24092	253	91	101	0	24537
17062	24291	58	71	93	0	24513
17063	24249	42	62	85	0	24438
17064	645	58	23401	73	0	24177
17065	375	37	325	23377	0	24114
17066	23584	32	294	340	0	24250
17067	414	32	91	23695	0	24232
17068	379	24	68	22616	0	23087
17069	155	23032	73	584	0	23844
17070	128	300	53	23275	0	23756
17071	22848	264	69	393	0	23574
17072	368	22998	88	351	0	23805
17073	22959	327	64	137	0	23487
17074	425	23086	71	118	0	23700
17075	372	351	53	21367	0	22143
17076	147	22434	88	332	0	23001
17077	117	22962	87	315	0	23481
17078	22478	549	82	148	0	23257
17079	400	333	22397	114	0	23244
17080	349	126	22124	116	0	22715
17081	156	103	21880	126	0	22265
17082	20528	91	603	129	0	21351
17083	365	21462	365	129	0	22321
17084	358	21802	146	124	0	22430
17085	20992	559	100	104	0	21755
17086	404	21362	106	107	0	21979
17087	370	21723	106	109	0	22308
17088	184	581	83	21650	0	22498
17089	168	363	21683	369	0	22583
17090	174	168	21844	345	0	22531
17091	179	103	562	21781	0	22625
17092	21681	102	345	389	0	22517
17093	389	21935	180	359	0	22863
17094	395	344	113	22033	0	22885
17095	199	350	21912	391	0	22852
17096	199	140	21604	388	0	22331
17097	196	122	567	21429	0	22314
17098	21509	116	356	387	0	22368
17099	21621	104	144	383	0	22252
17100	670	122	21450	176	0	22418
17101	21301	109	372	167	0	21949
17102	468	123	21845	156	0	22592
17103	468	104	410	19870	0	20852
17104	242	21533	383	355	0	22513
17105	21904	339	148	339	0	22730
17106	449	330	152	21904	0	22835
17107	439	136	167	21848	0	22590
17108	213	98	159	22474	0	22944
17109	214	83	146	22446	0	22889
17110	186	109	21542	676	0	22513
17111	193	21417	421	425	0	22456
17112	182	342	378	21463	0	22365
17113	21445	312	172	435	0	22364
17114	445	119	143	21700	0	22407
17115	395	103	165	21745	0	22408
17116	182	122	21325	674	0	22303
17117	182	122	20938	449	0	21691
17118	180	21027	626	206	0	22039
17119	182	21204	409	211	0	22006
17120	190	556	155	21067	0	21968
17121	20972	352	160	412	0	21896
17122	392	182	21072	423	0	22069
17123	377	21166	416	203	0	22162
17124	263	357	329	19644	0	20593
17125	158	20807	147	375	0	21487
17126	181	389	104	19477	0	20151
17127	147	20427	142	389	0	21105
17128	183	372	107	19563	0	20225
17129	18762	290	109	367	0	19528
17130	298	18047	112	325	0	18782
17131	208	466	65	15538	0	16277
17132	15157	188	93	242	0	15680
17133	201	15320	74	227	0	15822
17134	162	13986	61	89	0	14298
17135	107	14005	70	89	0	14271
17136	214	343	178	12162	0	12897
17137	44	116	77	11877	0	12114
17138	35	11763	36	159	0	11993
17139	36	122	24	11647	0	11829
17140	37	99	11589	114	0	11839
17141	25	11452	79	98	0	11654
17142	28	663	64	10209	0	10964
17143	26	10989	31	80	0	11126
17144	47	97	10297	73	0	10514
17145	16	10351	89	25	0	10481
17146	8854	141	82	87	0	9164
17147	45	35	22	8755	0	8857
17148	8722	5	6	39	0	8772
17149	40	11	8748	21	0	8820
17150	23	8	30	8789	0	8850
17151	5	15	9002	37	0	9059
17152	6	11	31	9004	0	9052
17153	9343	5	20	42	0	9410
17154	31	5	5	9349	0	9390
17155	9403	5	4	42	0	9454
17156	26	9573	6	31	0	9636
17157	9356	27	7	26	0	9416
17158	34	27	9691	18	0	9770
17159	22	9822	39	12	0	9895
17160	8	26	18	9850	0	9902
17161	18	25	3	9820	0	9866
17162	10	20	9678	42	0	9750
17163	5	9710	31	41	0	9787
17164	14	27	21	9755	0	9817
17165	11	9878	12	26	0	9927
17166	6	27	3	9717	0	9753
17167	4	9797	10	32	0	9843
17168	9620	28	8	27	0	9683
17169	28	25	7	9820	0	9880
17170	25	14	9878	41	0	9958
17171	6	9958	23	31	0	10018
17172	7	10184	22	13	0	10226
17173	19	51	10005	14	0	10089
17174	6	10109	28	13	0	10156
17175	11	28	12	10009	0	10060
17176	9	22	10228	23	0	10282
17177	10	10	20	10075	0	10115
17178	5	4	16	10370	0	10395
17179	3	26	10364	38	0	10431
17180	9520	7	22	34	0	9583
17181	20	9	14	10608	0	10651
17182	23	12	11219	34	0	11288
17183	3	11364	29	23	0	11419
17184	11381	20	17	19	0	11437
17185	22	11411	14	6	0	11453
17186	20	22	7	11419	0	11468
17187	11235	16	3	36	0	11290
17188	22	9	2	11161	0	11194
17189	20	17	11447	31	0	11515
17190	11	8	26	11277	0	11322
17191	12	24	11367	28	0	11431
17192	10761	0	30	32	0	10823
17193	30	18	11408	9	0	11465
17194	11292	4	24	21	0	11341
17195	11535	11	20	26	0	11592
17196	39	13	11817	16	0	11885
17197	27	22	11579	8	0	11636
17198	8	11995	47	7	0	12057
17199	12303	32	23	25	0	12383
17200	33	19	10	12564	0	12626
17201	23	8	3	12617	0	12651
17202	13097	2	6	78	0	13183
17203	13302	3	7	44	0	13356
17204	13299	5	4	24	0	13332
17205	13230	7	8	31	0	13276
17206	50	7	5	13125	0	13187
17207	13287	1	11	45	0	13344
17208	29	9	5	13328	0	13371
17209	24	2	5	13299	0	13330
17210	10	2	7	13422	0	13441
17211	13	25	13230	51	0	13319
17212	8	13160	29	37	0	13234
17213	7	13297	26	17	0	13347
17214	8	36	13	13350	0	13407
17215	13365	20	6	40	0	13431
17216	28	8	7	13339	0	13382
17217	13244	7	6	46	0	13303
17218	30	18	13758	34	0	13840
17219	13327	7	32	20	0	13386
17220	35	9	16	14164	0	14224
17221	14484	8	6	59	0	14557
17222	14297	2	7	52	0	14358
17223	14460	7	9	27	0	14503
17224	63	3	3	14469	0	14538
17225	33	16	14454	45	0	14548
17226	23	6	35	14426	0	14490
17227	14633	2	23	60	0	14718
17228	41	33	16117	29	0	16220
17229	41	6	41	16888	0	16976
17230	17363	9	31	68	0	17471
17231	55	27	17794	44	0	17920
17232	18243	11	52	44	0	18350
17233	18990	8	46	25	0	19069
17234	119	3	12	19168	0	19302
17235	67	8	7	19379	0	19461
17236	19440	3	7	142	0	19592
17237	83	7	3	20079	0	20172
17238	19932	4	11	132	0	20079
17239	108	20348	33	79	0	20568
17240	63	20529	26	31	0	20649
17241	28	166	4	20432	0	20630
17242	13	98	20817	104	0	21032
17243	12	20907	110	68	0	21097
17244	20464	103	67	51	0	20685
17245	93	20578	35	41	0	20747
17246	68	132	20551	14	0	20765
17247	31	68	96	20485	0	20680
17248	15	46	21018	111	0	21190
17249	7	21374	123	80	0	21584
17250	22	102	62	20942	0	21128
17251	11	21095	43	98	0	21247
17252	22	122	21079	63	0	21286
17253	20	68	107	20742	0	20937
17254	24	59	21172	98	0	21353
17255	23	14	105	20919	0	21061
17256	20912	3	67	150	0	21132
17257	106	43	20826	71	0	21046
17258	19506	10	106	54	0	19676
17259	124	31	20445	27	0	20627
17260	70	14	110	20340	0	20534
17261	38	40	21380	116	0	21574
17262	26	7	121	21359	0	21513
17263	25	11	66	21609	0	21711
17264	27	11	22	21458	0	21518
17265	17	11	14	21693	0	21735
17266	20	49	22542	187	0	22798
17267	21538	8	110	122	0	21778
17268	108	15	62	23797	0	23982
17269	23896	13	36	140	0	24085
17270	24345	15	12	113	0	24485
17271	24783	14	24	67	0	24888
17272	207	17	12	25119	0	25355
17273	112	10	22	25118	0	25262
17274	19	28190	63	204	0	28476
17275	30630	214	29	145	0	31018
17276	32351	161	22	70	0	32604
17277	32768	46	23	71	0	32908
17278	578	58	32904	59	0	33599
17279	321	26	322	32637	0	33306
17280	88	73	32949	342	0	33452
17281	32113	23	365	266	0	32767
17282	32709	20	254	104	0	33087
17283	586	34	70	32247	0	32937
17284	342	30	47	30788	0	31207
17285	107	32795	76	535	0	33513
17286	32924	338	43	271	0	33576
17287	32840	243	37	110	0	33230
17288	600	32856	81	70	0	33607
17289	33179	328	42	84	0	33633
17290	430	253	41	33063	0	33787
17291	314	65	29	33388	0	33796
17292	33339	35	38	605	0	34017
17293	383	70	33138	332	0	33923
17294	32884	26	336	132	0	33378
17295	33200	30	257	103	0	33590
17296	598	32795	90	88	0	33571
17297	33222	335	37	93	0	33687
17298	457	313	32771	63	0	33604
17299	349	74	341	32595	0	33359
17300	32680	37	270	376	0	33363
17301	443	31	83	32739	0	33296
17302	349	67	31991	420	0	32827
17303	150	43	376	31034	0	31603
17304	115	33280	306	441	0	34142
17305	137	351	97	33894	0	34479
17306	158	270	49	34391	0	34868
17307	139	69	52	34263	0	34523
17308	108	45	36	34480	0	34669
17309	87	99	33808	707	0	34701
17310	117	60	351	34085	0	34613
17311	33749	42	268	501	0	34560
17312	419	33731	119	386	0	34655
17313	354	350	43	34400	0	35147
17314	153	342	34636	466	0	35597
17315	135	76	361	34955	0	35527
17316	35039	58	282	503	0	35882
17317	35186	60	83	385	0	35714
17318	34661	41	64	156	0	34922
17319	749	39	59	34458	0	35305
17320	443	98	34338	445	0	35324
17321	208	34019	419	344	0	34990
17322	34224	369	319	190	0	35102
17323	497	276	131	33992	0	34896
17324	439	113	88	34204	0	34844
17325	236	106	34001	701	0	35044
17326	191	33634	422	427	0	34674
17327	162	34243	368	209	0	34982
17328	210	716	145	32226	0	33297
17329	171	365	31829	464	0	32829
17330	29348	122	380	455	0	30305
17331	457	125	31024	212	0	31818
17332	29182	83	369	220	0	29854
17333	466	31618	319	205	0	32608
17334	364	373	31323	178	0	32238
17335	30221	277	376	194	0	31068
17336	458	31147	334	140	0	32079
17337	31991	350	103	183	0	32627
17338	481	306	32160	169	0	33116
17339	371	32229	364	157	0	33121
17340	32621	306	277	162	0	33366
17341	462	334	32422	148	0	33366
17342	32329	92	335	149	0	32905
17343	492	78	301	32385	0	33256
17344	32740	78	119	406	0	33343
17345	490	76	116	32709	0	33391
17346	32641	69	95	468	0	33273
17347	455	132	32989	376	0	33952
17348	371	70	346	33200	0	33987
17349	182	66	301	33224	0	33773
17350	135	138	33237	661	0	34171
17351	164	91	351	33057	0	33663
17352	123	30552	378	519	0	31572
17353	124	336	120	35287	0	35867
17354	141	260	115	36622	0	37138
17355	146	109	81	39854	0	40190
17356	142	147	39476	886	0	40651
17357	37862	72	516	590	0	39040
17358	589	75	429	42481	0	43574
17359	532	138	43751	643	0	45064
17360	42769	71	640	583	0	44063
17361	44727	72	524	231	0	45554
17362	46086	82	151	222	0	46541
17363	1244	85	125	45773	0	47227
17364	766	78	118	50561	0	51523
17365	335	79	127	49004	0	49545
17366	203	50250	184	1431	0	52068
17367	50086	760	121	812	0	51779
17368	49620	636	121	318	0	50695
17369	1472	184	118	49283	0	51057
17370	897	154	48701	903	0	50655
17371	409	149	48932	789	0	50279
17372	169	47510	1443	264	0	49386
17373	155	48250	803	599	0	49807
17374	43986	1466	523	445	0	46420
17375	671	43888	164	135	0	44858
17376	42720	616	124	102	0	43562
17377	42526	458	44	91	0	43119
17378	42660	82	42	84	0	42868
17379	1113	44	30	42137	0	43324
17380	612	36	41	44252	0	44941
17381	44886	25	35	1089	0	46035
17382	694	39	25	46225	0	46983
17383	573	88	45880	727	0	47268
17384	46010	36	652	597	0	47295
17385	759	46	530	46110	0	47445
17386	632	44	88	46866	0	47630
17387	189	40	49	47577	0	47855
17388	113	104	46165	1288	0	47670
17389	43116	33	692	734	0	44575
17390	765	92	46255	187	0	47299
17391	662	48	748	45590	0	47048
17392	189	114	46679	737	0	47719
17393	152	57	777	45754	0	46740
17394	145	62	604	46525	0	47336
17395	151	117	47243	1285	0	48796
17396	226	81	751	43281	0	44339
17397	139	47349	673	760	0	48921
17398	47112	707	124	642	0	48585
17399	47820	600	76	211	0	48707
17400	1381	103	78	47384	0	48946
17401	782	124	47697	864	0	49467
17402	239	46547	810	728	0	48324
17403	163	47978	664	244	0	49049
17404	45849	1237	167	222	0	47475
17405	842	692	45576	162	0	47272
17406	45686	130	746	215	0	46777
17407	893	67	666	45487	0	47113
17408	728	74	175	46283	0	47260
17409	44859	72	119	1389	0	46439
17410	790	45134	180	842	0	46946
17411	734	772	45684	302	0	47492
17412	248	600	800	44975	0	46623
17413	215	164	46317	898	0	47594
17414	169	45365	934	771	0	47239
17415	193	738	658	45335	0	46924
17416	45224	615	231	890	0	46960
17417	45734	147	172	802	0	46855
17418	1388	166	45166	324	0	47044
17419	803	45176	892	248	0	47119
17420	44729	738	682	283	0	46432
17421	856	45551	277	238	0	46922
17422	825	826	164	44384	0	46199
17423	44946	660	165	852	0	46623
17424	944	188	128	45466	0	46726
17425	789	158	44702	969	0	46618
17426	332	131	802	45280	0	46545
17427	264	214	45325	963	0	46766
17428	293	122	863	44936	0	46214
17429	44533	116	717	1013	0	46379
17430	863	44635	329	835	0	46662
17431	44997	753	209	376	0	46335
17432	960	676	177	44263	0	46076
17433	807	194	196	44438	0	45635
17434	273	234	42758	1456	0	44721
17435	273	202	44208	830	0	45513
17436	249	43888	1417	388	0	45942
17437	296	823	43556	289	0	44964
17438	40442	693	945	280	0	42360
17439	874	42535	846	309	0	44564
17440	756	43171	343	292	0	44562
17441	321	43805	243	282	0	44651
17442	313	1434	173	42429	0	44349
17443	238	829	43180	950	0	45197
17444	274	43373	936	841	0	45424
17445	359	856	724	39214	0	41153
17446	246	43809	329	857	0	45241
17447	42385	852	208	750	0	44195
17448	42947	691	188	383	0	44209
17449	1446	249	216	42311	0	44222
17450	866	137	188	42456	0	43647
17451	40826	144	240	1481	0	42691
17452	863	40289	258	907	0	42317
17453	751	40800	269	347	0	42167
17454	415	1531	230	38030	0	40206
17455	229	603	35556	754	0	37142
17456	127	35006	717	675	0	36525
17457	32421	674	690	243	0	34028
17458	569	31928	264	192	0	32953
17459	462	30893	210	186	0	31751
17460	29060	854	292	144	0	30350
17461	459	29879	168	199	0	30705
17462	501	537	28633	154	0	29825
17463	165	28585	513	144	0	29407
17464	23444	413	502	103	0	24462
17465	254	23378	100	59	0	23791
17466	22866	282	137	64	0	23349
17467	278	239	62	22532	0	23111
17468	248	80	41	22999	0	23368
17469	86	78	23052	444	0	23660
17470	60	23155	259	242	0	23716
17471	77	268	211	23188	0	23744
17472	23112	222	68	280	0	23682
17473	23037	72	42	247	0	23398
17474	417	23382	81	94	0	23974
17475	247	291	48	23177	0	23763
17476	23244	240	41	280	0	23805
17477	23367	72	66	248	0	23753
17478	460	96	22850	81	0	23487
17479	277	92	21691	54	0	22114
17480	93	75	21435	58	0	21661
17481	32	20504	343	50	0	20929
17482	19161	211	318	30	0	19720
17483	173	19132	43	25	0	19373
17484	18721	180	60	61	0	19022
17485	157	19555	46	37	0	19795
17486	136	157	19	19692	0	20004
17487	19787	118	28	153	0	20086
17488	154	62	20003	118	0	20337
17489	19479	29	143	40	0	19691
17490	20060	36	113	43	0	20252
17491	238	20200	56	23	0	20517
17492	106	20342	37	31	0	20516
17493	20731	243	69	46	0	21089
17494	155	151	21393	31	0	21730
17495	20058	108	176	39	0	20381
17496	20539	31	106	28	0	20704
17497	213	27	27	20210	0	20477
17498	20693	26	15	125	0	20859
17499	155	28	10	20906	0	21099
17500	118	28	11	21325	0	21482
17501	52	27	17	20810	0	20906
17502	36	20888	33	235	0	21192
17503	20987	128	24	121	0	21260
17504	21163	101	19	44	0	21327
17505	220	36	20	21098	0	21374
17506	140	34	17	20730	0	20921
17507	54	20920	38	208	0	21220
17508	20750	137	27	116	0	21030
17509	147	129	20722	49	0	21047
17510	120	35	120	20798	0	21073
17511	50	48	20544	133	0	20775
17512	62	25	129	20464	0	20680
17513	48	64	20464	134	0	20710
17514	54	34	129	19966	0	20183
17515	20009	34	94	153	0	20290
17516	153	47	20755	130	0	21085
17517	20051	28	123	65	0	20267
17518	152	21658	123	43	0	21976
17519	138	134	40	21883	0	22195
17520	59	107	30	22116	0	22312
17521	22639	40	24	246	0	22949
17522	164	31	26	23304	0	23525
17523	144	54	23751	144	0	24093
17524	22783	38	116	144	0	23081
17525	23968	34	98	79	0	24179
17526	24032	31	25	59	0	24147
17527	23994	30	27	59	0	24110
17528	254	23769	50	54	0	24127
17529	140	115	29	23877	0	24161
17530	23688	88	30	167	0	23973
17531	160	44	24	23547	0	23775
17532	23172	26	28	146	0	23372
17533	155	52	22955	118	0	23280
17534	133	50	22907	39	0	23129
17535	72	365	167	21627	0	22231
17536	52	22562	110	142	0	22866
17537	47	23063	45	114	0	23269
17538	22490	175	66	98	0	22829
17539	118	106	22669	52	0	22945
17540	20564	30	104	80	0	20778
17541	117	22365	109	46	0	22637
17542	22355	74	30	63	0	22522
17543	124	59	26	22004	0	22213
17544	94	60	22401	106	0	22661
17545	65	30	83	22246	0	22424
17546	64	23	57	22287	0	22431
17547	45	22282	54	151	0	22532
17548	40	22732	43	102	0	22917
17549	67	129	24	22464	0	22684
17550	60	22900	39	129	0	23128
17551	73	117	22509	85	0	22784
17552	57	92	22240	64	0	22453
17553	20121	38	163	65	0	20387
17554	22391	21	71	47	0	22530
17555	155	22183	56	52	0	22446
17556	81	94	25	22071	0	22271
17557	63	71	30	22229	0	22393
17558	46	60	22282	165	0	22553
17559	47	20	101	21170	0	21338
17560	49	21978	87	123	0	22237
17561	48	124	21314	82	0	21568
17562	56	79	21204	49	0	21388
17563	61	20701	160	62	0	20984
17564	58	126	21365	33	0	21582
17565	47	72	99	20905	0	21123
17566	49	49	79	19920	0	20097
17567	48	54	21554	157	0	21813
17568	58	74	89	20878	0	21099
17569	26	20842	98	128	0	21094
17570	41	21566	53	104	0	21764
17571	52	166	39	21248	0	21505
17572	59	98	21700	110	0	21967
17573	40	22089	113	100	0	22342
17574	80	146	86	21841	0	22153
17575	29	105	21571	109	0	21814
17576	19688	26	65	98	0	19877
17577	21420	20	51	53	0	21544
17578	21495	25	22	47	0	21589
17579	108	15	25	21170	0	21318
17580	68	16	33	21287	0	21404
17581	29	51	21968	124	0	22172
17582	28	21	84	21672	0	21805
17583	26	34	64	22256	0	22380
17584	29	47	22034	127	0	22237
17585	17853	28	83	109	0	18073
17586	81	20737	72	36	0	20926
17587	20673	71	26	42	0	20812
17588	74	20666	44	31	0	20815
17589	56	82	34	20760	0	20932
17590	38	79	20954	83	0	21154
17591	38	65	86	20225	0	20414
17592	28	44	20450	101	0	20623
17593	16201	28	83	113	0	16425
17594	52	50	19234	28	0	19364
17595	45	18	64	18483	0	18610
17596	22	40	19288	73	0	19423
17597	21	19674	85	53	0	19833
17598	46	68	43	20077	0	20234
17599	48	42	26	20180	0	20296
17600	33	13	20	20841	0	20907
17601	24	37	20876	165	0	21102
17602	22	34	21478	105	0	21639
17603	23	11	167	21518	0	21719
17604	27	5	90	24884	0	25006
17605	29	18	29	26465	0	26541
17606	27489	12	32	396	0	27929
17607	296	19	27	28972	0	29314
17608	206	67	31107	326	0	31706
17609	33259	25	359	257	0	33900
17610	434	17	271	35252	0	35974
17611	37438	22	84	475	0	38019
17612	38346	16	37	404	0	38803
17613	862	15	42	38346	0	39265
17614	38611	9	40	551	0	39211
17615	38704	10	49	449	0	39212
17616	886	51	38046	112	0	39095
17617	456	38299	541	84	0	39380
17618	136	473	397	36857	0	37863
17619	97	393	74	38195	0	38759
17620	37945	65	37	898	0	38945
17621	37568	25	59	507	0	38159
17622	37698	34	45	179	0	37956
17623	951	62	36056	126	0	37195
17624	492	36302	553	105	0	37452
17625	36255	472	418	111	0	37256
17626	563	36734	117	114	0	37528
17627	36994	525	55	106	0	37680
17628	628	405	61	36596	0	37690
17629	36877	88	56	565	0	37586
17630	36982	41	46	483	0	37552
17631	37345	38	48	168	0	37599
17632	1039	71	36996	131	0	38237
17633	37237	30	495	147	0	37909
17634	700	37215	453	119	0	38487
17635	38147	490	96	135	0	38868
17636	38337	416	65	131	0	38949
17637	39125	90	59	131	0	39405
17638	1117	58	72	36926	0	38173
17639	617	37825	100	554	0	39096
17640	37850	541	58	503	0	38952
17641	699	477	37972	196	0	39344
17642	652	38156	566	127	0	39501
17643	382	574	447	34091	0	35494
17644	266	37909	139	476	0	38790
17645	37732	615	81	436	0	38864
17646	38670	502	81	164	0	39417
17647	1146	154	69	38217	0	39586
17648	713	120	37902	651	0	39386
17649	314	38113	595	554	0	39576
17650	577	607	555	31018	0	32757
17651	303	511	150	38310	0	39274
17652	317	129	94	40010	0	40550
17653	39939	95	109	1143	0	41286
17654	40400	107	105	630	0	41242
17655	40824	115	84	229	0	41252
17656	41103	107	92	204	0	41506
17657	1336	128	90	40047	0	41601
17658	852	159	40412	760	0	42183
17659	431	108	620	40991	0	42150
17660	412	96	521	40930	0	41959
17661	400	125	149	41339	0	42013
17662	436	127	101	41461	0	42125
17663	40520	105	151	1281	0	42057
17664	964	122	165	40823	0	42074
17665	40980	121	155	864	0	42120
17666	41095	114	140	750	0	42099
17667	1433	179	40135	366	0	42113
17668	1057	147	40141	316	0	41661
17669	632	150	41269	379	0	42430
17670	621	148	1144	39959	0	41872
17671	601	161	40938	785	0	42485
17672	545	163	739	40023	0	41470
17673	534	175	585	40254	0	41548
17674	40361	149	208	1340	0	42058
17675	1113	150	195	39639	0	41097
17676	970	40613	243	880	0	42706
17677	41260	698	185	770	0	42913
17678	1043	41759	231	432	0	43465
17679	979	789	41737	393	0	43898
17680	561	42283	760	343	0	43947
17681	41402	786	627	347	0	43162
17682	1113	660	236	41080	0	43089
17683	1004	353	40845	807	0	43009
17684	40982	218	696	742	0	42638
17685	1155	244	611	41074	0	43084
17686	1096	260	41229	803	0	43388
17687	638	199	724	41680	0	43241
17688	646	180	641	41531	0	42998
17689	645	181	244	41307	0	42377
17690	620	41103	248	1248	0	43219
17691	41670	680	237	790	0	43377
17692	1122	619	222	40659	0	42622
17693	1016	41404	220	802	0	43442
17694	623	769	146	41694	0	43232
17695	539	741	41273	883	0	43436
17696	578	41495	765	751	0	43589
17697	41203	765	620	406	0	42994
17698	41071	715	238	347	0	42371
17699	1404	316	173	40048	0	41941
17700	942	256	200	40381	0	41779
17701	40046	248	229	1228	0	41751
17702	39152	244	220	823	0	40439
17703	1284	39402	266	382	0	41334
17704	36262	562	200	310	0	37334
17705	765	510	34580	262	0	36117
17706	780	180	33680	287	0	34927
17707	263	32503	781	298	0	33845
17708	214	30800	488	187	0	31689
17709	26600	604	744	173	0	28121
17710	261	26709	102	151	0	27223
17711	25181	182	109	98	0	25570
17712	24541	185	55	78	0	24859
17713	24342	50	46	85	0	24523
17714	356	47	48	24020	0	24471
17715	24240	38	39	201	0	24518
17716	219	56	23925	202	0	24402
17717	223	54	24039	95	0	24411
17718	78	24118	339	83	0	24618
17719	83	200	24362	84	0	24729
17720	89	194	196	23486	0	23965
17721	77	93	24361	201	0	24732
17722	85	76	24045	196	0	24402
17723	86	50	319	23948	0	24403
17724	24236	44	213	207	0	24700
17725	24397	41	64	216	0	24718
17726	344	80	25015	75	0	25514
17727	24370	42	191	97	0	24700
17728	223	64	25562	61	0	25910
17729	25061	35	207	61	0	25364
17730	25939	34	193	110	0	26276
17731	359	36	61	25699	0	26155
17732	254	36	46	24905	0	25241
17733	65	24813	97	339	0	25314
17734	74	25180	73	212	0	25539
17735	84	332	47	24573	0	25036
17736	86	206	60	24740	0	25092
17737	23776	53	49	343	0	24221
17738	180	23868	70	215	0	24333
17739	23672	150	38	106	0	23966
17740	175	24007	73	89	0	24344
17741	211	198	23394	56	0	23859
17742	89	205	171	23260	0	23725
17743	23362	49	181	175	0	23767
17744	24109	51	46	196	0	24402
17745	321	24469	82	92	0	24964
17746	215	25111	54	69	0	25449
17747	78	25566	64	55	0	25763
17748	86	487	42	27033	0	27648
17749	81	249	27838	276	0	28444
17750	65	27846	286	255	0	28452
17751	106	322	248	27817	0	28493
17752	74	222	32	28401	0	28729
17753	44	75	28156	480	0	28755
17754	56	60	27999	281	0	28396
17755	27222	33	485	93	0	27833
17756	288	69	29267	53	0	29677
17757	28781	35	282	53	0	29151
17758	28531	30	272	54	0	28887
17759	28779	31	55	58	0	28923
17760	28649	33	37	54	0	28773
17761	531	63	27957	58	0	28609
17762	301	28262	294	55	0	28912
17763	93	266	262	28013	0	28634
17764	71	286	28338	277	0	28972
17765	79	60	271	27682	0	28092
17766	67	26221	328	309	0	26925
17767	88	259	59	28811	0	29217
17768	85	252	44	28724	0	29105
17769	75	64	40	28490	0	28669
17770	28073	55	41	548	0	28717
17771	302	34	46	28406	0	28788
17772	304	47	47	28424	0	28822
17773	88	49	60	28157	0	28354
17774	58	27267	78	529	0	27932
17775	27003	281	60	323	0	27667
17776	285	26299	91	101	0	26776
17777	251	26260	81	89	0	26681
17778	111	473	98	26203	0	26885
17779	90	277	45	26447	0	26859
17780	26272	48	60	538	0	26918
17781	345	38	49	26855	0	27287
17782	27023	35	59	351	0	27468
17783	31638	40	60	332	0	32070
17784	765	49	52	31716	0	32582
17785	499	57	64	31265	0	31885
17786	126	32366	91	907	0	33490
17787	33421	519	52	535	0	34527
17788	548	34865	96	197	0	35706
17789	35061	602	59	126	0	35848
17790	639	538	34479	111	0	35767
17791	34342	121	561	129	0	35153
17792	35628	59	485	139	0	36311
17793	1073	58	116	34774	0	36021
17794	609	94	35039	681	0	36423
17795	147	35308	639	593	0	36687
17796	143	655	503	35962	0	37263
17797	138	598	36118	725	0	37579
17798	142	198	641	36261	0	37242
17799	35283	81	578	765	0	36707
17800	714	106	35668	638	0	37126
17801	597	35179	698	231	0	36705
17802	182	36049	607	167	0	37005
17803	297	1220	157	30131	0	31805
17804	164	35762	128	539	0	36593
17805	35254	690	101	502	0	36547
17806	35454	544	72	201	0	36271
17807	35818	148	67	157	0	36190
17808	1199	128	34425	142	0	35894
17809	35052	109	633	145	0	35939
17810	765	119	537	34604	0	36025
17811	627	125	122	34919	0	35793
17812	228	94	75	35372	0	35769
17813	169	94	124	35428	0	35815
17814	164	144	34288	1238	0	35834
17815	169	137	34375	689	0	35370
17816	166	121	34398	271	0	34956
17817	32182	91	1149	254	0	33676
17818	706	33304	648	252	0	34910
17819	643	655	147	33032	0	34477
17820	33024	581	92	798	0	34495
17821	704	33545	158	671	0	35078
17822	625	34189	153	278	0	35245
17823	33753	1144	111	169	0	35177
17824	33968	635	123	188	0	34914
17825	1185	33855	156	195	0	35391
17826	783	680	97	31034	0	32594
17827	266	33326	127	680	0	34399
17828	32791	709	92	604	0	34196
17829	32956	588	119	224	0	33887
17830	32894	216	95	223	0	33428
17831	1266	31887	140	210	0	33503
17832	746	686	106	32160	0	33698
17833	285	607	31977	801	0	33670
17834	242	211	642	32111	0	33206
17835	249	180	568	32647	0	33644
17836	221	227	31877	1204	0	33529
17837	31213	156	651	730	0	32750
17838	797	142	574	32218	0	33731
17839	690	174	173	31766	0	32803
17840	316	31787	170	1186	0	33459
17841	31843	690	118	689	0	33340
17842	803	619	130	30993	0	32545
17843	677	31432	181	744	0	33034
17844	30497	637	131	687	0	31952
17845	706	30828	173	264	0	31971
17846	29477	651	167	247	0	30542
17847	739	580	28846	240	0	30405
17848	535	198	26439	170	0	27342
17849	218	106	26003	163	0	26490
17850	157	25649	1007	148	0	26961
17851	326	617	677	22022	0	23642
17852	160	24417	168	444	0	25189
17853	24169	569	106	396	0	25240
17854	558	479	24393	144	0	25574
17855	23963	180	487	134	0	24764
17856	24271	134	433	130	0	24968
17857	906	137	146	23732	0	24921
17858	24241	122	87	507	0	24957
17859	634	121	103	24179	0	25037
17860	485	157	23862	547	0	25051
17861	23165	135	477	477	0	24254
17862	541	23659	455	166	0	24821
17863	516	482	133	23762	0	24893
17864	23767	431	85	505	0	24788
17865	605	143	91	23946	0	24785
17866	520	131	23158	576	0	24385
17867	221	113	485	22890	0	23709
17868	136	23183	471	570	0	24360
17869	23293	487	127	484	0	24391
17870	577	410	95	23194	0	24276
17871	23446	146	93	562	0	24247
17872	617	95	75	23462	0	24249
17873	497	88	98	22519	0	23202
17874	195	23024	127	819	0	24165
17875	22891	491	104	492	0	23978
17876	524	23943	112	202	0	24781
17877	501	544	62	21790	0	22897
17878	193	23014	89	491	0	23787
17879	22556	524	65	418	0	23563
17880	22477	431	86	176	0	23170
17881	22358	154	81	132	0	22725
17882	826	21386	140	127	0	22479
17883	242	16865	44	65	0	17216
17884	16374	328	73	81	0	16856
17885	221	16760	56	63	0	17100
17886	243	488	80	15301	0	16112
17887	126	171	14789	192	0	15278
17888	13249	64	138	129	0	13580
17889	13662	29	100	61	0	13852
17890	13525	42	23	36	0	13626
17891	228	13561	26	34	0	13849
17892	13341	114	16	39	0	13510
17893	149	105	13741	29	0	14024
17894	101	13418	106	25	0	13650
17895	55	233	67	12378	0	12733
17896	17	12471	25	51	0	12564
17897	11702	61	17	50	0	11830
17898	52	12064	12	16	0	12144
17899	49	50	7	11898	0	12004
17900	17	11982	20	54	0	12073
17901	27	43	3	12154	0	12227
17902	23	43	8	11960	0	12034
17903	17	32	12002	86	0	12137
17904	20	20	41	11736	0	11817
17905	11642	16	41	63	0	11762
17906	11671	13	15	50	0	11749
17907	89	15	10	11723	0	11837
17908	54	26	11636	57	0	11773
17909	35	17	42	11532	0	11626
17910	11556	17	39	64	0	11676
17911	11956	17	11	72	0	12056
17912	12135	14	14	30	0	12193
17913	91	12566	16	21	0	12694
17914	12677	42	10	37	0	12766
17915	61	57	12573	16	0	12707
17916	13218	20	50	48	0	13336
17917	70	13	42	13884	0	14009
17918	69	22	11	13907	0	14009
17919	29	17	9	14008	0	14063
17920	13600	17	19	124	0	13760
17921	13378	18	13	75	0	13484
17922	119	17	7	13429	0	13572
17923	76	23	13782	76	0	13957
17924	41	12	58	13707	0	13818
17925	30	15	57	13602	0	13704
17926	32	29	13607	118	0	13786
17927	30	13724	63	80	0	13897
17928	30	56	50	13930	0	14066
17929	14102	52	14	93	0	14261
17930	69	19	16	14225	0	14329
17931	66	20	6	14283	0	14375
17932	14263	12	11	131	0	14417
17933	85	14309	19	70	0	14483
17934	74	14477	17	40	0	14608
17935	14330	96	13	32	0	14471
17936	73	69	14308	31	0	14481
17937	13401	20	58	42	0	13521
17938	76	32	15145	28	0	15281
17939	49	15207	64	31	0	15351
17940	15351	58	55	27	0	15491
17941	15498	46	12	38	0	15594
17942	15639	17	8	36	0	15700
17943	15758	12	12	50	0	15832
17944	113	37	15815	22	0	15987
17945	74	16	52	15548	0	15690
17946	15723	12	51	74	0	15860
17947	83	32	16348	61	0	16524
17948	67	25	16278	31	0	16401
17949	33	16194	98	18	0	16343
17950	16085	50	58	28	0	16221
17951	61	50	26	15913	0	16050
17952	16226	7	12	67	0	16312
17953	42	16584	37	49	0	16712
17954	61	55	2	17365	0	17483
17955	33	39	13	17436	0	17521
17956	22	13	9	17889	0	17933
17957	26	28	18137	129	0	18320
17958	23	18476	73	82	0	18654
17959	19718	78	78	41	0	19915
17960	116	95	9	19773	0	19993
17961	19860	14	12	123	0	20009
17962	19640	8	8	130	0	19786
17963	219	7	8	19687	0	19921
17964	136	42	20106	119	0	20403
17965	52	13	108	19980	0	20153
17966	26	20441	128	117	0	20712
17967	41	97	25	20673	0	20836
17968	35	133	20544	129	0	20841
17969	20133	20	103	132	0	20388
17970	120	13	112	20826	0	21071
17971	20597	12	24	161	0	20794
17972	134	33	20599	132	0	20898
17973	19535	13	116	58	0	19722
17974	135	37	20771	26	0	20969
17975	19571	15	108	44	0	19738
17976	128	20231	122	31	0	20512
17977	111	20739	44	49	0	20943
17978	59	191	27	20684	0	20961
17979	47	137	20	20026	0	20230
17980	30	35	18	20898	0	20981
17981	20819	9	16	251	0	21095
17982	132	13	12	21184	0	21341
17983	121	39	21207	157	0	21524
17984	20051	20	116	165	0	20352
17985	107	21394	135	53	0	21689
17986	21584	113	23	56	0	21776
17987	21046	107	18	65	0	21236
17988	235	56	21435	37	0	21763
17989	156	21	130	21154	0	21461
17990	77	11	117	22290	0	22495
17991	42	39	22579	240	0	22900
17992	52	22442	142	156	0	22792
17993	22081	124	138	74	0	22417
17994	22314	126	44	69	0	22553
17995	259	29	32	22650	0	22970
17996	176	22	26	22882	0	23106
17997	58	25	24	23806	0	23913
17998	23362	19	26	331	0	23738
17999	175	24049	48	190	0	24462
18000	24440	159	26	86	0	24711
18001	24293	148	27	73	0	24541
18002	343	78	25370	66	0	25857
18003	231	39	198	24634	0	25102
18004	70	25996	210	219	0	26495
18005	71	212	50	26420	0	26753
18006	80	216	22	27164	0	27482
18007	86	76	27730	414	0	28306
18008	28143	32	230	291	0	28696
18009	31106	25	231	100	0	31462
18010	32466	30	53	90	0	32639
18011	623	35	39	32181	0	32878
18012	414	68	43	31093	0	31618
18013	98	31982	81	615	0	32776
18014	76	32868	104	359	0	33407
18015	32338	629	46	127	0	33140
18016	398	32137	76	74	0	32685
18017	393	403	31952	90	0	32838
18018	124	349	341	32250	0	33064
18019	32740	60	373	391	0	33564
18020	409	84	32759	384	0	33636
18021	406	97	32588	108	0	33199
18022	32725	40	705	90	0	33560
18023	32895	65	386	96	0	33442
18024	755	45	83	32545	0	33428
18025	425	82	32612	443	0	33562
18026	147	41	379	32851	0	33418
18027	102	83	32460	473	0	33118
18028	135	76	32950	398	0	33559
18029	101	33186	717	126	0	34130
18030	33242	368	416	114	0	34140
18031	33329	358	104	118	0	33909
18032	734	33148	125	109	0	34116
18033	457	412	82	32965	0	33916
18034	157	380	67	33282	0	33886
18035	129	115	60	33853	0	34157
18036	33051	64	62	803	0	33980
18037	427	32979	111	467	0	33984
18038	32565	395	94	133	0	33187
18039	32313	381	79	132	0	32905
18040	784	122	31707	130	0	32743
18041	492	31700	444	100	0	32736
18042	176	416	397	31610	0	32599
18043	143	422	31819	446	0	32830
18044	31020	112	408	439	0	31979
18045	31993	65	396	166	0	32620
18046	32229	58	133	132	0	32552
18047	31905	63	101	130	0	32199
18048	828	54	95	31054	0	32031
18049	488	94	31026	412	0	32020
18050	194	70	407	31154	0	31825
18051	30962	66	381	485	0	31894
18052	30797	52	106	439	0	31394
18053	748	30277	119	163	0	31307
18054	30029	359	68	146	0	30602
18055	477	378	29914	124	0	30893
18056	413	135	29766	95	0	30409
18057	28464	111	713	122	0	29410
18058	464	29002	419	80	0	29965
18059	425	339	98	26777	0	27639
18060	139	27988	89	314	0	28530
18061	145	341	58	27891	0	28435
18062	115	291	67	27992	0	28465
18063	123	98	46	28732	0	28999
18064	27933	51	57	633	0	28674
18065	28209	78	53	358	0	28698
18066	28099	60	53	127	0	28339
18067	680	94	27580	85	0	28439
18068	27268	56	343	95	0	27762
18069	436	49	325	28367	0	29177
18070	393	41	104	29484	0	30022
18071	156	81	29380	648	0	30265
18072	148	59	371	31950	0	32528
18073	33054	53	344	534	0	33985
18074	548	67	33249	438	0	34302
18075	519	37	469	33204	0	34229
18076	33418	46	430	524	0	34418
18077	33299	41	155	481	0	33976
18078	903	78	33665	161	0	34807
18079	549	83	34275	97	0	35004
18080	199	63	849	34147	0	35258
18081	34594	72	489	541	0	35696
18082	34953	60	112	490	0	35615
18083	956	72	71	32879	0	33978
18084	531	34674	122	478	0	35805
18085	34407	455	80	466	0	35408
18086	537	35135	114	170	0	35956
18087	534	511	65	34908	0	36018
18088	211	439	34593	525	0	35768
18089	165	132	34202	484	0	34983
18090	151	94	34799	150	0	35194
18091	159	64	898	33313	0	34434
18092	152	45	512	33906	0	34615
18093	33616	40	151	899	0	34706
18094	538	33373	137	538	0	34586
18095	33841	425	113	157	0	34536
18096	622	427	95	31624	0	32768
18097	487	32608	127	451	0	33673
18098	181	33407	145	440	0	34173
18099	166	816	70	32611	0	33663
18100	32425	421	82	464	0	33392
18101	506	32607	103	467	0	33683
18102	31189	396	79	138	0	31802
18103	483	31854	108	108	0	32553
18104	31183	427	113	111	0	31834
18105	514	411	30622	77	0	31624
18106	470	123	30032	89	0	30714
18107	132	29432	721	80	0	30365
18108	26773	608	738	139	0	28258
18109	346	25940	128	66	0	26480
18110	250	24398	77	64	0	24789
18111	270	559	87	24020	0	24936
18112	23951	229	84	279	0	24543
18113	261	24257	65	252	0	24835
18114	23771	254	39	64	0	24128
18115	269	23760	63	50	0	24142
18116	23108	254	32	38	0	23432
18117	254	23184	64	47	0	23549
18118	223	23059	48	69	0	23399
18119	106	446	37	21637	0	22226
18120	43	22740	50	204	0	23037
18121	22147	233	28	193	0	22601
18122	231	230	22184	61	0	22706
18123	225	57	204	22062	0	22548
18124	67	83	22583	233	0	22966
18125	53	39	237	22155	0	22484
18126	60	30	194	22386	0	22670
18127	50	64	21443	392	0	21949
18128	18914	26	236	278	0	19454
18129	239	21070	220	81	0	21610
18130	21346	212	53	64	0	21675
18131	262	21473	70	61	0	21866
18132	240	239	28	21241	0	21748
18133	20555	201	713	252	0	21721
18134	21366	67	70	212	0	21715
18135	21639	46	71	95	0	21851
18136	446	61	40	21190	0	21737
18137	278	71	40	21034	0	21423
18138	124	21852	64	363	0	22403
18139	22019	223	49	237	0	22528
18140	22230	215	50	83	0	22578
18141	22242	82	50	73	0	22447
18142	21988	63	43	76	0	22170
18143	431	21388	76	71	0	21966
18144	256	226	67	21584	0	22133
18145	100	246	21540	239	0	22125
18146	20785	82	230	244	0	21341
18147	21927	77	185	100	0	22289
18148	426	94	21957	69	0	22546
18149	270	105	22198	66	0	22639
18150	136	84	393	21841	0	22454
18151	102	75	236	22597	0	23010
18152	85	66	65	22931	0	23147
18153	22317	91	43	461	0	22912
18154	286	72	37	22580	0	22975
18155	237	96	21979	304	0	22616
18156	106	68	238	22333	0	22745
18157	84	102	22668	285	0	23139
18158	92	68	270	22265	0	22695
18159	84	80	213	23510	0	23887
18160	79	95	23668	481	0	24323
18161	21485	58	298	324	0	22165
18162	290	23989	285	109	0	24673
18163	24371	314	67	59	0	24811
18164	359	289	29	25080	0	25757
18165	25114	100	32	339	0	25585
18166	345	26487	65	312	0	27209
18167	324	27937	71	96	0	28428
18168	152	940	48	28780	0	29920
18169	116	421	29939	396	0	30872
18170	106	142	29056	352	0	29656
18171	91	29067	756	132	0	30046
18172	25252	492	449	133	0	26326
18173	339	307	108	24964	0	25718
18174	24730	66	52	343	0	25191
18175	345	24624	73	304	0	25346
18176	291	25209	80	87	0	25667
18177	118	611	30	24846	0	25605
18178	24752	337	29	332	0	25450
18179	24718	88	18	306	0	25130
18180	602	81	24425	90	0	25198
18181	342	79	23953	51	0	24425
18182	23359	57	538	59	0	24013
18183	331	23948	350	62	0	24691
18184	23872	298	80	45	0	24295
18185	397	293	56	23487	0	24233
18186	324	104	23301	311	0	24040
18187	22055	54	330	297	0	22736
18188	335	22953	304	89	0	23681
18189	285	23362	103	62	0	23812
18190	186	540	85	22795	0	23606
18191	23160	311	47	358	0	23876
18192	336	96	66	23376	0	23874
18193	23795	73	69	372	0	24309
18194	386	114	23209	295	0	24004
18195	22929	96	282	108	0	23415
18196	23499	47	250	110	0	23906
18197	620	58	22734	109	0	23521
18198	22031	58	313	88	0	22490
18199	417	22416	295	56	0	23184
18200	357	318	112	21575	0	22362
18201	167	22597	81	291	0	23136
18202	22605	340	59	258	0	23262
18203	383	286	89	21912	0	22670
18204	331	22063	108	317	0	22819
18205	160	350	59	21934	0	22503
18206	105	22327	66	383	0	22881
18207	109	399	43	22359	0	22910
18208	22213	305	39	385	0	22942
18209	352	122	50	22361	0	22885
18210	322	107	21959	409	0	22797
18211	21323	98	296	343	0	22060
18212	386	97	263	21919	0	22665
18213	333	90	21599	386	0	22408
18214	184	63	21196	347	0	21790
18215	144	87	22106	156	0	22493
18216	140	66	609	21381	0	22196
18217	156	56	368	22113	0	22693
18218	134	53	155	22276	0	22618
18219	142	54	134	22420	0	22750
18220	22108	64	122	623	0	22917
18221	22435	65	113	412	0	23025
18222	22749	85	66	201	0	23101
18223	23049	93	58	176	0	23376
18224	672	84	54	22571	0	23381
18225	431	112	22886	406	0	23835
18226	22708	69	316	382	0	23475
18227	23667	83	281	174	0	24205
18228	678	82	98	23348	0	24206
18229	442	88	77	23783	0	24390
18230	23805	82	72	648	0	24607
18231	451	62	110	22866	0	23489
18232	410	23079	126	445	0	24060
18233	23447	320	102	404	0	24273
18234	23280	301	111	204	0	23896
18235	658	127	23812	192	0	24789
18236	438	91	354	23717	0	24600
18237	220	72	350	24272	0	24914
18238	23989	85	149	631	0	24854
18239	24209	93	98	412	0	24812
18240	716	59	58	24094	0	24927
18241	460	67	24089	482	0	25098
18242	239	63	24193	427	0	24922
18243	224	56	577	24128	0	24985
18244	232	91	354	24353	0	25030
18245	23879	52	135	646	0	24712
18246	474	23640	111	449	0	24674
18247	423	23540	120	199	0	24282
18248	189	24167	147	167	0	24670
18249	230	585	119	23419	0	24353
18250	23292	325	100	412	0	24129
18251	23211	134	52	373	0	23770
18252	609	23311	73	179	0	24172
18253	23584	345	44	165	0	24138
18254	466	298	48	23278	0	24090
18255	381	157	23373	419	0	24330
18256	255	94	290	22979	0	23618
18257	207	85	265	23093	0	23650
18258	204	71	110	23049	0	23434
18259	22002	46	97	611	0	22756
18260	363	146	70	21201	0	21780
18261	332	21166	103	429	0	22030
18262	20451	259	193	358	0	21261
18263	326	20408	97	211	0	21042
18264	248	19402	84	160	0	19894
18265	141	19621	113	122	0	19997
18266	184	315	17557	118	0	18174
18267	62	16775	219	119	0	17175
18268	122	181	14346	95	0	14744
18269	12755	109	98	47	0	13009
18270	13393	20	46	41	0	13500
18271	86	25	13888	23	0	14022
18272	13532	12	51	41	0	13636
18273	14299	10	31	33	0	14373
18274	84	26	14486	20	0	14616
18275	44	14944	46	31	0	15065
18276	35	90	38	14821	0	14984
18277	14962	39	9	74	0	15084
18278	59	13	6	14834	0	14912
18279	15421	10	15	82	0	15528
18280	15317	10	16	66	0	15409
18281	88	32	15550	35	0	15705
18282	15121	8	43	40	0	15212
18283	63	15992	52	20	0	16127
18284	16071	47	16	49	0	16183
18285	66	48	11	16146	0	16271
18286	53	37	16106	57	0	16253
18287	23	19	46	15958	0	16046
18288	15845	18	41	68	0	15972
18289	55	15983	20	66	0	16124
18290	60	62	15955	38	0	16115
18291	33	48	50	15427	0	15558
18292	24	38	16088	68	0	16218
18293	22	16121	58	60	0	16261
18294	15966	51	43	33	0	16093
18295	61	40	13	16022	0	16136
18296	50	35	16181	72	0	16338
18297	38	41	15764	60	0	15903
18298	16123	15	92	42	0	16272
18299	78	25	47	16585	0	16735
18300	74	15	11	16668	0	16768
18301	38	33	16831	111	0	17013
18302	27	30	16881	67	0	17005
18303	27	17417	119	25	0	17588
18304	42	70	58	17406	0	17576
18305	30	65	65	17103	0	17263
18306	32	17425	28	126	0	17611
18307	38	97	17223	71	0	17429
18308	16258	70	69	41	0	16438
18309	85	23	66	17602	0	17776
18310	77	40	17906	90	0	18113
18311	41	20	77	17192	0	17330
18312	43	17857	92	77	0	18069
18313	36	92	17723	68	0	17919
18314	16531	73	81	56	0	16741
18315	108	36	18092	26	0	18262
18316	83	37	17893	37	0	18050
18317	37	34	17693	25	0	17789
18318	38	39	18720	27	0	18824
18319	39	20	163	18580	0	18802
18320	38	37	19942	114	0	20131
18321	37	30	116	19107	0	19290
18322	23	19943	133	123	0	20222
18323	21352	113	25	127	0	21617
18324	176	119	21	21939	0	22255
18325	182	41	21998	193	0	22414
18326	36	22113	185	195	0	22529
18327	44	184	196	21959	0	22383
18328	21892	185	40	210	0	22327
18329	165	22235	34	180	0	22614
18330	190	198	24	22254	0	22666
18331	22456	189	26	198	0	22869
18332	189	49	22465	190	0	22893
18333	21965	15	196	49	0	22225
18334	199	47	22897	17	0	23160
18335	21545	19	202	36	0	21802
18336	21696	21	181	38	0	21936
18337	358	32	21596	27	0	22013
18338	190	21439	196	22	0	21847
18339	66	192	184	20960	0	21402
18340	31	182	21734	176	0	22123
18341	38	35	183	20980	0	21236
18342	31	25	190	21494	0	21740
18343	23	30	21531	342	0	21926
18344	37	32	21533	202	0	21804
18345	30	22	340	21565	0	21957
18346	21865	12	200	197	0	22274
18347	168	21805	57	197	0	22227
18348	177	21949	43	47	0	22216
18349	21948	334	38	45	0	22365
18350	22384	192	23	69	0	22668
18351	374	29	29	22268	0	22700
18352	216	23	21	22419	0	22679
18353	47	21	32	22679	0	22779
18354	22018	17	22	378	0	22435
18355	200	21583	36	221	0	22040
18356	200	22076	40	60	0	22376
18357	49	358	26	22088	0	22521
18358	40	196	30	22357	0	22623
18359	52	31	21	22659	0	22763
18360	22186	25	32	399	0	22642
18361	185	22502	61	235	0	22983
18362	22873	199	28	78	0	23178
18363	258	197	22861	53	0	23369
18364	209	23339	225	48	0	23821
18365	55	227	200	23292	0	23774
18366	23241	208	56	251	0	23756
18367	249	60	23578	226	0	24113
18368	229	50	23695	74	0	24048
18369	77	29	421	23482	0	24009
18370	47	29	255	23738	0	24069
18371	58	35	56	23493	0	23642
18372	54	35	43	22898	0	23030
18373	73	27	52	22675	0	22827
18374	38	22300	56	467	0	22861
18375	51	232	39	22307	0	22629
18376	21824	212	53	301	0	22390
18377	244	22076	54	272	0	22646
18378	22038	237	45	104	0	22424
18379	273	258	21565	74	0	22170
18380	253	75	21875	71	0	22274
18381	94	41	436	22186	0	22757
18382	78	73	26009	304	0	26464
18383	78	45	387	25649	0	26159
18384	74	47	339	26015	0	26475
18385	26668	30	104	700	0	27502
18386	26684	38	69	416	0	27207
18387	709	28149	86	138	0	29082
18388	406	29087	65	92	0	29650
18389	114	763	51	28788	0	29716
18390	29006	435	56	504	0	30001
18391	448	135	29404	449	0	30436
18392	433	67	441	29392	0	30333
18393	133	50	416	29602	0	30201
18394	85	80	29446	868	0	30479
18395	72	29326	502	574	0	30474
18396	106	449	436	29343	0	30334
18397	82	473	29653	507	0	30715
18398	88	109	467	29616	0	30280
18399	28302	42	435	596	0	29375
18400	454	28721	166	503	0	29844
18401	406	29197	98	186	0	29887
18402	138	810	69	28747	0	29764
18403	28228	443	76	536	0	29283
18404	461	28518	89	493	0	29561
18405	28869	466	68	214	0	29617
18406	529	448	28664	165	0	29806
18407	457	153	29484	173	0	30267
18408	192	80	849	28279	0	29400
18409	149	90	491	29889	0	30619
18410	29241	110	130	895	0	30376
18411	559	99	81	29638	0	30377
18412	501	139	29192	607	0	30439
18413	174	131	498	29063	0	29866
18414	159	106	442	29649	0	30356
18415	138	99	28687	972	0	29896
18416	27245	90	535	604	0	28474
18417	529	113	457	28587	0	29686
18418	27845	97	158	608	0	28708
18419	514	26830	157	513	0	28014
18420	26383	456	139	261	0	27239
18421	491	26420	119	222	0	27252
18422	415	26311	139	213	0	27078
18423	315	806	210	23868	0	25199
18424	23755	376	205	447	0	24783
18425	23786	147	88	390	0	24411
18426	630	138	84	23463	0	24315
18427	23673	99	83	461	0	24316
18428	23523	104	96	401	0	24124
18429	677	113	89	23472	0	24351
18430	22842	97	85	470	0	23494
18431	484	23139	123	392	0	24138
18432	23266	404	110	206	0	23986
18433	488	359	22947	200	0	23994
18434	23364	119	376	210	0	24069
18435	502	79	341	23201	0	24123
18436	402	60	154	23723	0	24339
18437	182	71	131	23848	0	24232
18438	160	86	129	23850	0	24225
18439	140	77	119	23399	0	23735
18440	138	22262	158	763	0	23321
18441	152	23235	122	469	0	23978
18442	23110	585	93	280	0	24068
18443	465	374	23006	196	0	24041
18444	22723	184	384	184	0	23475
18445	499	162	23182	201	0	24044
18446	443	133	410	22662	0	23648
18447	254	147	313	23385	0	24099
18448	22670	116	110	755	0	23651
18449	555	134	22881	464	0	24034
18450	478	147	359	22899	0	23883
18451	280	134	23679	491	0	24584
18452	218	23982	442	440	0	25082
18453	261	413	321	24312	0	25307
18454	24336	329	130	559	0	25354
18455	24109	127	103	479	0	24818
18456	24547	111	107	260	0	25025
18457	787	24339	129	239	0	25494
18458	478	25097	160	245	0	25980
18459	22601	661	133	278	0	23673
18460	452	25002	141	273	0	25868
18461	419	24872	128	306	0	25725
18462	252	672	24357	262	0	25543
18463	182	24174	384	253	0	24993
18464	151	23951	351	219	0	24672
18465	208	656	130	23512	0	24506
18466	186	425	23744	458	0	24813
18467	184	213	23330	407	0	24134
18468	22389	122	640	225	0	23376
18469	484	147	23669	201	0	24501
18470	23786	105	456	189	0	24536
18471	499	102	359	23176	0	24136
18472	428	23880	170	494	0	24972
18473	24644	370	116	426	0	25556
18474	25338	335	137	248	0	26058
18475	741	124	117	25225	0	26207
18476	488	102	129	25430	0	26149
18477	285	124	115	25638	0	26162
18478	24989	96	104	793	0	25982
18479	24144	82	99	472	0	24797
18480	25004	125	97	239	0	25465
18481	742	23800	88	201	0	24831
18482	20294	225	78	100	0	20697
18483	278	20037	52	92	0	20459
18484	225	19805	57	87	0	20174
18485	247	784	179	17501	0	18711
18486	88	18298	95	179	0	18660
18487	16990	138	58	144	0	17330
18488	177	139	16	16844	0	17176
18489	16459	33	22	148	0	16662
18490	142	16151	24	110	0	16427
18491	105	16523	22	43	0	16693
18492	16570	176	19	36	0	16801
18493	129	16948	27	34	0	17138
18494	121	135	27	16859	0	17142
18495	77	89	26	16985	0	17177
18496	16963	24	13	194	0	17194
18497	136	18	14	17135	0	17303
18498	98	48	17471	156	0	17773
18499	43	22	127	17645	0	17837
18500	17955	24	98	161	0	18238
18501	156	18451	49	112	0	18768
18502	19439	150	21	47	0	19657
18503	19293	115	29	50	0	19487
18504	19775	38	13	43	0	19869
18505	303	40	19500	26	0	19869
18506	163	47	19026	30	0	19266
18507	18462	34	248	43	0	18787
18508	164	19160	147	30	0	19501
18509	144	173	28	19213	0	19558
18510	43	148	18	18987	0	19196
18511	38	18678	33	272	0	19021
18512	25	19151	33	152	0	19361
18513	44	268	22	19144	0	19478
18514	37	141	18	19287	0	19483
18515	33	47	18964	285	0	19329
18516	51	42	18571	165	0	18829
18517	18485	34	274	51	0	18844
18518	19462	26	133	53	0	19674
18519	302	26	47	19325	0	19700
18520	158	62	19354	181	0	19755
18521	74	22	165	19294	0	19555
18522	19062	31	141	216	0	19450
18523	219	39	19347	155	0	19760
18524	162	22	175	19549	0	19908
18525	65	51	19810	192	0	20118
18526	49	19530	208	176	0	19963
18527	60	187	19650	57	0	19954
18528	64	198	182	19225	0	19669
18529	19431	54	150	209	0	19844
18530	194	38	34	19667	0	19933
18531	19721	34	28	214	0	19997
18532	19770	34	25	158	0	19987
18533	19617	36	26	81	0	19760
18534	307	52	19318	43	0	19720
18535	19435	29	160	65	0	19689
18536	222	32	135	19615	0	20004
18537	177	26	50	19722	0	19975
18538	72	51	19556	303	0	19982
18539	78	57	167	19586	0	19888
18540	19688	31	133	218	0	20070
18541	179	19816	61	172	0	20228
18542	20089	153	51	107	0	20400
18543	20163	132	42	64	0	20401
18544	20383	42	33	64	0	20522
18545	317	31	30	20131	0	20509
18546	181	53	20368	212	0	20814
18547	80	34	172	20667	0	20953
18548	66	32	158	20919	0	21175
18549	20754	20	44	345	0	21163
18550	20343	21	44	203	0	20611
18551	334	46	19913	72	0	20365
18552	205	43	183	19805	0	20236
18553	77	43	20325	218	0	20663
18554	20402	29	207	198	0	20836
18555	243	22533	194	85	0	23055
18556	22694	226	61	60	0	23041
18557	274	23410	75	65	0	23824
18558	23108	257	46	81	0	23492
18559	295	23408	61	65	0	23829
18560	270	266	64	23188	0	23788
18561	109	215	32	23647	0	24003
18562	23618	51	38	467	0	24174
18563	23639	19	36	263	0	23957
18564	23771	27	25	97	0	23920
18565	23360	22	34	75	0	23491
18566	23507	21	30	75	0	23633
18567	514	20	41	22689	0	23264
18568	289	22860	58	277	0	23484
18569	113	260	36	22252	0	22661
18570	78	22627	50	295	0	23050
18571	94	290	28	21911	0	22323
18572	76	22360	49	278	0	22763
18573	89	283	30	21952	0	22354
18574	73	222	21239	302	0	21836
18575	20188	45	253	270	0	20756
18576	288	21107	221	76	0	21692
18577	21231	244	51	72	0	21598
18578	315	231	21030	56	0	21632
18579	20711	52	251	62	0	21076
18580	320	75	21861	66	0	22322
18581	258	55	283	21455	0	22051
18582	87	23006	247	301	0	23641
18583	77	306	23323	255	0	23961
18584	93	256	300	23456	0	24105
18585	22996	61	271	341	0	23669
18586	355	31	61	24006	0	24453
18587	339	44	37	24046	0	24466
18588	112	40	38	24478	0	24668
18589	114	54	23813	611	0	24592
18590	93	41	311	23506	0	23951
18591	89	23481	294	375	0	24239
18592	89	321	57	23484	0	23951
18593	83	277	38	23437	0	23835
18594	22987	65	29	578	0	23659
18595	384	66	53	23570	0	24073
18596	335	48	23724	404	0	24511
18597	115	68	23575	320	0	24078
18598	110	53	23679	111	0	23953
18599	83	23435	603	78	0	24199
18600	22821	368	403	106	0	23698
18601	342	22817	99	70	0	23328
18602	22200	328	70	75	0	22673
18603	359	286	51	21801	0	22497
18604	322	84	22200	339	0	22945
18605	112	68	22018	309	0	22507
18606	79	22686	560	98	0	23423
18607	103	346	303	22353	0	23105
18608	84	300	67	22653	0	23104
18609	77	87	51	23057	0	23272
18610	64	69	22524	628	0	23285
18611	20818	66	336	398	0	21618
18612	354	61	22794	140	0	23349
18613	355	69	352	22253	0	23029
18614	126	46	308	22969	0	23449
18615	90	65	22674	634	0	23463
18616	21431	50	353	387	0	22221
18617	352	22728	352	138	0	23570
18618	22937	320	95	116	0	23468
18619	364	324	75	22047	0	22810
18620	331	22647	98	370	0	23446
18621	115	344	61	23084	0	23604
18622	22819	316	79	392	0	23606
18623	368	83	54	22814	0	23319
18624	343	81	22348	406	0	23178
18625	21871	58	353	384	0	22666
18626	22411	67	317	149	0	22944
18627	614	81	22052	135	0	22882
18628	390	47	349	21989	0	22775
18629	22386	53	325	411	0	23175
18630	383	63	105	22369	0	22920
18631	367	51	76	22104	0	22598
18632	128	54	90	22331	0	22603
18633	109	50	82	22238	0	22479
18634	97	75	21551	695	0	22418
18635	98	48	355	21715	0	22216
18636	93	70	21662	458	0	22283
18637	21015	49	390	420	0	21874
18638	21605	60	345	175	0	22185
18639	21720	44	121	155	0	22040
18640	21706	67	92	142	0	22007
18641	662	49	79	21035	0	21825
18642	21025	60	113	419	0	21617
18643	414	62	20702	404	0	21582
18644	370	54	20614	157	0	21195
18645	19686	48	605	146	0	20485
18646	374	19850	393	144	0	20761
18647	325	19765	152	125	0	20367
18648	162	541	136	19463	0	20302
18649	114	308	19552	366	0	20340
18650	18467	76	352	356	0	19251
18651	363	60	19626	161	0	20210
18652	301	18711	347	152	0	19511
18653	149	281	18433	150	0	19013
18654	85	17398	328	108	0	17919
18655	15267	314	414	134	0	16129
18656	219	15205	111	113	0	15648
18657	222	14389	71	83	0	14765
18658	125	339	58	14202	0	14724
18659	76	188	14049	245	0	14558
18660	71	51	218	13658	0	13998
18661	76	32	197	13835	0	14140
18662	66	49	13664	369	0	14148
18663	97	34	209	13224	0	13564
18664	68	13372	214	220	0	13874
18665	81	180	68	13721	0	14050
18666	13625	175	53	246	0	14099
18667	219	41	63	13807	0	14130
18668	225	44	13678	245	0	14192
18669	78	35	210	13890	0	14213
18670	81	58	13832	245	0	14216
18671	13523	36	221	227	0	14007
18672	226	48	189	13868	0	14331
18673	13991	32	76	240	0	14339
18674	234	60	13952	215	0	14461
18675	13254	39	223	76	0	13592
18676	227	14042	224	76	0	14569
18677	221	214	14165	63	0	14663
18678	82	283	220	13836	0	14421
18679	92	49	14290	230	0	14661
18680	60	13460	230	206	0	13956
18681	82	13694	192	110	0	14078
18682	12088	236	81	63	0	12468
18683	149	12754	55	58	0	13016
18684	12830	145	62	61	0	13098
18685	203	142	49	12890	0	13284
18686	145	48	12814	174	0	13181
18687	49	12882	166	163	0	13260
18688	58	188	163	12732	0	13141
18689	49	142	34	13198	0	13423
18690	49	51	27	13485	0	13612
18691	50	31	29	13264	0	13374
18692	44	13043	56	294	0	13437
18693	36	13455	53	188	0	13732
18694	12989	243	47	62	0	13341
18695	152	13031	53	48	0	13284
18696	138	156	31	12403	0	12728
18697	42	137	12452	141	0	12772
18698	34	12309	139	144	0	12626
18699	51	140	122	11894	0	12207
18700	40	159	46	11679	0	11924
18701	20	11970	34	228	0	12252
18702	11556	128	33	129	0	11846
18703	126	130	11655	39	0	11950
18704	10774	41	112	39	0	10966
18705	130	11317	105	31	0	11583
18706	10612	108	42	24	0	10786
18707	105	11007	24	16	0	11152
18708	109	132	38	11428	0	11707
18709	38	100	16	11579	0	11733
18710	11407	34	15	222	0	11678
18711	114	40	16	11642	0	11812
18712	110	33	11556	149	0	11848
18713	30	11284	113	131	0	11558
18714	24	11385	106	44	0	11559
18715	26	224	29	11192	0	11471
18716	31	130	11261	118	0	11540
18717	20	55	102	11100	0	11277
18718	18	28	99	11198	0	11343
18719	15	40	11044	214	0	11313
18720	21	28	10829	142	0	11020
18721	12	10979	197	64	0	11252
18722	10994	115	113	43	0	11265
18723	110	110	26	10633	0	10879
18724	106	10718	27	118	0	10969
18725	10914	124	23	119	0	11180
18726	113	122	26	10918	0	11179
18727	108	37	14	10908	0	11067
18728	31	10779	23	227	0	11060
18729	26	125	16	10783	0	10950
18730	10800	114	18	148	0	11080
18731	116	51	21	10958	0	11146
18732	123	33	12	10989	0	11157
18733	43	45	10834	213	0	11135
18734	30	45	10449	143	0	10667
18735	10599	38	201	54	0	10892
18736	114	30	114	10743	0	11001
18737	104	39	40	10788	0	10971
18738	40	30	17	10945	0	11032
18739	19	42	10716	243	0	11020
18740	10498	27	119	149	0	10793
18741	116	35	112	10650	0	10913
18742	120	34	40	10720	0	10914
18743	10471	36	35	234	0	10776
18744	119	10556	45	148	0	10868
18745	117	134	10578	83	0	10912
18746	43	117	118	10201	0	10479
18747	35	10407	116	161	0	10719
18748	43	115	39	10566	0	10763
18749	10363	127	33	162	0	10685
18750	138	42	32	10387	0	10599
18751	10253	45	25	176	0	10499
18752	10230	44	27	164	0	10465
18753	226	40	27	9948	0	10241
18754	139	9987	48	156	0	10330
18755	50	10243	35	172	0	10500
18756	32	220	10197	99	0	10548
18757	32	124	129	9839	0	10124
18758	40	55	134	10220	0	10449
18759	47	39	44	10404	0	10534
18760	10163	38	27	272	0	10500
18761	131	28	27	10320	0	10506
18762	130	45	10309	181	0	10665
18763	10315	26	116	183	0	10640
18764	142	33	122	10817	0	11114
18765	137	33	43	11016	0	11229
18766	52	42	10858	274	0	11226
18767	10457	40	127	183	0	10807
18768	142	36	120	10968	0	11266
18769	129	46	11239	191	0	11605
18770	64	31	132	11252	0	11479
18771	66	27	131	10099	0	10323
18772	52	11283	57	243	0	11635
18773	11175	120	46	162	0	11503
18774	11062	115	26	101	0	11304
18775	222	11035	43	90	0	11390
18776	10914	123	36	82	0	11155
18777	10734	110	33	72	0	10949
18778	235	45	21	10754	0	11055
18779	150	34	10481	164	0	10829
18780	72	26	10146	159	0	10403
18781	41	31	10110	71	0	10253
18782	33	39	10266	73	0	10411
18783	70	173	188	9327	0	9758
18784	27	21	118	9698	0	9864
18785	46	20	30	9601	0	9697
18786	44	11	17	9838	0	9910
18787	9771	15	26	202	0	10014
18788	119	10036	30	134	0	10319
18789	10314	80	28	75	0	10497
18790	115	80	10389	65	0	10649
18791	100	36	10687	34	0	10857
18792	53	68	148	10811	0	11080
18793	10890	15	169	129	0	11203
18794	9997	14	50	106	0	10167
18795	162	10750	28	54	0	10994
18796	91	10833	32	44	0	11000
18797	46	141	19	10861	0	11067
18798	10909	82	16	97	0	11104
18799	83	11012	24	99	0	11218
18800	11157	77	21	48	0	11303
18801	11120	73	13	66	0	11272
18802	11169	29	19	34	0	11251
18803	161	31	11213	40	0	11445
18804	108	11258	84	39	0	11489
18805	11091	70	80	44	0	11285
18806	10949	64	31	32	0	11076
18807	137	10731	22	28	0	10918
18808	60	10245	14	14	0	10333
18809	10275	93	26	12	0	10406
18810	58	63	9	10256	0	10386
18811	59	24	10336	54	0	10473
18812	9990	7	48	61	0	10106
18813	60	20	52	10463	0	10595
18814	57	10874	26	51	0	11008
18815	26	51	12	11070	0	11159
18816	19	62	11142	61	0	11284
18817	23	19	52	11070	0	11164
18818	11541	10	59	71	0	11681
18819	66	16	10	11615	0	11707
18820	64	13	15	11723	0	11815
18821	28	22	11942	108	0	12100
18822	26	11	56	11547	0	11640
18823	17	11966	67	62	0	12112
18824	11976	56	16	68	0	12116
18825	11680	54	10	37	0	11781
18826	107	22	11963	14	0	12106
18827	71	14	59	11574	0	11718
18828	16	11816	66	64	0	11962
18829	13	12033	21	56	0	12123
18830	11917	96	17	34	0	12064
18831	78	57	12	12169	0	12316
18832	65	32	12155	77	0	12329
18833	28	24	12075	69	0	12196
18834	23	15	99	12203	0	12340
18835	12215	16	64	70	0	12365
18836	12242	10	24	56	0	12332
18837	123	15	8	12756	0	12902
18838	81	22	12948	75	0	13126
18839	32	12954	76	63	0	13125
18840	12932	64	62	40	0	13098
18841	65	13111	39	31	0	13246
18842	13146	68	10	26	0	13250
18843	79	56	10	13123	0	13268
18844	69	45	13159	69	0	13342
18845	38	17	60	12983	0	13098
18846	12993	16	60	91	0	13160
18847	77	22	13235	67	0	13401
18848	67	13317	77	32	0	13493
18849	32	61	63	13361	0	13517
18850	13363	61	22	79	0	13525
18851	78	32	13441	71	0	13622
18852	79	14	70	13516	0	13679
18853	30	16	75	13724	0	13845
18854	36	29	13754	117	0	13936
18855	35	18	65	13576	0	13694
18856	40	30	13697	84	0	13851
18857	13115	19	81	87	0	13302
18858	78	21	71	14182	0	14352
18859	79	37	14798	83	0	14997
18860	43	15092	79	84	0	15298
18861	15433	83	75	44	0	15635
18862	16361	76	28	50	0	16515
18863	192	38	22	17754	0	18006
18864	117	18460	46	165	0	18788
18865	18579	179	26	124	0	18908
18866	201	132	24	18626	0	18983
18867	145	59	18678	188	0	19070
18868	17866	23	184	148	0	18221
18869	191	18374	138	53	0	18756
18870	149	181	37	18415	0	18782
18871	18435	128	27	190	0	18780
18872	210	50	18281	159	0	18700
18873	140	57	18540	49	0	18786
18874	56	31	289	18020	0	18396
18875	38	58	18946	199	0	19241
18876	52	20	211	18268	0	18551
18877	36	18731	157	192	0	19116
18878	46	186	45	19308	0	19585
18879	18970	123	41	220	0	19354
18880	194	49	19257	164	0	19664
18881	142	19347	223	61	0	19773
18882	63	192	135	19105	0	19495
18883	43	152	19616	219	0	20030
18884	51	99	202	18661	0	19013
18885	30	19254	153	215	0	19652
18886	26	19643	62	133	0	19864
18887	18980	299	38	67	0	19384
18888	173	19487	37	55	0	19752
18889	123	207	18593	35	0	18958
18890	16773	151	224	83	0	17231
18891	178	55	18510	28	0	18771
18892	111	28	181	17331	0	17651
18893	39	35	18455	177	0	18706
18894	28	18279	188	105	0	18600
18895	32	162	117	18274	0	18585
18896	33	92	39	18251	0	18415
18897	24	31	36	18121	0	18212
18898	19	46	18049	292	0	18406
18899	30	20	171	17747	0	17968
18900	30	31	102	18117	0	18280
18901	17766	16	37	288	0	18107
18902	17803	19	32	155	0	18009
18903	270	38	17994	61	0	18363
18904	127	17867	182	34	0	18210
18905	53	191	18038	38	0	18320
18906	39	101	184	18034	0	18358
18907	40	63	18436	176	0	18715
18908	31	24	198	18224	0	18477
18909	27	23	134	18639	0	18823
18910	23	53	18541	279	0	18896
18911	16652	21	198	177	0	17048
18912	159	18628	152	60	0	18999
18913	140	173	50	18529	0	18892
18914	46	129	18913	200	0	19288
18915	39	64	18526	143	0	18772
18916	17694	24	285	73	0	18076
18917	170	18698	162	41	0	19071
18918	116	175	51	18522	0	18864
18919	18993	105	46	196	0	19340
18920	180	29	31	19147	0	19387
18921	136	33	30	19458	0	19657
18922	46	60	19446	308	0	19860
18923	18388	33	179	187	0	18787
18924	19607	19	130	92	0	19848
18925	312	20	58	19621	0	20011
18926	19705	24	39	209	0	19977
18927	228	20	45	19607	0	19900
18928	147	19410	59	263	0	19879
18929	51	20100	73	169	0	20393
18930	51	308	22	20152	0	20533
18931	19838	155	29	249	0	20271
18932	192	50	28	20029	0	20299
18933	20211	26	26	270	0	20533
18934	20260	30	40	178	0	20508
18935	324	28	30	20222	0	20604
18936	180	17	27	20574	0	20798
18937	73	61	19931	330	0	20395
18938	50	47	20162	191	0	20450
18939	57	30	333	20226	0	20646
18940	37	54	21229	237	0	21557
18941	20728	25	258	189	0	21200
18942	219	20	182	22122	0	22543
18943	182	52	23377	255	0	23866
18944	23341	15	279	242	0	23877
18945	25435	17	219	130	0	25801
18946	533	26871	100	55	0	27559
18947	356	332	39	27240	0	27967
18948	121	322	27920	340	0	28703
18949	27752	71	344	316	0	28483
18950	28617	41	293	116	0	29067
18951	603	70	28525	78	0	29276
18952	28639	22	373	82	0	29116
18953	418	33	291	28415	0	29157
18954	332	25	64	28782	0	29203
18955	28528	23	53	613	0	29217
18956	28615	17	36	373	0	29041
18957	628	129	52	28264	0	29073
18958	384	57	28318	374	0	29133
18959	109	27539	368	373	0	28389
18960	118	324	27772	112	0	28326
18961	115	296	27403	97	0	27911
18962	95	26379	618	78	0	27170
18963	167	318	382	23810	0	24677
18964	75	218	119	24123	0	24535
18965	55	70	23987	444	0	24556
18966	59	28	244	23885	0	24216
18967	23941	13	244	302	0	24500
18968	268	56	24218	254	0	24796
18969	24194	15	259	117	0	24585
18970	24538	21	246	85	0	24890
18971	24824	21	74	70	0	24989
18972	533	49	24317	53	0	24952
18973	343	58	24358	66	0	24825
18974	148	41	447	24071	0	24707
18975	111	38	281	23223	0	23653
18976	83	24366	127	441	0	25017
18977	24258	235	73	272	0	24838
18978	24094	214	53	117	0	24478
18979	477	24175	85	111	0	24848
18980	24193	246	72	88	0	24599
18981	304	24096	70	100	0	24570
18982	24252	264	76	95	0	24687
18983	312	239	66	23332	0	23949
18984	307	104	23655	271	0	24337
18985	113	93	23651	276	0	24133
18986	101	51	489	23289	0	23930
18987	100	34	292	23582	0	24008
18988	69	73	23151	485	0	23778
18989	93	27	307	22918	0	23345
18990	84	42	282	23241	0	23649
18991	22823	30	110	502	0	23465
18992	22996	27	81	339	0	23443
18993	22776	31	85	134	0	23026
18994	519	58	22340	113	0	23030
18995	355	22329	292	87	0	23063
18996	156	233	272	22361	0	23022
18997	130	257	22891	262	0	23540
18998	130	22914	315	252	0	23611
18999	23030	257	256	106	0	23649
19000	331	237	109	22993	0	23670
19001	305	73	102	23323	0	23803
19002	23088	65	71	493	0	23717
19003	323	46	73	23212	0	23654
19004	327	52	57	23312	0	23748
19005	23151	59	58	535	0	23803
19006	350	74	23007	336	0	23767
19007	295	22810	311	154	0	23570
19008	22750	252	274	135	0	23411
19009	337	274	23006	115	0	23732
19010	22642	76	299	120	0	23137
19011	347	23321	318	118	0	24104
19012	23145	250	136	112	0	23643
19013	23121	229	109	126	0	23585
19014	22716	63	106	131	0	23016
19015	564	55	80	22234	0	22933
19016	362	110	82	22089	0	22643
19017	155	22079	112	508	0	22854
19018	125	22172	114	340	0	22751
19019	132	22365	104	140	0	22741
19020	21829	427	65	110	0	22431
19021	321	289	21495	96	0	22201
19022	309	79	259	21272	0	21919
19023	132	78	238	21253	0	21701
19024	101	21426	114	462	0	22103
19025	123	243	87	21516	0	21969
19026	111	244	78	21249	0	21682
19027	111	21473	110	473	0	22167
19028	21151	259	85	287	0	21782
19029	267	21518	91	171	0	22047
19030	287	275	21027	106	0	21695
19031	20648	240	240	112	0	21240
19032	295	21193	263	137	0	21888
19033	21047	245	72	117	0	21481
19034	323	214	86	20909	0	21532
19035	298	90	70	21002	0	21460
19036	158	109	20753	428	0	21448
19037	129	117	20812	247	0	21305
19038	137	140	382	20412	0	21071
19039	20169	61	222	279	0	20731
19040	19660	47	94	218	0	20019
19041	400	20075	73	106	0	20654
19042	225	19639	59	73	0	19996
19043	83	18687	56	61	0	18887
19044	446	580	195	16717	0	17938
19045	16254	138	323	234	0	16949
19046	15983	22	11	102	0	16118
19047	15870	15	11	43	0	15939
19048	207	29	15658	19	0	15913
19049	108	17856	136	21	0	18121
19050	48	169	96	20126	0	20439
19051	20778	139	17	218	0	21152
19052	238	23	17	21677	0	21955
19053	201	13	10	22634	0	22858
19054	22743	18	19	463	0	23243
19055	24463	22	18	241	0	24744
19056	513	47	24855	47	0	25462
19057	297	12	308	24916	0	25533
19058	46	47	25090	338	0	25521
19059	46	28	334	25079	0	25487
19060	34	49	25036	362	0	25481
19061	41	56	329	24811	0	25237
19062	24085	21	273	365	0	24744
19063	305	24499	48	297	0	25149
19064	271	25298	47	60	0	25676
19065	139	581	23	21720	0	22463
19066	28	25496	45	253	0	25822
19067	25244	356	26	222	0	25848
19068	24928	274	18	46	0	25266
19069	573	74	24699	35	0	25381
19070	302	24701	339	47	0	25389
19071	81	320	265	24618	0	25284
19072	45	292	24763	334	0	25434
19073	24343	44	329	284	0	25000
19074	363	49	272	24613	0	25297
19075	275	41	24754	344	0	25414
19076	73	23	321	24861	0	25278
19077	24634	13	290	370	0	25307
19078	334	45	24618	320	0	25317
19079	24535	20	338	69	0	24962
19080	24875	17	277	60	0	25229
19081	612	26	53	24417	0	25108
19082	314	39	24511	352	0	25216
19083	81	55	24408	286	0	24830
19084	23946	21	580	95	0	24642
19085	24556	22	304	78	0	24960
19086	636	35	24413	65	0	25149
19087	341	27	337	24277	0	24982
19088	110	32	309	23557	0	24008
19089	64	24625	79	597	0	25365
19090	85	321	57	24678	0	25141
19091	24584	276	55	387	0	25302
19092	382	40	60	24813	0	25295
19093	320	47	24454	427	0	25248
19094	23695	25	376	344	0	24440
19095	390	40	312	24135	0	24877
19096	346	65	24272	385	0	25068
19097	93	23921	384	345	0	24743
19098	23274	350	312	125	0	24061
19099	371	24152	111	114	0	24748
19100	23944	357	66	127	0	24494
19101	418	321	23603	120	0	24462
19102	361	23098	389	110	0	23958
19103	136	23630	336	131	0	24233
19104	162	594	123	22887	0	23766
19105	111	318	87	23365	0	23881
19106	100	107	23064	650	0	23921
19107	121	57	386	23215	0	23779
19108	22811	55	340	455	0	23661
19109	392	77	22590	378	0	23437
19110	354	61	386	22478	0	23279
19111	135	89	22429	417	0	23070
19112	21626	76	405	371	0	22478
19113	397	22246	360	156	0	23159
19114	22417	364	121	144	0	23046
19115	22582	316	113	134	0	23145
19116	22831	100	86	145	0	23162
19117	710	85	21920	164	0	22879
19118	425	21993	433	117	0	22968
19119	208	356	345	21908	0	22817
19120	165	312	139	22766	0	23382
19121	23217	103	133	687	0	24140
19122	480	67	124	23599	0	24270
19123	23849	61	117	527	0	24554
19124	23844	67	165	426	0	24502
19125	24138	54	140	170	0	24502
19126	24144	66	118	154	0	24482
19127	834	68	100	23298	0	24300
19128	23469	73	131	477	0	24150
19129	529	100	22839	422	0	23890
19130	23047	68	449	156	0	23720
19131	23289	84	377	128	0	23878
19132	812	100	22538	303	0	23753
19133	23044	68	460	126	0	23698
19134	23374	79	373	127	0	23953
19135	807	74	144	22839	0	23864
19136	509	55	128	23055	0	23747
19137	22565	253	100	737	0	23655
19138	514	61	100	22904	0	23579
19139	458	67	122	22335	0	22982
19140	200	21962	152	735	0	23049
19141	202	338	101	21801	0	22442
19142	21136	291	114	463	0	22004
19143	487	55	107	21211	0	21860
19144	445	48	101	20422	0	21016
19145	158	19783	133	683	0	20757
19146	172	333	105	19442	0	20052
19147	217	287	95	19053	0	19652
19148	18292	77	88	589	0	19046
19149	447	263	60	15461	0	16231
19150	257	38	13198	271	0	13764
19151	86	12265	227	200	0	12778
19152	63	11564	138	63	0	11828
19153	10588	256	89	46	0	10979
19154	189	10652	53	55	0	10949
19155	8832	120	159	48	0	9159
19156	125	8814	30	33	0	9002
19157	8865	92	35	33	0	9025
19158	122	72	9	8883	0	9086
19159	94	21	11	8934	0	9060
19160	36	9029	19	175	0	9259
19161	44	116	6	9139	0	9305
19162	28	77	9164	130	0	9399
19163	8730	25	96	96	0	8947
19164	114	9658	87	37	0	9896
19165	9604	110	20	33	0	9767
19166	9687	89	12	17	0	9805
19167	9813	18	9	27	0	9867
19168	237	11	8	9597	0	9853
19169	131	22	10	9471	0	9634
19170	40	9659	12	229	0	9940
19171	9656	120	6	127	0	9909
19172	136	9777	16	45	0	9974
19173	9793	130	6	41	0	9970
19174	155	114	9919	28	0	10216
19175	10355	28	117	24	0	10524
19176	166	14	103	10425	0	10708
19177	136	28	10472	149	0	10785
19178	39	27	10509	144	0	10719
19179	29	23	242	10503	0	10797
19180	32	24	10650	149	0	10855
19181	39	15	145	10518	0	10717
19182	10106	13	123	170	0	10412
19183	159	17	32	10341	0	10549
19184	145	14	10237	167	0	10563
19185	50	10107	131	148	0	10436
19186	27	10251	126	43	0	10447
19187	52	268	42	9887	0	10249
19188	9958	136	48	154	0	10296
19189	142	25	19	10071	0	10257
19190	134	12	10	10139	0	10295
19191	57	16	11	10256	0	10340
19192	25	15	11	10334	0	10385
19193	32	24	10093	252	0	10401
19194	32	22	9976	146	0	10176
19195	9878	19	232	48	0	10177
19196	10168	11	134	49	0	10362
19197	264	16	27	10093	0	10400
19198	152	15	20	10244	0	10431
19199	50	23	10059	267	0	10399
19200	30	10071	136	155	0	10392
19201	10077	127	121	48	0	10373
19202	10172	124	33	37	0	10366
19203	253	31	17	10095	0	10396
19204	153	24	10195	156	0	10528
19205	64	23	128	9813	0	10028
19206	38	10149	127	160	0	10474
19207	32	149	10157	145	0	10483
19208	10042	121	140	48	0	10351
19209	143	37	127	10226	0	10533
19210	10408	24	34	160	0	10626
19211	167	32	10157	142	0	10498
19212	10204	18	137	61	0	10420
19213	177	20	138	10161	0	10496
19214	10211	19	37	159	0	10426
19215	170	36	22	10011	0	10239
19216	145	9842	43	162	0	10192
19217	56	10048	38	139	0	10281
19218	66	286	25	9785	0	10162
19219	42	135	9708	135	0	10020
19220	30	9495	141	136	0	9802
19221	112	128	111	8772	0	9123
19222	8562	99	72	115	0	8848
19223	8505	26	22	114	0	8667
19224	169	17	25	8430	0	8641
19225	119	18	23	8375	0	8535
19226	42	8246	27	183	0	8498
19227	29	8440	27	130	0	8626
19228	8347	157	23	51	0	8578
19229	92	110	19	8315	0	8536
19230	109	27	19	8380	0	8535
19231	39	24	8310	193	0	8566
19232	36	11	83	8275	0	8405
19233	35	16	100	8163	0	8314
19234	28	10	32	8262	0	8332
19235	29	33	8183	195	0	8440
19236	34	16	88	8271	0	8409
19237	8122	15	108	125	0	8370
19238	97	22	8046	124	0	8289
19239	8374	12	91	69	0	8546
19240	102	17	105	8474	0	8698
19241	117	9	36	8656	0	8818
19242	39	11	25	8889	0	8964
19243	31	26	8664	201	0	8922
19244	8318	12	96	149	0	8575
19245	99	8998	112	59	0	9268
19246	9160	82	32	39	0	9313
19247	103	9328	30	43	0	9504
19248	135	103	20	9261	0	9519
19249	9341	96	23	121	0	9581
19250	96	36	9200	126	0	9458
19251	9045	22	86	53	0	9206
19252	115	26	9399	40	0	9580
19253	122	53	93	9137	0	9405
19254	47	24	9198	103	0	9372
19255	23	9011	104	122	0	9260
19256	68	130	107	8517	0	8822
19257	8295	137	35	104	0	8571
19258	83	31	14	8145	0	8273
19259	101	8119	24	76	0	8320
19260	38	61	21	8143	0	8263
19261	8008	89	15	82	0	8194
19262	7779	19	19	104	0	7921
19263	149	7778	28	43	0	7998
19264	67	7242	19	15	0	7343
19265	27	111	19	6917	0	7074
19266	32	57	16	6907	0	7012
19267	6841	14	7	90	0	6952
19268	6776	11	4	63	0	6854
19269	83	6885	21	20	0	7009
19270	67	57	5	6744	0	6873
19271	20	65	8	6772	0	6865
19272	17	29	6752	91	0	6889
19273	15	6707	41	71	0	6834
19274	13	6445	50	24	0	6532
19275	26	73	13	6113	0	6225
19276	18	42	6078	33	0	6171
19277	10	20	6020	31	0	6081
19278	9	16	48	6045	0	6118
19279	15	5	40	6135	0	6195
19280	11	13	6131	53	0	6208
19281	8	10	28	6221	0	6267
19282	6	17	6333	33	0	6389
19283	6392	7	27	47	0	6473
19284	40	7	39	6558	0	6644
19285	44	16	6761	40	0	6861
19286	19	16	6816	45	0	6896
19287	17	7	74	7244	0	7342
19288	12	11	7765	64	0	7852
19289	22	14	8002	61	0	8099
19290	11	7858	118	21	0	8008
19291	8050	55	59	28	0	8192
19292	70	66	8363	15	0	8514
19293	60	15	70	8207	0	8352
19294	14	16	58	8485	0	8573
19295	21	4	13	8607	0	8645
19296	8	18	8406	137	0	8569
19297	18	11	72	8288	0	8389
19298	8278	7	59	89	0	8433
19299	73	12	19	8263	0	8367
19300	64	13	8262	92	0	8431
19301	13	10	85	8273	0	8381
19302	8325	9	63	88	0	8485
19303	8417	8	18	77	0	8520
19304	8337	8	12	33	0	8390
19305	132	3	12	8273	0	8420
19306	8312	4	14	84	0	8414
19307	8247	4	13	78	0	8342
19308	8241	4	15	30	0	8290
19309	130	8069	25	22	0	8246
19310	8170	72	21	14	0	8277
19311	91	63	12	8138	0	8304
19312	72	18	8130	71	0	8291
19313	21	8116	78	72	0	8287
19314	8124	67	72	29	0	8292
19315	79	60	25	8130	0	8294
19316	77	15	15	7847	0	7954
19317	20	8001	15	132	0	8168
19318	16	8192	24	70	0	8302
19319	7861	125	15	31	0	8032
19320	71	7972	15	28	0	8086
19321	7723	78	13	20	0	7834
19322	70	7762	22	20	0	7874
19323	7650	72	19	21	0	7762
19324	76	7782	19	28	0	7905
19325	72	7975	12	26	0	8085
19326	7897	121	17	24	0	8059
19327	82	70	7843	20	0	8015
19328	70	7945	73	28	0	8116
19329	31	72	71	7906	0	8080
19330	20	64	26	8112	0	8222
19331	28	15	18	8057	0	8118
19332	28	12	9	8171	0	8220
19333	35	12	8110	147	0	8304
19334	7841	10	78	94	0	8023
19335	92	10	70	8231	0	8403
19336	8369	7	26	87	0	8489
19337	8635	14	18	79	0	8746
19338	8757	9	20	36	0	8822
19339	8536	11	17	37	0	8601
19340	172	19	8573	22	0	8786
19341	108	23	90	8406	0	8627
19342	26	15	8622	101	0	8764
19343	28	8520	108	99	0	8755
19344	59	122	95	7851	0	8127
19345	28	92	35	8225	0	8380
19346	22	14	25	8258	0	8319
19347	17	10	11	8188	0	8226
19348	23	14	7997	178	0	8212
19349	19	12	98	8015	0	8144
19350	26	16	88	8121	0	8251
19351	8125	13	18	188	0	8344
19352	8347	7	22	103	0	8479
19353	183	15	19	8467	0	8684
19354	107	12	17	8553	0	8689
19355	29	17	15	8632	0	8693
19356	8553	8	14	198	0	8773
19357	8649	13	15	118	0	8795
19358	8629	11	12	35	0	8687
19359	8582	15	15	40	0	8652
19360	203	8516	24	32	0	8775
19361	8661	100	15	44	0	8820
19362	8665	80	15	30	0	8790
19363	207	23	5	8496	0	8731
19364	123	8	10	8455	0	8596
19365	8303	5	7	205	0	8520
19366	122	8204	24	124	0	8474
19367	111	8444	18	29	0	8602
19368	8528	169	12	40	0	8749
19369	146	89	7	8576	0	8818
19370	116	22	9	8668	0	8815
19371	58	11	7	8791	0	8867
19372	42	14	10	8747	0	8813
19373	47	18	11	8595	0	8671
19374	36	8469	12	201	0	8718
19375	35	101	9	8369	0	8514
19376	8336	85	10	141	0	8572
19377	110	23	13	8326	0	8472
19378	103	21	5	8328	0	8457
19379	8154	14	14	207	0	8389
19380	124	8266	11	122	0	8523
19381	94	161	12	8028	0	8295
19382	33	8175	16	131	0	8355
19383	38	212	18	7846	0	8114
19384	45	84	7772	119	0	8020
19385	7050	40	97	89	0	7276
19386	100	7367	66	40	0	7573
19387	6949	75	20	35	0	7079
19388	82	60	6687	37	0	6866
19389	57	102	61	6021	0	6241
19390	26	6236	50	76	0	6388
19391	16	6327	28	63	0	6434
19392	6073	97	22	33	0	6225
19393	68	60	8	6113	0	6249
19394	52	21	6477	84	0	6634
19395	27	13	53	6557	0	6650
19396	27	16	6603	87	0	6733
19397	6263	7	59	80	0	6409
19398	79	11	6663	36	0	6789
19399	68	18	57	6494	0	6637
19400	29	6782	55	79	0	6945
19401	26	68	10	6661	0	6765
19402	25	6840	13	80	0	6958
19403	7025	63	8	72	0	7168
19404	87	45	5	7243	0	7380
19405	64	15	7334	94	0	7507
19406	36	15	7159	78	0	7288
19407	7139	11	102	42	0	7294
19408	7534	21	50	32	0	7637
19409	7574	16	10	29	0	7629
19410	7472	16	7	35	0	7530
19411	132	7463	9	33	0	7637
19412	7546	60	9	39	0	7654
19413	7552	60	8	33	0	7653
19414	135	19	7461	43	0	7658
19415	82	14	60	7402	0	7558
19416	7514	17	48	97	0	7676
19417	87	21	7454	82	0	7644
19418	78	12	63	7396	0	7549
19419	36	27	7659	87	0	7809
19420	42	11	59	7398	0	7510
19421	33	7780	55	84	0	7952
19422	7805	56	14	80	0	7955
19423	83	62	7716	42	0	7903
19424	7544	22	62	43	0	7671
19425	87	25	54	7613	0	7779
19426	7734	18	8	80	0	7840
19427	73	20	13	7750	0	7856
19428	8206	15	13	113	0	8347
19429	79	23	8101	78	0	8281
19430	8383	21	67	47	0	8518
19431	89	17	47	8560	0	8713
19432	73	23	10	8609	0	8715
19433	8491	14	25	123	0	8653
19434	81	16	12	8549	0	8658
19435	61	27	8432	86	0	8606
19436	32	37	60	8368	0	8497
19437	7932	8	47	76	0	8063
19438	59	7932	16	63	0	8070
19439	40	7845	21	30	0	7936
19440	7592	57	12	26	0	7687
19441	44	7967	19	17	0	8047
19442	48	49	12	7667	0	7776
19443	7744	23	22	51	0	7840
19444	7700	7	9	28	0	7744
19445	7705	11	5	12	0	7733
19446	54	14	7763	18	0	7849
19447	27	39	34	7618	0	7718
19448	12	7825	26	30	0	7893
19449	13	44	7	7849	0	7913
19450	16	30	8016	39	0	8101
19451	14	7888	41	21	0	7964
19452	27	74	22	7809	0	7932
19453	7537	14	13	45	0	7609
19454	30	7699	7	17	0	7753
19455	22	34	8023	9	0	8088
19456	10	21	29	7966	0	8026
19457	11	9	8104	44	0	8168
19458	10	5	34	7928	0	7977
19459	8206	5	32	46	0	8289
19460	33	3	8	8241	0	8285
19461	8271	4	4	38	0	8317
19462	8292	3	7	38	0	8340
19463	62	8535	8	9	0	8614
19464	8675	30	3	13	0	8721
19465	39	8717	9	10	0	8775
19466	44	46	8850	10	0	8950
19467	17	29	36	8875	0	8957
19468	10	7	34	9427	0	9478
19469	15	14	9239	79	0	9347
19470	10	9260	59	48	0	9377
19471	9363	41	45	18	0	9467
19472	9612	40	6	25	0	9683
19473	98	8	9	9714	0	9829
19474	53	9	8	9827	0	9897
19475	20	5	4	9964	0	9993
19476	9784	4	7	98	0	9893
19477	54	19	9736	47	0	9856
19478	46	13	9801	21	0	9881
19479	15	4	80	9905	0	10004
19480	15	17	9845	58	0	9935
19481	17	19	9848	53	0	9937
19482	18	3	86	9573	0	9680
19483	14	13	10165	73	0	10265
19484	13	10163	63	61	0	10300
19485	17	50	42	10221	0	10330
19486	17	52	10382	60	0	10511
19487	17	8	59	10214	0	10298
19488	7	10074	54	64	0	10199
19489	15	45	12	10245	0	10317
19490	16	53	10325	64	0	10458
19491	19	15	48	10096	0	10178
19492	10075	9	47	79	0	10210
19493	55	23	10207	51	0	10336
19494	9486	6	53	25	0	9570
19495	59	10053	56	18	0	10186
19496	10154	47	9	22	0	10232
19497	54	49	13	10197	0	10313
19498	46	10299	13	67	0	10425
19499	10601	55	10	55	0	10721
19500	72	47	10	10791	0	10920
19501	55	15	10921	83	0	11074
19502	14	11053	80	57	0	11204
19503	26	67	58	11012	0	11163
19504	10862	46	17	76	0	11001
19505	10718	7	13	61	0	10799
19506	109	9	6	10716	0	10840
19507	56	15	10624	73	0	10768
19508	9916	10	76	72	0	10074
19509	73	21	10660	23	0	10777
19510	57	7	76	10563	0	10703
19511	10689	6	52	90	0	10837
19512	74	10705	26	64	0	10869
19513	10782	72	14	33	0	10901
19514	87	56	10718	16	0	10877
19515	10734	13	73	33	0	10853
19516	95	9	58	10958	0	11120
19517	67	8	21	11140	0	11236
19518	31	32	11128	129	0	11320
19519	25	15	78	10860	0	10978
19520	11013	11	58	97	0	11179
19521	88	10	12	11064	0	11174
19522	58	11240	29	87	0	11414
19523	35	70	22	11124	0	11251
19524	19	11329	30	102	0	11480
19525	16	96	11179	66	0	11357
19526	10722	61	78	35	0	10896
19527	86	13	62	11290	0	11451
19528	68	18	10834	94	0	11014
19529	27	10807	95	70	0	10999
19530	20	76	59	10613	0	10768
19531	33	62	20	10706	0	10821
19532	10591	17	20	150	0	10778
19533	81	16	20	10804	0	10921
19534	10875	13	19	114	0	11021
19535	10900	13	15	91	0	11019
19536	146	10998	28	35	0	11207
19537	11168	90	17	37	0	11312
19538	116	70	19	11916	0	12121
19539	91	28	12030	122	0	12271
19540	11928	14	109	103	0	12154
19541	135	20	86	11815	0	12056
19542	100	22	11833	134	0	12089
19543	11200	16	316	109	0	11641
19544	138	13	86	11791	0	12028
19545	100	12158	37	132	0	12427
19546	47	117	21	11741	0	11926
19547	38	12148	36	126	0	12348
19548	11988	128	22	101	0	12239
19549	135	92	12318	57	0	12602
19550	98	12180	133	88	0	12499
19551	45	128	74	12174	0	12421
19552	33	93	12264	128	0	12518
19553	37	49	12099	98	0	12283
19554	35	12180	196	46	0	12457
19555	60	174	99	11757	0	12090
19556	46	78	31	12018	0	12173
19557	24	26	27	13634	0	13711
19558	14048	14	28	276	0	14366
19559	224	29	15317	139	0	15709
19560	126	15491	257	63	0	15937
19561	58	242	163	15554	0	16017
19562	51	157	43	16066	0	16317
19563	34	61	15869	424	0	16388
19564	50	42	273	15913	0	16278
19565	25	32	15919	320	0	16296
19566	34	36	15467	199	0	15736
19567	49	25	15560	58	0	15692
19568	46	15	421	14773	0	15255
19569	28	17	207	15283	0	15535
19570	34	18	44	15646	0	15742
19571	15278	11	38	434	0	15761
19572	250	15183	54	205	0	15692
19573	15656	256	21	81	0	16014
19574	15666	158	28	84	0	15936
19575	15952	43	29	52	0	16076
19576	421	15975	42	68	0	16506
19577	16155	270	38	50	0	16513
19578	16268	168	30	52	0	16518
19579	442	43	38	15995	0	16518
19580	218	42	29	16333	0	16622
19581	78	28	23	16640	0	16769
19582	43	41	16253	488	0	16825
19583	15533	29	286	237	0	16085
19584	302	29	181	16062	0	16574
19585	15950	24	63	313	0	16350
19586	297	15938	69	217	0	16521
19587	205	266	47	16044	0	16562
19588	72	169	44	16353	0	16638
19589	16055	48	57	471	0	16631
19590	298	44	38	16269	0	16649
19591	16088	37	28	364	0	16517
19592	16227	30	30	249	0	16536
19593	473	15910	59	103	0	16545
19594	237	16241	47	77	0	16602
19595	104	497	35	15535	0	16171
19596	67	16172	61	268	0	16568
19597	83	305	34	16070	0	16492
19598	69	199	15837	310	0	16415
19599	47	72	15522	241	0	15882
19600	14646	50	417	116	0	15229
19601	15070	37	228	87	0	15422
19602	417	15007	76	78	0	15578
19603	15032	243	49	95	0	15419
19604	301	15499	67	89	0	15956
19605	214	282	55	15475	0	16026
19606	81	197	52	15714	0	16044
19607	64	63	52	15896	0	16075
19608	60	37	63	15996	0	16156
19609	15495	48	59	502	0	16104
19610	272	15531	76	316	0	16195
19611	15689	252	61	145	0	16147
19612	15778	177	73	115	0	16143
19613	459	65	15540	100	0	16164
19614	15197	59	253	99	0	15608
19615	349	15319	180	80	0	15928
19616	239	288	54	15351	0	15932
19617	119	210	51	14928	0	15308
19618	86	15233	67	427	0	15813
19619	15334	285	52	234	0	15905
19620	329	201	15150	127	0	15807
19621	14818	71	277	143	0	15309
19622	357	55	15206	109	0	15727
19623	268	56	287	15058	0	15669
19624	138	57	231	15400	0	15826
19625	120	63	101	15627	0	15911
19626	15435	76	82	548	0	16141
19627	322	71	15571	336	0	16300
19628	15508	60	287	223	0	16078
19629	15895	51	220	199	0	16365
19630	15895	52	110	185	0	16242
19631	15937	50	111	147	0	16245
19632	513	47	108	15537	0	16205
19633	281	76	15505	338	0	16200
19634	178	67	284	15390	0	15919
19635	135	61	15468	393	0	16057
19636	135	73	15149	272	0	15629
19637	139	15096	354	171	0	15760
19638	164	280	173	13917	0	14534
19639	150	183	53	14405	0	14791
19640	172	99	42	13382	0	13695
19641	152	90	47	14421	0	14710
19642	14212	53	43	390	0	14698
19643	14270	50	41	222	0	14583
19644	459	43	32	14021	0	14555
19645	253	54	13766	348	0	14421
19646	126	37	224	13970	0	14357
19647	93	41	167	14189	0	14490
19648	117	52	13926	441	0	14536
19649	128	33	225	13762	0	14148
19650	13742	44	163	331	0	14280
19651	13840	55	41	242	0	14178
19652	13930	71	26	159	0	14186
19653	426	66	26	13618	0	14136
19654	13669	33	18	322	0	14042
19655	13518	43	48	229	0	13838
19656	421	42	13258	126	0	13847
19657	173	27	11361	57	0	11618
19658	119	24	11060	40	0	11243
19659	9230	37	88	25	0	9380
19660	48	9562	62	23	0	9695
19661	9371	30	47	24	0	9472
19662	38	10000	8	21	0	10067
19663	38	33	13	9899	0	9983
19664	16	27	16	9993	0	10052
19665	19	13	3	9998	0	10033
19666	20	16	9932	62	0	10030
19667	9170	5	35	50	0	9260
19668	47	7	30	9898	0	9982
19669	31	9	9836	45	0	9921
19670	21	19	9511	32	0	9583
19671	9215	6	61	37	0	9319
19672	35	9852	45	21	0	9953
19673	9654	34	15	20	0	9723
19674	9599	21	3	23	0	9646
19675	61	9646	12	8	0	9727
19676	9425	32	6	18	0	9481
19677	44	34	9769	12	0	9859
19678	32	13	9562	9	0	9616
19679	15	14	9874	12	0	9915
19680	10	35	65	9664	0	9774
19681	8	13	9848	30	0	9899
19682	9428	3	31	31	0	9493
19683	9701	0	21	15	0	9737
19684	56	14	9917	12	0	9999
19685	38	3	30	9808	0	9879
19686	9883	3	24	44	0	9954
19687	37	10443	16	29	0	10525
19688	23	10621	13	14	0	10671
19689	10600	59	5	19	0	10683
19690	28	39	10672	9	0	10748
19691	26	87	19	10139	0	10271
19692	14	8	20	10285	0	10327
19693	5	2	3	10382	0	10392
19694	1	10319	11	38	0	10369
19695	10	30	2	10064	0	10106
19696	10780	19	2	34	0	10835
19697	29	14	1	11129	0	11173
19698	30	11276	15	33	0	11354
19699	11588	31	2	43	0	11664
19700	36	33	3	11651	0	11723
19701	35	8	5	12056	0	12104
19702	12336	2	2	75	0	12415
19703	12394	1	2	51	0	12448
19704	87	0	2	12505	0	12594
19705	12988	3	2	66	0	13059
19706	12980	2	3	59	0	13044
19707	104	13320	16	10	0	13450
19708	13439	59	2	18	0	13518
19709	67	13439	11	14	0	13531
19710	60	66	3	13472	0	13601
19711	30	61	13841	65	0	13997
19712	12	9	67	13700	0	13788
19713	8	5	50	13821	0	13884
19714	5	1	12	14168	0	14186
19715	13971	3	4	143	0	14121
19716	71	14071	14	81	0	14237
19717	14437	66	6	26	0	14535
19718	81	15076	14	37	0	15208
19719	15418	89	6	14	0	15527
19720	15430	77	6	22	0	15535
19721	15514	13	4	11	0	15542
19722	15382	6	5	17	0	15410
19723	169	25	15325	18	0	15537
19724	109	8	86	15250	0	15453
19725	29	6	85	15824	0	15944
19726	15	29	15576	178	0	15798
19727	15007	8	99	111	0	15225
19728	106	4	85	15492	0	15687
19729	97	29	15377	98	0	15601
19730	26	28	15312	105	0	15471
19731	26	8	182	15720	0	15936
19732	24	25	16252	106	0	16407
19733	21	12	111	15951	0	16095
19734	27	8	90	16073	0	16198
19735	23	32	15831	196	0	16082
19736	14941	10	105	118	0	15174
19737	115	10	89	15849	0	16063
19738	107	27	16045	127	0	16306
19739	36	15	98	16117	0	16266
19740	16106	9	95	127	0	16337
19741	122	24	16103	105	0	16354
19742	15653	9	110	57	0	15829
19743	16397	22	90	40	0	16549
19744	203	7	25	16373	0	16608
19745	118	10	16	16264	0	16408
19746	44	19	16267	196	0	16526
19747	27	8	103	16241	0	16379
19748	42	10	94	15617	0	15763
19749	35	9	22	16360	0	16426
19750	25	25	16041	212	0	16303
19751	15508	16	107	129	0	15760
19752	16179	9	96	60	0	16344
19753	16582	8	27	53	0	16670
19754	16968	14	24	43	0	17049
19755	220	18	15	17025	0	17278
19756	16981	10	23	147	0	17161
19757	16976	9	19	136	0	17140
19758	15170	34	45	66	0	15315
19759	17063	14	21	53	0	17151
19760	201	17008	47	49	0	17305
19761	17177	109	16	49	0	17351
19762	16827	89	20	48	0	16984
19763	220	16950	36	52	0	17258
19764	17121	123	25	43	0	17312
19765	187	115	19	17129	0	17450
19766	148	28	20	17220	0	17416
19767	17065	11	15	259	0	17350
19768	140	16925	33	149	0	17247
19769	140	17003	39	41	0	17223
19770	68	222	20	17284	0	17594
19771	39	133	17403	150	0	17725
19772	46	18	135	17158	0	17357
19773	38	5	116	17482	0	17641
19774	17151	7	31	257	0	17446
19775	17125	8	34	141	0	17308
19776	254	6	16	17160	0	17436
19777	143	29	17015	158	0	17345
19778	52	16	135	17280	0	17483
19779	17345	4	122	171	0	17642
19780	173	21	18119	153	0	18466
19781	148	18336	180	48	0	18712
19782	18765	149	138	45	0	19097
19783	191	128	32	18849	0	19200
19784	174	15	22	18896	0	19107
19785	74	12	16	19290	0	19392
19786	45	19	18825	317	0	19206
19787	16267	20	163	233	0	16683
19788	191	30	18140	59	0	18420
19789	169	18008	186	41	0	18404
19790	68	147	152	18128	0	18495
19791	43	146	32	18368	0	18589
19792	52	26	24	19138	0	19240
19793	51	33	18874	359	0	19317
19794	37	28	18727	220	0	19012
19795	54	39	19465	63	0	19621
19796	46	19510	367	47	0	19970
19797	73	219	225	19440	0	19957
19798	20010	165	44	230	0	20449
19799	20964	22	31	206	0	21223
19800	453	20	22379	68	0	22920
19801	248	22597	283	97	0	23225
19802	86	292	22867	48	0	23293
19803	48	23478	325	43	0	23894
19804	22560	397	366	124	0	23447
19805	22396	240	73	66	0	22775
19806	502	22447	59	55	0	23063
19807	22563	275	37	50	0	22925
19808	346	242	34	22233	0	22855
19809	272	55	28	22492	0	22847
19810	22353	33	27	516	0	22929
19811	21942	32	29	283	0	22286
19812	21992	27	33	81	0	22133
19813	532	21789	37	71	0	22429
19814	273	22339	51	58	0	22721
19815	22203	483	21	67	0	22774
19816	324	269	22155	47	0	22795
19817	281	173	294	21550	0	22298
19818	21029	52	259	299	0	21639
19819	311	20780	66	257	0	21414
19820	240	21362	58	68	0	21728
19821	21241	465	55	48	0	21809
19822	325	246	20951	44	0	21566
19823	20367	108	303	51	0	20829
19824	337	70	20787	41	0	21235
19825	254	61	20783	36	0	21134
19826	95	64	460	20375	0	20994
19827	78	58	21153	264	0	21553
19828	20511	36	304	228	0	21079
19829	21340	38	242	66	0	21686
19830	21643	36	76	54	0	21809
19831	21445	35	52	65	0	21597
19832	529	41	54	20739	0	21363
19833	20867	43	43	292	0	21245
19834	348	20763	75	235	0	21421
19835	308	262	41	19640	0	20251
19836	105	21174	56	271	0	21606
19837	21538	295	34	223	0	22090
19838	21439	227	45	73	0	21784
19839	509	76	48	21242	0	21875
19840	21521	58	48	304	0	21931
19841	21518	60	72	235	0	21885
19842	520	64	43	21315	0	21942
19843	315	51	50	21406	0	21822
19844	140	53	60	21767	0	22020
19845	126	70	21134	506	0	21836
19846	122	55	20630	280	0	21087
19847	127	70	21334	80	0	21611
19848	113	53	499	21054	0	21719
19849	99	67	21732	321	0	22219
19850	122	61	328	21485	0	21996
19851	130	55	22826	339	0	23350
19852	116	69	22233	266	0	22684
19853	21046	65	504	110	0	21725
19854	343	21924	300	81	0	22648
19855	22259	297	105	86	0	22747
19856	379	235	80	21990	0	22684
19857	338	74	63	22232	0	22707
19858	149	77	22280	501	0	23007
19859	127	22333	309	284	0	23053
19860	136	312	234	22410	0	23092
19861	114	252	22580	332	0	23278
19862	116	22198	313	252	0	22879
19863	126	277	252	22011	0	22666
19864	21850	231	108	312	0	22501
19865	21942	79	78	242	0	22341
19866	486	66	80	21877	0	22509
19867	21971	61	67	309	0	22408
19868	342	22039	109	266	0	22756
19869	315	274	72	22145	0	22806
19870	163	245	22409	304	0	23121
19871	150	72	298	22493	0	23013
19872	132	90	22674	327	0	23223
19873	21815	71	302	278	0	22466
19874	359	51	252	22556	0	23218
19875	291	23114	111	327	0	23843
19876	145	321	80	23778	0	24324
19877	141	255	23531	338	0	24265
19878	133	105	23329	276	0	23843
19879	118	89	23073	126	0	23406
19880	21232	143	582	110	0	22067
19881	291	22104	295	96	0	22786
19882	249	253	94	21631	0	22227
19883	21745	197	85	268	0	22295
19884	291	21882	100	231	0	22504
19885	22635	248	67	120	0	23070
19886	22703	210	72	86	0	23071
19887	23095	65	60	88	0	23308
19888	23258	50	77	87	0	23472
19889	482	62	22788	56	0	23388
19890	21887	33	276	88	0	22284
19891	325	55	22475	64	0	22919
19892	20034	36	285	79	0	20434
19893	297	71	192	21821	0	22381
19894	228	44	21615	225	0	22112
19895	107	21341	231	172	0	21851
19896	174	1198	218	19376	0	20966
19897	91	20558	75	181	0	20905
19898	69	20373	62	169	0	20673
19899	17981	243	142	162	0	18528
19900	122	98	17713	42	0	17975
19901	76	17138	102	21	0	17337
19902	16431	106	136	20	0	16693
19903	68	16763	26	18	0	16875
19904	16588	54	13	19	0	16674
19905	73	48	6	16587	0	16714
19906	16612	14	12	59	0	16697
19907	69	7	13	16399	0	16488
19908	16419	9	8	75	0	16511
19909	68	6	8	16395	0	16477
19910	59	16843	20	55	0	16977
19911	26	65	8	17099	0	17198
19912	17069	42	12	69	0	17192
19913	58	17006	26	50	0	17140
19914	57	58	5	16915	0	17035
19915	17061	41	10	77	0	17189
19916	61	13	12	17149	0	17235
19917	52	8	9	17253	0	17322
19918	22	32	17364	100	0	17518
19919	16	22	17111	52	0	17201
19920	24	14	86	17008	0	17132
19921	21	30	17723	57	0	17831
19922	19	15	62	17584	0	17680
19923	26	15	48	16824	0	16913
19924	20	20	9	17747	0	17796
19925	20	52	17558	103	0	17733
19926	21	10	53	17030	0	17114
19927	17	11	46	17212	0	17286
19928	15	17435	32	90	0	17572
19929	29	55	9	17466	0	17559
19930	17361	43	13	79	0	17496
19931	75	13	10	17624	0	17722
19932	53	37	19367	83	0	19540
19933	18177	17	117	91	0	18402
19934	139	20736	107	38	0	21020
19935	136	135	23	21104	0	21398
19936	41	139	20919	165	0	21264
19937	19234	35	152	175	0	19596
19938	147	20730	152	50	0	21079
19939	20910	148	39	50	0	21147
19940	181	127	25	20784	0	21117
19941	20640	39	21	175	0	20875
19942	187	38	20913	150	0	21288
19943	142	20830	161	57	0	21190
19944	40	21917	153	37	0	22147
19945	22031	260	37	52	0	22380
19946	22054	134	17	49	0	22254
19947	283	61	21953	23	0	22320
19948	21247	11	163	39	0	21460
19949	21773	21	131	39	0	21964
19950	21868	22	37	44	0	21971
19951	286	21043	39	23	0	21391
19952	163	21225	28	31	0	21447
19953	21159	258	13	44	0	21474
19954	21130	152	15	46	0	21343
19955	268	21479	30	28	0	21805
19956	172	152	11	21536	0	21871
19957	55	168	21619	160	0	22002
19958	20707	50	153	165	0	21075
19959	19890	52	191	94	0	20227
19960	22028	29	42	53	0	22152
19961	268	21885	34	33	0	22220
19962	179	163	22057	37	0	22436
19963	22254	132	153	39	0	22578
19964	190	40	137	22683	0	23050
19965	171	32	39	22841	0	23083
19966	68	27	22	23140	0	23257
19967	43	58	22793	314	0	23208
19968	62	19	144	22427	0	22652
19969	54	47	22742	198	0	23041
19970	28	22184	181	172	0	22565
19971	21645	142	144	69	0	22000
19972	159	21941	56	39	0	22195
19973	139	21960	36	35	0	22170
19974	21762	234	39	51	0	22086
19975	137	22180	43	37	0	22397
19976	144	161	17	21523	0	21845
19977	58	21637	43	132	0	21870
19978	21419	161	10	126	0	21716
19979	151	21794	23	45	0	22013
19980	145	165	17	22156	0	22483
19981	64	172	22175	161	0	22572
19982	46	64	144	22394	0	22648
19983	50	22539	154	225	0	22968
19984	39	176	41	22713	0	22969
19985	36	173	28	22295	0	22532
19986	55	46	25	22181	0	22307
19987	47	29	20	22645	0	22741
19988	39	41	19	22895	0	22994
19989	47	27	35	23044	0	23153
19990	37	55	23116	359	0	23567
19991	22087	28	205	239	0	22559
19992	212	32	178	24855	0	25277
19993	191	46	25212	264	0	25713
19994	94	57	25437	252	0	25840
19995	53	43	413	25473	0	25982
19996	25821	31	257	264	0	26373
19997	253	67	25576	242	0	26138
19998	25132	40	251	114	0	25537
19999	284	78	26415	62	0	26839
20000	266	44	276	26145	0	26731
20001	123	46	238	26837	0	27244
20002	94	89	26665	424	0	27272
20003	25123	44	260	295	0	25722
20004	286	43	239	26263	0	26831
20005	266	74	26327	271	0	26938
20006	114	71	26522	261	0	26968
20007	118	46	448	24403	0	25015
20008	73	26503	329	230	0	27135
20009	26789	232	91	245	0	27357
20010	26595	232	75	111	0	27013
20011	478	121	26826	59	0	27484
20012	328	56	261	26363	0	27008
20013	26788	45	255	291	0	27379
20014	293	77	26930	290	0	27590
20015	26322	29	278	135	0	26764
20016	314	26816	302	90	0	27522
20017	301	232	95	27114	0	27742
20018	134	238	74	27359	0	27805
20019	27982	65	73	528	0	28648
20020	317	49	66	28215	0	28647
20021	301	40	69	27851	0	28261
20022	111	49	58	28208	0	28426
20023	27539	30	56	632	0	28257
20024	326	76	27583	371	0	28356
20025	27300	38	295	184	0	27817
20026	27535	23	300	139	0	27997
20027	28037	34	101	138	0	28310
20028	592	40	83	27556	0	28271
20029	367	85	27956	372	0	28780
20030	144	27571	335	333	0	28383
20031	100	27869	318	161	0	28448
20032	93	26924	103	103	0	27223
20033	134	427	26629	91	0	27281
20034	121	427	277	29024	0	29849
20035	30103	60	276	423	0	30862
20036	32426	38	67	445	0	32976
20037	763	28	54	33972	0	34817
20038	472	62	34077	481	0	35092
20039	121	65	34044	488	0	34718
20040	96	16	820	34211	0	35143
20041	88	52	34744	531	0	35415
20042	95	15	512	34876	0	35498
20043	81	24	483	33514	0	34102
20044	62	34428	169	864	0	35523
20045	105	436	78	34914	0	35533
20046	103	435	84	35604	0	36226
20047	35040	82	84	972	0	36178
20048	535	43	82	35437	0	36097
20049	541	48	68	35301	0	35958
20050	34521	27	80	987	0	35615
20051	499	34476	135	619	0	35729
20052	35082	445	88	187	0	35802
20053	569	477	34513	152	0	35711
20054	34409	90	504	155	0	35158
20055	33990	40	523	149	0	34702
20056	959	73	33633	150	0	34815
20057	575	79	33459	133	0	34246
20058	208	102	960	32504	0	33774
20059	32522	50	567	586	0	33725
20060	564	77	32252	559	0	33452
20061	567	37	586	32065	0	33255
20062	179	69	32328	594	0	33170
20063	177	43	595	31823	0	32638
20064	171	46	548	31907	0	32672
20065	31735	44	176	1034	0	32989
20066	31872	54	142	663	0	32731
20067	32401	59	124	290	0	32874
20068	1054	80	31733	273	0	33140
20069	648	75	31855	231	0	32809
20070	239	63	987	31430	0	32719
20071	198	64	585	31643	0	32490
20072	206	61	208	32221	0	32696
20073	31041	65	170	1077	0	32353
20074	585	31079	186	724	0	32574
20075	31050	481	173	281	0	31985
20076	30187	481	151	234	0	31053
20077	1016	30112	180	266	0	31574
20078	661	30507	200	239	0	31607
20079	30021	889	195	249	0	31354
20080	621	497	155	28863	0	30136
20081	638	29163	175	694	0	30670
20082	389	473	160	29432	0	30454
20083	308	490	28882	727	0	30407
20084	299	114	590	29255	0	30258
20085	28721	72	671	744	0	30208
20086	645	93	28568	729	0	30035
20087	599	116	28389	394	0	29498
20088	332	742	1060	24660	0	26794
20089	246	26875	694	694	0	28509
20090	260	26789	295	650	0	27994
20091	223	27306	275	440	0	28244
20092	25487	846	281	499	0	27113
20093	25368	434	179	410	0	26391
20094	24727	135	170	402	0	25434
20095	917	24362	198	455	0	25932
20096	24813	395	201	395	0	25804
20097	24487	437	180	349	0	25453
20098	1001	210	24089	329	0	25629
20099	717	23206	595	267	0	24785
20100	414	482	589	23191	0	24676
20101	23231	446	254	579	0	24510
20102	691	144	23061	609	0	24505
20103	617	108	640	22067	0	23432
20104	308	22776	603	710	0	24397
20105	356	431	279	22790	0	23856
20106	334	410	275	22793	0	23812
20107	22848	136	267	1013	0	24264
20108	22932	168	236	709	0	24045
20109	978	166	254	22609	0	24007
20110	661	177	22412	693	0	23943
20111	388	157	22527	672	0	23744
20112	22539	151	822	344	0	23856
20113	784	155	22951	305	0	24195
20114	766	189	586	19544	0	21085
20115	402	21527	630	502	0	23061
20116	21442	393	350	530	0	22715
20117	614	21640	348	360	0	22962
20118	21764	447	283	404	0	22898
20119	666	406	232	21310	0	22614
20120	640	186	225	21415	0	22466
20121	21418	201	212	880	0	22711
20122	21738	195	164	587	0	22684
20123	1044	212	164	21393	0	22813
20124	719	262	179	21404	0	22564
20125	442	241	21057	799	0	22539
20126	342	209	20990	584	0	22125
20127	20626	209	771	342	0	21948
20128	579	218	20190	352	0	21339
20129	20324	161	516	369	0	21370
20130	20418	129	528	338	0	21413
20131	971	164	19672	342	0	21149
20132	608	18949	504	260	0	20321
20133	328	19061	550	196	0	20135
20134	257	305	15509	124	0	16195
20135	580	1277	578	12648	0	15083
20136	11423	256	529	415	0	12623
20137	10964	36	32	120	0	11152
20138	11981	27	31	70	0	12109
20139	13671	28	34	54	0	13787
20140	13973	31	30	63	0	14097
20141	362	14491	44	46	0	14943
20142	14158	198	31	42	0	14429
20143	234	14060	46	32	0	14372
20144	13706	193	43	29	0	13971
20145	212	136	13311	13	0	13672
20146	137	33	164	12757	0	13091
20147	56	13	110	12138	0	12317
20148	17	12778	39	255	0	13089
20149	12870	163	12	120	0	13165
20150	12985	110	6	31	0	13132
20151	294	31	11	12781	0	13117
20152	147	18	10	12936	0	13111
20153	12828	9	10	288	0	13135
20154	199	14	10	12922	0	13145
20155	130	15	12	12978	0	13135
20156	12878	13	5	282	0	13178
20157	192	4	7	12910	0	13113
20158	13003	8	9	203	0	13223
20159	12992	6	9	140	0	13147
20160	298	13	12863	37	0	13211
20161	13003	15	168	45	0	13231
20162	12862	11	107	27	0	13007
20163	12956	11	33	17	0	13017
20164	319	20	12502	28	0	12869
20165	174	17	155	12278	0	12624
20166	79	11	116	12572	0	12778
20167	44	23	12430	286	0	12783
20168	12191	14	178	137	0	12520
20169	205	8	116	12272	0	12601
20170	139	33	12192	190	0	12554
20171	73	23	12469	127	0	12692
20172	54	10	277	12378	0	12719
20173	58	27	12606	201	0	12892
20174	59	13	199	12443	0	12714
20175	64	14	121	12612	0	12811
20176	78	27	12436	299	0	12840
20177	60	34	181	11681	0	11956
20178	49	12048	144	185	0	12426
20179	46	12578	48	159	0	12831
20180	12436	268	38	52	0	12794
20181	12346	142	33	55	0	12576
20182	318	12297	44	50	0	12709
20183	12394	179	33	54	0	12660
20184	12451	131	24	50	0	12656
20185	361	36	20	12215	0	12632
20186	212	31	16	12421	0	12680
20187	12178	25	15	329	0	12547
20188	235	12015	27	187	0	12464
20189	178	12190	41	74	0	12483
20190	112	300	25	12033	0	12470
20191	91	145	12188	215	0	12639
20192	11823	42	194	186	0	12245
20193	12111	24	142	93	0	12370
20194	11871	30	49	71	0	12021
20195	374	11941	39	68	0	12422
20196	243	203	33	11607	0	12086
20197	148	137	36	11987	0	12308
20198	11780	38	46	341	0	12205
20199	266	11718	52	207	0	12243
20200	234	190	41	11580	0	12045
20201	147	148	36	11768	0	12099
20202	136	68	40	11826	0	12070
20203	11568	40	43	378	0	12029
20204	293	11497	61	225	0	12076
20205	254	248	54	10752	0	11308
20206	150	11574	70	219	0	12013
20207	11420	221	61	200	0	11902
20208	287	156	11330	122	0	11895
20209	11067	64	230	132	0	11493
20210	292	54	10984	129	0	11459
20211	262	191	238	10182	0	10873
20212	10202	45	163	261	0	10671
20213	252	48	10132	218	0	10650
20214	10124	41	207	122	0	10494
20215	10354	29	134	130	0	10647
20216	10468	30	74	111	0	10683
20217	383	31	57	10023	0	10494
20218	213	29	65	10121	0	10428
20219	151	21	50	10252	0	10474
20220	9945	23	56	365	0	10389
20221	273	9974	73	216	0	10536
20222	9975	155	57	114	0	10301
20223	10066	117	63	105	0	10351
20224	344	56	9836	101	0	10337
20225	9893	34	210	83	0	10220
20226	10123	37	152	91	0	10403
20227	352	36	81	9958	0	10427
20228	218	44	69	10027	0	10358
20229	143	33	69	10090	0	10335
20230	9795	24	66	344	0	10229
20231	9659	38	77	214	0	9988
20232	9324	33	71	131	0	9559
20233	301	8870	67	118	0	9356
20234	141	8098	75	80	0	8394
20235	54	8198	61	103	0	8416
20236	7939	202	144	93	0	8378
20237	173	100	7820	88	0	8181
20238	119	51	6548	111	0	6829
20239	4530	47	115	45	0	4737
20240	49	9	4651	24	0	4733
20241	13	4	12	3657	0	3686
20242	10	3773	10	13	0	3806
20243	3854	18	8	15	0	3895
20244	3869	14	2	10	0	3895
20245	3881	6	4	4	0	3895
20246	24	2	4	4130	0	4160
20247	18	8	4240	8	0	4274
20248	10	5	4184	10	0	4209
20249	4151	3	21	7	0	4182
20250	4271	2	10	7	0	4290
20251	4250	0	3	8	0	4261
20252	19	0	2	4332	0	4353
20253	22	1	1	4344	0	4368
20254	5	9	4359	19	0	4392
20255	4236	4	9	14	0	4263
20256	15	1	8	4454	0	4478
20257	11	2	4	4437	0	4454
20258	9	2	1	4401	0	4413
20259	7	4410	4	18	0	4439
20260	3	10	0	4390	0	4403
20261	5	9	1	4371	0	4386
20262	4316	2	4	16	0	4338
20263	11	8	4312	11	0	4342
20264	4149	1	12	6	0	4168
20265	4344	1	10	4	0	4359
20266	17	10	2	4311	0	4340
20267	10	3	1	4329	0	4343
20268	4250	2	2	21	0	4275
20269	16	5	4254	11	0	4286
20270	13	4294	12	3	0	4322
20271	6	8	8	4160	0	4182
20272	4145	9	4	15	0	4173
20273	10	5	3	4054	0	4072
20274	11	7	4063	12	0	4093
20275	9	5	4064	11	0	4089
20276	4016	2	16	6	0	4040
20277	12	3	14	4216	0	4245
20278	13	6	4190	8	0	4217
20279	4093	0	8	15	0	4116
20280	4467	0	7	12	0	4486
20281	12	2	4	4480	0	4498
20282	11	1	1	4458	0	4471
20283	6	4496	1	17	0	4520
20284	4653	6	0	16	0	4675
20285	7	7	2	4690	0	4706
20286	11	1	3	4720	0	4735
20287	5	4	4802	13	0	4824
20288	4494	2	8	10	0	4514
20289	4731	0	6	6	0	4743
20290	15	4703	6	7	0	4731
20291	8	4	4582	11	0	4605
20292	4	9	4558	3	0	4574
20293	17	12	11	4497	0	4537
20294	4704	4	16	14	0	4738
20295	4	1	5	4701	0	4711
20296	4901	0	0	15	0	4916
20297	4958	2	0	6	0	4966
20298	5043	2	0	8	0	5053
20299	8	1	1	5117	0	5127
20300	4	1	1	5210	0	5216
20301	5223	1	3	7	0	5234
20302	4	7	5323	3	0	5337
20303	4905	0	2	7	0	4914
20304	5087	1	2	6	0	5096
20305	2	4	5271	3	0	5280
20306	4	9	5272	7	0	5292
20307	2	5313	6	0	0	5321
20308	5	8	7	5323	0	5343
20309	4656	9	4	35	0	4704
20310	4	0	1	5375	0	5380
20311	4	4	5461	6	0	5475
20312	1	5453	3	4	0	5461
20313	1	5474	3	2	0	5480
20314	4	6	0	5574	0	5584
20315	1	2	0	5478	0	5481
20316	0	5478	2	10	0	5490
20317	1	7	5426	4	0	5438
20318	5088	1	4	8	0	5101
20319	5563	0	1	5	0	5569
20320	5	5626	6	1	0	5638
20321	5497	6	0	5	0	5508
20322	7	4	0	5429	0	5440
20323	5402	0	1	11	0	5414
20324	9	0	3	5364	0	5376
20325	2	5709	1	11	0	5723
20326	1	19	5704	5	0	5729
20327	4	3	12	6071	0	6090
20328	2	1	2	6070	0	6075
20329	3	0	1	6397	0	6401
20330	6626	0	1	43	0	6670
20331	32	1	1	6714	0	6748
20332	15	18	7084	37	0	7154
20333	8	8	7497	14	0	7527
20334	7549	1	73	9	0	7632
20335	53	5	7901	5	0	7964
20336	7848	0	60	8	0	7916
20337	58	2	28	8412	0	8500
20338	28	0	10	8659	0	8697
20339	11	2	6	9070	0	9089
20340	13	0	5	9205	0	9223
20341	9085	1	5	140	0	9231
20342	84	12	9331	60	0	9487
20343	58	8	80	9069	0	9215
20344	7	9521	60	85	0	9673
20345	9537	94	9	53	0	9693
20346	102	51	2	9310	0	9465
20347	9278	9	11	99	0	9397
20348	105	11	9261	65	0	9442
20349	62	5	96	8801	0	8964
20350	13	9222	62	88	0	9385
20351	9259	84	12	63	0	9418
20352	97	64	9250	19	0	9430
20353	70	9	97	9148	0	9324
20354	19	1	61	9297	0	9378
20355	9205	4	13	159	0	9381
20356	105	18	9182	71	0	9376
20357	67	11	9308	15	0	9401
20358	24	3	159	9228	0	9414
20359	13	11	9349	111	0	9484
20360	15	13	9415	70	0	9513
20361	12	10	164	9257	0	9443
20362	11	4	75	9413	0	9503
20363	14	4	16	9720	0	9754
20364	9590	3	12	175	0	9780
20365	111	9753	22	87	0	9973
20366	9850	106	17	38	0	10011
20367	126	68	18	9772	0	9984
20368	78	9896	19	138	0	10131
20369	31	110	12	10178	0	10331
20370	10444	68	18	148	0	10678
20371	124	11014	23	106	0	11267
20372	94	141	14	11419	0	11668
20373	37	88	11488	169	0	11782
20374	11298	20	155	114	0	11587
20375	158	17	96	11491	0	11762
20376	105	15	39	11555	0	11714
20377	44	18	11361	254	0	11677
20378	29	20	11380	140	0	11569
20379	11008	8	237	58	0	11311
20380	159	11057	138	36	0	11390
20381	109	148	43	11036	0	11336
20382	11094	98	33	172	0	11397
20383	181	28	11139	106	0	11454
20384	110	10987	174	61	0	11332
20385	44	161	107	10993	0	11305
20386	11027	91	43	198	0	11359
20387	10918	23	31	127	0	11099
20388	11091	17	28	55	0	11191
20389	253	10864	38	51	0	11206
20390	117	148	10955	54	0	11274
20391	56	95	167	10994	0	11312
20392	51	40	124	10360	0	10575
20393	34	23	40	11161	0	11258
20394	33	21	27	11064	0	11145
20395	10841	12	42	286	0	11181
20396	10721	22	27	155	0	10925
20397	264	27	10531	81	0	10903
20398	136	24	10499	57	0	10716
20399	10235	17	248	60	0	10560
20400	10370	16	121	66	0	10573
20401	271	24	47	9946	0	10288
20402	141	10195	53	174	0	10563
20403	10141	159	36	137	0	10473
20404	180	10113	33	77	0	10403
20405	132	10107	33	65	0	10337
20406	58	244	26	10165	0	10493
20407	59	117	32	10270	0	10478
20408	56	39	35	10334	0	10464
20409	40	33	32	10330	0	10435
20410	50	29	9972	294	0	10345
20411	9723	27	176	146	0	10072
20412	10023	27	101	73	0	10224
20413	265	24	35	9792	0	10116
20414	143	22	33	9834	0	10032
20415	9726	22	46	261	0	10055
20416	191	34	9496	144	0	9865
20417	9682	29	161	66	0	9938
20418	9782	24	101	75	0	9982
20419	254	32	9588	67	0	9941
20420	9769	12	162	76	0	10019
20421	209	19	120	9759	0	10107
20422	134	31	48	9902	0	10115
20423	65	18	34	9971	0	10088
20424	72	12	38	9930	0	10052
20425	9352	26	38	276	0	9692
20426	191	15	31	9306	0	9543
20427	124	13	19	8763	0	8919
20428	54	8383	37	234	0	8708
20429	45	8493	41	134	0	8713
20430	59	190	22	8248	0	8519
20431	8187	93	24	151	0	8455
20432	156	35	29	7803	0	8023
20433	93	21	7239	137	0	7490
20434	50	21	6923	90	0	7084
20435	6677	14	163	50	0	6904
20436	113	6805	85	38	0	7041
20437	6325	88	58	34	0	6505
20438	128	70	6315	19	0	6532
20439	121	214	94	5655	0	6084
20440	5587	20	72	83	0	5762
20441	80	5566	25	60	0	5731
20442	5466	68	28	31	0	5593
20443	99	41	5834	20	0	5994
20444	55	23	64	5646	0	5788
20445	29	18	45	5765	0	5857
20446	5854	10	21	120	0	6005
20447	5890	7	17	58	0	5972
20448	6026	10	16	22	0	6074
20449	6019	12	5	29	0	6065
20450	6048	11	11	29	0	6099
20451	114	6003	15	28	0	6160
20452	64	56	16	6027	0	6163
20453	6114	37	5	65	0	6221
20454	84	16	3	6092	0	6195
20455	52	10	9	6113	0	6184
20456	37	8	9	6113	0	6167
20457	28	5983	12	102	0	6125
20458	6001	54	11	64	0	6130
20459	64	38	10	5964	0	6076
20460	5849	14	6	80	0	5949
20461	5765	8	8	63	0	5844
20462	92	5744	12	40	0	5888
20463	5709	49	9	34	0	5801
20464	80	37	5620	23	0	5760
20465	5455	12	61	12	0	5540
20466	73	46	72	5417	0	5608
20467	45	12	5608	48	0	5713
20468	31	5580	50	40	0	5701
20469	37	48	5525	22	0	5632
20470	14	5116	38	16	0	5184
20471	4512	61	98	50	0	4721
20472	4460	8	7	15	0	4490
20473	4398	1	5	6	0	4410
20474	8	4430	7	26	0	4471
20475	4394	5	3	9	0	4411
20476	8	13	4475	7	0	4503
20477	7	8	4511	6	0	4532
20478	7	14	7	4426	0	4454
20479	3	3	14	4677	0	4697
20480	1	4725	8	9	0	4743
20481	4790	7	1	7	0	4805
20482	12	4	2	4833	0	4851
20483	8	4899	3	7	0	4917
20484	3	12	2	5035	0	5052
20485	5020	6	2	12	0	5040
20486	4945	1	1	17	0	4964
20487	20	8	4867	1	0	4896
20488	14	1	10	4905	0	4930
20489	4	8	4940	12	0	4964
20490	1	1	11	4981	0	4994
20491	5	6	5014	18	0	5043
20492	2	1	12	5005	0	5020
20493	3	8	5081	11	0	5103
20494	4	1	10	5053	0	5068
20495	6	7	5208	15	0	5236
20496	6	3	12	5151	0	5172
20497	6	1	11	5256	0	5274
20498	3	5455	7	33	0	5498
20499	6	14	3	5572	0	5595
20500	7	18	5512	21	0	5558
20501	7	1	12	5503	0	5523
20502	3	2	15	5532	0	5552
20503	5529	3	1	41	0	5574
20504	14	4	5	5587	0	5610
20505	21	2	1	5536	0	5560
20506	2	14	5394	31	0	5441
20507	5260	0	12	27	0	5299
20508	18	2	17	5507	0	5544
20509	24	1	3	5525	0	5553
20510	7	0	5	5558	0	5570
20511	5543	2	6	36	0	5587
20512	16	1	3	5621	0	5641
20513	19	1	6	5605	0	5631
20514	5566	0	4	38	0	5608
20515	15	5575	9	24	0	5623
20516	15	15	4	5535	0	5569
20517	4	15	4	5577	0	5600
20518	4	7	5488	40	0	5539
20519	4444	3	28	34	0	4509
20520	19	4	15	5426	0	5464
20521	17	11	5331	28	0	5387
20522	5320	4	20	28	0	5372
20523	27	1	21	5585	0	5634
20524	20	2	5	5697	0	5724
20525	8	2	6	5733	0	5749
20526	4	3	3	5831	0	5841
20527	8	8	6168	58	0	6242
20528	3	2	35	6220	0	6260
20529	4	0	29	7317	0	7350
20530	6	10	8456	89	0	8561
20531	8849	1	103	56	0	9009
20532	9287	2	77	38	0	9404
20533	9454	3	32	18	0	9507
20534	222	1	11	9268	0	9502
20535	9418	3	5	122	0	9548
20536	9554	3	5	98	0	9660
20537	220	4	7	9542	0	9773
20538	9586	7	8	136	0	9737
20539	9550	2	6	104	0	9662
20540	9618	2	6	52	0	9678
20541	9659	3	4	35	0	9701
20542	251	4	6	9289	0	9550
20543	139	8926	17	126	0	9208
20544	52	8972	14	109	0	9147
20545	29	9167	12	42	0	9250
20546	8888	218	7	25	0	9138
20547	9067	119	3	21	0	9210
20548	217	48	8943	18	0	9226
20549	9085	15	121	33	0	9254
20550	169	11	92	9213	0	9485
20551	130	6	32	9221	0	9389
20552	59	6	12	9362	0	9439
20553	9092	3	7	252	0	9354
20554	146	4	9	9155	0	9314
20555	105	9032	16	176	0	9329
20556	65	123	6	9206	0	9400
20557	34	96	9370	171	0	9671
20558	31	34	120	9481	0	9666
20559	9463	12	98	180	0	9753
20560	176	16	9503	121	0	9816
20561	128	11	132	9483	0	9754
20562	72	12	95	9550	0	9729
20563	48	7	37	9571	0	9663
20564	32	9624	25	252	0	9933
20565	36	134	10	9740	0	9920
20566	9618	93	10	195	0	9916
20567	9466	37	19	134	0	9656
20568	252	35	9396	61	0	9744
20569	152	17	9526	45	0	9740
20570	77	12	220	9404	0	9713
20571	47	15	121	9646	0	9829
20572	31	19	9620	253	0	9923
20573	44	23	147	9016	0	9230
20574	44	9574	110	165	0	9893
20575	9800	134	43	113	0	10090
20576	9752	108	22	56	0	9938
20577	9724	38	21	57	0	9840
20578	295	23	9761	35	0	10114
20579	179	19	144	9740	0	10082
20580	87	24	9728	171	0	10010
20581	9364	13	173	142	0	9692
20582	175	9560	118	76	0	9929
20583	148	139	41	9415	0	9743
20584	9456	104	27	164	0	9751
20585	167	43	16	9516	0	9742
20586	136	27	16	9690	0	9869
20587	68	23	9522	259	0	9872
20588	9039	16	142	168	0	9365
20589	166	9508	116	82	0	9872
20590	129	129	53	9562	0	9873
20591	9539	99	26	170	0	9834
20592	182	44	17	9585	0	9828
20593	9529	26	19	193	0	9767
20594	198	9539	25	152	0	9914
20595	9713	135	17	74	0	9939
20596	216	102	9732	49	0	10099
20597	9719	47	156	53	0	9975
20598	9634	23	119	63	0	9839
20599	9749	23	61	43	0	9876
20600	321	16	33	9475	0	9845
20601	189	24	19	9315	0	9547
20602	123	21	19	9449	0	9612
20603	63	9372	38	284	0	9757
20604	9460	146	19	182	0	9807
20605	210	108	18	9422	0	9758
20606	162	41	15	9532	0	9750
20607	96	28	30	9638	0	9792
20608	9428	17	23	301	0	9769
20609	191	21	18	9569	0	9799
20610	143	33	9358	227	0	9761
20611	73	9420	147	173	0	9813
20612	50	145	109	9582	0	9886
20613	51	116	38	9671	0	9876
20614	51	61	27	9858	0	9997
20615	52	36	9586	302	0	9976
20616	54	23	9626	175	0	9878
20617	61	22	239	9654	0	9976
20618	60	29	10126	193	0	10408
20619	61	14	178	10248	0	10501
20620	10339	16	127	232	0	10714
20621	10676	18	48	203	0	10945
20622	10743	21	32	88	0	10884
20623	312	34	10415	68	0	10829
20624	10339	29	143	50	0	10561
20625	216	30	125	10503	0	10874
20626	163	16	10464	189	0	10832
20627	84	19	10299	133	0	10535
20628	62	10065	245	93	0	10465
20629	42	9218	119	46	0	9425
20630	7712	184	234	66	0	8196
20631	97	53	29	7429	0	7608
20632	52	15	7541	74	0	7682
20633	18	15	50	7626	0	7709
20634	7700	2	40	65	0	7807
20635	59	13	8173	55	0	8300
20636	8135	6	58	27	0	8226
20637	8505	3	48	21	0	8577
20638	8391	9	7	24	0	8431
20639	119	8368	20	13	0	8520
20640	8564	67	9	23	0	8663
20641	83	51	7	8643	0	8784
20642	55	10	11	8664	0	8740
20643	25	5	8	8729	0	8767
20644	13	5	7	8691	0	8716
20645	8462	1	9	130	0	8602
20646	73	8420	14	65	0	8572
20647	57	8300	9	17	0	8383
20648	22	8443	11	9	0	8485
20649	8379	106	20	18	0	8523
20650	8369	50	20	18	0	8457
20651	8343	8	13	14	0	8378
20652	8376	3	4	15	0	8398
20653	123	7	8	8329	0	8467
20654	66	3	10	8381	0	8460
20655	8324	6	6	121	0	8457
20656	69	8297	10	72	0	8448
20657	8070	60	8	27	0	8165
20658	8272	50	3	21	0	8346
20659	119	14	6	8156	0	8295
20660	56	8309	13	73	0	8451
20661	19	69	5	8469	0	8562
20662	8339	51	8	87	0	8485
20663	82	22	8503	58	0	8665
20664	65	5	58	8247	0	8375
20665	24	8454	63	55	0	8596
20666	8445	63	10	57	0	8575
20667	8360	47	11	29	0	8447
20668	118	24	8503	15	0	8660
20669	62	8374	62	21	0	8519
20670	27	83	8432	11	0	8553
20671	24	78	70	8143	0	8315
20672	16	22	8191	68	0	8297
20673	18	23	8065	47	0	8153
20674	9	8032	103	17	0	8161
20675	7958	55	50	18	0	8081
20676	8103	53	9	13	0	8178
20677	103	8290	14	11	0	8418
20678	57	8176	10	16	0	8259
20679	29	100	7932	9	0	8070
20680	12	57	7913	15	0	7997
20681	17	25	8089	11	0	8142
20682	17	8	98	8003	0	8126
20683	30	13	8143	63	0	8249
20684	17	8	69	7918	0	8012
20685	18	10	46	7979	0	8053
20686	17	22	8063	101	0	8203
20687	16	8062	74	60	0	8212
20688	24	64	49	8049	0	8186
20689	7969	50	16	75	0	8110
20690	74	16	6	8098	0	8194
20691	66	17	8140	71	0	8294
20692	21	8137	72	65	0	8295
20693	23	8497	64	20	0	8604
20694	26	121	18	8270	0	8435
20695	8251	56	12	71	0	8390
20696	8200	12	7	54	0	8273
20697	129	11	11	8050	0	8201
20698	66	8403	13	84	0	8566
20699	22	76	10	8545	0	8653
20700	23	50	11	8799	0	8883
20701	20	20	12	8852	0	8904
20702	9187	9	13	154	0	9363
20703	94	9309	13	78	0	9494
20704	9452	87	14	30	0	9583
20705	9588	77	4	26	0	9695
20706	9652	25	7	20	0	9704
20707	9865	19	13	18	0	9915
20708	186	26	6	9652	0	9870
20709	115	15	9742	112	0	9984
20710	34	9780	110	105	0	10029
20711	9921	99	98	34	0	10152
20712	10045	90	24	38	0	10197
20713	10222	25	14	28	0	10289
20714	206	23	9977	25	0	10231
20715	9931	12	102	29	0	10074
20716	10058	16	84	22	0	10180
20717	198	22	17	9988	0	10225
20718	106	15	9622	109	0	9852
20719	30	9530	109	97	0	9766
20720	32	108	93	9345	0	9578
20721	9183	90	46	118	0	9437
20722	105	20	15	9208	0	9348
20723	99	14	13	9417	0	9543
20724	9653	11	14	186	0	9864
20725	119	23	9602	91	0	9835
20726	9707	13	100	30	0	9850
20727	9638	12	97	18	0	9765
20728	9686	8	28	27	0	9749
20729	9711	15	16	25	0	9767
20730	200	23	9427	16	0	9666
20731	120	27	102	9307	0	9556
20732	42	23	9485	104	0	9654
20733	34	29	111	9275	0	9449
20734	28	26	9288	120	0	9462
20735	8485	5	110	95	0	8695
20736	106	8473	88	40	0	8707
20737	96	8617	29	16	0	8758
20738	44	154	20	8917	0	9135
20739	42	87	9	8908	0	9046
20740	40	9473	22	161	0	9696
20741	9477	103	7	109	0	9696
20742	9848	91	9	27	0	9975
20743	10310	22	19	21	0	10372
20744	10906	13	15	22	0	10956
20745	274	11	11	10914	0	11210
20746	170	6	13	11312	0	11501
20747	11451	8	18	272	0	11749
20748	179	12	16	11485	0	11692
20749	159	19	11206	187	0	11571
20750	66	26	11270	150	0	11512
20751	42	6	275	11391	0	11714
20752	40	19	11472	177	0	11708
20753	11260	12	183	146	0	11601
20754	174	15	143	11375	0	11707
20755	11503	8	41	171	0	11723
20756	202	21	11515	151	0	11889
20757	166	8	154	11503	0	11831
20758	60	10	11666	168	0	11904
20759	35	11524	195	165	0	11919
20760	11338	172	177	58	0	11745
20761	11392	143	49	35	0	11619
20762	308	11244	38	34	0	11624
20763	11256	157	28	30	0	11471
20764	218	137	19	11086	0	11460
20765	167	45	22	11176	0	11410
20766	11047	15	17	303	0	11382
20767	183	10847	26	192	0	11248
20768	171	10912	32	63	0	11178
20769	81	285	25	10729	0	11120
20770	10774	163	14	172	0	11123
20771	10889	39	22	163	0	11113
20772	10956	22	22	54	0	11054
20773	345	24	10641	37	0	11047
20774	200	45	10598	43	0	10886
20775	64	10559	303	48	0	10974
20776	10509	154	173	42	0	10878
20777	211	133	53	10260	0	10657
20778	10442	46	25	174	0	10687
20779	10401	19	33	153	0	10606
20780	327	18	30	10229	0	10604
20781	199	35	10232	186	0	10652
20782	10207	14	163	169	0	10553
20783	207	19	149	10247	0	10622
20784	185	22	10280	193	0	10680
20785	10172	22	171	170	0	10535
20786	10249	23	156	68	0	10496
20787	322	19	68	10071	0	10480
20788	209	30	10084	194	0	10517
20789	106	18	170	9714	0	10008
20790	70	10077	164	201	0	10512
20791	81	169	10153	162	0	10565
20792	79	10285	181	62	0	10607
20793	9979	174	161	53	0	10367
20794	10091	146	70	33	0	10340
20795	10213	48	34	42	0	10337
20796	10166	27	37	55	0	10285
20797	369	26	45	9766	0	10206
20798	9665	28	28	171	0	9892
20799	250	16	19	9490	0	9775
20800	9190	12	38	199	0	9439
20801	218	9047	44	155	0	9464
20802	170	164	25	8327	0	8686
20803	57	8553	40	155	0	8805
20804	8470	152	38	123	0	8783
20805	8398	119	32	59	0	8608
20806	253	8261	35	58	0	8607
20807	164	137	35	8084	0	8420
20808	86	110	8054	143	0	8393
20809	74	69	131	7969	0	8243
20810	64	23	7946	165	0	8198
20811	71	51	150	7254	0	7526
20812	46	7577	109	150	0	7882
20813	7494	118	43	121	0	7776
20814	7558	103	27	55	0	7743
20815	243	36	16	7460	0	7755
20816	7777	25	26	140	0	7968
20817	183	23	19	7741	0	7966
20818	145	19	17	7732	0	7913
20819	81	29	22	7798	0	7930
20820	7726	22	21	234	0	8003
20821	7776	14	16	152	0	7958
20822	7859	15	20	64	0	7958
20823	247	7518	25	44	0	7834
20824	7273	110	20	40	0	7443
20825	150	7147	25	35	0	7357
20826	7159	129	28	37	0	7353
20827	174	86	22	6998	0	7280
20828	129	36	19	7082	0	7266
20829	6954	25	16	191	0	7186
20830	6981	14	15	113	0	7123
20831	207	6872	23	54	0	7156
20832	6866	107	18	37	0	7028
20833	160	78	15	6679	0	6932
20834	120	29	10	6768	0	6927
20835	6632	18	14	198	0	6862
20836	141	24	6646	107	0	6918
20837	113	6421	104	45	0	6683
20838	60	106	69	5877	0	6112
20839	36	67	5558	92	0	5753
20840	45	158	73	5203	0	5479
20841	5219	11	70	92	0	5392
20842	87	4945	18	53	0	5103
20843	51	4524	12	25	0	4612
20844	27	4039	13	11	0	4090
20845	106	164	87	3410	0	3767
20846	3349	25	86	64	0	3524
20847	30	5	3	3250	0	3288
20848	3228	0	0	29	0	3257
20849	3239	3	0	15	0	3257
20850	35	2	2	3225	0	3264
20851	3197	3	1	30	0	3231
20852	27	3	1	3231	0	3262
20853	9	9	3272	28	0	3318
20854	3221	3	24	13	0	3261
20855	31	7	3662	6	0	3706
20856	3473	5	32	6	0	3516
20857	37	7	3573	7	0	3624
20858	18	0	19	3326	0	3363
20859	4	2	13	3437	0	3456
20860	3527	1	0	39	0	3567
20861	27	2	0	3620	0	3649
20862	3649	1	1	25	0	3676
20863	22	3720	1	16	0	3759
20864	3816	24	4	7	0	3851
20865	27	16	3	3885	0	3931
20866	16	1	0	3908	0	3925
20867	2	1	1	3925	0	3929
20868	4	1	1	3914	0	3920
20869	0	8	3855	42	0	3905
20870	2	7	3798	15	0	3822
20871	5	3	38	3802	0	3848
20872	4	5	3908	28	0	3945
20873	1	3892	28	19	0	3940
20874	4	26	15	3884	0	3929
20875	4	18	3996	27	0	4045
20876	5	11	3983	23	0	4022
20877	6	3	46	4050	0	4105
20878	7	0	17	4095	0	4119
20879	2	4185	7	50	0	4244
20880	9	34	2	4216	0	4261
20881	2	20	4273	32	0	4327
20882	4153	4	35	21	0	4213
20883	35	3	21	4360	0	4419
20884	4405	1	3	43	0	4452
20885	4428	3	2	32	0	4465
20886	4556	1	5	11	0	4573
20887	63	6	4571	5	0	4645
20888	29	8	4532	8	0	4577
20889	4126	1	60	14	0	4201
20890	45	5	4573	7	0	4630
20891	31	1	38	4280	0	4350
20892	9	4	25	4405	0	4443
20893	12	11	4424	60	0	4507
20894	4	4433	42	33	0	4512
20895	4372	34	28	9	0	4443
20896	35	4461	16	11	0	4523
20897	28	4606	7	15	0	4656
20898	4584	60	10	19	0	4673
20899	37	29	4733	13	0	4812
20900	26	12	4807	13	0	4858
20901	10	4	67	4692	0	4773
20902	4747	9	30	45	0	4831
20903	43	4809	10	33	0	4895
20904	4868	39	7	13	0	4927
20905	43	30	5002	11	0	5086
20906	32	5303	53	16	0	5404
20907	7	42	34	5468	0	5551
20908	10	40	5529	48	0	5627
20909	6	7	55	5525	0	5593
20910	17	5	45	5254	0	5321
20911	12	3	14	5630	0	5659
20912	10	7	8	5632	0	5657
20913	5544	4	4	99	0	5651
20914	5529	6	16	44	0	5595
20915	94	7	5626	17	0	5744
20916	5359	4	55	31	0	5449
20917	59	5446	47	15	0	5567
20918	5466	47	12	15	0	5540
20919	55	44	5527	7	0	5633
20920	46	26	53	5390	0	5515
20921	12	5	5524	49	0	5590
20922	14	9	5527	49	0	5599
20923	13	15	85	5386	0	5499
20924	20	6	45	5453	0	5524
20925	7	9	5406	89	0	5511
20926	11	5299	56	53	0	5419
20927	8	5409	54	14	0	5485
20928	14	83	22	5397	0	5516
20929	5327	48	19	54	0	5448
20930	49	5598	12	61	0	5720
20931	45	48	5632	20	0	5745
20932	17	55	5540	12	0	5624
20933	19	18	5631	15	0	5683
20934	8	11	96	5460	0	5575
20935	5553	9	51	50	0	5663
20936	50	5506	17	55	0	5628
20937	62	54	5519	16	0	5651
20938	10	5596	56	19	0	5681
20939	18	47	49	5562	0	5676
20940	8	44	5615	63	0	5730
20941	12	5687	59	52	0	5810
20942	16	48	48	5619	0	5731
20943	18	47	22	5733	0	5820
20944	10	18	5784	97	0	5909
20945	15	9	60	5653	0	5737
20946	11	5705	51	60	0	5827
20947	12	59	5706	56	0	5833
20948	5615	43	59	23	0	5740
20949	57	12	47	5785	0	5901
20950	47	14	26	5695	0	5782
20951	20	5796	18	85	0	5919
20952	5702	51	20	56	0	5829
20953	54	48	5625	21	0	5748
20954	5538	12	50	16	0	5616
20955	54	28	41	5295	0	5418
20956	38	5339	20	42	0	5439
20957	8	44	14	5363	0	5429
20958	15	36	8	5476	0	5535
20959	5428	12	15	77	0	5532
20960	5504	7	11	43	0	5565
20961	71	8	12	5470	0	5561
20962	34	19	5434	42	0	5529
20963	4974	8	45	48	0	5075
20964	42	5398	34	26	0	5500
20965	38	49	10	5407	0	5504
20966	14	31	16	5527	0	5588
20967	11	12	11	5570	0	5604
20968	5	10	5520	79	0	5614
20969	15	4	46	5431	0	5496
20970	9	5532	41	45	0	5627
20971	11	44	13	5436	0	5504
20972	7	5513	20	39	0	5579
20973	7	50	13	5479	0	5549
20974	7	40	5436	47	0	5530
20975	4983	9	41	43	0	5076
20976	44	13	33	5381	0	5471
20977	32	10	5326	38	0	5406
20978	8	5308	39	44	0	5399
20979	5220	40	38	16	0	5314
20980	34	37	5233	21	0	5325
20981	5085	16	56	11	0	5168
20982	44	12	28	5209	0	5293
20983	32	7	14	5156	0	5209
20984	8	5220	18	60	0	5306
20985	5182	28	9	35	0	5254
20986	5069	28	6	19	0	5122
20987	56	5246	12	11	0	5325
20988	31	35	8	5302	0	5376
20989	14	27	9	5309	0	5359
20990	9	9	10	5310	0	5338
20991	10	13	5212	60	0	5295
20992	4994	7	35	48	0	5084
20993	32	12	29	5223	0	5296
20994	27	10	7	5278	0	5322
20995	11	5	5166	67	0	5249
20996	7	11	5111	35	0	5164
20997	6	10	58	5174	0	5248
20998	6	11	5255	45	0	5317
20999	4965	11	46	33	0	5055
21000	33	5	28	5155	0	5221
21001	27	3	14	5277	0	5321
21002	11	11	5449	62	0	5533
21003	5	28	35	5495	0	5563
21004	9	11	5555	40	0	5615
21005	8	5373	37	34	0	5452
21006	4974	37	43	18	0	5072
21007	4925	12	7	15	0	4959
21008	40	4934	6	8	0	4988
21009	16	31	4	5022	0	5073
21010	9	19	5066	35	0	5129
21011	12	11	27	5043	0	5093
21012	5047	3	16	37	0	5103
21013	29	5086	8	25	0	5148
21014	5105	29	9	10	0	5153
21015	32	15	3	5060	0	5110
21016	5053	1	4	39	0	5097
21017	34	5026	5	21	0	5086
21018	5056	25	6	12	0	5099
21019	29	18	4938	14	0	4999
21020	11	5036	33	9	0	5089
21021	12	31	15	4999	0	5057
21022	5265	9	9	26	0	5309
21023	5291	5	5	15	0	5316
21024	42	2	3	5302	0	5349
21025	5364	2	5	36	0	5407
21026	5356	2	1	22	0	5381
21027	5473	4	4	8	0	5489
21028	53	2	5	5458	0	5518
21029	17	6	5558	31	0	5612
21030	5	9	5271	23	0	5308
21031	4	8	5400	10	0	5422
21032	5341	3	45	7	0	5396
21033	34	1	19	5446	0	5500
21034	21	5577	13	33	0	5644
21035	11	34	1	5477	0	5523
21036	6	5753	5	36	0	5800
21037	5793	30	3	26	0	5852
21038	32	16	8	5843	0	5899
21039	20	4	7	5986	0	6017
21040	6081	4	7	53	0	6145
21041	41	3	6	6122	0	6172
21042	28	5	1	6193	0	6227
21043	6302	4	1	64	0	6371
21044	44	11	6463	24	0	6542
21045	30	2	39	6453	0	6524
21046	7	8	6509	40	0	6564
21047	6375	4	35	41	0	6455
21048	46	3	29	6546	0	6624
21049	6541	2	5	48	0	6596
21050	49	4	3	6610	0	6666
21051	35	7	6829	53	0	6924
21052	19	1	40	6928	0	6988
21053	7103	3	34	50	0	7190
21054	46	7183	11	43	0	7283
21055	35	53	7111	11	0	7210
21056	6830	31	46	10	0	6917
21057	48	7161	36	12	0	7257
21058	38	7209	11	15	0	7273
21059	14	7629	12	4	0	7659
21060	13	77	5	7930	0	8025
21061	8172	40	16	51	0	8279
21062	8454	8	5	50	0	8517
21063	100	11	8439	12	0	8562
21064	8314	5	48	16	0	8383
21065	51	8340	54	14	0	8459
21066	74	49	7	8253	0	8383
21067	8681	50	5	56	0	8792
21068	8732	5	2	53	0	8792
21069	8831	4	3	14	0	8852
21070	8753	1	5	11	0	8770
21071	8838	3	5	12	0	8858
21072	105	15	4	8729	0	8853
21073	52	17	8775	54	0	8898
21074	19	2	47	8877	0	8945
21075	17	3	48	8873	0	8941
21076	8915	1	10	102	0	9028
21077	63	8752	10	52	0	8877
21078	8913	51	6	15	0	8985
21079	9030	48	7	15	0	9100
21080	9301	8	6	17	0	9332
21081	9325	7	9	15	0	9356
21082	112	14	9162	12	0	9300
21083	9130	11	48	13	0	9202
21084	9237	5	46	21	0	9309
21085	8433	12	16	29	0	8490
21086	9289	3	6	11	0	9309
21087	111	6	4	8999	0	9120
21088	78	10	8892	57	0	9037
21089	8757	5	56	65	0	8883
21090	75	8994	65	17	0	9151
21091	75	47	14	8769	0	8905
21092	29	9182	15	60	0	9286
21093	34	50	6	9178	0	9268
21094	9263	52	9	64	0	9388
21095	9299	7	7	66	0	9379
21096	9342	10	10	13	0	9375
21097	131	9	8942	15	0	9097
21098	8920	11	48	19	0	8998
21099	80	16	8935	14	0	9045
21100	81	21	8839	14	0	8955
21101	40	15	9069	13	0	9137
21102	42	32	108	8376	0	8558
21103	35	15	64	8781	0	8895
21104	38	11	17	8829	0	8895
21105	35	12	14	8846	0	8907
21106	31	10	9	8761	0	8811
21107	36	8	19	8681	0	8744
21108	33	8814	18	106	0	8971
21109	8630	64	13	57	0	8764
21110	62	8853	13	36	0	8964
21111	73	65	12	8889	0	9039
21112	46	54	6	8991	0	9097
21113	8906	18	10	111	0	9045
21114	82	8889	27	69	0	9067
21115	8973	52	13	27	0	9065
21116	89	62	16	8903	0	9070
21117	89	14	19	8933	0	9055
21118	44	14	19	8941	0	9018
21119	39	19	8858	130	0	9046
21120	43	13	56	8830	0	8942
21121	45	20	8732	73	0	8870
21122	42	18	8480	65	0	8605
21123	45	17	8989	34	0	9085
21124	48	19	92	8932	0	9091
21125	47	11	63	9162	0	9283
21126	29	12	21	9285	0	9347
21127	9340	12	22	116	0	9490
21128	78	24	12	9610	0	9724
21129	9716	12	24	83	0	9835
21130	109	9742	17	75	0	9943
21131	10314	73	14	42	0	10443
21132	10630	71	12	47	0	10760
21133	158	10989	29	27	0	11203
21134	11146	67	16	31	0	11260
21135	11131	70	17	38	0	11256
21136	11262	18	33	33	0	11346
21137	11241	11	13	33	0	11298
21138	180	17	11020	38	0	11255
21139	118	10893	89	32	0	11132
21140	57	90	81	10703	0	10931
21141	10704	71	24	93	0	10892
21142	86	30	10736	92	0	10944
21143	90	10577	76	50	0	10793
21144	52	74	70	9945	0	10141
21145	27	10449	28	82	0	10586
21146	50	94	11	10389	0	10544
21147	45	73	11	10479	0	10608
21148	41	32	10458	127	0	10658
21149	54	18	10334	72	0	10478
21150	9647	17	135	41	0	9840
21151	93	25	10261	18	0	10397
21152	97	17	10133	21	0	10268
21153	56	29	119	9854	0	10058
21154	45	12	78	9612	0	9747
21155	28	9876	37	120	0	10061
21156	28	10527	32	91	0	10678
21157	40	135	10644	29	0	10848
21158	38	181	92	10789	0	11100
21159	27	35	10752	94	0	10908
21160	18	17	10023	74	0	10132
21161	20	9906	149	22	0	10097
21162	35	93	88	9451	0	9667
21163	9574	59	18	88	0	9739
21164	72	13	7	9657	0	9749
21165	9718	5	9	81	0	9813
21166	9617	6	5	75	0	9703
21167	9700	4	8	24	0	9736
21168	146	11	9631	9	0	9797
21169	9561	6	69	11	0	9647
21170	85	6	70	9754	0	9915
21171	9860	4	16	75	0	9955
21172	9815	3	12	74	0	9904
21173	135	9718	14	18	0	9885
21174	9753	74	9	14	0	9850
21175	86	74	9748	16	0	9924
21176	9521	14	78	13	0	9626
21177	9610	8	70	16	0	9704
21178	122	9673	25	9	0	9829
21179	9629	68	11	13	0	9721
21180	79	65	15	9289	0	9448
21181	80	16	10	9185	0	9291
21182	20	9276	23	124	0	9443
21183	18	72	10	9402	0	9502
21184	24	65	5	9437	0	9531
21185	21	19	9353	137	0	9530
21186	21	25	9297	81	0	9424
21187	8978	15	129	28	0	9150
21188	9349	3	76	17	0	9445
21189	153	6	17	9320	0	9496
21190	95	10	9344	85	0	9534
21191	28	9316	94	72	0	9510
21192	30	81	72	9274	0	9457
21193	16	81	9347	93	0	9537
21194	8959	12	79	85	0	9135
21195	89	11	76	9480	0	9656
21196	80	9714	31	84	0	9909
21197	37	78	15	9829	0	9959
21198	26	72	12	9938	0	10048
21199	22	19	21	10035	0	10097
21200	9816	9	20	166	0	10011
21201	96	14	16	9771	0	9897
21202	9807	11	15	105	0	9938
21203	9836	13	17	97	0	9963
21204	164	21	9815	33	0	10033
21205	101	9932	104	27	0	10164
21206	60	89	86	8899	0	9134
21207	28	10348	32	76	0	10484
21208	10460	104	18	70	0	10652
21209	104	97	19	10454	0	10674
21210	107	26	10453	102	0	10688
21211	41	19	10385	106	0	10551
21212	33	23	10495	32	0	10583
21213	10131	19	193	21	0	10364
21214	108	10421	114	27	0	10670
21215	10408	95	23	30	0	10556
21216	119	10586	29	27	0	10761
21217	118	107	12	10426	0	10663
21218	47	89	14	10331	0	10481
21219	45	10596	18	179	0	10838
21220	34	102	10605	112	0	10853
21221	30	10738	115	59	0	10942
21222	10457	97	100	34	0	10688
21223	124	91	15	10141	0	10371
21224	115	27	9953	113	0	10208
21225	40	29	9990	97	0	10156
21226	50	58	175	9829	0	10112
21227	30	17	9739	101	0	9887
21228	32	28	9324	95	0	9479
21229	8735	21	152	31	0	8939
21230	79	8988	107	28	0	9202
21231	8556	82	29	28	0	8695
21232	85	73	8577	28	0	8763
21233	85	8204	92	20	0	8401
21234	25	8239	96	18	0	8378
21235	68	175	73	8054	0	8370
21236	19	83	13	8234	0	8349
21237	16	11	18	8474	0	8519
21238	12	16	8358	169	0	8555
21239	24	10	89	8404	0	8527
21240	22	13	89	8477	0	8601
21241	8460	10	12	178	0	8660
21242	94	8360	26	102	0	8582
21243	99	96	16	8531	0	8742
21244	8542	97	11	99	0	8749
21245	8478	18	12	108	0	8616
21246	187	11	15	8452	0	8665
21247	108	20	8574	97	0	8799
21248	35	14	96	8604	0	8749
21249	15	22	8631	109	0	8777
21250	8641	13	110	107	0	8871
21251	9206	8	104	27	0	9345
21252	199	41	18	9471	0	9729
21253	120	18	9749	111	0	9998
21254	33	10296	121	126	0	10576
21255	35	143	10595	22	0	10795
21256	39	194	144	9179	0	9556
21257	16	9947	120	120	0	10203
21258	9541	121	25	100	0	9787
21259	133	103	21	9176	0	9433
21260	110	9465	19	120	0	9714
21261	9621	126	17	109	0	9873
21262	132	101	7	9536	0	9776
21263	102	9651	18	122	0	9893
21264	18	129	9	9754	0	9910
21265	15	109	9613	137	0	9874
21266	9252	14	119	120	0	9505
21267	9445	11	111	18	0	9585
21268	218	10	9325	27	0	9580
21269	107	9257	131	17	0	9512
21270	9272	119	109	19	0	9519
21271	130	103	19	9214	0	9466
21272	122	15	14	9279	0	9430
21273	25	16	12	9443	0	9496
21274	22	8	23	9464	0	9517
21275	26	15	18	9384	0	9443
21276	9208	12	13	234	0	9467
21277	9314	12	19	133	0	9478
21278	225	16	19	9201	0	9461
21279	123	25	15	9332	0	9495
21280	32	16	9172	242	0	9462
21281	29	22	9147	136	0	9334
21282	8984	25	217	35	0	9261
21283	145	17	115	9117	0	9394
21284	113	26	9101	153	0	9393
21285	26	19	133	9158	0	9336
21286	9190	9	121	145	0	9465
21287	9410	17	27	142	0	9596
21288	239	11	24	9303	0	9577
21289	129	8	22	9462	0	9621
21290	9372	16	40	231	0	9659
21291	154	19	23	9407	0	9603
21292	134	9424	31	143	0	9732
21293	24	136	32	9479	0	9671
21294	47	123	22	9425	0	9617
21295	40	20	9244	247	0	9551
21296	50	22	9021	132	0	9225
21297	36	9175	213	50	0	9474
21298	8972	150	112	51	0	9285
21299	8969	116	22	39	0	9146
21300	9079	14	9	57	0	9159
21301	227	8838	30	48	0	9143
21302	124	9034	33	38	0	9229
21303	8825	200	27	51	0	9103
21304	133	9087	32	47	0	9299
21305	118	116	8873	44	0	9151
21306	44	9034	127	34	0	9239
21307	58	133	8671	44	0	8906
21308	8273	110	128	46	0	8557
21309	8542	19	101	47	0	8709
21310	202	8535	32	51	0	8820
21311	8752	113	19	53	0	8937
21312	9273	101	18	44	0	9436
21313	9476	20	14	53	0	9563
21314	244	19	22	9354	0	9639
21315	9517	19	19	162	0	9717
21316	156	40	9256	139	0	9591
21317	9302	21	124	44	0	9491
21318	148	19	126	9433	0	9726
21319	162	32	9335	137	0	9666
21320	63	23	9429	136	0	9651
21321	66	21	224	9404	0	9715
21322	45	28	124	9564	0	9761
21323	9535	19	28	241	0	9823
21324	150	16	17	9629	0	9812
21325	140	20	9475	171	0	9806
21326	45	24	129	9348	0	9546
21327	50	9638	124	153	0	9965
21328	9726	119	25	147	0	10017
21329	151	108	33	9758	0	10050
21330	134	37	9666	165	0	10002
21331	43	9603	137	142	0	9925
21332	9266	105	116	49	0	9536
21333	132	115	35	9367	0	9649
21334	134	34	9416	125	0	9709
21335	47	9321	125	132	0	9625
21336	9130	123	108	61	0	9422
21337	9103	87	27	47	0	9264
21338	9200	21	21	39	0	9281
21339	200	16	14	8990	0	9220
21340	135	16	13	9110	0	9274
21341	8968	15	19	181	0	9183
21342	115	8919	24	121	0	9179
21343	8937	85	16	58	0	9096
21344	108	76	22	8884	0	9090
21345	9138	19	23	108	0	9288
21346	105	17	27	9102	0	9251
21347	112	15	19	9027	0	9173
21348	61	20	15	9112	0	9208
21349	71	22	21	9126	0	9240
21350	39	26	8622	188	0	8875
21351	46	15	8036	100	0	8197
21352	7066	12	115	47	0	7240
21353	76	14	7740	27	0	7857
21354	43	10	6850	25	0	6928
21355	6444	24	104	17	0	6589
21356	6657	12	88	11	0	6768
21357	69	27	23	6992	0	7111
21358	7117	2	19	40	0	7178
21359	57	7319	12	38	0	7426
21360	7402	24	12	26	0	7464
21361	7318	37	11	21	0	7387
21362	7516	15	3	20	0	7554
21363	72	27	6	7422	0	7527
21364	67	7365	10	36	0	7478
21365	25	7442	10	42	0	7519
21366	7469	53	17	19	0	7558
21367	7539	46	3	21	0	7609
21368	69	17	8	7470	0	7564
21369	49	10	5	7481	0	7545
21370	33	7463	16	59	0	7571
21371	7355	33	7	50	0	7445
21372	48	36	7476	23	0	7583
21373	50	15	21	7355	0	7441
21374	30	10	37	7512	0	7589
21375	18	9	7543	65	0	7635
21376	12	8	30	7441	0	7491
21377	21	6303	41	54	0	6419
21378	15	35	19	7639	0	7708
21379	18	31	14	7540	0	7603
21380	4	7154	12	67	0	7237
21381	17	7631	11	53	0	7712
21382	14	44	4	7612	0	7674
21383	7541	38	8	52	0	7639
21384	30	22	9	7633	0	7694
21385	40	10	7	7670	0	7727
21386	23	7706	14	68	0	7811
21387	26	29	15	7824	0	7894
21388	21	34	5	7789	0	7849
21389	12	12	13	7820	0	7857
21390	7639	9	13	67	0	7728
21391	42	9	4	7703	0	7758
21392	52	4	0	7654	0	7710
21393	21	3	8	7695	0	7727
21394	24	14	7459	71	0	7568
21395	6377	18	27	73	0	6495
21396	44	7439	41	29	0	7553
21397	7476	15	15	22	0	7528
21398	44	27	10	7476	0	7557
21399	39	22	7381	35	0	7477
21400	6643	19	22	53	0	6737
21401	41	16	8444	21	0	8522
21402	45	8	29	8336	0	8418
21403	8632	1	46	29	0	8708
21404	8489	4	15	50	0	8558
21405	8762	6	13	40	0	8821
21406	61	10	6	8753	0	8830
21407	69	3	4	8853	0	8929
21408	27	6	10	8870	0	8913
21409	16	8512	8	75	0	8611
21410	8	8536	7	59	0	8610
21411	10	8480	19	32	0	8541
21412	6	8155	9	2	0	8172
21413	14	16	6	8149	0	8185
21414	6	10	5	8202	0	8223
21415	8019	5	3	24	0	8051
21416	7987	0	2	16	0	8005
21417	8155	1	1	24	0	8181
21418	22	2	1	8107	0	8132
21419	15	2	2	8191	0	8210
21420	7995	4	0	28	0	8027
21421	7802	6	3	19	0	7830
21422	14	5	7987	7	0	8013
21423	15	11	7651	4	0	7681
21424	10	5	7947	4	0	7966
21425	11	10	8288	2	0	8311
21426	4	3	14	8163	0	8184
21427	8165	0	12	18	0	8195
21428	7	8214	13	18	0	8252
21429	19	9	5	8402	0	8435
21430	9	16	8588	9	0	8622
21431	3	8918	9	26	0	8956
21432	9	5	9	9042	0	9065
21433	6	20	8935	17	0	8978
21434	3	6	9	8726	0	8744
21435	4	12	10	8893	0	8919
21436	8887	2	6	17	0	8912
21437	8	1	3	9010	0	9022
21438	14	12	9042	17	0	9085
21439	14	2	6	8987	0	9009
21440	3	9548	13	13	0	9577
21441	7	5	6	9890	0	9908
21442	4	11	3	9977	0	9995
21443	5	9	5	9920	0	9939
21444	9986	1	2	32	0	10021
21445	9986	2	6	22	0	10016
21446	10118	4	0	24	0	10146
21447	10163	2	1	16	0	10182
21448	17	9	10094	8	0	10128
21449	9822	2	8	14	0	9846
21450	10162	3	10	14	0	10189
21451	17	12	10148	9	0	10186
21452	15	23	10602	10	0	10650
21453	4	9	12	10541	0	10566
21454	3	10799	14	9	0	10825
21455	11046	8	4	24	0	11082
21456	11331	8	5	26	0	11370
21457	11291	3	2	18	0	11314
21458	17	3	0	11207	0	11227
21459	9	11461	17	10	0	11497
21460	11846	5	4	31	0	11886
21461	11978	8	0	15	0	12001
21462	14	3	1	11895	0	11913
21463	11	19	11761	15	0	11806
21464	11650	4	6	20	0	11680
21465	12	0	10	12206	0	12228
21466	12350	0	4	20	0	12374
21467	11	1	6	12471	0	12489
21468	12	22	12530	22	0	12586
21469	13000	2	7	35	0	13044
21470	14	4	5	13394	0	13417
21471	20	0	2	13467	0	13489
21472	9	3	0	13459	0	13471
21473	3	2	3	13431	0	13439
21474	13540	2	5	43	0	13590
21475	11	3	1	13524	0	13539
21476	15	13657	4	17	0	13693
21477	10	11	1	13908	0	13930
21478	5	14068	9	19	0	14101
21479	8	19	1	14271	0	14299
21480	6	19	1	14323	0	14349
21481	7	14219	8	37	0	14271
21482	6	13	2	14451	0	14472
21483	6	17	1	14499	0	14523
21484	14351	4	2	53	0	14410
21485	24	14	14716	31	0	14785
21486	24	4	18	14823	0	14869
21487	14887	3	25	48	0	14963
21488	14903	4	5	36	0	14948
21489	14989	0	3	23	0	15015
21490	55	21	15123	9	0	15208
21491	32	33	15323	6	0	15394
21492	13	17	60	15606	0	15696
21493	15870	3	39	51	0	15963
21494	36	19	15805	47	0	15907
21495	15298	6	35	26	0	15365
21496	39	16223	52	19	0	16333
21497	41	32	7	17041	0	17121
21498	12	35	3	17461	0	17511
21499	17583	11	0	91	0	17685
21500	33	4	7	17720	0	17764
21501	16941	5	1	69	0	17016
21502	17133	2	2	63	0	17200
21503	76	2	5	17036	0	17119
21504	52	3	1	17107	0	17163
21505	16955	1	5	92	0	17053
21506	43	30	17677	53	0	17803
21507	17424	6	41	62	0	17533
21508	59	32	18598	6	0	18695
21509	18649	7	43	52	0	18751
21510	19737	4	43	61	0	19845
21511	19603	6	12	20	0	19641
21512	19383	3	7	25	0	19418
21513	89	19528	22	19	0	19658
21514	19994	39	12	46	0	20091
21515	20031	42	6	29	0	20108
21516	90	20841	33	19	0	20983
21517	21008	43	4	45	0	21100
21518	56	73	20798	18	0	20945
21519	20666	15	46	46	0	20773
21520	75	48	21219	35	0	21377
21521	70	11	60	21229	0	21370
21522	38	5	55	21546	0	21644
21523	26	41	21704	113	0	21884
21524	27	7	60	21704	0	21798
21525	64	85	109	18292	0	18550
21526	22899	4	21	150	0	23074
21527	92	6	9	23172	0	23279
21528	92	8	10	23296	0	23406
21529	40	5	13	23308	0	23366
21530	18	22966	34	146	0	23164
21531	28	71	6	23028	0	23133
21532	23018	73	5	128	0	23224
21533	100	56	23550	102	0	23808
21534	115	7	88	23922	0	24132
21535	37	48	24098	117	0	24300
21536	23318	12	107	142	0	23579
21537	125	9	97	25131	0	25362
21538	132	62	30553	156	0	30903
21539	55	13	292	31057	0	31417
21540	46	8	304	30930	0	31288
21541	43	31581	133	605	0	32362
21542	40	286	49	32699	0	33074
21543	34	302	32	34642	0	35010
21544	38	129	34518	744	0	35429
21545	41	39	390	34701	0	35171
21546	56	25	361	34978	0	35420
21547	34432	19	106	802	0	35359
21548	34225	17	58	519	0	34819
21549	739	34608	72	196	0	35615
21550	35247	390	36	135	0	35808
21551	35067	363	32	130	0	35592
21552	795	37231	85	99	0	38210
21553	512	418	32	36929	0	37891
21554	37511	366	26	483	0	38386
21555	37744	109	37	423	0	38313
21556	37147	55	28	172	0	37402
21557	860	36674	74	122	0	37730
21558	526	461	37263	88	0	38338
21559	37631	370	416	119	0	38536
21560	38047	113	372	113	0	38645
21561	878	38446	124	98	0	39546
21562	38859	474	56	119	0	39508
21563	39209	434	52	114	0	39809
21564	963	117	50	38867	0	39997
21565	595	136	39500	523	0	40754
21566	236	74	482	40300	0	41092
21567	196	49	442	40434	0	41121
21568	173	51	128	40958	0	41310
21569	135	111	39603	1033	0	40882
21570	175	65	510	38864	0	39614
21571	147	51	446	40066	0	40710
21572	141	51	124	40448	0	40764
21573	126	40	92	40687	0	40945
21574	133	45	64	40393	0	40635
21575	102	39824	119	1194	0	41239
21576	126	505	44	40336	0	41011
21577	113	430	73	40950	0	41566
21578	89	168	40208	1104	0	41569
21579	122	66	546	42996	0	43730
21580	123	75	464	43737	0	44399
21581	138	65	136	45623	0	45962
21582	185	75	97	46402	0	46759
21583	45475	71	97	1475	0	47118
21584	805	90	69	46619	0	47583
21585	700	113	51	46608	0	47472
21586	282	162	45229	1448	0	47121
21587	210	44339	727	962	0	46238
21588	159	45768	676	488	0	47091
21589	44936	1160	225	411	0	46732
21590	732	45549	204	412	0	46897
21591	688	811	128	44782	0	46409
21592	44468	646	102	996	0	46212
21593	820	258	44854	897	0	46829
21594	723	181	730	44349	0	45983
21595	294	45160	684	1020	0	47158
21596	236	768	200	44105	0	45309
21597	168	45010	189	1256	0	46623
21598	205	845	94	45372	0	46516
21599	44685	702	83	1144	0	46614
21600	885	316	45504	974	0	47679
21601	778	202	777	43288	0	45045
21602	316	45402	745	1026	0	47489
21603	45175	822	267	916	0	47180
21604	870	745	44962	565	0	47142
21605	780	251	784	44686	0	46501
21606	350	209	44174	1137	0	45870
21607	320	152	896	43987	0	45355
21608	271	186	43386	1225	0	45068
21609	250	153	982	42539	0	43924
21610	206	145	793	42933	0	44077
21611	41921	171	303	1675	0	44070
21612	42558	190	206	1074	0	44028
21613	1480	178	175	40453	0	42286
21614	884	41470	231	1092	0	43677
21615	375	828	138	42123	0	43464
21616	301	695	152	41620	0	42768
21617	40201	219	195	1732	0	42347
21618	867	40337	210	1177	0	42591
21619	40624	861	133	661	0	42279
21620	40283	755	132	523	0	41693
21621	1425	39120	184	529	0	41258
21622	857	40379	204	566	0	42006
21623	39472	1380	153	567	0	41572
21624	965	812	38988	594	0	41359
21625	38849	311	853	575	0	40588
21626	38625	245	690	549	0	40109
21627	1536	37867	309	510	0	40222
21628	1025	892	231	33594	0	35742
21629	394	37899	316	1091	0	39700
21630	37445	1000	265	915	0	39625
21631	37902	840	251	544	0	39537
21632	1483	395	225	36475	0	38578
21633	927	384	199	37078	0	38588
21634	35316	285	174	1623	0	37398
21635	1014	35435	193	1132	0	37774
21636	924	35036	203	619	0	36782
21637	433	34734	238	502	0	35907
21638	254	28060	151	418	0	28883
21639	223	28133	199	391	0	28946
21640	466	1336	268	26319	0	28389
21641	253	601	25830	823	0	27507
21642	249	25553	551	618	0	26971
21643	23454	661	381	313	0	24809
21644	640	509	173	23095	0	24417
21645	23173	265	121	614	0	24173
21646	615	22931	160	500	0	24206
21647	23118	548	170	276	0	24112
21648	665	23150	237	237	0	24289
21649	553	619	211	22886	0	24269
21650	22862	432	199	608	0	24101
21651	23214	199	169	543	0	24125
21652	865	198	187	22855	0	24105
21653	538	195	148	22882	0	23763
21654	327	22442	132	944	0	23845
21655	342	546	122	22714	0	23724
21656	354	411	67	22868	0	23700
21657	306	321	74	22546	0	23247
21658	274	21664	80	958	0	22976
21659	20419	482	73	558	0	21532
21660	539	20665	78	359	0	21641
21661	20058	555	63	236	0	20912
21662	577	20049	90	236	0	20952
21663	553	552	19288	201	0	20594
21664	315	501	420	19003	0	20239
21665	246	274	18596	474	0	19590
21666	247	230	18238	360	0	19075
21667	277	218	637	17859	0	18991
21668	256	173	18077	456	0	18962
21669	288	165	440	17745	0	18638
21670	296	154	350	17782	0	18582
21671	241	183	137	18152	0	18713
21672	17696	165	110	746	0	18717
21673	532	183	82	17872	0	18669
21674	490	156	63	17789	0	18498
21675	16974	120	48	750	0	17892
21676	505	16740	60	503	0	17808
21677	417	16168	51	295	0	16931
21678	277	16283	41	212	0	16813
21679	237	1228	96	12403	0	13964
21680	147	249	12548	300	0	13244
21681	10259	260	318	205	0	11042
21682	219	10485	125	66	0	10895
21683	9702	214	40	75	0	10031
21684	9543	135	33	44	0	9755
21685	9599	70	25	39	0	9733
21686	253	83	9486	38	0	9860
21687	167	65	133	9443	0	9808
21688	86	50	110	9607	0	9853
21689	95	50	39	9721	0	9905
21690	101	33	24	9460	0	9618
21691	65	9350	43	265	0	9723
21692	9135	130	28	168	0	9461
21693	138	113	8714	79	0	9044
21694	8267	31	114	54	0	8466
21695	148	211	75	7864	0	8298
21696	110	7860	18	135	0	8123
21697	41	7978	14	112	0	8145
21698	111	559	42	6787	0	7499
21699	34	7113	31	104	0	7282
21700	5974	53	16	45	0	6088
21701	55	54	5841	22	0	5972
21702	44	43	50	5406	0	5543
21703	31	12	29	5561	0	5633
21704	15	13	13	5606	0	5647
21705	20	12	6	5596	0	5634
21706	5537	15	10	72	0	5634
21707	48	5740	6	52	0	5846
21708	6168	47	9	36	0	6260
21709	67	35	6	6343	0	6451
21710	58	21	9	6520	0	6608
21711	18	6782	12	144	0	6956
21712	6985	66	18	77	0	7146
21713	7165	66	14	33	0	7278
21714	138	7138	10	25	0	7311
21715	78	70	14	6582	0	6744
21716	23	6963	11	71	0	7068
21717	6839	83	12	77	0	7011
21718	85	71	6907	24	0	7087
21719	74	21	6709	17	0	6821
21720	6407	9	114	17	0	6547
21721	60	6633	82	36	0	6811
21722	68	58	18	6617	0	6761
21723	14	64	7	6663	0	6748
21724	10	19	6680	139	0	6848
21725	12	8	60	6688	0	6768
21726	9	10	61	6711	0	6791
21727	13	6545	16	154	0	6728
21728	13	64	7	6642	0	6726
21729	13	64	7	6598	0	6682
21730	6450	12	4	131	0	6597
21731	60	6407	13	76	0	6556
21732	72	6469	12	22	0	6575
21733	20	127	3	6423	0	6573
21734	16	75	7	6507	0	6605
21735	16	17	3	6517	0	6553
21736	8	6427	11	142	0	6588
21737	15	59	4	6523	0	6601
21738	12	67	3	6470	0	6552
21739	21	14	6	6531	0	6572
21740	14	15	6	6460	0	6495
21741	20	6348	9	125	0	6502
21742	12	6585	15	83	0	6695
21743	6455	114	8	26	0	6603
21744	6461	75	9	19	0	6564
21745	120	22	8	6460	0	6610
21746	78	14	6532	79	0	6703
21747	23	18	61	6525	0	6627
21748	15	20	61	6437	0	6533
21749	6290	16	16	129	0	6451
21750	75	6464	12	77	0	6628
21751	77	68	12	6484	0	6641
21752	20	77	11	6537	0	6645
21753	14	33	6436	137	0	6620
21754	18	24	6469	88	0	6599
21755	19	18	125	6438	0	6600
21756	21	17	79	6287	0	6404
21757	18	6334	29	128	0	6509
21758	18	6455	17	89	0	6579
21759	6380	123	11	45	0	6559
21760	72	74	9	6444	0	6599
21761	62	30	6545	88	0	6725
21762	18	6468	70	82	0	6638
21763	23	62	57	6540	0	6682
21764	6514	66	17	84	0	6681
21765	57	31	8	6607	0	6703
21766	6492	16	8	88	0	6604
21767	66	6526	12	84	0	6688
21768	6456	66	7	35	0	6564
21769	72	73	3	6538	0	6686
21770	66	33	6831	81	0	7011
21771	21	18	69	6776	0	6884
21772	13	7078	72	105	0	7268
21773	22	83	17	7073	0	7195
21774	17	7493	20	103	0	7633
21775	13	93	13	7684	0	7803
21776	21	88	7552	117	0	7778
21777	16	37	7474	109	0	7636
21778	17	26	7611	63	0	7717
21779	7341	27	161	51	0	7580
21780	90	7475	98	44	0	7707
21781	93	7631	32	38	0	7794
21782	7563	154	16	44	0	7777
21783	7589	99	12	42	0	7742
21784	156	39	13	7600	0	7808
21785	94	31	7622	126	0	7873
21786	35	38	7428	110	0	7611
21787	27	21	158	7408	0	7614
21788	7396	25	103	114	0	7638
21789	92	7396	30	122	0	7640
21790	84	90	22	7464	0	7660
21791	7422	86	19	122	0	7649
21792	7428	25	16	123	0	7592
21793	158	30	7432	54	0	7674
21794	7066	37	88	53	0	7244
21795	105	34	7538	37	0	7714
21796	95	38	7629	47	0	7809
21797	36	22	154	7416	0	7628
21798	21	20	100	7537	0	7678
21799	22	22	33	7648	0	7725
21800	28	34	7509	191	0	7762
21801	7345	27	88	131	0	7591
21802	99	23	86	7746	0	7954
21803	7662	22	25	122	0	7831
21804	7613	29	16	114	0	7772
21805	164	7757	29	49	0	7999
21806	101	7900	40	39	0	8080
21807	30	7861	30	48	0	7969
21808	33	172	39	7191	0	7435
21809	22	76	7211	77	0	7386
21810	24	222	64	6585	0	6895
21811	25	6774	66	88	0	6953
21812	20	6744	24	53	0	6841
21813	24	104	23	6573	0	6724
21814	6526	53	18	60	0	6657
21815	64	6540	18	59	0	6681
21816	51	6554	14	31	0	6650
21817	6663	104	29	23	0	6819
21818	64	56	15	6670	0	6805
21819	62	21	6	6722	0	6811
21820	29	13	12	6839	0	6893
21821	6656	17	15	110	0	6798
21822	6701	8	11	73	0	6793
21823	113	9	16	6697	0	6835
21824	68	22	6576	62	0	6728
21825	6490	13	66	62	0	6631
21826	75	10	54	6655	0	6794
21827	63	23	6635	68	0	6789
21828	19	23	6616	57	0	6715
21829	23	9	104	6767	0	6903
21830	16	9	7119	87	0	7231
21831	19	9	70	7516	0	7614
21832	19	15	67	7477	0	7578
21833	27	12	17	7974	0	8030
21834	7885	17	11	155	0	8068
21835	99	20	12	7972	0	8103
21836	79	15	16	7995	0	8105
21837	21	24	14	8052	0	8111
21838	28	19	16	8070	0	8133
21839	21	23	7820	159	0	8023
21840	20	7802	105	95	0	8022
21841	18	85	67	7625	0	7795
21842	27	72	16	7394	0	7509
21843	13	7414	26	137	0	7590
21844	19	7631	19	85	0	7754
21845	7511	131	25	42	0	7709
21846	87	7399	20	45	0	7551
21847	67	92	20	7340	0	7519
21848	21	71	7399	95	0	7586
21849	7034	19	82	90	0	7225
21850	91	23	7227	41	0	7382
21851	7084	15	82	44	0	7225
21852	7132	12	67	36	0	7247
21853	150	16	7215	37	0	7418
21854	87	14	87	6867	0	7055
21855	31	7154	65	105	0	7355
21856	27	76	28	7442	0	7573
21857	7626	58	30	115	0	7829
21858	7745	15	26	100	0	7886
21859	140	7728	30	51	0	7949
21860	7796	82	22	58	0	7958
21861	95	71	16	7570	0	7752
21862	7587	16	22	130	0	7755
21863	7654	23	23	102	0	7802
21864	162	25	11	7595	0	7793
21865	7611	29	11	127	0	7778
21866	7402	18	13	107	0	7540
21867	138	33	7538	57	0	7766
21868	7375	33	86	47	0	7541
21869	108	46	7463	38	0	7655
21870	79	33	7100	44	0	7256
21871	31	7248	132	44	0	7455
21872	50	79	78	6812	0	7019
21873	34	62	6918	86	0	7100
21874	28	25	6709	49	0	6811
21875	6662	13	109	30	0	6814
21876	72	20	51	6734	0	6877
21877	48	12	21	6916	0	6997
21878	19	14	25	6983	0	7041
21879	36	14	12	7039	0	7101
21880	21	16	19	7109	0	7165
21881	33	14	7029	106	0	7182
21882	35	19	7008	61	0	7123
21883	35	9	93	7004	0	7141
21884	6927	13	46	93	0	7079
21885	71	6872	17	84	0	7044
21886	60	54	14	6864	0	6992
21887	6856	41	11	80	0	6988
21888	88	6860	24	62	0	7034
21889	67	55	16	6906	0	7044
21890	43	44	16	6933	0	7036
21891	30	16	20	6962	0	7028
21892	6845	11	22	121	0	6999
21893	82	19	6810	62	0	6973
21894	6752	16	76	41	0	6885
21895	76	14	54	6816	0	6960
21896	66	14	25	6546	0	6651
21897	18	6727	32	106	0	6883
21898	33	63	6766	58	0	6920
21899	6567	35	70	54	0	6726
21900	6776	12	54	50	0	6892
21901	98	15	6756	49	0	6918
21902	6437	11	72	53	0	6573
21903	74	6743	51	48	0	6916
21904	49	6812	38	47	0	6946
21905	28	6775	42	34	0	6879
21906	6532	93	34	39	0	6698
21907	78	47	6568	35	0	6728
21908	52	98	65	6202	0	6417
21909	33	6218	37	75	0	6363
21910	22	6271	16	63	0	6372
21911	23	6188	15	33	0	6259
21912	57	152	27	5154	0	5390
21913	5835	33	18	71	0	5957
21914	61	5929	26	51	0	6067
21915	52	56	9	5914	0	6031
21916	22	38	14	5950	0	6024
21917	5777	11	12	91	0	5891
21918	68	20	17	5798	0	5903
21919	56	12	12	5869	0	5949
21920	26	24	5813	94	0	5957
21921	27	13	61	5814	0	5915
21922	30	14	35	5958	0	6037
21923	5863	13	22	79	0	5977
21924	5870	11	16	42	0	5939
21925	88	13	16	5895	0	6012
21926	5750	12	18	75	0	5855
21927	5787	20	12	43	0	5862
21928	84	5854	24	23	0	5985
21929	42	58	5717	23	0	5840
21930	42	5469	55	11	0	5577
21931	64	154	37	4879	0	5134
21932	4736	23	45	35	0	4839
21933	34	4693	11	12	0	4750
21934	20	37	6	4686	0	4749
21935	4650	17	12	39	0	4718
21936	4634	12	6	20	0	4672
21937	34	14	6	4667	0	4721
21938	17	13	4802	36	0	4868
21939	10	11	22	4838	0	4881
21940	12	10	7	4961	0	4990
21941	16	18	4938	38	0	5010
21942	10	13	21	4901	0	4945
21943	11	9	9	4958	0	4987
21944	5061	6	9	39	0	5115
21945	27	11	5	5105	0	5148
21946	16	7	4	5097	0	5124
21947	5023	4	9	43	0	5079
21948	4938	5	9	30	0	4982
21949	4964	12	5	23	0	5004
21950	33	13	4974	18	0	5038
21951	24	9	23	4836	0	4892
21952	14	5029	14	36	0	5093
21953	14	23	6	5129	0	5172
21954	24	20	5187	34	0	5265
21955	27	20	21	4924	0	4992
21956	11	13	5007	31	0	5062
21957	4598	12	41	13	0	4664
21958	4691	5	6	12	0	4714
21959	21	3	4	4810	0	4838
21960	9	3	6	4776	0	4794
21961	2	8	1	4755	0	4766
21962	7	4925	10	29	0	4971
21963	4908	16	0	15	0	4939
21964	4972	5	4	17	0	4998
21965	24	2	3	4940	0	4969
21966	10	2	3	4902	0	4917
21967	8	3	2	4921	0	4934
21968	6	7	3	4929	0	4945
21969	7	11	4897	24	0	4939
21970	5	5	16	4885	0	4911
21971	4789	3	7	30	0	4829
21972	4779	5	3	16	0	4803
21973	21	3	2	4706	0	4732
21974	7	9	4628	26	0	4670
21975	4442	2	16	11	0	4471
21976	23	8	6	4626	0	4663
21977	9	4565	5	23	0	4602
21978	4	4734	3	7	0	4748
21979	4773	23	10	26	0	4832
21980	20	7	5	4872	0	4904
21981	14	3	2	4932	0	4951
21982	6	4	0	5220	0	5230
21983	7	3	1	5304	0	5315
21984	8	1	1	5667	0	5677
21985	6	7	5681	52	0	5746
21986	7	9	5656	37	0	5709
21987	7	7	5727	9	0	5750
21988	6	3	58	5648	0	5715
21989	8	7	5801	36	0	5852
21990	5	1	39	5793	0	5838
21991	6	0	27	5842	0	5875
21992	6	5	8	5982	0	6001
21993	6072	1	2	89	0	6164
21994	40	2	4	6201	0	6247
21995	32	8	1	6290	0	6331
21996	6236	0	5	71	0	6312
21997	42	6319	10	41	0	6412
21998	43	6500	5	12	0	6560
21999	6517	70	2	23	0	6612
22000	39	6695	8	9	0	6751
22001	6636	47	10	12	0	6705
22002	6628	36	3	14	0	6681
22003	6644	11	2	11	0	6668
22004	6572	0	3	10	0	6585
22005	6581	3	5	14	0	6603
22006	83	6571	9	8	0	6671
22007	6574	41	2	9	0	6626
22008	6557	37	2	7	0	6603
22009	79	6754	10	9	0	6852
22010	7166	40	4	21	0	7231
22011	7278	45	3	13	0	7339
22012	7864	10	6	13	0	7893
22013	8212	3	6	18	0	8239
22014	154	19	8707	15	0	8895
22015	91	8	92	9244	0	9435
22016	24	9	86	9546	0	9665
22017	15	12	9467	202	0	9696
22018	15	15	9382	122	0	9534
22019	9245	5	211	24	0	9485
22020	114	4	113	9505	0	9736
22021	115	15	9623	110	0	9863
22022	29	20	9561	112	0	9722
22023	9447	8	220	27	0	9702
22024	9682	18	111	20	0	9831
22025	9765	8	18	22	0	9813
22026	229	30	9727	11	0	9997
22027	146	10	105	9697	0	9958
22028	40	14	9819	108	0	9981
22029	9505	4	118	119	0	9746
22030	138	14	9997	24	0	10173
22031	139	4	124	9805	0	10072
22032	47	9	123	9489	0	9668
22033	22	10013	39	203	0	10277
22034	10069	107	12	134	0	10322
22035	131	118	10114	25	0	10388
22036	10076	18	123	33	0	10250
22037	150	18	10440	22	0	10630
22038	143	11	141	10098	0	10393
22039	44	6	132	10240	0	10422
22040	38	5	34	10333	0	10410
22041	10124	3	25	247	0	10399
22042	140	6	28	10163	0	10337
22043	148	12	16	10120	0	10296
22044	44	9938	34	239	0	10255
22045	35	112	28	10096	0	10271
22046	9801	110	48	158	0	10117
22047	149	26	9960	150	0	10285
22048	150	17	138	9863	0	10168
22049	60	28	10017	138	0	10243
22050	46	9734	164	161	0	10105
22051	42	121	9942	56	0	10161
22052	9649	128	175	81	0	10033
22053	9897	15	164	39	0	10115
22054	258	8	68	9712	0	10046
22055	9839	16	51	152	0	10058
22056	9799	3	47	165	0	10014
22057	268	10	42	9767	0	10087
22058	170	11	54	9960	0	10195
22059	80	15	9801	264	0	10160
22060	65	9756	168	157	0	10146
22061	9686	117	150	64	0	10017
22062	154	9647	66	55	0	9922
22063	162	124	44	9537	0	9867
22064	72	125	49	9593	0	9839
22065	84	36	52	9656	0	9828
22066	73	12	47	9693	0	9825
22067	46	30	9405	288	0	9769
22068	9104	20	164	178	0	9466
22069	9502	26	154	88	0	9770
22070	280	23	48	9394	0	9745
22071	9507	18	40	172	0	9737
22072	180	17	49	9532	0	9778
22073	187	26	9419	177	0	9809
22074	74	21	151	9282	0	9528
22075	58	9359	157	192	0	9766
22076	77	115	47	9142	0	9381
22077	55	9343	60	177	0	9635
22078	57	130	38	8756	0	8981
22079	50	9072	46	187	0	9355
22080	8766	134	31	173	0	9104
22081	149	144	8827	96	0	9216
22082	140	8327	146	87	0	8700
22083	68	8444	143	63	0	8718
22084	119	204	103	7947	0	8373
22085	69	100	55	7948	0	8172
22086	63	35	52	7993	0	8143
22087	64	27	39	8035	0	8165
22088	63	7836	55	249	0	8203
22089	65	100	45	7897	0	8107
22090	56	108	36	7876	0	8076
22091	7713	30	44	231	0	8018
22092	168	26	19	7827	0	8040
22093	143	27	7584	154	0	7908
22094	47	30	7414	171	0	7662
22095	6972	27	187	96	0	7282
22096	113	7313	124	86	0	7636
22097	114	7327	50	65	0	7556
22098	83	181	47	7008	0	7319
22099	44	113	31	7081	0	7269
22100	43	52	6855	210	0	7160
22101	6503	30	98	150	0	6781
22102	6846	24	101	89	0	7060
22103	193	16	6995	78	0	7282
22104	110	32	6893	68	0	7103
22105	6820	17	188	70	0	7095
22106	7067	22	105	67	0	7261
22107	7099	22	27	68	0	7216
22108	7008	26	16	66	0	7116
22109	184	6694	31	68	0	6977
22110	6316	82	27	60	0	6485
22111	104	88	6059	60	0	6311
22112	77	30	5448	42	0	5597
22113	29	22	5427	32	0	5510
22114	86	423	192	3942	0	4643
22115	3863	6	74	32	0	3975
22116	3845	7	7	12	0	3871
22117	28	3	3	3881	0	3915
22118	16	9	4	3807	0	3836
22119	9	3	7	3893	0	3912
22120	6	4100	11	31	0	4148
22121	4105	20	7	23	0	4155
22122	4120	12	5	15	0	4152
22123	4149	5	6	14	0	4174
22124	4132	4	6	16	0	4158
22125	4143	8	1	13	0	4165
22126	32	5	1	4001	0	4039
22127	17	3985	5	23	0	4030
22128	14	19	3	3852	0	3888
22129	12	16	13	3888	0	3929
22130	3811	5	4	26	0	3846
22131	20	8	3774	15	0	3817
22132	11	5	3674	7	0	3697
22133	7	2	3731	5	0	3745
22134	3743	2	13	9	0	3767
22135	3887	1	26	9	0	3923
22136	15	12	5	4000	0	4032
22137	13	3	4	3927	0	3947
22138	9	0	3	4047	0	4059
22139	4	3	4103	20	0	4130
22140	7	1	9	4037	0	4054
22141	7	8	4310	11	0	4336
22142	4	1	11	4290	0	4306
22143	5	1	12	4311	0	4329
22144	6	1	4	4382	0	4393
22145	4377	0	2	28	0	4407
22146	4408	1	4	17	0	4430
22147	14	8	4465	11	0	4498
22148	4381	4	7	10	0	4402
22149	4493	1	9	8	0	4511
22150	17	0	5	4517	0	4539
22151	4627	1	1	13	0	4642
22152	12	3	3	4687	0	4705
22153	14	1	3	4709	0	4727
22154	8	7	4671	25	0	4711
22155	4387	2	11	19	0	4419
22156	13	0	11	4703	0	4727
22157	13	7	4806	16	0	4842
22158	7	11	4974	13	0	5005
22159	4	4	22	4894	0	4924
22160	5	1	15	4957	0	4978
22161	5010	0	8	31	0	5049
22162	16	2	2	5066	0	5086
22163	15	1	6	5087	0	5109
22164	9	1	9	5164	0	5183
22165	5	1	5	5415	0	5426
22166	5631	0	7	43	0	5681
22167	5674	2	5	31	0	5712
22168	5877	1	2	22	0	5902
22169	5995	1	6	20	0	6022
22170	61	0	4	6239	0	6304
22171	6321	0	4	52	0	6377
22172	48	2	8	6321	0	6379
22173	6376	0	9	52	0	6437
22174	58	3	4	6368	0	6433
22175	41	1	4	6258	0	6304
22176	23	6369	5	69	0	6466
22177	18	38	5	6402	0	6463
22178	6342	31	3	64	0	6440
22179	6264	8	6	44	0	6322
22180	79	0	6402	17	0	6498
22181	41	6438	42	20	0	6541
22182	6441	40	37	22	0	6540
22183	49	6586	14	14	0	6663
22184	6584	44	11	19	0	6658
22185	49	6908	16	18	0	6991
22186	41	49	6962	13	0	7065
22187	15	6967	48	124	0	7154
22188	11	7137	39	18	0	7205
22189	16	74	10	7198	0	7298
22190	7317	38	6	72	0	7433
22191	51	7	5	7364	0	7427
22192	43	3	7	7387	0	7440
22193	7306	6	2	96	0	7410
22194	7434	4	6	59	0	7503
22195	89	5	5	7459	0	7558
22196	52	1	4	7482	0	7539
22197	18	2	6	7485	0	7511
22198	7318	4	4	95	0	7421
22199	65	11	7394	45	0	7515
22200	45	2	46	7406	0	7499
22201	26	14	7582	62	0	7684
22202	13	7475	53	63	0	7604
22203	17	51	7369	30	0	7467
22204	23	37	51	7317	0	7428
22205	11	12	7366	65	0	7454
22206	7085	6	55	61	0	7207
22207	63	9	36	7351	0	7459
22208	45	7597	16	60	0	7718
22209	25	54	7	7588	0	7674
22210	17	7658	8	58	0	7741
22211	21	7646	19	46	0	7732
22212	23	7716	18	17	0	7774
22213	20	89	7	7233	0	7349
22214	18	7476	11	55	0	7560
22215	7374	49	3	58	0	7484
22216	64	49	7304	18	0	7435
22217	43	19	7249	24	0	7335
22218	20	16	7449	17	0	7502
22219	15	14	77	7418	0	7524
22220	17	4	38	7255	0	7314
22221	17	5	11	7246	0	7279
22222	23	9	4	7266	0	7302
22223	20	11	7	7148	0	7186
22224	19	7371	12	89	0	7491
22225	24	52	7299	56	0	7431
22226	20	49	7310	23	0	7402
22227	18	7483	89	9	0	7599
22228	17	50	42	7493	0	7602
22229	20	38	14	7570	0	7642
22230	10	15	9	7577	0	7611
22231	7445	10	11	88	0	7554
22232	53	22	7387	63	0	7525
22233	7244	7	47	26	0	7324
22234	7324	19	35	22	0	7400
22235	85	7256	19	25	0	7385
22236	47	7311	15	26	0	7399
22237	7389	81	12	33	0	7515
22238	62	47	9	7378	0	7496
22239	47	17	5	7641	0	7710
22240	17	21	7893	96	0	8027
22241	17	29	7796	56	0	7898
22242	23	7	102	7958	0	8090
22243	8085	18	53	65	0	8221
22244	68	27	8526	57	0	8678
22245	8722	17	78	30	0	8847
22246	73	18	64	9081	0	9236
22247	71	12	13	9532	0	9628
22248	18	12	10	9876	0	9916
22249	18	21	9834	149	0	10022
22250	10	9791	86	90	0	9977
22251	12	10133	81	24	0	10250
22252	10130	142	9	26	0	10307
22253	10366	75	4	32	0	10477
22254	166	11	8	10453	0	10638
22255	10538	7	8	116	0	10669
22256	110	20	10409	92	0	10631
22257	79	18	10311	28	0	10436
22258	22	11	163	10057	0	10253
22259	10277	5	84	118	0	10484
22260	98	9	20	10401	0	10528
22261	81	5	23	10604	0	10713
22262	10531	7	17	175	0	10730
22263	10684	11	18	103	0	10816
22264	166	11080	24	42	0	11312
22265	11152	92	12	28	0	11284
22266	109	147	13	10851	0	11120
22267	79	11139	14	109	0	11341
22268	11022	109	12	88	0	11231
22269	109	11179	20	21	0	11329
22270	79	115	11	10884	0	11089
22271	10849	76	10	105	0	11040
22272	100	14	10785	78	0	10977
22273	73	15	10753	18	0	10859
22274	18	33	169	10591	0	10811
22275	12	4	75	10793	0	10884
22276	18	11	7	10500	0	10536
22277	6	11038	12	163	0	11219
22278	11198	101	5	78	0	11382
22279	11310	76	3	20	0	11409
22280	11304	12	8	24	0	11348
22281	185	11767	18	23	0	11993
22282	93	113	7	12654	0	12867
22283	20	82	8	12776	0	12886
22284	18	14	10	12954	0	12996
22285	12277	13	9	247	0	12546
22286	131	12345	15	124	0	12615
22287	109	143	6	12330	0	12588
22288	28	98	9	12450	0	12585
22289	23	27	12148	254	0	12452
22290	19	12076	149	120	0	12364
22291	28	151	104	12018	0	12301
22292	18	104	16	12139	0	12277
22293	23	21	10	12141	0	12195
22294	11725	12	11	246	0	11994
22295	151	11767	21	131	0	12070
22296	11930	139	6	40	0	12115
22297	167	109	10	11815	0	12101
22298	11918	20	14	164	0	12116
22299	162	18	11809	126	0	12115
22300	11871	14	144	57	0	12086
22301	11955	12	107	39	0	12113
22302	249	30	12021	37	0	12337
22303	124	25	144	12001	0	12294
22304	43	22	104	12085	0	12254
22305	12239	20	24	264	0	12547
22306	160	24	19	12373	0	12576
22307	138	22	16	12365	0	12541
22308	44	25	13	12368	0	12450
22309	34	35	12042	285	0	12396
22310	11298	13	140	170	0	11621
22311	157	12191	124	46	0	12518
22312	133	161	18	11921	0	12233
22313	42	12260	22	184	0	12508
22314	43	12583	20	148	0	12794
22315	34	257	23	12567	0	12881
22316	43	137	12577	186	0	12943
22317	48	50	12636	141	0	12875
22318	46	20	254	12627	0	12947
22319	43	25	12753	206	0	13027
22320	12394	27	170	156	0	12747
22321	197	27	116	12886	0	13226
22322	146	27	22	13065	0	13260
22323	52	13038	34	307	0	13431
22324	42	176	22	13059	0	13299
22325	45	126	25	12917	0	13113
22326	39	12852	29	308	0	13228
22327	50	170	23	13031	0	13274
22328	48	124	24	12862	0	13058
22329	35	12926	37	308	0	13306
22330	12879	181	23	171	0	13254
22331	191	144	12886	78	0	13299
22332	159	29	12816	65	0	13069
22333	55	56	277	12667	0	13055
22334	49	36	134	12866	0	13085
22335	59	31	12717	316	0	13123
22336	54	39	12609	165	0	12867
22337	11547	37	273	88	0	11945
22338	174	12457	152	72	0	12855
22339	12326	170	36	61	0	12593
22340	176	128	12221	75	0	12600
22341	123	12214	176	73	0	12586
22342	54	213	129	12321	0	12717
22343	35	125	12540	211	0	12911
22344	42	50	12156	139	0	12387
22345	42	156	247	12112	0	12557
22346	55	31	12189	223	0	12498
22347	25	11801	186	147	0	12159
22348	39	188	127	11494	0	11848
22349	40	118	11740	191	0	12089
22350	22	11832	183	145	0	12182
22351	11617	162	115	67	0	11961
22352	177	105	11603	51	0	11936
22353	114	11572	167	44	0	11897
22354	52	169	122	11272	0	11615
22355	35	103	29	11666	0	11833
22356	11576	30	33	269	0	11908
22357	171	35	32	11604	0	11842
22358	115	20	26	11579	0	11740
22359	11353	17	28	275	0	11673
22360	166	23	24	11403	0	11616
22361	112	27	11078	195	0	11412
22362	31	48	159	11033	0	11271
22363	27	24	10988	178	0	11217
22364	35	20	10491	123	0	10669
22365	22	23	10533	42	0	10620
22366	52	44	223	9733	0	10052
22367	18	13	129	10036	0	10196
22368	9950	12	35	198	0	10195
22369	128	13	32	9659	0	9832
22370	82	10069	31	147	0	10329
22371	24	109	26	10269	0	10428
22372	29	90	21	10038	0	10178
22373	15	10195	35	195	0	10440
22374	10075	117	27	113	0	10332
22375	9924	88	24	48	0	10084
22376	176	9997	29	43	0	10245
22377	82	9787	29	26	0	9924
22378	76	387	47	9242	0	9752
22379	9516	91	53	121	0	9781
22380	105	36	9554	95	0	9790
22381	75	26	8883	28	0	9012
22382	7807	23	120	19	0	7969
22383	75	8196	79	19	0	8369
22384	56	80	31	8150	0	8317
22385	25	54	21	8163	0	8263
22386	17	16	22	8330	0	8385
22387	15	19	12	8310	0	8356
22388	10	8260	16	138	0	8424
22389	10	69	14	8363	0	8456
22390	8357	55	20	96	0	8528
22391	70	23	10	8436	0	8539
22392	56	18	12	8481	0	8567
22393	8476	13	8	134	0	8631
22394	8534	9	10	84	0	8637
22395	8659	12	17	39	0	8727
22396	8711	15	5	31	0	8762
22397	146	6	9	8596	0	8757
22398	8651	4	15	82	0	8752
22399	89	6	7	8570	0	8672
22400	8488	5	12	93	0	8598
22401	8438	6	9	86	0	8539
22402	142	4	11	8397	0	8554
22403	72	15	8546	88	0	8721
22404	8463	8	69	76	0	8616
22405	8642	7	54	29	0	8732
22406	8672	5	19	35	0	8731
22407	8759	10	24	22	0	8815
22408	138	8	9	8785	0	8940
22409	83	14	8844	79	0	9020
22410	36	8	8766	66	0	8876
22411	8553	15	111	41	0	8720
22412	8780	10	60	31	0	8881
22413	114	8710	30	19	0	8873
22414	67	8594	18	20	0	8699
22415	8678	90	25	24	0	8817
22416	79	55	10	8525	0	8669
22417	60	23	9	8776	0	8868
22418	8679	17	12	107	0	8815
22419	66	8871	18	67	0	9022
22420	9041	50	4	41	0	9136
22421	68	52	8915	31	0	9066
22422	8811	14	53	28	0	8906
22423	68	16	43	8874	0	9001
22424	62	17	9081	69	0	9229
22425	26	9144	61	67	0	9298
22426	31	61	45	9228	0	9365
22427	20	45	9652	66	0	9783
22428	25	18	57	9632	0	9732
22429	9886	11	55	90	0	10042
22430	75	24	9923	72	0	10094
22431	9581	6	65	39	0	9691
22432	76	10041	59	36	0	10212
22433	66	61	25	10148	0	10300
22434	30	65	10646	72	0	10813
22435	32	14	67	10622	0	10735
22436	27	36	10768	91	0	10922
22437	24	10732	72	71	0	10899
22438	10469	60	61	33	0	10623
22439	65	10829	31	28	0	10953
22440	61	68	18	10577	0	10724
22441	26	65	12	10575	0	10678
22442	26	33	10274	100	0	10433
22443	8569	19	65	85	0	8738
22444	65	9840	54	27	0	9986
22445	39	9346	14	15	0	9414
22446	14	9371	12	22	0	9419
22447	54	157	29	8883	0	9123
22448	12	9032	18	44	0	9106
22449	17	53	15	8772	0	8857
22450	10	8817	12	35	0	8874
22451	14	51	8	8548	0	8621
22452	7	8828	8	33	0	8876
22453	8726	29	6	31	0	8792
22454	25	48	8730	16	0	8819
22455	8366	22	44	22	0	8454
22456	8654	12	23	14	0	8703
22457	8798	14	11	16	0	8839
22458	53	8833	6	10	0	8902
22459	8905	30	8	10	0	8953
22460	8873	26	7	19	0	8925
22461	9045	13	7	14	0	9079
22462	67	15	9049	3	0	9134
22463	48	10	29	9172	0	9259
22464	26	23	9399	41	0	9489
22465	12	6	43	9308	0	9369
22466	9309	2	32	58	0	9401
22467	41	9469	19	40	0	9569
22468	41	42	10243	15	0	10341
22469	24	36	58	10257	0	10375
22470	13	19	36	10768	0	10836
22471	18	17	11751	102	0	11888
22472	11562	9	93	77	0	11741
22473	12205	7	82	27	0	12321
22474	12588	5	23	13	0	12629
22475	214	8	8	12473	0	12703
22476	113	12427	14	117	0	12671
22477	27	12918	22	96	0	13063
22478	17	206	7	12830	0	13060
22479	26	113	9	12637	0	12785
22480	14	12703	19	192	0	12928
22481	12647	112	7	115	0	12881
22482	115	12716	23	41	0	12895
22483	104	125	4	12469	0	12702
22484	28	111	12418	126	0	12683
22485	17	37	108	12372	0	12534
22486	12405	13	93	131	0	12642
22487	119	20	12448	99	0	12686
22488	12459	11	112	36	0	12618
22489	12708	10	104	21	0	12843
22490	12847	10	23	28	0	12908
22491	12958	8	16	24	0	13006
22492	13202	10	15	18	0	13245
22493	238	14	12979	16	0	13247
22494	135	24	13026	13	0	13198
22495	13767	6	219	11	0	14003
22496	14262	5	120	25	0	14412
22497	273	10	29	14790	0	15102
22498	150	15114	23	155	0	15442
22499	54	171	13	15347	0	15585
22500	15696	141	15	189	0	16041
22501	190	38	11	14922	0	15161
22502	160	15881	22	182	0	16245
22503	15819	176	13	148	0	16156
22504	15693	153	10	46	0	15902
22505	15725	36	15	25	0	15801
22506	329	15480	25	34	0	15868
22507	197	178	17	15457	0	15849
22508	62	147	15	15231	0	15455
22509	43	15110	19	297	0	15469
22510	57	169	14	15291	0	15531
22511	15062	154	15	204	0	15435
22512	15104	38	9	172	0	15323
22513	334	15033	15	52	0	15434
22514	199	191	15	15019	0	15424
22515	68	156	19	15052	0	15295
22516	56	42	20	15254	0	15372
22517	14606	15	27	354	0	15002
22518	209	28	14649	192	0	15078
22519	14104	29	174	72	0	14379
22520	231	43	14576	60	0	14910
22521	217	60	199	13661	0	14137
22522	77	14083	159	202	0	14521
22523	59	14570	57	174	0	14860
22524	14237	310	27	83	0	14657
22525	14176	190	25	68	0	14459
22526	362	13908	32	62	0	14364
22527	204	13791	36	57	0	14088
22528	13910	309	36	54	0	14309
22529	14133	203	22	59	0	14417
22530	358	14332	31	63	0	14784
22531	14718	196	44	59	0	15017
22532	239	197	14464	55	0	14955
22533	14593	60	171	55	0	14879
22534	14391	52	165	59	0	14667
22535	378	39	28	14139	0	14584
22536	245	14175	41	200	0	14661
22537	122	192	21	14443	0	14778
22538	14431	164	15	225	0	14835
22539	256	50	37	14224	0	14567
22540	241	44	25	14368	0	14678
22541	112	55	14435	363	0	14965
22542	112	29	181	14603	0	14925
22543	105	39	170	14816	0	15130
22544	14641	44	49	372	0	15106
22545	251	66	14640	215	0	15172
22546	14722	44	188	104	0	15058
22547	267	49	166	14738	0	15220
22548	232	50	46	14832	0	15160
22549	111	62	24	14697	0	14894
22550	101	14387	30	364	0	14882
22551	104	14736	37	231	0	15108
22552	123	334	22	14475	0	14954
22553	14561	197	27	225	0	15010
22554	14660	71	21	206	0	14958
22555	423	48	28	14503	0	15002
22556	14633	48	23	244	0	14948
22557	299	47	32	14563	0	14941
22558	249	55	25	14708	0	15037
22559	14297	41	32	394	0	14764
22560	271	14754	40	250	0	15315
22561	14779	218	15	102	0	15114
22562	14746	188	26	97	0	15057
22563	14453	65	23	100	0	14641
22564	403	14350	32	95	0	14880
22565	253	261	34	14355	0	14903
22566	116	199	40	14552	0	14907
22567	93	65	14169	388	0	14715
22568	98	90	191	13489	0	13868
22569	86	48	13123	234	0	13491
22570	67	12352	190	194	0	12803
22571	55	11237	133	71	0	11496
22572	63	11282	50	60	0	11455
22573	150	245	104	11095	0	11594
22574	66	118	33	11141	0	11358
22575	39	39	13	11104	0	11195
22576	45	29	14	11161	0	11249
22577	43	41	11093	250	0	11427
22578	38	49	12731	146	0	12964
22579	48	31	229	13232	0	13540
22580	39	32	13792	207	0	14070
22581	13603	17	172	156	0	13948
22582	13879	21	121	66	0	14087
22583	279	37	14022	66	0	14404
22584	169	25	161	13978	0	14333
22585	58	31	125	14295	0	14509
22586	71	23	21	14389	0	14504
22587	58	29	26	14318	0	14431
22588	77	27	21	14497	0	14622
22589	11806	62	45	338	0	12251
22590	13968	33	25	183	0	14209
22591	278	14086	29	84	0	14477
22592	161	174	13718	78	0	14131
22593	61	13649	166	74	0	13950
22594	57	13677	133	55	0	13922
22595	12828	217	37	72	0	13154
22596	150	12728	39	50	0	12967
22597	101	11875	32	42	0	12050
22598	11635	192	63	47	0	11937
22599	128	89	11588	40	0	11845
22600	11240	25	117	58	0	11440
22601	123	25	80	11510	0	11738
22602	98	10	18	11245	0	11371
22603	34	14	13	11371	0	11432
22604	38	20	11120	196	0	11374
22605	26	11146	127	110	0	11409
22606	11190	109	87	59	0	11445
22607	124	81	39	11298	0	11542
22608	86	11448	30	171	0	11735
22609	42	130	39	11818	0	12029
22610	55	97	11795	158	0	12105
22611	65	29	130	11865	0	12089
22612	46	34	102	12070	0	12252
22613	41	28	32	12162	0	12263
22614	12061	23	21	263	0	12368
22615	135	24	25	12260	0	12444
22616	101	17	12156	224	0	12498
22617	37	12149	141	160	0	12487
22618	55	136	81	12228	0	12500
22619	73	92	30	12176	0	12371
22620	48	60	12062	222	0	12392
22621	42	50	11808	132	0	12032
22622	11601	46	268	84	0	11999
22623	11583	54	118	86	0	11841
22624	242	11736	78	64	0	12120
22625	11744	156	36	79	0	12015
22626	185	123	11729	57	0	12094
22627	146	42	11544	79	0	11811
22628	11366	37	253	114	0	11770
22629	11186	26	124	124	0	11460
22630	205	29	10956	146	0	11336
22631	10622	22	143	160	0	10947
22632	159	22	10855	137	0	11173
22633	10631	35	160	64	0	10890
22634	10752	63	94	55	0	10964
22635	221	95	44	9991	0	10351
22636	116	10933	65	131	0	11245
22637	8803	216	86	109	0	9214
22638	114	147	11078	64	0	11403
22639	112	11106	157	46	0	11421
22640	11095	195	97	73	0	11460
22641	10627	116	43	82	0	10868
22642	226	10684	68	95	0	11073
22643	149	136	78	10688	0	11051
22644	111	86	10567	202	0	10966
22645	63	25	169	10689	0	10946
22646	56	59	10629	212	0	10956
22647	49	49	166	10578	0	10842
22648	48	48	144	10613	0	10853
22649	60	82	10493	240	0	10875
22650	82	10495	182	140	0	10899
22651	92	154	102	10225	0	10573
22652	109	135	8313	193	0	8750
22653	10209	62	110	140	0	10521
22654	151	44	104	10523	0	10822
22655	114	30	68	10633	0	10845
22656	10460	25	71	247	0	10803
22657	171	24	51	10425	0	10671
22658	160	34	42	10026	0	10262
22659	72	10227	82	216	0	10597
22660	94	131	82	10051	0	10358
22661	68	120	9895	171	0	10254
22662	72	39	151	9575	0	9837
22663	80	9694	119	154	0	10047
22664	64	9673	97	145	0	9979
22665	65	164	87	9622	0	9938
22666	9687	112	51	144	0	9994
22667	173	45	75	9695	0	9988
22668	9699	90	75	141	0	10005
22669	204	36	68	9778	0	10086
22670	9778	31	98	161	0	10068
22671	9935	52	80	151	0	10218
22672	256	65	61	9789	0	10171
22673	173	365	121	9291	0	9950
22674	96	9454	112	231	0	9893
22675	113	9679	97	148	0	10037
22676	105	150	9578	116	0	9949
22677	108	9296	135	115	0	9654
22678	7049	129	219	99	0	7496
22679	124	83	44	6801	0	7052
22680	67	6554	38	70	0	6729
22681	6691	48	39	71	0	6849
22682	88	43	37	6704	0	6872
22683	83	19	30	6524	0	6656
22684	50	22	34	6623	0	6729
22685	43	40	39	6611	0	6733
22686	44	6747	61	92	0	6944
22687	43	7102	46	49	0	7240
22688	7276	68	37	32	0	7413
22689	109	7492	23	24	0	7648
22690	59	67	40	7366	0	7532
22691	57	49	23	7377	0	7506
22692	45	18	35	7410	0	7508
22693	44	22	18	7435	0	7519
22694	7375	19	21	96	0	7511
22695	7478	8	20	70	0	7576
22696	110	25	7428	31	0	7594
22697	86	24	63	7431	0	7604
22698	44	19	7624	82	0	7769
22699	50	27	69	7541	0	7687
22700	45	37	59	7607	0	7748
22701	7711	18	16	142	0	7887
22702	76	39	31	7797	0	7943
22703	68	27	7854	108	0	8057
22704	27	25	7665	81	0	7798
22705	7666	27	110	57	0	7860
22706	81	22	7949	53	0	8105
22707	68	38	69	7553	0	7728
22708	24	13	7808	97	0	7942
22709	21	49	66	7441	0	7577
22710	8	7556	63	89	0	7716
22711	19	74	24	7436	0	7553
22712	9	7501	22	74	0	7606
22713	7	7496	10	76	0	7589
22714	22	124	8	7297	0	7451
22715	7259	47	21	69	0	7396
22716	49	7348	13	56	0	7466
22717	46	48	10	7347	0	7451
22718	7410	42	3	70	0	7525
22719	7508	11	6	56	0	7581
22720	7609	10	4	28	0	7651
22721	95	8	6	7526	0	7635
22722	56	8	9	7580	0	7653
22723	7606	7	8	109	0	7730
22724	7611	9	13	60	0	7693
22725	7697	9	7	33	0	7746
22726	96	13	11	7620	0	7740
22727	52	21	7490	60	0	7623
22728	7326	13	46	64	0	7449
22729	59	12	45	7341	0	7457
22730	52	7479	14	71	0	7616
22731	32	62	16	7380	0	7490
22732	21	7450	17	66	0	7554
22733	18	51	11	7538	0	7618
22734	18	51	7386	71	0	7526
22735	14	7306	44	61	0	7425
22736	39	57	44	6883	0	7023
22737	15	44	11	6908	0	6978
22738	18	16	7	6852	0	6893
22739	6890	12	13	82	0	6997
22740	48	7059	7	61	0	7175
22741	47	55	11	7157	0	7270
22742	7294	43	9	76	0	7422
22743	7355	16	8	63	0	7442
22744	100	11	9	7408	0	7528
22745	53	15	7629	86	0	7783
22746	27	10	62	7511	0	7610
22747	17	7610	60	73	0	7760
22748	18	60	12	7730	0	7820
22749	7651	55	11	87	0	7804
22750	70	14	10	7933	0	8027
22751	63	15	8151	85	0	8314
22752	14	8449	67	85	0	8615
22753	8498	65	52	37	0	8652
22754	75	64	8662	36	0	8837
22755	8719	18	71	36	0	8844
22756	88	13	62	9014	0	9177
22757	70	12	13	9015	0	9110
22758	19	9146	25	123	0	9313
22759	9446	75	19	79	0	9619
22760	98	60	9	9558	0	9725
22761	81	12	17	9719	0	9829
22762	33	14	9	9898	0	9954
22763	22	16	9832	158	0	10028
22764	30	4	89	9863	0	9986
22765	9951	14	65	115	0	10145
22766	10035	9	19	90	0	10153
22767	142	9	12	10038	0	10201
22768	75	10	11	10056	0	10152
22769	9893	8	9	161	0	10071
22770	100	23	9820	83	0	10026
22771	9554	15	89	39	0	9697
22772	95	17	9666	37	0	9815
22773	75	20	9671	23	0	9789
22774	32	8	133	9620	0	9793
22775	27	20	9874	97	0	10018
22776	9706	11	89	79	0	9885
22777	91	14	62	10059	0	10226
22778	76	18	10085	93	0	10272
22779	9726	10	83	82	0	9901
22780	10060	8	65	35	0	10168
22781	142	17	10300	42	0	10501
22782	90	46	84	9757	0	9977
22783	36	10413	72	90	0	10611
22784	10459	76	20	83	0	10638
22785	98	66	10567	30	0	10761
22786	9665	36	86	42	0	9829
22787	88	10166	62	30	0	10346
22788	9751	60	80	34	0	9925
22789	9708	44	9	33	0	9794
22790	9788	11	16	32	0	9847
22791	121	24	14	9720	0	9879
22792	66	9843	20	82	0	10011
22793	29	87	9713	71	0	9900
22794	27	9984	71	43	0	10125
22795	30	87	49	9060	0	9226
22796	27	9762	21	57	0	9867
22797	28	9845	24	50	0	9947
22798	9572	90	25	31	0	9718
22799	92	57	9581	20	0	9750
22800	57	31	9706	32	0	9826
22801	40	24	9664	36	0	9764
22802	35	9758	89	36	0	9918
22803	9664	58	60	38	0	9820
22804	9637	38	24	38	0	9737
22805	9610	18	16	38	0	9682
22806	95	9589	23	41	0	9748
22807	56	53	14	9884	0	10007
22808	35	42	9832	78	0	9987
22809	26	27	9786	71	0	9910
22810	9658	12	86	56	0	9812
22811	10091	17	43	41	0	10192
22812	10090	9	20	42	0	10161
22813	105	20	10053	36	0	10214
22814	9926	8	57	41	0	10032
22815	84	11	55	10044	0	10194
22816	70	3	27	10065	0	10165
22817	47	28	10364	103	0	10542
22818	36	10419	75	62	0	10592
22819	37	54	48	10448	0	10587
22820	30	43	10353	85	0	10511
22821	9760	10	73	76	0	9919
22822	72	11	65	10488	0	10636
22823	69	8	32	10497	0	10606
22824	10407	7	33	113	0	10560
22825	96	6	31	10436	0	10569
22826	10409	6	26	98	0	10539
22827	10412	7	29	81	0	10529
22828	116	15	26	10419	0	10576
22829	82	11	29	10508	0	10630
22830	10440	12	30	119	0	10601
22831	97	10	35	10599	0	10741
22832	10634	12	35	95	0	10776
22833	10617	12	27	58	0	10714
22834	10610	12	34	30	0	10686
22835	134	17	33	10502	0	10686
22836	85	21	25	10576	0	10707
22837	10553	19	32	110	0	10714
22838	93	10472	37	69	0	10671
22839	65	10280	30	20	0	10395
22840	10117	73	27	22	0	10239
22841	63	46	10054	22	0	10185
22842	9827	14	58	21	0	9920
22843	66	9	44	10309	0	10428
22844	52	20	10356	47	0	10475
22845	10052	7	43	43	0	10145
22846	54	13	35	10357	0	10459
22847	46	9	12	10597	0	10664
22848	37	12	10	10760	0	10819
22849	29	6	16	10784	0	10835
22850	10527	10	12	66	0	10615
22851	50	10321	15	34	0	10420
22852	9783	33	8	21	0	9845
22853	41	27	9881	6	0	9955
22854	34	19	9616	9	0	9678
22855	19	9944	49	12	0	10024
22856	60	91	65	9643	0	9859
22857	16	20	9648	34	0	9718
22858	3	9230	24	37	0	9294
22859	5	21	9207	20	0	9253
22860	7	14	11	9028	0	9060
22861	3	8	9	9053	0	9073
22862	9031	0	0	27	0	9058
22863	11	0	2	8959	0	8972
22864	8897	2	5	20	0	8924
22865	11	13	9138	17	0	9179
22866	11	9347	14	4	0	9376
22867	8	10	8	9734	0	9760
22868	5	9	2	10268	0	10284
22869	5	10	10392	19	0	10426
22870	3	19	9988	13	0	10023
22871	9700	2	19	15	0	9736
22872	10535	0	8	11	0	10554
22873	19	5	0	10462	0	10486
22874	13	8	1	10459	0	10481
22875	2	10338	12	28	0	10380
22876	4	10	3	10620	0	10637
22877	10561	9	1	22	0	10593
22878	10650	3	4	31	0	10688
22879	30	10907	12	11	0	10960
22880	10996	18	2	12	0	11028
22881	10862	26	2	15	0	10905
22882	46	1	2	11699	0	11748
22883	34	11902	11	46	0	11993
22884	15	44	3	12028	0	12090
22885	13	45	2	12151	0	12211
22886	11	18	12001	99	0	12129
22887	11850	5	52	64	0	11971
22888	70	4	48	12937	0	13059
22889	69	2	2	13486	0	13559
22890	6	15044	18	149	0	15217
22891	16	120	5	16170	0	16311
22892	16734	96	9	165	0	17004
22893	17965	14	11	140	0	18130
22894	332	30	18206	31	0	18599
22895	145	30	18402	19	0	18596
22896	47	18	328	18653	0	19046
22897	35	5	142	19384	0	19566
22898	32	25	19357	345	0	19759
22899	31	24	19439	160	0	19654
22900	26	13	369	18779	0	19187
22901	14	21	19754	247	0	20036
22902	22	28	19711	176	0	19937
22903	20	9	384	19115	0	19528
22904	19724	2	181	228	0	20135
22905	20035	5	46	177	0	20263
22906	376	5	24	19888	0	20293
22907	170	5	33	19962	0	20170
22908	19620	6	31	392	0	20049
22909	257	3	10	19585	0	19855
22910	19484	4	14	273	0	19775
22911	19434	3	18	186	0	19641
22912	384	12	15	19369	0	19780
22913	193	7	13	19589	0	19802
22914	19149	7	8	399	0	19563
22915	238	19171	24	204	0	19637
22916	185	19345	33	72	0	19635
22917	67	367	19	18844	0	19297
22918	37	174	18790	271	0	19272
22919	35	35	239	18788	0	19097
22920	18738	19	172	276	0	19205
22921	249	24	39	18868	0	19180
22922	18874	16	31	299	0	19220
22923	265	20	18818	212	0	19315
22924	18670	18	260	88	0	19036
22925	266	14	170	19130	0	19580
22926	195	12	43	19504	0	19754
22927	74	37	19695	417	0	20223
22928	73	12	247	19704	0	20036
22929	53	22	178	19964	0	20217
22930	51	16	40	20163	0	20270
22931	19616	14	39	494	0	20163
22932	276	41	19681	234	0	20232
22933	213	56	19592	94	0	19955
22934	19319	15	390	105	0	19829
22935	19827	8	199	103	0	20137
22936	422	37	20073	95	0	20627
22937	226	17	278	19373	0	19894
22938	88	20146	230	261	0	20725
22939	91	225	83	20493	0	20892
22940	20464	151	86	309	0	21010
22941	20549	29	103	238	0	20919
22942	414	23	93	20186	0	20716
22943	210	20119	89	368	0	20786
22944	130	246	85	19351	0	19812
22945	99	20169	129	296	0	20693
22946	20079	231	89	274	0	20673
22947	19740	163	86	153	0	20142
22948	19841	24	72	132	0	20069
22949	429	19201	102	138	0	19870
22950	263	19721	91	139	0	20214
22951	142	399	60	19697	0	20298
22952	123	171	68	19941	0	20303
22953	126	34	74	19928	0	20162
22954	129	35	49	20088	0	20301
22955	103	66	19267	509	0	19945
22956	18308	48	269	309	0	18934
22957	332	53	19718	169	0	20272
22958	19646	44	290	160	0	20140
22959	356	42	20300	149	0	20847
22960	20190	36	297	169	0	20692
22961	341	67	20816	142	0	21366
22962	20297	58	318	126	0	20799
22963	363	41	243	20812	0	21459
22964	21180	31	81	405	0	21697
22965	386	22	74	21212	0	21694
22966	303	44	86	21050	0	21483
22967	139	47	81	20402	0	20669
22968	124	19868	89	530	0	20611
22969	19793	253	72	313	0	20431
22970	19851	181	68	162	0	20262
22971	493	19915	78	176	0	20662
22972	278	263	69	19921	0	20531
22973	123	222	19752	362	0	20459
22974	19389	47	289	297	0	20022
22975	20023	32	219	167	0	20441
22976	19900	25	81	170	0	20176
22977	506	42	68	19035	0	19651
22978	271	19062	105	323	0	19761
22979	143	256	94	19100	0	19593
22980	18932	175	62	355	0	19524
22981	399	52	83	18280	0	18814
22982	231	17752	73	302	0	18358
22983	17304	222	76	236	0	17838
22984	293	181	17512	117	0	18103
22985	315	62	17338	102	0	17817
22986	137	17196	368	92	0	17793
22987	102	16951	208	93	0	17354
22988	313	351	15998	87	0	16749
22989	239	225	15215	113	0	15792
22990	181	904	319	12121	0	13525
22991	12552	46	166	164	0	12928
22992	149	43	12435	87	0	12714
22993	73	11476	78	30	0	11657
22994	11190	67	110	24	0	11391
22995	66	11117	18	22	0	11223
22996	10552	43	18	20	0	10633
22997	44	10616	14	13	0	10687
22998	41	10715	17	12	0	10785
22999	35	75	21	10686	0	10817
23000	38	43	12	10638	0	10731
23001	17	27	10216	58	0	10318
23002	17	7	30	10090	0	10144
23003	10204	10	31	37	0	10282
23004	10228	4	4	55	0	10291
23005	63	8	5	10137	0	10213
23006	39	22	10059	40	0	10160
23007	15	21	9941	42	0	10019
23008	16	4	64	10046	0	10130
23009	20	17	10310	43	0	10390
23010	13	5	38	10256	0	10312
23011	21	12	40	10246	0	10319
23012	9	27	11134	64	0	11234
23013	10477	11	53	59	0	10600
23014	11211	9	55	20	0	11295
23015	98	26	11524	17	0	11665
23016	66	24	11959	12	0	12061
23017	14	10	144	11963	0	12131
23018	21	18	59	13193	0	13291
23019	24	7	6	13524	0	13561
23020	14	16	15	13578	0	13623
23021	13560	12	13	180	0	13765
23022	14177	15	7	88	0	14287
23023	188	16	9	15027	0	15240
23024	106	14	9	15782	0	15911
23025	17	30	16961	242	0	17250
23026	28	15	196	17537	0	17776
23027	28	5	151	18550	0	18734
23028	19338	9	21	420	0	19788
23029	264	20886	35	229	0	21414
23030	234	314	14	20998	0	21560
23031	52	226	15	21333	0	21626
23032	19	28	21	21029	0	21097
23033	20	19708	48	572	0	20348
23034	21	20897	48	282	0	21248
23035	36	545	24	20702	0	21307
23036	28	249	19	20643	0	20939
23037	42	41	18	20919	0	21020
23038	19939	24	21	600	0	20584
23039	315	20157	36	311	0	20819
23040	20436	326	24	88	0	20874
23041	20632	242	20	48	0	20942
23042	573	48	11	19964	0	20596
23043	272	20064	38	366	0	20740
23044	20144	327	14	288	0	20773
23045	354	262	15	20146	0	20777
23046	20606	51	19	398	0	21074
23047	376	31	13	20834	0	21254
23048	266	55	20718	413	0	21452
23049	78	54	21095	310	0	21537
23050	49	48	550	20848	0	21495
23051	46	32	270	21141	0	21489
23052	57	36	36	20647	0	20776
23053	53	20345	48	608	0	21054
23054	47	21239	27	325	0	21638
23055	20819	562	27	120	0	21528
23056	20527	284	29	114	0	20954
23057	575	20530	38	101	0	21244
23058	268	20227	32	107	0	20634
23059	67	20735	28	107	0	20937
23060	19658	566	29	99	0	20352
23061	333	19943	37	107	0	20420
23062	276	350	37	19764	0	20427
23063	19727	257	14	394	0	20392
23064	19757	67	23	313	0	20160
23065	578	50	37	19279	0	19944
23066	308	63	19088	390	0	19849
23067	91	75	19332	311	0	19809
23068	81	50	524	19231	0	19886
23069	76	69	19734	396	0	20275
23070	80	60	343	19605	0	20088
23071	69	63	241	19626	0	19999
23072	80	68	19469	613	0	20230
23073	72	72	19626	339	0	20109
23074	76	66	551	19285	0	19978
23075	83	67	281	19966	0	20397
23076	19460	51	71	636	0	20218
23077	365	19336	62	372	0	20135
23078	272	20114	67	158	0	20611
23079	19608	563	50	157	0	20378
23080	19959	292	40	153	0	20444
23081	591	19594	62	153	0	20400
23082	308	19929	85	159	0	20481
23083	19739	586	40	168	0	20533
23084	405	300	43	19605	0	20353
23085	19565	101	51	452	0	20169
23086	389	19440	77	381	0	20287
23087	19652	380	46	181	0	20259
23088	418	306	19377	160	0	20261
23089	19218	90	357	167	0	19832
23090	413	103	19635	179	0	20330
23091	311	81	377	19148	0	19917
23092	18948	77	261	460	0	19746
23093	406	89	18673	382	0	19550
23094	328	84	354	18680	0	19446
23095	18548	94	282	461	0	19385
23096	410	102	18619	396	0	19527
23097	336	93	361	18651	0	19441
23098	18327	118	263	486	0	19194
23099	382	18370	82	381	0	19215
23100	349	382	49	18552	0	19332
23101	151	293	58	18577	0	19079
23102	136	142	56	18489	0	18823
23103	129	18567	59	658	0	19413
23104	153	392	55	19117	0	19717
23105	156	307	54	19235	0	19752
23106	150	121	51	19411	0	19733
23107	151	111	54	19927	0	20243
23108	168	120	19302	700	0	20290
23109	18535	92	387	374	0	19388
23110	19339	93	281	181	0	19894
23111	672	19265	99	171	0	20207
23112	361	393	62	18530	0	19346
23113	145	273	75	18626	0	19119
23114	131	18574	107	635	0	19447
23115	116	354	81	18403	0	18954
23116	17562	247	91	443	0	18343
23117	352	17221	111	333	0	18017
23118	16689	322	86	152	0	17249
23119	374	244	63	16503	0	17184
23120	261	91	16364	431	0	17147
23121	78	16381	336	322	0	17117
23122	15330	336	311	144	0	16121
23123	313	14759	75	88	0	15235
23124	209	14340	62	88	0	14699
23125	12462	334	211	81	0	13088
23126	229	155	12294	51	0	12729
23127	113	11195	164	33	0	11505
23128	9116	341	446	179	0	10082
23129	8284	75	71	58	0	8488
23130	96	8275	13	22	0	8406
23131	53	62	8	8502	0	8625
23132	15	48	8662	71	0	8796
23133	11	12	60	8651	0	8734
23134	11	3	40	8673	0	8727
23135	12	7	5	8941	0	8965
23136	12	16	8904	102	0	9034
23137	16	6	53	8748	0	8823
23138	12	13	8930	73	0	9028
23139	10	24	8672	43	0	8749
23140	7707	6	92	28	0	7833
23141	57	8738	46	14	0	8855
23142	41	8812	15	8	0	8876
23143	29	108	12	8935	0	9084
23144	9619	44	11	80	0	9754
23145	9737	13	5	51	0	9806
23146	9525	7	4	18	0	9554
23147	9550	8	2	20	0	9580
23148	9218	6	5	16	0	9245
23149	113	19	9072	10	0	9214
23150	58	6	63	8988	0	9115
23151	13	9022	47	68	0	9150
23152	13	64	16	9119	0	9212
23153	9219	45	5	74	0	9343
23154	67	9249	8	53	0	9377
23155	47	73	4	9337	0	9461
23156	9426	43	6	83	0	9558
23157	9677	12	6	54	0	9749
23158	108	14	6	9612	0	9740
23159	59	11	2	9517	0	9589
23160	24	8	7	9594	0	9633
23161	16	17	9480	112	0	9625
23162	14	15	9574	61	0	9664
23163	13	8	104	9691	0	9816
23164	10	8	54	9803	0	9875
23165	9777	10	13	113	0	9913
23166	9767	7	12	66	0	9852
23167	9961	8	9	41	0	10019
23168	10272	16	8	22	0	10318
23169	10051	7	7	22	0	10087
23170	119	10176	24	18	0	10337
23171	10423	71	9	38	0	10541
23172	10460	52	8	27	0	10547
23173	10466	17	12	26	0	10521
23174	121	14	9	10694	0	10838
23175	72	22	10600	87	0	10781
23176	39	11	74	10865	0	10989
23177	26	27	11487	102	0	11642
23178	32	13	84	10952	0	11081
23179	17	11484	72	91	0	11664
23180	11508	81	19	70	0	11678
23181	11962	55	11	46	0	12074
23182	143	24	12	12122	0	12301
23183	76	14	15	12537	0	12642
23184	37	11	6	12484	0	12538
23185	25	12647	19	140	0	12831
23186	12604	85	11	81	0	12781
23187	12690	66	9	34	0	12799
23188	157	12776	12	25	0	12970
23189	81	87	10	12791	0	12969
23190	44	60	10	12404	0	12518
23191	35	12769	18	135	0	12957
23192	12892	86	11	73	0	13062
23193	12895	65	9	37	0	13006
23194	169	17	7	12903	0	13096
23195	85	20	12975	114	0	13194
23196	30	33	12701	93	0	12857
23197	40	8	144	13222	0	13414
23198	29	17	70	13264	0	13380
23199	35	9	22	13483	0	13549
23200	13392	16	12	199	0	13619
23201	13515	13	15	112	0	13655
23202	173	14227	25	54	0	14479
23203	14388	100	37	37	0	14562
23204	130	76	14518	32	0	14756
23205	125	41	14566	32	0	14764
23206	39	15082	168	29	0	15318
23207	14421	115	121	33	0	14690
23208	82	14548	28	24	0	14682
23209	14448	83	21	31	0	14583
23210	103	85	14556	31	0	14775
23211	82	33	14459	22	0	14596
23212	28	14	136	14334	0	14512
23213	32	38	14920	89	0	15079
23214	27	12	85	15055	0	15179
23215	43	19	73	14068	0	14203
23216	17	15203	28	154	0	15402
23217	22	84	20	15306	0	15432
23218	24	65	11	15437	0	15537
23219	15783	26	24	161	0	15994
23220	95	15872	21	107	0	16095
23221	90	90	13	16098	0	16291
23222	37	99	16118	102	0	16356
23223	14426	22	99	125	0	14672
23224	99	27	16149	63	0	16338
23225	97	42	95	15555	0	15789
23226	38	16597	96	101	0	16832
23227	39	115	25	16275	0	16454
23228	16922	101	17	130	0	17170
23229	16800	21	22	125	0	16968
23230	209	17656	26	38	0	17929
23231	18135	122	10	62	0	18329
23232	18194	109	16	53	0	18372
23233	18338	34	23	52	0	18447
23234	18580	18	18	37	0	18653
23235	17130	19	43	45	0	17237
23236	222	41	18182	35	0	18480
23237	125	27	131	18059	0	18342
23238	59	28	114	17913	0	18114
23239	42	22	35	17864	0	17963
23240	34	18231	40	241	0	18546
23241	41	130	29	18216	0	18416
23242	46	132	18285	154	0	18617
23243	31	17995	127	133	0	18286
23244	23	17641	120	54	0	17838
23245	60	204	48	17481	0	17793
23246	48	106	30	17529	0	17713
23247	40	31	29	17108	0	17208
23248	36	17158	38	234	0	17466
23249	28	17373	33	160	0	17594
23250	17321	213	21	52	0	17607
23251	17166	113	26	51	0	17356
23252	212	17521	44	49	0	17826
23253	17895	134	28	52	0	18109
23254	18183	119	24	68	0	18394
23255	246	38	29	18378	0	18691
23256	158	25	29	18804	0	19016
23257	59	27	31	18793	0	18910
23258	47	51	18737	253	0	19088
23259	48	52	18845	149	0	19094
23260	49	19577	259	65	0	19950
23261	19918	148	138	63	0	20267
23262	191	161	20226	47	0	20625
23263	20058	46	164	57	0	20325
23264	215	51	21609	67	0	21942
23265	21364	33	194	55	0	21646
23266	234	22548	177	53	0	23012
23267	22465	210	40	65	0	22780
23268	235	180	39	22328	0	22782
23269	220	41	38	22738	0	23037
23270	75	65	22482	382	0	23004
23271	49	23107	222	224	0	23602
23272	60	239	168	23214	0	23681
23273	82	210	23107	256	0	23655
23274	21146	57	229	218	0	21650
23275	223	22843	192	77	0	23335
23276	22586	216	43	75	0	22920
23277	216	22170	77	59	0	22522
23278	187	227	31	22045	0	22490
23279	21769	164	34	236	0	22203
23280	211	22066	61	209	0	22547
23281	194	206	38	21991	0	22429
23282	71	191	21675	240	0	22177
23283	20477	53	193	201	0	20924
23284	229	58	150	21601	0	22038
23285	207	70	21498	219	0	21994
23286	77	21493	199	220	0	21989
23287	64	209	157	21521	0	21951
23288	74	177	21593	218	0	22062
23289	81	76	196	20828	0	21181
23290	60	21655	182	205	0	22102
23291	59	21986	65	194	0	22304
23292	87	334	21732	61	0	22214
23293	85	191	184	21515	0	21975
23294	69	88	21953	207	0	22317
23295	21143	47	200	187	0	21577
23296	238	73	159	21026	0	21496
23297	179	21111	64	188	0	21542
23298	74	21957	52	162	0	22245
23299	21538	302	41	74	0	21955
23300	175	22061	49	76	0	22361
23301	21961	181	51	74	0	22267
23302	196	177	21511	62	0	21946
23303	20028	50	171	82	0	20331
23304	172	20943	161	45	0	21321
23305	20860	189	54	59	0	21162
23306	175	20762	41	49	0	21027
23307	165	185	32	20516	0	20898
23308	62	155	18	20991	0	21226
23309	39	68	20919	280	0	21306
23310	19424	41	168	186	0	19819
23311	178	69	20868	55	0	21170
23312	20719	47	167	57	0	20990
23313	187	42	155	20883	0	21267
23314	175	27	36	21134	0	21372
23315	37	21474	56	325	0	21892
23316	66	194	39	22211	0	22510
23317	60	173	47	22513	0	22793
23318	47	77	22373	360	0	22857
23319	20314	54	200	225	0	20793
23320	191	21698	191	65	0	22145
23321	21681	188	55	65	0	21989
23322	210	162	40	21592	0	22004
23323	179	47	34	21733	0	21993
23324	21467	28	43	350	0	21888
23325	203	21762	65	213	0	22243
23326	21110	184	40	62	0	21396
23327	199	21165	56	45	0	21465
23328	163	20815	43	45	0	21066
23329	20589	297	110	54	0	21050
23330	225	159	81	19895	0	20360
23331	180	79	19924	172	0	20355
23332	62	51	181	19668	0	19962
23333	65	39	147	19519	0	19770
23334	40	19663	64	311	0	20078
23335	66	189	27	19954	0	20236
23336	51	172	21	19951	0	20195
23337	43	54	26	20192	0	20315
23338	45	52	35	20409	0	20541
23339	49	81	20052	366	0	20548
23340	29	77	20489	226	0	20821
23341	46	33	322	20864	0	21265
23342	43	66	21014	240	0	21363
23343	61	68	20906	211	0	21246
23344	82	49	338	21078	0	21547
23345	53	79	22031	248	0	22411
23346	82	59	218	20728	0	21087
23347	41	22220	211	232	0	22704
23348	22468	226	50	234	0	22978
23349	227	217	23972	105	0	24521
23350	218	52	273	23973	0	24516
23351	70	57	24773	293	0	25193
23352	70	40	280	25740	0	26130
23353	61	49	244	26300	0	26654
23354	26104	58	52	566	0	26780
23355	331	48	56	26982	0	27417
23356	26178	43	62	395	0	26678
23357	26442	42	47	354	0	26885
23358	546	26488	83	114	0	27231
23359	26160	320	40	95	0	26615
23360	344	25921	62	87	0	26414
23361	275	26125	59	86	0	26545
23362	25335	517	117	101	0	26070
23363	360	288	25315	86	0	26049
23364	256	63	24488	56	0	24863
23365	23162	162	652	72	0	24048
23366	23542	36	258	65	0	23901
23367	454	23712	73	60	0	24299
23368	24263	249	41	81	0	24634
23369	24314	224	41	55	0	24634
23370	24150	55	41	65	0	24311
23371	503	48	32	23657	0	24240
23372	23620	34	42	281	0	23977
23373	293	24076	60	259	0	24688
23374	247	262	40	24413	0	24962
23375	99	202	33	24398	0	24732
23376	74	24379	65	467	0	24985
23377	74	257	44	24653	0	25028
23378	24114	228	50	325	0	24717
23379	24342	62	37	281	0	24722
23380	466	23903	60	108	0	24537
23381	276	24198	49	94	0	24617
23382	24073	445	39	92	0	24649
23383	332	281	23934	91	0	24638
23384	276	85	24012	88	0	24461
23385	136	65	468	23499	0	24168
23386	121	57	260	24010	0	24448
23387	120	67	23841	475	0	24503
23388	115	23246	292	290	0	23943
23389	138	318	245	22260	0	22961
23390	127	269	23779	292	0	24467
23391	136	87	282	23605	0	24110
23392	114	85	250	23376	0	23825
23393	108	24231	110	492	0	24941
23394	117	303	64	24227	0	24711
23395	117	259	61	24324	0	24761
23396	104	84	68	24489	0	24745
23397	24059	61	55	534	0	24709
23398	367	73	56	23340	0	23836
23399	312	23789	55	359	0	24515
23400	23676	289	48	273	0	24286
23401	386	271	23176	110	0	23943
23402	291	107	23023	118	0	23539
23403	22780	79	463	117	0	23439
23404	371	93	251	23309	0	24024
23405	285	116	23658	342	0	24401
23406	135	74	288	23548	0	24045
23407	145	74	246	24084	0	24549
23408	23803	67	89	560	0	24519
23409	23798	86	80	344	0	24308
23410	553	24153	94	166	0	24966
23411	342	324	77	24041	0	24784
23412	163	281	24165	337	0	24946
23413	109	24801	304	303	0	25517
23414	24441	317	242	146	0	25146
23415	308	24935	109	123	0	25475
23416	24409	293	91	108	0	24901
23417	310	257	24309	123	0	24999
23418	23693	84	277	126	0	24180
23419	24880	58	232	123	0	25293
23420	501	111	25493	117	0	26222
23421	323	104	303	24672	0	25402
23422	121	25673	275	340	0	26409
23423	110	26450	97	295	0	26952
23424	105	26737	72	148	0	27062
23425	138	556	70	25826	0	26590
23426	125	296	26274	341	0	27036
23427	107	97	276	25998	0	26478
23428	113	82	231	26572	0	26998
23429	118	95	26444	513	0	27170
23430	90	26420	313	313	0	27136
23431	100	309	249	26036	0	26694
23432	26392	240	83	348	0	27063
23433	316	80	80	26568	0	27044
23434	288	72	80	26233	0	26673
23435	114	26242	86	530	0	26972
23436	26401	278	67	327	0	27073
23437	346	242	61	27014	0	27663
23438	275	89	26888	354	0	27606
23439	102	26718	281	322	0	27423
23440	26066	272	243	136	0	26717
23441	297	266	26288	89	0	26940
23442	25602	93	285	112	0	26092
23443	298	100	229	25649	0	26276
23444	220	25993	103	261	0	26577
23445	25517	255	75	238	0	26085
23446	25614	227	64	125	0	26030
23447	411	26068	101	79	0	26659
23448	260	238	62	25598	0	26158
23449	96	173	49	24811	0	25129
23450	24060	42	52	343	0	24497
23451	204	24214	77	213	0	24708
23452	157	285	35	22604	0	23081
23453	44	22507	42	143	0	22736
23454	33	22055	46	120	0	22254
23455	95	225	52	21077	0	21449
23456	20941	95	66	122	0	21224
23457	91	21108	26	94	0	21319
23458	96	108	15	20986	0	21205
23459	35	94	23	21031	0	21183
23460	31	55	20844	176	0	21106
23461	33	52	20024	105	0	20214
23462	23	20685	168	39	0	20915
23463	48	109	20350	36	0	20543
23464	33	105	97	20276	0	20511
23465	36	61	20901	96	0	21094
23466	35	23	87	20927	0	21072
23467	27	28	80	21148	0	21283
23468	24	31	29	21119	0	21203
23469	20668	28	17	200	0	20913
23470	91	28	20	20638	0	20777
23471	97	32	20	20565	0	20714
23472	27	20597	46	189	0	20859
23473	25	106	14	20447	0	20592
23474	20520	93	39	144	0	20796
23475	91	20967	28	120	0	21206
23476	21148	96	20	86	0	21350
23477	92	125	21181	53	0	21451
23478	93	75	21556	50	0	21774
23479	43	35	165	21990	0	22233
23480	36	46	100	22373	0	22555
23481	20	22522	51	208	0	22801
23482	28	121	35	21821	0	22005
23483	22266	105	33	136	0	22540
23484	22274	39	28	140	0	22481
23485	196	24	26	22786	0	23032
23486	125	67	24156	125	0	24473
23487	58	26	106	24251	0	24441
23488	46	21	98	25089	0	25254
23489	50	27	32	25310	0	25419
23490	38	29	25	25060	0	25152
23491	47	33	18	24651	0	24749
23492	30	24778	44	262	0	25114
23493	24368	134	23	196	0	24721
23494	24882	121	34	86	0	25123
23495	25113	53	32	81	0	25279
23496	257	25637	36	67	0	25997
23497	25442	136	25	82	0	25685
23498	160	25593	39	62	0	25854
23499	155	186	25278	68	0	25687
23500	63	149	139	24688	0	25039
23501	57	80	25724	177	0	26038
23502	46	25831	171	176	0	26224
23503	25502	152	145	91	0	25890
23504	160	171	26454	71	0	26856
23505	163	88	27521	88	0	27860
23506	61	28640	306	78	0	29085
23507	54	184	201	28918	0	29357
23508	53	207	30630	223	0	31113
23509	60	76	222	29935	0	30293
23510	52	42	188	33020	0	33302
23511	39	34	51	34891	0	35015
23512	36447	31	42	567	0	37087
23513	36511	33	24	363	0	36931
23514	643	38	26	36926	0	37633
23515	37475	32	46	438	0	37991
23516	425	68	37253	382	0	38128
23517	380	88	37156	87	0	37711
23518	116	51	37973	102	0	38242
23519	84	67	38130	116	0	38397
23520	53	36941	703	142	0	37839
23521	120	369	409	35897	0	36795
23522	75	353	37165	360	0	37953
23523	34534	62	382	369	0	35347
23524	36681	29	346	97	0	37153
23525	629	36743	136	136	0	37644
23526	36938	335	92	78	0	37443
23527	423	300	85	36728	0	37536
23528	339	104	37500	376	0	38319
23529	112	69	405	35442	0	36028
23530	58	37885	398	375	0	38716
23531	37382	364	99	345	0	38190
23532	37463	319	80	127	0	37989
23533	667	37666	100	86	0	38519
23534	38097	377	52	123	0	38649
23535	37668	322	69	101	0	38160
23536	691	37931	96	77	0	38795
23537	420	368	65	36474	0	37327
23538	113	37576	104	382	0	38175
23539	37511	396	60	371	0	38338
23540	415	410	63	37392	0	38280
23541	37570	96	88	418	0	38172
23542	493	74	67	37466	0	38100
23543	413	117	36940	443	0	37913
23544	35764	77	376	389	0	36606
23545	454	134	37149	117	0	37854
23546	432	79	420	36416	0	37347
23547	162	104	36541	428	0	37235
23548	147	69	427	36390	0	37033
23549	111	123	36623	468	0	37325
23550	34886	61	445	427	0	35819
23551	437	36250	413	153	0	37253
23552	36480	364	146	123	0	37113
23553	479	354	93	35942	0	36868
23554	35669	86	123	458	0	36336
23555	454	35561	168	424	0	36607
23556	405	35739	162	129	0	36435
23557	164	36798	146	126	0	37234
23558	36472	698	124	131	0	37425
23559	461	400	98	36303	0	37262
23560	418	118	94	36707	0	37337
23561	175	145	35817	720	0	36857
23562	179	168	35672	410	0	36429
23563	168	122	659	35793	0	36742
23564	178	171	36486	443	0	37278
23565	147	36030	499	415	0	37091
23566	35561	432	415	195	0	36603
23567	483	419	36398	155	0	37455
23568	426	186	36491	145	0	37248
23569	187	111	747	35654	0	36699
23570	36665	71	441	498	0	37675
23571	452	77	173	37210	0	37912
23572	37024	83	161	511	0	37779
23573	501	82	138	37146	0	37867
23574	462	138	37460	469	0	38529
23575	160	37084	523	449	0	38216
23576	186	442	37696	187	0	38511
23577	147	37644	542	139	0	38472
23578	231	518	429	36539	0	37717
23579	36135	354	156	483	0	37128
23580	469	156	36493	439	0	37557
23581	428	100	428	36393	0	37349
23582	194	94	389	37354	0	38031
23583	37839	89	144	742	0	38814
23584	489	129	121	36801	0	37540
23585	414	37862	193	453	0	38922
23586	36660	410	116	421	0	37607
23587	457	421	36472	160	0	37510
23588	35118	126	420	158	0	35822
23589	444	36464	414	128	0	37450
23590	476	499	113	34239	0	35327
23591	155	36885	149	405	0	37594
23592	36349	411	89	406	0	37255
23593	474	415	36604	174	0	37667
23594	35510	173	393	176	0	36252
23595	458	36854	407	124	0	37843
23596	435	394	105	36739	0	37673
23597	37043	358	103	441	0	37945
23598	37332	115	81	401	0	37929
23599	717	94	92	37020	0	37923
23600	434	106	94	37142	0	37776
23601	146	36995	149	683	0	37973
23602	176	478	82	36845	0	37581
23603	121	40716	149	461	0	41447
23604	152	42425	153	433	0	43163
23605	227	1465	105	38238	0	40035
23606	141	40468	165	509	0	41283
23607	204	599	41173	462	0	42438
23608	356	542	43410	160	0	44468
23609	125	43521	1075	219	0	44940
23610	207	621	44372	121	0	45321
23611	139	608	43725	104	0	44576
23612	91	177	41565	100	0	41933
23613	61	40566	1082	91	0	41800
23614	38806	643	711	110	0	40270
23615	489	39033	163	52	0	39737
23616	448	603	38751	28	0	39830
23617	109	444	527	37875	0	38955
23618	38039	98	454	510	0	39101
23619	516	98	38253	443	0	39310
23620	468	43	521	37792	0	38824
23621	99	78	39071	509	0	39757
23622	63	48	576	38065	0	38752
23623	37653	36	484	594	0	38767
23624	523	80	38404	497	0	39504
23625	457	38539	586	148	0	39730
23626	128	539	482	37167	0	38316
23627	38662	464	113	542	0	39781
23628	546	140	38268	448	0	39402
23629	518	93	565	34702	0	35878
23630	105	37953	531	476	0	39065
23631	38237	513	143	452	0	39345
23632	39215	483	80	133	0	39911
23633	1008	117	89	38066	0	39280
23634	555	39406	142	575	0	40678
23635	117	40635	133	531	0	41416
23636	41088	1020	89	139	0	42336
23637	652	631	90	39728	0	41101
23638	563	41380	137	604	0	42684
23639	40904	651	107	561	0	42223
23640	660	581	96	41466	0	42803
23641	612	137	96	41962	0	42807
23642	164	158	40215	1200	0	41737
23643	91	41289	635	693	0	42708
23644	86	42451	634	166	0	43337
23645	106	1171	177	41561	0	43015
23646	41768	665	120	700	0	43253
23647	655	41891	164	632	0	43342
23648	42169	709	92	181	0	43151
23649	737	42235	154	107	0	43233
23650	642	741	114	41495	0	42992
23651	41726	622	92	710	0	43150
23652	727	183	93	42064	0	43067
23653	669	168	41621	741	0	43199
23654	202	123	693	39690	0	40708
23655	126	41094	667	758	0	42645
23656	40594	696	166	625	0	42081
23657	708	41024	174	205	0	42111
23658	670	784	112	39485	0	41051
23659	198	663	113	40607	0	41581
23660	155	256	39768	1204	0	41383
23661	156	209	40163	706	0	41234
23662	185	178	1229	39369	0	40961
23663	125	201	40097	745	0	41168
23664	113	39249	793	700	0	40855
23665	39047	720	646	238	0	40651
23666	726	700	39616	174	0	41216
23667	38907	242	715	187	0	40051
23668	39725	199	661	195	0	40780
23669	39989	191	202	180	0	40562
23670	39898	173	173	153	0	40397
23671	1298	169	163	38704	0	40334
23672	778	184	170	37796	0	38928
23673	235	38275	241	1182	0	39933
23674	37462	715	186	720	0	39083
23675	746	760	37026	265	0	38797
23676	712	274	740	36533	0	38259
23677	299	206	714	36986	0	38205
23678	193	252	36457	1255	0	38157
23679	220	36446	813	797	0	38276
23680	258	782	696	34962	0	36698
23681	235	702	241	37038	0	38216
23682	36172	267	188	1283	0	37910
23683	731	36014	208	845	0	37798
23684	759	718	175	35193	0	36845
23685	270	36062	212	796	0	37340
23686	254	791	168	36300	0	37513
23687	35599	659	173	884	0	37315
23688	36136	230	164	763	0	37293
23689	1303	171	169	35371	0	37014
23690	35472	185	158	824	0	36639
23691	35124	181	149	761	0	36215
23692	1281	34739	205	316	0	36541
23693	881	718	133	33271	0	35003
23694	333	34676	229	738	0	35976
23695	307	784	132	34427	0	35650
23696	33733	693	127	838	0	35391
23697	814	264	118	34020	0	35216
23698	779	223	101	34153	0	35256
23699	329	242	33139	1305	0	35015
23700	301	32064	678	805	0	33848
23701	265	33282	627	324	0	34498
23702	32143	1144	184	337	0	33808
23703	717	729	87	28200	0	29733
23704	26270	205	94	557	0	27126
23705	597	25413	113	565	0	26688
23706	455	24002	115	245	0	24817
23707	161	24173	99	227	0	24660
23708	19055	682	493	174	0	20404
23709	292	18985	146	130	0	19553
23710	16852	281	245	173	0	17551
23711	16180	161	60	96	0	16497
23712	16543	53	28	94	0	16718
23713	329	50	26	17194	0	17599
23714	202	59	31	17599	0	17891
23715	79	55	25	17734	0	17893
23716	79	47	19	17618	0	17763
23717	17307	33	25	388	0	17753
23718	228	17150	37	224	0	17639
23719	214	187	27	17114	0	17542
23720	17160	164	31	246	0	17601
23721	223	51	25	17044	0	17343
23722	217	52	28	17115	0	17412
23723	16802	50	16	356	0	17224
23724	213	79	16550	239	0	17081
23725	200	43	177	16483	0	16903
23726	70	70	16698	231	0	17069
23727	85	38	185	16338	0	16646
23728	66	94	149	16260	0	16569
23729	15821	29	41	359	0	16250
23730	199	15668	51	203	0	16121
23731	163	15478	39	72	0	15752
23732	14627	245	15	68	0	14955
23733	162	14889	36	59	0	15146
23734	14557	121	84	83	0	14845
23735	171	115	14270	50	0	14606
23736	12922	50	99	22	0	13093
23737	13094	9	43	29	0	13175
23738	13199	5	6	37	0	13247
23739	120	17	4	12934	0	13075
23740	61	11	4	12969	0	13045
23741	22	12992	21	107	0	13142
23742	21	155	15	12903	0	13094
23743	12866	46	4	95	0	13011
23744	70	12932	21	56	0	13079
23745	39	12813	11	36	0	12899
23746	12643	89	2	33	0	12767
23747	64	62	12631	18	0	12775
23748	42	16	56	12397	0	12511
23749	11	33	12681	73	0	12798
23750	14	11	60	12395	0	12480
23751	13	12672	46	69	0	12800
23752	25	60	9	12769	0	12863
23753	12645	33	12	77	0	12767
23754	74	16	4	12734	0	12828
23755	50	41	13039	84	0	13214
23756	12068	8	66	77	0	12219
23757	82	13374	55	20	0	13531
23758	50	14127	30	26	0	14233
23759	14569	118	11	49	0	14747
23760	15300	61	5	34	0	15400
23761	154	39	15461	12	0	15666
23762	14856	10	96	39	0	15001
23763	120	15479	92	23	0	15714
23764	15694	100	16	47	0	15857
23765	129	72	8	15049	0	15258
23766	90	14657	19	97	0	14863
23767	14807	118	6	82	0	15013
23768	117	105	14881	29	0	15132
23769	103	20	100	14896	0	15119
23770	15254	9	70	139	0	15472
23771	122	36	15269	97	0	15524
23772	15327	7	104	43	0	15481
23773	133	20	76	15270	0	15499
23774	101	14	17	15473	0	15605
23775	40	31	15527	188	0	15786
23776	29	20	102	15564	0	15715
23777	15667	9	88	149	0	15913
23778	123	15590	52	102	0	15867
23779	15724	111	12	57	0	15904
23780	15751	84	6	43	0	15884
23781	200	25	13	15711	0	15949
23782	103	45	15962	135	0	16245
23783	50	15	112	15961	0	16138
23784	16029	17	94	148	0	16288
23785	131	16000	45	113	0	16289
23786	16394	117	16	57	0	16584
23787	171	85	15	16369	0	16640
23788	108	30	12	16692	0	16842
23789	52	23	14	16824	0	16913
23790	48	35	16593	221	0	16897
23791	41	18	130	16778	0	16967
23792	45	35	16744	151	0	16975
23793	34	40	16804	113	0	16991
23794	42	27	200	17889	0	18158
23795	53	48	18239	176	0	18516
23796	19584	18	172	178	0	19952
23797	240	27	141	20900	0	21308
23798	240	14	42	20681	0	20977
23799	49	21574	54	451	0	22128
23800	21803	251	27	264	0	22345
23801	22371	242	21	100	0	22734
23802	502	22638	48	50	0	23238
23803	305	265	15	22589	0	23174
23804	79	287	22690	293	0	23349
23805	22113	46	282	277	0	22718
23806	23073	29	239	90	0	23431
23807	521	37	58	22214	0	22830
23808	308	51	21678	283	0	22320
23809	90	21483	300	281	0	22154
23810	21179	267	254	84	0	21784
23811	311	288	21571	59	0	22229
23812	265	21299	294	62	0	21920
23813	20366	248	304	56	0	20974
23814	20419	222	56	44	0	20741
23815	488	51	31	19957	0	20527
23816	282	20514	53	250	0	21099
23817	99	247	28	21319	0	21693
23818	63	237	31	21578	0	21909
23819	70	54	29	21564	0	21717
23820	58	29	36	21757	0	21880
23821	53	58	21392	548	0	22051
23822	69	37	265	21683	0	22054
23823	54	25	249	21978	0	22306
23824	59	52	21704	521	0	22336
23825	49	21673	286	327	0	22335
23826	21611	267	254	112	0	22244
23827	21814	241	64	91	0	22210
23828	525	58	32	21753	0	22368
23829	21981	30	39	333	0	22383
23830	335	34	34	22178	0	22581
23831	307	46	22325	343	0	23021
23832	120	62	22432	316	0	22930
23833	76	22269	534	103	0	22982
23834	21883	279	302	104	0	22568
23835	337	303	23102	101	0	23843
23836	344	69	344	21656	0	22413
23837	131	51	302	23769	0	24253
23838	94	43	77	24589	0	24803
23839	103	51	52	24634	0	24840
23840	91	47	64	24753	0	24955
23841	87	70	23965	764	0	24886
23842	79	51	383	24175	0	24688
23843	23739	59	345	493	0	24636
23844	405	23719	132	454	0	24710
23845	23853	367	73	181	0	24474
23846	426	24034	91	154	0	24705
23847	24134	411	83	149	0	24777
23848	24508	347	77	148	0	25080
23849	752	96	64	23990	0	24902
23850	453	73	63	24392	0	24981
23851	23995	68	56	741	0	24860
23852	23848	63	65	438	0	24414
23853	24059	78	52	169	0	24358
23854	744	23383	84	153	0	24364
23855	406	23547	98	168	0	24219
23856	128	682	23262	146	0	24218
23857	161	440	376	22606	0	23583
23858	129	105	22626	460	0	23320
23859	91	21851	410	449	0	22801
23860	132	364	355	20840	0	21691
23861	82	308	93	21012	0	21495
23862	101	82	65	21501	0	21749
23863	20868	62	63	690	0	21683
23864	20894	70	68	431	0	21463
23865	635	20912	93	181	0	21821
23866	393	332	74	20936	0	21735
23867	122	335	20952	425	0	21834
23868	120	96	20595	405	0	21216
23869	20448	93	611	166	0	21318
23870	20799	64	365	143	0	21371
23871	682	65	98	20494	0	21339
23872	20744	56	84	424	0	21308
23873	436	86	20412	406	0	21340
23874	376	20334	374	188	0	21272
23875	163	357	328	20337	0	21185
23876	140	318	20757	441	0	21656
23877	118	101	373	20963	0	21555
23878	132	68	337	21165	0	21702
23879	130	81	21063	708	0	21982
23880	20122	66	367	503	0	21058
23881	21280	64	338	221	0	21903
23882	637	21775	131	206	0	22749
23883	22506	369	86	208	0	23169
23884	22872	330	74	215	0	23491
23885	715	120	22914	197	0	23946
23886	22721	97	384	181	0	23383
23887	524	23746	369	198	0	24837
23888	24235	416	97	155	0	24903
23889	24723	353	77	153	0	25306
23890	25417	133	62	141	0	25753
23891	24641	108	91	146	0	24986
23892	25269	83	71	140	0	25563
23893	867	24672	107	140	0	25786
23894	23728	399	81	135	0	24343
23895	528	23395	89	133	0	24145
23896	328	20938	68	128	0	21462
23897	128	21459	74	104	0	21765
23898	20846	489	266	81	0	21682
23899	20617	243	66	86	0	21012
23900	484	92	20364	84	0	21024
23901	20757	65	262	101	0	21185
23902	20918	60	225	97	0	21300
23903	515	84	21188	94	0	21881
23904	302	47	317	20957	0	21623
23905	140	60	244	20897	0	21341
23906	120	44	69	21804	0	22037
23907	117	41	50	21994	0	22202
23908	132	42	51	22013	0	22238
23909	121	60	21364	575	0	22120
23910	103	21286	355	304	0	22048
23911	20809	312	255	126	0	21502
23912	372	21043	78	86	0	21579
23913	21022	330	70	75	0	21497
23914	20946	253	43	82	0	21324
23915	599	84	20501	64	0	21248
23916	354	131	314	18373	0	19172
23917	131	19763	244	273	0	20411
23918	19769	294	73	224	0	20360
23919	19915	237	64	80	0	20296
23920	20130	54	54	72	0	20310
23921	529	19924	85	64	0	20602
23922	19977	293	56	65	0	20391
23923	20080	217	40	63	0	20400
23924	20161	79	36	63	0	20339
23925	573	48	34	19551	0	20206
23926	343	49	38	19814	0	20244
23927	176	48	28	20069	0	20321
23928	19649	47	27	493	0	20216
23929	366	19671	50	254	0	20341
23930	19748	281	39	72	0	20140
23931	19330	213	29	51	0	19623
23932	19083	75	33	51	0	19242
23933	19001	68	35	42	0	19146
23934	578	18284	35	200	0	19097
23935	17282	260	24	39	0	17605
23936	333	17035	41	38	0	17447
23937	218	16556	23	33	0	16830
23938	16238	315	48	34	0	16635
23939	252	16106	27	29	0	16414
23940	177	16343	27	29	0	16576
23941	16246	313	68	44	0	16671
23942	16318	164	19	38	0	16539
23943	331	77	4	15961	0	16373
23944	212	49	12	16225	0	16498
23945	16359	39	15	317	0	16730
23946	16700	34	17	176	0	16927
23947	16333	36	24	62	0	16455
23948	346	49	16074	35	0	16504
23949	16510	41	165	45	0	16761
23950	262	55	127	16517	0	16961
23951	211	36	33	16688	0	16968
23952	113	33	27	16823	0	16996
23953	87	40	30	16911	0	17068
23954	83	62	16287	347	0	16779
23955	86	55	16385	186	0	16712
23956	91	33	292	16306	0	16722
23957	73	65	16415	225	0	16778
23958	85	62	16453	176	0	16776
23959	111	38	305	16106	0	16560
23960	82	50	156	16817	0	17105
23961	106	28	61	17142	0	17337
23962	83	55	45	17103	0	17286
23963	16993	38	32	370	0	17433
23964	17501	29	25	231	0	17786
23965	365	63	34	17134	0	17596
23966	236	35	29	17295	0	17595
23967	138	37	29	17249	0	17453
23968	119	45	32	17229	0	17425
23969	107	50	28	17024	0	17209
23970	111	16935	26	369	0	17441
23971	16888	189	40	215	0	17332
23972	243	17065	50	112	0	17470
23973	17017	223	23	107	0	17370
23974	17023	170	16	97	0	17306
23975	17052	67	21	75	0	17215
23976	418	54	18	16265	0	16755
23977	16383	54	19	229	0	16685
23978	307	55	19	16181	0	16562
23979	253	75	12	16030	0	16370
23980	15975	34	15	349	0	16373
23981	268	15688	29	208	0	16193
23982	184	15197	15	101	0	15497
23983	14659	235	21	73	0	14988
23984	219	140	14389	56	0	14804
23985	13389	59	167	55	0	13670
23986	247	189	126	13467	0	14029
23987	157	12759	31	136	0	13083
23988	78	12940	29	126	0	13173
23989	12793	244	72	88	0	13197
23990	177	159	16	12731	0	13083
23991	125	13307	24	131	0	13587
23992	13051	129	29	120	0	13329
23993	13143	86	18	56	0	13303
23994	13214	32	7	45	0	13298
23995	13273	31	9	52	0	13365
23996	208	12734	27	39	0	13008
23997	110	12462	14	21	0	12607
23998	12508	150	20	39	0	12717
23999	12774	69	14	38	0	12895
24000	165	36	12656	38	0	12895
24001	74	12370	59	20	0	12523
24002	12151	53	84	21	0	12309
24003	12484	51	11	21	0	12567
24004	119	22	12676	6	0	12823
24005	12461	13	90	21	0	12585
24006	101	29	13624	21	0	13775
24007	83	36	14579	9	0	14707
24008	31	35	172	13422	0	13660
24009	13	14590	139	90	0	14832
24010	15522	110	26	121	0	15779
24011	124	111	2	15563	0	15800
24012	130	16	7	15663	0	15816
24013	28	10	6	15897	0	15941
24014	15655	3	6	250	0	15914
24015	120	12	10	15698	0	15840
24016	132	9	4	16018	0	16163
24017	24	30	15971	244	0	16269
24018	15296	5	118	164	0	15583
24019	16130	6	129	46	0	16311
24020	267	26	16169	22	0	16484
24021	15712	15	128	30	0	15885
24022	152	14	133	15610	0	15909
24023	149	15922	33	134	0	16238
24024	47	136	12	16075	0	16270
24025	15788	135	14	159	0	16096
24026	145	15970	30	166	0	16311
24027	168	140	11	16130	0	16449
24028	50	134	13	16399	0	16596
24029	38	24	15	16565	0	16642
24030	40	10	16	15805	0	15871
24031	25	16427	32	279	0	16763
24032	16490	157	11	173	0	16831
24033	16665	155	13	59	0	16892
24034	307	17151	22	44	0	17524
24035	18520	156	11	59	0	18746
24036	19102	165	13	50	0	19330
24037	19150	28	13	44	0	19235
24038	442	44	18615	34	0	19135
24039	281	25	197	18456	0	18959
24040	77	30	18565	220	0	18892
24041	18054	12	224	245	0	18535
24042	227	18602	240	62	0	19131
24043	18442	203	51	45	0	18741
24044	258	18794	52	39	0	19143
24045	279	226	32	18047	0	18584
24046	96	225	26	18481	0	18828
24047	67	73	18558	420	0	19118
24048	53	18781	236	276	0	19346
24049	18546	227	232	104	0	19109
24050	255	268	18707	65	0	19295
24051	18674	56	239	56	0	19025
24052	286	41	234	18791	0	19352
24053	286	46	18931	262	0	19525
24054	79	18898	261	276	0	19514
24055	93	224	251	18761	0	19329
24056	91	254	18986	249	0	19580
24057	91	73	19068	273	0	19505
24058	79	18834	470	97	0	19480
24059	97	245	275	18418	0	19035
24060	101	237	67	17868	0	18273
24061	80	18366	69	441	0	18956
24062	18431	236	56	290	0	19013
24063	278	245	59	17750	0	18332
24064	270	18182	66	269	0	18787
24065	18451	229	62	292	0	19034
24066	18446	244	60	103	0	18853
24067	18769	79	43	95	0	18986
24068	497	18425	73	94	0	19089
24069	18759	258	48	102	0	19167
24070	18708	269	45	91	0	19113
24071	513	74	58	18380	0	19025
24072	18680	73	43	300	0	19096
24073	325	63	38	18746	0	19172
24074	329	85	18443	304	0	19161
24075	143	64	18786	303	0	19296
24076	116	49	447	18789	0	19401
24077	108	75	19146	309	0	19638
24078	18208	61	292	303	0	18864
24079	325	56	257	19089	0	19727
24080	306	51	104	19268	0	19729
24081	129	63	19045	512	0	19749
24082	109	18591	263	333	0	19296
24083	101	19262	286	125	0	19774
24084	117	459	89	18693	0	19358
24085	115	282	64	18957	0	19418
24086	96	110	18516	500	0	19222
24087	106	101	18756	323	0	19286
24088	119	89	447	18659	0	19314
24089	113	88	18448	308	0	18957
24090	17610	67	296	309	0	18282
24091	311	90	261	17945	0	18607
24092	18270	89	76	313	0	18748
24093	349	53	62	18152	0	18616
24094	317	71	65	18279	0	18732
24095	134	75	17997	523	0	18729
24096	105	18174	309	344	0	18932
24097	137	291	285	18013	0	18726
24098	118	279	17993	297	0	18687
24099	110	17624	294	304	0	18332
24100	138	250	279	17576	0	18243
24101	17640	256	106	299	0	18301
24102	298	80	17760	296	0	18434
24103	16648	44	266	144	0	17102
24104	305	68	17089	99	0	17561
24105	15208	59	285	74	0	15626
24106	255	15700	258	93	0	16306
24107	199	14899	105	60	0	15263
24108	109	553	100	13697	0	14459
24109	61	14273	64	197	0	14595
24110	13799	207	61	234	0	14301
24111	193	184	60	13922	0	14359
24112	195	60	39	14055	0	14349
24113	77	41	41	14234	0	14393
24114	45	64	13769	371	0	14249
24115	58	51	182	13783	0	14074
24116	56	51	13657	231	0	13995
24117	39	13283	218	205	0	13745
24118	12696	152	177	79	0	13104
24119	169	13308	63	67	0	13607
24120	13562	165	58	78	0	13863
24121	13581	151	39	94	0	13865
24122	13709	43	37	76	0	13865
24123	13524	27	51	63	0	13665
24124	310	43	13100	78	0	13531
24125	192	36	168	12955	0	13351
24126	81	45	177	13019	0	13322
24127	67	45	52	13379	0	13543
24128	12419	34	54	309	0	12816
24129	12556	41	38	209	0	12844
24130	275	13271	47	94	0	13687
24131	195	137	12992	60	0	13384
24132	67	152	12976	57	0	13252
24133	61	12869	268	54	0	13252
24134	37	12698	173	69	0	12977
24135	236	275	219	10861	0	11591
24136	41	102	41	10471	0	10655
24137	10666	25	27	173	0	10891
24138	75	10745	35	101	0	10956
24139	97	86	23	11029	0	11235
24140	32	89	11291	93	0	11505
24141	36	25	86	11681	0	11828
24142	33	17	93	11847	0	11990
24143	29	24	23	12029	0	12105
24144	39	12	23	11870	0	11944
24145	29	28	11551	195	0	11803
24146	28	11202	98	118	0	11446
24147	28	11338	99	38	0	11503
24148	10860	154	29	39	0	11082
24149	82	11080	21	35	0	11218
24150	86	11425	27	20	0	11558
24151	48	155	23	11276	0	11502
24152	33	92	23	11421	0	11569
24153	34	25	22	11456	0	11537
24154	39	28	11287	167	0	11521
24155	33	11249	91	107	0	11480
24156	42	115	68	10970	0	11195
24157	25	11324	28	95	0	11472
24158	11132	84	19	97	0	11332
24159	91	11225	26	44	0	11386
24160	11178	81	23	43	0	11325
24161	80	92	11069	42	0	11283
24162	11044	28	87	40	0	11199
24163	84	26	80	11319	0	11509
24164	74	41	11485	93	0	11693
24165	10997	31	69	100	0	11197
24166	11450	19	81	39	0	11589
24167	11518	23	25	28	0	11594
24168	158	25	13	11327	0	11523
24169	84	40	11536	96	0	11756
24170	11118	14	79	118	0	11329
24171	94	23	81	11932	0	12130
24172	93	22	19	11980	0	12114
24173	35	36	12220	177	0	12468
24174	25	12218	94	107	0	12444
24175	39	103	70	11699	0	11911
24176	28	12146	29	82	0	12285
24177	11853	82	19	88	0	12042
24178	11917	81	17	38	0	12053
24179	152	22	18	11841	0	12033
24180	11879	9	21	97	0	12006
24181	84	11796	24	91	0	11995
24182	11861	86	14	43	0	12004
24183	93	12003	29	26	0	12151
24184	103	97	8	11983	0	12191
24185	52	87	10	11850	0	11999
24186	31	12045	22	145	0	12243
24187	36	93	15	12038	0	12182
24188	28	84	11969	92	0	12173
24189	28	11826	83	89	0	12026
24190	11359	73	73	43	0	11548
24191	75	11567	26	38	0	11706
24192	68	75	14	11402	0	11559
24193	28	77	11455	79	0	11639
24194	27	32	66	11453	0	11578
24195	27	21	68	11537	0	11653
24196	11086	12	20	148	0	11266
24197	80	23	11372	94	0	11569
24198	78	11465	72	43	0	11658
24199	33	71	11937	22	0	12063
24200	9	85	11970	24	0	12088
24201	18	27	12011	22	0	12078
24202	58	140	156	11407	0	11761
24203	12200	8	114	94	0	12416
24204	82	12274	16	88	0	12460
24205	12649	79	13	26	0	12767
24206	12984	83	9	36	0	13112
24207	152	18	10	12674	0	12854
24208	89	12937	15	79	0	13120
24209	12783	78	11	90	0	12962
24210	80	13024	19	26	0	13149
24211	99	92	10	12518	0	12719
24212	23	91	13	13136	0	13263
24213	15	13187	17	170	0	13389
24214	20	82	8	13306	0	13416
24215	20	103	12958	97	0	13178
24216	15	37	13038	88	0	13178
24217	19	16	154	13070	0	13259
24218	14	11	93	13316	0	13434
24219	9	27	12789	168	0	12993
24220	17	21	12539	109	0	12686
24221	11302	15	168	44	0	11529
24222	78	12453	104	26	0	12661
24223	91	13087	32	19	0	13229
24224	36	157	21	12616	0	12830
24225	18	100	14	12780	0	12912
24226	20	19	15	13016	0	13070
24227	13	29	12811	166	0	13019
24228	23	31	12694	100	0	12848
24229	20	15	168	12969	0	13172
24230	12	27	12881	100	0	13020
24231	12	12683	101	114	0	12910
24232	12588	79	105	36	0	12808
24233	92	98	12622	29	0	12841
24234	104	25	12683	23	0	12835
24235	27	35	173	12647	0	12882
24236	22	34	13793	113	0	13962
24237	14	13956	128	126	0	14224
24238	32	124	117	14095	0	14368
24239	29	126	14162	119	0	14436
24240	20	13908	127	134	0	14189
24241	13622	104	130	30	0	13886
24242	110	118	35	13585	0	13848
24243	115	20	22	13649	0	13806
24244	13597	24	23	213	0	13857
24245	104	13633	44	138	0	13919
24246	13807	107	19	47	0	13980
24247	13755	123	17	41	0	13936
24248	13832	25	15	41	0	13913
24249	219	28	15	13498	0	13760
24250	13201	12	11	124	0	13348
24251	146	12284	21	134	0	12585
24252	133	13001	30	38	0	13202
24253	13413	195	23	39	0	13670
24254	130	120	17	13618	0	13885
24255	142	31	17	13749	0	13939
24256	37	30	16	13887	0	13970
24257	33	36	13404	238	0	13711
24258	23	13477	113	156	0	13769
24259	29	120	134	13709	0	13992
24260	13769	128	28	146	0	14071
24261	108	23	32	13869	0	14032
24262	133	31	13671	158	0	13993
24263	22	13702	134	164	0	14022
24264	13699	115	144	51	0	14009
24265	13678	146	34	45	0	13903
24266	13812	32	32	43	0	13919
24267	258	27	22	13810	0	14117
24268	158	39	13854	142	0	14193
24269	55	34	14161	166	0	14416
24270	45	14581	277	44	0	14947
24271	57	145	169	14513	0	14884
24272	62	173	36	14696	0	14967
24273	14174	29	31	307	0	14541
24274	169	35	27	14488	0	14719
24275	14922	31	27	187	0	15167
24276	185	35	14692	201	0	15113
24277	202	38	14949	59	0	15248
24278	49	33	306	14731	0	15119
24279	66	18	185	14969	0	15238
24280	48	22	52	15332	0	15454
24281	15401	32	39	354	0	15826
24282	16119	26	30	233	0	16408
24283	372	21	42	16417	0	16852
24284	227	33	16243	233	0	16736
24285	70	27	16650	269	0	17016
24286	76	26	386	16603	0	17091
24287	17075	18	243	249	0	17585
24288	240	28	62	17071	0	17401
24289	268	24	50	17284	0	17626
24290	58	38	17130	451	0	17677
24291	66	45	17114	280	0	17505
24292	16455	24	425	84	0	16988
24293	238	42	17247	89	0	17616
24294	293	22	224	16539	0	17078
24295	74	33	262	16821	0	17190
24296	16813	30	66	419	0	17328
24297	217	16677	71	286	0	17251
24298	16591	187	61	94	0	16933
24299	224	16167	60	85	0	16536
24300	15738	183	46	93	0	16060
24301	239	207	15388	75	0	15909
24302	14248	86	292	84	0	14710
24303	14464	34	223	58	0	14779
24304	384	43	62	14319	0	14808
24305	236	36	14169	208	0	14649
24306	90	20	193	13784	0	14087
24307	69	32	205	13639	0	13945
24308	67	13665	60	379	0	14171
24309	78	162	49	13372	0	13661
24310	66	13662	56	207	0	13991
24311	71	168	48	13630	0	13917
24312	13446	181	50	228	0	13905
24313	194	30	51	13628	0	13903
24314	230	41	13452	233	0	13956
24315	13278	32	179	254	0	13743
24316	216	37	13856	102	0	14211
24317	13773	28	206	87	0	14094
24318	13944	29	221	82	0	14276
24319	389	13917	73	78	0	14457
24320	262	14339	62	71	0	14734
24321	14267	346	73	79	0	14765
24322	14592	214	53	82	0	14941
24323	14427	37	55	82	0	14601
24324	14433	30	47	86	0	14596
24325	14429	32	50	78	0	14589
24326	427	34	49	14113	0	14623
24327	273	37	60	14295	0	14665
24328	108	47	14139	401	0	14695
24329	13800	30	208	276	0	14314
24330	255	37	222	13981	0	14495
24331	281	37	51	14131	0	14500
24332	100	49	14100	421	0	14670
24333	108	13803	218	284	0	14413
24334	90	14029	256	110	0	14485
24335	13703	358	108	119	0	14288
24336	12916	208	67	79	0	13270
24337	362	12416	67	82	0	12927
24338	241	12290	65	52	0	12648
24339	12273	288	56	81	0	12698
24340	12553	181	38	81	0	12853
24341	359	45	47	12383	0	12834
24342	259	29	44	12475	0	12807
24343	105	43	27	12744	0	12919
24344	12459	29	35	355	0	12878
24345	12559	34	33	217	0	12843
24346	367	30	28	12611	0	13036
24347	12992	37	35	190	0	13254
24348	228	42	13032	225	0	13527
24349	253	32	174	13066	0	13525
24350	92	50	13175	212	0	13529
24351	87	12989	198	241	0	13515
24352	129	205	225	12727	0	13286
24353	12565	197	68	211	0	13041
24354	221	43	33	12581	0	12878
24355	239	35	36	12562	0	12872
24356	88	50	12433	344	0	12915
24357	91	46	12411	224	0	12772
24358	78	12535	314	81	0	13008
24359	12427	168	185	77	0	12857
24360	12481	183	36	65	0	12765
24361	12590	43	36	61	0	12730
24362	12705	25	32	61	0	12823
24363	382	25	28	12349	0	12784
24364	254	28	30	12034	0	12346
24365	81	12488	48	320	0	12937
24366	12477	155	38	194	0	12864
24367	12369	173	35	75	0	12652
24368	349	42	12042	55	0	12488
24369	10838	18	128	48	0	11032
24370	164	11077	152	50	0	11443
24371	178	340	36	10387	0	10941
24372	76	11087	27	145	0	11335
24373	10857	155	30	169	0	11211
24374	154	10943	32	55	0	11184
24375	169	140	25	10335	0	10669
24376	58	137	15	10405	0	10615
24377	50	33	20	10232	0	10335
24378	46	10046	37	244	0	10373
24379	53	219	19	10029	0	10320
24380	70	218	20	9739	0	10047
24381	45	9177	22	217	0	9461
24382	33	8704	23	132	0	8892
24383	7998	146	26	36	0	8206
24384	96	8164	17	35	0	8312
24385	7639	74	27	34	0	7774
24386	89	85	7553	26	0	7753
24387	82	7260	66	22	0	7430
24388	7167	65	71	24	0	7327
24389	7068	67	18	24	0	7177
24390	139	29	7075	18	0	7261
24391	86	16	66	7038	0	7206
24392	32	19	7206	72	0	7329
24393	15	7085	62	84	0	7246
24394	6896	64	75	28	0	7063
24395	62	6921	28	36	0	7047
24396	78	61	13	6817	0	6969
24397	23	70	10	6983	0	7086
24398	22	29	6932	122	0	7105
24399	25	21	6816	73	0	6935
24400	6584	21	107	32	0	6744
24401	6881	14	63	22	0	6980
24402	6915	19	17	18	0	6969
24403	6888	12	14	22	0	6936
24404	123	6968	20	24	0	7135
24405	90	61	10	6925	0	7086
24406	44	75	3	6915	0	7037
24407	29	7122	17	138	0	7306
24408	7236	60	5	79	0	7380
24409	7235	70	13	39	0	7357
24410	124	25	7301	24	0	7474
24411	7297	22	69	13	0	7401
24412	80	23	67	7286	0	7456
24413	82	29	7297	59	0	7467
24414	36	44	68	7287	0	7435
24415	24	27	7399	74	0	7524
24416	30	16	7156	71	0	7273
24417	26	87	112	6752	0	6977
24418	23	6897	71	63	0	7054
24419	6809	59	18	63	0	6949
24420	6597	59	21	24	0	6701
24421	109	7039	14	16	0	7178
24422	59	7113	10	16	0	7198
24423	7160	101	17	22	0	7300
24424	7132	60	8	17	0	7217
24425	7177	22	14	13	0	7226
24426	7142	17	7	18	0	7184
24427	108	18	5	7157	0	7288
24428	61	14	7187	54	0	7316
24429	16	7212	59	54	0	7341
24430	7089	65	51	18	0	7223
24431	59	7399	18	18	0	7494
24432	7210	54	11	17	0	7292
24433	7203	47	14	12	0	7276
24434	95	27	7446	17	0	7585
24435	61	7652	50	18	0	7781
24436	26	63	42	7591	0	7722
24437	22	49	8	7687	0	7766
24438	18	15	5	7621	0	7659
24439	7542	4	5	102	0	7653
24440	7298	13	9	58	0	7378
24441	7382	9	10	16	0	7417
24442	94	7426	14	12	0	7546
24443	7326	43	10	14	0	7393
24444	59	7479	13	10	0	7561
24445	55	52	7432	17	0	7556
24446	9	7379	50	12	0	7450
24447	70	102	72	6777	0	7021
24448	8	22	6	6663	0	6699
24449	12	8	6617	42	0	6679
24450	7	6	33	6470	0	6516
24451	12	5	18	6581	0	6616
24452	6625	6	3	48	0	6682
24453	6552	5	2	29	0	6588
24454	6640	3	1	14	0	6658
24455	39	6721	6	8	0	6774
24456	6651	29	2	12	0	6694
24457	6538	22	2	13	0	6575
24458	55	6759	11	6	0	6831
24459	31	32	8	6752	0	6823
24460	16	32	4	6826	0	6878
24461	6811	5	3	67	0	6886
24462	43	17	6730	33	0	6823
24463	27	6620	41	15	0	6703
24464	11	94	34	6237	0	6376
24465	3	6368	13	34	0	6418
24466	6	6393	6	40	0	6445
24467	6392	58	15	15	0	6480
24468	6363	28	10	6	0	6407
24469	67	5	0	6415	0	6487
24470	35	3	6	6334	0	6378
24471	12	9	2	6350	0	6373
24472	12	4	2	6368	0	6386
24473	15	12	6225	60	0	6312
24474	10	17	6035	32	0	6094
24475	13	3	63	6268	0	6347
24476	7	19	6617	50	0	6693
24477	11	6742	45	34	0	6832
24478	6766	42	31	20	0	6859
24479	6890	32	2	20	0	6944
24480	74	6	1	6923	0	7004
24481	40	4	6	7003	0	7053
24482	13	8	3	7047	0	7071
24483	9	7132	11	67	0	7219
24484	7143	47	3	40	0	7233
24485	7163	34	6	11	0	7214
24486	78	15	7140	5	0	7238
24487	38	5	44	7575	0	7662
24488	12	10	7818	71	0	7911
24489	14	6	62	8380	0	8462
24490	15	3	43	8348	0	8409
24491	11	8	6	8412	0	8437
24492	11	7	8	8560	0	8586
24493	8555	9	2	147	0	8713
24494	8736	7	4	77	0	8824
24495	8956	7	8	20	0	8991
24496	154	6	12	8929	0	9101
24497	82	11	8879	93	0	9065
24498	8627	9	83	82	0	8801
24499	96	8	68	8925	0	9097
24500	9013	5	10	104	0	9132
24501	105	4	5	8917	0	9031
24502	75	8815	17	91	0	8998
24503	18	9158	16	83	0	9275
24504	27	154	12	9077	0	9270
24505	19	85	10	9068	0	9182
24506	15	25	4	9120	0	9164
24507	14	8998	19	161	0	9192
24508	8886	87	6	88	0	9067
24509	93	8976	12	49	0	9130
24510	74	100	9022	30	0	9226
24511	21	81	94	8857	0	9053
24512	12	9159	78	103	0	9352
24513	23	95	23	9120	0	9261
24514	20	69	6	9179	0	9274
24515	18	24	9082	172	0	9296
24516	8487	9	96	99	0	8691
24517	103	9359	89	26	0	9577
24518	9474	94	15	29	0	9612
24519	9578	71	10	25	0	9684
24520	9693	13	7	33	0	9746
24521	183	24	9145	30	0	9382
24522	101	9	94	8979	0	9183
24523	34	13	74	9050	0	9171
24524	20	14	8937	178	0	9149
24525	8242	16	100	112	0	8470
24526	115	17	9078	35	0	9245
24527	82	19	8891	28	0	9020
24528	18	8977	163	23	0	9181
24529	31	120	74	8781	0	9006
24530	14	76	8943	104	0	9137
24531	8338	16	93	92	0	8539
24532	8622	15	70	31	0	8738
24533	161	18	8707	25	0	8911
24534	92	15	100	8588	0	8795
24535	23	20	8765	106	0	8914
24536	9	8783	105	102	0	8999
24537	9132	88	90	31	0	9341
24538	9331	75	12	29	0	9447
24539	9491	20	13	27	0	9551
24540	188	13	9	9381	0	9591
24541	100	9	14	9570	0	9693
24542	31	17	9448	191	0	9687
24543	9280	12	106	99	0	9497
24544	117	7	85	9439	0	9648
24545	9402	6	22	117	0	9547
24546	116	12	9449	100	0	9677
24547	100	20	9651	36	0	9807
24548	36	11	185	9361	0	9593
24549	22	12	100	9749	0	9883
24550	21	26	9723	188	0	9958
24551	9389	12	110	114	0	9625
24552	118	13	93	9339	0	9563
24553	95	9877	45	109	0	10126
24554	9969	98	20	108	0	10195
24555	109	10130	31	28	0	10298
24556	10165	105	15	37	0	10322
24557	128	96	10359	27	0	10610
24558	104	33	10125	29	0	10291
24559	34	10266	171	33	0	10504
24560	10199	93	104	38	0	10434
24561	120	86	10159	24	0	10389
24562	9817	30	95	39	0	9981
24563	123	10144	86	30	0	10383
24564	98	89	34	10277	0	10498
24565	46	74	27	10035	0	10182
24566	15	10381	33	172	0	10601
24567	10664	89	23	98	0	10874
24568	10817	84	20	34	0	10955
24569	11103	13	25	39	0	11180
24570	181	20	11127	36	0	11364
24571	114	15	107	11121	0	11357
24572	42	15	95	11254	0	11406
24573	40	20	25	11425	0	11510
24574	35	30	11250	185	0	11500
24575	29	11116	115	111	0	11371
24576	10755	101	90	39	0	10985
24577	107	105	10887	23	0	11122
24578	10681	20	103	27	0	10831
24579	119	10883	106	13	0	11121
24580	10964	90	35	20	0	11109
24581	113	107	21	10786	0	11027
24582	11036	20	20	107	0	11183
24583	121	20	25	11090	0	11256
24584	99	29	11358	102	0	11588
24585	52	87	105	11262	0	11506
24586	30	24	11322	116	0	11492
24587	10222	21	84	85	0	10412
24588	87	10714	93	26	0	10920
24589	87	84	19	9688	0	9878
24590	22	10410	22	60	0	10514
24591	10248	54	33	59	0	10394
24592	10126	52	24	28	0	10230
24593	94	10133	21	11	0	10259
24594	10097	51	17	25	0	10190
24595	10114	45	19	27	0	10205
24596	91	13	15	10039	0	10158
24597	61	18	13	10076	0	10168
24598	10285	7	15	88	0	10395
24599	10416	7	13	56	0	10492
24600	109	13	9	10334	0	10465
24601	70	10	11	11009	0	11100
24602	11254	7	21	109	0	11391
24603	88	23	11290	72	0	11473
24604	10680	22	81	35	0	10818
24605	94	21	11181	38	0	11334
24606	74	11037	84	19	0	11214
24607	37	85	80	10847	0	11049
24608	28	70	11278	82	0	11458
24609	18	11462	99	69	0	11648
24610	11306	85	65	32	0	11488
24611	84	82	11486	16	0	11668
24612	11229	14	85	19	0	11347
24613	11599	15	63	26	0	11703
24614	11733	12	19	24	0	11788
24615	150	15	20	11031	0	11216
24616	85	11749	18	74	0	11926
24617	11495	73	17	67	0	11652
24618	83	73	11620	21	0	11797
24619	10760	14	79	25	0	10878
24620	85	27	11689	19	0	11820
24621	76	11551	84	24	0	11735
24622	31	76	66	11564	0	11737
24623	33	65	17	11444	0	11559
24624	17	11556	27	138	0	11738
24625	26	71	15	11691	0	11803
24626	27	78	11719	84	0	11908
24627	27	11749	82	67	0	11925
24628	20	80	66	11499	0	11665
24629	11554	68	16	82	0	11720
24630	11987	24	16	72	0	12099
24631	162	17	19	12103	0	12301
24632	96	12535	22	98	0	12751
24633	40	100	14	12523	0	12677
24634	41	84	12	12356	0	12493
24635	31	32	11929	179	0	12171
24636	33	12018	93	116	0	12260
24637	39	97	77	11735	0	11948
24638	29	86	11660	106	0	11881
24639	26	11595	100	86	0	11807
24640	27	100	78	11525	0	11730
24641	11596	78	29	92	0	11795
24642	109	11767	31	90	0	11997
24643	104	89	13	11760	0	11966
24644	12004	90	18	95	0	12207
24645	12107	25	15	92	0	12239
24646	12152	15	13	41	0	12221
24647	11977	15	18	29	0	12039
24648	176	28	12	11827	0	12043
24649	103	19	11873	111	0	12106
24650	36	40	93	11478	0	11647
24651	34	11819	91	109	0	12053
24652	11891	82	23	88	0	12084
24653	105	95	11619	26	0	11845
24654	11104	19	89	36	0	11248
24655	100	36	11540	30	0	11706
24656	98	25	92	11309	0	11524
24657	43	35	11484	98	0	11660
24658	39	21	92	11335	0	11487
24659	37	33	11474	93	0	11637
24660	47	16	87	11324	0	11474
24661	11495	12	85	106	0	11698
24662	89	12055	31	102	0	12277
24663	98	98	17	12077	0	12290
24664	45	85	18	12045	0	12193
24665	34	41	12340	159	0	12574
24666	34	30	12049	100	0	12213
24667	11344	24	156	34	0	11558
24668	95	11907	97	40	0	12139
24669	11748	75	54	42	0	11919
24670	11785	71	20	48	0	11924
24671	147	22	27	11530	0	11726
24672	87	12063	36	96	0	12282
24673	12364	85	24	101	0	12574
24674	12497	77	17	43	0	12634
24675	12671	14	20	35	0	12740
24676	12714	22	15	33	0	12784
24677	12552	10	20	37	0	12619
24678	153	42	12312	22	0	12529
24679	12263	12	85	37	0	12397
24680	111	22	12502	24	0	12659
24681	110	10	88	12182	0	12390
24682	40	14	84	12579	0	12717
24683	36	32	12402	160	0	12630
24684	11947	13	89	111	0	12160
24685	110	15	85	12584	0	12794
24686	102	11	21	12850	0	12984
24687	32	9	23	13004	0	13068
24688	36	18	20	12951	0	13025
24689	38	19	17	13064	0	13138
24690	34	26	13063	205	0	13328
24691	38	12	100	13065	0	13215
24692	35	27	13310	118	0	13490
24693	27	35	13081	116	0	13259
24694	13085	8	193	58	0	13344
24695	13640	15	117	44	0	13816
24696	14455	12	37	32	0	14536
24697	255	32	14903	33	0	15223
24698	155	29	15180	38	0	15402
24699	42	44	15624	30	0	15740
24700	39	16068	301	51	0	16459
24701	90	223	267	15749	0	16329
24702	16429	127	58	151	0	16765
24703	161	20	21	17162	0	17364
24704	165	17577	34	196	0	17972
24705	17746	159	33	184	0	18122
24706	192	159	27	17568	0	17946
24707	181	17995	36	196	0	18408
24708	53	169	21	18100	0	18343
24709	38	169	33	17970	0	18210
24710	17675	22	32	366	0	18095
24711	203	16	33	17736	0	17988
24712	191	40	17535	215	0	17981
24713	60	22	195	17267	0	17544
24714	54	17064	209	203	0	17530
24715	55	17432	68	223	0	17778
24716	56	342	51	16956	0	17405
24717	59	195	43	16732	0	17029
24718	47	16834	63	360	0	17304
24719	43	16950	59	234	0	17286
24720	36	17253	56	86	0	17431
24721	62	371	37	15880	0	16350
24722	54	17093	43	202	0	17392
24723	16876	225	20	230	0	17351
24724	218	226	17135	88	0	17667
24725	218	70	186	16589	0	17063
24726	68	17210	210	227	0	17715
24727	17074	213	41	232	0	17560
24728	218	229	17282	105	0	17834
24729	213	17264	216	84	0	17777
24730	16812	206	188	113	0	17319
24731	181	16699	87	90	0	17057
24732	183	16783	65	90	0	17121
24733	83	362	59	16372	0	16876
24734	51	16936	48	224	0	17259
24735	16682	222	34	224	0	17162
24736	196	219	39	16706	0	17160
24737	199	103	16606	218	0	17126
24738	53	111	16642	226	0	17032
24739	56	109	304	16526	0	16995
24740	59	108	16894	222	0	17283
24741	51	92	197	16828	0	17168
24742	16431	71	166	256	0	16924
24743	193	114	16581	223	0	17111
24744	204	83	185	16196	0	16668
24745	58	16348	209	214	0	16829
24746	60	223	72	16643	0	16998
24747	78	204	68	16477	0	16827
24748	51	16613	66	353	0	17083
24749	79	228	64	16956	0	17327
24750	61	210	58	17024	0	17353
24751	58	123	16792	351	0	17324
24752	63	16697	205	225	0	17190
24753	16705	235	184	127	0	17251
24754	211	237	69	16817	0	17334
24755	194	140	16886	246	0	17466
24756	85	88	187	16863	0	17223
24757	55	107	16891	262	0	17315
24758	15972	84	208	268	0	16532
24759	194	16819	213	124	0	17350
24760	209	212	101	16857	0	17379
24761	86	220	70	17150	0	17526
24762	16440	93	76	384	0	16993
24763	204	73	84	16700	0	17061
24764	197	99	16514	277	0	17087
24765	84	94	210	15879	0	16267
24766	59	15792	215	273	0	16339
24767	58	16175	96	269	0	16598
24768	60	16438	82	157	0	16737
24769	64	397	67	16143	0	16671
24770	64	260	15983	283	0	16590
24771	61	15920	210	264	0	16455
24772	15474	220	203	149	0	16046
24773	163	15867	104	137	0	16271
24774	15841	256	66	128	0	16291
24775	15789	216	60	131	0	16196
24776	337	118	15683	118	0	16256
24777	16010	104	208	128	0	16450
24778	16570	87	191	142	0	16990
24779	16418	97	77	121	0	16713
24780	16682	93	56	133	0	16964
24781	348	109	16573	120	0	17150
24782	16328	77	205	105	0	16715
24783	16798	88	192	103	0	17181
24784	335	17249	93	95	0	17772
24785	209	224	49	16848	0	17330
24786	95	212	58	16734	0	17099
24787	78	16957	87	342	0	17464
24788	16729	198	64	215	0	17206
24789	208	16913	94	89	0	17304
24790	16460	214	58	87	0	16819
24791	16415	198	57	85	0	16755
24792	314	16564	74	85	0	17037
24793	206	220	50	16558	0	17034
24794	98	192	16629	231	0	17150
24795	77	16283	201	205	0	16766
24796	123	390	150	14833	0	15496
24797	86	15376	64	132	0	15658
24798	57	16095	54	151	0	16357
24799	136	459	82	15122	0	15799
24800	75	191	15499	193	0	15958
24801	43	14954	190	171	0	15358
24802	34	14704	178	72	0	14988
24803	13285	252	120	32	0	13689
24804	122	163	10	13525	0	13820
24805	140	44	8	13682	0	13874
24806	42	18	8	13980	0	14048
24807	23	29	13876	283	0	14211
24808	35	19	133	13967	0	14154
24809	20	14345	154	172	0	14691
24810	14866	148	41	156	0	15211
24811	165	152	10	14917	0	15244
24812	167	49	14888	184	0	15288
24813	14996	22	150	178	0	15346
24814	182	23	160	15644	0	16009
24815	193	35	16672	180	0	17080
24816	47	41	16791	184	0	17063
24817	16865	20	372	57	0	17314
24818	17731	15	222	31	0	17999
24819	17805	22	45	33	0	17905
24820	17974	27	13	34	0	18048
24821	452	30	17725	29	0	18236
24822	247	17928	215	26	0	18416
24823	17869	213	209	38	0	18329
24824	214	18013	55	25	0	18307
24825	17902	252	21	29	0	18204
24826	245	17964	39	42	0	18290
24827	229	246	16	17782	0	18273
24828	56	226	20	17803	0	18105
24829	38	59	19	17657	0	17773
24830	32	17403	36	436	0	17907
24831	39	17688	31	267	0	18025
24832	45	396	21	16740	0	17202
24833	33	17321	49	214	0	17617
24834	42	269	17145	213	0	17669
24835	51	215	228	17075	0	17569
24836	56	100	17297	251	0	17704
24837	16716	31	250	258	0	17255
24838	17109	39	229	94	0	17471
24839	444	48	17072	65	0	17629
24840	284	62	16976	43	0	17365
24841	102	47	410	16775	0	17334
24842	68	70	17124	253	0	17515
24843	82	44	272	16149	0	16547
24844	57	15829	268	260	0	16414
24845	80	273	72	16915	0	17340
24846	59	244	46	17065	0	17414
24847	69	93	38	17208	0	17408
24848	58	65	16540	494	0	17157
24849	55	63	244	16402	0	16764
24850	71	78	232	16278	0	16659
24851	90	72	74	15711	0	15947
24852	65	16369	60	429	0	16923
24853	16386	256	48	290	0	16980
24854	16451	251	55	122	0	16879
24855	16563	89	53	105	0	16810
24856	504	67	61	16128	0	16760
24857	300	61	16052	280	0	16693
24858	181	80	15923	270	0	16454
24859	76	16027	455	131	0	16689
24860	15636	244	271	115	0	16266
24861	237	15968	121	114	0	16440
24862	15967	277	78	104	0	16426
24863	272	15964	75	126	0	16437
24864	15751	286	82	109	0	16228
24865	285	16475	93	120	0	16973
24866	271	288	74	16421	0	17054
24867	122	270	16300	300	0	16992
24868	106	108	16566	314	0	17094
24869	126	71	452	16288	0	16937
24870	96	65	306	16497	0	16964
24871	115	78	112	16767	0	17072
24872	117	86	16418	519	0	17140
24873	104	70	280	16282	0	16736
24874	15840	58	256	368	0	16522
24875	15962	72	106	311	0	16451
24876	486	15784	92	143	0	16505
24877	15653	274	62	126	0	16115
24878	334	15481	86	110	0	16011
24879	15462	320	81	106	0	15969
24880	15459	272	70	113	0	15914
24881	15234	114	79	107	0	15534
24882	506	97	15015	96	0	15714
24883	317	93	14896	102	0	15408
24884	14328	81	438	107	0	14954
24885	14745	67	313	104	0	15229
24886	527	72	128	14584	0	15311
24887	362	48	65	15079	0	15554
24888	164	68	76	15422	0	15730
24889	111	71	95	15677	0	15954
24890	87	82	97	16091	0	16357
24891	15665	80	77	539	0	16361
24892	317	86	66	15864	0	16333
24893	288	96	15601	363	0	16348
24894	15187	81	268	313	0	15849
24895	15600	67	256	171	0	16094
24896	490	15456	105	155	0	16206
24897	266	15450	92	124	0	15932
24898	14073	311	63	82	0	14529
24899	210	14463	62	74	0	14809
24900	14032	208	92	69	0	14401
24901	14913	152	56	68	0	15189
24902	14995	48	44	59	0	15146
24903	405	25	41	14257	0	14728
24904	224	14484	58	229	0	14995
24905	14573	188	46	196	0	15003
24906	245	155	56	14473	0	14929
24907	201	38	38	14232	0	14509
24908	13625	17	30	347	0	14019
24909	196	13465	39	220	0	13920
24910	162	208	22	13122	0	13514
24911	13188	137	29	213	0	13567
24912	208	13387	36	177	0	13808
24913	13440	170	11	73	0	13694
24914	223	140	12739	56	0	13158
24915	12157	32	133	40	0	12362
24916	178	12500	109	44	0	12831
24917	12166	144	68	33	0	12411
24918	11989	100	10	27	0	12126
24919	248	12229	14	30	0	12521
24920	12146	144	3	33	0	12326
24921	163	11997	16	24	0	12200
24922	12137	157	16	30	0	12340
24923	182	103	8	12103	0	12396
24924	137	29	9	12127	0	12302
24925	63	20	5	12245	0	12333
24926	37	39	11813	258	0	12147
24927	51	21	137	11866	0	12075
24928	38	41	11922	179	0	12180
24929	44	27	148	11714	0	11933
24930	49	11833	110	169	0	12161
24931	38	156	21	12041	0	12256
24932	50	111	12019	171	0	12351
24933	37	56	12178	117	0	12388
24934	43	25	222	12119	0	12409
24935	12042	18	106	171	0	12337
24936	12125	25	28	126	0	12304
24937	261	12068	27	56	0	12412
24938	151	158	19	12173	0	12501
24939	63	124	12370	171	0	12728
24940	60	44	147	12449	0	12700
24941	47	50	12454	183	0	12734
24942	12069	25	158	129	0	12381
24943	176	38	109	12473	0	12796
24944	156	35	12272	170	0	12633
24945	67	30	155	12312	0	12564
24946	64	32	103	12470	0	12669
24947	67	35	12336	266	0	12704
24948	50	29	150	12413	0	12642
24949	12370	23	114	204	0	12711
24950	12503	29	44	146	0	12722
24951	281	25	23	12563	0	12892
24952	12676	34	28	198	0	12936
24953	206	35	12621	157	0	13019
24954	139	45	12637	70	0	12891
24955	12551	36	254	64	0	12905
24956	12984	22	137	70	0	13213
24957	283	28	68	12700	0	13079
24958	168	25	24	12935	0	13152
24959	66	57	12719	297	0	13139
24960	99	30	159	11942	0	12230
24961	52	12829	150	184	0	13215
24962	12953	165	46	150	0	13314
24963	13628	125	40	75	0	13868
24964	305	13660	56	60	0	14081
24965	13178	173	29	78	0	13458
24966	13063	153	47	48	0	13311
24967	325	13162	36	76	0	13599
24968	13171	176	40	66	0	13453
24969	208	13272	58	64	0	13602
24970	13317	188	42	83	0	13630
24971	228	166	13198	57	0	13649
24972	192	44	185	13182	0	13603
24973	94	33	152	13542	0	13821
24974	75	31	38	14064	0	14208
24975	13861	25	46	355	0	14287
24976	224	21	41	14356	0	14642
24977	197	32	14246	243	0	14718
24978	14196	24	214	199	0	14633
24979	235	21	164	14135	0	14555
24980	209	14051	65	230	0	14555
24981	76	14480	65	206	0	14827
24982	68	335	51	14215	0	14669
24983	61	165	53	14276	0	14555
24984	73	34	43	14451	0	14601
24985	68	46	13845	379	0	14338
24986	62	13657	187	229	0	14135
24987	13250	179	158	80	0	13667
24988	12993	158	46	69	0	13266
24989	309	12753	50	56	0	13168
24990	167	12666	51	46	0	12930
24991	134	314	64	12195	0	12707
24992	57	149	12177	168	0	12551
24993	11581	85	167	167	0	12000
24994	11857	17	129	65	0	12068
24995	264	13	44	11734	0	12055
24996	141	23	34	11759	0	11957
24997	11360	12	30	264	0	11666
24998	155	27	11346	164	0	11692
24999	11040	15	145	64	0	11264
25000	168	11049	128	56	0	11401
25001	105	109	24	9844	0	10082
25002	26	10128	25	120	0	10299
25003	10155	103	21	112	0	10391
25004	121	89	28	9980	0	10218
25005	110	29	13	9782	0	9934
25006	48	9878	23	186	0	10135
25007	9900	99	20	104	0	10123
25008	9920	88	16	49	0	10073
25009	191	42	9816	32	0	10081
25010	101	29	9528	37	0	9695
25011	9388	20	162	36	0	9606
25012	118	22	9547	30	0	9717
25013	101	29	9038	24	0	9192
25014	8827	28	158	37	0	9050
25015	80	34	9634	37	0	9785
25016	84	12	107	9595	0	9798
25017	29	11	94	9860	0	9994
25018	10338	10	18	213	0	10579
25019	141	26	10663	114	0	10944
25020	11380	23	138	36	0	11577
25021	186	25	118	11393	0	11722
25022	11645	13	31	167	0	11856
25023	11649	16	19	142	0	11826
25024	11792	18	15	59	0	11884
25025	306	18	19	11550	0	11893
25026	11737	14	16	171	0	11938
25027	234	8	15	11726	0	11983
25028	176	10	21	11723	0	11930
25029	76	17	16	11833	0	11942
25030	71	16	16	11822	0	11925
25031	11607	17	20	314	0	11958
25032	11636	19	17	175	0	11847
25033	316	26	11623	70	0	12035
25034	11783	18	171	57	0	12029
25035	11973	16	131	71	0	12191
25036	315	17	39	11597	0	11968
25037	195	11704	35	190	0	12124
25038	11815	162	25	165	0	12167
25039	233	136	20	11489	0	11878
25040	11496	35	30	208	0	11769
25041	242	11384	38	163	0	11827
25042	11631	164	29	65	0	11889
25043	235	131	27	11253	0	11646
25044	179	11321	35	193	0	11728
25045	11456	178	28	168	0	11830
25046	205	11431	32	84	0	11752
25047	172	11728	38	65	0	12003
25048	11732	286	34	66	0	12118
25049	218	168	11594	61	0	12041
25050	11748	53	170	55	0	12026
25051	258	34	141	11589	0	12022
25052	194	35	11637	195	0	12061
25053	122	30	178	11517	0	11847
25054	86	30	142	11789	0	12047
25055	82	39	11604	332	0	12057
25056	11510	28	186	185	0	11909
25057	264	17	143	11652	0	12076
25058	201	19	45	11784	0	12049
25059	116	21	26	11765	0	11928
25060	11594	23	28	380	0	12025
25061	238	23	11411	233	0	11905
25062	193	29	11377	115	0	11714
25063	91	32	255	10636	0	11014
25064	86	17	10647	208	0	10958
25065	10374	17	178	173	0	10742
25066	197	10455	141	82	0	10875
25067	10371	147	84	76	0	10678
25068	243	118	42	9977	0	10380
25069	179	10181	44	177	0	10581
25070	101	210	42	10041	0	10394
25071	92	10297	50	200	0	10639
25072	83	212	29	10324	0	10648
25073	94	135	10106	215	0	10550
25074	69	67	9731	158	0	10025
25075	70	9675	227	90	0	10062
25076	9153	150	152	79	0	9534
25077	176	114	44	8985	0	9319
25078	138	52	32	8982	0	9204
25079	9042	43	25	233	0	9343
25080	9047	36	41	141	0	9265
25081	259	30	38	8993	0	9320
25082	151	46	8882	168	0	9247
25083	96	8916	151	129	0	9292
25084	81	135	112	8808	0	9136
25085	77	114	54	8659	0	8904
25086	65	9160	48	227	0	9500
25087	9243	151	27	152	0	9573
25088	178	123	9274	85	0	9660
25089	142	51	146	9176	0	9515
25090	64	44	113	9225	0	9446
25091	56	48	9163	266	0	9533
25092	60	34	148	9265	0	9507
25093	9306	37	120	207	0	9670
25094	9317	38	57	146	0	9558
25095	9404	26	48	95	0	9573
25096	259	9207	48	95	0	9609
25097	9606	144	51	68	0	9869
25098	222	101	45	9503	0	9871
25099	153	47	54	9287	0	9541
25100	92	10129	53	256	0	10530
25101	10865	166	41	175	0	11247
25102	11440	125	43	83	0	11691
25103	11566	56	32	79	0	11733
25104	11811	55	29	79	0	11974
25105	11857	34	38	83	0	12012
25106	346	48	11600	68	0	12062
25107	11832	40	200	68	0	12140
25108	11972	45	132	61	0	12210
25109	11904	29	61	60	0	12054
25110	368	21	45	11634	0	12068
25111	202	26	47	11744	0	12019
25112	122	41	11414	312	0	11889
25113	9780	46	207	180	0	10213
25114	213	11182	148	104	0	11647
25115	146	10548	58	68	0	10820
25116	92	207	10396	52	0	10747
25117	67	10299	151	49	0	10566
25118	47	9818	100	46	0	10011
25119	169	405	130	8095	0	8799
25120	29	8468	58	114	0	8669
25121	8337	107	7	65	0	8516
25122	8250	61	8	34	0	8353
25123	156	22	16	8156	0	8350
25124	80	23	8134	100	0	8337
25125	7940	14	95	62	0	8111
25126	121	21	8204	29	0	8375
25127	81	15	8262	26	0	8384
25128	46	17	137	7838	0	8038
25129	42	8	70	8162	0	8282
25130	29	11	8235	145	0	8420
25131	30	8071	100	80	0	8281
25132	23	8503	63	29	0	8618
25133	8327	140	40	44	0	8551
25134	8367	63	24	26	0	8480
25135	145	20	8260	22	0	8447
25136	8168	14	81	28	0	8291
25137	8550	19	47	25	0	8641
25138	141	25	25	8299	0	8490
25139	81	20	12	8517	0	8630
25140	50	15	7	8594	0	8666
25141	8525	10	13	137	0	8685
25142	8589	13	5	73	0	8680
25143	8689	11	12	32	0	8744
25144	166	6	17	8589	0	8778
25145	105	8	8444	85	0	8642
25146	8318	5	85	55	0	8463
25147	8341	7	55	30	0	8433
25148	158	8	25	8142	0	8333
25149	92	8275	30	83	0	8480
25150	52	95	22	8184	0	8353
25151	44	8387	26	90	0	8547
25152	43	107	12	8124	0	8286
25153	40	8458	19	95	0	8612
25154	8254	87	20	69	0	8430
25155	103	65	20	8253	0	8441
25156	75	8270	24	85	0	8454
25157	51	103	8241	55	0	8450
25158	7971	68	94	26	0	8159
25159	103	48	56	8163	0	8370
25160	74	8201	31	86	0	8392
25161	51	85	14	7937	0	8087
25162	30	8023	26	98	0	8177
25163	38	8411	22	70	0	8541
25164	8435	119	26	35	0	8615
25165	8554	68	21	35	0	8678
25166	127	36	8571	20	0	8754
25167	8489	23	77	25	0	8614
25168	8558	29	65	27	0	8679
25169	128	8521	37	21	0	8707
25170	83	90	27	8486	0	8686
25171	52	58	14	8510	0	8634
25172	41	37	8406	123	0	8607
25173	44	33	8293	72	0	8442
25174	8318	21	122	34	0	8495
25175	8519	20	61	34	0	8634
25176	8523	17	32	35	0	8607
25177	145	17	8392	27	0	8581
25178	87	11	85	8283	0	8466
25179	8387	15	58	95	0	8555
25180	106	10	31	8377	0	8524
25181	67	23	8291	100	0	8481
25182	7863	15	78	71	0	8027
25183	103	16	8580	37	0	8736
25184	73	8463	81	24	0	8641
25185	8500	75	65	23	0	8663
25186	102	55	8389	29	0	8575
25187	76	34	73	8244	0	8427
25188	8335	20	53	89	0	8497
25189	99	14	22	8414	0	8549
25190	8508	18	14	100	0	8640
25191	115	14	13	8429	0	8571
25192	8652	16	14	107	0	8789
25193	8636	20	10	70	0	8736
25194	8652	14	9	44	0	8719
25195	8573	22	15	29	0	8639
25196	141	48	27	8540	0	8756
25197	76	29	8333	80	0	8518
25198	62	20	8343	57	0	8482
25199	40	8340	105	37	0	8522
25200	28	7590	55	23	0	7696
25201	6698	89	147	28	0	6962
25202	33	26	14	6475	0	6548
25203	27	7	6581	21	0	6636
25204	8	16	6760	26	0	6810
25205	11	29	41	6707	0	6788
25206	6734	3	25	24	0	6786
25207	22	6820	9	29	0	6880
25208	7134	16	3	20	0	7173
25209	21	21	5	7204	0	7251
25210	26	2	4	7212	0	7244
25211	9	0	3	7225	0	7237
25212	12	8	7234	39	0	7293
25213	11	5	7194	27	0	7237
25214	7	7255	41	14	0	7317
25215	5	22	26	7312	0	7365
25216	7205	27	6	28	0	7266
25217	28	17	7137	27	0	7209
25218	32	10	7311	18	0	7371
25219	11	8	48	7337	0	7404
25220	9	6	33	7503	0	7551
25221	13	1	6	7580	0	7600
25222	5	4	5	8187	0	8201
25223	8290	5	8	74	0	8377
25224	47	2	3	8507	0	8559
25225	8560	5	4	63	0	8632
25226	52	11	8729	66	0	8858
25227	64	8836	64	10	0	8974
25228	12	47	68	8880	0	9007
25229	13	63	8989	76	0	9141
25230	14	12	8955	76	0	9057
25231	12	9042	119	12	0	9185
25232	12	44	63	8771	0	8890
25233	8	62	5	8749	0	8824
25234	13	11	8807	115	0	8946
25235	8501	5	58	69	0	8633
25236	59	7	66	8830	0	8962
25237	63	4	14	8675	0	8756
25238	11	13	8874	112	0	9010
25239	9	8899	65	84	0	9057
25240	8	9580	74	18	0	9680
25241	9756	132	8	26	0	9922
25242	83	74	13	9821	0	9991
25243	10264	7	14	102	0	10387
25244	110	16	10269	89	0	10484
25245	91	6	103	10259	0	10459
25246	10334	6	92	122	0	10554
25247	10431	7	16	91	0	10545
25248	190	8	10	10391	0	10599
25249	101	12	10389	108	0	10610
25250	18	17	10638	95	0	10768
25251	13	24	184	10501	0	10722
25252	22	13	10631	115	0	10781
25253	10056	4	112	90	0	10262
25254	108	10477	99	36	0	10720
25255	10653	98	19	28	0	10798
25256	10701	79	11	29	0	10820
25257	190	12	13	10655	0	10870
25258	92	7	26	10775	0	10900
25259	10758	15	13	193	0	10979
25260	115	10	16	10817	0	10958
25261	91	22	10746	126	0	10985
25262	23	10764	118	97	0	11002
25263	18	114	92	10554	0	10778
25264	21	89	24	10557	0	10691
25265	26	13	14	10631	0	10684
25266	17	17	10438	207	0	10679
25267	26	10387	119	123	0	10655
25268	25	101	95	10439	0	10660
25269	22	91	10401	130	0	10644
25270	23	18	119	10440	0	10600
25271	10397	19	96	139	0	10651
25272	126	19	25	10580	0	10750
25273	107	26	10485	136	0	10754
25274	10283	12	116	115	0	10526
25275	131	10741	109	34	0	11015
25276	99	10994	40	40	0	11173
25277	11083	176	26	57	0	11342
25278	133	99	11338	40	0	11610
25279	110	8	124	11291	0	11533
25280	56	11	100	11495	0	11662
25281	28	26	11587	213	0	11854
25282	29	11600	132	128	0	11889
25283	45	109	109	10821	0	11084
25284	26	100	11396	126	0	11648
25285	32	22	126	11370	0	11550
25286	11316	36	106	140	0	11598
25287	128	32	11716	120	0	11996
25288	114	31	114	11689	0	11948
25289	36	23	101	11754	0	11914
25290	42	29	11553	219	0	11843
25291	51	27	114	11036	0	11228
25292	33	10944	116	169	0	11262
25293	50	111	51	10397	0	10609
25294	29	11428	51	129	0	11637
25295	11343	119	42	128	0	11632
25296	10976	95	51	64	0	11186
25297	192	37	11193	69	0	11491
25298	115	30	11197	55	0	11397
25299	36	31	11140	51	0	11258
25300	24	11020	222	65	0	11331
25301	49	135	134	11114	0	11432
25302	35	96	11364	133	0	11628
25303	52	29	126	10907	0	11114
25304	48	32	103	11018	0	11201
25305	51	27	11099	210	0	11387
25306	61	23	121	11143	0	11348
25307	36	33	115	10854	0	11038
25308	33	10780	62	234	0	11109
25309	63	118	31	10970	0	11182
25310	42	96	40	11124	0	11302
25311	38	35	11106	227	0	11406
25312	36	33	130	10916	0	11115
25313	32	32	11126	175	0	11365
25314	24	28	10926	137	0	11115
25315	10556	23	190	92	0	10861
25316	126	55	119	10205	0	10505
25317	87	11162	56	140	0	11445
25318	29	11307	58	143	0	11537
25319	44	202	60	11117	0	11423
25320	31	109	11295	177	0	11612
25321	36	11317	147	136	0	11636
25322	55	118	77	10645	0	10895
25323	38	68	11039	129	0	11274
25324	36	11025	114	82	0	11257
25325	11384	112	81	55	0	11632
25326	11346	69	43	52	0	11510
25327	11213	32	29	64	0	11338
25328	145	17	41	12154	0	12357
25329	66	20	45	12182	0	12313
25330	25	27	37	12123	0	12212
25331	18	27	12163	186	0	12394
25332	12121	28	131	103	0	12383
25333	115	19	83	11820	0	12037
25334	79	27	12000	121	0	12227
25335	12188	16	119	108	0	12431
25336	12590	14	79	60	0	12743
25337	181	61	10679	62	0	10983
25338	12334	28	89	64	0	12515
25339	102	12891	79	56	0	13128
25340	51	81	12454	28	0	12614
25341	11776	55	118	47	0	11996
25342	72	12231	67	41	0	12411
25343	36	55	22	11584	0	11697
25344	13	11837	18	58	0	11926
25345	7	59	16	11902	0	11984
25346	9	37	11936	67	0	12049
25347	10648	12	73	55	0	10788
25348	51	23	12094	21	0	12189
25349	30	11932	70	22	0	12054
25350	9	11835	45	48	0	11937
25351	11732	75	13	30	0	11850
25352	58	43	11784	18	0	11903
25353	33	9	59	11656	0	11757
25354	11	22	11863	61	0	11957
25355	9	11961	59	57	0	12086
25356	31	61	38	10757	0	10887
25357	7	11958	22	42	0	12029
25358	12067	57	16	40	0	12180
25359	12128	31	11	26	0	12196
25360	12131	10	16	21	0	12178
25361	83	22	12059	14	0	12178
25362	35	21	11857	19	0	11932
25363	11663	8	93	16	0	11780
25364	67	21	12284	12	0	12384
25365	50	5	65	11393	0	11513
25366	6	12129	48	53	0	12236
25367	12402	58	17	47	0	12524
25368	12412	36	13	16	0	12477
25369	12669	5	14	25	0	12713
25370	100	8	15	12714	0	12837
25371	46	2	11	12763	0	12822
25372	12695	4	10	103	0	12812
25373	62	12612	18	52	0	12744
25374	12491	59	7	30	0	12587
25375	70	36	14	12322	0	12442
25376	38	8	5	12299	0	12350
25377	11972	2	6	106	0	12086
25378	61	11820	19	43	0	11943
25379	11837	59	10	23	0	11929
25380	63	11888	20	15	0	11986
25381	11737	61	13	13	0	11824
25382	71	37	14	13307	0	13429
25383	13478	9	4	70	0	13561
25384	13830	7	7	46	0	13890
25385	14796	10	4	22	0	14832
25386	121	15338	16	11	0	15486
25387	65	102	15081	11	0	15259
25388	14879	57	96	16	0	15048
25389	15262	5	59	17	0	15343
25390	146	15256	15	18	0	15435
25391	74	94	6	15370	0	15544
25392	25	62	5	15432	0	15524
25393	15426	10	7	155	0	15598
25394	112	12	10	15608	0	15742
25395	74	16	15664	112	0	15866
25396	25	23	15479	75	0	15602
25397	15714	6	162	28	0	15910
25398	117	9	62	15828	0	16016
25399	78	7	13	15963	0	16061
25400	23	7	9	16130	0	16169
25401	33	19	16275	173	0	16500
25402	32	6	108	16121	0	16267
25403	29	9	75	16574	0	16687
25404	29	10	16	16598	0	16653
25405	16298	7	14	190	0	16509
25406	141	10	10	16416	0	16577
25407	96	21	16652	132	0	16901
25408	16553	14	123	106	0	16796
25409	141	38	17409	32	0	17620
25410	17506	12	142	40	0	17700
25411	16980	24	103	44	0	17151
25412	258	11	18	18001	0	18288
25413	127	18254	31	179	0	18591
25414	56	152	16	18474	0	18698
25415	48	170	23	18296	0	18537
25416	30	18792	38	279	0	19139
25417	18541	159	30	146	0	18876
25418	175	18611	37	68	0	18891
25419	18562	159	29	59	0	18809
25420	18534	112	22	58	0	18726
25421	284	27	22	18435	0	18768
25422	153	20	16	18397	0	18586
25423	39	34	17820	301	0	18194
25424	42	27	17347	161	0	17577
25425	16734	27	261	62	0	17084
25426	17165	18	126	47	0	17356
25427	269	16582	54	56	0	16961
25428	161	144	41	16020	0	16366
25429	57	109	16611	182	0	16959
25430	66	168	163	16453	0	16850
25431	16231	45	143	191	0	16610
25432	15773	16	40	134	0	15963
25433	259	15960	34	48	0	16301
25434	141	141	18	15845	0	16145
25435	65	118	18	15954	0	16155
25436	52	35	13	15945	0	16045
25437	37	42	15253	278	0	15610
25438	13678	29	148	178	0	14033
25439	14833	26	106	68	0	15033
25440	279	35	14953	70	0	15337
25441	148	14849	153	48	0	15198
25442	14848	143	114	53	0	15158
25443	14896	114	37	58	0	15105
25444	277	31	14596	68	0	14972
25445	154	39	15024	58	0	15275
25446	62	35	248	14809	0	15154
25447	66	42	15088	164	0	15360
25448	14560	33	160	137	0	14890
25449	14886	31	129	53	0	15099
25450	15101	29	36	52	0	15218
25451	279	19	38	14268	0	14604
25452	164	15286	48	168	0	15666
25453	15508	138	41	159	0	15846
25454	15347	119	40	71	0	15577
25455	284	41	15200	76	0	15601
25456	176	44	14952	69	0	15241
25457	14438	27	230	74	0	14769
25458	189	32	127	15096	0	15444
25459	169	41	15055	199	0	15464
25460	71	15048	167	165	0	15451
25461	78	142	133	15010	0	15363
25462	14952	127	57	168	0	15304
25463	193	15352	66	137	0	15748
25464	173	149	44	15022	0	15388
25465	87	15188	71	174	0	15520
25466	71	15455	60	161	0	15747
25467	92	235	53	15308	0	15688
25468	83	131	50	15191	0	15455
25469	73	15397	79	279	0	15828
25470	15304	161	55	160	0	15680
25471	223	146	15412	72	0	15853
25472	15072	46	150	78	0	15346
25473	213	49	138	15744	0	16144
25474	175	42	47	15821	0	16085
25475	101	40	39	15922	0	16102
25476	98	26	52	15860	0	16036
25477	81	62	15767	274	0	16184
25478	94	39	177	15763	0	16073
25479	105	63	145	15628	0	15941
25480	79	16172	71	310	0	16632
25481	75	179	16420	176	0	16850
25482	73	17013	192	98	0	17376
25483	99	203	17118	87	0	17507
25484	71	17321	211	90	0	17693
25485	167	279	187	15729	0	16362
25486	15946	125	62	158	0	16291
25487	180	16114	48	150	0	16492
25488	169	175	36	16457	0	16837
25489	64	159	16726	187	0	17136
25490	49	16994	195	162	0	17400
25491	16768	175	163	63	0	17169
25492	16804	155	52	53	0	17064
25493	294	16960	62	49	0	17365
25494	187	183	16740	48	0	17158
25495	16119	148	177	46	0	16490
25496	211	52	150	16828	0	17241
25497	16770	32	45	194	0	17041
25498	197	17082	43	175	0	17497
25499	170	17432	55	63	0	17720
25500	62	302	17148	74	0	17586
25501	16673	169	194	65	0	17101
25502	221	88	148	17167	0	17624
25503	17185	30	51	185	0	17451
25504	185	17265	45	156	0	17651
25505	17294	179	36	59	0	17568
25506	17143	151	47	62	0	17403
25507	302	62	17297	56	0	17717
25508	140	16709	171	51	0	17071
25509	56	16785	143	35	0	17019
25510	51	345	47	15230	0	15673
25511	43	15817	24	147	0	16031
25512	15468	145	25	114	0	15752
25513	146	15581	32	43	0	15802
25514	100	214	15	15055	0	15384
25515	41	15247	29	114	0	15431
25516	29	14987	36	90	0	15142
25517	35	15246	18	34	0	15333
25518	79	212	49	14890	0	15230
25519	41	115	15	15038	0	15209
25520	54	36	8	14930	0	15028
25521	36	14714	30	183	0	14963
25522	34	156	14580	92	0	14862
25523	27	117	14610	42	0	14796
25524	14172	43	185	30	0	14430
25525	126	54	90	14790	0	15060
25526	103	55	15041	128	0	15327
25527	47	77	15129	97	0	15350
25528	24	15453	191	46	0	15714
25529	31	136	105	14634	0	14906
25530	47	115	23	14960	0	15145
25531	14900	58	17	209	0	15184
25532	124	39	31	14951	0	15145
25533	108	50	18	14869	0	15045
25534	40	73	15055	198	0	15366
25535	35	45	118	15023	0	15221
25536	27	42	101	15537	0	15707
25537	35	61	15487	203	0	15786
25538	32	63	15646	116	0	15857
25539	25	15509	204	57	0	15795
25540	27	167	15464	39	0	15697
25541	37	103	137	15218	0	15495
25542	54	85	125	13035	0	13299
25543	34	59	15575	215	0	15883
25544	30	15469	156	119	0	15774
25545	14815	150	99	55	0	15119
25546	113	15264	53	55	0	15485
25547	104	132	33	15151	0	15420
25548	41	108	40	15292	0	15481
25549	25	15267	59	233	0	15584
25550	35	135	38	15275	0	15483
25551	29	109	49	15319	0	15506
25552	36	64	14599	234	0	14933
25553	43	14538	143	147	0	14871
25554	31	133	111	14606	0	14881
25555	29	134	14542	150	0	14855
25556	37	47	151	14481	0	14716
25557	45	52	111	14524	0	14732
25558	37	45	52	14708	0	14842
25559	44	45	38	14666	0	14793
25560	39	53	32	14338	0	14462
25561	30	14552	55	236	0	14873
25562	14273	136	42	158	0	14609
25563	129	131	14160	78	0	14498
25564	12696	48	137	102	0	12983
25565	125	67	14721	77	0	14990
25566	92	15146	149	92	0	15479
25567	44	163	15013	77	0	15297
25568	30	15244	151	86	0	15511
25569	40	182	141	13732	0	14095
25570	39	129	46	14237	0	14451
25571	23	14911	50	211	0	15195
25572	22	15421	55	134	0	15632
25573	15404	217	39	87	0	15747
25574	15692	137	35	69	0	15933
25575	15792	52	34	87	0	15965
25576	15940	42	25	94	0	16101
25577	211	35	35	15582	0	15863
25578	113	15783	44	151	0	16091
25579	15748	134	34	154	0	16070
25580	121	118	34	15350	0	15623
25581	14933	35	47	136	0	15151
25582	14331	36	32	132	0	14531
25583	166	14030	40	58	0	14294
25584	72	13414	41	26	0	13553
25585	25	13782	24	32	0	13863
25586	37	285	75	12425	0	12822
25587	17	13174	35	70	0	13296
25588	12820	59	18	90	0	12987
25589	13019	50	16	47	0	13132
25590	12953	23	8	44	0	13028
25591	13268	14	11	36	0	13329
25592	13408	14	13	35	0	13470
25593	120	21	14099	14	0	14254
25594	14085	10	79	28	0	14202
25595	97	27	14392	21	0	14537
25596	14142	14	88	34	0	14278
25597	96	20	93	13936	0	14145
25598	93	26	13896	82	0	14097
25599	17	22	14443	73	0	14555
25600	19	14995	157	19	0	15190
25601	15044	97	112	35	0	15288
25602	15479	92	18	21	0	15610
25603	188	16969	17	23	0	17197
25604	127	152	12	19294	0	19585
25605	21079	153	13	255	0	21500
25606	259	50	21719	229	0	22257
25607	244	21558	251	36	0	22089
25608	20950	243	243	30	0	21466
25609	239	21617	42	29	0	21927
25610	271	280	16	20037	0	20604
25611	47	21658	43	214	0	21962
25612	48	305	11	20342	0	20706
25613	31	21315	48	243	0	21637
25614	19	21639	28	242	0	21928
25615	21131	486	14	52	0	21683
25616	21490	276	18	33	0	21817
25617	490	70	21377	35	0	21972
25618	285	56	21356	26	0	21723
25619	55	48	21818	29	0	21950
25620	57	34	501	21427	0	22019
25621	41	58	21945	263	0	22307
25622	48	29	280	21671	0	22028
25623	49	34	272	21451	0	21806
25624	37	21676	74	497	0	22284
25625	21606	271	37	292	0	22206
25626	274	22143	52	78	0	22547
25627	277	303	29	22142	0	22751
25628	77	276	35	22281	0	22669
25629	51	72	37	22547	0	22707
25630	58	72	22085	540	0	22755
25631	63	69	272	22128	0	22532
25632	64	44	269	22254	0	22631
25633	61	62	40	22569	0	22732
25634	49	80	21784	559	0	22472
25635	39	21724	293	332	0	22388
25636	21457	300	268	102	0	22127
25637	21023	299	63	87	0	21472
25638	513	21774	73	85	0	22445
25639	302	298	54	21713	0	22367
25640	86	298	49	22205	0	22638
25641	80	91	21948	550	0	22669
25642	66	21836	306	357	0	22565
25643	66	313	285	21841	0	22505
25644	74	306	22000	320	0	22700
25645	82	86	289	21942	0	22399
25646	75	68	283	21806	0	22232
25647	71	93	21718	563	0	22445
25648	81	66	300	21646	0	22093
25649	68	67	304	21640	0	22079
25650	63	89	21814	581	0	22547
25651	74	62	312	21923	0	22371
25652	73	83	294	21629	0	22079
25653	60	67	83	22251	0	22461
25654	59	82	21800	619	0	22560
25655	77	73	305	21968	0	22423
25656	21619	81	302	382	0	22384
25657	21715	65	85	364	0	22229
25658	546	21760	98	144	0	22548
25659	22197	283	72	142	0	22694
25660	335	335	22653	124	0	23447
25661	321	80	319	22557	0	23277
25662	90	56	327	22646	0	23119
25663	78	59	99	23240	0	23476
25664	22290	66	86	614	0	23056
25665	277	22222	102	420	0	23021
25666	292	290	65	20905	0	21552
25667	87	21857	91	346	0	22381
25668	21429	317	60	359	0	22165
25669	279	21704	88	172	0	22243
25670	21328	290	80	153	0	21851
25671	265	21248	95	162	0	21770
25672	273	21042	92	151	0	21558
25673	96	496	94	20757	0	21443
25674	69	292	79	20839	0	21279
25675	73	82	54	21022	0	21231
25676	68	75	62	20965	0	21170
25677	72	98	20365	590	0	21125
25678	62	20273	298	385	0	21018
25679	78	293	263	19247	0	19881
25680	65	20296	90	340	0	20791
25681	72	341	20061	337	0	20811
25682	79	294	278	19892	0	20543
25683	80	81	279	20459	0	20899
25684	45	75	20143	586	0	20849
25685	43	19786	314	392	0	20535
25686	60	266	295	19597	0	20218
25687	72	286	19654	367	0	20379
25688	48	19752	308	368	0	20476
25689	59	304	272	19282	0	19917
25690	57	291	19348	359	0	20055
25691	48	113	19059	343	0	19563
25692	38	18733	467	169	0	19407
25693	53	19299	272	118	0	19742
25694	80	491	114	19480	0	20165
25695	52	271	50	20928	0	21301
25696	45	97	20861	571	0	21574
25697	19896	59	326	365	0	20646
25698	20574	75	397	162	0	21208
25699	532	86	20852	136	0	21606
25700	290	20253	310	110	0	20963
25701	62	20157	296	100	0	20615
25702	52	19676	118	105	0	19951
25703	99	16738	151	140	0	17128
25704	325	787	227	14322	0	15661
25705	66	107	37	16701	0	16911
25706	19	30	14	17002	0	17065
25707	15	32	6	17338	0	17391
25708	5	17560	27	389	0	17981
25709	12	221	9	17590	0	17832
25710	7	17643	28	310	0	17988
25711	11	237	3	17960	0	18211
25712	17634	184	10	265	0	18093
25713	210	49	14	17784	0	18057
25714	181	17682	29	262	0	18154
25715	45	224	8	18146	0	18423
25716	24	198	18	18261	0	18501
25717	27	62	9	18392	0	18490
25718	17614	31	15	500	0	18160
25719	225	44	14	18149	0	18432
25720	203	61	17776	309	0	18349
25721	44	18143	218	269	0	18674
25722	36	256	196	18584	0	19072
25723	40	218	35	19154	0	19447
25724	38	71	21	19402	0	19532
25725	18490	55	18	531	0	19094
25726	262	61	18486	316	0	19125
25727	224	45	239	17687	0	18195
25728	57	18201	218	321	0	18797
25729	51	259	40	18434	0	18784
25730	17539	232	18	354	0	18143
25731	227	18133	50	298	0	18708
25732	203	265	26	18146	0	18640
25733	50	238	15	18191	0	18494
25734	24	18038	26	541	0	18629
25735	49	271	10	18469	0	18799
25736	57	229	19	18534	0	18839
25737	47	92	18041	534	0	18714
25738	27	17953	267	348	0	18595
25739	17918	285	198	184	0	18585
25740	260	258	17852	152	0	18522
25741	17603	96	242	168	0	18109
25742	310	84	17948	157	0	18499
25743	242	61	285	17867	0	18455
25744	17776	66	219	397	0	18458
25745	281	68	65	18128	0	18542
25746	18206	72	37	434	0	18749
25747	18170	52	51	385	0	18658
25748	18089	99	55	178	0	18421
25749	489	17975	55	158	0	18677
25750	308	291	44	17870	0	18513
25751	114	261	52	18165	0	18592
25752	114	92	45	18321	0	18572
25753	96	68	17827	601	0	18592
25754	84	67	293	17988	0	18432
25755	17859	69	236	429	0	18593
25756	18040	74	76	366	0	18556
25757	516	70	17715	216	0	18517
25758	17952	66	266	154	0	18438
25759	18042	84	240	161	0	18527
25760	519	75	96	17156	0	17846
25761	17235	83	49	403	0	17770
25762	17269	81	56	373	0	17779
25763	524	66	51	17124	0	17765
25764	17265	45	75	412	0	17797
25765	17210	61	75	350	0	17696
25766	566	68	58	17002	0	17694
25767	381	70	15569	354	0	16374
25768	16359	70	259	345	0	17033
25769	384	81	17059	167	0	17691
25770	340	55	16958	169	0	17522
25771	176	16777	484	185	0	17622
25772	172	265	273	16564	0	17274
25773	173	242	88	16921	0	17424
25774	165	87	64	17075	0	17391
25775	181	67	16732	589	0	17569
25776	173	73	16743	381	0	17370
25777	133	16766	506	216	0	17621
25778	159	281	297	16456	0	17193
25779	176	236	106	16926	0	17444
25780	149	64	111	17110	0	17434
25781	152	66	16637	597	0	17452
25782	150	16497	332	388	0	17367
25783	153	274	271	16301	0	16999
25784	171	242	16666	388	0	17467
25785	157	99	16667	367	0	17290
25786	16452	33	499	218	0	17202
25787	16586	53	334	147	0	17120
25788	16812	67	110	168	0	17157
25789	605	71	92	15894	0	16662
25790	352	56	16317	403	0	17128
25791	154	16071	328	378	0	16931
25792	130	16385	305	224	0	17044
25793	159	424	15041	160	0	15784
25794	227	541	391	13476	0	14635
25795	154	282	282	12164	0	12882
25796	135	12283	156	374	0	12948
25797	124	12537	140	261	0	13062
25798	12178	335	116	138	0	12767
25799	12242	197	69	116	0	12624
25800	12337	67	71	130	0	12605
25801	12124	44	85	127	0	12380
25802	11658	78	71	100	0	11907
25803	407	11193	95	108	0	11803
25804	185	9523	63	83	0	9854
25805	63	7943	36	61	0	8103
25806	6965	184	313	76	0	7538
25807	205	162	103	6459	0	6929
25808	62	19	21	6313	0	6415
25809	6208	14	31	98	0	6351
25810	81	6246	28	61	0	6416
25811	66	55	23	6269	0	6413
25812	46	35	33	6331	0	6445
25813	41	21	33	6381	0	6476
25814	6227	12	23	109	0	6371
25815	96	11	22	6346	0	6475
25816	66	24	6162	82	0	6334
25817	6087	14	66	54	0	6221
25818	99	26	41	6253	0	6419
25819	55	19	6333	79	0	6486
25820	39	6274	71	43	0	6427
25821	24	6015	44	25	0	6108
25822	5535	129	111	40	0	5815
25823	5417	25	16	34	0	5492
25824	62	5653	17	9	0	5741
25825	36	46	7	5985	0	6074
25826	6234	18	8	58	0	6318
25827	64	9	5	6685	0	6763
25828	55	6	7	7017	0	7085
25829	22	6	6	7074	0	7108
25830	15	7	8	7015	0	7045
25831	12	6936	4	130	0	7082
25832	11	59	6	7017	0	7093
25833	10	46	11	7017	0	7084
25834	11	16	5	7050	0	7082
25835	11	15	6833	128	0	6987
25836	5	6918	70	88	0	7081
25837	7	78	57	6945	0	7087
25838	12	55	6948	79	0	7094
25839	15	24	6742	62	0	6843
25840	12	6882	113	35	0	7042
25841	6810	74	75	22	0	6981
25842	68	56	19	6859	0	7002
25843	6859	21	16	76	0	6972
25844	79	6978	10	59	0	7126
25845	58	74	10	6982	0	7124
25846	6812	50	11	83	0	6956
25847	6893	19	9	64	0	6985
25848	121	13	3	6873	0	7010
25849	69	6	6	6846	0	6927
25850	30	11	6775	130	0	6946
25851	17	7	71	6747	0	6842
25852	10	14	51	6870	0	6945
25853	6706	6	12	132	0	6856
25854	79	6724	16	85	0	6904
25855	56	71	6613	39	0	6779
25856	6381	54	68	33	0	6536
25857	74	6697	54	21	0	6846
25858	58	68	18	6673	0	6817
25859	6601	54	14	76	0	6745
25860	71	22	6	6574	0	6673
25861	56	16	9	6627	0	6708
25862	22	10	6517	126	0	6675
25863	16	9	68	6561	0	6654
25864	6513	17	49	93	0	6672
25865	75	9	12	6567	0	6663
25866	6437	8	15	95	0	6555
25867	82	6298	11	79	0	6470
25868	66	6497	13	43	0	6619
25869	27	112	10	6456	0	6605
25870	26	54	5	6479	0	6564
25871	6319	20	10	139	0	6488
25872	62	6331	15	95	0	6503
25873	6390	74	8	51	0	6523
25874	6398	58	12	40	0	6508
25875	128	20	6	6322	0	6476
25876	6384	18	10	91	0	6503
25877	94	13	6181	73	0	6361
25878	74	18	74	6210	0	6376
25879	30	13	6354	88	0	6485
25880	33	12	82	6358	0	6485
25881	6317	12	62	106	0	6497
25882	6378	11	21	94	0	6504
25883	132	6399	21	35	0	6587
25884	75	76	9	6360	0	6520
25885	44	61	9	6380	0	6494
25886	26	6446	17	133	0	6622
25887	22	85	11	6552	0	6670
25888	39	59	10	6452	0	6560
25889	24	6388	11	146	0	6569
25890	6269	85	12	92	0	6458
25891	6270	68	6	56	0	6400
25892	123	31	14	6220	0	6388
25893	80	18	10	6284	0	6392
25894	41	20	6122	155	0	6338
25895	42	23	72	5953	0	6090
25896	26	6082	58	106	0	6272
25897	6130	67	22	80	0	6299
25898	84	58	21	6114	0	6277
25899	67	27	13	6005	0	6112
25900	5834	20	19	140	0	6013
25901	85	5899	18	92	0	6094
25902	71	67	17	6006	0	6161
25903	39	59	12	5936	0	6046
25904	36	5954	14	142	0	6146
25905	5948	82	9	91	0	6130
25906	98	62	5909	41	0	6110
25907	71	33	5944	41	0	6089
25908	34	24	105	5940	0	6103
25909	28	21	5997	92	0	6138
25910	5814	20	85	79	0	5998
25911	90	15	59	5982	0	6146
25912	71	21	6150	102	0	6344
25913	50	16	6158	73	0	6297
25914	41	6225	106	42	0	6414
25915	6134	62	65	48	0	6309
25916	79	6362	32	30	0	6503
25917	6291	72	32	39	0	6434
25918	6239	55	18	32	0	6344
25919	113	6069	20	30	0	6232
25920	6056	65	8	30	0	6159
25921	6072	50	14	25	0	6161
25922	111	22	6010	29	0	6172
25923	83	310	47	5474	0	5914
25924	42	5502	46	52	0	5642
25925	14	5235	20	43	0	5312
25926	100	168	29	4783	0	5080
25927	4446	48	29	87	0	4610
25928	29	7	4	4344	0	4384
25929	22	3	10	4428	0	4463
25930	12	2	6	4542	0	4562
25931	5	4715	6	48	0	4774
25932	5	34	3	5015	0	5057
25933	14	29	5438	41	0	5522
25934	5159	7	36	34	0	5236
25935	5682	6	29	16	0	5733
25936	68	5617	10	16	0	5711
25937	5691	43	3	14	0	5751
25938	59	34	3	5753	0	5849
25939	37	13	5730	58	0	5838
25940	5520	4	48	36	0	5608
25941	54	5795	35	11	0	5895
25942	44	49	8	5773	0	5874
25943	5950	40	4	48	0	6042
25944	55	5944	5	38	0	6042
25945	38	6028	6	12	0	6084
25946	5989	76	12	9	0	6086
25947	59	42	5880	11	0	5992
25948	5884	16	46	9	0	5955
25949	57	12	35	5884	0	5988
25950	46	8	7	5969	0	6030
25951	16	12	5940	77	0	6045
25952	10	17	5895	43	0	5965
25953	20	8	77	5956	0	6061
25954	9	17	5931	57	0	6014
25955	20	9	6024	38	0	6091
25956	13	9	83	5886	0	5991
25957	12	9	47	5990	0	6058
25958	5983	4	19	92	0	6098
25959	52	4	19	5998	0	6073
25960	5993	6	10	69	0	6078
25961	55	6068	17	43	0	6183
25962	43	51	13	6110	0	6217
25963	17	43	6232	61	0	6353
25964	6094	13	49	53	0	6209
25965	6319	9	42	18	0	6388
25966	6381	11	9	24	0	6425
25967	6330	5	12	16	0	6363
25968	6242	14	5	16	0	6277
25969	94	16	7	6155	0	6272
25970	57	12	6144	60	0	6273
25971	26	11	6090	44	0	6171
25972	27	11	6184	13	0	6235
25973	5937	7	93	17	0	6054
25974	6255	4	47	18	0	6324
25975	92	4	19	6097	0	6212
25976	49	6331	21	58	0	6459
25977	22	53	17	6470	0	6562
25978	24	44	6470	63	0	6601
25979	13	18	6382	44	0	6457
25980	6001	8	92	27	0	6128
25981	66	17	6632	18	0	6733
25982	52	9	61	6565	0	6687
25983	6774	8	44	68	0	6894
25984	6663	5	15	55	0	6738
25985	6916	8	20	18	0	6962
25986	6929	4	14	23	0	6970
25987	103	10	6781	18	0	6912
25988	6635	4	66	15	0	6720
25989	69	6829	53	21	0	6972
25990	58	50	17	6895	0	7020
25991	37	41	6918	56	0	7052
25992	36	12	59	6896	0	7003
25993	32	13	7044	68	0	7157
25994	25	7	65	6959	0	7056
25995	25	8	51	7062	0	7146
25996	21	20	7022	90	0	7153
25997	16	11	60	6986	0	7073
25998	7096	3	52	70	0	7221
25999	65	5	26	7134	0	7230
26000	52	9	22	7252	0	7335
26001	7156	8	14	108	0	7286
26002	67	7258	18	62	0	7405
26003	7303	52	23	20	0	7398
26004	78	7451	15	21	0	7565
26005	7596	56	19	28	0	7699
26006	79	42	7611	22	0	7754
26007	69	11	66	7544	0	7690
26008	36	7	45	7673	0	7761
26009	7579	12	17	103	0	7711
26010	73	7597	19	71	0	7760
26011	51	59	27	7522	0	7659
26012	30	43	15	7351	0	7439
26013	18	7241	25	103	0	7387
26014	7154	51	20	70	0	7295
26015	64	7247	23	33	0	7367
26016	66	52	11	7008	0	7137
26017	24	47	13	6826	0	6910
26018	23	6892	14	107	0	7036
26019	6805	52	10	65	0	6932
26020	68	49	6806	27	0	6950
26021	6533	15	55	23	0	6626
26022	69	6804	48	19	0	6940
26023	58	55	20	6833	0	6966
26024	6898	42	12	64	0	7016
26025	73	10	9	6922	0	7014
26026	59	16	13	7004	0	7092
26027	7074	4	14	105	0	7197
26028	63	7011	22	55	0	7151
26029	54	7179	16	29	0	7278
26030	7055	75	20	25	0	7175
26031	64	47	7091	24	0	7226
26032	45	6675	40	21	0	6781
26033	50	94	63	6399	0	6606
26034	11	35	7318	39	0	7403
26035	15	23	49	7044	0	7131
26036	7158	6	52	53	0	7269
26037	53	7316	9	48	0	7426
26038	50	46	15	6783	0	6894
26039	8	7272	6	52	0	7338
26040	7313	46	2	44	0	7405
26041	7481	45	3	15	0	7544
26042	93	7699	7	6	0	7805
26043	55	52	2	7415	0	7524
26044	10	7806	12	52	0	7880
26045	7925	52	4	44	0	8025
26046	7990	55	2	11	0	8058
26047	100	10	4	7944	0	8058
26048	55	15	3	8015	0	8088
26049	18	14	7875	106	0	8013
26050	7284	10	60	62	0	7416
26051	69	13	7893	17	0	7992
26052	51	12	57	7789	0	7909
26053	7737	6	46	66	0	7855
26054	61	7985	14	48	0	8108
26055	7680	60	10	22	0	7772
26056	70	62	7346	14	0	7492
26057	7505	13	44	17	0	7579
26058	67	7960	50	17	0	8094
26059	7965	61	5	18	0	8049
26060	68	8120	10	20	0	8218
26061	57	69	8	7999	0	8133
26062	22	66	7904	69	0	8061
26063	17	21	7733	49	0	7820
26064	23	18	101	7757	0	7899
26065	23	12	7900	76	0	8011
26066	29	11	63	7823	0	7926
26067	18	16	46	7915	0	7995
26068	16	17	8030	111	0	8174
26069	6892	12	75	76	0	7055
26070	7961	11	53	22	0	8047
26071	106	7916	16	22	0	8060
26072	7973	60	11	13	0	8057
26073	70	57	7	7943	0	8077
26074	65	22	8163	66	0	8316
26075	20	22	69	8123	0	8234
26076	36	21	51	8115	0	8223
26077	7974	14	14	101	0	8103
26078	67	7902	12	63	0	8044
26079	58	7975	9	29	0	8071
26080	20	100	12	7997	0	8129
26081	28	58	14	7769	0	7869
26082	20	7791	25	96	0	7932
26083	14	58	13	7663	0	7748
26084	21	49	14	7588	0	7672
26085	17	7563	16	110	0	7706
26086	7508	63	14	70	0	7655
26087	62	47	17	7500	0	7626
26088	58	7584	23	80	0	7745
26089	31	72	8	7609	0	7720
26090	7506	57	6	73	0	7642
26091	65	7554	16	57	0	7692
26092	7687	66	1	32	0	7786
26093	7718	52	9	35	0	7814
26094	117	15	10	7840	0	7982
26095	8016	18	8	89	0	8131
26096	8100	15	13	77	0	8205
26097	8181	18	13	23	0	8235
26098	8157	23	9	20	0	8209
26099	127	19	12	8117	0	8275
26100	72	14	6	8150	0	8242
26101	20	27	8075	131	0	8253
26102	25	17	68	8079	0	8189
26103	31	14	53	8152	0	8250
26104	26	18	7945	135	0	8124
26105	7624	15	70	69	0	7778
26106	89	18	46	7990	0	8143
26107	76	19	8075	89	0	8259
26108	7640	21	82	82	0	7825
26109	100	20	8798	38	0	8956
26110	67	8969	84	38	0	9158
26111	32	9297	77	29	0	9435
26112	41	138	14	9563	0	9756
26113	33	75	10343	117	0	10568
26114	10275	25	108	90	0	10498
26115	10908	10	75	47	0	11040
26116	189	19	10927	22	0	11157
26117	10817	19	105	29	0	10970
26118	11035	9	71	39	0	11154
26119	171	11070	32	34	0	11307
26120	11110	94	25	39	0	11268
26121	125	64	20	11030	0	11239
26122	88	29	11072	125	0	11314
26123	34	25	104	10450	0	10613
26124	34	11081	75	103	0	11293
26125	27	11304	34	79	0	11444
26126	11168	157	23	41	0	11389
26127	11029	72	23	36	0	11160
26128	11079	26	25	36	0	11166
26129	194	17	15	10944	0	11170
26130	95	45	23	10582	0	10745
26131	47	10648	24	145	0	10864
26132	10569	105	24	98	0	10796
26133	125	10746	33	43	0	10947
26134	9701	86	18	32	0	9837
26135	113	9760	22	26	0	9921
26136	9672	83	21	26	0	9802
26137	9609	48	18	32	0	9707
26138	150	77	22	9331	0	9580
26139	86	9713	24	76	0	9899
26140	56	89	9452	61	0	9658
26141	8652	49	70	40	0	8811
26142	95	9069	47	42	0	9253
26143	73	83	9141	28	0	9325
26144	38	60	9305	23	0	9426
26145	44	47	98	8806	0	8995
26146	32	26	42	8852	0	8952
26147	38	9229	23	97	0	9387
26148	9448	71	14	59	0	9592
26149	88	55	7	9330	0	9480
26150	63	9786	24	72	0	9945
26151	46	10167	23	48	0	10284
26152	52	105	10106	24	0	10287
26153	51	74	10108	20	0	10253
26154	9657	39	100	22	0	9818
26155	91	31	10131	35	0	10288
26156	61	28	82	9974	0	10145
26157	47	23	43	10324	0	10437
26158	48	46	10311	103	0	10508
26159	41	25	77	10147	0	10290
26160	49	21	52	10052	0	10174
26161	10071	26	26	103	0	10226
26162	10343	33	27	59	0	10462
26163	122	21	30	10214	0	10387
26164	60	10250	43	81	0	10434
26165	39	10549	31	56	0	10675
26166	10535	104	30	41	0	10710
26167	89	70	10552	35	0	10746
26168	65	31	73	10450	0	10619
26169	10780	28	68	83	0	10959
26170	10872	33	27	67	0	10999
26171	135	23	26	10820	0	11004
26172	63	39	10894	94	0	11090
26173	62	43	10575	53	0	10733
26174	10135	30	119	34	0	10318
26175	10677	29	75	38	0	10819
26176	120	10843	35	48	0	11046
26177	77	11033	46	43	0	11199
26178	11239	117	39	48	0	11443
26179	11402	57	32	61	0	11552
26180	150	35	33	11586	0	11804
26181	103	31	32	11778	0	11944
26182	58	30	27	11842	0	11957
26183	11787	24	40	134	0	11985
26184	125	32	29	11836	0	12022
26185	100	51	11923	98	0	12172
26186	11626	31	82	65	0	11804
26187	115	30	54	11963	0	12162
26188	86	28	12118	90	0	12322
26189	11513	38	82	74	0	11707
26190	11226	50	58	38	0	11372
26191	119	12435	34	47	0	12635
26192	76	12594	48	26	0	12744
26193	66	122	12211	36	0	12435
26194	11756	60	76	40	0	11932
26195	103	12655	60	42	0	12860
26196	87	97	12335	37	0	12556
26197	11701	56	80	52	0	11889
26198	108	13143	49	55	0	13355
26199	73	108	13034	32	0	13247
26200	12413	57	80	49	0	12599
26201	104	13171	61	31	0	13367
26202	83	84	20	13072	0	13259
26203	13095	64	16	88	0	13263
26204	99	13092	40	172	0	13403
26205	73	118	22	13012	0	13225
26206	12882	46	27	98	0	13053
26207	93	32	13017	69	0	13211
26208	66	12824	76	30	0	12996
26209	59	89	12351	33	0	12532
26210	19	116	72	11979	0	12186
26211	22	25	11999	72	0	12118
26212	16	11568	63	51	0	11698
26213	19	11040	47	13	0	11119
26214	41	77	23	10767	0	10908
26215	5	24	9	10489	0	10527
26216	3	8	7	10596	0	10614
26217	12	24	10870	60	0	10966
26218	14	3	32	10921	0	10970
26219	10850	3	28	45	0	10926
26220	10815	2	6	41	0	10864
26221	65	15	11254	18	0	11352
26222	30	11209	40	16	0	11295
26223	11152	32	29	16	0	11229
26224	32	11188	15	9	0	11244
26225	11256	34	6	21	0	11317
26226	11276	27	7	14	0	11324
26227	61	12	11222	14	0	11309
26228	29	11522	44	23	0	11618
26229	14	33	24	11549	0	11620
26230	9	43	11520	44	0	11616
26231	10916	10	43	35	0	11004
26232	42	10	26	11539	0	11617
26233	31	17	11445	38	0	11531
26234	10791	3	38	46	0	10878
26235	43	22	11751	11	0	11827
26236	43	3	42	11836	0	11924
26237	12338	6	36	58	0	12438
26238	44	12764	18	42	0	12868
26239	51	54	12984	14	0	13103
26240	12738	40	46	20	0	12844
26241	14032	6	47	22	0	14107
26242	118	14397	23	25	0	14563
26243	79	72	6	14435	0	14592
26244	21	71	11	14310	0	14413
26245	14217	17	9	149	0	14392
26246	83	10	7	14405	0	14505
26247	78	29	14481	87	0	14675
26248	20	6	76	14331	0	14433
26249	14235	9	72	110	0	14426
26250	72	14182	34	97	0	14385
26251	79	90	5	13737	0	13911
26252	14	14194	20	86	0	14314
26253	14329	97	6	92	0	14524
26254	100	86	9	15216	0	15411
26255	93	20	6	15653	0	15772
26256	16	15770	23	218	0	16027
26257	18	134	15530	136	0	15818
26258	17	115	126	15460	0	15718
26259	15	24	117	15626	0	15782
26260	21	9	27	15519	0	15576
26261	12	15558	19	235	0	15824
26262	24	129	15551	127	0	15831
26263	19	129	15790	30	0	15968
26264	15358	27	237	29	0	15651
26265	15911	12	126	32	0	16081
26266	246	23	16093	23	0	16385
26267	15701	9	133	36	0	15879
26268	151	31	16461	32	0	16675
26269	15691	17	149	37	0	15894
26270	149	16408	148	33	0	16738
26271	16669	128	38	34	0	16869
26272	174	154	16767	25	0	17120
26273	159	49	17015	37	0	17260
26274	58	27	258	17782	0	18125
26275	18278	17	148	211	0	18654
26276	207	19389	56	179	0	19831
26277	178	226	21519	82	0	22005
26278	66	196	291	21946	0	22499
26279	53	45	259	22493	0	22850
26280	22344	20	56	543	0	22963
26281	22405	28	20	313	0	22766
26282	560	29	25	22170	0	22784
26283	22444	37	33	332	0	22846
26284	360	41	21975	294	0	22670
26285	312	26	302	21727	0	22367
26286	77	28	279	22116	0	22500
26287	22022	26	47	588	0	22683
26288	21928	27	37	332	0	22324
26289	576	33	34	21615	0	22258
26290	21908	25	37	329	0	22299
26291	342	40	21414	315	0	22111
26292	297	21264	322	103	0	21986
26293	80	312	21534	62	0	21988
26294	85	332	328	21291	0	22036
26295	21028	41	299	363	0	21731
26296	326	20934	87	315	0	21662
26297	330	313	46	20597	0	21286
26298	97	278	66	20021	0	20462
26299	44	20317	91	559	0	21011
26300	72	323	53	20592	0	21040
26301	98	292	50	20525	0	20965
26302	112	57	58	20707	0	20934
26303	99	46	57	20670	0	20872
26304	98	31	59	20351	0	20539
26305	101	19779	78	660	0	20618
26306	114	315	58	20176	0	20663
26307	112	277	71	20069	0	20529
26308	120	74	19476	656	0	20326
26309	96	19404	356	416	0	20272
26310	130	308	300	19506	0	20244
26311	136	271	79	19577	0	20063
26312	121	65	66	19498	0	19750
26313	130	19146	105	653	0	20034
26314	118	339	19234	415	0	20106
26315	133	288	362	19406	0	20189
26316	122	96	19507	420	0	20145
26317	132	67	19154	391	0	19744
26318	126	64	595	19021	0	19806
26319	19109	76	330	463	0	19978
26320	390	71	102	19298	0	19861
26321	360	58	84	18807	0	19309
26322	106	18970	92	694	0	19862
26323	136	333	78	19373	0	19920
26324	126	302	95	19479	0	20002
26325	95	94	19070	742	0	20001
26326	104	19001	381	451	0	19937
26327	96	344	320	19090	0	19850
26328	18540	319	95	478	0	19432
26329	339	127	18666	450	0	19582
26330	323	78	357	18744	0	19502
26331	106	71	315	18980	0	19472
26332	18474	92	95	731	0	19392
26333	350	18486	97	502	0	19435
26334	18434	345	64	278	0	19121
26335	359	18348	99	228	0	19034
26336	317	376	88	18025	0	18806
26337	17790	291	86	525	0	18692
26338	348	103	17513	464	0	18428
26339	314	17044	388	231	0	17977
26340	95	17167	352	230	0	17844
26341	15995	493	154	196	0	16838
26342	334	303	87	15298	0	16022
26343	269	15351	86	428	0	16134
26344	96	15826	103	398	0	16423
26345	100	499	75	15708	0	16382
26346	87	305	62	15884	0	16338
26347	15295	99	65	621	0	16080
26348	292	15359	98	410	0	16159
26349	275	350	89	15373	0	16087
26350	83	274	15160	405	0	15922
26351	71	15165	315	389	0	15940
26352	90	302	14985	194	0	15571
26353	76	14788	328	189	0	15381
26354	169	386	339	13496	0	14390
26355	114	228	54	12988	0	13384
26356	68	13181	59	472	0	13780
26357	75	257	13166	316	0	13814
26358	13049	264	229	148	0	13690
26359	261	84	216	13462	0	14023
26360	234	99	57	13736	0	14126
26361	73	95	13600	500	0	14268
26362	85	91	247	13736	0	14159
26363	63	110	13658	334	0	14165
26364	78	114	244	13591	0	14027
26365	67	90	13729	312	0	14198
26366	54	13688	257	350	0	14349
26367	67	299	14124	177	0	14667
26368	87	270	233	14047	0	14637
26369	13946	100	207	340	0	14593
26370	253	13774	67	332	0	14426
26371	231	350	61	13547	0	14189
26372	81	270	13364	308	0	14023
26373	48	13398	272	286	0	14004
26374	75	362	210	11924	0	12571
26375	38	226	12018	212	0	12494
26376	26	10694	173	181	0	11074
26377	7918	210	250	119	0	8497
26378	7252	81	48	58	0	7439
26379	103	10	7	7199	0	7319
26380	7210	10	4	66	0	7290
26381	55	6	8	7147	0	7216
26382	44	6	2	7269	0	7321
26383	10	7	7334	95	0	7446
26384	10	7	48	7213	0	7278
26385	5	6	42	7282	0	7335
26386	7191	7	8	94	0	7300
26387	7088	7	6	48	0	7149
26388	82	7157	12	19	0	7270
26389	43	57	7185	10	0	7295
26390	19	51	52	7071	0	7193
26391	9	13	7021	53	0	7096
26392	6537	11	50	43	0	6641
26393	47	12	6816	13	0	6888
26394	39	12	43	6548	0	6642
26395	6	6692	32	46	0	6776
26396	13	44	7	6644	0	6708
26397	11	33	8	6653	0	6705
26398	12	16	6670	73	0	6771
26399	7	6	44	6648	0	6705
26400	6633	2	29	65	0	6729
26401	6636	4	11	40	0	6691
26402	6660	7	6	14	0	6687
26403	6626	5	8	16	0	6655
26404	71	6550	13	19	0	6653
26405	36	6585	11	10	0	6642
26406	23	68	6	6054	0	6151
26407	11	29	10	6511	0	6561
26408	5	6335	15	68	0	6423
26409	7	46	9	6528	0	6590
26410	7	33	5	6538	0	6583
26411	13	11	12	6537	0	6573
26412	12	10	12	6546	0	6580
26413	14	8	6	6575	0	6603
26414	6405	10	8	78	0	6501
26415	42	6335	13	52	0	6442
26416	43	52	6231	23	0	6349
26417	19	34	46	6204	0	6303
26418	19	18	36	6211	0	6284
26419	19	15	16	6140	0	6190
26420	6079	10	18	89	0	6196
26421	49	6616	17	60	0	6742
26422	54	63	18	6580	0	6715
26423	14	7064	12	95	0	7185
26424	19	93	16	6777	0	6905
26425	22	6940	20	87	0	7069
26426	21	93	7402	73	0	7589
26427	21	61	99	7823	0	8004
26428	27	28	9282	120	0	9457
26429	26	14	142	9294	0	9476
26430	24	12	115	9978	0	10129
26431	10094	11	30	267	0	10402
26432	10191	10	18	164	0	10383
26433	10351	20	15	51	0	10437
26434	10338	9	19	48	0	10414
26435	10312	9	15	44	0	10380
26436	287	15	23	9754	0	10079
26437	150	10023	24	158	0	10355
26438	36	149	19	9979	0	10183
26439	31	131	9838	175	0	10175
26440	9755	35	149	143	0	10082
26441	9991	19	124	48	0	10182
26442	277	6	37	9913	0	10233
26443	159	19	13	9709	0	9900
26444	38	9668	17	278	0	10001
26445	40	143	14	9859	0	10056
26446	22	120	19	9624	0	9785
26447	26	9645	27	290	0	9988
26448	32	146	13	9836	0	10027
26449	9291	121	17	193	0	9622
26450	165	40	9520	146	0	9871
26451	9414	17	144	64	0	9639
26452	173	22	9620	47	0	9862
26453	142	22	163	9382	0	9709
26454	42	31	124	8911	0	9108
26455	31	9243	34	275	0	9583
26456	35	9492	27	160	0	9714
26457	40	266	15	9157	0	9478
26458	29	145	9237	186	0	9597
26459	8846	27	141	150	0	9164
26460	151	14	126	8874	0	9165
26461	124	8868	40	181	0	9213
26462	47	137	17	8976	0	9177
26463	42	153	16	8737	0	8948
26464	42	8697	24	270	0	9033
26465	66	150	28	8416	0	8660
26466	41	119	7820	175	0	8155
26467	40	47	7512	129	0	7728
26468	44	72	208	7203	0	7527
26469	32	7719	137	114	0	8002
26470	42	134	23	7601	0	7800
26471	7720	104	14	152	0	7990
26472	7840	32	13	116	0	8001
26473	7633	13	19	48	0	7713
26474	218	7513	19	37	0	7787
26475	121	123	7437	29	0	7710
26476	7396	103	120	41	0	7660
26477	7590	28	104	42	0	7764
26478	214	7454	36	44	0	7748
26479	134	138	7	7328	0	7607
26480	7477	108	17	144	0	7746
26481	7535	33	18	129	0	7715
26482	7603	23	24	46	0	7696
26483	252	16	17	7269	0	7554
26484	7453	17	27	147	0	7644
26485	167	18	24	7446	0	7655
26486	131	17	25	7558	0	7731
26487	7441	22	19	238	0	7720
26488	156	24	23	7515	0	7718
26489	7491	27	35	175	0	7728
26490	180	25	26	7535	0	7766
26491	162	29	16	7618	0	7825
26492	7449	25	23	275	0	7772
26493	175	39	7440	173	0	7827
26494	189	27	119	7562	0	7897
26495	103	18	116	7623	0	7860
26496	77	28	41	7647	0	7793
26497	70	37	16	7757	0	7880
26498	63	42	34	7497	0	7636
26499	67	7380	45	297	0	7789
26500	86	135	39	7538	0	7798
26501	89	124	7442	179	0	7834
26502	85	35	129	7601	0	7850
26503	70	31	113	7633	0	7847
26504	65	37	26	7801	0	7929
26505	63	52	7540	291	0	7946
26506	45	54	7555	188	0	7842
26507	7371	41	224	106	0	7742
26508	7615	33	136	81	0	7865
26509	258	7879	54	83	0	8274
26510	176	142	24	8095	0	8437
26511	65	129	41	8344	0	8579
26512	63	51	36	8505	0	8655
26513	8289	25	39	296	0	8649
26514	8438	42	25	191	0	8696
26515	255	45	28	8418	0	8746
26516	159	45	26	8492	0	8722
26517	55	56	34	8548	0	8693
26518	48	41	29	8567	0	8685
26519	8086	28	42	296	0	8452
26520	157	36	8017	194	0	8404
26521	136	7156	112	103	0	7507
26522	51	6921	96	80	0	7148
26523	6519	147	27	82	0	6775
26524	114	240	52	6346	0	6752
26525	98	40	6461	139	0	6738
26526	46	34	5909	125	0	6114
26527	32	5898	145	51	0	6126
26528	4429	21	114	24	0	4588
26529	21	20	4375	13	0	4429
26530	3510	18	21	7	0	3556
26531	9	4	8	3742	0	3763
26532	5	3	1	3749	0	3758
26533	2	3734	2	11	0	3749
26534	4	3816	3	4	0	3827
26535	3784	5	2	4	0	3795
26536	3805	5	1	6	0	3817
26537	8	3913	1	5	0	3927
26538	7	9	3883	5	0	3904
26539	3	9	3937	1	0	3950
26540	3	8	10	3950	0	3971
26541	4056	1	5	10	0	4072
26542	12	4077	0	9	0	4098
26543	5	6	3	4195	0	4209
26544	4246	4	2	14	0	4266
26545	12	0	2	4308	0	4322
26546	7	1	1	4436	0	4445
26547	4348	3	0	18	0	4369
26548	13	4455	5	15	0	4488
26549	9	4641	0	7	0	4657
26550	1	17	4669	11	0	4698
26551	4	7	14	4727	0	4752
26552	4	2	7	4755	0	4768
26553	2	4	4817	21	0	4844
26554	3973	5	14	25	0	4017
26555	4494	1	11	7	0	4513
26556	15	4	4812	7	0	4838
26557	4063	2	17	13	0	4095
26558	16	6	5070	4	0	5096
26559	9	5293	11	4	0	5317
26560	8	13	12	5476	0	5509
26561	6	7	2	5567	0	5582
26562	5552	0	0	20	0	5572
26563	5533	1	7	8	0	5549
26564	5509	3	6	2	0	5520
26565	5540	1	1	11	0	5553
26566	5547	1	0	7	0	5555
26567	22	11	5456	8	0	5497
26568	9	5528	12	9	0	5558
26569	9	16	6	5465	0	5496
26570	3	5588	4	15	0	5610
26571	4	5623	3	8	0	5638
26572	9	15	3	5522	0	5549
26573	2	8	0	5539	0	5549
26574	4	7	5496	22	0	5529
26575	4972	7	13	12	0	5004
26576	5381	3	8	11	0	5403
26577	15	5381	5	5	0	5406
26578	5389	9	3	6	0	5407
26579	5614	5	3	15	0	5637
26580	20	8	1	5611	0	5640
26581	6	9	5859	14	0	5888
26582	6	7	5846	6	0	5865
26583	5741	3	14	3	0	5761
26584	5834	2	7	7	0	5850
26585	14	5820	7	3	0	5844
26586	5	6020	4	2	0	6031
26587	4	12	1	6144	0	6161
26588	6153	5	2	13	0	6173
26589	14	5	6238	9	0	6266
26590	8	1	12	6301	0	6322
26591	6475	2	4	17	0	6498
26592	6502	2	1	6	0	6511
26593	20	4	3	6656	0	6683
26594	6674	0	3	16	0	6693
26595	16	10	6571	8	0	6605
26596	6	9	6948	7	0	6970
26597	4	1	17	6811	0	6833
26598	4	2	5	7163	0	7174
26599	5	0	1	7160	0	7166
26600	5	7061	7	15	0	7088
26601	5	7191	5	5	0	7206
26602	3	19	3	7200	0	7225
26603	7289	6	5	19	0	7319
26604	15	2	1	7401	0	7419
26605	11	1	2	7428	0	7442
26606	5	7461	4	22	0	7492
26607	4	7669	10	11	0	7694
26608	5	20	2	7661	0	7688
26609	5	9	2	7385	0	7401
26610	7225	3	2	27	0	7257
26611	13	7256	4	9	0	7282
26612	7269	17	3	8	0	7297
26613	19	7	1	7414	0	7441
26614	9	11	7419	15	0	7454
26615	4	9	7391	9	0	7413
26616	7412	1	25	13	0	7451
26617	26	1	8	7882	0	7917
26618	7	2	2	7940	0	7951
26619	5	2	2	7977	0	7986
26620	4	14	8075	26	0	8119
26621	7	3	15	8147	0	8172
26622	4	8207	6	36	0	8253
26623	5	17	1	8390	0	8413
26624	7	6	1	8357	0	8371
26625	6	8493	6	25	0	8530
26626	5	21	3	8642	0	8671
26627	8448	9	3	35	0	8495
26628	30	8554	8	16	0	8608
26629	8831	33	1	13	0	8878
26630	8947	15	3	12	0	8977
26631	49	6	2	8959	0	9016
26632	24	3	3	8933	0	8963
26633	9	4	2	9032	0	9047
26634	7	13	8855	56	0	8931
26635	7	8794	37	25	0	8863
26636	7	8948	16	19	0	8990
26637	10	49	5	8732	0	8796
26638	8685	17	8	43	0	8753
26639	37	5	8	8647	0	8697
26640	22	18	8719	51	0	8810
26641	10	8672	37	28	0	8747
26642	9	8819	31	9	0	8868
26643	8760	48	4	18	0	8830
26644	8833	18	8	13	0	8872
26645	47	9448	13	20	0	9528
26646	9582	38	9	16	0	9645
26647	47	24	9587	8	0	9666
26648	21	16	9514	14	0	9565
26649	9569	9	60	16	0	9654
26650	9922	6	23	18	0	9969
26651	71	4	8	9930	0	10013
26652	9927	1	3	65	0	9996
26653	61	20	10304	22	0	10407
26654	29	14	10927	15	0	10985
26655	20	5	81	11702	0	11808
26656	10	7	30	13138	0	13185
26657	14	4	8	13692	0	13718
26658	22	5	4	14102	0	14133
26659	15	12	5	14739	0	14771
26660	20	20	14526	238	0	14804
26661	13	8	136	14517	0	14674
26662	14571	8	89	188	0	14856
26663	147	4	25	14678	0	14854
26664	14634	7	14	193	0	14848
26665	165	6	11	14705	0	14887
26666	15117	10	17	214	0	15358
26667	15568	11	13	138	0	15730
26668	249	10	18	15446	0	15723
26669	139	8	11	15627	0	15785
26670	15458	10	16	259	0	15743
26671	15504	5	12	143	0	15664
26672	263	17	15718	56	0	16054
26673	139	8	147	15728	0	16022
26674	66	7	92	16096	0	16261
26675	16035	12	26	252	0	16325
26676	16154	10	21	163	0	16348
26677	270	7	16	16177	0	16470
26678	151	7	18	16322	0	16498
26679	67	9	22	16251	0	16349
26680	48	6	23	16059	0	16136
26681	39	15191	27	559	0	15816
26682	22	15694	24	191	0	15931
26683	49	231	13	15608	0	15901
26684	32	15740	23	212	0	16007
26685	33	163	20	15954	0	16170
26686	37	125	15659	236	0	16057
26687	40	52	15433	172	0	15697
26688	26	15734	233	113	0	16106
26689	50	175	119	15605	0	15949
26690	41	123	15643	243	0	16050
26691	46	39	170	15457	0	15712
26692	57	39	113	15787	0	15996
26693	15655	12	47	332	0	16046
26694	185	27	48	16020	0	16280
26695	151	26	16400	247	0	16824
26696	87	33	16487	194	0	16801
26697	78	16428	259	123	0	16888
26698	60	17159	143	103	0	17465
26699	17362	228	49	136	0	17775
26700	221	125	18410	103	0	18859
26701	175	34	173	18372	0	18754
26702	18532	23	121	261	0	18937
26703	18459	24	55	206	0	18744
26704	296	18893	58	123	0	19370
26705	181	183	32	18398	0	18794
26706	109	113	36	19247	0	19505
26707	87	43	39	19181	0	19350
26708	18815	23	35	373	0	19246
26709	203	52	18885	238	0	19378
26710	152	19256	173	146	0	19727
26711	91	165	117	19120	0	19493
26712	58	118	56	19429	0	19661
26713	54	77	19223	365	0	19719
26714	60	53	172	19056	0	19341
26715	56	36	132	19326	0	19550
26716	68	49	59	19297	0	19473
26717	53	44	60	19226	0	19383
26718	55	65	18819	380	0	19319
26719	53	39	198	18885	0	19175
26720	45	54	19105	323	0	19527
26721	54	18973	241	221	0	19489
26722	67	164	140	19012	0	19383
26723	66	133	57	19237	0	19493
26724	78	68	18924	361	0	19431
26725	65	18751	200	260	0	19276
26726	90	195	149	18531	0	18965
26727	72	136	18770	262	0	19240
26728	74	18617	189	198	0	19078
26729	69	169	127	18580	0	18945
26730	93	139	18516	239	0	18987
26731	87	59	166	18453	0	18765
26732	61	56	130	18521	0	18768
26733	62	48	63	18886	0	19059
26734	18649	35	51	341	0	19076
26735	180	18587	74	214	0	19055
26736	18667	160	40	158	0	19025
26737	190	136	18699	138	0	19163
26738	19148	59	154	171	0	19532
26739	20075	48	118	170	0	20411
26740	249	43	58	19962	0	20312
26741	20358	47	52	256	0	20713
26742	20529	53	56	222	0	20860
26743	20856	52	52	159	0	21119
26744	258	47	49	20722	0	21076
26745	159	45	53	20231	0	20488
26746	81	61	19829	296	0	20267
26747	56	55	19268	209	0	19588
26748	18679	29	340	155	0	19203
26749	145	160	138	19405	0	19848
26750	115	19660	94	198	0	20067
26751	19601	120	83	196	0	20000
26752	128	19709	68	147	0	20052
26753	102	19445	72	111	0	19730
26754	106	247	18713	147	0	19213
26755	45	131	18746	60	0	18982
26756	90	412	209	17690	0	18401
26757	42	46	18422	84	0	18594
26758	10	56	17178	57	0	17301
26759	16223	24	38	37	0	16322
26760	17100	6	19	33	0	17158
26761	31	9	8	17425	0	17473
26762	13	5	8	17704	0	17730
26763	9	28	18007	34	0	18078
26764	9	18320	33	23	0	18385
26765	10	32	10	18205	0	18257
26766	18526	12	6	69	0	18613
26767	33	9	12	18575	0	18629
26768	14	18810	18	66	0	18908
26769	22	60	18734	33	0	18849
26770	8	19230	49	14	0	19301
26771	19205	33	19	42	0	19299
26772	18950	17	11	27	0	19005
26773	67	5	6	18917	0	18995
26774	35	30	19196	47	0	19308
26775	16	38	18549	45	0	18648
26776	18	19201	78	35	0	19332
26777	24	45	33	18648	0	18750
26778	14	29	3	19308	0	19354
26779	15	27	19159	80	0	19281
26780	15	7	40	18922	0	18984
26781	13	19935	49	42	0	20039
26782	11	57	6	20077	0	20151
26783	15	54	5	20121	0	20195
26784	23	45	20047	112	0	20227
26785	13	12	62	19723	0	19810
26786	19625	5	66	97	0	19793
26787	73	39	19967	67	0	20146
26788	71	31	19993	29	0	20124
26789	12	20318	154	21	0	20505
26790	26	88	81	20570	0	20765
26791	13	79	21	21446	0	21559
26792	16	39	21200	183	0	21438
26793	19862	6	112	129	0	20109
26794	106	13	100	21070	0	21289
26795	104	33	20754	113	0	21004
26796	22	9	114	20248	0	20393
26797	23	36	20752	122	0	20933
26798	18	39	20347	122	0	20526
26799	14	20221	218	29	0	20482
26800	28	105	107	18802	0	19042
26801	9	19649	38	118	0	19814
26802	19102	116	21	114	0	19353
26803	109	123	19485	23	0	19740
26804	102	19057	132	25	0	19316
26805	27	118	106	19013	0	19264
26806	18812	100	18	144	0	19074
26807	94	19042	39	126	0	19301
26808	102	118	26	19080	0	19326
26809	21	110	10	18952	0	19093
26810	8	19125	38	211	0	19382
26811	19197	122	19	129	0	19467
26812	131	109	20	21004	0	21264
26813	123	18	24	22190	0	22355
26814	19	55	22119	383	0	22576
26815	22	23338	240	227	0	23827
26816	26	241	212	23580	0	24059
26817	27	218	41	25586	0	25872
26818	12	26474	62	527	0	27075
26819	28	331	23	26963	0	27345
26820	63	292	45	27810	0	28210
26821	33	47	32	28397	0	28509
26822	16	28455	48	700	0	29219
26823	28160	374	35	373	0	28942
26824	379	344	28535	89	0	29347
26825	27543	56	393	92	0	28084
26826	395	28458	368	64	0	29285
26827	330	392	63	28326	0	29111
26828	53	395	28648	424	0	29520
26829	55	51	394	28708	0	29208
26830	47	36	344	28851	0	29278
26831	45	47	67	29502	0	29661
26832	40	66	28902	761	0	29769
26833	29	28734	427	491	0	29681
26834	41	417	29224	146	0	29828
26835	37	29475	479	121	0	30112
26836	65	482	29781	117	0	30445
26837	50	373	455	29439	0	30317
26838	28660	87	365	529	0	29641
26839	376	29233	107	467	0	30183
26840	327	475	29405	176	0	30383
26841	62	29362	464	155	0	30043
26842	76	507	29527	149	0	30259
26843	66	393	455	28430	0	29344
26844	93	140	383	27071	0	27687
26845	62	28680	141	733	0	29616
26846	68	29483	129	410	0	30090
26847	29268	756	101	180	0	30305
26848	441	441	99	29532	0	30513
26849	380	176	29613	558	0	30727
26850	125	118	470	29788	0	30501
26851	96	165	30104	596	0	30961
26852	61	149	30157	535	0	30902
26853	85	114	799	28441	0	29439
26854	63	29246	473	541	0	30323
26855	28547	493	147	506	0	29693
26856	456	452	134	28254	0	29296
26857	391	174	138	27535	0	28238
26858	91	28368	176	851	0	29486
26859	28034	513	127	507	0	29181
26860	28266	448	139	242	0	29095
26861	792	165	145	27204	0	28306
26862	424	27349	205	559	0	28537
26863	114	28580	185	514	0	29393
26864	28145	814	164	219	0	29342
26865	455	531	28192	211	0	29389
26866	27472	180	534	220	0	28406
26867	27582	178	468	206	0	28434
26868	27619	156	156	223	0	28154
26869	752	27205	175	252	0	28384
26870	449	542	154	27277	0	28422
26871	27383	452	163	554	0	28552
26872	27515	153	163	526	0	28357
26873	737	27447	215	257	0	28656
26874	27962	514	157	234	0	28867
26875	504	446	164	27946	0	29060
26876	436	181	147	27857	0	28621
26877	158	27762	198	822	0	28940
26878	130	511	138	28334	0	29113
26879	148	458	125	28107	0	28838
26880	149	28068	162	839	0	29218
26881	169	487	124	26482	0	27262
26882	111	27592	151	565	0	28419
26883	27347	515	127	454	0	28443
26884	26704	432	138	227	0	27501
26885	719	26842	161	237	0	27959
26886	434	510	26524	238	0	27706
26887	196	505	418	26383	0	27502
26888	191	228	26517	488	0	27424
26889	180	25638	469	472	0	26759
26890	177	26026	427	199	0	26829
26891	24775	634	135	183	0	25727
26892	451	25649	125	172	0	26397
26893	438	452	108	24327	0	25325
26894	206	25187	134	389	0	25916
26895	175	25559	93	393	0	26220
26896	25221	629	82	208	0	26140
26897	468	395	86	25162	0	26111
26898	399	203	25036	469	0	26107
26899	193	185	24882	442	0	25702
26900	144	25260	618	230	0	26252
26901	25104	467	330	182	0	26083
26902	432	25763	142	157	0	26494
26903	415	470	91	25910	0	26886
26904	26008	411	98	481	0	26998
26905	501	197	78	26532	0	27308
26906	458	165	80	26432	0	27135
26907	193	26577	126	723	0	27619
26908	182	485	85	26898	0	27650
26909	171	441	26853	500	0	27965
26910	26072	187	429	440	0	27128
26911	447	27767	388	196	0	28798
26912	339	27531	110	132	0	28112
26913	26110	566	64	107	0	26847
26914	442	392	26461	97	0	27392
26915	24621	192	388	90	0	25291
26916	348	27697	288	97	0	28430
26917	231	29294	119	74	0	29718
26918	88	663	29973	77	0	30801
26919	50	30652	456	76	0	31234
26920	110	515	368	27316	0	28309
26921	57	322	49	27811	0	28239
26922	29	28612	42	613	0	29296
26923	42	381	15	28589	0	29027
26924	28827	302	13	402	0	29544
26925	379	80	28759	303	0	29521
26926	28675	38	356	69	0	29138
26927	29413	37	291	56	0	29797
26928	29311	36	37	53	0	29437
26929	717	71	28975	27	0	29790
26930	363	33	386	28767	0	29549
26931	73	72	29282	398	0	29825
26932	28151	36	416	330	0	28933
26933	28219	47	312	64	0	28642
26934	669	28734	76	51	0	29530
26935	357	427	24	27868	0	28676
26936	54	29177	56	371	0	29658
26937	71	476	29132	321	0	30000
26938	81	377	406	28895	0	29759
26939	28821	96	319	439	0	29675
26940	29019	60	56	338	0	29473
26941	750	61	48	27205	0	28064
26942	376	27874	84	417	0	28751
26943	97	440	28581	335	0	29453
26944	73	386	28924	73	0	29456
26945	27273	78	741	71	0	28163
26946	464	75	29048	75	0	29662
26947	380	28638	488	71	0	29577
26948	112	444	357	28205	0	29118
26949	94	386	28718	433	0	29631
26950	100	67	459	28130	0	28756
26951	75	89	28608	486	0	29258
26952	26913	49	491	381	0	27834
26953	470	60	366	27150	0	28046
26954	369	27624	116	452	0	28561
26955	110	28100	87	377	0	28674
26956	114	773	60	27544	0	28491
26957	109	383	60	27224	0	27776
26958	85	27357	103	748	0	28293
26959	99	496	27478	378	0	28451
26960	97	379	485	27421	0	28382
26961	102	110	27990	490	0	28692
26962	81	95	27445	375	0	27996
26963	25451	72	784	122	0	26429
26964	461	26323	441	103	0	27328
26965	26505	491	109	87	0	27192
26966	525	397	114	25371	0	26407
26967	386	26420	130	470	0	27406
26968	150	521	108	26719	0	27498
26969	126	405	118	26275	0	26924
26970	98	26120	160	775	0	27153
26971	108	530	26004	464	0	27106
26972	123	401	505	26096	0	27125
26973	26001	141	406	540	0	27088
26974	538	98	127	25863	0	26626
26975	449	91	118	25732	0	26390
26976	143	122	25298	837	0	26400
26977	129	25079	546	454	0	26208
26978	154	508	424	24798	0	25884
26979	136	433	24935	529	0	26033
26980	137	156	24971	427	0	25691
26981	23848	127	832	187	0	24994
26982	490	24572	510	187	0	25759
26983	24517	514	161	163	0	25355
26984	506	24557	186	146	0	25395
26985	417	24826	168	181	0	25592
26986	24403	809	121	175	0	25508
26987	560	455	133	23671	0	24819
26988	470	24342	164	513	0	25489
26989	185	493	128	24807	0	25613
26990	24473	395	130	569	0	25567
26991	562	132	24643	465	0	25802
26992	464	124	24368	184	0	25140
26993	23340	126	853	172	0	24491
26994	534	23964	533	166	0	25197
26995	457	514	23961	151	0	25083
26996	185	24067	583	144	0	24979
26997	162	515	462	23384	0	24523
26998	138	463	23777	551	0	24929
26999	129	161	525	23776	0	24591
27000	91	163	23639	598	0	24491
27001	22218	128	556	504	0	23406
27002	484	23020	502	192	0	24198
27003	22833	469	178	159	0	23639
27004	527	406	136	21325	0	22394
27005	385	23589	171	476	0	24621
27006	23399	517	159	398	0	24473
27007	23274	426	167	177	0	24044
27008	749	187	23409	154	0	24499
27009	428	147	23389	126	0	24090
27010	20934	131	785	130	0	21980
27011	432	21452	448	133	0	22465
27012	301	20625	198	115	0	21239
27013	356	1130	240	19004	0	20730
27014	131	322	19370	415	0	20238
27015	104	18553	420	290	0	19367
27016	102	16643	268	145	0	17158
27017	510	464	180	11862	0	13016
27018	11905	102	44	160	0	12211
27019	11874	26	32	111	0	12043
27020	12048	28	17	37	0	12130
27021	214	33	12019	25	0	12291
27022	11829	20	130	26	0	12005
27023	12025	25	111	30	0	12191
27024	12217	27	26	20	0	12290
27025	224	34	23	11630	0	11911
27026	118	11917	32	109	0	12176
27027	11768	122	32	107	0	12029
27028	120	11925	35	29	0	12109
27029	105	116	25	11714	0	11960
27030	23	111	12085	122	0	12341
27031	28	47	118	11945	0	12138
27032	31	15	111	12117	0	12274
27033	35	33	12080	206	0	12354
27034	16	11979	123	116	0	12234
27035	37	108	102	11272	0	11519
27036	11115	102	14	109	0	11340
27037	102	10979	23	105	0	11209
27038	10890	97	11	18	0	11016
27039	112	140	13	10446	0	10711
27040	99	10830	22	93	0	11044
27041	10875	92	16	93	0	11076
27042	103	11027	21	25	0	11176
27043	96	88	10656	14	0	10854
27044	10511	131	104	19	0	10765
27045	10671	47	90	21	0	10829
27046	171	10786	14	10	0	10981
27047	101	101	10524	17	0	10743
27048	20	11057	81	18	0	11176
27049	76	190	109	7990	0	8365
27050	23	94	19	11335	0	11471
27051	19	20	13	11335	0	11387
27052	16	11334	20	185	0	11555
27053	25	112	10	11374	0	11521
27054	31	99	4	11397	0	11531
27055	11203	24	6	199	0	11432
27056	123	23	8	11239	0	11393
27057	104	12	9	11347	0	11472
27058	11203	14	6	201	0	11424
27059	126	11309	16	103	0	11554
27060	11393	111	9	31	0	11544
27061	11318	101	12	25	0	11456
27062	11446	22	13	19	0	11500
27063	215	21	10	11278	0	11524
27064	121	20	9	11439	0	11589
27065	31	23	11253	197	0	11504
27066	41	25	11059	110	0	11235
27067	27	16	11049	33	0	11125
27068	10143	19	197	31	0	10390
27069	124	26	10950	29	0	11129
27070	102	10945	137	34	0	11218
27071	50	116	100	10836	0	11102
27072	34	122	20	10375	0	10551
27073	33	11101	31	179	0	11344
27074	33	130	11217	109	0	11489
27075	29	11385	123	38	0	11575
27076	11253	121	105	35	0	11514
27077	136	129	11429	18	0	11712
27078	111	11365	130	39	0	11645
27079	46	135	11519	31	0	11731
27080	52	113	121	11339	0	11625
27081	39	37	11587	128	0	11791
27082	35	28	128	11315	0	11506
27083	11404	18	116	143	0	11681
27084	141	41	11497	126	0	11805
27085	126	11514	133	53	0	11826
27086	11587	115	112	59	0	11873
27087	147	128	11810	35	0	12120
27088	124	46	11769	50	0	11989
27089	46	41	203	11514	0	11804
27090	45	35	11720	152	0	11952
27091	11045	34	132	136	0	11347
27092	142	11548	131	62	0	11883
27093	133	124	30	11310	0	11597
27094	43	12088	44	130	0	12305
27095	12127	140	35	130	0	12432
27096	134	133	12188	56	0	12511
27097	149	47	12478	44	0	12718
27098	53	39	236	12206	0	12534
27099	48	36	133	12422	0	12639
27100	49	27	34	12641	0	12751
27101	40	38	47	12680	0	12805
27102	50	36	12681	265	0	13032
27103	41	12436	156	171	0	12804
27104	41	137	116	11582	0	11876
27105	39	120	11130	117	0	11406
27106	30	11018	127	110	0	11285
27107	10881	113	142	51	0	11187
27108	171	111	49	10737	0	11068
27109	10535	35	35	117	0	10722
27110	94	10522	35	107	0	10758
27111	10527	96	34	40	0	10697
27112	106	106	10839	37	0	11088
27113	120	81	104	10257	0	10562
27114	33	10772	104	89	0	10998
27115	45	98	10656	103	0	10902
27116	18	10644	113	52	0	10827
27117	43	163	95	8529	0	8830
27118	9885	78	43	96	0	10102
27119	92	9961	46	88	0	10187
27120	9918	78	29	46	0	10071
27121	95	95	9880	37	0	10107
27122	90	42	9753	30	0	9915
27123	9634	29	161	30	0	9854
27124	96	16	98	9804	0	10014
27125	93	22	39	9931	0	10085
27126	24	38	10130	146	0	10338
27127	43	27	9955	88	0	10113
27128	20	10223	162	35	0	10440
27129	9852	101	119	44	0	10116
27130	9546	66	31	36	0	9679
27131	115	9575	28	26	0	9744
27132	73	79	45	9682	0	9879
27133	9818	58	27	92	0	9995
27134	72	16	32	9838	0	9958
27135	9936	20	24	78	0	10058
27136	9967	21	30	71	0	10089
27137	10180	11	25	46	0	10262
27138	108	20	28	10010	0	10166
27139	72	20	25	10366	0	10483
27140	10111	14	18	128	0	10271
27141	10243	12	32	67	0	10354
27142	10138	23	25	40	0	10226
27143	126	10110	30	25	0	10291
27144	9688	59	15	22	0	9784
27145	68	9703	16	24	0	9811
27146	9519	61	19	31	0	9630
27147	75	57	9553	17	0	9702
27148	8412	46	80	24	0	8562
27149	44	8722	43	15	0	8824
27150	35	8549	11	9	0	8604
27151	8652	47	18	14	0	8731
27152	35	30	4	8716	0	8785
27153	39	6	7	8886	0	8938
27154	5	8955	15	57	0	9032
27155	16	9293	12	28	0	9349
27156	9437	53	9	13	0	9512
27157	40	40	9691	12	0	9783
27158	32	7	32	10017	0	10088
27159	10192	8	30	46	0	10276
27160	49	17	10361	38	0	10465
27161	41	11111	47	17	0	11216
27162	11774	62	43	15	0	11894
27163	97	61	12270	8	0	12436
27164	74	13	98	12807	0	12992
27165	15	16	13340	116	0	13487
27166	12706	6	121	95	0	12928
27167	116	13492	94	33	0	13735
27168	13673	113	25	16	0	13827
27169	13529	90	11	12	0	13642
27170	215	19	4	13479	0	13717
27171	13606	7	5	128	0	13746
27172	135	8	6	13679	0	13828
27173	102	6	6	13691	0	13805
27174	23	21	13373	201	0	13618
27175	17	13408	112	110	0	13647
27176	16	128	85	13386	0	13615
27177	19	92	14	13434	0	13559
27178	11	18	3	13536	0	13568
27179	6	12	13335	222	0	13575
27180	9	13290	113	111	0	13523
27181	12	113	85	13307	0	13517
27182	18	87	19	13426	0	13550
27183	18	27	13291	203	0	13539
27184	15	7	104	13137	0	13263
27185	13156	8	84	141	0	13389
27186	112	13182	32	99	0	13425
27187	13006	113	12	32	0	13163
27188	144	89	12965	14	0	13212
27189	98	28	117	12943	0	13186
27190	13202	12	84	126	0	13424
27191	13091	10	24	97	0	13222
27192	196	21	13202	20	0	13439
27193	115	17	121	12993	0	13246
27194	40	19	13032	111	0	13202
27195	12246	7	121	86	0	12460
27196	118	12705	100	137	0	13060
27197	13144	110	34	25	0	13313
27198	13096	77	8	26	0	13207
27199	198	13331	23	13	0	13565
27200	13474	116	10	26	0	13626
27201	147	99	13342	40	0	13628
27202	13266	20	116	31	0	13433
27203	142	17	87	13337	0	13583
27204	103	26	13558	136	0	13823
27205	45	12	123	13525	0	13705
27206	29	15	103	13507	0	13654
27207	39	13	42	13328	0	13422
27208	28	13459	44	224	0	13755
27209	13502	131	24	109	0	13766
27210	159	88	23	13388	0	13658
27211	115	13493	44	132	0	13784
27212	69	131	27	12748	0	12975
27213	46	13206	43	159	0	13454
27214	62	141	13192	125	0	13520
27215	50	103	134	13056	0	13343
27216	53	47	107	13276	0	13483
27217	54	26	13226	228	0	13534
27218	12019	30	139	177	0	12365
27219	163	13087	118	81	0	13449
27220	124	139	44	13105	0	13412
27221	75	95	38	12830	0	13038
27222	54	45	33	12737	0	12869
27223	55	12980	41	246	0	13322
27224	12813	135	40	164	0	13152
27225	162	115	12952	83	0	13312
27226	124	57	12663	85	0	12929
27227	65	24	219	12541	0	12849
27228	48	46	123	12698	0	12915
27229	12607	29	52	266	0	12954
27230	142	12613	56	184	0	12995
27231	129	146	47	12643	0	12965
27232	12490	114	42	182	0	12828
27233	175	48	49	12395	0	12667
27234	12409	32	57	207	0	12705
27235	185	36	12169	165	0	12555
27236	142	12277	166	80	0	12665
27237	12250	143	121	69	0	12583
27238	181	118	12226	73	0	12598
27239	11846	51	138	82	0	12117
27240	185	39	12037	76	0	12337
27241	11883	35	156	68	0	12142
27242	191	46	111	11857	0	12205
27243	12023	36	64	163	0	12286
27244	191	36	40	11978	0	12245
27245	132	31	50	12029	0	12242
27246	11894	30	47	253	0	12224
27247	164	11885	50	155	0	12254
27248	135	136	37	12006	0	12314
27249	12125	114	43	169	0	12451
27250	12362	58	38	143	0	12601
27251	247	32	37	12270	0	12586
27252	159	40	35	12492	0	12726
27253	12615	45	25	265	0	12950
27254	188	41	37	12830	0	13096
27255	162	47	37	12703	0	12949
27256	12480	44	36	281	0	12841
27257	191	34	40	12372	0	12637
27258	127	26	11661	192	0	12006
27259	11009	38	137	155	0	11339
27260	168	26	11728	66	0	11988
27261	111	30	10782	55	0	10978
27262	9610	87	313	41	0	10051
27263	90	9553	129	24	0	9796
27264	90	75	51	8805	0	9021
27265	21	41	19	8782	0	8863
27266	23	5	7	9287	0	9322
27267	19	4	5	9439	0	9467
27268	9407	6	5	128	0	9546
27269	9985	5	5	69	0	10064
27270	10307	5	8	27	0	10347
27271	158	11	10870	21	0	11060
27272	90	8	101	11563	0	11762
27273	29	4	89	11823	0	11945
27274	27	4	10	11327	0	11368
27275	18	11404	11	254	0	11687
27276	19	11747	19	128	0	11913
27277	11921	222	10	41	0	12194
27278	151	117	10	11959	0	12237
27279	133	14	14	12516	0	12677
27280	33	11	6	12733	0	12783
27281	30	23	12406	299	0	12758
27282	33	10	12274	160	0	12477
27283	12188	8	277	46	0	12519
27284	12619	9	147	39	0	12814
27285	295	7	25	12328	0	12655
27286	156	12493	23	159	0	12831
27287	47	153	14	12556	0	12770
27288	38	128	6	12605	0	12777
27289	26	28	12378	290	0	12722
27290	12185	9	158	182	0	12534
27291	173	5	130	12746	0	13054
27292	149	3	24	12562	0	12738
27293	12297	11	15	295	0	12618
27294	176	12684	24	165	0	13049
27295	13011	154	12	55	0	13232
27296	195	152	13	12612	0	12972
27297	145	12170	17	175	0	12507
27298	12222	158	11	156	0	12547
27299	194	144	14	12111	0	12463
27300	12077	23	13	177	0	12290
27301	11905	15	7	166	0	12093
27302	11962	10	9	49	0	12030
27303	310	11617	17	44	0	11988
27304	174	11587	28	44	0	11833
27305	50	276	16	11211	0	11553
27306	35	11661	25	177	0	11898
27307	11704	165	20	146	0	12035
27308	181	150	13	11696	0	12040
27309	11768	28	11	189	0	11996
27310	11845	16	16	180	0	12057
27311	314	16	22	11608	0	11960
27312	176	20	22	11944	0	12162
27313	11895	20	16	333	0	12264
27314	11986	24	17	198	0	12225
27315	12253	24	12	74	0	12363
27316	12359	21	14	66	0	12460
27317	12486	25	11	79	0	12601
27318	352	24	4	12230	0	12610
27319	206	20	12	12366	0	12604
27320	83	30	13	12527	0	12653
27321	12258	26	15	348	0	12647
27322	218	27	18	12134	0	12397
27323	202	12089	17	232	0	12540
27324	75	177	15	12360	0	12627
27325	12106	161	16	214	0	12497
27326	12160	40	17	205	0	12422
27327	345	48	12008	70	0	12471
27328	222	49	168	11485	0	11924
27329	65	12055	152	201	0	12473
27330	12117	168	21	207	0	12513
27331	204	12324	21	91	0	12640
27332	205	200	20	12195	0	12620
27333	12464	162	16	217	0	12859
27334	12558	40	19	200	0	12817
27335	369	12489	31	85	0	12974
27336	229	181	12	12419	0	12841
27337	99	171	12405	217	0	12892
27338	11989	45	169	219	0	12422
27339	243	45	12526	75	0	12889
27340	12525	34	187	75	0	12821
27341	12641	33	150	87	0	12911
27342	372	35	27	12587	0	13021
27343	12836	32	14	245	0	13127
27344	12985	43	13	221	0	13262
27345	13150	38	19	104	0	13311
27346	412	37	14	12850	0	13313
27347	12978	31	19	229	0	13257
27348	282	36	19	12966	0	13303
27349	234	36	16	12832	0	13118
27350	80	12729	41	352	0	13202
27351	114	177	16	12145	0	12452
27352	100	12485	25	192	0	12802
27353	12054	175	52	171	0	12452
27354	11963	152	8	83	0	12206
27355	337	37	10	11776	0	12160
27356	221	37	5	11794	0	12057
27357	11543	22	9	325	0	11899
27358	210	38	11369	197	0	11814
27359	11398	20	134	79	0	11631
27360	230	26	132	11189	0	11577
27361	201	30	10767	179	0	11177
27362	10710	30	135	161	0	11036
27363	10931	21	117	83	0	11152
27364	312	29	10957	56	0	11354
27365	10946	11	131	77	0	11165
27366	205	33	10801	50	0	11089
27367	183	10702	140	48	0	11073
27368	10557	144	218	69	0	10988
27369	10196	138	62	61	0	10457
27370	258	9911	21	47	0	10237
27371	134	9296	27	53	0	9510
27372	8505	121	113	21	0	8760
27373	8400	60	15	23	0	8498
27374	134	26	9	8668	0	8837
27375	78	32	8520	69	0	8699
27376	37	23	8254	65	0	8379
27377	8345	13	94	36	0	8488
27378	69	22	8557	26	0	8674
27379	8153	45	78	24	0	8300
27380	68	13	48	8122	0	8251
27381	58	1	14	8152	0	8225
27382	33	19	8346	86	0	8484
27383	8278	6	44	59	0	8387
27384	57	12	43	8490	0	8602
27385	53	3	10	9279	0	9345
27386	9173	4	7	88	0	9272
27387	9204	2	10	54	0	9270
27388	9175	7	5	27	0	9214
27389	85	9402	16	25	0	9528
27390	56	47	9086	16	0	9205
27391	8899	37	35	18	0	8989
27392	9061	8	36	16	0	9121
27393	67	8966	18	14	0	9065
27394	8634	31	9	10	0	8684
27395	52	24	8	8536	0	8620
27396	34	15	8898	28	0	8975
27397	8738	7	26	35	0	8806
27398	9007	9	33	20	0	9069
27399	9128	2	9	18	0	9157
27400	9123	4	6	18	0	9151
27401	55	2	11	9122	0	9190
27402	47	1	8	9166	0	9222
27403	9231	3	4	65	0	9303
27404	31	5	10	9221	0	9267
27405	39	0	6	9171	0	9216
27406	14	9139	17	76	0	9246
27407	11	30	5	9270	0	9316
27408	16	26	5	9273	0	9320
27409	21	7	2	9343	0	9373
27410	19	9	5	9411	0	9444
27411	9	9329	12	62	0	9412
27412	16	33	6	9264	0	9319
27413	19	30	4	9109	0	9162
27414	15	19	9011	67	0	9112
27415	12	20	8756	46	0	8834
27416	13	8949	53	19	0	9034
27417	9785	31	28	16	0	9860
27418	52	10091	18	21	0	10182
27419	61	57	11	10646	0	10775
27420	18	61	11557	85	0	11721
27421	12166	12	86	77	0	12341
27422	115	7	71	12721	0	12914
27423	12812	7	12	109	0	12940
27424	12839	9	8	99	0	12955
27425	169	12843	17	30	0	13059
27426	12885	96	13	22	0	13016
27427	102	13310	22	16	0	13450
27428	90	132	8	13461	0	13691
27429	19	13652	23	124	0	13818
27430	21	119	13550	97	0	13787
27431	13	13769	115	17	0	13914
27432	34	135	89	13356	0	13614
27433	13440	91	13	120	0	13664
27434	107	13667	23	102	0	13899
27435	98	110	4	13747	0	13959
27436	25	93	7	13989	0	14114
27437	16	25	14036	208	0	14285
27438	23	15	116	14029	0	14183
27439	14	27	14201	130	0	14372
27440	13400	8	136	129	0	13673
27441	143	20	14603	27	0	14793
27442	118	14592	145	24	0	14879
27443	40	125	109	14543	0	14817
27444	40	111	10	14517	0	14678
27445	32	14	9	14712	0	14767
27446	14668	14	6	262	0	14950
27447	156	22	16	14385	0	14579
27448	128	14516	13	146	0	14803
27449	14274	142	16	125	0	14557
27450	136	14328	20	41	0	14525
27451	117	149	14	14198	0	14478
27452	14248	127	16	160	0	14551
27453	154	14213	28	137	0	14532
27454	123	14536	19	36	0	14714
27455	14476	240	11	47	0	14774
27456	14561	135	15	47	0	14758
27457	261	30	14450	43	0	14784
27458	14625	17	152	46	0	14840
27459	187	38	15030	37	0	15292
27460	152	17	160	15075	0	15404
27461	37	56	15230	162	0	15485
27462	39	23	158	15229	0	15449
27463	36	42	15343	188	0	15609
27464	37	24	168	14993	0	15222
27465	27	30	132	15265	0	15454
27466	14951	22	21	306	0	15300
27467	175	38	14927	156	0	15296
27468	14263	25	159	68	0	14515
27469	178	40	14875	50	0	15143
27470	148	50	14936	41	0	15175
27471	50	55	282	14637	0	15024
27472	14790	22	147	193	0	15152
27473	163	14863	47	152	0	15225
27474	14717	162	25	54	0	14958
27475	14630	145	33	37	0	14845
27476	293	14573	48	50	0	14964
27477	14638	159	36	54	0	14887
27478	201	158	14799	43	0	15201
27479	165	23	169	14762	0	15119
27480	14763	24	152	195	0	15134
27481	163	14895	48	188	0	15294
27482	160	163	37	14665	0	15025
27483	46	139	31	14789	0	15005
27484	43	35	32	14915	0	15025
27485	58	26	24	14964	0	15072
27486	14661	34	35	303	0	15033
27487	14789	30	29	182	0	15030
27488	14932	28	37	56	0	15053
27489	14662	28	41	60	0	14791
27490	305	38	14598	40	0	14981
27491	14479	19	172	54	0	14724
27492	14724	31	152	52	0	14959
27493	317	14592	49	49	0	15007
27494	189	14759	47	48	0	15043
27495	73	285	37	14426	0	14821
27496	66	151	32	14458	0	14707
27497	50	44	14327	297	0	14718
27498	45	14414	194	182	0	14835
27499	67	167	158	13991	0	14383
27500	54	14544	56	183	0	14837
27501	50	173	33	14768	0	15024
27502	73	136	31	14699	0	14939
27503	49	15049	55	302	0	15455
27504	67	171	29	15307	0	15574
27505	55	164	15443	215	0	15877
27506	56	50	15497	185	0	15788
27507	14991	24	322	76	0	15413
27508	15707	18	162	57	0	15944
27509	331	15563	80	61	0	16035
27510	15698	174	32	44	0	15948
27511	235	155	30	15601	0	16021
27512	15679	41	24	203	0	15947
27513	226	15714	58	181	0	16179
27514	229	206	15587	55	0	16077
27515	15186	146	234	69	0	15635
27516	241	45	16276	61	0	16623
27517	163	52	15188	51	0	15454
27518	70	46	15133	49	0	15298
27519	50	14511	247	43	0	14851
27520	13300	248	332	71	0	13951
27521	12854	95	52	55	0	13056
27522	186	22	28	12673	0	12909
27523	105	24	26	12540	0	12695
27524	38	12972	37	175	0	13222
27525	13081	95	25	92	0	13293
27526	109	13209	38	32	0	13388
27527	96	12826	25	26	0	12973
27528	12532	145	29	48	0	12754
27529	129	85	28	12420	0	12662
27530	80	23	19	12511	0	12633
27531	34	26	17	12602	0	12679
27532	28	12483	22	157	0	12690
27533	12274	86	16	89	0	12465
27534	101	128	19	12064	0	12312
27535	70	11788	28	89	0	11975
27536	26	11742	17	62	0	11847
27537	37	145	16	11290	0	11488
27538	20	11535	16	71	0	11642
27539	32	105	11	11428	0	11576
27540	11096	54	9	93	0	11252
27541	78	24	11010	67	0	11179
27542	44	11137	75	31	0	11287
27543	31	91	51	11099	0	11272
27544	20	65	11406	77	0	11568
27545	10920	25	83	55	0	11083
27546	98	25	55	11458	0	11636
27547	11410	9	25	101	0	11545
27548	11403	12	9	74	0	11498
27549	118	12038	23	39	0	12218
27550	12222	67	13	25	0	12327
27551	12220	65	10	26	0	12321
27552	12289	19	11	18	0	12337
27553	140	17	7	12056	0	12220
27554	75	18	11	12003	0	12107
27555	27	15	10	12117	0	12169
27556	21	36	12002	132	0	12191
27557	20	11964	72	69	0	12125
27558	11711	57	47	32	0	11847
27559	59	11697	17	25	0	11798
27560	54	72	19	11530	0	11675
27561	18	66	11489	58	0	11631
27562	10448	17	65	73	0	10603
27563	56	11543	53	17	0	11669
27564	55	57	11	11412	0	11535
27565	25	47	6	11414	0	11492
27566	25	23	11373	92	0	11513
27567	9	11434	63	51	0	11557
27568	19	67	33	11402	0	11521
27569	19	39	12	11460	0	11530
27570	20	15	9	11198	0	11242
27571	10839	13	7	97	0	10956
27572	62	29	10972	58	0	11121
27573	38	10963	61	27	0	11089
27574	10841	51	37	31	0	10960
27575	51	11048	20	22	0	11141
27576	50	64	10	10740	0	10864
27577	24	11115	16	55	0	11210
27578	10755	62	8	58	0	10883
27579	11008	45	11	28	0	11092
27580	100	21	9	11177	0	11307
27581	56	11	8	11299	0	11374
27582	26	18	9	11632	0	11685
27583	18	27	11847	122	0	12014
27584	22	12217	83	76	0	12398
27585	26	105	58	13862	0	14051
27586	23	64	15	14262	0	14364
27587	20	17	7	14681	0	14725
27588	26	16	13	14688	0	14743
27589	21	24	14564	268	0	14877
27590	19	15549	144	165	0	15877
27591	23	155	132	16315	0	16625
27592	26	152	10	17559	0	17747
27593	13	44	17446	371	0	17874
27594	25	19	193	16879	0	17116
27595	17	17119	189	234	0	17559
27596	20	17455	64	201	0	17740
27597	25	433	21	17113	0	17592
27598	20	214	16937	227	0	17398
27599	15337	40	201	251	0	15829
27600	188	16773	203	75	0	17239
27601	176	217	16573	58	0	17024
27602	40	196	16685	59	0	16980
27603	19	16466	369	46	0	16900
27604	38	210	16686	54	0	16988
27605	73	332	230	15992	0	16627
27606	16026	41	200	202	0	16469
27607	16112	29	46	199	0	16386
27608	16261	31	27	59	0	16378
27609	16609	34	35	29	0	16707
27610	356	16833	45	49	0	17283
27611	16981	194	41	41	0	17257
27612	227	17142	52	52	0	17473
27613	197	222	16908	51	0	17378
27614	70	199	206	16207	0	16682
27615	43	17063	205	202	0	17513
27616	37	227	42	16548	0	16854
27617	16311	203	30	227	0	16771
27618	227	65	30	15890	0	16212
27619	200	16461	42	233	0	16936
27620	16527	212	31	200	0	16970
27621	216	219	16563	70	0	17068
27622	216	61	226	16368	0	16871
27623	47	47	203	16585	0	16882
27624	16028	53	57	421	0	16559
27625	214	16032	53	246	0	16545
27626	200	244	15867	92	0	16403
27627	79	218	215	15835	0	16347
27628	68	89	16087	246	0	16490
27629	60	15658	243	245	0	16206
27630	49	15972	219	101	0	16341
27631	15749	392	68	80	0	16289
27632	220	238	15776	75	0	16309
27633	15912	80	242	81	0	16315
27634	233	81	223	15512	0	16049
27635	196	15913	99	251	0	16459
27636	15803	238	62	233	0	16336
27637	224	239	16086	102	0	16651
27638	237	88	226	15856	0	16407
27639	86	68	227	15995	0	16376
27640	82	86	71	15804	0	16043
27641	76	15757	66	419	0	16318
27642	15363	237	70	252	0	15922
27643	237	15537	72	105	0	15951
27644	221	15445	70	84	0	15820
27645	109	385	87	15222	0	15803
27646	15231	245	65	251	0	15792
27647	15153	81	63	237	0	15534
27648	15241	85	63	110	0	15499
27649	390	14445	66	88	0	14989
27650	252	243	58	14378	0	14931
27651	92	241	14378	225	0	14936
27652	97	89	218	14344	0	14748
27653	85	79	211	14026	0	14401
27654	81	14352	81	382	0	14896
27655	14380	238	59	262	0	14939
27656	270	225	66	13962	0	14523
27657	247	14344	73	249	0	14913
27658	14277	229	67	245	0	14818
27659	253	256	14203	115	0	14827
27660	13904	100	231	98	0	14333
27661	269	14260	213	108	0	14850
27662	14415	266	82	82	0	14845
27663	14336	235	53	100	0	14724
27664	398	124	14230	76	0	14828
27665	14210	104	218	79	0	14611
27666	294	88	14704	80	0	15166
27667	255	91	14658	70	0	15074
27668	14248	87	392	71	0	14798
27669	14645	70	223	85	0	15023
27670	429	96	14794	68	0	15387
27671	286	56	252	14514	0	15108
27672	134	68	221	14386	0	14809
27673	100	15142	106	365	0	15713
27674	14941	236	67	256	0	15500
27675	15209	219	72	95	0	15595
27676	420	105	15203	92	0	15820
27677	15205	73	224	91	0	15593
27678	15510	78	210	77	0	15875
27679	426	15294	99	73	0	15892
27680	263	249	63	15078	0	15653
27681	134	223	60	14846	0	15263
27682	133	87	48	14882	0	15150
27683	14153	62	70	361	0	14646
27684	231	13757	66	229	0	14283
27685	160	244	43	11750	0	12197
27686	90	11803	52	144	0	12089
27687	80	680	37	10508	0	11305
27688	69	11088	47	131	0	11335
27689	67	11138	43	113	0	11361
27690	9482	315	123	133	0	10053
27691	9243	103	115	84	0	9545
27692	91	34	11	8493	0	8629
27693	48	9	5	8530	0	8592
27694	21	7	9	8552	0	8589
27695	18	4	4	8585	0	8611
27696	11	7	6	8478	0	8502
27697	11	8413	5	76	0	8505
27698	19	45	6	8457	0	8527
27699	16	28	7	8543	0	8594
27700	8298	9	15	80	0	8402
27701	62	7	6	8505	0	8580
27702	38	8	3	8471	0	8520
27703	16	21	8469	84	0	8590
27704	19	6	47	8271	0	8343
27705	16	20	29	8550	0	8615
27706	12	14	8633	89	0	8748
27707	20	8736	48	52	0	8856
27708	17	57	8841	16	0	8931
27709	15	29	8774	16	0	8834
27710	5	8465	65	12	0	8547
27711	8514	37	45	18	0	8614
27712	8461	30	12	16	0	8519
27713	73	8	5	8316	0	8402
27714	8481	4	6	49	0	8540
27715	51	20	8824	43	0	8938
27716	41	1	40	8919	0	9001
27717	19	20	9562	54	0	9655
27718	11	8	46	9612	0	9677
27719	10	6	40	9569	0	9625
27720	10	8	12	9653	0	9683
27721	9470	10	3	96	0	9579
27722	51	4	3	9600	0	9658
27723	9569	3	7	68	0	9647
27724	9614	8	4	57	0	9683
27725	87	9668	13	30	0	9798
27726	9752	47	4	28	0	9831
27727	54	10032	14	22	0	10122
27728	50	59	2	9844	0	9955
27729	24	41	8	10095	0	10168
27730	22	10	7	10186	0	10225
27731	18	16	9985	107	0	10126
27732	11	10001	61	67	0	10140
27733	20	63	44	9264	0	9391
27734	28	61	8	9244	0	9341
27735	16	9874	15	83	0	9988
27736	9840	64	9	58	0	9971
27737	59	9696	14	33	0	9802
27738	9601	61	5	28	0	9695
27739	67	9854	17	22	0	9960
27740	58	70	2	9424	0	9554
27741	19	9985	15	74	0	10093
27742	10127	65	7	66	0	10265
27743	10262	47	6	37	0	10352
27744	10252	10	6	41	0	10309
27745	10194	17	12	29	0	10252
27746	110	21	10229	28	0	10388
27747	10204	14	58	27	0	10303
27748	10422	6	43	33	0	10504
27749	10455	18	14	24	0	10511
27750	109	21	10340	31	0	10501
27751	10217	14	53	35	0	10319
27752	68	10559	51	44	0	10722
27753	10654	52	18	29	0	10753
27754	70	64	11111	34	0	11279
27755	10970	23	60	46	0	11099
27756	11188	12	47	30	0	11277
27757	97	19	14	11096	0	11226
27758	61	26	10994	67	0	11148
27759	10951	14	48	83	0	11096
27760	73	7	42	11217	0	11339
27761	68	14	14	11448	0	11544
27762	25	20	11510	106	0	11661
27763	10684	19	61	81	0	10845
27764	11435	10	53	29	0	11527
27765	100	11556	14	44	0	11714
27766	65	58	13	11481	0	11617
27767	36	53	20	11468	0	11577
27768	34	20	15	11380	0	11449
27769	30	11544	18	104	0	11696
27770	11351	64	16	63	0	11494
27771	69	56	11	11325	0	11461
27772	71	15	13	11302	0	11401
27773	11016	17	12	106	0	11151
27774	10957	16	10	76	0	11059
27775	112	13	15	11058	0	11198
27776	70	13	23	10926	0	11032
27777	34	26	10586	105	0	10751
27778	9721	9	50	61	0	9841
27779	62	10607	51	31	0	10751
27780	66	54	12	11014	0	11146
27781	52	41	9	11188	0	11290
27782	33	11740	19	120	0	11912
27783	47	70	9	12090	0	12216
27784	12915	77	21	105	0	13118
27785	133	18	13	15188	0	15352
27786	128	19	9	15699	0	15855
27787	41	11	9	16126	0	16187
27788	22	23	15800	399	0	16244
27789	37	19	173	16000	0	16229
27790	31	29	15807	274	0	16141
27791	32	15492	215	218	0	15957
27792	47	188	196	15356	0	15787
27793	33	163	51	15720	0	15967
27794	39	42	34	16182	0	16297
27795	31	25	22	16357	0	16435
27796	19	17	13	16552	0	16601
27797	15934	12	22	443	0	16411
27798	197	26	16182	256	0	16661
27799	176	15993	184	113	0	16466
27800	63	16604	184	72	0	16923
27801	45	347	49	16980	0	17421
27802	37	198	27	17338	0	17600
27803	29	55	20	17212	0	17316
27804	25	17100	26	409	0	17560
27805	30	190	15	17265	0	17500
27806	23	189	16928	288	0	17428
27807	13	16763	195	236	0	17207
27808	33	219	168	16777	0	17197
27809	16566	178	66	265	0	17075
27810	192	52	25	16680	0	16949
27811	172	44	21	16385	0	16622
27812	46	16022	36	389	0	16493
27813	40	16740	32	237	0	17049
27814	34	362	16	16538	0	16950
27815	25	191	22	16516	0	16754
27816	21	84	16259	401	0	16765
27817	27	42	192	15894	0	16155
27818	16	33	167	15999	0	16215
27819	16	32	67	15936	0	16051
27820	30	38	35	16187	0	16290
27821	15771	33	27	473	0	16304
27822	15966	25	27	305	0	16323
27823	350	25	31	16180	0	16586
27824	215	33	19	16707	0	16974
27825	16428	25	17	497	0	16967
27826	226	23	37	17125	0	17411
27827	209	55	17061	377	0	17702
27828	70	17151	224	344	0	17789
27829	47	222	220	17328	0	17817
27830	42	208	81	17612	0	17943
27831	17457	71	55	510	0	18093
27832	210	60	43	17875	0	18188
27833	208	56	41	18006	0	18311
27834	17851	33	41	527	0	18452
27835	228	46	28	18103	0	18405
27836	217	18123	52	374	0	18766
27837	90	235	32	18834	0	19191
27838	84	222	31	19361	0	19698
27839	69	93	29	19345	0	19536
27840	50	67	40	19455	0	19612
27841	47	99	18713	577	0	19436
27842	42	104	18532	397	0	19075
27843	36	78	399	18576	0	19089
27844	36	60	257	18210	0	18563
27845	41	18418	99	546	0	19104
27846	49	232	58	17932	0	18271
27847	39	18318	68	423	0	18848
27848	18155	272	69	355	0	18851
27849	222	18974	59	226	0	19481
27850	247	279	40	19209	0	19775
27851	111	256	28	19459	0	19854
27852	61	130	18995	554	0	19740
27853	18053	87	216	446	0	18802
27854	18371	62	225	244	0	18902
27855	426	18394	108	228	0	19156
27856	280	249	67	17782	0	18378
27857	117	258	18871	374	0	19620
27858	69	19178	279	357	0	19883
27859	19014	249	236	218	0	19717
27860	19068	243	73	213	0	19597
27861	472	108	18500	185	0	19265
27862	18590	67	228	182	0	19067
27863	340	45	226	18464	0	19075
27864	286	18602	101	348	0	19337
27865	18538	239	59	349	0	19185
27866	277	240	51	18454	0	19022
27867	18641	87	40	375	0	19143
27868	19256	59	50	372	0	19737
27869	468	57	38	19087	0	19650
27870	309	74	19221	372	0	19976
27871	19127	62	234	375	0	19798
27872	19720	54	234	206	0	20214
27873	19908	40	73	190	0	20211
27874	504	20102	75	178	0	20859
27875	336	253	40	20093	0	20722
27876	154	259	33	20889	0	21335
27877	102	125	20596	571	0	21394
27878	94	85	250	20213	0	20642
27879	73	20331	282	392	0	21078
27880	19560	236	84	374	0	20254
27881	243	19790	80	206	0	20319
27882	265	273	19124	179	0	19841
27883	103	19430	257	136	0	19926
27884	82	19343	267	123	0	19815
27885	233	273	203	16085	0	16794
27886	16062	132	92	124	0	16410
27887	15966	24	15	142	0	16147
27888	15885	27	14	42	0	15968
27889	191	16197	26	46	0	16460
27890	122	119	16008	41	0	16290
27891	15853	109	87	48	0	16097
27892	16208	27	103	40	0	16378
27893	208	16141	34	33	0	16416
27894	16485	96	18	49	0	16648
27895	131	111	16	16494	0	16752
27896	125	52	17249	122	0	17548
27897	17081	20	105	149	0	17355
27898	17360	23	112	48	0	17543
27899	17738	20	28	45	0	17831
27900	206	26	17	17469	0	17718
27901	141	30	14	17965	0	18150
27902	46	24	19	18655	0	18744
27903	35	18905	46	257	0	19243
27904	67	169	28	19457	0	19721
27905	56	156	17	21242	0	21471
27906	53	70	21378	360	0	21861
27907	48	36	196	21546	0	21826
27908	53	26	196	22004	0	22279
27909	54	28	28	22110	0	22220
27910	53	30	20	21929	0	22032
27911	41	21830	51	430	0	22352
27912	53	215	26	21982	0	22276
27913	49	198	30	21888	0	22165
27914	21498	27	31	442	0	21998
27915	249	61	21645	246	0	22201
27916	237	56	21358	74	0	21725
27917	21087	32	401	73	0	21593
27918	21835	27	212	66	0	22140
27919	437	54	41	19713	0	20245
27920	237	21570	48	204	0	22059
27921	21636	218	32	232	0	22118
27922	266	203	33	21072	0	21574
27923	231	21871	39	235	0	22376
27924	21525	205	18	217	0	21965
27925	236	21713	40	54	0	22043
27926	21256	220	25	59	0	21560
27927	20643	184	22	64	0	20913
27928	369	20337	44	60	0	20810
27929	213	216	14	20291	0	20734
27930	70	215	20172	226	0	20683
27931	45	74	202	20007	0	20328
27932	19854	38	178	238	0	20308
27933	231	52	19720	215	0	20218
27934	196	19625	217	88	0	20126
27935	70	263	181	19214	0	19728
27936	55	200	19155	231	0	19641
27937	41	18919	212	192	0	19364
27938	18633	202	179	83	0	19097
27939	214	178	37	18822	0	19251
27940	194	25	21	18905	0	19145
27941	62	42	29	18618	0	18751
27942	40	18742	52	334	0	19168
27943	18671	200	22	200	0	19093
27944	209	18637	42	68	0	18956
27945	166	19006	35	68	0	19275
27946	18993	330	25	69	0	19417
27947	18995	166	20	63	0	19244
27948	341	48	18564	70	0	19023
27949	18141	42	183	58	0	18424
27950	18145	35	155	55	0	18390
27951	356	33	33	17897	0	18319
27952	192	53	17924	210	0	18379
27953	81	34	189	17947	0	18251
27954	18005	25	156	234	0	18420
27955	228	61	18406	198	0	18893
27956	207	32	198	19189	0	19626
27957	67	34	174	20374	0	20649
27958	73	40	33	22215	0	22361
27959	22196	25	35	635	0	22891
27960	396	22614	73	333	0	23416
27961	22757	412	30	97	0	23296
27962	445	271	22890	93	0	23699
27963	294	54	413	22084	0	22845
27964	72	23128	272	421	0	23893
27965	23276	424	52	303	0	24055
27966	453	287	34	23306	0	24080
27967	306	99	22945	473	0	23823
27968	80	43	414	22623	0	23160
27969	22066	47	262	493	0	22868
27970	431	22179	69	333	0	23012
27971	312	484	53	20174	0	21023
27972	54	22129	49	388	0	22620
27973	21644	415	34	282	0	22375
27974	21451	259	38	101	0	21849
27975	629	21157	61	86	0	21933
27976	20931	411	45	76	0	21463
27977	454	251	39	20015	0	20759
27978	275	20660	57	378	0	21370
27979	20588	412	30	272	0	21302
27980	20943	259	36	77	0	21315
27981	639	20362	58	57	0	21116
27982	287	20559	44	71	0	20961
27983	20081	589	38	66	0	20774
27984	466	270	31	20004	0	20771
27985	20347	59	28	415	0	20849
27986	460	58	24	20315	0	20857
27987	286	72	20076	425	0	20859
27988	96	51	371	20373	0	20891
27989	19929	55	229	450	0	20663
27990	464	63	20198	268	0	20993
27991	290	51	396	20172	0	20909
27992	103	48	239	20789	0	21179
27993	88	65	20358	647	0	21158
27994	19445	33	403	303	0	20184
27995	452	53	238	20051	0	20794
27996	285	58	19210	436	0	19989
27997	17895	39	400	291	0	18625
27998	381	19127	275	101	0	19884
27999	265	19225	93	93	0	19676
28000	90	19516	87	100	0	19793
28001	95	592	18405	76	0	19168
28002	115	429	375	17597	0	18516
28003	70	91	17716	397	0	18274
28004	81	457	340	15633	0	16511
28005	55	15389	207	345	0	15996
28006	45	15253	53	188	0	15539
28007	124	442	45	14756	0	15367
28008	14788	178	46	359	0	15371
28009	308	70	24	15047	0	15449
28010	185	49	31	14939	0	15204
28011	79	14834	42	442	0	15397
28012	14693	301	24	198	0	15216
28013	308	14965	44	82	0	15399
28014	198	321	24	14840	0	15383
28015	81	191	37	14823	0	15132
28016	57	14713	63	430	0	15263
28017	86	308	24	14811	0	15229
28018	14705	187	32	351	0	15275
28019	341	103	23	14780	0	15247
28020	221	73	24	14765	0	15083
28021	98	14530	66	444	0	15138
28022	101	310	36	14719	0	15166
28023	14015	183	40	350	0	14588
28024	14409	82	39	219	0	14749
28025	14675	75	32	105	0	14887
28026	508	65	30	14437	0	15040
28027	235	74	14306	377	0	14992
28028	124	65	14406	237	0	14832
28029	103	68	421	14397	0	14989
28030	14505	81	184	352	0	15122
28031	356	79	44	14697	0	15176
28032	14946	71	32	375	0	15424
28033	391	66	32	15123	0	15612
28034	255	70	35	15386	0	15746
28035	15172	72	31	466	0	15741
28036	368	90	14840	233	0	15531
28037	14868	72	290	93	0	15323
28038	374	83	14959	96	0	15512
28039	248	57	313	14687	0	15305
28040	14840	55	174	360	0	15429
28041	353	77	15169	212	0	15811
28042	234	70	15330	93	0	15727
28043	14836	51	442	97	0	15426
28044	348	80	15367	103	0	15898
28045	216	15081	337	115	0	15749
28046	111	293	184	15710	0	16298
28047	16412	172	88	413	0	17085
28048	354	70	16710	254	0	17388
28049	16716	42	337	122	0	17217
28050	17105	40	207	108	0	17460
28051	17194	46	71	121	0	17432
28052	17078	52	69	102	0	17301
28053	493	156	74	16333	0	17056
28054	226	16603	72	360	0	17261
28055	15959	300	77	238	0	16574
28056	318	166	15303	112	0	15899
28057	142	13398	163	56	0	13759
28058	11831	90	131	60	0	12112
28059	86	11215	43	38	0	11382
28060	69	11458	31	21	0	11579
28061	270	150	95	11040	0	11555
28062	26	55	32	11185	0	11298
28063	20	15	14	11227	0	11276
28064	11286	4	10	111	0	11411
28065	11634	9	11	67	0	11721
28066	132	8	14	11969	0	12123
28067	79	9	13	12639	0	12740
28068	25	19	13116	169	0	13329
28069	12602	8	123	103	0	12836
28070	13396	10	88	36	0	13530
28071	204	12	20	13412	0	13648
28072	111	5	17	13510	0	13643
28073	37	14	13425	219	0	13695
28074	32	6	133	13447	0	13618
28075	34	10	13923	156	0	14123
28076	31	13850	157	121	0	14159
28077	24	118	14035	48	0	14225
28078	35	110	143	13603	0	13891
28079	31	31	14261	139	0	14462
28080	21	29	13887	113	0	14050
28081	13838	19	220	34	0	14111
28082	136	20	123	14825	0	15104
28083	110	23	14905	141	0	15179
28084	13728	21	145	118	0	14012
28085	144	29	15190	32	0	15395
28086	131	24	16195	33	0	16383
28087	28	16399	253	51	0	16731
28088	36	135	126	16287	0	16584
28089	32	114	16254	144	0	16544
28090	28	40	15970	115	0	16153
28091	24	15	236	15939	0	16214
28092	36	13	128	15896	0	16073
28093	33	16099	69	248	0	16449
28094	32	131	40	16231	0	16434
28095	16373	100	23	185	0	16681
28096	16373	27	19	141	0	16560
28097	16695	14	37	56	0	16802
28098	261	21	28	16229	0	16539
28099	136	16606	52	151	0	16945
28100	16523	136	28	138	0	16825
28101	152	16785	49	41	0	17027
28102	111	16570	43	58	0	16782
28103	36	16667	50	36	0	16789
28104	16617	211	39	46	0	16913
28105	156	113	29	16574	0	16872
28106	112	23	44	16526	0	16705
28107	28	16644	47	220	0	16939
28108	16199	123	38	135	0	16495
28109	150	118	16417	50	0	16735
28110	124	29	158	16406	0	16717
28111	16459	29	114	154	0	16756
28112	140	17011	60	136	0	17347
28113	17581	130	46	87	0	17844
28114	163	107	42	17632	0	17944
28115	125	18201	49	156	0	18531
28116	52	160	17955	115	0	18282
28117	17616	103	152	59	0	17930
28118	148	31	118	18319	0	18616
28119	18515	28	43	180	0	18766
28120	178	50	36	18337	0	18601
28121	132	18457	47	155	0	18791
28122	65	150	18786	138	0	19139
28123	55	131	18869	64	0	19119
28124	46	130	230	18639	0	19045
28125	18853	39	149	168	0	19209
28126	18896	31	41	122	0	19090
28127	223	25	39	18693	0	18980
28128	130	28	24	18846	0	19028
28129	18973	27	28	230	0	19258
28130	153	26	42	19131	0	19352
28131	19152	23	45	180	0	19400
28132	144	18978	44	149	0	19315
28133	18764	138	29	78	0	19009
28134	163	129	19263	54	0	19609
28135	150	36	159	19110	0	19455
28136	61	32	116	19529	0	19738
28137	60	29	51	19527	0	19667
28138	47	19166	49	273	0	19535
28139	57	18524	50	161	0	18792
28140	49	210	47	19131	0	19437
28141	52	131	18987	197	0	19367
28142	47	44	162	18866	0	19119
28143	45	51	117	19102	0	19315
28144	42	18814	67	401	0	19324
28145	18562	129	47	146	0	18884
28146	146	18381	59	61	0	18647
28147	116	18287	64	60	0	18527
28148	65	215	50	17946	0	18276
28149	74	99	52	18097	0	18322
28150	50	37	34	18089	0	18210
28151	49	31	31	18158	0	18269
28152	17720	34	41	227	0	18022
28153	139	17972	48	135	0	18294
28154	18063	128	40	77	0	18308
28155	18501	102	45	86	0	18734
28156	207	47	34	18379	0	18667
28157	129	35	26	18656	0	18846
28158	18437	24	30	232	0	18723
28159	18668	35	31	159	0	18893
28160	218	38	19	18405	0	18680
28161	134	45	16	18541	0	18736
28162	83	63	18510	223	0	18879
28163	57	18302	115	147	0	18621
28164	58	18733	96	68	0	18955
28165	17972	159	39	68	0	18238
28166	119	112	18679	42	0	18952
28167	75	64	17682	41	0	17862
28168	16173	25	149	56	0	16403
28169	17080	16	82	39	0	17217
28170	78	18463	20	31	0	18592
28171	44	19082	16	35	0	19177
28172	38	79	3	19216	0	19336
28173	20007	43	5	95	0	20150
28174	20140	16	13	73	0	20242
28175	20212	8	12	66	0	20298
28176	85	11	5	20092	0	20193
28177	52	23	6	20354	0	20435
28178	28	43	20348	95	0	20514
28179	25	37	19554	58	0	19674
28180	26	40	20407	33	0	20506
28181	36	232	64	19842	0	20174
28182	19590	10	47	53	0	19700
28183	42	40	20430	48	0	20560
28184	42	15	27	20314	0	20398
28185	17	20787	53	45	0	20902
28186	23	32	11	20277	0	20343
28187	16	30	11	20391	0	20448
28188	13	40	20957	85	0	21095
28189	22	17	40	20841	0	20920
28190	21674	5	58	83	0	21820
28191	86	36	23027	79	0	23228
28192	88	12	91	23153	0	23344
28193	20	40	24148	121	0	24329
28194	16	24476	137	116	0	24745
28195	41	136	24560	42	0	24779
28196	25	117	127	23548	0	23817
28197	29	34	115	24656	0	24834
28198	21	46	25437	243	0	25747
28199	30	15	136	24903	0	25084
28200	28	19	125	24825	0	24997
28201	23	25046	59	239	0	25367
28202	26	147	25399	174	0	25746
28203	37	126	136	25247	0	25546
28204	30	26	134	25444	0	25634
28205	20	25888	47	269	0	26224
28206	29	156	31	26039	0	26255
28207	26098	132	19	190	0	26439
28208	157	28	28	26252	0	26465
28209	131	51	26442	184	0	26808
28210	25770	17	158	185	0	26130
28211	27785	15	145	85	0	28030
28212	316	48	28341	58	0	28763
28213	27230	19	216	66	0	27531
28214	208	28993	191	62	0	29454
28215	191	197	50	29477	0	29915
28216	65	182	37	32194	0	32478
28217	51	39	32	32535	0	32657
28218	43	30	32	33014	0	33119
28219	49	24	33	32975	0	33081
28220	32480	25	32	602	0	33139
28221	298	74	32343	331	0	33046
28222	30860	17	308	160	0	31345
28223	328	64	31996	107	0	32495
28224	295	16	334	31613	0	32258
28225	31894	22	278	360	0	32554
28226	338	21	87	31582	0	32028
28227	280	32273	102	353	0	33008
28228	33325	292	67	323	0	34007
28229	336	253	56	34377	0	35022
28230	310	68	33337	379	0	34094
28231	31645	38	294	362	0	32339
28232	329	35276	286	149	0	36040
28233	301	350	35999	99	0	36749
28234	95	273	348	35378	0	36094
28235	100	56	295	34732	0	35183
28236	65	35376	117	612	0	36170
28237	80	370	35421	361	0	36232
28238	60	288	343	35428	0	36119
28239	66	88	36648	438	0	37240
28240	59	51	363	36278	0	36751
28241	69	35	317	36410	0	36831
28242	83	82	36448	678	0	37291
28243	76	30	391	36428	0	36925
28244	153	118	395	31390	0	32056
28245	94	27	124	37744	0	37989
28246	87	36	90	37861	0	38074
28247	36505	37	88	759	0	37389
28248	411	70	36572	454	0	37507
28249	37455	52	394	231	0	38132
28250	461	38	352	38888	0	39739
28251	385	49	103	39591	0	40128
28252	143	53	102	39185	0	39483
28253	115	38953	129	930	0	40127
28254	39281	465	88	498	0	40332
28255	448	352	108	43440	0	44348
28256	376	43925	144	527	0	44972
28257	115	398	97	44383	0	44993
28258	44470	362	97	612	0	45541
28259	44487	103	115	514	0	45219
28260	44644	81	101	278	0	45104
28261	740	44354	151	254	0	45499
28262	437	483	44569	275	0	45764
28263	43859	363	452	281	0	44955
28264	45235	86	409	251	0	45981
28265	784	45482	177	234	0	46677
28266	45181	423	121	253	0	45978
28267	44850	366	127	255	0	45598
28268	45424	86	99	242	0	45851
28269	837	46589	137	249	0	47812
28270	509	429	108	46220	0	47266
28271	46712	385	81	599	0	47777
28272	47195	104	88	554	0	47941
28273	46689	87	85	275	0	47136
28274	46872	80	79	256	0	47287
28275	883	112	75	45991	0	47061
28276	537	129	46041	599	0	47306
28277	275	74	460	45549	0	46358
28278	223	46537	427	625	0	47812
28279	233	474	114	47654	0	48475
28280	225	444	48143	629	0	49441
28281	47201	114	538	562	0	48415
28282	666	82	437	48920	0	50105
28283	48747	103	124	614	0	49588
28284	48932	111	106	612	0	49761
28285	1010	111	103	49380	0	50604
28286	660	126	49670	632	0	51088
28287	323	142	47816	536	0	48817
28288	44020	121	852	277	0	45270
28289	650	48177	471	212	0	49510
28290	511	47605	160	197	0	48473
28291	259	47464	142	171	0	48036
28292	260	48363	147	181	0	48951
28293	46559	813	272	169	0	47813
28294	46616	401	86	166	0	47269
28295	46708	115	77	163	0	47063
28296	46735	119	64	159	0	47077
28297	839	124	67	45292	0	46322
28298	499	45260	121	480	0	46360
28299	44992	393	99	437	0	45921
28300	551	387	45385	166	0	46489
28301	475	45183	432	203	0	46293
28302	220	450	45256	193	0	46119
28303	43885	346	445	177	0	44853
28304	45290	102	362	196	0	45950
28305	45498	102	127	174	0	45901
28306	832	94	90	45065	0	46081
28307	514	137	45053	470	0	46174
28308	249	44963	430	419	0	46061
28309	43346	385	364	183	0	44278
28310	512	43926	124	179	0	44741
28311	415	42636	113	153	0	43317
28312	196	42140	111	126	0	42573
28313	188	41962	115	140	0	42405
28314	254	603	39646	107	0	40610
28315	198	40472	390	127	0	41187
28316	36973	298	266	136	0	37673
28317	290	228	64	37264	0	37846
28318	283	88	52	37614	0	38037
28319	37036	66	48	410	0	37560
28320	284	36950	92	253	0	37579
28321	290	300	37446	106	0	38142
28322	173	218	209	37166	0	37766
28323	177	75	206	37981	0	38439
28324	153	74	68	38395	0	38690
28325	132	123	37796	402	0	38453
28326	135	144	37679	239	0	38197
28327	147	79	372	37391	0	37989
28328	140	119	37308	227	0	37794
28329	137	145	35502	231	0	36015
28330	30212	97	398	147	0	30854
28331	267	35557	233	119	0	36176
28332	219	34351	95	85	0	34750
28333	157	35331	104	76	0	35668
28334	154	436	87	33551	0	34228
28335	111	35827	122	170	0	36230
28336	35795	222	78	203	0	36298
28337	251	241	36570	97	0	37159
28338	36796	95	218	92	0	37201
28339	277	79	222	37637	0	38215
28340	291	66	76	38106	0	38539
28341	97	39775	101	447	0	40420
28342	39681	270	82	296	0	40329
28343	39815	278	131	95	0	40319
28344	561	43131	90	109	0	43891
28345	356	449	63	42366	0	43234
28346	149	373	43472	361	0	44355
28347	133	162	44336	337	0	44968
28348	81	44807	716	116	0	45720
28349	44050	490	438	189	0	45167
28350	443	384	44874	60	0	45761
28351	401	106	413	43819	0	44739
28352	45021	67	356	421	0	45865
28353	45769	61	84	385	0	46299
28354	755	54813	125	104	0	55797
28355	432	57098	93	80	0	57703
28356	56969	1178	76	78	0	58301
28357	802	671	57164	86	0	58723
28358	56935	147	735	95	0	57912
28359	57716	89	549	103	0	58457
28360	1315	85	127	57278	0	58805
28361	662	147	58652	780	0	60241
28362	198	143	58333	568	0	59242
28363	55876	82	1356	148	0	57462
28364	864	155	59419	96	0	60534
28365	56264	96	916	113	0	57389
28366	58187	59	653	101	0	59000
28367	1325	58498	222	110	0	60155
28368	744	852	58727	86	0	60409
28369	212	57880	862	91	0	59045
28370	56243	868	665	94	0	57870
28371	870	731	56256	50	0	57907
28372	707	203	849	53862	0	55621
28373	238	164	56473	764	0	57639
28374	242	150	56624	583	0	57599
28375	248	151	57005	124	0	57528
28376	250	128	56950	118	0	57446
28377	174	55178	1540	157	0	57049
28378	262	862	55230	129	0	56483
28379	194	54269	968	132	0	55563
28380	256	857	53496	122	0	54731
28381	52030	623	966	110	0	53729
28382	960	168	726	47589	0	49443
28383	729	53262	289	625	0	54905
28384	52618	819	241	558	0	54236
28385	52846	651	255	147	0	53899
28386	51009	206	251	146	0	51612
28387	52329	147	285	116	0	52877
28388	1455	51935	326	110	0	53826
28389	51291	836	253	141	0	52521
28390	51922	687	286	115	0	53010
28391	1425	50601	356	171	0	52553
28392	847	952	49575	95	0	51469
28393	391	712	952	47339	0	49394
28394	307	50324	877	728	0	52236
28395	284	915	50609	610	0	52418
28396	343	773	51292	159	0	52567
28397	303	50204	1625	168	0	52300
28398	304	50784	967	130	0	52185
28399	314	52951	469	152	0	53886
28400	355	52874	402	118	0	53749
28401	51605	1540	369	146	0	53660
28402	52339	895	319	160	0	53713
28403	1664	393	53158	142	0	55357
28404	1023	368	54082	112	0	55585
28405	506	303	1632	51762	0	54203
28406	514	285	977	53183	0	54959
28407	518	295	403	53753	0	54969
28408	52608	316	390	1464	0	54778
28409	1171	53197	452	794	0	55614
28410	1001	54839	459	241	0	56540
28411	489	56085	475	216	0	57265
28412	54678	1720	428	160	0	56986
28413	55563	1022	415	185	0	57185
28414	1913	433	395	54456	0	57197
28415	56098	370	500	926	0	57894
28416	56351	385	422	773	0	57931
28417	1903	470	440	55527	0	58340
28418	56209	468	466	1035	0	58178
28419	1392	55480	641	816	0	58329
28420	1219	1163	585	55308	0	58275
28421	729	1020	55095	949	0	57793
28422	603	54964	1483	890	0	57940
28423	654	1293	55781	360	0	58088
28424	723	1043	1447	51191	0	54404
28425	614	55370	1324	968	0	58276
28426	694	1187	711	54890	0	57482
28427	721	1070	650	55539	0	57980
28428	714	521	55120	1704	0	58059
28429	651	480	57891	939	0	59961
28430	641	431	2026	56607	0	59705
28431	688	461	1331	53153	0	55633
28432	564	57423	777	1701	0	60465
28433	54614	1310	600	920	0	57444
28434	1394	56673	689	441	0	59197
28435	1187	57002	641	372	0	59202
28436	617	1975	54933	359	0	57884
28437	470	55464	1436	423	0	57793
28438	554	1451	1334	48950	0	52289
28439	480	54160	777	1012	0	56429
28440	507	1443	594	50172	0	52716
28441	374	52307	623	1066	0	54370
28442	50886	1310	561	825	0	53582
28443	1187	51933	630	352	0	54102
28444	932	1354	441	44081	0	46808
28445	493	48160	436	854	0	49943
28446	46523	1179	519	703	0	48924
28447	46249	967	268	325	0	47809
28448	1602	45771	364	266	0	48003
28449	44674	1020	237	266	0	46197
28450	1205	1494	301	42126	0	45126
28451	895	461	43201	870	0	45427
28452	593	469	43476	637	0	45175
28453	504	42837	1364	339	0	45044
28454	31852	598	890	179	0	33519
28455	31215	362	167	161	0	31905
28456	656	161	30922	148	0	31887
28457	369	161	30531	124	0	31185
28458	28806	145	602	135	0	29688
28459	30192	134	330	120	0	30776
28460	600	169	29705	105	0	30579
28461	27495	144	351	124	0	28114
28462	368	28502	331	112	0	29313
28463	276	28981	119	107	0	29483
28464	213	642	149	27866	0	28870
28465	161	330	110	28187	0	28788
28466	27865	182	120	525	0	28692
28467	27832	117	111	324	0	28384
28468	27865	150	99	158	0	28272
28469	531	140	84	27466	0	28221
28470	309	164	91	27289	0	27853
28471	143	26596	105	545	0	27389
28472	132	27198	107	288	0	27725
28473	119	27928	113	132	0	28292
28474	141	600	95	25487	0	26323
28475	125	27076	103	318	0	27622
28476	136	417	26029	266	0	26848
28477	23776	333	328	171	0	24608
28478	365	191	26676	122	0	27354
28479	300	203	26423	130	0	27056
28480	24922	174	473	118	0	25687
28481	358	26397	282	120	0	27157
28482	26597	390	106	118	0	27211
28483	26608	333	109	121	0	27171
28484	552	191	26376	109	0	27228
28485	355	167	26914	101	0	27537
28486	189	27189	510	108	0	27996
28487	184	411	27354	112	0	28061
28488	216	346	347	26922	0	27831
28489	192	206	310	23649	0	24357
28490	157	27375	176	492	0	28200
28491	156	28018	166	293	0	28633
28492	27763	617	108	127	0	28615
28493	28691	379	114	128	0	29312
28494	593	216	112	28526	0	29447
28495	384	166	131	29066	0	29747
28496	28307	152	128	534	0	29121
28497	28572	154	129	303	0	29158
28498	570	28940	162	151	0	29823
28499	27470	354	123	108	0	28055
28500	427	26851	110	90	0	27478
28501	310	27496	118	87	0	28011
28502	27168	513	132	97	0	27910
28503	26852	297	106	117	0	27372
28504	551	161	96	26398	0	27206
28505	26361	134	91	303	0	26889
28506	440	125	26277	227	0	27069
28507	325	26408	308	126	0	27167
28508	25771	298	223	129	0	26421
28509	373	253	26202	126	0	26954
28510	254	408	274	23592	0	24528
28511	141	24560	223	219	0	25143
28512	145	24703	99	151	0	25098
28513	24438	356	163	84	0	25041
28514	308	211	24232	64	0	24815
28515	22783	70	223	45	0	23121
28516	283	77	166	23337	0	23863
28517	212	81	23308	188	0	23789
28518	22385	55	221	201	0	22862
28519	238	24342	172	68	0	24820
28520	176	25077	88	46	0	25387
28521	25010	338	97	68	0	25513
28522	24995	171	55	72	0	25293
28523	25369	66	32	109	0	25576
28524	319	103	52	24872	0	25346
28525	209	85	60	25251	0	25605
28526	131	58	25104	224	0	25517
28527	125	67	24683	148	0	25023
28528	96	24744	253	85	0	25178
28529	91	262	147	22586	0	23086
28530	22363	71	22	89	0	22545
28531	86	22414	39	88	0	22627
28532	77	96	16	22535	0	22724
28533	22351	64	26	101	0	22542
28534	95	22633	29	78	0	22835
28535	91	23215	22	29	0	23357
28536	66	146	22055	35	0	22302
28537	21423	90	108	48	0	21669
28538	22686	37	62	45	0	22830
28539	140	59	22447	20	0	22666
28540	20550	19	88	30	0	20687
28541	84	49	22374	32	0	22539
28542	67	22127	79	22	0	22295
28543	62	112	74	21707	0	21955
28544	21389	55	41	94	0	21579
28545	76	21585	33	63	0	21757
28546	57	21706	25	25	0	21813
28547	20830	95	9	32	0	20966
28548	65	72	22004	28	0	22169
28549	20769	28	79	43	0	20919
28550	55	22719	61	16	0	22851
28551	51	76	21711	11	0	21849
28552	21114	52	56	17	0	21239
28553	22196	8	47	21	0	22272
28554	93	11	12	21852	0	21968
28555	58	13	10	22308	0	22389
28556	17	22036	20	87	0	22160
28557	22	81	21818	57	0	21978
28558	21	44	52	21924	0	22041
28559	22	49	23136	76	0	23283
28560	19	34	23344	62	0	23459
28561	25	10	125	24007	0	24167
28562	25	27	24993	109	0	25154
28563	19	45	24560	91	0	24715
28564	32	9	186	23298	0	23525
28565	25	28	24847	110	0	25010
28566	21660	26	136	117	0	21939
28567	106	24414	108	36	0	24664
28568	99	120	24885	23	0	25127
28569	43	112	26259	15	0	26429
28570	28	29	192	24561	0	24810
28571	26794	14	98	135	0	27041
28572	26958	2	27	111	0	27098
28573	26861	8	22	34	0	26925
28574	26982	13	12	39	0	27046
28575	190	13	16	26283	0	26502
28576	101	40	26939	115	0	27195
28577	26005	15	119	112	0	26251
28578	27222	10	85	45	0	27362
28579	27326	7	26	44	0	27403
28580	210	38	26681	10	0	26939
28581	24289	17	124	33	0	24463
28582	121	16	91	27363	0	27591
28583	99	28019	61	114	0	28293
28584	59	174	30	26978	0	27241
28585	25	27824	44	138	0	28031
28586	27591	130	33	125	0	27879
28587	150	139	28209	31	0	28529
28588	119	41	163	27115	0	27438
28589	27	28230	154	148	0	28559
28590	26	28669	71	126	0	28892
28591	28431	254	49	43	0	28777
28592	28188	132	34	41	0	28395
28593	279	53	27125	28	0	27485
28594	27084	21	176	38	0	27319
28595	182	20	140	27427	0	27769
28596	163	52	28342	157	0	28714
28597	57	53	28345	146	0	28601
28598	69	11	268	28426	0	28774
28599	30689	11	147	220	0	31067
28600	240	12	42	30780	0	31074
28601	207	7	34	30723	0	30971
28602	66	19	39	30345	0	30469
28603	62	30604	57	437	0	31160
28604	63	192	42	30991	0	31288
28605	29828	166	40	255	0	30289
28606	231	30660	67	197	0	31155
28607	207	219	34	30976	0	31436
28608	30604	180	36	263	0	31083
28609	236	30743	58	214	0	31251
28610	191	31119	54	73	0	31437
28611	62	404	39	30831	0	31336
28612	30144	195	31	265	0	30635
28613	262	88	30559	203	0	31112
28614	220	71	30407	79	0	30777
28615	29951	37	431	65	0	30484
28616	31459	37	221	58	0	31775
28617	452	32536	81	59	0	33128
28618	273	263	57	31131	0	31724
28619	85	235	31894	260	0	32474
28620	81	69	31448	240	0	31838
28621	70	65	34021	92	0	34248
28622	71	33721	561	94	0	34447
28623	59	33857	305	84	0	34305
28624	33537	495	75	112	0	34219
28625	342	287	33847	78	0	34554
28626	33222	56	324	108	0	33710
28627	33837	47	271	91	0	34246
28628	565	78	34809	102	0	35554
28629	306	35769	354	85	0	36514
28630	140	384	256	35160	0	35940
28631	83	316	36508	364	0	37271
28632	99	127	35526	295	0	36047
28633	33545	89	587	117	0	34338
28634	366	36070	321	74	0	36831
28635	305	390	76	34831	0	35602
28636	111	304	60	33351	0	33826
28637	95	35273	94	537	0	35999
28638	92	36097	109	285	0	36583
28639	86	36694	118	91	0	36989
28640	101	629	68	36788	0	37586
28641	37793	293	64	423	0	38573
28642	448	80	79	38478	0	39085
28643	343	106	38442	457	0	39348
28644	117	85	38509	352	0	39063
28645	86	88	721	38545	0	39440
28646	85	111	39282	445	0	39923
28647	81	39136	513	360	0	40090
28648	102	439	343	39673	0	40557
28649	42108	332	122	508	0	43070
28650	41918	109	96	403	0	42526
28651	859	43044	132	130	0	44165
28652	43912	543	85	121	0	44661
28653	44099	427	86	120	0	44732
28654	44333	97	94	142	0	44666
28655	985	135	40975	116	0	42211
28656	42129	78	537	119	0	42863
28657	587	42803	472	193	0	44055
28658	490	564	42993	111	0	44158
28659	144	446	43210	106	0	43906
28660	110	42709	936	122	0	43877
28661	41718	574	520	138	0	42950
28662	643	425	144	39683	0	40895
28663	418	40968	118	484	0	41988
28664	41302	532	78	412	0	42324
28665	567	420	95	41491	0	42573
28666	42246	119	92	576	0	43033
28667	618	80	90	42589	0	43377
28668	452	133	41850	564	0	42999
28669	152	157	41263	434	0	42006
28670	150	147	41898	128	0	42323
28671	152	122	900	40090	0	41264
28672	146	105	470	41701	0	42422
28673	149	136	41508	895	0	42688
28674	151	41312	642	480	0	42585
28675	41891	566	457	137	0	43051
28676	41948	448	163	117	0	42676
28677	959	43028	176	131	0	44294
28678	585	623	129	42739	0	44076
28679	207	489	44537	599	0	45832
28680	42884	139	686	513	0	44222
28681	684	149	45056	139	0	46028
28682	566	158	43323	104	0	44151
28683	211	162	43929	83	0	44385
28684	41253	140	1084	126	0	42603
28685	676	148	43255	141	0	44220
28686	527	41925	716	109	0	43277
28687	223	42897	611	106	0	43837
28688	253	972	230	41104	0	42559
28689	205	501	165	41885	0	42756
28690	201	191	41734	909	0	43035
28691	40033	105	643	536	0	41317
28692	42233	131	523	154	0	43041
28693	1020	122	208	41894	0	43244
28694	42008	112	214	604	0	42938
28695	653	41678	246	604	0	43181
28696	41176	559	196	201	0	42132
28697	668	40904	216	164	0	41952
28698	492	40562	233	148	0	41435
28699	38985	860	206	159	0	40210
28700	39026	461	160	161	0	39808
28701	39785	164	152	126	0	40227
28702	40059	103	160	175	0	40497
28703	953	170	38540	114	0	39777
28704	37509	130	602	113	0	38354
28705	672	157	501	37049	0	38379
28706	486	38158	244	516	0	39404
28707	37811	517	185	412	0	38925
28708	610	38123	200	163	0	39096
28709	38061	557	178	133	0	38929
28710	668	432	149	37601	0	38850
28711	514	175	159	38171	0	39019
28712	254	186	37736	838	0	39014
28713	265	134	37853	494	0	38746
28714	187	37774	900	196	0	39057
28715	36724	521	476	118	0	37839
28716	586	36847	239	132	0	37804
28717	521	36049	163	138	0	36871
28718	269	36791	167	128	0	37355
28719	303	852	35209	105	0	36469
28720	232	35764	566	94	0	36656
28721	32631	582	447	117	0	33777
28722	32641	397	141	92	0	33271
28723	815	164	117	31515	0	32611
28724	474	31865	161	441	0	32941
28725	206	32434	175	371	0	33186
28726	253	738	120	31811	0	32922
28727	240	446	32178	424	0	33288
28728	241	31106	466	370	0	32183
28729	270	580	380	29949	0	31179
28730	29528	413	145	434	0	30520
28731	29469	184	116	379	0	30148
28732	694	29930	158	164	0	30946
28733	30081	479	134	112	0	30806
28734	29996	371	139	123	0	30629
28735	772	183	117	29289	0	30361
28736	463	170	29141	441	0	30215
28737	186	29484	469	385	0	30524
28738	236	637	376	28725	0	29974
28739	199	457	28784	369	0	29809
28740	185	28148	423	320	0	29076
28741	26707	445	352	129	0	27633
28742	26737	344	126	98	0	27305
28743	660	143	84	26096	0	26983
28744	372	26685	114	312	0	27483
28745	217	388	26446	306	0	27357
28746	184	470	322	25926	0	26902
28747	158	168	26512	373	0	27211
28748	144	24604	329	257	0	25334
28749	390	411	322	21400	0	22523
28750	21270	212	92	245	0	21819
28751	253	21075	61	180	0	21569
28752	20647	243	42	97	0	21029
28753	20310	203	53	74	0	20640
28754	376	20842	70	80	0	21368
28755	258	243	61	20650	0	21212
28756	150	267	48	20399	0	20864
28757	97	20260	79	333	0	20769
28758	95	20688	58	214	0	21055
28759	114	366	54	19008	0	19542
28760	91	20093	75	169	0	20428
28761	19929	257	48	165	0	20399
28762	19768	200	46	85	0	20099
28763	355	122	19716	51	0	20244
28764	215	92	19527	78	0	19912
28765	18550	96	284	90	0	19020
28766	19204	84	186	64	0	19538
28767	278	19808	95	70	0	20251
28768	19700	220	87	62	0	20069
28769	19349	195	43	62	0	19649
28770	299	19213	54	75	0	19641
28771	19624	212	48	70	0	19954
28772	231	248	38	21843	0	22360
28773	227	124	50	22660	0	23061
28774	106	95	24042	425	0	24668
28775	91	23533	261	228	0	24113
28776	80	23820	207	93	0	24200
28777	22136	719	250	290	0	23395
28778	22114	203	96	72	0	22485
28779	21674	43	23	62	0	21802
28780	22272	35	27	55	0	22389
28781	382	52	21810	32	0	22276
28782	191	49	22162	38	0	22440
28783	42	22349	363	38	0	22792
28784	51	236	187	22054	0	22528
28785	69	188	35	21237	0	21529
28786	51	22515	38	342	0	22946
28787	76	235	23	22033	0	22367
28788	21752	187	31	231	0	22201
28789	240	22259	40	185	0	22724
28790	229	260	22705	52	0	23246
28791	58	23148	238	46	0	23490
28792	22623	239	197	48	0	23107
28793	236	219	22803	37	0	23295
28794	22133	69	224	57	0	22483
28795	22769	35	186	66	0	23056
28796	396	73	22787	37	0	23293
28797	206	63	22770	39	0	23078
28798	74	68	22616	33	0	22791
28799	20115	74	380	31	0	20600
28800	245	50	22676	49	0	23020
28801	208	22309	237	33	0	22787
28802	22048	200	187	36	0	22471
28803	224	187	22235	20	0	22666
28804	20985	54	239	47	0	21325
28805	250	52	22453	37	0	22792
28806	208	42	23048	25	0	23323
28807	69	23206	382	36	0	23693
28808	68	227	23349	34	0	23678
28809	101	205	22922	37	0	23265
28810	62	21118	416	64	0	21660
28811	22094	219	218	34	0	22565
28812	254	197	22720	32	0	23203
28813	224	63	266	20468	0	21021
28814	75	22931	225	169	0	23400
28815	22699	228	79	184	0	23190
28816	22695	189	80	63	0	23027
28817	399	76	22956	52	0	23483
28818	219	22596	290	34	0	23139
28819	77	23037	277	44	0	23435
28820	87	426	81	21786	0	22380
28821	84	22083	100	201	0	22468
28822	134	319	88	20022	0	20563
28823	127	228	66	22727	0	23148
28824	125	23056	111	368	0	23660
28825	134	272	90	22436	0	22932
28826	113	22980	121	246	0	23460
28827	123	296	22072	209	0	22700
28828	102	265	286	22071	0	22724
28829	100	107	268	22062	0	22537
28830	91	22410	117	396	0	23014
28831	107	22911	98	244	0	23360
28832	121	449	87	21483	0	22140
28833	97	22498	115	265	0	22975
28834	21709	311	100	235	0	22355
28835	298	265	117	21995	0	22675
28836	251	22508	128	242	0	23129
28837	21935	284	120	230	0	22569
28838	275	22180	127	79	0	22661
28839	279	312	21798	80	0	22469
28840	128	262	318	21461	0	22169
28841	21506	126	279	261	0	22172
28842	316	99	22264	226	0	22905
28843	258	126	338	20892	0	21614
28844	137	21801	293	221	0	22452
28845	137	304	21393	210	0	22044
28846	116	22071	328	73	0	22588
28847	20642	272	302	69	0	21285
28848	21437	250	167	57	0	21911
28849	473	21437	179	56	0	22145
28850	21303	289	174	72	0	21838
28851	303	288	21352	46	0	21989
28852	254	122	365	20510	0	21251
28853	114	112	326	20497	0	21049
28854	128	21138	156	511	0	21933
28855	22281	289	173	246	0	22989
28856	23232	278	130	98	0	23738
28857	431	168	23385	50	0	24034
28858	22869	93	327	65	0	23354
28859	23609	112	283	82	0	24086
28860	23790	106	128	78	0	24102
28861	474	113	123	23031	0	23741
28862	260	146	109	23113	0	23628
28863	131	23523	120	379	0	24153
28864	22842	306	126	232	0	23506
28865	22761	271	77	109	0	23218
28866	433	22949	97	93	0	23572
28867	238	370	93	21858	0	22559
28868	106	22749	76	244	0	23175
28869	79	23294	93	235	0	23701
28870	22286	457	118	127	0	22988
28871	271	308	22292	96	0	22967
28872	172	76	19624	58	0	19930
28873	46	19304	243	53	0	19646
28874	17012	117	203	44	0	17376
28875	109	135	17379	40	0	17663
28876	95	16471	110	50	0	16726
28877	15989	82	180	29	0	16280
28878	73	84	16069	21	0	16247
28879	65	26	70	15512	0	15673
28880	16734	14	65	87	0	16900
28881	96	23	17120	77	0	17316
28882	99	32	17843	18	0	17992
28883	29	31	18457	15	0	18532
28884	15	43	18472	10	0	18540
28885	16231	34	201	23	0	16489
28886	18690	15	94	31	0	18830
28887	163	18933	31	11	0	19138
28888	106	86	18	19134	0	19344
28889	22	96	11	19849	0	19978
28890	18	19757	25	186	0	19986
28891	24	120	12	19749	0	19905
28892	19	20566	24	126	0	20735
28893	13	20799	25	136	0	20973
28894	15	252	9	20480	0	20756
28895	20	177	20704	146	0	21047
28896	10	20837	154	153	0	21154
28897	19	151	132	20660	0	20962
28898	20642	136	29	153	0	20960
28899	152	41	20759	143	0	21095
28900	20194	30	149	34	0	20407
28901	20890	18	154	23	0	21085
28902	305	17	35	21219	0	21576
28903	189	34	22334	169	0	22726
28904	45	31	22705	177	0	22958
28905	24	23699	375	46	0	24144
28906	48	234	208	23025	0	23515
28907	29	206	23477	202	0	23914
28908	27	49	23948	185	0	24209
28909	18	24140	414	55	0	24627
28910	24189	222	227	26	0	24664
28911	24603	187	64	40	0	24894
28912	420	44	34	25585	0	26083
28913	238	54	26617	261	0	27170
28914	67	39	27032	245	0	27383
28915	37	27549	527	86	0	28199
28916	45	288	27982	34	0	28349
28917	42	279	27739	49	0	28109
28918	57	107	541	25172	0	25877
28919	32	54	28103	292	0	28481
28920	26087	40	346	261	0	26734
28921	281	28	301	28121	0	28731
28922	259	53	28875	292	0	29479
28923	63	28977	338	295	0	29673
28924	46	289	302	28988	0	29625
28925	48	277	29521	292	0	30138
28926	36	30175	349	288	0	30848
28927	59	315	309	29044	0	29727
28928	45	30662	126	300	0	31133
28929	57	337	91	30513	0	30998
28930	57	290	83	30638	0	31068
28931	44	115	30398	577	0	31134
28932	40	30605	372	341	0	31358
28933	56	339	317	30550	0	31262
28934	45	289	111	30635	0	31080
28935	46	78	98	31184	0	31406
28936	43	96	30380	609	0	31128
28937	46	30319	367	369	0	31101
28938	56	334	341	30130	0	30861
28939	56	336	30256	352	0	31000
28940	28	30290	392	368	0	31078
28941	36	359	353	30111	0	30859
28942	53	331	30630	369	0	31383
28943	38	30667	385	339	0	31429
28944	54	359	342	29988	0	30743
28945	43	332	117	30883	0	31375
28946	42	133	31170	633	0	31978
28947	27765	77	390	413	0	28645
28948	300	31151	355	163	0	31969
28949	31282	347	147	130	0	31906
28950	340	356	31437	126	0	32259
28951	30850	101	396	143	0	31490
28952	368	78	364	31081	0	31891
28953	309	97	154	32153	0	32713
28954	102	114	31819	622	0	32657
28955	28690	93	389	404	0	29576
28956	29878	87	370	181	0	30516
28957	546	29883	187	155	0	30771
28958	329	30874	155	138	0	31496
28959	30615	606	119	122	0	31462
28960	354	403	30855	159	0	31771
28961	312	31740	422	150	0	32624
28962	113	361	378	32010	0	32862
28963	96	342	162	32550	0	33150
28964	94	159	32413	641	0	33307
28965	30315	107	426	434	0	31282
28966	367	115	33281	179	0	33942
28967	32243	90	460	154	0	32947
28968	425	108	34402	132	0	35067
28969	338	34214	478	134	0	35164
28970	34423	375	414	159	0	35371
28971	34518	329	198	123	0	35168
28972	34379	126	142	131	0	34778
28973	34529	100	138	112	0	34879
28974	684	98	119	33974	0	34875
28975	381	129	34066	416	0	34992
28976	156	138	406	33007	0	33707
28977	109	33991	389	417	0	34906
28978	140	358	154	34089	0	34741
28979	99	343	33930	437	0	34809
28980	89	138	33829	361	0	34417
28981	96	162	612	32828	0	33698
28982	32568	79	431	413	0	33491
28983	31869	75	202	343	0	32489
28984	32158	87	138	148	0	32531
28985	595	114	32359	136	0	33204
28986	342	119	32741	129	0	33331
28987	153	32460	601	113	0	33327
28988	118	32569	367	110	0	33164
28989	31501	508	263	125	0	32397
28990	31341	284	125	129	0	31879
28991	499	32562	111	123	0	33295
28992	32153	299	96	111	0	32659
28993	31884	228	87	114	0	32313
28994	475	32214	118	123	0	32930
28995	32633	302	88	112	0	33135
28996	32254	256	84	119	0	32713
28997	463	32965	108	100	0	33636
28998	33136	272	101	110	0	33619
28999	33028	237	128	98	0	33491
29000	494	126	33259	90	0	33969
29001	303	113	33279	82	0	33777
29002	130	32763	444	82	0	33419
29003	107	32739	277	62	0	33185
29004	31786	456	375	99	0	32716
29005	30983	200	102	66	0	31351
29006	30458	81	69	58	0	30666
29007	365	30869	87	47	0	31368
29008	215	194	60	30600	0	31069
29009	126	174	30820	181	0	31301
29010	110	280	205	29441	0	30036
29011	91	30762	181	180	0	31214
29012	29653	148	43	119	0	29963
29013	173	29213	57	40	0	29483
29014	156	152	39	28476	0	28823
29015	30251	113	26	175	0	30565
29016	30052	39	42	114	0	30247
29017	311	70	30242	33	0	30656
29018	30049	40	191	56	0	30336
29019	31779	34	135	34	0	31982
29020	32253	37	33	56	0	32379
29021	364	48	41	30562	0	31015
29022	207	31642	74	172	0	32095
29023	85	226	36	32146	0	32493
29024	79	206	32706	210	0	33201
29025	75	33172	234	181	0	33662
29026	80	239	161	32334	0	32814
29027	72	225	32859	214	0	33370
29028	79	32670	232	182	0	33163
29029	85	243	183	31460	0	31971
29030	78	207	32648	205	0	33138
29031	27691	60	251	275	0	28277
29032	263	60	33140	52	0	33515
29033	217	96	33193	41	0	33547
29034	77	33730	396	51	0	34254
29035	87	263	196	33744	0	34290
29036	96	224	41	31779	0	32140
29037	71	33426	66	353	0	33916
29038	109	237	47	33356	0	33749
29039	34334	201	44	317	0	34896
29040	34564	53	47	201	0	34865
29041	461	89	33475	54	0	34079
29042	33459	48	223	67	0	33797
29043	35016	55	202	64	0	35337
29044	456	83	35468	73	0	36080
29045	248	35734	289	55	0	36326
29046	84	35777	248	42	0	36151
29047	150	472	70	31070	0	31762
29048	79	35180	80	206	0	35545
29049	119	318	33454	188	0	34079
29050	96	275	34414	51	0	34836
29051	100	35209	466	48	0	35823
29052	34928	276	235	58	0	35497
29053	35590	232	66	75	0	35963
29054	36026	80	47	66	0	36219
29055	36029	68	46	63	0	36206
29056	34503	63	44	76	0	34686
29057	454	35014	62	45	0	35575
29058	278	313	34514	60	0	35165
29059	120	231	259	34296	0	34906
29060	33658	77	224	275	0	34234
29061	303	33616	72	244	0	34235
29062	311	310	62	33069	0	33752
29063	122	251	33250	252	0	33875
29064	84	32808	285	230	0	33407
29065	75	33416	242	70	0	33803
29066	31848	607	139	173	0	32767
29067	260	32133	66	56	0	32515
29068	272	266	54	30563	0	31155
29069	30727	219	45	260	0	31251
29070	30715	63	36	205	0	31019
29071	30882	54	42	60	0	31038
29072	434	74	30300	35	0	30843
29073	236	30603	247	42	0	31128
29074	31099	254	194	67	0	31614
29075	287	224	40	30816	0	31367
29076	31256	60	47	261	0	31624
29077	278	30902	65	217	0	31462
29078	32228	257	43	63	0	32591
29079	34870	220	49	59	0	35198
29080	592	76	37	34482	0	35187
29081	368	114	36313	389	0	37184
29082	147	57	385	37121	0	37710
29083	36995	68	321	430	0	37814
29084	37264	58	67	365	0	37754
29085	722	36942	103	108	0	37875
29086	36187	402	67	79	0	36735
29087	459	36713	74	84	0	37330
29088	36827	411	50	111	0	37399
29089	35979	349	60	90	0	36478
29090	699	142	36740	63	0	37644
29091	371	36485	406	75	0	37337
29092	135	432	353	36465	0	37385
29093	108	378	89	36888	0	37463
29094	109	104	63	35386	0	35662
29095	102	35988	96	751	0	36937
29096	95	449	36058	359	0	36961
29097	102	378	36510	106	0	37096
29098	83	41568	756	125	0	42532
29099	41699	598	390	70	0	42757
29100	609	515	42059	84	0	43267
29101	40789	108	612	110	0	41619
29102	621	41639	527	82	0	42869
29103	538	650	41920	87	0	43195
29104	178	474	600	41618	0	42870
29105	150	175	43101	608	0	44034
29106	129	134	44062	501	0	44826
29107	222	115	1048	38218	0	39603
29108	138	42753	568	515	0	43974
29109	124	43716	187	429	0	44456
29110	43185	996	114	115	0	44410
29111	656	593	43329	90	0	44668
29112	43046	150	627	103	0	43926
29113	43600	118	529	105	0	44352
29114	1013	43950	150	74	0	45187
29115	42536	588	83	58	0	43265
29116	42506	476	72	68	0	43122
29117	41420	117	58	68	0	41663
29118	1025	40768	98	68	0	41959
29119	506	38664	105	66	0	39341
29120	156	40034	91	60	0	40341
29121	39285	974	272	65	0	40596
29122	39114	486	117	102	0	39819
29123	934	164	37880	50	0	39028
29124	500	152	37392	29	0	38073
29125	37229	92	846	54	0	38221
29126	38146	45	439	85	0	38715
29127	38600	59	148	80	0	38887
29128	915	48	118	37549	0	38630
29129	488	50	88	38317	0	38943
29130	187	97	64	38851	0	39199
29131	144	95	53	39055	0	39347
29132	128	112	37393	860	0	38493
29133	130	101	37544	442	0	38217
29134	160	75	37642	121	0	37998
29135	156	91	37236	77	0	37560
29136	35629	86	846	79	0	36640
29137	550	37073	481	61	0	38165
29138	488	37968	161	53	0	38670
29139	37421	790	95	66	0	38372
29140	584	473	37512	61	0	38630
29141	452	205	36996	68	0	37721
29142	35793	185	871	99	0	36948
29143	37393	100	459	109	0	38061
29144	852	37368	175	100	0	38495
29145	532	450	135	37094	0	38211
29146	37706	368	114	461	0	38649
29147	38273	118	95	360	0	38846
29148	918	128	70	37358	0	38474
29149	537	38777	98	462	0	39874
29150	38848	497	61	418	0	39824
29151	587	436	38403	168	0	39594
29152	37615	131	519	158	0	38423
29153	572	38285	460	147	0	39464
29154	38708	501	186	144	0	39539
29155	38195	390	174	112	0	38871
29156	848	162	38728	100	0	39838
29157	465	138	38515	81	0	39199
29158	37790	91	872	74	0	38827
29159	39122	126	474	61	0	39783
29160	852	39608	202	53	0	40715
29161	512	517	137	39678	0	40844
29162	223	432	39661	478	0	40794
29163	38780	119	559	368	0	39826
29164	601	103	440	39685	0	40829
29165	507	104	149	40164	0	40924
29166	39756	114	122	827	0	40819
29167	567	40567	171	467	0	41772
29168	41081	497	104	194	0	41876
29169	41021	382	105	120	0	41628
29170	41596	146	102	117	0	41961
29171	930	40922	151	89	0	42092
29172	41509	526	105	81	0	42221
29173	697	407	122	41170	0	42396
29174	567	154	121	41242	0	42084
29175	381	166	40726	800	0	42073
29176	337	157	40476	437	0	41407
29177	236	40589	821	145	0	41791
29178	205	41146	474	97	0	41922
29179	239	645	38137	72	0	39093
29180	167	38864	449	75	0	39555
29181	37091	594	484	202	0	38371
29182	37511	317	75	80	0	37983
29183	37914	107	62	97	0	38180
29184	687	66	77	36606	0	37436
29185	428	54	73	37496	0	38051
29186	179	64	37737	620	0	38600
29187	114	37511	383	386	0	38394
29188	37040	363	303	121	0	37827
29189	407	37568	133	78	0	38186
29190	37198	377	71	61	0	37707
29191	37249	288	65	60	0	37662
29192	711	87	52	36456	0	37306
29193	443	78	56	36975	0	37552
29194	191	75	46	37640	0	37952
29195	198	87	36315	668	0	37268
29196	111	35897	359	440	0	36807
29197	99	35620	348	154	0	36221
29198	43	29998	46	55	0	30142
29199	35	29628	51	43	0	29757
29200	53	29430	52	48	0	29583
29201	26613	246	110	54	0	27023
29202	142	165	28302	30	0	28639
29203	135	28367	138	53	0	28693
29204	63	173	27076	27	0	27339
29205	33	28251	127	60	0	28471
29206	90	417	149	20434	0	21090
29207	56	125	26	26504	0	26711
29208	41	27345	35	198	0	27619
29209	26714	109	34	124	0	26981
29210	124	156	26870	42	0	27192
29211	138	27242	113	70	0	27563
29212	63	162	26587	38	0	26850
29213	67	121	111	26311	0	26610
29214	51	42	119	25044	0	25256
29215	44	26314	46	194	0	26598
29216	64	117	24	26426	0	26631
29217	61	127	28	26405	0	26621
29218	48	26566	54	227	0	26895
29219	50	153	26080	138	0	26421
29220	44	153	26077	63	0	26337
29221	24544	63	228	53	0	24888
29222	26441	51	121	56	0	26669
29223	220	59	37	25820	0	26136
29224	144	79	25908	133	0	26264
29225	65	57	112	25059	0	25293
29226	53	26644	135	140	0	26972
29227	50	146	26541	149	0	26886
29228	45	26460	142	75	0	26722
29229	59	172	26159	55	0	26445
29230	36	26373	148	46	0	26603
29231	26005	142	128	60	0	26335
29232	131	145	51	25781	0	26108
29233	136	82	34	25765	0	26017
29234	57	99	25845	214	0	26215
29235	65	88	25391	155	0	25699
29236	41	25854	227	66	0	26188
29237	25862	140	135	77	0	26214
29238	136	165	42	25573	0	25916
29239	131	90	26246	134	0	26601
29240	38	92	25520	142	0	25792
29241	22575	76	243	78	0	22972
29242	24496	57	148	82	0	24783
29243	237	103	25216	58	0	25614
29244	158	139	129	24038	0	24464
29245	49	25101	156	132	0	25438
29246	25059	124	46	166	0	25395
29247	125	25107	72	64	0	25368
29248	24181	128	43	72	0	24424
29249	107	24435	59	43	0	24644
29250	121	24729	61	40	0	24951
29251	48	204	38	24584	0	24874
29252	54	157	42	24684	0	24937
29253	30	24763	50	245	0	25088
29254	37	153	24202	130	0	24522
29255	32	157	24242	48	0	24479
29256	41	73	24189	54	0	24357
29257	22360	46	221	63	0	22690
29258	24022	46	132	45	0	24245
29259	192	24893	75	52	0	25212
29260	147	175	24486	45	0	24853
29261	49	169	125	24384	0	24727
29262	30	76	26039	148	0	26293
29263	31	76	26653	171	0	26931
29264	43	61	297	28404	0	28805
29265	51	36	199	30235	0	30521
29266	31	77	32704	507	0	33319
29267	32287	44	323	372	0	33026
29268	352	35672	377	131	0	36532
29269	397	37461	138	68	0	38064
29270	131	809	58	36063	0	37061
29271	37596	507	61	423	0	38587
29272	443	38441	106	465	0	39455
29273	38776	505	53	109	0	39443
29274	512	39319	83	78	0	39992
29275	40387	589	51	88	0	41115
29276	629	599	40359	82	0	41669
29277	599	222	41137	55	0	42013
29278	196	263	990	39833	0	41282
29279	141	118	40739	556	0	41554
29280	89	38854	669	517	0	40129
29281	100	39048	617	143	0	39908
29282	38943	1005	203	104	0	40255
29283	583	590	127	37268	0	38568
29284	513	39280	124	556	0	40473
29285	39758	612	95	495	0	40960
29286	39438	571	65	138	0	40212
29287	40679	168	48	115	0	41010
29288	1208	99	51	39623	0	40981
29289	677	82	54	40278	0	41091
29290	212	130	40026	1088	0	41456
29291	190	116	39979	623	0	40908
29292	39287	66	1072	180	0	40605
29293	692	76	608	39197	0	40573
29294	588	119	39512	662	0	40881
29295	38722	57	642	617	0	40038
29296	640	40547	637	238	0	42062
29297	41223	613	196	140	0	42172
29298	41303	556	132	111	0	42102
29299	41663	128	106	161	0	42058
29300	1280	133	40424	124	0	41961
29301	40387	98	638	98	0	41221
29302	848	114	579	38185	0	39726
29303	723	39117	220	559	0	40619
29304	323	40789	167	520	0	41799
29305	40516	1059	123	173	0	41871
29306	40766	619	121	127	0	41633
29307	41454	188	99	113	0	41854
29308	1319	140	88	39993	0	41540
29309	793	156	82	40610	0	41641
29310	365	155	74	38885	0	39479
29311	277	39958	139	1155	0	41529
29312	39812	650	100	678	0	41240
29313	40260	607	97	248	0	41212
29314	40975	193	81	228	0	41477
29315	1325	195	40291	199	0	42010
29316	41090	172	648	171	0	42081
29317	958	180	586	38708	0	40432
29318	850	40440	206	641	0	42137
29319	40352	700	125	590	0	41767
29320	40221	621	130	205	0	41177
29321	1365	243	40639	166	0	42413
29322	904	151	680	39288	0	41023
29323	351	40844	701	717	0	42613
29324	41707	735	220	650	0	43312
29325	914	649	154	41740	0	43457
29326	846	210	155	41496	0	42707
29327	380	172	163	42325	0	43040
29328	323	179	124	43483	0	44109
29329	309	230	42420	1417	0	44376
29330	311	42452	786	873	0	44422
29331	307	795	631	42310	0	44043
29332	288	755	42866	891	0	44800
29333	42273	248	759	799	0	44079
29334	43628	180	670	363	0	44841
29335	1456	202	268	43241	0	45167
29336	43851	196	187	891	0	45125
29337	44190	169	186	853	0	45398
29338	1545	194	43728	309	0	45776
29339	1004	43400	835	248	0	45487
29340	43792	789	680	255	0	45516
29341	1080	682	251	43606	0	45619
29342	44750	206	231	845	0	46032
29343	1104	187	226	44131	0	45648
29344	945	186	202	44436	0	45769
29345	469	222	43435	1444	0	45570
29346	40491	166	790	928	0	42375
29347	985	43729	718	414	0	45846
29348	1273	793	43175	356	0	45597
29349	426	43700	842	375	0	45343
29350	42874	859	688	297	0	44718
29351	1033	717	257	42504	0	44511
29352	42901	245	179	885	0	44210
29353	1033	42455	246	789	0	44523
29354	43598	777	213	349	0	44937
29355	43802	689	154	315	0	44960
29356	44180	215	158	299	0	44852
29357	43694	153	174	276	0	44297
29358	1636	42706	212	251	0	44805
29359	42817	769	133	230	0	43949
29360	1169	650	160	41796	0	43775
29361	1041	408	138	40735	0	42322
29362	519	38958	168	1230	0	40875
29363	465	38735	163	751	0	40114
29364	389	38132	134	282	0	38937
29365	35061	1050	238	263	0	36612
29366	661	32828	131	224	0	33844
29367	457	29247	160	113	0	29977
29368	28036	666	513	197	0	29412
29369	27103	282	88	135	0	27608
29370	644	27223	92	114	0	28073
29371	26930	353	89	120	0	27492
29372	443	309	26045	101	0	26898
29373	25142	102	340	111	0	25695
29374	455	119	25678	115	0	26367
29375	311	23802	271	81	0	24465
29376	155	23762	218	92	0	24227
29377	506	617	237	21969	0	23329
29378	22612	160	98	258	0	23128
29379	22759	70	39	183	0	23051
29380	23102	66	49	87	0	23304
29381	23072	85	39	93	0	23289
29382	22585	67	54	103	0	22809
29383	352	86	21966	99	0	22503
29384	225	95	21230	95	0	21645
29385	21529	84	271	90	0	21974
29386	247	22138	156	74	0	22615
29387	21828	190	65	64	0	22147
29388	22420	160	35	97	0	22712
29389	22940	66	35	80	0	23121
29390	22874	68	30	64	0	23036
29391	22839	71	34	93	0	23037
29392	343	93	22663	54	0	23153
29393	22788	74	156	79	0	23097
29394	23127	66	139	76	0	23408
29395	299	127	22433	73	0	22932
29396	21537	85	163	99	0	21884
29397	22678	113	114	81	0	22986
29398	337	112	23534	68	0	24051
29399	228	108	23428	78	0	23842
29400	158	23856	263	64	0	24341
29401	188	217	144	23672	0	24221
29402	167	175	23926	197	0	24465
29403	23909	68	174	151	0	24302
29404	292	68	146	25267	0	25773
29405	224	96	25782	188	0	26290
29406	25100	69	222	159	0	25550
29407	25937	72	155	65	0	26229
29408	26111	72	57	73	0	26313
29409	373	26637	68	86	0	27164
29410	283	232	34	25802	0	26351
29411	166	26684	73	190	0	27113
29412	26666	210	158	150	0	27184
29413	26614	146	60	69	0	26889
29414	395	118	26544	51	0	27108
29415	233	25665	207	48	0	26153
29416	125	25535	146	34	0	25840
29417	158	260	64	25075	0	25557
29418	111	156	39	25359	0	25665
29419	24930	57	35	253	0	25275
29420	257	25100	52	148	0	25557
29421	222	25051	30	48	0	25351
29422	219	278	24842	29	0	25368
29423	129	25439	171	28	0	25767
29424	24856	184	157	66	0	25263
29425	238	178	24669	41	0	25126
29426	21691	54	177	68	0	21990
29427	200	76	23703	40	0	24019
29428	20299	45	138	68	0	20550
29429	148	23822	120	24	0	24114
29430	24896	132	48	45	0	25121
29431	192	142	25837	19	0	26190
29432	25638	51	208	71	0	25968
29433	26047	29	130	44	0	26250
29434	288	73	26823	18	0	27202
29435	26648	22	165	39	0	26874
29436	27582	24	133	29	0	27768
29437	27080	28	27	35	0	27170
29438	330	26699	43	36	0	27108
29439	27391	170	35	51	0	27647
29440	246	189	27820	101	0	28356
29441	174	28889	212	42	0	29317
29442	29283	209	169	53	0	29714
29443	29093	158	46	41	0	29338
29444	29617	34	21	41	0	29713
29445	403	29468	55	52	0	29978
29446	233	228	22	32985	0	33468
29447	93	220	33187	322	0	33822
29448	75	49	326	33274	0	33724
29449	55	72	34496	375	0	34998
29450	32266	36	377	314	0	32993
29451	385	34680	336	80	0	35481
29452	366	373	58	33810	0	34607
29453	88	35318	59	332	0	35797
29454	98	399	32	35118	0	35647
29455	89	334	28	34760	0	35211
29456	53	35926	77	680	0	36736
29457	79	414	37	36357	0	36887
29458	57	359	48	36816	0	37280
29459	69	37369	74	735	0	38247
29460	69	38167	91	405	0	38732
29461	111	785	43	37755	0	38694
29462	100	438	37877	494	0	38909
29463	84	38339	485	422	0	39330
29464	84	507	391	37892	0	38874
29465	113	454	39528	486	0	40581
29466	73	39720	546	442	0	40781
29467	39436	527	429	122	0	40514
29468	530	505	39359	114	0	40508
29469	39015	111	525	104	0	39755
29470	579	95	430	39078	0	40182
29471	471	103	87	39513	0	40174
29472	164	74	65	39769	0	40072
29473	87	146	39048	948	0	40229
29474	99	125	38905	535	0	39664
29475	36737	96	917	185	0	37935
29476	542	104	489	38775	0	39910
29477	487	132	39181	565	0	40365
29478	38250	104	555	501	0	39410
29479	593	99	462	38980	0	40134
29480	534	117	97	39251	0	39999
29481	142	111	91	39053	0	39397
29482	94	39265	149	966	0	40474
29483	176	579	80	37502	0	38337
29484	111	38842	135	612	0	39700
29485	109	39579	158	502	0	40348
29486	39026	933	88	188	0	40235
29487	37765	521	123	177	0	38586
29488	38879	161	85	191	0	39316
29489	952	37890	135	158	0	39135
29490	38041	544	106	197	0	38888
29491	38162	468	120	175	0	38925
29492	985	152	117	37357	0	38611
29493	564	139	107	37754	0	38564
29494	189	147	37214	992	0	38542
29495	150	37543	608	561	0	38862
29496	36987	562	482	248	0	38279
29497	36774	463	156	195	0	37588
29498	894	36447	183	181	0	37705
29499	36608	535	124	216	0	37483
29500	36341	477	104	216	0	37138
29501	918	195	107	35206	0	36426
29502	541	35449	155	586	0	36731
29503	186	36102	165	544	0	36997
29504	35254	879	112	218	0	36463
29505	611	521	76	34782	0	35990
29506	487	225	34632	618	0	35962
29507	33235	158	531	565	0	34489
29508	623	176	35356	231	0	36386
29509	488	34326	563	228	0	35605
29510	34126	533	468	247	0	35374
29511	594	529	34383	212	0	35718
29512	504	204	537	34596	0	35841
29513	213	196	35801	616	0	36826
29514	175	35604	602	618	0	36999
29515	230	576	481	35368	0	36655
29516	195	547	35460	618	0	36820
29517	33154	175	515	594	0	34438
29518	567	36009	522	235	0	37333
29519	562	571	130	33991	0	35254
29520	211	36418	163	580	0	37372
29521	35626	611	119	522	0	36878
29522	35396	509	106	293	0	36304
29523	873	35585	182	266	0	36906
29524	591	607	134	34363	0	35695
29525	204	35852	140	599	0	36795
29526	35195	555	154	527	0	36431
29527	880	567	34924	225	0	36596
29528	537	252	34896	212	0	35897
29529	218	34386	840	223	0	35667
29530	186	33856	548	152	0	34742
29531	230	803	220	32385	0	33638
29532	32282	441	142	471	0	33336
29533	32409	151	158	467	0	33185
29534	31697	151	106	207	0	32161
29535	827	32372	160	202	0	33561
29536	500	446	123	31044	0	32113
29537	218	32396	161	454	0	33229
29538	32212	447	163	432	0	33254
29539	525	393	130	31668	0	32716
29540	479	162	30799	460	0	31900
29541	157	30257	413	474	0	31301
29542	29317	391	377	168	0	30253
29543	469	384	29355	137	0	30345
29544	28381	135	396	180	0	29092
29545	433	28874	344	173	0	29824
29546	270	25660	88	70	0	26088
29547	24780	382	108	76	0	25346
29548	239	25456	71	91	0	25857
29549	24307	210	90	76	0	24683
29550	219	24552	74	54	0	24899
29551	24513	211	114	62	0	24900
29552	24345	195	78	48	0	24666
29553	362	96	24725	48	0	25231
29554	196	83	24182	46	0	24507
29555	82	24302	286	51	0	24721
29556	23517	175	270	52	0	24014
29557	157	167	23245	42	0	23611
29558	21763	105	166	43	0	22077
29559	128	120	133	21814	0	22195
29560	117	57	22402	99	0	22675
29561	48	54	21848	83	0	22033
29562	54	50	22700	36	0	22840
29563	43	22574	148	18	0	22783
29564	200	345	213	21404	0	22162
29565	20987	48	20	70	0	21125
29566	41	15	6	21351	0	21413
29567	21535	5	12	53	0	21605
29568	46	5	9	21568	0	21628
29569	21737	2	16	74	0	21829
29570	21703	17	25	75	0	21820
29571	24127	7	13	21	0	24168
29572	128	24690	21	24	0	24863
29573	102	125	24929	13	0	25169
29574	23	92	90	24806	0	25011
29575	163	237	214	15013	0	15627
29576	28	14	11	25829	0	25882
29577	27	12	13	25489	0	25541
29578	25	24944	24	235	0	25228
29579	19	149	24742	147	0	25057
29580	20	25411	144	26	0	25601
29581	38	153	119	23612	0	23922
29582	31	133	15	25275	0	25454
29583	21	19	24	25481	0	25545
29584	21	30	12	25242	0	25305
29585	25	24877	18	252	0	25172
29586	19	24998	33	143	0	25193
29587	23	267	24727	36	0	25053
29588	25	136	144	24920	0	25225
29589	24	35	133	25347	0	25539
29590	20	28	19	25763	0	25830
29591	25751	30	18	303	0	26102
29592	151	26002	29	183	0	26365
29593	160	184	25980	47	0	26371
29594	25700	146	151	47	0	26044
29595	161	24	141	26217	0	26543
29596	26868	36	18	187	0	27109
29597	168	25	25	26978	0	27196
29598	27132	28	29	182	0	27371
29599	169	27	25	27039	0	27260
29600	26721	28	26	195	0	26970
29601	176	52	27623	176	0	28027
29602	182	38	155	27013	0	27388
29603	53	27925	162	169	0	28309
29604	51	165	27	28162	0	28405
29605	27912	166	24	184	0	28286
29606	170	28293	59	196	0	28718
29607	185	188	21	29078	0	29472
29608	41	29077	45	215	0	29378
29609	46	210	21	29232	0	29509
29610	54	188	22	29288	0	29552
29611	60	72	28771	386	0	29289
29612	63	35	213	28183	0	28494
29613	39	58	27760	276	0	28133
29614	24	27400	244	226	0	27894
29615	27149	200	191	83	0	27623
29616	221	219	27346	67	0	27853
29617	26760	50	213	79	0	27102
29618	28131	33	196	95	0	28455
29619	393	41	41	28478	0	28953
29620	195	50	29726	274	0	30245
29621	28679	32	257	260	0	29228
29622	31166	28	225	108	0	31527
29623	477	24	50	30767	0	31318
29624	257	49	40	30905	0	31251
29625	75	31240	68	501	0	31884
29626	86	284	40	30735	0	31145
29627	45	31500	55	307	0	31907
29628	68	310	31044	284	0	31706
29629	59	264	248	30596	0	31167
29630	30207	53	240	324	0	30824
29631	30570	44	44	294	0	30952
29632	447	30660	55	88	0	31250
29633	254	258	34	30735	0	31281
29634	31014	220	29	328	0	31591
29635	271	30237	49	288	0	30845
29636	30579	268	23	128	0	30998
29637	304	244	24	31470	0	32042
29638	32921	67	39	321	0	33348
29639	335	76	35876	331	0	36618
29640	292	36256	401	103	0	37052
29641	36028	380	327	103	0	36838
29642	379	37876	92	95	0	38442
29643	38421	393	35	99	0	38948
29644	38970	329	33	118	0	39450
29645	749	94	39403	71	0	40317
29646	408	53	406	38809	0	39676
29647	39918	49	342	455	0	40764
29648	443	88	39880	404	0	40815
29649	39826	42	434	111	0	40413
29650	470	62	360	39955	0	40847
29651	398	79	39652	476	0	40605
29652	105	42	425	39429	0	40001
29653	38669	46	372	501	0	39588
29654	742	74	39158	413	0	40387
29655	404	71	420	39504	0	40399
29656	115	49	361	39911	0	40436
29657	39959	31	71	796	0	40857
29658	39604	38	62	465	0	40169
29659	772	40175	86	205	0	41238
29660	458	421	53	39710	0	40642
29661	135	389	64	39856	0	40444
29662	144	94	53	39545	0	39836
29663	38927	47	81	809	0	39864
29664	39208	81	60	443	0	39792
29665	856	70	65	38219	0	39210
29666	468	38405	78	489	0	39440
29667	198	506	77	36186	0	36967
29668	179	38632	88	458	0	39357
29669	37813	450	78	404	0	38745
29670	513	37584	119	160	0	38376
29671	35474	406	93	125	0	36098
29672	507	383	94	34678	0	35662
29673	34656	73	89	415	0	35233
29674	500	93	34578	398	0	35569
29675	424	35027	439	167	0	36057
29676	34431	396	451	174	0	35452
29677	34638	303	106	151	0	35198
29678	701	84	94	33400	0	34279
29679	399	33991	125	458	0	34973
29680	189	349	85	34952	0	35575
29681	181	283	83	34867	0	35414
29682	179	76	90	34853	0	35198
29683	34608	80	76	747	0	35511
29684	34906	71	77	477	0	35531
29685	734	78	62	33149	0	34023
29686	454	34517	89	466	0	35526
29687	34744	361	68	423	0	35596
29688	508	366	34565	226	0	35665
29689	464	122	357	34813	0	35756
29690	218	143	35097	485	0	35943
29691	219	97	386	34640	0	35342
29692	191	162	34851	519	0	35723
29693	215	111	389	34350	0	35065
29694	34474	125	315	518	0	35432
29695	34326	128	106	447	0	35007
29696	754	33738	133	218	0	34843
29697	34618	426	79	202	0	35325
29698	578	357	87	34322	0	35344
29699	483	167	86	34349	0	35085
29700	34697	130	149	728	0	35704
29701	564	157	34325	462	0	35508
29702	531	151	34591	225	0	35498
29703	273	194	34477	220	0	35164
29704	33140	129	616	258	0	34143
29705	550	126	35169	266	0	36111
29706	504	139	33981	259	0	34883
29707	32455	138	613	252	0	33458
29708	498	34421	392	285	0	35596
29709	475	368	118	34818	0	35779
29710	285	345	100	35196	0	35926
29711	247	166	35526	716	0	36655
29712	34966	102	446	499	0	36013
29713	35700	102	345	307	0	36454
29714	34013	96	182	288	0	34579
29715	703	150	35635	280	0	36768
29716	34594	103	400	300	0	35397
29717	537	161	34183	275	0	35156
29718	472	34326	371	292	0	35461
29719	268	34435	351	277	0	35331
29720	32715	533	150	265	0	33663
29721	454	32362	225	244	0	33285
29722	385	32319	133	249	0	33086
29723	31793	474	119	278	0	32664
29724	414	32176	137	248	0	32975
29725	32010	320	111	217	0	32658
29726	471	280	136	31707	0	32594
29727	396	128	123	32052	0	32699
29728	257	765	120	32213	0	33355
29729	229	125	142	31863	0	32359
29730	205	32347	199	592	0	33343
29731	32478	314	156	387	0	33335
29732	433	34832	187	185	0	35637
29733	475	35035	206	304	0	36020
29734	337	655	36464	193	0	37649
29735	34661	333	572	220	0	35786
29736	627	156	38211	152	0	39146
29737	544	166	39256	180	0	40146
29738	222	38862	752	179	0	40015
29739	102	38409	345	108	0	38964
29740	37274	725	340	105	0	38444
29741	456	39724	176	106	0	40462
29742	388	507	40565	103	0	41563
29743	112	37001	561	93	0	37767
29744	73	493	39793	69	0	40428
29745	79	377	38441	27	0	38924
29746	36629	95	819	60	0	37603
29747	484	82	38264	57	0	38887
29748	389	53	522	35958	0	36922
29749	36068	43	346	442	0	36899
29750	410	36025	170	401	0	37006
29751	318	475	37124	81	0	37998
29752	36621	298	483	77	0	37479
29753	506	81	356	33873	0	34816
29754	329	33784	151	426	0	34690
29755	100	440	36411	323	0	37274
29756	35365	285	484	92	0	36226
29757	493	102	36613	55	0	37263
29758	389	46	510	35454	0	36399
29759	102	72	36281	482	0	36937
29760	78	59	519	35839	0	36495
29761	35200	32	351	513	0	36096
29762	470	35990	135	372	0	36967
29763	36466	450	88	97	0	37101
29764	532	342	36398	69	0	37341
29765	391	76	492	35626	0	36585
29766	108	87	37262	476	0	37933
29767	36587	52	552	351	0	37542
29768	37032	47	364	88	0	37531
29769	767	37184	160	359	0	38470
29770	37985	491	85	69	0	38630
29771	37958	338	80	64	0	38440
29772	843	93	61	37052	0	38049
29773	445	88	37545	489	0	38567
29774	118	36079	561	379	0	37137
29775	126	485	362	35528	0	36501
29776	36177	342	106	499	0	37124
29777	515	117	36605	343	0	37580
29778	397	82	36729	87	0	37295
29779	114	87	36281	60	0	36542
29780	34930	57	881	64	0	35932
29781	540	95	35967	48	0	36650
29782	34985	52	600	65	0	35702
29783	567	86	33427	52	0	34132
29784	378	35051	573	88	0	36090
29785	154	518	375	34533	0	35580
29786	113	393	34921	500	0	35927
29787	92	34363	597	362	0	35414
29788	79	34919	441	91	0	35530
29789	147	803	147	34143	0	35240
29790	34082	417	90	507	0	35096
29791	528	139	101	34309	0	35077
29792	33817	102	107	542	0	34568
29793	587	93	106	33841	0	34627
29794	407	144	33569	554	0	34674
29795	137	121	33814	377	0	34449
29796	32603	68	874	143	0	33688
29797	32978	84	487	93	0	33642
29798	848	124	32446	80	0	33498
29799	31492	94	573	84	0	32243
29800	624	126	32122	85	0	32957
29801	454	30731	683	88	0	31956
29802	187	30722	525	67	0	31501
29803	170	30537	269	64	0	31040
29804	169	873	193	29447	0	30682
29805	29373	448	172	494	0	30487
29806	29574	184	181	384	0	30323
29807	889	149	143	29099	0	30280
29808	494	156	27755	505	0	28910
29809	223	144	603	27533	0	28503
29810	172	136	27439	555	0	28302
29811	203	108	673	26780	0	27764
29812	26512	60	531	583	0	27686
29813	26828	71	251	423	0	27573
29814	27046	65	191	178	0	27480
29815	26961	86	208	126	0	27381
29816	967	89	183	25975	0	27214
29817	558	80	181	26410	0	27229
29818	26070	94	164	841	0	27169
29819	26477	88	148	462	0	27175
29820	951	87	136	25924	0	27098
29821	565	86	138	26257	0	27046
29822	273	91	129	25929	0	26422
29823	239	72	151	25980	0	26442
29824	25146	59	172	910	0	26287
29825	610	100	24716	491	0	25917
29826	479	61	573	24080	0	25193
29827	23998	61	434	577	0	25070
29828	645	104	23732	452	0	24933
29829	529	80	565	23650	0	24824
29830	251	100	23867	567	0	24785
29831	194	22725	647	407	0	23973
29832	309	771	440	19786	0	21306
29833	18758	276	198	457	0	19689
29834	461	385	153	16812	0	17811
29835	349	16651	118	395	0	17513
29836	201	15541	107	256	0	16105
29837	139	12180	80	79	0	12478
29838	129	11165	110	90	0	11494
29839	5673	819	656	611	0	7759
29840	284	274	118	4040	0	4716
29841	39	8	3194	60	0	3301
29842	25	6	45	2950	0	3026
29843	30	6	2918	50	0	3004
29844	2863	7	42	36	0	2948
29845	69	2	27	2850	0	2948
29846	52	5	11	2872	0	2940
29847	22	3	7	2892	0	2924
29848	23	5	11	2884	0	2923
29849	2823	8	5	81	0	2917
29850	2847	13	6	45	0	2911
29851	72	7	6	2805	0	2890
29852	2728	5	7	62	0	2802
29853	45	6	2690	55	0	2796
29854	37	2610	43	33	0	2723
29855	29	32	32	2619	0	2712
29856	22	29	23	2551	0	2625
29857	20	2563	15	74	0	2672
29858	23	33	13	2523	0	2592
29859	13	91	20	2447	0	2571
29860	2452	8	24	79	0	2563
29861	39	4	2390	43	0	2476
29862	37	12	2192	16	0	2257
29863	2107	8	52	20	0	2187
29864	50	11	1988	18	0	2067
29865	1143	15	64	7	0	1229
29866	962	1	33	6	0	1002
29867	35	27	10	783	0	855
29868	6	1	589	12	0	608
29869	439	3	16	6	0	464
29870	8	430	4	6	0	448
29871	246	34	40	15	0	335
29872	157	13	15	19	0	204
29873	56	1	4	1	0	62
29874	15	0	2	0	0	17
29875	14	0	1	1	0	16
29876	16	0	0	0	0	16
29877	13	0	1	1	0	15
29878	15	0	0	1	0	16
29879	15	1	1	0	0	17
29880	11	0	0	1	0	12
29881	13	0	1	1	0	15
29882	14	0	0	1	0	15
29883	12	1	0	1	0	14
29884	14	0	0	1	0	15
29885	15	0	0	0	0	15
29886	13	0	1	0	0	14
29887	10	0	0	0	0	10
29888	11	0	0	0	0	11
29889	11	0	1	0	0	12
29890	11	0	0	1	0	12
29891	11	0	1	0	0	12
29892	10	1	0	0	0	11
29893	9	0	0	0	0	9
29894	9	0	0	0	0	9
29895	9	0	0	0	0	9
29896	10	0	0	0	0	10
29897	10	0	0	0	0	10
29898	9	0	0	0	0	9
29899	9	0	0	0	0	9
29900	6	0	0	0	0	6
29901	2	0	0	0	0	2
29902	2	0	0	0	0	2
29903	1	0	0	0	0	1
